{"total energy": -42.3936876, "HOMO-LUMO gap/eV": 4.19866584, "electronic energy": -42.90448849, "dipole": [-0.73140496, -0.43679605, 0.0875229], "partial charges": [-0.10199575, -0.05349037, -0.06415699, -0.00182559, -0.11828444, 0.01061078, -0.10694862, 0.29325805, -0.44642742, -0.17897079, 0.00757068, -0.05163669, -0.10162451, 0.03597396, 0.03748402, 0.03489711, 0.03072341, 0.03529378, 0.04668333, 0.03788965, 0.05757648, 0.05052844, 0.04296941, 0.06358801, 0.04390233, 0.0372877, 0.05254627, 0.05608415, 0.05247969, 0.0380658, 0.04210492, 0.03585316, 0.04450073, 0.03748928], "atomic dipole moments": [[0.04516784, 0.03719843, 0.09195357], [0.02088269, 0.06002134, -0.09871979], [-0.00312128, -0.03747458, 0.12150336], [0.05645219, 0.10109327, -0.10377565], [-0.04490773, 0.00457723, 0.01131076], [0.08288115, -0.12700586, 0.07948169], [-0.00742269, -0.0423849, -0.11500413], [0.01058896, -0.04627816, -0.00427919], [-0.09953835, -0.15545591, 0.02085396], [0.23656821, 0.47683066, -0.05031954], [-0.09812915, -0.11319175, 0.02390724], [-0.09434557, 0.04422171, -0.05932459], [0.0259932, 0.06049536, 0.09295698], [-0.0679498, -0.10256268, 0.02368652], [0.08753844, -0.03113485, -0.08625951], [-0.07708738, 0.08559945, -0.05101345], [-0.09018488, 0.02131309, 0.08089881], [0.06882543, -0.0920572, 0.04808853], [0.08791324, -0.02401226, -0.08977143], [-0.07008505, 0.08741129, -0.05322287], [0.06653155, -0.09281397, 0.05919114], [-0.08793716, 0.02676587, 0.08452197], [-0.11731314, -0.00992684, -0.03837754], [0.05319065, 0.08670391, -0.07848448], [-0.05905808, 0.11228174, 0.00747423], [-0.05413738, -0.07630418, 0.08319338], [0.12248121, 0.01759246, 0.04293835], [-0.00283234, 0.07682218, -0.10567043], [0.04698533, 0.0688439, 0.09751645], [0.11545325, 0.03980787, -0.01238558], [0.00508099, -0.07760658, 0.09998487], [0.08800339, -0.08684209, -0.01793664], [-0.11151929, -0.06375541, 0.00701702], [-0.00160808, 0.0722715, -0.10415948]], "atomic quadrupole moments": [[-0.06195013, 0.06107649, -0.0742912, 0.12890319, 0.09910653, 0.13624132], [-0.07378583, 0.20572423, 0.03554239, 0.08591816, 0.04272898, 0.03824345], [-0.08176093, 0.21075477, 0.03255843, 0.10482186, 0.049175, 0.0492025], [-0.04567874, 0.23581207, 0.09115273, 0.04730544, 0.01168668, -0.04547399], [-0.04889933, 0.01264724, 0.09553988, 0.00059717, 0.00358461, -0.04664055], [-0.11593495, -0.19146808, 0.12973979, -0.00906579, 0.11488912, -0.01380485], [-0.14018815, -0.00768391, -0.06289306, 0.0013006, 0.12371429, 0.20308121], [-0.25838737, -0.09973066, -0.11411928, 0.14154469, 0.00817854, 0.37250665], [-0.06669181, -0.01043388, -0.05662931, 0.04579455, 0.00033023, 0.12332112], [0.28939087, -0.07250096, 0.21687534, -0.19986828, 0.01336092, -0.50626622], [0.31803768, 0.03216431, -0.02783564, -0.15092731, 0.00122554, -0.29020204], [-0.05118023, -0.12382735, 0.06237609, 0.03001907, 0.17473212, -0.01119585], [-0.10272071, 0.02526415, -0.01928244, 0.06806576, 0.1595205, 0.12200315], [-0.01450707, 0.05942554, 0.0366013, -0.01017663, -0.0242653, -0.02209423], [0.03566171, -0.01767392, -0.0463811, -0.04948646, 0.01941101, 0.01071938], [-0.0083075, -0.0552944, 0.02887444, 0.02888159, -0.02201049, -0.02056695], [0.0202326, -0.01237842, -0.02084006, -0.0378201, 0.02426458, 0.00060747], [0.00891781, -0.03352466, 0.01632065, 0.02475561, -0.01342112, -0.02523846], [0.02771217, -0.01503643, -0.02086346, -0.03583644, 0.01630461, -0.00684871], [0.00674506, -0.03915031, 0.01999365, 0.0182598, -0.01526402, -0.02673871], [0.01481459, -0.02782156, 0.01607479, 0.02035114, -0.00600694, -0.03088938], [0.02129731, -0.01287254, -0.00849341, -0.03268077, 0.02222206, -0.0128039], [0.04640192, 0.01342639, -0.01333743, 0.01120655, 0.01678646, -0.03306449], [-0.01160158, 0.01910633, 0.01241569, -0.03183505, -0.01185379, -0.00081411], [-0.02088936, -0.05859006, 0.05385582, 0.00318874, 0.00051915, -0.03296646], [-0.02017915, 0.04806151, 0.01581702, -0.02891745, -0.04394323, 0.00436213], [0.07208142, 0.01133633, -0.04863534, 0.01732207, 0.00407296, -0.02344609], [0.00184647, -0.00242167, -0.0233119, -0.00031485, -0.03844875, 0.02146543], [0.00793735, 0.01603902, -0.02285737, 0.00734182, 0.03761975, 0.01492002], [0.03663712, 0.03639141, -0.00768414, -0.02043524, 0.01335359, -0.02895298], [-0.03779286, 0.00354013, 0.01073903, -0.01458804, -0.0311825, 0.02705382], [0.02577877, -0.06298542, 0.01211377, 0.00162232, 0.01730463, -0.03789254], [0.05430151, 0.0458764, -0.02965673, -0.02056235, -0.00187064, -0.02464477], [-0.05003631, 0.00480333, 0.01977216, 0.00675465, -0.05567574, 0.03026415]], "number of molecular orbitals": 78, "number of electrons": 78, "number of unpaired electrons": 0, "orbital energies/eV": [-19.51174158, -18.85986398, -17.9381214, -17.38688878, -17.17987036, -17.01698145, -16.8799461, -16.23168405, -16.13683748, -16.10095616, -15.44354051, -15.30480272, -15.20641019, -14.94476299, -14.77924262, -14.49072388, -14.18927188, -14.07610405, -13.94568249, -13.74699398, -13.64826866, -13.43081209, -13.30535949, -13.21903597, -13.20226669, -12.99641295, -12.64273988, -12.61825809, -12.41367744, -12.26966191, -12.23190721, -12.12367386, -12.0719514, -12.00864929, -11.74276654, -11.72798319, -10.80092706, -10.61990658, -10.10591954, -5.9072537, -5.32918118, -3.73963333, -0.8985498, -0.0812756, 0.0343589, 1.08909656, 1.99290244, 2.42753182, 2.48080093, 2.65220312, 3.20807434, 3.31232151, 3.38895908, 3.64596735, 3.80667972, 3.912075, 3.98674078, 4.17444531, 4.25855214, 4.59313571, 4.78644618, 4.84966816, 4.9689195, 5.11295432, 5.50338028, 5.80262946, 6.24275521, 6.50223156, 6.64381828, 6.75037206, 6.87245312, 6.99857997, 7.21988451, 7.67913756, 7.919884, 9.51044672, 13.3819505, 16.1785087], "fractional occupation": [2.0, 2.0, 2.0, 2.0, 2.0, 2.0, 2.0, 2.0, 2.0, 2.0, 2.0, 2.0, 2.0, 2.0, 2.0, 2.0, 2.0, 2.0, 2.0, 2.0, 2.0, 2.0, 2.0, 2.0, 2.0, 2.0, 2.0, 2.0, 2.0, 2.0, 2.0, 2.0, 2.0, 2.0, 2.0, 2.0, 2.0, 2.0, 2.0, 0.0, 0.0, 0.0, 0.0, 0.0, 0.0, 0.0, 0.0, 0.0, 0.0, 0.0, 0.0, 0.0, 0.0, 0.0, 0.0, 0.0, 0.0, 0.0, 0.0, 0.0, 0.0, 0.0, 0.0, 0.0, 0.0, 0.0, 0.0, 0.0, 0.0, 0.0, 0.0, 0.0, 0.0, 0.0, 0.0, 0.0, 0.0, 0.0], "program call": "xtb /home/svss/Project-DBcg-Debug/aqme2_20220329/End-to-End-workflows-final/example-3/QDESCP/mol_575_rdkit_conf_4/mol_575_rdkit_conf_4.xyz --pop --wbo --acc 0.2 --gfn 2 --chrg 0 --uhf 0 --etemp 300 --input /home/svss/Project-DBcg-Debug/aqme2_20220329/End-to-End-workflows-final/example-3/QDESCP/mol_575_rdkit_conf_4/mol_575_rdkit_conf_4_xtb.inp", "method": "GFN2-xTB", "xtb version": "6.3.3 (7355c4f)", "Dipole module/D": 2.177, "Total charge": 0, "Transition dipole module/D": NaN, "HOMO": -10.1059, "LUMO": -5.9073, "HOMO occupancy": 2.0, "LUMO occupancy": 0, "mulliken charges": [-0.08236, -0.03985, -0.05886, 0.08847, -0.29581, 0.10338, -0.09409, 0.49731, -0.56173, -0.12907, 0.03201, -0.04185, -0.08443, 0.03102, 0.02999, 0.02888, 0.02254, 0.02456, 0.03214, 0.02973, 0.03249, 0.03142, 0.02141, 0.052, 0.03168, 0.02594, 0.04842, 0.04138, 0.0415, 0.02923, 0.02687, 0.02863, 0.02813, 0.02893], "cm5 charges": [-0.2327, -0.15214, -0.16372, 0.03919, -0.5494, 0.05359, -0.23838, 0.60623, -0.60909, -0.16303, -0.05861, -0.15152, -0.23384, 0.08181, 0.0813, 0.08018, 0.07732, 0.07938, 0.09048, 0.08733, 0.09951, 0.09718, 0.08653, 0.121, 0.08292, 0.07944, 0.1031, 0.10038, 0.10009, 0.08354, 0.0818, 0.07941, 0.08034, 0.08037], "FUKUI+": [0.008, 0.003, 0.004, 0.018, -0.06, 0.021, 0.015, -0.041, -0.144, -0.382, 0.026, 0.016, 0.019, -0.019, -0.005, -0.012, -0.016, -0.004, 0.005, -0.02, -0.008, -0.046, -0.042, -0.022, -0.036, -0.02, -0.007, -0.063, -0.059, -0.047, -0.025, -0.037, -0.002, -0.019], "FUKUI-": [0.009, 0.004, -0.001, 0.019, -0.088, 0.014, 0.006, 0.027, -0.07, -0.304, 0.037, 0.011, 0.012, -0.042, -0.025, -0.031, -0.033, -0.026, -0.015, -0.028, -0.025, -0.047, -0.042, -0.038, -0.042, -0.025, -0.021, -0.054, -0.058, -0.042, -0.022, -0.033, -0.01, -0.018], "FUKUIrad": [0.009, 0.004, 0.001, 0.018, -0.074, 0.017, 0.011, -0.007, -0.107, -0.343, 0.032, 0.014, 0.016, -0.031, -0.015, -0.021, -0.024, -0.015, -0.005, -0.024, -0.017, -0.046, -0.042, -0.03, -0.039, -0.023, -0.014, -0.058, -0.059, -0.045, -0.023, -0.035, -0.006, -0.019], "s proportion": [1.008, 1.027, 1.036, 1.011, 1.445, 1.004, 1.011, 0.995, 1.73, 1.925, 1.037, 1.029, 1.007, 0.969, 0.97, 0.971, 0.977, 0.975, 0.968, 0.97, 0.968, 0.969, 0.979, 0.948, 0.968, 0.974, 0.952, 0.959, 0.958, 0.971, 0.973, 0.971, 0.972, 0.971], "p proportion": [3.075, 3.013, 3.023, 2.901, 3.85, 2.893, 3.083, 2.507, 4.832, 4.204, 2.931, 3.013, 3.077, 0.0, 0.0, 0.0, 0.0, 0.0, 0.0, 0.0, 0.0, 0.0, 0.0, 0.0, 0.0, 0.0, 0.0, 0.0, 0.0, 0.0, 0.0, 0.0, 0.0, 0.0], "d proportion": [0.0, 0.0, 0.0, 0.0, 0.0, 0.0, 0.0, 0.0, 0.0, 0.0, 0.0, 0.0, 0.0, 0.0, 0.0, 0.0, 0.0, 0.0, 0.0, 0.0, 0.0, 0.0, 0.0, 0.0, 0.0, 0.0, 0.0, 0.0, 0.0, 0.0, 0.0, 0.0, 0.0, 0.0], "Fermi-level/eV": -8.0066, "Coordination numbers": [3.75, 3.8, 3.801, 3.738, 2.762, 3.744, 3.749, 2.749, 0.879, 2.029, 3.793, 3.825, 3.749, 0.924, 0.924, 0.924, 0.924, 0.924, 0.924, 0.924, 0.924, 0.924, 0.924, 0.924, 0.924, 0.924, 0.924, 0.924, 0.924, 0.924, 0.924, 0.924, 0.924, 0.924], "Dispersion coefficient C6": [22.512, 21.535, 21.731, 20.693, 23.572, 20.468, 22.609, 22.026, 22.62, 148.638, 20.458, 21.48, 22.507, 2.503, 2.483, 2.518, 2.576, 2.513, 2.362, 2.477, 2.228, 2.313, 2.41, 2.158, 2.398, 2.485, 2.288, 2.246, 2.289, 2.475, 2.421, 2.505, 2.39, 2.483], "Total dispersion C6": 10118.218663, "Total dispersion C8": 241420.299724, "Polarizability alpha": [6.767, 6.607, 6.637, 6.491, 7.211, 6.454, 6.782, 7.685, 6.377, 20.52, 6.441, 6.595, 6.766, 2.474, 2.464, 2.482, 2.51, 2.479, 2.403, 2.461, 2.334, 2.379, 2.428, 2.297, 2.421, 2.465, 2.366, 2.343, 2.366, 2.46, 2.433, 2.475, 2.418, 2.464], "Total polarizability alpha": 152.255778, "Wiberg matrix": [[0.0, 1.0202108031281727, 0.0, 0.0, 0.0, 0.0, 0.0, 0.0, 0.0, 0.0, 0.0, 0.0, 0.0, 0.9868885776791266, 0.9873484732309986, 0.9875129529005279, 0.0, 0.0, 0.0, 0.0, 0.0, 0.0, 0.0, 0.0, 0.0, 0.0, 0.0, 0.0, 0.0, 0.0, 0.0, 0.0, 0.0, 0.0], [1.0202108031281727, 0.0, 1.0059148782171958, 0.0, 0.0, 0.0, 0.0, 0.0, 0.0, 0.0, 0.0, 0.0, 0.0, 0.0, 0.0, 0.0, 0.9777840215010453, 0.9774953303402247, 0.0, 0.0, 0.0, 0.0, 0.0, 0.0, 0.0, 0.0, 0.0, 0.0, 0.0, 0.0, 0.0, 0.0, 0.0, 0.0], [0.0, 1.0059148782171958, 0.0, 0.9965357931473787, 0.0, 0.0, 0.0, 0.0, 0.0, 0.0, 0.0, 0.0, 0.0, 0.0, 0.0, 0.0, 0.0, 0.0, 0.9750941631626526, 0.9750846823603869, 0.0, 0.0, 0.0, 0.0, 0.0, 0.0, 0.0, 0.0, 0.0, 0.0, 0.0, 0.0, 0.0, 0.0], [0.0, 0.0, 0.9965357931473787, 0.0, 0.9848722081712105, 0.0, 0.0, 0.0, 0.0, 0.0, 0.0, 0.0, 0.0, 0.0, 0.0, 0.0, 0.0, 0.0, 0.0, 0.0, 0.9642644709035504, 0.9684445734178425, 0.0, 0.0, 0.0, 0.0, 0.0, 0.0, 0.0, 0.0, 0.0, 0.0, 0.0, 0.0], [0.0, 0.0, 0.0, 0.9848722081712105, 0.0, 0.9801968096888005, 0.0, 1.212004523710099, 0.17033357549754038, 0.0, 0.0, 0.0, 0.0, 0.0, 0.0, 0.0, 0.0, 0.0, 0.0, 0.0, 0.0, 0.0, 0.0, 0.0, 0.0, 0.0, 0.0, 0.0, 0.0, 0.0, 0.0, 0.0, 0.0, 0.0], [0.0, 0.0, 0.0, 0.0, 0.9801968096888005, 0.0, 1.0111626583450608, 0.0, 0.0, 0.0, 0.0, 0.0, 0.0, 0.0, 0.0, 0.0, 0.0, 0.0, 0.0, 0.0, 0.0, 0.0, 0.9705831475095332, 0.9686147044898346, 0.0, 0.0, 0.0, 0.0, 0.0, 0.0, 0.0, 0.0, 0.0, 0.0], [0.0, 0.0, 0.0, 0.0, 0.0, 1.0111626583450608, 0.0, 0.0, 0.0, 0.0, 0.0, 0.0, 0.0, 0.0, 0.0, 0.0, 0.0, 0.0, 0.0, 0.0, 0.0, 0.0, 0.0, 0.0, 0.9839201452732304, 0.9860039533806002, 0.9857841235524653, 0.0, 0.0, 0.0, 0.0, 0.0, 0.0, 0.0], [0.0, 0.0, 0.0, 0.0, 1.212004523710099, 0.0, 0.0, 0.0, 1.656490098697455, 1.0234382194710328, 0.0, 0.0, 0.0, 0.0, 0.0, 0.0, 0.0, 0.0, 0.0, 0.0, 0.0, 0.0, 0.0, 0.0, 0.0, 0.0, 0.0, 0.0, 0.0, 0.0, 0.0, 0.0, 0.0, 0.0], [0.0, 0.0, 0.0, 0.0, 0.17033357549754038, 0.0, 0.0, 1.656490098697455, 0.0, 0.16132712054189013, 0.0, 0.0, 0.0, 0.0, 0.0, 0.0, 0.0, 0.0, 0.0, 0.0, 0.0, 0.0, 0.0, 0.0, 0.0, 0.0, 0.0, 0.0, 0.0, 0.0, 0.0, 0.0, 0.0, 0.0], [0.0, 0.0, 0.0, 0.0, 0.0, 0.0, 0.0, 1.0234382194710328, 0.16132712054189013, 0.0, 0.9801790912987929, 0.0, 0.0, 0.0, 0.0, 0.0, 0.0, 0.0, 0.0, 0.0, 0.0, 0.0, 0.0, 0.0, 0.0, 0.0, 0.0, 0.0, 0.0, 0.0, 0.0, 0.0, 0.0, 0.0], [0.0, 0.0, 0.0, 0.0, 0.0, 0.0, 0.0, 0.0, 0.0, 0.9801790912987929, 0.0, 1.0112294013307586, 0.0, 0.0, 0.0, 0.0, 0.0, 0.0, 0.0, 0.0, 0.0, 0.0, 0.0, 0.0, 0.0, 0.0, 0.0, 0.9723271523421808, 0.9732270364910601, 0.0, 0.0, 0.0, 0.0, 0.0], [0.0, 0.0, 0.0, 0.0, 0.0, 0.0, 0.0, 0.0, 0.0, 0.0, 1.0112294013307586, 0.0, 1.0212491584377008, 0.0, 0.0, 0.0, 0.0, 0.0, 0.0, 0.0, 0.0, 0.0, 0.0, 0.0, 0.0, 0.0, 0.0, 0.0, 0.0, 0.9710905379604469, 0.9766435311589616, 0.0, 0.0, 0.0], [0.0, 0.0, 0.0, 0.0, 0.0, 0.0, 0.0, 0.0, 0.0, 0.0, 0.0, 1.0212491584377008, 0.0, 0.0, 0.0, 0.0, 0.0, 0.0, 0.0, 0.0, 0.0, 0.0, 0.0, 0.0, 0.0, 0.0, 0.0, 0.0, 0.0, 0.0, 0.0, 0.9865791134789477, 0.9859196900940081, 0.987018297422286], [0.9868885776791266, 0.0, 0.0, 0.0, 0.0, 0.0, 0.0, 0.0, 0.0, 0.0, 0.0, 0.0, 0.0, 0.0, 0.0, 0.0, 0.0, 0.0, 0.0, 0.0, 0.0, 0.0, 0.0, 0.0, 0.0, 0.0, 0.0, 0.0, 0.0, 0.0, 0.0, 0.0, 0.0, 0.0], [0.9873484732309986, 0.0, 0.0, 0.0, 0.0, 0.0, 0.0, 0.0, 0.0, 0.0, 0.0, 0.0, 0.0, 0.0, 0.0, 0.0, 0.0, 0.0, 0.0, 0.0, 0.0, 0.0, 0.0, 0.0, 0.0, 0.0, 0.0, 0.0, 0.0, 0.0, 0.0, 0.0, 0.0, 0.0], [0.9875129529005279, 0.0, 0.0, 0.0, 0.0, 0.0, 0.0, 0.0, 0.0, 0.0, 0.0, 0.0, 0.0, 0.0, 0.0, 0.0, 0.0, 0.0, 0.0, 0.0, 0.0, 0.0, 0.0, 0.0, 0.0, 0.0, 0.0, 0.0, 0.0, 0.0, 0.0, 0.0, 0.0, 0.0], [0.0, 0.9777840215010453, 0.0, 0.0, 0.0, 0.0, 0.0, 0.0, 0.0, 0.0, 0.0, 0.0, 0.0, 0.0, 0.0, 0.0, 0.0, 0.0, 0.0, 0.0, 0.0, 0.0, 0.0, 0.0, 0.0, 0.0, 0.0, 0.0, 0.0, 0.0, 0.0, 0.0, 0.0, 0.0], [0.0, 0.9774953303402247, 0.0, 0.0, 0.0, 0.0, 0.0, 0.0, 0.0, 0.0, 0.0, 0.0, 0.0, 0.0, 0.0, 0.0, 0.0, 0.0, 0.0, 0.0, 0.0, 0.0, 0.0, 0.0, 0.0, 0.0, 0.0, 0.0, 0.0, 0.0, 0.0, 0.0, 0.0, 0.0], [0.0, 0.0, 0.9750941631626526, 0.0, 0.0, 0.0, 0.0, 0.0, 0.0, 0.0, 0.0, 0.0, 0.0, 0.0, 0.0, 0.0, 0.0, 0.0, 0.0, 0.0, 0.0, 0.0, 0.0, 0.0, 0.0, 0.0, 0.0, 0.0, 0.0, 0.0, 0.0, 0.0, 0.0, 0.0], [0.0, 0.0, 0.9750846823603869, 0.0, 0.0, 0.0, 0.0, 0.0, 0.0, 0.0, 0.0, 0.0, 0.0, 0.0, 0.0, 0.0, 0.0, 0.0, 0.0, 0.0, 0.0, 0.0, 0.0, 0.0, 0.0, 0.0, 0.0, 0.0, 0.0, 0.0, 0.0, 0.0, 0.0, 0.0], [0.0, 0.0, 0.0, 0.9642644709035504, 0.0, 0.0, 0.0, 0.0, 0.0, 0.0, 0.0, 0.0, 0.0, 0.0, 0.0, 0.0, 0.0, 0.0, 0.0, 0.0, 0.0, 0.0, 0.0, 0.0, 0.0, 0.0, 0.0, 0.0, 0.0, 0.0, 0.0, 0.0, 0.0, 0.0], [0.0, 0.0, 0.0, 0.9684445734178425, 0.0, 0.0, 0.0, 0.0, 0.0, 0.0, 0.0, 0.0, 0.0, 0.0, 0.0, 0.0, 0.0, 0.0, 0.0, 0.0, 0.0, 0.0, 0.0, 0.0, 0.0, 0.0, 0.0, 0.0, 0.0, 0.0, 0.0, 0.0, 0.0, 0.0], [0.0, 0.0, 0.0, 0.0, 0.0, 0.9705831475095332, 0.0, 0.0, 0.0, 0.0, 0.0, 0.0, 0.0, 0.0, 0.0, 0.0, 0.0, 0.0, 0.0, 0.0, 0.0, 0.0, 0.0, 0.0, 0.0, 0.0, 0.0, 0.0, 0.0, 0.0, 0.0, 0.0, 0.0, 0.0], [0.0, 0.0, 0.0, 0.0, 0.0, 0.9686147044898346, 0.0, 0.0, 0.0, 0.0, 0.0, 0.0, 0.0, 0.0, 0.0, 0.0, 0.0, 0.0, 0.0, 0.0, 0.0, 0.0, 0.0, 0.0, 0.0, 0.0, 0.0, 0.0, 0.0, 0.0, 0.0, 0.0, 0.0, 0.0], [0.0, 0.0, 0.0, 0.0, 0.0, 0.0, 0.9839201452732304, 0.0, 0.0, 0.0, 0.0, 0.0, 0.0, 0.0, 0.0, 0.0, 0.0, 0.0, 0.0, 0.0, 0.0, 0.0, 0.0, 0.0, 0.0, 0.0, 0.0, 0.0, 0.0, 0.0, 0.0, 0.0, 0.0, 0.0], [0.0, 0.0, 0.0, 0.0, 0.0, 0.0, 0.9860039533806002, 0.0, 0.0, 0.0, 0.0, 0.0, 0.0, 0.0, 0.0, 0.0, 0.0, 0.0, 0.0, 0.0, 0.0, 0.0, 0.0, 0.0, 0.0, 0.0, 0.0, 0.0, 0.0, 0.0, 0.0, 0.0, 0.0, 0.0], [0.0, 0.0, 0.0, 0.0, 0.0, 0.0, 0.9857841235524653, 0.0, 0.0, 0.0, 0.0, 0.0, 0.0, 0.0, 0.0, 0.0, 0.0, 0.0, 0.0, 0.0, 0.0, 0.0, 0.0, 0.0, 0.0, 0.0, 0.0, 0.0, 0.0, 0.0, 0.0, 0.0, 0.0, 0.0], [0.0, 0.0, 0.0, 0.0, 0.0, 0.0, 0.0, 0.0, 0.0, 0.0, 0.9723271523421808, 0.0, 0.0, 0.0, 0.0, 0.0, 0.0, 0.0, 0.0, 0.0, 0.0, 0.0, 0.0, 0.0, 0.0, 0.0, 0.0, 0.0, 0.0, 0.0, 0.0, 0.0, 0.0, 0.0], [0.0, 0.0, 0.0, 0.0, 0.0, 0.0, 0.0, 0.0, 0.0, 0.0, 0.9732270364910601, 0.0, 0.0, 0.0, 0.0, 0.0, 0.0, 0.0, 0.0, 0.0, 0.0, 0.0, 0.0, 0.0, 0.0, 0.0, 0.0, 0.0, 0.0, 0.0, 0.0, 0.0, 0.0, 0.0], [0.0, 0.0, 0.0, 0.0, 0.0, 0.0, 0.0, 0.0, 0.0, 0.0, 0.0, 0.9710905379604469, 0.0, 0.0, 0.0, 0.0, 0.0, 0.0, 0.0, 0.0, 0.0, 0.0, 0.0, 0.0, 0.0, 0.0, 0.0, 0.0, 0.0, 0.0, 0.0, 0.0, 0.0, 0.0], [0.0, 0.0, 0.0, 0.0, 0.0, 0.0, 0.0, 0.0, 0.0, 0.0, 0.0, 0.9766435311589616, 0.0, 0.0, 0.0, 0.0, 0.0, 0.0, 0.0, 0.0, 0.0, 0.0, 0.0, 0.0, 0.0, 0.0, 0.0, 0.0, 0.0, 0.0, 0.0, 0.0, 0.0, 0.0], [0.0, 0.0, 0.0, 0.0, 0.0, 0.0, 0.0, 0.0, 0.0, 0.0, 0.0, 0.0, 0.9865791134789477, 0.0, 0.0, 0.0, 0.0, 0.0, 0.0, 0.0, 0.0, 0.0, 0.0, 0.0, 0.0, 0.0, 0.0, 0.0, 0.0, 0.0, 0.0, 0.0, 0.0, 0.0], [0.0, 0.0, 0.0, 0.0, 0.0, 0.0, 0.0, 0.0, 0.0, 0.0, 0.0, 0.0, 0.9859196900940081, 0.0, 0.0, 0.0, 0.0, 0.0, 0.0, 0.0, 0.0, 0.0, 0.0, 0.0, 0.0, 0.0, 0.0, 0.0, 0.0, 0.0, 0.0, 0.0, 0.0, 0.0], [0.0, 0.0, 0.0, 0.0, 0.0, 0.0, 0.0, 0.0, 0.0, 0.0, 0.0, 0.0, 0.987018297422286, 0.0, 0.0, 0.0, 0.0, 0.0, 0.0, 0.0, 0.0, 0.0, 0.0, 0.0, 0.0, 0.0, 0.0, 0.0, 0.0, 0.0, 0.0, 0.0, 0.0, 0.0]], "Born radii": [], "Atomic SASAs": [], "Solvent H bonds": [], "Total SASA": NaN, "Total FOD": 0.0, "FOD": [0.0, 0.0, 0.0, 0.0, 0.0, 0.0, 0.0, 0.0, 0.0, 0.0, 0.0, 0.0, 0.0, 0.0, 0.0, 0.0, 0.0, 0.0, 0.0, 0.0, 0.0, 0.0, 0.0, 0.0, 0.0, 0.0, 0.0, 0.0, 0.0, 0.0, 0.0, 0.0, 0.0, 0.0], "FOD s proportion": [0.0, 0.0, 0.0, 0.0, 0.0, 0.0, 0.0, 0.0, 0.0, 0.0, 0.0, 0.0, 0.0, 0.0, 0.0, 0.0, 0.0, 0.0, 0.0, 0.0, 0.0, 0.0, 0.0, 0.0, 0.0, 0.0, 0.0, 0.0, 0.0, 0.0, 0.0, 0.0, 0.0, 0.0], "FOD p proportion": [0.0, 0.0, 0.0, 0.0, 0.0, 0.0, 0.0, 0.0, 0.0, 0.0, 0.0, 0.0, 0.0, 0.0, 0.0, 0.0, 0.0, 0.0, 0.0, 0.0, 0.0, 0.0, 0.0, 0.0, 0.0, 0.0, 0.0, 0.0, 0.0, 0.0, 0.0, 0.0, 0.0, 0.0], "FOD d proportion": [0.0, 0.0, 0.0, 0.0, 0.0, 0.0, 0.0, 0.0, 0.0, 0.0, 0.0, 0.0, 0.0, 0.0, 0.0, 0.0, 0.0, 0.0, 0.0, 0.0, 0.0, 0.0, 0.0, 0.0, 0.0, 0.0, 0.0, 0.0, 0.0, 0.0, 0.0, 0.0, 0.0, 0.0], "coordinates": [["-3.48620", "-2.23890", "-1.31060"], ["-2.85350", "-1.73090", "-0.02480"], ["-2.01490", "-0.47750", "-0.27070"], ["-1.38400", "0.03090", "1.02740"], ["-0.56550", "1.22850", "0.80190"], ["-1.24440", "2.51810", "0.91220"], ["-1.19460", "3.06240", "2.33140"], ["0.79680", "1.24320", "0.50680"], ["1.44200", "2.27760", "0.37170"], ["1.58100", "-0.32130", "0.32080"], ["3.26260", "0.22820", "-0.09840"], ["4.21190", "-0.94770", "-0.33240"], ["3.89650", "-1.75370", "-1.58550"], ["-4.08130", "-3.13560", "-1.11160"], ["-2.72060", "-2.49620", "-2.04940"], ["-4.14630", "-1.48320", "-1.74820"], ["-3.64360", "-1.51350", "0.70340"], ["-2.22550", "-2.52090", "0.40310"], ["-1.23490", "-0.69520", "-1.00960"], ["-2.64480", "0.30750", "-0.70690"], ["-0.78240", "-0.75550", "1.49270"], ["-2.16610", "0.28210", "1.75410"], ["-2.28340", "2.40360", "0.58390"], ["-0.77450", "3.23960", "0.23420"], ["-1.70740", "4.02760", "2.38640"], ["-1.67930", "2.37730", "3.03440"], ["-0.16110", "3.20430", "2.66380"], ["3.22830", "0.86130", "-0.99150"], ["3.64700", "0.83120", "0.73140"], ["5.22880", "-0.54880", "-0.43370"], ["4.22530", "-1.61130", "0.54070"], ["4.66600", "-2.51640", "-1.74300"], ["2.93370", "-2.26700", "-1.50730"], ["3.87420", "-1.10970", "-2.47040"]], "bond_dist": [[0.0, 1.5204127498807685, 2.5196518926232647, 3.877819088095782, 5.001600493841946, 5.7092517968644545, 6.827838329222507, 5.8113726579870955, 6.893189449014151, 5.658195079705188, 7.28713336573443, 7.866690300882577, 7.403732054849095, 1.094447760288265, 1.094610474095694, 1.0946726725373206, 2.1464333020152293, 2.146079257623073, 2.7462633486248182, 2.7489198987966166, 4.167673318531577, 4.1821634473081035, 5.156419721085552, 6.305052432771674, 7.490057455720884, 6.591905267068088, 7.51535572078927, 7.402538422730408, 8.02980823245487, 8.92057266211088, 7.955402296552953, 8.168374431305168, 6.422974117182787, 7.536293309047891], [1.5204127498807685, 0.0, 1.527981783268374, 2.52398382126352, 3.8309822826528444, 4.639091808748778, 5.5927946985384684, 4.738413179535951, 5.888684466839771, 4.665962041208651, 6.42262944439425, 7.11532832411829, 6.928116939688591, 2.1591223147380973, 2.1684906409758837, 2.1685927902674584, 1.09626457116884, 1.0961671451015125, 2.1592525303910146, 2.1596042831963453, 2.7465736145241038, 2.772935803440101, 4.217774288650355, 5.393995944566513, 6.347263418198429, 5.2549745498907985, 6.231676079515045, 6.681489427515395, 7.027993675295959, 8.17851654702734, 7.102359034151962, 7.753199451839222, 5.998074132586226, 7.18531809247162], [2.5196518926232647, 1.527981783268374, 0.0, 1.530218605297949, 2.482270557372826, 3.3115769687567282, 4.469307385938005, 3.3868822875913476, 4.466924152031239, 3.6475700815748557, 5.327260649714823, 6.244832517369861, 6.188863824645038, 3.470247452271956, 2.781534804743597, 2.781601103681116, 2.162135634043341, 2.1619071117881083, 1.0962511117440201, 1.0969363928687934, 2.1693132115948583, 2.167871915035572, 3.017146105179529, 3.9509933662308265, 5.239337999213259, 4.380205064834294, 5.059991692680928, 5.45922012012705, 5.896949356234967, 7.245884513294426, 6.394057275314322, 7.138571657551671, 5.405564889074961, 6.31821618338594], [3.877819088095782, 2.52398382126352, 1.530218605297949, 0.0, 1.468004856940194, 2.493776862511961, 3.305492491293846, 2.5488397929254005, 3.669315928071607, 3.068314423262388, 4.785106528594739, 5.841302150205894, 6.155950277576972, 4.677335837846155, 4.199932405408449, 4.1984229729744955, 2.7560732065748907, 2.758542365090665, 2.1676764103528, 2.1619252276616785, 1.0940071343460243, 1.0967564633955893, 2.575911081539889, 3.361013564387981, 4.233802008833195, 3.1017485471907618, 3.7740902122233377, 5.102825948432887, 5.102847939141435, 6.7970573883115035, 5.864976063037256, 7.125051119114866, 5.508863929159986, 6.417494872611898], [5.001600493841946, 3.8309822826528444, 2.482270557372826, 1.468004856940194, 0.0, 1.4615537827941878, 2.4694789470655545, 1.3939732386240418, 2.305588666696642, 2.6908733712309836, 4.057769065632001, 5.370850369354931, 5.873894755611476, 5.921798772332609, 5.162146626162414, 5.165119121569221, 4.123465273286535, 4.119786620688018, 2.725848546783185, 2.729140328015399, 2.111991062954576, 2.089085484129359, 2.09274088697096, 2.1001160682209923, 3.4131417594351396, 2.746697677211673, 2.744812673025247, 4.212367248946844, 4.231781396764251, 6.185419560547206, 5.575343408257468, 6.918770430502808, 5.458509460466291, 5.990497693848149], [5.7092517968644545, 4.639091808748778, 3.3115769687567282, 2.493776862511961, 1.4615537827941878, 0.0, 1.5208126676221498, 2.440536131672711, 2.7507681581696413, 4.04905315845569, 5.1553858604376055, 6.582705256199763, 7.135519135984431, 6.641392304328965, 6.007782077439228, 5.61330147595869, 4.696121446470481, 5.158804223848779, 3.7441557633196836, 3.077232089069656, 3.3566175251285335, 2.5608636238581703, 1.0956332141734293, 1.0959252985491301, 2.160144645619825, 2.1708743607127525, 2.170832073192213, 5.135572530886892, 5.177268991466447, 7.288322211593008, 6.8634958075313195, 8.205431460319438, 6.797623251549029, 7.127621030891023], [6.827838329222507, 5.5927946985384684, 4.469307385938005, 3.305492491293846, 2.4694789470655545, 1.5208126676221498, 0.0, 3.2564286818537878, 3.377572307146066, 4.816211520479556, 5.814056201998739, 7.239266171374002, 8.028463366672355, 7.655226312134737, 7.240035814828543, 6.783667769724576, 5.439379175052976, 5.99619334161266, 5.028266386141451, 4.350151829534229, 3.930608978262783, 3.0011923680430748, 2.1617722197308393, 2.146190040513654, 1.0943490667972444, 1.0947625770001457, 1.0948733351397322, 5.953868492837241, 5.565909090166672, 7.8706169396051795, 7.377356856625549, 9.05927023330246, 7.757640294574118, 8.13366062053243], [5.8113726579870955, 4.738413179535951, 3.3868822875913476, 2.5488397929254005, 1.3939732386240418, 2.440536131672711, 3.2564286818537878, 0.0, 1.226588117503182, 1.7598937155407994, 2.7343484927858044, 4.143332892732612, 4.792417864710881, 6.751960279059704, 5.734925767610249, 6.078858410096423, 5.230219747773511, 4.8284055121748, 3.191342728382522, 3.7673880527495442, 2.731423281002049, 3.3553311177885266, 3.2924314131049104, 2.555172677139453, 4.190083192491528, 3.715644732748275, 3.0685720816040805, 2.8814827346350693, 2.888568711317077, 4.872209791254887, 4.461382264500544, 5.845246003377446, 4.576510074281494, 4.885718883644453], [6.893189449014151, 5.888684466839771, 4.466924152031239, 3.669315928071607, 2.305588666696642, 2.7507681581696413, 3.377572307146066, 1.226588117503182, 0.0, 2.603112179680315, 2.7812980296976444, 4.30936920093881, 5.109460028222161, 7.874627357532545, 6.7807175438887, 7.061635047211092, 6.351833708465612, 6.039631152645002, 4.232177115858929, 4.663325659869789, 3.924830183587565, 4.348728046222252, 3.7335653201731986, 2.420169932050227, 4.127982128110537, 4.103952371799654, 2.946595477835395, 2.6561414909601484, 2.661481175961987, 4.793439303881921, 4.785275655591849, 6.152118991859635, 5.138988134837441, 5.046477042452487], [5.658195079705188, 4.665962041208651, 3.6475700815748557, 3.068314423262388, 2.6908733712309836, 4.04905315845569, 4.816211520479556, 1.7598937155407994, 2.603112179680315, 0.0, 1.8180917056078332, 2.7822081176648163, 3.3237463350863585, 6.483339844555428, 5.371387214677416, 6.199414319111121, 5.372538390742314, 4.3970962805014855, 3.136727304054339, 4.3941941661697195, 2.673488135376703, 4.056993820552356, 4.73580922124192, 4.270349941164072, 5.83036955346743, 5.027486748863691, 4.577599454954529, 2.4154236357210714, 2.4010840489245684, 3.731952751576579, 2.950386161166026, 4.312187316200446, 2.9929075144414337, 3.6974502349592213], [7.28713336573443, 6.42262944439425, 5.327260649714823, 4.785106528594739, 4.057769065632001, 5.1553858604376055, 5.814056201998739, 2.7343484927858044, 2.7812980296976444, 1.8180917056078332, 0.0, 1.5292701854152522, 2.5575815197174068, 8.140920825680594, 6.85765547399401, 7.780907993929757, 7.167426356091844, 6.15859518640412, 4.680860951790814, 5.939186434184399, 4.456600711304525, 5.736326799442305, 5.996333417180869, 5.047507219410389, 6.731312754582125, 6.233413371500402, 5.311180823508083, 1.0952715234132584, 1.095417911118857, 2.140583455509268, 2.1723260229532766, 3.49386174311463, 2.884301901673956, 2.7911314856165412], [7.866690300882577, 7.11532832411829, 6.244832517369861, 5.841302150205894, 5.370850369354931, 6.582705256199763, 7.239266171374002, 4.143332892732612, 4.30936920093881, 2.7822081176648163, 1.5292701854152522, 0.0, 1.5229487089196405, 8.612271784494494, 7.307906505970092, 8.494160178028196, 7.94366990313671, 6.667536070393621, 5.494541503164754, 6.980695680231305, 5.320804764319022, 6.8223730688082425, 7.366121059960935, 6.535954544670579, 8.196560011370623, 7.556269230248482, 6.733457317010334, 2.1620274674480897, 2.1483174020614366, 1.0970271236391558, 1.0967443321029746, 2.1579663713783863, 2.1805361129777237, 2.17055967206617], [7.403732054849095, 6.928116939688591, 6.188863824645038, 6.155950277576972, 5.873894755611476, 7.135519135984431, 8.028463366672355, 4.792417864710881, 5.109460028222161, 3.3237463350863585, 2.5575815197174068, 1.5229487089196405, 0.0, 8.110457549361811, 6.67476755175789, 8.048992072303214, 7.883518710575882, 6.4824385689337625, 5.270991274893177, 6.914411695148041, 5.6889211358569565, 7.2147438319042205, 7.75761584895772, 7.075492490279387, 8.977923730462406, 8.33655700214423, 7.68781062787059, 2.763612172501779, 3.480227560088564, 2.1338815665355, 2.156180335686234, 1.0948277444420196, 1.093881149851299, 1.0946603582847059], [1.094447760288265, 2.1591223147380973, 3.470247452271956, 4.677335837846155, 5.921798772332609, 6.641392304328965, 7.655226312134737, 6.751960279059704, 7.874627357532545, 6.483339844555428, 8.140920825680594, 8.612271784494494, 8.110457549361811, 0.0, 1.7719496860802788, 1.7719792098103184, 2.4732599337716206, 2.473088316255608, 3.750726478963775, 3.7526326692070464, 4.830113426204399, 4.853957233021321, 6.065467937430714, 7.306796761919685, 8.31762222332801, 7.304175956944082, 8.355593647970203, 8.331859683167977, 8.880246175078705, 9.686539354175977, 8.605416279297591, 8.791890120446228, 7.079637663750878, 8.321092987102116], [1.094610474095694, 2.1684906409758837, 2.781534804743597, 4.199932405408449, 5.162146626162414, 6.007782077439228, 7.240035814828543, 5.734925767610249, 6.7807175438887, 5.371387214677416, 6.85765547399401, 7.307906505970092, 6.67476755175789, 1.7719496860802788, 0.0, 1.7746861497177464, 3.0652138799764037, 2.5020971903585196, 2.5557952832728996, 3.1094670893900775, 4.3969453191960435, 4.742682088228136, 5.579735905040668, 6.47313956361208, 7.953795466316694, 7.119011896323815, 7.826940317902009, 6.91240695199581, 7.703945038744759, 8.34241053952633, 7.465734580736179, 7.392979680751193, 5.684849473820745, 6.752111543065621], [1.0946726725373206, 2.1685927902674584, 2.781601103681116, 4.1984229729744955, 5.165119121569221, 5.61330147595869, 6.783667769724576, 6.078858410096423, 7.061635047211092, 6.199414319111121, 7.780907993929757, 8.494160178028196, 8.048992072303214, 1.7719792098103184, 1.7746861497177464, 0.0, 2.5027920289149077, 3.0650262021718513, 3.1052735660485697, 2.558400756331971, 4.727452094945014, 4.393584120055061, 4.900642923127536, 6.132192498609286, 7.308355971762733, 6.622900573766754, 7.571011774525252, 7.7752170580633955, 8.499434593547974, 9.51280787254741, 8.679813326333695, 8.872663668256562, 7.127325953679964, 8.061606250617801], [2.1464333020152293, 1.09626457116884, 2.162135634043341, 2.7560732065748907, 4.123465273286535, 4.696121446470481, 5.439379175052976, 5.230219747773511, 6.351833708465612, 5.372538390742314, 7.167426356091844, 7.94366990313671, 7.883518710575882, 2.4732599337716206, 3.0652138799764037, 2.5027920289149077, 0.0, 1.7652315598810264, 3.0668908653553357, 2.5104956741647655, 3.0633354256431016, 2.5516967100343257, 4.148264299680048, 5.5717001947341, 6.106156618528549, 4.942707773073379, 6.182929018677152, 7.465612544192204, 7.6584104388574, 8.996839681799381, 7.871189448869847, 8.72009939908944, 6.979672773848356, 8.170274029676117], [2.146079257623073, 1.0961671451015125, 2.1619071117881083, 2.758542365090665, 4.119786620688018, 5.158804223848779, 5.99619334161266, 4.8284055121748, 6.039631152645002, 4.3970962805014855, 6.15859518640412, 6.667536070393621, 6.4824385689337625, 2.473088316255608, 2.5020971903585196, 3.0650262021718513, 1.7652315598810264, 0.0, 2.512009183900409, 3.0672070438755843, 2.52713334234662, 3.1121597581101135, 4.928158002743013, 5.942835052397131, 6.861833483115136, 5.586988219962523, 6.492336011791134, 6.567200350225352, 6.769830983857721, 7.756029985759467, 6.516066801376425, 7.217931678119433, 5.5073984793185256, 6.888746459262382], [2.7462633486248182, 2.1592525303910146, 1.0962511117440201, 2.1676764103528, 2.725848546783185, 3.7441557633196836, 5.028266386141451, 3.191342728382522, 4.232177115858929, 3.136727304054339, 4.680860951790814, 5.494541503164754, 5.270991274893177, 3.750726478963775, 2.5557952832728996, 3.1052735660485697, 3.0668908653553357, 2.512009183900409, 0.0, 1.7563748432495836, 2.5435993454158616, 3.075757861080745, 3.638839916786667, 4.1523075078804075, 5.8361727261965095, 5.098203959238979, 5.46379119751112, 4.726856682828453, 5.403140343355889, 6.490956128337333, 5.74947417943589, 6.2189441073224, 4.482798957124889, 5.329976519648093], [2.7489198987966166, 2.1596042831963453, 1.0969363928687934, 2.1619252276616785, 2.729140328015399, 3.077232089069656, 4.350151829534229, 3.7673880527495442, 4.663325659869789, 4.3941941661697195, 5.939186434184399, 6.980695680231305, 6.914411695148041, 3.7526326692070464, 3.1094670893900775, 2.558400756331971, 2.5104956741647655, 3.0672070438755843, 1.7563748432495836, 0.0, 3.071928208796553, 2.507253447499873, 2.4880534178349145, 3.6029018457349067, 4.928120093910049, 4.383330694802755, 5.091348978414267, 5.906013478650383, 6.475315885730981, 7.9247375281456485, 7.241310186009159, 7.905422889384224, 6.195833491952475, 6.900416588148864], [4.167673318531577, 2.7465736145241038, 2.1693132115948583, 1.0940071343460243, 2.111991062954576, 3.3566175251285335, 3.930608978262783, 2.731423281002049, 3.924830183587565, 2.673488135376703, 4.456600711304525, 5.320804764319022, 5.6889211358569565, 4.830113426204399, 4.3969453191960435, 4.727452094945014, 3.0633354256431016, 2.52713334234662, 2.5435993454158616, 3.071928208796553, 0.0, 1.7491624881639785, 3.6137004925699086, 4.188640432168891, 4.953016283034005, 3.604955525384467, 4.175823863622602, 4.987083954577063, 4.766212221460559, 6.3157158968718665, 5.168728753765281, 6.576897890343137, 5.009394320673907, 6.12499329060857], [4.1821634473081035, 2.772935803440101, 2.167871915035572, 1.0967564633955893, 2.089085484129359, 2.5608636238581703, 3.0011923680430748, 3.3553311177885266, 4.348728046222252, 4.056993820552356, 5.736326799442305, 6.8223730688082425, 7.2147438319042205, 4.853957233021321, 4.742682088228136, 4.393584120055061, 2.5516967100343257, 3.1121597581101135, 3.075757861080745, 2.507253447499873, 1.7491624881639785, 0.0, 2.425673015886519, 3.6046432306124276, 3.826091900359948, 2.503199027244938, 3.6588019801568934, 6.080570973189936, 5.927862828203771, 7.7563786434134325, 6.775492386535461, 8.169388047461082, 6.568302734344695, 7.501248668055206], [5.156419721085552, 4.217774288650355, 3.017146105179529, 2.575911081539889, 2.09274088697096, 1.0956332141734293, 2.1617722197308393, 3.2924314131049104, 3.7335653201731986, 4.73580922124192, 5.996333417180869, 7.366121059960935, 7.75761584895772, 6.065467937430714, 5.579735905040668, 4.900642923127536, 4.148264299680048, 4.928158002743013, 3.638839916786667, 2.4880534178349145, 3.6137004925699086, 2.425673015886519, 0.0, 1.7601037753496238, 2.4936235180957045, 2.5240005447701477, 3.07754151718543, 5.9362792505070034, 6.137087433791375, 8.135436334948482, 7.647513578935312, 8.82694873498198, 7.307924069802588, 7.719330485216966], [6.305052432771674, 5.393995944566513, 3.9509933662308265, 3.361013564387981, 2.1001160682209923, 1.0959252985491301, 2.146190040513654, 2.555172677139453, 2.420169932050227, 4.270349941164072, 5.047507219410389, 6.535954544670579, 7.075492490279387, 7.306796761919685, 6.47313956361208, 6.132192498609286, 5.5717001947341, 5.942835052397131, 4.1523075078804075, 3.6029018457349067, 4.188640432168891, 3.6046432306124276, 1.7601037753496238, 0.0, 2.4745123256916703, 3.066487301457484, 2.506084956660488, 4.814671247343893, 5.059373543236356, 7.1300544079270525, 6.973031844183704, 8.163326288345946, 6.863396611736786, 6.916768272827997], [7.490057455720884, 6.347263418198429, 5.239337999213259, 4.233802008833195, 3.4131417594351396, 2.160144645619825, 1.0943490667972444, 4.190083192491528, 4.127982128110537, 5.83036955346743, 6.731312754582125, 8.196560011370623, 8.977923730462406, 8.31762222332801, 7.953795466316694, 7.308355971762733, 6.106156618528549, 6.861833483115136, 5.8361727261965095, 4.928120093910049, 4.953016283034005, 3.826091900359948, 2.4936235180957045, 2.4745123256916703, 0.0, 1.7731846209574453, 1.7736452125495672, 6.7673331963189165, 6.451790241475617, 8.775378704648592, 8.390514345974267, 10.024774706695409, 8.736286285373206, 9.007475566994339], [6.591905267068088, 5.2549745498907985, 4.380205064834294, 3.1017485471907618, 2.746697677211673, 2.1708743607127525, 1.0947625770001457, 3.715644732748275, 4.103952371799654, 5.027486748863691, 6.233413371500402, 7.556269230248482, 8.33655700214423, 7.304175956944082, 7.119011896323815, 6.622900573766754, 4.942707773073379, 5.586988219962523, 5.098203959238979, 4.383330694802755, 3.604955525384467, 2.503199027244938, 2.5240005447701477, 3.066487301457484, 1.7731846209574453, 0.0, 1.7681076324703766, 6.526152355714659, 6.005306478440546, 8.265084659578507, 7.5492894241776165, 9.329238047129037, 7.967203422782676, 8.561737807828502], [7.51535572078927, 6.231676079515045, 5.059991692680928, 3.7740902122233377, 2.744812673025247, 2.170832073192213, 1.0948733351397322, 3.0685720816040805, 2.946595477835395, 4.577599454954529, 5.311180823508083, 6.733457317010334, 7.68781062787059, 8.355593647970203, 7.826940317902009, 7.571011774525252, 6.182929018677152, 6.492336011791134, 5.46379119751112, 5.091348978414267, 4.175823863622602, 3.6588019801568934, 3.07754151718543, 2.506084956660488, 1.7736452125495672, 1.7681076324703766, 0.0, 5.508075839165616, 4.885427205475484, 7.2616312127510305, 6.851135813133469, 8.686034143382123, 7.543937031815681, 7.826509549601279], [7.402538422730408, 6.681489427515395, 5.45922012012705, 5.102825948432887, 4.212367248946844, 5.135572530886892, 5.953868492837241, 2.8814827346350693, 2.6561414909601484, 2.4154236357210714, 1.0952715234132584, 2.1620274674480897, 2.763612172501779, 8.331859683167977, 6.91240695199581, 7.7752170580633955, 7.465612544192204, 6.567200350225352, 4.726856682828453, 5.906013478650383, 4.987083954577063, 6.080570973189936, 5.9362792505070034, 4.814671247343893, 6.7673331963189165, 6.526152355714659, 5.508075839165616, 0.0, 1.7733020357513833, 2.510283470048751, 3.0749628615643476, 3.747077638640545, 3.184195297088418, 2.547385526377976], [8.02980823245487, 7.027993675295959, 5.896949356234967, 5.102847939141435, 4.231781396764251, 5.177268991466447, 5.565909090166672, 2.888568711317077, 2.661481175961987, 2.4010840489245684, 1.095417911118857, 2.1483174020614366, 3.480227560088564, 8.880246175078705, 7.703945038744759, 8.499434593547974, 7.6584104388574, 6.769830983857721, 5.403140343355889, 6.475315885730981, 4.766212221460559, 5.927862828203771, 6.137087433791375, 5.059373543236356, 6.451790241475617, 6.005306478440546, 4.885427205475484, 1.7733020357513833, 0.0, 2.4008226194369295, 2.517261136632431, 4.285725390176091, 3.8883695580538635, 3.7510313101865735], [8.92057266211088, 8.17851654702734, 7.245884513294426, 6.7970573883115035, 6.185419560547206, 7.288322211593008, 7.8706169396051795, 4.872209791254887, 4.793439303881921, 3.731952751576579, 2.140583455509268, 1.0970271236391558, 2.1338815665355, 9.686539354175977, 8.34241053952633, 9.51280787254741, 8.996839681799381, 7.756029985759467, 6.490956128337333, 7.9247375281456485, 6.3157158968718665, 7.7563786434134325, 8.135436334948482, 7.1300544079270525, 8.775378704648592, 8.265084659578507, 7.2616312127510305, 2.510283470048751, 2.4008226194369295, 0.0, 1.756523230703198, 2.429497909033881, 3.061423232746495, 2.509521241193228], [7.955402296552953, 7.102359034151962, 6.394057275314322, 5.864976063037256, 5.575343408257468, 6.8634958075313195, 7.377356856625549, 4.461382264500544, 4.785275655591849, 2.950386161166026, 2.1723260229532766, 1.0967443321029746, 2.156180335686234, 8.605416279297591, 7.465734580736179, 8.679813326333695, 7.871189448869847, 6.516066801376425, 5.74947417943589, 7.241310186009159, 5.168728753765281, 6.775492386535461, 7.647513578935312, 6.973031844183704, 8.390514345974267, 7.5492894241776165, 6.851135813133469, 3.0749628615643476, 2.517261136632431, 1.756523230703198, 0.0, 2.4957380050798603, 2.508481024444873, 3.072718174515847], [8.168374431305168, 7.753199451839222, 7.138571657551671, 7.125051119114866, 6.918770430502808, 8.205431460319438, 9.05927023330246, 5.845246003377446, 6.152118991859635, 4.312187316200446, 3.49386174311463, 2.1579663713783863, 1.0948277444420196, 8.791890120446228, 7.392979680751193, 8.872663668256562, 8.72009939908944, 7.217931678119433, 6.2189441073224, 7.905422889384224, 6.576897890343137, 8.169388047461082, 8.82694873498198, 8.163326288345946, 10.024774706695409, 9.329238047129037, 8.686034143382123, 3.747077638640545, 4.285725390176091, 2.429497909033881, 2.4957380050798603, 0.0, 1.7659609678585768, 1.7705544018752999], [6.422974117182787, 5.998074132586226, 5.405564889074961, 5.508863929159986, 5.458509460466291, 6.797623251549029, 7.757640294574118, 4.576510074281494, 5.138988134837441, 2.9929075144414337, 2.884301901673956, 2.1805361129777237, 1.093881149851299, 7.079637663750878, 5.684849473820745, 7.127325953679964, 6.979672773848356, 5.5073984793185256, 4.482798957124889, 6.195833491952475, 5.009394320673907, 6.568302734344695, 7.307924069802588, 6.863396611736786, 8.736286285373206, 7.967203422782676, 7.543937031815681, 3.184195297088418, 3.8883695580538635, 3.061423232746495, 2.508481024444873, 1.7659609678585768, 0.0, 1.775231013136037], [7.536293309047891, 7.18531809247162, 6.31821618338594, 6.41749487