{"total energy": -52.06423297, "HOMO-LUMO gap/eV": 1.51196671, "electronic energy": -52.7719703, "dipole": [-0.37496166, -1.2962882, 0.93830573], "partial charges": [-0.10656953, 0.00400227, -0.11409839, 0.14316581, -0.24128877, 0.05350744, -0.04607105, -0.0314942, 0.03474042, -0.05587073, -0.0451004, 0.12082834, -0.35260542, -0.01532501, -0.0054826, -0.04245472, 0.06093288, -0.24906901, 0.15097705, 0.04546256, 0.04246605, 0.04439269, 0.0587244, 0.06078556, 0.04719651, 0.04300508, 0.04661529, 0.05777684, 0.05774127, 0.08514799, 0.05392012, 0.04559034, 0.04845092], "atomic dipole moments": [[-0.04546087, 0.07656743, 0.08882123], [-0.17111988, -0.07030672, -0.04345579], [0.05001341, -0.00482119, 0.16131966], [0.0569432, 0.07598586, -0.01829342], [-0.26265534, -0.06720032, -0.04459482], [-0.01135193, 0.05005369, -0.02871826], [-0.01715793, 0.00367128, -0.00644233], [0.01875053, 0.0261572, -0.01788725], [-0.07689387, 0.10008921, -0.07742147], [-0.02470011, -0.04427343, -0.02220776], [0.1179616, 0.08543583, 0.09927645], [0.02399572, -0.0703931, 0.0055981], [0.10181506, -0.03172093, 0.09396809], [-0.01572498, -0.02809485, -0.03602623], [0.01398686, -0.0197757, -0.00893731], [-0.01055124, -0.00520579, -0.00782424], [-0.00531761, -0.04571766, -0.03623662], [-0.26616583, 0.04805393, -0.0525482], [0.08918845, -0.06762852, -0.04271974], [-0.0189356, -0.12572085, 0.0159247], [-0.04636959, 0.02783785, -0.11529524], [0.12544747, 0.01492899, -0.00688833], [0.05033068, 0.11206309, -0.03338796], [0.05742947, -0.02314024, 0.11597875], [0.09931395, -0.08145586, 0.07570134], [-0.0484777, -0.13212802, 0.06137838], [-0.14367477, -0.04983825, -0.00964776], [-0.1068657, -0.00535202, 0.07282312], [0.04362883, -0.11977798, -0.03512875], [-0.03545415, 0.0479603, -0.12191881], [-0.14879889, 0.0362393, -0.01821543], [-0.06321903, 0.12069342, 0.07186386], [0.08894722, 0.08168365, 0.08771294]], "atomic quadrupole moments": [[-0.05722936, -0.07959094, 0.00194363, -0.10199136, 0.16008687, 0.05528573], [0.26126982, -0.05267334, -0.10814676, -0.11890772, 0.15198494, -0.15312306], [0.0644343, -0.01240777, -0.01480094, -0.00684871, 0.00734165, -0.04963335], [-0.28680956, -0.00968965, 0.04408636, -0.21079116, 0.20413676, 0.2427232], [-0.14499842, -0.04792985, -0.03537835, -0.0848888, 0.16503635, 0.18037677], [-0.31392706, -0.08458068, -0.01521227, -0.1919989, 0.29883842, 0.32913933], [-0.18019705, -0.10377447, -0.10013414, -0.13458758, 0.3158869, 0.28033119], [-0.20553712, -0.11176812, -0.10162102, -0.13148957, 0.3195839, 0.30715814], [-0.17434193, -0.1993984, -0.04347068, -0.03722087, 0.1949713, 0.21781261], [0.04929031, 0.01640183, -0.08211614, -0.01302331, 0.00949372, 0.03282583], [0.05811193, 0.17803994, 0.02314931, 0.18714397, 0.09205322, -0.08126124], [0.26631455, -0.04554316, -0.22551305, -0.32657272, 0.04704803, -0.0408015], [0.1427309, -0.229781, -0.30916053, -0.05714663, -0.30428449, 0.16642963], [-0.18887918, 0.16691881, 0.0345144, -0.02747013, -0.28234469, 0.15436478], [-0.26210904, 0.12808899, 0.03416595, -0.12956736, -0.39476574, 0.22794309], [-0.20640687, 0.11283192, 0.00257033, -0.10633265, -0.35839968, 0.20383653], [-0.32987059, 0.08894805, 0.07699492, -0.17024656, -0.35296332, 0.25287568], [-0.13978737, 0.05836841, 0.01018743, -0.07165579, -0.19350826, 0.12959994], [-0.25354034, 0.01123313, 0.06315472, -0.21192401, -0.24025793, 0.19038563], [-0.04090036, 0.02945457, 0.06419572, -0.01355203, -0.02795228, -0.02329536], [-0.02489558, -0.02610955, -0.02066051, 0.04744749, -0.02604299, 0.04555609], [0.08134595, 0.02227941, -0.03560828, 0.00052603, 0.01264608, -0.04573767], [-0.02141445, -0.00797764, 0.05161163, -0.01950364, -0.01199062, -0.03019719], [-0.00897106, -0.01362302, -0.01907808, 0.0016116, -0.02558418, 0.02804914], [0.02280287, 0.01717552, 0.01914318, 0.0133009, -0.04589197, -0.04194605], [0.03268027, 0.01233917, 0.00454016, 0.02037783, -0.0373256, -0.03722043], [0.02502067, -0.0031932, -6.863e-05, 0.03514347, -0.04529477, -0.02495204], [0.03241297, 0.01780229, -0.04094152, -0.04268776, 0.01078321, 0.00852855], [-0.00578717, -0.04235982, 0.04561453, 0.01192347, 0.01014149, -0.03982736], [-0.03884646, 0.00022187, 0.01953091, 0.01533112, -0.05190413, 0.01931555], [0.02074568, -0.00326291, -0.00194954, 0.02074416, 0.04925163, -0.01879614], [0.03263131, -0.01065319, -0.00794937, 0.01543018, 0.04319917, -0.02468194], [0.02598079, -0.01952877, 0.00384307, 0.00796766, 0.05187609, -0.02982386]], "number of molecular orbitals": 95, "number of electrons": 96, "number of unpaired electrons": 0, "orbital energies/eV": [-18.78421802, -18.63484258, -18.4178282, -18.26268763, -18.10933743, -17.73462162, -17.63278984, -17.59517879, -17.28661327, -17.16080631, -16.91721026, -16.7907294, -16.42569224, -16.30482425, -16.09879893, -15.83552807, -15.51256933, -15.21080729, -15.09230793, -15.04544017, -14.854712, -14.60697739, -14.41115541, -14.35553149, -14.21112281, -14.06197983, -13.86730108, -13.7587196, -13.64279389, -13.37499598, -13.15064841, -13.10713122, -13.04323446, -12.94016381, -12.66034934, -12.63960695, -12.47494377, -12.40812405, -12.3033598, -12.08970694, -11.79087659, -11.73434031, -11.70565024, -10.60399233, -10.55470319, -10.33115157, -10.0954211, -9.48933803, -7.97737132, -7.21715185, -7.0663172, -6.61695259, -6.33793471, -4.2131928, -3.64867442, -3.42571675, -1.49844254, -0.14046326, 0.17459953, 0.59038346, 0.62184978, 1.22852744, 1.62960808, 1.8659252, 2.04034926, 2.79953768, 2.99580508, 3.32706311, 3.37262092, 3.83665004, 3.864877, 4.0647007, 4.33123902, 4.54831852, 4.69699484, 4.7362985, 4.99162749, 5.23266033, 5.55957472, 6.55909348, 6.78041356, 7.19777186, 7.33446137, 7.74552881, 9.1930544, 10.07249872, 10.46516894, 10.59842784, 11.10748487, 11.24471975, 13.62952531, 15.19247279, 15.64843487, 15.80577053, 15.9408708], "fractional occupation": [2.0, 2.0, 2.0, 2.0, 2.0, 2.0, 2.0, 2.0, 2.0, 2.0, 2.0, 2.0, 2.0, 2.0, 2.0, 2.0, 2.0, 2.0, 2.0, 2.0, 2.0, 2.0, 2.0, 2.0, 2.0, 2.0, 2.0, 2.0, 2.0, 2.0, 2.0, 2.0, 2.0, 2.0, 2.0, 2.0, 2.0, 2.0, 2.0, 2.0, 2.0, 2.0, 2.0, 2.0, 2.0, 2.0, 2.0, 2.0, 0.0, 0.0, 0.0, 0.0, 0.0, 0.0, 0.0, 0.0, 0.0, 0.0, 0.0, 0.0, 0.0, 0.0, 0.0, 0.0, 0.0, 0.0, 0.0, 0.0, 0.0, 0.0, 0.0, 0.0, 0.0, 0.0, 0.0, 0.0, 0.0, 0.0, 0.0, 0.0, 0.0, 0.0, 0.0, 0.0, 0.0, 0.0, 0.0, 0.0, 0.0, 0.0, 0.0, 0.0, 0.0, 0.0, 0.0], "program call": "xtb /home/svss/Project-DBcg-Debug/aqme2_20220329/End-to-End-workflows-final/example-3/QDESCP/mol_809_rdkit_conf_3/mol_809_rdkit_conf_3.xyz --pop --wbo --acc 0.2 --gfn 2 --chrg 0 --uhf 0 --etemp 300 --input /home/svss/Project-DBcg-Debug/aqme2_20220329/End-to-End-workflows-final/example-3/QDESCP/mol_809_rdkit_conf_3/mol_809_rdkit_conf_3_xtb.inp", "method": "GFN2-xTB", "xtb version": "6.3.3 (7355c4f)", "Dipole module/D": 4.178, "Total charge": 0, "Transition dipole module/D": NaN, "HOMO": -9.4893, "LUMO": -7.9774, "HOMO occupancy": 2.0, "LUMO occupancy": 0, "mulliken charges": [-0.09279, 0.10311, -0.28772, 0.2676, -0.35024, 0.13416, -0.05888, -0.03747, 0.08949, -0.23253, 0.05872, 0.20234, -0.24849, -0.04951, 0.00251, -0.05988, 0.14296, -0.35408, 0.2831, 0.03406, 0.03114, 0.0298, 0.03116, 0.03427, 0.02878, 0.03868, 0.03682, 0.03758, 0.03626, 0.04432, 0.03752, 0.03892, 0.0283], "cm5 charges": [-0.23621, 0.05866, -0.50984, 0.40156, -0.53425, 0.15598, -0.1089, -0.08378, 0.1513, -0.46196, -0.03059, 0.2787, -0.2647, -0.03722, -0.04623, -0.10993, 0.16418, -0.53546, 0.4145, 0.09087, 0.08478, 0.08106, 0.10037, 0.10377, 0.09466, 0.09484, 0.09657, 0.09888, 0.09769, 0.10661, 0.09502, 0.09501, 0.09403], "FUKUI+": [0.008, 0.012, -0.016, -0.005, -0.054, -0.028, -0.013, -0.028, -0.016, -0.042, 0.028, -0.03, -0.25, -0.014, -0.02, -0.014, -0.027, -0.051, -0.009, -0.005, -0.008, -0.023, -0.016, -0.015, -0.052, -0.047, -0.042, -0.031, -0.032, -0.022, -0.035, -0.049, -0.054], "FUKUI-": [0.009, 0.012, -0.048, -0.002, -0.06, -0.013, -0.02, -0.012, -0.009, -0.043, 0.023, 0.019, -0.307, -0.008, -0.004, -0.018, -0.009, -0.068, -0.001, -0.011, -0.016, -0.027, -0.023, -0.036, -0.047, -0.045, -0.036, -0.033, -0.031, -0.016, -0.03, -0.044, -0.049], "FUKUIrad": [0.009, 0.012, -0.032, -0.004, -0.057, -0.021, -0.017, -0.02, -0.013, -0.042, 0.026, -0.005, -0.278, -0.011, -0.012, -0.016, -0.018, -0.06, -0.005, -0.008, -0.012, -0.025, -0.019, -0.026, -0.05, -0.046, -0.039, -0.032, -0.031, -0.019, -0.032, -0.046, -0.052], "s proportion": [1.011, 1.005, 1.469, 1.026, 1.551, 1.025, 1.057, 1.063, 1.055, 1.456, 0.987, 1.089, 1.939, 1.087, 1.066, 1.058, 1.03, 1.553, 1.024, 0.966, 0.969, 0.97, 0.969, 0.966, 0.971, 0.961, 0.963, 0.962, 0.964, 0.956, 0.962, 0.961, 0.972], "p proportion": [3.082, 2.891, 3.818, 2.706, 3.799, 2.841, 3.002, 2.975, 2.856, 3.776, 2.954, 2.708, 4.314, 2.963, 2.931, 3.002, 2.828, 3.801, 2.693, 0.0, 0.0, 0.0, 0.0, 0.0, 0.0, 0.0, 0.0, 0.0, 0.0, 0.0, 0.0, 0.0, 0.0], "d proportion": [0.0, 0.0, 0.0, 0.0, 0.0, 0.0, 0.0, 0.0, 0.0, 0.0, 0.0, 0.0, -0.005, 0.0, 0.0, 0.0, 0.0, 0.0, 0.0, 0.0, 0.0, 0.0, 0.0, 0.0, 0.0, 0.0, 0.0, 0.0, 0.0, 0.0, 0.0, 0.0, 0.0], "Fermi-level/eV": -8.7334, "Coordination numbers": [3.748, 3.755, 2.736, 2.878, 1.833, 2.876, 2.903, 2.927, 2.893, 2.745, 3.688, 2.873, 1.038, 3.006, 2.927, 2.905, 2.877, 1.834, 2.888, 0.924, 0.924, 0.924, 0.923, 0.923, 0.925, 0.925, 0.925, 0.924, 0.924, 0.924, 0.925, 0.925, 0.925], "Dispersion coefficient C6": [22.603, 20.565, 23.488, 24.882, 27.15, 26.797, 29.143, 28.786, 27.222, 22.321, 21.581, 25.342, 154.466, 28.378, 28.159, 29.054, 26.631, 27.34, 24.724, 2.377, 2.416, 2.391, 2.214, 2.19, 2.355, 2.409, 2.363, 2.225, 2.226, 1.927, 2.272, 2.376, 2.339], "Total dispersion C6": 15552.367508, "Total dispersion C8": 405686.392824, "Polarizability alpha": [6.781, 6.466, 7.198, 8.177, 7.721, 8.486, 8.852, 8.799, 8.554, 7.017, 6.649, 8.252, 21.02, 8.738, 8.702, 8.838, 8.46, 7.748, 8.152, 2.411, 2.431, 2.418, 2.327, 2.314, 2.4, 2.427, 2.404, 2.333, 2.333, 2.171, 2.357, 2.41, 2.392], "Total polarizability alpha": 197.740968, "Wiberg matrix": [[0.0, 1.0164874660656786, 0.0, 0.0, 0.0, 0.0, 0.0, 0.0, 0.0, 0.0, 0.0, 0.0, 0.0, 0.0, 0.0, 0.0, 0.0, 0.0, 0.0, 0.9854450675604002, 0.9870666802506597, 0.9848010766479699, 0.0, 0.0, 0.0, 0.0, 0.0, 0.0, 0.0, 0.0, 0.0, 0.0, 0.0], [1.0164874660656786, 0.0, 0.9727389535372492, 0.0, 0.0, 0.0, 0.0, 0.0, 0.0, 0.0, 0.0, 0.0, 0.0, 0.0, 0.0, 0.0, 0.0, 0.0, 0.0, 0.0, 0.0, 0.0, 0.9725688996293292, 0.9658857415322167, 0.0, 0.0, 0.0, 0.0, 0.0, 0.0, 0.0, 0.0, 0.0], [0.0, 0.9727389535372492, 0.0, 1.0657351076997295, 0.0, 0.0, 0.0, 0.0, 0.0, 0.0, 0.0, 0.0, 0.0, 0.0, 0.0, 0.0, 0.0, 0.0, 1.0528233895395283, 0.0, 0.0, 0.0, 0.0, 0.0, 0.0, 0.0, 0.0, 0.0, 0.0, 0.0, 0.0, 0.0, 0.0], [0.0, 0.0, 1.0657351076997295, 0.0, 1.377217867849229, 0.0, 0.0, 0.0, 1.2990304781262982, 0.0, 0.0, 0.0, 0.0, 0.0, 0.0, 0.0, 0.0, 0.0, 0.0, 0.0, 0.0, 0.0, 0.0, 0.0, 0.0, 0.0, 0.0, 0.0, 0.0, 0.0, 0.0, 0.0, 0.0], [0.0, 0.0, 0.0, 1.377217867849229, 0.0, 1.4161263096035297, 0.0, 0.0, 0.0, 0.0, 0.0, 0.0, 0.0, 0.0, 0.0, 0.0, 0.0, 0.0, 0.0, 0.0, 0.0, 0.0, 0.0, 0.0, 0.0, 0.0, 0.0, 0.0, 0.0, 0.0, 0.0, 0.0, 0.0], [0.0, 0.0, 0.0, 0.0, 1.4161263096035297, 0.0, 1.437300861785403, 0.0, 0.0, 0.0, 0.0, 0.0, 0.0, 0.0, 0.0, 0.0, 0.0, 0.0, 0.0, 0.0, 0.0, 0.0, 0.0, 0.0, 0.9626397556421189, 0.0, 0.0, 0.0, 0.0, 0.0, 0.0, 0.0, 0.0], [0.0, 0.0, 0.0, 0.0, 0.0, 1.437300861785403, 0.0, 1.4258854476900393, 0.0, 0.0, 0.0, 0.0, 0.0, 0.0, 0.0, 0.0, 0.0, 0.0, 0.0, 0.0, 0.0, 0.0, 0.0, 0.0, 0.0, 0.9680831204990394, 0.0, 0.0, 0.0, 0.0, 0.0, 0.0, 0.0], [0.0, 0.0, 0.0, 0.0, 0.0, 0.0, 1.4258854476900393, 0.0, 1.3928509995304028, 0.0, 0.0, 0.0, 0.0, 0.0, 0.0, 0.0, 0.0, 0.0, 0.0, 0.0, 0.0, 0.0, 0.0, 0.0, 0.0, 0.0, 0.965787575710993, 0.0, 0.0, 0.0, 0.0, 0.0, 0.0], [0.0, 0.0, 0.0, 1.2990304781262982, 0.0, 0.0, 0.0, 1.3928509995304028, 0.0, 1.0418085802294326, 0.0, 0.0, 0.0, 0.0, 0.0, 0.0, 0.0, 0.0, 0.0, 0.0, 0.0, 0.0, 0.0, 0.0, 0.0, 0.0, 0.0, 0.0, 0.0, 0.0, 0.0, 0.0, 0.0], [0.0, 0.0, 0.0, 0.0, 0.0, 0.0, 0.0, 0.0, 1.0418085802294326, 0.0, 0.988622046320138, 1.237026266142579, 0.16398648660758441, 0.0, 0.0, 0.0, 0.0, 0.0, 0.0, 0.0, 0.0, 0.0, 0.0, 0.0, 0.0, 0.0, 0.0, 0.0, 0.0, 0.0, 0.0, 0.0, 0.0], [0.0, 0.0, 0.0, 0.0, 0.0, 0.0, 0.0, 0.0, 0.0, 0.988622046320138, 0.0, 0.0, 0.0, 0.0, 0.0, 0.0, 0.0, 0.0, 0.0, 0.0, 0.0, 0.0, 0.0, 0.0, 0.0, 0.0, 0.0, 0.9730240484836458, 0.9789332250253127, 0.9718556103462457, 0.0, 0.0, 0.0], [0.0, 0.0, 0.0, 0.0, 0.0, 0.0, 0.0, 0.0, 0.0, 1.237026266142579, 0.0, 0.0, 1.5610233502067576, 1.038873987958684, 0.0, 0.0, 0.0, 0.0, 0.0, 0.0, 0.0, 0.0, 0.0, 0.0, 0.0, 0.0, 0.0, 0.0, 0.0, 0.0, 0.0, 0.0, 0.0], [0.0, 0.0, 0.0, 0.0, 0.0, 0.0, 0.0, 0.0, 0.0, 0.16398648660758441, 0.0, 1.5610233502067576, 0.0, 0.0, 0.0, 0.0, 0.0, 0.0, 0.0, 0.0, 0.0, 0.0, 0.0, 0.0, 0.0, 0.0, 0.0, 0.0, 0.0, 0.0, 0.0, 0.0, 0.0], [0.0, 0.0, 0.0, 0.0, 0.0, 0.0, 0.0, 0.0, 0.0, 0.0, 0.0, 1.038873987958684, 0.0, 0.0, 1.3951341848931917, 0.0, 0.10139834211955445, 0.0, 1.3259014680481074, 0.0, 0.0, 0.0, 0.0, 0.0, 0.0, 0.0, 0.0, 0.0, 0.0, 0.0, 0.0, 0.0, 0.0], [0.0, 0.0, 0.0, 0.0, 0.0, 0.0, 0.0, 0.0, 0.0, 0.0, 0.0, 0.0, 0.0, 1.3951341848931917, 0.0, 1.4338148916050741, 0.0, 0.10100265586477628, 0.0, 0.0, 0.0, 0.0, 0.0, 0.0, 0.0, 0.0, 0.0, 0.0, 0.0, 0.0, 0.9674528550091761, 0.0, 0.0], [0.0, 0.0, 0.0, 0.0, 0.0, 0.0, 0.0, 0.0, 0.0, 0.0, 0.0, 0.0, 0.0, 0.0, 1.4338148916050741, 0.0, 1.4334362814647603, 0.0, 0.0, 0.0, 0.0, 0.0, 0.0, 0.0, 0.0, 0.0, 0.0, 0.0, 0.0, 0.0, 0.0, 0.9670738536467658, 0.0], [0.0, 0.0, 0.0, 0.0, 0.0, 0.0, 0.0, 0.0, 0.0, 0.0, 0.0, 0.0, 0.0, 0.10139834211955445, 0.0, 1.4334362814647603, 0.0, 1.4232208821034953, 0.0, 0.0, 0.0, 0.0, 0.0, 0.0, 0.0, 0.0, 0.0, 0.0, 0.0, 0.0, 0.0, 0.0, 0.9628996544263336], [0.0, 0.0, 0.0, 0.0, 0.0, 0.0, 0.0, 0.0, 0.0, 0.0, 0.0, 0.0, 0.0, 0.0, 0.10100265586477628, 0.0, 1.4232208821034953, 0.0, 1.3682457705681155, 0.0, 0.0, 0.0, 0.0, 0.0, 0.0, 0.0, 0.0, 0.0, 0.0, 0.0, 0.0, 0.0, 0.0], [0.0, 0.0, 1.0528233895395283, 0.0, 0.0, 0.0, 0.0, 0.0, 0.0, 0.0, 0.0, 0.0, 0.0, 1.3259014680481074, 0.0, 0.0, 0.0, 1.3682457705681155, 0.0, 0.0, 0.0, 0.0, 0.0, 0.0, 0.0, 0.0, 0.0, 0.0, 0.0, 0.0, 0.0, 0.0, 0.0], [0.9854450675604002, 0.0, 0.0, 0.0, 0.0, 0.0, 0.0, 0.0, 0.0, 0.0, 0.0, 0.0, 0.0, 0.0, 0.0, 0.0, 0.0, 0.0, 0.0, 0.0, 0.0, 0.0, 0.0, 0.0, 0.0, 0.0, 0.0, 0.0, 0.0, 0.0, 0.0, 0.0, 0.0], [0.9870666802506597, 0.0, 0.0, 0.0, 0.0, 0.0, 0.0, 0.0, 0.0, 0.0, 0.0, 0.0, 0.0, 0.0, 0.0, 0.0, 0.0, 0.0, 0.0, 0.0, 0.0, 0.0, 0.0, 0.0, 0.0, 0.0, 0.0, 0.0, 0.0, 0.0, 0.0, 0.0, 0.0], [0.9848010766479699, 0.0, 0.0, 0.0, 0.0, 0.0, 0.0, 0.0, 0.0, 0.0, 0.0, 0.0, 0.0, 0.0, 0.0, 0.0, 0.0, 0.0, 0.0, 0.0, 0.0, 0.0, 0.0, 0.0, 0.0, 0.0, 0.0, 0.0, 0.0, 0.0, 0.0, 0.0, 0.0], [0.0, 0.9725688996293292, 0.0, 0.0, 0.0, 0.0, 0.0, 0.0, 0.0, 0.0, 0.0, 0.0, 0.0, 0.0, 0.0, 0.0, 0.0, 0.0, 0.0, 0.0, 0.0, 0.0, 0.0, 0.0, 0.0, 0.0, 0.0, 0.0, 0.0, 0.0, 0.0, 0.0, 0.0], [0.0, 0.9658857415322167, 0.0, 0.0, 0.0, 0.0, 0.0, 0.0, 0.0, 0.0, 0.0, 0.0, 0.0, 0.0, 0.0, 0.0, 0.0, 0.0, 0.0, 0.0, 0.0, 0.0, 0.0, 0.0, 0.0, 0.0, 0.0, 0.0, 0.0, 0.0, 0.0, 0.0, 0.0], [0.0, 0.0, 0.0, 0.0, 0.0, 0.9626397556421189, 0.0, 0.0, 0.0, 0.0, 0.0, 0.0, 0.0, 0.0, 0.0, 0.0, 0.0, 0.0, 0.0, 0.0, 0.0, 0.0, 0.0, 0.0, 0.0, 0.0, 0.0, 0.0, 0.0, 0.0, 0.0, 0.0, 0.0], [0.0, 0.0, 0.0, 0.0, 0.0, 0.0, 0.9680831204990394, 0.0, 0.0, 0.0, 0.0, 0.0, 0.0, 0.0, 0.0, 0.0, 0.0, 0.0, 0.0, 0.0, 0.0, 0.0, 0.0, 0.0, 0.0, 0.0, 0.0, 0.0, 0.0, 0.0, 0.0, 0.0, 0.0], [0.0, 0.0, 0.0, 0.0, 0.0, 0.0, 0.0, 0.965787575710993, 0.0, 0.0, 0.0, 0.0, 0.0, 0.0, 0.0, 0.0, 0.0, 0.0, 0.0, 0.0, 0.0, 0.0, 0.0, 0.0, 0.0, 0.0, 0.0, 0.0, 0.0, 0.0, 0.0, 0.0, 0.0], [0.0, 0.0, 0.0, 0.0, 0.0, 0.0, 0.0, 0.0, 0.0, 0.0, 0.9730240484836458, 0.0, 0.0, 0.0, 0.0, 0.0, 0.0, 0.0, 0.0, 0.0, 0.0, 0.0, 0.0, 0.0, 0.0, 0.0, 0.0, 0.0, 0.0, 0.0, 0.0, 0.0, 0.0], [0.0, 0.0, 0.0, 0.0, 0.0, 0.0, 0.0, 0.0, 0.0, 0.0, 0.9789332250253127, 0.0, 0.0, 0.0, 0.0, 0.0, 0.0, 0.0, 0.0, 0.0, 0.0, 0.0, 0.0, 0.0, 0.0, 0.0, 0.0, 0.0, 0.0, 0.0, 0.0, 0.0, 0.0], [0.0, 0.0, 0.0, 0.0, 0.0, 0.0, 0.0, 0.0, 0.0, 0.0, 0.9718556103462457, 0.0, 0.0, 0.0, 0.0, 0.0, 0.0, 0.0, 0.0, 0.0, 0.0, 0.0, 0.0, 0.0, 0.0, 0.0, 0.0, 0.0, 0.0, 0.0, 0.0, 0.0, 0.0], [0.0, 0.0, 0.0, 0.0, 0.0, 0.0, 0.0, 0.0, 0.0, 0.0, 0.0, 0.0, 0.0, 0.0, 0.9674528550091761, 0.0, 0.0, 0.0, 0.0, 0.0, 0.0, 0.0, 0.0, 0.0, 0.0, 0.0, 0.0, 0.0, 0.0, 0.0, 0.0, 0.0, 0.0], [0.0, 0.0, 0.0, 0.0, 0.0, 0.0, 0.0, 0.0, 0.0, 0.0, 0.0, 0.0, 0.0, 0.0, 0.0, 0.9670738536467658, 0.0, 0.0, 0.0, 0.0, 0.0, 0.0, 0.0, 0.0, 0.0, 0.0, 0.0, 0.0, 0.0, 0.0, 0.0, 0.0, 0.0], [0.0, 0.0, 0.0, 0.0, 0.0, 0.0, 0.0, 0.0, 0.0, 0.0, 0.0, 0.0, 0.0, 0.0, 0.0, 0.0, 0.9628996544263336, 0.0, 0.0, 0.0, 0.0, 0.0, 0.0, 0.0, 0.0, 0.0, 0.0, 0.0, 0.0, 0.0, 0.0, 0.0, 0.0]], "Born radii": [], "Atomic SASAs": [], "Solvent H bonds": [], "Total SASA": NaN, "Total FOD": 0.0, "FOD": [0.0, 0.0, 0.0, 0.0, 0.0, 0.0, 0.0, 0.0, 0.0, 0.0, 0.0, 0.0, 0.0, 0.0, 0.0, 0.0, 0.0, 0.0, 0.0, 0.0, 0.0, 0.0, 0.0, 0.0, 0.0, 0.0, 0.0, 0.0, 0.0, 0.0, 0.0, 0.0, 0.0], "FOD s proportion": [0.0, 0.0, 0.0, 0.0, 0.0, 0.0, 0.0, 0.0, 0.0, 0.0, 0.0, 0.0, 0.0, 0.0, 0.0, 0.0, 0.0, 0.0, 0.0, 0.0, 0.0, 0.0, 0.0, 0.0, 0.0, 0.0, 0.0, 0.0, 0.0, 0.0, 0.0, 0.0, 0.0], "FOD p proportion": [0.0, 0.0, 0.0, 0.0, 0.0, 0.0, 0.0, 0.0, 0.0, 0.0, 0.0, 0.0, 0.0, 0.0, 0.0, 0.0, 0.0, 0.0, 0.0, 0.0, 0.0, 0.0, 0.0, 0.0, 0.0, 0.0, 0.0, 0.0, 0.0, 0.0, 0.0, 0.0, 0.0], "FOD d proportion": [0.0, 0.0, 0.0, 0.0, 0.0, 0.0, 0.0, 0.0, 0.0, 0.0, 0.0, 0.0, 0.0, 0.0, 0.0, 0.0, 0.0, 0.0, 0.0, 0.0, 0.0, 0.0, 0.0, 0.0, 0.0, 0.0, 0.0, 0.0, 0.0, 0.0, 0.0, 0.0, 0.0], "coordinates": [["3.12430", "-0.49530", "-1.39010"], ["2.52640", "0.38960", "-0.29720"], ["1.05370", "0.31690", "-0.30010"], ["0.52730", "-0.91110", "0.18350"], ["1.35550", "-1.74690", "0.87260"], ["0.86210", "-2.89340", "1.37790"], ["-0.44860", "-3.28360", "1.23220"], ["-1.29600", "-2.45230", "0.50960"], ["-0.83060", "-1.24370", "-0.04210"], ["-1.71520", "-0.46330", "-0.88190"], ["-2.71280", "-1.24110", "-1.64240"], ["-1.64470", "0.94420", "-1.01290"], ["-2.44410", "1.81620", "-2.24070"], ["-0.89240", "1.72900", "0.01190"], ["-1.51340", "2.80100", "0.67440"], ["-0.77110", "3.61270", "1.52170"], ["0.57140", "3.33130", "1.66830"], ["1.19150", "2.29900", "1.05710"], ["0.46020", "1.48180", "0.24820"], ["2.93400", "-1.55820", "-1.21700"], ["2.70780", "-0.23690", "-2.36970"], ["4.20910", "-0.35490", "-1.43410"], ["2.85460", "1.40940", "-0.54350"], ["2.95930", "0.15010", "0.68300"], ["1.57520", "-3.50380", "1.92430"], ["-0.80470", "-4.21210", "1.66350"], ["-2.33280", "-2.75750", "0.40300"], ["-3.62480", "-1.31650", "-1.04170"], ["-2.33090", "-2.23910", "-1.88260"], ["-2.96430", "-0.77960", "-2.59860"], ["-2.56780", "3.01600", "0.52120"], ["-1.22470", "4.45160", "2.03720"], ["1.20690", "3.94020", "2.30520"]], "bond_dist": [[0.0, 1.5280585165496767, 2.4769241409457816, 3.064884271877162, 3.13288481914034, 4.304678437467774, 5.2360947842834165, 5.19401205042884, 4.244813372811578, 4.86621531480061, 5.889958347900262, 4.995778326747495, 6.088811967042504, 4.800728421812673, 6.052769219952137, 6.366190729156644, 5.523945739233867, 4.187196695881386, 3.7000513658596685, 1.0935877239618228, 1.095380742025347, 1.094732478736244, 2.1017496853812063, 2.1775008082662106, 4.736668704902212, 6.210967412569478, 6.173548158069232, 6.80779720687977, 5.748269455236071, 6.213883544129227, 6.955738479126425, 7.4250929893167, 6.083200235073641], [1.5280585165496767, 0.0, 1.4744961817515838, 2.4329598825299197, 2.702604503067365, 4.044000927299598, 4.968107043935346, 4.830948520735861, 3.741950547508612, 4.365831313736251, 5.649598407851659, 4.2682411904671, 5.524332544298904, 3.684796956414288, 4.804044187973296, 4.956841440877446, 4.042129901425732, 2.6947903183735837, 2.399905089790011, 2.1922806937068984, 2.1727090141111858, 2.162938082793865, 1.0992592824261254, 1.0979775498615625, 4.58240190838822, 6.009676745882427, 5.831495784959465, 6.426688019501181, 5.7460351669651315, 6.067228122462514, 5.78952754203657, 6.001667982319582, 4.595685625671103], [2.4769241409457816, 1.4744961817515838, 0.0, 1.420897575478261, 2.3928182066341774, 3.627453741951784, 4.191473348358546, 3.72091021391272, 2.460207887557472, 2.934963456331271, 4.291346588193501, 2.8605858997764777, 4.271818546005905, 2.4245980326643837, 3.702756469172662, 4.184632351832118, 3.632329722092971, 2.406179770923195, 1.4176978345190487, 2.8093119638089323, 2.706655761267029, 3.41962284470086, 2.1203869033740044, 2.1507252753431803, 4.451703730034154, 5.274582118044993, 4.627598428991003, 5.010621555256393, 4.5269149992019955, 4.7570724715942685, 4.590744683599819, 5.267809975691986, 4.465351186636949], [3.064884271877162, 2.4329598825299197, 1.420897575478261, 0.0, 1.363574600086112, 2.338417347267164, 2.7714452457156713, 2.4095770458734043, 1.4161251816135465, 2.522777883603707, 3.733772732773113, 3.0969493134373383, 4.705754869306305, 3.002519385449493, 4.264402151533084, 4.892993791126246, 4.49494534004586, 3.3925035902707603, 2.3947147867752436, 2.858731108376582, 3.4246103617784027, 4.059758544544245, 3.365943335827269, 2.7000499421307005, 3.2940206951383897, 3.8550259402499485, 3.411384648496853, 4.348033878662861, 3.7685090486822506, 4.466390401655458, 5.011566592394039, 5.9383717448472355, 5.338406011161009], [3.13288481914034, 2.702604503067365, 2.3928182066341774, 1.363574600086112, 0.0, 1.3465637378156299, 2.396984743380733, 2.7676362495819427, 2.422585300871777, 3.762326102293633, 4.809586627767505, 4.449531379819677, 6.068383529408799, 4.227971110355415, 5.380823808674653, 5.80250553898917, 5.19962176893666, 4.053423622075541, 3.4082167096591727, 2.6255852871312335, 3.823784065556004, 3.9244823671409206, 3.7702612256977632, 2.4913312906957996, 2.059378204701604, 3.3718241190785734, 3.852972022997312, 5.352866217270893, 4.628491421618928, 5.625439606821852, 6.180694237705017, 6.814332502160428, 5.866645645511581], [4.304678437467774, 4.044000927299598, 3.627453741951784, 2.338417347267164, 1.3465637378156299, 0.0, 1.375288704236314, 2.3676802381233832, 2.757379803364056, 4.201732659272839, 4.963085470753048, 5.16983023318948, 6.79746692231746, 5.129406204425616, 6.210000310789042, 6.709497588493493, 6.238247249027567, 5.212718557528308, 4.536531796427751, 3.5789711733960643, 4.950566280740013, 5.055070251737359, 5.116241007810324, 3.760854437491566, 1.0861181933841269, 2.144471797436376, 3.3430950973611266, 5.336042482964317, 4.610229684082996, 5.909487257791492, 6.886156929666938, 7.664100451455474, 6.90484332117681], [5.2360947842834165, 4.968107043935346, 4.191473348358546, 2.7714452457156713, 2.396984743380733, 1.375288704236314, 0.0, 1.389711196616045, 2.4353555181944175, 3.7453686681019804, 4.190672147758638, 4.934108030840022, 6.484675373524877, 5.178054585459678, 6.202200983521898, 6.90990377574102, 6.707271071009432, 5.8211691935555345, 4.950071777257376, 4.518580369983475, 5.676171725732053, 6.1139683242555325, 6.007369618227266, 4.868849837487289, 2.150176013725388, 1.0839461010585356, 2.124750218260961, 4.373596924729118, 3.786292722439722, 5.222431534256816, 6.684421425972483, 7.81560459913371, 7.48834398849305], [5.19401205042884, 4.830948520735861, 3.72091021391272, 2.4095770458734043, 2.7676362495819427, 2.3676802381233832, 1.389711196616045, 0.0, 1.4077229876648318, 2.4633558187967894, 2.8470039831373612, 3.7384234899219217, 5.205994232613018, 4.230114412164286, 5.260378569076565, 6.171230948522345, 6.187066947269925, 5.3909427923137905, 4.316214917030893, 4.655476599661951, 5.4063647758914675, 6.2034814789761406, 5.766214257205501, 4.991005050087607, 3.3690974726178524, 2.1609620403884935, 1.0860316938284997, 3.019914364679899, 2.61516597752418, 3.9041077623446823, 5.614259941434846, 7.071243218840659, 7.095966743157694], [4.244813372811578, 3.741950547508612, 2.460207887557472, 1.4161251816135465, 2.422585300871777, 2.757379803364056, 2.4353555181944175, 1.4077229876648318, 0.0, 1.448034999577013, 2.470555340404258, 2.52826380348254, 4.098806194491269, 2.9738326331520413, 4.164034843754313, 5.102316302425791, 5.081505402929333, 4.224671861813649, 3.029651626837647, 3.9561993655527523, 4.353348430805878, 5.303414516139578, 4.568483403712878, 4.102656512553787, 3.842220010618861, 3.4236151550663525, 2.1786026002922148, 2.9685103402211688, 2.5747158095603484, 3.3621059992213214, 4.6346752658627555, 6.075791750052004, 6.0443397282085325], [4.86621531480061, 4.365831313736251, 2.934963456331271, 2.522777883603707, 3.762326102293633, 4.201732659272839, 3.7453686681019804, 2.4633558187967894, 1.448034999577013, 0.0, 1.4759874152580028, 1.415340065143356, 2.7520452212854356, 2.506403313515205, 3.621939731690741, 4.825183288746657, 5.111853749864133, 4.45409106103591, 3.129361784773375, 4.788126842513678, 4.672016138670756, 5.950966802965717, 4.950211297510441, 4.9675065998949615, 5.28641001531285, 4.621858159874663, 2.7010648659371364, 2.097631626382478, 2.129308014355838, 2.1464751081715345, 3.8472256055500567, 5.737419025136652, 6.171473654646839], [5.889958347900262, 5.649598407851659, 4.291346588193501, 3.733772732773113, 4.809586627767505, 4.963085470753048, 4.190672147758638, 2.8470039831373612, 2.470555340404258, 1.4759874152580028, 0.0, 2.512497552237614, 3.1268587863861073, 3.8564308187753094, 4.810893369219485, 6.110736628263404, 6.530968219950239, 5.921415941309983, 4.588734223072851, 5.671672399742426, 5.560601342480866, 6.98150692472621, 6.263279829290721, 6.286146753775321, 6.018978665853536, 4.837009553432782, 2.5743989822869335, 1.0946550369865384, 1.0952386269667447, 1.091124621663355, 4.777561132000302, 6.939793300956449, 7.602201229907033], [4.995778326747495, 4.2682411904671, 2.8605858997764777, 3.0969493134373383, 4.449531379819677, 5.16983023318948, 4.934108030840022, 3.7384234899219217, 2.52826380348254, 1.415340065143356, 2.512497552237614, 0.0, 1.704968386803697, 1.4940151839924518, 2.512354915214011, 3.7826269139316397, 4.218788814339964, 3.7635639332951416, 2.511969542012801, 5.22189201918232, 4.7095816905538435, 6.0109936524671195, 4.547576045543384, 4.970260317126257, 6.227327183471252, 5.869935830143291, 4.022541150814992, 3.0053934750711093, 3.3705559511748207, 2.6883591817314887, 2.7382351359954464, 4.667050971437959, 5.3025867432791705], [6.088811967042504, 5.524332544298904, 4.271818546005905, 4.705754869306305, 6.068383529408799, 6.79746692231746, 6.484675373524877, 5.205994232613018, 4.098806194491269, 2.7520452212854356, 3.1268587863861073, 1.704968386803697, 0.0, 2.7367103409020106, 3.214629300557064, 4.492437535458897, 5.164208483398013, 4.932156530362758, 3.8394537450007133, 6.431057196138128, 5.547425909374546, 7.04481007621923, 5.578727074342318, 6.365582648901826, 7.86157729021346, 7.366872531135584, 5.28396338651206, 3.556045947397193, 4.072653672975398, 2.671493606580409, 3.0137872088121944, 5.1703672915954435, 6.205351223742295], [4.800728421812673, 3.684796956414288, 2.4245980326643837, 3.002519385449493, 4.227971110355415, 5.129406204425616, 5.178054585459678, 4.230114412164286, 2.9738326331520413, 2.506403313515205, 3.8564308187753094, 1.4940151839924518, 2.7367103409020106, 0.0, 1.404895458744173, 2.4171337199253164, 2.7301532356261617, 2.3999963020804844, 1.3951603097852232, 5.1920338991574395, 4.743229006699972, 5.6972675433052995, 3.801397416740323, 4.21650249733117, 6.093317598812654, 6.167020598311636, 4.728254817583333, 4.225062481194805, 4.626470588904678, 4.171397106486027, 2.173182148371369, 3.4095181683047238, 3.81519210787609], [6.052769219952137, 4.804044187973296, 3.702756469172662, 4.264402151533084, 5.380823808674653, 6.210000310789042, 6.202200983521898, 5.260378569076565, 4.164034843754313, 3.621939731690741, 4.810893369219485, 2.512354915214011, 3.214629300557064, 1.404895458744173, 0.0, 1.3884464231651144, 2.3696933008302996, 2.777579395804916, 2.411852408419719, 6.508408819365914, 6.026102443536784, 6.866766583334546, 4.743337956544948, 5.19926822350992, 7.13107306160861, 7.117875111997963, 5.625121916012132, 4.935262446922149, 5.710443350563948, 5.063431264468789, 1.0869473768310958, 2.159873118958611, 3.3700619237634193], [6.366190729156644, 4.956841440877446, 4.184632351832118, 4.892993791126246, 5.80250553898917, 6.709497588493493, 6.90990377574102, 6.171230948522345, 5.102316302425791, 4.825183288746657, 6.110736628263404, 3.7826269139316397, 4.492437535458897, 2.4171337199253164, 1.3884464231651144, 0.0, 1.3794867777546835, 2.406960658174537, 2.771035320958576, 6.925781581164685, 6.485765901572458, 7.020042410128303, 4.718610221240995, 5.15838158825033, 7.504117716294168, 7.82615686272643, 6.6535587936081235, 6.245929545712151, 6.947359050027571, 6.409313350117936, 2.14130381543582, 1.0840878285452706, 2.1525827510225946], [5.523945739233867, 4.042129901425732, 3.632329722092971, 4.49494534004586, 5.19962176893666, 6.238247249027567, 6.707271071009432, 6.187066947269925, 5.081505402929333, 5.111853749864133, 6.530968219950239, 4.218788814339964, 5.164208483398013, 2.7301532356261617, 2.3696933008302996, 1.3794867777546835, 0.0, 1.3504564931903582, 2.3344591879062695, 6.1493125713367345, 5.7966973528035775, 6.037037144990911, 3.714668368778026, 4.097916048432422, 6.913157198415208, 7.667891353559987, 6.863588505293714, 6.823066706401162, 7.2153719419029265, 6.899790497544109, 3.3570566185276056, 2.148751849330211, 1.0863982096818827], [4.187196695881386, 2.6947903183735837, 2.406179770923195, 3.3925035902707603, 4.053423622075541, 5.212718557528308, 5.8211691935555345, 5.3909427923137905, 4.224671861813649, 4.45409106103591, 5.921415941309983, 3.7635639332951416, 4.932156530362758, 2.3999963020804844, 2.777579395804916, 2.406960658174537, 1.3504564931903582, 0.0, 1.3626939274833507, 4.804771472193032, 4.5247002928370845, 4.728125676206164, 2.473703727207444, 2.807639374991026, 5.879774601972425, 6.837174753507476, 6.198123066703339, 6.377581624722651, 6.453176695240879, 6.333450409531917, 3.864403485662438, 3.3811692075375346, 2.0619234248633], [3.7000513658596685, 2.399905089790011, 1.4176978345190487, 2.3947147867752436, 3.4082167096591727, 4.536531796427751, 4.950071777257376, 4.316214917030893, 3.029651626837647, 3.129361784773375, 4.588734223072851, 2.511969542012801, 3.8394537450007133, 1.3951603097852232, 2.411852408419719, 2.771035320958576, 2.3344591879062695, 1.3626939274833507, 0.0, 4.184267854714848, 3.8547419965543743, 4.500872292122939, 2.522931233704161, 2.8649566733198606, 5.376685184200392, 6.001961621836648, 5.079023186597991, 5.116790976774408, 5.116213898968651, 4.9945370606293436, 3.405448963059056, 3.8547530465647215, 3.291282493193193], [1.0935877239618228, 2.1922806937068984, 2.8093119638089323, 2.858731108376582, 2.6255852871312335, 3.5789711733960643, 4.518580369983475, 4.655476599661951, 3.9561993655527523, 4.788126842513678, 5.671672399742426, 5.22189201918232, 6.431057196138128, 5.1920338991574395, 6.508408819365914, 6.925781581164685, 6.1493125713367345, 4.804771472193032, 4.184267854714848, 0.0, 1.7679698583403507, 1.7666191751478304, 3.0441018987543766, 2.5551768979857346, 3.936935672575817, 5.414641553233234, 5.639317576622193, 6.5655926175784005, 5.350310288198247, 6.107780235895854, 7.363046116927423, 8.000143709334226, 6.754344513718559], [1.095380742025347, 2.1727090141111858, 2.706655761267029, 3.4246103617784027, 3.823784065556004, 4.950566280740013, 5.676171725732053, 5.4063647758914675, 4.353348430805878, 4.672016138670756, 5.560601342480866, 4.7095816905538435, 5.547425909374546, 4.743229006699972, 6.026102443536784, 6.485765901572458, 5.7966973528035775, 4.5247002928370845, 3.8547419965543743, 1.7679698583403507, 0.0, 1.7728996164475868, 2.463099748284669, 3.087393486421839, 5.513062159090898, 6.663825742769689, 6.280838957496044, 6.559797475532306, 5.443764225239738, 5.7025991363587885, 6.838904633053454, 7.541044762498099, 6.446359843353457], [1.094732478736244, 2.162938082793865, 3.41962284470086, 4.059758544544245, 3.9244823671409206, 5.055070251737359, 6.1139683242555325, 6.2034814789761406, 5.303414516139578, 5.950966802965717, 6.98150692472621, 6.0109936524671195, 7.04481007621923, 5.6972675433052995, 6.866766583334546, 7.020042410128303, 6.037037144990911, 4.728125676206164, 4.500872292122939, 1.7666191751478304, 1.7728996164475868, 0.0, 2.3959534845234374, 2.5098082496477696, 5.303946736157896, 7.043529515803849, 7.2072101939654845, 7.902445288010541, 6.8207742881582005, 7.279704520102448, 7.817450895912299, 8.042297456572966, 6.437658995318096], [2.1017496853812063, 1.0992592824261254, 2.1203869033740044, 3.365943335827269, 3.7702612256977632, 5.116241007810324, 6.007369618227266, 5.766214257205501, 4.568483403712878, 4.950211297510441, 6.263279829290721, 4.547576045543384, 5.578727074342318, 3.801397416740323, 4.743337956544948, 4.718610221240995, 3.714668368778026, 2.473703727207444, 2.522931233704161, 3.0441018987543766, 2.463099748284669, 2.3959534845234374, 0.0, 1.7609942731309494, 5.645036354178775, 7.061344612749048, 6.720716972168967, 7.04708155267129, 6.48028944646765, 6.547881658979491, 5.75475207198364, 5.705758654201911, 4.151500405877374], [2.1775008082662106, 1.0979775498615625, 2.1507252753431803, 2.7000499421307005, 2.4913312906957996, 3.760854437491566, 4.868849837487289, 4.991005050087607, 4.102656512553787, 4.9675065998949615, 6.286146753775321, 4.970260317126257, 6.365582648901826, 4.21650249733117, 5.19926822350992, 5.15838158825033, 4.097916048432422, 2.807639374991026, 2.8649566733198606, 2.5551768979857346, 3.087393486421839, 2.5098082496477696, 1.7609942731309494, 0.0, 4.0997004414956955, 5.844473037836687, 6.04473822179257, 6.962462097562901, 6.346400242657251, 6.835369603028062, 6.228033113270994, 6.151635220817306, 4.479653626118877], [4.736668704902212, 4.58240190838822, 4.451703730034154, 3.2940206951383897, 2.059378204701604, 1.0861181933841269, 2.150176013725388, 3.3690974726178524, 3.842220010618861, 5.28641001531285, 6.018978665853536, 6.227327183471252, 7.86157729021346, 6.093317598812654, 7.13107306160861, 7.504117716294168, 6.913157198415208, 5.879774601972425, 5.376685184200392, 3.936935672575817, 5.513062159090898, 5.303946736157896, 5.645036354178775, 4.0997004414956955, 0.0, 2.4967237612519333, 4.259551781584537, 6.373494903896919, 5.599068753819692, 6.963113549268029, 7.85117383898739, 8.434487274280517, 7.462832284059451], [6.210967412569478, 6.009676745882427, 5.274582118044993, 3.8550259402499485, 3.3718241190785734, 2.144471797436376, 1.0839461010585356, 2.1609620403884935, 3.4236151550663525, 4.621858159874663, 4.837009553432782, 5.869935830143291, 7.366872531135584, 6.167020598311636, 7.117875111997963, 7.82615686272643, 7.667891353559987, 6.837174753507476, 6.001961621836648, 5.414641553233234, 6.663825742769689, 7.043529515803849, 7.061344612749048, 5.844473037836687, 2.4967237612519333, 0.0, 2.457602697752426, 4.86369925159852, 4.335532337556716, 5.883147526622124, 7.527204030049937, 8.681920834700119, 8.421300893567453], [6.173548158069232, 5.831495784959465, 4.627598428991003, 3.411384648496853, 3.852972022997312, 3.3430950973611266, 2.124750218260961, 1.0860316938284997, 2.1786026002922148, 2.7010648659371364, 2.5743989822869335, 4.022541150814992, 5.28396338651206, 4.728254817583333, 5.625121916012132, 6.6535587936081235, 6.863588505293714, 6.198123066703339, 5.079023186597991, 5.639317576622193, 6.280838957496044, 7.2072101939654845, 6.720716972168967, 6.04473822179257, 4.259551781584537, 2.457602697752426, 0.0, 2.415140387223898, 2.3436530310606987, 3.6497237183107436, 5.779489466207202, 7.4745981871937435, 7.810699470598007], [6.80779720687977, 6.426688019501181, 5.010621555256393, 4.348033878662861, 5.352866217270893, 5.336042482964317, 4.373596924729118, 3.019914364679899, 2.9685103402211688, 2.097631626382478, 1.0946550369865384, 3.0053934750711093, 3.556045947397193, 4.225062481194805, 4.935262446922149, 6.245929545712151, 6.823066706401162, 6.377581624722651, 5.116790976774408, 6.5655926175784005, 6.559797475532306, 7.902445288010541, 7.04708155267129, 6.962462097562901, 6.373494903896919, 4.86369925159852, 2.415140387223898, 0.0, 1.7979101145496679, 1.7743898866934513, 4.725511788155861, 6.964989793962372, 7.885427026483728], [5.748269455236071, 5.7460351669651315, 4.5269149992019955, 3.7685090486822506, 4.628491421618928, 4.610229684082996, 3.786292722439722, 2.61516597752418, 2.5747158095603484, 2.129308014355838, 1.0952386269667447, 3.3705559511748207, 4.072653672975398, 4.626470588904678, 5.710443350563948, 6.947359050027571, 7.2153719419029265, 6.453176695240879, 5.116213898968651, 5.350310288198247, 5.443764225239738, 6.8207742881582005, 6.48028944646765, 6.346400242657251, 5.599068753819692, 4.335532337556716, 2.3436530310606987, 1.7979101145496679, 0.0, 1.7447039319036342, 5.783636577448483, 7.8328779493874405, 8.260595993631453], [6.213883544129227, 6.067228122462514, 4.7570724715942685, 4.466390401655458, 5.625439606821852, 5.909487257791492, 5.222431534256816, 3.9041077623446823, 3.3621059992213214, 2.1464751081715345, 1.091124621663355, 2.6883591817314887, 2.671493606580409, 4.171397106486027, 5.063431264468789, 6.409313350117936, 6.899790497544109, 6.333450409531917, 4.9945370606293436, 6.107780235895854, 5.7025991363587885, 7.279704520102448, 6.547881658979491, 6.835369603028062, 6.963113549268029, 5.883147526622124, 3.6497237183107436, 1.7743898866934513, 1.7447039319036342, 0.0, 4.929193001902035, 7.2029371259230075, 7.982648427683635], [6.955738479126425, 5.78952754203657, 4.590744683599819, 5.011566592394039, 6.180694237705017, 6.886156929666938, 6.684421425972483, 5.614259941434846, 4.6346752658627555, 3.8472256055500567, 4.777561132000302, 2.7382351359954464, 3.0137872088121944, 2.173182148371369, 1.0869473768310958, 2.14130381543582, 3.3570566185276056, 3.864403485662438, 3.405448963059056, 7.363046116927423, 6.838904633053454, 7.817450895912299, 5.75475207198364, 6.228033113270994, 7.85117383898739, 7.527204030049937, 5.779489466207202, 4.725511788155861, 5.783636577448483, 4.929193001902035, 0.0, 2.4825633869047534, 4.276115261542888], [7.4250929893167, 6.001667982319582, 5.267809975691986, 5.9383717448472355, 6.814332502160428, 7.664100451455474, 7.81560459913371, 7.071243218840659, 6.075791750052004, 5.737419025136652, 6.939793300956449, 4.667050971437959, 5.1703672915954435, 3.4095181683047238, 2.159873118958611, 1.0840878285452706, 2.148751849330211, 3.3811692075375346, 3.8547530465647215, 8.000143709334226, 7.541044762498099, 8.042297456572966, 5.705758654201911, 6.151635220817306, 8.434487274280517, 8.681920834700119, 7.4745981871937435, 6.964989793962372, 7.8328779493874405, 7.2029371259230075, 2.4825633869047534, 0.0, 2.499206378032835], [6.083200235073641, 4.595685625671103, 4.465351186636949, 5.338406011161009, 5.866645645511581, 6.90484332117681, 7.48834398849305, 7.095966743157694, 6.0443397282085325, 6.171473654646839, 7.602201229907033, 5.3025867432791705, 6.205351223742295, 3.81519210787609, 3.3700619237634193, 2.1525827510225946, 1.0863982096818827, 2.0619234248633, 3.291282493193193, 6.754344513718559, 6.446359843353457, 6.437658995318096, 4.151500405877374, 4.479653626118877, 7.462832284059451, 8.421300893567453, 7.810699470598007, 7.885427026483728, 8.260595993631453, 7.982648427683635, 4.276115261542888, 2.499206378032835, 0.0]]}