{"total energy": -30.38310344, "HOMO-LUMO gap/eV": 11.6494167, "electronic energy": -30.77313723, "dipole": [0.00078742, 0.27702536, -0.7266265], "partial charges": [-0.10002322, -0.05226827, -0.05842718, -0.0577616, -0.06941081, 0.1074115, -0.45144013, -0.0666125, -0.10387834, 0.03184529, 0.03196561, 0.03154728, 0.02957978, 0.0297891, 0.02862271, 0.02829866, 0.0317472, 0.04142899, 0.03420741, 0.02779963, 0.04352055, 0.28372848, 0.0429297, 0.02757946, 0.0345611, 0.03728372, 0.03597589], "atomic dipole moments": [[-0.08075319, -0.03653606, 0.04830419], [-0.00617724, 0.04606409, -0.10094505], [0.00394004, -0.04600861, 0.09936398], [-0.01108846, 0.0505441, -0.10600359], [-0.00571525, -0.04240607, 0.09973169], [0.02564176, -0.17317939, -0.05050782], [-0.01535253, 0.15885524, -0.17036343], [0.06706684, 0.0875835, 0.03291917], [0.03154372, -0.09995939, 0.02205334], [0.01920194, -0.05989375, -0.10892106], [-0.01265119, 0.12286154, -0.02409233], [0.10237737, -0.01455265, 0.06976827], [-0.00878386, 0.05831401, 0.10886593], [0.02210985, -0.11888323, 0.02655141], [-0.01858801, 0.11922591, -0.02720836], [0.01214097, -0.05695729, -0.10904861], [-0.01247438, 0.05817591, 0.11047037], [0.02115979, -0.12185131, 0.0280277], [-0.01141607, 0.1205933, -0.0307591], [0.01801987, -0.06028389, -0.10626863], [-0.01351758, 0.06335258, 0.11265739], [0.00780222, -0.03381235, -0.06965487], [-0.09415688, -0.05779723, 0.05696255], [0.0016005, -0.06260431, -0.10548598], [0.07877969, 0.05773638, -0.07922624], [-0.11175906, 0.0021265, -0.05519916], [-0.00932212, 0.06867148, 0.10659088]], "atomic quadrupole moments": [[0.11393055, 0.10180599, -0.07986329, -0.12828763, -0.06596384, -0.03406726], [0.21990837, 0.07440318, -0.18209117, 0.01152764, -0.09055839, -0.0378172], [0.22164981, 0.07157006, -0.18606303, 0.02016384, -0.09321821, -0.03558678], [0.22309582, 0.07687998, -0.19728879, 0.02936412, -0.09097246, -0.02580703], [0.19700975, 0.05948184, -0.17239201, 0.01171829, -0.09460538, -0.02461774], [-0.03323623, -0.03744139, 0.26922687, 0.04103287, -0.18802773, -0.23599065], [-0.10275175, -0.03631099, 0.1426905, 0.00583983, -0.05977439, -0.03993875], [0.02379395, -0.10985925, 0.09343242, 0.16862175, -0.07674455, -0.11722637], [-0.08177807, -0.08502266, 0.19753114, 0.02250114, -0.06230817, -0.11575307], [-0.03917384, 0.00718942, -0.00659421, -0.01250102, 0.05490093, 0.04576805], [-0.03042328, -0.0246381, 0.07216366, -0.00768449, -0.02102717, -0.04174039], [0.04092828, -0.00818842, -0.04738136, 0.05359484, -0.01910387, 0.00645308], [-0.01552749, -0.00378633, -0.0084895, -0.01092359, 0.04419795, 0.02401699], [-0.01582299, -0.00844825, 0.05475236, 0.00124622, -0.0088926, -0.03892936], [-0.01859058, -0.01173005, 0.05512708, 0.00143861, -0.00761485, -0.03653651], [-0.02002751, -0.00387661, -0.00500904, -0.00835591, 0.04470698, 0.02503655], [-0.01859461, -0.00385191, -0.00575062, -0.00836628, 0.043883, 0.02434523], [-0.01720947, -0.00875348, 0.05218703, 0.00118745, -0.00706697, -0.03497756], [-0.01696232, -0.01204737, 0.05788015, 0.00786879, -0.01466082, -0.04091783], [-0.01736296, -0.00716726, -0.00888583, 1.21e-05, 0.05126316, 0.02624879], [-0.01236507, 0.00078141, -0.00354199, -0.00362869, 0.02078851, 0.01590706], [-0.08951949, -0.01842793, 0.00654484, -0.0201856, 0.08498852, 0.08297466], [0.01829918, 0.01195399, -0.01881567, -0.03686722, -0.0303048, 0.00051649], [-0.03125004, -0.01773067, -0.01507263, -0.01819715, 0.03181013, 0.04632268], [0.02200141, 0.02463855, -0.01411222, -0.05825094, -0.02564546, -0.00788919], [0.05577359, 0.00713533, -0.02645868, 0.05363684, -0.00249627, -0.02931491], [-0.05193268, -0.00472677, -0.00707654, -0.00060327, 0.04343735, 0.05900922]], "number of molecular orbitals": 54, "number of electrons": 56, "number of unpaired electrons": 0, "orbital energies/eV": [-18.45627254, -17.16472124, -16.91139696, -16.67697485, -16.35205504, -15.98511502, -15.66576772, -15.29853329, -15.06465259, -14.48699553, -14.46010643, -14.01973542, -13.9098367, -13.68505319, -13.35193144, -13.21719635, -13.04402974, -12.8263694, -12.42882557, -12.40866683, -12.26054233, -12.0692069, -11.87570046, -11.68550783, -11.65422323, -11.56103941, -11.38833299, -10.87864967, 0.77076703, 1.38520159, 2.6018934, 2.76927688, 2.9195657, 3.20644428, 3.39891764, 3.63325628, 3.7393868, 4.11892993, 4.24185392, 4.4862194, 4.85470922, 4.9132911, 5.00431908, 5.32900485, 5.51984569, 5.93013203, 6.34940142, 6.68433734, 6.87364958, 7.14734152, 7.32244124, 7.76006466, 7.77206604, 8.46230982], "fractional occupation": [2.0, 2.0, 2.0, 2.0, 2.0, 2.0, 2.0, 2.0, 2.0, 2.0, 2.0, 2.0, 2.0, 2.0, 2.0, 2.0, 2.0, 2.0, 2.0, 2.0, 2.0, 2.0, 2.0, 2.0, 2.0, 2.0, 2.0, 2.0, 0.0, 0.0, 0.0, 0.0, 0.0, 0.0, 0.0, 0.0, 0.0, 0.0, 0.0, 0.0, 0.0, 0.0, 0.0, 0.0, 0.0, 0.0, 0.0, 0.0, 0.0, 0.0, 0.0, 0.0, 0.0, 0.0], "program call": "xtb /home/svss/Project-DBcg-Debug/aqme2_20220329/End-to-End-workflows-final/example-3/QDESCP/mol_893_rdkit_conf_6/mol_893_rdkit_conf_6.xyz --pop --wbo --acc 0.2 --gfn 2 --chrg 0 --uhf 0 --etemp 300 --input /home/svss/Project-DBcg-Debug/aqme2_20220329/End-to-End-workflows-final/example-3/QDESCP/mol_893_rdkit_conf_6/mol_893_rdkit_conf_6_xtb.inp", "method": "GFN2-xTB", "xtb version": "6.3.3 (7355c4f)", "Dipole module/D": 1.977, "Total charge": 0, "Transition dipole module/D": NaN, "HOMO": -10.8786, "LUMO": 0.7708, "HOMO occupancy": 2.0, "LUMO occupancy": 0, "mulliken charges": [-0.0836, -0.03814, -0.04832, -0.03988, -0.0717, 0.21536, -0.56522, -0.06552, -0.0862, 0.02624, 0.02621, 0.0283, 0.02269, 0.02319, 0.02109, 0.02136, 0.02439, 0.03216, 0.02557, 0.02236, 0.02933, 0.33277, 0.03798, 0.02178, 0.0264, 0.03255, 0.02886], "cm5 charges": [-0.23393, -0.15066, -0.15901, -0.14965, -0.1783, 0.16764, -0.77642, -0.17343, -0.23647, 0.07753, 0.0775, 0.07907, 0.07741, 0.07789, 0.07644, 0.07671, 0.08029, 0.09031, 0.08211, 0.08005, 0.09624, 0.50306, 0.09512, 0.07859, 0.07819, 0.08334, 0.08037], "FUKUI+": [0.006, -0.011, -0.013, -0.017, -0.006, -0.034, -0.089, 0.0, 0.012, -0.032, -0.032, -0.057, -0.035, -0.035, -0.042, -0.041, -0.047, -0.042, -0.07, -0.05, -0.066, -0.081, -0.067, -0.042, -0.026, -0.046, -0.036], "FUKUI-": [0.015, 0.001, 0.0, 0.004, -0.005, -0.011, -0.099, -0.004, 0.016, -0.054, -0.058, -0.066, -0.066, -0.068, -0.054, -0.052, -0.038, -0.033, -0.042, -0.037, -0.048, -0.044, -0.067, -0.04, -0.042, -0.073, -0.035], "FUKUIrad": [0.011, -0.005, -0.007, -0.007, -0.005, -0.023, -0.094, -0.002, 0.014, -0.043, -0.045, -0.061, -0.051, -0.052, -0.048, -0.047, -0.043, -0.037, -0.056, -0.043, -0.057, -0.063, -0.067, -0.041, -0.034, -0.06, -0.036], "s proportion": [1.007, 1.027, 1.033, 1.031, 1.041, 1.022, 1.7, 1.038, 1.007, 0.974, 0.974, 0.972, 0.977, 0.977, 0.979, 0.979, 0.976, 0.968, 0.974, 0.978, 0.971, 0.667, 0.962, 0.978, 0.974, 0.967, 0.971], "p proportion": [3.076, 3.011, 3.015, 3.009, 3.031, 2.763, 4.866, 3.027, 3.079, 0.0, 0.0, 0.0, 0.0, 0.0, 0.0, 0.0, 0.0, 0.0, 0.0, 0.0, 0.0, 0.0, 0.0, 0.0, 0.0, 0.0, 0.0], "d proportion": [0.0, 0.0, 0.0, 0.0, 0.0, 0.0, 0.0, 0.0, 0.0, 0.0, 0.0, 0.0, 0.0, 0.0, 0.0, 0.0, 0.0, 0.0, 0.0, 0.0, 0.0, 0.0, 0.0, 0.0, 0.0, 0.0, 0.0], "Fermi-level/eV": -5.0539, "Coordination numbers": [3.75, 3.8, 3.802, 3.801, 3.8, 3.724, 1.653, 3.799, 3.749, 0.924, 0.924, 0.924, 0.924, 0.924, 0.924, 0.924, 0.924, 0.924, 0.924, 0.924, 0.924, 0.804, 0.924, 0.924, 0.924, 0.924, 0.924], "Dispersion coefficient C6": [22.474, 21.513, 21.624, 21.613, 21.829, 18.917, 21.875, 21.779, 22.55, 2.56, 2.559, 2.565, 2.593, 2.59, 2.606, 2.611, 2.562, 2.43, 2.528, 2.618, 2.403, 0.772, 2.41, 2.621, 2.523, 2.485, 2.503], "Total dispersion C6": 4847.180208, "Total dispersion C8": 100678.179357, "Polarizability alpha": [6.761, 6.604, 6.621, 6.619, 6.652, 6.211, 6.314, 6.645, 6.773, 2.502, 2.502, 2.504, 2.518, 2.517, 2.525, 2.527, 2.503, 2.438, 2.486, 2.53, 2.424, 1.38, 2.428, 2.532, 2.484, 2.465, 2.474], "Total polarizability alpha": 102.938063, "Wiberg matrix": [[0.0, 1.0200895084340802, 0.0, 0.0, 0.0, 0.0, 0.0, 0.0, 0.0, 0.9877340665635398, 0.9877173581748928, 0.9873673015180663, 0.0, 0.0, 0.0, 0.0, 0.0, 0.0, 0.0, 0.0, 0.0, 0.0, 0.0, 0.0, 0.0, 0.0, 0.0], [1.0200895084340802, 0.0, 1.0077069250132678, 0.0, 0.0, 0.0, 0.0, 0.0, 0.0, 0.0, 0.0, 0.0, 0.9780316533121085, 0.9780094451287615, 0.0, 0.0, 0.0, 0.0, 0.0, 0.0, 0.0, 0.0, 0.0, 0.0, 0.0, 0.0, 0.0], [0.0, 1.0077069250132678, 0.0, 1.0069376154858984, 0.0, 0.0, 0.0, 0.0, 0.0, 0.0, 0.0, 0.0, 0.0, 0.0, 0.9771866549936772, 0.9773508764007335, 0.0, 0.0, 0.0, 0.0, 0.0, 0.0, 0.0, 0.0, 0.0, 0.0, 0.0], [0.0, 0.0, 1.0069376154858984, 0.0, 1.006075111592373, 0.0, 0.0, 0.0, 0.0, 0.0, 0.0, 0.0, 0.0, 0.0, 0.0, 0.0, 0.9772872911496946, 0.9762523405087219, 0.0, 0.0, 0.0, 0.0, 0.0, 0.0, 0.0, 0.0, 0.0], [0.0, 0.0, 0.0, 1.006075111592373, 0.0, 0.9898356129299177, 0.0, 0.0, 0.0, 0.0, 0.0, 0.0, 0.0, 0.0, 0.0, 0.0, 0.0, 0.0, 0.972900367098491, 0.9751131826846791, 0.0, 0.0, 0.0, 0.0, 0.0, 0.0, 0.0], [0.0, 0.0, 0.0, 0.0, 0.9898356129299177, 0.0, 0.9820637418171599, 0.9887417054381201, 0.0, 0.0, 0.0, 0.0, 0.0, 0.0, 0.0, 0.0, 0.0, 0.0, 0.0, 0.0, 0.9629689667449308, 0.0, 0.0, 0.0, 0.0, 0.0, 0.0], [0.0, 0.0, 0.0, 0.0, 0.0, 0.9820637418171599, 0.0, 0.0, 0.0, 0.0, 0.0, 0.0, 0.0, 0.0, 0.0, 0.0, 0.0, 0.0, 0.0, 0.0, 0.0, 0.9018568204585448, 0.0, 0.0, 0.0, 0.0, 0.0], [0.0, 0.0, 0.0, 0.0, 0.0, 0.9887417054381201, 0.0, 0.0, 1.0201241403757513, 0.0, 0.0, 0.0, 0.0, 0.0, 0.0, 0.0, 0.0, 0.0, 0.0, 0.0, 0.0, 0.0, 0.9754791465788832, 0.9756283425636907, 0.0, 0.0, 0.0], [0.0, 0.0, 0.0, 0.0, 0.0, 0.0, 0.0, 1.0201241403757513, 0.0, 0.0, 0.0, 0.0, 0.0, 0.0, 0.0, 0.0, 0.0, 0.0, 0.0, 0.0, 0.0, 0.0, 0.0, 0.0, 0.9855197306676677, 0.9867263840266098, 0.9872464150707835], [0.9877340665635398, 0.0, 0.0, 0.0, 0.0, 0.0, 0.0, 0.0, 0.0, 0.0, 0.0, 0.0, 0.0, 0.0, 0.0, 0.0, 0.0, 0.0, 0.0, 0.0, 0.0, 0.0, 0.0, 0.0, 0.0, 0.0, 0.0], [0.9877173581748928, 0.0, 0.0, 0.0, 0.0, 0.0, 0.0, 0.0, 0.0, 0.0, 0.0, 0.0, 0.0, 0.0, 0.0, 0.0, 0.0, 0.0, 0.0, 0.0, 0.0, 0.0, 0.0, 0.0, 0.0, 0.0, 0.0], [0.9873673015180663, 0.0, 0.0, 0.0, 0.0, 0.0, 0.0, 0.0, 0.0, 0.0, 0.0, 0.0, 0.0, 0.0, 0.0, 0.0, 0.0, 0.0, 0.0, 0.0, 0.0, 0.0, 0.0, 0.0, 0.0, 0.0, 0.0], [0.0, 0.9780316533121085, 0.0, 0.0, 0.0, 0.0, 0.0, 0.0, 0.0, 0.0, 0.0, 0.0, 0.0, 0.0, 0.0, 0.0, 0.0, 0.0, 0.0, 0.0, 0.0, 0.0, 0.0, 0.0, 0.0, 0.0, 0.0], [0.0, 0.9780094451287615, 0.0, 0.0, 0.0, 0.0, 0.0, 0.0, 0.0, 0.0, 0.0, 0.0, 0.0, 0.0, 0.0, 0.0, 0.0, 0.0, 0.0, 0.0, 0.0, 0.0, 0.0, 0.0, 0.0, 0.0, 0.0], [0.0, 0.0, 0.9771866549936772, 0.0, 0.0, 0.0, 0.0, 0.0, 0.0, 0.0, 0.0, 0.0, 0.0, 0.0, 0.0, 0.0, 0.0, 0.0, 0.0, 0.0, 0.0, 0.0, 0.0, 0.0, 0.0, 0.0, 0.0], [0.0, 0.0, 0.9773508764007335, 0.0, 0.0, 0.0, 0.0, 0.0, 0.0, 0.0, 0.0, 0.0, 0.0, 0.0, 0.0, 0.0, 0.0, 0.0, 0.0, 0.0, 0.0, 0.0, 0.0, 0.0, 0.0, 0.0, 0.0], [0.0, 0.0, 0.0, 0.9772872911496946, 0.0, 0.0, 0.0, 0.0, 0.0, 0.0, 0.0, 0.0, 0.0, 0.0, 0.0, 0.0, 0.0, 0.0, 0.0, 0.0, 0.0, 0.0, 0.0, 0.0, 0.0, 0.0, 0.0], [0.0, 0.0, 0.0, 0.9762523405087219, 0.0, 0.0, 0.0, 0.0, 0.0, 0.0, 0.0, 0.0, 0.0, 0.0, 0.0, 0.0, 0.0, 0.0, 0.0, 0.0, 0.0, 0.0, 0.0, 0.0, 0.0, 0.0, 0.0], [0.0, 0.0, 0.0, 0.0, 0.972900367098491, 0.0, 0.0, 0.0, 0.0, 0.0, 0.0, 0.0, 0.0, 0.0, 0.0, 0.0, 0.0, 0.0, 0.0, 0.0, 0.0, 0.0, 0.0, 0.0, 0.0, 0.0, 0.0], [0.0, 0.0, 0.0, 0.0, 0.9751131826846791, 0.0, 0.0, 0.0, 0.0, 0.0, 0.0, 0.0, 0.0, 0.0, 0.0, 0.0, 0.0, 0.0, 0.0, 0.0, 0.0, 0.0, 0.0, 0.0, 0.0, 0.0, 0.0], [0.0, 0.0, 0.0, 0.0, 0.0, 0.9629689667449308, 0.0, 0.0, 0.0, 0.0, 0.0, 0.0, 0.0, 0.0, 0.0, 0.0, 0.0, 0.0, 0.0, 0.0, 0.0, 0.0, 0.0, 0.0, 0.0, 0.0, 0.0], [0.0, 0.0, 0.0, 0.0, 0.0, 0.0, 0.9018568204585448, 0.0, 0.0, 0.0, 0.0, 0.0, 0.0, 0.0, 0.0, 0.0, 0.0, 0.0, 0.0, 0.0, 0.0, 0.0, 0.0, 0.0, 0.0, 0.0, 0.0], [0.0, 0.0, 0.0, 0.0, 0.0, 0.0, 0.0, 0.9754791465788832, 0.0, 0.0, 0.0, 0.0, 0.0, 0.0, 0.0, 0.0, 0.0, 0.0, 0.0, 0.0, 0.0, 0.0, 0.0, 0.0, 0.0, 0.0, 0.0], [0.0, 0.0, 0.0, 0.0, 0.0, 0.0, 0.0, 0.9756283425636907, 0.0, 0.0, 0.0, 0.0, 0.0, 0.0, 0.0, 0.0, 0.0, 0.0, 0.0, 0.0, 0.0, 0.0, 0.0, 0.0, 0.0, 0.0, 0.0], [0.0, 0.0, 0.0, 0.0, 0.0, 0.0, 0.0, 0.0, 0.9855197306676677, 0.0, 0.0, 0.0, 0.0, 0.0, 0.0, 0.0, 0.0, 0.0, 0.0, 0.0, 0.0, 0.0, 0.0, 0.0, 0.0, 0.0, 0.0], [0.0, 0.0, 0.0, 0.0, 0.0, 0.0, 0.0, 0.0, 0.9867263840266098, 0.0, 0.0, 0.0, 0.0, 0.0, 0.0, 0.0, 0.0, 0.0, 0.0, 0.0, 0.0, 0.0, 0.0, 0.0, 0.0, 0.0, 0.0], [0.0, 0.0, 0.0, 0.0, 0.0, 0.0, 0.0, 0.0, 0.9872464150707835, 0.0, 0.0, 0.0, 0.0, 0.0, 0.0, 0.0, 0.0, 0.0, 0.0, 0.0, 0.0, 0.0, 0.0, 0.0, 0.0, 0.0, 0.0]], "Born radii": [], "Atomic SASAs": [], "Solvent H bonds": [], "Total SASA": NaN, "Total FOD": 0.0, "FOD": [0.0, 0.0, 0.0, 0.0, 0.0, 0.0, 0.0, 0.0, 0.0, 0.0, 0.0, 0.0, 0.0, 0.0, 0.0, 0.0, 0.0, 0.0, 0.0, 0.0, 0.0, 0.0, 0.0, 0.0, 0.0, 0.0, 0.0], "FOD s proportion": [0.0, 0.0, 0.0, 0.0, 0.0, 0.0, 0.0, 0.0, 0.0, 0.0, 0.0, 0.0, 0.0, 0.0, 0.0, 0.0, 0.0, 0.0, 0.0, 0.0, 0.0, 0.0, 0.0, 0.0, 0.0, 0.0, 0.0], "FOD p proportion": [0.0, 0.0, 0.0, 0.0, 0.0, 0.0, 0.0, 0.0, 0.0, 0.0, 0.0, 0.0, 0.0, 0.0, 0.0, 0.0, 0.0, 0.0, 0.0, 0.0, 0.0, 0.0, 0.0, 0.0, 0.0, 0.0, 0.0], "FOD d proportion": [0.0, 0.0, 0.0, 0.0, 0.0, 0.0, 0.0, 0.0, 0.0, 0.0, 0.0, 0.0, 0.0, 0.0, 0.0, 0.0, 0.0, 0.0, 0.0, 0.0, 0.0, 0.0, 0.0, 0.0, 0.0, 0.0, 0.0], "coordinates": [["4.29470", "0.67030", "-0.17740"], ["3.08800", "0.11610", "0.56310"], ["1.80740", "0.27340", "-0.25640"], ["0.59540", "-0.28510", "0.49230"], ["-0.68840", "-0.12620", "-0.33110"], ["-1.92530", "-0.63770", "0.41950"], ["-1.74760", "-2.01770", "0.74370"], ["-3.22250", "-0.50640", "-0.38690"], ["-3.62760", "0.93110", "-0.66840"], ["4.44660", "0.14720", "-1.12690"], ["4.16950", "1.73710", "-0.38860"], ["5.19920", "0.54750", "0.42660"], ["2.98340", "0.63780", "1.52140"], ["3.25910", "-0.94330", "0.78720"], ["1.64370", "1.33430", "-0.48160"], ["1.91850", "-0.24710", "-1.21550"], ["0.48280", "0.23790", "1.44970"], ["0.76640", "-1.34410", "0.71930"], ["-0.81600", "0.93070", "-0.58890"], ["-0.57260", "-0.68330", "-1.26930"], ["-2.03020", "-0.09820", "1.36760"], ["-1.63980", "-2.50750", "-0.08960"], ["-4.03190", "-1.00220", "0.16410"], ["-3.13280", "-1.05580", "-1.33240"], ["-2.91750", "1.42570", "-1.33720"], ["-4.60900", "0.95600", "-1.15320"], ["-3.69350", "1.50960", "0.25830"]], "bond_dist": [[0.0, 1.5203955998357794, 2.520006329357131, 3.8789312626031407, 5.04869503436284, 6.384007644888905, 6.677062115930928, 7.611623281534629, 7.9417841150461905, 1.0946494735759023, 1.094688412289086, 1.094539213550616, 2.1462724384383263, 2.146305076171605, 2.7497699249209924, 2.7505637258569378, 4.1671340007251985, 4.160622446221238, 5.133847962298844, 5.168664030482152, 6.5560641592345625, 6.73234074672398, 8.499773294623804, 7.712405750477603, 7.343813317344062, 8.961567040423231, 8.04397900419935], [1.5203955998357794, 0.0, 1.5284828752720787, 2.5256739377837354, 3.888380111305992, 5.071687321789465, 5.288548587277988, 6.4118964823209685, 6.876052691043023, 2.1686081181255408, 2.1686438481226005, 2.15914419388794, 1.0961071754167109, 1.0962775104871942, 2.1590302962209678, 2.1594125242759894, 2.754625535349587, 2.7470728130138817, 4.1511315517579055, 4.170937841780911, 5.185471625609381, 5.446226867290785, 7.2182249826394305, 6.6079211935373445, 6.433678768791616, 7.930632175306077, 6.929898090159768], [2.520006329357131, 1.5284828752720787, 0.0, 1.5301692520763837, 2.528690943947085, 3.901280983215641, 4.345959528113441, 5.091661055097835, 5.49013099024058, 2.781919001337027, 2.7819796800120598, 3.4707242832008425, 2.162483803407554, 2.1626124803117177, 1.0968233859651244, 1.0968756857547715, 2.1602320754955935, 2.1568443940164066, 2.7248535923972135, 2.7578327179145585, 4.183615221312782, 4.432202036234359, 5.99177770782595, 5.227822173716317, 4.982028095063295, 6.514628305590426, 5.66153754204633], [3.8789312626031407, 2.5256739377837354, 1.5301692520763837, 0.0, 1.5334207543919576, 2.546282602147688, 2.9248510594558486, 3.9240701752134868, 4.545337823528632, 4.200051591349801, 4.199936720951876, 4.6789436510819415, 2.7592272867598275, 2.7596178974633427, 2.160988306308019, 2.1606986023043566, 1.096732656575886, 1.096472069867719, 2.153883246603678, 2.150818867315423, 2.7739605368497946, 3.2052750911583234, 4.694023108166384, 4.221727587137758, 4.314437773337333, 5.5976583336248735, 4.655144176070168], [5.04869503436284, 3.888380111305992, 2.528690943947085, 1.5334207543919576, 0.0, 1.5345860093197774, 2.4196842624607036, 2.5630701297467455, 3.1417433408857574, 5.2034863505153925, 5.203305252433303, 5.974262694257761, 4.18300938201195, 4.183420078117903, 2.755794061609104, 2.7554868499051124, 2.1622966702097104, 2.168654792722899, 1.095344790465541, 1.0972644576399986, 2.1649002124809353, 2.575669602258799, 3.4916459284984787, 2.800330196601822, 2.8964664040861923, 4.149471003634077, 3.471866934374069], [6.384007644888905, 5.071687321789465, 3.901280983215641, 2.546282602147688, 1.5345860093197774, 0.0, 1.4286647367384693, 1.5330520180346132, 2.5578282076793197, 6.6036755356392245, 6.590848783730363, 7.222413010898782, 5.190030785072474, 5.206399716694829, 4.1759461454860745, 4.195305924482743, 2.7616902451216356, 2.798951569784658, 2.169630293391019, 2.164237068807389, 1.095882233636443, 1.9587866397338938, 2.1531031025011322, 2.168413583705839, 2.8858404824244874, 3.49506947999607, 2.7862903599589184], [6.677062115930928, 5.288548587277988, 4.345959528113441, 2.9248510594558486, 2.4196842624607036, 1.4286647367384693, 0.0, 2.3953317223299155, 3.771451689999489, 6.823052836524132, 7.098781496848598, 7.412073508135224, 5.480771710261248, 5.120866381775647, 4.923228593108388, 4.518160932282072, 3.249746377796274, 2.602792408164739, 3.367011119672758, 2.6857805867196225, 2.038036854426337, 0.972580983774616, 2.566165018076585, 2.674737717982831, 4.189965916329153, 4.541886310774412, 4.0575836725815035], [7.611623281534629, 6.4118964823209685, 5.091661055097835, 3.9240701752134868, 2.5630701297467455, 1.5330520180346132, 2.3953317223299155, 0.0, 1.5197876529305008, 7.732392111759466, 7.724956902145151, 8.526283970757719, 6.592723059555891, 6.601555194043295, 5.2035609941654375, 5.213798562468635, 4.201943614566955, 4.2233568331364095, 2.8102139882934183, 2.798552014881982, 2.160202948799024, 2.5686042493930437, 1.0975185647632573, 1.0972040375426988, 2.1746506616006167, 2.1559711732766744, 2.16849718468805], [7.9417841150461905, 6.876052691043023, 5.49013099024058, 4.545337823528632, 3.1417433408857574, 2.5578282076793197, 3.771451689999489, 1.5197876529305008, 0.0, 8.12511089770472, 7.8436402550091495, 8.90272835708245, 6.970406726296537, 7.284146045350821, 5.2899969914925284, 5.696200387977937, 4.675709786759653, 5.139015696609614, 2.8127237635430897, 3.507191635767855, 2.785038823786843, 4.013767337552091, 2.1434000163291964, 2.1525553767557297, 1.0936931059488306, 1.0948958900279055, 1.0944304226400141], [1.0946494735759023, 2.1686081181255408, 2.781919001337027, 4.200051591349801, 5.2034863505153925, 6.6036755356392245, 6.823052836524132, 7.732392111759466, 8.12511089770472, 0.0, 1.7747262633995138, 1.7720070823786231, 3.065148526580727, 2.5026236852551365, 3.1115698465565576, 2.560197660337967, 4.728509753611596, 4.379075492612568, 5.347735502995637, 5.089437753819178, 6.94490386182559, 6.720691061193038, 8.652904923203536, 7.677027003339249, 7.477215868891309, 9.0916852392722, 8.368759813138386], [1.094688412289086, 2.1686438481226005, 2.7819796800120598, 4.199936720951876, 5.203305252433303, 6.590848783730363, 7.098781496848598, 7.724956902145151, 7.8436402550091495, 1.7747262633995138, 0.0, 1.7719992353271488, 2.5026773064060817, 3.0652696390366705, 2.559406665616076, 3.112525381422616, 4.383914280640076, 4.722533796596908, 5.054266643144186, 5.396432252887087, 6.699913777057135, 7.200971923983595, 8.664421719884137, 7.874937088002673, 7.156981271457959, 8.846286939727879, 7.892845168885551], [1.094539213550616, 2.15914419388794, 3.4707242832008425, 4.6789436510819415, 5.974262694257761, 7.222413010898782, 7.412073508135224, 8.526283970757719, 8.90272835708245, 1.7720070823786231, 1.7719992353271488, 0.0, 2.473158056008552, 2.473156891505268, 3.753060315262733, 3.753781301567794, 4.836012275625445, 4.8284096439718125, 6.112341084232783, 6.1404088373658, 7.318922997955368, 7.508089533296737, 9.363956618331805, 8.66526836803108, 8.352427465713186, 9.943008977668681, 8.946176534699054], [2.1462724384383263, 1.0961071754167109, 2.162483803407554, 2.7592272867598275, 4.18300938201195, 5.190030785072474, 5.480771710261248, 6.592723059555891, 6.970406726296537, 3.065148526580727, 2.5026773064060817, 2.473158056008552, 0.0, 1.764918508033728, 2.5083694584331075, 3.0671944232474084, 2.5333892831540914, 3.0799969188296275, 4.355984028896341, 4.709399929927379, 5.06966817454555, 5.8191246188752475, 7.331186628370608, 6.958473815428208, 6.604014020275851, 8.05600857497061, 6.851018206077109], [2.146305076171605, 1.0962775104871942, 2.1626124803117177, 2.7596178974633427, 4.183420078117903, 5.206399716694829, 5.120866381775647, 6.601555194043295, 7.284146045350821, 2.5026236852551365, 3.0652696390366705, 2.473156891505268, 1.764918508033728, 0.0, 3.06705597601348, 2.5085274744359487, 3.0890097733739856, 2.525629493809415, 4.691691296323747, 4.3564569480255395, 5.387740960736698, 5.216773053334792, 7.317814142214874, 6.735112918132851, 6.948066200030049, 8.323430197941232, 7.391556018863687], [2.7497699249209924, 2.1590302962209678, 1.0968233859651244, 2.160988306308019, 2.755794061609104, 4.1759461454860745, 4.923228593108388, 5.2035609941654375, 5.2899969914925284, 3.1115698465565576, 2.559406665616076, 3.753060315262733, 2.5083694584331075, 3.06705597601348, 0.0, 1.7649221540906557, 2.5059332513057884, 3.063599624624602, 2.4949008677701, 3.098897665299711, 4.35535740209687, 5.0689706538901955, 6.171595911917759, 5.408455500417841, 4.641653881969227, 6.300032915787028, 5.391093204536534], [2.7505637258569378, 2.1594125242759894, 1.0968756857547715, 2.1606986023043566, 2.7554868499051124, 4.195305924482743, 4.518160932282072, 5.213798562468635, 5.696200387977937, 2.560197660337967, 3.112525381422616, 3.753781301567794, 3.0671944232474084, 2.5085274744359487, 1.7649221540906557, 0.0, 3.0659012590101464, 2.504834216070996, 3.042586177908524, 2.529573894947527, 4.720890647960403, 4.363319591778718, 6.1547325149026575, 5.116961304328967, 5.118590306910684, 6.637739611494262, 6.062394356192939], [4.1671340007251985, 2.754625535349587, 2.1602320754955935, 1.096732656575886, 2.1622966702097104, 2.7616902451216356, 3.249746377796274, 4.201943614566955, 4.675709786759653, 4.728509753611596, 4.383914280640076, 4.836012275625445, 2.5333892831540914, 3.0890097733739856, 2.5059332513057884, 3.0659012590101464, 0.0, 1.7653999886711227, 2.5145065599437197, 3.0586663106654837, 2.5367050715445814, 3.796326699587379, 4.855216932331655, 4.741972528389426, 4.554088332476655, 5.763435022623228, 4.52527750972247], [4.160622446221238, 2.7470728130138817, 2.1568443940164066, 1.096472069867719, 2.168654792722899, 2.798951569784658, 2.602792408164739, 4.2233568331364095, 5.139015696609614, 4.379075492612568, 4.722533796596908, 4.8284096439718125, 3.0799969188296275, 2.525629493809415, 3.063599624624602, 2.504834216070996, 1.7653999886711227, 0.0, 3.0643257072315273, 2.4867866012185287, 3.1294618163511756, 2.792421388329491, 4.842398738228813, 4.4154671802653, 5.04698954823566, 6.139351872958578, 5.314774943494784], [5.133847962298844, 4.1511315517579055, 2.7248535923972135, 2.153883246603678, 1.095344790465541, 2.169630293391019, 3.367011119672758, 2.8102139882934183, 2.8127237635430897, 5.347735502995637, 5.054266643144186, 6.112341084232783, 4.355984028896341, 4.691691296323747, 2.4949008677701, 3.042586177908524, 2.5145065599437197, 3.0643257072315273, 0.0, 1.7683844943902896, 2.5220644519916613, 3.570597452808143, 3.8268948535333456, 3.1411043822197313, 2.285012065613659, 3.8348303195839057, 3.0549761537530857], [5.168664030482152, 4.170937841780911, 2.7578327179145585, 2.150818867315423, 1.0972644576399986, 2.164237068807389, 2.6857805867196225, 2.798552014881982, 3.507191635767855, 5.089437753819178, 5.396432252887087, 6.1404088373658, 4.709399929927379, 4.3564569480255395, 3.098897665299711, 2.529573894947527, 3.0586663106654837, 2.4867866012185287, 1.7683844943902896, 0.0, 3.0692313989010342, 2.4203953334114656, 3.758069884927634, 2.5879261774633373, 3.154528081979934, 4.35813132661236, 4.108818440865938], [6.5560641592345625, 5.185471625609381, 4.183615221312782, 2.7739605368497946, 2.1649002124809353, 1.095882233636443, 2.038036854426337, 2.160202948799024, 2.785038823786843, 6.94490386182559, 6.699913777057135, 7.318922997955368, 5.06966817454555, 5.387740960736698, 4.35535740209687, 4.720890647960403, 2.5367050715445814, 3.1294618163511756, 2.5220644519916613, 3.0692313989010342, 0.0, 2.8426344277799775, 2.5044822099587774, 3.0696456668482117, 3.2288566923912865, 3.757123862743948, 2.565567036738662], [6.73234074672398, 5.446226867290785, 4.432202036234359, 3.2052750911583234, 2.575669602258799, 1.9587866397338938, 0.972580983774616, 2.5686042493930437, 4.013767337552091, 6.720691061193038, 7.200971923983595, 7.508089533296737, 5.8191246188752475, 5.216773053334792, 5.0689706538901955, 4.363319591778718, 3.796326699587379, 2.792421388329491, 3.570597452808143, 2.4203953334114656, 2.8426344277799775, 0.0, 2.837681129020666, 2.4250842727624953, 4.3196163359724435, 4.684359705445345, 4.525020498296113], [8.499773294623804, 7.2182249826394305, 5.99177770782595, 4.694023108166384, 3.4916459284984787, 2.1531031025011322, 2.566165018076585, 1.0975185647632573, 2.1434000163291964, 8.652904923203536, 8.664421719884137, 9.363956618331805, 7.331186628370608, 7.317814142214874, 6.171595911917759, 6.1547325149026575, 4.855216932331655, 4.842398738228813, 3.8268948535333456, 3.758069884927634, 2.5044822099587774, 2.837681129020666, 0.0, 1.7466442167768454, 3.064390226456154, 2.4295824620703863, 2.5362427801770084], [7.712405750477603, 6.6079211935373445, 5.227822173716317, 4.221727587137758, 2.800330196601822, 2.168413583705839, 2.674737717982831, 1.0972040375426988, 2.1525553767557297, 7.677027003339249, 7.874937088002673, 8.66526836803108, 6.958473815428208, 6.735112918132851, 5.408455500417841, 5.116961304328967, 4.741972528389426, 4.4154671802653, 3.1411043822197313, 2.5879261774633373, 3.0696456668482117, 2.4250842727624953, 1.7466442167768454, 0.0, 2.490827047388076, 2.5017230702058133, 3.0701772163834455], [7.343813317344062, 6.433678768791616, 4.982028095063295, 4.314437773337333, 2.8964664040861923, 2.8858404824244874, 4.189965916329153, 2.1746506616006167, 1.0936931059488306, 7.477215868891309, 7.156981271457959, 8.352427465713186, 6.604014020275851, 6.948066200030049, 4.641653881969227, 5.118590306910684, 4.554088332476655, 5.04698954823566, 2.285012065613659, 3.154528081979934, 3.2288566923912865, 4.3196163359724435, 3.064390226456154, 2.490827047388076, 0.0, 1.765119355737736, 1.7761856490806358], [8.961567040423231, 7.930632175306077, 6.514628305590426, 5.5976583336248735, 4.149471003634077, 3.49506947999607, 4.541886310774412, 2.1559711732766744, 1.0948958900279055, 9.0916852392722, 8.846286939727879, 9.943008977668681, 8.05600857497061, 8.323430197941232, 6.300032915787028, 6.637739611494262, 5.763435022623228, 6.139351872958578, 3.8348303195839057, 4.35813132661236, 3.757123862743948, 4.684359705445345, 2.4295824620703863, 2.5017230702058133, 1.765119355737736, 0.0, 1.7711424166339647], [8.04397900419935, 6.929898090159768, 5.66153754204633, 4.655144176070168, 3.471866934374069, 2.7862903599589184, 4.0575836725815035, 2.16849718468805, 1.0944304226400141, 8.368759813138386, 7.892845168885551, 8.946176534699054, 6.851018206077109, 7.391556018863687, 5.391093204536534, 6.062394356192939, 4.52527750972247, 5.314774943494784, 3.0549761537530857, 4.108818440865938, 2.565567036738662, 4.525020498296113, 2.5362427801770084, 3.0701772163834455, 1.7761856490806358, 1.7711424166339647, 0.0]]}