{"total energy": -50.38081062, "HOMO-LUMO gap/eV": 2.95783722, "electronic energy": -50.92120942, "dipole": [0.25927748, 0.37424264, 1.13589425], "partial charges": [0.03990243, -0.26293432, 0.51017344, -0.42503025, -0.26488149, 0.04098013, -0.24252074, 0.14937261, -0.05683446, -0.03188161, 0.03690564, -0.18979548, -0.04493889, 0.02081105, -0.10678544, -0.06001534, 0.05978471, 0.06453626, 0.07274413, 0.05726076, 0.07174941, 0.0657025, 0.05910701, 0.05812044, 0.04807308, 0.05851401, 0.04550242, 0.06026236, 0.0452741, 0.06480949, 0.05603205], "atomic dipole moments": [[-0.25072559, 0.15737385, 0.06039437], [0.15791577, 0.05672141, -0.08562476], [-0.00953147, -0.03126755, 0.24798749], [-0.04111466, -0.0851471, 0.45445994], [-0.10349474, 0.13455439, -0.08006037], [-0.02713076, -0.29879968, -0.02016254], [-0.02303568, -0.1019157, -0.09870574], [0.32363651, 0.09972699, 0.03592842], [0.02041534, 0.03888133, 0.02621298], [0.02035836, 0.01629525, 0.00753632], [-0.12272624, -0.03866748, -0.0084647], [0.23666221, 0.19699799, -0.27944413], [0.02214818, -0.04616361, 0.12422524], [-0.03709116, 0.02959537, 0.03499263], [0.06406688, -0.04948882, -0.0480349], [0.04094554, -0.03319107, -0.02789507], [0.09034195, 0.07932458, 0.0385979], [-0.00238042, -0.02097021, -0.12224134], [0.00730189, -0.10928148, 0.0612598], [-0.1189673, 0.03475522, 0.01993521], [0.07385773, 0.03798491, 0.09395836], [0.04803132, 0.03737547, -0.1087136], [0.10285278, -0.08909036, -0.07632975], [-0.0265996, -0.12227111, -0.08773627], [0.08253693, -0.05480936, -0.08284737], [-0.12072511, -0.02815636, -0.03895447], [0.01343507, 0.12875303, 0.00081098], [-0.0828084, 0.05858836, -0.0851414], [0.04431817, 0.09669424, 0.07099452], [-0.06279839, -0.07967401, 0.08808143], [0.03307548, 0.12024284, 0.09127453]], "atomic quadrupole moments": [[0.32442333, -0.36677548, -0.06339327, -0.15395541, 0.07349857, -0.26103007], [0.05054223, -0.08190262, 0.03416901, -0.04989923, -0.02152952, -0.08471124], [0.69064097, -0.11606824, 0.58248233, -0.01023981, 0.38021441, -1.2731233], [-0.35255499, 0.01336191, -0.32084089, -0.06998598, -0.20424143, 0.67339588], [-0.05939293, 0.03033683, 0.12270772, 0.05960618, 0.02229192, -0.06331479], [-0.28544342, 0.05323389, 0.5716044, 0.02031087, 0.05679345, -0.28616098], [0.09747061, 0.00863399, -0.0604685, -0.02799022, 0.03029721, -0.03700211], [0.16328832, 0.16545293, -0.15477633, 0.1414311, -0.35567732, -0.008512], [-0.2202941, -0.02210738, 0.01444357, 0.05535616, -0.34361681, 0.20585053], [-0.22615778, -0.02281951, 0.00673361, 0.07165732, -0.3949598, 0.21942417], [0.03540133, 0.10850134, -0.09295994, 0.10292207, -0.34535575, 0.05755861], [0.19664446, 0.23531629, -0.40508661, 0.24496828, -0.25484873, 0.20844215], [-0.17358939, -0.0231545, -0.13325137, 0.08636456, -0.20193204, 0.30684076], [-0.19030255, -0.13349744, 0.00302528, -0.02579108, -0.34102827, 0.18727727], [0.09179755, -0.08702096, -0.03735701, -0.09287509, 0.09607174, -0.05444054], [-0.20044907, -0.0794741, 0.0177964, 0.02002857, -0.32784608, 0.18265266], [0.0382056, 0.01641531, 0.01213496, 0.01426306, 0.02793586, -0.05034056], [-0.01615327, -0.02755325, -0.04128456, -0.00090561, 0.01892179, 0.05743782], [-0.02849751, -0.00350329, 0.041228, -0.01669153, -0.05602209, -0.01273049], [0.04302533, -0.01615688, 0.01535773, -0.01320292, 0.01382009, -0.05838306], [-0.00703687, 0.01235371, -0.01664218, 0.06342198, 0.0121772, 0.02367905], [-0.04472405, 0.01530404, 0.00879008, -0.03782358, -0.0183154, 0.03593396], [0.04840974, 0.01214707, -0.01610932, -0.00251798, 0.03231561, -0.03230042], [0.04655572, 0.004887, -0.01221122, -0.00916382, 0.04439522, -0.03434451], [-9.563e-05, -0.0430386, -0.01946302, -0.04465698, 0.00878158, 0.01955865], [0.06507174, 0.03055866, -0.0437245, 0.03429759, -0.00147445, -0.02134724], [-0.05816132, 0.01727022, 0.06678775, 0.00335596, -0.00190833, -0.00862642], [0.00414203, -0.03019269, -0.0287157, 0.05536051, -0.01477682, 0.02457367], [0.00187818, 0.04031304, 0.01615049, 0.02492188, 0.05341319, -0.01802868], [-0.01909116, 0.03773643, 0.02509878, -0.03752787, -0.0337078, -0.00600762], [0.02927652, 0.00697644, -0.0035423, -0.00603915, 0.04257234, -0.02573422]], "number of molecular orbitals": 94, "number of electrons": 90, "number of unpaired electrons": 0, "orbital energies/eV": [-20.70534301, -20.27795052, -20.07682896, -19.32639485, -19.11468581, -18.60572815, -18.27724915, -17.96093438, -17.81860834, -17.44444022, -16.97379647, -16.81774347, -16.59366568, -16.4454857, -16.2713418, -16.13057123, -15.96064032, -15.5744196, -15.50638574, -15.4828997, -15.20913276, -15.11161723, -15.04889277, -14.30121352, -14.08926173, -13.86151567, -13.78122723, -13.68979621, -13.58026435, -13.3956171, -13.36238022, -13.24411987, -13.15804126, -13.07551258, -12.7139897, -12.69501482, -12.55454551, -12.26376152, -12.07531485, -11.93774899, -11.32570877, -11.09291766, -10.01172991, -9.99121941, -9.80252567, -6.84468844, -6.67094595, -5.27408558, -4.72886654, -3.99004183, -3.83922087, -3.63992903, -3.11791197, -1.59885829, -0.06322783, 0.30537572, 0.33787052, 0.45105543, 0.79687373, 0.86476186, 1.02554871, 2.2602327, 2.79100545, 2.99228023, 3.07126965, 3.28203734, 3.38082996, 3.5594094, 3.84130145, 3.98774013, 4.14519998, 4.35308346, 4.66049803, 4.94465432, 4.99714558, 5.20845104, 5.31367737, 5.60755, 5.83542476, 5.97849516, 6.01203599, 6.16870084, 8.5456114, 9.80971802, 10.31805049, 10.98190693, 11.60746162, 11.77398878, 12.96288968, 15.90079163, 16.70508115, 27.37492934, 29.08399426, 33.46575053], "fractional occupation": [2.0, 2.0, 2.0, 2.0, 2.0, 2.0, 2.0, 2.0, 2.0, 2.0, 2.0, 2.0, 2.0, 2.0, 2.0, 2.0, 2.0, 2.0, 2.0, 2.0, 2.0, 2.0, 2.0, 2.0, 2.0, 2.0, 2.0, 2.0, 2.0, 2.0, 2.0, 2.0, 2.0, 2.0, 2.0, 2.0, 2.0, 2.0, 2.0, 2.0, 2.0, 2.0, 2.0, 2.0, 2.0, 0.0, 0.0, 0.0, 0.0, 0.0, 0.0, 0.0, 0.0, 0.0, 0.0, 0.0, 0.0, 0.0, 0.0, 0.0, 0.0, 0.0, 0.0, 0.0, 0.0, 0.0, 0.0, 0.0, 0.0, 0.0, 0.0, 0.0, 0.0, 0.0, 0.0, 0.0, 0.0, 0.0, 0.0, 0.0, 0.0, 0.0, 0.0, 0.0, 0.0, 0.0, 0.0, 0.0, 0.0, 0.0, 0.0, 0.0, 0.0, 0.0], "program call": "xtb /home/svss/Project-DBcg-Debug/aqme2_20220329/End-to-End-workflows-final/example-3/QDESCP/mol_230_rdkit_conf_1/mol_230_rdkit_conf_1.xyz --pop --wbo --acc 0.2 --gfn 2 --chrg 0 --uhf 0 --etemp 300 --input /home/svss/Project-DBcg-Debug/aqme2_20220329/End-to-End-workflows-final/example-3/QDESCP/mol_230_rdkit_conf_1/mol_230_rdkit_conf_1_xtb.inp", "method": "GFN2-xTB", "xtb version": "6.3.3 (7355c4f)", "Dipole module/D": 3.111, "Total charge": 0, "Transition dipole module/D": NaN, "HOMO": -9.8025, "LUMO": -6.8447, "HOMO occupancy": 2.0, "LUMO occupancy": 0, "mulliken charges": [0.17881, -0.35308, 0.44403, -0.21111, -0.35665, 0.1782, -0.32652, 0.262, -0.07213, -0.03403, 0.0345, -0.12551, -0.0169, 0.00989, -0.08237, -0.08079, 0.04034, 0.02931, 0.03533, 0.03872, 0.03492, 0.02964, 0.05507, 0.03674, 0.02718, 0.03665, 0.02685, 0.03893, 0.03296, 0.04184, 0.04718], "cm5 charges": [0.06378, -0.41869, 0.40469, -0.18091, -0.42227, 0.06318, -0.3716, 0.28428, -0.12079, -0.08494, 0.04036, -0.16813, -0.14808, -0.0031, -0.22452, -0.12814, 0.10416, 0.0903, 0.09482, 0.10252, 0.09439, 0.09056, 0.11863, 0.09369, 0.07994, 0.08885, 0.07956, 0.09144, 0.08487, 0.09427, 0.10686], "FUKUI+": [0.012, 0.01, -0.069, -0.078, -0.012, 0.012, -0.015, -0.068, -0.019, -0.029, -0.037, -0.192, 0.023, -0.037, 0.025, -0.025, -0.014, -0.009, -0.019, -0.002, -0.023, -0.013, -0.059, -0.06, -0.038, -0.053, -0.039, -0.035, -0.039, -0.036, -0.062], "FUKUI-": [0.017, 0.001, -0.109, -0.269, -0.007, 0.018, -0.004, -0.007, -0.003, -0.006, 0.024, -0.336, 0.051, -0.014, 0.018, -0.01, -0.015, -0.008, -0.027, -0.01, -0.03, -0.01, -0.017, -0.02, -0.047, -0.042, -0.047, -0.014, -0.029, -0.019, -0.032], "FUKUIrad": [0.015, 0.006, -0.089, -0.173, -0.009, 0.015, -0.01, -0.038, -0.011, -0.017, -0.006, -0.264, 0.037, -0.026, 0.022, -0.017, -0.015, -0.008, -0.023, -0.006, -0.026, -0.011, -0.038, -0.04, -0.042, -0.048, -0.043, -0.025, -0.034, -0.027, -0.047], "s proportion": [0.972, 1.646, 1.434, 1.889, 1.647, 0.972, 1.637, 1.014, 1.062, 1.069, 1.09, 1.927, 1.012, 1.092, 1.007, 1.064, 0.96, 0.971, 0.965, 0.961, 0.965, 0.97, 0.945, 0.963, 0.973, 0.963, 0.973, 0.961, 0.967, 0.958, 0.953], "p proportion": [2.849, 4.708, 1.929, 4.338, 4.71, 2.85, 4.69, 2.724, 3.01, 2.965, 2.875, 4.195, 3.005, 2.898, 3.075, 3.017, 0.0, 0.0, 0.0, 0.0, 0.0, 0.0, 0.0, 0.0, 0.0, 0.0, 0.0, 0.0, 0.0, 0.0, 0.0], "d proportion": [0.0, 0.0, 1.193, -0.015, 0.0, 0.0, 0.0, 0.0, 0.0, 0.0, 0.0, 0.004, 0.0, 0.0, 0.0, 0.0, 0.0, 0.0, 0.0, 0.0, 0.0, 0.0, 0.0, 0.0, 0.0, 0.0, 0.0, 0.0, 0.0, 0.0, 0.0], "Fermi-level/eV": -8.3236, "Coordination numbers": [3.875, 1.657, 4.039, 0.924, 1.657, 3.874, 1.663, 3.023, 2.913, 2.952, 2.956, 2.004, 3.742, 2.98, 3.754, 2.918, 0.924, 0.924, 0.924, 0.924, 0.924, 0.924, 0.925, 0.925, 0.924, 0.924, 0.924, 0.924, 0.924, 0.924, 0.925], "Dispersion coefficient C6": [19.859, 18.374, 139.518, 157.806, 18.407, 19.842, 18.032, 24.735, 29.412, 28.794, 27.172, 149.112, 21.454, 27.537, 22.599, 29.492, 2.202, 2.147, 2.056, 2.231, 2.066, 2.133, 2.209, 2.221, 2.344, 2.217, 2.377, 2.196, 2.38, 2.144, 2.246], "Total dispersion C6": 14692.976859, "Total dispersion C8": 439042.467547, "Polarizability alpha": [6.336, 5.787, 21.218, 21.248, 5.792, 6.334, 5.733, 8.158, 8.893, 8.801, 8.55, 20.552, 6.608, 8.608, 6.779, 8.905, 2.32, 2.291, 2.242, 2.336, 2.248, 2.284, 2.324, 2.331, 2.394, 2.328, 2.411, 2.317, 2.413, 2.29, 2.344], "Total polarizability alpha": 193.174878, "Wiberg matrix": [[0.0, 0.9417596275415844, 0.0, 0.0, 0.0, 0.0, 0.0, 0.0, 0.0, 0.0, 0.0, 0.0, 0.0, 0.0, 0.0, 0.0, 0.9798589300742176, 0.9788065215971837, 0.9768182881246368, 0.0, 0.0, 0.0, 0.0, 0.0, 0.0, 0.0, 0.0, 0.0, 0.0, 0.0, 0.0], [0.9417596275415844, 0.0, 1.2201331176095778, 0.0, 0.0, 0.0, 0.0, 0.0, 0.0, 0.0, 0.0, 0.0, 0.0, 0.0, 0.0, 0.0, 0.0, 0.0, 0.0, 0.0, 0.0, 0.0, 0.0, 0.0, 0.0, 0.0, 0.0, 0.0, 0.0, 0.0, 0.0], [0.0, 1.2201331176095778, 0.0, 1.5610143954393074, 1.219763469422988, 0.0, 1.2066710372161285, 0.0, 0.0, 0.0, 0.0, 0.0, 0.0, 0.0, 0.0, 0.0, 0.0, 0.0, 0.0, 0.0, 0.0, 0.0, 0.0, 0.0, 0.0, 0.0, 0.0, 0.0, 0.0, 0.0, 0.0], [0.0, 0.0, 1.5610143954393074, 0.0, 0.0, 0.0, 0.0, 0.0, 0.0, 0.0, 0.0, 0.0, 0.0, 0.0, 0.0, 0.0, 0.0, 0.0, 0.0, 0.0, 0.0, 0.0, 0.0, 0.0, 0.0, 0.0, 0.0, 0.0, 0.0, 0.0, 0.0], [0.0, 0.0, 1.219763469422988, 0.0, 0.0, 0.9426839988296973, 0.0, 0.0, 0.0, 0.0, 0.0, 0.0, 0.0, 0.0, 0.0, 0.0, 0.0, 0.0, 0.0, 0.0, 0.0, 0.0, 0.0, 0.0, 0.0, 0.0, 0.0, 0.0, 0.0, 0.0, 0.0], [0.0, 0.0, 0.0, 0.0, 0.9426839988296973, 0.0, 0.0, 0.0, 0.0, 0.0, 0.0, 0.0, 0.0, 0.0, 0.0, 0.0, 0.0, 0.0, 0.0, 0.9795636372981866, 0.9771902561695595, 0.9786954755511463, 0.0, 0.0, 0.0, 0.0, 0.0, 0.0, 0.0, 0.0, 0.0], [0.0, 0.0, 1.2066710372161285, 0.0, 0.0, 0.0, 0.0, 0.9736443942671699, 0.0, 0.0, 0.0, 0.0, 0.0, 0.0, 0.0, 0.0, 0.0, 0.0, 0.0, 0.0, 0.0, 0.0, 0.0, 0.0, 0.0, 0.0, 0.0, 0.0, 0.0, 0.0, 0.0], [0.0, 0.0, 0.0, 0.0, 0.0, 0.0, 0.9736443942671699, 0.0, 1.3872486574483611, 0.0, 0.0, 0.0, 0.0, 0.0, 0.0, 1.3760824126065758, 0.0, 0.0, 0.0, 0.0, 0.0, 0.0, 0.0, 0.0, 0.0, 0.0, 0.0, 0.0, 0.0, 0.0, 0.0], [0.0, 0.0, 0.0, 0.0, 0.0, 0.0, 0.0, 1.3872486574483611, 0.0, 1.4353206264139537, 0.0, 0.0, 0.0, 0.10077890968694117, 0.0, 0.0, 0.0, 0.0, 0.0, 0.0, 0.0, 0.0, 0.9536793527966183, 0.0, 0.0, 0.0, 0.0, 0.0, 0.0, 0.0, 0.0], [0.0, 0.0, 0.0, 0.0, 0.0, 0.0, 0.0, 0.0, 1.4353206264139537, 0.0, 1.4180675572127077, 0.0, 0.0, 0.0, 0.0, 0.10715507361923174, 0.0, 0.0, 0.0, 0.0, 0.0, 0.0, 0.0, 0.967899553745511, 0.0, 0.0, 0.0, 0.0, 0.0, 0.0, 0.0], [0.0, 0.0, 0.0, 0.0, 0.0, 0.0, 0.0, 0.0, 0.0, 1.4180675572127077, 0.0, 0.9964183422316205, 0.0, 1.374917437450448, 0.0, 0.0, 0.0, 0.0, 0.0, 0.0, 0.0, 0.0, 0.0, 0.0, 0.0, 0.0, 0.0, 0.0, 0.0, 0.0, 0.0], [0.0, 0.0, 0.0, 0.0, 0.0, 0.0, 0.0, 0.0, 0.0, 0.0, 0.9964183422316205, 0.0, 0.9958831421661208, 0.0, 0.0, 0.0, 0.0, 0.0, 0.0, 0.0, 0.0, 0.0, 0.0, 0.0, 0.0, 0.0, 0.0, 0.0, 0.0, 0.0, 0.0], [0.0, 0.0, 0.0, 0.0, 0.0, 0.0, 0.0, 0.0, 0.0, 0.0, 0.0, 0.9958831421661208, 0.0, 0.0, 0.0, 0.0, 0.0, 0.0, 0.0, 0.0, 0.0, 0.0, 0.0, 0.0, 0.9843525642799041, 0.9804898311891359, 0.9857454140776573, 0.0, 0.0, 0.0, 0.0], [0.0, 0.0, 0.0, 0.0, 0.0, 0.0, 0.0, 0.0, 0.10077890968694117, 0.0, 1.374917437450448, 0.0, 0.0, 0.0, 1.0304045535350685, 1.4137226265685505, 0.0, 0.0, 0.0, 0.0, 0.0, 0.0, 0.0, 0.0, 0.0, 0.0, 0.0, 0.0, 0.0, 0.0, 0.0], [0.0, 0.0, 0.0, 0.0, 0.0, 0.0, 0.0, 0.0, 0.0, 0.0, 0.0, 0.0, 0.0, 1.0304045535350685, 0.0, 0.0, 0.0, 0.0, 0.0, 0.0, 0.0, 0.0, 0.0, 0.0, 0.0, 0.0, 0.0, 0.9685304414086706, 0.9843332653361865, 0.9682786668554825, 0.0], [0.0, 0.0, 0.0, 0.0, 0.0, 0.0, 0.0, 1.3760824126065758, 0.0, 0.10715507361923174, 0.0, 0.0, 0.0, 1.4137226265685505, 0.0, 0.0, 0.0, 0.0, 0.0, 0.0, 0.0, 0.0, 0.0, 0.0, 0.0, 0.0, 0.0, 0.0, 0.0, 0.0, 0.9641876280485076], [0.9798589300742176, 0.0, 0.0, 0.0, 0.0, 0.0, 0.0, 0.0, 0.0, 0.0, 0.0, 0.0, 0.0, 0.0, 0.0, 0.0, 0.0, 0.0, 0.0, 0.0, 0.0, 0.0, 0.0, 0.0, 0.0, 0.0, 0.0, 0.0, 0.0, 0.0, 0.0], [0.9788065215971837, 0.0, 0.0, 0.0, 0.0, 0.0, 0.0, 0.0, 0.0, 0.0, 0.0, 0.0, 0.0, 0.0, 0.0, 0.0, 0.0, 0.0, 0.0, 0.0, 0.0, 0.0, 0.0, 0.0, 0.0, 0.0, 0.0, 0.0, 0.0, 0.0, 0.0], [0.9768182881246368, 0.0, 0.0, 0.0, 0.0, 0.0, 0.0, 0.0, 0.0, 0.0, 0.0, 0.0, 0.0, 0.0, 0.0, 0.0, 0.0, 0.0, 0.0, 0.0, 0.0, 0.0, 0.0, 0.0, 0.0, 0.0, 0.0, 0.0, 0.0, 0.0, 0.0], [0.0, 0.0, 0.0, 0.0, 0.0, 0.9795636372981866, 0.0, 0.0, 0.0, 0.0, 0.0, 0.0, 0.0, 0.0, 0.0, 0.0, 0.0, 0.0, 0.0, 0.0, 0.0, 0.0, 0.0, 0.0, 0.0, 0.0, 0.0, 0.0, 0.0, 0.0, 0.0], [0.0, 0.0, 0.0, 0.0, 0.0, 0.9771902561695595, 0.0, 0.0, 0.0, 0.0, 0.0, 0.0, 0.0, 0.0, 0.0, 0.0, 0.0, 0.0, 0.0, 0.0, 0.0, 0.0, 0.0, 0.0, 0.0, 0.0, 0.0, 0.0, 0.0, 0.0, 0.0], [0.0, 0.0, 0.0, 0.0, 0.0, 0.9786954755511463, 0.0, 0.0, 0.0, 0.0, 0.0, 0.0, 0.0, 0.0, 0.0, 0.0, 0.0, 0.0, 0.0, 0.0, 0.0, 0.0, 0.0, 0.0, 0.0, 0.0, 0.0, 0.0, 0.0, 0.0, 0.0], [0.0, 0.0, 0.0, 0.0, 0.0, 0.0, 0.0, 0.0, 0.9536793527966183, 0.0, 0.0, 0.0, 0.0, 0.0, 0.0, 0.0, 0.0, 0.0, 0.0, 0.0, 0.0, 0.0, 0.0, 0.0, 0.0, 0.0, 0.0, 0.0, 0.0, 0.0, 0.0], [0.0, 0.0, 0.0, 0.0, 0.0, 0.0, 0.0, 0.0, 0.0, 0.967899553745511, 0.0, 0.0, 0.0, 0.0, 0.0, 0.0, 0.0, 0.0, 0.0, 0.0, 0.0, 0.0, 0.0, 0.0, 0.0, 0.0, 0.0, 0.0, 0.0, 0.0, 0.0], [0.0, 0.0, 0.0, 0.0, 0.0, 0.0, 0.0, 0.0, 0.0, 0.0, 0.0, 0.0, 0.9843525642799041, 0.0, 0.0, 0.0, 0.0, 0.0, 0.0, 0.0, 0.0, 0.0, 0.0, 0.0, 0.0, 0.0, 0.0, 0.0, 0.0, 0.0, 0.0], [0.0, 0.0, 0.0, 0.0, 0.0, 0.0, 0.0, 0.0, 0.0, 0.0, 0.0, 0.0, 0.9804898311891359, 0.0, 0.0, 0.0, 0.0, 0.0, 0.0, 0.0, 0.0, 0.0, 0.0, 0.0, 0.0, 0.0, 0.0, 0.0, 0.0, 0.0, 0.0], [0.0, 0.0, 0.0, 0.0, 0.0, 0.0, 0.0, 0.0, 0.0, 0.0, 0.0, 0.0, 0.9857454140776573, 0.0, 0.0, 0.0, 0.0, 0.0, 0.0, 0.0, 0.0, 0.0, 0.0, 0.0, 0.0, 0.0, 0.0, 0.0, 0.0, 0.0, 0.0], [0.0, 0.0, 0.0, 0.0, 0.0, 0.0, 0.0, 0.0, 0.0, 0.0, 0.0, 0.0, 0.0, 0.0, 0.9685304414086706, 0.0, 0.0, 0.0, 0.0, 0.0, 0.0, 0.0, 0.0, 0.0, 0.0, 0.0, 0.0, 0.0, 0.0, 0.0, 0.0], [0.0, 0.0, 0.0, 0.0, 0.0, 0.0, 0.0, 0.0, 0.0, 0.0, 0.0, 0.0, 0.0, 0.0, 0.9843332653361865, 0.0, 0.0, 0.0, 0.0, 0.0, 0.0, 0.0, 0.0, 0.0, 0.0, 0.0, 0.0, 0.0, 0.0, 0.0, 0.0], [0.0, 0.0, 0.0, 0.0, 0.0, 0.0, 0.0, 0.0, 0.0, 0.0, 0.0, 0.0, 0.0, 0.0, 0.9682786668554825, 0.0, 0.0, 0.0, 0.0, 0.0, 0.0, 0.0, 0.0, 0.0, 0.0, 0.0, 0.0, 0.0, 0.0, 0.0, 0.0], [0.0, 0.0, 0.0, 0.0, 0.0, 0.0, 0.0, 0.0, 0.0, 0.0, 0.0, 0.0, 0.0, 0.0, 0.0, 0.9641876280485076, 0.0, 0.0, 0.0, 0.0, 0.0, 0.0, 0.0, 0.0, 0.0, 0.0, 0.0, 0.0, 0.0, 0.0, 0.0]], "Born radii": [], "Atomic SASAs": [], "Solvent H bonds": [], "Total SASA": NaN, "Total FOD": 0.0, "FOD": [0.0, 0.0, 0.0, 0.0, 0.0, 0.0, 0.0, 0.0, 0.0, 0.0, 0.0, 0.0, 0.0, 0.0, 0.0, 0.0, 0.0, 0.0, 0.0, 0.0, 0.0, 0.0, 0.0, 0.0, 0.0, 0.0, 0.0, 0.0, 0.0, 0.0, 0.0], "FOD s proportion": [0.0, 0.0, 0.0, 0.0, 0.0, 0.0, 0.0, 0.0, 0.0, 0.0, 0.0, 0.0, 0.0, 0.0, 0.0, 0.0, 0.0, 0.0, 0.0, 0.0, 0.0, 0.0, 0.0, 0.0, 0.0, 0.0, 0.0, 0.0, 0.0, 0.0, 0.0], "FOD p proportion": [0.0, 0.0, 0.0, 0.0, 0.0, 0.0, 0.0, 0.0, 0.0, 0.0, 0.0, 0.0, 0.0, 0.0, 0.0, 0.0, 0.0, 0.0, 0.0, 0.0, 0.0, 0.0, 0.0, 0.0, 0.0, 0.0, 0.0, 0.0, 0.0, 0.0, 0.0], "FOD d proportion": [0.0, 0.0, 0.0, 0.0, 0.0, 0.0, 0.0, 0.0, 0.0, 0.0, 0.0, 0.0, 0.0, 0.0, 0.0, 0.0, 0.0, 0.0, 0.0, 0.0, 0.0, 0.0, 0.0, 0.0, 0.0, 0.0, 0.0, 0.0, 0.0, 0.0, 0.0], "coordinates": [["4.09380", "-2.00800", "0.00580"], ["2.87420", "-1.36410", "0.31510"], ["2.68470", "0.18210", "-0.13100"], ["2.79250", "0.56400", "-2.03200"], ["3.80920", "0.89990", "0.79230"], ["3.83360", "2.31280", "0.84100"], ["1.33050", "0.60160", "0.64340"], ["0.07880", "0.10850", "0.40900"], ["-0.20090", "-0.98650", "-0.39800"], ["-1.52420", "-1.40390", "-0.56580"], ["-2.57920", "-0.73270", "0.06840"], ["-4.24430", "-1.33310", "-0.19720"], ["-4.51100", "-0.68110", "-1.86640"], ["-2.29990", "0.36480", "0.90150"], ["-3.38190", "1.11650", "1.62770"], ["-0.96370", "0.77300", "1.05950"], ["4.94720", "-1.39550", "0.30840"], ["4.14640", "-2.21790", "-1.06530"], ["4.13410", "-2.95560", "0.54910"], ["2.83240", "2.71520", "1.01640"], ["4.48320", "2.62100", "1.66430"], ["4.23860", "2.71360", "-0.09150"], ["0.57840", "-1.54640", "-0.90430"], ["-1.72390", "-2.26860", "-1.19570"], ["-3.80840", "-1.12900", "-2.57430"], ["-5.52770", "-0.92300", "-2.18740"], ["-4.39260", "0.40600", "-1.87620"], ["-4.08660", "1.55710", "0.91520"], ["-2.96880", "1.93630", "2.22550"], ["-3.91630", "0.45150", "2.31380"], ["-0.72820", "1.62150", "1.69900"]], "bond_dist": [[0.0, 1.4133993986131448, 2.607837238019275, 3.530041717883799, 3.0257993687619145, 4.4084663682509815, 3.853877632982137, 4.556574095743423, 4.432940872603648, 5.679224187334041, 6.794059011371626, 8.36783189482198, 8.90552522257952, 6.878361579620542, 8.263119892026257, 5.86707345616194, 1.093167219596343, 1.0927396670753744, 1.0930437960118524, 4.992099814707234, 4.932534400285516, 4.724821783940639, 3.6605182324364947, 5.946187677831906, 8.359086185104207, 9.927769814515242, 9.021546705526719, 8.969720760982472, 8.388378230623605, 8.69124307909979, 6.268323578916455], [1.4133993986131448, 0.0, 1.6203857256838572, 3.038605421899988, 2.4955241613737185, 3.8362237656320315, 2.5208663332275276, 3.160953832310747, 3.1792032618252013, 4.485921467212729, 5.495370634452239, 7.1369779697011815, 7.730886772550741, 5.4867359130907705, 6.856754504136778, 4.455424130203544, 2.073248622331629, 2.0622733669424136, 2.043275864879728, 4.139354710579899, 4.504469297264662, 4.3190911324027415, 2.605929256522517, 4.9237344059159005, 7.284301416745466, 8.777755924494599, 7.79367897337323, 7.572731745545989, 6.9773144776482585, 7.307673726980426, 4.879167175861061], [2.607837238019275, 1.6203857256838572, 0.0, 1.9419756563870723, 1.6224117788033965, 2.6085700488965213, 1.615404980182988, 2.6622794312393276, 3.124676354440568, 4.518770435638437, 5.346518737458982, 7.093042681388574, 7.45216920701617, 5.093689497800195, 6.385120563466283, 3.8829467701733944, 2.7929912942936284, 2.9613313526182785, 3.522564074647898, 2.784768870121899, 3.522206346879751, 2.9706325437522563, 2.8323497012198198, 5.155120807507813, 7.060385662979042, 8.537771414719417, 7.2927381373528, 6.9882517935460795, 6.371214337942178, 7.044346981800371, 4.131423334639044], [3.530041717883799, 3.038605421899988, 1.9419756563870723, 0.0, 3.0204599302093054, 3.520840758966529, 3.0490363920425745, 3.6783323585559797, 3.746258107765667, 4.9655082056119895, 5.911706347578507, 7.515452993000488, 7.410722611189816, 5.880275559019322, 7.1987412580256, 4.869300944694217, 3.736287529085522, 3.241376514692485, 4.566130958481152, 3.7312191050647243, 4.555474638278651, 3.236900619419756, 3.260020591959505, 5.396377433982913, 6.836096773744503, 8.453463562351232, 7.18852555466001, 7.549453772293727, 7.293976366153101, 7.994162328224266, 5.237747200848853], [3.0257993687619145, 2.4955241613737185, 1.6224117788033965, 3.0204599302093054, 0.0, 1.4139495959898996, 2.501021349369093, 3.832638387586285, 4.5887058153688605, 5.966329324635039, 6.633330123701066, 8.415715150835371, 8.876597024197954, 6.133462273463496, 7.2427017010229, 4.782057492335281, 2.607309795555564, 3.6448674104828562, 3.876801065311451, 2.073565320890567, 2.0437331552822644, 2.062763798887308, 4.393279400402392, 6.6788271320644315, 8.571946134338456, 9.968915593483576, 8.639117588041039, 7.924056656157879, 7.004960470980547, 7.886658041274517, 4.683034295197933], [4.4084663682509815, 3.8362237656320315, 2.6085700488965213, 3.520840758966529, 1.4139495959898996, 0.0, 3.038545838061358, 4.375395471268854, 5.357022656289593, 6.670754527787692, 7.141147306280693, 8.923167288580888, 9.269617097269983, 6.435696271577769, 7.356185888760561, 5.043095634627604, 3.9083572776807394, 4.925349329743018, 5.285030219402723, 1.0932027991182607, 1.0930646321238282, 1.0928045982699741, 5.341893275796513, 7.48486333208563, 9.050437852943912, 10.357390882360287, 8.870706201875926, 7.956516585164641, 6.952067193288627, 8.105216069914485, 4.69298188042528], [3.853877632982137, 2.5208663332275276, 1.615404980182988, 3.0490363920425745, 2.501021349369093, 3.038545838061358, 0.0, 1.365592860262531, 2.4396232352558047, 3.692357916020602, 4.170939412170836, 5.960542549969759, 6.485949242786287, 3.6472584238027332, 4.8415578340034315, 2.3379201889713856, 4.145015355821978, 4.335727015161356, 4.53020278685182, 2.6195682029678093, 3.8806868541535278, 3.668469383816635, 2.7522597442828682, 4.577083810681207, 6.305304343170121, 7.574479588724231, 6.256238257131836, 5.507433876135055, 4.77162917565898, 5.508327914167784, 2.528385465074501], [4.556574095743423, 3.160953832310747, 2.6622794312393276, 3.6783323585559797, 3.832638387586285, 4.375395471268854, 1.365592860262531, 0.0, 1.3887066248851843, 2.4098128143073687, 2.8086633475730056, 4.5972690382443355, 5.183355801023118, 2.4426337486410037, 3.8049623099315975, 1.3969669824301505, 5.096415889622823, 4.912338262986375, 5.084662713494377, 3.840069349634196, 5.223712635664408, 4.933658105300771, 2.1709562547412142, 3.387535061073169, 5.053890479620626, 6.264034439560498, 5.0303144285422166, 4.439058183894417, 3.991038818403048, 4.439226965362326, 2.1458140646384067], [4.432940872603648, 3.1792032618252013, 3.124676354440568, 3.746258107765667, 4.5887058153688605, 5.357022656289593, 2.4396232352558047, 1.3887066248851843, 0.0, 1.39767753434045, 2.4368533583291385, 4.063192803695143, 4.563598331360901, 2.8143405870647573, 4.3179660130668, 2.4087362537231014, 5.212409766125453, 4.567346334579851, 4.854542019593609, 4.990392683947827, 6.261623619317916, 5.787386500830923, 1.0849590729608192, 2.1446758962603183, 4.215524189231987, 5.6196781802875515, 4.657733395118274, 4.8262883968946575, 4.804870705856715, 4.819325720471693, 3.387789587621994], [5.679224187334041, 4.485921467212729, 4.518770435638437, 4.9655082056119895, 5.966329324635039, 6.670754527787692, 3.692357916020602, 2.4098128143073687, 1.39767753434045, 0.0, 1.4020499563139681, 2.7458737425453488, 3.3369109128054353, 2.425485409150094, 3.8229448988966603, 2.7739239264983455, 6.530184848838506, 5.750460904136293, 5.972196730684615, 6.200831009630887, 7.567167289019055, 7.098494951748575, 2.134435583474001, 1.0882831387097756, 3.0540484442785116, 4.346132029747832, 3.636014951839445, 4.186499224889453, 4.58641045808157, 4.178127299401012, 3.8621212047267495], [6.794059011371626, 5.495370634452239, 5.346518737458982, 5.911706347578507, 6.633330123701066, 7.141147306280693, 4.170939412170836, 2.8086633475730056, 2.4368533583291385, 1.4020499563139681, 0.0, 1.7898551701185208, 2.734586776827534, 1.405905526698007, 2.5485847876811945, 2.4205891741474845, 7.559338648321029, 6.980314469277154, 7.088071232006631, 6.486303490432744, 7.97945450892478, 7.64100441957731, 3.4027475281013726, 2.1652888283090554, 2.9414026619964835, 3.7173243038508224, 2.8924948418277254, 2.869234922413987, 3.45375586427298, 2.869143985581762, 3.409884895418026], [8.36783189482198, 7.1369779697011815, 7.093042681388574, 7.515452993000488, 8.415715150835371, 8.923167288580888, 5.960542549969759, 4.5972690382443355, 4.063192803695143, 2.7458737425453488, 1.7898551701185208, 0.0, 1.8117564764614476, 2.8054763338869924, 3.174040631434954, 4.096008845205294, 9.205606844200984, 8.481763680980507, 8.566624568638455, 8.242647677779269, 9.760601687908384, 9.399284323287599, 4.87892637677594, 2.8678526217363403, 2.425339157726193, 2.4033713009021307, 2.4218799928980794, 3.100896497788986, 4.264428672167, 3.097983563545811, 4.968721647466277], [8.90552522257952, 7.730886772550741, 7.45216920701617, 7.410722611189816, 8.876597024197954, 9.269617097269983, 6.485949242786287, 5.183355801023118, 4.563598331360901, 3.3369109128054353, 2.734586776827534, 1.8117564764614476, 0.0, 3.6937975621303343, 4.088394230012561, 4.822720695831348, 9.731272765676646, 8.829161353718709, 9.259899811013076, 8.58899953952729, 10.211040130172831, 9.551427027413235, 5.251321058552791, 3.2768767370775485, 1.0933359867853982, 1.0932682653402137, 1.0935725901832032, 3.5954072314551517, 5.096352539807269, 4.371558405191449, 5.685386509288529], [6.878361579620542, 5.4867359130907705, 5.093689497800195, 5.880275559019322, 6.133462273463496, 6.435696271577769, 3.6472584238027332, 2.4426337486410037, 2.8143405870647573, 2.425485409150094, 1.405905526698007, 2.8054763338869924, 3.6937975621303343, 0.0, 1.5043747305774582, 1.4060660297439804, 7.4813689997219095, 7.217577517422311, 7.248834245587355, 5.646068141636266, 7.189071420566081, 7.018183004880964, 3.8984881646607574, 3.4153798324637332, 4.072860951468881, 4.649561795481376, 3.4780322051412926, 2.148037213364796, 2.1610218555118776, 2.14822185539576, 2.164611288430327], [8.263119892026257, 6.856754504136778, 6.385120563466283, 7.1987412580256, 7.2427017010229, 7.356185888760561, 4.8415578340034315, 3.8049623099315975, 4.3179660130668, 3.8229448988966603, 2.5485847876811945, 3.174040631434954, 4.088394230012561, 1.5043747305774582, 0.0, 2.507695103077724, 8.799125144012898, 8.66289635456872, 8.616010235021776, 6.445700417332471, 8.007787323599448, 7.973606292011162, 5.402410249138805, 4.709506722577217, 4.783406369941822, 4.828975657424667, 3.715325012700773, 1.0947085000126744, 1.095485504240015, 1.0947792334530284, 2.7022643060959077], [5.86707345616194, 4.455424130203544, 3.8829467701733944, 4.869300944694217, 4.782057492335281, 5.043095634627604, 2.3379201889713856, 1.3969669824301505, 2.4087362537231014, 2.7739239264983455, 2.4205891741474845, 4.096008845205294, 4.822720695831348, 1.4060660297439804, 2.507695103077724, 0.0, 6.340763539984754, 6.290737624476163, 6.336444662427031, 4.264313972962122, 5.783563490617182, 5.6705074420196295, 3.4079611514804564, 3.8620152304205124, 4.991435117278396, 5.852253549702029, 4.528838559719257, 3.223063714852686, 2.5948504581189256, 3.224046758345791, 1.0882889092515828], [1.093167219596343, 2.073248622331629, 2.7929912942936284, 3.736287529085522, 2.607309795555564, 3.9083572776807394, 4.145015355821978, 5.096415889622823, 5.212409766125453, 6.530184848838506, 7.559338648321029, 9.205606844200984, 9.731272765676646, 7.4813689997219095, 8.799125144012898, 6.340763539984754, 0.0, 1.790160353152756, 1.7756632873380018, 4.676697288685681, 4.2645085367484015, 4.188882521627933, 4.536499260443012, 6.894069598575285, 9.221795535577655, 10.778488015487143, 9.759597504508061, 9.5234235146821, 8.799955661820121, 9.273331138808752, 6.576186016225514], [1.0927396670753744, 2.0622733669424136, 2.9613313526182785, 3.241376514692485, 3.6448674104828562, 4.925349329743018, 4.335727015161356, 4.912338262986375, 4.567346334579851, 5.750460904136293, 6.980314469277154, 8.481763680980507, 8.829161353718709, 7.217577517422311, 8.66289635456872, 6.290737624476163, 1.790160353152756, 0.0, 1.7750042084457152, 5.513215622483851, 5.5658874952697355, 5.0275719318573655, 3.6342065502665086, 5.871967024771171, 8.169554899136182, 9.8246671816403, 8.969778760928277, 9.271207809665363, 8.872024195187928, 9.140631513194261, 6.792942809269043], [1.0930437960118524, 2.043275864879728, 3.522564074647898, 4.566130958481152, 3.876801065311451, 5.285030219402723, 4.53020278685182, 5.084662713494377, 4.854542019593609, 5.972196730684615, 7.088071232006631, 8.566624568638455, 9.259899811013076, 7.248834245587355, 8.616010235021776, 6.336444662427031, 1.7756632873380018, 1.7750042084457152, 0.0, 5.837016774003652, 5.697719667551222, 5.706234945215628, 4.091603437529106, 6.150809706046839, 8.727852047898153, 10.24550019520765, 9.480877994152229, 9.385009269574537, 8.785908659893979, 8.918039956178712, 6.775992599612251], [4.992099814707234, 4.139354710579899, 2.784768870121899, 3.7312191050647243, 2.073565320890567, 1.0932027991182607, 2.6195682029678093, 3.840069349634196, 4.990392683947827, 6.200831009630887, 6.486303490432744, 8.242647677779269, 8.58899953952729, 5.646068141636266, 6.445700417332471, 4.264313972962122, 4.676697288685681, 5.513215622483851, 5.837016774003652, 0.0, 1.775890956674987, 1.790207644380953, 5.189493139989684, 7.105738423274531, 8.471789938968033, 9.663959110530216, 8.117891622829168, 7.015981616994161, 5.97683272812616, 7.235505244279766, 3.786818560480552], [4.932534400285516, 4.504469297264662, 3.522206346879751, 4.555474638278651, 2.0437331552822644, 1.0930646321238282, 3.8806868541535278, 5.223712635664408, 6.261623619317916, 7.567167289019055, 7.97945450892478, 9.760601687908384, 10.211040130172831, 7.189071420566081, 8.007787323599448, 5.783563490617182, 4.2645085367484015, 5.5658874952697355, 5.697719667551222, 1.775890956674987, 0.0, 1.7751725437263837, 6.261979859437428, 8.403325447107234, 10.038867491903655, 11.29662107446293, 9.809240077090578, 8.668016270173933, 7.5044029429395644, 8.699435656983734, 5.306495481954169], [4.724821783940639, 4.3190911324027415, 2.9706325437522563, 3.236900619419756, 2.062763798887308, 1.0928045982699741, 3.668469383816635, 4.933658105300771, 5.787386500830923, 7.098494951748575, 7.64100441957731, 9.399284323287599, 9.551427027413235, 7.018183004880964, 7.973606292011162, 5.6705074420196295, 4.188882521627933, 5.0275719318573655, 5.706234945215628, 1.790207644380953, 1.7751725437263837, 0.0, 5.674972059843114, 7.848119566494895, 9.256569537361019, 10.630064536963076, 9.110860842423179, 8.465216605616185, 7.610472984644252, 8.798008780968566, 5.391444602330622], [3.6605182324364947, 2.605929256522517, 2.8323497012198198, 3.260020591959505, 4.393279400402392, 5.341893275796513, 2.7522597442828682, 2.1709562547412142, 1.0849590729608192, 2.134435583474001, 3.4027475281013726, 4.87892637677594, 5.251321058552791, 3.8984881646607574, 5.402410249138805, 3.4079611514804564, 4.536499260443012, 3.6342065502665086, 4.091603437529106, 5.189493139989684, 6.261979859437428, 5.674972059843114, 0.0, 2.4304468910058494, 4.712444906839761, 6.270520742330736, 5.428378797578518, 5.891054022838358, 5.874306356498612, 5.877933319628593, 4.303482875532328], [5.946187677831906, 4.9237344059159005, 5.155120807507813, 5.396377433982913, 6.6788271320644315, 7.48486333208563, 4.577083810681207, 3.387535061073169, 2.1446758962603183, 1.0882831387097756, 2.1652888283090554, 2.8678526217363403, 3.2768767370775485, 3.4153798324637332, 4.709506722577217, 3.8620152304205124, 6.894069598575285, 5.871967024771171, 6.150809706046839, 7.105738423274531, 8.403325447107234, 7.848119566494895, 2.4304468910058494, 0.0, 2.746700997560528, 4.154876976518078, 3.839078678537339, 4.967316236158113, 5.561975319974011, 4.9519846546612, 4.950109553333139], [8.359086185104207, 7.284301416745466, 7.060385662979042, 6.836096773744503, 8.571946134338456, 9.050437852943912, 6.305304343170121, 5.053890479620626, 4.215524189231987, 3.0540484442785116, 2.9414026619964835, 2.425339157726193, 1.0933359867853982, 4.072860951468881, 4.783406369941822, 4.991435117278396, 9.221795535577655, 8.169554899136182, 8.727852047898153, 8.471789938968033, 10.038867491903655, 9.256569537361019, 4.712444906839761, 2.746700997560528, 0.0, 1.774294254062725, 1.784617115798232, 4.41238469537732, 5.756654609232691, 5.138398998715456, 5.942556283284156], [9.927769814515242, 8.777755924494599, 8.537771414719417, 8.453463562351232, 9.968915593483576, 10.357390882360287, 7.574479588724231, 6.264034439560498, 5.6196781802875515, 4.346132029747832, 3.7173243038508224, 2.4033713009021307, 1.0932682653402137, 4.649561795481376, 4.828975657424667, 5.852253549702029, 10.778488015487143, 9.8246671816403, 10.24550019520765, 9.663959110530216, 11.29662107446293, 10.630064536963076, 6.270520742330736, 4.154876976518078, 1.774294254062725, 0.0, 1.775257291211615, 4.225374773910594, 5.8478416625281495, 4.974601657419416, 6.679355167978418], [9.021546705526719, 7.79367897337323, 7.2927381373528, 7.18852555466001, 8.639117588041039, 8.870706201875926, 6.256238257131836, 5.0303144285422166, 4.657733395118274, 3.636014951839445, 2.8924948418277254, 2.4218799928980794, 1.0935725901832032, 3.4780322051412926, 3.715325012700773, 4.528838559719257, 9.759597504508061, 8.969778760928277, 9.480877994152229, 8.117891622829168, 9.809240077090578, 9.110860842423179, 5.428378797578518, 3.839078678537339, 1.784617115798232, 1.775257291211615, 0.0, 3.0348939306012004, 4.603582020557471, 4.217230363639151, 5.261874442629736], [8.969720760982472, 7.572731745545989, 6.9882517935460795, 7.549453772293727, 7.924056656157879, 7.956516585164641, 5.507433876135055, 4.439058183894417, 4.8262883968946575, 4.186499224889453, 2.869234922413987, 3.100896497788986, 3.5954072314551517, 2.148037213364796, 1.0947085000126744, 3.223063714852686, 9.5234235146821, 9.271207809665363, 9.385009269574537, 7.015981616994161, 8.668016270173933, 8.465216605616185, 5.891054022838358, 4.967316236158113, 4.41238469537732, 4.225374773910594, 3.0348939306012004, 0.0, 1.7635633161301578, 1.7909314364318918, 3.449252145030861], [8.388378230623605, 6.9773144776482585, 6.371214337942178, 7.293976366153101, 7.004960470980547, 6.952067193288627, 4.77162917565898, 3.991038818403048, 4.804870705856715, 4.58641045808157, 3.45375586427298, 4.264428672167, 5.096352539807269, 2.1610218555118776, 1.095485504240015, 2.5948504581189256, 8.799955661820121, 8.872024195187928, 8.785908659893979, 5.97683272812616, 7.5044029429395644, 7.610472984644252, 5.874306356498612, 5.561975319974011, 5.756654609232691, 5.8478416625281495, 4.603582020557471, 1.7635633161301578, 0.0, 1.7635714275299428, 2.3230561013458106], [8.69124307909979, 7.307673726980426, 7.044346981800371, 7.994162328224266, 7.886658041274517, 8.105216069914485, 5.508327914167784, 4.439226965362326, 4.819325720471693, 4.178127299401012, 2.869143985581762, 3.097983563545811, 4.371558405191449, 2.14822185539576, 1.0947792334530284, 3.224046758345791, 9.273331138808752, 9.140631513194261, 8.918039956178712, 7.235505244279766, 8.699435656983734, 8.798008780968566, 5.877933319628593, 4.9519846546612, 5.138398998715456, 4.974601657419416, 4.217230363639151, 1.7909314364318918, 1.7635714275299428, 0.0, 3.4512114756995116], [6.268323578916455, 4.879167175861061, 4.131423334639044, 5.237747200848853, 4.683034295197933, 4.69298188042528, 2.528385465074501, 2.1458140646384067, 3.387789587621994, 3.8621212047267495, 3.409884895418026, 4.968721647466277, 5.685386509288529, 2.164611288430327, 2.7022643060959077, 1.0882889092515828, 6.576186016225514, 6.792942809269043, 6.775992599612251, 3.786818560480552, 5.306495481954169, 5.391444602330622, 4.303482875532328, 4.950109553333139, 5.942556283284156, 6.679355167978418, 5.261874442629736, 3.449252145030861, 2.3230561013458106, 3.4512114756995116, 0.0]]}