{"total energy": -30.38420204, "HOMO-LUMO gap/eV": 11.86731607, "electronic energy": -30.7744314, "dipole": [0.0753076, 0.51414828, -0.55942463], "partial charges": [-0.10023029, -0.05176803, -0.05877828, -0.05825708, -0.05786981, -0.07064275, 0.11319442, -0.11663541, -0.44960585, 0.03261535, 0.03109492, 0.03256156, 0.02805636, 0.02814709, 0.03092643, 0.03131346, 0.02735484, 0.02769069, 0.03186883, 0.04216936, 0.03151793, 0.02970098, 0.04309238, 0.04740193, 0.0360896, 0.03407976, 0.28491162], "atomic dipole moments": [[-0.08239633, 0.03627732, -0.04639983], [-0.00506277, -0.06942446, 0.08549829], [0.00149725, 0.06948333, -0.08606432], [-0.00451003, -0.06778015, 0.08406782], [-0.0028755, 0.07220463, -0.09377297], [-0.01352415, -0.0700673, 0.07945548], [-0.01118753, 0.12769425, 0.12917115], [0.0886279, -0.03373727, 0.04692871], [0.0192176, 0.07234646, -0.22209557], [0.00268814, 0.03294577, 0.1215998], [0.10284354, 0.04520236, -0.05368864], [0.00527796, -0.12571475, -0.00712692], [0.00482749, 0.12311645, 0.00467186], [0.00731167, -0.02984885, -0.11949311], [-0.00135607, -0.1244036, -0.00379024], [-0.00385374, 0.02929617, 0.12084111], [0.00127919, 0.12346482, 0.0038159], [0.00370134, -0.02925723, -0.12012752], [-0.00113648, -0.12525954, -0.00413187], [-0.00162445, 0.02963883, 0.12317031], [0.00677158, -0.02638851, -0.12222478], [0.00678571, 0.12325905, 0.00786823], [-0.00237066, -0.12983895, -0.00628692], [-0.10835357, -0.04132578, 0.05367926], [0.00258633, -0.03533446, -0.12327794], [-0.01376287, 0.12464594, 0.00522372], [0.0006395, 0.07776522, -0.00288158]], "atomic quadrupole moments": [[0.12385285, -0.09839553, -0.07775833, 0.1263612, -0.06551797, -0.04609451], [0.23063378, -0.00755228, -0.14015972, 0.01858046, -0.11734143, -0.09047406], [0.23763001, -0.00120727, -0.14493255, 0.0110511, -0.123595, -0.09269746], [0.23397102, 0.00160557, -0.14296074, 0.0071947, -0.12134085, -0.09101028], [0.2400462, -0.00749789, -0.13834641, 0.01036521, -0.13040585, -0.1016998], [0.21891459, 0.00862093, -0.13818578, -0.00062575, -0.11611329, -0.08072881], [-0.02400732, -0.01368909, -0.28319809, -0.02079084, 0.09960315, 0.3072054], [0.09635143, -0.09333798, -0.08593513, 0.14946719, -0.05922914, -0.0104163], [-0.10883817, -0.00268913, -0.04613101, -0.01969238, 0.04634906, 0.15496918], [-0.03610686, -0.01451867, -0.03288692, -0.00532299, 0.03483833, 0.06899378], [0.04266675, 0.03446149, -0.02761476, -0.04049974, -0.03309979, -0.01505199], [-0.03678568, 0.00577425, 0.07897086, 0.01297838, 0.01168538, -0.04218518], [-0.0171275, -0.00257144, 0.05463415, 0.00089515, 0.01502242, -0.03750665], [-0.01711135, -0.00065713, -0.02748479, 0.00106408, 0.03231182, 0.04459613], [-0.02013047, 0.00034345, 0.05455572, 0.00062881, 0.01566967, -0.03442525], [-0.02012146, -0.00111711, -0.02441226, -0.00190539, 0.03228116, 0.04453372], [-0.02043858, 0.0001043, 0.05519513, 0.00078663, 0.0159065, -0.03475655], [-0.01987094, -0.0010418, -0.02437942, -0.00201054, 0.03238564, 0.04425036], [-0.01927997, 0.00040748, 0.05409738, 0.00102037, 0.01544107, -0.03481741], [-0.01868577, -0.00157049, -0.0230717, -0.00376296, 0.03093928, 0.04175746], [-0.01820146, -0.00645034, -0.0335111, -0.00235206, 0.03117673, 0.05171257], [-0.01958529, -0.00603086, 0.05962241, 0.00922612, 0.01682031, -0.04003712], [-0.0117035, -0.00386413, 0.02758066, 0.00089468, -0.0006752, -0.01587716], [0.03877134, 0.03737152, -0.01789404, -0.03908677, -0.03234463, -0.02087729], [-0.03723581, -0.010669, -0.03604546, -0.00732217, 0.03772733, 0.07328127], [-0.03570243, 0.00905237, 0.0865839, 0.00667297, 0.00834461, -0.05088147], [-0.09273457, 0.00043666, 0.13965536, -0.00385304, 0.01617684, -0.0469208]], "number of molecular orbitals": 54, "number of electrons": 56, "number of unpaired electrons": 0, "orbital energies/eV": [-18.48039181, -17.14863482, -16.91751916, -16.70224294, -16.31903587, -16.01699812, -15.70961931, -15.1076728, -15.08405977, -14.58592066, -14.44212562, -14.09295967, -13.88226895, -13.53046557, -13.49098234, -13.13452189, -12.96196018, -12.84093565, -12.56210557, -12.44672611, -12.18059691, -12.02389998, -11.80949122, -11.71328514, -11.59576878, -11.53137019, -11.38835246, -10.93528638, 0.9320297, 1.4717103, 2.58042277, 2.78682437, 3.02870807, 3.08510242, 3.26223448, 3.68012474, 3.86333447, 4.23438501, 4.3223589, 4.67815343, 4.70197291, 4.92530976, 4.94596233, 5.50587674, 5.6298785, 5.80409042, 6.41352138, 6.63500735, 6.73430314, 7.09857263, 7.33018064, 7.41350593, 7.92780839, 8.49596472], "fractional occupation": [2.0, 2.0, 2.0, 2.0, 2.0, 2.0, 2.0, 2.0, 2.0, 2.0, 2.0, 2.0, 2.0, 2.0, 2.0, 2.0, 2.0, 2.0, 2.0, 2.0, 2.0, 2.0, 2.0, 2.0, 2.0, 2.0, 2.0, 2.0, 0.0, 0.0, 0.0, 0.0, 0.0, 0.0, 0.0, 0.0, 0.0, 0.0, 0.0, 0.0, 0.0, 0.0, 0.0, 0.0, 0.0, 0.0, 0.0, 0.0, 0.0, 0.0, 0.0, 0.0, 0.0, 0.0], "program call": "xtb /home/svss/Project-DBcg-Debug/aqme2_20220329/End-to-End-workflows-final/example-3/QDESCP/mol_1113_rdkit_conf_2/mol_1113_rdkit_conf_2.xyz --pop --wbo --acc 0.2 --gfn 2 --chrg 0 --uhf 0 --etemp 300 --input /home/svss/Project-DBcg-Debug/aqme2_20220329/End-to-End-workflows-final/example-3/QDESCP/mol_1113_rdkit_conf_2/mol_1113_rdkit_conf_2_xtb.inp", "method": "GFN2-xTB", "xtb version": "6.3.3 (7355c4f)", "Dipole module/D": 1.941, "Total charge": 0, "Transition dipole module/D": NaN, "HOMO": -10.9353, "LUMO": 0.932, "HOMO occupancy": 2.0, "LUMO occupancy": 0, "mulliken charges": [-0.08343, -0.0386, -0.04635, -0.04703, -0.04043, -0.07232, 0.22327, -0.111, -0.56507, 0.02696, 0.02781, 0.02683, 0.02158, 0.02153, 0.02327, 0.0239, 0.02134, 0.02101, 0.02401, 0.03261, 0.02482, 0.02299, 0.02921, 0.04251, 0.02988, 0.02755, 0.33315], "cm5 charges": [-0.23376, -0.15111, -0.157, -0.15774, -0.15019, -0.1788, 0.17384, -0.25693, -0.77582, 0.07824, 0.0786, 0.07811, 0.0763, 0.07623, 0.07862, 0.07925, 0.07671, 0.07637, 0.07984, 0.09051, 0.08065, 0.08068, 0.0955, 0.0958, 0.08161, 0.08109, 0.50344], "FUKUI+": [0.007, -0.013, -0.014, -0.016, -0.016, -0.005, -0.03, 0.019, -0.074, -0.031, -0.056, -0.031, -0.035, -0.035, -0.04, -0.039, -0.044, -0.045, -0.046, -0.042, -0.069, -0.047, -0.059, -0.064, -0.06, -0.041, -0.073], "FUKUI-": [0.015, 0.002, 0.0, 0.001, 0.0, -0.007, -0.01, 0.005, -0.106, -0.056, -0.066, -0.057, -0.068, -0.068, -0.058, -0.056, -0.042, -0.043, -0.036, -0.029, -0.044, -0.037, -0.048, -0.058, -0.047, -0.039, -0.045], "FUKUIrad": [0.011, -0.006, -0.007, -0.008, -0.008, -0.006, -0.02, 0.012, -0.09, -0.043, -0.061, -0.044, -0.051, -0.052, -0.049, -0.048, -0.043, -0.044, -0.041, -0.036, -0.057, -0.042, -0.054, -0.061, -0.054, -0.04, -0.059], "s proportion": [1.007, 1.027, 1.032, 1.033, 1.031, 1.042, 1.016, 1.02, 1.698, 0.973, 0.972, 0.973, 0.978, 0.978, 0.977, 0.976, 0.979, 0.979, 0.976, 0.967, 0.975, 0.977, 0.971, 0.957, 0.97, 0.972, 0.667], "p proportion": [3.076, 3.012, 3.014, 3.014, 3.009, 3.031, 2.761, 3.091, 4.867, 0.0, 0.0, 0.0, 0.0, 0.0, 0.0, 0.0, 0.0, 0.0, 0.0, 0.0, 0.0, 0.0, 0.0, 0.0, 0.0, 0.0, 0.0], "d proportion": [0.0, 0.0, 0.0, 0.0, 0.0, 0.0, 0.0, 0.0, 0.0, 0.0, 0.0, 0.0, 0.0, 0.0, 0.0, 0.0, 0.0, 0.0, 0.0, 0.0, 0.0, 0.0, 0.0, 0.0, 0.0, 0.0, 0.0], "Fermi-level/eV": -5.0016, "Coordination numbers": [3.75, 3.8, 3.802, 3.802, 3.801, 3.802, 3.724, 3.75, 1.653, 0.924, 0.924, 0.924, 0.924, 0.924, 0.924, 0.924, 0.924, 0.924, 0.924, 0.924, 0.924, 0.924, 0.924, 0.924, 0.924, 0.924, 0.804], "Dispersion coefficient C6": [22.478, 21.504, 21.631, 21.621, 21.615, 21.851, 18.826, 22.797, 21.837, 2.55, 2.571, 2.55, 2.614, 2.613, 2.573, 2.568, 2.625, 2.62, 2.56, 2.42, 2.565, 2.591, 2.408, 2.353, 2.502, 2.529, 0.768], "Total dispersion C6": 4848.427225, "Total dispersion C8": 100696.857613, "Polarizability alpha": [6.761, 6.602, 6.622, 6.62, 6.619, 6.655, 6.196, 6.809, 6.308, 2.497, 2.508, 2.497, 2.529, 2.528, 2.509, 2.506, 2.533, 2.531, 2.502, 2.433, 2.505, 2.517, 2.427, 2.399, 2.473, 2.487, 1.377], "Total polarizability alpha": 102.951623, "Wiberg matrix": [[0.0, 1.0200845002483132, 0.0, 0.0, 0.0, 0.0, 0.0, 0.0, 0.0, 0.9876963540907497, 0.9874081504485587, 0.9877008511718229, 0.0, 0.0, 0.0, 0.0, 0.0, 0.0, 0.0, 0.0, 0.0, 0.0, 0.0, 0.0, 0.0, 0.0, 0.0], [1.0200845002483132, 0.0, 1.007719199433637, 0.0, 0.0, 0.0, 0.0, 0.0, 0.0, 0.0, 0.0, 0.0, 0.9781289490367464, 0.9781158243306827, 0.0, 0.0, 0.0, 0.0, 0.0, 0.0, 0.0, 0.0, 0.0, 0.0, 0.0, 0.0, 0.0], [0.0, 1.007719199433637, 0.0, 1.0070965463128407, 0.0, 0.0, 0.0, 0.0, 0.0, 0.0, 0.0, 0.0, 0.0, 0.0, 0.9771553809671253, 0.9771351495644044, 0.0, 0.0, 0.0, 0.0, 0.0, 0.0, 0.0, 0.0, 0.0, 0.0, 0.0], [0.0, 0.0, 1.0070965463128407, 0.0, 1.006845124169719, 0.0, 0.0, 0.0, 0.0, 0.0, 0.0, 0.0, 0.0, 0.0, 0.0, 0.0, 0.9774332848472798, 0.9773158945489655, 0.0, 0.0, 0.0, 0.0, 0.0, 0.0, 0.0, 0.0, 0.0], [0.0, 0.0, 0.0, 1.006845124169719, 0.0, 1.0065399783846474, 0.0, 0.0, 0.0, 0.0, 0.0, 0.0, 0.0, 0.0, 0.0, 0.0, 0.0, 0.0, 0.9772195488431142, 0.9761747236883902, 0.0, 0.0, 0.0, 0.0, 0.0, 0.0, 0.0], [0.0, 0.0, 0.0, 0.0, 1.0065399783846474, 0.0, 0.9888091182449037, 0.0, 0.0, 0.0, 0.0, 0.0, 0.0, 0.0, 0.0, 0.0, 0.0, 0.0, 0.0, 0.0, 0.9754258772210926, 0.9747304526042646, 0.0, 0.0, 0.0, 0.0, 0.0], [0.0, 0.0, 0.0, 0.0, 0.0, 0.9888091182449037, 0.0, 1.0024502983894412, 0.9846050543125902, 0.0, 0.0, 0.0, 0.0, 0.0, 0.0, 0.0, 0.0, 0.0, 0.0, 0.0, 0.0, 0.0, 0.9631286720460474, 0.0, 0.0, 0.0, 0.0], [0.0, 0.0, 0.0, 0.0, 0.0, 0.0, 1.0024502983894412, 0.0, 0.0, 0.0, 0.0, 0.0, 0.0, 0.0, 0.0, 0.0, 0.0, 0.0, 0.0, 0.0, 0.0, 0.0, 0.0, 0.9851062955342463, 0.9856361237283459, 0.984938996894548, 0.0], [0.0, 0.0, 0.0, 0.0, 0.0, 0.0, 0.9846050543125902, 0.0, 0.0, 0.0, 0.0, 0.0, 0.0, 0.0, 0.0, 0.0, 0.0, 0.0, 0.0, 0.0, 0.0, 0.0, 0.0, 0.0, 0.0, 0.0, 0.9007917818694591], [0.9876963540907497, 0.0, 0.0, 0.0, 0.0, 0.0, 0.0, 0.0, 0.0, 0.0, 0.0, 0.0, 0.0, 0.0, 0.0, 0.0, 0.0, 0.0, 0.0, 0.0, 0.0, 0.0, 0.0, 0.0, 0.0, 0.0, 0.0], [0.9874081504485587, 0.0, 0.0, 0.0, 0.0, 0.0, 0.0, 0.0, 0.0, 0.0, 0.0, 0.0, 0.0, 0.0, 0.0, 0.0, 0.0, 0.0, 0.0, 0.0, 0.0, 0.0, 0.0, 0.0, 0.0, 0.0, 0.0], [0.9877008511718229, 0.0, 0.0, 0.0, 0.0, 0.0, 0.0, 0.0, 0.0, 0.0, 0.0, 0.0, 0.0, 0.0, 0.0, 0.0, 0.0, 0.0, 0.0, 0.0, 0.0, 0.0, 0.0, 0.0, 0.0, 0.0, 0.0], [0.0, 0.9781289490367464, 0.0, 0.0, 0.0, 0.0, 0.0, 0.0, 0.0, 0.0, 0.0, 0.0, 0.0, 0.0, 0.0, 0.0, 0.0, 0.0, 0.0, 0.0, 0.0, 0.0, 0.0, 0.0, 0.0, 0.0, 0.0], [0.0, 0.9781158243306827, 0.0, 0.0, 0.0, 0.0, 0.0, 0.0, 0.0, 0.0, 0.0, 0.0, 0.0, 0.0, 0.0, 0.0, 0.0, 0.0, 0.0, 0.0, 0.0, 0.0, 0.0, 0.0, 0.0, 0.0, 0.0], [0.0, 0.0, 0.9771553809671253, 0.0, 0.0, 0.0, 0.0, 0.0, 0.0, 0.0, 0.0, 0.0, 0.0, 0.0, 0.0, 0.0, 0.0, 0.0, 0.0, 0.0, 0.0, 0.0, 0.0, 0.0, 0.0, 0.0, 0.0], [0.0, 0.0, 0.9771351495644044, 0.0, 0.0, 0.0, 0.0, 0.0, 0.0, 0.0, 0.0, 0.0, 0.0, 0.0, 0.0, 0.0, 0.0, 0.0, 0.0, 0.0, 0.0, 0.0, 0.0, 0.0, 0.0, 0.0, 0.0], [0.0, 0.0, 0.0, 0.9774332848472798, 0.0, 0.0, 0.0, 0.0, 0.0, 0.0, 0.0, 0.0, 0.0, 0.0, 0.0, 0.0, 0.0, 0.0, 0.0, 0.0, 0.0, 0.0, 0.0, 0.0, 0.0, 0.0, 0.0], [0.0, 0.0, 0.0, 0.9773158945489655, 0.0, 0.0, 0.0, 0.0, 0.0, 0.0, 0.0, 0.0, 0.0, 0.0, 0.0, 0.0, 0.0, 0.0, 0.0, 0.0, 0.0, 0.0, 0.0, 0.0, 0.0, 0.0, 0.0], [0.0, 0.0, 0.0, 0.0, 0.9772195488431142, 0.0, 0.0, 0.0, 0.0, 0.0, 0.0, 0.0, 0.0, 0.0, 0.0, 0.0, 0.0, 0.0, 0.0, 0.0, 0.0, 0.0, 0.0, 0.0, 0.0, 0.0, 0.0], [0.0, 0.0, 0.0, 0.0, 0.9761747236883902, 0.0, 0.0, 0.0, 0.0, 0.0, 0.0, 0.0, 0.0, 0.0, 0.0, 0.0, 0.0, 0.0, 0.0, 0.0, 0.0, 0.0, 0.0, 0.0, 0.0, 0.0, 0.0], [0.0, 0.0, 0.0, 0.0, 0.0, 0.9754258772210926, 0.0, 0.0, 0.0, 0.0, 0.0, 0.0, 0.0, 0.0, 0.0, 0.0, 0.0, 0.0, 0.0, 0.0, 0.0, 0.0, 0.0, 0.0, 0.0, 0.0, 0.0], [0.0, 0.0, 0.0, 0.0, 0.0, 0.9747304526042646, 0.0, 0.0, 0.0, 0.0, 0.0, 0.0, 0.0, 0.0, 0.0, 0.0, 0.0, 0.0, 0.0, 0.0, 0.0, 0.0, 0.0, 0.0, 0.0, 0.0, 0.0], [0.0, 0.0, 0.0, 0.0, 0.0, 0.0, 0.9631286720460474, 0.0, 0.0, 0.0, 0.0, 0.0, 0.0, 0.0, 0.0, 0.0, 0.0, 0.0, 0.0, 0.0, 0.0, 0.0, 0.0, 0.0, 0.0, 0.0, 0.0], [0.0, 0.0, 0.0, 0.0, 0.0, 0.0, 0.0, 0.9851062955342463, 0.0, 0.0, 0.0, 0.0, 0.0, 0.0, 0.0, 0.0, 0.0, 0.0, 0.0, 0.0, 0.0, 0.0, 0.0, 0.0, 0.0, 0.0, 0.0], [0.0, 0.0, 0.0, 0.0, 0.0, 0.0, 0.0, 0.9856361237283459, 0.0, 0.0, 0.0, 0.0, 0.0, 0.0, 0.0, 0.0, 0.0, 0.0, 0.0, 0.0, 0.0, 0.0, 0.0, 0.0, 0.0, 0.0, 0.0], [0.0, 0.0, 0.0, 0.0, 0.0, 0.0, 0.0, 0.984938996894548, 0.0, 0.0, 0.0, 0.0, 0.0, 0.0, 0.0, 0.0, 0.0, 0.0, 0.0, 0.0, 0.0, 0.0, 0.0, 0.0, 0.0, 0.0, 0.0], [0.0, 0.0, 0.0, 0.0, 0.0, 0.0, 0.0, 0.0, 0.9007917818694591, 0.0, 0.0, 0.0, 0.0, 0.0, 0.0, 0.0, 0.0, 0.0, 0.0, 0.0, 0.0, 0.0, 0.0, 0.0, 0.0, 0.0, 0.0]], "Born radii": [], "Atomic SASAs": [], "Solvent H bonds": [], "Total SASA": NaN, "Total FOD": 0.0, "FOD": [0.0, 0.0, 0.0, 0.0, 0.0, 0.0, 0.0, 0.0, 0.0, 0.0, 0.0, 0.0, 0.0, 0.0, 0.0, 0.0, 0.0, 0.0, 0.0, 0.0, 0.0, 0.0, 0.0, 0.0, 0.0, 0.0, 0.0], "FOD s proportion": [0.0, 0.0, 0.0, 0.0, 0.0, 0.0, 0.0, 0.0, 0.0, 0.0, 0.0, 0.0, 0.0, 0.0, 0.0, 0.0, 0.0, 0.0, 0.0, 0.0, 0.0, 0.0, 0.0, 0.0, 0.0, 0.0, 0.0], "FOD p proportion": [0.0, 0.0, 0.0, 0.0, 0.0, 0.0, 0.0, 0.0, 0.0, 0.0, 0.0, 0.0, 0.0, 0.0, 0.0, 0.0, 0.0, 0.0, 0.0, 0.0, 0.0, 0.0, 0.0, 0.0, 0.0, 0.0, 0.0], "FOD d proportion": [0.0, 0.0, 0.0, 0.0, 0.0, 0.0, 0.0, 0.0, 0.0, 0.0, 0.0, 0.0, 0.0, 0.0, 0.0, 0.0, 0.0, 0.0, 0.0, 0.0, 0.0, 0.0, 0.0, 0.0, 0.0, 0.0, 0.0], "coordinates": [["4.52390", "-0.34940", "0.50190"], ["3.29470", "0.20220", "-0.20260"], ["2.00510", "-0.32740", "0.42430"], ["0.77110", "0.22990", "-0.28720"], ["-0.51990", "-0.30030", "0.34000"], ["-1.75510", "0.25800", "-0.37460"], ["-3.05880", "-0.28990", "0.21490"], ["-4.27440", "0.22370", "-0.54480"], ["-3.17850", "0.09430", "1.58190"], ["4.53160", "-0.06390", "1.55870"], ["5.43440", "0.04200", "0.03760"], ["4.55400", "-1.44200", "0.44060"], ["3.31170", "1.29700", "-0.15100"], ["3.33400", "-0.07340", "-1.26290"], ["1.99500", "-1.42300", "0.37380"], ["1.97280", "-0.05260", "1.48560"], ["0.78100", "1.32550", "-0.23630"], ["0.80380", "-0.04500", "-1.34850"], ["-0.53030", "-1.39580", "0.28700"], ["-0.54720", "-0.02710", "1.40160"], ["-1.70280", "0.01010", "-1.44170"], ["-1.74340", "1.35200", "-0.28950"], ["-3.05180", "-1.38490", "0.18160"], ["-5.19580", "-0.16190", "-0.09530"], ["-4.24450", "-0.08060", "-1.59540"], ["-4.33520", "1.31660", "-0.49780"], ["-3.17530", "1.06600", "1.62040"]], "bond_dist": [[0.0, 1.5203668800654664, 2.5200911094641008, 3.878372743819243, 5.046636588857969, 6.36891105370455, 7.588362704826385, 8.87885732456604, 7.790393792999171, 1.0947126472275728, 1.0944307652839442, 1.094732140754075, 2.146238619072912, 2.1462891347626023, 2.750338484623302, 2.750248559676016, 4.16647688821143, 4.166027307879775, 5.165856425608439, 5.160367485945163, 6.5328871182655535, 6.542180462964928, 7.65284802083512, 9.739834299411873, 9.01974275076623, 9.069653185210557, 7.9077228106453], [1.5203668800654664, 0.0, 1.5285770932471807, 2.525169580444054, 3.8856266122724663, 5.053036481166547, 6.386190641532713, 7.576862008773817, 6.71553429743308, 2.1686190329331705, 2.159091514966422, 2.168625456366313, 1.096147161653033, 1.0962371732430896, 2.1593360298943747, 2.1592503073983806, 2.75347530767937, 2.7529579473722445, 4.174198984236377, 4.1696800524740505, 5.152405018047397, 5.168369497239918, 6.553209770791716, 8.498980665350404, 7.671988289876362, 7.716502083846023, 6.777195543880965], [2.5200911094641008, 1.5285770932471807, 0.0, 1.5295658011344266, 2.5265521763858354, 3.8884493580346398, 5.068366385730219, 6.377694432159634, 5.327999400337804, 2.7819953019370827, 3.4707480087151246, 2.781993900065203, 2.1626023698313106, 2.162668502105674, 1.0968097464920707, 1.0967752823618886, 2.1602989561632433, 2.160021131841076, 2.7547382833946314, 2.749460068813512, 4.164659008850545, 4.169070286046998, 5.171986770091355, 7.221518899788328, 6.572487998467552, 6.614560340642453, 5.49624989697521], [3.878372743819243, 2.525169580444054, 1.5295658011344266, 0.0, 1.530089173871902, 2.527867640917934, 3.897490277088578, 5.052075459650221, 4.371642978332059, 4.199407755862723, 4.678372402876882, 4.199437445658645, 2.758967417350194, 2.7590646585391942, 2.16030799193078, 2.1602566930807092, 1.0968264128840077, 1.0968121944982197, 2.160150015623915, 2.1577787954282988, 2.7388617161149265, 2.7535112038994867, 4.176352103211606, 5.982827797956414, 5.192691099035259, 5.224898940649474, 4.462294693316434], [5.046636588857969, 3.8856266122724663, 2.5265521763858354, 1.530089173871902, 0.0, 1.5323417014491254, 2.5420014516124887, 3.8927775803402898, 2.960773333100661, 5.201804196622552, 5.971792322242963, 5.201736292816082, 4.180144357555132, 4.180109715067298, 2.754327456930276, 2.754506841523542, 2.1604833116689424, 2.160646206578023, 1.096830620469724, 1.096530022388808, 2.161031110373009, 2.150190175310082, 2.758979037615183, 4.69815724087647, 4.20317575292778, 4.227622090490114, 3.2492074433621507], [6.36891105370455, 5.053036481166547, 3.8884493580346398, 2.527867640917934, 1.5323417014491254, 0.0, 1.5321025912124815, 2.5252756324805414, 2.425027319433742, 6.5851245538714, 7.2045454464525385, 6.584777433596371, 5.177062893185672, 5.176663178148642, 4.177213613163684, 4.177805022975582, 2.755083728310267, 2.7546795494213114, 2.161690088796264, 2.1668389095638836, 1.0967643821714852, 1.0973672584873309, 2.1656199435727403, 3.477461860322842, 2.793226621668926, 2.7915458459427103, 2.5787316727414664], [7.588362704826385, 6.386190641532713, 5.068366385730219, 3.897490277088578, 2.5420014516124887, 1.5321025912124815, 0.0, 1.5226990543111267, 1.4250006070174146, 7.711747311731629, 8.501531576133797, 7.702791619925857, 6.57536346295777, 6.564956734815547, 5.181704281411667, 5.1949964716061166, 4.190126804763789, 4.174191458234756, 2.7607110442782674, 2.7902428729413504, 2.1617260603508486, 2.163453750372307, 1.095528589312027, 2.1631867788057506, 2.174138236175428, 2.172091273404504, 1.9563914000015437], [8.87885732456604, 7.576862008773817, 6.377694432159634, 5.052075459650221, 3.8927775803402898, 2.5252756324805414, 1.5226990543111267, 0.0, 2.3959536848612077, 9.058314523684857, 9.727949531633067, 9.038042720080494, 7.671764108730143, 7.647985785813151, 6.546817792637886, 6.5746766985152965, 5.183261970033928, 5.148421954346788, 4.163286718447337, 4.2122907591950485, 2.73188234190274, 2.7828402720961183, 2.1470914465853568, 1.095315283377348, 1.0941905044369558, 1.0955984894111528, 2.570132514093388], [7.790393792999171, 6.71553429743308, 5.327999400337804, 4.371642978332059, 2.960773333100661, 2.425027319433742, 1.4250006070174146, 2.3959536848612077, 0.0, 7.711757743212633, 8.75040822990562, 7.965823223622277, 6.824377315184147, 7.10870357941587, 5.525106980864715, 5.154293840090998, 4.527620228111011, 4.946247258275712, 3.3030481770631197, 2.640262437713342, 3.3655515283531168, 2.672725062553199, 2.0408149401648354, 2.635932011642182, 3.355917355955, 2.6752802227056516, 0.972467675555337], [1.0947126472275728, 2.1686190329331705, 2.7819953019370827, 4.199407755862723, 5.201804196622552, 6.5851245538714, 7.711747311731629, 9.058314523684857, 7.711757743212633, 0.0, 1.7720067324928537, 1.7747701203254465, 2.502654372860943, 3.065250816817443, 3.1121504430216733, 2.5598688911739207, 4.384000196167879, 4.727437137604265, 5.3864654561224095, 5.0813624245865405, 6.919221019739144, 6.692999406095895, 7.819808243812632, 9.867503775524993, 9.325693374221565, 9.206254110114495, 7.789530698957416], [1.0944307652839442, 2.159091514966422, 3.4707480087151246, 4.678372402876882, 5.971792322242963, 7.2045454464525385, 8.501531576133797, 9.727949531633067, 8.75040822990562, 1.7720067324928537, 0.0, 1.7719393781955406, 2.473145820609856, 2.473114952847926, 3.753495410946975, 3.7534421162447673, 4.834927612694941, 4.83438709352075, 6.140611963802956, 6.135536600004926, 7.288962199106263, 7.303691344108128, 8.606530662816462, 10.63298592400084, 9.816456843994173, 9.866931766258446, 8.813669265975438], [1.094732140754075, 2.168625456366313, 2.781993900065203, 4.199437445658645, 5.201736292816082, 6.584777433596371, 7.702791619925857, 9.038042720080494, 7.965823223622277, 1.7747701203254465, 1.7719393781955406, 0.0, 3.0651950753581736, 2.5026742117183374, 2.5599422337232536, 3.1120814256699645, 4.727872551158713, 4.383661466171858, 5.086829453598774, 5.380307096253894, 6.693219997878451, 6.927967145562976, 7.61042279048937, 9.848068077546987, 9.133033899531963, 9.354589523864744, 8.211216141960945], [2.146238619072912, 1.096147161653033, 2.1626023698313106, 2.758967417350194, 4.180144357555132, 5.177062893185672, 6.57536346295777, 7.671764108730143, 6.824377315184147, 2.502654372860943, 2.473145820609856, 3.0651950753581736, 0.0, 1.7648838658676664, 3.0671670854389395, 2.508492162634757, 2.5322975397847705, 3.0861841584714287, 4.712109913828412, 4.365193784930973, 5.335468896919933, 5.057296042353068, 6.913562223629725, 8.63186236857377, 7.815384287416711, 7.654785040090937, 6.728475901718011], [2.1462891347626023, 1.0962371732430896, 2.162668502105674, 2.7590646585391942, 4.180109715067298, 5.176663178148642, 6.564956734815547, 7.647985785813151, 7.10870357941587, 3.065250816817443, 2.473114952847926, 2.5026742117183374, 1.7648838658676664, 0.0, 2.5086107808904914, 3.0671730192475284, 3.0868491654112287, 2.5318068567724517, 4.368494736176295, 4.708016289266638, 5.040664234999194, 5.362766401774367, 6.677204066074363, 8.60979732920584, 7.585793982174839, 7.831609454639576, 7.209898594293819], [2.750338484623302, 2.1593360298943747, 1.0968097464920707, 2.16030799193078, 2.754327456930276, 4.177213613163684, 5.181704281411667, 6.546817792637886, 5.525106980864715, 3.1121504430216733, 3.753495410946975, 2.5599422337232536, 3.0671670854389395, 2.5086107808904914, 0.0, 1.764819605512133, 3.065986017580641, 2.5068224368710283, 2.526937705999101, 3.076961242849835, 4.36159841113324, 4.702789220239411, 5.0506022106279564, 7.315602002569578, 6.679157630270452, 6.9524475373784735, 5.872063917397358], [2.750248559676016, 2.1592503073983806, 1.0967752823618886, 2.1602566930807092, 2.754506841523542, 4.177805022975582, 5.1949964716061166, 6.5746766985152965, 5.154293840090998, 2.5598688911739207, 3.7534421162447673, 3.1120814256699645, 2.508492162634757, 3.0671730192475284, 1.764819605512133, 0.0, 2.5068878036322246, 3.065736709177747, 3.0832349586108414, 2.521528554270207, 4.6992607865493055, 4.351324351275139, 5.359295144886127, 7.341663112674131, 6.938887828031234, 6.752736349066207, 5.269949773005432], [4.16647688821143, 2.75347530767937, 2.1602989561632433, 1.0968264128840077, 2.1604833116689424, 2.755083728310267, 4.190126804763789, 5.183261970033928, 4.527620228111011, 4.384000196167879, 4.834927612694941, 4.727872551158713, 2.5322975397847705, 3.0868491654112287, 3.065986017580641, 2.5068878036322246, 0.0, 1.765156913704841, 3.0657501969338594, 2.5052661355632457, 3.058190438805275, 2.5250995722941303, 4.712882813098582, 6.1607124587989, 5.392580112524987, 5.122886286069602, 4.378011515517062], [4.166027307879775, 2.7529579473722445, 2.160021131841076, 1.0968121944982197, 2.160646206578023, 2.7546795494213114, 4.174191458234756, 5.148421954346788, 4.946247258275712, 4.727437137604265, 4.83438709352075, 4.383661466171858, 3.0861841584714287, 2.5318068567724517, 2.5068224368710283, 3.065736709177747, 1.765156913704841, 0.0, 2.50586186770141, 3.0640775806105167, 2.5089371873365027, 3.092138069362363, 4.359150075416078, 6.130201955074563, 5.054459403338798, 5.383954499250527, 5.087428134136148], [5.165856425608439, 4.174198984236377, 2.7547382833946314, 2.160150015623915, 1.096830620469724, 2.161690088796264, 2.7607110442782674, 4.163286718447337, 3.3030481770631197, 5.3864654561224095, 6.140611963802956, 5.086829453598774, 4.712109913828412, 4.368494736176295, 2.526937705999101, 3.0832349586108414, 3.0657501969338594, 2.50586186770141, 0.0, 1.765207766808202, 2.517879018142055, 3.058491245696152, 2.5237254644671636, 4.841028067466661, 4.3667450624005975, 4.738173573224181, 3.8515503112383205], [5.160367485945163, 4.1696800524740505, 2.749460068813512, 2.1577787954282988, 1.096530022388808, 2.1668389095638836, 2.7902428729413504, 4.2122907591950485, 2.640262437713342, 5.0813624245865405, 6.135536600004926, 5.380307096253894, 4.365193784930973, 4.708016289266638, 3.076961242849835, 2.521528554270207, 2.5052661355632457, 3.0640775806105167, 1.765207766808202, 0.0, 3.0693892047115825, 2.4884996403455637, 3.0992002194114536, 4.885525827380303, 4.759716224734412, 4.4454689347694245, 2.8547592998359774], [6.5328871182655535, 5.152405018047397, 4.164659008850545, 2.7388617161149265, 2.161031110373009, 1.0967643821714852, 2.1617260603508486, 2.73188234190274, 3.3655515283531168, 6.919221019739144, 7.288962199106263, 6.693219997878451, 5.335468896919933, 5.040664234999194, 4.36159841113324, 4.6992607865493055, 3.058190438805275, 2.5089371873365027, 2.517879018142055, 3.0693892047115825, 0.0, 1.7691548292899637, 2.5300057094797235, 3.7474559316955287, 2.54795782343429, 3.086651781461589, 3.558038430090378], [6.542180462964928, 5.168369497239918, 4.169070286046998, 2.7535112038994867, 2.150190175310082, 1.0973672584873309, 2.163453750372307, 2.7828402720961183, 2.672725062553199, 6.692999406095895, 7.303691344108128, 6.927967145562976, 5.057296042353068, 5.362766401774367, 4.702789220239411, 4.351324351275139, 2.5250995722941303, 3.092138069362363, 3.058491245696152, 2.4884996403455637, 1.7691548292899637, 0.0, 3.069929539908042, 3.774741396440291, 3.164367042553692, 2.6003979099360928, 2.4041321968643903], [7.65284802083512, 6.553209770791716, 5.171986770091355, 4.176352103211606, 2.758979037615183, 2.1656199435727403, 1.095528589312027, 2.1470914465853568, 2.0408149401648354, 7.819808243812632, 8.606530662816462, 7.61042279048937, 6.913562223629725, 6.677204066074363, 5.0506022106279564, 5.359295144886127, 4.712882813098582, 4.359150075416078, 2.5237254644671636, 3.0992002194114536, 2.5300057094797235, 3.069929539908042, 0.0, 2.483775072344515, 2.50628425762123, 3.0670510543517207, 2.8446983144087525], [9.739834299411873, 8.498980665350404, 7.221518899788328, 5.982827797956414, 4.69815724087647, 3.477461860322842, 2.1631867788057506, 1.095315283377348, 2.635932011642182, 9.867503775524993, 10.63298592400084, 9.848068077546987, 8.63186236857377, 8.60979732920584, 7.315602002569578, 7.341663112674131, 6.1607124587989, 6.130201955074563, 4.841028067466661, 4.885525827380303, 3.7474559316955287, 3.774741396440291, 2.483775072344515, 0.0, 1.7781679870023528, 1.7574415665961698, 2.921264306768561], [9.01974275076623, 7.671988289876362, 6.572487998467552, 5.192691099035259, 4.20317575292778, 2.793226621668926, 2.174138236175428, 1.0941905044369558, 3.355917355955, 9.325693374221565, 9.816456843994173, 9.133033899531963, 7.815384287416711, 7.585793982174839, 6.679157630270452, 6.938887828031234, 5.392580112524987, 5.054459403338798, 4.3667450624005975, 4.759716224734412, 2.54795782343429, 3.164367042553692, 2.50628425762123, 1.7781679870023528, 0.0, 1.779078438405682, 3.577603924416452], [9.069653185210557, 7.716502083846023, 6.614560340642453, 5.224898940649474, 4.227622090490114, 2.7915458459427103, 2.172091273404504, 1.0955984894111528, 2.6752802227056516, 9.206254110114495, 9.866931766258446, 9.354589523864744, 7.654785040090937, 7.831609454639576, 6.9524475373784735, 6.752736349066207, 5.122886286069602, 5.383954499250527, 4.738173573224181, 4.4454689347694245, 3.086651781461589, 2.6003979099360928, 3.0670510543517207, 1.7574415665961698, 1.779078438405682, 0.0, 2.4279496720484137], [7.9077228106453, 6.777195543880965, 5.49624989697521, 4.462294693316434, 3.2492074433621507, 2.5787316727414664, 1.9563914000015437, 2.570132514093388, 0.972467675555337, 7.789530698957416, 8.813669265975438, 8.211216141960945, 6.728475901718011, 7.209898594293819, 5.872063917397358, 5.269949773005432, 4.378011515517062, 5.087428134136148, 3.8515503112383205, 2.8547592998359774, 3.558038430090378, 2.4041321968643903, 2.8446983144087525, 2.921264306768561, 3.577603924416452, 2.4279496720484137, 0.0]]}