{"total energy": -52.11860305, "HOMO-LUMO gap/eV": 1.72102337, "electronic energy": -52.74696789, "dipole": [0.95977225, -0.2658052, 0.23297836], "partial charges": [-0.10267329, -0.05159283, -0.06531365, -0.0073791, -0.10769191, -0.02180623, -0.05651216, -0.03500929, -0.08993582, 0.27516857, -0.37876772, -0.14113427, 0.19354086, -0.32757701, -0.14192847, 0.27734165, -0.37977433, 0.0370218, 0.03724817, 0.03740086, 0.03562265, 0.02937421, 0.0458512, 0.04502764, 0.02991663, 0.04961484, 0.04907355, 0.04339538, 0.0649236, 0.06493707, 0.04126725, 0.04007617, 0.05124952, 0.22978214, 0.22926232], "atomic dipole moments": [[-0.04823721, 0.0813655, 0.05265155], [-0.06495107, -0.09605864, -0.03243653], [0.0330588, 0.12358947, 0.0336015], [-0.08272092, -0.06831065, 0.04635782], [-0.04240994, -0.02337503, -0.11551541], [0.00067947, 0.02389282, -0.01765014], [-0.0344891, 0.12545959, -0.08120247], [0.15204218, 0.07021268, 0.02833783], [-0.04319488, -0.05000367, -0.03011364], [-0.02892349, 0.06198978, -0.04540469], [0.0162362, 0.16437936, 0.08402812], [-0.02487674, 0.01125586, 0.04346652], [0.02550333, -0.10928115, 0.07859165], [0.04020116, -0.14816586, 0.10581666], [-0.02154793, -0.03926713, -0.02960864], [-0.02565301, 0.06481303, -0.04812514], [0.05130207, -0.01593615, -0.17771781], [-0.05192773, -0.02071707, -0.11381787], [0.12141064, 0.02789006, -0.0188897], [-0.00445303, -0.10802174, 0.06625037], [0.06335313, 0.01646354, 0.10482175], [0.01440353, 0.10265365, -0.06801284], [-0.00533279, -0.10398317, 0.07280647], [-0.04680664, -0.0383629, -0.11159464], [0.03229845, 0.10116879, -0.06930203], [-0.00166882, -0.09845788, 0.08359202], [0.12094379, 0.0410798, 0.00020842], [-0.05625328, 0.10130446, 0.0584567], [0.04143416, -0.0003714, 0.12047465], [0.05364588, -0.1102569, -0.04256195], [-0.08415323, 0.08288228, 0.09669024], [-0.14868984, -0.01328788, 0.02438868], [0.07382831, -0.09332383, -0.09770707], [-0.0339843, -0.01627466, -0.13533725], [-0.05485274, 0.11669741, 0.0553684]], "atomic quadrupole moments": [[-0.03632959, -0.1183225, 0.08110413, -0.08098713, 0.13746276, -0.04477454], [0.14000659, -0.02415389, 0.00137459, -0.11951366, 0.1238263, -0.14138118], [0.15355242, -0.0373525, 0.02462603, -0.09296497, 0.10513386, -0.17817844], [0.12426563, -0.01313564, -0.09605002, 0.02702309, 0.11019681, -0.02821561], [-0.05178886, 0.00496358, -0.12157423, 0.08658079, 0.06590917, 0.17336309], [-0.0831556, -0.0092621, 0.03166534, -0.01147758, 0.0350193, 0.05149026], [0.06407956, 0.09276845, 0.03549504, -0.04114273, -0.13781059, -0.0995746], [-0.07945989, -0.12658487, -0.0527545, 0.08546707, -0.47774752, 0.13221438], [-0.27131358, -0.13696834, 0.03221725, 0.11994189, -0.47623413, 0.23909633], [0.47130298, -0.01176462, -0.22881177, -0.21582751, -0.07505715, -0.24249122], [0.19933029, 0.01467696, -0.08869524, -0.0814036, -0.00182754, -0.11063504], [0.03068508, -0.00063837, 0.07838618, -0.02608926, -0.02037392, -0.10907126], [0.32035154, 0.12163618, -0.1617182, -0.04333273, 0.02873771, -0.15863333], [0.14973148, -0.01646577, 0.10237572, 0.0821702, -0.49713659, -0.2521072], [0.01999623, 0.04449053, -0.06611813, 0.01213874, -0.07182375, 0.04612191], [0.37997529, 0.2597217, -0.14884338, 0.20432646, -0.00831817, -0.23113191], [0.16829215, 0.1092244, -0.08860807, 0.06195227, 0.01255335, -0.07968409], [-0.0139029, -0.00522574, -0.03362831, 0.05325178, 0.01498665, 0.04753121], [0.07004708, 0.03157019, -0.02402508, -0.01747645, 0.00667133, -0.046022], [-0.04743055, 0.00533761, 0.04024195, -0.0148547, -0.05222895, 0.0071886], [-0.00947401, -0.00361616, -0.03599649, 0.02319532, 0.01204583, 0.04547049], [-0.02426844, -0.00795002, 0.02541507, -0.00721773, -0.04294687, -0.00114663], [-0.01786733, 0.00042142, 0.00601364, -0.00943464, -0.04750854, 0.01185368], [0.00862099, -0.00215405, -0.04254715, 0.03212904, 0.0124584, 0.03392616], [-0.01677341, -0.0031564, 0.01106441, 0.00742801, -0.02294685, 0.005709], [-0.04722746, 0.01882815, 0.04969447, -0.00272739, -0.04830201, -0.00246701], [0.07028006, 0.02657892, -0.04767433, -0.0271796, -0.00423099, -0.02260574], [0.00994071, -0.06081158, 0.01607539, -0.01555232, 0.02815438, -0.02601611], [-0.01031219, 0.01522177, -0.0345068, 0.02728599, 0.02338575, 0.04481898], [-0.00770138, -0.01375908, 0.01880089, -0.03183676, 0.03900594, -0.01109952], [0.02600761, 0.02120261, 0.00306164, 0.0053764, 0.05161933, -0.02906924], [0.042512, 0.01887979, -0.01274682, -0.01259183, 0.03956667, -0.02976518], [0.01742525, -0.00010955, -0.0006439, -0.01826595, 0.0468724, -0.01678135], [-0.05020062, -0.01615554, 0.02398648, 0.00879313, 0.00471529, 0.02621414], [-0.04933511, -0.02067452, 0.01964156, 0.00129546, 0.003263, 0.02969354]], "number of molecular orbitals": 91, "number of electrons": 94, "number of unpaired electrons": 0, "orbital energies/eV": [-20.33128845, -20.20457522, -20.18931601, -19.68688713, -19.30314703, -18.72968624, -18.32588061, -17.97374902, -17.6874883, -17.22102866, -17.15457327, -16.95584124, -16.75187066, -16.54689543, -16.39287068, -16.15165243, -15.86385851, -15.73557221, -15.61021665, -15.51903041, -15.36912839, -15.09660887, -14.77077545, -14.62106029, -14.39103872, -14.22637616, -14.13753812, -13.95843366, -13.7643065, -13.71534507, -13.56462088, -13.24379982, -13.14563912, -12.99868304, -12.86389266, -12.77079936, -12.49453879, -12.45463623, -12.2883378, -12.15876539, -12.0514195, -11.92023458, -11.73351917, -11.65251083, -11.26569795, -11.0351699, -10.38767175, -8.66664839, -7.16796967, -6.41353977, -5.82469673, -4.67004405, -1.33329955, -0.90285475, -0.11927894, -0.1009705, 0.03993558, 0.43289343, 0.71785172, 1.16967856, 1.61668946, 1.85543559, 2.08805613, 2.67828225, 3.02486034, 3.27399558, 3.30599583, 3.47333686, 3.69051531, 3.88446783, 4.21878775, 4.31949078, 4.49509401, 4.73925942, 4.87183976, 5.5485774, 5.77025937, 5.90505813, 6.17802983, 6.2274249, 6.64862419, 6.74621847, 6.97359205, 7.6643859, 7.84444544, 10.99319399, 11.50226974, 14.23767139, 14.91763236, 15.2318333, 15.95101175], "fractional occupation": [2.0, 2.0, 2.0, 2.0, 2.0, 2.0, 2.0, 2.0, 2.0, 2.0, 2.0, 2.0, 2.0, 2.0, 2.0, 2.0, 2.0, 2.0, 2.0, 2.0, 2.0, 2.0, 2.0, 2.0, 2.0, 2.0, 2.0, 2.0, 2.0, 2.0, 2.0, 2.0, 2.0, 2.0, 2.0, 2.0, 2.0, 2.0, 2.0, 2.0, 2.0, 2.0, 2.0, 2.0, 2.0, 2.0, 2.0, 0.0, 0.0, 0.0, 0.0, 0.0, 0.0, 0.0, 0.0, 0.0, 0.0, 0.0, 0.0, 0.0, 0.0, 0.0, 0.0, 0.0, 0.0, 0.0, 0.0, 0.0, 0.0, 0.0, 0.0, 0.0, 0.0, 0.0, 0.0, 0.0, 0.0, 0.0, 0.0, 0.0, 0.0, 0.0, 0.0, 0.0, 0.0, 0.0, 0.0, 0.0, 0.0, 0.0, 0.0], "program call": "xtb /home/svss/Project-DBcg-Debug/aqme2_20220329/End-to-End-workflows-final/example-3/QDESCP/mol_92_rdkit_conf_18/mol_92_rdkit_conf_18.xyz --pop --wbo --acc 0.2 --gfn 2 --chrg 0 --uhf 0 --etemp 300 --input /home/svss/Project-DBcg-Debug/aqme2_20220329/End-to-End-workflows-final/example-3/QDESCP/mol_92_rdkit_conf_18/mol_92_rdkit_conf_18_xtb.inp", "method": "GFN2-xTB", "xtb version": "6.3.3 (7355c4f)", "Dipole module/D": 2.6, "Total charge": 0, "Transition dipole module/D": NaN, "HOMO": -10.3877, "LUMO": -8.6666, "HOMO occupancy": 2.0, "LUMO occupancy": 0, "mulliken charges": [-0.08223, -0.03741, -0.05754, -0.00055, -0.09375, -0.05487, -0.03243, -0.02939, -0.07305, 0.47004, -0.51629, -0.30543, 0.3271, -0.25126, -0.30593, 0.47031, -0.51723, 0.03159, 0.03146, 0.03068, 0.02437, 0.02266, 0.03231, 0.04316, 0.023, 0.0391, 0.03801, 0.04649, 0.04761, 0.04597, 0.03735, 0.03235, 0.03961, 0.26227, 0.26193], "cm5 charges": [-0.23279, -0.15057, -0.16553, -0.06358, -0.24149, -0.05491, -0.12999, -0.09162, -0.17456, 0.56816, -0.56345, -0.64924, 0.47683, -0.26053, -0.64994, 0.56844, -0.56442, 0.08288, 0.08223, 0.08197, 0.07974, 0.07754, 0.089, 0.10443, 0.08742, 0.0919, 0.09021, 0.10276, 0.10648, 0.1059, 0.09567, 0.08467, 0.09376, 0.4615, 0.46111], "FUKUI+": [0.007, 0.003, 0.005, -0.008, 0.013, -0.002, 0.013, 0.013, -0.005, -0.04, -0.123, -0.03, -0.035, -0.311, -0.031, -0.04, -0.125, -0.005, -0.018, -0.011, -0.013, -0.005, -0.018, 0.001, -0.006, -0.022, -0.031, -0.003, -0.026, -0.025, -0.006, -0.026, -0.013, -0.04, -0.04], "FUKUI-": [0.011, 0.005, 0.008, 0.003, 0.012, -0.006, 0.009, -0.029, -0.034, -0.001, -0.045, -0.018, 0.02, -0.327, -0.019, -0.001, -0.052, -0.037, -0.029, -0.035, -0.047, -0.038, -0.027, -0.02, -0.015, -0.016, -0.022, -0.014, -0.04, -0.026, -0.04, -0.052, -0.043, -0.018, -0.02], "FUKUIrad": [0.009, 0.004, 0.006, -0.002, 0.013, -0.004, 0.011, -0.008, -0.019, -0.02, -0.084, -0.024, -0.007, -0.319, -0.025, -0.02, -0.088, -0.021, -0.023, -0.023, -0.03, -0.021, -0.022, -0.009, -0.011, -0.019, -0.026, -0.008, -0.033, -0.025, -0.023, -0.039, -0.028, -0.029, -0.03], "s proportion": [1.008, 1.028, 1.039, 1.072, 1.015, 1.113, 1.03, 1.071, 1.052, 1.012, 1.73, 1.428, 1.02, 1.926, 1.428, 1.012, 1.731, 0.968, 0.969, 0.969, 0.976, 0.977, 0.968, 0.957, 0.977, 0.961, 0.962, 0.954, 0.952, 0.954, 0.963, 0.968, 0.96, 0.738, 0.738], "p proportion": [3.074, 3.009, 3.018, 2.928, 3.079, 2.942, 3.003, 2.958, 3.021, 2.518, 4.786, 3.878, 2.653, 4.334, 3.878, 2.518, 4.787, 0.0, 0.0, 0.0, 0.0, 0.0, 0.0, 0.0, 0.0, 0.0, 0.0, 0.0, 0.0, 0.0, 0.0, 0.0, 0.0, 0.0, 0.0], "d proportion": [0.0, 0.0, 0.0, 0.0, 0.0, 0.0, 0.0, 0.0, 0.0, 0.0, 0.0, 0.0, 0.0, -0.009, 0.0, 0.0, 0.0, 0.0, 0.0, 0.0, 0.0, 0.0, 0.0, 0.0, 0.0, 0.0, 0.0, 0.0, 0.0, 0.0, 0.0, 0.0, 0.0, 0.0, 0.0], "Fermi-level/eV": -9.5272, "Coordination numbers": [3.75, 3.798, 3.8, 3.843, 3.749, 3.895, 3.804, 2.882, 2.833, 2.761, 0.859, 2.752, 2.82, 1.094, 2.752, 2.762, 0.858, 0.924, 0.924, 0.924, 0.924, 0.924, 0.924, 0.924, 0.923, 0.924, 0.924, 0.924, 0.924, 0.924, 0.925, 0.925, 0.925, 0.86, 0.86], "Dispersion coefficient C6": [22.525, 21.502, 21.754, 20.679, 22.625, 20.908, 21.587, 28.869, 30.246, 22.347, 21.261, 24.052, 23.873, 153.354, 24.069, 22.308, 21.28, 2.489, 2.486, 2.484, 2.508, 2.595, 2.373, 2.383, 2.588, 2.325, 2.332, 2.404, 2.142, 2.142, 2.432, 2.448, 2.304, 0.966, 0.968], "Total dispersion C6": 13374.144805, "Total dispersion C8": 332192.53237, "Polarizability alpha": [6.769, 6.603, 6.641, 6.469, 6.784, 6.5, 6.614, 8.808, 9.012, 7.742, 6.182, 7.284, 8.006, 20.942, 7.286, 7.735, 6.185, 2.467, 2.466, 2.465, 2.477, 2.519, 2.409, 2.414, 2.516, 2.384, 2.388, 2.425, 2.289, 2.289, 2.439, 2.447, 2.374, 1.54, 1.541], "Total polarizability alpha": 177.409833, "Wiberg matrix": [[0.0, 1.0190441867748734, 0.0, 0.0, 0.0, 0.0, 0.0, 0.0, 0.0, 0.0, 0.0, 0.0, 0.0, 0.0, 0.0, 0.0, 0.0, 0.9871630923041097, 0.9863876622979219, 0.9874561907643464, 0.0, 0.0, 0.0, 0.0, 0.0, 0.0, 0.0, 0.0, 0.0, 0.0, 0.0, 0.0, 0.0, 0.0, 0.0], [1.0190441867748734, 0.0, 1.0040143517778883, 0.0, 0.0, 0.0, 0.0, 0.0, 0.0, 0.0, 0.0, 0.0, 0.0, 0.0, 0.0, 0.0, 0.0, 0.0, 0.0, 0.0, 0.9755720177846481, 0.9777847947175013, 0.0, 0.0, 0.0, 0.0, 0.0, 0.0, 0.0, 0.0, 0.0, 0.0, 0.0, 0.0, 0.0], [0.0, 1.0040143517778883, 0.0, 0.9920517706977051, 0.0, 0.0, 0.0, 0.0, 0.0, 0.0, 0.0, 0.0, 0.0, 0.0, 0.0, 0.0, 0.0, 0.0, 0.0, 0.0, 0.0, 0.0, 0.9741660192910081, 0.9734019547494592, 0.0, 0.0, 0.0, 0.0, 0.0, 0.0, 0.0, 0.0, 0.0, 0.0, 0.0], [0.0, 0.0, 0.9920517706977051, 0.0, 1.008628971122958, 0.9008747330503453, 0.0, 0.0, 0.0, 0.0, 0.0, 0.0, 0.0, 0.0, 0.0, 0.0, 0.0, 0.0, 0.0, 0.0, 0.0, 0.0, 0.0, 0.0, 0.9685886669879644, 0.0, 0.0, 0.0, 0.0, 0.0, 0.0, 0.0, 0.0, 0.0, 0.0], [0.0, 0.0, 0.0, 1.008628971122958, 0.0, 0.0, 0.0, 0.0, 0.0, 0.0, 0.0, 0.0, 0.0, 0.0, 0.0, 0.0, 0.0, 0.0, 0.0, 0.0, 0.0, 0.0, 0.0, 0.0, 0.0, 0.9833400487417312, 0.9782023953509741, 0.9835578002798073, 0.0, 0.0, 0.0, 0.0, 0.0, 0.0, 0.0], [0.0, 0.0, 0.0, 0.9008747330503453, 0.0, 0.0, 0.9651442332603619, 0.0, 0.0, 0.9514942085497567, 0.0, 0.0, 0.0, 0.0, 0.0, 0.9526093676437031, 0.0, 0.0, 0.0, 0.0, 0.0, 0.0, 0.0, 0.0, 0.0, 0.0, 0.0, 0.0, 0.0, 0.0, 0.0, 0.0, 0.0, 0.0, 0.0], [0.0, 0.0, 0.0, 0.0, 0.0, 0.9651442332603619, 0.0, 1.0196754171255025, 0.0, 0.0, 0.0, 0.0, 0.0, 0.0, 0.0, 0.0, 0.0, 0.0, 0.0, 0.0, 0.0, 0.0, 0.0, 0.0, 0.0, 0.0, 0.0, 0.0, 0.959759383789517, 0.9675853481501638, 0.0, 0.0, 0.0, 0.0, 0.0], [0.0, 0.0, 0.0, 0.0, 0.0, 0.0, 1.0196754171255025, 0.0, 1.9824059021838045, 0.0, 0.0, 0.0, 0.0, 0.0, 0.0, 0.0, 0.0, 0.0, 0.0, 0.0, 0.0, 0.0, 0.0, 0.0, 0.0, 0.0, 0.0, 0.0, 0.0, 0.0, 0.967189365279163, 0.0, 0.0, 0.0, 0.0], [0.0, 0.0, 0.0, 0.0, 0.0, 0.0, 0.0, 1.9824059021838045, 0.0, 0.0, 0.0, 0.0, 0.0, 0.0, 0.0, 0.0, 0.0, 0.0, 0.0, 0.0, 0.0, 0.0, 0.0, 0.0, 0.0, 0.0, 0.0, 0.0, 0.0, 0.0, 0.0, 0.977344759722605, 0.9747806796419023, 0.0, 0.0], [0.0, 0.0, 0.0, 0.0, 0.0, 0.9514942085497567, 0.0, 0.0, 0.0, 0.0, 1.7430608190707786, 1.135791387879209, 0.0, 0.0, 0.0, 0.0, 0.0, 0.0, 0.0, 0.0, 0.0, 0.0, 0.0, 0.0, 0.0, 0.0, 0.0, 0.0, 0.0, 0.0, 0.0, 0.0, 0.0, 0.0, 0.0], [0.0, 0.0, 0.0, 0.0, 0.0, 0.0, 0.0, 0.0, 0.0, 1.7430608190707786, 0.0, 0.12852669244097875, 0.0, 0.0, 0.0, 0.0, 0.0, 0.0, 0.0, 0.0, 0.0, 0.0, 0.0, 0.0, 0.0, 0.0, 0.0, 0.0, 0.0, 0.0, 0.0, 0.0, 0.0, 0.0, 0.0], [0.0, 0.0, 0.0, 0.0, 0.0, 0.0, 0.0, 0.0, 0.0, 1.135791387879209, 0.12852669244097875, 0.0, 1.1868859828987988, 0.0, 0.0, 0.0, 0.0, 0.0, 0.0, 0.0, 0.0, 0.0, 0.0, 0.0, 0.0, 0.0, 0.0, 0.0, 0.0, 0.0, 0.0, 0.0, 0.0, 0.9111549992516699, 0.0], [0.0, 0.0, 0.0, 0.0, 0.0, 0.0, 0.0, 0.0, 0.0, 0.0, 0.0, 1.1868859828987988, 0.0, 1.5322020672961332, 1.1854575258646591, 0.0, 0.0, 0.0, 0.0, 0.0, 0.0, 0.0, 0.0, 0.0, 0.0, 0.0, 0.0, 0.0, 0.0, 0.0, 0.0, 0.0, 0.0, 0.0, 0.0], [0.0, 0.0, 0.0, 0.0, 0.0, 0.0, 0.0, 0.0, 0.0, 0.0, 0.0, 0.0, 1.5322020672961332, 0.0, 0.0, 0.0, 0.0, 0.0, 0.0, 0.0, 0.0, 0.0, 0.0, 0.0, 0.0, 0.0, 0.0, 0.0, 0.0, 0.0, 0.0, 0.0, 0.0, 0.0, 0.0], [0.0, 0.0, 0.0, 0.0, 0.0, 0.0, 0.0, 0.0, 0.0, 0.0, 0.0, 0.0, 1.1854575258646591, 0.0, 0.0, 1.1350720421633322, 0.1281975171727314, 0.0, 0.0, 0.0, 0.0, 0.0, 0.0, 0.0, 0.0, 0.0, 0.0, 0.0, 0.0, 0.0, 0.0, 0.0, 0.0, 0.0, 0.9111724931526592], [0.0, 0.0, 0.0, 0.0, 0.0, 0.9526093676437031, 0.0, 0.0, 0.0, 0.0, 0.0, 0.0, 0.0, 0.0, 1.1350720421633322, 0.0, 1.7424890767004162, 0.0, 0.0, 0.0, 0.0, 0.0, 0.0, 0.0, 0.0, 0.0, 0.0, 0.0, 0.0, 0.0, 0.0, 0.0, 0.0, 0.0, 0.0], [0.0, 0.0, 0.0, 0.0, 0.0, 0.0, 0.0, 0.0, 0.0, 0.0, 0.0, 0.0, 0.0, 0.0, 0.1281975171727314, 1.7424890767004162, 0.0, 0.0, 0.0, 0.0, 0.0, 0.0, 0.0, 0.0, 0.0, 0.0, 0.0, 0.0, 0.0, 0.0, 0.0, 0.0, 0.0, 0.0, 0.0], [0.9871630923041097, 0.0, 0.0, 0.0, 0.0, 0.0, 0.0, 0.0, 0.0, 0.0, 0.0, 0.0, 0.0, 0.0, 0.0, 0.0, 0.0, 0.0, 0.0, 0.0, 0.0, 0.0, 0.0, 0.0, 0.0, 0.0, 0.0, 0.0, 0.0, 0.0, 0.0, 0.0, 0.0, 0.0, 0.0], [0.9863876622979219, 0.0, 0.0, 0.0, 0.0, 0.0, 0.0, 0.0, 0.0, 0.0, 0.0, 0.0, 0.0, 0.0, 0.0, 0.0, 0.0, 0.0, 0.0, 0.0, 0.0, 0.0, 0.0, 0.0, 0.0, 0.0, 0.0, 0.0, 0.0, 0.0, 0.0, 0.0, 0.0, 0.0, 0.0], [0.9874561907643464, 0.0, 0.0, 0.0, 0.0, 0.0, 0.0, 0.0, 0.0, 0.0, 0.0, 0.0, 0.0, 0.0, 0.0, 0.0, 0.0, 0.0, 0.0, 0.0, 0.0, 0.0, 0.0, 0.0, 0.0, 0.0, 0.0, 0.0, 0.0, 0.0, 0.0, 0.0, 0.0, 0.0, 0.0], [0.0, 0.9755720177846481, 0.0, 0.0, 0.0, 0.0, 0.0, 0.0, 0.0, 0.0, 0.0, 0.0, 0.0, 0.0, 0.0, 0.0, 0.0, 0.0, 0.0, 0.0, 0.0, 0.0, 0.0, 0.0, 0.0, 0.0, 0.0, 0.0, 0.0, 0.0, 0.0, 0.0, 0.0, 0.0, 0.0], [0.0, 0.9777847947175013, 0.0, 0.0, 0.0, 0.0, 0.0, 0.0, 0.0, 0.0, 0.0, 0.0, 0.0, 0.0, 0.0, 0.0, 0.0, 0.0, 0.0, 0.0, 0.0, 0.0, 0.0, 0.0, 0.0, 0.0, 0.0, 0.0, 0.0, 0.0, 0.0, 0.0, 0.0, 0.0, 0.0], [0.0, 0.0, 0.9741660192910081, 0.0, 0.0, 0.0, 0.0, 0.0, 0.0, 0.0, 0.0, 0.0, 0.0, 0.0, 0.0, 0.0, 0.0, 0.0, 0.0, 0.0, 0.0, 0.0, 0.0, 0.0, 0.0, 0.0, 0.0, 0.0, 0.0, 0.0, 0.0, 0.0, 0.0, 0.0, 0.0], [0.0, 0.0, 0.9734019547494592, 0.0, 0.0, 0.0, 0.0, 0.0, 0.0, 0.0, 0.0, 0.0, 0.0, 0.0, 0.0, 0.0, 0.0, 0.0, 0.0, 0.0, 0.0, 0.0, 0.0, 0.0, 0.0, 0.0, 0.0, 0.0, 0.0, 0.0, 0.0, 0.0, 0.0, 0.0, 0.0], [0.0, 0.0, 0.0, 0.9685886669879644, 0.0, 0.0, 0.0, 0.0, 0.0, 0.0, 0.0, 0.0, 0.0, 0.0, 0.0, 0.0, 0.0, 0.0, 0.0, 0.0, 0.0, 0.0, 0.0, 0.0, 0.0, 0.0, 0.0, 0.0, 0.0, 0.0, 0.0, 0.0, 0.0, 0.0, 0.0], [0.0, 0.0, 0.0, 0.0, 0.9833400487417312, 0.0, 0.0, 0.0, 0.0, 0.0, 0.0, 0.0, 0.0, 0.0, 0.0, 0.0, 0.0, 0.0, 0.0, 0.0, 0.0, 0.0, 0.0, 0.0, 0.0, 0.0, 0.0, 0.0, 0.0, 0.0, 0.0, 0.0, 0.0, 0.0, 0.0], [0.0, 0.0, 0.0, 0.0, 0.9782023953509741, 0.0, 0.0, 0.0, 0.0, 0.0, 0.0, 0.0, 0.0, 0.0, 0.0, 0.0, 0.0, 0.0, 0.0, 0.0, 0.0, 0.0, 0.0, 0.0, 0.0, 0.0, 0.0, 0.0, 0.0, 0.0, 0.0, 0.0, 0.0, 0.0, 0.0], [0.0, 0.0, 0.0, 0.0, 0.9835578002798073, 0.0, 0.0, 0.0, 0.0, 0.0, 0.0, 0.0, 0.0, 0.0, 0.0, 0.0, 0.0, 0.0, 0.0, 0.0, 0.0, 0.0, 0.0, 0.0, 0.0, 0.0, 0.0, 0.0, 0.0, 0.0, 0.0, 0.0, 0.0, 0.0, 0.0], [0.0, 0.0, 0.0, 0.0, 0.0, 0.0, 0.959759383789517, 0.0, 0.0, 0.0, 0.0, 0.0, 0.0, 0.0, 0.0, 0.0, 0.0, 0.0, 0.0, 0.0, 0.0, 0.0, 0.0, 0.0, 0.0, 0.0, 0.0, 0.0, 0.0, 0.0, 0.0, 0.0, 0.0, 0.0, 0.0], [0.0, 0.0, 0.0, 0.0, 0.0, 0.0, 0.9675853481501638, 0.0, 0.0, 0.0, 0.0, 0.0, 0.0, 0.0, 0.0, 0.0, 0.0, 0.0, 0.0, 0.0, 0.0, 0.0, 0.0, 0.0, 0.0, 0.0, 0.0, 0.0, 0.0, 0.0, 0.0, 0.0, 0.0, 0.0, 0.0], [0.0, 0.0, 0.0, 0.0, 0.0, 0.0, 0.0, 0.967189365279163, 0.0, 0.0, 0.0, 0.0, 0.0, 0.0, 0.0, 0.0, 0.0, 0.0, 0.0, 0.0, 0.0, 0.0, 0.0, 0.0, 0.0, 0.0, 0.0, 0.0, 0.0, 0.0, 0.0, 0.0, 0.0, 0.0, 0.0], [0.0, 0.0, 0.0, 0.0, 0.0, 0.0, 0.0, 0.0, 0.977344759722605, 0.0, 0.0, 0.0, 0.0, 0.0, 0.0, 0.0, 0.0, 0.0, 0.0, 0.0, 0.0, 0.0, 0.0, 0.0, 0.0, 0.0, 0.0, 0.0, 0.0, 0.0, 0.0, 0.0, 0.0, 0.0, 0.0], [0.0, 0.0, 0.0, 0.0, 0.0, 0.0, 0.0, 0.0, 0.9747806796419023, 0.0, 0.0, 0.0, 0.0, 0.0, 0.0, 0.0, 0.0, 0.0, 0.0, 0.0, 0.0, 0.0, 0.0, 0.0, 0.0, 0.0, 0.0, 0.0, 0.0, 0.0, 0.0, 0.0, 0.0, 0.0, 0.0], [0.0, 0.0, 0.0, 0.0, 0.0, 0.0, 0.0, 0.0, 0.0, 0.0, 0.0, 0.9111549992516699, 0.0, 0.0, 0.0, 0.0, 0.0, 0.0, 0.0, 0.0, 0.0, 0.0, 0.0, 0.0, 0.0, 0.0, 0.0, 0.0, 0.0, 0.0, 0.0, 0.0, 0.0, 0.0, 0.0], [0.0, 0.0, 0.0, 0.0, 0.0, 0.0, 0.0, 0.0, 0.0, 0.0, 0.0, 0.0, 0.0, 0.0, 0.9111724931526592, 0.0, 0.0, 0.0, 0.0, 0.0, 0.0, 0.0, 0.0, 0.0, 0.0, 0.0, 0.0, 0.0, 0.0, 0.0, 0.0, 0.0, 0.0, 0.0, 0.0]], "Born radii": [], "Atomic SASAs": [], "Solvent H bonds": [], "Total SASA": NaN, "Total FOD": 0.0, "FOD": [0.0, 0.0, 0.0, 0.0, 0.0, 0.0, 0.0, 0.0, 0.0, 0.0, 0.0, 0.0, 0.0, 0.0, 0.0, 0.0, 0.0, 0.0, 0.0, 0.0, 0.0, 0.0, 0.0, 0.0, 0.0, 0.0, 0.0, 0.0, 0.0, 0.0, 0.0, 0.0, 0.0, 0.0, 0.0], "FOD s proportion": [0.0, 0.0, 0.0, 0.0, 0.0, 0.0, 0.0, 0.0, 0.0, 0.0, 0.0, 0.0, 0.0, 0.0, 0.0, 0.0, 0.0, 0.0, 0.0, 0.0, 0.0, 0.0, 0.0, 0.0, 0.0, 0.0, 0.0, 0.0, 0.0, 0.0, 0.0, 0.0, 0.0, 0.0, 0.0], "FOD p proportion": [0.0, 0.0, 0.0, 0.0, 0.0, 0.0, 0.0, 0.0, 0.0, 0.0, 0.0, 0.0, 0.0, 0.0, 0.0, 0.0, 0.0, 0.0, 0.0, 0.0, 0.0, 0.0, 0.0, 0.0, 0.0, 0.0, 0.0, 0.0, 0.0, 0.0, 0.0, 0.0, 0.0, 0.0, 0.0], "FOD d proportion": [0.0, 0.0, 0.0, 0.0, 0.0, 0.0, 0.0, 0.0, 0.0, 0.0, 0.0, 0.0, 0.0, 0.0, 0.0, 0.0, 0.0, 0.0, 0.0, 0.0, 0.0, 0.0, 0.0, 0.0, 0.0, 0.0, 0.0, 0.0, 0.0, 0.0, 0.0, 0.0, 0.0, 0.0, 0.0], "coordinates": [["3.71470", "-1.49580", "-1.49450"], ["3.02450", "-0.35550", "-0.75980"], ["1.54470", "-0.66980", "-0.50660"], ["0.74780", "0.51940", "0.09750"], ["1.30650", "0.86150", "1.49250"], ["-0.82350", "0.27540", "0.10530"], ["-1.21610", "-0.97840", "0.92850"], ["-2.70310", "-1.21900", "1.05750"], ["-3.36540", "-2.19220", "0.42000"], ["-1.26370", "0.10370", "-1.35210"], ["-1.37460", "-0.97950", "-1.92260"], ["-1.45100", "1.26180", "-2.06380"], ["-1.67950", "2.48590", "-1.52010"], ["-2.04480", "3.79870", "-2.47050"], ["-1.63100", "2.58650", "-0.16590"], ["-1.48010", "1.52760", "0.69220"], ["-1.80450", "1.65080", "1.87150"], ["3.25120", "-1.67210", "-2.47040"], ["4.77000", "-1.25650", "-1.65880"], ["3.66230", "-2.42350", "-0.91570"], ["3.54970", "-0.18850", "0.18590"], ["3.11530", "0.56050", "-1.35450"], ["1.47830", "-1.54130", "0.15550"], ["1.10400", "-0.96430", "-1.46400"], ["0.94690", "1.39380", "-0.53850"], ["1.25490", "0.00390", "2.17010"], ["2.35410", "1.17220", "1.43120"], ["0.77580", "1.69780", "1.95470"], ["-0.82280", "-0.90190", "1.94940"], ["-0.75250", "-1.87340", "0.49510"], ["-3.25200", "-0.57420", "1.74310"], ["-4.43220", "-2.32980", "0.56680"], ["-2.86350", "-2.86800", "-0.26730"], ["-1.65630", "1.14310", "-3.04840"], ["-1.98390", "3.44110", "0.24760"]], "bond_dist": [[0.0, 1.521986931612752, 2.5233157570942244, 3.924027350822112, 4.5031610597445875, 5.12754997245273, 5.518280565538508, 6.912125511013237, 7.36736718373667, 5.2309793127100015, 5.133303983790556, 5.8832743213282175, 6.704624067760996, 7.883916951617388, 6.856154880105904, 6.395979322199221, 7.189757728880716, 1.0946665017255257, 1.0944939789692765, 1.0947065771246651, 2.1354162240649948, 2.146450570127344, 2.7795782431872644, 2.6644280793446087, 4.1139325468461445, 4.661438542982198, 4.186785980916627, 5.543752773167289, 5.7273091997900725, 4.904790083173794, 7.737332176532166, 8.444909312716153, 6.830934630048806, 6.182721036889825, 7.738341939976547], [1.521986931612752, 0.0, 1.5338522647243444, 2.5853000193401154, 3.083093947644152, 3.9941878799075043, 4.606631053166729, 6.070717692332597, 6.752497089225587, 4.353199187953614, 4.592772653855186, 4.934184384475311, 5.547902851528676, 6.773601303590285, 5.539111973953948, 5.093701087617922, 5.853906420502467, 2.1704793963546396, 2.160271337124112, 2.169727552021221, 1.094564995785997, 1.0958871885372143, 2.1528191215241472, 2.1342107042183067, 2.7249671447560613, 3.4416517153831823, 2.75386718089308, 4.079363042191758, 4.73709139557176, 4.259638883755288, 6.760679725441815, 7.826883347795596, 6.420572910574258, 5.4215662460215315, 6.364989935577275], [2.5233157570942244, 1.5338522647243444, 0.0, 1.5537641584230215, 2.5294307146075377, 2.6222501577843405, 3.1267815097956553, 4.559806387337076, 5.223540114711478, 3.033196838320916, 3.259337751752647, 3.8897517774274495, 4.6239691153812865, 6.058787478530668, 4.561210000646758, 3.9262072334506235, 4.717805062738392, 2.7880563086135832, 3.4748153648791185, 2.7797583096377285, 2.175139292091428, 2.1678000046129715, 1.0964933287530754, 1.0943315311184265, 2.1486803880521643, 2.7753519812809335, 2.7934138970084614, 3.5006763146569266, 3.4191903515306072, 2.7801409478657733, 5.2989263384198875, 6.2953253426649844, 4.9316908834597495, 4.471437649123602, 5.469856891180974], [3.924027350822112, 2.5853000193401154, 1.5537641584230215, 0.0, 1.541169393674816, 1.5901511028829933, 2.605929594213934, 3.9815003918121117, 4.937124167974713, 2.5140164876149877, 3.291213602913065, 3.171292621313902, 3.5178881875352435, 5.014683165465192, 3.1624312498455995, 2.516679109461514, 3.3077752719917357, 4.202831690658098, 4.734606988969623, 4.263982281858123, 2.891293928330359, 2.777597785857412, 2.1871165355325717, 2.183237591285016, 1.099414466886806, 2.1951221879430767, 2.1874878788235605, 2.199682340702857, 2.8136118531169148, 2.852100575014843, 4.461206155290292, 5.930479165295161, 4.96478050773647, 4.00816483069247, 4.002629859230054], [4.5031610597445875, 3.083093947644152, 2.5294307146075377, 1.541169393674816, 0.0, 2.6085890918272274, 3.172828197365877, 4.538127081737575, 5.6834839271348345, 3.90793270668777, 4.715981999541559, 4.517888448158056, 4.542095344661977, 5.96353288999063, 3.7887757666560318, 2.9747787917759534, 3.2318657908397124, 5.08975082494222, 5.139304227227651, 4.705363522619693, 2.8002945916456716, 3.386409225123272, 2.755092027501078, 3.4807246573091644, 2.1301681741120815, 1.0942038566921615, 1.0944212808603457, 1.093009158241595, 2.8021876561001404, 3.5656648426345403, 4.785807883732902, 6.631289005163325, 5.864722183530947, 5.429296014217681, 4.362435596086205], [5.12754997245273, 3.9941878799075043, 2.6222501577843405, 1.5901511028829933, 2.6085890918272274, 0.0, 1.5504216974745935, 2.5831787317179584, 3.5565912697412956, 1.532080836640156, 2.4476240785708905, 2.4640892881549568, 2.874190566055076, 4.53210350940929, 2.46308524010031, 1.530875569731257, 2.4440844093443252, 5.199054416910829, 6.061848618202206, 5.333751386219647, 4.398474486682854, 4.210278315028592, 2.932780620844321, 2.7775555493995077, 2.1908019444942988, 2.942253872459003, 3.558005453902509, 2.828650315963428, 2.187862104886869, 2.1850232218445647, 3.0498887274784305, 4.474680433282359, 3.765819209680677, 3.3752455940271964, 3.3746753829072214], [5.518280565538508, 4.606631053166729, 3.1267815097956553, 2.605929594213934, 3.172828197365877, 1.5504216974745935, 0.0, 1.5118526250928033, 2.520193083872742, 2.5247460327724056, 2.8555025249507313, 3.7453348768835077, 4.267523404739569, 5.9212016601362265, 3.752114787689737, 2.530922695382062, 2.8544975389724896, 5.656015398670693, 6.527239394261558, 5.411854969416678, 4.88756037405166, 5.132380361002096, 2.8590517256601005, 3.3327344733716786, 3.529587913623912, 2.9346762768659853, 4.198108584827219, 3.490386581741341, 1.0967105133078647, 1.0971716000699252, 2.229762231718889, 3.5071937585482784, 2.7774903348166666, 4.528826768601334, 4.537082972571694], [6.912125511013237, 6.070717692332597, 4.559806387337076, 3.9815003918121117, 4.538127081737575, 2.5831787317179584, 1.5118526250928033, 0.0, 1.3387179613346496, 3.1028341576694043, 3.2715850149430628, 4.179071277209807, 4.62796529049214, 6.16907255428237, 4.138591091180669, 3.0286935549837324, 3.1154181099813876, 6.935781607720935, 7.951535420910857, 6.772197254215208, 6.396805816186701, 6.5450853936369695, 4.2897071286977155, 4.5734937137816205, 4.76407806821005, 4.2894203769274, 5.606492751266161, 4.627681416216981, 2.1051285257674888, 2.1329260371611576, 1.0895437623152178, 2.112924499361016, 2.1213260475466758, 4.851156713609652, 4.784320083355627], [7.36736718373667, 6.752497089225587, 5.223540114711478, 4.937124167974713, 5.6834839271348345, 3.5565912697412956, 2.520193083872742, 1.3387179613346496, 0.0, 3.5817088254072247, 3.304799644456529, 4.665223017177207, 5.337683620260759, 6.781582220986486, 5.11736219746072, 4.179157925946326, 4.394531836271072, 7.239082243627296, 8.448767785304554, 7.157245382827112, 7.2033481458277455, 7.261245074365691, 4.894390743494026, 5.003272006397413, 5.6898198161277485, 5.406743688210123, 6.712256926697607, 5.885315754485905, 3.235545272438635, 2.6333476527036837, 2.0931739464268135, 1.0856086956173479, 1.0867338864689917, 5.106373219810711, 5.802786649533137], [5.2309793127100015, 4.353199187953614, 3.033196838320916, 2.5140164876149877, 3.90793270668777, 1.532080836640156, 2.5247460327724056, 3.1028341576694043, 3.5817088254072247, 0.0, 1.229264536216676, 1.3721493322521423, 2.4240442405203746, 3.938776557511228, 2.7760179340198796, 2.5006964349956595, 3.6162936841467954, 4.978793281509084, 6.192717062808536, 5.553616911527118, 5.061585166723957, 4.402761974034026, 3.535172804828641, 2.5998363217710456, 2.685713188335642, 4.3311890792252425, 4.687955629056231, 4.199481075085349, 3.4792997025263572, 2.7536153852707894, 3.740741683142529, 4.432097890390057, 3.5450179082763458, 2.027787170784942, 3.7704067273969266], [5.133303983790556, 4.592772653855186, 3.259337751752647, 3.291213602913065, 4.715981999541559, 2.4476240785708905, 2.8555025249507313, 3.2715850149430628, 3.304799644456529, 1.229264536216676, 0.0, 2.2470425207369793, 3.5019947772662365, 4.855981640204172, 3.9834773565316017, 3.62406673503676, 4.636646084186284, 4.709331719044646, 6.156494830664604, 5.33566727036085, 5.414811514725144, 4.780537586924718, 3.5739554082276963, 2.5207147716471217, 3.596894208897448, 4.963017136782827, 5.457196259985525, 5.179344624564, 3.9118907193325327, 2.6516671944269326, 4.138388012257913, 4.167654041544235, 2.919464599888137, 2.419134409246415, 4.962128463673628], [5.8832743213282175, 4.934184384475311, 3.8897517774274495, 3.171292621313902, 4.517888448158056, 2.4640892881549568, 3.7453348768835077, 4.179071277209807, 4.665223017177207, 1.3721493322521423, 2.2470425207369793, 0.0, 1.358765156309213, 2.637018191063535, 2.3214767929057576, 2.7689406728927946, 3.9702480199604655, 5.557317483282739, 6.723592855758, 6.406668915278829, 5.67199441731037, 4.673973028377464, 4.6220623740923275, 3.441410502976941, 2.8449760104436734, 5.179779573495382, 5.16738223571665, 4.614875566036424, 4.602391462055352, 4.106744513601984, 4.594233843634867, 5.357910073900084, 4.71993819239193, 1.0127561108183942, 3.221164519238345], [6.704624067760996, 5.547902851528676, 4.6239691153812865, 3.5178881875352435, 4.542095344661977, 2.874190566055076, 4.267523404739569, 4.62796529049214, 5.337683620260759, 2.4240442405203746, 3.5019947772662365, 1.358765156309213, 0.0, 1.661369341838232, 1.3587973542806153, 2.4191673236880495, 3.4951348428923312, 6.5194966508159204, 7.457938434983222, 7.280270253225495, 6.116157617328056, 5.169593365053, 5.384949028542424, 4.433384655091412, 3.009019429980471, 5.328095663555601, 5.167775956830946, 4.327104660162497, 4.924282077623093, 4.891201951463464, 4.741881746733042, 5.926506170586511, 5.624554120105877, 2.0345394982649023, 2.0321982408219923], [7.883916951617388, 6.773601303590285, 6.058787478530668, 5.014683165465192, 5.96353288999063, 4.53210350940929, 5.9212016601362265, 6.16907255428237, 6.781582220986486, 3.938776557511228, 4.855981640204172, 2.637018191063535, 1.661369341838232, 0.0, 2.636634301529129, 3.9343935479308625, 4.850173450506692, 7.614280573370015, 8.523813874669015, 8.585113062155909, 7.365640165661095, 6.193385766283253, 6.915468864075668, 5.7977713554434, 4.297259231184453, 6.842784191394611, 6.439882479517774, 5.6526064970064915, 6.566920158643624, 6.529742801979263, 6.191446616906262, 7.244541552092858, 7.068893040639391, 2.7453801230430734, 2.742198785646292], [6.856154880105904, 5.539111973953948, 4.561210000646758, 3.1624312498455995, 3.7887757666560318, 2.46308524010031, 3.752114787689737, 4.138591091180669, 5.11736219746072, 2.7760179340198796, 3.9834773565316017, 2.3214767929057576, 1.3587973542806153, 2.636634301529129, 0.0, 1.3712678914056144, 2.2486964001394227, 6.876210515247479, 7.61381641556979, 7.326754051420042, 5.887617576745283, 5.295735043409932, 5.177815880272298, 4.666205015856033, 2.864774416948043, 4.522735629019233, 4.520176424654242, 3.3285760153555155, 4.158920038904331, 4.59340736926304, 4.032610381626274, 5.70557415340472, 5.592933797212336, 3.2237943327700047, 1.012848369698051], [6.395979322199221, 5.093701087617922, 3.9262072334506235, 2.516679109461514, 2.9747787917759534, 1.530875569731257, 2.530922695382062, 3.0286935549837324, 4.179157925946326, 2.5006964349956595, 3.62406673503676, 2.7689406728927946, 2.4191673236880495, 3.9343935479308625, 1.3712678914056144, 0.0, 1.2292933295190371, 6.528806823608737, 7.234788443347877, 6.681377955182599, 5.338560380851751, 5.122691134550276, 4.296315242158099, 4.187640965985504, 2.724491499344419, 3.4620911455361774, 3.9209080325863295, 2.590744892883126, 2.8133725988571086, 3.4835400342180654, 2.9430568563994814, 4.859028126076242, 4.706987908418716, 3.7644355552990945, 2.0280448343170328], [7.189757728880716, 5.853906420502467, 4.717805062738392, 3.3077752719917357, 3.2318657908397124, 2.4440844093443252, 2.8544975389724896, 3.1154181099813876, 4.394531836271072, 3.6162936841467954, 4.636646084186284, 3.9702480199604655, 3.4951348428923312, 4.850173450506692, 2.2486964001394227, 1.2292933295190371, 0.0, 7.446735023485124, 8.008711608617206, 7.365752274547386, 5.90692216725428, 5.9833320257194496, 4.88988080120569, 5.1403969214448795, 3.666653918765719, 3.4873155764857304, 4.209141956503724, 2.5820688081459022, 2.736070282357528, 3.926979322583708, 2.657511582288965, 4.944919184375008, 5.110332658447979, 4.948246006414799, 2.423718147805144], [1.0946665017255257, 2.1704793963546396, 2.7880563086135832, 4.202831690658098, 5.08975082494222, 5.199054416910829, 5.656015398670693, 6.935781607720935, 7.239082243627296, 4.978793281509084, 4.709331719044646, 5.557317483282739, 6.5194966508159204, 7.614280573370015, 6.876210515247479, 6.528806823608737, 7.446735023485124, 0.0, 1.7714884588955129, 1.7750203548128685, 3.057139332775005, 2.4996408502022844, 3.1710619451533897, 2.474730215599268, 4.294389235968254, 5.322445860692244, 4.910938144591112, 6.088131173028387, 6.060141589104994, 4.986414105346647, 7.826274777951513, 8.288050958458207, 6.608584001887242, 5.687089878839616, 7.806318610587195], [1.0944939789692765, 2.160271337124112, 3.4748153648791185, 4.734606988969623, 5.139304227227651, 6.061848618202206, 6.527239394261558, 7.951535420910857, 8.448767785304554, 6.192717062808536, 6.156494830664604, 6.723592855758, 7.457938434983222, 8.523813874669015, 7.61381641556979, 7.234788443347877, 8.008711608617206, 1.7714884588955129, 0.0, 1.7723108925919289, 2.456150276347113, 2.4763116887823307, 3.769361274805056, 3.6827820842401193, 4.784898723066141, 5.348365299790207, 4.6133779923175595, 6.143199848613098, 6.66515267942153, 5.959685987533235, 8.740191124912542, 9.528155807395258, 7.924867617190839, 6.999028504728352, 8.444937651042784], [1.0947065771246651, 2.169727552021221, 2.7797583096377285, 4.263982281858123, 4.705363522619693, 5.333751386219647, 5.411854969416678, 6.772197254215208, 7.157245382827112, 5.553616911527118, 5.33566727036085, 6.406668915278829, 7.280270253225495, 8.585113062155909, 7.326754051420042, 6.681377955182599, 7.365752274547386, 1.7750203548128685, 1.7723108925919289, 0.0, 2.4942787173850482, 3.0652912488049155, 2.587586187936549, 2.995796458372965, 4.699729384762489, 4.605432353210716, 4.488695282596046, 5.792770675592121, 5.535357854737127, 4.667271760889867, 7.635225760905829, 8.229672909052947, 6.5729801802530945, 6.749559304873171, 8.223525672726996], [2.1354162240649948, 1.094564995785997, 2.175139292091428, 2.891293928330359, 2.8002945916456716, 4.398474486682854, 4.88756037405166, 6.396805816186701, 7.2033481458277455, 5.061585166723957, 5.414811514725144, 5.67199441731037, 6.116157617328056, 7.365640165661095, 5.887617576745283, 5.338560380851751, 5.90692216725428, 3.057139332775005, 2.456150276347113, 2.4942787173850482, 0.0, 1.7670700382271214, 2.474204914715028, 3.050489164052218, 3.1309737287304094, 3.039765523852128, 2.1981210021288637, 3.792268758935738, 4.768398899001635, 4.630703779124723, 6.9883302168686905, 8.272906267449184, 6.9652167755210606, 6.271865037610424, 6.618045935923987], [2.146450570127344, 1.0958871885372143, 2.1678000046129715, 2.777597785857412, 3.386409225123272, 4.210278315028592, 5.132380361002096, 6.5450853936369695, 7.261245074365691, 4.402761974034026, 4.780537586924718, 4.673973028377464, 5.169593365053, 6.193385766283253, 5.295735043409932, 5.122691134550276, 5.9833320257194496, 2.4996408502022844, 2.4763116887823307, 3.0652912488049155, 1.7670700382271214, 0.0, 3.0622593358499213, 2.526327963665842, 2.4621542295315297, 4.024139271943754, 2.9519022375410744, 4.209218001006838, 5.34443641369228, 4.929986431015809, 7.1711351360855, 8.307224809164609, 6.977296434149834, 5.096752547456076, 6.071772509737168], [2.7795782431872644, 2.1528191215241472, 1.0964933287530754, 2.1871165355325717, 2.755092027501078, 2.932780620844321, 2.8590517256601005, 4.2897071286977155, 4.894390743494026, 3.535172804828641, 3.5739554082276963, 4.6220623740923275, 5.384949028542424, 6.915468864075668, 5.177815880272298, 4.296315242158099, 4.88988080120569, 3.1710619451533897, 3.769361274805056, 2.587586187936549, 2.474204914715028, 3.0622593358499213, 0.0, 1.7594913299019121, 3.062488199160937, 2.548757297194066, 3.1237026715102063, 3.771259166379314, 2.9869668193670984, 2.280808455350865, 5.082469307334772, 5.977031887985876, 4.559618401796361, 5.2246239797711755, 6.0679173535901105], [2.6644280793446087, 2.1342107042183067, 1.0943315311184265, 2.183237591285016, 3.4807246573091644, 2.7775555493995077, 3.3327344733716786, 4.5734937137816205, 5.003272006397413, 2.5998363217710456, 2.5207147716471217, 3.441410502976941, 4.433384655091412, 5.7977713554434, 4.666205015856033, 4.187640965985504, 5.1403969214448795, 2.474730215599268, 3.6827820842401193, 2.995796458372965, 3.050489164052218, 2.526327963665842, 1.7594913299019121, 0.0, 2.538083188155975, 3.7638895918982533, 3.8091423312866635, 4.345342488228057, 3.920172389066583, 2.848004190657029, 5.423320423873183, 6.052953769028804, 4.560397003551335, 3.817160490469323, 5.645551357484936], [4.1139325468461445, 2.7249671447560613, 2.1486803880521643, 1.099414466886806, 2.1301681741120815, 2.1908019444942988, 3.529587913623912, 4.76407806821005, 5.6898198161277485, 2.685713188335642, 3.596894208897448, 2.8449760104436734, 3.009019429980471, 4.297259231184453, 2.864774416948043, 2.724491499344419, 3.666653918765719, 4.294389235968254, 4.784898723066141, 4.699729384762489, 3.1309737287304094, 2.4621542295315297, 3.062488199160937, 2.538083188155975, 0.0, 3.059934634922779, 2.430850980623864, 2.517486335613363, 3.819911385097827, 3.8250340076919573, 5.168121880335254, 6.634877682369133, 5.723254042937461, 3.6247894752661156, 3.6604616020387373], [4.661438542982198, 3.4416517153831823, 2.7753519812809335, 2.1951221879430767, 1.0942038566921615, 2.942253872459003, 2.9346762768659853, 4.2894203769274, 5.406743688210123, 4.3311890792252425, 4.963017136782827, 5.179779573495382, 5.328095663555601, 6.842784191394611, 4.522735629019233, 3.4620911455361774, 3.4873155764857304, 5.322445860692244, 5.348365299790207, 4.605432353210716, 3.039765523852128, 4.024139271943754, 2.548757297194066, 3.7638895918982533, 3.059934634922779, 0.0, 1.7661083602089651, 1.773479963236123, 2.277283342054739, 3.2186231606076534, 4.5638444561575495, 6.352938925410821, 5.581213750610167, 6.083223185943452, 5.099036725696335], [4.186785980916627, 2.75386718089308, 2.7934138970084614, 2.1874878788235605, 1.0944212808603457, 3.558005453902509, 4.198108584827219, 5.606492751266161, 6.712256926697607, 4.687955629056231, 5.457196259985525, 5.16738223571665, 5.167775956830946, 6.439882479517774, 4.520176424654242, 3.9209080325863295, 4.209141956503724, 4.910938144591112, 4.6133779923175595, 4.488695282596046, 2.1981210021288637, 2.9519022375410744, 3.1237026715102063, 3.8091423312866635, 2.430850980623864, 1.7661083602089651, 0.0, 1.743943376374359, 3.8292447897725213, 4.450047879517703, 5.880097939660529, 7.68537956447175, 6.814063989279819, 6.0125677651066844, 5.0365722639509505], [5.543752773167289, 4.079363042191758, 3.5006763146569266, 2.199682340702857, 1.093009158241595, 2.828650315963428, 3.490386581741341, 4.627681416216981, 5.885315754485905, 4.199481075085349, 5.179344624564, 4.614875566036424, 4.327104660162497, 5.6526064970064915, 3.3285760153555155, 2.590744892883126, 2.5820688081459022, 6.088131173028387, 6.143199848613098, 5.792770675592121, 3.792268758935738, 4.209218001006838, 3.771259166379314, 4.345342488228057, 2.517486335613363, 1.773479963236123, 1.743943376374359, 0.0, 3.051883048217936, 4.149650887725376, 4.629247390235264, 6.728379609534528, 6.247264851917197, 5.590510898835633, 3.6836434938793956], [5.7273091997900725, 4.73709139557176, 3.4191903515306072, 2.8136118531169148, 2.8021876561001404, 2.187862104886869, 1.0967105133078647, 2.1051285257674888, 3.235545272438635, 3.4792997025263572, 3.9118907193325327, 4.602391462055352, 4.924282077623093, 6.566920158643624, 4.158920038904331, 2.8133725988571086, 2.736070282357528, 6.060141589104994, 6.66515267942153, 5.535357854737127, 4.768398899001635, 5.34443641369228, 2.9869668193670984, 3.920172389066583, 3.819911385097827, 2.277283342054739, 3.8292447897725213, 3.051883048217936, 0.0, 1.7503550582667506, 2.45986983801989, 4.1204671494868155, 3.5977443752996128, 5.463950227628359, 4.806862329004233], [4.904790083173794, 4.259638883755288, 2.7801409478657733, 2.852100575014843, 3.5656648426345403, 2.1850232218445647, 1.0971716000699252, 2.1329260371611576, 2.6333476527036837, 2.7536153852707894, 2.6516671944269326, 4.106744513601984, 4.891201951463464, 6.529742801979263, 4.59340736926304, 3.4835400342180654, 3.926979322583708, 4.986414105346647, 5.959685987533235, 4.667271760889867, 4.630703779124723, 4.929986431015809, 2.280808455350865, 2.848004190657029, 3.8250340076919573, 3.2186231606076534, 4.450047879517703, 4.149650887725376, 1.7503550582667506, 0.0, 3.0810590533126754, 3.708589211546623, 2.454954973110505, 4.740518847130554, 5.4609076589885674], [7.737332176532166, 6.760679725441815, 5.2989263384198875, 4.461206155290292, 4.785807883732902, 3.0498887274784305, 2.229762231718889, 1.0895437623152178, 2.0931739464268135, 3.740741683142529, 4.138388012257913, 4.594233843634867, 4.741881746733042, 6.191446616906262, 4.032610381626274, 2.9430568563994814, 2.657511582288965, 7.826274777951513, 8.740191124912542, 7.635225760905