{"total energy": -61.86798698, "HOMO-LUMO gap/eV": 2.45739559, "electronic energy": -62.46676343, "dipole": [2.10744812, 0.28394379, -0.16769831], "partial charges": [-0.04383595, -0.15569586, 0.05637735, 0.03154015, -0.15309032, 0.01930348, 0.07805923, -0.03340595, -0.02355978, -0.02442749, -0.01982329, -0.03275866, 0.47811949, -0.20726089, -0.20626854, -0.20737083, 0.25118971, -0.420743, 0.03029421, -0.14726753, 0.06361623, 0.06016809, 0.0491986, 0.17914921, 0.07390581, 0.09648158, 0.06366014, 0.0631164, 0.0813284], "atomic dipole moments": [[-0.07818265, -0.14271201, 0.02572193], [-0.018711, 0.07947203, -0.10087159], [0.11873971, 0.01952979, 0.01050723], [0.00758077, -0.10422324, -0.00622528], [0.10275553, -0.28514076, -0.02276823], [0.02986686, 0.03698432, 0.00456845], [0.19008359, 0.00684686, 0.00928355], [0.00978764, 0.07180256, 0.0068675], [0.00757965, 0.01639865, 0.00134294], [0.03245959, 0.03038391, 0.004187], [-0.07474789, 0.16341109, 0.01227862], [-0.02477778, -0.05600207, -0.00569532], [-0.09279124, 0.18674742, 0.02037203], [0.01115046, -0.08413211, -0.25317099], [0.25121406, 0.00308953, 0.09106343], [-0.12854633, -0.18922711, 0.1385417], [-0.07709105, 0.05061603, -0.00088197], [0.07231364, 0.18255822, 0.01771836], [0.08463206, -0.20614546, -0.0067198], [-0.17110152, -0.19554025, 0.00751807], [0.12952227, -0.01325101, 0.00836863], [-0.0314302, 0.09103388, 0.08473056], [-0.02741612, 0.035633, -0.11678798], [0.07761706, -0.11018533, -0.03290543], [0.058662, 0.14217361, 0.01701921], [0.04866479, -0.14847136, -0.01101916], [-0.08228786, -0.13004739, -0.01451339], [-0.15540778, 0.00123207, -0.00564103], [0.07768192, 0.13674641, 0.01594222]], "atomic quadrupole moments": [[-0.05195217, 0.18241553, 0.22144024, -0.04306553, -0.08330805, -0.16948807], [-0.0238778, 0.07396196, 0.03145059, 0.00593251, -0.04080964, -0.00757279], [-0.15722765, -0.08215328, -0.24395491, -0.01757605, -0.06224975, 0.40118256], [-0.26437313, 0.00519822, -0.25130099, -0.03096926, -0.07757903, 0.51567411], [-0.24042311, 0.08919026, -0.01292458, -0.01222878, -0.02063062, 0.25334769], [-0.05133081, 0.08986815, 0.03087725, 0.0038287, 0.0050496, 0.02045356], [-0.04041226, 0.00160756, -0.33478823, -0.01772357, -0.06374557, 0.37520048], [-0.25557537, -0.01639074, -0.2951493, -0.03476285, -0.07715797, 0.55072467], [-0.27071948, -0.03816803, -0.26959077, -0.03593695, -0.07274946, 0.54031025], [-0.28349063, 0.01611308, -0.25472733, -0.02750206, -0.06846936, 0.53821796], [-0.29618396, -0.13213832, -0.04879583, -0.04108963, -0.03499391, 0.34497979], [-0.24309472, 0.02510391, -0.27633607, -0.03369621, -0.07265255, 0.51943079], [0.08699171, 0.21375303, -0.22158164, 0.02021647, -0.03006899, 0.13458993], [-0.03932708, 0.0063129, -0.04148729, -8.839e-05, 0.02986875, 0.08081438], [0.06578845, 0.01912144, -0.04516874, 0.0406319, 0.00325909, -0.0206197], [-0.00182761, 0.04942979, 0.00308247, -0.0348371, -0.04428588, -0.00125486], [-0.29588474, -0.00341452, -0.16366695, -0.03576693, -0.04938323, 0.45955168], [-0.08857632, 0.02511693, -0.07976795, -0.00973717, -0.01903784, 0.16834427], [-0.16303152, -0.22848758, 0.01443919, -0.02943773, -0.01429006, 0.14859233], [-0.00216558, -0.32722336, 0.20061833, -0.02424858, 0.02556728, -0.19845275], [0.06275473, -0.01918383, -0.00585554, 0.01078673, -0.0093647, -0.05689919], [-0.02669737, -0.01736871, 0.01489065, -0.04128594, 0.04081236, 0.01180672], [-0.03285239, 0.01395851, -0.01595549, 0.03457428, -0.0242187, 0.04880789], [0.05181812, 0.00515193, 0.01345318, -0.01099971, -0.0019618, -0.0652713], [0.0431587, 0.00057322, 0.01931584, 0.0016436, 0.00706421, -0.06247454], [0.05611345, -0.00878266, 0.00479768, 0.00404683, 0.00567505, -0.06091113], [0.03857309, -0.01115689, 0.02807558, 0.00323104, 0.00789019, -0.06664867], [0.02235798, -0.00836751, 0.0400443, 0.00278673, 0.00765564, -0.06240228], [0.03701378, -0.00333135, 0.02028432, 0.00464483, 0.00612652, -0.0572981]], "number of molecular orbitals": 94, "number of electrons": 106, "number of unpaired electrons": 0, "orbital energies/eV": [-28.96516224, -23.68481143, -23.34807299, -23.33509344, -19.51028545, -19.36906221, -18.91434771, -18.8643591, -18.56941059, -18.27453076, -18.1890216, -17.8979549, -17.63302788, -17.48909862, -17.41597181, -16.9710087, -16.83884963, -16.70938983, -16.70517544, -16.47005314, -16.15747537, -15.99807443, -15.85801528, -15.54659881, -15.28625779, -14.93830018, -14.87993557, -14.76939347, -14.7092157, -14.61312552, -14.5330275, -14.36238694, -14.35385737, -14.33286629, -14.27850395, -14.21854305, -14.09212331, -13.96002584, -13.88488426, -13.7201427, -13.57570926, -13.53598525, -13.43877959, -12.75416838, -12.49426073, -12.43166078, -12.14585119, -11.97904002, -11.8970913, -11.67386931, -11.2036544, -11.04508846, -10.62088693, -8.16349133, -7.3191436, -7.08595617, -6.5610283, -4.36385963, -4.29386012, -3.57337929, -2.18055008, -1.12501901, -0.19342191, 0.1341961, 0.27254944, 0.28649887, 0.30286821, 0.58823887, 1.15485507, 1.57424457, 1.65944537, 2.37896196, 2.65648693, 2.83425556, 3.2289692, 3.43804508, 3.72964186, 3.87885736, 4.23056182, 4.59570294, 4.71095335, 5.28998873, 6.18245908, 6.76550139, 9.09386992, 9.37885619, 10.31732243, 10.40471836, 11.022169, 11.73305349, 13.91689737, 15.25630477, 15.82844316, 17.82078344], "fractional occupation": [2.0, 2.0, 2.0, 2.0, 2.0, 2.0, 2.0, 2.0, 2.0, 2.0, 2.0, 2.0, 2.0, 2.0, 2.0, 2.0, 2.0, 2.0, 2.0, 2.0, 2.0, 2.0, 2.0, 2.0, 2.0, 2.0, 2.0, 2.0, 2.0, 2.0, 2.0, 2.0, 2.0, 2.0, 2.0, 2.0, 2.0, 2.0, 2.0, 2.0, 2.0, 2.0, 2.0, 2.0, 2.0, 2.0, 2.0, 2.0, 2.0, 2.0, 2.0, 2.0, 2.0, 0.0, 0.0, 0.0, 0.0, 0.0, 0.0, 0.0, 0.0, 0.0, 0.0, 0.0, 0.0, 0.0, 0.0, 0.0, 0.0, 0.0, 0.0, 0.0, 0.0, 0.0, 0.0, 0.0, 0.0, 0.0, 0.0, 0.0, 0.0, 0.0, 0.0, 0.0, 0.0, 0.0, 0.0, 0.0, 0.0, 0.0, 0.0, 0.0, 0.0, 0.0], "program call": "xtb /home/svss/Project-DBcg-Debug/aqme2_20220329/End-to-End-workflows-final/example-3/QDESCP/mol_244_rdkit_conf_1/mol_244_rdkit_conf_1.xyz --pop --wbo --acc 0.2 --gfn 2 --chrg 0 --uhf 0 --etemp 300 --input /home/svss/Project-DBcg-Debug/aqme2_20220329/End-to-End-workflows-final/example-3/QDESCP/mol_244_rdkit_conf_1/mol_244_rdkit_conf_1_xtb.inp", "method": "GFN2-xTB", "xtb version": "6.3.3 (7355c4f)", "Dipole module/D": 5.422, "Total charge": 0, "Transition dipole module/D": NaN, "HOMO": -10.6209, "LUMO": -8.1635, "HOMO occupancy": 2.0, "LUMO occupancy": 0, "mulliken charges": [0.06586, -0.3443, 0.11935, 0.10544, -0.19675, -0.08471, 0.14119, -0.03506, -0.01811, -0.02071, -0.02694, -0.03644, 0.6338, -0.25003, -0.24928, -0.25072, 0.44088, -0.54552, 0.01582, -0.07516, 0.04214, 0.03764, 0.03431, 0.21947, 0.04159, 0.07885, 0.04722, 0.05243, 0.05776], "cm5 charges": [-0.02347, -0.69813, 0.18237, 0.15404, -0.32388, -0.23771, 0.19874, -0.08218, -0.0732, -0.07164, -0.02961, -0.07674, 0.68535, -0.27, -0.2704, -0.27145, 0.54344, -0.59069, 0.02808, -0.07315, 0.10242, 0.09827, 0.09493, 0.41037, 0.11053, 0.14617, 0.10251, 0.1099, 0.12512], "FUKUI+": [0.022, -0.044, -0.039, -0.028, -0.098, -0.032, -0.024, -0.019, -0.019, -0.039, -0.028, -0.014, -0.002, -0.02, -0.02, -0.017, -0.015, -0.078, -0.032, -0.105, -0.035, -0.023, -0.026, -0.031, -0.066, -0.033, -0.049, -0.054, -0.031], "FUKUI-": [0.029, -0.083, -0.016, -0.009, -0.05, -0.041, -0.012, -0.01, -0.017, -0.03, -0.022, -0.016, -0.0, -0.017, -0.018, -0.014, -0.011, -0.095, -0.032, -0.182, -0.044, -0.046, -0.056, -0.037, -0.044, -0.02, -0.038, -0.043, -0.026], "FUKUIrad": [0.025, -0.064, -0.027, -0.018, -0.074, -0.037, -0.018, -0.015, -0.018, -0.034, -0.025, -0.015, -0.001, -0.018, -0.019, -0.016, -0.013, -0.086, -0.032, -0.143, -0.039, -0.034, -0.041, -0.034, -0.055, -0.027, -0.043, -0.049, -0.029], "s proportion": [0.978, 1.424, 1.044, 1.031, 1.55, 1.437, 1.048, 1.072, 1.064, 1.062, 1.074, 1.066, 1.031, 1.826, 1.825, 1.826, 0.991, 1.728, 1.089, 1.946, 0.958, 0.962, 0.966, 0.781, 0.958, 0.921, 0.953, 0.948, 0.942], "p proportion": [2.956, 3.92, 2.836, 2.864, 3.647, 3.648, 2.811, 2.963, 2.955, 2.959, 2.953, 2.971, 2.336, 5.424, 5.424, 5.425, 2.568, 4.818, 2.895, 5.136, 0.0, 0.0, 0.0, 0.0, 0.0, 0.0, 0.0, 0.0, 0.0], "d proportion": [0.0, 0.0, 0.0, 0.0, 0.0, 0.0, 0.0, 0.0, 0.0, 0.0, 0.0, 0.0, 0.0, 0.0, 0.0, 0.0, 0.0, 0.0, 0.0, -0.007, 0.0, 0.0, 0.0, 0.0, 0.0, 0.0, 0.0, 0.0, 0.0], "Fermi-level/eV": -9.3922, "Coordination numbers": [3.682, 2.681, 2.923, 2.87, 1.905, 2.827, 2.896, 2.916, 2.908, 2.913, 2.959, 2.92, 3.331, 0.788, 0.788, 0.788, 2.772, 0.857, 2.886, 0.958, 0.924, 0.924, 0.924, 0.86, 0.923, 0.925, 0.925, 0.925, 0.925], "Dispersion coefficient C6": [21.576, 24.369, 26.736, 27.292, 25.101, 20.911, 26.257, 28.832, 28.592, 28.613, 28.5, 28.816, 17.457, 11.31, 11.3, 11.312, 22.782, 22.1, 27.323, 103.759, 2.157, 2.197, 2.33, 1.219, 2.043, 1.817, 2.157, 2.163, 1.965], "Total dispersion C6": 12742.505278, "Total dispersion C8": 322397.430047, "Polarizability alpha": [6.652, 7.332, 8.479, 8.564, 7.428, 6.792, 8.401, 8.805, 8.768, 8.772, 8.756, 8.803, 6.627, 3.973, 3.971, 3.973, 7.817, 6.303, 8.57, 15.584, 2.297, 2.318, 2.387, 1.73, 2.235, 2.108, 2.297, 2.3, 2.192], "Total polarizability alpha": 174.232676, "Wiberg matrix": [[0.0, 1.011788765566106, 0.0, 0.0, 0.0, 0.0, 0.0, 0.0, 0.0, 0.0, 0.0, 0.0, 0.0, 0.0, 0.0, 0.0, 0.0, 0.0, 0.0, 0.0, 0.9824159554319095, 0.9763365345900634, 0.9749246983611488, 0.0, 0.0, 0.0, 0.0, 0.0, 0.0], [1.011788765566106, 0.0, 1.198097819321162, 0.0, 0.0, 0.0, 0.0, 0.0, 0.0, 0.0, 0.0, 0.0, 0.0, 0.0, 0.0, 0.0, 0.0, 0.0, 0.11199896507135629, 0.0, 0.0, 0.0, 0.0, 0.9349382656769447, 0.0, 0.0, 0.0, 0.0, 0.0], [0.0, 1.198097819321162, 0.0, 1.1010149519252759, 0.0, 0.0, 0.0, 0.0, 0.0, 0.0, 0.0, 0.0, 0.0, 0.0, 0.0, 0.0, 0.0, 0.0, 1.504079109442279, 0.0, 0.0, 0.0, 0.0, 0.0, 0.0, 0.0, 0.0, 0.0, 0.0], [0.0, 0.0, 1.1010149519252759, 0.0, 1.70492670361025, 0.0, 0.0, 0.0, 0.0, 0.0, 0.0, 0.0, 0.0, 0.0, 0.0, 0.0, 0.0, 0.0, 0.0, 0.0, 0.0, 0.0, 0.0, 0.0, 0.9506422752574007, 0.0, 0.0, 0.0, 0.0], [0.0, 0.0, 0.0, 1.70492670361025, 0.0, 1.1275325801271803, 0.0, 0.0, 0.0, 0.0, 0.0, 0.0, 0.0, 0.0, 0.0, 0.0, 0.0, 0.0, 0.0, 0.0, 0.0, 0.0, 0.0, 0.0, 0.0, 0.0, 0.0, 0.0, 0.0], [0.0, 0.0, 0.0, 0.0, 1.1275325801271803, 0.0, 1.0304994654657573, 0.0, 0.0, 0.0, 0.0, 0.0, 0.0, 0.0, 0.0, 0.0, 1.096255362786677, 0.13957684195312997, 0.0, 0.0, 0.0, 0.0, 0.0, 0.0, 0.0, 0.0, 0.0, 0.0, 0.0], [0.0, 0.0, 0.0, 0.0, 0.0, 1.0304994654657573, 0.0, 1.385639935184697, 0.0, 0.0, 0.0, 1.3763766560119957, 0.0, 0.0, 0.0, 0.0, 0.0, 0.0, 0.0, 0.0, 0.0, 0.0, 0.0, 0.0, 0.0, 0.0, 0.0, 0.0, 0.0], [0.0, 0.0, 0.0, 0.0, 0.0, 0.0, 1.385639935184697, 0.0, 1.4376442024629839, 0.0, 0.10298401413321163, 0.0, 0.0, 0.0, 0.0, 0.0, 0.0, 0.0, 0.0, 0.0, 0.0, 0.0, 0.0, 0.0, 0.0, 0.9557677336575098, 0.0, 0.0, 0.0], [0.0, 0.0, 0.0, 0.0, 0.0, 0.0, 0.0, 1.4376442024629839, 0.0, 1.4415490385963459, 0.0, 0.1099158515012439, 0.0, 0.0, 0.0, 0.0, 0.0, 0.0, 0.0, 0.0, 0.0, 0.0, 0.0, 0.0, 0.0, 0.0, 0.9680476437485179, 0.0, 0.0], [0.0, 0.0, 0.0, 0.0, 0.0, 0.0, 0.0, 0.0, 1.4415490385963459, 0.0, 1.4036641073533163, 0.0, 0.0, 0.0, 0.0, 0.0, 0.0, 0.0, 0.0, 0.0, 0.0, 0.0, 0.0, 0.0, 0.0, 0.0, 0.0, 0.9663826543097928, 0.0], [0.0, 0.0, 0.0, 0.0, 0.0, 0.0, 0.0, 0.10298401413321163, 0.0, 1.4036641073533163, 0.0, 1.420461663061339, 0.9555308737242116, 0.0, 0.0, 0.0, 0.0, 0.0, 0.0, 0.0, 0.0, 0.0, 0.0, 0.0, 0.0, 0.0, 0.0, 0.0, 0.0], [0.0, 0.0, 0.0, 0.0, 0.0, 0.0, 1.3763766560119957, 0.0, 0.1099158515012439, 0.0, 1.420461663061339, 0.0, 0.0, 0.0, 0.0, 0.0, 0.0, 0.0, 0.0, 0.0, 0.0, 0.0, 0.0, 0.0, 0.0, 0.0, 0.0, 0.0, 0.9608757556970033], [0.0, 0.0, 0.0, 0.0, 0.0, 0.0, 0.0, 0.0, 0.0, 0.0, 0.9555308737242116, 0.0, 0.0, 0.940928477167053, 0.9468805208092422, 0.9442383332780523, 0.0, 0.0, 0.0, 0.0, 0.0, 0.0, 0.0, 0.0, 0.0, 0.0, 0.0, 0.0, 0.0], [0.0, 0.0, 0.0, 0.0, 0.0, 0.0, 0.0, 0.0, 0.0, 0.0, 0.0, 0.0, 0.940928477167053, 0.0, 0.0, 0.0, 0.0, 0.0, 0.0, 0.0, 0.0, 0.0, 0.0, 0.0, 0.0, 0.0, 0.0, 0.0, 0.0], [0.0, 0.0, 0.0, 0.0, 0.0, 0.0, 0.0, 0.0, 0.0, 0.0, 0.0, 0.0, 0.9468805208092422, 0.0, 0.0, 0.0, 0.0, 0.0, 0.0, 0.0, 0.0, 0.0, 0.0, 0.0, 0.0, 0.0, 0.0, 0.0, 0.0], [0.0, 0.0, 0.0, 0.0, 0.0, 0.0, 0.0, 0.0, 0.0, 0.0, 0.0, 0.0, 0.9442383332780523, 0.0, 0.0, 0.0, 0.0, 0.0, 0.0, 0.0, 0.0, 0.0, 0.0, 0.0, 0.0, 0.0, 0.0, 0.0, 0.0], [0.0, 0.0, 0.0, 0.0, 0.0, 1.096255362786677, 0.0, 0.0, 0.0, 0.0, 0.0, 0.0, 0.0, 0.0, 0.0, 0.0, 0.0, 1.6550747072876084, 1.0801508100934072, 0.0, 0.0, 0.0, 0.0, 0.0, 0.0, 0.0, 0.0, 0.0, 0.0], [0.0, 0.0, 0.0, 0.0, 0.0, 0.13957684195312997, 0.0, 0.0, 0.0, 0.0, 0.0, 0.0, 0.0, 0.0, 0.0, 0.0, 1.6550747072876084, 0.0, 0.0, 0.0, 0.0, 0.0, 0.0, 0.0, 0.0, 0.0, 0.0, 0.0, 0.0], [0.0, 0.11199896507135629, 1.504079109442279, 0.0, 0.0, 0.0, 0.0, 0.0, 0.0, 0.0, 0.0, 0.0, 0.0, 0.0, 0.0, 0.0, 1.0801508100934072, 0.0, 0.0, 0.9787533914856772, 0.0, 0.0, 0.0, 0.0, 0.0, 0.0, 0.0, 0.0, 0.0], [0.0, 0.0, 0.0, 0.0, 0.0, 0.0, 0.0, 0.0, 0.0, 0.0, 0.0, 0.0, 0.0, 0.0, 0.0, 0.0, 0.0, 0.0, 0.9787533914856772, 0.0, 0.0, 0.0, 0.0, 0.0, 0.0, 0.0, 0.0, 0.0, 0.0], [0.9824159554319095, 0.0, 0.0, 0.0, 0.0, 0.0, 0.0, 0.0, 0.0, 0.0, 0.0, 0.0, 0.0, 0.0, 0.0, 0.0, 0.0, 0.0, 0.0, 0.0, 0.0, 0.0, 0.0, 0.0, 0.0, 0.0, 0.0, 0.0, 0.0], [0.9763365345900634, 0.0, 0.0, 0.0, 0.0, 0.0, 0.0, 0.0, 0.0, 0.0, 0.0, 0.0, 0.0, 0.0, 0.0, 0.0, 0.0, 0.0, 0.0, 0.0, 0.0, 0.0, 0.0, 0.0, 0.0, 0.0, 0.0, 0.0, 0.0], [0.9749246983611488, 0.0, 0.0, 0.0, 0.0, 0.0, 0.0, 0.0, 0.0, 0.0, 0.0, 0.0, 0.0, 0.0, 0.0, 0.0, 0.0, 0.0, 0.0, 0.0, 0.0, 0.0, 0.0, 0.0, 0.0, 0.0, 0.0, 0.0, 0.0], [0.0, 0.9349382656769447, 0.0, 0.0, 0.0, 0.0, 0.0, 0.0, 0.0, 0.0, 0.0, 0.0, 0.0, 0.0, 0.0, 0.0, 0.0, 0.0, 0.0, 0.0, 0.0, 0.0, 0.0, 0.0, 0.0, 0.0, 0.0, 0.0, 0.0], [0.0, 0.0, 0.0, 0.9506422752574007, 0.0, 0.0, 0.0, 0.0, 0.0, 0.0, 0.0, 0.0, 0.0, 0.0, 0.0, 0.0, 0.0, 0.0, 0.0, 0.0, 0.0, 0.0, 0.0, 0.0, 0.0, 0.0, 0.0, 0.0, 0.0], [0.0, 0.0, 0.0, 0.0, 0.0, 0.0, 0.0, 0.9557677336575098, 0.0, 0.0, 0.0, 0.0, 0.0, 0.0, 0.0, 0.0, 0.0, 0.0, 0.0, 0.0, 0.0, 0.0, 0.0, 0.0, 0.0, 0.0, 0.0, 0.0, 0.0], [0.0, 0.0, 0.0, 0.0, 0.0, 0.0, 0.0, 0.0, 0.9680476437485179, 0.0, 0.0, 0.0, 0.0, 0.0, 0.0, 0.0, 0.0, 0.0, 0.0, 0.0, 0.0, 0.0, 0.0, 0.0, 0.0, 0.0, 0.0, 0.0, 0.0], [0.0, 0.0, 0.0, 0.0, 0.0, 0.0, 0.0, 0.0, 0.0, 0.9663826543097928, 0.0, 0.0, 0.0, 0.0, 0.0, 0.0, 0.0, 0.0, 0.0, 0.0, 0.0, 0.0, 0.0, 0.0, 0.0, 0.0, 0.0, 0.0, 0.0], [0.0, 0.0, 0.0, 0.0, 0.0, 0.0, 0.0, 0.0, 0.0, 0.0, 0.0, 0.9608757556970033, 0.0, 0.0, 0.0, 0.0, 0.0, 0.0, 0.0, 0.0, 0.0, 0.0, 0.0, 0.0, 0.0, 0.0, 0.0, 0.0, 0.0]], "Born radii": [], "Atomic SASAs": [], "Solvent H bonds": [], "Total SASA": NaN, "Total FOD": 0.0, "FOD": [0.0, 0.0, 0.0, 0.0, 0.0, 0.0, 0.0, 0.0, 0.0, 0.0, 0.0, 0.0, 0.0, 0.0, 0.0, 0.0, 0.0, 0.0, 0.0, 0.0, 0.0, 0.0, 0.0, 0.0, 0.0, 0.0, 0.0, 0.0, 0.0], "FOD s proportion": [0.0, 0.0, 0.0, 0.0, 0.0, 0.0, 0.0, 0.0, 0.0, 0.0, 0.0, 0.0, 0.0, 0.0, 0.0, 0.0, 0.0, 0.0, 0.0, 0.0, 0.0, 0.0, 0.0, 0.0, 0.0, 0.0, 0.0, 0.0, 0.0], "FOD p proportion": [0.0, 0.0, 0.0, 0.0, 0.0, 0.0, 0.0, 0.0, 0.0, 0.0, 0.0, 0.0, 0.0, 0.0, 0.0, 0.0, 0.0, 0.0, 0.0, 0.0, 0.0, 0.0, 0.0, 0.0, 0.0, 0.0, 0.0, 0.0, 0.0], "FOD d proportion": [0.0, 0.0, 0.0, 0.0, 0.0, 0.0, 0.0, 0.0, 0.0, 0.0, 0.0, 0.0, 0.0, 0.0, 0.0, 0.0, 0.0, 0.0, 0.0, 0.0, 0.0, 0.0, 0.0, 0.0, 0.0, 0.0, 0.0, 0.0, 0.0], "coordinates": [["5.00470", "1.15980", "-0.06380"], ["4.35730", "-0.10190", "0.22170"], ["2.99410", "-0.37150", "0.15340"], ["2.01120", "0.73010", "0.22300"], ["0.72630", "0.63640", "0.16450"], ["0.16110", "-0.61600", "0.03080"], ["-1.28230", "-0.58640", "-0.02850"], ["-2.07280", "-1.73590", "-0.16410"], ["-3.47140", "-1.66390", "-0.21460"], ["-4.11790", "-0.43530", "-0.13310"], ["-3.36990", "0.73750", "-0.00630"], ["-1.96520", "0.64610", "0.05090"], ["-4.04340", "2.08170", "0.10400"], ["-4.10880", "2.52580", "1.38960"], ["-5.32640", "2.08250", "-0.35600"], ["-3.40050", "3.05780", "-0.59640"], ["0.93890", "-1.78460", "-0.03050"], ["0.51200", "-2.93410", "-0.13940"], ["2.42030", "-1.57730", "0.04030"], ["3.41360", "-3.00340", "-0.05130"], ["6.08980", "1.04220", "0.01530"], ["4.70120", "1.92890", "0.65260"], ["4.77050", "1.49620", "-1.07840"], ["4.93160", "-0.92420", "0.02790"], ["2.43020", "1.74140", "0.34030"], ["-1.64320", "-2.72930", "-0.23420"], ["-4.05150", "-2.57870", "-0.31690"], ["-5.20540", "-0.39810", "-0.17050"], ["-1.40420", "1.57410", "0.16000"]], "bond_dist": [[0.0, 1.4465558751738556, 2.536645006696838, 3.0377522249189446, 4.3163381482455705, 5.159736016503169, 6.525092300496599, 7.647623475956435, 8.935339587279264, 9.261262185037198, 8.385437895542486, 6.989746046173638, 9.096492184353263, 9.329212711156282, 10.376337665091667, 8.633275959912321, 5.02009261767151, 6.078658228589595, 3.7658566860675937, 4.456903600034445, 1.0943164898693618, 1.0940091498703288, 1.0942704236156617, 2.087296936231163, 2.6701321353071643, 7.703811354128552, 9.800775494826928, 10.328822745598842, 6.426175389763338], [1.4465558751738556, 0.0, 1.3912811685637096, 2.4892591066419745, 3.7057414548238525, 4.231883275800504, 5.665900497714375, 6.645674055353603, 7.994919973333067, 8.489172730013214, 7.776001298868204, 6.368883959533256, 8.680652207063707, 8.941121121537277, 9.943811459395235, 8.416439421750745, 3.8184476806681538, 4.789371789702696, 2.441655200883204, 3.063299028824969, 2.086413674226662, 2.104302891695965, 2.101170592788696, 1.0215459950486812, 2.669369824509148, 6.566359403809694, 8.782513628796712, 9.575321747596787, 6.000638727668914], [2.536645006696838, 1.3912811685637096, 0.0, 1.4779915865795719, 2.481713613614593, 2.846172870716043, 4.285658243490724, 5.256982900866238, 6.603666558056971, 7.118054276977663, 6.46187906804205, 5.063661965415938, 7.452988450950397, 7.770053161980297, 8.689782771162925, 7.294738356514236, 2.500903408770519, 3.5795908998096415, 1.3401461450155352, 2.672972119196158, 3.4060208146750957, 2.907788027006095, 2.856786917150105, 2.0186960618181238, 2.1948260136056343, 5.216704504761602, 7.39820203089913, 8.205938034131137, 4.809412210447343], [3.0377522249189446, 2.4892591066419745, 1.4779915865795719, 0.0, 1.2896394651219387, 2.296039211337646, 3.5557793449537893, 4.786445279118941, 5.9984691813828634, 6.249066424674968, 5.385988345698494, 3.9810088382217894, 6.2047695138498105, 6.483817860643526, 7.483622152407215, 5.947781144258757, 2.7455064432632463, 3.9755875087840793, 2.3504971516681317, 3.9976228561483893, 4.0957934103174685, 2.97620187487341, 3.145518663114241, 3.3620691039893873, 1.1009305064353518, 5.05283282525753, 6.927913159097766, 7.31484743860048, 3.5187017719607896], [4.3163381482455705, 3.7057414548238525, 2.481713613614593, 1.2896394651219387, 0.0, 1.380518920551254, 2.359441205031395, 3.683849353597403, 4.801643696693873, 4.9702495198933425, 4.101005765662857, 2.693913751403337, 4.984234186913773, 5.3337504984766575, 6.244782041833005, 4.844855520033595, 2.4381273059461024, 3.5898119658277365, 2.7902561405720445, 4.52949169002439, 5.380898301399126, 4.208162053676165, 4.317361473168537, 4.487614066516861, 2.0384322039253604, 4.135387337360311, 5.778926094872645, 6.0305455922329285, 2.3277310390163204], [5.159736016503169, 4.231883275800504, 2.846172870716043, 2.296039211337646, 1.380518920551254, 0.0, 1.4449208317413103, 2.5064858327945916, 3.7885844084565408, 4.285948751443488, 3.781705919290922, 2.4727418203281957, 4.996074837309786, 5.47259451174669, 6.127329984585455, 5.1551121074133786, 1.4051179630194754, 2.3506778724444573, 2.4552337118897665, 4.03548948951673, 6.15624489278976, 5.241722928579877, 5.190210192275454, 4.7804462030233115, 3.2866304659940098, 2.791372490371, 4.660373948515291, 5.3746929540207224, 2.6950685965295946], [6.525092300496599, 5.665900497714375, 4.285658243490724, 3.5557793449537893, 2.359441205031395, 1.4449208317413103, 0.0, 1.4016518326603078, 2.446997807518429, 2.8415488259046326, 2.472099878645683, 1.411280631199904, 3.841872859687056, 4.436879387587632, 4.856441935203178, 4.253172379530366, 2.523770330279679, 2.956942101225521, 3.833518359157812, 5.281466240543434, 7.549974490685383, 6.52632389251407, 6.4865939143744775, 6.223330539992232, 4.397422259688055, 2.1827921820457394, 3.4235803612592473, 3.930182502123788, 2.1721307764497055], [7.647623475956435, 6.645674055353603, 5.256982900866238, 4.786445279118941, 3.683849353597403, 2.5064858327945916, 1.4016518326603078, 0.0, 1.4013622693650634, 2.423830722224636, 2.7973338753177104, 2.3941024957173407, 4.304557088714239, 4.972058585736897, 5.020250703899158, 4.99291801154395, 3.015055147091011, 2.849119929030717, 4.500542292879826, 5.632039155581218, 8.624271721716566, 7.744987664935303, 7.623199445770785, 7.0538883071679, 5.711658572603933, 1.084579978609231, 2.1561338942653814, 3.406307760611187, 3.3923689024043364], [8.935339587279264, 7.994919973333067, 6.603666558056971, 5.9984691813828634, 4.801643696693873, 3.7885844084565408, 2.446997807518429, 1.4013622693650634, 0.0, 1.3907057417009536, 2.4125532325733245, 2.7704203092671698, 3.8023952082864825, 4.53137092831739, 4.182885597288073, 4.737641706587783, 4.415790686841939, 4.1816908828845785, 5.897847273370174, 7.0159925983427325, 9.939435429640861, 8.969483733192229, 8.869120478378901, 8.438979283064985, 6.836143990584166, 2.1160757453361634, 1.0880442729962783, 2.1473123782999064, 3.8598296594538986], [9.261262185037198, 8.489172730013214, 7.118054276977663, 6.249066424674968, 4.9702495198933425, 4.285948751443488, 2.8415488259046326, 2.423830722224636, 1.3907057417009536, 0.0, 1.3967970790347466, 2.4160710357934425, 2.5292401349021807, 3.3296863681133697, 2.801691185694812, 3.595977928185878, 5.234726687230194, 5.261180014027271, 6.639449585620784, 7.9577208483333965, 10.315142660186527, 9.164239790620933, 9.144831266896071, 9.064126789713391, 6.916628084551027, 3.375914290973631, 2.152290630932542, 1.0887786046759005, 3.3893603614841545], [8.385437895542486, 7.776001298868204, 6.46187906804205, 5.385988345698494, 4.101005765662857, 3.781705919290922, 2.472099878645683, 2.7973338753177104, 2.4125532325733245, 1.3967970790347466, 0.0, 1.408832101423019, 1.5075284342260349, 2.3859016974720477, 2.3998348568182766, 2.3943572122805734, 4.992727860598853, 5.344858256305774, 6.235935105499416, 7.74675609916822, 9.464630618254471, 8.185122991134586, 8.245673790540103, 8.466245849253376, 5.896533454496803, 3.8797079194186774, 3.3997401900733535, 2.164626815411839, 2.1427859762468113], [6.989746046173638, 6.368883959533256, 5.063661965415938, 3.9810088382217894, 2.693913751403337, 2.4727418203281957, 1.411280631199904, 2.3941024957173407, 2.7704203092671698, 2.4160710357934425, 1.408832101423019, 0.0, 2.5263970808247858, 3.149668353969985, 3.6778360499076075, 2.8801701807358535, 3.7879711271338907, 4.3578166517190695, 4.9169330044246085, 6.500829526298933, 8.064811688440097, 6.81531420332181, 6.882415490945022, 7.073345837013769, 4.539050077934809, 3.402688814746362, 3.8584011675822407, 3.411490530545263, 1.0898659596482496], [9.096492184353263, 8.680652207063707, 7.452988450950397, 6.2047695138498105, 4.984234186913773, 4.996074837309786, 3.841872859687056, 4.304557088714239, 3.8023952082864825, 2.5292401349021807, 1.5075284342260349, 2.5263970808247858, 0.0, 1.3617155833726804, 1.3629708874367048, 1.362590099773222, 6.307906089186807, 6.780056221005841, 7.427769273476391, 9.027137370174446, 10.186764460808938, 8.76312381288773, 8.912110480688623, 9.465297196601913, 6.486843511292684, 5.387119850161123, 4.679375020235074, 2.7522722049245054, 2.688153715842902], [9.329212711156282, 8.941121121537277, 7.770053161980297, 6.483817860643526, 5.3337504984766575, 5.47259451174669, 4.436879387587632, 4.972058585736897, 4.53137092831739, 3.3296863681133697, 2.3859016974720477, 3.149668353969985, 1.3617155833726804, 0.0, 2.1739788430433262, 2.1746054561690036, 6.787894184502289, 7.3143791021521425, 7.828485607702168, 9.446414516100804, 10.397173241319008, 8.860900552991213, 9.273244774619076, 9.77167125163347, 6.668945557582547, 6.027601994989383, 5.3825036730131455, 3.490792858363269, 3.1196971343385242], [10.376337665091667, 9.943811459395235, 8.689782771162925, 7.483622152407215, 6.244782041833005, 6.127329984585455, 4.856441935203178, 5.020250703899158, 4.182885597288073, 2.801691185694812, 2.3998348568182766, 3.6778360499076075, 1.3629708874367048, 2.1739788430433262, 0.0, 2.1721171837633433, 7.369830171041935, 7.700656185027352, 8.57686135016767, 10.116660560679103, 11.469512204971927, 10.079366482076143, 10.13967450463771, 10.69645680120291, 7.795256664151604, 6.060875903695768, 4.832564977317946, 2.490467347708056, 3.9885309827052864], [8.633275959912321, 8.416439421750745, 7.294738356514236, 5.947781144258757, 4.844855520033595, 5.1551121074133786, 4.253172379530366, 4.99291801154395, 4.737641706587783, 3.595977928185878, 2.3943572122805734, 2.8801701807358535, 1.362590099773222, 2.1746054561690036, 2.1721171837633433, 0.0, 6.5268271717581126, 7.17073014831823, 7.468015234317616, 9.136040622720545, 9.721245513821778, 8.274778492503593, 8.33283622543969, 9.255807090686366, 6.050403155162472, 6.0588628091416625, 5.680849716371663, 3.9220274897047824, 2.5997538998912955], [5.02009261767151, 3.8184476806681538, 2.500903408770519, 2.7455064432632463, 2.4381273059461024, 1.4051179630194754, 2.523770330279679, 3.015055147091011, 4.415790686841939, 5.234726687230194, 4.992727860598853, 3.7879711271338907, 6.307906089186807, 6.787894184502289, 7.369830171041935, 6.5268271717581126, 0.0, 1.2310373958576561, 1.4975085609104213, 2.7586312131200144, 5.875769455143726, 5.330254135592411, 5.151980358075912, 4.084770741424787, 3.8463156825720897, 2.7570259683216625, 5.061295479420264, 6.300349572841177, 4.0996674926144925], [6.078658228589595, 4.789371789702696, 3.5795908998096415, 3.9755875087840793, 3.5898119658277365, 2.3506778724444573, 2.956942101225521, 2.849119929030717, 4.1816908828845785, 5.261180014027271, 5.344858256305774, 4.3578166517190695, 6.780056221005841, 7.3143791021521425, 7.700656185027352, 7.17073014831823, 1.2310373958576561, 0.0, 2.3483626679028946, 2.9037642225222076, 6.8517695977024795, 6.467258278436079, 6.216437994543178, 4.858039878387167, 5.076406561732423, 2.1669834147957845, 4.5807584153718475, 6.254672331145732, 4.907680719036234], [3.7658566860675937, 2.441655200883204, 1.3401461450155352, 2.3504971516681317, 2.7902561405720445, 2.4552337118897665, 3.833518359157812, 4.500542292879826, 5.897847273370174, 6.639449585620784, 6.235935105499416, 4.9169330044246085, 7.427769273476391, 7.828485607702168, 8.57686135016767, 7.468015234317616, 1.4975085609104213, 2.3483626679028946, 0.0, 1.7403438338443356, 4.508617914616407, 4.22739335051755, 4.027571474226125, 2.594864362543831, 3.332246644532784, 4.232550826629256, 6.558550833835169, 7.719213027893453, 4.957060651232744], [4.456903600034445, 3.063299028824969, 2.672972119196158, 3.9976228561483893, 4.52949169002439, 4.03548948951673, 5.281466240543434, 5.632039155581218, 7.0159925983427325, 7.9577208483333965, 7.74675609916822, 6.500829526298933, 9.027137370174446, 9.446414516100804, 10.116660560679103, 9.136040622720545, 2.7586312131200144, 2.9037642225222076, 1.7403438338443356, 0.0, 4.851119598608141, 5.1459666011353, 4.810666500600514, 2.5755910544960354, 4.861435298345541, 5.0675249836581955, 7.481886891687149, 9.004940739949376, 6.649011263338332], [1.0943164898693618, 2.086413674226662, 3.4060208146750957, 4.0957934103174685, 5.380898301399126, 6.15624489278976, 7.549974490685383, 8.624271721716566, 9.939435429640861, 10.315142660186527, 9.464630618254471, 8.064811688440097, 10.186764460808938, 10.397173241319008, 11.469512204971927, 9.721245513821778, 5.875769455143726, 6.8517695977024795, 4.508617914616407, 4.851119598608141, 0.0, 1.7665214801977362, 1.7728079929873963, 2.282173297538993, 3.7399435557238028, 8.607308028646356, 10.773450670049964, 11.388174953433058, 7.514245916923401], [1.0940091498703288, 2.104302891695965, 2.907788027006095, 2.97620187487341, 4.208162053676165, 5.241722928579877, 6.52632389251407, 7.744987664935303, 8.969483733192229, 9.164239790620933, 8.185122991134586, 6.81531420332181, 8.76312381288773, 8.860900552991213, 10.079366482076143, 8.274778492503593, 5.330254135592411, 6.467258278436079, 4.22739335051755, 5.1459666011353, 1.7665214801977362, 0.0, 1.785607118041368, 2.929763447788917, 2.3000279433085153, 7.92064724880486, 9.892833026994847, 10.20946355936491, 6.135507066249699], [1.0942704236156617, 2.101170592788696, 2.856786917150105, 3.145518663114241, 4.317361473168537, 5.190210192275454, 6.4865939143744775, 7.623199445770785, 8.869120478378901, 9.144831266896071, 8.245673790540103, 6.882415490945022, 8.912110480688623, 9.273244774619076, 10.13967450463771, 8.33283622543969, 5.151980358075912, 6.216437994543178, 4.027571474226125, 4.810666500600514, 1.7728079929873963, 1.785607118041368, 0.0, 2.666118725788482, 2.747696639005114, 7.726776273453244, 9.74742921287454, 10.194667023007666, 6.298144414031802], [2.087296936231163, 1.0215459950486812, 2.0186960618181238, 3.3620691039893873, 4.487614066516861, 4.7804462030233115, 6.223330539992232, 7.0538883071679, 8.438979283064985, 9.064126789713391, 8.466245849253376, 7.073345837013769, 9.465297196601913, 9.77167125163347, 10.69645680120291, 9.255807090686366, 4.084770741424787, 4.858039878387167, 2.594864362543831, 2.5755910544960354, 2.282173297538993, 2.929763447788917, 2.666118725788482, 0.0, 3.6687898658822093, 6.823128128651844, 9.14069706860478, 10.152581581548606, 6.811851065606177], [2.6701321353071643, 2.669369824509148, 2.1948260136056343, 1.1009305064353518, 2.0384322039253604, 3.2866304659940098, 4.397422259688055, 5.711658572603933, 6.836143990584166, 6.916628084551027, 5.896533454496803, 4.539050077934809, 6.486843511292684, 6.668945557582547, 7.795256664151604, 6.050403155162472, 3.8463156825720897, 5.076406561732423, 3.332246644532784, 4.861435298345541, 3.7399435557238028, 2.3000279433085153, 2.747696639005114, 3.6687898658822093, 0.0, 6.075343307172031, 7.8171357120111455, 7.94611629980332, 3.842280669081841], [7.703811354128552, 6.566359403809694, 5.216704504761602, 5.05283282525753, 4.135387337360311, 2.791372490371, 2.1827921820457394, 1.084579978609231, 2.1160757453361634, 3.375914290973631, 3.8797079194186774, 3.402688814746362, 5.387119850161123, 6.027601994989383, 6.060875903695768, 6.0588628091416625, 2.7570259683216625, 2.1669834147957845, 4.232550826629256, 5.0675249836581955, 8.607308028646356, 7.92064724880486, 7.726776273453244, 6.823128128651844, 6.075343307172031, 0.0, 2.4144209533550685, 4.257677767281127, 4.328021048932179], [9.800775494826928, 8.782513628796712, 7.39820203089913, 6.927913159097766, 5.778926094872645, 4.660373948515291, 3.4235803612592473, 2.1561338942653814, 1.0880442729962783, 2.152290630932542, 3.3997401900733535, 3.8584011675822407, 4.679375020235074, 5.3825036730131455, 4.832564977317946, 5.680849716371663, 5.061295479420264, 4.5807584153718475, 6.558550833835169, 7.481886891687149, 10.773450670049964, 9.892833026994847, 9.74742921287454, 9.14069706860478, 7.8171357120111455, 2.4144209533550685, 0.0, 2.4714235836861316, 4.947866079432627], [10.328822745598842, 9.575321747596787, 8.205938034131137, 7.31484743860048, 6.0305455922329285, 5.3746929540207224, 3.930182502123788, 3.406307760611187, 2.1473123782999064, 1.0887786046759005, 2.164626815411839, 3.411490530545263, 2.7522722049245054, 3.490792858363269, 2.490467347708056, 3.9220274897047824, 6.300349572841177, 6.254672331145732, 7.719213027893453, 9.004940739949376, 11.388174953433058, 10.20946355936491, 10.194667023007666, 10.152581581548606, 7.94611629980332, 4.257677767281127, 2.4714235836861316, 0.0, 4.295104717000506], [6.426175389763338, 6.000638727668914, 4.809412210447343, 3.5187017719607896, 2.3277310390163204, 2.6950685965295946, 2.1721307764497055, 3.3923689024043364, 3.8598296594538986, 3.3893603614841545, 2.1427859762468113, 1.0898659596482496, 2.688153715842902, 3.1196971343385242, 3.9885309827052864, 2.5997538998912955, 4.0996674926144925, 4.907680719036234, 4.957060651232744, 6.649011263338332, 7.514245916923401, 6.135507066249699, 6.298144414031802, 6.811851065606177, 3.842280669081841, 4.328021048932179, 4.947866079432627, 4.295104717000506, 0.0]]}