{"total energy": -50.46951654, "HOMO-LUMO gap/eV": 3.16846587, "electronic energy": -50.95625685, "dipole": [-0.38828092, -1.37488555, 1.5145679], "partial charges": [-0.11175178, 0.09127245, -0.25682205, 0.37870807, -0.38943721, -0.28274924, 0.09904368, -0.11185153, -0.1044246, 0.04800828, -0.18044061, 0.07749746, -0.1071903, -0.10800848, -0.1104441, 0.05529069, 0.05446775, 0.06209774, 0.04711532, 0.05005033, 0.04501499, 0.05221333, 0.05311307, 0.05554837, 0.05803374, 0.06482158, 0.05946264, 0.03499103, 0.04677323, 0.04668229, 0.03747416, 0.04530356, 0.050604, 0.05049912, 0.04746997, 0.05156306], "atomic dipole moments": [[0.14416032, 0.00630912, 0.02623699], [0.06642166, -0.05416925, -0.26436991], [0.04796129, -0.03526643, 0.1787866], [-0.12166793, 0.00577946, 0.27148542], [-0.21098682, 0.06176969, 0.37927693], [-0.11394998, 0.01132218, -0.16698076], [0.14134561, 0.15888211, 0.1707812], [0.04057649, 0.08501734, -0.10684205], [0.0593915, -0.3839621, -0.29883884], [-0.07953347, 0.12853148, 0.09055834], [-0.02932523, -0.24076669, -0.35143691], [-0.07546652, 0.04157744, 0.02043274], [0.01389976, 0.10908533, -0.00305372], [-0.04703731, -0.03830583, 0.09560689], [-0.08010589, -0.02753758, -0.09226284], [-0.0609148, 0.0188315, 0.11221634], [-0.03731562, -0.11153397, -0.04903748], [-0.04211706, 0.08684171, -0.08687864], [0.03980257, -0.08779763, 0.07328597], [0.03702379, 0.11212861, 0.03676381], [-0.09275159, 0.06315637, -0.05052118], [0.06894147, -0.05893884, -0.08408378], [-0.06113277, 0.06107499, 0.09313183], [-0.07886768, -0.09015863, -0.05023098], [0.09734042, -0.05780696, 0.0609775], [0.04274293, 0.02273815, -0.11644343], [-0.03052303, -0.12025722, 0.02554904], [-0.0726513, -0.03948257, -0.09779653], [0.10710167, -0.06913108, -0.01469939], [-0.05365777, -0.04516658, 0.10887593], [-0.07001598, -0.03011594, -0.10198675], [0.11365962, -0.05173002, -0.02832249], [0.02040041, 0.12877274, -0.00455438], [-0.03902507, -0.03807826, 0.11748721], [0.11328928, -0.05672062, -0.01495852], [0.02919517, 0.12640622, 0.00904177]], "atomic quadrupole moments": [[0.28234422, 0.01695106, -0.14758643, 0.03424977, 0.01088296, -0.13475779], [0.10358974, -0.05924112, -0.37144158, -0.27956789, 0.1269987, 0.26785184], [0.02072265, -0.06251647, -0.08799975, -0.05905608, 0.02246395, 0.0672771], [0.25571928, 0.09500904, 0.53877512, 0.3107755, 0.23334761, -0.7944944], [-0.23834327, -0.0246747, -0.35510253, -0.26637588, 0.09088236, 0.5934458], [-0.04668199, 0.07393332, 0.0612534, 0.05760303, -0.00405688, -0.01457141], [-0.07749575, 0.4000732, 0.13744171, 0.13929007, 0.08706157, -0.05994595], [-0.09728744, 0.09764139, 0.03555229, -0.09882901, -0.18130471, 0.06173515], [0.32535418, -0.09454854, -0.11807268, 0.3103543, 0.37525914, -0.2072815], [0.26589763, -0.19456064, -0.13465106, 0.17467353, 0.18422561, -0.13124657], [0.39271995, -0.18303059, -0.31694809, 0.29483378, 0.40783758, -0.07577186], [0.09425709, -0.11704927, -0.02204934, -0.0521872, 0.04618773, -0.07220775], [-0.07910695, 0.05037168, 0.19454572, 0.00733068, 0.00790896, -0.11543877], [-0.04835501, 0.02628571, -0.08870608, -0.09955224, -0.08832847, 0.13706109], [0.03620967, 0.04140297, -0.10324796, 0.16139051, 0.05818013, 0.06703829], [-0.01400503, -0.00767888, -0.04873396, -0.04453071, 0.02051953, 0.06273899], [-0.02799352, 0.01700588, 0.06555621, 0.01501437, 0.03769751, -0.03756269], [-0.02551376, -0.01215909, 0.0265428, 0.02156624, -0.05892465, -0.00102904], [-0.0057481, -0.02214941, -0.00136236, -0.01590718, -0.02751899, 0.00711046], [-0.00776559, 0.01378924, 0.02323391, -0.01905746, 0.02405008, -0.01546832], [0.01980203, -0.0006515, 0.0130886, 0.02446756, -0.00955217, -0.03289063], [0.00029035, 0.0010542, 0.00798612, -0.02672721, 0.02849629, -0.00827648], [-0.01629325, -0.0414402, 0.00309444, -0.04450416, 0.03612045, 0.01319881], [-0.00297624, 0.05523129, 0.0128358, 0.03479687, 0.03437532, -0.00985955], [0.04373409, -0.04518122, -0.02371129, 0.02769099, -0.02701496, -0.02002281], [0.01013304, -0.00539824, -0.0348981, -0.01782993, -0.00297476, 0.02476506], [-5.612e-05, 0.00290687, 0.03228393, 0.01871354, -0.00688766, -0.03222781], [0.00128316, 0.00711214, -0.02807467, 0.06383618, 0.00792582, 0.02679151], [0.06770281, -0.03629955, -0.01823859, -0.0116754, 0.00777433, -0.04946422], [-0.02705616, 0.00924132, -0.02273505, -0.04943019, -0.01598432, 0.04979121], [0.0209998, 0.02957288, -0.03842962, 0.05052163, 0.01760459, 0.01742982], [0.04988352, -0.05702771, -0.01653892, -0.00679927, -0.00324552, -0.0333446], [-0.04474333, 0.00947747, 0.07334489, -0.00952305, 0.01388009, -0.02860155], [-0.00865512, 0.02303008, -0.03570586, -0.0374671, -0.0319259, 0.04436098], [0.03905551, -0.05321148, -0.01226338, -0.02408337, 0.02642071, -0.02679213], [-0.03789733, 0.01142412, 0.07557528, 0.01104671, -0.00610129, -0.03767795]], "number of molecular orbitals": 101, "number of electrons": 92, "number of unpaired electrons": 0, "orbital energies/eV": [-20.4872814, -20.19627069, -20.01318859, -19.54874795, -18.93104452, -18.45007626, -18.14979983, -17.4817043, -17.24092137, -16.96722709, -16.83157126, -16.63009482, -16.5076528, -16.39499381, -16.22318952, -16.02819746, -15.31011944, -15.25162494, -15.15734378, -15.03333798, -14.7297726, -14.50557344, -14.37881889, -14.08693838, -14.00523244, -13.89785285, -13.65525817, -13.46806641, -13.384274, -13.33741697, -13.27707899, -13.09402192, -13.04354602, -12.96205002, -12.80506752, -12.69224788, -12.48134916, -12.33899314, -12.31023646, -12.23958459, -12.10190384, -11.86369227, -11.03345965, -10.06024366, -9.98337456, -9.95463604, -6.78617017, -6.030778, -5.63702628, -4.66626672, -4.06239195, -3.73004822, -3.2168131, -0.86379245, -0.67535513, -0.5941625, -0.37294564, -0.27525063, 0.17846895, 0.50762583, 0.71323834, 0.72740745, 1.22661803, 1.57422858, 1.60840823, 2.31387662, 2.48133579, 2.65961588, 2.70686969, 2.81584938, 2.95769454, 3.35184955, 3.41054412, 3.52895908, 3.70259044, 4.02122482, 4.22464549, 4.40855626, 4.50335044, 4.60708882, 4.82375603, 5.21287101, 5.25229323, 5.54042973, 5.68146994, 5.82109378, 5.88601621, 6.27525614, 6.28873297, 6.42578772, 6.46642385, 6.70848378, 7.03740992, 7.29035052, 8.8842679, 10.60887433, 11.24180772, 12.63700109, 26.12825191, 27.97593923, 35.31046395], "fractional occupation": [2.0, 2.0, 2.0, 2.0, 2.0, 2.0, 2.0, 2.0, 2.0, 2.0, 2.0, 2.0, 2.0, 2.0, 2.0, 2.0, 2.0, 2.0, 2.0, 2.0, 2.0, 2.0, 2.0, 2.0, 2.0, 2.0, 2.0, 2.0, 2.0, 2.0, 2.0, 2.0, 2.0, 2.0, 2.0, 2.0, 2.0, 2.0, 2.0, 2.0, 2.0, 2.0, 2.0, 2.0, 2.0, 2.0, 0.0, 0.0, 0.0, 0.0, 0.0, 0.0, 0.0, 0.0, 0.0, 0.0, 0.0, 0.0, 0.0, 0.0, 0.0, 0.0, 0.0, 0.0, 0.0, 0.0, 0.0, 0.0, 0.0, 0.0, 0.0, 0.0, 0.0, 0.0, 0.0, 0.0, 0.0, 0.0, 0.0, 0.0, 0.0, 0.0, 0.0, 0.0, 0.0, 0.0, 0.0, 0.0, 0.0, 0.0, 0.0, 0.0, 0.0, 0.0, 0.0, 0.0, 0.0, 0.0, 0.0, 0.0, 0.0], "program call": "xtb /home/svss/Project-DBcg-Debug/aqme2_20220329/End-to-End-workflows-final/example-3/QDESCP/mol_32_rdkit_conf_5/mol_32_rdkit_conf_5.xyz --pop --wbo --acc 0.2 --gfn 2 --chrg 0 --uhf 0 --etemp 300 --input /home/svss/Project-DBcg-Debug/aqme2_20220329/End-to-End-workflows-final/example-3/QDESCP/mol_32_rdkit_conf_5/mol_32_rdkit_conf_5_xtb.inp", "method": "GFN2-xTB", "xtb version": "6.3.3 (7355c4f)", "Dipole module/D": 5.292, "Total charge": 0, "Transition dipole module/D": NaN, "HOMO": -9.9546, "LUMO": -6.7862, "HOMO occupancy": 2.0, "LUMO occupancy": 0, "mulliken charges": [-0.09602, 0.20615, -0.37172, 0.37696, -0.2184, -0.39677, 0.21168, -0.09677, -0.07213, 0.08418, -0.13524, 0.08932, -0.10081, -0.10045, -0.09233, 0.03111, 0.03866, 0.04391, 0.03043, 0.02689, 0.03272, 0.02641, 0.03659, 0.0315, 0.04069, 0.03264, 0.03801, 0.03267, 0.03366, 0.03399, 0.03303, 0.03271, 0.03417, 0.03466, 0.03202, 0.03591], "cm5 charges": [-0.24263, 0.12793, -0.43468, 0.31627, -0.18857, -0.46118, 0.13331, -0.24336, -0.0729, 0.01192, -0.17622, 0.0704, -0.24516, -0.24463, -0.23556, 0.08235, 0.09221, 0.09724, 0.09887, 0.09116, 0.10088, 0.09044, 0.09012, 0.08274, 0.09401, 0.09242, 0.09892, 0.0855, 0.08565, 0.08639, 0.08571, 0.08468, 0.08654, 0.087, 0.08397, 0.08826], "FUKUI+": [0.01, 0.012, 0.009, -0.154, -0.155, -0.009, 0.013, 0.011, -0.287, 0.046, -0.118, -0.001, 0.017, 0.016, 0.011, -0.023, -0.014, -0.017, -0.007, -0.007, -0.02, -0.022, -0.014, -0.029, -0.015, -0.054, -0.057, -0.004, -0.03, -0.013, -0.004, -0.029, -0.013, -0.012, -0.025, -0.012], "FUKUI-": [0.008, 0.008, -0.0, -0.099, -0.272, 0.004, 0.011, 0.008, -0.092, 0.064, -0.304, 0.017, 0.018, 0.016, 0.018, -0.021, -0.011, -0.014, -0.007, -0.011, -0.01, -0.008, -0.012, -0.022, -0.011, -0.041, -0.046, -0.012, -0.036, -0.016, -0.011, -0.037, -0.016, -0.016, -0.032, -0.016], "FUKUIrad": [0.009, 0.01, 0.005, -0.126, -0.214, -0.003, 0.012, 0.01, -0.189, 0.055, -0.211, 0.008, 0.017, 0.016, 0.015, -0.022, -0.013, -0.015, -0.007, -0.009, -0.015, -0.015, -0.013, -0.026, -0.013, -0.047, -0.051, -0.008, -0.033, -0.014, -0.008, -0.033, -0.015, -0.014, -0.029, -0.014], "s proportion": [1.012, 0.993, 1.659, 1.517, 1.891, 1.654, 0.994, 1.012, 1.91, 1.041, 1.934, 1.098, 1.019, 1.02, 1.017, 0.969, 0.961, 0.956, 0.97, 0.973, 0.967, 0.974, 0.963, 0.968, 0.959, 0.967, 0.962, 0.967, 0.966, 0.966, 0.967, 0.967, 0.966, 0.965, 0.968, 0.964], "p proportion": [3.084, 2.801, 4.713, 2.025, 4.342, 4.743, 2.795, 3.084, 4.165, 2.874, 4.202, 2.813, 3.081, 3.081, 3.075, 0.0, 0.0, 0.0, 0.0, 0.0, 0.0, 0.0, 0.0, 0.0, 0.0, 0.0, 0.0, 0.0, 0.0, 0.0, 0.0, 0.0, 0.0, 0.0, 0.0, 0.0], "d proportion": [0.0, 0.0, 0.0, 1.081, -0.014, 0.0, 0.0, 0.0, -0.003, 0.0, -0.001, 0.0, 0.0, 0.0, 0.0, 0.0, 0.0, 0.0, 0.0, 0.0, 0.0, 0.0, 0.0, 0.0, 0.0, 0.0, 0.0, 0.0, 0.0, 0.0, 0.0, 0.0, 0.0, 0.0, 0.0, 0.0], "Fermi-level/eV": -8.3704, "Coordination numbers": [3.749, 3.891, 1.658, 3.905, 0.926, 1.657, 3.893, 3.749, 2.061, 3.795, 2.208, 3.888, 3.776, 3.78, 3.806, 0.924, 0.924, 0.924, 0.924, 0.924, 0.924, 0.924, 0.924, 0.924, 0.924, 0.925, 0.925, 0.924, 0.924, 0.924, 0.924, 0.924, 0.924, 0.924, 0.924, 0.924], "Dispersion coefficient C6": [22.704, 19.023, 18.271, 144.498, 156.128, 18.71, 18.901, 22.706, 145.419, 19.776, 148.703, 19.242, 22.574, 22.585, 22.605, 2.255, 2.265, 2.175, 2.356, 2.319, 2.383, 2.293, 2.282, 2.252, 2.222, 2.143, 2.205, 2.517, 2.361, 2.362, 2.483, 2.38, 2.313, 2.314, 2.352, 2.301], "Total dispersion C6": 16928.040057, "Total dispersion C8": 512076.261709, "Polarizability alpha": [6.796, 6.2, 5.77, 21.593, 21.134, 5.839, 6.18, 6.796, 20.296, 6.332, 20.524, 6.236, 6.769, 6.77, 6.768, 2.348, 2.354, 2.306, 2.401, 2.382, 2.414, 2.368, 2.362, 2.347, 2.331, 2.289, 2.322, 2.481, 2.403, 2.403, 2.464, 2.412, 2.378, 2.379, 2.398, 2.372], "Total polarizability alpha": 203.922246, "Wiberg matrix": [[0.0, 1.015147802910431, 0.0, 0.0, 0.0, 0.0, 0.0, 0.0, 0.0, 0.0, 0.0, 0.0, 0.0, 0.0, 0.0, 0.981425290323758, 0.9846507105438183, 0.9841001902999893, 0.0, 0.0, 0.0, 0.0, 0.0, 0.0, 0.0, 0.0, 0.0, 0.0, 0.0, 0.0, 0.0, 0.0, 0.0, 0.0, 0.0, 0.0], [1.015147802910431, 0.0, 0.9175442183323861, 0.0, 0.0, 0.0, 0.0, 0.0, 0.0, 0.0, 0.0, 0.0, 0.0, 0.0, 0.0, 0.0, 0.0, 0.0, 0.9663038216674331, 0.9711491474517392, 0.0, 0.0, 0.0, 0.0, 0.0, 0.0, 0.0, 0.0, 0.0, 0.0, 0.0, 0.0, 0.0, 0.0, 0.0, 0.0], [0.0, 0.9175442183323861, 0.0, 1.2585210857603217, 0.0, 0.0, 0.0, 0.0, 0.0, 0.0, 0.0, 0.0, 0.0, 0.0, 0.0, 0.0, 0.0, 0.0, 0.0, 0.0, 0.0, 0.0, 0.0, 0.0, 0.0, 0.0, 0.0, 0.0, 0.0, 0.0, 0.0, 0.0, 0.0, 0.0, 0.0, 0.0], [0.0, 0.0, 1.2585210857603217, 0.0, 1.592524610124122, 1.2070532455435332, 0.0, 0.0, 1.0315426458226191, 0.0, 0.0, 0.0, 0.0, 0.0, 0.0, 0.0, 0.0, 0.0, 0.0, 0.0, 0.0, 0.0, 0.0, 0.0, 0.0, 0.0, 0.0, 0.0, 0.0, 0.0, 0.0, 0.0, 0.0, 0.0, 0.0, 0.0], [0.0, 0.0, 0.0, 1.592524610124122, 0.0, 0.0, 0.0, 0.0, 0.13893668922493846, 0.0, 0.0, 0.0, 0.0, 0.0, 0.0, 0.0, 0.0, 0.0, 0.0, 0.0, 0.0, 0.0, 0.0, 0.0, 0.0, 0.0, 0.0, 0.0, 0.0, 0.0, 0.0, 0.0, 0.0, 0.0, 0.0, 0.0], [0.0, 0.0, 0.0, 1.2070532455435332, 0.0, 0.0, 0.9161476276510997, 0.0, 0.0, 0.0, 0.0, 0.0, 0.0, 0.0, 0.0, 0.0, 0.0, 0.0, 0.0, 0.0, 0.0, 0.0, 0.0, 0.0, 0.0, 0.0, 0.0, 0.0, 0.0, 0.0, 0.0, 0.0, 0.0, 0.0, 0.0, 0.0], [0.0, 0.0, 0.0, 0.0, 0.0, 0.9161476276510997, 0.0, 1.0154019586848915, 0.0, 0.0, 0.0, 0.0, 0.0, 0.0, 0.0, 0.0, 0.0, 0.0, 0.0, 0.0, 0.967187629046033, 0.9710602246738285, 0.0, 0.0, 0.0, 0.0, 0.0, 0.0, 0.0, 0.0, 0.0, 0.0, 0.0, 0.0, 0.0, 0.0], [0.0, 0.0, 0.0, 0.0, 0.0, 0.0, 1.0154019586848915, 0.0, 0.0, 0.0, 0.0, 0.0, 0.0, 0.0, 0.0, 0.0, 0.0, 0.0, 0.0, 0.0, 0.0, 0.0, 0.9849446453849444, 0.9809755783072371, 0.9846555722925421, 0.0, 0.0, 0.0, 0.0, 0.0, 0.0, 0.0, 0.0, 0.0, 0.0, 0.0], [0.0, 0.0, 0.0, 1.0315426458226191, 0.13893668922493846, 0.0, 0.0, 0.0, 0.0, 0.972894421414632, 0.0, 0.0, 0.0, 0.0, 0.0, 0.0, 0.0, 0.0, 0.0, 0.0, 0.0, 0.0, 0.0, 0.0, 0.0, 0.0, 0.0, 0.0, 0.0, 0.0, 0.0, 0.0, 0.0, 0.0, 0.0, 0.0], [0.0, 0.0, 0.0, 0.0, 0.0, 0.0, 0.0, 0.0, 0.972894421414632, 0.0, 0.9949532064889122, 0.0, 0.0, 0.0, 0.0, 0.0, 0.0, 0.0, 0.0, 0.0, 0.0, 0.0, 0.0, 0.0, 0.0, 0.9676879319979059, 0.9703973073409655, 0.0, 0.0, 0.0, 0.0, 0.0, 0.0, 0.0, 0.0, 0.0], [0.0, 0.0, 0.0, 0.0, 0.0, 0.0, 0.0, 0.0, 0.0, 0.9949532064889122, 0.0, 0.9347523762031942, 0.0, 0.0, 0.0, 0.0, 0.0, 0.0, 0.0, 0.0, 0.0, 0.0, 0.0, 0.0, 0.0, 0.0, 0.0, 0.0, 0.0, 0.0, 0.0, 0.0, 0.0, 0.0, 0.0, 0.0], [0.0, 0.0, 0.0, 0.0, 0.0, 0.0, 0.0, 0.0, 0.0, 0.0, 0.9347523762031942, 0.0, 1.004660063897328, 1.0047455055258703, 0.9981904854668973, 0.0, 0.0, 0.0, 0.0, 0.0, 0.0, 0.0, 0.0, 0.0, 0.0, 0.0, 0.0, 0.0, 0.0, 0.0, 0.0, 0.0, 0.0, 0.0, 0.0, 0.0], [0.0, 0.0, 0.0, 0.0, 0.0, 0.0, 0.0, 0.0, 0.0, 0.0, 0.0, 1.004660063897328, 0.0, 0.0, 0.0, 0.0, 0.0, 0.0, 0.0, 0.0, 0.0, 0.0, 0.0, 0.0, 0.0, 0.0, 0.0, 0.9829436491162036, 0.9781801017184777, 0.9849873292020583, 0.0, 0.0, 0.0, 0.0, 0.0, 0.0], [0.0, 0.0, 0.0, 0.0, 0.0, 0.0, 0.0, 0.0, 0.0, 0.0, 0.0, 1.0047455055258703, 0.0, 0.0, 0.0, 0.0, 0.0, 0.0, 0.0, 0.0, 0.0, 0.0, 0.0, 0.0, 0.0, 0.0, 0.0, 0.0, 0.0, 0.0, 0.9816348421951703, 0.9783742181173946, 0.984725598261225, 0.0, 0.0, 0.0], [0.0, 0.0, 0.0, 0.0, 0.0, 0.0, 0.0, 0.0, 0.0, 0.0, 0.0, 0.9981904854668973, 0.0, 0.0, 0.0, 0.0, 0.0, 0.0, 0.0, 0.0, 0.0, 0.0, 0.0, 0.0, 0.0, 0.0, 0.0, 0.0, 0.0, 0.0, 0.0, 0.0, 0.0, 0.9841675393006954, 0.978980079401444, 0.9837420077027204], [0.981425290323758, 0.0, 0.0, 0.0, 0.0, 0.0, 0.0, 0.0, 0.0, 0.0, 0.0, 0.0, 0.0, 0.0, 0.0, 0.0, 0.0, 0.0, 0.0, 0.0, 0.0, 0.0, 0.0, 0.0, 0.0, 0.0, 0.0, 0.0, 0.0, 0.0, 0.0, 0.0, 0.0, 0.0, 0.0, 0.0], [0.9846507105438183, 0.0, 0.0, 0.0, 0.0, 0.0, 0.0, 0.0, 0.0, 0.0, 0.0, 0.0, 0.0, 0.0, 0.0, 0.0, 0.0, 0.0, 0.0, 0.0, 0.0, 0.0, 0.0, 0.0, 0.0, 0.0, 0.0, 0.0, 0.0, 0.0, 0.0, 0.0, 0.0, 0.0, 0.0, 0.0], [0.9841001902999893, 0.0, 0.0, 0.0, 0.0, 0.0, 0.0, 0.0, 0.0, 0.0, 0.0, 0.0, 0.0, 0.0, 0.0, 0.0, 0.0, 0.0, 0.0, 0.0, 0.0, 0.0, 0.0, 0.0, 0.0, 0.0, 0.0, 0.0, 0.0, 0.0, 0.0, 0.0, 0.0, 0.0, 0.0, 0.0], [0.0, 0.9663038216674331, 0.0, 0.0, 0.0, 0.0, 0.0, 0.0, 0.0, 0.0, 0.0, 0.0, 0.0, 0.0, 0.0, 0.0, 0.0, 0.0, 0.0, 0.0, 0.0, 0.0, 0.0, 0.0, 0.0, 0.0, 0.0, 0.0, 0.0, 0.0, 0.0, 0.0, 0.0, 0.0, 0.0, 0.0], [0.0, 0.9711491474517392, 0.0, 0.0, 0.0, 0.0, 0.0, 0.0, 0.0, 0.0, 0.0, 0.0, 0.0, 0.0, 0.0, 0.0, 0.0, 0.0, 0.0, 0.0, 0.0, 0.0, 0.0, 0.0, 0.0, 0.0, 0.0, 0.0, 0.0, 0.0, 0.0, 0.0, 0.0, 0.0, 0.0, 0.0], [0.0, 0.0, 0.0, 0.0, 0.0, 0.0, 0.967187629046033, 0.0, 0.0, 0.0, 0.0, 0.0, 0.0, 0.0, 0.0, 0.0, 0.0, 0.0, 0.0, 0.0, 0.0, 0.0, 0.0, 0.0, 0.0, 0.0, 0.0, 0.0, 0.0, 0.0, 0.0, 0.0, 0.0, 0.0, 0.0, 0.0], [0.0, 0.0, 0.0, 0.0, 0.0, 0.0, 0.9710602246738285, 0.0, 0.0, 0.0, 0.0, 0.0, 0.0, 0.0, 0.0, 0.0, 0.0, 0.0, 0.0, 0.0, 0.0, 0.0, 0.0, 0.0, 0.0, 0.0, 0.0, 0.0, 0.0, 0.0, 0.0, 0.0, 0.0, 0.0, 0.0, 0.0], [0.0, 0.0, 0.0, 0.0, 0.0, 0.0, 0.0, 0.9849446453849444, 0.0, 0.0, 0.0, 0.0, 0.0, 0.0, 0.0, 0.0, 0.0, 0.0, 0.0, 0.0, 0.0, 0.0, 0.0, 0.0, 0.0, 0.0, 0.0, 0.0, 0.0, 0.0, 0.0, 0.0, 0.0, 0.0, 0.0, 0.0], [0.0, 0.0, 0.0, 0.0, 0.0, 0.0, 0.0, 0.9809755783072371, 0.0, 0.0, 0.0, 0.0, 0.0, 0.0, 0.0, 0.0, 0.0, 0.0, 0.0, 0.0, 0.0, 0.0, 0.0, 0.0, 0.0, 0.0, 0.0, 0.0, 0.0, 0.0, 0.0, 0.0, 0.0, 0.0, 0.0, 0.0], [0.0, 0.0, 0.0, 0.0, 0.0, 0.0, 0.0, 0.9846555722925421, 0.0, 0.0, 0.0, 0.0, 0.0, 0.0, 0.0, 0.0, 0.0, 0.0, 0.0, 0.0, 0.0, 0.0, 0.0, 0.0, 0.0, 0.0, 0.0, 0.0, 0.0, 0.0, 0.0, 0.0, 0.0, 0.0, 0.0, 0.0], [0.0, 0.0, 0.0, 0.0, 0.0, 0.0, 0.0, 0.0, 0.0, 0.9676879319979059, 0.0, 0.0, 0.0, 0.0, 0.0, 0.0, 0.0, 0.0, 0.0, 0.0, 0.0, 0.0, 0.0, 0.0, 0.0, 0.0, 0.0, 0.0, 0.0, 0.0, 0.0, 0.0, 0.0, 0.0, 0.0, 0.0], [0.0, 0.0, 0.0, 0.0, 0.0, 0.0, 0.0, 0.0, 0.0, 0.9703973073409655, 0.0, 0.0, 0.0, 0.0, 0.0, 0.0, 0.0, 0.0, 0.0, 0.0, 0.0, 0.0, 0.0, 0.0, 0.0, 0.0, 0.0, 0.0, 0.0, 0.0, 0.0, 0.0, 0.0, 0.0, 0.0, 0.0], [0.0, 0.0, 0.0, 0.0, 0.0, 0.0, 0.0, 0.0, 0.0, 0.0, 0.0, 0.0, 0.9829436491162036, 0.0, 0.0, 0.0, 0.0, 0.0, 0.0, 0.0, 0.0, 0.0, 0.0, 0.0, 0.0, 0.0, 0.0, 0.0, 0.0, 0.0, 0.0, 0.0, 0.0, 0.0, 0.0, 0.0], [0.0, 0.0, 0.0, 0.0, 0.0, 0.0, 0.0, 0.0, 0.0, 0.0, 0.0, 0.0, 0.9781801017184777, 0.0, 0.0, 0.0, 0.0, 0.0, 0.0, 0.0, 0.0, 0.0, 0.0, 0.0, 0.0, 0.0, 0.0, 0.0, 0.0, 0.0, 0.0, 0.0, 0.0, 0.0, 0.0, 0.0], [0.0, 0.0, 0.0, 0.0, 0.0, 0.0, 0.0, 0.0, 0.0, 0.0, 0.0, 0.0, 0.9849873292020583, 0.0, 0.0, 0.0, 0.0, 0.0, 0.0, 0.0, 0.0, 0.0, 0.0, 0.0, 0.0, 0.0, 0.0, 0.0, 0.0, 0.0, 0.0, 0.0, 0.0, 0.0, 0.0, 0.0], [0.0, 0.0, 0.0, 0.0, 0.0, 0.0, 0.0, 0.0, 0.0, 0.0, 0.0, 0.0, 0.0, 0.9816348421951703, 0.0, 0.0, 0.0, 0.0, 0.0, 0.0, 0.0, 0.0, 0.0, 0.0, 0.0, 0.0, 0.0, 0.0, 0.0, 0.0, 0.0, 0.0, 0.0, 0.0, 0.0, 0.0], [0.0, 0.0, 0.0, 0.0, 0.0, 0.0, 0.0, 0.0, 0.0, 0.0, 0.0, 0.0, 0.0, 0.9783742181173946, 0.0, 0.0, 0.0, 0.0, 0.0, 0.0, 0.0, 0.0, 0.0, 0.0, 0.0, 0.0, 0.0, 0.0, 0.0, 0.0, 0.0, 0.0, 0.0, 0.0, 0.0, 0.0], [0.0, 0.0, 0.0, 0.0, 0.0, 0.0, 0.0, 0.0, 0.0, 0.0, 0.0, 0.0, 0.0, 0.984725598261225, 0.0, 0.0, 0.0, 0.0, 0.0, 0.0, 0.0, 0.0, 0.0, 0.0, 0.0, 0.0, 0.0, 0.0, 0.0, 0.0, 0.0, 0.0, 0.0, 0.0, 0.0, 0.0], [0.0, 0.0, 0.0, 0.0, 0.0, 0.0, 0.0, 0.0, 0.0, 0.0, 0.0, 0.0, 0.0, 0.0, 0.9841675393006954, 0.0, 0.0, 0.0, 0.0, 0.0, 0.0, 0.0, 0.0, 0.0, 0.0, 0.0, 0.0, 0.0, 0.0, 0.0, 0.0, 0.0, 0.0, 0.0, 0.0, 0.0], [0.0, 0.0, 0.0, 0.0, 0.0, 0.0, 0.0, 0.0, 0.0, 0.0, 0.0, 0.0, 0.0, 0.0, 0.978980079401444, 0.0, 0.0, 0.0, 0.0, 0.0, 0.0, 0.0, 0.0, 0.0, 0.0, 0.0, 0.0, 0.0, 0.0, 0.0, 0.0, 0.0, 0.0, 0.0, 0.0, 0.0], [0.0, 0.0, 0.0, 0.0, 0.0, 0.0, 0.0, 0.0, 0.0, 0.0, 0.0, 0.0, 0.0, 0.0, 0.9837420077027204, 0.0, 0.0, 0.0, 0.0, 0.0, 0.0, 0.0, 0.0, 0.0, 0.0, 0.0, 0.0, 0.0, 0.0, 0.0, 0.0, 0.0, 0.0, 0.0, 0.0, 0.0]], "Born radii": [], "Atomic SASAs": [], "Solvent H bonds": [], "Total SASA": NaN, "Total FOD": 0.0, "FOD": [0.0, 0.0, 0.0, 0.0, 0.0, 0.0, 0.0, 0.0, 0.0, 0.0, 0.0, 0.0, 0.0, 0.0, 0.0, 0.0, 0.0, 0.0, 0.0, 0.0, 0.0, 0.0, 0.0, 0.0, 0.0, 0.0, 0.0, 0.0, 0.0, 0.0, 0.0, 0.0, 0.0, 0.0, 0.0, 0.0], "FOD s proportion": [0.0, 0.0, 0.0, 0.0, 0.0, 0.0, 0.0, 0.0, 0.0, 0.0, 0.0, 0.0, 0.0, 0.0, 0.0, 0.0, 0.0, 0.0, 0.0, 0.0, 0.0, 0.0, 0.0, 0.0, 0.0, 0.0, 0.0, 0.0, 0.0, 0.0, 0.0, 0.0, 0.0, 0.0, 0.0, 0.0], "FOD p proportion": [0.0, 0.0, 0.0, 0.0, 0.0, 0.0, 0.0, 0.0, 0.0, 0.0, 0.0, 0.0, 0.0, 0.0, 0.0, 0.0, 0.0, 0.0, 0.0, 0.0, 0.0, 0.0, 0.0, 0.0, 0.0, 0.0, 0.0, 0.0, 0.0, 0.0, 0.0, 0.0, 0.0, 0.0, 0.0, 0.0], "FOD d proportion": [0.0, 0.0, 0.0, 0.0, 0.0, 0.0, 0.0, 0.0, 0.0, 0.0, 0.0, 0.0, 0.0, 0.0, 0.0, 0.0, 0.0, 0.0, 0.0, 0.0, 0.0, 0.0, 0.0, 0.0, 0.0, 0.0, 0.0, 0.0, 0.0, 0.0, 0.0, 0.0, 0.0, 0.0, 0.0, 0.0], "coordinates": [["-5.23090", "1.32320", "-0.06560"], ["-3.72550", "1.38420", "0.09330"], ["-3.13060", "1.18480", "-1.17830"], ["-1.62090", "0.59060", "-1.27960"], ["-1.02690", "0.46760", "-3.13290"], ["-1.83880", "-0.87080", "-0.59610"], ["-2.70150", "-1.80970", "-1.22120"], ["-3.20560", "-2.77280", "-0.16590"], ["-0.41010", "1.66150", "0.06390"], ["1.14060", "0.74070", "-0.02510"], ["2.29010", "1.34470", "1.24430"], ["3.83690", "0.41870", "0.83100"], ["3.58910", "-1.09380", "0.80170"], ["4.40390", "0.89690", "-0.51100"], ["4.84430", "0.74190", "1.94640"], ["-5.73150", "1.48690", "0.89270"], ["-5.53660", "0.34930", "-0.46210"], ["-5.57530", "2.07980", "-0.77830"], ["-3.39660", "0.61840", "0.80220"], ["-3.43000", "2.36720", "0.47160"], ["-3.54770", "-1.30460", "-1.69670"], ["-2.13880", "-2.35460", "-1.98500"], ["-3.75440", "-2.23520", "0.61460"], ["-3.86560", "-3.52490", "-0.60700"], ["-2.36880", "-3.28060", "0.32510"], ["1.56450", "0.87460", "-1.02120"], ["0.92470", "-0.31620", "0.14550"], ["2.94680", "-1.39100", "-0.03370"], ["4.53360", "-1.63720", "0.67830"], ["3.13020", "-1.44820", "1.73180"], ["3.75370", "0.63770", "-1.35240"], ["5.37520", "0.42740", "-0.70820"], ["4.56100", "1.98170", "-0.52210"], ["4.48240", "0.41520", "2.92870"], ["5.79820", "0.23090", "1.76880"], ["5.06070", "1.81550", "2.00240"]], "bond_dist": [[0.0, 1.5149915412305117, 2.3808645362556855, 3.878478923495653, 5.273897671551849, 4.074482624824899, 4.189073660130602, 4.570461265561716, 4.834390321436613, 6.3981996491200555, 7.634247917116656, 9.15680122368068, 9.186212401746435, 9.654505885336649, 10.29056406277129, 1.0934975720137652, 1.0950552269178024, 1.0949868538023644, 2.1481332291084745, 2.1498280512636354, 3.5212188642570914, 5.174107808115328, 3.91215220179379, 5.065691627014026, 5.435001135234471, 6.876908788111123, 6.373665109652373, 8.61641900907796, 10.23048462292965, 8.989955390879311, 9.102131709110784, 10.66324292183199, 9.824628242839522, 10.204826964726056, 11.233841260227955, 10.50885406930746], [1.5149915412305117, 0.0, 1.4179678875066246, 2.6351463963127357, 4.304760615876335, 3.0199228880883693, 3.6024274399354668, 4.197395579403971, 3.3271063719093803, 4.909892057876629, 6.1248513949319605, 7.659391966729474, 7.755365092631037, 8.16638133692029, 8.79135944777598, 2.1618565285420765, 2.158603803387736, 2.15993193411274, 1.0941499257414409, 1.0939470462504113, 3.2350205996252948, 4.562408708127759, 3.656862761986017, 4.960777248577083, 4.86361235811408, 5.430092302162091, 4.951610348159475, 7.227548085623505, 8.81384228188819, 7.596564651209124, 7.654132438101656, 9.185891844562509, 8.330774613443818, 8.737738641662386, 9.738493868663674, 9.0015550289936], [2.3808645362556855, 1.4179678875066246, 0.0, 1.6255858697712648, 2.9597957176129572, 2.496636825811876, 3.0253921183873014, 4.0857283952803325, 3.0284358966304703, 4.446374308355067, 5.939574669957437, 7.291793465945124, 7.366599354519017, 7.569469330805165, 8.57665089122788, 3.338410732669064, 2.6457208261643936, 2.6339292112735304, 2.0770039022592135, 2.0517992421287223, 2.576785464488652, 3.76321464840899, 3.9115235970143396, 4.800821052695049, 4.772876277466241, 4.707957992590843, 4.522267741963096, 6.6992272360325265, 8.375596050431277, 7.389112778270474, 6.908199165484446, 8.552384603723105, 7.760564322908483, 8.684325083735638, 9.450862027349674, 8.809769047483595], [3.878478923495653, 2.6351463963127357, 1.6255858697712648, 0.0, 1.9500476635200483, 1.6279872911051856, 2.632973036322248, 3.8812448183540296, 2.1018695725472596, 3.0368046545670335, 4.715364145005134, 5.854208982433066, 5.857739585369087, 6.081346947017576, 7.226948092383118, 4.734899506853339, 4.007397962518821, 4.255149549663326, 2.7363798292634742, 3.0815340027330547, 2.7346505608578218, 3.0724603512494673, 4.015589810974223, 4.735864134453183, 4.256830504025266, 3.2084575297173563, 3.0550410160912733, 5.132532382752203, 6.831861788707379, 5.983158581384919, 5.375299378639296, 7.0212924315969065, 6.381602703866795, 7.415579878876634, 8.029020579124206, 7.544248310468048], [5.273897671551849, 4.304760615876335, 2.9597957176129572, 1.9500476635200483, 0.0, 2.9809143580451956, 3.412473785979901, 4.904081448140926, 3.467761481128712, 3.798823594219663, 5.561625054783899, 6.274666912275104, 6.26310650715761, 6.045845411520212, 7.7682377937341744, 6.275164460793039, 5.242572042423451, 5.369476004229836, 4.59600160356804, 4.730305489077846, 3.3996758551367803, 3.2432713207500847, 5.365458073641056, 5.511664426468651, 5.273278188186168, 3.3675331995393902, 3.894995707314708, 5.371194121422163, 7.062194328252374, 6.679601495598371, 5.104238495603433, 6.845996679812225, 6.350858356159424, 8.191344627715281, 8.406228630604808, 8.077562395921186], [4.074482624824899, 3.0199228880883693, 2.496636825811876, 1.6279872911051856, 2.9809143580451956, 0.0, 1.4200473618862155, 2.3813479964087567, 2.9814974392073528, 3.435083348333778, 5.034215690651325, 5.992745209834972, 5.609427087501896, 6.488706233911349, 7.330002261254767, 4.788359637704754, 3.8961936361017786, 4.764521953984471, 2.568988199661493, 3.762518402612803, 2.0784229622480597, 2.0544356037607994, 2.645166386071016, 3.3395035349584528, 2.6337512183196043, 3.8483219797724826, 2.91452980255821, 4.846531662952384, 6.543618729724402, 5.517560164601742, 5.84154244955902, 7.33073568272653, 7.007115832494851, 7.350889774714351, 8.070332328968863, 7.846751569280118], [4.189073660130602, 3.6024274399354668, 3.0253921183873014, 2.632973036322248, 3.412473785979901, 1.4200473618862155, 0.0, 1.5150368015332172, 4.353300519146364, 4.764129278262713, 6.398828030975673, 7.206106157974638, 6.64652432328356, 7.636542199189368, 8.572248827466455, 4.9514689507256335, 3.6435293082394713, 4.856243105529212, 3.236198569309368, 4.565389107184622, 1.0942032260965056, 1.0940464980977729, 2.1586593756310886, 2.162008670195381, 2.159925876042972, 5.044226649348738, 4.153039559166274, 5.786947280734464, 7.482280969731088, 6.546725604452962, 6.904823476382289, 8.396479518226672, 8.222369550196584, 8.589544180572098, 9.238454873516458, 9.15343765150558], [4.570461265561716, 4.197395579403971, 4.0857283952803325, 3.8812448183540296, 4.904081448140926, 2.3813479964087567, 1.5150368015332172, 0.0, 5.246965292433332, 5.59052424464826, 7.010362956366809, 7.795914834706701, 7.065637894061655, 8.455192626427857, 9.034147297338027, 5.0641730677377135, 3.9075316825331052, 5.4349092549922124, 3.53184598333506, 5.184241661998407, 2.148486046033346, 2.149901925670099, 1.095160011139925, 1.093537205585617, 1.0950689841283974, 6.06538695055806, 4.815727526552972, 6.3070495352422915, 7.867495004129332, 6.745234769079576, 7.840353881681616, 9.174175601654898, 9.113299306508045, 8.87948405933588, 9.686779249058997, 9.699780279470252], [4.834390321436613, 3.3271063719093803, 3.0284358966304703, 2.1018695725472596, 3.467761481128712, 2.9814974392073528, 4.353300519146364, 5.246965292433332, 0.0, 1.8056755328685161, 2.963914040588896, 4.491102676403647, 4.912191727732133, 4.908127868138727, 5.656694243990919, 5.3883849676874425, 5.317851736368738, 5.250101596159832, 3.2484345075743795, 3.1279430605431426, 4.662831256865296, 4.828607885301932, 5.164482923778527, 6.268120293995641, 5.3225072606808155, 2.3865663158605086, 2.3873933253655544, 4.538288181682605, 5.974870604456636, 4.998584658680895, 4.515672991924903, 5.965638047183219, 5.015751115236879, 5.804903012109677, 6.595171662663527, 5.806130457542269], [6.3981996491200555, 4.909892057876629, 4.446374308355067, 3.0368046545670335, 3.798823594219663, 3.435083348333778, 4.764129278262713, 5.59052424464826, 1.8056755328685161, 0.0, 1.8159137121570503, 2.8472135325612653, 3.1692492391732148, 3.3029720162302314, 4.195736810144315, 6.973157799017601, 6.702921959861983, 6.8893985122069985, 4.613628335702823, 4.876740458544006, 5.381231786496471, 4.916965981171723, 5.764219105828646, 6.602725907532434, 5.348773886602424, 1.0907958699958487, 1.0921331329100863, 2.79402528442389, 4.202574088579522, 3.4404198842583154, 2.9326823728457194, 4.3007696590261615, 3.672359753618918, 4.471969580621049, 5.017091887737357, 4.542371109894039], [7.634247917116656, 6.1248513949319605, 5.939574669957437, 4.715364145005134, 5.561625054783899, 5.034215690651325, 6.398828030975673, 7.010362956366809, 2.963914040588896, 1.8159137121570503, 0.0, 1.8495629564845855, 2.7981383114492395, 2.783837885006956, 2.716661533941981, 8.030560999083438, 8.07216544738771, 8.15449568826914, 5.7499148680654395, 5.86192080720987, 7.053238995667168, 6.612741805786764, 7.053239422421444, 8.064301478739495, 6.629002786241683, 2.424866928307613, 2.414594667848001, 3.0900798339201527, 3.7743046856341635, 2.95697728601354, 3.0634661496416116, 3.764510266953725, 2.946680296537105, 2.9167366867785653, 3.7178510325186505, 2.910771823760839], [9.15680122368068, 7.659391966729474, 7.291793465945124, 5.854208982433066, 6.274666912275104, 5.992745209834972, 7.206106157974638, 7.795914834706701, 4.491102676403647, 2.8472135325612653, 1.8495629564845855, 0.0, 1.5329447413393609, 1.5333389188304067, 1.5373451661874764, 9.628039088516417, 9.462527475257337, 9.692193174921764, 7.236313410846712, 7.5321747337671345, 7.993206324123005, 7.164498543513007, 8.044740509177409, 8.772019790789349, 7.242338558090197, 2.9668655867767253, 3.0807299622005173, 2.1943104133189544, 2.1761050043598535, 2.1900185250358044, 2.1959323304692244, 2.1761386031225127, 2.190472419365284, 2.194772833347452, 2.182071348512692, 2.1956581336811065], [9.186212401746435, 7.755365092631037, 7.366599354519017, 5.857739585369087, 6.26310650715761, 5.609427087501896, 6.64652432328356, 7.065637894061655, 4.912191727732133, 3.1692492391732148, 2.7981383114492395, 1.5329447413393609, 0.0, 2.5199140501215513, 2.501131667865568, 9.671705012561125, 9.325134237103507, 9.826208033621109, 7.19247061724968, 7.8329593270998155, 7.564413621689391, 6.493392945140468, 7.434029366366534, 7.96663260041531, 6.364417821765004, 3.3610367641547754, 2.8520672432465544, 1.0948836878865262, 1.0966272703156708, 1.0960267241267432, 2.7686336377354084, 2.7899821970758167, 3.486507751317929, 2.7566637245046777, 2.751406060544317, 3.4743795906607557], [9.654505885336649, 8.16638133692029, 7.569469330805165, 6.081346947017576, 6.045845411520212, 6.488706233911349, 7.636542199189368, 8.455192626427857, 4.908127868138727, 3.3029720162302314, 2.783837885006956, 1.5333389188304067, 2.5199140501215513, 0.0, 2.5013580151589654, 10.249136883172163, 9.955691699726342, 10.052618282815677, 7.9151662484119685, 8.031019490699796, 8.33549214503859, 7.453311447940439, 8.81106603425488, 9.37796147838111, 8.001252073894436, 2.8849599113332585, 3.7426509989578243, 2.7541681339380863, 2.8023060842813012, 3.485965797307828, 1.094485559521002, 1.096695846622937, 1.0961727327387778, 3.474152159880163, 2.7541090265274537, 2.755429505539926], [10.29056406277129, 8.79135944777598, 8.57665089122788, 7.226948092383118, 7.7682377937341744, 7.330002261254767, 8.572248827466455, 9.034147297338027, 5.656694243990919, 4.195736810144315, 2.716661533941981, 1.5373451661874764, 2.501131667865568, 2.5013580151589654, 0.0, 10.654241142850108, 10.663868520382273, 10.85274300165631, 8.32087006868873, 8.560413285583822, 9.374753535960291, 8.591152647927982, 9.196437209050034, 10.029346529560138, 8.416527285644595, 4.425081591338175, 4.441405248342015, 3.474271818669345, 2.713803402975241, 2.789395988381714, 3.4759671229745543, 2.7253745100444453, 2.7768426638900516, 1.0966393162749546, 1.0966257201069105, 1.096622961641785], [1.0934975720137652, 2.1618565285420765, 3.338410732669064, 4.734899506853339, 6.275164460793039, 4.788359637704754, 4.9514689507256335, 5.0641730677377135, 5.3883849676874425, 6.973157799017601, 8.030560999083438, 9.628039088516417, 9.671705012561125, 10.249136883172163, 10.654241142850108, 0.0, 1.7797760561374008, 1.7799353499495425, 2.4928378427005637, 2.499831104294848, 4.389356108815962, 5.995479366155804, 4.223777033651279, 5.5541715979973105, 5.861653120067751, 7.567664137631901, 6.936459896085322, 9.189853984694208, 10.732112847897193, 9.372759876898586, 9.784203273133688, 11.271388820815295, 10.401059673417897, 10.46984193290424, 11.63095306928886, 10.854077247283621], [1.0950552269178024, 2.158603803387736, 2.6457208261643936, 4.007397962518821, 5.242572042423451, 3.8961936361017786, 3.6435293082394713, 3.9075316825331052, 5.317851736368738, 6.702921959861983, 8.07216544738771, 9.462527475257337, 9.325134237103507, 9.955691699726342, 10.663868520382273, 1.7797760561374008, 0.0, 1.7595767616105868, 2.500093858238126, 3.062920119755003, 2.866242414730478, 4.601667573825819, 3.318909456432941, 4.221689549220786, 4.881681543279939, 7.142419345711927, 6.523838264396198, 8.670654312680213, 10.327420900205434, 9.119080309987405, 9.337316677718498, 10.914854284872519, 10.22887361931899, 10.577439598031274, 11.552862173937678, 10.97844569964255], [1.0949868538023644, 2.15993193411274, 2.6339292112735304, 4.255149549663326, 5.369476004229836, 4.764521953984471, 4.856243105529212, 5.4349092549922124, 5.250101596159832, 6.8893985122069985, 8.15449568826914, 9.692193174921764, 9.826208033621109, 10.052618282815677, 10.85274300165631, 1.7799353499495425, 1.7595767616105868, 0.0, 3.0627445045253125, 2.4994321074996217, 4.050775688679886, 5.738428399832136, 4.886212461610731, 5.862173647206299, 6.342950572880102, 7.244877603520988, 6.988864173812509, 9.231850855056097, 10.868653631890199, 9.722814215030544, 9.457245065028188, 11.074691418725852, 10.140011821492124, 10.847583668725493, 11.800959785966564, 10.996665084469926], [2.1481332291084745, 1.0941499257414409, 2.0770039022592135, 2.7363798292634742, 4.59600160356804, 2.568988199661493, 3.236198569309368, 3.53184598333506, 3.2484345075743795, 4.613628335702823, 5.7499148680654395, 7.236313410846712, 7.19247061724968, 7.9151662484119685, 8.32087006868873, 2.4928378427005637, 2.500093858238126, 3.0627445045253125, 0.0, 1.780088020295626, 3.1567802299178194, 4.264888472164308, 2.8820561340820543, 4.401447549386452, 4.060319968918706, 5.291780344080808, 4.469716516737947, 6.706350775943649, 8.24567490324473, 6.908987621931305, 7.467895536227056, 8.902935718065137, 8.1814274512459, 8.163451077209931, 9.253584108333374, 8.625511679894705], [2.1498280512636354, 1.0939470462504113, 2.0517992421287223, 3.0815340027330547, 4.730305489077846, 3.762518402612803, 4.565389107184622, 5.184241661998407, 3.1279430605431426, 4.876740458544006, 5.86192080720987, 7.5321747337671345, 7.8329593270998155, 8.031019490699796, 8.560413285583822, 2.499831104294848, 3.062920119755003, 2.4994321074996217, 1.780088020295626, 0.0, 4.2658520157173765, 5.476995183492496, 4.616034025004581, 6.005827813882113, 5.748500024354179, 5.4222999594268115, 5.125464745757208, 7.419095198877017, 8.916101682349748, 7.692958159251875, 7.610761587384012, 9.093200708221502, 8.061769715143194, 8.511974986452909, 9.560657967420441, 8.645213011834931], [3.5212188642570914, 3.2350205996252948, 2.576785464488652, 2.7346505608578218, 3.3996758551367803, 2.0784229622480597, 1.0942032260965056, 2.148486046033346, 4.662831256865296, 5.381231786496471, 7.053238995667168, 7.993206324123005, 7.564413621689391, 8.33549214503859, 9.374753535960291, 4.389356108815962, 2.866242414730478, 4.050775688679886, 3.1567802299178194, 4.2658520157173765, 0.0, 1.78062239118798, 2.5001697822347984, 2.4936396271313943, 3.0630142751871077, 5.598196292557095, 4.93690157487467, 6.704592769885432, 8.429629733861386, 7.5079678755306345, 7.563168234278542, 9.143035637029968, 8.827823544906183, 9.42520786030738, 10.085301052026162, 9.87536912626561], [5.174107808115328, 4.562408708127759, 3.76321464840899, 3.0724603512494673, 3.2432713207500847, 2.0544356037607994, 1.0940464980977729, 2.149901925670099, 4.828607885301932, 4.916965981171723, 6.612741805786764, 7.164498543513007, 6.493392945140468, 7.453311447940439, 8.591152647927982, 5.995479366155804, 4.601667573825819, 5.738428399832136, 4.264888472164308, 5.476995183492496, 1.78062239118798, 0.0, 3.063060541354023, 2.5000648651585027, 2.4993875269753594, 5.007102352658671, 4.251956850674757, 5.531674611724735, 7.220024335831562, 6.511414915362098, 6.6389455713991214, 8.113565075846745, 8.113623983153273, 8.698076176373716, 9.152693247891573, 9.226152666198407], [3.91215220179379, 3.656862761986017, 3.9115235970143396, 4.015589810974223, 5.365458073641056, 2.645166386071016, 2.1586593756310886, 1.095160011139925, 5.164482923778527, 5.764219105828646, 7.053239422421444, 8.044740509177409, 7.434029366366534, 8.81106603425488, 9.196437209050034, 4.223777033651279, 3.318909456432941, 4.886212461610731, 2.8820561340820543, 4.616034025004581, 2.5001697822347984, 3.063060541354023, 0.0, 1.7798871003521546, 1.7597041711605963, 6.374746653005122, 5.079034614963754, 6.785208027024669, 8.30978975004783, 7.018918862616949, 8.276122825333129, 9.601501692964492, 9.392561400384883, 8.956816019657879, 9.933075737655482, 9.800007517344055], [5.065691627014026, 4.960777248577083, 4.800821052695049, 4.735864134453183, 5.511664426468651, 3.3395035349584528, 2.162008670195381, 1.093537205585617, 6.268120293995641, 6.602725907532434, 8.064301478739495, 8.772019790789349, 7.96663260041531, 9.37796147838111, 10.029346529560138, 5.5541715979973105, 4.221689549220786, 5.862173647206299, 4.401447549386452, 6.005827813882113, 2.4936396271313943, 2.5000648651585027, 1.7798871003521546, 0.0, 1.7801413258502823, 7.000939072724458, 5.814549512215027, 7.1617732343324025, 8.70413511039437, 7.663151177550916, 8.714160453537678, 10.051034840751473, 10.066649846398752, 9.885072913236401, 10.636704833734928, 10.72416300743326], [5.435001135234471, 4.86361235811408, 4.772876277466241, 4.256830504025266, 5.273278188186168, 2.6337512183196043, 2.159925876042972, 1.0950689841283974, 5.3225072606808155, 5.348773886602424, 6.629002786241683, 7.242338558090197, 6.364417821765004, 8.001252073894436, 8.416527285644595, 5.861653120067751, 4.881681543279939, 6.342950572880102, 4.060319968918706, 5.748500024354179, 3.0630142751871077, 2.4993875269753594, 1.7597041711605963, 1.7801413258502823, 0.0, 5.877844810812889, 4.434756562653694, 5.652869091001489, 7.104128346250509, 5.964519733390107, 7.460032666818558, 8.647919338777392, 8.74252121358593, 8.208325775698722, 9.006375016620172, 9.164117019658795], [6.876908788111123, 5.430092302162091, 4.707957992590843, 3.2084575297173563, 3.3675331995393902, 3.8483219797724826, 5.044226649348738, 6.06538695055806, 2.3865663158605086, 1.0907958699958487, 2.424866928307613, 2.9668655867767253, 3.3610367641547754, 2.8849599113332585, 4.425081591338175, 7.567664137631901, 7.142419345711927, 7.244877603520988, 5.291780344080808, 5.4222999594268115, 5.598196292557095, 5.007102352658671, 6.374746653005122, 7.000939072724458, 5.877844810812889, 0.0, 1.7856476612142722, 2.8317579169130966, 4.244171803779861, 3.927572447454025, 2.2267491304590195, 3.849596255453292, 3.2332311191747487, 4.9322306089638595, 5.111033689969183, 4.7170821712155915], [6.373665109652373, 4.951610348159475, 4.522267741963096, 3.0550410160912733, 3.894995707314708, 2.91452980255821, 4.153039559166274, 4.815727526552972, 2.3873933253655544, 1.0921331329100863, 2.414594667848001, 3.0807299622005173, 2.8520672432465544, 3.7426509989578243, 4.441405248342015, 6.936459896085322, 6.523838264396198, 6.988864173812509, 4.469716516737947, 5.125464745757208, 4.93690157487467, 4.251956850674757, 5.079034614963754, 5.814549512215027, 4.434756562653694, 1.7856476612142722, 0.0, 2.2969971898110804, 3.8798293841353386, 2.94312791770932, 3.3401902071588676, 4.592242905160833, 4.353011814824306, 4.57584718822646, 5.165793603116563, 5.009862123851314], [8.61641900907796, 7.227548085623505, 6.6992272360325265, 5.132532382752203, 5.371194121422163, 4.846531662952384, 5.786947280734464, 6.3070495352422915, 4.538288181682605, 2.79402528442389, 3.0900798339201527, 2.1943104133189544, 1.0948836878865262, 2.7541681339380863, 3.474271818669345, 9.189853984694208, 8.670654312680213, 9.231850855056097, 6.706350775943649, 7.419095198877017, 6.704592769885432, 5.531674611724735, 6.785208027024669, 7.1617732343324025, 5.652869091001489, 2.8317579169130966, 2.2969971898110804, 0.0, 1.7565570528736034, 1.775921633969247, 2.550623647267468, 3.1078377322505113, 3.770846256478776, 3.794237678374933, 3.742999842372425, 4.346943600968387], [10.23048462292965, 8.81384228188819, 8.375596050431277, 6.831861788707379, 7.062194328252374, 6.543618729724402, 7.482280969731088, 7.867495004129332, 5.974870604456636, 4.202574088579522, 3.7743046856341635, 2.1761050043598535, 1.0966272703156708, 2.8023060842813012, 2.713803402975241, 10.732112847897193, 10.327420900205434, 10.868653631890199, 8.24567490324473, 8.916101682349748, 8.429629733861386, 7.220024335831562, 8.30978975004