{"total energy": -27.199733, "HOMO-LUMO gap/eV": 6.95996119, "electronic energy": -27.5271666, "dipole": [-0.840245, 0.43562641, 0.26475762], "partial charges": [-0.10078916, -0.05240511, -0.0590426, -0.05861602, -0.06048059, -0.06315092, 0.03325872, -0.21299829, 0.03305511, 0.03288884, 0.03304061, 0.02997661, 0.02999926, 0.03163492, 0.03165946, 0.03357549, 0.03357564, 0.03361277, 0.03361891, 0.05035208, 0.0503581, 0.05843484, 0.05844133], "atomic dipole moments": [[0.08038852, -0.05561229, -0.0318791], [0.01364183, 0.10151295, 0.04646875], [-0.0032649, -0.1020844, -0.04746621], [0.02061229, 0.10369414, 0.04701627], [0.006931, -0.10610837, -0.05016951], [0.03689943, 0.11848913, 0.05275372], [0.09274193, -0.15700989, -0.08015508], [-0.09326118, 0.06709722, 0.03814731], [-0.00687254, 0.1100396, -0.06103954], [-0.10651304, -0.06172352, -0.02113353], [0.00654682, 0.02364754, 0.12361772], [-0.00352947, -0.10880073, 0.05862582], [-0.01652031, -0.02529982, -0.11987474], [-0.00013926, 0.10994963, -0.05788451], [0.01282323, 0.02642939, 0.12072811], [-0.00027138, -0.11013262, 0.05811631], [-0.01324429, -0.02634422, -0.12097688], [0.01235488, 0.02623285, 0.12078026], [-0.00063189, 0.10987079, -0.05796493], [-0.01450745, -0.02704009, -0.12350761], [-0.00121247, -0.11257151, 0.05933775], [0.00571761, 0.11392043, -0.063975], [0.01960267, 0.0246405, 0.12693498]], "atomic quadrupole moments": [[0.10545007, -0.14455807, -0.01275283, -0.08467923, 0.06501585, -0.09269724], [0.22769467, -0.01237695, -0.03752649, -0.03960145, 0.09428678, -0.19016817], [0.23285912, -0.00995888, -0.03641833, -0.03938167, 0.09840511, -0.19644079], [0.23660578, 0.00492082, -0.03754776, -0.03276056, 0.09767676, -0.19905802], [0.22983481, -0.02283939, -0.0344407, -0.04521424, 0.10052578, -0.1953941], [0.24885502, 0.00958291, -0.03664504, -0.03281215, 0.10566281, -0.21220998], [0.29909124, -0.20220442, -0.02777829, -0.14259395, 0.17079973, -0.27131295], [0.2206401, -0.3585573, -0.01593115, -0.20496265, 0.15527874, -0.20470895], [-0.03886787, -0.00231455, 0.04651984, -0.013516, -0.05450348, -0.00765197], [0.04730101, 0.04902297, -0.00142918, 0.0155255, 0.02138252, -0.04587183], [-0.03451658, -0.00958631, -0.04021452, 0.01938306, 0.01894518, 0.0747311], [-0.0170935, -0.00497238, 0.02507921, -0.00010793, -0.04497957, -0.00798571], [-0.01678598, -0.00107401, -0.03891709, 0.00444467, 0.00853382, 0.05570306], [-0.02048503, -0.00179253, 0.02520104, -0.00081101, -0.04465859, -0.00471601], [-0.01955053, -4.302e-05, -0.03648696, 0.00790174, 0.0070537, 0.05603749], [-0.01982509, -0.00271418, 0.0248388, -0.00061082, -0.0442557, -0.0050137], [-0.01904618, -0.00043415, -0.03644117, 0.00694979, 0.00710775, 0.05548735], [-0.01955859, 1.21e-06, -0.03598343, 0.00827956, 0.00698366, 0.05554201], [-0.02058838, -0.00141207, 0.02506399, -0.00100938, -0.04425975, -0.00447561], [-0.01922333, -0.00080424, -0.03383453, 0.00511519, 0.00615282, 0.05305786], [-0.01962534, -0.00393711, 0.02338416, 0.00028707, -0.0417308, -0.00375883], [-0.00941495, -0.00439248, 0.01480257, -0.00744658, -0.03611764, -0.00538761], [-0.0075463, -0.00669542, -0.03348708, 0.00714062, 0.00463652, 0.04103338]], "number of molecular orbitals": 52, "number of electrons": 50, "number of unpaired electrons": 0, "orbital energies/eV": [-28.51018104, -17.48694563, -17.1081665, -16.79408052, -16.27972682, -15.7695718, -15.41969659, -15.21500286, -14.70765337, -14.21035201, -14.02421842, -13.90283707, -13.629958, -13.41233714, -13.06133376, -12.87692772, -12.70862826, -12.33141395, -12.20755152, -11.96001909, -11.80818168, -11.7430527, -11.58021559, -11.13662668, -11.12723245, -4.16727127, 0.42932983, 0.67249961, 0.8358739, 0.8462675, 1.52876237, 2.26888119, 2.44425056, 2.77023584, 3.3872199, 3.39332601, 3.54912039, 3.5750584, 4.25291371, 4.38712601, 4.61918125, 4.67735465, 4.84149927, 5.02911677, 5.72844453, 5.85459507, 6.20346288, 6.78575782, 6.90576484, 7.16606944, 7.67542859, 8.26097056], "fractional occupation": [2.0, 2.0, 2.0, 2.0, 2.0, 2.0, 2.0, 2.0, 2.0, 2.0, 2.0, 2.0, 2.0, 2.0, 2.0, 2.0, 2.0, 2.0, 2.0, 2.0, 2.0, 2.0, 2.0, 2.0, 2.0, 0.0, 0.0, 0.0, 0.0, 0.0, 0.0, 0.0, 0.0, 0.0, 0.0, 0.0, 0.0, 0.0, 0.0, 0.0, 0.0, 0.0, 0.0, 0.0, 0.0, 0.0, 0.0, 0.0, 0.0, 0.0, 0.0, 0.0], "program call": "xtb /home/svss/Project-DBcg-Debug/aqme2_20220329/End-to-End-workflows-final/example-3/QDESCP/mol_285_rdkit_conf_1/mol_285_rdkit_conf_1.xyz --pop --wbo --acc 0.2 --gfn 2 --chrg 0 --uhf 0 --etemp 300 --input /home/svss/Project-DBcg-Debug/aqme2_20220329/End-to-End-workflows-final/example-3/QDESCP/mol_285_rdkit_conf_1/mol_285_rdkit_conf_1_xtb.inp", "method": "GFN2-xTB", "xtb version": "6.3.3 (7355c4f)", "Dipole module/D": 2.498, "Total charge": 0, "Transition dipole module/D": NaN, "HOMO": -11.1272, "LUMO": -4.1673, "HOMO occupancy": 2.0, "LUMO occupancy": 0, "mulliken charges": [-0.08343, -0.03834, -0.04662, -0.04435, -0.04581, -0.05218, 0.07198, -0.16581, 0.02715, 0.02921, 0.02714, 0.02285, 0.02287, 0.02342, 0.02344, 0.02491, 0.02491, 0.02449, 0.02449, 0.03272, 0.03272, 0.03211, 0.03212], "cm5 charges": [-0.23375, -0.15084, -0.15725, -0.15503, -0.15637, -0.16102, -0.03125, -0.17543, 0.07844, 0.07999, 0.07843, 0.07755, 0.07758, 0.07876, 0.07878, 0.08026, 0.08026, 0.07985, 0.07985, 0.08828, 0.08828, 0.0873, 0.08731], "FUKUI+": [0.006, 0.003, 0.005, 0.006, 0.01, 0.035, -0.04, -0.445, -0.007, -0.013, -0.007, -0.007, -0.007, -0.012, -0.012, -0.018, -0.018, -0.033, -0.033, -0.06, -0.06, -0.146, -0.146], "FUKUI-": [0.018, 0.006, 0.008, 0.009, 0.008, 0.011, 0.029, -0.277, -0.059, -0.055, -0.059, -0.077, -0.077, -0.065, -0.065, -0.043, -0.043, -0.033, -0.033, -0.038, -0.038, -0.065, -0.065], "FUKUIrad": [0.012, 0.004, 0.007, 0.007, 0.009, 0.023, -0.005, -0.361, -0.033, -0.034, -0.033, -0.042, -0.042, -0.038, -0.038, -0.03, -0.03, -0.033, -0.033, -0.049, -0.049, -0.106, -0.106], "s proportion": [1.007, 1.027, 1.032, 1.032, 1.033, 1.036, 1.043, 1.949, 0.973, 0.971, 0.973, 0.977, 0.977, 0.977, 0.977, 0.975, 0.975, 0.976, 0.976, 0.967, 0.967, 0.968, 0.968], "p proportion": [3.076, 3.011, 3.014, 3.012, 3.013, 3.016, 2.885, 5.232, 0.0, 0.0, 0.0, 0.0, 0.0, 0.0, 0.0, 0.0, 0.0, 0.0, 0.0, 0.0, 0.0, 0.0, 0.0], "d proportion": [0.0, 0.0, 0.0, 0.0, 0.0, 0.0, 0.0, -0.016, 0.0, 0.0, 0.0, 0.0, 0.0, 0.0, 0.0, 0.0, 0.0, 0.0, 0.0, 0.0, 0.0, 0.0, 0.0], "Fermi-level/eV": -7.6473, "Coordination numbers": [3.75, 3.8, 3.802, 3.802, 3.802, 3.831, 3.714, 0.92, 0.924, 0.924, 0.924, 0.924, 0.924, 0.924, 0.924, 0.924, 0.924, 0.924, 0.924, 0.924, 0.924, 0.924, 0.924], "Dispersion coefficient C6": [22.488, 21.515, 21.635, 21.628, 21.662, 21.688, 20.138, 105.86, 2.544, 2.546, 2.544, 2.587, 2.587, 2.563, 2.563, 2.536, 2.536, 2.536, 2.536, 2.316, 2.316, 2.217, 2.217], "Total dispersion C6": 4392.472085, "Total dispersion C8": 104188.789558, "Polarizability alpha": [6.763, 6.604, 6.622, 6.621, 6.626, 6.626, 6.412, 15.741, 2.494, 2.495, 2.494, 2.515, 2.515, 2.504, 2.504, 2.491, 2.491, 2.49, 2.49, 2.38, 2.38, 2.329, 2.329], "Total polarizability alpha": 98.91524, "Wiberg matrix": [[0.0, 1.0201722903860264, 0.0, 0.0, 0.0, 0.0, 0.0, 0.0, 0.987651349783497, 0.9872593534654605, 0.9876531500482941, 0.0, 0.0, 0.0, 0.0, 0.0, 0.0, 0.0, 0.0, 0.0, 0.0, 0.0, 0.0], [1.0201722903860264, 0.0, 1.00767774564991, 0.0, 0.0, 0.0, 0.0, 0.0, 0.0, 0.0, 0.0, 0.9779861028838207, 0.9779911517893218, 0.0, 0.0, 0.0, 0.0, 0.0, 0.0, 0.0, 0.0, 0.0, 0.0], [0.0, 1.00767774564991, 0.0, 1.0068939549802376, 0.0, 0.0, 0.0, 0.0, 0.0, 0.0, 0.0, 0.0, 0.0, 0.9770609773703001, 0.9770642292356659, 0.0, 0.0, 0.0, 0.0, 0.0, 0.0, 0.0, 0.0], [0.0, 0.0, 1.0068939549802376, 0.0, 1.0062748333969183, 0.0, 0.0, 0.0, 0.0, 0.0, 0.0, 0.0, 0.0, 0.0, 0.0, 0.9769709176798329, 0.9769727298489538, 0.0, 0.0, 0.0, 0.0, 0.0, 0.0], [0.0, 0.0, 0.0, 1.0062748333969183, 0.0, 1.000780948732271, 0.0, 0.0, 0.0, 0.0, 0.0, 0.0, 0.0, 0.0, 0.0, 0.0, 0.0, 0.9769134060218116, 0.9769118773498207, 0.0, 0.0, 0.0, 0.0], [0.0, 0.0, 0.0, 0.0, 1.000780948732271, 0.0, 1.0142119125279956, 0.0, 0.0, 0.0, 0.0, 0.0, 0.0, 0.0, 0.0, 0.0, 0.0, 0.0, 0.0, 0.9753747989158925, 0.9753759171379329, 0.0, 0.0], [0.0, 0.0, 0.0, 0.0, 0.0, 1.0142119125279956, 0.0, 0.9468138770672094, 0.0, 0.0, 0.0, 0.0, 0.0, 0.0, 0.0, 0.0, 0.0, 0.0, 0.0, 0.0, 0.0, 0.9789440079542142, 0.9789436524324123], [0.0, 0.0, 0.0, 0.0, 0.0, 0.0, 0.9468138770672094, 0.0, 0.0, 0.0, 0.0, 0.0, 0.0, 0.0, 0.0, 0.0, 0.0, 0.0, 0.0, 0.0, 0.0, 0.0, 0.0], [0.987651349783497, 0.0, 0.0, 0.0, 0.0, 0.0, 0.0, 0.0, 0.0, 0.0, 0.0, 0.0, 0.0, 0.0, 0.0, 0.0, 0.0, 0.0, 0.0, 0.0, 0.0, 0.0, 0.0], [0.9872593534654605, 0.0, 0.0, 0.0, 0.0, 0.0, 0.0, 0.0, 0.0, 0.0, 0.0, 0.0, 0.0, 0.0, 0.0, 0.0, 0.0, 0.0, 0.0, 0.0, 0.0, 0.0, 0.0], [0.9876531500482941, 0.0, 0.0, 0.0, 0.0, 0.0, 0.0, 0.0, 0.0, 0.0, 0.0, 0.0, 0.0, 0.0, 0.0, 0.0, 0.0, 0.0, 0.0, 0.0, 0.0, 0.0, 0.0], [0.0, 0.9779861028838207, 0.0, 0.0, 0.0, 0.0, 0.0, 0.0, 0.0, 0.0, 0.0, 0.0, 0.0, 0.0, 0.0, 0.0, 0.0, 0.0, 0.0, 0.0, 0.0, 0.0, 0.0], [0.0, 0.9779911517893218, 0.0, 0.0, 0.0, 0.0, 0.0, 0.0, 0.0, 0.0, 0.0, 0.0, 0.0, 0.0, 0.0, 0.0, 0.0, 0.0, 0.0, 0.0, 0.0, 0.0, 0.0], [0.0, 0.0, 0.9770609773703001, 0.0, 0.0, 0.0, 0.0, 0.0, 0.0, 0.0, 0.0, 0.0, 0.0, 0.0, 0.0, 0.0, 0.0, 0.0, 0.0, 0.0, 0.0, 0.0, 0.0], [0.0, 0.0, 0.9770642292356659, 0.0, 0.0, 0.0, 0.0, 0.0, 0.0, 0.0, 0.0, 0.0, 0.0, 0.0, 0.0, 0.0, 0.0, 0.0, 0.0, 0.0, 0.0, 0.0, 0.0], [0.0, 0.0, 0.0, 0.9769709176798329, 0.0, 0.0, 0.0, 0.0, 0.0, 0.0, 0.0, 0.0, 0.0, 0.0, 0.0, 0.0, 0.0, 0.0, 0.0, 0.0, 0.0, 0.0, 0.0], [0.0, 0.0, 0.0, 0.9769727298489538, 0.0, 0.0, 0.0, 0.0, 0.0, 0.0, 0.0, 0.0, 0.0, 0.0, 0.0, 0.0, 0.0, 0.0, 0.0, 0.0, 0.0, 0.0, 0.0], [0.0, 0.0, 0.0, 0.0, 0.9769134060218116, 0.0, 0.0, 0.0, 0.0, 0.0, 0.0, 0.0, 0.0, 0.0, 0.0, 0.0, 0.0, 0.0, 0.0, 0.0, 0.0, 0.0, 0.0], [0.0, 0.0, 0.0, 0.0, 0.9769118773498207, 0.0, 0.0, 0.0, 0.0, 0.0, 0.0, 0.0, 0.0, 0.0, 0.0, 0.0, 0.0, 0.0, 0.0, 0.0, 0.0, 0.0, 0.0], [0.0, 0.0, 0.0, 0.0, 0.0, 0.9753747989158925, 0.0, 0.0, 0.0, 0.0, 0.0, 0.0, 0.0, 0.0, 0.0, 0.0, 0.0, 0.0, 0.0, 0.0, 0.0, 0.0, 0.0], [0.0, 0.0, 0.0, 0.0, 0.0, 0.9753759171379329, 0.0, 0.0, 0.0, 0.0, 0.0, 0.0, 0.0, 0.0, 0.0, 0.0, 0.0, 0.0, 0.0, 0.0, 0.0, 0.0, 0.0], [0.0, 0.0, 0.0, 0.0, 0.0, 0.0, 0.9789440079542142, 0.0, 0.0, 0.0, 0.0, 0.0, 0.0, 0.0, 0.0, 0.0, 0.0, 0.0, 0.0, 0.0, 0.0, 0.0, 0.0], [0.0, 0.0, 0.0, 0.0, 0.0, 0.0, 0.9789436524324123, 0.0, 0.0, 0.0, 0.0, 0.0, 0.0, 0.0, 0.0, 0.0, 0.0, 0.0, 0.0, 0.0, 0.0, 0.0, 0.0]], "Born radii": [], "Atomic SASAs": [], "Solvent H bonds": [], "Total SASA": NaN, "Total FOD": 0.0, "FOD": [0.0, 0.0, 0.0, 0.0, 0.0, 0.0, 0.0, 0.0, 0.0, 0.0, 0.0, 0.0, 0.0, 0.0, 0.0, 0.0, 0.0, 0.0, 0.0, 0.0, 0.0, 0.0, 0.0], "FOD s proportion": [0.0, 0.0, 0.0, 0.0, 0.0, 0.0, 0.0, 0.0, 0.0, 0.0, 0.0, 0.0, 0.0, 0.0, 0.0, 0.0, 0.0, 0.0, 0.0, 0.0, 0.0, 0.0, 0.0], "FOD p proportion": [0.0, 0.0, 0.0, 0.0, 0.0, 0.0, 0.0, 0.0, 0.0, 0.0, 0.0, 0.0, 0.0, 0.0, 0.0, 0.0, 0.0, 0.0, 0.0, 0.0, 0.0, 0.0, 0.0], "FOD d proportion": [0.0, 0.0, 0.0, 0.0, 0.0, 0.0, 0.0, 0.0, 0.0, 0.0, 0.0, 0.0, 0.0, 0.0, 0.0, 0.0, 0.0, 0.0, 0.0, 0.0, 0.0, 0.0, 0.0], "coordinates": [["-3.75560", "0.50030", "0.52560"], ["-2.57680", "-0.33370", "0.04990"], ["-1.24930", "0.38490", "0.28970"], ["-0.06610", "-0.45730", "-0.19020"], ["1.26240", "0.26180", "0.04960"], ["2.44600", "-0.58030", "-0.43020"], ["3.76540", "0.14100", "-0.18860"], ["5.12840", "-0.85290", "-0.75250"], ["-3.79960", "1.45640", "-0.00570"], ["-4.69440", "-0.03240", "0.34460"], ["-3.68310", "0.70600", "1.59840"], ["-2.58050", "-1.29500", "0.57690"], ["-2.69640", "-0.54880", "-1.01830"], ["-1.25240", "1.34750", "-0.23620"], ["-1.13660", "0.60140", "1.35900"], ["-0.06310", "-1.41980", "0.33580"], ["-0.17890", "-0.67350", "-1.25960"], ["1.37530", "0.47800", "1.11900"], ["1.25940", "1.22430", "-0.47640"], ["2.33070", "-0.79650", "-1.49960"], ["2.44660", "-1.54290", "0.09610"], ["3.80100", "1.09130", "-0.72970"], ["3.91770", "0.34010", "0.87640"]], "bond_dist": [[0.0, 1.52033415077081, 2.520020964198512, 3.878373067408549, 5.046165103323513, 6.367188748576564, 7.563373528393266, 9.076901775936545, 1.0946884945042585, 1.0944750933666787, 1.0947458974574875, 2.1462976937042075, 2.146192596203798, 2.7502904064843765, 2.7502614003036148, 4.166217025072026, 4.166236715550378, 5.165148174060449, 5.165114229133756, 6.5441709154025, 6.544189891040753, 7.682920190266198, 7.682984938811217], [1.52033415077081, 0.0, 1.5284456974325256, 2.5251810746954364, 3.885109648388318, 5.051715293838321, 6.364410670282049, 7.7642463536392246, 2.1685915267749247, 2.1591339791685, 2.1685774207991746, 1.09628480788525, 1.0961858464694754, 2.159241072691977, 2.1592431220221586, 2.7531871912385473, 2.753212432777391, 4.1738382946635575, 4.173821525892069, 5.167077543447554, 5.167092668029093, 6.581393013640806, 6.581461763164776], [2.520020964198512, 1.5284456974325256, 0.0, 1.5295643464725504, 2.5261509277950913, 3.8865291893925105, 5.043359415112114, 6.579771042369179, 2.7819783428344653, 3.47071567691737, 2.7819387735893826, 2.1625543438258377, 2.1625813510709833, 1.0968952456821024, 1.0968026394935415, 2.160124473265372, 2.160161385174728, 2.7540753911249416, 2.754101897170836, 4.172972615534398, 4.172957058250181, 5.2003564695124505, 5.200395459001171], [3.878373067408549, 2.5251810746954364, 1.5295643464725504, 0.0, 1.5295493127061972, 2.526534268518834, 3.877932142263451, 5.239800654605096, 4.199441652172346, 4.678430499644086, 4.199410178822736, 2.759056190076599, 2.7590940451532275, 2.1602608013848696, 2.1602862264061216, 1.096855163638299, 1.0968512387739735, 2.1601908920278317, 2.1602405537346994, 2.7521328528979123, 2.7521185185235026, 4.200438622334578, 4.200493394828755], [5.046165103323513, 3.885109648388318, 2.5261509277950913, 1.5295493127061972, 0.0, 1.5297873741144554, 2.5172089464325365, 4.102666998429193, 5.201343215939513, 5.971352014410136, 5.201352259749382, 4.1796593090825, 4.179662690935717, 2.7540234512436528, 2.7540983134231065, 2.160240553734699, 2.160124167727402, 1.0968615272676856, 1.096855163638299, 2.1590007920332037, 2.1590354281484125, 2.782061951143432, 2.782147950774725], [6.367188748576564, 5.051715293838321, 3.8865291893925105, 2.526534268518834, 1.5297873741144554, 0.0, 1.5229775474379128, 2.7154111677607866, 6.58299829105249, 7.20318135340212, 6.582982034002524, 5.175978047673696, 5.176015032822065, 4.17518998370134, 4.175245416738997, 2.7544689252195242, 2.754394781072605, 2.1601893481822376, 2.160262752537293, 1.097111156629081, 1.0970828637801249, 2.1725496104807362, 2.172611472399057], [7.563373528393266, 6.364410670282049, 5.043359415112114, 3.877932142263451, 2.5172089464325365, 1.5229775474379128, 0.0, 1.7786482001790012, 7.6806871157468715, 8.478359855538098, 7.680673554448203, 6.551223783385819, 6.551265936443124, 5.161029437040638, 5.161069455064522, 4.167553748903545, 4.1674877012416, 2.745171173169353, 2.745251123303659, 2.1577746267856615, 2.157731850810012, 1.0941328347143229, 1.0941028745049524], [9.076901775936545, 7.7642463536392246, 6.579771042369179, 5.239800654605096, 4.102666998429193, 2.7154111677607866, 1.7786482001790012, 0.0, 9.252013874287048, 9.91787520086838, 9.251996123540046, 7.835170449964697, 7.835216748118714, 6.76926395481813, 6.769316489868088, 5.334551972752727, 5.3344885471805075, 4.399950757678999, 4.400017278375166, 2.8962846303497174, 2.8962515774704376, 2.354235383303887, 2.3542214636690404], [1.0946884945042585, 2.1685915267749247, 2.7819783428344653, 4.199441652172346, 5.201343215939513, 6.58299829105249, 7.6806871157468715, 9.252013874287048, 0.0, 1.7719770229887293, 1.7747701879398359, 3.0652617392320676, 2.5026458079400684, 2.5599252528150114, 3.112073278378901, 4.727640102630487, 4.383857628846996, 5.3853325486918635, 5.086148827944381, 6.69984131976273, 6.929731464494133, 7.64372908795177, 7.847352763193458], [1.0944750933666787, 2.1591339791685, 3.47071567691737, 4.678430499644086, 5.971352014410136, 7.20318135340212, 8.478359855538098, 9.91787520086838, 1.7719770229887293, 0.0, 1.771997937357716, 2.473195354192628, 2.473089033981591, 3.753507246562873, 3.753485132513515, 4.834655715767152, 4.834687900992162, 6.140151595034117, 6.140119732545939, 7.303215213863001, 7.303235139306415, 8.636471695084747, 8.636540621105189], [1.0947458974574875, 2.1685774207991746, 2.7819387735893826, 4.199410178822736, 5.201352259749382, 6.582982034002524, 7.680673554448203, 9.251996123540046, 1.7747701879398359, 1.771997937357716, 0.0, 2.5026366116557957, 3.0651621196928556, 3.1121667532444337, 2.559866357839799, 4.383786536773888, 4.727642318323162, 5.086179206437776, 5.385326004987999, 6.929711443487383, 6.6998267582080056, 7.847308997994153, 7.643777040835244], [2.1462976937042075, 1.09628480788525, 2.1625543438258377, 2.759056190076599, 4.1796593090825, 5.175978047673696, 6.551223783385819, 7.835170449964697, 3.0652617392320676, 2.473195354192628, 2.5026366116557957, 0.0, 1.7649108447737523, 3.067211676751378, 2.508557469941639, 2.5319966449424847, 3.0865315582381463, 4.36872464799511, 4.7118091419326396, 5.355393537360257, 5.056120791674187, 6.937230967756515, 6.70744776349395], [2.146192596203798, 1.0961858464694754, 2.1625813510709833, 2.7590940451532275, 4.179662690935717, 5.176015032822065, 6.551265936443124, 7.835216748118714, 2.5026458079400684, 2.473089033981591, 3.0651621196928556, 1.7649108447737523, 0.0, 2.5085394356079, 3.0671634077759857, 3.086502340838251, 2.5321101930998187, 4.71180543104233, 4.368740420304232, 5.056158560607056, 5.355424462169176, 6.707415652097312, 6.937315771247551], [2.7502904064843765, 2.159241072691977, 1.0968952456821024, 2.1602608013848696, 2.7540234512436528, 4.17518998370134, 5.161029437040638, 6.76926395481813, 2.5599252528150114, 3.753507246562873, 3.1121667532444337, 3.067211676751378, 2.5085394356079, 0.0, 1.7648620031039253, 3.065871455230959, 2.506828835401412, 3.0817859400029715, 2.526264736720995, 4.362513171326822, 4.706106293954695, 5.0838993154860965, 5.383555287168508], [2.7502614003036148, 2.1592431220221586, 1.0968026394935415, 2.1602862264061216, 2.7540983134231065, 4.175245416738997, 5.161069455064522, 6.769316489868088, 3.112073278378901, 3.753485132513515, 2.559866357839799, 2.508557469941639, 3.0671634077759857, 1.7648620031039253, 0.0, 2.506908440689448, 3.0658808293865567, 2.526354917662995, 3.081803622880601, 4.706154232491749, 4.362597980561583, 5.383545621614068, 5.084007173480384], [4.166217025072026, 2.7531871912385473, 2.160124473265372, 1.096855163638299, 2.160240553734699, 2.7544689252195242, 4.167553748903545, 5.334551972752727, 4.727640102630487, 4.834655715767152, 4.383786536773888, 2.5319966449424847, 3.086502340838251, 3.065871455230959, 2.506908440689448, 0.0, 1.7651273296847456, 2.506799082495444, 3.0659321421062145, 3.0801744252558168, 2.5241243610408737, 4.729924129412648, 4.385916667015003], [4.166236715550378, 2.753212432777391, 2.160161385174728, 1.0968512387739735, 2.160124167727402, 2.754394781072605, 4.1674877012416, 5.3344885471805075, 4.383857628846996, 4.834687900992162, 4.727642318323162, 3.0865315582381463, 2.5321101930998187, 2.506828835401412, 3.0658808293865567, 1.7651273296847456, 0.0, 3.0658160169847113, 2.5067417038857434, 2.5240485653013893, 3.080102124930276, 4.3857629963325655, 4.729906185116148], [5.165148174060449, 4.1738382946635575, 2.7540753911249416, 2.1601908920278317, 1.0968615272676856, 2.1601893481822376, 2.745171173169353, 4.399950757678999, 5.3853325486918635, 6.140151595034117, 5.086179206437776, 4.36872464799511, 4.71180543104233, 3.0817859400029715, 2.526354917662995, 2.506799082495444, 3.0658160169847113, 0.0, 1.7651338929384364, 3.0649967977144774, 2.505602703941708, 3.110924150473618, 2.5576686513307383], [5.165114229133756, 4.173821525892069, 2.754101897170836, 2.1602405537346994, 1.096855163638299, 2.160262752537293, 2.745251123303659, 4.400017278375166, 5.086148827944381, 6.140119732545939, 5.385326004987999, 4.7118091419326396, 4.368740420304232, 2.526264736720995, 3.081803622880601, 3.0659321421062145, 2.5067417038857434, 1.7651338929384364, 0.0, 2.505644541829507, 3.065060510006287, 2.5576513542701633, 3.111018542214109], [6.5441709154025, 5.167077543447554, 4.172972615534398, 2.7521328528979123, 2.1590007920332037, 1.097111156629081, 2.1577746267856615, 2.8962846303497174, 6.69984131976273, 7.303215213863001, 6.929711443487383, 5.355393537360257, 5.056158560607056, 4.362513171326822, 4.706154232491749, 3.0801744252558168, 2.5240485653013893, 3.0649967977144774, 2.505644541829507, 0.0, 1.7654473257506156, 2.5136262530455875, 3.075029196609359], [6.544189891040753, 5.167092668029093, 4.172957058250181, 2.7521185185235026, 2.1590354281484125, 1.0970828637801249, 2.157731850810012, 2.8962515774704376, 6.929731464494133, 7.303235139306415, 6.6998267582080056, 5.056120791674187, 5.355424462169176, 4.706106293954695, 4.362597980561583, 2.5241243610408737, 3.080102124930276, 2.505602703941708, 3.065060510006287, 1.7654473257506156, 0.0, 3.074956038710147, 2.5137009169748095], [7.682920190266198, 6.581393013640806, 5.2003564695124505, 4.200438622334578, 2.782061951143432, 2.1725496104807362, 1.0941328347143229, 2.354235383303887, 7.64372908795177, 8.636471695084747, 7.847308997994153, 6.937230967756515, 6.707415652097312, 5.0838993154860965, 5.383545621614068, 4.729924129412648, 4.3857629963325655, 3.110924150473618, 2.5576513542701633, 2.5136262530455875, 3.074956038710147, 0.0, 1.776929244511441], [7.682984938811217, 6.581461763164776, 5.200395459001171, 4.200493394828755, 2.782147950774725, 2.172611472399057, 1.0941028745049524, 2.3542214636690404, 7.847352763193458, 8.636540621105189, 7.643777040835244, 6.70744776349395, 6.937315771247551, 5.383555287168508, 5.084007173480384, 4.385916667015003, 4.729906185116148, 2.5576686513307383, 3.111018542214109, 3.075029196609359, 2.5137009169748095, 1.776929244511441, 0.0]]}