{"total energy": -52.95515744, "HOMO-LUMO gap/eV": 3.21893541, "electronic energy": -53.59742334, "dipole": [0.73032924, -0.01817541, -0.13552547], "partial charges": [-0.38845926, 0.2809103, -0.16827732, 0.33859891, -0.42334456, -0.16906098, 0.28185168, -0.38643078, -0.02293155, -0.01123312, -0.10766766, -0.06737867, -0.05267115, -0.10287686, -0.05787743, -0.03788009, -0.09085457, 0.23212512, 0.23229085, 0.05845311, 0.05395713, 0.02887135, 0.03848788, 0.04626077, 0.0499619, 0.03177496, 0.03461696, 0.03647839, 0.03574547, 0.03784772, 0.07100022, 0.0649173, 0.03799824, 0.05163206, 0.04316371], "atomic dipole moments": [[0.01333607, -0.03837218, 0.18670157], [-0.06051242, -0.04990287, 0.03338376], [0.00899371, 0.02077654, 0.04688906], [0.06385928, 0.05582973, -0.03067455], [0.1543416, 0.13174536, -0.07628877], [-0.04552551, 0.02789368, -0.0436111], [-0.06104723, -0.05934261, 0.02787571], [-0.07442106, -0.10838212, -0.13800291], [-0.01022683, -0.01566893, 0.00082884], [-0.07449309, 0.00038522, 0.11335696], [-0.01815138, 0.10592416, -0.02509559], [-0.00637283, -0.10019742, -0.0911879], [-0.03048132, 0.09617884, 0.06765626], [-0.07611781, -0.06717582, -0.03536099], [-0.06415156, -0.14162469, 0.03337609], [0.12876925, -0.07532733, -0.07478765], [-0.02807389, 0.03669258, 0.05354405], [-0.09532313, -0.05669193, -0.08278873], [-0.02720519, -0.01387539, 0.13310311], [0.01721588, 0.00703195, -0.12551708], [0.10290701, -0.05224349, -0.05689633], [-0.09192168, -0.07477448, -0.04699393], [0.01166953, -0.02754733, 0.12495835], [-0.00856545, 0.12147267, -0.02838175], [0.00100487, -0.00364637, 0.1284148], [0.00676436, -0.00373856, -0.1235996], [0.02931073, -0.11316234, 0.04205564], [0.11264189, -0.03950873, -0.040013], [-0.01612387, 0.11738077, -0.0435293], [0.00398607, 0.00445927, 0.12688397], [0.07747991, 0.0742051, 0.07426388], [0.03996941, 0.0369619, -0.11643822], [-0.10020516, -0.01170423, -0.11409221], [0.09437395, 0.02468067, 0.11966188], [-0.14224302, 0.0526106, 0.00013749]], "atomic quadrupole moments": [[0.02871945, -0.16462772, 0.05193514, -0.0484653, 0.0284316, -0.08065459], [0.11485978, -0.35724274, 0.18030352, -0.15790446, 0.08148652, -0.2951633], [-0.03962289, -0.02770253, -0.00035583, -0.07885206, -0.06640912, 0.03997873], [-0.00504342, -0.3180211, 0.17527563, -0.02716282, 0.08546593, -0.1702322], [0.02284838, -0.09806079, 0.0846587, -0.04335173, 0.01210694, -0.10750708], [0.05319969, 0.04308063, 0.04754225, 0.04105715, 0.04497517, -0.10074194], [0.30082901, -0.33974873, 0.04779762, -0.00414506, -0.04947433, -0.34862663], [0.1082531, -0.14685455, 0.01359197, 0.01174642, 0.01473939, -0.12184506], [-0.05582097, 0.07189607, -0.00662723, 0.00784801, 0.00622285, 0.06244819], [0.11900926, -0.03278754, 0.08637554, -0.005046, 0.03496819, -0.2053848], [-0.07633016, -0.00797584, 0.18424257, 0.01407412, -0.0840198, -0.10791241], [0.20226986, 0.02082137, -0.06779446, 0.01247997, 0.13836351, -0.1344754], [0.19379256, 0.05680768, -0.04036865, -0.02541362, 0.12236829, -0.15342392], [0.07199511, 0.15509485, 0.02033239, 0.08004965, 0.07920917, -0.0923275], [0.02072238, -0.08804157, 0.15942671, -0.0244827, -0.0458244, -0.18014909], [-0.02527609, 0.18748972, 0.30314416, -0.11212578, -0.36336041, -0.27786807], [-0.20365206, 0.26321561, 0.37522663, -0.11153613, -0.37566936, -0.17157456], [-0.0054242, 0.03707096, -0.01658944, 0.01724496, -0.00088921, 0.02201364], [-0.02144938, 0.03207882, -0.01775776, 0.00643323, -0.01129175, 0.03920714], [-0.014846, -5.96e-05, -0.0097114, 0.00736258, -0.00949239, 0.02455741], [0.04937657, -0.01905581, -0.02738438, -0.05285532, 0.00218524, -0.0219922], [0.04999901, 0.03891455, -0.01794247, 0.04422661, 0.01302814, -0.03205654], [-0.05041836, 7.619e-05, -0.03069007, 0.0038946, -0.00352985, 0.08110843], [-0.00623089, -0.01652465, 0.04045837, 0.00775801, -0.03150607, -0.03422748], [-0.01344247, -0.00131113, -0.03585549, -0.00843962, -0.01984301, 0.04929797], [-0.01885107, 0.00563791, -0.03772836, 0.00472414, -0.00631952, 0.05657942], [-0.01456132, -0.00121926, 0.03884205, 0.00459097, -0.03424954, -0.02428074], [0.05354646, -0.03281189, -0.02044967, -0.03493061, 0.02580383, -0.03309679], [-0.03241774, -0.01913475, 0.05844305, 0.02181192, -0.03961707, -0.02602531], [-0.04069329, 0.01251888, -0.03818381, -0.0072556, -0.00247836, 0.0788771], [0.00475006, 1.902e-05, -0.01648915, 0.04053253, 0.02908974, 0.01173909], [-0.01873292, -0.00964518, -0.03563278, -0.02009458, -0.00660952, 0.0543657], [0.01787438, -0.02388255, -0.03908216, -0.00600191, 0.04822116, 0.02120778], [0.01701414, -0.01679725, -0.03716785, 0.02334818, 0.03024844, 0.02015372], [0.03232637, -0.03332824, -0.03718913, 0.0047059, 0.03285858, 0.00486276]], "number of molecular orbitals": 86, "number of electrons": 94, "number of unpaired electrons": 0, "orbital energies/eV": [-20.54874873, -20.18341854, -20.10511077, -19.70123713, -19.32543319, -18.64994746, -18.18698656, -18.03942927, -17.60379288, -17.30185515, -17.03728835, -16.94490635, -16.85700331, -16.67414208, -16.40233675, -16.23603077, -15.8549792, -15.63048958, -15.5962808, -15.45009533, -15.31310858, -15.15700804, -15.08666928, -14.82935516, -14.58109699, -14.3221294, -14.31400196, -14.02477954, -13.8806327, -13.79908245, -13.53283416, -13.27415049, -13.11078451, -12.95871477, -12.87779721, -12.75860312, -12.63761076, -12.5255788, -12.40824474, -12.34286606, -12.21917403, -12.1370788, -12.02659483, -11.80836436, -11.70208956, -11.5550803, -11.25382417, -8.03488875, -7.1196743, -6.06144031, -5.52367496, -0.72112992, -0.11647448, 0.02467492, 0.80245441, 1.69527314, 1.85690598, 2.49132477, 2.97842587, 3.06526683, 3.14530224, 3.32603904, 3.51868207, 3.59735938, 4.0816417, 4.14567332, 4.31633568, 4.36104288, 4.45492583, 4.64997784, 4.76179972, 5.20739534, 5.56037206, 5.9632756, 6.49027446, 6.69204432, 6.81523662, 7.07548624, 7.67712825, 7.96364322, 10.76886415, 11.9466852, 14.13334143, 14.17976042, 14.99501894, 16.3811346], "fractional occupation": [2.0, 2.0, 2.0, 2.0, 2.0, 2.0, 2.0, 2.0, 2.0, 2.0, 2.0, 2.0, 2.0, 2.0, 2.0, 2.0, 2.0, 2.0, 2.0, 2.0, 2.0, 2.0, 2.0, 2.0, 2.0, 2.0, 2.0, 2.0, 2.0, 2.0, 2.0, 2.0, 2.0, 2.0, 2.0, 2.0, 2.0, 2.0, 2.0, 2.0, 2.0, 2.0, 2.0, 2.0, 2.0, 2.0, 2.0, 0.0, 0.0, 0.0, 0.0, 0.0, 0.0, 0.0, 0.0, 0.0, 0.0, 0.0, 0.0, 0.0, 0.0, 0.0, 0.0, 0.0, 0.0, 0.0, 0.0, 0.0, 0.0, 0.0, 0.0, 0.0, 0.0, 0.0, 0.0, 0.0, 0.0, 0.0, 0.0, 0.0, 0.0, 0.0, 0.0, 0.0, 0.0, 0.0], "program call": "xtb /home/svss/Project-DBcg-Debug/aqme2_20220329/End-to-End-workflows-final/example-3/QDESCP/mol_426_rdkit_conf_12/mol_426_rdkit_conf_12.xyz --pop --wbo --acc 0.2 --gfn 2 --chrg 0 --uhf 0 --etemp 300 --input /home/svss/Project-DBcg-Debug/aqme2_20220329/End-to-End-workflows-final/example-3/QDESCP/mol_426_rdkit_conf_12/mol_426_rdkit_conf_12_xtb.inp", "method": "GFN2-xTB", "xtb version": "6.3.3 (7355c4f)", "Dipole module/D": 1.889, "Total charge": 0, "Transition dipole module/D": NaN, "HOMO": -11.2538, "LUMO": -8.0349, "HOMO occupancy": 2.0, "LUMO occupancy": 0, "mulliken charges": [-0.51607, 0.47357, -0.31853, 0.57423, -0.53932, -0.32073, 0.47356, -0.51374, -0.05897, 0.00301, -0.10159, -0.05602, -0.03747, -0.08216, -0.03308, -0.03668, -0.07265, 0.28124, 0.27988, 0.04755, 0.04617, 0.03225, 0.03532, 0.03293, 0.04244, 0.02489, 0.02454, 0.03212, 0.02971, 0.03197, 0.0527, 0.05237, 0.03729, 0.04234, 0.0369], "cm5 charges": [-0.56117, 0.57241, -0.66342, 0.7429, -0.57592, -0.66538, 0.57311, -0.56087, -0.05897, -0.06054, -0.24785, -0.16427, -0.15064, -0.23272, -0.13073, -0.09885, -0.17409, 0.48365, 0.4828, 0.11001, 0.09841, 0.08886, 0.09014, 0.0904, 0.102, 0.07978, 0.07995, 0.08288, 0.08098, 0.08327, 0.11314, 0.11063, 0.09465, 0.09629, 0.08916], "FUKUI+": [-0.14, -0.055, -0.033, -0.056, -0.147, -0.034, -0.054, -0.137, -0.003, -0.005, 0.014, 0.005, 0.003, 0.008, 0.011, 0.009, -0.01, -0.048, -0.047, -0.027, -0.036, 0.0, -0.011, -0.015, -0.004, -0.012, -0.011, -0.02, -0.01, -0.008, -0.031, -0.033, -0.014, -0.019, -0.035], "FUKUI-": [-0.065, -0.001, -0.018, -0.001, -0.076, -0.019, -0.001, -0.056, -0.012, 0.004, 0.013, 0.008, 0.007, 0.016, 0.009, -0.031, -0.037, -0.027, -0.026, -0.035, -0.024, -0.024, -0.02, -0.043, -0.049, -0.065, -0.07, -0.04, -0.051, -0.05, -0.028, -0.039, -0.046, -0.046, -0.058], "FUKUIrad": [-0.102, -0.028, -0.026, -0.028, -0.112, -0.026, -0.027, -0.096, -0.008, -0.0, 0.014, 0.007, 0.005, 0.012, 0.01, -0.011, -0.024, -0.037, -0.036, -0.031, -0.03, -0.012, -0.015, -0.029, -0.027, -0.038, -0.04, -0.03, -0.03, -0.029, -0.029, -0.036, -0.03, -0.033, -0.047], "s proportion": [1.73, 1.011, 1.423, 0.935, 1.72, 1.428, 1.011, 1.73, 1.111, 1.072, 1.016, 1.039, 1.028, 1.008, 1.036, 1.073, 1.054, 0.719, 0.72, 0.952, 0.954, 0.968, 0.965, 0.967, 0.958, 0.975, 0.975, 0.968, 0.97, 0.968, 0.947, 0.948, 0.963, 0.958, 0.963], "p proportion": [4.786, 2.515, 3.895, 2.49, 4.819, 3.893, 2.515, 4.783, 2.948, 2.925, 3.086, 3.017, 3.009, 3.074, 2.997, 2.964, 3.019, 0.0, 0.0, 0.0, 0.0, 0.0, 0.0, 0.0, 0.0, 0.0, 0.0, 0.0, 0.0, 0.0, 0.0, 0.0, 0.0, 0.0, 0.0], "d proportion": [0.0, 0.0, 0.0, 0.0, 0.0, 0.0, 0.0, 0.0, 0.0, 0.0, 0.0, 0.0, 0.0, 0.0, 0.0, 0.0, 0.0, 0.0, 0.0, 0.0, 0.0, 0.0, 0.0, 0.0, 0.0, 0.0, 0.0, 0.0, 0.0, 0.0, 0.0, 0.0, 0.0, 0.0, 0.0], "Fermi-level/eV": -9.6444, "Coordination numbers": [0.859, 2.763, 2.697, 2.7, 0.86, 2.697, 2.763, 0.859, 3.896, 3.844, 3.748, 3.799, 3.798, 3.75, 3.808, 2.882, 2.833, 0.86, 0.86, 0.923, 0.924, 0.924, 0.924, 0.924, 0.924, 0.924, 0.924, 0.924, 0.924, 0.924, 0.924, 0.923, 0.925, 0.925, 0.925], "Dispersion coefficient C6": [21.451, 22.245, 24.64, 21.246, 22.151, 24.658, 22.228, 21.411, 20.928, 20.746, 22.625, 21.792, 21.522, 22.529, 21.609, 28.939, 30.27, 0.956, 0.955, 2.217, 2.271, 2.603, 2.469, 2.367, 2.321, 2.561, 2.522, 2.496, 2.506, 2.478, 2.075, 2.142, 2.476, 2.3, 2.407], "Total dispersion C6": 11623.7627, "Total dispersion C8": 260329.627415, "Polarizability alpha": [6.21, 7.724, 7.372, 7.544, 6.31, 7.375, 7.721, 6.204, 6.503, 6.479, 6.784, 6.647, 6.606, 6.769, 6.617, 8.819, 9.016, 1.532, 1.531, 2.329, 2.357, 2.523, 2.457, 2.406, 2.382, 2.503, 2.483, 2.471, 2.476, 2.462, 2.253, 2.289, 2.461, 2.371, 2.426], "Total polarizability alpha": 162.411574, "Wiberg matrix": [[0.0, 1.7417978388657938, 0.136312364015759, 0.0, 0.0, 0.0, 0.0, 0.0, 0.0, 0.0, 0.0, 0.0, 0.0, 0.0, 0.0, 0.0, 0.0, 0.0, 0.0, 0.0, 0.0, 0.0, 0.0, 0.0, 0.0, 0.0, 0.0, 0.0, 0.0, 0.0, 0.0, 0.0, 0.0, 0.0, 0.0], [1.7417978388657938, 0.0, 1.1514289852775177, 0.0, 0.0, 0.0, 0.0, 0.0, 0.9574334585827187, 0.0, 0.0, 0.0, 0.0, 0.0, 0.0, 0.0, 0.0, 0.0, 0.0, 0.0, 0.0, 0.0, 0.0, 0.0, 0.0, 0.0, 0.0, 0.0, 0.0, 0.0, 0.0, 0.0, 0.0, 0.0, 0.0], [0.136312364015759, 1.1514289852775177, 0.0, 1.128632649354755, 0.1159291753131923, 0.0, 0.0, 0.0, 0.0, 0.0, 0.0, 0.0, 0.0, 0.0, 0.0, 0.0, 0.0, 0.9096237100285286, 0.0, 0.0, 0.0, 0.0, 0.0, 0.0, 0.0, 0.0, 0.0, 0.0, 0.0, 0.0, 0.0, 0.0, 0.0, 0.0, 0.0], [0.0, 0.0, 1.128632649354755, 0.0, 1.6496281985420682, 1.1269069168522954, 0.0, 0.0, 0.0, 0.0, 0.0, 0.0, 0.0, 0.0, 0.0, 0.0, 0.0, 0.0, 0.0, 0.0, 0.0, 0.0, 0.0, 0.0, 0.0, 0.0, 0.0, 0.0, 0.0, 0.0, 0.0, 0.0, 0.0, 0.0, 0.0], [0.0, 0.0, 0.1159291753131923, 1.6496281985420682, 0.0, 0.11650928292775332, 0.0, 0.0, 0.0, 0.0, 0.0, 0.0, 0.0, 0.0, 0.0, 0.0, 0.0, 0.0, 0.0, 0.0, 0.0, 0.0, 0.0, 0.0, 0.0, 0.0, 0.0, 0.0, 0.0, 0.0, 0.0, 0.0, 0.0, 0.0, 0.0], [0.0, 0.0, 0.0, 1.1269069168522954, 0.11650928292775332, 0.0, 1.1445705004973088, 0.13415940961191503, 0.0, 0.0, 0.0, 0.0, 0.0, 0.0, 0.0, 0.0, 0.0, 0.0, 0.9091088992337202, 0.0, 0.0, 0.0, 0.0, 0.0, 0.0, 0.0, 0.0, 0.0, 0.0, 0.0, 0.0, 0.0, 0.0, 0.0, 0.0], [0.0, 0.0, 0.0, 0.0, 0.0, 1.1445705004973088, 0.0, 1.7447680206177452, 0.9624388274555999, 0.0, 0.0, 0.0, 0.0, 0.0, 0.0, 0.0, 0.0, 0.0, 0.0, 0.0, 0.0, 0.0, 0.0, 0.0, 0.0, 0.0, 0.0, 0.0, 0.0, 0.0, 0.0, 0.0, 0.0, 0.0, 0.0], [0.0, 0.0, 0.0, 0.0, 0.0, 0.13415940961191503, 1.7447680206177452, 0.0, 0.0, 0.0, 0.0, 0.0, 0.0, 0.0, 0.0, 0.0, 0.0, 0.0, 0.0, 0.0, 0.0, 0.0, 0.0, 0.0, 0.0, 0.0, 0.0, 0.0, 0.0, 0.0, 0.0, 0.0, 0.0, 0.0, 0.0], [0.0, 0.9574334585827187, 0.0, 0.0, 0.0, 0.0, 0.9624388274555999, 0.0, 0.0, 0.9085569131843039, 0.0, 0.0, 0.0, 0.0, 0.9436081829573154, 0.0, 0.0, 0.0, 0.0, 0.0, 0.0, 0.0, 0.0, 0.0, 0.0, 0.0, 0.0, 0.0, 0.0, 0.0, 0.0, 0.0, 0.0, 0.0, 0.0], [0.0, 0.0, 0.0, 0.0, 0.0, 0.0, 0.0, 0.0, 0.9085569131843039, 0.0, 1.0097000107216647, 0.9935842634802431, 0.0, 0.0, 0.0, 0.0, 0.0, 0.0, 0.0, 0.9628552668165431, 0.0, 0.0, 0.0, 0.0, 0.0, 0.0, 0.0, 0.0, 0.0, 0.0, 0.0, 0.0, 0.0, 0.0, 0.0], [0.0, 0.0, 0.0, 0.0, 0.0, 0.0, 0.0, 0.0, 0.0, 1.0097000107216647, 0.0, 0.0, 0.0, 0.0, 0.0, 0.0, 0.0, 0.0, 0.0, 0.0, 0.9805422329717587, 0.9847142907717527, 0.9863071706957347, 0.0, 0.0, 0.0, 0.0, 0.0, 0.0, 0.0, 0.0, 0.0, 0.0, 0.0, 0.0], [0.0, 0.0, 0.0, 0.0, 0.0, 0.0, 0.0, 0.0, 0.0, 0.9935842634802431, 0.0, 0.0, 1.0035780129817322, 0.0, 0.0, 0.0, 0.0, 0.0, 0.0, 0.0, 0.0, 0.0, 0.0, 0.9713054098441217, 0.9749480840505484, 0.0, 0.0, 0.0, 0.0, 0.0, 0.0, 0.0, 0.0, 0.0, 0.0], [0.0, 0.0, 0.0, 0.0, 0.0, 0.0, 0.0, 0.0, 0.0, 0.0, 0.0, 1.0035780129817322, 0.0, 1.0191068244534605, 0.0, 0.0, 0.0, 0.0, 0.0, 0.0, 0.0, 0.0, 0.0, 0.0, 0.0, 0.9777617090008597, 0.9762291091601507, 0.0, 0.0, 0.0, 0.0, 0.0, 0.0, 0.0, 0.0], [0.0, 0.0, 0.0, 0.0, 0.0, 0.0, 0.0, 0.0, 0.0, 0.0, 0.0, 0.0, 1.0191068244534605, 0.0, 0.0, 0.0, 0.0, 0.0, 0.0, 0.0, 0.0, 0.0, 0.0, 0.0, 0.0, 0.0, 0.0, 0.9864950121502136, 0.9872396108376282, 0.9874240157021518, 0.0, 0.0, 0.0, 0.0, 0.0], [0.0, 0.0, 0.0, 0.0, 0.0, 0.0, 0.0, 0.0, 0.9436081829573154, 0.0, 0.0, 0.0, 0.0, 0.0, 0.0, 1.0200638058478533, 0.0, 0.0, 0.0, 0.0, 0.0, 0.0, 0.0, 0.0, 0.0, 0.0, 0.0, 0.0, 0.0, 0.0, 0.9647307259300357, 0.963545359178218, 0.0, 0.0, 0.0], [0.0, 0.0, 0.0, 0.0, 0.0, 0.0, 0.0, 0.0, 0.0, 0.0, 0.0, 0.0, 0.0, 0.0, 1.0200638058478533, 0.0, 1.9819803131016154, 0.0, 0.0, 0.0, 0.0, 0.0, 0.0, 0.0, 0.0, 0.0, 0.0, 0.0, 0.0, 0.0, 0.0, 0.0, 0.9672979935610893, 0.0, 0.0], [0.0, 0.0, 0.0, 0.0, 0.0, 0.0, 0.0, 0.0, 0.0, 0.0, 0.0, 0.0, 0.0, 0.0, 0.0, 1.9819803131016154, 0.0, 0.0, 0.0, 0.0, 0.0, 0.0, 0.0, 0.0, 0.0, 0.0, 0.0, 0.0, 0.0, 0.0, 0.0, 0.0, 0.0, 0.9748529734920164, 0.9770474163025515], [0.0, 0.0, 0.9096237100285286, 0.0, 0.0, 0.0, 0.0, 0.0, 0.0, 0.0, 0.0, 0.0, 0.0, 0.0, 0.0, 0.0, 0.0, 0.0, 0.0, 0.0, 0.0, 0.0, 0.0, 0.0, 0.0, 0.0, 0.0, 0.0, 0.0, 0.0, 0.0, 0.0, 0.0, 0.0, 0.0], [0.0, 0.0, 0.0, 0.0, 0.0, 0.9091088992337202, 0.0, 0.0, 0.0, 0.0, 0.0, 0.0, 0.0, 0.0, 0.0, 0.0, 0.0, 0.0, 0.0, 0.0, 0.0, 0.0, 0.0, 0.0, 0.0, 0.0, 0.0, 0.0, 0.0, 0.0, 0.0, 0.0, 0.0, 0.0, 0.0], [0.0, 0.0, 0.0, 0.0, 0.0, 0.0, 0.0, 0.0, 0.0, 0.9628552668165431, 0.0, 0.0, 0.0, 0.0, 0.0, 0.0, 0.0, 0.0, 0.0, 0.0, 0.0, 0.0, 0.0, 0.0, 0.0, 0.0, 0.0, 0.0, 0.0, 0.0, 0.0, 0.0, 0.0, 0.0, 0.0], [0.0, 0.0, 0.0, 0.0, 0.0, 0.0, 0.0, 0.0, 0.0, 0.0, 0.9805422329717587, 0.0, 0.0, 0.0, 0.0, 0.0, 0.0, 0.0, 0.0, 0.0, 0.0, 0.0, 0.0, 0.0, 0.0, 0.0, 0.0, 0.0, 0.0, 0.0, 0.0, 0.0, 0.0, 0.0, 0.0], [0.0, 0.0, 0.0, 0.0, 0.0, 0.0, 0.0, 0.0, 0.0, 0.0, 0.9847142907717527, 0.0, 0.0, 0.0, 0.0, 0.0, 0.0, 0.0, 0.0, 0.0, 0.0, 0.0, 0.0, 0.0, 0.0, 0.0, 0.0, 0.0, 0.0, 0.0, 0.0, 0.0, 0.0, 0.0, 0.0], [0.0, 0.0, 0.0, 0.0, 0.0, 0.0, 0.0, 0.0, 0.0, 0.0, 0.9863071706957347, 0.0, 0.0, 0.0, 0.0, 0.0, 0.0, 0.0, 0.0, 0.0, 0.0, 0.0, 0.0, 0.0, 0.0, 0.0, 0.0, 0.0, 0.0, 0.0, 0.0, 0.0, 0.0, 0.0, 0.0], [0.0, 0.0, 0.0, 0.0, 0.0, 0.0, 0.0, 0.0, 0.0, 0.0, 0.0, 0.9713054098441217, 0.0, 0.0, 0.0, 0.0, 0.0, 0.0, 0.0, 0.0, 0.0, 0.0, 0.0, 0.0, 0.0, 0.0, 0.0, 0.0, 0.0, 0.0, 0.0, 0.0, 0.0, 0.0, 0.0], [0.0, 0.0, 0.0, 0.0, 0.0, 0.0, 0.0, 0.0, 0.0, 0.0, 0.0, 0.9749480840505484, 0.0, 0.0, 0.0, 0.0, 0.0, 0.0, 0.0, 0.0, 0.0, 0.0, 0.0, 0.0, 0.0, 0.0, 0.0, 0.0, 0.0, 0.0, 0.0, 0.0, 0.0, 0.0, 0.0], [0.0, 0.0, 0.0, 0.0, 0.0, 0.0, 0.0, 0.0, 0.0, 0.0, 0.0, 0.0, 0.9777617090008597, 0.0, 0.0, 0.0, 0.0, 0.0, 0.0, 0.0, 0.0, 0.0, 0.0, 0.0, 0.0, 0.0, 0.0, 0.0, 0.0, 0.0, 0.0, 0.0, 0.0, 0.0, 0.0], [0.0, 0.0, 0.0, 0.0, 0.0, 0.0, 0.0, 0.0, 0.0, 0.0, 0.0, 0.0, 0.9762291091601507, 0.0, 0.0, 0.0, 0.0, 0.0, 0.0, 0.0, 0.0, 0.0, 0.0, 0.0, 0.0, 0.0, 0.0, 0.0, 0.0, 0.0, 0.0, 0.0, 0.0, 0.0, 0.0], [0.0, 0.0, 0.0, 0.0, 0.0, 0.0, 0.0, 0.0, 0.0, 0.0, 0.0, 0.0, 0.0, 0.9864950121502136, 0.0, 0.0, 0.0, 0.0, 0.0, 0.0, 0.0, 0.0, 0.0, 0.0, 0.0, 0.0, 0.0, 0.0, 0.0, 0.0, 0.0, 0.0, 0.0, 0.0, 0.0], [0.0, 0.0, 0.0, 0.0, 0.0, 0.0, 0.0, 0.0, 0.0, 0.0, 0.0, 0.0, 0.0, 0.9872396108376282, 0.0, 0.0, 0.0, 0.0, 0.0, 0.0, 0.0, 0.0, 0.0, 0.0, 0.0, 0.0, 0.0, 0.0, 0.0, 0.0, 0.0, 0.0, 0.0, 0.0, 0.0], [0.0, 0.0, 0.0, 0.0, 0.0, 0.0, 0.0, 0.0, 0.0, 0.0, 0.0, 0.0, 0.0, 0.9874240157021518, 0.0, 0.0, 0.0, 0.0, 0.0, 0.0, 0.0, 0.0, 0.0, 0.0, 0.0, 0.0, 0.0, 0.0, 0.0, 0.0, 0.0, 0.0, 0.0, 0.0, 0.0], [0.0, 0.0, 0.0, 0.0, 0.0, 0.0, 0.0, 0.0, 0.0, 0.0, 0.0, 0.0, 0.0, 0.0, 0.9647307259300357, 0.0, 0.0, 0.0, 0.0, 0.0, 0.0, 0.0, 0.0, 0.0, 0.0, 0.0, 0.0, 0.0, 0.0, 0.0, 0.0, 0.0, 0.0, 0.0, 0.0], [0.0, 0.0, 0.0, 0.0, 0.0, 0.0, 0.0, 0.0, 0.0, 0.0, 0.0, 0.0, 0.0, 0.0, 0.963545359178218, 0.0, 0.0, 0.0, 0.0, 0.0, 0.0, 0.0, 0.0, 0.0, 0.0, 0.0, 0.0, 0.0, 0.0, 0.0, 0.0, 0.0, 0.0, 0.0, 0.0], [0.0, 0.0, 0.0, 0.0, 0.0, 0.0, 0.0, 0.0, 0.0, 0.0, 0.0, 0.0, 0.0, 0.0, 0.0, 0.9672979935610893, 0.0, 0.0, 0.0, 0.0, 0.0, 0.0, 0.0, 0.0, 0.0, 0.0, 0.0, 0.0, 0.0, 0.0, 0.0, 0.0, 0.0, 0.0, 0.0], [0.0, 0.0, 0.0, 0.0, 0.0, 0.0, 0.0, 0.0, 0.0, 0.0, 0.0, 0.0, 0.0, 0.0, 0.0, 0.0, 0.9748529734920164, 0.0, 0.0, 0.0, 0.0, 0.0, 0.0, 0.0, 0.0, 0.0, 0.0, 0.0, 0.0, 0.0, 0.0, 0.0, 0.0, 0.0, 0.0], [0.0, 0.0, 0.0, 0.0, 0.0, 0.0, 0.0, 0.0, 0.0, 0.0, 0.0, 0.0, 0.0, 0.0, 0.0, 0.0, 0.9770474163025515, 0.0, 0.0, 0.0, 0.0, 0.0, 0.0, 0.0, 0.0, 0.0, 0.0, 0.0, 0.0, 0.0, 0.0, 0.0, 0.0, 0.0, 0.0]], "Born radii": [], "Atomic SASAs": [], "Solvent H bonds": [], "Total SASA": NaN, "Total FOD": 0.0, "FOD": [0.0, 0.0, 0.0, 0.0, 0.0, 0.0, 0.0, 0.0, 0.0, 0.0, 0.0, 0.0, 0.0, 0.0, 0.0, 0.0, 0.0, 0.0, 0.0, 0.0, 0.0, 0.0, 0.0, 0.0, 0.0, 0.0, 0.0, 0.0, 0.0, 0.0, 0.0, 0.0, 0.0, 0.0, 0.0], "FOD s proportion": [0.0, 0.0, 0.0, 0.0, 0.0, 0.0, 0.0, 0.0, 0.0, 0.0, 0.0, 0.0, 0.0, 0.0, 0.0, 0.0, 0.0, 0.0, 0.0, 0.0, 0.0, 0.0, 0.0, 0.0, 0.0, 0.0, 0.0, 0.0, 0.0, 0.0, 0.0, 0.0, 0.0, 0.0, 0.0], "FOD p proportion": [0.0, 0.0, 0.0, 0.0, 0.0, 0.0, 0.0, 0.0, 0.0, 0.0, 0.0, 0.0, 0.0, 0.0, 0.0, 0.0, 0.0, 0.0, 0.0, 0.0, 0.0, 0.0, 0.0, 0.0, 0.0, 0.0, 0.0, 0.0, 0.0, 0.0, 0.0, 0.0, 0.0, 0.0, 0.0], "FOD d proportion": [0.0, 0.0, 0.0, 0.0, 0.0, 0.0, 0.0, 0.0, 0.0, 0.0, 0.0, 0.0, 0.0, 0.0, 0.0, 0.0, 0.0, 0.0, 0.0, 0.0, 0.0, 0.0, 0.0, 0.0, 0.0, 0.0, 0.0, 0.0, 0.0, 0.0, 0.0, 0.0, 0.0, 0.0, 0.0], "coordinates": [["-1.89640", "-0.45420", "-2.31710"], ["-1.81170", "-0.68400", "-1.11050"], ["-2.62510", "-1.62300", "-0.54510"], ["-2.70840", "-1.92970", "0.77440"], ["-3.58250", "-2.67350", "1.20660"], ["-1.80370", "-1.34270", "1.59750"], ["-1.04480", "-0.25500", "1.27560"], ["-0.56200", "0.43060", "2.17610"], ["-0.79780", "0.00580", "-0.20490"], ["0.63270", "-0.53610", "-0.61390"], ["0.80040", "-2.03980", "-0.32400"], ["1.80690", "0.27270", "-0.00130"], ["3.19230", "-0.17510", "-0.48340"], ["4.28210", "0.76420", "0.01310"], ["-0.92090", "1.53720", "-0.45500"], ["-2.31970", "2.09080", "-0.30310"], ["-2.74220", "2.77370", "0.76810"], ["-3.31160", "-2.05050", "-1.15100"], ["-1.96190", "-1.48820", "2.58540"], ["0.71670", "-0.42490", "-1.70510"], ["1.70160", "-2.43430", "-0.80400"], ["-0.03200", "-2.62820", "-0.71950"], ["0.88150", "-2.23510", "0.75000"], ["1.69710", "1.32980", "-0.26440"], ["1.77880", "0.20860", "1.09220"], ["3.21570", "-0.20460", "-1.57860"], ["3.41660", "-1.18320", "-0.11960"], ["5.26280", "0.42260", "-0.33270"], ["4.12570", "1.78070", "-0.36180"], ["4.30050", "0.79960", "1.10710"], ["-0.26050", "2.09190", "0.22350"], ["-0.58080", "1.77980", "-1.47070"], ["-3.00350", "1.94680", "-1.13930"], ["-2.09320", "2.95870", "1.62030"], ["-3.75270", "3.16870", "0.81530"]], "bond_dist": [[0.0, 1.231204974811262, 2.2443442538968927, 3.520485264846311, 4.492737182386702, 4.015235821218973, 3.6976203820835907, 4.769941366515945, 2.424852737796669, 3.0502368203141215, 3.7093537456004384, 4.42783741119748, 5.4161997922897935, 6.71477422181863, 2.8956330257820997, 3.272980887509122, 4.5445764478111705, 2.4312042160213525, 5.010783621351056, 2.683969839621899, 4.376742124000454, 3.279419021717109, 4.505045574686232, 4.506603548128013, 5.0566515966595915, 5.171194138687891, 5.795551418976454, 7.480692898388491, 6.714437021076302, 7.190182869023569, 3.9513848686251762, 2.727260955610959, 2.894422956307526, 5.214377758659225, 5.136456352389262], [1.231204974811262, 0.0, 1.364924071148282, 2.430779173433901, 3.5302684458834004, 2.786972136566851, 2.54276420849437, 3.6886071639576907, 1.5244437050937631, 2.49871513582481, 3.0462833584550206, 3.9038270312604784, 5.068752274475445, 6.363502073544096, 2.48131705551709, 2.934190484614113, 4.0435946260722035, 2.0294488192610327, 3.785363191293538, 2.6102659883621055, 3.9371016281015656, 2.664606299249478, 3.6222503640692754, 4.133152923616546, 4.305846293122874, 5.071852987814217, 5.344736133804923, 7.202644420627746, 6.472095220251321, 6.669168430921505, 3.448390675373079, 2.7776193565713787, 2.8883083838122277, 4.561334692828405, 4.724350106628424], [2.2443442538968927, 1.364924071148282, 0.0, 1.3572339628818608, 2.2557965112128358, 2.3117094994830123, 2.77195248516276, 3.9847940988211676, 2.471386406452864, 3.4350175967525995, 3.4578400338939916, 4.850981439873792, 5.9951950810628345, 7.32937397872424, 3.591556722369842, 3.7341858014833704, 4.590117377584151, 1.0105213060594018, 3.202816811808006, 3.734791941996234, 4.409713118786755, 2.786576754729717, 3.7879009992342727, 5.24206382734892, 5.042801310779556, 6.098764255978419, 6.072611726432046, 8.151598587393764, 7.562544097061517, 7.520817173685319, 4.470185804863149, 4.076143482508927, 3.6386442859944412, 5.0954734480713375, 5.107108654610747], [3.520485264846311, 2.430779173433901, 1.3572339628818608, 0.0, 1.2264118761655889, 1.3566667608517575, 2.4131693869266617, 3.4846537762021637, 2.8906022036938945, 3.87716998079785, 3.6783531654804436, 5.083326700104961, 6.283227076113039, 7.53019024660068, 4.089740360952025, 4.18049209902375, 4.703525665923383, 2.021288707730788, 2.007960532480656, 4.488168145245897, 4.711058025539486, 3.1436851655342335, 3.60294969851093, 5.577802070708497, 4.980791861742468, 6.603600519413633, 6.234751258069563, 8.384450795371157, 7.858940221811081, 7.528907423391525, 4.740144700322976, 4.829859834405135, 4.33319558178488, 4.999047150207727, 5.204413306031718], [4.492737182386702, 3.5302684458834004, 2.2557965112128358, 1.2264118761655889, 0.0, 2.255650879458078, 3.506255059176386, 4.438331590812026, 4.1140654868390225, 5.064643131554286, 4.685522858764004, 6.259772296976944, 7.415929988882042, 8.665688472360404, 5.251192589307689, 5.15484358831575, 5.529048216465471, 2.4535267616229497, 2.435645682360224, 5.65838488351579, 5.658749138281357, 4.039549919236053, 4.508655466987914, 6.78707802003189, 6.087949199853757, 7.750376087003779, 7.2778569194509455, 9.497084383641118, 9.039697087845365, 8.61475553106413, 5.8916217436288285, 6.000834864416784, 5.213986948583589, 5.84044852900871, 5.857762761498625], [4.015235821218973, 2.786972136566851, 2.3117094994830123, 1.3566667608517575, 2.255650879458078, 0.0, 1.364785737762525, 2.2408011379861446, 2.465549192370738, 3.3877630495653026, 3.310505621502552, 4.266393202694754, 5.536555840050744, 6.632217774621096, 3.6449850616977844, 3.9582140682383518, 4.302724203339089, 3.2138754642954037, 1.011011325356942, 4.25463744166292, 4.387017312480086, 3.1874629629220794, 2.9537997647098555, 4.781686783970694, 3.9365169922153265, 6.047913622068357, 5.497763613506859, 7.535076534448739, 6.982282464208963, 6.487773045506447, 4.008218981043825, 4.545254877341864, 4.444142721605597, 4.311191488440289, 4.97626042324957], [3.6976203820835907, 2.54276420849437, 2.77195248516276, 2.4131693869266617, 3.506255059176386, 1.364785737762525, 0.0, 1.230464729279145, 1.5234519651108138, 2.5422890689298097, 3.0247304408822946, 3.1687748089758605, 4.588407285758317, 5.568531089973369, 2.4944555337788645, 3.1016836299016703, 3.508809869457164, 3.774995370858089, 2.019264888517601, 3.466456512059541, 4.076370641882311, 3.261635493123044, 2.812060287404948, 3.5215347009507094, 2.867277014869683, 5.128436218770786, 4.765734805882509, 6.544584662910245, 5.793032323403694, 5.4509453767213625, 2.6888623077428115, 3.449329026057097, 3.810009309699912, 3.397915293234956, 4.389341657925479], [4.769941366515945, 3.6886071639576907, 3.9847940988211676, 3.4846537762021637, 4.438331590812026, 2.2408011379861446, 1.230464729279145, 0.0, 2.4300653653760014, 3.185265605879673, 3.7695503617805666, 3.221442282580894, 4.640536739430042, 5.315558556727599, 2.8768142067224294, 3.462976461080843, 3.496548819907996, 4.978529077950635, 2.410195000409718, 4.175005075446017, 4.713017396530592, 4.245192198240264, 3.3501358106799195, 3.4450157764515392, 2.589105608120302, 5.363978786311519, 4.868659660522596, 6.3421160884991705, 5.4989305969433735, 4.992276860311335, 2.5813691522136075, 3.888424400705252, 4.387671574992822, 3.007453522500389, 4.419223318638695], [2.424852737796669, 1.5244437050937631, 2.471386406452864, 2.8906022036938945, 4.1140654868390225, 2.465549192370738, 1.5234519651108138, 2.4300653653760014, 0.0, 1.5834351454985454, 2.5986356824303014, 2.62624268870948, 4.003896236167965, 5.140824697458569, 1.5565633877230955, 2.583224312753347, 3.519757203274112, 3.382700894255949, 3.3723788191720097, 2.174813274743374, 3.5440103244770604, 2.790917196908572, 2.958634027722929, 2.8250738503621458, 2.891792490826408, 4.247293502926305, 4.379744792793296, 6.076259329554656, 5.236004189264939, 5.323920109280379, 2.19636769690323, 2.1900718344383137, 3.0831310140829236, 3.7052711925039983, 4.447041540170273], [3.0502368203141215, 2.49871513582481, 3.4350175967525995, 3.87716998079785, 5.064643131554286, 3.3877630495653026, 2.5422890689298097, 3.185265605879673, 1.5834351454985454, 0.0, 1.5405450301760089, 1.5518317692327348, 2.5882239876023094, 3.924541941424502, 2.595668518898359, 3.964071897682987, 4.924901019309932, 4.259035836900178, 4.227761116714141, 1.100063125461444, 2.186743803009397, 2.197694214398355, 2.1928806739081814, 2.176391605387229, 2.186069648936191, 2.7771257335597896, 2.900546519192547, 4.736666036359329, 4.1990672357084255, 4.265992537499334, 2.8992117894351908, 2.7513780728936545, 4.43427423712156, 4.963447137826694, 5.91607038835746], [3.7093537456004384, 3.0462833584550206, 3.4578400338939916, 3.6783531654804436, 4.685522858764004, 3.310505621502552, 3.0247304408822946, 3.7695503617805666, 2.5986356824303014, 1.5405450301760089, 0.0, 2.542603742229607, 3.0370545039560946, 4.483111341468111, 3.971770850640807, 5.176612519785502, 6.075564123602021, 4.194351855769852, 4.049589140888245, 2.126580567483866, 1.094619427015618, 1.0934004618619841, 1.0946210759893125, 3.487381139193134, 2.8316411425178867, 3.2826291733913533, 2.7604429644533504, 5.096714942980429, 5.065103076937329, 4.728735515970417, 4.300722026590419, 4.22042397040866, 5.570219821515126, 6.094114020922156, 7.011219319775982], [4.42783741119748, 3.9038270312604784, 4.850981439873792, 5.083326700104961, 6.259772296976944, 4.266393202694754, 3.1687748089758605, 3.221442282580894, 2.62624268870948, 1.5518317692327348, 2.542603742229607, 0.0, 1.5337139270411546, 2.523567841370626, 3.0406737378416646, 4.5194466929039, 5.247979436888068, 5.73743066014745, 4.898534386936566, 2.139653299018325, 2.825467108284929, 3.508929360930482, 2.7766666508603444, 1.094868969329207, 1.0957375004990932, 2.1680424396215123, 2.1736544780622333, 3.4749878819932603, 2.7894188803404916, 2.7792472236200947, 2.7629995367353937, 3.1830171315907174, 5.218965699254977, 5.005493239432054, 6.321614012259844], [5.4161997922897935, 5.068752274475445, 5.9951950810628345, 6.283227076113039, 7.415929988882042, 5.536555840050744, 4.588407285758317, 4.640536739430042, 4.003896236167965, 2.5882239876023094, 3.0370545039560946, 1.5337139270411546, 0.0, 1.5219923718599906, 4.455467662322329, 5.962294432515054, 6.743883446501726, 6.801729936567608, 6.140646764796034, 2.7719210468554114, 2.7256110305764465, 4.058269743375864, 3.332367356700038, 2.1326762646965434, 2.1512143779735204, 1.0958470924358015, 1.0949550401728831, 2.1603069295819983, 2.170524305323486, 2.1697551889556577, 4.190563738925826, 4.362645861171864, 6.581838805379543, 6.4948261239235645, 7.816690164641298], [6.71477422181863, 6.363502073544096, 7.32937397872424, 7.53019024660068, 8.665688472360404, 6.632217774621096, 5.568531089973369, 5.315558556727599, 5.140824697458569, 3.924541941424502, 4.483111341468111, 2.523567841370626, 1.5219923718599906, 0.0, 5.280895341701064, 6.741187821148436, 7.34499188154759, 8.181805704732911, 7.118817953143625, 4.132583599880346, 4.190111562953903, 5.536834775392887, 4.593789553299106, 2.660664317421497, 2.7820242737977683, 2.1469260094376796, 2.135197016670827, 1.0945504510985327, 1.0946612352687017, 1.0947272354335575, 4.737327327723935, 5.184679566762058, 7.470377224745749, 6.931332640986147, 8.425150214091142], [2.8956330257820997, 2.48131705551709, 3.591556722369842, 4.089740360952025, 5.251192589307689, 3.6449850616977844, 2.4944555337788645, 2.8768142067224294, 1.5565633877230955, 2.595668518898359, 3.971770850640807, 3.0406737378416646, 4.455467662322329, 5.280895341701064, 0.0, 1.5120145535013876, 2.5183406342272288, 4.367087562666908, 4.413701204204925, 2.8450518765041877, 4.772014197380389, 4.267395062564515, 4.350967484364828, 2.6331097812282724, 3.3833985709638172, 4.626856790522049, 5.130981930391102, 6.284539453293296, 5.053330589818956, 5.499748006045369, 1.0973524957824627, 1.0982573742069752, 2.2300810321600424, 2.775215240301191, 3.506357879623813], [3.272980887509122, 2.934190484614113, 3.7341858014833704, 4.18049209902375, 5.15484358831575, 3.9582140682383518, 3.1016836299016703, 3.462976461080843, 2.583224312753347, 3.964071897682987, 5.176612519785502, 4.5194466929039, 5.962294432515054, 6.741187821148436, 1.5120145535013876, 0.0, 1.338778585128997, 4.3420232277130895, 4.613100268799715, 4.184982132578346, 6.07439581439998, 5.26079093388057, 5.483622147814345, 4.088435022108093, 4.720936472777408, 6.126696872703921, 6.607411440193505, 7.763895520291344, 6.453122411670184, 6.890784390764233, 2.1254678096833177, 2.1174947390725674, 1.0897471633365237, 2.122267706958761, 2.1133329056256134], [4.5445764478111705, 4.0435946260722035, 4.590117377584151, 4.703525665923383, 5.529048216465471, 4.302724203339089, 3.508809869457164, 3.496548819907996, 3.519757203274112, 4.924901019309932, 6.075564123602021, 5.247979436888068, 6.743883446501726, 7.34499188154759, 2.5183406342272288, 1.338778585128997, 0.0, 5.223032338594123, 4.69842941736917, 5.320878631391624, 7.02439469634217, 6.224038994897123, 6.182200800685788, 4.781034192515255, 5.2080917637845054, 7.062141614977712, 7.3740007011119815, 8.415429688970136, 7.030702199638384, 7.321995294999854, 2.630641611850615, 3.2667587315257918, 2.095284243247202, 1.0870468435168745, 1.0859848479605965], [2.4312042160213525, 2.0294488192610327, 1.0105213060594018, 2.021288707730788, 2.4535267616229497, 3.2138754642954037, 3.774995370858089, 4.978529077950635, 3.382700894255949, 4.259035836900178, 4.194351855769852, 5.73743066014745, 6.801729936567608, 8.181805704732911, 4.367087562666908, 4.3420232277130895, 5.223032338594123, 0.0, 4.012300629314807, 4.3791326835344915, 5.0398299257018575, 3.3579317592827875, 4.607598698888608, 6.107336845139622, 6.0039696210090865, 6.796751713870385, 6.861827051886399, 8.961371204229854, 8.40323517283671, 8.436003320886021, 5.325217293219123, 4.714941656054718, 4.009173205288093, 5.852921227045517, 5.594725510693085], [5.010783621351056, 3.785363191293538, 3.202816811808006, 2.007960532480656, 2.435645682360224, 1.011011325356942, 2.019264888517601, 2.410195000409718, 3.3723788191720097, 4.227761116714141, 4.049589140888245, 4.898534386936566, 6.140646764796034, 7.118817953143625, 4.413701204204925, 4.613100268799715, 4.69842941736917, 4.012300629314807, 0.0, 5.168548645412946, 5.079800175203745, 3.9933041481960774, 3.46575768483603, 5.426855907429273, 4.370539208152697, 6.767131350875347, 6.028126761275015, 8.022640110337743, 7.512028275372771, 6.829132704084759, 4.614157515733506, 5.388803987899355, 5.1727696304784345, 4.55231559868162, 5.294047247616893], [2.683969839621899, 2.6102659883621055, 3.734791941996234, 4.488168145245897, 5.65838488351579, 4.25463744166292, 3.466456512059541, 4.175005075446017, 2.174813274743374, 1.100063125461444, 2.126580567483866, 2.139653299018325, 2.7719210468554114, 4.132583599880346, 2.8450518765041877, 4.184982132578346, 5.320878631391624, 4.3791326835344915, 5.168548645412946, 0.0, 2.412404936987155, 2.5271505574460735, 3.0547502500204495, 2.4730088434940947, 3.0584744481522157, 2.5118788466006876, 3.22153521632156, 4.823770643386768, 4.276728568660864, 4.717148665242596, 3.317936111500642, 2.5688814102640083, 4.448030864326371, 5.513852748305852, 6.264336635271128], [4.376742124000454, 3.9371016281015656, 4.409713118786755, 4.711058025539486, 5.658749138281357, 4.387017312480086, 4.076370641882311, 4.713017396530592, 3.5440103244770604, 2.186743803009397, 1.094619427015618, 2.825467108284929, 2.7256110305764465, 4.190111562953903, 4.772014197380389, 6.07439581439998, 7.02439469634217, 5.0398299257018575, 5.079800175203745, 2.412404936987155, 0.0, 1.746455387348901, 1.7683779714755554, 3.802582966879224, 3.2536832497955297, 2.804294217802404, 2.2304438056135822, 4.5897872216476445, 4.8824201631977555, 4.567788702424839, 5.039055377746904, 4.838644175799663, 6.437734796494805, 7.025822836508191, 7.985307131225448], [3.279419021717109, 2.664606299249478, 2.786576754729717, 3.1436851655342335, 4.039549919236053, 3.1874629629220794, 3.261635493123044, 4.245192198240264, 2.790917196908572, 2.197694214398355, 1.0934004618619841, 3.508929360930482, 4.058269743375864, 5.536834775392887, 4.267395062564515, 5.26079093388057, 6.224038994897123, 3.3579317592827875, 3.9933041481960774, 2.5271505574460735, 1.746455387348901, 0.0, 1.774384431288778, 4.343117177788322, 3.822131312500919, 4.142396053010866, 3.786917872095987, 6.123063115794251, 6.070652171719279, 5.818662788820126, 4.818797076034641, 4.505102316263195, 5.471441244315797, 6.398176387846775, 7.057143128773852], [4.505045574686232, 3.6222503640692754, 3.7879009992342727, 3.60294969851093, 4.508655466987914, 2.9537997647098555, 2.812060287404948, 3.3501358106799195, 2.958634027722929, 2.1928806739081814, 1.0946210759893125, 2.7766666508603444, 3.332367356700038, 4.593789553299106, 4.350967484364828, 5.483622147814345, 6.182200800685788, 4.607598698888608, 3.46575768483603, 3.0547502500204495, 1.7683779714755554, 1.774384431288778, 0.0, 3.7950919264228635, 2.6256271288970185, 3.872182569301194, 2.8791369852787483, 5.2374992381861025, 5.280869485226842, 4.585464589330072, 4.506028767107463, 4.815521964439577, 6.012567429975318, 6.048290718872564, 7.11906792845805], [4.506603548128013, 4.133152923616546, 5.24206382734892, 5.577802070708497, 6.78707802003189, 4.781686783970694, 3.5215347009507094, 3.4450157764515392, 2.8250738503621458, 2.176391605387229, 3.487381139193134, 1.094868969329207, 2.1326762646965434, 2.660664317421497, 2.6331097812282724, 4.088435022108093, 4.781034192515255, 6.107336845139622, 5.426855907429273, 2.4730088434940947, 3.802582966879224, 4.343117177788322, 3.7950919264228635, 0.0, 1.7618535381807423, 2.5273802563128487, 3.0484120932052474, 3.67993114337755, 2.4720225585540274, 2.9899524829000215, 2.1566271304979914, 2.6165794656382975, 4.82097286551169, 4.53561279101292, 5.8521470709475505], [5.0566515966595915, 4.305846293122874, 5.042801310779556, 4.980791861742468, 6.087949199853757, 3.9365169922153265, 2.867277014869683, 2.589105608120302, 2.891792490826408, 2.186069648936191, 2.8316411425178867, 1.0957375004990932, 2.1512143779735204, 2.7820242737977683, 3.3833985709638172, 4.720936472777408, 5.2080917637845054, 6.0039696210090865, 4.370539208152697, 3.0584744481522157, 3.2536832497955297, 3.822131312500919, 2.6256271288970185, 1.7618535381807423, 0.0, 3.06081500421048, 2.4673782279982936, 3.770197874117485, 3.1770354137151195, 2.590072180461387, 2.9086428226923977, 3.821627665013953, 5.556196970950543, 4.7785273484620765, 6.279837407927055], [5.171194138687891, 5.071852987814217, 6.098764255978419, 6.603600519413633, 7.750376087003779, 6.047913622068357, 5.128436218770786, 5.363978786311519, 4.247293502926305, 2.7771257335597896, 3.2826291733913533, 2.1680424396215123, 1.0958470924358015, 2.1469260094376796, 4.626856790522049, 6.126696872703921, 7.062141614977712, 6.796751713870385, 6.767131350875347, 2.5118788466006876, 2.804294217802404, 4.142396053010866, 3.872182569301194, 2.5273802563128487, 3.06081500421048, 0.0, 1.7682476551659838, 2.477148574470252, 2.5000236658879853, 3.0656472677070985, 4.539321876668364, 4.285195213756311, 6.595449574517267, 6.958724546208162, 8.1036108408536], [5.795551418976454, 5.344736133804923, 6.072611726432046, 6.234751258069563, 7.2778569194509455, 5.497763613506859, 4.765734805882509, 4.868659660522596, 4.379744792793296, 2.900546519192547, 2.7604429644533504, 2.1736544780622333, 1.0949550401728831, 2.135197016670827, 5.130981930391102, 6.607411440193505, 7.3740007011119815, 6.861827051886399, 6.028126761275015, 3.22153521632156, 2.2304438056135822, 3.786917872095987, 2.8791369852787483, 3.0484120932052474, 2.4673782279982936, 1.7682476551659838, 0.0, 2.456106612099728, 3.05715339163739, 2.4935051513883026, 4.936097854581086, 5.155971971413344, 7.2148715927589455, 7.109183051518649, 8.438716378099219], [7.480692898388491, 7.202644420627746, 8.151598587393764, 8.384450795371157, 9.497084383641118, 7.535076534448739, 6.544584662910245, 6.3421160884991705, 6.076259329554656, 4.736666036359329, 5.096714942980429, 3.4749878819932603, 2.1603069295819983, 1.0945504510985327, 6.284539453293296, 7.763895520291344, 8.415429688970136, 8.961371204229854, 8.022640110337743, 4.823770643386768, 4.5897872216476445, 6.123063115794251, 5.2374992381861025, 3.67993114337755, 3.770197874117485, 2.477148574470252, 2.456106612099728, 0.0, 1.7715187918845232, 1.7723358400709501, 5.796789095697721, 6.106119618874167, 8.444258693929267, 8.022265777821126, 9.494114464235198], [6.714437021076302, 6.472095220251321, 7.562544097061517, 7.858940221811081, 9.039697087845365, 6.982282464208963, 5.793032323403694, 5.4989305969433735, 5.236004189264939, 4.1990672357084255, 5.065103076937329, 2.7894188803404916, 2.170524305323486, 1.0946612352687017, 5.053330589818956, 6.453122411670184, 7.030702199638384, 8.40323517283671, 7.512028275372771, 4.276728568660864, 4.8824201631977555, 6.070652171719279, 5.280869485226842, 2.4720225585540274, 3.1770354137151195, 2.5000236658879853, 3.05715339163739, 1.7715187918845232, 0.0, 1.775043509325898, 4.436008562886236, 4.835369920698932, 7.173394461480562, 6.6325803138748345, 8.0858700811972], [7.190182869023569, 6.669168430921505, 7.520817173685319, 7.528907423391525, 8.61475553106413, 6.487773045506447, 5.4509453767213625, 4.992276860311335, 5.323920109280379, 4.265992537499334, 4.728735515970417, 2.7792472236200947, 2.1697551889556577, 1.0947272354335575, 5.499748006045369, 6.890784390764233, 7.321995294999854, 8.436003320886021, 6.829132704084759, 4.717148665242596, 4.567788702424839, 5.818662788820126, 4.585464589330072, 2.9899524829000215, 2.590072180461387, 3.0656472677070985, 2.4935051513883026, 1.7723358400709501, 1.775043509325898, 0.0, 4.822189259039924, 5.606508233294588, 7.72727615657678, 6.767901206430248, 8.399512622170407], [3.9513848686251762, 3.448390675373079, 4.470185804863149, 4.740144700322976, 5.8916217436288285, 4.008218981043825, 2.6888623077428115, 2.5813691522136075, 2.19636769690323, 2.8992117894351908, 4.300722026590419, 2.7629995367353937, 4.190563738925826, 4.737327327723935, 1.0973524957824627, 2.1254678096833177, 2.630641611850615, 5.325217293219123, 4.614157515733506, 3.317936111500642, 5.039055377746904, 4.818797076034641, 4.506