{"total energy": -37.77796131, "HOMO-LUMO gap/eV": 3.1569573, "electronic energy": -38.32240506, "dipole": [-0.246489, 0.82097609, 0.3346354], "partial charges": [-0.11284563, 0.08551058, -0.27266826, 0.34890263, -0.419464, -0.07076409, -0.01085698, 0.01765822, -0.02965102, -0.02828851, -0.02673533, -0.02824831, -0.0302505, 0.05448555, 0.04925683, 0.05438725, 0.05006503, 0.05001913, 0.06426817, 0.07200363, 0.03791143, 0.03574792, 0.03497914, 0.03596951, 0.03860762], "atomic dipole moments": [[-0.08038846, -0.1036764, -0.04238317], [-0.19714694, 0.13335164, 0.0572546], [0.05967662, -0.20048147, -0.08391757], [0.17213614, 0.05051053, 0.01822231], [-0.02693578, 0.16854519, 0.07044738], [0.12002877, -0.01342898, -0.00637758], [-0.0675366, 9.608e-05, 0.00252222], [0.06296059, -0.01381003, -0.0109757], [0.00434649, -0.01714307, -0.01478316], [0.00065551, -0.00186964, -0.001887], [0.00300216, -0.00145535, -0.00028771], [0.00150588, 0.0007078, 0.0027246], [0.02181915, 0.0108323, 0.00995443], [-0.01899383, 0.11003338, -0.06301872], [0.12177417, -0.0385758, -0.01716129], [-0.01722108, 0.03278006, 0.12268372], [0.01836095, -0.10342037, 0.07256253], [0.01652041, -0.02136424, -0.12481267], [0.00430982, 0.14572652, 0.05537368], [0.00412506, -0.14359682, -0.05859087], [0.10352015, 0.03935474, 0.10476896], [-0.03033675, 0.089736, 0.11844931], [-0.13995821, 0.05313287, 0.02128666], [-0.11100683, -0.03764162, -0.09619951], [0.02176712, -0.09076662, -0.12067445]], "atomic quadrupole moments": [[0.04931824, 0.18992905, 0.06082531, 0.07708226, 0.08358299, -0.11014355], [0.44958318, -0.07910569, -0.10090627, -0.04088233, 0.12567565, -0.34867691], [0.10196805, -0.02738555, -0.02690714, -0.01330351, 0.02415814, -0.07506091], [-0.15510349, 0.17287674, -0.18390349, 0.07739024, -0.26595556, 0.33900698], [-0.11429028, -0.00554487, -0.04381907, 0.00022792, -0.10136366, 0.15810935], [-0.15057143, -0.13081911, -0.2213981, -0.03755548, -0.2619592, 0.37196953], [-0.24683586, -0.10876747, -0.25179683, -0.01706036, -0.33997317, 0.4986327], [-0.0958274, 0.07797986, 0.19186832, -0.11308578, -0.32315242, -0.09604092], [-0.21775445, 0.15248838, 0.26803584, -0.09403984, -0.34410886, -0.05028139], [-0.22424281, 0.14533179, 0.24694631, -0.08927106, -0.3585457, -0.0227035], [-0.23751184, 0.14412377, 0.24690367, -0.09543591, -0.35901385, -0.00939182], [-0.23680856, 0.13430202, 0.24669474, -0.10220394, -0.3569054, -0.00988618], [-0.21521411, 0.13953545, 0.23847007, -0.09628259, -0.35743447, -0.02325597], [-0.04167453, -0.01180018, 0.03627488, 0.0230073, -0.0532899, 0.00539965], [0.06832796, -0.03937044, -0.02146653, -0.01752723, 0.01331132, -0.04686143], [-0.04258219, 0.00815021, -0.03246491, -0.02286285, 0.01492482, 0.0750471], [0.00082527, -0.00231838, 0.0119382, 0.0025501, -0.03415734, -0.01276347], [0.00076497, 0.00057734, -0.03461327, -0.00296104, 0.0121519, 0.0338483], [0.0303702, -0.00102619, 0.01536715, -0.00184999, 0.03135132, -0.04573736], [0.04119623, 0.00233729, 0.0067026, 0.00412174, 0.03120542, -0.04789883], [0.03648563, -0.02234286, -0.03199221, 0.0083319, 0.04064264, -0.00449342], [0.03493611, -0.01778102, -0.03481814, 0.01686634, 0.04217902, -0.00011796], [0.02491269, -0.01491122, -0.03087002, 0.01461174, 0.04816686, 0.00595733], [0.02819037, -0.02118122, -0.02987547, 0.00640667, 0.04741833, 0.0016851], [0.03653297, -0.02051733, -0.03173177, 0.00936735, 0.04143805, -0.0048012]], "number of molecular orbitals": 64, "number of electrons": 68, "number of unpaired electrons": 0, "orbital energies/eV": [-19.94928228, -19.16379515, -18.22451731, -17.76155996, -17.4606768, -17.00580701, -16.86772642, -16.57227573, -16.3241687, -15.99534588, -15.78697274, -15.70788647, -15.34462681, -15.14216519, -14.75043678, -14.48684948, -14.1387042, -13.82977931, -13.68368491, -13.51753331, -13.36339144, -13.19450885, -13.12182757, -13.00982131, -12.81040081, -12.67887765, -12.54538818, -12.03586745, -11.84164158, -11.83189679, -11.6418742, -11.18827507, -11.13261169, -10.863214, -7.7062567, -6.38012331, -6.00345055, -4.400474, -2.6851655, 0.34812974, 2.44896037, 2.86670261, 2.96111088, 3.30052084, 3.54677502, 3.84344612, 3.88054786, 4.30933732, 4.48757812, 4.56644026, 4.6586137, 5.30218062, 5.788451, 6.50260804, 7.00605133, 9.14299985, 10.2085608, 10.69181513, 11.16614152, 11.93406364, 13.92407603, 16.24262913, 17.19545994, 18.61858976], "fractional occupation": [2.0, 2.0, 2.0, 2.0, 2.0, 2.0, 2.0, 2.0, 2.0, 2.0, 2.0, 2.0, 2.0, 2.0, 2.0, 2.0, 2.0, 2.0, 2.0, 2.0, 2.0, 2.0, 2.0, 2.0, 2.0, 2.0, 2.0, 2.0, 2.0, 2.0, 2.0, 2.0, 2.0, 2.0, 0.0, 0.0, 0.0, 0.0, 0.0, 0.0, 0.0, 0.0, 0.0, 0.0, 0.0, 0.0, 0.0, 0.0, 0.0, 0.0, 0.0, 0.0, 0.0, 0.0, 0.0, 0.0, 0.0, 0.0, 0.0, 0.0, 0.0, 0.0, 0.0, 0.0], "program call": "xtb /home/svss/Project-DBcg-Debug/aqme2_20220329/End-to-End-workflows-final/example-3/QDESCP/mol_739_rdkit_conf_1/mol_739_rdkit_conf_1.xyz --pop --wbo --acc 0.2 --gfn 2 --chrg 0 --uhf 0 --etemp 300 --input /home/svss/Project-DBcg-Debug/aqme2_20220329/End-to-End-workflows-final/example-3/QDESCP/mol_739_rdkit_conf_1/mol_739_rdkit_conf_1_xtb.inp", "method": "GFN2-xTB", "xtb version": "6.3.3 (7355c4f)", "Dipole module/D": 2.339, "Total charge": 0, "Transition dipole module/D": NaN, "HOMO": -10.8632, "LUMO": -7.7063, "HOMO occupancy": 2.0, "LUMO occupancy": 0, "mulliken charges": [-0.09556, 0.20531, -0.42343, 0.57165, -0.53931, -0.07634, 0.01275, 0.00549, -0.03008, -0.02517, -0.02393, -0.02501, -0.0296, 0.0416, 0.03333, 0.04152, 0.03832, 0.03833, 0.05128, 0.05744, 0.03439, 0.0337, 0.03316, 0.03396, 0.03619], "cm5 charges": [-0.24222, 0.12298, -0.50601, 0.62633, -0.58723, -0.12512, -0.0397, -0.00546, -0.08269, -0.08052, -0.0793, -0.08033, -0.08231, 0.09483, 0.08451, 0.09475, 0.10304, 0.10304, 0.11323, 0.11774, 0.09112, 0.08907, 0.08855, 0.08932, 0.09239], "FUKUI+": [0.01, 0.014, -0.061, -0.046, -0.121, -0.048, -0.059, -0.031, -0.023, -0.021, -0.047, -0.021, -0.026, -0.015, -0.027, -0.014, -0.024, -0.024, -0.07, -0.068, -0.044, -0.059, -0.066, -0.06, -0.049], "FUKUI-": [0.012, 0.011, -0.055, -0.007, -0.086, -0.045, -0.02, -0.044, -0.023, -0.024, -0.05, -0.025, -0.025, -0.045, -0.042, -0.049, -0.058, -0.059, -0.047, -0.048, -0.044, -0.056, -0.064, -0.057, -0.05], "FUKUIrad": [0.011, 0.013, -0.058, -0.026, -0.104, -0.046, -0.04, -0.038, -0.023, -0.023, -0.048, -0.023, -0.025, -0.03, -0.034, -0.032, -0.041, -0.041, -0.059, -0.058, -0.044, -0.058, -0.065, -0.059, -0.05], "s proportion": [1.011, 0.993, 1.7, 0.973, 1.73, 1.072, 1.082, 1.08, 1.065, 1.061, 1.062, 1.061, 1.066, 0.958, 0.967, 0.958, 0.962, 0.962, 0.949, 0.943, 0.966, 0.966, 0.967, 0.966, 0.964], "p proportion": [3.085, 2.801, 4.723, 2.455, 4.81, 3.005, 2.905, 2.915, 2.966, 2.964, 2.962, 2.964, 2.964, 0.0, 0.0, 0.0, 0.0, 0.0, 0.0, 0.0, 0.0, 0.0, 0.0, 0.0, 0.0], "d proportion": [0.0, 0.0, 0.0, 0.0, 0.0, 0.0, 0.0, 0.0, 0.0, 0.0, 0.0, 0.0, 0.0, 0.0, 0.0, 0.0, 0.0, 0.0, 0.0, 0.0, 0.0, 0.0, 0.0, 0.0, 0.0], "Fermi-level/eV": -9.2847, "Coordination numbers": [3.748, 3.707, 1.706, 2.732, 0.856, 2.894, 2.902, 2.966, 2.916, 2.911, 2.912, 2.91, 2.919, 0.924, 0.924, 0.924, 0.924, 0.924, 0.925, 0.925, 0.925, 0.925, 0.925, 0.925, 0.925], "Dispersion coefficient C6": [22.726, 19.296, 18.522, 21.075, 22.074, 29.762, 28.286, 27.613, 28.74, 28.707, 28.669, 28.706, 28.755, 2.265, 2.329, 2.266, 2.319, 2.32, 2.15, 2.064, 2.477, 2.506, 2.517, 2.503, 2.467], "Total dispersion C6": 7020.510088, "Total dispersion C8": 166321.489464, "Polarizability alpha": [6.799, 6.279, 5.811, 7.516, 6.299, 8.945, 8.721, 8.619, 8.791, 8.786, 8.78, 8.786, 8.794, 2.353, 2.387, 2.354, 2.382, 2.382, 2.293, 2.246, 2.461, 2.476, 2.481, 2.474, 2.456], "Total polarizability alpha": 131.66962, "Wiberg matrix": [[0.0, 1.020016199414628, 0.0, 0.0, 0.0, 0.0, 0.0, 0.0, 0.0, 0.0, 0.0, 0.0, 0.0, 0.9856167605218216, 0.9842114741289476, 0.9856222834930193, 0.0, 0.0, 0.0, 0.0, 0.0, 0.0, 0.0, 0.0, 0.0], [1.020016199414628, 0.0, 0.9431343281948815, 0.0, 0.0, 0.0, 0.0, 0.0, 0.0, 0.0, 0.0, 0.0, 0.0, 0.0, 0.0, 0.0, 0.9693193171198531, 0.9693098263282689, 0.0, 0.0, 0.0, 0.0, 0.0, 0.0, 0.0], [0.0, 0.9431343281948815, 0.0, 1.106477416738148, 0.16824202544877365, 0.0, 0.0, 0.0, 0.0, 0.0, 0.0, 0.0, 0.0, 0.0, 0.0, 0.0, 0.0, 0.0, 0.0, 0.0, 0.0, 0.0, 0.0, 0.0, 0.0], [0.0, 0.0, 1.106477416738148, 0.0, 1.7149502483455703, 1.0327106165801572, 0.0, 0.0, 0.0, 0.0, 0.0, 0.0, 0.0, 0.0, 0.0, 0.0, 0.0, 0.0, 0.0, 0.0, 0.0, 0.0, 0.0, 0.0, 0.0], [0.0, 0.0, 0.16824202544877365, 1.7149502483455703, 0.0, 0.0, 0.0, 0.0, 0.0, 0.0, 0.0, 0.0, 0.0, 0.0, 0.0, 0.0, 0.0, 0.0, 0.0, 0.0, 0.0, 0.0, 0.0, 0.0, 0.0], [0.0, 0.0, 0.0, 1.0327106165801572, 0.0, 0.0, 1.8032531641786798, 0.0, 0.0, 0.0, 0.0, 0.0, 0.0, 0.0, 0.0, 0.0, 0.0, 0.0, 0.9629119938534771, 0.0, 0.0, 0.0, 0.0, 0.0, 0.0], [0.0, 0.0, 0.0, 0.0, 0.0, 1.8032531641786798, 0.0, 1.0837293988061705, 0.0, 0.0, 0.0, 0.0, 0.0, 0.0, 0.0, 0.0, 0.0, 0.0, 0.0, 0.9549082113294973, 0.0, 0.0, 0.0, 0.0, 0.0], [0.0, 0.0, 0.0, 0.0, 0.0, 0.0, 1.0837293988061705, 0.0, 1.3781208422186242, 0.0, 0.0, 0.0, 1.3772482723809936, 0.0, 0.0, 0.0, 0.0, 0.0, 0.0, 0.0, 0.0, 0.0, 0.0, 0.0, 0.0], [0.0, 0.0, 0.0, 0.0, 0.0, 0.0, 0.0, 1.3781208422186242, 0.0, 1.4504312691057994, 0.0, 0.10816192592026125, 0.0, 0.0, 0.0, 0.0, 0.0, 0.0, 0.0, 0.0, 0.9688517892508655, 0.0, 0.0, 0.0, 0.0], [0.0, 0.0, 0.0, 0.0, 0.0, 0.0, 0.0, 0.0, 1.4504312691057994, 0.0, 1.4337914762345971, 0.0, 0.10851283395028824, 0.0, 0.0, 0.0, 0.0, 0.0, 0.0, 0.0, 0.0, 0.9707814233119485, 0.0, 0.0, 0.0], [0.0, 0.0, 0.0, 0.0, 0.0, 0.0, 0.0, 0.0, 0.0, 1.4337914762345971, 0.0, 1.4334440340646943, 0.0, 0.0, 0.0, 0.0, 0.0, 0.0, 0.0, 0.0, 0.0, 0.0, 0.9710063647433202, 0.0, 0.0], [0.0, 0.0, 0.0, 0.0, 0.0, 0.0, 0.0, 0.0, 0.10816192592026125, 0.0, 1.4334440340646943, 0.0, 1.451101132455854, 0.0, 0.0, 0.0, 0.0, 0.0, 0.0, 0.0, 0.0, 0.0, 0.0, 0.9707383144020669, 0.0], [0.0, 0.0, 0.0, 0.0, 0.0, 0.0, 0.0, 1.3772482723809936, 0.0, 0.10851283395028824, 0.0, 1.451101132455854, 0.0, 0.0, 0.0, 0.0, 0.0, 0.0, 0.0, 0.0, 0.0, 0.0, 0.0, 0.0, 0.9696751466019413], [0.9856167605218216, 0.0, 0.0, 0.0, 0.0, 0.0, 0.0, 0.0, 0.0, 0.0, 0.0, 0.0, 0.0, 0.0, 0.0, 0.0, 0.0, 0.0, 0.0, 0.0, 0.0, 0.0, 0.0, 0.0, 0.0], [0.9842114741289476, 0.0, 0.0, 0.0, 0.0, 0.0, 0.0, 0.0, 0.0, 0.0, 0.0, 0.0, 0.0, 0.0, 0.0, 0.0, 0.0, 0.0, 0.0, 0.0, 0.0, 0.0, 0.0, 0.0, 0.0], [0.9856222834930193, 0.0, 0.0, 0.0, 0.0, 0.0, 0.0, 0.0, 0.0, 0.0, 0.0, 0.0, 0.0, 0.0, 0.0, 0.0, 0.0, 0.0, 0.0, 0.0, 0.0, 0.0, 0.0, 0.0, 0.0], [0.0, 0.9693193171198531, 0.0, 0.0, 0.0, 0.0, 0.0, 0.0, 0.0, 0.0, 0.0, 0.0, 0.0, 0.0, 0.0, 0.0, 0.0, 0.0, 0.0, 0.0, 0.0, 0.0, 0.0, 0.0, 0.0], [0.0, 0.9693098263282689, 0.0, 0.0, 0.0, 0.0, 0.0, 0.0, 0.0, 0.0, 0.0, 0.0, 0.0, 0.0, 0.0, 0.0, 0.0, 0.0, 0.0, 0.0, 0.0, 0.0, 0.0, 0.0, 0.0], [0.0, 0.0, 0.0, 0.0, 0.0, 0.9629119938534771, 0.0, 0.0, 0.0, 0.0, 0.0, 0.0, 0.0, 0.0, 0.0, 0.0, 0.0, 0.0, 0.0, 0.0, 0.0, 0.0, 0.0, 0.0, 0.0], [0.0, 0.0, 0.0, 0.0, 0.0, 0.0, 0.9549082113294973, 0.0, 0.0, 0.0, 0.0, 0.0, 0.0, 0.0, 0.0, 0.0, 0.0, 0.0, 0.0, 0.0, 0.0, 0.0, 0.0, 0.0, 0.0], [0.0, 0.0, 0.0, 0.0, 0.0, 0.0, 0.0, 0.0, 0.9688517892508655, 0.0, 0.0, 0.0, 0.0, 0.0, 0.0, 0.0, 0.0, 0.0, 0.0, 0.0, 0.0, 0.0, 0.0, 0.0, 0.0], [0.0, 0.0, 0.0, 0.0, 0.0, 0.0, 0.0, 0.0, 0.0, 0.9707814233119485, 0.0, 0.0, 0.0, 0.0, 0.0, 0.0, 0.0, 0.0, 0.0, 0.0, 0.0, 0.0, 0.0, 0.0, 0.0], [0.0, 0.0, 0.0, 0.0, 0.0, 0.0, 0.0, 0.0, 0.0, 0.0, 0.9710063647433202, 0.0, 0.0, 0.0, 0.0, 0.0, 0.0, 0.0, 0.0, 0.0, 0.0, 0.0, 0.0, 0.0, 0.0], [0.0, 0.0, 0.0, 0.0, 0.0, 0.0, 0.0, 0.0, 0.0, 0.0, 0.0, 0.9707383144020669, 0.0, 0.0, 0.0, 0.0, 0.0, 0.0, 0.0, 0.0, 0.0, 0.0, 0.0, 0.0, 0.0], [0.0, 0.0, 0.0, 0.0, 0.0, 0.0, 0.0, 0.0, 0.0, 0.0, 0.0, 0.0, 0.9696751466019413, 0.0, 0.0, 0.0, 0.0, 0.0, 0.0, 0.0, 0.0, 0.0, 0.0, 0.0, 0.0]], "Born radii": [], "Atomic SASAs": [], "Solvent H bonds": [], "Total SASA": NaN, "Total FOD": 0.0, "FOD": [0.0, 0.0, 0.0, 0.0, 0.0, 0.0, 0.0, 0.0, 0.0, 0.0, 0.0, 0.0, 0.0, 0.0, 0.0, 0.0, 0.0, 0.0, 0.0, 0.0, 0.0, 0.0, 0.0, 0.0, 0.0], "FOD s proportion": [0.0, 0.0, 0.0, 0.0, 0.0, 0.0, 0.0, 0.0, 0.0, 0.0, 0.0, 0.0, 0.0, 0.0, 0.0, 0.0, 0.0, 0.0, 0.0, 0.0, 0.0, 0.0, 0.0, 0.0, 0.0], "FOD p proportion": [0.0, 0.0, 0.0, 0.0, 0.0, 0.0, 0.0, 0.0, 0.0, 0.0, 0.0, 0.0, 0.0, 0.0, 0.0, 0.0, 0.0, 0.0, 0.0, 0.0, 0.0, 0.0, 0.0, 0.0, 0.0], "FOD d proportion": [0.0, 0.0, 0.0, 0.0, 0.0, 0.0, 0.0, 0.0, 0.0, 0.0, 0.0, 0.0, 0.0, 0.0, 0.0, 0.0, 0.0, 0.0, 0.0, 0.0, 0.0, 0.0, 0.0, 0.0, 0.0], "coordinates": [["5.03410", "0.63270", "0.22340"], ["4.04420", "-0.43110", "-0.20950"], ["2.72150", "0.07200", "0.01200"], ["1.73800", "-0.79370", "-0.33920"], ["1.88480", "-1.91140", "-0.80430"], ["0.44090", "-0.14620", "-0.05820"], ["-0.70230", "-0.80150", "-0.30990"], ["-2.03960", "-0.23890", "-0.07950"], ["-2.32940", "0.58890", "1.01340"], ["-3.62290", "1.08050", "1.20970"], ["-4.64160", "0.74150", "0.32190"], ["-4.36980", "-0.09380", "-0.75910"], ["-3.07700", "-0.58590", "-0.95520"], ["4.87980", "1.55660", "-0.34380"], ["6.06270", "0.29310", "0.07260"], ["4.89510", "0.88120", "1.28080"], ["4.19770", "-1.34140", "0.38100"], ["4.18220", "-0.65350", "-1.27370"], ["0.46860", "0.86170", "0.33580"], ["-0.67550", "-1.80520", "-0.73230"], ["-1.55840", "0.85190", "1.73320"], ["-3.83550", "1.72310", "2.06020"], ["-5.64760", "1.12290", "0.47580"], ["-5.16380", "-0.36520", "-1.45010"], ["-2.88630", "-1.23800", "-1.80500"]], "bond_dist": [[0.0, 1.5162370724922931, 2.3889732543500775, 3.635300665694654, 4.176925016085398, 4.667276508843246, 5.936970901899385, 7.13362927688284, 7.405886219082764, 8.724503511948402, 9.676813017724378, 9.482955431193378, 8.286375994969092, 1.0950413416853262, 1.0936575149469792, 1.095065299422824, 2.149761272792865, 2.1497331136678337, 4.572621240601499, 6.2814211019481885, 6.766727490449131, 9.123190810237391, 10.695920562999708, 10.38236827848059, 8.38729164927511], [1.5162370724922931, 0.0, 1.4323781449044803, 2.338131580985125, 2.684787419890074, 3.6177106835677173, 4.761988930058532, 6.0882233270470625, 6.569525201260742, 7.942511291147151, 8.78068894563519, 8.438674507883333, 7.161809894851999, 2.1603738426485357, 2.162958228907808, 2.1603601991334687, 1.0958551866008572, 1.095913956476511, 3.8410414329970464, 4.943383329259425, 6.067066758327289, 8.478312793238995, 9.839488773813404, 9.291431276719427, 7.157411411257565], [2.3889732543500775, 1.4323781449044803, 0.0, 1.3564844930923463, 2.302235465802749, 2.292089797542845, 3.548102070121433, 4.77211737806186, 5.175092113189871, 6.5347508674776575, 7.399966883034005, 7.1350277182362785, 5.915311530257727, 2.6436508260358447, 3.349055838590931, 2.643708576980451, 2.076782848542428, 2.076780977859726, 2.409155648769917, 3.9518946506707384, 4.678495213206912, 7.065090477127664, 8.447563912750232, 8.031614802765382, 6.038626486213565], [3.635300665694654, 2.338131580985125, 1.3564844930923463, 0.0, 1.2194759284217136, 1.4767144815434026, 2.4404883568663056, 3.82694511196594, 4.50387081075823, 5.886507084850914, 6.59493657361464, 6.162093545216592, 4.858689312973201, 3.9236256816877932, 4.478140637586095, 3.9238973508490256, 2.62083716014559, 2.6205075710632855, 2.1925671072968327, 2.6462505758147694, 4.2271851248792025, 6.569269734909658, 7.6736345964607935, 7.003752872567678, 4.871357369358154], [4.176925016085398, 2.684787419890074, 2.302235465802749, 1.2194759284217136, 0.0, 2.399467328387699, 2.858215488727188, 4.32706674896517, 5.226376853997423, 6.583496100097577, 7.134430727815641, 6.51350396944686, 5.1380132638988005, 4.605334868389051, 4.804541837678178, 4.605232117928476, 2.6607033844455494, 2.660957634010733, 3.315951456218863, 2.563512927605398, 5.092186110110274, 7.357770218619224, 8.220868704705117, 7.245036510605037, 4.9212054681754545], [4.667276508843246, 3.6177106835677173, 2.292089797542845, 1.4767144815434026, 2.399467328387699, 0.0, 1.3415204881029585, 2.4823229503833706, 3.059944551785212, 4.430218249702829, 5.173421841489442, 4.861773448033135, 3.6569885835205995, 4.762869766222882, 5.6404546244075044, 4.763230983271754, 3.9667298773675026, 3.966373561579897, 1.0825274592360232, 2.1102229195040034, 2.864003851254394, 5.1253778407059905, 6.242243431651796, 5.779101028706801, 3.9132591685192537], [5.936970901899385, 4.761988930058532, 3.548102070121433, 2.4404883568663056, 2.858215488727188, 1.3415204881029585, 0.0, 1.4690044962490754, 2.5163047232002724, 3.7922305467890527, 4.277628400176902, 3.762070730329242, 2.4702420002906593, 6.059837062991051, 6.863649205051203, 6.057449342751452, 4.977834350397772, 4.980878907381708, 2.1340500322157396, 1.0892904525423877, 2.7642171369123663, 4.669895224734705, 5.364385513737803, 4.625515752864755, 2.6824824808374794], [7.13362927688284, 6.0882233270470625, 4.77211737806186, 3.82694511196594, 4.32706674896517, 2.4823229503833706, 1.4690044962490754, 0.0, 1.401309134345452, 2.4309857856433466, 2.8093967537533753, 2.431613088054923, 1.401234544963833, 7.153444701680443, 8.121171325615535, 7.1550754146969, 6.350706873254347, 6.348921328855792, 2.7703540730383183, 2.1772028706576703, 2.169626550814679, 3.4136515492943915, 3.896218850372756, 3.4139598254812547, 2.166206811456376], [7.405886219082764, 6.569525201260742, 5.175092113189871, 4.50387081075823, 5.226376853997423, 3.059944551785212, 2.5163047232002724, 1.401309134345452, 0.0, 1.3976217299398288, 2.41820756966808, 2.7876634839951535, 2.4113163956644095, 7.399391851361841, 8.449848796872049, 7.235353640286009, 6.835862949182057, 7.012511585017168, 2.891775509959236, 3.3933123213167398, 1.087070393304868, 2.1565103964507104, 3.403618809443854, 3.8746564260589604, 3.4045674879490933], [8.724503511948402, 7.942511291147151, 6.5347508674776575, 5.886507084850914, 6.583496100097577, 4.430218249702829, 3.7922305467890527, 2.4309857856433466, 1.3976217299398288, 0.0, 1.393147346837369, 2.4110191911305887, 2.785980577821748, 8.656554785247998, 9.783856219814353, 8.520627893529912, 8.228859438585642, 8.372193115904578, 4.18950437402803, 4.559144135690382, 2.1420715347532164, 1.086960795061165, 2.1540234585537825, 3.39690408166024, 3.8738143863639105], [9.676813017724378, 8.78068894563519, 7.399966883034005, 6.59493657361464, 7.134430727815641, 5.173421841489442, 4.277628400176902, 2.8093967537533753, 2.41820756966808, 1.393147346837369, 0.0, 1.3928970995734036, 2.416805397627207, 9.579384242215154, 10.716587681720334, 9.585804723130968, 9.081585198080786, 9.0747678097018, 5.111632350824931, 4.8297999689428135, 3.3926505994575984, 2.152910276811368, 1.0868243510337807, 2.15347666112266, 3.394584208706569], [9.482955431193378, 8.438674507883333, 7.1350277182362785, 6.162093545216592, 6.51350396944686, 4.861773448033135, 3.762070730329242, 2.431613088054923, 2.7876634839951535, 2.4110191911305887, 1.3928970995734036, 0.0, 1.3971218486588775, 9.404860148348833, 10.472749054092723, 9.536780852048558, 8.732604996219626, 8.585731258896939, 5.05192050808403, 4.0715427899016365, 3.874258347090447, 3.396329576174845, 2.1536271125707906, 1.0870027414868837, 2.1456636968546587], [8.286375994969092, 7.161809894851999, 5.915311530257727, 4.858689312973201, 5.1380132638988005, 3.6569885835205995, 2.4702420002906593, 1.401234544963833, 2.4113163956644095, 2.785980577821748, 2.416805397627207, 1.3971218486588775, 0.0, 8.262855586902146, 9.239216954374434, 8.408713148871234, 7.434882028653851, 7.266498238491495, 4.0414732610769555, 2.702513487477907, 3.406010769213744, 3.8729111027752756, 3.4023143299818726, 2.156007592751009, 1.0880077848986192], [1.0950413416853262, 2.1603738426485357, 2.6436508260358447, 3.9236256816877932, 4.605334868389051, 4.762869766222882, 6.059837062991051, 7.153444701680443, 7.399391851361841, 8.656554785247998, 9.579384242215154, 9.404860148348833, 8.262855586902146, 0.0, 1.7801892090449263, 1.7594670812493198, 3.0641474262835326, 2.497178764125628, 4.517015343122049, 6.504920413041193, 6.801540290992916, 9.042311227777997, 10.568159282013116, 10.28548082930497, 8.381957039379287], [1.0936575149469792, 2.162958228907808, 3.349055838590931, 4.478140637586095, 4.804541837678178, 5.6404546244075044, 6.863649205051203, 8.121171325615535, 8.449848796872049, 9.783856219814353, 10.716587681720334, 10.472749054092723, 9.239216954374434, 1.7801892090449263, 0.0, 1.780140053478939, 2.4989849559371105, 2.498970888185775, 5.629079410525312, 7.103102571412017, 7.819911445150771, 10.19655907647281, 11.746585221671872, 11.348404135824563, 9.271151491050073], [1.095065299422824, 2.1603601991334687, 2.643708576980451, 3.9238973508490256, 4.605232117928476, 4.763230983271754, 6.057449342751452, 7.1550754146969, 7.235353640286009, 8.520627893529912, 9.585804723130968, 9.536780852048558, 8.408713148871234, 1.7594670812493198, 1.780140053478939, 0.0, 2.4971899327043587, 3.0641476384143114, 4.526290699899864, 6.503914277571623, 6.469403875165006, 8.805659335336566, 10.576150867872489, 10.497275693245369, 8.63500759930181], [2.149761272792865, 1.0958551866008572, 2.076782848542428, 2.62083716014559, 2.6607033844455494, 3.9667298773675026, 4.977834350397772, 6.350706873254347, 6.835862949182057, 8.228859438585642, 9.081585198080786, 8.732604996219626, 7.434882028653851, 3.0641474262835326, 2.4989849559371105, 2.4971899327043587, 0.0, 1.792059918083098, 4.33149852360589, 5.020221665424746, 6.306480550988801, 8.760318209403128, 10.14946765204954, 9.58872128596926, 7.41433365583179], [2.1497331136678337, 1.095913956476511, 2.076780977859726, 2.6205075710632855, 2.660957634010733, 3.966373561579897, 4.980878907381708, 6.348921328855792, 7.012511585017168, 8.372193115904578, 9.0747678097018, 8.585731258896939, 7.266498238491495, 2.497178764125628, 2.498970888185775, 3.0641476384143114, 1.792059918083098, 0.0, 4.32170640488222, 5.021630824742097, 6.65298167215272, 9.00259018616309, 10.141070715166125, 9.352109379706805, 7.112496902635529], [4.572621240601499, 3.8410414329970464, 2.409155648769917, 2.1925671072968327, 3.315951456218863, 1.0825274592360232, 2.1340500322157396, 2.7703540730383183, 2.891775509959236, 4.18950437402803, 5.111632350824931, 5.05192050808403, 4.0414732610769555, 4.517015343122049, 5.629079410525312, 4.526290699899864, 4.33149852360589, 4.32170640488222, 0.0, 3.0922739254470972, 2.462021892672768, 4.7160197338433605, 6.123375529885457, 6.034786837991877, 4.499679848611454], [6.2814211019481885, 4.943383329259425, 3.9518946506707384, 2.6462505758147694, 2.563512927605398, 2.1102229195040034, 1.0892904525423877, 2.1772028706576703, 3.3933123213167398, 4.559144135690382, 4.8297999689428135, 4.0715427899016365, 2.702513487477907, 6.504920413041193, 7.103102571412017, 6.503914277571623, 5.020221665424746, 5.021630824742097, 3.0922739254470972, 0.0, 3.7307349235773906, 5.498414056798561, 5.895341688994794, 4.76798424179443, 2.5219115309621785], [6.766727490449131, 6.067066758327289, 4.678495213206912, 4.2271851248792025, 5.092186110110274, 2.864003851254394, 2.7642171369123663, 2.169626550814679, 1.087070393304868, 2.1420715347532164, 3.3926505994575984, 3.874258347090447, 3.406010769213744, 6.801540290992916, 7.819911445150771, 6.469403875165006, 6.306480550988801, 6.65298167215272, 2.462021892672768, 3.7307349235773906, 0.0, 2.459898951176654, 4.286729802541793, 4.961213607576275, 4.318548327852775], [9.123190810237391, 8.478312793238995, 7.065090477127664, 6.569269734909658, 7.357770218619224, 5.1253778407059905, 4.669895224734705, 3.4136515492943915, 2.1565103964507104, 1.086960795061165, 2.152910276811368, 3.396329576174845, 3.8729111027752756, 9.042311227777997, 10.19655907647281, 8.805659335336566, 8.760318209403128, 9.00259018616309, 4.7160197338433605, 5.498414056798561, 2.459898951176654, 0.0, 2.480780080942283, 4.295065060042747, 4.960732293724385], [10.695920562999708, 9.839488773813404, 8.447563912750232, 7.6736345964607935, 8.220868704705117, 6.242243431651796, 5.364385513737803, 3.896218850372756, 3.403618809443854, 2.1540234585537825, 1.0868243510337807, 2.1536271125707906, 3.4023143299818726, 10.568159282013116, 11.746585221671872, 10.576150867872489, 10.14946765204954, 10.141070715166125, 6.123375529885457, 5.895341688994794, 4.286729802541793, 2.480780080942283, 0.0, 2.4814501526325285, 4.289600813595596], [10.38236827848059, 9.291431276719427, 8.031614802765382, 7.003752872567678, 7.245036510605037, 5.779101028706801, 4.625515752864755, 3.4139598254812547, 3.8746564260589604, 3.39690408166024, 2.15347666112266, 1.0870027414868837, 2.156007592751009, 10.28548082930497, 11.348404135824563, 10.497275693245369, 9.58872128596926, 9.352109379706805, 6.034786837991877, 4.76798424179443, 4.961213607576275, 4.295065060042747, 2.4814501526325285, 0.0, 2.4646987848416693], [8.38729164927511, 7.157411411257565, 6.038626486213565, 4.871357369358154, 4.9212054681754545, 3.9132591685192537, 2.6824824808374794, 2.166206811456376, 3.4045674879490933, 3.8738143863639105, 3.394584208706569, 2.1456636968546587, 1.0880077848986192, 8.381957039379287, 9.271151491050073, 8.63500759930181, 7.41433365583179, 7.112496902635529, 4.499679848611454, 2.5219115309621785, 4.318548327852775, 4.960732293724385, 4.289600813595596, 2.4646987848416693, 0.0]]}