{"total energy": -22.10290565, "HOMO-LUMO gap/eV": 5.06773116, "electronic energy": -22.44983808, "dipole": [-0.02014079, -0.00165665, -0.00048686], "partial charges": [-0.09970598, -0.0514136, -0.05790159, -0.05669694, -0.04907421, -0.04473037, -0.09970865, 0.03227368, 0.032266, 0.03110607, 0.02767961, 0.02769551, 0.03207004, 0.03209209, 0.03724285, 0.03725432, 0.02485984, 0.02961895, 0.03453589, 0.04026011, 0.04027638], "atomic dipole moments": [[0.06615113, 0.07419429, -0.0160202], [0.02814539, -0.10300467, 0.02766939], [-0.03140401, 0.10584671, -0.02855773], [-0.0026394, -0.08791296, 0.02238004], [-0.12490199, 0.08352204, -0.02702554], [0.1285376, -0.07760387, 0.02568852], [-0.0599218, 0.00788731, -0.00471245], [0.01740866, -0.09551951, -0.08027448], [0.00846932, -0.04489303, 0.11741269], [-0.11630336, 0.04208051, -0.01602347], [-0.01852243, 0.04361958, -0.11387698], [-0.02715725, 0.09248632, 0.07693869], [0.01390494, -0.04593617, 0.11572688], [0.02264786, -0.09551703, -0.07782032], [-0.02614209, 0.09389324, 0.07694347], [-0.01751012, 0.04487955, -0.11444299], [0.09201142, 0.11115012, -0.02431876], [-0.09013093, -0.11854344, 0.02628797], [0.07216674, 0.10358593, -0.0232723], [0.03737477, -0.08881136, -0.08318741], [0.02826526, -0.03716632, 0.11840391]], "atomic quadrupole moments": [[0.04502588, 0.16534579, 0.07378642, -0.03448717, -0.04436282, -0.1188123], [0.20497939, 0.0681399, 0.01379429, 0.00241862, -0.06047527, -0.21877368], [0.20084082, 0.04715919, 0.02499699, 0.00798894, -0.06658218, -0.22583781], [0.15231951, 0.08050445, 0.04020222, -0.00437799, -0.05985002, -0.19252173], [-0.09130745, -0.00967204, -0.35862339, -0.0246082, 0.22149969, 0.44993084], [-0.07416545, 0.00731937, -0.37783853, -0.02835792, 0.22818477, 0.45200398], [0.16273101, -0.05723018, -0.06107141, 0.02682773, -0.01423211, -0.1016596], [-0.03503311, -0.01126855, 0.02326238, -0.02773631, 0.05642626, 0.01177073], [-0.03961852, 0.0061577, -0.026754, 0.0218796, -0.03421489, 0.06637252], [0.06417676, -0.03826434, -0.01317434, 0.01518219, -0.01240881, -0.05100242], [-0.01867626, 0.00444583, -0.0314301, 0.00574213, -0.02428606, 0.05010635], [-0.01713477, -0.00342586, 0.0078516, -0.01057319, 0.04715724, 0.00928318], [-0.01927534, -0.0002702, -0.03068692, 0.00866592, -0.021717, 0.04996226], [-0.01742742, -0.008781, 0.00598175, -0.01105534, 0.04494092, 0.01144567], [-0.01567459, -0.00120985, 0.01188129, -0.02372861, 0.05083379, 0.0037933], [-0.0193981, 0.01322218, -0.03234073, 0.01629015, -0.02934766, 0.05173883], [0.03031584, -0.00283052, 0.03243325, 0.00524766, -0.02629175, -0.06274908], [0.03568812, -0.00262911, 0.02451081, 0.00528715, -0.0234155, -0.06019893], [-0.00883718, 0.04192925, 0.05614278, -0.00871661, -0.02622565, -0.0473056], [-0.02738874, -0.01905215, 0.02323497, -0.01851416, 0.06466187, 0.00415376], [-0.03086263, -0.00403256, -0.03595471, 0.01834474, -0.04285909, 0.06681734]], "number of molecular orbitals": 42, "number of electrons": 42, "number of unpaired electrons": 0, "orbital energies/eV": [-16.8752476, -16.66301624, -16.37102464, -15.86755799, -15.38674993, -15.10037506, -14.43032794, -14.01171018, -13.62152915, -13.4257481, -13.20634859, -12.97047352, -12.87133167, -12.62600313, -12.06589363, -12.03129533, -12.00825986, -11.54633113, -11.45684824, -11.35053526, -10.25863613, -5.19090497, 1.66976506, 2.76846442, 3.15473556, 3.26787591, 3.49321234, 4.27405032, 4.3671686, 4.72081228, 4.84248027, 5.15574704, 5.22208301, 5.70382121, 6.03986148, 6.41559627, 6.83995021, 6.97736993, 7.21852844, 8.24764934, 10.74906385, 16.30766993], "fractional occupation": [2.0, 2.0, 2.0, 2.0, 2.0, 2.0, 2.0, 2.0, 2.0, 2.0, 2.0, 2.0, 2.0, 2.0, 2.0, 2.0, 2.0, 2.0, 2.0, 2.0, 2.0, 0.0, 0.0, 0.0, 0.0, 0.0, 0.0, 0.0, 0.0, 0.0, 0.0, 0.0, 0.0, 0.0, 0.0, 0.0, 0.0, 0.0, 0.0, 0.0, 0.0, 0.0], "program call": "xtb /home/svss/Project-DBcg-Debug/aqme2_20220329/End-to-End-workflows-final/example-3/QDESCP/mol_822_rdkit_conf_3/mol_822_rdkit_conf_3.xyz --pop --wbo --acc 0.2 --gfn 2 --chrg 0 --uhf 0 --etemp 300 --input /home/svss/Project-DBcg-Debug/aqme2_20220329/End-to-End-workflows-final/example-3/QDESCP/mol_822_rdkit_conf_3/mol_822_rdkit_conf_3_xtb.inp", "method": "GFN2-xTB", "xtb version": "6.3.3 (7355c4f)", "Dipole module/D": 0.051, "Total charge": 0, "Transition dipole module/D": NaN, "HOMO": -10.2586, "LUMO": -5.1909, "HOMO occupancy": 2.0, "LUMO occupancy": 0, "mulliken charges": [-0.08323, -0.03867, -0.04714, -0.03998, -0.04961, -0.0426, -0.07724, 0.02682, 0.02681, 0.02806, 0.0217, 0.02171, 0.02427, 0.02428, 0.03002, 0.03003, 0.02376, 0.02359, 0.02946, 0.03397, 0.03398], "cm5 charges": [-0.23356, -0.15127, -0.15718, -0.14591, -0.11152, -0.10676, -0.22305, 0.0781, 0.07809, 0.07884, 0.0764, 0.07642, 0.07983, 0.07986, 0.08524, 0.08525, 0.07967, 0.08022, 0.08107, 0.08513, 0.08515], "FUKUI+": [0.011, 0.006, 0.013, 0.031, -0.151, -0.153, 0.049, -0.012, -0.012, -0.026, -0.018, -0.018, -0.017, -0.017, -0.083, -0.083, -0.131, -0.136, -0.066, -0.093, -0.093], "FUKUI-": [0.018, 0.01, 0.017, 0.015, -0.056, -0.064, 0.024, -0.057, -0.057, -0.045, -0.066, -0.066, -0.055, -0.055, -0.092, -0.092, -0.072, -0.064, -0.055, -0.094, -0.093], "FUKUIrad": [0.015, 0.008, 0.015, 0.023, -0.103, -0.108, 0.037, -0.035, -0.035, -0.036, -0.042, -0.042, -0.036, -0.036, -0.087, -0.087, -0.102, -0.1, -0.061, -0.093, -0.093], "s proportion": [1.007, 1.027, 1.031, 1.028, 1.069, 1.062, 1.004, 0.973, 0.973, 0.972, 0.978, 0.978, 0.976, 0.976, 0.97, 0.97, 0.976, 0.976, 0.971, 0.966, 0.966], "p proportion": [3.076, 3.011, 3.016, 3.012, 2.981, 2.98, 3.074, 0.0, 0.0, 0.0, 0.0, 0.0, 0.0, 0.0, 0.0, 0.0, 0.0, 0.0, 0.0, 0.0, 0.0], "d proportion": [0.0, 0.0, 0.0, 0.0, 0.0, 0.0, 0.0, 0.0, 0.0, 0.0, 0.0, 0.0, 0.0, 0.0, 0.0, 0.0, 0.0, 0.0, 0.0, 0.0, 0.0], "Fermi-level/eV": -7.7248, "Coordination numbers": [3.75, 3.8, 3.8, 3.802, 2.886, 2.884, 3.753, 0.924, 0.924, 0.924, 0.924, 0.924, 0.924, 0.924, 0.924, 0.924, 0.925, 0.925, 0.924, 0.924, 0.924], "Dispersion coefficient C6": [22.468, 21.497, 21.617, 21.592, 29.216, 29.108, 22.463, 2.554, 2.555, 2.571, 2.62, 2.62, 2.557, 2.557, 2.486, 2.486, 2.661, 2.592, 2.523, 2.445, 2.445], "Total dispersion C6": 3188.906261, "Total dispersion C8": 68265.227175, "Polarizability alpha": [6.76, 6.601, 6.62, 6.616, 8.862, 8.845, 6.759, 2.499, 2.499, 2.507, 2.531, 2.531, 2.501, 2.501, 2.466, 2.466, 2.551, 2.518, 2.484, 2.446, 2.445], "Total polarizability alpha": 86.007141, "Wiberg matrix": [[0.0, 1.0201552548739052, 0.0, 0.0, 0.0, 0.0, 0.0, 0.987689546204376, 0.9876871147483474, 0.9873526361803393, 0.0, 0.0, 0.0, 0.0, 0.0, 0.0, 0.0, 0.0, 0.0, 0.0, 0.0], [1.0201552548739052, 0.0, 1.0073078525667827, 0.0, 0.0, 0.0, 0.0, 0.0, 0.0, 0.0, 0.9780943816101, 0.9780996225574619, 0.0, 0.0, 0.0, 0.0, 0.0, 0.0, 0.0, 0.0, 0.0], [0.0, 1.0073078525667827, 0.0, 1.006981750600687, 0.0, 0.0, 0.0, 0.0, 0.0, 0.0, 0.0, 0.0, 0.9769247249129281, 0.9769276305365855, 0.0, 0.0, 0.0, 0.0, 0.0, 0.0, 0.0], [0.0, 0.0, 1.006981750600687, 0.0, 1.0245254668036246, 0.0, 0.0, 0.0, 0.0, 0.0, 0.0, 0.0, 0.0, 0.0, 0.9610065595043157, 0.961012167259409, 0.0, 0.0, 0.0, 0.0, 0.0], [0.0, 0.0, 0.0, 1.0245254668036246, 0.0, 1.9227589059890677, 0.0, 0.0, 0.0, 0.0, 0.0, 0.0, 0.0, 0.0, 0.0, 0.0, 0.965388506832774, 0.0, 0.0, 0.0, 0.0], [0.0, 0.0, 0.0, 0.0, 1.9227589059890677, 0.0, 1.0383066172925355, 0.0, 0.0, 0.0, 0.0, 0.0, 0.0, 0.0, 0.0, 0.0, 0.0, 0.9655348376584515, 0.0, 0.0, 0.0], [0.0, 0.0, 0.0, 0.0, 0.0, 1.0383066172925355, 0.0, 0.0, 0.0, 0.0, 0.0, 0.0, 0.0, 0.0, 0.0, 0.0, 0.0, 0.0, 0.985491288321949, 0.9720760409540138, 0.9720802161767124], [0.987689546204376, 0.0, 0.0, 0.0, 0.0, 0.0, 0.0, 0.0, 0.0, 0.0, 0.0, 0.0, 0.0, 0.0, 0.0, 0.0, 0.0, 0.0, 0.0, 0.0, 0.0], [0.9876871147483474, 0.0, 0.0, 0.0, 0.0, 0.0, 0.0, 0.0, 0.0, 0.0, 0.0, 0.0, 0.0, 0.0, 0.0, 0.0, 0.0, 0.0, 0.0, 0.0, 0.0], [0.9873526361803393, 0.0, 0.0, 0.0, 0.0, 0.0, 0.0, 0.0, 0.0, 0.0, 0.0, 0.0, 0.0, 0.0, 0.0, 0.0, 0.0, 0.0, 0.0, 0.0, 0.0], [0.0, 0.9780943816101, 0.0, 0.0, 0.0, 0.0, 0.0, 0.0, 0.0, 0.0, 0.0, 0.0, 0.0, 0.0, 0.0, 0.0, 0.0, 0.0, 0.0, 0.0, 0.0], [0.0, 0.9780996225574619, 0.0, 0.0, 0.0, 0.0, 0.0, 0.0, 0.0, 0.0, 0.0, 0.0, 0.0, 0.0, 0.0, 0.0, 0.0, 0.0, 0.0, 0.0, 0.0], [0.0, 0.0, 0.9769247249129281, 0.0, 0.0, 0.0, 0.0, 0.0, 0.0, 0.0, 0.0, 0.0, 0.0, 0.0, 0.0, 0.0, 0.0, 0.0, 0.0, 0.0, 0.0], [0.0, 0.0, 0.9769276305365855, 0.0, 0.0, 0.0, 0.0, 0.0, 0.0, 0.0, 0.0, 0.0, 0.0, 0.0, 0.0, 0.0, 0.0, 0.0, 0.0, 0.0, 0.0], [0.0, 0.0, 0.0, 0.9610065595043157, 0.0, 0.0, 0.0, 0.0, 0.0, 0.0, 0.0, 0.0, 0.0, 0.0, 0.0, 0.0, 0.0, 0.0, 0.0, 0.0, 0.0], [0.0, 0.0, 0.0, 0.961012167259409, 0.0, 0.0, 0.0, 0.0, 0.0, 0.0, 0.0, 0.0, 0.0, 0.0, 0.0, 0.0, 0.0, 0.0, 0.0, 0.0, 0.0], [0.0, 0.0, 0.0, 0.0, 0.965388506832774, 0.0, 0.0, 0.0, 0.0, 0.0, 0.0, 0.0, 0.0, 0.0, 0.0, 0.0, 0.0, 0.0, 0.0, 0.0, 0.0], [0.0, 0.0, 0.0, 0.0, 0.0, 0.9655348376584515, 0.0, 0.0, 0.0, 0.0, 0.0, 0.0, 0.0, 0.0, 0.0, 0.0, 0.0, 0.0, 0.0, 0.0, 0.0], [0.0, 0.0, 0.0, 0.0, 0.0, 0.0, 0.985491288321949, 0.0, 0.0, 0.0, 0.0, 0.0, 0.0, 0.0, 0.0, 0.0, 0.0, 0.0, 0.0, 0.0, 0.0], [0.0, 0.0, 0.0, 0.0, 0.0, 0.0, 0.9720760409540138, 0.0, 0.0, 0.0, 0.0, 0.0, 0.0, 0.0, 0.0, 0.0, 0.0, 0.0, 0.0, 0.0, 0.0], [0.0, 0.0, 0.0, 0.0, 0.0, 0.0, 0.9720802161767124, 0.0, 0.0, 0.0, 0.0, 0.0, 0.0, 0.0, 0.0, 0.0, 0.0, 0.0, 0.0, 0.0, 0.0]], "Born radii": [], "Atomic SASAs": [], "Solvent H bonds": [], "Total SASA": NaN, "Total FOD": 0.0, "FOD": [0.0, 0.0, 0.0, 0.0, 0.0, 0.0, 0.0, 0.0, 0.0, 0.0, 0.0, 0.0, 0.0, 0.0, 0.0, 0.0, 0.0, 0.0, 0.0, 0.0, 0.0], "FOD s proportion": [0.0, 0.0, 0.0, 0.0, 0.0, 0.0, 0.0, 0.0, 0.0, 0.0, 0.0, 0.0, 0.0, 0.0, 0.0, 0.0, 0.0, 0.0, 0.0, 0.0, 0.0], "FOD p proportion": [0.0, 0.0, 0.0, 0.0, 0.0, 0.0, 0.0, 0.0, 0.0, 0.0, 0.0, 0.0, 0.0, 0.0, 0.0, 0.0, 0.0, 0.0, 0.0, 0.0, 0.0], "FOD d proportion": [0.0, 0.0, 0.0, 0.0, 0.0, 0.0, 0.0, 0.0, 0.0, 0.0, 0.0, 0.0, 0.0, 0.0, 0.0, 0.0, 0.0, 0.0, 0.0, 0.0, 0.0], "coordinates": [["-3.27590", "-0.68960", "-0.07600"], ["-2.28460", "0.43710", "-0.31980"], ["-0.84170", "-0.03590", "-0.13350"], ["0.15170", "1.10440", "-0.38070"], ["1.61380", "0.77330", "-0.22980"], ["2.15260", "-0.41180", "0.09810"], ["3.62320", "-0.64970", "0.22550"], ["-3.10920", "-1.51670", "-0.77350"], ["-3.18680", "-1.07680", "0.94410"], ["-4.30030", "-0.32980", "-0.21440"], ["-2.42180", "0.82280", "-1.33670"], ["-2.49900", "1.26030", "0.37150"], ["-0.71750", "-0.42390", "0.88520"], ["-0.64020", "-0.86230", "-0.82630"], ["-0.07450", "1.92890", "0.30710"], ["0.00240", "1.49270", "-1.39600"], ["2.28290", "1.61350", "-0.41480"], ["1.52000", "-1.27420", "0.29040"], ["4.20910", "0.25200", "0.02100"], ["3.93660", "-1.42710", "-0.47800"], ["3.85900", "-0.98720", "1.23930"]], "bond_dist": [[0.0, 1.5203838396931217, 2.521102849944841, 3.8806854871272423, 5.106162643316407, 5.4383909293098815, 6.9058001035361585, 1.0947098017282937, 1.0947450205413132, 1.0945345860227533, 2.146207133526491, 2.1461453515547357, 2.7458901088718024, 2.745849571626239, 4.1535851766877245, 4.153562829668043, 6.026550629506069, 4.845272224550443, 7.544616925994322, 7.261244142707226, 7.26122426729818], [1.5203838396931217, 0.0, 1.5298356447671104, 2.526767854394226, 3.9139050831618287, 4.5369610379636285, 6.031632214417587, 2.1686731634803804, 2.1687095840614528, 2.1592339521228356, 1.0962088943262596, 1.096139265786971, 2.1561883985403503, 2.1561618608073, 2.739162802755616, 2.739136141194884, 4.71752034547812, 4.2161443156040095, 6.505270658473789, 6.49642965943602, 6.496402409026091], [2.521102849944841, 1.5298356447671104, 0.0, 1.532395343897912, 2.5871912530773598, 3.026676702259427, 4.521168372224153, 2.782790845536186, 2.7828382238283274, 3.472007485591009, 2.1637402662981526, 2.163747381280911, 1.097141435731966, 1.0970465122318196, 2.154800046408019, 2.154768901761857, 3.544400543110217, 2.70013055054751, 5.06135725868072, 4.988613893658237, 4.98860020647075], [3.8806854871272423, 2.526767854394226, 1.532395343897912, 0.0, 1.5066965288338592, 2.5557215595600398, 3.936452400321894, 4.202133489074329, 4.202179283419498, 4.680265946503468, 2.759734916617899, 2.7597681315646794, 2.166497712899785, 2.166465753248825, 1.0972855280190295, 1.097224439210137, 2.191428543211026, 2.824952753587217, 4.165386345826759, 4.554495312326054, 4.554477341034864], [5.106162643316407, 3.9139050831618287, 2.5871912530773598, 1.5066965288338592, 0.0, 1.3424924059375531, 2.503979922044105, 5.276972492821996, 5.276994559405949, 6.016115489250517, 4.184942678221532, 4.184955738117191, 2.8480646990544294, 2.848072262074823, 2.115190265673516, 2.1152230993443695, 1.0898879988329078, 2.114630636777969, 2.6589916171360906, 3.2091686213098867, 3.209133543497372], [5.4383909293098815, 4.5369610379636285, 3.026676702259427, 2.5557215595600398, 1.3424924059375531, 0.0, 1.4951560219589126, 5.446744882037344, 5.446754387706498, 6.460982793662276, 4.950557903913458, 4.950560425850795, 2.9760959040326638, 2.976104408450752, 3.2376738408925627, 3.2377175757005117, 2.0932951511910596, 1.0866903008677313, 2.162352214603347, 2.131989985905187, 2.1319529919770748], [6.9058001035361585, 6.031632214417587, 4.521168372224153, 3.936452400321894, 2.503979922044105, 1.4951560219589126, 0.0, 6.861115052234585, 6.8611150966880015, 7.942147081866465, 6.414885041058803, 6.414884943629152, 4.396346917612394, 4.396369133728423, 4.508749472969196, 4.508806122467454, 2.707113300177885, 2.194917424414869, 1.0946058423012368, 1.0942954674127092, 1.0942112821571526], [1.0947098017282937, 2.1686731634803804, 2.782790845536186, 4.202133489074329, 5.276972492821996, 5.446744882037344, 6.861115052234585, 0.0, 1.7747347773681565, 1.7720168255408864, 2.5025933049538835, 3.0651424175721433, 3.1089751398169785, 2.5547970956614146, 4.716912105392679, 4.3733338736026095, 6.245122908318138, 4.756067924241621, 7.5708021259309115, 7.0525630837306235, 7.272382369622763], [1.0947450205413132, 2.1687095840614528, 2.7828382238283274, 4.202179283419498, 5.276994559405949, 5.446754387706498, 6.8611150966880015, 1.7747347773681565, 0.0, 1.7720083239082147, 3.065249386265333, 2.502593856381814, 2.5548366112141103, 3.1089383991967416, 4.373375444665139, 4.716926425120493, 6.245153432062337, 4.75607576579684, 7.570809722876412, 7.272407170944157, 7.052550520201894], [1.0945345860227533, 2.1592339521228356, 3.472007485591009, 4.680265946503468, 6.016115489250517, 6.460982793662276, 7.942147081866465, 1.7720168255408864, 1.7720083239082147, 0.0, 2.4732178027824396, 2.473131316772322, 3.7489239536165573, 3.748907823620101, 4.819862402600307, 4.819845651055643, 6.86695691627667, 5.917990071806474, 8.53251385935001, 8.313848318318058, 8.313819515722], [2.146207133526491, 1.0962088943262596, 2.1637402662981526, 2.759734916617899, 4.184942678221532, 4.950557903913458, 6.414885041058803, 2.5025933049538835, 3.065249386265333, 2.4732178027824396, 0.0, 1.765025022485517, 3.065246970473994, 2.50482908199342, 3.071701961453943, 2.5157559778325087, 4.858941056444295, 4.752120647668787, 6.7924956194317865, 6.7991665856926895, 7.025690331917569], [2.1461453515547357, 1.096139265786971, 2.163747381280911, 2.7597681315646794, 4.184955738117191, 4.950560425850795, 6.414884943629152, 3.0651424175721433, 2.502593856381814, 2.473131316772322, 1.765025022485517, 0.0, 2.5048272555208273, 3.065174226695768, 2.5158246302157075, 3.0716555747674574, 4.858969596529701, 4.752118312921092, 6.7925050423242235, 7.025718210261497, 6.7991541451860025], [2.7458901088718024, 2.1561883985403503, 1.097141435731966, 2.166497712899785, 2.8480646990544294, 2.9760959040326638, 4.396346917612394, 3.1089751398169785, 2.5548366112141103, 3.7489239536165573, 3.065246970473994, 2.5048272555208273, 0.0, 1.7684462389340536, 2.5066544337024204, 3.0652055412321046, 3.852713189428977, 2.4664150867199948, 5.047283428736691, 4.952309692456642, 4.62461305948941], [2.745849571626239, 2.1561618608073, 1.0970465122318196, 2.166465753248825, 2.848072262074823, 2.976104408450752, 4.396369133728423, 2.5547970956614146, 3.1089383991967416, 3.748907823620101, 2.50482908199342, 3.065174226695768, 1.7684462389340536, 0.0, 3.065193222294477, 2.506694606448899, 3.8527174176157795, 2.46640315844754, 5.047305446473396, 4.624652437751403, 4.952282706994826], [4.1535851766877245, 2.739162802755616, 2.154800046408019, 1.0972855280190295, 2.115190265673516, 3.2376738408925627, 4.508749472969196, 4.716912105392679, 4.373375444665139, 4.819862402600307, 3.071701961453943, 2.5158246302157075, 2.5066544337024204, 3.065193222294477, 0.0, 1.7597538634706842, 2.4855485370436847, 3.57806634231396, 4.609021130348612, 5.28848193908233, 4.984481748386687], [4.153562829668043, 2.739136141194884, 2.154768901761857, 1.097224439210137, 2.1152230993443695, 3.2377175757005117, 4.508806122467454, 4.3733338736026095, 4.716926425120493, 4.819845651055643, 2.5157559778325087, 3.0716555747674574, 3.0652055412321046, 2.506694606448899, 1.7597538634706842, 0.0, 2.485563583978491, 3.5780987032221456, 4.609072616047615, 4.984564743285014, 5.288485006124154], [6.026550629506069, 4.71752034547812, 3.544400543110217, 2.191428543211026, 1.0898879988329078, 2.0932951511910596, 2.707113300177885, 6.245122908318138, 6.245153432062337, 6.86695691627667, 4.858941056444295, 4.858969596529701, 3.852713189428977, 3.8527174176157795, 2.4855485370436847, 2.485563583978491, 0.0, 3.068897968326741, 2.398718476603705, 3.461786574877198, 3.461759452937191], [4.845272224550443, 4.2161443156040095, 2.70013055054751, 2.824952753587217, 2.114630636777969, 1.0866903008677313, 2.194917424414869, 4.756067924241621, 4.75607576579684, 5.917990071806474, 4.752120647668787, 4.752118312921092, 2.4664150867199948, 2.46640315844754, 3.57806634231396, 3.5780987032221456, 3.068897968326741, 0.0, 3.1037270514657056, 2.5404276273887434, 2.5404135903431158], [7.544616925994322, 6.505270658473789, 5.06135725868072, 4.165386345826759, 2.6589916171360906, 2.162352214603347, 1.0946058423012368, 7.5708021259309115, 7.570809722876412, 8.53251385935001, 6.7924956194317865, 6.7925050423242235, 5.047283428736691, 5.047305446473396, 4.609021130348612, 4.609072616047615, 2.398718476603705, 3.1037270514657056, 0.0, 1.7727476018880974, 1.7726933011663355], [7.261244142707226, 6.49642965943602, 4.988613893658237, 4.554495312326054, 3.2091686213098867, 2.131989985905187, 1.0942954674127092, 7.0525630837306235, 7.272407170944157, 8.313848318318058, 6.7991665856926895, 7.025718210261497, 4.952309692456642, 4.624652437751403, 5.28848193908233, 4.984564743285014, 3.461786574877198, 2.5404276273887434, 1.7727476018880974, 0.0, 1.7744444369999304], [7.26122426729818, 6.496402409026091, 4.98860020647075, 4.554477341034864, 3.209133543497372, 2.1319529919770748, 1.0942112821571526, 7.272382369622763, 7.052550520201894, 8.313819515722, 7.025690331917569, 6.7991541451860025, 4.62461305948941, 4.952282706994826, 4.984481748386687, 5.288485006124154, 3.461759452937191, 2.5404135903431158, 1.7726933011663355, 1.7744444369999304, 0.0]]}