{"total energy": -64.92838208, "HOMO-LUMO gap/eV": 3.49989664, "electronic energy": -65.70471404, "dipole": [1.54303399, 0.34627504, -0.34397718], "partial charges": [-0.11358729, 0.12475656, -0.11553353, -0.26617368, 0.33950331, -0.40078457, 0.11655706, -0.44318584, 0.00631367, -0.03479889, -0.03508556, 0.08542856, -0.15400051, -0.03358972, -0.02219829, 0.01018065, -0.02474144, -0.03504198, 0.08462714, -0.15657643, -0.03458754, -0.03110669, 0.05142538, 0.05367706, 0.0534185, 0.05206763, 0.0576616, 0.0553865, 0.04980181, 0.30999285, 0.04136099, 0.05693196, 0.06022387, 0.06251501, 0.06782287, 0.05906439, 0.05707543, 0.04519915], "atomic dipole moments": [[-0.04773846, 0.11012988, 0.0537798], [-0.21357679, -0.09715256, 0.0690283], [-0.04720537, -0.02696601, -0.12706798], [0.09228342, 0.06377724, -0.18912613], [0.1164115, -0.02350423, 0.07813903], [-0.04513874, -0.05595475, 0.15732162], [-0.02127594, 0.00629952, -0.12777065], [0.17018813, 0.09302852, 0.12203472], [0.0495745, -0.08060909, -0.07166228], [-0.0075042, -0.00801019, -0.00792044], [-0.02198788, -0.01032642, -0.00363886], [-0.09626585, 0.13284754, 0.09276116], [0.27943733, -0.41004551, -0.29896659], [0.01689781, 0.01797692, 0.00835041], [0.02206452, 0.01667509, 0.00230563], [0.00080365, 0.10854127, -0.05361046], [0.00126416, 0.01141113, 0.02861741], [0.00215799, 0.00572716, 0.02436939], [-0.0084785, -0.1666546, 0.08596403], [0.00905763, 0.52918218, -0.26569035], [-0.00433545, -0.01244579, -0.01966654], [-0.00118965, -0.00162275, -0.01823241], [-0.02029797, -0.10706869, 0.07051553], [0.12828415, 0.01289963, -0.0191055], [-0.05377921, -0.03265523, -0.11355941], [0.01924632, 0.10462186, -0.07552307], [-0.01853829, -0.09283795, 0.08886586], [0.12845447, 0.02438976, -0.00856344], [-0.05688073, 0.10026218, 0.05376123], [0.04547418, 0.05295842, -0.04209002], [0.15227992, 0.02458149, -0.00666237], [0.07462759, 0.1208332, 0.06159113], [-0.15443961, -0.0107675, 0.01472546], [-0.08157279, -0.11894794, -0.06165921], [-0.01668359, 0.00288909, -0.15594097], [-0.02190505, -0.12795434, -0.0848641], [0.01534945, -0.01127132, 0.15362593], [0.02456914, 0.12135055, 0.09282383]], "atomic quadrupole moments": [[-0.05388794, -0.13548476, 0.12051424, -0.05771389, 0.13107366, -0.0666263], [0.37695608, 0.05307671, -0.24356707, -0.02804012, 0.12745009, -0.13338901], [-0.06518409, 0.02507293, -0.11321297, 0.1485834, 0.08808215, 0.17839706], [0.0600256, 0.0139216, -0.0404375, -0.01415252, -0.00370732, -0.0195881], [-0.22215004, -0.13164776, 0.40921031, 0.15333519, 0.23517091, -0.18706027], [-0.10077339, -0.04160398, 0.17305793, -0.01235418, 0.08815136, -0.07228454], [-0.02126428, 0.06136583, -0.19976624, 0.17685781, 0.02662436, 0.22103052], [-0.0166299, 0.0367044, -0.09320039, 0.1099203, 0.01827817, 0.1098303], [-0.31688215, -0.13382666, -0.02497446, 0.01746182, -0.21762375, 0.34185662], [-0.24038841, -0.06973815, -0.07256537, 0.06724529, -0.34783945, 0.31295378], [-0.2349085, -0.07361418, -0.063065, 0.06173659, -0.33224194, 0.29797349], [-0.28716317, -0.24663794, 0.04197295, -0.0628569, -0.12735225, 0.24519022], [-0.08869253, -0.41201022, 0.19524836, -0.29279748, 0.41729259, -0.10655582], [-0.28023451, -0.05563419, -0.03068136, 0.07974064, -0.32114708, 0.31091587], [-0.27379602, -0.05713865, -0.05861921, 0.07842646, -0.35755573, 0.33241523], [0.4148808, -0.07173184, -0.13941097, -0.07808535, -0.12003663, -0.27546983], [0.5382554, -0.08066094, -0.26209782, -0.08116648, -0.01005856, -0.27615757], [0.49619005, -0.07663911, -0.25297741, -0.08054534, -0.02553854, -0.24321264], [0.29568979, -0.0512215, 0.02424583, -0.08750081, -0.21823144, -0.31993562], [-0.39817697, 0.04299995, 0.54759381, -0.01831378, -0.46196405, -0.14941684], [0.49145754, -0.07186315, -0.2157933, -0.08451212, 0.00350677, -0.27566424], [0.51867977, -0.08296639, -0.24716546, -0.09113437, 0.01008963, -0.27151431], [-0.04564155, 0.01122904, 0.02331836, -0.01898955, -0.05602109, 0.02232319], [0.07867922, 0.02454715, -0.03226864, -0.01332596, 0.00551002, -0.04641058], [-0.02032834, -0.00245926, -0.03160256, 0.05227332, 0.01206709, 0.05193089], [-0.00259221, -0.00177752, -0.00199385, 0.00383583, -0.00983398, 0.00458606], [-0.04650753, 0.01781097, 0.0459474, -0.0052914, -0.05075453, 0.00056013], [0.07630107, 0.02073006, -0.0467838, -0.02123065, 0.00022536, -0.02951727], [-0.02187269, -0.05322727, 0.04289321, -0.01094417, 0.03164951, -0.02102052], [-0.0311762, 0.05897211, -0.0068541, -0.02784103, -0.08072485, 0.03803029], [0.02530555, -0.00912882, 0.01094043, -0.01811966, 0.04653197, -0.03624597], [0.0414669, -0.00636655, -0.00079837, -0.01960946, 0.04174841, -0.04066853], [0.01457506, 0.00373619, 0.01989379, -0.00983243, 0.05202313, -0.03446885], [0.03086048, -0.00314128, 0.0060706, -0.01578198, 0.03992699, -0.03693108], [-0.06057334, 0.00889389, 0.04133378, 0.0061715, -0.00602632, 0.01923956], [-0.06647911, 0.00701759, 0.02801142, 0.00906841, -0.017663, 0.03846769], [-0.0660646, 0.01185298, 0.05025389, 0.00922558, 0.00013121, 0.01581071], [-0.06176711, 0.00873909, 0.03642028, 0.00766112, -0.00971174, 0.02534683]], "number of molecular orbitals": 114, "number of electrons": 116, "number of unpaired electrons": 0, "orbital energies/eV": [-22.96710694, -22.92651949, -20.7282369, -20.16802923, -19.29488112, -18.94814121, -18.43925488, -18.35947182, -17.98514983, -17.63066096, -17.53828899, -17.44766328, -17.43838891, -17.27088085, -16.98286928, -16.81348089, -16.60087893, -16.51186015, -16.3532054, -16.28050644, -16.08601135, -15.97944133, -15.61417962, -15.31270048, -15.13102852, -14.80723789, -14.61533092, -14.50582812, -14.38568734, -14.28887132, -14.16209304, -14.08019828, -13.96501807, -13.95166239, -13.87149609, -13.83493791, -13.75909282, -13.67617344, -13.61290727, -13.40139073, -13.37068652, -13.15916118, -12.82387266, -12.74799743, -12.63700459, -12.59365505, -12.43630273, -12.41830281, -12.35231947, -12.19021203, -12.02674309, -11.83481052, -11.75723345, -11.65445145, -11.37669595, -11.33106895, -11.0763532, -11.00087061, -7.50097398, -7.19190416, -7.06408817, -7.02812761, -6.95886893, -5.69262588, -5.64592451, -3.88166101, -3.77667079, -1.22219419, -0.17868233, 0.22445996, 0.77194761, 0.84499998, 0.87471018, 0.92011851, 0.96307129, 0.98398073, 1.56965885, 2.01360813, 2.05604444, 2.13975309, 2.26968393, 2.6295021, 2.75754571, 2.95987169, 3.04504436, 3.18802, 3.40428069, 3.62650771, 3.71226632, 3.87405778, 4.51287659, 4.54843554, 4.75467778, 5.15318272, 5.21505092, 5.39852601, 5.76912268, 5.96630216, 7.10061355, 8.02790346, 8.10465804, 9.23023827, 9.39719408, 9.69552023, 9.8155189, 11.03109121, 11.24232014, 13.40610696, 13.44407449, 14.28809369, 15.3380614, 15.54379634, 16.06760915, 16.16715667], "fractional occupation": [2.0, 2.0, 2.0, 2.0, 2.0, 2.0, 2.0, 2.0, 2.0, 2.0, 2.0, 2.0, 2.0, 2.0, 2.0, 2.0, 2.0, 2.0, 2.0, 2.0, 2.0, 2.0, 2.0, 2.0, 2.0, 2.0, 2.0, 2.0, 2.0, 2.0, 2.0, 2.0, 2.0, 2.0, 2.0, 2.0, 2.0, 2.0, 2.0, 2.0, 2.0, 2.0, 2.0, 2.0, 2.0, 2.0, 2.0, 2.0, 2.0, 2.0, 2.0, 2.0, 2.0, 2.0, 2.0, 2.0, 2.0, 2.0, 0.0, 0.0, 0.0, 0.0, 0.0, 0.0, 0.0, 0.0, 0.0, 0.0, 0.0, 0.0, 0.0, 0.0, 0.0, 0.0, 0.0, 0.0, 0.0, 0.0, 0.0, 0.0, 0.0, 0.0, 0.0, 0.0, 0.0, 0.0, 0.0, 0.0, 0.0, 0.0, 0.0, 0.0, 0.0, 0.0, 0.0, 0.0, 0.0, 0.0, 0.0, 0.0, 0.0, 0.0, 0.0, 0.0, 0.0, 0.0, 0.0, 0.0, 0.0, 0.0, 0.0, 0.0, 0.0, 0.0], "program call": "xtb /home/svss/Project-DBcg-Debug/aqme2_20220329/End-to-End-workflows-final/example-3/QDESCP/mol_997_rdkit_conf_1/mol_997_rdkit_conf_1.xyz --pop --wbo --acc 0.2 --gfn 2 --chrg 0 --uhf 0 --etemp 300 --input /home/svss/Project-DBcg-Debug/aqme2_20220329/End-to-End-workflows-final/example-3/QDESCP/mol_997_rdkit_conf_1/mol_997_rdkit_conf_1_xtb.inp", "method": "GFN2-xTB", "xtb version": "6.3.3 (7355c4f)", "Dipole module/D": 4.113, "Total charge": 0, "Transition dipole module/D": NaN, "HOMO": -11.0009, "LUMO": -7.501, "HOMO occupancy": 2.0, "LUMO occupancy": 0, "mulliken charges": [-0.10288, 0.23329, -0.09931, -0.42082, 0.55895, -0.52093, 0.21186, -0.56866, -0.00933, -0.0365, -0.04211, 0.07663, -0.06877, -0.04317, -0.01383, -0.00594, -0.01429, -0.04485, 0.07542, -0.07075, -0.04278, -0.03147, 0.04062, 0.03653, 0.05323, 0.04263, 0.04327, 0.03637, 0.04231, 0.3569, 0.0379, 0.03865, 0.04072, 0.04853, 0.05202, 0.03956, 0.03786, 0.03312], "cm5 charges": [-0.24734, 0.18796, -0.24404, -0.49891, 0.61469, -0.57566, 0.22689, -0.76355, -0.01516, -0.08825, -0.0954, 0.05517, -0.05356, -0.09637, -0.06495, -0.01098, -0.06523, -0.09804, 0.05399, -0.05554, -0.09602, -0.08287, 0.09453, 0.08836, 0.10854, 0.11232, 0.09713, 0.08812, 0.09578, 0.53628, 0.09873, 0.09492, 0.09705, 0.10741, 0.11248, 0.09587, 0.09418, 0.09148], "FUKUI+": [0.009, 0.007, 0.008, -0.038, -0.039, -0.092, -0.002, -0.016, -0.026, -0.013, -0.02, -0.031, -0.087, -0.019, -0.016, -0.027, -0.013, -0.02, -0.034, -0.088, -0.014, -0.014, -0.008, -0.025, -0.003, -0.014, -0.009, -0.023, -0.006, -0.017, -0.03, -0.045, -0.045, -0.035, -0.037, -0.046, -0.042, -0.029], "FUKUI-": [0.006, 0.004, 0.006, -0.015, -0.003, -0.052, -0.005, -0.036, -0.022, -0.01, -0.015, -0.016, -0.176, -0.013, -0.009, -0.025, -0.014, -0.015, -0.019, -0.183, -0.015, -0.011, -0.004, -0.019, -0.004, -0.011, -0.006, -0.019, -0.005, -0.023, -0.032, -0.036, -0.036, -0.027, -0.035, -0.039, -0.036, -0.029], "FUKUIrad": [0.007, 0.006, 0.007, -0.026, -0.021, -0.072, -0.003, -0.026, -0.024, -0.012, -0.018, -0.023, -0.132, -0.016, -0.013, -0.026, -0.013, -0.018, -0.027, -0.136, -0.014, -0.012, -0.006, -0.022, -0.004, -0.012, -0.007, -0.021, -0.005, -0.02, -0.031, -0.041, -0.041, -0.031, -0.036, -0.042, -0.039, -0.029], "s proportion": [1.017, 1.018, 1.015, 1.7, 1.007, 1.734, 1.065, 1.713, 1.095, 1.066, 1.065, 1.102, 1.947, 1.065, 1.065, 1.092, 1.065, 1.066, 1.102, 1.948, 1.064, 1.064, 0.959, 0.963, 0.947, 0.957, 0.957, 0.964, 0.958, 0.643, 0.962, 0.961, 0.959, 0.951, 0.948, 0.96, 0.962, 0.967], "p proportion": [3.086, 2.748, 3.084, 4.721, 2.434, 4.787, 2.723, 4.856, 2.914, 2.971, 2.977, 2.822, 5.117, 2.978, 2.948, 2.914, 2.949, 2.979, 2.823, 5.119, 2.979, 2.968, 0.0, 0.0, 0.0, 0.0, 0.0, 0.0, 0.0, 0.0, 0.0, 0.0, 0.0, 0.0, 0.0, 0.0, 0.0, 0.0], "d proportion": [0.0, 0.0, 0.0, 0.0, 0.0, 0.0, 0.0, 0.0, 0.0, 0.0, 0.0, 0.0, 0.004, 0.0, 0.0, 0.0, 0.0, 0.0, 0.0, 0.005, 0.0, 0.0, 0.0, 0.0, 0.0, 0.0, 0.0, 0.0, 0.0, 0.0, 0.0, 0.0, 0.0, 0.0, 0.0, 0.0, 0.0, 0.0], "Fermi-level/eV": -9.2509, "Coordination numbers": [3.751, 3.741, 3.751, 1.701, 2.704, 0.856, 3.77, 1.65, 2.955, 2.913, 2.984, 2.906, 1.07, 2.984, 2.916, 2.956, 2.914, 2.984, 2.907, 1.07, 2.984, 2.914, 0.924, 0.924, 0.924, 0.924, 0.924, 0.924, 0.924, 0.803, 0.925, 0.925, 0.925, 0.924, 0.925, 0.925, 0.925, 0.925], "Dispersion coefficient C6": [22.736, 18.621, 22.774, 18.413, 21.231, 21.697, 18.709, 21.708, 27.879, 28.866, 28.866, 26.097, 189.301, 28.829, 28.56, 27.788, 28.621, 28.865, 26.115, 189.374, 28.853, 28.776, 2.302, 2.275, 2.278, 2.294, 2.227, 2.254, 2.323, 0.692, 2.431, 2.235, 2.196, 2.17, 2.11, 2.21, 2.234, 2.381], "Total dispersion C6": 22709.645786, "Total dispersion C8": 680422.89495, "Polarizability alpha": [6.8, 6.157, 6.806, 5.794, 7.542, 6.245, 6.164, 6.289, 8.66, 8.81, 8.813, 8.377, 22.184, 8.808, 8.763, 8.646, 8.773, 8.813, 8.379, 22.188, 8.811, 8.796, 2.373, 2.359, 2.36, 2.369, 2.334, 2.348, 2.383, 1.307, 2.438, 2.338, 2.318, 2.304, 2.271, 2.325, 2.337, 2.413], "Total polarizability alpha": 237.193574, "Wiberg matrix": [[0.0, 1.0019291185553114, 0.0, 0.0, 0.0, 0.0, 0.0, 0.0, 0.0, 0.0, 0.0, 0.0, 0.0, 0.0, 0.0, 0.0, 0.0, 0.0, 0.0, 0.0, 0.0, 0.0, 0.9847827021641605, 0.9828069692680587, 0.9838735055515659, 0.0, 0.0, 0.0, 0.0, 0.0, 0.0, 0.0, 0.0, 0.0, 0.0, 0.0, 0.0, 0.0], [1.0019291185553114, 0.0, 1.0056649946021388, 0.915011578490395, 0.0, 0.0, 0.0, 0.0, 0.0, 0.0, 0.0, 0.0, 0.0, 0.0, 0.0, 0.0, 0.0, 0.0, 0.0, 0.0, 0.0, 0.0, 0.0, 0.0, 0.0, 0.9606908863902857, 0.0, 0.0, 0.0, 0.0, 0.0, 0.0, 0.0, 0.0, 0.0, 0.0, 0.0, 0.0], [0.0, 1.0056649946021388, 0.0, 0.0, 0.0, 0.0, 0.0, 0.0, 0.0, 0.0, 0.0, 0.0, 0.0, 0.0, 0.0, 0.0, 0.0, 0.0, 0.0, 0.0, 0.0, 0.0, 0.0, 0.0, 0.0, 0.0, 0.9843672109102843, 0.9829663008437302, 0.984985719680953, 0.0, 0.0, 0.0, 0.0, 0.0, 0.0, 0.0, 0.0, 0.0], [0.0, 0.915011578490395, 0.0, 0.0, 1.1516482755776647, 0.1764779068505788, 0.0, 0.0, 0.0, 0.0, 0.0, 0.0, 0.0, 0.0, 0.0, 0.0, 0.0, 0.0, 0.0, 0.0, 0.0, 0.0, 0.0, 0.0, 0.0, 0.0, 0.0, 0.0, 0.0, 0.0, 0.0, 0.0, 0.0, 0.0, 0.0, 0.0, 0.0, 0.0], [0.0, 0.0, 0.0, 1.1516482755776647, 0.0, 1.7466132509934573, 0.9164869443627052, 0.0, 0.0, 0.0, 0.0, 0.0, 0.0, 0.0, 0.0, 0.0, 0.0, 0.0, 0.0, 0.0, 0.0, 0.0, 0.0, 0.0, 0.0, 0.0, 0.0, 0.0, 0.0, 0.0, 0.0, 0.0, 0.0, 0.0, 0.0, 0.0, 0.0, 0.0], [0.0, 0.0, 0.0, 0.1764779068505788, 1.7466132509934573, 0.0, 0.0, 0.0, 0.0, 0.0, 0.0, 0.0, 0.0, 0.0, 0.0, 0.0, 0.0, 0.0, 0.0, 0.0, 0.0, 0.0, 0.0, 0.0, 0.0, 0.0, 0.0, 0.0, 0.0, 0.0, 0.0, 0.0, 0.0, 0.0, 0.0, 0.0, 0.0, 0.0], [0.0, 0.0, 0.0, 0.0, 0.9164869443627052, 0.0, 0.0, 0.9782306550988799, 0.9520333201102246, 0.0, 0.0, 0.0, 0.0, 0.0, 0.0, 0.9588107638230207, 0.0, 0.0, 0.0, 0.0, 0.0, 0.0, 0.0, 0.0, 0.0, 0.0, 0.0, 0.0, 0.0, 0.0, 0.0, 0.0, 0.0, 0.0, 0.0, 0.0, 0.0, 0.0], [0.0, 0.0, 0.0, 0.0, 0.0, 0.0, 0.9782306550988799, 0.0, 0.0, 0.0, 0.0, 0.0, 0.0, 0.0, 0.0, 0.0, 0.0, 0.0, 0.0, 0.0, 0.0, 0.0, 0.0, 0.0, 0.0, 0.0, 0.0, 0.0, 0.0, 0.875238325335223, 0.0, 0.0, 0.0, 0.0, 0.0, 0.0, 0.0, 0.0], [0.0, 0.0, 0.0, 0.0, 0.0, 0.0, 0.9520333201102246, 0.0, 0.0, 1.4167793442597705, 0.0, 0.0, 0.0, 0.0, 1.4018055106638467, 0.0, 0.0, 0.0, 0.0, 0.0, 0.0, 0.0, 0.0, 0.0, 0.0, 0.0, 0.0, 0.0, 0.0, 0.0, 0.0, 0.0, 0.0, 0.0, 0.0, 0.0, 0.0, 0.0], [0.0, 0.0, 0.0, 0.0, 0.0, 0.0, 0.0, 0.0, 1.4167793442597705, 0.0, 1.4359833467775038, 0.0, 0.0, 0.10615435500298681, 0.0, 0.0, 0.0, 0.0, 0.0, 0.0, 0.0, 0.0, 0.0, 0.0, 0.0, 0.0, 0.0, 0.0, 0.0, 0.0, 0.9666164191584993, 0.0, 0.0, 0.0, 0.0, 0.0, 0.0, 0.0], [0.0, 0.0, 0.0, 0.0, 0.0, 0.0, 0.0, 0.0, 0.0, 1.4359833467775038, 0.0, 1.4092034812519387, 0.0, 0.0, 0.11083910408600083, 0.0, 0.0, 0.0, 0.0, 0.0, 0.0, 0.0, 0.0, 0.0, 0.0, 0.0, 0.0, 0.0, 0.0, 0.0, 0.0, 0.9680326802653567, 0.0, 0.0, 0.0, 0.0, 0.0, 0.0], [0.0, 0.0, 0.0, 0.0, 0.0, 0.0, 0.0, 0.0, 0.0, 0.0, 1.4092034812519387, 0.0, 0.993217944764845, 1.4034062743774403, 0.0, 0.0, 0.0, 0.0, 0.0, 0.0, 0.0, 0.0, 0.0, 0.0, 0.0, 0.0, 0.0, 0.0, 0.0, 0.0, 0.0, 0.0, 0.0, 0.0, 0.0, 0.0, 0.0, 0.0], [0.0, 0.0, 0.0, 0.0, 0.0, 0.0, 0.0, 0.0, 0.0, 0.0, 0.0, 0.993217944764845, 0.0, 0.0, 0.0, 0.0, 0.0, 0.0, 0.0, 0.0, 0.0, 0.0, 0.0, 0.0, 0.0, 0.0, 0.0, 0.0, 0.0, 0.0, 0.0, 0.0, 0.0, 0.0, 0.0, 0.0, 0.0, 0.0], [0.0, 0.0, 0.0, 0.0, 0.0, 0.0, 0.0, 0.0, 0.0, 0.10615435500298681, 0.0, 1.4034062743774403, 0.0, 0.0, 1.4476365562579379, 0.0, 0.0, 0.0, 0.0, 0.0, 0.0, 0.0, 0.0, 0.0, 0.0, 0.0, 0.0, 0.0, 0.0, 0.0, 0.0, 0.0, 0.9670633767425997, 0.0, 0.0, 0.0, 0.0, 0.0], [0.0, 0.0, 0.0, 0.0, 0.0, 0.0, 0.0, 0.0, 1.4018055106638467, 0.0, 0.11083910408600083, 0.0, 0.0, 1.4476365562579379, 0.0, 0.0, 0.0, 0.0, 0.0, 0.0, 0.0, 0.0, 0.0, 0.0, 0.0, 0.0, 0.0, 0.0, 0.0, 0.0, 0.0, 0.0, 0.0, 0.9657606299286049, 0.0, 0.0, 0.0, 0.0], [0.0, 0.0, 0.0, 0.0, 0.0, 0.0, 0.9588107638230207, 0.0, 0.0, 0.0, 0.0, 0.0, 0.0, 0.0, 0.0, 0.0, 1.4111039953483806, 0.0, 0.0, 0.0, 0.0, 1.405940367602704, 0.0, 0.0, 0.0, 0.0, 0.0, 0.0, 0.0, 0.0, 0.0, 0.0, 0.0, 0.0, 0.0, 0.0, 0.0, 0.0], [0.0, 0.0, 0.0, 0.0, 0.0, 0.0, 0.0, 0.0, 0.0, 0.0, 0.0, 0.0, 0.0, 0.0, 0.0, 1.4111039953483806, 0.0, 1.4395007478391053, 0.0, 0.0, 0.10797249286709129, 0.0, 0.0, 0.0, 0.0, 0.0, 0.0, 0.0, 0.0, 0.0, 0.0, 0.0, 0.0, 0.0, 0.9638742060927296, 0.0, 0.0, 0.0], [0.0, 0.0, 0.0, 0.0, 0.0, 0.0, 0.0, 0.0, 0.0, 0.0, 0.0, 0.0, 0.0, 0.0, 0.0, 0.0, 1.4395007478391053, 0.0, 1.40806084146207, 0.0, 0.0, 0.10872471425697722, 0.0, 0.0, 0.0, 0.0, 0.0, 0.0, 0.0, 0.0, 0.0, 0.0, 0.0, 0.0, 0.0, 0.9674869307239166, 0.0, 0.0], [0.0, 0.0, 0.0, 0.0, 0.0, 0.0, 0.0, 0.0, 0.0, 0.0, 0.0, 0.0, 0.0, 0.0, 0.0, 0.0, 0.0, 1.40806084146207, 0.0, 0.9915361443700681, 1.4043077005461932, 0.0, 0.0, 0.0, 0.0, 0.0, 0.0, 0.0, 0.0, 0.0, 0.0, 0.0, 0.0, 0.0, 0.0, 0.0, 0.0, 0.0], [0.0, 0.0, 0.0, 0.0, 0.0, 0.0, 0.0, 0.0, 0.0, 0.0, 0.0, 0.0, 0.0, 0.0, 0.0, 0.0, 0.0, 0.0, 0.9915361443700681, 0.0, 0.0, 0.0, 0.0, 0.0, 0.0, 0.0, 0.0, 0.0, 0.0, 0.0, 0.0, 0.0, 0.0, 0.0, 0.0, 0.0, 0.0, 0.0], [0.0, 0.0, 0.0, 0.0, 0.0, 0.0, 0.0, 0.0, 0.0, 0.0, 0.0, 0.0, 0.0, 0.0, 0.0, 0.0, 0.10797249286709129, 0.0, 1.4043077005461932, 0.0, 0.0, 1.4450789621277615, 0.0, 0.0, 0.0, 0.0, 0.0, 0.0, 0.0, 0.0, 0.0, 0.0, 0.0, 0.0, 0.0, 0.0, 0.9678204744376764, 0.0], [0.0, 0.0, 0.0, 0.0, 0.0, 0.0, 0.0, 0.0, 0.0, 0.0, 0.0, 0.0, 0.0, 0.0, 0.0, 1.405940367602704, 0.0, 0.10872471425697722, 0.0, 0.0, 1.4450789621277615, 0.0, 0.0, 0.0, 0.0, 0.0, 0.0, 0.0, 0.0, 0.0, 0.0, 0.0, 0.0, 0.0, 0.0, 0.0, 0.0, 0.967473048281871], [0.9847827021641605, 0.0, 0.0, 0.0, 0.0, 0.0, 0.0, 0.0, 0.0, 0.0, 0.0, 0.0, 0.0, 0.0, 0.0, 0.0, 0.0, 0.0, 0.0, 0.0, 0.0, 0.0, 0.0, 0.0, 0.0, 0.0, 0.0, 0.0, 0.0, 0.0, 0.0, 0.0, 0.0, 0.0, 0.0, 0.0, 0.0, 0.0], [0.9828069692680587, 0.0, 0.0, 0.0, 0.0, 0.0, 0.0, 0.0, 0.0, 0.0, 0.0, 0.0, 0.0, 0.0, 0.0, 0.0, 0.0, 0.0, 0.0, 0.0, 0.0, 0.0, 0.0, 0.0, 0.0, 0.0, 0.0, 0.0, 0.0, 0.0, 0.0, 0.0, 0.0, 0.0, 0.0, 0.0, 0.0, 0.0], [0.9838735055515659, 0.0, 0.0, 0.0, 0.0, 0.0, 0.0, 0.0, 0.0, 0.0, 0.0, 0.0, 0.0, 0.0, 0.0, 0.0, 0.0, 0.0, 0.0, 0.0, 0.0, 0.0, 0.0, 0.0, 0.0, 0.0, 0.0, 0.0, 0.0, 0.0, 0.0, 0.0, 0.0, 0.0, 0.0, 0.0, 0.0, 0.0], [0.0, 0.9606908863902857, 0.0, 0.0, 0.0, 0.0, 0.0, 0.0, 0.0, 0.0, 0.0, 0.0, 0.0, 0.0, 0.0, 0.0, 0.0, 0.0, 0.0, 0.0, 0.0, 0.0, 0.0, 0.0, 0.0, 0.0, 0.0, 0.0, 0.0, 0.0, 0.0, 0.0, 0.0, 0.0, 0.0, 0.0, 0.0, 0.0], [0.0, 0.0, 0.9843672109102843, 0.0, 0.0, 0.0, 0.0, 0.0, 0.0, 0.0, 0.0, 0.0, 0.0, 0.0, 0.0, 0.0, 0.0, 0.0, 0.0, 0.0, 0.0, 0.0, 0.0, 0.0, 0.0, 0.0, 0.0, 0.0, 0.0, 0.0, 0.0, 0.0, 0.0, 0.0, 0.0, 0.0, 0.0, 0.0], [0.0, 0.0, 0.9829663008437302, 0.0, 0.0, 0.0, 0.0, 0.0, 0.0, 0.0, 0.0, 0.0, 0.0, 0.0, 0.0, 0.0, 0.0, 0.0, 0.0, 0.0, 0.0, 0.0, 0.0, 0.0, 0.0, 0.0, 0.0, 0.0, 0.0, 0.0, 0.0, 0.0, 0.0, 0.0, 0.0, 0.0, 0.0, 0.0], [0.0, 0.0, 0.984985719680953, 0.0, 0.0, 0.0, 0.0, 0.0, 0.0, 0.0, 0.0, 0.0, 0.0, 0.0, 0.0, 0.0, 0.0, 0.0, 0.0, 0.0, 0.0, 0.0, 0.0, 0.0, 0.0, 0.0, 0.0, 0.0, 0.0, 0.0, 0.0, 0.0, 0.0, 0.0, 0.0, 0.0, 0.0, 0.0], [0.0, 0.0, 0.0, 0.0, 0.0, 0.0, 0.0, 0.875238325335223, 0.0, 0.0, 0.0, 0.0, 0.0, 0.0, 0.0, 0.0, 0.0, 0.0, 0.0, 0.0, 0.0, 0.0, 0.0, 0.0, 0.0, 0.0, 0.0, 0.0, 0.0, 0.0, 0.0, 0.0, 0.0, 0.0, 0.0, 0.0, 0.0, 0.0], [0.0, 0.0, 0.0, 0.0, 0.0, 0.0, 0.0, 0.0, 0.0, 0.9666164191584993, 0.0, 0.0, 0.0, 0.0, 0.0, 0.0, 0.0, 0.0, 0.0, 0.0, 0.0, 0.0, 0.0, 0.0, 0.0, 0.0, 0.0, 0.0, 0.0, 0.0, 0.0, 0.0, 0.0, 0.0, 0.0, 0.0, 0.0, 0.0], [0.0, 0.0, 0.0, 0.0, 0.0, 0.0, 0.0, 0.0, 0.0, 0.0, 0.9680326802653567, 0.0, 0.0, 0.0, 0.0, 0.0, 0.0, 0.0, 0.0, 0.0, 0.0, 0.0, 0.0, 0.0, 0.0, 0.0, 0.0, 0.0, 0.0, 0.0, 0.0, 0.0, 0.0, 0.0, 0.0, 0.0, 0.0, 0.0], [0.0, 0.0, 0.0, 0.0, 0.0, 0.0, 0.0, 0.0, 0.0, 0.0, 0.0, 0.0, 0.0, 0.9670633767425997, 0.0, 0.0, 0.0, 0.0, 0.0, 0.0, 0.0, 0.0, 0.0, 0.0, 0.0, 0.0, 0.0, 0.0, 0.0, 0.0, 0.0, 0.0, 0.0, 0.0, 0.0, 0.0, 0.0, 0.0], [0.0, 0.0, 0.0, 0.0, 0.0, 0.0, 0.0, 0.0, 0.0, 0.0, 0.0, 0.0, 0.0, 0.0, 0.9657606299286049, 0.0, 0.0, 0.0, 0.0, 0.0, 0.0, 0.0, 0.0, 0.0, 0.0, 0.0, 0.0, 0.0, 0.0, 0.0, 0.0, 0.0, 0.0, 0.0, 0.0, 0.0, 0.0, 0.0], [0.0, 0.0, 0.0, 0.0, 0.0, 0.0, 0.0, 0.0, 0.0, 0.0, 0.0, 0.0, 0.0, 0.0, 0.0, 0.0, 0.9638742060927296, 0.0, 0.0, 0.0, 0.0, 0.0, 0.0, 0.0, 0.0, 0.0, 0.0, 0.0, 0.0, 0.0, 0.0, 0.0, 0.0, 0.0, 0.0, 0.0, 0.0, 0.0], [0.0, 0.0, 0.0, 0.0, 0.0, 0.0, 0.0, 0.0, 0.0, 0.0, 0.0, 0.0, 0.0, 0.0, 0.0, 0.0, 0.0, 0.9674869307239166, 0.0, 0.0, 0.0, 0.0, 0.0, 0.0, 0.0, 0.0, 0.0, 0.0, 0.0, 0.0, 0.0, 0.0, 0.0, 0.0, 0.0, 0.0, 0.0, 0.0], [0.0, 0.0, 0.0, 0.0, 0.0, 0.0, 0.0, 0.0, 0.0, 0.0, 0.0, 0.0, 0.0, 0.0, 0.0, 0.0, 0.0, 0.0, 0.0, 0.0, 0.9678204744376764, 0.0, 0.0, 0.0, 0.0, 0.0, 0.0, 0.0, 0.0, 0.0, 0.0, 0.0, 0.0, 0.0, 0.0, 0.0, 0.0, 0.0], [0.0, 0.0, 0.0, 0.0, 0.0, 0.0, 0.0, 0.0, 0.0, 0.0, 0.0, 0.0, 0.0, 0.0, 0.0, 0.0, 0.0, 0.0, 0.0, 0.0, 0.0, 0.967473048281871, 0.0, 0.0, 0.0, 0.0, 0.0, 0.0, 0.0, 0.0, 0.0, 0.0, 0.0, 0.0, 0.0, 0.0, 0.0, 0.0]], "Born radii": [], "Atomic SASAs": [], "Solvent H bonds": [], "Total SASA": NaN, "Total FOD": 0.0, "FOD": [0.0, 0.0, 0.0, 0.0, 0.0, 0.0, 0.0, 0.0, 0.0, 0.0, 0.0, 0.0, 0.0, 0.0, 0.0, 0.0, 0.0, 0.0, 0.0, 0.0, 0.0, 0.0, 0.0, 0.0, 0.0, 0.0, 0.0, 0.0, 0.0, 0.0, 0.0, 0.0, 0.0, 0.0, 0.0, 0.0, 0.0, 0.0], "FOD s proportion": [0.0, 0.0, 0.0, 0.0, 0.0, 0.0, 0.0, 0.0, 0.0, 0.0, 0.0, 0.0, 0.0, 0.0, 0.0, 0.0, 0.0, 0.0, 0.0, 0.0, 0.0, 0.0, 0.0, 0.0, 0.0, 0.0, 0.0, 0.0, 0.0, 0.0, 0.0, 0.0, 0.0, 0.0, 0.0, 0.0, 0.0, 0.0], "FOD p proportion": [0.0, 0.0, 0.0, 0.0, 0.0, 0.0, 0.0, 0.0, 0.0, 0.0, 0.0, 0.0, 0.0, 0.0, 0.0, 0.0, 0.0, 0.0, 0.0, 0.0, 0.0, 0.0, 0.0, 0.0, 0.0, 0.0, 0.0, 0.0, 0.0, 0.0, 0.0, 0.0, 0.0, 0.0, 0.0, 0.0, 0.0, 0.0], "FOD d proportion": [0.0, 0.0, 0.0, 0.0, 0.0, 0.0, 0.0, 0.0, 0.0, 0.0, 0.0, 0.0, 0.0, 0.0, 0.0, 0.0, 0.0, 0.0, 0.0, 0.0, 0.0, 0.0, 0.0, 0.0, 0.0, 0.0, 0.0, 0.0, 0.0, 0.0, 0.0, 0.0, 0.0, 0.0, 0.0, 0.0, 0.0, 0.0], "coordinates": [["3.60100", "-0.74180", "-1.11140"], ["2.96630", "0.50500", "-0.50670"], ["3.59960", "0.83580", "0.83900"], ["1.56820", "0.26220", "-0.26610"], ["0.72780", "0.43690", "-1.32590"], ["1.07780", "0.84070", "-2.43380"], ["-0.75320", "0.11050", "-0.97820"], ["-1.45610", "0.02330", "-2.24310"], ["-1.48130", "1.23340", "-0.21870"], ["-0.81700", "2.33620", "0.34740"], ["-1.52580", "3.32480", "1.03980"], ["-2.90760", "3.22560", "1.17610"], ["-3.85780", "4.56330", "2.11350"], ["-3.59130", "2.14740", "0.62610"], ["-2.88300", "1.16140", "-0.06480"], ["-0.85360", "-1.26070", "-0.28470"], ["-1.03860", "-2.43770", "-1.03490"], ["-1.09750", "-3.68840", "-0.41350"], ["-0.96320", "-3.78060", "0.96830"], ["-1.04030", "-5.47120", "1.80960"], ["-0.76790", "-2.63520", "1.73410"], ["-0.70940", "-1.38510", "1.11140"], ["3.44030", "-1.61410", "-0.46810"], ["4.67690", "-0.60700", "-1.25890"], ["3.14810", "-0.97970", "-2.07940"], ["3.09780", "1.36540", "-1.17370"], ["3.45850", "0.01640", "1.55270"], ["4.67100", "1.03330", "0.73730"], ["3.12170", "1.71900", "1.27680"], ["-0.98440", "0.62860", "-2.84840"], ["0.26080", "2.45640", "0.26860"], ["-0.98850", "4.16760", "1.46780"], ["-4.67010", "2.06160", "0.72520"], ["-3.43190", "0.32280", "-0.49400"], ["-1.14540", "-2.38950", "-2.11780"], ["-1.24850", "-4.57910", "-1.01780"], ["-0.65810", "-2.70150", "2.81330"], ["-0.54540", "-0.50610", "1.73270"]], "bond_dist": [[0.0, 1.5241444879013275, 2.508562114040631, 2.419674343790916, 3.1129764181567454, 3.2587706654503936, 4.438830383107694, 5.238356928465261, 5.525224123960946, 5.578611425794057, 6.888321656252705, 7.958315963192213, 9.704522835255734, 7.943271503606055, 6.838113614148276, 4.560279734840835, 4.940426825690266, 5.589760121865696, 5.864416353738878, 7.241624890174856, 5.546992069581496, 4.892261531234813, 1.0957037327672112, 1.0942979941496738, 1.0948693164026475, 2.167344774141853, 2.7735540917746673, 2.777331759081007, 3.4624795118527416, 5.0912727603223145, 4.825952681077593, 7.198471452329307, 8.924306490142525, 7.139764585054608, 5.124067642996137, 6.1847621215370925, 6.114215157319866, 5.033596354496455], [1.5241444879013275, 0.0, 1.5236160999411892, 1.4392789201541165, 2.384661087031027, 2.7189779605579742, 3.7699632292636487, 4.775431039183792, 4.516044322191712, 4.289072060481148, 5.524662586982123, 6.688511150472876, 8.36083654546601, 6.854402334266642, 5.902579695353549, 4.214097352933366, 4.997769756601438, 5.840184949126184, 5.9985800494783765, 7.558641127213277, 5.369012043197519, 4.438636740036292, 2.171808179835411, 2.1745117153053006, 2.1704309756359454, 1.0965716620449388, 2.1730437547366597, 2.1754629346417285, 2.163057421799061, 4.594220972047382, 3.424730982135677, 5.740534125845783, 7.8901955698195465, 6.400806306239864, 5.280137341963749, 6.623732713508298, 5.868587360685703, 4.285938923969869], [2.508562114040631, 1.5236160999411892, 0.0, 2.3826138860503603, 3.618445586159892, 4.131672674595605, 4.772331062489274, 5.976587584065007, 5.205032167047578, 4.690333280269111, 5.701330265823933, 6.940348138962483, 8.433944584830991, 7.312637265720213, 6.553393972591606, 5.048663603370698, 5.97831102402677, 6.6407748267803814, 6.492072957846362, 7.889802619204108, 5.650141702647819, 4.855314569623682, 2.7813480382720894, 2.764675666330501, 3.4665474264749356, 2.140850459513695, 1.0957614977722114, 1.0941878723509963, 1.0954905248335105, 5.8866719460149985, 3.7549015912537578, 5.704992751090925, 8.36082975367876, 7.175099319870074, 6.454475294708316, 7.501527968354181, 5.876934666133357, 4.447518442907236], [2.419674343790916, 1.4392789201541165, 2.3826138860503603, 0.0, 1.3638065441989933, 2.296536021925195, 2.4328989415921085, 3.6210485636069563, 3.2007696652524062, 3.2197883921152335, 4.545077509790125, 5.558279053807932, 7.321436564636752, 5.565109175029722, 4.545576285796995, 2.8608889545034777, 3.8309162990073276, 4.768115310057004, 4.927064152210726, 6.632094563559841, 4.225291707089583, 3.1302660110604017, 2.6582069332540685, 3.3771550408590953, 2.7067427860807167, 2.0929558428213433, 2.6347077959424645, 3.3509363780889667, 2.629861003931577, 3.6494231064649107, 2.6095425825228453, 4.979485240464118, 6.567868980118285, 5.005657876842963, 4.221839734049601, 5.651286355335394, 4.818986795997682, 3.0087856836272002], [3.1129764181567454, 2.384661087031027, 3.618445586159892, 1.3638065441989933, 0.0, 1.230039369288642, 1.5558898579269675, 2.404524903177341, 2.5962332137155943, 2.9654140385450387, 4.360643973084709, 5.220439143405466, 7.062887276461376, 5.038922410595345, 3.8927047280778955, 2.542984301957053, 3.386469418140374, 4.602422616405408, 5.09020047640562, 6.918322301685575, 4.586776308040322, 3.3653616640711888, 3.5071467163493466, 4.085291546511705, 2.903854317971203, 2.549936683527652, 3.989972518702353, 4.490135124915508, 3.761460475666334, 2.2992137743150374, 2.6151289643151445, 4.9667462055152365, 5.998665327387418, 4.243604659955967, 3.482028260942177, 5.40008734188624, 5.376174291259538, 3.4446075538441243], [3.2587706654503936, 2.7189779605579742, 4.131672674595605, 2.296536021925195, 1.230039369288642, 0.0, 2.45041310802893, 2.669299245120337, 3.4073265341026535, 3.682643171690681, 5.00153803644439, 5.882392300756556, 7.674362215194172, 5.733319083218726, 4.626331822297229, 3.5727886489407683, 4.145356043815778, 5.415375239999532, 6.0906796911346435, 7.895117021298671, 5.7323537669965905, 4.551561547425235, 3.9333733334124283, 4.053362321579456, 2.7794959273220745, 2.4379421855327084, 4.715865268431659, 4.796254393795225, 4.326371512017894, 2.1141306511188, 3.2528358781223505, 5.52814090449945, 6.671449034505172, 4.936439864922899, 3.9340394354912105, 6.065555187285002, 6.564494501482959, 4.669943332632635], [4.438830383107694, 3.7699632292636487, 4.772331062489274, 2.4328989415921085, 1.5558898579269675, 2.45041310802893, 0.0, 1.4497048872098075, 1.5387898719448345, 2.59133677664637, 3.873107182870105, 4.357326687316433, 6.24696549454213, 3.8441581276008927, 2.544550728517708, 1.5398739721159, 2.5647594994462932, 3.856043281655433, 4.355872066532717, 6.2457689790769555, 3.8594890685167127, 2.570051742669785, 4.562881701293603, 5.484485823666608, 4.197775502572761, 4.055020993780427, 4.914542350005745, 5.763371038723778, 4.763102692573403, 1.9543615555981446, 2.8435810257490464, 4.743241771194043, 4.695792625318967, 2.7303762780979475, 2.775339438699346, 4.715849701803483, 4.7214256596922075, 2.7878944043847858], [5.238356928465261, 4.775431039183792, 5.976587584065007, 3.6210485636069563, 2.404524903177341, 2.669299245120337, 1.4497048872098075, 0.0, 2.358637829341334, 3.5310969216378076, 4.656414151468918, 4.904335447336367, 6.734962988020053, 4.159710144950006, 2.8418842534487574, 2.418055584555492, 2.773188506034164, 4.153642619436583, 5.002568898076268, 6.840087512598066, 4.833152318104614, 3.7140034598799176, 5.459527151686307, 6.243365817409709, 4.715025379571142, 4.86650326004206, 6.2097856975905374, 6.88797782879707, 6.018417345116571, 0.977382765348356, 3.895684549601007, 5.582530883031459, 4.826517148006417, 2.6557177372604945, 2.435947129968136, 4.767236475149938, 5.799010260380645, 4.112982432493482], [5.525224123960946, 4.516044322191712, 5.205032167047578, 3.2007696652524062, 2.5962332137155943, 3.4073265341026535, 1.5387898719448345, 2.358637829341334, 0.0, 1.4063895406323241, 2.4412612437017063, 2.8193367251891, 4.709049065363409, 2.449731217909426, 1.411960374798103, 2.5727219243439428, 3.7867058164056, 4.940583439230634, 5.1785705180097725, 7.018557048995184, 4.391859897583255, 3.03669851483482, 5.691450005929947, 6.510953496992587, 5.458146247582599, 4.679487772181909, 5.387074437948671, 6.229347582211158, 4.864148086767096, 2.743722788475541, 2.1835985665868165, 3.420038556800201, 3.4271428172750547, 2.1702126186159734, 4.1042434174887825, 5.871789582401604, 5.0352875042047005, 2.7766402395701175], [5.578611425794057, 4.289072060481148, 4.690333280269111, 3.2197883921152335, 2.9654140385450387, 3.682643171690681, 2.59133677664637, 3.5310969216378076, 1.4063895406323241, 0.0, 1.3996946667041354, 2.418343319299392, 4.162396936862221, 2.7946483893327265, 2.4121401037253203, 3.6522020179612187, 4.974935281991113, 6.078935286709342, 6.149970202366838, 7.946281299450706, 5.161411208187157, 3.8004404284240527, 5.864683591635614, 6.436269349553358, 5.710216200810613, 4.3106678009329364, 5.01139904417918, 5.65399986027591, 4.0936631383151205, 3.6272659345573213, 1.087340940091929, 2.1537721258294718, 3.8813035967313865, 3.405794405127826, 5.34015899482403, 7.061964130466821, 5.6110902069027535, 3.1735613969167193], [6.888321656252705, 5.524662586982123, 5.701330265823933, 4.545077509790125, 4.360643973084709, 5.00153803644439, 3.873107182870105, 4.656414151468918, 2.4412612437017063, 1.3996946667041354, 0.0, 1.3920451034359482, 2.8504276766829215, 2.413236146753981, 2.7825226971221637, 4.82005843740509, 6.14395232566139, 7.17499101184106, 7.127996925504388, 8.842958684173526, 6.04798023310262, 4.780668732510129, 7.164401219222721, 7.695229705473385, 7.0783804715485585, 5.487850906320251, 6.004317068576576, 6.613834647161963, 4.922805997599337, 4.762426654553328, 2.1309170701836333, 1.087284291250453, 3.403126487511153, 3.872694623902071, 6.539752778966496, 8.172040642336528, 6.341490142703054, 4.01460949283987], [7.958315963192213, 6.688511150472876, 6.940348138962483, 5.558279053807932, 5.220439143405466, 5.882392300756556, 4.357326687316433, 4.904335447336367, 2.8193367251891, 2.418343319299392, 1.3920451034359482, 0.0, 1.8897195797260504, 1.3901298248724827, 2.408601172880226, 5.145846901142707, 6.360396912929255, 7.321658703463307, 7.273974885851613, 8.917536755180771, 6.264076686152557, 5.108309291732441, 8.149964671089073, 8.83983529314885, 8.059424968941643, 6.711686318653457, 7.139189128325429, 7.901512683657478, 6.215500184216874, 5.161366823817118, 3.3843734205905824, 2.1576370640123885, 2.159771529583627, 3.38974517331318, 6.744217824180947, 8.275213115684696, 6.547609372893285, 4.451446651370765], [9.704522835255734, 8.36083654546601, 8.433944584830991, 7.321436564636752, 7.062887276461376, 7.674362215194172, 6.24696549454213, 6.734962988020053, 4.709049065363409, 4.162396936862221, 2.8504276766829215, 1.8897195797260504, 0.0, 2.8495532667419994, 4.155496304895482, 6.978220179959931, 8.177671563470863, 9.060658804965563, 8.905664456400768, 10.426977112759, 7.842820195567408, 6.804416913299772, 9.903897865487103, 10.533099635909652, 9.868530499522207, 8.331423624447385, 8.632325407443814, 9.332483907299277, 7.58310817739006, 6.954045100515239, 4.980516999268248, 2.967556144371998, 2.974174014747624, 4.996227307679265, 8.579186516797499, 10.009843352420656, 7.9690099240746335, 6.067604037838989], [7.943271503606055, 6.854402334266642, 7.312637265720213, 5.565109175029722, 5.038922410595345, 5.733319083218726, 3.8441581276008927, 4.159710144950006, 2.449731217909426, 2.7946483893327265, 2.413236146753981, 1.3901298248724827, 2.8495532667419994, 0.0, 1.3968635223242105, 4.465389517164208, 5.50439281846781, 6.430891714218178, 6.493473219317996, 8.121042987818745, 5.663260043473194, 4.584694095574971, 8.049195888410221, 8.91644971947916, 7.906832299979556, 6.971001567206824, 7.4228989350522605, 8.337816593089585, 6.758054901375099, 4.601611815440324, 3.880974318389649, 3.4006227032706815, 1.0867345075960362, 2.1469041734553502, 5.83908174544594, 7.310056176254736, 6.074482470959975, 4.188452294105784], [6.838113614148276, 5.902579695353549, 6.553393972591606, 4.545576285796995, 3.8927047280778955, 4.626331822297229, 2.544550728517708, 2.8418842534487574, 1.411960374798103, 2.4121401037253203, 2.7825226971221637, 2.408601172880226, 4.155496304895482, 1.3968635223242105, 0.0, 3.1675524904885157, 4.158897231238108, 5.179783970398765, 5.401508275472694, 7.134444716304135, 4.703600831278097, 3.5486117919547073, 6.917382021400871, 7.8552658376403794, 6.7094775936729985, 6.0861518096412945, 6.643941112020786, 7.597544999537679, 6.1779632897905765, 3.411302795120949, 3.4163809799259806, 3.869784419060059, 2.1513220237797963, 1.0902998715949663, 4.454543025945535, 6.044265009080923, 5.306188465367584, 3.387615128670906], [4.560279734840835, 4.214097352933366, 5.048663603370698, 2.8608889545034777, 2.542984301957053, 3.5727886489407683, 1.5398739721159, 2.418055584555492, 2.5727219243439428, 3.6522020179612187, 4.82005843740509, 5.145846901142707, 6.978220179959931, 4.465389517164208, 3.1675524904885157, 0.0, 1.407960951163064, 2.443318223236589, 2.816365951008498, 4.706299993625565, 2.4437979008093125, 1.4090295277246676, 4.312320063492504, 5.653566978465896, 4.394714095365021, 4.827036789791435, 4.8581096714668766, 6.068618060151751, 5.207677450649186, 3.187337575469533, 3.9198036506947638, 5.705777348442541, 5.159772044383356, 3.0329704301229183, 2.1724622643443086, 3.421280488355201, 3.4222403320047525, 2.175847228093002], [4.940426825690266, 4.997769756601438, 5.97831102402677, 3.8309162990073276, 3.386469418140374, 4.145356043815778, 2.5647594994462932, 2.773188506034164, 3.7867058164056, 4.974935281991113, 6.14395232566139, 6.360396912929255, 8.177671563470863, 5.50439281846781, 4.158897231238108, 1.407960951163064, 0.0, 1.3978045857701284, 2.4128563591726717, 4.15852201990082, 2.78920163129165, 2.4130775142958005, 4.589131117107028, 6.005712175920521, 4.554690015796904, 5.620733049167163, 5.739528637440534, 6.912891290914389, 6.319035359135127, 3.562852169259904, 5.228744344486542, 7.06371045485303, 6.043959360386203, 3.693347797053508, 1.0892207719282625, 2.1517305546931293, 3.8759532930622367, 3.4108554000426343], [5.589760121865696, 5.840184949126184, 6.6407748267803814, 4.768115310057004, 4.602422616405408, 5.415375239999532, 3.856043281655433, 4.153642619436583, 4.940583439230634, 6.078935286709342, 7.17499101184106, 7.321658703463307, 9.060658804965563, 6.430891714218178, 5.179783970398765, 2.443318223236589, 1.3978045857701284, 0.0, 1.3913693147399797, 2.850231795836963, 2.4145500947381477, 2.7894681410620197, 4.989722486271155, 6.5995016842182865, 5.304469611563441, 6.612060236416482, 6.192626379816564, 7.54283658712026, 7.0639038420692, 4.957622274841035, 6.329992601891411, 8.078855530952389, 6.86459091643486, 4.641726946945502, 2.143379133517913, 1.0868882095229484, 3.4028344376416553, 3.8778888766956694], [5.864416353738878, 5.9985800494783765, 6.492072957846362, 4.927064152210726, 5.09020047640562, 6.0906796911346435, 4.355872066532717, 5.002568898076268, 5.1785705180097725, 6.149970202366838, 7.127996925504388, 7.273974885851613, 8.905664456400768, 6.493473219317996, 5.401508275472694, 2.816365951008498, 2.4128563591726717, 1.3913693147399797, 0.0, 1.8899360994488672, 1.391593651178389, 2.41315401497708, 5.113489949144322, 6.844186205094072, 5.834064088609244, 6.896462933997398, 5.857487793414511, 7.414256796874519, 6.857636649750408, 5.831697263233063, 6.394366668404307, 7.963920113863524, 6.923258341272554, 5.007064263617954, 3.3900397136316855, 2.1595350309731027, 2.1590664232487153, 3.38839408127213], [7.241624890174856, 7.558641127213277, 7.889802619204108, 6.632094563559841, 6.918322301685575, 7.895117021298671, 6.2457689790769555, 6.840087512598066, 7.018557048995184, 7.946281299450706, 8.842958684173526, 8.917536755180771, 10.426977112759, 8.121042987818745, 7.134444716304135, 4.706299993625565, 4.15852201990082, 2.850231795836963, 1.8899360994488672, 0.0, 2.850052281976595, 4.15850829745475, 6.335685760831262, 8.109408716423165, 7.2691531700742145, 8.530126028377307, 7.100630451586675, 8.722229945948456, 8.324968220960365, 7.675131845773074, 8.180121268660997, 9.644997455676181, 8.431752323212535, 6.678080526618408, 4.993234588921293, 2.9721003364624146, 2.970644478896793, 4.9902963469116735], [5.546992069581496, 5.369012043197519, 5.650141702647819, 4.225291707089583, 4.586776308040322, 5.7323537669965905, 3.8594890685167127, 4.833152318104614, 4.391859897583255, 5.161411208187157, 6.04798023310262, 6.264076686152557, 7.842820195567408, 5.663260043473194, 4.703600831278097, 2.4437979008093125, 2.78920163129165, 2.4145500947381477, 1.391593651178389, 2.850052281976595, 0.0, 1.3978295854645517, 4.858114581810519, 6.535861938566328, 5.711262426119115, 6.2772396552943555, 4.99262911500544, 6.635746808008878, 5.856378496135646, 5.63014821652148, 5.397249716290696, 6.811583361451286, 6.18910125058558, 4.561917317312974, 3.878144962478839, 3.403333245510936, 1.0867954591366307, 2.1406949852793136], [4.892261531234813, 4.438636740036292, 4.855314569623682, 3.1302660110604017, 3.3653616640711888, 4.551561547425235, 2.570051742669785, 3.7140034598799176, 3.03669851483482, 3.8004404284240527, 4.780668732510129, 5.108309291732441, 6.804416913299772, 4.584694095574971, 3.5486117919547073, 1.4090295277246676, 2.4130775142958005, 2.7894681410620197, 2.41315401497708, 4.15850829745475, 1.3978295854645517, 0.0, 4.446039961583792, 5.935991020040378, 5.022535221379737, 5.2231890737364655, 4.419314239788793, 5.910779435066073, 4.933570834598405, 4.45091324673937, 4.0507680913624275, 5.57112152622791, 5.264602152109881, 3.592525270613973, 3.4097870901274754, 3.876307192419094, 2.1522091580513263, 1.088829963768448], [1.0957037327672112, 2.171808179835411, 2.7813480382720894, 2.6582069332540685, 3.5071467163493466, 3.9333733334124283, 4.562881701293603, 5.459527151686307, 5.691450005929947, 5.864683591635614, 7.164401219222721, 8.149964671089073, 9.903897865487103, 8.049195888410221, 6.917382021400871, 4.312320063492504, 4.589131117107028, 4.989722486271155, 5.113489949144322, 6.335685760831262, 4.858114581810519, 4.446039961583792, 0.0, 1.780110842054505, 1.7561696643547857, 3.081005981818276, 2.5966313042093594, 3.158534218589376, 3.7756771021897517, 5.502136082468335, 5.217366901991847, 7.5359162110522435, 8.984059413205147, 7.139984962169039, 4.934713744484071, 5.574786142086529, 5.361614241998393, 4.685828542531192], [1.0942979941496738, 2.1745117153053006, 2.764675666330501, 3.3771550408590953, 4.085291546511705, 4.053362321579456, 5.484485823666608, 6.243365817409709, 6.510953496992587, 6.436269349553358, 7.695229705473385, 8.83983529314885, 10.533099635909652, 8.91644971947916, 7.8552658376403794, 5.653566978465896, 6.005712175920521, 6.5995016842182865, 6.844186205094072, 8.109408716423165, 6.535861938566328, 5.935991020040378, 1.780110842054505, 0.0, 1.7746422118274996, 2.528077848880449, 3.127014659383611, 2.583685998723529, 3.7760690578960547, 6.008621747123046, 5.587451567575329, 7.8948372503807835, 9.920911640066148, 8.197697084547586, 6.149324576731985, 7.137651769314611, 7.030787160055409, 6.019324601647597], [1.0948693164026475, 2.1704309756359454, 3.4665474264749356, 2.7067427860807167, 2.903854317971203, 2.7794959273220745, 4.197775502572761, 4.715025379571142, 5.458146247582599, 5.710216200810613, 7.0783804715485585, 8.059424968941643, 9.868530499522207, 7.906832299979556, 6.7094775936729985, 4.394714095365021, 4.554690015796904, 5.304469611563441, 5.834064088609244, 7.2691531700742145, 5.711262426119115, 5.022535221379737, 1.7561696643547857, 1