{"total energy": -32.51660571, "HOMO-LUMO gap/eV": 3.80280716, "electronic energy": -32.94930731, "dipole": [-0.15142704, -0.22818551, 1.21124827], "partial charges": [-0.1006564, -0.05124025, -0.05291897, -0.08303242, 0.22773336, -0.36341465, -0.08303071, -0.05386873, -0.05364877, -0.10056731, 0.03031278, 0.03246456, 0.03671216, 0.04089208, 0.02398708, 0.05133994, 0.03062101, 0.05680231, 0.05075479, 0.05419678, 0.05881129, 0.04361557, 0.04531677, 0.03257266, 0.02862756, 0.03071207, 0.03498002, 0.03192541], "atomic dipole moments": [[-0.09162286, -0.01446221, 0.0449402], [0.06863228, -0.09076828, -0.02845811], [-0.08839913, 0.07606991, 0.04878631], [0.01152957, 0.02495554, -0.08105775], [0.00137811, 0.00593393, -0.01792267], [-0.01551029, -0.02944229, 0.15695027], [0.00575258, 0.01267556, -0.08491277], [0.0023895, -0.02915636, 0.12789544], [0.07774109, 0.07705511, 0.0258989], [0.01737783, -0.07230917, -0.06977426], [0.09182427, -0.05114624, 0.06762456], [0.02379703, 0.12231854, -0.00925918], [0.00434458, -0.04904257, -0.11701781], [-0.085652, 0.06265044, -0.0696298], [0.00123969, 0.05572053, 0.10831149], [0.00762986, -0.05813012, -0.11559256], [0.08487516, -0.05448791, 0.06681819], [-0.00301114, -0.12602041, 0.03184306], [-0.00759214, 0.07246614, 0.10817663], [-0.01713466, -0.11800179, 0.05481159], [0.00329043, 0.09541399, 0.09045232], [0.00198161, -0.0805893, -0.09623184], [0.01340897, 0.11281059, -0.05825939], [-0.08672795, 0.00970215, -0.08591783], [-0.01786177, -0.11164817, 0.04971481], [0.0735274, -0.01383331, 0.10050455], [0.01498118, 0.11719833, -0.04599897], [-0.11778913, -0.00870921, 0.0412447]], "atomic quadrupole moments": [[0.16444233, 0.04611387, -0.09849392, -0.13687048, -0.02540699, -0.06594841], [0.0645397, 0.10170642, 0.09790632, -0.14860769, -0.03569869, -0.16244602], [0.08496442, 0.10215916, 0.08276906, -0.14709623, -0.06069829, -0.16773348], [0.18552653, -0.00644298, -0.19106326, -0.00060837, -0.08408465, 0.00553674], [-0.29259533, 0.09465111, 0.58315689, 0.02165619, 0.17595866, -0.29056156], [-0.12783097, 0.04058593, 0.25387823, 0.00791214, 0.07467883, -0.12604725], [0.17539304, -0.04218663, -0.23183146, 0.00886114, -0.05200748, 0.05643841], [0.23458205, -0.02196743, -0.22696308, 0.03028731, -0.04627733, -0.00761897], [0.0528689, -0.0064195, -0.05550583, -0.15706426, 0.14951499, 0.00263693], [-0.09239634, -0.03440995, 0.04797874, -0.03948526, 0.17321679, 0.04441759], [0.0183679, -0.03741362, -0.02518138, 0.04097399, -0.03979185, 0.00681347], [-0.03018824, 0.01552935, 0.07993733, -0.01111046, -0.00566837, -0.04974909], [-0.02745855, 0.00728391, -0.02754558, 0.00442854, 0.05034802, 0.05500413], [0.01981604, -0.0116222, -0.01992494, 0.03547205, -0.02342749, 0.00010889], [-0.03115419, 0.01129563, -0.01894048, -0.00018409, 0.02660257, 0.05009466], [-0.02876443, 0.01282196, -0.01476272, 0.00550437, 0.02562061, 0.04352715], [0.0189824, -0.01107709, -0.01421271, 0.04050082, -0.03159795, -0.00476969], [-0.00635304, 0.0064892, 0.05760932, -0.01586588, -0.02834293, -0.05125628], [-0.00399019, 0.00399756, -0.01881473, -0.0111541, 0.05637471, 0.02280491], [-0.01381892, 0.01450956, 0.03891877, 0.01318351, -0.04744407, -0.02509985], [-0.01909426, -0.01694138, 0.00960909, 0.01898449, 0.05290958, 0.00948517], [-0.00917319, -0.00825794, 0.01174869, -0.00055387, 0.0496254, -0.0025755], [-0.01356573, 0.00924294, 0.0486341, 0.00429342, -0.02447546, -0.03506837], [0.01392163, -0.02257003, -0.0394841, 0.03285007, -0.00155986, 0.02556247], [-0.03704712, -0.00761436, 0.04072394, -0.01256809, -0.03357003, -0.00367682], [0.00995907, -0.02366174, -0.02990377, 0.06213377, -0.00775267, 0.0199447], [-0.0488484, 0.0182937, 0.05410492, -0.012355, -0.04369389, -0.00525652], [0.0689183, 0.01746331, -0.04016694, -0.03485937, 0.0098239, -0.02875137]], "number of molecular orbitals": 58, "number of electrons": 60, "number of unpaired electrons": 0, "orbital energies/eV": [-19.01916845, -17.40276289, -17.21364445, -16.83623051, -16.59095458, -16.11499582, -15.76198049, -15.37064632, -15.14149967, -15.07876601, -14.72204066, -14.67902514, -14.04135946, -13.81708914, -13.70241189, -13.5121544, -13.33160659, -13.18646573, -13.07814467, -12.87890216, -12.60674597, -12.43139012, -12.22552542, -12.02254567, -11.90228067, -11.72883083, -11.67655132, -11.64626331, -11.4752426, -10.60523676, -6.80242961, 0.83873695, 2.22983186, 2.69927221, 3.0498658, 3.19710775, 3.39652234, 3.48908177, 3.67539958, 3.77224347, 3.94420882, 4.10938463, 4.3168771, 4.6190751, 4.85586516, 5.0051808, 5.32106616, 5.70587422, 5.98660325, 6.11052736, 6.72398276, 6.76932633, 7.17497266, 7.3986142, 7.6929719, 7.85952059, 8.26416668, 15.24373941], "fractional occupation": [2.0, 2.0, 2.0, 2.0, 2.0, 2.0, 2.0, 2.0, 2.0, 2.0, 2.0, 2.0, 2.0, 2.0, 2.0, 2.0, 2.0, 2.0, 2.0, 2.0, 2.0, 2.0, 2.0, 2.0, 2.0, 2.0, 2.0, 2.0, 2.0, 2.0, 0.0, 0.0, 0.0, 0.0, 0.0, 0.0, 0.0, 0.0, 0.0, 0.0, 0.0, 0.0, 0.0, 0.0, 0.0, 0.0, 0.0, 0.0, 0.0, 0.0, 0.0, 0.0, 0.0, 0.0, 0.0, 0.0, 0.0, 0.0], "program call": "xtb /home/svss/Project-DBcg-Debug/aqme2_20220329/End-to-End-workflows-final/example-3/QDESCP/mol_179_rdkit_conf_13/mol_179_rdkit_conf_13.xyz --pop --wbo --acc 0.2 --gfn 2 --chrg 0 --uhf 0 --etemp 300 --input /home/svss/Project-DBcg-Debug/aqme2_20220329/End-to-End-workflows-final/example-3/QDESCP/mol_179_rdkit_conf_13/mol_179_rdkit_conf_13_xtb.inp", "method": "GFN2-xTB", "xtb version": "6.3.3 (7355c4f)", "Dipole module/D": 3.156, "Total charge": 0, "Transition dipole module/D": NaN, "HOMO": -10.6052, "LUMO": -6.8024, "HOMO occupancy": 2.0, "LUMO occupancy": 0, "mulliken charges": [-0.08273, -0.0397, -0.03332, -0.08471, 0.3914, -0.49377, -0.08516, -0.03562, -0.04269, -0.08597, 0.02378, 0.02891, 0.03143, 0.03666, 0.01623, 0.04235, 0.0222, 0.05042, 0.03971, 0.04378, 0.04556, 0.03979, 0.03762, 0.02852, 0.02181, 0.02372, 0.02942, 0.03039], "cm5 charges": [-0.23309, -0.1515, -0.1417, -0.18689, 0.40837, -0.54704, -0.18751, -0.14376, -0.15497, -0.23638, 0.07507, 0.07971, 0.08277, 0.09412, 0.0711, 0.10041, 0.07719, 0.10647, 0.09622, 0.10041, 0.10261, 0.09704, 0.09469, 0.08276, 0.07643, 0.07547, 0.08084, 0.08116], "FUKUI+": [0.012, 0.007, 0.021, 0.029, -0.191, -0.292, 0.029, 0.014, 0.009, 0.015, -0.021, -0.026, -0.013, 0.011, -0.019, -0.021, -0.053, -0.095, -0.09, -0.093, -0.094, -0.019, -0.023, -0.034, -0.019, -0.002, -0.013, -0.031], "FUKUI-": [0.018, 0.007, 0.014, -0.003, -0.023, -0.117, -0.008, 0.006, 0.003, 0.017, -0.06, -0.04, -0.048, -0.067, -0.058, -0.044, -0.081, -0.054, -0.046, -0.046, -0.042, -0.03, -0.032, -0.083, -0.051, -0.047, -0.037, -0.05], "FUKUIrad": [0.015, 0.007, 0.017, 0.013, -0.107, -0.205, 0.01, 0.01, 0.006, 0.016, -0.04, -0.033, -0.031, -0.028, -0.038, -0.032, -0.067, -0.074, -0.068, -0.069, -0.068, -0.024, -0.027, -0.058, -0.035, -0.024, -0.025, -0.04], "s proportion": [1.007, 1.027, 1.028, 1.042, 1.081, 1.74, 1.042, 1.028, 1.028, 1.007, 0.976, 0.971, 0.969, 0.963, 0.984, 0.958, 0.978, 0.95, 0.96, 0.956, 0.954, 0.96, 0.962, 0.971, 0.978, 0.976, 0.971, 0.97], "p proportion": [3.075, 3.013, 3.005, 3.042, 2.527, 4.754, 3.044, 3.007, 3.015, 3.079, 0.0, 0.0, 0.0, 0.0, 0.0, 0.0, 0.0, 0.0, 0.0, 0.0, 0.0, 0.0, 0.0, 0.0, 0.0, 0.0, 0.0, 0.0], "d proportion": [0.0, 0.0, 0.0, 0.0, 0.0, 0.0, 0.0, 0.0, 0.0, 0.0, 0.0, 0.0, 0.0, 0.0, 0.0, 0.0, 0.0, 0.0, 0.0, 0.0, 0.0, 0.0, 0.0, 0.0, 0.0, 0.0, 0.0, 0.0], "Fermi-level/eV": -8.7038, "Coordination numbers": [3.75, 3.8, 3.801, 3.801, 2.81, 0.856, 3.801, 3.801, 3.799, 3.749, 0.924, 0.924, 0.924, 0.924, 0.924, 0.924, 0.924, 0.924, 0.924, 0.924, 0.924, 0.924, 0.924, 0.924, 0.924, 0.924, 0.924, 0.924], "Dispersion coefficient C6": [22.486, 21.495, 21.524, 22.084, 23.22, 20.964, 22.084, 21.542, 21.539, 22.486, 2.582, 2.552, 2.493, 2.437, 2.674, 2.303, 2.578, 2.237, 2.311, 2.268, 2.213, 2.401, 2.379, 2.55, 2.606, 2.576, 2.517, 2.559], "Total dispersion C6": 5609.394094, "Total dispersion C8": 119217.852041, "Polarizability alpha": [6.763, 6.601, 6.605, 6.691, 7.895, 6.139, 6.691, 6.608, 6.608, 6.763, 2.513, 2.498, 2.469, 2.441, 2.557, 2.373, 2.511, 2.339, 2.377, 2.355, 2.326, 2.423, 2.412, 2.497, 2.525, 2.51, 2.481, 2.502], "Total polarizability alpha": 111.475069, "Wiberg matrix": [[0.0, 1.0203499975235117, 0.0, 0.0, 0.0, 0.0, 0.0, 0.0, 0.0, 0.0, 0.9877382092260506, 0.987349351467507, 0.9875093120118419, 0.0, 0.0, 0.0, 0.0, 0.0, 0.0, 0.0, 0.0, 0.0, 0.0, 0.0, 0.0, 0.0, 0.0, 0.0], [1.0203499975235117, 0.0, 1.008591602452225, 0.0, 0.0, 0.0, 0.0, 0.0, 0.0, 0.0, 0.0, 0.0, 0.0, 0.9772705605328429, 0.9781190314457076, 0.0, 0.0, 0.0, 0.0, 0.0, 0.0, 0.0, 0.0, 0.0, 0.0, 0.0, 0.0, 0.0], [0.0, 1.008591602452225, 0.0, 1.0064975747460132, 0.0, 0.0, 0.0, 0.0, 0.0, 0.0, 0.0, 0.0, 0.0, 0.0, 0.0, 0.9744790424595622, 0.9766437621445433, 0.0, 0.0, 0.0, 0.0, 0.0, 0.0, 0.0, 0.0, 0.0, 0.0, 0.0], [0.0, 0.0, 1.0064975747460132, 0.0, 0.989282498572233, 0.0, 0.0, 0.0, 0.0, 0.0, 0.0, 0.0, 0.0, 0.0, 0.0, 0.0, 0.0, 0.9480369481051036, 0.9594856497215414, 0.0, 0.0, 0.0, 0.0, 0.0, 0.0, 0.0, 0.0, 0.0], [0.0, 0.0, 0.0, 0.989282498572233, 0.0, 1.8590674863330043, 0.9902786429369308, 0.0, 0.0, 0.0, 0.0, 0.0, 0.0, 0.0, 0.0, 0.0, 0.0, 0.0, 0.0, 0.0, 0.0, 0.0, 0.0, 0.0, 0.0, 0.0, 0.0, 0.0], [0.0, 0.0, 0.0, 0.0, 1.8590674863330043, 0.0, 0.0, 0.0, 0.0, 0.0, 0.0, 0.0, 0.0, 0.0, 0.0, 0.0, 0.0, 0.0, 0.0, 0.0, 0.0, 0.0, 0.0, 0.0, 0.0, 0.0, 0.0, 0.0], [0.0, 0.0, 0.0, 0.0, 0.9902786429369308, 0.0, 0.0, 1.0084930593217223, 0.0, 0.0, 0.0, 0.0, 0.0, 0.0, 0.0, 0.0, 0.0, 0.0, 0.0, 0.9532067737399277, 0.9498970651764513, 0.0, 0.0, 0.0, 0.0, 0.0, 0.0, 0.0], [0.0, 0.0, 0.0, 0.0, 0.0, 0.0, 1.0084930593217223, 0.0, 1.006903510512373, 0.0, 0.0, 0.0, 0.0, 0.0, 0.0, 0.0, 0.0, 0.0, 0.0, 0.0, 0.0, 0.9757004601621988, 0.9759318928139356, 0.0, 0.0, 0.0, 0.0, 0.0], [0.0, 0.0, 0.0, 0.0, 0.0, 0.0, 0.0, 1.006903510512373, 0.0, 1.0208875211156578, 0.0, 0.0, 0.0, 0.0, 0.0, 0.0, 0.0, 0.0, 0.0, 0.0, 0.0, 0.0, 0.0, 0.977674414024094, 0.9776423846248801, 0.0, 0.0, 0.0], [0.0, 0.0, 0.0, 0.0, 0.0, 0.0, 0.0, 0.0, 1.0208875211156578, 0.0, 0.0, 0.0, 0.0, 0.0, 0.0, 0.0, 0.0, 0.0, 0.0, 0.0, 0.0, 0.0, 0.0, 0.0, 0.0, 0.9861468922209273, 0.9872699520004435, 0.9871511326410766], [0.9877382092260506, 0.0, 0.0, 0.0, 0.0, 0.0, 0.0, 0.0, 0.0, 0.0, 0.0, 0.0, 0.0, 0.0, 0.0, 0.0, 0.0, 0.0, 0.0, 0.0, 0.0, 0.0, 0.0, 0.0, 0.0, 0.0, 0.0, 0.0], [0.987349351467507, 0.0, 0.0, 0.0, 0.0, 0.0, 0.0, 0.0, 0.0, 0.0, 0.0, 0.0, 0.0, 0.0, 0.0, 0.0, 0.0, 0.0, 0.0, 0.0, 0.0, 0.0, 0.0, 0.0, 0.0, 0.0, 0.0, 0.0], [0.9875093120118419, 0.0, 0.0, 0.0, 0.0, 0.0, 0.0, 0.0, 0.0, 0.0, 0.0, 0.0, 0.0, 0.0, 0.0, 0.0, 0.0, 0.0, 0.0, 0.0, 0.0, 0.0, 0.0, 0.0, 0.0, 0.0, 0.0, 0.0], [0.0, 0.9772705605328429, 0.0, 0.0, 0.0, 0.0, 0.0, 0.0, 0.0, 0.0, 0.0, 0.0, 0.0, 0.0, 0.0, 0.0, 0.0, 0.0, 0.0, 0.0, 0.0, 0.0, 0.0, 0.0, 0.0, 0.0, 0.0, 0.0], [0.0, 0.9781190314457076, 0.0, 0.0, 0.0, 0.0, 0.0, 0.0, 0.0, 0.0, 0.0, 0.0, 0.0, 0.0, 0.0, 0.0, 0.0, 0.0, 0.0, 0.0, 0.0, 0.0, 0.0, 0.0, 0.0, 0.0, 0.0, 0.0], [0.0, 0.0, 0.9744790424595622, 0.0, 0.0, 0.0, 0.0, 0.0, 0.0, 0.0, 0.0, 0.0, 0.0, 0.0, 0.0, 0.0, 0.0, 0.0, 0.0, 0.0, 0.0, 0.0, 0.0, 0.0, 0.0, 0.0, 0.0, 0.0], [0.0, 0.0, 0.9766437621445433, 0.0, 0.0, 0.0, 0.0, 0.0, 0.0, 0.0, 0.0, 0.0, 0.0, 0.0, 0.0, 0.0, 0.0, 0.0, 0.0, 0.0, 0.0, 0.0, 0.0, 0.0, 0.0, 0.0, 0.0, 0.0], [0.0, 0.0, 0.0, 0.9480369481051036, 0.0, 0.0, 0.0, 0.0, 0.0, 0.0, 0.0, 0.0, 0.0, 0.0, 0.0, 0.0, 0.0, 0.0, 0.0, 0.0, 0.0, 0.0, 0.0, 0.0, 0.0, 0.0, 0.0, 0.0], [0.0, 0.0, 0.0, 0.9594856497215414, 0.0, 0.0, 0.0, 0.0, 0.0, 0.0, 0.0, 0.0, 0.0, 0.0, 0.0, 0.0, 0.0, 0.0, 0.0, 0.0, 0.0, 0.0, 0.0, 0.0, 0.0, 0.0, 0.0, 0.0], [0.0, 0.0, 0.0, 0.0, 0.0, 0.0, 0.9532067737399277, 0.0, 0.0, 0.0, 0.0, 0.0, 0.0, 0.0, 0.0, 0.0, 0.0, 0.0, 0.0, 0.0, 0.0, 0.0, 0.0, 0.0, 0.0, 0.0, 0.0, 0.0], [0.0, 0.0, 0.0, 0.0, 0.0, 0.0, 0.9498970651764513, 0.0, 0.0, 0.0, 0.0, 0.0, 0.0, 0.0, 0.0, 0.0, 0.0, 0.0, 0.0, 0.0, 0.0, 0.0, 0.0, 0.0, 0.0, 0.0, 0.0, 0.0], [0.0, 0.0, 0.0, 0.0, 0.0, 0.0, 0.0, 0.9757004601621988, 0.0, 0.0, 0.0, 0.0, 0.0, 0.0, 0.0, 0.0, 0.0, 0.0, 0.0, 0.0, 0.0, 0.0, 0.0, 0.0, 0.0, 0.0, 0.0, 0.0], [0.0, 0.0, 0.0, 0.0, 0.0, 0.0, 0.0, 0.9759318928139356, 0.0, 0.0, 0.0, 0.0, 0.0, 0.0, 0.0, 0.0, 0.0, 0.0, 0.0, 0.0, 0.0, 0.0, 0.0, 0.0, 0.0, 0.0, 0.0, 0.0], [0.0, 0.0, 0.0, 0.0, 0.0, 0.0, 0.0, 0.0, 0.977674414024094, 0.0, 0.0, 0.0, 0.0, 0.0, 0.0, 0.0, 0.0, 0.0, 0.0, 0.0, 0.0, 0.0, 0.0, 0.0, 0.0, 0.0, 0.0, 0.0], [0.0, 0.0, 0.0, 0.0, 0.0, 0.0, 0.0, 0.0, 0.9776423846248801, 0.0, 0.0, 0.0, 0.0, 0.0, 0.0, 0.0, 0.0, 0.0, 0.0, 0.0, 0.0, 0.0, 0.0, 0.0, 0.0, 0.0, 0.0, 0.0], [0.0, 0.0, 0.0, 0.0, 0.0, 0.0, 0.0, 0.0, 0.0, 0.9861468922209273, 0.0, 0.0, 0.0, 0.0, 0.0, 0.0, 0.0, 0.0, 0.0, 0.0, 0.0, 0.0, 0.0, 0.0, 0.0, 0.0, 0.0, 0.0], [0.0, 0.0, 0.0, 0.0, 0.0, 0.0, 0.0, 0.0, 0.0, 0.9872699520004435, 0.0, 0.0, 0.0, 0.0, 0.0, 0.0, 0.0, 0.0, 0.0, 0.0, 0.0, 0.0, 0.0, 0.0, 0.0, 0.0, 0.0, 0.0], [0.0, 0.0, 0.0, 0.0, 0.0, 0.0, 0.0, 0.0, 0.0, 0.9871511326410766, 0.0, 0.0, 0.0, 0.0, 0.0, 0.0, 0.0, 0.0, 0.0, 0.0, 0.0, 0.0, 0.0, 0.0, 0.0, 0.0, 0.0, 0.0]], "Born radii": [], "Atomic SASAs": [], "Solvent H bonds": [], "Total SASA": NaN, "Total FOD": 0.0, "FOD": [0.0, 0.0, 0.0, 0.0, 0.0, 0.0, 0.0, 0.0, 0.0, 0.0, 0.0, 0.0, 0.0, 0.0, 0.0, 0.0, 0.0, 0.0, 0.0, 0.0, 0.0, 0.0, 0.0, 0.0, 0.0, 0.0, 0.0, 0.0], "FOD s proportion": [0.0, 0.0, 0.0, 0.0, 0.0, 0.0, 0.0, 0.0, 0.0, 0.0, 0.0, 0.0, 0.0, 0.0, 0.0, 0.0, 0.0, 0.0, 0.0, 0.0, 0.0, 0.0, 0.0, 0.0, 0.0, 0.0, 0.0, 0.0], "FOD p proportion": [0.0, 0.0, 0.0, 0.0, 0.0, 0.0, 0.0, 0.0, 0.0, 0.0, 0.0, 0.0, 0.0, 0.0, 0.0, 0.0, 0.0, 0.0, 0.0, 0.0, 0.0, 0.0, 0.0, 0.0, 0.0, 0.0, 0.0, 0.0], "FOD d proportion": [0.0, 0.0, 0.0, 0.0, 0.0, 0.0, 0.0, 0.0, 0.0, 0.0, 0.0, 0.0, 0.0, 0.0, 0.0, 0.0, 0.0, 0.0, 0.0, 0.0, 0.0, 0.0, 0.0, 0.0, 0.0, 0.0, 0.0, 0.0], "coordinates": [["4.33960", "1.06730", "-0.86710"], ["2.97990", "0.85480", "-0.21970"], ["2.65370", "-0.63440", "-0.08220"], ["1.30210", "-0.87530", "0.58840"], ["0.10760", "-0.55760", "-0.30000"], ["0.22400", "-0.34000", "-1.50480"], ["-1.24410", "-0.55410", "0.39860"], ["-2.40090", "-0.29530", "-0.56520"], ["-3.77600", "-0.40430", "0.09590"], ["-4.02740", "0.66130", "1.15150"], ["5.13430", "0.60710", "-0.27130"], ["4.55550", "2.13680", "-0.95280"], ["4.36750", "0.63340", "-1.87170"], ["2.21700", "1.35970", "-0.82210"], ["2.97620", "1.32820", "0.76900"], ["2.68080", "-1.11520", "-1.06750"], ["3.43190", "-1.11180", "0.52610"], ["1.22190", "-1.93350", "0.86220"], ["1.22670", "-0.27940", "1.50450"], ["-1.37380", "-1.52870", "0.88200"], ["-1.21100", "0.22060", "1.17150"], ["-2.35620", "-1.02160", "-1.38680"], ["-2.28810", "0.69530", "-1.02320"], ["-4.54350", "-0.31210", "-0.68170"], ["-3.89700", "-1.39740", "0.54410"], ["-3.36110", "0.54030", "2.01060"], ["-3.88310", "1.66490", "0.73920"], ["-5.05650", "0.59070", "1.51840"]], "bond_dist": [[0.0, 1.5208770824757665, 2.5207359461078025, 3.8882619844861277, 4.568558461922097, 4.39605709016614, 5.9505159557806415, 6.8834702454503285, 8.303971274035094, 8.616627586242776, 1.0946733622409925, 1.094434808474219, 1.0946546396010022, 2.1431177102529855, 2.1456354723018536, 2.7486512783545316, 2.741058616666196, 4.6599712896111285, 4.138627050121816, 6.514714603879436, 5.973437135351807, 7.033301425362061, 6.639966754434845, 8.991472800937563, 8.712508886078682, 8.237697905361667, 8.399411928224499, 9.705897847185495], [1.5208770824757665, 0.0, 1.5306957013070885, 2.541905674882528, 3.2017853051071365, 3.2671109347556597, 4.495494422196518, 5.513175935883056, 6.879470981114754, 7.142820519934685, 2.169206585367101, 2.1595080388829304, 2.1687682494909404, 1.0953657745246563, 1.0961974913308277, 2.165438904702693, 2.151287335527265, 3.469248982128553, 2.707948581491163, 5.0842422080384795, 4.461086178275421, 5.77554868215999, 5.331310955102882, 7.627361743748621, 7.276506640552182, 6.72914774247081, 6.976856041226593, 8.226449135562682], [2.5207359461078025, 1.5306957013070885, 0.0, 1.5279266114575007, 2.5565524226974103, 2.8308839979766036, 3.9281626201062503, 5.088934954388787, 6.43628058042842, 6.916498492011692, 2.7803700149440536, 3.4719356330439077, 2.7832961628256516, 2.1713115184146194, 2.1634108370811127, 1.0966855246605562, 1.0970573777154957, 2.1516513216597155, 2.1633240372168014, 4.236768860818347, 4.1519507198424215, 5.191435544240147, 5.203361445258248, 7.229312925859553, 6.624657816068691, 6.475920858843166, 6.977910338346288, 7.969314550825561], [3.8882619844861277, 2.541905674882528, 1.5279266114575007, 0.0, 1.5221754498085955, 2.414608030302227, 2.5733884121912105, 3.9216580626056627, 5.12362145947571, 5.575104610677723, 4.197898365849273, 4.693895547410487, 4.210100338471756, 2.7967440462080186, 2.773200212750605, 2.1680337889433368, 2.1437960677265924, 1.0959861860443314, 1.0954547822708156, 2.7701215370449, 2.80297592390659, 4.160045386771639, 4.237165911313835, 6.008443027107772, 5.225436987468129, 5.0766140723911635, 5.775954961735765, 6.59134659686471], [4.568558461922097, 3.2017853051071365, 2.5565524226974103, 1.5221754498085955, 0.0, 1.229813709469853, 1.5215607447617723, 2.5360805547143017, 3.9067360622391676, 4.548713495044505, 5.159947932876842, 5.241159567309509, 4.694195341056868, 2.897964123311398, 3.595534536059972, 2.74250474019645, 3.4699494722546036, 2.117893798092813, 2.141494875081423, 2.129484719362879, 2.1235850465663013, 2.7325337472755944, 2.7985987815333586, 4.673189098463703, 4.177869075258342, 4.3100042296963, 4.684562880355007, 5.59402361990008], [4.39605709016614, 3.2671109347556597, 2.8308839979766036, 2.414608030302227, 1.229813709469853, 0.0, 2.4133147287496506, 2.7883590622443157, 4.308871659727172, 5.112038080844077, 5.150686046537878, 5.020073155841456, 4.272085605415697, 2.706863199350865, 3.9405155144980712, 2.6130504338799123, 3.8743841394471974, 3.0228687798182703, 3.1725330794177697, 3.1085023355307295, 3.0880542498473047, 2.671317016005401, 2.759425856949232, 4.838112056370749, 4.7221527897771365, 5.097637419432654, 5.091505712458742, 6.1554545713537685], [5.9505159557806415, 4.495494422196518, 3.9281626201062503, 2.5733884121912105, 1.5215607447617723, 2.4133147287496506, 0.0, 1.5277676917646872, 2.5543267097221527, 3.1290277179980364, 6.517755596062189, 6.534721488326798, 6.168830756310307, 4.139076242351668, 4.635858231223211, 4.22718847817317, 4.710866325847084, 2.8633590972841674, 2.7209056470226964, 1.0956015744786058, 1.0948196700827035, 2.1547565570152005, 2.161585436664487, 3.4801799450603124, 2.7875084842920206, 2.87714169967348, 3.4647208199218595, 4.135083172077679], [6.8834702454503285, 5.513175935883056, 5.088934954388787, 3.9216580626056627, 2.5360805547143017, 2.7883590622443157, 1.5277676917646872, 0.0, 1.5296516662299293, 2.551008565254143, 7.594731200641665, 7.379488134687934, 6.95562107219765, 4.912231979456997, 5.773131411980851, 5.17186776609766, 5.989921850909242, 4.224434854510127, 4.176528781177019, 2.161156590809653, 2.1675197138665196, 1.097513708342634, 1.0971673527771413, 2.1458306666650095, 2.164136342747379, 2.8731441035910468, 2.7822221766063184, 3.489784566416672], [8.303971274035094, 6.879470981114754, 6.43628058042842, 5.12362145947571, 3.9067360622391676, 4.308871659727172, 2.5543267097221527, 1.5296516662299293, 0.0, 1.5208539311847142, 8.97503269576217, 8.773303434282893, 8.441851888063423, 6.314306691949639, 7.003343822774947, 6.599177570728037, 7.255305003926438, 5.282487362975893, 5.198726888383347, 2.766368270856214, 2.850726288158861, 2.143662897938946, 2.1622560856660806, 1.0964574091135506, 1.0962535518756598, 2.1749683354016907, 2.1695377249543277, 2.157130385489018], [8.616627586242776, 7.142820519934685, 6.916498492011692, 5.575104610677723, 4.548713495044505, 5.112038080844077, 3.1290277179980364, 2.551008565254143, 1.5208539311847142, 0.0, 9.271679695179294, 8.959428059312716, 8.922716103295004, 6.585999611296679, 7.04567064373577, 7.285592665665574, 7.692604582324507, 5.862749527312249, 5.349307646789442, 3.451133612307701, 2.8507412106327714, 3.4739068410076865, 2.7848950752227637, 2.1388055100920234, 2.1503917340800958, 1.0939147590191844, 1.094544078600766, 1.0948272831821462], [1.0946733622409925, 2.169206585367101, 2.7803700149440536, 4.197898365849273, 5.159947932876842, 5.150686046537878, 6.517755596062189, 7.594731200641665, 8.97503269576217, 9.271679695179294, 0.0, 1.7718447392477705, 1.7748110012054805, 3.0627482250423386, 2.501920244532187, 3.101598616842611, 2.5472788873619625, 4.8006608263863, 4.382771457650969, 6.94601383096809, 6.518733479748961, 7.746263240427606, 7.460908430613526, 9.730013856105241, 9.286941213338222, 8.796780718535617, 9.135291667483857, 10.346772428636864], [1.094434808474219, 2.1595080388829304, 3.4719356330439077, 4.693895547410487, 5.241159567309509, 5.020073155841456, 6.534721488326798, 7.379488134687934, 8.773303434282893, 8.959428059312716, 1.7718447392477705, 0.0, 1.771985544523431, 2.467701187340153, 2.472370864170665, 3.7554174441731507, 3.7420614813228283, 5.565469975662433, 4.791372994247056, 7.208257749276173, 6.437157383503996, 7.61153358069187, 6.994121772603048, 9.426685919240123, 9.283104841592602, 8.602505877359226, 8.619485110492391, 10.04429184412719], [1.0946546396010022, 2.1687682494909404, 2.7832961628256516, 4.210100338471756, 4.694195341056868, 4.272085605415697, 6.168830756310307, 6.95562107219765, 8.441851888063423, 8.922716103295004, 1.7748110012054805, 1.771985544523431, 0.0, 2.500764303168133, 3.0645977256403487, 2.5591593326715705, 3.109745204996705, 4.89468938544623, 4.700697280191524, 6.7245866631340245, 6.367977098733946, 6.9413467497309185, 6.709753737656845, 9.039689776203605, 8.846592481289052, 8.6494033817368, 8.71511281739944, 10.01530714955862], [2.1431177102529855, 1.0953657745246563, 2.1713115184146194, 2.7967440462080186, 2.897964123311398, 2.706863199350865, 4.139076242351668, 4.912231979456997, 6.314306691949639, 6.585999611296679, 3.0627482250423386, 2.467701187340153, 2.500764303168133, 0.0, 1.7632288847452562, 2.529913360176589, 3.06625789848147, 3.8304381916433528, 3.0133719418618075, 4.913314157470495, 4.125914900964391, 5.186871313229199, 4.558266620109008, 6.9655572390154115, 6.844640154894923, 6.309580434545549, 6.304127595472668, 7.679394735263972], [2.1456354723018536, 1.0961974913308277, 2.1634108370811127, 2.773200212750605, 3.595534536059972, 3.9405155144980712, 4.635858231223211, 5.773131411980851, 7.003343822774947, 7.04567064373577, 2.501920244532187, 2.472370864170665, 3.0645977256403487, 1.7632288847452562, 0.0, 3.0708625775179192, 2.4940454887591765, 3.70471883143647, 2.4871848061613755, 5.205491966183407, 4.349876762622132, 6.213173379200037, 5.596909659803346, 7.832049710644079, 7.397320704822794, 6.50566893255413, 6.867623418621613, 8.101220642594548], [2.7486512783545316, 2.165438904702693, 1.0966855246605562, 2.1680337889433368, 2.74250474019645, 2.6130504338799123, 4.22718847817317, 5.17186776609766, 6.599177570728037, 7.285592665665574, 3.101598616842611, 3.7554174441731507, 2.5591593326715705, 2.529913360176589, 3.0708625775179192, 0.0, 1.761738837058433, 2.553770974461101, 3.070529669291603, 4.517888185867375, 4.684398561181574, 5.047978055617912, 5.288651997437532, 7.27903302231828, 6.778225744249006, 6.979966724132716, 7.353768021225581, 8.334433688619761], [2.741058616666196, 2.151287335527265, 1.0970573777154957, 2.1437960677265924, 3.4699494722546036, 3.8743841394471974, 4.710866325847084, 5.989921850909242, 7.255305003926438, 7.692604582324507, 2.5472788873619625, 3.7420614813228283, 3.109745204996705, 3.06625789848147, 2.4940454887591765, 1.761738837058433, 0.0, 2.3816494494362517, 2.5520704065522963, 4.8368608528672805, 4.873228019495907, 6.096673196096376, 6.195509736898169, 8.105880957058277, 7.334484751500953, 7.146889089666916, 7.827176981517666, 8.714132205790776], [4.6599712896111285, 3.469248982128553, 2.1516513216597155, 1.0959861860443314, 2.117893798092813, 3.0228687798182703, 2.8633590972841674, 4.224434854510127, 5.282487362975893, 5.862749527312249, 4.8006608263863, 5.565469975662433, 4.89468938544623, 3.8304381916433528, 3.70471883143647, 2.553770974461101, 2.3816494494362517, 0.0, 1.7744348790530466, 2.6271493238870147, 3.2641715196968435, 4.323466458757371, 4.773407860218945, 6.1848526522464535, 5.1567167878408835, 5.333141475715791, 6.246970190420313, 6.798565336892776], [4.138627050121816, 2.707948581491163, 2.1633240372168014, 1.0954547822708156, 2.141494875081423, 3.1725330794177697, 2.7209056470226964, 4.176528781177019, 5.198726888383347, 5.349307646789442, 4.382771457650969, 4.791372994247056, 4.700697280191524, 3.0133719418618075, 2.4871848061613755, 3.070529669291603, 2.5520704065522963, 1.7744348790530466, 0.0, 2.951416099095483, 2.5106314524437874, 4.663437459642833, 4.437693817739119, 6.170554899682847, 5.331472015306842, 4.687851761734792, 5.520511083224089, 6.343175029904188], [6.514714603879436, 5.0842422080384795, 4.236768860818347, 2.7701215370449, 2.129484719362879, 3.1085023355307295, 1.0956015744786058, 2.161156590809653, 2.766368270856214, 3.451133612307701, 6.94601383096809, 7.208257749276173, 6.7245866631340245, 4.913314157470495, 5.205491966183407, 4.517888185867375, 4.8368608528672805, 2.6271493238870147, 2.951416099095483, 0.0, 1.780551762797139, 2.523829156262365, 3.0678832327844554, 3.73795015215559, 2.5491085382933383, 3.082833153123925, 4.06399548351127, 4.296410200388226], [5.973437135351807, 4.461086178275421, 4.1519507198424215, 2.80297592390659, 2.1235850465663013, 3.0880542498473047, 1.0948196700827035, 2.1675197138665196, 2.850726288158861, 2.8507412106327714, 6.518733479748961, 6.437157383503996, 6.367977098733946, 4.125914900964391, 4.349876762622132, 4.684398561181574, 4.873228019495907, 3.2641715196968435, 2.5106314524437874, 1.780551762797139, 0.0, 3.0658510678113506, 2.490420163345936, 3.8501526956732506, 3.1978353240903448, 2.3300701513044624, 3.068061959934969, 3.8788121725600475], [7.033301425362061, 5.77554868215999, 5.191435544240147, 4.160045386771639, 2.7325337472755944, 2.671317016005401, 2.1547565570152005, 1.097513708342634, 2.143662897938946, 3.4739068410076865, 7.746263240427606, 7.61153358069187, 6.9413467497309185, 5.186871313229199, 6.213173379200037, 5.047978055617912, 6.096673196096376, 4.323466458757371, 4.663437459642833, 2.523829156262365, 3.0658510678113506, 0.0, 1.7562995701189477, 2.405168923381474, 2.498732696788514, 3.871909397183772, 3.750810827007942, 4.281508895237752], [6.639966754434845, 5.331310955102882, 5.203361445258248, 4.237165911313835, 2.7985987815333586, 2.759425856949232, 2.161585436664487, 1.0971673527771413, 2.1622560856660806, 2.7848950752227637, 7.460908430613526, 6.994121772603048, 6.709753737656845, 4.558266620109008, 5.596909659803346, 5.288651997437532, 6.195509736898169, 4.773407860218945, 4.437693817739119, 3.0678832327844554, 2.490420163345936, 1.7562995701189477, 0.0, 2.493653177569006, 3.0699155998170373, 3.2216915494814216, 2.5671390534990506, 3.7596157090851716], [8.991472800937563, 7.627361743748621, 7.229312925859553, 6.008443027107772, 4.673189098463703, 4.838112056370749, 3.4801799450603124, 2.1458306666650095, 1.0964574091135506, 2.1388055100920234, 9.730013856105241, 9.426685919240123, 9.039689776203605, 6.9655572390154115, 7.832049710644079, 7.27903302231828, 8.105880957058277, 6.1848526522464535, 6.170554899682847, 3.73795015215559, 3.8501526956732506, 2.405168923381474, 2.493653177569006, 0.0, 1.7602340696623275, 3.0615575790763767, 2.5226204569851562, 2.4328289808369186], [8.712508886078682, 7.276506640552182, 6.624657816068691, 5.225436987468129, 4.177869075258342, 4.7221527897771365, 2.7875084842920206, 2.164136342747379, 1.0962535518756598, 2.1503917340800958, 9.286941213338222, 9.283104841592602, 8.846592481289052, 6.844640154894923, 7.397320704822794, 6.778225744249006, 7.334484751500953, 5.1567167878408835, 5.331472015306842, 2.5491085382933383, 3.1978353240903448, 2.498732696788514, 3.0699155998170373, 1.7602340696623275, 0.0, 2.4884718905384484, 3.0685401268355608, 2.499248357006562], [8.237697905361667, 6.72914774247081, 6.475920858843166, 5.0766140723911635, 4.3100042296963, 5.097637419432654, 2.87714169967348, 2.8731441035910468, 2.1749683354016907, 1.0939147590191844, 8.796780718535617, 8.602505877359226, 8.6494033817368, 6.309580434545549, 6.50566893255413, 6.979966724132716, 7.146889089666916, 5.333141475715791, 4.687851761734792, 3.082833153123925, 2.3300701513044624, 3.871909397183772, 3.2216915494814216, 3.0615575790763767, 2.4884718905384484, 0.0, 1.7758567284553113, 1.766120652730158], [8.399411928224499, 6.976856041226593, 6.977910338346288, 5.775954961735765, 4.684562880355007, 5.091505712458742, 3.4647208199218595, 2.7822221766063184, 2.1695377249543277, 1.094544078600766, 9.135291667483857, 8.619485110492391, 8.71511281739944, 6.304127595472668, 6.867623418621613, 7.353768021225581, 7.827176981517666, 6.246970190420313, 5.520511083224089, 4.06399548351127, 3.068061959934969, 3.750810827007942, 2.5671390534990506, 2.5226204569851562, 3.0685401268355608, 1.7758567284553113, 0.0, 1.7714191598828322], [9.705897847185495, 8.226449135562682, 7.969314550825561, 6.59134659686471, 5.59402361990008, 6.1554545713537685, 4.135083172077679, 3.489784566416672, 2.157130385489018, 1.0948272831821462, 10.346772428636864, 10.04429184412719, 10.01530714955862, 7.679394735263972, 8.101220642594548, 8.334433688619761, 8.714132205790776, 6.798565336892776, 6.343175029904188, 4.296410200388226, 3.8788121725600475, 4.281508895237752, 3.7596157090851716, 2.4328289808369186, 2.499248357006562, 1.766120652730158, 1.7714191598828322, 0.0]]}