{"total energy": -38.86660831, "HOMO-LUMO gap/eV": 4.16732957, "electronic energy": -39.41365422, "dipole": [0.01006737, -0.81921386, -0.03374829], "partial charges": [-0.17649872, 0.09691596, -0.03791963, -0.028043, -0.03184119, -0.0290875, 0.01264289, 0.01266141, -0.02907291, -0.03185459, -0.02805282, -0.03792388, 0.09691994, -0.176506, 0.05719016, 0.04656202, 0.04436002, 0.04571709, 0.0456995, 0.04437456, 0.0465586, 0.0571981], "atomic dipole moments": [[-0.04598489, 0.04932706, 0.02427986], [-0.12825854, 0.14926951, 0.15451996], [-0.0406445, -0.00149695, -0.00394582], [-0.01198404, 0.00798604, 0.00765386], [-0.00559961, 0.00735939, 0.00617566], [-0.0142921, 0.01817058, 0.01809232], [-0.06309474, 0.01657737, 0.02210406], [0.06260827, 0.01987464, -0.02060216], [0.01381787, 0.02001159, -0.01655607], [0.00540858, 0.00792331, -0.0054762], [0.01180138, 0.00888985, -0.00699576], [0.04067333, -0.00078156, 0.00382379], [0.12443396, 0.16454527, -0.14155998], [0.04470173, 0.05229897, -0.02011846], [0.08317667, 0.08966427, 0.0955182], [0.15189292, -0.00208404, -0.00014014], [0.07592059, -0.09056693, -0.09540386], [-0.07009242, -0.09265291, -0.10094768], [0.07243583, -0.09891782, 0.0930464], [-0.07358847, -0.09995805, 0.08755211], [-0.15178464, -0.00582738, -0.00016942], [-0.08547296, 0.09514491, -0.08789449]], "atomic quadrupole moments": [[-0.08837785, -0.19047528, 0.02950336, -0.20147466, 0.24673746, 0.05887449], [-0.32058054, -0.19319069, 0.17183605, -0.21586539, -0.12252882, 0.14874449], [-0.25596032, -0.00406344, 0.14809605, -0.01761628, -0.38394743, 0.10786427], [-0.28457825, 0.00410328, 0.16264169, -0.00918661, -0.39176755, 0.12193656], [-0.26446308, 0.01538939, 0.1542673, 0.00375331, -0.39855571, 0.11019578], [-0.25603198, 0.0011985, 0.15068285, -0.01553883, -0.39637418, 0.10534913], [-0.09451114, 0.01585473, 0.0704887, -0.01576024, -0.40990359, 0.02402244], [-0.09366748, -0.01734665, 0.00219297, -0.02720157, 0.40758931, 0.09147451], [-0.25574015, -0.0087599, 0.08511464, -0.02564498, 0.39422196, 0.1706255], [-0.26338076, -0.02480171, 0.08758416, -0.00769376, 0.39674145, 0.1757966], [-0.28404811, -0.01315615, 0.09767794, -0.0195514, 0.38949273, 0.18637017], [-0.25597196, -0.00322472, 0.08488873, -0.02708717, 0.38150743, 0.17108324], [-0.33020384, 0.19832041, 0.16163973, -0.20270884, 0.11802807, 0.16856411], [-0.09806758, 0.20251098, 0.08021167, -0.17914229, -0.25008498, 0.0178559], [0.02684046, -0.00726381, -0.01625097, -0.00590295, 0.04866148, -0.01058949], [0.02764415, 0.00022035, -0.01665735, 0.00224743, 0.05415227, -0.0109868], [0.03588607, 0.0027981, -0.02020847, 0.00517536, 0.05002776, -0.01567759], [0.04243866, -0.00169552, -0.02287366, 0.00050541, 0.04406572, -0.01956499], [0.04234123, 0.00312559, -0.01553327, 0.00179215, -0.04369432, -0.02680796], [0.03598732, -0.00198919, -0.01210016, 0.0062143, -0.04958138, -0.02388716], [0.02765461, 0.0005137, -0.00774678, 0.00361339, -0.05381361, -0.01990783], [0.02643092, 0.00863602, -0.00782446, -0.00405063, -0.04857675, -0.01860645]], "number of molecular orbitals": 74, "number of electrons": 70, "number of unpaired electrons": 0, "orbital energies/eV": [-28.71980371, -28.71934494, -18.11125975, -18.01150363, -17.49135041, -17.09785583, -17.09512985, -16.96951167, -16.23962384, -15.99575807, -15.99233075, -15.6886271, -14.93845163, -14.52347839, -14.20444287, -14.18882806, -14.00900439, -13.74531028, -13.49566437, -13.47441164, -13.46570046, -13.43198902, -13.35754939, -12.51204779, -12.25793522, -12.21369949, -12.14439215, -12.1328846, -11.98295411, -11.39919837, -11.29446328, -11.28662201, -11.26984749, -10.8248828, -10.8063476, -6.63901804, -6.62799932, -6.5771956, -6.56780112, -3.75418512, -3.71527817, -3.27349446, -3.2473995, 0.39433404, 0.41878206, 0.57228732, 0.57233084, 0.57394705, 0.57423146, 0.90782844, 0.91214842, 1.84168139, 3.08638427, 3.10843704, 3.33527029, 3.82340362, 4.04244413, 4.15396712, 4.55922855, 4.56859635, 4.81271409, 4.85533357, 8.55525455, 9.68143429, 9.71442565, 10.47300208, 10.90952433, 11.14138682, 11.30137503, 11.47604745, 15.69856411, 15.74537953, 15.97083561, 17.12261719], "fractional occupation": [2.0, 2.0, 2.0, 2.0, 2.0, 2.0, 2.0, 2.0, 2.0, 2.0, 2.0, 2.0, 2.0, 2.0, 2.0, 2.0, 2.0, 2.0, 2.0, 2.0, 2.0, 2.0, 2.0, 2.0, 2.0, 2.0, 2.0, 2.0, 2.0, 2.0, 2.0, 2.0, 2.0, 2.0, 2.0, 0.0, 0.0, 0.0, 0.0, 0.0, 0.0, 0.0, 0.0, 0.0, 0.0, 0.0, 0.0, 0.0, 0.0, 0.0, 0.0, 0.0, 0.0, 0.0, 0.0, 0.0, 0.0, 0.0, 0.0, 0.0, 0.0, 0.0, 0.0, 0.0, 0.0, 0.0, 0.0, 0.0, 0.0, 0.0, 0.0, 0.0, 0.0, 0.0], "program call": "xtb /home/svss/Project-DBcg-Debug/aqme2_20220329/End-to-End-workflows-final/example-3/QDESCP/mol_70_rdkit_conf_1/mol_70_rdkit_conf_1.xyz --pop --wbo --acc 0.2 --gfn 2 --chrg 0 --uhf 0 --etemp 300 --input /home/svss/Project-DBcg-Debug/aqme2_20220329/End-to-End-workflows-final/example-3/QDESCP/mol_70_rdkit_conf_1/mol_70_rdkit_conf_1_xtb.inp", "method": "GFN2-xTB", "xtb version": "6.3.3 (7355c4f)", "Dipole module/D": 2.084, "Total charge": 0, "Transition dipole module/D": NaN, "HOMO": -10.8063, "LUMO": -6.639, "HOMO occupancy": 2.0, "LUMO occupancy": 0, "mulliken charges": [-0.11927, 0.10728, -0.04654, -0.02299, -0.0316, -0.02868, -0.00813, -0.00811, -0.02867, -0.03162, -0.023, -0.04654, 0.10728, -0.11928, 0.04223, 0.03593, 0.03546, 0.03631, 0.0363, 0.03547, 0.03593, 0.04224], "cm5 charges": [-0.12037, 0.10319, -0.09833, -0.07819, -0.08679, -0.0804, -0.01275, -0.01273, -0.08038, -0.08681, -0.0782, -0.09834, 0.10319, -0.12037, 0.09882, 0.09128, 0.09077, 0.09277, 0.09274, 0.09078, 0.09128, 0.09883], "FUKUI+": [-0.085, -0.029, -0.033, -0.031, -0.033, -0.029, -0.026, -0.026, -0.029, -0.033, -0.031, -0.033, -0.029, -0.085, -0.059, -0.062, -0.062, -0.051, -0.051, -0.062, -0.062, -0.059], "FUKUI-": [-0.187, -0.016, -0.018, -0.022, -0.036, -0.013, -0.015, -0.015, -0.013, -0.036, -0.022, -0.018, -0.016, -0.187, -0.045, -0.052, -0.055, -0.04, -0.04, -0.055, -0.052, -0.045], "FUKUIrad": [-0.136, -0.023, -0.026, -0.026, -0.035, -0.021, -0.021, -0.021, -0.021, -0.035, -0.026, -0.026, -0.023, -0.136, -0.052, -0.057, -0.058, -0.046, -0.046, -0.058, -0.057, -0.052], "s proportion": [1.946, 1.083, 1.063, 1.06, 1.06, 1.064, 1.08, 1.08, 1.064, 1.06, 1.06, 1.063, 1.083, 1.946, 0.958, 0.964, 0.965, 0.964, 0.964, 0.965, 0.964, 0.958], "p proportion": [5.184, 2.81, 2.983, 2.963, 2.972, 2.965, 2.928, 2.928, 2.965, 2.972, 2.963, 2.983, 2.81, 5.184, 0.0, 0.0, 0.0, 0.0, 0.0, 0.0, 0.0, 0.0], "d proportion": [-0.01, 0.0, 0.0, 0.0, 0.0, 0.0, 0.0, 0.0, 0.0, 0.0, 0.0, 0.0, 0.0, -0.01, 0.0, 0.0, 0.0, 0.0, 0.0, 0.0, 0.0, 0.0], "Fermi-level/eV": -8.7227, "Coordination numbers": [0.958, 2.88, 2.953, 2.911, 2.909, 2.917, 2.988, 2.988, 2.917, 2.909, 2.911, 2.953, 2.88, 0.958, 0.925, 0.925, 0.925, 0.925, 0.925, 0.925, 0.925, 0.925], "Dispersion coefficient C6": [104.693, 25.848, 28.942, 28.701, 28.794, 28.727, 27.724, 27.723, 28.726, 28.794, 28.701, 28.942, 25.848, 104.694, 2.232, 2.363, 2.392, 2.374, 2.374, 2.391, 2.363, 2.232], "Total dispersion C6": 9273.542472, "Total dispersion C8": 267043.232503, "Polarizability alpha": [15.654, 8.335, 8.824, 8.785, 8.799, 8.789, 8.637, 8.637, 8.789, 8.799, 8.785, 8.824, 8.335, 15.654, 2.336, 2.404, 2.418, 2.41, 2.41, 2.418, 2.404, 2.336], "Total polarizability alpha": 154.780701, "Wiberg matrix": [[0.0, 0.9760201632258563, 0.0, 0.0, 0.0, 0.0, 0.0, 0.0, 0.0, 0.0, 0.0, 0.0, 0.0, 0.0, 0.0, 0.0, 0.0, 0.0, 0.0, 0.0, 0.0, 0.0], [0.9760201632258563, 0.0, 1.4035721376570924, 0.0, 0.0, 0.0, 1.3685388036058987, 0.0, 0.0, 0.0, 0.0, 0.0, 0.0, 0.0, 0.0, 0.0, 0.0, 0.0, 0.0, 0.0, 0.0, 0.0], [0.0, 1.4035721376570924, 0.0, 1.4408713444741752, 0.0, 0.11013383092259471, 0.0, 0.0, 0.0, 0.0, 0.0, 0.0, 0.0, 0.0, 0.9672222331789693, 0.0, 0.0, 0.0, 0.0, 0.0, 0.0, 0.0], [0.0, 0.0, 1.4408713444741752, 0.0, 1.4345594317498425, 0.0, 0.1065977720485897, 0.0, 0.0, 0.0, 0.0, 0.0, 0.0, 0.0, 0.0, 0.9693992695440636, 0.0, 0.0, 0.0, 0.0, 0.0, 0.0], [0.0, 0.0, 0.0, 1.4345594317498425, 0.0, 1.4414831188587889, 0.0, 0.0, 0.0, 0.0, 0.0, 0.0, 0.0, 0.0, 0.0, 0.0, 0.9695091865561081, 0.0, 0.0, 0.0, 0.0, 0.0], [0.0, 0.0, 0.11013383092259471, 0.0, 1.4414831188587889, 0.0, 1.3980668719403135, 0.0, 0.0, 0.0, 0.0, 0.0, 0.0, 0.0, 0.0, 0.0, 0.0, 0.9693578618609388, 0.0, 0.0, 0.0, 0.0], [0.0, 1.3685388036058987, 0.0, 0.1065977720485897, 0.0, 1.3980668719403135, 0.0, 1.0151552504601082, 0.0, 0.0, 0.0, 0.0, 0.0, 0.0, 0.0, 0.0, 0.0, 0.0, 0.0, 0.0, 0.0, 0.0], [0.0, 0.0, 0.0, 0.0, 0.0, 0.0, 1.0151552504601082, 0.0, 1.3981788223180547, 0.0, 0.10658765064905232, 0.0, 1.3684653213342266, 0.0, 0.0, 0.0, 0.0, 0.0, 0.0, 0.0, 0.0, 0.0], [0.0, 0.0, 0.0, 0.0, 0.0, 0.0, 0.0, 1.3981788223180547, 0.0, 1.4413912522182668, 0.0, 0.11012450259567344, 0.0, 0.0, 0.0, 0.0, 0.0, 0.0, 0.9693498044933407, 0.0, 0.0, 0.0], [0.0, 0.0, 0.0, 0.0, 0.0, 0.0, 0.0, 0.0, 1.4413912522182668, 0.0, 1.4346175430699355, 0.0, 0.0, 0.0, 0.0, 0.0, 0.0, 0.0, 0.0, 0.9695154175425439, 0.0, 0.0], [0.0, 0.0, 0.0, 0.0, 0.0, 0.0, 0.0, 0.10658765064905232, 0.0, 1.4346175430699355, 0.0, 1.4408116012480991, 0.0, 0.0, 0.0, 0.0, 0.0, 0.0, 0.0, 0.0, 0.9694056821886197, 0.0], [0.0, 0.0, 0.0, 0.0, 0.0, 0.0, 0.0, 0.0, 0.11012450259567344, 0.0, 1.4408116012480991, 0.0, 1.4036392073683555, 0.0, 0.0, 0.0, 0.0, 0.0, 0.0, 0.0, 0.0, 0.9672240830222291], [0.0, 0.0, 0.0, 0.0, 0.0, 0.0, 0.0, 1.3684653213342266, 0.0, 0.0, 0.0, 1.4036392073683555, 0.0, 0.9760090827855009, 0.0, 0.0, 0.0, 0.0, 0.0, 0.0, 0.0, 0.0], [0.0, 0.0, 0.0, 0.0, 0.0, 0.0, 0.0, 0.0, 0.0, 0.0, 0.0, 0.0, 0.9760090827855009, 0.0, 0.0, 0.0, 0.0, 0.0, 0.0, 0.0, 0.0, 0.0], [0.0, 0.0, 0.9672222331789693, 0.0, 0.0, 0.0, 0.0, 0.0, 0.0, 0.0, 0.0, 0.0, 0.0, 0.0, 0.0, 0.0, 0.0, 0.0, 0.0, 0.0, 0.0, 0.0], [0.0, 0.0, 0.0, 0.9693992695440636, 0.0, 0.0, 0.0, 0.0, 0.0, 0.0, 0.0, 0.0, 0.0, 0.0, 0.0, 0.0, 0.0, 0.0, 0.0, 0.0, 0.0, 0.0], [0.0, 0.0, 0.0, 0.0, 0.9695091865561081, 0.0, 0.0, 0.0, 0.0, 0.0, 0.0, 0.0, 0.0, 0.0, 0.0, 0.0, 0.0, 0.0, 0.0, 0.0, 0.0, 0.0], [0.0, 0.0, 0.0, 0.0, 0.0, 0.9693578618609388, 0.0, 0.0, 0.0, 0.0, 0.0, 0.0, 0.0, 0.0, 0.0, 0.0, 0.0, 0.0, 0.0, 0.0, 0.0, 0.0], [0.0, 0.0, 0.0, 0.0, 0.0, 0.0, 0.0, 0.0, 0.9693498044933407, 0.0, 0.0, 0.0, 0.0, 0.0, 0.0, 0.0, 0.0, 0.0, 0.0, 0.0, 0.0, 0.0], [0.0, 0.0, 0.0, 0.0, 0.0, 0.0, 0.0, 0.0, 0.0, 0.9695154175425439, 0.0, 0.0, 0.0, 0.0, 0.0, 0.0, 0.0, 0.0, 0.0, 0.0, 0.0, 0.0], [0.0, 0.0, 0.0, 0.0, 0.0, 0.0, 0.0, 0.0, 0.0, 0.0, 0.9694056821886197, 0.0, 0.0, 0.0, 0.0, 0.0, 0.0, 0.0, 0.0, 0.0, 0.0, 0.0], [0.0, 0.0, 0.0, 0.0, 0.0, 0.0, 0.0, 0.0, 0.0, 0.0, 0.0, 0.9672240830222291, 0.0, 0.0, 0.0, 0.0, 0.0, 0.0, 0.0, 0.0, 0.0, 0.0]], "Born radii": [], "Atomic SASAs": [], "Solvent H bonds": [], "Total SASA": NaN, "Total FOD": 0.0, "FOD": [0.0, 0.0, 0.0, 0.0, 0.0, 0.0, 0.0, 0.0, 0.0, 0.0, 0.0, 0.0, 0.0, 0.0, 0.0, 0.0, 0.0, 0.0, 0.0, 0.0, 0.0, 0.0], "FOD s proportion": [0.0, 0.0, 0.0, 0.0, 0.0, 0.0, 0.0, 0.0, 0.0, 0.0, 0.0, 0.0, 0.0, 0.0, 0.0, 0.0, 0.0, 0.0, 0.0, 0.0, 0.0, 0.0], "FOD p proportion": [0.0, 0.0, 0.0, 0.0, 0.0, 0.0, 0.0, 0.0, 0.0, 0.0, 0.0, 0.0, 0.0, 0.0, 0.0, 0.0, 0.0, 0.0, 0.0, 0.0, 0.0, 0.0], "FOD d proportion": [0.0, 0.0, 0.0, 0.0, 0.0, 0.0, 0.0, 0.0, 0.0, 0.0, 0.0, 0.0, 0.0, 0.0, 0.0, 0.0, 0.0, 0.0, 0.0, 0.0, 0.0, 0.0], "coordinates": [["0.67000", "1.89150", "2.02130"], ["1.46180", "0.83170", "0.90500"], ["2.86090", "0.81280", "0.91200"], ["3.55560", "-0.02540", "0.04100"], ["2.85420", "-0.84650", "-0.83750"], ["1.45740", "-0.82960", "-0.84620"], ["0.73560", "0.01020", "0.02250"], ["-0.73570", "-0.00610", "-0.02230"], ["-1.43570", "-0.93190", "0.77360"], ["-2.83170", "-0.98250", "0.76220"], ["-3.55390", "-0.10940", "-0.04660"], ["-2.88090", "0.81450", "-0.84500"], ["-1.48270", "0.86710", "-0.83500"], ["-0.71840", "2.03430", "-1.85960"], ["3.41430", "1.45220", "1.59510"], ["4.64270", "-0.03570", "0.04700"], ["3.39280", "-1.49920", "-1.52040"], ["0.92630", "-1.47480", "-1.54420"], ["-0.88820", "-1.61920", "1.41670"], ["-3.35340", "-1.70220", "1.38850"], ["-4.64040", "-0.14590", "-0.05450"], ["-3.45060", "1.49410", "-1.47370"]], "bond_dist": [[0.0, 1.730967639789953, 2.682197418162951, 3.990335958287222, 4.521074106890972, 4.030749337282089, 2.7456865243505133, 3.1230080387344508, 3.736618168879448, 4.701820041218081, 5.110884701301724, 4.688762683267303, 3.7204787783294773, 4.124249169242809, 2.811727835335419, 4.836766029073559, 5.608397740888212, 4.910239874995925, 3.888257050401889, 5.4316538080036, 6.054774360783396, 5.417775938519422], [1.730967639789953, 0.0, 1.3992451607920608, 2.421799919481376, 2.7913149678959557, 2.413843095563587, 1.4074924298197842, 2.528003239713114, 3.394562883494722, 4.6632451929959675, 5.191190447286633, 4.682076369518122, 3.4203703615251957, 3.7205553295173557, 2.161831286201585, 3.406856552600945, 3.8787138293511676, 3.406652776553549, 3.433838624629876, 5.462652515033334, 6.254053633444471, 5.498059767772627], [2.682197418162951, 1.3992451607920608, 0.0, 1.3942124407707743, 2.411238609096993, 2.7854186848658853, 2.4397288988738075, 3.8051340659692925, 4.639386188926289, 5.970865673417884, 6.551261393044854, 6.004608157906725, 4.6820741610957, 4.688839653901591, 1.0870646392924386, 2.154759497020491, 3.3977685868816905, 3.87410755658642, 4.497232137659785, 6.720848290208609, 7.623826442804164, 6.78164924115071], [3.990335958287222, 2.421799919481376, 1.3942124407707743, 0.0, 1.3920953343790792, 2.415844514864316, 2.820285377404209, 4.291810232291264, 5.125575157970079, 6.498751506251027, 7.110535845490128, 6.551256387899959, 5.19118475302122, 5.110941248928616, 2.149068230652531, 1.0871653508091577, 2.1532673405780343, 3.395119716593216, 4.917327258786017, 7.236138161339929, 8.197442070548592, 7.3273484139898795], [4.521074106890972, 2.7913149678959557, 2.411238609096993, 1.3920953343790792, 0.0, 1.3969293253418371, 2.4417208788065845, 3.7760038678475953, 4.583249761904756, 5.908214188737575, 6.49866023346351, 5.970791342862351, 4.663167680879597, 4.701826008052616, 3.3934166351923247, 2.153710551583011, 1.0874096100366226, 2.147320234618023, 4.436670000123967, 6.649932048525007, 7.567889964844891, 6.755269190787293], [4.030749337282089, 2.413843095563587, 2.7854186848658853, 2.415844514864316, 1.3969293253418371, 0.0, 1.4074441267773297, 2.4832742639507224, 3.317264677411195, 4.583307515321223, 5.125541521634568, 4.639387151337987, 3.3945698313630257, 3.736710908004525, 3.8724687913526172, 3.4020904661692932, 2.1560804623204577, 1.0888315985495647, 3.3535091963494006, 5.375789382965073, 6.186873153702118, 5.4664249688438975], [2.7456865243505133, 1.4074924298197842, 2.4397288988738075, 2.820285377404209, 2.4417208788065845, 1.4074441267773297, 0.0, 1.472072151764308, 2.483192966726509, 3.776008298454865, 4.291723339172738, 3.8050659639485884, 2.5279317138720345, 3.1230429423880803, 3.424597560298144, 3.9074464129402977, 3.4233814584413462, 2.167058001069653, 2.689881863576912, 4.638770393110657, 5.378816989822204, 4.686666628852537], [3.1230080387344508, 2.528003239713114, 3.8051340659692925, 4.291810232291264, 3.7760038678475953, 2.4832742639507224, 1.472072151764308, 0.0, 1.4073245716607097, 2.4417234098070977, 2.8201972661500117, 2.439693154886491, 1.4074688380209346, 2.74576086722788, 4.686696240423525, 5.378927886670353, 4.63876745159746, 2.689889086932768, 2.1670414993718974, 3.4233704356963766, 3.907334509611379, 3.4245939919937958], [3.736618168879448, 3.394562883494722, 4.639386188926289, 5.125575157970079, 4.583249761904756, 3.317264677411195, 2.483192966726509, 1.4073245716607097, 0.0, 1.3969632493376483, 2.4157825916253306, 2.7853872190415463, 2.4137530859638483, 4.030707626459652, 5.466378605621824, 6.186927230863476, 5.3757490212992645, 3.353502832859993, 1.088905482583314, 2.156162653883051, 3.4020064226864712, 3.8724224072278064], [4.701820041218081, 4.6632451929959675, 5.970865673417884, 6.498751506251027, 5.908214188737575, 4.583307515321223, 3.776008298454865, 2.4417234098070977, 1.3969632493376483, 0.0, 1.3921328564472573, 2.411373359726776, 2.7913919466817987, 4.521167368058829, 6.75529440513143, 7.56799819238879, 6.649935480890021, 4.43671097210535, 2.147312131479725, 1.087377887397017, 2.1536699236419676, 3.3934987225575903], [5.110884701301724, 5.191190447286633, 6.551261393044854, 7.110535845490128, 6.49866023346351, 5.125541521634568, 4.291723339172738, 2.8201972661500117, 2.4157825916253306, 1.3921328564472573, 0.0, 1.3942606535364899, 2.4217754334372126, 3.9902981016460415, 7.32731770090529, 8.197465718745033, 7.236039757353465, 4.917246684883726, 3.3950993240257348, 2.1533053893955683, 1.0871416237087048, 2.1490689961004046], [4.688762683267303, 4.682076369518122, 6.004608157906725, 6.551256387899959, 5.970791342862351, 4.639387151337987, 3.8050659639485884, 2.439693154886491, 2.7853872190415463, 2.411373359726776, 1.3942606535364899, 0.0, 1.3992247853722433, 2.6821132433213926, 6.781614287173814, 7.623848175298352, 6.720765175186528, 4.497170996304232, 3.8741496963850017, 3.397875422966534, 2.1547850612068014, 1.0870501092406], [3.7204787783294773, 3.4203703615251957, 4.6820741610957, 5.19118475302122, 4.663167680879597, 3.3945698313630257, 2.5279317138720345, 1.4074688380209346, 2.4137530859638483, 2.7913919466817987, 2.4217754334372126, 1.3992247853722433, 0.0, 1.730986854369495, 5.498030285474972, 6.254078429313146, 5.462567995000153, 3.4337648798367075, 3.4066509697942347, 3.8787592384678895, 3.406819416992923, 2.161873516189141], [4.124249169242809, 3.7205553295173557, 4.688839653901591, 5.110941248928616, 4.701826008052616, 3.736710908004525, 3.1230429423880803, 2.74576086722788, 4.030707626459652, 4.521167368058829, 3.9902981016460415, 2.6821132433213926, 1.730986854369495, 0.0, 5.417841063560281, 6.054867196726943, 5.431633670453118, 3.8882255670163994, 4.910298970531224, 5.60845886674762, 4.836707769754133, 2.8116990752923754], [2.811727835335419, 2.161831286201585, 1.0870646392924386, 2.149068230652531, 3.3934166351923247, 3.8724687913526172, 3.424597560298144, 4.686696240423525, 5.466378605621824, 6.75529440513143, 7.32731770090529, 6.781614287173814, 5.498030285474972, 5.417841063560281, 0.0, 2.4737474770073034, 4.2915689974646805, 4.96111655678437, 5.289312882596377, 7.469584072088619, 8.375756435092894, 7.519716820466048], [4.836766029073559, 3.406856552600945, 2.154759497020491, 1.0871653508091577, 2.153710551583011, 3.4020904661692932, 3.9074464129402977, 5.378927886670353, 6.186927230863476, 7.56799819238879, 8.197465718745033, 7.623848175298352, 6.254078429313146, 6.054867196726943, 2.4737474770073034, 0.0, 2.4821009286489537, 4.291218382930424, 5.913916227847669, 8.277346175556511, 9.284308908044798, 8.37581765680223], [5.608397740888212, 3.8787138293511676, 3.3977685868816905, 2.1532673405780343, 1.0874096100366226, 2.1560804623204577, 3.4233814584413462, 4.63876745159746, 5.3757490212992645, 6.649935480890021, 7.236039757353465, 6.720765175186528, 5.462567995000153, 5.431633670453118, 4.2915689974646805, 2.4821009286489537, 0.0, 2.466735504670089, 5.1930643564277155, 7.3494300901498475, 8.277232988142837, 7.469548134927574], [4.910239874995925, 3.406652776553549, 3.87410755658642, 3.395119716593216, 2.147320234618023, 1.0888315985495647, 2.167058001069653, 2.689889086932768, 3.353502832859993, 4.43671097210535, 4.917246684883726, 4.497170996304232, 3.4337648798367075, 3.8882255670163994, 4.96111655678437, 4.291218382930424, 2.466735504670089, 0.0, 3.47565683288785, 5.193098510523366, 5.913825343210602, 5.289290223650051], [3.888257050401889, 3.433838624629876, 4.497232137659785, 4.917327258786017, 4.436670000123967, 3.3535091963494006, 2.689881863576912, 2.1670414993718974, 1.088905482583314, 2.147312131479725, 3.3950993240257348, 3.8741496963850017, 3.4066509697942347, 4.910298970531224, 5.289312882596377, 5.913916227847669, 5.1930643564277155, 3.47565683288785, 0.0, 2.4667580505594793, 4.291159187212704, 4.961143296660559], [5.4316538080036, 5.462652515033334, 6.720848290208609, 7.236138161339929, 6.649932048525007, 5.375789382965073, 4.638770393110657, 3.4233704356963766, 2.156162653883051, 1.087377887397017, 2.1533053893955683, 3.397875422966534, 3.8787592384678895, 5.60845886674762, 7.469584072088619, 8.277346175556511, 7.3494300901498475, 5.193098510523366, 2.4667580505594793, 0.0, 2.482073264430363, 4.291616288765807], [6.054774360783396, 6.254053633444471, 7.623826442804164, 8.197442070548592, 7.567889964844891, 6.186873153702118, 5.378816989822204, 3.907334509611379, 3.4020064226864712, 2.1536699236419676, 1.0871416237087048, 2.1547850612068014, 3.406819416992923, 4.836707769754133, 8.375756435092894, 9.284308908044798, 8.277232988142837, 5.913825343210602, 4.291159187212704, 2.482073264430363, 0.0, 2.4737325401101873], [5.417775938519422, 5.498059767772627, 6.78164924115071, 7.3273484139898795, 6.755269190787293, 5.4664249688438975, 4.686666628852537, 3.4245939919937958, 3.8724224072278064, 3.3934987225575903, 2.1490689961004046, 1.0870501092406, 2.161873516189141, 2.8116990752923754, 7.519716820466048, 8.37581765680223, 7.469548134927574, 5.289290223650051, 4.961143296660559, 4.291616288765807, 2.4737325401101873, 0.0]]}