{"total energy": -32.51730793, "HOMO-LUMO gap/eV": 3.79049942, "electronic energy": -32.95009755, "dipole": [0.05784424, -0.19812353, 1.21230151], "partial charges": [-0.1006681, -0.05127958, -0.0530149, -0.08327379, 0.22830501, -0.36211456, -0.08347497, -0.05480274, -0.05292839, -0.10127019, 0.03252042, 0.03037879, 0.03676643, 0.04086396, 0.0240811, 0.03084179, 0.05149868, 0.05102722, 0.05716839, 0.05400984, 0.05462897, 0.04614696, 0.04572735, 0.02795137, 0.02797188, 0.03520653, 0.03251166, 0.03522087], "atomic dipole moments": [[0.08812196, -0.0012092, 0.05386815], [-0.05241872, -0.09981405, -0.03253827], [0.07254686, 0.0881425, 0.05535478], [-0.00619637, 0.02201117, -0.08250111], [0.00135219, 0.00779133, -0.01647877], [0.00392849, -0.02543274, 0.15866725], [0.00100968, 0.01250619, -0.08151299], [-0.01300111, -0.0255444, 0.12831902], [-0.0084084, 0.01698766, -0.11052862], [-0.08142584, -0.03203634, 0.05735916], [-0.03924348, 0.11777334, -0.01449192], [-0.0901569, -0.06252805, 0.05989305], [0.01376145, -0.05051931, -0.11566778], [0.0826831, 0.07305971, -0.06276014], [-0.019338, 0.05627181, 0.10633586], [-0.08273083, -0.0648925, 0.05980728], [0.01162666, -0.05991294, -0.11428149], [-0.01291794, 0.07399817, 0.10669909], [0.01711383, -0.12409841, 0.03504774], [-0.0240796, 0.09080642, 0.09106873], [0.03142403, -0.11511534, 0.05500351], [0.02251083, -0.08278694, -0.09444843], [-0.02913786, 0.10813877, -0.06106262], [0.03207001, -0.10437093, 0.05645576], [-0.0184846, 0.08257314, 0.08907732], [-0.02302713, 0.11130786, -0.05571086], [0.10025251, 0.01438629, 0.07272342], [0.02978792, -0.08404931, -0.0898722]], "atomic quadrupole moments": [[0.14295342, -0.00618109, -0.10628519, 0.15962164, -0.0064375, -0.03666823], [0.06086752, -0.09848317, 0.06929948, 0.17500439, -0.02726278, -0.130167], [0.08050319, -0.09150736, 0.0536713, 0.17959357, -0.05135758, -0.13417449], [0.17310383, 0.06560363, -0.18414669, 0.02724931, -0.07480633, 0.01104286], [-0.24115424, -0.22324079, 0.54613932, -0.03606249, 0.13932803, -0.30498508], [-0.10667475, -0.09798133, 0.23802288, -0.01499984, 0.0584453, -0.13134813], [0.16283782, 0.10876208, -0.20839756, 0.00591159, -0.04713405, 0.04555974], [0.21602118, 0.12839784, -0.21710004, -0.00058178, -0.04539291, 0.00107886], [0.19721645, 0.11566704, -0.1964585, 0.00591996, -0.03918775, -0.00075795], [0.10580948, 0.0895188, -0.09713738, -0.14443882, -0.06060376, -0.00867209], [-0.0264043, -0.02916906, 0.07342101, 0.01440934, -0.00839682, -0.04701671], [0.0141555, 0.04568547, -0.01513638, -0.0349331, -0.04055812, 0.00098088], [-0.02252722, -0.01196547, -0.02836941, -0.01871501, 0.04928557, 0.05089663], [0.02193335, 0.01886502, -0.01662409, -0.03000655, -0.02618609, -0.00530926], [-0.02641753, -0.01514985, -0.02161791, -0.01074712, 0.02583425, 0.04803544], [0.02209125, 0.01834034, -0.0114026, -0.0334041, -0.03519428, -0.01068865], [-0.02269146, -0.01677267, -0.01794353, -0.01525001, 0.02384966, 0.04063499], [-0.00333221, -0.00748665, -0.01855517, 0.00087996, 0.05731297, 0.02188738], [-0.00766807, -0.01225847, 0.05398496, 0.02384623, -0.02833692, -0.04631689], [-0.01649898, 0.00547826, 0.00951581, -0.0307855, 0.05095976, 0.00698317], [-0.00800407, -0.01732016, 0.03622731, -0.00593423, -0.04770358, -0.02822325], [-0.01503808, -0.00956823, 0.01819463, -0.01122416, 0.04264798, -0.00315655], [-0.0129961, -0.01616916, 0.04112529, 0.00728431, -0.02623887, -0.02812919], [-0.01469433, -0.01349453, 0.04259342, 0.0067263, -0.03088397, -0.02789909], [-0.0141101, -0.0107798, 0.01451295, -0.01469481, 0.04529521, -0.00040284], [-0.02400229, -0.03287164, 0.04731422, 0.0037993, -0.04669437, -0.02331193], [0.03687625, 0.01528348, -0.0513255, 0.05465951, 0.00263524, 0.01444924], [-0.03815918, -0.00350591, 0.02405946, -0.020548, 0.05830055, 0.01409971]], "number of molecular orbitals": 58, "number of electrons": 60, "number of unpaired electrons": 0, "orbital energies/eV": [-19.03294293, -17.41835835, -17.22387337, -16.83562957, -16.60288362, -16.11293955, -15.66843902, -15.3349126, -15.22968566, -15.09822614, -14.72862545, -14.64155915, -14.0171235, -13.94304582, -13.71848723, -13.43843017, -13.33985905, -13.23289325, -13.0514948, -12.69737301, -12.62835708, -12.26475522, -12.14556708, -12.11557883, -11.98487192, -11.87410476, -11.69666514, -11.54973469, -11.47825226, -10.61238826, -6.82188884, 0.80954822, 2.22997096, 2.79566746, 3.091303, 3.14053528, 3.22152661, 3.5470863, 3.84796269, 3.89713539, 4.05198392, 4.27207554, 4.48584239, 4.7659616, 4.82434619, 4.9129095, 4.99166404, 5.60979855, 6.0243183, 6.46786439, 6.70481099, 6.76092852, 6.8401299, 7.23238608, 7.40334674, 8.1536735, 8.26063659, 15.21792079], "fractional occupation": [2.0, 2.0, 2.0, 2.0, 2.0, 2.0, 2.0, 2.0, 2.0, 2.0, 2.0, 2.0, 2.0, 2.0, 2.0, 2.0, 2.0, 2.0, 2.0, 2.0, 2.0, 2.0, 2.0, 2.0, 2.0, 2.0, 2.0, 2.0, 2.0, 2.0, 0.0, 0.0, 0.0, 0.0, 0.0, 0.0, 0.0, 0.0, 0.0, 0.0, 0.0, 0.0, 0.0, 0.0, 0.0, 0.0, 0.0, 0.0, 0.0, 0.0, 0.0, 0.0, 0.0, 0.0, 0.0, 0.0, 0.0, 0.0], "program call": "xtb /home/svss/Project-DBcg-Debug/aqme2_20220329/End-to-End-workflows-final/example-3/QDESCP/mol_179_rdkit_conf_2/mol_179_rdkit_conf_2.xyz --pop --wbo --acc 0.2 --gfn 2 --chrg 0 --uhf 0 --etemp 300 --input /home/svss/Project-DBcg-Debug/aqme2_20220329/End-to-End-workflows-final/example-3/QDESCP/mol_179_rdkit_conf_2/mol_179_rdkit_conf_2_xtb.inp", "method": "GFN2-xTB", "xtb version": "6.3.3 (7355c4f)", "Dipole module/D": 3.126, "Total charge": 0, "Transition dipole module/D": NaN, "HOMO": -10.6124, "LUMO": -6.8219, "HOMO occupancy": 2.0, "LUMO occupancy": 0, "mulliken charges": [-0.08269, -0.0397, -0.03335, -0.08475, 0.39144, -0.49355, -0.08432, -0.03513, -0.04189, -0.08248, 0.02891, 0.02379, 0.03144, 0.03662, 0.01625, 0.02223, 0.0424, 0.03964, 0.05054, 0.04386, 0.04481, 0.03829, 0.03783, 0.02097, 0.02093, 0.02955, 0.02875, 0.02962], "cm5 charges": [-0.23303, -0.15149, -0.14174, -0.1869, 0.40848, -0.5467, -0.18654, -0.14338, -0.15427, -0.2328, 0.07969, 0.07508, 0.08277, 0.09407, 0.07111, 0.07724, 0.10047, 0.09614, 0.1066, 0.10034, 0.10131, 0.09572, 0.09519, 0.07569, 0.07566, 0.08085, 0.07953, 0.08091], "FUKUI+": [0.012, 0.007, 0.021, 0.029, -0.191, -0.293, 0.03, 0.014, 0.006, 0.012, -0.026, -0.021, -0.013, 0.011, -0.019, -0.053, -0.021, -0.09, -0.095, -0.093, -0.094, -0.021, -0.021, -0.018, -0.018, -0.014, -0.027, -0.014], "FUKUI-": [0.018, 0.007, 0.014, -0.002, -0.022, -0.111, -0.004, 0.005, 0.002, 0.013, -0.039, -0.059, -0.046, -0.066, -0.057, -0.08, -0.043, -0.045, -0.053, -0.044, -0.047, -0.038, -0.036, -0.056, -0.055, -0.05, -0.056, -0.05], "FUKUIrad": [0.015, 0.007, 0.017, 0.013, -0.107, -0.202, 0.013, 0.01, 0.004, 0.012, -0.033, -0.04, -0.03, -0.028, -0.038, -0.066, -0.032, -0.067, -0.074, -0.069, -0.07, -0.029, -0.029, -0.037, -0.036, -0.032, -0.041, -0.032], "s proportion": [1.007, 1.027, 1.028, 1.042, 1.081, 1.74, 1.042, 1.029, 1.028, 1.007, 0.971, 0.976, 0.969, 0.963, 0.984, 0.978, 0.958, 0.96, 0.949, 0.956, 0.955, 0.962, 0.962, 0.979, 0.979, 0.97, 0.971, 0.97], "p proportion": [3.075, 3.013, 3.005, 3.043, 2.527, 4.754, 3.042, 3.006, 3.014, 3.075, 0.0, 0.0, 0.0, 0.0, 0.0, 0.0, 0.0, 0.0, 0.0, 0.0, 0.0, 0.0, 0.0, 0.0, 0.0, 0.0, 0.0, 0.0], "d proportion": [0.0, 0.0, 0.0, 0.0, 0.0, 0.0, 0.0, 0.0, 0.0, 0.0, 0.0, 0.0, 0.0, 0.0, 0.0, 0.0, 0.0, 0.0, 0.0, 0.0, 0.0, 0.0, 0.0, 0.0, 0.0, 0.0, 0.0, 0.0], "Fermi-level/eV": -8.7171, "Coordination numbers": [3.75, 3.8, 3.801, 3.801, 2.81, 0.856, 3.802, 3.802, 3.801, 3.75, 0.924, 0.924, 0.924, 0.924, 0.924, 0.924, 0.924, 0.924, 0.924, 0.924, 0.924, 0.924, 0.924, 0.924, 0.924, 0.924, 0.924, 0.924], "Dispersion coefficient C6": [22.486, 21.496, 21.526, 22.088, 23.21, 20.939, 22.091, 21.558, 21.525, 22.498, 2.551, 2.581, 2.492, 2.438, 2.672, 2.575, 2.301, 2.307, 2.233, 2.271, 2.263, 2.369, 2.374, 2.616, 2.616, 2.514, 2.551, 2.514], "Total dispersion C6": 5609.255645, "Total dispersion C8": 119216.100923, "Polarizability alpha": [6.763, 6.601, 6.606, 6.691, 7.893, 6.135, 6.692, 6.61, 6.606, 6.764, 2.498, 2.512, 2.469, 2.442, 2.556, 2.509, 2.372, 2.375, 2.337, 2.356, 2.353, 2.407, 2.41, 2.529, 2.529, 2.479, 2.498, 2.479], "Total polarizability alpha": 111.472767, "Wiberg matrix": [[0.0, 1.0203855859934639, 0.0, 0.0, 0.0, 0.0, 0.0, 0.0, 0.0, 0.0, 0.9873350225303211, 0.9877274976078635, 0.9874973891683684, 0.0, 0.0, 0.0, 0.0, 0.0, 0.0, 0.0, 0.0, 0.0, 0.0, 0.0, 0.0, 0.0, 0.0, 0.0], [1.0203855859934639, 0.0, 1.0085469132069025, 0.0, 0.0, 0.0, 0.0, 0.0, 0.0, 0.0, 0.0, 0.0, 0.0, 0.977267114690908, 0.978109060609824, 0.0, 0.0, 0.0, 0.0, 0.0, 0.0, 0.0, 0.0, 0.0, 0.0, 0.0, 0.0, 0.0], [0.0, 1.0085469132069025, 0.0, 1.0065006929958926, 0.0, 0.0, 0.0, 0.0, 0.0, 0.0, 0.0, 0.0, 0.0, 0.0, 0.0, 0.9766325950514243, 0.9744614925835636, 0.0, 0.0, 0.0, 0.0, 0.0, 0.0, 0.0, 0.0, 0.0, 0.0, 0.0], [0.0, 0.0, 1.0065006929958926, 0.0, 0.9894750064801842, 0.0, 0.0, 0.0, 0.0, 0.0, 0.0, 0.0, 0.0, 0.0, 0.0, 0.0, 0.0, 0.9594495160101115, 0.9477310569420708, 0.0, 0.0, 0.0, 0.0, 0.0, 0.0, 0.0, 0.0, 0.0], [0.0, 0.0, 0.0, 0.9894750064801842, 0.0, 1.859999278277066, 0.9900594389330517, 0.0, 0.0, 0.0, 0.0, 0.0, 0.0, 0.0, 0.0, 0.0, 0.0, 0.0, 0.0, 0.0, 0.0, 0.0, 0.0, 0.0, 0.0, 0.0, 0.0, 0.0], [0.0, 0.0, 0.0, 0.0, 1.859999278277066, 0.0, 0.0, 0.0, 0.0, 0.0, 0.0, 0.0, 0.0, 0.0, 0.0, 0.0, 0.0, 0.0, 0.0, 0.0, 0.0, 0.0, 0.0, 0.0, 0.0, 0.0, 0.0, 0.0], [0.0, 0.0, 0.0, 0.0, 0.9900594389330517, 0.0, 0.0, 1.0077209658618245, 0.0, 0.0, 0.0, 0.0, 0.0, 0.0, 0.0, 0.0, 0.0, 0.0, 0.0, 0.9535552841086792, 0.9521733706543879, 0.0, 0.0, 0.0, 0.0, 0.0, 0.0, 0.0], [0.0, 0.0, 0.0, 0.0, 0.0, 0.0, 1.0077209658618245, 0.0, 1.007469744189267, 0.0, 0.0, 0.0, 0.0, 0.0, 0.0, 0.0, 0.0, 0.0, 0.0, 0.0, 0.0, 0.9757901272639489, 0.9758405965036209, 0.0, 0.0, 0.0, 0.0, 0.0], [0.0, 0.0, 0.0, 0.0, 0.0, 0.0, 0.0, 1.007469744189267, 0.0, 1.0202698158133645, 0.0, 0.0, 0.0, 0.0, 0.0, 0.0, 0.0, 0.0, 0.0, 0.0, 0.0, 0.0, 0.0, 0.9779871656848285, 0.9779750902007389, 0.0, 0.0, 0.0], [0.0, 0.0, 0.0, 0.0, 0.0, 0.0, 0.0, 0.0, 1.0202698158133645, 0.0, 0.0, 0.0, 0.0, 0.0, 0.0, 0.0, 0.0, 0.0, 0.0, 0.0, 0.0, 0.0, 0.0, 0.0, 0.0, 0.9875209839276526, 0.9872518288542895, 0.9875212779207796], [0.9873350225303211, 0.0, 0.0, 0.0, 0.0, 0.0, 0.0, 0.0, 0.0, 0.0, 0.0, 0.0, 0.0, 0.0, 0.0, 0.0, 0.0, 0.0, 0.0, 0.0, 0.0, 0.0, 0.0, 0.0, 0.0, 0.0, 0.0, 0.0], [0.9877274976078635, 0.0, 0.0, 0.0, 0.0, 0.0, 0.0, 0.0, 0.0, 0.0, 0.0, 0.0, 0.0, 0.0, 0.0, 0.0, 0.0, 0.0, 0.0, 0.0, 0.0, 0.0, 0.0, 0.0, 0.0, 0.0, 0.0, 0.0], [0.9874973891683684, 0.0, 0.0, 0.0, 0.0, 0.0, 0.0, 0.0, 0.0, 0.0, 0.0, 0.0, 0.0, 0.0, 0.0, 0.0, 0.0, 0.0, 0.0, 0.0, 0.0, 0.0, 0.0, 0.0, 0.0, 0.0, 0.0, 0.0], [0.0, 0.977267114690908, 0.0, 0.0, 0.0, 0.0, 0.0, 0.0, 0.0, 0.0, 0.0, 0.0, 0.0, 0.0, 0.0, 0.0, 0.0, 0.0, 0.0, 0.0, 0.0, 0.0, 0.0, 0.0, 0.0, 0.0, 0.0, 0.0], [0.0, 0.978109060609824, 0.0, 0.0, 0.0, 0.0, 0.0, 0.0, 0.0, 0.0, 0.0, 0.0, 0.0, 0.0, 0.0, 0.0, 0.0, 0.0, 0.0, 0.0, 0.0, 0.0, 0.0, 0.0, 0.0, 0.0, 0.0, 0.0], [0.0, 0.0, 0.9766325950514243, 0.0, 0.0, 0.0, 0.0, 0.0, 0.0, 0.0, 0.0, 0.0, 0.0, 0.0, 0.0, 0.0, 0.0, 0.0, 0.0, 0.0, 0.0, 0.0, 0.0, 0.0, 0.0, 0.0, 0.0, 0.0], [0.0, 0.0, 0.9744614925835636, 0.0, 0.0, 0.0, 0.0, 0.0, 0.0, 0.0, 0.0, 0.0, 0.0, 0.0, 0.0, 0.0, 0.0, 0.0, 0.0, 0.0, 0.0, 0.0, 0.0, 0.0, 0.0, 0.0, 0.0, 0.0], [0.0, 0.0, 0.0, 0.9594495160101115, 0.0, 0.0, 0.0, 0.0, 0.0, 0.0, 0.0, 0.0, 0.0, 0.0, 0.0, 0.0, 0.0, 0.0, 0.0, 0.0, 0.0, 0.0, 0.0, 0.0, 0.0, 0.0, 0.0, 0.0], [0.0, 0.0, 0.0, 0.9477310569420708, 0.0, 0.0, 0.0, 0.0, 0.0, 0.0, 0.0, 0.0, 0.0, 0.0, 0.0, 0.0, 0.0, 0.0, 0.0, 0.0, 0.0, 0.0, 0.0, 0.0, 0.0, 0.0, 0.0, 0.0], [0.0, 0.0, 0.0, 0.0, 0.0, 0.0, 0.9535552841086792, 0.0, 0.0, 0.0, 0.0, 0.0, 0.0, 0.0, 0.0, 0.0, 0.0, 0.0, 0.0, 0.0, 0.0, 0.0, 0.0, 0.0, 0.0, 0.0, 0.0, 0.0], [0.0, 0.0, 0.0, 0.0, 0.0, 0.0, 0.9521733706543879, 0.0, 0.0, 0.0, 0.0, 0.0, 0.0, 0.0, 0.0, 0.0, 0.0, 0.0, 0.0, 0.0, 0.0, 0.0, 0.0, 0.0, 0.0, 0.0, 0.0, 0.0], [0.0, 0.0, 0.0, 0.0, 0.0, 0.0, 0.0, 0.9757901272639489, 0.0, 0.0, 0.0, 0.0, 0.0, 0.0, 0.0, 0.0, 0.0, 0.0, 0.0, 0.0, 0.0, 0.0, 0.0, 0.0, 0.0, 0.0, 0.0, 0.0], [0.0, 0.0, 0.0, 0.0, 0.0, 0.0, 0.0, 0.9758405965036209, 0.0, 0.0, 0.0, 0.0, 0.0, 0.0, 0.0, 0.0, 0.0, 0.0, 0.0, 0.0, 0.0, 0.0, 0.0, 0.0, 0.0, 0.0, 0.0, 0.0], [0.0, 0.0, 0.0, 0.0, 0.0, 0.0, 0.0, 0.0, 0.9779871656848285, 0.0, 0.0, 0.0, 0.0, 0.0, 0.0, 0.0, 0.0, 0.0, 0.0, 0.0, 0.0, 0.0, 0.0, 0.0, 0.0, 0.0, 0.0, 0.0], [0.0, 0.0, 0.0, 0.0, 0.0, 0.0, 0.0, 0.0, 0.9779750902007389, 0.0, 0.0, 0.0, 0.0, 0.0, 0.0, 0.0, 0.0, 0.0, 0.0, 0.0, 0.0, 0.0, 0.0, 0.0, 0.0, 0.0, 0.0, 0.0], [0.0, 0.0, 0.0, 0.0, 0.0, 0.0, 0.0, 0.0, 0.0, 0.9875209839276526, 0.0, 0.0, 0.0, 0.0, 0.0, 0.0, 0.0, 0.0, 0.0, 0.0, 0.0, 0.0, 0.0, 0.0, 0.0, 0.0, 0.0, 0.0], [0.0, 0.0, 0.0, 0.0, 0.0, 0.0, 0.0, 0.0, 0.0, 0.9872518288542895, 0.0, 0.0, 0.0, 0.0, 0.0, 0.0, 0.0, 0.0, 0.0, 0.0, 0.0, 0.0, 0.0, 0.0, 0.0, 0.0, 0.0, 0.0], [0.0, 0.0, 0.0, 0.0, 0.0, 0.0, 0.0, 0.0, 0.0, 0.9875212779207796, 0.0, 0.0, 0.0, 0.0, 0.0, 0.0, 0.0, 0.0, 0.0, 0.0, 0.0, 0.0, 0.0, 0.0, 0.0, 0.0, 0.0, 0.0]], "Born radii": [], "Atomic SASAs": [], "Solvent H bonds": [], "Total SASA": NaN, "Total FOD": 0.0, "FOD": [0.0, 0.0, 0.0, 0.0, 0.0, 0.0, 0.0, 0.0, 0.0, 0.0, 0.0, 0.0, 0.0, 0.0, 0.0, 0.0, 0.0, 0.0, 0.0, 0.0, 0.0, 0.0, 0.0, 0.0, 0.0, 0.0, 0.0, 0.0], "FOD s proportion": [0.0, 0.0, 0.0, 0.0, 0.0, 0.0, 0.0, 0.0, 0.0, 0.0, 0.0, 0.0, 0.0, 0.0, 0.0, 0.0, 0.0, 0.0, 0.0, 0.0, 0.0, 0.0, 0.0, 0.0, 0.0, 0.0, 0.0, 0.0], "FOD p proportion": [0.0, 0.0, 0.0, 0.0, 0.0, 0.0, 0.0, 0.0, 0.0, 0.0, 0.0, 0.0, 0.0, 0.0, 0.0, 0.0, 0.0, 0.0, 0.0, 0.0, 0.0, 0.0, 0.0, 0.0, 0.0, 0.0, 0.0, 0.0], "FOD d proportion": [0.0, 0.0, 0.0, 0.0, 0.0, 0.0, 0.0, 0.0, 0.0, 0.0, 0.0, 0.0, 0.0, 0.0, 0.0, 0.0, 0.0, 0.0, 0.0, 0.0, 0.0, 0.0, 0.0, 0.0, 0.0, 0.0, 0.0, 0.0], "coordinates": [["-4.48390", "0.49140", "-1.12260"], ["-3.17740", "0.47640", "-0.34440"], ["-2.66600", "-0.95180", "-0.13960"], ["-1.36590", "-0.99590", "0.66170"], ["-0.14560", "-0.52540", "-0.11680"], ["-0.17190", "-0.34240", "-1.33280"], ["1.11960", "-0.33150", "0.70470"], ["2.30260", "0.13620", "-0.13990"], ["3.55530", "0.32550", "0.71430"], ["4.73560", "0.79100", "-0.12330"], ["-4.83430", "1.51990", "-1.25490"], ["-5.26260", "-0.06710", "-0.59340"], ["-4.35470", "0.04620", "-2.11430"], ["-2.43550", "1.07480", "-0.88430"], ["-3.33430", "0.95720", "0.62820"], ["-3.42720", "-1.52500", "0.40390"], ["-2.53140", "-1.44300", "-1.11080"], ["-1.46220", "-0.38540", "1.56620"], ["-1.16850", "-2.02970", "0.96750"], ["0.90420", "0.40780", "1.48430"], ["1.35790", "-1.28700", "1.18500"], ["2.50290", "-0.59580", "-0.93230"], ["2.04950", "1.07990", "-0.63920"], ["3.81510", "-0.61780", "1.20870"], ["3.36090", "1.06230", "1.50230"], ["4.52020", "1.74940", "-0.60640"], ["5.62070", "0.92000", "0.50750"], ["4.97690", "0.06010", "-0.90170"]], "bond_dist": [[0.0, 1.5207769363059136, 2.520689518762674, 3.888150174568879, 4.567971406434152, 4.39690237326234, 5.951084098716805, 6.866472790305078, 8.24805801749721, 9.278337184000158, 1.0945755798481893, 1.094691088846529, 1.094698392252405, 2.1431483873031283, 2.145658509642203, 2.7409279633000208, 2.748508477338209, 4.1387310337831815, 4.6600794392370615, 5.986195634958818, 6.527966877979697, 7.073442738157991, 6.57763813005854, 8.691299404001683, 8.29197888685204, 9.106198067799758, 10.24421129858224, 9.473201842038414], [1.5207769363059136, 0.0, 1.530760673652155, 2.541935630577612, 3.2011273389229613, 3.268087858366112, 4.49638990969422, 5.494356767629856, 6.817100981355638, 7.922337241622576, 2.159449029266493, 2.169205451311609, 2.16879075523666, 1.0954406328049, 1.0962376612760574, 2.1512682050362755, 2.1653593974211303, 2.708321000177047, 3.469480945328854, 4.473064744668917, 5.100744064349828, 5.810425745158439, 5.269876934046943, 7.2459954112599325, 6.819306899531653, 7.806549734677925, 8.850371640784358, 8.183917000434448], [2.520689518762674, 1.530760673652155, 0.0, 1.5278372000969211, 2.5563162871601, 2.83118869205145, 3.9278979034593045, 5.0863277568399, 6.408214586762836, 7.60403183120639, 3.4719907646766575, 2.7804604097163477, 2.7833705789923124, 2.1713626827409556, 2.1634284665779915, 1.0969849269702843, 1.0966421658863934, 2.163260742490373, 2.1517539520121716, 4.151131340972, 4.249552377604022, 5.24143458415728, 5.158812392401957, 6.628282288798509, 6.563227714318618, 7.691284295876729, 8.520080430371534, 7.747170995273048], [3.888150174568879, 2.541935630577612, 1.5278372000969211, 0.0, 1.5220264748025902, 2.4146901457536947, 2.5731277873436444, 3.922002705251489, 5.095789846530172, 6.406054859271812, 4.693868741241067, 4.197882363763902, 4.210115657556215, 2.796776474800945, 2.7731426973742264, 2.143680325981465, 2.1679586965622755, 1.0954926699891698, 1.096003120433514, 2.7929193436259485, 2.788847170427236, 4.203394990956714, 4.203123078140825, 5.223497832870231, 5.223546098198043, 6.6174710358263, 7.246173473634205, 6.617436618510221], [4.567971406434152, 3.2011273389229613, 2.5563162871601, 1.5220264748025902, 0.0, 1.2299742639583968, 1.5209176506306972, 2.5361252749026413, 3.8873408430442526, 5.055597358374181, 5.240460990218322, 5.159542174456955, 4.693959482142981, 2.8971258688569264, 3.594570273342837, 3.4697589556048416, 2.7426387658603533, 2.141383795586396, 2.117769909598302, 2.1298975303990564, 2.129607956878449, 2.7721018487782874, 2.769179275525512, 4.17763479734646, 4.175861390180474, 5.213838589753235, 5.977386330161369, 5.215254980343722], [4.39690237326234, 3.268087858366112, 2.83118869205145, 2.4146901457536947, 1.2299742639583968, 0.0, 2.412363428258686, 2.788407900576958, 4.304500976884545, 5.179868923052011, 5.021175505795431, 5.151478325684774, 4.272887554102027, 2.708042291028706, 3.941478773252496, 3.8744867711736997, 2.6130144680043395, 3.173471929921549, 3.021849258318489, 3.107546244225498, 3.093844540373676, 2.716462193736552, 2.727386333103545, 4.736162624952821, 4.742536234969639, 5.18836068618981, 6.207622138145975, 5.182469961321531], [5.951084098716805, 4.49638990969422, 3.9278979034593045, 2.5731277873436444, 1.5209176506306972, 2.412363428258686, 0.0, 1.5269516855486949, 2.522771422463795, 3.8756994530019995, 6.535796763211047, 6.518239625082834, 6.169066281050966, 4.140209741063852, 4.637221705935571, 4.7104472324822835, 4.226259989636227, 2.722274545302145, 2.861529082501172, 1.0957818259124394, 1.0956528784245492, 2.159431031545115, 2.1593589743254826, 2.7571187750983817, 2.7572214075043013, 4.19680930946356, 4.676006982458431, 4.196740974851795], [6.866472790305078, 5.494356767629856, 5.0863277568399, 3.922002705251489, 2.5361252749026413, 2.788407900576958, 1.5269516855486949, 0.0, 1.527988684513076, 2.519628464674901, 7.354807427798501, 7.581506722281528, 6.944494124844516, 4.887196837656532, 5.747926601827827, 5.990485115581208, 5.17726524817881, 4.16612083478144, 4.238631003048036, 2.160396898720233, 2.161785451889248, 1.0971972703210666, 1.0972373444246235, 2.162150367111409, 2.162054795790338, 2.781687662193583, 3.470339581366642, 2.7817280492528376], [8.24805801749721, 6.817100981355638, 6.408214586762836, 5.095789846530172, 3.8873408430442526, 4.304500976884545, 2.522771422463795, 1.527988684513076, 0.0, 1.5203197361081648, 8.699984376997467, 8.922980133341103, 8.405182118788385, 6.245530969421255, 6.919035067117379, 7.2302147035893745, 6.5959456600248005, 5.138717609481961, 5.284445450565272, 2.761884230013995, 2.7659142249896327, 2.1604700900498486, 2.160674721007306, 1.096240069510324, 1.0961795473370226, 2.1685874918942054, 2.1591835609785477, 2.168603172551401], [9.278337184000158, 7.922337241622576, 7.60403183120639, 6.406054859271812, 5.055597358374181, 5.179868923052011, 3.8756994530019995, 2.519628464674901, 1.5203197361081648, 0.0, 9.664098498049366, 10.045961022221817, 9.335542947788307, 7.216948014916001, 8.106519641621798, 8.501358696114405, 7.666498630404885, 6.530777292941477, 6.6335955514336264, 4.172630580341375, 4.1759538048211216, 2.750026278056266, 2.7504089205061852, 2.1462203265275446, 2.146154500496178, 1.0946749882956128, 1.0945097761098348, 1.094690394586524], [1.0945755798481893, 2.159449029266493, 3.4719907646766575, 4.693868741241067, 5.240460990218322, 5.021175505795431, 6.535796763211047, 7.354807427798501, 8.699984376997467, 9.664098498049366, 0.0, 1.7718894265726628, 1.772110665280247, 2.467731713537758, 2.472386883155628, 3.742053428266358, 3.755381422705289, 4.791641859529988, 5.565681589886363, 6.455258732227548, 7.223236148707863, 7.642954997250735, 6.92527175856659, 9.243982183561368, 8.658686542426627, 9.379759738394156, 10.619461322025707, 9.925493021507798], [1.094691088846529, 2.169205451311609, 2.7804604097163477, 4.197882363763902, 5.159542174456955, 5.151478325684774, 6.518239625082834, 7.581506722281528, 8.922980133341103, 10.045961022221817, 1.7718894265726628, 0.0, 1.7748960842821193, 3.062850441990271, 2.50196681432828, 2.547306981892838, 3.1016539152523124, 4.382719157098706, 4.801027221335034, 6.524706088399691, 6.962893279377473, 7.790851503526427, 7.401656101846397, 9.271217406036815, 8.946074843192404, 9.950025984388182, 10.983285761100818, 10.244929915816897], [1.094698392252405, 2.16879075523666, 2.7833705789923124, 4.210115657556215, 4.693959482142981, 4.272887554102027, 6.169066281050966, 6.944494124844516, 8.405182118788385, 9.335542947788307, 1.772110665280247, 1.7748960842821193, 0.0, 2.500849175780099, 3.06470935163516, 3.109703672377804, 2.559131059559084, 4.70094831496795, 4.894764804359858, 6.3825312948703985, 6.730274993638819, 6.988273446281277, 6.652686174771812, 8.844707854983115, 8.581534718801759, 9.161795820689305, 10.351133601688273, 9.410066446630438], [2.1431483873031283, 1.0954406328049, 2.1713626827409556, 2.796776474800945, 2.8971258688569264, 2.708042291028706, 4.140209741063852, 4.887196837656532, 6.245530969421255, 7.216948014916001, 2.467731713537758, 3.062850441990271, 2.500849175780099, 0.0, 1.763328514486169, 3.0662498544639183, 2.5297857419157066, 3.014041668590532, 3.830453300850958, 4.1483431692664965, 4.924427407323617, 5.213540344142356, 4.491695116545646, 6.805552447817885, 6.2685140799076144, 6.993859882782897, 8.177006097588531, 7.481550147529587], [2.145658509642203, 1.0962376612760574, 2.1634284665779915, 2.7731426973742264, 3.594570273342837, 3.941478773252496, 4.637221705935571, 5.747926601827827, 6.919035067117379, 8.106519641621798, 2.472386883155628, 2.50196681432828, 3.06470935163516, 1.763328514486169, 0.0, 2.494044454295071, 3.070786454639918, 2.4874037006485294, 3.7050486825411624, 4.358856480775663, 5.230984679771104, 6.238579412815068, 5.532328667929988, 7.343808658318925, 6.752836430715615, 7.990305892142052, 8.955890649734398, 8.498319119684785], [2.7409279633000208, 2.1512682050362755, 1.0969849269702843, 2.143680325981465, 3.4697589556048416, 3.8744867711736997, 4.7104472324822835, 5.990485115581208, 7.2302147035893745, 8.501358696114405, 3.742053428266358, 2.547306981892838, 3.109703672377804, 3.0662498544639183, 2.494044454295071, 0.0, 1.7616746947152302, 2.5516376016197913, 2.382035419551943, 4.864566369163854, 4.854270616683828, 6.149384448056569, 6.153682191176272, 7.343134492163411, 7.34703378650187, 8.654684755090736, 9.373006581135, 8.651360019095264], [2.748508477338209, 2.1653593974211303, 1.0966421658863934, 2.1679586965622755, 2.7426387658603533, 2.6130144680043395, 4.226259989636227, 5.17726524817881, 6.5959456600248005, 7.666498630404885, 3.755381422705289, 3.1016539152523124, 2.559131059559084, 2.5297857419157066, 3.070786454639918, 1.7616746947152302, 0.0, 3.0705106090030045, 2.5536335269572255, 4.686507442648523, 4.5190361948096855, 5.108207765939048, 5.250911899851301, 6.8072826840083565, 6.915491232732495, 7.756990375139059, 8.640567012644484, 7.660130632698114], [4.1387310337831815, 2.708321000177047, 2.163260742490373, 1.0954926699891698, 2.141383795586396, 3.173471929921549, 2.722274545302145, 4.16612083478144, 5.138717609481961, 6.530777292941477, 4.791641859529988, 4.382719157098706, 4.70094831496795, 3.014041668590532, 2.4874037006485294, 2.5516376016197913, 3.0705106090030045, 0.0, 1.7743798550479546, 2.4971429294295513, 2.98515661398192, 4.691352515000338, 4.398059815418613, 5.294498210406724, 5.0360909552945925, 6.7131714978838435, 7.279587025374449, 6.9102105228422674], [4.6600794392370615, 3.469480945328854, 2.1517539520121716, 1.096003120433514, 2.117769909598302, 3.021849258318489, 2.861529082501172, 4.238631003048036, 5.284445450565272, 6.6335955514336264, 5.565681589886363, 4.801027221335034, 4.894764804359858, 3.830453300850958, 3.7050486825411624, 2.382035419551943, 2.5536335269572255, 1.7743798550479546, 0.0, 3.2410760219408616, 2.6422729798414095, 4.3754413731645405, 4.754642052773269, 5.185355147914172, 5.510166912172443, 7.0085708750072575, 7.416573786459621, 6.754784514697712], [5.986195634958818, 4.473064744668917, 4.151131340972, 2.7929193436259485, 2.1298975303990564, 3.107546244225498, 1.0957818259124394, 2.160396898720233, 2.761884230013995, 4.172630580341375, 6.455258732227548, 6.524706088399691, 6.3825312948703985, 4.1483431692664965, 4.358856480775663, 4.864566369163854, 4.686507442648523, 2.4971429294295513, 3.2410760219408616, 0.0, 1.779823367640733, 3.0664328151779223, 2.5045324413950003, 3.0985721760191423, 2.5424533702705348, 4.387068844912284, 4.843744350190254, 4.73294586700503], [6.527966877979697, 5.100744064349828, 4.249552377604022, 2.788847170427236, 2.129607956878449, 3.093844540373676, 1.0956528784245492, 2.161785451889248, 2.7659142249896327, 4.1759538048211216, 7.223236148707863, 6.962893279377473, 6.730274993638819, 4.924427407323617, 5.230984679771104, 4.854270616683828, 4.5190361948096855, 2.98515661398192, 2.6422729798414095, 1.779823367640733, 0.0, 2.504344570940668, 3.0672841097622503, 2.5468062686431416, 3.1035300514092015, 4.735924430351481, 4.847815909252331, 4.38932298879907], [7.073442738157991, 5.810425745158439, 5.24143458415728, 4.203394990956714, 2.7721018487782874, 2.716462193736552, 2.159431031545115, 1.0971972703210666, 2.1604700900498486, 2.750026278056266, 7.642954997250735, 7.790851503526427, 6.988273446281277, 5.213540344142356, 6.238579412815068, 6.149384448056569, 5.108207765939048, 4.691352515000338, 4.3754413731645405, 3.0664328151779223, 2.504344570940668, 0.0, 1.760525393171027, 2.5112215832140343, 3.0680183783673787, 3.1105744067615553, 3.7538447650375746, 2.5596517673308607], [6.57763813005854, 5.269876934046943, 5.158812392401957, 4.203123078140825, 2.769179275525512, 2.727386333103545, 2.1593589743254826, 1.0972373444246235, 2.160674721007306, 2.7504089205061852, 6.92527175856659, 7.401656101846397, 6.652686174771812, 4.491695116545646, 5.532328667929988, 6.153682191176272, 5.250911899851301, 4.398059815418613, 4.754642052773269, 2.5045324413950003, 3.0672841097622503, 1.760525393171027, 0.0, 3.068267110275766, 2.5111953269309812, 2.560012613250177, 3.754192102170586, 3.1110398663469416], [8.691299404001683, 7.2459954112599325, 6.628282288798509, 5.223497832870231, 4.17763479734646, 4.736162624952821, 2.7571187750983817, 2.162150367111409, 1.096240069510324, 2.1462203265275446, 9.243982183561368, 9.271217406036815, 8.844707854983115, 6.805552447817885, 7.343808658318925, 7.343134492163411, 6.8072826840083565, 5.294498210406724, 5.185355147914172, 3.0985721760191423, 2.5468062686431416, 2.5112215832140343, 3.068267110275766, 0.0, 1.7650027223775038, 3.0651900202108187, 2.4731966440216597, 2.5026217872463272], [8.29197888685204, 6.819306899531653, 6.563227714318618, 5.223546098198043, 4.175861390180474, 4.742536234969639, 2.7572214075043013, 2.162054795790338, 1.0961795473370226, 2.146154500496178, 8.658686542426627, 8.946074843192404, 8.581534718801759, 6.2685140799076144, 6.752836430715615, 7.34703378650187, 6.915491232732495, 5.0360909552945925, 5.510166912172443, 2.5424533702705348, 3.1035300514092015, 3.0680183783673787, 2.5111953269309812, 1.7650027223775038, 0.0, 2.5025384292753627, 2.4731705096899406, 3.0651389593295764], [9.106198067799758, 7.806549734677925, 7.691284295876729, 6.6174710358263, 5.213838589753235, 5.18836068618981, 4.19680930946356, 2.781687662193583, 2.1685874918942054, 1.0946749882956128, 9.379759738394156, 9.950025984388182, 9.161795820689305, 6.993859882782897, 7.990305892142052, 8.654684755090736, 7.756990375139059, 6.7131714978838435, 7.0085708750072575, 4.387068844912284, 4.735924430351481, 3.1105744067615553, 2.560012613250177, 3.0651900202108187, 2.5025384292753627, 0.0, 1.771941821844047, 1.7746863018573167], [10.24421129858224, 8.850371640784358, 8.520080430371534, 7.246173473634205, 5.977386330161369, 6.207622138145975, 4.676006982458431, 3.470339581366642, 2.1591835609785477, 1.0945097761098348, 10.619461322025707, 10.983285761100818, 10.351133601688273, 8.177006097588531, 8.955890649734398, 9.373006581135, 8.640567012644484, 7.279587025374449, 7.416573786459621, 4.843744350190254, 4.847815909252331, 3.7538447650375746, 3.754192102170586, 2.4731966440216597, 2.4731705096899406, 1.771941821844047, 0.0, 1.7719342792553003], [9.473201842038414, 8.183917000434448, 7.747170995273048, 6.617436618510221, 5.215254980343722, 5.182469961321531, 4.196740974851795, 2.7817280492528376, 2.168603172551401, 1.094690394586524, 9.925493021507798, 10.244929915816897, 9.410066446630438, 7.481550147529587, 8.498319119684785, 8.651360019095264, 7.660130632698114, 6.9102105228422674, 6.754784514697712, 4.73294586700503, 4.38932298879907, 2.5596517673308607, 3.1110398663469416, 2.5026217872463272, 3.0651389593295764, 1.7746863018573167, 1.7719342792553003, 0.0]]}