{"total energy": -46.09832009, "HOMO-LUMO gap/eV": 4.70283457, "electronic energy": -46.6729906, "dipole": [0.54031068, 0.25844139, -0.74304701], "partial charges": [-0.09992798, -0.05192434, -0.0582278, -0.05821764, -0.05723017, -0.05998695, -0.05618303, -0.05211643, -0.08608641, 0.35355148, -0.41071711, -0.26862426, 0.08528652, -0.11300029, 0.03089349, 0.03168902, 0.03236012, 0.02797535, 0.02920541, 0.0306056, 0.02901888, 0.03128688, 0.02791717, 0.02731316, 0.03120114, 0.02932556, 0.04027954, 0.03234078, 0.0311727, 0.04264491, 0.04102134, 0.06097562, 0.06533248, 0.05062896, 0.05048327, 0.05487145, 0.05472088, 0.05014069], "atomic dipole moments": [[0.08012638, -0.05772332, -0.02061308], [-0.00028104, 0.109576, -0.01435507], [0.00284104, -0.1091085, 0.01269501], [-8.467e-05, 0.1085112, -0.01494848], [0.00343224, -0.10941954, 0.01274113], [0.00373946, 0.1153974, -0.01855528], [0.01338566, -0.11212516, 0.00198259], [-0.02411747, -0.0194808, 0.13120121], [0.00487216, 0.12171738, 0.00260948], [0.12968387, 0.10035672, -0.0092436], [0.06939019, -0.00494724, -0.16445618], [-0.06584473, 0.02798099, 0.21648923], [-0.05180059, -0.11954971, -0.20813062], [-0.10484135, -0.06250122, 0.06505316], [-0.09397204, -0.07016352, 0.04163346], [-0.04020554, 0.06069142, -0.1025512], [0.02624399, 0.08539304, 0.08881241], [-0.03452678, -0.08527661, -0.08211425], [0.02971301, -0.06174366, 0.10293056], [0.03135685, 0.08673881, 0.08334676], [-0.03286516, 0.06264792, -0.10164219], [0.03320222, -0.06296465, 0.10219262], [-0.03103097, -0.08618603, -0.08304153], [-0.03300181, 0.06213639, -0.10104705], [0.03125998, 0.08695151, 0.08381468], [-0.03176141, -0.08576194, -0.08287254], [0.03071956, -0.06286537, 0.10492405], [-0.03372257, 0.06736494, -0.09475486], [0.03340326, 0.08686809, 0.08509277], [0.0831646, 0.07665401, -0.05130848], [-0.03190654, -0.07253424, -0.09275672], [0.09447155, -0.07357382, -0.04487095], [-0.07832515, -0.08880157, 0.04795223], [0.0432958, -0.07340338, 0.09528912], [-0.08727502, 0.08548639, 0.03678949], [0.08783045, -0.0806071, -0.04742017], [-0.03524882, 0.06881833, -0.10221742], [0.05577515, 0.07782728, 0.08676451]], "atomic quadrupole moments": [[0.10971995, -0.15443194, 0.00167719, -0.06296404, 0.03644012, -0.11139714], [0.18301878, -0.02660392, 0.00115437, -0.14212488, -0.02046609, -0.18417315], [0.18612123, -0.01715632, 0.00295226, -0.14696389, -0.02671169, -0.1890735], [0.1858833, -0.01385693, 0.00333176, -0.14698332, -0.02498574, -0.18921506], [0.18398335, -0.01899437, 0.00375938, -0.14558712, -0.02942836, -0.18774273], [0.18102882, -0.01143257, 0.01527009, -0.14167284, -0.02337701, -0.19629891], [0.16436016, -0.02156795, -0.01021047, -0.15923944, -0.00675964, -0.15414968], [0.0150902, -0.20040905, -0.02582497, 0.02740822, -0.09619775, 0.01073477], [-0.12109014, 0.01056367, -0.03631044, 0.14270684, 0.03038013, 0.15740058], [0.11444474, -0.25052281, 0.22648388, 0.12273907, -0.20158991, -0.34092862], [0.00695901, -0.14670449, 0.06963798, 0.04556368, -0.06644345, -0.076597], [-0.01899373, 0.05677004, -0.00755287, 0.02392325, 0.05879658, 0.0265466], [-0.04040713, 0.33297151, -0.03440293, 0.09841812, 0.25651668, 0.07481006], [0.11245075, 0.16603094, -0.03589239, -0.12296645, -0.07660275, -0.07655837], [0.02778446, 0.04736547, 0.01191864, -0.034858, -0.02510402, -0.0397031], [-0.03444802, -0.0234181, -0.01859466, 0.01857911, -0.04465607, 0.05304268], [-0.02088633, 0.01601118, 0.00869969, 0.03084976, 0.05906642, 0.01218663], [-0.01337317, 0.01352337, -0.00483188, 0.01148167, 0.04466916, 0.01820505], [-0.00986672, -0.01296549, -0.02488876, 0.01918711, -0.03228026, 0.03475548], [-0.01478347, 0.01504786, -0.00414902, 0.01472217, 0.04240735, 0.01893249], [-0.01422021, -0.0110532, -0.02348675, 0.01907642, -0.03182711, 0.03770696], [-0.0135219, -0.01089125, -0.02347666, 0.01864141, -0.03105967, 0.03699855], [-0.0146622, 0.01517934, -0.0041339, 0.01458344, 0.04301726, 0.0187961], [-0.0139572, -0.01141579, -0.0236984, 0.01901886, -0.03209742, 0.0376556], [-0.01427189, 0.01491572, -0.00440696, 0.0145262, 0.04158249, 0.01867884], [-0.01605009, 0.01458601, -0.00355752, 0.01456561, 0.04449988, 0.01960762], [-0.00952178, -0.01275144, -0.02248351, 0.0202316, -0.02959808, 0.03200529], [-0.0062969, -0.01643059, -0.02533015, 0.01910878, -0.03879624, 0.03162705], [-0.00985859, 0.02101429, -0.01763131, 0.01433346, 0.03892519, 0.0274899], [0.0283458, 0.02824462, 0.01178279, -0.01337493, -0.02239987, -0.04012858], [-0.01773593, 0.00697187, 0.01702747, 0.03523897, 0.03898838, 0.00070846], [0.03091348, -0.03389205, -0.01951764, -0.03468775, 0.01599592, -0.01139584], [0.02652216, 0.04632728, -0.01493642, -0.01794793, -0.01973218, -0.01158574], [-0.01521814, 0.00244299, 0.00932563, 0.0241939, -0.02341082, 0.00589252], [0.01878748, -0.01751405, 0.00775094, -0.00454523, 0.02113205, -0.02653842], [0.00890226, -0.05390931, 0.02658804, -0.02953969, 0.0154639, -0.0354903], [-0.01059192, -0.02659729, -0.01119054, 0.03027562, -0.05552739, 0.02178246], [-0.0228013, 0.03533118, -0.00353674, 0.03013881, 0.05368649, 0.02633804]], "number of molecular orbitals": 80, "number of electrons": 84, "number of unpaired electrons": 0, "orbital energies/eV": [-20.02953347, -19.27863914, -18.30224471, -17.31444039, -16.91202579, -16.81027346, -16.62833634, -16.50580054, -16.30467167, -16.16668953, -15.8163901, -15.72348231, -15.34843557, -15.09639372, -15.01361141, -14.97694802, -14.69428276, -14.37949587, -14.10531241, -13.901052, -13.80368064, -13.6222727, -13.41280856, -13.32881759, -13.22568188, -13.18888703, -12.89277043, -12.8135777, -12.73548974, -12.70039443, -12.62828933, -12.19871768, -12.16294161, -12.07882072, -11.90531041, -11.7737269, -11.67796299, -11.63388069, -11.37925522, -11.30293402, -11.23058881, -11.14756103, -6.44472647, 0.13095758, 1.30094946, 2.24408327, 2.68390357, 2.76204168, 2.87020101, 3.08373527, 3.15814527, 3.36774291, 3.41101752, 3.63440172, 3.67839746, 3.77752482, 3.94240508, 4.06422602, 4.36018264, 4.57234488, 4.58863975, 4.83732582, 4.9003243, 5.05897644, 5.30907939, 5.33631066, 5.86623948, 6.11729956, 6.35306865, 6.52672363, 6.62720829, 6.94699844, 7.06292908, 7.22521375, 7.35658675, 7.50702406, 7.5552813, 8.13473126, 8.61731364, 16.09056775], "fractional occupation": [2.0, 2.0, 2.0, 2.0, 2.0, 2.0, 2.0, 2.0, 2.0, 2.0, 2.0, 2.0, 2.0, 2.0, 2.0, 2.0, 2.0, 2.0, 2.0, 2.0, 2.0, 2.0, 2.0, 2.0, 2.0, 2.0, 2.0, 2.0, 2.0, 2.0, 2.0, 2.0, 2.0, 2.0, 2.0, 2.0, 2.0, 2.0, 2.0, 2.0, 2.0, 2.0, 0.0, 0.0, 0.0, 0.0, 0.0, 0.0, 0.0, 0.0, 0.0, 0.0, 0.0, 0.0, 0.0, 0.0, 0.0, 0.0, 0.0, 0.0, 0.0, 0.0, 0.0, 0.0, 0.0, 0.0, 0.0, 0.0, 0.0, 0.0, 0.0, 0.0, 0.0, 0.0, 0.0, 0.0, 0.0, 0.0, 0.0, 0.0], "program call": "xtb /home/svss/Project-DBcg-Debug/aqme2_20220329/End-to-End-workflows-final/example-3/QDESCP/mol_348_rdkit_conf_8/mol_348_rdkit_conf_8.xyz --pop --wbo --acc 0.2 --gfn 2 --chrg 0 --uhf 0 --etemp 300 --input /home/svss/Project-DBcg-Debug/aqme2_20220329/End-to-End-workflows-final/example-3/QDESCP/mol_348_rdkit_conf_8/mol_348_rdkit_conf_8_xtb.inp", "method": "GFN2-xTB", "xtb version": "6.3.3 (7355c4f)", "Dipole module/D": 2.426, "Total charge": 0, "Transition dipole module/D": NaN, "HOMO": -11.1476, "LUMO": -6.4447, "HOMO occupancy": 2.0, "LUMO occupancy": 0, "mulliken charges": [-0.08349, -0.03845, -0.04653, -0.04536, -0.04409, -0.04735, -0.0486, -0.03543, -0.07851, 0.57425, -0.53062, -0.42275, 0.20603, -0.0955, 0.02774, 0.02605, 0.0268, 0.02141, 0.02277, 0.02354, 0.02169, 0.02536, 0.02133, 0.02072, 0.0262, 0.02041, 0.03181, 0.02578, 0.03212, 0.03457, 0.02915, 0.0527, 0.04997, 0.03928, 0.03856, 0.04224, 0.04173, 0.03449], "cm5 charges": [-0.23382, -0.15095, -0.15717, -0.15607, -0.15489, -0.15804, -0.15834, -0.14363, -0.17726, 0.62325, -0.5801, -0.50702, 0.12362, -0.24219, 0.07853, 0.07734, 0.07808, 0.07612, 0.07746, 0.07888, 0.07703, 0.08072, 0.07669, 0.07607, 0.08159, 0.07591, 0.08864, 0.08077, 0.08934, 0.09173, 0.08403, 0.11099, 0.10912, 0.10404, 0.1034, 0.09547, 0.09496, 0.08569], "FUKUI+": [0.003, 0.001, 0.002, 0.002, 0.003, 0.007, 0.012, 0.009, 0.021, -0.185, -0.277, -0.124, 0.027, 0.016, -0.008, -0.005, -0.003, -0.004, -0.001, -0.002, -0.006, 0.001, -0.008, -0.014, -0.001, -0.019, 0.013, -0.04, 0.009, -0.031, -0.06, -0.089, -0.07, -0.039, -0.039, -0.028, -0.027, -0.043], "FUKUI-": [0.015, 0.004, 0.005, 0.006, 0.005, 0.004, 0.005, 0.006, -0.002, -0.009, -0.083, -0.039, 0.009, 0.008, -0.048, -0.046, -0.046, -0.06, -0.059, -0.051, -0.053, -0.037, -0.039, -0.036, -0.031, -0.034, -0.026, -0.033, -0.032, -0.04, -0.051, -0.042, -0.027, -0.031, -0.024, -0.03, -0.024, -0.031], "FUKUIrad": [0.009, 0.002, 0.003, 0.004, 0.004, 0.005, 0.009, 0.008, 0.009, -0.097, -0.18, -0.082, 0.018, 0.012, -0.028, -0.025, -0.024, -0.032, -0.03, -0.026, -0.03, -0.018, -0.024, -0.025, -0.016, -0.026, -0.007, -0.037, -0.011, -0.036, -0.056, -0.066, -0.049, -0.035, -0.032, -0.029, -0.026, -0.037], "s proportion": [1.007, 1.027, 1.032, 1.032, 1.032, 1.032, 1.033, 1.031, 1.038, 0.99, 1.731, 1.7, 0.994, 1.011, 0.972, 0.974, 0.973, 0.979, 0.977, 0.976, 0.978, 0.975, 0.979, 0.979, 0.974, 0.98, 0.968, 0.974, 0.968, 0.965, 0.971, 0.947, 0.95, 0.961, 0.961, 0.958, 0.958, 0.966], "p proportion": [3.076, 3.011, 3.014, 3.013, 3.012, 3.015, 3.016, 3.005, 3.04, 2.436, 4.799, 4.723, 2.8, 3.085, 0.0, 0.0, 0.0, 0.0, 0.0, 0.0, 0.0, 0.0, 0.0, 0.0, 0.0, 0.0, 0.0, 0.0, 0.0, 0.0, 0.0, 0.0, 0.0, 0.0, 0.0, 0.0, 0.0, 0.0], "d proportion": [0.0, 0.0, 0.0, 0.0, 0.0, 0.0, 0.0, 0.0, 0.0, 0.0, 0.0, 0.0, 0.0, 0.0, 0.0, 0.0, 0.0, 0.0, 0.0, 0.0, 0.0, 0.0, 0.0, 0.0, 0.0, 0.0, 0.0, 0.0, 0.0, 0.0, 0.0, 0.0, 0.0, 0.0, 0.0, 0.0, 0.0, 0.0], "Fermi-level/eV": -8.7961, "Coordination numbers": [3.75, 3.8, 3.802, 3.802, 3.802, 3.801, 3.8, 3.801, 3.802, 2.721, 0.856, 1.703, 3.704, 3.748, 0.924, 0.924, 0.924, 0.924, 0.924, 0.924, 0.924, 0.924, 0.924, 0.924, 0.924, 0.924, 0.924, 0.924, 0.924, 0.924, 0.924, 0.924, 0.924, 0.924, 0.924, 0.924, 0.924, 0.924], "Dispersion coefficient C6": [22.472, 21.507, 21.62, 21.621, 21.603, 21.654, 21.585, 21.51, 22.141, 20.997, 21.897, 18.454, 19.306, 22.729, 2.574, 2.563, 2.553, 2.616, 2.598, 2.578, 2.601, 2.568, 2.616, 2.625, 2.57, 2.596, 2.445, 2.554, 2.57, 2.414, 2.435, 2.188, 2.138, 2.312, 2.314, 2.26, 2.262, 2.318], "Total dispersion C6": 10438.493569, "Total dispersion C8": 221005.59412, "Polarizability alpha": [6.761, 6.603, 6.62, 6.62, 6.617, 6.625, 6.615, 6.603, 6.699, 7.501, 6.274, 5.8, 6.282, 6.8, 2.509, 2.503, 2.499, 2.529, 2.521, 2.511, 2.522, 2.506, 2.53, 2.534, 2.507, 2.52, 2.445, 2.499, 2.507, 2.43, 2.441, 2.313, 2.286, 2.378, 2.379, 2.351, 2.352, 2.381], "Total polarizability alpha": 151.372472, "Wiberg matrix": [[0.0, 1.0200680270319622, 0.0, 0.0, 0.0, 0.0, 0.0, 0.0, 0.0, 0.0, 0.0, 0.0, 0.0, 0.0, 0.9874384513034615, 0.9877497837445108, 0.9877147053301842, 0.0, 0.0, 0.0, 0.0, 0.0, 0.0, 0.0, 0.0, 0.0, 0.0, 0.0, 0.0, 0.0, 0.0, 0.0, 0.0, 0.0, 0.0, 0.0, 0.0, 0.0], [1.0200680270319622, 0.0, 1.0077730152563837, 0.0, 0.0, 0.0, 0.0, 0.0, 0.0, 0.0, 0.0, 0.0, 0.0, 0.0, 0.0, 0.0, 0.0, 0.9781164891498196, 0.9780548363468075, 0.0, 0.0, 0.0, 0.0, 0.0, 0.0, 0.0, 0.0, 0.0, 0.0, 0.0, 0.0, 0.0, 0.0, 0.0, 0.0, 0.0, 0.0, 0.0], [0.0, 1.0077730152563837, 0.0, 1.0070825898262183, 0.0, 0.0, 0.0, 0.0, 0.0, 0.0, 0.0, 0.0, 0.0, 0.0, 0.0, 0.0, 0.0, 0.0, 0.0, 0.9771933501307193, 0.9772522004651593, 0.0, 0.0, 0.0, 0.0, 0.0, 0.0, 0.0, 0.0, 0.0, 0.0, 0.0, 0.0, 0.0, 0.0, 0.0, 0.0, 0.0], [0.0, 0.0, 1.0070825898262183, 0.0, 1.0070704054790869, 0.0, 0.0, 0.0, 0.0, 0.0, 0.0, 0.0, 0.0, 0.0, 0.0, 0.0, 0.0, 0.0, 0.0, 0.0, 0.0, 0.9771816396936024, 0.9773793642185165, 0.0, 0.0, 0.0, 0.0, 0.0, 0.0, 0.0, 0.0, 0.0, 0.0, 0.0, 0.0, 0.0, 0.0, 0.0], [0.0, 0.0, 0.0, 1.0070704054790869, 0.0, 1.006653341489533, 0.0, 0.0, 0.0, 0.0, 0.0, 0.0, 0.0, 0.0, 0.0, 0.0, 0.0, 0.0, 0.0, 0.0, 0.0, 0.0, 0.0, 0.9772531699181162, 0.977311307433266, 0.0, 0.0, 0.0, 0.0, 0.0, 0.0, 0.0, 0.0, 0.0, 0.0, 0.0, 0.0, 0.0], [0.0, 0.0, 0.0, 0.0, 1.006653341489533, 0.0, 1.0080184226335787, 0.0, 0.0, 0.0, 0.0, 0.0, 0.0, 0.0, 0.0, 0.0, 0.0, 0.0, 0.0, 0.0, 0.0, 0.0, 0.0, 0.0, 0.0, 0.9771183569452553, 0.9748957145643599, 0.0, 0.0, 0.0, 0.0, 0.0, 0.0, 0.0, 0.0, 0.0, 0.0, 0.0], [0.0, 0.0, 0.0, 0.0, 0.0, 1.0080184226335787, 0.0, 1.0064903887582002, 0.0, 0.0, 0.0, 0.0, 0.0, 0.0, 0.0, 0.0, 0.0, 0.0, 0.0, 0.0, 0.0, 0.0, 0.0, 0.0, 0.0, 0.0, 0.0, 0.976047364640053, 0.9768988709843747, 0.0, 0.0, 0.0, 0.0, 0.0, 0.0, 0.0, 0.0, 0.0], [0.0, 0.0, 0.0, 0.0, 0.0, 0.0, 1.0064903887582002, 0.0, 0.9881291243747329, 0.0, 0.0, 0.0, 0.0, 0.0, 0.0, 0.0, 0.0, 0.0, 0.0, 0.0, 0.0, 0.0, 0.0, 0.0, 0.0, 0.0, 0.0, 0.0, 0.0, 0.9761445709744572, 0.9750120102672843, 0.0, 0.0, 0.0, 0.0, 0.0, 0.0, 0.0], [0.0, 0.0, 0.0, 0.0, 0.0, 0.0, 0.0, 0.9881291243747329, 0.0, 0.978239942701669, 0.0, 0.0, 0.0, 0.0, 0.0, 0.0, 0.0, 0.0, 0.0, 0.0, 0.0, 0.0, 0.0, 0.0, 0.0, 0.0, 0.0, 0.0, 0.0, 0.0, 0.0, 0.958142428270611, 0.9703555814923169, 0.0, 0.0, 0.0, 0.0, 0.0], [0.0, 0.0, 0.0, 0.0, 0.0, 0.0, 0.0, 0.0, 0.978239942701669, 0.0, 1.7565427860697236, 1.1225632233147285, 0.0, 0.0, 0.0, 0.0, 0.0, 0.0, 0.0, 0.0, 0.0, 0.0, 0.0, 0.0, 0.0, 0.0, 0.0, 0.0, 0.0, 0.0, 0.0, 0.0, 0.0, 0.0, 0.0, 0.0, 0.0, 0.0], [0.0, 0.0, 0.0, 0.0, 0.0, 0.0, 0.0, 0.0, 0.0, 1.7565427860697236, 0.0, 0.17130281344537093, 0.0, 0.0, 0.0, 0.0, 0.0, 0.0, 0.0, 0.0, 0.0, 0.0, 0.0, 0.0, 0.0, 0.0, 0.0, 0.0, 0.0, 0.0, 0.0, 0.0, 0.0, 0.0, 0.0, 0.0, 0.0, 0.0], [0.0, 0.0, 0.0, 0.0, 0.0, 0.0, 0.0, 0.0, 0.0, 1.1225632233147285, 0.17130281344537093, 0.0, 0.9421586919301567, 0.0, 0.0, 0.0, 0.0, 0.0, 0.0, 0.0, 0.0, 0.0, 0.0, 0.0, 0.0, 0.0, 0.0, 0.0, 0.0, 0.0, 0.0, 0.0, 0.0, 0.0, 0.0, 0.0, 0.0, 0.0], [0.0, 0.0, 0.0, 0.0, 0.0, 0.0, 0.0, 0.0, 0.0, 0.0, 0.0, 0.9421586919301567, 0.0, 1.019856690503902, 0.0, 0.0, 0.0, 0.0, 0.0, 0.0, 0.0, 0.0, 0.0, 0.0, 0.0, 0.0, 0.0, 0.0, 0.0, 0.0, 0.0, 0.0, 0.0, 0.9696724887794973, 0.969824753297297, 0.0, 0.0, 0.0], [0.0, 0.0, 0.0, 0.0, 0.0, 0.0, 0.0, 0.0, 0.0, 0.0, 0.0, 0.0, 1.019856690503902, 0.0, 0.0, 0.0, 0.0, 0.0, 0.0, 0.0, 0.0, 0.0, 0.0, 0.0, 0.0, 0.0, 0.0, 0.0, 0.0, 0.0, 0.0, 0.0, 0.0, 0.0, 0.0, 0.9855424462287544, 0.9855583977112696, 0.9839517970300966], [0.9874384513034615, 0.0, 0.0, 0.0, 0.0, 0.0, 0.0, 0.0, 0.0, 0.0, 0.0, 0.0, 0.0, 0.0, 0.0, 0.0, 0.0, 0.0, 0.0, 0.0, 0.0, 0.0, 0.0, 0.0, 0.0, 0.0, 0.0, 0.0, 0.0, 0.0, 0.0, 0.0, 0.0, 0.0, 0.0, 0.0, 0.0, 0.0], [0.9877497837445108, 0.0, 0.0, 0.0, 0.0, 0.0, 0.0, 0.0, 0.0, 0.0, 0.0, 0.0, 0.0, 0.0, 0.0, 0.0, 0.0, 0.0, 0.0, 0.0, 0.0, 0.0, 0.0, 0.0, 0.0, 0.0, 0.0, 0.0, 0.0, 0.0, 0.0, 0.0, 0.0, 0.0, 0.0, 0.0, 0.0, 0.0], [0.9877147053301842, 0.0, 0.0, 0.0, 0.0, 0.0, 0.0, 0.0, 0.0, 0.0, 0.0, 0.0, 0.0, 0.0, 0.0, 0.0, 0.0, 0.0, 0.0, 0.0, 0.0, 0.0, 0.0, 0.0, 0.0, 0.0, 0.0, 0.0, 0.0, 0.0, 0.0, 0.0, 0.0, 0.0, 0.0, 0.0, 0.0, 0.0], [0.0, 0.9781164891498196, 0.0, 0.0, 0.0, 0.0, 0.0, 0.0, 0.0, 0.0, 0.0, 0.0, 0.0, 0.0, 0.0, 0.0, 0.0, 0.0, 0.0, 0.0, 0.0, 0.0, 0.0, 0.0, 0.0, 0.0, 0.0, 0.0, 0.0, 0.0, 0.0, 0.0, 0.0, 0.0, 0.0, 0.0, 0.0, 0.0], [0.0, 0.9780548363468075, 0.0, 0.0, 0.0, 0.0, 0.0, 0.0, 0.0, 0.0, 0.0, 0.0, 0.0, 0.0, 0.0, 0.0, 0.0, 0.0, 0.0, 0.0, 0.0, 0.0, 0.0, 0.0, 0.0, 0.0, 0.0, 0.0, 0.0, 0.0, 0.0, 0.0, 0.0, 0.0, 0.0, 0.0, 0.0, 0.0], [0.0, 0.0, 0.9771933501307193, 0.0, 0.0, 0.0, 0.0, 0.0, 0.0, 0.0, 0.0, 0.0, 0.0, 0.0, 0.0, 0.0, 0.0, 0.0, 0.0, 0.0, 0.0, 0.0, 0.0, 0.0, 0.0, 0.0, 0.0, 0.0, 0.0, 0.0, 0.0, 0.0, 0.0, 0.0, 0.0, 0.0, 0.0, 0.0], [0.0, 0.0, 0.9772522004651593, 0.0, 0.0, 0.0, 0.0, 0.0, 0.0, 0.0, 0.0, 0.0, 0.0, 0.0, 0.0, 0.0, 0.0, 0.0, 0.0, 0.0, 0.0, 0.0, 0.0, 0.0, 0.0, 0.0, 0.0, 0.0, 0.0, 0.0, 0.0, 0.0, 0.0, 0.0, 0.0, 0.0, 0.0, 0.0], [0.0, 0.0, 0.0, 0.9771816396936024, 0.0, 0.0, 0.0, 0.0, 0.0, 0.0, 0.0, 0.0, 0.0, 0.0, 0.0, 0.0, 0.0, 0.0, 0.0, 0.0, 0.0, 0.0, 0.0, 0.0, 0.0, 0.0, 0.0, 0.0, 0.0, 0.0, 0.0, 0.0, 0.0, 0.0, 0.0, 0.0, 0.0, 0.0], [0.0, 0.0, 0.0, 0.9773793642185165, 0.0, 0.0, 0.0, 0.0, 0.0, 0.0, 0.0, 0.0, 0.0, 0.0, 0.0, 0.0, 0.0, 0.0, 0.0, 0.0, 0.0, 0.0, 0.0, 0.0, 0.0, 0.0, 0.0, 0.0, 0.0, 0.0, 0.0, 0.0, 0.0, 0.0, 0.0, 0.0, 0.0, 0.0], [0.0, 0.0, 0.0, 0.0, 0.9772531699181162, 0.0, 0.0, 0.0, 0.0, 0.0, 0.0, 0.0, 0.0, 0.0, 0.0, 0.0, 0.0, 0.0, 0.0, 0.0, 0.0, 0.0, 0.0, 0.0, 0.0, 0.0, 0.0, 0.0, 0.0, 0.0, 0.0, 0.0, 0.0, 0.0, 0.0, 0.0, 0.0, 0.0], [0.0, 0.0, 0.0, 0.0, 0.977311307433266, 0.0, 0.0, 0.0, 0.0, 0.0, 0.0, 0.0, 0.0, 0.0, 0.0, 0.0, 0.0, 0.0, 0.0, 0.0, 0.0, 0.0, 0.0, 0.0, 0.0, 0.0, 0.0, 0.0, 0.0, 0.0, 0.0, 0.0, 0.0, 0.0, 0.0, 0.0, 0.0, 0.0], [0.0, 0.0, 0.0, 0.0, 0.0, 0.9771183569452553, 0.0, 0.0, 0.0, 0.0, 0.0, 0.0, 0.0, 0.0, 0.0, 0.0, 0.0, 0.0, 0.0, 0.0, 0.0, 0.0, 0.0, 0.0, 0.0, 0.0, 0.0, 0.0, 0.0, 0.0, 0.0, 0.0, 0.0, 0.0, 0.0, 0.0, 0.0, 0.0], [0.0, 0.0, 0.0, 0.0, 0.0, 0.9748957145643599, 0.0, 0.0, 0.0, 0.0, 0.0, 0.0, 0.0, 0.0, 0.0, 0.0, 0.0, 0.0, 0.0, 0.0, 0.0, 0.0, 0.0, 0.0, 0.0, 0.0, 0.0, 0.0, 0.0, 0.0, 0.0, 0.0, 0.0, 0.0, 0.0, 0.0, 0.0, 0.0], [0.0, 0.0, 0.0, 0.0, 0.0, 0.0, 0.976047364640053, 0.0, 0.0, 0.0, 0.0, 0.0, 0.0, 0.0, 0.0, 0.0, 0.0, 0.0, 0.0, 0.0, 0.0, 0.0, 0.0, 0.0, 0.0, 0.0, 0.0, 0.0, 0.0, 0.0, 0.0, 0.0, 0.0, 0.0, 0.0, 0.0, 0.0, 0.0], [0.0, 0.0, 0.0, 0.0, 0.0, 0.0, 0.9768988709843747, 0.0, 0.0, 0.0, 0.0, 0.0, 0.0, 0.0, 0.0, 0.0, 0.0, 0.0, 0.0, 0.0, 0.0, 0.0, 0.0, 0.0, 0.0, 0.0, 0.0, 0.0, 0.0, 0.0, 0.0, 0.0, 0.0, 0.0, 0.0, 0.0, 0.0, 0.0], [0.0, 0.0, 0.0, 0.0, 0.0, 0.0, 0.0, 0.9761445709744572, 0.0, 0.0, 0.0, 0.0, 0.0, 0.0, 0.0, 0.0, 0.0, 0.0, 0.0, 0.0, 0.0, 0.0, 0.0, 0.0, 0.0, 0.0, 0.0, 0.0, 0.0, 0.0, 0.0, 0.0, 0.0, 0.0, 0.0, 0.0, 0.0, 0.0], [0.0, 0.0, 0.0, 0.0, 0.0, 0.0, 0.0, 0.9750120102672843, 0.0, 0.0, 0.0, 0.0, 0.0, 0.0, 0.0, 0.0, 0.0, 0.0, 0.0, 0.0, 0.0, 0.0, 0.0, 0.0, 0.0, 0.0, 0.0, 0.0, 0.0, 0.0, 0.0, 0.0, 0.0, 0.0, 0.0, 0.0, 0.0, 0.0], [0.0, 0.0, 0.0, 0.0, 0.0, 0.0, 0.0, 0.0, 0.958142428270611, 0.0, 0.0, 0.0, 0.0, 0.0, 0.0, 0.0, 0.0, 0.0, 0.0, 0.0, 0.0, 0.0, 0.0, 0.0, 0.0, 0.0, 0.0, 0.0, 0.0, 0.0, 0.0, 0.0, 0.0, 0.0, 0.0, 0.0, 0.0, 0.0], [0.0, 0.0, 0.0, 0.0, 0.0, 0.0, 0.0, 0.0, 0.9703555814923169, 0.0, 0.0, 0.0, 0.0, 0.0, 0.0, 0.0, 0.0, 0.0, 0.0, 0.0, 0.0, 0.0, 0.0, 0.0, 0.0, 0.0, 0.0, 0.0, 0.0, 0.0, 0.0, 0.0, 0.0, 0.0, 0.0, 0.0, 0.0, 0.0], [0.0, 0.0, 0.0, 0.0, 0.0, 0.0, 0.0, 0.0, 0.0, 0.0, 0.0, 0.0, 0.9696724887794973, 0.0, 0.0, 0.0, 0.0, 0.0, 0.0, 0.0, 0.0, 0.0, 0.0, 0.0, 0.0, 0.0, 0.0, 0.0, 0.0, 0.0, 0.0, 0.0, 0.0, 0.0, 0.0, 0.0, 0.0, 0.0], [0.0, 0.0, 0.0, 0.0, 0.0, 0.0, 0.0, 0.0, 0.0, 0.0, 0.0, 0.0, 0.969824753297297, 0.0, 0.0, 0.0, 0.0, 0.0, 0.0, 0.0, 0.0, 0.0, 0.0, 0.0, 0.0, 0.0, 0.0, 0.0, 0.0, 0.0, 0.0, 0.0, 0.0, 0.0, 0.0, 0.0, 0.0, 0.0], [0.0, 0.0, 0.0, 0.0, 0.0, 0.0, 0.0, 0.0, 0.0, 0.0, 0.0, 0.0, 0.0, 0.9855424462287544, 0.0, 0.0, 0.0, 0.0, 0.0, 0.0, 0.0, 0.0, 0.0, 0.0, 0.0, 0.0, 0.0, 0.0, 0.0, 0.0, 0.0, 0.0, 0.0, 0.0, 0.0, 0.0, 0.0, 0.0], [0.0, 0.0, 0.0, 0.0, 0.0, 0.0, 0.0, 0.0, 0.0, 0.0, 0.0, 0.0, 0.0, 0.9855583977112696, 0.0, 0.0, 0.0, 0.0, 0.0, 0.0, 0.0, 0.0, 0.0, 0.0, 0.0, 0.0, 0.0, 0.0, 0.0, 0.0, 0.0, 0.0, 0.0, 0.0, 0.0, 0.0, 0.0, 0.0], [0.0, 0.0, 0.0, 0.0, 0.0, 0.0, 0.0, 0.0, 0.0, 0.0, 0.0, 0.0, 0.0, 0.9839517970300966, 0.0, 0.0, 0.0, 0.0, 0.0, 0.0, 0.0, 0.0, 0.0, 0.0, 0.0, 0.0, 0.0, 0.0, 0.0, 0.0, 0.0, 0.0, 0.0, 0.0, 0.0, 0.0, 0.0, 0.0]], "Born radii": [], "Atomic SASAs": [], "Solvent H bonds": [], "Total SASA": NaN, "Total FOD": 0.0, "FOD": [0.0, 0.0, 0.0, 0.0, 0.0, 0.0, 0.0, 0.0, 0.0, 0.0, 0.0, 0.0, 0.0, 0.0, 0.0, 0.0, 0.0, 0.0, 0.0, 0.0, 0.0, 0.0, 0.0, 0.0, 0.0, 0.0, 0.0, 0.0, 0.0, 0.0, 0.0, 0.0, 0.0, 0.0, 0.0, 0.0, 0.0, 0.0], "FOD s proportion": [0.0, 0.0, 0.0, 0.0, 0.0, 0.0, 0.0, 0.0, 0.0, 0.0, 0.0, 0.0, 0.0, 0.0, 0.0, 0.0, 0.0, 0.0, 0.0, 0.0, 0.0, 0.0, 0.0, 0.0, 0.0, 0.0, 0.0, 0.0, 0.0, 0.0, 0.0, 0.0, 0.0, 0.0, 0.0, 0.0, 0.0, 0.0], "FOD p proportion": [0.0, 0.0, 0.0, 0.0, 0.0, 0.0, 0.0, 0.0, 0.0, 0.0, 0.0, 0.0, 0.0, 0.0, 0.0, 0.0, 0.0, 0.0, 0.0, 0.0, 0.0, 0.0, 0.0, 0.0, 0.0, 0.0, 0.0, 0.0, 0.0, 0.0, 0.0, 0.0, 0.0, 0.0, 0.0, 0.0, 0.0, 0.0], "FOD d proportion": [0.0, 0.0, 0.0, 0.0, 0.0, 0.0, 0.0, 0.0, 0.0, 0.0, 0.0, 0.0, 0.0, 0.0, 0.0, 0.0, 0.0, 0.0, 0.0, 0.0, 0.0, 0.0, 0.0, 0.0, 0.0, 0.0, 0.0, 0.0, 0.0, 0.0, 0.0, 0.0, 0.0, 0.0, 0.0, 0.0, 0.0, 0.0], "coordinates": [["-6.29700", "0.37720", "1.08790"], ["-5.09620", "-0.50450", "0.78410"], ["-3.91470", "0.31650", "0.26840"], ["-2.70900", "-0.57420", "-0.03600"], ["-1.52640", "0.24740", "-0.55190"], ["-0.32010", "-0.64380", "-0.85650"], ["0.86280", "0.18160", "-1.36690"], ["2.06130", "-0.67040", "-1.80020"], ["2.68960", "-1.51030", "-0.69130"], ["3.21700", "-0.67160", "0.44490"], ["2.73210", "-0.65530", "1.56790"], ["4.29770", "0.05170", "0.04280"], ["4.85680", "0.88680", "1.06350"], ["6.03280", "1.63690", "0.46930"], ["-7.13000", "-0.23020", "1.45520"], ["-6.63230", "0.90640", "0.19020"], ["-6.05430", "1.12010", "1.85450"], ["-5.38140", "-1.25590", "0.03860"], ["-4.80660", "-1.04340", "1.69380"], ["-3.63610", "1.06920", "1.01590"], ["-4.21090", "0.85670", "-0.63910"], ["-2.41300", "-1.11420", "0.87160"], ["-2.98750", "-1.32670", "-0.78370"], ["-1.82300", "0.78760", "-1.45920"], ["-1.24730", "0.99960", "0.19600"], ["-0.59750", "-1.39310", "-1.60760"], ["-0.03690", "-1.18370", "0.05390"], ["0.53880", "0.77400", "-2.23190"], ["1.17230", "0.89970", "-0.59840"], ["2.82080", "-0.00100", "-2.22300"], ["1.75030", "-1.33850", "-2.61270"], ["3.52220", "-2.10210", "-1.09010"], ["1.97270", "-2.23280", "-0.28720"], ["5.19720", "0.26840", "1.90150"], ["4.10180", "1.60010", "1.41290"], ["6.78770", "0.93700", "0.09610"], ["5.71160", "2.24360", "-0.38390"], ["6.49490", "2.29100", "1.21400"]], "bond_dist": [[0.0, 1.5203979643501238, 2.5200432595493276, 3.8784091029699272, 5.046227941740246, 6.367610695543501, 7.57146210714945, 8.905041620340693, 9.353458635713315, 9.593207307256526, 9.10061003779417, 10.651096298034302, 11.16546201283225, 12.409410867966294, 1.0944099094946098, 1.094689006065193, 1.0947507752908878, 2.146245433309061, 2.146278483794682, 2.750352124728759, 2.7503204286046383, 4.166115174836144, 4.166407567677459, 5.164573803325886, 5.165494890133955, 6.548586304692028, 6.534096480769166, 7.609644138854327, 7.675093252202217, 9.707696477022754, 9.02203436814558, 10.358923743806594, 8.780144537534676, 11.523472395072588, 10.475502415158903, 13.134169839392209, 12.241573353127448, 12.934884508954843], [1.5203979643501238, 0.0, 1.5283748689375913, 2.525103154328551, 3.8850639183931066, 5.051940623166507, 6.372379085553526, 7.611565906566138, 7.987935931140159, 8.321795076183985, 7.868885815031248, 9.43950429524771, 10.053655506829344, 11.337518864372399, 2.159156812276496, 2.1686307269795844, 2.168648641435491, 1.0962259119360391, 1.0962825639405196, 2.159202385141328, 2.1591942409148834, 2.75298975297766, 2.7532935495511555, 4.173218846406212, 4.173992049585145, 5.171860452487093, 5.156648249590037, 6.517978463450151, 6.570934190813357, 8.483811151835004, 7.688196699486817, 8.963357069759075, 7.355545648692556, 10.38267984337377, 9.456634422457073, 11.990760837411445, 11.212707899967787, 11.931187429170661], [2.5200432595493276, 1.5283748689375913, 0.0, 1.5296137878562677, 2.526191558453159, 3.8869943735487964, 5.051426565832665, 6.400441669916225, 6.919176310804632, 7.201988527483226, 6.842005972666203, 8.219764483244028, 8.825907225322505, 10.03676109210536, 3.4706669704827626, 2.781986162798083, 2.7819731001575123, 2.1625121248215007, 2.1625398909615523, 1.0967823393910023, 1.0968622201534703, 2.160059170485846, 2.1602593571143256, 2.7534970237862977, 2.7544309993172815, 4.17683181370761, 4.163405232498993, 5.127813236653613, 5.193171813063765, 7.188521437681048, 6.567494743812134, 7.937419594553384, 6.439650659003172, 9.257216149037461, 8.198889038156329, 10.721757006200058, 9.838946152408804, 10.637320234438748], [3.8784091029699272, 2.525103154328551, 1.5296137878562677, 0.0, 1.5296150267305824, 2.5268374739978827, 3.885908348121453, 5.086985174934168, 5.518204713491517, 5.94627846387974, 5.67315094369963, 7.03504123228855, 7.7836206799920555, 9.031243465879989, 4.678381604785996, 4.199479216521972, 4.199485067243364, 2.758985648748467, 2.759036505738915, 2.160271182050994, 2.1603027635033007, 1.0967924872098642, 1.0967560303002666, 2.159859597288676, 2.1603789783276452, 2.756620398241296, 2.7422054390581314, 4.14582017096738, 4.189649706121026, 5.974128830214494, 5.206620196442217, 6.50180426189531, 4.973165017370729, 8.183634855612755, 7.294785009854643, 9.617093466323388, 8.886367965034983, 9.720269865080908], [5.046227941740246, 3.8850639183931066, 2.526191558453159, 1.5296150267305824, 0.0, 1.5304176848167952, 2.5252388560292665, 3.90796635348873, 4.5698575087195, 4.9333573557973684, 4.841822134279615, 5.857653744461173, 6.615405638356577, 7.753390505449857, 5.97133863802749, 5.201462123288028, 5.2013694985071, 4.179668185394626, 4.1795986852806815, 2.753940117359127, 2.7541587790103894, 2.1601773931786252, 2.1601701923691103, 1.0968048550220773, 1.0968391222052576, 2.160693858463063, 2.152591716977467, 2.713808873152271, 2.776803779527822, 4.663949571982956, 4.183149332739628, 5.594476870092502, 4.2971105338354985, 7.157262711400217, 6.112844801726935, 8.367778138191763, 7.510105354786975, 8.463802777711685], [6.367610695543501, 5.051940623166507, 3.8869943735487964, 2.5268374739978827, 1.5304176848167952, 0.0, 1.5300476234418328, 2.561707089032624, 3.136304733280872, 3.7690172737730987, 3.897918989666153, 4.755684764573868, 5.729697197060243, 6.878857211775805, 7.203454717009055, 6.583507406390608, 6.58345759081047, 5.17615959085498, 5.176136831653507, 4.175656446596151, 4.175773898333097, 2.754602726347304, 2.754391949233079, 2.161217633650068, 2.1606063153661292, 1.096609529413273, 1.095683535515616, 2.153971032767154, 2.1624674841486056, 3.4850777466220175, 2.8023923155047363, 4.116366983153957, 2.847095946749951, 6.23532454087195, 5.453298376212326, 7.343513889140539, 6.703867123533998, 7.703521681023557], [7.57146210714945, 6.372379085553526, 5.051426565832665, 3.885908348121453, 2.5252388560292665, 1.5300476234418328, 0.0, 1.5329889562550671, 2.579953334849295, 3.0907648114989277, 3.578789619410451, 3.715193953214287, 4.7282329891831685, 5.67612795222236, 8.486382002361195, 7.6893705503116445, 7.68794332835512, 6.559868149589594, 6.558247162923947, 5.167752974939882, 5.1699017921039845, 4.173828641667025, 4.176110776787416, 2.7548642307743587, 2.7503276932031206, 2.161039719671992, 2.1661433055086636, 1.0973325658158515, 1.0963804586000245, 2.144764315723292, 2.1564734869689444, 3.5162924067830312, 2.8682673271506616, 5.429272157481147, 4.4978385131082685, 6.149425840678136, 5.35994351089636, 6.5445522062246555], [8.905041620340693, 7.611565906566138, 6.400441669916225, 5.086985174934168, 3.90796635348873, 2.561707089032624, 1.5329889562550671, 0.0, 1.52638530849848, 2.5250976099945124, 3.4342827868421084, 2.9865636390339985, 4.2942368099582024, 5.123190001356576, 9.760706987201285, 9.05685769789942, 9.078859273058482, 7.688808684055028, 7.714610515768117, 6.589157315620867, 6.559015205044123, 5.230184907821137, 5.191761105829119, 4.162911419907947, 4.2095781736416304, 2.7619933906510354, 2.8466834983889586, 2.1425831372434536, 2.167915646421696, 1.0971310085855746, 1.0969206261165845, 2.16523340774153, 2.176720634348836, 4.941436748558054, 4.43202234989852, 5.3402757803319485, 4.880777784329051, 6.124712283854646], [9.353458635713315, 7.987935931140159, 6.919176310804632, 5.518204713491517, 4.5698575087195, 3.136304733280872, 2.579953334849295, 1.52638530849848, 0.0, 1.5074876085726212, 2.4159503078498945, 2.3589685076320963, 3.677249962947855, 4.735910307427707, 10.132653276412846, 9.670330953488612, 9.479234621529313, 8.107929104894788, 7.880337052436273, 7.041507834263908, 7.295362505729238, 5.351268857009522, 5.680819582595454, 5.121872077668477, 4.75248155283111, 3.414435230019747, 2.845310677237198, 3.495341970394313, 2.8493735627326933, 2.154368775302873, 2.145594950124557, 1.0965817069420776, 1.0951021276575077, 4.021746298562355, 4.012051176144193, 4.837737039153741, 4.828948536689949, 5.7061684053312], [9.593207307256526, 8.321795076183985, 7.201988527483226, 5.94627846387974, 4.9333573557973684, 3.7690172737730987, 3.0907648114989277, 2.5250976099945124, 1.5074876085726212, 0.0, 1.2233244459259367, 1.3611611917770796, 2.3452549029902907, 3.6412219446224365, 10.405572980379311, 9.978159478581206, 9.54746902273058, 8.627802080483766, 8.128723356714755, 7.093758189422585, 7.660578000386131, 5.663467811332558, 6.358807609921847, 5.581797331505328, 4.773346325168539, 4.391324259263941, 3.3170759141147195, 4.05311890277105, 2.7817722174901385, 2.779274943218105, 3.456136898330273, 2.1203071216217713, 2.126405027270205, 2.631819826659872, 2.6230737561113298, 3.93181305379592, 3.92534452500669, 4.484767773252034], [9.10061003779417, 7.868885815031248, 6.842005972666203, 5.67315094369963, 4.841822134279615, 3.897918989666153, 3.578789619410451, 3.4342827868421084, 2.4159503078498945, 1.2233244459259367, 0.0, 2.2971465712923065, 2.6733577875024506, 4.1660200779641, 9.87190091674344, 9.593172131260857, 8.968556722237977, 8.278185858024692, 7.549733115150496, 6.620617455343572, 7.440580756903321, 5.212242982632333, 6.220500356080691, 5.6563442991034405, 4.522878284897793, 4.659869660194371, 3.1998068004178, 4.61431938859893, 3.089313310430006, 3.847973361394281, 4.348345644035211, 3.1276912011897853, 2.5508019562482698, 2.6535313565134286, 2.643280584803664, 4.598859194408979, 4.592446483085023, 4.79213863948029], [10.651096298034302, 9.43950429524771, 8.219764483244028, 7.03504123228855, 5.857653744461173, 4.755684764573868, 3.715193953214287, 2.9865636390339985, 2.3589685076320963, 1.3611611917770796, 2.2971465712923065, 0.0, 1.4324152016786194, 2.3885839528892427, 11.51810178197779, 10.964357657884023, 10.563505074074609, 9.767026784544004, 9.31736676856718, 8.057754792744689, 8.573755686395547, 6.861466806740378, 7.460377192206839, 6.345117910645947, 5.62752251439299, 5.364163517269025, 4.507226811466226, 4.452561800806363, 3.30126742327852, 2.705154439214146, 3.9336475503023904, 2.5541568276047575, 3.2761967660688516, 2.076252593014636, 2.076798829930333, 2.643236081018871, 2.6430307811298754, 3.348710463745709], [11.16546201283225, 10.053655506829344, 8.825907225322505, 7.7836206799920555, 6.615405638356577, 5.729697197060243, 4.7282329891831685, 4.2942368099582024, 3.677249962947855, 2.3452549029902907, 2.6733577875024506, 1.4324152016786194, 0.0, 1.5161463154986066, 12.045102412599071, 11.522259147406814, 10.942221579734163, 10.510105734006673, 9.874424018138981, 8.494991814592876, 9.226209192295608, 7.542600257868635, 8.357318504161487, 7.140979202462363, 6.166467132807893, 6.487072352764381, 5.408748663045825, 5.4330018406034055, 4.041981972992953, 3.96668212616035, 5.302522869351908, 3.9182487580550576, 4.458063196052743, 1.0956891529991524, 1.0958568565282603, 2.1602679486582215, 2.1602212942196455, 2.162822114738057], [12.409410867966294, 11.337518864372399, 10.03676109210536, 9.031243465879989, 7.753390505449857, 6.878857211775805, 5.67612795222236, 5.123190001356576, 4.735910307427707, 3.6412219446224365, 4.1660200779641, 2.3885839528892427, 1.5161463154986066, 0.0, 13.331067663919496, 12.68921924587955, 12.177185540591882, 11.782943434049068, 11.232809118826868, 9.700962944986442, 10.332988545914489, 8.891677802304805, 9.57699044846553, 8.133511933968007, 7.313049992308271, 7.579926892787292, 6.7059376383918154, 6.182646185089359, 5.030696510424774, 4.499793295252571, 6.0573538290246836, 4.7660215819905805, 5.659618569303058, 2.1499340571282644, 2.149533949487656, 1.094994182632949, 1.095081992364042, 1.0936001600219343], [1.0944099094946098, 2.159156812276496, 3.4706669704827626, 4.678381604785996, 5.97133863802749, 7.203454717009055, 8.486382002361195, 9.760706987201285, 10.132653276412846, 10.405572980379311, 9.87190091674344, 11.51810178197779, 12.045102412599071, 13.331067663919496, 0.0, 1.771945216421772, 1.7719709563082575, 2.473139302586896, 2.4731380390103577, 3.753499974690289, 3.7534769094800624, 4.834473493566803, 4.834800069289319, 6.139535259284696, 6.140370670407447, 7.307984434849324, 7.292795866469869, 8.568174688345238, 8.626826314468142, 10.611319829314354, 9.83035438781329, 11.110892247700002, 9.481851707868037, 12.34534914411091, 11.380031573769909, 14.032529420599838, 13.206387311070351, 13.85830173181404], [1.094689006065193, 2.1686307269795844, 2.781986162798083, 4.199479216521972, 5.201462123288028, 6.583507406390608, 7.6893705503116445, 9.05685769789942, 9.670330953488612, 9.978159478581206, 9.593172131260857, 10.964357657884023, 11.522259147406814, 12.68921924587955, 1.771945216421772, 0.0, 1.7747242546378863, 2.5026535237623286, 3.065242810936843, 3.1121533975689566, 2.5599583082542576, 4.727538768746377, 4.384037392632504, 5.085666159904718, 5.385809584454319, 6.703625595899579, 6.919999773121384, 7.570255833193486, 7.8443429304180725, 9.798367650277264, 9.119419234797794, 10.667900945828096, 9.172159636639565, 11.969655882271637, 10.825761764882877, 13.420364792731977, 12.42938300399501, 13.239662512315032], [1.0947507752908878, 2.168648641435491, 2.7819731001575123, 4.199485067243364, 5.2013694985071, 6.58345759081047, 7.68794332835512, 9.078859273058482, 9.479234621529313, 9.54746902273058, 8.968556722237977, 10.563505074074609, 10.942221579734163, 12.177185540591882, 1.7719709563082575, 1.7747242546378863, 0.0, 3.065234610922955, 2.5026609898266283, 2.5599867206686833, 3.1121606770859374, 4.38374891958926, 4.727810457283582, 5.384706457180371, 5.086491079319809, 6.933900553800869, 6.690198618875227, 7.764497265116397, 7.634726067777415, 9.831086993308523, 9.322680460039377, 10.52438094378952, 8.958880862027355, 11.283787225041067, 10.17702204822216, 12.963119229953875, 12.029509117998122, 12.619970986495966], [2.146245433309061, 1.0962259119360391, 2.1625121248215007, 2.758985648748467, 4.179668185394626, 5.17615959085498, 6.559868149589594, 7.688808684055028, 8.107929104894788, 8.627802080483766, 8.278185858024692, 9.767026784544004, 10.510105734006673, 11.782943434049068, 2.473139302586896, 2.5026535237623286, 3.065234610922955, 0.0, 1.7650037761999264, 3.0671285251844274, 2.5084709087410206, 3.0863192398065373, 2.5321822880669558, 4.368238506537847, 4.711988733008601, 5.06107671251879, 5.345009558457309, 6.657659671386035, 6.9284460054185315, 8.600331005839253, 7.609031432449205, 9.01466089711643, 7.425851201040861, 10.848993725687189, 9.998825867570652, 12.365238027227782, 11.639572822917515, 12.45024363054796], [2.146278483794682, 1.0962825639405196, 2.1625398909615523, 2.759036505738915, 4.1795986852806815, 5.176136831653507, 6.558247162923947, 7.714610515768117, 7.880337052436273, 8.128723356714755, 7.549733115150496, 9.31736676856718, 9.874424018138981, 11.232809118826868, 2.4731380390103577, 3.065242810936843, 2.5026609898266283, 1.7650037761999264, 0.0, 2.5085249490487436, 3.067191045565959, 2.5318661970965217, 3.0866470400743915, 4.711246009284593, 4.368737841757045, 5.360788641608621, 5.045690655400904, 6.876580866244503, 6.69156660730505, 8.63742732299381, 7.850220625562062, 8.845329521278448, 7.162258152984992, 10.091579309999005, 9.29659010713068, 11.870232598395027, 11.213997392990601, 11.792893353626159], [2.750352124728759, 2.159202385141328, 1.0967823393910023, 2.160271182050994, 2.753940117359127, 4.175656446596151, 5.167752974939882, 6.589157315620867, 7.041507834263908, 7.093758189422585, 6.620617455343572, 8.057754792744689, 8.494991814592876, 9.700962944986442, 3.753499974690289, 3.1121533975689566, 2.5599867206686833, 3.0671285251844274, 2.5085249490487436, 0.0, 1.7648162198937316, 2.5067970919083176, 3.06587327363673, 3.08103070091812, 2.5265481610291936, 4.70943345849583, 4.353761942274749, 5.297653998705465, 5.074978354633643, 7.302558377719414, 6.9265476400585015, 8.10762841896445, 6.637764009815354, 8.913627594307494, 7.7662449240286, 10.465138093689925, 9.524607639687842, 10.206331360973932], [2.7503204286046383, 2.1591942409148834, 1.0968622201534703, 2.1603027635033007, 2.7541587790103894, 4.175773898333097, 5.1699017921039845, 6.559015205044123, 7.295362505729238, 7.660578000386131, 7.440580756903321, 8.573755686395547, 9.226209192295608, 10.332988545914489, 3.7534769094800624, 2.5599583082542576, 3.1121606770859374, 2.5084709087410206, 3.067191045565959, 1.7648162198937316, 0.0, 3.0657960972641347, 2.5069607655485955, 2.5257484494699782, 3.0823266179949194, 4.365346704443989, 4.697420266486702, 5.010339431615387, 5.3835255855247865, 7.258732216441105, 6.6520602402563975, 8.292088642193836, 6.921398183893193, 9.76284235558477, 8.59443592389867, 11.023437262941174, 10.022206588371644, 10.959258630947625], [4.166115174836144, 2.75298975297766, 2.160059170485846, 1.0967924872098642, 2.1601773931786252, 2.754602726347304, 4.173828641667025, 5.230184907821137, 5.351268857009522, 5.663467811332558, 5.212242982632333, 6.861466806740378, 7.542600257868635, 8.891677802304805, 4.834473493566803, 4.727538768746377, 4.38374891958926, 3.0863192398065373, 2.5318661970965217, 2.5067970919083176, 3.0657960972641347, 0.0, 1.7649998838526875, 3.0655459350660528, 2.50667953476307, 3.085491549170083, 2.513824725393558, 4.680826287099319, 4.367043542260599, 6.181296453010485, 5.433573765948154, 6.328571113608506, 4.672092453066399, 7.803039203412987, 7.078350741521643, 9.458419644951263, 8.880328048557665, 9.542709636680767], [4.166407567677459, 2.7532935495511555, 2.1602593571143256, 1.0967560303002666, 2.1601701923691103, 2.754391949233079, 4.176110776787416, 5.191761105829119, 5.680819582595454, 6.358807609921847, 6.220500356080691, 7.460377192206839, 8.357318504161487, 9.57699044846553, 4.834800069289319, 4.384037392632504, 4.727810457283582, 2.5321822880669558, 3.0866470400743915, 3.06587327363673, 2.5069607655485955, 1.7649998838526875, 0.0, 2.5065165050324323, 3.065906035742126, 2.5288970263733552, 3.0705151229069036, 4.35258720992469, 4.721771816807753, 6.129063049928594, 5.07859518764786, 6.562874386273137, 5.066666902412274, 8.760362842942065, 7.978056423089523, 10.072384065850548, 9.411759821627408, 10.343813046454388], [5.164573803325886, 4.173218846406212, 2.7534970237862977, 2.159859597288676, 1.0968048550220773, 2.161217633650068, 2.7548642307743587, 4.162911419907947, 5.121872077668477, 5.581797331505328, 5.6563442991034405, 6.345117910645947, 7.140979202462363, 8.133511933968007, 6.139535259284696, 5.085666159904718, 5.384706457180371, 4.368238506537847, 4.711246009284593, 3.08103070091812, 2.5257484494699782, 3.0655459350660528, 2.5065165050324323, 0.0, 1.765236961430391, 2.505858196307205, 3.060334705551012, 2.485025048163499, 3.118551769652061, 4.771808759789102, 4.31501290264583, 6.087508845168112, 4.9903645808698185, 7.800453907946639, 6.634181916408382, 8.751310355598182, 7.748961430411174, 8.865307113123606], [5.165494890133955, 4.173992049585145, 2.7544309993172815, 2.1603789783276452, 1.0968391222052576, 2.1606063153661292, 2.7503276932031206, 4.2095781736416304, 4.75248155283111, 4.773346325168539, 4.522878284897793, 5.62752251439299, 6.166467132807893, 7.313049992308271, 6.140370670407447, 5.385809584454319, 5.086491079319809, 4.711988733008601, 4.368737841757045, 2.5265481610291936, 3.0823266179949194, 2.50667953476307, 3.065906035742126, 1.765236961430391, 0.0, 3.065978846958994, 2.5004118580745853, 3.0225398227318694, 2.5486301281276575, 4.837581934189849, 4.726638663997916, 5.832900337739366, 4.588059720622651, 6.706337595140883, 5.518542984339254, 8.035864842691172, 7.092961949707611, 7.9149035875366165], [6.548586304692028, 5.171860452487093, 4.17683181370761, 2.756620398241296, 2.160693858463063, 1.096609529413273, 2.161039719671992, 2.7619933906510354, 3.414435230019747, 4.391324259263941, 4.659869660194371, 5.364163517269025, 6.487072352764381, 7.579926892787292, 7.307984434849324, 6.703625595899579, 6.933900553800869, 5.06107671251879, 5.360788641608621, 4.70943345849583, 4.365346704443989, 3.085491549170083, 2.5288970263733552, 2.505858196307205, 3.065978846958994, 0.0, 1.7659849857798906, 2.5253218784939078, 3.0671825051665906, 3.741849069644579, 2.554480771115727, 4.212174656872623, 3.00