{"total energy": -56.308922, "HOMO-LUMO gap/eV": 3.03544493, "electronic energy": -56.90576981, "dipole": [-2.88322882, -0.67263379, -0.64735692], "partial charges": [-0.10829499, -0.07238757, 0.11767231, -0.19736485, 0.27535844, -0.42548429, -0.03135601, -0.02220987, -0.10501504, 0.10210672, -0.11234297, -0.06645548, 0.08013538, -0.19100724, 1.14795085, -0.45632358, -0.57776304, -0.57877355, 0.04220754, 0.0405545, 0.0527099, 0.06283441, 0.0505118, 0.01797418, 0.19161795, 0.10163253, 0.07431339, 0.17769159, 0.20498116, 0.20452584], "atomic dipole moments": [[0.07295525, -0.06582083, 0.07504365], [0.0919466, 0.05926713, -0.09596336], [0.08159995, 0.02875089, 0.11974201], [3.752e-05, 0.037006, -0.12191306], [-0.05768362, -0.00756668, 0.01107603], [-0.10762337, 0.17044351, -0.0436801], [-0.00265546, -0.01482986, 0.01036125], [0.02075746, 0.05393658, -0.01100315], [0.14693294, 0.04762821, -0.00561107], [0.14438153, 0.18049793, -0.02733145], [0.24361146, -0.06800917, 0.02943984], [0.05421647, -0.03533269, 0.01729933], [-0.11446633, -0.02368257, -0.01231614], [0.0479789, -0.09794879, -0.15118899], [-0.07091199, -0.07759803, 0.01650027], [0.09283201, 0.17033703, -0.02734214], [-0.03805164, -0.09669529, -0.15789882], [-0.04495215, -0.03626225, 0.1809675], [0.01666218, -0.03197741, -0.12217158], [0.02113777, 0.12361627, 0.01255531], [-0.12406063, -0.01716774, 0.02587026], [-0.02944369, 0.03485118, 0.12175328], [-0.0465667, -0.11617814, -0.00777539], [0.02798512, -0.02837523, -0.10866637], [-0.03886992, -0.13001592, 0.00734836], [0.08502051, -0.13244753, 0.03014379], [-0.08572987, 0.12614093, -0.01714914], [-0.04881153, 0.09182668, -0.08071322], [0.05760433, 0.02082253, 0.10225594], [0.06347238, -0.01470228, -0.09970826]], "atomic quadrupole moments": [[-0.01123109, -0.11326495, -0.00566738, 0.12700379, -0.1355944, 0.01689847], [0.2246095, -0.07881197, -0.11710778, 0.02942258, -0.13447301, -0.10750172], [0.06650738, 0.01047018, 0.18945425, 0.11039678, -0.11223092, -0.25596163], [0.03291007, -0.08896284, -0.04007951, 0.05238793, -0.05770447, 0.00716944], [-0.21119751, -0.02193992, -0.22906232, -0.00596583, 0.17403912, 0.44025983], [-0.09963541, -0.03840664, -0.07108406, -0.0088269, 0.05933722, 0.17071947], [-0.25165086, 0.04377509, -0.03085921, -0.02213693, 0.08276266, 0.28251007], [-0.26475153, 0.05663055, -0.26661438, -0.03667229, 0.16309185, 0.53136591], [0.1811677, 0.06902193, -0.42527841, -0.01248152, 0.12405322, 0.24411071], [-0.3559673, 0.19716942, 0.04472908, -0.04458001, 0.05111372, 0.31123822], [-0.15870969, 0.22177232, 0.3351445, -0.03712287, -0.08438436, -0.17643481], [-0.2017049, 0.03485678, -0.21486842, -0.01832428, 0.08639017, 0.41657332], [-0.09250153, 0.02544502, -0.28668193, -0.00704484, 0.1271448, 0.37918347], [0.02915959, 0.07924746, 0.05860258, 0.00478104, 0.06125056, -0.08776217], [0.15864248, -0.11252388, 0.24438662, 0.02908476, -0.12433889, -0.4030291], [-0.06874647, -0.13608795, 0.17948779, 0.02526253, -0.05663323, -0.11074132], [-0.0674236, 0.02484567, -0.00957422, 0.05762979, 0.11313301, 0.07699782], [-0.06231852, 0.00579138, -0.07286488, -0.07013848, -0.05810138, 0.1351834], [-0.03903318, -0.01997422, -0.02394919, -0.02272955, 0.03138144, 0.06298238], [-0.03479017, 0.0324134, 0.066627, 0.01844512, 0.01498021, -0.03183683], [0.06820332, 0.01589279, -0.03492976, -0.02721683, -0.01892188, -0.03327356], [-0.02561031, -0.01158568, -0.01833816, 0.00420997, 0.03123514, 0.04394847], [-0.01501873, 0.01349988, 0.05476647, 0.01634142, 0.01188244, -0.03974774], [-0.01157181, -0.00267092, 0.00205997, 0.00696646, -0.00765783, 0.00951184], [0.02719334, 0.02818205, 0.02237498, 0.00906356, -0.02203269, -0.04956832], [0.03881379, 0.00895866, 0.01352319, 0.0003589, -0.01195288, -0.05233698], [0.0275047, -0.00116154, 0.02921993, 0.00387494, -0.01609669, -0.05672463], [0.01700306, -0.0172324, 0.03467408, 0.02287544, -0.0227352, -0.05167714], [-0.02125875, -0.04230382, -0.03958881, 0.06864713, -0.02832028, 0.06084756], [-0.01402222, -0.0662522, -0.01154897, -0.05340478, 0.04967804, 0.02557119]], "number of molecular orbitals": 94, "number of electrons": 98, "number of unpaired electrons": 0, "orbital energies/eV": [-28.886282, -21.17667668, -19.34411176, -19.22471682, -18.87673668, -18.43868159, -18.25694998, -18.22057887, -17.97551557, -17.68308257, -17.46557909, -17.30398947, -17.14276363, -16.83581709, -16.61130358, -16.39703462, -16.06933661, -16.03714122, -15.83950777, -15.39247546, -15.04443327, -14.97857224, -14.79763579, -14.75669942, -14.68308681, -14.42123735, -14.35575073, -14.30535183, -14.20150919, -14.03539059, -13.94429571, -13.8803236, -13.57909029, -13.44436607, -13.28014904, -12.9259224, -12.80703118, -12.71394977, -12.61082457, -12.46615422, -12.32687146, -12.05062231, -11.83180437, -11.6510199, -11.54100875, -11.36554841, -11.34239173, -11.10766732, -10.87209403, -7.83664909, -7.18064769, -5.74871712, -4.3553339, -3.48072909, -3.38120857, -3.12422179, -1.62989486, -0.68762846, -0.24147757, -0.21410429, 0.15504619, 0.25666266, 0.2649139, 0.59714863, 1.03357971, 1.59114348, 1.8430951, 2.36162923, 2.61710533, 2.95237379, 3.05535538, 3.34805464, 3.62684799, 3.96699364, 4.07671676, 4.67956755, 4.69467875, 4.96560875, 5.22884548, 5.48771935, 6.37963267, 6.48608469, 6.76354895, 7.09097592, 9.03037163, 9.51928772, 10.24947566, 11.04014784, 14.30242696, 14.76482851, 15.9502897, 17.66607543, 27.27681422, 31.00190933], "fractional occupation": [2.0, 2.0, 2.0, 2.0, 2.0, 2.0, 2.0, 2.0, 2.0, 2.0, 2.0, 2.0, 2.0, 2.0, 2.0, 2.0, 2.0, 2.0, 2.0, 2.0, 2.0, 2.0, 2.0, 2.0, 2.0, 2.0, 2.0, 2.0, 2.0, 2.0, 2.0, 2.0, 2.0, 2.0, 2.0, 2.0, 2.0, 2.0, 2.0, 2.0, 2.0, 2.0, 2.0, 2.0, 2.0, 2.0, 2.0, 2.0, 2.0, 0.0, 0.0, 0.0, 0.0, 0.0, 0.0, 0.0, 0.0, 0.0, 0.0, 0.0, 0.0, 0.0, 0.0, 0.0, 0.0, 0.0, 0.0, 0.0, 0.0, 0.0, 0.0, 0.0, 0.0, 0.0, 0.0, 0.0, 0.0, 0.0, 0.0, 0.0, 0.0, 0.0, 0.0, 0.0, 0.0, 0.0, 0.0, 0.0, 0.0, 0.0, 0.0, 0.0, 0.0, 0.0], "program call": "xtb /home/svss/Project-DBcg-Debug/aqme2_20220329/End-to-End-workflows-final/example-3/QDESCP/mol_731_rdkit_conf_4/mol_731_rdkit_conf_4.xyz --pop --wbo --acc 0.2 --gfn 2 --chrg 0 --uhf 0 --etemp 300 --input /home/svss/Project-DBcg-Debug/aqme2_20220329/End-to-End-workflows-final/example-3/QDESCP/mol_731_rdkit_conf_4/mol_731_rdkit_conf_4_xtb.inp", "method": "GFN2-xTB", "xtb version": "6.3.3 (7355c4f)", "Dipole module/D": 7.703, "Total charge": 0, "Transition dipole module/D": NaN, "HOMO": -10.8721, "LUMO": -7.8366, "HOMO occupancy": 2.0, "LUMO occupancy": 0, "mulliken charges": [-0.08627, -0.05964, 0.24254, -0.36507, 0.47624, -0.55161, -0.07472, 0.00672, 0.03357, 0.12471, -0.03892, -0.09485, 0.15865, -0.36591, 0.52478, -0.3923, -0.40382, -0.40621, 0.032, 0.03103, 0.04342, 0.04492, 0.03647, 0.0251, 0.24239, 0.07429, 0.04814, 0.21829, 0.23827, 0.23777], "cm5 charges": [-0.23548, -0.15888, 0.29488, -0.71432, 0.57616, -0.59442, -0.06683, -0.03784, 0.04735, 0.12277, -0.03834, -0.13908, 0.21558, -0.70712, 0.63855, -0.82241, -0.45152, -0.45383, 0.0838, 0.08433, 0.09429, 0.10416, 0.09434, 0.1042, 0.44133, 0.1407, 0.10789, 0.4121, 0.429, 0.42863], "FUKUI+": [0.011, 0.007, 0.012, -0.045, -0.042, -0.119, -0.053, -0.031, -0.019, -0.061, -0.133, -0.024, -0.032, -0.032, -0.027, 0.002, -0.028, -0.028, -0.012, -0.006, -0.024, -0.016, -0.022, -0.031, -0.045, -0.054, -0.062, -0.038, -0.023, -0.023], "FUKUI-": [0.013, 0.004, 0.014, -0.05, -0.005, -0.089, -0.03, -0.01, -0.024, -0.009, -0.125, -0.015, -0.01, -0.07, -0.058, -0.031, -0.044, -0.051, -0.016, -0.011, -0.033, -0.025, -0.028, -0.074, -0.04, -0.031, -0.038, -0.041, -0.036, -0.035], "FUKUIrad": [0.012, 0.006, 0.013, -0.047, -0.023, -0.104, -0.042, -0.021, -0.022, -0.035, -0.129, -0.02, -0.021, -0.051, -0.043, -0.015, -0.036, -0.039, -0.014, -0.009, -0.029, -0.02, -0.025, -0.052, -0.043, -0.042, -0.05, -0.04, -0.029, -0.029], "s proportion": [1.009, 1.037, 1.01, 1.43, 0.989, 1.728, 1.079, 1.072, 1.071, 1.086, 1.944, 1.061, 1.052, 1.452, 1.705, 1.466, 1.722, 1.722, 0.968, 0.969, 0.957, 0.955, 0.964, 0.975, 0.758, 0.926, 0.952, 0.782, 0.762, 0.762], "p proportion": [3.077, 3.023, 2.747, 3.935, 2.535, 4.824, 2.996, 2.921, 2.895, 2.789, 5.107, 3.034, 2.789, 3.914, 2.808, 3.927, 4.682, 4.684, 0.0, 0.0, 0.0, 0.0, 0.0, 0.0, 0.0, 0.0, 0.0, 0.0, 0.0, 0.0], "d proportion": [0.0, 0.0, 0.0, 0.0, 0.0, 0.0, 0.0, 0.0, 0.0, 0.0, -0.013, 0.0, 0.0, 0.0, 0.962, 0.0, 0.0, 0.0, 0.0, 0.0, 0.0, 0.0, 0.0, 0.0, 0.0, 0.0, 0.0, 0.0, 0.0, 0.0], "Fermi-level/eV": -9.3544, "Coordination numbers": [3.749, 3.803, 3.739, 2.694, 2.764, 0.859, 2.978, 2.951, 2.98, 2.916, 0.973, 2.966, 2.91, 2.691, 3.708, 2.632, 0.86, 0.86, 0.924, 0.924, 0.924, 0.924, 0.924, 0.923, 0.86, 0.925, 0.925, 0.86, 0.863, 0.863], "Dispersion coefficient C6": [22.636, 21.883, 18.733, 25.285, 22.344, 22.196, 28.776, 28.559, 30.644, 25.74, 102.659, 29.651, 26.212, 25.143, 102.51, 31.991, 25.577, 25.601, 2.42, 2.442, 2.286, 2.166, 2.314, 2.764, 1.15, 1.77, 2.039, 1.227, 1.081, 1.083], "Total dispersion C6": 13724.568159, "Total dispersion C8": 363245.318952, "Polarizability alpha": [6.786, 6.66, 6.176, 7.468, 7.741, 6.317, 8.799, 8.765, 9.08, 8.32, 15.501, 8.932, 8.395, 7.447, 17.041, 8.4, 6.781, 6.784, 2.433, 2.444, 2.365, 2.302, 2.379, 2.6, 1.68, 2.081, 2.233, 1.735, 1.628, 1.63], "Total polarizability alpha": 180.900358, "Wiberg matrix": [[0.0, 1.0198160673136742, 0.0, 0.0, 0.0, 0.0, 0.0, 0.0, 0.0, 0.0, 0.0, 0.0, 0.0, 0.0, 0.0, 0.0, 0.0, 0.0, 0.9864887145314951, 0.984021095093407, 0.9849406167445041, 0.0, 0.0, 0.0, 0.0, 0.0, 0.0, 0.0, 0.0, 0.0], [1.0198160673136742, 0.0, 0.9878949305415815, 0.0, 0.0, 0.0, 0.0, 0.0, 0.0, 0.0, 0.0, 0.0, 0.0, 0.0, 0.0, 0.0, 0.0, 0.0, 0.0, 0.0, 0.0, 0.9738464802854991, 0.9728004130111738, 0.0, 0.0, 0.0, 0.0, 0.0, 0.0, 0.0], [0.0, 0.9878949305415815, 0.0, 0.9895456685931363, 0.0, 0.0, 0.0, 0.0, 0.0, 0.0, 0.0, 0.0, 0.0, 0.9852928905104552, 0.0, 0.0, 0.0, 0.0, 0.0, 0.0, 0.0, 0.0, 0.0, 0.9486811003477184, 0.0, 0.0, 0.0, 0.0, 0.0, 0.0], [0.0, 0.0, 0.9895456685931363, 0.0, 1.1964217198087634, 0.18118118946691453, 0.0, 0.0, 0.0, 0.0, 0.0, 0.0, 0.0, 0.0, 0.0, 0.0, 0.0, 0.0, 0.0, 0.0, 0.0, 0.0, 0.0, 0.0, 0.9298139133328402, 0.0, 0.0, 0.0, 0.0, 0.0], [0.0, 0.0, 0.0, 1.1964217198087634, 0.0, 1.6771034748242402, 1.0172896831017215, 0.0, 0.0, 0.0, 0.0, 0.0, 0.0, 0.0, 0.0, 0.0, 0.0, 0.0, 0.0, 0.0, 0.0, 0.0, 0.0, 0.0, 0.0, 0.0, 0.0, 0.0, 0.0, 0.0], [0.0, 0.0, 0.0, 0.18118118946691453, 1.6771034748242402, 0.0, 0.0, 0.0, 0.0, 0.0, 0.0, 0.0, 0.0, 0.0, 0.0, 0.0, 0.0, 0.0, 0.0, 0.0, 0.0, 0.0, 0.0, 0.0, 0.0, 0.0, 0.0, 0.0, 0.0, 0.0], [0.0, 0.0, 0.0, 0.0, 1.0172896831017215, 0.0, 0.0, 1.404256416159524, 0.0, 0.0, 0.0, 0.0, 1.2993683840518377, 0.0, 0.0, 0.0, 0.0, 0.0, 0.0, 0.0, 0.0, 0.0, 0.0, 0.0, 0.0, 0.0, 0.0, 0.0, 0.0, 0.0], [0.0, 0.0, 0.0, 0.0, 0.0, 0.0, 1.404256416159524, 0.0, 1.414859083595203, 0.0, 0.0, 0.0, 0.0, 0.0, 0.0, 0.0, 0.0, 0.0, 0.0, 0.0, 0.0, 0.0, 0.0, 0.0, 0.0, 0.9535416297092009, 0.0, 0.0, 0.0, 0.0], [0.0, 0.0, 0.0, 0.0, 0.0, 0.0, 0.0, 1.414859083595203, 0.0, 1.3655972249003099, 0.0, 0.0, 0.0, 0.0, 0.7634818050163454, 0.0, 0.0, 0.0, 0.0, 0.0, 0.0, 0.0, 0.0, 0.0, 0.0, 0.0, 0.0, 0.0, 0.0, 0.0], [0.0, 0.0, 0.0, 0.0, 0.0, 0.0, 0.0, 0.0, 1.3655972249003099, 0.0, 1.012993103336047, 1.4037938661215041, 0.0, 0.0, 0.0, 0.0, 0.0, 0.0, 0.0, 0.0, 0.0, 0.0, 0.0, 0.0, 0.0, 0.0, 0.0, 0.0, 0.0, 0.0], [0.0, 0.0, 0.0, 0.0, 0.0, 0.0, 0.0, 0.0, 0.0, 1.012993103336047, 0.0, 0.0, 0.0, 0.0, 0.0, 0.0, 0.0, 0.0, 0.0, 0.0, 0.0, 0.0, 0.0, 0.0, 0.0, 0.0, 0.0, 0.0, 0.0, 0.0], [0.0, 0.0, 0.0, 0.0, 0.0, 0.0, 0.0, 0.0, 0.0, 1.4037938661215041, 0.0, 0.0, 1.3620761902260337, 0.0, 0.0, 0.0, 0.0, 0.0, 0.0, 0.0, 0.0, 0.0, 0.0, 0.0, 0.0, 0.0, 0.9619742563054832, 0.0, 0.0, 0.0], [0.0, 0.0, 0.0, 0.0, 0.0, 0.0, 1.2993683840518377, 0.0, 0.0, 0.0, 0.0, 1.3620761902260337, 0.0, 1.1473853203484918, 0.0, 0.0, 0.0, 0.0, 0.0, 0.0, 0.0, 0.0, 0.0, 0.0, 0.0, 0.0, 0.0, 0.0, 0.0, 0.0], [0.0, 0.0, 0.9852928905104552, 0.0, 0.0, 0.0, 0.0, 0.0, 0.0, 0.0, 0.0, 0.0, 1.1473853203484918, 0.0, 0.0, 0.0, 0.0, 0.0, 0.0, 0.0, 0.0, 0.0, 0.0, 0.0, 0.0, 0.0, 0.0, 0.9333562444100653, 0.0, 0.0], [0.0, 0.0, 0.0, 0.0, 0.0, 0.0, 0.0, 0.0, 0.7634818050163454, 0.0, 0.0, 0.0, 0.0, 0.0, 0.0, 0.9451649442229351, 1.599723364571606, 1.5988834370270666, 0.0, 0.0, 0.0, 0.0, 0.0, 0.0, 0.0, 0.0, 0.0, 0.0, 0.0, 0.0], [0.0, 0.0, 0.0, 0.0, 0.0, 0.0, 0.0, 0.0, 0.0, 0.0, 0.0, 0.0, 0.0, 0.0, 0.9451649442229351, 0.0, 0.0, 0.0, 0.0, 0.0, 0.0, 0.0, 0.0, 0.0, 0.0, 0.0, 0.0, 0.0, 0.9407426170255404, 0.94078983144187], [0.0, 0.0, 0.0, 0.0, 0.0, 0.0, 0.0, 0.0, 0.0, 0.0, 0.0, 0.0, 0.0, 0.0, 1.599723364571606, 0.0, 0.0, 0.11688315741243102, 0.0, 0.0, 0.0, 0.0, 0.0, 0.0, 0.0, 0.0, 0.0, 0.0, 0.0, 0.0], [0.0, 0.0, 0.0, 0.0, 0.0, 0.0, 0.0, 0.0, 0.0, 0.0, 0.0, 0.0, 0.0, 0.0, 1.5988834370270666, 0.0, 0.11688315741243102, 0.0, 0.0, 0.0, 0.0, 0.0, 0.0, 0.0, 0.0, 0.0, 0.0, 0.0, 0.0, 0.0], [0.9864887145314951, 0.0, 0.0, 0.0, 0.0, 0.0, 0.0, 0.0, 0.0, 0.0, 0.0, 0.0, 0.0, 0.0, 0.0, 0.0, 0.0, 0.0, 0.0, 0.0, 0.0, 0.0, 0.0, 0.0, 0.0, 0.0, 0.0, 0.0, 0.0, 0.0], [0.984021095093407, 0.0, 0.0, 0.0, 0.0, 0.0, 0.0, 0.0, 0.0, 0.0, 0.0, 0.0, 0.0, 0.0, 0.0, 0.0, 0.0, 0.0, 0.0, 0.0, 0.0, 0.0, 0.0, 0.0, 0.0, 0.0, 0.0, 0.0, 0.0, 0.0], [0.9849406167445041, 0.0, 0.0, 0.0, 0.0, 0.0, 0.0, 0.0, 0.0, 0.0, 0.0, 0.0, 0.0, 0.0, 0.0, 0.0, 0.0, 0.0, 0.0, 0.0, 0.0, 0.0, 0.0, 0.0, 0.0, 0.0, 0.0, 0.0, 0.0, 0.0], [0.0, 0.9738464802854991, 0.0, 0.0, 0.0, 0.0, 0.0, 0.0, 0.0, 0.0, 0.0, 0.0, 0.0, 0.0, 0.0, 0.0, 0.0, 0.0, 0.0, 0.0, 0.0, 0.0, 0.0, 0.0, 0.0, 0.0, 0.0, 0.0, 0.0, 0.0], [0.0, 0.9728004130111738, 0.0, 0.0, 0.0, 0.0, 0.0, 0.0, 0.0, 0.0, 0.0, 0.0, 0.0, 0.0, 0.0, 0.0, 0.0, 0.0, 0.0, 0.0, 0.0, 0.0, 0.0, 0.0, 0.0, 0.0, 0.0, 0.0, 0.0, 0.0], [0.0, 0.0, 0.9486811003477184, 0.0, 0.0, 0.0, 0.0, 0.0, 0.0, 0.0, 0.0, 0.0, 0.0, 0.0, 0.0, 0.0, 0.0, 0.0, 0.0, 0.0, 0.0, 0.0, 0.0, 0.0, 0.0, 0.0, 0.0, 0.0, 0.0, 0.0], [0.0, 0.0, 0.0, 0.9298139133328402, 0.0, 0.0, 0.0, 0.0, 0.0, 0.0, 0.0, 0.0, 0.0, 0.0, 0.0, 0.0, 0.0, 0.0, 0.0, 0.0, 0.0, 0.0, 0.0, 0.0, 0.0, 0.0, 0.0, 0.0, 0.0, 0.0], [0.0, 0.0, 0.0, 0.0, 0.0, 0.0, 0.0, 0.9535416297092009, 0.0, 0.0, 0.0, 0.0, 0.0, 0.0, 0.0, 0.0, 0.0, 0.0, 0.0, 0.0, 0.0, 0.0, 0.0, 0.0, 0.0, 0.0, 0.0, 0.0, 0.0, 0.0], [0.0, 0.0, 0.0, 0.0, 0.0, 0.0, 0.0, 0.0, 0.0, 0.0, 0.0, 0.9619742563054832, 0.0, 0.0, 0.0, 0.0, 0.0, 0.0, 0.0, 0.0, 0.0, 0.0, 0.0, 0.0, 0.0, 0.0, 0.0, 0.0, 0.0, 0.0], [0.0, 0.0, 0.0, 0.0, 0.0, 0.0, 0.0, 0.0, 0.0, 0.0, 0.0, 0.0, 0.0, 0.9333562444100653, 0.0, 0.0, 0.0, 0.0, 0.0, 0.0, 0.0, 0.0, 0.0, 0.0, 0.0, 0.0, 0.0, 0.0, 0.0, 0.0], [0.0, 0.0, 0.0, 0.0, 0.0, 0.0, 0.0, 0.0, 0.0, 0.0, 0.0, 0.0, 0.0, 0.0, 0.0, 0.9407426170255404, 0.0, 0.0, 0.0, 0.0, 0.0, 0.0, 0.0, 0.0, 0.0, 0.0, 0.0, 0.0, 0.0, 0.0], [0.0, 0.0, 0.0, 0.0, 0.0, 0.0, 0.0, 0.0, 0.0, 0.0, 0.0, 0.0, 0.0, 0.0, 0.0, 0.94078983144187, 0.0, 0.0, 0.0, 0.0, 0.0, 0.0, 0.0, 0.0, 0.0, 0.0, 0.0, 0.0, 0.0, 0.0]], "Born radii": [], "Atomic SASAs": [], "Solvent H bonds": [], "Total SASA": NaN, "Total FOD": 0.0, "FOD": [0.0, 0.0, 0.0, 0.0, 0.0, 0.0, 0.0, 0.0, 0.0, 0.0, 0.0, 0.0, 0.0, 0.0, 0.0, 0.0, 0.0, 0.0, 0.0, 0.0, 0.0, 0.0, 0.0, 0.0, 0.0, 0.0, 0.0, 0.0, 0.0, 0.0], "FOD s proportion": [0.0, 0.0, 0.0, 0.0, 0.0, 0.0, 0.0, 0.0, 0.0, 0.0, 0.0, 0.0, 0.0, 0.0, 0.0, 0.0, 0.0, 0.0, 0.0, 0.0, 0.0, 0.0, 0.0, 0.0, 0.0, 0.0, 0.0, 0.0, 0.0, 0.0], "FOD p proportion": [0.0, 0.0, 0.0, 0.0, 0.0, 0.0, 0.0, 0.0, 0.0, 0.0, 0.0, 0.0, 0.0, 0.0, 0.0, 0.0, 0.0, 0.0, 0.0, 0.0, 0.0, 0.0, 0.0, 0.0, 0.0, 0.0, 0.0, 0.0, 0.0, 0.0], "FOD d proportion": [0.0, 0.0, 0.0, 0.0, 0.0, 0.0, 0.0, 0.0, 0.0, 0.0, 0.0, 0.0, 0.0, 0.0, 0.0, 0.0, 0.0, 0.0, 0.0, 0.0, 0.0, 0.0, 0.0, 0.0, 0.0, 0.0, 0.0, 0.0, 0.0, 0.0], "coordinates": [["-4.52610", "-0.01700", "-0.87500"], ["-3.67630", "-0.86720", "0.05980"], ["-2.17890", "-0.80090", "-0.26170"], ["-1.45830", "-1.77290", "0.51220"], ["-0.08970", "-1.77420", "0.54540"], ["0.54880", "-2.78290", "0.81650"], ["0.56760", "-0.48520", "0.25370"], ["1.96140", "-0.37780", "0.26880"], ["2.55540", "0.87040", "0.05170"], ["1.75570", "1.99740", "-0.16010"], ["2.39160", "3.58310", "-0.41380"], ["0.35810", "1.86870", "-0.16920"], ["-0.25080", "0.62100", "-0.00140"], ["-1.65060", "0.51710", "0.05780"], ["4.30960", "1.03070", "0.06110"], ["4.88710", "-0.52330", "0.34920"], ["4.70130", "1.78850", "1.22530"], ["4.74980", "1.34030", "-1.27860"], ["-4.36060", "-0.29790", "-1.91990"], ["-4.30440", "1.04840", "-0.76370"], ["-5.58800", "-0.16010", "-0.65060"], ["-3.85880", "-0.55660", "1.09650"], ["-4.01920", "-1.90690", "-0.01880"], ["-2.01120", "-1.02820", "-1.32280"], ["-1.84870", "-2.70100", "0.59890"], ["2.55670", "-1.26600", "0.46560"], ["-0.25870", "2.75400", "-0.30900"], ["-2.11060", "1.26250", "-0.45710"], ["5.39940", "-0.53490", "1.23320"], ["5.44840", "-0.82920", "-0.44750"]], "bond_dist": [[0.0, 1.522777436134381, 2.549506607169316, 3.7972233921643324, 4.978647703945319, 6.022124630892323, 5.238220558548484, 6.597432176991288, 7.196797475266343, 6.635503041216996, 7.812041905929588, 5.282937418709406, 4.410035266298898, 3.069833692563817, 8.946706264877594, 9.50596336885431, 9.63410613912884, 9.383361714225877, 1.0945826008118344, 1.0938993280919407, 1.0947440705479985, 2.150178992549225, 2.1358249132361014, 2.7473209295602867, 4.067518650233825, 7.315959622633247, 5.119521438572164, 2.7652126337770118, 10.160131785562626, 10.01663992264871], [1.522777436134381, 0.0, 1.5329594580418622, 2.4381308927126946, 3.7312405336563335, 4.700422469310604, 4.265466963885666, 5.662760338386218, 6.469420705132724, 6.144990900725566, 7.539819458050703, 4.879956267222074, 3.735309214777272, 2.45351808226473, 8.208326559658795, 8.575187410780012, 8.865399849978566, 8.812691530968278, 2.170617670157506, 2.1776559002744214, 2.158530856856116, 1.0975087698966237, 1.0976039631852648, 2.170267672431214, 2.644536445201692, 6.258913969691547, 4.992904229003396, 2.6933667017322387, 9.157271500834732, 9.138870136948004], [2.549506607169316, 1.5329594580418622, 0.0, 1.436304135620308, 2.4420237386233574, 3.5399415998007653, 2.812217256898905, 4.195536670081671, 5.030413476047471, 4.829273507475011, 6.334987029189563, 3.6839773899957637, 2.4097977736731355, 1.4554398441708267, 6.749784489152228, 7.0977895552066075, 7.500220890080505, 7.322957513190964, 2.786117572896018, 2.8617590289889887, 3.490534437589751, 2.174040878180537, 2.1607731255270646, 1.098053637123433, 2.111881722540351, 4.8136462956889545, 4.040633532009553, 2.073756400834003, 7.728914082845016, 7.629615181645795], [3.7972233921643324, 2.4381308927126946, 1.436304135620308, 0.0, 1.3690032468916937, 2.2674101746265496, 2.4143869511741483, 3.701337009784437, 4.827927384499481, 4.999694528668726, 6.660776381924257, 4.126119906158811, 2.729944765008992, 2.3425538734466707, 6.42902283243729, 6.469325337313003, 7.150717008104851, 7.172132492501794, 4.063752047061927, 4.205703236083116, 4.583410277293535, 2.7537596899511767, 2.618802361767684, 2.056088884265464, 1.0105932218256761, 4.047140245902038, 4.754601267193706, 3.2524899600152497, 7.005750087606607, 7.036625517249018], [4.978647703945319, 3.7312405336563335, 2.4420237386233574, 1.3690032468916937, 0.0, 1.2241948986987325, 1.4760261447548957, 2.496688152333006, 3.7728242551171136, 4.257722157445222, 5.9814360834167575, 3.739237677655701, 2.462097985458743, 2.814998802841664, 5.2398331070750706, 5.135346481981522, 6.009057854605828, 6.037205189489587, 5.147596778109179, 5.238750772846519, 5.85380540332526, 3.9990468589402646, 3.972014750727897, 2.7818787698244507, 1.988944818239058, 2.6959355036795674, 4.611198933032493, 3.7829340398690534, 5.669140335183104, 5.705210514959111], [6.022124630892323, 4.700422469310604, 3.5399415998007653, 2.2674101746265496, 1.2241948986987325, 0.0, 2.365697057951419, 2.8425200192786684, 4.2376837411491675, 5.02609423508951, 6.740586467808272, 4.7587134332716445, 3.5909407931627055, 4.037695636127122, 5.409047121258975, 4.913757049346254, 6.189351472488859, 6.248089568019972, 6.145349324489211, 6.381962235080994, 6.8331381143659025, 4.945882069964871, 4.725645573887233, 3.769506145372362, 2.408747313439083, 2.540822471169523, 5.707544840822541, 5.005969085002423, 5.362412073871235, 5.424087006123703], [5.238220558548484, 4.265466963885666, 2.812217256898905, 2.4143869511741483, 1.4760261447548957, 2.365697057951419, 0.0, 1.3980133082342243, 2.4144987471522947, 2.7831842932152373, 4.508170043376802, 2.4007456904053788, 1.3994759769285074, 2.4420060073636183, 4.041981144191546, 4.320723563247249, 4.816761769072662, 4.813646266604973, 5.389505866960346, 5.208014566031857, 6.230157290149263, 4.506487186268258, 4.809804713291382, 3.0708973753611506, 3.2965797988218033, 2.147339996367599, 3.3899586457654607, 3.276041387101207, 4.930332806210957, 4.94289652734103], [6.597432176991288, 5.662760338386218, 4.195536670081671, 3.701337009784437, 2.496688152333006, 2.8425200192786684, 1.3980133082342243, 0.0, 1.399275401770502, 2.4223630487604453, 4.042244872592456, 2.7944904973894613, 2.442219957333901, 3.7271854005401988, 2.7460981009424987, 2.9304188949704786, 3.62143617229408, 3.6223595804392468, 6.690625957262893, 6.508483105148234, 7.608293501830749, 5.881478110985366, 6.179679354950384, 4.3287136056800986, 4.474716332908713, 1.0872035549978671, 3.882121596498492, 4.449572889615362, 3.5741560920026982, 3.5883166875291264], [7.196797475266343, 6.469420705132724, 5.030413476047471, 4.827927384499481, 3.7728242551171136, 4.2376837411491675, 2.4144987471522947, 1.399275401770502, 0.0, 1.3980373135220678, 2.757219973088836, 2.4235360508975314, 2.817761240772539, 4.220816757453467, 1.7615340161348, 2.732714919269846, 2.6124952401870516, 2.608811120031498, 7.285820986683656, 6.910384736033154, 8.238332300896825, 6.6535627809467615, 7.137487702266114, 5.133007672895103, 5.696527241223375, 2.176124964242633, 3.4054679942703916, 4.710008052010103, 3.3851360888448783, 3.3922396436572697], [6.635503041216996, 6.144990900725566, 4.829273507475011, 4.999694528668726, 4.257722157445222, 5.02609423508951, 2.7831842932152373, 2.4223630487604453, 1.3980373135220678, 0.0, 1.7271875954857943, 1.4035427531785416, 2.438381614924128, 3.7204365590613153, 2.7396794593528635, 4.052034173103677, 3.261829506580624, 3.263044202887849, 6.765679849061733, 6.163582235194076, 7.6697670231891655, 6.294804985859371, 6.972301929061879, 4.96947303644964, 5.9701543464135, 3.418022973884172, 2.1569474101145816, 3.9467154318496287, 4.650847005653916, 4.659216630507751], [7.812041905929588, 7.539819458050703, 6.334987029189563, 6.660776381924257, 5.9814360834167575, 6.740586467808272, 4.508170043376802, 4.042244872592456, 2.757219973088836, 1.7271875954857943, 0.0, 2.670977118958528, 3.990787883363384, 5.095306016325222, 3.227847544417177, 4.865409562410959, 3.3529020355506955, 3.3673636750431335, 7.932383188550588, 7.168232006568984, 8.817121788883263, 7.647589315594817, 8.449525527507447, 6.4401099780982, 7.64824281714434, 4.930960675162599, 2.7789350370240755, 5.065260515511517, 5.358861244704887, 5.367825744191031], [5.282937418709406, 4.879956267222074, 3.6839773899957637, 4.126119906158811, 3.739237677655701, 4.7587134332716445, 2.4007456904053788, 2.7944904973894613, 2.4235360508975314, 1.4035427531785416, 2.670977118958528, 0.0, 1.3984531954985122, 2.4317128222715776, 4.04594047657649, 5.14803297969234, 4.562285450297909, 4.560373209508186, 5.47952878813498, 4.771292130020966, 6.301101539413565, 5.026561666785756, 5.782605884028412, 3.916172245956503, 5.132455741650385, 3.881128326917316, 1.0879992509188599, 2.558289377689709, 5.758361260810231, 5.7677785489736], [4.410035266298898, 3.735309214777272, 2.4097977736731355, 2.729944765008992, 2.462097985458743, 3.5909407931627055, 1.3994759769285074, 2.442219957333901, 2.817761240772539, 2.438381614924128, 3.990787883363384, 1.3984531954985122, 0.0, 1.4048985337027011, 4.579192996587936, 5.275448725937918, 5.233654894048708, 5.211010716742002, 4.627685760723171, 4.146739081495242, 5.432980921188662, 3.950922698560426, 4.5377769590406265, 2.7504484652507126, 3.734879984684916, 3.4148080839192123, 2.1550798523488637, 2.0194159502192703, 5.897889623416159, 5.897708528742329], [3.069833692563817, 2.45351808226473, 1.4554398441708267, 2.3425538734466707, 2.814998802841664, 4.037695636127122, 2.4420060073636183, 3.7271854005401988, 4.220816757453467, 3.7204365590613153, 5.095306016325222, 2.4317128222715776, 1.4048985337027011, 0.0, 5.982288850431747, 6.6263766426305715, 6.582260084499851, 6.590048813172782, 3.452480599511024, 2.828391129246449, 4.0575299333461485, 2.666060130604709, 3.3899719054883035, 2.103340393279224, 3.2692813323420182, 4.587713999368313, 2.6600092969762343, 1.01604289771643, 7.224317902750404, 7.243179742350731], [8.946706264877594, 8.208326559658795, 6.749784489152228, 6.42902283243729, 5.2398331070750706, 5.409047121258975, 4.041981144191546, 2.7460981009424987, 1.7615340161348, 2.7396794593528635, 3.227847544417177, 4.04594047657649, 4.579192996587936, 5.982288850431747, 0.0, 1.6826835293661135, 1.443277994705109, 1.4437535419869971, 8.992324894041586, 8.653415760842652, 9.994348767678662, 8.385364214510899, 8.83203188456654, 6.790195951517157, 7.220766761224184, 2.9173805973852636, 4.896539777230447, 6.445248677902195, 2.2388804814013636, 2.2393676361866093], [9.50596336885431, 8.575187410780012, 7.0977895552066075, 6.469325337313003, 5.135346481981522, 4.913757049346254, 4.320723563247249, 2.9304188949704786, 2.732714919269846, 4.052034173103677, 4.865409562410959, 5.14803297969234, 5.275448725937918, 6.6263766426305715, 1.6826835293661135, 0.0, 2.479211989725768, 2.4782229701945706, 9.524682423052225, 9.391084045518921, 10.528971188582483, 8.777831907139714, 9.020640368067003, 7.11597153591834, 7.083482831206695, 2.4486560415868945, 6.136218719211368, 7.266842961011336, 1.0217836610555093, 1.0214516092307067], [9.63410613912884, 8.865399849978566, 7.500220890080505, 7.150717008104851, 6.009057854605828, 6.189351472488859, 4.816761769072662, 3.62143617229408, 2.6124952401870516, 3.261829506580624, 3.3529020355506955, 4.562285450297909, 5.233654894048708, 6.582260084499851, 1.443277994705109, 2.479211989725768, 0.0, 2.5441601168165495, 9.81648509447246, 9.252378153750527, 10.63887857154127, 8.876451738166553, 9.55253297403364, 7.712604537379057, 7.965581410669279, 3.8087299064123727, 5.280896395499537, 7.036272263777176, 2.426024233184821, 3.195116827285037], [9.383361714225877, 8.812691530968278, 7.322957513190964, 7.172132492501794, 6.037205189489587, 6.248089568019972, 4.813646266604973, 3.6223595804392468, 2.608811120031498, 3.263044202887849, 3.3673636750431335, 4.560373209508186, 5.211010716742002, 6.590048813172782, 1.4437535419869971, 2.4782229701945706, 2.5441601168165495, 0.0, 9.278704278615628, 9.073525514374223, 10.46497458190893, 9.129475536962678, 9.435399561226857, 7.163997968313502, 7.962243037611951, 3.826842162932775, 5.293745753245049, 6.9098482798104905, 3.2011707920696764, 2.426004826870714], [1.0945826008118344, 2.170617670157506, 2.786117572896018, 4.063752047061927, 5.147596778109179, 6.145349324489211, 5.389505866960346, 6.690625957262893, 7.285820986683656, 6.765679849061733, 7.932383188550588, 5.47952878813498, 4.627685760723171, 3.452480599511024, 8.992324894041586, 9.524682423052225, 9.81648509447246, 9.278704278615628, 0.0, 1.7755226188364934, 1.7710511257442572, 3.0687779147406546, 2.5138846771480985, 2.5317082888832196, 4.29288768313358, 7.380844609528099, 5.360473489347745, 3.1043730445937068, 10.259425354765247, 9.93311242511631], [1.0938993280919407, 2.1776559002744214, 2.8617590289889887, 4.205703236083116, 5.238750772846519, 6.381962235080994, 5.208014566031857, 6.508483105148234, 6.910384736033154, 6.163582235194076, 7.168232006568984, 4.771292130020966, 4.146739081495242, 2.828391129246449, 8.653415760842652, 9.391084045518921, 9.252378153750527, 9.073525514374223, 1.7755226188364934, 0.0, 1.766604885083249, 2.4969838605806007, 3.0610477193274854, 3.1438235653420503, 4.684564185706073, 7.3445434888766234, 4.4140131331929675, 2.225443957955356, 10.032855173877476, 9.936924677182574], [1.0947440705479985, 2.158530856856116, 3.490534437589751, 4.583410277293535, 5.85380540332526, 6.8331381143659025, 6.230157290149263, 7.608293501830749, 8.238332300896825, 7.6697670231891655, 8.817121788883263, 6.301101539413565, 5.432980921188662, 4.0575299333461485, 9.994348767678662, 10.528971188582483, 10.63887857154127, 10.46497458190893, 1.7710511257442572, 1.766604885083249, 0.0, 2.489920340091225, 2.431381278203812, 3.7415168969283035, 4.690393112522659, 8.294881273411935, 6.0835933345351085, 3.762119584755381, 11.154018838069085, 11.058529259354518], [2.150178992549225, 1.0975087698966237, 2.174040878180537, 2.7537596899511767, 3.9990468589402646, 4.945882069964871, 4.506487186268258, 5.881478110985366, 6.6535627809467615, 6.294804985859371, 7.647589315594817, 5.026561666785756, 3.950922698560426, 2.666060130604709, 8.385364214510899, 8.777831907139714, 8.876451738166553, 9.129475536962678, 3.0687779147406546, 2.4969838605806007, 2.489920340091225, 0.0, 1.7586734603103555, 3.0804293223510255, 2.981033231951633, 6.485362242774107, 5.088833129510143, 2.9629379018129964, 9.259234580676743, 9.43833770321872], [2.1358249132361014, 1.0976039631852648, 2.1607731255270646, 2.618802361767684, 3.972014750727897, 4.725645573887233, 4.809804713291382, 6.179679354950384, 7.137487702266114, 6.972301929061879, 8.449525527507447, 5.782605884028412, 4.5377769590406265, 3.3899719054883035, 8.83203188456654, 9.020640368067003, 9.55253297403364, 9.435399561226857, 2.5138846771480985, 3.0610477193274854, 2.431381278203812, 1.7586734603103555, 0.0, 2.5504104944106545, 2.3923248838734255, 6.624791089536333, 5.995795618598085, 3.725581459316116, 9.599995518748955, 9.538378831856072], [2.7473209295602867, 2.170267672431214, 1.098053637123433, 2.056088884265464, 2.7818787698244507, 3.769506145372362, 3.0708973753611506, 4.3287136056800986, 5.133007672895103, 4.96947303644964, 6.4401099780982, 3.916172245956503, 2.7504484652507126, 2.103340393279224, 6.790195951517157, 7.11597153591834, 7.712604537379057, 7.163997968313502, 2.5317082888832196, 3.1438235653420503, 3.7415168969283035, 3.0804293223510255, 2.5504104944106545, 0.0, 2.5529584759646995, 4.91127618954585, 4.289998080419151, 2.450841353494755, 7.854519288282384, 7.513413555102633], [4.067518650233825, 2.644536445201692, 2.111881722540351, 1.0105932218256761, 1.988944818239058, 2.408747313439083, 3.2965797988218033, 4.474716332908713, 5.696527241223375, 5.9701543464135, 7.64824281714434, 5.132455741650385, 3.734879984684916, 3.2692813323420182, 7.220766761224184, 7.083482831206695, 7.965581410669279, 7.962243037611951, 4.29288768313358, 4.684564185706073, 4.690393112522659, 2.981033231951633, 2.3923248838734255, 2.5529584759646995, 0.0, 4.635142182285243, 5.754077459506433, 4.110116769630761, 7.591395083250509, 7.605672659929561], [7.315959622633247, 6.258913969691547, 4.8136462956889545, 4.047140245902038, 2.6959355036795674, 2.540822471169523, 2.147339996367599, 1.0872035549978671, 2.176124964242633, 3.418022973884172, 4.930960675162599, 3.881128326917316, 3.4148080839192123, 4.587713999368313, 2.9173805973852636, 2.4486560415868945, 3.8087299064123727, 3.826842162932775, 7.380844609528099, 7.3445434888766234, 8.294881273411935, 6.485362242774107, 6.624791089536333, 4.91127618954585, 4.635142182285243, 0.0, 4.968589570491811, 5.387798885444779, 3.0339183014708877, 3.0637354226499394], [5.119521438572164, 4.992904229003396, 4.040633532009553, 4.754601267193706, 4.611198933032493, 5.707544840822541, 3.3899586457654607, 3.882121596498492, 3.4054679942703916, 2.1569474101145816, 2.7789350370240755, 1.0879992509188599, 2.1550798523488637, 2.6600092969762343, 4.896539777230447, 6.136218719211368, 5.280896395499537, 5.293745753245049, 5.360473489347745, 4.4140131331929675, 6.0835933345351085, 5.088833129510143, 5.995795618598085, 4.289998080419151, 5.754077459506433, 4.968589570491811, 0.0, 2.3824440119339636, 6.723789085032338, 6.7401405697507535], [2.7652126337770118, 2.6933667017322387, 2.073756400834003, 3.2524899600152497, 3.7829340398690534, 5.005969085002423, 3.276041387101207, 4.449572889615362, 4.710008052010103, 3.9467154318496287, 5.065260515511517, 2.558289377689709, 2.0194159502192703, 1.01604289771643, 6.445248677902195, 7.266842961011336, 7.036272263777176, 6.9098482798104905, 3.1043730445937068, 2.225443957955356, 3.762119584755381, 2.9629379018129964, 3.725581459316116, 2.450841353494755, 4.110116769630761, 5.387798885444779, 2.3824440119339636, 0.0, 7.9049263658809625, 7.843072232868955], [10.160131785562626, 9.157271500834732, 7.728914082845016, 7.005750087606607, 5.669140335183104, 5.362412073871235, 4.930332806210957, 3.5741560920026982, 3.3851360888448783, 4.650847005653916, 5.358861244704887, 5.758361260810231, 5.897889623416159, 7.224317902750404, 2.2388804814013636, 1.0217836610555093, 2.426024233184821, 3.2011707920696764, 10.259425354765247, 10.032855173877476, 11.154018838069085, 9.259234580676743, 9.599995518748955, 7.854519288282384, 7.591395083250509, 3.0339183014708877, 6.723789085032338, 7.9049263658809625, 0.0, 1.7069756823106768], [10.01663992264871, 9.138870136948004, 7.629615181645795, 7.036625517249018, 5.705210514959111, 5.424087006123703, 4.94289652734103, 3.5883166875291264, 3.3922396436572697, 4.659216630507751, 5.367825744191031, 5.7677785489736, 5.897708528742329, 7.243179742350731, 2.2393676361866093, 1.0214516092307067, 3.195116827285037, 2.426004826870714, 9.93311242511631, 9.936924677182574, 11.058529259354518, 9.43833770321872, 9.538378831856072, 7.513413555102633, 7.605672659929561, 3.0637354226499394, 6.7401405697507535, 7.843072232868955, 1.7069756823106768, 0.0]]}