{"total energy": -35.3295378, "HOMO-LUMO gap/eV": 1.63825359, "electronic energy": -35.98132083, "dipole": [0.01618741, 0.77087679, 0.04533345], "partial charges": [-0.02871966, -0.02613039, -0.03901194, 0.0999607, -0.25902876, 0.09995948, -0.03902095, -0.02611949, -0.02871196, -0.03652218, 0.00435211, -0.02450269, 0.00435007, -0.03652091, 0.03323026, 0.03643146, 0.04972246, 0.04973126, 0.03641318, 0.03321758, 0.03227243, 0.03237848, 0.03226946], "atomic dipole moments": [[0.01640969, -0.03240488, -0.00358396], [0.01770774, 0.02832183, -4.691e-05], [-0.05157383, 0.03072073, 0.00699568], [-0.0381624, 0.02180369, 0.00508725], [0.00592439, 0.28457047, 0.01673656], [0.03907196, 0.02066138, -0.00260825], [0.05280443, 0.02912385, -0.00344331], [-0.01648281, 0.02886394, 0.0034042], [-0.01773136, -0.03190507, -0.00021804], [0.04692286, -0.00759725, -0.00510237], [-0.01477309, -0.02309391, 5.32e-05], [-0.0001423, -0.00624974, -0.00036931], [0.01379648, -0.02350319, -0.00277299], [-0.04721714, -0.00620472, 0.00427464], [0.13424947, 0.06957497, -0.00906753], [0.12613916, -0.0827859, -0.01752043], [-0.00713356, -0.15072814, -0.00847558], [0.00084632, -0.15084736, -0.00928467], [-0.12950539, -0.07897559, 0.00801558], [-0.13127404, 0.07355708, 0.01750213], [-0.0094502, 0.15115077, 0.01013384], [0.00312713, 0.14971874, 0.00880214], [0.01571487, 0.15076752, 0.00763457]], "atomic quadrupole moments": [[-0.29998546, 0.00560044, -0.22141068, 0.08277641, -0.04643072, 0.52139614], [-0.3092631, -0.00680137, -0.22438257, 0.08416639, -0.04612824, 0.53364568], [-0.23475739, -0.05119558, -0.26788733, 0.07086241, -0.04240278, 0.50264472], [-0.15885719, 0.00945828, -0.24396813, 0.0569898, -0.04081453, 0.40282533], [-0.09200967, -0.00419442, -0.18702554, 0.03703764, -0.02828904, 0.27903521], [-0.16001805, -0.01966577, -0.2431429, 0.05537383, -0.03786047, 0.40316095], [-0.23087046, 0.04092035, -0.2706803, 0.07609785, -0.0517433, 0.50155076], [-0.30890765, 0.00031907, -0.22464006, 0.08456703, -0.0468267, 0.53354772], [-0.30067279, -0.01205471, -0.2209187, 0.08179844, -0.04465105, 0.52159149], [-0.23594842, -0.03282066, -0.2662079, 0.07206154, -0.04412095, 0.50215633], [-0.18985068, -0.00052228, -0.19090879, 0.05725245, -0.03520883, 0.38075947], [-0.23431654, -0.00576656, -0.29349654, 0.07616589, -0.05005019, 0.52781309], [-0.19014552, -0.00624183, -0.19067435, 0.05695267, -0.03464138, 0.38081987], [-0.23366981, 0.0227612, -0.26783612, 0.07524527, -0.04972153, 0.50150593], [0.02923881, -0.00452998, 0.03747378, -0.00991524, 0.00687558, -0.06671258], [0.03041676, 0.00780597, 0.03670129, -0.00931371, 0.00562423, -0.06711805], [0.03131756, -0.00114933, 0.03223358, -0.00959541, 0.0060183, -0.06355115], [0.03145436, 0.00230541, 0.03213721, -0.00940073, 0.00566548, -0.06359158], [0.02982531, -0.00638483, 0.03712322, -0.01011823, 0.00704977, -0.06694852], [0.02967069, 0.00602659, 0.03715759, -0.00930612, 0.0058006, -0.06682828], [0.03500163, 0.00780606, 0.0294346, -0.00949612, 0.00501621, -0.06443623], [0.03041745, 0.00056846, 0.03189867, -0.00927511, 0.0057545, -0.06231611], [0.03439197, -0.00681537, 0.02987983, -0.01032958, 0.00648429, -0.0642718]], "number of molecular orbitals": 65, "number of electrons": 66, "number of unpaired electrons": 0, "orbital energies/eV": [-18.01627581, -17.75676589, -17.45253361, -17.24478149, -16.9871559, -16.93123817, -16.52413612, -16.19869008, -15.97400219, -15.6417543, -15.52076061, -14.85724334, -14.74533842, -14.28032165, -13.97640618, -13.79461959, -13.78725054, -13.60782652, -13.30873226, -13.07088769, -13.06616227, -12.89574656, -12.81288282, -12.34008805, -12.28258997, -12.04173221, -11.91641175, -11.78807685, -11.45160825, -11.15445744, -11.09714967, -10.13698342, -9.80572373, -8.16747014, -6.34816816, -6.23052881, -5.21135556, -4.97552291, -2.82847107, -1.31782155, 2.71375273, 3.05698451, 3.22124851, 3.28332988, 3.51911812, 4.27086299, 4.36406381, 4.73034005, 4.73804187, 5.29593377, 6.22751099, 6.91072113, 7.71729114, 10.28085933, 10.46665488, 10.91741297, 11.252553, 11.61424288, 12.72254797, 13.55280378, 13.99937053, 16.39643512, 16.46444464, 18.86418625, 18.8694747], "fractional occupation": [2.0, 2.0, 2.0, 2.0, 2.0, 2.0, 2.0, 2.0, 2.0, 2.0, 2.0, 2.0, 2.0, 2.0, 2.0, 2.0, 2.0, 2.0, 2.0, 2.0, 2.0, 2.0, 2.0, 2.0, 2.0, 2.0, 2.0, 2.0, 2.0, 2.0, 2.0, 2.0, 2.0, 0.0, 0.0, 0.0, 0.0, 0.0, 0.0, 0.0, 0.0, 0.0, 0.0, 0.0, 0.0, 0.0, 0.0, 0.0, 0.0, 0.0, 0.0, 0.0, 0.0, 0.0, 0.0, 0.0, 0.0, 0.0, 0.0, 0.0, 0.0, 0.0, 0.0, 0.0, 0.0], "program call": "xtb /home/svss/Project-DBcg-Debug/aqme2_20220329/End-to-End-workflows-final/example-3/QDESCP/mol_340_rdkit_conf_1/mol_340_rdkit_conf_1.xyz --pop --wbo --acc 0.2 --gfn 2 --chrg 0 --uhf 0 --etemp 300 --input /home/svss/Project-DBcg-Debug/aqme2_20220329/End-to-End-workflows-final/example-3/QDESCP/mol_340_rdkit_conf_1/mol_340_rdkit_conf_1_xtb.inp", "method": "GFN2-xTB", "xtb version": "6.3.3 (7355c4f)", "Dipole module/D": 1.963, "Total charge": 0, "Transition dipole module/D": NaN, "HOMO": -9.8057, "LUMO": -8.1675, "HOMO occupancy": 2.0, "LUMO occupancy": 0, "mulliken charges": [-0.02823, -0.02511, -0.04251, 0.16844, -0.35451, 0.16844, -0.04252, -0.0251, -0.02823, -0.03604, -0.00954, -0.01561, -0.00954, -0.03604, 0.03263, 0.0334, 0.04217, 0.04218, 0.03339, 0.03263, 0.03303, 0.03364, 0.03303], "cm5 charges": [-0.08346, -0.08007, -0.08822, 0.23826, -0.53596, 0.23826, -0.08823, -0.08006, -0.08344, -0.08842, -0.01138, -0.0634, -0.01138, -0.08842, 0.08802, 0.08881, 0.10149, 0.1015, 0.08878, 0.088, 0.0892, 0.09091, 0.0892], "FUKUI+": [-0.029, -0.032, -0.034, -0.014, -0.09, -0.014, -0.034, -0.032, -0.029, -0.034, -0.018, -0.054, -0.018, -0.034, -0.061, -0.062, -0.056, -0.056, -0.062, -0.061, -0.055, -0.064, -0.055], "FUKUI-": [-0.03, -0.028, -0.034, -0.011, -0.124, -0.011, -0.034, -0.028, -0.03, -0.034, -0.022, -0.029, -0.022, -0.034, -0.06, -0.06, -0.054, -0.054, -0.06, -0.06, -0.059, -0.061, -0.059], "FUKUIrad": [-0.029, -0.03, -0.034, -0.013, -0.107, -0.013, -0.034, -0.03, -0.029, -0.034, -0.02, -0.042, -0.02, -0.034, -0.061, -0.061, -0.055, -0.055, -0.061, -0.061, -0.057, -0.062, -0.057], "s proportion": [1.06, 1.063, 1.067, 1.035, 1.549, 1.035, 1.067, 1.063, 1.06, 1.065, 1.074, 1.073, 1.074, 1.065, 0.967, 0.967, 0.958, 0.958, 0.967, 0.967, 0.967, 0.966, 0.967], "p proportion": [2.968, 2.962, 2.976, 2.797, 3.806, 2.797, 2.976, 2.962, 2.968, 2.971, 2.935, 2.943, 2.935, 2.971, 0.0, 0.0, 0.0, 0.0, 0.0, 0.0, 0.0, 0.0, 0.0], "d proportion": [0.0, 0.0, 0.0, 0.0, 0.0, 0.0, 0.0, 0.0, 0.0, 0.0, 0.0, 0.0, 0.0, 0.0, 0.0, 0.0, 0.0, 0.0, 0.0, 0.0, 0.0, 0.0, 0.0], "Fermi-level/eV": -8.9866, "Coordination numbers": [2.911, 2.911, 2.927, 2.95, 1.852, 2.95, 2.927, 2.911, 2.911, 2.918, 2.985, 2.933, 2.985, 2.918, 0.925, 0.925, 0.925, 0.925, 0.925, 0.925, 0.925, 0.925, 0.925], "Dispersion coefficient C6": [28.718, 28.655, 28.97, 25.785, 27.589, 25.785, 28.97, 28.654, 28.717, 28.909, 27.919, 28.616, 27.919, 28.909, 2.541, 2.497, 2.323, 2.323, 2.497, 2.541, 2.554, 2.553, 2.554], "Total dispersion C6": 7818.601401, "Total dispersion C8": 198037.590442, "Polarizability alpha": [8.787, 8.778, 8.827, 8.328, 7.785, 8.329, 8.827, 8.778, 8.787, 8.817, 8.667, 8.773, 8.667, 8.817, 2.493, 2.471, 2.384, 2.384, 2.471, 2.493, 2.499, 2.499, 2.499], "Total polarizability alpha": 143.159267, "Wiberg matrix": [[0.0, 1.339501642983836, 0.0, 0.0, 0.0, 0.0, 0.0, 0.0, 0.0, 0.0, 0.0, 0.0, 0.0, 1.54100864736604, 0.9706629391505486, 0.0, 0.0, 0.0, 0.0, 0.0, 0.0, 0.0, 0.0], [1.339501642983836, 0.0, 1.5332938250359494, 0.0, 0.0, 0.0, 0.0, 0.0, 0.0, 0.0, 0.0, 0.0, 0.0, 0.0, 0.0, 0.9710076366608401, 0.0, 0.0, 0.0, 0.0, 0.0, 0.0, 0.0], [0.0, 1.5332938250359494, 0.0, 1.274511918469035, 0.0, 0.0, 0.0, 0.0, 0.0, 0.0, 0.0, 0.0, 0.0, 0.13678754990542646, 0.0, 0.0, 0.9680034794979814, 0.0, 0.0, 0.0, 0.0, 0.0, 0.0], [0.0, 0.0, 1.274511918469035, 0.0, 1.354095892824016, 0.0, 0.0, 0.0, 0.0, 0.0, 0.0, 0.0, 1.1816553585402882, 0.0, 0.0, 0.0, 0.0, 0.0, 0.0, 0.0, 0.0, 0.0, 0.0], [0.0, 0.0, 0.0, 1.354095892824016, 0.0, 1.3540706160156217, 0.0, 0.0, 0.0, 0.0, 0.0, 0.14065106987213485, 0.0, 0.0, 0.0, 0.0, 0.0, 0.0, 0.0, 0.0, 0.0, 0.0, 0.0], [0.0, 0.0, 0.0, 0.0, 1.3540706160156217, 0.0, 1.2744437390488483, 0.0, 0.0, 0.0, 1.1817568493626582, 0.0, 0.0, 0.0, 0.0, 0.0, 0.0, 0.0, 0.0, 0.0, 0.0, 0.0, 0.0], [0.0, 0.0, 0.0, 0.0, 0.0, 1.2744437390488483, 0.0, 1.5332921309309793, 0.0, 0.13681604191699326, 0.0, 0.0, 0.0, 0.0, 0.0, 0.0, 0.0, 0.9680115756769919, 0.0, 0.0, 0.0, 0.0, 0.0], [0.0, 0.0, 0.0, 0.0, 0.0, 0.0, 1.5332921309309793, 0.0, 1.3395749311283867, 0.0, 0.0, 0.0, 0.0, 0.0, 0.0, 0.0, 0.0, 0.0, 0.9709986116272245, 0.0, 0.0, 0.0, 0.0], [0.0, 0.0, 0.0, 0.0, 0.0, 0.0, 0.0, 1.3395749311283867, 0.0, 1.5409200475390548, 0.0, 0.0, 0.0, 0.0, 0.0, 0.0, 0.0, 0.0, 0.0, 0.9706582683529534, 0.0, 0.0, 0.0], [0.0, 0.0, 0.0, 0.0, 0.0, 0.0, 0.13681604191699326, 0.0, 1.5409200475390548, 0.0, 1.2678433055346474, 0.0, 0.0, 0.0, 0.0, 0.0, 0.0, 0.0, 0.0, 0.0, 0.9691166851004905, 0.0, 0.0], [0.0, 0.0, 0.0, 0.0, 0.0, 1.1817568493626582, 0.0, 0.0, 0.0, 1.2678433055346474, 0.0, 1.3630420800786807, 0.0, 0.0, 0.0, 0.0, 0.0, 0.0, 0.0, 0.0, 0.0, 0.0, 0.0], [0.0, 0.0, 0.0, 0.0, 0.14065106987213485, 0.0, 0.0, 0.0, 0.0, 0.0, 1.3630420800786807, 0.0, 1.3632444358155593, 0.0, 0.0, 0.0, 0.0, 0.0, 0.0, 0.0, 0.0, 0.9660932644739055, 0.0], [0.0, 0.0, 0.0, 1.1816553585402882, 0.0, 0.0, 0.0, 0.0, 0.0, 0.0, 0.0, 1.3632444358155593, 0.0, 1.2677618117641105, 0.0, 0.0, 0.0, 0.0, 0.0, 0.0, 0.0, 0.0, 0.0], [1.54100864736604, 0.0, 0.13678754990542646, 0.0, 0.0, 0.0, 0.0, 0.0, 0.0, 0.0, 0.0, 0.0, 1.2677618117641105, 0.0, 0.0, 0.0, 0.0, 0.0, 0.0, 0.0, 0.0, 0.0, 0.9691153638003251], [0.9706629391505486, 0.0, 0.0, 0.0, 0.0, 0.0, 0.0, 0.0, 0.0, 0.0, 0.0, 0.0, 0.0, 0.0, 0.0, 0.0, 0.0, 0.0, 0.0, 0.0, 0.0, 0.0, 0.0], [0.0, 0.9710076366608401, 0.0, 0.0, 0.0, 0.0, 0.0, 0.0, 0.0, 0.0, 0.0, 0.0, 0.0, 0.0, 0.0, 0.0, 0.0, 0.0, 0.0, 0.0, 0.0, 0.0, 0.0], [0.0, 0.0, 0.9680034794979814, 0.0, 0.0, 0.0, 0.0, 0.0, 0.0, 0.0, 0.0, 0.0, 0.0, 0.0, 0.0, 0.0, 0.0, 0.0, 0.0, 0.0, 0.0, 0.0, 0.0], [0.0, 0.0, 0.0, 0.0, 0.0, 0.0, 0.9680115756769919, 0.0, 0.0, 0.0, 0.0, 0.0, 0.0, 0.0, 0.0, 0.0, 0.0, 0.0, 0.0, 0.0, 0.0, 0.0, 0.0], [0.0, 0.0, 0.0, 0.0, 0.0, 0.0, 0.0, 0.9709986116272245, 0.0, 0.0, 0.0, 0.0, 0.0, 0.0, 0.0, 0.0, 0.0, 0.0, 0.0, 0.0, 0.0, 0.0, 0.0], [0.0, 0.0, 0.0, 0.0, 0.0, 0.0, 0.0, 0.0, 0.9706582683529534, 0.0, 0.0, 0.0, 0.0, 0.0, 0.0, 0.0, 0.0, 0.0, 0.0, 0.0, 0.0, 0.0, 0.0], [0.0, 0.0, 0.0, 0.0, 0.0, 0.0, 0.0, 0.0, 0.0, 0.9691166851004905, 0.0, 0.0, 0.0, 0.0, 0.0, 0.0, 0.0, 0.0, 0.0, 0.0, 0.0, 0.0, 0.0], [0.0, 0.0, 0.0, 0.0, 0.0, 0.0, 0.0, 0.0, 0.0, 0.0, 0.0, 0.9660932644739055, 0.0, 0.0, 0.0, 0.0, 0.0, 0.0, 0.0, 0.0, 0.0, 0.0, 0.0], [0.0, 0.0, 0.0, 0.0, 0.0, 0.0, 0.0, 0.0, 0.0, 0.0, 0.0, 0.0, 0.0, 0.9691153638003251, 0.0, 0.0, 0.0, 0.0, 0.0, 0.0, 0.0, 0.0, 0.0]], "Born radii": [], "Atomic SASAs": [], "Solvent H bonds": [], "Total SASA": NaN, "Total FOD": 0.0, "FOD": [0.0, 0.0, 0.0, 0.0, 0.0, 0.0, 0.0, 0.0, 0.0, 0.0, 0.0, 0.0, 0.0, 0.0, 0.0, 0.0, 0.0, 0.0, 0.0, 0.0, 0.0, 0.0, 0.0], "FOD s proportion": [0.0, 0.0, 0.0, 0.0, 0.0, 0.0, 0.0, 0.0, 0.0, 0.0, 0.0, 0.0, 0.0, 0.0, 0.0, 0.0, 0.0, 0.0, 0.0, 0.0, 0.0, 0.0, 0.0], "FOD p proportion": [0.0, 0.0, 0.0, 0.0, 0.0, 0.0, 0.0, 0.0, 0.0, 0.0, 0.0, 0.0, 0.0, 0.0, 0.0, 0.0, 0.0, 0.0, 0.0, 0.0, 0.0, 0.0, 0.0], "FOD d proportion": [0.0, 0.0, 0.0, 0.0, 0.0, 0.0, 0.0, 0.0, 0.0, 0.0, 0.0, 0.0, 0.0, 0.0, 0.0, 0.0, 0.0, 0.0, 0.0, 0.0, 0.0, 0.0, 0.0], "coordinates": [["3.63370", "0.50750", "-0.32900"], ["3.55930", "-0.87830", "-0.40600"], ["2.31680", "-1.51410", "-0.32160"], ["1.13760", "-0.79840", "-0.16130"], ["-0.03040", "-1.46030", "-0.08590"], ["-1.17010", "-0.76390", "0.06940"], ["-2.37840", "-1.44400", "0.14770"], ["-3.59360", "-0.77140", "0.30900"], ["-3.61030", "0.61570", "0.39500"], ["-2.41270", "1.32340", "0.31950"], ["-1.19330", "0.64110", "0.15720"], ["0.02750", "1.31980", "0.07760"], ["1.21920", "0.60510", "-0.08390"], ["2.46630", "1.25050", "-0.16820"], ["4.59630", "1.00800", "-0.39390"], ["4.46250", "-1.46970", "-0.53140"], ["2.26590", "-2.59870", "-0.38260"], ["-2.37270", "-2.52940", "0.08100"], ["-4.52090", "-1.33550", "0.36650"], ["-4.55150", "1.14470", "0.52050"], ["-2.43350", "2.40860", "0.38760"], ["0.05010", "2.40490", "0.14140"], ["2.53220", "2.33440", "-0.10870"]], "bond_dist": [[0.0, 1.3899302140755125, 2.4127053135432845, 2.82205834631391, 4.166168894800114, 4.985145430175533, 6.338843865406372, 7.367258275640945, 7.280894123663659, 6.135568271969598, 4.853263685397693, 3.7188483822280256, 2.4288701118009586, 1.393100283540277, 1.0868813274686433, 2.1534147394313057, 3.3944407845770415, 6.742974311830055, 8.389151948200723, 8.253797497515915, 6.398328891984218, 4.082106304348284, 2.1446207007300853], [1.3899302140755125, 0.0, 1.398274382944921, 2.4353424789955107, 3.650634753025835, 4.754610066030652, 5.990232171627407, 7.18934148722955, 7.3672790879672805, 6.406139019721629, 5.021252568831805, 4.1879737117131, 2.7893174756560066, 2.404784248118737, 2.1525898587515457, 1.0868529615361964, 2.1524886248247634, 6.176724391617292, 8.129908986575433, 8.410470134897334, 6.880927583545695, 4.8366862250925475, 3.385965591969298], [2.4127053135432845, 1.398274382944921, 0.0, 1.3886811081022168, 2.3596179288181385, 3.5880569463150946, 4.719116393987332, 5.990165925080874, 6.338775750095597, 5.552529667637986, 4.146678006549339, 3.664866210382038, 2.3983818899416334, 2.772885675609436, 3.4003435047065467, 2.156389549687162, 1.087505848260137, 4.815011017640562, 6.874556048211405, 7.412954521646548, 6.201281320823948, 4.550918466639454, 3.860398401719698], [2.82205834631391, 2.4353424789955107, 1.3886811081022168, 0.0, 1.3446266284734956, 2.3194594262456927, 3.5881104163612356, 4.754594044710862, 4.9851482335031925, 4.16387247283103, 2.7580241677693835, 2.4033656525797316, 1.4079991370735991, 2.4420242648262116, 3.9089371202412555, 3.4121221710249476, 2.136144814847533, 3.921387047971674, 5.708386067882936, 6.0503179800734435, 4.83103461175761, 3.396382550597032, 3.429593526935809], [4.166168894800114, 3.650634753025835, 2.3596179288181385, 1.3446266284734956, 0.0, 1.3446215601424811, 2.3596479928158773, 3.650605903134437, 4.166140278483191, 3.6862837845179524, 2.4139834257923147, 2.7855054604146803, 2.413996959401565, 3.6862882171637095, 5.252972661265239, 4.514942858996114, 2.5801122339929323, 2.580154977903459, 4.5149563729896665, 5.25300782123918, 4.579025995776831, 3.8727143685017618, 4.578994069662025], [4.985145430175533, 4.754610066030652, 3.5880569463150946, 2.3194594262456927, 1.3446215601424811, 0.0, 1.388760522912428, 2.4353268076379395, 2.8220360663889466, 2.4420127067646478, 1.4079318449413665, 2.4033557144126627, 2.757973237723673, 4.163852312462583, 6.050259949787281, 5.708353268675652, 3.921337914538863, 2.1362049456922434, 3.412162893239419, 3.908978271876169, 3.429604503437677, 3.3963753443929012, 4.830963443248148], [6.338843865406372, 5.990232171627407, 4.719116393987332, 3.5881104163612356, 2.3596479928158773, 1.388760522912428, 0.0, 1.3982558742948301, 2.4126953786170353, 2.7729396838012903, 2.3983732549376047, 3.6649501033438368, 4.146706540135195, 5.552588689071071, 7.412966656474317, 6.874572721995165, 4.814984181697795, 1.0874624315349932, 2.1563747216103235, 3.40039867368519, 3.86045525553658, 4.551009025479954, 6.201293403798921], [7.367258275640945, 7.18934148722955, 5.990165925080874, 4.754594044710862, 3.650605903134437, 2.4353268076379395, 1.3982558742948301, 0.0, 1.3898637703026868, 2.404749903836155, 2.789200527032791, 4.1879623458192645, 5.021171825381003, 6.406105483052866, 8.410398015551939, 8.129861146415724, 6.176655737533054, 2.1524741136654817, 1.0869224213346602, 2.152613265312653, 3.3859134616820907, 4.8366849328853325, 6.880835165152556], [7.280894123663659, 7.3672790879672805, 6.338775750095597, 4.9851482335031925, 4.166140278483191, 2.8220360663889466, 2.4126953786170353, 1.3898637703026868, 0.0, 1.3931207054666872, 2.428802791500372, 3.7188826830111217, 4.853197690183247, 6.1355711095219165, 8.253759510671486, 8.389112584773196, 6.742904089485479, 3.3943929899173426, 2.153412652047907, 1.086944658204823, 2.1446219736820753, 4.082165817308258, 6.398277082934124], [6.135568271969598, 6.406139019721629, 5.552529667637986, 4.16387247283103, 3.6862837845179524, 2.4420127067646478, 2.7729396838012903, 2.404749903836155, 1.3931207054666872, 0.0, 1.406702150421332, 2.452163251090759, 3.7241621957159703, 4.9038563090694245, 7.052268976719479, 7.4695256516059985, 6.145332438526006, 3.8603821170966994, 3.3935918213597818, 2.1556437855081714, 1.0875335810907174, 2.6956902084623895, 5.065324496021948], [4.853263685397693, 5.021252568831805, 4.146678006549339, 2.7580241677693835, 2.4139834257923147, 1.4079318449413665, 2.3983732549376047, 2.789200527032791, 2.428802791500372, 1.406702150421332, 0.0, 1.3990434196264248, 2.4247848275671804, 3.724234912032269, 5.827331720436035, 6.075995411453172, 4.7700893828103474, 3.3836165636785736, 3.876038674987648, 3.415129146899133, 2.1714595206910947, 2.1580740580434212, 4.100892335821559], [3.7188483822280256, 4.1879737117131, 3.664866210382038, 2.4033656525797316, 2.7855054604146803, 2.4033557144126627, 3.6649501033438368, 4.1879623458192645, 3.7188826830111217, 2.452163251090759, 1.3990434196264248, 0.0, 1.398937893546386, 2.4521349004489945, 4.603636055337129, 5.274601051264447, 4.536172489004358, 4.536222243232798, 5.274658648671021, 4.6037008395420305, 2.708893951412642, 1.0872089081680667, 2.7088083985398455], [2.4288701118009586, 2.7893174756560066, 2.3983818899416334, 1.4079991370735991, 2.413996959401565, 2.757973237723673, 4.146706540135195, 5.021171825381003, 4.853197690183247, 3.7241621957159703, 2.4247848275671804, 1.398937893546386, 0.0, 1.406735959588721, 3.415147554645334, 3.8760864515642584, 3.3836573437628106, 4.770118223901793, 6.075980293746845, 5.827301777838522, 4.100870857513073, 2.1579700971051476, 2.1714194735241734], [1.393100283540277, 2.404784248118737, 2.772885675609436, 2.4420242648262116, 3.6862882171637095, 4.163852312462583, 5.552588689071071, 6.406105483052866, 6.1355711095219165, 4.9038563090694245, 3.724234912032269, 2.4521349004489945, 1.406735959588721, 0.0, 2.155608206516203, 3.3935551741499657, 3.860371505438304, 6.145377584005722, 7.469555805401015, 7.052305876094712, 5.065387378078798, 2.695647224693914, 1.0875303535993834], [1.0868813274686433, 2.1525898587515457, 3.4003435047065467, 3.9089371202412555, 5.252972661265239, 6.050259949787281, 7.412966656474317, 8.410398015551939, 8.253759510671486, 7.052268976719479, 5.827331720436035, 4.603636055337129, 3.415147554645334, 2.155608206516203, 0.0, 2.4851168946349387, 4.294086252044782, 7.8297950017864455, 9.444232962501507, 9.194403683219484, 7.210444552869123, 4.786001477225013, 2.4700576531733023], [2.1534147394313057, 1.0868529615361964, 2.156389549687162, 3.4121221710249476, 4.514942858996114, 5.708353268675652, 6.874572721995165, 8.129861146415724, 8.389112584773196, 7.4695256516059985, 6.075995411453172, 5.274601051264447, 3.8760864515642584, 3.3935551741499657, 2.4851168946349387, 0.0, 2.4742340228846587, 6.943915098127281, 9.029158853957549, 9.44424570677828, 7.964960005549306, 5.910537941676714, 4.286713215273446], [3.3944407845770415, 2.1524886248247634, 1.087505848260137, 2.136144814847533, 2.5801122339929323, 3.921337914538863, 4.814984181697795, 6.176655737533054, 6.742904089485479, 6.145332438526006, 4.7700893828103474, 4.536172489004358, 3.3836573437628106, 3.860371505438304, 4.294086252044782, 2.4742340228846587, 0.0, 4.662224513040958, 6.9438807082207274, 7.829787732116369, 6.910182464305844, 5.4973046668344665, 4.947869492013709], [6.742974311830055, 6.176724391617292, 4.815011017640562, 3.921387047971674, 2.580154977903459, 2.1362049456922434, 1.0874624315349932, 2.1524741136654817, 3.3943929899173426, 3.8603821170966994, 3.3836165636785736, 4.536222243232798, 4.770118223901793, 6.145377584005722, 7.8297950017864455, 6.943915098127281, 4.662224513040958, 0.0, 2.474201022552533, 4.294105320087061, 4.947882799743745, 5.497356136362279, 6.910179486815085], [8.389151948200723, 8.129908986575433, 6.874556048211405, 5.708386067882936, 4.5149563729896665, 3.412162893239419, 2.1563747216103235, 1.0869224213346602, 2.153412652047907, 3.3935918213597818, 3.876038674987648, 5.274658648671021, 6.075980293746845, 7.469555805401015, 9.444232962501507, 9.029158853957549, 6.9438807082207274, 2.474201022552533, 0.0, 2.485164863746468, 4.286720049175126, 5.910609373829402, 7.964935697166677], [8.253797497515915, 8.410470134897334, 7.412954521646548, 6.0503179800734435, 5.25300782123918, 3.908978271876169, 3.40039867368519, 2.152613265312653, 1.086944658204823, 2.1556437855081714, 3.415129146899133, 4.6037008395420305, 5.827301777838522, 7.052305876094712, 9.194403683219484, 9.44424570677828, 7.829787732116369, 4.294105320087061, 2.485164863746468, 0.0, 2.47002623872703, 4.786078082313325, 7.2104149963785025], [6.398328891984218, 6.880927583545695, 6.201281320823948, 4.83103461175761, 4.579025995776831, 3.429604503437677, 3.86045525553658, 3.3859134616820907, 2.1446219736820753, 1.0875335810907174, 2.1714595206910947, 2.708893951412642, 4.100870857513073, 5.065387378078798, 7.210444552869123, 7.964960005549306, 6.910182464305844, 4.947882799743745, 4.286720049175126, 2.47002623872703, 0.0, 2.49577584931019, 4.990991466632657], [4.082106304348284, 4.8366862250925475, 4.550918466639454, 3.396382550597032, 3.8727143685017618, 3.3963753443929012, 4.551009025479954, 4.8366849328853325, 4.082165817308258, 2.6956902084623895, 2.1580740580434212, 1.0872089081680667, 2.1579700971051476, 2.695647224693914, 4.786001477225013, 5.910537941676714, 5.4973046668344665, 5.497356136362279, 5.910609373829402, 4.786078082313325, 2.49577584931019, 0.0, 2.495664374470253], [2.1446207007300853, 3.385965591969298, 3.860398401719698, 3.429593526935809, 4.578994069662025, 4.830963443248148, 6.201293403798921, 6.880835165152556, 6.398277082934124, 5.065324496021948, 4.100892335821559, 2.7088083985398455, 2.1714194735241734, 1.0875303535993834, 2.4700576531733023, 4.286713215273446, 4.947869492013709, 6.910179486815085, 7.964935697166677, 7.2104149963785025, 4.990991466632657, 2.495664374470253, 0.0]]}