{"total energy": -76.02566632, "HOMO-LUMO gap/eV": 2.06096137, "electronic energy": -76.97061551, "dipole": [1.41604354, 2.18688112, 0.62817379], "partial charges": [-0.43658798, 0.06650249, 0.09807819, -0.45217852, 0.06188087, -0.27384281, 0.34565993, -0.43419935, -0.04695357, -0.02292397, -0.03636423, -0.0210601, -0.04493381, 0.08428456, -0.17734498, 0.08327263, -0.06143012, 0.05790077, -0.24595795, 0.10061805, -0.05107739, 0.1009585, -0.16655855, -0.0401919, -0.03536617, -0.01423647, 0.31087616, 0.0556003, 0.04231146, 0.04993669, 0.29913168, 0.06102317, 0.06987354, 0.05471834, 0.04230869, 0.04621991, 0.04850041, 0.21518219, 0.03661142, 0.04384043, 0.07384849, 0.05868803, 0.05338096], "atomic dipole moments": [[0.03148252, 0.20844821, 0.12463063], [-0.05365193, 0.00536284, -0.18332198], [0.15055606, 0.09317032, -0.03461685], [-0.18070043, 0.01036584, 0.15032569], [-0.13984873, 0.1525655, -0.1224756], [-0.0911537, -0.19779945, 0.05726945], [0.17754969, -0.08295615, 0.02180457], [0.0956304, 0.16288244, -0.04011349], [0.00458326, -0.06958369, 0.02155343], [-0.01527665, -0.0349082, 0.00372973], [-0.01075751, -0.01054337, 0.00050324], [0.00592427, -0.00031235, 0.00019728], [0.02460514, -0.03912819, 0.00783387], [-0.03579589, -0.10789916, 0.01392859], [0.01892997, 0.0360259, -0.09632037], [0.09197501, 0.00069436, 0.0939488], [0.0012992, 0.00121548, 0.01998732], [0.00666216, -0.01948849, 0.03894022], [0.21472033, 0.04971169, 0.18247347], [0.01822985, 0.02728001, -0.02056023], [0.04351362, 0.02213686, 0.01430514], [-0.15875643, -0.16946674, 0.08878121], [-0.02456297, -0.00707419, -0.02674], [-0.04868053, -0.01868773, -0.03028677], [-0.01038303, 0.00946444, -0.03145769], [0.01109006, 0.01224424, -0.01612731], [0.0252175, 0.06140389, -0.04771826], [-0.06159049, -0.07249329, 0.08851184], [0.11829793, 0.00529767, 0.0287543], [-0.11160133, -0.01640758, -0.06419674], [-0.04123081, 0.07243547, -0.00090677], [-0.05302174, -0.05983299, 0.10658807], [0.11694437, 0.03569163, 0.03957858], [0.15397685, 0.00026492, 0.02491972], [0.08669963, 0.12534185, -0.00308474], [-0.06218472, 0.13672805, -0.02634402], [-0.15137058, 0.02337391, -0.01798615], [0.06373862, -0.11108052, 0.02908509], [0.09504303, 0.10178306, -0.06669219], [-0.03039303, 0.05605593, -0.13413205], [-0.11818681, -0.03144347, -0.09508312], [0.0157823, -0.06826943, 0.13865779], [0.11161727, 0.02895025, 0.10083867]], "atomic quadrupole moments": [[-0.11979797, 0.00622126, 0.01435782, -0.00688321, 0.12464594, 0.10544015], [-0.29525345, -0.15524539, 0.09892843, 0.01154123, 0.24425067, 0.19632502], [-0.19151448, 0.03153447, 0.08671323, -0.26414218, -0.0992537, 0.10480126], [-0.00486283, 0.05155, -0.02337156, -0.12368158, -0.08526949, 0.02823439], [-0.13607277, -0.34153199, 0.26231936, 0.06942406, 0.00679314, -0.1262466], [0.01428266, -0.05405509, 0.0569883, 0.01411706, -0.02344824, -0.07127096], [-0.03177357, 0.04033953, -0.37742974, 0.02902871, 0.19356445, 0.40920331], [-0.08958919, 0.00795907, -0.07001616, 0.01049728, 0.04949802, 0.15960535], [-0.21325683, -0.09790682, -0.06740913, -0.08307928, 0.03247525, 0.28066596], [-0.26632832, -0.02655151, -0.25090992, -0.13465801, 0.11187238, 0.51723824], [-0.22044415, -0.03067855, -0.25726771, -0.10665215, 0.10278318, 0.47771187], [-0.24001697, -0.00790534, -0.29300885, -0.11032594, 0.11443557, 0.53302582], [-0.24564093, -0.0085599, -0.22376907, -0.07901064, 0.09025589, 0.46941], [-0.25065804, 0.09663253, -0.1566842, -0.13225002, 0.07283369, 0.40734224], [0.02580803, 0.0086986, -0.05577975, -0.01507033, 0.00306738, 0.02997172], [0.0726362, -0.25747253, 0.0678656, -0.04535754, 0.28578241, -0.1405018], [-0.02280306, -0.26813957, 0.13431817, -0.12303627, 0.23954013, -0.11151511], [-0.04606828, -0.31020469, 0.20142657, -0.25541363, 0.23482974, -0.15535828], [-0.05308452, -0.1769725, 0.09164744, -0.1221389, 0.10165329, -0.03856291], [-0.0854757, -0.25078395, 0.1325049, -0.17429733, 0.14062217, -0.04702919], [-0.03757678, -0.2632402, 0.1648768, -0.20555291, 0.20308232, -0.12730002], [0.07811787, 0.0067544, 0.22004357, -0.28525255, 0.13283087, -0.29816144], [0.08849835, 0.2980254, 0.0882075, -0.14333028, -0.12062464, -0.17670586], [-0.00766973, -0.29986877, 0.13743508, -0.14364949, 0.26136804, -0.12976535], [-0.02872754, -0.32033718, 0.1551704, -0.17888278, 0.23428924, -0.12644286], [-0.02015957, -0.20912722, 0.11400126, -0.12512277, 0.16677413, -0.09384169], [-0.06443147, 0.03951795, 0.0095847, -0.04983299, -0.06825699, 0.05484678], [-0.00629389, 0.02806353, -0.00329248, -0.03484728, -0.02031689, 0.00958637], [0.0312964, 0.01869243, -0.02508772, 0.01920273, 0.03377902, -0.00620867], [0.02699659, 0.01548426, -0.01791997, -0.00970767, -0.01886566, -0.00907662], [-0.03746626, -0.06720714, 0.09815649, -0.00611299, -0.03678217, -0.06069023], [-0.00243249, 0.00293381, 0.00692888, -0.03456039, -0.02318349, -0.00449639], [0.0515812, 0.01258132, -0.01005112, 0.01438141, 0.00839917, -0.04153008], [0.01734404, -0.01021424, 0.04281457, 0.01448668, -0.01778499, -0.0601586], [0.03567213, -0.00409663, 0.02734351, 0.01611259, -0.01514095, -0.06301564], [0.0381605, 0.00711457, 0.02632003, 0.01374656, -0.01167028, -0.06448053], [0.0258589, 0.01268284, 0.03204024, 0.01443422, -0.00720551, -0.05789914], [0.0144617, 0.02822213, 0.020722, 0.03133934, -0.02093419, -0.0351837], [0.01057309, 0.04011457, -0.01672348, 0.02619736, -0.01817232, 0.00615039], [0.00656664, 0.05082658, -0.0137735, 0.01427549, -0.03556689, 0.00720686], [0.00749732, 0.03778285, -0.01555463, 0.01856188, -0.02464253, 0.00805731], [0.00685464, 0.04083112, -0.01547792, 0.01743477, -0.02698175, 0.00862328], [0.00809015, 0.04526033, -0.01490147, 0.01498946, -0.03241448, 0.00681132]], "number of molecular orbitals": 126, "number of electrons": 134, "number of unpaired electrons": 0, "orbital energies/eV": [-28.72202739, -20.73710257, -20.04517483, -19.39745951, -18.96875412, -18.74316939, -18.43858873, -18.37907461, -18.11151377, -17.95838944, -17.91576233, -17.70659095, -17.54833956, -17.32799365, -17.21059194, -17.12789969, -16.94658041, -16.82370127, -16.76318728, -16.57680871, -16.50236484, -16.34243312, -16.26532388, -16.05044978, -15.89506302, -15.80914615, -15.61549868, -15.25164435, -15.17938542, -15.13738854, -15.03393694, -14.74848059, -14.71860297, -14.60658754, -14.50512342, -14.33643004, -14.16813532, -14.13696009, -14.05228622, -13.96995994, -13.82854848, -13.75123344, -13.64213338, -13.57184685, -13.51907409, -13.3925639, -13.3604935, -13.26457554, -13.11446589, -13.08905244, -12.86096922, -12.81566937, -12.56167438, -12.38020189, -12.31982416, -12.23083748, -12.04352127, -11.9780648, -11.90947113, -11.72970546, -11.57927901, -11.38611104, -11.37827038, -11.22526313, -10.84141846, -10.34662824, -10.10965422, -8.04869285, -7.71346137, -6.6538527, -6.63459296, -5.81733033, -5.73293585, -4.57672603, -3.68932643, -3.12372887, -2.12764401, -1.19504773, -0.85224532, -0.17729414, 0.39574675, 0.54655449, 0.54895045, 0.68932411, 0.92308619, 1.84615514, 2.31116881, 2.50788546, 2.68963056, 2.76332287, 2.87155485, 3.17890707, 3.37969847, 3.49364532, 3.52969956, 3.55374061, 3.73330648, 3.88059695, 4.34649991, 4.40657069, 4.64862694, 4.81854656, 4.87806929, 5.07496993, 5.15700591, 5.35301174, 5.81753697, 6.08366532, 6.66270025, 6.90124385, 8.58443748, 9.39369631, 9.68288822, 9.96848465, 10.2970754, 10.38945614, 10.99593096, 11.28996879, 12.76813435, 13.95385866, 14.44008974, 14.59977621, 16.23089316, 17.05106475, 17.29264239, 17.87477883], "fractional occupation": [2.0, 2.0, 2.0, 2.0, 2.0, 2.0, 2.0, 2.0, 2.0, 2.0, 2.0, 2.0, 2.0, 2.0, 2.0, 2.0, 2.0, 2.0, 2.0, 2.0, 2.0, 2.0, 2.0, 2.0, 2.0, 2.0, 2.0, 2.0, 2.0, 2.0, 2.0, 2.0, 2.0, 2.0, 2.0, 2.0, 2.0, 2.0, 2.0, 2.0, 2.0, 2.0, 2.0, 2.0, 2.0, 2.0, 2.0, 2.0, 2.0, 2.0, 2.0, 2.0, 2.0, 2.0, 2.0, 2.0, 2.0, 2.0, 2.0, 2.0, 2.0, 2.0, 2.0, 2.0, 2.0, 2.0, 2.0, 0.0, 0.0, 0.0, 0.0, 0.0, 0.0, 0.0, 0.0, 0.0, 0.0, 0.0, 0.0, 0.0, 0.0, 0.0, 0.0, 0.0, 0.0, 0.0, 0.0, 0.0, 0.0, 0.0, 0.0, 0.0, 0.0, 0.0, 0.0, 0.0, 0.0, 0.0, 0.0, 0.0, 0.0, 0.0, 0.0, 0.0, 0.0, 0.0, 0.0, 0.0, 0.0, 0.0, 0.0, 0.0, 0.0, 0.0, 0.0, 0.0, 0.0, 0.0, 0.0, 0.0, 0.0, 0.0, 0.0, 0.0, 0.0, 0.0], "program call": "xtb /home/svss/Project-DBcg-Debug/aqme2_20220329/End-to-End-workflows-final/example-3/QDESCP/mol_450_rdkit_conf_9/mol_450_rdkit_conf_9.xyz --pop --wbo --acc 0.2 --gfn 2 --chrg 0 --uhf 0 --etemp 300 --input /home/svss/Project-DBcg-Debug/aqme2_20220329/End-to-End-workflows-final/example-3/QDESCP/mol_450_rdkit_conf_9/mol_450_rdkit_conf_9_xtb.inp", "method": "GFN2-xTB", "xtb version": "6.3.3 (7355c4f)", "Dipole module/D": 6.812, "Total charge": 0, "Transition dipole module/D": NaN, "HOMO": -10.1097, "LUMO": -8.0487, "HOMO occupancy": 2.0, "LUMO occupancy": 0, "mulliken charges": [-0.56234, 0.18535, 0.18409, -0.57638, 0.17231, -0.42136, 0.56726, -0.54995, -0.08095, -0.0071, -0.04417, -0.0092, -0.06107, 0.1645, -0.3436, 0.16336, -0.09156, 0.1479, -0.3559, 0.17216, -0.06764, 0.11526, -0.1106, -0.05106, -0.02556, -0.04334, 0.35198, 0.03191, 0.02467, 0.04546, 0.34853, 0.04832, 0.04628, 0.04787, 0.03745, 0.03872, 0.04363, 0.26004, 0.03856, 0.02803, 0.05289, 0.04378, 0.04148], "cm5 charges": [-0.77091, 0.10316, 0.14112, -0.78641, 0.09531, -0.50606, 0.62473, -0.61474, -0.0773, -0.05768, -0.09935, -0.0643, -0.10872, 0.21827, -0.67646, 0.21743, -0.13441, 0.16972, -0.54194, 0.24287, -0.10964, 0.10827, -0.11261, -0.10292, -0.0761, -0.03817, 0.52661, 0.09486, 0.08987, 0.11842, 0.52184, 0.11519, 0.11214, 0.10916, 0.09276, 0.09404, 0.10309, 0.47058, 0.09895, 0.09389, 0.11373, 0.10032, 0.10137], "FUKUI+": [-0.008, 0.004, 0.0, -0.011, 0.011, -0.041, -0.037, -0.071, -0.024, -0.02, -0.017, -0.03, -0.008, -0.018, -0.01, -0.029, -0.014, -0.017, -0.066, -0.008, -0.026, -0.02, -0.074, -0.019, -0.024, -0.008, -0.004, -0.006, -0.012, 0.004, 0.004, -0.013, -0.026, -0.04, -0.045, -0.046, -0.029, -0.015, -0.031, -0.046, -0.042, -0.041, -0.029], "FUKUI-": [-0.055, 0.007, -0.0, -0.01, 0.007, -0.019, -0.003, -0.016, -0.018, -0.012, -0.025, -0.011, -0.014, -0.004, -0.048, -0.01, -0.024, -0.005, -0.098, -0.006, -0.022, -0.014, -0.104, -0.015, -0.014, -0.012, -0.021, -0.021, -0.038, -0.005, -0.004, -0.012, -0.018, -0.031, -0.038, -0.033, -0.021, -0.025, -0.038, -0.049, -0.036, -0.037, -0.028], "FUKUIrad": [-0.031, 0.005, -0.0, -0.01, 0.009, -0.03, -0.02, -0.044, -0.021, -0.016, -0.021, -0.02, -0.011, -0.011, -0.029, -0.02, -0.019, -0.011, -0.082, -0.007, -0.024, -0.017, -0.089, -0.017, -0.019, -0.01, -0.012, -0.014, -0.025, -0.001, -0.0, -0.012, -0.022, -0.036, -0.041, -0.04, -0.025, -0.02, -0.034, -0.048, -0.039, -0.039, -0.028], "s proportion": [1.703, 0.997, 1.034, 1.706, 1.01, 1.699, 0.98, 1.728, 1.081, 1.068, 1.057, 1.065, 1.061, 1.051, 1.441, 1.055, 1.058, 1.03, 1.548, 1.034, 1.065, 1.08, 1.944, 1.061, 1.065, 1.078, 0.648, 0.968, 0.975, 0.955, 0.651, 0.952, 0.954, 0.952, 0.963, 0.961, 0.956, 0.74, 0.961, 0.972, 0.947, 0.956, 0.959], "p proportion": [4.86, 2.818, 2.782, 4.87, 2.818, 4.722, 2.452, 4.822, 3.0, 2.939, 2.988, 2.944, 3.0, 2.785, 3.903, 2.782, 3.034, 2.822, 3.808, 2.794, 3.002, 2.805, 5.178, 2.99, 2.96, 2.965, 0.0, 0.0, 0.0, 0.0, 0.0, 0.0, 0.0, 0.0, 0.0, 0.0, 0.0, 0.0, 0.0, 0.0, 0.0, 0.0, 0.0], "d proportion": [0.0, 0.0, 0.0, 0.0, 0.0, 0.0, 0.0, 0.0, 0.0, 0.0, 0.0, 0.0, 0.0, 0.0, 0.0, 0.0, 0.0, 0.0, 0.0, 0.0, 0.0, 0.0, -0.011, 0.0, 0.0, 0.0, 0.0, 0.0, 0.0, 0.0, 0.0, 0.0, 0.0, 0.0, 0.0, 0.0, 0.0, 0.0, 0.0, 0.0, 0.0, 0.0, 0.0], "Fermi-level/eV": -9.0792, "Coordination numbers": [1.652, 3.674, 3.721, 1.651, 3.696, 1.701, 2.717, 0.856, 2.964, 2.912, 2.91, 2.909, 2.915, 2.891, 2.686, 2.904, 2.906, 2.886, 1.845, 2.956, 2.965, 2.881, 0.967, 2.948, 2.916, 2.981, 0.803, 0.924, 0.924, 0.924, 0.804, 0.924, 0.924, 0.925, 0.925, 0.925, 0.925, 0.859, 0.925, 0.925, 0.925, 0.925, 0.925], "Dispersion coefficient C6": [21.574, 19.688, 19.069, 21.891, 19.703, 18.543, 21.128, 22.377, 29.163, 28.577, 28.904, 28.532, 29.116, 26.121, 24.84, 26.144, 29.527, 26.7, 27.266, 25.77, 29.265, 25.762, 104.377, 28.998, 28.88, 28.361, 0.689, 2.251, 2.418, 2.321, 0.724, 2.187, 2.087, 2.262, 2.418, 2.368, 2.339, 1.032, 2.494, 2.398, 2.044, 2.214, 2.278], "Total dispersion C6": 25444.573048, "Total dispersion C8": 640848.86118, "Polarizability alpha": [6.27, 6.358, 6.237, 6.316, 6.349, 5.814, 7.524, 6.342, 8.858, 8.766, 8.816, 8.759, 8.848, 8.379, 7.402, 8.384, 8.91, 8.471, 7.739, 8.326, 8.873, 8.321, 15.63, 8.832, 8.812, 8.736, 1.304, 2.346, 2.432, 2.382, 1.336, 2.313, 2.259, 2.352, 2.432, 2.406, 2.392, 1.591, 2.47, 2.422, 2.236, 2.327, 2.36], "Total polarizability alpha": 249.435311, "Wiberg matrix": [[0.0, 1.007045148705572, 0.0, 0.0, 0.0, 0.0, 0.0, 0.0, 0.0, 0.0, 0.0, 0.0, 0.0, 0.0, 0.0, 0.0, 0.0, 0.0, 0.0, 0.0, 0.0, 0.0, 0.0, 0.0, 0.0, 0.0, 0.8853286947616991, 0.0, 0.0, 0.0, 0.0, 0.0, 0.0, 0.0, 0.0, 0.0, 0.0, 0.0, 0.0, 0.0, 0.0, 0.0, 0.0], [1.007045148705572, 0.0, 0.9862956496912623, 0.0, 0.0, 0.0, 0.0, 0.0, 0.0, 0.0, 0.0, 0.0, 0.0, 0.0, 0.0, 0.0, 0.0, 0.0, 0.0, 0.0, 0.0, 0.0, 0.0, 0.0, 0.0, 0.0, 0.0, 0.9721077483458979, 0.9695958433700412, 0.0, 0.0, 0.0, 0.0, 0.0, 0.0, 0.0, 0.0, 0.0, 0.0, 0.0, 0.0, 0.0, 0.0], [0.0, 0.9862956496912623, 0.0, 0.9802135091616324, 0.9831896574017829, 0.0, 0.0, 0.0, 0.0, 0.0, 0.0, 0.0, 0.0, 0.0, 0.0, 0.0, 0.0, 0.0, 0.0, 0.0, 0.0, 0.0, 0.0, 0.0, 0.0, 0.0, 0.0, 0.0, 0.0, 0.9606634945273006, 0.0, 0.0, 0.0, 0.0, 0.0, 0.0, 0.0, 0.0, 0.0, 0.0, 0.0, 0.0, 0.0], [0.0, 0.0, 0.9802135091616324, 0.0, 0.0, 0.0, 0.0, 0.0, 0.0, 0.0, 0.0, 0.0, 0.0, 0.0, 0.0, 0.0, 0.0, 0.0, 0.0, 0.0, 0.0, 0.0, 0.0, 0.0, 0.0, 0.0, 0.0, 0.0, 0.0, 0.0, 0.8927573635016657, 0.0, 0.0, 0.0, 0.0, 0.0, 0.0, 0.0, 0.0, 0.0, 0.0, 0.0, 0.0], [0.0, 0.0, 0.9831896574017829, 0.0, 0.0, 0.943127798917307, 0.0, 0.0, 0.0, 0.0, 0.0, 0.0, 0.0, 0.0, 0.0, 0.0, 0.0, 0.0, 0.0, 0.0, 0.0, 0.0, 0.0, 0.0, 0.0, 0.0, 0.0, 0.0, 0.0, 0.0, 0.0, 0.9668093725421685, 0.9679966801687014, 0.0, 0.0, 0.0, 0.0, 0.0, 0.0, 0.0, 0.0, 0.0, 0.0], [0.0, 0.0, 0.0, 0.0, 0.943127798917307, 0.0, 1.1082020474005172, 0.152987709503222, 0.0, 0.0, 0.0, 0.0, 0.0, 0.0, 0.0, 0.0, 0.0, 0.0, 0.0, 0.0, 0.0, 0.0, 0.0, 0.0, 0.0, 0.0, 0.0, 0.0, 0.0, 0.0, 0.0, 0.0, 0.0, 0.0, 0.0, 0.0, 0.0, 0.0, 0.0, 0.0, 0.0, 0.0, 0.0], [0.0, 0.0, 0.0, 0.0, 0.0, 1.1082020474005172, 0.0, 1.6732418914001375, 1.036321931729065, 0.0, 0.0, 0.0, 0.0, 0.0, 0.0, 0.0, 0.0, 0.0, 0.0, 0.0, 0.0, 0.0, 0.0, 0.0, 0.0, 0.0, 0.0, 0.0, 0.0, 0.0, 0.0, 0.0, 0.0, 0.0, 0.0, 0.0, 0.0, 0.0, 0.0, 0.0, 0.0, 0.0, 0.0], [0.0, 0.0, 0.0, 0.0, 0.0, 0.152987709503222, 1.6732418914001375, 0.0, 0.0, 0.0, 0.0, 0.0, 0.0, 0.0, 0.0, 0.0, 0.0, 0.0, 0.0, 0.0, 0.0, 0.0, 0.0, 0.0, 0.0, 0.0, 0.0, 0.0, 0.0, 0.0, 0.0, 0.0, 0.0, 0.0, 0.0, 0.0, 0.0, 0.0, 0.0, 0.0, 0.0, 0.0, 0.0], [0.0, 0.0, 0.0, 0.0, 0.0, 0.0, 1.036321931729065, 0.0, 0.0, 1.3738744631872415, 0.0, 0.0, 0.0, 1.2945372324130917, 0.0, 0.0, 0.0, 0.0, 0.0, 0.0, 0.0, 0.0, 0.0, 0.0, 0.0, 0.0, 0.0, 0.0, 0.0, 0.0, 0.0, 0.0, 0.0, 0.0, 0.0, 0.0, 0.0, 0.0, 0.0, 0.0, 0.0, 0.0, 0.0], [0.0, 0.0, 0.0, 0.0, 0.0, 0.0, 0.0, 0.0, 1.3738744631872415, 0.0, 1.460449816854181, 0.0, 0.10986078680203798, 0.0, 0.0, 0.0, 0.0, 0.0, 0.0, 0.0, 0.0, 0.0, 0.0, 0.0, 0.0, 0.0, 0.0, 0.0, 0.0, 0.0, 0.0, 0.0, 0.0, 0.9666814535452574, 0.0, 0.0, 0.0, 0.0, 0.0, 0.0, 0.0, 0.0, 0.0], [0.0, 0.0, 0.0, 0.0, 0.0, 0.0, 0.0, 0.0, 0.0, 1.460449816854181, 0.0, 1.408409556736357, 0.0, 0.0, 0.0, 0.0, 0.0, 0.0, 0.0, 0.0, 0.0, 0.0, 0.0, 0.0, 0.0, 0.0, 0.0, 0.0, 0.0, 0.0, 0.0, 0.0, 0.0, 0.0, 0.9699414156984243, 0.0, 0.0, 0.0, 0.0, 0.0, 0.0, 0.0, 0.0], [0.0, 0.0, 0.0, 0.0, 0.0, 0.0, 0.0, 0.0, 0.0, 0.0, 1.408409556736357, 0.0, 1.4634026608174855, 0.0, 0.0, 0.0, 0.0, 0.0, 0.0, 0.0, 0.0, 0.0, 0.0, 0.0, 0.0, 0.0, 0.0, 0.0, 0.0, 0.0, 0.0, 0.0, 0.0, 0.0, 0.0, 0.9698641555286313, 0.0, 0.0, 0.0, 0.0, 0.0, 0.0, 0.0], [0.0, 0.0, 0.0, 0.0, 0.0, 0.0, 0.0, 0.0, 0.0, 0.10986078680203798, 0.0, 1.4634026608174855, 0.0, 1.3517649438491244, 0.0, 0.0, 0.0, 0.0, 0.0, 0.0, 0.0, 0.0, 0.0, 0.0, 0.0, 0.0, 0.0, 0.0, 0.0, 0.0, 0.0, 0.0, 0.0, 0.0, 0.0, 0.0, 0.9675338803370173, 0.0, 0.0, 0.0, 0.0, 0.0, 0.0], [0.0, 0.0, 0.0, 0.0, 0.0, 0.0, 0.0, 0.0, 1.2945372324130917, 0.0, 0.0, 0.0, 1.3517649438491244, 0.0, 1.1437115660681694, 0.0, 0.0, 0.0, 0.0, 0.0, 0.0, 0.0, 0.0, 0.0, 0.0, 0.0, 0.0, 0.0, 0.0, 0.0, 0.0, 0.0, 0.0, 0.0, 0.0, 0.0, 0.0, 0.0, 0.0, 0.0, 0.0, 0.0, 0.0], [0.0, 0.0, 0.0, 0.0, 0.0, 0.0, 0.0, 0.0, 0.0, 0.0, 0.0, 0.0, 0.0, 1.1437115660681694, 0.0, 1.0978942219892533, 0.0, 0.0, 0.0, 0.0, 0.0, 0.0, 0.0, 0.0, 0.0, 0.0, 0.0, 0.0, 0.0, 0.0, 0.0, 0.0, 0.0, 0.0, 0.0, 0.0, 0.0, 0.8771799705190597, 0.0, 0.0, 0.0, 0.0, 0.0], [0.0, 0.0, 0.0, 0.0, 0.0, 0.0, 0.0, 0.0, 0.0, 0.0, 0.0, 0.0, 0.0, 0.0, 1.0978942219892533, 0.0, 1.4208286631237144, 0.0, 0.10017225668090986, 0.0, 0.0, 0.0, 0.0, 0.0, 0.0, 1.2370896112351293, 0.0, 0.0, 0.0, 0.0, 0.0, 0.0, 0.0, 0.0, 0.0, 0.0, 0.0, 0.0, 0.0, 0.0, 0.0, 0.0, 0.0], [0.0, 0.0, 0.0, 0.0, 0.0, 0.0, 0.0, 0.0, 0.0, 0.0, 0.0, 0.0, 0.0, 0.0, 0.0, 1.4208286631237144, 0.0, 1.3855758611102162, 0.0, 0.0, 0.0, 0.0, 0.0, 0.0, 0.0, 0.0, 0.0, 0.0, 0.0, 0.0, 0.0, 0.0, 0.0, 0.0, 0.0, 0.0, 0.0, 0.0, 0.9658858345694935, 0.0, 0.0, 0.0, 0.0], [0.0, 0.0, 0.0, 0.0, 0.0, 0.0, 0.0, 0.0, 0.0, 0.0, 0.0, 0.0, 0.0, 0.0, 0.0, 0.0, 1.3855758611102162, 0.0, 1.4751757093419975, 0.0, 0.0, 0.0, 0.0, 0.0, 0.0, 0.0, 0.0, 0.0, 0.0, 0.0, 0.0, 0.0, 0.0, 0.0, 0.0, 0.0, 0.0, 0.0, 0.0, 0.9641430892535554, 0.0, 0.0, 0.0], [0.0, 0.0, 0.0, 0.0, 0.0, 0.0, 0.0, 0.0, 0.0, 0.0, 0.0, 0.0, 0.0, 0.0, 0.0, 0.10017225668090986, 0.0, 1.4751757093419975, 0.0, 1.3014158328487997, 0.0, 0.0, 0.0, 0.0, 0.0, 0.0, 0.0, 0.0, 0.0, 0.0, 0.0, 0.0, 0.0, 0.0, 0.0, 0.0, 0.0, 0.0, 0.0, 0.0, 0.0, 0.0, 0.0], [0.0, 0.0, 0.0, 0.0, 0.0, 0.0, 0.0, 0.0, 0.0, 0.0, 0.0, 0.0, 0.0, 0.0, 0.0, 0.0, 0.0, 0.0, 1.3014158328487997, 0.0, 1.2948888469778848, 0.0, 0.0, 0.0, 0.0, 1.2183247652258775, 0.0, 0.0, 0.0, 0.0, 0.0, 0.0, 0.0, 0.0, 0.0, 0.0, 0.0, 0.0, 0.0, 0.0, 0.0, 0.0, 0.0], [0.0, 0.0, 0.0, 0.0, 0.0, 0.0, 0.0, 0.0, 0.0, 0.0, 0.0, 0.0, 0.0, 0.0, 0.0, 0.0, 0.0, 0.0, 0.0, 1.2948888469778848, 0.0, 1.4682358192431713, 0.0, 0.0, 0.12440762606086858, 0.0, 0.0, 0.0, 0.0, 0.0, 0.0, 0.0, 0.0, 0.0, 0.0, 0.0, 0.0, 0.0, 0.0, 0.0, 0.9629097041265464, 0.0, 0.0], [0.0, 0.0, 0.0, 0.0, 0.0, 0.0, 0.0, 0.0, 0.0, 0.0, 0.0, 0.0, 0.0, 0.0, 0.0, 0.0, 0.0, 0.0, 0.0, 0.0, 1.4682358192431713, 0.0, 0.982646686272524, 1.333634674665863, 0.0, 0.0, 0.0, 0.0, 0.0, 0.0, 0.0, 0.0, 0.0, 0.0, 0.0, 0.0, 0.0, 0.0, 0.0, 0.0, 0.0, 0.0, 0.0], [0.0, 0.0, 0.0, 0.0, 0.0, 0.0, 0.0, 0.0, 0.0, 0.0, 0.0, 0.0, 0.0, 0.0, 0.0, 0.0, 0.0, 0.0, 0.0, 0.0, 0.0, 0.982646686272524, 0.0, 0.0, 0.0, 0.0, 0.0, 0.0, 0.0, 0.0, 0.0, 0.0, 0.0, 0.0, 0.0, 0.0, 0.0, 0.0, 0.0, 0.0, 0.0, 0.0, 0.0], [0.0, 0.0, 0.0, 0.0, 0.0, 0.0, 0.0, 0.0, 0.0, 0.0, 0.0, 0.0, 0.0, 0.0, 0.0, 0.0, 0.0, 0.0, 0.0, 0.0, 0.0, 1.333634674665863, 0.0, 0.0, 1.5153286963882746, 0.0, 0.0, 0.0, 0.0, 0.0, 0.0, 0.0, 0.0, 0.0, 0.0, 0.0, 0.0, 0.0, 0.0, 0.0, 0.0, 0.9667887149029974, 0.0], [0.0, 0.0, 0.0, 0.0, 0.0, 0.0, 0.0, 0.0, 0.0, 0.0, 0.0, 0.0, 0.0, 0.0, 0.0, 0.0, 0.0, 0.0, 0.0, 0.0, 0.12440762606086858, 0.0, 0.0, 1.5153286963882746, 0.0, 1.3021379403265791, 0.0, 0.0, 0.0, 0.0, 0.0, 0.0, 0.0, 0.0, 0.0, 0.0, 0.0, 0.0, 0.0, 0.0, 0.0, 0.0, 0.964997945093541], [0.0, 0.0, 0.0, 0.0, 0.0, 0.0, 0.0, 0.0, 0.0, 0.0, 0.0, 0.0, 0.0, 0.0, 0.0, 1.2370896112351293, 0.0, 0.0, 0.0, 1.2183247652258775, 0.0, 0.0, 0.0, 0.0, 1.3021379403265791, 0.0, 0.0, 0.0, 0.0, 0.0, 0.0, 0.0, 0.0, 0.0, 0.0, 0.0, 0.0, 0.0, 0.0, 0.0, 0.0, 0.0, 0.0], [0.8853286947616991, 0.0, 0.0, 0.0, 0.0, 0.0, 0.0, 0.0, 0.0, 0.0, 0.0, 0.0, 0.0, 0.0, 0.0, 0.0, 0.0, 0.0, 0.0, 0.0, 0.0, 0.0, 0.0, 0.0, 0.0, 0.0, 0.0, 0.0, 0.0, 0.0, 0.0, 0.0, 0.0, 0.0, 0.0, 0.0, 0.0, 0.0, 0.0, 0.0, 0.0, 0.0, 0.0], [0.0, 0.9721077483458979, 0.0, 0.0, 0.0, 0.0, 0.0, 0.0, 0.0, 0.0, 0.0, 0.0, 0.0, 0.0, 0.0, 0.0, 0.0, 0.0, 0.0, 0.0, 0.0, 0.0, 0.0, 0.0, 0.0, 0.0, 0.0, 0.0, 0.0, 0.0, 0.0, 0.0, 0.0, 0.0, 0.0, 0.0, 0.0, 0.0, 0.0, 0.0, 0.0, 0.0, 0.0], [0.0, 0.9695958433700412, 0.0, 0.0, 0.0, 0.0, 0.0, 0.0, 0.0, 0.0, 0.0, 0.0, 0.0, 0.0, 0.0, 0.0, 0.0, 0.0, 0.0, 0.0, 0.0, 0.0, 0.0, 0.0, 0.0, 0.0, 0.0, 0.0, 0.0, 0.0, 0.0, 0.0, 0.0, 0.0, 0.0, 0.0, 0.0, 0.0, 0.0, 0.0, 0.0, 0.0, 0.0], [0.0, 0.0, 0.9606634945273006, 0.0, 0.0, 0.0, 0.0, 0.0, 0.0, 0.0, 0.0, 0.0, 0.0, 0.0, 0.0, 0.0, 0.0, 0.0, 0.0, 0.0, 0.0, 0.0, 0.0, 0.0, 0.0, 0.0, 0.0, 0.0, 0.0, 0.0, 0.0, 0.0, 0.0, 0.0, 0.0, 0.0, 0.0, 0.0, 0.0, 0.0, 0.0, 0.0, 0.0], [0.0, 0.0, 0.0, 0.8927573635016657, 0.0, 0.0, 0.0, 0.0, 0.0, 0.0, 0.0, 0.0, 0.0, 0.0, 0.0, 0.0, 0.0, 0.0, 0.0, 0.0, 0.0, 0.0, 0.0, 0.0, 0.0, 0.0, 0.0, 0.0, 0.0, 0.0, 0.0, 0.0, 0.0, 0.0, 0.0, 0.0, 0.0, 0.0, 0.0, 0.0, 0.0, 0.0, 0.0], [0.0, 0.0, 0.0, 0.0, 0.9668093725421685, 0.0, 0.0, 0.0, 0.0, 0.0, 0.0, 0.0, 0.0, 0.0, 0.0, 0.0, 0.0, 0.0, 0.0, 0.0, 0.0, 0.0, 0.0, 0.0, 0.0, 0.0, 0.0, 0.0, 0.0, 0.0, 0.0, 0.0, 0.0, 0.0, 0.0, 0.0, 0.0, 0.0, 0.0, 0.0, 0.0, 0.0, 0.0], [0.0, 0.0, 0.0, 0.0, 0.9679966801687014, 0.0, 0.0, 0.0, 0.0, 0.0, 0.0, 0.0, 0.0, 0.0, 0.0, 0.0, 0.0, 0.0, 0.0, 0.0, 0.0, 0.0, 0.0, 0.0, 0.0, 0.0, 0.0, 0.0, 0.0, 0.0, 0.0, 0.0, 0.0, 0.0, 0.0, 0.0, 0.0, 0.0, 0.0, 0.0, 0.0, 0.0, 0.0], [0.0, 0.0, 0.0, 0.0, 0.0, 0.0, 0.0, 0.0, 0.0, 0.9666814535452574, 0.0, 0.0, 0.0, 0.0, 0.0, 0.0, 0.0, 0.0, 0.0, 0.0, 0.0, 0.0, 0.0, 0.0, 0.0, 0.0, 0.0, 0.0, 0.0, 0.0, 0.0, 0.0, 0.0, 0.0, 0.0, 0.0, 0.0, 0.0, 0.0, 0.0, 0.0, 0.0, 0.0], [0.0, 0.0, 0.0, 0.0, 0.0, 0.0, 0.0, 0.0, 0.0, 0.0, 0.9699414156984243, 0.0, 0.0, 0.0, 0.0, 0.0, 0.0, 0.0, 0.0, 0.0, 0.0, 0.0, 0.0, 0.0, 0.0, 0.0, 0.0, 0.0, 0.0, 0.0, 0.0, 0.0, 0.0, 0.0, 0.0, 0.0, 0.0, 0.0, 0.0, 0.0, 0.0, 0.0, 0.0], [0.0, 0.0, 0.0, 0.0, 0.0, 0.0, 0.0, 0.0, 0.0, 0.0, 0.0, 0.9698641555286313, 0.0, 0.0, 0.0, 0.0, 0.0, 0.0, 0.0, 0.0, 0.0, 0.0, 0.0, 0.0, 0.0, 0.0, 0.0, 0.0, 0.0, 0.0, 0.0, 0.0, 0.0, 0.0, 0.0, 0.0, 0.0, 0.0, 0.0, 0.0, 0.0, 0.0, 0.0], [0.0, 0.0, 0.0, 0.0, 0.0, 0.0, 0.0, 0.0, 0.0, 0.0, 0.0, 0.0, 0.9675338803370173, 0.0, 0.0, 0.0, 0.0, 0.0, 0.0, 0.0, 0.0, 0.0, 0.0, 0.0, 0.0, 0.0, 0.0, 0.0, 0.0, 0.0, 0.0, 0.0, 0.0, 0.0, 0.0, 0.0, 0.0, 0.0, 0.0, 0.0, 0.0, 0.0, 0.0], [0.0, 0.0, 0.0, 0.0, 0.0, 0.0, 0.0, 0.0, 0.0, 0.0, 0.0, 0.0, 0.0, 0.0, 0.8771799705190597, 0.0, 0.0, 0.0, 0.0, 0.0, 0.0, 0.0, 0.0, 0.0, 0.0, 0.0, 0.0, 0.0, 0.0, 0.0, 0.0, 0.0, 0.0, 0.0, 0.0, 0.0, 0.0, 0.0, 0.0, 0.0, 0.0, 0.0, 0.0], [0.0, 0.0, 0.0, 0.0, 0.0, 0.0, 0.0, 0.0, 0.0, 0.0, 0.0, 0.0, 0.0, 0.0, 0.0, 0.0, 0.9658858345694935, 0.0, 0.0, 0.0, 0.0, 0.0, 0.0, 0.0, 0.0, 0.0, 0.0, 0.0, 0.0, 0.0, 0.0, 0.0, 0.0, 0.0, 0.0, 0.0, 0.0, 0.0, 0.0, 0.0, 0.0, 0.0, 0.0], [0.0, 0.0, 0.0, 0.0, 0.0, 0.0, 0.0, 0.0, 0.0, 0.0, 0.0, 0.0, 0.0, 0.0, 0.0, 0.0, 0.0, 0.9641430892535554, 0.0, 0.0, 0.0, 0.0, 0.0, 0.0, 0.0, 0.0, 0.0, 0.0, 0.0, 0.0, 0.0, 0.0, 0.0, 0.0, 0.0, 0.0, 0.0, 0.0, 0.0, 0.0, 0.0, 0.0, 0.0], [0.0, 0.0, 0.0, 0.0, 0.0, 0.0, 0.0, 0.0, 0.0, 0.0, 0.0, 0.0, 0.0, 0.0, 0.0, 0.0, 0.0, 0.0, 0.0, 0.0, 0.9629097041265464, 0.0, 0.0, 0.0, 0.0, 0.0, 0.0, 0.0, 0.0, 0.0, 0.0, 0.0, 0.0, 0.0, 0.0, 0.0, 0.0, 0.0, 0.0, 0.0, 0.0, 0.0, 0.0], [0.0, 0.0, 0.0, 0.0, 0.0, 0.0, 0.0, 0.0, 0.0, 0.0, 0.0, 0.0, 0.0, 0.0, 0.0, 0.0, 0.0, 0.0, 0.0, 0.0, 0.0, 0.0, 0.0, 0.9667887149029974, 0.0, 0.0, 0.0, 0.0, 0.0, 0.0, 0.0, 0.0, 0.0, 0.0, 0.0, 0.0, 0.0, 0.0, 0.0, 0.0, 0.0, 0.0, 0.0], [0.0, 0.0, 0.0, 0.0, 0.0, 0.0, 0.0, 0.0, 0.0, 0.0, 0.0, 0.0, 0.0, 0.0, 0.0, 0.0, 0.0, 0.0, 0.0, 0.0, 0.0, 0.0, 0.0, 0.0, 0.964997945093541, 0.0, 0.0, 0.0, 0.0, 0.0, 0.0, 0.0, 0.0, 0.0, 0.0, 0.0, 0.0, 0.0, 0.0, 0.0, 0.0, 0.0, 0.0]], "Born radii": [], "Atomic SASAs": [], "Solvent H bonds": [], "Total SASA": NaN, "Total FOD": 0.0, "FOD": [0.0, 0.0, 0.0, 0.0, 0.0, 0.0, 0.0, 0.0, 0.0, 0.0, 0.0, 0.0, 0.0, 0.0, 0.0, 0.0, 0.0, 0.0, 0.0, 0.0, 0.0, 0.0, 0.0, 0.0, 0.0, 0.0, 0.0, 0.0, 0.0, 0.0, 0.0, 0.0, 0.0, 0.0, 0.0, 0.0, 0.0, 0.0, 0.0, 0.0, 0.0, 0.0, 0.0], "FOD s proportion": [0.0, 0.0, 0.0, 0.0, 0.0, 0.0, 0.0, 0.0, 0.0, 0.0, 0.0, 0.0, 0.0, 0.0, 0.0, 0.0, 0.0, 0.0, 0.0, 0.0, 0.0, 0.0, 0.0, 0.0, 0.0, 0.0, 0.0, 0.0, 0.0, 0.0, 0.0, 0.0, 0.0, 0.0, 0.0, 0.0, 0.0, 0.0, 0.0, 0.0, 0.0, 0.0, 0.0], "FOD p proportion": [0.0, 0.0, 0.0, 0.0, 0.0, 0.0, 0.0, 0.0, 0.0, 0.0, 0.0, 0.0, 0.0, 0.0, 0.0, 0.0, 0.0, 0.0, 0.0, 0.0, 0.0, 0.0, 0.0, 0.0, 0.0, 0.0, 0.0, 0.0, 0.0, 0.0, 0.0, 0.0, 0.0, 0.0, 0.0, 0.0, 0.0, 0.0, 0.0, 0.0, 0.0, 0.0, 0.0], "FOD d proportion": [0.0, 0.0, 0.0, 0.0, 0.0, 0.0, 0.0, 0.0, 0.0, 0.0, 0.0, 0.0, 0.0, 0.0, 0.0, 0.0, 0.0, 0.0, 0.0, 0.0, 0.0, 0.0, 0.0, 0.0, 0.0, 0.0, 0.0, 0.0, 0.0, 0.0, 0.0, 0.0, 0.0, 0.0, 0.0, 0.0, 0.0, 0.0, 0.0, 0.0, 0.0, 0.0, 0.0], "coordinates": [["4.59620", "-3.66750", "-1.15140"], ["4.53220", "-2.91120", "0.05730"], ["3.84330", "-1.57460", "-0.21490"], ["4.59170", "-0.89500", "-1.24090"], ["3.79120", "-0.70690", "1.04360"], ["3.10160", "0.52910", "0.76170"], ["1.74780", "0.47280", "0.84490"], ["1.10030", "-0.53270", "1.09870"], ["1.13370", "1.80020", "0.55040"], ["1.93610", "2.95610", "0.50910"], ["1.37090", "4.20330", "0.24470"], ["0.00200", "4.31000", "0.02960"], ["-0.80280", "3.16950", "0.07100"], ["-0.25920", "1.89680", "0.31870"], ["-1.10310", "0.76020", "0.35210"], ["-2.22120", "0.41560", "-0.45170"], ["-2.43030", "1.00770", "-1.69750"], ["-3.53310", "0.62980", "-2.43620"], ["-4.43570", "-0.28200", "-2.02640"], ["-4.25280", "-0.85770", "-0.82910"], ["-5.18620", "-1.79380", "-0.41000"], ["-5.07090", "-2.42870", "0.82380"], ["-6.25180", "-3.58300", "1.30730"], ["-4.01140", "-2.13290", "1.66900"], ["-3.06120", "-1.19540", "1.26710"], ["-3.15870", "-0.54660", "0.01220"], ["4.90060", "-3.03360", "-1.83140"], ["3.98830", "-3.49730", "0.80360"], ["5.56080", "-2.76280", "0.40210"], ["2.84440", "-1.74290", "-0.63120"], ["4.18700", "-0.01280", "-1.33520"], ["3.32310", "-1.22840", "1.88660"], ["4.80410", "-0.42310", "1.35000"], ["3.00700", "2.90300", "0.69130"], ["1.99710", "5.09220", "0.21870"], ["-0.44680", "5.28240", "-0.16000"], ["-1.87610", "3.28580", "-0.06620"], ["-0.61350", "-0.08140", "0.67910"], ["-1.73670", "1.72880", "-2.11270"], ["-3.72390", "1.06060", "-3.41510"], ["-6.02180", "-2.02760", "-1.06500"], ["-3.91830", "-2.62010", "2.63580"], ["-2.24400", "-0.96600", "1.94770"]], "bond_dist": [[0.0, 1.427249585741751, 2.4133215844557476, 2.7739478636052266, 3.77242658775489, 4.848219501012717, 5.407465241682095, 5.206845288656078, 6.691843750417369, 7.3284015460399, 8.619811363365208, 9.281268280251357, 8.797046763545138, 7.529776733741844, 7.372045851051117, 7.977357235325493, 8.457388633614988, 9.284557976554405, 9.685166640796638, 9.289976013424361, 9.98778130567545, 9.944287952890342, 11.123463936202606, 9.186970723802268, 8.402154213057505, 8.439932214182765, 0.9782068135113353, 2.0543941807744686, 2.0401709487197395, 2.6539586356987552, 3.682126989933943, 4.098711556086863, 4.10199411628052, 7.006609035760451, 9.239309439021946, 10.32063142302834, 9.561208460231374, 6.5842097133976525, 8.375546178608294, 9.833785197471013, 10.744238501168892, 9.37745385752444, 7.9806553051738796], [1.427249585741751, 0.0, 1.528128139260579, 2.3987342349664336, 2.5260259658206206, 3.7918939608063935, 4.452488418850744, 4.303453708360298, 5.830114906243272, 6.4318790209393715, 7.7874929662889585, 8.52462367321866, 8.08933403810227, 6.792842403589236, 6.732212941522274, 7.545534493990468, 8.18006763419472, 9.15452278057136, 9.57484875807446, 9.065251911006115, 9.793582113302568, 9.645717086354958, 10.876969763679588, 8.72905657788973, 7.878280855618184, 8.04632276136124, 1.928182566563654, 1.0937568788355112, 1.0949555059453335, 2.1650926031003843, 3.2340287336385867, 2.7640689463180905, 2.817027601923702, 6.044262790448475, 8.396856169424362, 9.590241980784425, 8.915400727953848, 5.905305391764256, 8.095530075912261, 9.7977519977799, 10.650221699570388, 8.83992939508003, 7.298924690665057], [2.4133215844557476, 1.528128139260579, 0.0, 1.440359232969331, 1.5295227850542144, 2.4350400694855105, 3.1154683516286927, 3.21483274370534, 4.395098552933711, 4.968785599117757, 6.3014381160176445, 7.0316344543783, 6.646387652702782, 5.40054193299154, 5.499059283186535, 6.387106585144795, 6.944381398656039, 8.012791648982269, 8.572875130899785, 8.150952242529703, 9.034267147920744, 9.015062181704574, 10.404893435782993, 8.096733303623136, 7.071933037720309, 7.080703525074328, 2.4206686142468983, 2.180628932211989, 2.1776855810699582, 1.0951857331064903, 1.9525421941663643, 2.1924335178061845, 2.167487231796303, 4.644297351591519, 6.93128311642224, 8.08866002623426, 7.5071390162964216, 4.784553111838138, 6.756515107657202, 8.628329787392227, 9.912016798815467, 8.334386318140046, 6.488640382237254], [2.7739478636052266, 2.3987342349664336, 1.440359232969331, 0.0, 2.4279872549088886, 2.8738242082632683, 3.782751074284429, 4.218395833726371, 4.736097837882997, 4.9945653034072945, 6.210734488770229, 7.054894849677067, 6.880543009821246, 5.8101402917657685, 6.140690765703807, 6.982557941757449, 7.289529124024404, 8.352612296162201, 9.082220544007948, 8.854160083260297, 9.85421557811681, 9.999052982157862, 11.458628167891654, 9.165873882505696, 8.05898148465425, 7.858774861898006, 2.2400266560913953, 3.3639317918174263, 2.6696967337134003, 2.0356143519832046, 0.9751673805044957, 3.3914241507071923, 2.6420761116970115, 4.54636942295718, 6.686474793192597, 8.04456946144416, 7.790471460059398, 5.607356953146464, 6.906012470304409, 8.814801209329682, 10.675209872410004, 9.509199382703045, 7.54314294243454], [3.77242658775489, 2.5260259658206206, 1.5295227850542144, 2.4279872549088886, 0.0, 1.4431603410570844, 2.3678381152435235, 2.697095560042321, 3.6866113030803773, 4.140610493634967, 5.532283194125188, 6.3683214625205595, 6.089110256843769, 4.869340187335446, 5.156037931396548, 6.296418196085772, 7.011458095146828, 8.21834201162254, 8.791320925776741, 8.260489206457448, 9.15904008780396, 9.030488563195238, 10.450040090832188, 7.956454481739967, 6.873424929392915, 7.027844054900478, 3.861337365473263, 2.8076289943651744, 2.787423760392381, 2.1851044094047314, 2.509406680870998, 1.0962339440101276, 1.09562302367192, 3.710857439999548, 6.126076691488607, 7.435120136890863, 7.020797577198761, 4.463798000582016, 6.815610214060073, 8.915199938868449, 10.123507862890214, 8.101347130570323, 6.108041311255188], [4.848219501012717, 3.7918939608063935, 2.4350400694855105, 2.8738242082632683, 1.4431603410570844, 0.0, 1.3575221434658071, 2.2904562711390057, 2.35222730831865, 2.704168265844417, 4.094185771310334, 4.943550887772877, 4.763729422416852, 3.6553835544303688, 4.230919694345427, 5.4605330921074, 6.072778623496825, 7.3658637640130165, 8.077269099763855, 7.65121286071692, 8.686562849597074, 8.691501222458637, 10.231966444921524, 7.648804239225893, 6.419457395294403, 6.3961110707991935, 4.7595587925773115, 4.123092220651873, 4.1247524059026865, 2.677369277854663, 2.4225479107749344, 2.098396652208538, 2.0374709764804013, 2.3768269878137955, 4.726166613652126, 6.002877171823525, 5.749983529541628, 3.7658333765582355, 5.7541812918954856, 8.01970078868283, 9.649351032064281, 7.9188829679444055, 5.676033771041183], [5.407465241682095, 4.452488418850744, 3.1154683516286927, 3.782751074284429, 2.3678381152435235, 1.3575221434658071, 0.0, 1.2225796252187422, 1.4919248707625998, 2.5129658612882113, 3.797225816303265, 4.293790350028748, 3.791658273104263, 2.516487917713892, 2.90741834107168, 4.175811825262245, 4.920003595527141, 6.219177680369005, 6.8592826869870285, 6.370220295248822, 7.402202751208589, 7.410385762563242, 8.9809201956147, 6.3747312053136795, 5.107604632310532, 5.079990935031282, 5.4219526454959, 4.558863888075625, 5.020373312812505, 2.879362648226166, 3.3073161339672383, 2.5418084939664514, 3.2247065773493255, 2.741359086292783, 4.668311610207699, 5.381295878317786, 4.677149069679093, 2.4311242193684794, 4.739902320723497, 6.9593541173014035, 8.382505730985216, 6.699107584596623, 4.384151060353647], [5.206845288656078, 4.303453708360298, 3.21483274370534, 4.218395833726371, 2.697095560042321, 2.2904562711390057, 1.2225796252187422, 0.0, 2.3966999937413944, 3.6356450926898796, 4.8199830248663735, 5.079466604871027, 4.287684892806373, 2.891212634864478, 2.6615735064055626, 3.78620856530646, 4.759905772176587, 5.942669418704022, 6.362106294302226, 5.6989224814871795, 6.586852901803714, 6.461740899324268, 7.962488207840562, 5.386590667574435, 4.217299147558779, 4.395424491445622, 5.411309167844691, 4.149274776391652, 5.035340884190464, 2.7384343811747613, 3.9650828629424635, 2.4587852163212633, 3.7139329948182964, 3.9503815182840247, 5.763518912088343, 6.147620036241667, 4.979647700390059, 1.821221098603901, 4.8452080667397555, 6.7960209659770765, 7.592142787777374, 5.648562749053957, 3.477483627567498], [6.691843750417369, 5.830114906243272, 4.395098552933711, 4.736097837882997, 3.6866113030803773, 2.35222730831865, 1.4919248707625998, 2.3966999937413944, 0.0, 1.4077131312877635, 2.4340513429260273, 2.8019767254565116, 2.419677478508241, 1.4153398390492653, 2.4747115246024127, 3.765192635178179, 4.287564187274635, 5.662917795624443, 6.480252421009539, 6.162940443489617, 7.3335080398128705, 7.513681117135595, 9.170460735426547, 6.572107392610075, 5.204273653450595, 4.921567559223382, 6.574810209428102, 6.022985775344319, 6.359416349005622, 4.108068969722879, 4.020584192626738, 3.96879336322767, 4.365118464600932, 2.1783648776088915, 3.419466105987892, 3.88951992538925, 3.412638123212012, 2.570931755220274, 3.916171054742119, 6.314148887221459, 8.274222032916448, 7.029270890355557, 4.584012109495349], [7.3284015460399, 6.4318790209393715, 4.968785599117757, 4.9945653034072945, 4.140610493634967, 2.704168265844417, 2.5129658612882113, 3.6356450926898796, 1.4077131312877635, 0.0, 1.3945846119902507, 2.40908868039348, 2.781913798089366, 2.444935733306706, 3.7527806290802554, 4.965925913664037, 5.266003710594971, 6.633144987108302, 7.583791077027373, 7.391774677978218, 8.610078519386452, 8.842689417253101, 10.50897989626015, 7.913030093459774, 6.540835079712682, 6.20264491487301, 7.081151501698011, 6.778246576364717, 6.771684893732136, 4.919948574934498, 4.157205853695484, 4.618583711485589, 4.5112669451053335, 1.0875859782104587, 2.156612243774944, 3.3967011805573946, 3.869436783305808, 3.969353399484606, 4.676490176403666, 7.143379164653099, 9.520673763447627, 8.36007528016345, 5.909794783239094], [8.619811363365208, 7.7874929662889585, 6.3014381160176445, 6.210734488770229, 5.532283194125188, 4.094185771310334, 3.797225816303265, 4.8199830248663735, 2.4340513429260273, 1.3945846119902507, 0.0, 1.3897985861267812, 2.4132728440853928, 2.8253573685464994, 4.2411258375577585, 5.26638648980494, 5.332271714757229, 6.633727689617655, 7.680651981440117, 7.641516153879412, 8.910073002506769, 9.263669254134669, 10.948111332097422, 8.434762250354185, 7.059374891589198, 6.56756289806196, 8.315148520020552, 8.152447014853882, 8.13059567190498, 6.188351759556012, 5.310555755285882, 6.000857050455376, 5.866185071236672, 2.1370668824348944, 1.0876330493323567, 2.1522714024955123, 3.388432389763738, 4.741856262056031, 4.61927080500808, 7.016244463386378, 9.756610179257958, 8.958335973270929, 6.53371054608329], [9.281268280251357, 8.52462367321866, 7.0316344543783, 7.054894849677067, 6.3683214625205595, 4.943550887772877, 4.293790350028748, 5.079466604871027, 2.8019767254565116, 2.40908868039348, 1.3897985861267812, 0.0, 1.3964803077737968, 2.4444505497145976, 3.731800142022613, 4.510057570585989, 4.450184601789009, 5.667536827405712, 6.708709360972496, 6.748763740123075, 8.022907318422666, 8.472021349123242, 10.150959596511061, 7.7656920058678605, 6.420594182005275, 5.7945569985979075, 9.021533346388518, 8.800204371490471, 9.00352783801994, 6.719634871776887, 6.169562697631008, 6.719525933427148, 6.870651801685193, 3.3834185212592307, 2.1512832588945607, 1.087626480001292, 2.1413600561325503, 4.4816385909620156, 3.778243033474686, 6.025519833176221, 8.811894765599508, 8.377787090873102, 6.046470012329507], [8.797046763545138, 8.08933403810227, 6.646387652702782, 6.880543009821246, 6.089110256843769, 4.763729422416852, 3.791658273104263, 4.287684892806373, 2.419677478508241, 2.781913798089366, 2.4132728440853928, 1.3964803077737968, 0.0, 1.4059237319285853, 2.444161162853219, 3.141502675472361, 3.2326038637606067, 4.493402499220385, 5.432301668722016, 5.378756347893071, 6.639269797952181, 7.079776033886948, 8.764490569337159, 6.400325282358702, 5.058001362198314, 4.400354697067044, 8.638654231418226, 8.242424656009906, 8.706159627528088, 6.158475983553074, 6.082970965737056, 6.297696291502155, 6.780851227537734, 3.8691562878746577, 3.3997103685461205, 2.155097076699794, 1.0882657855505706, 3.3126984333017697, 2.7778285386250894, 5.0133000738036815, 7.452402660216368, 7.057195437990931, 4.764600778659216], [7.529776733741844, 6.792842403589236, 5.40054193299154, 5.8101402917657685, 4.869340187335446, 3.6553835544303688, 2.516487917713892, 2.891212634864478, 1.4153398390492653, 2.444935733306706, 2.8253573685464994, 2.4444505497145976, 1.4059237319285853, 0.0, 1.4160304834289408, 2.5762207979907314, 3.093418248475301, 4.462419099546792, 5.262111334816093, 4.9853340961263575, 6.198940316699299, 6.489802242749774, 8.180268501705797, 5.6692854064687905, 4.279295198978448, 3.804109102010614, 7.453543466700922, 6.882782799856464, 7.455952502531116, 4.876685253325254, 5.113770801473215, 5.005802507091146, 5.664143588398868, 3.4379254849400094, 3.9129874584516626, 3.4244174409671495, 2.16606431575796, 2.0417374684322174, 2.850076527042739, 5.161844531754128, 7.107960312916779, 6.257823170240591, 3.845607348651186], [7.372045851051117, 6.732212941522274, 5.499059283186535, 6.140690765703807, 5.156037931396548, 4.230919694345427, 2.90741834107168, 2.6615735064055626, 2.4747115246024127, 3.7527806290802554, 4.2411258375577585, 3.731800142022613, 2.444161162853219, 1.4160304834289408, 0.0, 1.419503860509016, 2.4542975064160415, 3.700881118058239, 4.224886489599454, 3.73275286350436, 4.8760043088578175, 5.112242261473922, 6.80330103479186, 4.3084175876996875, 2.9147473252410747, 2.4594205842027104, 7.430007024222791, 6.652256193202424, 7.53800983085058, 4.776520150695482, 5.60621693301285, 5.0892501068428535, 6.106636974636694, 4.647533807300383, 5.328720259124136, 4.598181046892347, 2.6741651500982506, 1.0270967432525526, 2.7230266175709703, 4.598981261105551, 5.828688612372425, 4.956517408422974, 2.612921470308666], [7.977357235325493, 7.545534493990468, 6.387106585144795, 6.982557941757449, 6.296418196085772, 5.4605330921074, 4.175811825262245, 3.78620856530646, 3.765192635178179, 4.965925913664037, 5.26638648980494, 4.510057570585989, 3.141502675472361, 2.5762207979907314, 1.419503860509016, 0.0, 1.395106755771758, 2.3885567818245392, 2.805411930537118, 2.4271634081783615, 3.69789294734177, 4.223474023833933, 5.943788297037504, 3.7678955372993026, 2.501038672231999, 1.421245334205182, 8.032470850865256, 7.446103326572899, 8.44930322571039, 5.509232783246683, 6.48298743250363, 6.237759644295378, 7.300984910955507, 5.901498369058489, 6.3335676052285095, 5.188383803266678, 2.9164622918872105, 2.027416318864973, 2.1721315544874344, 3.384652397218952, 4.559596856082783, 4.650621372461964, 2.768837077186016], [8.457388633614988, 8.18006763419472, 6.944381398656039, 7.289529124024404, 7.011458095146828, 6.072778623496825, 4.920003595527141, 4.759905772176587, 4.287564187274635, 5.266003710594971, 5.332271714757229, 4.450184601789009, 3.2326038637606067, 3.093418248475301, 2.4542975064160415, 1.395106755771758, 0.0, 1.3800920041794316, 2.4068922825918073, 2.748698231890871, 4.13534077314071, 5.01383755321211, 6.686345173560815, 4.8679120596000915, 3.747070533096488, 2.4227028583794588, 8.372104258189813, 8.230975165191547, 9.08199700616555, 6.043612838360842, 6.705321828965408, 7.137753678854433, 7.979410269562533, 6.234000226179014, 6.321141783728633, 4.9569384291112595, 2.8562242453981095, 3.1835716750216254, 1.0832622997224632, 2.1508949602432934, 4.744678554970822, 5.8440196551688635, 4.149419528078596], [9.284557976554405, 9.15452278057136, 8.012791648982269, 8.352612296162201, 8.21834201162254, 7.3658637640130165, 6.219177680369005, 5.942669418704022, 5.662917795