{"total energy": -50.84940151, "HOMO-LUMO gap/eV": 3.53658889, "electronic energy": -51.44242049, "dipole": [0.99689093, -0.09846297, -0.21093404], "partial charges": [-0.37978296, 0.27968528, -0.17513683, 0.33925778, -0.42170189, -0.1760316, 0.28228291, -0.37982822, -0.02223828, -0.05276311, -0.10453352, -0.05180543, -0.06503021, -0.00935032, -0.1060513, -0.10751587, 0.23281152, 0.23244962, 0.05835335, 0.06175658, 0.04626354, 0.04181284, 0.03951947, 0.05500081, 0.03958371, 0.04421116, 0.04741409, 0.0320602, 0.02934262, 0.03694861, 0.0394973, 0.03520419, 0.03924543, 0.03906854], "atomic dipole moments": [[0.07326205, 0.05198725, 0.16409454], [-0.02178215, 0.07840761, 0.03007767], [-0.02687291, -0.0349501, 0.0580768], [0.03922429, -0.07647626, -0.03005102], [0.09268455, -0.17984348, -0.07220612], [-0.07111611, -0.01415229, -0.04199404], [-0.02109932, 0.08624425, 0.02560677], [-0.00265158, 0.12518733, -0.13824521], [0.00336962, 0.03454641, 0.00258142], [-0.0594527, 0.13734281, 0.04441667], [0.11573441, 0.02740319, -0.01913756], [-0.08951796, -0.07552098, 0.08782959], [-0.00029853, 0.09776449, -0.0915962], [-0.01897168, 0.00430825, 0.09983716], [-0.03295653, -0.09419229, -0.02914191], [-0.06807854, 0.0724397, -0.04359143], [-0.08435605, 0.07774305, -0.07497519], [-0.02563492, 0.02713349, 0.13040335], [0.02366921, -0.03933634, -0.11935686], [0.06274346, -0.08497572, 0.07137153], [-0.02056422, -0.12279439, -0.02003017], [-0.0826665, 0.06116487, -0.0772365], [-0.03669418, 0.02177054, 0.12137871], [0.01782811, -0.01106001, -0.12580612], [0.02960659, 0.12115865, 0.0164324], [-0.00834012, 0.01079586, 0.12772903], [-0.02020949, -0.12119691, -0.02252816], [0.00991343, -0.01120392, -0.1232834], [-0.06305972, 0.08875179, -0.0612755], [-0.01080338, 0.02422817, 0.12467952], [0.12139397, 0.02169071, -0.03014761], [-0.02959155, -0.11755094, -0.03430982], [0.0023279, 0.00220831, 0.12779854], [0.1192512, 0.01867659, -0.0391675]], "atomic quadrupole moments": [[0.12438102, 0.0877649, -0.08614336, -0.12311262, -0.02464099, -0.03823766], [0.28395538, 0.17910004, -0.13577452, -0.34951123, -0.06428105, -0.14818086], [-0.03087819, 0.03787637, -0.00332303, -0.04041455, 0.08907184, 0.03420123], [0.23294447, 0.29449232, -0.06830298, -0.06437902, -0.07584516, -0.16464149], [0.0952639, 0.09368532, 0.00926699, -0.04777199, -0.00104666, -0.10453089], [0.01498753, -0.02846801, 0.07951136, 0.02252814, -0.05614385, -0.09449888], [0.52203101, 0.05568014, -0.18306107, 0.05549089, 0.04423729, -0.33896994], [0.21443788, 0.03482491, -0.09294158, 0.01818013, -0.01299968, -0.1214963], [-0.0510801, -0.01643447, -0.00474126, 0.01458401, -0.02003584, 0.05582136], [0.09799134, 0.1242467, 0.11658552, -0.04118811, 0.05595275, -0.21457686], [0.2101802, 0.06669372, -0.09590134, -0.06404345, -0.01055562, -0.11427886], [0.23759236, -0.02181283, -0.09399474, -0.01928568, -0.107093, -0.14359762], [0.1880551, -0.0684765, -0.0727507, 0.01355245, -0.14100786, -0.1153044], [0.09845081, 0.00993861, 0.10328701, 0.00546417, -0.03632102, -0.20173783], [-0.07196063, 0.07010769, 0.17522179, 0.03136933, 0.08063197, -0.10326116], [0.02664148, -0.13486548, 0.05171449, 0.08988266, -0.09689293, -0.07835597], [-0.03498728, -0.02771134, 0.01397688, 0.02399179, -0.0057599, 0.0210104], [-0.04695271, -0.01798043, 0.00589683, 0.01284126, 0.00876293, 0.04105588], [-0.01862222, 0.01555686, -0.03314447, -0.01740834, 0.00852116, 0.05176669], [0.01520102, -0.00822544, -0.01411599, 0.03771064, -0.03268489, -0.00108503], [-0.02716403, 0.00750079, 0.07719353, -0.00332334, 0.0245783, -0.05002949], [-0.00291325, -0.03203752, -0.00403183, 0.03052861, -0.05371563, 0.00694508], [-0.02564551, -0.00087918, -0.04323584, -0.01178245, 0.03436164, 0.06888135], [-0.0161988, -0.01245811, -0.0308944, 0.00635355, 0.02508169, 0.04709321], [-0.01205132, 0.00263171, 0.0442792, 0.01174775, 0.03071763, -0.03222788], [-0.01779322, -0.00789128, -0.0308752, -0.00549169, 0.02442234, 0.04866842], [-0.00804032, 0.01507806, 0.04260381, 0.01177758, 0.02601691, -0.0345635], [-0.02048878, 0.00058708, -0.0115289, 0.00237264, 0.00235517, 0.03201768], [0.00213592, -0.04251499, 0.01096161, 0.04843037, -0.03231271, -0.01309753], [-0.04650054, 0.00612619, -0.03292736, -0.01910823, 0.00531759, 0.07942789], [0.0715648, 0.00465273, -0.02945772, -0.03446104, 0.00446073, -0.04210708], [-0.02604935, 0.03164852, 0.05907935, 0.02339023, 0.03160349, -0.03303], [-0.04027831, -0.01129914, -0.03790566, -0.00933843, 0.01504977, 0.07818396], [0.05887985, 0.0232564, -0.0304502, -0.03790695, -0.0218986, -0.02842965]], "number of molecular orbitals": 82, "number of electrons": 90, "number of unpaired electrons": 0, "orbital energies/eV": [-20.60428542, -20.26676833, -20.18452684, -19.77136324, -19.37880991, -18.70445043, -18.22534842, -18.08472094, -17.60056739, -17.21907076, -17.13053723, -16.96039561, -16.68581342, -16.46546257, -16.29772996, -16.05152762, -15.80962004, -15.66130911, -15.61245437, -15.46484726, -15.27608238, -15.19349429, -14.84971249, -14.58158269, -14.54824234, -14.20228588, -13.95460812, -13.90866989, -13.65071967, -13.5474193, -13.4046059, -12.9977513, -12.90157367, -12.80752623, -12.73699767, -12.65301908, -12.53270104, -12.48123291, -12.37150336, -12.20191361, -12.13372856, -11.96213596, -11.89440053, -11.77367072, -11.59470103, -8.05811213, -7.1445488, -5.86813442, -0.44894292, 0.0207472, 0.46195981, 0.96489314, 1.63443067, 1.95506941, 2.23366615, 2.70877441, 3.02619135, 3.16685054, 3.47653829, 3.56705072, 3.72680759, 3.87082478, 4.09428014, 4.34537494, 4.49634624, 4.5479731, 5.06697185, 5.18171337, 5.57294102, 5.69625111, 5.74398683, 6.29098415, 6.60234419, 6.83534389, 7.25375898, 7.51526612, 7.65635714, 7.80004117, 11.3296603, 14.12892299, 14.2074295, 16.33453478], "fractional occupation": [2.0, 2.0, 2.0, 2.0, 2.0, 2.0, 2.0, 2.0, 2.0, 2.0, 2.0, 2.0, 2.0, 2.0, 2.0, 2.0, 2.0, 2.0, 2.0, 2.0, 2.0, 2.0, 2.0, 2.0, 2.0, 2.0, 2.0, 2.0, 2.0, 2.0, 2.0, 2.0, 2.0, 2.0, 2.0, 2.0, 2.0, 2.0, 2.0, 2.0, 2.0, 2.0, 2.0, 2.0, 2.0, 0.0, 0.0, 0.0, 0.0, 0.0, 0.0, 0.0, 0.0, 0.0, 0.0, 0.0, 0.0, 0.0, 0.0, 0.0, 0.0, 0.0, 0.0, 0.0, 0.0, 0.0, 0.0, 0.0, 0.0, 0.0, 0.0, 0.0, 0.0, 0.0, 0.0, 0.0, 0.0, 0.0, 0.0, 0.0, 0.0, 0.0], "program call": "xtb /home/svss/Project-DBcg-Debug/aqme2_20220329/End-to-End-workflows-final/example-3/QDESCP/mol_780_rdkit_conf_4/mol_780_rdkit_conf_4.xyz --pop --wbo --acc 0.2 --gfn 2 --chrg 0 --uhf 0 --etemp 300 --input /home/svss/Project-DBcg-Debug/aqme2_20220329/End-to-End-workflows-final/example-3/QDESCP/mol_780_rdkit_conf_4/mol_780_rdkit_conf_4_xtb.inp", "method": "GFN2-xTB", "xtb version": "6.3.3 (7355c4f)", "Dipole module/D": 2.602, "Total charge": 0, "Transition dipole module/D": NaN, "HOMO": -11.5947, "LUMO": -8.0581, "HOMO occupancy": 2.0, "LUMO occupancy": 0, "mulliken charges": [-0.50845, 0.47508, -0.32573, 0.57486, -0.53667, -0.32745, 0.47492, -0.50783, -0.05598, -0.02849, -0.08796, -0.03886, -0.05487, 0.00109, -0.09365, -0.0898, 0.28022, 0.27901, 0.04347, 0.04461, 0.03782, 0.03929, 0.03744, 0.0494, 0.02954, 0.03896, 0.03543, 0.02267, 0.02771, 0.03082, 0.03549, 0.03199, 0.03244, 0.03347], "cm5 charges": [-0.55418, 0.57337, -0.66889, 0.74246, -0.57366, -0.67098, 0.5737, -0.55445, -0.05853, -0.13226, -0.23649, -0.14006, -0.16291, -0.07349, -0.24222, -0.23833, 0.48278, 0.48194, 0.10138, 0.10357, 0.08876, 0.09455, 0.09224, 0.10733, 0.09148, 0.09781, 0.09243, 0.08084, 0.07962, 0.08278, 0.08694, 0.08336, 0.08428, 0.08483], "FUKUI+": [-0.149, -0.058, -0.035, -0.056, -0.15, -0.036, -0.057, -0.147, -0.006, 0.016, 0.016, -0.004, 0.005, 0.001, 0.008, 0.009, -0.049, -0.049, -0.032, -0.031, -0.037, -0.006, -0.005, -0.034, -0.018, -0.004, -0.018, -0.012, 0.004, -0.004, -0.022, -0.01, -0.009, -0.02], "FUKUI-": [-0.083, -0.007, -0.023, -0.002, -0.085, -0.019, -0.003, -0.067, -0.013, 0.011, 0.013, 0.01, 0.005, -0.007, 0.014, 0.014, -0.029, -0.027, -0.045, -0.053, -0.042, -0.056, -0.044, -0.028, -0.025, -0.035, -0.031, -0.075, -0.034, -0.047, -0.041, -0.039, -0.058, -0.046], "FUKUIrad": [-0.116, -0.032, -0.029, -0.029, -0.117, -0.028, -0.03, -0.107, -0.009, 0.013, 0.015, 0.003, 0.005, -0.003, 0.011, 0.011, -0.039, -0.038, -0.038, -0.042, -0.04, -0.031, -0.024, -0.031, -0.022, -0.02, -0.024, -0.043, -0.015, -0.026, -0.032, -0.025, -0.033, -0.033], "s proportion": [1.73, 1.013, 1.429, 0.938, 1.721, 1.432, 1.013, 1.73, 1.106, 1.03, 1.009, 1.044, 1.038, 1.054, 1.013, 1.014, 0.72, 0.721, 0.957, 0.955, 0.962, 0.961, 0.963, 0.951, 0.97, 0.961, 0.965, 0.977, 0.972, 0.969, 0.965, 0.968, 0.968, 0.967], "p proportion": [4.779, 2.512, 3.896, 2.487, 4.816, 3.895, 2.512, 4.778, 2.95, 2.998, 3.079, 2.995, 3.017, 2.945, 3.081, 3.076, 0.0, 0.0, 0.0, 0.0, 0.0, 0.0, 0.0, 0.0, 0.0, 0.0, 0.0, 0.0, 0.0, 0.0, 0.0, 0.0, 0.0, 0.0], "d proportion": [0.0, 0.0, 0.0, 0.0, 0.0, 0.0, 0.0, 0.0, 0.0, 0.0, 0.0, 0.0, 0.0, 0.0, 0.0, 0.0, 0.0, 0.0, 0.0, 0.0, 0.0, 0.0, 0.0, 0.0, 0.0, 0.0, 0.0, 0.0, 0.0, 0.0, 0.0, 0.0, 0.0, 0.0], "Fermi-level/eV": -9.8264, "Coordination numbers": [0.858, 2.769, 2.696, 2.706, 0.86, 2.696, 2.768, 0.858, 3.901, 3.801, 3.748, 3.806, 3.8, 3.847, 3.752, 3.753, 0.86, 0.86, 0.924, 0.924, 0.924, 0.924, 0.924, 0.923, 0.924, 0.924, 0.924, 0.924, 0.924, 0.924, 0.924, 0.924, 0.924, 0.924], "Dispersion coefficient C6": [21.281, 22.267, 24.791, 21.235, 22.118, 24.81, 22.221, 21.281, 20.914, 21.521, 22.565, 21.499, 21.748, 20.711, 22.587, 22.614, 0.953, 0.955, 2.219, 2.179, 2.367, 2.425, 2.455, 2.259, 2.455, 2.394, 2.353, 2.558, 2.596, 2.49, 2.456, 2.514, 2.459, 2.461], "Total dispersion C6": 10367.580089, "Total dispersion C8": 228255.01668, "Polarizability alpha": [6.185, 7.728, 7.395, 7.543, 6.305, 7.398, 7.72, 6.185, 6.501, 6.605, 6.775, 6.601, 6.64, 6.473, 6.778, 6.781, 1.529, 1.531, 2.329, 2.308, 2.406, 2.435, 2.45, 2.35, 2.45, 2.419, 2.399, 2.501, 2.52, 2.468, 2.451, 2.479, 2.452, 2.453], "Total polarizability alpha": 151.544234, "Wiberg matrix": [[0.0, 1.7505541814011925, 0.13410955174553016, 0.0, 0.0, 0.0, 0.0, 0.0, 0.0, 0.0, 0.0, 0.0, 0.0, 0.0, 0.0, 0.0, 0.0, 0.0, 0.0, 0.0, 0.0, 0.0, 0.0, 0.0, 0.0, 0.0, 0.0, 0.0, 0.0, 0.0, 0.0, 0.0, 0.0, 0.0], [1.7505541814011925, 0.0, 1.139802381957776, 0.0, 0.0, 0.0, 0.0, 0.0, 0.9490453252925073, 0.0, 0.0, 0.0, 0.0, 0.0, 0.0, 0.0, 0.0, 0.0, 0.0, 0.0, 0.0, 0.0, 0.0, 0.0, 0.0, 0.0, 0.0, 0.0, 0.0, 0.0, 0.0, 0.0, 0.0, 0.0], [0.13410955174553016, 1.139802381957776, 0.0, 1.124029689749701, 0.11517885423038912, 0.0, 0.0, 0.0, 0.0, 0.0, 0.0, 0.0, 0.0, 0.0, 0.0, 0.0, 0.9092997952695558, 0.0, 0.0, 0.0, 0.0, 0.0, 0.0, 0.0, 0.0, 0.0, 0.0, 0.0, 0.0, 0.0, 0.0, 0.0, 0.0, 0.0], [0.0, 0.0, 1.124029689749701, 0.0, 1.653572977236463, 1.1216934584002662, 0.0, 0.0, 0.0, 0.0, 0.0, 0.0, 0.0, 0.0, 0.0, 0.0, 0.0, 0.0, 0.0, 0.0, 0.0, 0.0, 0.0, 0.0, 0.0, 0.0, 0.0, 0.0, 0.0, 0.0, 0.0, 0.0, 0.0, 0.0], [0.0, 0.0, 0.11517885423038912, 1.653572977236463, 0.0, 0.1157596284945567, 0.0, 0.0, 0.0, 0.0, 0.0, 0.0, 0.0, 0.0, 0.0, 0.0, 0.0, 0.0, 0.0, 0.0, 0.0, 0.0, 0.0, 0.0, 0.0, 0.0, 0.0, 0.0, 0.0, 0.0, 0.0, 0.0, 0.0, 0.0], [0.0, 0.0, 0.0, 1.1216934584002662, 0.1157596284945567, 0.0, 1.1344193927627462, 0.13224310203650497, 0.0, 0.0, 0.0, 0.0, 0.0, 0.0, 0.0, 0.0, 0.0, 0.9089795661767451, 0.0, 0.0, 0.0, 0.0, 0.0, 0.0, 0.0, 0.0, 0.0, 0.0, 0.0, 0.0, 0.0, 0.0, 0.0, 0.0], [0.0, 0.0, 0.0, 0.0, 0.0, 1.1344193927627462, 0.0, 1.7530228055804848, 0.9550641642615711, 0.0, 0.0, 0.0, 0.0, 0.0, 0.0, 0.0, 0.0, 0.0, 0.0, 0.0, 0.0, 0.0, 0.0, 0.0, 0.0, 0.0, 0.0, 0.0, 0.0, 0.0, 0.0, 0.0, 0.0, 0.0], [0.0, 0.0, 0.0, 0.0, 0.0, 0.13224310203650497, 1.7530228055804848, 0.0, 0.0, 0.0, 0.0, 0.0, 0.0, 0.0, 0.0, 0.0, 0.0, 0.0, 0.0, 0.0, 0.0, 0.0, 0.0, 0.0, 0.0, 0.0, 0.0, 0.0, 0.0, 0.0, 0.0, 0.0, 0.0, 0.0], [0.0, 0.9490453252925073, 0.0, 0.0, 0.0, 0.0, 0.9550641642615711, 0.0, 0.0, 0.975470820736445, 0.0, 0.9188044552477822, 0.0, 0.0, 0.0, 0.0, 0.0, 0.0, 0.0, 0.0, 0.0, 0.0, 0.0, 0.0, 0.0, 0.0, 0.0, 0.0, 0.0, 0.0, 0.0, 0.0, 0.0, 0.0], [0.0, 0.0, 0.0, 0.0, 0.0, 0.0, 0.0, 0.0, 0.975470820736445, 0.0, 1.0196262533425482, 0.0, 0.0, 0.0, 0.0, 0.0, 0.0, 0.0, 0.9739840976468666, 0.9703667900405433, 0.0, 0.0, 0.0, 0.0, 0.0, 0.0, 0.0, 0.0, 0.0, 0.0, 0.0, 0.0, 0.0, 0.0], [0.0, 0.0, 0.0, 0.0, 0.0, 0.0, 0.0, 0.0, 0.0, 1.0196262533425482, 0.0, 0.0, 0.0, 0.0, 0.0, 0.0, 0.0, 0.0, 0.0, 0.0, 0.985301880769524, 0.9866086968846504, 0.9869060743957938, 0.0, 0.0, 0.0, 0.0, 0.0, 0.0, 0.0, 0.0, 0.0, 0.0, 0.0], [0.0, 0.0, 0.0, 0.0, 0.0, 0.0, 0.0, 0.0, 0.9188044552477822, 0.0, 0.0, 0.0, 1.003470708257614, 0.0, 0.0, 0.0, 0.0, 0.0, 0.0, 0.0, 0.0, 0.0, 0.0, 0.9711865104037108, 0.9727606908248403, 0.0, 0.0, 0.0, 0.0, 0.0, 0.0, 0.0, 0.0, 0.0], [0.0, 0.0, 0.0, 0.0, 0.0, 0.0, 0.0, 0.0, 0.0, 0.0, 0.0, 1.003470708257614, 0.0, 0.9908777439511105, 0.0, 0.0, 0.0, 0.0, 0.0, 0.0, 0.0, 0.0, 0.0, 0.0, 0.0, 0.9754310265536704, 0.9718757403854142, 0.0, 0.0, 0.0, 0.0, 0.0, 0.0, 0.0], [0.0, 0.0, 0.0, 0.0, 0.0, 0.0, 0.0, 0.0, 0.0, 0.0, 0.0, 0.0, 0.9908777439511105, 0.0, 1.0101849561929617, 1.0076049665393474, 0.0, 0.0, 0.0, 0.0, 0.0, 0.0, 0.0, 0.0, 0.0, 0.0, 0.0, 0.9687688618185848, 0.0, 0.0, 0.0, 0.0, 0.0, 0.0], [0.0, 0.0, 0.0, 0.0, 0.0, 0.0, 0.0, 0.0, 0.0, 0.0, 0.0, 0.0, 0.0, 1.0101849561929617, 0.0, 0.0, 0.0, 0.0, 0.0, 0.0, 0.0, 0.0, 0.0, 0.0, 0.0, 0.0, 0.0, 0.0, 0.9841312325306572, 0.9865792790334897, 0.9851999211670476, 0.0, 0.0, 0.0], [0.0, 0.0, 0.0, 0.0, 0.0, 0.0, 0.0, 0.0, 0.0, 0.0, 0.0, 0.0, 0.0, 1.0076049665393474, 0.0, 0.0, 0.0, 0.0, 0.0, 0.0, 0.0, 0.0, 0.0, 0.0, 0.0, 0.0, 0.0, 0.0, 0.0, 0.0, 0.0, 0.9863415144769814, 0.9867379173563797, 0.9855877146975476], [0.0, 0.0, 0.9092997952695558, 0.0, 0.0, 0.0, 0.0, 0.0, 0.0, 0.0, 0.0, 0.0, 0.0, 0.0, 0.0, 0.0, 0.0, 0.0, 0.0, 0.0, 0.0, 0.0, 0.0, 0.0, 0.0, 0.0, 0.0, 0.0, 0.0, 0.0, 0.0, 0.0, 0.0, 0.0], [0.0, 0.0, 0.0, 0.0, 0.0, 0.9089795661767451, 0.0, 0.0, 0.0, 0.0, 0.0, 0.0, 0.0, 0.0, 0.0, 0.0, 0.0, 0.0, 0.0, 0.0, 0.0, 0.0, 0.0, 0.0, 0.0, 0.0, 0.0, 0.0, 0.0, 0.0, 0.0, 0.0, 0.0, 0.0], [0.0, 0.0, 0.0, 0.0, 0.0, 0.0, 0.0, 0.0, 0.0, 0.9739840976468666, 0.0, 0.0, 0.0, 0.0, 0.0, 0.0, 0.0, 0.0, 0.0, 0.0, 0.0, 0.0, 0.0, 0.0, 0.0, 0.0, 0.0, 0.0, 0.0, 0.0, 0.0, 0.0, 0.0, 0.0], [0.0, 0.0, 0.0, 0.0, 0.0, 0.0, 0.0, 0.0, 0.0, 0.9703667900405433, 0.0, 0.0, 0.0, 0.0, 0.0, 0.0, 0.0, 0.0, 0.0, 0.0, 0.0, 0.0, 0.0, 0.0, 0.0, 0.0, 0.0, 0.0, 0.0, 0.0, 0.0, 0.0, 0.0, 0.0], [0.0, 0.0, 0.0, 0.0, 0.0, 0.0, 0.0, 0.0, 0.0, 0.0, 0.985301880769524, 0.0, 0.0, 0.0, 0.0, 0.0, 0.0, 0.0, 0.0, 0.0, 0.0, 0.0, 0.0, 0.0, 0.0, 0.0, 0.0, 0.0, 0.0, 0.0, 0.0, 0.0, 0.0, 0.0], [0.0, 0.0, 0.0, 0.0, 0.0, 0.0, 0.0, 0.0, 0.0, 0.0, 0.9866086968846504, 0.0, 0.0, 0.0, 0.0, 0.0, 0.0, 0.0, 0.0, 0.0, 0.0, 0.0, 0.0, 0.0, 0.0, 0.0, 0.0, 0.0, 0.0, 0.0, 0.0, 0.0, 0.0, 0.0], [0.0, 0.0, 0.0, 0.0, 0.0, 0.0, 0.0, 0.0, 0.0, 0.0, 0.9869060743957938, 0.0, 0.0, 0.0, 0.0, 0.0, 0.0, 0.0, 0.0, 0.0, 0.0, 0.0, 0.0, 0.0, 0.0, 0.0, 0.0, 0.0, 0.0, 0.0, 0.0, 0.0, 0.0, 0.0], [0.0, 0.0, 0.0, 0.0, 0.0, 0.0, 0.0, 0.0, 0.0, 0.0, 0.0, 0.9711865104037108, 0.0, 0.0, 0.0, 0.0, 0.0, 0.0, 0.0, 0.0, 0.0, 0.0, 0.0, 0.0, 0.0, 0.0, 0.0, 0.0, 0.0, 0.0, 0.0, 0.0, 0.0, 0.0], [0.0, 0.0, 0.0, 0.0, 0.0, 0.0, 0.0, 0.0, 0.0, 0.0, 0.0, 0.9727606908248403, 0.0, 0.0, 0.0, 0.0, 0.0, 0.0, 0.0, 0.0, 0.0, 0.0, 0.0, 0.0, 0.0, 0.0, 0.0, 0.0, 0.0, 0.0, 0.0, 0.0, 0.0, 0.0], [0.0, 0.0, 0.0, 0.0, 0.0, 0.0, 0.0, 0.0, 0.0, 0.0, 0.0, 0.0, 0.9754310265536704, 0.0, 0.0, 0.0, 0.0, 0.0, 0.0, 0.0, 0.0, 0.0, 0.0, 0.0, 0.0, 0.0, 0.0, 0.0, 0.0, 0.0, 0.0, 0.0, 0.0, 0.0], [0.0, 0.0, 0.0, 0.0, 0.0, 0.0, 0.0, 0.0, 0.0, 0.0, 0.0, 0.0, 0.9718757403854142, 0.0, 0.0, 0.0, 0.0, 0.0, 0.0, 0.0, 0.0, 0.0, 0.0, 0.0, 0.0, 0.0, 0.0, 0.0, 0.0, 0.0, 0.0, 0.0, 0.0, 0.0], [0.0, 0.0, 0.0, 0.0, 0.0, 0.0, 0.0, 0.0, 0.0, 0.0, 0.0, 0.0, 0.0, 0.9687688618185848, 0.0, 0.0, 0.0, 0.0, 0.0, 0.0, 0.0, 0.0, 0.0, 0.0, 0.0, 0.0, 0.0, 0.0, 0.0, 0.0, 0.0, 0.0, 0.0, 0.0], [0.0, 0.0, 0.0, 0.0, 0.0, 0.0, 0.0, 0.0, 0.0, 0.0, 0.0, 0.0, 0.0, 0.0, 0.9841312325306572, 0.0, 0.0, 0.0, 0.0, 0.0, 0.0, 0.0, 0.0, 0.0, 0.0, 0.0, 0.0, 0.0, 0.0, 0.0, 0.0, 0.0, 0.0, 0.0], [0.0, 0.0, 0.0, 0.0, 0.0, 0.0, 0.0, 0.0, 0.0, 0.0, 0.0, 0.0, 0.0, 0.0, 0.9865792790334897, 0.0, 0.0, 0.0, 0.0, 0.0, 0.0, 0.0, 0.0, 0.0, 0.0, 0.0, 0.0, 0.0, 0.0, 0.0, 0.0, 0.0, 0.0, 0.0], [0.0, 0.0, 0.0, 0.0, 0.0, 0.0, 0.0, 0.0, 0.0, 0.0, 0.0, 0.0, 0.0, 0.0, 0.9851999211670476, 0.0, 0.0, 0.0, 0.0, 0.0, 0.0, 0.0, 0.0, 0.0, 0.0, 0.0, 0.0, 0.0, 0.0, 0.0, 0.0, 0.0, 0.0, 0.0], [0.0, 0.0, 0.0, 0.0, 0.0, 0.0, 0.0, 0.0, 0.0, 0.0, 0.0, 0.0, 0.0, 0.0, 0.0, 0.9863415144769814, 0.0, 0.0, 0.0, 0.0, 0.0, 0.0, 0.0, 0.0, 0.0, 0.0, 0.0, 0.0, 0.0, 0.0, 0.0, 0.0, 0.0, 0.0], [0.0, 0.0, 0.0, 0.0, 0.0, 0.0, 0.0, 0.0, 0.0, 0.0, 0.0, 0.0, 0.0, 0.0, 0.0, 0.9867379173563797, 0.0, 0.0, 0.0, 0.0, 0.0, 0.0, 0.0, 0.0, 0.0, 0.0, 0.0, 0.0, 0.0, 0.0, 0.0, 0.0, 0.0, 0.0], [0.0, 0.0, 0.0, 0.0, 0.0, 0.0, 0.0, 0.0, 0.0, 0.0, 0.0, 0.0, 0.0, 0.0, 0.0, 0.9855877146975476, 0.0, 0.0, 0.0, 0.0, 0.0, 0.0, 0.0, 0.0, 0.0, 0.0, 0.0, 0.0, 0.0, 0.0, 0.0, 0.0, 0.0, 0.0]], "Born radii": [], "Atomic SASAs": [], "Solvent H bonds": [], "Total SASA": NaN, "Total FOD": 0.0, "FOD": [0.0, 0.0, 0.0, 0.0, 0.0, 0.0, 0.0, 0.0, 0.0, 0.0, 0.0, 0.0, 0.0, 0.0, 0.0, 0.0, 0.0, 0.0, 0.0, 0.0, 0.0, 0.0, 0.0, 0.0, 0.0, 0.0, 0.0, 0.0, 0.0, 0.0, 0.0, 0.0, 0.0, 0.0], "FOD s proportion": [0.0, 0.0, 0.0, 0.0, 0.0, 0.0, 0.0, 0.0, 0.0, 0.0, 0.0, 0.0, 0.0, 0.0, 0.0, 0.0, 0.0, 0.0, 0.0, 0.0, 0.0, 0.0, 0.0, 0.0, 0.0, 0.0, 0.0, 0.0, 0.0, 0.0, 0.0, 0.0, 0.0, 0.0], "FOD p proportion": [0.0, 0.0, 0.0, 0.0, 0.0, 0.0, 0.0, 0.0, 0.0, 0.0, 0.0, 0.0, 0.0, 0.0, 0.0, 0.0, 0.0, 0.0, 0.0, 0.0, 0.0, 0.0, 0.0, 0.0, 0.0, 0.0, 0.0, 0.0, 0.0, 0.0, 0.0, 0.0, 0.0, 0.0], "FOD d proportion": [0.0, 0.0, 0.0, 0.0, 0.0, 0.0, 0.0, 0.0, 0.0, 0.0, 0.0, 0.0, 0.0, 0.0, 0.0, 0.0, 0.0, 0.0, 0.0, 0.0, 0.0, 0.0, 0.0, 0.0, 0.0, 0.0, 0.0, 0.0, 0.0, 0.0, 0.0, 0.0, 0.0, 0.0], "coordinates": [["-2.53930", "0.55680", "-2.16730"], ["-2.07320", "0.87940", "-1.07710"], ["-2.23290", "2.15770", "-0.61610"], ["-2.15530", "2.51910", "0.69240"], ["-2.68840", "3.54330", "1.10610"], ["-1.53670", "1.65140", "1.53600"], ["-1.39600", "0.31890", "1.26550"], ["-1.36250", "-0.49610", "2.18390"], ["-1.23100", "-0.04510", "-0.20450"], ["-1.60410", "-1.52610", "-0.46000"], ["-3.06920", "-1.87110", "-0.19230"], ["0.24940", "0.24370", "-0.61250"], ["1.31080", "-0.61770", "0.09020"], ["2.75030", "-0.30630", "-0.36830"], ["3.19580", "1.10610", "0.01440"], ["3.71750", "-1.32940", "0.23400"], ["-2.80450", "2.75950", "-1.19410"], ["-1.64840", "1.87710", "2.51590"], ["-1.37320", "-1.79330", "-1.49910"], ["-1.00030", "-2.18510", "0.17470"], ["-3.23480", "-2.93910", "-0.36930"], ["-3.74660", "-1.32140", "-0.85130"], ["-3.35260", "-1.66000", "0.84270"], ["0.35330", "0.10480", "-1.69760"], ["0.47110", "1.30150", "-0.42550"], ["1.24060", "-0.48770", "1.17640"], ["1.11210", "-1.67470", "-0.11880"], ["2.80100", "-0.39970", "-1.46050"], ["2.61260", "1.86660", "-0.51300"], ["3.08880", "1.27820", "1.09070"], ["4.24670", "1.26670", "-0.25010"], ["3.44390", "-2.34700", "-0.06430"], ["3.71360", "-1.28370", "1.32840"], ["4.74140", "-1.14700", "-0.10960"]], "bond_dist": [[0.0, 1.2287619826475753, 2.250107377437797, 3.489407024123153, 4.433571993325472, 3.989710116036001, 3.62599602040598, 4.628865745514769, 2.434443743445307, 2.8509550575201987, 3.174290065510712, 3.2081587149017423, 4.61508683666949, 5.653424693935527, 6.160593915362381, 6.9621504127675955, 2.422671370615503, 4.946640995665644, 2.707258846139393, 3.92065053403131, 3.992222571450645, 2.5917300264495142, 3.825671069237396, 2.965140274927984, 3.5568178882253725, 5.153538003158606, 4.744329927397546, 5.471129918033386, 5.567257685791093, 6.542972686019712, 7.087270973371908, 6.97519502809778, 7.396358370847102, 7.755363061778604], [1.2287619826475753, 0.0, 1.3682382760323586, 2.413811664152777, 3.4987421296803225, 2.7770682130621136, 2.502106082882978, 3.609877524238184, 1.5249366708162013, 2.527310323248809, 3.056163819234826, 2.4524351999594196, 3.880122897538169, 5.017413096407351, 5.385640736254137, 6.334823370860469, 2.020708959746554, 3.7530666567488513, 2.7948898529280184, 3.4798387750009336, 4.053546305397287, 2.773945536595843, 3.4308962036179405, 2.6216269109085677, 2.660115309530773, 4.234205368188936, 4.1937932459767255, 5.053802331908124, 4.821772940527167, 5.612899632097477, 6.385535709711441, 6.470997852727197, 6.629667118340105, 7.175034938590891], [2.250107377437797, 1.3682382760323586, 0.0, 1.3597073104164734, 2.2568430273282187, 2.3178801824080555, 2.7607980023898886, 3.9547756699969723, 2.454698761559145, 3.740339435131523, 4.1364518092200715, 3.1345210559190697, 4.556261026324107, 5.564618862060546, 5.565444860925315, 6.949086024794916, 1.011421672696408, 3.198405948281112, 4.138740640581384, 4.583075303767112, 5.200200389408085, 3.801413360843569, 4.237529801665117, 3.474546171804312, 2.842713984909491, 4.719788094819512, 5.111127277812596, 5.709067816202572, 4.855330994896228, 5.6574886106823055, 6.550805535199468, 7.267933927190038, 7.140390497724897, 7.734238477704188], [3.489407024123153, 2.413811664152777, 1.3597073104164734, 0.0, 1.2265108805061617, 1.3591284744276384, 2.3970523857437906, 3.4560866786005238, 2.869474122552772, 4.242109173512628, 4.570750850790272, 3.5584815947254804, 4.713386074787424, 5.7595903508843405, 5.57588775084291, 7.036395572308311, 2.009511147020588, 1.9985654505169448, 4.900116980236288, 4.87150243046229, 5.664315879256735, 4.434488203840438, 4.3498269149473066, 4.2230342705216115, 3.1032607254305913, 4.561495264713097, 5.377909132739228, 6.1416025221435495, 4.961009556531815, 5.403615503530945, 6.591086102456862, 7.456712730151269, 7.022091643520469, 7.851621749676941], [4.433571993325472, 3.4987421296803225, 2.2568430273282187, 1.2265108805061617, 0.0, 2.256216414708483, 3.4774216712961343, 4.385933881170577, 4.088801985912255, 5.415458619544609, 5.580911982821445, 4.740423500068322, 5.859997819965465, 6.824421822396386, 6.46185440643783, 8.095635769351286, 2.432846417265176, 2.417717617919843, 6.082443393900184, 6.044150405971049, 6.670597265612728, 5.349439979100617, 5.252130243053765, 5.379215075640683, 4.1658019696092135, 5.6294710311005245, 6.570517807600859, 7.229674745104375, 5.790803804309036, 6.205397248363718, 7.424136179381411, 8.583156385619455, 8.020907074016005, 8.870105333083705], [3.989710116036001, 2.7770682130621136, 2.3178801824080555, 1.3591284744276384, 2.256216414708483, 0.0, 1.3669392780954097, 2.249861395730857, 2.4496744661281014, 3.7530074620229574, 4.212313306248717, 3.128549943663997, 3.9175768913960067, 5.083042079306447, 5.0009174058366535, 6.1795623048885915, 3.2075923151173686, 1.0117417605298298, 4.593965862955449, 4.106043704102527, 5.252275882891149, 4.406858193770251, 3.839730154581178, 4.052189595761778, 2.828634493885698, 3.523983010742248, 4.562613909810911, 5.657001392080437, 4.632645305870071, 4.66184733555272, 6.065135024053462, 6.584416375807351, 6.018601154753487, 7.067784768228302], [3.62599602040598, 2.502106082882978, 2.7607980023898886, 2.3970523857437906, 3.4774216712961343, 1.3669392780954097, 0.0, 1.2283345676158428, 1.5233584607701496, 2.534695417599519, 3.11783243295723, 2.4979752200532332, 3.096016132063914, 4.500220124616129, 4.823853468960267, 5.470719092587372, 3.7403252224906858, 2.013751017380252, 3.479212819015244, 2.7597896894509915, 4.082685449554006, 3.5632494566055857, 2.8147981472922705, 3.447586244026391, 2.703894629973587, 2.7586594443678614, 3.490170921316032, 5.055914453390208, 4.650517336813185, 4.5895797814179025, 5.9190735330793105, 5.683310906505116, 5.355398708779768, 6.4581298825588815], [4.628865745514769, 3.609877524238184, 3.9547756699969723, 3.4560866786005238, 4.385933881170577, 2.249861395730857, 1.2283345676158428, 0.0, 2.4341626506870897, 2.8477144818257325, 3.2326113793649864, 3.311401306093842, 3.397778559588603, 4.844055400178656, 5.296401984366368, 5.504806890345927, 4.908072876394564, 2.4133050055888083, 3.9047831348232385, 2.6496781842329455, 3.999073208882278, 3.946833153301517, 2.66720427789099, 4.286151268912472, 3.660931996090613, 2.7912822179063155, 3.579828265433972, 5.534047033591239, 5.3532271491129535, 4.9150074689668575, 6.363563819118968, 5.619761116809148, 5.207589194627396, 6.552969423856637], [2.434443743445307, 1.5249366708162013, 2.454698761559145, 2.869474122552772, 4.088801985912255, 2.4496744661281014, 1.5233584607701496, 2.4341626506870897, 0.0, 1.5484976138179871, 2.591023751338455, 1.5625151519265343, 2.622110998794674, 3.9932199501154453, 4.579272528469997, 5.131214377708264, 3.36466812182123, 3.357030199447124, 2.180003036695133, 2.185546872066577, 3.5238628633929556, 2.8940517082457253, 2.864562167243015, 2.1821604226087508, 2.1815858841677542, 2.86558652460539, 2.8553560653620766, 4.237959551482294, 4.303838995594515, 4.699929570748906, 5.632769823985354, 5.212781374659789, 5.322873427952238, 6.073940350382114], [2.8509550575201987, 2.527310323248809, 3.740339435131523, 4.242109173512628, 5.415458619544609, 3.7530074620229574, 2.534695417599519, 2.8477144818257325, 1.5484976138179871, 0.0, 1.528792431954057, 2.5672768724857082, 3.1023463072326405, 4.522954818478734, 5.494776811663964, 5.370265677785412, 4.510679586270788, 4.521030141461125, 1.0974695713321623, 1.0962205663095361, 2.1596244997684204, 2.1875383493781313, 2.1845385668373996, 2.8324730060496606, 3.507558559739239, 3.4421501434423223, 2.7415765245566286, 4.6556077175810255, 5.412372971257617, 5.682612021773086, 6.486574634581799, 5.129596407126003, 5.615609104095477, 6.366464263623883], [3.174290065510712, 3.056163819234826, 4.1364518092200715, 4.570750850790272, 5.580911982821445, 4.212313306248717, 3.11783243295723, 3.2326113793649864, 2.591023751338455, 1.528792431954057, 0.0, 3.9575311799150743, 4.564561075284238, 6.028777263259939, 6.939500683046297, 6.821617657857995, 4.7451159827763965, 4.837563758752952, 2.1424740558522526, 2.124531056492232, 1.0951604266042485, 1.0933077563065214, 1.0936652915769065, 4.228902357586422, 4.7595690025463435, 4.728795966205351, 4.1865552546216325, 6.183251348602934, 6.808531487773263, 7.034567754311561, 7.96062324758558, 6.531717723539497, 6.975954636463744, 7.844528823326484], [3.2081587149017423, 2.4524351999594196, 3.1345210559190697, 3.5584815947254804, 4.740423500068322, 3.128549943663997, 2.4979752200532332, 3.311401306093842, 1.5625151519265343, 2.5672768724857082, 3.9575311799150743, 0.0, 1.5369994176967017, 2.572281953830101, 3.133370442510748, 3.9011438668677676, 3.999226601481842, 4.007059640185057, 2.751046949799294, 2.842622621805434, 4.725358369478446, 4.298206538778703, 4.326209048347063, 1.0988768948339935, 1.096841251047753, 2.172000600828646, 2.1606132323949145, 2.7647296649039665, 2.8685220759129604, 3.4689008129377235, 4.142012801766793, 4.149346934157229, 4.254494706777763, 4.729166829368573], [4.61508683666949, 3.880122897538169, 4.556261026324107, 4.713386074787424, 5.859997819965465, 3.9175768913960067, 3.096016132063914, 3.397778559588603, 2.622110998794674, 3.1023463072326405, 4.564561075284238, 1.5369994176967017, 0.0, 1.54251497885758, 2.5554759008842174, 2.513841725327989, 5.4763674474965605, 4.567812624221795, 3.333431542719904, 2.7937548603984563, 5.124696827130362, 5.192197097568619, 4.8373489743866935, 2.1529146151206278, 2.1573991795678427, 1.09620184272788, 1.0956330088127137, 2.1616869639242404, 2.868846452844767, 2.7850890578220295, 3.505178491888822, 2.7503571313558535, 2.7839078792230176, 3.4769375734976893], [5.653424693935527, 5.017413096407351, 5.564618862060546, 5.7595903508843405, 6.824421822396386, 5.083042079306447, 4.500220124616129, 4.844055400178656, 3.9932199501154453, 4.522954818478734, 6.028777263259939, 2.572281953830101, 1.54251497885758, 0.0, 1.529641559320353, 1.5313310354067795, 6.398193363755116, 5.695121323554047, 4.526933828763129, 4.229862740089802, 6.5385823272327155, 6.593438148644454, 6.367449497247701, 2.771579098636732, 2.789810982844537, 2.1675327310100765, 2.149062132652288, 1.0973581411736095, 2.1820618208474296, 2.180344812179945, 2.1742845259992998, 2.1766840491904196, 2.1822118458114925, 2.1767364080200426], [6.160593915362381, 5.385640736254137, 5.565444860925315, 5.57588775084291, 6.46185440643783, 5.0009174058366535, 4.823853468960267, 5.296401984366368, 4.579272528469997, 5.494776811663964, 6.939500683046297, 3.133370442510748, 2.5554759008842174, 1.529641559320353, 0.0, 2.500411026211491, 6.340173806765868, 5.506198043114686, 5.618982435459289, 5.335255264746008, 7.606805182860936, 7.405343374888163, 7.156740365557493, 3.466028265897438, 2.76689053993829, 2.7772737495608895, 3.477412338219326, 2.1444418131532506, 1.0939073315413879, 1.0952118973057223, 1.0955105750288305, 3.4628957405616476, 2.775942521018762, 2.7350895725734463], [6.9621504127675955, 6.334823370860469, 6.949086024794916, 7.036395572308311, 8.095635769351286, 6.1795623048885915, 5.470719092587372, 5.504806890345927, 5.131214377708264, 5.370265677785412, 6.821617657857995, 3.9011438668677676, 2.513841725327989, 1.5313310354067795, 2.500411026211491, 0.0, 7.829115966697645, 6.654441574617662, 5.397598105639211, 4.795140855074019, 7.1616744040761855, 7.542594308326546, 7.1039514398678145, 4.135921885142416, 4.230329540354982, 2.7805773249453067, 2.6517558503753693, 2.1390756391488357, 3.4631241690127137, 2.8158082924801535, 2.693351195072785, 1.0951482137135593, 1.0953606985828914, 1.0953090568419488], [2.422671370615503, 2.020708959746554, 1.011421672696408, 2.009511147020588, 2.432846417265176, 3.2075923151173686, 3.7403252224906858, 4.908072876394564, 3.36466812182123, 4.510679586270788, 4.7451159827763965, 3.999226601481842, 5.4763674474965605, 6.398193363755116, 6.340173806765868, 7.829115966697645, 0.0, 3.9848835578972692, 4.782220460204653, 5.438549461023591, 5.774036291018614, 4.202238577234757, 4.89703462311632, 4.156037196657413, 3.666887688490063, 5.703193149455838, 6.013165164037988, 6.43996458452995, 5.532281629671432, 6.491960075354746, 7.2690445919666775, 8.148330678734142, 8.074410201370748, 8.566066151390613], [4.946640995665644, 3.7530666567488513, 3.198405948281112, 1.9985654505169448, 2.417717617919843, 1.0117417605298298, 2.013751017380252, 2.4133050055888083, 3.357030199447124, 4.521030141461125, 4.837563758752952, 4.007059640185057, 4.567812624221795, 5.695121323554047, 5.506198043114686, 6.654441574617662, 3.9848835578972692, 0.0, 5.446815234611873, 4.733151158583465, 5.834108881397398, 5.096163393181188, 4.267900220248828, 4.990133508234023, 3.6708894794041402, 3.966466978307017, 5.213184015551341, 6.386919097655771, 5.227854862178177, 4.983065330697562, 6.540301840893889, 7.101547165230968, 6.336549288847993, 7.541085803781839], [2.707258846139393, 2.7948898529280184, 4.138740640581384, 4.900116980236288, 6.082443393900184, 4.593965862955449, 3.479212819015244, 3.9047831348232385, 2.180003036695133, 1.0974695713321623, 2.1424740558522526, 2.751046949799294, 3.333431542719904, 4.526933828763129, 5.618982435459289, 5.397598105639211, 4.782220460204653, 5.446815234611873, 0.0, 1.7590247553687244, 2.4606625611814392, 2.5050672665619182, 3.069172606745994, 2.5735166815080097, 3.759234827727579, 3.961671623191402, 2.8453488608604744, 4.400858616224793, 5.500351157880741, 6.004216875663303, 6.519729826457535, 5.056647816488706, 5.842087182677095, 6.303708995504154], [3.92065053403131, 3.4798387750009336, 4.583075303767112, 4.87150243046229, 6.044150405971049, 4.106043704102527, 2.7597896894509915, 2.6496781842329455, 2.185546872066577, 1.0962205663095361, 2.124531056492232, 2.842622621805434, 2.7937548603984563, 4.229862740089802, 5.335255264746008, 4.795140855074019, 5.438549461023591, 4.733151158583465, 1.7590247553687244, 0.0, 2.4202153313290116, 3.056275082514661, 2.5010536379694055, 3.2529036659575397, 3.83166250601485, 2.9843261316417813, 2.1929168178478635, 4.506818599633227, 5.471951259834101, 5.436381305611298, 6.294949346897081, 4.4535655659258016, 4.936030678591858, 5.841711820177369], [3.992222571450645, 4.053546305397287, 5.200200389408085, 5.664315879256735, 6.670597265612728, 5.252275882891149, 4.082685449554006, 3.999073208882278, 3.5238628633929556, 2.1596244997684204, 1.0951604266042485, 4.725358369478446, 5.124696827130362, 6.5385823272327155, 7.606805182860936, 7.1616744040761855, 5.774036291018614, 5.834108881397398, 2.4606625611814392, 2.4202153313290116, 0.0, 1.7638640905693386, 1.7660457666776361, 4.889189064660928, 5.632010441219014, 5.331768525545721, 4.533982490041177, 6.638535338461339, 7.5701709980686696, 7.739840841386856, 8.583461104356447, 6.711828446854105, 7.341852423605366, 8.179170675563629], [2.5917300264495142, 2.773945536595843, 3.801413360843569, 4.434488203840438, 5.349439979100617, 4.406858193770251, 3.5632494566055857, 3.946833153301517, 2.8940517082457253, 2.1875383493781313, 1.0933077563065214, 4.298206538778703, 5.192197097568619, 6.593438148644454, 7.405343374888163, 7.542594308326546, 4.202238577234757, 5.096163393181188, 2.5050672665619182, 3.056275082514661, 1.7638640905693386, 0.0, 1.7718696227431632, 4.422606713240507, 4.984967737107232, 5.447824044515388, 4.92629098105258, 6.64015973377147, 7.121602033952753, 7.566503639066064, 8.423333540825745, 7.305786378617978, 7.772200294639865, 8.52212873934676], [3.825671069237396, 3.4308962036179405, 4.237529801665117, 4.3498269149473066, 5.252130243053765, 3.839730154581178, 2.8147981472922705, 2.66720427789099, 2.864562167243015, 2.1845385668373996, 1.0936652915769065, 4.326209048347063, 4.8373489743866935, 6.367449497247701, 7.156740365557493, 7.1039514398678145, 4.89703462311632, 4.267900220248828, 3.069172606745994, 2.5010536379694055, 1.7660457666776361, 1.7718696227431632, 0.0, 4.8271459414440745, 4.999949517745154, 4.752171000711148, 4.567082704528132, 6.690282452183913, 7.06105099046877, 7.084218884252518, 8.216394904092668, 6.89108338724761, 7.092861807479404, 8.16595862651777], [2.965140274927984, 2.6216269109085677, 3.474546171804312, 4.2230342705216115, 5.379215075640683, 4.052189595761778, 3.447586244026391, 4.286151268912472, 2.1821604226087508, 2.8324730060496606, 4.228902357586422, 1.0988768948339935, 2.1529146151206278, 2.771579098636732, 3.466028265897438, 4.135921885142416, 4.156037196657413, 4.990133508234023, 2.5735166815080097, 3.2529036659575397, 4.889189064660928, 4.422606713240507, 4.8271459414440745, 0.0, 1.750487400697303, 3.0656538519539347, 2.496999625550633, 2.5103728707106443, 3.1002665836988923, 4.078534626554003, 4.31321590231697, 4.269754148660084, 4.730351397095146, 4.831580367747183], [3.5568178882253725, 2.660115309530773, 2.842713984909491, 3.1032607254305913, 4.1658019696092135, 2.828634493885698, 2.703894629973587, 3.660931996090613, 2.1815858841677542, 3.507558559739239, 4.7595690025463435, 1.096841251047753, 2.1573991795678427, 2.789810982844537, 2.76689053993829, 4.230329540354982, 3.666887688490063, 3.6708894794041402, 3.759234827727579, 3.83166250601485, 5.632010441219014, 4.984967737107232, 4.999949517745154, 1.750487400697303, 0.0, 2.5217950947688035, 3.059854952444642, 3.06492095330369, 2.216532542057527, 3.025187369403753, 3.779832213207353, 4.720122618110678, 4.502580426821936, 4.93258625368072], [5.153538003158606, 4.234205368188936, 4.719788094819512, 4.561495264713097, 5.6294710311005245, 3.523983010742248, 2.7586594443678614, 2.7912822179063155, 2.86558652460539, 3.4421501434423223, 4.728795966205351, 2.172000600828646, 1.09620184272788, 2.1675327310100765, 2.7772737495608895, 2.7805773249453067, 5.703193149455838, 3.966466978307017, 3.961671623191402, 2.9843261316417813, 5.331768525545721, 5.447824044515388, 4.752171000711148, 3.0656538519539347, 2.5217950947688035, 0.0, 1.7615403174494757, 3.065262430853189, 3.206116786706311, 2.5576533267821895, 3.761576640186931, 3.138608588212299, 2.6023929372790726, 3.7873570111622694], [4.744329927397546, 4.1937932459767255, 5.111127277812596, 5.377909132739228, 6.570517807600859, 4.562613909810911, 3.490170921316032, 3.579828265433972, 2.8553560653620766, 2.7415765245566286, 4.1865552546216325, 2.1606132323949145, 1.0956330088127137, 2.149062132652288, 3.477412338219326, 2.6517558503753693, 6.013165164037988, 5.213184015551341, 2.8453488608604744, 2.1929168178478635, 4.533982490041177, 4.92629098105258, 4.567082704528132, 2.496999625550633, 3.059854952444642, 1.7615403174494757, 0.0, 2.505627087177978, 3.8662254952343376, 3.7536451017644175, 4.300557034850253, 2.427395472517818, 3.002510797649194, 3.6674746652158348], [5.471129918033386, 5.053802331908124, 5.709067816202572, 6.1416025221435495, 7.229674745104375, 5.657001392080437, 5.055914453390208, 5.534047033591239, 4.237959551482294, 4.6556077175810255, 6.183251348602934, 2.7647296649039665, 2.1616869639242404, 1.0973581411736095, 2.1444418131532506, 2.1390756391488357, 6.43996458452995, 6.386919097655771, 4.400858616224793, 4.506818599633227, 6.638535338461339, 6.64015973377147, 6.690282452183913, 2.5103728707106443, 3.06492095330369, 3.065262430853189, 2.505627087177978, 0.0, 2.4636084307373203, 3.0670504870314734, 2.516347672719332, 2.480861169029819, 3.064679097393396, 2.4796250240711792], [5.567257685791093, 4.821772940527167, 4.855330994896228, 4.961009556531815, 5.790803804309036, 4.632645305870071, 4.650517336813185, 5.3532271491129535, 4.303838995594515, 5.412372971257617, 6.808531487773263, 2.8685220759129604, 2.868846452844767, 2.1820618208474296, 1.0939073315413879, 3.4631241690127137, 5.532281629671432, 5.227854862178177, 5.500351157880741, 5.471951259834101, 7.5701709980686696, 7.121602033952753, 7.06105099046877, 3.1002665836988923, 2.216532542057527, 3.206116786706311, 3.8662254952343376, 2.4636084307373203, 0.0, 1.773368176662703, 1.7604769893412409, 4.318195958962492, 3.8114754426599684, 3.7116446435508883], [6.542972686019712, 5.612899632097477, 5.6574886106823055, 5.403615503530945, 6.205397248363718, 4.66184733555272, 4.5895797814179025, 4.9150074689668575, 4.699929570748906, 5.682612021773086, 7.034567754311561, 3.4689008129377235, 2.7850890578220295, 2.180344812179945, 1.0952118973057223, 2.8158082924801535, 6.491960075354746, 4.983065330697562, 6.004216875663303, 5.436381305611298, 7.739840841386856, 7.566503639066064, 7.084218884252518, 4.078534626554003, 3.025187369403753, 2.5576533267821895, 3.7536451017644175, 3.0670504870314734, 1.773368176662703, 0.0, 1.7716120625012688, 3.8212819903796684, 2.6476797276105737, 3.170709997776523], [7.087270973371908, 6.385535709711441, 6.550805535199468, 6.591086102456862, 7.424136179381411, 6.065135024053462, 5.9190735330793105, 6.363563819118968, 5.632769823985354, 6.486574634581799, 7.96062324758558, 4.142012801766793, 3.505178491888822, 2.1742845259992998, 1.0955105750288305, 2.693351195072785, 7.2690445919666775, 6.540301840893889, 6.519729826457535, 6.294949346897081, 8.583461104356447, 8.423333540825745, 8.216394904092668, 4.31321590231697, 3.779832213207353, 3.761576640186931, 4.300557034850253, 2.516347672719332, 1.7604769893412409, 1.7716120625012688, 0.0, 3.7064588450433384, 3.046374569878103, 2.467876826342838], [6.97519502809778, 6.470997852727197, 7.267933927190038, 7.456712730151269, 8.583156385619455, 6.584416375807351, 5.683310906505116, 5.619761116809148, 5.212781374659789, 5.129596407126003, 6.531717723539497, 4.149346934157229, 2.7503571313558535, 2.1766840491904196, 3.4628957405616476, 1.0951482137135593, 8.148330678734142, 7.101547165230968, 5.056647816488706, 4.4535655659258016, 6.711828446854105, 7.305786378617978, 6.89108338724761, 4.269754148660084, 4.720122618110678, 3.138608588212299, 2.427395472517818, 2.480861169029819, 4.318195958962492, 3.8212819903796684, 3.7064588450433384, 0.0, 1.7728390423273062, 1.7679248683131301], [7.396358370847102, 6.629667118340105, 7.140390497724897, 7.022091643520469, 8.020907074016005, 6.018601154753487, 5.355398708779768, 5.207589194627396, 5.322873427952238, 5.615609104095477, 6.975954636463744, 4.254494706777763, 2.7839078792230176, 2.1822118458114925, 2.775942521018762, 1.0953606985828914, 8.074410201370748, 6.336549288847993, 5.842087182677095, 4.936030678591858, 7.341852423605366, 