{"total energy": -34.66423163, "HOMO-LUMO gap/eV": 3.97065471, "electronic energy": -34.96829419, "dipole": [0.86945872, 1.10503741, -0.63332226], "partial charges": [0.04010534, -0.27977986, 0.47342426, -0.46000948, -0.21178511, 0.29712048, -0.14321654, -0.40211018, -0.12358232, -0.05511117, 0.06795688, 0.05729147, 0.0689357, 0.21344422, 0.08578999, 0.04980681, 0.08503301, 0.07501246, 0.08657813, 0.0750959], "atomic dipole moments": [[0.25785349, -0.13868009, -0.039036], [-0.17612665, -0.07035118, 0.0731023], [0.1449157, 0.08221925, -0.25860817], [0.04872018, 0.03015372, -0.10059177], [-0.0331446, -0.01973067, 0.03262759], [-0.07260321, 0.06929224, -0.01885824], [-0.10604601, -0.01011853, -0.00352462], [0.09245357, 0.16865489, -0.02146671], [0.15294673, -0.04034021, 0.61620926], [0.05013112, 0.15795477, -0.09318804], [-0.00255203, 0.1149409, -0.04884474], [-0.07970915, -0.07578774, -0.05998917], [-0.01546161, 0.0056488, 0.1247274], [0.04799299, 0.11112081, 0.00576408], [0.03689169, -0.0198369, 0.13080024], [0.04040301, 0.11638191, -0.03595906], [0.05891108, -0.08857999, -0.08510592], [-0.06229346, -0.08049821, -0.08013292], [0.10744161, -0.0641048, 0.04758229], [-0.08210309, 0.03302817, 0.09792167]], "atomic quadrupole moments": [[0.38628833, -0.33789603, -0.09380267, -0.08804545, 0.02803903, -0.29248566], [0.06924795, -0.05576291, 0.03512171, -0.03591346, -0.03226951, -0.10436966], [0.39974577, -0.41791612, 0.6238587, 0.71989619, 0.22795671, -1.02360447], [-0.02651758, 0.00968629, -0.04023782, -0.0386158, -0.01051715, 0.06675539], [0.0933111, -0.02576154, -0.05490635, -0.00481207, -0.00911769, -0.03840474], [-0.23701189, -0.08463438, -0.24003919, -0.05711252, 0.1624632, 0.47705108], [0.2366328, 0.0330576, -0.06755724, 0.03487186, -0.02224271, -0.16907555], [-0.10940169, 0.01965155, -0.0753514, -0.035071, 0.0577994, 0.1847531], [-0.37392833, 0.38481477, 0.19478642, 0.20766054, 0.0473675, 0.17914192], [-0.18704634, 0.17795243, 0.24069791, -0.08446618, -0.26347706, -0.05365157], [-0.02455071, 0.00445072, 0.05340048, -0.01534715, -0.05054546, -0.02884978], [0.0332494, 0.01278368, 0.00115574, 0.02832066, 0.03599135, -0.03440514], [-0.00860376, -0.03003725, -0.04272893, -0.01600187, 0.00300348, 0.05133269], [0.0361264, 0.04844777, 0.03432825, 0.00528313, -0.0134369, -0.07045465], [-0.03041081, 0.00479873, -0.03490982, 0.02984293, -0.02722717, 0.06532062], [-0.02144129, 0.02548746, 0.06870232, -0.0061276, -0.03617771, -0.04726103], [-0.01340679, -0.02598401, 0.02556928, -0.03355499, 0.05175843, -0.01216249], [-0.02535845, 0.04093731, 0.00532073, 0.04162369, 0.04022244, 0.02003772], [0.03534751, -0.02217544, -0.00385512, 0.02024334, -0.03519412, -0.03149239], [-0.01395893, -0.01414616, -0.00231795, -0.05854683, 0.00454867, 0.01627688]], "number of molecular orbitals": 60, "number of electrons": 60, "number of unpaired electrons": 0, "orbital energies/eV": [-20.13536564, -19.78233654, -19.56770117, -19.04641312, -18.51606158, -17.9415047, -17.53935858, -16.82562784, -16.57712396, -16.37222404, -15.95832769, -15.56717725, -15.41830898, -15.30917783, -15.15096283, -14.53121823, -13.9752207, -13.88987268, -13.54489535, -13.52470073, -13.42611389, -13.36419335, -13.10857868, -12.98900413, -12.44639173, -12.00789946, -11.87529228, -11.56027913, -11.34780339, -10.57021754, -6.59956283, -5.83416927, -4.98997522, -3.29036455, -2.65662634, -0.7043588, -0.02034118, 0.63270786, 1.49259646, 2.06453928, 2.63349791, 2.87606842, 3.50937335, 3.73936044, 4.1054035, 4.1238886, 4.21881011, 4.70065504, 5.25031183, 5.3596908, 5.73407333, 6.14264989, 8.79940057, 9.30165062, 10.5218991, 11.78018173, 16.03942071, 24.32142208, 25.53669779, 31.28646843], "fractional occupation": [2.0, 2.0, 2.0, 2.0, 2.0, 2.0, 2.0, 2.0, 2.0, 2.0, 2.0, 2.0, 2.0, 2.0, 2.0, 2.0, 2.0, 2.0, 2.0, 2.0, 2.0, 2.0, 2.0, 2.0, 2.0, 2.0, 2.0, 2.0, 2.0, 2.0, 0.0, 0.0, 0.0, 0.0, 0.0, 0.0, 0.0, 0.0, 0.0, 0.0, 0.0, 0.0, 0.0, 0.0, 0.0, 0.0, 0.0, 0.0, 0.0, 0.0, 0.0, 0.0, 0.0, 0.0, 0.0, 0.0, 0.0, 0.0, 0.0, 0.0], "program call": "xtb /home/svss/Project-DBcg-Debug/aqme2_20220329/End-to-End-workflows-final/example-3/QDESCP/mol_759_rdkit_conf_2/mol_759_rdkit_conf_2.xyz --pop --wbo --acc 0.2 --gfn 2 --chrg 0 --uhf 0 --etemp 300 --input /home/svss/Project-DBcg-Debug/aqme2_20220329/End-to-End-workflows-final/example-3/QDESCP/mol_759_rdkit_conf_2/mol_759_rdkit_conf_2_xtb.inp", "method": "GFN2-xTB", "xtb version": "6.3.3 (7355c4f)", "Dipole module/D": 3.92, "Total charge": 0, "Transition dipole module/D": NaN, "HOMO": -10.5702, "LUMO": -6.5996, "HOMO occupancy": 2.0, "LUMO occupancy": 0, "mulliken charges": [0.183, -0.36577, 0.43535, -0.43337, -0.29665, 0.49262, -0.13134, -0.52725, -0.04838, 0.00839, 0.03382, 0.03351, 0.0492, 0.24212, 0.06926, 0.03377, 0.06609, 0.03833, 0.06501, 0.05228], "cm5 charges": [0.06823, -0.42958, 0.44405, -0.4475, -0.61722, 0.58849, -0.26729, -0.57083, -0.05004, -0.12055, 0.09324, 0.09581, 0.11179, 0.44758, 0.12344, 0.08989, 0.12044, 0.09073, 0.12216, 0.10717], "FUKUI+": [0.024, -0.002, -0.162, -0.027, -0.011, -0.073, 0.029, -0.122, -0.257, 0.042, -0.039, -0.011, -0.025, -0.057, -0.061, -0.048, -0.058, -0.052, -0.039, -0.051], "FUKUI-": [0.022, -0.019, -0.101, -0.042, -0.003, -0.011, 0.005, -0.092, -0.359, 0.063, -0.046, -0.009, -0.034, -0.041, -0.049, -0.042, -0.044, -0.06, -0.065, -0.073], "FUKUIrad": [0.023, -0.011, -0.132, -0.034, -0.007, -0.042, 0.017, -0.107, -0.308, 0.052, -0.042, -0.01, -0.029, -0.049, -0.055, -0.045, -0.051, -0.056, -0.052, -0.062], "s proportion": [0.973, 1.651, 1.439, 1.677, 1.414, 0.998, 1.023, 1.725, 1.905, 1.012, 0.966, 0.966, 0.951, 0.758, 0.931, 0.966, 0.934, 0.962, 0.935, 0.948], "p proportion": [2.844, 4.715, 2.001, 4.757, 3.882, 2.51, 3.108, 4.802, 4.149, 2.979, 0.0, 0.0, 0.0, 0.0, 0.0, 0.0, 0.0, 0.0, 0.0, 0.0], "d proportion": [0.0, 0.0, 1.125, 0.0, 0.0, 0.0, 0.0, 0.0, -0.005, 0.0, 0.0, 0.0, 0.0, 0.0, 0.0, 0.0, 0.0, 0.0, 0.0, 0.0], "Fermi-level/eV": -8.5849, "Coordination numbers": [3.895, 1.657, 3.868, 0.808, 2.638, 2.921, 3.755, 0.858, 1.893, 3.748, 0.924, 0.924, 0.924, 0.873, 0.924, 0.924, 0.924, 0.924, 0.924, 0.924], "Dispersion coefficient C6": [19.848, 18.66, 140.887, 22.942, 25.62, 21.975, 23.318, 21.722, 146.232, 21.631, 2.108, 2.231, 2.097, 1.038, 1.92, 2.322, 1.928, 2.031, 1.913, 2.03], "Total dispersion C6": 5618.028144, "Total dispersion C8": 163976.54851, "Polarizability alpha": [6.333, 5.831, 21.322, 6.421, 7.517, 7.687, 6.885, 6.249, 20.353, 6.634, 2.271, 2.336, 2.265, 1.595, 2.167, 2.383, 2.171, 2.229, 2.163, 2.228], "Total polarizability alpha": 117.040949, "Wiberg matrix": [[0.0, 0.9459294076547686, 0.0, 0.0, 0.0, 0.0, 0.0, 0.0, 0.0, 0.0, 0.9777618651095545, 0.9787942226881283, 0.9790954671691136, 0.0, 0.0, 0.0, 0.0, 0.0, 0.0, 0.0], [0.9459294076547686, 0.0, 1.199361670588496, 0.0, 0.0, 0.0, 0.0, 0.0, 0.0, 0.0, 0.0, 0.0, 0.0, 0.0, 0.0, 0.0, 0.0, 0.0, 0.0, 0.0], [0.0, 1.199361670588496, 0.0, 1.8892116850660559, 1.0248421714688563, 0.0, 0.0, 0.0, 1.0400423107774912, 0.0, 0.0, 0.0, 0.0, 0.0, 0.0, 0.0, 0.0, 0.0, 0.0, 0.0], [0.0, 0.0, 1.8892116850660559, 0.0, 0.0, 0.0, 0.0, 0.0, 0.0, 0.0, 0.0, 0.0, 0.0, 0.0, 0.0, 0.0, 0.0, 0.0, 0.0, 0.0], [0.0, 0.0, 1.0248421714688563, 0.0, 0.0, 1.1810333178194197, 0.0, 0.16429598517001398, 0.0, 0.0, 0.0, 0.0, 0.0, 0.9073845412428515, 0.0, 0.0, 0.0, 0.0, 0.0, 0.0], [0.0, 0.0, 0.0, 0.0, 1.1810333178194197, 0.0, 0.990924009607694, 1.721836456565332, 0.0, 0.0, 0.0, 0.0, 0.0, 0.0, 0.0, 0.0, 0.0, 0.0, 0.0, 0.0], [0.0, 0.0, 0.0, 0.0, 0.0, 0.990924009607694, 0.0, 0.0, 0.0, 0.0, 0.0, 0.0, 0.0, 0.0, 0.960084000792383, 0.9842592546951495, 0.9644829566220241, 0.0, 0.0, 0.0], [0.0, 0.0, 0.0, 0.0, 0.16429598517001398, 1.721836456565332, 0.0, 0.0, 0.0, 0.0, 0.0, 0.0, 0.0, 0.0, 0.0, 0.0, 0.0, 0.0, 0.0, 0.0], [0.0, 0.0, 1.0400423107774912, 0.0, 0.0, 0.0, 0.0, 0.0, 0.0, 0.9865461609460373, 0.0, 0.0, 0.0, 0.0, 0.0, 0.0, 0.0, 0.0, 0.0, 0.0], [0.0, 0.0, 0.0, 0.0, 0.0, 0.0, 0.0, 0.0, 0.9865461609460373, 0.0, 0.0, 0.0, 0.0, 0.0, 0.0, 0.0, 0.0, 0.9751033932244976, 0.977433365442526, 0.979944814161529], [0.9777618651095545, 0.0, 0.0, 0.0, 0.0, 0.0, 0.0, 0.0, 0.0, 0.0, 0.0, 0.0, 0.0, 0.0, 0.0, 0.0, 0.0, 0.0, 0.0, 0.0], [0.9787942226881283, 0.0, 0.0, 0.0, 0.0, 0.0, 0.0, 0.0, 0.0, 0.0, 0.0, 0.0, 0.0, 0.0, 0.0, 0.0, 0.0, 0.0, 0.0, 0.0], [0.9790954671691136, 0.0, 0.0, 0.0, 0.0, 0.0, 0.0, 0.0, 0.0, 0.0, 0.0, 0.0, 0.0, 0.0, 0.0, 0.0, 0.0, 0.0, 0.0, 0.0], [0.0, 0.0, 0.0, 0.0, 0.9073845412428515, 0.0, 0.0, 0.0, 0.0, 0.0, 0.0, 0.0, 0.0, 0.0, 0.0, 0.0, 0.0, 0.0, 0.0, 0.0], [0.0, 0.0, 0.0, 0.0, 0.0, 0.0, 0.960084000792383, 0.0, 0.0, 0.0, 0.0, 0.0, 0.0, 0.0, 0.0, 0.0, 0.0, 0.0, 0.0, 0.0], [0.0, 0.0, 0.0, 0.0, 0.0, 0.0, 0.9842592546951495, 0.0, 0.0, 0.0, 0.0, 0.0, 0.0, 0.0, 0.0, 0.0, 0.0, 0.0, 0.0, 0.0], [0.0, 0.0, 0.0, 0.0, 0.0, 0.0, 0.9644829566220241, 0.0, 0.0, 0.0, 0.0, 0.0, 0.0, 0.0, 0.0, 0.0, 0.0, 0.0, 0.0, 0.0], [0.0, 0.0, 0.0, 0.0, 0.0, 0.0, 0.0, 0.0, 0.0, 0.9751033932244976, 0.0, 0.0, 0.0, 0.0, 0.0, 0.0, 0.0, 0.0, 0.0, 0.0], [0.0, 0.0, 0.0, 0.0, 0.0, 0.0, 0.0, 0.0, 0.0, 0.977433365442526, 0.0, 0.0, 0.0, 0.0, 0.0, 0.0, 0.0, 0.0, 0.0, 0.0], [0.0, 0.0, 0.0, 0.0, 0.0, 0.0, 0.0, 0.0, 0.0, 0.979944814161529, 0.0, 0.0, 0.0, 0.0, 0.0, 0.0, 0.0, 0.0, 0.0, 0.0]], "Born radii": [], "Atomic SASAs": [], "Solvent H bonds": [], "Total SASA": NaN, "Total FOD": 0.0, "FOD": [0.0, 0.0, 0.0, 0.0, 0.0, 0.0, 0.0, 0.0, 0.0, 0.0, 0.0, 0.0, 0.0, 0.0, 0.0, 0.0, 0.0, 0.0, 0.0, 0.0], "FOD s proportion": [0.0, 0.0, 0.0, 0.0, 0.0, 0.0, 0.0, 0.0, 0.0, 0.0, 0.0, 0.0, 0.0, 0.0, 0.0, 0.0, 0.0, 0.0, 0.0, 0.0], "FOD p proportion": [0.0, 0.0, 0.0, 0.0, 0.0, 0.0, 0.0, 0.0, 0.0, 0.0, 0.0, 0.0, 0.0, 0.0, 0.0, 0.0, 0.0, 0.0, 0.0, 0.0], "FOD d proportion": [0.0, 0.0, 0.0, 0.0, 0.0, 0.0, 0.0, 0.0, 0.0, 0.0, 0.0, 0.0, 0.0, 0.0, 0.0, 0.0, 0.0, 0.0, 0.0, 0.0], "coordinates": [["-1.95870", "2.62400", "-0.20550"], ["-0.67810", "2.04870", "-0.38330"], ["-0.50630", "0.49020", "0.03830"], ["-1.13050", "0.24630", "1.38070"], ["1.16930", "0.37690", "0.04700"], ["1.82210", "-0.77030", "0.37010"], ["3.31580", "-0.62530", "0.48370"], ["1.26660", "-1.84680", "0.55080"], ["-1.35990", "-0.68010", "-1.45960"], ["-1.86470", "-2.18560", "-0.60870"], ["-1.95520", "3.62470", "-0.64480"], ["-2.72540", "2.02440", "-0.70260"], ["-2.18500", "2.70910", "0.86060"], ["1.65480", "1.25760", "0.04690"], ["3.61400", "-0.80460", "1.52010"], ["3.65180", "0.37270", "0.18890"], ["3.79610", "-1.35740", "-0.17140"], ["-2.38560", "-2.84250", "-1.31020"], ["-0.99770", "-2.71760", "-0.21410"], ["-2.54330", "-1.94450", "0.21320"]], "bond_dist": [[0.0, 1.415103985578445, 2.5926832895670078, 2.9758029118206064, 3.859740750361351, 5.113417300592628, 6.233241322137304, 5.564404947521344, 3.5844671933217636, 4.827386290737462, 1.092884820097708, 1.0929123752616219, 1.0931710341936434, 3.871451532694165, 6.76668150646977, 6.058185644233759, 6.9978876677180235, 5.593319939892586, 5.427364509593952, 4.6247442199542235], [1.415103985578445, 0.0, 1.6236329788471286, 2.562227062537589, 2.5284303609156416, 3.8425736948040434, 4.883974018153659, 4.453012592616374, 3.011581373630804, 4.4031944324546926, 2.0452732482482623, 2.0721921411876845, 2.0625622366367518, 2.5006666431173907, 5.494212851719525, 4.6780789700474275, 5.627155983265436, 5.262939986357435, 4.7799987960249535, 4.447519480564418], [2.5926832895670078, 1.6236329788471286, 0.0, 1.500383487645742, 1.679448701211204, 2.668407399555023, 4.006391121695434, 2.9778179360061623, 2.0837320989033117, 3.069815173589446, 3.520089071316235, 2.7976967777084063, 2.901332140586458, 2.2933229013813126, 4.566082606567692, 4.1624851014748385, 4.687029508121322, 4.056736376694942, 3.255020823282088, 3.179264553320469], [2.9758029118206064, 2.562227062537589, 1.500383487645742, 0.0, 2.661746060389684, 3.282169203438482, 4.618861250351649, 3.2887520475098153, 2.9963553544264405, 3.2265925695693283, 4.024471008716549, 3.169461233395985, 2.7290764188640813, 3.249560927263867, 4.861491892413275, 4.930188382810539, 5.408535445016517, 4.284495799974602, 3.368341741866464, 2.85633764285667], [3.859740750361351, 2.5284303609156416, 1.679448701211204, 2.661746060389684, 0.0, 1.3589000294355726, 2.4088532499926183, 2.282131332767683, 3.127929858548622, 4.025109282988475, 4.559527643298152, 4.294746150821956, 4.165624837884468, 1.0056553833197535, 3.0890975947677664, 2.486555750430704, 3.1552453612991815, 4.984359759287044, 3.78681825019369, 4.38177123547088], [5.113417300592628, 3.8425736948040434, 2.668407399555023, 3.282169203438482, 1.3589000294355726, 0.0, 1.5050148338139393, 1.2247795679223263, 3.6716565920575963, 4.068613740575529, 5.883369978167275, 5.444335554500659, 5.329508891070546, 2.0602975367650176, 2.1294558225048954, 2.164967558648397, 2.1294564235973463, 4.982184282019283, 3.4762823490044648, 4.523282039625652], [6.233241322137304, 4.883974018153659, 4.006391121695434, 4.618861250351649, 2.4088532499926183, 1.5050148338139393, 0.0, 2.3865844422521487, 5.0637524050845935, 5.5195519836305555, 6.864361095542687, 6.70256034810579, 6.44352990293364, 2.5485344121671183, 1.093250515664182, 1.0935296246558666, 1.0935330401958598, 6.374952157467536, 4.8446802144207615, 6.011864244974266], [5.564404947521344, 4.453012592616374, 2.9778179360061623, 3.2887520475098153, 2.282131332767683, 1.2247795679223263, 2.3865844422521487, 0.0, 3.5073350709619975, 3.356227849833798, 6.461173798157731, 5.7002863963137855, 5.724136913981006, 3.1688978857009578, 2.7451794276513146, 3.278159681894706, 2.6757158761722066, 4.218211034313006, 2.543701857529691, 3.8260759349495403], [3.5844671933217636, 3.011581373630804, 2.0837320989033117, 2.9963553544264405, 3.127929858548622, 3.6716565920575963, 5.0637524050845935, 3.5073350709619975, 0.0, 1.801494962524181, 4.421491170408463, 3.1228127545531765, 4.189366860278531, 3.887497862378834, 5.799464936526473, 5.379877041345834, 5.357474267787015, 2.3979897018127496, 2.415339591030628, 2.40777963277373], [4.827386290737462, 4.4031944324546926, 3.069815173589446, 3.2265925695693283, 4.025109282988475, 4.068613740575529, 5.5195519836305555, 3.356227849833798, 1.801494962524181, 0.0, 5.81111689350679, 4.298106757631783, 5.120500236305044, 4.967123699889101, 6.03780623488366, 6.132930531157189, 5.737752449348089, 1.0931407365934178, 1.0910646910243225, 1.0927702320250128], [1.092884820097708, 2.0452732482482623, 3.520089071316235, 4.024471008716549, 4.559527643298152, 5.883369978167275, 6.864361095542687, 6.461173798157731, 4.421491170408463, 5.81111689350679, 0.0, 1.7769380883981296, 1.7768963278705936, 4.371923066569218, 7.43784102680341, 6.53521297969699, 7.623836282344998, 6.515571898152917, 6.428614005366942, 5.66551094341896], [1.0929123752616219, 2.0721921411876845, 2.7976967777084063, 3.169461233395985, 4.294746150821956, 5.444335554500659, 6.70256034810579, 5.7002863963137855, 3.1228127545531765, 4.298106757631783, 1.7769380883981296, 0.0, 1.790095106411947, 4.509532628776512, 7.289144576011646, 6.647673651737125, 7.365372151493772, 4.91643747138108, 5.0705170880295825, 4.077256094483151], [1.0931710341936434, 2.0625622366367518, 2.901332140586458, 2.7290764188640813, 4.165624837884468, 5.329508891070546, 6.44352990293364, 5.724136913981006, 4.189366860278531, 5.120500236305044, 1.7768963278705936, 1.790095106411947, 0.0, 4.184856506500552, 6.812446619240403, 6.322830069676078, 7.30581983489875, 5.964300089700383, 5.658068068696241, 4.712058850438946], [3.871451532694165, 2.5006666431173907, 2.2933229013813126, 3.249560927263867, 1.0056553833197535, 2.0602975367650176, 2.5485344121671183, 3.1688978857009578, 3.887497862378834, 4.967123699889101, 4.371923066569218, 4.509532628776512, 4.184856506500552, 0.0, 3.2033500776530808, 2.1888857919041826, 3.386893204693647, 5.914167107885945, 4.786030953723555, 5.282531941219097], [6.76668150646977, 5.494212851719525, 4.566082606567692, 4.861491892413275, 3.0890975947677664, 2.1294558225048954, 1.093250515664182, 2.7451794276513146, 5.799464936526473, 6.03780623488366, 7.43784102680341, 7.289144576011646, 6.812446619240403, 3.2033500776530808, 0.0, 1.7775144359470052, 1.788832160936291, 6.939656667299904, 5.285337787691531, 6.396851015147999], [6.058185644233759, 4.6780789700474275, 4.1624851014748385, 4.930188382810539, 2.486555750430704, 2.164967558648397, 1.0935296246558666, 3.278159681894706, 5.379877041345834, 6.132930531157189, 6.53521297969699, 6.647673651737125, 6.322830069676078, 2.1888857919041826, 1.7775144359470052, 0.0, 1.77310027635213, 7.002500311317379, 5.597339844962069, 6.614323120320023], [6.9978876677180235, 5.627155983265436, 4.687029508121322, 5.408535445016517, 3.1552453612991815, 2.1294564235973463, 1.0935330401958598, 2.6757158761722066, 5.357474267787015, 5.737752449348089, 7.623836282344998, 7.365372151493772, 7.30581983489875, 3.386893204693647, 1.788832160936291, 1.77310027635213, 0.0, 6.458777155158708, 4.983220421574788, 6.378134204451957], [5.593319939892586, 5.262939986357435, 4.056736376694942, 4.284495799974602, 4.984359759287044, 4.982184282019283, 6.374952157467536, 4.218211034313006, 2.3979897018127496, 1.0931407365934178, 6.515571898152917, 4.91643747138108, 5.964300089700383, 5.914167107885945, 6.939656667299904, 7.002500311317379, 6.458777155158708, 0.0, 1.7729358787051495, 1.7753931536423138], [5.427364509593952, 4.7799987960249535, 3.255020823282088, 3.368341741866464, 3.78681825019369, 3.4762823490044648, 4.8446802144207615, 2.543701857529691, 2.415339591030628, 1.0910646910243225, 6.428614005366942, 5.0705170880295825, 5.658068068696241, 4.786030953723555, 5.285337787691531, 5.597339844962069, 4.983220421574788, 1.7729358787051495, 0.0, 1.7802101729852011], [4.6247442199542235, 4.447519480564418, 3.179264553320469, 2.85633764285667, 4.38177123547088, 4.523282039625652, 6.011864244974266, 3.8260759349495403, 2.40777963277373, 1.0927702320250128, 5.66551094341896, 4.077256094483151, 4.712058850438946, 5.282531941219097, 6.396851015147999, 6.614323120320023, 6.378134204451957, 1.7753931536423138, 1.7802101729852011, 0.0]]}