{"total energy": -42.7762913, "HOMO-LUMO gap/eV": 3.61300954, "electronic energy": -43.27413638, "dipole": [0.00171737, -0.00460137, 0.00050948], "partial charges": [0.03613788, -0.26262232, 0.3584523, -0.39952149, -0.00360556, -0.01764689, -0.02108009, -0.02106802, -0.01763457, -0.00360783, 0.35846587, -0.39948165, -0.26266698, 0.03613942, 0.06372878, 0.06582862, 0.06413026, 0.06310248, 0.05309805, 0.05308575, 0.06309008, 0.0641289, 0.06583204, 0.06371495], "atomic dipole moments": [[-0.03856432, 0.24915412, 0.09803077], [-0.16575626, -0.13488007, -0.07197539], [0.13642764, -0.1117707, -0.01687403], [0.14977583, 0.09043546, 0.05646812], [0.0211155, -0.09144582, -0.01568256], [0.02649654, -0.02927988, 0.02302502], [0.00619493, -0.01669214, 0.00580134], [0.00487541, -0.01811563, -0.00101692], [-0.00330284, -0.04370019, -0.01307954], [0.03347358, -0.08006052, 0.03913745], [-0.04953313, -0.16123168, 0.05414849], [-0.16971293, -0.0278012, -0.06503365], [0.20682501, 0.0057508, 0.0895963], [-0.1023882, 0.19379027, -0.15852578], [-0.06402861, -0.08234857, 0.07853451], [0.1214886, -0.0354459, 0.00044384], [-0.03959268, 0.00102535, -0.1243352], [-0.08823307, -0.03945208, -0.12256235], [-0.08193649, 0.10321737, -0.07597217], [0.00257079, 0.14622029, 0.0418566], [0.08518028, 0.04905395, 0.12125924], [0.0222096, 0.05364514, 0.11688353], [-0.07935256, -0.09701268, 0.01764957], [0.10536783, -0.04749884, -0.06081144]], "atomic quadrupole moments": [[-0.23190376, -0.09207766, 0.42231654, -0.03027924, 0.28927815, -0.19041278], [-0.02384719, -0.02569429, 0.07090507, 0.00080951, 0.05458538, -0.04705788], [-0.16136552, -0.12894217, -0.17961664, -0.09374864, -0.30744052, 0.34098216], [-0.0983025, 0.02925209, -0.05870739, -0.02867932, -0.11457026, 0.15700989], [0.16255063, 0.13270372, -0.06098604, -0.34825391, 0.01426697, -0.10156459], [0.22746228, 0.09110286, -0.23205753, -0.39587856, -0.09769794, 0.00459525], [0.21056323, 0.11383536, -0.25128707, -0.39708744, -0.07152589, 0.04072384], [0.22317309, 0.09681794, -0.2691141, -0.38834584, -0.08918816, 0.04594101], [0.22152248, 0.09905997, -0.2232547, -0.40046814, -0.08783591, 0.00173222], [0.25533154, 0.01090476, -0.21173272, -0.26082231, -0.18760308, -0.04359882], [-0.24519421, -0.03598702, 0.06434483, -0.29817389, 0.26178086, 0.18084938], [-0.04298761, -0.05926199, -0.04877202, -0.0927712, 0.12346684, 0.09175963], [-0.02222713, -0.02258648, 0.03554118, 0.04047013, -0.066562, -0.01331405], [-0.12780582, -0.21034267, 0.13753126, 0.2024884, -0.35262448, -0.00972544], [-0.01401452, 0.02748369, 0.01688252, -0.04506168, -0.01795708, -0.00286801], [0.07589032, -0.02277054, -0.02522766, 0.00619607, 0.01010415, -0.05066265], [-0.0351994, -0.01139837, -0.00930564, 0.03957998, 0.003591, 0.04450504], [-0.02872862, -0.0173555, 0.03774709, 0.03804979, 0.01273883, -0.00901847], [-0.02747854, -0.00929066, 0.03044318, 0.04795468, 0.01597412, -0.00296464], [-0.0247836, -0.01267701, 0.02519201, 0.05149158, 0.00709554, -0.0004084], [-0.02925807, -0.0160361, 0.03466297, 0.04214516, -0.00032194, -0.0054049], [-0.04230482, -0.00253477, 0.00531464, 0.02931049, 0.03001807, 0.03699019], [0.01959734, 0.05782841, 0.02407975, 0.00223438, -0.01878503, -0.04367709], [0.02890378, -0.03340825, -0.02440724, -0.03772763, -0.009145, -0.00449654]], "number of molecular orbitals": 66, "number of electrons": 74, "number of unpaired electrons": 0, "orbital energies/eV": [-20.36544324, -20.33699679, -19.54600303, -19.53545851, -18.74529339, -18.42301808, -18.16008308, -17.50181735, -17.43197321, -16.74682713, -16.69636278, -16.66677336, -16.44421558, -16.14697386, -15.89489406, -15.85483392, -15.41996381, -15.38444875, -15.17666204, -14.54546945, -14.33033062, -14.19708104, -14.02854969, -13.8161054, -13.68012915, -13.65526326, -13.48135284, -13.17405076, -13.14548416, -12.63269816, -12.44452905, -12.33582421, -12.32446006, -11.70582659, -11.70121364, -11.47654946, -11.31741699, -7.70440745, -7.22394945, -6.15541022, -5.7438996, -3.21430493, 0.36305314, 0.41691658, 2.51246718, 2.64323832, 3.21442235, 3.38615717, 3.48167864, 3.65582811, 3.83473359, 4.07060511, 4.62957741, 5.06836737, 5.21197857, 5.21514689, 6.06687167, 6.19957844, 9.58099623, 9.73055965, 10.67369311, 11.07978295, 14.68477732, 16.37515907, 16.54072475, 17.84428091], "fractional occupation": [2.0, 2.0, 2.0, 2.0, 2.0, 2.0, 2.0, 2.0, 2.0, 2.0, 2.0, 2.0, 2.0, 2.0, 2.0, 2.0, 2.0, 2.0, 2.0, 2.0, 2.0, 2.0, 2.0, 2.0, 2.0, 2.0, 2.0, 2.0, 2.0, 2.0, 2.0, 2.0, 2.0, 2.0, 2.0, 2.0, 2.0, 0.0, 0.0, 0.0, 0.0, 0.0, 0.0, 0.0, 0.0, 0.0, 0.0, 0.0, 0.0, 0.0, 0.0, 0.0, 0.0, 0.0, 0.0, 0.0, 0.0, 0.0, 0.0, 0.0, 0.0, 0.0, 0.0, 0.0, 0.0, 0.0], "program call": "xtb /home/svss/Project-DBcg-Debug/aqme2_20220329/End-to-End-workflows-final/example-3/QDESCP/mol_564_rdkit_conf_1/mol_564_rdkit_conf_1.xyz --pop --wbo --acc 0.2 --gfn 2 --chrg 0 --uhf 0 --etemp 300 --input /home/svss/Project-DBcg-Debug/aqme2_20220329/End-to-End-workflows-final/example-3/QDESCP/mol_564_rdkit_conf_1/mol_564_rdkit_conf_1_xtb.inp", "method": "GFN2-xTB", "xtb version": "6.3.3 (7355c4f)", "Dipole module/D": 0.013, "Total charge": 0, "Transition dipole module/D": NaN, "HOMO": -11.3174, "LUMO": -7.7044, "HOMO occupancy": 2.0, "LUMO occupancy": 0, "mulliken charges": [0.17504, -0.41061, 0.5793, -0.52648, -0.01154, -0.01111, -0.0179, -0.01789, -0.0111, -0.01154, 0.57931, -0.52645, -0.41064, 0.17504, 0.04427, 0.03851, 0.04403, 0.0554, 0.04107, 0.04106, 0.0554, 0.04403, 0.03851, 0.04426], "cm5 charges": [0.05545, -0.49399, 0.63773, -0.57299, -0.01019, -0.06194, -0.07292, -0.07291, -0.06192, -0.01019, 0.63775, -0.57296, -0.494, 0.05546, 0.10577, 0.09768, 0.10515, 0.11392, 0.09632, 0.09631, 0.11391, 0.10514, 0.09768, 0.10575], "FUKUI+": [0.023, -0.043, -0.035, -0.11, -0.05, -0.017, -0.043, -0.043, -0.017, -0.05, -0.035, -0.11, -0.043, 0.023, -0.025, -0.036, -0.03, -0.059, -0.073, -0.073, -0.059, -0.03, -0.036, -0.025], "FUKUI-": [0.021, -0.05, -0.014, -0.137, -0.031, -0.025, -0.025, -0.025, -0.025, -0.031, -0.014, -0.137, -0.05, 0.021, -0.029, -0.046, -0.033, -0.052, -0.08, -0.08, -0.052, -0.033, -0.046, -0.029], "FUKUIrad": [0.022, -0.046, -0.024, -0.124, -0.041, -0.021, -0.034, -0.034, -0.021, -0.041, -0.024, -0.124, -0.046, 0.022, -0.027, -0.041, -0.032, -0.056, -0.076, -0.076, -0.056, -0.032, -0.041, -0.027], "s proportion": [0.973, 1.696, 0.974, 1.729, 1.083, 1.068, 1.065, 1.065, 1.068, 1.083, 0.974, 1.729, 1.696, 0.973, 0.956, 0.961, 0.956, 0.945, 0.959, 0.959, 0.945, 0.956, 0.961, 0.956], "p proportion": [2.852, 4.714, 2.447, 4.798, 2.928, 2.944, 2.953, 2.953, 2.944, 2.928, 2.447, 4.798, 4.714, 2.852, 0.0, 0.0, 0.0, 0.0, 0.0, 0.0, 0.0, 0.0, 0.0, 0.0], "d proportion": [0.0, 0.0, 0.0, 0.0, 0.0, 0.0, 0.0, 0.0, 0.0, 0.0, 0.0, 0.0, 0.0, 0.0, 0.0, 0.0, 0.0, 0.0, 0.0, 0.0, 0.0, 0.0, 0.0, 0.0], "Fermi-level/eV": -9.5109, "Coordination numbers": [3.659, 1.704, 2.736, 0.856, 2.968, 2.918, 2.91, 2.91, 2.918, 2.968, 2.736, 0.856, 1.704, 3.658, 0.924, 0.924, 0.924, 0.925, 0.925, 0.925, 0.925, 0.924, 0.924, 0.924], "Dispersion coefficient C6": [20.246, 18.353, 20.917, 21.672, 28.111, 28.45, 28.532, 28.532, 28.45, 28.111, 20.917, 21.671, 18.353, 20.246, 2.156, 2.132, 2.151, 2.163, 2.282, 2.282, 2.163, 2.151, 2.132, 2.156], "Total dispersion C6": 6805.345388, "Total dispersion C8": 159971.489086, "Polarizability alpha": [6.457, 5.784, 7.488, 6.241, 8.697, 8.747, 8.759, 8.759, 8.747, 8.697, 7.488, 6.241, 5.784, 6.457, 2.296, 2.283, 2.294, 2.3, 2.362, 2.362, 2.3, 2.294, 2.283, 2.296], "Total polarizability alpha": 127.417535, "Wiberg matrix": [[0.0, 0.9566186609444961, 0.0, 0.0, 0.0, 0.0, 0.0, 0.0, 0.0, 0.0, 0.0, 0.0, 0.0, 0.0, 0.9778875283922834, 0.9816895139665873, 0.9773535418476164, 0.0, 0.0, 0.0, 0.0, 0.0, 0.0, 0.0], [0.9566186609444961, 0.0, 1.1160130652979627, 0.17403404970895597, 0.0, 0.0, 0.0, 0.0, 0.0, 0.0, 0.0, 0.0, 0.0, 0.0, 0.0, 0.0, 0.0, 0.0, 0.0, 0.0, 0.0, 0.0, 0.0, 0.0], [0.0, 1.1160130652979627, 0.0, 1.7439672335899559, 0.9903513380973539, 0.0, 0.0, 0.0, 0.0, 0.0, 0.0, 0.0, 0.0, 0.0, 0.0, 0.0, 0.0, 0.0, 0.0, 0.0, 0.0, 0.0, 0.0, 0.0], [0.0, 0.17403404970895597, 1.7439672335899559, 0.0, 0.0, 0.0, 0.0, 0.0, 0.0, 0.0, 0.0, 0.0, 0.0, 0.0, 0.0, 0.0, 0.0, 0.0, 0.0, 0.0, 0.0, 0.0, 0.0, 0.0], [0.0, 0.0, 0.9903513380973539, 0.0, 0.0, 1.3947385124938858, 0.0, 0.10223331607544384, 0.0, 1.359451906288784, 0.0, 0.0, 0.0, 0.0, 0.0, 0.0, 0.0, 0.0, 0.0, 0.0, 0.0, 0.0, 0.0, 0.0], [0.0, 0.0, 0.0, 0.0, 1.3947385124938858, 0.0, 1.4426930313543, 0.0, 0.10862863434909412, 0.0, 0.0, 0.0, 0.0, 0.0, 0.0, 0.0, 0.0, 0.9666055148716555, 0.0, 0.0, 0.0, 0.0, 0.0, 0.0], [0.0, 0.0, 0.0, 0.0, 0.0, 1.4426930313543, 0.0, 1.433111578647161, 0.0, 0.10226099900475247, 0.0, 0.0, 0.0, 0.0, 0.0, 0.0, 0.0, 0.0, 0.9687634244598612, 0.0, 0.0, 0.0, 0.0, 0.0], [0.0, 0.0, 0.0, 0.0, 0.10223331607544384, 0.0, 1.433111578647161, 0.0, 1.4427448384580355, 0.0, 0.0, 0.0, 0.0, 0.0, 0.0, 0.0, 0.0, 0.0, 0.0, 0.9687550603064572, 0.0, 0.0, 0.0, 0.0], [0.0, 0.0, 0.0, 0.0, 0.0, 0.10862863434909412, 0.0, 1.4427448384580355, 0.0, 1.394686093694085, 0.0, 0.0, 0.0, 0.0, 0.0, 0.0, 0.0, 0.0, 0.0, 0.0, 0.9665994815857766, 0.0, 0.0, 0.0], [0.0, 0.0, 0.0, 0.0, 1.359451906288784, 0.0, 0.10226099900475247, 0.0, 1.394686093694085, 0.0, 0.9903792536743583, 0.0, 0.0, 0.0, 0.0, 0.0, 0.0, 0.0, 0.0, 0.0, 0.0, 0.0, 0.0, 0.0], [0.0, 0.0, 0.0, 0.0, 0.0, 0.0, 0.0, 0.0, 0.0, 0.9903792536743583, 0.0, 1.7440296413418588, 1.1159350828498944, 0.0, 0.0, 0.0, 0.0, 0.0, 0.0, 0.0, 0.0, 0.0, 0.0, 0.0], [0.0, 0.0, 0.0, 0.0, 0.0, 0.0, 0.0, 0.0, 0.0, 0.0, 1.7440296413418588, 0.0, 0.17403275060869783, 0.0, 0.0, 0.0, 0.0, 0.0, 0.0, 0.0, 0.0, 0.0, 0.0, 0.0], [0.0, 0.0, 0.0, 0.0, 0.0, 0.0, 0.0, 0.0, 0.0, 0.0, 1.1159350828498944, 0.17403275060869783, 0.0, 0.9566197932727993, 0.0, 0.0, 0.0, 0.0, 0.0, 0.0, 0.0, 0.0, 0.0, 0.0], [0.0, 0.0, 0.0, 0.0, 0.0, 0.0, 0.0, 0.0, 0.0, 0.0, 0.0, 0.0, 0.9566197932727993, 0.0, 0.0, 0.0, 0.0, 0.0, 0.0, 0.0, 0.0, 0.9773556786336355, 0.9816910508788187, 0.9778885325386242], [0.9778875283922834, 0.0, 0.0, 0.0, 0.0, 0.0, 0.0, 0.0, 0.0, 0.0, 0.0, 0.0, 0.0, 0.0, 0.0, 0.0, 0.0, 0.0, 0.0, 0.0, 0.0, 0.0, 0.0, 0.0], [0.9816895139665873, 0.0, 0.0, 0.0, 0.0, 0.0, 0.0, 0.0, 0.0, 0.0, 0.0, 0.0, 0.0, 0.0, 0.0, 0.0, 0.0, 0.0, 0.0, 0.0, 0.0, 0.0, 0.0, 0.0], [0.9773535418476164, 0.0, 0.0, 0.0, 0.0, 0.0, 0.0, 0.0, 0.0, 0.0, 0.0, 0.0, 0.0, 0.0, 0.0, 0.0, 0.0, 0.0, 0.0, 0.0, 0.0, 0.0, 0.0, 0.0], [0.0, 0.0, 0.0, 0.0, 0.0, 0.9666055148716555, 0.0, 0.0, 0.0, 0.0, 0.0, 0.0, 0.0, 0.0, 0.0, 0.0, 0.0, 0.0, 0.0, 0.0, 0.0, 0.0, 0.0, 0.0], [0.0, 0.0, 0.0, 0.0, 0.0, 0.0, 0.9687634244598612, 0.0, 0.0, 0.0, 0.0, 0.0, 0.0, 0.0, 0.0, 0.0, 0.0, 0.0, 0.0, 0.0, 0.0, 0.0, 0.0, 0.0], [0.0, 0.0, 0.0, 0.0, 0.0, 0.0, 0.0, 0.9687550603064572, 0.0, 0.0, 0.0, 0.0, 0.0, 0.0, 0.0, 0.0, 0.0, 0.0, 0.0, 0.0, 0.0, 0.0, 0.0, 0.0], [0.0, 0.0, 0.0, 0.0, 0.0, 0.0, 0.0, 0.0, 0.9665994815857766, 0.0, 0.0, 0.0, 0.0, 0.0, 0.0, 0.0, 0.0, 0.0, 0.0, 0.0, 0.0, 0.0, 0.0, 0.0], [0.0, 0.0, 0.0, 0.0, 0.0, 0.0, 0.0, 0.0, 0.0, 0.0, 0.0, 0.0, 0.0, 0.9773556786336355, 0.0, 0.0, 0.0, 0.0, 0.0, 0.0, 0.0, 0.0, 0.0, 0.0], [0.0, 0.0, 0.0, 0.0, 0.0, 0.0, 0.0, 0.0, 0.0, 0.0, 0.0, 0.0, 0.0, 0.9816910508788187, 0.0, 0.0, 0.0, 0.0, 0.0, 0.0, 0.0, 0.0, 0.0, 0.0], [0.0, 0.0, 0.0, 0.0, 0.0, 0.0, 0.0, 0.0, 0.0, 0.0, 0.0, 0.0, 0.0, 0.9778885325386242, 0.0, 0.0, 0.0, 0.0, 0.0, 0.0, 0.0, 0.0, 0.0, 0.0]], "Born radii": [], "Atomic SASAs": [], "Solvent H bonds": [], "Total SASA": NaN, "Total FOD": 0.0, "FOD": [0.0, 0.0, 0.0, 0.0, 0.0, 0.0, 0.0, 0.0, 0.0, 0.0, 0.0, 0.0, 0.0, 0.0, 0.0, 0.0, 0.0, 0.0, 0.0, 0.0, 0.0, 0.0, 0.0, 0.0], "FOD s proportion": [0.0, 0.0, 0.0, 0.0, 0.0, 0.0, 0.0, 0.0, 0.0, 0.0, 0.0, 0.0, 0.0, 0.0, 0.0, 0.0, 0.0, 0.0, 0.0, 0.0, 0.0, 0.0, 0.0, 0.0], "FOD p proportion": [0.0, 0.0, 0.0, 0.0, 0.0, 0.0, 0.0, 0.0, 0.0, 0.0, 0.0, 0.0, 0.0, 0.0, 0.0, 0.0, 0.0, 0.0, 0.0, 0.0, 0.0, 0.0, 0.0, 0.0], "FOD d proportion": [0.0, 0.0, 0.0, 0.0, 0.0, 0.0, 0.0, 0.0, 0.0, 0.0, 0.0, 0.0, 0.0, 0.0, 0.0, 0.0, 0.0, 0.0, 0.0, 0.0, 0.0, 0.0, 0.0, 0.0], "coordinates": [["0.70750", "-2.54620", "-1.79790"], ["0.61110", "-1.22430", "-1.26720"], ["-0.65800", "-0.75640", "-1.18890"], ["-1.67030", "-1.32130", "-1.56750"], ["-0.63830", "0.62490", "-0.66870"], ["-1.40330", "1.57650", "-1.36040"], ["-1.38240", "2.91600", "-0.96710"], ["-0.59950", "3.31300", "0.11620"], ["0.14820", "2.36820", "0.82150"], ["0.11600", "1.01690", "0.44440"], ["0.87660", "0.06950", "1.28270"], ["1.99740", "0.29310", "1.70800"], ["0.09660", "-1.00020", "1.57110"], ["0.72760", "-1.96440", "2.41410"], ["0.14830", "-3.25170", "-1.17520"], ["1.76120", "-2.83830", "-1.79020"], ["0.34780", "-2.57050", "-2.83120"], ["-2.00660", "1.27650", "-2.21580"], ["-1.97130", "3.65110", "-1.51140"], ["-0.57700", "4.35820", "0.41720"], ["0.74650", "2.68400", "1.67480"], ["0.95590", "-1.52700", "3.39100"], ["0.03100", "-2.79460", "2.55970"], ["1.63500", "-2.35300", "1.94080"]], "bond_dist": [[0.0, 1.4277097253993893, 2.332135349845716, 2.6846595705973595, 3.625209716692263, 4.6522616199005835, 5.907075375344384, 6.300972341631092, 5.596909880460824, 4.2512895867018985, 4.044821091222701, 4.692206443668053, 3.7567906263192254, 4.252039422441895, 1.094618737277962, 1.0934648554023125, 1.0943872577840075, 4.706805127684808, 6.757557175488787, 7.3639220270179395, 6.278228916661131, 5.29387895687085, 4.416789848974026, 3.8568718127518835], [1.4277097253993893, 0.0, 1.354871252185978, 2.3031228907724395, 2.3105720612004292, 3.451227932200364, 4.605017518967761, 4.895553003492047, 4.18126779218935, 2.863158397644112, 2.871654348977258, 3.616095337515315, 2.8932469562759415, 3.7567658896982126, 2.081585597567393, 2.0496963214095887, 2.0803070278206532, 3.74248525581598, 5.522494776819621, 5.9508899519315595, 4.89372108420576, 4.680741561974982, 4.177023067927684, 3.5515628813242213], [2.332135349845716, 1.354871252185978, 0.0, 1.2195086141557179, 1.4761388213850348, 2.455057382221442, 3.7497296382539362, 4.273958893110695, 3.8019457860416686, 2.5320619621170413, 3.024221309692794, 4.0675089452882585, 2.871664952601539, 4.044843675594892, 2.622370963460357, 3.2478297276797012, 2.645702504062012, 2.6468713569042226, 4.610294935250889, 5.361459817064752, 4.691455008843206, 4.916704341324583, 4.322150182490192, 4.195474067373079], [2.6846595705973595, 2.3031228907724395, 1.2195086141557179, 0.0, 2.3791931153229235, 2.917434532256037, 4.289298061454811, 5.045611441639159, 4.7567503087717355, 3.564517995465866, 4.067513280863383, 5.175636279724455, 3.6160545875304484, 4.692189316300015, 2.680979188654772, 3.758467312615609, 2.688896788647716, 2.6985098517515183, 4.9818179382631, 6.114822910763647, 5.691736081372712, 5.614798409560222, 4.7009376107325656, 4.929257740268813], [3.625209716692263, 2.3105720612004292, 1.4761388213850348, 2.3791931153229235, 0.0, 1.4032877288710253, 2.427316744885183, 2.8006169070403044, 2.424535662761016, 1.400579915606389, 2.5320649932416823, 3.5645067849563703, 2.863168185769044, 4.2513307493066215, 3.9878953559490498, 4.359944579923006, 3.982383786126094, 2.165720632953383, 3.4124651983573404, 3.888504261280936, 3.413144605785111, 4.863467008215435, 4.750106240917144, 4.565662224694245], [4.6522616199005835, 3.451227932200364, 2.455057382221442, 2.917434532256037, 1.4032877288710253, 0.0, 1.3962026894401829, 2.4169969486948055, 2.7918862351464107, 2.424608770502986, 3.80196930813493, 4.756779857214331, 4.181240862471331, 5.596923965000775, 5.074768648913958, 5.448784023064229, 4.735737835860427, 1.0888893653627079, 2.156244457384181, 3.4030116573411853, 3.880803438722451, 6.146001858932358, 6.044081047603514, 5.964072315121606], [5.907075375344384, 4.605017518967761, 3.7497296382539362, 4.289298061454811, 2.427316744885183, 1.3962026894401829, 0.0, 1.3943028006857048, 2.417004584190936, 2.8007348357172264, 4.274019570614996, 5.045672646932221, 4.895561528568505, 6.301025122946266, 6.358212908514467, 6.608455421654896, 6.047325284785001, 2.153331739421495, 1.0878592326215741, 2.155202192370823, 3.400834429959801, 6.648378110486798, 6.859079395953949, 6.732231886232085], [6.300972341631092, 4.895553003492047, 4.273958893110695, 5.045611441639159, 2.8006169070403044, 2.4169969486948055, 1.3943028006857048, 0.0, 1.3961197727988817, 2.427288754969215, 3.749651411798169, 4.2892321993568965, 4.604886910663496, 5.906986505825115, 6.732176831456524, 6.858990970981082, 6.648316802018388, 3.4008067660483157, 2.1552792417689175, 1.087910975218101, 2.1532744739117677, 6.047246001280252, 6.608403760364525, 6.358121688832324], [5.596909880460824, 4.18126779218935, 3.8019457860416686, 4.7567503087717355, 2.424535662761016, 2.7918862351464107, 2.417004584190936, 1.3961197727988817, 0.0, 1.40330073042096, 2.4550547224043697, 2.917441156218922, 3.451185489074732, 4.652257718570629, 5.964066306640126, 6.0440374039213225, 6.145959253037723, 3.8807426119236514, 3.403018523311326, 2.1562637895211245, 1.0889506049403712, 4.735746253759802, 5.448814450869106, 5.074754789149915], [4.2512895867018985, 2.863158397644112, 2.5320619621170413, 3.564517995465866, 1.400579915606389, 2.424608770502986, 2.8007348357172264, 2.427288754969215, 1.40330073042096, 0.0, 1.4760846893047836, 2.379125335075897, 2.310524109374321, 3.6251789390318376, 4.565642715982055, 4.750019709432793, 4.863406764810033, 3.413134477280378, 3.888571019024855, 3.412517330358925, 2.165787805857259, 3.98237501749898, 4.359960015871705, 3.987831487161914], [4.044821091222701, 2.871654348977258, 3.024221309692794, 4.067513280863383, 2.5320649932416823, 3.80196930813493, 4.274019570614996, 3.749651411798169, 2.4550547224043697, 1.4760846893047836, 0.0, 1.219454669104186, 1.3549290202811364, 2.332169841585299, 4.195481228655421, 4.32209814904752, 4.916645467185935, 4.691395686786609, 5.361472538398384, 4.610313535975617, 2.64693760221128, 2.6457569106023326, 3.247897345976317, 2.6223600858768426], [4.692206443668053, 3.616095337515315, 4.0675089452882585, 5.175636279724455, 3.5645067849563703, 4.756779857214331, 5.045672646932221, 4.2892321993568965, 2.917441156218922, 2.379125335075897, 1.219454669104186, 0.0, 2.3031298573897216, 2.6846369400721577, 4.929261617118734, 4.700942420408912, 5.614777089074863, 5.691686744718125, 6.114840966860872, 4.9818408254379225, 2.698565518937793, 2.6888613314933143, 3.7584588783170156, 2.6809279755338453], [3.7567906263192254, 2.8932469562759415, 2.871664952601539, 3.6160545875304484, 2.863168185769044, 4.181240862471331, 4.895561528568505, 4.604886910663496, 3.451185489074732, 2.310524109374321, 1.3549290202811364, 2.3031298573897216, 0.0, 1.4277575564499736, 3.5516318545142034, 4.1770614623201325, 4.68072524508756, 4.89361060363409, 5.950849380550645, 5.522469803448454, 3.7425196512510124, 2.0803727406404846, 2.049757224648812, 2.081686933715058], [4.252039422441895, 3.7567658896982126, 4.044843675594892, 4.692189316300015, 4.2513307493066215, 5.596923965000775, 6.301025122946266, 5.906986505825115, 4.652257718570629, 3.6251789390318376, 2.332169841585299, 2.6846369400721577, 1.4277575564499736, 0.0, 3.8569164198877837, 4.416805254932574, 5.29384334297871, 6.278157091057854, 7.363929094579877, 6.757578081679855, 4.706861402250975, 1.0944282799708716, 1.0934728894673156, 1.094713483063034], [1.094618737277962, 2.081585597567393, 2.622370963460357, 2.680979188654772, 3.9878953559490498, 5.074768648913958, 6.358212908514467, 6.732176831456524, 5.964066306640126, 4.565642715982055, 4.195481228655421, 4.929261617118734, 3.5516318545142034, 3.8569164198877837, 0.0, 1.7749847802164391, 1.8017129876869955, 5.121624508883876, 7.22871928075783, 7.808481021299853, 6.611571502298074, 4.947422590602101, 3.7645952916615086, 3.5675474180450637], [1.0934648554023125, 2.0496963214095887, 3.2478297276797012, 3.758467312615609, 4.359944579923006, 5.448784023064229, 6.608455421654896, 6.858990970981082, 6.0440374039213225, 4.750019709432793, 4.32209814904752, 4.700942420408912, 4.1770614623201325, 4.416805254932574, 1.7749847802164391, 0.0, 1.7756963141258137, 5.595447367279939, 7.49143497936143, 7.882220895788191, 6.597851042574392, 5.404891231097996, 4.681573639279852, 3.7645455940923336], [1.0943872577840075, 2.0803070278206532, 2.645702504062012, 2.688896788647716, 3.982383786126094, 4.735737835860427, 6.047325284785001, 6.648316802018388, 6.145959253037723, 4.863406764810033, 4.916645467185935, 5.614777089074863, 4.68072524508756, 5.29384334297871, 1.8017129876869955, 1.7756963141258137, 0.0, 4.552068268380869, 6.769667895103866, 7.708063394264477, 6.933452815156385, 6.33833185467596, 5.404848366050615, 4.947340102519737], [4.706805127684808, 3.74248525581598, 2.6468713569042226, 2.6985098517515183, 2.165720632953383, 1.0888893653627079, 2.153331739421495, 3.4008067660483157, 3.8807426119236514, 3.413134477280378, 4.691395686786609, 5.691686744718125, 4.89361060363409, 6.278157091057854, 5.121624508883876, 5.595447367279939, 4.552068268380869, 0.0, 2.477125473204779, 4.298060033317357, 4.969646287211999, 6.93341364264386, 6.597807910207752, 6.611493354001046], [6.757557175488787, 5.522494776819621, 4.610294935250889, 4.9818179382631, 3.4124651983573404, 2.156244457384181, 1.0878592326215741, 2.1552792417689175, 3.403018523311326, 3.888571019024855, 5.361472538398384, 6.114840966860872, 5.950849380550645, 7.363929094579877, 7.22871928075783, 7.49143497936143, 6.769667895103866, 2.477125473204779, 0.0, 2.4826519812490835, 4.298091400842937, 7.708096082042569, 7.882265473199948, 7.808476249563676], [7.3639220270179395, 5.9508899519315595, 5.361459817064752, 6.114822910763647, 3.888504261280936, 3.4030116573411853, 2.155202192370823, 1.087910975218101, 2.1562637895211245, 3.412517330358925, 4.610313535975617, 4.9818408254379225, 5.522469803448454, 6.757578081679855, 7.808481021299853, 7.882220895788191, 7.708063394264477, 4.298060033317357, 2.4826519812490835, 0.0, 2.4771264905127475, 6.769700723813425, 7.491496385235729, 7.228727854885672], [6.278228916661131, 4.89372108420576, 4.691455008843206, 5.691736081372712, 3.413144605785111, 3.880803438722451, 3.400834429959801, 2.1532744739117677, 1.0889506049403712, 2.165787805857259, 2.64693760221128, 2.698565518937793, 3.7425196512510124, 4.706861402250975, 6.611571502298074, 6.597851042574392, 6.933452815156385, 4.969646287211999, 4.298091400842937, 2.4771264905127475, 0.0, 4.552110697248036, 5.595538063493089, 5.121675238630424], [5.29387895687085, 4.680741561974982, 4.916704341324583, 5.614798409560222, 4.863467008215435, 6.146001858932358, 6.648378110486798, 6.047246001280252, 4.735746253759802, 3.98237501749898, 2.6457569106023326, 2.6888613314933143, 2.0803727406404846, 1.0944282799708716, 4.947422590602101, 5.404891231097996, 6.33833185467596, 6.93341364264386, 7.708096082042569, 6.769700723813425, 4.552110697248036, 0.0, 1.7757560249088276, 1.8018137667361742], [4.416789848974026, 4.177023067927684, 4.322150182490192, 4.7009376107325656, 4.750106240917144, 6.044081047603514, 6.859079395953949, 6.608403760364525, 5.448814450869106, 4.359960015871705, 3.247897345976317, 3.7584588783170156, 2.049757224648812, 1.0934728894673156, 3.7645952916615086, 4.681573639279852, 5.404848366050615, 6.597807910207752, 7.882265473199948, 7.491496385235729, 5.595538063493089, 1.7757560249088276, 0.0, 1.7750672578806697], [3.8568718127518835, 3.5515628813242213, 4.195474067373079, 4.929257740268813, 4.565662224694245, 5.964072315121606, 6.732231886232085, 6.358121688832324, 5.074754789149915, 3.987831487161914, 2.6223600858768426, 2.6809279755338453, 2.081686933715058, 1.094713483063034, 3.5675474180450637, 3.7645455940923336, 4.947340102519737, 6.611493354001046, 7.808476249563676, 7.228727854885672, 5.121675238630424, 1.8018137667361742, 1.7750672578806697, 0.0]]}