{"total energy": -28.54640776, "HOMO-LUMO gap/eV": 4.50891869, "electronic energy": -29.02189392, "dipole": [-0.24470929, 0.17082915, 0.07142958], "partial charges": [-0.09783456, -0.01477489, -0.09785134, 0.00046874, -0.03614247, -0.03671573, -0.0352817, -0.04163792, 0.0078523, -0.10362396, 0.02968921, 0.03191276, 0.03405572, 0.03736243, 0.0340662, 0.03192193, 0.02969333, 0.02901963, 0.02477237, 0.02483457, 0.02626417, 0.0376472, 0.04215821, 0.04214378], "atomic dipole moments": [[0.03091285, 0.06098188, -0.07280358], [-0.00395211, -0.09786033, -0.02268692], [0.05051357, 0.02410628, 0.08266832], [-0.08279042, 0.01855518, 0.01483816], [-0.00171389, 0.00553423, 0.00151259], [0.00554588, -0.00308327, -0.00140725], [0.0045145, -0.00163083, -0.00096947], [-0.005787, 0.00424081, 0.00174609], [-0.0361415, 0.08024147, 0.02357778], [0.01447905, -0.06321034, -0.01680272], [0.06288634, 0.02411345, 0.10778214], [-0.1213922, 0.01893017, 0.02526199], [0.01112214, -0.12522215, -0.01944605], [-0.03508157, 0.1148192, 0.03165784], [0.00840083, -0.1200569, -0.04116261], [-0.12266684, 0.02134566, 0.01511362], [0.03700663, 0.07276142, -0.09741571], [-0.08499271, -0.12265276, -0.01835002], [0.05414069, -0.13454158, -0.038756], [0.14707883, -0.01832818, -0.02289562], [0.10056908, 0.11138568, 0.01372715], [0.09403712, 0.08624097, 0.00858821], [-0.05311483, -0.00261423, 0.11864355], [-0.07961763, 0.04719394, -0.0913354]], "atomic quadrupole moments": [[-0.07652942, 0.05602957, -0.00080054, -0.07225592, -0.14721934, 0.07732996], [0.03326953, 0.08352904, -0.12129185, 0.02913769, -0.06468065, 0.08802232], [-0.02481503, 0.0339425, -0.10029932, 0.1356875, 0.05692085, 0.12511435], [-0.08947154, -0.06842592, -0.31068402, 0.05151958, -0.17111387, 0.40015556], [-0.21992758, -0.00296985, -0.24248481, 0.09222133, -0.17963046, 0.46241239], [-0.24782758, -0.00864584, -0.21379374, 0.09408527, -0.17156663, 0.46162132], [-0.25174495, -0.01379368, -0.21292917, 0.09373432, -0.17139956, 0.46467413], [-0.26783704, -0.02792568, -0.18116029, 0.08993852, -0.1574823, 0.44899733], [-0.31026454, -0.13668614, -0.08525214, 0.06070682, -0.10447498, 0.39551667], [-0.00352768, -0.08133223, 0.11376443, -0.03536397, 0.06829323, -0.11023675], [-0.00556626, 0.02784651, -0.03018553, 0.0543836, 0.01956465, 0.03575179], [0.07315573, -0.02902397, -0.03113845, -0.01526603, -0.01048678, -0.04201728], [-0.04345743, -0.01998589, 0.06620941, -0.0139979, 0.03466349, -0.02275198], [-0.01421742, 0.00862856, 0.03453409, 0.00091184, 0.01259927, -0.02031667], [-0.03866873, -0.02635228, 0.07323943, 0.00430903, 0.02129614, -0.03457071], [0.07057019, -0.02292286, -0.04490989, -0.02452316, 0.01658543, -0.0256603], [-0.02569629, 0.03772471, 0.00376921, -0.02623733, -0.05037152, 0.02192708], [0.04439001, 3.926e-05, 0.01858793, -0.01438903, 0.02095292, -0.06297794], [0.03708182, 0.00769888, 0.02647497, -0.01171014, 0.02195636, -0.06355678], [0.02881954, 0.00517101, 0.03408962, -0.01124702, 0.02404123, -0.06290916], [0.0267486, -0.00456907, 0.03516326, -0.0132381, 0.02542665, -0.06191186], [0.05065225, 0.04866389, 0.00392194, -0.00201537, 0.00825805, -0.05457419], [-0.01994292, 0.0122174, -0.02619745, -0.05618445, -0.0083246, 0.04614037], [0.01090007, -0.01837276, -0.02015613, 0.06370459, -0.01665898, 0.00925606]], "number of molecular orbitals": 54, "number of electrons": 54, "number of unpaired electrons": 0, "orbital energies/eV": [-17.25663736, -16.91795982, -16.66133997, -16.30548848, -15.96086348, -15.926703, -15.50139556, -15.1169991, -14.78066891, -14.12680569, -13.77937875, -13.4685321, -13.42078102, -13.20790304, -13.03670626, -13.02914845, -12.64788548, -12.56237748, -12.34787868, -12.2943323, -12.12954958, -11.93658182, -11.75511921, -11.15455704, -11.08383738, -10.56232104, -10.39887228, -5.8899536, -5.82402105, -2.53694056, 1.86959666, 2.52913336, 2.72564119, 3.50817627, 3.68500417, 3.71881793, 3.85061995, 4.45739259, 4.84577835, 5.08631732, 5.27215832, 5.51328265, 5.84836804, 5.85389974, 6.13439837, 6.63634373, 6.83824449, 7.80486828, 10.46820822, 10.63569506, 11.80692666, 12.13610738, 16.54634863, 17.08012779], "fractional occupation": [2.0, 2.0, 2.0, 2.0, 2.0, 2.0, 2.0, 2.0, 2.0, 2.0, 2.0, 2.0, 2.0, 2.0, 2.0, 2.0, 2.0, 2.0, 2.0, 2.0, 2.0, 2.0, 2.0, 2.0, 2.0, 2.0, 2.0, 0.0, 0.0, 0.0, 0.0, 0.0, 0.0, 0.0, 0.0, 0.0, 0.0, 0.0, 0.0, 0.0, 0.0, 0.0, 0.0, 0.0, 0.0, 0.0, 0.0, 0.0, 0.0, 0.0, 0.0, 0.0, 0.0, 0.0], "program call": "xtb /home/svss/Project-DBcg-Debug/aqme2_20220329/End-to-End-workflows-final/example-3/QDESCP/mol_334_rdkit_conf_1/mol_334_rdkit_conf_1.xyz --pop --wbo --acc 0.2 --gfn 2 --chrg 0 --uhf 0 --etemp 300 --input /home/svss/Project-DBcg-Debug/aqme2_20220329/End-to-End-workflows-final/example-3/QDESCP/mol_334_rdkit_conf_1/mol_334_rdkit_conf_1_xtb.inp", "method": "GFN2-xTB", "xtb version": "6.3.3 (7355c4f)", "Dipole module/D": 0.78, "Total charge": 0, "Transition dipole module/D": NaN, "HOMO": -10.3989, "LUMO": -5.89, "HOMO occupancy": 2.0, "LUMO occupancy": 0, "mulliken charges": [-0.08638, -0.00197, -0.0864, -0.01315, -0.03801, -0.03296, -0.03028, -0.04315, 0.00446, -0.08684, 0.02979, 0.02892, 0.02861, 0.02258, 0.02862, 0.02893, 0.02979, 0.02777, 0.02724, 0.0272, 0.0275, 0.0334, 0.03717, 0.03716], "cm5 charges": [-0.23363, -0.07014, -0.23366, -0.02453, -0.09135, -0.08847, -0.08575, -0.09654, -0.01084, -0.23086, 0.08138, 0.08024, 0.08081, 0.08328, 0.08082, 0.08025, 0.08138, 0.08476, 0.08271, 0.08267, 0.08365, 0.0853, 0.08928, 0.08926], "FUKUI+": [0.016, 0.005, 0.016, -0.08, -0.05, -0.05, -0.062, -0.049, -0.069, 0.03, -0.017, -0.042, -0.018, -0.036, -0.018, -0.042, -0.017, -0.09, -0.091, -0.094, -0.09, -0.047, -0.054, -0.054], "FUKUI-": [0.012, -0.007, 0.012, -0.053, -0.021, -0.048, -0.048, -0.023, -0.057, 0.024, -0.038, -0.054, -0.042, -0.05, -0.042, -0.054, -0.038, -0.06, -0.075, -0.074, -0.065, -0.054, -0.073, -0.073], "FUKUIrad": [0.014, -0.001, 0.014, -0.067, -0.035, -0.049, -0.055, -0.036, -0.063, 0.027, -0.027, -0.048, -0.03, -0.043, -0.03, -0.048, -0.027, -0.075, -0.083, -0.084, -0.077, -0.051, -0.063, -0.063], "s proportion": [1.013, 1.051, 1.013, 1.096, 1.063, 1.058, 1.058, 1.063, 1.089, 1.008, 0.97, 0.971, 0.971, 0.977, 0.971, 0.971, 0.97, 0.972, 0.973, 0.973, 0.972, 0.967, 0.963, 0.963], "p proportion": [3.074, 2.951, 3.074, 2.917, 2.975, 2.975, 2.972, 2.98, 2.906, 3.079, 0.0, 0.0, 0.0, 0.0, 0.0, 0.0, 0.0, 0.0, 0.0, 0.0, 0.0, 0.0, 0.0, 0.0], "d proportion": [0.0, 0.0, 0.0, 0.0, 0.0, 0.0, 0.0, 0.0, 0.0, 0.0, 0.0, 0.0, 0.0, 0.0, 0.0, 0.0, 0.0, 0.0, 0.0, 0.0, 0.0, 0.0, 0.0, 0.0], "Fermi-level/eV": -8.1444, "Coordination numbers": [3.751, 3.851, 3.751, 2.961, 2.914, 2.91, 2.91, 2.915, 2.96, 3.754, 0.924, 0.924, 0.924, 0.924, 0.924, 0.924, 0.924, 0.925, 0.925, 0.925, 0.925, 0.924, 0.924, 0.924], "Dispersion coefficient C6": [22.43, 20.804, 22.43, 28.016, 28.899, 28.913, 28.878, 29.034, 27.842, 22.537, 2.591, 2.56, 2.53, 2.484, 2.53, 2.559, 2.591, 2.6, 2.662, 2.661, 2.64, 2.481, 2.42, 2.421], "Total dispersion C6": 5348.747757, "Total dispersion C8": 123091.522526, "Polarizability alpha": [6.754, 6.487, 6.754, 8.682, 8.815, 8.817, 8.812, 8.836, 8.655, 6.769, 2.517, 2.502, 2.487, 2.465, 2.487, 2.502, 2.517, 2.522, 2.551, 2.551, 2.541, 2.463, 2.433, 2.433], "Total polarizability alpha": 114.353097, "Wiberg matrix": [[0.0, 0.9984324121662203, 0.0, 0.0, 0.0, 0.0, 0.0, 0.0, 0.0, 0.0, 0.9875034287389668, 0.9857765762086217, 0.9855833780161061, 0.0, 0.0, 0.0, 0.0, 0.0, 0.0, 0.0, 0.0, 0.0, 0.0, 0.0], [0.9984324121662203, 0.0, 0.9984116281115183, 0.995397802096426, 0.0, 0.0, 0.0, 0.0, 0.0, 0.0, 0.0, 0.0, 0.0, 0.9653847079002469, 0.0, 0.0, 0.0, 0.0, 0.0, 0.0, 0.0, 0.0, 0.0, 0.0], [0.0, 0.9984116281115183, 0.0, 0.0, 0.0, 0.0, 0.0, 0.0, 0.0, 0.0, 0.0, 0.0, 0.0, 0.0, 0.985587569511808, 0.9857813485180706, 0.9875074855164956, 0.0, 0.0, 0.0, 0.0, 0.0, 0.0, 0.0], [0.0, 0.995397802096426, 0.0, 0.0, 1.414675397040346, 0.0, 0.10840367789381912, 0.0, 1.3881015078505008, 0.0, 0.0, 0.0, 0.0, 0.0, 0.0, 0.0, 0.0, 0.0, 0.0, 0.0, 0.0, 0.0, 0.0, 0.0], [0.0, 0.0, 0.0, 1.414675397040346, 0.0, 1.4434697348577756, 0.0, 0.11010077969189744, 0.0, 0.0, 0.0, 0.0, 0.0, 0.0, 0.0, 0.0, 0.0, 0.96794195342401, 0.0, 0.0, 0.0, 0.0, 0.0, 0.0], [0.0, 0.0, 0.0, 0.0, 1.4434697348577756, 0.0, 1.4360804211091052, 0.0, 0.10590041568180371, 0.0, 0.0, 0.0, 0.0, 0.0, 0.0, 0.0, 0.0, 0.0, 0.9713369747176198, 0.0, 0.0, 0.0, 0.0, 0.0], [0.0, 0.0, 0.0, 0.10840367789381912, 0.0, 1.4360804211091052, 0.0, 1.4427867079618757, 0.0, 0.0, 0.0, 0.0, 0.0, 0.0, 0.0, 0.0, 0.0, 0.0, 0.0, 0.9713110351969682, 0.0, 0.0, 0.0, 0.0], [0.0, 0.0, 0.0, 0.0, 0.11010077969189744, 0.0, 1.4427867079618757, 0.0, 1.4123317937974076, 0.0, 0.0, 0.0, 0.0, 0.0, 0.0, 0.0, 0.0, 0.0, 0.0, 0.0, 0.9693052231371517, 0.0, 0.0, 0.0], [0.0, 0.0, 0.0, 1.3881015078505008, 0.0, 0.10590041568180371, 0.0, 1.4123317937974076, 0.0, 1.024536439584745, 0.0, 0.0, 0.0, 0.0, 0.0, 0.0, 0.0, 0.0, 0.0, 0.0, 0.0, 0.0, 0.0, 0.0], [0.0, 0.0, 0.0, 0.0, 0.0, 0.0, 0.0, 0.0, 1.024536439584745, 0.0, 0.0, 0.0, 0.0, 0.0, 0.0, 0.0, 0.0, 0.0, 0.0, 0.0, 0.0, 0.9842590082169037, 0.9726111985824542, 0.9726097148178308], [0.9875034287389668, 0.0, 0.0, 0.0, 0.0, 0.0, 0.0, 0.0, 0.0, 0.0, 0.0, 0.0, 0.0, 0.0, 0.0, 0.0, 0.0, 0.0, 0.0, 0.0, 0.0, 0.0, 0.0, 0.0], [0.9857765762086217, 0.0, 0.0, 0.0, 0.0, 0.0, 0.0, 0.0, 0.0, 0.0, 0.0, 0.0, 0.0, 0.0, 0.0, 0.0, 0.0, 0.0, 0.0, 0.0, 0.0, 0.0, 0.0, 0.0], [0.9855833780161061, 0.0, 0.0, 0.0, 0.0, 0.0, 0.0, 0.0, 0.0, 0.0, 0.0, 0.0, 0.0, 0.0, 0.0, 0.0, 0.0, 0.0, 0.0, 0.0, 0.0, 0.0, 0.0, 0.0], [0.0, 0.9653847079002469, 0.0, 0.0, 0.0, 0.0, 0.0, 0.0, 0.0, 0.0, 0.0, 0.0, 0.0, 0.0, 0.0, 0.0, 0.0, 0.0, 0.0, 0.0, 0.0, 0.0, 0.0, 0.0], [0.0, 0.0, 0.985587569511808, 0.0, 0.0, 0.0, 0.0, 0.0, 0.0, 0.0, 0.0, 0.0, 0.0, 0.0, 0.0, 0.0, 0.0, 0.0, 0.0, 0.0, 0.0, 0.0, 0.0, 0.0], [0.0, 0.0, 0.9857813485180706, 0.0, 0.0, 0.0, 0.0, 0.0, 0.0, 0.0, 0.0, 0.0, 0.0, 0.0, 0.0, 0.0, 0.0, 0.0, 0.0, 0.0, 0.0, 0.0, 0.0, 0.0], [0.0, 0.0, 0.9875074855164956, 0.0, 0.0, 0.0, 0.0, 0.0, 0.0, 0.0, 0.0, 0.0, 0.0, 0.0, 0.0, 0.0, 0.0, 0.0, 0.0, 0.0, 0.0, 0.0, 0.0, 0.0], [0.0, 0.0, 0.0, 0.0, 0.96794195342401, 0.0, 0.0, 0.0, 0.0, 0.0, 0.0, 0.0, 0.0, 0.0, 0.0, 0.0, 0.0, 0.0, 0.0, 0.0, 0.0, 0.0, 0.0, 0.0], [0.0, 0.0, 0.0, 0.0, 0.0, 0.9713369747176198, 0.0, 0.0, 0.0, 0.0, 0.0, 0.0, 0.0, 0.0, 0.0, 0.0, 0.0, 0.0, 0.0, 0.0, 0.0, 0.0, 0.0, 0.0], [0.0, 0.0, 0.0, 0.0, 0.0, 0.0, 0.9713110351969682, 0.0, 0.0, 0.0, 0.0, 0.0, 0.0, 0.0, 0.0, 0.0, 0.0, 0.0, 0.0, 0.0, 0.0, 0.0, 0.0, 0.0], [0.0, 0.0, 0.0, 0.0, 0.0, 0.0, 0.0, 0.9693052231371517, 0.0, 0.0, 0.0, 0.0, 0.0, 0.0, 0.0, 0.0, 0.0, 0.0, 0.0, 0.0, 0.0, 0.0, 0.0, 0.0], [0.0, 0.0, 0.0, 0.0, 0.0, 0.0, 0.0, 0.0, 0.0, 0.9842590082169037, 0.0, 0.0, 0.0, 0.0, 0.0, 0.0, 0.0, 0.0, 0.0, 0.0, 0.0, 0.0, 0.0, 0.0], [0.0, 0.0, 0.0, 0.0, 0.0, 0.0, 0.0, 0.0, 0.0, 0.9726111985824542, 0.0, 0.0, 0.0, 0.0, 0.0, 0.0, 0.0, 0.0, 0.0, 0.0, 0.0, 0.0, 0.0, 0.0], [0.0, 0.0, 0.0, 0.0, 0.0, 0.0, 0.0, 0.0, 0.0, 0.9726097148178308, 0.0, 0.0, 0.0, 0.0, 0.0, 0.0, 0.0, 0.0, 0.0, 0.0, 0.0, 0.0, 0.0, 0.0]], "Born radii": [], "Atomic SASAs": [], "Solvent H bonds": [], "Total SASA": NaN, "Total FOD": 0.0, "FOD": [0.0, 0.0, 0.0, 0.0, 0.0, 0.0, 0.0, 0.0, 0.0, 0.0, 0.0, 0.0, 0.0, 0.0, 0.0, 0.0, 0.0, 0.0, 0.0, 0.0, 0.0, 0.0, 0.0, 0.0], "FOD s proportion": [0.0, 0.0, 0.0, 0.0, 0.0, 0.0, 0.0, 0.0, 0.0, 0.0, 0.0, 0.0, 0.0, 0.0, 0.0, 0.0, 0.0, 0.0, 0.0, 0.0, 0.0, 0.0, 0.0, 0.0], "FOD p proportion": [0.0, 0.0, 0.0, 0.0, 0.0, 0.0, 0.0, 0.0, 0.0, 0.0, 0.0, 0.0, 0.0, 0.0, 0.0, 0.0, 0.0, 0.0, 0.0, 0.0, 0.0, 0.0, 0.0, 0.0], "FOD d proportion": [0.0, 0.0, 0.0, 0.0, 0.0, 0.0, 0.0, 0.0, 0.0, 0.0, 0.0, 0.0, 0.0, 0.0, 0.0, 0.0, 0.0, 0.0, 0.0, 0.0, 0.0, 0.0, 0.0, 0.0], "coordinates": [["-1.86810", "-0.88560", "1.33200"], ["-1.38740", "-0.00580", "0.17370"], ["-2.17560", "-0.30770", "-1.10480"], ["0.11490", "-0.14320", "-0.04850"], ["0.64910", "-1.39550", "-0.41290"], ["2.01670", "-1.56800", "-0.62630"], ["2.88070", "-0.49090", "-0.47990"], ["2.37620", "0.75730", "-0.12020"], ["1.00000", "0.94880", "0.09880"], ["0.52400", "2.32330", "0.48490"], ["-1.31160", "-0.66240", "2.24910"], ["-2.93030", "-0.70860", "1.53330"], ["-1.74600", "-1.95280", "1.11770"], ["-1.62950", "1.02580", "0.44890"], ["-2.06620", "-1.35090", "-1.42010"], ["-3.24370", "-0.11950", "-0.95060"], ["-1.83900", "0.32880", "-1.93070"], ["-0.00380", "-2.25710", "-0.53480"], ["2.40400", "-2.54360", "-0.90660"], ["3.94670", "-0.62010", "-0.64500"], ["3.06980", "1.58840", "-0.01060"], ["1.35410", "3.03520", "0.54900"], ["0.04170", "2.29680", "1.46720"], ["-0.17670", "2.70730", "-0.26340"]], "bond_dist": [[0.0, 1.5319201741605208, 2.523196167562086, 2.5276920322697545, 3.1049911207602507, 4.403666618852976, 5.098026200403447, 4.777246878694883, 3.6210223984394245, 4.0910585463911415, 1.0957111389412812, 1.0954996713828806, 1.0953304250316434, 2.119019945635246, 2.798178355644972, 2.772985274032302, 3.481497588682204, 2.97347759029726, 5.100111015458389, 6.147431845087834, 5.683846159951903, 5.135010660164203, 3.713931184068978, 4.279610441383655], [1.5319201741605208, 0.0, 1.5319807766417959, 1.524846513587515, 2.5343042240425677, 3.8299302408790687, 4.3450192841919595, 3.8514132185471865, 2.5722655247854953, 3.0290266109758757, 2.178107977121428, 2.173241912443251, 2.1932940888079737, 1.0947812612572432, 2.1932309249142006, 2.1732068171253283, 2.1781641535935714, 2.735813023581838, 4.688516917960306, 5.431413903395689, 4.737306404487682, 4.1114904037343925, 3.002904563918074, 3.0029589590935135], [2.523196167562086, 1.5319807766417959, 0.0, 2.5276906832126436, 3.104990264074913, 4.403714072234936, 5.098061586524824, 4.7772947784284785, 3.6210330804895996, 4.09110587127735, 3.48151594854885, 2.7730604951929916, 2.7982881231209915, 2.119063743732123, 1.095284752929575, 1.0954608573563913, 1.0956927580302793, 2.9735123339243104, 5.100124332798172, 6.147484614864848, 5.683897431340577, 5.135057637456468, 4.279605535560491, 3.7139978688739173], [2.5276920322697545, 1.524846513587515, 2.5276906832126436, 0.0, 1.4094013942096126, 2.445557425210048, 2.820753603206065, 2.435060333954787, 1.4133517962630537, 2.5564625207501086, 2.7538040326065327, 3.4777882971796887, 2.845632339217419, 2.1579849675102003, 2.845526851041824, 3.477720526436821, 2.753758531534673, 2.172360603122787, 3.426110707493265, 3.9071648416722833, 3.425099849639423, 3.463358117492328, 2.873378626286484, 2.8734235364804825], [3.1049911207602507, 2.5343042240425677, 3.104990264074913, 1.4094013942096126, 0.0, 1.3948568277783926, 2.4089061251945876, 2.7754451066450585, 2.42501756488484, 3.827684455385527, 3.3864471205084543, 4.131782957755647, 2.896519231767675, 3.4347359272584552, 2.8964279880570136, 4.131729556735291, 3.3863799166661734, 1.0878844515848178, 2.1544250532334606, 3.3954795434518523, 3.8633266739948358, 4.588396135906315, 4.187695077247149, 4.187751631842557], [4.403666618852976, 3.8299302408790687, 4.403714072234936, 2.445557425210048, 1.3948568277783926, 0.0, 1.388550816498986, 2.406740025428588, 2.809578463043878, 4.313366947061193, 4.490614368880944, 5.4658256027795105, 4.1650352135366155, 4.602024328488497, 4.1650117959016635, 5.4658147517090265, 4.490627137716959, 2.136738474872393, 1.0864459213416928, 2.150293956648718, 3.383927756321048, 4.796855124975112, 4.81871832440951, 4.818805874903034], [5.098026200403447, 4.3450192841919595, 5.098061586524824, 2.820753603206065, 2.4089061251945876, 1.388550816498986, 0.0, 1.393523440778805, 2.43816781005738, 3.7953386634133195, 5.005220528608106, 6.153705268372869, 5.1084078008710305, 4.848190628471616, 5.108365261999184, 6.153679534229906, 5.005226949899474, 3.382723266836943, 2.150091409684714, 1.086419187054426, 2.139974249845077, 3.9777536349050076, 4.429716774241893, 4.42979121968519], [4.777246878694883, 3.8514132185471865, 4.7772947784284785, 2.435060333954787, 2.7754451066450585, 2.406740025428588, 1.393523440778805, 0.0, 1.4066128429671043, 2.499829364176683, 4.6074938328770445, 5.748205573046253, 5.086213843321965, 4.054824231702281, 5.0861739067790435, 5.748183922770739, 4.60754094284576, 3.8630170230015812, 3.393396323744104, 2.1538607313380314, 1.0880350775595429, 2.5848298706104433, 3.2155542694845005, 3.215634408635409], [3.6210223984394245, 2.5722655247854953, 3.6210330804895996, 1.4133517962630537, 2.42501756488484, 2.809578463043878, 2.43816781005738, 1.4066128429671043, 0.0, 1.5049582917808721, 3.5444675326485924, 4.50022478327472, 4.122857718864429, 2.6538216330416784, 4.122773306889429, 4.500166101378926, 3.5444592323794613, 3.418604716839898, 3.8960111550148313, 3.4201939330979463, 2.169130830540196, 2.163592339143398, 2.1466162791705465, 2.1466564652966715], [4.0910585463911415, 3.0290266109758757, 4.09110587127735, 2.5564625207501086, 3.827684455385527, 4.313366947061193, 3.7953386634133195, 2.499829364176683, 1.5049582917808721, 0.0, 3.923803446912192, 4.714207108305701, 4.882455022834312, 2.514431247817287, 4.882407877267117, 4.714180244750937, 3.9238912586869685, 4.722120825434267, 5.399758129768407, 4.653509735672635, 2.6956809714801193, 1.0954343567736042, 1.0946363916844717, 1.0947097240821422], [1.0957111389412812, 2.178107977121428, 3.48151594854885, 2.7538040326065327, 3.3864471205084543, 4.490614368880944, 5.005220528608106, 4.6074938328770445, 3.5444675326485924, 3.923803446912192, 0.0, 1.7705066421790117, 1.7702828813497575, 2.4883327128822623, 3.8087375926939364, 3.777013490841673, 4.327973687535542, 3.464607934528812, 5.225231027428356, 6.002276483968395, 5.419318286463714, 4.865032606262778, 3.3465882836106386, 4.353795166288832], [1.0954996713828806, 2.173241912443251, 2.7730604951929916, 3.4777882971796887, 4.131782957755647, 5.4658256027795105, 6.153705268372869, 5.748205573046253, 4.50022478327472, 4.714207108305701, 1.7705066421790117, 0.0, 1.7672927007148536, 2.424076599449778, 3.1435313995568746, 2.5719676475414697, 3.7770928569469935, 3.9037535923774698, 6.146144604546821, 7.21428805496426, 6.607649825770128, 5.774163860681475, 4.2272428804127165, 4.7411830443466325], [1.0953304250316434, 2.1932940888079737, 2.7982881231209915, 2.845632339217419, 2.896519231767675, 4.1650352135366155, 5.1084078008710305, 5.086213843321965, 4.122857718864429, 4.882455022834312, 1.7702828813497575, 1.7672927007148536, 0.0, 3.0549834123935926, 2.6277824282082407, 3.1435583452514444, 3.8088174175195113, 2.4204577211758935, 4.655033311373829, 6.106556629558102, 6.083180744478993, 5.900354540195022, 4.623539953325807, 5.107511302973299], [2.119019945635246, 1.0947812612572432, 2.119063743732123, 2.1579849675102003, 3.4347359272584552, 4.602024328488497, 4.848190628471616, 4.054824231702281, 2.6538216330416784, 2.514431247817287, 2.4883327128822623, 2.424076599449778, 3.0549834123935926, 0.0, 3.054925658669945, 2.4240367117682027, 2.488412226701999, 3.7931515379694494, 5.554018262483479, 5.916046860869173, 4.755110881987927, 3.598552115782124, 2.333513516138272, 2.3335469526024113], [2.798178355644972, 2.1932309249142006, 1.095284752929575, 2.845526851041824, 2.8964279880570136, 4.1650117959016635, 5.108365261999184, 5.0861739067790435, 4.122773306889429, 4.882407877267117, 3.8087375926939364, 3.1435313995568746, 2.6277824282082407, 3.054925658669945, 0.0, 1.7672810925260307, 1.770232834968327, 2.420423163415852, 4.65498695809129, 6.106538713543049, 6.083146450645422, 5.900311865486434, 5.107392582326132, 4.6235432711287565], [2.772985274032302, 2.1732068171253283, 1.0954608573563913, 3.477720526436821, 4.131729556735291, 5.4658147517090265, 6.153679534229906, 5.748183922770739, 4.500166101378926, 4.714180244750937, 3.777013490841673, 2.5719676475414697, 3.1435583452514444, 2.4240367117682027, 1.7672810925260307, 0.0, 1.7705228013216887, 3.903738645196422, 6.14611357688743, 7.2142805517944755, 6.607632303631914, 5.774140376714096, 4.741109120237584, 4.22723681380639], [3.481497588682204, 2.1781641535935714, 1.0956927580302793, 2.753758531534673, 3.3863799166661734, 4.490627137716959, 5.005226949899474, 4.60754094284576, 3.5444592323794613, 3.9238912586869685, 4.327973687535542, 3.7770928569469935, 3.8088174175195113, 2.488412226701999, 1.770232834968327, 1.7705228013216887, 0.0, 3.464588671112344, 5.225180529895594, 6.0023129033731655, 5.419381294022409, 4.865120826865455, 4.353823710257456, 3.34669879582851], [2.97347759029726, 2.735813023581838, 2.9735123339243104, 2.172360603122787, 1.0878844515848178, 2.136738474872393, 3.382723266836943, 3.8630170230015812, 3.418604716839898, 4.722120825434267, 3.464607934528812, 3.9037535923774698, 2.4204577211758935, 3.7931515379694494, 2.420423163415852, 3.903738645196422, 3.464588671112344, 0.0, 2.453124197834264, 4.2776586224241875, 4.950724477286127, 5.570184390125698, 4.974744160255883, 4.974818562520647], [5.100111015458389, 4.688516917960306, 5.100124332798172, 3.426110707493265, 2.1544250532334606, 1.0864459213416928, 2.150091409684714, 3.393396323744104, 3.8960111550148313, 5.399758129768407, 5.225231027428356, 6.146144604546821, 4.655033311373829, 5.554018262483479, 4.65498695809129, 6.14611357688743, 5.225180529895594, 2.453124197834264, 0.0, 2.4795584485952333, 4.2801319652552765, 5.8603814560146175, 5.885988437807197, 5.886057215148354], [6.147431845087834, 5.431413903395689, 6.147484614864848, 3.9071648416722833, 3.3954795434518523, 2.150293956648718, 1.086419187054426, 2.1538607313380314, 3.4201939330979463, 4.653509735672635, 6.002276483968395, 7.21428805496426, 6.106556629558102, 5.916046860869173, 6.106538713543049, 7.2142805517944755, 6.0023129033731655, 4.2776586224241875, 2.4795584485952333, 0.0, 2.459448966740314, 4.637718064953927, 5.312129464725046, 5.3122158163990285], [5.683846159951903, 4.737306404487682, 5.683897431340577, 3.425099849639423, 3.8633266739948358, 3.383927756321048, 2.139974249845077, 1.0880350775595429, 2.169130830540196, 2.6956809714801193, 5.419318286463714, 6.607649825770128, 6.083180744478993, 4.755110881987927, 6.083146450645422, 6.607632303631914, 5.419381294022409, 4.950724477286127, 4.2801319652552765, 2.459448966740314, 0.0, 2.313008622984359, 3.443125471138105, 3.4431972496503884], [5.135010660164203, 4.1114904037343925, 5.135057637456468, 3.463358117492328, 4.588396135906315, 4.796855124975112, 3.9777536349050076, 2.5848298706104433, 2.163592339143398, 1.0954343567736042, 4.865032606262778, 5.774163860681475, 5.900354540195022, 3.598552115782124, 5.900311865486434, 5.774140376714096, 4.865120826865455, 5.570184390125698, 5.8603814560146175, 4.637718064953927, 2.313008622984359, 0.0, 1.7637232095768316, 1.7637632522535445], [3.713931184068978, 3.002904563918074, 4.279605535560491, 2.873378626286484, 4.187695077247149, 4.81871832440951, 4.429716774241893, 3.2155542694845005, 2.1466162791705465, 1.0946363916844717, 3.3465882836106386, 4.2272428804127165, 4.623539953325807, 2.333513516138272, 5.107392582326132, 4.741109120237584, 4.353823710257456, 4.974744160255883, 5.885988437807197, 5.312129464725046, 3.443125471138105, 1.7637232095768316, 0.0, 1.7919780048873368], [4.279610441383655, 3.0029589590935135, 3.7139978688739173, 2.8734235364804825, 4.187751631842557, 4.818805874903034, 4.42979121968519, 3.215634408635409, 2.1466564652966715, 1.0947097240821422, 4.353795166288832, 4.7411830443466325, 5.107511302973299, 2.3335469526024113, 4.6235432711287565, 4.22723681380639, 3.34669879582851, 4.974818562520647, 5.886057215148354, 5.3122158163990285, 3.4431972496503884, 1.7637632522535445, 1.7919780048873368, 0.0]]}