{"total energy": -46.12496651, "HOMO-LUMO gap/eV": 3.57751544, "electronic energy": -46.74980961, "dipole": [1.50411975, 1.01790323, 0.7375649], "partial charges": [-0.0996893, -0.04995256, -0.05466308, -0.05119358, -0.05588688, 0.09368664, -0.11377437, -0.31570148, 0.22053628, -0.20474057, 0.01547071, -0.11421562, -0.16283811, 0.26651438, -0.46307939, 0.03192096, 0.02965487, 0.03267479, 0.02681266, 0.02564726, 0.04577789, 0.0311515, 0.03141684, 0.05335751, 0.04701736, 0.05739172, 0.05603866, 0.19078677, 0.03502143, 0.04713826, 0.04714224, 0.05475365, 0.05258362, 0.19323892], "atomic dipole moments": [[0.07497084, 0.00258502, -0.06692603], [-0.05712184, -0.09078796, 0.02660671], [0.06116801, 0.0948084, -0.0398821], [0.0121283, 0.02446613, 0.10678363], [-0.07162079, -0.08068436, -0.00074758], [0.08377951, 0.07323496, 0.00392456], [0.03311335, -0.07933328, 0.03540315], [-0.11636561, -0.26232902, 0.03898153], [0.02674856, -0.11416144, 0.05457544], [-0.10190281, 0.01503159, 0.12863327], [0.01575579, 0.08518068, -0.13779753], [-0.12614429, -0.03341254, -0.01601216], [-0.00623939, 0.01979429, -0.02541181], [0.12320253, -0.02498222, 0.06352694], [0.08145169, 0.19156699, -0.02545975], [-0.10869232, -0.03413676, -0.05295593], [-0.01633364, 0.11240664, 0.04982291], [0.02556052, -0.08028415, 0.09429317], [0.10044211, 0.04286174, 0.05966198], [-0.0291416, 0.08377214, -0.08336088], [0.02475606, -0.08806729, 0.09050706], [-0.10298116, -0.04129667, -0.05083208], [-0.03643202, 0.06709308, -0.09574474], [-0.00389086, -0.11005949, -0.06172199], [-0.12626623, 0.00512235, -0.02179138], [0.01593624, 0.10679153, 0.07292974], [0.05849513, 0.01961066, -0.11617925], [0.01835162, 0.12656938, -0.02171919], [-0.06981768, 0.04648667, 0.08730934], [-0.00163026, -0.12444914, 0.00966781], [0.01540769, 0.12687029, 0.00122214], [0.07819444, -0.04495296, -0.0925439], [0.043388, -0.04451275, 0.11303911], [0.06261389, -0.10689513, 0.05292928]], "atomic quadrupole moments": [[0.07103098, 0.00816009, -0.1057332, -0.17982685, 0.00203959, 0.03470222], [-0.02372529, -0.01931397, 0.04494432, -0.19716165, 0.09806334, -0.02121903], [-0.0380666, -0.02777662, 0.04189545, -0.19493271, 0.12229317, -0.00382885], [0.15732718, 0.04624419, -0.14042188, -0.06783924, -0.00993726, -0.01690531], [-0.06538313, -0.12103198, -0.16132197, -0.11447839, 0.13930152, 0.2267051], [-0.09398877, -0.23203051, -0.24082738, -0.12067898, 0.16536469, 0.33481615], [-0.04180488, -0.04819395, 0.09944438, 0.06339381, -0.11817551, -0.0576395], [-0.01535377, -0.06821736, -0.10211739, -0.06065697, 0.08547675, 0.11747116], [-0.03372683, 0.02432179, -0.17484785, -0.19196782, 0.22748609, 0.20857468], [0.03131297, -0.01570308, -0.09538443, 0.06664952, -0.04179746, 0.06407147], [0.07179801, 0.04672738, -0.17548149, 0.18397955, -0.15608506, 0.10368347], [0.22702436, 0.10266875, -0.10732937, 0.06689591, 0.00498054, -0.11969499], [0.00315823, 0.05286485, -0.0087912, -0.02038543, 0.02947781, 0.00563297], [-0.04167655, 0.01368581, -0.22411364, -0.23366325, 0.22255789, 0.26579019], [-0.06046605, 0.00084776, -0.02947212, -0.10032884, 0.06217402, 0.08993817], [0.04109415, 0.03285773, -0.0414627, 0.04404791, 0.01867347, 0.00036856], [-0.03853884, -0.00549411, 0.06545252, -0.01684362, 0.04278368, -0.02691368], [-0.02105401, -0.0269338, 0.00653193, 0.01669126, -0.06004301, 0.01452208], [0.03800623, 0.01121102, -0.03062699, 0.03115181, 0.01390055, -0.00737924], [-0.02581203, -0.02269227, 0.00035631, 0.01423354, -0.03680384, 0.02545572], [-0.02264271, -0.02859048, -0.00035244, 0.01899968, -0.02759458, 0.02299515], [0.03974249, 0.00993756, -0.03214768, 0.03063269, 0.0223511, -0.0075948], [-0.01286354, -0.0115721, 0.02620703, 0.00684929, -0.05838249, -0.01334349], [-0.01525778, -0.00785509, 0.05021808, -0.00615519, 0.02618834, -0.0349603], [0.07684281, 0.03053397, -0.02708341, 0.01955944, -0.00559132, -0.0497594], [-0.03258811, 0.01640039, 0.03123615, 0.03088192, 0.05769661, 0.00135197], [-0.0046627, -0.00213113, -0.04432739, -0.05513464, -0.01178217, 0.0489901], [0.0045821, 0.04736658, 0.01871997, 0.02853332, -0.02288027, -0.02330207], [0.0055639, -0.02824233, -0.02155837, -0.01176503, 0.01752613, 0.01599448], [-0.02291131, 0.00720476, 0.04956393, 0.01022143, 0.01033843, -0.02665261], [-0.027364, -0.00219528, 0.08032002, -0.00233217, -0.00012739, -0.05295602], [-0.00411503, -0.01621139, -0.02056742, -0.04511763, 0.04391049, 0.02468245], [-0.02458605, -0.00554676, -0.02939183, 0.03098537, -0.04542726, 0.05397788], [0.01267972, -0.00352806, 0.01692493, 0.02932197, -0.0266484, -0.02960465]], "number of molecular orbitals": 79, "number of electrons": 84, "number of unpaired electrons": 0, "orbital energies/eV": [-18.99405853, -18.71205536, -18.3094242, -17.92609507, -17.70770807, -17.03393407, -16.81197289, -16.74939743, -16.57619767, -16.42257165, -16.09598981, -15.72946039, -15.70543503, -15.35248667, -15.26168567, -15.05235899, -14.85289836, -14.77451318, -14.60926362, -14.26645037, -13.78285993, -13.66773124, -13.55553417, -13.40712491, -13.26591207, -13.20146493, -13.17797179, -13.07118358, -12.97344512, -12.80295041, -12.51049866, -12.3746807, -12.19639735, -11.9582545, -11.83495896, -11.6163218, -11.39299052, -11.29068224, -11.18863909, -10.427339, -10.30269662, -9.99746343, -6.41994799, -5.86663966, -3.1010411, -0.09346913, 0.68347924, 1.89344315, 2.31152961, 2.59989994, 2.71470615, 2.93206123, 2.98899224, 3.55914858, 3.82361995, 3.93862963, 3.94841653, 4.28857199, 4.53355451, 4.65751474, 4.74634361, 5.11375477, 5.45162275, 5.61382067, 5.78294161, 5.89220066, 6.12214487, 6.35272734, 6.69210595, 6.94991009, 7.10189743, 7.53303371, 8.46980884, 9.21922326, 10.07206988, 11.46603113, 13.14412361, 16.4666314, 19.12856437], "fractional occupation": [2.0, 2.0, 2.0, 2.0, 2.0, 2.0, 2.0, 2.0, 2.0, 2.0, 2.0, 2.0, 2.0, 2.0, 2.0, 2.0, 2.0, 2.0, 2.0, 2.0, 2.0, 2.0, 2.0, 2.0, 2.0, 2.0, 2.0, 2.0, 2.0, 2.0, 2.0, 2.0, 2.0, 2.0, 2.0, 2.0, 2.0, 2.0, 2.0, 2.0, 2.0, 2.0, 0.0, 0.0, 0.0, 0.0, 0.0, 0.0, 0.0, 0.0, 0.0, 0.0, 0.0, 0.0, 0.0, 0.0, 0.0, 0.0, 0.0, 0.0, 0.0, 0.0, 0.0, 0.0, 0.0, 0.0, 0.0, 0.0, 0.0, 0.0, 0.0, 0.0, 0.0, 0.0, 0.0, 0.0, 0.0, 0.0, 0.0], "program call": "xtb /home/svss/Project-DBcg-Debug/aqme2_20220329/End-to-End-workflows-final/example-3/QDESCP/mol_571_rdkit_conf_18/mol_571_rdkit_conf_18.xyz --pop --wbo --acc 0.2 --gfn 2 --chrg 0 --uhf 0 --etemp 300 --input /home/svss/Project-DBcg-Debug/aqme2_20220329/End-to-End-workflows-final/example-3/QDESCP/mol_571_rdkit_conf_18/mol_571_rdkit_conf_18_xtb.inp", "method": "GFN2-xTB", "xtb version": "6.3.3 (7355c4f)", "Dipole module/D": 4.982, "Total charge": 0, "Transition dipole module/D": NaN, "HOMO": -9.9975, "LUMO": -6.4199, "HOMO occupancy": 2.0, "LUMO occupancy": 0, "mulliken charges": [-0.08275, -0.04133, -0.04311, -0.0276, -0.10453, 0.17273, -0.09371, -0.43582, 0.41894, -0.36805, 0.09968, -0.09293, -0.30575, 0.46069, -0.57525, 0.02595, 0.02527, 0.02793, 0.01906, 0.01765, 0.03981, 0.02377, 0.02025, 0.04793, 0.0322, 0.04253, 0.04431, 0.22691, 0.02981, 0.0284, 0.0364, 0.04138, 0.03983, 0.2494], "cm5 charges": [-0.23317, -0.15351, -0.15199, -0.12976, -0.102, 0.23229, -0.23122, -0.61612, 0.63305, -0.71628, 0.04892, -0.23772, -0.65248, 0.56276, -0.61926, 0.07724, 0.07604, 0.07923, 0.0751, 0.0727, 0.09759, 0.07873, 0.07689, 0.1063, 0.08571, 0.09716, 0.09785, 0.42615, 0.09481, 0.09462, 0.08972, 0.09478, 0.09102, 0.45485], "FUKUI+": [0.009, 0.004, 0.007, 0.016, -0.074, -0.084, 0.029, -0.06, -0.062, -0.049, 0.013, 0.013, -0.064, -0.027, -0.115, -0.017, -0.018, -0.009, 0.011, -0.011, -0.011, -0.036, -0.04, -0.041, -0.047, -0.056, -0.06, -0.043, -0.027, -0.021, -0.018, -0.018, -0.029, -0.063], "FUKUI-": [0.011, 0.002, -0.001, 0.006, -0.06, -0.029, 0.021, -0.075, -0.012, -0.074, 0.016, 0.013, -0.023, -0.009, -0.1, -0.038, -0.043, -0.026, -0.018, -0.032, -0.03, -0.043, -0.044, -0.064, -0.03, -0.044, -0.052, -0.041, -0.046, -0.031, -0.019, -0.022, -0.028, -0.035], "FUKUIrad": [0.01, 0.003, 0.003, 0.011, -0.067, -0.057, 0.025, -0.067, -0.037, -0.061, 0.015, 0.013, -0.043, -0.018, -0.107, -0.027, -0.031, -0.018, -0.004, -0.021, -0.021, -0.04, -0.042, -0.052, -0.039, -0.05, -0.056, -0.042, -0.037, -0.026, -0.018, -0.02, -0.029, -0.049], "s proportion": [1.007, 1.027, 1.033, 1.024, 1.093, 1.055, 1.01, 1.526, 0.96, 1.438, 1.002, 1.012, 1.421, 0.985, 1.728, 0.974, 0.975, 0.972, 0.981, 0.982, 0.96, 0.976, 0.98, 0.952, 0.968, 0.957, 0.956, 0.773, 0.97, 0.972, 0.964, 0.959, 0.96, 0.751], "p proportion": [3.075, 3.014, 3.01, 3.004, 3.011, 2.772, 3.084, 3.91, 2.621, 3.93, 2.899, 3.081, 3.884, 2.554, 4.848, 0.0, 0.0, 0.0, 0.0, 0.0, 0.0, 0.0, 0.0, 0.0, 0.0, 0.0, 0.0, 0.0, 0.0, 0.0, 0.0, 0.0, 0.0, 0.0], "d proportion": [0.0, 0.0, 0.0, 0.0, 0.0, 0.0, 0.0, 0.0, 0.0, 0.0, 0.0, 0.0, 0.0, 0.0, 0.0, 0.0, 0.0, 0.0, 0.0, 0.0, 0.0, 0.0, 0.0, 0.0, 0.0, 0.0, 0.0, 0.0, 0.0, 0.0, 0.0, 0.0, 0.0, 0.0], "Fermi-level/eV": -8.2087, "Coordination numbers": [3.75, 3.799, 3.801, 3.803, 2.951, 2.937, 3.757, 1.853, 2.809, 2.699, 3.736, 3.751, 2.701, 2.78, 0.859, 0.924, 0.924, 0.924, 0.924, 0.924, 0.924, 0.924, 0.924, 0.923, 0.924, 0.924, 0.924, 0.86, 0.924, 0.924, 0.924, 0.924, 0.924, 0.86], "Dispersion coefficient C6": [22.467, 21.472, 21.557, 21.491, 29.387, 25.92, 22.729, 29.035, 23.356, 25.451, 20.398, 22.748, 24.522, 22.504, 22.982, 2.559, 2.591, 2.549, 2.632, 2.649, 2.373, 2.57, 2.567, 2.279, 2.358, 2.23, 2.246, 1.154, 2.516, 2.356, 2.356, 2.262, 2.288, 1.141], "Total dispersion C6": 10289.411753, "Total dispersion C8": 227050.474426, "Polarizability alpha": [6.76, 6.598, 6.61, 6.6, 8.891, 8.35, 6.797, 7.986, 7.918, 7.493, 6.445, 6.802, 7.355, 7.77, 6.427, 2.502, 2.517, 2.497, 2.537, 2.545, 2.409, 2.507, 2.505, 2.361, 2.401, 2.335, 2.344, 1.683, 2.481, 2.4, 2.4, 2.352, 2.365, 1.673], "Total polarizability alpha": 153.618423, "Wiberg matrix": [[0.0, 1.0196184616335113, 0.0, 0.0, 0.0, 0.0, 0.0, 0.0, 0.0, 0.0, 0.0, 0.0, 0.0, 0.0, 0.0, 0.9876781493367075, 0.9874920421530111, 0.9877514064792083, 0.0, 0.0, 0.0, 0.0, 0.0, 0.0, 0.0, 0.0, 0.0, 0.0, 0.0, 0.0, 0.0, 0.0, 0.0, 0.0], [1.0196184616335113, 0.0, 1.0086349806011932, 0.0, 0.0, 0.0, 0.0, 0.0, 0.0, 0.0, 0.0, 0.0, 0.0, 0.0, 0.0, 0.0, 0.0, 0.0, 0.9780948101348691, 0.9771526276460794, 0.0, 0.0, 0.0, 0.0, 0.0, 0.0, 0.0, 0.0, 0.0, 0.0, 0.0, 0.0, 0.0, 0.0], [0.0, 1.0086349806011932, 0.0, 0.990391989801177, 0.0, 0.0, 0.0, 0.0, 0.0, 0.0, 0.0, 0.0, 0.0, 0.0, 0.0, 0.0, 0.0, 0.0, 0.0, 0.0, 0.976020552868951, 0.9760956933587189, 0.0, 0.0, 0.0, 0.0, 0.0, 0.0, 0.0, 0.0, 0.0, 0.0, 0.0, 0.0], [0.0, 0.0, 0.990391989801177, 0.0, 1.014520758440763, 0.0, 0.0, 0.0, 0.0, 0.0, 0.0, 0.0, 0.0, 0.0, 0.0, 0.0, 0.0, 0.0, 0.0, 0.0, 0.0, 0.0, 0.9701960971944379, 0.9630787740795421, 0.0, 0.0, 0.0, 0.0, 0.0, 0.0, 0.0, 0.0, 0.0, 0.0], [0.0, 0.0, 0.0, 1.014520758440763, 0.0, 1.6030244234908744, 0.0, 0.0, 0.0, 0.0, 0.0, 0.0, 0.0, 1.0783512655540846, 0.0, 0.0, 0.0, 0.0, 0.0, 0.0, 0.0, 0.0, 0.0, 0.0, 0.0, 0.0, 0.0, 0.0, 0.0, 0.0, 0.0, 0.0, 0.0, 0.0], [0.0, 0.0, 0.0, 0.0, 1.6030244234908744, 0.0, 1.0193108201500192, 1.1954469144806432, 0.0, 0.0, 0.0, 0.0, 0.0, 0.0, 0.0, 0.0, 0.0, 0.0, 0.0, 0.0, 0.0, 0.0, 0.0, 0.0, 0.0, 0.0, 0.0, 0.0, 0.0, 0.0, 0.0, 0.0, 0.0, 0.0], [0.0, 0.0, 0.0, 0.0, 0.0, 1.0193108201500192, 0.0, 0.0, 0.0, 0.0, 0.0, 0.0, 0.0, 0.0, 0.0, 0.0, 0.0, 0.0, 0.0, 0.0, 0.0, 0.0, 0.0, 0.0, 0.9790488553099872, 0.9728701712042591, 0.9668509788067596, 0.0, 0.0, 0.0, 0.0, 0.0, 0.0, 0.0], [0.0, 0.0, 0.0, 0.0, 0.0, 1.1954469144806432, 0.0, 0.0, 1.4934429597089032, 0.0, 0.0, 0.0, 0.0, 0.0, 0.0, 0.0, 0.0, 0.0, 0.0, 0.0, 0.0, 0.0, 0.0, 0.0, 0.0, 0.0, 0.0, 0.0, 0.0, 0.0, 0.0, 0.0, 0.0, 0.0], [0.0, 0.0, 0.0, 0.0, 0.0, 0.0, 0.0, 1.4934429597089032, 0.0, 1.1773271643402259, 0.0, 0.0, 1.163906935772827, 0.0, 0.0, 0.0, 0.0, 0.0, 0.0, 0.0, 0.0, 0.0, 0.0, 0.0, 0.0, 0.0, 0.0, 0.0, 0.0, 0.0, 0.0, 0.0, 0.0, 0.0], [0.0, 0.0, 0.0, 0.0, 0.0, 0.0, 0.0, 0.0, 1.1773271643402259, 0.0, 0.9865836176426339, 0.0, 0.0, 0.0, 0.0, 0.0, 0.0, 0.0, 0.0, 0.0, 0.0, 0.0, 0.0, 0.0, 0.0, 0.0, 0.0, 0.9303214377850704, 0.0, 0.0, 0.0, 0.0, 0.0, 0.0], [0.0, 0.0, 0.0, 0.0, 0.0, 0.0, 0.0, 0.0, 0.0, 0.9865836176426339, 0.0, 1.0195659700148787, 0.0, 0.0, 0.0, 0.0, 0.0, 0.0, 0.0, 0.0, 0.0, 0.0, 0.0, 0.0, 0.0, 0.0, 0.0, 0.0, 0.9683773768393138, 0.9688605883414565, 0.0, 0.0, 0.0, 0.0], [0.0, 0.0, 0.0, 0.0, 0.0, 0.0, 0.0, 0.0, 0.0, 0.0, 1.0195659700148787, 0.0, 0.0, 0.0, 0.0, 0.0, 0.0, 0.0, 0.0, 0.0, 0.0, 0.0, 0.0, 0.0, 0.0, 0.0, 0.0, 0.0, 0.0, 0.0, 0.9851189955448927, 0.9856318089600784, 0.9836824452227884, 0.0], [0.0, 0.0, 0.0, 0.0, 0.0, 0.0, 0.0, 0.0, 1.163906935772827, 0.0, 0.0, 0.0, 0.0, 1.1265659999676654, 0.13807000780445194, 0.0, 0.0, 0.0, 0.0, 0.0, 0.0, 0.0, 0.0, 0.0, 0.0, 0.0, 0.0, 0.0, 0.0, 0.0, 0.0, 0.0, 0.0, 0.9212261124183259], [0.0, 0.0, 0.0, 0.0, 1.0783512655540846, 0.0, 0.0, 0.0, 0.0, 0.0, 0.0, 0.0, 1.1265659999676654, 0.0, 1.638585569238266, 0.0, 0.0, 0.0, 0.0, 0.0, 0.0, 0.0, 0.0, 0.0, 0.0, 0.0, 0.0, 0.0, 0.0, 0.0, 0.0, 0.0, 0.0, 0.0], [0.0, 0.0, 0.0, 0.0, 0.0, 0.0, 0.0, 0.0, 0.0, 0.0, 0.0, 0.0, 0.13807000780445194, 1.638585569238266, 0.0, 0.0, 0.0, 0.0, 0.0, 0.0, 0.0, 0.0, 0.0, 0.0, 0.0, 0.0, 0.0, 0.0, 0.0, 0.0, 0.0, 0.0, 0.0, 0.0], [0.9876781493367075, 0.0, 0.0, 0.0, 0.0, 0.0, 0.0, 0.0, 0.0, 0.0, 0.0, 0.0, 0.0, 0.0, 0.0, 0.0, 0.0, 0.0, 0.0, 0.0, 0.0, 0.0, 0.0, 0.0, 0.0, 0.0, 0.0, 0.0, 0.0, 0.0, 0.0, 0.0, 0.0, 0.0], [0.9874920421530111, 0.0, 0.0, 0.0, 0.0, 0.0, 0.0, 0.0, 0.0, 0.0, 0.0, 0.0, 0.0, 0.0, 0.0, 0.0, 0.0, 0.0, 0.0, 0.0, 0.0, 0.0, 0.0, 0.0, 0.0, 0.0, 0.0, 0.0, 0.0, 0.0, 0.0, 0.0, 0.0, 0.0], [0.9877514064792083, 0.0, 0.0, 0.0, 0.0, 0.0, 0.0, 0.0, 0.0, 0.0, 0.0, 0.0, 0.0, 0.0, 0.0, 0.0, 0.0, 0.0, 0.0, 0.0, 0.0, 0.0, 0.0, 0.0, 0.0, 0.0, 0.0, 0.0, 0.0, 0.0, 0.0, 0.0, 0.0, 0.0], [0.0, 0.9780948101348691, 0.0, 0.0, 0.0, 0.0, 0.0, 0.0, 0.0, 0.0, 0.0, 0.0, 0.0, 0.0, 0.0, 0.0, 0.0, 0.0, 0.0, 0.0, 0.0, 0.0, 0.0, 0.0, 0.0, 0.0, 0.0, 0.0, 0.0, 0.0, 0.0, 0.0, 0.0, 0.0], [0.0, 0.9771526276460794, 0.0, 0.0, 0.0, 0.0, 0.0, 0.0, 0.0, 0.0, 0.0, 0.0, 0.0, 0.0, 0.0, 0.0, 0.0, 0.0, 0.0, 0.0, 0.0, 0.0, 0.0, 0.0, 0.0, 0.0, 0.0, 0.0, 0.0, 0.0, 0.0, 0.0, 0.0, 0.0], [0.0, 0.0, 0.976020552868951, 0.0, 0.0, 0.0, 0.0, 0.0, 0.0, 0.0, 0.0, 0.0, 0.0, 0.0, 0.0, 0.0, 0.0, 0.0, 0.0, 0.0, 0.0, 0.0, 0.0, 0.0, 0.0, 0.0, 0.0, 0.0, 0.0, 0.0, 0.0, 0.0, 0.0, 0.0], [0.0, 0.0, 0.9760956933587189, 0.0, 0.0, 0.0, 0.0, 0.0, 0.0, 0.0, 0.0, 0.0, 0.0, 0.0, 0.0, 0.0, 0.0, 0.0, 0.0, 0.0, 0.0, 0.0, 0.0, 0.0, 0.0, 0.0, 0.0, 0.0, 0.0, 0.0, 0.0, 0.0, 0.0, 0.0], [0.0, 0.0, 0.0, 0.9701960971944379, 0.0, 0.0, 0.0, 0.0, 0.0, 0.0, 0.0, 0.0, 0.0, 0.0, 0.0, 0.0, 0.0, 0.0, 0.0, 0.0, 0.0, 0.0, 0.0, 0.0, 0.0, 0.0, 0.0, 0.0, 0.0, 0.0, 0.0, 0.0, 0.0, 0.0], [0.0, 0.0, 0.0, 0.9630787740795421, 0.0, 0.0, 0.0, 0.0, 0.0, 0.0, 0.0, 0.0, 0.0, 0.0, 0.0, 0.0, 0.0, 0.0, 0.0, 0.0, 0.0, 0.0, 0.0, 0.0, 0.0, 0.0, 0.0, 0.0, 0.0, 0.0, 0.0, 0.0, 0.0, 0.0], [0.0, 0.0, 0.0, 0.0, 0.0, 0.0, 0.9790488553099872, 0.0, 0.0, 0.0, 0.0, 0.0, 0.0, 0.0, 0.0, 0.0, 0.0, 0.0, 0.0, 0.0, 0.0, 0.0, 0.0, 0.0, 0.0, 0.0, 0.0, 0.0, 0.0, 0.0, 0.0, 0.0, 0.0, 0.0], [0.0, 0.0, 0.0, 0.0, 0.0, 0.0, 0.9728701712042591, 0.0, 0.0, 0.0, 0.0, 0.0, 0.0, 0.0, 0.0, 0.0, 0.0, 0.0, 0.0, 0.0, 0.0, 0.0, 0.0, 0.0, 0.0, 0.0, 0.0, 0.0, 0.0, 0.0, 0.0, 0.0, 0.0, 0.0], [0.0, 0.0, 0.0, 0.0, 0.0, 0.0, 0.9668509788067596, 0.0, 0.0, 0.0, 0.0, 0.0, 0.0, 0.0, 0.0, 0.0, 0.0, 0.0, 0.0, 0.0, 0.0, 0.0, 0.0, 0.0, 0.0, 0.0, 0.0, 0.0, 0.0, 0.0, 0.0, 0.0, 0.0, 0.0], [0.0, 0.0, 0.0, 0.0, 0.0, 0.0, 0.0, 0.0, 0.0, 0.9303214377850704, 0.0, 0.0, 0.0, 0.0, 0.0, 0.0, 0.0, 0.0, 0.0, 0.0, 0.0, 0.0, 0.0, 0.0, 0.0, 0.0, 0.0, 0.0, 0.0, 0.0, 0.0, 0.0, 0.0, 0.0], [0.0, 0.0, 0.0, 0.0, 0.0, 0.0, 0.0, 0.0, 0.0, 0.0, 0.9683773768393138, 0.0, 0.0, 0.0, 0.0, 0.0, 0.0, 0.0, 0.0, 0.0, 0.0, 0.0, 0.0, 0.0, 0.0, 0.0, 0.0, 0.0, 0.0, 0.0, 0.0, 0.0, 0.0, 0.0], [0.0, 0.0, 0.0, 0.0, 0.0, 0.0, 0.0, 0.0, 0.0, 0.0, 0.9688605883414565, 0.0, 0.0, 0.0, 0.0, 0.0, 0.0, 0.0, 0.0, 0.0, 0.0, 0.0, 0.0, 0.0, 0.0, 0.0, 0.0, 0.0, 0.0, 0.0, 0.0, 0.0, 0.0, 0.0], [0.0, 0.0, 0.0, 0.0, 0.0, 0.0, 0.0, 0.0, 0.0, 0.0, 0.0, 0.9851189955448927, 0.0, 0.0, 0.0, 0.0, 0.0, 0.0, 0.0, 0.0, 0.0, 0.0, 0.0, 0.0, 0.0, 0.0, 0.0, 0.0, 0.0, 0.0, 0.0, 0.0, 0.0, 0.0], [0.0, 0.0, 0.0, 0.0, 0.0, 0.0, 0.0, 0.0, 0.0, 0.0, 0.0, 0.9856318089600784, 0.0, 0.0, 0.0, 0.0, 0.0, 0.0, 0.0, 0.0, 0.0, 0.0, 0.0, 0.0, 0.0, 0.0, 0.0, 0.0, 0.0, 0.0, 0.0, 0.0, 0.0, 0.0], [0.0, 0.0, 0.0, 0.0, 0.0, 0.0, 0.0, 0.0, 0.0, 0.0, 0.0, 0.9836824452227884, 0.0, 0.0, 0.0, 0.0, 0.0, 0.0, 0.0, 0.0, 0.0, 0.0, 0.0, 0.0, 0.0, 0.0, 0.0, 0.0, 0.0, 0.0, 0.0, 0.0, 0.0, 0.0], [0.0, 0.0, 0.0, 0.0, 0.0, 0.0, 0.0, 0.0, 0.0, 0.0, 0.0, 0.0, 0.9212261124183259, 0.0, 0.0, 0.0, 0.0, 0.0, 0.0, 0.0, 0.0, 0.0, 0.0, 0.0, 0.0, 0.0, 0.0, 0.0, 0.0, 0.0, 0.0, 0.0, 0.0, 0.0]], "Born radii": [], "Atomic SASAs": [], "Solvent H bonds": [], "Total SASA": NaN, "Total FOD": 0.0, "FOD": [0.0, 0.0, 0.0, 0.0, 0.0, 0.0, 0.0, 0.0, 0.0, 0.0, 0.0, 0.0, 0.0, 0.0, 0.0, 0.0, 0.0, 0.0, 0.0, 0.0, 0.0, 0.0, 0.0, 0.0, 0.0, 0.0, 0.0, 0.0, 0.0, 0.0, 0.0, 0.0, 0.0, 0.0], "FOD s proportion": [0.0, 0.0, 0.0, 0.0, 0.0, 0.0, 0.0, 0.0, 0.0, 0.0, 0.0, 0.0, 0.0, 0.0, 0.0, 0.0, 0.0, 0.0, 0.0, 0.0, 0.0, 0.0, 0.0, 0.0, 0.0, 0.0, 0.0, 0.0, 0.0, 0.0, 0.0, 0.0, 0.0, 0.0], "FOD p proportion": [0.0, 0.0, 0.0, 0.0, 0.0, 0.0, 0.0, 0.0, 0.0, 0.0, 0.0, 0.0, 0.0, 0.0, 0.0, 0.0, 0.0, 0.0, 0.0, 0.0, 0.0, 0.0, 0.0, 0.0, 0.0, 0.0, 0.0, 0.0, 0.0, 0.0, 0.0, 0.0, 0.0, 0.0], "FOD d proportion": [0.0, 0.0, 0.0, 0.0, 0.0, 0.0, 0.0, 0.0, 0.0, 0.0, 0.0, 0.0, 0.0, 0.0, 0.0, 0.0, 0.0, 0.0, 0.0, 0.0, 0.0, 0.0, 0.0, 0.0, 0.0, 0.0, 0.0, 0.0, 0.0, 0.0, 0.0, 0.0, 0.0, 0.0], "coordinates": [["-4.37750", "0.32450", "1.12240"], ["-3.24800", "0.37390", "0.10480"], ["-3.01420", "-0.99600", "-0.53520"], ["-1.92940", "-0.98590", "-1.62080"], ["-0.54690", "-0.67840", "-1.10620"], ["0.14930", "0.46720", "-1.25430"], ["-0.39620", "1.69230", "-1.94330"], ["1.42880", "0.65520", "-0.77940"], ["2.00270", "-0.30850", "-0.13200"], ["3.26820", "-0.12100", "0.34210"], ["3.72920", "-0.62110", "1.62340"], ["5.17440", "-0.20980", "1.84770"], ["1.38730", "-1.50020", "0.07980"], ["0.15050", "-1.78820", "-0.40640"], ["-0.34690", "-2.90200", "-0.27200"], ["-5.31670", "0.01640", "0.65200"], ["-4.52930", "1.31260", "1.56810"], ["-4.14870", "-0.38020", "1.92820"], ["-2.33840", "0.72140", "0.60660"], ["-3.49670", "1.10870", "-0.66930"], ["-2.76230", "-1.72610", "0.24350"], ["-3.95040", "-1.34060", "-0.99240"], ["-2.22320", "-0.29520", "-2.41800"], ["-1.91410", "-1.97070", "-2.10650"], ["-1.47090", "1.65170", "-2.13050"], ["-0.22040", "2.58020", "-1.32520"], ["0.11120", "1.83870", "-2.90260"], ["3.54600", "0.84200", "0.16500"], ["3.10300", "-0.21810", "2.42690"], ["3.66310", "-1.71360", "1.65520"], ["5.27750", "0.88050", "1.85180"], ["5.82170", "-0.60420", "1.05720"], ["5.53470", "-0.59060", "2.80830"], ["1.88280", "-2.26010", "0.51110"]], "bond_dist": [[0.0, 1.521091834834439, 2.519909700763105, 3.9032663257840863, 4.543782865630796, 5.114780974782791, 5.207700358123536, 6.118768292720358, 6.533081998566986, 7.698315843741409, 8.177025452449076, 9.594286330415619, 6.135915896587893, 5.225276521869441, 5.34793324285186, 1.0946681734662789, 1.09454709355057, 1.0946529906778677, 2.1404457619851063, 2.144986519771162, 2.754323258079923, 2.7253167632405595, 4.190401978330957, 4.664984223981899, 4.559730453656225, 5.325449151010646, 6.21625726060304, 7.997891800968553, 7.6127534611334955, 8.31197785187136, 9.698463041121515, 10.24160218764623, 10.096106955653749, 6.800382411306], [1.521091834834439, 0.0, 1.5299962254855402, 2.5623148440423944, 3.141623386085608, 3.6602602352838254, 3.750420697735122, 4.767955281879225, 5.3001504214503194, 6.539273640091841, 7.209541649786067, 8.620628043246036, 4.999888188749824, 4.060271431813396, 4.392024619694203, 2.1695054229017265, 2.1596606839964467, 2.169035467667599, 1.0954139172020778, 1.0959076329691293, 2.1598940205482307, 2.153305331345279, 2.80400244115443, 3.4880203640460588, 3.128485790282577, 4.009865515201227, 4.7407086432304615, 6.810372798166045, 6.788064039915947, 7.384084209974857, 8.71738509015175, 9.171870226949355, 9.23985886201732, 5.781707734744122], [2.519909700763105, 1.5299962254855402, 0.0, 1.5347378961894438, 2.5523479484584386, 3.558903103485679, 4.007945421285076, 4.746192587748627, 5.079814179672323, 6.4034233071069115, 7.090384159550172, 8.56443184396957, 4.47276702836175, 3.2648884161637137, 3.288859913404644, 2.7813492858682816, 3.4711716840283198, 2.7811219768287763, 2.1702247902003147, 2.163458146116999, 1.0967558114730918, 1.0973839072995375, 2.1591057130210185, 2.1515677516638885, 3.455006840803647, 4.606367861992787, 4.838205453471359, 6.848704116838455, 6.841001436924276, 7.063932135149658, 8.830136473464043, 8.986788848637762, 9.188418396002655, 5.164620169964099], [3.9032663257840863, 2.5623148440423944, 1.5347378961894438, 0.0, 1.5068761262957218, 2.562579862170153, 3.102815452133755, 3.8312752981220237, 4.258732981768169, 5.622817281399068, 6.532814603216595, 7.94334928729689, 3.762584715325357, 2.5385895020660585, 2.8275443232600264, 4.200479308364701, 4.7129253622352225, 4.229369454185813, 2.8361003243891076, 2.783726046147501, 2.1719191835793525, 2.1459589115358195, 1.0949487522254182, 1.0981664810036773, 2.7252431267686927, 3.965492349002832, 3.712872844577363, 6.042375791855385, 6.50372523174219, 6.522099320004258, 8.214731117328187, 8.209563331870948, 8.688266668904678, 4.549884843597693], [4.543782865630796, 3.141623386085608, 2.5523479484584386, 1.5068761262957218, 0.0, 1.3487132423165422, 2.5186634134000516, 2.4059671007725774, 2.754333278671991, 4.1186473094937375, 5.073364826227264, 6.455879867221819, 2.4131060648052753, 1.4858475157296591, 2.383335184148466, 5.130790028835715, 5.193791606331544, 4.719053913656847, 2.84650595116188, 3.4764821385993057, 2.797742400579439, 3.4691888864689977, 2.1627859741546316, 2.130698293987208, 2.7078280041391105, 3.2822305235921503, 3.1616358076160513, 4.547460391251363, 5.100631501098663, 5.140142896846352, 6.71591904135242, 6.726430789058934, 7.233040691852908, 3.3197705146591083], [5.114780974782791, 3.6602602352838254, 3.558903103485679, 2.562579862170153, 1.3487132423165422, 0.0, 1.5077006533128516, 1.3776771247284323, 2.301382049986486, 3.552746741607119, 4.720300646145328, 5.9441032132694325, 2.680136110349622, 2.4095155135420896, 3.544380957233576, 5.806406490248508, 5.529009032367374, 5.414720399983733, 3.1170848143738406, 3.747941201513172, 3.9409877302524046, 4.488237130544687, 2.7503104733829598, 3.3056347060738576, 2.1899348688945066, 2.1462697640324713, 2.1446110952804474, 3.700332204005473, 4.769194189797686, 5.056468068721487, 6.009751187861275, 6.218283683622032, 6.8283374814079005, 3.6823667253547683], [5.207700358123536, 3.750420697735122, 4.007945421285076, 3.102815452133755, 2.5186634134000516, 1.5077006533128516, 0.0, 2.400180122407483, 3.610918102089827, 4.68390194282502, 5.923858000492585, 7.001517676189928, 4.179217882570852, 3.8438031622339874, 4.889096713095375, 5.809952078115619, 5.436599825258431, 5.776246597055912, 3.3491458105015375, 3.4024645788016663, 4.697444199775022, 4.768126556625778, 2.741062812122334, 3.9684031612224078, 1.0916374352320461, 1.0960472891257933, 1.0950544324370364, 4.550701025116899, 5.915460830738379, 6.405253589827651, 6.8740581129344545, 7.275932442649533, 7.935043149221055, 5.180674292020297], [6.118768292720358, 4.767955281879225, 4.746192587748627, 3.8312752981220237, 2.4059671007725774, 1.3776771247284323, 2.400180122407483, 0.0, 1.2950697510172955, 2.28989979038385, 3.5628962502436132, 4.6561141276820095, 2.3207102468856387, 2.782693560203854, 4.008021593005706, 6.925225025224812, 6.437537310183141, 6.285829871226233, 4.014620066706188, 4.947558439270829, 4.927700610832603, 5.741461423714349, 4.114045955018004, 4.453260112546762, 3.3506333058095152, 2.592948761545434, 2.764908723629046, 2.325794797483217, 3.7210157511088284, 4.065782469586882, 4.667597371239298, 4.925115057539265, 5.593033500704246, 3.220323017959534], [6.533081998566986, 5.3001504214503194, 5.079814179672323, 4.258732981768169, 2.754333278671991, 2.301382049986486, 3.610918102089827, 1.2950697510172955, 0.0, 1.3643376818075506, 2.4819246906382957, 3.7401383223084146, 1.3578384624100173, 2.3865146741639784, 3.5023509832682387, 7.368434865695699, 6.941565329232305, 6.487625674312598, 4.522319446921015, 5.704432267105991, 4.985560651521553, 6.102861474751004, 4.804602345668161, 4.690722900577266, 4.461197513000293, 3.835425340167633, 3.983022024794741, 1.9477253759193056, 2.786898178979634, 2.8151941336256012, 4.009176783330962, 4.01078497678447, 4.604342352605853, 2.058323633445431], [7.698315843741409, 6.539273640091841, 6.4034233071069115, 5.622817281399068, 4.1186473094937375, 3.552746741607119, 4.68390194282502, 2.28989979038385, 1.3643376818075506, 0.0, 1.450638032039695, 2.4307026226998647, 2.347078767319069, 3.6138430209404504, 4.602176422085533, 8.591590352199063, 8.022424272624828, 7.589025198271514, 5.67569921419379, 6.949745611171679, 6.241233709772452, 7.44153884421764, 6.148493442299504, 6.022729060816201, 5.631632521747136, 4.716640826902129, 4.933067116916209, 1.0177947975893764, 2.093587946564462, 2.1015595114105143, 2.7054542742393557, 2.6954058136021, 3.382260908031786, 2.55414231592525], [8.177025452449076, 7.209541649786067, 7.090384159550172, 6.532814603216595, 5.073364826227264, 4.720300646145328, 5.923858000492585, 3.5628962502436132, 2.4819246906382957, 1.450638032039695, 0.0, 1.519237051944166, 2.9393899673231516, 4.276599600149633, 5.04079727622526, 9.120215513900973, 8.482044330820253, 7.887473883316509, 6.29698008969379, 7.7757515482427815, 6.727906157193336, 8.1447127665744, 7.202096259423364, 6.897855395700899, 6.8042946041452375, 5.877236068935805, 6.2948563160726705, 2.073922469621273, 1.0955125238900738, 1.094959679622953, 2.168917243695572, 2.1678155594976243, 2.159802886839445, 2.707900524391544], [9.594286330415619, 8.620628043246036, 8.56443184396957, 7.94334928729689, 6.455879867221819, 5.9441032132694325, 7.001517676189928, 4.6561141276820095, 3.7401383223084146, 2.4307026226998647, 1.519237051944166, 0.0, 4.374097504628812, 5.728165900181313, 6.498139935396898, 10.56144138553067, 9.826376321411674, 9.325004558712022, 7.67135102116961, 9.124785282953239, 8.237950608009251, 9.623245382406084, 8.539787784834001, 8.305618501953964, 7.965630519927472, 6.85239092944937, 7.238625323913374, 2.566992226322472, 2.150869473027129, 2.1406770844758443, 1.0951714523306386, 1.0951889791264333, 1.0943386541651539, 4.101811820403271], [6.135915896587893, 4.999888188749824, 4.47276702836175, 3.762584715325357, 2.4131060648052753, 2.680136110349622, 4.179217882570852, 2.3207102468856387, 1.3578384624100173, 2.347078767319069, 2.9393899673231516, 4.374097504628812, 0.0, 1.3597825855628538, 2.257488896982663, 6.897180902368736, 6.718112554133043, 5.942918353805645, 4.369652765380791, 5.5875724621699545, 4.158967258827605, 5.446661940124428, 4.552662966879934, 3.9875455984853643, 4.79470613698066, 4.605256610657, 4.6552544699511325, 3.1864000957193053, 3.1774652334840736, 2.7760926425463546, 4.892992185769358, 4.628393902856584, 5.047079469356511, 1.004483922220759], [5.225276521869441, 4.060271431813396, 3.2648884161637137, 2.5385895020660585, 1.4858475157296591, 2.4095155135420896, 3.8438031622339874, 2.782693560203854, 2.3865146741639784, 3.6138430209404504, 4.276599600149633, 5.728165900181313, 1.3597825855628538, 0.0, 1.227200293350682, 5.853807953802379, 5.950977980970859, 5.090770256061454, 3.6768035533599015, 4.6651059859342965, 2.985067881975216, 4.166668041733106, 3.451091892430568, 2.6807124836505682, 4.175448572309327, 4.479361428819961, 4.4030628589653364, 4.332882441285477, 4.382928147939457, 4.073587912393692, 6.205445667315121, 5.975490808293491, 6.384211109448057, 2.0162735801472973], [5.34793324285186, 4.392024619694203, 3.288859913404644, 2.8275443232600264, 2.383335184148466, 3.544380957233576, 4.889096713095375, 4.008021593005706, 3.5023509832682387, 4.602176422085533, 5.04079727622526, 6.498139935396898, 2.257488896982663, 1.227200293350682, 0.0, 5.836929552427373, 6.216211943780553, 5.064981591279479, 4.226941893378711, 5.115154134530063, 2.7354411380982047, 3.992763249931055, 3.8628000116495804, 2.5862764314744084, 5.045154302893025, 5.583882997520632, 5.440969441193362, 5.418779882039868, 5.137041018913515, 4.605050966058899, 7.102936579331114, 6.715525552032394, 7.0302230839426425, 2.4488453013614397], [1.0946681734662789, 2.1695054229017265, 2.7813492858682816, 4.200479308364701, 5.130790028835715, 5.806406490248508, 5.809952078115619, 6.925225025224812, 7.368434865695699, 8.591590352199063, 9.120215513900973, 10.56144138553067, 6.897180902368736, 5.853807953802379, 5.836929552427373, 0.0, 1.7718274210543192, 1.7748808410707462, 3.060940549896388, 2.5002705813571455, 3.1189962904755113, 2.532247233190314, 4.369409206059785, 4.809945469545367, 5.020626452943896, 6.037769784448559, 6.739292014744576, 8.914383638255647, 8.607938681821567, 9.199789034537694, 10.6968809701707, 11.16303211318502, 11.080205803594083, 7.552158983363632], [1.09454709355057, 2.1596606839964467, 3.4711716840283198, 4.7129253622352225, 5.193791606331544, 5.529009032367374, 5.436599825258431, 6.437537310183141, 6.941565329232305, 8.022424272624828, 8.482044330820253, 9.826376321411674, 6.718112554133043, 5.950977980970859, 6.216211943780553, 1.7718274210543192, 0.0, 1.7720327903286668, 2.464557262471294, 2.4726092958654022, 3.756401449525862, 3.732392758003906, 4.877715783027954, 5.5787108806605135, 4.811282711502204, 5.342715962878806, 6.46515119312766, 8.209788307867628, 7.831512192418525, 8.733893210361574, 9.820413552391772, 10.539371046224721, 10.317187711774949, 7.4159598636993715], [1.0946529906778677, 2.169035467667599, 2.7811219768287763, 4.229369454185813, 4.719053913656847, 5.414720399983733, 5.776246597055912, 6.285829871226233, 6.487625674312598, 7.589025198271514, 7.887473883316509, 9.325004558712022, 5.942918353805645, 5.090770256061454, 5.064981591279479, 1.7748808410707462, 1.7720327903286668, 0.0, 2.4974657575230133, 3.0641366581795926, 2.563545564252759, 3.080843295268359, 4.754390569778633, 4.878722322493872, 5.2699408099142815, 5.897467304699535, 6.812260554324093, 7.988182219378823, 7.270634840920014, 7.929483198796754, 9.510438890503423, 10.010878740650092, 9.72558891430231, 6.474657417192048], [2.1404457619851063, 1.0954139172020778, 2.1702247902003147, 2.8361003243891076, 2.84650595116188, 3.1170848143738406, 3.3491458105015375, 4.014620066706188, 4.522319446921015, 5.67569921419379, 6.29698008969379, 7.67135102116961, 4.369652765380791, 3.6768035533599015, 4.226941893378711, 3.060940549896388, 2.464557262471294, 2.4974657575230133, 0.0, 1.7662335604330477, 2.5103364455785604, 3.067114115907656, 3.1929534540923084, 3.845561663788529, 3.018233050975355, 3.4165644557069315, 4.423051445552041, 5.902179112836207, 5.814205560521574, 6.561005198138469, 7.718663657654737, 8.2793410202745, 8.279766331243895, 5.1688482217995135], [2.144986519771162, 1.0959076329691293, 2.163458146116999, 2.783726046147501, 3.4764821385993057, 3.747941201513172, 3.4024645788016663, 4.947558439270829, 5.704432267105991, 6.949745611171679, 7.7757515482427815, 9.124785282953239, 5.5875724621699545, 4.6651059859342965, 5.115154134530063, 2.5002705813571455, 2.4726092958654022, 3.0641366581795926, 1.7662335604330477, 0.0, 3.067350361468347, 2.511833551412195, 2.578893008637621, 3.7487159081477484, 2.556133814963528, 3.650980518983907, 4.305516380180198, 7.096957705242437, 7.409648626621913, 8.039366491210611, 9.132064722175373, 9.63054553075785, 9.825859158872571, 6.456096177257585], [2.754323258079923, 2.1598940205482307, 1.0967558114730918, 2.1719191835793525, 2.797742400579439, 3.9409877302524046, 4.697444199775022, 4.927700610832603, 4.985560651521553, 6.241233709772452, 6.727906157193336, 8.237950608009251, 4.158967258827605, 2.985067881975216, 2.7354411380982047, 3.1189962904755113, 3.756401449525862, 2.563545564252759, 2.5103364455785604, 3.067350361468347, 0.0, 1.7571683670041411, 3.069476481421547, 2.5103331253042893, 4.325866710845354, 5.240829608945515, 5.5554249612428395, 6.811457167889996, 6.437627175442828, 6.578663868902256, 8.603451428932459, 8.695160912829618, 8.75829711131108, 4.683344933912086], [2.7253167632405595, 2.153305331345279, 1.0973839072995375, 2.1459589115358195, 3.4691888864689977, 4.488237130544687, 4.768126556625778, 5.741461423714349, 6.102861474751004, 7.44153884421764, 8.1447127665744, 9.623245382406084, 5.446661940124428, 4.166668041733106, 3.992763249931055, 2.532247233190314, 3.732392758003906, 3.080843295268359, 3.067114115907656, 2.511833551412195, 1.7571683670041411, 0.0, 2.471521062018287, 2.4051533235949845, 4.049327246592945, 5.421838108981123, 5.500309726733578, 7.89299249207802, 7.918463885123175, 8.069343034597054, 9.90842556918101, 10.011847158741489, 10.245728012200987, 6.093620823451357], [4.190401978330957, 2.80400244115443, 2.1591057130210185, 1.0949487522254182, 2.1627859741546316, 2.7503104733829598, 2.741062812122334, 4.114045955018004, 4.804602345668161, 6.148493442299504, 7.202096259423364, 8.539787784834001, 4.552662966879934, 3.451091892430568, 3.8628000116495804, 4.369409206059785, 4.877715783027954, 4.754390569778633, 3.1929534540923084, 2.578893008637621, 3.069476481421547, 2.471521062018287, 0.0, 1.73201481229232, 2.106900840096657, 3.6706055140807488, 3.199654626674573, 6.422521426978659, 7.20051434690606, 7.297351882018573, 8.710566171036186, 8.768860362099515, 9.358765156792854, 5.4129192511989315], [4.664984223981899, 3.4880203640460588, 2.1515677516638885, 1.0981664810036773, 2.130698293987208, 3.3056347060738576, 3.9684031612224078, 4.453260112546762, 4.690722900577266, 6.022729060816201, 6.897855395700899, 8.305618501953964, 3.9875455984853643, 2.6807124836505682, 2.5862764314744084, 4.809945469545367, 5.5787108806605135, 4.878722322493872, 3.845561663788529, 3.7487159081477484, 2.5103331253042893, 2.4051533235949845, 1.73201481229232, 0.0, 3.649490923402879, 4.918306638468163, 4.387156671467296, 6.548563624948604, 6.985314218415661, 6.732135407134946, 8.690028244488046, 8.468702473224573, 9.030202461185464, 4.620825870988865], [4.559730453656225, 3.128485790282577, 3.455006840803647, 2.7252431267686927, 2.7078280041391105, 2.1899348688945066, 1.0916374352320461, 3.3506333058095152, 4.461197513000293, 5.631632521747136, 6.8042946041452375, 7.965630519927472, 4.79470613698066, 4.175448572309327, 5.045154302893025, 5.020626452943896, 4.811282711502204, 5.2699408099142815, 3.018233050975355, 2.556133814963528, 4.325866710845354, 4.049327246592945, 2.106900840096657, 3.649490923402879, 0.0, 1.7533883169452227, 1.770352456433464, 5.576219144725214, 6.722098482616868, 7.212123444589673, 7.873650061439103, 8.272395714664524, 8.8599145644865, 5.790296494135684], [5.325449151010646, 4.009865515201227, 4.606367861992787, 3.965492349002832, 3.2822305235921503, 2.1462697640324713, 1.0960472891257933, 2.592948761545434, 3.835425340167633, 4.716640826902129, 5.877236068935805, 6.85239092944937, 4.605256610657, 4.479361428819961, 5.583882997520632, 6.037769784448559, 5.342715962878806, 5.897467304699535, 3.4165644557069315, 3.650980518983907, 5.240829608945515, 5.421838108981123, 3.6706055140807488, 4.918306638468163, 1.7533883169452227, 0.0, 1.7742523974902784, 4.407698292760066, 5.740533499597403, 6.511610772305114, 6.5733715473872305, 7.23347810738375, 7.762794013755614, 5.587839655895649], [6.21625726060304, 4.7407086432304615, 4.838205453471359, 3.712872844577363, 3.1616358076160513, 2.1446110952804474, 1.0950544324370364, 2.764908723629046, 3.983022024794741, 4.933067116916209, 6.2948563160726705, 7.238625323913374, 4.6552544699511325, 4.4030628589653364, 5.440969441193362, 6.739292014744576, 6.46515119312766, 6.812260554324093, 4.423051445552041, 4.305516380180198, 5.5554249612428395, 5.500309726733578, 3.199654626674573, 4.387156671467296, 1.770352456433464, 1.7742523974902784, 0.0, 4.711839522946426, 6.4486327023641214, 6.782946980479797, 7.086121808859907, 7.365974932077898, 8.241979710603516, 5.620682849085154], [7.997891800968553, 6.810372798166045, 6.848704116838455, 6.042375791855385, 4.547460391251363, 3.700332204005473, 4.550701025116899, 2.325794797483217, 1.9477253759193056, 1.0177947975893764, 2.073922469621273, 2.566992226322472, 3.1864000957193053, 4.332882441285477, 5.418779882039868, 8.914383638255647, 8.209788307867628, 7.988182219378823, 5.902179112836207, 7.096957705242437, 6.811457167889996, 7.89299249207802, 6.422521426978659, 6.548563624948604, 5.576219144725214, 4.407698292760066, 4.711839522946426, 0.0, 2.5369770633570967, 2.9606586784024937, 2.4176163343260235, 2.8401277735341415, 3.6047614817072158, 3.536812669622184], [7.6127534611334955, 6.788064039915947, 6.841001436924276, 6.50372523174219, 5.100631501098663, 4.769194189797686, 5.915460830738379, 3.7210157511088284, 2.786898178979634, 2.093587946564462, 1.0955125238900738, 2.150869473027129, 3.1774652334840736, 4.382928147939457, 5.137041018913515, 8.607938681821567, 7.831512192418525, 7.270634840920014, 5.814205560521574, 7.409648626621913, 6.437627175442828, 7.918463885123175, 7.20051434690606, 6.985314218415661, 6.722098482616868, 5.740533499597403, 6.4486327023641214, 2.5369770633570967, 0.0, 1.7736271169555342, 2.5032203698436137, 3.0686285193877736, 2.4894551813599697, 3.054331625740728], [8.31197785187136, 7.384084209974857, 7.063932135149658, 6.522099320004258, 5.140142896846352, 5.056468068721487, 6.405253589827651, 4.065782469586882, 2.8151941336256012, 2.1015595114105143, 1.094959679622953, 2.1406770844758443, 2.7760926425463546, 4.073587912393692, 4.605050966058899, 9.199789034537694, 8.733893210361574, 7.929483198796754, 6.561005198138469, 8.039366491210611, 6.578663868902256, 8.069343034597054, 7.297351882018573, 6.732135407134946, 7.212123444589673, 6.511610772305114, 6.782946980479797, 2.9606586784024937, 1.7736271169555342, 0.0, 3.0617468428986743, 2.4995852295931016, 2.4685329995768743, 2.1856566862158386], [9.698463041121515, 8.71738509015175, 8.830136473464043, 8.214731117328187, 6.71591904135242, 6.009751187861275, 6.8740581129344545, 4.667597371239298, 4.009176783330962, 2.7054542742393557, 2.168917243695572, 1.0951714523306386, 4.892992185769358, 6.205445667315121, 7.102936579331114, 10.6968809701707, 9.820413552391772, 9.510438890503423, 7.718663657654737, 9.132064722175373, 8.603451428932459, 9.90842556918101, 8.710566171036186, 8.690028244488046, 7.873650061439103, 6.5733715473872305, 7.086121808859907, 2.4176163343260235, 2.5032203698436137, 3.0617468428986743, 0.0, 1.7697109622760434, 1.773465336565674, 4.8150631293888555], [10.24160218764623, 9.171870226949355, 8.986788848637762, 8.209563331870948, 6.726430789058934, 6.218283683622032, 7.275932442649533, 4.925115057539265, 4.01078497678447, 2.6954058136021, 2.1678155594976243, 1.0951889791264333, 4.628393902856584, 5.975490808293491, 6.715525552032394, 11.16303211318502, 10.539371046224721, 10.010878740650092, 8.2793410202745, 9.63054553075785, 8.695160912829618, 10.011847158741489, 8.768860362099515, 8.468702473224573, 8.272395714664524, 7.23347810738375, 7.365974932077898, 2.8401277735341415, 3.0686285193877736, 2.4995852295931016, 1.7697109622760434, 0.0, 1.7745154747141543, 4.307570455604876], [10.096106955653749, 9.23985886201732, 9.188418396002655, 8.688266668904678, 7.233040691852908, 6.8283374814079005, 7.935043149221055, 5.593033500704246, 4.604342352605853, 3.382260908031786, 2.159802886839445, 1.0943386541651539, 5.047079469356511, 6.384211109448057, 7.0302230839426425, 11.080205803594083, 10.317187711774949, 9.72558891430231, 8.279766331243895, 9.825859158872571, 8.75829711131108, 10.245728012200987, 9.358765156792854, 9.030202461185464, 8.8599145644865, 7.762794013755614, 8.241979710603516, 3.6047614817072158, 2.4894551813599697, 2.4685329995768743, 1.773465336565674, 1.7745154747141543, 0.0, 4.62609248