{"total energy": -46.66734819, "HOMO-LUMO gap/eV": 3.21744306, "electronic energy": -47.21852057, "dipole": [-0.33854746, 1.88108202, 0.21430585], "partial charges": [-0.11303153, 0.01584633, -0.19656302, 0.25977225, -0.33070863, 0.28151614, -0.12824779, -0.32215239, 0.25312443, -0.34789234, -0.08310611, 0.00299023, -0.11031168, 0.00148372, -0.10888279, 0.04247864, 0.04690044, 0.0522927, 0.06665205, 0.02944136, 0.18817401, 0.04896836, 0.05959469, 0.04476476, 0.05102896, 0.04345152, 0.06795626, 0.04807231, 0.05095697, 0.03918448, 0.04624566], "atomic dipole moments": [[-0.1190263, -0.04578954, 0.02668391], [0.04865042, -0.15109709, -0.07109206], [-0.04488945, 0.03160481, 0.16228355], [0.02915707, -0.01311015, -0.00068545], [-0.2287885, 0.15667712, 0.0100419], [0.00432553, -0.12089797, 0.00832597], [0.00735698, 0.20141309, -0.02520526], [0.2328947, 0.15494655, -0.04373152], [-0.00517673, -0.01987119, 0.00224515], [-0.01350389, -0.29742234, 0.02119187], [-0.03213709, 0.01360325, -0.04166534], [0.0296137, -0.13662448, 0.10555791], [-0.03081136, -0.06697891, -0.10637178], [0.13462199, 0.05440938, -0.10457082], [0.04372379, 0.0392933, 0.11178598], [0.0901626, -0.07388442, 0.0491979], [0.01386867, 0.11579371, 0.05087945], [0.02527418, 0.00900856, -0.12581579], [-0.08177468, 0.08956743, -0.04804506], [-0.01625248, -0.00681697, 0.12071183], [0.07432657, -0.09785895, 0.04664205], [-0.10767585, 0.04445737, -0.03920475], [0.07570066, 0.0376589, -0.09903569], [-0.00333724, 0.12328587, -0.02268377], [0.11885307, -0.02638849, 0.04664253], [-0.08079027, -0.02253145, 0.09532038], [-0.00195925, -0.10226752, 0.08294379], [-0.08653504, 0.06866566, 0.05206482], [0.07795978, -0.08503737, -0.06195856], [-0.01575989, 0.09633033, -0.0800916], [-0.11232136, -0.05634156, 0.01201659]], "atomic quadrupole moments": [[0.20179979, 0.13422987, -0.06725823, -0.06139149, -0.01695632, -0.13454156], [0.03313813, 0.17774344, 0.1858611, -0.04136529, 0.16502312, -0.21899923], [-0.00912459, 0.08545541, 0.05289325, -0.01567437, 0.0671867, -0.04376867], [-0.19273629, 0.13391016, -0.2239249, 0.09407698, 0.06288326, 0.41666119], [-0.13158512, 0.04079529, -0.04995769, 0.03928048, 0.0209676, 0.18154282], [-0.48106358, 0.0307004, 0.13964854, 0.12058308, 0.01406726, 0.34141504], [-0.2447058, 0.00949475, 0.43459138, 0.0068019, -0.05577516, -0.18988558], [-0.13124321, -0.01204586, -0.05596608, 0.04951889, 0.02253624, 0.1872093], [-0.21247107, -0.03912446, -0.20218534, 0.09396752, 0.04893654, 0.41465641], [-0.06497061, 0.00740453, -0.11062684, 0.03470495, 0.0188793, 0.17559745], [-0.0037078, 0.04692644, 0.04289685, 0.00569174, -0.00221936, -0.03918905], [-0.19955381, 0.0195728, 0.26155442, 0.06727625, 0.05141928, -0.06200061], [-0.1271093, 0.04831898, -0.00055858, 0.07140209, 0.16150131, 0.12766788], [0.15639, 0.18638073, -0.12395221, 0.04455491, 0.06243951, -0.03243779], [-0.06965251, 0.05636135, -0.09962403, 0.12026078, 0.09321336, 0.16927654], [0.01205966, -0.04632419, 0.00890098, 0.02663605, -0.04409279, -0.02096065], [-0.03290845, 0.00826619, 0.06035959, -0.00277449, 0.05183565, -0.02745114], [-0.02747532, 0.00287967, -0.0508887, -0.00689459, -0.00473365, 0.07836403], [0.01534031, -0.01682171, -0.00245558, 0.02932827, -0.01973855, -0.01288473], [-0.03284182, 0.02049308, -0.00267607, -0.0078915, -0.00833872, 0.03551788], [0.06193416, -0.02077759, -0.00024226, 0.01346425, 0.01181398, -0.0616919], [0.05202443, -0.00584679, -0.01438408, 0.02129545, 0.00787272, -0.03764035], [0.01236053, 0.00870204, -0.00866716, -0.0402001, 0.01211223, -0.00369338], [-0.05260497, -0.00410453, 0.08034503, 0.00757486, -0.02910432, -0.02774006], [0.05837907, -0.03708567, -0.03353769, 0.02496005, -0.00130615, -0.02484137], [0.02116616, 0.03091869, -0.03930895, -0.05250388, -0.01681189, 0.01814279], [-0.01505245, -0.01124211, 0.02734089, 0.02623222, -0.02587014, -0.01228843], [0.00658317, -0.03175813, 0.0209428, -0.00896616, 0.03084493, -0.02752597], [0.01582452, -0.05666526, 0.00151792, -0.02145744, 0.02456984, -0.01734245], [-0.05221711, -0.00675457, 0.05257663, 0.00713407, -0.04925258, -0.00035952], [0.0562168, 0.05484775, -0.02648349, -0.01871807, -0.00628905, -0.0297333]], "number of molecular orbitals": 81, "number of electrons": 84, "number of unpaired electrons": 0, "orbital energies/eV": [-28.62470586, -18.88979889, -18.29337926, -18.06894365, -17.8135557, -17.67508324, -17.47749354, -17.16081772, -17.11758874, -16.51310979, -16.35832632, -16.21380134, -15.83952576, -15.7526111, -15.39390135, -15.12383964, -15.10187733, -14.74846608, -14.55668731, -14.36173632, -14.15073049, -13.88465199, -13.74212008, -13.64442394, -13.49148076, -13.30512841, -13.19135807, -12.92757396, -12.8475591, -12.79738433, -12.67110219, -12.59460817, -12.40776195, -12.27920771, -12.17393121, -12.10462874, -11.45567426, -11.38327088, -10.79606018, -10.52009112, -10.43559299, -10.18836568, -6.97092262, -6.42942201, -3.62813646, -3.36684398, -0.7162351, 0.40366667, 0.59274514, 0.59481832, 0.88524598, 0.99982679, 2.10941166, 2.35289946, 2.5935041, 3.15617807, 3.23002799, 3.38275703, 3.55077751, 3.82856183, 4.08879405, 4.24338966, 4.32798819, 4.49786554, 4.79348067, 4.88878018, 5.11713709, 5.46638512, 5.79767164, 6.19451398, 6.44912989, 6.5448503, 6.75125309, 7.02295955, 7.21720291, 7.45325771, 8.62416686, 11.71759407, 12.26326553, 12.6223809, 17.38025609], "fractional occupation": [2.0, 2.0, 2.0, 2.0, 2.0, 2.0, 2.0, 2.0, 2.0, 2.0, 2.0, 2.0, 2.0, 2.0, 2.0, 2.0, 2.0, 2.0, 2.0, 2.0, 2.0, 2.0, 2.0, 2.0, 2.0, 2.0, 2.0, 2.0, 2.0, 2.0, 2.0, 2.0, 2.0, 2.0, 2.0, 2.0, 2.0, 2.0, 2.0, 2.0, 2.0, 2.0, 0.0, 0.0, 0.0, 0.0, 0.0, 0.0, 0.0, 0.0, 0.0, 0.0, 0.0, 0.0, 0.0, 0.0, 0.0, 0.0, 0.0, 0.0, 0.0, 0.0, 0.0, 0.0, 0.0, 0.0, 0.0, 0.0, 0.0, 0.0, 0.0, 0.0, 0.0, 0.0, 0.0, 0.0, 0.0, 0.0, 0.0, 0.0, 0.0], "program call": "xtb /home/svss/Project-DBcg-Debug/aqme2_20220329/End-to-End-workflows-final/example-3/QDESCP/mol_67_rdkit_conf_1/mol_67_rdkit_conf_1.xyz --pop --wbo --acc 0.2 --gfn 2 --chrg 0 --uhf 0 --etemp 300 --input /home/svss/Project-DBcg-Debug/aqme2_20220329/End-to-End-workflows-final/example-3/QDESCP/mol_67_rdkit_conf_1/mol_67_rdkit_conf_1_xtb.inp", "method": "GFN2-xTB", "xtb version": "6.3.3 (7355c4f)", "Dipole module/D": 4.889, "Total charge": 0, "Transition dipole module/D": NaN, "HOMO": -10.1884, "LUMO": -6.9709, "HOMO occupancy": 2.0, "LUMO occupancy": 0, "mulliken charges": [-0.09539, 0.10433, -0.35836, 0.44296, -0.42464, 0.41683, -0.1042, -0.4239, 0.43963, -0.44475, -0.27158, 0.10091, -0.093, 0.1005, -0.09531, 0.03066, 0.03188, 0.03706, 0.03206, 0.02229, 0.21898, 0.02549, 0.03726, 0.02953, 0.03871, 0.03149, 0.04063, 0.02467, 0.04311, 0.02991, 0.03222], "cm5 charges": [-0.23988, 0.05564, -0.69902, 0.66051, -0.60078, 0.57677, -0.08919, -0.6006, 0.66103, -0.6206, -0.52108, 0.05396, -0.23643, 0.05358, -0.23904, 0.08403, 0.08308, 0.09048, 0.09951, 0.08794, 0.42006, 0.09036, 0.10534, 0.08081, 0.09448, 0.08518, 0.1087, 0.08937, 0.09865, 0.08365, 0.08349], "FUKUI+": [0.012, 0.016, -0.055, -0.034, -0.093, -0.072, -0.185, -0.104, -0.022, -0.116, -0.06, 0.019, 0.011, 0.019, 0.011, -0.017, -0.028, -0.018, -0.02, -0.023, -0.04, -0.037, -0.016, -0.029, 0.0, -0.019, -0.015, -0.037, 0.001, -0.019, -0.03], "FUKUI-": [0.015, 0.015, -0.068, 0.003, -0.079, 0.005, -0.131, -0.094, 0.003, -0.097, -0.087, 0.016, 0.007, 0.015, 0.007, -0.031, -0.032, -0.03, -0.035, -0.052, -0.042, -0.041, -0.032, -0.037, -0.01, -0.026, -0.033, -0.045, -0.016, -0.026, -0.04], "FUKUIrad": [0.013, 0.016, -0.062, -0.016, -0.086, -0.033, -0.158, -0.099, -0.009, -0.107, -0.074, 0.018, 0.009, 0.017, 0.009, -0.024, -0.03, -0.024, -0.028, -0.038, -0.041, -0.039, -0.024, -0.033, -0.005, -0.022, -0.024, -0.041, -0.008, -0.023, -0.035], "s proportion": [1.012, 1.001, 1.456, 0.977, 1.537, 1.007, 1.941, 1.533, 0.97, 1.525, 1.437, 1.001, 1.011, 1.002, 1.012, 0.969, 0.968, 0.963, 0.968, 0.978, 0.781, 0.975, 0.963, 0.97, 0.961, 0.969, 0.959, 0.975, 0.957, 0.97, 0.968], "p proportion": [3.084, 2.895, 3.903, 2.58, 3.888, 2.576, 5.175, 3.891, 2.59, 3.92, 3.834, 2.898, 3.082, 2.897, 3.083, 0.0, 0.0, 0.0, 0.0, 0.0, 0.0, 0.0, 0.0, 0.0, 0.0, 0.0, 0.0, 0.0, 0.0, 0.0, 0.0], "d proportion": [0.0, 0.0, 0.0, 0.0, 0.0, 0.0, -0.012, 0.0, 0.0, 0.0, 0.0, 0.0, 0.0, 0.0, 0.0, 0.0, 0.0, 0.0, 0.0, 0.0, 0.0, 0.0, 0.0, 0.0, 0.0, 0.0, 0.0, 0.0, 0.0, 0.0, 0.0], "Fermi-level/eV": -8.5796, "Coordination numbers": [3.751, 3.748, 2.698, 2.957, 1.913, 2.971, 1.031, 1.908, 2.929, 1.845, 2.743, 3.741, 3.75, 3.74, 3.749, 0.924, 0.924, 0.924, 0.924, 0.924, 0.86, 0.924, 0.924, 0.924, 0.924, 0.924, 0.924, 0.924, 0.924, 0.924, 0.924], "Dispersion coefficient C6": [22.724, 20.372, 25.267, 22.639, 29.427, 22.246, 103.172, 29.201, 22.761, 29.894, 22.858, 20.605, 22.673, 20.632, 22.646, 2.416, 2.359, 2.292, 2.123, 2.595, 1.168, 2.333, 2.204, 2.386, 2.307, 2.404, 2.108, 2.344, 2.308, 2.46, 2.367], "Total dispersion C6": 10452.337389, "Total dispersion C8": 247547.403363, "Polarizability alpha": [6.798, 6.438, 7.466, 7.804, 8.043, 7.737, 15.54, 8.012, 7.824, 8.103, 7.101, 6.476, 6.791, 6.481, 6.787, 2.431, 2.402, 2.367, 2.279, 2.519, 1.693, 2.389, 2.322, 2.416, 2.375, 2.424, 2.271, 2.394, 2.376, 2.453, 2.406], "Total polarizability alpha": 154.916351, "Wiberg matrix": [[0.0, 1.019317241339053, 0.0, 0.0, 0.0, 0.0, 0.0, 0.0, 0.0, 0.0, 0.0, 0.0, 0.0, 0.0, 0.0, 0.9861233402868946, 0.9849432951625015, 0.986208089807294, 0.0, 0.0, 0.0, 0.0, 0.0, 0.0, 0.0, 0.0, 0.0, 0.0, 0.0, 0.0, 0.0], [1.019317241339053, 0.0, 0.9870951115484425, 0.0, 0.0, 0.0, 0.0, 0.0, 0.0, 0.0, 0.0, 0.0, 0.0, 0.0, 0.0, 0.0, 0.0, 0.0, 0.9698931356430656, 0.969725030356956, 0.0, 0.0, 0.0, 0.0, 0.0, 0.0, 0.0, 0.0, 0.0, 0.0, 0.0], [0.0, 0.9870951115484425, 0.0, 1.1826318734576575, 0.0, 0.0, 0.0, 0.0, 0.0, 0.0, 0.0, 0.0, 0.0, 0.0, 0.0, 0.0, 0.0, 0.0, 0.0, 0.0, 0.9310275756708339, 0.0, 0.0, 0.0, 0.0, 0.0, 0.0, 0.0, 0.0, 0.0, 0.0], [0.0, 0.0, 1.1826318734576575, 0.0, 1.2955204244355372, 0.0, 0.0, 0.0, 0.0, 1.3534309469743337, 0.0, 0.0, 0.0, 0.0, 0.0, 0.0, 0.0, 0.0, 0.0, 0.0, 0.0, 0.0, 0.0, 0.0, 0.0, 0.0, 0.0, 0.0, 0.0, 0.0, 0.0], [0.0, 0.0, 0.0, 1.2955204244355372, 0.0, 1.3935889329023836, 0.0, 0.0, 0.0, 0.0, 0.0, 0.0, 0.0, 0.0, 0.0, 0.0, 0.0, 0.0, 0.0, 0.0, 0.0, 0.0, 0.0, 0.0, 0.0, 0.0, 0.0, 0.0, 0.0, 0.0, 0.0], [0.0, 0.0, 0.0, 0.0, 1.3935889329023836, 0.0, 0.9980910720682832, 1.4135935439986533, 0.0, 0.0, 0.0, 0.0, 0.0, 0.0, 0.0, 0.0, 0.0, 0.0, 0.0, 0.0, 0.0, 0.0, 0.0, 0.0, 0.0, 0.0, 0.0, 0.0, 0.0, 0.0, 0.0], [0.0, 0.0, 0.0, 0.0, 0.0, 0.9980910720682832, 0.0, 0.0, 0.0, 0.0, 0.0, 0.0, 0.0, 0.0, 0.0, 0.0, 0.0, 0.0, 0.0, 0.0, 0.0, 0.0, 0.0, 0.0, 0.0, 0.0, 0.0, 0.0, 0.0, 0.0, 0.0], [0.0, 0.0, 0.0, 0.0, 0.0, 1.4135935439986533, 0.0, 0.0, 1.2754500160573063, 0.0, 0.0, 0.0, 0.0, 0.0, 0.0, 0.0, 0.0, 0.0, 0.0, 0.0, 0.0, 0.0, 0.0, 0.0, 0.0, 0.0, 0.0, 0.0, 0.0, 0.0, 0.0], [0.0, 0.0, 0.0, 0.0, 0.0, 0.0, 0.0, 1.2754500160573063, 0.0, 1.3068587024850171, 1.238287066553749, 0.0, 0.0, 0.0, 0.0, 0.0, 0.0, 0.0, 0.0, 0.0, 0.0, 0.0, 0.0, 0.0, 0.0, 0.0, 0.0, 0.0, 0.0, 0.0, 0.0], [0.0, 0.0, 0.0, 1.3534309469743337, 0.0, 0.0, 0.0, 0.0, 1.3068587024850171, 0.0, 0.0, 0.0, 0.0, 0.0, 0.0, 0.0, 0.0, 0.0, 0.0, 0.0, 0.0, 0.0, 0.0, 0.0, 0.0, 0.0, 0.0, 0.0, 0.0, 0.0, 0.0], [0.0, 0.0, 0.0, 0.0, 0.0, 0.0, 0.0, 0.0, 1.238287066553749, 0.0, 0.0, 0.9859144042089023, 0.0, 0.9862389900319094, 0.0, 0.0, 0.0, 0.0, 0.0, 0.0, 0.0, 0.0, 0.0, 0.0, 0.0, 0.0, 0.0, 0.0, 0.0, 0.0, 0.0], [0.0, 0.0, 0.0, 0.0, 0.0, 0.0, 0.0, 0.0, 0.0, 0.0, 0.9859144042089023, 0.0, 1.0104616885691995, 0.0, 0.0, 0.0, 0.0, 0.0, 0.0, 0.0, 0.0, 0.9712135628118268, 0.9675390481865558, 0.0, 0.0, 0.0, 0.0, 0.0, 0.0, 0.0, 0.0], [0.0, 0.0, 0.0, 0.0, 0.0, 0.0, 0.0, 0.0, 0.0, 0.0, 0.0, 1.0104616885691995, 0.0, 0.0, 0.0, 0.0, 0.0, 0.0, 0.0, 0.0, 0.0, 0.0, 0.0, 0.9843945290599797, 0.9855697531728562, 0.986586883223335, 0.0, 0.0, 0.0, 0.0, 0.0], [0.0, 0.0, 0.0, 0.0, 0.0, 0.0, 0.0, 0.0, 0.0, 0.0, 0.9862389900319094, 0.0, 0.0, 0.0, 1.009262298338795, 0.0, 0.0, 0.0, 0.0, 0.0, 0.0, 0.0, 0.0, 0.0, 0.0, 0.0, 0.9678107939193736, 0.9714379085023233, 0.0, 0.0, 0.0], [0.0, 0.0, 0.0, 0.0, 0.0, 0.0, 0.0, 0.0, 0.0, 0.0, 0.0, 0.0, 0.0, 1.009262298338795, 0.0, 0.0, 0.0, 0.0, 0.0, 0.0, 0.0, 0.0, 0.0, 0.0, 0.0, 0.0, 0.0, 0.0, 0.9856360659737992, 0.9862052542000435, 0.9839565444739073], [0.9861233402868946, 0.0, 0.0, 0.0, 0.0, 0.0, 0.0, 0.0, 0.0, 0.0, 0.0, 0.0, 0.0, 0.0, 0.0, 0.0, 0.0, 0.0, 0.0, 0.0, 0.0, 0.0, 0.0, 0.0, 0.0, 0.0, 0.0, 0.0, 0.0, 0.0, 0.0], [0.9849432951625015, 0.0, 0.0, 0.0, 0.0, 0.0, 0.0, 0.0, 0.0, 0.0, 0.0, 0.0, 0.0, 0.0, 0.0, 0.0, 0.0, 0.0, 0.0, 0.0, 0.0, 0.0, 0.0, 0.0, 0.0, 0.0, 0.0, 0.0, 0.0, 0.0, 0.0], [0.986208089807294, 0.0, 0.0, 0.0, 0.0, 0.0, 0.0, 0.0, 0.0, 0.0, 0.0, 0.0, 0.0, 0.0, 0.0, 0.0, 0.0, 0.0, 0.0, 0.0, 0.0, 0.0, 0.0, 0.0, 0.0, 0.0, 0.0, 0.0, 0.0, 0.0, 0.0], [0.0, 0.9698931356430656, 0.0, 0.0, 0.0, 0.0, 0.0, 0.0, 0.0, 0.0, 0.0, 0.0, 0.0, 0.0, 0.0, 0.0, 0.0, 0.0, 0.0, 0.0, 0.0, 0.0, 0.0, 0.0, 0.0, 0.0, 0.0, 0.0, 0.0, 0.0, 0.0], [0.0, 0.969725030356956, 0.0, 0.0, 0.0, 0.0, 0.0, 0.0, 0.0, 0.0, 0.0, 0.0, 0.0, 0.0, 0.0, 0.0, 0.0, 0.0, 0.0, 0.0, 0.0, 0.0, 0.0, 0.0, 0.0, 0.0, 0.0, 0.0, 0.0, 0.0, 0.0], [0.0, 0.0, 0.9310275756708339, 0.0, 0.0, 0.0, 0.0, 0.0, 0.0, 0.0, 0.0, 0.0, 0.0, 0.0, 0.0, 0.0, 0.0, 0.0, 0.0, 0.0, 0.0, 0.0, 0.0, 0.0, 0.0, 0.0, 0.0, 0.0, 0.0, 0.0, 0.0], [0.0, 0.0, 0.0, 0.0, 0.0, 0.0, 0.0, 0.0, 0.0, 0.0, 0.0, 0.9712135628118268, 0.0, 0.0, 0.0, 0.0, 0.0, 0.0, 0.0, 0.0, 0.0, 0.0, 0.0, 0.0, 0.0, 0.0, 0.0, 0.0, 0.0, 0.0, 0.0], [0.0, 0.0, 0.0, 0.0, 0.0, 0.0, 0.0, 0.0, 0.0, 0.0, 0.0, 0.9675390481865558, 0.0, 0.0, 0.0, 0.0, 0.0, 0.0, 0.0, 0.0, 0.0, 0.0, 0.0, 0.0, 0.0, 0.0, 0.0, 0.0, 0.0, 0.0, 0.0], [0.0, 0.0, 0.0, 0.0, 0.0, 0.0, 0.0, 0.0, 0.0, 0.0, 0.0, 0.0, 0.9843945290599797, 0.0, 0.0, 0.0, 0.0, 0.0, 0.0, 0.0, 0.0, 0.0, 0.0, 0.0, 0.0, 0.0, 0.0, 0.0, 0.0, 0.0, 0.0], [0.0, 0.0, 0.0, 0.0, 0.0, 0.0, 0.0, 0.0, 0.0, 0.0, 0.0, 0.0, 0.9855697531728562, 0.0, 0.0, 0.0, 0.0, 0.0, 0.0, 0.0, 0.0, 0.0, 0.0, 0.0, 0.0, 0.0, 0.0, 0.0, 0.0, 0.0, 0.0], [0.0, 0.0, 0.0, 0.0, 0.0, 0.0, 0.0, 0.0, 0.0, 0.0, 0.0, 0.0, 0.986586883223335, 0.0, 0.0, 0.0, 0.0, 0.0, 0.0, 0.0, 0.0, 0.0, 0.0, 0.0, 0.0, 0.0, 0.0, 0.0, 0.0, 0.0, 0.0], [0.0, 0.0, 0.0, 0.0, 0.0, 0.0, 0.0, 0.0, 0.0, 0.0, 0.0, 0.0, 0.0, 0.9678107939193736, 0.0, 0.0, 0.0, 0.0, 0.0, 0.0, 0.0, 0.0, 0.0, 0.0, 0.0, 0.0, 0.0, 0.0, 0.0, 0.0, 0.0], [0.0, 0.0, 0.0, 0.0, 0.0, 0.0, 0.0, 0.0, 0.0, 0.0, 0.0, 0.0, 0.0, 0.9714379085023233, 0.0, 0.0, 0.0, 0.0, 0.0, 0.0, 0.0, 0.0, 0.0, 0.0, 0.0, 0.0, 0.0, 0.0, 0.0, 0.0, 0.0], [0.0, 0.0, 0.0, 0.0, 0.0, 0.0, 0.0, 0.0, 0.0, 0.0, 0.0, 0.0, 0.0, 0.0, 0.9856360659737992, 0.0, 0.0, 0.0, 0.0, 0.0, 0.0, 0.0, 0.0, 0.0, 0.0, 0.0, 0.0, 0.0, 0.0, 0.0, 0.0], [0.0, 0.0, 0.0, 0.0, 0.0, 0.0, 0.0, 0.0, 0.0, 0.0, 0.0, 0.0, 0.0, 0.0, 0.9862052542000435, 0.0, 0.0, 0.0, 0.0, 0.0, 0.0, 0.0, 0.0, 0.0, 0.0, 0.0, 0.0, 0.0, 0.0, 0.0, 0.0], [0.0, 0.0, 0.0, 0.0, 0.0, 0.0, 0.0, 0.0, 0.0, 0.0, 0.0, 0.0, 0.0, 0.0, 0.9839565444739073, 0.0, 0.0, 0.0, 0.0, 0.0, 0.0, 0.0, 0.0, 0.0, 0.0, 0.0, 0.0, 0.0, 0.0, 0.0, 0.0]], "Born radii": [], "Atomic SASAs": [], "Solvent H bonds": [], "Total SASA": NaN, "Total FOD": 0.0, "FOD": [0.0, 0.0, 0.0, 0.0, 0.0, 0.0, 0.0, 0.0, 0.0, 0.0, 0.0, 0.0, 0.0, 0.0, 0.0, 0.0, 0.0, 0.0, 0.0, 0.0, 0.0, 0.0, 0.0, 0.0, 0.0, 0.0, 0.0, 0.0, 0.0, 0.0, 0.0], "FOD s proportion": [0.0, 0.0, 0.0, 0.0, 0.0, 0.0, 0.0, 0.0, 0.0, 0.0, 0.0, 0.0, 0.0, 0.0, 0.0, 0.0, 0.0, 0.0, 0.0, 0.0, 0.0, 0.0, 0.0, 0.0, 0.0, 0.0, 0.0, 0.0, 0.0, 0.0, 0.0], "FOD p proportion": [0.0, 0.0, 0.0, 0.0, 0.0, 0.0, 0.0, 0.0, 0.0, 0.0, 0.0, 0.0, 0.0, 0.0, 0.0, 0.0, 0.0, 0.0, 0.0, 0.0, 0.0, 0.0, 0.0, 0.0, 0.0, 0.0, 0.0, 0.0, 0.0, 0.0, 0.0], "FOD d proportion": [0.0, 0.0, 0.0, 0.0, 0.0, 0.0, 0.0, 0.0, 0.0, 0.0, 0.0, 0.0, 0.0, 0.0, 0.0, 0.0, 0.0, 0.0, 0.0, 0.0, 0.0, 0.0, 0.0, 0.0, 0.0, 0.0, 0.0, 0.0, 0.0, 0.0, 0.0], "coordinates": [["4.41420", "1.53630", "-0.38510"], ["3.01610", "0.99980", "-0.12070"], ["2.88470", "-0.31580", "-0.72030"], ["1.66690", "-0.94480", "-0.48840"], ["1.71600", "-2.25630", "-0.38160"], ["0.52900", "-2.80130", "-0.17550"], ["0.50700", "-4.50490", "-0.02370"], ["-0.64290", "-2.19820", "-0.05930"], ["-0.59130", "-0.88170", "-0.17920"], ["0.55130", "-0.22970", "-0.38920"], ["-1.76020", "-0.15510", "-0.06510"], ["-1.74810", "1.27490", "-0.34350"], ["-1.40250", "2.06220", "0.91200"], ["-3.03630", "-0.84660", "0.05990"], ["-3.56740", "-1.28190", "-1.29850"], ["5.17600", "0.88000", "0.04910"], ["4.52990", "2.53200", "0.05390"], ["4.60930", "1.61020", "-1.46030"], ["2.28780", "1.69840", "-0.54950"], ["2.85050", "0.94960", "0.96240"], ["3.60750", "-0.98410", "-0.47310"], ["-2.73770", "1.59720", "-0.69060"], ["-1.05660", "1.52770", "-1.15670"], ["-1.43310", "3.13660", "0.70570"], ["-0.40080", "1.81620", "1.27840"], ["-2.11440", "1.84870", "1.71640"], ["-2.96260", "-1.71020", "0.73210"], ["-3.76850", "-0.17620", "0.52720"], ["-2.89010", "-1.98970", "-1.78670"], ["-3.69270", "-0.42420", "-1.96750"], ["-4.54090", "-1.76900", "-1.18480"]], "bond_dist": [[0.0, 1.5206653872565132, 2.4252842513816812, 3.7032668537387368, 4.654472069955948, 5.826961897936179, 7.2036740098369245, 6.294989777592971, 5.562746539255587, 4.24744266824168, 6.409871240516459, 6.167981988462677, 5.982728316579318, 7.834933800613761, 8.513664860681327, 1.0952618727957255, 1.0943153019125702, 1.0952535140322535, 2.1388970826105687, 2.145956856509469, 2.6478151464934254, 7.158680930869876, 5.524951869473616, 6.159685220853417, 5.1019409306655055, 6.865603685765732, 8.136650190956965, 8.409609196032834, 8.231036207550055, 8.48936850537188, 9.579057583603932], [1.5206653872565132, 0.0, 1.4517539323177329, 2.3952062729543773, 3.5157525552859945, 4.54279987012415, 6.050348246175586, 4.859964501927972, 4.06900470139812, 2.767490115610171, 4.914257528864355, 4.777334140501374, 4.660385071000035, 6.330351892272657, 7.066529557003211, 2.169873749783614, 2.1609517440239148, 2.1691939885588845, 1.0965091381288163, 1.0968359084202157, 2.0999521256447733, 5.8127349165431585, 4.235429104589049, 5.004421229273171, 3.7814276907009603, 5.515215124544101, 6.619382261963725, 6.916180128510245, 6.826116369503233, 7.102565992653641, 8.118301007600051], [2.4252842513816812, 1.4517539323177329, 0.0, 1.3901278538321573, 2.290440488203088, 3.467540883681114, 4.866956714416104, 4.052692009023138, 3.5630896733032134, 2.3583460263498233, 4.693634789797774, 4.912752850490242, 5.16714342069194, 5.995723616045022, 6.549599900757298, 2.696658986598046, 3.3787621283541105, 2.689111593073073, 2.1077153247058766, 2.105679484157074, 1.0149741720851815, 5.93900941656098, 4.372960427445005, 5.709285296777522, 4.3971281468704095, 5.967710444550741, 6.18423272605422, 6.7705845131716655, 6.1063463060982714, 6.6954797557755334, 7.580704838601751], [3.7032668537387368, 2.3952062729543773, 1.3901278538321573, 0.0, 1.3167571150367863, 2.199844328583275, 3.7730128690477587, 2.6627644300613604, 2.2801433047069652, 1.3288235435903446, 3.542290698121768, 4.075572242029333, 4.519334632443143, 4.73607077333099, 5.307334068060913, 3.991564116984719, 4.536407888406861, 4.016258503881442, 2.715834357982828, 2.663546688158479, 1.941058201085171, 5.08951372922797, 3.7386272066093995, 5.262480476923407, 3.8755756385342295, 5.192592317908272, 4.848476839173309, 5.582630426599991, 4.8521797060702525, 5.584270169861054, 6.300877672197739], [4.654472069955948, 3.5157525552859945, 2.290440488203088, 1.3167571150367863, 0.0, 1.3222977009735741, 2.5779789312560335, 2.381525164679139, 2.6933481412546727, 2.3374540444680405, 4.074209141661728, 4.946798344383971, 5.481595156521503, 4.976598399509449, 5.450181330010957, 4.689720693175661, 5.5709523736969775, 4.94819167272247, 3.9993496646329887, 3.6566680270431986, 2.281367427662629, 5.89748988468823, 4.754655273518786, 6.338960680584791, 4.880747738820354, 5.993712802595733, 4.840232521274159, 5.935694879287512, 4.823021747825734, 5.926694264933867, 6.327036363100816], [5.826961897936179, 4.54279987012415, 3.467540883681114, 2.199844328583275, 1.3222977009735741, 0.0, 1.7104912159961536, 1.323095484082687, 2.222599815531352, 2.58056031512538, 3.5007141042935794, 4.672131724384491, 5.344808766457412, 4.072791345011429, 4.511119408749895, 5.932707969384638, 6.671125396812744, 6.144989127736517, 4.845673692068008, 4.555593207256328, 3.5871916383154105, 5.503040900265962, 4.713504195394335, 6.315457723712511, 4.929468480475355, 5.673565824946424, 3.7690194387930664, 5.084628162412666, 3.865864044427843, 5.165715758730827, 5.271452910725847], [7.2036740098369245, 6.050348246175586, 4.866956714416104, 3.7730128690477587, 2.5779789312560335, 1.7104912159961536, 0.0, 2.5776738079128636, 3.789197986381815, 4.291024094548993, 4.905371529252397, 6.212393748789593, 6.902791257889811, 5.093635513069226, 5.349166234096674, 7.127552795314813, 8.106029100613936, 7.502475115586855, 6.4752332135607285, 6.017969400885984, 4.712864654326496, 6.943231100143506, 6.33409794051213, 7.917609147968849, 6.517351491211748, 7.089987230594989, 4.51881686838491, 6.109094429618845, 4.579813145751691, 6.169923096765469, 5.857866201100875], [6.294989777592971, 4.859964501927972, 4.052692009023138, 2.6627644300613604, 2.381525164679139, 1.323095484082687, 2.5776738079128636, 0.0, 1.3229553356028314, 2.3259277503826294, 2.3286585279941754, 3.6557708202238275, 4.435247908516501, 2.7512533071311336, 3.305740851912019, 6.583818269818814, 7.010382737055089, 6.637191906220582, 4.9002846947907015, 4.812105494479521, 4.439726276472458, 4.380843285259129, 3.9061189510817513, 5.4469929392280285, 4.238332344212757, 4.65787745115734, 2.499093045486702, 3.768533084636514, 2.8420575029369126, 4.01118227957793, 4.079873391417925], [5.562746539255587, 4.06900470139812, 3.5630896733032134, 2.2801433047069652, 2.6933481412546727, 2.222599815531352, 3.789197986381815, 1.3229553356028314, 0.0, 1.3321932142148152, 1.3810480006140262, 2.4527748143684125, 3.242731886850962, 2.456913881274637, 3.204709618670621, 6.034687818769087, 6.159088629009978, 5.9073702423328776, 3.883716636161809, 4.062375843025851, 4.210318801468602, 3.318660592769318, 2.6414425414912968, 4.1998107266875735, 3.072385460843089, 3.6562572570868146, 2.6720672951855087, 3.330365002518493, 3.0159909963393456, 3.6091557323008385, 4.171075737744401], [4.24744266824168, 2.767490115610171, 2.3583460263498233, 1.3288235435903446, 2.3374540444680405, 2.58056031512538, 4.291024094548993, 2.3259277503826294, 1.3321932142148152, 0.0, 2.3353025970952888, 2.7482994760396835, 3.280740997091968, 3.6678508939159453, 4.347141706915016, 4.776127204126791, 4.8633920734401, 4.582559461698233, 2.599749593710902, 2.9161432903751487, 3.1490501758466793, 3.7743776400884954, 2.5025693636740622, 4.058155376522688, 2.805902881426939, 3.982367940057774, 3.974504642090634, 4.416256701098793, 4.110211698927441, 4.532151491289761, 5.378933415650356], [6.409871240516459, 4.914257528864355, 4.693634789797774, 3.542290698121768, 4.074209141661728, 3.5007141042935794, 4.905371529252397, 2.3286585279941754, 1.3810480006140262, 2.3353025970952888, 0.0, 1.4568984075768634, 2.449304593144756, 1.4567870331657955, 2.461082209110456, 7.013939270481318, 6.841054408495813, 6.755249616409449, 4.478438300345333, 4.851254768613992, 5.446641927830395, 2.1017401813735206, 2.125666803617162, 3.3965299851466058, 2.745721089258703, 2.70451739317757, 2.121233040002913, 2.09392774230631, 2.757958979027788, 2.7250865711019165, 3.4045108003940885], [6.167981988462677, 4.777334140501374, 4.912752850490242, 4.075572242029333, 4.946798344383971, 4.672131724384491, 6.212393748789593, 3.6557708202238275, 2.4527748143684125, 2.7482994760396835, 1.4568984075768634, 0.0, 1.5216967174834806, 2.5145482795126446, 3.2801072741604047, 6.946455324840144, 6.414944362190525, 6.463451329591645, 4.063284024037699, 4.79148378479986, 5.813976996858519, 1.097116156111102, 1.096984197698399, 2.160086232075007, 2.1768745002870515, 2.1694723183299662, 3.397461937976642, 2.6354934756132486, 3.7476130269813077, 3.0505386360444606, 4.21578518665266], [5.982728316579318, 4.660385071000035, 5.16714342069194, 4.519334632443143, 5.481595156521503, 5.344808766457412, 6.902791257889811, 4.435247908516501, 3.242731886850962, 3.280740997091968, 2.449304593144756, 1.5216967174834806, 0.0, 3.4433260504924594, 4.555887078275756, 6.7393512669989235, 6.012521718048093, 6.478722908876409, 3.9858056625982154, 4.3964107997319815, 6.024827441512328, 2.1371267627354253, 2.1644529909425154, 1.0944548460306622, 1.094608537331954, 1.095190951387017, 4.086230265171065, 3.279704498884007, 5.090562744923197, 4.440576679891926, 5.378124044683239], [7.834933800613761, 6.330351892272657, 5.995723616045022, 4.73607077333099, 4.976598399509449, 4.072791345011429, 5.093635513069226, 2.7512533071311336, 2.456913881274637, 3.6678508939159453, 1.4567870331657955, 2.5145482795126446, 3.4433260504924594, 0.0, 1.5221050752165568, 8.391849348623937, 8.286275182493036, 8.17325355290046, 5.932489710905531, 6.220551014982515, 6.666563859290632, 2.5738241295783983, 3.3221421011148813, 4.3420260386137715, 3.939683532975714, 3.295228967765366, 1.0968543613442945, 1.097233926744885, 2.1766909771485707, 2.1724717443502, 2.1596113099351926], [8.513664860681327, 7.066529557003211, 6.549599900757298, 5.307334068060913, 5.450181330010957, 4.511119408749895, 5.349166234096674, 3.305740851912019, 3.204709618670621, 4.347141706915016, 2.461082209110456, 3.2801072741604047, 4.555887078275756, 1.5221050752165568, 0.0, 9.106968811300499, 9.052131586538056, 8.674609186585872, 6.6126058501924945, 7.161054494276663, 7.228358043843706, 3.0573127595978793, 3.7706864149647874, 5.300490201858692, 5.125035880850007, 4.58273797745409, 2.16161057778685, 2.1438736413324366, 1.0945571570274437, 1.0949476608495952, 1.0944845133669088], [1.0952618727957255, 2.169873749783614, 2.696658986598046, 3.991564116984719, 4.689720693175661, 5.932707969384638, 7.127552795314813, 6.583818269818814, 6.034687818769087, 4.776127204126791, 7.013939270481318, 6.946455324840144, 6.7393512669989235, 8.391849348623937, 9.106968811300499, 0.0, 1.773858012919862, 1.7699235265965587, 3.0610128650497375, 2.4993821836605945, 2.491536453676727, 7.980487429975691, 6.38112620859359, 7.014525638273767, 5.786911712649503, 7.541100790998619, 8.56810568328846, 9.019324714190082, 8.755987034024207, 9.18811476256147, 10.14681505793813], [1.0943153019125702, 2.1609517440239148, 3.3787621283541105, 4.536407888406861, 5.5709523736969775, 6.671125396812744, 8.106029100613936, 7.010382737055089, 6.159088629009978, 4.8633920734401, 6.841054408495813, 6.414944362190525, 6.012521718048093, 8.286275182493036, 9.052131586538056, 1.773858012919862, 0.0, 1.7744918258476143, 2.4669805289057307, 2.479868216256662, 3.673079085726306, 7.365197964074014, 5.803718902565836, 6.028909801945953, 5.130650288218833, 6.883133561830687, 8.6367686277913, 8.741956456652023, 8.882003110222378, 8.968630171882438, 10.114958790326334], [1.0952535140322535, 2.1691939885588845, 2.689111593073073, 4.016258503881442, 4.94819167272247, 6.144989127736517, 7.502475115586855, 6.637191906220582, 5.9073702423328776, 4.582559461698233, 6.755249616409449, 6.463451329591645, 6.478722908876409, 8.17325355290046, 8.674609186585872, 1.7699235265965587, 1.7744918258476143, 0.0, 2.495335274066393, 3.065818828632899, 2.9510268670413695, 7.387219780810639, 5.674627919079805, 6.597882290553539, 5.713494176071242, 7.440191316760611, 8.553674270744708, 8.793686033171756, 8.325071611103414, 8.562665426139223, 9.758127531960216], [2.1388970826105687, 1.0965091381288163, 2.1077153247058766, 2.715834357982828, 3.9993496646329887, 4.845673692068008, 6.4752332135607285, 4.9002846947907015, 3.883716636161809, 2.599749593710902, 4.478438300345333, 4.063284024037699, 3.9858056625982154, 5.932489710905531, 6.6126058501924945, 3.0610128650497375, 2.4669805289057307, 2.495335274066393, 0.0, 1.7785315122313687, 2.990526926814069, 5.0284988714327055, 3.403357414377749, 4.181990326387663, 3.2532545565940576, 4.953408699067744, 6.389659825061112, 6.430565895782423, 6.476371967390384, 6.502502211456756, 7.6848950897198325], [2.145956856509469, 1.0968359084202157, 2.105679484157074, 2.663546688158479, 3.6566680270431986, 4.555593207256328, 6.017969400885984, 4.812105494479521, 4.062375843025851, 2.9161432903751487, 4.851254768613992, 4.79148378479986, 4.3964107997319815, 6.220551014982515, 7.161054494276663, 2.4993821836605945, 2.479868216256662, 3.065818828632899, 1.7785315122313687, 0.0, 2.52446131679612, 5.863426813732734, 4.48221093100269, 4.816439852214496, 3.37961584355382, 5.1016790196953785, 6.396851236350585, 6.728148755787137, 7.010814764348007, 7.299664834086562, 8.162968072949935], [2.6478151464934254, 2.0999521256447733, 1.0149741720851815, 1.941058201085171, 2.281367427662629, 3.5871916383154105, 4.712864654326496, 4.439726276472458, 4.210318801468602, 3.1490501758466793, 5.446641927830395, 5.813976996858519, 6.024827441512328, 6.666563859290632, 7.228358043843706, 2.491536453676727, 3.673079085726306, 2.9510268670413695, 2.990526926814069, 2.52446131679612, 0.0, 6.853610652787332, 5.341374075085922, 6.616448162722957, 5.1938329998181505, 6.7497263426008605, 6.71907302088614, 7.487234369244761, 6.7048923988383295, 7.4725925494436005, 8.21699503833366], [7.158680930869876, 5.8127349165431585, 5.93900941656098, 5.08951372922797, 5.89748988468823, 5.503040900265962, 6.943231100143506, 4.380843285259129, 3.318660592769318, 3.7743776400884954, 2.1017401813735206, 1.097116156111102, 2.1371267627354253, 2.5738241295783983, 3.0573127595978793, 7.980487429975691, 7.365197964074014, 7.387219780810639, 5.0284988714327055, 5.863426813732734, 6.853610652787332, 0.0, 1.7459028237562362, 2.4538515052871475, 3.0636617975879776, 2.4990806589624115, 3.6074298413136185, 2.3854838167549994, 3.7537331524763453, 2.5745983317791534, 3.8505929829053605], [5.524951869473616, 4.235429104589049, 4.372960427445005, 3.7386272066093995, 4.754655273518786, 4.713504195394335, 6.33409794051213, 3.9061189510817513, 2.6414425414912968, 2.5025693636740622, 2.125666803617162, 1.096984197698399, 2.1644529909425154, 3.3221421011148813, 3.7706864149647874, 6.38112620859359, 5.803718902565836, 5.674627919079805, 3.403357414377749, 4.48221093100269, 5.341374075085922, 1.7459028237562362, 0.0, 2.489748023395139, 2.538310048043777, 3.078422558714122, 4.205282136789397, 3.618452159418444, 4.016307384899717, 3.378806514140755, 4.796808000118412], [6.159685220853417, 5.004421229273171, 5.709285296777522, 5.262480476923407, 6.338960680584791, 6.315457723712511, 7.917609147968849, 5.4469929392280285, 4.1998107266875735, 4.058155376522688, 3.3965299851466058, 2.160086232075007, 1.0944548460306622, 4.3420260386137715, 5.300490201858692, 7.014525638273767, 6.028909801945953, 6.597882290553539, 4.181990326387663, 4.816439852214496, 6.616448162722957, 2.4538515052871475, 2.489748023395139, 0.0, 1.7711817354523505, 1.77323731914259, 5.082473556251917, 4.057166406496041, 5.883354353597954, 4.993103948447298, 6.107153383533117], [5.1019409306655055, 3.7814276907009603, 4.3971281468704095, 3.8755756385342295, 4.880747738820354, 4.929468480475355, 6.517351491211748, 4.238332344212757, 3.072385460843089, 2.805902881426939, 2.745721089258703, 2.1768745002870515, 1.094608537331954, 3.939683532975714, 5.125035880850007, 5.786911712649503, 5.130650288218833, 5.713494176071242, 3.2532545565940576, 3.37961584355382, 5.1938329998181505, 3.0636617975879776, 2.538310048043777, 1.7711817354523505, 0.0, 1.7689898840863956, 4.392807745622382, 3.984389851658595, 5.48418884704019, 5.137301293480848, 6.005117924737198], [6.865603685765732, 5.515215124544101, 5.967710444550741, 5.192592317908272, 5.993712802595733, 5.673565824946424, 7.089987230594989, 4.65787745115734, 3.6562572570868146, 3.982367940057774, 2.70451739317757, 2.1694723183299662, 1.095190951387017, 3.295228967765366, 4.58273797745409, 7.541100790998619, 6.883133561830687, 7.440191316760611, 4.953408699067744, 5.1016790196953785, 6.7497263426008605, 2.4990806589624115, 3.078422558714122, 1.77323731914259, 1.7689898840863956, 0.0, 3.788675090318514, 2.872362000166414, 5.254211135841421, 4.607409739756168, 5.2337956570733635], [8.136650190956965, 6.619382261963725, 6.18423272605422, 4.848476839173309, 4.840232521274159, 3.7690194387930664, 4.51881686838491, 2.499093045486702, 2.6720672951855087, 3.974504642090634, 2.121233040002913, 3.397461937976642, 4.086230265171065, 1.0968543613442945, 2.16161057778685, 8.56810568328846, 8.6367686277913, 8.553674270744708, 6.389659825061112, 6.396851236350585, 6.71907302088614, 3.6074298413136185, 4.205282136789397, 5.082473556251917, 4.392807745622382, 3.788675090318514, 0.0, 1.7448824659558018, 2.535296814970586, 3.078097167082287, 2.4837459491662988], [8.409609196032834, 6.916180128510245, 6.7705845131716655, 5.582630426599991, 5.935694879287512, 5.084628162412666, 6.109094429618845, 3.768533084636514, 3.330365002518493, 4.416256701098793, 2.09392774230631, 2.6354934756132486, 3.279704498884007, 1.097233926744885, 2.1438736413324366, 9.019324714190082, 8.741956456652023, 8.793686033171756, 6.430565895782423, 6.728148755787137, 7.487234369244761, 2.3854838167549994, 3.618452159418444, 4.057166406496041, 3.984389851658595, 2.872362000166414, 1.7448824659558018, 0.0, 3.0683060505757895, 2.508142286633675, 2.4626322502558113], [8.231036207550055, 6.826116369503233, 6.1063463060982714, 4.8521797060702525, 4.823021747825734, 3.865864044427843, 4.579813145751691, 2.8420575029369126, 3.0159909963393456, 4.110211698927441, 2.757958979027788, 3.7476130269813077, 5.090562744923197, 2.1766909771485707, 1.0945571570274437, 8.755987034024207, 8.882003110222378, 8.325071611103414, 6.476371967390384, 7.010814764348007, 6.7048923988383295, 3.7537331524763453, 4.016307384899717, 5.883354353597954, 5.48418884704019, 5.254211135841421, 2.535296814970586, 3.0683060505757895, 0.0, 1.7685150974758457, 1.770912967934901], [8.48936850537188, 7.102565992653641, 6.6954797557755334, 5.584270169861054, 5.926694264933867, 5.165715758730827, 6.169923096765469, 4.01118227957793, 3.6091557323008385, 4.532151491289761, 2.7250865711019165, 3.0505386360444606, 4.440576679891926, 2.1724717443502, 1.0949476608495952, 9.18811476256147, 8.968630171882438, 8.562665426139223, 6.502502211456756, 7.299664834086562, 7.4725925494436005, 2.5745983317791534, 3.378806514140755, 4.993103948447298, 5.137301293480848, 4.607409739756168, 3.078097167082287, 2.508142286633675, 1.7685150974758457, 0.0, 1.7721595780290214], [9.579057583603932, 8.118301007600051, 7.580704838601751, 6.300877672197739, 6.327036363100816, 5.271452910725847, 5.857866201100875, 4.079873391417925, 4.171075737744401, 5.378933415650356, 3.4045108003940885, 4.21578518665266, 5.378124044683239, 2.1596113099351926, 1.0944845133669088, 10.14681505793813, 10.114958790326334, 9.758127531960216, 7.6848950897198325, 8.162968072949935, 8.21699503833366, 3.8505929829053605, 4.796808000118412, 6.107153383533117, 6.005117924737198, 5.2337956570733635, 2.4837459491662988, 2.4626322502558113, 1.770912967934901, 1.7721595780290214, 0.0]]}