{"total energy": -22.70527412, "HOMO-LUMO gap/eV": 3.21186508, "electronic energy": -23.05474005, "dipole": [0.77196238, -0.17004722, -0.20377808], "partial charges": [-0.2675988, -0.14319324, 0.06132482, -0.05905011, -0.03100597, -0.04386677, -0.03228589, -0.05350208, 0.14344895, 0.15195052, 0.14966179, 0.01962564, 0.02607629, 0.02204068, 0.0260201, 0.03035407], "atomic dipole moments": [[-0.03433835, -0.1889831, -0.25160382], [0.04162607, 0.15139864, 0.1858025], [0.14375412, -0.02048112, 0.00660377], [0.03029457, 0.02347974, -0.00166069], [-0.00351309, -0.0071065, 0.00085532], [0.00363132, -0.00438133, 0.00097513], [-0.00254935, 0.00783019, 0.00288217], [0.00998327, -0.03018151, -0.00837358], [0.11295519, -0.03466882, -0.02636807], [-0.00861452, 0.07503604, -0.09389498], [0.01726199, -0.11873306, 0.07584545], [0.05250534, -0.13926085, -0.01297452], [-0.08897693, -0.12154001, -0.00910034], [-0.14927763, 0.01561197, -0.00199985], [-0.06202595, 0.13731772, 0.00553523], [0.07986548, 0.12815446, 0.00755976]], "atomic quadrupole moments": [[0.04976835, 0.16890133, 0.10870902, 0.05349001, 0.03012949, -0.15847737], [0.06780146, 0.13462698, 0.06989068, 0.0356676, 0.05803944, -0.13769214], [-0.03820742, -0.02718693, -0.33647977, -0.00866579, -0.03685522, 0.37468719], [-0.22632381, -2.34e-05, -0.21806001, -0.00973195, -0.05416654, 0.44438382], [-0.27197042, -0.00707764, -0.2501489, -0.0127023, -0.04649931, 0.52211932], [-0.24445554, -0.00252146, -0.23862341, -0.00898882, -0.03646009, 0.48307895], [-0.26723349, 0.00827034, -0.25918613, -0.00661088, -0.03455125, 0.52641963], [-0.23114549, 0.00785855, -0.23169943, -0.01172159, -0.02086221, 0.46284492], [0.07316136, -0.03078468, -0.00047226, 0.01061435, -0.00426035, -0.07268911], [-0.0247787, -0.00662657, 0.03671974, 0.0380161, -0.06035348, -0.01194105], [0.04379759, -0.00925887, 0.00995092, 0.02359183, -0.02328155, -0.0537485], [0.03819967, -0.00659533, 0.02959805, 0.00254795, 0.0033084, -0.06779772], [0.03469938, -0.00609087, 0.03459186, 0.0012358, 0.00599152, -0.06929123], [0.03110097, 0.00092807, 0.03820365, 0.00050209, 0.00546587, -0.06930461], [0.03808899, 0.00522962, 0.03185483, 0.00101921, 0.00414262, -0.06994383], [0.0457455, 0.00162321, 0.02257457, 0.00177812, 0.00294622, -0.06832007]], "number of molecular orbitals": 40, "number of electrons": 42, "number of unpaired electrons": 0, "orbital energies/eV": [-17.90853418, -17.27804043, -16.79047576, -16.34431987, -16.04998281, -15.55565028, -15.26723282, -14.78590448, -14.50676515, -13.70351678, -13.34990569, -13.30050256, -12.89590754, -12.7172622, -12.64112967, -12.28046511, -11.48472927, -11.22487409, -10.75268802, -10.58949203, -9.02934413, -5.81747905, -5.49465723, -2.28580848, -0.74839014, 1.99813794, 2.76337018, 3.23015873, 3.66482804, 4.34185932, 4.98511256, 5.24731062, 5.6114958, 6.02829933, 10.72161223, 10.97864914, 11.8282509, 12.01460149, 16.5805374, 17.53777137], "fractional occupation": [2.0, 2.0, 2.0, 2.0, 2.0, 2.0, 2.0, 2.0, 2.0, 2.0, 2.0, 2.0, 2.0, 2.0, 2.0, 2.0, 2.0, 2.0, 2.0, 2.0, 2.0, 0.0, 0.0, 0.0, 0.0, 0.0, 0.0, 0.0, 0.0, 0.0, 0.0, 0.0, 0.0, 0.0, 0.0, 0.0, 0.0, 0.0, 0.0, 0.0], "program call": "xtb /home/svss/Project-DBcg-Debug/aqme2_20220329/End-to-End-workflows-final/example-3/QDESCP/mol_770_rdkit_conf_2/mol_770_rdkit_conf_2.xyz --pop --wbo --acc 0.2 --gfn 2 --chrg 0 --uhf 0 --etemp 300 --input /home/svss/Project-DBcg-Debug/aqme2_20220329/End-to-End-workflows-final/example-3/QDESCP/mol_770_rdkit_conf_2/mol_770_rdkit_conf_2_xtb.inp", "method": "GFN2-xTB", "xtb version": "6.3.3 (7355c4f)", "Dipole module/D": 2.075, "Total charge": 0, "Transition dipole module/D": NaN, "HOMO": -9.0293, "LUMO": -5.8175, "HOMO occupancy": 2.0, "LUMO occupancy": 0, "mulliken charges": [-0.34643, -0.24753, 0.13216, -0.08009, -0.02466, -0.05352, -0.0261, -0.07046, 0.19074, 0.19378, 0.20439, 0.02412, 0.02504, 0.02398, 0.02496, 0.02961], "cm5 charges": [-0.72576, -0.53334, 0.18529, -0.12807, -0.07983, -0.10886, -0.08128, -0.1175, 0.38454, 0.38893, 0.40144, 0.08285, 0.08046, 0.0794, 0.0804, 0.09134], "FUKUI+": [-0.006, -0.044, -0.05, -0.067, -0.064, -0.037, -0.073, -0.058, -0.043, -0.022, -0.048, -0.098, -0.1, -0.094, -0.102, -0.094], "FUKUI-": [-0.104, -0.127, -0.021, -0.036, -0.026, -0.058, -0.028, -0.032, -0.08, -0.075, -0.081, -0.063, -0.07, -0.077, -0.07, -0.053], "FUKUIrad": [-0.055, -0.086, -0.035, -0.052, -0.045, -0.047, -0.051, -0.045, -0.062, -0.048, -0.064, -0.08, -0.085, -0.086, -0.086, -0.074], "s proportion": [1.454, 1.434, 1.052, 1.056, 1.058, 1.053, 1.06, 1.054, 0.809, 0.806, 0.796, 0.976, 0.975, 0.976, 0.975, 0.97], "p proportion": [3.893, 3.813, 2.816, 3.024, 2.967, 3.001, 2.966, 3.017, 0.0, 0.0, 0.0, 0.0, 0.0, 0.0, 0.0, 0.0], "d proportion": [0.0, 0.0, 0.0, 0.0, 0.0, 0.0, 0.0, 0.0, 0.0, 0.0, 0.0, 0.0, 0.0, 0.0, 0.0, 0.0], "Fermi-level/eV": -7.4234, "Coordination numbers": [2.7, 2.751, 2.892, 2.919, 2.91, 2.912, 2.91, 2.915, 0.859, 0.859, 0.859, 0.925, 0.925, 0.925, 0.925, 0.925], "Dispersion coefficient C6": [26.923, 24.096, 26.624, 29.468, 28.773, 29.089, 28.805, 29.329, 1.447, 1.388, 1.404, 2.739, 2.643, 2.702, 2.644, 2.581], "Total dispersion C6": 2904.925881, "Total dispersion C8": 67985.83337, "Polarizability alpha": [7.706, 7.291, 8.46, 8.902, 8.796, 8.844, 8.801, 8.881, 1.884, 1.846, 1.856, 2.588, 2.542, 2.571, 2.543, 2.512], "Total polarizability alpha": 86.021228, "Wiberg matrix": [[0.0, 1.0165779378039588, 0.0, 0.0, 0.0, 0.0, 0.0, 0.0, 0.9626861151118906, 0.9556636028839773, 0.0, 0.0, 0.0, 0.0, 0.0, 0.0], [1.0165779378039588, 0.0, 1.1088491792152977, 0.0, 0.0, 0.0, 0.0, 0.0, 0.0, 0.0, 0.9459655303440984, 0.0, 0.0, 0.0, 0.0, 0.0], [0.0, 1.1088491792152977, 0.0, 1.3477869563815075, 0.0, 0.0, 0.0, 1.36066616218018, 0.0, 0.0, 0.0, 0.0, 0.0, 0.0, 0.0, 0.0], [0.0, 0.0, 1.3477869563815075, 0.0, 1.4621810234274912, 0.0, 0.10821228669956504, 0.0, 0.0, 0.0, 0.0, 0.9694779403577698, 0.0, 0.0, 0.0, 0.0], [0.0, 0.0, 0.0, 1.4621810234274912, 0.0, 1.4230820048005697, 0.0, 0.10319945926209109, 0.0, 0.0, 0.0, 0.0, 0.9717325315199489, 0.0, 0.0, 0.0], [0.0, 0.0, 0.0, 0.0, 1.4230820048005697, 0.0, 1.4354851262892963, 0.0, 0.0, 0.0, 0.0, 0.0, 0.0, 0.9717549283864662, 0.0, 0.0], [0.0, 0.0, 0.0, 0.10821228669956504, 0.0, 1.4354851262892963, 0.0, 1.4465038983146612, 0.0, 0.0, 0.0, 0.0, 0.0, 0.0, 0.972001051102938, 0.0], [0.0, 0.0, 1.36066616218018, 0.0, 0.10319945926209109, 0.0, 1.4465038983146612, 0.0, 0.0, 0.0, 0.0, 0.0, 0.0, 0.0, 0.0, 0.9679275696569758], [0.9626861151118906, 0.0, 0.0, 0.0, 0.0, 0.0, 0.0, 0.0, 0.0, 0.0, 0.0, 0.0, 0.0, 0.0, 0.0, 0.0], [0.9556636028839773, 0.0, 0.0, 0.0, 0.0, 0.0, 0.0, 0.0, 0.0, 0.0, 0.0, 0.0, 0.0, 0.0, 0.0, 0.0], [0.0, 0.9459655303440984, 0.0, 0.0, 0.0, 0.0, 0.0, 0.0, 0.0, 0.0, 0.0, 0.0, 0.0, 0.0, 0.0, 0.0], [0.0, 0.0, 0.0, 0.9694779403577698, 0.0, 0.0, 0.0, 0.0, 0.0, 0.0, 0.0, 0.0, 0.0, 0.0, 0.0, 0.0], [0.0, 0.0, 0.0, 0.0, 0.9717325315199489, 0.0, 0.0, 0.0, 0.0, 0.0, 0.0, 0.0, 0.0, 0.0, 0.0, 0.0], [0.0, 0.0, 0.0, 0.0, 0.0, 0.9717549283864662, 0.0, 0.0, 0.0, 0.0, 0.0, 0.0, 0.0, 0.0, 0.0, 0.0], [0.0, 0.0, 0.0, 0.0, 0.0, 0.0, 0.972001051102938, 0.0, 0.0, 0.0, 0.0, 0.0, 0.0, 0.0, 0.0, 0.0], [0.0, 0.0, 0.0, 0.0, 0.0, 0.0, 0.0, 0.9679275696569758, 0.0, 0.0, 0.0, 0.0, 0.0, 0.0, 0.0, 0.0]], "Born radii": [], "Atomic SASAs": [], "Solvent H bonds": [], "Total SASA": NaN, "Total FOD": 0.0, "FOD": [0.0, 0.0, 0.0, 0.0, 0.0, 0.0, 0.0, 0.0, 0.0, 0.0, 0.0, 0.0, 0.0, 0.0, 0.0, 0.0], "FOD s proportion": [0.0, 0.0, 0.0, 0.0, 0.0, 0.0, 0.0, 0.0, 0.0, 0.0, 0.0, 0.0, 0.0, 0.0, 0.0, 0.0], "FOD p proportion": [0.0, 0.0, 0.0, 0.0, 0.0, 0.0, 0.0, 0.0, 0.0, 0.0, 0.0, 0.0, 0.0, 0.0, 0.0, 0.0], "FOD d proportion": [0.0, 0.0, 0.0, 0.0, 0.0, 0.0, 0.0, 0.0, 0.0, 0.0, 0.0, 0.0, 0.0, 0.0, 0.0, 0.0], "coordinates": [["2.72450", "0.65410", "0.21280"], ["1.86470", "-0.43110", "-0.04140"], ["0.45990", "-0.22690", "0.02200"], ["-0.38090", "-1.34740", "-0.07120"], ["-1.77180", "-1.20870", "-0.08330"], ["-2.34470", "0.05840", "-0.02300"], ["-1.52680", "1.18350", "0.04020"], ["-0.13520", "1.04110", "0.05040"], ["3.69790", "0.36130", "0.09750"], ["2.58880", "1.36570", "-0.51060"], ["2.10060", "-1.29890", "0.45010"], ["0.04600", "-2.34450", "-0.14160"], ["-2.40450", "-2.08980", "-0.14770"], ["-3.42550", "0.17010", "-0.03320"], ["-1.96800", "2.17580", "0.07920"], ["0.47520", "1.93730", "0.09970"]], "bond_dist": [[0.0, 1.4076692509250883, 2.4374123163716064, 3.705424052655782, 4.875901223363738, 5.109525297911735, 4.2876108510451365, 2.8903333458270866, 1.0230021945235506, 1.0237658960914844, 2.0639213890068584, 4.036280908212411, 5.8280003826355395, 6.173918690750633, 4.934873463423353, 2.5920540773679854], [1.4076692509250883, 0.0, 1.4209786205288242, 2.42553356810414, 3.7189446917102704, 4.237805702247332, 3.7571084586420977, 2.485035229126541, 2.0019523495827767, 1.9932284590583187, 1.0248404266030882, 2.6417436079226158, 4.581337579790426, 5.3242581379944385, 4.636815853578833, 2.749534145996372], [2.4374123163716064, 1.4209786205288242, 0.0, 1.4039768979580824, 2.4403901778199324, 2.819432966041221, 2.436500829057934, 1.4009905674200664, 3.291857149087731, 2.711503776504838, 2.006078288601918, 2.1638641200408126, 3.4211082794907264, 3.9060196108058647, 3.4162753899532166, 2.165648406367017], [3.705424052655782, 2.42553356810414, 1.4039768979580824, 0.0, 1.3978508182205998, 2.4155966799116113, 2.780458879393831, 2.4041812119721753, 4.425463232250382, 4.046368997014484, 2.5361285830966853, 1.0869260232416924, 2.156841897311901, 3.402034598589497, 3.867097724392287, 3.3987303673577873], [4.875901223363738, 3.7189446917102704, 2.4403901778199324, 1.3978508182205998, 0.0, 1.3919026223123514, 2.4078824909035736, 2.7853070369350665, 5.693435406676711, 5.081825755572499, 3.9100042659823275, 2.1442568339636927, 1.086643391366275, 2.153676656325178, 3.394074386338638, 3.8703764674770333], [5.109525297911735, 4.237805702247332, 2.819432966041221, 2.4155966799116113, 1.3919026223123514, 0.0, 1.3924096595470745, 2.4192926858898245, 6.051386900537761, 5.127007831084327, 4.6719138465943475, 3.391672280748834, 2.152647061178399, 1.0866046061010417, 2.153074659643739, 3.390745715915601], [4.2876108510451365, 3.7571084586420977, 2.436500829057934, 2.780458879393831, 2.4078824909035736, 1.3924096595470745, 0.0, 1.3989039852684673, 5.289308671272646, 4.156289311393036, 4.414562099461282, 3.866980098216178, 3.394135617502636, 2.153469017655002, 1.0866635771939726, 2.140037076781615], [2.8903333458270866, 2.485035229126541, 1.4009905674200664, 2.4041812119721753, 2.7853070369350665, 2.4192926858898245, 1.3989039852684673, 0.0, 3.8931994631665097, 2.800046813894368, 3.2610062450108863, 3.3958776185251436, 3.8718859629384745, 3.4046591679638065, 2.1558129255573175, 1.0854460327441435], [1.0230021945235506, 2.0019523495827767, 3.291857149087731, 4.425463232250382, 5.693435406676711, 6.051386900537761, 5.289308671272646, 3.8931994631665097, 0.0, 1.615149460576327, 2.330656150100224, 4.551362000544453, 6.580828216113835, 7.12716405662168, 5.949383829439819, 3.587419146127199], [1.0237658960914844, 1.9932284590583187, 2.711503776504838, 4.046368997014484, 5.081825755572499, 5.127007831084327, 4.156289311393036, 2.800046813894368, 1.615149460576327, 0.0, 2.8742611033098577, 4.51304518922645, 6.083191723922566, 6.150542627280947, 4.665678116844324, 2.2729930950181085], [2.0639213890068584, 1.0248404266030882, 2.006078288601918, 2.5361285830966853, 3.9100042659823275, 4.6719138465943475, 4.414562099461282, 3.2610062450108863, 2.330656150100224, 2.8742611033098577, 0.0, 2.3800776058775903, 4.612896450170977, 5.738407540424433, 5.363265130496534, 3.638364434742622], [4.036280908212411, 2.6417436079226158, 2.1638641200408126, 1.0869260232416924, 2.1442568339636927, 3.391672280748834, 3.866980098216178, 3.3958776185251436, 4.551362000544453, 4.51304518922645, 2.3800776058775903, 0.0, 2.4637084953378716, 4.2879221040032895, 4.953590690600103, 4.310017351473194], [5.8280003826355395, 4.581337579790426, 3.4211082794907264, 2.156841897311901, 1.086643391366275, 2.152647061178399, 3.394135617502636, 3.8718859629384745, 6.580828216113835, 6.083191723922566, 4.612896450170977, 2.4637084953378716, 0.0, 2.4824784510645808, 4.29387461624114, 4.956956047818056], [6.173918690750633, 5.3242581379944385, 3.9060196108058647, 3.402034598589497, 2.153676656325178, 1.0866046061010417, 2.153469017655002, 3.4046591679638065, 7.12716405662168, 6.150542627280947, 5.738407540424433, 4.2879221040032895, 2.4824784510645808, 0.0, 2.4818888975939273, 4.284404128930883], [4.934873463423353, 4.636815853578833, 3.4162753899532166, 3.867097724392287, 3.394074386338638, 2.153074659643739, 1.0866635771939726, 2.1558129255573175, 5.949383829439819, 4.665678116844324, 5.363265130496534, 4.953590690600103, 4.29387461624114, 2.4818888975939273, 0.0, 2.454898926636288], [2.5920540773679854, 2.749534145996372, 2.165648406367017, 3.3987303673577873, 3.8703764674770333, 3.390745715915601, 2.140037076781615, 1.0854460327441435, 3.587419146127199, 2.2729930950181085, 3.638364434742622, 4.310017351473194, 4.956956047818056, 4.284404128930883, 2.454898926636288, 0.0]]}