{"total energy": -32.51654448, "HOMO-LUMO gap/eV": 3.7998308, "electronic energy": -32.94921683, "dipole": [0.37660129, 0.9910756, -0.64572151], "partial charges": [-0.10060871, -0.05362899, -0.05378935, -0.08298443, 0.22771521, -0.36341836, -0.08299465, -0.05291288, -0.05119472, -0.10064739, 0.03197661, 0.03494625, 0.03074951, 0.02865499, 0.03255885, 0.04566522, 0.04320264, 0.05361401, 0.05929732, 0.05064201, 0.05685718, 0.03063083, 0.05139954, 0.04073302, 0.02403067, 0.03034923, 0.03671324, 0.03244316], "atomic dipole moments": [[-0.06119681, -0.07265016, -0.03698156], [-0.03314474, 0.06909222, 0.08252715], [0.02104557, 0.10981392, -0.06873603], [-0.02201679, -0.07035462, 0.04450742], [-0.00655572, -0.01810963, 0.00456563], [0.04427793, 0.12875941, -0.08485974], [-0.02856798, -0.07145793, 0.03764667], [0.07184882, -0.03635777, -0.09762673], [-0.04630117, 0.05478978, 0.09270151], [0.0976537, 0.01675506, -0.02857691], [0.11233192, -0.00780316, -0.05445813], [0.01821477, -0.01018896, 0.12509276], [-0.04348137, 0.11472257, -0.02545934], [-0.01253437, 0.01364894, -0.12206625], [0.05751716, -0.10733506, 0.01323589], [0.01470247, -0.02289103, 0.12477331], [-0.05788888, -0.10393304, -0.03998389], [-0.01377057, 0.01762081, -0.1287242], [0.05722905, 0.104191, 0.05745503], [0.003764, 0.03173101, -0.1263774], [0.03975105, 0.10124067, 0.0713198], [-0.05789505, 0.10614702, 0.00385583], [-0.0085082, -0.04582907, 0.12089061], [0.05616471, -0.11355899, -0.00804549], [-0.00039529, 0.04445935, -0.11343133], [-0.06530126, 0.10655731, 0.00152443], [-0.00790089, -0.05348865, 0.11485939], [-0.05541853, -0.07688323, -0.08147856]], "atomic quadrupole moments": [[0.01363901, 0.14355134, 0.06365733, 0.06464374, 0.09635355, -0.07729634], [0.14339201, 0.1490404, -0.03891067, -0.06821144, 0.08132852, -0.10448134], [0.14330732, -0.13554848, 0.01209455, -0.1125602, -0.05823168, -0.15540187], [0.12308992, -0.08848788, 0.03381897, -0.09951926, -0.10117725, -0.1569089], [-0.2087973, 0.12902962, -0.12736264, 0.25260081, 0.35868327, 0.33615994], [-0.08955079, 0.05844137, -0.05435312, 0.1102504, 0.15574882, 0.14390391], [0.16040277, -0.05905922, 0.02010764, -0.06506278, -0.07419939, -0.18051042], [0.17351699, 0.14154837, -0.08900168, -0.00808498, 0.11880383, -0.08451531], [0.15436736, 0.14385246, -0.10492367, -0.00323346, 0.12004397, -0.04944369], [0.20360595, 0.05599266, -0.10882124, -0.08815331, -0.00273768, -0.09478471], [0.05362317, -0.00533064, -0.03257381, -0.05194903, 0.01731038, -0.02104935], [-0.04630108, 0.00933973, -0.03086844, 0.00840788, -0.01939647, 0.07716952], [-0.0103682, -0.04626664, 0.05043138, 0.02423204, -0.01787156, -0.04006318], [-0.01944306, 0.01050749, -0.0290137, 0.01991086, -0.02403305, 0.04845676], [0.00618806, -0.02402236, 0.03827937, 0.00863806, -0.01989781, -0.04446743], [-0.01951426, -0.01325677, -0.03341567, 0.01519149, 0.00474761, 0.05292992], [0.01018333, 0.02388021, 0.01520536, 0.01801539, 0.03567149, -0.02538869], [-0.0329565, -0.02933252, -0.02785112, 0.00659825, -0.01411611, 0.06080761], [-0.00209224, 0.01863732, 0.03607013, 0.03100452, 0.03290751, -0.03397789], [-0.00319315, -0.00569273, -0.05302573, -0.00595825, -0.02666194, 0.05621888], [0.00628314, 0.02738016, 0.01197967, 0.00887375, 0.05462807, -0.01826281], [0.00235075, -0.03171893, 0.04219979, 0.01269142, -0.00154836, -0.04455055], [-0.02350905, 0.00574456, -0.01037946, 0.00999788, -0.03590851, 0.03388851], [0.00331581, -0.03149136, 0.0333232, 0.0080606, -0.00679746, -0.03663901], [-0.02505702, 0.00901829, -0.01137536, 0.00408871, -0.04014611, 0.03643238], [-0.01116116, -0.04406627, 0.06076336, -0.00846972, -0.00440386, -0.0496022], [-0.02707348, -0.00451752, -0.03036164, 0.00360729, -0.04865373, 0.05743512], [-0.01232647, 0.03277643, -0.00200394, 0.02546517, 0.05809327, 0.01433042]], "number of molecular orbitals": 58, "number of electrons": 60, "number of unpaired electrons": 0, "orbital energies/eV": [-19.01880734, -17.40256065, -17.21401368, -16.83651531, -16.59156451, -16.11519566, -15.75940477, -15.37738401, -15.15424059, -15.0554704, -14.73752467, -14.67155674, -14.02783927, -13.86297487, -13.64708972, -13.5070193, -13.39498444, -13.14569277, -13.0641941, -12.90407047, -12.61915728, -12.39852551, -12.23700894, -12.02418422, -11.90129174, -11.73028449, -11.6722604, -11.65376805, -11.4748592, -10.60502707, -6.80519628, 0.83624286, 2.23465741, 2.6849529, 3.08279911, 3.1704452, 3.38673851, 3.50709898, 3.70078849, 3.76285644, 3.93866252, 4.10101222, 4.31101548, 4.55802693, 4.8637937, 5.07444576, 5.31770821, 5.71579642, 5.98392036, 6.10149451, 6.71345145, 6.767192, 7.17621688, 7.40113993, 7.69735092, 7.85739199, 8.26608588, 15.23041489], "fractional occupation": [2.0, 2.0, 2.0, 2.0, 2.0, 2.0, 2.0, 2.0, 2.0, 2.0, 2.0, 2.0, 2.0, 2.0, 2.0, 2.0, 2.0, 2.0, 2.0, 2.0, 2.0, 2.0, 2.0, 2.0, 2.0, 2.0, 2.0, 2.0, 2.0, 2.0, 0.0, 0.0, 0.0, 0.0, 0.0, 0.0, 0.0, 0.0, 0.0, 0.0, 0.0, 0.0, 0.0, 0.0, 0.0, 0.0, 0.0, 0.0, 0.0, 0.0, 0.0, 0.0, 0.0, 0.0, 0.0, 0.0, 0.0, 0.0], "program call": "xtb /home/svss/Project-DBcg-Debug/aqme2_20220329/End-to-End-workflows-final/example-3/QDESCP/mol_179_rdkit_conf_12/mol_179_rdkit_conf_12.xyz --pop --wbo --acc 0.2 --gfn 2 --chrg 0 --uhf 0 --etemp 300 --input /home/svss/Project-DBcg-Debug/aqme2_20220329/End-to-End-workflows-final/example-3/QDESCP/mol_179_rdkit_conf_12/mol_179_rdkit_conf_12_xtb.inp", "method": "GFN2-xTB", "xtb version": "6.3.3 (7355c4f)", "Dipole module/D": 3.155, "Total charge": 0, "Transition dipole module/D": NaN, "HOMO": -10.605, "LUMO": -6.8052, "HOMO occupancy": 2.0, "LUMO occupancy": 0, "mulliken charges": [-0.08594, -0.04268, -0.03557, -0.08514, 0.39136, -0.49379, -0.08467, -0.03334, -0.0397, -0.08271, 0.03039, 0.02949, 0.02369, 0.02178, 0.02849, 0.03804, 0.03932, 0.04288, 0.04645, 0.03952, 0.05059, 0.02221, 0.04242, 0.03653, 0.01625, 0.02381, 0.03144, 0.0289], "cm5 charges": [-0.23635, -0.15496, -0.14371, -0.18751, 0.40832, -0.54703, -0.18685, -0.14172, -0.15149, -0.23306, 0.08117, 0.0809, 0.07545, 0.0764, 0.08271, 0.09515, 0.09651, 0.09952, 0.10352, 0.09602, 0.10665, 0.07721, 0.1005, 0.09397, 0.07111, 0.0751, 0.08278, 0.07967], "FUKUI+": [0.015, 0.009, 0.014, 0.029, -0.191, -0.292, 0.029, 0.021, 0.007, 0.012, -0.031, -0.013, -0.002, -0.019, -0.034, -0.022, -0.019, -0.092, -0.094, -0.089, -0.095, -0.053, -0.021, 0.011, -0.019, -0.021, -0.013, -0.026], "FUKUI-": [0.017, 0.003, 0.006, -0.008, -0.023, -0.116, -0.003, 0.014, 0.007, 0.018, -0.05, -0.039, -0.047, -0.05, -0.082, -0.034, -0.029, -0.043, -0.044, -0.046, -0.053, -0.081, -0.044, -0.067, -0.058, -0.059, -0.048, -0.04], "FUKUIrad": [0.016, 0.006, 0.01, 0.011, -0.107, -0.204, 0.013, 0.017, 0.007, 0.015, -0.04, -0.026, -0.024, -0.035, -0.058, -0.028, -0.024, -0.068, -0.069, -0.068, -0.074, -0.067, -0.032, -0.028, -0.039, -0.04, -0.031, -0.033], "s proportion": [1.007, 1.028, 1.028, 1.042, 1.081, 1.74, 1.042, 1.028, 1.027, 1.007, 0.97, 0.971, 0.976, 0.978, 0.972, 0.962, 0.961, 0.957, 0.954, 0.96, 0.949, 0.978, 0.958, 0.963, 0.984, 0.976, 0.969, 0.971], "p proportion": [3.079, 3.015, 3.007, 3.044, 2.527, 4.754, 3.042, 3.005, 3.013, 3.075, 0.0, 0.0, 0.0, 0.0, 0.0, 0.0, 0.0, 0.0, 0.0, 0.0, 0.0, 0.0, 0.0, 0.0, 0.0, 0.0, 0.0, 0.0], "d proportion": [0.0, 0.0, 0.0, 0.0, 0.0, 0.0, 0.0, 0.0, 0.0, 0.0, 0.0, 0.0, 0.0, 0.0, 0.0, 0.0, 0.0, 0.0, 0.0, 0.0, 0.0, 0.0, 0.0, 0.0, 0.0, 0.0, 0.0, 0.0], "Fermi-level/eV": -8.7051, "Coordination numbers": [3.749, 3.799, 3.801, 3.801, 2.81, 0.856, 3.801, 3.801, 3.8, 3.75, 0.924, 0.924, 0.924, 0.924, 0.924, 0.924, 0.924, 0.924, 0.924, 0.924, 0.924, 0.924, 0.924, 0.924, 0.924, 0.924, 0.924, 0.924], "Dispersion coefficient C6": [22.487, 21.539, 21.54, 22.083, 23.221, 20.964, 22.083, 21.524, 21.494, 22.486, 2.559, 2.517, 2.576, 2.606, 2.551, 2.375, 2.407, 2.275, 2.207, 2.312, 2.236, 2.578, 2.303, 2.439, 2.673, 2.582, 2.493, 2.552], "Total dispersion C6": 5609.454465, "Total dispersion C8": 119218.337551, "Polarizability alpha": [6.763, 6.608, 6.608, 6.691, 7.895, 6.139, 6.691, 6.605, 6.601, 6.763, 2.501, 2.481, 2.51, 2.524, 2.498, 2.41, 2.426, 2.359, 2.323, 2.378, 2.339, 2.511, 2.373, 2.442, 2.557, 2.513, 2.469, 2.498], "Total polarizability alpha": 111.475753, "Wiberg matrix": [[0.0, 1.02091966298755, 0.0, 0.0, 0.0, 0.0, 0.0, 0.0, 0.0, 0.0, 0.9871431366174417, 0.9872687493639993, 0.9861453607739963, 0.0, 0.0, 0.0, 0.0, 0.0, 0.0, 0.0, 0.0, 0.0, 0.0, 0.0, 0.0, 0.0, 0.0, 0.0], [1.02091966298755, 0.0, 1.006893094872286, 0.0, 0.0, 0.0, 0.0, 0.0, 0.0, 0.0, 0.0, 0.0, 0.0, 0.9776299629624963, 0.9776563579095241, 0.0, 0.0, 0.0, 0.0, 0.0, 0.0, 0.0, 0.0, 0.0, 0.0, 0.0, 0.0, 0.0], [0.0, 1.006893094872286, 0.0, 1.008398874658016, 0.0, 0.0, 0.0, 0.0, 0.0, 0.0, 0.0, 0.0, 0.0, 0.0, 0.0, 0.9759134889655687, 0.9757723855713305, 0.0, 0.0, 0.0, 0.0, 0.0, 0.0, 0.0, 0.0, 0.0, 0.0, 0.0], [0.0, 0.0, 1.008398874658016, 0.0, 0.9902567543401729, 0.0, 0.0, 0.0, 0.0, 0.0, 0.0, 0.0, 0.0, 0.0, 0.0, 0.0, 0.0, 0.9546312647362631, 0.9486228313872945, 0.0, 0.0, 0.0, 0.0, 0.0, 0.0, 0.0, 0.0, 0.0], [0.0, 0.0, 0.0, 0.9902567543401729, 0.0, 1.8590835179614837, 0.9892523106202215, 0.0, 0.0, 0.0, 0.0, 0.0, 0.0, 0.0, 0.0, 0.0, 0.0, 0.0, 0.0, 0.0, 0.0, 0.0, 0.0, 0.0, 0.0, 0.0, 0.0, 0.0], [0.0, 0.0, 0.0, 0.0, 1.8590835179614837, 0.0, 0.0, 0.0, 0.0, 0.0, 0.0, 0.0, 0.0, 0.0, 0.0, 0.0, 0.0, 0.0, 0.0, 0.0, 0.0, 0.0, 0.0, 0.0, 0.0, 0.0, 0.0, 0.0], [0.0, 0.0, 0.0, 0.0, 0.9892523106202215, 0.0, 0.0, 1.0065048753281336, 0.0, 0.0, 0.0, 0.0, 0.0, 0.0, 0.0, 0.0, 0.0, 0.0, 0.0, 0.9597416618283016, 0.947809224956768, 0.0, 0.0, 0.0, 0.0, 0.0, 0.0, 0.0], [0.0, 0.0, 0.0, 0.0, 0.0, 0.0, 1.0065048753281336, 0.0, 1.0085708581265944, 0.0, 0.0, 0.0, 0.0, 0.0, 0.0, 0.0, 0.0, 0.0, 0.0, 0.0, 0.0, 0.9766318754039819, 0.9744751422316156, 0.0, 0.0, 0.0, 0.0, 0.0], [0.0, 0.0, 0.0, 0.0, 0.0, 0.0, 0.0, 1.0085708581265944, 0.0, 1.0203609054405445, 0.0, 0.0, 0.0, 0.0, 0.0, 0.0, 0.0, 0.0, 0.0, 0.0, 0.0, 0.0, 0.0, 0.9772805484303839, 0.9781163965778515, 0.0, 0.0, 0.0], [0.0, 0.0, 0.0, 0.0, 0.0, 0.0, 0.0, 0.0, 1.0203609054405445, 0.0, 0.0, 0.0, 0.0, 0.0, 0.0, 0.0, 0.0, 0.0, 0.0, 0.0, 0.0, 0.0, 0.0, 0.0, 0.0, 0.9877348736831008, 0.9875076524870194, 0.9873451516941589], [0.9871431366174417, 0.0, 0.0, 0.0, 0.0, 0.0, 0.0, 0.0, 0.0, 0.0, 0.0, 0.0, 0.0, 0.0, 0.0, 0.0, 0.0, 0.0, 0.0, 0.0, 0.0, 0.0, 0.0, 0.0, 0.0, 0.0, 0.0, 0.0], [0.9872687493639993, 0.0, 0.0, 0.0, 0.0, 0.0, 0.0, 0.0, 0.0, 0.0, 0.0, 0.0, 0.0, 0.0, 0.0, 0.0, 0.0, 0.0, 0.0, 0.0, 0.0, 0.0, 0.0, 0.0, 0.0, 0.0, 0.0, 0.0], [0.9861453607739963, 0.0, 0.0, 0.0, 0.0, 0.0, 0.0, 0.0, 0.0, 0.0, 0.0, 0.0, 0.0, 0.0, 0.0, 0.0, 0.0, 0.0, 0.0, 0.0, 0.0, 0.0, 0.0, 0.0, 0.0, 0.0, 0.0, 0.0], [0.0, 0.9776299629624963, 0.0, 0.0, 0.0, 0.0, 0.0, 0.0, 0.0, 0.0, 0.0, 0.0, 0.0, 0.0, 0.0, 0.0, 0.0, 0.0, 0.0, 0.0, 0.0, 0.0, 0.0, 0.0, 0.0, 0.0, 0.0, 0.0], [0.0, 0.9776563579095241, 0.0, 0.0, 0.0, 0.0, 0.0, 0.0, 0.0, 0.0, 0.0, 0.0, 0.0, 0.0, 0.0, 0.0, 0.0, 0.0, 0.0, 0.0, 0.0, 0.0, 0.0, 0.0, 0.0, 0.0, 0.0, 0.0], [0.0, 0.0, 0.9759134889655687, 0.0, 0.0, 0.0, 0.0, 0.0, 0.0, 0.0, 0.0, 0.0, 0.0, 0.0, 0.0, 0.0, 0.0, 0.0, 0.0, 0.0, 0.0, 0.0, 0.0, 0.0, 0.0, 0.0, 0.0, 0.0], [0.0, 0.0, 0.9757723855713305, 0.0, 0.0, 0.0, 0.0, 0.0, 0.0, 0.0, 0.0, 0.0, 0.0, 0.0, 0.0, 0.0, 0.0, 0.0, 0.0, 0.0, 0.0, 0.0, 0.0, 0.0, 0.0, 0.0, 0.0, 0.0], [0.0, 0.0, 0.0, 0.9546312647362631, 0.0, 0.0, 0.0, 0.0, 0.0, 0.0, 0.0, 0.0, 0.0, 0.0, 0.0, 0.0, 0.0, 0.0, 0.0, 0.0, 0.0, 0.0, 0.0, 0.0, 0.0, 0.0, 0.0, 0.0], [0.0, 0.0, 0.0, 0.9486228313872945, 0.0, 0.0, 0.0, 0.0, 0.0, 0.0, 0.0, 0.0, 0.0, 0.0, 0.0, 0.0, 0.0, 0.0, 0.0, 0.0, 0.0, 0.0, 0.0, 0.0, 0.0, 0.0, 0.0, 0.0], [0.0, 0.0, 0.0, 0.0, 0.0, 0.0, 0.9597416618283016, 0.0, 0.0, 0.0, 0.0, 0.0, 0.0, 0.0, 0.0, 0.0, 0.0, 0.0, 0.0, 0.0, 0.0, 0.0, 0.0, 0.0, 0.0, 0.0, 0.0, 0.0], [0.0, 0.0, 0.0, 0.0, 0.0, 0.0, 0.947809224956768, 0.0, 0.0, 0.0, 0.0, 0.0, 0.0, 0.0, 0.0, 0.0, 0.0, 0.0, 0.0, 0.0, 0.0, 0.0, 0.0, 0.0, 0.0, 0.0, 0.0, 0.0], [0.0, 0.0, 0.0, 0.0, 0.0, 0.0, 0.0, 0.9766318754039819, 0.0, 0.0, 0.0, 0.0, 0.0, 0.0, 0.0, 0.0, 0.0, 0.0, 0.0, 0.0, 0.0, 0.0, 0.0, 0.0, 0.0, 0.0, 0.0, 0.0], [0.0, 0.0, 0.0, 0.0, 0.0, 0.0, 0.0, 0.9744751422316156, 0.0, 0.0, 0.0, 0.0, 0.0, 0.0, 0.0, 0.0, 0.0, 0.0, 0.0, 0.0, 0.0, 0.0, 0.0, 0.0, 0.0, 0.0, 0.0, 0.0], [0.0, 0.0, 0.0, 0.0, 0.0, 0.0, 0.0, 0.0, 0.9772805484303839, 0.0, 0.0, 0.0, 0.0, 0.0, 0.0, 0.0, 0.0, 0.0, 0.0, 0.0, 0.0, 0.0, 0.0, 0.0, 0.0, 0.0, 0.0, 0.0], [0.0, 0.0, 0.0, 0.0, 0.0, 0.0, 0.0, 0.0, 0.9781163965778515, 0.0, 0.0, 0.0, 0.0, 0.0, 0.0, 0.0, 0.0, 0.0, 0.0, 0.0, 0.0, 0.0, 0.0, 0.0, 0.0, 0.0, 0.0, 0.0], [0.0, 0.0, 0.0, 0.0, 0.0, 0.0, 0.0, 0.0, 0.0, 0.9877348736831008, 0.0, 0.0, 0.0, 0.0, 0.0, 0.0, 0.0, 0.0, 0.0, 0.0, 0.0, 0.0, 0.0, 0.0, 0.0, 0.0, 0.0, 0.0], [0.0, 0.0, 0.0, 0.0, 0.0, 0.0, 0.0, 0.0, 0.0, 0.9875076524870194, 0.0, 0.0, 0.0, 0.0, 0.0, 0.0, 0.0, 0.0, 0.0, 0.0, 0.0, 0.0, 0.0, 0.0, 0.0, 0.0, 0.0, 0.0], [0.0, 0.0, 0.0, 0.0, 0.0, 0.0, 0.0, 0.0, 0.0, 0.9873451516941589, 0.0, 0.0, 0.0, 0.0, 0.0, 0.0, 0.0, 0.0, 0.0, 0.0, 0.0, 0.0, 0.0, 0.0, 0.0, 0.0, 0.0, 0.0]], "Born radii": [], "Atomic SASAs": [], "Solvent H bonds": [], "Total SASA": NaN, "Total FOD": 0.0, "FOD": [0.0, 0.0, 0.0, 0.0, 0.0, 0.0, 0.0, 0.0, 0.0, 0.0, 0.0, 0.0, 0.0, 0.0, 0.0, 0.0, 0.0, 0.0, 0.0, 0.0, 0.0, 0.0, 0.0, 0.0, 0.0, 0.0, 0.0, 0.0], "FOD s proportion": [0.0, 0.0, 0.0, 0.0, 0.0, 0.0, 0.0, 0.0, 0.0, 0.0, 0.0, 0.0, 0.0, 0.0, 0.0, 0.0, 0.0, 0.0, 0.0, 0.0, 0.0, 0.0, 0.0, 0.0, 0.0, 0.0, 0.0, 0.0], "FOD p proportion": [0.0, 0.0, 0.0, 0.0, 0.0, 0.0, 0.0, 0.0, 0.0, 0.0, 0.0, 0.0, 0.0, 0.0, 0.0, 0.0, 0.0, 0.0, 0.0, 0.0, 0.0, 0.0, 0.0, 0.0, 0.0, 0.0, 0.0, 0.0], "FOD d proportion": [0.0, 0.0, 0.0, 0.0, 0.0, 0.0, 0.0, 0.0, 0.0, 0.0, 0.0, 0.0, 0.0, 0.0, 0.0, 0.0, 0.0, 0.0, 0.0, 0.0, 0.0, 0.0, 0.0, 0.0, 0.0, 0.0, 0.0, 0.0], "coordinates": [["4.43150", "0.09020", "-0.11810"], ["3.52600", "-1.00700", "-0.65560"], ["2.16850", "-1.07560", "0.04620"], ["1.30520", "0.16350", "-0.18450"], ["-0.08640", "0.02400", "0.41490"], ["-0.41920", "-0.95660", "1.07850"], ["-1.02300", "1.19990", "0.17590"], ["-2.47080", "0.93020", "0.58260"], ["-3.18390", "-0.01350", "-0.38900"], ["-4.62910", "-0.24600", "0.02370"], ["5.41690", "0.02900", "-0.59110"], ["4.56840", "-0.00770", "0.96350"], ["4.02540", "1.08410", "-0.32760"], ["3.38240", "-0.86610", "-1.73320"], ["4.03260", "-1.97100", "-0.52700"], ["2.31620", "-1.23040", "1.12230"], ["1.63530", "-1.96130", "-0.32230"], ["1.19130", "0.34000", "-1.25970"], ["1.77010", "1.04450", "0.26950"], ["-0.97670", "1.47650", "-0.88300"], ["-0.63580", "2.03930", "0.76480"], ["-3.00800", "1.88650", "0.60460"], ["-2.51070", "0.51980", "1.59870"], ["-2.66760", "-0.97860", "-0.43350"], ["-3.16400", "0.41030", "-1.39980"], ["-5.18820", "0.69490", "0.04280"], ["-4.68460", "-0.69960", "1.01840"], ["-5.12180", "-0.91940", "-0.68470"]], "bond_dist": [[0.0, 1.520751241985355, 2.550931816023313, 3.127864053951194, 4.549713381082373, 5.104599131175728, 5.573996801219031, 6.988442299969286, 7.620922362811472, 9.067944091137749, 1.094754584370397, 1.094616179306701, 1.0939125513495123, 2.150271729340271, 2.1388936065171635, 2.7851518109431663, 3.4740587689329607, 3.444495121204267, 2.8537645680749484, 5.635204250069379, 5.500548382661496, 7.687336940059281, 7.164223561559201, 7.186030295650026, 7.70952911337651, 9.640030030554884, 9.220558307391153, 9.623194303868129], [1.520751241985355, 0.0, 1.529717441228935, 2.5542040051648183, 3.9061957209028835, 4.309784914586806, 5.123982909807564, 6.4224211415945005, 6.788289609319861, 8.218651075450278, 2.1570718717743276, 2.1694891241949104, 2.1747835685419363, 1.0962187418576643, 1.0965753599274428, 2.162048105385262, 2.143950528813573, 2.7622762171803164, 2.8544083572607475, 5.147211895774254, 5.349584945582227, 7.256280196491863, 6.622290662603084, 6.197645999087073, 6.878856949377563, 8.906262280552935, 8.38514896230234, 8.648292629762247], [2.550931816023313, 1.529717441228935, 0.0, 1.5277035674501778, 2.535672269832992, 2.7885472167420797, 3.9217846180023703, 5.082722015810033, 5.474088162424861, 6.84807331809466, 3.4897557235428387, 2.782331703805281, 2.872648279897837, 2.164187565808472, 2.1459655658933587, 1.097164317684457, 1.097524022516136, 2.159680071214253, 2.1687345296278195, 4.155587815219406, 4.252421246772243, 5.990158530456435, 5.181743919762921, 4.860800787936078, 5.721395901351347, 7.566750735950008, 6.931920978343593, 7.328511945818196], [3.127864053951194, 2.5542040051648183, 1.5277035674501778, 0.0, 1.5216080868607396, 2.413161488587119, 2.573815914163249, 3.928669914869408, 4.497240049185723, 5.952054601564069, 4.1339437224035835, 3.463479129430405, 2.8753208534005386, 2.788065223412107, 3.4802452873324894, 2.16166705345666, 2.154699489488035, 1.095527498513844, 1.094718689892522, 2.7237729090362874, 2.861341840815249, 4.711167801087115, 4.227037347835952, 4.1411994941079575, 4.638061337455554, 6.519071621787876, 6.1700578652067755, 6.53675771694194], [4.549713381082373, 3.9061957209028835, 2.535672269832992, 1.5216080868607396, 0.0, 1.2299175419514918, 1.5221962324220881, 2.5563030121642467, 3.200338686764262, 4.56750049042143, 5.594494784160586, 4.6871238398403765, 4.310686430256788, 4.17602503105525, 4.672618282076978, 2.8011463510498693, 2.729309586690378, 2.1299432973673267, 2.1234767858396757, 2.141713041002459, 2.1179481721704145, 3.4699623773176564, 2.743069552526877, 2.8961323795710725, 3.5936034199672062, 5.159159666069659, 4.693746099865223, 5.239692441355695], [5.104599131175728, 4.309784914586806, 2.7885472167420797, 2.413161488587119, 1.2299175419514918, 0.0, 2.4144882377017285, 2.8310764048326216, 3.2690304296534163, 4.397819165222691, 6.149718264278454, 5.078364891379901, 5.088815467277233, 4.7292715823898295, 4.8399546330518435, 2.7494177638183688, 2.681908458542163, 3.121227490908024, 3.074396965260017, 3.1746281845280717, 3.020056300799705, 3.8742333770695847, 2.612419807381654, 2.7095997047534532, 3.9426277455524508, 5.152037241713224, 4.273558022304131, 5.02242021738524], [5.573996801219031, 5.123982909807564, 3.9217846180023703, 2.573815914163249, 1.5221962324220881, 2.4144882377017285, 0.0, 1.527831083595304, 2.541837992477097, 3.8881549429002957, 6.590266141818553, 5.774284845762287, 5.0747674281685065, 5.226908069786573, 6.0089738375200135, 4.237014006349282, 4.160282150287405, 2.7755179444564937, 2.798985125005133, 1.0954088095318568, 1.096047175079613, 2.1436949992944427, 2.1679822739127736, 2.7967730994844757, 2.7731173163066867, 4.197812722120891, 4.2101331404125455, 4.693849836754475], [6.988442299969286, 6.4224211415945005, 5.082722015810033, 3.928669914869408, 2.5563030121642467, 2.8310764048326216, 1.527831083595304, 0.0, 1.5307148199452436, 2.5207289699608726, 8.025306500065902, 7.111615699684566, 6.561460484526292, 6.545958567696561, 7.207106573376032, 5.279662626532116, 5.102908334469667, 4.1416641268939225, 4.253978010051298, 2.1630445811402037, 2.1518653884478924, 1.0970768113491416, 1.0965762080220416, 2.171337580847345, 2.1634999445343186, 2.7804699045305274, 2.783357706080912, 3.472012449574454], [7.620922362811472, 6.788289609319861, 5.474088162424861, 4.497240049185723, 3.200338686764262, 3.2690304296534163, 2.541837992477097, 1.5307148199452436, 0.0, 1.5208486380965072, 8.603279101598414, 7.869399289653563, 7.292633420788406, 6.756485483592782, 7.478550828870524, 5.832321434043223, 5.198371126612643, 4.474981092697488, 5.108336544316554, 2.7084807254252334, 3.4695901616761597, 2.1513209360762517, 2.165307927293483, 1.0954286603882517, 1.0962294878354621, 2.1692165152423124, 2.168780408432352, 2.1595253436808752], [9.067944091137749, 8.218651075450278, 6.84807331809466, 5.952054601564069, 4.56750049042143, 4.397819165222691, 3.8881549429002957, 2.5207289699608726, 1.5208486380965072, 0.0, 10.068551039747476, 9.248460259956788, 8.76315856013116, 8.225287464277464, 8.848951484780555, 7.100222349335265, 6.50420459779672, 5.988953808471059, 6.532654018850226, 4.138736147666338, 4.660286492266328, 2.740979071426851, 2.7485802153111707, 2.143179145568564, 2.1456001374906744, 1.0946462579299305, 1.0946512229929677, 1.09455534807519], [1.094754584370397, 2.1570718717743276, 3.4897557235428387, 4.1339437224035835, 5.594494784160586, 6.149718264278454, 6.590266141818553, 8.025306500065902, 8.603279101598414, 10.068551039747476, 0.0, 1.7714627571586146, 1.7660522387517306, 2.4989571164787923, 2.4331862444128682, 3.75980962416982, 4.281827424126292, 4.2894571125027, 3.88214152884719, 6.561903902069886, 6.520348778247985, 8.709704056395948, 8.239111022434399, 8.148572621631349, 8.627353602930622, 10.644876609430472, 10.254835467232033, 10.581702188684012], [1.094616179306701, 2.1694891241949104, 2.782331703805281, 3.463479129430405, 4.6871238398403765, 5.078364891379901, 5.774284845762287, 7.111615699684566, 7.869399289653563, 9.248460259956788, 1.7714627571586146, 0.0, 1.7758984909053783, 3.0684910705426534, 2.5225421265065124, 2.5676093102339377, 3.751387771212141, 4.058117536493984, 3.0690786451311403, 6.02997063840281, 5.59583669615188, 7.817841122074559, 7.12708861317158, 7.433300196413434, 8.096290548763674, 9.825099430031228, 9.278995022091562, 9.87156199241032], [1.0939125513495123, 2.1747835685419363, 2.872648279897837, 2.8753208534005386, 4.310686430256788, 5.088815467277233, 5.0747674281685065, 6.561460484526292, 7.292633420788406, 8.76315856013116, 1.7660522387517306, 1.7758984909053783, 0.0, 2.4884614523837816, 3.061608761746021, 3.2218759907854926, 3.8713133766203947, 3.0748362606812094, 2.333339808086255, 5.048113640757308, 4.881857253136351, 7.140137124733671, 6.837372988948314, 7.00444109833183, 7.300074769480106, 9.229252286073883, 8.992074381921006, 9.370848440776323], [2.150271729340271, 1.0962187418576643, 2.164187565808472, 2.788065223412107, 4.17602503105525, 4.7292715823898295, 5.226908069786573, 6.545958567696561, 6.756485483592782, 8.225287464277464, 2.4989571164787923, 3.0684910705426534, 2.4884614523837816, 0.0, 1.760250689532602, 3.069751973694292, 2.4984915969440444, 2.545544867017669, 3.203234449739825, 5.021191851542818, 5.552232379863077, 7.340253930212496, 6.910202893548061, 6.189052943706331, 6.678001608265754, 8.89078631843101, 8.52499347858988, 8.568757831798026], [2.1388936065171635, 1.0965753599274428, 2.1459655658933587, 3.4802452873324894, 4.672618282076978, 4.8399546330518435, 6.0089738375200135, 7.207106573376032, 7.478550828870524, 8.848951484780555, 2.4331862444128682, 2.5225421265065124, 3.061608761746021, 1.760250689532602, 0.0, 2.492931569457935, 2.406043114742544, 3.735044307635453, 3.853123246147209, 6.09139382571838, 6.288498381171773, 8.107457873464407, 7.316929685325669, 6.773941249376171, 7.630427320275058, 9.615344377088114, 8.943952982881786, 9.215951996945298], [2.7851518109431663, 2.162048105385262, 1.097164317684457, 2.16166705345666, 2.8011463510498693, 2.7494177638183688, 4.237014006349282, 5.279662626532116, 5.832321434043223, 7.100222349335265, 3.75980962416982, 2.5676093102339377, 3.2218759907854926, 3.069751973694292, 2.492931569457935, 0.0, 1.7563339033338736, 3.0668355303145947, 2.490113061690171, 4.710809496254333, 4.419620836678187, 6.191137580445131, 5.156463963803102, 5.227062207397192, 6.2518378849743055, 7.822283534876501, 7.02166251609973, 7.660666681170772], [3.4740587689329607, 2.143950528813573, 1.097524022516136, 2.154699489488035, 2.729309586690378, 2.681908458542163, 4.160282150287405, 5.102908334469667, 5.198371126612643, 6.50420459779672, 4.281827424126292, 3.751387771212141, 3.8713133766203947, 2.4984915969440444, 2.406043114742544, 1.7563339033338736, 0.0, 2.524249680598177, 3.0664689660911293, 4.353779660249241, 4.726995026441218, 6.101224740984387, 5.199559039957139, 4.415089256175916, 5.460656856093413, 7.3313606308788275, 6.582590629076063, 6.846553131320898], [3.444495121204267, 2.7622762171803164, 2.159680071214253, 1.095527498513844, 2.1299432973673267, 3.121227490908024, 2.7755179444564937, 4.1416641268939225, 4.474981092697488, 5.988953808471059, 4.2894571125027, 4.058117536493984, 3.0748362606812094, 2.545544867017669, 3.735044307635453, 3.0668355303145947, 2.524249680598177, 0.0, 1.7803882526011006, 2.476642715451706, 3.213178356394179, 4.847823968545063, 4.680553663830808, 4.160819824265405, 4.358119799867828, 6.520772999422691, 6.387230117977588, 6.463121921331826], [2.8537645680749484, 2.8544083572607475, 2.1687345296278195, 1.094718689892522, 2.1234767858396757, 3.074396965260017, 2.798985125005133, 4.253978010051298, 5.108336544316554, 6.532654018850226, 3.88214152884719, 3.0690786451311403, 2.333339808086255, 3.203234449739825, 3.853123246147209, 2.490113061690171, 3.0664689660911293, 1.7803882526011006, 0.0, 3.0099485859396333, 2.6501516824514026, 4.8632803353292315, 4.513017989106625, 4.927506864530987, 5.247295964589762, 6.970764085808671, 6.727992873807166, 7.2295011211009585], [5.635204250069379, 5.147211895774254, 4.155587815219406, 2.7237729090362874, 2.141713041002459, 3.1746281845280717, 1.0954088095318568, 2.1630445811402037, 2.7084807254252334, 4.138736147666338, 6.561903902069886, 6.02997063840281, 5.048113640757308, 5.021191851542818, 6.09139382571838, 4.710809496254333, 4.353779660249241, 2.476642715451706, 3.0099485859396333, 0.0, 1.7743171897944292, 2.550927958606436, 3.070385282012666, 3.014748591508088, 2.487598434233307, 4.382320897652293, 4.700984533052623, 4.791817370267778], [5.500548382661496, 5.349584945582227, 4.252421246772243, 2.861341840815249, 2.1179481721704145, 3.020056300799705, 1.096047175079613, 2.1518653884478924, 3.4695901616761597, 4.660286492266328, 6.520348778247985, 5.59583669615188, 4.881857253136351, 5.552232379863077, 6.288498381171773, 4.419620836678187, 4.726995026441218, 3.213178356394179, 2.6501516824514026, 1.7743171897944292, 0.0, 2.3825080734385766, 2.553334970190946, 3.8303856907627463, 3.7055268721195374, 4.801358257826633, 4.894759198367168, 5.565891836893707], [7.687336940059281, 7.256280196491863, 5.990158530456435, 4.711167801087115, 3.4699623773176564, 3.8742333770695847, 2.1436949992944427, 1.0970768113491416, 2.1513209360762517, 2.740979071426851, 8.709704056395948, 7.817841122074559, 7.140137124733671, 7.340253930212496, 8.107457873464407, 6.191137580445131, 6.101224740984387, 4.847823968545063, 4.8632803353292315, 2.550927958606436, 2.3825080734385766, 0.0, 1.7616500759231388, 3.0663205605415755, 2.4942176729387513, 2.547312670246823, 3.109683458167406, 3.7421277022571], [7.164223561559201, 6.622290662603084, 5.181743919762921, 4.227037347835952, 2.743069552526877, 2.612419807381654, 2.1679822739127736, 1.0965762080220416, 2.165307927293483, 2.7485802153111707, 8.239111022434399, 7.12708861317158, 6.837372988948314, 6.910202893548061, 7.316929685325669, 5.156463963803102, 5.199559039957139, 4.680553663830808, 4.513017989106625, 3.070385282012666, 2.553334970190946, 1.7616500759231388, 0.0, 2.529754337875518, 3.0707968656360194, 3.101691646505178, 2.559204106748815, 3.755403494965621], [7.186030295650026, 6.197645999087073, 4.860800787936078, 4.1411994941079575, 2.8961323795710725, 2.7095997047534532, 2.7967730994844757, 2.171337580847345, 1.0954286603882517, 2.143179145568564, 8.148572621631349, 7.433300196413434, 7.00444109833183, 6.189052943706331, 6.773941249376171, 5.227062207397192, 4.415089256175916, 4.160819824265405, 4.927506864530987, 3.014748591508088, 3.8303856907627463, 3.0663205605415755, 2.529754337875518, 0.0, 1.7632900668920017, 3.0628235829051595, 2.500828584689482, 2.4677325057631347], [7.70952911337651, 6.878856949377563, 5.721395901351347, 4.638061337455554, 3.5936034199672062, 3.9426277455524508, 2.7731173163066867, 2.1634999445343186, 1.0962294878354621, 2.1456001374906744, 8.627353602930622, 8.096290548763674, 7.300074769480106, 6.678001608265754, 7.630427320275058, 6.2518378849743055, 5.460656856093413, 4.358119799867828, 5.247295964589762, 2.487598434233307, 3.7055268721195374, 2.4942176729387513, 3.0707968656360194, 1.7632900668920017, 0.0, 2.5018947939511764, 3.064603336485816, 2.472337141249146], [9.640030030554884, 8.906262280552935, 7.566750735950008, 6.519071621787876, 5.159159666069659, 5.152037241713224, 4.197812722120891, 2.7804699045305274, 2.1692165152423124, 1.0946462579299305, 10.644876609430472, 9.825099430031228, 9.229252286073883, 8.89078631843101, 9.615344377088114, 7.822283534876501, 7.3313606308788275, 6.520772999422691, 6.970764085808671, 4.382320897652293, 4.801358257826633, 2.547312670246823, 3.101691646505178, 3.0628235829051595, 2.5018947939511764, 0.0, 1.7748348007631585, 1.771900025396467], [9.220558307391153, 8.38514896230234, 6.931920978343593, 6.1700578652067755, 4.693746099865223, 4.273558022304131, 4.2101331404125455, 2.783357706080912, 2.168780408432352, 1.0946512229929677, 10.254835467232033, 9.278995022091562, 8.992074381921006, 8.52499347858988, 8.943952982881786, 7.02166251609973, 6.582590629076063, 6.387230117977588, 6.727992873807166, 4.700984533052623, 4.894759198367168, 3.109683458167406, 2.559204106748815, 2.500828584689482, 3.064603336485816, 1.7748348007631585, 0.0, 1.7720060637593769], [9.623194303868129, 8.648292629762247, 7.328511945818196, 6.53675771694194, 5.239692441355695, 5.02242021738524, 4.693849836754475, 3.472012449574454, 2.1595253436808752, 1.09455534807519, 10.581702188684012, 9.87156199241032, 9.370848440776323, 8.568757831798026, 9.215951996945298, 7.660666681170772, 6.846553131320898, 6.463121921331826, 7.2295011211009585, 4.791817370267778, 5.565891836893707, 3.7421277022571, 3.755403494965621, 2.4677325057631347, 2.472337141249146, 1.771900025396467, 1.7720060637593769, 0.0]]}