{"total energy": -48.88504774, "HOMO-LUMO gap/eV": 2.82388012, "electronic energy": -49.40819268, "dipole": [2.41424819, 2.08279376, -0.02900265], "partial charges": [-0.1130515, 0.08213833, -0.26473819, 0.15018248, -0.06423497, -0.03842138, 0.07033327, -0.25635046, -0.00449662, 0.05737686, 0.01827384, -0.06318864, 1.12469852, -0.42925743, -0.56162857, -0.54775379, 0.04980643, 0.05770814, 0.05778475, 0.03665864, 0.0367537, 0.05269631, 0.06429749, 0.07152015, 0.20636161, 0.20653101], "atomic dipole moments": [[-0.12170486, 0.05881264, -0.0397572], [-0.10776804, -0.19560046, 0.05163666], [-0.05138178, 0.21960949, -0.08538028], [0.22712499, -0.01443859, 0.04113249], [0.01504158, -0.04506339, 0.01799362], [-0.01845107, -0.03535646, 0.00915646], [-0.10337993, -0.0559962, 0.00274135], [0.13484207, -0.19498747, 0.08962191], [-0.04768455, -0.12588524, 0.03338869], [-0.18060453, 0.24083743, -0.11678785], [-0.12413348, -0.11308587, 0.01933788], [-0.00601782, 0.03913085, -0.01451361], [-0.00058833, 0.07421917, -0.02674574], [0.15491391, -0.01822864, 0.0997232], [0.05198092, 0.0191636, -0.17674006], [0.00255351, 0.11716988, 0.13828447], [0.09086478, 0.08998219, -0.01726347], [0.0021609, -0.03959342, 0.12282972], [0.03191676, -0.10595617, -0.06644457], [-0.02525733, 0.09594778, 0.07419259], [0.00536734, 0.02766341, -0.12069288], [0.08565923, 0.12520477, -0.02992072], [-0.05474922, 0.13442865, -0.05558779], [0.05577598, -0.13855868, 0.05703187], [0.07977077, 0.05299582, -0.06554539], [-0.02732426, 0.04831153, 0.10122875]], "atomic quadrupole moments": [[0.2121458, -0.12064125, -0.09274587, 0.09897859, -0.03851682, -0.11939993], [0.2493904, 0.23667488, 0.08985853, 0.01718644, -0.13007027, -0.33924893], [0.06580092, 0.07249971, 0.02417683, 0.00119423, -0.03268941, -0.08997775], [0.11455078, -0.08253514, -0.36560691, -0.00605168, 0.22930555, 0.25105613], [-0.21219202, -0.04048776, -0.16645526, -0.09455266, 0.21441963, 0.37864728], [-0.2712982, -0.00056532, -0.16000018, -0.12868849, 0.24223223, 0.43129837], [-0.04972286, 0.01811614, -0.17940352, -0.06156071, 0.16872437, 0.22912639], [-0.098544, -0.03559772, -0.10163718, -0.04362751, 0.11514515, 0.20018118], [0.16694611, -0.00990157, -0.30817722, -0.0028768, 0.17780049, 0.14123111], [0.17931461, -0.00659323, 0.06999916, 0.07919132, -0.13235374, -0.24931377], [-0.11536315, 0.19233661, -0.05407395, -0.12297869, 0.13123409, 0.1694371], [-0.15288692, -0.00887065, -0.20398116, -0.09324064, 0.22614334, 0.35686809], [0.22941834, -0.04167184, 0.12532328, 0.0775146, -0.19807367, -0.35474162], [-0.05936149, -0.13202541, 0.14999309, 0.04564964, -0.08833058, -0.0906316], [-0.04832733, 0.01108243, -0.08254205, -0.07769103, -0.04206326, 0.13086938], [-0.07177424, 0.00995032, 0.02813157, 0.01873101, 0.12569471, 0.04364268], [0.01737871, 0.05891751, 0.02986393, -0.00965759, -0.01965964, -0.04724265], [-0.03402702, -0.00924032, -0.03953729, -0.01119481, -0.02572288, 0.07356431], [-0.03493727, -0.02320856, 0.02734776, -0.00314471, 0.05811672, 0.00758952], [0.00037208, -0.00756201, 0.01088997, -0.01228685, 0.03177927, -0.01126205], [-0.00654497, 0.00886194, -0.02765588, 0.00621837, -0.0152197, 0.03420085], [0.05160273, 0.00561769, 0.00448536, 0.01695429, -0.02400216, -0.05608809], [0.03055458, 0.00470227, 0.01887276, 0.01293448, -0.02695612, -0.04942734], [0.02839683, 0.00551903, 0.01537377, 0.0111781, -0.02312997, -0.0437706], [-0.04060486, 0.03104028, 0.01989484, -0.05675244, -0.0735612, 0.02071002], [-0.04543396, -0.05027214, 0.02918406, -0.05053381, 0.06144054, 0.0162499]], "number of molecular orbitals": 84, "number of electrons": 86, "number of unpaired electrons": 0, "orbital energies/eV": [-21.46408208, -20.75692863, -19.91689189, -18.79132518, -18.61264462, -18.4321709, -18.2155287, -17.77031854, -17.61351125, -17.41691807, -17.01017111, -16.80063493, -16.70153409, -16.18821082, -16.0450457, -15.74393632, -15.62984089, -15.30653502, -15.13377929, -15.11551082, -14.80449322, -14.67953271, -14.54783809, -14.170669, -14.0223483, -13.91314569, -13.78081893, -13.67327978, -13.4682964, -13.08054648, -12.99864343, -12.98405185, -12.70682103, -12.51505128, -12.44719619, -12.38817906, -12.326058, -12.27440562, -12.16143821, -11.7888919, -11.46364561, -11.35550289, -10.86881511, -8.044935, -7.03102012, -6.18209418, -6.07170219, -4.50855237, -3.59968804, -3.4724379, -2.9365086, -2.22416777, -1.03278512, -0.63603955, 0.04194928, 0.42500673, 0.61967272, 1.46689896, 1.97012305, 2.12094781, 2.86395475, 3.17486345, 3.37059312, 3.53695472, 3.90534018, 4.10423936, 4.28100256, 4.41766448, 4.95964365, 6.07757641, 6.4504487, 6.65736956, 6.70067784, 8.71798561, 9.63666086, 10.30945096, 11.38830218, 12.05152916, 13.13409191, 15.44439902, 16.02883691, 17.37761285, 26.69088375, 30.6469866], "fractional occupation": [2.0, 2.0, 2.0, 2.0, 2.0, 2.0, 2.0, 2.0, 2.0, 2.0, 2.0, 2.0, 2.0, 2.0, 2.0, 2.0, 2.0, 2.0, 2.0, 2.0, 2.0, 2.0, 2.0, 2.0, 2.0, 2.0, 2.0, 2.0, 2.0, 2.0, 2.0, 2.0, 2.0, 2.0, 2.0, 2.0, 2.0, 2.0, 2.0, 2.0, 2.0, 2.0, 2.0, 0.0, 0.0, 0.0, 0.0, 0.0, 0.0, 0.0, 0.0, 0.0, 0.0, 0.0, 0.0, 0.0, 0.0, 0.0, 0.0, 0.0, 0.0, 0.0, 0.0, 0.0, 0.0, 0.0, 0.0, 0.0, 0.0, 0.0, 0.0, 0.0, 0.0, 0.0, 0.0, 0.0, 0.0, 0.0, 0.0, 0.0, 0.0, 0.0, 0.0, 0.0], "program call": "xtb /home/svss/Project-DBcg-Debug/aqme2_20220329/End-to-End-workflows-final/example-3/QDESCP/mol_402_rdkit_conf_2/mol_402_rdkit_conf_2.xyz --pop --wbo --acc 0.2 --gfn 2 --chrg 0 --uhf 0 --etemp 300 --input /home/svss/Project-DBcg-Debug/aqme2_20220329/End-to-End-workflows-final/example-3/QDESCP/mol_402_rdkit_conf_2/mol_402_rdkit_conf_2_xtb.inp", "method": "GFN2-xTB", "xtb version": "6.3.3 (7355c4f)", "Dipole module/D": 8.105, "Total charge": 0, "Transition dipole module/D": NaN, "HOMO": -10.8688, "LUMO": -8.0449, "HOMO occupancy": 2.0, "LUMO occupancy": 0, "mulliken charges": [-0.09094, 0.20098, -0.4214, 0.26307, -0.08992, -0.03206, 0.11956, -0.35284, 0.25913, 0.00798, 0.04941, -0.08116, 0.5168, -0.35687, -0.39579, -0.38301, 0.03304, 0.04504, 0.04512, 0.02338, 0.02349, 0.04302, 0.04881, 0.06228, 0.2281, 0.23477], "cm5 charges": [-0.23774, 0.11688, -0.5057, 0.27912, -0.14121, -0.07952, 0.18467, -0.5265, 0.36837, -0.01752, 0.06612, -0.12616, 0.6381, -0.77829, -0.44173, -0.42679, 0.08421, 0.09827, 0.09836, 0.0861, 0.08622, 0.10175, 0.10664, 0.12194, 0.41892, 0.42548], "FUKUI+": [0.009, 0.011, -0.044, -0.044, -0.02, -0.049, -0.01, -0.105, -0.031, -0.238, 0.01, -0.029, -0.084, -0.011, -0.032, -0.034, -0.022, -0.013, -0.013, -0.016, -0.016, -0.06, -0.062, -0.052, -0.016, -0.027], "FUKUI-": [0.015, 0.017, -0.094, -0.024, -0.012, -0.03, -0.022, -0.056, 0.011, -0.188, 0.007, -0.043, -0.067, -0.034, -0.034, -0.034, -0.034, -0.032, -0.032, -0.058, -0.058, -0.043, -0.05, -0.049, -0.023, -0.031], "FUKUIrad": [0.012, 0.014, -0.069, -0.034, -0.016, -0.04, -0.016, -0.081, -0.01, -0.213, 0.008, -0.036, -0.076, -0.023, -0.033, -0.034, -0.028, -0.022, -0.022, -0.037, -0.037, -0.051, -0.056, -0.051, -0.019, -0.029], "s proportion": [1.01, 0.992, 1.686, 1.019, 1.058, 1.065, 1.041, 1.568, 1.061, 1.911, 1.082, 1.055, 1.706, 1.469, 1.723, 1.722, 0.967, 0.955, 0.955, 0.977, 0.977, 0.957, 0.951, 0.938, 0.772, 0.765], "p proportion": [3.081, 2.807, 4.735, 2.718, 3.032, 2.967, 2.839, 3.785, 2.68, 4.063, 2.869, 3.026, 2.809, 3.888, 4.673, 4.661, 0.0, 0.0, 0.0, 0.0, 0.0, 0.0, 0.0, 0.0, 0.0, 0.0], "d proportion": [0.0, 0.0, 0.0, 0.0, 0.0, 0.0, 0.0, 0.0, 0.0, 0.018, 0.0, 0.0, 0.968, 0.0, 0.0, 0.0, 0.0, 0.0, 0.0, 0.0, 0.0, 0.0, 0.0, 0.0, 0.0, 0.0], "Fermi-level/eV": -9.4569, "Coordination numbers": [3.748, 3.691, 1.704, 2.857, 2.909, 2.912, 3.227, 1.94, 3.02, 2.396, 2.989, 2.926, 3.779, 2.632, 0.86, 0.86, 0.924, 0.924, 0.924, 0.924, 0.924, 0.925, 0.925, 0.925, 0.862, 0.862], "Dispersion coefficient C6": [22.73, 19.388, 18.388, 24.737, 29.598, 28.955, 25.679, 27.507, 28.112, 138.731, 27.593, 29.572, 103.146, 31.202, 25.193, 24.868, 2.322, 2.226, 2.225, 2.494, 2.493, 2.286, 2.149, 2.069, 1.074, 1.073], "Total dispersion C6": 11430.768659, "Total dispersion C8": 317720.950235, "Polarizability alpha": [6.8, 6.301, 5.79, 8.152, 8.921, 8.824, 8.232, 7.777, 8.697, 19.824, 8.617, 8.918, 17.093, 8.296, 6.73, 6.686, 2.383, 2.333, 2.333, 2.47, 2.469, 2.365, 2.293, 2.249, 1.623, 1.622], "Total polarizability alpha": 167.797262, "Wiberg matrix": [[0.0, 1.0170792002312523, 0.0, 0.0, 0.0, 0.0, 0.0, 0.0, 0.0, 0.0, 0.0, 0.0, 0.0, 0.0, 0.0, 0.0, 0.9839952577844031, 0.9853182013873573, 0.9853120281598664, 0.0, 0.0, 0.0, 0.0, 0.0, 0.0, 0.0], [1.0170792002312523, 0.0, 0.9583167607267006, 0.0, 0.0, 0.0, 0.0, 0.0, 0.0, 0.0, 0.0, 0.0, 0.0, 0.0, 0.0, 0.0, 0.0, 0.0, 0.0, 0.9694209875234845, 0.9694377023337457, 0.0, 0.0, 0.0, 0.0, 0.0], [0.0, 0.9583167607267006, 0.0, 1.0795512080140026, 0.0, 0.0, 0.0, 0.0, 0.0, 0.0, 0.0, 0.0, 0.0, 0.0, 0.0, 0.0, 0.0, 0.0, 0.0, 0.0, 0.0, 0.0, 0.0, 0.0, 0.0, 0.0], [0.0, 0.0, 1.0795512080140026, 0.0, 1.3321234744203492, 0.0, 0.0, 0.0, 0.0, 0.0, 0.0, 1.3772290228544986, 0.0, 0.0, 0.0, 0.0, 0.0, 0.0, 0.0, 0.0, 0.0, 0.0, 0.0, 0.0, 0.0, 0.0], [0.0, 0.0, 0.0, 1.3321234744203492, 0.0, 1.4881741968820381, 0.0, 0.0, 0.0, 0.0, 0.0, 0.0, 0.0, 0.0, 0.0, 0.0, 0.0, 0.0, 0.0, 0.0, 0.0, 0.9645368942815912, 0.0, 0.0, 0.0, 0.0], [0.0, 0.0, 0.0, 0.0, 1.4881741968820381, 0.0, 1.3201349782136071, 0.0, 0.0, 0.0, 0.0, 0.12026267142488414, 0.0, 0.0, 0.0, 0.0, 0.0, 0.0, 0.0, 0.0, 0.0, 0.0, 0.9668678170125173, 0.0, 0.0, 0.0], [0.0, 0.0, 0.0, 0.0, 0.0, 1.3201349782136071, 0.0, 1.183725050892024, 0.0, 0.0, 1.2763150827482952, 0.0, 0.0, 0.0, 0.0, 0.0, 0.0, 0.0, 0.0, 0.0, 0.0, 0.0, 0.0, 0.0, 0.0, 0.0], [0.0, 0.0, 0.0, 0.0, 0.0, 0.0, 1.183725050892024, 0.0, 1.60653263964503, 0.18822294679636706, 0.0, 0.0, 0.0, 0.0, 0.0, 0.0, 0.0, 0.0, 0.0, 0.0, 0.0, 0.0, 0.0, 0.0, 0.0, 0.0], [0.0, 0.0, 0.0, 0.0, 0.0, 0.0, 0.0, 1.60653263964503, 0.0, 1.1918790908553092, 0.0, 0.0, 0.7562071006270912, 0.0, 0.0, 0.0, 0.0, 0.0, 0.0, 0.0, 0.0, 0.0, 0.0, 0.0, 0.0, 0.0], [0.0, 0.0, 0.0, 0.0, 0.0, 0.0, 0.0, 0.18822294679636706, 1.1918790908553092, 0.0, 1.1232588119890334, 0.0, 0.0, 0.0, 0.0, 0.0, 0.0, 0.0, 0.0, 0.0, 0.0, 0.0, 0.0, 0.0, 0.0, 0.0], [0.0, 0.0, 0.0, 0.0, 0.0, 0.0, 1.2763150827482952, 0.0, 0.0, 1.1232588119890334, 0.0, 1.3790256474493578, 0.0, 0.0, 0.0, 0.0, 0.0, 0.0, 0.0, 0.0, 0.0, 0.0, 0.0, 0.0, 0.0, 0.0], [0.0, 0.0, 0.0, 1.3772290228544986, 0.0, 0.12026267142488414, 0.0, 0.0, 0.0, 0.0, 1.3790256474493578, 0.0, 0.0, 0.0, 0.0, 0.0, 0.0, 0.0, 0.0, 0.0, 0.0, 0.0, 0.0, 0.9647896966967141, 0.0, 0.0], [0.0, 0.0, 0.0, 0.0, 0.0, 0.0, 0.0, 0.0, 0.7562071006270912, 0.0, 0.0, 0.0, 0.0, 0.9612879416105569, 1.6126824337038177, 1.623458204806791, 0.0, 0.0, 0.0, 0.0, 0.0, 0.0, 0.0, 0.0, 0.0, 0.0], [0.0, 0.0, 0.0, 0.0, 0.0, 0.0, 0.0, 0.0, 0.0, 0.0, 0.0, 0.0, 0.9612879416105569, 0.0, 0.0, 0.0, 0.0, 0.0, 0.0, 0.0, 0.0, 0.0, 0.0, 0.0, 0.9368171384984216, 0.9418489863377646], [0.0, 0.0, 0.0, 0.0, 0.0, 0.0, 0.0, 0.0, 0.0, 0.0, 0.0, 0.0, 1.6126824337038177, 0.0, 0.0, 0.11970052863513383, 0.0, 0.0, 0.0, 0.0, 0.0, 0.0, 0.0, 0.0, 0.0, 0.0], [0.0, 0.0, 0.0, 0.0, 0.0, 0.0, 0.0, 0.0, 0.0, 0.0, 0.0, 0.0, 1.623458204806791, 0.0, 0.11970052863513383, 0.0, 0.0, 0.0, 0.0, 0.0, 0.0, 0.0, 0.0, 0.0, 0.0, 0.0], [0.9839952577844031, 0.0, 0.0, 0.0, 0.0, 0.0, 0.0, 0.0, 0.0, 0.0, 0.0, 0.0, 0.0, 0.0, 0.0, 0.0, 0.0, 0.0, 0.0, 0.0, 0.0, 0.0, 0.0, 0.0, 0.0, 0.0], [0.9853182013873573, 0.0, 0.0, 0.0, 0.0, 0.0, 0.0, 0.0, 0.0, 0.0, 0.0, 0.0, 0.0, 0.0, 0.0, 0.0, 0.0, 0.0, 0.0, 0.0, 0.0, 0.0, 0.0, 0.0, 0.0, 0.0], [0.9853120281598664, 0.0, 0.0, 0.0, 0.0, 0.0, 0.0, 0.0, 0.0, 0.0, 0.0, 0.0, 0.0, 0.0, 0.0, 0.0, 0.0, 0.0, 0.0, 0.0, 0.0, 0.0, 0.0, 0.0, 0.0, 0.0], [0.0, 0.9694209875234845, 0.0, 0.0, 0.0, 0.0, 0.0, 0.0, 0.0, 0.0, 0.0, 0.0, 0.0, 0.0, 0.0, 0.0, 0.0, 0.0, 0.0, 0.0, 0.0, 0.0, 0.0, 0.0, 0.0, 0.0], [0.0, 0.9694377023337457, 0.0, 0.0, 0.0, 0.0, 0.0, 0.0, 0.0, 0.0, 0.0, 0.0, 0.0, 0.0, 0.0, 0.0, 0.0, 0.0, 0.0, 0.0, 0.0, 0.0, 0.0, 0.0, 0.0, 0.0], [0.0, 0.0, 0.0, 0.0, 0.9645368942815912, 0.0, 0.0, 0.0, 0.0, 0.0, 0.0, 0.0, 0.0, 0.0, 0.0, 0.0, 0.0, 0.0, 0.0, 0.0, 0.0, 0.0, 0.0, 0.0, 0.0, 0.0], [0.0, 0.0, 0.0, 0.0, 0.0, 0.9668678170125173, 0.0, 0.0, 0.0, 0.0, 0.0, 0.0, 0.0, 0.0, 0.0, 0.0, 0.0, 0.0, 0.0, 0.0, 0.0, 0.0, 0.0, 0.0, 0.0, 0.0], [0.0, 0.0, 0.0, 0.0, 0.0, 0.0, 0.0, 0.0, 0.0, 0.0, 0.0, 0.9647896966967141, 0.0, 0.0, 0.0, 0.0, 0.0, 0.0, 0.0, 0.0, 0.0, 0.0, 0.0, 0.0, 0.0, 0.0], [0.0, 0.0, 0.0, 0.0, 0.0, 0.0, 0.0, 0.0, 0.0, 0.0, 0.0, 0.0, 0.0, 0.9368171384984216, 0.0, 0.0, 0.0, 0.0, 0.0, 0.0, 0.0, 0.0, 0.0, 0.0, 0.0, 0.0], [0.0, 0.0, 0.0, 0.0, 0.0, 0.0, 0.0, 0.0, 0.0, 0.0, 0.0, 0.0, 0.0, 0.9418489863377646, 0.0, 0.0, 0.0, 0.0, 0.0, 0.0, 0.0, 0.0, 0.0, 0.0, 0.0, 0.0]], "Born radii": [], "Atomic SASAs": [], "Solvent H bonds": [], "Total SASA": NaN, "Total FOD": 0.0, "FOD": [0.0, 0.0, 0.0, 0.0, 0.0, 0.0, 0.0, 0.0, 0.0, 0.0, 0.0, 0.0, 0.0, 0.0, 0.0, 0.0, 0.0, 0.0, 0.0, 0.0, 0.0, 0.0, 0.0, 0.0, 0.0, 0.0], "FOD s proportion": [0.0, 0.0, 0.0, 0.0, 0.0, 0.0, 0.0, 0.0, 0.0, 0.0, 0.0, 0.0, 0.0, 0.0, 0.0, 0.0, 0.0, 0.0, 0.0, 0.0, 0.0, 0.0, 0.0, 0.0, 0.0, 0.0], "FOD p proportion": [0.0, 0.0, 0.0, 0.0, 0.0, 0.0, 0.0, 0.0, 0.0, 0.0, 0.0, 0.0, 0.0, 0.0, 0.0, 0.0, 0.0, 0.0, 0.0, 0.0, 0.0, 0.0, 0.0, 0.0, 0.0, 0.0], "FOD d proportion": [0.0, 0.0, 0.0, 0.0, 0.0, 0.0, 0.0, 0.0, 0.0, 0.0, 0.0, 0.0, 0.0, 0.0, 0.0, 0.0, 0.0, 0.0, 0.0, 0.0, 0.0, 0.0, 0.0, 0.0, 0.0, 0.0], "coordinates": [["5.17570", "0.28360", "0.55820"], ["3.80050", "0.79160", "0.16410"], ["2.86270", "-0.26070", "0.38570"], ["1.55090", "-0.00740", "0.08800"], ["1.04520", "1.19060", "-0.40940"], ["-0.32420", "1.33120", "-0.67690"], ["-1.20310", "0.25560", "-0.44310"], ["-2.57080", "0.26220", "-0.66340"], ["-3.05350", "-0.92000", "-0.32930"], ["-1.95410", "-2.08180", "0.24930"], ["-0.67720", "-0.93950", "0.05650"], ["0.69260", "-1.08790", "0.32690"], ["-4.76630", "-1.37780", "-0.44830"], ["-5.59330", "-0.00130", "-0.98820"], ["-5.21640", "-1.60830", "0.90610"], ["-4.84760", "-2.37310", "-1.49200"], ["5.93490", "1.05610", "0.40670"], ["5.18700", "-0.02210", "1.60970"], ["5.44510", "-0.59790", "-0.03290"], ["3.54930", "1.66100", "0.78250"], ["3.81290", "1.07290", "-0.89520"], ["1.68610", "2.04480", "-0.60440"], ["-0.71370", "2.26750", "-1.06510"], ["1.08440", "-2.02410", "0.71480"], ["-5.00390", "0.54020", "-1.62370"], ["-5.90330", "0.54460", "-0.18400"]], "bond_dist": [[0.0, 1.5180757062808166, 2.3824331554106615, 3.6667347981548923, 4.338194210728698, 5.733396705269922, 6.456971049183975, 7.842259034869991, 8.363972850864593, 7.5182833419604504, 6.000342899368335, 4.693900036217218, 10.129987966922764, 10.883192636813886, 10.568635788501748, 10.570142753056837, 1.0936604317611567, 1.0950947127988517, 1.094996721456279, 2.1430628105587575, 2.1430328718897433, 4.0780843983419475, 6.423082940457799, 4.699865800211747, 10.413970776317745, 11.106899785268615], [1.5180757062808166, 0.0, 1.4268534227453078, 2.388491651649635, 2.8424956182903784, 4.244007451689971, 5.0687277299140865, 6.446587027257136, 7.081690060995327, 6.432659462461851, 4.801883199329197, 3.6356658949909026, 8.858408003699084, 9.49736616857537, 9.360265467389267, 9.35668888603228, 2.164365581411791, 2.1620012257165815, 2.1619963945390843, 1.0960731544928923, 1.0960839110214142, 2.575226174533025, 4.905834800520702, 3.950776656557543, 8.987596461791105, 9.713182642676909], [2.3824331554106615, 1.4268534227453078, 0.0, 1.368797070423516, 2.457999582994269, 3.7174717187895316, 4.181411815403979, 5.5585031681199935, 5.995608720555404, 5.151366072218125, 3.6193969235219283, 2.323155459714222, 7.75532780802978, 8.5708124218186, 8.207234536066336, 8.211986187275281, 3.342576263901843, 2.637702873714172, 2.637748956970697, 2.0788941026420757, 2.0789597903759467, 2.771284146384127, 4.613811097130007, 2.5259131536931347, 8.158585951621765, 8.821327688052405], [3.6667347981548923, 2.388491651649635, 1.368797070423516, 0.0, 1.3922439620985974, 2.427534135702318, 2.817046717752476, 4.198296917798931, 4.712481024895485, 4.0760493188871, 2.415415548099333, 1.4004400558395922, 6.4863417802332926, 7.224807076316986, 7.002036682994456, 7.002409495309454, 4.522395155224719, 3.9417014333914233, 3.9405711134301336, 2.694344330259219, 2.6926519140059675, 2.170074109333596, 3.4107510580515843, 2.162771226921608, 6.796704031366969, 7.479557850568442], [4.338194210728698, 2.8424956182903784, 2.457999582994269, 1.3922439620985974, 0.0, 1.4023483768308074, 2.435202985379248, 3.7419110839248972, 4.61089905116128, 4.487570382734961, 2.7786778474663087, 2.4203360717057456, 6.353874724921795, 6.769439954678674, 6.983696443861231, 6.971160039046585, 4.9591607707353065, 4.764652488901998, 4.764410195396699, 2.812902163247062, 2.812475461226284, 1.0855576677450165, 2.164113053886049, 3.405827119805114, 6.20396288351244, 6.982103795418683], [5.733396705269922, 4.244007451689971, 3.7174717187895316, 2.427534135702318, 1.4023483768308074, 0.0, 1.4085606163740345, 2.4880021724267047, 3.554969154577857, 3.893968342192833, 2.412169780508826, 2.8095447122265202, 5.207993027069064, 5.44388452761445, 5.922851516794929, 5.903166443528423, 6.358160251204746, 6.118274747835374, 6.117269431699081, 4.152423226261986, 4.1508999253174, 2.1344290337230705, 1.0858485990229025, 3.896026301245924, 4.839597434704667, 5.655797625445945], [6.456971049183975, 5.0687277299140865, 4.181411815403979, 2.817046717752476, 2.435202985379248, 1.4085606163740345, 0.0, 1.3853443398664465, 2.1952143312214414, 2.550854272591831, 1.398011080070541, 2.4477685225527352, 3.919747037756391, 4.431364085696413, 4.6261258889053165, 4.614394342706309, 7.232842061734792, 6.717475950087206, 6.715302638749797, 5.105149388607545, 5.102218115682629, 3.4021656294190024, 2.1619754785843437, 3.4308046796633582, 3.990099517555922, 4.716199089309101], [7.842259034869991, 6.446587027257136, 5.5585031681199935, 4.198296917798931, 3.7419110839248972, 2.4880021724267047, 1.3853443398664465, 0.0, 1.3199314148848795, 2.58991818017481, 2.3554319901028773, 3.6678663634325614, 2.748833981891231, 3.0513003031494623, 3.600180531584493, 3.5798327181587686, 8.609432252477513, 8.088959818171926, 8.086529235092149, 6.442273842363425, 6.439145239859092, 4.615445955701356, 2.7625009303165857, 4.5262666702261365, 2.63048202807014, 3.3786284746920603], [8.363972850864593, 7.081690060995327, 5.995608720555404, 4.712481024895485, 4.61089905116128, 3.554969154577857, 2.1952143312214414, 1.3199314148848795, 0.0, 1.7009519569934948, 2.40749321494371, 3.8068430569173723, 1.776914651861479, 2.780061679171885, 2.584203254390026, 2.5849885318894548, 9.232442892864272, 8.513036218647258, 8.509865059447183, 7.175975758041551, 7.172122571456794, 5.597278553904567, 4.021967420305639, 4.408105945868361, 2.758933772311325, 3.207417230420763], [7.5182833419604504, 6.432659462461851, 5.151366072218125, 4.0760493188871, 4.487570382734961, 3.893968342192833, 2.550854272591831, 2.58991818017481, 1.7009519569934948, 0.0, 1.7240924395170927, 2.8282291031668563, 2.9817328183457352, 4.3707737461460985, 3.361277998023966, 3.3895904811643542, 8.491614226400067, 7.555684049773388, 7.551804863077436, 6.676845485706555, 6.672353508320732, 5.568544449854019, 4.709846070733097, 3.0744921190336463, 4.436698439154953, 4.762552518345598], [6.000342899368335, 4.801883199329197, 3.6193969235219283, 2.415415548099333, 2.7786778474663087, 2.412169780508826, 1.398011080070541, 2.3554319901028773, 2.40749321494371, 1.7240924395170927, 0.0, 1.4040978455933903, 4.143388557690432, 5.112695623641212, 4.666202978868364, 4.673895310124093, 6.91555679681687, 6.135380561953757, 6.132474232314394, 5.015274518907216, 5.0116349288430815, 3.863679876749625, 3.397670939040448, 2.1709331196515476, 4.871644180356361, 5.438061628006803], [4.693900036217218, 3.6356658949909026, 2.323155459714222, 1.4004400558395922, 2.4203360717057456, 2.8095447122265202, 2.4477685225527352, 3.6678663634325614, 3.8068430569173723, 2.8282291031668563, 1.4040978455933903, 0.0, 5.521283026616187, 6.513273092693104, 5.9600813585051, 5.971093056551706, 5.664345798942716, 4.793864499545227, 4.791222421261614, 3.9905835989238465, 3.9873370988668615, 3.41587049373948, 3.895388664818955, 1.0864824388824696, 6.237440358031489, 6.814100958306972], [10.129987966922764, 8.858408003699084, 7.75532780802978, 6.4863417802332926, 6.353874724921795, 5.207993027069064, 3.919747037756391, 2.748833981891231, 1.776914651861479, 2.9817328183457352, 4.143388557690432, 5.521283026616187, 0.0, 1.6941585699101485, 1.4457246003302289, 1.444486576607758, 11.00775070802387, 10.253851343763474, 10.249560533505814, 8.938589230969281, 8.933550399477243, 7.305615903536128, 5.485637710421642, 6.000099648339185, 2.2620218654999777, 2.2490543012564186], [10.883192636813886, 9.49736616857537, 8.5708124218186, 7.224807076316986, 6.769439954678674, 5.44388452761445, 4.431364085696413, 3.0513003031494623, 2.780061679171885, 4.3707737461460985, 5.112695623641212, 6.513273092693104, 1.6941585699101485, 0.0, 2.51254355186134, 2.5367928906396755, 11.660327440085032, 11.088930748273253, 11.09571107275239, 9.459691038295066, 9.46779557658487, 7.571227906357065, 5.381808544532219, 7.182172800065451, 1.0219955283659514, 1.0202178443842276], [10.568635788501748, 9.360265467389267, 8.207234536066336, 7.002036682994456, 6.983696443861231, 5.922851516794929, 4.6261258889053165, 3.600180531584493, 2.584203254390026, 3.361277998023966, 4.666202978868364, 5.9600813585051, 1.4457246003302289, 2.51254355186134, 0.0, 2.5439764326738565, 11.476058531133413, 10.547123539619701, 10.750358664249301, 9.356339879461412, 9.589670151783114, 7.954323108222346, 6.259533718257296, 6.317401836989634, 3.325822686193598, 2.5090093722423594], [10.570142753056837, 9.35668888603228, 8.211986187275281, 7.002409495309454, 6.971160039046585, 5.903166443528423, 4.614394342706309, 3.5798327181587686, 2.5849885318894548, 3.3895904811643542, 4.673895310124093, 5.971093056551706, 1.444486576607758, 2.5367928906396755, 2.5439764326738565, 0.0, 11.47287150542531, 10.762942954879954, 10.546088428417429, 9.589329625682913, 9.339986428790995, 7.936933278036297, 6.229489640411965, 6.338800457499826, 2.920460831786655, 3.367245132151801], [1.0936604317611567, 2.164365581411791, 3.342576263901843, 4.522395155224719, 4.9591607707353065, 6.358160251204746, 7.232842061734792, 8.609432252477513, 9.232442892864272, 8.491614226400067, 6.91555679681687, 5.664345798942716, 11.00775070802387, 11.660327440085032, 11.476058531133413, 11.47287150542531, 0.0, 1.78019062181554, 1.7801315119956727, 2.489621860845538, 2.4896003394119304, 4.4779629676896615, 6.916470715617901, 5.75412094937185, 11.137595001166096, 11.86395962484701], [1.0950947127988517, 2.1620012257165815, 2.637702873714172, 3.9417014333914233, 4.764652488901998, 6.118274747835374, 6.717475950087206, 8.088959818171926, 8.513036218647258, 7.555684049773388, 6.135380561953757, 4.793864499545227, 10.253851343763474, 11.088930748273253, 10.547123539619701, 10.762942954879954, 1.78019062181554, 0.0, 1.759629509300182, 2.4898085749711765, 3.0596894973183146, 4.629321249384191, 6.871323285219522, 4.651900339646154, 10.70632988750113, 11.248700488056386], [1.094996721456279, 2.1619963945390843, 2.637748956970697, 3.9405711134301336, 4.764410195396699, 6.117269431699081, 6.715302638749797, 8.086529235092149, 8.509865059447183, 7.551804863077436, 6.132474232314394, 4.791222421261614, 10.249560533505814, 11.09571107275239, 10.750358664249301, 10.546088428417429, 1.7801315119956727, 1.759629509300182, 0.0, 3.059667303809354, 2.4898214333562154, 4.630394857892791, 6.870718407852268, 4.6485273173339525, 10.630499388551792, 11.406766413844021], [2.1430628105587575, 1.0960731544928923, 2.0788941026420757, 2.694344330259219, 2.812902163247062, 4.152423226261986, 5.105149388607545, 6.442273842363425, 7.175975758041551, 6.676845485706555, 5.015274518907216, 3.9905835989238465, 8.938589230969281, 9.459691038295066, 9.356339879461412, 9.589329625682913, 2.489621860845538, 2.4898085749711765, 3.059667303809354, 0.0, 1.7972267135784512, 2.3542107573452298, 4.685577553514614, 4.433991126513448, 8.95562512167632, 9.56724192074184], [2.1430328718897433, 1.0960839110214142, 2.0789597903759467, 2.6926519140059675, 2.812475461226284, 4.1508999253174, 5.102218115682629, 6.439145239859092, 7.172122571456794, 6.672353508320732, 5.0116349288430815, 3.9873370988668615, 8.933550399477243, 9.46779557658487, 9.589670151783114, 9.339986428790995, 2.4896003394119304, 3.0596894973183146, 2.4898214333562154, 1.7972267135784512, 0.0, 2.3563600085725445, 4.684660364423444, 4.430374843057864, 8.862868823355111, 9.756508021315824], [4.0780843983419475, 2.575226174533025, 2.771284146384127, 2.170074109333596, 1.0855576677450165, 2.1344290337230705, 3.4021656294190024, 4.615445955701356, 5.597278553904567, 5.568544449854019, 3.863679876749625, 3.41587049373948, 7.305615903536128, 7.571227906357065, 7.954323108222346, 7.936933278036297, 4.4779629676896615, 4.629321249384191, 4.630394857892791, 2.3542107573452298, 2.3563600085725445, 0.0, 2.4537481166574535, 4.319522975977787, 6.932452210437516, 7.747666007256636], [6.423082940457799, 4.905834800520702, 4.613811097130007, 3.4107510580515843, 2.164113053886049, 1.0858485990229025, 2.1619754785843437, 2.7625009303165857, 4.021967420305639, 4.709846070733097, 3.397670939040448, 3.895388664818955, 5.485637710421642, 5.381808544532219, 6.259533718257296, 6.229489640411965, 6.916470715617901, 6.871323285219522, 6.870718407852268, 4.685577553514614, 4.684660364423444, 2.4537481166574535, 0.0, 4.981870951760994, 4.658477786788298, 5.538652343305183], [4.699865800211747, 3.950776656557543, 2.5259131536931347, 2.162771226921608, 3.405827119805114, 3.896026301245924, 3.4308046796633582, 4.5262666702261365, 4.408105945868361, 3.0744921190336463, 2.1709331196515476, 1.0864824388824696, 6.000099648339185, 7.182172800065451, 6.317401836989634, 6.338800457499826, 5.75412094937185, 4.651900339646154, 4.6485273173339525, 4.433991126513448, 4.430374843057864, 4.319522975977787, 4.981870951760994, 0.0, 7.007967867363549, 7.498934085588431], [10.413970776317745, 8.987596461791105, 8.158585951621765, 6.796704031366969, 6.20396288351244, 4.839597434704667, 3.990099517555922, 2.63048202807014, 2.758933772311325, 4.436698439154953, 4.871644180356361, 6.237440358031489, 2.2620218654999777, 1.0219955283659514, 3.325822686193598, 2.920460831786655, 11.137595001166096, 10.70632988750113, 10.630499388551792, 8.95562512167632, 8.862868823355111, 6.932452210437516, 4.658477786788298, 7.007967867363549, 0.0, 1.6975499433006382], [11.106899785268615, 9.713182642676909, 8.821327688052405, 7.479557850568442, 6.982103795418683, 5.655797625445945, 4.716199089309101, 3.3786284746920603, 3.207417230420763, 4.762552518345598, 5.438061628006803, 6.814100958306972, 2.2490543012564186, 1.0202178443842276, 2.5090093722423594, 3.367245132151801, 11.86395962484701, 11.248700488056386, 11.406766413844021, 9.56724192074184, 9.756508021315824, 7.747666007256636, 5.538652343305183, 7.498934085588431, 1.6975499433006382, 0.0]]}