{"total energy": -36.60252507, "HOMO-LUMO gap/eV": 4.77957607, "electronic energy": -37.03926285, "dipole": [0.09643263, -0.11877406, -0.77493994], "partial charges": [-0.10018693, -0.0517176, -0.05739609, -0.05906246, -0.05971892, -0.05771904, -0.08885626, 0.35007398, -0.40180718, -0.26999941, 0.03411712, 0.03302559, 0.03042007, 0.03434093, 0.02769097, 0.02957152, 0.03017531, 0.02696032, 0.03247193, 0.03600425, 0.03080727, 0.03029967, 0.04685712, 0.04697352, 0.06934629, 0.06937684, 0.0619206, 0.06409302, 0.06193754], "atomic dipole moments": [[0.02022276, -0.08886549, -0.04610757], [0.06413631, 0.09097525, -0.01296932], [0.00728886, 0.0121773, 0.10978617], [0.00236188, -0.02056264, -0.11418486], [0.01645442, 0.02054981, 0.11110843], [0.02528213, -0.02086374, -0.1321771], [0.0245251, 0.0181855, 0.0945964], [0.14709265, -0.00045727, -0.06991221], [-0.01492979, -0.03091161, -0.1726545], [0.05048576, 0.0418817, 0.22018973], [-0.24264801, -0.03550724, -0.09536294], [-0.01166367, 0.09482743, -0.08248678], [-0.10825083, -0.00917924, 0.06093993], [0.08672363, 0.03133144, 0.08627614], [-0.09501306, -0.03132639, -0.06774199], [0.00862934, -0.08954582, 0.08540487], [-0.01381848, 0.08588242, -0.08865265], [0.0048823, -0.10489974, -0.06122008], [0.0111383, -0.08480664, 0.09102056], [-0.0021464, 0.11123201, 0.05684075], [-0.01138324, 0.08375452, -0.0903188], [0.00400908, -0.10963179, -0.0568755], [-0.00446522, 0.11173993, 0.06045411], [0.01096806, -0.08461511, 0.09431176], [0.00395304, -0.12120255, -0.05401371], [-0.01308805, 0.09542483, -0.09132294], [0.02171814, -0.0956704, 0.08581613], [0.08987305, -0.0080653, -0.08803589], [0.00468204, 0.12084526, 0.04853718]], "atomic quadrupole moments": [[-0.09072508, -0.05442229, 0.14472745, -0.04109226, 0.13536724, -0.05400237], [0.01243905, -0.03563543, 0.03126651, -0.17551549, 0.12172866, -0.04370555], [0.21915848, 0.05108577, -0.2106946, -0.01903564, 0.02844471, -0.00846388], [0.22480185, 0.02923821, -0.23680926, -0.02342834, 0.04234178, 0.01200741], [0.23109273, 0.03741621, -0.23324835, -0.00343357, 0.04370532, 0.00215562], [0.2514981, 0.03349961, -0.25142443, -0.03980843, 0.04218548, -7.367e-05], [0.2252521, 0.03660247, -0.2574013, -0.01343781, 0.05083104, 0.03214921], [-0.13326368, -0.07152664, 0.44772143, -0.13512544, -0.14719831, -0.31445776], [-0.11108272, -0.02549673, 0.20195742, 0.0003086, -0.05229608, -0.0908747], [0.08141084, 0.01943932, -0.07417427, 0.03982689, 0.0153771, -0.00723657], [0.41214276, 0.10296139, -0.28592655, 0.270792, 0.05179162, -0.1262162], [-0.05281142, -0.00577948, 0.02126524, 0.00316185, -0.05485196, 0.03154618], [0.05005979, 0.01823297, -0.02987592, -0.05543631, 0.00287665, -0.02018386], [0.03124585, 0.00735668, -0.02812506, 0.0613479, 0.01738832, -0.00312079], [0.02924277, 0.00131232, -0.03541595, 0.03498139, 0.02553204, 0.00617318], [-0.0320716, -0.02410501, 0.00926076, 0.00633774, -0.03695597, 0.02281084], [-0.01590485, -0.00324666, 0.02493346, 0.00805641, -0.04755258, -0.00902861], [-0.01086923, -0.00775491, 0.04043654, -0.00628608, 0.03857831, -0.02956731], [-0.01958097, -0.004891, 0.01907895, 0.00399652, -0.04616342, 0.00050202], [-0.01830192, -0.00582783, 0.0441606, -0.00371721, 0.03000281, -0.02585868], [-0.0203514, -0.00498763, 0.01966091, 0.00379935, -0.04596004, 0.00069049], [-0.02037837, -0.00367332, 0.04657825, -0.00305295, 0.02967866, -0.02619988], [-0.01719206, -0.00197951, 0.04565074, -0.00198997, 0.02662889, -0.02845867], [-0.01645493, -0.00567287, 0.01991216, 0.00456038, -0.0437437, -0.00345723], [-0.01534821, 0.00277069, 0.03898319, -0.02009693, 0.04128947, -0.02363498], [-0.01256727, -0.01354214, 0.00242718, -0.00929633, -0.05360229, 0.01014009], [-0.01203574, 0.00672756, 0.00704633, 0.01803325, -0.05352742, 0.00498941], [0.01978364, -0.00318931, -0.05433897, -0.05323653, 0.01141171, 0.03455532], [-0.01010236, -0.00707031, 0.03945657, 0.01229647, 0.04345488, -0.0293542]], "number of molecular orbitals": 62, "number of electrons": 66, "number of unpaired electrons": 0, "orbital energies/eV": [-20.13867544, -19.35527248, -18.31263747, -17.28684786, -16.95502291, -16.6925541, -16.54086402, -16.18817046, -15.89292765, -15.68999125, -15.38970752, -15.1437429, -15.11673001, -14.89684726, -14.39156237, -14.01854494, -13.8780186, -13.71374261, -13.58738733, -13.30414242, -13.15244407, -13.01110458, -12.85367044, -12.56636284, -12.36387464, -12.24512258, -12.16271523, -11.99727793, -11.66855145, -11.64776511, -11.50180179, -11.4075702, -11.24684238, -6.46726631, 0.01832671, 1.70290204, 2.63274386, 2.68463163, 2.87396081, 3.13802384, 3.34509852, 3.52286137, 3.57517779, 3.77051842, 3.96282216, 4.14660203, 4.40695682, 4.47079684, 4.90899536, 5.20165813, 5.33746567, 5.54480945, 5.70867441, 6.21797041, 6.48618442, 6.57554197, 6.92808168, 7.29986875, 7.58487284, 7.93642771, 8.37522809, 16.15345056], "fractional occupation": [2.0, 2.0, 2.0, 2.0, 2.0, 2.0, 2.0, 2.0, 2.0, 2.0, 2.0, 2.0, 2.0, 2.0, 2.0, 2.0, 2.0, 2.0, 2.0, 2.0, 2.0, 2.0, 2.0, 2.0, 2.0, 2.0, 2.0, 2.0, 2.0, 2.0, 2.0, 2.0, 2.0, 0.0, 0.0, 0.0, 0.0, 0.0, 0.0, 0.0, 0.0, 0.0, 0.0, 0.0, 0.0, 0.0, 0.0, 0.0, 0.0, 0.0, 0.0, 0.0, 0.0, 0.0, 0.0, 0.0, 0.0, 0.0, 0.0, 0.0, 0.0, 0.0], "program call": "xtb /home/svss/Project-DBcg-Debug/aqme2_20220329/End-to-End-workflows-final/example-3/QDESCP/mol_30_rdkit_conf_5/mol_30_rdkit_conf_5.xyz --pop --wbo --acc 0.2 --gfn 2 --chrg 0 --uhf 0 --etemp 300 --input /home/svss/Project-DBcg-Debug/aqme2_20220329/End-to-End-workflows-final/example-3/QDESCP/mol_30_rdkit_conf_5/mol_30_rdkit_conf_5_xtb.inp", "method": "GFN2-xTB", "xtb version": "6.3.3 (7355c4f)", "Dipole module/D": 2.008, "Total charge": 0, "Transition dipole module/D": NaN, "HOMO": -11.2468, "LUMO": -6.4673, "HOMO occupancy": 2.0, "LUMO occupancy": 0, "mulliken charges": [-0.0851, -0.03864, -0.04693, -0.04582, -0.04783, -0.04063, -0.07798, 0.57365, -0.52755, -0.41892, 0.17546, 0.02694, 0.02855, 0.02768, 0.02347, 0.02305, 0.02294, 0.02319, 0.0252, 0.02574, 0.02268, 0.02247, 0.03725, 0.03727, 0.05537, 0.05538, 0.04359, 0.03592, 0.0436], "cm5 charges": [-0.23555, -0.15103, -0.15745, -0.15663, -0.15848, -0.14891, -0.1767, 0.62274, -0.57711, -0.5058, 0.05582, 0.07835, 0.07933, 0.07942, 0.07769, 0.07765, 0.07814, 0.0781, 0.08066, 0.08172, 0.07806, 0.07785, 0.09455, 0.09458, 0.11421, 0.11422, 0.1048, 0.09496, 0.10482], "FUKUI+": [0.004, 0.004, 0.003, 0.004, 0.007, 0.015, 0.029, -0.188, -0.283, -0.126, 0.047, -0.004, -0.012, 0.003, -0.013, -0.006, -0.008, -0.007, -0.01, -0.01, -0.018, -0.018, -0.023, -0.023, -0.098, -0.098, -0.048, -0.076, -0.048], "FUKUI-": [0.017, 0.004, 0.004, -0.003, 0.002, 0.003, -0.007, -0.014, -0.109, -0.057, 0.018, -0.046, -0.058, -0.069, -0.1, -0.056, -0.044, -0.048, -0.044, -0.05, -0.044, -0.05, -0.034, -0.033, -0.042, -0.04, -0.026, -0.044, -0.026], "FUKUIrad": [0.011, 0.004, 0.004, 0.0, 0.004, 0.009, 0.011, -0.101, -0.196, -0.091, 0.033, -0.025, -0.035, -0.033, -0.057, -0.031, -0.026, -0.027, -0.027, -0.03, -0.031, -0.034, -0.029, -0.028, -0.07, -0.069, -0.037, -0.06, -0.037], "s proportion": [1.007, 1.027, 1.032, 1.032, 1.033, 1.031, 1.039, 0.991, 1.731, 1.698, 0.973, 0.973, 0.971, 0.972, 0.977, 0.977, 0.977, 0.977, 0.975, 0.974, 0.977, 0.978, 0.963, 0.963, 0.945, 0.945, 0.956, 0.964, 0.956], "p proportion": [3.078, 3.012, 3.015, 3.014, 3.015, 3.01, 3.039, 2.435, 4.797, 4.721, 2.852, 0.0, 0.0, 0.0, 0.0, 0.0, 0.0, 0.0, 0.0, 0.0, 0.0, 0.0, 0.0, 0.0, 0.0, 0.0, 0.0, 0.0, 0.0], "d proportion": [0.0, 0.0, 0.0, 0.0, 0.0, 0.0, 0.0, 0.0, 0.0, 0.0, 0.0, 0.0, 0.0, 0.0, 0.0, 0.0, 0.0, 0.0, 0.0, 0.0, 0.0, 0.0, 0.0, 0.0, 0.0, 0.0, 0.0, 0.0, 0.0], "Fermi-level/eV": -8.8571, "Coordination numbers": [3.749, 3.799, 3.801, 3.801, 3.802, 3.802, 3.803, 2.722, 0.856, 1.703, 3.655, 0.924, 0.924, 0.924, 0.924, 0.924, 0.924, 0.924, 0.924, 0.924, 0.924, 0.924, 0.924, 0.924, 0.924, 0.924, 0.924, 0.924, 0.924], "Dispersion coefficient C6": [22.479, 21.504, 21.607, 21.637, 21.648, 21.611, 22.193, 21.055, 21.718, 18.478, 20.295, 2.544, 2.581, 2.526, 2.62, 2.593, 2.584, 2.63, 2.552, 2.503, 2.575, 2.582, 2.36, 2.358, 2.093, 2.093, 2.177, 2.152, 2.177], "Total dispersion C6": 6176.083587, "Total dispersion C8": 130792.863381, "Polarizability alpha": [6.762, 6.603, 6.618, 6.623, 6.624, 6.618, 6.707, 7.512, 6.248, 5.804, 6.468, 2.494, 2.512, 2.485, 2.531, 2.518, 2.514, 2.536, 2.498, 2.474, 2.51, 2.513, 2.402, 2.402, 2.262, 2.262, 2.307, 2.294, 2.307], "Total polarizability alpha": 116.408775, "Wiberg matrix": [[0.0, 1.0210414219784805, 0.0, 0.0, 0.0, 0.0, 0.0, 0.0, 0.0, 0.0, 0.0, 0.9874060699750553, 0.9873116471540011, 0.9860599669094394, 0.0, 0.0, 0.0, 0.0, 0.0, 0.0, 0.0, 0.0, 0.0, 0.0, 0.0, 0.0, 0.0, 0.0, 0.0], [1.0210414219784805, 0.0, 1.0069137136228172, 0.0, 0.0, 0.0, 0.0, 0.0, 0.0, 0.0, 0.0, 0.0, 0.0, 0.0, 0.9780993729125631, 0.9778171271740868, 0.0, 0.0, 0.0, 0.0, 0.0, 0.0, 0.0, 0.0, 0.0, 0.0, 0.0, 0.0, 0.0], [0.0, 1.0069137136228172, 0.0, 1.0079309427181118, 0.0, 0.0, 0.0, 0.0, 0.0, 0.0, 0.0, 0.0, 0.0, 0.0, 0.0, 0.0, 0.9771505532287506, 0.977218929395719, 0.0, 0.0, 0.0, 0.0, 0.0, 0.0, 0.0, 0.0, 0.0, 0.0, 0.0], [0.0, 0.0, 1.0079309427181118, 0.0, 1.006731006758318, 0.0, 0.0, 0.0, 0.0, 0.0, 0.0, 0.0, 0.0, 0.0, 0.0, 0.0, 0.0, 0.0, 0.9769775571085811, 0.9753292329707397, 0.0, 0.0, 0.0, 0.0, 0.0, 0.0, 0.0, 0.0, 0.0], [0.0, 0.0, 0.0, 1.006731006758318, 0.0, 1.007256702155132, 0.0, 0.0, 0.0, 0.0, 0.0, 0.0, 0.0, 0.0, 0.0, 0.0, 0.0, 0.0, 0.0, 0.0, 0.9770886451431156, 0.9769177841149864, 0.0, 0.0, 0.0, 0.0, 0.0, 0.0, 0.0], [0.0, 0.0, 0.0, 0.0, 1.007256702155132, 0.0, 1.0064251865357823, 0.0, 0.0, 0.0, 0.0, 0.0, 0.0, 0.0, 0.0, 0.0, 0.0, 0.0, 0.0, 0.0, 0.0, 0.0, 0.9759667276032625, 0.9759840950764622, 0.0, 0.0, 0.0, 0.0, 0.0], [0.0, 0.0, 0.0, 0.0, 0.0, 1.0064251865357823, 0.0, 0.9791745788009825, 0.0, 0.0, 0.0, 0.0, 0.0, 0.0, 0.0, 0.0, 0.0, 0.0, 0.0, 0.0, 0.0, 0.0, 0.0, 0.0, 0.9526552666445547, 0.9526627613629783, 0.0, 0.0, 0.0], [0.0, 0.0, 0.0, 0.0, 0.0, 0.0, 0.9791745788009825, 0.0, 1.7651342292162786, 1.1105417748103723, 0.0, 0.0, 0.0, 0.0, 0.0, 0.0, 0.0, 0.0, 0.0, 0.0, 0.0, 0.0, 0.0, 0.0, 0.0, 0.0, 0.0, 0.0, 0.0], [0.0, 0.0, 0.0, 0.0, 0.0, 0.0, 0.0, 1.7651342292162786, 0.0, 0.168548214540148, 0.0, 0.0, 0.0, 0.0, 0.0, 0.0, 0.0, 0.0, 0.0, 0.0, 0.0, 0.0, 0.0, 0.0, 0.0, 0.0, 0.0, 0.0, 0.0], [0.0, 0.0, 0.0, 0.0, 0.0, 0.0, 0.0, 1.1105417748103723, 0.168548214540148, 0.0, 0.9605808248262215, 0.0, 0.0, 0.0, 0.0, 0.0, 0.0, 0.0, 0.0, 0.0, 0.0, 0.0, 0.0, 0.0, 0.0, 0.0, 0.0, 0.0, 0.0], [0.0, 0.0, 0.0, 0.0, 0.0, 0.0, 0.0, 0.0, 0.0, 0.9605808248262215, 0.0, 0.0, 0.0, 0.0, 0.0, 0.0, 0.0, 0.0, 0.0, 0.0, 0.0, 0.0, 0.0, 0.0, 0.0, 0.0, 0.9781737351457414, 0.9818461852631769, 0.9781775622764545], [0.9874060699750553, 0.0, 0.0, 0.0, 0.0, 0.0, 0.0, 0.0, 0.0, 0.0, 0.0, 0.0, 0.0, 0.0, 0.0, 0.0, 0.0, 0.0, 0.0, 0.0, 0.0, 0.0, 0.0, 0.0, 0.0, 0.0, 0.0, 0.0, 0.0], [0.9873116471540011, 0.0, 0.0, 0.0, 0.0, 0.0, 0.0, 0.0, 0.0, 0.0, 0.0, 0.0, 0.0, 0.0, 0.0, 0.0, 0.0, 0.0, 0.0, 0.0, 0.0, 0.0, 0.0, 0.0, 0.0, 0.0, 0.0, 0.0, 0.0], [0.9860599669094394, 0.0, 0.0, 0.0, 0.0, 0.0, 0.0, 0.0, 0.0, 0.0, 0.0, 0.0, 0.0, 0.0, 0.0, 0.0, 0.0, 0.0, 0.0, 0.0, 0.0, 0.0, 0.0, 0.0, 0.0, 0.0, 0.0, 0.0, 0.0], [0.0, 0.9780993729125631, 0.0, 0.0, 0.0, 0.0, 0.0, 0.0, 0.0, 0.0, 0.0, 0.0, 0.0, 0.0, 0.0, 0.0, 0.0, 0.0, 0.0, 0.0, 0.0, 0.0, 0.0, 0.0, 0.0, 0.0, 0.0, 0.0, 0.0], [0.0, 0.9778171271740868, 0.0, 0.0, 0.0, 0.0, 0.0, 0.0, 0.0, 0.0, 0.0, 0.0, 0.0, 0.0, 0.0, 0.0, 0.0, 0.0, 0.0, 0.0, 0.0, 0.0, 0.0, 0.0, 0.0, 0.0, 0.0, 0.0, 0.0], [0.0, 0.0, 0.9771505532287506, 0.0, 0.0, 0.0, 0.0, 0.0, 0.0, 0.0, 0.0, 0.0, 0.0, 0.0, 0.0, 0.0, 0.0, 0.0, 0.0, 0.0, 0.0, 0.0, 0.0, 0.0, 0.0, 0.0, 0.0, 0.0, 0.0], [0.0, 0.0, 0.977218929395719, 0.0, 0.0, 0.0, 0.0, 0.0, 0.0, 0.0, 0.0, 0.0, 0.0, 0.0, 0.0, 0.0, 0.0, 0.0, 0.0, 0.0, 0.0, 0.0, 0.0, 0.0, 0.0, 0.0, 0.0, 0.0, 0.0], [0.0, 0.0, 0.0, 0.9769775571085811, 0.0, 0.0, 0.0, 0.0, 0.0, 0.0, 0.0, 0.0, 0.0, 0.0, 0.0, 0.0, 0.0, 0.0, 0.0, 0.0, 0.0, 0.0, 0.0, 0.0, 0.0, 0.0, 0.0, 0.0, 0.0], [0.0, 0.0, 0.0, 0.9753292329707397, 0.0, 0.0, 0.0, 0.0, 0.0, 0.0, 0.0, 0.0, 0.0, 0.0, 0.0, 0.0, 0.0, 0.0, 0.0, 0.0, 0.0, 0.0, 0.0, 0.0, 0.0, 0.0, 0.0, 0.0, 0.0], [0.0, 0.0, 0.0, 0.0, 0.9770886451431156, 0.0, 0.0, 0.0, 0.0, 0.0, 0.0, 0.0, 0.0, 0.0, 0.0, 0.0, 0.0, 0.0, 0.0, 0.0, 0.0, 0.0, 0.0, 0.0, 0.0, 0.0, 0.0, 0.0, 0.0], [0.0, 0.0, 0.0, 0.0, 0.9769177841149864, 0.0, 0.0, 0.0, 0.0, 0.0, 0.0, 0.0, 0.0, 0.0, 0.0, 0.0, 0.0, 0.0, 0.0, 0.0, 0.0, 0.0, 0.0, 0.0, 0.0, 0.0, 0.0, 0.0, 0.0], [0.0, 0.0, 0.0, 0.0, 0.0, 0.9759667276032625, 0.0, 0.0, 0.0, 0.0, 0.0, 0.0, 0.0, 0.0, 0.0, 0.0, 0.0, 0.0, 0.0, 0.0, 0.0, 0.0, 0.0, 0.0, 0.0, 0.0, 0.0, 0.0, 0.0], [0.0, 0.0, 0.0, 0.0, 0.0, 0.9759840950764622, 0.0, 0.0, 0.0, 0.0, 0.0, 0.0, 0.0, 0.0, 0.0, 0.0, 0.0, 0.0, 0.0, 0.0, 0.0, 0.0, 0.0, 0.0, 0.0, 0.0, 0.0, 0.0, 0.0], [0.0, 0.0, 0.0, 0.0, 0.0, 0.0, 0.9526552666445547, 0.0, 0.0, 0.0, 0.0, 0.0, 0.0, 0.0, 0.0, 0.0, 0.0, 0.0, 0.0, 0.0, 0.0, 0.0, 0.0, 0.0, 0.0, 0.0, 0.0, 0.0, 0.0], [0.0, 0.0, 0.0, 0.0, 0.0, 0.0, 0.9526627613629783, 0.0, 0.0, 0.0, 0.0, 0.0, 0.0, 0.0, 0.0, 0.0, 0.0, 0.0, 0.0, 0.0, 0.0, 0.0, 0.0, 0.0, 0.0, 0.0, 0.0, 0.0, 0.0], [0.0, 0.0, 0.0, 0.0, 0.0, 0.0, 0.0, 0.0, 0.0, 0.0, 0.9781737351457414, 0.0, 0.0, 0.0, 0.0, 0.0, 0.0, 0.0, 0.0, 0.0, 0.0, 0.0, 0.0, 0.0, 0.0, 0.0, 0.0, 0.0, 0.0], [0.0, 0.0, 0.0, 0.0, 0.0, 0.0, 0.0, 0.0, 0.0, 0.0, 0.9818461852631769, 0.0, 0.0, 0.0, 0.0, 0.0, 0.0, 0.0, 0.0, 0.0, 0.0, 0.0, 0.0, 0.0, 0.0, 0.0, 0.0, 0.0, 0.0], [0.0, 0.0, 0.0, 0.0, 0.0, 0.0, 0.0, 0.0, 0.0, 0.0, 0.9781775622764545, 0.0, 0.0, 0.0, 0.0, 0.0, 0.0, 0.0, 0.0, 0.0, 0.0, 0.0, 0.0, 0.0, 0.0, 0.0, 0.0, 0.0, 0.0]], "Born radii": [], "Atomic SASAs": [], "Solvent H bonds": [], "Total SASA": NaN, "Total FOD": 0.0, "FOD": [0.0, 0.0, 0.0, 0.0, 0.0, 0.0, 0.0, 0.0, 0.0, 0.0, 0.0, 0.0, 0.0, 0.0, 0.0, 0.0, 0.0, 0.0, 0.0, 0.0, 0.0, 0.0, 0.0, 0.0, 0.0, 0.0, 0.0, 0.0, 0.0], "FOD s proportion": [0.0, 0.0, 0.0, 0.0, 0.0, 0.0, 0.0, 0.0, 0.0, 0.0, 0.0, 0.0, 0.0, 0.0, 0.0, 0.0, 0.0, 0.0, 0.0, 0.0, 0.0, 0.0, 0.0, 0.0, 0.0, 0.0, 0.0, 0.0, 0.0], "FOD p proportion": [0.0, 0.0, 0.0, 0.0, 0.0, 0.0, 0.0, 0.0, 0.0, 0.0, 0.0, 0.0, 0.0, 0.0, 0.0, 0.0, 0.0, 0.0, 0.0, 0.0, 0.0, 0.0, 0.0, 0.0, 0.0, 0.0, 0.0, 0.0, 0.0], "FOD d proportion": [0.0, 0.0, 0.0, 0.0, 0.0, 0.0, 0.0, 0.0, 0.0, 0.0, 0.0, 0.0, 0.0, 0.0, 0.0, 0.0, 0.0, 0.0, 0.0, 0.0, 0.0, 0.0, 0.0, 0.0, 0.0, 0.0, 0.0, 0.0, 0.0], "coordinates": [["-4.40880", "0.91320", "1.07150"], ["-4.09490", "-0.40710", "0.38500"], ["-2.84970", "-0.35350", "-0.50270"], ["-1.55600", "-0.12020", "0.28080"], ["-0.33340", "-0.18170", "-0.63780"], ["0.96070", "0.05440", "0.14180"], ["2.18130", "-0.00730", "-0.77470"], ["3.46810", "0.22450", "-0.01760"], ["3.55920", "0.43830", "1.18260"], ["4.51970", "0.15830", "-0.88380"], ["5.79160", "0.36460", "-0.26810"], ["-4.49560", "1.72480", "0.34220"], ["-5.35880", "0.83930", "1.61050"], ["-3.63660", "1.18130", "1.79840"], ["-4.95280", "-0.68790", "-0.23760"], ["-3.98130", "-1.19320", "1.14050"], ["-2.97100", "0.43130", "-1.25930"], ["-2.77440", "-1.30480", "-1.04400"], ["-1.46150", "-0.87750", "1.06840"], ["-1.58590", "0.85870", "0.77210"], ["-0.42960", "0.57320", "-1.42770"], ["-0.29180", "-1.16120", "-1.12950"], ["0.92060", "1.03250", "0.63760"], ["1.05660", "-0.69720", "0.93540"], ["2.23750", "-0.99300", "-1.24990"], ["2.09940", "0.76060", "-1.55200"], ["5.98380", "-0.40800", "0.48310"], ["6.55910", "0.29160", "-1.04360"], ["5.84430", "1.36250", "0.17830"]], "bond_dist": [[0.0, 1.520857504830745, 2.5521417162845794, 3.1355366191451184, 4.552954827362116, 5.516648419103759, 6.905446596709006, 7.9816038557422795, 7.982912828034639, 9.171214987666573, 10.302604053344961, 1.0945808741248861, 1.0947521226286792, 1.0938711350063135, 2.138504154777353, 2.1504506992721315, 2.780669899502636, 3.473633200267409, 3.4486509521840567, 2.8392560680572654, 4.711224180613782, 5.108544348442127, 5.348364802441958, 5.69934281562357, 7.293545097550299, 7.018739648255947, 10.492755537036016, 11.187263516159796, 10.301734627721682], [1.520857504830745, 0.0, 1.5301657720652362, 2.557182523794498, 3.9045879744218848, 5.082442311527008, 6.394953523677868, 7.599998310526129, 7.741841753097256, 8.72587323767656, 9.938055280083725, 2.1696520320088197, 2.157036490187405, 2.175029427387133, 1.0965727563641183, 1.0961926929148909, 2.1609692871487094, 2.142808096867286, 2.7609975153918556, 2.83675466863104, 4.2049130157471755, 4.162444794829116, 5.224126259002552, 5.188935384064828, 6.566236865968208, 6.5943039647865795, 10.07917745205431, 10.772037673996504, 10.097618812868705], [2.5521417162845794, 1.5301657720652362, 0.0, 1.53034663720348, 2.525773730958496, 3.885989040128652, 5.0502276621950415, 6.362704051737751, 6.673918080108566, 7.396974571404177, 8.674259072681654, 2.7824761831864793, 3.4905542382263595, 2.8757405759212706, 2.1459568914589124, 2.164652602613177, 1.0968446973022206, 1.0971086865028459, 2.16102532377573, 2.166041163043768, 2.751596245818052, 2.754652417275181, 4.175696610147821, 4.176773993167454, 5.181396716137455, 5.1803320463074565, 8.88850348146413, 9.44638789485166, 8.887859866132002], [3.1355366191451184, 2.557182523794498, 1.53034663720348, 0.0, 1.5304767133151684, 2.5265757558403035, 3.885130364608117, 5.044743943947998, 5.224024935813381, 6.192575062120766, 7.384006230360319, 3.471173161915147, 4.141259491990329, 2.88546501798237, 3.482710451645384, 2.787919148755932, 2.1629344095464385, 2.154732178253251, 1.096698363270412, 1.095680112989188, 2.1606834034628952, 2.161210015246089, 2.754917619457976, 2.754470715037646, 4.182758011169185, 4.182931225827171, 7.548002263513173, 8.232767615449863, 7.548069000082073], [4.552954827362116, 3.9045879744218848, 2.525773730958496, 1.5304767133151684, 0.0, 1.5291220291395975, 2.5244550025698618, 3.8731187343018547, 4.341726721017803, 4.871210897713217, 6.1604177439521095, 4.6817786246254744, 5.599280226064775, 4.324808629292168, 4.664252870503485, 4.182422449968439, 2.778302541121107, 2.717504930998286, 2.1605244016210507, 2.1538352815384934, 1.0968456865028917, 1.0967769600059987, 2.1618147006623856, 2.161665674890546, 2.7644892674778103, 2.764454154078161, 6.4198632648990275, 6.9206388996970505, 6.41985592828998], [5.516648419103759, 5.082442311527008, 3.885989040128652, 2.5265757558403035, 1.5291220291395975, 0.0, 1.5276267541516806, 2.518213082723541, 2.8253930876959403, 3.705284276543434, 4.858172172741513, 5.709781607907609, 6.535229754951237, 5.014917193733113, 5.971970855588631, 5.193964906504472, 4.19087099658293, 4.147832963126649, 2.755735475331404, 2.743965768736921, 2.1599578190325848, 2.1593154702358803, 1.0973173014219724, 1.097223919717393, 2.1596513352853974, 2.159702426261544, 5.055871147487839, 5.727435687984633, 5.055888331440875], [6.905446596709006, 6.394953523677868, 5.0502276621950415, 3.885130364608117, 2.5244550025698618, 1.5276267541516806, 0.0, 1.5108891057916862, 2.4347876827353963, 2.346793712706765, 3.664589917030281, 6.987748537977022, 7.953553835236169, 6.471597482847647, 7.186589982738684, 6.561401421190444, 5.193592437802566, 5.129813956665486, 4.174237354295992, 4.1634531437257705, 2.753214132609376, 2.75201596288975, 2.15989347422506, 2.159943080268552, 1.0957088892584563, 1.0957067627791661, 4.025124542172577, 4.3962235225247595, 4.025186957148699], [7.9816038557422795, 7.599998310526129, 6.362704051737751, 5.044743943947998, 3.8731187343018547, 2.518213082723541, 1.5108891057916862, 0.0, 1.222493226975103, 1.36401885617465, 2.3411600778246666, 8.111773777664165, 8.996824565367495, 7.395274459409874, 8.473041400229317, 7.671025306958647, 6.560990317017699, 6.508537600721071, 5.16669683260011, 5.154488503236767, 4.159571971970194, 4.158525473049312, 2.7517098847807344, 2.751921535945384, 2.124910798127771, 2.124882646171313, 2.6418749459427477, 3.2575235087409573, 2.64192112864862], [7.982912828034639, 7.741841753097256, 6.673918080108566, 5.224024935813381, 4.341726721017803, 2.8253930876959403, 2.4347876827353963, 1.222493226975103, 0.0, 2.2958591441985288, 2.6633760417935726, 8.200070575915795, 8.937260397347725, 7.260220126139427, 8.702840828143417, 7.715095910615758, 6.971831656745594, 6.936182965435673, 5.19151228159965, 5.178542306479692, 4.768898147371152, 4.768061205563536, 2.7590412465202476, 2.7592525890175406, 3.1164991304346614, 3.1165574742013025, 2.6616177599347353, 3.7385675518840102, 2.6616622888713732], [9.171214987666573, 8.72587323767656, 7.396974571404177, 6.192575062120766, 4.871210897713217, 3.705284276543434, 2.346793712706765, 1.36401885617465, 2.2958591441985288, 0.0, 1.428067151782436, 9.23215209688402, 10.211271014912883, 8.646730915785458, 9.5321500790745, 8.842586937090301, 7.505072667203163, 7.441116882565413, 6.376419051473954, 6.364818640778385, 4.996352640676997, 4.995195790957548, 4.004048502453486, 4.0043014996376085, 2.582238900644168, 2.582074479948245, 2.081513898584393, 2.049989582900362, 2.0815184865861744], [10.302604053344961, 9.938055280083725, 8.674259072681654, 7.384006230360319, 6.1604177439521095, 4.858172172741513, 3.664589917030281, 2.3411600778246666, 2.6633760417935726, 1.428067151782436, 0.0, 10.394666611777406, 11.317504062733974, 9.686504858822918, 10.795870407706827, 9.996022669542121, 8.818734891695065, 8.761579376459474, 7.479071083363228, 7.466837155047644, 6.331786127152433, 6.33070542356853, 4.999302341327238, 4.999605633447502, 3.929202948436235, 3.929065544121146, 1.0946017723354917, 1.0935197757699675, 1.0944654677055827], [1.0945808741248861, 2.1696520320088197, 2.7824761831864793, 3.471173161915147, 4.6817786246254744, 5.709781607907609, 6.987748537977022, 8.111773777664165, 8.200070575915795, 9.23215209688402, 10.394666611777406, 0.0, 1.7713862876289859, 1.7758918013212401, 2.523156984810894, 3.0686334711072942, 2.5617083479584477, 3.7500074719925562, 4.062646248444479, 3.0661535039850825, 4.581602838527146, 5.307243289128547, 5.468250441411769, 6.086451764369778, 7.43342820372942, 6.929047573801178, 10.695163066078047, 11.233027017238053, 10.347543501237382], [1.0947521226286792, 2.157036490187405, 3.4905542382263595, 4.141259491990329, 5.599280226064775, 6.535229754951237, 7.953553835236169, 8.996824565367495, 8.937260397347725, 10.211271014912883, 11.317504062733974, 1.7713862876289859, 0.0, 1.7658548213259204, 2.4315940142219468, 2.4998924976886507, 3.7555032791890888, 4.280497450063485, 4.293043435606027, 3.8649793440586455, 5.796419678560206, 6.097875798177592, 6.357257664276319, 6.631285653627055, 8.321236995783739, 8.10137933811274, 11.466532292284358, 12.22213412256632, 11.306386898120902], [1.0938711350063135, 2.175029427387133, 2.8757405759212706, 2.88546501798237, 4.324808629292168, 5.014917193733113, 6.471597482847647, 7.395274459409874, 7.260220126139427, 8.646730915785458, 9.686504858822918, 1.7758918013212401, 1.7658548213259204, 0.0, 3.061304800244497, 2.4879511148734417, 3.217926762684322, 3.8734119081244125, 3.0826315787002505, 2.3157575304854348, 4.589374229674455, 5.024698170039669, 4.705068535101269, 5.128319168109567, 6.965971876917105, 6.656114831491417, 9.83910487493654, 10.621714954751893, 9.620032341941476], [2.138504154777353, 1.0965727563641183, 2.1459568914589124, 3.482710451645384, 4.664252870503485, 5.971970855588631, 7.186589982738684, 8.473041400229317, 8.702840828143417, 9.5321500790745, 10.795870407706827, 2.523156984810894, 2.4315940142219468, 3.061304800244497, 0.0, 1.760198838199821, 2.4947967392154413, 2.4033878442731624, 3.7323933139474996, 3.8402449479167338, 4.844176860933135, 4.769110975852836, 6.182441165106224, 6.122818293073868, 7.267616623763254, 7.318423631493329, 10.963894019006203, 11.581575793474737, 10.997930777196228], [2.1504506992721315, 1.0961926929148909, 2.164652602613177, 2.787919148755932, 4.182422449968439, 5.193964906504472, 6.561401421190444, 7.671025306958647, 7.715095910615758, 8.842586937090301, 9.996022669542121, 3.0686334711072942, 2.4998924976886507, 2.4879511148734417, 1.760198838199821, 0.0, 3.068997618115726, 2.4982198502133475, 2.54052296584778, 3.1755241031993444, 4.725504532851493, 4.3320127250505625, 5.406965184833356, 5.066410802530723, 6.6654006361208324, 6.9312194583637305, 10.017581135683404, 10.866230073489149, 10.198031510541629], [2.780669899502636, 2.1609692871487094, 1.0968446973022206, 2.1629344095464385, 2.778302541121107, 4.19087099658293, 5.193592437802566, 6.560990317017699, 6.971831656745594, 7.505072667203163, 8.818734891695065, 2.5617083479584477, 3.7555032791890888, 3.217926762684322, 2.4947967392154413, 3.068997618115726, 0.0, 1.7604115598348018, 3.067529132705996, 2.4955477815501754, 2.550922995701752, 3.119457794232838, 4.370837632536811, 4.723534915717253, 5.399739910403093, 5.089505667547685, 9.161267668286959, 9.533564317190084, 8.980163767437654], [3.473633200267409, 2.142808096867286, 1.0971086865028459, 2.154732178253251, 2.717504930998286, 4.147832963126649, 5.129813956665486, 6.508537600721071, 6.936182965435673, 7.441116882565413, 8.761579376459474, 3.7500074719925562, 4.280497450063485, 3.8734119081244125, 2.4033878442731624, 2.4982198502133475, 1.7604115598348018, 0.0, 2.523593758908117, 3.0645527748759687, 3.028563476303576, 2.4882190357763925, 4.684418304336195, 4.354740304541707, 5.025808955780153, 5.317693823453923, 8.935454766826364, 9.469039833583974, 9.104421797676116], [3.4486509521840567, 2.7609975153918556, 2.16102532377573, 1.096698363270412, 2.1605244016210507, 2.755735475331404, 4.174237354295992, 5.16669683260011, 5.19151228159965, 6.376419051473954, 7.479071083363228, 4.062646248444479, 4.293043435606027, 3.0826315787002505, 3.7323933139474996, 2.54052296584778, 3.067529132705996, 2.523593758908117, 0.0, 1.7656895225378666, 3.0659196515890628, 2.5058827167287774, 3.083518939458618, 2.528047606355545, 4.36697333859505, 4.714857005254773, 7.483013993706012, 8.375999234121263, 7.693152257040023], [2.8392560680572654, 2.83675466863104, 2.166041163043768, 1.095680112989188, 2.1538352815384934, 2.743965768736921, 4.1634531437257705, 5.154488503236767, 5.178542306479692, 6.364818640778385, 7.466837155047644, 3.0661535039850825, 3.8649793440586455, 2.3157575304854348, 3.8402449479167338, 3.1755241031993444, 2.4955477815501754, 3.0645527748759687, 1.7656895225378666, 0.0, 2.50153152688508, 3.061171896512837, 2.5161158439149816, 3.0708790191083724, 4.704855412231071, 4.358038608135545, 7.680391134571207, 8.364173234695704, 7.470895857927615], [4.711224180613782, 4.2049130157471755, 2.751596245818052, 2.1606834034628952, 1.0968456865028917, 2.1599578190325848, 2.753214132609376, 4.159571971970194, 4.768898147371152, 4.996352640676997, 6.331786127152433, 4.581602838527146, 5.796419678560206, 4.589374229674455, 4.844176860933135, 4.725504532851493, 2.550922995701752, 3.028563476303576, 3.0659196515890628, 2.50153152688508, 0.0, 1.7652352364486723, 2.5098726302344505, 3.0670748621447115, 3.0980667665497457, 2.5389781901387023, 6.7635500766978875, 7.004909639674162, 6.52411309681247], [5.108544348442127, 4.162444794829116, 2.754652417275181, 2.161210015246089, 1.0967769600059987, 2.1593154702358803, 2.75201596288975, 4.158525473049312, 4.768061205563536, 4.995195790957548, 6.33070542356853, 5.307243289128547, 6.097875798177592, 5.024698170039669, 4.769110975852836, 4.3320127250505625, 3.119457794232838, 2.4882190357763925, 2.5058827167287774, 3.061171896512837, 1.7652352364486723, 0.0, 3.0667370053527576, 2.5094402901842474, 2.5377442522839053, 3.096717444327138, 6.523108489056425, 7.003773087415097, 6.762479259857289], [5.348364802441958, 5.224126259002552, 4.175696610147821, 2.754917619457976, 2.1618147006623856, 1.0973173014219724, 2.15989347422506, 2.7517098847807344, 2.7590412465202476, 4.004048502453486, 4.999302341327238, 5.468250441411769, 6.357257664276319, 4.705068535101269, 6.182441165106224, 5.406965184833356, 4.370837632536811, 4.684418304336195, 3.083518939458618, 2.5161158439149816, 2.5098726302344505, 3.0667370053527576, 0.0, 1.7604098755687552, 3.065865637956106, 2.501568949679381, 5.266393902852311, 5.9302654662333625, 4.956074876351243], [5.69934281562357, 5.188935384064828, 4.176773993167454, 2.754470715037646, 2.161665674890546, 1.097223919717393, 2.159943080268552, 2.751921535945384, 2.7592525890175406, 4.0043014996376085, 4.999605633447502, 6.086451764369778, 6.631285653627055, 5.128319168109567, 6.122818293073868, 5.066410802530723, 4.723534915717253, 4.354740304541707, 2.528047606355545, 3.0708790191083724, 3.0670748621447115, 2.5094402901842474, 1.7604098755687552, 0.0, 2.5015112512239472, 3.065904669098503, 4.956360738485445, 5.9305710256264526, 5.266653186797095], [7.293545097550299, 6.566236865968208, 5.181396716137455, 4.182758011169185, 2.7644892674778103, 2.1596513352853974, 1.0957088892584563, 2.124910798127771, 3.1164991304346614, 2.582238900644168, 3.929202948436235, 7.43342820372942, 8.321236995783739, 6.965971876917105, 7.267616623763254, 6.6654006361208324, 5.399739910403093, 5.025808955780153, 4.36697333859505, 4.704855412231071, 3.0980667665497457, 2.5377442522839053, 3.065865637956106, 2.5015112512239472, 0.0, 1.7847826142138432, 4.168966021689311, 4.513201015908775, 4.538407400179054], [7.018739648255947, 6.5943039647865795, 5.1803320463074565, 4.182931225827171, 2.764454154078161, 2.159702426261544, 1.0957067627791661, 2.124882646171313, 3.1165574742013025, 2.582074479948245, 3.929065544121146, 6.929047573801178, 8.10137933811274, 6.656114831491417, 7.318423631493329, 6.9312194583637305, 5.089505667547685, 5.317693823453923, 4.714857005254773, 4.358038608135545, 2.5389781901387023, 3.096717444327138, 2.501568949679381, 3.065904669098503, 1.7847826142138432, 0.0, 4.538261928315729, 4.513020679101747, 4.168992409443797], [10.492755537036016, 10.07917745205431, 8.88850348146413, 7.548002263513173, 6.4198632648990275, 5.055871147487839, 4.025124542172577, 2.6418749459427477, 2.6616177599347353, 2.081513898584393, 1.0946017723354917, 10.695163066078047, 11.466532292284358, 9.83910487493654, 10.963894019006203, 10.017581135683404, 9.161267668286959, 8.935454766826364, 7.483013993706012, 7.680391134571207, 6.7635500766978875, 6.523108489056425, 5.266393902852311, 4.956360738485445, 4.168966021689311, 4.538261928315729, 0.0, 1.7751684821447231, 1.80195270193199], [11.187263516159796, 10.772037673996504, 9.44638789485166, 8.232767615449863, 6.9206388996970505, 5.727435687984633, 4.3962235225247595, 3.2575235087409573, 3.7385675518840102, 2.049989582900362, 1.0935197757699675, 11.233027017238053, 12.22213412256632, 10.621714954751893, 11.581575793474737, 10.866230073489149, 9.533564317190084, 9.469039833583974, 8.375999234121263, 8.364173234695704, 7.004909639674162, 7.003773087415097, 5.9302654662333625, 5.9305710256264526, 4.513201015908775, 4.513020679101747, 1.7751684821447231, 0.0, 1.7750508330749293], [10.301734627721682, 10.097618812868705, 8.887859866132002, 7.548069000082073, 6.41985592828998, 5.055888331440875, 4.025186957148699, 2.64192112864862, 2.6616622888713732, 2.0815184865861744, 1.0944654677055827, 10.347543501237382, 11.306386898120902, 9.620032341941476, 10.997930777196228, 10.198031510541629, 8.980163767437654, 9.104421797676116, 7.693152257040023, 7.470895857927615, 6.52411309681247, 6.762479259857289, 4.956074876351243, 5.266653186797095, 4.538407400179054, 4.168992409443797, 1.80195270193199, 1.7750508330749293, 0.0]]}