{"total energy": -61.72695117, "HOMO-LUMO gap/eV": 3.91237417, "electronic energy": -62.49446876, "dipole": [-1.03544108, -1.33195443, 1.38152441], "partial charges": [-0.04492609, -0.13958251, -0.03887127, 0.31610052, -0.45881533, -0.18242808, 0.08299772, -0.05013384, -0.03061825, -0.05493483, 0.1476484, -0.30507263, 0.39822453, -0.4556578, -0.19911271, 0.09992978, -0.11770034, -0.11710664, -0.11652764, -0.06806154, 0.05230661, 0.05305881, 0.04964874, 0.04678991, 0.04489169, 0.07628361, 0.17917069, 0.07579872, 0.04709703, 0.04812283, 0.18320823, 0.04235357, 0.05207906, 0.04117957, 0.03903378, 0.0617628, 0.04516036, 0.06283428, 0.03928722, 0.04521577, 0.04936528], "atomic dipole moments": [[0.01308019, 0.10400116, -0.11139792], [0.06587123, -0.08185452, -0.01332392], [-0.15652032, -0.05660548, 0.006543], [-0.03659296, -0.0149276, 0.03098708], [-0.07913016, -0.07832851, 0.17501154], [0.01270677, 0.0481868, -0.03575837], [0.1137999, 0.01136291, 0.11617935], [-0.03394205, -0.00155295, 0.05074309], [-0.00820166, 0.00392737, 0.00782444], [-0.00506104, -0.00703069, 0.04060167], [-0.25752596, -0.01821467, 0.09657857], [0.11647343, 0.13577398, 0.10780605], [0.04834832, -0.08467067, -0.11476957], [-0.10132635, -0.13738262, -0.10290039], [0.00056784, 0.056141, 0.02985683], [0.07343135, -0.04615892, -0.07795559], [0.102628, 0.05876307, 0.01029552], [0.00985479, -0.12312192, 0.02451367], [-0.05327851, 0.01013891, -0.11618196], [0.01735998, 0.00915484, -0.02400829], [0.02428057, 0.05113165, 0.11085135], [-0.12102471, -0.05266877, 0.0004313], [0.0760784, -0.09303398, -0.02515291], [0.03861927, 0.02663212, 0.11529206], [0.06163677, -0.09295127, -0.05219176], [0.01371403, 0.11153198, -0.07524788], [-0.03760407, 0.01355356, 0.12574467], [0.14246325, 0.01309717, -0.06468433], [0.02973726, 0.00917675, -0.14874294], [-0.11287143, -0.00629551, -0.10500983], [-0.03941704, -0.09342977, -0.0946809], [0.0091653, -0.12511502, 0.0221887], [-0.09091871, 0.04491854, 0.08328802], [-0.05230276, 0.00746204, -0.11570916], [-0.04098919, 0.02170166, -0.11936322], [0.10780626, 0.07604903, 0.01167405], [-0.08596067, 0.05544465, 0.07667821], [0.11208308, 0.06495735, 0.02582457], [0.02610919, -0.12149741, 0.030196], [-0.08062552, 0.04138198, 0.09022409], [-0.0336049, -0.01231286, 0.1518372]], "atomic quadrupole moments": [[-0.10877311, 0.05631823, 0.03690368, -0.0298302, -0.25102214, 0.07186943], [0.04024225, 0.03674413, -0.04354598, -0.01790674, -0.07514626, 0.00330372], [0.30928958, 0.1469896, -0.15536941, 0.0098798, -0.01718733, -0.15392017], [-0.16159738, -0.09293193, 0.34688357, -0.04232065, 0.22463465, -0.18528619], [-0.09164407, -0.02493474, 0.1097399, -0.02218778, 0.06041426, -0.01809583], [0.04764536, 0.01321593, -0.01252073, 0.01585753, -0.03509171, -0.03512463], [-0.14559774, -0.05644774, 0.38017892, 0.1659613, 0.04024533, -0.23458117], [-0.24520036, -0.05159396, 0.4964061, 0.01894895, 0.0311226, -0.25120574], [-0.23886283, -0.0639286, 0.52897845, -0.00977164, 0.03513022, -0.29011562], [-0.23825439, -0.06007605, 0.46398412, -0.02578992, 0.01935372, -0.22572972], [0.11820621, 0.00336726, 0.29978589, -0.22638547, 0.02646427, -0.4179921], [0.04481298, 0.01366924, -0.04582183, -0.04933829, 0.04150888, 0.00100885], [-0.22497486, -0.23367687, 0.0785593, 0.04376877, -0.23081953, 0.14641556], [-0.05881568, -0.03379262, 0.04091946, 0.05437938, -0.09494994, 0.01789622], [0.03369088, -0.02379772, -0.02299278, -0.04819445, -0.00147201, -0.0106981], [0.02877656, -0.02775741, -0.03508148, -0.07031012, 0.04908617, 0.00630492], [0.13919672, 0.14774277, -0.0299404, 0.03028398, 0.01514948, -0.10925632], [-0.11200224, -0.05711702, 0.20126119, 0.00568024, -0.07410606, -0.08925895], [-0.07234399, -0.02676052, -0.10682041, 0.10832954, -0.04415435, 0.1791644], [-0.18708999, -0.05816023, 0.42214251, 0.00020859, 0.05837739, -0.23505251], [-0.0540092, 0.01448897, -0.00404588, 0.01694622, 0.02861759, 0.05805508], [0.07014948, 0.02190834, -0.04007957, 0.0250135, -0.01031353, -0.03006991], [-0.00457741, -0.05248834, 0.02664296, -0.02279217, -0.00226258, -0.02206555], [-0.0145847, 0.01435958, -0.05052475, 0.02682805, 0.02026092, 0.06510945], [0.02127071, -0.03333882, 0.01820809, -0.02220652, 0.04047704, -0.0394788], [-0.01650032, 0.00029452, 0.02705848, 0.00651961, -0.05253824, -0.01055817], [0.03000541, 0.01198206, -0.07084908, -0.00623918, -0.00688588, 0.04084367], [0.03452323, 0.0078808, -0.06043176, 0.01790178, -0.0009031, 0.02590853], [0.04011628, 0.00894775, -0.06839711, 0.00367125, -0.00324384, 0.02828083], [0.03794526, 0.00713551, -0.05926775, 0.00093974, -0.00378077, 0.02132249], [0.03220927, 0.03224459, -0.01538957, -0.00559695, 0.04078514, -0.0168197], [-0.02715749, -0.02420509, 0.07058924, 0.01155168, -0.02726506, -0.04343176], [0.00217574, -0.02444147, -0.01527645, -0.04616104, 0.04387506, 0.01310071], [-0.02883865, 0.0032861, -0.0396813, 0.03452693, -0.02358095, 0.06851994], [-0.03760968, 0.00163954, -0.0321987, 0.04184559, 0.00070074, 0.06980839], [0.05904265, 0.03823553, -0.01693648, 0.01763996, 0.00101876, -0.04210618], [0.01327169, -0.02383509, -0.02459818, -0.06513637, 0.01899209, 0.01132649], [0.04131213, 0.05565262, -0.00735002, 0.000475, -0.00746583, -0.03396211], [-0.04550599, -0.01725791, 0.08152584, 0.00950494, -0.00797268, -0.03601985], [0.03172174, -0.03833313, -0.03553425, -0.04814984, 0.02639155, 0.00381251], [0.02581903, 0.0022503, -0.05422568, -0.00284757, -0.00567957, 0.02840665]], "number of molecular orbitals": 101, "number of electrons": 110, "number of unpaired electrons": 0, "orbital energies/eV": [-19.77172842, -19.04186535, -18.77865119, -18.33263369, -18.05742556, -17.95217682, -17.89242022, -17.60352203, -17.24127654, -17.08225932, -16.91958555, -16.73342124, -16.44519069, -16.34646141, -16.26025424, -16.13370303, -15.9279805, -15.71331643, -15.55563843, -15.4061697, -15.26457745, -15.10441905, -14.98573964, -14.86556506, -14.45614798, -14.33283864, -14.10819111, -13.99467551, -13.94989951, -13.86373053, -13.71320481, -13.63822028, -13.44247316, -13.41258389, -13.31514938, -13.2612256, -13.06509017, -12.97115485, -12.91930431, -12.84589614, -12.72176325, -12.6134724, -12.51490866, -12.38547072, -12.22935419, -12.09262512, -11.96068172, -11.84139501, -11.64660336, -11.12206831, -10.94876473, -10.77155573, -10.68784583, -10.41004359, -10.08214793, -6.16977376, -6.14548666, -5.31092189, -4.86937571, -2.47343355, -1.17502597, -0.70695102, 0.45597634, 1.00950483, 1.91945643, 2.08063956, 2.49882886, 2.56846918, 2.8468468, 3.33413362, 3.51214292, 3.90829776, 4.00105136, 4.24816352, 4.49204309, 4.60151474, 4.80647317, 5.09785679, 5.12576512, 5.18490398, 5.22316745, 5.37751226, 5.4126284, 5.63854488, 5.72320995, 6.13586934, 6.25524142, 6.36009581, 6.69804277, 6.94945878, 7.20029367, 8.76539348, 9.39294425, 10.32371828, 10.75878304, 11.69950805, 12.38774517, 16.38073436, 16.5075947, 17.1877519, 17.79177447], "fractional occupation": [2.0, 2.0, 2.0, 2.0, 2.0, 2.0, 2.0, 2.0, 2.0, 2.0, 2.0, 2.0, 2.0, 2.0, 2.0, 2.0, 2.0, 2.0, 2.0, 2.0, 2.0, 2.0, 2.0, 2.0, 2.0, 2.0, 2.0, 2.0, 2.0, 2.0, 2.0, 2.0, 2.0, 2.0, 2.0, 2.0, 2.0, 2.0, 2.0, 2.0, 2.0, 2.0, 2.0, 2.0, 2.0, 2.0, 2.0, 2.0, 2.0, 2.0, 2.0, 2.0, 2.0, 2.0, 2.0, 0.0, 0.0, 0.0, 0.0, 0.0, 0.0, 0.0, 0.0, 0.0, 0.0, 0.0, 0.0, 0.0, 0.0, 0.0, 0.0, 0.0, 0.0, 0.0, 0.0, 0.0, 0.0, 0.0, 0.0, 0.0, 0.0, 0.0, 0.0, 0.0, 0.0, 0.0, 0.0, 0.0, 0.0, 0.0, 0.0, 0.0, 0.0, 0.0, 0.0, 0.0, 0.0, 0.0, 0.0, 0.0, 0.0], "program call": "xtb /home/svss/Project-DBcg-Debug/aqme2_20220329/End-to-End-workflows-final/example-3/QDESCP/mol_598_rdkit_conf_3/mol_598_rdkit_conf_3.xyz --pop --wbo --acc 0.2 --gfn 2 --chrg 0 --uhf 0 --etemp 300 --input /home/svss/Project-DBcg-Debug/aqme2_20220329/End-to-End-workflows-final/example-3/QDESCP/mol_598_rdkit_conf_3/mol_598_rdkit_conf_3_xtb.inp", "method": "GFN2-xTB", "xtb version": "6.3.3 (7355c4f)", "Dipole module/D": 5.542, "Total charge": 0, "Transition dipole module/D": NaN, "HOMO": -10.0821, "LUMO": -6.1698, "HOMO occupancy": 2.0, "LUMO occupancy": 0, "mulliken charges": [0.05705, -0.3101, 0.06783, 0.55953, -0.57052, -0.34268, 0.15863, -0.06266, -0.02258, -0.074, 0.25645, -0.43158, 0.65398, -0.56256, -0.36013, 0.17232, -0.10723, -0.10453, -0.10314, -0.10062, 0.03403, 0.03367, 0.03676, 0.02393, 0.03314, 0.05863, 0.22663, 0.06495, 0.0358, 0.04397, 0.23619, 0.03488, 0.03866, 0.03445, 0.03329, 0.0561, 0.03094, 0.05506, 0.03241, 0.03038, 0.05267], "cm5 charges": [-0.03046, -0.57122, -0.01839, 0.71846, -0.61383, -0.68596, 0.211, -0.10974, -0.0775, -0.12392, 0.2729, -0.4896, 0.77572, -0.60807, -0.70672, 0.19584, -0.24825, -0.24458, -0.24318, -0.14301, 0.09559, 0.09897, 0.09868, 0.08545, 0.09563, 0.12402, 0.42955, 0.1298, 0.09123, 0.10254, 0.43696, 0.08892, 0.09098, 0.08847, 0.0876, 0.11303, 0.08332, 0.11231, 0.08677, 0.08277, 0.11791], "FUKUI+": [0.017, -0.042, 0.02, -0.036, -0.073, -0.018, -0.041, -0.034, -0.03, -0.04, -0.037, -0.037, -0.034, -0.065, -0.036, 0.003, 0.009, 0.008, 0.008, -0.025, -0.029, -0.007, -0.029, -0.03, -0.025, -0.015, -0.032, -0.053, -0.063, -0.063, -0.026, -0.01, -0.019, -0.01, -0.008, 0.001, -0.022, 0.001, -0.008, -0.022, -0.049], "FUKUI-": [0.025, -0.085, 0.025, -0.0, -0.054, -0.047, -0.02, -0.028, -0.015, -0.036, -0.019, -0.032, -0.002, -0.042, -0.045, -0.005, 0.011, 0.001, 0.004, -0.011, -0.043, -0.021, -0.047, -0.044, -0.055, -0.032, -0.03, -0.036, -0.045, -0.046, -0.027, -0.018, -0.022, -0.017, -0.019, -0.011, -0.027, -0.01, -0.018, -0.027, -0.029], "FUKUIrad": [0.021, -0.063, 0.023, -0.018, -0.064, -0.033, -0.03, -0.031, -0.022, -0.038, -0.028, -0.034, -0.018, -0.053, -0.041, -0.001, 0.01, 0.005, 0.006, -0.018, -0.036, -0.014, -0.038, -0.037, -0.04, -0.024, -0.031, -0.044, -0.054, -0.055, -0.027, -0.014, -0.021, -0.014, -0.014, -0.005, -0.025, -0.004, -0.013, -0.024, -0.039], "s proportion": [0.984, 1.442, 0.981, 0.945, 1.725, 1.42, 1.04, 1.061, 1.062, 1.057, 1.019, 1.692, 0.923, 1.723, 1.422, 1.06, 1.022, 1.019, 1.019, 1.06, 0.966, 0.966, 0.963, 0.976, 0.967, 0.941, 0.773, 0.935, 0.964, 0.956, 0.764, 0.965, 0.961, 0.966, 0.967, 0.944, 0.969, 0.945, 0.968, 0.97, 0.947], "p proportion": [2.959, 3.868, 2.951, 2.496, 4.846, 3.923, 2.802, 3.002, 2.961, 3.017, 2.724, 4.739, 2.423, 4.84, 3.938, 2.768, 3.085, 3.085, 3.084, 3.04, 0.0, 0.0, 0.0, 0.0, 0.0, 0.0, 0.0, 0.0, 0.0, 0.0, 0.0, 0.0, 0.0, 0.0, 0.0, 0.0, 0.0, 0.0, 0.0, 0.0, 0.0], "d proportion": [0.0, 0.0, 0.0, 0.0, 0.0, 0.0, 0.0, 0.0, 0.0, 0.0, 0.0, 0.0, 0.0, 0.0, 0.0, 0.0, 0.0, 0.0, 0.0, 0.0, 0.0, 0.0, 0.0, 0.0, 0.0, 0.0, 0.0, 0.0, 0.0, 0.0, 0.0, 0.0, 0.0, 0.0, 0.0, 0.0, 0.0, 0.0, 0.0, 0.0, 0.0], "Fermi-level/eV": -8.126, "Coordination numbers": [3.689, 2.732, 3.697, 2.692, 0.858, 2.695, 2.897, 2.914, 2.913, 2.911, 2.854, 1.706, 2.634, 0.857, 2.688, 3.831, 3.757, 3.754, 3.754, 2.918, 0.924, 0.924, 0.924, 0.924, 0.924, 0.924, 0.86, 0.925, 0.925, 0.925, 0.86, 0.924, 0.924, 0.924, 0.924, 0.924, 0.924, 0.924, 0.924, 0.924, 0.925], "Dispersion coefficient C6": [21.572, 24.021, 21.44, 21.628, 22.892, 24.952, 26.149, 29.245, 28.764, 29.364, 24.788, 19.081, 20.283, 22.826, 25.325, 18.915, 22.807, 22.799, 22.788, 29.695, 2.291, 2.282, 2.324, 2.36, 2.385, 2.018, 1.219, 2.023, 2.356, 2.343, 1.196, 2.418, 2.294, 2.433, 2.462, 2.179, 2.381, 2.166, 2.459, 2.381, 2.328], "Total dispersion C6": 16502.62221, "Total dispersion C8": 371558.3481, "Polarizability alpha": [6.647, 7.279, 6.623, 7.611, 6.415, 7.419, 8.384, 8.868, 8.794, 8.886, 8.16, 5.898, 7.367, 6.405, 7.474, 6.188, 6.809, 6.808, 6.807, 8.936, 2.367, 2.362, 2.384, 2.403, 2.415, 2.221, 1.729, 2.224, 2.401, 2.394, 1.713, 2.432, 2.369, 2.439, 2.454, 2.308, 2.413, 2.302, 2.452, 2.413, 2.386], "Total polarizability alpha": 196.360582, "Wiberg matrix": [[0.0, 1.0012854383403176, 0.0, 0.0, 0.0, 0.0, 0.0, 0.0, 0.0, 0.0, 0.0, 0.0, 0.0, 0.0, 0.0, 0.0, 0.0, 0.0, 0.0, 0.0, 0.9794797694194064, 0.9754098551782721, 0.9751072087105307, 0.0, 0.0, 0.0, 0.0, 0.0, 0.0, 0.0, 0.0, 0.0, 0.0, 0.0, 0.0, 0.0, 0.0, 0.0, 0.0, 0.0, 0.0], [1.0012854383403176, 0.0, 1.0003472278364018, 1.1424088545599198, 0.15535286590466568, 0.0, 0.0, 0.0, 0.0, 0.0, 0.0, 0.0, 0.0, 0.0, 0.0, 0.0, 0.0, 0.0, 0.0, 0.0, 0.0, 0.0, 0.0, 0.0, 0.0, 0.0, 0.0, 0.0, 0.0, 0.0, 0.0, 0.0, 0.0, 0.0, 0.0, 0.0, 0.0, 0.0, 0.0, 0.0, 0.0], [0.0, 1.0003472278364018, 0.0, 0.0, 0.0, 0.0, 0.0, 0.0, 0.0, 0.0, 0.0, 0.0, 0.0, 0.0, 0.0, 0.0, 0.0, 0.0, 0.0, 0.0, 0.0, 0.0, 0.0, 0.9812507783263842, 0.9769173246588312, 0.978075852644079, 0.0, 0.0, 0.0, 0.0, 0.0, 0.0, 0.0, 0.0, 0.0, 0.0, 0.0, 0.0, 0.0, 0.0, 0.0], [0.0, 1.1424088545599198, 0.0, 0.0, 1.6219371862146896, 1.1245528269366771, 0.0, 0.0, 0.0, 0.0, 0.0, 0.0, 0.0, 0.0, 0.0, 0.0, 0.0, 0.0, 0.0, 0.0, 0.0, 0.0, 0.0, 0.0, 0.0, 0.0, 0.0, 0.0, 0.0, 0.0, 0.0, 0.0, 0.0, 0.0, 0.0, 0.0, 0.0, 0.0, 0.0, 0.0, 0.0], [0.0, 0.15535286590466568, 0.0, 1.6219371862146896, 0.0, 0.1211076882717693, 0.0, 0.0, 0.0, 0.0, 0.0, 0.0, 0.0, 0.0, 0.0, 0.0, 0.0, 0.0, 0.0, 0.0, 0.0, 0.0, 0.0, 0.0, 0.0, 0.0, 0.0, 0.0, 0.0, 0.0, 0.0, 0.0, 0.0, 0.0, 0.0, 0.0, 0.0, 0.0, 0.0, 0.0, 0.0], [0.0, 0.0, 0.0, 1.1245528269366771, 0.1211076882717693, 0.0, 1.0820328340672867, 0.0, 0.0, 0.0, 0.0, 0.0, 0.0, 0.0, 0.0, 0.0, 0.0, 0.0, 0.0, 0.0, 0.0, 0.0, 0.0, 0.0, 0.0, 0.0, 0.9277187338900125, 0.0, 0.0, 0.0, 0.0, 0.0, 0.0, 0.0, 0.0, 0.0, 0.0, 0.0, 0.0, 0.0, 0.0], [0.0, 0.0, 0.0, 0.0, 0.0, 1.0820328340672867, 0.0, 1.3730042064635064, 0.0, 0.0, 0.0, 0.0, 0.0, 0.0, 0.0, 0.0, 0.0, 0.0, 0.0, 1.3635341615016394, 0.0, 0.0, 0.0, 0.0, 0.0, 0.0, 0.0, 0.0, 0.0, 0.0, 0.0, 0.0, 0.0, 0.0, 0.0, 0.0, 0.0, 0.0, 0.0, 0.0, 0.0], [0.0, 0.0, 0.0, 0.0, 0.0, 0.0, 1.3730042064635064, 0.0, 1.4417836309982521, 0.0, 0.0, 0.0, 0.0, 0.0, 0.0, 0.0, 0.0, 0.0, 0.0, 0.0, 0.0, 0.0, 0.0, 0.0, 0.0, 0.0, 0.0, 0.9620941294099185, 0.0, 0.0, 0.0, 0.0, 0.0, 0.0, 0.0, 0.0, 0.0, 0.0, 0.0, 0.0, 0.0], [0.0, 0.0, 0.0, 0.0, 0.0, 0.0, 0.0, 1.4417836309982521, 0.0, 1.4396463315834231, 0.0, 0.0, 0.0, 0.0, 0.0, 0.0, 0.0, 0.0, 0.0, 0.10505578874476142, 0.0, 0.0, 0.0, 0.0, 0.0, 0.0, 0.0, 0.0, 0.9702709199815984, 0.0, 0.0, 0.0, 0.0, 0.0, 0.0, 0.0, 0.0, 0.0, 0.0, 0.0, 0.0], [0.0, 0.0, 0.0, 0.0, 0.0, 0.0, 0.0, 0.0, 1.4396463315834231, 0.0, 1.3835544048407684, 0.0, 0.0, 0.0, 0.0, 0.0, 0.0, 0.0, 0.0, 0.0, 0.0, 0.0, 0.0, 0.0, 0.0, 0.0, 0.0, 0.0, 0.0, 0.9681999545964015, 0.0, 0.0, 0.0, 0.0, 0.0, 0.0, 0.0, 0.0, 0.0, 0.0, 0.0], [0.0, 0.0, 0.0, 0.0, 0.0, 0.0, 0.0, 0.0, 0.0, 1.3835544048407684, 0.0, 0.9726541255053129, 0.0, 0.0, 0.0, 0.0, 0.0, 0.0, 0.0, 1.4089832094465162, 0.0, 0.0, 0.0, 0.0, 0.0, 0.0, 0.0, 0.0, 0.0, 0.0, 0.0, 0.0, 0.0, 0.0, 0.0, 0.0, 0.0, 0.0, 0.0, 0.0, 0.0], [0.0, 0.0, 0.0, 0.0, 0.0, 0.0, 0.0, 0.0, 0.0, 0.0, 0.9726541255053129, 0.0, 1.0121484258126738, 0.12530605415001217, 0.0, 0.0, 0.0, 0.0, 0.0, 0.0, 0.0, 0.0, 0.0, 0.0, 0.0, 0.0, 0.0, 0.0, 0.0, 0.0, 0.0, 0.0, 0.0, 0.0, 0.0, 0.0, 0.0, 0.0, 0.0, 0.0, 0.0], [0.0, 0.0, 0.0, 0.0, 0.0, 0.0, 0.0, 0.0, 0.0, 0.0, 0.0, 1.0121484258126738, 0.0, 1.6495018558011982, 1.221845530076326, 0.0, 0.0, 0.0, 0.0, 0.0, 0.0, 0.0, 0.0, 0.0, 0.0, 0.0, 0.0, 0.0, 0.0, 0.0, 0.0, 0.0, 0.0, 0.0, 0.0, 0.0, 0.0, 0.0, 0.0, 0.0, 0.0], [0.0, 0.0, 0.0, 0.0, 0.0, 0.0, 0.0, 0.0, 0.0, 0.0, 0.0, 0.12530605415001217, 1.6495018558011982, 0.0, 0.17324117654028887, 0.0, 0.0, 0.0, 0.0, 0.0, 0.0, 0.0, 0.0, 0.0, 0.0, 0.0, 0.0, 0.0, 0.0, 0.0, 0.0, 0.0, 0.0, 0.0, 0.0, 0.0, 0.0, 0.0, 0.0, 0.0, 0.0], [0.0, 0.0, 0.0, 0.0, 0.0, 0.0, 0.0, 0.0, 0.0, 0.0, 0.0, 0.0, 1.221845530076326, 0.17324117654028887, 0.0, 0.9595170380588426, 0.0, 0.0, 0.0, 0.0, 0.0, 0.0, 0.0, 0.0, 0.0, 0.0, 0.0, 0.0, 0.0, 0.0, 0.9362195146776983, 0.0, 0.0, 0.0, 0.0, 0.0, 0.0, 0.0, 0.0, 0.0, 0.0], [0.0, 0.0, 0.0, 0.0, 0.0, 0.0, 0.0, 0.0, 0.0, 0.0, 0.0, 0.0, 0.0, 0.0, 0.9595170380588426, 0.0, 0.9962479520200023, 0.9901479458357321, 0.9912309439594225, 0.0, 0.0, 0.0, 0.0, 0.0, 0.0, 0.0, 0.0, 0.0, 0.0, 0.0, 0.0, 0.0, 0.0, 0.0, 0.0, 0.0, 0.0, 0.0, 0.0, 0.0, 0.0], [0.0, 0.0, 0.0, 0.0, 0.0, 0.0, 0.0, 0.0, 0.0, 0.0, 0.0, 0.0, 0.0, 0.0, 0.0, 0.9962479520200023, 0.0, 0.0, 0.0, 0.0, 0.0, 0.0, 0.0, 0.0, 0.0, 0.0, 0.0, 0.0, 0.0, 0.0, 0.0, 0.9851210410549829, 0.9837587204174276, 0.984856187396854, 0.0, 0.0, 0.0, 0.0, 0.0, 0.0, 0.0], [0.0, 0.0, 0.0, 0.0, 0.0, 0.0, 0.0, 0.0, 0.0, 0.0, 0.0, 0.0, 0.0, 0.0, 0.0, 0.9901479458357321, 0.0, 0.0, 0.0, 0.0, 0.0, 0.0, 0.0, 0.0, 0.0, 0.0, 0.0, 0.0, 0.0, 0.0, 0.0, 0.0, 0.0, 0.0, 0.9856514190865173, 0.9822195028041038, 0.9839626072842327, 0.0, 0.0, 0.0, 0.0], [0.0, 0.0, 0.0, 0.0, 0.0, 0.0, 0.0, 0.0, 0.0, 0.0, 0.0, 0.0, 0.0, 0.0, 0.0, 0.9912309439594225, 0.0, 0.0, 0.0, 0.0, 0.0, 0.0, 0.0, 0.0, 0.0, 0.0, 0.0, 0.0, 0.0, 0.0, 0.0, 0.0, 0.0, 0.0, 0.0, 0.0, 0.0, 0.9818956606142968, 0.9857085576731842, 0.9840478491100322, 0.0], [0.0, 0.0, 0.0, 0.0, 0.0, 0.0, 1.3635341615016394, 0.0, 0.10505578874476142, 0.0, 1.4089832094465162, 0.0, 0.0, 0.0, 0.0, 0.0, 0.0, 0.0, 0.0, 0.0, 0.0, 0.0, 0.0, 0.0, 0.0, 0.0, 0.0, 0.0, 0.0, 0.0, 0.0, 0.0, 0.0, 0.0, 0.0, 0.0, 0.0, 0.0, 0.0, 0.0, 0.9639113949353508], [0.9794797694194064, 0.0, 0.0, 0.0, 0.0, 0.0, 0.0, 0.0, 0.0, 0.0, 0.0, 0.0, 0.0, 0.0, 0.0, 0.0, 0.0, 0.0, 0.0, 0.0, 0.0, 0.0, 0.0, 0.0, 0.0, 0.0, 0.0, 0.0, 0.0, 0.0, 0.0, 0.0, 0.0, 0.0, 0.0, 0.0, 0.0, 0.0, 0.0, 0.0, 0.0], [0.9754098551782721, 0.0, 0.0, 0.0, 0.0, 0.0, 0.0, 0.0, 0.0, 0.0, 0.0, 0.0, 0.0, 0.0, 0.0, 0.0, 0.0, 0.0, 0.0, 0.0, 0.0, 0.0, 0.0, 0.0, 0.0, 0.0, 0.0, 0.0, 0.0, 0.0, 0.0, 0.0, 0.0, 0.0, 0.0, 0.0, 0.0, 0.0, 0.0, 0.0, 0.0], [0.9751072087105307, 0.0, 0.0, 0.0, 0.0, 0.0, 0.0, 0.0, 0.0, 0.0, 0.0, 0.0, 0.0, 0.0, 0.0, 0.0, 0.0, 0.0, 0.0, 0.0, 0.0, 0.0, 0.0, 0.0, 0.0, 0.0, 0.0, 0.0, 0.0, 0.0, 0.0, 0.0, 0.0, 0.0, 0.0, 0.0, 0.0, 0.0, 0.0, 0.0, 0.0], [0.0, 0.0, 0.9812507783263842, 0.0, 0.0, 0.0, 0.0, 0.0, 0.0, 0.0, 0.0, 0.0, 0.0, 0.0, 0.0, 0.0, 0.0, 0.0, 0.0, 0.0, 0.0, 0.0, 0.0, 0.0, 0.0, 0.0, 0.0, 0.0, 0.0, 0.0, 0.0, 0.0, 0.0, 0.0, 0.0, 0.0, 0.0, 0.0, 0.0, 0.0, 0.0], [0.0, 0.0, 0.9769173246588312, 0.0, 0.0, 0.0, 0.0, 0.0, 0.0, 0.0, 0.0, 0.0, 0.0, 0.0, 0.0, 0.0, 0.0, 0.0, 0.0, 0.0, 0.0, 0.0, 0.0, 0.0, 0.0, 0.0, 0.0, 0.0, 0.0, 0.0, 0.0, 0.0, 0.0, 0.0, 0.0, 0.0, 0.0, 0.0, 0.0, 0.0, 0.0], [0.0, 0.0, 0.978075852644079, 0.0, 0.0, 0.0, 0.0, 0.0, 0.0, 0.0, 0.0, 0.0, 0.0, 0.0, 0.0, 0.0, 0.0, 0.0, 0.0, 0.0, 0.0, 0.0, 0.0, 0.0, 0.0, 0.0, 0.0, 0.0, 0.0, 0.0, 0.0, 0.0, 0.0, 0.0, 0.0, 0.0, 0.0, 0.0, 0.0, 0.0, 0.0], [0.0, 0.0, 0.0, 0.0, 0.0, 0.9277187338900125, 0.0, 0.0, 0.0, 0.0, 0.0, 0.0, 0.0, 0.0, 0.0, 0.0, 0.0, 0.0, 0.0, 0.0, 0.0, 0.0, 0.0, 0.0, 0.0, 0.0, 0.0, 0.0, 0.0, 0.0, 0.0, 0.0, 0.0, 0.0, 0.0, 0.0, 0.0, 0.0, 0.0, 0.0, 0.0], [0.0, 0.0, 0.0, 0.0, 0.0, 0.0, 0.0, 0.9620941294099185, 0.0, 0.0, 0.0, 0.0, 0.0, 0.0, 0.0, 0.0, 0.0, 0.0, 0.0, 0.0, 0.0, 0.0, 0.0, 0.0, 0.0, 0.0, 0.0, 0.0, 0.0, 0.0, 0.0, 0.0, 0.0, 0.0, 0.0, 0.0, 0.0, 0.0, 0.0, 0.0, 0.0], [0.0, 0.0, 0.0, 0.0, 0.0, 0.0, 0.0, 0.0, 0.9702709199815984, 0.0, 0.0, 0.0, 0.0, 0.0, 0.0, 0.0, 0.0, 0.0, 0.0, 0.0, 0.0, 0.0, 0.0, 0.0, 0.0, 0.0, 0.0, 0.0, 0.0, 0.0, 0.0, 0.0, 0.0, 0.0, 0.0, 0.0, 0.0, 0.0, 0.0, 0.0, 0.0], [0.0, 0.0, 0.0, 0.0, 0.0, 0.0, 0.0, 0.0, 0.0, 0.9681999545964015, 0.0, 0.0, 0.0, 0.0, 0.0, 0.0, 0.0, 0.0, 0.0, 0.0, 0.0, 0.0, 0.0, 0.0, 0.0, 0.0, 0.0, 0.0, 0.0, 0.0, 0.0, 0.0, 0.0, 0.0, 0.0, 0.0, 0.0, 0.0, 0.0, 0.0, 0.0], [0.0, 0.0, 0.0, 0.0, 0.0, 0.0, 0.0, 0.0, 0.0, 0.0, 0.0, 0.0, 0.0, 0.0, 0.9362195146776983, 0.0, 0.0, 0.0, 0.0, 0.0, 0.0, 0.0, 0.0, 0.0, 0.0, 0.0, 0.0, 0.0, 0.0, 0.0, 0.0, 0.0, 0.0, 0.0, 0.0, 0.0, 0.0, 0.0, 0.0, 0.0, 0.0], [0.0, 0.0, 0.0, 0.0, 0.0, 0.0, 0.0, 0.0, 0.0, 0.0, 0.0, 0.0, 0.0, 0.0, 0.0, 0.0, 0.9851210410549829, 0.0, 0.0, 0.0, 0.0, 0.0, 0.0, 0.0, 0.0, 0.0, 0.0, 0.0, 0.0, 0.0, 0.0, 0.0, 0.0, 0.0, 0.0, 0.0, 0.0, 0.0, 0.0, 0.0, 0.0], [0.0, 0.0, 0.0, 0.0, 0.0, 0.0, 0.0, 0.0, 0.0, 0.0, 0.0, 0.0, 0.0, 0.0, 0.0, 0.0, 0.9837587204174276, 0.0, 0.0, 0.0, 0.0, 0.0, 0.0, 0.0, 0.0, 0.0, 0.0, 0.0, 0.0, 0.0, 0.0, 0.0, 0.0, 0.0, 0.0, 0.0, 0.0, 0.0, 0.0, 0.0, 0.0], [0.0, 0.0, 0.0, 0.0, 0.0, 0.0, 0.0, 0.0, 0.0, 0.0, 0.0, 0.0, 0.0, 0.0, 0.0, 0.0, 0.984856187396854, 0.0, 0.0, 0.0, 0.0, 0.0, 0.0, 0.0, 0.0, 0.0, 0.0, 0.0, 0.0, 0.0, 0.0, 0.0, 0.0, 0.0, 0.0, 0.0, 0.0, 0.0, 0.0, 0.0, 0.0], [0.0, 0.0, 0.0, 0.0, 0.0, 0.0, 0.0, 0.0, 0.0, 0.0, 0.0, 0.0, 0.0, 0.0, 0.0, 0.0, 0.0, 0.9856514190865173, 0.0, 0.0, 0.0, 0.0, 0.0, 0.0, 0.0, 0.0, 0.0, 0.0, 0.0, 0.0, 0.0, 0.0, 0.0, 0.0, 0.0, 0.0, 0.0, 0.0, 0.0, 0.0, 0.0], [0.0, 0.0, 0.0, 0.0, 0.0, 0.0, 0.0, 0.0, 0.0, 0.0, 0.0, 0.0, 0.0, 0.0, 0.0, 0.0, 0.0, 0.9822195028041038, 0.0, 0.0, 0.0, 0.0, 0.0, 0.0, 0.0, 0.0, 0.0, 0.0, 0.0, 0.0, 0.0, 0.0, 0.0, 0.0, 0.0, 0.0, 0.0, 0.0, 0.0, 0.0, 0.0], [0.0, 0.0, 0.0, 0.0, 0.0, 0.0, 0.0, 0.0, 0.0, 0.0, 0.0, 0.0, 0.0, 0.0, 0.0, 0.0, 0.0, 0.9839626072842327, 0.0, 0.0, 0.0, 0.0, 0.0, 0.0, 0.0, 0.0, 0.0, 0.0, 0.0, 0.0, 0.0, 0.0, 0.0, 0.0, 0.0, 0.0, 0.0, 0.0, 0.0, 0.0, 0.0], [0.0, 0.0, 0.0, 0.0, 0.0, 0.0, 0.0, 0.0, 0.0, 0.0, 0.0, 0.0, 0.0, 0.0, 0.0, 0.0, 0.0, 0.0, 0.9818956606142968, 0.0, 0.0, 0.0, 0.0, 0.0, 0.0, 0.0, 0.0, 0.0, 0.0, 0.0, 0.0, 0.0, 0.0, 0.0, 0.0, 0.0, 0.0, 0.0, 0.0, 0.0, 0.0], [0.0, 0.0, 0.0, 0.0, 0.0, 0.0, 0.0, 0.0, 0.0, 0.0, 0.0, 0.0, 0.0, 0.0, 0.0, 0.0, 0.0, 0.0, 0.9857085576731842, 0.0, 0.0, 0.0, 0.0, 0.0, 0.0, 0.0, 0.0, 0.0, 0.0, 0.0, 0.0, 0.0, 0.0, 0.0, 0.0, 0.0, 0.0, 0.0, 0.0, 0.0, 0.0], [0.0, 0.0, 0.0, 0.0, 0.0, 0.0, 0.0, 0.0, 0.0, 0.0, 0.0, 0.0, 0.0, 0.0, 0.0, 0.0, 0.0, 0.0, 0.9840478491100322, 0.0, 0.0, 0.0, 0.0, 0.0, 0.0, 0.0, 0.0, 0.0, 0.0, 0.0, 0.0, 0.0, 0.0, 0.0, 0.0, 0.0, 0.0, 0.0, 0.0, 0.0, 0.0], [0.0, 0.0, 0.0, 0.0, 0.0, 0.0, 0.0, 0.0, 0.0, 0.0, 0.0, 0.0, 0.0, 0.0, 0.0, 0.0, 0.0, 0.0, 0.0, 0.9639113949353508, 0.0, 0.0, 0.0, 0.0, 0.0, 0.0, 0.0, 0.0, 0.0, 0.0, 0.0, 0.0, 0.0, 0.0, 0.0, 0.0, 0.0, 0.0, 0.0, 0.0, 0.0]], "Born radii": [], "Atomic SASAs": [], "Solvent H bonds": [], "Total SASA": NaN, "Total FOD": 0.0, "FOD": [0.0, 0.0, 0.0, 0.0, 0.0, 0.0, 0.0, 0.0, 0.0, 0.0, 0.0, 0.0, 0.0, 0.0, 0.0, 0.0, 0.0, 0.0, 0.0, 0.0, 0.0, 0.0, 0.0, 0.0, 0.0, 0.0, 0.0, 0.0, 0.0, 0.0, 0.0, 0.0, 0.0, 0.0, 0.0, 0.0, 0.0, 0.0, 0.0, 0.0, 0.0], "FOD s proportion": [0.0, 0.0, 0.0, 0.0, 0.0, 0.0, 0.0, 0.0, 0.0, 0.0, 0.0, 0.0, 0.0, 0.0, 0.0, 0.0, 0.0, 0.0, 0.0, 0.0, 0.0, 0.0, 0.0, 0.0, 0.0, 0.0, 0.0, 0.0, 0.0, 0.0, 0.0, 0.0, 0.0, 0.0, 0.0, 0.0, 0.0, 0.0, 0.0, 0.0, 0.0], "FOD p proportion": [0.0, 0.0, 0.0, 0.0, 0.0, 0.0, 0.0, 0.0, 0.0, 0.0, 0.0, 0.0, 0.0, 0.0, 0.0, 0.0, 0.0, 0.0, 0.0, 0.0, 0.0, 0.0, 0.0, 0.0, 0.0, 0.0, 0.0, 0.0, 0.0, 0.0, 0.0, 0.0, 0.0, 0.0, 0.0, 0.0, 0.0, 0.0, 0.0, 0.0, 0.0], "FOD d proportion": [0.0, 0.0, 0.0, 0.0, 0.0, 0.0, 0.0, 0.0, 0.0, 0.0, 0.0, 0.0, 0.0, 0.0, 0.0, 0.0, 0.0, 0.0, 0.0, 0.0, 0.0, 0.0, 0.0, 0.0, 0.0, 0.0, 0.0, 0.0, 0.0, 0.0, 0.0, 0.0, 0.0, 0.0, 0.0, 0.0, 0.0, 0.0, 0.0, 0.0, 0.0], "coordinates": [["4.84100", "-1.14570", "1.74690"], ["5.11740", "-0.12360", "0.74560"], ["6.49630", "0.33200", "0.68720"], ["4.32860", "0.09550", "-0.38860"], ["4.80430", "0.56930", "-1.41720"], ["3.00350", "-0.23800", "-0.21740"], ["1.98890", "-0.26500", "-1.19690"], ["2.23360", "-0.18670", "-2.57100"], ["1.17670", "-0.23290", "-3.48740"], ["-0.13450", "-0.36110", "-3.03760"], ["-0.37950", "-0.43500", "-1.66910"], ["-1.71870", "-0.62590", "-1.28100"], ["-2.23540", "0.12760", "-0.23400"], ["-1.63380", "0.98290", "0.39790"], ["-3.53520", "-0.24350", "-0.02830"], ["-4.45250", "0.35280", "0.94740"], ["-5.80260", "-0.37930", "0.84350"], ["-4.67980", "1.84160", "0.64280"], ["-3.91940", "0.18370", "2.37900"], ["0.67010", "-0.41070", "-0.74880"], ["5.04010", "-0.72840", "2.73820"], ["3.81640", "-1.51840", "1.71530"], ["5.51020", "-1.99370", "1.56910"], ["6.84650", "0.55820", "1.69860"], ["7.11240", "-0.45950", "0.24980"], ["6.58810", "1.23490", "0.07630"], ["2.68590", "-0.21880", "0.73900"], ["3.24280", "-0.09470", "-2.96180"], ["1.38560", "-0.17040", "-4.55230"], ["-0.95390", "-0.40330", "-3.74850"], ["-3.88610", "-0.93070", "-0.68160"], ["-5.68780", "-1.44990", "1.04990"], ["-6.53330", "0.02400", "1.55340"], ["-6.22580", "-0.28630", "-0.16360"], ["-5.03620", "1.98290", "-0.38410"], ["-3.75960", "2.42510", "0.75120"], ["-5.42400", "2.27530", "1.32030"], ["-2.98820", "0.73700", "2.53770"], ["-3.71480", "-0.87020", "2.60030"], ["-4.64370", "0.54810", "3.11630"], ["0.45640", "-0.49930", "0.31180"]], "bond_dist": [[0.0, 1.4572875694247858, 2.4589793553423744, 2.522596172596795, 3.5991805595162907, 2.8388025697466177, 4.192381821828732, 5.134440200255525, 6.4543159838979065, 6.947131613838908, 6.279153664308591, 7.243482210925903, 7.457928308853606, 6.947933073943646, 8.609647281973869, 9.447425297402463, 10.709328712855909, 10.039354099741677, 8.883212421753743, 4.915806169897263, 1.0938262156302527, 1.0907378282612192, 1.0947810191997303, 2.6320407196698152, 2.8056080998599926, 3.39271559816027, 2.5533237221316063, 5.082391162632015, 7.25058065881623, 8.02068855710032, 9.061242280173287, 10.556229254804956, 11.435923260935253, 11.263331694041511, 10.577730323656395, 9.365487253207919, 10.828455732928866, 8.091124555338398, 8.602668507503935, 9.73158511703001, 4.658547212382847], [1.4572875694247858, 0.0, 1.4533915955447105, 1.3987922969476205, 2.2925631637972375, 2.3257320503445795, 3.685215388549223, 4.395465801254743, 5.784405931467812, 6.476994835569966, 6.0119593860903615, 7.1478441547084675, 7.422020307167045, 6.850105034231227, 8.68796777042825, 9.583875323166511, 10.923432011048542, 9.992882803275538, 9.18837216758224, 4.700439879415542, 2.0837977565013355, 2.1397163667177947, 2.08079746731872, 2.088742935356096, 2.0829477789901505, 2.1110289505357334, 2.433371909511573, 4.154488552156571, 6.480452599163117, 7.558826006067344, 9.151574864470048, 10.8905471497074, 11.679603464587315, 11.380742601869176, 10.431162797119025, 9.235639233426129, 10.826177315193021, 8.345837652986068, 9.055665656924399, 10.067297183951608, 4.696195686936394], [2.4589793553423744, 1.4533915955447105, 0.0, 2.431501836314338, 2.710659449285358, 3.652787018154768, 4.921676195159531, 5.390318007316451, 6.785612819045896, 7.636886230002382, 7.308697854611313, 8.50162388311786, 8.782537998209857, 8.161243245364028, 10.073436987940113, 10.95191116289755, 12.32044311662531, 11.277680378960914, 10.55324531222505, 6.046346477832708, 2.7297559597883474, 3.415089132072544, 2.6756347489894803, 1.0939544963114327, 1.0942441318097167, 1.0940084368961693, 3.8503521968775787, 4.9073960651245585, 7.33648556871749, 8.701814788881684, 10.548092457406694, 12.319050763350235, 13.061992290611718, 12.765499752849474, 11.69921838201168, 10.467504402674022, 12.09424584626921, 9.671820692093087, 10.45809732503958, 11.40380752292847, 6.108385781857593], [2.522596172596795, 1.3987922969476205, 2.431501836314338, 0.0, 1.228330122564777, 1.3771062776706815, 2.5015005956425433, 3.038343561877096, 4.432254686951101, 5.210081205701116, 4.907883057897774, 6.155211857442438, 6.5658988394583115, 6.0791672760337825, 7.879345628286653, 8.885877362421787, 10.216884010793114, 9.23384652948055, 8.70039614040648, 3.7108765446993783, 3.310879294084881, 2.700632751782441, 3.0973415197552883, 3.3030766778868452, 2.9094882711569747, 2.5728786640648256, 2.0171092037864478, 2.799374201495756, 5.105717334518236, 6.280329266845808, 8.28373294656461, 10.236494144481304, 11.034371203652702, 10.563699901076326, 9.5531030586925, 8.493830669374097, 10.138297392067368, 7.906346576010945, 8.634951259850864, 9.643201649867123, 3.9797336644554493], [3.5991805595162907, 2.2925631637972375, 2.710659449285358, 1.228330122564777, 0.0, 2.309574413176592, 2.944667339446002, 2.9174113405551845, 4.253085308337936, 5.280443708629039, 5.286194712645383, 6.632991970445916, 7.152093205488866, 6.701849340294065, 8.493347237691392, 9.556492643747495, 10.88654830788896, 9.788283817912106, 9.521699611413919, 4.301019437296232, 4.359699082505581, 3.89191391862667, 3.998156012463746, 3.7254414087460836, 3.0273163115208166, 2.4198157057924887, 3.1237667342488935, 2.2945516795226033, 4.697181898755891, 6.287907258380963, 8.849528773895251, 10.96576096128308, 11.732987267102951, 11.134032078721527, 9.995048815288497, 9.02697819926469, 10.724852592926394, 8.740275370375924, 9.528249120903588, 10.47939767782481, 4.799539703971621], [2.8388025697466177, 2.3257320503445795, 3.652787018154768, 1.3771062776706815, 2.309574413176592, 0.0, 1.4105184897760115, 2.4768549937370175, 3.7456807458725043, 4.220867878766167, 3.686587973994382, 4.856015260478492, 5.251667557071753, 4.834639820090014, 6.541436138188617, 7.569527044670624, 8.870900276183924, 8.00610886073878, 7.405786133828063, 2.3993680022039134, 3.622678992127235, 2.45673764574079, 3.5436717723288087, 4.367337797789404, 4.1413038164326945, 3.8865217431528674, 1.0079381727070365, 2.7585377902069785, 4.627475357038652, 5.306317561171777, 6.939877743159457, 8.866422423390395, 9.703346375349073, 9.229583187771807, 8.342479355083835, 7.3327899997204335, 8.927707120532125, 6.666458572585597, 7.312637350504945, 8.379210985528411, 2.6145838559893235], [4.192381821828732, 3.685215388549223, 4.921676195159531, 2.5015005956425433, 2.944667339446002, 1.4105184897760115, 0.0, 1.3979126546390517, 2.430450472649052, 2.811803559994901, 2.420989756277378, 3.7260729166241497, 4.350404769673737, 4.150252611588842, 5.646394337982426, 6.816988579277509, 8.055046176155665, 7.231446559299184, 6.920722606057838, 1.4004483353555033, 5.000957209375021, 3.6594639839736094, 4.799865975212224, 5.714705263615963, 5.327384291563732, 5.002337342682918, 2.0580700303925523, 2.171667403172042, 3.410517440213434, 3.8974172589036447, 5.935007630997622, 8.08602628860431, 8.959663159405046, 8.279460047007897, 7.420628562325431, 6.63904992224038, 8.230462097598167, 6.302599905594516, 6.878749055605968, 7.953377182681581, 2.163244884427096], [5.134440200255525, 4.395465801254743, 5.390318007316451, 3.038343561877096, 2.9174113405551845, 2.4768549937370175, 1.3979126546390517, 0.0, 1.399628882954335, 2.419923248782903, 2.7754942100462037, 4.180630566074932, 5.052951067445636, 5.013892113917091, 6.304570006749072, 7.57457140833724, 8.73363701157771, 7.8890817520165175, 7.905637555567546, 2.411456217724054, 6.029716890534746, 4.759311759067692, 5.58048246749329, 6.3295502668041115, 5.642164648430601, 5.2906345649647735, 3.3409139019136664, 1.0861276536392948, 2.155207502770905, 3.4049343694115457, 6.447797798473522, 8.800861833366094, 9.690903232413374, 8.795848070538733, 7.895548607284994, 7.333277460999277, 8.935462911903334, 7.363371009259279, 7.911572441683132, 8.954471934179034, 3.400984333983325], [6.4543159838979065, 5.784405931467812, 6.785612819045896, 4.432254686951101, 4.253085308337936, 3.7456807458725043, 2.430450472649052, 1.399628882954335, 0.0, 1.3921209430218342, 2.4018363266467597, 3.6614192767286298, 4.728318751945558, 4.946982512603011, 5.845296124235281, 7.190159119936081, 8.215154061854227, 7.460609528718146, 7.781930334435024, 2.790732226495405, 7.343669053681545, 5.973994779877197, 6.888238609397907, 7.724446080464281, 7.0178733167534455, 6.643616822936132, 4.487799060786925, 2.1363810076856606, 1.0869946963992048, 2.1532918357714546, 5.830212888051345, 8.318025038433102, 9.215191926921543, 8.114647512369222, 7.289743955722999, 7.028353409583215, 8.5424988744512, 7.388432041373867, 7.835369476291466, 8.837186817647344, 3.876044593396727], [6.947131613838908, 6.476994835569966, 7.636886230002382, 5.210081205701116, 5.280443708629039, 4.220867878766167, 2.811803559994901, 2.419923248782903, 1.3921209430218342, 0.0, 1.3922206937120276, 2.3802210485583055, 3.5373410155086824, 3.9820719154731496, 4.5425187660592, 5.919037270536484, 6.869543366192545, 6.249558667618058, 6.630371830448123, 2.4266121981066524, 7.763456710125973, 6.288005447675758, 7.466572556400963, 8.485933297522436, 7.958281279899574, 7.578716248151793, 4.715677364918003, 3.388638353380307, 2.1543877529358544, 1.085622406732654, 4.466506769277306, 6.980851135785665, 7.88480972820524, 6.735681608419448, 6.046657021859269, 5.9379513209523695, 7.343072083263245, 6.3587260823218354, 6.698033092632493, 7.683099276333738, 3.4039304355406554], [6.279153664308591, 6.0119593860903615, 7.308697854611313, 4.907883057897774, 5.286194712645383, 3.686587973994382, 2.420989756277378, 2.7754942100462037, 2.4018363266467597, 1.3922206937120276, 0.0, 1.4073098663762718, 2.412549601562629, 2.802890989674768, 3.5619291654944516, 4.9046946989593545, 5.977146046400406, 5.387055713467237, 5.413020904264087, 1.39613851032052, 6.991597886749495, 5.498499407110998, 6.899568901025629, 8.033861184386994, 7.733779352296004, 7.374444855716259, 3.904147180883426, 3.861079469526625, 3.3909340026016426, 2.157508889900572, 3.6765633817466004, 6.049878668204843, 6.96164073261469, 6.038862941812805, 5.4020662991118495, 5.0460975129301655, 6.459815686225111, 5.086852261467793, 5.435200225382686, 6.4845925400135975, 2.1510063017108996], [7.243482210925903, 7.1478441547084675, 8.50162388311786, 6.155211857442438, 6.632991970445916, 4.856015260478492, 3.7260729166241497, 4.180630566074932, 3.6614192767286298, 2.3802210485583055, 1.4073098663762718, 0.0, 1.3895863197369207, 2.3268327529068347, 2.239455134625385, 3.660229868464547, 4.610048917310965, 4.307862103178327, 4.346738162116509, 2.456809581550837, 7.864213395502439, 6.357019895359774, 7.889926619430628, 9.145641585476657, 8.964338503760331, 8.620195251268964, 4.862780230485437, 5.26533420876586, 4.532721305132271, 2.59287987573663, 2.269318435125401, 4.676090848133727, 5.6246392355421335, 4.655949025708937, 4.31463478176311, 4.19567761511773, 5.377078316334996, 4.2487170239967735, 4.371337025441987, 5.410189302603006, 2.6989070769480006], [7.457928308853606, 7.422020307167045, 8.782537998209857, 6.5658988394583115, 7.152093205488866, 5.251667557071753, 4.350404769673737, 5.052951067445636, 4.728318751945558, 3.5373410155086824, 2.412549601562629, 1.3895863197369207, 0.0, 1.2217848664965532, 1.3672994331893804, 2.52229130157482, 3.760700692690127, 3.111537497765373, 3.109143324132871, 2.999452646734067, 7.905669427063087, 6.567599997716061, 8.23075954332284, 9.295228169872969, 9.378705331227758, 8.898120679671635, 5.0285102813855325, 6.123804811553026, 5.643417394628896, 3.7783339330980263, 2.0112571044001313, 4.006990294472899, 4.655907659092908, 4.012425890904403, 3.3629077804780794, 2.9278509063816758, 4.146761837868194, 2.9360512750972183, 3.3492515119053095, 4.147437670417724, 2.817212893978728], [6.947933073943646, 6.850105034231227, 8.161243245364028, 6.0791672760337825, 6.701849340294065, 4.834639820090014, 4.150252611588842, 5.013892113917091, 4.946982512603011, 3.9820719154731496, 2.802890989674768, 2.3268327529068347, 1.2217848664965532, 0.0, 2.302395569835905, 2.940075840858531, 4.408292372336481, 3.1741861476605306, 3.128489285581781, 2.926601623043355, 7.27643408476982, 6.139765833482576, 7.827425694313553, 8.58997547551796, 8.865577579041311, 8.232045321182337, 4.496692138672604, 6.019138925959426, 5.9119672943953265, 4.424527930751482, 3.1464329803763498, 4.772686438474667, 5.12442872035508, 4.797146536223383, 3.631507918206981, 2.593026681312786, 4.10934733990691, 2.5443290294299596, 3.551775101269786, 4.079000810247529, 2.563838155968508], [8.609647281973869, 8.68796777042825, 10.073436987940113, 7.879345628286653, 8.493347237691392, 6.541436138188617, 5.646394337982426, 6.304570006749072, 5.845296124235281, 4.5425187660592, 3.5619291654944516, 2.239455134625385, 1.3672994331893804, 2.302395569835905, 0.0, 1.4659479765666992, 2.4330186271379013, 2.4714623970434992, 2.474914699540168, 4.26985060394389, 9.023548102049437, 7.6623451716821, 9.350622864814943, 10.554837819218257, 10.653421111079764, 10.231217454926858, 6.268288808757938, 7.387073012364234, 6.684773163690747, 4.530842501124929, 1.011026972933957, 2.6928800493152307, 3.400284510154995, 2.69433967606165, 2.7085884884935916, 2.789157860358571, 3.4250023124079787, 2.8008829411455243, 2.7082368821799916, 3.426939154697673, 4.01422124577109], [9.447425297402463, 9.583875323166511, 10.95191116289755, 8.885877362421787, 9.556492643747495, 7.569527044670624, 6.816988579277509, 7.57457140833724, 7.190159119936081, 5.919037270536484, 4.9046946989593545, 3.660229868464547, 2.52229130157482, 2.940075840858531, 1.4659479765666992, 0.0, 1.5393296040809457, 1.5365454402652725, 1.5369674622450533, 5.449867654356387, 9.720360736104395, 8.512682718156478, 10.254168149099174, 11.325806443693093, 11.614361328114429, 11.109984877577466, 7.164280262524631, 8.642901305695906, 8.037652016602859, 5.904520808668558, 2.1498423686400825, 2.187738473858336, 2.19204791918425, 2.188004273304785, 2.184221589033494, 2.1938623794577454, 2.186063336227933, 2.1956407310851196, 2.1844927786559514, 2.1860527761241264, 5.022684638716629], [10.709328712855909, 10.923432011048542, 12.32044311662531, 10.216884010793114, 10.88654830788896, 8.870900276183924, 8.055046176155665, 8.73363701157771, 8.215154061854227, 6.869543366192545, 5.977146046400406, 4.610048917310965, 3.760700692690127, 4.408292372336481, 2.4330186271379013, 1.5393296040809457, 0.0, 2.4966692091664844, 2.4942276339580554, 6.665752061095582, 11.012533867825335, 9.72536606251919, 11.450424732733717, 12.712585617017492, 12.928887683401072, 12.518933020429495, 8.49066032473329, 9.81736046042927, 8.990468068460062, 6.678093417286104, 2.510566513757403, 1.0963413519520278, 1.0956876334065286, 1.096356534162131, 2.7702634459559983, 3.4708828343809017, 2.723522968509721, 3.4694793110782487, 2.7724065160073477, 2.7145422837008817, 6.282689383536321], [10.039354099741677, 9.992882803275538, 11.277680378960914, 9.23384652948055, 9.788283817912106, 8.00610886073878, 7.231446559299184, 7.8890817520165175, 7.460609528718146, 6.249558667618058, 5.387055713467237, 4.307862103178327, 3.111537497765373, 3.1741861476605306, 2.4714623970434992, 1.5365454402652725, 2.4966692091664844, 0.0, 2.5181800988015133, 5.9691570476910725, 10.269958966325035, 9.199199459192087, 10.927198075444593, 11.64548929371368, 12.021043675571603, 11.29843252624009, 7.649054784089339, 8.916837421978714, 8.235671506926439, 6.181053511336073, 3.1732699759081324, 3.4663765894662975, 2.751058772545581, 2.7510644067342365, 1.0961342344804308, 1.0949844062816607, 1.0958720637008685, 2.76989128487022, 3.48093241675273, 2.7915314273710043, 5.654195278728884], [8.883212421753743, 9.18837216758224, 10.55324531222505, 8.70039614040648, 9.521699611413919, 7.405786133828063, 6.920722606057838, 7.905637555567546, 7.781930334435024, 6.630371830448123, 5.413020904264087, 4.346738162116509, 3.109143324132871, 3.128489285581781, 2.474914699540168, 1.5369674622450533, 2.4942276339580554, 2.5181800988015133, 0.0, 5.585691940127024, 9.012967951790353, 7.9486001119694025, 9.711558316253885, 10.793877765659568, 11.253790922173737, 10.808099045623148, 6.817741146450193, 8.93861063253121, 8.7356357238612, 6.832643375736802, 3.2573407267278625, 2.7499807872056126, 2.7458318703081583, 3.464851471564113, 3.4812475479345046, 2.774732931292668, 2.785580264505046, 1.094741987867461, 1.096147827621804, 1.0959056254988382, 4.887476903270234], [4.915806169897263, 4.700439879415542, 6.046346477832708, 3.7108765446993783, 4.301019437296232, 2.3993680022039134, 1.4004483353555033, 2.411456217724054, 2.790732226495405, 2.4266121981066524, 1.39613851032052, 2.456809581550837, 2.999452646734067, 2.926601623043355, 4.26985060394389, 5.449867654356387, 6.665752061095582, 5.9691570476910725, 5.585691940127024, 0.0, 5.599732340924877, 4.147046152383646, 5.5950976238131895, 6.71389983020301, 6.51941812510902, 6.19770226535609, 2.5127323952223803, 3.408226854245474, 3.8776663845668824, 3.4111040514765887, 4.586270192651104, 6.688658366219641, 7.574830723521153, 6.92180404302231, 6.19872460591693, 5.469369591643995, 6.973795639391795, 5.049896675180593, 5.536692069277467, 6.6403889863471095, 1.085536738208339], [1.0938262156302527, 2.0837977565013355, 2.7297559597883474, 3.310879294084881, 4.359699082505581, 3.622678992127235, 5.000957209375021, 6.029716890534746, 7.343669053681545, 7.763456710125973, 6.991597886749495, 7.864213395502439, 7.905669427063087, 7.27643408476982, 9.023548102049437, 9.720360736104395, 11.012533867825335, 10.269958966325035, 9.012967951790353, 5.599