{"total energy": -30.37584812, "HOMO-LUMO gap/eV": 11.6776785, "electronic energy": -30.76366619, "dipole": [-0.50240564, -0.29853704, 0.32343229], "partial charges": [-0.0999038, -0.05208697, -0.05890226, -0.0637476, -0.02310495, -0.06095657, -0.10224208, 0.08361306, -0.44798384, 0.03118124, 0.03241799, 0.03094901, 0.03029396, 0.02815454, 0.02905543, 0.030878, 0.05145105, 0.02768166, 0.04533476, 0.03962955, 0.03026278, 0.03600114, 0.03454647, 0.0287561, 0.0205959, 0.014953, 0.28317244], "atomic dipole moments": [[-0.07196379, 0.03847543, 0.05868646], [-0.0212919, -0.06298241, -0.0899059], [0.0193557, 0.06188112, 0.09138101], [-0.03239149, -0.06051384, -0.10098719], [-0.01883393, -0.03456608, 0.10411589], [-0.06946663, 0.09002894, -0.02754543], [0.09302714, 0.01914255, 0.0412316], [0.10107434, 0.16622549, -0.03969661], [-0.15090351, -0.1738681, 0.07927264], [-0.00589867, -0.12542302, -0.0032821], [-0.00840567, 0.04320535, -0.11798531], [0.11230792, 0.03135428, 0.04383019], [0.0161879, 0.12259836, 0.00415678], [0.01813773, -0.04091649, 0.11504923], [-0.00888436, -0.12276725, -0.00428741], [-0.01451442, 0.0406645, -0.11686569], [0.02748542, 0.1225918, 0.01714125], [0.01189211, -0.04746583, 0.11422123], [-0.00095343, 0.05420132, -0.11478543], [0.07409946, -0.06282333, -0.07479762], [0.00792087, -0.0601865, 0.10870345], [-0.01779938, 0.05984559, -0.11040244], [-0.01570624, -0.1210919, -0.02117171], [-0.09084765, 0.0326264, 0.0810144], [-0.11080682, 0.00486061, -0.03972192], [0.00072712, -0.03089395, 0.11463656], [-0.05770886, 0.02418564, 0.04846145]], "atomic quadrupole moments": [[0.07201983, -0.09287593, -0.07092745, -0.14157469, 0.08516328, -0.00109238], [0.21709404, -0.02479275, -0.15496212, -0.04536483, 0.11936521, -0.06213192], [0.21078575, -0.00685016, -0.15303363, -0.03242474, 0.12639377, -0.05775211], [0.21029008, -0.06463129, -0.17324105, -0.01680022, 0.10502503, -0.03704902], [0.09338409, -0.01216414, 0.05045278, -0.02497718, 0.128104, -0.14383687], [0.1067179, 0.09821914, 0.07711781, 0.1179878, 0.02275661, -0.18383571], [0.17187194, 0.03689718, -0.0928205, 0.11833891, 0.02744316, -0.07905144], [-0.16489384, 0.12089978, 0.41106769, -0.11351719, 0.09101877, -0.24617385], [-0.05765591, 0.07233786, 0.15760123, -0.03520203, 0.0044688, -0.09994533], [-0.03823534, 0.01660066, 0.07856101, -0.01312567, -0.0017677, -0.04032567], [-0.03709054, -0.01915119, -0.02335474, 0.01270104, -0.04145112, 0.06044528], [0.0575552, 0.02716368, -0.03779518, 0.03754331, 0.02453745, -0.01976003], [-0.01731133, 0.00307027, 0.05573752, -0.00426908, -0.00674503, -0.03842619], [-0.01776203, -0.00566433, -0.02100634, 0.00257606, -0.0374203, 0.03876837], [-0.01782129, 0.01045213, 0.05420977, -0.00450503, -0.00684617, -0.03638848], [-0.01988846, -0.00560061, -0.01784104, 0.0072943, -0.03838559, 0.03772949], [-0.01025203, 0.00574531, 0.05254319, -0.00685162, -0.00021408, -0.04229115], [-0.02221208, -0.00787148, -0.01060195, -0.00311115, -0.04492441, 0.03281404], [-0.01452783, -0.00080461, -0.01360386, 0.00508874, -0.01838513, 0.02813168], [0.02370346, -0.00420804, -0.02123185, -0.03889399, 0.02996376, -0.00247161], [-0.02490564, 0.01252502, -0.02585952, 0.00522896, -0.02791195, 0.05076517], [-0.030448, 0.00277545, -0.01269419, 0.00630142, -0.0595319, 0.04314219], [-0.02602208, 0.00405657, 0.07891853, 0.00663542, 0.02120307, -0.05289645], [0.01297767, -0.02613913, -0.03361747, -0.04359903, 0.03737445, 0.0206398], [0.02287101, 0.01560741, 0.00613453, 0.03650249, 0.01760467, -0.02900554], [-0.04393566, -0.00327207, 0.01183662, 0.01050274, -0.0240253, 0.03209904], [0.01325942, -0.051397, -0.00139966, -0.09119227, 0.05784451, -0.01185976]], "number of molecular orbitals": 54, "number of electrons": 56, "number of unpaired electrons": 0, "orbital energies/eV": [-18.52752129, -17.12941448, -16.72412498, -16.55442391, -16.31524087, -15.79890591, -15.46229235, -15.18684861, -14.9831893, -14.9242384, -14.2331933, -13.99775401, -13.86487205, -13.42605668, -13.2654956, -13.15601637, -13.11787338, -12.68261812, -12.6052086, -12.35582404, -12.05545274, -11.91772798, -11.7966701, -11.50858991, -11.44973479, -11.33319306, -11.17134007, -10.94369856, 0.73397995, 1.28225785, 1.92095639, 3.03801347, 3.1978484, 3.27436289, 3.48151336, 3.62196039, 3.96335872, 4.14391859, 4.26891686, 4.51653284, 4.78459986, 4.93023533, 5.06109428, 5.36414137, 5.6484909, 6.1207379, 6.46566134, 6.62507384, 7.03141418, 7.28466202, 7.40032627, 7.72901298, 8.10719362, 8.5744612], "fractional occupation": [2.0, 2.0, 2.0, 2.0, 2.0, 2.0, 2.0, 2.0, 2.0, 2.0, 2.0, 2.0, 2.0, 2.0, 2.0, 2.0, 2.0, 2.0, 2.0, 2.0, 2.0, 2.0, 2.0, 2.0, 2.0, 2.0, 2.0, 2.0, 0.0, 0.0, 0.0, 0.0, 0.0, 0.0, 0.0, 0.0, 0.0, 0.0, 0.0, 0.0, 0.0, 0.0, 0.0, 0.0, 0.0, 0.0, 0.0, 0.0, 0.0, 0.0, 0.0, 0.0, 0.0, 0.0], "program call": "xtb /home/svss/Project-DBcg-Debug/aqme2_20220329/End-to-End-workflows-final/example-3/QDESCP/mol_1056_rdkit_conf_14/mol_1056_rdkit_conf_14.xyz --pop --wbo --acc 0.2 --gfn 2 --chrg 0 --uhf 0 --etemp 300 --input /home/svss/Project-DBcg-Debug/aqme2_20220329/End-to-End-workflows-final/example-3/QDESCP/mol_1056_rdkit_conf_14/mol_1056_rdkit_conf_14_xtb.inp", "method": "GFN2-xTB", "xtb version": "6.3.3 (7355c4f)", "Dipole module/D": 1.698, "Total charge": 0, "Transition dipole module/D": NaN, "HOMO": -10.9437, "LUMO": 0.734, "HOMO occupancy": 2.0, "LUMO occupancy": 0, "mulliken charges": [-0.08359, -0.03778, -0.04808, -0.04825, -0.02085, -0.05208, -0.08545, 0.19302, -0.56893, 0.02545, 0.02658, 0.02751, 0.02379, 0.02117, 0.01969, 0.02363, 0.04218, 0.01859, 0.03366, 0.0292, 0.02232, 0.02967, 0.03058, 0.02362, 0.01081, 0.00788, 0.33566], "cm5 charges": [-0.23395, -0.15047, -0.15917, -0.15566, -0.08819, -0.16246, -0.23616, 0.10749, -0.78503, 0.07674, 0.07787, 0.07829, 0.0785, 0.07587, 0.07571, 0.07914, 0.10171, 0.07474, 0.09485, 0.08511, 0.07761, 0.08118, 0.08132, 0.07543, 0.07482, 0.07092, 0.50378], "FUKUI+": [0.008, -0.011, -0.01, -0.016, -0.028, -0.007, 0.02, -0.009, -0.102, -0.03, -0.03, -0.055, -0.032, -0.034, -0.036, -0.038, -0.041, -0.046, -0.052, -0.049, -0.04, -0.028, -0.044, -0.021, -0.092, -0.07, -0.107], "FUKUI-": [0.018, 0.006, 0.008, 0.008, -0.001, 0.007, 0.015, 0.016, -0.087, -0.056, -0.054, -0.053, -0.077, -0.068, -0.07, -0.059, -0.047, -0.042, -0.038, -0.053, -0.034, -0.031, -0.051, -0.051, -0.087, -0.071, -0.049], "FUKUIrad": [0.013, -0.003, -0.001, -0.004, -0.015, 0.0, 0.017, 0.003, -0.095, -0.043, -0.042, -0.054, -0.055, -0.051, -0.053, -0.048, -0.044, -0.044, -0.045, -0.051, -0.037, -0.03, -0.048, -0.036, -0.09, -0.07, -0.078], "s proportion": [1.007, 1.027, 1.033, 1.036, 1.063, 1.032, 1.008, 0.995, 1.695, 0.975, 0.973, 0.972, 0.976, 0.979, 0.98, 0.976, 0.958, 0.981, 0.966, 0.971, 0.978, 0.97, 0.969, 0.976, 0.989, 0.992, 0.664], "p proportion": [3.076, 3.01, 3.016, 3.012, 2.958, 3.02, 3.077, 2.812, 4.874, 0.0, 0.0, 0.0, 0.0, 0.0, 0.0, 0.0, 0.0, 0.0, 0.0, 0.0, 0.0, 0.0, 0.0, 0.0, 0.0, 0.0, 0.0], "d proportion": [0.0, 0.0, 0.0, 0.0, 0.0, 0.0, 0.0, 0.0, 0.0, 0.0, 0.0, 0.0, 0.0, 0.0, 0.0, 0.0, 0.0, 0.0, 0.0, 0.0, 0.0, 0.0, 0.0, 0.0, 0.0, 0.0, 0.0], "Fermi-level/eV": -5.1049, "Coordination numbers": [3.75, 3.8, 3.8, 3.801, 3.846, 3.799, 3.748, 3.675, 1.653, 0.924, 0.924, 0.924, 0.924, 0.924, 0.924, 0.924, 0.924, 0.924, 0.923, 0.924, 0.924, 0.924, 0.924, 0.924, 0.924, 0.924, 0.804], "Dispersion coefficient C6": [22.471, 21.51, 21.635, 21.724, 20.954, 21.673, 22.519, 19.409, 21.804, 2.57, 2.552, 2.573, 2.582, 2.613, 2.6, 2.574, 2.302, 2.62, 2.379, 2.454, 2.583, 2.503, 2.523, 2.604, 2.724, 2.811, 0.774], "Total dispersion C6": 4857.586326, "Total dispersion C8": 100789.05218, "Polarizability alpha": [6.761, 6.603, 6.622, 6.636, 6.511, 6.628, 6.768, 6.313, 6.303, 2.507, 2.498, 2.509, 2.513, 2.528, 2.522, 2.509, 2.373, 2.531, 2.412, 2.45, 2.513, 2.474, 2.484, 2.524, 2.581, 2.622, 1.382], "Total polarizability alpha": 103.078397, "Wiberg matrix": [[0.0, 1.0200808460589126, 0.0, 0.0, 0.0, 0.0, 0.0, 0.0, 0.0, 0.9877237124959616, 0.9877036438403898, 0.9873757551771507, 0.0, 0.0, 0.0, 0.0, 0.0, 0.0, 0.0, 0.0, 0.0, 0.0, 0.0, 0.0, 0.0, 0.0, 0.0], [1.0200808460589126, 0.0, 1.0069865826654711, 0.0, 0.0, 0.0, 0.0, 0.0, 0.0, 0.0, 0.0, 0.0, 0.9778227699450013, 0.9782488610395914, 0.0, 0.0, 0.0, 0.0, 0.0, 0.0, 0.0, 0.0, 0.0, 0.0, 0.0, 0.0, 0.0], [0.0, 1.0069865826654711, 0.0, 1.007687369896596, 0.0, 0.0, 0.0, 0.0, 0.0, 0.0, 0.0, 0.0, 0.0, 0.0, 0.9748459864120667, 0.9771378299695331, 0.0, 0.0, 0.0, 0.0, 0.0, 0.0, 0.0, 0.0, 0.0, 0.0, 0.0], [0.0, 0.0, 1.007687369896596, 0.0, 0.993291255658294, 0.0, 0.0, 0.0, 0.0, 0.0, 0.0, 0.0, 0.0, 0.0, 0.0, 0.0, 0.9735498236843857, 0.9774986801480463, 0.0, 0.0, 0.0, 0.0, 0.0, 0.0, 0.0, 0.0, 0.0], [0.0, 0.0, 0.0, 0.993291255658294, 0.0, 0.9954269390007793, 0.0, 0.9929975862615914, 0.0, 0.0, 0.0, 0.0, 0.0, 0.0, 0.0, 0.0, 0.0, 0.0, 0.9666514393181851, 0.0, 0.0, 0.0, 0.0, 0.0, 0.0, 0.0, 0.0], [0.0, 0.0, 0.0, 0.0, 0.9954269390007793, 0.0, 1.0196474413867935, 0.0, 0.0, 0.0, 0.0, 0.0, 0.0, 0.0, 0.0, 0.0, 0.0, 0.0, 0.0, 0.9738613198504413, 0.9776503423767708, 0.0, 0.0, 0.0, 0.0, 0.0, 0.0], [0.0, 0.0, 0.0, 0.0, 0.0, 1.0196474413867935, 0.0, 0.0, 0.0, 0.0, 0.0, 0.0, 0.0, 0.0, 0.0, 0.0, 0.0, 0.0, 0.0, 0.0, 0.0, 0.9872214139365151, 0.9866880836568951, 0.9863874419403618, 0.0, 0.0, 0.0], [0.0, 0.0, 0.0, 0.0, 0.9929975862615914, 0.0, 0.0, 0.0, 0.9874452744265783, 0.0, 0.0, 0.0, 0.0, 0.0, 0.0, 0.0, 0.0, 0.0, 0.0, 0.0, 0.0, 0.0, 0.0, 0.0, 0.9714006572498448, 0.9733951642864895, 0.0], [0.0, 0.0, 0.0, 0.0, 0.0, 0.0, 0.0, 0.9874452744265783, 0.0, 0.0, 0.0, 0.0, 0.0, 0.0, 0.0, 0.0, 0.0, 0.0, 0.0, 0.0, 0.0, 0.0, 0.0, 0.0, 0.0, 0.0, 0.9069021378622608], [0.9877237124959616, 0.0, 0.0, 0.0, 0.0, 0.0, 0.0, 0.0, 0.0, 0.0, 0.0, 0.0, 0.0, 0.0, 0.0, 0.0, 0.0, 0.0, 0.0, 0.0, 0.0, 0.0, 0.0, 0.0, 0.0, 0.0, 0.0], [0.9877036438403898, 0.0, 0.0, 0.0, 0.0, 0.0, 0.0, 0.0, 0.0, 0.0, 0.0, 0.0, 0.0, 0.0, 0.0, 0.0, 0.0, 0.0, 0.0, 0.0, 0.0, 0.0, 0.0, 0.0, 0.0, 0.0, 0.0], [0.9873757551771507, 0.0, 0.0, 0.0, 0.0, 0.0, 0.0, 0.0, 0.0, 0.0, 0.0, 0.0, 0.0, 0.0, 0.0, 0.0, 0.0, 0.0, 0.0, 0.0, 0.0, 0.0, 0.0, 0.0, 0.0, 0.0, 0.0], [0.0, 0.9778227699450013, 0.0, 0.0, 0.0, 0.0, 0.0, 0.0, 0.0, 0.0, 0.0, 0.0, 0.0, 0.0, 0.0, 0.0, 0.0, 0.0, 0.0, 0.0, 0.0, 0.0, 0.0, 0.0, 0.0, 0.0, 0.0], [0.0, 0.9782488610395914, 0.0, 0.0, 0.0, 0.0, 0.0, 0.0, 0.0, 0.0, 0.0, 0.0, 0.0, 0.0, 0.0, 0.0, 0.0, 0.0, 0.0, 0.0, 0.0, 0.0, 0.0, 0.0, 0.0, 0.0, 0.0], [0.0, 0.0, 0.9748459864120667, 0.0, 0.0, 0.0, 0.0, 0.0, 0.0, 0.0, 0.0, 0.0, 0.0, 0.0, 0.0, 0.0, 0.0, 0.0, 0.0, 0.0, 0.0, 0.0, 0.0, 0.0, 0.0, 0.0, 0.0], [0.0, 0.0, 0.9771378299695331, 0.0, 0.0, 0.0, 0.0, 0.0, 0.0, 0.0, 0.0, 0.0, 0.0, 0.0, 0.0, 0.0, 0.0, 0.0, 0.0, 0.0, 0.0, 0.0, 0.0, 0.0, 0.0, 0.0, 0.0], [0.0, 0.0, 0.0, 0.9735498236843857, 0.0, 0.0, 0.0, 0.0, 0.0, 0.0, 0.0, 0.0, 0.0, 0.0, 0.0, 0.0, 0.0, 0.0, 0.0, 0.0, 0.0, 0.0, 0.0, 0.0, 0.0, 0.0, 0.0], [0.0, 0.0, 0.0, 0.9774986801480463, 0.0, 0.0, 0.0, 0.0, 0.0, 0.0, 0.0, 0.0, 0.0, 0.0, 0.0, 0.0, 0.0, 0.0, 0.0, 0.0, 0.0, 0.0, 0.0, 0.0, 0.0, 0.0, 0.0], [0.0, 0.0, 0.0, 0.0, 0.9666514393181851, 0.0, 0.0, 0.0, 0.0, 0.0, 0.0, 0.0, 0.0, 0.0, 0.0, 0.0, 0.0, 0.0, 0.0, 0.0, 0.0, 0.0, 0.0, 0.0, 0.0, 0.0, 0.0], [0.0, 0.0, 0.0, 0.0, 0.0, 0.9738613198504413, 0.0, 0.0, 0.0, 0.0, 0.0, 0.0, 0.0, 0.0, 0.0, 0.0, 0.0, 0.0, 0.0, 0.0, 0.0, 0.0, 0.0, 0.0, 0.0, 0.0, 0.0], [0.0, 0.0, 0.0, 0.0, 0.0, 0.9776503423767708, 0.0, 0.0, 0.0, 0.0, 0.0, 0.0, 0.0, 0.0, 0.0, 0.0, 0.0, 0.0, 0.0, 0.0, 0.0, 0.0, 0.0, 0.0, 0.0, 0.0, 0.0], [0.0, 0.0, 0.0, 0.0, 0.0, 0.0, 0.9872214139365151, 0.0, 0.0, 0.0, 0.0, 0.0, 0.0, 0.0, 0.0, 0.0, 0.0, 0.0, 0.0, 0.0, 0.0, 0.0, 0.0, 0.0, 0.0, 0.0, 0.0], [0.0, 0.0, 0.0, 0.0, 0.0, 0.0, 0.9866880836568951, 0.0, 0.0, 0.0, 0.0, 0.0, 0.0, 0.0, 0.0, 0.0, 0.0, 0.0, 0.0, 0.0, 0.0, 0.0, 0.0, 0.0, 0.0, 0.0, 0.0], [0.0, 0.0, 0.0, 0.0, 0.0, 0.0, 0.9863874419403618, 0.0, 0.0, 0.0, 0.0, 0.0, 0.0, 0.0, 0.0, 0.0, 0.0, 0.0, 0.0, 0.0, 0.0, 0.0, 0.0, 0.0, 0.0, 0.0, 0.0], [0.0, 0.0, 0.0, 0.0, 0.0, 0.0, 0.0, 0.9714006572498448, 0.0, 0.0, 0.0, 0.0, 0.0, 0.0, 0.0, 0.0, 0.0, 0.0, 0.0, 0.0, 0.0, 0.0, 0.0, 0.0, 0.0, 0.0, 0.0], [0.0, 0.0, 0.0, 0.0, 0.0, 0.0, 0.0, 0.9733951642864895, 0.0, 0.0, 0.0, 0.0, 0.0, 0.0, 0.0, 0.0, 0.0, 0.0, 0.0, 0.0, 0.0, 0.0, 0.0, 0.0, 0.0, 0.0, 0.0], [0.0, 0.0, 0.0, 0.0, 0.0, 0.0, 0.0, 0.0, 0.9069021378622608, 0.0, 0.0, 0.0, 0.0, 0.0, 0.0, 0.0, 0.0, 0.0, 0.0, 0.0, 0.0, 0.0, 0.0, 0.0, 0.0, 0.0, 0.0]], "Born radii": [], "Atomic SASAs": [], "Solvent H bonds": [], "Total SASA": NaN, "Total FOD": 0.0, "FOD": [0.0, 0.0, 0.0, 0.0, 0.0, 0.0, 0.0, 0.0, 0.0, 0.0, 0.0, 0.0, 0.0, 0.0, 0.0, 0.0, 0.0, 0.0, 0.0, 0.0, 0.0, 0.0, 0.0, 0.0, 0.0, 0.0, 0.0], "FOD s proportion": [0.0, 0.0, 0.0, 0.0, 0.0, 0.0, 0.0, 0.0, 0.0, 0.0, 0.0, 0.0, 0.0, 0.0, 0.0, 0.0, 0.0, 0.0, 0.0, 0.0, 0.0, 0.0, 0.0, 0.0, 0.0, 0.0, 0.0], "FOD p proportion": [0.0, 0.0, 0.0, 0.0, 0.0, 0.0, 0.0, 0.0, 0.0, 0.0, 0.0, 0.0, 0.0, 0.0, 0.0, 0.0, 0.0, 0.0, 0.0, 0.0, 0.0, 0.0, 0.0, 0.0, 0.0, 0.0, 0.0], "FOD d proportion": [0.0, 0.0, 0.0, 0.0, 0.0, 0.0, 0.0, 0.0, 0.0, 0.0, 0.0, 0.0, 0.0, 0.0, 0.0, 0.0, 0.0, 0.0, 0.0, 0.0, 0.0, 0.0, 0.0, 0.0, 0.0, 0.0, 0.0], "coordinates": [["3.88010", "-0.31110", "-0.94530"], ["2.79910", "0.27850", "-0.05330"], ["1.39950", "-0.08120", "-0.55590"], ["0.31570", "0.50940", "0.35280"], ["-1.12560", "0.32710", "-0.18550"], ["-1.50190", "-1.16460", "-0.30190"], ["-2.89210", "-1.41310", "-0.87260"], ["-2.11830", "1.09220", "0.70750"], ["-1.78970", "2.47640", "0.73460"], ["3.81340", "-1.40340", "-0.97310"], ["3.79170", "0.06510", "-1.96950"], ["4.87150", "-0.04090", "-0.56850"], ["2.91560", "1.36800", "-0.02130"], ["2.93400", "-0.09280", "0.96930"], ["1.30880", "-1.17200", "-0.59360"], ["1.26920", "0.29510", "-1.57760"], ["0.52220", "1.57980", "0.47540"], ["0.39440", "0.05980", "1.35100"], ["-1.15870", "0.77830", "-1.18650"], ["-0.78950", "-1.67270", "-0.96060"], ["-1.42630", "-1.64760", "0.67980"], ["-3.03060", "-0.88070", "-1.81870"], ["-3.03220", "-2.48250", "-1.06240"], ["-3.67610", "-1.10160", "-0.17660"], ["-3.13920", "1.01300", "0.32450"], ["-2.09690", "0.70910", "1.73340"], ["-2.43810", "2.91220", "1.31360"]], "bond_dist": [[0.0, 1.5204779380181745, 2.5214802656376274, 3.8811378769634044, 5.103099819717424, 5.487107599637535, 6.861660304182946, 6.378228695335406, 6.537495873803669, 1.0946876358121527, 1.0946810677087642, 1.0944680168922252, 2.1455565851312337, 2.1467308308216007, 2.7343052847112737, 2.7539209393154334, 4.107235531351958, 4.1905447128028595, 5.160859932220599, 4.8640880758884295, 5.708332788126495, 6.988923108033168, 7.24628053969759, 7.636226056109131, 7.255081346201434, 6.628783503026781, 7.443919890756483], [1.5204779380181745, 0.0, 1.5299905261144595, 2.52695618877732, 3.92722661556473, 4.543450293554448, 5.993539896421813, 5.0419983230857985, 5.1486538298860225, 2.1687840233642444, 2.168551765579969, 2.1592334658392085, 1.0961781333341767, 1.0962538300959317, 2.1486899334245506, 2.1597129577793432, 2.6752904496521497, 2.7932902230165775, 4.147061986515273, 4.184306954562487, 4.7012021845481184, 6.200466425197383, 6.530349416378882, 6.621789330686986, 5.995467453001475, 5.22958212957785, 6.019389930881699], [2.5214802656376274, 1.5299905261144595, 0.0, 1.5326990865789671, 2.584576379215751, 3.1074738164624973, 4.5046739127266475, 3.9176477585408316, 4.286922515045029, 2.7837352406434057, 2.7824969883182264, 3.472256737339565, 2.1643791280642124, 2.16357570932935, 1.0952134129931024, 1.0965631171984584, 2.142931632133886, 2.160179302743177, 2.771422712254484, 2.7364896016612232, 3.4591486076779066, 4.675430472159756, 5.06584137434247, 5.191030727129247, 4.751018363466931, 4.253267160666022, 5.213698070467832], [3.8811378769634044, 2.52695618877732, 1.5326990865789671, 0.0, 1.5493049635239668, 2.5562820364740664, 3.9354278356996972, 2.527810105605245, 2.906470264771343, 4.201275989506045, 4.2039333700714145, 4.680484741989873, 2.7634443688990737, 2.7564854398309455, 2.1700291541820356, 2.1636845657350334, 1.0970091932158093, 1.097605161248798, 2.14839639266128, 2.7763369770256636, 2.7917990615372017, 4.2243950987094, 4.707726740158141, 4.337055752466182, 3.491525148126532, 2.786857586960626, 3.778888582639081], [5.103099819717424, 3.92722661556473, 2.584576379215751, 1.5493049635239668, 0.0, 1.5428284220871742, 2.5731157572095356, 1.5389217978831804, 2.430453313684507, 5.292321325278729, 5.2374745144964665, 6.020574840494884, 4.176329954637205, 4.2414892679340825, 2.8879317478084556, 2.770204586307661, 2.1728531795774884, 2.1777698546908026, 1.0984889849242914, 2.1709314268304287, 2.1768336339738963, 2.784806650379879, 3.5068403627767264, 2.923407797417254, 2.1874971474267118, 2.1843820407611854, 3.2638472804345486], [5.487107599637535, 4.543450293554448, 3.1074738164624973, 2.5562820364740664, 1.5428284220871742, 0.0, 1.5231896730217156, 2.547937118533344, 3.7965829491794327, 5.362830313369985, 5.6846506321848835, 6.477191120385441, 5.0997162048490505, 4.737289677653247, 2.825805750578054, 3.3818825807529156, 3.497557356213047, 2.7977111108904724, 2.162212711552682, 1.0952465749775253, 1.0966946931575807, 2.1721429833231514, 2.15801731920761, 2.1787185981672805, 2.795544671437035, 2.8297036558622177, 4.4840393541984], [6.861660304182946, 5.993539896421813, 4.5046739127266475, 3.9354278356996972, 2.5731157572095356, 1.5231896730217156, 0.0, 3.061373962782071, 4.350469842442308, 6.706260104559024, 6.932636388128256, 7.889796867473839, 6.495275836329047, 6.251338169544182, 4.217052408970038, 4.55317361079061, 4.736243120871225, 4.232601282899206, 2.811661916020488, 2.1203921618417665, 2.1479072722070662, 1.0944118146292097, 1.0951111404784446, 1.0936655110224514, 2.7166280625069015, 3.453594052577691, 4.867628429738655], [6.378228695335406, 5.0419983230857985, 3.9176477585408316, 2.527810105605245, 1.5389217978831804, 2.547937118533344, 3.061373962782071, 0.0, 1.4229272679936948, 6.65112776978461, 6.568817504695955, 7.195095249543262, 5.093855542710256, 5.196008037907563, 4.308651443317271, 4.163196688843803, 2.6951557320496344, 2.791702580863513, 2.1462994595349456, 3.4918389224017767, 2.8259751113553704, 3.3326134099232094, 4.092216918737324, 2.8321603220863043, 1.093251320602907, 1.0953056103206995, 1.9447440062897736], [6.537495873803669, 5.1486538298860225, 4.286922515045029, 2.906470264771343, 2.430453313684507, 3.7965829491794327, 4.350469842442308, 1.4229272679936948, 0.0, 7.02593886537593, 6.6542129857707435, 7.239230231177897, 4.892829800841227, 5.382305678796031, 4.967458107523403, 4.411485887997376, 2.493182265699802, 3.3151466528646965, 2.6405169607484065, 4.592290701817558, 4.140342811893721, 4.396509309668296, 5.418828698159778, 4.146187935923792, 2.0324546292599006, 2.0531250741248086, 0.9724120525785351], [1.0946876358121527, 2.1687840233642444, 2.7837352406434057, 4.201275989506045, 5.292321325278729, 5.362830313369985, 6.706260104559024, 6.65112776978461, 7.02593886537593, 0.0, 1.774760857129771, 1.7719150713281944, 3.0647391471379746, 2.5027853443713464, 2.5437349252624575, 3.1182168205562615, 4.672219165450183, 4.385425412659529, 5.4338874537480075, 4.61078812677399, 5.499651638058542, 6.915821762451661, 6.930704917971909, 7.537778567986725, 7.474048533425509, 6.835162367493548, 7.933136359599525], [1.0946810677087642, 2.168551765579969, 2.7824969883182264, 4.2039333700714145, 5.2374745144964665, 5.6846506321848835, 6.932636388128256, 6.568817504695955, 6.6542129857707435, 1.774760857129771, 0.0, 1.7720059367846372, 2.5021156767823505, 3.0654733957416758, 3.0964995769416794, 2.563101999531037, 4.3544784245647605, 4.7505153015225625, 5.062430582240116, 5.002521513197119, 6.097512261570287, 6.889198470794698, 7.340211671334826, 7.7681217897249795, 7.361951182940566, 6.985829540577125, 7.595731173494754], [1.0944680168922252, 2.1592334658392085, 3.472256737339565, 4.680484741989873, 6.020574840494884, 6.477191120385441, 7.889796867473839, 7.195095249543262, 7.239230231177897, 1.7719150713281944, 1.7720059367846372, 0.0, 2.4718357267423743, 2.4741521173929466, 3.738027355437625, 3.7560277022407593, 4.757394895318235, 4.872273098872846, 6.11688848026511, 5.904526623701514, 6.618309649751967, 8.044342638774161, 8.286966963853544, 8.62207259653965, 8.128927893640096, 7.376980559144778, 8.105143563194916], [2.1455565851312337, 1.0961781333341767, 2.1643791280642124, 2.7634443688990737, 4.176329954637205, 5.0997162048490505, 6.495275836329047, 5.093855542710256, 4.892829800841227, 3.0647391471379746, 2.5021156767823505, 2.4718357267423743, 0.0, 1.765095906742747, 3.0595642712647826, 2.5067542879189415, 2.453555316270656, 3.1545275351469035, 4.278476086178348, 4.88425091390686, 5.332680393573198, 6.606405443961187, 7.161463837791825, 7.040848751393542, 6.0750477924046, 5.351474334237249, 5.729626108220326], [2.1467308308216007, 1.0962538300959317, 2.16357570932935, 2.7564854398309455, 4.2414892679340825, 4.737289677653247, 6.251338169544182, 5.196008037907563, 5.382305678796031, 2.5027853443713464, 3.0654733957416758, 2.4741521173929466, 1.765095906742747, 0.0, 2.4997208024097413, 3.0673645137153165, 2.976290847682733, 2.5726542344434864, 4.707067254671427, 4.481634776507341, 4.638257148973093, 6.631001701854706, 6.740475756205938, 6.784112783555415, 6.206635072243252, 5.151392746626878, 6.165064955051163], [2.7343052847112737, 2.1486899334245506, 1.0952134129931024, 2.1700291541820356, 2.8879317478084556, 2.825805750578054, 4.217052408970038, 4.308651443317271, 4.967458107523403, 2.5437349252624575, 3.0964995769416794, 3.738027355437625, 3.0595642712647826, 2.4997208024097413, 0.0, 1.766976675001682, 3.0551438264016313, 2.476878632472734, 3.2005869383599004, 2.1882075724208616, 3.054261765140637, 4.518419863182261, 4.558669179705849, 5.002806529339306, 5.040023473159624, 4.533459903870332, 5.8615152554608265], [2.7539209393154334, 2.1597129577793432, 1.0965631171984584, 2.1636845657350334, 2.770204586307661, 3.3818825807529156, 4.55317361079061, 4.163196688843803, 4.411485887997376, 3.1182168205562615, 2.563101999531037, 3.7560277022407593, 2.5067542879189415, 3.0673645137153165, 1.766976675001682, 0.0, 2.5344175050689657, 3.0655079660636995, 2.506220233738448, 2.913961483959594, 4.016921495374286, 4.4641813236023475, 5.146118416826414, 5.326308663605593, 4.854622063559634, 4.739698957739827, 5.380736300916446], [4.107235531351958, 2.6752904496521497, 2.142931632133886, 1.0970091932158093, 2.1728531795774884, 3.497557356213047, 4.736243120871225, 2.6951557320496344, 2.493182265699802, 4.672219165450183, 4.3544784245647605, 4.757394895318235, 2.453555316270656, 2.976290847682733, 3.0551438264016313, 2.5344175050689657, 0.0, 1.7588087445768512, 2.4959444444939076, 3.789644988649993, 3.7755188213012527, 4.892784779652586, 5.612563539952132, 5.024015610047405, 3.708083468585895, 3.033210724628278, 3.352796607311574], [4.1905447128028595, 2.7932902230165775, 2.160179302743177, 1.097605161248798, 2.1777698546908026, 2.7977111108904724, 4.232601282899206, 2.791702580863513, 3.3151466528646965, 4.385425412659529, 4.7505153015225625, 4.872273098872846, 3.1545275351469035, 2.5726542344434864, 2.476878632472734, 3.0655079660636995, 1.7588087445768512, 0.0, 3.060599305691616, 3.1219657301130006, 2.5846997291755187, 4.760479318303988, 4.901976785950746, 4.500153549602502, 3.8011342320418, 2.6027669776605054, 4.020029946405872], [5.160859932220599, 4.147061986515273, 2.771422712254484, 2.14839639266128, 1.0984889849242914, 2.162212711552682, 2.811661916020488, 2.1462994595349456, 2.6405169607484065, 5.4338874537480075, 5.062430582240116, 6.11688848026511, 4.278476086178348, 4.707067254671427, 3.2005869383599004, 2.506220233738448, 2.4959444444939076, 3.060599305691616, 0.0, 2.488923552461988, 3.07240561449819, 2.579916171118744, 3.7627409823159494, 3.300185567509803, 2.502116172362906, 3.067706617328326, 3.5271650911177947], [4.8640880758884295, 4.184306954562487, 2.7364896016612232, 2.7763369770256636, 2.1709314268304287, 1.0952465749775253, 2.1203921618417665, 3.4918389224017767, 4.592290701817558, 4.61078812677399, 5.002521513197119, 5.904526623701514, 4.88425091390686, 4.481634776507341, 2.1882075724208616, 2.913961483959594, 3.789644988649993, 3.1219657301130006, 2.488923552461988, 0.0, 1.759845564247045, 2.527079108377892, 2.386596440540378, 3.0452045530637184, 3.7928296283909195, 3.8262124875652166, 5.376911344814976], [5.708332788126495, 4.7012021845481184, 3.4591486076779066, 2.7917990615372017, 2.1768336339738963, 1.0966946931575807, 2.1479072722070662, 2.8259751113553704, 4.140342811893721, 5.499651638058542, 6.097512261570287, 6.618309649751967, 5.332680393573198, 4.638257148973093, 3.054261765140637, 4.016921495374286, 3.7755188213012527, 2.5846997291755187, 3.07240561449819, 1.759845564247045, 0.0, 3.0666620860473035, 2.512216881560985, 2.4684280422973646, 3.184188571677249, 2.6671730746241424, 4.713514370403468], [6.988923108033168, 6.200466425197383, 4.675430472159756, 4.2243950987094, 2.784806650379879, 2.1721429833231514, 1.0944118146292097, 3.3326134099232094, 4.396509309668296, 6.915821762451661, 6.889198470794698, 8.044342638774161, 6.606405443961187, 6.631001701854706, 4.518419863182261, 4.4641813236023475, 4.892784779652586, 4.760479318303988, 2.579916171118744, 2.527079108377892, 3.0666620860473035, 0.0, 1.7713710763134864, 1.7781899420478116, 2.862027234321854, 4.00208372476139, 4.9546392351007755], [7.24628053969759, 6.530349416378882, 5.06584137434247, 4.707726740158141, 3.5068403627767264, 2.15801731920761, 1.0951111404784446, 4.092216918737324, 5.418828698159778, 6.930704917971909, 7.340211671334826, 8.286966963853544, 7.161463837791825, 6.740475756205938, 4.558669179705849, 5.146118416826414, 5.612563539952132, 4.901976785950746, 3.7627409823159494, 2.386596440540378, 2.512216881560985, 1.7713710763134864, 0.0, 1.7624226678070163, 3.7621085656849402, 4.344835358215544, 5.924619726193404], [7.636226056109131, 6.621789330686986, 5.191030727129247, 4.337055752466182, 2.923407797417254, 2.1787185981672805, 1.0936655110224514, 2.8321603220863043, 4.146187935923792, 7.537778567986725, 7.7681217897249795, 8.62207259653965, 7.040848751393542, 6.784112783555415, 5.002806529339306, 5.326308663605593, 5.024015610047405, 4.500153549602502, 3.300185567509803, 3.0452045530637184, 2.4684280422973646, 1.7781899420478116, 1.7624226678070163, 0.0, 2.238503066783693, 3.069300755872581, 4.456896956403637], [7.255081346201434, 5.995467453001475, 4.751018363466931, 3.491525148126532, 2.1874971474267118, 2.795544671437035, 2.7166280625069015, 1.093251320602907, 2.0324546292599006, 7.474048533425509, 7.361951182940566, 8.128927893640096, 6.0750477924046, 6.206635072243252, 5.040023473159624, 4.854622063559634, 3.708083468585895, 3.8011342320418, 2.502116172362906, 3.7928296283909195, 3.184188571677249, 2.862027234321854, 3.7621085656849402, 2.238503066783693, 0.0, 1.7786915724768024, 2.2531801215171416], [6.628783503026781, 5.22958212957785, 4.253267160666022, 2.786857586960626, 2.1843820407611854, 2.8297036558622177, 3.453594052577691, 1.0953056103206995, 2.0531250741248086, 6.835162367493548, 6.985829540577125, 7.376980559144778, 5.351474334237249, 5.151392746626878, 4.533459903870332, 4.739698957739827, 3.033210724628278, 2.6027669776605054, 3.067706617328326, 3.8262124875652166, 2.6671730746241424, 4.00208372476139, 4.344835358215544, 3.069300755872581, 1.7786915724768024, 0.0, 2.2685455891385566], [7.443919890756483, 6.019389930881699, 5.213698070467832, 3.778888582639081, 3.2638472804345486, 4.4840393541984, 4.867628429738655, 1.9447440062897736, 0.9724120525785351, 7.933136359599525, 7.595731173494754, 8.105143563194916, 5.729626108220326, 6.165064955051163, 5.8615152554608265, 5.380736300916446, 3.352796607311574, 4.020029946405872, 3.5271650911177947, 5.376911344814976, 4.713514370403468, 4.9546392351007755, 5.924619726193404, 4.456896956403637, 2.2531801215171416, 2.2685455891385566, 0.0]]}