{"total energy": -20.88389345, "HOMO-LUMO gap/eV": 11.00736266, "electronic energy": -21.13422105, "dipole": [-0.0378825, -0.45867067, -0.22174321], "partial charges": [-0.10428113, -0.05737098, 0.08512856, -0.33050896, 0.090043, -0.10806506, 0.03560292, 0.04086451, 0.03560488, 0.04650273, 0.04651315, 0.01847319, 0.01846586, 0.01895756, 0.0189516, 0.0520768, 0.04094595, 0.05209542], "atomic dipole moments": [[0.10002995, 0.04806889, 0.01673032], [0.00831855, -0.12200276, -0.06024891], [0.12678492, 0.13744735, 0.0586225], [-0.00954507, -0.25051895, -0.12186662], [-0.11993186, 0.14101009, 0.07708748], [-0.09808431, -0.07938643, -0.03215215], [-0.00696525, -0.11030336, 0.06037183], [-0.09402276, 0.07151881, 0.04134765], [-0.01935417, -0.02079109, -0.12268651], [0.01195154, 0.02839167, 0.12144259], [0.00014501, 0.11361619, -0.05280615], [-0.00642006, -0.01667475, -0.11676872], [0.00545049, -0.10243405, 0.05859863], [0.00590699, -0.10151387, 0.05908684], [-0.00597971, -0.01569799, -0.11640503], [-0.0057293, 0.11535195, -0.0554051], [0.1061466, -0.05893192, -0.03601381], [0.00649244, 0.02712815, 0.12500141]], "atomic quadrupole moments": [[0.16305357, 0.1418356, -0.0460027, 0.04960944, 0.0308749, -0.11705086], [0.25047164, -0.02043372, -0.05198163, -0.04385271, 0.09790372, -0.19849001], [0.36788329, 0.15801209, -0.06377074, 0.02726395, 0.13923496, -0.30411255], [0.13026126, 0.00581424, 0.00049309, -0.01772548, 0.0846142, -0.13075436], [0.3400445, -0.12819869, -0.0609424, -0.11033085, 0.15643488, -0.2791021], [0.14490462, 0.17154291, -0.02130127, 0.06441358, 0.04767824, -0.12360335], [-0.03389763, 0.00047588, 0.04819375, 0.01260104, -0.05509387, -0.01429611], [0.02765404, -0.04698427, 0.00854622, -0.02856094, 0.03417523, -0.03620027], [-0.035465, 0.01245863, -0.04292462, 0.00417206, 0.01541843, 0.07838961], [-0.02053789, -0.00075608, -0.03711844, 0.00939183, 0.00254508, 0.05765633], [-0.02180125, -0.00049863, 0.02472986, -0.00195663, -0.04589941, -0.00292862], [-0.0135873, 0.00872813, -0.03112279, 0.01189606, 0.00767844, 0.04471009], [-0.0146789, 0.00880745, 0.02480882, 0.00194303, -0.03610406, -0.01012992], [-0.01207875, -0.01107868, 0.02424488, -0.00258215, -0.03496848, -0.01216612], [-0.01217991, -0.0067167, -0.03315957, -0.0014047, 0.00966522, 0.04533948], [-0.03906922, -0.00457838, 0.04592271, 0.01746331, -0.05409399, -0.00685349], [0.04563136, -0.05017395, -0.00649067, -0.03131067, 0.02681343, -0.03914069], [-0.04209474, 0.01210635, -0.03816673, -0.00179251, 0.01059293, 0.08026147]], "number of molecular orbitals": 36, "number of electrons": 38, "number of unpaired electrons": 0, "orbital energies/eV": [-18.67753532, -17.39588796, -16.77551002, -16.23070588, -15.91170928, -15.29973864, -14.86724601, -14.78211991, -14.02603843, -13.90917492, -13.09323666, -13.04029777, -12.86553792, -12.40088375, -12.21606581, -12.19817617, -11.88994741, -11.68854905, -10.69781336, 0.3095493, 2.58255663, 2.90409992, 3.42296059, 3.84794554, 3.98706334, 4.10096708, 4.2313429, 4.38894038, 4.74976351, 5.00705965, 5.85760367, 6.09577811, 6.86284904, 7.16726491, 7.27615366, 7.87798575], "fractional occupation": [2.0, 2.0, 2.0, 2.0, 2.0, 2.0, 2.0, 2.0, 2.0, 2.0, 2.0, 2.0, 2.0, 2.0, 2.0, 2.0, 2.0, 2.0, 2.0, 0.0, 0.0, 0.0, 0.0, 0.0, 0.0, 0.0, 0.0, 0.0, 0.0, 0.0, 0.0, 0.0, 0.0, 0.0, 0.0, 0.0], "program call": "xtb /home/svss/Project-DBcg-Debug/aqme2_20220329/End-to-End-workflows-final/example-3/QDESCP/mol_350_rdkit_conf_1/mol_350_rdkit_conf_1.xyz --pop --wbo --acc 0.2 --gfn 2 --chrg 0 --uhf 0 --etemp 300 --input /home/svss/Project-DBcg-Debug/aqme2_20220329/End-to-End-workflows-final/example-3/QDESCP/mol_350_rdkit_conf_1/mol_350_rdkit_conf_1_xtb.inp", "method": "GFN2-xTB", "xtb version": "6.3.3 (7355c4f)", "Dipole module/D": 1.299, "Total charge": 0, "Transition dipole module/D": NaN, "HOMO": -10.6978, "LUMO": 0.3095, "HOMO occupancy": 2.0, "LUMO occupancy": 0, "mulliken charges": [-0.08902, -0.04589, 0.19664, -0.47515, 0.20369, -0.08948, 0.02649, 0.03262, 0.02649, 0.03527, 0.03527, 0.00979, 0.00979, 0.00955, 0.00955, 0.03985, 0.02468, 0.03986], "cm5 charges": [-0.23904, -0.15479, 0.11318, -0.57615, 0.11846, -0.23621, 0.07786, 0.08343, 0.07786, 0.0919, 0.09191, 0.07284, 0.07283, 0.07197, 0.07196, 0.09305, 0.07587, 0.09307], "FUKUI+": [0.003, -0.008, -0.026, -0.171, -0.022, 0.024, -0.048, -0.078, -0.048, -0.055, -0.055, -0.079, -0.079, -0.076, -0.076, -0.053, -0.103, -0.053], "FUKUI-": [0.024, 0.01, 0.033, -0.143, 0.028, 0.022, -0.066, -0.053, -0.066, -0.087, -0.087, -0.103, -0.103, -0.107, -0.107, -0.069, -0.056, -0.069], "FUKUIrad": [0.014, 0.001, 0.003, -0.157, 0.003, 0.023, -0.057, -0.065, -0.057, -0.071, -0.071, -0.091, -0.091, -0.091, -0.091, -0.061, -0.08, -0.061], "s proportion": [1.008, 1.028, 0.995, 1.696, 0.99, 1.009, 0.974, 0.967, 0.974, 0.965, 0.965, 0.99, 0.99, 0.99, 0.99, 0.96, 0.975, 0.96], "p proportion": [3.081, 3.018, 2.808, 4.779, 2.806, 3.081, 0.0, 0.0, 0.0, 0.0, 0.0, 0.0, 0.0, 0.0, 0.0, 0.0, 0.0, 0.0], "d proportion": [0.0, 0.0, 0.0, 0.0, 0.0, 0.0, 0.0, 0.0, 0.0, 0.0, 0.0, 0.0, 0.0, 0.0, 0.0, 0.0, 0.0, 0.0], "Fermi-level/eV": -5.1941, "Coordination numbers": [3.75, 3.799, 3.701, 1.698, 3.699, 3.748, 0.924, 0.924, 0.924, 0.924, 0.924, 0.924, 0.924, 0.924, 0.924, 0.924, 0.924, 0.924], "Dispersion coefficient C6": [22.555, 21.608, 19.315, 19.536, 19.241, 22.632, 2.508, 2.437, 2.508, 2.364, 2.364, 2.757, 2.757, 2.749, 2.749, 2.294, 2.436, 2.294], "Total dispersion C6": 2142.702639, "Total dispersion C8": 43672.745052, "Polarizability alpha": [6.773, 6.619, 6.285, 5.967, 6.273, 6.785, 2.477, 2.442, 2.477, 2.405, 2.404, 2.597, 2.597, 2.593, 2.593, 2.369, 2.441, 2.369], "Total polarizability alpha": 68.463846, "Wiberg matrix": [[0.0, 1.0202646534923976, 0.0, 0.0, 0.0, 0.0, 0.9872940357370441, 0.9868122152360085, 0.9872942363581703, 0.0, 0.0, 0.0, 0.0, 0.0, 0.0, 0.0, 0.0, 0.0], [1.0202646534923976, 0.0, 1.003870706436754, 0.0, 0.0, 0.0, 0.0, 0.0, 0.0, 0.9762749663748793, 0.9762754242458646, 0.0, 0.0, 0.0, 0.0, 0.0, 0.0, 0.0], [0.0, 1.003870706436754, 0.0, 0.9782058476138012, 0.0, 0.0, 0.0, 0.0, 0.0, 0.0, 0.0, 0.9693244806231613, 0.9693210552011813, 0.0, 0.0, 0.0, 0.0, 0.0], [0.0, 0.0, 0.9782058476138012, 0.0, 0.9784958277386552, 0.0, 0.0, 0.0, 0.0, 0.0, 0.0, 0.0, 0.0, 0.0, 0.0, 0.0, 0.0, 0.0], [0.0, 0.0, 0.0, 0.9784958277386552, 0.0, 1.0174736440951326, 0.0, 0.0, 0.0, 0.0, 0.0, 0.0, 0.0, 0.9697633958324651, 0.9697620886873929, 0.0, 0.0, 0.0], [0.0, 0.0, 0.0, 0.0, 1.0174736440951326, 0.0, 0.0, 0.0, 0.0, 0.0, 0.0, 0.0, 0.0, 0.0, 0.0, 0.9859465942396649, 0.9853470936673732, 0.9859468451406916], [0.9872940357370441, 0.0, 0.0, 0.0, 0.0, 0.0, 0.0, 0.0, 0.0, 0.0, 0.0, 0.0, 0.0, 0.0, 0.0, 0.0, 0.0, 0.0], [0.9868122152360085, 0.0, 0.0, 0.0, 0.0, 0.0, 0.0, 0.0, 0.0, 0.0, 0.0, 0.0, 0.0, 0.0, 0.0, 0.0, 0.0, 0.0], [0.9872942363581703, 0.0, 0.0, 0.0, 0.0, 0.0, 0.0, 0.0, 0.0, 0.0, 0.0, 0.0, 0.0, 0.0, 0.0, 0.0, 0.0, 0.0], [0.0, 0.9762749663748793, 0.0, 0.0, 0.0, 0.0, 0.0, 0.0, 0.0, 0.0, 0.0, 0.0, 0.0, 0.0, 0.0, 0.0, 0.0, 0.0], [0.0, 0.9762754242458646, 0.0, 0.0, 0.0, 0.0, 0.0, 0.0, 0.0, 0.0, 0.0, 0.0, 0.0, 0.0, 0.0, 0.0, 0.0, 0.0], [0.0, 0.0, 0.9693244806231613, 0.0, 0.0, 0.0, 0.0, 0.0, 0.0, 0.0, 0.0, 0.0, 0.0, 0.0, 0.0, 0.0, 0.0, 0.0], [0.0, 0.0, 0.9693210552011813, 0.0, 0.0, 0.0, 0.0, 0.0, 0.0, 0.0, 0.0, 0.0, 0.0, 0.0, 0.0, 0.0, 0.0, 0.0], [0.0, 0.0, 0.0, 0.0, 0.9697633958324651, 0.0, 0.0, 0.0, 0.0, 0.0, 0.0, 0.0, 0.0, 0.0, 0.0, 0.0, 0.0, 0.0], [0.0, 0.0, 0.0, 0.0, 0.9697620886873929, 0.0, 0.0, 0.0, 0.0, 0.0, 0.0, 0.0, 0.0, 0.0, 0.0, 0.0, 0.0, 0.0], [0.0, 0.0, 0.0, 0.0, 0.0, 0.9859465942396649, 0.0, 0.0, 0.0, 0.0, 0.0, 0.0, 0.0, 0.0, 0.0, 0.0, 0.0, 0.0], [0.0, 0.0, 0.0, 0.0, 0.0, 0.9853470936673732, 0.0, 0.0, 0.0, 0.0, 0.0, 0.0, 0.0, 0.0, 0.0, 0.0, 0.0, 0.0], [0.0, 0.0, 0.0, 0.0, 0.0, 0.9859468451406916, 0.0, 0.0, 0.0, 0.0, 0.0, 0.0, 0.0, 0.0, 0.0, 0.0, 0.0, 0.0]], "Born radii": [], "Atomic SASAs": [], "Solvent H bonds": [], "Total SASA": NaN, "Total FOD": 0.0, "FOD": [0.0, 0.0, 0.0, 0.0, 0.0, 0.0, 0.0, 0.0, 0.0, 0.0, 0.0, 0.0, 0.0, 0.0, 0.0, 0.0, 0.0, 0.0], "FOD s proportion": [0.0, 0.0, 0.0, 0.0, 0.0, 0.0, 0.0, 0.0, 0.0, 0.0, 0.0, 0.0, 0.0, 0.0, 0.0, 0.0, 0.0, 0.0], "FOD p proportion": [0.0, 0.0, 0.0, 0.0, 0.0, 0.0, 0.0, 0.0, 0.0, 0.0, 0.0, 0.0, 0.0, 0.0, 0.0, 0.0, 0.0, 0.0], "FOD d proportion": [0.0, 0.0, 0.0, 0.0, 0.0, 0.0, 0.0, 0.0, 0.0, 0.0, 0.0, 0.0, 0.0, 0.0, 0.0, 0.0, 0.0, 0.0], "coordinates": [["-3.00510", "-0.19810", "0.35590"], ["-1.67730", "0.49460", "0.60460"], ["-0.50130", "-0.34110", "0.11630"], ["0.70110", "0.37780", "0.38640"], ["1.85420", "-0.34150", "-0.04350"], ["3.08270", "0.48600", "0.27790"], ["-3.05030", "-1.15870", "0.87880"], ["-3.83070", "0.42370", "0.71590"], ["-3.15810", "-0.38060", "-0.71250"], ["-1.56100", "0.70290", "1.67500"], ["-1.66740", "1.47070", "0.10490"], ["-0.58560", "-0.52140", "-0.96160"], ["-0.47720", "-1.30420", "0.63920"], ["1.90630", "-1.30340", "0.47830"], ["1.79780", "-0.52040", "-1.12290"], ["3.03540", "1.45770", "-0.22490"], ["3.99420", "-0.03020", "-0.03630"], ["3.14230", "0.68620", "1.35280"]], "bond_dist": [[0.0, 1.5181362982288515, 2.519299823363627, 3.7508011810811834, 4.877794625647947, 6.126612901922235, 1.09463227158713, 1.0944636129173049, 1.0946203953882827, 2.1534276444775204, 2.153447405905238, 2.773861818836692, 2.7738050598410844, 5.035724358024376, 5.035729851769255, 6.290202105656066, 7.012290049620024, 6.290176695451409], [1.5181362982288515, 0.0, 1.5230913892475397, 2.3912423632915174, 3.6865416137621456, 4.7712060163023775, 2.166498449110915, 2.157439700200217, 2.1664478045870386, 1.0966634579487, 1.0966172121574602, 2.162648221509915, 2.162664701242428, 4.0113519728390825, 4.011334099772793, 4.881103681545804, 5.731673411840559, 4.881091881946088], [2.519299823363627, 1.5230913892475397, 0.0, 1.4267224607470088, 2.3609143250020748, 3.6817475429475066, 2.783393075007553, 3.4683344071758713, 2.7833533606065903, 2.1546335604923637, 2.1546550559196245, 1.096121795239927, 1.0961600384980288, 2.61793870249095, 2.617943074247414, 3.9825049617043793, 4.508820890210655, 3.982473917052063], [3.7508011810811834, 2.3912423632915174, 1.4267224607470088, 0.0, 1.4254283952552653, 2.3865242613474518, 4.083661588574646, 4.543994751317392, 4.0836474394834825, 2.623599889464855, 2.6236358188590123, 2.0691209558650745, 2.0691599092385293, 2.070600417753266, 2.0706280737979, 2.643639194368248, 3.3450929583495883, 2.6435765470286654], [4.877794625647947, 3.6865416137621456, 2.3609143250020748, 1.4254283952552653, 0.0, 1.5156735994270005, 5.056933199084204, 5.786217020644837, 5.056900345073057, 3.9632820553172845, 3.963301396563224, 2.613024236397359, 2.613100943323851, 1.0955552290961874, 1.095577715180443, 2.159921304121981, 2.162535440172022, 2.1598663361421235], [6.126612901922235, 4.7712060163023775, 3.6817475429475066, 2.3865242613474518, 1.5156735994270005, 0.0, 6.3780724282497765, 6.92754103921442, 6.37804612401008, 4.854161483716832, 4.854174811438088, 4.000954873527069, 4.001030084865646, 2.1508206526812037, 2.1508253322852604, 1.095100917724024, 1.0936253151788324, 1.0950078584192902], [1.09463227158713, 2.166498449110915, 2.783393075007553, 4.083661588574646, 5.056933199084204, 6.3780724282497765, 0.0, 1.7718776283931124, 1.7746256337605404, 2.513464439772324, 3.070028986833838, 3.141332446590141, 2.5883241721237313, 4.974858982926048, 5.2837773789212585, 6.715612193984998, 7.192767235911364, 6.478937163609476], [1.0944636129173049, 2.157439700200217, 3.4683344071758713, 4.543994751317392, 5.786217020644837, 6.92754103921442, 1.7718776283931124, 0.0, 1.77189610587077, 2.479791027485986, 2.479797751833807, 3.773313433840343, 3.7732590091325564, 5.996040124115249, 5.9960422363422365, 7.006967236258495, 7.874064392675488, 7.006944902023992], [1.0946203953882827, 2.1664478045870386, 2.7833533606065903, 4.0836474394834825, 5.056900345073057, 6.37804612401008, 1.7746256337605404, 1.77189610587077, 0.0, 3.0699929820766694, 2.513491782361741, 2.58836467677953, 3.141234575767942, 5.283721400679639, 4.974828339752036, 6.478930691094017, 7.19273396491209, 6.715546626299307], [2.1534276444775204, 1.0966634579487, 2.1546335604923637, 2.623599889464855, 3.9632820553172845, 4.854161483716832, 2.513464439772324, 2.479791027485986, 3.0699929820766694, 0.0, 1.7510145087919746, 3.066264047664519, 2.505185520076308, 4.180849180489533, 4.539410175342167, 5.030530390525437, 5.8588591329711965, 4.714352831513569], [2.153447405905238, 1.0966172121574602, 2.1546550559196245, 2.6236358188590123, 3.963301396563224, 4.854174811438088, 3.070028986833838, 2.479797751833807, 2.513491782361741, 1.7510145087919746, 0.0, 2.505229710026607, 3.0662880719201837, 4.539426181798753, 4.180859133001254, 4.714367919456436, 5.858869584655388, 5.03049786303503], [2.773861818836692, 2.162648221509915, 1.096121795239927, 2.0691209558650745, 2.613024236397359, 4.000954873527069, 3.141332446590141, 3.773313433840343, 2.58836467677953, 3.066264047664519, 2.505229710026607, 0.0, 1.785241451456917, 2.9823483398154553, 2.3888520778817592, 4.191802082637013, 4.698087437457929, 4.551042026832976], [2.7738050598410844, 2.162664701242428, 1.0961600384980288, 2.0691599092385293, 2.613100943323851, 4.001030084865646, 2.5883241721237313, 3.7732590091325564, 3.141234575767942, 2.505185520076308, 3.0662880719201837, 1.785241451456917, 0.0, 2.38892479998848, 2.9824425979388103, 4.551166793252033, 4.698169240246672, 4.191860848119842], [5.035724358024376, 4.0113519728390825, 2.61793870249095, 2.070600417753266, 1.0955552290961874, 2.1508206526812037, 4.974858982926048, 5.996040124115249, 5.283721400679639, 4.180849180489533, 4.539426181798753, 2.9823483398154553, 2.38892479998848, 0.0, 1.785693895940735, 3.0648050933134394, 2.4990353759000694, 2.5001908747133683], [5.035729851769255, 4.011334099772793, 2.617943074247414, 2.0706280737979, 1.095577715180443, 2.1508253322852604, 5.2837773789212585, 5.9960422363422365, 4.974828339752036, 4.539410175342167, 4.180859133001254, 2.3888520778817592, 2.9824425979388103, 1.785693895940735, 0.0, 2.500187466971227, 2.4990335251852867, 3.0647437576410854], [6.290202105656066, 4.881103681545804, 3.9825049617043793, 2.643639194368248, 2.159921304121981, 1.095100917724024, 6.715612193984998, 7.006967236258495, 6.478930691094017, 5.030530390525437, 4.714367919456436, 4.191802082637013, 4.551166793252033, 3.0648050933134394, 2.500187466971227, 0.0, 1.7800881466938654, 1.7594820686781665], [7.012290049620024, 5.731673411840559, 4.508820890210655, 3.3450929583495883, 2.162535440172022, 1.0936253151788324, 7.192767235911364, 7.874064392675488, 7.19273396491209, 5.8588591329711965, 5.858869584655388, 4.698087437457929, 4.698169240246672, 2.4990353759000694, 2.4990335251852867, 1.7800881466938654, 0.0, 1.7800453308834583], [6.290176695451409, 4.881091881946088, 3.982473917052063, 2.6435765470286654, 2.1598663361421235, 1.0950078584192902, 6.478937163609476, 7.006944902023992, 6.715546626299307, 4.714352831513569, 5.03049786303503, 4.551042026832976, 4.191860848119842, 2.5001908747133683, 3.0647437576410854, 1.7594820686781665, 1.7800453308834583, 0.0]]}