{"total energy": -63.13625366, "HOMO-LUMO gap/eV": 3.20465196, "electronic energy": -63.92384819, "dipole": [2.41482066, 0.09657809, -0.70811124], "partial charges": [-0.10324038, -0.05354062, -0.0657852, 0.00959833, -0.19400138, 0.3231362, -0.44954095, -0.10538061, 0.22030105, -0.17303854, 0.40346834, -0.40969498, -0.28607807, 0.03355544, -0.27181666, 0.07671431, -0.03980019, -0.03535739, -0.03598876, -0.05652012, 0.02972672, 0.03627872, 0.03855544, 0.03466393, 0.03768325, 0.03397186, 0.0391306, 0.04823678, 0.04141099, 0.07221088, 0.18786051, 0.24725658, 0.06577178, 0.06772186, 0.06520284, 0.05707752, 0.04090334, 0.03703908, 0.0323075], "atomic dipole moments": [[-0.09618868, -0.04907179, -0.00396289], [0.04593291, 0.03669517, -0.10605445], [-0.07862382, -0.05120665, 0.0789333], [-0.06145502, 0.14507579, 0.0818905], [-0.01204717, -0.0687008, -0.08898815], [-0.00550298, 0.0251648, 0.0237611], [0.03560559, 0.20251525, 0.02249362], [-0.00740505, -0.01913615, -0.00937924], [0.10090501, -0.10978094, -0.03015144], [-0.05145625, 0.04253128, 0.01574821], [0.05402377, -0.11398888, -0.03106714], [0.15610732, -0.11302593, -0.03873038], [-0.1975231, 0.13658425, 0.0480711], [0.24821773, 0.11337257, 0.01415309], [0.29399977, -0.0192347, -0.01553434], [-0.03031142, -0.11202917, -0.0352072], [0.00944844, -0.03490566, -0.013283], [0.00847248, -0.00773853, -0.00332289], [-0.01168022, -0.00924841, -0.00297903], [-0.01775381, -0.02462862, -0.00471138], [-0.00317673, -0.1860568, -0.0673516], [0.0875362, -0.0636817, -0.06602295], [0.04085555, 0.00812108, 0.11917804], [-0.0065587, 0.11728348, -0.04588529], [0.0133654, -0.1125521, 0.05397656], [-0.07528113, 0.06368779, 0.07395534], [-0.00689504, 0.11393448, -0.05190861], [0.08418035, -0.06226087, -0.07057495], [-0.03885725, -0.01435065, -0.11193376], [0.0062818, -0.1212237, 0.05409897], [-0.01214065, 0.13177556, -0.04352097], [0.07868307, -0.10528947, -0.03005819], [-0.05241897, 0.00671581, 0.11906898], [0.00267296, -0.12128808, -0.03175102], [-0.06541241, 0.0621177, -0.09374854], [-0.1474777, 0.04705794, 0.01634558], [-0.02880135, 0.13996914, 0.05082509], [0.11142357, 0.09344027, 0.04028777], [0.14697863, -0.04183669, 0.00164228]], "atomic quadrupole moments": [[0.16522708, 0.15239055, -0.05220182, 0.01169718, 0.00363248, -0.11302525], [0.0818132, 0.15469898, -0.16434106, 0.10631177, 0.02115874, 0.08252786], [0.09877895, 0.17167305, -0.14764932, 0.10461961, 0.02873606, 0.04887037], [0.2349781, -0.06371801, -0.05962503, -0.15949722, 0.14597004, -0.17535307], [0.04096915, -0.03064288, -0.0429063, -0.04549452, 0.07750966, 0.00193715], [-0.13078107, -0.08931754, -0.23993749, 0.20496336, -0.07485627, 0.37071856], [-0.05983589, -0.01939094, -0.03969923, 0.07915756, -0.0308281, 0.09953512], [0.01208644, -0.08306665, 0.02400515, -0.03296527, -0.00080557, -0.03609159], [-0.16769691, 0.15369769, -0.11353659, 0.07453247, -0.10321873, 0.2812335], [0.02221651, 0.05889369, -0.0315445, 0.01250296, -0.01090025, 0.00932799], [-0.32553113, 0.10040292, -0.02483985, 0.06979341, -0.11257052, 0.35037099], [-0.09312085, -0.02381388, -0.06337218, 0.00966393, -0.05962307, 0.15649304], [0.07696356, 0.04538709, 0.02694466, 0.00035692, 0.03365734, -0.10390822], [0.41919124, 0.28803931, -0.11733991, 0.03079642, 0.031978, -0.30185133], [-0.09276869, 0.0349469, -0.085621, 0.01463102, -0.08372617, 0.17838969], [-0.18476531, 0.07106127, -0.07736909, 0.03531704, -0.12412036, 0.2621344], [-0.30318708, -0.02080624, -0.14568257, -0.01638145, -0.23889289, 0.44886965], [-0.25482106, 0.00452718, -0.18054571, -0.02371347, -0.24905336, 0.43536678], [-0.24844416, 0.01536819, -0.1721053, -0.03488755, -0.24566465, 0.42054946], [-0.20460289, 0.01635041, -0.18730009, -0.05684238, -0.23957444, 0.39190298], [-0.27129615, -0.01494076, 0.06847728, -0.03789458, -0.09823707, 0.20281888], [0.00896376, -0.03291379, 0.00289925, -0.04319782, 0.04292548, -0.01186301], [-0.02437626, 0.01193843, -0.04787649, 0.02986833, 0.00150671, 0.07225276], [-0.0249564, -0.01472172, 0.05728156, 0.00859727, -0.04760755, -0.03232516], [-0.02462655, -0.00547085, 0.04788885, 0.01247588, -0.02179657, -0.02326231], [0.01656686, -0.02992667, -0.00422283, -0.02076799, 0.02915106, -0.01234403], [-0.03153256, -0.01138218, 0.04904815, 0.01933523, -0.02332401, -0.01751559], [0.01552236, -0.03462002, -0.01019004, -0.0190532, 0.03259855, -0.00533231], [0.00116008, -0.01132323, -0.04765083, 0.00383748, 0.01307108, 0.04649075], [-0.00966847, -0.01029038, 0.01612761, -0.00450691, -0.03789124, -0.00645914], [0.00492421, 0.00214284, 0.03600739, -0.03129747, -0.00964229, -0.04093161], [0.02007625, 0.00077604, 0.01861775, -0.00526006, 0.01610307, -0.038694], [-0.00080289, 0.01138998, -0.04271229, -0.02973196, 0.02075214, 0.04351518], [-0.02523024, -0.01189211, 0.07267044, -0.0049848, 0.03443605, -0.04744021], [0.00701849, -0.00986052, -0.00496362, 0.03289186, -0.0459338, -0.00205486], [0.02947435, -0.00131339, 0.02024908, 0.00114531, 0.026698, -0.04972343], [0.03954435, 0.00165735, 0.01915649, 0.00432122, 0.02961366, -0.05870084], [0.03731383, -0.00742077, 0.02105942, 0.00309144, 0.03213674, -0.05837325], [0.01874212, -0.00931978, 0.02754315, -0.00369922, 0.0386895, -0.04628527]], "number of molecular orbitals": 102, "number of electrons": 112, "number of unpaired electrons": 0, "orbital energies/eV": [-20.13306598, -19.88636838, -19.26453511, -19.24608577, -18.86381793, -18.73348418, -18.46255247, -18.30061946, -17.78557192, -17.69158058, -17.25946152, -17.23507847, -16.9285247, -16.73818924, -16.56461841, -16.47332544, -16.38619562, -16.23955972, -16.07862716, -16.04322317, -15.85649432, -15.74854712, -15.61414543, -15.41499509, -15.26416369, -14.92754288, -14.89246896, -14.69939772, -14.5846944, -14.35965387, -14.23252586, -14.22413502, -13.9852386, -13.91749587, -13.80568279, -13.66088564, -13.44489928, -13.30843518, -13.20439941, -13.04804867, -12.90913277, -12.89703933, -12.64640769, -12.46372866, -12.39375859, -12.15521263, -12.13439313, -12.04865256, -12.02647002, -11.96539435, -11.75800571, -11.45413871, -11.41623336, -10.84268631, -10.4616405, -10.40334574, -7.19869379, -6.62636382, -5.6736857, -5.55114146, -4.3571948, -2.50538383, -1.31390277, -0.33216454, 0.47686865, 1.36838343, 1.57890684, 1.9632704, 2.56801341, 2.72776068, 3.05742557, 3.07466371, 3.44863018, 3.51658231, 3.68663981, 3.78788032, 3.985771, 4.09717366, 4.22297348, 4.28607079, 4.52191809, 5.0279354, 5.13406895, 5.51736014, 5.52533356, 5.97885447, 6.11294344, 6.41359337, 6.65930788, 6.73341324, 7.63714989, 8.36696355, 9.08232005, 9.97815604, 10.83233239, 11.51965624, 12.89791341, 13.66454823, 15.87380512, 16.47571367, 17.81059459, 17.92831363], "fractional occupation": [2.0, 2.0, 2.0, 2.0, 2.0, 2.0, 2.0, 2.0, 2.0, 2.0, 2.0, 2.0, 2.0, 2.0, 2.0, 2.0, 2.0, 2.0, 2.0, 2.0, 2.0, 2.0, 2.0, 2.0, 2.0, 2.0, 2.0, 2.0, 2.0, 2.0, 2.0, 2.0, 2.0, 2.0, 2.0, 2.0, 2.0, 2.0, 2.0, 2.0, 2.0, 2.0, 2.0, 2.0, 2.0, 2.0, 2.0, 2.0, 2.0, 2.0, 2.0, 2.0, 2.0, 2.0, 2.0, 2.0, 0.0, 0.0, 0.0, 0.0, 0.0, 0.0, 0.0, 0.0, 0.0, 0.0, 0.0, 0.0, 0.0, 0.0, 0.0, 0.0, 0.0, 0.0, 0.0, 0.0, 0.0, 0.0, 0.0, 0.0, 0.0, 0.0, 0.0, 0.0, 0.0, 0.0, 0.0, 0.0, 0.0, 0.0, 0.0, 0.0, 0.0, 0.0, 0.0, 0.0, 0.0, 0.0, 0.0, 0.0, 0.0, 0.0], "program call": "xtb /home/svss/Project-DBcg-Debug/aqme2_20220329/End-to-End-workflows-final/example-3/QDESCP/mol_991_rdkit_conf_1/mol_991_rdkit_conf_1.xyz --pop --wbo --acc 0.2 --gfn 2 --chrg 0 --uhf 0 --etemp 300 --input /home/svss/Project-DBcg-Debug/aqme2_20220329/End-to-End-workflows-final/example-3/QDESCP/mol_991_rdkit_conf_1/mol_991_rdkit_conf_1_xtb.inp", "method": "GFN2-xTB", "xtb version": "6.3.3 (7355c4f)", "Dipole module/D": 6.401, "Total charge": 0, "Transition dipole module/D": NaN, "HOMO": -10.4033, "LUMO": -7.1987, "HOMO occupancy": 2.0, "LUMO occupancy": 0, "mulliken charges": [-0.08388, -0.03892, -0.05972, 0.09805, -0.35602, 0.5664, -0.56278, -0.24406, 0.40309, -0.31006, 0.66128, -0.54254, -0.43186, 0.17767, -0.37547, 0.13583, -0.04543, -0.03769, -0.03655, -0.07036, 0.08353, 0.02975, 0.03406, 0.02826, 0.02877, 0.02487, 0.02784, 0.03512, 0.03604, 0.05331, 0.23029, 0.28092, 0.04286, 0.03464, 0.04225, 0.04819, 0.03312, 0.03077, 0.02844], "cm5 charges": [-0.23421, -0.15003, -0.16497, 0.0494, -0.71177, 0.72663, -0.61159, -0.46324, 0.6136, -0.64205, 0.78757, -0.58201, -0.51253, 0.05845, -0.54447, 0.21211, -0.09276, -0.09246, -0.0913, -0.11901, 0.15324, 0.08104, 0.08485, 0.07957, 0.08392, 0.08213, 0.08527, 0.09039, 0.10221, 0.12141, 0.43035, 0.49869, 0.10436, 0.09376, 0.10375, 0.10593, 0.08847, 0.08602, 0.08928], "FUKUI+": [0.006, 0.002, 0.006, 0.013, -0.042, -0.039, -0.086, -0.025, -0.049, -0.019, -0.031, -0.079, -0.04, 0.018, -0.064, -0.024, -0.031, -0.018, -0.038, -0.021, -0.01, -0.012, -0.011, -0.005, -0.007, 0.01, -0.009, -0.022, -0.024, -0.018, -0.027, -0.027, -0.02, -0.03, -0.02, -0.052, -0.055, -0.058, -0.044], "FUKUI-": [0.008, 0.0, 0.004, 0.01, -0.03, 0.001, -0.042, -0.022, -0.017, -0.048, -0.001, -0.054, -0.04, 0.014, -0.087, -0.024, -0.029, -0.02, -0.038, -0.018, -0.024, -0.033, -0.03, -0.019, -0.022, -0.013, -0.016, -0.028, -0.041, -0.024, -0.013, -0.031, -0.026, -0.028, -0.027, -0.049, -0.051, -0.053, -0.039], "FUKUIrad": [0.007, 0.001, 0.005, 0.012, -0.036, -0.019, -0.064, -0.024, -0.033, -0.033, -0.016, -0.067, -0.04, 0.016, -0.076, -0.024, -0.03, -0.019, -0.038, -0.019, -0.017, -0.022, -0.021, -0.012, -0.015, -0.001, -0.012, -0.025, -0.032, -0.021, -0.02, -0.029, -0.023, -0.029, -0.023, -0.05, -0.053, -0.056, -0.041], "s proportion": [1.008, 1.027, 1.036, 1.005, 1.431, 0.949, 1.722, 1.446, 0.969, 1.416, 0.916, 1.721, 1.693, 0.973, 1.541, 1.039, 1.063, 1.059, 1.056, 1.057, 1.042, 0.97, 0.966, 0.972, 0.971, 0.975, 0.972, 0.965, 0.964, 0.947, 0.77, 0.719, 0.957, 0.965, 0.958, 0.952, 0.967, 0.969, 0.972], "p proportion": [3.076, 3.012, 3.024, 2.897, 3.925, 2.485, 4.841, 3.798, 2.628, 3.894, 2.423, 4.822, 4.739, 2.85, 3.834, 2.825, 2.982, 2.979, 2.981, 3.013, 2.875, 0.0, 0.0, 0.0, 0.0, 0.0, 0.0, 0.0, 0.0, 0.0, 0.0, 0.0, 0.0, 0.0, 0.0, 0.0, 0.0, 0.0, 0.0], "d proportion": [0.0, 0.0, 0.0, 0.0, 0.0, 0.0, 0.0, 0.0, 0.0, 0.0, 0.0, 0.0, 0.0, 0.0, 0.0, 0.0, 0.0, 0.0, 0.0, 0.0, 0.0, 0.0, 0.0, 0.0, 0.0, 0.0, 0.0, 0.0, 0.0, 0.0, 0.0, 0.0, 0.0, 0.0, 0.0, 0.0, 0.0, 0.0, 0.0], "Fermi-level/eV": -8.801, "Coordination numbers": [3.75, 3.8, 3.802, 3.741, 2.686, 2.69, 0.858, 2.836, 3.076, 2.69, 2.666, 0.856, 1.707, 3.654, 1.883, 3.193, 2.911, 2.91, 2.913, 2.906, 3.035, 0.924, 0.924, 0.924, 0.924, 0.924, 0.924, 0.924, 0.924, 0.924, 0.86, 0.86, 0.924, 0.924, 0.924, 0.925, 0.925, 0.925, 0.925], "Dispersion coefficient C6": [22.536, 21.537, 21.761, 20.49, 25.211, 21.508, 22.696, 23.304, 23.302, 24.745, 20.194, 21.876, 18.751, 20.306, 27.908, 25.805, 28.989, 28.88, 28.895, 29.404, 27.304, 2.499, 2.468, 2.521, 2.48, 2.531, 2.461, 2.342, 2.43, 2.062, 1.17, 0.894, 2.133, 2.111, 2.139, 2.233, 2.437, 2.489, 2.554], "Total dispersion C6": 16675.13876, "Total dispersion C8": 382141.41316, "Polarizability alpha": [6.77, 6.608, 6.641, 6.458, 7.457, 7.59, 6.387, 7.17, 7.914, 7.388, 7.353, 6.271, 5.846, 6.47, 7.831, 8.284, 8.829, 8.812, 8.815, 8.891, 8.571, 2.472, 2.457, 2.483, 2.463, 2.488, 2.453, 2.393, 2.438, 2.245, 1.694, 1.481, 2.284, 2.272, 2.287, 2.337, 2.441, 2.467, 2.499], "Total polarizability alpha": 198.012253, "Wiberg matrix": [[0.0, 1.0205130130858853, 0.0, 0.0, 0.0, 0.0, 0.0, 0.0, 0.0, 0.0, 0.0, 0.0, 0.0, 0.0, 0.0, 0.0, 0.0, 0.0, 0.0, 0.0, 0.0, 0.987290642114613, 0.9867715455702699, 0.9874793708346081, 0.0, 0.0, 0.0, 0.0, 0.0, 0.0, 0.0, 0.0, 0.0, 0.0, 0.0, 0.0, 0.0, 0.0, 0.0], [1.0205130130858853, 0.0, 1.0076551889361358, 0.0, 0.0, 0.0, 0.0, 0.0, 0.0, 0.0, 0.0, 0.0, 0.0, 0.0, 0.0, 0.0, 0.0, 0.0, 0.0, 0.0, 0.0, 0.0, 0.0, 0.0, 0.9773608020690785, 0.9764623686161545, 0.0, 0.0, 0.0, 0.0, 0.0, 0.0, 0.0, 0.0, 0.0, 0.0, 0.0, 0.0, 0.0], [0.0, 1.0076551889361358, 0.0, 1.0056564497876475, 0.0, 0.0, 0.0, 0.0, 0.0, 0.0, 0.0, 0.0, 0.0, 0.0, 0.0, 0.0, 0.0, 0.0, 0.0, 0.0, 0.0, 0.0, 0.0, 0.0, 0.0, 0.0, 0.9746100790574657, 0.9732756776178583, 0.0, 0.0, 0.0, 0.0, 0.0, 0.0, 0.0, 0.0, 0.0, 0.0, 0.0], [0.0, 0.0, 1.0056564497876475, 0.0, 0.9859882173667954, 0.0, 0.0, 0.0, 0.0, 0.0, 0.0, 0.0, 0.0, 0.0, 0.0, 0.0, 0.0, 0.0, 0.0, 0.0, 0.0, 0.0, 0.0, 0.0, 0.0, 0.0, 0.0, 0.0, 0.9655333292474194, 0.9678155818734591, 0.0, 0.0, 0.0, 0.0, 0.0, 0.0, 0.0, 0.0, 0.0], [0.0, 0.0, 0.0, 0.9859882173667954, 0.0, 1.216988256357056, 0.1705441847932257, 0.0, 0.0, 0.0, 0.0, 0.0, 0.0, 0.0, 0.0, 0.0, 0.0, 0.0, 0.0, 0.0, 0.0, 0.0, 0.0, 0.0, 0.0, 0.0, 0.0, 0.0, 0.0, 0.0, 0.9253323381064553, 0.0, 0.0, 0.0, 0.0, 0.0, 0.0, 0.0, 0.0], [0.0, 0.0, 0.0, 0.0, 1.216988256357056, 0.0, 1.6223074806027764, 1.0434469407654572, 0.0, 0.0, 0.0, 0.0, 0.0, 0.0, 0.0, 0.0, 0.0, 0.0, 0.0, 0.0, 0.0, 0.0, 0.0, 0.0, 0.0, 0.0, 0.0, 0.0, 0.0, 0.0, 0.0, 0.0, 0.0, 0.0, 0.0, 0.0, 0.0, 0.0, 0.0], [0.0, 0.0, 0.0, 0.0, 0.1705441847932257, 1.6223074806027764, 0.0, 0.0, 0.0, 0.0, 0.0, 0.0, 0.0, 0.0, 0.0, 0.0, 0.0, 0.0, 0.0, 0.0, 0.0, 0.0, 0.0, 0.0, 0.0, 0.0, 0.0, 0.0, 0.0, 0.0, 0.0, 0.0, 0.0, 0.0, 0.0, 0.0, 0.0, 0.0, 0.0], [0.0, 0.0, 0.0, 0.0, 0.0, 1.0434469407654572, 0.0, 0.0, 1.0963776412567383, 0.0, 0.0, 0.0, 0.0, 0.0, 0.0, 0.0, 0.0, 0.0, 0.0, 0.0, 1.0774898324007416, 0.0, 0.0, 0.0, 0.0, 0.0, 0.0, 0.0, 0.0, 0.0, 0.0, 0.0, 0.0, 0.0, 0.0, 0.0, 0.0, 0.0, 0.0], [0.0, 0.0, 0.0, 0.0, 0.0, 0.0, 0.0, 1.0963776412567383, 0.0, 1.1380116478699605, 0.0, 0.0, 0.0, 0.0, 1.5360750775808847, 0.0, 0.0, 0.0, 0.0, 0.0, 0.0, 0.0, 0.0, 0.0, 0.0, 0.0, 0.0, 0.0, 0.0, 0.0, 0.0, 0.0, 0.0, 0.0, 0.0, 0.0, 0.0, 0.0, 0.0], [0.0, 0.0, 0.0, 0.0, 0.0, 0.0, 0.0, 0.0, 1.1380116478699605, 0.0, 1.1351689989020755, 0.12891118287887426, 0.0, 0.0, 0.0, 0.0, 0.0, 0.0, 0.0, 0.0, 0.0, 0.0, 0.0, 0.0, 0.0, 0.0, 0.0, 0.0, 0.0, 0.0, 0.0, 0.8808162780189923, 0.0, 0.0, 0.0, 0.0, 0.0, 0.0, 0.0], [0.0, 0.0, 0.0, 0.0, 0.0, 0.0, 0.0, 0.0, 0.0, 1.1351689989020755, 0.0, 1.6895082610202388, 1.06195151810218, 0.0, 0.0, 0.0, 0.0, 0.0, 0.0, 0.0, 0.0, 0.0, 0.0, 0.0, 0.0, 0.0, 0.0, 0.0, 0.0, 0.0, 0.0, 0.0, 0.0, 0.0, 0.0, 0.0, 0.0, 0.0, 0.0], [0.0, 0.0, 0.0, 0.0, 0.0, 0.0, 0.0, 0.0, 0.0, 0.12891118287887426, 1.6895082610202388, 0.0, 0.14710374239717844, 0.0, 0.0, 0.0, 0.0, 0.0, 0.0, 0.0, 0.0, 0.0, 0.0, 0.0, 0.0, 0.0, 0.0, 0.0, 0.0, 0.0, 0.0, 0.0, 0.0, 0.0, 0.0, 0.0, 0.0, 0.0, 0.0], [0.0, 0.0, 0.0, 0.0, 0.0, 0.0, 0.0, 0.0, 0.0, 0.0, 1.06195151810218, 0.14710374239717844, 0.0, 0.9581562471054439, 0.0, 0.0, 0.0, 0.0, 0.0, 0.0, 0.0, 0.0, 0.0, 0.0, 0.0, 0.0, 0.0, 0.0, 0.0, 0.0, 0.0, 0.0, 0.0, 0.0, 0.0, 0.0, 0.0, 0.0, 0.0], [0.0, 0.0, 0.0, 0.0, 0.0, 0.0, 0.0, 0.0, 0.0, 0.0, 0.0, 0.0, 0.9581562471054439, 0.0, 0.0, 0.0, 0.0, 0.0, 0.0, 0.0, 0.0, 0.0, 0.0, 0.0, 0.0, 0.0, 0.0, 0.0, 0.0, 0.0, 0.0, 0.0, 0.9782678218138977, 0.9813830606763068, 0.9783161010192272, 0.0, 0.0, 0.0, 0.0], [0.0, 0.0, 0.0, 0.0, 0.0, 0.0, 0.0, 0.0, 1.5360750775808847, 0.0, 0.0, 0.0, 0.0, 0.0, 0.0, 1.1885029885551839, 0.0, 0.0, 0.0, 0.0, 0.0, 0.0, 0.0, 0.0, 0.0, 0.0, 0.0, 0.0, 0.0, 0.0, 0.0, 0.0, 0.0, 0.0, 0.0, 0.0, 0.0, 0.0, 0.0], [0.0, 0.0, 0.0, 0.0, 0.0, 0.0, 0.0, 0.0, 0.0, 0.0, 0.0, 0.0, 0.0, 0.0, 1.1885029885551839, 0.0, 1.3321088807965191, 0.0, 0.0, 0.0, 1.2796381770142145, 0.0, 0.0, 0.0, 0.0, 0.0, 0.0, 0.0, 0.0, 0.0, 0.0, 0.0, 0.0, 0.0, 0.0, 0.0, 0.0, 0.0, 0.0], [0.0, 0.0, 0.0, 0.0, 0.0, 0.0, 0.0, 0.0, 0.0, 0.0, 0.0, 0.0, 0.0, 0.0, 0.0, 1.3321088807965191, 0.0, 1.4755558996264235, 0.0, 0.11666628428057566, 0.0, 0.0, 0.0, 0.0, 0.0, 0.0, 0.0, 0.0, 0.0, 0.0, 0.0, 0.0, 0.0, 0.0, 0.0, 0.9683886607316134, 0.0, 0.0, 0.0], [0.0, 0.0, 0.0, 0.0, 0.0, 0.0, 0.0, 0.0, 0.0, 0.0, 0.0, 0.0, 0.0, 0.0, 0.0, 0.0, 1.4755558996264235, 0.0, 1.4088060141266825, 0.0, 0.0, 0.0, 0.0, 0.0, 0.0, 0.0, 0.0, 0.0, 0.0, 0.0, 0.0, 0.0, 0.0, 0.0, 0.0, 0.0, 0.970367442373278, 0.0, 0.0], [0.0, 0.0, 0.0, 0.0, 0.0, 0.0, 0.0, 0.0, 0.0, 0.0, 0.0, 0.0, 0.0, 0.0, 0.0, 0.0, 0.0, 1.4088060141266825, 0.0, 1.4553592136511753, 0.0, 0.0, 0.0, 0.0, 0.0, 0.0, 0.0, 0.0, 0.0, 0.0, 0.0, 0.0, 0.0, 0.0, 0.0, 0.0, 0.0, 0.9705971728077827, 0.0], [0.0, 0.0, 0.0, 0.0, 0.0, 0.0, 0.0, 0.0, 0.0, 0.0, 0.0, 0.0, 0.0, 0.0, 0.0, 0.0, 0.11666628428057566, 0.0, 1.4553592136511753, 0.0, 1.3608845746349871, 0.0, 0.0, 0.0, 0.0, 0.0, 0.0, 0.0, 0.0, 0.0, 0.0, 0.0, 0.0, 0.0, 0.0, 0.0, 0.0, 0.0, 0.9640158597974695], [0.0, 0.0, 0.0, 0.0, 0.0, 0.0, 0.0, 1.0774898324007416, 0.0, 0.0, 0.0, 0.0, 0.0, 0.0, 0.0, 1.2796381770142145, 0.0, 0.0, 0.0, 1.3608845746349871, 0.0, 0.0, 0.0, 0.0, 0.0, 0.0, 0.0, 0.0, 0.0, 0.0, 0.0, 0.0, 0.0, 0.0, 0.0, 0.0, 0.0, 0.0, 0.0], [0.987290642114613, 0.0, 0.0, 0.0, 0.0, 0.0, 0.0, 0.0, 0.0, 0.0, 0.0, 0.0, 0.0, 0.0, 0.0, 0.0, 0.0, 0.0, 0.0, 0.0, 0.0, 0.0, 0.0, 0.0, 0.0, 0.0, 0.0, 0.0, 0.0, 0.0, 0.0, 0.0, 0.0, 0.0, 0.0, 0.0, 0.0, 0.0, 0.0], [0.9867715455702699, 0.0, 0.0, 0.0, 0.0, 0.0, 0.0, 0.0, 0.0, 0.0, 0.0, 0.0, 0.0, 0.0, 0.0, 0.0, 0.0, 0.0, 0.0, 0.0, 0.0, 0.0, 0.0, 0.0, 0.0, 0.0, 0.0, 0.0, 0.0, 0.0, 0.0, 0.0, 0.0, 0.0, 0.0, 0.0, 0.0, 0.0, 0.0], [0.9874793708346081, 0.0, 0.0, 0.0, 0.0, 0.0, 0.0, 0.0, 0.0, 0.0, 0.0, 0.0, 0.0, 0.0, 0.0, 0.0, 0.0, 0.0, 0.0, 0.0, 0.0, 0.0, 0.0, 0.0, 0.0, 0.0, 0.0, 0.0, 0.0, 0.0, 0.0, 0.0, 0.0, 0.0, 0.0, 0.0, 0.0, 0.0, 0.0], [0.0, 0.9773608020690785, 0.0, 0.0, 0.0, 0.0, 0.0, 0.0, 0.0, 0.0, 0.0, 0.0, 0.0, 0.0, 0.0, 0.0, 0.0, 0.0, 0.0, 0.0, 0.0, 0.0, 0.0, 0.0, 0.0, 0.0, 0.0, 0.0, 0.0, 0.0, 0.0, 0.0, 0.0, 0.0, 0.0, 0.0, 0.0, 0.0, 0.0], [0.0, 0.9764623686161545, 0.0, 0.0, 0.0, 0.0, 0.0, 0.0, 0.0, 0.0, 0.0, 0.0, 0.0, 0.0, 0.0, 0.0, 0.0, 0.0, 0.0, 0.0, 0.0, 0.0, 0.0, 0.0, 0.0, 0.0, 0.0, 0.0, 0.0, 0.0, 0.0, 0.0, 0.0, 0.0, 0.0, 0.0, 0.0, 0.0, 0.0], [0.0, 0.0, 0.9746100790574657, 0.0, 0.0, 0.0, 0.0, 0.0, 0.0, 0.0, 0.0, 0.0, 0.0, 0.0, 0.0, 0.0, 0.0, 0.0, 0.0, 0.0, 0.0, 0.0, 0.0, 0.0, 0.0, 0.0, 0.0, 0.0, 0.0, 0.0, 0.0, 0.0, 0.0, 0.0, 0.0, 0.0, 0.0, 0.0, 0.0], [0.0, 0.0, 0.9732756776178583, 0.0, 0.0, 0.0, 0.0, 0.0, 0.0, 0.0, 0.0, 0.0, 0.0, 0.0, 0.0, 0.0, 0.0, 0.0, 0.0, 0.0, 0.0, 0.0, 0.0, 0.0, 0.0, 0.0, 0.0, 0.0, 0.0, 0.0, 0.0, 0.0, 0.0, 0.0, 0.0, 0.0, 0.0, 0.0, 0.0], [0.0, 0.0, 0.0, 0.9655333292474194, 0.0, 0.0, 0.0, 0.0, 0.0, 0.0, 0.0, 0.0, 0.0, 0.0, 0.0, 0.0, 0.0, 0.0, 0.0, 0.0, 0.0, 0.0, 0.0, 0.0, 0.0, 0.0, 0.0, 0.0, 0.0, 0.0, 0.0, 0.0, 0.0, 0.0, 0.0, 0.0, 0.0, 0.0, 0.0], [0.0, 0.0, 0.0, 0.9678155818734591, 0.0, 0.0, 0.0, 0.0, 0.0, 0.0, 0.0, 0.0, 0.0, 0.0, 0.0, 0.0, 0.0, 0.0, 0.0, 0.0, 0.0, 0.0, 0.0, 0.0, 0.0, 0.0, 0.0, 0.0, 0.0, 0.0, 0.0, 0.0, 0.0, 0.0, 0.0, 0.0, 0.0, 0.0, 0.0], [0.0, 0.0, 0.0, 0.0, 0.9253323381064553, 0.0, 0.0, 0.0, 0.0, 0.0, 0.0, 0.0, 0.0, 0.0, 0.0, 0.0, 0.0, 0.0, 0.0, 0.0, 0.0, 0.0, 0.0, 0.0, 0.0, 0.0, 0.0, 0.0, 0.0, 0.0, 0.0, 0.0, 0.0, 0.0, 0.0, 0.0, 0.0, 0.0, 0.0], [0.0, 0.0, 0.0, 0.0, 0.0, 0.0, 0.0, 0.0, 0.0, 0.8808162780189923, 0.0, 0.0, 0.0, 0.0, 0.0, 0.0, 0.0, 0.0, 0.0, 0.0, 0.0, 0.0, 0.0, 0.0, 0.0, 0.0, 0.0, 0.0, 0.0, 0.0, 0.0, 0.0, 0.0, 0.0, 0.0, 0.0, 0.0, 0.0, 0.0], [0.0, 0.0, 0.0, 0.0, 0.0, 0.0, 0.0, 0.0, 0.0, 0.0, 0.0, 0.0, 0.0, 0.9782678218138977, 0.0, 0.0, 0.0, 0.0, 0.0, 0.0, 0.0, 0.0, 0.0, 0.0, 0.0, 0.0, 0.0, 0.0, 0.0, 0.0, 0.0, 0.0, 0.0, 0.0, 0.0, 0.0, 0.0, 0.0, 0.0], [0.0, 0.0, 0.0, 0.0, 0.0, 0.0, 0.0, 0.0, 0.0, 0.0, 0.0, 0.0, 0.0, 0.9813830606763068, 0.0, 0.0, 0.0, 0.0, 0.0, 0.0, 0.0, 0.0, 0.0, 0.0, 0.0, 0.0, 0.0, 0.0, 0.0, 0.0, 0.0, 0.0, 0.0, 0.0, 0.0, 0.0, 0.0, 0.0, 0.0], [0.0, 0.0, 0.0, 0.0, 0.0, 0.0, 0.0, 0.0, 0.0, 0.0, 0.0, 0.0, 0.0, 0.9783161010192272, 0.0, 0.0, 0.0, 0.0, 0.0, 0.0, 0.0, 0.0, 0.0, 0.0, 0.0, 0.0, 0.0, 0.0, 0.0, 0.0, 0.0, 0.0, 0.0, 0.0, 0.0, 0.0, 0.0, 0.0, 0.0], [0.0, 0.0, 0.0, 0.0, 0.0, 0.0, 0.0, 0.0, 0.0, 0.0, 0.0, 0.0, 0.0, 0.0, 0.0, 0.0, 0.9683886607316134, 0.0, 0.0, 0.0, 0.0, 0.0, 0.0, 0.0, 0.0, 0.0, 0.0, 0.0, 0.0, 0.0, 0.0, 0.0, 0.0, 0.0, 0.0, 0.0, 0.0, 0.0, 0.0], [0.0, 0.0, 0.0, 0.0, 0.0, 0.0, 0.0, 0.0, 0.0, 0.0, 0.0, 0.0, 0.0, 0.0, 0.0, 0.0, 0.0, 0.970367442373278, 0.0, 0.0, 0.0, 0.0, 0.0, 0.0, 0.0, 0.0, 0.0, 0.0, 0.0, 0.0, 0.0, 0.0, 0.0, 0.0, 0.0, 0.0, 0.0, 0.0, 0.0], [0.0, 0.0, 0.0, 0.0, 0.0, 0.0, 0.0, 0.0, 0.0, 0.0, 0.0, 0.0, 0.0, 0.0, 0.0, 0.0, 0.0, 0.0, 0.9705971728077827, 0.0, 0.0, 0.0, 0.0, 0.0, 0.0, 0.0, 0.0, 0.0, 0.0, 0.0, 0.0, 0.0, 0.0, 0.0, 0.0, 0.0, 0.0, 0.0, 0.0], [0.0, 0.0, 0.0, 0.0, 0.0, 0.0, 0.0, 0.0, 0.0, 0.0, 0.0, 0.0, 0.0, 0.0, 0.0, 0.0, 0.0, 0.0, 0.0, 0.9640158597974695, 0.0, 0.0, 0.0, 0.0, 0.0, 0.0, 0.0, 0.0, 0.0, 0.0, 0.0, 0.0, 0.0, 0.0, 0.0, 0.0, 0.0, 0.0, 0.0]], "Born radii": [], "Atomic SASAs": [], "Solvent H bonds": [], "Total SASA": NaN, "Total FOD": 0.0, "FOD": [0.0, 0.0, 0.0, 0.0, 0.0, 0.0, 0.0, 0.0, 0.0, 0.0, 0.0, 0.0, 0.0, 0.0, 0.0, 0.0, 0.0, 0.0, 0.0, 0.0, 0.0, 0.0, 0.0, 0.0, 0.0, 0.0, 0.0, 0.0, 0.0, 0.0, 0.0, 0.0, 0.0, 0.0, 0.0, 0.0, 0.0, 0.0, 0.0], "FOD s proportion": [0.0, 0.0, 0.0, 0.0, 0.0, 0.0, 0.0, 0.0, 0.0, 0.0, 0.0, 0.0, 0.0, 0.0, 0.0, 0.0, 0.0, 0.0, 0.0, 0.0, 0.0, 0.0, 0.0, 0.0, 0.0, 0.0, 0.0, 0.0, 0.0, 0.0, 0.0, 0.0, 0.0, 0.0, 0.0, 0.0, 0.0, 0.0, 0.0], "FOD p proportion": [0.0, 0.0, 0.0, 0.0, 0.0, 0.0, 0.0, 0.0, 0.0, 0.0, 0.0, 0.0, 0.0, 0.0, 0.0, 0.0, 0.0, 0.0, 0.0, 0.0, 0.0, 0.0, 0.0, 0.0, 0.0, 0.0, 0.0, 0.0, 0.0, 0.0, 0.0, 0.0, 0.0, 0.0, 0.0, 0.0, 0.0, 0.0, 0.0], "FOD d proportion": [0.0, 0.0, 0.0, 0.0, 0.0, 0.0, 0.0, 0.0, 0.0, 0.0, 0.0, 0.0, 0.0, 0.0, 0.0, 0.0, 0.0, 0.0, 0.0, 0.0, 0.0, 0.0, 0.0, 0.0, 0.0, 0.0, 0.0, 0.0, 0.0, 0.0, 0.0, 0.0, 0.0, 0.0, 0.0, 0.0, 0.0, 0.0, 0.0], "coordinates": [["5.56570", "0.54000", "0.14630"], ["4.21400", "-0.15550", "0.10910"], ["3.68610", "-0.27440", "-1.32220"], ["2.34590", "-1.00140", "-1.38870"], ["1.27880", "-0.23410", "-0.77650"], ["0.09530", "-0.85490", "-0.44210"], ["-0.15480", "-2.04730", "-0.56570"], ["-0.90920", "0.03080", "0.00190"], ["-2.27290", "-0.28140", "0.02290"], ["-2.73840", "-1.53540", "-0.30040"], ["-4.05630", "-1.87810", "-0.31080"], ["-5.03030", "-1.18180", "-0.07120"], ["-4.14150", "-3.19590", "-0.65200"], ["-5.47740", "-3.69900", "-0.70090"], ["-2.99650", "0.76540", "0.34160"], ["-2.11530", "1.75850", "0.64690"], ["-2.38600", "3.06120", "1.09340"], ["-1.31930", "3.90480", "1.41440"], ["-0.00620", "3.45340", "1.30830"], ["0.28230", "2.15940", "0.85720"], ["-0.79770", "1.33270", "0.49570"], ["6.30920", "-0.01540", "-0.43430"], ["5.92590", "0.61350", "1.17720"], ["5.49660", "1.55320", "-0.26250"], ["4.31090", "-1.15300", "0.55330"], ["3.50780", "0.40800", "0.72890"], ["3.58950", "0.72520", "-1.76380"], ["4.41380", "-0.82630", "-1.92930"], ["2.06280", "-1.16400", "-2.43480"], ["2.41050", "-1.98370", "-0.90720"], ["1.23280", "0.74670", "-1.02470"], ["-2.06910", "-2.26710", "-0.51970"], ["-5.95350", "-3.62160", "0.28160"], ["-5.43050", "-4.75550", "-0.97900"], ["-6.06040", "-3.16780", "-1.45970"], ["-3.41430", "3.39040", "1.20260"], ["-1.52160", "4.91210", "1.77080"], ["0.80990", "4.11540", "1.59310"], ["1.31330", "1.82290", "0.82740"]], "bond_dist": [[0.0, 1.5205909969482254, 2.520443566120852, 3.885775469581329, 4.452898186574671, 5.676022967712516, 6.3186379497483465, 6.49649644115965, 7.882485361863985, 8.571166948554904, 9.931718482719896, 10.737183871481387, 10.431872484841827, 11.85904407825521, 8.567392607438975, 7.793144654759078, 8.395414268515877, 7.767443701115574, 6.3940764125868865, 5.57154832429909, 6.422095702338917, 1.094695286369682, 1.0944866833360745, 1.0947449428976594, 2.1462574496085036, 2.1428483777439777, 2.7546592330086854, 2.738934949939483, 4.6729007714694735, 4.175429436596911, 4.493104528051846, 8.16171167403015, 12.248640303723512, 12.256632277261156, 12.30825812412138, 9.480556410359046, 8.48434322443405, 6.123262940622426, 4.493621632937067], [1.5205909969482254, 0.0, 1.530174927908571, 2.5394387687046134, 3.066898165899873, 4.213866572401172, 4.808396377171915, 5.127706872472334, 6.488694233819314, 7.099836619246953, 8.458222559143262, 9.30284269833689, 8.92399493612586, 10.350638927621812, 7.272786488685063, 6.634204046455007, 7.407834054566828, 6.986218796316074, 5.680873866756769, 4.623492241801645, 5.242264366664466, 2.1690492410270443, 2.159351805519425, 2.168595169689354, 1.096225113742611, 1.0956289198446711, 2.1618018294931662, 2.1552186060815273, 3.480827617104875, 2.7618459732577416, 3.3146675127378917, 6.658197174160586, 10.743447384801586, 10.740593180080884, 10.82120049208959, 8.48293050484324, 7.8319170073488396, 5.65957062152245, 3.583864107356751], [2.520443566120852, 1.530174927908571, 0.0, 1.526134754862755, 2.4687053023801773, 3.7423790428015176, 4.297438710441372, 4.791990185716161, 6.108929858002954, 6.62634110878696, 7.971169387862737, 8.852344588864579, 8.38186447337345, 9.802225823760644, 6.964664905076195, 6.454942229021109, 7.337012275442914, 7.071684478255516, 5.869335769914684, 4.717946718647848, 5.0982343276864, 2.7813847306692394, 3.471609253645923, 2.782264563264967, 2.163287602238778, 2.1689794512627363, 1.097060745811279, 1.096681954807318, 2.1597152150225734, 2.1728062154734373, 2.673917042467848, 6.143060033891904, 10.329463221290833, 10.164174290615051, 10.167838121252718, 8.379800369937222, 7.974118793948332, 6.003486034796784, 3.827483153457373], [3.885775469581329, 2.5394387687046134, 1.526134754862755, 0.0, 1.4499105282740725, 2.4459587424975098, 2.8327965511134043, 3.6871237041900287, 4.883065430649071, 5.226821154392026, 6.551231650613494, 7.495110195987783, 6.888026996172415, 8.303862805345473, 5.886999073381955, 5.626990386521022, 6.712407673852952, 6.73512131219624, 5.714142669727454, 4.392398935661468, 4.345251100914653, 4.1941414198856, 4.6912839202077725, 4.209657716489549, 2.766870354751014, 2.796542459895791, 2.160645396634996, 2.144555613641204, 1.0958602009380576, 1.095868924643819, 2.104124810936842, 4.674332304190622, 8.862019549177266, 8.644854993578551, 8.681256225339741, 7.693025865678601, 7.740121365327548, 6.118175339102337, 3.7355096653602704], [4.452898186574671, 3.066898165899873, 2.4687053023801773, 1.4499105282740725, 0.0, 1.3776386500095008, 2.3210643765307326, 2.3373965367476695, 3.640858489422515, 4.249464523913572, 5.602044671367769, 6.418748023563474, 6.1779779523724425, 7.59325265021519, 4.530710534783699, 4.1852642843672365, 5.271269974114397, 5.355432721078661, 4.426654751615491, 3.064446147348653, 2.895722246694251, 5.04676675605283, 5.111839968152368, 4.609606721836474, 3.4360406953352576, 2.7653141901057103, 2.6896751235046956, 3.3923257037024026, 2.0565332236557716, 2.087804478393511, 1.0127624993057356, 3.9252349802272986, 8.056109181856959, 8.093131081355349, 7.933297836965407, 6.251321833820428, 6.388611108057838, 4.975240860501128, 2.608626930015099], [5.676022967712516, 4.213866572401172, 3.7423790428015176, 2.4459587424975098, 1.3776386500095008, 0.0, 1.224599824432455, 1.4108935962715259, 2.480624616905992, 2.9177071186121477, 4.277845309264934, 5.149388874419954, 4.845081346066339, 6.261858153934821, 3.577538961353181, 3.5920095935283913, 4.883692163722034, 5.301172464653456, 4.651413903320151, 3.2877277837436605, 2.5421470453142554, 6.270356792081293, 6.226895487319504, 5.916522919756164, 4.341770160890602, 3.822474808288473, 4.056234773777278, 4.567496475094425, 2.817348460875935, 2.617376260685498, 2.049012340128775, 2.5855285649166597, 6.69076617585759, 6.785087148298097, 6.654145975254825, 5.748469565023373, 6.385106187057501, 5.418170751277594, 3.2040235782528192], [6.3186379497483465, 4.808396377171915, 4.297438710441372, 2.8327965511134043, 2.3210643765307326, 1.224599824432455, 0.0, 2.2824961620997306, 2.8197872933964363, 2.6471521792295962, 3.9134773411890356, 4.9763561719394644, 4.149759817146047, 5.5746266861557645, 4.0999674962126225, 4.449502517136045, 5.816153239040388, 6.379996134011368, 5.813059302123109, 4.462289290263462, 3.6005958354139107, 6.777107020698433, 6.862395320877398, 6.707745705525814, 4.689819823831188, 4.595555027415078, 4.810611432032315, 4.92162086308972, 3.031749240949851, 2.5887122860603875, 3.153181054110277, 1.927426400670075, 6.068052362166958, 5.944592048240149, 6.077077225936824, 6.581778363785884, 7.467303586302085, 6.600752594969758, 4.367435547320647], [6.49649644115965, 5.127706872472334, 4.791990185716161, 3.6871237041900287, 2.3373965367476695, 1.4108935962715259, 2.2824961620997306, 0.0, 1.3991381382837078, 2.4270023423968916, 3.6940382929796494, 4.296417994096943, 4.613777345082877, 5.939173942561372, 2.238717163913298, 2.203553834150643, 3.5433930984298083, 4.143816388306798, 3.773099617025768, 2.5849851643674864, 1.396858725855983, 7.231715110539131, 6.959846362528415, 6.589528265361642, 5.380972812605543, 4.492293160513904, 4.88243684444561, 5.726995970838464, 4.024653765232483, 3.988117494507904, 2.4808434795448098, 2.6263623093549, 6.23403724242966, 6.656799996244441, 6.237161049708432, 4.359371360643642, 5.22791838689167, 4.7086281876996825, 2.9719654960984996], [7.882485361863985, 6.488694233819314, 6.108929858002954, 4.883065430649071, 3.640858489422515, 2.480624616905992, 2.8197872933964363, 1.3991381382837078, 0.0, 1.3761283152380812, 2.4168827319503943, 2.9022111794285412, 3.527246265856695, 4.74053756972772, 1.3118524650279848, 2.139019815242486, 3.511657246941962, 4.513302078301429, 4.553999680500647, 3.6307861641798738, 2.237202201411397, 8.598385211770871, 8.32787943836845, 7.988262675325593, 6.662389448238522, 5.864315889342933, 6.210738620325283, 6.987128003693649, 5.06137990472954, 5.069235332868262, 3.8005773061470545, 2.068563194587006, 4.977014977875795, 5.567029026329933, 4.987440623205453, 4.022014581027771, 5.53100789639646, 5.594732712114136, 4.235106749540087], [8.571166948554904, 7.099836619246953, 6.62634110878696, 5.226821154392026, 4.249464523913572, 2.9177071186121477, 2.6471521792295962, 2.4270023423968916, 1.3761283152380812, 0.0, 1.3617679170842587, 2.330315688914273, 2.2021744753765535, 3.513358252441672, 2.4025944830536843, 3.4835912662079056, 4.816180619536606, 5.877938404747025, 5.911087714625794, 4.910826131110732, 3.5533208847499265, 9.175368928277488, 9.048268754850291, 8.795232309041074, 7.111094426317232, 6.62202963524024, 6.8770757106491125, 7.36953884988742, 5.26736392894966, 5.203878394044195, 4.637134927948506, 1.015598281802406, 3.876573545026587, 4.251698999223722, 3.8787098692735444, 5.194165520081161, 6.880459863264955, 6.935943755538967, 5.382042792472019], [9.931718482719896, 8.458222559143262, 7.971169387862737, 6.551231650613494, 5.602044671367769, 4.277845309264934, 3.9134773411890356, 3.6940382929796494, 2.4168827319503943, 1.3617679170842587, 0.0, 1.2210314697009248, 1.3639183699914008, 2.3425157480794017, 2.9217963738084145, 4.23196524678547, 5.399848536764712, 6.6264180708735845, 6.8883733253940305, 6.040619190943922, 4.645229041715813, 10.532259671599444, 10.395505346061826, 10.150568998336992, 8.44289492176706, 7.9701215869019215, 8.206499712423074, 8.687256154851196, 6.51649442722082, 6.495101735923772, 5.947588339823127, 2.0356630492299064, 2.643879318350215, 3.2579667954109044, 2.645697282381338, 5.519024896664265, 7.540860606721224, 7.951526891107141, 6.620083413371768], [10.737183871481387, 9.30284269833689, 8.852344588864579, 7.495110195987783, 6.418748023563474, 5.149388874419954, 4.9763561719394644, 4.296417994096943, 2.9022111794285412, 2.330315688914273, 1.2210314697009248, 0.0, 2.2768163935636094, 2.633005191791311, 2.8457572138184943, 4.202172854607483, 5.133387249175734, 6.469314331519222, 6.973498411844661, 6.34423066730711, 4.955702636357432, 11.405112486073955, 11.172283700748025, 10.878071717910304, 9.362096299974702, 8.721626892959822, 8.989020847678574, 9.631715354494235, 7.476562673448274, 7.530434532614968, 6.622287830500877, 3.1855507812621666, 2.6323734765416553, 3.7088532688689635, 2.6331035414506587, 5.013884250758089, 7.269082259817947, 8.058421580557821, 7.076507967210946], [10.431872484841827, 8.92399493612586, 8.38186447337345, 6.888026996172415, 6.1779779523724425, 4.845081346066339, 4.149759817146047, 4.613777345082877, 3.527246265856695, 2.2021744753765535, 1.3639183699914008, 2.2768163935636094, 0.0, 1.428331064564515, 4.241481303742833, 5.508058370242639, 6.72900451924354, 7.915476125287726, 8.071968326870467, 7.108229679041048, 5.745122426023661, 10.92612026430242, 10.91833521009499, 10.751680457956327, 8.778909628194153, 8.567775120181436, 8.739535768563455, 8.968815838225243, 6.76759425054428, 6.6680776750124915, 6.675784638527519, 2.274865818020922, 2.0823480616842134, 2.049585850848898, 2.082149396657214, 6.880967133332348, 8.858526957118773, 9.111089049065429, 7.558559442115937], [11.85904407825521, 10.350638927621812, 9.802225823760644, 8.303862805345473, 7.59325265021519, 6.261858153934821, 5.5746266861557645, 5.939173942561372, 4.74053756972772, 3.513358252441672, 2.3425157480794017, 2.633005191791311, 1.428331064564515, 0.0, 5.212728500507196, 6.550159349206704, 7.646997482018677, 8.920877991543207, 9.226469521978599, 8.361977652445622, 6.974915665439977, 12.35167697440311, 12.335321915134603, 12.174008189581606, 10.191464592000504, 9.982264075849727, 10.14455408877098, 10.372907465604811, 8.141698241153378, 8.074885769470674, 8.055797848133976, 3.7013078688485237, 1.0945173456825614, 1.0934950708622326, 1.0944587155301924, 7.624912210642165, 9.793298613848146, 10.288703740024784, 8.884857173303349], [8.567392607438975, 7.272786488685063, 6.964664905076195, 5.886999073381955, 4.530710534783699, 3.577538961353181, 4.0999674962126225, 2.238717163913298, 1.3118524650279848, 2.4025944830536843, 2.9217963738084145, 2.8457572138184943, 4.241481303742833, 5.212728500507196, 0.0, 1.3623395832170482, 2.4917084761263704, 3.7174900188164592, 4.135425852315575, 3.5999456662566454, 2.2760267001948815, 9.370577460327619, 8.962729647267064, 8.550924702042463, 7.557987179798601, 6.525615261414054, 6.914457404597992, 7.912208401577907, 6.085022416556902, 6.192955776525454, 4.444558906123306, 3.286025669406738, 5.290861744555417, 6.176461541206258, 5.301153378275335, 2.794011961320137, 4.627425152285015, 5.222780218427729, 4.464155455402511], [7.793144654759078, 6.634204046455007, 6.454942229021109, 5.626990386521022, 4.1852642843672365, 3.5920095935283913, 4.449502517136045, 2.203553834150643, 2.139019815242486, 3.4835912662079056, 4.23196524678547, 4.202172854607483, 5.508058370242639, 6.550159349206704, 1.3623395832170482, 0.0, 1.4034486203634247, 2.4143893513681673, 2.7853974186819372, 2.4399657087754325, 1.3929238457288324, 8.676860889745784, 8.139603216987913, 7.668779437433313, 7.055610508666135, 5.7835826146083535, 6.278847539158759, 7.4797823691602146, 5.957717746755044, 6.074714255831298, 3.876565414126272, 4.191484863386721, 6.618965126060115, 7.487743174682208, 6.653571165922854, 2.158541428835685, 3.4001211537237905, 3.873895596166732, 3.433951888131224], [8.395414268515877, 7.407834054566828, 7.337012275442914, 6.712407673852952, 5.271269974114397, 4.883692163722034, 5.816153239040388, 3.5433930984298083, 3.511657246941962, 4.816180619536606, 5.399848536764712, 5.133387249175734, 6.72900451924354, 7.646997482018677, 2.4917084761263704, 1.4034486203634247, 0.0, 1.397337056690332, 2.421456357236281, 2.826456893356062, 2.422324179378144, 9.3491089356152, 8.665214327412798, 8.139282005803706, 7.93093054187212, 6.47373222569485, 7.02332457529908, 8.395632887400449, 7.077593639083838, 7.242915754031659, 4.7894646151736, 5.576136485955128, 7.618785423543572, 8.640869221322586, 7.669418228914107, 1.0852180287849993, 2.1521823644849425, 3.402177911279773, 3.9101104050908844], [7.767443701115574, 6.986218796316074, 7.071684478255516, 6.73512131219624, 5.355432721078661, 5.301172464653456, 6.379996134011368, 4.143816388306798, 4.513302078301429, 5.877938404747025, 6.6264180708735845, 6.469314331519222, 7.915476125287726, 8.920877991543207, 3.7174900188164592, 2.4143893513681673, 1.397337056690332, 0.0, 1.3925698474403359, 2.433519171899001, 2.780606886994276, 8.773806014495648, 7.961271416677113, 7.402601500823883, 7.617216426621999, 5.999867906879284, 6.656360029325337, 8.15058724939498, 7.207473516427236, 7.346813380643338, 4.736667481468379, 6.511166751051611, 8.910989980916822, 9.880846375184667, 8.986665164564663, 2.16760042443251, 1.0874739261242081, 2.147039517568319, 3.4072656735276747], [6.3940764125868865, 5.680873866756769, 5.869335769914684, 5.714142669727454, 4.426654751615491, 4.651413903320151, 5.813059302123109, 3.773099617025768, 4.553999680500647, 5.911087714625794, 6.8883733253940305, 6.973498411844661, 8.071968326870467, 9.226469521978599, 4.135425852315575, 2.7853974186819372, 2.421456357236281, 1.3925698474403359, 0.0, 1.40041403163493, 2.405027962415406, 7.413063156347718, 6.5781478875136274, 6.029840837037077, 6.358167846950881, 4.685974980727064, 5.45984726343146, 6.952286375718423, 6.293801821633726, 6.349089348087645, 3.7820939821744246, 6.349902413423374, 9.299468542879211, 10.101525181377315, 9.38911343418536, 3.410320674071574, 2.153636250623582, 1.0887489380017783, 2.151946865050343], [5.57154832429909, 4.623492241801645, 4.717946718647848, 4.392398935661468, 3.064446147348653, 3.2877277837436605, 4.462289290263462, 2.5849851643674864, 3.6307861641798738, 4.910826131110732, 6.040619190943922, 6.34423066730711, 7.108229679041048, 8.361977652445622, 3.5999456662566454, 2.4399657087754325, 2.826456893356062, 2.433519171899001, 1.40041403163493, 0.0, 1.4073077630710351, 6.536149546942756, 5.860241272336832, 5.367506965063017, 5.224362825263958, 3.6725621982479755, 4.45692073970359, 5.809326896465717, 5.005240434784327, 4.980724867928362, 2.5378571965341155, 5.197964776717904, 8.522703678997647, 9.15552053626663, 8.600984172756046, 3.9114592826718777, 3.415564003206498, 2.1554225966153364, 1.0849337721722925], [6.422095702338917, 5.242264366664466, 5.0982343276864, 4.345251100914653, 2.895722246694251, 2.5421470453142554, 3.6005958354139107, 1.396858725855983, 2.237202201411397, 3.5533208847499265, 4.645229041715813, 4.955702636357432, 5.745122426023661, 6.974915665439977, 2.2760267001948815, 1.3929238457288324, 2.422324179378144, 2.780606886994276, 2.405027962415406, 1.4073077630710351, 0.0, 7.293168119548595, 6.796211286444823, 6.343634603285407, 5.681532910227661, 4.4098506301234295, 4.972114272620853, 6.140165979026952, 4.7962278292424765, 4.822777686147268, 2.603448176937655, 3.950449994620866, 7.153544641644448, 7.791261462048364, 7.195422204429703, 3.40300344695682, 3.868076470288559, 3.395892196463251, 2.192405512217117], [1.094695286369682, 2.1690492410270443, 2.7813847306692394, 4.1941414198856, 5.04676675605283, 6.270356792081293, 6.777107020698433, 7.231715110539131, 8.598385211770871, 9.175368928277488, 10.532259671599444, 11.405112486073955, 10.92612026430242, 12.35167697440311, 9.370577460327619, 8.676860889745784, 9.3491089356152, 8.773806014495648, 7.413063156347718, 6.536149546942756, 7.293168119548595, 0.0, 1.7718257109546636, 1.7749197052261263, 2.502536794934292, 3.062702035784741, 3.116540822771298, 2.5465908524927987, 4.832514373491299, 4.3929148625940835, 5.167127396339285, 8.676021953637507, 12.801992131695753, 12.672245349187333, 12.80609523156844, 10.431939776474938, 9.511264421726484, 7.170506250607414, 5.470854648955682], [1.0944866833360745, 2.159351805519425, 3.471609253645923, 4.6912839202077725, 5.111839968152368, 6.226895487319504, 6.862395320877398, 6.959846362528415, 8.32787943836845, 9.048268754850291, 10.395505346061826, 11.172283700748025, 10.91833521009499, 12.335321915134603, 8.962729647267064, 8.139603216987913, 8.665214327412798, 7.961271416677113, 6.5781478875136274, 5.860241272336832, 6.796211286444823, 1.7718257109546636, 0.0, 1.7720244552488547, 2.473458804993526, 2.4678757565971594, 3.757755027938889, 3.7429684342777993, 5.579389918261674, 4.842335011128412, 5.185681581046025, 8.665872776010506, 12.643508837739626, 12.745319941060718, 12.842229517883567, 9.744288317265658, 8.61948833574244, 6.213673021651526, 4.781326924609946], [1.0947449428976594, 2.168595169689354, 2.782264563264967, 4.209657716489549, 4.609606721836474, 5.916522919756164, 6.707745705525814, 6.589528265361642, 7.988262675325593, 8.795232309041074, 10.150568998336992, 10.878071717910304, 10.751680457956327, 12.174008189581606, 8.550924702042463, 7.668779437433313, 8.139282005803706, 7