{"total energy": -31.70593785, "HOMO-LUMO gap/eV": 4.58828482, "electronic energy": -32.23098119, "dipole": [-0.18080182, -0.04356804, 0.08626544], "partial charges": [-0.09929891, -0.05137318, -0.05629245, -0.05213966, -0.06095208, 0.01407875, -0.03823865, -0.03163919, -0.03376076, -0.03146578, -0.03688492, 0.03246889, 0.03000681, 0.03293477, 0.02759688, 0.02829964, 0.03027111, 0.02899774, 0.03155064, 0.03291618, 0.03336253, 0.03458817, 0.02740193, 0.02675193, 0.02600204, 0.02680486, 0.02801274], "atomic dipole moments": [[0.08245357, 0.03490624, -0.04784685], [-9.709e-05, -0.09247568, 0.05938925], [-0.0461522, 0.05576253, 0.08516712], [0.05448578, -0.05560924, -0.08443722], [-0.02280422, 0.09012314, -0.04357018], [-0.06909731, -0.03238523, 0.04149605], [-0.00165321, -0.00095667, 0.00441864], [0.00212125, -0.00116369, -0.0025794], [0.00114333, 0.00019019, 0.00025633], [0.00402247, 0.00251262, -0.00015342], [-0.00446128, -0.00434648, -0.00119914], [0.01200851, 0.00339416, 0.12517833], [-0.09755983, 0.07232291, -0.027504], [-0.02971259, -0.11749997, -0.03511643], [-0.02596249, 0.01044199, -0.11786395], [0.02377404, 0.11606828, 0.03730986], [-0.0250283, -0.11377979, -0.04337957], [0.08426637, 0.04450039, -0.07841247], [0.02002134, 0.11668575, 0.0440968], [-0.0841349, -0.04653638, 0.07501847], [-0.02382625, -0.11771267, -0.03652808], [0.02458751, -0.01907532, 0.11949764], [-0.0660898, -0.11992224, -0.06373775], [0.05291146, -0.06458574, -0.12523952], [0.12272511, 0.05523516, -0.06723683], [0.0700616, 0.12004363, 0.05785341], [-0.04828983, 0.06902036, 0.12545818]], "atomic quadrupole moments": [[0.11512854, 0.08696274, -0.07287462, -0.1279814, -0.06644266, -0.04225392], [0.19134547, -0.06150226, -0.06312004, -0.09989885, -0.07976475, -0.12822543], [0.02946177, -0.16499909, -0.10173273, 0.10856153, -0.02268657, 0.07227095], [0.04198647, -0.16758643, -0.10641677, 0.10774042, -0.01779872, 0.0644303], [0.1561434, -0.0643381, -0.05084148, -0.08186168, -0.03994552, -0.10530191], [0.07823426, -0.19470548, -0.02423787, 0.14883111, -0.32570528, -0.05399639], [0.00557938, -0.25104116, 0.02247927, 0.24153398, -0.26687111, -0.02805865], [-0.00334989, -0.27289269, 0.02512856, 0.25346961, -0.26244515, -0.02177868], [-0.00275053, -0.2691569, 0.02242095, 0.24727365, -0.25957881, -0.01967042], [-0.00658293, -0.27628194, 0.02377995, 0.25148574, -0.26168072, -0.01719702], [0.00193356, -0.26849157, 0.01732294, 0.23237874, -0.26563017, -0.0192565], [-0.02623028, 0.01199427, -0.04748056, 0.02730133, 0.00076384, 0.07371083], [0.03201198, -0.05527598, 0.0019566, 0.01495762, -0.0306323, -0.03396858], [-0.0377303, 0.01827352, 0.06499674, -0.00644523, 0.04002544, -0.02726644], [-0.00328398, -0.00522848, -0.05029629, 0.01372367, 0.00263173, 0.05358027], [-0.01075135, 0.01962368, 0.03157747, 0.001297, 0.04050742, -0.02082612], [-0.02507007, 0.02325484, 0.05011144, 0.01758949, 0.01240152, -0.02504137], [0.03010275, 0.02369644, -0.02305017, -0.02630955, -0.02801339, -0.00705258], [-0.02358929, 0.02403585, 0.04738189, 0.01780937, 0.01352519, -0.02379259], [0.02925234, 0.02423534, -0.02278143, -0.0235373, -0.03025859, -0.00647091], [-0.01129044, 0.01732588, 0.02770528, 0.00160416, 0.04730508, -0.01641484], [-0.01134041, 0.00336285, -0.0465795, 0.01790879, 0.00375979, 0.05791991], [0.00469185, 0.03572103, -0.0052992, -0.03565372, 0.02985239, 0.00060735], [0.00256417, 0.03991225, -0.00110025, -0.03151314, 0.03292632, -0.00146392], [-0.00289924, 0.03470311, -0.00121567, -0.03096977, 0.03830763, 0.0041149], [0.00158353, 0.03364537, -0.00702289, -0.03708516, 0.03358592, 0.00543936], [0.00463599, 0.0373252, -0.00535018, -0.03476168, 0.02975045, 0.00071419]], "number of molecular orbitals": 60, "number of electrons": 60, "number of unpaired electrons": 0, "orbital energies/eV": [-17.30741705, -16.96514891, -16.75312886, -16.46506061, -16.38181465, -15.96840335, -15.55219289, -15.37981686, -15.10344123, -14.88785626, -14.22604246, -13.87818697, -13.70997964, -13.65157711, -13.36135039, -13.1857546, -13.03726756, -12.82980504, -12.82658995, -12.54766418, -12.41681471, -12.36120184, -11.89601084, -11.705736, -11.56283301, -11.48538513, -11.30011204, -11.18108597, -10.77534715, -10.55723421, -5.96894939, -5.93154579, -2.56050369, 1.9675848, 2.45232506, 2.88835919, 3.03923046, 3.23893823, 3.76079866, 3.82807236, 3.90901446, 4.09091801, 4.46851883, 4.81069338, 4.91968969, 5.10472952, 5.20238332, 5.35816856, 6.08828392, 6.30422636, 6.79964949, 7.25398421, 7.92477363, 8.09620087, 10.6031915, 10.84198234, 11.65793189, 12.01221555, 16.50818227, 17.35298531], "fractional occupation": [2.0, 2.0, 2.0, 2.0, 2.0, 2.0, 2.0, 2.0, 2.0, 2.0, 2.0, 2.0, 2.0, 2.0, 2.0, 2.0, 2.0, 2.0, 2.0, 2.0, 2.0, 2.0, 2.0, 2.0, 2.0, 2.0, 2.0, 2.0, 2.0, 2.0, 0.0, 0.0, 0.0, 0.0, 0.0, 0.0, 0.0, 0.0, 0.0, 0.0, 0.0, 0.0, 0.0, 0.0, 0.0, 0.0, 0.0, 0.0, 0.0, 0.0, 0.0, 0.0, 0.0, 0.0, 0.0, 0.0, 0.0, 0.0, 0.0, 0.0], "program call": "xtb /home/svss/Project-DBcg-Debug/aqme2_20220329/End-to-End-workflows-final/example-3/QDESCP/mol_448_rdkit_conf_7/mol_448_rdkit_conf_7.xyz --pop --wbo --acc 0.2 --gfn 2 --chrg 0 --uhf 0 --etemp 300 --input /home/svss/Project-DBcg-Debug/aqme2_20220329/End-to-End-workflows-final/example-3/QDESCP/mol_448_rdkit_conf_7/mol_448_rdkit_conf_7_xtb.inp", "method": "GFN2-xTB", "xtb version": "6.3.3 (7355c4f)", "Dipole module/D": 0.521, "Total charge": 0, "Transition dipole module/D": NaN, "HOMO": -10.5572, "LUMO": -5.9689, "HOMO occupancy": 2.0, "LUMO occupancy": 0, "mulliken charges": [-0.08526, -0.03865, -0.04822, -0.04164, -0.04862, 0.00832, -0.04184, -0.02707, -0.03372, -0.02694, -0.04172, 0.02633, 0.02828, 0.02692, 0.02386, 0.02282, 0.02296, 0.02482, 0.02454, 0.02525, 0.02799, 0.03201, 0.02778, 0.02795, 0.02778, 0.028, 0.02808], "cm5 charges": [-0.23576, -0.1511, -0.15827, -0.15105, -0.15236, -0.00755, -0.09546, -0.08247, -0.08912, -0.08232, -0.09515, 0.07806, 0.07905, 0.07833, 0.07808, 0.07743, 0.07831, 0.08084, 0.08031, 0.0808, 0.08378, 0.0872, 0.08402, 0.08335, 0.0832, 0.08341, 0.08445], "FUKUI+": [0.009, 0.004, 0.004, 0.008, 0.018, -0.084, -0.052, -0.057, -0.061, -0.054, -0.056, -0.004, -0.018, -0.009, -0.015, -0.006, -0.013, 0.014, -0.013, -0.04, -0.043, -0.047, -0.095, -0.097, -0.099, -0.096, -0.096], "FUKUI-": [0.016, 0.003, 0.0, -0.003, 0.007, -0.046, -0.023, -0.026, -0.052, -0.024, -0.024, -0.06, -0.05, -0.04, -0.088, -0.045, -0.034, -0.026, -0.031, -0.043, -0.044, -0.082, -0.051, -0.06, -0.066, -0.059, -0.051], "FUKUIrad": [0.013, 0.004, 0.002, 0.003, 0.012, -0.065, -0.038, -0.042, -0.056, -0.039, -0.04, -0.032, -0.034, -0.025, -0.052, -0.026, -0.023, -0.006, -0.022, -0.041, -0.044, -0.065, -0.073, -0.078, -0.082, -0.077, -0.073], "s proportion": [1.007, 1.027, 1.031, 1.032, 1.031, 1.089, 1.063, 1.06, 1.059, 1.06, 1.062, 0.974, 0.972, 0.973, 0.976, 0.977, 0.977, 0.975, 0.975, 0.975, 0.972, 0.968, 0.972, 0.972, 0.972, 0.972, 0.972], "p proportion": [3.078, 3.012, 3.017, 3.01, 3.017, 2.902, 2.979, 2.967, 2.975, 2.967, 2.98, 0.0, 0.0, 0.0, 0.0, 0.0, 0.0, 0.0, 0.0, 0.0, 0.0, 0.0, 0.0, 0.0, 0.0, 0.0, 0.0], "d proportion": [0.0, 0.0, 0.0, 0.0, 0.0, 0.0, 0.0, 0.0, 0.0, 0.0, 0.0, 0.0, 0.0, 0.0, 0.0, 0.0, 0.0, 0.0, 0.0, 0.0, 0.0, 0.0, 0.0, 0.0, 0.0, 0.0, 0.0], "Fermi-level/eV": -8.2631, "Coordination numbers": [3.749, 3.799, 3.8, 3.799, 3.804, 2.961, 2.915, 2.911, 2.912, 2.911, 2.915, 0.924, 0.924, 0.924, 0.924, 0.924, 0.924, 0.924, 0.924, 0.924, 0.924, 0.924, 0.925, 0.925, 0.925, 0.925, 0.925], "Dispersion coefficient C6": [22.462, 21.498, 21.587, 21.512, 21.669, 27.697, 28.951, 28.789, 28.841, 28.785, 28.917, 2.552, 2.586, 2.545, 2.621, 2.611, 2.583, 2.601, 2.565, 2.546, 2.539, 2.522, 2.624, 2.633, 2.644, 2.632, 2.615], "Total dispersion C6": 6572.249585, "Total dispersion C8": 149846.424934, "Polarizability alpha": [6.759, 6.602, 6.615, 6.604, 6.627, 8.632, 8.823, 8.798, 8.806, 8.798, 8.818, 2.498, 2.515, 2.495, 2.532, 2.527, 2.513, 2.522, 2.504, 2.495, 2.492, 2.484, 2.533, 2.538, 2.543, 2.537, 2.529], "Total polarizability alpha": 126.138861, "Wiberg matrix": [[0.0, 1.0210350416166507, 0.0, 0.0, 0.0, 0.0, 0.0, 0.0, 0.0, 0.0, 0.0, 0.9859321504844106, 0.9872914359009267, 0.9873853475970333, 0.0, 0.0, 0.0, 0.0, 0.0, 0.0, 0.0, 0.0, 0.0, 0.0, 0.0, 0.0, 0.0], [1.0210350416166507, 0.0, 1.006582812319001, 0.0, 0.0, 0.0, 0.0, 0.0, 0.0, 0.0, 0.0, 0.0, 0.0, 0.0, 0.978118016293106, 0.9778997538478833, 0.0, 0.0, 0.0, 0.0, 0.0, 0.0, 0.0, 0.0, 0.0, 0.0, 0.0], [0.0, 1.006582812319001, 0.0, 1.008730217657998, 0.0, 0.0, 0.0, 0.0, 0.0, 0.0, 0.0, 0.0, 0.0, 0.0, 0.0, 0.0, 0.9770041454627694, 0.9769515261423978, 0.0, 0.0, 0.0, 0.0, 0.0, 0.0, 0.0, 0.0, 0.0], [0.0, 0.0, 1.008730217657998, 0.0, 0.9917375677764508, 0.0, 0.0, 0.0, 0.0, 0.0, 0.0, 0.0, 0.0, 0.0, 0.0, 0.0, 0.0, 0.0, 0.9766242319144021, 0.9745947559087733, 0.0, 0.0, 0.0, 0.0, 0.0, 0.0, 0.0], [0.0, 0.0, 0.0, 0.9917375677764508, 0.0, 1.0122149641346154, 0.0, 0.0, 0.0, 0.0, 0.0, 0.0, 0.0, 0.0, 0.0, 0.0, 0.0, 0.0, 0.0, 0.0, 0.9751259433204581, 0.9672007236827123, 0.0, 0.0, 0.0, 0.0, 0.0], [0.0, 0.0, 0.0, 0.0, 1.0122149641346154, 0.0, 1.4134435239493128, 0.0, 0.1092384282513418, 0.0, 1.4098533683826526, 0.0, 0.0, 0.0, 0.0, 0.0, 0.0, 0.0, 0.0, 0.0, 0.0, 0.0, 0.0, 0.0, 0.0, 0.0, 0.0], [0.0, 0.0, 0.0, 0.0, 0.0, 1.4134435239493128, 0.0, 1.4418423963714269, 0.0, 0.11047153297222466, 0.0, 0.0, 0.0, 0.0, 0.0, 0.0, 0.0, 0.0, 0.0, 0.0, 0.0, 0.0, 0.9696378020357415, 0.0, 0.0, 0.0, 0.0], [0.0, 0.0, 0.0, 0.0, 0.0, 0.0, 1.4418423963714269, 0.0, 1.4399205664530663, 0.0, 0.11197553905113061, 0.0, 0.0, 0.0, 0.0, 0.0, 0.0, 0.0, 0.0, 0.0, 0.0, 0.0, 0.0, 0.9715835723608017, 0.0, 0.0, 0.0], [0.0, 0.0, 0.0, 0.0, 0.0, 0.1092384282513418, 0.0, 1.4399205664530663, 0.0, 1.436504367376599, 0.0, 0.0, 0.0, 0.0, 0.0, 0.0, 0.0, 0.0, 0.0, 0.0, 0.0, 0.0, 0.0, 0.0, 0.9717006269970156, 0.0, 0.0], [0.0, 0.0, 0.0, 0.0, 0.0, 0.0, 0.11047153297222466, 0.0, 1.436504367376599, 0.0, 1.4465761020835912, 0.0, 0.0, 0.0, 0.0, 0.0, 0.0, 0.0, 0.0, 0.0, 0.0, 0.0, 0.0, 0.0, 0.0, 0.9715857607555417, 0.0], [0.0, 0.0, 0.0, 0.0, 0.0, 1.4098533683826526, 0.0, 0.11197553905113061, 0.0, 1.4465761020835912, 0.0, 0.0, 0.0, 0.0, 0.0, 0.0, 0.0, 0.0, 0.0, 0.0, 0.0, 0.0, 0.0, 0.0, 0.0, 0.0, 0.9698553656355506], [0.9859321504844106, 0.0, 0.0, 0.0, 0.0, 0.0, 0.0, 0.0, 0.0, 0.0, 0.0, 0.0, 0.0, 0.0, 0.0, 0.0, 0.0, 0.0, 0.0, 0.0, 0.0, 0.0, 0.0, 0.0, 0.0, 0.0, 0.0], [0.9872914359009267, 0.0, 0.0, 0.0, 0.0, 0.0, 0.0, 0.0, 0.0, 0.0, 0.0, 0.0, 0.0, 0.0, 0.0, 0.0, 0.0, 0.0, 0.0, 0.0, 0.0, 0.0, 0.0, 0.0, 0.0, 0.0, 0.0], [0.9873853475970333, 0.0, 0.0, 0.0, 0.0, 0.0, 0.0, 0.0, 0.0, 0.0, 0.0, 0.0, 0.0, 0.0, 0.0, 0.0, 0.0, 0.0, 0.0, 0.0, 0.0, 0.0, 0.0, 0.0, 0.0, 0.0, 0.0], [0.0, 0.978118016293106, 0.0, 0.0, 0.0, 0.0, 0.0, 0.0, 0.0, 0.0, 0.0, 0.0, 0.0, 0.0, 0.0, 0.0, 0.0, 0.0, 0.0, 0.0, 0.0, 0.0, 0.0, 0.0, 0.0, 0.0, 0.0], [0.0, 0.9778997538478833, 0.0, 0.0, 0.0, 0.0, 0.0, 0.0, 0.0, 0.0, 0.0, 0.0, 0.0, 0.0, 0.0, 0.0, 0.0, 0.0, 0.0, 0.0, 0.0, 0.0, 0.0, 0.0, 0.0, 0.0, 0.0], [0.0, 0.0, 0.9770041454627694, 0.0, 0.0, 0.0, 0.0, 0.0, 0.0, 0.0, 0.0, 0.0, 0.0, 0.0, 0.0, 0.0, 0.0, 0.0, 0.0, 0.0, 0.0, 0.0, 0.0, 0.0, 0.0, 0.0, 0.0], [0.0, 0.0, 0.9769515261423978, 0.0, 0.0, 0.0, 0.0, 0.0, 0.0, 0.0, 0.0, 0.0, 0.0, 0.0, 0.0, 0.0, 0.0, 0.0, 0.0, 0.0, 0.0, 0.0, 0.0, 0.0, 0.0, 0.0, 0.0], [0.0, 0.0, 0.0, 0.9766242319144021, 0.0, 0.0, 0.0, 0.0, 0.0, 0.0, 0.0, 0.0, 0.0, 0.0, 0.0, 0.0, 0.0, 0.0, 0.0, 0.0, 0.0, 0.0, 0.0, 0.0, 0.0, 0.0, 0.0], [0.0, 0.0, 0.0, 0.9745947559087733, 0.0, 0.0, 0.0, 0.0, 0.0, 0.0, 0.0, 0.0, 0.0, 0.0, 0.0, 0.0, 0.0, 0.0, 0.0, 0.0, 0.0, 0.0, 0.0, 0.0, 0.0, 0.0, 0.0], [0.0, 0.0, 0.0, 0.0, 0.9751259433204581, 0.0, 0.0, 0.0, 0.0, 0.0, 0.0, 0.0, 0.0, 0.0, 0.0, 0.0, 0.0, 0.0, 0.0, 0.0, 0.0, 0.0, 0.0, 0.0, 0.0, 0.0, 0.0], [0.0, 0.0, 0.0, 0.0, 0.9672007236827123, 0.0, 0.0, 0.0, 0.0, 0.0, 0.0, 0.0, 0.0, 0.0, 0.0, 0.0, 0.0, 0.0, 0.0, 0.0, 0.0, 0.0, 0.0, 0.0, 0.0, 0.0, 0.0], [0.0, 0.0, 0.0, 0.0, 0.0, 0.0, 0.9696378020357415, 0.0, 0.0, 0.0, 0.0, 0.0, 0.0, 0.0, 0.0, 0.0, 0.0, 0.0, 0.0, 0.0, 0.0, 0.0, 0.0, 0.0, 0.0, 0.0, 0.0], [0.0, 0.0, 0.0, 0.0, 0.0, 0.0, 0.0, 0.9715835723608017, 0.0, 0.0, 0.0, 0.0, 0.0, 0.0, 0.0, 0.0, 0.0, 0.0, 0.0, 0.0, 0.0, 0.0, 0.0, 0.0, 0.0, 0.0, 0.0], [0.0, 0.0, 0.0, 0.0, 0.0, 0.0, 0.0, 0.0, 0.9717006269970156, 0.0, 0.0, 0.0, 0.0, 0.0, 0.0, 0.0, 0.0, 0.0, 0.0, 0.0, 0.0, 0.0, 0.0, 0.0, 0.0, 0.0, 0.0], [0.0, 0.0, 0.0, 0.0, 0.0, 0.0, 0.0, 0.0, 0.0, 0.9715857607555417, 0.0, 0.0, 0.0, 0.0, 0.0, 0.0, 0.0, 0.0, 0.0, 0.0, 0.0, 0.0, 0.0, 0.0, 0.0, 0.0, 0.0], [0.0, 0.0, 0.0, 0.0, 0.0, 0.0, 0.0, 0.0, 0.0, 0.0, 0.9698553656355506, 0.0, 0.0, 0.0, 0.0, 0.0, 0.0, 0.0, 0.0, 0.0, 0.0, 0.0, 0.0, 0.0, 0.0, 0.0, 0.0]], "Born radii": [], "Atomic SASAs": [], "Solvent H bonds": [], "Total SASA": NaN, "Total FOD": 0.0, "FOD": [0.0, 0.0, 0.0, 0.0, 0.0, 0.0, 0.0, 0.0, 0.0, 0.0, 0.0, 0.0, 0.0, 0.0, 0.0, 0.0, 0.0, 0.0, 0.0, 0.0, 0.0, 0.0, 0.0, 0.0, 0.0, 0.0, 0.0], "FOD s proportion": [0.0, 0.0, 0.0, 0.0, 0.0, 0.0, 0.0, 0.0, 0.0, 0.0, 0.0, 0.0, 0.0, 0.0, 0.0, 0.0, 0.0, 0.0, 0.0, 0.0, 0.0, 0.0, 0.0, 0.0, 0.0, 0.0, 0.0], "FOD p proportion": [0.0, 0.0, 0.0, 0.0, 0.0, 0.0, 0.0, 0.0, 0.0, 0.0, 0.0, 0.0, 0.0, 0.0, 0.0, 0.0, 0.0, 0.0, 0.0, 0.0, 0.0, 0.0, 0.0, 0.0, 0.0, 0.0, 0.0], "FOD d proportion": [0.0, 0.0, 0.0, 0.0, 0.0, 0.0, 0.0, 0.0, 0.0, 0.0, 0.0, 0.0, 0.0, 0.0, 0.0, 0.0, 0.0, 0.0, 0.0, 0.0, 0.0, 0.0, 0.0, 0.0, 0.0, 0.0, 0.0], "coordinates": [["-3.94350", "0.27930", "-0.03710"], ["-2.70670", "0.79620", "-0.75550"], ["-1.48190", "-0.10830", "-0.59620"], ["-0.95900", "-0.17150", "0.84310"], ["0.28020", "-1.06320", "0.99050"], ["1.51450", "-0.51290", "0.31940"], ["2.01730", "-1.10780", "-0.84550"], ["3.15670", "-0.59470", "-1.46780"], ["3.80490", "0.51630", "-0.93180"], ["3.31460", "1.11520", "0.22690"], ["2.17540", "0.60350", "0.85010"], ["-3.81250", "0.29220", "1.04870"], ["-4.80580", "0.91130", "-0.27310"], ["-4.17920", "-0.74390", "-0.34630"], ["-2.93700", "0.88140", "-1.82430"], ["-2.47340", "1.80670", "-0.40050"], ["-1.72320", "-1.11890", "-0.94730"], ["-0.69550", "0.27690", "-1.25560"], ["-0.74470", "0.84220", "1.20250"], ["-1.73970", "-0.58050", "1.49480"], ["0.05870", "-2.06840", "0.61030"], ["0.50310", "-1.19220", "2.05770"], ["1.52200", "-1.97380", "-1.27850"], ["3.53800", "-1.06240", "-2.37160"], ["4.69170", "0.91510", "-1.41690"], ["3.81950", "1.98130", "0.64620"], ["1.80540", "1.08070", "1.75470"]], "bond_dist": [[0.0, 1.5208413493852668, 2.553879623239905, 3.144075846731436, 4.549495543464133, 5.5267021893711625, 6.173223923526507, 7.295451907181624, 7.803483814938043, 7.3108440292486065, 6.191378415991062, 1.0937499942857143, 1.0948430435455119, 1.0945763427006816, 2.1376740864781048, 2.1508612995728016, 2.777257526769889, 3.4690419441107943, 3.4764617084041065, 2.818281052343786, 4.684914822064538, 5.13086258342591, 6.040631077958659, 7.9512823739318925, 8.767825769254312, 7.976708086046524, 6.074754349765922], [1.5208413493852668, 0.0, 1.530892478262272, 2.558597377470711, 3.927780030755287, 4.5483713854521595, 5.094064389070872, 6.068066715190268, 6.519996952453275, 6.109249090518409, 5.142954895777329, 2.175303951175559, 2.156890952273665, 2.1697024911263756, 1.0966451431525148, 1.0961588114867298, 2.1614040575514797, 2.1365153732187374, 2.7722416922050646, 2.80966937200803, 4.209368118851095, 4.7085714224167825, 5.082158270853044, 6.712857160702884, 7.428856556025295, 6.779418215451825, 5.171178850126923], [2.553879623239905, 1.530892478262272, 0.0, 1.5326457973060832, 2.556256503170212, 3.1591830399646046, 3.6476775323484945, 4.744774123180155, 5.3341359900175025, 5.0180532191279115, 3.996784485057957, 2.8805889363114616, 3.4917458355384343, 2.7824206475657127, 2.1459384217633084, 2.165316544988284, 1.0967266113302803, 1.096180806254151, 2.1638474484122026, 2.1591004330507646, 2.7696719336412388, 3.4868681391758996, 3.601255163134098, 5.40941290529758, 6.311436683513509, 5.832223236468233, 4.212694280386366], [3.144075846731436, 2.558597377470711, 1.5326457973060832, 0.0, 1.5337771317893614, 2.5512776995066613, 3.5477301673041595, 4.739023479578888, 5.130115209232634, 4.505436304066456, 3.2287981293354346, 2.8982324440941585, 4.149244331200562, 3.480230187789308, 3.483691313822164, 2.7844610896904265, 2.164971260779228, 2.162183271603034, 1.0966679260377774, 1.0961233415998402, 2.1652110151206974, 2.1575027369623427, 3.7289184557992145, 5.599197076367289, 6.182128278352042, 5.244747820439034, 3.1687421416076123], [4.549495543464133, 3.927780030755287, 2.556256503170212, 1.5337771317893614, 0.0, 1.5088743453316449, 2.527924360023456, 3.812739617388001, 4.314344403266851, 3.812623097029131, 2.5277231039020074, 4.311692207242999, 5.600243852726415, 4.66639422788088, 4.696269161792156, 4.2134926094630805, 2.787791758722305, 2.791562951108214, 2.1739165508363008, 2.1371274622726646, 1.0972881709013362, 1.0978348008694205, 2.7421926628156528, 4.681557207810239, 5.40097934637784, 4.681257013879926, 2.7398072724189926], [5.5267021893711625, 4.5483713854521595, 3.1591830399646046, 2.5512776995066613, 1.5088743453316449, 0.0, 1.4013228964089612, 2.4284966378399617, 2.805474334225854, 2.42891454563556, 1.401706196033962, 5.436634390870881, 6.505812322838708, 5.73713667084897, 5.133748574871971, 4.669276879774854, 3.529088576389094, 2.826395060850482, 2.778515117828226, 3.4606289254989475, 2.1502457301434177, 2.12274947650447, 2.1650795528109357, 3.411448885737554, 3.8921101641654494, 3.4118699975233526, 2.1643174120262487], [6.173223923526507, 5.094064389070872, 3.6476775323484945, 3.5477301673041595, 2.527924360023456, 1.4013228964089612, 0.0, 1.3959803938451283, 2.4167462134034676, 2.7883253127997816, 2.4142499166407774, 6.287651523422717, 7.138564294029997, 6.22721736412019, 5.427711725027407, 5.372031435127684, 3.741901481867207, 3.0732490852516334, 3.9529037428199536, 4.457588852731934, 2.62263607082645, 3.2754381752675474, 1.0875509597255664, 2.15489462851435, 3.4016228083078226, 3.875000972903104, 3.4052127539993737], [7.295451907181624, 6.068066715190268, 4.744774123180155, 4.739023479578888, 3.812739617388001, 2.4284966378399617, 1.3959803938451283, 0.0, 1.3934777500914752, 2.41261238287463, 2.7877039548703872, 7.462513819082682, 8.191260607501142, 7.422631049701985, 6.280059167714902, 6.2132018525072885, 4.935496925335888, 3.955269932634181, 4.941265592942764, 5.722930487084392, 4.010971864772926, 4.452836114208561, 2.1470899818125924, 1.0867324509740195, 2.153674035224458, 3.3976574047422736, 3.875239747422087], [7.803483814938043, 6.519996952453275, 5.3341359900175025, 5.130115209232634, 4.314344403266851, 2.805474334225854, 2.4167462134034676, 1.3934777500914752, 0.0, 1.3934349608072851, 2.4162039855939317, 7.873841744663148, 8.644886649343645, 8.104120377931215, 6.810511718659619, 6.43152102849707, 5.764894526355187, 4.518380125664507, 5.035901851704419, 6.150930576750155, 4.8054927884661325, 4.770530970447629, 3.395943360835101, 2.1532657383611524, 1.086635950997389, 2.153258498183625, 3.3961492693932045], [7.3108440292486065, 6.109249090518409, 5.0180532191279115, 4.505436304066456, 3.812623097029131, 2.42891454563556, 2.7883253127997816, 2.41261238287463, 1.3934349608072851, 0.0, 1.395704757461262, 7.221373737039236, 8.138333451634923, 7.742212183219987, 6.5836605653693905, 5.862827560998191, 5.634658577944186, 4.356771184030669, 4.183806980490377, 5.479864723695284, 4.569812833147546, 4.071910565078757, 3.875766365507601, 3.3976538331619364, 2.1537230230463713, 1.0866764513874405, 2.1478006727813455], [6.191378415991062, 5.142954895777329, 3.996784485057957, 3.2287981293354346, 2.5277231039020074, 1.401706196033962, 2.4142499166407774, 2.7877039548703872, 2.4162039855939317, 1.395704757461262, 0.0, 5.9992746278196, 7.0776742309885945, 6.605134433151227, 5.776355038430376, 4.962160017572992, 4.625623253141137, 3.5752911573744592, 2.9509570413681048, 4.1407127526550305, 3.4171585476825626, 2.7348534768795205, 3.40592789266009, 3.8744357602107686, 3.401198207984945, 2.1547558701625578, 1.0876217173263873], [1.0937499942857143, 2.175303951175559, 2.8805889363114616, 2.8982324440941585, 4.311692207242999, 5.436634390870881, 6.287651523422717, 7.462513819082682, 7.873841744663148, 7.221373737039236, 5.9992746278196, 0.0, 1.7655268165621274, 1.7759496332948186, 3.0606838925312103, 2.4873841078530674, 3.215648255017952, 3.8763025655900494, 3.120504971955661, 2.2928389258733377, 4.555306395842106, 4.673962742684198, 6.245598937652018, 8.21968633829783, 8.87629457656741, 7.827035777355307, 5.716727093363824], [1.0948430435455119, 2.156890952273665, 3.4917458355384343, 4.149244331200562, 5.600243852726415, 6.505812322838708, 7.138564294029997, 8.191260607501142, 8.644886649343645, 8.138333451634923, 7.0776742309885945, 1.7655268165621274, 0.0, 1.7713477467736254, 2.4288945819034633, 2.501611816409572, 3.7521567717780657, 4.273445413246787, 4.321423767695086, 3.840821117938194, 5.772552979401748, 6.167800264275749, 7.02678333307638, 8.827128206840547, 9.566127697767785, 8.739897744253076, 6.917270750809164], [1.0945763427006816, 2.1697024911263756, 2.7824206475657127, 3.480230187789308, 4.66639422788088, 5.73713667084897, 6.22721736412019, 7.422631049701985, 8.104120377931215, 7.742212183219987, 6.605134433151227, 1.7759496332948186, 1.7713477467736254, 0.0, 2.523716491605188, 3.068917014192466, 2.5561224540307137, 3.742328796351277, 4.087821534754178, 3.060638662109593, 4.541935734904227, 5.282435250904642, 5.906380642153027, 7.984889365545399, 9.087977342071227, 8.508288487116547, 6.599909341801597], [2.1376740864781048, 1.0966451431525148, 2.1459384217633084, 3.483691313822164, 4.696269161792156, 5.133748574871971, 5.427711725027407, 6.280059167714902, 6.810511718659619, 6.5836605653693905, 5.776355038430376, 3.0606838925312103, 2.4288945819034633, 2.523716491605188, 0.0, 1.7602021162355193, 2.498727582190584, 2.3902222051516464, 3.737543868638868, 3.8193067054113365, 4.858272912260076, 5.586056656533301, 5.322851273518733, 6.782589529818238, 7.639644896197728, 7.2775986774484895, 5.944688322359718], [2.1508612995728016, 1.0961588114867298, 2.165316544988284, 2.7844610896904265, 4.2134926094630805, 4.669276879774854, 5.372031435127684, 6.2132018525072885, 6.43152102849707, 5.862827560998191, 4.962160017572992, 2.4873841078530674, 2.501611816409572, 3.068917014192466, 1.7602021162355193, 0.0, 3.0693526418448567, 2.496480013939627, 2.547208852842656, 3.135155756896298, 4.738105851498043, 4.888322892362983, 5.570124362166432, 6.946502715755606, 7.291548363002195, 6.381743998312686, 4.84562611847014], [2.777257526769889, 2.1614040575514797, 1.0967266113302803, 2.164971260779228, 2.787791758722305, 3.529088576389094, 3.741901481867207, 4.935496925335888, 5.764894526355187, 5.634658577944186, 4.625623253141137, 3.215648255017952, 3.7521567717780657, 2.5561224540307137, 2.498727582190584, 3.0693526418448567, 0.0, 1.760532254745706, 3.0700188110172877, 2.5007997160908344, 2.5500658069940076, 3.7405627357391027, 3.372220409463177, 5.450875909429603, 6.746007869103029, 6.547671767888186, 4.958836770856649], [3.4690419441107943, 2.1365153732187374, 1.096180806254151, 2.162183271603034, 2.791562951108214, 2.826395060850482, 3.0732490852516334, 3.955269932634181, 4.518380125664507, 4.356771184030669, 3.5752911573744592, 3.8763025655900494, 4.273445413246787, 3.742328796351277, 2.3902222051516464, 2.496480013939627, 1.760532254745706, 0.0, 2.522744604592387, 3.0643414561696614, 3.0904421269455926, 3.8174407212162444, 3.1596647211373554, 4.578395214482908, 5.427268260368193, 5.187200362430587, 3.9953099178912264], [3.4764617084041065, 2.7722416922050646, 2.1638474484122026, 1.0966679260377774, 2.1739165508363008, 2.778515117828226, 3.9529037428199536, 4.941265592942764, 5.035901851704419, 4.183806980490377, 2.9509570413681048, 3.120504971955661, 4.321423767695086, 4.087821534754178, 3.737543868638868, 2.547208852842656, 3.0700188110172877, 2.522744604592387, 0.0, 1.7605509308168281, 3.07697006160281, 2.5351834726504507, 4.3844208157976805, 5.894337219738959, 6.034982661946925, 4.736975843299183, 2.6200795980275102], [2.818281052343786, 2.80966937200803, 2.1591004330507646, 1.0961233415998402, 2.1371274622726646, 3.4606289254989475, 4.457588852731934, 5.722930487084392, 6.150930576750155, 5.479864723695284, 4.1407127526550305, 2.2928389258733377, 3.840821117938194, 3.060638662109593, 3.8193067054113365, 3.135155756896298, 2.5007997160908344, 3.0643414561696614, 1.7605509308168281, 0.0, 2.496082775069769, 2.3918999017517435, 4.50235101585827, 6.560136725709304, 7.216489604371366, 6.179615347252611, 3.923629373424559], [4.684914822064538, 4.209368118851095, 2.7696719336412388, 2.1652110151206974, 1.0972881709013362, 2.1502457301434177, 2.62263607082645, 4.010971864772926, 4.8054927884661325, 4.569812833147546, 3.4171585476825626, 4.555306395842106, 5.772552979401748, 4.541935734904227, 4.858272912260076, 4.738105851498043, 2.5500658069940076, 3.0904421269455926, 3.07697006160281, 2.496082775069769, 0.0, 1.749338320622972, 2.391184118799721, 4.691406196440466, 5.871584206157653, 5.526750902655193, 3.778550391353806], [5.13086258342591, 4.7085714224167825, 3.4868681391758996, 2.1575027369623427, 1.0978348008694205, 2.12274947650447, 3.2754381752675474, 4.452836114208561, 4.770530970447629, 4.071910565078757, 2.7348534768795205, 4.673962742684198, 6.167800264275749, 5.282435250904642, 5.586056656533301, 4.888322892362983, 3.7405627357391027, 3.8174407212162444, 2.5351834726504507, 2.3918999017517435, 1.749338320622972, 0.0, 3.5748127517395925, 5.370862550838552, 5.835917101021913, 4.802285233094761, 2.637018903989882], [6.040631077958659, 5.082158270853044, 3.601255163134098, 3.7289184557992145, 2.7421926628156528, 2.1650795528109357, 1.0875509597255664, 2.1470899818125924, 3.395943360835101, 3.875766365507601, 3.40592789266009, 6.245598937652018, 7.02678333307638, 5.906380642153027, 5.322851273518733, 5.570124362166432, 3.372220409463177, 3.1596647211373554, 4.3844208157976805, 4.50235101585827, 2.391184118799721, 3.5748127517395925, 0.0, 2.4677466583910106, 4.290908512191795, 4.962438145710231, 4.313999078581265], [7.9512823739318925, 6.712857160702884, 5.40941290529758, 5.599197076367289, 4.681557207810239, 3.411448885737554, 2.15489462851435, 1.0867324509740195, 2.1532657383611524, 3.3976538331619364, 3.8744357602107686, 8.21968633829783, 8.827128206840547, 7.984889365545399, 6.782589529818238, 6.946502715755606, 5.450875909429603, 4.578395214482908, 5.894337219738959, 6.560136725709304, 4.691406196440466, 5.370862550838552, 2.4677466583910106, 0.0, 2.4805205159401527, 4.295400886995299, 4.9619685670104765], [8.767825769254312, 7.428856556025295, 6.311436683513509, 6.182128278352042, 5.40097934637784, 3.8921101641654494, 3.4016228083078226, 2.153674035224458, 1.086635950997389, 2.1537230230463713, 3.401198207984945, 8.87629457656741, 9.566127697767785, 9.087977342071227, 7.639644896197728, 7.291548363002195, 6.746007869103029, 5.427268260368193, 6.034982661946925, 7.216489604371366, 5.871584206157653, 5.835917101021913, 4.290908512191795, 2.4805205159401527, 0.0, 2.480704917961828, 4.291526256473331], [7.976708086046524, 6.779418215451825, 5.832223236468233, 5.244747820439034, 4.681257013879926, 3.4118699975233526, 3.875000972903104, 3.3976574047422736, 2.153258498183625, 1.0866764513874405, 2.1547558701625578, 7.827035777355307, 8.739897744253076, 8.508288487116547, 7.2775986774484895, 6.381743998312686, 6.547671767888186, 5.187200362430587, 4.736975843299183, 6.179615347252611, 5.526750902655193, 4.802285233094761, 4.962438145710231, 4.295400886995299, 2.480704917961828, 0.0, 2.4690993135149504], [6.074754349765922, 5.171178850126923, 4.212694280386366, 3.1687421416076123, 2.7398072724189926, 2.1643174120262487, 3.4052127539993737, 3.875239747422087, 3.3961492693932045, 2.1478006727813455, 1.0876217173263873, 5.716727093363824, 6.917270750809164, 6.599909341801597, 5.944688322359718, 4.84562611847014, 4.958836770856649, 3.9953099178912264, 2.6200795980275102, 3.923629373424559, 3.778550391353806, 2.637018903989882, 4.313999078581265, 4.9619685670104765, 4.291526256473331, 2.4690993135149504, 0.0]]}