{"total energy": -23.02290227, "HOMO-LUMO gap/eV": 3.7261283, "electronic energy": -23.32015662, "dipole": [-0.30258581, 0.63248609, -1.0909008], "partial charges": [-0.10164402, -0.04470026, -0.08340599, 0.23127395, -0.36295882, -0.07604255, -0.09709137, 0.03434752, 0.04245246, 0.03944829, 0.03824785, 0.03158539, 0.06146044, 0.04383611, 0.06114368, 0.05214618, 0.04968909, 0.0459978, 0.03421426], "atomic dipole moments": [[0.04970738, -0.00065731, -0.10041801], [0.0573108, -0.06786487, 0.08569777], [-0.01848066, 0.10004541, 0.04581786], [0.00948301, -0.01194521, 0.01122855], [-0.03302915, 0.0702616, -0.14093605], [0.02263111, -0.03933926, 0.07365896], [-0.09751725, -0.02114377, -0.07508493], [-0.10126669, 0.07233644, -0.00548409], [-0.03874449, -0.11603931, 0.03810341], [0.07533224, 0.04990603, 0.09184755], [-0.08175698, -0.03727333, -0.08210431], [0.0271385, 0.11648056, -0.03281143], [-0.02965026, -0.12183054, 0.03486384], [0.04326352, -0.01613152, -0.11651793], [-0.07128276, 0.11071731, 0.00272502], [0.043955, -0.0258901, -0.11946887], [-0.03189883, 0.02850916, 0.12220432], [0.08001528, -0.10192621, 0.00564738], [0.063813, 0.09634896, -0.04606031]], "atomic quadrupole moments": [[-0.04351204, -0.02073418, -0.12555374, -0.1456625, 0.00413808, 0.16906578], [0.05536546, -0.17250042, -0.08821982, -0.12263725, -0.00270691, 0.03285436], [0.13357532, -0.07777579, -0.07894906, 0.13399625, 0.04002575, -0.05462626], [0.06971502, -0.37048322, 0.05352987, -0.26942526, 0.29579217, -0.1232449], [0.02751785, -0.16298208, 0.02354486, -0.11632756, 0.12295354, -0.05106271], [0.05810845, 0.15719596, -0.03164157, 0.11854802, -0.0768827, -0.02646688], [0.12005845, 0.07301507, -0.10927818, 0.17344756, 0.03117854, -0.01078027], [0.03523953, -0.06540365, -0.00725054, 0.00729402, -0.01138032, -0.02798899], [-0.04293862, 0.02721026, 0.06831354, -0.01272124, -0.01891449, -0.02537492], [0.02075845, 0.03547444, -0.032924, 0.0446595, 0.02486189, 0.01216555], [0.01811653, 0.01611884, -0.02550139, 0.02595845, 0.0350403, 0.00738485], [-0.01398971, 0.02827673, 0.04184829, -0.01988181, -0.00983651, -0.02785858], [-0.01080832, 0.0245202, 0.02982516, -0.00639365, -0.03749933, -0.01901684], [-0.01724297, 0.00368389, -0.03936612, -0.03203416, -0.0049863, 0.05660909], [0.01456945, -0.04320874, 0.02699615, 0.01868135, 0.01187896, -0.0415656], [-0.00186627, 0.01240163, -0.05003926, -0.0165335, 0.02901503, 0.05190553], [-0.01193449, -0.0088685, -0.04479269, -0.03409392, 0.02544037, 0.05672718], [-0.00284081, -0.05073827, 0.04360274, 0.00794682, 0.01224971, -0.04076193], [-0.01241206, 0.05041993, 0.02933672, -0.01405263, -0.04699819, -0.01692465]], "number of molecular orbitals": 40, "number of electrons": 42, "number of unpaired electrons": 0, "orbital energies/eV": [-19.03324696, -17.48272333, -17.19837286, -16.64910804, -15.99413362, -15.65344065, -15.19409127, -14.80090683, -14.49445936, -14.23785134, -13.82236345, -13.43629906, -13.3417963, -13.063468, -12.74560122, -12.47464797, -12.24073861, -12.12946243, -12.10640276, -11.93022219, -10.62425164, -6.89812333, 1.43398075, 2.43733797, 2.92233168, 3.43465481, 3.61216894, 3.6340076, 4.0047818, 4.45824516, 4.78823398, 4.86824938, 5.25561492, 5.53376456, 6.29370739, 6.80041265, 7.2099138, 7.5867694, 7.72782374, 15.0461985], "fractional occupation": [2.0, 2.0, 2.0, 2.0, 2.0, 2.0, 2.0, 2.0, 2.0, 2.0, 2.0, 2.0, 2.0, 2.0, 2.0, 2.0, 2.0, 2.0, 2.0, 2.0, 2.0, 0.0, 0.0, 0.0, 0.0, 0.0, 0.0, 0.0, 0.0, 0.0, 0.0, 0.0, 0.0, 0.0, 0.0, 0.0, 0.0, 0.0, 0.0, 0.0], "program call": "xtb /home/svss/Project-DBcg-Debug/aqme2_20220329/End-to-End-workflows-final/example-3/QDESCP/mol_396_rdkit_conf_3/mol_396_rdkit_conf_3.xyz --pop --wbo --acc 0.2 --gfn 2 --chrg 0 --uhf 0 --etemp 300 --input /home/svss/Project-DBcg-Debug/aqme2_20220329/End-to-End-workflows-final/example-3/QDESCP/mol_396_rdkit_conf_3/mol_396_rdkit_conf_3_xtb.inp", "method": "GFN2-xTB", "xtb version": "6.3.3 (7355c4f)", "Dipole module/D": 3.296, "Total charge": 0, "Transition dipole module/D": NaN, "HOMO": -10.6243, "LUMO": -6.8981, "HOMO occupancy": 2.0, "LUMO occupancy": 0, "mulliken charges": [-0.08528, -0.02897, -0.08699, 0.39103, -0.49464, -0.0772, -0.07009, 0.03011, 0.03658, 0.039, 0.03041, 0.02122, 0.0565, 0.03789, 0.04854, 0.04104, 0.04329, 0.04121, 0.02634], "cm5 charges": [-0.2349, -0.14015, -0.18886, 0.40799, -0.54578, -0.18142, -0.21808, 0.08091, 0.08823, 0.09203, 0.08472, 0.07659, 0.11496, 0.09374, 0.10491, 0.09697, 0.09663, 0.09425, 0.07726], "FUKUI+": [0.021, 0.009, 0.022, -0.189, -0.292, 0.027, 0.033, -0.046, -0.025, 0.003, -0.062, -0.032, -0.066, -0.087, -0.098, -0.093, -0.031, -0.031, -0.061], "FUKUI-": [0.023, 0.01, -0.008, -0.036, -0.183, -0.01, 0.021, -0.06, -0.054, -0.065, -0.115, -0.067, -0.068, -0.068, -0.069, -0.066, -0.04, -0.055, -0.092], "FUKUIrad": [0.022, 0.01, 0.007, -0.112, -0.237, 0.009, 0.027, -0.053, -0.04, -0.031, -0.088, -0.05, -0.067, -0.077, -0.084, -0.08, -0.036, -0.043, -0.077], "s proportion": [1.008, 1.026, 1.043, 1.081, 1.74, 1.037, 1.003, 0.97, 0.963, 0.961, 0.97, 0.979, 0.943, 0.962, 0.951, 0.959, 0.957, 0.959, 0.974], "p proportion": [3.077, 3.003, 3.044, 2.528, 4.754, 3.041, 3.067, 0.0, 0.0, 0.0, 0.0, 0.0, 0.0, 0.0, 0.0, 0.0, 0.0, 0.0, 0.0], "d proportion": [0.0, 0.0, 0.0, 0.0, 0.0, 0.0, 0.0, 0.0, 0.0, 0.0, 0.0, 0.0, 0.0, 0.0, 0.0, 0.0, 0.0, 0.0, 0.0], "Fermi-level/eV": -8.7612, "Coordination numbers": [3.749, 3.8, 3.802, 2.812, 0.856, 3.8, 3.75, 0.924, 0.924, 0.924, 0.924, 0.924, 0.924, 0.924, 0.924, 0.924, 0.924, 0.924, 0.924], "Dispersion coefficient C6": [22.506, 21.375, 22.09, 23.154, 20.955, 21.953, 22.417, 2.526, 2.417, 2.456, 2.472, 2.564, 2.182, 2.399, 2.186, 2.293, 2.324, 2.371, 2.527], "Total dispersion C6": 2633.938535, "Total dispersion C8": 56073.616524, "Polarizability alpha": [6.766, 6.583, 6.691, 7.884, 6.137, 6.671, 6.752, 2.485, 2.431, 2.451, 2.459, 2.504, 2.31, 2.422, 2.312, 2.368, 2.384, 2.408, 2.486], "Total polarizability alpha": 76.50542, "Wiberg matrix": [[0.0, 1.0210399097340368, 0.0, 0.0, 0.0, 0.0, 0.0, 0.9866580093122498, 0.986664942623509, 0.9871871310494786, 0.0, 0.0, 0.0, 0.0, 0.0, 0.0, 0.0, 0.0, 0.0], [1.0210399097340368, 0.0, 0.9859620517364016, 0.0, 0.0, 0.0, 0.0, 0.0, 0.0, 0.0, 0.975612775039461, 0.9757664194901102, 0.0, 0.0, 0.0, 0.0, 0.0, 0.0, 0.0], [0.0, 0.9859620517364016, 0.0, 0.9889814070165325, 0.0, 0.0, 0.0, 0.0, 0.0, 0.0, 0.0, 0.0, 0.9713764201982882, 0.9622212205471607, 0.0, 0.0, 0.0, 0.0, 0.0], [0.0, 0.0, 0.9889814070165325, 0.0, 1.8615425854742542, 0.9932381089287298, 0.0, 0.0, 0.0, 0.0, 0.0, 0.0, 0.0, 0.0, 0.0, 0.0, 0.0, 0.0, 0.0], [0.0, 0.0, 0.0, 1.8615425854742542, 0.0, 0.0, 0.0, 0.0, 0.0, 0.0, 0.0, 0.0, 0.0, 0.0, 0.0, 0.0, 0.0, 0.0, 0.0], [0.0, 0.0, 0.0, 0.9932381089287298, 0.0, 0.0, 1.0204759195279334, 0.0, 0.0, 0.0, 0.0, 0.0, 0.0, 0.0, 0.9467803164764281, 0.9578298758052632, 0.0, 0.0, 0.0], [0.0, 0.0, 0.0, 0.0, 0.0, 1.0204759195279334, 0.0, 0.0, 0.0, 0.0, 0.0, 0.0, 0.0, 0.0, 0.0, 0.0, 0.9862619273715518, 0.986654000952758, 0.9868890006295178], [0.9866580093122498, 0.0, 0.0, 0.0, 0.0, 0.0, 0.0, 0.0, 0.0, 0.0, 0.0, 0.0, 0.0, 0.0, 0.0, 0.0, 0.0, 0.0, 0.0], [0.986664942623509, 0.0, 0.0, 0.0, 0.0, 0.0, 0.0, 0.0, 0.0, 0.0, 0.0, 0.0, 0.0, 0.0, 0.0, 0.0, 0.0, 0.0, 0.0], [0.9871871310494786, 0.0, 0.0, 0.0, 0.0, 0.0, 0.0, 0.0, 0.0, 0.0, 0.0, 0.0, 0.0, 0.0, 0.0, 0.0, 0.0, 0.0, 0.0], [0.0, 0.975612775039461, 0.0, 0.0, 0.0, 0.0, 0.0, 0.0, 0.0, 0.0, 0.0, 0.0, 0.0, 0.0, 0.0, 0.0, 0.0, 0.0, 0.0], [0.0, 0.9757664194901102, 0.0, 0.0, 0.0, 0.0, 0.0, 0.0, 0.0, 0.0, 0.0, 0.0, 0.0, 0.0, 0.0, 0.0, 0.0, 0.0, 0.0], [0.0, 0.0, 0.9713764201982882, 0.0, 0.0, 0.0, 0.0, 0.0, 0.0, 0.0, 0.0, 0.0, 0.0, 0.0, 0.0, 0.0, 0.0, 0.0, 0.0], [0.0, 0.0, 0.9622212205471607, 0.0, 0.0, 0.0, 0.0, 0.0, 0.0, 0.0, 0.0, 0.0, 0.0, 0.0, 0.0, 0.0, 0.0, 0.0, 0.0], [0.0, 0.0, 0.0, 0.0, 0.0, 0.9467803164764281, 0.0, 0.0, 0.0, 0.0, 0.0, 0.0, 0.0, 0.0, 0.0, 0.0, 0.0, 0.0, 0.0], [0.0, 0.0, 0.0, 0.0, 0.0, 0.9578298758052632, 0.0, 0.0, 0.0, 0.0, 0.0, 0.0, 0.0, 0.0, 0.0, 0.0, 0.0, 0.0, 0.0], [0.0, 0.0, 0.0, 0.0, 0.0, 0.0, 0.9862619273715518, 0.0, 0.0, 0.0, 0.0, 0.0, 0.0, 0.0, 0.0, 0.0, 0.0, 0.0, 0.0], [0.0, 0.0, 0.0, 0.0, 0.0, 0.0, 0.986654000952758, 0.0, 0.0, 0.0, 0.0, 0.0, 0.0, 0.0, 0.0, 0.0, 0.0, 0.0, 0.0], [0.0, 0.0, 0.0, 0.0, 0.0, 0.0, 0.9868890006295178, 0.0, 0.0, 0.0, 0.0, 0.0, 0.0, 0.0, 0.0, 0.0, 0.0, 0.0, 0.0]], "Born radii": [], "Atomic SASAs": [], "Solvent H bonds": [], "Total SASA": NaN, "Total FOD": 0.0, "FOD": [0.0, 0.0, 0.0, 0.0, 0.0, 0.0, 0.0, 0.0, 0.0, 0.0, 0.0, 0.0, 0.0, 0.0, 0.0, 0.0, 0.0, 0.0, 0.0], "FOD s proportion": [0.0, 0.0, 0.0, 0.0, 0.0, 0.0, 0.0, 0.0, 0.0, 0.0, 0.0, 0.0, 0.0, 0.0, 0.0, 0.0, 0.0, 0.0, 0.0], "FOD p proportion": [0.0, 0.0, 0.0, 0.0, 0.0, 0.0, 0.0, 0.0, 0.0, 0.0, 0.0, 0.0, 0.0, 0.0, 0.0, 0.0, 0.0, 0.0, 0.0], "FOD d proportion": [0.0, 0.0, 0.0, 0.0, 0.0, 0.0, 0.0, 0.0, 0.0, 0.0, 0.0, 0.0, 0.0, 0.0, 0.0, 0.0, 0.0, 0.0, 0.0], "coordinates": [["-2.39180", "-0.10240", "0.67770"], ["-1.70700", "-0.14680", "-0.68060"], ["-0.50110", "-1.07890", "-0.70130"], ["0.63710", "-0.59080", "0.17560"], ["0.87720", "-1.13620", "1.25290"], ["1.43630", "0.59700", "-0.33300"], ["2.65960", "0.88220", "0.52020"], ["-3.28240", "0.53240", "0.62960"], ["-2.70580", "-1.10280", "0.99200"], ["-1.72900", "0.30850", "1.44540"], ["-2.43180", "-0.49400", "-1.42630"], ["-1.41540", "0.86880", "-0.96980"], ["-0.78640", "-2.08500", "-0.37220"], ["-0.11930", "-1.18080", "-1.72340"], ["0.78570", "1.47660", "-0.34280"], ["1.75420", "0.38310", "-1.35880"], ["2.37390", "1.12450", "1.54910"], ["3.32700", "0.01470", "0.55290"], ["3.21900", "1.73000", "0.11290"]], "bond_dist": [[0.0, 1.5218085589192878, 2.535732584481258, 3.1088380755517004, 3.47648651370892, 4.020575140449436, 5.148872242540108, 1.0947387861951363, 1.0946143841554432, 1.0943061454638734, 2.1405061457515138, 2.1472872770078997, 2.758677569053694, 3.477424912201556, 3.6920411021547417, 4.644605311541552, 4.997651254339382, 5.721360055965714, 5.929398404560112], [1.5218085589192878, 0.0, 1.524281374943616, 2.534762168330591, 3.3757109251237734, 3.2487534671008818, 4.644131479620275, 2.1586620485847243, 2.1700525800081434, 2.1743178447503944, 1.0963354276862531, 1.095495577353008, 2.1677717038470634, 2.162724931654509, 2.993841961426822, 3.56660268182482, 4.820944989314854, 5.18543734896103, 5.330806363956583], [2.535732584481258, 1.524281374943616, 0.0, 1.5174631659450584, 2.392047620763433, 2.5880116808082607, 3.9150989706519557, 3.4789671153950277, 2.780024854205444, 2.835654785054062, 2.1436733659771954, 2.1683108702397815, 1.096330292384553, 1.0958299411861314, 2.883566669941931, 2.7669709684057042, 4.264375302432937, 4.174126041460656, 4.732016997010894], [3.1088380755517004, 2.534762168330591, 1.5174631659450584, 0.0, 1.23113137398086, 1.51929702165179, 2.5256651420962357, 4.102459565918962, 3.479027647202592, 2.83188307315115, 3.463177884544772, 2.7667904817676385, 2.135198054045573, 2.127543644675709, 2.136577468756984, 2.133255019916747, 2.8009338764062246, 2.7829027201826513, 3.472211332854036], [3.47648651370892, 3.3757109251237734, 2.392047620763433, 1.23113137398086, 0.0, 2.414881748657685, 2.790651825291002, 4.524931050303419, 3.592641558797649, 2.9860496948309487, 4.305811709770877, 3.770468810373585, 2.5117198112050634, 3.1390067059501483, 3.0628997012634938, 3.1461688416230937, 2.727381495134115, 2.795727248856726, 3.872819345128301], [4.020575140449436, 3.2487534671008818, 2.5880116808082607, 1.51929702165179, 2.414881748657685, 0.0, 1.5184703388607894, 4.816316186672133, 4.669254485461249, 3.642123405377693, 4.165067046279087, 2.934549772963478, 3.483540717431045, 2.7411086005483254, 1.0941081116599034, 1.0950247759754115, 2.167867712753709, 2.16763433032419, 2.158827251078696], [5.148872242540108, 4.644131479620275, 3.9150989706519557, 2.5256651420962357, 2.790651825291002, 1.5184703388607894, 0.0, 5.953292567982863, 5.740238444524756, 4.521607754991581, 5.621845128603242, 4.338882870048464, 4.634174101174879, 4.124559997139088, 2.1469936120072646, 2.1446423874389877, 1.0949744243588524, 1.09501063921772, 1.094342948988113], [1.0947387861951363, 2.1586620485847243, 3.4789671153950277, 4.102459565918962, 4.524931050303419, 4.816316186672133, 5.953292567982863, 0.0, 1.7713498694498497, 1.7688166694148943, 2.4502534828054015, 2.481317053502031, 3.752919130490291, 4.298472385627248, 4.287949744341694, 5.416951597531586, 5.761058266499306, 6.630087822947748, 6.630944624259805], [1.0946143841554432, 2.1700525800081434, 2.780024854205444, 3.479027647202592, 3.592641558797649, 4.669254485461249, 5.740238444524756, 1.7713498694498497, 0.0, 1.7752401217863458, 2.508762310383349, 3.066104688362744, 2.551441717931256, 3.750928339758039, 4.541538026924358, 5.256021256616073, 5.574457622944137, 6.151121109196274, 6.625769969595986], [1.0943061454638734, 2.1743178447503944, 2.835654785054062, 2.83188307315115, 2.9860496948309487, 3.642123405377693, 4.521607754991581, 1.7688166694148943, 1.7752401217863458, 0.0, 3.06342863145202, 2.4990942539248095, 3.1497629704471413, 3.8536271251899814, 3.2993685668624533, 4.472335524085822, 4.184542758773055, 5.1425684915225, 5.317793010262811], [2.1405061457515138, 1.0963354276862531, 2.1436733659771954, 3.463177884544772, 4.305811709770877, 4.165067046279087, 5.621845128603242, 2.4502534828054015, 2.508762310383349, 3.06342863145202, 0.0, 1.7603082258513705, 2.519870824070155, 2.430559380060483, 3.9254990587185215, 4.2774357575538176, 5.879396219000723, 6.11062891771379, 6.2647309024410625], [2.1472872770078997, 1.095495577353008, 2.1683108702397815, 2.7667904817676385, 3.770468810373585, 2.934549772963478, 4.338882870048464, 2.481317053502031, 3.066104688362744, 2.4990942539248095, 1.7603082258513705, 0.0, 3.078587533269113, 2.539418896125647, 2.3679930426418063, 3.2301067552017533, 4.55730558444351, 5.053559127980992, 4.836483029020157], [2.758677569053694, 2.1677717038470634, 1.096330292384553, 2.135198054045573, 2.5117198112050634, 3.483540717431045, 4.634174101174879, 3.752919130490291, 2.551441717931256, 3.1497629704471413, 2.519870824070155, 3.078587533269113, 0.0, 1.757367773119787, 3.893245089896088, 3.676893461877839, 4.896915358672232, 4.710054103723226, 5.552726912968078], [3.477424912201556, 2.162724931654509, 1.0958299411861314, 2.127543644675709, 3.1390067059501483, 2.7411086005483254, 4.124559997139088, 4.298472385627248, 3.750928339758039, 3.8536271251899814, 2.430559380060483, 2.539418896125647, 1.757367773119787, 0.0, 3.128395134889453, 2.467532901503038, 4.715899763565803, 4.299737855962849, 4.794684684105932], [3.6920411021547417, 2.993841961426822, 2.883566669941931, 2.136577468756984, 3.0628997012634938, 1.0941081116599034, 2.1469936120072646, 4.287949744341694, 4.541538026924358, 3.2993685668624533, 3.9254990587185215, 2.3679930426418063, 3.893245089896088, 3.128395134889453, 0.0, 1.7793230454304807, 2.495123095159836, 3.065556358966509, 2.488538313950581], [4.644605311541552, 3.56660268182482, 2.7669709684057042, 2.133255019916747, 3.1461688416230937, 1.0950247759754115, 2.1446423874389877, 5.416951597531586, 5.256021256616073, 4.472335524085822, 4.2774357575538176, 3.2301067552017533, 3.676893461877839, 2.467532901503038, 1.7793230454304807, 0.0, 3.0642428852817782, 2.5028014883326244, 2.475011018157293], [4.997651254339382, 4.820944989314854, 4.264375302432937, 2.8009338764062246, 2.727381495134115, 2.167867712753709, 1.0949744243588524, 5.761058266499306, 5.574457622944137, 4.184542758773055, 5.879396219000723, 4.55730558444351, 4.896915358672232, 4.715899763565803, 2.495123095159836, 3.0642428852817782, 0.0, 1.7698785523306395, 1.7729903271027736], [5.721360055965714, 5.18543734896103, 4.174126041460656, 2.7829027201826513, 2.795727248856726, 2.16763433032419, 1.09501063921772, 6.630087822947748, 6.151121109196274, 5.1425684915225, 6.11062891771379, 5.053559127980992, 4.710054103723226, 4.299737855962849, 3.065556358966509, 2.5028014883326244, 1.7698785523306395, 0.0, 1.7741245982173857], [5.929398404560112, 5.330806363956583, 4.732016997010894, 3.472211332854036, 3.872819345128301, 2.158827251078696, 1.094342948988113, 6.630944624259805, 6.625769969595986, 5.317793010262811, 6.2647309024410625, 4.836483029020157, 5.552726912968078, 4.794684684105932, 2.488538313950581, 2.475011018157293, 1.7729903271027736, 1.7741245982173857, 0.0]]}