{"total energy": -46.56613071, "HOMO-LUMO gap/eV": 3.55068131, "electronic energy": -47.19973755, "dipole": [0.86939921, 0.16538975, 1.18706305], "partial charges": [-0.10200244, -0.04747168, -0.00880739, -0.06016959, -0.08798192, 0.28277954, -0.39933833, -0.16420994, 0.28238711, -0.38982283, 0.01453164, -0.03386697, -0.02980055, -0.02951851, -0.02804135, -0.03393759, 0.03794662, 0.03135485, 0.05683578, 0.03614826, 0.04194634, 0.04037329, 0.0520184, 0.07575793, 0.07518779, 0.21654616, 0.03294748, 0.03487236, 0.0341829, 0.03648348, 0.03266917], "atomic dipole moments": [[-0.07504956, 0.0845197, 0.04162303], [0.061572, 0.04872384, -0.10031484], [-0.03386819, 0.0006213, -0.01169553], [0.04837707, 0.02123795, -0.1120388], [-0.00566123, -0.09599432, -0.04365354], [0.01104168, -0.0688569, -0.03880329], [0.11179831, -0.11820252, 0.09640601], [-0.03210887, -0.00847721, 0.04721873], [-0.05296945, 0.05327229, -0.04890393], [0.0217629, 0.16532098, 0.07058901], [-0.10050959, -0.04182475, 0.00865536], [-0.00464898, -0.00844781, -0.01432271], [0.00082788, 0.00066187, -0.00060024], [-0.00258766, -0.00043908, -0.00097091], [-0.00452633, -0.00124073, -0.00106478], [-0.00442307, -0.00159977, 0.00880773], [-0.0148082, -0.10226869, 0.06982502], [0.12053838, 0.03340653, 0.01934354], [-0.01110278, -0.040667, -0.12430278], [0.02202971, 0.0181146, 0.1199037], [-0.11260719, -0.05821228, 0.00463787], [-0.11693321, -0.04770238, 0.01771082], [0.03051206, 0.03195601, 0.11882338], [-0.09145816, 0.07258786, 0.05949606], [0.11359481, 0.07393248, -0.00410437], [-0.06402591, -0.02839069, -0.11520892], [-0.05907442, 0.01000623, 0.13796377], [0.06996317, 0.06164234, 0.1197593], [0.14136546, 0.05228463, -0.01242356], [0.07515845, -0.0111892, -0.13197123], [-0.05136249, -0.06744675, -0.12861023]], "atomic quadrupole moments": [[0.04576557, -0.15665844, 0.05421875, -0.07715721, 0.05763005, -0.09998432], [-0.07949015, -0.13852283, 0.15340981, -0.06772927, -0.08275945, -0.07391966], [-0.07553881, -0.0224951, 0.02295292, -0.01793964, 0.04714725, 0.0525859], [-0.12230974, -0.1668205, 0.17913485, -0.05302448, -0.07226505, -0.05682512], [-0.20003167, -0.03889539, 0.04530208, 0.13830034, -0.10236793, 0.15472959], [0.22941656, 0.3020187, -0.06013827, -0.26000468, -0.10087568, -0.16927829], [0.11193537, 0.10904639, -0.03254757, -0.08970699, -0.06684056, -0.0793878], [0.00851914, -0.02238825, 0.07497822, -0.04605477, -0.02248257, -0.08349735], [0.3532936, 0.02266225, -0.24892773, -0.36843259, -0.08929682, -0.10436587], [0.14124661, 0.02670918, -0.08753536, -0.14369755, -0.01978267, -0.05371125], [-0.03326108, -0.16185397, 0.33378545, 0.04199999, -0.20579396, -0.30052437], [-0.14409098, -0.26111571, 0.36364216, 0.03981499, -0.17503058, -0.21955118], [-0.1644461, -0.26453304, 0.3719967, 0.05901381, -0.18531391, -0.2075506], [-0.16940494, -0.26134493, 0.37057913, 0.07660401, -0.18545446, -0.2011742], [-0.16362932, -0.25410069, 0.37191098, 0.09386654, -0.19211481, -0.20828166], [-0.14922292, -0.24340083, 0.35901154, 0.11254775, -0.19954384, -0.20978862], [-0.03202955, 0.01118168, 0.0346779, -0.02639318, -0.0596984, -0.00264835], [0.05823276, 0.04500577, -0.01418347, 0.01002158, 0.01943775, -0.04404929], [-0.02946635, -0.00595545, -0.03992608, 0.02565085, 0.01746719, 0.06939243], [-0.02916593, -0.00997271, -0.00537177, 0.03097822, 0.03414391, 0.03453771], [0.04617183, 0.01553115, -0.00342328, 0.02062779, 0.0007828, -0.04274855], [0.03665397, 0.0257784, 0.00487737, 0.00614996, -0.00055354, -0.04153135], [-0.013162, 0.00365266, -0.01532373, 0.04447563, 0.01166457, 0.02848572], [0.00100415, -0.04374986, 0.00112758, -0.02833512, 0.01051652, -0.00213173], [0.04770596, 0.03130024, -0.01657241, 0.00110769, -0.01562723, -0.03113354], [-0.03729689, -0.01633038, 0.00727489, 0.02784223, 0.0134809, 0.030022], [0.03459887, 0.03549795, -0.04947552, -0.01145696, 0.02013413, 0.01487665], [0.02260512, 0.03249922, -0.04987208, -0.01707265, 0.02042372, 0.02726696], [0.01485093, 0.03194072, -0.047394, -0.00951409, 0.02592929, 0.03254307], [0.02237714, 0.03664413, -0.04521334, -0.00264429, 0.02686349, 0.0228362], [0.03637964, 0.03796402, -0.04599388, -0.0059379, 0.01826406, 0.00961424]], "number of molecular orbitals": 79, "number of electrons": 84, "number of unpaired electrons": 0, "orbital energies/eV": [-19.76039837, -19.6807749, -18.9682538, -18.2410338, -17.87031523, -17.743396, -17.45955277, -17.07091951, -17.02614452, -16.89145437, -16.69175044, -16.14115631, -15.93296008, -15.77067321, -15.69481651, -15.55872788, -15.23153254, -15.14383303, -14.8939742, -14.71296151, -14.30101828, -14.2167318, -14.19443585, -13.82901372, -13.65051764, -13.55852685, -13.48809825, -13.39080262, -13.23341654, -13.1760841, -13.09117311, -12.79886559, -12.43547845, -12.25544664, -12.2371345, -12.04340438, -11.88701569, -11.7522731, -11.44213756, -11.27660712, -11.2628107, -11.12077686, -7.57009555, -6.51752587, -6.46986946, -5.95473951, -3.11272768, -0.2777177, 0.61886965, 0.94772497, 1.72607622, 1.87868862, 2.20474094, 2.90702929, 3.29382298, 3.50848786, 3.69383414, 3.98471166, 4.05200354, 4.1871987, 4.31505565, 4.38252122, 4.54360264, 4.98902435, 5.08735992, 5.62942062, 6.21672716, 6.7846088, 6.81981758, 7.40232481, 9.91344429, 9.99622869, 10.20345181, 11.1377316, 11.27578162, 14.36970731, 15.66143746, 15.84535165, 16.70544741], "fractional occupation": [2.0, 2.0, 2.0, 2.0, 2.0, 2.0, 2.0, 2.0, 2.0, 2.0, 2.0, 2.0, 2.0, 2.0, 2.0, 2.0, 2.0, 2.0, 2.0, 2.0, 2.0, 2.0, 2.0, 2.0, 2.0, 2.0, 2.0, 2.0, 2.0, 2.0, 2.0, 2.0, 2.0, 2.0, 2.0, 2.0, 2.0, 2.0, 2.0, 2.0, 2.0, 2.0, 0.0, 0.0, 0.0, 0.0, 0.0, 0.0, 0.0, 0.0, 0.0, 0.0, 0.0, 0.0, 0.0, 0.0, 0.0, 0.0, 0.0, 0.0, 0.0, 0.0, 0.0, 0.0, 0.0, 0.0, 0.0, 0.0, 0.0, 0.0, 0.0, 0.0, 0.0, 0.0, 0.0, 0.0, 0.0, 0.0, 0.0], "program call": "xtb /home/svss/Project-DBcg-Debug/aqme2_20220329/End-to-End-workflows-final/example-3/QDESCP/mol_180_rdkit_conf_2/mol_180_rdkit_conf_2.xyz --pop --wbo --acc 0.2 --gfn 2 --chrg 0 --uhf 0 --etemp 300 --input /home/svss/Project-DBcg-Debug/aqme2_20220329/End-to-End-workflows-final/example-3/QDESCP/mol_180_rdkit_conf_2/mol_180_rdkit_conf_2_xtb.inp", "method": "GFN2-xTB", "xtb version": "6.3.3 (7355c4f)", "Dipole module/D": 3.763, "Total charge": 0, "Transition dipole module/D": NaN, "HOMO": -11.1208, "LUMO": -7.5701, "HOMO occupancy": 2.0, "LUMO occupancy": 0, "mulliken charges": [-0.08236, -0.03257, -0.02461, -0.05586, -0.08963, 0.48141, -0.5196, -0.31993, 0.4737, -0.51264, -0.00168, -0.03862, -0.02351, -0.02654, -0.02156, -0.03817, 0.0326, 0.0241, 0.04762, 0.02583, 0.03879, 0.04153, 0.04348, 0.06727, 0.06259, 0.2714, 0.03072, 0.03435, 0.03454, 0.03648, 0.04084], "cm5 charges": [-0.23132, -0.13715, -0.03453, -0.15636, -0.18457, 0.57266, -0.5624, -0.66633, 0.56798, -0.55962, -0.01078, -0.09226, -0.07904, -0.082, -0.077, -0.08998, 0.08348, 0.07671, 0.10352, 0.08176, 0.09644, 0.09962, 0.09967, 0.12565, 0.12162, 0.47388, 0.08788, 0.08972, 0.08996, 0.09183, 0.10096], "FUKUI+": [0.012, 0.011, -0.003, 0.013, 0.015, -0.057, -0.135, -0.032, -0.058, -0.135, -0.02, -0.02, -0.023, -0.028, -0.026, -0.012, -0.03, -0.009, -0.003, -0.028, -0.019, -0.028, -0.039, -0.047, -0.042, -0.04, -0.042, -0.051, -0.053, -0.049, -0.023], "FUKUI-": [0.012, 0.008, -0.014, 0.011, 0.002, -0.008, -0.109, -0.028, -0.008, -0.092, -0.027, -0.018, -0.021, -0.039, -0.023, -0.013, -0.053, -0.031, -0.052, -0.055, -0.039, -0.033, -0.034, -0.038, -0.025, -0.032, -0.042, -0.054, -0.057, -0.052, -0.036], "FUKUIrad": [0.012, 0.01, -0.009, 0.012, 0.009, -0.033, -0.122, -0.03, -0.033, -0.114, -0.024, -0.019, -0.022, -0.034, -0.025, -0.013, -0.042, -0.02, -0.027, -0.041, -0.029, -0.031, -0.036, -0.043, -0.033, -0.036, -0.042, -0.053, -0.055, -0.05, -0.029], "s proportion": [1.007, 1.035, 1.104, 1.043, 1.041, 1.007, 1.73, 1.436, 1.022, 1.732, 1.095, 1.063, 1.06, 1.06, 1.061, 1.065, 0.967, 0.976, 0.952, 0.974, 0.961, 0.958, 0.957, 0.933, 0.937, 0.729, 0.969, 0.966, 0.965, 0.964, 0.959], "p proportion": [3.075, 2.998, 2.92, 3.013, 3.049, 2.512, 4.79, 3.884, 2.504, 4.781, 2.907, 2.975, 2.963, 2.966, 2.96, 2.973, 0.0, 0.0, 0.0, 0.0, 0.0, 0.0, 0.0, 0.0, 0.0, 0.0, 0.0, 0.0, 0.0, 0.0, 0.0], "d proportion": [0.0, 0.0, 0.0, 0.0, 0.0, 0.0, 0.0, 0.0, 0.0, 0.0, 0.0, 0.0, 0.0, 0.0, 0.0, 0.0, 0.0, 0.0, 0.0, 0.0, 0.0, 0.0, 0.0, 0.0, 0.0, 0.0, 0.0, 0.0, 0.0, 0.0, 0.0], "Fermi-level/eV": -9.3454, "Coordination numbers": [3.747, 3.8, 3.896, 3.811, 3.805, 2.754, 0.858, 2.689, 2.758, 0.858, 2.956, 2.915, 2.91, 2.912, 2.91, 2.914, 0.924, 0.924, 0.924, 0.923, 0.923, 0.923, 0.924, 0.924, 0.924, 0.86, 0.925, 0.925, 0.925, 0.925, 0.925], "Dispersion coefficient C6": [22.516, 21.425, 20.68, 21.648, 22.174, 22.211, 21.667, 24.553, 22.218, 21.478, 27.687, 28.843, 28.744, 28.737, 28.701, 28.845, 2.476, 2.567, 2.236, 2.501, 2.423, 2.444, 2.295, 2.024, 2.03, 1.025, 2.545, 2.518, 2.528, 2.496, 2.549], "Total dispersion C6": 10305.000853, "Total dispersion C8": 241421.90446, "Polarizability alpha": [6.768, 6.59, 6.464, 6.623, 6.704, 7.717, 6.241, 7.359, 7.719, 6.214, 8.63, 8.807, 8.791, 8.79, 8.785, 8.807, 2.461, 2.506, 2.339, 2.473, 2.434, 2.445, 2.369, 2.225, 2.228, 1.586, 2.495, 2.482, 2.486, 2.471, 2.497], "Total polarizability alpha": 156.505739, "Wiberg matrix": [[0.0, 1.020386927814339, 0.0, 0.0, 0.0, 0.0, 0.0, 0.0, 0.0, 0.0, 0.0, 0.0, 0.0, 0.0, 0.0, 0.0, 0.985532078545488, 0.9875599353808024, 0.9842029857952019, 0.0, 0.0, 0.0, 0.0, 0.0, 0.0, 0.0, 0.0, 0.0, 0.0, 0.0, 0.0], [1.020386927814339, 0.0, 0.9662387161610205, 0.0, 0.0, 0.0, 0.0, 0.0, 0.0, 0.0, 0.0, 0.0, 0.0, 0.0, 0.0, 0.0, 0.0, 0.0, 0.0, 0.9754955812389438, 0.9753734920603526, 0.0, 0.0, 0.0, 0.0, 0.0, 0.0, 0.0, 0.0, 0.0, 0.0], [0.0, 0.9662387161610205, 0.0, 0.966919281963448, 0.0, 0.0, 0.0, 0.0, 0.9448135884589676, 0.0, 0.9673089564785362, 0.0, 0.0, 0.0, 0.0, 0.0, 0.0, 0.0, 0.0, 0.0, 0.0, 0.0, 0.0, 0.0, 0.0, 0.0, 0.0, 0.0, 0.0, 0.0, 0.0], [0.0, 0.0, 0.966919281963448, 0.0, 1.0048159343078649, 0.0, 0.0, 0.0, 0.0, 0.0, 0.0, 0.0, 0.0, 0.0, 0.0, 0.0, 0.0, 0.0, 0.0, 0.0, 0.0, 0.9753417187057773, 0.9695390680784615, 0.0, 0.0, 0.0, 0.0, 0.0, 0.0, 0.0, 0.0], [0.0, 0.0, 0.0, 1.0048159343078649, 0.0, 0.9857102213654079, 0.0, 0.0, 0.0, 0.0, 0.0, 0.0, 0.0, 0.0, 0.0, 0.0, 0.0, 0.0, 0.0, 0.0, 0.0, 0.0, 0.0, 0.9643336050443703, 0.9442535793503516, 0.0, 0.0, 0.0, 0.0, 0.0, 0.0], [0.0, 0.0, 0.0, 0.0, 0.9857102213654079, 0.0, 1.7413908497015114, 1.1481846950482317, 0.0, 0.0, 0.0, 0.0, 0.0, 0.0, 0.0, 0.0, 0.0, 0.0, 0.0, 0.0, 0.0, 0.0, 0.0, 0.0, 0.0, 0.0, 0.0, 0.0, 0.0, 0.0, 0.0], [0.0, 0.0, 0.0, 0.0, 0.0, 1.7413908497015114, 0.0, 0.13249538183065954, 0.0, 0.0, 0.0, 0.0, 0.0, 0.0, 0.0, 0.0, 0.0, 0.0, 0.0, 0.0, 0.0, 0.0, 0.0, 0.0, 0.0, 0.0, 0.0, 0.0, 0.0, 0.0, 0.0], [0.0, 0.0, 0.0, 0.0, 0.0, 1.1481846950482317, 0.13249538183065954, 0.0, 1.1381566706607116, 0.12790505512739642, 0.0, 0.0, 0.0, 0.0, 0.0, 0.0, 0.0, 0.0, 0.0, 0.0, 0.0, 0.0, 0.0, 0.0, 0.0, 0.9143487836660311, 0.0, 0.0, 0.0, 0.0, 0.0], [0.0, 0.0, 0.9448135884589676, 0.0, 0.0, 0.0, 0.0, 1.1381566706607116, 0.0, 1.7571062860795696, 0.0, 0.0, 0.0, 0.0, 0.0, 0.0, 0.0, 0.0, 0.0, 0.0, 0.0, 0.0, 0.0, 0.0, 0.0, 0.0, 0.0, 0.0, 0.0, 0.0, 0.0], [0.0, 0.0, 0.0, 0.0, 0.0, 0.0, 0.0, 0.12790505512739642, 1.7571062860795696, 0.0, 0.0, 0.0, 0.0, 0.0, 0.0, 0.0, 0.0, 0.0, 0.0, 0.0, 0.0, 0.0, 0.0, 0.0, 0.0, 0.0, 0.0, 0.0, 0.0, 0.0, 0.0], [0.0, 0.0, 0.9673089564785362, 0.0, 0.0, 0.0, 0.0, 0.0, 0.0, 0.0, 0.0, 1.4087041677945056, 0.0, 0.1094684720319303, 0.0, 1.4152128497176073, 0.0, 0.0, 0.0, 0.0, 0.0, 0.0, 0.0, 0.0, 0.0, 0.0, 0.0, 0.0, 0.0, 0.0, 0.0], [0.0, 0.0, 0.0, 0.0, 0.0, 0.0, 0.0, 0.0, 0.0, 0.0, 1.4087041677945056, 0.0, 1.444344073660059, 0.0, 0.11230135633205665, 0.0, 0.0, 0.0, 0.0, 0.0, 0.0, 0.0, 0.0, 0.0, 0.0, 0.0, 0.966766918686286, 0.0, 0.0, 0.0, 0.0], [0.0, 0.0, 0.0, 0.0, 0.0, 0.0, 0.0, 0.0, 0.0, 0.0, 0.0, 1.444344073660059, 0.0, 1.4373173090164018, 0.0, 0.11079066618002166, 0.0, 0.0, 0.0, 0.0, 0.0, 0.0, 0.0, 0.0, 0.0, 0.0, 0.0, 0.9706902972235163, 0.0, 0.0, 0.0], [0.0, 0.0, 0.0, 0.0, 0.0, 0.0, 0.0, 0.0, 0.0, 0.0, 0.1094684720319303, 0.0, 1.4373173090164018, 0.0, 1.4410937351523636, 0.0, 0.0, 0.0, 0.0, 0.0, 0.0, 0.0, 0.0, 0.0, 0.0, 0.0, 0.0, 0.0, 0.9708131434823558, 0.0, 0.0], [0.0, 0.0, 0.0, 0.0, 0.0, 0.0, 0.0, 0.0, 0.0, 0.0, 0.0, 0.11230135633205665, 0.0, 1.4410937351523636, 0.0, 1.4400559374209985, 0.0, 0.0, 0.0, 0.0, 0.0, 0.0, 0.0, 0.0, 0.0, 0.0, 0.0, 0.0, 0.0, 0.9707326657804978, 0.0], [0.0, 0.0, 0.0, 0.0, 0.0, 0.0, 0.0, 0.0, 0.0, 0.0, 1.4152128497176073, 0.0, 0.11079066618002166, 0.0, 1.4400559374209985, 0.0, 0.0, 0.0, 0.0, 0.0, 0.0, 0.0, 0.0, 0.0, 0.0, 0.0, 0.0, 0.0, 0.0, 0.0, 0.9679394740581235], [0.985532078545488, 0.0, 0.0, 0.0, 0.0, 0.0, 0.0, 0.0, 0.0, 0.0, 0.0, 0.0, 0.0, 0.0, 0.0, 0.0, 0.0, 0.0, 0.0, 0.0, 0.0, 0.0, 0.0, 0.0, 0.0, 0.0, 0.0, 0.0, 0.0, 0.0, 0.0], [0.9875599353808024, 0.0, 0.0, 0.0, 0.0, 0.0, 0.0, 0.0, 0.0, 0.0, 0.0, 0.0, 0.0, 0.0, 0.0, 0.0, 0.0, 0.0, 0.0, 0.0, 0.0, 0.0, 0.0, 0.0, 0.0, 0.0, 0.0, 0.0, 0.0, 0.0, 0.0], [0.9842029857952019, 0.0, 0.0, 0.0, 0.0, 0.0, 0.0, 0.0, 0.0, 0.0, 0.0, 0.0, 0.0, 0.0, 0.0, 0.0, 0.0, 0.0, 0.0, 0.0, 0.0, 0.0, 0.0, 0.0, 0.0, 0.0, 0.0, 0.0, 0.0, 0.0, 0.0], [0.0, 0.9754955812389438, 0.0, 0.0, 0.0, 0.0, 0.0, 0.0, 0.0, 0.0, 0.0, 0.0, 0.0, 0.0, 0.0, 0.0, 0.0, 0.0, 0.0, 0.0, 0.0, 0.0, 0.0, 0.0, 0.0, 0.0, 0.0, 0.0, 0.0, 0.0, 0.0], [0.0, 0.9753734920603526, 0.0, 0.0, 0.0, 0.0, 0.0, 0.0, 0.0, 0.0, 0.0, 0.0, 0.0, 0.0, 0.0, 0.0, 0.0, 0.0, 0.0, 0.0, 0.0, 0.0, 0.0, 0.0, 0.0, 0.0, 0.0, 0.0, 0.0, 0.0, 0.0], [0.0, 0.0, 0.0, 0.9753417187057773, 0.0, 0.0, 0.0, 0.0, 0.0, 0.0, 0.0, 0.0, 0.0, 0.0, 0.0, 0.0, 0.0, 0.0, 0.0, 0.0, 0.0, 0.0, 0.0, 0.0, 0.0, 0.0, 0.0, 0.0, 0.0, 0.0, 0.0], [0.0, 0.0, 0.0, 0.9695390680784615, 0.0, 0.0, 0.0, 0.0, 0.0, 0.0, 0.0, 0.0, 0.0, 0.0, 0.0, 0.0, 0.0, 0.0, 0.0, 0.0, 0.0, 0.0, 0.0, 0.0, 0.0, 0.0, 0.0, 0.0, 0.0, 0.0, 0.0], [0.0, 0.0, 0.0, 0.0, 0.9643336050443703, 0.0, 0.0, 0.0, 0.0, 0.0, 0.0, 0.0, 0.0, 0.0, 0.0, 0.0, 0.0, 0.0, 0.0, 0.0, 0.0, 0.0, 0.0, 0.0, 0.0, 0.0, 0.0, 0.0, 0.0, 0.0, 0.0], [0.0, 0.0, 0.0, 0.0, 0.9442535793503516, 0.0, 0.0, 0.0, 0.0, 0.0, 0.0, 0.0, 0.0, 0.0, 0.0, 0.0, 0.0, 0.0, 0.0, 0.0, 0.0, 0.0, 0.0, 0.0, 0.0, 0.0, 0.0, 0.0, 0.0, 0.0, 0.0], [0.0, 0.0, 0.0, 0.0, 0.0, 0.0, 0.0, 0.9143487836660311, 0.0, 0.0, 0.0, 0.0, 0.0, 0.0, 0.0, 0.0, 0.0, 0.0, 0.0, 0.0, 0.0, 0.0, 0.0, 0.0, 0.0, 0.0, 0.0, 0.0, 0.0, 0.0, 0.0], [0.0, 0.0, 0.0, 0.0, 0.0, 0.0, 0.0, 0.0, 0.0, 0.0, 0.0, 0.966766918686286, 0.0, 0.0, 0.0, 0.0, 0.0, 0.0, 0.0, 0.0, 0.0, 0.0, 0.0, 0.0, 0.0, 0.0, 0.0, 0.0, 0.0, 0.0, 0.0], [0.0, 0.0, 0.0, 0.0, 0.0, 0.0, 0.0, 0.0, 0.0, 0.0, 0.0, 0.0, 0.9706902972235163, 0.0, 0.0, 0.0, 0.0, 0.0, 0.0, 0.0, 0.0, 0.0, 0.0, 0.0, 0.0, 0.0, 0.0, 0.0, 0.0, 0.0, 0.0], [0.0, 0.0, 0.0, 0.0, 0.0, 0.0, 0.0, 0.0, 0.0, 0.0, 0.0, 0.0, 0.0, 0.9708131434823558, 0.0, 0.0, 0.0, 0.0, 0.0, 0.0, 0.0, 0.0, 0.0, 0.0, 0.0, 0.0, 0.0, 0.0, 0.0, 0.0, 0.0], [0.0, 0.0, 0.0, 0.0, 0.0, 0.0, 0.0, 0.0, 0.0, 0.0, 0.0, 0.0, 0.0, 0.0, 0.9707326657804978, 0.0, 0.0, 0.0, 0.0, 0.0, 0.0, 0.0, 0.0, 0.0, 0.0, 0.0, 0.0, 0.0, 0.0, 0.0, 0.0], [0.0, 0.0, 0.0, 0.0, 0.0, 0.0, 0.0, 0.0, 0.0, 0.0, 0.0, 0.0, 0.0, 0.0, 0.0, 0.9679394740581235, 0.0, 0.0, 0.0, 0.0, 0.0, 0.0, 0.0, 0.0, 0.0, 0.0, 0.0, 0.0, 0.0, 0.0, 0.0]], "Born radii": [], "Atomic SASAs": [], "Solvent H bonds": [], "Total SASA": NaN, "Total FOD": 0.0, "FOD": [0.0, 0.0, 0.0, 0.0, 0.0, 0.0, 0.0, 0.0, 0.0, 0.0, 0.0, 0.0, 0.0, 0.0, 0.0, 0.0, 0.0, 0.0, 0.0, 0.0, 0.0, 0.0, 0.0, 0.0, 0.0, 0.0, 0.0, 0.0, 0.0, 0.0, 0.0], "FOD s proportion": [0.0, 0.0, 0.0, 0.0, 0.0, 0.0, 0.0, 0.0, 0.0, 0.0, 0.0, 0.0, 0.0, 0.0, 0.0, 0.0, 0.0, 0.0, 0.0, 0.0, 0.0, 0.0, 0.0, 0.0, 0.0, 0.0, 0.0, 0.0, 0.0, 0.0, 0.0], "FOD p proportion": [0.0, 0.0, 0.0, 0.0, 0.0, 0.0, 0.0, 0.0, 0.0, 0.0, 0.0, 0.0, 0.0, 0.0, 0.0, 0.0, 0.0, 0.0, 0.0, 0.0, 0.0, 0.0, 0.0, 0.0, 0.0, 0.0, 0.0, 0.0, 0.0, 0.0, 0.0], "FOD d proportion": [0.0, 0.0, 0.0, 0.0, 0.0, 0.0, 0.0, 0.0, 0.0, 0.0, 0.0, 0.0, 0.0, 0.0, 0.0, 0.0, 0.0, 0.0, 0.0, 0.0, 0.0, 0.0, 0.0, 0.0, 0.0, 0.0, 0.0, 0.0, 0.0, 0.0, 0.0], "coordinates": [["0.29120", "-2.80880", "0.64640"], ["-0.70970", "-1.73220", "1.06290"], ["-0.72150", "-0.43070", "0.20390"], ["-1.65850", "0.58900", "0.91310"], ["-1.80450", "1.87670", "0.11140"], ["-2.27920", "1.58640", "-1.28760"], ["-2.98800", "2.36680", "-1.91720"], ["-1.87340", "0.40040", "-1.83990"], ["-1.40520", "-0.69930", "-1.15690"], ["-1.54050", "-1.81440", "-1.65630"], ["0.71220", "0.11770", "0.05850"], ["1.37650", "0.69040", "1.16050"], ["2.67830", "1.18460", "1.04550"], ["3.35040", "1.10440", "-0.16910"], ["2.72520", "0.51970", "-1.26530"], ["1.42280", "0.02480", "-1.15220"], ["0.14790", "-3.70210", "1.26370"], ["1.32350", "-2.47760", "0.79370"], ["0.17070", "-3.10660", "-0.39790"], ["-0.50040", "-1.47970", "2.11110"], ["-1.71230", "-2.18040", "1.05380"], ["-2.65530", "0.14020", "1.03340"], ["-1.31260", "0.83020", "1.92450"], ["-2.54560", "2.51940", "0.59960"], ["-0.86510", "2.43500", "0.05180"], ["-2.30050", "0.19330", "-2.73270"], ["0.89550", "0.75140", "2.13390"], ["3.16980", "1.62580", "1.90900"], ["4.36430", "1.48520", "-0.25860"], ["3.25440", "0.43880", "-2.21180"], ["0.98950", "-0.44820", "-2.03130"]], "bond_dist": [[0.0, 1.5278549080328279, 2.622351454324916, 3.9265129338893057, 5.160629200010402, 5.446567285915047, 6.641689014098748, 4.6006679395496475, 3.252638021667951, 3.1058627690224823, 3.014509854022707, 3.6995372061921477, 4.669557878429178, 5.033575183703925, 4.545092423702735, 3.541859607607281, 1.0952529707788972, 1.0940904989990543, 1.0925967142546238, 2.1303716717981396, 2.1388954088500913, 4.186673172102164, 4.177084515544305, 6.0365006187359915, 5.402593570684362, 5.210357963710362, 3.9054908500724976, 5.435639233797622, 5.987286915623804, 5.243736000219691, 3.6373249153739344], [1.5278549080328279, 0.0, 1.5594622438520274, 2.512096916920205, 3.8894856343737794, 4.359046508125372, 5.556388026407083, 3.785291044292367, 2.545214077440246, 2.8444743134716473, 2.5402261670961503, 3.198553885742743, 4.470634071359453, 5.103776598755083, 4.721239970600944, 3.541366016101696, 2.1578471702138686, 2.182198900192189, 2.190437435764829, 1.0983105116495973, 1.098258990402537, 2.7003909661380514, 2.769790015506591, 4.654167837540885, 4.290923934305991, 4.543652082851414, 3.1451513477096773, 5.200247057592552, 6.151707162243664, 5.581307185597295, 3.756329362555951], [2.622351454324916, 1.5594622438520274, 0.0, 1.5558668741251613, 2.5505960107394503, 2.952912790788106, 4.178767008341096, 2.488919295597991, 1.5464049566656206, 2.4588067695530693, 1.5418752900283472, 2.5638940637241627, 3.856957958028581, 4.367611546371769, 3.865430078270722, 2.5776946968172942, 3.5469832759684676, 2.952911893368984, 2.884202643712816, 2.187852383045986, 2.1829944434194055, 2.180270510739436, 2.213533912096221, 3.490989732153333, 2.8733241828933958, 3.3920843975349433, 2.781537238650599, 4.720039613181228, 5.454350621293061, 4.732802293567734, 2.8149504951242035], [3.9265129338893057, 2.512096916920205, 1.5558668741251613, 0.0, 1.5238799755886288, 2.4946253706719173, 3.597046174293569, 2.767807972024071, 2.4512808447829886, 3.5202374806254193, 2.5637245054802595, 3.04675462090402, 4.379509488515809, 5.150327485704186, 4.895615869326351, 3.7520921390605535, 4.668997807881259, 4.279090548235688, 4.326910329553872, 2.6562980442713875, 2.7734936974869804, 1.0997744177784823, 1.0957893091283561, 2.147480574999457, 2.186100924019749, 3.722982692680695, 2.8354263171523257, 5.037782442702345, 6.200820523930684, 5.824443875598768, 4.0935533708503185], [5.160629200010402, 3.8894856343737794, 2.5505960107394503, 1.5238799755886288, 0.0, 1.505594626717298, 2.399184907421685, 2.4478113877502903, 2.8989310754138327, 4.101058217094705, 3.0709376906736483, 3.5534039314437647, 4.631095017379799, 5.219973328475922, 4.9249298451856145, 3.9295908005796227, 6.021849424387827, 5.404613379326962, 5.384615159879116, 4.118846666240441, 4.166134780584997, 2.1422831022066156, 2.1504556424162766, 1.0957334256104447, 1.0944055052858608, 3.34196893612134, 3.556234854449295, 5.295089901030954, 6.1922746781776405, 5.749546404717505, 4.2193316176854365], [5.446567285915047, 4.359046508125372, 2.952912790788106, 2.4946253706719173, 1.505594626717298, 0.0, 1.22793231083802, 1.3697828039510498, 2.4505882926350564, 3.499579691905873, 3.5940977810849835, 4.490005801777989, 5.493778763292166, 5.75984048477039, 5.116870678451821, 4.020165633403679, 6.35359570243496, 5.816128693555534, 5.368223644745066, 4.910830921544743, 4.47127630660419, 2.7604323302700253, 3.4385666214281794, 2.1220230441727064, 2.124568928041639, 2.0073602840546587, 4.7415827884789685, 6.317547381698059, 6.72347935893314, 5.7264177598215795, 3.921362842176174], [6.641689014098748, 5.556388026407083, 4.178767008341096, 3.597046174293569, 2.399184907421685, 1.22793231083802, 0.0, 2.261644846124166, 3.5333102241382655, 4.432353607283607, 4.759550539704353, 5.597447141331484, 6.50247213142817, 6.695134198057572, 6.03965282611509, 5.052261438207648, 7.535485440898948, 7.028955997870523, 6.49952042384667, 6.1000751552747285, 5.579541139735417, 3.711398282318943, 4.463940368105291, 2.5599388195814368, 2.8962590785356204, 2.4211151872639185, 5.839734636094349, 7.287481614385041, 7.588444360341584, 6.539994718652301, 4.874192246926664], [4.6006679395496475, 3.785291044292367, 2.488919295597991, 2.767807972024071, 2.4478113877502903, 1.3697828039510498, 2.261644846124166, 0.0, 1.376604638231326, 2.2471916718428804, 3.2201194403313678, 4.432645955859773, 5.445959574767334, 5.529491394332755, 4.635894693583969, 3.388058601913491, 5.527069105773873, 5.043699294168913, 4.307755542042747, 4.585881159602809, 3.8807192039620695, 2.989134413170475, 3.8301347287008065, 3.3004808876889444, 2.9554686498083518, 1.0111363211753397, 4.856036928401596, 6.40232165780508, 6.525810449285207, 5.1414119665710505, 2.9921484471864024], [3.252638021667951, 2.545214077440246, 1.5464049566656206, 2.4512808447829886, 2.8989310754138327, 2.4505882926350564, 3.5333102241382655, 1.376604638231326, 0.0, 1.2292902261061056, 2.5745036259442324, 3.8780747465720666, 5.007456162563981, 5.181198113371076, 4.307889938241226, 2.9192339577361732, 4.157911953132245, 3.7964450397707585, 2.9756738900625517, 3.4795849177739573, 2.6786493070202377, 2.6579925413740346, 3.4413617900476554, 3.840030481649853, 3.402425633279881, 2.0202580255997002, 4.269322618402128, 5.977997810304049, 6.23426927474263, 4.911207364793306, 2.561681998219139], [3.1058627690224823, 2.8444743134716473, 2.4588067695530693, 3.5202374806254193, 4.101058217094705, 3.499579691905873, 4.432353607283607, 2.2471916718428804, 1.2292902261061056, 0.0, 3.427565716364896, 4.766264184872677, 5.83883530166762, 5.886600045017498, 4.878227167732146, 3.5239069709627695, 3.8652950534208896, 3.8268564436100814, 2.4862736856589223, 3.922643860969283, 2.740093657158456, 3.5068114135208353, 4.457350806252522, 4.988099163007888, 4.629381290194187, 2.4014779303587197, 5.184885888811826, 6.8361733608796085, 6.907068009655037, 5.326965036491229, 2.899659883503581], [3.014509854022707, 2.5402261670961503, 1.5418752900283472, 2.5637245054802595, 3.0709376906736483, 3.5940977810849835, 4.759550539704353, 3.2201194403313678, 2.5745036259442324, 3.427565716364896, 0.0, 1.4084330939025822, 2.444993623713567, 2.8258587880501036, 2.442584581954123, 1.406903429521728, 4.044973865181332, 2.7658251607793285, 3.3011564185903097, 2.8697129264091905, 3.485697340561857, 3.5058511819528224, 2.844191851827158, 4.083407026001694, 2.8031766747745315, 4.107660415613735, 2.177718930440749, 3.4261514298115894, 3.912600550784606, 3.423470189734387, 2.182751048562341], [3.6995372061921477, 3.198553885742743, 2.5638940637241627, 3.04675462090402, 3.5534039314437647, 4.490005801777989, 5.597447141331484, 4.432645955859773, 3.8780747465720666, 4.766264184872677, 1.4084330939025822, 0.0, 1.3971907099605265, 2.415680726006647, 2.7807617337700834, 2.4070206355575765, 4.562254316672844, 3.1896042450435758, 4.277823418515542, 3.022536679678181, 4.218241691747878, 4.071152869888333, 2.7990174794023703, 4.363796308261878, 3.0491991423978857, 5.378145000834396, 1.0874693374987638, 2.1566525682177, 3.4018378400505807, 3.868102669268229, 3.4108307199273318], [4.669557878429178, 4.470634071359453, 3.856957958028581, 4.379509488515809, 4.631095017379799, 5.493778763292166, 6.50247213142817, 5.445959574767334, 5.007456162563981, 5.83883530166762, 2.444993623713567, 1.3971907099605265, 0.0, 1.3904688453899283, 2.4050131517311923, 2.7841159422696466, 5.507301724982934, 3.912875556416278, 5.175505652590865, 4.282304466055631, 5.531786533300069, 5.434906322099766, 4.101892632675799, 5.41014316446432, 3.8867239945743512, 6.328184603027949, 2.1332258764603433, 1.0871347386593806, 2.1525875522263895, 3.3908866303667544, 3.8710178919762175], [5.033575183703925, 5.103776598755083, 4.367611546371769, 5.150327485704186, 5.219973328475922, 5.75984048477039, 6.695134198057572, 5.529491394332755, 5.181198113371076, 5.886600045017498, 2.8258587880501036, 2.415680726006647, 1.3904688453899283, 0.0, 1.3908283754654993, 2.4181942705250132, 5.950744855898293, 4.226822855289774, 5.28160605592655, 5.167740849733082, 6.15762346526645, 6.2003322798056555, 5.118780675121762, 6.1119506452523, 4.4260290803382665, 6.271747681468061, 3.3845165105225887, 2.1501102134541847, 1.0867438060555026, 2.150549383297208, 3.384110578867068], [4.545092423702735, 4.721239970600944, 3.865430078270722, 4.895615869326351, 4.9249298451856145, 5.116870678451821, 6.03965282611509, 4.635894693583969, 4.307889938241226, 4.878227167732146, 2.442584581954123, 2.7807617337700834, 2.4050131517311923, 1.3908283754654993, 0.0, 1.3978424017034252, 5.555349811668028, 3.8971850328153526, 4.519723962810118, 5.079583908156258, 5.688600097563548, 5.863260372011463, 5.155100690578216, 5.937843441856647, 4.2770761730415785, 5.245708742391251, 3.8673049556506407, 3.3907678864823527, 2.152274134491236, 1.087409628428956, 2.129845276070541], [3.541859607607281, 3.541366016101696, 2.5776946968172942, 3.7520921390605535, 3.9295908005796227, 4.020165633403679, 5.052261438207648, 3.388058601913491, 2.9192339577361732, 3.5239069709627695, 1.406903429521728, 2.4070206355575765, 2.7841159422696466, 2.4181942705250132, 1.3978424017034252, 0.0, 4.620792835650609, 3.1714969746162454, 3.455776158838995, 4.07570182667967, 4.42246481614043, 4.62828954690607, 4.194897520798333, 5.0040014948039335, 3.534567363907498, 4.048374413267626, 3.406529914737283, 3.8711956085943267, 3.4034851799295383, 2.1561323521528077, 1.0882530496166782], [1.0952529707788972, 2.1578471702138686, 3.5469832759684676, 4.668997807881259, 6.021849424387827, 6.35359570243496, 7.535485440898948, 5.527069105773873, 4.157911953132245, 3.8652950534208896, 4.044973865181332, 4.562254316672844, 5.507301724982934, 5.950744855898293, 5.555349811668028, 4.620792835650609, 0.0, 1.7613448299523864, 1.7652350126824474, 2.4652467239609104, 2.412462007991006, 4.761747328449926, 4.807438005840533, 6.811977195352316, 6.337102415142113, 6.094260962577826, 4.598892915691775, 6.15912413497244, 6.855910409274614, 6.235101868454116, 4.706716559343679], [1.0940904989990543, 2.182198900192189, 2.952911893368984, 4.279090548235688, 5.404613379326962, 5.816128693555534, 7.028955997870523, 5.043699294168913, 3.7964450397707585, 3.8268564436100814, 2.7658251607793285, 3.1896042450435758, 3.912875556416278, 4.226822855289774, 3.8971850328153526, 3.1714969746162454, 1.7613448299523864, 0.0, 1.7732736393461668, 2.461292014369689, 3.0613822841977774, 4.768771578719199, 4.378272797576688, 6.322785669307477, 5.428998464726251, 5.718616945555979, 3.5221812900530827, 4.635796516241842, 5.104662943819112, 4.611593436112945, 3.4943733858876613], [1.0925967142546238, 2.190437435764829, 2.884202643712816, 4.326910329553872, 5.384615159879116, 5.368223644745066, 6.49952042384667, 4.307755542042747, 2.9756738900625517, 2.4862736856589223, 3.3011564185903097, 4.277823418515542, 5.175505652590865, 5.28160605592655, 4.519723962810118, 3.455776158838995, 1.7652350126824474, 1.7732736393461668, 0.0, 3.064679399219435, 2.551659916603308, 4.536144390338561, 4.805425568042855, 6.326544707816423, 5.655478962033189, 4.737875102828271, 4.671135866146477, 6.0590426785095355, 6.220153751315156, 5.036794621582262, 3.2257587572538653], [2.1303716717981396, 1.0983105116495973, 2.187852383045986, 2.6562980442713875, 4.118846666240441, 4.910830921544743, 6.1000751552747285, 4.585881159602809, 3.4795849177739573, 3.922643860969283, 2.8697129264091905, 3.022536679678181, 4.282304466055631, 5.167740849733082, 5.079583908156258, 4.07570182667967, 2.4652467239609104, 2.461292014369689, 3.064679399219435, 0.0, 1.7542991164564838, 2.9032924947376553, 2.4556315704926095, 4.73922737373931, 4.438310339532377, 5.431545585742607, 2.6318935882744197, 4.811999864921028, 6.170203901817184, 6.038760609595317, 4.521423671809577], [2.1388954088500913, 1.098258990402537, 2.1829944434194055, 2.7734936974869804, 4.166134780584997, 4.47127630660419, 5.579541139735417, 3.8807192039620695, 2.6786493070202377, 2.740093657158456, 3.485697340561857, 4.218241691747878, 5.531786533300069, 6.15762346526645, 5.688600097563548, 4.42246481614043, 2.412462007991006, 3.0613822841977774, 2.551659916603308, 1.7542991164564838, 0.0, 2.5049649738070197, 3.1593655913806495, 4.79466438554358, 4.798298552612166, 4.507550685239158, 4.069728257513025, 6.249274029037293, 7.21693041950662, 6.495572406647469, 4.451750452350176], [4.186673172102164, 2.7003909661380514, 2.180270510739436, 1.0997744177784823, 2.1422831022066156, 2.7604323302700253, 3.711398282318943, 2.989134413170475, 2.6579925413740346, 3.5068114135208353, 3.5058511819528224, 4.071152869888333, 5.434906322099766, 6.2003322798056555, 5.863260372011463, 4.62828954690607, 4.761747328449926, 4.768771578719199, 4.536144390338561, 2.9032924947376553, 2.5049649738070197, 0.0, 1.7529981460343875, 2.42091081413587, 3.0715568755925715, 3.7831484057594142, 3.767339423253498, 6.0749874674767845, 7.263131085145029, 6.748706475318067, 4.7982463140193214], [4.177084515544305, 2.769790015506591, 2.213533912096221, 1.0957893091283561, 2.1504556424162766, 3.4385666214281794, 4.463940368105291, 3.8301347287008065, 3.4413617900476554, 4.457350806252522, 2.844191851827158, 2.7990174794023703, 4.101892632675799, 5.118780675121762, 5.155100690578216, 4.194897520798333, 4.807438005840533, 4.378272797576688, 4.805425568042855, 2.4556315704926095, 3.1593655913806495, 1.7529981460343875, 0.0, 2.475690943958878, 2.5065204128432708, 4.80323847627827, 2.219406093981, 4.552486064778233, 6.11736415623592, 6.174112134550198, 4.752086342860365], [6.0365006187359915, 4.654167837540885, 3.490989732153333, 2.147480574999457, 1.0957334256104447, 2.1220230441727064, 2.5599388195814368, 3.3004808876889444, 3.840030481649853, 4.988099163007888, 4.083407026001694, 4.363796308261878, 5.41014316446432, 6.1119506452523, 5.937843441856647, 5.0040014948039335, 6.811977195352316, 6.322785669307477, 6.326544707816423, 4.73922737373931, 4.79466438554358, 2.42091081413587, 2.475690943958878, 0.0, 1.769544701328565, 4.071245326678313, 4.1618589236061325, 5.931175809230409, 7.039374609295914, 6.772951079108722, 5.312740966770354], [5.402593570684362, 4.290923934305991, 2.8733241828933958, 2.186100924019749, 1.0944055052858608, 2.124568928041639, 2.8962590785356204, 2.9554686498083518, 3.402425633279881, 4.629381290194187, 2.8031766747745315, 3.0491991423978857, 3.8867239945743512, 4.4260290803382665, 4.2770761730415785, 3.534567363907498, 6.337102415142113, 5.428998464726251, 5.655478962033189, 4.438310339532377, 4.798298552612166, 3.0715568755925715, 2.5065204128432708, 1.769544701328565, 0.0, 3.852146453602199, 3.2045844863258015, 4.514910241632718, 5.324010946645395, 5.1067582329693275, 4.011444753452302], [5.210357963710362, 4.543652082851414, 3.3920843975349433, 3.722982692680695, 3.34196893612134, 2.0073602840546587, 2.4211151872639185, 1.0111363211753397, 2.0202580255997002, 2.4014779303587197, 4.107660415613735, 5.378145000834396, 6.328184603027949, 6.271747681468061, 5.245708742391251, 4.048374413267626, 6.094260962577826, 5.718616945555979, 4.737875102828271, 5.431545585742607, 4.507550685239158, 3.7831484057594142, 4.80323847627827, 4.071245326678313, 3.852146453602199, 0.0, 5.848904783803545, 7.315846993342603, 7.225630454154156, 5.584668393915614, 3.4245560602799303], [3.9054908500724976, 3.1451513477096773, 2.781537238650599, 2.8354263171523257, 3.556234854449295, 4.7415827884789685, 5.839734636094349, 4.856036928401596, 4.269322618402128, 5.184885888811826, 2.177718930440749, 1.0874693374987638, 2.1332258764603433, 3.3845165105225887, 3.8673049556506407, 3.406529914737283, 4.598892915691775, 3.5221812900530827, 4.671135866146477, 2.6318935882744197, 4.069728257513025, 3.767339423253498, 2.219406093981, 4.1618589236061325, 3.2045844863258015, 5.848904783803545, 0.0, 2.446956448325144, 4.277276251307601, 4.954516773611732, 4.335523866847005], [5.435639233797622, 5.200247057592552, 4.720039613181228, 5.037782442702345, 5.295089901030954, 6.317547381698059, 7.287481614385041, 6.40232165780508, 5.977997810304049, 6.8361733608796085, 3.4261514298115894, 2.1566525682177, 1.0871347386593806, 2.1501102134541847, 3.3907678864823527, 3.8711956085943267, 6.15912413497244, 4.635796516241842, 6.0590426785095355, 4.811999864921028, 6.249274029037293, 6.0749874674767845, 4.552486064778233, 5.931175809230409, 4.514910241632718, 7.315846993342603, 2.446956448325144, 0.0, 2.4789288755428225, 4.289186263150622, 4.957937895940206], [5.987286915623804, 6.151707162243664, 5.454350621293061, 6.200820523930684, 6.1922746781776405, 6.72347935893314, 7.588444360341584, 6.525810449285207, 6.23426927474263, 6.907068009655037, 3.912600550784606, 3.4018378400505807, 2.1525875522263895, 1.0867438060555026, 2.152274134491236, 3.4034851799295383, 6.855910409274614, 5.104662943819112, 6.220153751315156, 6.170203901817184, 7.21693041950662, 7.263131085145029, 6.11736415623592, 7.039374609295914, 5.324010946645395, 7.225630454154156, 4.277276251307601, 2.4789288755428225, 0.0, 2.478269801696337, 4.27431583882146], [5.243736000219691, 5.581307185597295, 4.732802293567734, 5.824443875598768, 5.749546404717505, 5.7264177598215795, 6.539994718652301, 5.1414119665710505, 4.911207364793306, 5.326965036491229, 3.423470189734387, 3.868102669268229, 3.3908866303667544, 2.150549383297208, 1.087409628428956, 2.1561323521528077, 6.235101868454116, 4.611593436112945, 5.036794621582262, 6.038760609595317, 6.495572406647469, 6.748706475318067, 6.174112134550198, 6.772951079108722, 5.1067582329693275, 5.584668393915614, 4.954516773611732, 4.289186263150622, 2.478269801696337, 0.0, 2.439082052740334], [3.6373249153739344, 3.756329362555951, 2.8149504951242035, 4.0935533708503185, 4.2193316176854365, 3.921362842176174, 4.874192246926664, 2.9921484471864024, 2.561681998219139, 2.899659883503581, 2.182751048562341, 3.4108307199273318, 3.8710178919762175, 3.384110578867068, 2.129845276070541, 1.0882530496166782, 4.706716559343679, 3.4943733858876613, 3.2257587572538653, 4.521423671809577, 4.451750452350176, 4.7982463140193214, 4.752086342860365, 5.312740966770354, 4.011444753452302, 3.4245560602799303, 4.335523866847005, 4.957937895940206, 4.27431583882146, 2.439082052740334, 0.0]]}