{"total energy": -47.31047313, "HOMO-LUMO gap/eV": 3.39664961, "electronic energy": -47.75358653, "dipole": [1.78793901, 2.10301602, 0.16034011], "partial charges": [-0.11311897, 0.09328338, -0.26421266, 0.3833711, -0.39502522, -0.27395942, 0.09657932, -0.11202871, -0.11264883, -0.00208592, -0.00614718, -0.19730913, -0.0010061, -0.09985578, 0.06162134, 0.05653325, 0.05592805, 0.05064196, 0.04740585, 0.04819696, 0.0535095, 0.05636398, 0.05254607, 0.05653312, 0.06812845, 0.06158029, 0.06630534, 0.04733974, 0.04268724, 0.05400119, 0.04922263, 0.04067014, 0.03494899], "atomic dipole moments": [[-0.03766448, -0.06005481, -0.1293041], [-0.06875592, 0.24703743, -0.11031234], [0.01742639, -0.17537199, -0.03187834], [0.17475147, 0.13317886, 0.07950776], [0.32845325, 0.24808308, 0.0120457], [-0.12703961, -0.0444961, 0.14503148], [0.22749593, -0.08163805, -0.13124312], [-0.03363109, -0.13709881, 0.01889196], [-0.27738844, 0.39223695, 0.19887577], [-0.06246979, -0.11785175, 0.09754821], [0.04629051, -0.12400037, -0.03178523], [0.05773392, 0.10663321, -0.42190216], [-0.06683038, 0.100777, 0.05632487], [-0.05706303, -0.09119254, 0.03061591], [0.09096457, 0.09104724, -0.00686454], [0.04184378, -0.09658351, 0.07604104], [-0.09657987, 0.05981969, 0.05793771], [-0.09422801, -0.07669924, 0.00986561], [0.09518649, -0.05015419, -0.0580743], [0.00342608, -0.03629763, 0.11910183], [-0.10501894, -0.03104434, -0.05671967], [0.00863404, 0.03477653, -0.12284496], [0.11372405, 0.03101861, 0.04739723], [-0.09147647, 0.07126843, 0.05847741], [0.09454342, -0.01456185, -0.08280589], [-0.08189816, 0.07564163, -0.06398613], [-0.09788952, 0.03732596, 0.07351225], [0.05595675, 0.11028127, -0.01697777], [-0.04127605, -0.07179405, -0.0973927], [0.08478678, -0.0740323, 0.05759832], [0.04523572, 0.0701915, 0.09946167], [0.1007693, -0.02993421, -0.07124563], [-0.07132201, 0.07348725, -0.07374785]], "atomic quadrupole moments": [[-0.11573379, 0.03164088, -0.09618687, 0.10687536, 0.12190864, 0.21192066], [-0.29577345, -0.16758866, 0.14566764, 0.22648255, -0.25640194, 0.15010581], [-0.09157124, -0.04042866, 0.04006764, 0.06408167, -0.05278855, 0.0515036], [-0.29920477, -0.90819674, 0.02536922, -0.18236036, -0.30837308, 0.27383555], [0.38020671, 0.46844536, -0.02621134, 0.04538287, 0.05762894, -0.35399538], [0.00722516, -0.06567018, 0.04742203, -0.07717744, -0.00112141, -0.05464719], [0.06853069, -0.24628567, 0.15496357, -0.28657645, 0.14708276, -0.22349425], [-0.12273073, 0.06667532, 0.26605004, -0.00830745, -0.03251215, -0.14331931], [0.19639872, 0.14345669, 0.14245038, -0.4328422, 0.10074873, -0.3388491], [-0.12905722, 0.26808646, 0.21065954, 0.02574168, 0.01396421, -0.08160232], [-0.05601679, -0.1256631, -0.03251257, 0.22856703, -0.05280494, 0.08852936], [0.24464798, -0.44556091, -0.35084293, -0.10208935, -0.21484071, 0.10619495], [0.0826827, 0.01485196, -0.05173189, -0.29854671, -0.01057946, -0.03095081], [-0.02440807, 0.12591618, 0.11713412, -0.07495719, -0.09078442, -0.09272605], [0.02388366, 0.06175659, 0.00396769, -0.01992043, -0.00562573, -0.02785135], [-0.03784641, -0.03235511, 0.03984213, 0.02518435, -0.04902108, -0.00199572], [0.04971503, -0.03605805, -0.02821939, -0.03467413, 0.02890769, -0.02149563], [0.01010278, 0.02757829, -0.00102758, 0.00655019, -0.02333822, -0.00907519], [0.0140475, -0.03127386, -0.01921371, -0.01300661, -0.00869513, 0.00516621], [-0.02637335, -0.02762595, -0.00137602, -0.0066196, -0.0036167, 0.02774937], [0.02706605, -0.00469299, -0.00828525, 0.02370527, 0.02133758, -0.0187808], [-0.04722122, 0.0099622, -0.02993956, 0.00624748, -0.02015849, 0.07716079], [0.0491987, 0.0198257, -0.03099698, 0.05465018, -0.00102847, -0.01820173], [0.02645995, -0.04299202, -0.00608143, -0.04927847, 0.02698797, -0.02037852], [0.03752263, -0.00089516, -0.02141624, -0.03758421, 0.02525484, -0.01610639], [0.00536316, -0.01523245, 0.03085759, 0.02601505, -0.01358683, -0.03622075], [0.04213305, -0.01186401, -0.04516371, -0.02569096, 0.00207764, 0.00303066], [-0.00631361, 0.03634354, 0.01416024, 0.00913906, -0.04315899, -0.00784663], [-0.0034304, 0.02693047, -0.03294369, 0.0079693, 0.02210203, 0.0363741], [0.02537689, -0.02898373, -0.01258907, 0.02066949, -0.03522993, -0.01278782], [-0.03798083, 0.02423471, -0.00882322, 0.02227858, 0.0375458, 0.04680406], [0.02769481, -0.03118385, -0.01652648, -0.05805152, 0.01729537, -0.01116833], [0.02284017, -0.03240631, -0.00482442, 0.04381597, -0.03760743, -0.01801576]], "number of molecular orbitals": 95, "number of electrons": 86, "number of unpaired electrons": 0, "orbital energies/eV": [-20.37760218, -20.07162069, -19.92819888, -19.56172282, -18.81839306, -18.39860783, -17.94136874, -17.7438868, -17.28781357, -17.03906221, -16.6876399, -16.5757217, -16.43749769, -16.04689403, -15.95093665, -15.59397079, -15.54044708, -15.0855131, -14.97878713, -14.81796395, -14.6658504, -14.35014881, -14.28827319, -14.06360558, -13.79284704, -13.68956385, -13.51828947, -13.42827026, -13.29006958, -13.11249691, -13.06878576, -12.97708491, -12.88840248, -12.70229777, -12.53961916, -12.44346637, -12.1619441, -12.08091392, -11.80132506, -10.94966142, -10.04898613, -9.93326794, -9.86803748, -6.47138786, -6.0597806, -5.72478703, -4.38463014, -4.18792259, -3.67463058, -2.96671179, -1.10275682, -0.58163864, -0.50240523, -0.41040523, -0.2670574, 0.06100772, 0.33022085, 0.5587618, 0.85580535, 0.90223313, 2.06734197, 2.37535874, 2.64472043, 2.82812977, 3.01048619, 3.13657475, 3.34572943, 3.4909406, 3.57301101, 3.64608101, 3.69732632, 3.96327658, 4.06126935, 4.24440268, 4.38885159, 4.4775341, 4.55254294, 4.67036377, 5.12806435, 5.57994574, 5.78680818, 6.04827377, 6.32110821, 6.36801885, 6.44682556, 6.80076167, 7.05000132, 7.51061554, 9.29230098, 10.80534893, 11.53278733, 11.6369828, 26.01393424, 27.2139576, 35.88422524], "fractional occupation": [2.0, 2.0, 2.0, 2.0, 2.0, 2.0, 2.0, 2.0, 2.0, 2.0, 2.0, 2.0, 2.0, 2.0, 2.0, 2.0, 2.0, 2.0, 2.0, 2.0, 2.0, 2.0, 2.0, 2.0, 2.0, 2.0, 2.0, 2.0, 2.0, 2.0, 2.0, 2.0, 2.0, 2.0, 2.0, 2.0, 2.0, 2.0, 2.0, 2.0, 2.0, 2.0, 2.0, 0.0, 0.0, 0.0, 0.0, 0.0, 0.0, 0.0, 0.0, 0.0, 0.0, 0.0, 0.0, 0.0, 0.0, 0.0, 0.0, 0.0, 0.0, 0.0, 0.0, 0.0, 0.0, 0.0, 0.0, 0.0, 0.0, 0.0, 0.0, 0.0, 0.0, 0.0, 0.0, 0.0, 0.0, 0.0, 0.0, 0.0, 0.0, 0.0, 0.0, 0.0, 0.0, 0.0, 0.0, 0.0, 0.0, 0.0, 0.0, 0.0, 0.0, 0.0, 0.0], "program call": "xtb /home/svss/Project-DBcg-Debug/aqme2_20220329/End-to-End-workflows-final/example-3/QDESCP/mol_961_rdkit_conf_1/mol_961_rdkit_conf_1.xyz --pop --wbo --acc 0.2 --gfn 2 --chrg 0 --uhf 0 --etemp 300 --input /home/svss/Project-DBcg-Debug/aqme2_20220329/End-to-End-workflows-final/example-3/QDESCP/mol_961_rdkit_conf_1/mol_961_rdkit_conf_1_xtb.inp", "method": "GFN2-xTB", "xtb version": "6.3.3 (7355c4f)", "Dipole module/D": 7.028, "Total charge": 0, "Transition dipole module/D": NaN, "HOMO": -9.868, "LUMO": -6.4714, "HOMO occupancy": 2.0, "LUMO occupancy": 0, "mulliken charges": [-0.09488, 0.20642, -0.37971, 0.37649, -0.22031, -0.38302, 0.21302, -0.09657, -0.07728, 0.02815, 0.00481, -0.13528, 0.01702, -0.08879, 0.04215, 0.0315, 0.03984, 0.02464, 0.02129, 0.03463, 0.026, 0.03928, 0.03901, 0.03117, 0.03286, 0.04534, 0.05275, 0.02555, 0.02292, 0.03237, 0.03101, 0.03054, 0.02709], "cm5 charges": [-0.24143, 0.12805, -0.44567, 0.31599, -0.19103, -0.44693, 0.13494, -0.24307, -0.07976, -0.06018, -0.08525, -0.18163, -0.07755, -0.2371, 0.09594, 0.08274, 0.09312, 0.08942, 0.08687, 0.10282, 0.0901, 0.09261, 0.09248, 0.0824, 0.09004, 0.10449, 0.11475, 0.08202, 0.07928, 0.08812, 0.08273, 0.08135, 0.07932], "FUKUI+": [0.01, 0.017, -0.004, -0.132, -0.165, -0.006, 0.013, 0.011, -0.258, 0.04, 0.027, -0.148, 0.012, 0.017, -0.005, -0.023, -0.019, -0.018, -0.002, -0.017, -0.022, -0.015, -0.009, -0.028, -0.041, -0.049, -0.028, -0.05, -0.017, -0.03, -0.019, -0.03, -0.011], "FUKUI-": [0.01, 0.014, 0.006, -0.102, -0.309, 0.003, 0.013, 0.008, -0.069, 0.025, 0.042, -0.288, 0.033, 0.016, -0.003, -0.021, -0.018, -0.011, -0.001, -0.009, -0.011, -0.014, -0.007, -0.023, -0.031, -0.035, -0.026, -0.048, -0.036, -0.034, -0.019, -0.037, -0.017], "FUKUIrad": [0.01, 0.016, 0.001, -0.117, -0.237, -0.002, 0.013, 0.01, -0.163, 0.032, 0.035, -0.218, 0.022, 0.016, -0.004, -0.022, -0.019, -0.015, -0.002, -0.013, -0.016, -0.014, -0.008, -0.025, -0.036, -0.042, -0.027, -0.049, -0.026, -0.032, -0.019, -0.033, -0.014], "s proportion": [1.012, 0.992, 1.658, 1.52, 1.892, 1.654, 0.993, 1.012, 1.911, 1.04, 1.042, 1.932, 1.033, 1.01, 0.958, 0.969, 0.96, 0.975, 0.979, 0.965, 0.974, 0.961, 0.961, 0.969, 0.967, 0.955, 0.947, 0.974, 0.977, 0.968, 0.969, 0.969, 0.973], "p proportion": [3.083, 2.802, 4.721, 2.028, 4.343, 4.729, 2.794, 3.084, 4.171, 2.931, 2.953, 4.204, 2.95, 3.078, 0.0, 0.0, 0.0, 0.0, 0.0, 0.0, 0.0, 0.0, 0.0, 0.0, 0.0, 0.0, 0.0, 0.0, 0.0, 0.0, 0.0, 0.0, 0.0], "d proportion": [0.0, 0.0, 0.0, 1.076, -0.014, 0.0, 0.0, 0.0, -0.005, 0.0, 0.0, -0.001, 0.0, 0.0, 0.0, 0.0, 0.0, 0.0, 0.0, 0.0, 0.0, 0.0, 0.0, 0.0, 0.0, 0.0, 0.0, 0.0, 0.0, 0.0, 0.0, 0.0, 0.0], "Fermi-level/eV": -8.1697, "Coordination numbers": [3.749, 3.902, 1.658, 3.912, 0.926, 1.658, 3.893, 3.749, 1.91, 3.806, 3.807, 1.976, 3.792, 3.773, 0.924, 0.924, 0.924, 0.924, 0.924, 0.924, 0.924, 0.924, 0.924, 0.924, 0.924, 0.924, 0.924, 0.924, 0.924, 0.924, 0.924, 0.924, 0.924], "Dispersion coefficient C6": [22.731, 18.988, 18.395, 144.317, 156.39, 18.56, 18.939, 22.709, 145.765, 20.614, 20.683, 149.442, 20.607, 22.436, 2.18, 2.24, 2.247, 2.312, 2.353, 2.343, 2.277, 2.242, 2.288, 2.24, 2.106, 2.181, 2.127, 2.353, 2.413, 2.271, 2.33, 2.44, 2.517], "Total dispersion C6": 14947.549462, "Total dispersion C8": 461794.658182, "Polarizability alpha": [6.8, 6.194, 5.79, 21.58, 21.152, 5.816, 6.187, 6.797, 20.321, 6.463, 6.474, 20.575, 6.465, 6.749, 2.309, 2.341, 2.344, 2.378, 2.399, 2.394, 2.36, 2.342, 2.366, 2.341, 2.27, 2.309, 2.281, 2.399, 2.429, 2.357, 2.387, 2.443, 2.481], "Total polarizability alpha": 192.289215, "Wiberg matrix": [[0.0, 1.0161072925516548, 0.0, 0.0, 0.0, 0.0, 0.0, 0.0, 0.0, 0.0, 0.0, 0.0, 0.0, 0.0, 0.9838186628085934, 0.981695302853258, 0.9849509288942989, 0.0, 0.0, 0.0, 0.0, 0.0, 0.0, 0.0, 0.0, 0.0, 0.0, 0.0, 0.0, 0.0, 0.0, 0.0, 0.0], [1.0161072925516548, 0.0, 0.9225043110325745, 0.0, 0.0, 0.0, 0.0, 0.0, 0.0, 0.0, 0.0, 0.0, 0.0, 0.0, 0.0, 0.0, 0.0, 0.9690965048255202, 0.9681098199181801, 0.0, 0.0, 0.0, 0.0, 0.0, 0.0, 0.0, 0.0, 0.0, 0.0, 0.0, 0.0, 0.0, 0.0], [0.0, 0.9225043110325745, 0.0, 1.231633401657397, 0.0, 0.0, 0.0, 0.0, 0.0, 0.0, 0.0, 0.0, 0.0, 0.0, 0.0, 0.0, 0.0, 0.0, 0.0, 0.0, 0.0, 0.0, 0.0, 0.0, 0.0, 0.0, 0.0, 0.0, 0.0, 0.0, 0.0, 0.0, 0.0], [0.0, 0.0, 1.231633401657397, 0.0, 1.5824709525070753, 1.230028557853531, 0.0, 0.0, 1.0263990652886588, 0.0, 0.0, 0.0, 0.0, 0.0, 0.0, 0.0, 0.0, 0.0, 0.0, 0.0, 0.0, 0.0, 0.0, 0.0, 0.0, 0.0, 0.0, 0.0, 0.0, 0.0, 0.0, 0.0, 0.0], [0.0, 0.0, 0.0, 1.5824709525070753, 0.0, 0.0, 0.0, 0.0, 0.11641880017862276, 0.0, 0.0, 0.0, 0.0, 0.0, 0.0, 0.0, 0.0, 0.0, 0.0, 0.0, 0.0, 0.0, 0.0, 0.0, 0.0, 0.0, 0.0, 0.0, 0.0, 0.0, 0.0, 0.0, 0.0], [0.0, 0.0, 0.0, 1.230028557853531, 0.0, 0.0, 0.9166136046406708, 0.0, 0.0, 0.0, 0.0, 0.0, 0.0, 0.0, 0.0, 0.0, 0.0, 0.0, 0.0, 0.0, 0.0, 0.0, 0.0, 0.0, 0.0, 0.0, 0.0, 0.0, 0.0, 0.0, 0.0, 0.0, 0.0], [0.0, 0.0, 0.0, 0.0, 0.0, 0.9166136046406708, 0.0, 1.0157072783861527, 0.0, 0.0, 0.0, 0.0, 0.0, 0.0, 0.0, 0.0, 0.0, 0.0, 0.0, 0.9695260128721883, 0.9708805498848387, 0.0, 0.0, 0.0, 0.0, 0.0, 0.0, 0.0, 0.0, 0.0, 0.0, 0.0, 0.0], [0.0, 0.0, 0.0, 0.0, 0.0, 0.0, 1.0157072783861527, 0.0, 0.0, 0.0, 0.0, 0.0, 0.0, 0.0, 0.0, 0.0, 0.0, 0.0, 0.0, 0.0, 0.0, 0.98482131018412, 0.9852852278614486, 0.9810110642016178, 0.0, 0.0, 0.0, 0.0, 0.0, 0.0, 0.0, 0.0, 0.0], [0.0, 0.0, 0.0, 1.0263990652886588, 0.11641880017862276, 0.0, 0.0, 0.0, 0.0, 0.9651654038796423, 0.0, 0.0, 0.0, 0.0, 0.0, 0.0, 0.0, 0.0, 0.0, 0.0, 0.0, 0.0, 0.0, 0.0, 0.0, 0.0, 0.0, 0.0, 0.0, 0.0, 0.0, 0.0, 0.0], [0.0, 0.0, 0.0, 0.0, 0.0, 0.0, 0.0, 0.0, 0.9651654038796423, 0.0, 1.0149734722197206, 0.0, 0.0, 0.0, 0.0, 0.0, 0.0, 0.0, 0.0, 0.0, 0.0, 0.0, 0.0, 0.0, 0.9627977500276492, 0.9658257406906144, 0.0, 0.0, 0.0, 0.0, 0.0, 0.0, 0.0], [0.0, 0.0, 0.0, 0.0, 0.0, 0.0, 0.0, 0.0, 0.0, 1.0149734722197206, 0.0, 0.9939972637899267, 0.0, 0.0, 0.0, 0.0, 0.0, 0.0, 0.0, 0.0, 0.0, 0.0, 0.0, 0.0, 0.0, 0.0, 0.9639281977276751, 0.965592495645211, 0.0, 0.0, 0.0, 0.0, 0.0], [0.0, 0.0, 0.0, 0.0, 0.0, 0.0, 0.0, 0.0, 0.0, 0.0, 0.9939972637899267, 0.0, 0.988098836258282, 0.0, 0.0, 0.0, 0.0, 0.0, 0.0, 0.0, 0.0, 0.0, 0.0, 0.0, 0.0, 0.0, 0.0, 0.0, 0.0, 0.0, 0.0, 0.0, 0.0], [0.0, 0.0, 0.0, 0.0, 0.0, 0.0, 0.0, 0.0, 0.0, 0.0, 0.0, 0.988098836258282, 0.0, 1.0264839327281203, 0.0, 0.0, 0.0, 0.0, 0.0, 0.0, 0.0, 0.0, 0.0, 0.0, 0.0, 0.0, 0.0, 0.0, 0.9727675447899268, 0.9703440756489885, 0.0, 0.0, 0.0], [0.0, 0.0, 0.0, 0.0, 0.0, 0.0, 0.0, 0.0, 0.0, 0.0, 0.0, 0.0, 1.0264839327281203, 0.0, 0.0, 0.0, 0.0, 0.0, 0.0, 0.0, 0.0, 0.0, 0.0, 0.0, 0.0, 0.0, 0.0, 0.0, 0.0, 0.0, 0.9860801845552237, 0.9795747207424887, 0.9845714986093352], [0.9838186628085934, 0.0, 0.0, 0.0, 0.0, 0.0, 0.0, 0.0, 0.0, 0.0, 0.0, 0.0, 0.0, 0.0, 0.0, 0.0, 0.0, 0.0, 0.0, 0.0, 0.0, 0.0, 0.0, 0.0, 0.0, 0.0, 0.0, 0.0, 0.0, 0.0, 0.0, 0.0, 0.0], [0.981695302853258, 0.0, 0.0, 0.0, 0.0, 0.0, 0.0, 0.0, 0.0, 0.0, 0.0, 0.0, 0.0, 0.0, 0.0, 0.0, 0.0, 0.0, 0.0, 0.0, 0.0, 0.0, 0.0, 0.0, 0.0, 0.0, 0.0, 0.0, 0.0, 0.0, 0.0, 0.0, 0.0], [0.9849509288942989, 0.0, 0.0, 0.0, 0.0, 0.0, 0.0, 0.0, 0.0, 0.0, 0.0, 0.0, 0.0, 0.0, 0.0, 0.0, 0.0, 0.0, 0.0, 0.0, 0.0, 0.0, 0.0, 0.0, 0.0, 0.0, 0.0, 0.0, 0.0, 0.0, 0.0, 0.0, 0.0], [0.0, 0.9690965048255202, 0.0, 0.0, 0.0, 0.0, 0.0, 0.0, 0.0, 0.0, 0.0, 0.0, 0.0, 0.0, 0.0, 0.0, 0.0, 0.0, 0.0, 0.0, 0.0, 0.0, 0.0, 0.0, 0.0, 0.0, 0.0, 0.0, 0.0, 0.0, 0.0, 0.0, 0.0], [0.0, 0.9681098199181801, 0.0, 0.0, 0.0, 0.0, 0.0, 0.0, 0.0, 0.0, 0.0, 0.0, 0.0, 0.0, 0.0, 0.0, 0.0, 0.0, 0.0, 0.0, 0.0, 0.0, 0.0, 0.0, 0.0, 0.0, 0.0, 0.0, 0.0, 0.0, 0.0, 0.0, 0.0], [0.0, 0.0, 0.0, 0.0, 0.0, 0.0, 0.9695260128721883, 0.0, 0.0, 0.0, 0.0, 0.0, 0.0, 0.0, 0.0, 0.0, 0.0, 0.0, 0.0, 0.0, 0.0, 0.0, 0.0, 0.0, 0.0, 0.0, 0.0, 0.0, 0.0, 0.0, 0.0, 0.0, 0.0], [0.0, 0.0, 0.0, 0.0, 0.0, 0.0, 0.9708805498848387, 0.0, 0.0, 0.0, 0.0, 0.0, 0.0, 0.0, 0.0, 0.0, 0.0, 0.0, 0.0, 0.0, 0.0, 0.0, 0.0, 0.0, 0.0, 0.0, 0.0, 0.0, 0.0, 0.0, 0.0, 0.0, 0.0], [0.0, 0.0, 0.0, 0.0, 0.0, 0.0, 0.0, 0.98482131018412, 0.0, 0.0, 0.0, 0.0, 0.0, 0.0, 0.0, 0.0, 0.0, 0.0, 0.0, 0.0, 0.0, 0.0, 0.0, 0.0, 0.0, 0.0, 0.0, 0.0, 0.0, 0.0, 0.0, 0.0, 0.0], [0.0, 0.0, 0.0, 0.0, 0.0, 0.0, 0.0, 0.9852852278614486, 0.0, 0.0, 0.0, 0.0, 0.0, 0.0, 0.0, 0.0, 0.0, 0.0, 0.0, 0.0, 0.0, 0.0, 0.0, 0.0, 0.0, 0.0, 0.0, 0.0, 0.0, 0.0, 0.0, 0.0, 0.0], [0.0, 0.0, 0.0, 0.0, 0.0, 0.0, 0.0, 0.9810110642016178, 0.0, 0.0, 0.0, 0.0, 0.0, 0.0, 0.0, 0.0, 0.0, 0.0, 0.0, 0.0, 0.0, 0.0, 0.0, 0.0, 0.0, 0.0, 0.0, 0.0, 0.0, 0.0, 0.0, 0.0, 0.0], [0.0, 0.0, 0.0, 0.0, 0.0, 0.0, 0.0, 0.0, 0.0, 0.9627977500276492, 0.0, 0.0, 0.0, 0.0, 0.0, 0.0, 0.0, 0.0, 0.0, 0.0, 0.0, 0.0, 0.0, 0.0, 0.0, 0.0, 0.0, 0.0, 0.0, 0.0, 0.0, 0.0, 0.0], [0.0, 0.0, 0.0, 0.0, 0.0, 0.0, 0.0, 0.0, 0.0, 0.9658257406906144, 0.0, 0.0, 0.0, 0.0, 0.0, 0.0, 0.0, 0.0, 0.0, 0.0, 0.0, 0.0, 0.0, 0.0, 0.0, 0.0, 0.0, 0.0, 0.0, 0.0, 0.0, 0.0, 0.0], [0.0, 0.0, 0.0, 0.0, 0.0, 0.0, 0.0, 0.0, 0.0, 0.0, 0.9639281977276751, 0.0, 0.0, 0.0, 0.0, 0.0, 0.0, 0.0, 0.0, 0.0, 0.0, 0.0, 0.0, 0.0, 0.0, 0.0, 0.0, 0.0, 0.0, 0.0, 0.0, 0.0, 0.0], [0.0, 0.0, 0.0, 0.0, 0.0, 0.0, 0.0, 0.0, 0.0, 0.0, 0.965592495645211, 0.0, 0.0, 0.0, 0.0, 0.0, 0.0, 0.0, 0.0, 0.0, 0.0, 0.0, 0.0, 0.0, 0.0, 0.0, 0.0, 0.0, 0.0, 0.0, 0.0, 0.0, 0.0], [0.0, 0.0, 0.0, 0.0, 0.0, 0.0, 0.0, 0.0, 0.0, 0.0, 0.0, 0.0, 0.9727675447899268, 0.0, 0.0, 0.0, 0.0, 0.0, 0.0, 0.0, 0.0, 0.0, 0.0, 0.0, 0.0, 0.0, 0.0, 0.0, 0.0, 0.0, 0.0, 0.0, 0.0], [0.0, 0.0, 0.0, 0.0, 0.0, 0.0, 0.0, 0.0, 0.0, 0.0, 0.0, 0.0, 0.9703440756489885, 0.0, 0.0, 0.0, 0.0, 0.0, 0.0, 0.0, 0.0, 0.0, 0.0, 0.0, 0.0, 0.0, 0.0, 0.0, 0.0, 0.0, 0.0, 0.0, 0.0], [0.0, 0.0, 0.0, 0.0, 0.0, 0.0, 0.0, 0.0, 0.0, 0.0, 0.0, 0.0, 0.0, 0.9860801845552237, 0.0, 0.0, 0.0, 0.0, 0.0, 0.0, 0.0, 0.0, 0.0, 0.0, 0.0, 0.0, 0.0, 0.0, 0.0, 0.0, 0.0, 0.0, 0.0], [0.0, 0.0, 0.0, 0.0, 0.0, 0.0, 0.0, 0.0, 0.0, 0.0, 0.0, 0.0, 0.0, 0.9795747207424887, 0.0, 0.0, 0.0, 0.0, 0.0, 0.0, 0.0, 0.0, 0.0, 0.0, 0.0, 0.0, 0.0, 0.0, 0.0, 0.0, 0.0, 0.0, 0.0], [0.0, 0.0, 0.0, 0.0, 0.0, 0.0, 0.0, 0.0, 0.0, 0.0, 0.0, 0.0, 0.0, 0.9845714986093352, 0.0, 0.0, 0.0, 0.0, 0.0, 0.0, 0.0, 0.0, 0.0, 0.0, 0.0, 0.0, 0.0, 0.0, 0.0, 0.0, 0.0, 0.0, 0.0]], "Born radii": [], "Atomic SASAs": [], "Solvent H bonds": [], "Total SASA": NaN, "Total FOD": 0.0, "FOD": [0.0, 0.0, 0.0, 0.0, 0.0, 0.0, 0.0, 0.0, 0.0, 0.0, 0.0, 0.0, 0.0, 0.0, 0.0, 0.0, 0.0, 0.0, 0.0, 0.0, 0.0, 0.0, 0.0, 0.0, 0.0, 0.0, 0.0, 0.0, 0.0, 0.0, 0.0, 0.0, 0.0], "FOD s proportion": [0.0, 0.0, 0.0, 0.0, 0.0, 0.0, 0.0, 0.0, 0.0, 0.0, 0.0, 0.0, 0.0, 0.0, 0.0, 0.0, 0.0, 0.0, 0.0, 0.0, 0.0, 0.0, 0.0, 0.0, 0.0, 0.0, 0.0, 0.0, 0.0, 0.0, 0.0, 0.0, 0.0], "FOD p proportion": [0.0, 0.0, 0.0, 0.0, 0.0, 0.0, 0.0, 0.0, 0.0, 0.0, 0.0, 0.0, 0.0, 0.0, 0.0, 0.0, 0.0, 0.0, 0.0, 0.0, 0.0, 0.0, 0.0, 0.0, 0.0, 0.0, 0.0, 0.0, 0.0, 0.0, 0.0, 0.0, 0.0], "FOD d proportion": [0.0, 0.0, 0.0, 0.0, 0.0, 0.0, 0.0, 0.0, 0.0, 0.0, 0.0, 0.0, 0.0, 0.0, 0.0, 0.0, 0.0, 0.0, 0.0, 0.0, 0.0, 0.0, 0.0, 0.0, 0.0, 0.0, 0.0, 0.0, 0.0, 0.0, 0.0, 0.0, 0.0], "coordinates": [["-0.64570", "-1.46170", "3.18010"], ["-1.04970", "-1.95930", "1.80700"], ["-1.48510", "-0.84980", "1.03750"], ["-1.92920", "-1.08560", "-0.50820"], ["-3.49610", "-2.23270", "-0.69690"], ["-2.24140", "0.46020", "-0.91740"], ["-3.27510", "1.16190", "-0.24440"], ["-3.00870", "2.64730", "-0.37990"], ["-0.19290", "-1.58260", "-1.59560"], ["0.69730", "-0.01310", "-1.80890"], ["1.18810", "0.64170", "-0.51650"], ["2.32410", "-0.35060", "0.52180"], ["3.68180", "-0.69750", "-0.64490"], ["4.39880", "0.55710", "-1.10870"], ["0.14910", "-0.71290", "3.10360"], ["-0.29520", "-2.28660", "3.80650"], ["-1.49200", "-0.97590", "3.67720"], ["-1.86230", "-2.68470", "1.90470"], ["-0.20010", "-2.44420", "1.31880"], ["-3.30800", "0.88630", "0.81390"], ["-4.23490", "0.91200", "-0.70610"], ["-2.96710", "2.93750", "-1.43500"], ["-2.03950", "2.90570", "0.05970"], ["-3.78890", "3.23100", "0.11650"], ["1.53470", "-0.19080", "-2.49060"], ["0.02830", "0.68180", "-2.32770"], ["0.33420", "0.91050", "0.11360"], ["1.68560", "1.58760", "-0.75480"], ["3.30730", "-1.27290", "-1.49610"], ["4.39570", "-1.34100", "-0.12000"], ["4.76760", "1.14630", "-0.26260"], ["5.26370", "0.28260", "-1.72220"], ["3.75560", "1.19240", "-1.72440"]], "bond_dist": [[0.0, 1.5153301191489597, 2.3811234176329457, 3.9233124206466146, 4.873433097930041, 4.798902410968575, 5.052150192739721, 5.928005566799006, 4.798640968024175, 5.365837489153021, 4.631626664574769, 4.137730554301476, 5.8259662623465305, 6.922162893922679, 1.094650962636036, 1.0934748373876741, 1.0951409680949753, 2.145341399404766, 2.1513491813278476, 4.266127955183716, 5.798220310578065, 6.785352357099813, 5.545607032597964, 6.425479319864006, 6.206945259948729, 5.9485064587676115, 3.998869727810597, 5.496965361906512, 6.1260673257808715, 6.026685860404538, 6.925147231647858, 7.87376251483368, 7.104210635250055], [1.5153301191489597, 0.0, 1.4186943504504415, 2.626218380104747, 3.5112869051104325, 3.833599418301292, 4.347704746185049, 5.462689463075858, 3.5289794402914842, 4.462559383358388, 4.1438631842762375, 3.9524905022023775, 5.476408047251411, 6.672310521850732, 2.1614360874196583, 2.1620351037853203, 2.158785049512804, 1.0936494913819508, 1.0932920058246105, 3.7661128315545724, 4.970466209522, 6.177834329277534, 5.263172648697742, 6.107390685063467, 5.317525869236557, 5.023269582652319, 3.608120675642654, 5.159959780851009, 5.510450396292485, 5.809303318815433, 6.911510313238344, 7.57234361409993, 6.74499124832642], [2.3811234176329457, 1.4186943504504415, 0.0, 1.6254276175825242, 2.9941070071057916, 2.4717855287221018, 2.982332057300126, 4.069408818243751, 3.0232420164452596, 3.6830598162397528, 3.432999634430508, 3.8762290657287015, 5.436039059830236, 6.419176057719557, 2.637824948703003, 3.3388047636841542, 2.642719226478666, 2.0642610518052216, 2.066994448468597, 2.527252377583212, 3.702091333287173, 4.759540055509566, 3.9201061784089473, 4.7758417142949785, 4.690518377535685, 3.9950906322635538, 2.694828341471865, 4.382533119099045, 5.437392787908558, 6.0137253287791586, 6.69110846646503, 7.378656740220404, 6.266068060594299], [3.9233124206466146, 2.626218380104747, 1.6254276175825242, 0.0, 1.9510565624809548, 1.629236360998612, 2.6329248944852184, 3.887971649845199, 2.1081236799580805, 3.1209900656682645, 3.5638733801862266, 4.4375315086205305, 5.626066965474193, 6.565260660476475, 4.183698772617359, 4.767493375978618, 4.209602248431554, 2.895459001609244, 2.85893507621282, 2.7454375716814248, 3.057093825841791, 4.2569388367699155, 4.033007834110913, 4.741494462719532, 4.0901320284313565, 3.204073853705623, 3.0812383890247763, 4.502620219383376, 5.332162783524149, 6.341946736610139, 7.063202333927579, 7.421831152081001, 6.243827150073903], [4.873433097930041, 3.5112869051104325, 2.9941070071057916, 1.9510565624809548, 0.0, 2.979027148248233, 3.431749759233618, 4.914513990213071, 3.484454324567909, 4.873168550337655, 5.498767967463258, 6.237167477308911, 7.340421748782559, 8.383436603803956, 5.480973939912504, 5.525330540338741, 4.97279738778889, 3.1051455682463587, 3.8692886607230537, 3.470743328164732, 3.230332516940013, 5.249342877922912, 5.39418962217681, 5.53166964758381, 5.7180122367829895, 4.855431417495257, 5.020738449670526, 6.438016727999392, 6.917093915800189, 7.962942279082525, 8.938400034681823, 9.171263283757588, 8.08543252708227], [4.798902410968575, 3.833599418301292, 2.4717855287221018, 1.629236360998612, 2.979027148248233, 0.0, 1.4191009759703501, 2.3792986256458017, 2.9714204229627286, 3.1072082051256236, 3.457619601691314, 4.855150206739231, 6.0414256413532055, 6.643661741840865, 4.822768381334521, 5.8006754684260695, 4.871789479236557, 4.242447551826658, 4.195597155352263, 2.0776420432788703, 2.0549484616408265, 2.6327866491609226, 2.6412039432804124, 3.3378193629973447, 4.142184260749394, 2.681341220359692, 2.8105953906601355, 4.088862741643451, 5.841797753260549, 6.923240903651989, 7.072876165323412, 7.55021660682659, 6.095192764794235], [5.052150192739721, 4.347704746185049, 2.982332057300126, 2.6329248944852184, 3.431749759233618, 1.4191009759703501, 0.0, 1.5151707395537972, 4.342577406333709, 4.428120031119301, 4.501644220726467, 5.850278568581158, 7.212227549100208, 7.746066017017928, 5.142871248631449, 6.097683746308922, 4.809218336694644, 4.627198527186833, 4.990308252002074, 1.0940917054799382, 1.0939986014616285, 2.1598953030181813, 2.1587085514260607, 2.1622705797378825, 5.478082490251493, 3.9348553289797077, 3.635713471933673, 5.005024789149401, 7.1290247362454835, 8.069768051809172, 8.042735721755378, 8.710233450947225, 7.184850223908637], [5.928005566799006, 5.462689463075858, 4.069408818243751, 3.887971649845199, 4.914513990213071, 2.3792986256458017, 1.5151707395537972, 0.0, 5.224816756595393, 4.780607195744072, 4.6534096273592755, 6.183787119557077, 7.4846978756660585, 7.731179840748759, 5.779049846644343, 7.016580108571412, 5.6469476303574835, 5.913024109539889, 6.057820391857124, 2.1484552427267363, 2.149706717205861, 1.095071965671663, 1.0951563176095003, 1.0935404382097627, 5.757807713010222, 4.108586629243687, 3.7993416403371785, 4.827003893721239, 7.517029099318428, 8.414227490387931, 7.920707164136293, 8.70782275543089, 7.0484160454672375], [4.798640968024175, 3.5289794402914842, 3.0232420164452596, 2.1081236799580805, 3.484454324567909, 2.9714204229627286, 4.342577406333709, 5.224816756595393, 0.0, 1.8169433618030035, 2.8318065435336504, 3.5123348018091893, 4.086628511377074, 5.0891155017350505, 4.791223510753804, 5.44873982678564, 5.464262579708263, 4.031577961543098, 3.0391008143857285, 4.6481184870870065, 4.83239106550784, 5.305966642375355, 5.127844239054069, 6.247659351309096, 2.39222365175165, 2.3900642690103546, 3.068345915961888, 3.7796659812740065, 3.5152829729624897, 4.826076655006632, 5.816385858933363, 5.767970367468958, 4.8278221477183685], [5.365837489153021, 4.462559383358388, 3.6830598162397528, 3.1209900656682645, 4.873168550337655, 3.1072082051256236, 4.428120031119301, 4.780607195744072, 1.8169433618030035, 0.0, 1.5296880204799932, 2.862262563078377, 3.27575023620544, 3.810053848700828, 4.992283999333371, 6.138939294373255, 5.984756598225195, 5.242120151236521, 4.06178301488398, 4.871388743469361, 5.137954329302665, 4.719498800720263, 4.4160087907521195, 5.861513491411583, 1.094317568167486, 1.0952627310376264, 2.1635352597080546, 2.156410023627232, 2.9149682468253406, 4.277132705446488, 4.5058400038172675, 4.57678537185217, 3.288399213903324], [4.631626664574769, 4.1438631842762375, 3.432999634430508, 3.5638733801862266, 5.498767967463258, 3.457619601691314, 4.501644220726467, 4.6534096273592755, 2.8318065435336504, 1.5296880204799932, 0.0, 1.831180542710085, 2.8334577621697488, 3.26595353457455, 4.002447522454229, 5.428024390144172, 5.233228970721613, 5.121726911892121, 3.849442055675082, 4.695179286246693, 5.4330414364331885, 4.835289746230312, 3.9843574387848286, 5.64585622293023, 2.170313023506057, 2.1510903026140027, 1.094725837824247, 1.094997694061499, 3.0193240899247633, 3.7917026914039553, 3.623797265300585, 4.265346487684207, 2.890389100103998], [4.137730554301476, 3.9524905022023775, 3.8762290657287015, 4.4375315086205305, 6.237167477308911, 4.855150206739231, 5.850278568581158, 6.183787119557077, 3.5123348018091893, 2.862262563078377, 1.831180542710085, 0.0, 1.8234247420719067, 2.7904891381261456, 3.3952286417854105, 4.625806154607, 4.9910087617634975, 4.988625079117492, 3.374900828172585, 5.773715825185718, 6.7913458290680495, 6.529737000063632, 5.464250274282832, 7.096541104650913, 3.118211371924617, 3.8021306723993584, 2.3909626638657495, 2.407074791110571, 2.426775626216812, 2.3841824510720646, 2.9709737831222944, 3.752029637409598, 3.078222813572793], [5.8259662623465305, 5.476408047251411, 5.436039059830236, 5.626066965474193, 7.340421748782559, 6.0414256413532055, 7.212227549100208, 7.4846978756660585, 4.086628511377074, 3.27575023620544, 2.8334577621697488, 1.8234247420719067, 0.0, 1.5176365177472502, 5.150869703263712, 6.1771133849072255, 6.747315126033466, 6.41766848707535, 4.687880778134188, 7.313947218841546, 8.078884488591232, 7.618750174405247, 6.797998609149607, 8.474915970084895, 2.8763504289289927, 4.252334250738058, 3.790436915449194, 3.0362105427654384, 1.0935615437642272, 1.0951097981481124, 2.1736405797647413, 2.150250894663225, 2.1777255795898616], [6.922162893922679, 6.672310521850732, 6.419176057719557, 6.565260660476475, 8.383436603803956, 6.643661741840865, 7.746066017017928, 7.731179840748759, 5.0891155017350505, 3.810053848700828, 3.26595353457455, 2.7904891381261456, 1.5176365177472502, 0.0, 6.116888210520117, 7.367459313087518, 7.743155199916891, 7.667543283868699, 6.004201791245861, 7.949813182710647, 8.650365105589474, 7.747855100606877, 6.952178608896638, 8.699959053926634, 3.266813559112304, 4.539028678032339, 4.259094036294573, 2.923803977697547, 2.16572182193374, 2.1401684302876722, 1.095013830962879, 1.095346753316045, 1.0938001737063308], [1.094650962636036, 2.1614360874196583, 2.637824948703003, 4.183698772617359, 5.480973939912504, 4.822768381334521, 5.142871248631449, 5.779049846644343, 4.791223510753804, 4.992283999333371, 4.002447522454229, 3.3952286417854105, 5.150869703263712, 6.116888210520117, 0.0, 1.7798883644768289, 1.7582363805814052, 3.061223025197609, 2.5109463096609614, 4.444289272763419, 6.03105049721854, 6.605680325295799, 5.210524266328678, 6.323366003957069, 5.78684278428229, 5.6088145289356826, 3.4073141284595407, 4.747671330241806, 5.6075901535329775, 5.368399959950823, 6.009864335407248, 7.102006691773812, 6.320331821985299], [1.0934748373876741, 2.1620351037853203, 3.3388047636841542, 4.767493375978618, 5.525330540338741, 5.8006754684260695, 6.097683746308922, 7.016580108571412, 5.44873982678564, 6.138939294373255, 5.428024390144172, 4.625806154607, 6.1771133849072255, 7.367459313087518, 1.7798883644768289, 0.0, 1.7796019835907129, 2.4962229988524665, 2.4945005632390624, 5.300935107129685, 6.790864216725291, 7.8678836207712175, 6.636344778565984, 7.5010632213040305, 6.884357635974471, 6.822350067975111, 4.924947023065324, 6.30384422158416, 6.490235796949137, 6.190000357027453, 7.346721790023086, 8.25037463028195, 7.687865532773059], [1.0951409680949753, 2.158785049512804, 2.642719226478666, 4.209602248431554, 4.97279738778889, 4.871789479236557, 4.809218336694644, 5.6469476303574835, 5.464262579708263, 5.984756598225195, 5.233228970721613, 4.9910087617634975, 6.747315126033466, 7.743155199916891, 1.7582363805814052, 1.7796019835907129, 0.0, 2.4897541605548126, 3.0638147887886436, 3.868350000969406, 5.504633113114806, 6.604938183662282, 5.334124207402748, 5.970958190273986, 6.915132084060289, 6.412340086894956, 4.426370562887839, 6.025885661875771, 7.062897590932493, 7.0154855241814875, 7.694696162942368, 8.739383565217858, 7.8368433192198], [2.145341399404766, 1.0936494913819508, 2.0642610518052216, 2.895459001609244, 3.1051455682463587, 4.242447551826658, 4.627198527186833, 5.913024109539889, 4.031577961543098, 5.242120151236521, 5.121726911892121, 4.988625079117492, 6.41766848707535, 7.667543283868699, 3.061223025197609, 2.4962229988524665, 2.4897541605548126, 0.0, 1.778771458057499, 4.003989776460474, 5.038031191844687, 6.631991553824537, 5.889651687493921, 6.4734035321459755, 6.089154974214404, 5.728952816178539, 4.5780033311477615, 6.157359982167682, 6.34691925582798, 6.713233481713563, 7.957972373664035, 8.528724928147232, 7.730657904085525], [2.1513491813278476, 1.0932920058246105, 2.066994448468597, 2.85893507621282, 3.8692886607230537, 4.195597155352263, 4.990308252002074, 6.057820391857124, 3.0391008143857285, 4.06178301488398, 3.849442055675082, 3.374900828172585, 4.687880778134188, 6.004201791245861, 2.5109463096609614, 2.4945005632390624, 3.0638147887886436, 1.778771458057499, 0.0, 4.58325175721343, 5.62529194709039, 6.648488424446567, 5.795701439860407, 6.821503189913496, 4.753826980444282, 4.808430597398698, 3.604441096758275, 4.910304745125297, 4.6473067964144565, 4.940503346826111, 6.330131080791298, 6.821746820279978, 6.1752318409918825], [4.266127955183716, 3.7661128315545724, 2.527252377583212, 2.7454375716814248, 3.470743328164732, 2.0776420432788703, 1.0940917054799382, 2.1484552427267363, 4.6481184870870065, 4.871388743469361, 4.695179286246693, 5.773715825185718, 7.313947218841546, 7.949813182710647, 4.444289272763419, 5.300935107129685, 3.868350000969406, 4.003989776460474, 4.58325175721343, 0.0, 1.7805066975442692, 3.0628720933137252, 2.5011769729469364, 2.4930402443602873, 5.960839533991836, 4.587196147975362, 3.708992662435449, 5.28097361667335, 7.332151030222986, 8.073414902629493, 8.151181976253504, 8.959369274117458, 7.51206423428341], [5.798220310578065, 4.970466209522, 3.702091333287173, 3.057093825841791, 3.230332516940013, 2.0549484616408265, 1.0939986014616285, 2.149706717205861, 4.83239106550784, 5.137954329302665, 5.4330414364331885, 6.7913458290680495, 8.078884488591232, 8.650365105589474, 6.03105049721854, 6.790864216725291, 5.504633113114806, 5.038031191844687, 5.62529194709039, 1.7805066975442692, 0.0, 2.4982518487934717, 3.062853324924326, 2.5006694623640287, 6.139127971463048, 4.566996041163162, 4.642045362768442, 5.959121353018412, 7.891936951724841, 8.93905915463143, 9.016462443220178, 9.57350539405499, 8.060003058312073], [6.785352357099813, 6.177834329277534, 4.759540055509566, 4.2569388367699155, 5.249342877922912, 2.6327866491609226, 2.1598953030181813, 1.095071965671663, 5.305966642375355, 4.719498800720263, 4.835289746230312, 6.529737000063632, 7.618750174405247, 7.747855100606877, 6.605680325295799, 7.8678836207712175, 6.604938183662282, 6.631991553824537, 6.648488424446567, 3.0628720933137252, 2.4982518487934717, 0.0, 1.7594263525365308, 1.7800701503030716, 5.582719363356893, 3.854544971848169, 4.171986655060152, 4.892087421541033, 7.556407660389955, 8.616589295655213, 8.02549084417894, 8.653152401870662, 6.951533763134579], [5.545607032597964, 5.263172648697742, 3.9201061784089473, 4.033007834110913, 5.39418962217681, 2.6412039432804124, 2.1587085514260607, 1.0951563176095003, 5.127844239054069, 4.4160087907521195, 3.9843574387848286, 5.464250274282832, 6.797998609149607, 6.952178608896638, 5.210524266328678, 6.636344778565984, 5.334124207402748, 5.889651687493921, 5.795701439860407, 2.5011769729469364, 3.062853324924326, 1.7594263525365308, 0.0, 1.7802939897668586, 5.37282495341138, 3.862797795639839, 3.1013190645272215, 4.034497226421156, 6.9620027176093515, 7.712233918910914, 7.038179882611697, 7.9619439498152715, 6.300920068529674], [6.425479319864006, 6.107390685063467, 4.7758417142949785, 4.741494462719532, 5.53166964758381, 3.3378193629973447, 2.1622705797378825, 1.0935404382097627, 6.247659351309096, 5.861513491411583, 5.64585622293023, 7.096541104650913, 8.474915970084895, 8.699959053926634, 6.323366003957069, 7.5010632213040305, 5.970958190273986, 6.4734035321459755, 6.821503189913496, 2.4930402443602873, 2.5006694623640287, 1.7800701503030716, 1.7802939897668586, 0.0, 6.844443192108471, 5.200341346488709, 4.731245319152242, 5.781874912171657, 8.558133465306556, 9.377995170077664, 8.814952248878038, 9.696568826652033, 8.028965252135544], [6.206945259948729, 5.317525869236557, 4.690518377535685, 4.0901320284313565, 5.7180122367829895, 4.142184260749394, 5.478082490251493, 5.757807713010222, 2.39222365175165, 1.094317568167486, 2.170313023506057, 3.118211371924617, 2.8763504289289927, 3.266813559112304, 5.78684278428229, 6.884357635974471, 6.915132084060289, 6.089154974214404, 4.753826980444282, 5.960839533991836, 6.139127971463048, 5.582719363356893, 5.37282495341138, 6.844443192108471, 0.0, 1.7484873834260286, 3.071794195580166, 2.4896744787220677, 2.3026248978068486, 3.889476237232977, 4.147705729677553, 3.8366635401087756, 2.7262981293321533], [5.9485064587676115, 5.023269582652319, 3.9950906322635538, 3.204073853705623, 4.855431417495257, 2.681341220359692, 3.9348553289797077, 4.108586629243687, 2.3900642690103546, 1.0952627310376264, 2.1510903026140027, 3.8021306723993584, 4.252334250738058, 4.539028678032339, 5.6088145289356826, 6.822350067975111, 6.412340086894956, 5.728952816178539, 4.808430597398698, 4.587196147975362, 4.566996041163162, 3.854544971848169, 3.862797795639839, 5.200341346488709, 1.7484873834260286, 0.0, 2.470996598540759, 2.45787130257058, 3.906949148632472, 5.295265988597739, 5.19050698390822, 5.28539535418118, 3.810176969643273], [3.998869727810597, 3.608120675642654, 2.694828341471865, 3.0812383890247763, 5.020738449670526, 2.8105953906601355, 3.635713471933673, 3.7993416403371785, 3.068345915961888, 2.1635352597080546, 1.094725837824247, 2.3909626638657495, 3.790436915449194, 4.259094036294573, 3.4073141284595407, 4.924947023065324, 4.426370562887839, 4.5780033311477615, 3.604441096758275, 3.708992662435449, 4.642045362768442, 4.171986655060152, 3.1013190645272215, 4.731245319152242, 3.071794195580166, 2.470996598540759, 0.0, 1.7432340433802915, 4.024635792217726, 4.6496885336547, 4.4555766899471045, 5.29758343964491, 3.894058239163867], [5.496965361906512, 5.159959780851009, 4.382533119099045, 4.502620219383376, 6.438016727999392, 4.088862741643451, 5.005024789149401, 4.827003893721239, 3.7796659812740065, 2.156410023627232, 1.094997694061499, 2.407074791110571, 3.0362105427654384, 2.923803977697547, 4.747671330241806, 6.30384422158416, 6.025885661875771, 6.157359982167682, 4.910304745125297, 5.28097361667335, 5.959121353018412, 4.892087421541033, 4.034497226421156, 5.781874912171657, 2.4896744787220677, 2.45787130257058, 1.7432340433802915, 0.0, 3.3707412879068603, 4.040335507108289, 3.1520993845372325, 3.929591247190985, 2.3197429167905654], [6.1260673257808715, 5.510450396292485, 5.437392787908558, 5.332162783524149, 6.917093915800189, 5.841797753260549, 7.1290247362454835, 7.517029099318428, 3.5152829729624897, 2.9149682468253406, 3.0193240899247633, 2.426775626216812, 1.0935615437642272, 2.16572182193374, 5.6075901535329775, 6.490235796949137, 7.062897590932493, 6.34691925582798, 4.6473067964144565, 7.332151030222986, 7.891936951724841, 7.556407660389955, 6.9620027176093515, 8.558133465306556, 2.3026248978068486, 3.906949148632472, 4.024635792217726, 3.3707412879068603, 0.0, 1.7558198597806096, 3.083265635653211, 2.5096219675481004, 2.5161076825128132], [6.026685860404538, 5.809303318815433, 6.0137253287791586, 6.341946736610139, 7.962942279082525, 6.923240903651989, 8.069768051809172, 8.414227490387931, 4.826076655006632, 4.277132705446488, 3.7917026914039553, 2.3841824510720646, 1.0951097981481124, 2.1401684302876722, 5.368399959950823, 6.190000357027453, 7.0154855241814875, 6.713233481713563, 4.940503346826111, 8.073414902629493, 8.93905915463143, 8.616589295655213, 7.712233918910914, 9.377995170077664, 3.889476237232977, 5.295265988597739, 4.6496885336547, 4.040335507108289, 1.7558198597806096, 0.0, 2.5189890154583847, 2.4406035728892967, 3.0662587839254534], [6.925147231647858, 6.911510313238344, 6.69110846646503, 7.063202333927579, 8.938400034681823, 7.072876165323412, 8.042735721755378, 7.920707164136293, 5.816385858933363, 4.5058400038172675, 3.623797265300585, 2.9709737831222944, 2.1736405797647413, 1.095013830962879, 6.009864335407248, 7.346721790023086, 7.694696162942368, 7.957972373664035, 6.330131080791298, 8.151181976253504, 9.016462443220178, 8.02549084417894, 7.038179882611697, 8.814952248878038, 4.147705729677553, 5.19050698390822, 4.4555766899471045, 3.1520993845372325, 3.083265635653211, 2.5189890154583847, 0.0, 1.7670667955682946, 1.7785186110918267], [7.87376251483368, 7.57234361409993, 7.378656740220404, 7.421831152081001, 9.171263283757588, 7.55021660682659, 8.710233450947225, 8.70782275543089, 5.767970367468958, 4.57678537185217, 4.265346487684207, 3.752029637409598, 2.150250894663225, 1.095346753316045, 7.102006691773812, 8.25037463028195, 8.739383565217858, 8.528724928147232, 6.821746820279978, 8.959369274117458, 9.57350539405499, 8.653152401870662, 7.9619439498152715, 9.696568826652033, 3.8366635401087756, 5.28539535418118, 5.29758343964491, 3.929591247190985, 2.5096219675481004, 2.4406035728892967, 1.7670667955682946, 0.0, 1.7612797875408668], [7.104210635250055, 6.74499124832642, 6.266068060594299, 6.243827150073903, 8.08543252708227, 6.095192764794235, 7.184850223908637, 7.0484160454672375, 4.8278221477183685, 3.288399213903324, 2.890389100103998, 3.078222813572793, 2.1777255795898616, 1.0938001737063308, 6.320331821985299, 7.687865532773059, 7.8368433192198, 7.730657904085525, 6.1752318409918825, 7.51206423428341, 8.060003058312073, 6.951533763134579, 6.300920068529674, 8.028965252135544, 2.7262981293321533, 3.810176969643273, 3.894058239163867, 2.3197429167905654, 2.5161076825128132, 3.0662587839254534, 1.7785186110918267, 1.7612797875408668, 0.0]]}