{"total energy": -73.12910473, "HOMO-LUMO gap/eV": 1.50420504, "electronic energy": -73.88701458, "dipole": [-2.01613122, 0.50041066, -0.85888638], "partial charges": [-0.05126436, -0.17805668, -0.03907284, 0.38885144, -0.50444759, -0.08046238, 0.04709631, 0.07823314, -0.47709038, -0.19610753, 0.27591756, -0.45049474, -0.06810476, -0.00668153, -0.04574888, 0.08439372, -0.12778178, -0.14152377, 0.32780921, -0.44579082, -0.16352201, 0.2720662, -0.4191628, 0.06531063, 0.05404454, 0.05655568, 0.07034316, 0.08585998, 0.05338655, 0.07659833, 0.06313793, 0.02739367, 0.05506537, 0.32649006, 0.1786198, 0.06955864, 0.0751018, 0.07661779, 0.07819111, 0.06554438, 0.21420571, 0.22892014], "atomic dipole moments": [[-0.07002478, 0.06730787, -0.1056722], [-0.14434254, -0.23139449, 0.36607509], [0.07783555, -0.12261401, -0.04055238], [-0.21179336, 0.3015628, 0.31085425], [-0.04636572, 0.07667669, -0.13476957], [0.09497197, -0.03194484, 0.09974985], [-0.10782552, 0.07172903, -0.06908287], [-0.05095273, 0.07159452, -0.15680107], [-0.10776624, -0.20535382, 0.07456172], [0.05491137, 0.0245296, -0.00424335], [0.05783198, 0.00497013, 0.00196118], [-0.05790656, -0.19375462, 0.06214132], [0.10081274, 0.00546053, 0.01239223], [-0.10555098, 0.00403241, -0.00033196], [0.0258445, -0.04199509, 0.03164689], [-0.15787157, 0.03352941, -0.03820705], [-0.03096139, -0.08229205, 0.07360163], [0.01351709, -0.03784274, 0.02966386], [0.08520368, 0.00687, -0.00025782], [0.21773264, 0.02708461, -0.00803024], [-0.00317387, 0.03987516, -0.01231532], [-0.11199823, -0.03568933, 0.01704427], [-0.11024357, 0.12073498, -0.11694326], [-0.01434266, -0.13180855, -0.00749153], [-0.03952093, 0.04783042, 0.11578776], [0.12584412, 0.02389696, -0.00871242], [-0.07025685, 0.07299205, -0.07888543], [-0.00923972, 0.05148119, 0.12419582], [-0.04394071, -0.08901636, -0.0703188], [-0.03312778, 0.11070812, -0.07126266], [0.02851607, -0.10912513, 0.05899872], [-0.0676223, 0.02208723, 0.10154984], [0.11731557, -0.01403147, 0.04610532], [-0.06813473, 0.00615766, -0.01817805], [-0.0491735, -0.12250679, 0.04947011], [-0.03316862, -0.14953669, 0.03333797], [0.04690478, 0.13915924, -0.02928856], [-0.02000609, 0.11857007, 0.06124968], [0.12622483, 0.00126441, -0.05104171], [-0.06762981, 0.00111477, -0.113459], [-0.09739127, 0.0797027, -0.06505489], [-0.05640687, -0.09941383, 0.08074995]], "atomic quadrupole moments": [[-0.03170747, -0.12064173, -0.11526881, 0.21281409, -0.21628996, 0.14697628], [0.47567894, -0.04403743, -0.43964608, 0.03290447, -0.37643052, -0.03603286], [0.1589074, 0.15225583, 0.16803096, -0.1388977, 0.00299231, -0.32693836], [0.31400237, 0.14292863, 0.08975971, -0.03954133, 0.02636281, -0.40376208], [-0.05935177, -0.01494613, -0.04743203, 0.0731324, -0.1243469, 0.1067838], [0.31125976, -0.08170262, -0.28049011, -0.10826981, -1.181e-05, -0.03076965], [0.1991298, 0.0601735, -0.17092978, -0.01848374, 0.10266773, -0.02820003], [-0.29406646, 0.03995083, 0.35478937, 0.06099671, -0.15050846, -0.06072291], [-0.06656581, 0.01924602, 0.11188088, 0.02385713, -0.11954669, -0.04531507], [0.07635405, -0.01644752, -0.07051082, 0.01191175, 0.03617899, -0.00584324], [-0.27020977, -0.04376927, -0.13408958, -0.05052325, 0.24114182, 0.40429934], [-0.09101678, 0.00692218, -0.02845917, -0.02367798, 0.06305726, 0.11947595], [-0.14674629, 0.09217395, -0.30990011, -0.04499092, 0.17474414, 0.4566464], [-0.21011415, 0.05799749, -0.33562671, -0.04560915, 0.20772001, 0.54574086], [-0.18303437, 0.01082396, 0.04544, -0.0575043, 0.21457218, 0.13759438], [-0.1326812, 0.12241575, -0.0015605, -0.1293521, 0.34754613, 0.1342417], [-0.05951175, 0.05197706, 0.08386893, -0.01225973, -0.16056514, -0.02435718], [-0.0096914, 0.05819269, -0.00172072, -0.04831407, 0.02169313, 0.01141212], [-0.23043354, -0.02657807, 0.01957773, -0.01048371, 0.27740582, 0.21085582], [-0.02519077, 0.0056743, -0.02627318, -0.01345197, 0.12210709, 0.05146395], [0.05686019, -0.07277064, -0.04663969, 0.06251943, 0.0433121, -0.0102205], [-0.14372785, -0.10083409, 0.01170851, -0.02710514, 0.40212304, 0.13201935], [-0.0884741, -0.04242242, 0.01879498, -0.00646378, 0.13464454, 0.06967912], [-0.04076121, 0.02012957, 0.05844938, 0.02178699, -0.00319774, -0.01768817], [-0.02975127, -0.03282214, -0.01949552, -0.02849175, 0.02084183, 0.04924679], [0.08284063, 0.02237875, -0.04045529, -0.00578257, -0.01542488, -0.04238534], [0.02560898, -0.01435205, -0.00987596, 0.03649031, -0.04580096, -0.01573301], [-0.00554389, 0.02587304, -0.03154006, -0.02197355, 0.0264242, 0.03708396], [0.00789804, 0.04481381, 0.01013493, 0.00985128, 0.04328323, -0.01803297], [-0.01414338, -0.0182478, 0.04813489, -0.00161073, -0.0233922, -0.0339915], [0.01581662, -0.00782466, 0.01137918, 0.00820558, -0.01370138, -0.02719581], [0.00256483, 0.00130045, -0.00439987, -0.045532, -0.02013211, 0.00183504], [0.04974618, -0.01020431, -0.00457445, 0.01408796, -0.0102331, -0.04517172], [0.08701605, -0.01915468, -0.0398174, 0.05516201, -0.03062082, -0.04719866], [0.03350049, -0.00802465, 0.02082053, 0.01177559, -0.03560991, -0.05432102], [0.03515258, 0.00065363, 0.01893448, 0.00301587, -0.01902402, -0.05408706], [0.03583163, -0.01570415, 0.02331111, 0.01025812, -0.03068594, -0.05914274], [-0.03811258, -0.0165113, 0.03970421, -0.01863132, 0.05235766, -0.00159163], [0.07534512, -0.01901401, -0.03549303, -0.01497949, -0.00967242, -0.03985209], [0.0172295, 0.01894169, -0.04444477, 0.05902072, -0.00082668, 0.02721527], [0.01399268, 0.00030883, 0.00701609, 0.0049427, -0.04370494, -0.02100877], [0.01292814, 0.00919366, 0.00633036, -0.00032602, -0.0397209, -0.0192585]], "number of molecular orbitals": 121, "number of electrons": 128, "number of unpaired electrons": 0, "orbital energies/eV": [-20.57224285, -20.35541509, -19.92681618, -19.67918466, -19.47135093, -19.38160059, -19.22632681, -18.75746066, -18.58201572, -18.38283385, -18.33005854, -18.0812344, -17.91604436, -17.6823445, -17.42936443, -17.36684814, -16.99152074, -16.96799831, -16.72852826, -16.62258052, -16.5320091, -16.46635285, -16.17743875, -16.13741641, -15.85281191, -15.63148759, -15.52545235, -15.26901324, -15.26454843, -15.14289964, -15.08304037, -14.85186573, -14.73854208, -14.71691955, -14.60480945, -14.42547782, -14.23713376, -14.12081305, -14.05484456, -13.93169449, -13.90623005, -13.86051621, -13.67088034, -13.57789979, -13.57440393, -13.39081704, -13.24285105, -13.02610267, -12.93539261, -12.82359463, -12.64889744, -12.56090618, -12.53266446, -12.46808028, -12.25067167, -12.11034163, -11.58748124, -11.53538874, -11.33625044, -11.23918864, -11.19025111, -11.0394669, -10.60873575, -9.72738531, -8.22318027, -7.41780729, -6.51831319, -5.67811852, -5.35316244, -4.94699891, -4.52475054, -3.84402386, -3.80657568, -2.45602242, -1.26226556, -0.87283958, -0.21486364, -0.08081076, 0.01143561, 0.31044201, 0.56014378, 0.63652645, 1.0609059, 1.24028026, 1.62380557, 1.91660249, 2.49560883, 2.71815225, 2.81434374, 2.96714791, 3.50340623, 3.57622046, 3.86052708, 4.13304059, 4.27676609, 4.3144053, 4.66224055, 4.75876721, 4.94807383, 5.00582382, 5.18754166, 5.4431594, 5.68462123, 5.93312423, 6.03061724, 6.3516822, 6.78553417, 7.15505925, 7.80124334, 7.87549202, 8.89615889, 9.83378028, 10.1131702, 11.1572794, 12.51950725, 13.08087168, 14.49610234, 15.41791536, 17.48969154, 18.11577444, 21.78557096], "fractional occupation": [2.0, 2.0, 2.0, 2.0, 2.0, 2.0, 2.0, 2.0, 2.0, 2.0, 2.0, 2.0, 2.0, 2.0, 2.0, 2.0, 2.0, 2.0, 2.0, 2.0, 2.0, 2.0, 2.0, 2.0, 2.0, 2.0, 2.0, 2.0, 2.0, 2.0, 2.0, 2.0, 2.0, 2.0, 2.0, 2.0, 2.0, 2.0, 2.0, 2.0, 2.0, 2.0, 2.0, 2.0, 2.0, 2.0, 2.0, 2.0, 2.0, 2.0, 2.0, 2.0, 2.0, 2.0, 2.0, 2.0, 2.0, 2.0, 2.0, 2.0, 2.0, 2.0, 2.0, 2.0, 0.0, 0.0, 0.0, 0.0, 0.0, 0.0, 0.0, 0.0, 0.0, 0.0, 0.0, 0.0, 0.0, 0.0, 0.0, 0.0, 0.0, 0.0, 0.0, 0.0, 0.0, 0.0, 0.0, 0.0, 0.0, 0.0, 0.0, 0.0, 0.0, 0.0, 0.0, 0.0, 0.0, 0.0, 0.0, 0.0, 0.0, 0.0, 0.0, 0.0, 0.0, 0.0, 0.0, 0.0, 0.0, 0.0, 0.0, 0.0, 0.0, 0.0, 0.0, 0.0, 0.0, 0.0, 0.0, 0.0, 0.0], "program call": "xtb /home/svss/Project-DBcg-Debug/aqme2_20220329/End-to-End-workflows-final/example-3/QDESCP/mol_512_rdkit_conf_3/mol_512_rdkit_conf_3.xyz --pop --wbo --acc 0.2 --gfn 2 --chrg 0 --uhf 0 --etemp 300 --input /home/svss/Project-DBcg-Debug/aqme2_20220329/End-to-End-workflows-final/example-3/QDESCP/mol_512_rdkit_conf_3/mol_512_rdkit_conf_3_xtb.inp", "method": "GFN2-xTB", "xtb version": "6.3.3 (7355c4f)", "Dipole module/D": 5.714, "Total charge": 0, "Transition dipole module/D": NaN, "HOMO": -9.7274, "LUMO": -8.2232, "HOMO occupancy": 2.0, "LUMO occupancy": 0, "mulliken charges": [-0.01517, -0.12043, 0.04298, 0.25883, -0.49652, -0.01633, 0.11405, 0.18649, -0.59332, -0.35711, 0.47047, -0.56927, -0.07425, 0.02082, -0.09615, 0.16066, -0.10062, -0.30127, 0.56708, -0.5591, -0.31013, 0.4708, -0.54172, 0.04419, 0.03577, 0.03388, 0.04792, 0.06688, 0.04007, 0.06047, 0.04959, 0.0211, 0.04118, 0.36514, 0.23149, 0.05635, 0.05163, 0.06233, 0.06159, 0.05254, 0.2592, 0.27791], "cm5 charges": [-0.14646, -0.16581, -0.0314, 0.25039, -0.54673, -0.09905, 0.10619, 0.10761, -0.80509, -0.71091, 0.56448, -0.63803, -0.12042, -0.02998, -0.08926, 0.21626, -0.23917, -0.6464, 0.73519, -0.59556, -0.65246, 0.57305, -0.58547, 0.09956, 0.08897, 0.08613, 0.1073, 0.13014, 0.10087, 0.12464, 0.12323, 0.08702, 0.10708, 0.55782, 0.42443, 0.12293, 0.11422, 0.11549, 0.1146, 0.10709, 0.45642, 0.48106], "FUKUI+": [0.009, -0.058, 0.013, -0.046, -0.005, 0.012, 0.009, 0.009, -0.013, -0.038, -0.028, -0.074, -0.043, -0.036, -0.027, -0.072, 0.023, -0.022, -0.016, -0.081, -0.027, -0.009, -0.053, -0.008, -0.009, -0.014, -0.007, -0.009, -0.006, -0.002, -0.023, -0.008, -0.023, 0.005, -0.026, -0.051, -0.049, -0.047, -0.027, -0.045, -0.039, -0.037], "FUKUI-": [0.05, -0.3, 0.054, -0.129, -0.038, 0.022, 0.005, 0.01, -0.014, -0.013, -0.002, -0.019, -0.015, -0.011, -0.019, -0.017, 0.01, -0.022, -0.003, -0.047, -0.011, -0.003, -0.03, -0.043, -0.042, -0.042, -0.038, -0.046, -0.026, -0.018, -0.016, -0.025, -0.007, -0.009, -0.016, -0.02, -0.02, -0.022, -0.009, -0.021, -0.021, -0.017], "FUKUIrad": [0.029, -0.179, 0.033, -0.087, -0.022, 0.017, 0.007, 0.009, -0.014, -0.025, -0.015, -0.047, -0.029, -0.024, -0.023, -0.045, 0.016, -0.022, -0.009, -0.064, -0.019, -0.006, -0.041, -0.026, -0.026, -0.028, -0.023, -0.027, -0.016, -0.01, -0.019, -0.017, -0.015, -0.002, -0.021, -0.035, -0.034, -0.035, -0.018, -0.033, -0.03, -0.027], "s proportion": [1.012, 1.931, 1.059, 1.879, 1.745, 1.052, 1.045, 0.998, 1.709, 1.434, 0.99, 1.725, 1.077, 1.064, 1.083, 1.06, 1.015, 1.423, 0.931, 1.719, 1.423, 0.995, 1.728, 0.956, 0.964, 0.966, 0.952, 0.933, 0.96, 0.94, 0.95, 0.979, 0.959, 0.635, 0.769, 0.944, 0.948, 0.938, 0.938, 0.947, 0.741, 0.722], "p proportion": [3.003, 4.188, 2.898, 3.466, 4.752, 2.964, 2.841, 2.816, 4.884, 3.923, 2.539, 4.845, 2.998, 2.915, 3.013, 2.779, 3.086, 3.878, 2.502, 4.84, 3.887, 2.534, 4.814, 0.0, 0.0, 0.0, 0.0, 0.0, 0.0, 0.0, 0.0, 0.0, 0.0, 0.0, 0.0, 0.0, 0.0, 0.0, 0.0, 0.0, 0.0, 0.0], "d proportion": [0.0, 0.001, 0.0, 0.396, 0.0, 0.0, 0.0, 0.0, 0.0, 0.0, 0.0, 0.0, 0.0, 0.0, 0.0, 0.0, 0.0, 0.0, 0.0, 0.0, 0.0, 0.0, 0.0, 0.0, 0.0, 0.0, 0.0, 0.0, 0.0, 0.0, 0.0, 0.0, 0.0, 0.0, 0.0, 0.0, 0.0, 0.0, 0.0, 0.0, 0.0, 0.0], "Fermi-level/eV": -8.9753, "Coordination numbers": [3.742, 2.048, 3.787, 2.926, 0.859, 3.794, 3.799, 3.672, 1.651, 2.688, 2.755, 0.858, 2.896, 2.9, 2.953, 2.894, 3.755, 2.707, 2.7, 0.86, 2.699, 2.766, 0.859, 0.924, 0.924, 0.924, 0.924, 0.925, 0.924, 0.924, 0.924, 0.924, 0.924, 0.802, 0.86, 0.925, 0.925, 0.924, 0.924, 0.924, 0.86, 0.86], "Dispersion coefficient C6": [21.57, 148.598, 21.287, 126.203, 23.883, 22.043, 19.787, 19.505, 22.407, 25.258, 22.333, 22.716, 29.695, 28.187, 29.135, 26.119, 23.01, 24.064, 21.428, 22.616, 24.537, 22.403, 22.067, 2.138, 2.27, 2.24, 2.082, 1.92, 2.278, 2.015, 2.163, 2.624, 2.258, 0.647, 1.222, 2.09, 2.03, 2.014, 1.998, 2.135, 1.036, 0.97], "Total dispersion C6": 22654.966255, "Total dispersion C8": 588398.403801, "Polarizability alpha": [6.626, 20.517, 6.572, 18.908, 6.552, 6.686, 6.334, 6.33, 6.39, 7.464, 7.739, 6.39, 8.935, 8.705, 8.853, 8.379, 6.84, 7.286, 7.576, 6.376, 7.357, 7.752, 6.298, 2.287, 2.356, 2.34, 2.256, 2.167, 2.36, 2.22, 2.3, 2.533, 2.35, 1.264, 1.732, 2.261, 2.228, 2.22, 2.21, 2.285, 1.595, 1.543], "Total polarizability alpha": 231.368726, "Wiberg matrix": [[0.0, 1.0109669209180379, 0.0, 0.0, 0.0, 0.0, 0.0, 0.0, 0.0, 0.0, 0.0, 0.0, 0.0, 0.0, 0.0, 0.0, 0.0, 0.0, 0.0, 0.0, 0.0, 0.0, 0.0, 0.9822044392957272, 0.9822636481580997, 0.9804005416299162, 0.0, 0.0, 0.0, 0.0, 0.0, 0.0, 0.0, 0.0, 0.0, 0.0, 0.0, 0.0, 0.0, 0.0, 0.0, 0.0], [1.0109669209180379, 0.0, 1.0056271657756226, 0.0, 0.0, 0.0, 0.0, 0.0, 0.0, 0.0, 0.0, 0.0, 0.0, 0.0, 0.0, 0.0, 0.0, 0.0, 0.0, 0.0, 0.0, 0.0, 0.0, 0.0, 0.0, 0.0, 0.0, 0.0, 0.0, 0.0, 0.0, 0.0, 0.0, 0.0, 0.0, 0.0, 0.0, 0.0, 0.0, 0.0, 0.0, 0.0], [0.0, 1.0056271657756226, 0.0, 0.9345637849919098, 0.0, 0.0, 0.0, 0.0, 0.0, 0.0, 0.0, 0.0, 0.0, 0.0, 0.0, 0.0, 0.0, 0.0, 0.0, 0.0, 0.0, 0.0, 0.0, 0.0, 0.0, 0.0, 0.9652242044692825, 0.9599605790111299, 0.0, 0.0, 0.0, 0.0, 0.0, 0.0, 0.0, 0.0, 0.0, 0.0, 0.0, 0.0, 0.0, 0.0], [0.0, 0.0, 0.9345637849919098, 0.0, 1.7817997333711673, 0.9261134442370326, 0.0, 0.0, 0.0, 0.0, 0.0, 0.0, 0.0, 0.0, 0.0, 0.0, 0.0, 0.0, 0.0, 0.0, 0.0, 0.0, 0.0, 0.0, 0.0, 0.0, 0.0, 0.0, 0.0, 0.0, 0.0, 0.0, 0.0, 0.0, 0.0, 0.0, 0.0, 0.0, 0.0, 0.0, 0.0, 0.0], [0.0, 0.0, 0.0, 1.7817997333711673, 0.0, 0.0, 0.0, 0.0, 0.0, 0.0, 0.0, 0.0, 0.0, 0.0, 0.0, 0.0, 0.0, 0.0, 0.0, 0.0, 0.0, 0.0, 0.0, 0.0, 0.0, 0.0, 0.0, 0.0, 0.0, 0.0, 0.0, 0.0, 0.0, 0.0, 0.0, 0.0, 0.0, 0.0, 0.0, 0.0, 0.0, 0.0], [0.0, 0.0, 0.0, 0.9261134442370326, 0.0, 0.0, 0.992445757395795, 0.0, 0.0, 0.0, 0.0, 0.0, 0.0, 0.0, 0.0, 0.0, 0.0, 0.0, 0.0, 0.0, 0.0, 0.0, 0.0, 0.0, 0.0, 0.0, 0.0, 0.0, 0.9676117237318888, 0.9633904519251647, 0.0, 0.0, 0.0, 0.0, 0.0, 0.0, 0.0, 0.0, 0.0, 0.0, 0.0, 0.0], [0.0, 0.0, 0.0, 0.0, 0.0, 0.992445757395795, 0.0, 0.9761809055943803, 0.0, 0.9666025542955323, 0.0, 0.0, 0.0, 0.0, 0.0, 0.0, 0.0, 0.0, 0.0, 0.0, 0.0, 0.0, 0.0, 0.0, 0.0, 0.0, 0.0, 0.0, 0.0, 0.0, 0.9629470778404143, 0.0, 0.0, 0.0, 0.0, 0.0, 0.0, 0.0, 0.0, 0.0, 0.0, 0.0], [0.0, 0.0, 0.0, 0.0, 0.0, 0.0, 0.9761809055943803, 0.0, 1.0136628209585585, 0.0, 0.0, 0.0, 0.0, 0.0, 0.0, 0.0, 0.0, 0.0, 0.0, 0.0, 0.0, 0.0, 0.0, 0.0, 0.0, 0.0, 0.0, 0.0, 0.0, 0.0, 0.0, 0.9695219072078498, 0.9683338237126005, 0.0, 0.0, 0.0, 0.0, 0.0, 0.0, 0.0, 0.0, 0.0], [0.0, 0.0, 0.0, 0.0, 0.0, 0.0, 0.0, 1.0136628209585585, 0.0, 0.0, 0.0, 0.0, 0.0, 0.0, 0.0, 0.0, 0.0, 0.0, 0.0, 0.0, 0.0, 0.0, 0.0, 0.0, 0.0, 0.0, 0.0, 0.0, 0.0, 0.0, 0.0, 0.0, 0.0, 0.827048442218189, 0.0, 0.0, 0.0, 0.0, 0.0, 0.0, 0.0, 0.0], [0.0, 0.0, 0.0, 0.0, 0.0, 0.0, 0.9666025542955323, 0.0, 0.0, 0.0, 1.2370308188540151, 0.1883464399956264, 0.0, 0.0, 0.0, 0.0, 0.0, 0.0, 0.0, 0.0, 0.0, 0.0, 0.0, 0.0, 0.0, 0.0, 0.0, 0.0, 0.0, 0.0, 0.0, 0.0, 0.0, 0.0, 0.9413327326485625, 0.0, 0.0, 0.0, 0.0, 0.0, 0.0, 0.0], [0.0, 0.0, 0.0, 0.0, 0.0, 0.0, 0.0, 0.0, 0.0, 1.2370308188540151, 0.0, 1.6168100492043092, 1.0291609685337733, 0.0, 0.0, 0.0, 0.0, 0.0, 0.0, 0.0, 0.0, 0.0, 0.0, 0.0, 0.0, 0.0, 0.0, 0.0, 0.0, 0.0, 0.0, 0.0, 0.0, 0.0, 0.0, 0.0, 0.0, 0.0, 0.0, 0.0, 0.0, 0.0], [0.0, 0.0, 0.0, 0.0, 0.0, 0.0, 0.0, 0.0, 0.0, 0.1883464399956264, 1.6168100492043092, 0.0, 0.0, 0.0, 0.0, 0.0, 0.0, 0.0, 0.0, 0.0, 0.0, 0.0, 0.0, 0.0, 0.0, 0.0, 0.0, 0.0, 0.0, 0.0, 0.0, 0.0, 0.0, 0.0, 0.0, 0.0, 0.0, 0.0, 0.0, 0.0, 0.0, 0.0], [0.0, 0.0, 0.0, 0.0, 0.0, 0.0, 0.0, 0.0, 0.0, 0.0, 1.0291609685337733, 0.0, 0.0, 1.792219730896882, 0.0, 0.0, 0.0, 0.0, 0.0, 0.0, 0.0, 0.0, 0.0, 0.0, 0.0, 0.0, 0.0, 0.0, 0.0, 0.0, 0.0, 0.0, 0.0, 0.0, 0.0, 0.9591758505948107, 0.0, 0.0, 0.0, 0.0, 0.0, 0.0], [0.0, 0.0, 0.0, 0.0, 0.0, 0.0, 0.0, 0.0, 0.0, 0.0, 0.0, 0.0, 1.792219730896882, 0.0, 1.1089247299968583, 0.0, 0.0, 0.0, 0.0, 0.0, 0.0, 0.0, 0.0, 0.0, 0.0, 0.0, 0.0, 0.0, 0.0, 0.0, 0.0, 0.0, 0.0, 0.0, 0.0, 0.0, 0.9508790310099773, 0.0, 0.0, 0.0, 0.0, 0.0], [0.0, 0.0, 0.0, 0.0, 0.0, 0.0, 0.0, 0.0, 0.0, 0.0, 0.0, 0.0, 0.0, 1.1089247299968583, 0.0, 1.5776107375953152, 0.0, 0.0, 0.0, 0.0, 0.0, 1.024684851858958, 0.0, 0.0, 0.0, 0.0, 0.0, 0.0, 0.0, 0.0, 0.0, 0.0, 0.0, 0.0, 0.0, 0.0, 0.0, 0.0, 0.0, 0.0, 0.0, 0.0], [0.0, 0.0, 0.0, 0.0, 0.0, 0.0, 0.0, 0.0, 0.0, 0.0, 0.0, 0.0, 0.0, 0.0, 1.5776107375953152, 0.0, 1.0249567519699128, 1.1603693798443873, 0.0, 0.0, 0.0, 0.0, 0.0, 0.0, 0.0, 0.0, 0.0, 0.0, 0.0, 0.0, 0.0, 0.0, 0.0, 0.0, 0.0, 0.0, 0.0, 0.0, 0.0, 0.0, 0.0, 0.0], [0.0, 0.0, 0.0, 0.0, 0.0, 0.0, 0.0, 0.0, 0.0, 0.0, 0.0, 0.0, 0.0, 0.0, 0.0, 1.0249567519699128, 0.0, 0.0, 0.0, 0.0, 0.0, 0.0, 0.0, 0.0, 0.0, 0.0, 0.0, 0.0, 0.0, 0.0, 0.0, 0.0, 0.0, 0.0, 0.0, 0.0, 0.0, 0.958980884102812, 0.975781200220157, 0.9707081807657318, 0.0, 0.0], [0.0, 0.0, 0.0, 0.0, 0.0, 0.0, 0.0, 0.0, 0.0, 0.0, 0.0, 0.0, 0.0, 0.0, 0.0, 1.1603693798443873, 0.0, 0.0, 1.1360643416867482, 0.13077873157951275, 0.0, 0.0, 0.0, 0.0, 0.0, 0.0, 0.0, 0.0, 0.0, 0.0, 0.0, 0.0, 0.0, 0.0, 0.0, 0.0, 0.0, 0.0, 0.0, 0.0, 0.9214857195299759, 0.0], [0.0, 0.0, 0.0, 0.0, 0.0, 0.0, 0.0, 0.0, 0.0, 0.0, 0.0, 0.0, 0.0, 0.0, 0.0, 0.0, 0.0, 1.1360643416867482, 0.0, 1.6254300011480842, 1.1385723969946782, 0.0, 0.0, 0.0, 0.0, 0.0, 0.0, 0.0, 0.0, 0.0, 0.0, 0.0, 0.0, 0.0, 0.0, 0.0, 0.0, 0.0, 0.0, 0.0, 0.0, 0.0], [0.0, 0.0, 0.0, 0.0, 0.0, 0.0, 0.0, 0.0, 0.0, 0.0, 0.0, 0.0, 0.0, 0.0, 0.0, 0.0, 0.0, 0.13077873157951275, 1.6254300011480842, 0.0, 0.12937091911452311, 0.0, 0.0, 0.0, 0.0, 0.0, 0.0, 0.0, 0.0, 0.0, 0.0, 0.0, 0.0, 0.0, 0.0, 0.0, 0.0, 0.0, 0.0, 0.0, 0.0, 0.0], [0.0, 0.0, 0.0, 0.0, 0.0, 0.0, 0.0, 0.0, 0.0, 0.0, 0.0, 0.0, 0.0, 0.0, 0.0, 0.0, 0.0, 0.0, 1.1385723969946782, 0.12937091911452311, 0.0, 1.1418298123792021, 0.1388882309120096, 0.0, 0.0, 0.0, 0.0, 0.0, 0.0, 0.0, 0.0, 0.0, 0.0, 0.0, 0.0, 0.0, 0.0, 0.0, 0.0, 0.0, 0.0, 0.9123242038990126], [0.0, 0.0, 0.0, 0.0, 0.0, 0.0, 0.0, 0.0, 0.0, 0.0, 0.0, 0.0, 0.0, 0.0, 1.024684851858958, 0.0, 0.0, 0.0, 0.0, 0.0, 1.1418298123792021, 0.0, 1.6870281781731686, 0.0, 0.0, 0.0, 0.0, 0.0, 0.0, 0.0, 0.0, 0.0, 0.0, 0.0, 0.0, 0.0, 0.0, 0.0, 0.0, 0.0, 0.0, 0.0], [0.0, 0.0, 0.0, 0.0, 0.0, 0.0, 0.0, 0.0, 0.0, 0.0, 0.0, 0.0, 0.0, 0.0, 0.0, 0.0, 0.0, 0.0, 0.0, 0.0, 0.1388882309120096, 1.6870281781731686, 0.0, 0.0, 0.0, 0.0, 0.0, 0.0, 0.0, 0.0, 0.0, 0.0, 0.0, 0.0, 0.0, 0.0, 0.0, 0.0, 0.0, 0.0, 0.0, 0.0], [0.9822044392957272, 0.0, 0.0, 0.0, 0.0, 0.0, 0.0, 0.0, 0.0, 0.0, 0.0, 0.0, 0.0, 0.0, 0.0, 0.0, 0.0, 0.0, 0.0, 0.0, 0.0, 0.0, 0.0, 0.0, 0.0, 0.0, 0.0, 0.0, 0.0, 0.0, 0.0, 0.0, 0.0, 0.0, 0.0, 0.0, 0.0, 0.0, 0.0, 0.0, 0.0, 0.0], [0.9822636481580997, 0.0, 0.0, 0.0, 0.0, 0.0, 0.0, 0.0, 0.0, 0.0, 0.0, 0.0, 0.0, 0.0, 0.0, 0.0, 0.0, 0.0, 0.0, 0.0, 0.0, 0.0, 0.0, 0.0, 0.0, 0.0, 0.0, 0.0, 0.0, 0.0, 0.0, 0.0, 0.0, 0.0, 0.0, 0.0, 0.0, 0.0, 0.0, 0.0, 0.0, 0.0], [0.9804005416299162, 0.0, 0.0, 0.0, 0.0, 0.0, 0.0, 0.0, 0.0, 0.0, 0.0, 0.0, 0.0, 0.0, 0.0, 0.0, 0.0, 0.0, 0.0, 0.0, 0.0, 0.0, 0.0, 0.0, 0.0, 0.0, 0.0, 0.0, 0.0, 0.0, 0.0, 0.0, 0.0, 0.0, 0.0, 0.0, 0.0, 0.0, 0.0, 0.0, 0.0, 0.0], [0.0, 0.0, 0.9652242044692825, 0.0, 0.0, 0.0, 0.0, 0.0, 0.0, 0.0, 0.0, 0.0, 0.0, 0.0, 0.0, 0.0, 0.0, 0.0, 0.0, 0.0, 0.0, 0.0, 0.0, 0.0, 0.0, 0.0, 0.0, 0.0, 0.0, 0.0, 0.0, 0.0, 0.0, 0.0, 0.0, 0.0, 0.0, 0.0, 0.0, 0.0, 0.0, 0.0], [0.0, 0.0, 0.9599605790111299, 0.0, 0.0, 0.0, 0.0, 0.0, 0.0, 0.0, 0.0, 0.0, 0.0, 0.0, 0.0, 0.0, 0.0, 0.0, 0.0, 0.0, 0.0, 0.0, 0.0, 0.0, 0.0, 0.0, 0.0, 0.0, 0.0, 0.0, 0.0, 0.0, 0.0, 0.0, 0.0, 0.0, 0.0, 0.0, 0.0, 0.0, 0.0, 0.0], [0.0, 0.0, 0.0, 0.0, 0.0, 0.9676117237318888, 0.0, 0.0, 0.0, 0.0, 0.0, 0.0, 0.0, 0.0, 0.0, 0.0, 0.0, 0.0, 0.0, 0.0, 0.0, 0.0, 0.0, 0.0, 0.0, 0.0, 0.0, 0.0, 0.0, 0.0, 0.0, 0.0, 0.0, 0.0, 0.0, 0.0, 0.0, 0.0, 0.0, 0.0, 0.0, 0.0], [0.0, 0.0, 0.0, 0.0, 0.0, 0.9633904519251647, 0.0, 0.0, 0.0, 0.0, 0.0, 0.0, 0.0, 0.0, 0.0, 0.0, 0.0, 0.0, 0.0, 0.0, 0.0, 0.0, 0.0, 0.0, 0.0, 0.0, 0.0, 0.0, 0.0, 0.0, 0.0, 0.0, 0.0, 0.0, 0.0, 0.0, 0.0, 0.0, 0.0, 0.0, 0.0, 0.0], [0.0, 0.0, 0.0, 0.0, 0.0, 0.0, 0.9629470778404143, 0.0, 0.0, 0.0, 0.0, 0.0, 0.0, 0.0, 0.0, 0.0, 0.0, 0.0, 0.0, 0.0, 0.0, 0.0, 0.0, 0.0, 0.0, 0.0, 0.0, 0.0, 0.0, 0.0, 0.0, 0.0, 0.0, 0.0, 0.0, 0.0, 0.0, 0.0, 0.0, 0.0, 0.0, 0.0], [0.0, 0.0, 0.0, 0.0, 0.0, 0.0, 0.0, 0.9695219072078498, 0.0, 0.0, 0.0, 0.0, 0.0, 0.0, 0.0, 0.0, 0.0, 0.0, 0.0, 0.0, 0.0, 0.0, 0.0, 0.0, 0.0, 0.0, 0.0, 0.0, 0.0, 0.0, 0.0, 0.0, 0.0, 0.0, 0.0, 0.0, 0.0, 0.0, 0.0, 0.0, 0.0, 0.0], [0.0, 0.0, 0.0, 0.0, 0.0, 0.0, 0.0, 0.9683338237126005, 0.0, 0.0, 0.0, 0.0, 0.0, 0.0, 0.0, 0.0, 0.0, 0.0, 0.0, 0.0, 0.0, 0.0, 0.0, 0.0, 0.0, 0.0, 0.0, 0.0, 0.0, 0.0, 0.0, 0.0, 0.0, 0.0, 0.0, 0.0, 0.0, 0.0, 0.0, 0.0, 0.0, 0.0], [0.0, 0.0, 0.0, 0.0, 0.0, 0.0, 0.0, 0.0, 0.827048442218189, 0.0, 0.0, 0.0, 0.0, 0.0, 0.0, 0.0, 0.0, 0.0, 0.0, 0.0, 0.0, 0.0, 0.0, 0.0, 0.0, 0.0, 0.0, 0.0, 0.0, 0.0, 0.0, 0.0, 0.0, 0.0, 0.0, 0.0, 0.0, 0.0, 0.0, 0.0, 0.0, 0.0], [0.0, 0.0, 0.0, 0.0, 0.0, 0.0, 0.0, 0.0, 0.0, 0.9413327326485625, 0.0, 0.0, 0.0, 0.0, 0.0, 0.0, 0.0, 0.0, 0.0, 0.0, 0.0, 0.0, 0.0, 0.0, 0.0, 0.0, 0.0, 0.0, 0.0, 0.0, 0.0, 0.0, 0.0, 0.0, 0.0, 0.0, 0.0, 0.0, 0.0, 0.0, 0.0, 0.0], [0.0, 0.0, 0.0, 0.0, 0.0, 0.0, 0.0, 0.0, 0.0, 0.0, 0.0, 0.0, 0.9591758505948107, 0.0, 0.0, 0.0, 0.0, 0.0, 0.0, 0.0, 0.0, 0.0, 0.0, 0.0, 0.0, 0.0, 0.0, 0.0, 0.0, 0.0, 0.0, 0.0, 0.0, 0.0, 0.0, 0.0, 0.0, 0.0, 0.0, 0.0, 0.0, 0.0], [0.0, 0.0, 0.0, 0.0, 0.0, 0.0, 0.0, 0.0, 0.0, 0.0, 0.0, 0.0, 0.0, 0.9508790310099773, 0.0, 0.0, 0.0, 0.0, 0.0, 0.0, 0.0, 0.0, 0.0, 0.0, 0.0, 0.0, 0.0, 0.0, 0.0, 0.0, 0.0, 0.0, 0.0, 0.0, 0.0, 0.0, 0.0, 0.0, 0.0, 0.0, 0.0, 0.0], [0.0, 0.0, 0.0, 0.0, 0.0, 0.0, 0.0, 0.0, 0.0, 0.0, 0.0, 0.0, 0.0, 0.0, 0.0, 0.0, 0.958980884102812, 0.0, 0.0, 0.0, 0.0, 0.0, 0.0, 0.0, 0.0, 0.0, 0.0, 0.0, 0.0, 0.0, 0.0, 0.0, 0.0, 0.0, 0.0, 0.0, 0.0, 0.0, 0.0, 0.0, 0.0, 0.0], [0.0, 0.0, 0.0, 0.0, 0.0, 0.0, 0.0, 0.0, 0.0, 0.0, 0.0, 0.0, 0.0, 0.0, 0.0, 0.0, 0.975781200220157, 0.0, 0.0, 0.0, 0.0, 0.0, 0.0, 0.0, 0.0, 0.0, 0.0, 0.0, 0.0, 0.0, 0.0, 0.0, 0.0, 0.0, 0.0, 0.0, 0.0, 0.0, 0.0, 0.0, 0.0, 0.0], [0.0, 0.0, 0.0, 0.0, 0.0, 0.0, 0.0, 0.0, 0.0, 0.0, 0.0, 0.0, 0.0, 0.0, 0.0, 0.0, 0.9707081807657318, 0.0, 0.0, 0.0, 0.0, 0.0, 0.0, 0.0, 0.0, 0.0, 0.0, 0.0, 0.0, 0.0, 0.0, 0.0, 0.0, 0.0, 0.0, 0.0, 0.0, 0.0, 0.0, 0.0, 0.0, 0.0], [0.0, 0.0, 0.0, 0.0, 0.0, 0.0, 0.0, 0.0, 0.0, 0.0, 0.0, 0.0, 0.0, 0.0, 0.0, 0.0, 0.0, 0.9214857195299759, 0.0, 0.0, 0.0, 0.0, 0.0, 0.0, 0.0, 0.0, 0.0, 0.0, 0.0, 0.0, 0.0, 0.0, 0.0, 0.0, 0.0, 0.0, 0.0, 0.0, 0.0, 0.0, 0.0, 0.0], [0.0, 0.0, 0.0, 0.0, 0.0, 0.0, 0.0, 0.0, 0.0, 0.0, 0.0, 0.0, 0.0, 0.0, 0.0, 0.0, 0.0, 0.0, 0.0, 0.0, 0.9123242038990126, 0.0, 0.0, 0.0, 0.0, 0.0, 0.0, 0.0, 0.0, 0.0, 0.0, 0.0, 0.0, 0.0, 0.0, 0.0, 0.0, 0.0, 0.0, 0.0, 0.0, 0.0]], "Born radii": [], "Atomic SASAs": [], "Solvent H bonds": [], "Total SASA": NaN, "Total FOD": 0.0, "FOD": [0.0, 0.0, 0.0, 0.0, 0.0, 0.0, 0.0, 0.0, 0.0, 0.0, 0.0, 0.0, 0.0, 0.0, 0.0, 0.0, 0.0, 0.0, 0.0, 0.0, 0.0, 0.0, 0.0, 0.0, 0.0, 0.0, 0.0, 0.0, 0.0, 0.0, 0.0, 0.0, 0.0, 0.0, 0.0, 0.0, 0.0, 0.0, 0.0, 0.0, 0.0, 0.0], "FOD s proportion": [0.0, 0.0, 0.0, 0.0, 0.0, 0.0, 0.0, 0.0, 0.0, 0.0, 0.0, 0.0, 0.0, 0.0, 0.0, 0.0, 0.0, 0.0, 0.0, 0.0, 0.0, 0.0, 0.0, 0.0, 0.0, 0.0, 0.0, 0.0, 0.0, 0.0, 0.0, 0.0, 0.0, 0.0, 0.0, 0.0, 0.0, 0.0, 0.0, 0.0, 0.0, 0.0], "FOD p proportion": [0.0, 0.0, 0.0, 0.0, 0.0, 0.0, 0.0, 0.0, 0.0, 0.0, 0.0, 0.0, 0.0, 0.0, 0.0, 0.0, 0.0, 0.0, 0.0, 0.0, 0.0, 0.0, 0.0, 0.0, 0.0, 0.0, 0.0, 0.0, 0.0, 0.0, 0.0, 0.0, 0.0, 0.0, 0.0, 0.0, 0.0, 0.0, 0.0, 0.0, 0.0, 0.0], "FOD d proportion": [0.0, 0.0, 0.0, 0.0, 0.0, 0.0, 0.0, 0.0, 0.0, 0.0, 0.0, 0.0, 0.0, 0.0, 0.0, 0.0, 0.0, 0.0, 0.0, 0.0, 0.0, 0.0, 0.0, 0.0, 0.0, 0.0, 0.0, 0.0, 0.0, 0.0, 0.0, 0.0, 0.0, 0.0, 0.0, 0.0, 0.0, 0.0, 0.0, 0.0, 0.0, 0.0], "coordinates": [["7.56430", "-0.11300", "0.03370"], ["6.70650", "0.69270", "-1.34330"], ["4.98530", "0.47610", "-0.78550"], ["4.43090", "-1.25550", "-0.86850"], ["4.86310", "-1.96180", "0.38440"], ["2.63960", "-0.95640", "-0.76460"], ["2.06960", "-1.04090", "0.65990"], ["2.49580", "0.12530", "1.57530"], ["2.45430", "1.38450", "0.90810"], ["0.60110", "-1.19470", "0.62420"], ["-0.26190", "-0.22580", "0.18580"], ["0.09580", "0.88220", "-0.19400"], ["-1.68370", "-0.64310", "0.22710"], ["-2.64940", "0.25290", "-0.03430"], ["-4.09090", "0.00590", "-0.03160"], ["-4.97050", "0.79220", "-0.69520"], ["-4.61150", "1.95650", "-1.58450"], ["-6.32440", "0.55160", "-0.61670"], ["-6.89630", "-0.46420", "0.08670"], ["-8.11140", "-0.61740", "0.13390"], ["-6.03210", "-1.28760", "0.73350"], ["-4.68060", "-1.10880", "0.80170"], ["-4.00100", "-1.83160", "1.52720"], ["7.42750", "-1.19600", "-0.00280"], ["7.21110", "0.27690", "0.99190"], ["8.63480", "0.09460", "-0.04800"], ["4.35750", "1.07230", "-1.45240"], ["4.88580", "0.85710", "0.23140"], ["2.19080", "-1.75740", "-1.36500"], ["2.38590", "-0.02250", "-1.27440"], ["2.40800", "-1.96940", "1.13650"], ["1.85860", "0.18490", "2.46450"], ["3.52250", "-0.02250", "1.92330"], ["1.54070", "1.48880", "0.55780"], ["0.22550", "-2.07320", "0.96140"], ["-1.89630", "-1.67800", "0.46130"], ["-2.34190", "1.27090", "-0.27040"], ["-4.78890", "2.90010", "-1.05830"], ["-3.57290", "1.93830", "-1.92460"], ["-5.22810", "1.95020", "-2.49100"], ["-6.98060", "1.15180", "-1.10510"], ["-6.43240", "-2.01780", "1.30070"]], "bond_dist": [[0.0, 1.8113813320226089, 2.769362462733978, 3.455063914025325, 3.292040912564727, 5.059770403881978, 5.607571037445713, 5.303113208295671, 5.396219195881502, 7.071415656005522, 7.828490575455782, 7.537954800872715, 9.265199057224837, 10.220478193313657, 11.65598937628205, 12.58856200246875, 12.455982784589901, 13.919795293394223, 14.464961209764787, 15.684133061473306, 13.664973405023517, 12.309306140071422, 11.787293680060747, 1.0922158623642122, 1.0931237304166441, 1.0935002972107506, 3.7278674252178017, 2.8556157917338956, 5.790933888415581, 5.341829501210236, 5.590153708977956, 6.209069619516276, 4.4626142170257115, 6.254934133146407, 7.65251571510964, 9.598698824319888, 10.00702025879832, 12.76216227173123, 11.492606076082135, 13.20137879503501, 14.644135361638801, 14.182424437662274], [1.8113813320226089, 0.0, 1.8222474694727941, 3.033030438356991, 3.6646201849577813, 4.4265223494296295, 5.34032029095634, 5.15462541898051, 4.860925224687168, 6.686497152470792, 7.193079147347122, 6.712537167867304, 8.639790150229345, 9.457260166136914, 10.898444746384687, 11.695394942454914, 11.390895130761235, 13.051904519264612, 13.726597737604173, 14.948867591225765, 13.0578182055809, 11.726571266145958, 11.36936308638263, 2.4256893741779884, 2.4250092453432006, 2.3987218659110936, 2.381973965013052, 2.4128107965607253, 5.137607165792263, 4.379936370542386, 5.631455113911502, 6.185413170516583, 4.617363165270845, 5.56178443127743, 7.413852298232006, 9.104118161030204, 9.13011348286537, 11.708888116298661, 10.370896461251554, 12.055421962751863, 13.696868929065506, 13.673633001510607], [2.769362462733978, 1.8222474694727941, 0.0, 1.820078822468961, 2.706834915542505, 2.748599925416574, 3.590512031730293, 3.44877478679023, 3.17796043398907, 4.89898319756253, 5.382303887741753, 4.941861967922617, 6.837655182882505, 7.674813598387911, 9.11958659644175, 9.961226176530678, 9.743128624830938, 11.31121159646481, 11.95061987890168, 13.174391428069836, 11.260599515567543, 9.92273826420913, 9.561780601436116, 3.061515725910942, 2.855348847338973, 3.7427661895982767, 1.0928599590066421, 1.0904801052747362, 3.624027145317761, 2.6915619127190813, 4.039434309405217, 4.5192422296221295, 3.118650868564803, 3.8334430137932136, 5.6750582499213165, 7.317860043072701, 7.388159100208928, 10.073985382161323, 8.756618347855524, 10.459217973634548, 11.98922338852688, 11.871631772422862], [3.455063914025325, 3.033030438356991, 1.820078822468961, 0.0, 1.5018038953205575, 1.8190689129332072, 2.820956825263372, 3.409307714184802, 3.746045264008432, 4.110865841887814, 4.9187602523400145, 4.880348711926229, 6.2420914988487635, 7.287098756706952, 8.655206918959246, 9.623379351350543, 9.6226086774845, 10.9089638252219, 11.39491213524703, 12.598462868937624, 10.584980085479614, 9.264476303601839, 8.78454365974693, 3.1197096499514183, 3.679517625993929, 4.490964870715423, 2.4010371946306868, 2.424828402176121, 2.3487153658968563, 2.4222032965876337, 2.9362906225372174, 4.449760493554681, 3.1842780657474, 4.233056841101948, 4.6586002683209475, 6.479223265947856, 7.253360628701706, 10.114828097402347, 8.681965220501635, 10.305595554843011, 11.66505058283075, 11.103955008014037], [3.292040912564727, 3.6646201849577813, 2.706834915542505, 1.5018038953205575, 0.0, 2.697217531086434, 2.9542510573747793, 3.373179288149386, 4.156236617422064, 4.337117758373641, 5.41468031928017, 5.5812213582691745, 6.680142455067856, 7.8433323294375334, 9.177091875425461, 10.268872436640745, 10.440195748164879, 11.50997554384891, 11.858116183019966, 13.046371597497902, 10.921620735495258, 9.590826762068014, 8.938412201839878, 2.70416730991261, 3.300596603646074, 4.317577053163036, 3.58262870110761, 2.8231403613706494, 3.2005260520733154, 3.5565463261428216, 2.5677282138108, 4.238178517948484, 2.8153696133900428, 4.793229566795231, 4.674684237464601, 6.765792223383748, 7.924085898701502, 10.903236166386566, 9.5764480372422, 11.198392143517747, 12.336382974762092, 11.332742913346266], [5.059770403881978, 4.4265223494296295, 2.748599925416574, 1.8190689129332072, 2.697217531086434, 0.0, 1.5366328448917135, 2.5818375897798065, 2.88306680290277, 2.4781110911337287, 3.139385094250147, 3.190133658641907, 4.4466334085462895, 5.474419200243986, 6.838343406118182, 7.8087156645635405, 7.857205204778605, 9.091162434474484, 9.586467615341952, 10.793804901423778, 8.806382795450128, 7.4874461260165335, 7.079257774654064, 4.854043037510072, 5.050240923956005, 6.128665401210937, 2.7458829071903263, 3.0538848521186908, 1.0970426609754065, 1.0938139421309276, 2.166561508473738, 3.5127786010507407, 2.9793435568930278, 2.989201567308568, 3.170835386771127, 4.753727608940167, 5.479091273194854, 8.375050100745668, 6.951262068142734, 8.563263619088227, 9.85437443625926, 9.3644657108668], [5.607571037445713, 5.34032029095634, 3.590512031730293, 2.820956825263372, 2.9542510573747793, 1.5366328448917135, 0.0, 1.5426036561605836, 2.468230639547285, 1.4769634998875227, 2.514965421233461, 2.885020842212409, 3.7990553523211528, 4.9421445830732225, 6.286948603257387, 7.399970245210451, 7.658905622215227, 8.638576260588316, 9.002694260053486, 10.203371464863952, 8.10578933479029, 6.752030634557281, 6.183008987539966, 5.400955444178373, 5.318067608633799, 6.700174154453003, 3.763231582031592, 3.423010179651822, 2.1513441612164246, 2.208778110177661, 1.0971665188110693, 2.191731689783218, 2.1781268397409734, 2.5864148371829296, 2.1347717325278595, 4.021654035344165, 5.06667638398191, 8.094610212357354, 6.884263151565315, 8.493013323314642, 9.477830887391903, 8.58189735722818], [5.303113208295671, 5.15462541898051, 3.44877478679023, 3.409307714184802, 3.373179288149386, 2.5818375897798065, 1.5426036561605836, 0.0, 1.425644671718728, 2.497374481330343, 3.107875600792284, 3.0762509813082546, 4.458284653316789, 5.392603912767931, 6.780929203287703, 7.83234074526894, 7.990703521593077, 9.098490189586402, 9.527590598887002, 10.730420732198713, 8.685044159933787, 7.322716485703922, 6.7852915530579825, 5.34395903708103, 4.753671445314663, 6.3500682185312, 3.6782744840481927, 2.837903883150379, 3.504703750675654, 2.8556458008653665, 2.141966939520776, 1.095560422797392, 1.0941031624120277, 1.9510649681648224, 3.2194001848170415, 4.876825740171571, 5.303050927532188, 8.228135760304395, 7.236393348899712, 8.917605447091725, 9.901535404673359, 9.185915197191841], [5.396219195881502, 4.860925224687168, 3.17796043398907, 3.746045264008432, 4.156236617422064, 2.88306680290277, 2.468230639547285, 1.425644671718728, 0.0, 3.1886081744234427, 3.2392168528828074, 2.651311364212057, 4.658107637227805, 5.311910203495537, 6.7544960648445125, 7.618992401886223, 7.514370792022444, 8.948983804879749, 9.566927929591609, 10.78151221953581, 8.898853214319248, 7.5587475060356395, 7.238610509621305, 5.676392983224471, 4.8847667743711165, 6.385651843782278, 3.048212481110856, 2.57842314215491, 3.886894836498667, 2.597620797961088, 3.3619868322169264, 2.0533581299909667, 2.037481602370927, 0.983998749999206, 4.11413169696839, 5.339125101549879, 4.9401722287790735, 7.656873941759784, 6.682665902916291, 8.419808018001362, 9.650101633661688, 9.523823651244285], [7.071415656005522, 6.686497152470792, 4.89898319756253, 4.110865841887814, 4.337117758373641, 2.4781110911337287, 1.4769634998875227, 2.497374481330343, 3.1886081744234427, 0.0, 1.369573207243775, 2.2887317317676183, 2.383749569480821, 3.618690130420122, 4.887369230987158, 6.060636478951695, 6.479167839313935, 7.249272153119925, 7.55205556520872, 8.745360234432885, 6.634750872489486, 5.285379830248721, 4.732903445032446, 6.8551344005788835, 6.781807270189857, 8.164219682247655, 4.854080502010654, 4.7668468792273995, 2.607814030946225, 2.8573144454189845, 2.03162471682149, 2.6213177029883274, 3.405332819270387, 2.8440164152128236, 1.0131838184653366, 2.548945283838003, 3.9421747196186017, 6.9749762214648445, 5.808127619121329, 7.319456242781973, 8.122728336587405, 7.113737984351125], [7.828490575455782, 7.193079147347122, 5.382303887741753, 4.9187602523400145, 5.41468031928017, 3.139385094250147, 2.514965421233461, 3.107875600792284, 3.2392168528828074, 1.369573207243775, 0.0, 1.2246882582926972, 1.4823495606637456, 2.444944569923826, 3.842159373321206, 4.897284855917614, 5.178360313844529, 6.16459757486245, 6.63942156591973, 7.859433466860064, 5.8925887833786605, 4.5479590477487815, 4.284718941774361, 7.752659566884128, 7.533142339024266, 8.905537013004889, 5.070268159574994, 5.260567180447371, 3.281237036545821, 3.0305708653651378, 3.327512202832621, 3.1396924100937023, 4.169163045504456, 2.515472901861596, 2.062038040386258, 2.2036443565149075, 2.6028118122522805, 5.64028054444103, 4.483284283870476, 6.046765803303449, 6.978906379942347, 6.521452005496935], [7.537954800872715, 6.712537167867304, 4.941861967922617, 4.880348711926229, 5.5812213582691745, 3.190133658641907, 2.885020842212409, 3.0762509813082546, 2.651311364212057, 2.2887317317676183, 1.2246882582926972, 0.0, 2.381278133692073, 2.8209299211430263, 4.280506084565235, 5.091826502346677, 5.024568044120808, 6.442587965251231, 7.126082223774857, 8.349517974709677, 6.566539933633236, 5.26967707264876, 5.206823419321996, 7.622945465500853, 7.238801074072971, 8.576488253358713, 4.447673038792307, 4.808918295209433, 3.5675978136555697, 2.6889225091102937, 3.9048843324738822, 3.265166669559151, 4.128403356020339, 1.738074454676784, 3.1758715984749766, 3.3094568345878153, 2.469677294708764, 5.355299150374328, 4.191620600674637, 5.895824302843496, 7.139903663915921, 7.298049282513787], [9.265199057224837, 8.639790150229345, 6.837655182882505, 6.2420914988487635, 6.680142455067856, 4.4466334085462895, 3.7990553523211528, 4.458284653316789, 4.658107637227805, 2.383749569480821, 1.4823495606637456, 2.381278133692073, 0.0, 1.3430273452167683, 2.5065391538932724, 3.7032117978857224, 4.314142737555168, 4.865737664527343, 5.217558445288371, 6.428427025330536, 4.424975002189277, 3.0868189548465588, 2.910785383706604, 9.130855264431696, 8.974897552618637, 10.348493781705626, 6.500724178889611, 6.738616236290653, 4.33453540186258, 4.381927745867109, 4.396372247660564, 4.270764808555957, 5.510604072150349, 3.8795767114467528, 2.495882036475282, 1.082158218561408, 2.0842575392690796, 4.883521929919021, 3.8551933142191457, 5.164885657979275, 5.749223639762155, 5.058909837109177], [10.220478193313657, 9.457260166136914, 7.674813598387911, 7.287098756706952, 7.8433323294375334, 5.474419200243986, 4.9421445830732225, 5.392603912767931, 5.311910203495537, 3.618690130420122, 2.444944569923826, 2.8209299211430263, 1.3430273452167683, 0.0, 1.4625110392745764, 2.472880609734324, 3.0257576588352215, 3.732832229018604, 4.308715936331844, 5.533457990262508, 3.795433622130678, 2.5843560764724356, 2.9343219080394025, 10.180580389643804, 9.9137844786943, 11.28531861402238, 7.1957676157585855, 7.564052694819094, 5.40736577457083, 5.193066460194785, 5.646829614040076, 5.154676463173998, 6.480770982684081, 4.408510999192358, 3.8297793291520073, 2.1309983059589697, 1.089322477506087, 3.554392225120914, 2.695674219930888, 3.9453638450718334, 4.551255572916116, 4.609706334464269], [11.65598937628205, 10.898444746384687, 9.11958659644175, 8.655206918959246, 9.177091875425461, 6.838343406118182, 6.286948603257387, 6.780929203287703, 6.7544960648445125, 4.887369230987158, 3.842159373321206, 4.280506084565235, 2.5065391538932724, 1.4625110392745764, 0.0, 1.3536354051220734, 2.547030256985574, 2.372478187465587, 2.846973491271037, 4.071893096582964, 2.4549496328845524, 1.5115194573673207, 2.4112954402146576, 11.580972826580675, 11.351484363289234, 12.726019689596587, 8.633153778312998, 9.020801146794005, 6.659349618393677, 6.595020594357535, 6.8921672143093, 6.454386606022295, 7.8604262053657115, 5.853315584350463, 4.892853438434469, 2.809757779595957, 2.1716932195869663, 3.149239674905674, 2.754259021951276, 3.334992457262835, 3.288746744582197, 3.3694223881846574], [12.58856200246875, 11.695394942454914, 9.961226176530678, 9.623379351350543, 10.268872436640745, 7.8087156645635405, 7.399970245210451, 7.83234074526894, 7.618992401886223, 6.060636478951695, 4.897284855917614, 5.091826502346677, 3.7032117978857224, 2.472880609734324, 1.3536354051220734, 0.0, 1.5084196962384175, 1.3773510155367072, 2.428706283188644, 3.541134250490935, 2.7374707834057332, 2.4369145696966896, 3.572578683528188, 12.575482535473538, 12.308664389770321, 13.638537373560258, 9.362873055318008, 9.89997218480941, 7.631075277442886, 7.4240036159743354, 8.0884993478395, 7.549114132797304, 8.924759231486304, 6.6671572652818085, 6.160621455665005, 4.1097549720147555, 2.7053921508720324, 2.1466398347184374, 2.185922077751172, 2.152259138672665, 2.082746307162732, 3.743910845626535], [12.455982784589901, 11.390895130761235, 9.743128624830938, 9.6226086774845, 10.440195748164879, 7.857205204778605, 7.658905622215227, 7.990703521593077, 7.514370792022444, 6.479167839313935, 5.178360313844529, 5.024568044120808, 4.314142737555168, 3.0257576588352215, 2.547030256985574, 1.5084196962384175, 0.0, 2.4175208913264843, 3.7246488384812864, 4.671954599522559, 4.232660294661031, 3.88520132554286, 4.940150680900331, 12.545021009946536, 12.216086275071898, 13.464470563301033, 9.013446679822321, 9.731643255894658, 7.753226344561341, 7.2784757861794125, 8.490577840170833, 7.835506465443061, 9.076511325393694, 6.531290639682176, 6.790924671942696, 4.976665442844235, 2.710717678032886, 1.0948690149967713, 1.0930183941727607, 1.0963473445947685, 2.5475480878680186, 5.237854173227811], [13.919795293394223, 13.051904519264612, 11.31121159646481, 10.9089638252219, 11.50997554384891, 9.091162434474484, 8.638576260588316, 9.098490189586402, 8.948983804879749, 7.249272153119925, 6.16459757486245, 6.442587965251231, 4.865737664527343, 3.732832229018604, 2.372478187465587, 1.3773510155367072, 2.4175208913264843, 0.0, 1.3615031435879978, 2.263477492708951, 2.3002469367439664, 2.7332883419061367, 3.9590575911446395, 13.876084915421929, 13.63351804561097, 14.97698011382802, 10.727185585697674, 11.246385548255049, 8.854381115018711, 8.753941180405544, 9.256563131097849, 8.751557080314337, 10.18541262885309, 8.007346133395258, 7.2305715306606295, 5.07358549449992, 4.06172653313834, 2.8404617687974607, 3.34728121764515, 2.582819416838893, 1.0145802284688974, 3.20778788575554], [14.464961209764787, 13.726597737604173, 11.95061987890168, 11.39491213524703, 11.858116183019966, 9.586467615341952, 9.002694260053486, 9.527590598887002, 9.566927929591609, 7.55205556520872, 6.63942156591973, 7.126082223774857, 5.217558445288371, 4.308715936331844, 2.846973491271037, 2.428706283188644, 3.7246488384812864, 1.3615031435879978, 0.0, 1.225628854914896, 1.357637447921941, 2.41579399990976, 3.5110660916593406, 14.342760819660908, 14.155823925508539, 15.541733131797109, 11.462010098582185, 11.85683989054419,