{"total energy": -24.0514193, "HOMO-LUMO gap/eV": 11.49951222, "electronic energy": -24.34664478, "dipole": [0.08074819, -0.1659899, -0.67588402], "partial charges": [-0.10824123, 0.0280406, -0.10848005, -0.10823908, -0.06932841, 0.08750401, -0.44956801, 0.03043507, 0.03675089, 0.03603142, 0.03502382, 0.03617638, 0.03501213, 0.03603473, 0.03672039, 0.03045031, 0.04809904, 0.0480705, 0.01872412, 0.01874472, 0.28203864], "atomic dipole moments": [[0.02058291, -0.06361198, 0.07655995], [0.00620042, 0.00326538, 0.00635339], [0.08718001, 0.00551343, -0.05730984], [-0.01793036, 0.09441913, 0.03317824], [0.03500564, -0.02594061, -0.12566671], [0.06647758, 0.0646623, 0.17631133], [-0.03398292, -0.07110996, -0.22865044], [0.09564919, 0.00489857, -0.08320329], [-0.09983766, -0.03320573, -0.06963418], [-0.02240689, 0.11946242, 0.03640005], [0.01133894, -0.07787074, 0.09949848], [-0.10058343, -0.04226469, -0.0644896], [-0.03506616, 0.11240146, 0.04723854], [0.0269762, -0.08308123, 0.09200314], [-0.09541621, -0.05136636, -0.06464898], [0.0975238, -0.00288476, -0.08107082], [-0.02946919, 0.10870587, 0.0560499], [0.01374943, -0.06842238, 0.10470146], [0.05031209, -0.10208966, -0.03325467], [0.00507275, 0.08333369, -0.08417119], [0.06359298, 0.00263709, -0.04686537]], "atomic quadrupole moments": [[-0.08820312, -0.02662616, 0.01762274, 0.03132484, -0.14919717, 0.07058037], [-0.01479612, -0.00362613, 0.00185938, 0.0016108, 0.00345612, 0.01293674], [0.11191587, 0.01419986, -0.10823451, -0.14531917, -0.00626611, -0.00368135], [-0.07833499, -0.06306081, 0.15094778, -0.02673327, 0.09316845, -0.07261278], [0.21766685, 0.09977321, -0.18493348, -0.02710836, 0.04530727, -0.03273338], [0.17583836, 0.18938309, -0.27021862, 0.20893249, 0.17717505, 0.09438026], [0.03003896, 0.06555099, -0.09157209, 0.09785391, 0.07607087, 0.06153314], [0.04969179, -0.01115312, -0.04282174, -0.05377637, -0.00521164, -0.00687004], [0.03701389, 0.04470134, -0.02219382, 0.04626499, 0.01183469, -0.01482007], [-0.04875569, -0.01887863, 0.05833825, -0.00593896, 0.04408701, -0.00958256], [-0.02616328, -0.0220557, 0.00226449, 0.01619775, -0.0616488, 0.02389879], [0.02077253, 0.03102976, -0.03615148, 0.04830192, 0.03029665, 0.01537894], [-0.03432839, -0.01340257, 0.0687302, -0.01432025, 0.03534133, -0.03440181], [-0.04616118, -0.01708887, -2.967e-05, 0.0203086, -0.04938024, 0.04619085], [0.04877053, 0.02133184, -0.02830804, 0.05036925, 0.02295216, -0.02046249], [0.0351312, 0.01698455, -0.02853316, -0.06187576, -0.00769239, -0.00659803], [-0.01137081, -0.02178223, 0.05166725, -0.00874041, 0.01807996, -0.04029644], [-0.01685256, -0.00612516, 0.01576528, 0.00655112, -0.0523192, 0.00108728], [-0.00979963, -0.00503995, 0.03524132, 0.00923035, 0.03117333, -0.02544169], [-0.01070785, 0.0014631, -0.00315719, 0.02618981, -0.03508664, 0.01386503], [0.09992697, 0.02761088, -0.08504685, -0.07075884, 0.00418416, -0.01488012]], "number of molecular orbitals": 42, "number of electrons": 44, "number of unpaired electrons": 0, "orbital energies/eV": [-18.53236382, -17.16802561, -16.77450019, -15.95929061, -15.94923907, -15.70845209, -15.34420249, -14.5630146, -14.33124191, -13.86841875, -13.55098347, -13.53236391, -13.19680956, -12.62538582, -12.59453654, -12.2208247, -12.16548941, -12.09119261, -11.60312018, -11.59913226, -11.51627335, -10.9709848, 0.52852742, 1.95570678, 2.1591187, 2.41262174, 2.71686587, 3.31817304, 3.8869493, 4.04223774, 4.5159075, 5.26746442, 5.37992182, 5.77125872, 5.96338413, 6.15195873, 6.40865579, 6.43641764, 7.04994201, 7.18052756, 7.44665967, 7.81062663], "fractional occupation": [2.0, 2.0, 2.0, 2.0, 2.0, 2.0, 2.0, 2.0, 2.0, 2.0, 2.0, 2.0, 2.0, 2.0, 2.0, 2.0, 2.0, 2.0, 2.0, 2.0, 2.0, 2.0, 0.0, 0.0, 0.0, 0.0, 0.0, 0.0, 0.0, 0.0, 0.0, 0.0, 0.0, 0.0, 0.0, 0.0, 0.0, 0.0, 0.0, 0.0, 0.0, 0.0], "program call": "xtb /home/svss/Project-DBcg-Debug/aqme2_20220329/End-to-End-workflows-final/example-3/QDESCP/mol_691_rdkit_conf_1/mol_691_rdkit_conf_1.xyz --pop --wbo --acc 0.2 --gfn 2 --chrg 0 --uhf 0 --etemp 300 --input /home/svss/Project-DBcg-Debug/aqme2_20220329/End-to-End-workflows-final/example-3/QDESCP/mol_691_rdkit_conf_1/mol_691_rdkit_conf_1_xtb.inp", "method": "GFN2-xTB", "xtb version": "6.3.3 (7355c4f)", "Dipole module/D": 1.781, "Total charge": 0, "Transition dipole module/D": NaN, "HOMO": -10.971, "LUMO": 0.5285, "HOMO occupancy": 2.0, "LUMO occupancy": 0, "mulliken charges": [-0.09885, 0.03221, -0.09512, -0.09886, -0.06775, 0.1993, -0.56963, 0.02632, 0.03127, 0.0315, 0.03062, 0.0295, 0.03061, 0.03151, 0.03125, 0.02633, 0.03928, 0.03927, 0.00831, 0.00832, 0.33461], "cm5 charges": [-0.24516, -0.00366, -0.24159, -0.24517, -0.17062, 0.11158, -0.78411, 0.07882, 0.08325, 0.0836, 0.08257, 0.08142, 0.08255, 0.08361, 0.08322, 0.07884, 0.09741, 0.09737, 0.07168, 0.0717, 0.50268], "FUKUI+": [0.028, -0.054, 0.025, 0.028, -0.032, -0.018, -0.126, -0.028, -0.06, -0.04, -0.042, -0.077, -0.042, -0.04, -0.06, -0.028, -0.068, -0.068, -0.081, -0.081, -0.134], "FUKUI-": [0.012, -0.023, 0.019, 0.012, 0.019, 0.022, -0.123, -0.049, -0.054, -0.05, -0.064, -0.051, -0.064, -0.05, -0.054, -0.049, -0.086, -0.086, -0.11, -0.11, -0.061], "FUKUIrad": [0.02, -0.039, 0.022, 0.02, -0.006, 0.002, -0.125, -0.039, -0.057, -0.045, -0.053, -0.064, -0.053, -0.045, -0.057, -0.039, -0.077, -0.077, -0.096, -0.096, -0.097], "s proportion": [1.017, 1.086, 1.018, 1.017, 1.042, 0.991, 1.696, 0.974, 0.969, 0.968, 0.969, 0.971, 0.969, 0.968, 0.969, 0.974, 0.961, 0.961, 0.992, 0.992, 0.665], "p proportion": [3.082, 2.882, 3.077, 3.082, 3.026, 2.809, 4.874, 0.0, 0.0, 0.0, 0.0, 0.0, 0.0, 0.0, 0.0, 0.0, 0.0, 0.0, 0.0, 0.0, 0.0], "d proportion": [0.0, 0.0, 0.0, 0.0, 0.0, 0.0, 0.0, 0.0, 0.0, 0.0, 0.0, 0.0, 0.0, 0.0, 0.0, 0.0, 0.0, 0.0, 0.0, 0.0, 0.0], "Fermi-level/eV": -5.2212, "Coordination numbers": [3.755, 3.895, 3.757, 3.755, 3.802, 3.673, 1.653, 0.924, 0.924, 0.924, 0.924, 0.924, 0.924, 0.924, 0.924, 0.924, 0.923, 0.923, 0.924, 0.924, 0.804], "Dispersion coefficient C6": [22.625, 20.05, 22.627, 22.625, 21.826, 19.353, 21.836, 2.58, 2.493, 2.503, 2.516, 2.501, 2.516, 2.502, 2.493, 2.58, 2.344, 2.344, 2.753, 2.753, 0.778], "Total dispersion C6": 2908.57209, "Total dispersion C8": 60065.375473, "Polarizability alpha": [6.782, 6.365, 6.782, 6.782, 6.651, 6.305, 6.308, 2.512, 2.469, 2.474, 2.481, 2.473, 2.481, 2.474, 2.469, 2.512, 2.394, 2.394, 2.595, 2.595, 1.385], "Total polarizability alpha": 79.684358, "Wiberg matrix": [[0.0, 0.9989183959838607, 0.0, 0.0, 0.0, 0.0, 0.0, 0.9844540292742193, 0.9854142880229104, 0.9860670016364623, 0.0, 0.0, 0.0, 0.0, 0.0, 0.0, 0.0, 0.0, 0.0, 0.0, 0.0], [0.9989183959838607, 0.0, 0.9969274812060364, 0.9989216149249318, 0.9829120460409548, 0.0, 0.0, 0.0, 0.0, 0.0, 0.0, 0.0, 0.0, 0.0, 0.0, 0.0, 0.0, 0.0, 0.0, 0.0, 0.0], [0.0, 0.9969274812060364, 0.0, 0.0, 0.0, 0.0, 0.0, 0.0, 0.0, 0.0, 0.9861368935278769, 0.9854871888655232, 0.986136650836706, 0.0, 0.0, 0.0, 0.0, 0.0, 0.0, 0.0, 0.0], [0.0, 0.9989216149249318, 0.0, 0.0, 0.0, 0.0, 0.0, 0.0, 0.0, 0.0, 0.0, 0.0, 0.0, 0.9860664327796652, 0.9854112928159473, 0.9844547765445615, 0.0, 0.0, 0.0, 0.0, 0.0], [0.0, 0.9829120460409548, 0.0, 0.0, 0.0, 1.0067007569842468, 0.0, 0.0, 0.0, 0.0, 0.0, 0.0, 0.0, 0.0, 0.0, 0.0, 0.973668851838504, 0.9736660684974862, 0.0, 0.0, 0.0], [0.0, 0.0, 0.0, 0.0, 1.0067007569842468, 0.0, 0.9854096975327596, 0.0, 0.0, 0.0, 0.0, 0.0, 0.0, 0.0, 0.0, 0.0, 0.0, 0.0, 0.9725391773778499, 0.9725448224491455, 0.0], [0.0, 0.0, 0.0, 0.0, 0.0, 0.9854096975327596, 0.0, 0.0, 0.0, 0.0, 0.0, 0.0, 0.0, 0.0, 0.0, 0.0, 0.0, 0.0, 0.0, 0.0, 0.907744715504943], [0.9844540292742193, 0.0, 0.0, 0.0, 0.0, 0.0, 0.0, 0.0, 0.0, 0.0, 0.0, 0.0, 0.0, 0.0, 0.0, 0.0, 0.0, 0.0, 0.0, 0.0, 0.0], [0.9854142880229104, 0.0, 0.0, 0.0, 0.0, 0.0, 0.0, 0.0, 0.0, 0.0, 0.0, 0.0, 0.0, 0.0, 0.0, 0.0, 0.0, 0.0, 0.0, 0.0, 0.0], [0.9860670016364623, 0.0, 0.0, 0.0, 0.0, 0.0, 0.0, 0.0, 0.0, 0.0, 0.0, 0.0, 0.0, 0.0, 0.0, 0.0, 0.0, 0.0, 0.0, 0.0, 0.0], [0.0, 0.0, 0.9861368935278769, 0.0, 0.0, 0.0, 0.0, 0.0, 0.0, 0.0, 0.0, 0.0, 0.0, 0.0, 0.0, 0.0, 0.0, 0.0, 0.0, 0.0, 0.0], [0.0, 0.0, 0.9854871888655232, 0.0, 0.0, 0.0, 0.0, 0.0, 0.0, 0.0, 0.0, 0.0, 0.0, 0.0, 0.0, 0.0, 0.0, 0.0, 0.0, 0.0, 0.0], [0.0, 0.0, 0.986136650836706, 0.0, 0.0, 0.0, 0.0, 0.0, 0.0, 0.0, 0.0, 0.0, 0.0, 0.0, 0.0, 0.0, 0.0, 0.0, 0.0, 0.0, 0.0], [0.0, 0.0, 0.0, 0.9860664327796652, 0.0, 0.0, 0.0, 0.0, 0.0, 0.0, 0.0, 0.0, 0.0, 0.0, 0.0, 0.0, 0.0, 0.0, 0.0, 0.0, 0.0], [0.0, 0.0, 0.0, 0.9854112928159473, 0.0, 0.0, 0.0, 0.0, 0.0, 0.0, 0.0, 0.0, 0.0, 0.0, 0.0, 0.0, 0.0, 0.0, 0.0, 0.0, 0.0], [0.0, 0.0, 0.0, 0.9844547765445615, 0.0, 0.0, 0.0, 0.0, 0.0, 0.0, 0.0, 0.0, 0.0, 0.0, 0.0, 0.0, 0.0, 0.0, 0.0, 0.0, 0.0], [0.0, 0.0, 0.0, 0.0, 0.973668851838504, 0.0, 0.0, 0.0, 0.0, 0.0, 0.0, 0.0, 0.0, 0.0, 0.0, 0.0, 0.0, 0.0, 0.0, 0.0, 0.0], [0.0, 0.0, 0.0, 0.0, 0.9736660684974862, 0.0, 0.0, 0.0, 0.0, 0.0, 0.0, 0.0, 0.0, 0.0, 0.0, 0.0, 0.0, 0.0, 0.0, 0.0, 0.0], [0.0, 0.0, 0.0, 0.0, 0.0, 0.9725391773778499, 0.0, 0.0, 0.0, 0.0, 0.0, 0.0, 0.0, 0.0, 0.0, 0.0, 0.0, 0.0, 0.0, 0.0, 0.0], [0.0, 0.0, 0.0, 0.0, 0.0, 0.9725448224491455, 0.0, 0.0, 0.0, 0.0, 0.0, 0.0, 0.0, 0.0, 0.0, 0.0, 0.0, 0.0, 0.0, 0.0, 0.0], [0.0, 0.0, 0.0, 0.0, 0.0, 0.0, 0.907744715504943, 0.0, 0.0, 0.0, 0.0, 0.0, 0.0, 0.0, 0.0, 0.0, 0.0, 0.0, 0.0, 0.0, 0.0]], "Born radii": [], "Atomic SASAs": [], "Solvent H bonds": [], "Total SASA": NaN, "Total FOD": 0.0, "FOD": [0.0, 0.0, 0.0, 0.0, 0.0, 0.0, 0.0, 0.0, 0.0, 0.0, 0.0, 0.0, 0.0, 0.0, 0.0, 0.0, 0.0, 0.0, 0.0, 0.0, 0.0], "FOD s proportion": [0.0, 0.0, 0.0, 0.0, 0.0, 0.0, 0.0, 0.0, 0.0, 0.0, 0.0, 0.0, 0.0, 0.0, 0.0, 0.0, 0.0, 0.0, 0.0, 0.0, 0.0], "FOD p proportion": [0.0, 0.0, 0.0, 0.0, 0.0, 0.0, 0.0, 0.0, 0.0, 0.0, 0.0, 0.0, 0.0, 0.0, 0.0, 0.0, 0.0, 0.0, 0.0, 0.0, 0.0], "FOD d proportion": [0.0, 0.0, 0.0, 0.0, 0.0, 0.0, 0.0, 0.0, 0.0, 0.0, 0.0, 0.0, 0.0, 0.0, 0.0, 0.0, 0.0, 0.0, 0.0, 0.0, 0.0], "coordinates": [["-0.87500", "0.78060", "-1.24600"], ["-0.61940", "-0.16750", "-0.06290"], ["-1.90260", "-0.24730", "0.78670"], ["-0.30070", "-1.57260", "-0.59960"], ["0.52590", "0.35930", "0.83740"], ["1.88810", "0.50720", "0.16570"], ["2.81520", "0.99780", "1.12810"], ["-0.02460", "0.80810", "-1.93520"], ["-1.74940", "0.46120", "-1.82470"], ["-1.06160", "1.80310", "-0.89940"], ["-1.77210", "-0.92470", "1.63820"], ["-2.74880", "-0.61610", "0.19580"], ["-2.17760", "0.73730", "1.18170"], ["-0.06910", "-2.26440", "0.21780"], ["-1.15240", "-1.98540", "-1.15270"], ["0.55360", "-1.56150", "-1.28430"], ["0.24300", "1.33360", "1.25960"], ["0.64180", "-0.30070", "1.70850"], ["2.26050", "-0.45290", "-0.20160"], ["1.85200", "1.22120", "-0.66140"], ["3.67330", "1.08370", "0.67880"]], "bond_dist": [[0.0, 1.5375144161925767, 2.498881641855012, 2.5070308514256463, 2.54569638016791, 3.114862125359644, 4.393302025811565, 1.0949580128936451, 1.0961228991312972, 1.0956538550107875, 3.4686375048424996, 2.7460306935648044, 2.7554253646215856, 3.4733572016134477, 2.781440570999136, 2.7436831559055794, 2.7988862713586635, 3.4927012726541613, 3.5275563581607026, 2.82354644374765, 4.948106460051157], [1.5375144161925767, 0.0, 1.5410355090003605, 1.5375053138119557, 1.5491192400845069, 2.6067286586831395, 3.817444465869805, 2.1934196338138308, 2.1854296900152153, 2.185986607918722, 2.1899338665813635, 2.1914634402608684, 2.189903979630157, 2.186003703107568, 2.185523610030329, 2.1933953040890737, 2.178541076041487, 2.178583402121663, 2.897328918158931, 2.897327717052388, 4.532426901782311], [2.498881641855012, 1.5410355090003605, 0.0, 2.498866020818243, 2.503626629511677, 3.9146286848180125, 4.891264132103275, 3.4712379304795573, 2.7101388248575016, 2.7846641395328087, 1.0958801303062302, 1.0960067016218469, 1.095941221051567, 2.784611619238848, 2.710177855787328, 3.4711786298028513, 2.7067468629334366, 2.7067578687426033, 4.283737837449906, 4.28374917799817, 5.733573425011666], [2.5070308514256463, 1.5375053138119557, 2.498866020818243, 0.0, 2.545677546351855, 3.114819026845701, 4.393260322357418, 2.743682026037274, 2.7813565287463597, 3.473355631086457, 2.75545662459056, 2.746042064499377, 3.468633925625476, 1.0956133259503555, 1.0962282335353348, 1.0948816328717912, 3.4925968519140596, 2.798814297162282, 2.8234513507407915, 3.527499818568387, 4.948021043811353], [2.54569638016791, 1.5491192400845069, 2.503626629511677, 2.545677546351855, 0.0, 1.5259895609079375, 2.394385773011525, 2.8621290065264358, 3.50344831701568, 2.7606500919167574, 2.7514978902408775, 3.4765954337541203, 2.751424856324446, 2.7607482409665685, 3.5035420633981262, 2.8621409504075794, 1.0988838610153486, 1.0990213919665075, 2.178996787514842, 2.178947970925419, 3.2335794531756905], [3.114862125359644, 2.6067286586831395, 3.9146286848180125, 3.114819026845701, 1.5259895609079375, 0.0, 1.423522577973388, 2.857051436358821, 4.146711276421352, 3.3933058969093843, 4.197101130542365, 4.771116275045076, 4.1970368714129735, 3.3933925222408328, 4.1467907555120265, 2.8570806673946048, 2.1414733666333556, 2.1415410199200013, 1.093335748981071, 1.0932491115935106, 1.944881204598368], [4.393302025811565, 3.817444465869805, 4.891264132103275, 4.393260322357418, 2.394385773011525, 1.423522577973388, 0.0, 4.181418063289056, 5.462832649825547, 4.448465193749413, 4.999952954778674, 5.867874615224834, 4.999878503523861, 4.4485707165335695, 5.462909539796536, 4.181450084599839, 2.5973576438372903, 2.597428337798754, 2.04458422912826, 2.044497994618728, 0.9724119034647818], [1.0949580128936451, 2.1934196338138308, 3.4712379304795573, 2.743682026037274, 2.8621290065264358, 2.857051436358821, 4.181418063289056, 0.0, 1.7628059734412067, 1.7715178915269243, 4.338840818698008, 3.74042407756126, 3.7888635829229855, 3.7520188565624246, 3.1125361588261105, 2.5244782054911865, 3.2487700826620527, 3.8665328254134868, 3.1332366603881043, 2.305394892420819, 4.536894948089497], [1.0961228991312972, 2.1854296900152153, 2.7101388248575016, 2.7813565287463597, 3.50344831701568, 4.146711276421352, 5.462832649825547, 1.7628059734412067, 0.0, 1.7691649273032741, 3.730001408846919, 2.4983586411882506, 3.049266700372403, 3.7979085955299134, 2.606500443122924, 3.1124197098077886, 3.7740755172624723, 4.333801021043767, 4.421462476375888, 3.860174717548417, 6.0050556858367266], [1.0956538550107875, 2.185986607918722, 2.7846641395328087, 3.473355631086457, 2.7606500919167574, 3.3933058969093843, 4.448465193749413, 1.7715178915269243, 1.7691649273032741, 0.0, 3.7927716580358486, 3.1462097069330897, 2.590822813316264, 4.3333299366653355, 3.7980439412939915, 3.7520064245680604, 2.565870692377151, 3.7588147613310237, 4.075881407744832, 2.980657070177648, 5.042571725816104], [3.4686375048424996, 2.1899338665813635, 1.0958801303062302, 2.75545662459056, 2.7514978902408775, 4.197101130542365, 4.999952954778674, 4.338840818698008, 3.730001408846919, 3.7927716580358486, 0.0, 1.7690942908731577, 1.7706118998809424, 2.590857242304176, 3.0493008034629843, 3.7888521982257375, 3.0502270177808075, 2.4942396236127755, 4.45750177117183, 4.7986610403319805, 5.882728965369728], [2.7460306935648044, 2.1914634402608684, 1.0960067016218469, 2.746042064499377, 3.4765954337541203, 4.771116275045076, 5.867874615224834, 3.74042407756126, 2.4983586411882506, 3.1462097069330897, 1.7690942908731577, 0.0, 1.7691692428933983, 3.1461355628770993, 2.4983850183668648, 3.740364010360489, 3.726106247814198, 3.726111486523182, 5.027688085989424, 5.027705616879334, 6.660779042274259], [2.7554253646215856, 2.189903979630157, 1.095941221051567, 3.468633925625476, 2.751424856324446, 4.1970368714129735, 4.999878503523861, 3.7888635829229855, 3.049266700372403, 2.590822813316264, 1.7706118998809424, 1.7691692428933983, 0.0, 3.7927665825884933, 3.7300876249761212, 4.338789102964097, 2.4941825233931856, 3.0502423838114896, 4.798627568378276, 4.4574491561878755, 5.882680696757219], [3.4733572016134477, 2.186003703107568, 2.784611619238848, 1.0956133259503555, 2.7607482409665685, 3.3933925222408328, 4.4485707165335695, 3.7520188565624246, 3.7979085955299134, 4.3333299366653355, 2.590857242304176, 3.1461355628770993, 3.7927665825884933, 0.0, 1.7690817222502755, 1.7714762516048586, 3.7587707631618077, 2.565868856742293, 2.980681930364258, 4.075907900088029, 5.042603729225607], [2.781440570999136, 2.185523610030329, 2.710177855787328, 1.0962282335353348, 3.5035420633981262, 4.1467907555120265, 5.462909539796536, 3.1125361588261105, 2.606500443122924, 3.7980439412939915, 3.0493008034629843, 2.4983850183668648, 3.7300876249761212, 1.7690817222502755, 0.0, 1.7627948746238173, 4.333831266904608, 3.7741003126573096, 3.860185729987613, 4.421547083318236, 6.005093467215977], [2.7436831559055794, 2.1933953040890737, 3.4711786298028513, 1.0948816328717912, 2.8621409504075794, 2.8570806673946048, 4.181450084599839, 2.5244782054911865, 3.1124197098077886, 3.7520064245680604, 3.7888521982257375, 3.740364010360489, 4.338789102964097, 1.7714762516048586, 1.7627948746238173, 0.0, 3.866458790676554, 3.2487301703896554, 2.305372173858269, 3.133251707092809, 4.536890205856871], [2.7988862713586635, 2.178541076041487, 2.7067468629334366, 3.4925968519140596, 1.0988838610153486, 2.1414733666333556, 2.5973576438372903, 3.2487700826620527, 3.7740755172624723, 2.565870692377151, 3.0502270177808075, 3.726106247814198, 2.4941825233931856, 3.7587707631618077, 4.333831266904608, 3.866458790676554, 0.0, 1.74111721029918, 3.065451669819637, 2.508337250052313, 3.4880849674284025], [3.4927012726541613, 2.178583402121663, 2.7067578687426033, 2.798814297162282, 1.0990213919665075, 2.1415410199200013, 2.597428337798754, 3.8665328254134868, 4.333801021043767, 3.7588147613310237, 2.4942396236127755, 3.726111486523182, 3.0502423838114896, 2.565868856742293, 3.7741003126573096, 3.2487301703896554, 1.74111721029918, 0.0, 2.508353352301067, 3.0654835931709044, 3.4880994395229044], [3.5275563581607026, 2.897328918158931, 4.283737837449906, 2.8234513507407915, 2.178996787514842, 1.093335748981071, 2.04458422912826, 3.1332366603881043, 4.421462476375888, 4.075881407744832, 4.45750177117183, 5.027688085989424, 4.798627568378276, 2.980681930364258, 3.860185729987613, 2.305372173858269, 3.065451669819637, 2.508353352301067, 0.0, 1.7835075273180094, 2.2654464372392473], [2.82354644374765, 2.897327717052388, 4.28374917799817, 3.527499818568387, 2.178947970925419, 1.0932491115935106, 2.044497994618728, 2.305394892420819, 3.860174717548417, 2.980657070177648, 4.7986610403319805, 5.027705616879334, 4.4574491561878755, 4.075907900088029, 4.421547083318236, 3.133251707092809, 2.508337250052313, 3.0654835931709044, 1.7835075273180094, 0.0, 2.265430638973526], [4.948106460051157, 4.532426901782311, 5.733573425011666, 4.948021043811353, 3.2335794531756905, 1.944881204598368, 0.9724119034647818, 4.536894948089497, 6.0050556858367266, 5.042571725816104, 5.882728965369728, 6.660779042274259, 5.882680696757219, 5.042603729225607, 6.005093467215977, 4.536890205856871, 3.4880849674284025, 3.4880994395229044, 2.2654464372392473, 2.265430638973526, 0.0]]}