{"total energy": -27.1132734, "HOMO-LUMO gap/eV": 4.71083072, "electronic energy": -27.41556574, "dipole": [0.06934505, 0.14688024, 0.86219817], "partial charges": [-0.10278367, -0.04654662, -0.08668568, 0.35553686, -0.40937678, -0.26946132, 0.08154653, -0.11088721, 0.03697363, 0.04174158, 0.03828313, 0.04323345, 0.0410022, 0.06499294, 0.06057653, 0.05179269, 0.05495114, 0.04790162, 0.05690621, 0.05030276], "atomic dipole moments": [[0.05180818, -0.05571559, 0.0846688], [0.04984419, -0.03600405, -0.11870702], [0.02042116, 0.11994451, -0.00134972], [0.10879433, 0.08074855, 0.08734588], [-0.03814607, -0.00335592, 0.17490217], [0.07643591, 0.02301433, -0.21127491], [-0.15639915, -0.18757094, 0.05954014], [-0.0951271, 0.09181576, 0.00900628], [-0.08685318, 0.07623842, 0.04649195], [-0.0583517, -0.07702675, -0.08282831], [0.08260938, 0.07435237, -0.06505883], [0.04914478, 0.08440882, 0.0812908], [-0.08633656, -0.05845846, 0.06210484], [-0.04747187, -0.08140115, -0.08670652], [0.03819319, -0.07954572, 0.0928612], [0.02811689, 0.08747655, 0.08128966], [-0.01944493, 0.06608794, -0.11033916], [0.10842632, 0.06031268, -0.0340963], [-0.02242611, -0.09604719, -0.08526596], [0.01925387, -0.06257784, 0.10991624]], "atomic quadrupole moments": [[-0.05248335, -0.0945377, -0.03006644, 0.11216724, -0.13342929, 0.0825498], [-0.00266676, -0.23180402, -0.00207413, 0.01218897, -0.03718386, 0.00474089], [0.12129566, -0.00462185, -0.03507561, -0.17404887, 0.00323098, -0.08622005], [-0.02816524, -0.28935879, 0.3260075, 0.16158914, 0.00463445, -0.29784225], [-0.02683175, -0.14179078, 0.12118707, 0.01593236, -0.02805491, -0.09435532], [0.04713701, 0.06368861, -0.02538961, -0.0259396, -0.00779466, -0.02174741], [0.33124452, 0.17717293, -0.03837344, -0.17786599, -0.06876484, -0.29287108], [0.11818055, -0.18851165, 0.02121346, -0.02801744, 0.01451322, -0.13939402], [0.01122009, -0.05837756, -0.00329035, -0.03643483, 0.02596955, -0.00792974], [-0.03005789, 0.03299827, 0.02459835, 0.03534127, 0.04275204, 0.00545954], [0.03113667, 0.04389752, -0.01778945, -0.03168664, -0.03229472, -0.01334722], [-0.00214337, 0.0215194, 0.01187644, 0.03364596, 0.02591388, -0.00973307], [0.02307823, 0.02199916, 0.00239363, -0.02530434, -0.03348085, -0.02547186], [0.0004498, 0.02340992, -0.01757055, 0.02902017, 0.03952943, 0.01712075], [-0.0173877, -0.01725786, -0.01705523, 0.0242342, -0.03936241, 0.03444293], [-0.00980816, 0.01016, -0.00418005, 0.01004895, 0.04705682, 0.01398821], [0.00104402, -0.0012653, -0.02986337, 0.01033908, -0.01852122, 0.02881935], [0.04500097, 0.05079967, -0.00169061, -0.03036784, -0.01856741, -0.04331036], [-0.02827556, 0.0127741, 0.00891795, 0.03189561, 0.0542819, 0.01935761], [-0.04434069, -0.01544396, -0.02115638, 0.00701509, -0.03874998, 0.06549707]], "number of molecular orbitals": 44, "number of electrons": 48, "number of unpaired electrons": 0, "orbital energies/eV": [-20.02906803, -19.28088943, -18.29168294, -17.28670426, -16.85784468, -16.5429741, -16.17409641, -15.72781891, -15.62602556, -15.10313437, -14.91676298, -14.13685893, -13.94474327, -13.81318471, -13.47840481, -13.3331881, -13.05936607, -12.8256435, -12.3278419, -12.25193179, -12.17299551, -12.09759112, -11.92711495, -11.15704155, -6.44621083, 0.04672746, 2.49510056, 2.78885423, 3.09993897, 3.13887155, 3.4972868, 3.90739126, 4.03691187, 4.36534939, 4.72820909, 4.83562036, 5.1558202, 5.48477554, 6.37807901, 6.71640356, 6.8985151, 7.48379188, 7.60087301, 16.13062527], "fractional occupation": [2.0, 2.0, 2.0, 2.0, 2.0, 2.0, 2.0, 2.0, 2.0, 2.0, 2.0, 2.0, 2.0, 2.0, 2.0, 2.0, 2.0, 2.0, 2.0, 2.0, 2.0, 2.0, 2.0, 2.0, 0.0, 0.0, 0.0, 0.0, 0.0, 0.0, 0.0, 0.0, 0.0, 0.0, 0.0, 0.0, 0.0, 0.0, 0.0, 0.0, 0.0, 0.0, 0.0, 0.0], "program call": "xtb /home/svss/Project-DBcg-Debug/aqme2_20220329/End-to-End-workflows-final/example-3/QDESCP/mol_610_rdkit_conf_9/mol_610_rdkit_conf_9.xyz --pop --wbo --acc 0.2 --gfn 2 --chrg 0 --uhf 0 --etemp 300 --input /home/svss/Project-DBcg-Debug/aqme2_20220329/End-to-End-workflows-final/example-3/QDESCP/mol_610_rdkit_conf_9/mol_610_rdkit_conf_9_xtb.inp", "method": "GFN2-xTB", "xtb version": "6.3.3 (7355c4f)", "Dipole module/D": 2.23, "Total charge": 0, "Transition dipole module/D": NaN, "HOMO": -11.157, "LUMO": -6.4462, "HOMO occupancy": 2.0, "LUMO occupancy": 0, "mulliken charges": [-0.08732, -0.02832, -0.07831, 0.57461, -0.53066, -0.42156, 0.20452, -0.09819, 0.03069, 0.03304, 0.03832, 0.0337, 0.02857, 0.0505, 0.05181, 0.03089, 0.04364, 0.03424, 0.05099, 0.03884], "cm5 charges": [-0.23685, -0.13845, -0.17683, 0.62375, -0.58085, -0.50526, 0.12188, -0.24471, 0.08151, 0.08465, 0.09143, 0.09083, 0.08297, 0.10914, 0.11024, 0.09347, 0.10954, 0.08549, 0.1059, 0.09214], "FUKUI+": [0.021, 0.008, 0.022, -0.185, -0.277, -0.123, 0.03, 0.019, -0.047, -0.027, 0.002, -0.033, -0.063, -0.071, -0.091, -0.067, -0.032, -0.051, -0.006, -0.032], "FUKUI-": [0.021, 0.007, -0.002, -0.017, -0.141, -0.06, 0.016, 0.014, -0.06, -0.067, -0.081, -0.076, -0.123, -0.057, -0.061, -0.087, -0.046, -0.056, -0.067, -0.057], "FUKUIrad": [0.021, 0.008, 0.01, -0.101, -0.209, -0.092, 0.023, 0.017, -0.053, -0.047, -0.04, -0.055, -0.093, -0.064, -0.076, -0.077, -0.039, -0.054, -0.036, -0.044], "s proportion": [1.009, 1.026, 1.039, 0.989, 1.731, 1.698, 0.993, 1.012, 0.969, 0.967, 0.962, 0.966, 0.971, 0.949, 0.948, 0.969, 0.956, 0.966, 0.949, 0.961], "p proportion": [3.079, 3.003, 3.04, 2.436, 4.8, 4.723, 2.803, 3.086, 0.0, 0.0, 0.0, 0.0, 0.0, 0.0, 0.0, 0.0, 0.0, 0.0, 0.0, 0.0], "d proportion": [0.0, 0.0, 0.0, 0.0, 0.0, 0.0, 0.0, 0.0, 0.0, 0.0, 0.0, 0.0, 0.0, 0.0, 0.0, 0.0, 0.0, 0.0, 0.0, 0.0], "Fermi-level/eV": -8.8016, "Coordination numbers": [3.749, 3.801, 3.803, 2.713, 0.856, 1.702, 3.695, 3.748, 0.924, 0.924, 0.924, 0.924, 0.924, 0.924, 0.924, 0.924, 0.924, 0.924, 0.924, 0.924], "Dispersion coefficient C6": [22.528, 21.408, 22.152, 20.964, 21.87, 18.469, 19.386, 22.688, 2.49, 2.426, 2.472, 2.406, 2.436, 2.142, 2.192, 2.298, 2.259, 2.346, 2.236, 2.316], "Total dispersion C6": 3024.002155, "Total dispersion C8": 64063.590117, "Polarizability alpha": [6.769, 6.588, 6.701, 7.495, 6.27, 5.802, 6.299, 6.794, 2.468, 2.436, 2.459, 2.426, 2.441, 2.289, 2.316, 2.371, 2.351, 2.395, 2.338, 2.38], "Total polarizability alpha": 81.384287, "Wiberg matrix": [[0.0, 1.021053357072159, 0.0, 0.0, 0.0, 0.0, 0.0, 0.0, 0.9866601045771148, 0.9866920161074184, 0.9872821065575773, 0.0, 0.0, 0.0, 0.0, 0.0, 0.0, 0.0, 0.0, 0.0], [1.021053357072159, 0.0, 0.9877132700877854, 0.0, 0.0, 0.0, 0.0, 0.0, 0.0, 0.0, 0.0, 0.9766887666030273, 0.9758674607834512, 0.0, 0.0, 0.0, 0.0, 0.0, 0.0, 0.0], [0.0, 0.9877132700877854, 0.0, 0.9777873657268829, 0.0, 0.0, 0.0, 0.0, 0.0, 0.0, 0.0, 0.0, 0.0, 0.9717461517314334, 0.9597510065527126, 0.0, 0.0, 0.0, 0.0, 0.0], [0.0, 0.0, 0.9777873657268829, 0.0, 1.7572048743645032, 1.1225124144771446, 0.0, 0.0, 0.0, 0.0, 0.0, 0.0, 0.0, 0.0, 0.0, 0.0, 0.0, 0.0, 0.0, 0.0], [0.0, 0.0, 0.0, 1.7572048743645032, 0.0, 0.17165297102124277, 0.0, 0.0, 0.0, 0.0, 0.0, 0.0, 0.0, 0.0, 0.0, 0.0, 0.0, 0.0, 0.0, 0.0], [0.0, 0.0, 0.0, 1.1225124144771446, 0.17165297102124277, 0.0, 0.9429327979534072, 0.0, 0.0, 0.0, 0.0, 0.0, 0.0, 0.0, 0.0, 0.0, 0.0, 0.0, 0.0, 0.0], [0.0, 0.0, 0.0, 0.0, 0.0, 0.9429327979534072, 0.0, 1.0146350084231082, 0.0, 0.0, 0.0, 0.0, 0.0, 0.0, 0.0, 0.9717417376862691, 0.9692258632282131, 0.0, 0.0, 0.0], [0.0, 0.0, 0.0, 0.0, 0.0, 0.0, 1.0146350084231082, 0.0, 0.0, 0.0, 0.0, 0.0, 0.0, 0.0, 0.0, 0.0, 0.0, 0.9837094408533549, 0.9846552353713225, 0.9857743017993426], [0.9866601045771148, 0.0, 0.0, 0.0, 0.0, 0.0, 0.0, 0.0, 0.0, 0.0, 0.0, 0.0, 0.0, 0.0, 0.0, 0.0, 0.0, 0.0, 0.0, 0.0], [0.9866920161074184, 0.0, 0.0, 0.0, 0.0, 0.0, 0.0, 0.0, 0.0, 0.0, 0.0, 0.0, 0.0, 0.0, 0.0, 0.0, 0.0, 0.0, 0.0, 0.0], [0.9872821065575773, 0.0, 0.0, 0.0, 0.0, 0.0, 0.0, 0.0, 0.0, 0.0, 0.0, 0.0, 0.0, 0.0, 0.0, 0.0, 0.0, 0.0, 0.0, 0.0], [0.0, 0.9766887666030273, 0.0, 0.0, 0.0, 0.0, 0.0, 0.0, 0.0, 0.0, 0.0, 0.0, 0.0, 0.0, 0.0, 0.0, 0.0, 0.0, 0.0, 0.0], [0.0, 0.9758674607834512, 0.0, 0.0, 0.0, 0.0, 0.0, 0.0, 0.0, 0.0, 0.0, 0.0, 0.0, 0.0, 0.0, 0.0, 0.0, 0.0, 0.0, 0.0], [0.0, 0.0, 0.9717461517314334, 0.0, 0.0, 0.0, 0.0, 0.0, 0.0, 0.0, 0.0, 0.0, 0.0, 0.0, 0.0, 0.0, 0.0, 0.0, 0.0, 0.0], [0.0, 0.0, 0.9597510065527126, 0.0, 0.0, 0.0, 0.0, 0.0, 0.0, 0.0, 0.0, 0.0, 0.0, 0.0, 0.0, 0.0, 0.0, 0.0, 0.0, 0.0], [0.0, 0.0, 0.0, 0.0, 0.0, 0.0, 0.9717417376862691, 0.0, 0.0, 0.0, 0.0, 0.0, 0.0, 0.0, 0.0, 0.0, 0.0, 0.0, 0.0, 0.0], [0.0, 0.0, 0.0, 0.0, 0.0, 0.0, 0.9692258632282131, 0.0, 0.0, 0.0, 0.0, 0.0, 0.0, 0.0, 0.0, 0.0, 0.0, 0.0, 0.0, 0.0], [0.0, 0.0, 0.0, 0.0, 0.0, 0.0, 0.0, 0.9837094408533549, 0.0, 0.0, 0.0, 0.0, 0.0, 0.0, 0.0, 0.0, 0.0, 0.0, 0.0, 0.0], [0.0, 0.0, 0.0, 0.0, 0.0, 0.0, 0.0, 0.9846552353713225, 0.0, 0.0, 0.0, 0.0, 0.0, 0.0, 0.0, 0.0, 0.0, 0.0, 0.0, 0.0], [0.0, 0.0, 0.0, 0.0, 0.0, 0.0, 0.0, 0.9857743017993426, 0.0, 0.0, 0.0, 0.0, 0.0, 0.0, 0.0, 0.0, 0.0, 0.0, 0.0, 0.0]], "Born radii": [], "Atomic SASAs": [], "Solvent H bonds": [], "Total SASA": NaN, "Total FOD": 0.0, "FOD": [0.0, 0.0, 0.0, 0.0, 0.0, 0.0, 0.0, 0.0, 0.0, 0.0, 0.0, 0.0, 0.0, 0.0, 0.0, 0.0, 0.0, 0.0, 0.0, 0.0], "FOD s proportion": [0.0, 0.0, 0.0, 0.0, 0.0, 0.0, 0.0, 0.0, 0.0, 0.0, 0.0, 0.0, 0.0, 0.0, 0.0, 0.0, 0.0, 0.0, 0.0, 0.0], "FOD p proportion": [0.0, 0.0, 0.0, 0.0, 0.0, 0.0, 0.0, 0.0, 0.0, 0.0, 0.0, 0.0, 0.0, 0.0, 0.0, 0.0, 0.0, 0.0, 0.0, 0.0], "FOD d proportion": [0.0, 0.0, 0.0, 0.0, 0.0, 0.0, 0.0, 0.0, 0.0, 0.0, 0.0, 0.0, 0.0, 0.0, 0.0, 0.0, 0.0, 0.0, 0.0, 0.0], "coordinates": [["-2.76780", "0.65640", "-0.42150"], ["-2.09690", "-0.11980", "0.70270"], ["-1.06740", "-1.12110", "0.19070"], ["0.13840", "-0.44840", "-0.41570"], ["0.38780", "-0.44130", "-1.61320"], ["0.89460", "0.13480", "0.55450"], ["2.07080", "0.82030", "0.10090"], ["3.23360", "-0.14840", "-0.00430"], ["-3.53180", "1.32570", "-0.01320"], ["-3.25490", "-0.02110", "-1.12990"], ["-2.04510", "1.26800", "-0.97040"], ["-1.63150", "0.58720", "1.39920"], ["-2.86780", "-0.66180", "1.26270"], ["-1.51060", "-1.78350", "-0.56180"], ["-0.72130", "-1.76610", "1.00690"], ["2.29930", "1.58990", "0.84550"], ["1.89040", "1.33600", "-0.84930"], ["4.14950", "0.37490", "-0.29280"], ["3.02930", "-0.92890", "-0.74400"], ["3.40140", "-0.65290", "0.95300"]], "bond_dist": [[0.0, 1.5219786102307744, 2.534887620783217, 3.1091180614444345, 3.5472391433338686, 3.8259399263448977, 4.869477890903705, 6.06947780620376, 1.0946996757101926, 1.0945790149642007, 1.094367881473136, 2.147304081866376, 2.1410700315496456, 2.748335485343811, 3.478073469609289, 5.305865967021783, 4.726911913712799, 6.9242216335123175, 6.018600397933061, 6.454653002292222], [1.5219786102307744, 0.0, 1.524669124761173, 2.5209844525502336, 3.411816107295351, 3.0059701678493087, 4.3145885713472145, 5.377257405964495, 2.1589166426705777, 2.1700526376104334, 2.1743816799265026, 1.0961561978112426, 1.0961983442789902, 2.1703929667228468, 2.1668217947030164, 4.719114362886325, 4.5195817206905335, 6.344545791465295, 5.387532843519379, 5.529751223156428], [2.534887620783217, 1.524669124761173, 0.0, 1.5080450556929659, 2.4153240548630324, 2.357769973937237, 3.6912595736414966, 4.41392923482015, 3.478745867406816, 2.7819310936829473, 2.8305210315417195, 2.167249397277572, 2.145129518234272, 1.0961095976224275, 1.096354253879648, 4.371836333853316, 3.9834057350463308, 5.448654316434472, 4.20637086096792, 4.557464862179411], [3.1091180614444345, 2.5209844525502336, 1.5080450556929659, 0.0, 1.2232158517612497, 1.3613407802604018, 2.3686800142695508, 3.136799802346334, 4.0963160400535505, 3.4938734693746425, 2.83220643668501, 2.7384074532472336, 3.4496093344029553, 2.1267435717547145, 2.1211336921561545, 3.227194004084663, 2.538030007702825, 4.096565697019884, 2.9488919868316645, 3.544337588323099], [3.5472391433338686, 3.411816107295351, 2.4153240548630324, 1.2232158517612497, 0.0, 2.299491408985909, 2.713348921535894, 3.282213774268824, 4.587543259741536, 3.69856867179724, 3.04202247526214, 3.7696072076543996, 4.349523240540278, 2.5516397394616663, 3.138490379147274, 3.71817312399517, 2.449519393677054, 4.069401121786841, 2.823257807923322, 3.963829204191321], [3.8259399263448977, 3.0059701678493087, 2.357769973937237, 1.3613407802604018, 2.299491408985909, 0.0, 1.4349598077995078, 2.421441859719122, 4.618824857038855, 4.481055502892148, 3.500185472228579, 2.7017337137475264, 3.910469608627588, 3.2727645225405384, 2.535590538710854, 2.043325500256873, 2.0988457589827796, 3.3719340607431807, 2.715603805786109, 2.6576906855388573], [4.869477890903705, 4.3145885713472145, 3.6912595736414966, 2.3686800142695508, 2.713348921535894, 1.4349598077995078, 0.0, 1.5170862104705847, 5.626506440945394, 5.5304523404510055, 4.2765350214864375, 3.930260015571489, 5.2854677758926885, 4.477205790445645, 3.9123040998879426, 1.0949545972322323, 1.0960705679836495, 2.162030189428445, 2.166166867995169, 2.1602983613380817], [6.06947780620376, 5.377257405964495, 4.41392923482015, 3.136799802346334, 3.282213774268824, 2.421441859719122, 1.5170862104705847, 0.0, 6.9241380098897505, 6.586638968396553, 5.5501542194789515, 5.116651016045554, 6.252675468949271, 5.048939680764666, 4.390980840313472, 2.148665497465811, 2.172936860564522, 1.0935940517394924, 1.0945660464311873, 1.0950344195503627], [1.0946996757101926, 2.1589166426705777, 3.478745867406816, 4.0963160400535505, 4.587543259741536, 4.618824857038855, 5.626506440945394, 6.9241380098897505, 0.0, 1.771316668470096, 1.7691348224485324, 2.4802008184822455, 2.4533595456027233, 3.7487779395424323, 4.301016333379821, 5.899906316205368, 5.486294026025218, 7.744970399556089, 6.976053541222286, 7.274452738179003], [1.0945790149642007, 2.1700526376104334, 2.7819310936829473, 3.4938734693746425, 3.69856867179724, 4.481055502892148, 5.5304523404510055, 6.586638968396553, 1.771316668470096, 0.0, 1.7750591821119655, 3.0662360085290237, 2.5069658274495885, 2.5438895141102336, 3.7456732639139787, 6.1111916841153, 5.328655445794934, 7.462083607813571, 6.36114685335907, 7.003140248488531], [1.094367881473136, 2.1743816799265026, 2.8305210315417195, 2.83220643668501, 3.04202247526214, 3.500185472228579, 4.2765350214864375, 5.5501542194789515, 1.7691348224485324, 1.7750591821119655, 0.0, 2.499911550435335, 3.0639352049284594, 3.124787426369992, 3.855894778128677, 4.719631741990047, 3.937949905725059, 6.295223469425053, 5.534181233931538, 6.087173943629343], [2.147304081866376, 1.0961561978112426, 2.167249397277572, 2.7384074532472336, 3.7696072076543996, 2.7017337137475264, 3.930260015571489, 5.116651016045554, 2.4802008184822455, 3.0662360085290237, 2.499911550435335, 0.0, 1.7626885544531117, 3.0790187235546327, 2.553504301934892, 4.094286216179811, 4.24502453467586, 6.027262752692967, 5.349291737230266, 5.202597895282701], [2.1410700315496456, 1.0961983442789902, 2.145129518234272, 3.4496093344029553, 4.349523240540278, 3.910469608627588, 5.2854677758926885, 6.252675468949271, 2.4533595456027233, 2.5069658274495885, 3.0639352049284594, 1.7626885544531117, 0.0, 2.5355478658467483, 2.427421343730832, 5.651825469704456, 5.576039461840277, 7.262012560578507, 6.2348998155543764, 6.276851275918523], [2.748335485343811, 2.1703929667228468, 1.0961095976224275, 2.1267435717547145, 2.5516397394616663, 3.2727645225405384, 4.477205790445645, 5.048939680764666, 3.7487779395424323, 2.5438895141102336, 3.124787426369992, 3.0790187235546327, 2.5355478658467483, 0.0, 1.7561654079271687, 5.279740415967437, 4.623930957529535, 6.063644413222135, 4.623227228895417, 5.263137790330023], [3.478073469609289, 2.1668217947030164, 1.096354253879648, 2.1211336921561545, 3.138490379147274, 2.535590538710854, 3.9123040998879426, 4.390980840313472, 4.301016333379821, 3.7456732639139787, 3.855894778128677, 2.553504301934892, 2.427421343730832, 1.7561654079271687, 0.0, 4.518053819953897, 4.459762296356163, 5.477024167374104, 4.222979399665597, 4.270687853262048], [5.305865967021783, 4.719114362886325, 4.371836333853316, 3.227194004084663, 3.71817312399517, 2.043325500256873, 1.0949545972322323, 2.148665497465811, 5.899906316205368, 6.1111916841153, 4.719631741990047, 4.094286216179811, 5.651825469704456, 5.279740415967437, 4.518053819953897, 0.0, 1.7618204959643307, 2.4890142486534703, 3.0665556720855407, 2.5012661793579665], [4.726911913712799, 4.5195817206905335, 3.9834057350463308, 2.538030007702825, 2.449519393677054, 2.0988457589827796, 1.0960705679836495, 2.172936860564522, 5.486294026025218, 5.328655445794934, 3.937949905725059, 4.24502453467586, 5.576039461840277, 4.623930957529535, 4.459762296356163, 1.7618204959643307, 0.0, 2.5173276048222246, 2.5373122216235036, 3.080118423048049], [6.9242216335123175, 6.344545791465295, 5.448654316434472, 4.096565697019884, 4.069401121786841, 3.3719340607431807, 2.162030189428445, 1.0935940517394924, 7.744970399556089, 7.462083607813571, 6.295223469425053, 6.027262752692967, 7.262012560578507, 6.063644413222135, 5.477024167374104, 2.4890142486534703, 2.5173276048222246, 0.0, 1.7771673866014983, 1.7799000224731725], [6.018600397933061, 5.387532843519379, 4.20637086096792, 2.9488919868316645, 2.823257807923322, 2.715603805786109, 2.166166867995169, 1.0945660464311873, 6.976053541222286, 6.36114685335907, 5.534181233931538, 5.349291737230266, 6.2348998155543764, 4.623227228895417, 4.222979399665597, 3.0665556720855407, 2.5373122216235036, 1.7771673866014983, 0.0, 1.759103012901746], [6.454653002292222, 5.529751223156428, 4.557464862179411, 3.544337588323099, 3.963829204191321, 2.6576906855388573, 2.1602983613380817, 1.0950344195503627, 7.274452738179003, 7.003140248488531, 6.087173943629343, 5.202597895282701, 6.276851275918523, 5.263137790330023, 4.270687853262048, 2.5012661793579665, 3.080118423048049, 1.7799000224731725, 1.759103012901746, 0.0]]}