{"total energy": -49.85623795, "HOMO-LUMO gap/eV": 3.58424794, "electronic energy": -50.46480224, "dipole": [-0.44946971, -0.68334735, 0.11547508], "partial charges": [-0.11217522, 0.01789384, -0.20410209, 0.25881494, -0.37249947, 0.26300281, -0.19820491, 0.09694585, -0.11830527, -0.11262088, -0.11693874, -0.32885835, 0.32819307, -0.25855063, 0.03493249, -0.35553886, 0.05095622, 0.04547219, 0.04066053, 0.06455302, 0.02750357, 0.18238237, 0.18294219, 0.06707959, 0.04702345, 0.04239323, 0.03204639, 0.0435742, 0.04662863, 0.03556449, 0.04673493, 0.04704975, 0.06280513, 0.05625914, 0.05638238], "atomic dipole moments": [[0.09460176, 0.08588646, 0.00149086], [0.10826917, -0.13035796, -0.01917668], [-0.01595546, 0.11048352, 0.13873471], [-0.02999948, -0.00051822, -0.00491115], [0.00070098, 0.27654542, -0.0850559], [0.00857908, 0.00617496, 0.00358868], [0.01788418, 0.02113522, -0.14397676], [-0.10650934, -0.02468817, 0.01367045], [-0.02775155, -0.12352519, -0.04143951], [-0.00920997, -0.00176159, 0.11058107], [-0.07379787, 0.08098579, -0.04929176], [-0.24371929, -0.15162538, -0.00434447], [-0.0189844, 0.13236979, -0.04678569], [-0.20249799, -0.11044602, -0.02135491], [0.22109534, -0.11531451, 0.09865634], [0.24226064, -0.12374856, 0.08980406], [-0.01294636, -0.06121333, -0.11210273], [-0.11037065, 0.05718051, 0.02607122], [0.0178449, -0.08929851, 0.08740089], [-0.0354229, 0.08981242, -0.08773257], [0.00759791, 0.05294523, 0.10940169], [0.04787924, -0.0836433, 0.08702843], [-0.04408223, -0.11907867, -0.01991557], [-0.059327, 0.10502641, -0.05406368], [-0.01748355, 0.01357493, 0.12772132], [0.1214535, 0.02598356, -0.01968635], [-0.03861962, -0.11034715, -0.05029449], [0.11813447, 0.01700977, -0.04272674], [-0.06896796, 0.09082398, -0.06446935], [-0.02600123, -0.11777879, -0.03680003], [-0.00342474, -0.00558946, 0.12823135], [0.12393464, 0.01929964, -0.03178605], [0.01291107, 0.11680426, -0.03494216], [-0.03243112, -0.06356442, -0.10682131], [-0.0877459, 0.00225011, 0.09331827]], "atomic quadrupole moments": [[0.10418624, 0.18888565, 0.04079203, -0.00980254, -0.00880727, -0.14497827], [0.31144622, -0.0112503, -0.02101914, -0.0945527, 0.03812219, -0.29042708], [0.11982948, -0.00034597, -0.02884595, -0.04556401, 0.03685379, -0.09098353], [-0.12955329, 0.06034063, -0.19897736, -0.18303818, 0.20459863, 0.32853065], [-0.01179326, -0.00847987, -0.11283581, -0.04336459, 0.08040486, 0.12462907], [-0.15116249, -0.1242939, -0.20977728, -0.11674545, 0.16319249, 0.36093978], [0.09608558, -0.02136921, -0.07266465, -0.01571421, -0.02560945, -0.02342093], [0.10488668, 0.02701195, -0.04309276, -0.02688031, -0.02225113, -0.06179392], [-0.07598855, 0.080373, 0.15160061, 0.02872475, 0.11773823, -0.07561206], [-0.09719663, 0.0031339, -0.11010136, -0.01926825, 0.01537696, 0.20729799], [0.01580149, -0.13962965, 0.05774555, 0.08375383, -0.08917439, -0.07354704], [-0.0994653, -0.04794498, -0.05633908, -0.05125265, 0.06530199, 0.15580438], [-0.40943749, -0.0804837, 0.08892312, -0.15594081, 0.07062427, 0.32051437], [0.06025884, -0.04482123, 0.00403744, 0.05540047, -0.04188184, -0.06429628], [0.30167225, -0.24250028, -0.11103453, 0.24601873, -0.12883801, -0.19063772], [-0.09931547, 0.00340623, -0.04312702, -0.06390691, 0.0658746, 0.14244248], [-0.04355348, 0.0107924, -0.01829073, -0.00330343, 0.04129333, 0.06184421], [0.05011093, -0.0485288, -0.00263497, -0.02398328, 0.01449859, -0.04747596], [-0.03281992, -0.01027704, 0.01178794, 0.03043003, -0.05755756, 0.02103198], [-0.01304923, 0.00153945, -0.00228034, 0.00227852, -0.03925851, 0.01532957], [0.00656151, 0.0012251, -0.03097977, 0.00892606, 0.02840002, 0.02441826], [-0.00392459, 0.0110898, 0.04727287, -0.01820975, -0.0495145, -0.04334828], [0.00962209, -0.01997298, 0.06166127, 0.00113571, -0.02707343, -0.07128336], [-0.00112281, -0.04426488, 0.0096007, 0.04090138, -0.03159538, -0.00847789], [-0.04460864, 0.00609663, -0.0323222, -0.02609371, -0.00694106, 0.07693084], [0.08080852, 0.0029764, -0.03217077, -0.03164562, 0.0045193, -0.04863775], [-0.03744228, 0.04176567, 0.06490321, 0.00944549, 0.02273183, -0.02746093], [0.08081336, 0.01857575, -0.05122625, -0.01907305, -0.00517418, -0.02958711], [-0.00064026, -0.05798401, 0.02473878, 0.02096251, -0.02165354, -0.02409852], [-0.02912436, 0.03154333, 0.05311324, 0.0253634, 0.04083461, -0.02398887], [-0.04233572, -0.00999264, -0.03637265, -0.01441689, 0.01116064, 0.07870837], [0.05879972, 0.02828583, -0.02627487, -0.03561131, -0.01981289, -0.03252484], [-0.02378935, 0.02441105, 0.07012348, 0.00137652, -0.03543451, -0.04633413], [-0.01523717, -0.00436021, 0.00288584, 0.02863715, 0.04827692, 0.01235133], [0.02074116, -0.00512193, -0.04404729, -0.03786596, -0.02080186, 0.02330612]], "number of molecular orbitals": 83, "number of electrons": 90, "number of unpaired electrons": 0, "orbital energies/eV": [-19.40578115, -18.57507894, -18.02096114, -17.91965451, -17.63276279, -17.49879314, -17.33073528, -16.99373155, -16.81773569, -16.37822417, -16.14859802, -16.13024064, -16.0217895, -15.73497312, -15.54556605, -15.33914985, -15.29983167, -14.84754502, -14.64050154, -14.40837348, -14.32342063, -14.19778177, -13.88311109, -13.81627023, -13.72000443, -13.51824202, -13.23382815, -13.08184022, -12.93425093, -12.74667508, -12.66095483, -12.58991066, -12.52299304, -12.43888922, -12.29826652, -12.27446319, -12.18976119, -12.07644753, -11.93040681, -11.65286203, -11.32807958, -10.56170424, -10.47904357, -10.12482404, -9.95513221, -6.37088427, -6.19852298, -2.97248384, 0.0859962, 0.84247156, 1.0433991, 1.78057387, 2.25602059, 2.55316206, 2.68116221, 2.79315231, 3.49085241, 3.8082455, 3.93352766, 4.04175916, 4.30969593, 4.49955237, 4.73936479, 5.12863237, 5.26850832, 5.43478164, 5.61845626, 5.66998973, 5.80439191, 5.81328223, 6.139309, 6.35716614, 6.55885326, 6.96101699, 6.99587919, 7.14962201, 7.27599645, 7.50092924, 8.11742118, 11.67984344, 12.64070842, 13.11957903, 17.76051528], "fractional occupation": [2.0, 2.0, 2.0, 2.0, 2.0, 2.0, 2.0, 2.0, 2.0, 2.0, 2.0, 2.0, 2.0, 2.0, 2.0, 2.0, 2.0, 2.0, 2.0, 2.0, 2.0, 2.0, 2.0, 2.0, 2.0, 2.0, 2.0, 2.0, 2.0, 2.0, 2.0, 2.0, 2.0, 2.0, 2.0, 2.0, 2.0, 2.0, 2.0, 2.0, 2.0, 2.0, 2.0, 2.0, 2.0, 0.0, 0.0, 0.0, 0.0, 0.0, 0.0, 0.0, 0.0, 0.0, 0.0, 0.0, 0.0, 0.0, 0.0, 0.0, 0.0, 0.0, 0.0, 0.0, 0.0, 0.0, 0.0, 0.0, 0.0, 0.0, 0.0, 0.0, 0.0, 0.0, 0.0, 0.0, 0.0, 0.0, 0.0, 0.0, 0.0, 0.0, 0.0], "program call": "xtb /home/svss/Project-DBcg-Debug/aqme2_20220329/End-to-End-workflows-final/example-3/QDESCP/mol_1011_rdkit_conf_7/mol_1011_rdkit_conf_7.xyz --pop --wbo --acc 0.2 --gfn 2 --chrg 0 --uhf 0 --etemp 300 --input /home/svss/Project-DBcg-Debug/aqme2_20220329/End-to-End-workflows-final/example-3/QDESCP/mol_1011_rdkit_conf_7/mol_1011_rdkit_conf_7_xtb.inp", "method": "GFN2-xTB", "xtb version": "6.3.3 (7355c4f)", "Dipole module/D": 2.1, "Total charge": 0, "Transition dipole module/D": NaN, "HOMO": -9.9551, "LUMO": -6.3709, "HOMO occupancy": 2.0, "LUMO occupancy": 0, "mulliken charges": [-0.09526, 0.10424, -0.36157, 0.44086, -0.45659, 0.44229, -0.36098, 0.1681, -0.09935, -0.10752, -0.10513, -0.41206, 0.5316, -0.40889, 0.17471, -0.44383, 0.03653, 0.03187, 0.02986, 0.03208, 0.02252, 0.21592, 0.21795, 0.04555, 0.03593, 0.02616, 0.03041, 0.03134, 0.04502, 0.02911, 0.03593, 0.03274, 0.03285, 0.0295, 0.02809], "cm5 charges": [-0.23974, 0.05554, -0.70193, 0.65753, -0.63273, 0.66109, -0.69632, 0.19248, -0.23865, -0.24741, -0.24576, -0.58884, 0.71203, -0.48059, 0.05848, -0.6245, 0.08996, 0.08306, 0.08323, 0.09945, 0.08813, 0.41731, 0.42101, 0.10419, 0.09066, 0.07859, 0.08489, 0.08374, 0.10213, 0.08325, 0.09016, 0.08506, 0.09216, 0.09183, 0.09051], "FUKUI+": [0.013, 0.015, -0.057, -0.055, -0.099, -0.046, -0.054, 0.004, 0.012, 0.012, 0.014, -0.104, -0.063, -0.075, 0.028, -0.096, -0.019, -0.03, -0.018, -0.022, -0.025, -0.044, -0.04, 0.002, -0.013, -0.031, -0.012, -0.034, 0.004, -0.015, -0.017, -0.028, -0.05, -0.029, -0.029], "FUKUI-": [0.014, 0.015, -0.073, 0.001, -0.076, 0.001, -0.064, -0.003, 0.009, 0.005, 0.011, -0.106, -0.003, -0.052, 0.02, -0.092, -0.03, -0.034, -0.028, -0.04, -0.056, -0.04, -0.039, -0.024, -0.03, -0.044, -0.026, -0.039, -0.016, -0.024, -0.028, -0.033, -0.038, -0.021, -0.02], "FUKUIrad": [0.014, 0.015, -0.065, -0.027, -0.087, -0.023, -0.059, 0.0, 0.011, 0.008, 0.013, -0.105, -0.033, -0.064, 0.024, -0.094, -0.024, -0.032, -0.023, -0.031, -0.04, -0.042, -0.039, -0.011, -0.022, -0.037, -0.019, -0.036, -0.006, -0.02, -0.022, -0.03, -0.044, -0.025, -0.024], "s proportion": [1.012, 1.001, 1.457, 0.979, 1.533, 0.975, 1.451, 1.062, 1.017, 1.02, 1.022, 1.523, 0.958, 1.691, 0.97, 1.531, 0.963, 0.968, 0.97, 0.968, 0.977, 0.784, 0.782, 0.954, 0.964, 0.974, 0.97, 0.969, 0.955, 0.971, 0.964, 0.967, 0.967, 0.97, 0.972], "p proportion": [3.084, 2.895, 3.904, 2.581, 3.924, 2.582, 3.91, 2.77, 3.082, 3.088, 3.083, 3.889, 2.51, 4.718, 2.855, 3.912, 0.0, 0.0, 0.0, 0.0, 0.0, 0.0, 0.0, 0.0, 0.0, 0.0, 0.0, 0.0, 0.0, 0.0, 0.0, 0.0, 0.0, 0.0, 0.0], "d proportion": [0.0, 0.0, 0.0, 0.0, 0.0, 0.0, 0.0, 0.0, 0.0, 0.0, 0.0, 0.0, 0.0, 0.0, 0.0, 0.0, 0.0, 0.0, 0.0, 0.0, 0.0, 0.0, 0.0, 0.0, 0.0, 0.0, 0.0, 0.0, 0.0, 0.0, 0.0, 0.0, 0.0, 0.0, 0.0], "Fermi-level/eV": -8.163, "Coordination numbers": [3.751, 3.748, 2.697, 2.946, 1.859, 2.93, 2.703, 3.832, 3.754, 3.754, 3.759, 1.838, 2.93, 1.703, 3.656, 1.836, 0.924, 0.924, 0.924, 0.924, 0.924, 0.86, 0.86, 0.924, 0.924, 0.924, 0.924, 0.924, 0.924, 0.924, 0.924, 0.924, 0.924, 0.924, 0.924], "Dispersion coefficient C6": [22.708, 20.337, 25.437, 22.657, 30.574, 22.582, 25.303, 18.961, 22.823, 22.712, 22.789, 29.38, 21.44, 18.285, 20.276, 30.101, 2.308, 2.377, 2.44, 2.147, 2.622, 1.2, 1.197, 2.118, 2.358, 2.417, 2.558, 2.402, 2.363, 2.509, 2.361, 2.357, 2.167, 2.243, 2.242], "Total dispersion C6": 11119.367275, "Total dispersion C8": 241801.734218, "Polarizability alpha": [6.796, 6.432, 7.491, 7.807, 8.196, 7.793, 7.471, 6.195, 6.812, 6.796, 6.806, 8.033, 7.594, 5.773, 6.464, 8.13, 2.376, 2.411, 2.443, 2.291, 2.532, 1.716, 1.714, 2.276, 2.401, 2.431, 2.501, 2.424, 2.404, 2.477, 2.403, 2.401, 2.302, 2.342, 2.342], "Total polarizability alpha": 158.775551, "Wiberg matrix": [[0.0, 1.0191368459328296, 0.0, 0.0, 0.0, 0.0, 0.0, 0.0, 0.0, 0.0, 0.0, 0.0, 0.0, 0.0, 0.0, 0.0, 0.9863751161751372, 0.9851815151255112, 0.9863124701904777, 0.0, 0.0, 0.0, 0.0, 0.0, 0.0, 0.0, 0.0, 0.0, 0.0, 0.0, 0.0, 0.0, 0.0, 0.0, 0.0], [1.0191368459328296, 0.0, 0.9878030472322369, 0.0, 0.0, 0.0, 0.0, 0.0, 0.0, 0.0, 0.0, 0.0, 0.0, 0.0, 0.0, 0.0, 0.0, 0.0, 0.0, 0.9703872040505334, 0.9703456685367111, 0.0, 0.0, 0.0, 0.0, 0.0, 0.0, 0.0, 0.0, 0.0, 0.0, 0.0, 0.0, 0.0, 0.0], [0.0, 0.9878030472322369, 0.0, 1.1710730838808354, 0.0, 0.0, 0.0, 0.0, 0.0, 0.0, 0.0, 0.0, 0.0, 0.0, 0.0, 0.0, 0.0, 0.0, 0.0, 0.0, 0.0, 0.9332565766686323, 0.0, 0.0, 0.0, 0.0, 0.0, 0.0, 0.0, 0.0, 0.0, 0.0, 0.0, 0.0, 0.0], [0.0, 0.0, 1.1710730838808354, 0.0, 1.346668208595435, 0.0, 0.0, 0.0, 0.0, 0.0, 0.0, 0.0, 0.0, 0.0, 0.0, 1.3184322994614632, 0.0, 0.0, 0.0, 0.0, 0.0, 0.0, 0.0, 0.0, 0.0, 0.0, 0.0, 0.0, 0.0, 0.0, 0.0, 0.0, 0.0, 0.0, 0.0], [0.0, 0.0, 0.0, 1.346668208595435, 0.0, 1.3154126923260219, 0.0, 0.0, 0.0, 0.0, 0.0, 0.0, 0.0, 0.0, 0.0, 0.0, 0.0, 0.0, 0.0, 0.0, 0.0, 0.0, 0.0, 0.0, 0.0, 0.0, 0.0, 0.0, 0.0, 0.0, 0.0, 0.0, 0.0, 0.0, 0.0], [0.0, 0.0, 0.0, 0.0, 1.3154126923260219, 0.0, 1.2011141335897775, 0.0, 0.0, 0.0, 0.0, 1.3216261906416469, 0.0, 0.0, 0.0, 0.0, 0.0, 0.0, 0.0, 0.0, 0.0, 0.0, 0.0, 0.0, 0.0, 0.0, 0.0, 0.0, 0.0, 0.0, 0.0, 0.0, 0.0, 0.0, 0.0], [0.0, 0.0, 0.0, 0.0, 0.0, 1.2011141335897775, 0.0, 0.9621669244786306, 0.0, 0.0, 0.0, 0.0, 0.0, 0.0, 0.0, 0.0, 0.0, 0.0, 0.0, 0.0, 0.0, 0.0, 0.931794931527107, 0.0, 0.0, 0.0, 0.0, 0.0, 0.0, 0.0, 0.0, 0.0, 0.0, 0.0, 0.0], [0.0, 0.0, 0.0, 0.0, 0.0, 0.0, 0.9621669244786306, 0.0, 0.9948678273157234, 0.9894458519406804, 0.9932998752777163, 0.0, 0.0, 0.0, 0.0, 0.0, 0.0, 0.0, 0.0, 0.0, 0.0, 0.0, 0.0, 0.0, 0.0, 0.0, 0.0, 0.0, 0.0, 0.0, 0.0, 0.0, 0.0, 0.0, 0.0], [0.0, 0.0, 0.0, 0.0, 0.0, 0.0, 0.0, 0.9948678273157234, 0.0, 0.0, 0.0, 0.0, 0.0, 0.0, 0.0, 0.0, 0.0, 0.0, 0.0, 0.0, 0.0, 0.0, 0.0, 0.9801423099763754, 0.984986071354693, 0.9842673348933889, 0.0, 0.0, 0.0, 0.0, 0.0, 0.0, 0.0, 0.0, 0.0], [0.0, 0.0, 0.0, 0.0, 0.0, 0.0, 0.0, 0.9894458519406804, 0.0, 0.0, 0.0, 0.0, 0.0, 0.0, 0.0, 0.0, 0.0, 0.0, 0.0, 0.0, 0.0, 0.0, 0.0, 0.0, 0.0, 0.0, 0.9858836704927184, 0.984035110315663, 0.9834960804982757, 0.0, 0.0, 0.0, 0.0, 0.0, 0.0], [0.0, 0.0, 0.0, 0.0, 0.0, 0.0, 0.0, 0.9932998752777163, 0.0, 0.0, 0.0, 0.0, 0.0, 0.0, 0.0, 0.0, 0.0, 0.0, 0.0, 0.0, 0.0, 0.0, 0.0, 0.0, 0.0, 0.0, 0.0, 0.0, 0.0, 0.9849572353171735, 0.9856661452214981, 0.984772233438926, 0.0, 0.0, 0.0], [0.0, 0.0, 0.0, 0.0, 0.0, 1.3216261906416469, 0.0, 0.0, 0.0, 0.0, 0.0, 0.0, 1.3593882390961687, 0.0, 0.0, 0.0, 0.0, 0.0, 0.0, 0.0, 0.0, 0.0, 0.0, 0.0, 0.0, 0.0, 0.0, 0.0, 0.0, 0.0, 0.0, 0.0, 0.0, 0.0, 0.0], [0.0, 0.0, 0.0, 0.0, 0.0, 0.0, 0.0, 0.0, 0.0, 0.0, 0.0, 1.3593882390961687, 0.0, 1.0885871307307626, 0.0, 1.3497078602608459, 0.0, 0.0, 0.0, 0.0, 0.0, 0.0, 0.0, 0.0, 0.0, 0.0, 0.0, 0.0, 0.0, 0.0, 0.0, 0.0, 0.0, 0.0, 0.0], [0.0, 0.0, 0.0, 0.0, 0.0, 0.0, 0.0, 0.0, 0.0, 0.0, 0.0, 0.0, 1.0885871307307626, 0.0, 0.9730241582002122, 0.0, 0.0, 0.0, 0.0, 0.0, 0.0, 0.0, 0.0, 0.0, 0.0, 0.0, 0.0, 0.0, 0.0, 0.0, 0.0, 0.0, 0.0, 0.0, 0.0], [0.0, 0.0, 0.0, 0.0, 0.0, 0.0, 0.0, 0.0, 0.0, 0.0, 0.0, 0.0, 0.0, 0.9730241582002122, 0.0, 0.0, 0.0, 0.0, 0.0, 0.0, 0.0, 0.0, 0.0, 0.0, 0.0, 0.0, 0.0, 0.0, 0.0, 0.0, 0.0, 0.0, 0.9804418189826339, 0.9778544124453319, 0.9776687411870075], [0.0, 0.0, 0.0, 1.3184322994614632, 0.0, 0.0, 0.0, 0.0, 0.0, 0.0, 0.0, 0.0, 1.3497078602608459, 0.0, 0.0, 0.0, 0.0, 0.0, 0.0, 0.0, 0.0, 0.0, 0.0, 0.0, 0.0, 0.0, 0.0, 0.0, 0.0, 0.0, 0.0, 0.0, 0.0, 0.0, 0.0], [0.9863751161751372, 0.0, 0.0, 0.0, 0.0, 0.0, 0.0, 0.0, 0.0, 0.0, 0.0, 0.0, 0.0, 0.0, 0.0, 0.0, 0.0, 0.0, 0.0, 0.0, 0.0, 0.0, 0.0, 0.0, 0.0, 0.0, 0.0, 0.0, 0.0, 0.0, 0.0, 0.0, 0.0, 0.0, 0.0], [0.9851815151255112, 0.0, 0.0, 0.0, 0.0, 0.0, 0.0, 0.0, 0.0, 0.0, 0.0, 0.0, 0.0, 0.0, 0.0, 0.0, 0.0, 0.0, 0.0, 0.0, 0.0, 0.0, 0.0, 0.0, 0.0, 0.0, 0.0, 0.0, 0.0, 0.0, 0.0, 0.0, 0.0, 0.0, 0.0], [0.9863124701904777, 0.0, 0.0, 0.0, 0.0, 0.0, 0.0, 0.0, 0.0, 0.0, 0.0, 0.0, 0.0, 0.0, 0.0, 0.0, 0.0, 0.0, 0.0, 0.0, 0.0, 0.0, 0.0, 0.0, 0.0, 0.0, 0.0, 0.0, 0.0, 0.0, 0.0, 0.0, 0.0, 0.0, 0.0], [0.0, 0.9703872040505334, 0.0, 0.0, 0.0, 0.0, 0.0, 0.0, 0.0, 0.0, 0.0, 0.0, 0.0, 0.0, 0.0, 0.0, 0.0, 0.0, 0.0, 0.0, 0.0, 0.0, 0.0, 0.0, 0.0, 0.0, 0.0, 0.0, 0.0, 0.0, 0.0, 0.0, 0.0, 0.0, 0.0], [0.0, 0.9703456685367111, 0.0, 0.0, 0.0, 0.0, 0.0, 0.0, 0.0, 0.0, 0.0, 0.0, 0.0, 0.0, 0.0, 0.0, 0.0, 0.0, 0.0, 0.0, 0.0, 0.0, 0.0, 0.0, 0.0, 0.0, 0.0, 0.0, 0.0, 0.0, 0.0, 0.0, 0.0, 0.0, 0.0], [0.0, 0.0, 0.9332565766686323, 0.0, 0.0, 0.0, 0.0, 0.0, 0.0, 0.0, 0.0, 0.0, 0.0, 0.0, 0.0, 0.0, 0.0, 0.0, 0.0, 0.0, 0.0, 0.0, 0.0, 0.0, 0.0, 0.0, 0.0, 0.0, 0.0, 0.0, 0.0, 0.0, 0.0, 0.0, 0.0], [0.0, 0.0, 0.0, 0.0, 0.0, 0.0, 0.931794931527107, 0.0, 0.0, 0.0, 0.0, 0.0, 0.0, 0.0, 0.0, 0.0, 0.0, 0.0, 0.0, 0.0, 0.0, 0.0, 0.0, 0.0, 0.0, 0.0, 0.0, 0.0, 0.0, 0.0, 0.0, 0.0, 0.0, 0.0, 0.0], [0.0, 0.0, 0.0, 0.0, 0.0, 0.0, 0.0, 0.0, 0.9801423099763754, 0.0, 0.0, 0.0, 0.0, 0.0, 0.0, 0.0, 0.0, 0.0, 0.0, 0.0, 0.0, 0.0, 0.0, 0.0, 0.0, 0.0, 0.0, 0.0, 0.0, 0.0, 0.0, 0.0, 0.0, 0.0, 0.0], [0.0, 0.0, 0.0, 0.0, 0.0, 0.0, 0.0, 0.0, 0.984986071354693, 0.0, 0.0, 0.0, 0.0, 0.0, 0.0, 0.0, 0.0, 0.0, 0.0, 0.0, 0.0, 0.0, 0.0, 0.0, 0.0, 0.0, 0.0, 0.0, 0.0, 0.0, 0.0, 0.0, 0.0, 0.0, 0.0], [0.0, 0.0, 0.0, 0.0, 0.0, 0.0, 0.0, 0.0, 0.9842673348933889, 0.0, 0.0, 0.0, 0.0, 0.0, 0.0, 0.0, 0.0, 0.0, 0.0, 0.0, 0.0, 0.0, 0.0, 0.0, 0.0, 0.0, 0.0, 0.0, 0.0, 0.0, 0.0, 0.0, 0.0, 0.0, 0.0], [0.0, 0.0, 0.0, 0.0, 0.0, 0.0, 0.0, 0.0, 0.0, 0.9858836704927184, 0.0, 0.0, 0.0, 0.0, 0.0, 0.0, 0.0, 0.0, 0.0, 0.0, 0.0, 0.0, 0.0, 0.0, 0.0, 0.0, 0.0, 0.0, 0.0, 0.0, 0.0, 0.0, 0.0, 0.0, 0.0], [0.0, 0.0, 0.0, 0.0, 0.0, 0.0, 0.0, 0.0, 0.0, 0.984035110315663, 0.0, 0.0, 0.0, 0.0, 0.0, 0.0, 0.0, 0.0, 0.0, 0.0, 0.0, 0.0, 0.0, 0.0, 0.0, 0.0, 0.0, 0.0, 0.0, 0.0, 0.0, 0.0, 0.0, 0.0, 0.0], [0.0, 0.0, 0.0, 0.0, 0.0, 0.0, 0.0, 0.0, 0.0, 0.9834960804982757, 0.0, 0.0, 0.0, 0.0, 0.0, 0.0, 0.0, 0.0, 0.0, 0.0, 0.0, 0.0, 0.0, 0.0, 0.0, 0.0, 0.0, 0.0, 0.0, 0.0, 0.0, 0.0, 0.0, 0.0, 0.0], [0.0, 0.0, 0.0, 0.0, 0.0, 0.0, 0.0, 0.0, 0.0, 0.0, 0.9849572353171735, 0.0, 0.0, 0.0, 0.0, 0.0, 0.0, 0.0, 0.0, 0.0, 0.0, 0.0, 0.0, 0.0, 0.0, 0.0, 0.0, 0.0, 0.0, 0.0, 0.0, 0.0, 0.0, 0.0, 0.0], [0.0, 0.0, 0.0, 0.0, 0.0, 0.0, 0.0, 0.0, 0.0, 0.0, 0.9856661452214981, 0.0, 0.0, 0.0, 0.0, 0.0, 0.0, 0.0, 0.0, 0.0, 0.0, 0.0, 0.0, 0.0, 0.0, 0.0, 0.0, 0.0, 0.0, 0.0, 0.0, 0.0, 0.0, 0.0, 0.0], [0.0, 0.0, 0.0, 0.0, 0.0, 0.0, 0.0, 0.0, 0.0, 0.0, 0.984772233438926, 0.0, 0.0, 0.0, 0.0, 0.0, 0.0, 0.0, 0.0, 0.0, 0.0, 0.0, 0.0, 0.0, 0.0, 0.0, 0.0, 0.0, 0.0, 0.0, 0.0, 0.0, 0.0, 0.0, 0.0], [0.0, 0.0, 0.0, 0.0, 0.0, 0.0, 0.0, 0.0, 0.0, 0.0, 0.0, 0.0, 0.0, 0.0, 0.9804418189826339, 0.0, 0.0, 0.0, 0.0, 0.0, 0.0, 0.0, 0.0, 0.0, 0.0, 0.0, 0.0, 0.0, 0.0, 0.0, 0.0, 0.0, 0.0, 0.0, 0.0], [0.0, 0.0, 0.0, 0.0, 0.0, 0.0, 0.0, 0.0, 0.0, 0.0, 0.0, 0.0, 0.0, 0.0, 0.9778544124453319, 0.0, 0.0, 0.0, 0.0, 0.0, 0.0, 0.0, 0.0, 0.0, 0.0, 0.0, 0.0, 0.0, 0.0, 0.0, 0.0, 0.0, 0.0, 0.0, 0.0], [0.0, 0.0, 0.0, 0.0, 0.0, 0.0, 0.0, 0.0, 0.0, 0.0, 0.0, 0.0, 0.0, 0.0, 0.9776687411870075, 0.0, 0.0, 0.0, 0.0, 0.0, 0.0, 0.0, 0.0, 0.0, 0.0, 0.0, 0.0, 0.0, 0.0, 0.0, 0.0, 0.0, 0.0, 0.0, 0.0]], "Born radii": [], "Atomic SASAs": [], "Solvent H bonds": [], "Total SASA": NaN, "Total FOD": 0.0, "FOD": [0.0, 0.0, 0.0, 0.0, 0.0, 0.0, 0.0, 0.0, 0.0, 0.0, 0.0, 0.0, 0.0, 0.0, 0.0, 0.0, 0.0, 0.0, 0.0, 0.0, 0.0, 0.0, 0.0, 0.0, 0.0, 0.0, 0.0, 0.0, 0.0, 0.0, 0.0, 0.0, 0.0, 0.0, 0.0], "FOD s proportion": [0.0, 0.0, 0.0, 0.0, 0.0, 0.0, 0.0, 0.0, 0.0, 0.0, 0.0, 0.0, 0.0, 0.0, 0.0, 0.0, 0.0, 0.0, 0.0, 0.0, 0.0, 0.0, 0.0, 0.0, 0.0, 0.0, 0.0, 0.0, 0.0, 0.0, 0.0, 0.0, 0.0, 0.0, 0.0], "FOD p proportion": [0.0, 0.0, 0.0, 0.0, 0.0, 0.0, 0.0, 0.0, 0.0, 0.0, 0.0, 0.0, 0.0, 0.0, 0.0, 0.0, 0.0, 0.0, 0.0, 0.0, 0.0, 0.0, 0.0, 0.0, 0.0, 0.0, 0.0, 0.0, 0.0, 0.0, 0.0, 0.0, 0.0, 0.0, 0.0], "FOD d proportion": [0.0, 0.0, 0.0, 0.0, 0.0, 0.0, 0.0, 0.0, 0.0, 0.0, 0.0, 0.0, 0.0, 0.0, 0.0, 0.0, 0.0, 0.0, 0.0, 0.0, 0.0, 0.0, 0.0, 0.0, 0.0, 0.0, 0.0, 0.0, 0.0, 0.0, 0.0, 0.0, 0.0, 0.0, 0.0], "coordinates": [["-5.12040", "-1.54570", "0.24510"], ["-3.98760", "-0.53160", "0.21350"], ["-2.74280", "-1.21150", "-0.09620"], ["-1.61480", "-0.39710", "-0.07880"], ["-0.50210", "-0.97740", "0.35050"], ["0.58860", "-0.22040", "0.36870"], ["1.72490", "-0.85580", "0.83380"], ["3.06960", "-0.49680", "0.37170"], ["3.50440", "0.87460", "0.90910"], ["3.17630", "-0.55190", "-1.15910"], ["4.02830", "-1.55490", "0.95940"], ["0.61400", "1.04330", "-0.01070"], ["-0.54700", "1.52640", "-0.42500"], ["-0.50270", "2.84770", "-0.82120"], ["-1.74370", "3.32430", "-1.32350"], ["-1.69370", "0.86160", "-0.47750"], ["-5.21880", "-2.05430", "-0.71990"], ["-6.06980", "-1.05010", "0.47010"], ["-4.94320", "-2.30960", "1.00970"], ["-4.21790", "0.22490", "-0.54610"], ["-3.92480", "-0.03410", "1.18900"], ["-2.52210", "-2.00380", "0.49890"], ["1.51510", "-1.84870", "0.81390"], ["2.96210", "1.69980", "0.43870"], ["3.34120", "0.94580", "1.99060"], ["4.56950", "1.05080", "0.71860"], ["2.83750", "-1.52040", "-1.54500"], ["4.21160", "-0.40370", "-1.48670"], ["2.57180", "0.22260", "-1.64230"], ["3.76970", "-2.56210", "0.61130"], ["3.98020", "-1.56720", "2.05480"], ["5.06700", "-1.35870", "0.67030"], ["-1.60260", "4.36610", "-1.62750"], ["-2.05880", "2.76070", "-2.20870"], ["-2.51920", "3.30720", "-0.54970"]], "bond_dist": [[0.0, 1.5207344311220157, 2.4251097067967877, 3.7031641240971216, 4.654327979418726, 5.862113786851975, 6.905118521068267, 8.257864056158832, 8.982534337813577, 8.473172190508109, 9.176547325655767, 6.296959424992351, 5.550028826952163, 6.46236122017332, 6.130212789944571, 4.249649037273549, 1.095254089241396, 1.0943512781552365, 1.095242534783963, 2.1390483982369353, 2.14600585507123, 2.6505533271375623, 6.666723534840784, 8.711920423190284, 8.991830573359353, 10.042916733200569, 8.156792905915903, 9.559786568747233, 8.115362252543012, 8.955503861313444, 9.278814401635588, 10.197984251801923, 7.129581112519866, 5.825771190151566, 5.563145413343067], [1.5207344311220157, 0.0, 1.4517937663456197, 2.394516523225513, 3.5165632213853346, 4.5893941778844844, 5.755217978495689, 7.059058727620843, 7.654496835194329, 7.294237866974178, 8.115304215493095, 4.868808705422714, 4.059652030654845, 4.963345705267768, 4.7186249077459, 2.771365087822245, 2.169263536318259, 2.161074420282652, 2.1698824392118574, 1.0965046739526467, 1.096836514709462, 2.0967871255804678, 5.689898053568271, 7.302615359581798, 7.684536720583746, 8.71682718539263, 7.117024497639446, 8.374599637594622, 6.858464816560628, 8.028504118451954, 8.243099531729555, 9.103765254552647, 5.750214890767127, 4.519575374966104, 4.180317959198797], [2.4251097067967877, 1.4517937663456197, 0.0, 1.3913784963122005, 2.2967542728816244, 3.506656125142584, 4.577309884637482, 5.8748378922315805, 6.662578265206345, 6.049840773111305, 6.86148745754155, 4.044692760890498, 3.525016807052131, 4.692630142041882, 4.803951263283174, 2.354515684806538, 2.6888453897537508, 3.3787090212091364, 2.696404750774631, 2.1075044436489336, 2.1059757358526237, 1.0151806686496743, 4.400456596763567, 6.4271043020943734, 6.78407941654577, 7.697508143548793, 5.773576771811387, 7.1379065873685965, 5.717695443095933, 6.6885972266238305, 7.067676597722904, 7.848704742185172, 5.8952996098586885, 4.5507016041485295, 4.5469010215750245], [3.7031641240971216, 2.394516523225513, 1.3913784963122005, 0.0, 1.3263287186817603, 2.2553160975792284, 3.492397534645791, 4.707068482612081, 5.366505002326933, 4.913822375707124, 5.853455192448303, 2.654607166795117, 2.227084086872339, 3.5095086849871167, 3.9261573147289957, 1.3226914190392256, 4.018225609644137, 4.535937081794676, 3.990079580660015, 2.716870055781101, 2.6599221492367024, 1.9334982467020754, 3.5637522164146036, 5.060909944861694, 5.536039448016966, 6.401392634419482, 4.8202199763081355, 5.994094004101036, 4.511782341824571, 5.844339420328016, 6.101262817646851, 6.792074543907774, 5.008661974020607, 3.8347504286459113, 3.8420729639089366], [4.654327979418726, 3.5165632213853346, 2.2967542728816244, 1.3263287186817603, 0.0, 1.3277826365787435, 2.282081166391766, 3.603951538242433, 4.449042617238005, 3.9988209474793943, 4.607471065562973, 2.336530149602183, 2.6215321283554776, 4.0005338718726025, 4.780007264638831, 2.3425233317941574, 4.9550710045366655, 5.569458927041298, 4.683232931426751, 4.0070670683181735, 3.6479819667865683, 2.270664995106059, 2.2456622831583557, 4.379025087847751, 4.599954471513821, 5.474506316554947, 3.878233800327154, 5.091503041342507, 3.854881716732694, 4.563722819146666, 4.831512787937129, 5.59129113353973, 5.803152289919678, 4.790220364450889, 4.820461555701902], [5.862113786851975, 4.5893941778844844, 3.506656125142584, 2.2553160975792284, 1.3277826365787435, 0.0, 1.3824720105665793, 2.4963507285635966, 3.1611622546145903, 3.023285692752175, 3.736489372392219, 1.3196693563161948, 2.2295419462302117, 3.4669922569858733, 4.56815742066755, 2.663770209684011, 6.186609243357786, 6.7106612647339015, 5.947810427375776, 4.913002481171773, 4.591119617261132, 3.5880248173612177, 1.9256080026838276, 3.0537796727989397, 3.401086416132351, 4.193559855301936, 3.226421996577633, 4.074584279408146, 2.8589250147564207, 3.957500582438365, 4.019919652182118, 4.630632355305267, 5.460966409894864, 4.7474914144208835, 4.790181746030102], [6.905118521068267, 5.755217978495689, 4.577309884637482, 3.492397534645791, 2.282081166391766, 1.3824720105665793, 0.0, 1.4665045175518552, 2.483258846757623, 2.484062716599563, 2.4104289514524173, 2.356662867276522, 3.5243416250414774, 4.62786549177912, 5.844515827679826, 4.044230014477416, 7.215632725548051, 7.805599161499392, 6.827007606557942, 6.195878334828727, 5.7201807681226295, 4.412150383883124, 1.0150184530342294, 2.8666808699260544, 2.6826059140321004, 3.4263893182182317, 2.708922545958079, 3.4311501788758823, 2.830416467589178, 2.672484420908754, 2.661448675064015, 3.3836774476891267, 6.66321945833994, 6.054111346019332, 6.1038533779900055], [8.257864056158832, 7.059058727620843, 5.8748378922315805, 4.707068482612081, 3.603951538242433, 2.4963507285635966, 1.4665045175518552, 0.0, 1.5357694358203644, 1.5355030250702861, 1.544044231879385, 2.9237149536163747, 4.219936574167911, 5.036865885647543, 6.375136480107701, 5.025476901747734, 8.503820986474256, 9.156661826779452, 8.240039543594436, 7.3804379260312185, 7.057173792673665, 5.792610614394859, 2.107046439924854, 2.2002492608793216, 2.1853371662057093, 2.182912132908698, 2.185261142289406, 2.183227466390069, 2.1957998998087236, 2.1938578486310365, 2.192663706545078, 2.195823383152662, 7.0337792039557225, 6.600776997445073, 6.8230549902518005], [8.982534337813577, 7.654496835194329, 6.662578265206345, 5.366505002326933, 4.449042617238005, 3.1611622546145903, 2.483258846757623, 1.5357694358203644, 0.0, 2.533772503600116, 2.485854289776454, 3.037911106336063, 4.314916918087763, 4.7899803872249835, 6.2070996818159765, 5.379876594309576, 9.344854972122361, 9.77560723075554, 9.02835509713702, 7.885025961910335, 7.489799218937715, 6.691199657012187, 3.373831711867087, 1.0937643667627868, 1.0960592730322571, 1.0962548517566522, 3.493334713422119, 2.806072053600905, 2.7936515029616706, 3.4597652839462967, 2.738868629562214, 2.7361237344096847, 6.686281538344015, 6.650356703967089, 6.65803252920861], [8.473172190508109, 7.294237866974178, 6.049840773111305, 4.913822375707124, 3.9988209474793943, 3.023285692752175, 2.484062716599563, 1.5355030250702861, 2.533772503600116, 0.0, 2.49398381109421, 3.2293756192180556, 4.326799809327905, 5.020607290955946, 6.26564871342146, 5.116586832059044, 8.539777889968802, 9.40174776783551, 8.586005065220961, 7.460119360975399, 7.497153570522615, 6.109725048641714, 2.8868676242599003, 2.769295825656768, 3.4915479933691302, 2.834680020743082, 1.096219184287522, 1.0959612630015714, 1.094875673307248, 2.743600510278419, 3.465002526694606, 2.751795248560474, 6.873427658017506, 6.283410772025015, 6.906717123206944], [9.176547325655767, 8.115304215493095, 6.86148745754155, 5.853455192448303, 4.607471065562973, 3.736489372392219, 2.4104289514524173, 1.544044231879385, 2.485854289776454, 2.49398381109421, 0.0, 4.398770480486564, 5.6872087301241185, 6.563793424537368, 7.8952016472031925, 6.375377468040617, 9.411604924772394, 10.122542227128518, 9.003327964147477, 8.569365946789762, 8.100453592855155, 6.581892708028596, 2.5344946103710697, 3.4642434989474973, 2.7908744758587765, 2.672181612465739, 2.7733038510051506, 2.70966151760695, 3.471273741726515, 1.0965853409561885, 1.096524536889166, 1.0958881968522158, 8.570725023007096, 8.106420133449783, 8.29380223239016], [6.296959424992351, 4.868808705422714, 4.044692760890498, 2.654607166795117, 2.336530149602183, 1.3196693563161948, 2.356662867276522, 2.9237149536163747, 3.037911106336063, 3.2293756192180556, 4.398770480486564, 0.0, 1.3239905966433447, 2.2715167840013866, 3.533433759107421, 2.3614394804864256, 6.642262132737612, 7.02044689745603, 6.570055282111406, 4.929877212466859, 4.8167184150622715, 4.402230545984614, 3.139364644318974, 2.479218872951721, 3.3841288066502435, 4.022177891391677, 3.7243236204712393, 4.14910963460837, 2.6774330785287614, 4.831587280594236, 4.734163383323393, 5.105151711751572, 4.309101720776617, 3.8632274848887684, 3.9029099976812174], [5.550028826952163, 4.059652030654845, 3.525016807052131, 2.227084086872339, 2.6215321283554776, 2.2295419462302117, 3.5243416250414774, 4.219936574167911, 4.314916918087763, 4.326799809327905, 5.6872087301241185, 1.3239905966433447, 0.0, 1.3801342760760638, 2.339195919541585, 1.326512789233485, 5.893563755487846, 6.15961655462416, 6.008313784249288, 3.8966747708783704, 4.055821629460546, 4.1493280492147155, 4.144686915799552, 3.617986741269238, 4.614143361448581, 5.264274743020162, 4.689587454137091, 5.243735963985982, 3.592857799857935, 6.035200811074972, 6.017915655773184, 6.406284422346545, 3.2594775194806918, 2.643978331983831, 2.660145028001293], [6.46236122017332, 4.963345705267768, 4.692630142041882, 3.5095086849871167, 4.0005338718726025, 3.4669922569858733, 4.62786549177912, 5.036865885647543, 4.7899803872249835, 5.020607290955946, 6.563793424537368, 2.2715167840013866, 1.3801342760760638, 0.0, 1.4211030398954188, 2.3411971083187337, 6.803048206502729, 6.917579268790492, 7.047551230746748, 4.556036752485651, 4.904736862462654, 5.418273952099506, 5.366678843567967, 3.861328975883821, 5.128256044699796, 5.597056948968806, 5.546270827321724, 5.765337518307145, 4.125276411345063, 7.040695565780416, 6.918027928535705, 7.1372215392265925, 2.040940533185619, 2.0866653924383756, 2.0859349822082183], [6.130212789944571, 4.7186249077459, 4.803951263283174, 3.9261573147289957, 4.780007264638831, 4.56815742066755, 5.844515827679826, 6.375136480107701, 6.2070996818159765, 6.26564871342146, 7.8952016472031925, 3.533433759107421, 2.339195919541585, 1.4211030398954188, 0.0, 2.6044399186773344, 6.431950787280637, 6.408394302007329, 6.8863235256557624, 4.041323639601264, 4.727441593504884, 5.68468978309283, 6.476741866092858, 5.280994483049571, 6.518951531496457, 7.013948167758299, 6.6713996867224195, 7.027817323323081, 5.324069550635116, 8.294018058818054, 8.252436873433204, 8.502432706584628, 1.0943822229915838, 1.0956787896094367, 1.0956546444934188], [4.249649037273549, 2.771365087822245, 2.354515684806538, 1.3226914190392256, 2.3425233317941574, 2.663770209684011, 4.044230014477416, 5.025476901747734, 5.379876594309576, 5.116586832059044, 6.375377468040617, 2.3614394804864256, 1.326512789233485, 2.3411971083187337, 2.6044399186773344, 0.0, 4.581218241909023, 4.868551515594756, 4.777815769784349, 2.6041656034131164, 2.9252876696147334, 3.1384901911588, 4.3942960175664085, 4.818555314614537, 5.607925218830935, 6.37919478382656, 5.229268944125938, 6.123074131512698, 4.467613489325146, 6.538803154247725, 6.67118834541493, 7.207929065966174, 3.6894876961442766, 2.595560105256667, 2.5821739774848633], [1.095254089241396, 2.169263536318259, 2.6888453897537508, 4.018225609644137, 4.9550710045366655, 6.186609243357786, 7.215632725548051, 8.503820986474256, 9.344854972122361, 8.539777889968802, 9.411604924772394, 6.642262132737612, 5.893563755487846, 6.803048206502729, 6.431950787280637, 4.581218241909023, 0.0, 1.7744629159269574, 1.7699292669482587, 2.4953476491262694, 3.0658674547344673, 2.959765967099426, 6.90943000615825, 9.07539230997757, 9.46683739482199, 10.369269267889614, 8.116021741592368, 9.604421209005777, 8.168754111246097, 9.100719011704516, 9.620697869697395, 10.402605300596576, 7.424431046214923, 5.948642739314573, 6.0052052795887], [1.0943512781552365, 2.161074420282652, 3.3787090212091364, 4.535937081794676, 5.569458927041298, 6.7106612647339015, 7.805599161499392, 9.156661826779452, 9.77560723075554, 9.40174776783551, 10.122542227128518, 7.02044689745603, 6.15961655462416, 6.917579268790492, 6.408394302007329, 4.868551515594756, 1.7744629159269574, 0.0, 1.7739041603198296, 2.4673510188053904, 2.479939154495529, 3.6737648836037398, 7.6345706107154445, 9.44130041784499, 9.739736036464233, 10.847591324805705, 9.144495797472924, 10.48589934912595, 8.986615025135995, 9.955995263658977, 10.187304182167136, 11.14287342833975, 7.3274159183166345, 6.147055155112893, 5.712513955344004], [1.095242534783963, 2.1698824392118574, 2.696404750774631, 3.990079580660015, 4.683232931426751, 5.947810427375776, 6.827007606557942, 8.240039543594436, 9.02835509713702, 8.586005065220961, 9.003327964147477, 6.570055282111406, 6.008313784249288, 7.047551230746748, 6.8863235256557624, 4.777815769784349, 1.7699292669482587, 1.7739041603198296, 0.0, 3.061088691952587, 2.4994373966955044, 2.4932219094978287, 6.477685183767423, 8.88229122749305, 8.954947086945852, 10.092992056867972, 8.22730947637197, 9.678575866830823, 8.361839859743787, 8.725657867461914, 9.015012996662845, 10.060989375304995, 7.91703244214649, 6.662267182423713, 6.313156627234904], [2.1390483982369353, 1.0965046739526467, 2.1075044436489336, 2.716870055781101, 4.0070670683181735, 4.913002481171773, 6.195878334828727, 7.3804379260312185, 7.885025961910335, 7.460119360975399, 8.569365946789762, 4.929877212466859, 3.8966747708783704, 4.556036752485651, 4.041323639601264, 2.6041656034131164, 2.4953476491262694, 2.4673510188053904, 3.061088691952587, 0.0, 1.7786401041244968, 2.9891246762221213, 6.246335402457989, 7.395779948727518, 8.005906351563201, 8.916275885143977, 7.336384835871139, 8.505077105470592, 6.8776221050592765, 8.538659000100662, 8.785507773031677, 9.497198846502057, 5.015850624769443, 3.7223961651065567, 3.5193988037731674], [2.14600585507123, 1.096836514709462, 2.1059757358526237, 2.6599221492367024, 3.6479819667865683, 4.591119617261132, 5.7201807681226295, 7.057173792673665, 7.489799218937715, 7.497153570522615, 8.100453592855155, 4.8167184150622715, 4.055821629460546, 4.904736862462654, 4.727441593504884, 2.9252876696147334, 3.0658674547344673, 2.479939154495529, 2.4994373966955044, 1.7786401041244968, 0.0, 2.5146616849986003, 5.746823921088935, 7.141340974214857, 7.375467617039614, 8.576212256002062, 7.443960302150999, 8.573037945209387, 7.091400858786647, 8.119719917583364, 8.098705467542327, 9.103630159996616, 5.7172585327235295, 4.778831272392864, 4.020332665340021], [2.6505533271375623, 2.0967871255804678, 1.0151806686496743, 1.9334982467020754, 2.270664995106059, 3.5880248173612177, 4.412150383883124, 5.792610614394859, 6.691199657012187, 6.109725048641714, 6.581892708028596, 4.402230545984614, 4.1493280492147155, 5.418273952099506, 5.68468978309283, 3.1384901911588, 2.959765967099426, 3.6737648836037398, 2.4932219094978287, 2.9891246762221213, 2.5146616849986003, 0.0, 4.052439370305248, 6.61790953700638, 6.730794599451094, 7.72461259934762, 5.756432482883822, 7.200391868502713, 5.957299019690047, 6.317521657264026, 6.700100720138467, 7.618396864170309, 6.778103216977446, 5.499654980087387, 5.413528550769821], [6.666723534840784, 5.689898053568271, 4.400456596763567, 3.5637522164146036, 2.2456622831583557, 1.9256080026838276, 1.0150184530342294, 2.107046439924854, 3.373831711867087, 2.8868676242599003, 2.5344946103710697, 3.139364644318974, 4.144686915799552, 5.366678843567967, 6.476741866092858, 4.3942960175664085, 6.90943000615825, 7.6345706107154445, 6.477685183767423, 6.246335402457989, 5.746823921088935, 4.052439370305248, 0.0, 3.850511172558781, 3.539561321689455, 4.212545750493399, 2.724138737289274, 3.827779723286072, 3.3822798553638345, 2.373437903127023, 2.7741292453669137, 3.588413935152967, 7.369140132335659, 6.569280046550001, 6.687173263793903], [8.711920423190284, 7.302615359581798, 6.4271043020943734, 5.060909944861694, 4.379025087847751, 3.0537796727989397, 2.8666808699260544, 2.2002492608793216, 1.0937643667627868, 2.769295825656768, 3.4642434989474973, 2.479218872951721, 3.617986741269238, 3.861328975883821, 5.280994483049571, 4.818555314614537, 9.07539230997757, 9.44130041784499, 8.88229122749305, 7.395779948727518, 7.141340974214857, 6.61790953700638, 3.850511172558781, 0.0, 1.7665294846109985, 1.7559270400560494, 3.7842144349917595, 3.113378817298017, 2.5816690202270314, 4.341174971133967, 3.7843884340802014, 3.720035593915736, 5.675810446094902, 5.774398010182534, 5.797009488520783], [8.991830573359353, 7.684536720583746, 6.78407941654577, 5.536039448016966, 4.599954471513821, 3.401086416132351, 2.6826059140321004, 2.1853371662057093, 1.0960592730322571, 3.4915479933691302, 2.7908744758587765, 3.3841288066502435, 4.614143361448581, 5.128256044699796, 6.518951531496457, 5.607925218830935, 9.46683739482199, 9.739736036464233, 8.954947086945852, 8.005906351563201, 7.375467617039614, 6.730794599451094, 3.539561321689455, 1.7665294846109985, 0.0, 1.7713638502577607, 4.3400833505821055, 3.8301908177008617, 3.783246887264959, 3.793605560677072, 2.59376399080564, 3.1673803023950247, 7.016427733540765, 7.077286379679714, 6.809818074662495], [10.042916733200569, 8.71682718539263, 7.697508143548793, 6.401392634419482, 5.474506316554947, 4.193559855301936, 3.4263893182182317, 2.182912132908698, 1.0962548517566522, 2.834680020743082, 2.672181612465739, 4.022177891391677, 5.264274743020162, 5.597056948968806, 7.013948167758299, 6.37919478382656, 10.369269267889614, 10.847591324805705, 10.092992056867972, 8.916275885143977, 8.576212256002062, 7.72461259934762, 4.212545750493399, 1.7559270400560494, 1.7713638502577607, 0.0, 3.8385906788820296, 2.665897738098744, 3.2016510334513346, 3.7019237890588723, 2.997770660007199, 2.4607985269013795, 7.388519317833581, 7.444944874879867, 7.546495447557097], [8.156792905915903, 7.117024497639446, 5.773576771811387, 4.8202199763081355, 3.878233800327154, 3.226421996577633, 2.708922545958079, 2.185261142289406, 3.493334713422119, 1.096219184287522, 2.7733038510051506, 3.7243236204712393, 4.689587454137091, 5.546270827321724, 6.6713996867224195, 5.229268944125938, 8.116021741592368, 9.144495797472924, 8.22730947637197, 7.336384835871139, 7.443960302150999, 5.756432482883822, 2.724138737289274, 3.7842144349917595, 4.3400833505821055, 3.8385906788820296, 0.0, 1.7716005729283335, 1.765817878491437, 2.569779255111224, 3.7771038601023403, 3.1471211018961442, 7.373749148838736, 6.537741857094084, 7.279462805729555], [9.559786568747233, 8.374599637594622, 7.1379065873685965, 5.994094004101036, 5.091503041342507, 4.074584279408146, 3.4311501788758823, 2.183227466390069, 2.806072053600905, 1.0959612630015714, 2.70966151760695, 4.14910963460837, 5.243735963985982, 5.765337518307145, 7.027817323323081, 6.123074131512698, 9.604421209005777, 10.48589934912595, 9.678575866830823, 8.505077105470592, 8.573037945209387, 7.200391868502713, 3.827779723286072, 3.113378817298017, 3.8301908177008617, 2.665897738098744, 1.7716005729283335, 0.0, 1.762216527558404, 3.042296857638978, 3.7349030054340098, 2.5092594843897675, 7.521684540048193, 7.060639313829875, 7.7428945782568945], [8.115362252543012, 6.858464816560628, 5.717695443095933, 4.511782341824571, 3.854881716732694, 2.8589250147564207, 2.830416467589178, 2.1957998998087236, 2.7936515029616706, 1.094875673307248, 3.471273741726515, 2.6774330785287614, 3.592857799857935, 4.125276411345063, 5.324069550635116, 4.467613489325146, 8.168754111246097, 8.986615025135995, 8.361839859743787, 6.8776221050592765, 7.091400858786647, 5.957299019690047, 3.3822798553638345, 2.5816690202270314, 3.783246887264959, 3.2016510334513346, 1.765817878491437, 1.762216527558404, 0.0, 3.777331261618446, 4.3422946710236054, 3.751619848811977, 5.881702699899069, 5.3108583986018685, 6.0520089986714325], [8.955503861313444, 8.028504118451954, 6.6885972266238305, 5.844339420328016, 4.563722819146666, 3.957500582438365, 2.672484420908754, 2.1938578486310365, 3.4597652839462967, 2.743600510278419, 1.0965853409561885, 4.831587280594236, 6.035200811074972, 7.040695565780416, 8.294018058818054, 6.538803154247725, 9.100719011704516, 9.955995263658977, 8.725657867461914, 8.538659000100662, 8.119719917583364, 6.317521657264026, 2.373437903127023, 4.341174971133967, 3.793605560677072, 3.7019237890588723, 2.569779255111224, 3.042296857638978, 3.777331261618446, 0.0, 1.765737384210914, 1.7704914148337463, 9.048413560950893, 8.381885950667666, 8.680257294573705], [9.278814401635588, 8.243099531729555, 7.067676597722904, 6.101262817646851, 4.831512787937129, 4.019919652182118, 2.661448675064015, 2.192663706545078, 2.738868629562214, 3.465002526694606, 1.096524536889166, 4.734163383323393, 6.017915655773184, 6.918027928535705, 8.252436873433204, 6.67118834541493, 9.620697869697395, 10.187304182167136, 9.015012996662845, 8.785507773031677, 8.098705467542327, 6.700100720138467, 2.7741292453669137, 3.7843884340802014, 2.59376399080564, 2.997770660007199, 3.7771038601023403, 3.7349030054340098, 4.3422946710236054, 1.765737384210914, 0.0, 1.7724126889638316, 8.940