{"total energy": -43.45971198, "HOMO-LUMO gap/eV": 3.00709616, "electronic energy": -43.9686471, "dipole": [-0.80296695, -0.46019329, 0.04895813], "partial charges": [-0.37962198, 0.27868, -0.17510703, 0.33868072, -0.4205345, -0.17493691, 0.28072806, -0.37761291, -0.01755966, -0.04555478, -0.10724832, -0.05818156, -0.03560293, -0.09045896, 0.23396634, 0.23356617, 0.03743812, 0.05756635, 0.04928214, 0.05160037, 0.05231636, 0.07001878, 0.06350164, 0.04168828, 0.04120893, 0.05217726], "atomic dipole moments": [[-0.06337747, 0.03961999, -0.17270032], [-0.00784824, 0.08313841, -0.02356094], [0.04831422, -0.01328828, -0.05425648], [-0.00724999, -0.08945734, 0.01876905], [-0.01824153, -0.21043415, 0.04230646], [0.05521642, 0.00853177, 0.05246329], [-0.00413521, 0.08859933, -0.01046733], [-0.05391538, 0.10212209, 0.14774768], [-0.01949598, 0.02518723, -0.0016811], [0.12540643, -0.02093418, -0.07474321], [0.03689885, 0.10353793, 0.07654752], [-0.02883641, 0.15429126, -0.01822056], [-0.16146564, -0.0153451, 0.05386729], [0.05179962, -0.00995873, -0.04849305], [0.03239772, 0.09414332, 0.09365377], [0.02698348, 0.05085496, -0.12369038], [-0.08354546, 0.09234848, -0.02252908], [-0.03210098, -0.03056712, 0.1193793], [-0.12410489, -0.02161466, 0.0155727], [0.01505944, 0.02124967, -0.12793912], [0.05706204, -0.11101489, 0.03171878], [-0.015424, -0.0959007, -0.08656954], [-0.02293319, -0.06455687, 0.10799223], [0.062468, 0.06011241, 0.12571361], [0.14536986, 0.03794624, 0.01880903], [-0.04961117, -0.06451604, -0.13083259]], "atomic quadrupole moments": [[0.18669802, 0.03897954, -0.10927243, -0.0827637, -0.03181437, -0.07742559], [0.43553819, 0.09318595, -0.17508406, -0.24698638, -0.07345079, -0.26045412], [0.00329672, -0.01957144, -0.00942963, -0.00562713, -0.10994863, 0.00613291], [0.41936207, -0.0744458, -0.24851221, -0.00626975, 0.0181961, -0.17084987], [0.15996902, -0.02196022, -0.04235766, -0.00544813, -0.01462716, -0.11761136], [0.00333168, -0.01096745, 0.07163918, 0.00874925, 0.08376449, -0.07497086], [0.44688569, 0.17957699, -0.13073598, 0.16609619, 0.01918592, -0.31614971], [0.19336689, 0.06937439, -0.08210922, 0.0477452, 0.03052164, -0.11125767], [-0.06246673, -0.01110917, 0.00430346, -0.00652206, 0.0179188, 0.05816327], [0.14688143, 0.14273439, -0.01379814, 0.00010967, 0.12169897, -0.13308329], [-0.07629968, 0.07904383, 0.08764607, 0.05373789, 0.17870719, -0.01134639], [0.15200306, -0.0996327, 0.03451956, 0.02467567, -0.0360923, -0.18652262], [-0.11880943, -0.06036102, 0.41480226, 0.12940231, -0.3279781, -0.29599283], [-0.28733116, -0.14465722, 0.47959093, 0.10175442, -0.34865903, -0.19225976], [-0.05202916, -0.00437022, 0.02237642, 0.00756089, 0.01495518, 0.02965274], [-0.05290165, -0.00697335, 0.01299132, 0.00033412, -0.0078949, 0.03991033], [-0.01038979, -0.01955791, 0.0417507, 0.02466861, -0.01934787, -0.03136092], [-0.03181668, 0.01899288, -0.01600069, 0.01026643, -0.01906192, 0.04781736], [0.07528791, 0.01046376, -0.0353067, -0.0261484, 0.01068986, -0.03998121], [-0.0418288, 0.01388216, -0.01921954, -0.02518316, -0.02724265, 0.06104834], [-0.00523285, -0.05171784, 0.03035891, 0.02998155, -0.019082, -0.02512606], [-0.00722972, 0.00267132, -0.0176158, 0.01512243, 0.04647362, 0.02484552], [-0.01299221, 0.00836207, -0.03414389, -0.02001482, -0.02774367, 0.0471361], [0.02842714, 0.01485394, -0.0468066, -0.03032739, 0.0334035, 0.01837945], [0.04433373, 0.01813678, -0.05022008, -0.00919567, 0.02848348, 0.00588635], [0.01405184, 0.01555307, -0.0391983, 0.00145406, 0.03717071, 0.02514645]], "number of molecular orbitals": 68, "number of electrons": 76, "number of unpaired electrons": 0, "orbital energies/eV": [-20.63147937, -20.29686339, -20.20972268, -19.79634227, -19.40825873, -18.77960582, -18.26145655, -18.11824623, -17.59538924, -17.23113208, -17.03613482, -16.79531516, -16.71972386, -16.27983303, -16.04594464, -15.68056532, -15.64329583, -15.52405014, -15.32014425, -15.06823403, -14.85979245, -14.66310926, -14.4283222, -14.16123036, -13.84341865, -13.73399479, -13.44037913, -13.10228568, -12.93613488, -12.89952382, -12.77323235, -12.67022905, -12.40263269, -12.25319733, -12.15120523, -11.7741288, -11.66975555, -11.10436653, -8.09727037, -7.19272483, -5.88935078, -5.82765634, -0.42026324, -0.00521206, 0.7052414, 1.31683417, 1.79597852, 2.83593109, 3.08001945, 3.2223693, 3.45712336, 3.62746831, 3.81656082, 4.11127534, 4.19433328, 4.59025015, 5.06596498, 5.50984663, 6.21890837, 6.45373801, 6.78963867, 7.66506612, 10.95626539, 11.37773278, 14.09123074, 14.13444712, 15.17773291, 16.29291692], "fractional occupation": [2.0, 2.0, 2.0, 2.0, 2.0, 2.0, 2.0, 2.0, 2.0, 2.0, 2.0, 2.0, 2.0, 2.0, 2.0, 2.0, 2.0, 2.0, 2.0, 2.0, 2.0, 2.0, 2.0, 2.0, 2.0, 2.0, 2.0, 2.0, 2.0, 2.0, 2.0, 2.0, 2.0, 2.0, 2.0, 2.0, 2.0, 2.0, 0.0, 0.0, 0.0, 0.0, 0.0, 0.0, 0.0, 0.0, 0.0, 0.0, 0.0, 0.0, 0.0, 0.0, 0.0, 0.0, 0.0, 0.0, 0.0, 0.0, 0.0, 0.0, 0.0, 0.0, 0.0, 0.0, 0.0, 0.0, 0.0, 0.0], "program call": "xtb /home/svss/Project-DBcg-Debug/aqme2_20220329/End-to-End-workflows-final/example-3/QDESCP/mol_692_rdkit_conf_6/mol_692_rdkit_conf_6.xyz --pop --wbo --acc 0.2 --gfn 2 --chrg 0 --uhf 0 --etemp 300 --input /home/svss/Project-DBcg-Debug/aqme2_20220329/End-to-End-workflows-final/example-3/QDESCP/mol_692_rdkit_conf_6/mol_692_rdkit_conf_6_xtb.inp", "method": "GFN2-xTB", "xtb version": "6.3.3 (7355c4f)", "Dipole module/D": 2.356, "Total charge": 0, "Transition dipole module/D": NaN, "HOMO": -11.1044, "LUMO": -8.0973, "HOMO occupancy": 2.0, "LUMO occupancy": 0, "mulliken charges": [-0.50918, 0.47428, -0.3249, 0.57466, -0.53631, -0.32522, 0.47448, -0.50835, -0.0517, -0.03134, -0.08421, -0.03302, -0.03229, -0.07153, 0.28079, 0.28037, 0.03126, 0.05077, 0.04102, 0.04721, 0.03959, 0.04905, 0.04954, 0.03876, 0.03522, 0.04104], "cm5 charges": [-0.55402, 0.57314, -0.66787, 0.7426, -0.5732, -0.66826, 0.57366, -0.55421, -0.05336, -0.1341, -0.23395, -0.13043, -0.09446, -0.17302, 0.48349, 0.48324, 0.09104, 0.10813, 0.09185, 0.1016, 0.09175, 0.10909, 0.10776, 0.09684, 0.08751, 0.09517], "FUKUI+": [-0.147, -0.056, -0.035, -0.056, -0.15, -0.035, -0.056, -0.144, -0.004, -0.003, 0.016, 0.016, 0.013, -0.008, -0.049, -0.048, -0.02, -0.035, -0.039, -0.011, -0.026, -0.029, -0.031, -0.01, -0.033, -0.017], "FUKUI-": [-0.081, -0.001, -0.025, -0.002, -0.099, -0.028, -0.005, -0.083, -0.019, 0.011, 0.014, 0.011, -0.044, -0.051, -0.033, -0.033, -0.051, -0.054, -0.043, -0.039, -0.04, -0.043, -0.062, -0.06, -0.075, -0.064], "FUKUIrad": [-0.114, -0.029, -0.03, -0.029, -0.125, -0.031, -0.03, -0.113, -0.012, 0.004, 0.015, 0.013, -0.016, -0.03, -0.041, -0.041, -0.036, -0.045, -0.041, -0.025, -0.033, -0.036, -0.046, -0.035, -0.054, -0.04], "s proportion": [1.73, 1.012, 1.429, 0.937, 1.72, 1.43, 1.012, 1.73, 1.105, 1.039, 1.01, 1.031, 1.071, 1.053, 0.719, 0.72, 0.969, 0.949, 0.959, 0.953, 0.96, 0.951, 0.95, 0.961, 0.965, 0.959], "p proportion": [4.779, 2.513, 3.895, 2.488, 4.816, 3.895, 2.514, 4.779, 2.947, 2.993, 3.075, 3.002, 2.961, 3.019, 0.0, 0.0, 0.0, 0.0, 0.0, 0.0, 0.0, 0.0, 0.0, 0.0, 0.0, 0.0], "d proportion": [0.0, 0.0, 0.0, 0.0, 0.0, 0.0, 0.0, 0.0, 0.0, 0.0, 0.0, 0.0, 0.0, 0.0, 0.0, 0.0, 0.0, 0.0, 0.0, 0.0, 0.0, 0.0, 0.0, 0.0, 0.0, 0.0], "Fermi-level/eV": -9.6008, "Coordination numbers": [0.859, 2.769, 2.696, 2.704, 0.86, 2.697, 2.766, 0.859, 3.902, 3.808, 3.748, 3.806, 2.883, 2.833, 0.86, 0.86, 0.923, 0.923, 0.924, 0.924, 0.924, 0.924, 0.923, 0.925, 0.925, 0.925], "Dispersion coefficient C6": [21.277, 22.285, 24.79, 21.245, 22.094, 24.786, 22.249, 21.238, 20.831, 21.384, 22.618, 21.616, 28.883, 30.26, 0.948, 0.95, 2.483, 2.228, 2.329, 2.3, 2.291, 2.085, 2.159, 2.426, 2.433, 2.293], "Total dispersion C6": 7105.404761, "Total dispersion C8": 161492.276298, "Polarizability alpha": [6.184, 7.731, 7.395, 7.544, 6.302, 7.394, 7.725, 6.179, 6.488, 6.583, 6.783, 6.619, 8.811, 9.014, 1.525, 1.527, 2.464, 2.334, 2.387, 2.372, 2.367, 2.258, 2.298, 2.436, 2.439, 2.368], "Total polarizability alpha": 127.527425, "Wiberg matrix": [[0.0, 1.750782360280964, 0.13477455399727803, 0.0, 0.0, 0.0, 0.0, 0.0, 0.0, 0.0, 0.0, 0.0, 0.0, 0.0, 0.0, 0.0, 0.0, 0.0, 0.0, 0.0, 0.0, 0.0, 0.0, 0.0, 0.0, 0.0], [1.750782360280964, 0.0, 1.141306812862668, 0.0, 0.0, 0.0, 0.0, 0.0, 0.9513271372694554, 0.0, 0.0, 0.0, 0.0, 0.0, 0.0, 0.0, 0.0, 0.0, 0.0, 0.0, 0.0, 0.0, 0.0, 0.0, 0.0, 0.0], [0.13477455399727803, 1.141306812862668, 0.0, 1.1231534762235609, 0.11509090088211313, 0.0, 0.0, 0.0, 0.0, 0.0, 0.0, 0.0, 0.0, 0.0, 0.9087218850543071, 0.0, 0.0, 0.0, 0.0, 0.0, 0.0, 0.0, 0.0, 0.0, 0.0, 0.0], [0.0, 0.0, 1.1231534762235609, 0.0, 1.6536713119185928, 1.124284228181497, 0.0, 0.0, 0.0, 0.0, 0.0, 0.0, 0.0, 0.0, 0.0, 0.0, 0.0, 0.0, 0.0, 0.0, 0.0, 0.0, 0.0, 0.0, 0.0, 0.0], [0.0, 0.0, 0.11509090088211313, 1.6536713119185928, 0.0, 0.11586977132596751, 0.0, 0.0, 0.0, 0.0, 0.0, 0.0, 0.0, 0.0, 0.0, 0.0, 0.0, 0.0, 0.0, 0.0, 0.0, 0.0, 0.0, 0.0, 0.0, 0.0], [0.0, 0.0, 0.0, 1.124284228181497, 0.11586977132596751, 0.0, 1.1380178426615748, 0.13390495686143633, 0.0, 0.0, 0.0, 0.0, 0.0, 0.0, 0.0, 0.908862577316039, 0.0, 0.0, 0.0, 0.0, 0.0, 0.0, 0.0, 0.0, 0.0, 0.0], [0.0, 0.0, 0.0, 0.0, 0.0, 1.1380178426615748, 0.0, 1.7533373101203464, 0.9548505351516775, 0.0, 0.0, 0.0, 0.0, 0.0, 0.0, 0.0, 0.0, 0.0, 0.0, 0.0, 0.0, 0.0, 0.0, 0.0, 0.0, 0.0], [0.0, 0.0, 0.0, 0.0, 0.0, 0.13390495686143633, 1.7533373101203464, 0.0, 0.0, 0.0, 0.0, 0.0, 0.0, 0.0, 0.0, 0.0, 0.0, 0.0, 0.0, 0.0, 0.0, 0.0, 0.0, 0.0, 0.0, 0.0], [0.0, 0.9513271372694554, 0.0, 0.0, 0.0, 0.0, 0.9548505351516775, 0.0, 0.0, 0.9200624407119924, 0.0, 0.9617939165886928, 0.0, 0.0, 0.0, 0.0, 0.0, 0.0, 0.0, 0.0, 0.0, 0.0, 0.0, 0.0, 0.0, 0.0], [0.0, 0.0, 0.0, 0.0, 0.0, 0.0, 0.0, 0.0, 0.9200624407119924, 0.0, 1.0181073118265676, 0.0, 0.0, 0.0, 0.0, 0.0, 0.9762953531995593, 0.9712121330760091, 0.0, 0.0, 0.0, 0.0, 0.0, 0.0, 0.0, 0.0], [0.0, 0.0, 0.0, 0.0, 0.0, 0.0, 0.0, 0.0, 0.0, 1.0181073118265676, 0.0, 0.0, 0.0, 0.0, 0.0, 0.0, 0.0, 0.0, 0.9814315488156147, 0.9855165854514352, 0.9842881190087281, 0.0, 0.0, 0.0, 0.0, 0.0], [0.0, 0.0, 0.0, 0.0, 0.0, 0.0, 0.0, 0.0, 0.9617939165886928, 0.0, 0.0, 0.0, 1.019924221177168, 0.0, 0.0, 0.0, 0.0, 0.0, 0.0, 0.0, 0.0, 0.9667898029791422, 0.9632450793019647, 0.0, 0.0, 0.0], [0.0, 0.0, 0.0, 0.0, 0.0, 0.0, 0.0, 0.0, 0.0, 0.0, 0.0, 1.019924221177168, 0.0, 1.9832444047255675, 0.0, 0.0, 0.0, 0.0, 0.0, 0.0, 0.0, 0.0, 0.0, 0.9671967298912871, 0.0, 0.0], [0.0, 0.0, 0.0, 0.0, 0.0, 0.0, 0.0, 0.0, 0.0, 0.0, 0.0, 0.0, 1.9832444047255675, 0.0, 0.0, 0.0, 0.0, 0.0, 0.0, 0.0, 0.0, 0.0, 0.0, 0.0, 0.9773151956141125, 0.9747018084747262], [0.0, 0.0, 0.9087218850543071, 0.0, 0.0, 0.0, 0.0, 0.0, 0.0, 0.0, 0.0, 0.0, 0.0, 0.0, 0.0, 0.0, 0.0, 0.0, 0.0, 0.0, 0.0, 0.0, 0.0, 0.0, 0.0, 0.0], [0.0, 0.0, 0.0, 0.0, 0.0, 0.908862577316039, 0.0, 0.0, 0.0, 0.0, 0.0, 0.0, 0.0, 0.0, 0.0, 0.0, 0.0, 0.0, 0.0, 0.0, 0.0, 0.0, 0.0, 0.0, 0.0, 0.0], [0.0, 0.0, 0.0, 0.0, 0.0, 0.0, 0.0, 0.0, 0.0, 0.9762953531995593, 0.0, 0.0, 0.0, 0.0, 0.0, 0.0, 0.0, 0.0, 0.0, 0.0, 0.0, 0.0, 0.0, 0.0, 0.0, 0.0], [0.0, 0.0, 0.0, 0.0, 0.0, 0.0, 0.0, 0.0, 0.0, 0.9712121330760091, 0.0, 0.0, 0.0, 0.0, 0.0, 0.0, 0.0, 0.0, 0.0, 0.0, 0.0, 0.0, 0.0, 0.0, 0.0, 0.0], [0.0, 0.0, 0.0, 0.0, 0.0, 0.0, 0.0, 0.0, 0.0, 0.0, 0.9814315488156147, 0.0, 0.0, 0.0, 0.0, 0.0, 0.0, 0.0, 0.0, 0.0, 0.0, 0.0, 0.0, 0.0, 0.0, 0.0], [0.0, 0.0, 0.0, 0.0, 0.0, 0.0, 0.0, 0.0, 0.0, 0.0, 0.9855165854514352, 0.0, 0.0, 0.0, 0.0, 0.0, 0.0, 0.0, 0.0, 0.0, 0.0, 0.0, 0.0, 0.0, 0.0, 0.0], [0.0, 0.0, 0.0, 0.0, 0.0, 0.0, 0.0, 0.0, 0.0, 0.0, 0.9842881190087281, 0.0, 0.0, 0.0, 0.0, 0.0, 0.0, 0.0, 0.0, 0.0, 0.0, 0.0, 0.0, 0.0, 0.0, 0.0], [0.0, 0.0, 0.0, 0.0, 0.0, 0.0, 0.0, 0.0, 0.0, 0.0, 0.0, 0.9667898029791422, 0.0, 0.0, 0.0, 0.0, 0.0, 0.0, 0.0, 0.0, 0.0, 0.0, 0.0, 0.0, 0.0, 0.0], [0.0, 0.0, 0.0, 0.0, 0.0, 0.0, 0.0, 0.0, 0.0, 0.0, 0.0, 0.9632450793019647, 0.0, 0.0, 0.0, 0.0, 0.0, 0.0, 0.0, 0.0, 0.0, 0.0, 0.0, 0.0, 0.0, 0.0], [0.0, 0.0, 0.0, 0.0, 0.0, 0.0, 0.0, 0.0, 0.0, 0.0, 0.0, 0.0, 0.9671967298912871, 0.0, 0.0, 0.0, 0.0, 0.0, 0.0, 0.0, 0.0, 0.0, 0.0, 0.0, 0.0, 0.0], [0.0, 0.0, 0.0, 0.0, 0.0, 0.0, 0.0, 0.0, 0.0, 0.0, 0.0, 0.0, 0.0, 0.9773151956141125, 0.0, 0.0, 0.0, 0.0, 0.0, 0.0, 0.0, 0.0, 0.0, 0.0, 0.0, 0.0], [0.0, 0.0, 0.0, 0.0, 0.0, 0.0, 0.0, 0.0, 0.0, 0.0, 0.0, 0.0, 0.0, 0.9747018084747262, 0.0, 0.0, 0.0, 0.0, 0.0, 0.0, 0.0, 0.0, 0.0, 0.0, 0.0, 0.0]], "Born radii": [], "Atomic SASAs": [], "Solvent H bonds": [], "Total SASA": NaN, "Total FOD": 0.0, "FOD": [0.0, 0.0, 0.0, 0.0, 0.0, 0.0, 0.0, 0.0, 0.0, 0.0, 0.0, 0.0, 0.0, 0.0, 0.0, 0.0, 0.0, 0.0, 0.0, 0.0, 0.0, 0.0, 0.0, 0.0, 0.0, 0.0], "FOD s proportion": [0.0, 0.0, 0.0, 0.0, 0.0, 0.0, 0.0, 0.0, 0.0, 0.0, 0.0, 0.0, 0.0, 0.0, 0.0, 0.0, 0.0, 0.0, 0.0, 0.0, 0.0, 0.0, 0.0, 0.0, 0.0, 0.0], "FOD p proportion": [0.0, 0.0, 0.0, 0.0, 0.0, 0.0, 0.0, 0.0, 0.0, 0.0, 0.0, 0.0, 0.0, 0.0, 0.0, 0.0, 0.0, 0.0, 0.0, 0.0, 0.0, 0.0, 0.0, 0.0, 0.0, 0.0], "FOD d proportion": [0.0, 0.0, 0.0, 0.0, 0.0, 0.0, 0.0, 0.0, 0.0, 0.0, 0.0, 0.0, 0.0, 0.0, 0.0, 0.0, 0.0, 0.0, 0.0, 0.0, 0.0, 0.0, 0.0, 0.0, 0.0, 0.0], "coordinates": [["0.40410", "0.76850", "2.46270"], ["0.01510", "1.01600", "1.32300"], ["-0.30820", "2.29940", "0.97880"], ["-0.32460", "2.77030", "-0.29580"], ["-0.21600", "3.96790", "-0.53710"], ["-0.38700", "1.84830", "-1.29180"], ["-0.05220", "0.53090", "-1.13960"], ["0.29370", "-0.12620", "-2.11910"], ["-0.22730", "-0.04650", "0.25850"], ["-1.72210", "-0.45670", "0.42200"], ["-2.18560", "-1.62480", "-0.44160"], ["0.71540", "-1.25430", "0.47310"], ["2.18580", "-0.90910", "0.50890"], ["3.04120", "-1.16340", "-0.48900"], ["-0.13200", "2.99700", "1.68950"], ["-0.25610", "2.22050", "-2.22300"], ["-2.37210", "0.40120", "0.20300"], ["-1.91550", "-0.71570", "1.47190"], ["-3.25720", "-1.79340", "-0.29080"], ["-2.02860", "-1.42880", "-1.50590"], ["-1.67050", "-2.55220", "-0.17550"], ["0.55230", "-2.00630", "-0.30960"], ["0.47360", "-1.75250", "1.42140"], ["2.56630", "-0.45560", "1.42370"], ["4.09340", "-0.91070", "-0.39990"], ["2.71420", "-1.62390", "-1.41750"]], "bond_dist": [[0.0, 1.229428054015362, 2.2478846300466575, 3.485330569687759, 4.429388717419143, 3.9859851354464433, 3.6388499199609754, 4.6696431865828885, 2.433390350930158, 3.1915980276344325, 4.568302690277868, 2.854318778623018, 3.131474267816997, 4.404437184249537, 2.4189778213121342, 4.94974267310938, 3.598394061244544, 2.9266155265083933, 5.248829540954821, 5.147420960053685, 4.721346512383941, 3.9251911507594124, 2.728475204212052, 2.693148835471222, 4.962370994796741, 5.110390573136264], [1.229428054015362, 0.0, 1.367520416666603, 2.4111155136160525, 3.496726015861123, 2.773371006555019, 2.5108265690803897, 3.637346726667668, 1.5234251737450055, 2.4491856054615377, 3.8640287641268922, 2.5232939166890564, 3.013421196912241, 4.146131880439888, 2.019980608817817, 3.754795026362957, 2.707600945486613, 2.597724477307014, 4.604891539439339, 4.261036486583985, 4.221232148318783, 3.4768180697298496, 2.8079346609207274, 2.946925260334914, 4.82836288922032, 4.665249518514524], [2.2478846300466575, 1.367520416666603, 0.0, 1.358904312304586, 2.2561794919731013, 2.3163171220711556, 2.7714160297580728, 3.9803019207090307, 2.4553255812620858, 3.1472570057114813, 4.576189742569685, 3.7325960322542273, 4.090881843808251, 5.036258635137794, 1.0113291699540756, 3.203195726146, 2.909417826645049, 3.452157138659826, 5.2018743737233795, 4.799269266252937, 5.169747802359415, 4.575968454873788, 4.1503011469048845, 4.006333892725368, 5.619576341682707, 5.5017668380257625], [3.485330569687759, 2.4111155136160525, 1.358904312304586, 0.0, 1.2264849815631662, 1.3586735295868542, 2.4085498873803717, 3.477992241221938, 2.8724689763337743, 3.589118567280831, 4.775089805438219, 4.2273173964111095, 4.526326834200111, 5.180726934514113, 2.007462014584585, 2.0052611126733595, 3.1707558247206613, 4.219943376397366, 5.424714319666982, 4.6904582739856036, 5.491350029819626, 4.856444338196414, 4.903225358883681, 4.660516481035123, 5.751462580074741, 5.45907592638168], [4.429388717419143, 3.496726015861123, 2.2561794919731013, 1.2264849815631662, 0.0, 2.256439064100779, 3.493251449581035, 4.41861662740727, 4.092494888206948, 4.771299108209419, 5.93015494738544, 5.399942855253192, 5.536053489625981, 6.077985286260572, 2.430524710839205, 2.428430270771636, 4.232949811892412, 5.3721960323502715, 6.51936644314461, 5.774812818611527, 6.69014415539755, 6.027694980670471, 6.085576929922092, 5.581512535146724, 6.510797966455418, 6.374119816884525], [3.9859851354464433, 2.773371006555019, 2.3163171220711556, 1.3586735295868542, 2.256439064100779, 0.0, 1.3677714136506876, 2.246425611944451, 2.4534060446652526, 3.167432311826095, 4.002527402779399, 3.735811093992843, 4.1791237227438005, 4.6332904042375755, 3.205103177746389, 1.011336289272762, 2.8756125364867917, 4.067978114493735, 4.7436302480273485, 3.6715219977551543, 4.717827698210268, 4.087168028109439, 4.589972466148353, 4.626432356578879, 5.336810917579898, 4.657189578490445], [3.6388499199609754, 2.5108265690803897, 2.7714160297580728, 2.4085498873803717, 3.493251449581035, 1.3677714136506876, 0.0, 1.2291653550275488, 1.5227391043773717, 2.4904847580340657, 3.112176416914697, 2.525262380427032, 3.1304626255555266, 3.586510338755487, 3.7539078385064277, 2.0174436621625893, 2.6835299253036102, 3.441777258917259, 4.049056301164508, 2.8072685550192737, 3.613016649560309, 2.7370977494419155, 3.471181671995864, 3.79476368038907, 4.450996069420866, 3.517578770973011], [4.6696431865828885, 3.637346726667668, 3.9803019207090307, 3.477992241221938, 4.41861662740727, 2.246425611944451, 1.2291653550275488, 0.0, 2.435318223559295, 3.2603480028978504, 3.3476464419051184, 2.8583109243047717, 3.3315700232773136, 3.3588340387700018, 4.943787282033886, 2.412483396834059, 3.574463429663255, 4.257153496175584, 4.327947266314598, 2.732372282468112, 3.6771100880990772, 2.6222014072149373, 3.9003020331764047, 4.221924556407894, 4.243678708384978, 2.931581160397917], [2.433390350930158, 1.5234251737450055, 2.4553255812620858, 2.8724689763337743, 4.092494888206948, 2.4534060446652526, 1.5227391043773717, 2.435318223559295, 0.0, 1.5586607488481898, 2.6107680459971925, 1.5470996380324056, 2.574845729359334, 3.5340223697650814, 3.3644814370122473, 3.3612439200391275, 2.1917304989437, 2.184075877802784, 3.540294353581352, 2.875507318717864, 2.923989522895046, 2.184337384654669, 2.180374559565397, 3.0543828852977812, 4.455197042780487, 3.734914859806044], [3.1915980276344325, 2.4491856054615377, 3.1472570057114813, 3.589118567280831, 4.771299108209419, 3.167432311826095, 2.4904847580340657, 3.2603480028978504, 1.5586607488481898, 0.0, 1.5248261605835596, 2.5651867807237743, 3.9349586757677644, 4.900854290835426, 4.007869502616072, 4.038883613079238, 1.0983867306190476, 1.0985329171217402, 2.1567064566138807, 2.1807611217187453, 2.179630487032148, 2.8476997875478376, 2.7384295663755895, 4.403836811236311, 5.890812835254572, 4.942355084370203], [4.568302690277868, 3.8640287641268922, 4.576189742569685, 4.775089805438219, 5.93015494738544, 4.002527402779399, 3.112176416914697, 3.3476464419051184, 2.6107680459971925, 1.5248261605835596, 0.0, 3.064269462694167, 4.530432065487793, 5.247339798412144, 5.488159564917916, 4.65646736271178, 2.1342369620077335, 2.1356261540822166, 1.095213750826751, 1.0935261725262913, 1.0937129330861914, 2.767501158084672, 3.2493723901701386, 5.237072306164963, 6.319613809403229, 4.9960405983138285], [2.854318778623018, 2.5232939166890564, 3.7325960322542273, 4.2273173964111095, 5.399942855253192, 3.735811093992843, 2.525262380427032, 2.8583109243047717, 1.5470996380324056, 2.5651867807237743, 3.064269462694167, 0.0, 1.5108013899914179, 2.518579929245844, 4.5023624254384496, 4.504109512434173, 3.513728861195753, 2.865192176800712, 4.0811423376304825, 3.3876875962815696, 2.792444302040777, 1.0975996082360817, 1.0981545291988737, 2.2287648731977088, 3.505862798228134, 2.775999632564817], [3.131474267816997, 3.013421196912241, 4.090881843808251, 4.526326834200111, 5.536053489625981, 4.1791237227438005, 3.1304626255555266, 3.3315700232773136, 2.574845729359334, 3.9349586757677644, 4.530432065487793, 1.5108013899914179, 0.0, 1.3387240417651427, 4.692934093933133, 4.8187705257669196, 4.752358710156463, 4.217278061736029, 5.572051290144411, 4.700071753707596, 4.247261548339118, 2.1312232027640836, 2.115563435588732, 1.0896336723871927, 2.1130210032084396, 2.121594343883863], [4.404437184249537, 4.146131880439888, 5.036258635137794, 5.180726934514113, 6.077985286260572, 4.6332904042375755, 3.586510338755487, 3.3588340387700018, 3.5340223697650814, 4.900854290835426, 5.247339798412144, 2.518579929245844, 1.3387240417651427, 0.0, 5.66780280620277, 5.0328642441456735, 5.677204774358593, 5.349246581529028, 6.332931848677989, 5.177585809042666, 4.922109769194507, 2.6338731898100183, 3.2541107433521677, 2.094022955939118, 1.0857812578968196, 1.0867849373266083], [2.4189778213121342, 2.019980608817817, 1.0113291699540756, 2.007462014584585, 2.430524710839205, 3.205103177746389, 3.7539078385064277, 4.943787282033886, 3.3644814370122473, 4.007869502616072, 5.488159564917916, 4.5023624254384496, 4.692934093933133, 5.66780280620277, 0.0, 3.9907404463332363, 3.737098861416433, 4.124604623476049, 6.052800615417627, 5.778873450768757, 6.0530015603830805, 5.43117650145896, 4.795454016044778, 4.389979417947195, 6.1228846804427075, 6.253560605766926], [4.94974267310938, 3.754795026362957, 3.203195726146, 2.0052611126733595, 2.428430270771636, 1.011336289272762, 2.0174436621625893, 2.412483396834059, 3.3612439200391275, 4.038883613079238, 4.65646736271178, 4.504109512434173, 4.8187705257669196, 5.0328642441456735, 3.9907404463332363, 0.0, 3.6976728478868974, 5.002715743473738, 5.371349109860575, 4.11987610857414, 5.382513251260976, 4.7096123364880045, 5.440481821493386, 5.3315920567875414, 5.660941379311395, 4.924522687530234], [3.598394061244544, 2.707600945486613, 2.909417826645049, 3.1707558247206613, 4.232949811892412, 2.8756125364867917, 2.6835299253036102, 3.574463429663255, 2.1917304989437, 1.0983867306190476, 2.1342369620077335, 3.513728861195753, 4.752358710156463, 5.677204774358593, 3.737098861416433, 3.6976728478868974, 0.0, 1.7510158137492648, 2.4173352291314503, 2.5272972638769664, 3.059097312933997, 3.822424671592627, 3.771064934471428, 5.158682902640944, 6.624746053246117, 5.7094218577715905], [2.9266155265083933, 2.597724477307014, 3.452157138659826, 4.219943376397366, 5.3721960323502715, 4.067978114493735, 3.441777258917259, 4.257153496175584, 2.184075877802784, 1.0985329171217402, 2.1356261540822166, 2.865192176800712, 4.217278061736029, 5.349246581529028, 4.124604623476049, 5.002715743473738, 1.7510158137492648, 0.0, 2.4634746741137814, 3.0640816013938013, 2.4792506952706495, 3.305968458712212, 2.60486147424388, 4.489599814014608, 6.296708620382557, 5.53241192338387], [5.248829540954821, 4.604891539439339, 5.2018743737233795, 5.424714319666982, 6.51936644314461, 4.7436302480273485, 4.049056301164508, 4.327947266314598, 3.540294353581352, 2.1567064566138807, 1.095213750826751, 4.0811423376304825, 5.572051290144411, 6.332931848677989, 6.052800615417627, 5.371349109860575, 2.4173352291314503, 2.4634746741137814, 0.0, 1.7660291985128673, 1.7625800464092405, 3.8154908072225777, 4.105139497020778, 6.216298845776319, 7.404213831326052, 6.079128317448152], [5.147420960053685, 4.261036486583985, 4.799269266252937, 4.6904582739856036, 5.774812818611527, 3.6715219977551543, 2.8072685550192737, 2.732372282468112, 2.875507318717864, 2.1807611217187453, 1.0935261725262913, 3.3876875962815696, 4.700071753707596, 5.177585809042666, 5.778873450768757, 4.11987610857414, 2.5272972638769664, 3.0640816013938013, 1.7660291985128673, 0.0, 1.7777028238713015, 2.9027030075431415, 3.8645661878146167, 5.535592146283901, 6.2426394746132825, 4.747634190836527], [4.721346512383941, 4.221232148318783, 5.169747802359415, 5.491350029819626, 6.69014415539755, 4.717827698210268, 3.613016649560309, 3.6771100880990772, 2.923989522895046, 2.179630487032148, 1.0937129330861914, 2.792444302040777, 4.247261548339118, 4.922109769194507, 6.0530015603830805, 5.382513251260976, 3.059097312933997, 2.4792506952706495, 1.7625800464092405, 1.7777028238713015, 0.0, 2.292777673478177, 2.790479261703982, 4.990355342057318, 5.99728445381741, 4.650795521198497], [3.9251911507594124, 3.4768180697298496, 4.575968454873788, 4.856444338196414, 6.027694980670471, 4.087168028109439, 2.7370977494419155, 2.6222014072149373, 2.184337384654669, 2.8476997875478376, 2.767501158084672, 1.0975996082360817, 2.1312232027640836, 2.6338731898100183, 5.43117650145896, 4.7096123364880045, 3.822424671592627, 3.305968458712212, 3.8154908072225777, 2.9027030075431415, 2.292777673478177, 0.0, 1.751276428779877, 3.07655576578745, 3.707813730488629, 2.4591632276040563], [2.728475204212052, 2.8079346609207274, 4.1503011469048845, 4.903225358883681, 6.085576929922092, 4.589972466148353, 3.471181671995864, 3.9003020331764047, 2.180374559565397, 2.7384295663755895, 3.2493723901701386, 1.0981545291988737, 2.115563435588732, 3.2541107433521677, 4.795454016044778, 5.440481821493386, 3.771064934471428, 2.60486147424388, 4.105139497020778, 3.8645661878146167, 2.790479261703982, 1.751276428779877, 0.0, 2.4619805421651892, 4.138684932439289, 3.618864397846374], [2.693148835471222, 2.946925260334914, 4.006333892725368, 4.660516481035123, 5.581512535146724, 4.626432356578879, 3.79476368038907, 4.221924556407894, 3.0543828852977812, 4.403836811236311, 5.237072306164963, 2.2287648731977088, 1.0896336723871927, 2.094022955939118, 4.389979417947195, 5.3315920567875414, 5.158682902640944, 4.489599814014608, 6.216298845776319, 5.535592146283901, 4.990355342057318, 3.07655576578745, 2.4619805421651892, 0.0, 2.4217075339520253, 3.075583967314175], [4.962370994796741, 4.82836288922032, 5.619576341682707, 5.751462580074741, 6.510797966455418, 5.336810917579898, 4.450996069420866, 4.243678708384978, 4.455197042780487, 5.890812835254572, 6.319613809403229, 3.505862798228134, 2.1130210032084396, 1.0857812578968196, 6.1228846804427075, 5.660941379311395, 6.624746053246117, 6.296708620382557, 7.404213831326052, 6.2426394746132825, 5.99728445381741, 3.707813730488629, 4.138684932439289, 2.4217075339520253, 0.0, 1.8564365434886267], [5.110390573136264, 4.665249518514524, 5.5017668380257625, 5.45907592638168, 6.374119816884525, 4.657189578490445, 3.517578770973011, 2.931581160397917, 3.734914859806044, 4.942355084370203, 4.9960405983138285, 2.775999632564817, 2.121594343883863, 1.0867849373266083, 6.253560605766926, 4.924522687530234, 5.7094218577715905, 5.53241192338387, 6.079128317448152, 4.747634190836527, 4.650795521198497, 2.4591632276040563, 3.618864397846374, 3.075583967314175, 1.8564365434886267, 0.0]]}