{"total energy": -32.51698593, "HOMO-LUMO gap/eV": 3.847108, "electronic energy": -32.95034507, "dipole": [0.76054633, -0.0995655, 1.02687939], "partial charges": [-0.09987559, -0.0516825, -0.05981137, -0.05702013, -0.0568768, -0.05289459, -0.08351143, 0.2349895, -0.36462978, -0.13630514, 0.03212099, 0.03353498, 0.02992898, 0.02636984, 0.02701051, 0.03293024, 0.03669963, 0.02804293, 0.02633906, 0.02286254, 0.04190615, 0.05233048, 0.03061283, 0.05324547, 0.0588799, 0.06835463, 0.06268874, 0.06375994], "atomic dipole moments": [[0.05438131, -0.0555539, 0.06447334], [0.04309377, 0.0681666, -0.07361349], [-0.04351426, -0.07036097, 0.07950369], [0.04723904, 0.06091421, -0.07664135], [-0.05922771, 0.09219721, 0.04051774], [0.08918502, -0.08857709, -0.02577785], [-0.05389065, 8.205e-05, -0.06701439], [-0.00649764, -0.00392473, -0.0148004], [0.09834254, -0.01515955, 0.12905736], [-0.07401457, 0.01156936, 0.02534988], [0.02058828, 0.12306984, 0.01661998], [0.02593513, -0.02872238, -0.12015137], [-0.12117435, -0.0207373, 0.01839855], [-0.0350142, 0.02805008, 0.11453537], [-0.03021986, -0.11820987, -0.01694572], [0.02453253, 0.12119729, 0.01511367], [0.03231695, -0.02707248, -0.11848197], [-0.03061522, -0.11744473, -0.00928698], [-0.02808634, 0.02881967, 0.11658612], [0.05045083, -0.08347725, 0.06984973], [0.02797521, -0.03874468, -0.11847315], [-0.05283446, 0.08985314, -0.07677446], [-0.02992341, 0.03342233, 0.11250137], [0.04999282, -0.10012977, 0.06749826], [0.03749836, 0.11224982, 0.05475511], [0.02930131, -0.00414031, -0.12991512], [0.03558475, -0.11877523, 0.05238173], [0.06452083, 0.10646281, 0.05322041]], "atomic quadrupole moments": [[-0.00039691, -0.10196746, -0.01658866, 0.11908123, -0.12888736, 0.01698557], [0.18398841, -0.05226419, -0.10801793, 0.07392925, -0.14067915, -0.07597048], [0.19853727, -0.03866001, -0.11490518, 0.06656836, -0.14679899, -0.08363209], [0.19436937, -0.06449987, -0.11233037, 0.0491445, -0.12008455, -0.082039], [0.14916231, 0.10706839, 0.06106222, -0.02247245, 0.04667857, -0.21022454], [0.18294076, 0.09702121, 0.0265806, -0.01254108, 0.07316039, -0.20952136], [0.14243854, 0.00190409, -0.21890797, -0.06922537, 0.01799844, 0.07646942], [-0.28118558, 0.12192716, 0.61306092, -0.00904923, 0.02443293, -0.33187534], [-0.12349753, 0.05457304, 0.26469791, 0.00170026, 0.0115151, -0.14120038], [0.22105681, -0.04724328, -0.13234886, -0.00182469, -0.00271494, -0.08870795], [-0.03785495, 0.02694409, 0.06962446, 0.0172811, 0.01946469, -0.03176951], [-0.03426653, -0.02129226, -0.02780254, -0.0293631, 0.02786195, 0.06206907], [0.07496895, 0.0217288, -0.038532, -0.01906321, -0.01759112, -0.03643695], [-0.01762186, -0.01160241, -0.02791632, -0.01101903, 0.02746196, 0.04553818], [-0.018666, 0.00889226, 0.05089897, 0.01013269, 0.01978365, -0.03223297], [-0.01777542, 0.01476873, 0.04738849, 0.01022889, 0.02094045, -0.02961308], [-0.01741196, -0.01101615, -0.02466551, -0.01452295, 0.02846982, 0.04207747], [-0.01035865, 0.01671178, 0.04948119, 0.01571424, 0.01737226, -0.03912255], [-0.02069209, -0.0168562, -0.02246387, -0.0086151, 0.03335401, 0.04315595], [-0.00412911, -0.01190507, 0.00305998, 0.03433592, -0.04185543, 0.00106912], [-0.02285326, 0.01129433, -0.02933876, -0.01583453, 0.00957592, 0.05219202], [-0.01243424, -0.00855474, 0.00191244, 0.02518391, -0.03752485, 0.01052179], [-0.02039378, 0.0132199, -0.03125973, -0.02300345, 0.01972197, 0.05165351], [0.00521656, -0.0300732, 0.01472404, 0.00235854, -0.050199, -0.0199406], [0.00306935, 0.02955555, 0.03353431, -0.00110498, 0.04415233, -0.03660365], [-0.02557712, -0.00330651, -0.04871942, -0.02033808, 0.00147083, 0.07429654], [-0.03585606, -0.03509276, 0.04107685, 0.00553189, -0.05528311, -0.00522079], [-0.01455716, 0.04779918, 0.02068827, 0.02037192, 0.05193488, -0.00613111]], "number of molecular orbitals": 58, "number of electrons": 60, "number of unpaired electrons": 0, "orbital energies/eV": [-19.07802417, -17.41726676, -17.08113073, -16.78965345, -16.54738657, -16.08344869, -15.69980792, -15.32710937, -15.07579382, -14.93414303, -14.6869043, -14.60596732, -14.06903074, -13.87091667, -13.61338558, -13.47955826, -13.31565282, -13.0159962, -13.00181109, -12.7843098, -12.72378905, -12.57601379, -12.22198291, -12.03001764, -11.88472365, -11.58082662, -11.46552974, -11.3228577, -11.21479388, -10.71751259, -6.87040459, 1.43342986, 1.82523344, 2.2987357, 3.10349462, 3.18209754, 3.3851429, 3.53930136, 3.81348994, 4.23332712, 4.29892674, 4.46552735, 4.61023969, 4.67119305, 4.88774864, 5.10822731, 5.40253982, 5.67346347, 5.74736352, 6.2232828, 6.54537599, 6.92401679, 7.30711571, 7.40480396, 7.47191472, 8.24744034, 8.55296482, 15.1772083], "fractional occupation": [2.0, 2.0, 2.0, 2.0, 2.0, 2.0, 2.0, 2.0, 2.0, 2.0, 2.0, 2.0, 2.0, 2.0, 2.0, 2.0, 2.0, 2.0, 2.0, 2.0, 2.0, 2.0, 2.0, 2.0, 2.0, 2.0, 2.0, 2.0, 2.0, 2.0, 0.0, 0.0, 0.0, 0.0, 0.0, 0.0, 0.0, 0.0, 0.0, 0.0, 0.0, 0.0, 0.0, 0.0, 0.0, 0.0, 0.0, 0.0, 0.0, 0.0, 0.0, 0.0, 0.0, 0.0, 0.0, 0.0, 0.0, 0.0], "program call": "xtb /home/svss/Project-DBcg-Debug/aqme2_20220329/End-to-End-workflows-final/example-3/QDESCP/mol_949_rdkit_conf_11/mol_949_rdkit_conf_11.xyz --pop --wbo --acc 0.2 --gfn 2 --chrg 0 --uhf 0 --etemp 300 --input /home/svss/Project-DBcg-Debug/aqme2_20220329/End-to-End-workflows-final/example-3/QDESCP/mol_949_rdkit_conf_11/mol_949_rdkit_conf_11_xtb.inp", "method": "GFN2-xTB", "xtb version": "6.3.3 (7355c4f)", "Dipole module/D": 3.258, "Total charge": 0, "Transition dipole module/D": NaN, "HOMO": -10.7175, "LUMO": -6.8704, "HOMO occupancy": 2.0, "LUMO occupancy": 0, "mulliken charges": [-0.08323, -0.03871, -0.04794, -0.04495, -0.04692, -0.03371, -0.08484, 0.3978, -0.49381, -0.12674, 0.02674, 0.02812, 0.0268, 0.02011, 0.02115, 0.02417, 0.02973, 0.02405, 0.01985, 0.01794, 0.03783, 0.04254, 0.02271, 0.04053, 0.05125, 0.06419, 0.05193, 0.05339], "cm5 charges": [-0.23358, -0.15131, -0.15874, -0.15553, -0.15677, -0.14233, -0.18708, 0.4129, -0.54573, -0.2685, 0.07803, 0.0794, 0.07759, 0.07482, 0.07585, 0.08017, 0.08526, 0.07898, 0.07507, 0.07304, 0.09581, 0.1012, 0.07783, 0.09699, 0.1073, 0.11886, 0.1045, 0.10598], "FUKUI+": [0.005, 0.003, 0.002, 0.008, 0.007, 0.021, 0.03, -0.195, -0.297, 0.051, -0.003, -0.003, -0.014, -0.009, -0.01, 0.003, 0.003, -0.023, -0.018, -0.016, 0.012, -0.021, -0.054, -0.092, -0.097, -0.077, -0.107, -0.108], "FUKUI-": [0.019, 0.009, 0.01, 0.013, 0.01, 0.01, -0.003, -0.025, -0.12, 0.002, -0.052, -0.055, -0.043, -0.075, -0.079, -0.061, -0.057, -0.048, -0.044, -0.043, -0.036, -0.029, -0.06, -0.048, -0.052, -0.043, -0.049, -0.051], "FUKUIrad": [0.012, 0.006, 0.006, 0.011, 0.009, 0.015, 0.013, -0.11, -0.209, 0.027, -0.028, -0.029, -0.028, -0.042, -0.044, -0.029, -0.027, -0.035, -0.031, -0.029, -0.012, -0.025, -0.057, -0.07, -0.075, -0.06, -0.078, -0.079], "s proportion": [1.007, 1.027, 1.032, 1.032, 1.032, 1.028, 1.042, 1.076, 1.739, 1.022, 0.973, 0.972, 0.973, 0.98, 0.979, 0.976, 0.97, 0.976, 0.98, 0.982, 0.962, 0.957, 0.977, 0.959, 0.949, 0.936, 0.948, 0.947], "p proportion": [3.076, 3.011, 3.016, 3.013, 3.015, 3.006, 3.043, 2.527, 4.754, 3.105, 0.0, 0.0, 0.0, 0.0, 0.0, 0.0, 0.0, 0.0, 0.0, 0.0, 0.0, 0.0, 0.0, 0.0, 0.0, 0.0, 0.0, 0.0], "d proportion": [0.0, 0.0, 0.0, 0.0, 0.0, 0.0, 0.0, 0.0, 0.0, 0.0, 0.0, 0.0, 0.0, 0.0, 0.0, 0.0, 0.0, 0.0, 0.0, 0.0, 0.0, 0.0, 0.0, 0.0, 0.0, 0.0, 0.0, 0.0], "Fermi-level/eV": -8.794, "Coordination numbers": [3.75, 3.8, 3.801, 3.8, 3.8, 3.8, 3.801, 2.809, 0.857, 3.751, 0.924, 0.924, 0.924, 0.924, 0.924, 0.924, 0.924, 0.924, 0.924, 0.924, 0.924, 0.924, 0.924, 0.924, 0.924, 0.924, 0.924, 0.924], "Dispersion coefficient C6": [22.471, 21.502, 21.651, 21.6, 21.598, 21.525, 22.093, 23.085, 20.987, 23.186, 2.557, 2.537, 2.588, 2.639, 2.629, 2.545, 2.493, 2.615, 2.639, 2.69, 2.424, 2.291, 2.578, 2.28, 2.212, 2.104, 2.168, 2.156], "Total dispersion C6": 5607.586749, "Total dispersion C8": 119224.418627, "Polarizability alpha": [6.76, 6.602, 6.625, 6.617, 6.617, 6.606, 6.692, 7.872, 6.142, 6.867, 2.5, 2.491, 2.516, 2.54, 2.536, 2.495, 2.469, 2.529, 2.541, 2.565, 2.435, 2.367, 2.511, 2.361, 2.326, 2.268, 2.303, 2.296], "Total polarizability alpha": 111.448497, "Wiberg matrix": [[0.0, 1.020147890605599, 0.0, 0.0, 0.0, 0.0, 0.0, 0.0, 0.0, 0.0, 0.9877118856324069, 0.9876500358292868, 0.9874781496681146, 0.0, 0.0, 0.0, 0.0, 0.0, 0.0, 0.0, 0.0, 0.0, 0.0, 0.0, 0.0, 0.0, 0.0, 0.0], [1.020147890605599, 0.0, 1.0075122733594735, 0.0, 0.0, 0.0, 0.0, 0.0, 0.0, 0.0, 0.0, 0.0, 0.0, 0.9782876079875507, 0.9780617604896302, 0.0, 0.0, 0.0, 0.0, 0.0, 0.0, 0.0, 0.0, 0.0, 0.0, 0.0, 0.0, 0.0], [0.0, 1.0075122733594735, 0.0, 1.0082649403142903, 0.0, 0.0, 0.0, 0.0, 0.0, 0.0, 0.0, 0.0, 0.0, 0.0, 0.0, 0.975224669035461, 0.9766708711868839, 0.0, 0.0, 0.0, 0.0, 0.0, 0.0, 0.0, 0.0, 0.0, 0.0, 0.0], [0.0, 0.0, 1.0082649403142903, 0.0, 1.00644252490551, 0.0, 0.0, 0.0, 0.0, 0.0, 0.0, 0.0, 0.0, 0.0, 0.0, 0.0, 0.0, 0.9769629423589054, 0.9773372382959562, 0.0, 0.0, 0.0, 0.0, 0.0, 0.0, 0.0, 0.0, 0.0], [0.0, 0.0, 0.0, 1.00644252490551, 0.0, 1.0087512173826192, 0.0, 0.0, 0.0, 0.0, 0.0, 0.0, 0.0, 0.0, 0.0, 0.0, 0.0, 0.0, 0.0, 0.977040769406349, 0.9763327443584262, 0.0, 0.0, 0.0, 0.0, 0.0, 0.0, 0.0], [0.0, 0.0, 0.0, 0.0, 1.0087512173826192, 0.0, 1.006274852736775, 0.0, 0.0, 0.0, 0.0, 0.0, 0.0, 0.0, 0.0, 0.0, 0.0, 0.0, 0.0, 0.0, 0.0, 0.9726261697622025, 0.9766766545771124, 0.0, 0.0, 0.0, 0.0, 0.0], [0.0, 0.0, 0.0, 0.0, 0.0, 1.006274852736775, 0.0, 0.9924125512812363, 0.0, 0.0, 0.0, 0.0, 0.0, 0.0, 0.0, 0.0, 0.0, 0.0, 0.0, 0.0, 0.0, 0.0, 0.0, 0.9582267447050743, 0.9467611343884349, 0.0, 0.0, 0.0], [0.0, 0.0, 0.0, 0.0, 0.0, 0.0, 0.9924125512812363, 0.0, 1.85743484407232, 1.0080162931211651, 0.0, 0.0, 0.0, 0.0, 0.0, 0.0, 0.0, 0.0, 0.0, 0.0, 0.0, 0.0, 0.0, 0.0, 0.0, 0.0, 0.0, 0.0], [0.0, 0.0, 0.0, 0.0, 0.0, 0.0, 0.0, 1.85743484407232, 0.0, 0.0, 0.0, 0.0, 0.0, 0.0, 0.0, 0.0, 0.0, 0.0, 0.0, 0.0, 0.0, 0.0, 0.0, 0.0, 0.0, 0.0, 0.0, 0.0], [0.0, 0.0, 0.0, 0.0, 0.0, 0.0, 0.0, 1.0080162931211651, 0.0, 0.0, 0.0, 0.0, 0.0, 0.0, 0.0, 0.0, 0.0, 0.0, 0.0, 0.0, 0.0, 0.0, 0.0, 0.0, 0.0, 0.9828702831098063, 0.9642464386039695, 0.9622991953327514], [0.9877118856324069, 0.0, 0.0, 0.0, 0.0, 0.0, 0.0, 0.0, 0.0, 0.0, 0.0, 0.0, 0.0, 0.0, 0.0, 0.0, 0.0, 0.0, 0.0, 0.0, 0.0, 0.0, 0.0, 0.0, 0.0, 0.0, 0.0, 0.0], [0.9876500358292868, 0.0, 0.0, 0.0, 0.0, 0.0, 0.0, 0.0, 0.0, 0.0, 0.0, 0.0, 0.0, 0.0, 0.0, 0.0, 0.0, 0.0, 0.0, 0.0, 0.0, 0.0, 0.0, 0.0, 0.0, 0.0, 0.0, 0.0], [0.9874781496681146, 0.0, 0.0, 0.0, 0.0, 0.0, 0.0, 0.0, 0.0, 0.0, 0.0, 0.0, 0.0, 0.0, 0.0, 0.0, 0.0, 0.0, 0.0, 0.0, 0.0, 0.0, 0.0, 0.0, 0.0, 0.0, 0.0, 0.0], [0.0, 0.9782876079875507, 0.0, 0.0, 0.0, 0.0, 0.0, 0.0, 0.0, 0.0, 0.0, 0.0, 0.0, 0.0, 0.0, 0.0, 0.0, 0.0, 0.0, 0.0, 0.0, 0.0, 0.0, 0.0, 0.0, 0.0, 0.0, 0.0], [0.0, 0.9780617604896302, 0.0, 0.0, 0.0, 0.0, 0.0, 0.0, 0.0, 0.0, 0.0, 0.0, 0.0, 0.0, 0.0, 0.0, 0.0, 0.0, 0.0, 0.0, 0.0, 0.0, 0.0, 0.0, 0.0, 0.0, 0.0, 0.0], [0.0, 0.0, 0.975224669035461, 0.0, 0.0, 0.0, 0.0, 0.0, 0.0, 0.0, 0.0, 0.0, 0.0, 0.0, 0.0, 0.0, 0.0, 0.0, 0.0, 0.0, 0.0, 0.0, 0.0, 0.0, 0.0, 0.0, 0.0, 0.0], [0.0, 0.0, 0.9766708711868839, 0.0, 0.0, 0.0, 0.0, 0.0, 0.0, 0.0, 0.0, 0.0, 0.0, 0.0, 0.0, 0.0, 0.0, 0.0, 0.0, 0.0, 0.0, 0.0, 0.0, 0.0, 0.0, 0.0, 0.0, 0.0], [0.0, 0.0, 0.0, 0.9769629423589054, 0.0, 0.0, 0.0, 0.0, 0.0, 0.0, 0.0, 0.0, 0.0, 0.0, 0.0, 0.0, 0.0, 0.0, 0.0, 0.0, 0.0, 0.0, 0.0, 0.0, 0.0, 0.0, 0.0, 0.0], [0.0, 0.0, 0.0, 0.9773372382959562, 0.0, 0.0, 0.0, 0.0, 0.0, 0.0, 0.0, 0.0, 0.0, 0.0, 0.0, 0.0, 0.0, 0.0, 0.0, 0.0, 0.0, 0.0, 0.0, 0.0, 0.0, 0.0, 0.0, 0.0], [0.0, 0.0, 0.0, 0.0, 0.977040769406349, 0.0, 0.0, 0.0, 0.0, 0.0, 0.0, 0.0, 0.0, 0.0, 0.0, 0.0, 0.0, 0.0, 0.0, 0.0, 0.0, 0.0, 0.0, 0.0, 0.0, 0.0, 0.0, 0.0], [0.0, 0.0, 0.0, 0.0, 0.9763327443584262, 0.0, 0.0, 0.0, 0.0, 0.0, 0.0, 0.0, 0.0, 0.0, 0.0, 0.0, 0.0, 0.0, 0.0, 0.0, 0.0, 0.0, 0.0, 0.0, 0.0, 0.0, 0.0, 0.0], [0.0, 0.0, 0.0, 0.0, 0.0, 0.9726261697622025, 0.0, 0.0, 0.0, 0.0, 0.0, 0.0, 0.0, 0.0, 0.0, 0.0, 0.0, 0.0, 0.0, 0.0, 0.0, 0.0, 0.0, 0.0, 0.0, 0.0, 0.0, 0.0], [0.0, 0.0, 0.0, 0.0, 0.0, 0.9766766545771124, 0.0, 0.0, 0.0, 0.0, 0.0, 0.0, 0.0, 0.0, 0.0, 0.0, 0.0, 0.0, 0.0, 0.0, 0.0, 0.0, 0.0, 0.0, 0.0, 0.0, 0.0, 0.0], [0.0, 0.0, 0.0, 0.0, 0.0, 0.0, 0.9582267447050743, 0.0, 0.0, 0.0, 0.0, 0.0, 0.0, 0.0, 0.0, 0.0, 0.0, 0.0, 0.0, 0.0, 0.0, 0.0, 0.0, 0.0, 0.0, 0.0, 0.0, 0.0], [0.0, 0.0, 0.0, 0.0, 0.0, 0.0, 0.9467611343884349, 0.0, 0.0, 0.0, 0.0, 0.0, 0.0, 0.0, 0.0, 0.0, 0.0, 0.0, 0.0, 0.0, 0.0, 0.0, 0.0, 0.0, 0.0, 0.0, 0.0, 0.0], [0.0, 0.0, 0.0, 0.0, 0.0, 0.0, 0.0, 0.0, 0.0, 0.9828702831098063, 0.0, 0.0, 0.0, 0.0, 0.0, 0.0, 0.0, 0.0, 0.0, 0.0, 0.0, 0.0, 0.0, 0.0, 0.0, 0.0, 0.0, 0.0], [0.0, 0.0, 0.0, 0.0, 0.0, 0.0, 0.0, 0.0, 0.0, 0.9642464386039695, 0.0, 0.0, 0.0, 0.0, 0.0, 0.0, 0.0, 0.0, 0.0, 0.0, 0.0, 0.0, 0.0, 0.0, 0.0, 0.0, 0.0, 0.0], [0.0, 0.0, 0.0, 0.0, 0.0, 0.0, 0.0, 0.0, 0.0, 0.9622991953327514, 0.0, 0.0, 0.0, 0.0, 0.0, 0.0, 0.0, 0.0, 0.0, 0.0, 0.0, 0.0, 0.0, 0.0, 0.0, 0.0, 0.0, 0.0]], "Born radii": [], "Atomic SASAs": [], "Solvent H bonds": [], "Total SASA": NaN, "Total FOD": 0.0, "FOD": [0.0, 0.0, 0.0, 0.0, 0.0, 0.0, 0.0, 0.0, 0.0, 0.0, 0.0, 0.0, 0.0, 0.0, 0.0, 0.0, 0.0, 0.0, 0.0, 0.0, 0.0, 0.0, 0.0, 0.0, 0.0, 0.0, 0.0, 0.0], "FOD s proportion": [0.0, 0.0, 0.0, 0.0, 0.0, 0.0, 0.0, 0.0, 0.0, 0.0, 0.0, 0.0, 0.0, 0.0, 0.0, 0.0, 0.0, 0.0, 0.0, 0.0, 0.0, 0.0, 0.0, 0.0, 0.0, 0.0, 0.0, 0.0], "FOD p proportion": [0.0, 0.0, 0.0, 0.0, 0.0, 0.0, 0.0, 0.0, 0.0, 0.0, 0.0, 0.0, 0.0, 0.0, 0.0, 0.0, 0.0, 0.0, 0.0, 0.0, 0.0, 0.0, 0.0, 0.0, 0.0, 0.0, 0.0, 0.0], "FOD d proportion": [0.0, 0.0, 0.0, 0.0, 0.0, 0.0, 0.0, 0.0, 0.0, 0.0, 0.0, 0.0, 0.0, 0.0, 0.0, 0.0, 0.0, 0.0, 0.0, 0.0, 0.0, 0.0, 0.0, 0.0, 0.0, 0.0, 0.0, 0.0], "coordinates": [["-4.21600", "0.41210", "-0.96450"], ["-3.39990", "-0.42980", "0.00340"], ["-1.89900", "-0.20690", "-0.18780"], ["-1.08440", "-1.05460", "0.79190"], ["0.42780", "-0.95810", "0.56730"], ["0.99890", "0.43130", "0.87110"], ["2.52360", "0.46810", "0.76550"], ["3.04110", "0.41050", "-0.66230"], ["2.31100", "0.53680", "-1.64400"], ["4.52780", "0.22400", "-0.82120"], ["-4.02190", "1.47920", "-0.81630"], ["-3.97600", "0.15990", "-2.00240"], ["-5.28530", "0.23680", "-0.81090"], ["-3.68600", "-0.17580", "1.03070"], ["-3.64220", "-1.48800", "-0.14890"], ["-1.67420", "0.85560", "-0.04330"], ["-1.61840", "-0.46200", "-1.21680"], ["-1.37830", "-2.10620", "0.68470"], ["-1.32330", "-0.76400", "1.82210"], ["0.91570", "-1.69360", "1.21900"], ["0.66080", "-1.24890", "-0.46340"], ["0.56380", "1.17920", "0.19930"], ["0.71610", "0.71420", "1.89240"], ["2.96030", "-0.36230", "1.33100"], ["2.88970", "1.40550", "1.19950"], ["4.78440", "0.19270", "-1.88380"], ["4.83050", "-0.71850", "-0.35850"], ["5.05350", "1.06040", "-0.35410"]], "bond_dist": [[0.0, 1.5204095599541592, 2.520895255658196, 3.878539468666008, 5.0782612890634145, 5.528560211302758, 6.9583219356393675, 7.263389553782725, 6.563459403393914, 8.7469969097971, 1.0946873800313952, 1.094733415037652, 1.094406478416498, 2.1464737245072443, 2.145886718818121, 2.739716943408571, 2.7523139101490584, 4.1369356799447585, 4.185219714662542, 5.961207061493503, 5.176214876722179, 4.978891532258962, 5.707779991380186, 7.574186246719842, 7.494045105949123, 9.04988668492595, 9.136993740284602, 9.312170063953944], [1.5204095599541592, 0.0, 1.5293602126379515, 2.5246083933949044, 3.904916310242769, 4.565505222864169, 6.0394431092609855, 6.5296050094933005, 6.021845325977744, 7.997239954509306, 2.168656978408526, 2.1686103707213062, 2.159206615866115, 1.0962273942937202, 1.0962170496758386, 2.1523184104588244, 2.1595525300394987, 2.7131813816993513, 2.7805803153298774, 4.658248293081853, 4.168706218960507, 4.282309598802964, 4.6710291157302795, 6.497632034056715, 6.660183890854666, 8.422101672385581, 8.243409698662319, 8.591185823272594], [2.520895255658196, 1.5293602126379515, 0.0, 1.5303530769074174, 2.5589989624851355, 3.150617853691558, 4.574253671365417, 5.001091982757366, 4.516382194854638, 6.472297011880713, 2.782921103804418, 2.782309184831909, 3.4716208015853347, 2.163117763784487, 2.163672031524186, 1.0955918674396958, 1.096655538444046, 2.154002142524468, 2.163674862358021, 3.480215398506248, 2.7774620429449617, 2.852455689401678, 3.4661802117027904, 5.0934957632258815, 5.23985522128236, 6.906803292406698, 6.751077195529614, 7.069014162526483], [3.878539468666008, 2.5246083933949044, 1.5303530769074174, 0.0, 1.531831012220343, 2.560138734522018, 3.916245172355786, 4.61312972937029, 4.47156616075397, 5.977767008674728, 4.199447098130896, 4.200532501957341, 4.678059705689956, 2.756381221819652, 2.7595798665738958, 2.166630360721459, 2.1612973997115716, 1.0971470320791101, 1.0967377124910038, 2.1426934965132083, 2.158530430640254, 2.838591277376861, 2.753462173337415, 4.138780761287074, 4.691662880045837, 6.5694703911350425, 6.035099450713301, 6.5924469971324005], [5.0782612890634145, 3.904916310242769, 2.5589989624851355, 1.531831012220343, 0.0, 1.532606280164609, 2.542775515062232, 3.1959848263094117, 3.2666520996273847, 4.487236639625773, 5.258765096484154, 5.219840661361226, 5.99722709758435, 4.213084771281015, 4.166369696750398, 2.8426649556358203, 2.759721446088355, 2.1433416853129135, 2.1629953906562074, 1.097141535992508, 1.0959909351814914, 2.173009730765143, 2.15304300700195, 2.7114150512232538, 3.470912475128118, 5.129541442468322, 4.505361371743669, 5.130343136672243], [5.528560211302758, 4.565505222864169, 3.150617853691558, 2.560138734522018, 1.532606280164609, 0.0, 1.528795503002282, 2.553885087469677, 2.8387435019740686, 3.919182030730392, 5.399430137523773, 5.751546767609561, 6.508311907860594, 4.726767455672005, 5.124833821696075, 2.8568551695877056, 3.465194163391137, 3.482058450112519, 2.779524407160333, 2.1547985195836756, 2.172158810952827, 1.095436743951927, 1.0968418026315372, 2.1652710985001393, 2.1522167270049732, 4.68790083299551, 4.185106302114679, 4.282132997701029], [6.9583219356393675, 6.0394431092609855, 4.574253671365417, 3.916245172355786, 2.542775515062232, 1.528795503002282, 0.0, 1.519781842897197, 2.4198365027414557, 2.5678822675504422, 6.809404136927107, 7.071142609932288, 7.9697839280622915, 6.248525458858273, 6.532958304627392, 4.292532880479775, 4.685164170015817, 4.675293866699718, 4.17529802289609, 2.7320233436045163, 2.815725137508986, 2.1603383276699972, 2.144184010293893, 1.0954730941469992, 1.0959488902316568, 3.4936874917485103, 2.8272218112486325, 2.829260938831906], [7.263389553782725, 6.5296050094933005, 5.001091982757366, 4.61312972937029, 3.1959848263094117, 2.553885087469677, 1.519781842897197, 0.0, 1.22993194527177, 1.5067542433987038, 7.145054561723094, 7.14831174334192, 8.329537238646575, 6.961599751493906, 6.966662091705037, 4.776539448177938, 4.7728049143035385, 5.261110552915611, 5.157487854566407, 3.533249447746366, 2.908435603550472, 2.7331793830628826, 3.4676145662400253, 2.13939088761264, 2.1164229728482917, 2.1397649356880297, 2.137495684206169, 2.137080019559398], [6.563459403393914, 6.021845325977744, 4.516382194854638, 4.47156616075397, 3.2666520996273847, 2.8387435019740686, 2.4198365027414557, 1.22993194527177, 0.0, 2.385172094420023, 6.455914145959501, 6.308476295429824, 7.647733605454626, 6.6049850756833655, 6.463414677242982, 4.306471057606216, 4.076798454670037, 5.1009045452742985, 5.187876862455392, 3.888227777535673, 2.702906008354711, 2.61975962446939, 3.8834651704373506, 3.1749954803117433, 3.0290304769018084, 2.508708115744038, 3.0945385100205165, 3.0755983515407204], [8.7469969097971, 7.997239954509306, 6.472297011880713, 5.977767008674728, 4.487236639625773, 3.919182030730392, 2.5678822675504422, 1.5067542433987038, 2.385172094420023, 0.0, 8.641349497618991, 8.585683239556419, 9.813113753544284, 8.429465231555321, 8.374474985931954, 6.282423972480686, 6.1970049055975425, 6.5253033691928835, 6.496041109783711, 4.570215772805481, 4.153449680687127, 4.203227722833965, 4.704569894262386, 2.7263104702142784, 2.8570163370201445, 1.0935913359203242, 1.0927144320452622, 1.0927524239277622], [1.0946873800313952, 2.168656978408526, 2.782921103804418, 4.199447098130896, 5.258765096484154, 5.399430137523773, 6.809404136927107, 7.145054561723094, 6.455914145959501, 8.641349497618991, 0.0, 1.7746809600601459, 1.7719386219618336, 2.5026511562740823, 3.064942200107532, 2.549137354086672, 3.1153603226593223, 4.700714320185815, 4.390392096385014, 6.212004482451699, 5.430906674764352, 4.706387983368987, 5.5109821892290665, 7.533467752635568, 7.199937214309581, 8.963568384856558, 9.132603784792154, 9.09680754111023], [1.094733415037652, 2.1686103707213062, 2.782309184831909, 4.200532501957341, 5.219840661361226, 5.751546767609561, 7.071142609932288, 7.14831174334192, 6.308476295429824, 8.585683239556419, 1.7746809600601459, 0.0, 1.7719628523194275, 3.065369488332524, 2.502490579402848, 3.101669637469471, 2.5616800600387237, 4.370784930650329, 4.7452301050634, 6.143419984015418, 5.084599559454019, 5.147449797715369, 6.123113418841758, 7.7133978303987405, 7.677338045182068, 8.761264175905211, 9.001579640263147, 9.222779591316275], [1.094406478416498, 2.159206615866115, 3.4716208015853347, 4.678059705689956, 5.99722709758435, 6.508311907860594, 7.9697839280622915, 8.329537238646575, 7.647733605454626, 9.813113753544284, 1.7719386219618336, 1.7719628523194275, 0.0, 2.4737602571793413, 2.4724394128067124, 3.743282838632422, 3.754894387329689, 4.794905354644656, 4.861248156595177, 6.804361775361449, 6.138743026874476, 6.010040982389388, 6.599435097794356, 8.540291317045337, 8.499305433386896, 10.126792054248968, 10.170873782030727, 10.381607228170404], [2.1464737245072443, 1.0962273942937202, 2.163117763784487, 2.756381221819652, 4.213084771281015, 4.726767455672005, 6.248525458858273, 6.961599751493906, 6.6049850756833655, 8.429465231555321, 2.5026511562740823, 3.065369488332524, 2.4737602571793413, 0.0, 1.7650052237883038, 2.5029185364290223, 3.0672685650265445, 3.0284714708908846, 2.560203993825492, 4.8492078342756155, 4.7200157478550855, 4.537405756597044, 4.573085533860044, 6.655694256048726, 6.765266707233351, 8.96536550621334, 8.646107342613785, 8.934468183949171], [2.145886718818121, 1.0962170496758386, 2.163672031524186, 2.7595798665738958, 4.166369696750398, 5.124833821696075, 6.532958304627392, 6.966662091705037, 6.463414677242982, 8.374474985931954, 3.064942200107532, 2.502490579402848, 2.4724394128067124, 1.7650052237883038, 0.0, 3.0621293767572917, 2.5077585310392223, 2.490442412504252, 3.128308522188948, 4.763178999365865, 4.32109801555114, 4.992557969618379, 5.292576822304992, 6.859322907547071, 7.27022987394484, 8.765969316624373, 8.510153212486834, 9.063754635359455], [2.739716943408571, 2.1523184104588244, 1.0955918674396958, 2.166630360721459, 2.8426649556358203, 2.8568551695877056, 4.292532880479775, 4.776539448177938, 4.306471057606216, 6.282423972480686, 2.549137354086672, 3.101669637469471, 3.743282838632422, 2.5029185364290223, 3.0621293767572917, 0.0, 1.7653004418511884, 3.064278063427012, 2.4951857906777204, 3.846999342344628, 3.1713765560084473, 2.2742505842584717, 3.079035975756048, 4.985034719036568, 4.761945512078021, 6.748362069420994, 6.69987044203095, 6.737988347422396], [2.7523139101490584, 2.1595525300394987, 1.096655538444046, 2.1612973997115716, 2.759721446088355, 3.465194163391137, 4.685164170015817, 4.7728049143035385, 4.076798454670037, 6.1970049055975425, 3.1153603226593223, 2.5616800600387237, 3.754894387329689, 3.0672685650265445, 2.5077585310392223, 1.7653004418511884, 0.0, 2.525221554636345, 3.068094069613903, 3.7244627813954594, 2.5261781033806785, 3.075853294615983, 4.062075987718596, 5.240774620225526, 5.445092060746081, 6.470654443717421, 6.510820405294559, 6.897550482598877], [4.1369356799447585, 2.7131813816993513, 2.154002142524468, 1.0971470320791101, 2.1433416853129135, 3.482058450112519, 4.675293866699718, 5.261110552915611, 5.1009045452742985, 6.5253033691928835, 4.700714320185815, 4.370784930650329, 4.794905354644656, 3.0284714708908846, 2.490442412504252, 3.064278063427012, 2.525221554636345, 0.0, 1.7601717529832137, 2.391265616781206, 2.4921929520003063, 3.8472352059628485, 3.7147956619442746, 4.720417445523225, 5.550935050061385, 7.061232523433851, 6.446950827329149, 7.243929337038014], [4.185219714662542, 2.7805803153298774, 2.163674862358021, 1.0967377124910038, 2.1629953906562074, 2.779524407160333, 4.17529802289609, 5.157487854566407, 5.187876862455392, 6.496041109783711, 4.390392096385014, 4.7452301050634, 4.861248156595177, 2.560203993825492, 3.128308522188948, 2.4951857906777204, 3.068094069613903, 1.7601717529832137, 0.0, 2.498200706508586, 3.065173905343708, 3.157634001907124, 2.519755879048603, 4.330331518486777, 4.77951148235884, 7.207840799435014, 6.52888513070953, 6.9805343663647985], [5.961207061493503, 4.658248293081853, 3.480215398506248, 2.1426934965132083, 1.097141535992508, 2.1547985195836756, 2.7320233436045163, 3.533249447746366, 3.888227777535673, 4.570215772805481, 6.212004482451699, 6.143419984015418, 6.804361775361449, 4.8492078342756155, 4.763178999365865, 3.846999342344628, 3.7244627813954594, 2.391265616781206, 2.498200706508586, 0.0, 1.7587500845771127, 3.068648161650338, 2.5081484326092025, 2.4423949005023737, 3.6744356110836938, 5.305877422255437, 4.331857026726528, 5.213496758414643], [5.176214876722179, 4.168706218960507, 2.7774620429449617, 2.158530430640254, 1.0959909351814914, 2.172158810952827, 2.815725137508986, 2.908435603550472, 2.702906008354711, 4.153449680687127, 5.430906674764352, 5.084599559454019, 6.138743026874476, 4.7200157478550855, 4.32109801555114, 3.1713765560084473, 2.5261781033806785, 2.4921929520003063, 3.065173905343708, 1.7587500845771127, 0.0, 2.518779446477996, 3.067020270555772, 3.0485457467454875, 3.844355730158176, 4.5934544386550735, 4.204607741514064, 4.963932540838966], [4.978891532258962, 4.282309598802964, 2.852455689401678, 2.838591277376861, 2.173009730765143, 1.095436743951927, 2.1603383276699972, 2.7331793830628826, 2.61975962446939, 4.203227722833965, 4.706387983368987, 5.147449797715369, 6.010040982389388, 4.537405756597044, 4.992557969618379, 2.2742505842584717, 3.075853294615983, 3.8472352059628485, 3.157634001907124, 3.068648161650338, 2.518779446477996, 0.0, 1.762386989284703, 3.0659711984948586, 2.5419328354620228, 4.808945021519793, 4.702885818303481, 4.525237130803202], [5.707779991380186, 4.6710291157302795, 3.4661802117027904, 2.753462173337415, 2.15304300700195, 1.0968418026315372, 2.144184010293893, 3.4676145662400253, 3.8834651704373506, 4.704569894262386, 5.5109821892290665, 6.123113418841758, 6.599435097794356, 4.573085533860044, 5.292576822304992, 3.079035975756048, 4.062075987718596, 3.7147956619442746, 2.519755879048603, 2.5081484326092025, 3.067020270555772, 1.762386989284703, 0.0, 2.551559493721438, 2.3838085199948424, 5.575187313445173, 4.903821719842596, 4.896902638403177], [7.574186246719842, 6.497632034056715, 5.0934957632258815, 4.138780761287074, 2.7114150512232538, 2.1652710985001393, 1.0954730941469992, 2.13939088761264, 3.1749954803117433, 2.7263104702142784, 7.533467752635568, 7.7133978303987405, 8.540291317045337, 6.655694256048726, 6.859322907547071, 4.985034719036568, 5.240774620225526, 4.720417445523225, 4.330331518486777, 2.4423949005023737, 3.0485457467454875, 3.0659711984948586, 2.551559493721438, 0.0, 1.774089470686301, 3.737687098995848, 2.5453755577517434, 3.0405794743765533], [7.494045105949123, 6.660183890854666, 5.23985522128236, 4.691662880045837, 3.470912475128118, 2.1522167270049732, 1.0959488902316568, 2.1164229728482917, 3.0290304769018084, 2.8570163370201445, 7.199937214309581, 7.677338045182068, 8.499305433386896, 6.765266707233351, 7.27022987394484, 4.761945512078021, 5.445092060746081, 5.550935050061385, 4.77951148235884, 3.6744356110836938, 3.844355730158176, 2.5419328354620228, 2.3838085199948424, 1.774089470686301, 0.0, 3.8167408636164963, 3.271917578424004, 2.6860374922923174], [9.04988668492595, 8.422101672385581, 6.906803292406698, 6.5694703911350425, 5.129541442468322, 4.68790083299551, 3.4936874917485103, 2.1397649356880297, 2.508708115744038, 1.0935913359203242, 8.963568384856558, 8.761264175905211, 10.126792054248968, 8.96536550621334, 8.765969316624373, 6.748362069420994, 6.470654443717421, 7.061232523433851, 7.207840799435014, 5.305877422255437, 4.5934544386550735, 4.808945021519793, 5.575187313445173, 3.737687098995848, 3.8167408636164963, 0.0, 1.7773437315274723, 1.7791290537788425], [9.136993740284602, 8.243409698662319, 6.751077195529614, 6.035099450713301, 4.505361371743669, 4.185106302114679, 2.8272218112486325, 2.137495684206169, 3.0945385100205165, 1.0927144320452622, 9.132603784792154, 9.001579640263147, 10.170873782030727, 8.646107342613785, 8.510153212486834, 6.69987044203095, 6.510820405294559, 6.446950827329149, 6.52888513070953, 4.331857026726528, 4.204607741514064, 4.702885818303481, 4.903821719842596, 2.5453755577517434, 3.271917578424004, 1.7773437315274723, 0.0, 1.7928283715961215], [9.312170063953944, 8.591185823272594, 7.069014162526483, 6.5924469971324005, 5.130343136672243, 4.282132997701029, 2.829260938831906, 2.137080019559398, 3.0755983515407204, 1.0927524239277622, 9.09680754111023, 9.222779591316275, 10.381607228170404, 8.934468183949171, 9.063754635359455, 6.737988347422396, 6.897550482598877, 7.243929337038014, 6.9805343663647985, 5.213496758414643, 4.963932540838966, 4.525237130803202, 4.896902638403177, 3.0405794743765533, 2.6860374922923174, 1.7791290537788425, 1.7928283715961215, 0.0]]}