{"total energy": -20.22526475, "HOMO-LUMO gap/eV": 3.46766748, "electronic energy": -20.50657909, "dipole": [1.0405395, 0.28165491, 0.17631093], "partial charges": [-0.38743266, 0.16436627, -0.07738813, 0.05521148, -0.23453423, 0.05526335, -0.05923316, 0.30337824, 0.03341462, 0.04390716, 0.04715446, 0.05589258], "atomic dipole moments": [[-0.10637293, 0.15363667, 0.06244147], [0.22601944, -0.06438068, -0.01709205], [0.02976815, -0.02520507, -0.00961639], [-0.00760596, -0.04905146, -0.02203695], [0.26454094, -0.07845346, -0.02135282], [0.02355472, 0.04502034, 0.02104605], [0.04428404, 0.02326164, 0.01247824], [0.04072747, 0.06392934, 0.03023368], [0.09926416, 0.10510549, 0.05132459], [-0.04786358, 0.12967235, 0.05481189], [-0.11613696, -0.08318173, -0.04251476], [0.03013905, -0.1416874, -0.06098158]], "atomic quadrupole moments": [[0.08051732, -0.04207412, -0.02674399, -0.01160483, 0.01187023, -0.05377334], [0.1113374, -0.15645862, -0.31614656, -0.08043505, -0.29721034, 0.20480916], [-0.21734279, -0.01894036, -0.10832999, -0.04095518, -0.23996351, 0.32567277], [-0.32892852, 0.08619221, -0.10621436, -0.00669701, -0.29129511, 0.43514288], [-0.18372642, 0.02627362, -0.05405185, -0.01305055, -0.15851384, 0.23777827], [-0.37165519, 0.02620193, -0.06934955, -0.03540063, -0.27881597, 0.44100474], [-0.1976514, 0.04691033, -0.15159844, -0.01271451, -0.27167491, 0.34924984], [0.03626546, 0.07739331, 0.0245849, 0.04025684, 0.05269254, -0.06085036], [0.04047049, 0.00570106, 0.00451389, 0.00742403, 0.02766602, -0.04498438], [0.03529668, 0.01143756, 0.01810884, 0.01040215, 0.04014739, -0.05340552], [0.02305513, -0.00706765, 0.02872179, 0.00159362, 0.04367741, -0.05177692], [0.02843935, -0.0081114, 0.01349964, 0.00060614, 0.02987105, -0.04193899]], "number of molecular orbitals": 33, "number of electrons": 36, "number of unpaired electrons": 0, "orbital energies/eV": [-19.74784348, -18.22263859, -17.5268469, -17.28405202, -16.67271265, -16.23141281, -15.51590084, -14.99479013, -14.70822345, -13.99796578, -13.70090364, -13.4250902, -13.37877749, -13.32131593, -12.01081959, -11.48635316, -11.23126112, -10.15915364, -6.69148616, -6.54999854, -3.09221533, 1.47918875, 2.80607478, 3.30212756, 4.03862436, 4.41792328, 5.03585812, 7.29613755, 9.72349045, 11.17266189, 12.1106287, 16.01794657, 16.47276406], "fractional occupation": [2.0, 2.0, 2.0, 2.0, 2.0, 2.0, 2.0, 2.0, 2.0, 2.0, 2.0, 2.0, 2.0, 2.0, 2.0, 2.0, 2.0, 2.0, 0.0, 0.0, 0.0, 0.0, 0.0, 0.0, 0.0, 0.0, 0.0, 0.0, 0.0, 0.0, 0.0, 0.0, 0.0], "program call": "xtb /home/svss/Project-DBcg-Debug/aqme2_20220329/End-to-End-workflows-final/example-3/QDESCP/mol_1101_rdkit_conf_1/mol_1101_rdkit_conf_1.xyz --pop --wbo --acc 0.2 --gfn 2 --chrg 0 --uhf 0 --etemp 300 --input /home/svss/Project-DBcg-Debug/aqme2_20220329/End-to-End-workflows-final/example-3/QDESCP/mol_1101_rdkit_conf_1/mol_1101_rdkit_conf_1_xtb.inp", "method": "GFN2-xTB", "xtb version": "6.3.3 (7355c4f)", "Dipole module/D": 2.776, "Total charge": 0, "Transition dipole module/D": NaN, "HOMO": -10.1592, "LUMO": -6.6915, "HOMO occupancy": 2.0, "LUMO occupancy": 0, "mulliken charges": [-0.51423, 0.28049, -0.11897, 0.14551, -0.34754, 0.14118, -0.08812, 0.35394, 0.03791, 0.02734, 0.02829, 0.05419], "cm5 charges": [-0.71108, 0.2943, -0.16594, 0.16633, -0.53388, 0.16195, -0.13322, 0.52474, 0.09649, 0.09305, 0.09398, 0.11328], "FUKUI+": [-0.076, -0.083, -0.05, -0.05, -0.158, -0.05, -0.052, -0.054, -0.101, -0.111, -0.111, -0.103], "FUKUI-": [-0.108, -0.035, -0.044, -0.012, -0.259, -0.012, -0.048, -0.055, -0.097, -0.114, -0.11, -0.106], "FUKUIrad": [-0.092, -0.059, -0.047, -0.031, -0.209, -0.031, -0.05, -0.055, -0.099, -0.112, -0.11, -0.105], "s proportion": [1.692, 1.02, 1.06, 1.031, 1.557, 1.033, 1.057, 0.646, 0.962, 0.973, 0.972, 0.946], "p proportion": [4.822, 2.699, 3.059, 2.824, 3.79, 2.826, 3.031, 0.0, 0.0, 0.0, 0.0, 0.0], "d proportion": [0.0, 0.0, 0.0, 0.0, 0.0, 0.0, 0.0, 0.0, 0.0, 0.0, 0.0, 0.0], "Fermi-level/eV": -8.4253, "Coordination numbers": [1.659, 2.864, 2.906, 2.894, 1.83, 2.894, 2.907, 0.804, 0.925, 0.925, 0.925, 0.925], "Dispersion coefficient C6": [20.606, 24.453, 29.932, 26.76, 26.985, 26.759, 29.472, 0.711, 2.538, 2.397, 2.356, 2.248], "Total dispersion C6": 1837.471456, "Total dispersion C8": 43972.789326, "Polarizability alpha": [6.128, 8.106, 8.971, 8.482, 7.698, 8.481, 8.902, 1.325, 2.491, 2.421, 2.4, 2.344], "Total polarizability alpha": 67.748824, "Wiberg matrix": [[0.0, 1.0818034516687671, 0.0, 0.0, 0.0, 0.0, 0.0, 0.8866217493065742, 0.0, 0.0, 0.0, 0.0], [1.0818034516687671, 0.0, 1.3671922031107093, 0.0, 0.0, 0.0, 1.361267862682297, 0.0, 0.0, 0.0, 0.0, 0.0], [0.0, 1.3671922031107093, 0.0, 1.4498520063261096, 0.0, 0.10198487546892263, 0.0, 0.0, 0.9648436040515765, 0.0, 0.0, 0.0], [0.0, 0.0, 1.4498520063261096, 0.0, 1.4257773705949575, 0.0, 0.10548326639058413, 0.0, 0.0, 0.965296530167019, 0.0, 0.0], [0.0, 0.0, 0.0, 1.4257773705949575, 0.0, 1.4181191791817456, 0.0, 0.0, 0.0, 0.0, 0.0, 0.0], [0.0, 0.0, 0.10198487546892263, 0.0, 1.4181191791817456, 0.0, 1.4578400451095783, 0.0, 0.0, 0.0, 0.9649063375565724, 0.0], [0.0, 1.361267862682297, 0.0, 0.10548326639058413, 0.0, 1.4578400451095783, 0.0, 0.0, 0.0, 0.0, 0.0, 0.9658288778032424], [0.8866217493065742, 0.0, 0.0, 0.0, 0.0, 0.0, 0.0, 0.0, 0.0, 0.0, 0.0, 0.0], [0.0, 0.0, 0.9648436040515765, 0.0, 0.0, 0.0, 0.0, 0.0, 0.0, 0.0, 0.0, 0.0], [0.0, 0.0, 0.0, 0.965296530167019, 0.0, 0.0, 0.0, 0.0, 0.0, 0.0, 0.0, 0.0], [0.0, 0.0, 0.0, 0.0, 0.0, 0.9649063375565724, 0.0, 0.0, 0.0, 0.0, 0.0, 0.0], [0.0, 0.0, 0.0, 0.0, 0.0, 0.0, 0.9658288778032424, 0.0, 0.0, 0.0, 0.0, 0.0]], "Born radii": [], "Atomic SASAs": [], "Solvent H bonds": [], "Total SASA": NaN, "Total FOD": 0.0, "FOD": [0.0, 0.0, 0.0, 0.0, 0.0, 0.0, 0.0, 0.0, 0.0, 0.0, 0.0, 0.0], "FOD s proportion": [0.0, 0.0, 0.0, 0.0, 0.0, 0.0, 0.0, 0.0, 0.0, 0.0, 0.0, 0.0], "FOD p proportion": [0.0, 0.0, 0.0, 0.0, 0.0, 0.0, 0.0, 0.0, 0.0, 0.0, 0.0, 0.0], "FOD d proportion": [0.0, 0.0, 0.0, 0.0, 0.0, 0.0, 0.0, 0.0, 0.0, 0.0, 0.0, 0.0], "coordinates": [["2.14290", "-0.72900", "-0.21430"], ["0.85020", "-0.31120", "-0.09470"], ["0.53380", "0.92990", "0.43690"], ["-0.80760", "1.26500", "0.51750"], ["-1.81200", "0.45780", "0.11120"], ["-1.45870", "-0.74250", "-0.40050"], ["-0.14910", "-1.16980", "-0.52340"], ["2.73170", "-0.03330", "0.12200"], ["1.28930", "1.62410", "0.78090"], ["-1.12200", "2.22220", "0.92400"], ["-2.28440", "-1.37170", "-0.71940"], ["0.08600", "-2.14150", "-0.94020"]], "bond_dist": [[0.0, 1.363794079030995, 2.4010858918414395, 3.635521625571769, 4.141941392632204, 3.606435255207003, 2.354381330625946, 0.9714842355900584, 2.693721516786767, 4.54586409167718, 4.50213000589721, 2.5986390034015883], [1.363794079030995, 0.0, 1.3867359986673742, 2.368015227991577, 2.778680379244795, 2.3686604948789096, 1.3854884120771274, 1.914217738398639, 2.1690712897459132, 3.368298990588573, 3.367584817046187, 2.1561238322508287], [2.4010858918414395, 1.3867359986673742, 0.0, 1.3849701549130944, 2.414898867447662, 2.7328038294030548, 2.4077517708434977, 2.420264584709696, 1.082141344741989, 2.1561491924261644, 3.8179370725563295, 3.3956482753665758], [3.635521625571769, 2.368015227991577, 1.3849701549130944, 0.0, 1.3510998815779682, 2.301458550571789, 2.728616151091978, 3.790599903709174, 2.1436702125093774, 1.0864259984002593, 3.265432090857196, 3.811515774596768], [4.141941392632204, 2.778680379244795, 2.414898867447662, 1.3510998815779682, 0.0, 1.3518054112926163, 2.411853090467991, 4.57017565745563, 3.380357299162324, 2.061516723191932, 2.0640078415548713, 3.3858834076205286], [3.606435255207003, 2.3686604948789096, 2.7328038294030548, 2.301458550571789, 1.3518054112926163, 0.0, 1.3830191104970315, 4.281988212267755, 3.8141847779047096, 3.264523430762904, 1.0859881859394236, 2.152806349860572], [2.354381330625946, 1.3854884120771274, 2.4077517708434977, 2.728616151091978, 2.411853090467991, 1.3830191104970315, 0.0, 3.163413038159892, 3.402362452767194, 3.814074615158964, 2.1537608270186364, 1.0831413296518606], [0.9714842355900584, 1.914217738398639, 2.420264584709696, 3.790599903709174, 4.57017565745563, 4.281988212267755, 3.163413038159892, 0.0, 2.2938268744611046, 4.5366824817260465, 5.25932768802249, 3.5457727747276757], [2.693721516786767, 2.1690712897459132, 1.082141344741989, 2.1436702125093774, 3.380357299162324, 3.8141847779047096, 3.402362452767194, 2.2938268744611046, 0.0, 2.4884872734253634, 4.8986783339998965, 4.311595929583383], [4.54586409167718, 3.368298990588573, 2.1561491924261644, 1.0864259984002593, 2.061516723191932, 3.264523430762904, 3.814074615158964, 4.5366824817260465, 2.4884872734253634, 0.0, 4.1192298467067845, 4.896568526019012], [4.50213000589721, 3.367584817046187, 3.8179370725563295, 3.265432090857196, 2.0640078415548713, 1.0859881859394236, 2.1537608270186364, 5.25932768802249, 4.8986783339998965, 4.1192298467067845, 0.0, 2.502027345973661], [2.5986390034015883, 2.1561238322508287, 3.3956482753665758, 3.811515774596768, 3.3858834076205286, 2.152806349860572, 1.0831413296518606, 3.5457727747276757, 4.311595929583383, 4.896568526019012, 2.502027345973661, 0.0]]}