{"total energy": -35.68115646, "HOMO-LUMO gap/eV": 3.84890557, "electronic energy": -36.15987393, "dipole": [0.40292968, -0.94900979, 0.77794246], "partial charges": [-0.09921002, -0.05147972, -0.05716465, -0.05764845, -0.05806526, -0.0571566, -0.0528485, -0.08334309, 0.23498196, -0.36435679, -0.13637678, 0.0293885, 0.03230839, 0.03295083, 0.02691046, 0.02934938, 0.02767448, 0.02885057, 0.03126638, 0.03098, 0.0265534, 0.03232441, 0.04134403, 0.02425218, 0.02994637, 0.0502901, 0.05902532, 0.0541822, 0.06378366, 0.06279697, 0.06849029], "atomic dipole moments": [[0.02854987, 0.0358706, -0.08989177], [0.0502455, -0.08544603, 0.05094288], [0.00889511, 0.0586315, 0.0919583], [-0.00563279, -0.05493844, -0.09827528], [0.01111527, 0.05121999, 0.09669788], [-0.00362373, -0.06158262, -0.09800368], [0.03034848, 0.05122722, 0.11052159], [-0.03572943, 0.06300718, -0.04801341], [-0.00507037, 0.01458979, -0.00478515], [0.05342122, -0.11718057, 0.09976167], [-0.05954591, -0.02854554, -0.04389791], [-0.102799, 0.05930902, 0.0370128], [-0.02747502, -0.12295448, -0.00437468], [0.08630734, 0.0194132, 0.08974617], [-0.09360147, -0.00664993, -0.0759849], [0.02406704, 0.12133394, 0.00974582], [0.01482873, 0.04103616, -0.11386327], [-0.02875292, -0.11971932, -0.01475035], [0.02639497, 0.12080709, 0.01734188], [-0.01264516, -0.04856651, 0.1132672], [-0.02566172, -0.11919872, -0.01724105], [0.01522235, 0.04784492, -0.11435488], [0.02381587, 0.12370133, 0.01898501], [-0.01584848, -0.0467673, 0.11183473], [-0.02500496, -0.11734982, -0.01447586], [0.01250909, 0.04572504, -0.12058828], [0.08226306, -0.08568028, -0.05378825], [-0.02261328, -0.03316794, 0.12449517], [0.10190087, -0.08218187, -0.03461771], [-0.04189035, -0.01356036, 0.12715894], [0.04273635, 0.12541632, -0.01402322]], "atomic quadrupole moments": [[-0.07842957, 0.02219591, -0.07299502, -0.09007504, -0.11194459, 0.15142459], [0.00142044, -0.09552324, -0.09552351, -0.16785843, -0.04396159, 0.09410307], [0.19719086, -0.10228595, -0.13566533, 0.03810037, 0.08764095, -0.06152553], [0.20552628, -0.08910404, -0.16194946, 0.02771195, 0.10596571, -0.04357682], [0.21220958, -0.0894136, -0.16018656, 0.03748429, 0.10290023, -0.05202302], [0.20836063, -0.09387254, -0.16856592, 0.02946655, 0.09940366, -0.03979471], [0.21785786, -0.08275928, -0.14928909, 0.05738148, 0.09586116, -0.06856877], [0.05685438, 0.09434542, 0.06228583, 0.15115526, -0.02197472, -0.11914021], [0.07662106, -0.18533225, -0.23150715, -0.41305059, 0.22592621, 0.15488609], [0.03176891, -0.08505967, -0.09805585, -0.17929392, 0.09443912, 0.06628695], [0.07247701, 0.02443658, -0.09397739, 0.17765816, -0.00077567, 0.02150037], [0.03869491, -0.05814952, -0.01504043, -0.02805847, 0.0059125, -0.02365448], [-0.04907654, 0.02249571, 0.07562096, -0.00012092, 0.01634097, -0.02654442], [0.03457534, 0.02375447, -0.04262223, 0.05416786, 0.00322676, 0.0080469], [0.03124363, 0.01077719, -0.04788897, 0.03026807, 0.01237048, 0.01664534], [-0.02424915, 0.03175548, 0.0439224, -0.00882051, 0.01618887, -0.01967325], [-0.00924632, 0.00153618, -0.02590753, -0.01664163, -0.03992121, 0.03515385], [-0.01302447, 0.01725113, 0.05494708, 0.00432638, -0.00729811, -0.04192261], [-0.01688426, 0.01554257, 0.05410803, 0.0005325, 3.211e-05, -0.03722377], [-0.01693999, 0.00420778, -0.01477714, -0.01419813, -0.0394259, 0.03171713], [-0.01699082, 0.01667053, 0.05456985, 0.00106429, 0.00042834, -0.03757903], [-0.01831589, 0.00318242, -0.01220993, -0.01125124, -0.039741, 0.03052582], [-0.01353182, 0.01889573, 0.04920321, 0.00133274, -0.00152508, -0.03567139], [-0.02108983, 0.00223032, -0.01220278, -0.01112325, -0.04202663, 0.03329261], [-0.00705255, 0.01714771, 0.05551697, -0.00094206, 0.00301466, -0.04846442], [-0.01508045, 0.00243392, -0.012204, -0.01375584, -0.03930185, 0.02728444], [0.03015191, -0.03743465, -0.00474586, -0.01027905, 0.04216509, -0.02540604], [-0.01138243, 0.02305862, -0.04557404, -0.00541679, -0.02141388, 0.05695647], [0.02382276, -0.05611388, 0.02543898, -0.01627036, 0.02223131, -0.04926174], [-0.03652191, 0.0218042, -0.03279627, -0.03472526, -0.0231379, 0.06931819], [-0.02745952, 0.03508408, 0.06438167, 0.00465318, -0.01785177, -0.03692215]], "number of molecular orbitals": 64, "number of electrons": 66, "number of unpaired electrons": 0, "orbital energies/eV": [-19.07929279, -17.42329059, -17.08846339, -16.84844433, -16.66671673, -16.3017344, -15.88971856, -15.5546801, -15.23043732, -15.11723071, -14.85008247, -14.68494913, -14.6547032, -14.01422244, -13.97130464, -13.69499806, -13.57477762, -13.42579867, -13.24160179, -12.9944073, -12.90137365, -12.86202553, -12.68981063, -12.51821322, -12.19845582, -12.05486398, -11.92505819, -11.78674807, -11.48512683, -11.4713423, -11.30012343, -11.21887433, -10.72033245, -6.87142687, 1.24624275, 1.6991548, 2.70085547, 2.83635265, 3.09986202, 3.26067115, 3.4713025, 3.54089958, 3.71559794, 3.94954362, 4.14900786, 4.2972876, 4.37813322, 4.62759841, 4.83209178, 5.13274125, 5.16287506, 5.63074663, 5.67848546, 5.80820103, 6.27557517, 6.47422164, 6.85375115, 7.04807419, 7.25823461, 7.45615147, 7.93676583, 8.02634768, 8.57327899, 15.1751748], "fractional occupation": [2.0, 2.0, 2.0, 2.0, 2.0, 2.0, 2.0, 2.0, 2.0, 2.0, 2.0, 2.0, 2.0, 2.0, 2.0, 2.0, 2.0, 2.0, 2.0, 2.0, 2.0, 2.0, 2.0, 2.0, 2.0, 2.0, 2.0, 2.0, 2.0, 2.0, 2.0, 2.0, 2.0, 0.0, 0.0, 0.0, 0.0, 0.0, 0.0, 0.0, 0.0, 0.0, 0.0, 0.0, 0.0, 0.0, 0.0, 0.0, 0.0, 0.0, 0.0, 0.0, 0.0, 0.0, 0.0, 0.0, 0.0, 0.0, 0.0, 0.0, 0.0, 0.0, 0.0, 0.0], "program call": "xtb /home/svss/Project-DBcg-Debug/aqme2_20220329/End-to-End-workflows-final/example-3/QDESCP/mol_245_rdkit_conf_11/mol_245_rdkit_conf_11.xyz --pop --wbo --acc 0.2 --gfn 2 --chrg 0 --uhf 0 --etemp 300 --input /home/svss/Project-DBcg-Debug/aqme2_20220329/End-to-End-workflows-final/example-3/QDESCP/mol_245_rdkit_conf_11/mol_245_rdkit_conf_11_xtb.inp", "method": "GFN2-xTB", "xtb version": "6.3.3 (7355c4f)", "Dipole module/D": 3.283, "Total charge": 0, "Transition dipole module/D": NaN, "HOMO": -10.7203, "LUMO": -6.8714, "HOMO occupancy": 2.0, "LUMO occupancy": 0, "mulliken charges": [-0.08492, -0.03873, -0.04682, -0.04624, -0.04437, -0.04662, -0.03246, -0.08489, 0.39776, -0.49364, -0.12673, 0.02762, 0.02621, 0.0264, 0.02295, 0.02314, 0.02434, 0.02186, 0.02554, 0.02158, 0.01979, 0.02708, 0.03735, 0.01701, 0.0225, 0.04248, 0.05129, 0.04089, 0.05338, 0.05197, 0.06426], "cm5 charges": [-0.23539, -0.15113, -0.15735, -0.15706, -0.15518, -0.15664, -0.14091, -0.18704, 0.41287, -0.54543, -0.2685, 0.0784, 0.07763, 0.07814, 0.07717, 0.07774, 0.07927, 0.07707, 0.08101, 0.07754, 0.07515, 0.08248, 0.09548, 0.07251, 0.0775, 0.10052, 0.10733, 0.09737, 0.10597, 0.10453, 0.11895], "FUKUI+": [0.004, 0.003, 0.002, 0.002, 0.005, 0.007, 0.022, 0.029, -0.195, -0.297, 0.051, -0.01, -0.004, 0.003, -0.011, -0.003, -0.004, -0.007, -0.002, -0.008, -0.017, -0.009, 0.013, -0.018, -0.054, -0.021, -0.097, -0.092, -0.108, -0.107, -0.077], "FUKUI-": [0.014, 0.005, 0.006, -0.0, 0.007, 0.006, 0.01, -0.004, -0.023, -0.119, 0.002, -0.046, -0.04, -0.059, -0.087, -0.048, -0.042, -0.037, -0.035, -0.046, -0.04, -0.042, -0.034, -0.033, -0.057, -0.029, -0.051, -0.042, -0.049, -0.045, -0.041], "FUKUIrad": [0.009, 0.004, 0.004, 0.001, 0.006, 0.007, 0.016, 0.013, -0.109, -0.208, 0.026, -0.028, -0.022, -0.028, -0.049, -0.025, -0.023, -0.022, -0.019, -0.027, -0.029, -0.025, -0.011, -0.026, -0.055, -0.025, -0.074, -0.067, -0.078, -0.076, -0.059], "s proportion": [1.007, 1.027, 1.032, 1.032, 1.032, 1.032, 1.028, 1.042, 1.076, 1.739, 1.022, 0.972, 0.974, 0.974, 0.977, 0.977, 0.976, 0.978, 0.974, 0.978, 0.98, 0.973, 0.963, 0.983, 0.978, 0.958, 0.949, 0.959, 0.947, 0.948, 0.936], "p proportion": [3.078, 3.012, 3.015, 3.015, 3.012, 3.014, 3.004, 3.043, 2.527, 4.754, 3.105, 0.0, 0.0, 0.0, 0.0, 0.0, 0.0, 0.0, 0.0, 0.0, 0.0, 0.0, 0.0, 0.0, 0.0, 0.0, 0.0, 0.0, 0.0, 0.0, 0.0], "d proportion": [0.0, 0.0, 0.0, 0.0, 0.0, 0.0, 0.0, 0.0, 0.0, 0.0, 0.0, 0.0, 0.0, 0.0, 0.0, 0.0, 0.0, 0.0, 0.0, 0.0, 0.0, 0.0, 0.0, 0.0, 0.0, 0.0, 0.0, 0.0, 0.0, 0.0, 0.0], "Fermi-level/eV": -8.7959, "Coordination numbers": [3.749, 3.799, 3.801, 3.801, 3.802, 3.801, 3.801, 3.802, 2.809, 0.857, 3.751, 0.924, 0.924, 0.924, 0.924, 0.924, 0.924, 0.924, 0.924, 0.924, 0.924, 0.924, 0.924, 0.924, 0.924, 0.924, 0.924, 0.924, 0.924, 0.924, 0.924], "Dispersion coefficient C6": [22.46, 21.5, 21.602, 21.611, 21.618, 21.602, 21.523, 22.09, 23.085, 20.982, 23.187, 2.595, 2.554, 2.545, 2.631, 2.596, 2.62, 2.603, 2.569, 2.573, 2.636, 2.554, 2.431, 2.67, 2.587, 2.316, 2.211, 2.269, 2.155, 2.167, 2.102], "Total dispersion C6": 6848.009157, "Total dispersion C8": 145518.289458, "Polarizability alpha": [6.759, 6.602, 6.617, 6.619, 6.62, 6.617, 6.605, 6.691, 7.872, 6.141, 6.867, 2.519, 2.499, 2.495, 2.537, 2.52, 2.531, 2.523, 2.506, 2.508, 2.539, 2.499, 2.438, 2.555, 2.515, 2.38, 2.325, 2.355, 2.296, 2.302, 2.267], "Total polarizability alpha": 123.122891, "Wiberg matrix": [[0.0, 1.0209560181607564, 0.0, 0.0, 0.0, 0.0, 0.0, 0.0, 0.0, 0.0, 0.0, 0.9874055738794606, 0.9874588167197094, 0.9861587034360512, 0.0, 0.0, 0.0, 0.0, 0.0, 0.0, 0.0, 0.0, 0.0, 0.0, 0.0, 0.0, 0.0, 0.0, 0.0, 0.0, 0.0], [1.0209560181607564, 0.0, 1.0068954261696283, 0.0, 0.0, 0.0, 0.0, 0.0, 0.0, 0.0, 0.0, 0.0, 0.0, 0.0, 0.9781694010150566, 0.977838434993369, 0.0, 0.0, 0.0, 0.0, 0.0, 0.0, 0.0, 0.0, 0.0, 0.0, 0.0, 0.0, 0.0, 0.0, 0.0], [0.0, 1.0068954261696283, 0.0, 1.0078799937949778, 0.0, 0.0, 0.0, 0.0, 0.0, 0.0, 0.0, 0.0, 0.0, 0.0, 0.0, 0.0, 0.9771882253317772, 0.9772403910666134, 0.0, 0.0, 0.0, 0.0, 0.0, 0.0, 0.0, 0.0, 0.0, 0.0, 0.0, 0.0, 0.0], [0.0, 0.0, 1.0078799937949778, 0.0, 1.0067715737326848, 0.0, 0.0, 0.0, 0.0, 0.0, 0.0, 0.0, 0.0, 0.0, 0.0, 0.0, 0.0, 0.0, 0.9771431243215886, 0.9757204243328368, 0.0, 0.0, 0.0, 0.0, 0.0, 0.0, 0.0, 0.0, 0.0, 0.0, 0.0], [0.0, 0.0, 0.0, 1.0067715737326848, 0.0, 1.0071088246354474, 0.0, 0.0, 0.0, 0.0, 0.0, 0.0, 0.0, 0.0, 0.0, 0.0, 0.0, 0.0, 0.0, 0.0, 0.9774492546459264, 0.9770954482487563, 0.0, 0.0, 0.0, 0.0, 0.0, 0.0, 0.0, 0.0, 0.0], [0.0, 0.0, 0.0, 0.0, 1.0071088246354474, 0.0, 1.007696222524693, 0.0, 0.0, 0.0, 0.0, 0.0, 0.0, 0.0, 0.0, 0.0, 0.0, 0.0, 0.0, 0.0, 0.0, 0.0, 0.9764812000881954, 0.977331611789909, 0.0, 0.0, 0.0, 0.0, 0.0, 0.0, 0.0], [0.0, 0.0, 0.0, 0.0, 0.0, 1.007696222524693, 0.0, 1.00655683649318, 0.0, 0.0, 0.0, 0.0, 0.0, 0.0, 0.0, 0.0, 0.0, 0.0, 0.0, 0.0, 0.0, 0.0, 0.0, 0.0, 0.9768600914794408, 0.9746589150936978, 0.0, 0.0, 0.0, 0.0, 0.0], [0.0, 0.0, 0.0, 0.0, 0.0, 0.0, 1.00655683649318, 0.0, 0.9923767921654931, 0.0, 0.0, 0.0, 0.0, 0.0, 0.0, 0.0, 0.0, 0.0, 0.0, 0.0, 0.0, 0.0, 0.0, 0.0, 0.0, 0.0, 0.9467260880190654, 0.9582824867002291, 0.0, 0.0, 0.0], [0.0, 0.0, 0.0, 0.0, 0.0, 0.0, 0.0, 0.9923767921654931, 0.0, 1.857567878316424, 1.0080112801397425, 0.0, 0.0, 0.0, 0.0, 0.0, 0.0, 0.0, 0.0, 0.0, 0.0, 0.0, 0.0, 0.0, 0.0, 0.0, 0.0, 0.0, 0.0, 0.0, 0.0], [0.0, 0.0, 0.0, 0.0, 0.0, 0.0, 0.0, 0.0, 1.857567878316424, 0.0, 0.0, 0.0, 0.0, 0.0, 0.0, 0.0, 0.0, 0.0, 0.0, 0.0, 0.0, 0.0, 0.0, 0.0, 0.0, 0.0, 0.0, 0.0, 0.0, 0.0, 0.0], [0.0, 0.0, 0.0, 0.0, 0.0, 0.0, 0.0, 0.0, 1.0080112801397425, 0.0, 0.0, 0.0, 0.0, 0.0, 0.0, 0.0, 0.0, 0.0, 0.0, 0.0, 0.0, 0.0, 0.0, 0.0, 0.0, 0.0, 0.0, 0.0, 0.9623074668348847, 0.9642276368309264, 0.9828579930865424], [0.9874055738794606, 0.0, 0.0, 0.0, 0.0, 0.0, 0.0, 0.0, 0.0, 0.0, 0.0, 0.0, 0.0, 0.0, 0.0, 0.0, 0.0, 0.0, 0.0, 0.0, 0.0, 0.0, 0.0, 0.0, 0.0, 0.0, 0.0, 0.0, 0.0, 0.0, 0.0], [0.9874588167197094, 0.0, 0.0, 0.0, 0.0, 0.0, 0.0, 0.0, 0.0, 0.0, 0.0, 0.0, 0.0, 0.0, 0.0, 0.0, 0.0, 0.0, 0.0, 0.0, 0.0, 0.0, 0.0, 0.0, 0.0, 0.0, 0.0, 0.0, 0.0, 0.0, 0.0], [0.9861587034360512, 0.0, 0.0, 0.0, 0.0, 0.0, 0.0, 0.0, 0.0, 0.0, 0.0, 0.0, 0.0, 0.0, 0.0, 0.0, 0.0, 0.0, 0.0, 0.0, 0.0, 0.0, 0.0, 0.0, 0.0, 0.0, 0.0, 0.0, 0.0, 0.0, 0.0], [0.0, 0.9781694010150566, 0.0, 0.0, 0.0, 0.0, 0.0, 0.0, 0.0, 0.0, 0.0, 0.0, 0.0, 0.0, 0.0, 0.0, 0.0, 0.0, 0.0, 0.0, 0.0, 0.0, 0.0, 0.0, 0.0, 0.0, 0.0, 0.0, 0.0, 0.0, 0.0], [0.0, 0.977838434993369, 0.0, 0.0, 0.0, 0.0, 0.0, 0.0, 0.0, 0.0, 0.0, 0.0, 0.0, 0.0, 0.0, 0.0, 0.0, 0.0, 0.0, 0.0, 0.0, 0.0, 0.0, 0.0, 0.0, 0.0, 0.0, 0.0, 0.0, 0.0, 0.0], [0.0, 0.0, 0.9771882253317772, 0.0, 0.0, 0.0, 0.0, 0.0, 0.0, 0.0, 0.0, 0.0, 0.0, 0.0, 0.0, 0.0, 0.0, 0.0, 0.0, 0.0, 0.0, 0.0, 0.0, 0.0, 0.0, 0.0, 0.0, 0.0, 0.0, 0.0, 0.0], [0.0, 0.0, 0.9772403910666134, 0.0, 0.0, 0.0, 0.0, 0.0, 0.0, 0.0, 0.0, 0.0, 0.0, 0.0, 0.0, 0.0, 0.0, 0.0, 0.0, 0.0, 0.0, 0.0, 0.0, 0.0, 0.0, 0.0, 0.0, 0.0, 0.0, 0.0, 0.0], [0.0, 0.0, 0.0, 0.9771431243215886, 0.0, 0.0, 0.0, 0.0, 0.0, 0.0, 0.0, 0.0, 0.0, 0.0, 0.0, 0.0, 0.0, 0.0, 0.0, 0.0, 0.0, 0.0, 0.0, 0.0, 0.0, 0.0, 0.0, 0.0, 0.0, 0.0, 0.0], [0.0, 0.0, 0.0, 0.9757204243328368, 0.0, 0.0, 0.0, 0.0, 0.0, 0.0, 0.0, 0.0, 0.0, 0.0, 0.0, 0.0, 0.0, 0.0, 0.0, 0.0, 0.0, 0.0, 0.0, 0.0, 0.0, 0.0, 0.0, 0.0, 0.0, 0.0, 0.0], [0.0, 0.0, 0.0, 0.0, 0.9774492546459264, 0.0, 0.0, 0.0, 0.0, 0.0, 0.0, 0.0, 0.0, 0.0, 0.0, 0.0, 0.0, 0.0, 0.0, 0.0, 0.0, 0.0, 0.0, 0.0, 0.0, 0.0, 0.0, 0.0, 0.0, 0.0, 0.0], [0.0, 0.0, 0.0, 0.0, 0.9770954482487563, 0.0, 0.0, 0.0, 0.0, 0.0, 0.0, 0.0, 0.0, 0.0, 0.0, 0.0, 0.0, 0.0, 0.0, 0.0, 0.0, 0.0, 0.0, 0.0, 0.0, 0.0, 0.0, 0.0, 0.0, 0.0, 0.0], [0.0, 0.0, 0.0, 0.0, 0.0, 0.9764812000881954, 0.0, 0.0, 0.0, 0.0, 0.0, 0.0, 0.0, 0.0, 0.0, 0.0, 0.0, 0.0, 0.0, 0.0, 0.0, 0.0, 0.0, 0.0, 0.0, 0.0, 0.0, 0.0, 0.0, 0.0, 0.0], [0.0, 0.0, 0.0, 0.0, 0.0, 0.977331611789909, 0.0, 0.0, 0.0, 0.0, 0.0, 0.0, 0.0, 0.0, 0.0, 0.0, 0.0, 0.0, 0.0, 0.0, 0.0, 0.0, 0.0, 0.0, 0.0, 0.0, 0.0, 0.0, 0.0, 0.0, 0.0], [0.0, 0.0, 0.0, 0.0, 0.0, 0.0, 0.9768600914794408, 0.0, 0.0, 0.0, 0.0, 0.0, 0.0, 0.0, 0.0, 0.0, 0.0, 0.0, 0.0, 0.0, 0.0, 0.0, 0.0, 0.0, 0.0, 0.0, 0.0, 0.0, 0.0, 0.0, 0.0], [0.0, 0.0, 0.0, 0.0, 0.0, 0.0, 0.9746589150936978, 0.0, 0.0, 0.0, 0.0, 0.0, 0.0, 0.0, 0.0, 0.0, 0.0, 0.0, 0.0, 0.0, 0.0, 0.0, 0.0, 0.0, 0.0, 0.0, 0.0, 0.0, 0.0, 0.0, 0.0], [0.0, 0.0, 0.0, 0.0, 0.0, 0.0, 0.0, 0.9467260880190654, 0.0, 0.0, 0.0, 0.0, 0.0, 0.0, 0.0, 0.0, 0.0, 0.0, 0.0, 0.0, 0.0, 0.0, 0.0, 0.0, 0.0, 0.0, 0.0, 0.0, 0.0, 0.0, 0.0], [0.0, 0.0, 0.0, 0.0, 0.0, 0.0, 0.0, 0.9582824867002291, 0.0, 0.0, 0.0, 0.0, 0.0, 0.0, 0.0, 0.0, 0.0, 0.0, 0.0, 0.0, 0.0, 0.0, 0.0, 0.0, 0.0, 0.0, 0.0, 0.0, 0.0, 0.0, 0.0], [0.0, 0.0, 0.0, 0.0, 0.0, 0.0, 0.0, 0.0, 0.0, 0.0, 0.9623074668348847, 0.0, 0.0, 0.0, 0.0, 0.0, 0.0, 0.0, 0.0, 0.0, 0.0, 0.0, 0.0, 0.0, 0.0, 0.0, 0.0, 0.0, 0.0, 0.0, 0.0], [0.0, 0.0, 0.0, 0.0, 0.0, 0.0, 0.0, 0.0, 0.0, 0.0, 0.9642276368309264, 0.0, 0.0, 0.0, 0.0, 0.0, 0.0, 0.0, 0.0, 0.0, 0.0, 0.0, 0.0, 0.0, 0.0, 0.0, 0.0, 0.0, 0.0, 0.0, 0.0], [0.0, 0.0, 0.0, 0.0, 0.0, 0.0, 0.0, 0.0, 0.0, 0.0, 0.9828579930865424, 0.0, 0.0, 0.0, 0.0, 0.0, 0.0, 0.0, 0.0, 0.0, 0.0, 0.0, 0.0, 0.0, 0.0, 0.0, 0.0, 0.0, 0.0, 0.0, 0.0]], "Born radii": [], "Atomic SASAs": [], "Solvent H bonds": [], "Total SASA": NaN, "Total FOD": 0.0, "FOD": [0.0, 0.0, 0.0, 0.0, 0.0, 0.0, 0.0, 0.0, 0.0, 0.0, 0.0, 0.0, 0.0, 0.0, 0.0, 0.0, 0.0, 0.0, 0.0, 0.0, 0.0, 0.0, 0.0, 0.0, 0.0, 0.0, 0.0, 0.0, 0.0, 0.0, 0.0], "FOD s proportion": [0.0, 0.0, 0.0, 0.0, 0.0, 0.0, 0.0, 0.0, 0.0, 0.0, 0.0, 0.0, 0.0, 0.0, 0.0, 0.0, 0.0, 0.0, 0.0, 0.0, 0.0, 0.0, 0.0, 0.0, 0.0, 0.0, 0.0, 0.0, 0.0, 0.0, 0.0], "FOD p proportion": [0.0, 0.0, 0.0, 0.0, 0.0, 0.0, 0.0, 0.0, 0.0, 0.0, 0.0, 0.0, 0.0, 0.0, 0.0, 0.0, 0.0, 0.0, 0.0, 0.0, 0.0, 0.0, 0.0, 0.0, 0.0, 0.0, 0.0, 0.0, 0.0, 0.0, 0.0], "FOD d proportion": [0.0, 0.0, 0.0, 0.0, 0.0, 0.0, 0.0, 0.0, 0.0, 0.0, 0.0, 0.0, 0.0, 0.0, 0.0, 0.0, 0.0, 0.0, 0.0, 0.0, 0.0, 0.0, 0.0, 0.0, 0.0, 0.0, 0.0, 0.0, 0.0, 0.0, 0.0], "coordinates": [["-4.58170", "0.28980", "1.17770"], ["-4.14250", "0.82590", "-0.17610"], ["-2.96060", "0.06490", "-0.78070"], ["-1.66730", "0.21540", "0.02350"], ["-0.49520", "-0.47410", "-0.67870"], ["0.79880", "-0.32820", "0.12480"], ["1.96970", "-1.02150", "-0.57870"], ["3.27230", "-0.91200", "0.21230"], ["3.89790", "0.47250", "0.17640"], ["3.51280", "1.36100", "-0.58190"], ["5.06040", "0.69880", "1.10790"], ["-5.48640", "0.80840", "1.51100"], ["-4.80550", "-0.78020", "1.12310"], ["-3.81240", "0.44490", "1.93970"], ["-4.98980", "0.75750", "-0.86880"], ["-3.89400", "1.88960", "-0.08410"], ["-2.79600", "0.44110", "-1.79800"], ["-3.21680", "-0.99740", "-0.87460"], ["-1.43970", "1.27970", "0.15800"], ["-1.79290", "-0.21940", "1.02140"], ["-0.72450", "-1.53780", "-0.81670"], ["-0.35780", "-0.04030", "-1.67660"], ["1.02010", "0.73580", "0.26640"], ["0.66140", "-0.76380", "1.12200"], ["1.72800", "-2.08450", "-0.70200"], ["2.09970", "-0.60560", "-1.58500"], ["4.00800", "-1.60470", "-0.21210"], ["3.10230", "-1.19340", "1.25730"], ["5.86880", "0.00690", "0.85900"], ["4.73740", "0.54670", "2.14070"], ["5.42530", "1.72400", "1.00060"]], "bond_dist": [[0.0, 1.5208794462415485, 2.552229570395265, 3.1355127746510614, 4.552938218337692, 5.517273118126381, 6.908349340472005, 8.003851347944936, 8.540468203793045, 8.352520089769314, 9.651023026083815, 1.0947679845519782, 1.0945170624526601, 1.0938567090803073, 2.1385628702472133, 2.1504489228995882, 3.473673368352298, 2.780606254038856, 3.448456770788927, 2.839211117546562, 4.711236033144593, 5.108554170212938, 5.69293833885455, 5.348202787853131, 6.9987775125374565, 7.285283687681626, 8.9052580187213, 7.826242674489463, 10.459185071027283, 9.372245804501713, 10.110803284111505], [1.5208794462415485, 0.0, 1.5302123284041338, 2.5571791978662737, 3.904536342512386, 5.083201088880903, 6.39796548599631, 7.625641613005426, 8.055878597024659, 7.684700627870939, 9.292910137303599, 2.1570071557600357, 2.169572964894244, 2.1750256665152254, 1.0965533001181473, 1.0962088943262593, 2.1428235811657483, 2.1608437310458153, 2.760921058270229, 2.8367725499235923, 4.204779429411251, 4.1624219848544906, 5.182312516628074, 5.223951082274795, 6.573413817796655, 6.557381512463645, 8.505278514546129, 7.656326474883369, 10.097936457514477, 9.18140179329932, 9.681632266307165], [2.552229570395265, 1.5302123284041338, 0.0, 1.5303636103880671, 2.5256924119931945, 3.886842705847511, 5.0526158621054895, 6.386659926753576, 6.936944602633063, 6.604869734521643, 8.264688752155157, 3.490608368178819, 2.782499678346792, 2.8758545512595033, 2.1459517725242567, 2.164721046694008, 1.0970500854564482, 1.0967848193697796, 2.161026038714018, 2.1660826830940687, 2.7513790178744912, 2.754681776539715, 4.170431357785427, 4.174433492104048, 5.1583993651131745, 5.167504700530034, 7.188341678022825, 6.5188587421419095, 8.980550342267449, 8.247782320114904, 8.732065122867557], [3.1355127746510614, 2.5571791978662737, 1.5303636103880671, 0.0, 1.5304618583943865, 2.5273329539259364, 3.8884875530210974, 5.070140467482139, 5.573233339812716, 5.339695172011226, 6.831657647306399, 4.141235330188324, 3.4711149159888097, 2.885471659885087, 3.482682579564207, 2.787959162182976, 2.154707968611988, 2.162965025144882, 1.096643287491425, 1.0957330012370716, 2.1606753851515967, 2.1611369114426786, 2.7480784795926048, 2.754701177986462, 4.164607106318673, 4.177511490109872, 5.964671110798985, 5.124067138514093, 7.5851391358366, 6.753701031286475, 7.316800744177745], [4.552938218337692, 3.904536342512386, 2.5256924119931945, 1.5304618583943865, 0.0, 1.530142169865271, 2.5269307014637343, 3.8961126344088157, 4.574557375309659, 4.409197914587187, 5.952505802601119, 5.599256180958324, 4.681758915194161, 4.3248578473748704, 4.664161846462878, 4.182399824263578, 2.7173708193767, 2.778367553078606, 2.160546592878756, 2.153888899177485, 1.0968501173815866, 1.0967523011145224, 2.157129136143685, 2.1596689885257883, 2.7452776344114995, 2.7517590646711785, 4.666345696580998, 4.148191743398562, 6.564783186823461, 6.030850003109014, 6.534830705534765], [5.517273118126381, 5.083201088880903, 3.886842705847511, 2.5273329539259364, 1.530142169865271, 0.0, 1.53185637381577, 2.5429669561360804, 3.2012815964860075, 3.273929982452282, 4.49248808234368, 6.535835756810295, 5.71043653147463, 5.015447244264464, 5.972761121123128, 5.19467495518247, 4.1486828476035615, 4.191857864956779, 2.756324890139042, 2.744565154992681, 2.1610176537918426, 2.1600120207998845, 1.095956317560148, 1.0968290477553921, 2.152115370978052, 2.1662658216387016, 3.4701467548217613, 2.7087339367313286, 5.133833036825409, 4.51019653452042, 5.136443587736558], [6.908349340472005, 6.39796548599631, 5.0526158621054895, 3.8884875530210974, 2.5269307014637343, 1.53185637381577, 0.0, 1.5278867791822797, 2.5534618168282837, 2.838569023293251, 3.9187342522809576, 7.956683185222344, 6.989827177405748, 6.474978604597856, 7.189133415092532, 6.565219726711361, 5.132035438303207, 5.194989881607086, 4.178786509263186, 4.166634514809284, 2.7535292498900388, 2.7541594180439155, 2.168879309689684, 2.1611197722477113, 1.0970828501075018, 1.0965913094676611, 2.1515540174487833, 2.1640767939239125, 4.28107097114729, 4.185038935302753, 4.687550543727502], [8.003851347944936, 7.625641613005426, 6.386659926753576, 5.070140467482139, 3.8961126344088157, 2.5429669561360804, 1.5278867791822797, 0.0, 1.5197053727614442, 2.419736119910599, 2.5678936134505257, 9.020045650660531, 8.130054164641217, 7.417416157935323, 8.498135317232833, 7.700173453241168, 6.534252106400547, 6.580050423818955, 5.197060840513607, 5.175962578110472, 4.174311545632405, 4.183949104613966, 2.791160419968727, 2.7688113225714748, 2.143726482086742, 2.167754370310437, 1.0959941331959766, 1.0954957599187685, 2.829206664420258, 2.8271983057436914, 3.493611582588998], [8.540468203793045, 8.055878597024659, 6.936944602633063, 5.573233339812716, 4.574557375309659, 3.2012815964860075, 2.5534618168282837, 1.5197053727614442, 0.0, 1.229940303429398, 1.5067548539825577, 9.484675664460013, 8.8439057966489, 7.909406724906742, 8.953484200578007, 7.923997619257593, 6.979078630449724, 7.340583294262112, 5.398322346803681, 5.794648846133818, 5.137522307494148, 4.6698560288300115, 2.8912211485806476, 3.5913130328613794, 3.4667422127986383, 2.7383120366386295, 2.116084615510448, 2.139286558645195, 2.1370945065672693, 2.1374611996478436, 2.1397449964890676], [8.352520089769314, 7.684700627870939, 6.604869734521643, 5.339695172011226, 4.409197914587187, 3.273929982452282, 2.838569023293251, 2.419736119910599, 1.229940303429398, 0.0, 2.3851621831649097, 9.255873692418236, 8.757047295178895, 7.801042289976385, 8.52881765662744, 7.442305357884747, 6.490460126986376, 7.136892882060091, 5.0081251931236705, 5.763565523180941, 5.139346628706805, 4.259525107332975, 2.706296587589764, 3.9431627166527123, 3.8821907861412477, 2.621178509754725, 3.0294143939051983, 3.1742914563725875, 3.075795119964918, 3.0943949990264654, 2.5087310537401173], [9.651023026083815, 9.292910137303599, 8.264688752155157, 6.831657647306399, 5.952505802601119, 4.49248808234368, 3.9187342522809576, 2.5678936134505257, 1.5067548539825577, 2.3851621831649097, 0.0, 10.555069493376156, 9.976154311657375, 8.915320313370687, 10.24291504504455, 9.111539277202288, 8.380553982882038, 8.678677349112595, 6.594774812683144, 6.915077322778104, 6.493961251039306, 6.136497396723965, 4.12716795635942, 4.635795354629019, 4.703975622810986, 4.209384071333952, 2.8558813018051015, 2.727067437743335, 1.0927888085078477, 1.0927667866475441, 1.093480836594771], [1.0947679845519782, 2.1570071557600357, 3.490608368178819, 4.141235330188324, 5.599256180958324, 6.535835756810295, 7.956683185222344, 9.020045650660531, 9.484675664460013, 9.255873692418236, 10.555069493376156, 0.0, 1.7713670370648764, 1.765840292891744, 2.4315942116233127, 2.499815035157601, 4.280495584625687, 3.7554074559227257, 4.292844462591208, 3.8649739002999746, 5.796424185651012, 6.097837601150099, 6.624865445426043, 6.35756074921821, 8.081695785539072, 8.314657251504718, 9.946645493833586, 8.822546946318845, 11.40210828268176, 10.246516257733651, 10.961935431756565], [1.0945170624526601, 2.169572964894244, 2.782499678346792, 3.4711149159888097, 4.681758915194161, 5.71043653147463, 6.989827177405748, 8.130054164641217, 8.8439057966489, 8.757047295178895, 9.976154311657375, 1.7713670370648764, 0.0, 1.7759372680362335, 2.523123736561487, 3.0685495156506764, 3.7499985533330547, 2.5616301099104843, 4.062415003418534, 3.066039512139399, 4.58163101962609, 5.307335243792313, 6.080280112790859, 5.466924709560212, 6.907880336977472, 7.419304402031232, 8.95211380289594, 7.919725040681652, 10.706537989004662, 9.688297775151215, 10.53353181653713], [1.0938567090803073, 2.1750256665152254, 2.8758545512595033, 2.885471659885087, 4.3248578473748704, 5.015447244264464, 6.474978604597856, 7.417416157935323, 7.909406724906742, 7.801042289976385, 8.915320313370687, 1.765840292891744, 1.7759372680362335, 0.0, 3.0613169992668188, 2.4878872743755895, 3.8734331916272935, 3.217957914578747, 3.0823775271695713, 2.315804315999087, 4.589549723012052, 5.024669729444912, 5.122266290422629, 4.705791688972218, 6.638710372504588, 6.962757122720855, 8.365988259614042, 7.138821523192745, 9.751173771910745, 8.55276822321288, 9.372998821615205], [2.1385628702472133, 1.0965533001181473, 2.1459517725242567, 3.482682579564207, 4.664161846462878, 5.972761121123128, 7.189133415092532, 8.498135317232833, 8.953484200578007, 8.52881765662744, 10.24291504504455, 2.4315942116233127, 2.523123736561487, 3.0613169992668188, 0.0, 1.760165372912443, 2.403389281826812, 2.494641587483059, 3.7323211397198928, 3.8402290634804586, 4.843955056562767, 4.769114139963522, 6.116211894628897, 6.1817230421622735, 7.296137545304364, 7.254791127248255, 9.32585913307723, 8.5911812010922, 11.020793399751216, 10.184299029879279, 10.625586412993872], [2.1504489228995882, 1.0962088943262593, 2.164721046694008, 2.787959162182976, 4.182399824263578, 5.19467495518247, 6.565219726711361, 7.700173453241168, 7.923997619257593, 7.442305357884747, 9.111539277202288, 2.499815035157601, 3.0685495156506764, 2.4878872743755895, 1.760165372912443, 0.0, 2.4982412733761326, 3.0689182279754537, 2.5405076087270433, 3.175631033353844, 4.725410434025811, 4.3318911228238415, 5.059889672710266, 5.408038270019916, 6.912463759037005, 6.6635698795765625, 8.64107172114663, 7.76224559325457, 9.987304978821864, 9.01411012857065, 9.38367465015705], [3.473673368352298, 2.1428235811657483, 1.0970500854564482, 2.154707968611988, 2.7173708193767, 4.1486828476035615, 5.132035438303207, 6.534252106400547, 6.979078630449724, 6.490460126986376, 8.380553982882038, 4.280495584625687, 3.7499985533330547, 3.8734331916272935, 2.403389281826812, 2.4982412733761326, 0.0, 1.760404058731972, 2.523635403539901, 3.06455318439736, 3.028218477917338, 2.4882329392562905, 4.348702641018353, 4.683139840961403, 5.295889666524407, 5.010871020092216, 7.27975222449226, 6.84078878712097, 9.073419293739267, 8.501566009271468, 8.778824981738728], [2.780606254038856, 2.1608437310458153, 1.0967848193697796, 2.162965025144882, 2.778367553078606, 4.191857864956779, 5.194989881607086, 6.580050423818955, 7.340583294262112, 7.136892882060091, 8.678677349112595, 3.7554074559227257, 2.5616301099104843, 3.217957914578747, 2.494641587483059, 3.0689182279754537, 1.760404058731972, 0.0, 3.0674959788074703, 2.4955142175511646, 2.550871196277852, 3.1197957320952923, 4.717752097132702, 4.368227988555542, 5.065829074297711, 5.378043106000546, 7.280484501734758, 6.6719141496275265, 9.303876332475621, 8.645552413813705, 9.252474556030942], [3.448456770788927, 2.760921058270229, 2.161026038714018, 1.096643287491425, 2.160546592878756, 2.756324890139042, 4.178786509263186, 5.197060840513607, 5.398322346803681, 5.0081251931236705, 6.594774812683144, 4.292844462591208, 4.062415003418534, 3.0823775271695713, 3.7323211397198928, 2.5405076087270433, 2.523635403539901, 3.0674959788074703, 0.0, 1.7656473628672291, 3.0659186845055104, 2.505726395678507, 2.5215459166947563, 3.08541884676943, 4.700187754760441, 4.372614486780192, 6.175287253237699, 5.287196620138124, 7.451549710630669, 6.5287788061780745, 6.9307721250954435], [2.839211117546562, 2.8367725499235923, 2.1660826830940687, 1.0957330012370716, 2.153888899177485, 2.744565154992681, 4.166634514809284, 5.175962578110472, 5.794648846133818, 5.763565523180941, 6.915077322778104, 3.8649739002999746, 3.066039512139399, 2.315804315999087, 3.8402290634804586, 3.175631033353844, 3.06455318439736, 2.4955142175511646, 1.7656473628672291, 0.0, 2.5016531993863578, 3.061175071765743, 3.0651918439145045, 2.515965065337752, 4.341133766655895, 4.700511265809284, 6.090239662771901, 4.996729715523944, 7.666761528833409, 6.669674638991021, 7.475269054689603], [4.711236033144593, 4.204779429411251, 2.7513790178744912, 2.1606753851515967, 1.0968501173815866, 2.1610176537918426, 2.7535292498900388, 4.174311545632405, 5.137522307494148, 5.139346628706805, 6.493961251039306, 5.796424185651012, 4.58163101962609, 4.589549723012052, 4.843955056562767, 4.725410434025811, 3.028218477917338, 2.550871196277852, 3.0659186845055104, 2.5016531993863578, 0.0, 1.7653337219913974, 3.063656594659395, 2.5056640836313235, 2.515311756025483, 3.0717075658337007, 4.771433015352935, 4.366289683472685, 6.976078659963633, 6.5516186259580165, 7.194578415028917], [5.108554170212938, 4.1624219848544906, 2.754681776539715, 2.1611369114426786, 1.0967523011145224, 2.1600120207998845, 2.7541594180439155, 4.183949104613966, 4.6698560288300115, 4.259525107332975, 6.136497396723965, 6.097837601150099, 5.307335243792313, 5.024669729444912, 4.769114139963522, 4.3318911228238415, 2.4882329392562905, 3.1197957320952923, 2.505726395678507, 3.061175071765743, 1.7653337219913974, 0.0, 2.505232248714677, 3.0650257502996614, 3.0788245224435897, 2.5233431990119772, 4.863364807414718, 4.680779938215426, 6.723246444984745, 6.393544504420064, 6.612442811851003], [5.69293833885455, 5.182312516628074, 4.170431357785427, 2.7480784795926048, 2.157129136143685, 1.095956317560148, 2.168879309689684, 2.791160419968727, 2.8912211485806476, 2.706296587589764, 4.12716795635942, 6.624865445426043, 6.080280112790859, 5.122266290422629, 6.116211894628897, 5.059889672710266, 4.348702641018353, 4.717752097132702, 2.5215459166947563, 3.0651918439145045, 3.063656594659395, 2.505232248714677, 0.0, 1.7633823209956485, 3.0648022872609575, 2.5283536303294283, 3.825499824859491, 3.0065349307799507, 4.938862385205726, 4.167382702608437, 4.57398905989072], [5.348202787853131, 5.223951082274795, 4.174433492104048, 2.754701177986462, 2.1596689885257883, 1.0968290477553921, 2.1611197722477113, 2.7688113225714748, 3.5913130328613794, 3.9431627166527123, 4.635795354629019, 6.35756074921821, 5.466924709560212, 4.705791688972218, 6.1817230421622735, 5.408038270019916, 4.683139840961403, 4.368227988555542, 3.08541884676943, 2.515965065337752, 2.5056640836313235, 3.0650257502996614, 1.7633823209956485, 0.0, 2.4917584252892575, 3.0694597456229977, 3.6995495915043497, 2.4821069799668183, 5.270688972990153, 4.4010153305799795, 5.3757446005181455], [6.9987775125374565, 6.573413817796655, 5.1583993651131745, 4.164607106318673, 2.7452776344114995, 2.152115370978052, 1.0970828501075018, 2.143726482086742, 3.4667422127986383, 3.8821907861412477, 4.703975622810986, 8.081695785539072, 6.907880336977472, 6.638710372504588, 7.296137545304364, 6.912463759037005, 5.295889666524407, 5.065829074297711, 4.700187754760441, 4.341133766655895, 2.515311756025483, 3.0788245224435897, 3.0648022872609575, 2.4917584252892575, 0.0, 1.762099628284394, 2.3808843000028372, 2.553745521777767, 4.8945785926880365, 4.905165144008915, 5.57436510286149], [7.285283687681626, 6.557381512463645, 5.167504700530034, 4.177511490109872, 2.7517590646711785, 2.1662658216387016, 1.0965913094676611, 2.167754370310437, 2.7383120366386295, 2.621178509754725, 4.209384071333952, 8.314657251504718, 7.419304402031232, 6.962757122720855, 7.254791127248255, 6.6635698795765625, 5.010871020092216, 5.378043106000546, 4.372614486780192, 4.700511265809284, 3.0717075658337007, 2.5233431990119772, 2.5283536303294283, 3.0694597456229977, 1.762099628284394, 0.0, 2.554342206909638, 3.0707303512356794, 4.533696842533696, 4.708088473042961, 4.81372816847815], [8.9052580187213, 8.505278514546129, 7.188341678022825, 5.964671110798985, 4.666345696580998, 3.4701467548217613, 2.1515540174487833, 1.0959941331959766, 2.116084615510448, 3.0294143939051983, 2.8558813018051015, 9.946645493833586, 8.95211380289594, 8.365988259614042, 9.32585913307723, 8.64107172114663, 7.27975222449226, 7.280484501734758, 6.175287253237699, 6.090239662771901, 4.771433015352935, 4.863364807414718, 3.825499824859491, 3.6995495915043497, 2.3808843000028372, 2.554342206909638, 0.0, 1.7744285108169335, 2.6846017227886896, 3.2705067130339294, 3.815707571342437], [7.826242674489463, 7.656326474883369, 6.5188587421419095, 5.124067138514093, 4.148191743398562, 2.7087339367313286, 2.1640767939239125, 1.0954957599187685, 2.139286558645195, 3.1742914563725875, 2.727067437743335, 8.822546946318845, 7.919725040681652, 7.138821523192745, 8.5911812010922, 7.76224559325457, 6.84078878712097, 6.6719141496275265, 5.287196620138124, 4.996729715523944, 4.366289683472685, 4.680779938215426, 3.0065349307799507, 2.4821069799668183, 2.553745521777767, 3.0707303512356794, 1.7744285108169335, 0.0, 3.041855557057238, 2.5459567121221833, 3.7381073620215886], [10.459185071027283, 10.097936457514477, 8.980550342267449, 7.5851391358366, 6.564783186823461, 5.133833036825409, 4.28107097114729, 2.829206664420258, 2.1370945065672693, 3.075795119964918, 1.0927888085078477, 11.40210828268176, 10.706537989004662, 9.751173771910745, 11.020793399751216, 9.987304978821864, 9.073419293739267, 9.303876332475621, 7.451549710630669, 7.666761528833409, 6.976078659963633, 6.723246444984745, 4.938862385205726, 5.270688972990153, 4.8945785926880365, 4.533696842533696, 2.6846017227886896, 3.041855557057238, 0.0, 1.7928203730435461, 1.7790939323149861], [9.372245804501713, 9.18140179329932, 8.247782320114904, 6.753701031286475, 6.030850003109014, 4.51019653452042, 4.185038935302753, 2.8271983057436914, 2.1374611996478436, 3.0943949990264654, 1.0927667866475441, 10.246516257733651, 9.688297775151215, 8.55276822321288, 10.184299029879279, 9.01411012857065, 8.501566009271468, 8.645552413813705, 6.5287788061780745, 6.669674638991021, 6.5516186259580165, 6.393544504420064, 4.167382702608437, 4.4010153305799795, 4.905165144008915, 4.708088473042961, 3.2705067130339294, 2.5459567121221833, 1.7928203730435461, 0.0, 1.7773771996962264], [10.110803284111505, 9.681632266307165, 8.732065122867557, 7.316800744177745, 6.534830705534765, 5.136443587736558, 4.687550543727502, 3.493611582588998, 2.1397449964890676, 2.5087310537401173, 1.093480836594771, 10.961935431756565, 10.53353181653713, 9.372998821615205, 10.625586412993872, 9.38367465015705, 8.778824981738728, 9.252474556030942, 6.9307721250954435, 7.475269054689603, 7.194578415028917, 6.612442811851003, 4.57398905989072, 5.3757446005181455, 5.57436510286149, 4.81372816847815, 3.815707571342437, 3.7381073620215886, 1.7790939323149861, 1.7773771996962264, 0.0]]}