{"total energy": -49.02821398, "HOMO-LUMO gap/eV": 3.15431224, "electronic energy": -49.64149126, "dipole": [1.00105471, -0.77188469, 0.60437725], "partial charges": [-0.05034791, -0.12735403, 0.23405729, -0.34762189, 0.26225827, -0.19780355, 0.05309758, -0.10904457, -0.11564066, -0.34807819, 0.26296397, -0.1965597, 0.05318853, -0.11595744, -0.10923004, -0.33852783, 0.05863321, 0.06647252, 0.06313108, 0.18220221, 0.06495117, 0.03547236, 0.03752682, 0.04340555, 0.04151092, 0.04539897, 0.04867016, 0.18600945, 0.06406392, 0.04502182, 0.04260786, 0.04903428, 0.03889319, 0.03433793, 0.04325675], "atomic dipole moments": [[-0.1065192, -0.12181084, -0.02355473], [0.25509048, 0.0055358, 0.32313242], [-0.00567379, 0.02507951, -0.03277801], [-0.19091441, -0.17011488, 0.11348046], [0.02040275, 0.00449365, 0.00880233], [-0.00318719, -0.13535621, -0.07114546], [0.02003488, 0.10547077, -0.1130238], [-0.03265464, 0.07727167, 0.07259235], [-0.09672412, -0.03405099, -0.07261553], [-0.05529391, 0.18383017, -0.22064611], [-0.02055231, -0.00554182, 0.0039345], [0.10102821, -0.09438009, -0.06535997], [-0.07036438, 0.07517179, -0.11824869], [0.10383865, 0.04276078, -0.05804973], [-0.03433863, 0.07487571, 0.07443094], [0.23812172, -0.00664478, 0.14017344], [-0.02446019, 0.05158749, 0.11927485], [0.12361012, -0.04118658, -0.00999963], [-0.01636461, 0.09221878, -0.08532852], [0.06550309, 0.05319455, -0.10162632], [-0.08460698, -0.05778175, 0.08694298], [-0.09680939, -0.04063212, -0.07326222], [0.08749738, 0.04102979, -0.08261734], [0.04779703, -0.10438464, 0.05388918], [0.09623464, 0.05192563, -0.06467002], [0.04788662, -0.10072626, 0.06231975], [-0.03157152, 0.08731342, 0.0884918], [-0.07102578, 0.00521273, -0.11209778], [0.09028277, 0.00542868, 0.09871858], [0.02282743, -0.11140381, 0.05763618], [-0.09826806, -0.01905496, -0.07868776], [-0.04422495, 0.08024127, 0.08980198], [-0.08247526, -0.02027157, -0.09514148], [0.10750014, 0.03750905, -0.05812583], [0.02626723, -0.11353087, 0.0494051]], "atomic quadrupole moments": [[0.03105937, 0.29981311, 0.14740139, 0.08578281, 0.06507237, -0.17846076], [-0.16424108, 0.31511106, 0.18976288, 0.21267878, -0.27458625, -0.0255218], [-0.32485355, -0.21944934, 0.16756671, -0.09777786, 0.16862382, 0.15728684], [-0.09340006, -0.09166591, 0.05533995, -0.03048208, 0.11082222, 0.03806011], [-0.08491293, -0.19099703, 0.07063917, -0.0560631, 0.32955344, 0.01427376], [0.00977512, -0.05841374, 0.02990597, 0.0820695, -0.02601225, -0.03968109], [-0.05805107, -0.13108011, 0.08298422, 0.18104497, -0.00232011, -0.02493315], [-0.09002499, -0.07413597, 0.04772393, -0.05145359, 0.15837011, 0.04230106], [0.10511715, 0.06609143, -0.09719997, 0.1739641, 0.05267763, -0.00791718], [-0.04485194, -0.0508373, 0.03731568, -0.05718775, 0.13785803, 0.00753626], [-0.15376598, -0.086513, 0.16740263, -0.2010766, 0.28333614, -0.01363666], [-0.02889913, 0.00961674, 0.0885121, -0.04506304, -0.06241572, -0.05961297], [-0.0937126, -0.02790739, 0.16759217, -0.14400323, -0.11088081, -0.07387958], [0.120372, 0.11055128, -0.06459966, -0.14332613, -0.06588045, -0.05577234], [-0.08584425, -0.07039195, 0.04113342, -0.08805377, 0.14523471, 0.04471083], [-0.10530241, -0.07542007, 0.07798453, -0.07897085, 0.10092328, 0.02731789], [-0.02341453, 0.01893153, -0.02565102, -0.02491223, 0.0358307, 0.04906555], [0.06048636, -0.02467671, -0.00807645, 0.00275634, 0.0158742, -0.05240992], [-0.04070206, -0.00217383, 0.02763755, 0.02186109, -0.06517367, 0.01306451], [0.05488478, 0.02595242, -0.01822189, -0.01396789, -0.03775793, -0.03666289], [0.0201511, 0.00993185, -0.01358343, -0.01035501, 0.00203599, -0.00656768], [0.04911637, 0.01766907, -0.04000967, 0.04667036, 0.01976961, -0.0091067], [0.01391135, 0.04556639, -0.01004875, -0.05103179, -0.02565215, -0.0038626], [-0.03357784, -0.04092247, 0.03378561, 0.02583141, -0.04670456, -0.00020777], [0.01452153, 0.0357339, -0.03199397, -0.05006269, -0.02805623, 0.01747243], [-0.02856001, -0.02709639, 0.05131696, 0.02471913, -0.04542814, -0.02275695], [-0.0147764, -0.02718249, 0.00789394, -0.02542219, 0.05873103, 0.00688246], [0.03964533, 0.03226802, -0.00963667, 0.04587636, -0.01305462, -0.03000866], [0.01361498, 0.01371049, -0.0104498, 0.01022068, 0.00981688, -0.00316518], [-0.02359687, -0.03061664, 0.05112171, 0.00916302, -0.04957692, -0.02752484], [0.01607368, 0.01275434, -0.04857435, 0.05680591, 0.00830199, 0.03250067], [-0.02668491, -0.0133169, 0.01661499, -0.02473357, 0.06051165, 0.01006992], [0.03461782, -3.996e-05, -0.04637496, 0.05968444, 0.01086589, 0.01175714], [0.03882009, 0.046566, -0.01716998, -0.03942114, -0.01072677, -0.02165011], [-0.04709349, -0.02196776, 0.05291889, 0.00409019, -0.05178425, -0.0058254]], "number of molecular orbitals": 88, "number of electrons": 90, "number of unpaired electrons": 0, "orbital energies/eV": [-19.32944009, -18.56755786, -18.07023701, -17.8523473, -17.65151337, -17.45517323, -17.15312141, -16.93723242, -16.39895971, -16.37827803, -16.32227724, -16.24837214, -16.11183015, -15.8701543, -15.39186261, -15.26116076, -14.93217173, -14.77373828, -14.4014175, -14.24277164, -13.97599959, -13.84653285, -13.82770882, -13.60890432, -13.56197017, -13.41331583, -13.35387072, -12.98436491, -12.95205337, -12.89630131, -12.78351963, -12.75189741, -12.61108149, -12.52494098, -12.39381934, -12.24197819, -12.20291069, -12.13507605, -12.0030135, -11.89483434, -10.63750929, -10.57362558, -10.17646407, -9.98852019, -9.93192237, -6.77761013, -6.26423012, -5.26286834, -3.53370274, -3.20593011, -0.09139516, 0.25365864, 0.54174142, 0.83330334, 1.25225327, 2.03071025, 2.24288247, 2.76367154, 2.95186001, 3.00626478, 3.17543994, 3.51489871, 3.87589084, 4.08348671, 4.16967883, 4.76047896, 4.79645847, 4.94571697, 5.14224725, 5.26276583, 5.54456653, 5.64891189, 5.8411912, 6.04189916, 6.07495717, 6.233598, 6.61982827, 6.67525941, 6.77199155, 6.87358873, 7.26440836, 7.57778879, 8.43039446, 10.46238947, 12.2474077, 12.44073986, 14.1471564, 17.72759513], "fractional occupation": [2.0, 2.0, 2.0, 2.0, 2.0, 2.0, 2.0, 2.0, 2.0, 2.0, 2.0, 2.0, 2.0, 2.0, 2.0, 2.0, 2.0, 2.0, 2.0, 2.0, 2.0, 2.0, 2.0, 2.0, 2.0, 2.0, 2.0, 2.0, 2.0, 2.0, 2.0, 2.0, 2.0, 2.0, 2.0, 2.0, 2.0, 2.0, 2.0, 2.0, 2.0, 2.0, 2.0, 2.0, 2.0, 0.0, 0.0, 0.0, 0.0, 0.0, 0.0, 0.0, 0.0, 0.0, 0.0, 0.0, 0.0, 0.0, 0.0, 0.0, 0.0, 0.0, 0.0, 0.0, 0.0, 0.0, 0.0, 0.0, 0.0, 0.0, 0.0, 0.0, 0.0, 0.0, 0.0, 0.0, 0.0, 0.0, 0.0, 0.0, 0.0, 0.0, 0.0, 0.0, 0.0, 0.0, 0.0, 0.0], "program call": "xtb /home/svss/Project-DBcg-Debug/aqme2_20220329/End-to-End-workflows-final/example-3/QDESCP/mol_905_rdkit_conf_7/mol_905_rdkit_conf_7.xyz --pop --wbo --acc 0.2 --gfn 2 --chrg 0 --uhf 0 --etemp 300 --input /home/svss/Project-DBcg-Debug/aqme2_20220329/End-to-End-workflows-final/example-3/QDESCP/mol_905_rdkit_conf_7/mol_905_rdkit_conf_7_xtb.inp", "method": "GFN2-xTB", "xtb version": "6.3.3 (7355c4f)", "Dipole module/D": 3.561, "Total charge": 0, "Transition dipole module/D": NaN, "HOMO": -9.9319, "LUMO": -6.7776, "HOMO occupancy": 2.0, "LUMO occupancy": 0, "mulliken charges": [-0.00947, -0.09797, 0.37723, -0.43629, 0.44376, -0.35953, 0.13556, -0.1044, -0.09998, -0.438, 0.44341, -0.35896, 0.13573, -0.09992, -0.10451, -0.4287, 0.03533, 0.03278, 0.03422, 0.21802, 0.0337, 0.03881, 0.02975, 0.03138, 0.02948, 0.0305, 0.03788, 0.21914, 0.03303, 0.03012, 0.02997, 0.03798, 0.03039, 0.03845, 0.03111], "cm5 charges": [-0.13838, -0.12468, 0.54624, -0.61448, 0.66215, -0.69936, 0.12371, -0.24651, -0.24218, -0.61536, 0.66192, -0.6984, 0.12395, -0.24212, -0.24663, -0.60183, 0.08961, 0.08804, 0.08656, 0.41984, 0.1053, 0.09427, 0.08381, 0.08324, 0.08343, 0.08226, 0.09152, 0.42074, 0.10459, 0.08188, 0.08393, 0.09163, 0.08445, 0.09386, 0.08297], "FUKUI+": [0.035, -0.245, -0.05, -0.074, -0.021, -0.044, 0.008, 0.011, 0.011, -0.106, -0.028, -0.047, 0.008, 0.011, 0.011, -0.068, -0.041, -0.041, -0.054, -0.032, -0.012, 0.003, -0.015, -0.029, -0.015, -0.024, -0.013, -0.033, -0.013, -0.025, -0.015, -0.013, -0.016, 0.003, -0.029], "FUKUI-": [0.047, -0.299, 0.027, -0.06, 0.0, -0.052, 0.004, 0.007, 0.011, -0.093, 0.0, -0.058, 0.004, 0.011, 0.007, -0.07, -0.046, -0.045, -0.045, -0.031, -0.017, -0.005, -0.02, -0.03, -0.02, -0.027, -0.019, -0.034, -0.019, -0.028, -0.022, -0.02, -0.021, -0.007, -0.032], "FUKUIrad": [0.041, -0.272, -0.012, -0.067, -0.01, -0.048, 0.006, 0.009, 0.011, -0.099, -0.014, -0.052, 0.006, 0.011, 0.009, -0.069, -0.044, -0.043, -0.05, -0.032, -0.015, -0.001, -0.017, -0.029, -0.018, -0.025, -0.016, -0.034, -0.016, -0.026, -0.019, -0.017, -0.018, -0.002, -0.031], "s proportion": [1.01, 1.926, 1.02, 1.537, 0.975, 1.449, 1.028, 1.018, 1.016, 1.526, 0.975, 1.45, 1.028, 1.016, 1.018, 1.535, 0.965, 0.967, 0.966, 0.782, 0.966, 0.961, 0.97, 0.969, 0.971, 0.969, 0.962, 0.781, 0.967, 0.97, 0.97, 0.962, 0.97, 0.962, 0.969], "p proportion": [3.0, 4.171, 2.603, 3.899, 2.581, 3.91, 2.837, 3.087, 3.084, 3.912, 2.581, 3.909, 2.836, 3.084, 3.087, 3.894, 0.0, 0.0, 0.0, 0.0, 0.0, 0.0, 0.0, 0.0, 0.0, 0.0, 0.0, 0.0, 0.0, 0.0, 0.0, 0.0, 0.0, 0.0, 0.0], "d proportion": [0.0, 0.001, 0.0, 0.0, 0.0, 0.0, 0.0, 0.0, 0.0, 0.0, 0.0, 0.0, 0.0, 0.0, 0.0, 0.0, 0.0, 0.0, 0.0, 0.0, 0.0, 0.0, 0.0, 0.0, 0.0, 0.0, 0.0, 0.0, 0.0, 0.0, 0.0, 0.0, 0.0, 0.0, 0.0], "Fermi-level/eV": -8.3548, "Coordination numbers": [3.742, 2.036, 3.005, 1.884, 2.934, 2.702, 3.79, 3.752, 3.755, 1.843, 2.935, 2.702, 3.791, 3.755, 3.752, 1.898, 0.924, 0.924, 0.924, 0.86, 0.924, 0.924, 0.924, 0.924, 0.924, 0.924, 0.924, 0.86, 0.924, 0.924, 0.924, 0.924, 0.924, 0.924, 0.924], "Dispersion coefficient C6": [21.553, 146.399, 23.1, 29.888, 22.595, 25.294, 19.696, 22.645, 22.77, 29.899, 22.582, 25.266, 19.695, 22.776, 22.648, 29.64, 2.215, 2.125, 2.163, 1.201, 2.142, 2.51, 2.482, 2.404, 2.429, 2.378, 2.337, 1.18, 2.152, 2.383, 2.415, 2.332, 2.464, 2.526, 2.406], "Total dispersion C6": 12861.660593, "Total dispersion C8": 311272.321109, "Polarizability alpha": [6.623, 20.364, 7.884, 8.104, 7.796, 7.47, 6.32, 6.786, 6.804, 8.104, 7.794, 7.465, 6.32, 6.805, 6.787, 8.071, 2.328, 2.28, 2.3, 1.717, 2.289, 2.478, 2.464, 2.425, 2.437, 2.412, 2.391, 1.702, 2.294, 2.414, 2.43, 2.388, 2.455, 2.485, 2.426], "Total polarizability alpha": 173.610405, "Wiberg matrix": [[0.0, 1.0090867531957046, 0.0, 0.0, 0.0, 0.0, 0.0, 0.0, 0.0, 0.0, 0.0, 0.0, 0.0, 0.0, 0.0, 0.0, 0.9830277183438673, 0.9814112911062846, 0.9801523491658354, 0.0, 0.0, 0.0, 0.0, 0.0, 0.0, 0.0, 0.0, 0.0, 0.0, 0.0, 0.0, 0.0, 0.0, 0.0, 0.0], [1.0090867531957046, 0.0, 1.0521866061836822, 0.0, 0.0, 0.0, 0.0, 0.0, 0.0, 0.0, 0.0, 0.0, 0.0, 0.0, 0.0, 0.0, 0.0, 0.0, 0.0, 0.0, 0.0, 0.0, 0.0, 0.0, 0.0, 0.0, 0.0, 0.0, 0.0, 0.0, 0.0, 0.0, 0.0, 0.0, 0.0], [0.0, 1.0521866061836822, 0.0, 1.38346800915451, 0.0, 0.0, 0.0, 0.0, 0.0, 0.0, 0.0, 0.0, 0.0, 0.0, 0.0, 1.3872951532131095, 0.0, 0.0, 0.0, 0.0, 0.0, 0.0, 0.0, 0.0, 0.0, 0.0, 0.0, 0.0, 0.0, 0.0, 0.0, 0.0, 0.0, 0.0, 0.0], [0.0, 0.0, 1.38346800915451, 0.0, 1.3042370419359188, 0.0, 0.0, 0.0, 0.0, 0.0, 0.0, 0.0, 0.0, 0.0, 0.0, 0.0, 0.0, 0.0, 0.0, 0.0, 0.0, 0.0, 0.0, 0.0, 0.0, 0.0, 0.0, 0.0, 0.0, 0.0, 0.0, 0.0, 0.0, 0.0, 0.0], [0.0, 0.0, 0.0, 1.3042370419359188, 0.0, 1.1892218225270395, 0.0, 0.0, 0.0, 1.3365382467213416, 0.0, 0.0, 0.0, 0.0, 0.0, 0.0, 0.0, 0.0, 0.0, 0.0, 0.0, 0.0, 0.0, 0.0, 0.0, 0.0, 0.0, 0.0, 0.0, 0.0, 0.0, 0.0, 0.0, 0.0, 0.0], [0.0, 0.0, 0.0, 0.0, 1.1892218225270395, 0.0, 0.9795744823619834, 0.0, 0.0, 0.0, 0.0, 0.0, 0.0, 0.0, 0.0, 0.0, 0.0, 0.0, 0.0, 0.9330401170812266, 0.0, 0.0, 0.0, 0.0, 0.0, 0.0, 0.0, 0.0, 0.0, 0.0, 0.0, 0.0, 0.0, 0.0, 0.0], [0.0, 0.0, 0.0, 0.0, 0.0, 0.9795744823619834, 0.0, 0.9990897134597485, 1.0052963882321564, 0.0, 0.0, 0.0, 0.0, 0.0, 0.0, 0.0, 0.0, 0.0, 0.0, 0.0, 0.9609642207091025, 0.0, 0.0, 0.0, 0.0, 0.0, 0.0, 0.0, 0.0, 0.0, 0.0, 0.0, 0.0, 0.0, 0.0], [0.0, 0.0, 0.0, 0.0, 0.0, 0.0, 0.9990897134597485, 0.0, 0.0, 0.0, 0.0, 0.0, 0.0, 0.0, 0.0, 0.0, 0.0, 0.0, 0.0, 0.0, 0.0, 0.9854265736017986, 0.985586834672048, 0.9842755967717448, 0.0, 0.0, 0.0, 0.0, 0.0, 0.0, 0.0, 0.0, 0.0, 0.0, 0.0], [0.0, 0.0, 0.0, 0.0, 0.0, 0.0, 1.0052963882321564, 0.0, 0.0, 0.0, 0.0, 0.0, 0.0, 0.0, 0.0, 0.0, 0.0, 0.0, 0.0, 0.0, 0.0, 0.0, 0.0, 0.0, 0.985790868343374, 0.9851214375018182, 0.9857388309336657, 0.0, 0.0, 0.0, 0.0, 0.0, 0.0, 0.0, 0.0], [0.0, 0.0, 0.0, 0.0, 1.3365382467213416, 0.0, 0.0, 0.0, 0.0, 0.0, 1.3306158364293432, 0.0, 0.0, 0.0, 0.0, 0.0, 0.0, 0.0, 0.0, 0.0, 0.0, 0.0, 0.0, 0.0, 0.0, 0.0, 0.0, 0.0, 0.0, 0.0, 0.0, 0.0, 0.0, 0.0, 0.0], [0.0, 0.0, 0.0, 0.0, 0.0, 0.0, 0.0, 0.0, 0.0, 1.3306158364293432, 0.0, 1.19199920701594, 0.0, 0.0, 0.0, 1.3085478471599303, 0.0, 0.0, 0.0, 0.0, 0.0, 0.0, 0.0, 0.0, 0.0, 0.0, 0.0, 0.0, 0.0, 0.0, 0.0, 0.0, 0.0, 0.0, 0.0], [0.0, 0.0, 0.0, 0.0, 0.0, 0.0, 0.0, 0.0, 0.0, 0.0, 1.19199920701594, 0.0, 0.9795325272221133, 0.0, 0.0, 0.0, 0.0, 0.0, 0.0, 0.0, 0.0, 0.0, 0.0, 0.0, 0.0, 0.0, 0.0, 0.9316796101099505, 0.0, 0.0, 0.0, 0.0, 0.0, 0.0, 0.0], [0.0, 0.0, 0.0, 0.0, 0.0, 0.0, 0.0, 0.0, 0.0, 0.0, 0.0, 0.9795325272221133, 0.0, 1.005280417052276, 0.9988414770322573, 0.0, 0.0, 0.0, 0.0, 0.0, 0.0, 0.0, 0.0, 0.0, 0.0, 0.0, 0.0, 0.0, 0.9610460644612768, 0.0, 0.0, 0.0, 0.0, 0.0, 0.0], [0.0, 0.0, 0.0, 0.0, 0.0, 0.0, 0.0, 0.0, 0.0, 0.0, 0.0, 0.0, 1.005280417052276, 0.0, 0.0, 0.0, 0.0, 0.0, 0.0, 0.0, 0.0, 0.0, 0.0, 0.0, 0.0, 0.0, 0.0, 0.0, 0.0, 0.9851866090725395, 0.9857317217546808, 0.9857132635330772, 0.0, 0.0, 0.0], [0.0, 0.0, 0.0, 0.0, 0.0, 0.0, 0.0, 0.0, 0.0, 0.0, 0.0, 0.0, 0.9988414770322573, 0.0, 0.0, 0.0, 0.0, 0.0, 0.0, 0.0, 0.0, 0.0, 0.0, 0.0, 0.0, 0.0, 0.0, 0.0, 0.0, 0.0, 0.0, 0.0, 0.9854957725372554, 0.9855285712724566, 0.9842864365423534], [0.0, 0.0, 1.3872951532131095, 0.0, 0.0, 0.0, 0.0, 0.0, 0.0, 0.0, 1.3085478471599303, 0.0, 0.0, 0.0, 0.0, 0.0, 0.0, 0.0, 0.0, 0.0, 0.0, 0.0, 0.0, 0.0, 0.0, 0.0, 0.0, 0.0, 0.0, 0.0, 0.0, 0.0, 0.0, 0.0, 0.0], [0.9830277183438673, 0.0, 0.0, 0.0, 0.0, 0.0, 0.0, 0.0, 0.0, 0.0, 0.0, 0.0, 0.0, 0.0, 0.0, 0.0, 0.0, 0.0, 0.0, 0.0, 0.0, 0.0, 0.0, 0.0, 0.0, 0.0, 0.0, 0.0, 0.0, 0.0, 0.0, 0.0, 0.0, 0.0, 0.0], [0.9814112911062846, 0.0, 0.0, 0.0, 0.0, 0.0, 0.0, 0.0, 0.0, 0.0, 0.0, 0.0, 0.0, 0.0, 0.0, 0.0, 0.0, 0.0, 0.0, 0.0, 0.0, 0.0, 0.0, 0.0, 0.0, 0.0, 0.0, 0.0, 0.0, 0.0, 0.0, 0.0, 0.0, 0.0, 0.0], [0.9801523491658354, 0.0, 0.0, 0.0, 0.0, 0.0, 0.0, 0.0, 0.0, 0.0, 0.0, 0.0, 0.0, 0.0, 0.0, 0.0, 0.0, 0.0, 0.0, 0.0, 0.0, 0.0, 0.0, 0.0, 0.0, 0.0, 0.0, 0.0, 0.0, 0.0, 0.0, 0.0, 0.0, 0.0, 0.0], [0.0, 0.0, 0.0, 0.0, 0.0, 0.9330401170812266, 0.0, 0.0, 0.0, 0.0, 0.0, 0.0, 0.0, 0.0, 0.0, 0.0, 0.0, 0.0, 0.0, 0.0, 0.0, 0.0, 0.0, 0.0, 0.0, 0.0, 0.0, 0.0, 0.0, 0.0, 0.0, 0.0, 0.0, 0.0, 0.0], [0.0, 0.0, 0.0, 0.0, 0.0, 0.0, 0.9609642207091025, 0.0, 0.0, 0.0, 0.0, 0.0, 0.0, 0.0, 0.0, 0.0, 0.0, 0.0, 0.0, 0.0, 0.0, 0.0, 0.0, 0.0, 0.0, 0.0, 0.0, 0.0, 0.0, 0.0, 0.0, 0.0, 0.0, 0.0, 0.0], [0.0, 0.0, 0.0, 0.0, 0.0, 0.0, 0.0, 0.9854265736017986, 0.0, 0.0, 0.0, 0.0, 0.0, 0.0, 0.0, 0.0, 0.0, 0.0, 0.0, 0.0, 0.0, 0.0, 0.0, 0.0, 0.0, 0.0, 0.0, 0.0, 0.0, 0.0, 0.0, 0.0, 0.0, 0.0, 0.0], [0.0, 0.0, 0.0, 0.0, 0.0, 0.0, 0.0, 0.985586834672048, 0.0, 0.0, 0.0, 0.0, 0.0, 0.0, 0.0, 0.0, 0.0, 0.0, 0.0, 0.0, 0.0, 0.0, 0.0, 0.0, 0.0, 0.0, 0.0, 0.0, 0.0, 0.0, 0.0, 0.0, 0.0, 0.0, 0.0], [0.0, 0.0, 0.0, 0.0, 0.0, 0.0, 0.0, 0.9842755967717448, 0.0, 0.0, 0.0, 0.0, 0.0, 0.0, 0.0, 0.0, 0.0, 0.0, 0.0, 0.0, 0.0, 0.0, 0.0, 0.0, 0.0, 0.0, 0.0, 0.0, 0.0, 0.0, 0.0, 0.0, 0.0, 0.0, 0.0], [0.0, 0.0, 0.0, 0.0, 0.0, 0.0, 0.0, 0.0, 0.985790868343374, 0.0, 0.0, 0.0, 0.0, 0.0, 0.0, 0.0, 0.0, 0.0, 0.0, 0.0, 0.0, 0.0, 0.0, 0.0, 0.0, 0.0, 0.0, 0.0, 0.0, 0.0, 0.0, 0.0, 0.0, 0.0, 0.0], [0.0, 0.0, 0.0, 0.0, 0.0, 0.0, 0.0, 0.0, 0.9851214375018182, 0.0, 0.0, 0.0, 0.0, 0.0, 0.0, 0.0, 0.0, 0.0, 0.0, 0.0, 0.0, 0.0, 0.0, 0.0, 0.0, 0.0, 0.0, 0.0, 0.0, 0.0, 0.0, 0.0, 0.0, 0.0, 0.0], [0.0, 0.0, 0.0, 0.0, 0.0, 0.0, 0.0, 0.0, 0.9857388309336657, 0.0, 0.0, 0.0, 0.0, 0.0, 0.0, 0.0, 0.0, 0.0, 0.0, 0.0, 0.0, 0.0, 0.0, 0.0, 0.0, 0.0, 0.0, 0.0, 0.0, 0.0, 0.0, 0.0, 0.0, 0.0, 0.0], [0.0, 0.0, 0.0, 0.0, 0.0, 0.0, 0.0, 0.0, 0.0, 0.0, 0.0, 0.9316796101099505, 0.0, 0.0, 0.0, 0.0, 0.0, 0.0, 0.0, 0.0, 0.0, 0.0, 0.0, 0.0, 0.0, 0.0, 0.0, 0.0, 0.0, 0.0, 0.0, 0.0, 0.0, 0.0, 0.0], [0.0, 0.0, 0.0, 0.0, 0.0, 0.0, 0.0, 0.0, 0.0, 0.0, 0.0, 0.0, 0.9610460644612768, 0.0, 0.0, 0.0, 0.0, 0.0, 0.0, 0.0, 0.0, 0.0, 0.0, 0.0, 0.0, 0.0, 0.0, 0.0, 0.0, 0.0, 0.0, 0.0, 0.0, 0.0, 0.0], [0.0, 0.0, 0.0, 0.0, 0.0, 0.0, 0.0, 0.0, 0.0, 0.0, 0.0, 0.0, 0.0, 0.9851866090725395, 0.0, 0.0, 0.0, 0.0, 0.0, 0.0, 0.0, 0.0, 0.0, 0.0, 0.0, 0.0, 0.0, 0.0, 0.0, 0.0, 0.0, 0.0, 0.0, 0.0, 0.0], [0.0, 0.0, 0.0, 0.0, 0.0, 0.0, 0.0, 0.0, 0.0, 0.0, 0.0, 0.0, 0.0, 0.9857317217546808, 0.0, 0.0, 0.0, 0.0, 0.0, 0.0, 0.0, 0.0, 0.0, 0.0, 0.0, 0.0, 0.0, 0.0, 0.0, 0.0, 0.0, 0.0, 0.0, 0.0, 0.0], [0.0, 0.0, 0.0, 0.0, 0.0, 0.0, 0.0, 0.0, 0.0, 0.0, 0.0, 0.0, 0.0, 0.9857132635330772, 0.0, 0.0, 0.0, 0.0, 0.0, 0.0, 0.0, 0.0, 0.0, 0.0, 0.0, 0.0, 0.0, 0.0, 0.0, 0.0, 0.0, 0.0, 0.0, 0.0, 0.0], [0.0, 0.0, 0.0, 0.0, 0.0, 0.0, 0.0, 0.0, 0.0, 0.0, 0.0, 0.0, 0.0, 0.0, 0.9854957725372554, 0.0, 0.0, 0.0, 0.0, 0.0, 0.0, 0.0, 0.0, 0.0, 0.0, 0.0, 0.0, 0.0, 0.0, 0.0, 0.0, 0.0, 0.0, 0.0, 0.0], [0.0, 0.0, 0.0, 0.0, 0.0, 0.0, 0.0, 0.0, 0.0, 0.0, 0.0, 0.0, 0.0, 0.0, 0.9855285712724566, 0.0, 0.0, 0.0, 0.0, 0.0, 0.0, 0.0, 0.0, 0.0, 0.0, 0.0, 0.0, 0.0, 0.0, 0.0, 0.0, 0.0, 0.0, 0.0, 0.0], [0.0, 0.0, 0.0, 0.0, 0.0, 0.0, 0.0, 0.0, 0.0, 0.0, 0.0, 0.0, 0.0, 0.0, 0.9842864365423534, 0.0, 0.0, 0.0, 0.0, 0.0, 0.0, 0.0, 0.0, 0.0, 0.0, 0.0, 0.0, 0.0, 0.0, 0.0, 0.0, 0.0, 0.0, 0.0, 0.0]], "Born radii": [], "Atomic SASAs": [], "Solvent H bonds": [], "Total SASA": NaN, "Total FOD": 0.0, "FOD": [0.0, 0.0, 0.0, 0.0, 0.0, 0.0, 0.0, 0.0, 0.0, 0.0, 0.0, 0.0, 0.0, 0.0, 0.0, 0.0, 0.0, 0.0, 0.0, 0.0, 0.0, 0.0, 0.0, 0.0, 0.0, 0.0, 0.0, 0.0, 0.0, 0.0, 0.0, 0.0, 0.0, 0.0, 0.0], "FOD s proportion": [0.0, 0.0, 0.0, 0.0, 0.0, 0.0, 0.0, 0.0, 0.0, 0.0, 0.0, 0.0, 0.0, 0.0, 0.0, 0.0, 0.0, 0.0, 0.0, 0.0, 0.0, 0.0, 0.0, 0.0, 0.0, 0.0, 0.0, 0.0, 0.0, 0.0, 0.0, 0.0, 0.0, 0.0, 0.0], "FOD p proportion": [0.0, 0.0, 0.0, 0.0, 0.0, 0.0, 0.0, 0.0, 0.0, 0.0, 0.0, 0.0, 0.0, 0.0, 0.0, 0.0, 0.0, 0.0, 0.0, 0.0, 0.0, 0.0, 0.0, 0.0, 0.0, 0.0, 0.0, 0.0, 0.0, 0.0, 0.0, 0.0, 0.0, 0.0, 0.0], "FOD d proportion": [0.0, 0.0, 0.0, 0.0, 0.0, 0.0, 0.0, 0.0, 0.0, 0.0, 0.0, 0.0, 0.0, 0.0, 0.0, 0.0, 0.0, 0.0, 0.0, 0.0, 0.0, 0.0, 0.0, 0.0, 0.0, 0.0, 0.0, 0.0, 0.0, 0.0, 0.0, 0.0, 0.0, 0.0, 0.0], "coordinates": [["0.01340", "4.28450", "-2.77110"], ["-1.12920", "2.92830", "-3.12680"], ["-0.79910", "1.88130", "-1.72590"], ["0.40880", "1.92570", "-1.17550"], ["0.58190", "1.10960", "-0.15020"], ["1.83570", "1.15180", "0.43700"], ["2.32700", "-0.05730", "1.08350"], ["2.74490", "-1.09810", "0.04470"], ["3.52460", "0.32410", "1.95450"], ["-0.34930", "0.28730", "0.31110"], ["-1.52010", "0.31280", "-0.31010"], ["-2.55380", "-0.51040", "0.10480"], ["-2.20590", "-1.78880", "0.70830"], ["-3.45330", "-2.34290", "1.39780"], ["-1.71100", "-2.77410", "-0.35070"], ["-1.79260", "1.08820", "-1.34410"], ["-0.17700", "4.70230", "-1.77850"], ["1.05160", "3.94700", "-2.83490"], ["-0.13330", "5.07610", "-3.51100"], ["2.47030", "1.60410", "-0.21080"], ["1.56540", "-0.48660", "1.74630"], ["1.89250", "-1.41870", "-0.56350"], ["3.50440", "-0.69850", "-0.63670"], ["3.15870", "-1.98770", "0.53110"], ["4.33300", "0.75910", "1.35580"], ["3.92160", "-0.55190", "2.47810"], ["3.23570", "1.06590", "2.70740"], ["-3.24330", "-0.53660", "-0.63870"], ["-1.43560", "-1.66310", "1.47940"], ["-3.23800", "-3.30000", "1.88440"], ["-4.26960", "-2.49930", "0.68350"], ["-3.81380", "-1.64760", "2.16400"], ["-2.45740", "-2.91940", "-1.13980"], ["-0.79200", "-2.41770", "-0.82790"], ["-1.49540", "-3.74980", "0.09730"]], "bond_dist": [[0.0, 1.8086834134253569, 2.743714549657089, 2.875103121628858, 4.155995557023612, 4.840092167510863, 6.249953068623796, 6.660495826137871, 7.0953920934646035, 5.060545026970909, 4.917575026372247, 6.152429004872791, 7.342784876325876, 8.562719594848357, 7.658702597698908, 3.9388194538465457, 1.0936469997215739, 1.0935428340947602, 1.093436536795803, 4.44702573187968, 6.7512222574879, 6.3977343497522625, 6.447715359722388, 7.754864909848528, 6.936763865809475, 8.137499176036826, 7.124364217247741, 6.196469144601626, 7.452536280354495, 9.474699069627489, 8.734889386821106, 8.613505805419766, 7.788592141074021, 7.024541283244052, 8.663381123441356], [1.8086834134253569, 0.0, 1.7798021856374937, 2.6792204929792547, 3.8853160051661177, 4.964600155098092, 6.211743063746278, 6.424870428265461, 7.366092707127708, 4.40480208635984, 3.863604786983265, 4.929237406536634, 6.174002535632781, 7.325230058503283, 6.368876526515489, 2.6465235423097977, 2.4231536744498894, 2.424632743324234, 2.3984310058869736, 4.817983176599935, 6.532190657046073, 5.881971334510225, 6.389407265936332, 7.478861866621151, 7.391533010140724, 8.30886735301509, 7.520556855047371, 4.760839466942779, 6.510907260896902, 8.267459329806226, 7.337529557691743, 7.49256315355433, 6.317268359821355, 5.829096074864438, 7.424684697682455], [2.743714549657089, 1.7798021856374937, 0.0, 1.3281317442181706, 2.232826097124449, 3.486040404240892, 4.628541836259018, 4.95699351623542, 5.8876648758230115, 2.625361887435711, 2.23260450819217, 3.4857801809637965, 4.623207748955264, 5.8860976011275925, 4.9391786574287835, 1.3273360915759052, 2.8892587578823745, 2.9869864378667677, 3.719760568907628, 3.6140481748310993, 4.822238432512437, 4.4142818577884215, 5.134377949664398, 5.977239399589077, 6.090538411339345, 6.7734102732670785, 6.049680742816103, 3.605878241150136, 4.82098036710377, 6.76966535288119, 6.085986770442406, 6.055813183214951, 5.112748046794405, 4.391794099226419, 5.959713008190914], [2.875103121628858, 2.6792204929792547, 1.3281317442181706, 0.0, 1.32182559742199, 2.2880386950399245, 3.5657904088715027, 4.011186568834713, 4.697896571871288, 2.3385999508252797, 2.6591387289872634, 4.043606071318026, 4.917608034400464, 6.305444889934413, 5.221299370846303, 2.361354308442509, 2.901082246334978, 2.693038040949292, 3.9589711820118123, 2.29866372051242, 3.9615439023188928, 3.709571545340513, 4.093833220833502, 5.078300220546241, 4.81329210520201, 5.641547532370883, 4.879296266881116, 4.437218716718841, 4.830092215475808, 7.068951742656049, 6.702531802237121, 6.461507865815842, 5.629508943060665, 4.519720119653428, 6.120236738068225], [4.155995557023612, 3.8853160051661177, 2.232826097124449, 1.32182559742199, 0.0, 1.3851350547870773, 2.4349631023898493, 3.0968523213094934, 3.7021960550462474, 1.3251824100854945, 2.2536331223160526, 3.5386493878314647, 4.112125198726322, 5.53162718284593, 4.51450067560079, 2.657838486439686, 4.01681259084862, 3.9343450458748537, 5.247819540533001, 1.9530123322703314, 2.666803131091607, 2.8776362070282615, 3.4708664782731122, 4.086237293648033, 4.057294352151444, 4.563128228529196, 3.9000566521526325, 4.192941894422101, 3.7965468125653343, 6.178657243285146, 6.103791211206359, 5.681536057264796, 5.142907120491288, 3.845610977465089, 5.290576518679226], [4.840092167510863, 4.964600155098092, 3.486040404240892, 2.2880386950399245, 1.3851350547870773, 0.0, 1.456454856835597, 2.4581688184500265, 2.416666454022979, 2.353175739293604, 3.5388519395419755, 4.705419846304897, 5.005523210414672, 6.411675734938566, 5.349041315039547, 4.042390760428784, 4.643861732437778, 4.374161115002511, 5.904557179839992, 1.0133791442495745, 2.1146354626743586, 2.75893036157131, 2.7131165603416303, 3.40817312647113, 2.689779548587579, 3.3792989968335148, 2.668725345553566, 5.459310034244255, 4.439781915815235, 6.903326856668458, 7.118004042566989, 6.537279220746196, 6.1230446095059605, 4.609350230780906, 5.9361019078179575], [6.249953068623796, 6.211743063746278, 4.628541836259018, 3.5657904088715027, 2.4349631023898493, 1.456454856835597, 0.0, 1.5287283898717914, 1.5291673289735168, 2.806765506771095, 4.108439287612755, 4.998535979664446, 4.866831587388246, 6.223714320243179, 5.073793046626951, 4.916962087508913, 6.092196004726046, 5.745861311413633, 7.315347011591453, 2.1109233382574555, 1.0971038647274924, 2.1805525010877402, 2.1809393022273684, 2.1733188468331104, 2.1828175026785908, 2.175382145738997, 2.1735604753491446, 5.850123367929944, 4.110047348875679, 6.490436741853355, 7.045459215693466, 6.434746224988209, 6.002096522049608, 4.353515719507626, 5.405357384114394], [6.660495826137871, 6.424870428265461, 4.95699351623542, 4.011186568834713, 3.0968523213094934, 2.4581688184500265, 1.5287283898717914, 0.0, 2.505577971247353, 3.4006434332343636, 4.5063007944432645, 5.331531205010433, 5.042603701462172, 6.465144228089579, 4.777066251372279, 5.224708544981241, 6.745828193039013, 6.050817718292297, 7.684255550799961, 2.728107448397149, 2.15884113820355, 1.0951152268140554, 1.0958222346712994, 1.0950815312112612, 2.7731275953334715, 2.757606369661921, 3.466085966908495, 6.053169174077328, 4.455801761748384, 6.635356215758126, 7.181548379701971, 6.914472389850147, 5.637738840173425, 3.8745885626734613, 5.0014421660157184], [7.0953920934646035, 7.366092707127708, 5.8876648758230115, 4.697896571871288, 3.7021960550462474, 2.416666454022979, 1.5291673289735168, 2.505577971247353, 0.0, 4.208232290404131, 5.529696098340305, 6.408176565919513, 6.233457395378587, 7.490920657702897, 6.505712692703237, 6.30374702934691, 6.841474022460365, 6.494573563368115, 8.113780047548738, 2.7273563353548065, 2.1305037831461364, 3.470075827701752, 2.7857559548531885, 2.7394104493485454, 1.095982321937722, 1.0950534050903638, 1.0957138586328092, 7.298627346289163, 5.3645379940867235, 7.672794378842691, 8.386690777654795, 7.601552847938374, 7.4752463999523115, 5.8217052965604505, 6.7265335091709755], [5.060545026970909, 4.40480208635984, 2.625361887435711, 2.3385999508252797, 1.3251824100854945, 2.353175739293604, 2.806765506771095, 3.4006434332343636, 4.208232290404131, 0.0, 1.3256365753855768, 2.3534453955849495, 2.813347225281657, 4.2111381988721295, 3.4153149327697436, 2.33757197536247, 4.887569994383712, 5.025260281816257, 6.130881653563376, 3.155389993328875, 2.514914777880157, 2.949750565725855, 4.089147853771003, 4.1868949115066165, 4.8205732667391334, 4.862173634291561, 4.3818599532618565, 3.1553394825279892, 2.5197287036504545, 4.867091726072152, 4.824165566188623, 4.379479040936262, 4.102696833791159, 2.968219885722754, 4.202074732795693], [4.917575026372247, 3.863604786983265, 2.23260450819217, 2.6591387289872634, 2.2536331223160526, 3.5388519395419755, 4.108439287612755, 4.5063007944432645, 5.529696098340305, 1.3256365753855768, 0.0, 1.3850400499624549, 2.4339644122295625, 3.7022867447025227, 3.093063655988994, 1.3208548027697822, 4.819525538888657, 5.118170138828916, 5.904066559584165, 4.195307895733041, 3.7931690668885296, 3.8351196291641285, 5.13565920793037, 5.2812012961067865, 6.101900204854223, 6.175262279450161, 5.682437813122111, 1.949070691380895, 2.667139162098596, 4.562820892824964, 4.056463684047966, 3.901973687763668, 3.4661289964454585, 2.872956090858334, 4.083050772400461], [6.152429004872791, 4.929237406536634, 3.4857801809637965, 4.043606071318026, 3.5386493878314647, 4.705419846304897, 4.998535979664446, 5.331531205010433, 6.408176565919513, 2.3534453955849495, 1.3850400499624549, 0.0, 1.4558685448899567, 2.4164034224441915, 2.4580744048950183, 2.2878502158139633, 6.030608461838656, 6.442760278793554, 7.081088344315441, 5.460063591204777, 4.43428656381159, 4.587070685088688, 6.106307484888064, 5.915809600553419, 7.113694222413556, 6.896744181133588, 6.540379094517382, 1.0143416288410922, 2.1139095746980283, 3.378901294799835, 2.6897186730213996, 2.668544262327309, 2.7132274360989346, 2.7589240330244684, 3.407928868095694], [7.342784876325876, 6.174002535632781, 4.623207748955264, 4.917608034400464, 4.112125198726322, 5.005523210414672, 4.866831587388246, 5.042603701462172, 6.233457395378587, 2.813347225281657, 2.4339644122295625, 1.4558685448899567, 0.0, 1.5291971161364384, 1.5287979264768774, 3.558130358769897, 7.241200774733429, 7.487654781705685, 8.320157165582872, 5.8500736456902835, 4.1226050659746685, 4.307125701671592, 5.967018114602972, 5.37120975293276, 7.047571487399045, 6.496796895393914, 6.461944247670356, 2.1115427061748004, 1.0971589629584222, 2.175354467667281, 2.1827237525623797, 2.1735552304922, 2.1810507146785927, 2.1804905090369, 2.173396477865923], [8.562719594848357, 7.325230058503283, 5.8860976011275925, 6.305444889934413, 5.53162718284593, 6.411675734938566, 6.223714320243179, 6.465144228089579, 7.490920657702897, 4.2111381988721295, 3.7022867447025227, 2.4164034224441915, 1.5291971161364384, 0.0, 2.5057523780294013, 4.695571031301731, 8.393918418712444, 8.818884017266585, 9.495276638413438, 7.2976324873208025, 5.362336396571927, 5.768745181579787, 7.433224798161294, 6.678014669795208, 8.381565229120394, 7.665760177568823, 7.620872036716008, 2.7302292834119264, 2.1307040831612447, 1.0950680618116846, 1.095915662813521, 1.0956572365480004, 2.7863206599384784, 3.470137348866756, 2.739350337215012], [7.658702597698908, 6.368876526515489, 4.9391786574287835, 5.221299370846303, 4.51450067560079, 5.349041315039547, 5.073793046626951, 4.777066251372279, 6.505712692703237, 3.4153149327697436, 3.093063655988994, 2.4580744048950183, 1.5287979264768774, 2.5057523780294013, 0.0, 3.9888423646466653, 7.764555737452079, 7.67960894902859, 8.60826773631025, 6.055697890416925, 4.512744421081256, 3.8558533750649806, 5.620525644457109, 5.010985361183965, 7.2059406388062905, 6.683297467567938, 6.9690326803653315, 2.727140176081897, 2.1585717894015013, 2.757530021595413, 2.7733587290503903, 3.4661918844749495, 1.0958575911130057, 1.0951263854003337, 1.0950697922963635], [3.9388194538465457, 2.6465235423097977, 1.3273360915759052, 2.361354308442509, 2.657838486439686, 4.042390760428784, 4.916962087508913, 5.224708544981241, 6.30374702934691, 2.33757197536247, 1.3208548027697822, 2.2878502158139633, 3.558130358769897, 4.695571031301731, 3.9888423646466653, 0.0, 3.982535063248031, 4.299383179015334, 4.832398835981981, 4.441040205852678, 4.82770454771209, 4.5248034189343525, 5.63479552867715, 6.12314523263984, 6.702293799886723, 7.067617879455566, 6.457472449031432, 2.2895621175237855, 3.958440720788932, 5.636372295191296, 4.807998233152753, 4.886370502735134, 4.0674998819913935, 3.6822544195098743, 5.056896854791484], [1.0936469997215739, 2.4231536744498894, 2.8892587578823745, 2.901082246334978, 4.01681259084862, 4.643861732437778, 6.092196004726046, 6.745828193039013, 6.841474022460365, 4.887569994383712, 4.819525538888657, 6.030608461838656, 7.241200774733429, 8.393918418712444, 7.764555737452079, 3.982535063248031, 0.0, 1.7877127873346998, 1.7729050679604932, 4.366316962841795, 6.510365274698494, 6.574625179430384, 6.635137816202464, 7.824145106655423, 6.76112141068329, 7.907198186462762, 6.7076989392786555, 6.17635919777987, 7.260599391923507, 9.317905488896097, 8.641403897515726, 8.312090621498301, 7.981132296861142, 7.2094566619128795, 8.757556657538677], [1.0935428340947602, 2.424632743324234, 2.9869864378667677, 2.693038040949292, 3.9343450458748537, 4.374161115002511, 5.745861311413633, 6.050817718292297, 6.494573563368115, 5.025260281816257, 5.118170138828916, 6.442760278793554, 7.487654781705685, 8.818884017266585, 7.67960894902859, 4.299383179015334, 1.7877127873346998, 0.0, 1.7708658983672367, 3.7931241622177363, 6.395951284992718, 5.88702872933367, 5.694644969618387, 7.140762599330691, 6.204212992797716, 7.530270261418245, 6.61725919924556, 6.585752000341343, 7.501504538424276, 9.653572895565661, 9.069128496718966, 8.942072887759304, 7.895181693286102, 6.923605711621655, 8.621237502818259], [1.093436536795803, 2.3984310058869736, 3.719760568907628, 3.9589711820118123, 5.247819540533001, 5.904557179839992, 7.315347011591453, 7.684255550799961, 8.113780047548738, 6.130881653563376, 5.904066559584165, 7.081088344315441, 8.320157165582872, 9.495276638413438, 8.60826773631025, 4.832398835981981, 1.7729050679604932, 1.7708658983672367, 0.0, 5.4520488809254095, 7.8401796069988094, 7.414448659880248, 7.40543495954154, 8.77912904848767, 7.891138506578122, 9.164383057249408, 8.130213010739633, 7.0302637631884055, 8.486276809649802, 10.43592614289695, 9.59632706299655, 9.537287189762086, 8.657485229557137, 7.986861069281223, 9.631804405717551], [4.44702573187968, 4.817983176599935, 3.6140481748310993, 2.29866372051242, 1.9530123322703314, 1.0133791442495745, 2.1109233382574555, 2.728107448397149, 2.7273563353548065, 3.155389993328875, 4.195307895733041, 5.460063591204777, 5.8500736456902835, 7.2976324873208025, 6.055697890416925, 4.441040205852678, 4.366316962841795, 3.7931241622177363, 5.4520488809254095, 0.0, 3.003349947974761, 3.0976717014557886, 2.5598281934536153, 3.7316668407026907, 2.5764145338046824, 3.739624433014631, 3.064537100444372, 6.116446669431525, 5.365391569121493, 7.811833890963119, 7.941279245814241, 7.463453673735773, 6.753319223907604, 5.215197881193004, 6.669778655247864], [6.7512222574879, 6.532190657046073, 4.822238432512437, 3.9615439023188928, 2.666803131091607, 2.1146354626743586, 1.0971038647274924, 2.15884113820355, 2.1305037831461364, 2.514914777880157, 3.7931690668885296, 4.43428656381159, 4.1226050659746685, 5.362336396571927, 4.512744421081256, 4.82770454771209, 6.510365274698494, 6.395951284992718, 7.8401796069988094, 3.003349947974761, 0.0, 2.5121665669298285, 3.0794985971745468, 2.5037206593388173, 3.0600438722345142, 2.4680911186583048, 2.474645742323535, 5.367897231691382, 3.23440703375441, 5.5683878034849545, 6.263204461775137, 5.51889363278547, 5.5164308107688615, 3.9891086234897135, 4.768246205891638], [6.3977343497522625, 5.881971334510225, 4.4142818577884215, 3.709571545340513, 2.8776362070282615, 2.75893036157131, 2.1805525010877402, 1.0951152268140554, 3.470075827701752, 2.949750565725855, 3.8351196291641285, 4.587070685088688, 4.307125701671592, 5.768745181579787, 3.8558533750649806, 4.5248034189343525, 6.574625179430384, 5.88702872933367, 7.414448659880248, 3.0976717014557886, 2.5121665669298285, 0.0, 1.7669940265886583, 1.7678157709444726, 3.7924353099294916, 3.75764814877604, 4.3215981083390895, 5.2115445973338845, 3.9127255692164256, 5.987782089388357, 6.3791991480122325, 6.328784334293593, 4.637440262688028, 2.8765341315548474, 4.165159091799496], [6.447715359722388, 6.389407265936332, 5.134377949664398, 4.093833220833502, 3.4708664782731122, 2.7131165603416303, 2.1809393022273684, 1.0958222346712994, 2.7857559548531885, 4.089147853771003, 5.13565920793037, 6.106307484888064, 5.967018114602972, 7.433224798161294, 5.620525644457109, 5.63479552867715, 6.635137816202464, 5.694644969618387, 7.40543495954154, 2.5598281934536153, 3.0794985971745468, 1.7669940265886583, 0.0, 1.7734999210600493, 2.6040798701268746, 3.1460334454674825, 3.7905556136271104, 6.7496422794100726, 5.460030436728352, 7.6539992957930165, 8.088317790492654, 7.893083208734088, 6.381893579495039, 4.631550392687097, 5.903150661299438], [7.754864909848528, 7.478861866621151, 5.977239399589077, 5.078300220546241, 4.086237293648033, 3.40817312647113, 2.1733188468331104, 1.0950815312112612, 2.7394104493485454, 4.1868949115066165, 5.2812012961067865, 5.915809600553419, 5.37120975293276, 6.678014669795208, 5.010985361183965, 6.12314523263984, 7.824145106655423, 7.140762599330691, 8.77912904848767, 3.7316668407026907, 2.5037206593388173, 1.7678157709444726, 1.7734999210600493, 0.0, 3.0990354660765016, 2.5366014763852838, 3.7505577785177504, 6.667812778565398, 4.702364356363723, 6.668682258887433, 7.44745602269661, 7.169224969967116, 5.933005217425651, 4.199977558273377, 4.995380431959111], [6.936763865809475, 7.391533010140724, 6.090538411339345, 4.81329210520201, 4.057294352151444, 2.689779548587579, 2.1828175026785908, 2.7731275953334715, 1.095982321937722, 4.8205732667391334, 6.101900204854223, 7.113694222413556, 7.047571487399045, 8.381565229120394, 7.2059406388062905, 6.702293799886723, 6.76112141068329, 6.204212992797716, 7.891138506578122, 2.5764145338046824, 3.0600438722345142, 3.7924353099294916, 2.6040798701268746, 3.0990354660765016, 0.0, 1.7741274615990814, 1.7677715038997546, 7.940855774411219, 6.257721291332812, 8.606727123012556, 9.223550542497179, 8.533214070325435, 8.11596659492879, 6.412973485833229, 7.475576768383828], [8.137499176036826, 8.30886735301509, 6.7734102732670785, 5.641547532370883, 4.563128228529196, 3.3792989968335148, 2.175382145738997, 2.757606369661921, 1.0950534050903638, 4.862173634291561, 6.175262279450161, 6.896744181133588, 6.496796895393914, 7.665760177568823, 6.683297467567938, 7.067617879455566, 7.907198186462762, 7.530270261418245, 9.164383057249408, 3.739624433014631, 2.4680911186583048, 3.75764814877604, 3.1460334454674825, 2.5366014763852838, 1.7741274615990814, 0.0, 1.7720931521790835, 7.8134799123054, 5.561632761159263, 7.691840186847358, 8.608641783696195, 7.818927705254731, 7.706224604824336, 6.052178996031099, 6.72596922755375], [7.124364217247741, 7.520556855047371, 6.049680742816103, 4.879296266881116, 3.9000566521526325, 2.668725345553566, 2.1735604753491446, 3.466085966908495, 1.0957138586328092, 4.3818599532618565, 5.682437813122111, 6.540379094517382, 6.461944247670356, 7.620872036716008, 6.9690326803653315, 6.457472449031432, 6.7076989392786555, 6.61725919924556, 8.130213010739633, 3.064537100444372, 2.474645742323535, 4.3215981083390895, 3.7905556136271104, 3.7505577785177504, 1.7677715038997546, 1.7720931521790835, 0.0, 7.466045302568154, 5.5476543412509045, 7.8515733136741455, 8.551979322940392, 7.573230226264087, 7.943233065949909, 6.391884099387285, 7.237879227370404], [6.196469144601626, 4.760839466942779, 3.605878241150136, 4.437218716718841, 4.192941894422101, 5.459310034244255, 5.850123367929944, 6.053169174077328, 7.298627346289163, 3.1553394825279892, 1.949070691380895, 1.0143416288410922, 2.1115427061748004, 2.7302292834119264, 2.727140176081897, 2.2895621175237855, 6.17635919777987, 6.585752000341343, 7.0302637631884055, 6.116446669431525, 5.367897231691382, 5.2115445973338845, 6.7496422794100726, 6.667812778565398, 7.940855774411219, 7.8134799123054, 7.466045302568154, 0.0, 3.0038523848551546, 3.7419835996433766, 2.579475880871926, 3.068373924410127, 2.5586081880585003, 3.09567529628028, 3.7311532600524466], [7.452536280354495, 6.510907260896902, 4.82098036710377, 4.830092215475808, 3.7965468125653343, 4.439781915815235, 4.110047348875679, 4.455801761748384, 5.3645379940867235, 2.5197287036504545, 2.667139162098596, 2.1139095746980283, 1.0971589629584222, 2.1307040831612447, 2.1585717894015013, 3.958440720788932, 7.260599391923507, 7.501504538424276, 8.486276809649802, 5.365391569121493, 3.23440703375441, 3.9127255692164256, 5.460030436728352, 4.702364356363723, 6.257721291332812, 5.561632761159263, 5.5476543412509045, 3.0038523848551546, 0.0, 2.4682204865043964, 3.060105104404095, 2.4748237614020114, 3.0793787636469796, 2.511428957784791, 2.5036160528323825], [9.474699069627489, 8.267459329806226, 6.76966535288119, 7.068951742656049, 6.178657243285146, 6.903326856668458, 6.490436741853355, 6.635356215758126, 7.672794378842691, 4.867091726072152, 4.562820892824964, 3.378901294799835, 2.175354467667281, 1.0950680618116846, 2.757530021595413, 5.636372295191296, 9.317905488896097, 9.653572895565661, 10.43592614289695, 7.811833890963119, 5.5683878034849545, 5.987782089388357, 7.6539992957930165, 6.668682258887433, 8.606727123012556, 7.691840186847358, 7.8515733136741455, 3.7419835996433766, 2.4682204865043964, 0.0, 1.774113823856857, 1.7720461506405525, 3.146423105686837, 3.7573848059521398, 2.536277037312762], [8.734889386821106, 7.337529557691743, 6.085986770442406, 6.702531802237121, 6.103791211206359, 7.118004042566989, 7.045459215693466, 7.181548379701971, 8.386690777654795, 4.824165566188623, 4.056463684047966, 2.6897186730213996, 2.1827237525623797, 1.095915662813521, 2.7733587290503903, 4.807998233152753, 8.641403897515726, 9.069128496718966, 9.59632706299655, 7.941279245814241, 6.263204461775137, 6.3791991480122325, 8.088317790492654, 7.44745602269661, 9.223550542497179, 8.608641783696195, 8.551979322940392, 2.579475880871926, 3.06010510