{"total energy": -24.05083349, "HOMO-LUMO gap/eV": 11.66389671, "electronic energy": -24.35013217, "dipole": [0.62043279, -0.03675054, -0.34436249], "partial charges": [-0.10036197, -0.05342275, -0.07005009, 0.11577819, -0.45061021, -0.0554424, -0.09907019, 0.0344808, 0.03259961, 0.03333882, 0.02750999, 0.03511474, 0.02537571, 0.04546843, 0.00818104, 0.28056385, 0.04519446, 0.03115007, 0.04992973, 0.03039642, 0.03387575], "atomic dipole moments": [[-0.10051263, 0.00830245, -0.02780992], [0.0458513, 0.07431043, 0.07069544], [-0.05207505, -0.05669408, -0.08459701], [-0.04397247, 0.09102521, 0.14244792], [0.17108009, -0.07776175, -0.14652838], [0.07720432, 0.05486791, 0.06724129], [0.00633461, 0.02967057, -0.11203586], [0.0124638, -0.01929538, 0.12406769], [0.06484373, 0.10330204, -0.03081683], [0.05314326, -0.09677983, -0.05893869], [-0.00453907, 0.01206265, -0.12316372], [-0.05350276, -0.10907609, 0.02669893], [0.06426459, 0.10099999, -0.01454613], [0.0098625, -0.00819638, 0.12651766], [-0.00707008, 0.03683545, -0.10965779], [0.05022509, 0.05544863, -0.02285582], [-0.11604639, 0.03032262, -0.03321126], [0.02803316, -0.09803813, -0.07028098], [-0.03730956, 0.09519155, 0.08035323], [-0.08507265, -0.08953124, 0.00939054], [0.10702961, -0.04887189, 0.04252774]], "atomic quadrupole moments": [[0.21170072, -0.03061912, -0.11162036, 0.09051201, 0.0025258, -0.10008035], [0.16042266, -0.1252239, -0.03330104, 0.02902423, 0.12133444, -0.12712162], [0.14025703, -0.16220262, -0.00149659, 0.02874909, 0.10215981, -0.13876045], [0.00900837, -0.104796, 0.17973771, -0.07280649, 0.23904156, -0.18874609], [-0.02723558, -0.05848176, 0.06647344, -0.07756416, 0.10456055, -0.03923786], [-0.0939381, 0.15775626, 0.01431983, -0.04253136, -0.12059643, 0.07961826], [-0.10456294, 0.02209414, -0.09495038, -0.00872791, -0.11037976, 0.19951333], [-0.0277825, 0.0024559, -0.0500931, -0.00090662, -0.01796576, 0.0778756], [-0.01112546, 0.04270143, 0.04906124, -0.00516588, -0.03450929, -0.03793577], [-0.01350863, -0.03622033, 0.03007324, -0.01515787, 0.05469801, -0.01656461], [-0.02259533, -0.01008288, -0.02952246, 0.00140792, -0.02028245, 0.05211779], [0.00371538, 0.02828162, 0.02594783, -0.01727824, -0.02429131, -0.02966321], [-0.00242799, 0.03384033, 0.03160111, -0.01749741, -0.02858943, -0.02917312], [-0.03054172, -0.00399576, -0.02077466, -0.01358284, -0.02984353, 0.05131638], [-0.0195981, 0.00315367, -0.00563682, -0.00878871, 0.00554359, 0.02523492], [-0.00829682, 0.09345589, 0.07211286, -0.03936667, -0.01523073, -0.06381604], [0.0416791, -0.02508885, -0.02432683, 0.01331229, -0.02817283, -0.01735227], [-0.02890869, -0.02885937, 0.02884561, -0.0304867, 0.02858679, 6.308e-05], [-0.04132245, -0.02795663, 0.04179201, -0.0136282, 0.04270885, -0.00046956], [0.013366, 0.06941861, 0.0159884, 0.00489004, -0.00556528, -0.0293544], [0.06473385, -0.03771545, -0.04058651, 0.02159469, -0.01330804, -0.02414733]], "number of molecular orbitals": 42, "number of electrons": 44, "number of unpaired electrons": 0, "orbital energies/eV": [-18.46375796, -17.1666432, -16.82504418, -16.35295669, -15.96107899, -15.43222201, -15.19590142, -14.94676497, -14.27936227, -13.88284113, -13.79986768, -13.17822094, -13.10860246, -13.01165412, -12.58018043, -12.46994732, -12.23566169, -11.86068266, -11.79529855, -11.57281867, -11.48591059, -10.90033, 0.76356672, 2.03239564, 2.16339853, 2.84430645, 3.23803342, 3.56850279, 3.7916573, 4.18659484, 4.39901222, 4.68298814, 4.96858727, 5.0106478, 5.56798973, 6.1794174, 6.49955222, 6.88084625, 7.25215775, 7.443035, 7.85928169, 8.07215228], "fractional occupation": [2.0, 2.0, 2.0, 2.0, 2.0, 2.0, 2.0, 2.0, 2.0, 2.0, 2.0, 2.0, 2.0, 2.0, 2.0, 2.0, 2.0, 2.0, 2.0, 2.0, 2.0, 2.0, 0.0, 0.0, 0.0, 0.0, 0.0, 0.0, 0.0, 0.0, 0.0, 0.0, 0.0, 0.0, 0.0, 0.0, 0.0, 0.0, 0.0, 0.0, 0.0, 0.0], "program call": "xtb /home/svss/Project-DBcg-Debug/aqme2_20220329/End-to-End-workflows-final/example-3/QDESCP/mol_389_rdkit_conf_12/mol_389_rdkit_conf_12.xyz --pop --wbo --acc 0.2 --gfn 2 --chrg 0 --uhf 0 --etemp 300 --input /home/svss/Project-DBcg-Debug/aqme2_20220329/End-to-End-workflows-final/example-3/QDESCP/mol_389_rdkit_conf_12/mol_389_rdkit_conf_12_xtb.inp", "method": "GFN2-xTB", "xtb version": "6.3.3 (7355c4f)", "Dipole module/D": 1.806, "Total charge": 0, "Transition dipole module/D": NaN, "HOMO": -10.9003, "LUMO": 0.7636, "HOMO occupancy": 2.0, "LUMO occupancy": 0, "mulliken charges": [-0.08242, -0.04031, -0.07487, 0.21857, -0.57054, -0.0471, -0.07911, 0.02878, 0.02692, 0.02933, 0.02079, 0.02467, 0.02276, 0.0361, 0.00773, 0.33376, 0.03779, 0.01873, 0.04154, 0.02487, 0.02204], "cm5 charges": [-0.23286, -0.1528, -0.18115, 0.17093, -0.78148, -0.15434, -0.22865, 0.08008, 0.07821, 0.08011, 0.07573, 0.08027, 0.08025, 0.09416, 0.07404, 0.50307, 0.09488, 0.07422, 0.09528, 0.07573, 0.07435], "FUKUI+": [0.019, -0.02, -0.007, -0.044, -0.159, 0.015, 0.018, -0.04, -0.04, -0.074, -0.049, -0.048, -0.05, -0.061, -0.096, -0.114, -0.055, -0.085, -0.029, -0.054, -0.027], "FUKUI-": [0.017, 0.008, -0.001, 0.002, -0.109, 0.01, 0.016, -0.055, -0.067, -0.07, -0.068, -0.064, -0.061, -0.07, -0.101, -0.054, -0.092, -0.06, -0.057, -0.06, -0.065], "FUKUIrad": [0.018, -0.006, -0.004, -0.021, -0.134, 0.013, 0.017, -0.047, -0.054, -0.072, -0.058, -0.056, -0.055, -0.065, -0.099, -0.084, -0.073, -0.072, -0.043, -0.057, -0.046], "s proportion": [1.008, 1.027, 1.043, 1.02, 1.699, 1.03, 1.005, 0.971, 0.973, 0.971, 0.979, 0.975, 0.977, 0.964, 0.992, 0.666, 0.962, 0.981, 0.958, 0.975, 0.978], "p proportion": [3.075, 3.014, 3.032, 2.761, 4.872, 3.017, 3.074, 0.0, 0.0, 0.0, 0.0, 0.0, 0.0, 0.0, 0.0, 0.0, 0.0, 0.0, 0.0, 0.0, 0.0], "d proportion": [0.0, 0.0, 0.0, 0.0, 0.0, 0.0, 0.0, 0.0, 0.0, 0.0, 0.0, 0.0, 0.0, 0.0, 0.0, 0.0, 0.0, 0.0, 0.0, 0.0, 0.0], "Fermi-level/eV": -5.0684, "Coordination numbers": [3.75, 3.799, 3.8, 3.723, 1.653, 3.798, 3.748, 0.924, 0.924, 0.924, 0.924, 0.924, 0.923, 0.924, 0.924, 0.804, 0.924, 0.924, 0.924, 0.924, 0.924], "Dispersion coefficient C6": [22.48, 21.535, 21.841, 18.788, 21.858, 21.573, 22.458, 2.524, 2.55, 2.54, 2.622, 2.515, 2.653, 2.377, 2.92, 0.783, 2.381, 2.57, 2.321, 2.581, 2.532], "Total dispersion C6": 2910.978977, "Total dispersion C8": 60062.301322, "Polarizability alpha": [6.762, 6.607, 6.654, 6.19, 6.311, 6.613, 6.759, 2.484, 2.497, 2.492, 2.532, 2.48, 2.547, 2.411, 2.672, 1.39, 2.413, 2.507, 2.382, 2.512, 2.488], "Total polarizability alpha": 79.707095, "Wiberg matrix": [[0.0, 1.0199208077037276, 0.0, 0.0, 0.0, 0.0, 0.0, 0.987653194654721, 0.9875765554882496, 0.9872083297647943, 0.0, 0.0, 0.0, 0.0, 0.0, 0.0, 0.0, 0.0, 0.0, 0.0, 0.0], [1.0199208077037276, 0.0, 1.007634684452234, 0.0, 0.0, 0.0, 0.0, 0.0, 0.0, 0.0, 0.9779414755059735, 0.9758984834399334, 0.0, 0.0, 0.0, 0.0, 0.0, 0.0, 0.0, 0.0, 0.0], [0.0, 1.007634684452234, 0.0, 0.9889439601423979, 0.0, 0.0, 0.0, 0.0, 0.0, 0.0, 0.0, 0.0, 0.9736464120595082, 0.9736839059945441, 0.0, 0.0, 0.0, 0.0, 0.0, 0.0, 0.0], [0.0, 0.0, 0.9889439601423979, 0.0, 0.977340544246873, 0.9938070990026904, 0.0, 0.0, 0.0, 0.0, 0.0, 0.0, 0.0, 0.0, 0.9649086226889096, 0.0, 0.0, 0.0, 0.0, 0.0, 0.0], [0.0, 0.0, 0.0, 0.977340544246873, 0.0, 0.0, 0.0, 0.0, 0.0, 0.0, 0.0, 0.0, 0.0, 0.0, 0.0, 0.9050523248555423, 0.0, 0.0, 0.0, 0.0, 0.0], [0.0, 0.0, 0.0, 0.9938070990026904, 0.0, 0.0, 1.0206636308914874, 0.0, 0.0, 0.0, 0.0, 0.0, 0.0, 0.0, 0.0, 0.0, 0.9754880519463403, 0.9749883801893985, 0.0, 0.0, 0.0], [0.0, 0.0, 0.0, 0.0, 0.0, 1.0206636308914874, 0.0, 0.0, 0.0, 0.0, 0.0, 0.0, 0.0, 0.0, 0.0, 0.0, 0.0, 0.0, 0.9864667216337977, 0.987270270854222, 0.9862277196783592], [0.987653194654721, 0.0, 0.0, 0.0, 0.0, 0.0, 0.0, 0.0, 0.0, 0.0, 0.0, 0.0, 0.0, 0.0, 0.0, 0.0, 0.0, 0.0, 0.0, 0.0, 0.0], [0.9875765554882496, 0.0, 0.0, 0.0, 0.0, 0.0, 0.0, 0.0, 0.0, 0.0, 0.0, 0.0, 0.0, 0.0, 0.0, 0.0, 0.0, 0.0, 0.0, 0.0, 0.0], [0.9872083297647943, 0.0, 0.0, 0.0, 0.0, 0.0, 0.0, 0.0, 0.0, 0.0, 0.0, 0.0, 0.0, 0.0, 0.0, 0.0, 0.0, 0.0, 0.0, 0.0, 0.0], [0.0, 0.9779414755059735, 0.0, 0.0, 0.0, 0.0, 0.0, 0.0, 0.0, 0.0, 0.0, 0.0, 0.0, 0.0, 0.0, 0.0, 0.0, 0.0, 0.0, 0.0, 0.0], [0.0, 0.9758984834399334, 0.0, 0.0, 0.0, 0.0, 0.0, 0.0, 0.0, 0.0, 0.0, 0.0, 0.0, 0.0, 0.0, 0.0, 0.0, 0.0, 0.0, 0.0, 0.0], [0.0, 0.0, 0.9736464120595082, 0.0, 0.0, 0.0, 0.0, 0.0, 0.0, 0.0, 0.0, 0.0, 0.0, 0.0, 0.0, 0.0, 0.0, 0.0, 0.0, 0.0, 0.0], [0.0, 0.0, 0.9736839059945441, 0.0, 0.0, 0.0, 0.0, 0.0, 0.0, 0.0, 0.0, 0.0, 0.0, 0.0, 0.0, 0.0, 0.0, 0.0, 0.0, 0.0, 0.0], [0.0, 0.0, 0.0, 0.9649086226889096, 0.0, 0.0, 0.0, 0.0, 0.0, 0.0, 0.0, 0.0, 0.0, 0.0, 0.0, 0.0, 0.0, 0.0, 0.0, 0.0, 0.0], [0.0, 0.0, 0.0, 0.0, 0.9050523248555423, 0.0, 0.0, 0.0, 0.0, 0.0, 0.0, 0.0, 0.0, 0.0, 0.0, 0.0, 0.0, 0.0, 0.0, 0.0, 0.0], [0.0, 0.0, 0.0, 0.0, 0.0, 0.9754880519463403, 0.0, 0.0, 0.0, 0.0, 0.0, 0.0, 0.0, 0.0, 0.0, 0.0, 0.0, 0.0, 0.0, 0.0, 0.0], [0.0, 0.0, 0.0, 0.0, 0.0, 0.9749883801893985, 0.0, 0.0, 0.0, 0.0, 0.0, 0.0, 0.0, 0.0, 0.0, 0.0, 0.0, 0.0, 0.0, 0.0, 0.0], [0.0, 0.0, 0.0, 0.0, 0.0, 0.0, 0.9864667216337977, 0.0, 0.0, 0.0, 0.0, 0.0, 0.0, 0.0, 0.0, 0.0, 0.0, 0.0, 0.0, 0.0, 0.0], [0.0, 0.0, 0.0, 0.0, 0.0, 0.0, 0.987270270854222, 0.0, 0.0, 0.0, 0.0, 0.0, 0.0, 0.0, 0.0, 0.0, 0.0, 0.0, 0.0, 0.0, 0.0], [0.0, 0.0, 0.0, 0.0, 0.0, 0.0, 0.9862277196783592, 0.0, 0.0, 0.0, 0.0, 0.0, 0.0, 0.0, 0.0, 0.0, 0.0, 0.0, 0.0, 0.0, 0.0]], "Born radii": [], "Atomic SASAs": [], "Solvent H bonds": [], "Total SASA": NaN, "Total FOD": 0.0, "FOD": [0.0, 0.0, 0.0, 0.0, 0.0, 0.0, 0.0, 0.0, 0.0, 0.0, 0.0, 0.0, 0.0, 0.0, 0.0, 0.0, 0.0, 0.0, 0.0, 0.0, 0.0], "FOD s proportion": [0.0, 0.0, 0.0, 0.0, 0.0, 0.0, 0.0, 0.0, 0.0, 0.0, 0.0, 0.0, 0.0, 0.0, 0.0, 0.0, 0.0, 0.0, 0.0, 0.0, 0.0], "FOD p proportion": [0.0, 0.0, 0.0, 0.0, 0.0, 0.0, 0.0, 0.0, 0.0, 0.0, 0.0, 0.0, 0.0, 0.0, 0.0, 0.0, 0.0, 0.0, 0.0, 0.0, 0.0], "FOD d proportion": [0.0, 0.0, 0.0, 0.0, 0.0, 0.0, 0.0, 0.0, 0.0, 0.0, 0.0, 0.0, 0.0, 0.0, 0.0, 0.0, 0.0, 0.0, 0.0, 0.0, 0.0], "coordinates": [["2.74290", "-0.61380", "-0.27670"], ["1.28170", "-0.50220", "-0.68420"], ["0.59530", "0.66820", "0.01830"], ["-0.85110", "0.89630", "-0.43910"], ["-1.37710", "2.02710", "0.25800"], ["-1.80470", "-0.28540", "-0.22480"], ["-1.91290", "-0.74920", "1.22240"], ["2.83790", "-0.77280", "0.80220"], ["3.29480", "0.29390", "-0.54080"], ["3.21520", "-1.45870", "-0.78760"], ["1.22070", "-0.37190", "-1.77070"], ["0.77780", "-1.44300", "-0.43870"], ["1.16570", "1.58800", "-0.16880"], ["0.63000", "0.53140", "1.10630"], ["-0.85560", "1.14960", "-1.50610"], ["-0.80170", "2.78640", "0.06320"], ["-2.80860", "0.01470", "-0.55100"], ["-1.50750", "-1.13120", "-0.85440"], ["-2.21420", "0.06950", "1.88300"], ["-2.66460", "-1.54100", "1.30530"], ["-0.96420", "-1.15590", "1.58440"]], "bond_dist": [[0.0, 1.521057609033925, 2.5184786598262057, 3.9017447084605625, 4.922870798629596, 4.559737484768175, 4.893067300783835, 1.094683155072736, 1.0946514102672136, 1.0945054179856761, 2.1465424407637506, 2.1390265659874355, 2.710558151008755, 2.7728177816077277, 4.191682975846336, 4.923523251696898, 5.593693322841359, 4.320571745729955, 5.450141593573511, 5.709945716904847, 4.1833187817808], [1.521057609033925, 0.0, 1.5279029321262525, 2.5621694128218766, 3.7887091165725564, 3.127925120587128, 3.728485177655934, 2.1689554536688855, 2.169541513776586, 2.159631000888809, 1.0959841878421421, 1.0951210435381105, 2.155928848547651, 2.1677020321068117, 2.823475542660145, 3.964095392394083, 4.124982659357491, 2.8643054446060745, 4.374776970315173, 4.539878784725425, 3.2585175248876594], [2.5184786598262057, 1.5279029321262525, 0.0, 1.5340525838445045, 2.407161619002762, 2.5939257063377896, 3.122490481971082, 2.778531081344961, 2.7820843894461578, 3.4694458390353926, 2.1618173303958867, 2.16779166203766, 1.0983599637641568, 1.0971154588282859, 2.158854355902686, 2.5377935790761232, 3.512506220635061, 2.9019327163116655, 3.424739118531512, 4.142931528519389, 2.8656675086269168], [3.9017447084605625, 2.5621694128218766, 1.5340525838445045, 0.0, 1.4287522703394036, 1.533522852780486, 2.5682039911190855, 4.235025560725697, 4.190670049049436, 4.711928791906771, 2.7701705795853075, 2.8505507994070203, 2.1491843150367536, 2.1714212810967846, 1.0966631843916343, 1.9563291287510902, 2.1497782257712075, 2.171195822582569, 2.81669811303945, 3.503162128706007, 2.8842449098507568], [4.922870798629596, 3.7887091165725564, 2.407161619002762, 1.4287522703394036, 0.0, 2.400748601998968, 2.9874722910848894, 5.089382934109007, 5.046653672484372, 5.859462457427302, 4.076688549546065, 4.143739725175799, 2.6154920932780503, 2.642949449005788, 2.0381406502005697, 0.9724035633418876, 2.5987356560450703, 3.3510142957021234, 2.678350083540238, 3.9352040798413492, 3.472940018197838], [4.559737484768175, 3.127925120587128, 2.5939257063377896, 1.533522852780486, 2.400748601998968, 0.0, 1.52355030110594, 4.779751303153753, 5.142017574843555, 5.185824210287117, 3.398578264510029, 2.8381503166675297, 3.512269881429956, 2.8925341035154624, 2.145167942143458, 3.244211497421215, 1.0973976763234012, 1.0954915061286419, 2.176342137624505, 2.1580466584390616, 2.176560391994672], [4.893067300783835, 3.728485177655934, 3.122490481971082, 2.5682039911190855, 2.9874722910848894, 1.52355030110594, 0.0, 4.7694051662654955, 5.5961657534422615, 5.553458369340675, 4.3497645752385266, 3.2373566593750525, 4.108006723460905, 2.8495185523172153, 3.4882713455234526, 3.8831659042590494, 2.1285603726462634, 2.150202641613111, 1.0942777252599085, 1.094930381348513, 1.0938375473533537], [1.094683155072736, 2.1689554536688855, 2.778531081344961, 4.235025560725697, 5.089382934109007, 4.779751303153753, 4.7694051662654955, 0.0, 1.7748959124410648, 1.7720829946703962, 3.0652685135237334, 2.496600260354068, 3.051634067184334, 2.5822929462011084, 4.760862621416417, 5.143997842145737, 5.859545096677727, 4.664255061636316, 5.234626284654903, 5.578597234072379, 3.900585450929129], [1.0946514102672136, 2.169541513776586, 2.7820843894461578, 4.190670049049436, 5.046653672484372, 5.142017574843555, 5.5961657534422615, 1.7748959124410648, 0.0, 1.771680885487, 2.5015664012774077, 3.0598259787118613, 2.5191557355590386, 3.141735778196505, 4.346245131144814, 4.8330822980785255, 6.109791178100934, 5.0190975543418155, 6.022810207868085, 6.503029415587784, 4.975688503111907], [1.0945054179856761, 2.159631000888809, 3.4694458390353926, 4.711928791906771, 5.859462457427302, 5.185824210287117, 5.553458369340675, 1.7720829946703962, 1.771680885487, 0.0, 2.4750050707018763, 2.462294957960967, 3.7236735329510293, 3.7723486397733708, 4.887830170944977, 5.905947871425889, 6.205888619690173, 4.734513045710192, 6.240663743545232, 6.241718652743008, 4.815127848769957], [2.1465424407637506, 1.0959841878421421, 2.1618173303958867, 2.7701705795853075, 4.076688549546065, 3.398578264510029, 4.3497645752385266, 3.0652685135237334, 2.5015664012774077, 2.4750050707018763, 0.0, 1.765683895831867, 2.531860308152881, 3.072784792334146, 2.5876624779905124, 4.174703565524144, 4.227574498456532, 2.9764437538781077, 5.03417278805565, 5.091574108269465, 4.079845587764321], [2.1390265659874355, 1.0951210435381105, 2.16779166203766, 2.8505507994070203, 4.143739725175799, 2.8381503166675297, 3.2373566593750525, 2.496600260354068, 3.0598259787118613, 2.462294957960967, 1.765683895831867, 0.0, 3.0676168958981824, 2.5113990523212357, 3.2448286672796764, 4.542526633934027, 3.872953077433291, 2.343634318745141, 4.077991066689578, 3.860214729778643, 2.685130168166899], [2.710558151008755, 2.155928848547651, 1.0983599637641568, 2.1491843150367536, 2.6154920932780503, 3.512269881429956, 4.108006723460905, 3.051634067184334, 2.5191557355590386, 3.7236735329510293, 2.531860308152881, 3.0676168958981824, 0.0, 1.7404763888085355, 2.462969658765613, 2.315307608072845, 4.291434517734134, 3.8742862878212807, 4.235498730964277, 5.160892355009936, 3.8909088218564056], [2.7728177816077277, 2.1677020321068117, 1.0971154588282859, 2.1714212810967846, 2.642949449005788, 2.8925341035154624, 2.8495185523172153, 2.5822929462011084, 3.141735778196505, 3.7723486397733708, 3.072784792334146, 2.5113990523212357, 1.7404763888085355, 0.0, 3.0681936640310044, 2.8675507842059225, 3.851959519517307, 3.343275265364789, 2.9843069781776808, 3.8972851986992176, 2.3700283837962783], [4.191682975846336, 2.823475542660145, 2.158854355902686, 1.0966631843916343, 2.0381406502005697, 2.145167942143458, 3.4882713455234526, 4.760862621416417, 4.346245131144814, 4.887830170944977, 2.5876624779905124, 3.2448286672796764, 2.462969658765613, 3.0681936640310044, 0.0, 2.2681979499153067, 2.4524320622598297, 2.4600274673263307, 3.8076776097773823, 4.2913610102157564, 3.8572418202648375], [4.923523251696898, 3.964095392394083, 2.5377935790761232, 1.9563291287510902, 0.9724035633418876, 3.244211497421215, 3.8831659042590494, 5.143997842145737, 4.8330822980785255, 5.905947871425889, 4.174703565524144, 4.542526633934027, 2.315307608072845, 2.8675507842059225, 2.2681979499153067, 0.0, 3.4766665270054307, 4.0850621978129045, 3.5620743815928377, 4.872329994981867, 4.2287332594998235], [5.593693322841359, 4.124982659357491, 3.512506220635061, 2.1497782257712075, 2.5987356560450703, 1.0973976763234012, 2.1285603726462634, 5.859545096677727, 6.109791178100934, 6.205888619690173, 4.227574498456532, 3.872953077433291, 4.291434517734134, 3.851959519517307, 2.4524320622598297, 3.4766665270054307, 0.0, 1.760113513384861, 2.506126573020605, 2.426270425983056, 3.054840238048465], [4.320571745729955, 2.8643054446060745, 2.9019327163116655, 2.171195822582569, 3.3510142957021234, 1.0954915061286419, 2.150202641613111, 4.664255061636316, 5.0190975543418155, 4.734513045710192, 2.9764437538781077, 2.343634318745141, 3.8742862878212807, 3.343275265364789, 2.4600274673263307, 4.0850621978129045, 1.760113513384861, 0.0, 3.0715572825522885, 2.484174015643832, 2.4987057489828612], [5.450141593573511, 4.374776970315173, 3.424739118531512, 2.81669811303945, 2.678350083540238, 2.176342137624505, 1.0942777252599085, 5.234626284654903, 6.022810207868085, 6.240663743545232, 5.03417278805565, 4.077991066689578, 4.235498730964277, 2.9843069781776808, 3.8076776097773823, 3.5620743815928377, 2.506126573020605, 3.0715572825522885, 0.0, 1.7692675603198065, 1.775744103186042], [5.709945716904847, 4.539878784725425, 4.142931528519389, 3.503162128706007, 3.9352040798413492, 2.1580466584390616, 1.094930381348513, 5.578597234072379, 6.503029415587784, 6.241718652743008, 5.091574108269465, 3.860214729778643, 5.160892355009936, 3.8972851986992176, 4.2913610102157564, 4.872329994981867, 2.426270425983056, 2.484174015643832, 1.7692675603198065, 0.0, 1.7656610603397245], [4.1833187817808, 3.2585175248876594, 2.8656675086269168, 2.8842449098507568, 3.472940018197838, 2.176560391994672, 1.0938375473533537, 3.900585450929129, 4.975688503111907, 4.815127848769957, 4.079845587764321, 2.685130168166899, 3.8909088218564056, 2.3700283837962783, 3.8572418202648375, 4.2287332594998235, 3.054840238048465, 2.4987057489828612, 1.775744103186042, 1.7656610603397245, 0.0]]}