{"total energy": -28.54180856, "HOMO-LUMO gap/eV": 4.59085623, "electronic energy": -29.02173301, "dipole": [-0.20889899, -0.00064254, 0.04060527], "partial charges": [-0.09920993, -0.05093892, -0.05044362, -0.06078825, 0.0120283, -0.03808683, -0.03147727, -0.03374455, -0.03146482, -0.03831761, 0.03348825, 0.03040843, 0.03316398, 0.02948505, 0.02833901, 0.03163588, 0.02819876, 0.03387894, 0.03750309, 0.02819268, 0.02702086, 0.02627129, 0.02699216, 0.02786515], "atomic dipole moments": [[0.05802824, -0.04558062, 0.07060856], [0.04031129, 0.03152837, -0.0990336], [-0.04098222, 0.10363689, 0.01498779], [0.01826154, -0.108009, -0.00120942], [-0.08367909, 0.01543917, 0.01923488], [-0.00318809, 0.00043928, 0.00453324], [0.00285328, 0.00022794, -0.00270242], [0.00071046, 0.00075081, -0.00021747], [0.00340945, 0.00053431, 0.00134433], [-0.00464278, 0.00057404, -0.00200014], [0.03323937, 0.11976283, -0.02055911], [-0.11829821, 0.0028994, 0.03947306], [0.00106992, -0.06215081, -0.11004866], [-0.0061389, 0.06401806, 0.10596275], [-0.0489624, -0.10802763, 0.02659292], [0.0032998, -0.07259614, -0.10240368], [0.0540472, -0.07151561, 0.08456943], [-0.00738893, 0.07651156, 0.09909264], [-0.0491266, 0.07267999, -0.08985887], [-0.09907652, 0.0024006, -0.11409761], [0.04156278, -0.02173403, -0.14299796], [0.14428146, -0.02647119, -0.03332819], [0.10296085, -0.00535808, 0.10964555], [-0.03583436, 0.01918402, 0.14558476]], "atomic quadrupole moments": [[0.00791884, -0.08537167, -0.05759063, 0.12781368, -0.11178431, 0.04967179], [0.16974815, -0.11875517, -0.13954429, 0.03013163, -0.09399234, -0.03020386], [0.14832487, 0.08442621, 0.03484647, -0.1092566, -0.02862157, -0.18317135], [0.13487424, 0.07224486, 0.0232154, -0.06951637, -0.01791146, -0.15808964], [-0.08002535, 0.07290069, 0.42913281, -0.07533069, -0.07050435, -0.34910746], [-0.22189866, 0.10986636, 0.484265, -0.01058813, -0.07963535, -0.26236634], [-0.24650903, 0.11996994, 0.50022685, -0.0094357, -0.08060663, -0.25371782], [-0.24045308, 0.11802903, 0.49195098, -0.01224138, -0.07746138, -0.25149791], [-0.24768664, 0.12076499, 0.50064299, -0.01281525, -0.07670181, -0.25295634], [-0.22844718, 0.11039725, 0.48454919, -0.02535465, -0.07151133, -0.25610201], [-0.02218337, 0.04630225, 0.05844125, 0.00696587, -0.01616506, -0.03625788], [0.06656064, -0.00410899, -0.04638208, -0.04010381, -0.01300832, -0.02017856], [-0.04491423, -0.01646558, 4.242e-05, -0.00456093, 0.05322688, 0.04487181], [-0.0222697, -0.00853107, 0.00194721, 0.01265468, 0.04615735, 0.02032249], [0.00046113, 0.02359948, 0.04495963, 0.00523127, -0.01595416, -0.04542076], [-0.0259934, 0.01252528, -0.01898699, -0.00231606, 0.03300543, 0.04498038], [0.00496636, -0.01025081, -0.0207531, 0.03160025, -0.03747979, 0.01578674], [-0.02177937, 0.00529234, -0.02194524, -0.00241174, 0.03881186, 0.04372461], [-0.00465941, -0.01228269, -0.02593432, 0.02922768, -0.03211255, 0.03059373], [0.03645035, -0.01708143, -0.06409449, -0.00152495, 0.00998919, 0.02764414], [0.03684847, -0.01618507, -0.06616958, 0.00508682, 0.0094621, 0.02932111], [0.02788376, -0.01456542, -0.06617997, 0.00385504, 0.0104294, 0.03829621], [0.03214868, -0.01643167, -0.06593709, -0.00403493, 0.01126167, 0.03378841], [0.03697563, -0.01703531, -0.06405038, -0.00055225, 0.01014235, 0.02707475]], "number of molecular orbitals": 54, "number of electrons": 54, "number of unpaired electrons": 0, "orbital energies/eV": [-17.308374, -16.97942586, -16.69133169, -16.46506003, -16.20673508, -15.77075631, -15.38515532, -15.19312169, -14.97228084, -14.22882653, -13.90650524, -13.6886485, -13.50296026, -13.25595717, -13.16310645, -12.86926419, -12.79984066, -12.6456144, -12.52197977, -12.21382094, -11.91524508, -11.63889079, -11.60027337, -11.28477757, -11.26787025, -10.77709368, -10.55894761, -5.96809138, -5.93534701, -2.56282757, 2.06614104, 2.75384037, 3.11467328, 3.30181608, 3.55147678, 3.71892477, 3.78931227, 4.12886092, 4.55083733, 4.78099482, 5.01394998, 5.11830935, 5.49584031, 5.9579455, 6.28270039, 7.14971731, 7.50174548, 7.85809466, 10.57176094, 10.84933973, 11.65304927, 12.02639642, 16.50852983, 17.34921937], "fractional occupation": [2.0, 2.0, 2.0, 2.0, 2.0, 2.0, 2.0, 2.0, 2.0, 2.0, 2.0, 2.0, 2.0, 2.0, 2.0, 2.0, 2.0, 2.0, 2.0, 2.0, 2.0, 2.0, 2.0, 2.0, 2.0, 2.0, 2.0, 0.0, 0.0, 0.0, 0.0, 0.0, 0.0, 0.0, 0.0, 0.0, 0.0, 0.0, 0.0, 0.0, 0.0, 0.0, 0.0, 0.0, 0.0, 0.0, 0.0, 0.0, 0.0, 0.0, 0.0, 0.0, 0.0, 0.0], "program call": "xtb /home/svss/Project-DBcg-Debug/aqme2_20220329/End-to-End-workflows-final/example-3/QDESCP/mol_1115_rdkit_conf_4/mol_1115_rdkit_conf_4.xyz --pop --wbo --acc 0.2 --gfn 2 --chrg 0 --uhf 0 --etemp 300 --input /home/svss/Project-DBcg-Debug/aqme2_20220329/End-to-End-workflows-final/example-3/QDESCP/mol_1115_rdkit_conf_4/mol_1115_rdkit_conf_4_xtb.inp", "method": "GFN2-xTB", "xtb version": "6.3.3 (7355c4f)", "Dipole module/D": 0.541, "Total charge": 0, "Transition dipole module/D": NaN, "HOMO": -10.5589, "LUMO": -5.9681, "HOMO occupancy": 2.0, "LUMO occupancy": 0, "mulliken charges": [-0.08522, -0.03943, -0.04128, -0.04912, 0.00871, -0.04194, -0.02699, -0.03377, -0.027, -0.04206, 0.02695, 0.02879, 0.02746, 0.02296, 0.02469, 0.02458, 0.02503, 0.02833, 0.02925, 0.02825, 0.02794, 0.02776, 0.02793, 0.02817], "cm5 charges": [-0.23567, -0.15177, -0.1502, -0.15298, -0.00717, -0.09533, -0.08235, -0.08916, -0.08236, -0.09546, 0.07871, 0.07958, 0.07888, 0.07757, 0.07891, 0.08004, 0.08022, 0.08422, 0.08559, 0.08449, 0.08335, 0.08317, 0.08334, 0.08438], "FUKUI+": [0.011, 0.007, 0.002, 0.017, -0.082, -0.054, -0.055, -0.061, -0.056, -0.053, -0.002, -0.024, -0.008, -0.015, -0.025, -0.014, -0.011, -0.045, -0.045, -0.096, -0.097, -0.099, -0.097, -0.096], "FUKUI-": [0.018, 0.006, -0.003, -0.0, -0.052, -0.028, -0.028, -0.057, -0.028, -0.028, -0.064, -0.057, -0.04, -0.053, -0.098, -0.039, -0.038, -0.047, -0.053, -0.055, -0.064, -0.072, -0.064, -0.057], "FUKUIrad": [0.014, 0.006, -0.0, 0.008, -0.067, -0.041, -0.042, -0.059, -0.042, -0.041, -0.033, -0.04, -0.024, -0.034, -0.062, -0.026, -0.025, -0.046, -0.049, -0.076, -0.08, -0.085, -0.08, -0.076], "s proportion": [1.007, 1.027, 1.032, 1.03, 1.09, 1.062, 1.06, 1.059, 1.06, 1.062, 0.973, 0.971, 0.973, 0.977, 0.975, 0.975, 0.975, 0.972, 0.971, 0.972, 0.972, 0.972, 0.972, 0.972], "p proportion": [3.078, 3.012, 3.009, 3.019, 2.902, 2.98, 2.967, 2.975, 2.967, 2.98, 0.0, 0.0, 0.0, 0.0, 0.0, 0.0, 0.0, 0.0, 0.0, 0.0, 0.0, 0.0, 0.0, 0.0], "d proportion": [0.0, 0.0, 0.0, 0.0, 0.0, 0.0, 0.0, 0.0, 0.0, 0.0, 0.0, 0.0, 0.0, 0.0, 0.0, 0.0, 0.0, 0.0, 0.0, 0.0, 0.0, 0.0, 0.0, 0.0], "Fermi-level/eV": -8.2635, "Coordination numbers": [3.749, 3.799, 3.801, 3.805, 2.963, 2.915, 2.911, 2.912, 2.911, 2.915, 0.924, 0.924, 0.924, 0.924, 0.924, 0.924, 0.924, 0.924, 0.924, 0.925, 0.925, 0.925, 0.925, 0.925], "Dispersion coefficient C6": [22.46, 21.49, 21.479, 21.665, 27.744, 28.947, 28.785, 28.84, 28.785, 28.953, 2.538, 2.581, 2.542, 2.594, 2.61, 2.563, 2.612, 2.532, 2.483, 2.612, 2.629, 2.64, 2.63, 2.617], "Total dispersion C6": 5359.08149, "Total dispersion C8": 123167.1006, "Polarizability alpha": [6.759, 6.6, 6.598, 6.626, 8.64, 8.823, 8.798, 8.806, 8.798, 8.823, 2.491, 2.512, 2.493, 2.519, 2.527, 2.504, 2.528, 2.489, 2.464, 2.527, 2.536, 2.541, 2.536, 2.53], "Total polarizability alpha": 114.466808, "Wiberg matrix": [[0.0, 1.0210743116241634, 0.0, 0.0, 0.0, 0.0, 0.0, 0.0, 0.0, 0.0, 0.9860250731522503, 0.9872240728153858, 0.98738410286079, 0.0, 0.0, 0.0, 0.0, 0.0, 0.0, 0.0, 0.0, 0.0, 0.0, 0.0], [1.0210743116241634, 0.0, 1.0057436006526983, 0.0, 0.0, 0.0, 0.0, 0.0, 0.0, 0.0, 0.0, 0.0, 0.0, 0.9777243517577225, 0.9774065342988109, 0.0, 0.0, 0.0, 0.0, 0.0, 0.0, 0.0, 0.0, 0.0], [0.0, 1.0057436006526983, 0.0, 0.9918733765320898, 0.0, 0.0, 0.0, 0.0, 0.0, 0.0, 0.0, 0.0, 0.0, 0.0, 0.0, 0.977001343818431, 0.9774211102644245, 0.0, 0.0, 0.0, 0.0, 0.0, 0.0, 0.0], [0.0, 0.0, 0.9918733765320898, 0.0, 1.0104595618174792, 0.0, 0.0, 0.0, 0.0, 0.0, 0.0, 0.0, 0.0, 0.0, 0.0, 0.0, 0.0, 0.9729632539033674, 0.9702239520591811, 0.0, 0.0, 0.0, 0.0, 0.0], [0.0, 0.0, 0.0, 1.0104595618174792, 0.0, 1.4116807665440425, 0.0, 0.10917831006929642, 0.0, 1.4123871960954213, 0.0, 0.0, 0.0, 0.0, 0.0, 0.0, 0.0, 0.0, 0.0, 0.0, 0.0, 0.0, 0.0, 0.0], [0.0, 0.0, 0.0, 0.0, 1.4116807665440425, 0.0, 1.444511803412287, 0.0, 0.11141664031092086, 0.0, 0.0, 0.0, 0.0, 0.0, 0.0, 0.0, 0.0, 0.0, 0.0, 0.9700168268797685, 0.0, 0.0, 0.0, 0.0], [0.0, 0.0, 0.0, 0.0, 0.0, 1.444511803412287, 0.0, 1.4379804474106863, 0.0, 0.11115543737707026, 0.0, 0.0, 0.0, 0.0, 0.0, 0.0, 0.0, 0.0, 0.0, 0.0, 0.971577406714891, 0.0, 0.0, 0.0], [0.0, 0.0, 0.0, 0.0, 0.10917831006929642, 0.0, 1.4379804474106863, 0.0, 1.438521751226088, 0.0, 0.0, 0.0, 0.0, 0.0, 0.0, 0.0, 0.0, 0.0, 0.0, 0.0, 0.0, 0.9717052040498486, 0.0, 0.0], [0.0, 0.0, 0.0, 0.0, 0.0, 0.11141664031092086, 0.0, 1.438521751226088, 0.0, 1.4437152787153125, 0.0, 0.0, 0.0, 0.0, 0.0, 0.0, 0.0, 0.0, 0.0, 0.0, 0.0, 0.0, 0.9715816466965237, 0.0], [0.0, 0.0, 0.0, 0.0, 1.4123871960954213, 0.0, 0.11115543737707026, 0.0, 1.4437152787153125, 0.0, 0.0, 0.0, 0.0, 0.0, 0.0, 0.0, 0.0, 0.0, 0.0, 0.0, 0.0, 0.0, 0.0, 0.9699370096494936], [0.9860250731522503, 0.0, 0.0, 0.0, 0.0, 0.0, 0.0, 0.0, 0.0, 0.0, 0.0, 0.0, 0.0, 0.0, 0.0, 0.0, 0.0, 0.0, 0.0, 0.0, 0.0, 0.0, 0.0, 0.0], [0.9872240728153858, 0.0, 0.0, 0.0, 0.0, 0.0, 0.0, 0.0, 0.0, 0.0, 0.0, 0.0, 0.0, 0.0, 0.0, 0.0, 0.0, 0.0, 0.0, 0.0, 0.0, 0.0, 0.0, 0.0], [0.98738410286079, 0.0, 0.0, 0.0, 0.0, 0.0, 0.0, 0.0, 0.0, 0.0, 0.0, 0.0, 0.0, 0.0, 0.0, 0.0, 0.0, 0.0, 0.0, 0.0, 0.0, 0.0, 0.0, 0.0], [0.0, 0.9777243517577225, 0.0, 0.0, 0.0, 0.0, 0.0, 0.0, 0.0, 0.0, 0.0, 0.0, 0.0, 0.0, 0.0, 0.0, 0.0, 0.0, 0.0, 0.0, 0.0, 0.0, 0.0, 0.0], [0.0, 0.9774065342988109, 0.0, 0.0, 0.0, 0.0, 0.0, 0.0, 0.0, 0.0, 0.0, 0.0, 0.0, 0.0, 0.0, 0.0, 0.0, 0.0, 0.0, 0.0, 0.0, 0.0, 0.0, 0.0], [0.0, 0.0, 0.977001343818431, 0.0, 0.0, 0.0, 0.0, 0.0, 0.0, 0.0, 0.0, 0.0, 0.0, 0.0, 0.0, 0.0, 0.0, 0.0, 0.0, 0.0, 0.0, 0.0, 0.0, 0.0], [0.0, 0.0, 0.9774211102644245, 0.0, 0.0, 0.0, 0.0, 0.0, 0.0, 0.0, 0.0, 0.0, 0.0, 0.0, 0.0, 0.0, 0.0, 0.0, 0.0, 0.0, 0.0, 0.0, 0.0, 0.0], [0.0, 0.0, 0.0, 0.9729632539033674, 0.0, 0.0, 0.0, 0.0, 0.0, 0.0, 0.0, 0.0, 0.0, 0.0, 0.0, 0.0, 0.0, 0.0, 0.0, 0.0, 0.0, 0.0, 0.0, 0.0], [0.0, 0.0, 0.0, 0.9702239520591811, 0.0, 0.0, 0.0, 0.0, 0.0, 0.0, 0.0, 0.0, 0.0, 0.0, 0.0, 0.0, 0.0, 0.0, 0.0, 0.0, 0.0, 0.0, 0.0, 0.0], [0.0, 0.0, 0.0, 0.0, 0.0, 0.9700168268797685, 0.0, 0.0, 0.0, 0.0, 0.0, 0.0, 0.0, 0.0, 0.0, 0.0, 0.0, 0.0, 0.0, 0.0, 0.0, 0.0, 0.0, 0.0], [0.0, 0.0, 0.0, 0.0, 0.0, 0.0, 0.971577406714891, 0.0, 0.0, 0.0, 0.0, 0.0, 0.0, 0.0, 0.0, 0.0, 0.0, 0.0, 0.0, 0.0, 0.0, 0.0, 0.0, 0.0], [0.0, 0.0, 0.0, 0.0, 0.0, 0.0, 0.0, 0.9717052040498486, 0.0, 0.0, 0.0, 0.0, 0.0, 0.0, 0.0, 0.0, 0.0, 0.0, 0.0, 0.0, 0.0, 0.0, 0.0, 0.0], [0.0, 0.0, 0.0, 0.0, 0.0, 0.0, 0.0, 0.0, 0.9715816466965237, 0.0, 0.0, 0.0, 0.0, 0.0, 0.0, 0.0, 0.0, 0.0, 0.0, 0.0, 0.0, 0.0, 0.0, 0.0], [0.0, 0.0, 0.0, 0.0, 0.0, 0.0, 0.0, 0.0, 0.0, 0.9699370096494936, 0.0, 0.0, 0.0, 0.0, 0.0, 0.0, 0.0, 0.0, 0.0, 0.0, 0.0, 0.0, 0.0, 0.0]], "Born radii": [], "Atomic SASAs": [], "Solvent H bonds": [], "Total SASA": NaN, "Total FOD": 0.0, "FOD": [0.0, 0.0, 0.0, 0.0, 0.0, 0.0, 0.0, 0.0, 0.0, 0.0, 0.0, 0.0, 0.0, 0.0, 0.0, 0.0, 0.0, 0.0, 0.0, 0.0, 0.0, 0.0, 0.0, 0.0], "FOD s proportion": [0.0, 0.0, 0.0, 0.0, 0.0, 0.0, 0.0, 0.0, 0.0, 0.0, 0.0, 0.0, 0.0, 0.0, 0.0, 0.0, 0.0, 0.0, 0.0, 0.0, 0.0, 0.0, 0.0, 0.0], "FOD p proportion": [0.0, 0.0, 0.0, 0.0, 0.0, 0.0, 0.0, 0.0, 0.0, 0.0, 0.0, 0.0, 0.0, 0.0, 0.0, 0.0, 0.0, 0.0, 0.0, 0.0, 0.0, 0.0, 0.0, 0.0], "FOD d proportion": [0.0, 0.0, 0.0, 0.0, 0.0, 0.0, 0.0, 0.0, 0.0, 0.0, 0.0, 0.0, 0.0, 0.0, 0.0, 0.0, 0.0, 0.0, 0.0, 0.0, 0.0, 0.0, 0.0, 0.0], "coordinates": [["-3.53110", "0.18140", "-0.15640"], ["-2.65900", "-0.49380", "0.89080"], ["-1.21130", "-0.69810", "0.43950"], ["-0.45220", "0.61510", "0.23150"], ["0.99840", "0.37000", "-0.10450"], ["1.39490", "0.16480", "-1.43280"], ["2.73430", "-0.07790", "-1.74160"], ["3.68790", "-0.12230", "-0.72630"], ["3.30300", "0.07390", "0.59870"], ["1.96400", "0.31670", "0.90940"], ["-3.21360", "1.21200", "-0.33940"], ["-4.57110", "0.21140", "0.18410"], ["-3.50090", "-0.36450", "-1.10460"], ["-2.68230", "0.09100", "1.81770"], ["-3.09140", "-1.47420", "1.12390"], ["-1.19490", "-1.29200", "-0.48320"], ["-0.69770", "-1.29870", "1.20150"], ["-0.51750", "1.23620", "1.13370"], ["-0.90710", "1.20290", "-0.57460"], ["0.66080", "0.19230", "-2.23480"], ["3.03310", "-0.23390", "-2.77470"], ["4.73040", "-0.31180", "-0.96730"], ["4.04550", "0.03630", "1.39130"], ["1.67770", "0.46330", "1.94830"]], "bond_dist": [[0.0, 1.5208817475398935, 2.5514876248965033, 3.133398683538372, 4.533721850753529, 5.088707942100824, 6.468023862819307, 7.247825929201114, 6.876529289547161, 5.599139196340809, 1.093815162630323, 1.094732958305358, 1.0945328181466283, 2.1507450825237284, 2.1385779246966896, 2.7812832002512797, 3.4731461213142185, 3.443653003715676, 2.84670502335595, 4.6788771067426, 7.0793142761146015, 8.315839542704031, 7.734422852417625, 5.625017967971302], [1.5208817475398935, 0.0, 1.5301128945277207, 2.556228068854577, 3.8875888787267616, 4.718789689104612, 6.015828077663124, 6.560195444497062, 5.996086198513161, 4.693547188427958, 2.1750234113682545, 2.157048525184355, 2.169593339775913, 1.0962105363478314, 1.0965808360535945, 2.1606915675310994, 2.142684342127883, 2.763679189052159, 2.845231389535832, 4.610984776595993, 6.775207795337351, 7.621606915211516, 6.744021538370113, 4.565228751114231], [2.5514876248965033, 1.5301128945277207, 0.0, 1.5310098138157053, 2.5138710587458535, 3.3230079957773198, 4.5507806594033955, 5.068806163190698, 4.582601131453621, 3.366475180362986, 2.8747821673998186, 3.4900824417196796, 2.781690480625046, 2.164706689138277, 2.1460453350290623, 1.097434034464031, 1.0977929312944221, 2.169052459024447, 2.17594518543092, 3.383703748852727, 5.344295523265906, 6.118178881006996, 5.392514519220138, 3.460006994212584], [3.133398683538372, 2.556228068854577, 1.5310098138157053, 0.0, 1.5090428655276826, 2.5267455332898088, 3.811450492922609, 4.312953467173046, 3.8117266848503184, 2.5271749860268877, 2.8822814539874484, 4.138907785877816, 3.469776802620019, 2.7864057960031596, 3.4823740307439692, 2.1678168257488917, 2.1595834528908577, 1.0972666676792837, 1.0964670811292057, 2.7386428262918843, 4.680315751100561, 5.399593300425506, 4.680753226778784, 2.739875816528917], [4.533721850753529, 3.8875888787267616, 2.5138710587458535, 1.5090428655276826, 0.0, 1.4013208697511075, 2.4277684465368603, 2.803997999286019, 2.427621595306814, 1.4011486216672377, 4.301753829544411, 5.579227022625984, 4.667268017802277, 4.161760003892584, 4.651505588516476, 2.7778089531139463, 2.7142127587939746, 2.140419232300065, 2.1320522202797942, 2.1641924914387816, 3.410962817152952, 3.8906425022096287, 3.4108051454165476, 2.1642876934455826], [5.088707942100824, 4.718789689104612, 3.3230079957773198, 2.5267455332898088, 1.4013208697511075, 0.0, 1.3957983701093795, 2.4164887047118597, 2.7885660598235793, 2.415129242918482, 4.850816802354012, 6.181398965444635, 4.935253931663497, 5.214859205194326, 5.417556975242623, 3.1194663710320714, 3.6688340791046956, 3.375217618169234, 2.6670888342910515, 1.0875950809009756, 2.154844899290898, 3.40138178686251, 3.875272044644092, 3.40601164120148], [6.468023862819307, 6.015828077663124, 4.5507806594033955, 3.811450492922609, 2.4277684465368603, 1.3957983701093795, 0.0, 1.3936134363588777, 2.4131860723947502, 2.788704403482018, 6.245600152107082, 7.5604817399422375, 6.274203343851712, 6.483571489541857, 6.640747279485947, 4.300723428680342, 4.683034726542181, 4.53524113361131, 4.032633333195569, 2.148407905868902, 1.086698233181595, 2.153756000572024, 3.3981391216370174, 3.8761660194062895], [7.247825929201114, 6.560195444497062, 5.068806163190698, 4.312953467173046, 2.803997999286019, 2.4164887047118597, 1.3936134363588777, 0.0, 1.3936525571317981, 2.4166229950077027, 7.039939655281145, 8.315723952248536, 7.202820084522451, 6.862716731003839, 7.1561010431658945, 5.026831162869904, 4.932931903036976, 4.794842167371101, 4.784683158789096, 3.396745474715466, 2.1534066406510406, 1.086645066247485, 2.1534301660374315, 3.396662561986398], [6.876529289547161, 5.996086198513161, 4.582601131453621, 3.8117266848503184, 2.427621595306814, 2.7885660598235793, 2.4131860723947502, 1.3936525571317981, 0.0, 1.395853620549089, 6.681420416348608, 7.886206326238239, 7.027551540899576, 6.108196910709412, 6.6000606065399126, 4.823618437438848, 4.272352875173118, 4.029067701094138, 4.514002204252895, 3.876075547509362, 3.3981486739105455, 2.1537389001455125, 1.0867082267103712, 2.1481742503810066], [5.599139196340809, 4.693547188427958, 3.366475180362986, 2.5271749860268877, 1.4011486216672377, 2.415129242918482, 2.788704403482018, 2.4166229950077027, 1.395853620549089, 0.0, 5.400796727335699, 6.576068748880291, 5.863903260627686, 4.739625836498067, 5.3675322281286775, 3.8086611374602493, 3.1272170471523073, 2.655867652952609, 3.3512418071514927, 3.4058478004749415, 3.8754003638333936, 3.401467933113585, 2.154876799262547, 1.0875534285725919], [1.093815162630323, 2.1750234113682545, 2.8747821673998186, 2.8822814539874484, 4.301753829544411, 4.850816802354012, 6.245600152107082, 7.039939655281145, 6.681420416348608, 5.400796727335699, 0.0, 1.7658026107127605, 1.7757884389757694, 2.488373183427277, 3.0613477701822767, 3.21960310131544, 3.8739824612406286, 3.072387420232025, 2.318478833200769, 4.432076782954013, 6.858758910327729, 8.113159732804478, 7.554609572307493, 5.451507926253066], [1.094732958305358, 2.157048525184355, 3.4900824417196796, 4.138907785877816, 5.579227022625984, 6.181398965444635, 7.5604817399422375, 8.315723952248536, 7.886206326238239, 6.576068748880291, 1.7658026107127605, 0.0, 1.7713657273414771, 2.5001421079610657, 2.4318683126353697, 3.7555595175685874, 4.28003882342205, 4.287613340775962, 3.870864753514388, 5.7640454222707165, 8.17169793678156, 9.387084874975832, 8.70251615396375, 6.4979501914065185], [1.0945328181466283, 2.169593339775913, 2.781690480625046, 3.469776802620019, 4.667268017802277, 4.935253931663497, 6.274203343851712, 7.202820084522451, 7.027551540899576, 5.863903260627686, 1.7757884389757694, 1.7713657273414771, 0.0, 3.0687820874086187, 2.522961868518825, 2.56203634049168, 3.748167164095006, 4.0586824142817575, 3.076595716047203, 4.348232419041098, 6.7453277437052686, 8.23261369614778, 7.958536951601092, 6.0682245517119755], [2.1507450825237284, 1.0962105363478314, 2.164706689138277, 2.7864057960031596, 4.161760003892584, 5.214859205194326, 6.483571489541857, 6.862716731003839, 6.108196910709412, 4.739625836498067, 2.488373183427277, 2.5001421079610657, 3.0687820874086187, 0.0, 1.7602761970781746, 3.069069658707668, 2.4999211367561176, 2.5427736981493263, 3.179741489492503, 5.254458635292508, 7.339039101272047, 7.928845699721998, 6.741520740159449, 4.377814940127095], [2.1385779246966896, 1.0965808360535945, 2.1460453350290623, 3.4823740307439692, 4.651505588516476, 5.417556975242623, 6.640747279485947, 7.1561010431658945, 6.6000606065399126, 5.3675322281286775, 3.0613477701822767, 2.4318683126353697, 2.522961868518825, 1.7602761970781746, 0.0, 2.492524724049894, 2.4013791245865366, 3.7378236194341756, 3.850056252835795, 5.304440854604753, 7.365251272020528, 8.17953827792254, 7.2998941512874005, 5.213238573094464], [2.7812832002512797, 2.1606915675310994, 1.097434034464031, 2.1678168257488917, 2.7778089531139463, 3.1194663710320714, 4.300723428680342, 5.026831162869904, 4.823618437438848, 3.8086611374602493, 3.21960310131544, 3.7555595175685874, 2.56203634049168, 3.069069658707668, 2.492524724049894, 0.0, 1.7565496918675543, 3.0765291498700287, 2.513107401206722, 2.952096126483689, 4.92407675204195, 6.025307041139065, 5.721881098030611, 4.152722131325428], [3.4731461213142185, 2.142684342127883, 1.0977929312944221, 2.1595834528908577, 2.7142127587939746, 3.6688340791046956, 4.683034726542181, 4.932931903036976, 4.272352875173118, 3.1272170471523073, 3.8739824612406286, 4.28003882342205, 3.748167164095006, 2.4999211367561176, 2.4013791245865366, 1.7565496918675543, 0.0, 2.542201189913969, 3.0751231081047794, 3.9845653389046087, 5.555432847222618, 5.928063314439211, 4.931145432858374, 3.050390040634148], [3.443653003715676, 2.763679189052159, 2.169052459024447, 1.0972666676792837, 2.140419232300065, 3.375217618169234, 4.53524113361131, 4.794842167371101, 4.029067701094138, 2.655867652952609, 3.072387420232025, 4.287613340775962, 4.0586824142817575, 2.5427736981493263, 3.7378236194341756, 3.0765291498700287, 2.542201189913969, 0.0, 1.752479939970783, 3.718186432926676, 5.481199223710082, 5.860969152793761, 4.725154682124173, 2.4657353081788806], [2.84670502335595, 2.845231389535832, 2.17594518543092, 1.0964670811292057, 2.1320522202797942, 2.6670888342910515, 4.032633333195569, 4.784683158789096, 4.514002204252895, 3.3512418071514927, 2.318478833200769, 3.870864753514388, 3.076595716047203, 3.179741489492503, 3.850056252835795, 2.513107401206722, 3.0751231081047794, 1.752479939970783, 0.0, 2.4971757667413, 4.736033180838158, 5.850635489414804, 5.454719528078414, 3.6868989150775477], [4.6788771067426, 4.610984776595993, 3.383703748852727, 2.7386428262918843, 2.1641924914387816, 1.0875950809009756, 2.148407905868902, 3.396745474715466, 3.876075547509362, 3.4058478004749415, 4.432076782954013, 5.7640454222707165, 4.348232419041098, 5.254458635292508, 5.304440854604753, 2.952096126483689, 3.9845653389046087, 3.718186432926676, 2.4971757667413, 0.0, 2.4700092590919573, 4.292122693959249, 4.9627745566366395, 4.313450152719978], [7.0793142761146015, 6.775207795337351, 5.344295523265906, 4.680315751100561, 3.410962817152952, 2.154844899290898, 1.086698233181595, 2.1534066406510406, 3.3981486739105455, 3.8754003638333936, 6.858758910327729, 8.17169793678156, 6.7453277437052686, 7.339039101272047, 7.365251272020528, 4.92407675204195, 5.555432847222618, 5.481199223710082, 4.736033180838158, 2.4700092590919573, 0.0, 2.4806431545065086, 4.295755789148169, 4.962854622089992], [8.315839542704031, 7.621606915211516, 6.118178881006996, 5.399593300425506, 3.8906425022096287, 3.40138178686251, 2.153756000572024, 1.086645066247485, 2.1537389001455125, 3.401467933113585, 8.113159732804478, 9.387084874975832, 8.23261369614778, 7.928845699721998, 8.17953827792254, 6.025307041139065, 5.928063314439211, 5.860969152793761, 5.850635489414804, 4.292122693959249, 2.4806431545065086, 0.0, 2.480575654963985, 4.291908743205056], [7.734422852417625, 6.744021538370113, 5.392514519220138, 4.680753226778784, 3.4108051454165476, 3.875272044644092, 3.3981391216370174, 2.1534301660374315, 1.0867082267103712, 2.154876799262547, 7.554609572307493, 8.70251615396375, 7.958536951601092, 6.741520740159449, 7.2998941512874005, 5.721881098030611, 4.931145432858374, 4.725154682124173, 5.454719528078414, 4.9627745566366395, 4.295755789148169, 2.480575654963985, 0.0, 2.4696264575842233], [5.625017967971302, 4.565228751114231, 3.460006994212584, 2.739875816528917, 2.1642876934455826, 3.40601164120148, 3.8761660194062895, 3.396662561986398, 2.1481742503810066, 1.0875534285725919, 5.451507926253066, 6.4979501914065185, 6.0682245517119755, 4.377814940127095, 5.213238573094464, 4.152722131325428, 3.050390040634148, 2.4657353081788806, 3.6868989150775477, 4.313450152719978, 4.962854622089992, 4.291908743205056, 2.4696264575842233, 0.0]]}