{"total energy": -49.38755765, "HOMO-LUMO gap/eV": 4.36681174, "electronic energy": -49.93414903, "dipole": [-0.0224287, 0.61596334, 0.61599497], "partial charges": [-0.03889002, -0.18360665, 0.39891036, -0.44946093, -0.30458408, 0.14849994, -0.0364765, -0.02750238, -0.03299898, -0.02951458, -0.01858039, 0.24940393, -0.33413469, 0.07988417, 0.0816792, -0.32972094, 0.0556484, 0.08158918, 0.05842982, 0.18341272, 0.05816614, 0.04863752, 0.04714925, 0.0612627, 0.04430673, 0.05161334, 0.04061078, 0.05373568, 0.04253025], "atomic dipole moments": [[-0.12613928, -0.10037731, 0.089989], [0.05250691, -0.00342638, -0.06020623], [-0.09686652, -0.05383712, 0.11269316], [-0.00559815, 0.0494883, 0.19212504], [-0.00574542, -0.05887159, -0.20113456], [0.14959684, 0.21617397, 0.07004658], [-0.01456858, 0.035102, 0.00706337], [0.00605273, 0.02041305, 0.00516464], [0.00514972, 0.01655279, 0.00556372], [0.03378052, 0.02940226, 0.01380875], [-0.01459846, 0.11784607, 0.05194444], [-0.13220311, 0.12430115, -0.16352021], [0.15780525, 0.18949566, -0.0941851], [0.13540932, -0.16955739, 0.04175381], [0.09343061, -0.07038391, 0.18591543], [-0.23971399, -0.11047069, -0.01658984], [0.099512, -0.07112493, 0.00290391], [-0.04150512, 0.02083037, -0.12649906], [0.01344986, 0.10651757, 0.0647938], [-0.01435085, 0.00493243, 0.13964718], [0.15425719, -0.0261536, -0.00199409], [0.0583252, -0.13070193, -0.04631917], [-0.0899532, -0.11156204, -0.04627803], [-0.15364682, 0.01050629, -0.00244023], [0.029581, 0.01932318, 0.11825506], [-0.11002992, -0.01434328, -0.06436937], [-0.01056065, 0.08166562, 0.08797062], [0.00858476, 0.1234933, -0.03842045], [0.00674757, -0.07728951, -0.0948868]], "atomic quadrupole moments": [[0.08604925, 0.22975403, -0.01080753, -0.19210553, -0.13347758, -0.07524173], [0.0455829, 0.05840623, 0.01367025, -0.03589073, -0.01798315, -0.05925315], [0.1786384, -0.24969252, 0.06118505, -0.02561114, -0.19906844, -0.23982344], [0.0324193, -0.11346286, 0.01479845, 0.03740756, -0.01843629, -0.04721775], [-0.00081084, 0.08325216, 0.01021466, -0.0093962, 0.01844378, -0.00940381], [-0.23786877, 0.35500292, -0.03935049, 0.08988174, -0.10858008, 0.27721926], [-0.2785814, 0.02984113, -0.14782492, -0.04591989, -0.23589633, 0.42640632], [-0.26507305, 0.03239259, -0.17491135, -0.03425148, -0.26122715, 0.4399844], [-0.25599539, 0.00350284, -0.17274781, -0.04131675, -0.2611039, 0.4287432], [-0.27144666, 0.01412959, -0.16596716, -0.03179627, -0.2616251, 0.43741382], [-0.30326104, -0.08760623, -0.02226234, -0.06004746, -0.16628258, 0.32552338], [0.26116785, 0.08450529, 0.02241586, -0.06708309, -0.24790328, -0.28358371], [0.07841988, -0.03268845, 0.03687719, 0.02544332, -0.10960427, -0.11529708], [-0.04934877, -0.11321284, 0.15009548, -0.07369057, -0.34987324, -0.10074672], [0.30459882, -0.08905578, -0.30295301, 0.16199195, -0.18794184, -0.00164581], [0.04744899, 0.02241407, -0.02844623, 0.06883252, -0.12941993, -0.01900277], [0.05047907, -0.03702044, -0.00185547, -0.01585543, -0.01727031, -0.0486236], [-0.00619964, 0.00567885, -0.04144851, 0.02908703, -0.01843554, 0.04764815], [-0.03497702, 0.02650926, 0.04859649, -0.01234143, 0.04656854, -0.01361947], [-0.02340117, 0.04409537, -0.00680581, 0.00281791, 0.02047568, 0.03020698], [0.02886165, 0.00802925, 0.01963828, 0.00937292, 0.02625603, -0.04849992], [0.03788669, 0.00044624, 0.01990772, 0.00695767, 0.03149967, -0.05779441], [0.03737659, -0.00590134, 0.02002663, 0.00345557, 0.03299834, -0.05740322], [0.02342903, -0.00808586, 0.02801745, 0.00196031, 0.03515834, -0.05144648], [6.245e-05, -0.00735429, -0.01460438, 0.01582364, 0.00372469, 0.01454193], [0.03369657, 0.00671992, -0.0229082, 0.04118419, 0.01738194, -0.01078838], [-0.04217632, -0.00686804, 0.03403179, -0.00252881, 0.02199722, 0.00814453], [-0.04205102, 0.00908389, 0.05521572, -0.00037583, -0.01844499, -0.0131647], [-0.00743804, -0.00404115, -0.00918739, 0.0191025, 0.03599263, 0.01662543]], "number of molecular orbitals": 77, "number of electrons": 86, "number of unpaired electrons": 0, "orbital energies/eV": [-19.80139965, -19.64495853, -19.1738694, -19.00874542, -18.39416967, -18.11137305, -17.8662133, -17.60448961, -17.27303609, -17.20036879, -16.87832351, -16.78954085, -16.38870521, -16.13052784, -15.91714023, -15.87724755, -15.75331317, -15.52172087, -15.22264179, -15.10041332, -14.61664469, -14.52911245, -14.33460899, -14.11957297, -14.06028901, -14.01955897, -13.82472837, -13.6085963, -13.52858569, -13.43788699, -13.22532141, -13.01726032, -12.93290794, -12.8055829, -12.42995732, -12.13081563, -11.66991416, -11.50447938, -11.33094709, -11.12926325, -10.97687108, -10.91377015, -10.82669883, -6.45988709, -6.36361126, -5.32274205, -3.07589006, -0.51634965, -0.4483814, 0.39800521, 1.12966811, 1.48024706, 2.57686648, 3.04877499, 3.12993994, 3.28493445, 3.56384657, 3.79051964, 3.87826862, 3.96198521, 4.54718974, 4.68478179, 4.8066015, 5.00753857, 5.28175619, 5.48779692, 5.65254107, 6.18527578, 7.01280936, 9.06983946, 9.73464039, 10.26503844, 11.2048574, 11.57900252, 15.9969734, 16.53830287, 17.24169742], "fractional occupation": [2.0, 2.0, 2.0, 2.0, 2.0, 2.0, 2.0, 2.0, 2.0, 2.0, 2.0, 2.0, 2.0, 2.0, 2.0, 2.0, 2.0, 2.0, 2.0, 2.0, 2.0, 2.0, 2.0, 2.0, 2.0, 2.0, 2.0, 2.0, 2.0, 2.0, 2.0, 2.0, 2.0, 2.0, 2.0, 2.0, 2.0, 2.0, 2.0, 2.0, 2.0, 2.0, 2.0, 0.0, 0.0, 0.0, 0.0, 0.0, 0.0, 0.0, 0.0, 0.0, 0.0, 0.0, 0.0, 0.0, 0.0, 0.0, 0.0, 0.0, 0.0, 0.0, 0.0, 0.0, 0.0, 0.0, 0.0, 0.0, 0.0, 0.0, 0.0, 0.0, 0.0, 0.0, 0.0, 0.0, 0.0], "program call": "xtb /home/svss/Project-DBcg-Debug/aqme2_20220329/End-to-End-workflows-final/example-3/QDESCP/mol_515_rdkit_conf_3/mol_515_rdkit_conf_3.xyz --pop --wbo --acc 0.2 --gfn 2 --chrg 0 --uhf 0 --etemp 300 --input /home/svss/Project-DBcg-Debug/aqme2_20220329/End-to-End-workflows-final/example-3/QDESCP/mol_515_rdkit_conf_3/mol_515_rdkit_conf_3_xtb.inp", "method": "GFN2-xTB", "xtb version": "6.3.3 (7355c4f)", "Dipole module/D": 2.215, "Total charge": 0, "Transition dipole module/D": NaN, "HOMO": -10.8267, "LUMO": -6.4599, "HOMO occupancy": 2.0, "LUMO occupancy": 0, "mulliken charges": [0.0726, -0.34639, 0.65533, -0.56568, -0.43208, 0.25223, -0.04718, -0.02383, -0.03692, -0.02428, -0.03773, 0.41725, -0.47606, 0.18418, 0.1841, -0.46598, 0.03483, 0.05731, 0.0302, 0.23531, 0.05179, 0.03492, 0.03334, 0.04634, 0.04501, 0.03012, 0.0277, 0.0328, 0.03079], "cm5 charges": [-0.0136, -0.70647, 0.77732, -0.60545, -0.48969, 0.27206, -0.09683, -0.07897, -0.0921, -0.07532, -0.03986, 0.40944, -0.56302, 0.10632, 0.10649, -0.54903, 0.09713, 0.12156, 0.09164, 0.43408, 0.11146, 0.09038, 0.0887, 0.10699, 0.12123, 0.09207, 0.09267, 0.09478, 0.09602], "FUKUI+": [0.02, -0.041, -0.029, -0.063, -0.042, -0.049, -0.033, -0.057, -0.045, -0.037, -0.073, 0.005, -0.014, 0.01, 0.008, -0.012, -0.028, -0.018, -0.032, -0.029, -0.071, -0.083, -0.081, -0.077, -0.04, -0.026, -0.025, -0.03, -0.005], "FUKUI-": [0.024, -0.075, 0.0, -0.067, -0.04, -0.018, -0.015, -0.022, -0.031, -0.013, -0.022, 0.004, -0.076, 0.015, 0.013, -0.05, -0.072, -0.043, -0.049, -0.04, -0.04, -0.054, -0.054, -0.038, -0.076, -0.047, -0.045, -0.04, -0.029], "FUKUIrad": [0.022, -0.058, -0.014, -0.065, -0.041, -0.033, -0.024, -0.04, -0.038, -0.025, -0.048, 0.004, -0.045, 0.013, 0.011, -0.031, -0.05, -0.031, -0.04, -0.034, -0.055, -0.069, -0.067, -0.057, -0.058, -0.037, -0.035, -0.035, -0.017], "s proportion": [0.976, 1.411, 0.922, 1.724, 1.695, 1.022, 1.063, 1.061, 1.061, 1.065, 1.091, 0.987, 1.708, 0.999, 0.999, 1.706, 0.965, 0.943, 0.97, 0.765, 0.948, 0.965, 0.967, 0.954, 0.955, 0.97, 0.972, 0.967, 0.969], "p proportion": [2.952, 3.936, 2.423, 4.842, 4.738, 2.726, 2.984, 2.963, 2.976, 2.96, 2.947, 2.596, 4.768, 2.817, 2.817, 4.76, 0.0, 0.0, 0.0, 0.0, 0.0, 0.0, 0.0, 0.0, 0.0, 0.0, 0.0, 0.0, 0.0], "d proportion": [0.0, 0.0, 0.0, 0.0, 0.0, 0.0, 0.0, 0.0, 0.0, 0.0, 0.0, 0.0, 0.0, 0.0, 0.0, 0.0, 0.0, 0.0, 0.0, 0.0, 0.0, 0.0, 0.0, 0.0, 0.0, 0.0, 0.0, 0.0, 0.0], "Fermi-level/eV": -8.6433, "Coordination numbers": [3.688, 2.682, 2.655, 0.857, 1.706, 2.875, 2.909, 2.912, 2.909, 2.915, 2.955, 3.751, 1.698, 3.749, 3.758, 1.7, 0.924, 0.924, 0.924, 0.86, 0.925, 0.925, 0.925, 0.925, 0.924, 0.924, 0.924, 0.924, 0.924], "Dispersion coefficient C6": [21.466, 24.979, 20.267, 22.695, 19.072, 24.773, 28.907, 28.688, 28.822, 28.737, 28.471, 16.816, 19.601, 19.31, 19.27, 19.521, 2.251, 1.963, 2.218, 1.195, 2.221, 2.337, 2.356, 2.184, 2.392, 2.3, 2.441, 2.274, 2.416], "Total dispersion C6": 9160.874581, "Total dispersion C8": 210790.741533, "Polarizability alpha": [6.632, 7.423, 7.365, 6.387, 5.896, 8.159, 8.816, 8.783, 8.803, 8.791, 8.752, 5.848, 5.977, 6.267, 6.258, 5.965, 2.346, 2.191, 2.329, 1.712, 2.33, 2.391, 2.4, 2.311, 2.419, 2.372, 2.443, 2.358, 2.431], "Total polarizability alpha": 146.15623, "Wiberg matrix": [[0.0, 1.0058417140516713, 0.0, 0.0, 0.0, 0.0, 0.0, 0.0, 0.0, 0.0, 0.0, 0.0, 0.0, 0.0, 0.0, 0.0, 0.9748407769998542, 0.9762519842258934, 0.9829917308855731, 0.0, 0.0, 0.0, 0.0, 0.0, 0.0, 0.0, 0.0, 0.0, 0.0], [1.0058417140516713, 0.0, 1.21628180389073, 0.17411432494603554, 0.0, 0.0, 0.0, 0.0, 0.0, 0.0, 0.0, 0.0, 0.0, 0.0, 0.0, 0.0, 0.0, 0.0, 0.0, 0.9397616383294886, 0.0, 0.0, 0.0, 0.0, 0.0, 0.0, 0.0, 0.0, 0.0], [0.0, 1.21628180389073, 0.0, 1.6559319475306926, 1.00795384649227, 0.0, 0.0, 0.0, 0.0, 0.0, 0.0, 0.0, 0.0, 0.0, 0.0, 0.0, 0.0, 0.0, 0.0, 0.0, 0.0, 0.0, 0.0, 0.0, 0.0, 0.0, 0.0, 0.0, 0.0], [0.0, 0.17411432494603554, 1.6559319475306926, 0.0, 0.12787332379517002, 0.0, 0.0, 0.0, 0.0, 0.0, 0.0, 0.0, 0.0, 0.0, 0.0, 0.0, 0.0, 0.0, 0.0, 0.0, 0.0, 0.0, 0.0, 0.0, 0.0, 0.0, 0.0, 0.0, 0.0], [0.0, 0.0, 1.00795384649227, 0.12787332379517002, 0.0, 0.9691423544708161, 0.0, 0.0, 0.0, 0.0, 0.0, 0.0, 0.0, 0.0, 0.0, 0.0, 0.0, 0.0, 0.0, 0.0, 0.0, 0.0, 0.0, 0.0, 0.0, 0.0, 0.0, 0.0, 0.0], [0.0, 0.0, 0.0, 0.0, 0.9691423544708161, 0.0, 1.4036538849164506, 0.0, 0.10392374501998419, 0.0, 1.373661535716461, 0.0, 0.0, 0.0, 0.0, 0.0, 0.0, 0.0, 0.0, 0.0, 0.0, 0.0, 0.0, 0.0, 0.0, 0.0, 0.0, 0.0, 0.0], [0.0, 0.0, 0.0, 0.0, 0.0, 1.4036538849164506, 0.0, 1.4389593561395428, 0.0, 0.11017357831110197, 0.0, 0.0, 0.0, 0.0, 0.0, 0.0, 0.0, 0.0, 0.0, 0.0, 0.9670686649048094, 0.0, 0.0, 0.0, 0.0, 0.0, 0.0, 0.0, 0.0], [0.0, 0.0, 0.0, 0.0, 0.0, 0.0, 1.4389593561395428, 0.0, 1.439363492773652, 0.0, 0.10781825660006851, 0.0, 0.0, 0.0, 0.0, 0.0, 0.0, 0.0, 0.0, 0.0, 0.0, 0.9696599904039702, 0.0, 0.0, 0.0, 0.0, 0.0, 0.0, 0.0], [0.0, 0.0, 0.0, 0.0, 0.0, 0.10392374501998419, 0.0, 1.439363492773652, 0.0, 1.4387960572589593, 0.0, 0.0, 0.0, 0.0, 0.0, 0.0, 0.0, 0.0, 0.0, 0.0, 0.0, 0.0, 0.9700102408215909, 0.0, 0.0, 0.0, 0.0, 0.0, 0.0], [0.0, 0.0, 0.0, 0.0, 0.0, 0.0, 0.11017357831110197, 0.0, 1.4387960572589593, 0.0, 1.4159737973356674, 0.0, 0.0, 0.0, 0.0, 0.0, 0.0, 0.0, 0.0, 0.0, 0.0, 0.0, 0.0, 0.966003642298315, 0.0, 0.0, 0.0, 0.0, 0.0], [0.0, 0.0, 0.0, 0.0, 0.0, 1.373661535716461, 0.0, 0.10781825660006851, 0.0, 1.4159737973356674, 0.0, 0.9798294067551333, 0.0, 0.0, 0.0, 0.0, 0.0, 0.0, 0.0, 0.0, 0.0, 0.0, 0.0, 0.0, 0.0, 0.0, 0.0, 0.0, 0.0], [0.0, 0.0, 0.0, 0.0, 0.0, 0.0, 0.0, 0.0, 0.0, 0.0, 0.9798294067551333, 0.0, 0.963589555180869, 0.0, 0.0, 0.9613097019708842, 0.0, 0.0, 0.0, 0.0, 0.0, 0.0, 0.0, 0.0, 0.9482025081434109, 0.0, 0.0, 0.0, 0.0], [0.0, 0.0, 0.0, 0.0, 0.0, 0.0, 0.0, 0.0, 0.0, 0.0, 0.0, 0.963589555180869, 0.0, 0.973855620607825, 0.0, 0.0, 0.0, 0.0, 0.0, 0.0, 0.0, 0.0, 0.0, 0.0, 0.0, 0.0, 0.0, 0.0, 0.0], [0.0, 0.0, 0.0, 0.0, 0.0, 0.0, 0.0, 0.0, 0.0, 0.0, 0.0, 0.0, 0.973855620607825, 0.0, 1.0033426366839842, 0.0, 0.0, 0.0, 0.0, 0.0, 0.0, 0.0, 0.0, 0.0, 0.0, 0.9707690502874634, 0.9703684414601697, 0.0, 0.0], [0.0, 0.0, 0.0, 0.0, 0.0, 0.0, 0.0, 0.0, 0.0, 0.0, 0.0, 0.0, 0.0, 1.0033426366839842, 0.0, 0.9744374694717076, 0.0, 0.0, 0.0, 0.0, 0.0, 0.0, 0.0, 0.0, 0.0, 0.0, 0.0, 0.9701182565674568, 0.969900592349977], [0.0, 0.0, 0.0, 0.0, 0.0, 0.0, 0.0, 0.0, 0.0, 0.0, 0.0, 0.9613097019708842, 0.0, 0.0, 0.9744374694717076, 0.0, 0.0, 0.0, 0.0, 0.0, 0.0, 0.0, 0.0, 0.0, 0.0, 0.0, 0.0, 0.0, 0.0], [0.9748407769998542, 0.0, 0.0, 0.0, 0.0, 0.0, 0.0, 0.0, 0.0, 0.0, 0.0, 0.0, 0.0, 0.0, 0.0, 0.0, 0.0, 0.0, 0.0, 0.0, 0.0, 0.0, 0.0, 0.0, 0.0, 0.0, 0.0, 0.0, 0.0], [0.9762519842258934, 0.0, 0.0, 0.0, 0.0, 0.0, 0.0, 0.0, 0.0, 0.0, 0.0, 0.0, 0.0, 0.0, 0.0, 0.0, 0.0, 0.0, 0.0, 0.0, 0.0, 0.0, 0.0, 0.0, 0.0, 0.0, 0.0, 0.0, 0.0], [0.9829917308855731, 0.0, 0.0, 0.0, 0.0, 0.0, 0.0, 0.0, 0.0, 0.0, 0.0, 0.0, 0.0, 0.0, 0.0, 0.0, 0.0, 0.0, 0.0, 0.0, 0.0, 0.0, 0.0, 0.0, 0.0, 0.0, 0.0, 0.0, 0.0], [0.0, 0.9397616383294886, 0.0, 0.0, 0.0, 0.0, 0.0, 0.0, 0.0, 0.0, 0.0, 0.0, 0.0, 0.0, 0.0, 0.0, 0.0, 0.0, 0.0, 0.0, 0.0, 0.0, 0.0, 0.0, 0.0, 0.0, 0.0, 0.0, 0.0], [0.0, 0.0, 0.0, 0.0, 0.0, 0.0, 0.9670686649048094, 0.0, 0.0, 0.0, 0.0, 0.0, 0.0, 0.0, 0.0, 0.0, 0.0, 0.0, 0.0, 0.0, 0.0, 0.0, 0.0, 0.0, 0.0, 0.0, 0.0, 0.0, 0.0], [0.0, 0.0, 0.0, 0.0, 0.0, 0.0, 0.0, 0.9696599904039702, 0.0, 0.0, 0.0, 0.0, 0.0, 0.0, 0.0, 0.0, 0.0, 0.0, 0.0, 0.0, 0.0, 0.0, 0.0, 0.0, 0.0, 0.0, 0.0, 0.0, 0.0], [0.0, 0.0, 0.0, 0.0, 0.0, 0.0, 0.0, 0.0, 0.9700102408215909, 0.0, 0.0, 0.0, 0.0, 0.0, 0.0, 0.0, 0.0, 0.0, 0.0, 0.0, 0.0, 0.0, 0.0, 0.0, 0.0, 0.0, 0.0, 0.0, 0.0], [0.0, 0.0, 0.0, 0.0, 0.0, 0.0, 0.0, 0.0, 0.0, 0.966003642298315, 0.0, 0.0, 0.0, 0.0, 0.0, 0.0, 0.0, 0.0, 0.0, 0.0, 0.0, 0.0, 0.0, 0.0, 0.0, 0.0, 0.0, 0.0, 0.0], [0.0, 0.0, 0.0, 0.0, 0.0, 0.0, 0.0, 0.0, 0.0, 0.0, 0.0, 0.9482025081434109, 0.0, 0.0, 0.0, 0.0, 0.0, 0.0, 0.0, 0.0, 0.0, 0.0, 0.0, 0.0, 0.0, 0.0, 0.0, 0.0, 0.0], [0.0, 0.0, 0.0, 0.0, 0.0, 0.0, 0.0, 0.0, 0.0, 0.0, 0.0, 0.0, 0.0, 0.9707690502874634, 0.0, 0.0, 0.0, 0.0, 0.0, 0.0, 0.0, 0.0, 0.0, 0.0, 0.0, 0.0, 0.0, 0.0, 0.0], [0.0, 0.0, 0.0, 0.0, 0.0, 0.0, 0.0, 0.0, 0.0, 0.0, 0.0, 0.0, 0.0, 0.9703684414601697, 0.0, 0.0, 0.0, 0.0, 0.0, 0.0, 0.0, 0.0, 0.0, 0.0, 0.0, 0.0, 0.0, 0.0, 0.0], [0.0, 0.0, 0.0, 0.0, 0.0, 0.0, 0.0, 0.0, 0.0, 0.0, 0.0, 0.0, 0.0, 0.0, 0.9701182565674568, 0.0, 0.0, 0.0, 0.0, 0.0, 0.0, 0.0, 0.0, 0.0, 0.0, 0.0, 0.0, 0.0, 0.0], [0.0, 0.0, 0.0, 0.0, 0.0, 0.0, 0.0, 0.0, 0.0, 0.0, 0.0, 0.0, 0.0, 0.0, 0.969900592349977, 0.0, 0.0, 0.0, 0.0, 0.0, 0.0, 0.0, 0.0, 0.0, 0.0, 0.0, 0.0, 0.0, 0.0]], "Born radii": [], "Atomic SASAs": [], "Solvent H bonds": [], "Total SASA": NaN, "Total FOD": 0.0, "FOD": [0.0, 0.0, 0.0, 0.0, 0.0, 0.0, 0.0, 0.0, 0.0, 0.0, 0.0, 0.0, 0.0, 0.0, 0.0, 0.0, 0.0, 0.0, 0.0, 0.0, 0.0, 0.0, 0.0, 0.0, 0.0, 0.0, 0.0, 0.0, 0.0], "FOD s proportion": [0.0, 0.0, 0.0, 0.0, 0.0, 0.0, 0.0, 0.0, 0.0, 0.0, 0.0, 0.0, 0.0, 0.0, 0.0, 0.0, 0.0, 0.0, 0.0, 0.0, 0.0, 0.0, 0.0, 0.0, 0.0, 0.0, 0.0, 0.0, 0.0], "FOD p proportion": [0.0, 0.0, 0.0, 0.0, 0.0, 0.0, 0.0, 0.0, 0.0, 0.0, 0.0, 0.0, 0.0, 0.0, 0.0, 0.0, 0.0, 0.0, 0.0, 0.0, 0.0, 0.0, 0.0, 0.0, 0.0, 0.0, 0.0, 0.0, 0.0], "FOD d proportion": [0.0, 0.0, 0.0, 0.0, 0.0, 0.0, 0.0, 0.0, 0.0, 0.0, 0.0, 0.0, 0.0, 0.0, 0.0, 0.0, 0.0, 0.0, 0.0, 0.0, 0.0, 0.0, 0.0, 0.0, 0.0, 0.0, 0.0, 0.0, 0.0], "coordinates": [["3.84560", "2.17640", "-0.25590"], ["2.86970", "1.41680", "0.47460"], ["2.12000", "0.43420", "-0.11180"], ["2.16420", "0.14530", "-1.30000"], ["1.34210", "-0.18080", "0.85870"], ["0.49300", "-1.18970", "0.37940"], ["1.04880", "-2.40900", "-0.02090"], ["0.21280", "-3.43680", "-0.44800"], ["-1.16790", "-3.24890", "-0.45630"], ["-1.71670", "-2.03360", "-0.03360"], ["-0.89510", "-0.97840", "0.39830"], ["-1.47150", "0.33430", "0.88610"], ["-2.91090", "0.33730", "0.85650"], ["-3.26280", "1.53300", "0.16280"], ["-2.08350", "1.78970", "-0.73220"], ["-0.97990", "1.42570", "0.09060"], ["4.78210", "1.61310", "-0.27350"], ["3.50820", "2.35350", "-1.28050"], ["3.99920", "3.12920", "0.25600"], ["2.80060", "1.49740", "1.47880"], ["2.12520", "-2.55260", "-0.01160"], ["0.63660", "-4.38240", "-0.77500"], ["-1.82250", "-4.05060", "-0.78910"], ["-2.79900", "-1.92020", "-0.04040"], ["-1.16210", "0.49720", "1.92500"], ["-4.20140", "1.40290", "-0.38160"], ["-3.38280", "2.32910", "0.90550"], ["-2.00160", "2.83070", "-1.05410"], ["-2.09050", "1.13720", "-1.61210"]], "bond_dist": [[0.0, 1.4363158496653863, 2.456363370920516, 2.8359509833563767, 3.6147250587008686, 4.793136974883986, 5.376170421405929, 6.688957503976236, 7.389805308666799, 6.979448300546398, 5.73192613089178, 5.7418680601351335, 7.090135035385433, 7.149728932623949, 5.960757115501352, 4.895820972012763, 1.0929999542543447, 1.0931643655004493, 1.0924570517873917, 2.1359424360220944, 5.038144464979146, 7.320177815463228, 8.437250076298557, 7.808923163279301, 5.714288821892012, 8.085067206894449, 7.322699898944379, 5.937590384154165, 6.177094647971649], [1.4363158496653863, 0.0, 1.3679977375712287, 2.294264078086915, 2.243528544503056, 3.5286836327446527, 4.265904675446932, 5.609611513286816, 6.239995597754858, 5.761821965316179, 4.462793269915155, 4.493011900718715, 5.892919838246571, 6.141520815726346, 5.111713107168672, 3.868714950729764, 2.062876889201098, 2.089369558024621, 2.062975998406186, 1.009796420076839, 4.067776671598382, 6.338687278135749, 7.314789217058821, 6.598102279443688, 4.382320796107925, 7.122761182294405, 6.333381588851251, 5.297697668799155, 5.388513439716005], [2.456363370920516, 1.3679977375712287, 0.0, 1.2236159895980439, 1.3875242916792485, 2.3506292030007625, 3.039657627102105, 4.32840424175007, 4.949160764210434, 4.56250139397239, 3.368451985705007, 3.7288948322525806, 5.12415352131452, 5.500663818122318, 4.460009939450808, 3.2608922122633857, 2.915943845481253, 2.641338944550661, 3.3060088445132747, 2.030669584151986, 2.9884847866435598, 5.083300636397575, 6.00961501096368, 5.453884699918032, 3.8632503995987624, 6.400880383978442, 5.908159877660726, 4.859910297526077, 4.524756274099191], [2.8359509833563767, 2.294264078086915, 1.2236159895980439, 0.0, 2.33284703956346, 2.719470316072599, 3.0667022124751533, 4.167170067323867, 4.830663902612145, 4.627392244018222, 3.675083818091773, 4.246536082503009, 5.517607838547426, 5.7894580169477, 4.590141990178518, 3.6685906462836653, 3.1719929854903524, 2.585123496082924, 3.8330171157979454, 3.1551400618673013, 2.9900100284112763, 4.807208550707988, 5.810367674252637, 5.5214342928264575, 4.6463674305848865, 6.553310589312855, 6.356289931241338, 4.962431824216832, 4.379925126072362], [3.6147250587008686, 2.243528544503056, 1.3875242916792485, 2.33284703956346, 0.0, 1.4030604085355698, 2.4134200401090564, 3.6856911672032426, 4.176429409196329, 3.6858275285205626, 2.419338289698239, 2.8604936164934895, 4.2844417897784535, 4.962508565231903, 4.260113662802907, 2.926175637243944, 4.041479190840898, 3.961166790227344, 4.287135138994338, 2.3082680736864165, 2.6450147334183227, 4.562910091158931, 5.263581484122764, 4.580677065674899, 2.80494159119223, 5.897189333063675, 5.350370852567138, 4.889607937248139, 4.429979616205926], [4.793136974883986, 3.5286836327446527, 2.3506292030007625, 2.719470316072599, 1.4030604085355698, 0.0, 1.398515720326375, 2.410925384577465, 2.774398662773611, 2.4011477047445453, 1.404217401259506, 2.537435938107601, 3.761102048602244, 4.643925547422137, 4.0927779282536205, 3.015486197945532, 5.165108426741882, 4.939733321749261, 5.564311566582159, 3.708666138923805, 2.1620486234125265, 3.3980279001208915, 3.8615646194256548, 3.398106279974186, 2.8238036369407844, 5.416464448327894, 5.261231822491763, 4.943841377916569, 4.006870113941803], [5.376170421405929, 4.265904675446932, 3.039657627102105, 3.0667022124751533, 2.4134200401090564, 1.398515720326375, 0.0, 1.392006914494321, 2.4101377678464773, 2.7908917392116805, 2.4497126790707515, 3.834091284776615, 4.898083149559631, 5.8449126811270675, 5.2864291038469435, 4.339698149641285, 5.493507446067585, 5.506055463759877, 6.281177676996568, 4.536283091915671, 1.0859762474382209, 2.152413345526365, 3.3954889912941844, 3.8787717811183473, 4.137705168327003, 6.498098655760775, 6.553387454591708, 6.150357590417, 4.996264241410776], [6.688957503976236, 5.609611513286816, 4.32840424175007, 4.167170067323867, 3.6856911672032426, 2.410925384577465, 1.392006914494321, 0.0, 1.393451753739612, 2.4215011563077975, 2.826198269760987, 4.340263184416354, 5.069817822170734, 6.095226332138947, 5.715773401736636, 5.035526735109247, 6.812521027490484, 6.714185840442608, 7.612147985949826, 5.89538774975828, 2.1516338814956413, 1.0865978096793678, 2.1530317554555483, 3.396638420556418, 4.795605802190168, 6.55074550642902, 6.928629331981903, 6.67476447674373, 5.251837364199314], [7.389805308666799, 6.239995597754858, 4.949160764210434, 4.830663902612145, 4.176429409196329, 2.774398662773611, 2.4101377678464773, 1.393451753739612, 0.0, 1.398860543442412, 2.4412970425575007, 3.8384284492484677, 4.197895101119131, 5.257229158977189, 5.128541130770036, 4.710236593845366, 7.686023668972142, 7.343847943006445, 8.239323595417284, 6.482358209016222, 3.3951582275352057, 2.154672176921584, 1.0871889854114603, 2.144505469799506, 4.438906232395543, 5.554002662944986, 6.154215242417184, 6.165545936087088, 4.628707984956494], [6.979448300546398, 5.761821965316179, 4.56250139397239, 4.627392244018222, 3.6858275285205626, 2.4011477047445453, 2.7908917392116805, 2.4215011563077975, 1.398860543442412, 0.0, 1.4053509205888752, 2.5520426211174447, 2.7999211524612617, 3.8922530403353783, 3.9038707829537596, 3.539075637790184, 7.455895274210871, 6.935487439971324, 7.707780796701473, 5.929697635630337, 3.8768596324860667, 3.4065460939197636, 2.156446820582414, 1.0882458775479005, 3.2478675711919043, 4.25492307098495, 4.763501790699779, 4.97835341754681, 3.561651489126919], [5.73192613089178, 4.462793269915155, 3.368451985705007, 3.675083818091773, 2.419338289698239, 1.404217401259506, 2.4497126790707515, 2.826198269760987, 2.4412970425575007, 1.4053509205888752, 0.0, 1.51438670424697, 2.450400654995015, 3.4595655074011824, 3.2175615642905733, 2.4251942478902593, 6.276765674294365, 5.771393067535775, 6.391150095248898, 4.577692036386896, 3.430500800174808, 3.912793603041182, 3.4217542810669497, 2.168935254911958, 2.1399759928559945, 4.148548347313793, 4.1695874352266555, 4.224103552234486, 3.1537997209715143], [5.7418680601351335, 4.493011900718715, 3.7288948322525806, 4.246536082503009, 2.8604936164934895, 2.537435938107601, 3.834091284776615, 4.340263184416354, 3.8384284492484677, 2.5520426211174447, 1.51438670424697, 0.0, 1.4397074425035106, 2.2734995645480116, 2.260890985872605, 1.4372351129860415, 6.4874890797595945, 5.793853319682852, 6.175520262293696, 4.467094504261131, 4.698543156128291, 5.4268404905617045, 4.707105697772253, 2.775505134205303, 1.096165124422411, 3.193951042204623, 2.76272892083172, 3.2058376456083986, 2.6960735616818767], [7.090135035385433, 5.892919838246571, 5.12415352131452, 5.517607838547426, 4.2844417897784535, 3.761102048602244, 4.898083149559631, 5.069817822170734, 4.197895101119131, 2.7999211524612617, 2.450400654995015, 1.4397074425035106, 0.0, 1.4264472615557857, 2.3060841723579824, 2.345203268375686, 7.87951868073171, 7.059509632403656, 7.476950439183076, 5.861255970353112, 5.870896254406135, 6.125529902792084, 4.811058129975152, 2.4317190359907945, 2.0556171092885953, 2.081774536303103, 2.0475248105944894, 3.270208312936655, 2.7215587684266533], [7.149728932623949, 6.141520815726346, 5.500663818122318, 5.7894580169477, 4.962508565231903, 4.643925547422137, 5.8449126811270675, 6.095226332138947, 5.257229158977189, 3.8922530403353783, 3.4595655074011824, 2.2734995645480116, 1.4264472615557857, 0.0, 1.5025539524423075, 2.28656041687072, 8.057120435366471, 6.971569130403857, 7.435938722178929, 6.204671056550863, 6.764102802293885, 7.146799728549835, 5.844413286207608, 3.490127636634511, 2.931069936047245, 1.0928253886143016, 1.0953440098891307, 2.1807100540878883, 2.1636115501632913], [5.960757115501352, 5.111713107168672, 4.460009939450808, 4.590141990178518, 4.260113662802907, 4.0927779282536205, 5.2864291038469435, 5.715773401736636, 5.128541130770036, 3.9038707829537596, 3.2175615642905733, 2.260890985872605, 2.3060841723579824, 1.5025539524423075, 0.0, 1.4238780846687682, 6.883171987535978, 5.646734651105893, 6.306349084850917, 5.369207865225558, 6.089990914607345, 6.7450421985336755, 5.84640596435109, 3.841078689639149, 3.0951972554265423, 2.181292050597535, 2.1589798841119388, 1.0927068316799344, 1.0954584702306156], [4.895820972012763, 3.868714950729764, 3.2608922122633857, 3.6685906462836653, 2.926175637243944, 3.015486197945532, 4.339698149641285, 5.035526735109247, 4.710236593845366, 3.539075637790184, 2.4251942478902593, 1.4372351129860415, 2.345203268375686, 2.28656041687072, 1.4238780846687682, 0.0, 5.776532832937073, 4.783698324518385, 5.265045699706699, 4.027954863202913, 5.047668941204445, 6.090678223317991, 5.610143361804581, 3.8106866336659064, 2.0640572787594826, 3.2560029069397345, 2.6933477272717683, 2.0804408138661383, 2.0532539784449466], [1.0929999542543447, 2.062876889201098, 2.915943845481253, 3.1719929854903524, 4.041479190840898, 5.165108426741882, 5.493507446067585, 6.812521027490484, 7.686023668972142, 7.455895274210871, 6.276765674294365, 6.4874890797595945, 7.87951868073171, 8.057120435366471, 6.883171987535978, 5.776532832937073, 0.0, 1.7846743036195705, 1.786578257451937, 2.647694096756647, 4.947804130116713, 7.306346060104189, 8.715737617092428, 8.36729476652998, 6.4352271677074455, 8.986609032332495, 8.280597140907169, 6.93617126446572, 7.017902929650709], [1.0931643655004493, 2.089369558024621, 2.641338944550661, 2.585123496082924, 3.961166790227344, 4.939733321749261, 5.506055463759877, 6.714185840442608, 7.343847943006445, 6.935487439971324, 5.771393067535775, 5.793853319682852, 7.059509632403656, 6.971569130403857, 5.646734651105893, 4.783698324518385, 1.7846743036195705, 0.0, 1.7898669615365272, 2.9744480933443764, 5.2528671618459954, 7.33988866536816, 8.34687565859226, 7.719011046759811, 5.960938015950174, 7.81982056891333, 7.229458649165925, 5.535058521822511, 5.738883684132308], [1.0924570517873917, 2.062975998406186, 3.3060088445132747, 3.8330171157979454, 4.287135138994338, 5.564311566582159, 6.281177676996568, 7.612147985949826, 8.239323595417284, 7.707780796701473, 6.391150095248898, 6.175520262293696, 7.476950439183076, 7.435938722178929, 6.306349084850917, 5.265045699706699, 1.786578257451937, 1.7898669615365272, 0.0, 2.365301891936841, 5.988851058425147, 8.294225359851273, 9.302362761148375, 8.473477241369094, 6.029262201132076, 8.404551493684835, 7.45358532922244, 6.149395490615317, 6.674002374887202], [2.1359424360220944, 1.009796420076839, 2.030669584151986, 3.1551400618673013, 2.3082680736864165, 3.708666138923805, 4.536283091915671, 5.89538774975828, 6.482358209016222, 5.929697635630337, 4.577692036386896, 4.467094504261131, 5.861255970353112, 6.204671056550863, 5.369207865225558, 4.027954863202913, 2.647694096756647, 2.9744480933443764, 2.365301891936841, 0.0, 4.368061048108188, 6.658420118917099, 7.5694602198571594, 6.733756645439454, 4.111263281523089, 7.245551905134625, 6.265367773722466, 5.590563132636998, 5.797091172303571], [5.038144464979146, 4.067776671598382, 2.9884847866435598, 2.9900100284112763, 2.6450147334183227, 2.1620486234125265, 1.0859762474382209, 2.1516338814956413, 3.3951582275352057, 3.8768596324860667, 3.430500800174808, 4.698543156128291, 5.870896254406135, 6.764102802293885, 6.089990914607345, 5.047668941204445, 4.947804130116713, 5.2528671618459954, 5.988851058425147, 4.368061048108188, 0.0, 2.479289728934478, 4.293348988843092, 4.964726058907983, 4.884469356030397, 7.470525270019504, 7.4168815077497365, 6.862740223846448, 5.826521327516102], [7.320177815463228, 6.338687278135749, 5.083300636397575, 4.807208550707988, 4.562910091158931, 3.3980279001208915, 2.152413345526365, 1.0865978096793678, 2.154672176921584, 3.4065460939197636, 3.912793603041182, 5.4268404905617045, 6.125529902792084, 7.146799728549835, 6.7450421985336755, 6.090678223317991, 7.306346060104189, 7.33988866536816, 8.294225359851273, 6.658420118917099, 2.479289728934478, 0.0, 2.4814235551392674, 4.2901530695302705, 5.85967728206938, 7.551867560411794, 8.001492914450402, 7.685493325740384, 6.213195231119008], [8.437250076298557, 7.314789217058821, 6.00961501096368, 5.810367674252637, 5.263581484122764, 3.8615646194256548, 3.3954889912941844, 2.1530317554555483, 1.0871889854114603, 2.156446820582414, 3.4217542810669497, 4.707105697772253, 4.811058129975152, 5.844413286207608, 5.84640596435109, 5.610143361804581, 8.715737617092428, 8.34687565859226, 9.302362761148375, 7.5694602198571594, 4.293348988843092, 2.4814235551392674, 0.0, 2.460225213268086, 5.337129547800016, 5.9637139191949835, 6.782829596857052, 6.888729309531621, 5.259507756435007], [7.808923163279301, 6.598102279443688, 5.453884699918032, 5.5214342928264575, 4.580677065674899, 3.398106279974186, 3.8787717811183473, 3.396638420556418, 2.144505469799506, 1.0882458775479005, 2.168935254911958, 2.775505134205303, 2.4317190359907945, 3.490127636634511, 3.841078689639149, 3.8106866336659064, 8.36729476652998, 7.719011046759811, 8.473477241369094, 6.733756645439454, 4.964726058907983, 4.2901530695302705, 2.460225213268086, 0.0, 3.5193836861018717, 3.623001077835887, 4.392277284052089, 4.92285336568133, 3.509972635220964], [5.714288821892012, 4.382320796107925, 3.8632503995987624, 4.6463674305848865, 2.80494159119223, 2.8238036369407844, 4.137705168327003, 4.795605802190168, 4.438906232395543, 3.2478675711919043, 2.1399759928559945, 1.096165124422411, 2.0556171092885953, 2.931069936047245, 3.0951972554265423, 2.0640572787594826, 6.4352271677074455, 5.960938015950174, 6.029262201132076, 4.111263281523089, 4.884469356030397, 5.85967728206938, 5.337129547800016, 3.5193836861018717, 0.0, 3.921484481672725, 3.053972224824581, 3.8762119794975094, 3.7124928242354893], [8.085067206894449, 7.122761182294405, 6.400880383978442, 6.553310589312855, 5.897189333063675, 5.416464448327894, 6.498098655760775, 6.55074550642902, 5.554002662944986, 4.25492307098495, 4.148548347313793, 3.193951042204623, 2.081774536303103, 1.0928253886143016, 2.181292050597535, 3.2560029069397345, 8.986609032332495, 7.81982056891333, 8.404551493684835, 7.245551905134625, 7.470525270019504, 7.551867560411794, 5.9637139191949835, 3.623001077835887, 3.921484481672725, 0.0, 1.7845388227774701, 2.707395266672379, 2.4577684085364915], [7.322699898944379, 6.333381588851251, 5.908159877660726, 6.356289931241338, 5.350370852567138, 5.261231822491763, 6.553387454591708, 6.928629331981903, 6.154215242417184, 4.763501790699779, 4.1695874352266555, 2.76272892083172, 2.0475248105944894, 1.0953440098891307, 2.1589798841119388, 2.6933477272717683, 8.280597140907169, 7.229458649165925, 7.45358532922244, 6.265367773722466, 7.4168815077497365, 8.001492914450402, 6.782829596857052, 4.392277284052089, 3.053972224824581, 1.7845388227774701, 0.0, 2.4493566828863456, 3.070663553696497], [5.937590384154165, 5.297697668799155, 4.859910297526077, 4.962431824216832, 4.889607937248139, 4.943841377916569, 6.150357590417, 6.67476447674373, 6.165545936087088, 4.97835341754681, 4.224103552234486, 3.2058376456083986, 3.270208312936655, 2.1807100540878883, 1.0927068316799344, 2.0804408138661383, 6.93617126446572, 5.535058521822511, 6.149395490615317, 5.590563132636998, 6.862740223846448, 7.685493325740384, 6.888729309531621, 4.92285336568133, 3.8762119794975094, 2.707395266672379, 2.4493566828863456, 0.0, 1.7852757378063482], [6.177094647971649, 5.388513439716005, 4.524756274099191, 4.379925126072362, 4.429979616205926, 4.006870113941803, 4.996264241410776, 5.251837364199314, 4.628707984956494, 3.561651489126919, 3.1537997209715143, 2.6960735616818767, 2.7215587684266533, 2.1636115501632913, 1.0954584702306156, 2.0532539784449466, 7.017902929650709, 5.738883684132308, 6.674002374887202, 5.797091172303571, 5.826521327516102, 6.213195231119008, 5.259507756435007, 3.509972635220964, 3.7124928242354893, 2.4577684085364915, 3.070663553696497, 1.7852757378063482, 0.0]]}