{"total energy": -36.95733721, "HOMO-LUMO gap/eV": 2.75167504, "electronic energy": -37.58138896, "dipole": [-0.1848421, -1.2896339, -0.31865804], "partial charges": [-0.37649157, 0.2224061, -0.00546497, -0.02646256, -0.02780771, -0.02338817, -0.02712116, -0.01630154, -0.00546697, -0.02648396, -0.02780868, -0.02335859, -0.02711565, -0.01629344, 0.0355996, 0.03652811, 0.03737835, 0.03921789, 0.05485252, 0.03561015, 0.03654858, 0.0373474, 0.0392242, 0.05485209], "atomic dipole moments": [[-0.02460148, -0.17168634, -0.04242104], [0.00582767, 0.04082595, 0.01007887], [-0.04352886, 0.04400475, 0.00594069], [-0.00401519, 0.02099711, 0.00183104], [-0.00259784, 0.00419435, 0.00335877], [-0.00446165, 0.00184568, 4.503e-05], [-0.00365278, -0.00109115, -0.00348208], [-0.0174849, -0.00653776, -0.01355171], [0.05391873, 0.02857913, 0.0119673], [0.00955624, 0.01757626, 0.00771726], [0.00372979, 0.00440007, -0.00124296], [0.0048714, 0.00044119, 0.00052333], [0.00302398, -0.00349195, 0.00234196], [0.01415776, -0.01637002, 0.00791815], [-0.11567929, -0.02702498, -0.09760352], [0.00423017, -0.11002074, -0.10468593], [0.12389193, -0.08566404, -0.01565272], [0.12202333, 0.02556556, 0.08739351], [0.00232099, 0.11604761, 0.10433549], [0.09776318, -0.09817777, 0.06666809], [-0.04000623, -0.14012901, 0.04287587], [-0.14291921, -0.04709265, -0.0171393], [-0.10489901, 0.09394895, -0.05786051], [0.03535812, 0.14679734, -0.03940138]], "atomic quadrupole moments": [[-0.14633078, 0.00686683, -0.0950686, -0.00997338, -0.08676949, 0.24139938], [-0.35134573, 0.01291805, -0.212253, 0.00021942, -0.20371918, 0.56359873], [-0.10084865, 0.05934123, 0.12324531, -0.20085972, -0.30042578, -0.02239666], [-0.14852399, 0.2056999, 0.0888464, -0.20617139, -0.34312695, 0.05967758], [-0.15007536, 0.19110191, 0.06046014, -0.19773056, -0.34647563, 0.08961522], [-0.16672425, 0.19556065, 0.05879155, -0.20217922, -0.35409864, 0.1079327], [-0.16644771, 0.18128627, 0.05988961, -0.20533097, -0.34805591, 0.1065581], [-0.14666093, 0.19211944, 0.05276961, -0.20319855, -0.37341224, 0.09389132], [-0.10014401, 0.04018519, -0.17793998, -0.11314178, 0.27039784, 0.27808399], [-0.22179564, -0.06750788, -0.15748463, -0.17669202, 0.27317126, 0.37928027], [-0.21873212, -0.0658417, -0.17900945, -0.16767102, 0.24751556, 0.39774157], [-0.23614714, -0.06429377, -0.18252695, -0.17198821, 0.24503074, 0.41867409], [-0.2279253, -0.05106954, -0.18446803, -0.16976757, 0.24083847, 0.41239333], [-0.2168735, -0.07157682, -0.205115, -0.16865586, 0.25884454, 0.4219885], [0.02357576, -0.0292268, -0.00694918, 0.01876045, 0.0383823, -0.01662658], [0.02540887, -0.02594521, -0.01145738, 0.0289577, 0.03942744, -0.0139515], [0.016489, -0.01999804, -0.00687721, 0.02856863, 0.04622138, -0.00961179], [0.01736837, -0.02751326, -0.00381069, 0.01994361, 0.04578879, -0.01355767], [0.02852858, -0.02469826, -0.01390491, 0.02173815, 0.03618065, -0.01462367], [0.03511201, 0.01261153, 0.01435615, 0.01919297, -0.02545854, -0.04946816], [0.03361026, 0.00470076, 0.01654761, 0.02551373, -0.0303437, -0.05015787], [0.02290192, 0.00496567, 0.02798926, 0.0221605, -0.03305755, -0.05089119], [0.02884539, 0.01452349, 0.02362625, 0.01857147, -0.02957652, -0.05247164], [0.03645258, 0.00480315, 0.01118227, 0.01903488, -0.02750361, -0.04763485]], "number of molecular orbitals": 66, "number of electrons": 68, "number of unpaired electrons": 0, "orbital energies/eV": [-19.00630746, -17.85508389, -17.84013054, -17.34322349, -17.13348336, -16.94033812, -16.93852873, -16.40016969, -16.04890982, -15.82666082, -15.77290961, -15.36335493, -14.96013954, -14.53299533, -14.34351616, -14.08328508, -13.99471551, -13.60818487, -13.60485256, -13.39478968, -13.37012331, -13.23837002, -13.18376092, -13.12365707, -13.03291877, -12.15619516, -12.0879858, -11.80993709, -11.76635745, -11.30715116, -11.27465351, -11.2542276, -11.2484591, -10.54946272, -7.79778768, -6.50549159, -6.47551048, -6.42920331, -5.25156606, -3.0505201, -2.55821461, 1.70553618, 2.84665707, 2.90924914, 3.20857768, 3.73065445, 4.13752876, 4.16948295, 4.42436791, 4.46358675, 4.64503549, 4.82556613, 6.04506362, 9.8022012, 10.0737041, 10.1338101, 10.49078686, 10.52590572, 11.00844282, 11.10788181, 12.1082345, 14.52530912, 15.99620399, 16.81197295, 17.13057059, 17.42379091], "fractional occupation": [2.0, 2.0, 2.0, 2.0, 2.0, 2.0, 2.0, 2.0, 2.0, 2.0, 2.0, 2.0, 2.0, 2.0, 2.0, 2.0, 2.0, 2.0, 2.0, 2.0, 2.0, 2.0, 2.0, 2.0, 2.0, 2.0, 2.0, 2.0, 2.0, 2.0, 2.0, 2.0, 2.0, 2.0, 0.0, 0.0, 0.0, 0.0, 0.0, 0.0, 0.0, 0.0, 0.0, 0.0, 0.0, 0.0, 0.0, 0.0, 0.0, 0.0, 0.0, 0.0, 0.0, 0.0, 0.0, 0.0, 0.0, 0.0, 0.0, 0.0, 0.0, 0.0, 0.0, 0.0, 0.0, 0.0], "program call": "xtb /home/svss/Project-DBcg-Debug/aqme2_20220329/End-to-End-workflows-final/example-3/QDESCP/mol_1097_rdkit_conf_1/mol_1097_rdkit_conf_1.xyz --pop --wbo --acc 0.2 --gfn 2 --chrg 0 --uhf 0 --etemp 300 --input /home/svss/Project-DBcg-Debug/aqme2_20220329/End-to-End-workflows-final/example-3/QDESCP/mol_1097_rdkit_conf_1/mol_1097_rdkit_conf_1_xtb.inp", "method": "GFN2-xTB", "xtb version": "6.3.3 (7355c4f)", "Dipole module/D": 3.409, "Total charge": 0, "Transition dipole module/D": NaN, "HOMO": -10.5495, "LUMO": -7.7978, "HOMO occupancy": 2.0, "LUMO occupancy": 0, "mulliken charges": [-0.50392, 0.37918, -0.0296, -0.02663, -0.02554, -0.01825, -0.02677, -0.0029, -0.02961, -0.02665, -0.02554, -0.01822, -0.02677, -0.00289, 0.03219, 0.03452, 0.03464, 0.03664, 0.05405, 0.0322, 0.03453, 0.03462, 0.03664, 0.05405], "cm5 charges": [-0.55092, 0.41063, -0.03507, -0.07894, -0.08081, -0.07351, -0.08194, -0.05407, -0.03507, -0.07897, -0.08081, -0.07346, -0.08194, -0.05406, 0.08963, 0.08982, 0.08996, 0.09197, 0.11308, 0.08964, 0.08985, 0.08992, 0.09198, 0.11309], "FUKUI+": [-0.15, -0.06, -0.023, -0.021, -0.019, -0.041, -0.02, -0.021, -0.023, -0.021, -0.019, -0.041, -0.02, -0.021, -0.038, -0.054, -0.061, -0.056, -0.041, -0.038, -0.054, -0.061, -0.056, -0.041], "FUKUI-": [-0.158, -0.03, -0.026, -0.017, -0.024, -0.021, -0.024, -0.02, -0.026, -0.017, -0.024, -0.021, -0.024, -0.02, -0.044, -0.056, -0.068, -0.064, -0.04, -0.044, -0.056, -0.068, -0.064, -0.04], "FUKUIrad": [-0.154, -0.045, -0.025, -0.019, -0.021, -0.031, -0.022, -0.02, -0.025, -0.019, -0.021, -0.031, -0.022, -0.02, -0.041, -0.055, -0.065, -0.06, -0.041, -0.041, -0.055, -0.065, -0.06, -0.041], "s proportion": [1.738, 1.063, 1.089, 1.066, 1.061, 1.064, 1.063, 1.067, 1.089, 1.066, 1.061, 1.064, 1.063, 1.067, 0.968, 0.965, 0.965, 0.963, 0.946, 0.968, 0.965, 0.965, 0.963, 0.946], "p proportion": [4.766, 2.558, 2.94, 2.961, 2.965, 2.954, 2.964, 2.936, 2.94, 2.961, 2.965, 2.954, 2.964, 2.936, 0.0, 0.0, 0.0, 0.0, 0.0, 0.0, 0.0, 0.0, 0.0, 0.0], "d proportion": [0.0, 0.0, 0.0, 0.0, 0.0, 0.0, 0.0, 0.0, 0.0, 0.0, 0.0, 0.0, 0.0, 0.0, 0.0, 0.0, 0.0, 0.0, 0.0, 0.0, 0.0, 0.0, 0.0, 0.0], "Fermi-level/eV": -9.1736, "Coordination numbers": [0.859, 2.828, 2.965, 2.913, 2.911, 2.912, 2.911, 2.916, 2.965, 2.913, 2.911, 2.912, 2.911, 2.916, 0.925, 0.925, 0.925, 0.925, 0.925, 0.925, 0.925, 0.925, 0.925, 0.925], "Dispersion coefficient C6": [21.216, 23.323, 28.156, 28.663, 28.695, 28.588, 28.679, 28.418, 28.156, 28.663, 28.695, 28.588, 28.679, 28.417, 2.508, 2.496, 2.484, 2.459, 2.26, 2.508, 2.495, 2.484, 2.459, 2.26], "Total dispersion C6": 7933.75098, "Total dispersion C8": 198318.330792, "Polarizability alpha": [6.176, 7.914, 8.704, 8.779, 8.784, 8.768, 8.781, 8.742, 8.704, 8.779, 8.784, 8.767, 8.781, 8.742, 2.477, 2.47, 2.465, 2.452, 2.351, 2.477, 2.47, 2.465, 2.452, 2.351], "Total polarizability alpha": 143.633453, "Wiberg matrix": [[0.0, 1.7862434369006182, 0.0, 0.0, 0.0, 0.0, 0.0, 0.0, 0.0, 0.0, 0.0, 0.0, 0.0, 0.0, 0.0, 0.0, 0.0, 0.0, 0.0, 0.0, 0.0, 0.0, 0.0, 0.0], [1.7862434369006182, 0.0, 1.018178230719682, 0.0, 0.0, 0.0, 0.0, 0.0, 1.0182241062582094, 0.0, 0.0, 0.0, 0.0, 0.0, 0.0, 0.0, 0.0, 0.0, 0.0, 0.0, 0.0, 0.0, 0.0, 0.0], [0.0, 1.018178230719682, 0.0, 1.3862838145690768, 0.0, 0.10162175032302001, 0.0, 1.3859719460355855, 0.0, 0.0, 0.0, 0.0, 0.0, 0.0, 0.0, 0.0, 0.0, 0.0, 0.0, 0.0, 0.0, 0.0, 0.0, 0.0], [0.0, 0.0, 1.3862838145690768, 0.0, 1.4488076213580285, 0.0, 0.10899928812510672, 0.0, 0.0, 0.0, 0.0, 0.0, 0.0, 0.0, 0.9693720738653097, 0.0, 0.0, 0.0, 0.0, 0.0, 0.0, 0.0, 0.0, 0.0], [0.0, 0.0, 0.0, 1.4488076213580285, 0.0, 1.4341100266442692, 0.0, 0.10941423047742047, 0.0, 0.0, 0.0, 0.0, 0.0, 0.0, 0.0, 0.9706032146005047, 0.0, 0.0, 0.0, 0.0, 0.0, 0.0, 0.0, 0.0], [0.0, 0.0, 0.10162175032302001, 0.0, 1.4341100266442692, 0.0, 1.4351833955567277, 0.0, 0.0, 0.0, 0.0, 0.0, 0.0, 0.0, 0.0, 0.0, 0.9709575854675803, 0.0, 0.0, 0.0, 0.0, 0.0, 0.0, 0.0], [0.0, 0.0, 0.0, 0.10899928812510672, 0.0, 1.4351833955567277, 0.0, 1.4485133851738439, 0.0, 0.0, 0.0, 0.0, 0.0, 0.0, 0.0, 0.0, 0.0, 0.9702207160729219, 0.0, 0.0, 0.0, 0.0, 0.0, 0.0], [0.0, 0.0, 1.3859719460355855, 0.0, 0.10941423047742047, 0.0, 1.4485133851738439, 0.0, 0.0, 0.0, 0.0, 0.0, 0.0, 0.0, 0.0, 0.0, 0.0, 0.0, 0.967310247868522, 0.0, 0.0, 0.0, 0.0, 0.0], [0.0, 1.0182241062582094, 0.0, 0.0, 0.0, 0.0, 0.0, 0.0, 0.0, 1.386135284115092, 0.0, 0.10160107127939011, 0.0, 1.3861120482963818, 0.0, 0.0, 0.0, 0.0, 0.0, 0.0, 0.0, 0.0, 0.0, 0.0], [0.0, 0.0, 0.0, 0.0, 0.0, 0.0, 0.0, 0.0, 1.386135284115092, 0.0, 1.4488685703368118, 0.0, 0.10904201570436811, 0.0, 0.0, 0.0, 0.0, 0.0, 0.0, 0.9693851890691509, 0.0, 0.0, 0.0, 0.0], [0.0, 0.0, 0.0, 0.0, 0.0, 0.0, 0.0, 0.0, 0.0, 1.4488685703368118, 0.0, 1.4340799982424335, 0.0, 0.10939067347981984, 0.0, 0.0, 0.0, 0.0, 0.0, 0.0, 0.9706050974357896, 0.0, 0.0, 0.0], [0.0, 0.0, 0.0, 0.0, 0.0, 0.0, 0.0, 0.0, 0.10160107127939011, 0.0, 1.4340799982424335, 0.0, 1.4352590296832386, 0.0, 0.0, 0.0, 0.0, 0.0, 0.0, 0.0, 0.0, 0.9709410829447376, 0.0, 0.0], [0.0, 0.0, 0.0, 0.0, 0.0, 0.0, 0.0, 0.0, 0.0, 0.10904201570436811, 0.0, 1.4352590296832386, 0.0, 1.4483963589736555, 0.0, 0.0, 0.0, 0.0, 0.0, 0.0, 0.0, 0.0, 0.9702193281105908, 0.0], [0.0, 0.0, 0.0, 0.0, 0.0, 0.0, 0.0, 0.0, 1.3861120482963818, 0.0, 0.10939067347981984, 0.0, 1.4483963589736555, 0.0, 0.0, 0.0, 0.0, 0.0, 0.0, 0.0, 0.0, 0.0, 0.0, 0.9673064556937875], [0.0, 0.0, 0.0, 0.9693720738653097, 0.0, 0.0, 0.0, 0.0, 0.0, 0.0, 0.0, 0.0, 0.0, 0.0, 0.0, 0.0, 0.0, 0.0, 0.0, 0.0, 0.0, 0.0, 0.0, 0.0], [0.0, 0.0, 0.0, 0.0, 0.9706032146005047, 0.0, 0.0, 0.0, 0.0, 0.0, 0.0, 0.0, 0.0, 0.0, 0.0, 0.0, 0.0, 0.0, 0.0, 0.0, 0.0, 0.0, 0.0, 0.0], [0.0, 0.0, 0.0, 0.0, 0.0, 0.9709575854675803, 0.0, 0.0, 0.0, 0.0, 0.0, 0.0, 0.0, 0.0, 0.0, 0.0, 0.0, 0.0, 0.0, 0.0, 0.0, 0.0, 0.0, 0.0], [0.0, 0.0, 0.0, 0.0, 0.0, 0.0, 0.9702207160729219, 0.0, 0.0, 0.0, 0.0, 0.0, 0.0, 0.0, 0.0, 0.0, 0.0, 0.0, 0.0, 0.0, 0.0, 0.0, 0.0, 0.0], [0.0, 0.0, 0.0, 0.0, 0.0, 0.0, 0.0, 0.967310247868522, 0.0, 0.0, 0.0, 0.0, 0.0, 0.0, 0.0, 0.0, 0.0, 0.0, 0.0, 0.0, 0.0, 0.0, 0.0, 0.0], [0.0, 0.0, 0.0, 0.0, 0.0, 0.0, 0.0, 0.0, 0.0, 0.9693851890691509, 0.0, 0.0, 0.0, 0.0, 0.0, 0.0, 0.0, 0.0, 0.0, 0.0, 0.0, 0.0, 0.0, 0.0], [0.0, 0.0, 0.0, 0.0, 0.0, 0.0, 0.0, 0.0, 0.0, 0.0, 0.9706050974357896, 0.0, 0.0, 0.0, 0.0, 0.0, 0.0, 0.0, 0.0, 0.0, 0.0, 0.0, 0.0, 0.0], [0.0, 0.0, 0.0, 0.0, 0.0, 0.0, 0.0, 0.0, 0.0, 0.0, 0.0, 0.9709410829447376, 0.0, 0.0, 0.0, 0.0, 0.0, 0.0, 0.0, 0.0, 0.0, 0.0, 0.0, 0.0], [0.0, 0.0, 0.0, 0.0, 0.0, 0.0, 0.0, 0.0, 0.0, 0.0, 0.0, 0.0, 0.9702193281105908, 0.0, 0.0, 0.0, 0.0, 0.0, 0.0, 0.0, 0.0, 0.0, 0.0, 0.0], [0.0, 0.0, 0.0, 0.0, 0.0, 0.0, 0.0, 0.0, 0.0, 0.0, 0.0, 0.0, 0.0, 0.9673064556937875, 0.0, 0.0, 0.0, 0.0, 0.0, 0.0, 0.0, 0.0, 0.0, 0.0]], "Born radii": [], "Atomic SASAs": [], "Solvent H bonds": [], "Total SASA": NaN, "Total FOD": 0.0, "FOD": [0.0, 0.0, 0.0, 0.0, 0.0, 0.0, 0.0, 0.0, 0.0, 0.0, 0.0, 0.0, 0.0, 0.0, 0.0, 0.0, 0.0, 0.0, 0.0, 0.0, 0.0, 0.0, 0.0, 0.0], "FOD s proportion": [0.0, 0.0, 0.0, 0.0, 0.0, 0.0, 0.0, 0.0, 0.0, 0.0, 0.0, 0.0, 0.0, 0.0, 0.0, 0.0, 0.0, 0.0, 0.0, 0.0, 0.0, 0.0, 0.0, 0.0], "FOD p proportion": [0.0, 0.0, 0.0, 0.0, 0.0, 0.0, 0.0, 0.0, 0.0, 0.0, 0.0, 0.0, 0.0, 0.0, 0.0, 0.0, 0.0, 0.0, 0.0, 0.0, 0.0, 0.0, 0.0, 0.0], "FOD d proportion": [0.0, 0.0, 0.0, 0.0, 0.0, 0.0, 0.0, 0.0, 0.0, 0.0, 0.0, 0.0, 0.0, 0.0, 0.0, 0.0, 0.0, 0.0, 0.0, 0.0, 0.0, 0.0, 0.0, 0.0], "coordinates": [["0.34750", "2.42560", "0.74240"], ["0.17820", "1.24430", "0.45050"], ["1.36100", "0.36260", "0.28140"], ["1.39060", "-0.65180", "-0.68340"], ["2.52790", "-1.45090", "-0.81830"], ["3.63790", "-1.23160", "-0.00190"], ["3.61900", "-0.20780", "0.94520"], ["2.48480", "0.59340", "1.08340"], ["-1.20430", "0.73170", "0.27510"], ["-1.56460", "-0.56280", "0.66950"], ["-2.87930", "-1.00170", "0.49850"], ["-3.83550", "-0.14840", "-0.05290"], ["-3.48420", "1.14860", "-0.42660"], ["-2.17180", "1.59170", "-0.25730"], ["0.54680", "-0.81960", "-1.34760"], ["2.55330", "-2.23880", "-1.56730"], ["4.52420", "-1.85190", "-0.11170"], ["4.48930", "-0.02820", "1.57160"], ["2.47760", "1.39870", "1.81540"], ["-0.84070", "-1.23220", "1.12680"], ["-3.16130", "-2.00620", "0.80460"], ["-4.85980", "-0.49060", "-0.18090"], ["-4.23290", "1.81780", "-0.84330"], ["-1.90360", "2.60800", "-0.53930"]], "bond_dist": [[0.0, 1.2285510937685908, 2.3442850189343445, 3.548429794993837, 4.713510464611275, 4.975522735351533, 4.204596966416639, 2.83571668718862, 2.344301546303291, 3.5485173495419184, 4.713609099193526, 4.975486618412313, 4.2046658476031125, 2.8357823946840495, 3.865118824822854, 5.653042993822, 6.039148611352431, 4.884998906857605, 2.596763104328155, 3.865111051444706, 5.652998984609851, 6.039261430009467, 4.885072106939671, 2.596820336488453], [1.2285510937685908, 0.0, 1.4849261059056102, 2.520086938976511, 3.7940804643549666, 4.278349057755808, 3.7672837880892387, 2.478837788157991, 1.4848670546550622, 2.520103817305946, 3.794090964908459, 4.278178647508774, 3.7671788728437092, 2.478743149259318, 2.7620124510943103, 4.673820970041535, 5.3656536675413555, 4.6326779156336775, 2.678438300577409, 2.761990432640924, 4.673692042700289, 5.365630249094695, 4.632561267808555, 2.6782966545922426], [2.3442850189343445, 1.4849261059056102, 0.0, 1.400258033363851, 2.4206978229427976, 2.793923073386238, 2.4216834227454256, 1.3997853692620164, 2.5917250220654195, 3.0929148274726224, 4.459662654282273, 5.2322547472385175, 4.9593369556826845, 3.7790951747739827, 2.171211523550849, 3.4068391420787685, 3.8812848516953773, 3.4064059608332067, 2.1618174691680143, 2.847028466664849, 5.131875774996897, 6.296032414941968, 5.888486591646448, 4.046354261554467], [3.548429794993837, 2.520086938976511, 1.400258033363851, 0.0, 1.3964992337985724, 2.4188773387668916, 2.7955751680110486, 2.4226801109515055, 3.0929436642137538, 3.25137916121759, 4.444250626371109, 5.288011253770174, 5.20298581970007, 4.231494679188431, 1.0868840416530183, 2.1567845279489557, 3.403899214136635, 3.8827623736201007, 3.4102962759854165, 2.931277518420936, 4.9767797791342945, 6.272638348414485, 6.143959994986947, 4.636681409154613], [4.713510464611275, 3.7940804643549666, 2.4206978229427976, 1.3964992337985724, 0.0, 1.3952424341310727, 2.417794257169125, 2.7923973553203347, 4.459661776413094, 4.444190218701265, 5.5833282833808004, 6.540275450621327, 6.561720471797012, 5.626661163603154, 2.1455664496817617, 1.0873971537575402, 2.1552953973875604, 3.403349417852948, 3.8806089650981326, 3.895986352645502, 5.942151053280285, 7.477069355034765, 7.509556666674804, 6.015870881260668], [4.975522735351533, 4.278349057755808, 2.793923073386238, 2.4188773387668916, 1.3952424341310727, 0.0, 1.3948197231183679, 2.416224472187963, 5.232415955368992, 5.288107189722992, 6.540424298927403, 7.551664107996329, 7.521305108822537, 6.46443084424298, 3.3964027588023185, 2.15436444456364, 1.087361862491048, 2.1561437266564583, 3.401081220729667, 4.618638545069315, 6.89054192716364, 8.531824382276044, 8.482705167574787, 6.7631020375268625], [4.204596966416639, 3.7672837880892387, 2.4216834227454256, 2.7955751680110486, 2.417794257169125, 1.3948197231183679, 0.0, 1.3955036080211334, 4.9594270989702025, 5.203051455636394, 6.5618382325381965, 7.521256691537658, 7.36050993070453, 6.182036164565847, 3.8819639256438236, 3.4019602790156145, 2.153947413471369, 1.087223624651341, 2.154271164454466, 4.579442980319768, 7.016158422527245, 8.557927698339125, 8.303861825680869, 6.3742905997451995], [2.83571668718862, 2.478837788157991, 1.3997853692620164, 2.4226801109515055, 2.7923973553203347, 2.416224472187963, 1.3955036080211334, 0.0, 3.779144690270538, 4.231518877424512, 5.626723809642695, 6.464335775623045, 6.182014885132515, 4.947524930710304, 3.4149925329347353, 3.8797241628754997, 3.4010157982579265, 2.1547032394276484, 1.0882940457431531, 3.7938963045924172, 6.222065156360869, 7.531046384799392, 7.094985661719127, 5.094096878741118], [2.344301546303291, 1.4848670546550622, 2.5917250220654195, 3.0929436642137538, 4.459661776413094, 5.232415955368992, 4.9594270989702025, 3.779144690270538, 0.0, 1.4003919808396506, 2.420786673790155, 2.7938098449966136, 2.4215970990237, 1.3996806814413065, 2.8471104983825266, 5.132043040544379, 6.296055546927775, 5.88858567229857, 4.046455325343405, 2.1712901832781357, 3.4068043178321825, 3.8813185311180014, 3.4062956022635498, 2.1616589786550513], [3.5485173495419184, 2.520103817305946, 3.0929148274726224, 3.25137916121759, 4.444190218701265, 5.288107189722992, 5.203051455636394, 4.231518877424512, 1.4003919808396506, 0.0, 1.3965351051799595, 2.418796380433872, 2.795566012456154, 2.4227092953963747, 2.9313219901607535, 4.976881619046209, 6.272602146637392, 6.14404482242765, 4.636803845322766, 1.0868536516017233, 2.156642404294231, 3.403929499857481, 3.8827368041112442, 3.410291934717613], [4.713609099193526, 3.794090964908459, 4.459662654282273, 4.444250626371109, 5.5833282833808004, 6.540424298927403, 6.5618382325381965, 5.626723809642695, 2.420786673790155, 1.3965351051799595, 0.0, 1.3951635352172878, 2.4177477349798098, 2.792402809409846, 3.896075824467486, 5.942313422397039, 7.47709812226642, 7.509694522415676, 6.016022222365871, 2.1456423513717287, 1.0873092752294538, 2.155269778937198, 3.4032690828084693, 3.8805867365644593], [4.975486618412313, 4.278178647508774, 5.2322547472385175, 5.288011253770174, 6.540275450621327, 7.551664107996329, 7.521256691537658, 6.464335775623045, 2.7938098449966136, 2.418796380433872, 1.3951635352172878, 0.0, 1.3947302176406735, 2.4161177661695215, 4.618583204836739, 6.890569276917546, 8.531702865196372, 8.48267312408064, 6.763083239913583, 3.39634238115064, 2.1543613276328557, 1.0875087723784114, 2.1560615390104245, 3.400965088030161], [4.2046658476031125, 3.7671788728437092, 4.9593369556826845, 5.20298581970007, 6.561720471797012, 7.521305108822537, 7.36050993070453, 6.182014885132515, 2.4215970990237, 2.795566012456154, 2.4177477349798098, 1.3947302176406735, 0.0, 1.395490544575634, 4.579411888004834, 7.01620135828498, 8.557840429687854, 8.303876427910039, 6.37433708317971, 3.8819263838975617, 3.40189372115003, 2.153977829505216, 1.0872070731925911, 2.154262289044674], [2.8357823946840495, 2.478743149259318, 3.7790951747739827, 4.231494679188431, 5.626661163603154, 6.46443084424298, 6.182036164565847, 4.947524930710304, 1.3996806814413065, 2.4227092953963747, 2.792402809409846, 2.4161177661695215, 1.395490544575634, 0.0, 3.793930381543657, 6.222170060356756, 7.531002344973742, 7.095012644809028, 5.094139245250369, 3.414962844600216, 3.879642544101196, 3.4010519328584206, 2.1546810483224657, 1.0882651009749418], [3.865118824822854, 2.7620124510943103, 2.171211523550849, 1.0868840416530183, 2.1455664496817617, 3.3964027588023185, 3.8819639256438236, 3.4149925329347353, 2.8471104983825266, 2.9313219901607535, 3.896075824467486, 4.618583204836739, 4.579411888004834, 3.793930381543657, 0.0, 2.467476236967643, 4.291014199463805, 4.969039026813937, 4.318959658297354, 2.8667142114274315, 4.448594161080554, 5.5408260620597, 5.482310584051217, 4.290250669832708], [5.653042993822, 4.673820970041535, 3.4068391420787685, 2.1567845279489557, 1.0873971537575402, 2.15436444456364, 3.4019602790156145, 3.8797241628754997, 5.132043040544379, 4.976881619046209, 5.942313422397039, 6.890569276917546, 7.01620135828498, 6.222170060356756, 2.467476236967643, 0.0, 2.480505952421804, 4.299714126543764, 4.967876410499762, 4.4486688312348, 6.191660966978087, 7.741599305699049, 7.939312942566251, 6.664248783621452], [6.039148611352431, 5.3656536675413555, 3.8812848516953773, 3.403899214136635, 2.1552953973875604, 1.087361862491048, 2.153947413471369, 3.4010157982579265, 6.296055546927775, 6.272602146637392, 7.47709812226642, 8.531702865196372, 8.557840429687854, 7.531002344973742, 4.291014199463805, 2.480505952421804, 0.0, 2.4820553156607934, 4.2975209516650414, 5.540763697361584, 7.741467847249642, 9.48247764721858, 9.523063428330193, 7.835187464891954], [4.884998906857605, 4.6326779156336775, 3.4064059608332067, 3.8827623736201007, 3.403349417852948, 2.1561437266564583, 1.087223624651341, 2.1547032394276484, 5.88858567229857, 6.14404482242765, 7.509694522415676, 8.48267312408064, 8.303876427910039, 7.095012644809028, 4.969039026813937, 4.299714126543764, 2.4820553156607934, 0.0, 2.4783903929768614, 5.482368378721007, 7.939298039499462, 9.523168633390885, 9.236678561582622, 7.2301189243331265], [2.596763104328155, 2.678438300577409, 2.1618174691680143, 3.4102962759854165, 3.8806089650981326, 3.401081220729667, 2.154271164454466, 1.0882940457431531, 4.046455325343405, 4.636803845322766, 6.016022222365871, 6.763083239913583, 6.37433708317971, 5.094139245250369, 4.318959658297354, 4.967876410499762, 4.2975209516650414, 2.4783903929768614, 0.0, 4.290328619115324, 6.6642519355138425, 7.835311540711064, 7.23015496030341, 5.118782279019102], [3.865111051444706, 2.761990432640924, 2.847028466664849, 2.931277518420936, 3.895986352645502, 4.618638545069315, 4.579442980319768, 3.7938963045924172, 2.1712901832781357, 1.0868536516017233, 2.1456423513717287, 3.39634238115064, 3.8819263838975617, 3.414962844600216, 2.8667142114274315, 4.4486688312348, 5.540763697361584, 5.482368378721007, 4.290328619115324, 0.0, 2.467402115586351, 4.291062183189612, 4.968985293799932, 4.318886622730447], [5.652998984609851, 4.673692042700289, 5.131875774996897, 4.9767797791342945, 5.942151053280285, 6.89054192716364, 7.016158422527245, 6.222065156360869, 3.4068043178321825, 2.156642404294231, 1.0873092752294538, 2.1543613276328557, 3.40189372115003, 3.879642544101196, 4.448594161080554, 6.191660966978087, 7.741467847249642, 7.939298039499462, 6.6642519355138425, 2.467402115586351, 0.0, 2.480555554709469, 4.299636841641396, 4.967767923323311], [6.039261430009467, 5.365630249094695, 6.296032414941968, 6.272638348414485, 7.477069355034765, 8.531824382276044, 8.557927698339125, 7.531046384799392, 3.8813185311180014, 3.403929499857481, 2.155269778937198, 1.0875087723784114, 2.153977829505216, 3.4010519328584206, 5.5408260620597, 7.741599305699049, 9.48247764721858, 9.523168633390885, 7.835311540711064, 4.291062183189612, 2.480555554709469, 0.0, 2.48203302355146, 4.297544759510947], [4.885072106939671, 4.632561267808555, 5.888486591646448, 6.143959994986947, 7.509556666674804, 8.482705167574787, 8.303861825680869, 7.094985661719127, 3.4062956022635498, 3.8827368041112442, 3.4032690828084693, 2.1560615390104245, 1.0872070731925911, 2.1546810483224657, 5.482310584051217, 7.939312942566251, 9.523063428330193, 9.236678561582622, 7.23015496030341, 4.968985293799932, 4.299636841641396, 2.48203302355146, 0.0, 2.478400800919819], [2.596820336488453, 2.6782966545922426, 4.046354261554467, 4.636681409154613, 6.015870881260668, 6.7631020375268625, 6.3742905997451995, 5.094096878741118, 2.1616589786550513, 3.410291934717613, 3.8805867365644593, 3.400965088030161, 2.154262289044674, 1.0882651009749418, 4.290250669832708, 6.664248783621452, 7.835187464891954, 7.2301189243331265, 5.118782279019102, 4.318886622730447, 4.967767923323311, 4.297544759510947, 2.478400800919819, 0.0]]}