{"total energy": -8.22549639, "HOMO-LUMO gap/eV": 12.7591622, "electronic energy": -8.29699714, "dipole": [-0.11611739, -0.7326916, 0.24649271], "partial charges": [0.03898284, -0.43811794, 0.02843605, 0.02844226, 0.05571599, 0.2865408], "atomic dipole moments": [[0.19478301, 0.06902143, -0.03381308], [-0.13591541, -0.19192134, 0.0706323], [0.0007401, -0.02983609, 0.11603297], [-0.01028585, -0.09253101, -0.07541164], [-0.0889908, 0.09194611, -0.02498274], [0.04245349, -0.06543683, 0.01898246]], "atomic quadrupole moments": [[0.38985107, 0.25658188, -0.15374949, -0.12130673, -0.04927486, -0.23610158], [0.13230525, 0.08906292, -0.02378309, -0.04385198, -0.03772853, -0.10852216], [-0.00874431, 0.01727913, -0.04704521, -0.00604474, -0.03400119, 0.05578952], [-0.00826998, 0.02451905, 0.01991827, -0.00373587, 0.05723755, -0.01164829], [0.01376144, -0.04430552, 0.03003549, 0.01078927, -0.02399693, -0.04379693], [0.03975661, -0.08251325, 0.04082325, 0.01943315, -0.0387921, -0.08057986]], "number of molecular orbitals": 12, "number of electrons": 14, "number of unpaired electrons": 0, "orbital energies/eV": [-18.70730634, -16.77661638, -15.43082628, -14.27816689, -14.11506068, -12.47581212, -11.30941875, 1.44974345, 3.43114187, 4.45437153, 5.52500397, 6.18127121], "fractional occupation": [2.0, 2.0, 2.0, 2.0, 2.0, 2.0, 2.0, 0.0, 0.0, 0.0, 0.0, 0.0], "program call": "xtb /home/svss/Project-DBcg-Debug/aqme2_20220329/End-to-End-workflows-final/example-3/QDESCP/mol_147_rdkit_conf_1/mol_147_rdkit_conf_1.xyz --pop --wbo --acc 0.2 --gfn 2 --chrg 0 --uhf 0 --etemp 300 --input /home/svss/Project-DBcg-Debug/aqme2_20220329/End-to-End-workflows-final/example-3/QDESCP/mol_147_rdkit_conf_1/mol_147_rdkit_conf_1_xtb.inp", "method": "GFN2-xTB", "xtb version": "6.3.3 (7355c4f)", "Dipole module/D": 1.987, "Total charge": 0, "Transition dipole module/D": NaN, "HOMO": -11.3094, "LUMO": 1.4497, "HOMO occupancy": 2.0, "LUMO occupancy": 0, "mulliken charges": [0.17281, -0.56283, 0.0111, 0.01111, 0.03283, 0.33498], "cm5 charges": [0.04653, -0.78027, 0.06962, 0.06962, 0.09158, 0.50292], "FUKUI+": [0.003, -0.251, -0.15, -0.15, -0.163, -0.289], "FUKUI-": [0.041, -0.314, -0.235, -0.235, -0.141, -0.115], "FUKUIrad": [0.022, -0.283, -0.193, -0.193, -0.152, -0.202], "s proportion": [0.967, 1.692, 0.989, 0.989, 0.967, 0.665], "p proportion": [2.861, 4.871, 0.0, 0.0, 0.0, 0.0], "d proportion": [0.0, 0.0, 0.0, 0.0, 0.0, 0.0], "Fermi-level/eV": -4.9298, "Coordination numbers": [3.622, 1.653, 0.924, 0.924, 0.924, 0.804], "Dispersion coefficient C6": [20.358, 21.604, 2.609, 2.609, 2.25, 0.763], "Total dispersion C6": 216.591671, "Total dispersion C8": 4153.1332, "Polarizability alpha": [6.504, 6.274, 2.526, 2.526, 2.346, 1.372], "Total polarizability alpha": 21.548001, "Wiberg matrix": [[0.0, 1.0062483752548048, 0.9831255639192574, 0.9831244761176041, 0.9837803927854587, 0.0], [1.0062483752548048, 0.0, 0.0, 0.0, 0.0, 0.907063991018822], [0.9831255639192574, 0.0, 0.0, 0.0, 0.0, 0.0], [0.9831244761176041, 0.0, 0.0, 0.0, 0.0, 0.0], [0.9837803927854587, 0.0, 0.0, 0.0, 0.0, 0.0], [0.0, 0.907063991018822, 0.0, 0.0, 0.0, 0.0]], "Born radii": [], "Atomic SASAs": [], "Solvent H bonds": [], "Total SASA": NaN, "Total FOD": 0.0, "FOD": [0.0, 0.0, 0.0, 0.0, 0.0, 0.0], "FOD s proportion": [0.0, 0.0, 0.0, 0.0, 0.0, 0.0], "FOD p proportion": [0.0, 0.0, 0.0, 0.0, 0.0, 0.0], "FOD d proportion": [0.0, 0.0, 0.0, 0.0, 0.0, 0.0], "coordinates": [["-0.37070", "0.00930", "0.01820"], ["0.92350", "0.52860", "-0.22610"], ["-0.45140", "-0.29240", "1.06540"], ["-0.54910", "-0.84890", "-0.63430"], ["-1.11050", "0.78490", "-0.19320"], ["1.55810", "-0.18150", "-0.03010"]], "bond_dist": [[0.0, 1.4157360700356547, 1.0927777541659602, 1.0927442747505016, 1.0924968466773715, 1.938815867997784], [1.4157360700356547, 0.0, 2.0572708280632375, 2.0573488401338262, 2.050348287486787, 0.9723040522388046], [1.0927777541659602, 2.0572708280632375, 0.0, 1.79114980668843, 1.7829924453008767, 2.291398985336251], [1.0927442747505016, 2.0573488401338262, 1.79114980668843, 0.0, 1.782986710550586, 2.291456357865015], [1.0924968466773715, 2.050348287486787, 1.7829924453008767, 1.782986710550586, 0.0, 2.8428782123052687], [1.938815867997784, 0.9723040522388046, 2.291398985336251, 2.291456357865015, 2.8428782123052687, 0.0]]}