{"total energy": -39.42863051, "HOMO-LUMO gap/eV": 9.39316188, "electronic energy": -39.78753706, "dipole": [0.28506239, -0.45085706, 1.60886385], "partial charges": [-0.11967732, 0.08819125, -0.29416688, 0.66183766, -0.48450612, -0.31197365, 0.0907584, -0.11409803, -0.28747529, 0.08522688, -0.11407775, 0.0557627, 0.05234191, 0.06871251, 0.05161205, 0.0457787, 0.05255624, 0.039568, 0.0583388, 0.05443287, 0.05464717, 0.04575693, 0.05076575, 0.05567334, 0.06070888, 0.053305], "atomic dipole moments": [[0.08550161, -0.09201791, 0.0849372], [-0.153742, -0.23554065, -0.06206029], [0.15714924, 0.06165396, -0.09491691], [-0.01157759, -0.09493962, 0.32179447], [-0.01940569, -0.03619124, 0.12465323], [-0.02775854, -0.08453651, -0.18140818], [-0.1401366, 0.16551822, 0.1743255], [-0.10346517, 0.03440699, -0.10060976], [0.0524243, 0.07463358, 0.17568835], [0.05981198, 0.03204169, -0.2781905], [0.06825745, 0.13176142, 0.01908975], [-0.12059909, 0.00524492, 0.04036081], [0.04963974, 0.11564362, 0.00222824], [-0.01170107, -0.03897078, -0.12551017], [0.00517244, 0.03682579, 0.1127856], [0.11439788, -0.0177542, -0.04416916], [0.04272242, 0.06269854, -0.09638949], [-0.07209743, -0.09173134, -0.03080521], [0.06582035, 0.10135724, 0.0427832], [-0.04780424, -0.05103079, 0.10592048], [0.0808835, -0.08324602, -0.05405923], [0.10233455, -0.00739423, 0.06309861], [-0.07475557, 0.08913878, 0.03860344], [0.07506398, -0.088044, -0.05412621], [-0.10227158, 0.00517081, -0.07865217], [-0.03711316, -0.04162516, 0.11434507]], "atomic quadrupole moments": [[-0.02479121, -0.13959388, 0.06468852, 0.1220535, -0.15116786, -0.03989731], [-0.15567452, 0.20434319, 0.42998922, 0.10786711, -0.0434925, -0.27431469], [-0.04691739, 0.04858415, 0.1165469, -0.03904307, 0.04601759, -0.06962951], [0.51478892, -0.15680368, 0.66046952, 0.03117812, 0.43739717, -1.17525844], [-0.04299443, 0.00651045, -0.03117479, -0.01584501, -0.03291944, 0.07416922], [0.05083251, -0.1073804, -0.03169111, -0.00107437, 0.06328453, -0.0191414], [0.10309399, -0.40073853, -0.02568356, -0.06900918, 0.19236601, -0.07741044], [0.08418349, -0.09337114, -0.11017677, 0.18973464, -0.07222246, 0.02599328], [-0.04819276, 0.08410371, -0.03113661, -0.04229041, -0.04167212, 0.07932937], [-0.25329505, 0.22053843, -0.05609909, -0.20481044, -0.19959469, 0.30939414], [-0.05869854, 0.17769662, 0.19167387, 0.00208092, 0.0168762, -0.13297532], [0.05882482, -0.00506222, -0.04813506, -0.04629189, -0.00762615, -0.01068976], [-0.01780251, 0.05191696, 0.06714377, 0.01048511, 0.00250481, -0.04934126], [-0.03550202, -0.01391798, -0.02315707, -0.0020214, 0.03836692, 0.05865909], [-0.04488112, -0.00300313, -0.00211704, -0.00515258, 0.01674747, 0.04699816], [0.01269072, 0.00718219, 0.01728866, -0.02691926, 0.00507559, -0.02997937], [0.00483213, -0.01145598, -0.00615807, -0.03211144, -0.021521, 0.00132594], [0.00938485, 0.00430739, 0.03094108, 0.00317112, 0.01908735, -0.04032593], [-0.01674112, 0.05134994, 0.04790951, 0.02149823, 0.01446845, -0.03116839], [-0.00595819, 0.03159083, -0.02584457, -0.03759551, -0.04477606, 0.03180276], [0.00313916, -0.05527263, 0.00573804, -0.03183986, 0.04206226, -0.0088772], [0.01885691, 0.00653181, -0.02603615, 0.01738859, -0.02812658, 0.00717925], [-0.00246503, -0.01862067, 0.01016353, -0.03433431, -0.00668435, -0.0076985], [0.02442961, -0.04640783, 0.00907886, -0.02999592, 0.03464725, -0.03350847], [0.0337277, -0.01641929, -0.02417993, 0.06027204, -0.00904992, -0.00954776], [-0.04052552, 0.01661883, -0.03028187, -0.03300141, -0.03027567, 0.07080739]], "number of molecular orbitals": 64, "number of electrons": 68, "number of unpaired electrons": 0, "orbital energies/eV": [-19.98197662, -19.52674561, -19.49858297, -18.52924803, -17.75708893, -17.59361407, -17.49259738, -16.6860996, -16.44062281, -16.35976928, -16.24961943, -15.90786871, -15.67992799, -15.227893, -15.21735048, -14.89897022, -14.68260145, -14.48898367, -14.30085579, -13.83209459, -13.41043858, -13.25358228, -13.20089333, -13.04345835, -12.92372489, -12.79944179, -12.7039145, -12.67515098, -12.2123967, -12.09432121, -11.87091884, -11.84891241, -11.5622107, -11.43706544, -2.04390356, -1.94466425, -1.20885056, 0.43728661, 1.75730688, 2.50097108, 2.71898235, 3.12257443, 3.21520984, 3.46740752, 3.78045558, 3.83862138, 3.90292178, 3.99287504, 4.36604806, 4.55120702, 4.57272609, 4.84136302, 4.97552886, 6.30570836, 6.43680216, 6.47839957, 6.67290268, 6.8498483, 7.14100324, 11.17368676, 12.5174459, 26.07975015, 28.92833829, 33.26572784], "fractional occupation": [2.0, 2.0, 2.0, 2.0, 2.0, 2.0, 2.0, 2.0, 2.0, 2.0, 2.0, 2.0, 2.0, 2.0, 2.0, 2.0, 2.0, 2.0, 2.0, 2.0, 2.0, 2.0, 2.0, 2.0, 2.0, 2.0, 2.0, 2.0, 2.0, 2.0, 2.0, 2.0, 2.0, 2.0, 0.0, 0.0, 0.0, 0.0, 0.0, 0.0, 0.0, 0.0, 0.0, 0.0, 0.0, 0.0, 0.0, 0.0, 0.0, 0.0, 0.0, 0.0, 0.0, 0.0, 0.0, 0.0, 0.0, 0.0, 0.0, 0.0, 0.0, 0.0, 0.0, 0.0], "program call": "xtb /home/svss/Project-DBcg-Debug/aqme2_20220329/End-to-End-workflows-final/example-3/QDESCP/mol_797_rdkit_conf_6/mol_797_rdkit_conf_6.xyz --pop --wbo --acc 0.2 --gfn 2 --chrg 0 --uhf 0 --etemp 300 --input /home/svss/Project-DBcg-Debug/aqme2_20220329/End-to-End-workflows-final/example-3/QDESCP/mol_797_rdkit_conf_6/mol_797_rdkit_conf_6_xtb.inp", "method": "GFN2-xTB", "xtb version": "6.3.3 (7355c4f)", "Dipole module/D": 4.308, "Total charge": 0, "Transition dipole module/D": NaN, "HOMO": -11.4371, "LUMO": -2.0439, "HOMO occupancy": 2.0, "LUMO occupancy": 0, "mulliken charges": [-0.10049, 0.21357, -0.34372, 0.5299, -0.40843, -0.36294, 0.21078, -0.09843, -0.33479, 0.21025, -0.09818, 0.04095, 0.03114, 0.0578, 0.02809, 0.04149, 0.04085, 0.03472, 0.04264, 0.03918, 0.03406, 0.03335, 0.03828, 0.04123, 0.04606, 0.03264], "cm5 charges": [-0.24648, 0.13641, -0.40559, 0.52521, -0.42306, -0.4267, 0.13349, -0.24489, -0.39511, 0.13298, -0.24465, 0.09437, 0.08244, 0.11307, 0.09134, 0.10999, 0.10691, 0.10189, 0.09594, 0.09252, 0.0853, 0.10174, 0.10504, 0.09458, 0.09938, 0.08387], "FUKUI+": [0.021, 0.011, -0.013, -0.474, -0.027, 0.003, -0.002, 0.017, -0.009, -0.003, 0.019, -0.032, -0.044, -0.013, -0.053, -0.034, -0.039, -0.033, -0.029, -0.028, -0.049, -0.034, -0.042, -0.029, -0.032, -0.051], "FUKUI-": [0.013, 0.015, -0.024, -0.125, -0.063, -0.016, 0.013, 0.013, -0.02, 0.012, 0.013, -0.062, -0.048, -0.061, -0.083, -0.056, -0.063, -0.052, -0.051, -0.05, -0.042, -0.049, -0.063, -0.053, -0.058, -0.041], "FUKUIrad": [0.017, 0.013, -0.019, -0.3, -0.045, -0.006, 0.005, 0.015, -0.014, 0.005, 0.016, -0.047, -0.046, -0.037, -0.068, -0.045, -0.051, -0.042, -0.04, -0.039, -0.045, -0.041, -0.053, -0.041, -0.045, -0.046], "s proportion": [1.014, 0.992, 1.642, 1.305, 1.674, 1.643, 0.994, 1.012, 1.639, 0.994, 1.012, 0.959, 0.969, 0.942, 0.972, 0.959, 0.959, 0.965, 0.957, 0.961, 0.966, 0.967, 0.962, 0.959, 0.954, 0.967], "p proportion": [3.087, 2.794, 4.702, 1.855, 4.734, 4.72, 2.795, 3.086, 4.696, 2.796, 3.086, 0.0, 0.0, 0.0, 0.0, 0.0, 0.0, 0.0, 0.0, 0.0, 0.0, 0.0, 0.0, 0.0, 0.0, 0.0], "d proportion": [0.0, 0.0, 0.0, 1.31, 0.0, 0.0, 0.0, 0.0, 0.0, 0.0, 0.0, 0.0, 0.0, 0.0, 0.0, 0.0, 0.0, 0.0, 0.0, 0.0, 0.0, 0.0, 0.0, 0.0, 0.0, 0.0], "Fermi-level/eV": -6.7405, "Coordination numbers": [3.748, 3.954, 1.658, 4.069, 0.808, 1.658, 3.971, 3.749, 1.658, 3.932, 3.749, 0.924, 0.924, 0.924, 0.924, 0.924, 0.924, 0.924, 0.924, 0.924, 0.924, 0.924, 0.924, 0.924, 0.924, 0.924], "Dispersion coefficient C6": [22.86, 19.056, 18.907, 134.052, 23.47, 19.219, 19.013, 22.75, 18.791, 19.107, 22.749, 2.249, 2.291, 2.1, 2.3, 2.373, 2.288, 2.455, 2.219, 2.265, 2.263, 2.374, 2.31, 2.25, 2.191, 2.279], "Total dispersion C6": 6264.876593, "Total dispersion C8": 152501.378201, "Polarizability alpha": [6.819, 6.203, 5.87, 20.798, 6.494, 5.918, 6.195, 6.803, 5.852, 6.212, 6.803, 2.345, 2.367, 2.266, 2.372, 2.409, 2.366, 2.45, 2.329, 2.354, 2.352, 2.409, 2.377, 2.346, 2.315, 2.361], "Total polarizability alpha": 119.385934, "Wiberg matrix": [[0.0, 1.0179645229389749, 0.0, 0.0, 0.0, 0.0, 0.0, 0.0, 0.0, 0.0, 0.0, 0.984918368563818, 0.9833497427779132, 0.9821612525013763, 0.0, 0.0, 0.0, 0.0, 0.0, 0.0, 0.0, 0.0, 0.0, 0.0, 0.0, 0.0], [1.0179645229389749, 0.0, 0.9294260238783658, 0.0, 0.0, 0.0, 0.0, 0.0, 0.0, 0.0, 0.0, 0.0, 0.0, 0.0, 0.9704067896611143, 0.9696139096028835, 0.0, 0.0, 0.0, 0.0, 0.0, 0.0, 0.0, 0.0, 0.0, 0.0], [0.0, 0.9294260238783658, 0.0, 1.1827340784740623, 0.0, 0.0, 0.0, 0.0, 0.0, 0.0, 0.0, 0.0, 0.0, 0.0, 0.0, 0.0, 0.0, 0.0, 0.0, 0.0, 0.0, 0.0, 0.0, 0.0, 0.0, 0.0], [0.0, 0.0, 1.1827340784740623, 0.0, 1.8478922378368106, 1.1442062084257159, 0.0, 0.0, 1.1962472929783499, 0.0, 0.0, 0.0, 0.0, 0.0, 0.0, 0.0, 0.0, 0.0, 0.0, 0.0, 0.0, 0.0, 0.0, 0.0, 0.0, 0.0], [0.0, 0.0, 0.0, 1.8478922378368106, 0.0, 0.0, 0.0, 0.0, 0.0, 0.0, 0.0, 0.0, 0.0, 0.0, 0.0, 0.0, 0.0, 0.0, 0.0, 0.0, 0.0, 0.0, 0.0, 0.0, 0.0, 0.0], [0.0, 0.0, 0.0, 1.1442062084257159, 0.0, 0.0, 0.9300403957020116, 0.0, 0.0, 0.0, 0.0, 0.0, 0.0, 0.0, 0.0, 0.0, 0.0, 0.0, 0.0, 0.0, 0.0, 0.0, 0.0, 0.0, 0.0, 0.0], [0.0, 0.0, 0.0, 0.0, 0.0, 0.9300403957020116, 0.0, 1.0172887405769921, 0.0, 0.0, 0.0, 0.0, 0.0, 0.0, 0.0, 0.0, 0.9709587418986647, 0.9706752373732369, 0.0, 0.0, 0.0, 0.0, 0.0, 0.0, 0.0, 0.0], [0.0, 0.0, 0.0, 0.0, 0.0, 0.0, 1.0172887405769921, 0.0, 0.0, 0.0, 0.0, 0.0, 0.0, 0.0, 0.0, 0.0, 0.0, 0.0, 0.984653992824722, 0.9851715264971507, 0.9828699034639112, 0.0, 0.0, 0.0, 0.0, 0.0], [0.0, 0.0, 0.0, 1.1962472929783499, 0.0, 0.0, 0.0, 0.0, 0.0, 0.9288471631077025, 0.0, 0.0, 0.0, 0.0, 0.0, 0.0, 0.0, 0.0, 0.0, 0.0, 0.0, 0.0, 0.0, 0.0, 0.0, 0.0], [0.0, 0.0, 0.0, 0.0, 0.0, 0.0, 0.0, 0.0, 0.9288471631077025, 0.0, 1.0166498953386833, 0.0, 0.0, 0.0, 0.0, 0.0, 0.0, 0.0, 0.0, 0.0, 0.0, 0.9695137319957784, 0.972401548446911, 0.0, 0.0, 0.0], [0.0, 0.0, 0.0, 0.0, 0.0, 0.0, 0.0, 0.0, 0.0, 1.0166498953386833, 0.0, 0.0, 0.0, 0.0, 0.0, 0.0, 0.0, 0.0, 0.0, 0.0, 0.0, 0.0, 0.0, 0.9850554738146234, 0.9844589784179985, 0.9829223389597426], [0.984918368563818, 0.0, 0.0, 0.0, 0.0, 0.0, 0.0, 0.0, 0.0, 0.0, 0.0, 0.0, 0.0, 0.0, 0.0, 0.0, 0.0, 0.0, 0.0, 0.0, 0.0, 0.0, 0.0, 0.0, 0.0, 0.0], [0.9833497427779132, 0.0, 0.0, 0.0, 0.0, 0.0, 0.0, 0.0, 0.0, 0.0, 0.0, 0.0, 0.0, 0.0, 0.0, 0.0, 0.0, 0.0, 0.0, 0.0, 0.0, 0.0, 0.0, 0.0, 0.0, 0.0], [0.9821612525013763, 0.0, 0.0, 0.0, 0.0, 0.0, 0.0, 0.0, 0.0, 0.0, 0.0, 0.0, 0.0, 0.0, 0.0, 0.0, 0.0, 0.0, 0.0, 0.0, 0.0, 0.0, 0.0, 0.0, 0.0, 0.0], [0.0, 0.9704067896611143, 0.0, 0.0, 0.0, 0.0, 0.0, 0.0, 0.0, 0.0, 0.0, 0.0, 0.0, 0.0, 0.0, 0.0, 0.0, 0.0, 0.0, 0.0, 0.0, 0.0, 0.0, 0.0, 0.0, 0.0], [0.0, 0.9696139096028835, 0.0, 0.0, 0.0, 0.0, 0.0, 0.0, 0.0, 0.0, 0.0, 0.0, 0.0, 0.0, 0.0, 0.0, 0.0, 0.0, 0.0, 0.0, 0.0, 0.0, 0.0, 0.0, 0.0, 0.0], [0.0, 0.0, 0.0, 0.0, 0.0, 0.0, 0.9709587418986647, 0.0, 0.0, 0.0, 0.0, 0.0, 0.0, 0.0, 0.0, 0.0, 0.0, 0.0, 0.0, 0.0, 0.0, 0.0, 0.0, 0.0, 0.0, 0.0], [0.0, 0.0, 0.0, 0.0, 0.0, 0.0, 0.9706752373732369, 0.0, 0.0, 0.0, 0.0, 0.0, 0.0, 0.0, 0.0, 0.0, 0.0, 0.0, 0.0, 0.0, 0.0, 0.0, 0.0, 0.0, 0.0, 0.0], [0.0, 0.0, 0.0, 0.0, 0.0, 0.0, 0.0, 0.984653992824722, 0.0, 0.0, 0.0, 0.0, 0.0, 0.0, 0.0, 0.0, 0.0, 0.0, 0.0, 0.0, 0.0, 0.0, 0.0, 0.0, 0.0, 0.0], [0.0, 0.0, 0.0, 0.0, 0.0, 0.0, 0.0, 0.9851715264971507, 0.0, 0.0, 0.0, 0.0, 0.0, 0.0, 0.0, 0.0, 0.0, 0.0, 0.0, 0.0, 0.0, 0.0, 0.0, 0.0, 0.0, 0.0], [0.0, 0.0, 0.0, 0.0, 0.0, 0.0, 0.0, 0.9828699034639112, 0.0, 0.0, 0.0, 0.0, 0.0, 0.0, 0.0, 0.0, 0.0, 0.0, 0.0, 0.0, 0.0, 0.0, 0.0, 0.0, 0.0, 0.0], [0.0, 0.0, 0.0, 0.0, 0.0, 0.0, 0.0, 0.0, 0.0, 0.9695137319957784, 0.0, 0.0, 0.0, 0.0, 0.0, 0.0, 0.0, 0.0, 0.0, 0.0, 0.0, 0.0, 0.0, 0.0, 0.0, 0.0], [0.0, 0.0, 0.0, 0.0, 0.0, 0.0, 0.0, 0.0, 0.0, 0.972401548446911, 0.0, 0.0, 0.0, 0.0, 0.0, 0.0, 0.0, 0.0, 0.0, 0.0, 0.0, 0.0, 0.0, 0.0, 0.0, 0.0], [0.0, 0.0, 0.0, 0.0, 0.0, 0.0, 0.0, 0.0, 0.0, 0.0, 0.9850554738146234, 0.0, 0.0, 0.0, 0.0, 0.0, 0.0, 0.0, 0.0, 0.0, 0.0, 0.0, 0.0, 0.0, 0.0, 0.0], [0.0, 0.0, 0.0, 0.0, 0.0, 0.0, 0.0, 0.0, 0.0, 0.0, 0.9844589784179985, 0.0, 0.0, 0.0, 0.0, 0.0, 0.0, 0.0, 0.0, 0.0, 0.0, 0.0, 0.0, 0.0, 0.0, 0.0], [0.0, 0.0, 0.0, 0.0, 0.0, 0.0, 0.0, 0.0, 0.0, 0.0, 0.9829223389597426, 0.0, 0.0, 0.0, 0.0, 0.0, 0.0, 0.0, 0.0, 0.0, 0.0, 0.0, 0.0, 0.0, 0.0, 0.0]], "Born radii": [], "Atomic SASAs": [], "Solvent H bonds": [], "Total SASA": NaN, "Total FOD": 0.0, "FOD": [0.0, 0.0, 0.0, 0.0, 0.0, 0.0, 0.0, 0.0, 0.0, 0.0, 0.0, 0.0, 0.0, 0.0, 0.0, 0.0, 0.0, 0.0, 0.0, 0.0, 0.0, 0.0, 0.0, 0.0, 0.0, 0.0], "FOD s proportion": [0.0, 0.0, 0.0, 0.0, 0.0, 0.0, 0.0, 0.0, 0.0, 0.0, 0.0, 0.0, 0.0, 0.0, 0.0, 0.0, 0.0, 0.0, 0.0, 0.0, 0.0, 0.0, 0.0, 0.0, 0.0, 0.0], "FOD p proportion": [0.0, 0.0, 0.0, 0.0, 0.0, 0.0, 0.0, 0.0, 0.0, 0.0, 0.0, 0.0, 0.0, 0.0, 0.0, 0.0, 0.0, 0.0, 0.0, 0.0, 0.0, 0.0, 0.0, 0.0, 0.0, 0.0], "FOD d proportion": [0.0, 0.0, 0.0, 0.0, 0.0, 0.0, 0.0, 0.0, 0.0, 0.0, 0.0, 0.0, 0.0, 0.0, 0.0, 0.0, 0.0, 0.0, 0.0, 0.0, 0.0, 0.0, 0.0, 0.0, 0.0, 0.0], "coordinates": [["-1.03510", "3.66370", "-0.58110"], ["-0.21320", "2.69220", "0.24080"], ["-0.82940", "1.41670", "0.21590"], ["-0.17730", "0.30080", "-0.74450"], ["0.06010", "0.73790", "-2.15530"], ["1.15490", "-0.13560", "0.05210"], ["2.00730", "-1.05540", "-0.60830"], ["3.10480", "-1.47190", "0.34850"], ["-1.15220", "-0.97050", "-0.58250"], ["-1.52950", "-1.37170", "0.72210"], ["-2.22710", "-2.71340", "0.63190"], ["-2.06130", "3.71660", "-0.20280"], ["-0.59690", "4.66520", "-0.55360"], ["-1.09730", "3.33540", "-1.62350"], ["-0.17190", "3.02470", "1.28250"], ["0.81460", "2.64010", "-0.13410"], ["2.43960", "-0.57590", "-1.49210"], ["1.43210", "-1.93140", "-0.92460"], ["3.67680", "-0.60000", "0.68280"], ["2.67900", "-1.93590", "1.24440"], ["3.78800", "-2.18170", "-0.12600"], ["-0.64630", "-1.45430", "1.36280"], ["-2.20830", "-0.62620", "1.14760"], ["-1.56270", "-3.46400", "0.19110"], ["-3.10780", "-2.64790", "-0.01550"], ["-2.54110", "-3.05750", "1.62130"]], "bond_dist": [[0.0, 1.5148767177562665, 2.3930170266840975, 3.4744232341498065, 3.4982673311226518, 4.430769992901911, 5.614876882888885, 6.661630095554691, 4.635679455052948, 5.224750210297139, 6.599972531003444, 1.0949866391878946, 1.0935162275887813, 1.094644915029527, 2.150916130396534, 2.16077672377319, 5.556767878002463, 6.124558114672437, 6.479088092471039, 6.962938260533408, 7.591976737319471, 5.488518620720895, 4.771587151043141, 7.188794188874794, 6.667254548162985, 7.231398979450657], [1.5148767177562665, 0.0, 1.416764871106, 2.586677185116071, 3.104074192090131, 3.1470236954938873, 4.438028483459744, 5.325453229538309, 3.869743554810835, 4.298788037342619, 5.781804543565961, 2.159085438327997, 2.1612556651169244, 2.161238890081335, 1.0942581185442493, 1.0952795350959499, 4.552007014493716, 5.0440902261954035, 5.115275636757027, 5.54899481077429, 6.316569075851225, 4.317397579561095, 3.9767434931109147, 6.302572393872204, 6.079561403588255, 6.354836642274923], [2.3930170266840975, 1.416764871106, 0.0, 1.6102283626864857, 2.621939955452832, 2.524660812861799, 3.851941191139865, 4.882573333806672, 2.53778766645281, 2.919169917973259, 4.379993984014134, 2.642428297986532, 3.3464815478349794, 2.6714364038846217, 2.0385303063727065, 2.078928464377743, 4.1921450070339885, 4.198201532799492, 4.958922558378987, 4.960504971270566, 5.86393732316436, 3.0970221536178912, 2.634932733486758, 4.935542160695216, 4.665364474507861, 4.992347312637613], [3.4744232341498065, 2.586677185116071, 1.6102283626864857, 0.0, 1.4959183834688308, 1.6123812700475035, 2.5749380652745804, 3.8870676222571685, 1.6102415036260866, 2.6031935483171433, 3.896351965621176, 3.938347944252768, 4.388677970642184, 3.290568060381064, 3.3953481956936318, 2.6131931157111215, 2.85931359945005, 2.7577746844149544, 4.207459178649271, 4.137269605669903, 4.718999108921298, 2.7822743035150217, 2.926488067633285, 4.119271726895423, 4.220675649703494, 4.739487205384144], [3.4982673311226518, 3.104074192090131, 2.621939955452832, 1.4959183834688308, 0.0, 2.6142310628557683, 3.0660596422770383, 4.519118118615622, 2.619542267267318, 3.9059788888318376, 4.991116044533527, 4.145509365566553, 4.2919432871369585, 2.8929901918257523, 4.135425864406229, 2.8762622498652655, 2.797842906597867, 3.2437892934036268, 4.788037897719692, 5.056263812342074, 5.1516367360286575, 4.204969608689224, 4.232677141006623, 5.0788814132641456, 5.106659973994744, 5.9526473236703685], [4.430769992901911, 3.1470236954938873, 2.524660812861799, 1.6123812700475035, 2.6142310628557683, 0.0, 1.4173023530637348, 2.3823645103132307, 2.534262334487099, 3.0303211991470476, 4.291753124307129, 5.024774750175375, 5.146198244335326, 4.464065546113766, 3.6416724852737654, 2.8026746190023557, 2.05642209188678, 2.0629300448633736, 2.640725176916371, 2.643017251173363, 3.3393802463930338, 2.588672559440456, 3.5709834569765233, 4.299176353675201, 4.948417155010277, 4.965914241104049], [5.614876882888885, 4.438028483459744, 3.851941191139865, 2.5749380652745804, 3.0660596422770383, 1.4173023530637348, 0.0, 1.5144123414711068, 3.160745782248233, 3.791960454698862, 4.713512851366802, 6.284100588787547, 6.2857071272848835, 5.472503708541456, 4.9971245021512125, 3.912047952160096, 1.0944889126893886, 1.0946582708772634, 2.1590642926971864, 2.1584620520175934, 2.1614942678619347, 3.3295569344884313, 4.586794175674335, 4.38010209013443, 5.389964387637455, 5.446784659778648], [6.661630095554691, 5.325453229538309, 4.882573333806672, 3.8870676222571685, 4.519118118615622, 2.3823645103132307, 1.5144123414711068, 0.0, 4.386366601185997, 4.650414335303898, 5.4818605801315305, 7.342550861247064, 7.223597698515608, 6.682556524265245, 5.641677981771026, 4.7314334825716395, 2.152467281981308, 2.1517084258793058, 1.0950571217977627, 1.095097461416106, 1.0934937265480766, 3.885854534076128, 5.439007346014528, 5.077282089858707, 6.33339330533009, 6.00086110570808], [4.635679455052948, 3.869743554810835, 2.53778766645281, 1.6102415036260866, 2.619542267267318, 2.534262334487099, 3.160745782248233, 4.386366601185997, 0.0, 1.416085410559688, 2.3807305139389463, 4.789524121455074, 5.6630652291846335, 4.430290037909482, 4.516728476452841, 4.135915516545278, 3.726138558883714, 2.7783030270292692, 5.005746232081687, 4.352890328276144, 5.106953468556376, 2.0674112653267613, 2.0559999294747073, 2.64282225281989, 2.638092325905218, 3.3378655829736465], [5.224750210297139, 4.298788037342619, 2.919169917973259, 2.6031935483171433, 3.9059788888318376, 3.0303211991470476, 3.791960454698862, 4.650414335303898, 1.416085410559688, 0.0, 1.5149061654109142, 5.1989468298877615, 6.240297657964722, 5.276876596055662, 4.635240973239687, 4.724661097898981, 4.614079983051876, 3.4345246454203817, 5.263328326258966, 4.278152776608147, 5.445289694772905, 1.0942401427474686, 1.09434452527529, 2.1588845568950643, 2.1595765997065257, 2.161901209583824], [6.599972531003444, 5.781804543565961, 4.379993984014134, 3.896351965621176, 4.991116044533527, 4.291753124307129, 4.713512851366802, 5.4818605801315305, 2.3807305139389463, 1.5149061654109142, 0.0, 6.486070746607687, 7.648967266892963, 6.5537209766666145, 6.129675277696202, 6.204728611309282, 5.555031155628203, 4.052648626515751, 6.270971661552936, 5.004945525178072, 6.085930110508993, 2.149064042786999, 2.1500473878498587, 1.0950490217337305, 1.0950111871574646, 1.0935781499280242], [1.0949866391878946, 2.159085438327997, 2.642428297986532, 3.938347944252768, 4.145509365566553, 5.024774750175375, 6.284100588787547, 7.342550861247064, 4.789524121455074, 5.1989468298877615, 6.486070746607687, 0.0, 1.77971063940181, 1.7586921077891946, 2.5009346372906274, 3.071542405697828, 6.351846310325842, 6.6801753569797855, 7.2348541471131265, 7.517685027985676, 8.307234896161297, 5.584938242272693, 4.550285815198865, 7.20865975962245, 6.452681906773337, 7.0317835333576655], [1.0935162275887813, 2.1612556651169244, 3.3464815478349794, 4.388677970642184, 4.2919432871369585, 5.146198244335326, 6.2857071272848835, 7.223597698515608, 5.6630652291846335, 6.240297657964722, 7.648967266892963, 1.77971063940181, 0.0, 1.778610190570154, 2.498625314047706, 2.503865513560982, 6.129457048548428, 6.911556522231443, 6.893150781028948, 7.585436442288604, 8.141881194171283, 6.4127458681909415, 5.787020421598665, 8.220172770082147, 7.750845246165091, 8.255313376244416], [1.094644915029527, 2.161238890081335, 2.6714364038846217, 3.290568060381064, 2.8929901918257523, 4.464065546113766, 5.472503708541456, 6.682556524265245, 4.430290037909482, 5.276876596055662, 6.5537209766666145, 1.7586921077891946, 1.778610190570154, 0.0, 3.065572646341952, 2.521332199453297, 5.274959266193436, 5.884344297370778, 6.6029102417040315, 7.090267681124599, 7.519777573173291, 5.662385961765588, 4.960603871505968, 7.05274490393634, 6.513651290942738, 7.313170030157921], [2.150916130396534, 1.0942581185442493, 2.0385303063727065, 3.3953481956936318, 4.135425864406229, 3.6416724852737654, 4.9971245021512125, 5.641677981771026, 4.516728476452841, 4.635240973239687, 6.129675277696202, 2.5009346372906274, 2.498625314047706, 3.065572646341952, 0.0, 1.7685742760766368, 5.242390463328729, 5.657475905383955, 5.320768917177291, 5.721593727275644, 6.691134524129671, 4.504769078432323, 4.182606099072682, 6.725229088291342, 6.517875694580252, 6.536134248927267], [2.16077672377319, 1.0952795350959499, 2.078928464377743, 2.6131931157111215, 2.8762622498652655, 2.8026746190023557, 3.912047952160096, 4.7314334825716395, 4.135915516545278, 4.724661097898981, 6.204728611309282, 3.071542405697828, 2.503865513560982, 2.521332199453297, 1.7685742760766368, 0.0, 3.8506421542386926, 4.68025733801038, 4.399745726743762, 5.129914776095212, 5.66488556018566, 4.597722238239278, 4.631349154404146, 6.55876109795135, 6.58500051025055, 6.841403175518893], [5.556767878002463, 4.552007014493716, 4.1921450070339885, 2.85931359945005, 2.797842906597867, 2.05642209188678, 1.0944889126893886, 2.152467281981308, 3.726138558883714, 4.614079983051876, 5.555031155628203, 6.351846310325842, 6.129457048548428, 5.274959266193436, 5.242390463328729, 3.8506421542386926, 0.0, 1.781710624652612, 2.502285886944176, 3.0651826389303456, 2.502599730280494, 4.294743226317494, 5.345420525085, 5.214660980351455, 6.103046642456536, 6.376438709028732], [6.124558114672437, 5.0440902261954035, 4.198201532799492, 2.7577746844149544, 3.2437892934036268, 2.0629300448633736, 1.0946582708772634, 2.1517084258793058, 2.7783030270292692, 3.4345246454203817, 4.052648626515751, 6.6801753569797855, 6.911556522231443, 5.884344297370778, 5.657475905383955, 4.68025733801038, 1.781710624652612, 0.0, 3.065132755689384, 2.5018674745077925, 2.5001353683350827, 3.127230360878456, 4.387490403408308, 3.5443583749389673, 4.685138959518704, 4.851394259385646], [6.479088092471039, 5.115275636757027, 4.958922558378987, 4.207459178649271, 4.788037897719692, 2.640725176916371, 2.1590642926971864, 1.0950571217977627, 5.005746232081687, 5.263328326258966, 6.270971661552936, 7.2348541471131265, 6.893150781028948, 6.6029102417040315, 5.320768917177291, 4.399745726743762, 2.502285886944176, 3.065132755689384, 0.0, 1.7594397432137314, 1.7799712834762251, 4.458858833827328, 5.903484351635058, 5.99137923520119, 7.121257926799169, 6.751471610693479], [6.962938260533408, 5.54899481077429, 4.960504971270566, 4.137269605669903, 5.056263812342074, 2.643017251173363, 2.1584620520175934, 1.095097461416106, 4.352890328276144, 4.278152776608147, 5.004945525178072, 7.517685027985676, 7.585436442288604, 7.090267681124599, 5.721593727275644, 5.129914776095212, 3.0651826389303456, 2.5018674745077925, 1.7594397432137314, 0.0, 1.7799704491929071, 3.3620792985888954, 5.06067047139013, 4.6299621369942106, 5.965010163444819, 5.3525212918773155], [7.591976737319471, 6.316569075851225, 5.86393732316436, 4.718999108921298, 5.1516367360286575, 3.3393802463930338, 2.1614942678619347, 1.0934937265480766, 5.106953468556376, 5.445289694772905, 6.085930110508993, 8.307234896161297, 8.141881194171283, 7.519777573173291, 6.691134524129671, 5.66488556018566, 2.502599730280494, 2.5001353683350827, 1.7799712834762251, 1.7799704491929071, 0.0, 4.733777845442264, 6.324337981164511, 5.511337060097123, 6.912424345336446, 6.624016133736391], [5.488518620720895, 4.317397579561095, 3.0970221536178912, 2.7822743035150217, 4.204969608689224, 2.588672559440456, 3.3295569344884313, 3.885854534076128, 2.0674112653267613, 1.0942401427474686, 2.149064042786999, 5.584938242272693, 6.4127458681909415, 5.662385961765588, 4.504769078432323, 4.597722238239278, 4.294743226317494, 3.127230360878456, 4.458858833827328, 3.3620792985888954, 4.733777845442264, 0.0, 1.7809841801655621, 2.5003127684351814, 3.0632293580468306, 2.495463790560785], [4.771587151043141, 3.9767434931109147, 2.634932733486758, 2.926488067633285, 4.232677141006623, 3.5709834569765233, 4.586794175674335, 5.439007346014528, 2.0559999294747073, 1.09434452527529, 2.1500473878498587, 4.550285815198865, 5.787020421598665, 4.960603871505968, 4.182606099072682, 4.631349154404146, 5.345420525085, 4.387490403408308, 5.903484351635058, 5.06067047139013, 6.324337981164511, 1.7809841801655621, 0.0, 3.063462167221916, 2.499834544524897, 2.499273338392582], [7.188794188874794, 6.302572393872204, 4.935542160695216, 4.119271726895423, 5.0788814132641456, 4.299176353675201, 4.38010209013443, 5.077282089858707, 2.64282225281989, 2.1588845568950643, 1.0950490217337305, 7.20865975962245, 8.220172770082147, 7.05274490393634, 6.725229088291342, 6.55876109795135, 5.214660980351455, 3.5443583749389673, 5.99137923520119, 4.6299621369942106, 5.511337060097123, 2.5003127684351814, 3.063462167221916, 0.0, 1.7595558473660335, 1.7798822573417603], [6.667254548162985, 6.079561403588255, 4.665364474507861, 4.220675649703494, 5.106659973994744, 4.948417155010277, 5.389964387637455, 6.33339330533009, 2.638092325905218, 2.1595765997065257, 1.0950111871574646, 6.452681906773337, 7.750845246165091, 6.513651290942738, 6.517875694580252, 6.58500051025055, 6.103046642456536, 4.685138959518704, 7.121257926799169, 5.965010163444819, 6.912424345336446, 3.0632293580468306, 2.499834544524897, 1.7595558473660335, 0.0, 1.7798975504224956], [7.231398979450657, 6.354836642274923, 4.992347312637613, 4.739487205384144, 5.9526473236703685, 4.965914241104049, 5.446784659778648, 6.00086110570808, 3.3378655829736465, 2.161901209583824, 1.0935781499280242, 7.0317835333576655, 8.255313376244416, 7.313170030157921, 6.536134248927267, 6.841403175518893, 6.376438709028732, 4.851394259385646, 6.751471610693479, 5.3525212918773155, 6.624016133736391, 2.495463790560785, 2.499273338392582, 1.7798822573417603, 1.7798975504224956, 0.0]]}