{"total energy": -23.22934033, "HOMO-LUMO gap/eV": 4.26823276, "electronic energy": -23.52583194, "dipole": [-0.36157223, -0.40762421, 0.78371542], "partial charges": [-0.10071038, -0.04918485, 0.00225487, -0.22090981, -0.00209556, -0.05079206, -0.10183507, 0.04692326, 0.03486774, 0.0341052, 0.04187861, 0.03258857, 0.03190172, 0.03571735, 0.04868977, 0.03606846, 0.03198888, 0.04197947, 0.03531615, 0.03819829, 0.03304941], "atomic dipole moments": [[-0.06735458, -0.08895026, -0.01610471], [-0.05369751, 0.09664019, 0.03833769], [0.02521478, 0.0732763, -0.10340169], [-0.1799102, -0.18948708, 0.36789672], [0.06322636, -0.09217452, -0.05934951], [-0.01517236, 0.10461628, 0.0496899], [0.09534315, -0.02152968, -0.0400958], [-0.01799644, 0.09891594, -0.0813595], [-0.00900363, 0.04322925, 0.11806447], [0.11831545, -0.03661957, -0.01583958], [0.01684056, -0.04300978, -0.11861923], [0.03796589, -0.09118286, 0.0698791], [-0.06256698, -0.10382087, -0.01158407], [-0.01145404, 0.04363537, 0.11698221], [-0.04794168, 0.10224347, -0.05573076], [0.02010099, 0.03599904, 0.11973057], [0.04043092, -0.1008738, 0.05956329], [-0.01769597, -0.03369035, -0.12089351], [-0.05467744, 0.09738433, -0.05986105], [-0.077038, -0.09912188, -0.01104325], [0.00808506, 0.0281223, 0.12262016]], "atomic quadrupole moments": [[0.02883142, 0.16439513, 0.09161008, 0.03173708, 0.05791159, -0.1204415], [0.20126063, 0.06778261, 0.00422685, -0.02771813, 0.04244814, -0.20548749], [0.06866323, -0.18363234, -0.03363578, 0.05627817, -0.23985587, -0.03502745], [0.27067685, -0.38538958, -0.20708626, -0.16054964, -0.37857894, -0.06359059], [0.25492969, 0.03071028, -0.08107123, -0.20780661, 0.06445444, -0.17385845], [0.19152616, 0.07937159, -0.00357514, -0.11747207, 0.05956768, -0.18795101], [0.1726125, -0.06539868, -0.09972877, -0.12931805, 0.03395771, -0.07288373], [-0.03088568, -0.01581372, 0.02091488, 0.03156964, -0.05140831, 0.0099708], [-0.04050331, 0.00542207, -0.02733671, -0.02464027, 0.0327129, 0.06784001], [0.06671267, -0.03596648, -0.01417177, -0.01732957, 0.0103256, -0.0525409], [-0.01612224, 0.00960571, -0.03370443, -0.00292439, 0.01696854, 0.04982668], [-0.00884318, -0.00290262, 0.01163889, 0.0198516, -0.0514869, -0.00279571], [-0.00336214, 0.0258906, 0.03532377, 0.02336463, -0.01054577, -0.03196164], [-0.03454366, -0.01705661, -0.00744277, 0.00663698, 0.0215566, 0.04198643], [0.00834074, -0.02788889, 0.01436262, 0.01992882, -0.04011171, -0.02270336], [-0.00774185, 0.01338133, -0.04447211, -0.00101234, 0.00715149, 0.05221396], [0.00198878, -0.02070287, 0.00954698, 0.01652784, -0.03926487, -0.01153577], [-0.01335816, 0.01019833, -0.03606088, 0.00369747, 0.00965661, 0.04941904], [-0.02228131, -0.03677602, 0.02791515, 0.01086929, -0.0526801, -0.00563384], [0.004488, 0.05229906, 0.04249187, -0.00014761, 0.01851077, -0.04697987], [-0.02620791, -0.00234992, -0.04426383, 0.01946641, 0.02902624, 0.07047175]], "number of molecular orbitals": 47, "number of electrons": 44, "number of unpaired electrons": 0, "orbital energies/eV": [-19.04663433, -17.12500698, -16.99099086, -16.20336864, -16.12420885, -15.46473745, -15.28495885, -14.269987, -14.06682752, -13.95290443, -13.59507747, -13.36114658, -13.26181105, -12.9737885, -12.5406009, -12.31192378, -12.27811769, -12.1041395, -11.87248666, -11.8341236, -11.52140737, -9.49576199, -5.22752923, -3.60553261, -0.13818615, 0.05682025, 0.68843143, 2.24514436, 2.79536282, 3.30605586, 3.47934154, 3.65411527, 3.85356878, 4.00010114, 4.24331863, 4.4215865, 4.9346353, 5.10509174, 5.46161446, 5.91310028, 6.35928263, 6.608793, 6.81501018, 7.07696625, 7.64665533, 8.29807884, 11.54435172], "fractional occupation": [2.0, 2.0, 2.0, 2.0, 2.0, 2.0, 2.0, 2.0, 2.0, 2.0, 2.0, 2.0, 2.0, 2.0, 2.0, 2.0, 2.0, 2.0, 2.0, 2.0, 2.0, 2.0, 0.0, 0.0, 0.0, 0.0, 0.0, 0.0, 0.0, 0.0, 0.0, 0.0, 0.0, 0.0, 0.0, 0.0, 0.0, 0.0, 0.0, 0.0, 0.0, 0.0, 0.0, 0.0, 0.0, 0.0, 0.0], "program call": "xtb /home/svss/Project-DBcg-Debug/aqme2_20220329/End-to-End-workflows-final/example-3/QDESCP/mol_819_rdkit_conf_8/mol_819_rdkit_conf_8.xyz --pop --wbo --acc 0.2 --gfn 2 --chrg 0 --uhf 0 --etemp 300 --input /home/svss/Project-DBcg-Debug/aqme2_20220329/End-to-End-workflows-final/example-3/QDESCP/mol_819_rdkit_conf_8/mol_819_rdkit_conf_8_xtb.inp", "method": "GFN2-xTB", "xtb version": "6.3.3 (7355c4f)", "Dipole module/D": 2.426, "Total charge": 0, "Transition dipole module/D": NaN, "HOMO": -9.4958, "LUMO": -5.2275, "HOMO occupancy": 2.0, "LUMO occupancy": 0, "mulliken charges": [-0.08366, -0.03675, 0.01139, -0.13831, 0.01166, -0.04366, -0.08477, 0.03014, 0.02621, 0.02754, 0.02798, 0.02415, 0.02049, 0.02249, 0.03092, 0.02314, 0.02294, 0.02497, 0.02712, 0.0299, 0.02612], "cm5 charges": [-0.23307, -0.1465, -0.08165, -0.18621, -0.08099, -0.154, -0.2351, 0.08235, 0.07764, 0.0783, 0.08289, 0.07845, 0.07695, 0.07909, 0.08727, 0.07945, 0.07853, 0.08013, 0.07841, 0.08066, 0.07742], "FUKUI+": [0.022, 0.021, 0.036, -0.509, 0.028, 0.022, 0.02, 0.0, -0.024, -0.042, -0.026, -0.055, -0.083, -0.087, -0.071, -0.089, -0.035, -0.033, -0.026, -0.043, -0.027], "FUKUI-": [0.017, 0.018, 0.066, -0.526, 0.06, 0.005, 0.015, -0.02, -0.03, -0.046, -0.03, -0.057, -0.086, -0.072, -0.058, -0.065, -0.033, -0.028, -0.039, -0.058, -0.032], "FUKUIrad": [0.02, 0.02, 0.051, -0.517, 0.044, 0.013, 0.018, -0.01, -0.027, -0.044, -0.028, -0.056, -0.085, -0.079, -0.065, -0.077, -0.034, -0.03, -0.033, -0.05, -0.029], "s proportion": [1.007, 1.027, 1.038, 1.932, 1.039, 1.03, 1.008, 0.97, 0.974, 0.972, 0.972, 0.976, 0.98, 0.978, 0.969, 0.977, 0.977, 0.975, 0.973, 0.97, 0.974], "p proportion": [3.077, 3.01, 2.951, 4.209, 2.949, 3.013, 3.076, 0.0, 0.0, 0.0, 0.0, 0.0, 0.0, 0.0, 0.0, 0.0, 0.0, 0.0, 0.0, 0.0, 0.0], "d proportion": [0.0, 0.0, 0.0, -0.003, 0.0, 0.0, 0.0, 0.0, 0.0, 0.0, 0.0, 0.0, 0.0, 0.0, 0.0, 0.0, 0.0, 0.0, 0.0, 0.0, 0.0], "Fermi-level/eV": -7.3616, "Coordination numbers": [3.749, 3.824, 3.793, 1.992, 3.795, 3.825, 3.75, 0.924, 0.924, 0.924, 0.924, 0.924, 0.924, 0.924, 0.924, 0.924, 0.924, 0.924, 0.924, 0.924, 0.924], "Dispersion coefficient C6": [22.489, 21.436, 20.55, 150.487, 20.624, 21.465, 22.508, 2.359, 2.518, 2.529, 2.424, 2.55, 2.56, 2.507, 2.336, 2.502, 2.558, 2.423, 2.512, 2.473, 2.544], "Total dispersion C6": 3846.400701, "Total dispersion C8": 96986.658552, "Polarizability alpha": [6.764, 6.588, 6.456, 20.647, 6.467, 6.593, 6.766, 2.402, 2.482, 2.487, 2.435, 2.497, 2.502, 2.476, 2.39, 2.474, 2.501, 2.434, 2.479, 2.459, 2.494], "Total polarizability alpha": 94.792508, "Wiberg matrix": [[0.0, 1.0213341081617284, 0.0, 0.0, 0.0, 0.0, 0.0, 0.9860107838351545, 0.9872279526427912, 0.9867544758641945, 0.0, 0.0, 0.0, 0.0, 0.0, 0.0, 0.0, 0.0, 0.0, 0.0, 0.0], [1.0213341081617284, 0.0, 1.0114325680152148, 0.0, 0.0, 0.0, 0.0, 0.0, 0.0, 0.0, 0.9766669289172388, 0.9721208520440179, 0.0, 0.0, 0.0, 0.0, 0.0, 0.0, 0.0, 0.0, 0.0], [0.0, 1.0114325680152148, 0.0, 0.9858336949151253, 0.0, 0.0, 0.0, 0.0, 0.0, 0.0, 0.0, 0.0, 0.9757146097178637, 0.9753021182307913, 0.0, 0.0, 0.0, 0.0, 0.0, 0.0, 0.0], [0.0, 0.0, 0.9858336949151253, 0.0, 0.9911188337019861, 0.0, 0.0, 0.0, 0.0, 0.0, 0.0, 0.0, 0.0, 0.0, 0.0, 0.0, 0.0, 0.0, 0.0, 0.0, 0.0], [0.0, 0.0, 0.0, 0.9911188337019861, 0.0, 1.011961628890905, 0.0, 0.0, 0.0, 0.0, 0.0, 0.0, 0.0, 0.0, 0.9716417884554233, 0.9739907920075268, 0.0, 0.0, 0.0, 0.0, 0.0], [0.0, 0.0, 0.0, 0.0, 1.011961628890905, 0.0, 1.014523173437269, 0.0, 0.0, 0.0, 0.0, 0.0, 0.0, 0.0, 0.0, 0.0, 0.9758107627352044, 0.9775822343943519, 0.0, 0.0, 0.0], [0.0, 0.0, 0.0, 0.0, 0.0, 1.014523173437269, 0.0, 0.0, 0.0, 0.0, 0.0, 0.0, 0.0, 0.0, 0.0, 0.0, 0.0, 0.0, 0.9874683330186695, 0.9857926601517686, 0.9876324451698781], [0.9860107838351545, 0.0, 0.0, 0.0, 0.0, 0.0, 0.0, 0.0, 0.0, 0.0, 0.0, 0.0, 0.0, 0.0, 0.0, 0.0, 0.0, 0.0, 0.0, 0.0, 0.0], [0.9872279526427912, 0.0, 0.0, 0.0, 0.0, 0.0, 0.0, 0.0, 0.0, 0.0, 0.0, 0.0, 0.0, 0.0, 0.0, 0.0, 0.0, 0.0, 0.0, 0.0, 0.0], [0.9867544758641945, 0.0, 0.0, 0.0, 0.0, 0.0, 0.0, 0.0, 0.0, 0.0, 0.0, 0.0, 0.0, 0.0, 0.0, 0.0, 0.0, 0.0, 0.0, 0.0, 0.0], [0.0, 0.9766669289172388, 0.0, 0.0, 0.0, 0.0, 0.0, 0.0, 0.0, 0.0, 0.0, 0.0, 0.0, 0.0, 0.0, 0.0, 0.0, 0.0, 0.0, 0.0, 0.0], [0.0, 0.9721208520440179, 0.0, 0.0, 0.0, 0.0, 0.0, 0.0, 0.0, 0.0, 0.0, 0.0, 0.0, 0.0, 0.0, 0.0, 0.0, 0.0, 0.0, 0.0, 0.0], [0.0, 0.0, 0.9757146097178637, 0.0, 0.0, 0.0, 0.0, 0.0, 0.0, 0.0, 0.0, 0.0, 0.0, 0.0, 0.0, 0.0, 0.0, 0.0, 0.0, 0.0, 0.0], [0.0, 0.0, 0.9753021182307913, 0.0, 0.0, 0.0, 0.0, 0.0, 0.0, 0.0, 0.0, 0.0, 0.0, 0.0, 0.0, 0.0, 0.0, 0.0, 0.0, 0.0, 0.0], [0.0, 0.0, 0.0, 0.0, 0.9716417884554233, 0.0, 0.0, 0.0, 0.0, 0.0, 0.0, 0.0, 0.0, 0.0, 0.0, 0.0, 0.0, 0.0, 0.0, 0.0, 0.0], [0.0, 0.0, 0.0, 0.0, 0.9739907920075268, 0.0, 0.0, 0.0, 0.0, 0.0, 0.0, 0.0, 0.0, 0.0, 0.0, 0.0, 0.0, 0.0, 0.0, 0.0, 0.0], [0.0, 0.0, 0.0, 0.0, 0.0, 0.9758107627352044, 0.0, 0.0, 0.0, 0.0, 0.0, 0.0, 0.0, 0.0, 0.0, 0.0, 0.0, 0.0, 0.0, 0.0, 0.0], [0.0, 0.0, 0.0, 0.0, 0.0, 0.9775822343943519, 0.0, 0.0, 0.0, 0.0, 0.0, 0.0, 0.0, 0.0, 0.0, 0.0, 0.0, 0.0, 0.0, 0.0, 0.0], [0.0, 0.0, 0.0, 0.0, 0.0, 0.0, 0.9874683330186695, 0.0, 0.0, 0.0, 0.0, 0.0, 0.0, 0.0, 0.0, 0.0, 0.0, 0.0, 0.0, 0.0, 0.0], [0.0, 0.0, 0.0, 0.0, 0.0, 0.0, 0.9857926601517686, 0.0, 0.0, 0.0, 0.0, 0.0, 0.0, 0.0, 0.0, 0.0, 0.0, 0.0, 0.0, 0.0, 0.0], [0.0, 0.0, 0.0, 0.0, 0.0, 0.0, 0.9876324451698781, 0.0, 0.0, 0.0, 0.0, 0.0, 0.0, 0.0, 0.0, 0.0, 0.0, 0.0, 0.0, 0.0, 0.0]], "Born radii": [], "Atomic SASAs": [], "Solvent H bonds": [], "Total SASA": NaN, "Total FOD": 0.0, "FOD": [0.0, 0.0, 0.0, 0.0, 0.0, 0.0, 0.0, 0.0, 0.0, 0.0, 0.0, 0.0, 0.0, 0.0, 0.0, 0.0, 0.0, 0.0, 0.0, 0.0, 0.0], "FOD s proportion": [0.0, 0.0, 0.0, 0.0, 0.0, 0.0, 0.0, 0.0, 0.0, 0.0, 0.0, 0.0, 0.0, 0.0, 0.0, 0.0, 0.0, 0.0, 0.0, 0.0, 0.0], "FOD p proportion": [0.0, 0.0, 0.0, 0.0, 0.0, 0.0, 0.0, 0.0, 0.0, 0.0, 0.0, 0.0, 0.0, 0.0, 0.0, 0.0, 0.0, 0.0, 0.0, 0.0, 0.0], "FOD d proportion": [0.0, 0.0, 0.0, 0.0, 0.0, 0.0, 0.0, 0.0, 0.0, 0.0, 0.0, 0.0, 0.0, 0.0, 0.0, 0.0, 0.0, 0.0, 0.0, 0.0, 0.0], "coordinates": [["3.47590", "0.31690", "0.32470"], ["2.53290", "-0.85120", "0.06900"], ["1.06590", "-0.53790", "0.36630"], ["0.36900", "0.66490", "-0.81410"], ["-1.24020", "0.98260", "-0.01850"], ["-2.19210", "-0.20360", "-0.14280"], ["-3.55540", "0.12580", "0.44850"], ["3.28980", "1.14760", "-0.36210"], ["3.37330", "0.68610", "1.35010"], ["4.51370", "-0.00250", "0.18370"], ["2.65000", "-1.20220", "-0.96340"], ["2.84090", "-1.68230", "0.71550"], ["0.48930", "-1.46510", "0.29640"], ["0.96710", "-0.14690", "1.38420"], ["-1.67530", "1.85820", "-0.51230"], ["-1.07740", "1.25090", "1.03070"], ["-1.79190", "-1.07950", "0.37900"], ["-2.32280", "-0.47880", "-1.19620"], ["-4.01410", "0.97360", "-0.07050"], ["-4.22690", "-0.73340", "0.35420"], ["-3.47170", "0.37680", "1.51080"]], "bond_dist": [[0.0, 1.5228555742420224, 2.5574427852837687, 3.327280729063901, 4.775200722482773, 5.711015715264668, 7.0349858095094975, 1.0937961144564374, 1.0946600202802697, 1.0949548849153556, 2.156148703127871, 2.13371747895545, 3.477945435167148, 2.7625582582092276, 5.44160234949229, 4.701418178592498, 5.450009017423732, 6.047412421027691, 7.529112692077335, 7.774131988846086, 7.04837335702359], [1.5228555742420224, 0.0, 1.529259029726488, 2.7858370429729016, 4.1960412652880335, 4.773873689154333, 6.177859349321576, 2.180354617946356, 2.1704332885394106, 2.158012145470919, 1.0967055985997336, 1.0970658412328769, 2.145899561955312, 2.162757307235373, 5.038621367993431, 4.286951992966565, 4.341902339988775, 5.031623524271267, 6.797982369056278, 6.7668391380318775, 6.296188720170322], [2.5574427852837687, 1.529259029726488, 0.0, 1.823661594156109, 2.7889224621706497, 3.3144386100816527, 4.669439818650627, 2.8839570073078415, 2.7910810092148886, 3.4938976458963418, 2.1722728626947396, 2.14061136127042, 1.0940993602045475, 1.0948802902600814, 3.74531849246496, 2.8696633408816443, 2.9086960463410403, 3.7320485996299673, 5.318066047916291, 5.296423179845054, 4.768266991266323], [3.327280729063901, 2.7858370429729016, 1.823661594156109, 0.0, 1.8230297008002914, 2.7864258737673246, 4.157607837446914, 2.9947246835059813, 3.7027057093428315, 4.315039477223818, 2.9514935032962546, 3.7362164832889433, 2.405115868310714, 2.4185255301526176, 2.386254517020345, 2.4163517955794434, 3.0225664227606313, 2.949548667169267, 4.456433805185487, 4.943932098036946, 4.498792961450882], [4.775200722482773, 4.1960412652880335, 2.7889224621706497, 1.8230297008002914, 0.0, 1.525986415404803, 2.5124383136706063, 4.546007694670127, 4.821344258606722, 5.84111907599905, 4.560684497967383, 4.929079550991239, 3.0135639283081423, 2.8487735659402627, 1.0953656056312888, 1.0951298416169655, 2.1713211531231393, 2.166723334899959, 2.7744019553770505, 3.4646699958293286, 2.7722453679283148], [5.711015715264668, 4.773873689154333, 3.3144386100816527, 2.7864258737673246, 1.525986415404803, 0.0, 1.5220798073688517, 5.650226680408494, 5.830436832691013, 6.716754953100493, 5.011638327932294, 5.3154794308698055, 2.995694385280314, 3.50934303395949, 2.157459554661454, 2.1760580392075943, 1.0952790009855935, 1.0965715161356326, 2.1704172709412353, 2.1605804960704424, 2.169938542908531], [7.0349858095094975, 6.177859349321576, 4.669439818650627, 4.157607837446914, 2.5124383136706063, 1.5220798073688517, 0.0, 6.968350639857326, 7.009543661323467, 8.074463123948242, 6.501079508050951, 6.652305487573463, 4.348987848913813, 4.626327488408057, 2.731139397760576, 2.7830362645858573, 2.1371735048891094, 2.142400991878038, 1.094774648044062, 1.0945452845816839, 1.0947547579252626], [1.0937961144564374, 2.180354617946356, 2.8839570073078415, 2.9947246835059813, 4.546007694670127, 5.650226680408494, 6.968350639857326, 0.0, 1.775269934404343, 1.7659441837158953, 2.508478776071267, 3.0612198516277784, 3.886209437228004, 3.1812307728299123, 5.017940853577291, 4.585084358002588, 5.59757791459842, 5.902726364147334, 7.3117892317817805, 7.7815182053375676, 7.0583120715933205], [1.0946600202802697, 2.1704332885394106, 2.7910810092148886, 3.7027057093428315, 4.821344258606722, 5.830436832691013, 7.009543661323467, 1.775269934404343, 0.0, 1.770641431798093, 3.072640888551736, 2.5090806045242946, 3.749053364517502, 2.546536913143024, 5.507332760057268, 4.497748980323379, 5.544336715063399, 6.347140372640265, 7.528242781021345, 7.79550108075164, 6.853868687099279], [1.0949548849153556, 2.158012145470919, 3.4938976458963418, 4.315039477223818, 5.84111907599905, 6.716754953100493, 8.074463123948242, 1.7659441837158953, 1.770641431798093, 0.0, 2.4956955323115837, 2.429567681708003, 4.283420993785224, 3.747055266472594, 6.50002626840846, 5.792134301792388, 6.3998955030531555, 6.990616421317937, 8.587244126610118, 8.772763157637394, 8.103806269895648], [2.156148703127871, 1.0967055985997336, 2.1722728626947396, 2.9514935032962546, 4.560684497967383, 5.011638327932294, 6.501079508050951, 2.508478776071267, 3.072640888551736, 2.4956955323115837, 0.0, 1.7566001337811632, 2.5149228497112985, 3.0752294646091043, 5.317683655502647, 4.88749886751905, 4.641935874180082, 5.030531109137483, 7.06693744559834, 7.017663201522283, 6.788970284954854], [2.13371747895545, 1.0970658412328769, 2.14061136127042, 3.7362164832889433, 4.929079550991239, 5.3154794308698055, 6.652305487573463, 3.0612198516277784, 2.5090806045242946, 2.429567681708003, 1.7566001337811632, 0.0, 2.398508538654803, 2.5131134654050142, 5.86844915884938, 4.9047006198136085, 4.6839551588374535, 5.636205002481724, 7.393417735391394, 7.140360336845753, 6.687399618685876], [3.477945435167148, 2.145899561955312, 1.0940993602045475, 2.405115868310714, 3.0135639283081423, 2.995694385280314, 4.348987848913813, 3.886209437228004, 3.749053364517502, 4.283420993785224, 2.5149228497112985, 2.398508538654803, 0.0, 1.7746134565025704, 4.047692149855273, 3.2203107582964727, 2.3150342459670012, 3.332948973506795, 5.134441046501556, 4.772972676435514, 4.533970001003536], [2.7625582582092276, 2.162757307235373, 1.0948802902600814, 2.4185255301526176, 2.8487735659402627, 3.50934303395949, 4.626327488408057, 3.1812307728299123, 2.546536913143024, 3.747055266472594, 3.0752294646091043, 2.5131134654050142, 1.7746134565025704, 0.0, 3.8209182168688196, 2.5017568506951267, 3.080949658790289, 4.194289424920507, 5.308862946055398, 5.327524589337904, 4.4713795063716075], [5.44160234949229, 5.038621367993431, 3.74531849246496, 2.386254517020345, 1.0953656056312888, 2.157459554661454, 2.731139397760576, 5.017940853577291, 5.507332760057268, 6.50002626840846, 5.317683655502647, 5.86844915884938, 4.047692149855273, 3.8209182168688196, 0.0, 1.762710044221681, 3.0721478707900762, 2.5196318104040523, 2.5392301668025294, 3.738699689731712, 3.084563588256854], [4.701418178592498, 4.286951992966565, 2.8696633408816443, 2.4163517955794434, 1.0951298416169655, 2.1760580392075943, 2.7830362645858573, 4.585084358002588, 4.497748980323379, 5.792134301792388, 4.88749886751905, 4.9047006198136085, 3.2203107582964727, 2.5017568506951267, 1.762710044221681, 0.0, 2.5230908227806625, 3.0825260517958317, 3.148609791638208, 3.783444064605687, 2.593688360231429], [5.450009017423732, 4.341902339988775, 2.9086960463410403, 3.0225664227606313, 2.1713211531231393, 1.0952790009855935, 2.1371735048891094, 5.59757791459842, 5.544336715063399, 6.3998955030531555, 4.641935874180082, 4.6839551588374535, 2.3150342459670012, 3.080949658790289, 3.0721478707900762, 2.5230908227806625, 0.0, 1.7674700393500309, 3.0586668174222567, 2.459598595299647, 2.494696167872953], [6.047412421027691, 5.031623524271267, 3.7320485996299673, 2.949548667169267, 2.166723334899959, 1.0965715161356326, 2.142400991878038, 5.902726364147334, 6.347140372640265, 6.990616421317937, 5.030531109137483, 5.636205002481724, 3.332948973506795, 4.194289424920507, 2.5196318104040523, 3.0825260517958317, 1.7674700393500309, 0.0, 2.497431068117797, 2.4686348717459206, 3.062657599210202], [7.529112692077335, 6.797982369056278, 5.318066047916291, 4.456433805185487, 2.7744019553770505, 2.1704172709412353, 1.094774648044062, 7.3117892317817805, 7.528242781021345, 8.587244126610118, 7.06693744559834, 7.393417735391394, 5.134441046501556, 5.308862946055398, 2.5392301668025294, 3.148609791638208, 3.0586668174222567, 2.497431068117797, 0.0, 1.7718642527010922, 1.775071178854527], [7.774131988846086, 6.7668391380318775, 5.296423179845054, 4.943932098036946, 3.4646699958293286, 2.1605804960704424, 1.0945452845816839, 7.7815182053375676, 7.79550108075164, 8.772763157637394, 7.017663201522283, 7.140360336845753, 4.772972676435514, 5.327524589337904, 3.738699689731712, 3.783444064605687, 2.459598595299647, 2.4686348717459206, 1.7718642527010922, 0.0, 1.772172294106868], [7.04837335702359, 6.296188720170322, 4.768266991266323, 4.498792961450882, 2.7722453679283148, 2.169938542908531, 1.0947547579252626, 7.0583120715933205, 6.853868687099279, 8.103806269895648, 6.788970284954854, 6.687399618685876, 4.533970001003536, 4.4713795063716075, 3.084563588256854, 2.593688360231429, 2.494696167872953, 3.062657599210202, 1.775071178854527, 1.772172294106868, 0.0]]}