{"total energy": -49.83608781, "HOMO-LUMO gap/eV": 3.22886435, "electronic energy": -50.43221546, "dipole": [-0.29896137, 1.92005262, -0.26424402], "partial charges": [-0.10962762, 0.00351576, -0.08381371, 0.00176426, -0.10890599, 0.25290301, -0.32311518, 0.28169693, -0.12998031, -0.33241463, 0.2608622, -0.19899502, 0.0609117, -0.1149267, -0.11477958, -0.34832413, 0.04584133, 0.05376348, 0.04085128, 0.04743505, 0.06280667, 0.06406394, 0.04833777, 0.04460475, 0.04110613, 0.04878352, 0.18833799, 0.03504526, 0.0422416, 0.05707664, 0.04869971, 0.0374996, 0.04805411, 0.04868019], "atomic dipole moments": [[0.03858361, 0.03399301, 0.11898635], [0.14133491, 0.05645769, -0.08816305], [-0.02859126, 0.01696066, 0.03868673], [0.00771676, -0.16049066, 0.07510406], [-0.00885209, -0.03387364, -0.12043565], [-0.00798401, -0.02117253, -0.00040839], [0.23866485, 0.15253108, 0.01344788], [0.00078339, -0.12257667, -0.00438468], [0.01277361, 0.20232521, 0.0175071], [-0.22631093, 0.16049608, 0.00534286], [0.02540405, -0.01732693, 0.00033661], [-0.06116184, 0.0278707, -0.14708082], [0.02968685, -0.10869879, 0.09463774], [0.02815767, -0.09158973, -0.09228971], [-0.11435144, -0.01239781, 0.03839184], [-0.01987774, -0.29828816, -0.00870032], [-0.11360911, -0.05455934, 0.00435632], [0.07983495, -0.08339023, -0.06177874], [-0.01013849, 0.10069985, -0.07568313], [-0.08979067, 0.067566, 0.04965501], [-0.00622455, -0.10466465, 0.07853705], [0.09381925, 0.06104231, -0.06735535], [-0.0973117, 0.05691887, -0.04692739], [0.00140969, 0.1249988, 0.01229172], [-0.09789365, -0.04275278, 0.06860197], [0.10673622, -0.04451393, 0.05999218], [0.06832393, -0.10181784, -0.04951735], [-0.07400404, 0.01411413, -0.10305411], [0.01409607, 0.11492862, -0.04911308], [-0.1201906, -0.00276166, 0.04777714], [0.07580733, -0.00400591, 0.103904], [0.02794064, -0.08811144, -0.08592691], [0.01834025, 0.1139971, -0.05703045], [0.09032694, -0.01177069, 0.0908196]], "atomic quadrupole moments": [[-0.08004114, 0.04849356, -0.11182125, 0.11513117, 0.08247249, 0.19186239], [0.15439508, 0.17972055, -0.13189642, 0.067747, 0.07843161, -0.02249866], [-0.00402397, 0.04588852, 0.03842703, 0.0075845, 0.02186735, -0.03440306], [-0.2177462, -0.00714686, 0.2094429, 0.02466647, 0.11541967, 0.0083033], [-0.14105465, 0.00971646, -0.07800247, 0.0189758, 0.10104468, 0.21905711], [-0.22281661, -0.04379835, -0.20536641, -0.03084242, -0.02517986, 0.42818302], [-0.13803261, -0.01412775, -0.05645074, -0.01414101, -0.00928885, 0.19448336], [-0.49736973, 0.03287251, 0.13917377, -0.03143232, -0.00701454, 0.35819597], [-0.24442592, 0.02287529, 0.43783292, -0.00124185, 0.02294757, -0.193407], [-0.13539205, 0.03868879, -0.05200451, -0.00800134, -0.01201629, 0.18739656], [-0.20595872, 0.11574048, -0.22989697, -0.03566774, -0.04316571, 0.43585569], [-0.00615738, 0.0704185, 0.04606578, 0.00039373, -0.06614169, -0.0399084], [-0.0443166, 0.05258179, 0.19174486, -0.16304466, -0.04744441, -0.14742825], [-0.11954566, -0.04433265, 0.08198688, -0.05199612, 0.17257421, 0.03755878], [0.19188761, 0.03277057, -0.10128139, -0.13044064, -0.00408872, -0.09060622], [-0.06926003, 0.00330483, -0.11051555, -0.00997129, -0.00558589, 0.17977558], [0.05952175, 0.05457277, -0.02769044, -0.01231522, -0.00286762, -0.03183131], [0.01538257, -0.05662039, 0.00149856, -0.02213894, 0.02362162, -0.01688113], [-0.05320004, -0.00339632, 0.05665957, 0.00373272, -0.047032, -0.00345953], [0.00356279, -0.03053577, 0.02201349, -0.00697105, 0.03376059, -0.02557628], [-0.01461512, -0.00841863, 0.02751586, 0.02725196, -0.02401641, -0.01290074], [0.03048031, 0.01652988, -0.01987235, -0.03091081, 0.01103916, -0.01060796], [0.04038902, -0.02010624, -0.01816986, 0.03148341, 0.0062602, -0.02221916], [-0.05449517, 0.00081526, 0.08750566, 0.00179675, 0.00345526, -0.03301048], [0.04143483, 0.04576078, -0.03032896, -0.0363402, -0.01840001, -0.01110587], [0.04515971, -0.04634132, -0.026839, 0.02771727, -0.0128177, -0.01832071], [0.06043429, -0.01844639, 0.00344527, -0.02804087, -0.01379916, -0.06387956], [0.00381672, 0.00822322, 0.00364825, 0.01619729, 0.00445821, -0.00746496], [-0.04951516, 0.01407926, 0.05574058, -0.01624511, -0.05167308, -0.00622542], [0.0669429, 0.02036787, -0.03801774, -0.03112801, 0.00349646, -0.02892516], [0.01434452, -0.02197723, -0.03835129, 0.05991853, -0.00923006, 0.02400677], [-0.02894319, -0.00547504, 0.02126415, -0.01048536, 0.06683768, 0.00767904], [-0.03279038, 0.00136355, 0.06053289, -0.00744076, -0.04878297, -0.02774252], [0.00450169, -0.00596769, -0.04898993, 0.05197813, -0.00921266, 0.04448823]], "number of molecular orbitals": 87, "number of electrons": 90, "number of unpaired electrons": 0, "orbital energies/eV": [-28.60118155, -18.85183893, -18.25064063, -18.03147186, -17.79755329, -17.66340495, -17.48102942, -17.15315904, -17.09534192, -16.51185147, -16.36984279, -16.32250163, -16.1397487, -15.73528171, -15.63603585, -15.25483753, -15.11357473, -15.08996324, -14.61487192, -14.5833956, -14.29825221, -14.04399782, -13.94448608, -13.75602926, -13.6150951, -13.46399184, -13.22639457, -13.19631251, -13.06459858, -12.8949156, -12.85943207, -12.83417209, -12.59844827, -12.57851224, -12.34887941, -12.25026112, -12.18061189, -12.07360193, -12.01711219, -11.42942634, -11.35354204, -10.75716081, -10.46703823, -10.42879195, -10.15630684, -6.92744249, -6.37797754, -3.60176387, -3.31700427, -0.70564296, 0.33448179, 0.61833524, 0.62041875, 0.67314033, 1.02024463, 1.89125725, 2.19431567, 2.42710963, 2.56582417, 3.15583734, 3.28107832, 3.39439087, 3.73370634, 3.91807304, 4.18344096, 4.20634947, 4.43545382, 4.65880554, 4.75867307, 4.89105872, 5.31292659, 5.4858183, 5.52616938, 5.71954788, 6.21254595, 6.25168515, 6.32260938, 6.76863082, 6.87320636, 7.23343225, 7.31647113, 7.69270344, 8.77509514, 11.78621952, 12.34628491, 12.66222345, 17.44130861], "fractional occupation": [2.0, 2.0, 2.0, 2.0, 2.0, 2.0, 2.0, 2.0, 2.0, 2.0, 2.0, 2.0, 2.0, 2.0, 2.0, 2.0, 2.0, 2.0, 2.0, 2.0, 2.0, 2.0, 2.0, 2.0, 2.0, 2.0, 2.0, 2.0, 2.0, 2.0, 2.0, 2.0, 2.0, 2.0, 2.0, 2.0, 2.0, 2.0, 2.0, 2.0, 2.0, 2.0, 2.0, 2.0, 2.0, 0.0, 0.0, 0.0, 0.0, 0.0, 0.0, 0.0, 0.0, 0.0, 0.0, 0.0, 0.0, 0.0, 0.0, 0.0, 0.0, 0.0, 0.0, 0.0, 0.0, 0.0, 0.0, 0.0, 0.0, 0.0, 0.0, 0.0, 0.0, 0.0, 0.0, 0.0, 0.0, 0.0, 0.0, 0.0, 0.0, 0.0, 0.0, 0.0, 0.0, 0.0, 0.0], "program call": "xtb /home/svss/Project-DBcg-Debug/aqme2_20220329/End-to-End-workflows-final/example-3/QDESCP/mol_246_rdkit_conf_10/mol_246_rdkit_conf_10.xyz --pop --wbo --acc 0.2 --gfn 2 --chrg 0 --uhf 0 --etemp 300 --input /home/svss/Project-DBcg-Debug/aqme2_20220329/End-to-End-workflows-final/example-3/QDESCP/mol_246_rdkit_conf_10/mol_246_rdkit_conf_10_xtb.inp", "method": "GFN2-xTB", "xtb version": "6.3.3 (7355c4f)", "Dipole module/D": 4.985, "Total charge": 0, "Transition dipole module/D": NaN, "HOMO": -10.1563, "LUMO": -6.9274, "HOMO occupancy": 2.0, "LUMO occupancy": 0, "mulliken charges": [-0.09332, 0.10064, -0.27126, 0.10099, -0.09531, 0.43968, -0.42439, 0.41701, -0.10448, -0.42566, 0.44374, -0.3623, 0.13745, -0.09503, -0.10219, -0.44434, 0.03112, 0.04254, 0.02999, 0.02506, 0.03952, 0.03672, 0.02487, 0.03072, 0.03125, 0.04197, 0.22118, 0.02562, 0.02574, 0.0376, 0.03256, 0.03269, 0.03418, 0.03546], "cm5 charges": [-0.23674, 0.05371, -0.52103, 0.05404, -0.23914, 0.66117, -0.60122, 0.57699, -0.08948, -0.60201, 0.66157, -0.70009, 0.12545, -0.2363, -0.24522, -0.62216, 0.0824, 0.09806, 0.08368, 0.08991, 0.10758, 0.10498, 0.08959, 0.08201, 0.08497, 0.0976, 0.4231, 0.09629, 0.07764, 0.0945, 0.08664, 0.08619, 0.08593, 0.08939], "FUKUI+": [0.011, 0.018, -0.06, 0.019, 0.011, -0.023, -0.102, -0.072, -0.184, -0.094, -0.033, -0.054, 0.009, 0.012, 0.013, -0.116, -0.028, 0.0, -0.019, -0.037, -0.015, -0.015, -0.037, -0.03, -0.019, 0.0, -0.038, -0.014, -0.028, 0.001, -0.019, -0.012, -0.028, -0.019], "FUKUI-": [0.007, 0.016, -0.087, 0.015, 0.007, 0.003, -0.091, 0.005, -0.128, -0.085, 0.002, -0.063, 0.007, 0.006, 0.016, -0.095, -0.039, -0.015, -0.026, -0.041, -0.038, -0.028, -0.043, -0.037, -0.026, -0.012, -0.039, -0.04, -0.034, -0.006, -0.03, -0.023, -0.03, -0.029], "FUKUIrad": [0.009, 0.017, -0.073, 0.017, 0.009, -0.01, -0.097, -0.034, -0.156, -0.09, -0.016, -0.058, 0.008, 0.009, 0.014, -0.106, -0.034, -0.007, -0.022, -0.039, -0.026, -0.021, -0.04, -0.033, -0.022, -0.006, -0.038, -0.027, -0.031, -0.003, -0.024, -0.018, -0.029, -0.024], "s proportion": [1.012, 1.001, 1.437, 1.002, 1.012, 0.97, 1.533, 1.007, 1.941, 1.537, 0.976, 1.456, 1.028, 1.014, 1.018, 1.524, 0.969, 0.957, 0.97, 0.975, 0.96, 0.963, 0.975, 0.969, 0.969, 0.958, 0.779, 0.974, 0.974, 0.962, 0.967, 0.967, 0.966, 0.965], "p proportion": [3.082, 2.898, 3.835, 2.897, 3.083, 2.59, 3.892, 2.576, 5.175, 3.889, 2.58, 3.907, 2.835, 3.081, 3.085, 3.92, 0.0, 0.0, 0.0, 0.0, 0.0, 0.0, 0.0, 0.0, 0.0, 0.0, 0.0, 0.0, 0.0, 0.0, 0.0, 0.0, 0.0, 0.0], "d proportion": [0.0, 0.0, 0.0, 0.0, 0.0, 0.0, 0.0, 0.0, -0.012, 0.0, 0.0, 0.0, 0.0, 0.0, 0.0, 0.0, 0.0, 0.0, 0.0, 0.0, 0.0, 0.0, 0.0, 0.0, 0.0, 0.0, 0.0, 0.0, 0.0, 0.0, 0.0, 0.0, 0.0, 0.0], "Fermi-level/eV": -8.5419, "Coordination numbers": [3.75, 3.74, 2.743, 3.74, 3.75, 2.93, 1.908, 2.97, 1.032, 1.913, 2.95, 2.701, 3.792, 3.753, 3.754, 1.846, 0.924, 0.924, 0.924, 0.924, 0.924, 0.924, 0.924, 0.924, 0.924, 0.924, 0.86, 0.924, 0.924, 0.924, 0.924, 0.924, 0.924, 0.924], "Dispersion coefficient C6": [22.66, 20.596, 22.872, 20.627, 22.647, 22.765, 29.226, 22.243, 103.227, 29.472, 22.62, 25.321, 19.567, 22.758, 22.754, 29.906, 2.373, 2.274, 2.438, 2.352, 2.167, 2.152, 2.341, 2.389, 2.434, 2.335, 1.167, 2.516, 2.419, 2.234, 2.336, 2.483, 2.344, 2.337], "Total dispersion C6": 12112.814878, "Total dispersion C8": 284778.398301, "Polarizability alpha": [6.789, 6.475, 7.103, 6.48, 6.787, 7.825, 8.015, 7.736, 15.544, 8.049, 7.801, 7.474, 6.3, 6.803, 6.802, 8.105, 2.409, 2.358, 2.442, 2.399, 2.302, 2.294, 2.393, 2.417, 2.44, 2.39, 1.693, 2.481, 2.432, 2.337, 2.39, 2.464, 2.394, 2.39], "Total polarizability alpha": 166.510682, "Wiberg matrix": [[0.0, 1.0103785103246612, 0.0, 0.0, 0.0, 0.0, 0.0, 0.0, 0.0, 0.0, 0.0, 0.0, 0.0, 0.0, 0.0, 0.0, 0.9841724071747494, 0.9854361888316231, 0.9867423035135359, 0.0, 0.0, 0.0, 0.0, 0.0, 0.0, 0.0, 0.0, 0.0, 0.0, 0.0, 0.0, 0.0, 0.0, 0.0], [1.0103785103246612, 0.0, 0.9851781779225183, 0.0, 0.0, 0.0, 0.0, 0.0, 0.0, 0.0, 0.0, 0.0, 0.0, 0.0, 0.0, 0.0, 0.0, 0.0, 0.0, 0.97122662607421, 0.9674685834179066, 0.0, 0.0, 0.0, 0.0, 0.0, 0.0, 0.0, 0.0, 0.0, 0.0, 0.0, 0.0, 0.0], [0.0, 0.9851781779225183, 0.0, 0.9875383620042596, 0.0, 1.2375546523385372, 0.0, 0.0, 0.0, 0.0, 0.0, 0.0, 0.0, 0.0, 0.0, 0.0, 0.0, 0.0, 0.0, 0.0, 0.0, 0.0, 0.0, 0.0, 0.0, 0.0, 0.0, 0.0, 0.0, 0.0, 0.0, 0.0, 0.0, 0.0], [0.0, 0.0, 0.9875383620042596, 0.0, 1.0091946704707015, 0.0, 0.0, 0.0, 0.0, 0.0, 0.0, 0.0, 0.0, 0.0, 0.0, 0.0, 0.0, 0.0, 0.0, 0.0, 0.0, 0.9677699251844063, 0.9715348870518984, 0.0, 0.0, 0.0, 0.0, 0.0, 0.0, 0.0, 0.0, 0.0, 0.0, 0.0], [0.0, 0.0, 0.0, 1.0091946704707015, 0.0, 0.0, 0.0, 0.0, 0.0, 0.0, 0.0, 0.0, 0.0, 0.0, 0.0, 0.0, 0.0, 0.0, 0.0, 0.0, 0.0, 0.0, 0.0, 0.9842010213640567, 0.986105981956114, 0.9853297305666451, 0.0, 0.0, 0.0, 0.0, 0.0, 0.0, 0.0, 0.0], [0.0, 0.0, 1.2375546523385372, 0.0, 0.0, 0.0, 1.27610333585043, 0.0, 0.0, 0.0, 0.0, 0.0, 0.0, 0.0, 0.0, 1.3065495318052778, 0.0, 0.0, 0.0, 0.0, 0.0, 0.0, 0.0, 0.0, 0.0, 0.0, 0.0, 0.0, 0.0, 0.0, 0.0, 0.0, 0.0, 0.0], [0.0, 0.0, 0.0, 0.0, 0.0, 1.27610333585043, 0.0, 1.4114084246098593, 0.0, 0.0, 0.0, 0.0, 0.0, 0.0, 0.0, 0.0, 0.0, 0.0, 0.0, 0.0, 0.0, 0.0, 0.0, 0.0, 0.0, 0.0, 0.0, 0.0, 0.0, 0.0, 0.0, 0.0, 0.0, 0.0], [0.0, 0.0, 0.0, 0.0, 0.0, 0.0, 1.4114084246098593, 0.0, 0.9968737152631664, 1.396840307682918, 0.0, 0.0, 0.0, 0.0, 0.0, 0.0, 0.0, 0.0, 0.0, 0.0, 0.0, 0.0, 0.0, 0.0, 0.0, 0.0, 0.0, 0.0, 0.0, 0.0, 0.0, 0.0, 0.0, 0.0], [0.0, 0.0, 0.0, 0.0, 0.0, 0.0, 0.0, 0.9968737152631664, 0.0, 0.0, 0.0, 0.0, 0.0, 0.0, 0.0, 0.0, 0.0, 0.0, 0.0, 0.0, 0.0, 0.0, 0.0, 0.0, 0.0, 0.0, 0.0, 0.0, 0.0, 0.0, 0.0, 0.0, 0.0, 0.0], [0.0, 0.0, 0.0, 0.0, 0.0, 0.0, 0.0, 1.396840307682918, 0.0, 0.0, 1.2909202399119972, 0.0, 0.0, 0.0, 0.0, 0.0, 0.0, 0.0, 0.0, 0.0, 0.0, 0.0, 0.0, 0.0, 0.0, 0.0, 0.0, 0.0, 0.0, 0.0, 0.0, 0.0, 0.0, 0.0], [0.0, 0.0, 0.0, 0.0, 0.0, 0.0, 0.0, 0.0, 0.0, 1.2909202399119972, 0.0, 1.1901871892908207, 0.0, 0.0, 0.0, 1.351835721025908, 0.0, 0.0, 0.0, 0.0, 0.0, 0.0, 0.0, 0.0, 0.0, 0.0, 0.0, 0.0, 0.0, 0.0, 0.0, 0.0, 0.0, 0.0], [0.0, 0.0, 0.0, 0.0, 0.0, 0.0, 0.0, 0.0, 0.0, 0.0, 1.1901871892908207, 0.0, 0.9730239268290871, 0.0, 0.0, 0.0, 0.0, 0.0, 0.0, 0.0, 0.0, 0.0, 0.0, 0.0, 0.0, 0.0, 0.929805025561026, 0.0, 0.0, 0.0, 0.0, 0.0, 0.0, 0.0], [0.0, 0.0, 0.0, 0.0, 0.0, 0.0, 0.0, 0.0, 0.0, 0.0, 0.0, 0.9730239268290871, 0.0, 1.0034627977081594, 1.0070370738236913, 0.0, 0.0, 0.0, 0.0, 0.0, 0.0, 0.0, 0.0, 0.0, 0.0, 0.0, 0.0, 0.9614036119342195, 0.0, 0.0, 0.0, 0.0, 0.0, 0.0], [0.0, 0.0, 0.0, 0.0, 0.0, 0.0, 0.0, 0.0, 0.0, 0.0, 0.0, 0.0, 1.0034627977081594, 0.0, 0.0, 0.0, 0.0, 0.0, 0.0, 0.0, 0.0, 0.0, 0.0, 0.0, 0.0, 0.0, 0.0, 0.0, 0.9849444387516937, 0.98242887517078, 0.9855838910398724, 0.0, 0.0, 0.0], [0.0, 0.0, 0.0, 0.0, 0.0, 0.0, 0.0, 0.0, 0.0, 0.0, 0.0, 0.0, 1.0070370738236913, 0.0, 0.0, 0.0, 0.0, 0.0, 0.0, 0.0, 0.0, 0.0, 0.0, 0.0, 0.0, 0.0, 0.0, 0.0, 0.0, 0.0, 0.0, 0.9853646524790362, 0.9841727887285511, 0.9856092300099348], [0.0, 0.0, 0.0, 0.0, 0.0, 1.3065495318052778, 0.0, 0.0, 0.0, 0.0, 1.351835721025908, 0.0, 0.0, 0.0, 0.0, 0.0, 0.0, 0.0, 0.0, 0.0, 0.0, 0.0, 0.0, 0.0, 0.0, 0.0, 0.0, 0.0, 0.0, 0.0, 0.0, 0.0, 0.0, 0.0], [0.9841724071747494, 0.0, 0.0, 0.0, 0.0, 0.0, 0.0, 0.0, 0.0, 0.0, 0.0, 0.0, 0.0, 0.0, 0.0, 0.0, 0.0, 0.0, 0.0, 0.0, 0.0, 0.0, 0.0, 0.0, 0.0, 0.0, 0.0, 0.0, 0.0, 0.0, 0.0, 0.0, 0.0, 0.0], [0.9854361888316231, 0.0, 0.0, 0.0, 0.0, 0.0, 0.0, 0.0, 0.0, 0.0, 0.0, 0.0, 0.0, 0.0, 0.0, 0.0, 0.0, 0.0, 0.0, 0.0, 0.0, 0.0, 0.0, 0.0, 0.0, 0.0, 0.0, 0.0, 0.0, 0.0, 0.0, 0.0, 0.0, 0.0], [0.9867423035135359, 0.0, 0.0, 0.0, 0.0, 0.0, 0.0, 0.0, 0.0, 0.0, 0.0, 0.0, 0.0, 0.0, 0.0, 0.0, 0.0, 0.0, 0.0, 0.0, 0.0, 0.0, 0.0, 0.0, 0.0, 0.0, 0.0, 0.0, 0.0, 0.0, 0.0, 0.0, 0.0, 0.0], [0.0, 0.97122662607421, 0.0, 0.0, 0.0, 0.0, 0.0, 0.0, 0.0, 0.0, 0.0, 0.0, 0.0, 0.0, 0.0, 0.0, 0.0, 0.0, 0.0, 0.0, 0.0, 0.0, 0.0, 0.0, 0.0, 0.0, 0.0, 0.0, 0.0, 0.0, 0.0, 0.0, 0.0, 0.0], [0.0, 0.9674685834179066, 0.0, 0.0, 0.0, 0.0, 0.0, 0.0, 0.0, 0.0, 0.0, 0.0, 0.0, 0.0, 0.0, 0.0, 0.0, 0.0, 0.0, 0.0, 0.0, 0.0, 0.0, 0.0, 0.0, 0.0, 0.0, 0.0, 0.0, 0.0, 0.0, 0.0, 0.0, 0.0], [0.0, 0.0, 0.0, 0.9677699251844063, 0.0, 0.0, 0.0, 0.0, 0.0, 0.0, 0.0, 0.0, 0.0, 0.0, 0.0, 0.0, 0.0, 0.0, 0.0, 0.0, 0.0, 0.0, 0.0, 0.0, 0.0, 0.0, 0.0, 0.0, 0.0, 0.0, 0.0, 0.0, 0.0, 0.0], [0.0, 0.0, 0.0, 0.9715348870518984, 0.0, 0.0, 0.0, 0.0, 0.0, 0.0, 0.0, 0.0, 0.0, 0.0, 0.0, 0.0, 0.0, 0.0, 0.0, 0.0, 0.0, 0.0, 0.0, 0.0, 0.0, 0.0, 0.0, 0.0, 0.0, 0.0, 0.0, 0.0, 0.0, 0.0], [0.0, 0.0, 0.0, 0.0, 0.9842010213640567, 0.0, 0.0, 0.0, 0.0, 0.0, 0.0, 0.0, 0.0, 0.0, 0.0, 0.0, 0.0, 0.0, 0.0, 0.0, 0.0, 0.0, 0.0, 0.0, 0.0, 0.0, 0.0, 0.0, 0.0, 0.0, 0.0, 0.0, 0.0, 0.0], [0.0, 0.0, 0.0, 0.0, 0.986105981956114, 0.0, 0.0, 0.0, 0.0, 0.0, 0.0, 0.0, 0.0, 0.0, 0.0, 0.0, 0.0, 0.0, 0.0, 0.0, 0.0, 0.0, 0.0, 0.0, 0.0, 0.0, 0.0, 0.0, 0.0, 0.0, 0.0, 0.0, 0.0, 0.0], [0.0, 0.0, 0.0, 0.0, 0.9853297305666451, 0.0, 0.0, 0.0, 0.0, 0.0, 0.0, 0.0, 0.0, 0.0, 0.0, 0.0, 0.0, 0.0, 0.0, 0.0, 0.0, 0.0, 0.0, 0.0, 0.0, 0.0, 0.0, 0.0, 0.0, 0.0, 0.0, 0.0, 0.0, 0.0], [0.0, 0.0, 0.0, 0.0, 0.0, 0.0, 0.0, 0.0, 0.0, 0.0, 0.0, 0.929805025561026, 0.0, 0.0, 0.0, 0.0, 0.0, 0.0, 0.0, 0.0, 0.0, 0.0, 0.0, 0.0, 0.0, 0.0, 0.0, 0.0, 0.0, 0.0, 0.0, 0.0, 0.0, 0.0], [0.0, 0.0, 0.0, 0.0, 0.0, 0.0, 0.0, 0.0, 0.0, 0.0, 0.0, 0.0, 0.9614036119342195, 0.0, 0.0, 0.0, 0.0, 0.0, 0.0, 0.0, 0.0, 0.0, 0.0, 0.0, 0.0, 0.0, 0.0, 0.0, 0.0, 0.0, 0.0, 0.0, 0.0, 0.0], [0.0, 0.0, 0.0, 0.0, 0.0, 0.0, 0.0, 0.0, 0.0, 0.0, 0.0, 0.0, 0.0, 0.9849444387516937, 0.0, 0.0, 0.0, 0.0, 0.0, 0.0, 0.0, 0.0, 0.0, 0.0, 0.0, 0.0, 0.0, 0.0, 0.0, 0.0, 0.0, 0.0, 0.0, 0.0], [0.0, 0.0, 0.0, 0.0, 0.0, 0.0, 0.0, 0.0, 0.0, 0.0, 0.0, 0.0, 0.0, 0.98242887517078, 0.0, 0.0, 0.0, 0.0, 0.0, 0.0, 0.0, 0.0, 0.0, 0.0, 0.0, 0.0, 0.0, 0.0, 0.0, 0.0, 0.0, 0.0, 0.0, 0.0], [0.0, 0.0, 0.0, 0.0, 0.0, 0.0, 0.0, 0.0, 0.0, 0.0, 0.0, 0.0, 0.0, 0.9855838910398724, 0.0, 0.0, 0.0, 0.0, 0.0, 0.0, 0.0, 0.0, 0.0, 0.0, 0.0, 0.0, 0.0, 0.0, 0.0, 0.0, 0.0, 0.0, 0.0, 0.0], [0.0, 0.0, 0.0, 0.0, 0.0, 0.0, 0.0, 0.0, 0.0, 0.0, 0.0, 0.0, 0.0, 0.0, 0.9853646524790362, 0.0, 0.0, 0.0, 0.0, 0.0, 0.0, 0.0, 0.0, 0.0, 0.0, 0.0, 0.0, 0.0, 0.0, 0.0, 0.0, 0.0, 0.0, 0.0], [0.0, 0.0, 0.0, 0.0, 0.0, 0.0, 0.0, 0.0, 0.0, 0.0, 0.0, 0.0, 0.0, 0.0, 0.9841727887285511, 0.0, 0.0, 0.0, 0.0, 0.0, 0.0, 0.0, 0.0, 0.0, 0.0, 0.0, 0.0, 0.0, 0.0, 0.0, 0.0, 0.0, 0.0, 0.0], [0.0, 0.0, 0.0, 0.0, 0.0, 0.0, 0.0, 0.0, 0.0, 0.0, 0.0, 0.0, 0.0, 0.0, 0.9856092300099348, 0.0, 0.0, 0.0, 0.0, 0.0, 0.0, 0.0, 0.0, 0.0, 0.0, 0.0, 0.0, 0.0, 0.0, 0.0, 0.0, 0.0, 0.0, 0.0]], "Born radii": [], "Atomic SASAs": [], "Solvent H bonds": [], "Total SASA": NaN, "Total FOD": 0.0, "FOD": [0.0, 0.0, 0.0, 0.0, 0.0, 0.0, 0.0, 0.0, 0.0, 0.0, 0.0, 0.0, 0.0, 0.0, 0.0, 0.0, 0.0, 0.0, 0.0, 0.0, 0.0, 0.0, 0.0, 0.0, 0.0, 0.0, 0.0, 0.0, 0.0, 0.0, 0.0, 0.0, 0.0, 0.0], "FOD s proportion": [0.0, 0.0, 0.0, 0.0, 0.0, 0.0, 0.0, 0.0, 0.0, 0.0, 0.0, 0.0, 0.0, 0.0, 0.0, 0.0, 0.0, 0.0, 0.0, 0.0, 0.0, 0.0, 0.0, 0.0, 0.0, 0.0, 0.0, 0.0, 0.0, 0.0, 0.0, 0.0, 0.0, 0.0], "FOD p proportion": [0.0, 0.0, 0.0, 0.0, 0.0, 0.0, 0.0, 0.0, 0.0, 0.0, 0.0, 0.0, 0.0, 0.0, 0.0, 0.0, 0.0, 0.0, 0.0, 0.0, 0.0, 0.0, 0.0, 0.0, 0.0, 0.0, 0.0, 0.0, 0.0, 0.0, 0.0, 0.0, 0.0, 0.0], "FOD d proportion": [0.0, 0.0, 0.0, 0.0, 0.0, 0.0, 0.0, 0.0, 0.0, 0.0, 0.0, 0.0, 0.0, 0.0, 0.0, 0.0, 0.0, 0.0, 0.0, 0.0, 0.0, 0.0, 0.0, 0.0, 0.0, 0.0, 0.0, 0.0, 0.0, 0.0, 0.0, 0.0, 0.0, 0.0], "coordinates": [["-3.75290", "-1.31260", "-1.13740"], ["-3.27790", "-0.94600", "0.26090"], ["-1.98830", "-0.27110", "0.20320"], ["-1.93160", "1.17560", "0.36090"], ["-1.84580", "1.56970", "1.82850"], ["-0.82300", "-1.01110", "0.22940"], ["-0.90230", "-2.33070", "0.18570"], ["0.26850", "-2.94630", "0.20850"], ["0.21190", "-4.65470", "0.14590"], ["1.47650", "-2.41120", "0.26210"], ["1.45480", "-1.09520", "0.30600"], ["2.69870", "-0.48190", "0.38090"], ["2.82500", "0.82590", "-0.25260"], ["2.53720", "1.92940", "0.76550"], ["4.25180", "0.97770", "-0.78530"], ["0.34290", "-0.36890", "0.28330"], ["-4.73830", "-1.78640", "-1.09080"], ["-3.06420", "-2.00950", "-1.62560"], ["-3.83180", "-0.42230", "-1.77030"], ["-4.02540", "-0.28580", "0.71810"], ["-3.24550", "-1.83710", "0.89970"], ["-1.09350", "1.61030", "-0.19760"], ["-2.83380", "1.62490", "-0.07290"], ["-1.83510", "2.65970", "1.92680"], ["-2.70310", "1.18600", "2.39140"], ["-0.93710", "1.17900", "2.29730"], ["3.37700", "-1.18170", "0.09700"], ["2.14370", "0.92420", "-1.10790"], ["2.66620", "2.91830", "0.31290"], ["1.51280", "1.87040", "1.14590"], ["3.21060", "1.86000", "1.62750"], ["4.47250", "0.20370", "-1.52870"], ["4.38840", "1.95310", "-1.26400"], ["4.99120", "0.88450", "0.01830"]], "bond_dist": [[0.0, 1.5215989780490784, 2.448620789342441, 3.428290509860563, 4.55425586786689, 3.247053818463747, 3.3034893037514137, 4.544456013650039, 5.341921970601967, 5.523780097903971, 5.408401391354011, 6.679703581746723, 6.973150055749553, 7.3278203048382675, 8.33334690205562, 4.436725799505757, 1.094381633617816, 1.0946764544832412, 1.0951811311376762, 2.138096054904924, 2.16386954782399, 4.061893254382739, 3.256809989852033, 5.370888731858071, 4.4494394523355405, 5.0925400626799195, 7.237150833028147, 6.306666001145137, 7.82360081484223, 6.562967650384999, 8.136362517734813, 8.37314078109284, 8.772775486697467, 9.089674125621885], [1.5215989780490784, 0.0, 1.456669990080114, 2.514698838827425, 3.291963951807492, 2.45596503843194, 2.7507316281309597, 4.071964981430955, 5.09375939066619, 4.97505093843269, 4.735265984081569, 5.9957932227520985, 6.37563332305113, 6.50676066334086, 7.8416540487323205, 3.666570442525276, 2.1601234247144303, 2.1761392855237918, 2.169525372057216, 1.0971108102648521, 1.0968930713611058, 3.3935962193519726, 2.6302422055772734, 4.225868802980045, 3.068362639910739, 3.7605710470618687, 6.661089378622688, 5.896185889199899, 7.089981897014971, 5.627267582939343, 7.2001294300866565, 8.036988142955046, 8.336801335644264, 8.472756329554155], [2.448620789342441, 1.456669990080114, 0.0, 1.4563739457982623, 2.4597664482629242, 1.3806558332908314, 2.328444633226223, 3.4999813385216783, 4.905110833610185, 4.072878129775061, 3.5418422127474853, 4.695102014866131, 4.957723220390585, 5.063450581372351, 6.440146093063417, 2.334625085533007, 3.3960374099824047, 2.743010173149199, 2.7048208702241263, 2.101217387611287, 2.1255634758811603, 2.121549820296474, 2.094258212351094, 3.403506403696047, 2.724389599525002, 2.7555518975334143, 5.443061169048167, 4.496793224065344, 5.643463183188139, 4.210986434316786, 5.79644536849956, 6.7057325692276155, 6.91100892562005, 7.076935750732798], [3.428290509860563, 2.514698838827425, 1.4563739457982623, 0.0, 1.5220138665596974, 2.455186978623013, 3.658455031840627, 4.674796827670695, 6.215562351066876, 4.948741384433015, 4.077652708360534, 4.918067134556014, 4.808733294746133, 4.54995483933632, 6.291849840070884, 2.750427650384572, 4.331101682020407, 3.9209472095400626, 3.2720112912396866, 2.578231998870544, 3.3306155497144965, 1.096949383517763, 1.0972774352915493, 2.1596082677189394, 2.1721534614294633, 2.176852491557478, 5.814442403188805, 4.3391987152007685, 4.917221993158331, 3.6003976724800832, 5.339934434054411, 6.74741984613378, 6.571697365216996, 6.937382345669007], [4.55425586786689, 3.291963951807492, 2.4597664482629242, 1.5220138665596974, 0.0, 3.203711798835844, 4.336139325482981, 5.2429877445975395, 6.7681923295662925, 5.416534968039993, 4.507067629845374, 5.192021626495792, 5.16726119815904, 4.524383061810748, 6.660566057025484, 3.3069957196827455, 5.305871836936885, 5.1211305402225396, 4.567671336687875, 3.0702645765471095, 3.7984359636566207, 2.161639391758024, 2.143481513799454, 1.0944758471524165, 1.095009310462701, 1.094602950845648, 6.151904912301554, 4.995520539443312, 4.947111209584842, 3.440429800184855, 5.068713451162928, 7.284069105246051, 6.96963424076185, 7.105694341864137], [3.247053818463747, 2.45596503843194, 1.3806558332908314, 2.455186978623013, 3.203711798835844, 0.0, 1.3227026650007174, 2.2218929092105224, 3.788642398010137, 2.6924059036482593, 2.280638772361814, 3.564460096564415, 4.1127602653206035, 4.497208856613177, 5.5442345341805295, 1.332159472435639, 4.203997171740247, 3.0758421610999482, 3.6603774354566223, 3.3196767222125714, 2.6457672497784075, 2.669688597945461, 3.3291437232417587, 4.168966995551775, 3.610577297330719, 3.014260644005425, 4.205548016608536, 3.7861677551318302, 5.255632526157056, 3.8208606543552457, 5.144689279247095, 5.710426857950289, 6.1786256691921375, 6.119050923958714], [3.3034893037514137, 2.7507316281309597, 2.328444633226223, 3.658455031840627, 4.336139325482981, 1.3227026650007174, 0.0, 1.3229723504291389, 2.5775961049008433, 2.3813875472085595, 2.66399188249514, 4.052575166483652, 4.903977542770766, 5.505885968670256, 6.201056230191758, 2.325662924845301, 4.079290470167575, 2.8386244450437608, 4.0062322461385085, 3.7707849819367856, 2.49880435408617, 3.9642095466814067, 4.4095734000014115, 5.367088336332839, 4.524949946684494, 4.096102988207206, 4.431757797984903, 4.641755160496943, 6.348415006125545, 4.940033730654074, 6.046213702806079, 6.1847251968054335, 6.960178088238835, 6.715569674271872], [4.544456013650039, 4.071964981430955, 3.4999813385216783, 4.674796827670695, 5.2429877445975395, 2.2218929092105224, 1.3229723504291389, 0.0, 1.710483229967485, 1.3222968539628308, 2.20076921779636, 3.465380377390049, 4.580152650294529, 5.406449775962041, 5.679092650239121, 2.5795583265357656, 5.301093730542783, 3.9177042180338217, 5.20563978104517, 5.076960667564799, 3.749170318883899, 4.773108501804667, 5.531665272772748, 6.229359826659558, 5.538173187974532, 4.778562219956961, 3.5761736059649003, 4.497783259562426, 6.336670877519204, 5.062370999837921, 5.811198938257062, 5.5329901355415405, 6.568557879778482, 6.084003613575521], [5.341921970601967, 5.09375939066619, 4.905110833610185, 6.215562351066876, 6.7681923295662925, 3.788642398010137, 2.5775961049008433, 1.710483229967485, 0.0, 2.577985230756763, 3.773655080952683, 4.86329714082946, 6.084740768512657, 7.01008538179101, 6.993701109569955, 4.29000249417177, 5.853294099906479, 4.568164456321598, 6.159264719915844, 6.113052538625855, 4.523350413134052, 6.408766371931498, 6.982659814855654, 7.8014268675672405, 6.9031349211789275, 6.323035556597796, 4.699146541660517, 6.035560528235965, 7.962525132770383, 6.7282442598348045, 7.323158904461927, 6.675406210860879, 7.9431726092286326, 7.317152922414564], [5.523780097903971, 4.97505093843269, 4.072878129775061, 4.948741384433015, 5.416534968039993, 2.6924059036482593, 2.3813875472085595, 1.3222968539628308, 2.577985230756763, 0.0, 1.3169108170259671, 2.2869378587972173, 3.5443172473693716, 4.496588085426549, 4.503773979675269, 2.3359126032452497, 6.390966475424511, 4.933835290116605, 6.021994840582313, 5.915755638124347, 4.79931334359406, 4.794651847631901, 5.914474980926034, 6.281078526813687, 5.911245426304003, 4.780903684451299, 2.2695436788041774, 3.667008181065322, 5.460909904036139, 4.372015403678263, 4.807761371990087, 4.361270760913612, 5.463996459552294, 4.824333427531726], [5.408401391354011, 4.735265984081569, 3.5418422127474853, 4.077652708360534, 4.507067629845374, 2.280638772361814, 2.66399188249514, 2.20076921779636, 3.773655080952683, 1.3169108170259671, 0.0, 1.3888967240223442, 2.4248932368250773, 3.245140238880286, 3.6484324168058806, 1.3282878415464023, 6.386180023300313, 4.99883827003835, 5.719436655825467, 5.554956958429111, 4.795384801035262, 3.7506234281783075, 5.0926023975959485, 5.248781635770343, 5.180820302809199, 3.8546656067679854, 1.9354627586187234, 2.559623562166906, 4.19234061354752, 3.082787597289181, 3.6827167865585317, 3.762948124808526, 4.512542725559505, 4.063017147391824], [6.679703581746723, 5.9957932227520985, 4.695102014866131, 4.918067134556014, 5.192021626495792, 3.564460096564415, 4.052575166483652, 3.465380377390049, 4.86329714082946, 2.2869378587972173, 1.3888967240223442, 0.0, 1.458634560128067, 2.4471140349399327, 2.4295213952546293, 2.360527144516665, 7.692632198409072, 6.290518295021484, 6.875946760265091, 6.735404951448725, 6.118760832063956, 4.369524451241806, 5.937431846345691, 5.728420359051874, 6.00028698480331, 4.432856800078252, 1.015091197873373, 2.121713376024198, 3.401035179177069, 2.743154953698387, 2.7019527716079716, 2.6949927569475953, 3.3896912986288292, 2.6933406709883547], [6.973150055749553, 6.37563332305113, 4.957723220390585, 4.808733294746133, 5.16726119815904, 4.1127602653206035, 4.903977542770766, 4.580152650294529, 6.084740768512657, 3.5443172473693716, 2.4248932368250773, 1.458634560128067, 0.0, 1.528747428452457, 1.5305459058780302, 2.80634214948926, 8.045507903171806, 6.678869575010431, 6.9407782539136065, 7.007575582182471, 6.728323308224717, 3.996617395998771, 5.7177539759944205, 5.46160588197281, 6.138427943700244, 4.558515770511275, 2.111251268797724, 1.0978937425816766, 2.1732798830339366, 2.1837241904599582, 2.180097745515095, 2.1748150036267453, 2.1766325734951226, 2.1838597047429578], [7.3278203048382675, 6.50676066334086, 5.063450581372351, 4.54995483933632, 4.524383061810748, 4.497208856613177, 5.505885968670256, 5.406449775962041, 7.01008538179101, 4.496588085426549, 3.245140238880286, 2.4471140349399327, 1.528747428452457, 0.0, 2.500113335431016, 3.213977632156142, 8.377703717606632, 7.253135486119089, 7.247408883870151, 6.926548675928005, 6.902474279560917, 3.7697969321967464, 5.44456387693266, 4.582462555220719, 5.536870818431653, 3.8704356201854075, 3.291063581883522, 2.1621509776146532, 1.0951762278281973, 1.0943402213205908, 1.0960510572049096, 3.462192978445887, 2.7470663224611087, 2.769880836787027], [8.33334690205562, 7.8416540487323205, 6.440146093063417, 6.291849840070884, 6.660566057025484, 5.5442345341805295, 6.201056230191758, 5.679092650239121, 6.993701109569955, 4.503773979675269, 3.6484324168058806, 2.4295213952546293, 1.5305459058780302, 2.500113335431016, 0.0, 4.270215068354286, 9.410391972176292, 7.9469065635629565, 8.262857493627735, 8.50697852648048, 8.183631915598355, 5.414591964312731, 7.150671923672628, 6.872769603296767, 7.64888526453365, 6.038843238568128, 2.491332312237771, 2.1333116556190284, 2.736073639359877, 3.4682225606209305, 2.772030766423778, 1.0956404747908868, 1.0950883115073415, 1.0959797260898578], [4.436725799505757, 3.666570442525276, 2.334625085533007, 2.750427650384572, 3.3069957196827455, 1.332159472435639, 2.325662924845301, 2.5795583265357656, 4.29000249417177, 2.3359126032452497, 1.3282878415464023, 2.360527144516665, 2.80634214948926, 3.213977632156142, 4.270215068354286, 0.0, 5.4512430233846665, 4.236012037282236, 4.652767414131078, 4.390672105725956, 3.925834275666766, 2.4923367368796696, 3.7674314552490538, 4.076419287806395, 4.017451383651083, 2.8443963173228863, 3.1466036197779976, 2.617331788291274, 4.025454370626997, 2.6696833632474095, 3.872799005887086, 4.545856456158729, 4.914457400364764, 4.821610669682902], [1.094381633617816, 2.1601234247144303, 3.3960374099824047, 4.331101682020407, 5.305871836936885, 4.203997171740247, 4.079290470167575, 5.301093730542783, 5.853294099906479, 6.390966475424511, 6.386180023300313, 7.692632198409072, 8.045507903171806, 8.377703717606632, 9.410391972176292, 5.4512430233846665, 0.0, 1.771551709660206, 1.7731980459046304, 2.456042747999309, 2.48859650807438, 5.061614778902085, 4.037351650525379, 6.107559677154207, 5.010281193705598, 5.892532580308742, 8.224027299322394, 7.396591699560007, 8.884323048493902, 7.579661228577435, 9.158078349741281, 9.433508947364176, 9.864609033306895, 10.150220680852215], [1.0946764544832412, 2.1761392855237918, 2.743010173149199, 3.9209472095400626, 5.1211305402225396, 3.0758421610999482, 2.8386244450437608, 3.9177042180338217, 4.568164456321598, 4.933835290116605, 4.99883827003835, 6.290518295021484, 6.678869575010431, 7.253135486119089, 7.9469065635629565, 4.236012037282236, 1.771551709660206, 0.0, 1.7689973685678564, 3.063980551504856, 2.5376626135087386, 4.361856775502837, 3.958891866419188, 5.994302395608684, 5.145668320053285, 5.484544745920121, 6.718754426231101, 5.999735943356175, 7.8024662286997435, 6.60936950548235, 8.057841205931028, 7.855538857392279, 8.448325282563403, 8.715911448035714], [1.0951811311376762, 2.169525372057216, 2.7048208702241263, 3.2720112912396866, 4.567671336687875, 3.6603774354566223, 4.0062322461385085, 5.20563978104517, 6.159264719915844, 6.021994840582313, 5.719436655825467, 6.875946760265091, 6.9407782539136065, 7.247408883870151, 8.262857493627735, 4.652767414131078, 1.7731980459046304, 1.7689973685678564, 0.0, 2.4996495294340764, 3.078036180749018, 3.7554140836930348, 2.840457463156243, 5.21095800213358, 4.6022102809411045, 5.242978117444321, 7.48533867570466, 6.161041816121686, 7.597587419701072, 6.505800864613057, 8.145510167570844, 8.331365137238913, 8.57149653736149, 9.096820609421734], [2.138096054904924, 1.0971108102648521, 2.101217387611287, 2.578231998870544, 3.0702645765471095, 3.3196767222125714, 3.7707849819367856, 5.076960667564799, 6.113052538625855, 5.915755638124347, 5.554956958429111, 6.735404951448725, 7.007575582182471, 6.926548675928005, 8.50697852648048, 4.390672105725956, 2.456042747999309, 3.063980551504856, 2.4996495294340764, 0.0, 1.7457818477690734, 3.6096730198177234, 2.3867061088454107, 3.8644973838780126, 2.59125556825258, 3.7652501337892548, 7.482240826116199, 6.546462465331945, 7.43020554291737, 5.958512441876747, 7.602049855137758, 8.803523436670117, 8.929357427049272, 9.119122638170845], [2.16386954782399, 1.0968930713611058, 2.1255634758811603, 3.3306155497144965, 3.7984359636566207, 2.6457672497784075, 2.49880435408617, 3.749170318883899, 4.523350413134052, 4.79931334359406, 4.795384801035262, 6.118760832063956, 6.728323308224717, 6.902474279560917, 8.183631915598355, 3.925834275666766, 2.48859650807438, 2.5376626135087386, 3.078036180749018, 1.7457818477690734, 0.0, 4.20948192180463, 3.6195153888331513, 4.823419203220886, 3.4144546065221015, 4.047079876898898, 6.703087549778832, 6.379554223454801, 7.60962287436112, 6.037183911394451, 7.475257083204563, 8.344430190252657, 8.793386318137058, 8.719357740682508], [4.061893254382739, 3.3935962193519726, 2.121549820296474, 1.096949383517763, 2.161639391758024, 2.669688597945461, 3.9642095466814067, 4.773108501804667, 6.408766371931498, 4.794651847631901, 3.7506234281783075, 4.369524451241806, 3.996617395998771, 3.7697969321967464, 5.414591964312731, 2.4923367368796696, 5.061614778902085, 4.361856775502837, 3.7554140836930348, 3.6096730198177234, 4.20948192180463, 0.0, 1.74482301108164, 2.482798074753563, 3.0779479608986247, 2.5367314915063437, 5.278960447853345, 3.4320319258421823, 4.013330081117176, 2.943712613350699, 4.681732255266207, 5.8932764036654515, 5.5951718838655875, 6.1316370195894665], [3.256809989852033, 2.6302422055772734, 2.094258212351094, 1.0972774352915493, 2.143481513799454, 3.3291437232417587, 4.4095734000014115, 5.531665272772748, 6.982659814855654, 5.914474980926034, 5.0926023975959485, 5.937431846345691, 5.7177539759944205, 5.44456387693266, 7.150671923672628, 3.7674314552490538, 4.037351650525379, 3.958891866419188, 2.840457463156243, 2.3867061088454107, 3.6195153888331513, 1.74482301108164, 0.0, 2.463130694867814, 2.506489614979484, 3.0682479919328554, 6.81761734112439, 5.132028033828342, 5.663190372925847, 4.520915311084693, 6.283422915099699, 7.584272065926961, 7.327114526878913, 7.860479285641557], [5.370888731858071, 4.225868802980045, 3.403506403696047, 2.1596082677189394, 1.0944758471524165, 4.168966995551775, 5.367088336332839, 6.229359826659558, 7.8014268675672405, 6.281078526813687, 5.248781635770343, 5.728420359051874, 5.46160588197281, 4.582462555220719, 6.872769603296767, 4.076419287806395, 6.107559677154207, 5.994302395608684, 5.21095800213358, 3.8644973838780126, 4.823419203220886, 2.482798074753563, 2.463130694867814, 0.0, 1.7723060824812402, 1.7709169206939097, 6.72833622896478, 5.296434062650077, 4.78886717919802, 3.527213306563696, 5.117439698716537, 7.599883815559288, 7.029398299285651, 7.306988365941197], [4.4494394523355405, 3.068362639910739, 2.724389599525002, 2.1721534614294633, 1.095009310462701, 3.610577297330719, 4.524949946684494, 5.538173187974532, 6.9031349211789275, 5.911245426304003, 5.180820302809199, 6.00028698480331, 6.138427943700244, 5.536870818431653, 7.64888526453365, 4.017451383651083, 5.010281193705598, 5.145668320053285, 4.6022102809411045, 2.59125556825258, 3.4144546065221015, 3.0779479608986247, 2.506489614979484, 1.7723060824812402, 0.0, 1.768519100829844, 6.916494101783071, 5.9837371240722135, 6.01252093800928, 4.448987122930341, 6.000805520928004, 8.235370827109122, 8.014971230141754, 8.057590108090633], [5.0925400626799195, 3.7605710470618687, 2.7555518975334143, 2.176852491557478, 1.094602950845648, 3.014260644005425, 4.096102988207206, 4.778562219956961, 6.323035556597796, 4.780903684451299, 3.8546656067679854, 4.432856800078252, 4.558515770511275, 3.8704356201854075, 6.038843238568128, 2.8443963173228863, 5.892532580308742, 5.484544745920121, 5.242978117444321, 3.7652501337892548, 4.047079876898898, 2.5367314915063437, 3.0682479919328554, 1.7709169206939097, 1.768519100829844, 0.0, 5.387548922283676, 4.5990910754191425, 4.46618167342082, 2.7938800851146066, 4.256266947690194, 6.6972575170736866, 6.453141773585949, 6.358090290330895], [7.237150833028147, 6.661089378622688, 5.443061169048167, 5.814442403188805, 6.151904912301554, 4.205548016608536, 4.431757797984903, 3.5761736059649003, 4.699146541660517, 2.2695436788041774, 1.9354627586187234, 1.015091197873373, 2.111251268797724, 3.291063581883522, 2.491332312237771, 3.1466036197779976, 8.224027299322394, 6.718754426231101, 7.48533867570466, 7.482240826116199, 6.703087549778832, 5.278960447853345, 6.81761734112439, 6.72833622896478, 6.916494101783071, 5.387548922283676, 0.0, 2.721695741628737, 4.166755266391344, 3.7270292808079737, 3.4091139758007505, 2.4004903457418862, 3.5640176767238407, 2.623169413133662], [6.306666001145137, 5.896185889199899, 4.496793224065344, 4.3391987152007685, 4.995520539443312, 3.7861677551318302, 4.641755160496943, 4.497783259562426, 6.035560528235965, 3.667008181065322, 2.559623562166906, 2.121713376024198, 1.0978937425816766, 2.1621509776146532, 2.1333116556190284, 2.617331788291274, 7.396591699560007, 5.999735943356175, 6.161041816121686, 6.546462465331945, 6.379554223454801, 3.4320319258421823, 5.132028033828342, 5.296434062650077, 5.9837371240722135, 4.5990910754191425, 2.721695741628737, 0.0, 2.5036201189477607, 2.5244689916891434, 3.081624638076481, 2.4737627877385497, 2.474203005009896, 3.062377961650064], [7.82360081484223, 7.089981897014971, 5.643463183188139, 4.917221993158331, 4.947111209584842, 5.255632526157056, 6.348415006125545, 6.336670877519204, 7.962525132770383, 5.460909904036139, 4.19234061354752, 3.401035179177069, 2.1732798830339366, 1.0951762278281973, 2.736073639359877, 4.025454370626997, 8.884323048493902, 7.8024662286997435, 7.597587419701072, 7.43020554291737, 7.60962287436112, 4.013330081117176, 5.663190372925847, 4.78886717919802, 6.01252093800928, 4.46618167342082, 4.166755266391344, 2.5036201189477607, 0.0, 1.7670073485981883, 1.7732860485550546, 3.744764800357961, 2.5266969525449623, 3.10302378334424], [6.562967650384999, 5.627267582939343, 4.210986434316786, 3.6003976724800832, 3.440429800184855, 3.8208606543552457, 4.940033730654074, 5.062370999837921, 6.7282442598348045, 4.372015403678263, 3.082787597289181, 2.743154953698387, 2.1837241904599582, 1.0943402213205908, 3.4682225606209305, 2.6696833632474095, 7.579661228577435, 6.60936950548235, 6.505800864613057, 5.958512441876747, 6.037183911394451, 2.943712613350699, 4.520915311084693, 3.527213306563696, 4.448987122930341, 2.7938800851146066, 3.7270292808079737, 2.5244689916891434, 1.7670073485981883, 0.0, 1.7648148798103442, 4.323331833204572, 3.752803306862751, 3.787181951002619], [8.136362517734813, 7.2001294300866565, 5.79644536849956, 5.339934434054411, 5.068713451162928, 5.144689279247095, 6.046213702806079, 5.811198938257062, 7.323158904461927, 4.807761371990087, 3.6827167865585317, 2.7019527716079716, 2.180097745515095, 1.0960510572049096, 2.772030766423778, 3.872799005887086, 9.158078349741281, 8.057841205931028, 8.145510167570844, 7.602049855137758, 7.475257083204563, 4.681732255266207, 6.283422915099699, 5.117439698716537, 6.000805520928004, 4.256266947690194, 3.4091139758007505, 3.081624638076481, 1.7732860485550546, 1.7648148798103442, 0.0, 3.7811796757096854, 3.1235641021115605, 2.5906874087778324], [8.37314078109284, 8.036988142955046, 6.7057325692276155, 6.74741984613378, 7.284069105246051, 5.710426857950289, 6.1847251968054335, 5.5329901355415405, 6.675406210860879, 4.361270760913612, 3.762948124808526, 2.6949927569475953, 2.1748150036267453, 3.462192978445887, 1.0956404747908868, 4.545856456158729, 9.433508947364176, 7.855538857392279, 8.331365137238913, 8.803523436670117, 8.344430190252657, 5.8932764036654515, 7.584272065926961, 7.599883815559288, 8.235370827109122, 6.6972575170736866, 2.4004903457418862, 2.4737627877385497, 3.744764800357961, 4.323331833204572, 3.7811796757096854, 0.0, 1.771310040619654, 1.7679783171747325], [8.772775486697467, 8.336801335644264, 6.91100892562005, 6.571697365216996, 6.96963424076185, 6.1786256691921375, 6.960178088238835, 6.568557879778482, 7.9431726092286326, 5.463996459552294, 4.512542725559505, 3.3896912986288292, 2.1766325734951226, 2.7470663224611087, 1.0950883115073415, 4.914457400364764, 9.864609033306895, 8.448325282563403, 8.57149653736149, 8.929357427049272, 8.793386318137058, 5.5951718838655875, 7.327114526878913, 7.029398299285651, 8.014971230141754, 6.453141773585949, 3.5640176767238407, 2.474203005009896,