{"total energy": -55.89749184, "HOMO-LUMO gap/eV": 3.63750043, "electronic energy": -56.52227017, "dipole": [-0.08813813, -0.02058876, -0.29850871], "partial charges": [-0.10251469, -0.05477456, -0.05851814, 0.00504558, -0.11605204, 0.22193242, -0.42883306, -0.12144758, 0.00688622, -0.05840703, -0.05305915, -0.10335609, -0.1166865, 0.00502174, -0.05857179, -0.05393679, -0.10260509, 0.03407615, 0.03807328, 0.03612581, 0.04409235, 0.03587124, 0.04867146, 0.04739753, 0.05988472, 0.05231081, 0.05226751, 0.06476358, 0.04803027, 0.04600682, 0.03512397, 0.03953263, 0.03832557, 0.03714299, 0.03607851, 0.05054029, 0.06163716, 0.04929631, 0.04731065, 0.0421649, 0.03645932, 0.03771381, 0.03448159, 0.03649736], "atomic dipole moments": [[-0.10544595, -0.01471191, 0.02172201], [0.03874299, -0.04089323, -0.11109694], [-0.08583809, 0.03127122, 0.08601552], [0.04426782, -0.10170716, 0.12966966], [-0.37406187, 0.28997675, -0.29651698], [0.09498803, 0.02419712, 0.24298254], [0.03848123, 0.01079488, 0.09475618], [0.22291845, -0.00993621, -0.48962696], [-0.04926242, 0.07637601, 0.14457807], [0.06173209, 0.02826509, -0.115497], [-0.07333627, 0.09222117, -0.02815462], [0.05477213, 0.01270086, 0.09457205], [-0.2887957, -0.40858546, -0.24967895], [0.1425303, 0.06776494, 0.06436422], [0.07908643, -0.03544753, -0.09210297], [-0.08063561, -0.01775835, 0.09258144], [0.05435853, -0.08817, -0.03345144], [0.01643824, 0.0709997, -0.1023413], [0.05710521, 0.05839849, 0.09577465], [0.05915226, -0.11041669, -0.01816525], [-0.00508056, -0.06399852, 0.10948284], [-0.04881309, 0.11205614, 0.02339514], [0.05321521, -0.11355697, -0.02461428], [0.02029432, 0.06391858, -0.10440672], [-0.0541662, -0.04542794, -0.10390268], [-0.05487102, 0.11290335, 0.02645953], [0.12581596, -0.00209885, -0.02418655], [-0.0646093, 0.01821231, -0.10938663], [-0.12449985, 0.00375072, 0.02486825], [0.05461729, -0.00793813, 0.11190802], [0.12245152, -0.01093259, -0.02062622], [-0.02785778, -0.09640277, 0.07070157], [-0.1257927, 0.00842668, 0.01467151], [0.02379387, -0.1128792, -0.04901031], [0.03684681, 0.08492051, -0.08695069], [-0.04914297, -0.09883078, 0.06009569], [-0.01808641, -0.01790614, -0.12581103], [0.02173571, 0.01684453, 0.12482322], [-0.12328726, -0.01290195, -0.005976], [0.12283895, 0.02882559, 0.00932078], [-0.02294681, -0.01377871, -0.12147887], [0.03412848, 0.10070403, -0.06723606], [-0.12416081, -0.01419284, -0.01418318], [0.0236499, 0.02555654, 0.12179982]], "atomic quadrupole moments": [[0.22072777, 0.0502468, -0.12204511, -0.07125721, -0.00457748, -0.09868266], [0.17124529, 0.11431523, -0.15945584, 0.037345, 0.12265423, -0.01178945], [0.19931038, 0.09933441, -0.17173861, 0.0428212, 0.09437376, -0.02757177], [-0.002011, 0.08935804, -0.05489359, -0.11405156, -0.31438242, 0.05690459], [0.41687513, -0.01014858, -0.26435322, -0.12506414, -0.40584331, -0.15252192], [0.37477364, -0.07579864, 0.62311797, -0.67223607, -0.19053139, -0.99789161], [-0.02026993, 0.00395629, -0.03375843, 0.03616219, 0.01004908, 0.05402835], [-0.44816402, 0.14603619, 0.40618177, -0.32920643, -0.04637546, 0.04198225], [-0.28170141, -0.02234124, 0.29370595, -0.13564418, 0.19037401, -0.01200454], [-0.19035143, 0.02400034, 0.23296977, -0.09464374, -0.0084701, -0.04261834], [-0.12873509, -0.05790407, 0.02783989, 0.09914857, 0.16184373, 0.1008952], [-0.04047929, 0.01003676, -0.10318097, 0.15614041, 0.03337835, 0.14366025], [0.23967945, -0.18043405, 0.21060143, 0.08105662, 0.3472453, -0.45028088], [0.35758443, -0.07347215, -0.0900025, 0.07708979, 0.08790447, -0.26758192], [-0.11466743, -0.07038773, 0.2254615, -0.10781806, -0.02322317, -0.11079407], [-0.11824202, -0.07051679, 0.21087905, -0.12002293, -0.05761406, -0.09263702], [-0.0307569, -0.14580947, 0.12029311, -0.06435271, 0.08590122, -0.08953621], [-0.0279198, -0.00182672, -0.01115361, -0.0039967, -0.06188657, 0.0390734], [-0.01115871, 0.02544829, -0.02510299, 0.03208154, 0.04944523, 0.0362617], [-0.0158702, -0.03610662, 0.06346797, -0.01346713, 0.01347213, -0.04759777], [-0.01810888, 0.01312512, 0.00229698, -0.00166445, -0.04273077, 0.0158119], [-0.00356863, -0.03074149, 0.04047769, 0.00374173, 0.0067813, -0.03690905], [-0.00916793, -0.02447463, 0.04446767, 0.00808065, 0.00469214, -0.03529974], [-0.02482484, 0.01658741, -0.00091641, 0.00592691, -0.04452676, 0.02574125], [-0.02341652, 0.03086983, -0.01544788, 0.01141404, 0.00587237, 0.0388644], [-0.02695754, -0.01391859, 0.04003171, -0.02637373, 0.00411283, -0.01307417], [0.04075002, -0.00954357, -0.00636253, -0.01073911, 0.01628935, -0.03438749], [-0.01626757, -0.00486355, -0.00444838, 0.03483438, 0.01535872, 0.02071596], [0.05323718, -0.00528731, -0.01075386, -0.00244195, -0.00345002, -0.04248332], [-0.01792842, 0.00316826, -0.00594921, 0.04447811, 0.00164948, 0.02387763], [0.05276012, 0.00981959, -0.038565, -0.01688877, 0.01127338, -0.01419512], [-0.03660904, 0.02980523, 0.01960831, -0.01364888, -0.02660709, 0.01700073], [0.07344451, -0.01371702, -0.05124022, -0.02469212, 0.00365107, -0.02220429], [-0.04192123, -0.03091984, 0.06067008, 0.0012387, 0.03752755, -0.01874885], [-0.02531036, 0.03819188, 0.02387768, -0.01279571, -0.05163252, 0.00143268], [0.01708259, 0.01151758, 0.00800078, -0.01352181, -0.03912664, -0.02508336], [0.00536537, -0.01096552, -0.04501284, 0.01177938, 0.00082276, 0.03964748], [-0.02742937, 0.00288894, -0.01295761, 0.03020905, 0.0093827, 0.04038698], [0.05369133, 0.01274505, -0.01242507, 0.01927362, -0.00608852, -0.04126625], [0.04970961, 0.00496561, -0.01579088, 0.01905013, 0.00072693, -0.03391874], [-0.03081229, 0.00200007, -0.01410749, 0.02566381, 0.01649152, 0.04491978], [-0.03052317, 0.02203357, 0.03535797, -0.03189847, -0.05063403, -0.0048348], [0.07341058, 0.02275485, -0.02877972, 0.01465841, 0.01456206, -0.04463086], [-0.03259942, -0.00911624, -0.0379918, 0.02936907, 0.01515029, 0.07059122]], "number of molecular orbitals": 115, "number of electrons": 104, "number of unpaired electrons": 0, "orbital energies/eV": [-19.81900009, -19.80519996, -19.79143036, -18.66687531, -17.4093525, -17.37313563, -17.35794428, -16.8380637, -16.76883685, -16.73965525, -16.47567636, -16.08263921, -15.91548994, -15.90083631, -15.41397074, -15.40858681, -15.38585512, -14.51198717, -14.48627629, -14.38425542, -14.2614357, -14.14405066, -14.09054393, -14.04426704, -13.91946318, -13.80788542, -13.71577542, -13.62011066, -13.50996105, -13.33745508, -13.22233999, -13.16381407, -12.93112154, -12.91357882, -12.87314513, -12.723741, -12.44275718, -12.39204744, -12.36182059, -12.32846436, -12.08568348, -12.05900332, -12.04819262, -12.02450953, -11.91898484, -11.76157564, -11.7417777, -11.42473743, -11.39994616, -10.55320046, -10.53692907, -10.53282554, -6.89532512, -6.06435164, -6.05181329, -5.4405066, -4.29168877, -4.28261525, -2.29022852, -0.91929878, -0.90650268, -0.66931929, -0.65806753, -0.56343388, -0.07146338, -0.06753926, -0.03746285, 1.73787544, 1.78583614, 2.11755192, 2.2783539, 2.53273432, 2.69497421, 2.78335451, 2.86656571, 2.99013663, 3.23376536, 3.36457771, 3.41275765, 3.57368433, 3.6111822, 3.84238325, 3.8948286, 4.12811749, 4.17970146, 4.2407138, 4.38720849, 4.44973582, 4.82762704, 4.9450681, 5.12455017, 5.37605524, 5.46419571, 5.61251611, 5.69103594, 5.97381558, 6.07701473, 6.17044623, 6.36621875, 6.43455246, 6.78622263, 7.10008956, 7.15014617, 7.42069499, 7.59653838, 7.67177109, 7.77834864, 8.5503384, 8.72121295, 11.72150823, 11.75564396, 12.32523055, 25.42681781, 25.47353317, 31.74023873], "fractional occupation": [2.0, 2.0, 2.0, 2.0, 2.0, 2.0, 2.0, 2.0, 2.0, 2.0, 2.0, 2.0, 2.0, 2.0, 2.0, 2.0, 2.0, 2.0, 2.0, 2.0, 2.0, 2.0, 2.0, 2.0, 2.0, 2.0, 2.0, 2.0, 2.0, 2.0, 2.0, 2.0, 2.0, 2.0, 2.0, 2.0, 2.0, 2.0, 2.0, 2.0, 2.0, 2.0, 2.0, 2.0, 2.0, 2.0, 2.0, 2.0, 2.0, 2.0, 2.0, 2.0, 0.0, 0.0, 0.0, 0.0, 0.0, 0.0, 0.0, 0.0, 0.0, 0.0, 0.0, 0.0, 0.0, 0.0, 0.0, 0.0, 0.0, 0.0, 0.0, 0.0, 0.0, 0.0, 0.0, 0.0, 0.0, 0.0, 0.0, 0.0, 0.0, 0.0, 0.0, 0.0, 0.0, 0.0, 0.0, 0.0, 0.0, 0.0, 0.0, 0.0, 0.0, 0.0, 0.0, 0.0, 0.0, 0.0, 0.0, 0.0, 0.0, 0.0, 0.0, 0.0, 0.0, 0.0, 0.0, 0.0, 0.0, 0.0, 0.0, 0.0, 0.0, 0.0, 0.0], "program call": "xtb /home/svss/Project-DBcg-Debug/aqme2_20220329/End-to-End-workflows-final/example-3/QDESCP/mol_760_rdkit_conf_22/mol_760_rdkit_conf_22.xyz --pop --wbo --acc 0.2 --gfn 2 --chrg 0 --uhf 0 --etemp 300 --input /home/svss/Project-DBcg-Debug/aqme2_20220329/End-to-End-workflows-final/example-3/QDESCP/mol_760_rdkit_conf_22/mol_760_rdkit_conf_22_xtb.inp", "method": "GFN2-xTB", "xtb version": "6.3.3 (7355c4f)", "Dipole module/D": 0.793, "Total charge": 0, "Transition dipole module/D": NaN, "HOMO": -10.5328, "LUMO": -6.8953, "HOMO occupancy": 2.0, "LUMO occupancy": 0, "mulliken charges": [-0.08353, -0.04007, -0.04833, 0.03206, -0.08647, 0.326, -0.48131, -0.0857, 0.0323, -0.04865, -0.03884, -0.08668, -0.08677, 0.03198, -0.04791, -0.03952, -0.08381, 0.02708, 0.03011, 0.02806, 0.02489, 0.02344, 0.03075, 0.03164, 0.04775, 0.03359, 0.03251, 0.04743, 0.03002, 0.0282, 0.02427, 0.02694, 0.02952, 0.03048, 0.03115, 0.03328, 0.04757, 0.02833, 0.03106, 0.02611, 0.02638, 0.03035, 0.02697, 0.02734], "cm5 charges": [-0.23394, -0.15169, -0.15604, -0.05777, -0.08983, 0.25985, -0.49845, -0.08889, -0.0577, -0.15613, -0.15117, -0.23712, -0.09015, -0.05783, -0.15562, -0.15115, -0.2342, 0.07836, 0.08089, 0.07936, 0.08069, 0.07828, 0.08629, 0.08664, 0.1059, 0.0916, 0.0906, 0.10672, 0.08563, 0.08361, 0.07888, 0.08115, 0.08094, 0.08126, 0.08294, 0.0908, 0.10619, 0.08388, 0.08606, 0.08191, 0.08124, 0.08112, 0.07826, 0.07863], "FUKUI+": [0.008, 0.003, 0.006, 0.029, -0.2, -0.144, -0.012, -0.197, 0.028, 0.002, 0.005, 0.008, -0.197, 0.029, 0.006, 0.003, 0.007, -0.012, -0.015, -0.009, 0.006, -0.006, -0.012, -0.029, -0.028, -0.024, -0.023, -0.029, -0.012, -0.009, -0.009, -0.02, -0.008, -0.018, 0.001, -0.023, -0.029, -0.011, -0.028, 0.006, -0.009, -0.015, -0.012, -0.008], "FUKUI-": [0.009, 0.002, 0.008, 0.024, -0.149, -0.054, -0.016, -0.148, 0.021, 0.006, 0.004, 0.008, -0.148, 0.023, 0.008, 0.003, 0.009, -0.029, -0.024, -0.019, -0.018, -0.016, -0.017, -0.03, -0.035, -0.023, -0.023, -0.032, -0.016, -0.016, -0.016, -0.034, -0.016, -0.024, -0.016, -0.028, -0.029, -0.016, -0.029, -0.017, -0.018, -0.023, -0.028, -0.019], "FUKUIrad": [0.008, 0.003, 0.007, 0.026, -0.174, -0.099, -0.014, -0.173, 0.025, 0.004, 0.004, 0.008, -0.173, 0.026, 0.007, 0.003, 0.008, -0.021, -0.019, -0.014, -0.006, -0.011, -0.015, -0.029, -0.032, -0.023, -0.023, -0.03, -0.014, -0.012, -0.012, -0.027, -0.012, -0.021, -0.008, -0.025, -0.029, -0.013, -0.029, -0.006, -0.013, -0.019, -0.02, -0.013], "s proportion": [1.008, 1.027, 1.035, 1.039, 1.911, 1.553, 1.691, 1.911, 1.039, 1.034, 1.028, 1.008, 1.911, 1.039, 1.034, 1.027, 1.008, 0.973, 0.97, 0.972, 0.975, 0.977, 0.969, 0.968, 0.952, 0.966, 0.967, 0.953, 0.97, 0.972, 0.976, 0.973, 0.97, 0.97, 0.969, 0.967, 0.952, 0.972, 0.969, 0.974, 0.974, 0.97, 0.973, 0.973], "p proportion": [3.076, 3.013, 3.014, 2.929, 4.181, 2.126, 4.79, 4.181, 2.929, 3.015, 3.011, 3.079, 4.182, 2.929, 3.013, 3.013, 3.076, 0.0, 0.0, 0.0, 0.0, 0.0, 0.0, 0.0, 0.0, 0.0, 0.0, 0.0, 0.0, 0.0, 0.0, 0.0, 0.0, 0.0, 0.0, 0.0, 0.0, 0.0, 0.0, 0.0, 0.0, 0.0, 0.0, 0.0], "d proportion": [0.0, 0.0, 0.0, 0.0, -0.006, 0.995, 0.0, -0.006, 0.0, 0.0, 0.0, 0.0, -0.006, 0.0, 0.0, 0.0, 0.0, 0.0, 0.0, 0.0, 0.0, 0.0, 0.0, 0.0, 0.0, 0.0, 0.0, 0.0, 0.0, 0.0, 0.0, 0.0, 0.0, 0.0, 0.0, 0.0, 0.0, 0.0, 0.0, 0.0, 0.0, 0.0, 0.0, 0.0], "Fermi-level/eV": -8.7141, "Coordination numbers": [3.75, 3.799, 3.826, 3.798, 1.925, 3.587, 0.809, 1.938, 3.799, 3.839, 3.799, 3.749, 1.925, 3.798, 3.826, 3.799, 3.75, 0.924, 0.924, 0.924, 0.924, 0.924, 0.924, 0.924, 0.924, 0.924, 0.924, 0.924, 0.924, 0.924, 0.924, 0.924, 0.924, 0.924, 0.924, 0.924, 0.924, 0.924, 0.924, 0.924, 0.924, 0.924, 0.924, 0.924], "Dispersion coefficient C6": [22.522, 21.56, 21.606, 20.497, 145.912, 150.748, 22.289, 146.143, 20.465, 21.595, 21.529, 22.54, 145.939, 20.498, 21.607, 21.545, 22.524, 2.529, 2.475, 2.501, 2.395, 2.505, 2.337, 2.353, 2.2, 2.291, 2.292, 2.144, 2.345, 2.371, 2.515, 2.455, 2.471, 2.487, 2.502, 2.313, 2.18, 2.329, 2.354, 2.42, 2.497, 2.48, 2.524, 2.496], "Total dispersion C6": 22566.4164, "Total dispersion C8": 652953.035332, "Polarizability alpha": [6.768, 6.611, 6.614, 6.446, 20.331, 22.055, 6.329, 20.347, 6.441, 6.611, 6.606, 6.771, 20.333, 6.446, 6.614, 6.609, 6.768, 2.487, 2.46, 2.473, 2.42, 2.475, 2.391, 2.399, 2.32, 2.367, 2.367, 2.29, 2.395, 2.408, 2.48, 2.45, 2.458, 2.466, 2.474, 2.378, 2.309, 2.387, 2.399, 2.433, 2.471, 2.463, 2.484, 2.471], "Total polarizability alpha": 234.077245, "Wiberg matrix": [[0.0, 1.019882458228341, 0.0, 0.0, 0.0, 0.0, 0.0, 0.0, 0.0, 0.0, 0.0, 0.0, 0.0, 0.0, 0.0, 0.0, 0.0, 0.9873422881370487, 0.9868647646140982, 0.987506990287335, 0.0, 0.0, 0.0, 0.0, 0.0, 0.0, 0.0, 0.0, 0.0, 0.0, 0.0, 0.0, 0.0, 0.0, 0.0, 0.0, 0.0, 0.0, 0.0, 0.0, 0.0, 0.0, 0.0, 0.0], [1.019882458228341, 0.0, 1.0081737486018856, 0.0, 0.0, 0.0, 0.0, 0.0, 0.0, 0.0, 0.0, 0.0, 0.0, 0.0, 0.0, 0.0, 0.0, 0.0, 0.0, 0.0, 0.9760864357694446, 0.9773297120399772, 0.0, 0.0, 0.0, 0.0, 0.0, 0.0, 0.0, 0.0, 0.0, 0.0, 0.0, 0.0, 0.0, 0.0, 0.0, 0.0, 0.0, 0.0, 0.0, 0.0, 0.0, 0.0], [0.0, 1.0081737486018856, 0.0, 1.0078479341635793, 0.0, 0.0, 0.0, 0.0, 0.0, 0.0, 0.0, 0.0, 0.0, 0.0, 0.0, 0.0, 0.0, 0.0, 0.0, 0.0, 0.0, 0.0, 0.9746786070272327, 0.9664023289904133, 0.0, 0.0, 0.0, 0.0, 0.0, 0.0, 0.0, 0.0, 0.0, 0.0, 0.0, 0.0, 0.0, 0.0, 0.0, 0.0, 0.0, 0.0, 0.0, 0.0], [0.0, 0.0, 1.0078479341635793, 0.0, 0.9525006084583311, 0.0, 0.0, 0.0, 0.0, 0.0, 0.0, 0.0, 0.0, 0.0, 0.0, 0.0, 0.0, 0.0, 0.0, 0.0, 0.0, 0.0, 0.0, 0.0, 0.9730469056260669, 0.972236294404101, 0.0, 0.0, 0.0, 0.0, 0.0, 0.0, 0.0, 0.0, 0.0, 0.0, 0.0, 0.0, 0.0, 0.0, 0.0, 0.0, 0.0, 0.0], [0.0, 0.0, 0.0, 0.9525006084583311, 0.0, 1.04102735589605, 0.0, 0.0, 0.0, 0.0, 0.0, 0.0, 0.0, 0.0, 0.0, 0.0, 0.0, 0.0, 0.0, 0.0, 0.0, 0.0, 0.0, 0.0, 0.0, 0.0, 0.0, 0.0, 0.0, 0.0, 0.0, 0.0, 0.0, 0.0, 0.0, 0.0, 0.0, 0.0, 0.0, 0.0, 0.0, 0.0, 0.0, 0.0], [0.0, 0.0, 0.0, 0.0, 1.04102735589605, 0.0, 1.931554040261881, 1.0405715098916293, 0.0, 0.0, 0.0, 0.0, 1.0407629806340777, 0.0, 0.0, 0.0, 0.0, 0.0, 0.0, 0.0, 0.0, 0.0, 0.0, 0.0, 0.0, 0.0, 0.0, 0.0, 0.0, 0.0, 0.0, 0.0, 0.0, 0.0, 0.0, 0.0, 0.0, 0.0, 0.0, 0.0, 0.0, 0.0, 0.0, 0.0], [0.0, 0.0, 0.0, 0.0, 0.0, 1.931554040261881, 0.0, 0.0, 0.0, 0.0, 0.0, 0.0, 0.0, 0.0, 0.0, 0.0, 0.0, 0.0, 0.0, 0.0, 0.0, 0.0, 0.0, 0.0, 0.0, 0.0, 0.0, 0.0, 0.0, 0.0, 0.0, 0.0, 0.0, 0.0, 0.0, 0.0, 0.0, 0.0, 0.0, 0.0, 0.0, 0.0, 0.0, 0.0], [0.0, 0.0, 0.0, 0.0, 0.0, 1.0405715098916293, 0.0, 0.0, 0.9530089124218564, 0.0, 0.0, 0.0, 0.0, 0.0, 0.0, 0.0, 0.0, 0.0, 0.0, 0.0, 0.0, 0.0, 0.0, 0.0, 0.0, 0.0, 0.0, 0.0, 0.0, 0.0, 0.0, 0.0, 0.0, 0.0, 0.0, 0.0, 0.0, 0.0, 0.0, 0.0, 0.0, 0.0, 0.0, 0.0], [0.0, 0.0, 0.0, 0.0, 0.0, 0.0, 0.0, 0.9530089124218564, 0.0, 1.0074434391752822, 0.0, 0.0, 0.0, 0.0, 0.0, 0.0, 0.0, 0.0, 0.0, 0.0, 0.0, 0.0, 0.0, 0.0, 0.0, 0.0, 0.9725864363494099, 0.9708524524840014, 0.0, 0.0, 0.0, 0.0, 0.0, 0.0, 0.0, 0.0, 0.0, 0.0, 0.0, 0.0, 0.0, 0.0, 0.0, 0.0], [0.0, 0.0, 0.0, 0.0, 0.0, 0.0, 0.0, 0.0, 1.0074434391752822, 0.0, 0.9995354013046475, 0.0, 0.0, 0.0, 0.0, 0.0, 0.0, 0.0, 0.0, 0.0, 0.0, 0.0, 0.0, 0.0, 0.0, 0.0, 0.0, 0.0, 0.9754597591610135, 0.9754641669041388, 0.0, 0.0, 0.0, 0.0, 0.0, 0.0, 0.0, 0.0, 0.0, 0.0, 0.0, 0.0, 0.0, 0.0], [0.0, 0.0, 0.0, 0.0, 0.0, 0.0, 0.0, 0.0, 0.0, 0.9995354013046475, 0.0, 1.0214297880875223, 0.0, 0.0, 0.0, 0.0, 0.0, 0.0, 0.0, 0.0, 0.0, 0.0, 0.0, 0.0, 0.0, 0.0, 0.0, 0.0, 0.0, 0.0, 0.9772688702480955, 0.9757398641900702, 0.0, 0.0, 0.0, 0.0, 0.0, 0.0, 0.0, 0.0, 0.0, 0.0, 0.0, 0.0], [0.0, 0.0, 0.0, 0.0, 0.0, 0.0, 0.0, 0.0, 0.0, 0.0, 1.0214297880875223, 0.0, 0.0, 0.0, 0.0, 0.0, 0.0, 0.0, 0.0, 0.0, 0.0, 0.0, 0.0, 0.0, 0.0, 0.0, 0.0, 0.0, 0.0, 0.0, 0.0, 0.0, 0.9869410624792455, 0.9865146135924262, 0.9860525975630411, 0.0, 0.0, 0.0, 0.0, 0.0, 0.0, 0.0, 0.0, 0.0], [0.0, 0.0, 0.0, 0.0, 0.0, 1.0407629806340777, 0.0, 0.0, 0.0, 0.0, 0.0, 0.0, 0.0, 0.9525744340735842, 0.0, 0.0, 0.0, 0.0, 0.0, 0.0, 0.0, 0.0, 0.0, 0.0, 0.0, 0.0, 0.0, 0.0, 0.0, 0.0, 0.0, 0.0, 0.0, 0.0, 0.0, 0.0, 0.0, 0.0, 0.0, 0.0, 0.0, 0.0, 0.0, 0.0], [0.0, 0.0, 0.0, 0.0, 0.0, 0.0, 0.0, 0.0, 0.0, 0.0, 0.0, 0.0, 0.9525744340735842, 0.0, 1.0078213780915315, 0.0, 0.0, 0.0, 0.0, 0.0, 0.0, 0.0, 0.0, 0.0, 0.0, 0.0, 0.0, 0.0, 0.0, 0.0, 0.0, 0.0, 0.0, 0.0, 0.0, 0.9733090494617708, 0.9718863284450231, 0.0, 0.0, 0.0, 0.0, 0.0, 0.0, 0.0], [0.0, 0.0, 0.0, 0.0, 0.0, 0.0, 0.0, 0.0, 0.0, 0.0, 0.0, 0.0, 0.0, 1.0078213780915315, 0.0, 1.0082515205881981, 0.0, 0.0, 0.0, 0.0, 0.0, 0.0, 0.0, 0.0, 0.0, 0.0, 0.0, 0.0, 0.0, 0.0, 0.0, 0.0, 0.0, 0.0, 0.0, 0.0, 0.0, 0.9747142239217452, 0.966465295928563, 0.0, 0.0, 0.0, 0.0, 0.0], [0.0, 0.0, 0.0, 0.0, 0.0, 0.0, 0.0, 0.0, 0.0, 0.0, 0.0, 0.0, 0.0, 0.0, 1.0082515205881981, 0.0, 1.0198288142765721, 0.0, 0.0, 0.0, 0.0, 0.0, 0.0, 0.0, 0.0, 0.0, 0.0, 0.0, 0.0, 0.0, 0.0, 0.0, 0.0, 0.0, 0.0, 0.0, 0.0, 0.0, 0.0, 0.9758965108160014, 0.9773004932445093, 0.0, 0.0, 0.0], [0.0, 0.0, 0.0, 0.0, 0.0, 0.0, 0.0, 0.0, 0.0, 0.0, 0.0, 0.0, 0.0, 0.0, 0.0, 1.0198288142765721, 0.0, 0.0, 0.0, 0.0, 0.0, 0.0, 0.0, 0.0, 0.0, 0.0, 0.0, 0.0, 0.0, 0.0, 0.0, 0.0, 0.0, 0.0, 0.0, 0.0, 0.0, 0.0, 0.0, 0.0, 0.0, 0.9868899972066756, 0.9873046557136022, 0.9874802896875853], [0.9873422881370487, 0.0, 0.0, 0.0, 0.0, 0.0, 0.0, 0.0, 0.0, 0.0, 0.0, 0.0, 0.0, 0.0, 0.0, 0.0, 0.0, 0.0, 0.0, 0.0, 0.0, 0.0, 0.0, 0.0, 0.0, 0.0, 0.0, 0.0, 0.0, 0.0, 0.0, 0.0, 0.0, 0.0, 0.0, 0.0, 0.0, 0.0, 0.0, 0.0, 0.0, 0.0, 0.0, 0.0], [0.9868647646140982, 0.0, 0.0, 0.0, 0.0, 0.0, 0.0, 0.0, 0.0, 0.0, 0.0, 0.0, 0.0, 0.0, 0.0, 0.0, 0.0, 0.0, 0.0, 0.0, 0.0, 0.0, 0.0, 0.0, 0.0, 0.0, 0.0, 0.0, 0.0, 0.0, 0.0, 0.0, 0.0, 0.0, 0.0, 0.0, 0.0, 0.0, 0.0, 0.0, 0.0, 0.0, 0.0, 0.0], [0.987506990287335, 0.0, 0.0, 0.0, 0.0, 0.0, 0.0, 0.0, 0.0, 0.0, 0.0, 0.0, 0.0, 0.0, 0.0, 0.0, 0.0, 0.0, 0.0, 0.0, 0.0, 0.0, 0.0, 0.0, 0.0, 0.0, 0.0, 0.0, 0.0, 0.0, 0.0, 0.0, 0.0, 0.0, 0.0, 0.0, 0.0, 0.0, 0.0, 0.0, 0.0, 0.0, 0.0, 0.0], [0.0, 0.9760864357694446, 0.0, 0.0, 0.0, 0.0, 0.0, 0.0, 0.0, 0.0, 0.0, 0.0, 0.0, 0.0, 0.0, 0.0, 0.0, 0.0, 0.0, 0.0, 0.0, 0.0, 0.0, 0.0, 0.0, 0.0, 0.0, 0.0, 0.0, 0.0, 0.0, 0.0, 0.0, 0.0, 0.0, 0.0, 0.0, 0.0, 0.0, 0.0, 0.0, 0.0, 0.0, 0.0], [0.0, 0.9773297120399772, 0.0, 0.0, 0.0, 0.0, 0.0, 0.0, 0.0, 0.0, 0.0, 0.0, 0.0, 0.0, 0.0, 0.0, 0.0, 0.0, 0.0, 0.0, 0.0, 0.0, 0.0, 0.0, 0.0, 0.0, 0.0, 0.0, 0.0, 0.0, 0.0, 0.0, 0.0, 0.0, 0.0, 0.0, 0.0, 0.0, 0.0, 0.0, 0.0, 0.0, 0.0, 0.0], [0.0, 0.0, 0.9746786070272327, 0.0, 0.0, 0.0, 0.0, 0.0, 0.0, 0.0, 0.0, 0.0, 0.0, 0.0, 0.0, 0.0, 0.0, 0.0, 0.0, 0.0, 0.0, 0.0, 0.0, 0.0, 0.0, 0.0, 0.0, 0.0, 0.0, 0.0, 0.0, 0.0, 0.0, 0.0, 0.0, 0.0, 0.0, 0.0, 0.0, 0.0, 0.0, 0.0, 0.0, 0.0], [0.0, 0.0, 0.9664023289904133, 0.0, 0.0, 0.0, 0.0, 0.0, 0.0, 0.0, 0.0, 0.0, 0.0, 0.0, 0.0, 0.0, 0.0, 0.0, 0.0, 0.0, 0.0, 0.0, 0.0, 0.0, 0.0, 0.0, 0.0, 0.0, 0.0, 0.0, 0.0, 0.0, 0.0, 0.0, 0.0, 0.0, 0.0, 0.0, 0.0, 0.0, 0.0, 0.0, 0.0, 0.0], [0.0, 0.0, 0.0, 0.9730469056260669, 0.0, 0.0, 0.0, 0.0, 0.0, 0.0, 0.0, 0.0, 0.0, 0.0, 0.0, 0.0, 0.0, 0.0, 0.0, 0.0, 0.0, 0.0, 0.0, 0.0, 0.0, 0.0, 0.0, 0.0, 0.0, 0.0, 0.0, 0.0, 0.0, 0.0, 0.0, 0.0, 0.0, 0.0, 0.0, 0.0, 0.0, 0.0, 0.0, 0.0], [0.0, 0.0, 0.0, 0.972236294404101, 0.0, 0.0, 0.0, 0.0, 0.0, 0.0, 0.0, 0.0, 0.0, 0.0, 0.0, 0.0, 0.0, 0.0, 0.0, 0.0, 0.0, 0.0, 0.0, 0.0, 0.0, 0.0, 0.0, 0.0, 0.0, 0.0, 0.0, 0.0, 0.0, 0.0, 0.0, 0.0, 0.0, 0.0, 0.0, 0.0, 0.0, 0.0, 0.0, 0.0], [0.0, 0.0, 0.0, 0.0, 0.0, 0.0, 0.0, 0.0, 0.9725864363494099, 0.0, 0.0, 0.0, 0.0, 0.0, 0.0, 0.0, 0.0, 0.0, 0.0, 0.0, 0.0, 0.0, 0.0, 0.0, 0.0, 0.0, 0.0, 0.0, 0.0, 0.0, 0.0, 0.0, 0.0, 0.0, 0.0, 0.0, 0.0, 0.0, 0.0, 0.0, 0.0, 0.0, 0.0, 0.0], [0.0, 0.0, 0.0, 0.0, 0.0, 0.0, 0.0, 0.0, 0.9708524524840014, 0.0, 0.0, 0.0, 0.0, 0.0, 0.0, 0.0, 0.0, 0.0, 0.0, 0.0, 0.0, 0.0, 0.0, 0.0, 0.0, 0.0, 0.0, 0.0, 0.0, 0.0, 0.0, 0.0, 0.0, 0.0, 0.0, 0.0, 0.0, 0.0, 0.0, 0.0, 0.0, 0.0, 0.0, 0.0], [0.0, 0.0, 0.0, 0.0, 0.0, 0.0, 0.0, 0.0, 0.0, 0.9754597591610135, 0.0, 0.0, 0.0, 0.0, 0.0, 0.0, 0.0, 0.0, 0.0, 0.0, 0.0, 0.0, 0.0, 0.0, 0.0, 0.0, 0.0, 0.0, 0.0, 0.0, 0.0, 0.0, 0.0, 0.0, 0.0, 0.0, 0.0, 0.0, 0.0, 0.0, 0.0, 0.0, 0.0, 0.0], [0.0, 0.0, 0.0, 0.0, 0.0, 0.0, 0.0, 0.0, 0.0, 0.9754641669041388, 0.0, 0.0, 0.0, 0.0, 0.0, 0.0, 0.0, 0.0, 0.0, 0.0, 0.0, 0.0, 0.0, 0.0, 0.0, 0.0, 0.0, 0.0, 0.0, 0.0, 0.0, 0.0, 0.0, 0.0, 0.0, 0.0, 0.0, 0.0, 0.0, 0.0, 0.0, 0.0, 0.0, 0.0], [0.0, 0.0, 0.0, 0.0, 0.0, 0.0, 0.0, 0.0, 0.0, 0.0, 0.9772688702480955, 0.0, 0.0, 0.0, 0.0, 0.0, 0.0, 0.0, 0.0, 0.0, 0.0, 0.0, 0.0, 0.0, 0.0, 0.0, 0.0, 0.0, 0.0, 0.0, 0.0, 0.0, 0.0, 0.0, 0.0, 0.0, 0.0, 0.0, 0.0, 0.0, 0.0, 0.0, 0.0, 0.0], [0.0, 0.0, 0.0, 0.0, 0.0, 0.0, 0.0, 0.0, 0.0, 0.0, 0.9757398641900702, 0.0, 0.0, 0.0, 0.0, 0.0, 0.0, 0.0, 0.0, 0.0, 0.0, 0.0, 0.0, 0.0, 0.0, 0.0, 0.0, 0.0, 0.0, 0.0, 0.0, 0.0, 0.0, 0.0, 0.0, 0.0, 0.0, 0.0, 0.0, 0.0, 0.0, 0.0, 0.0, 0.0], [0.0, 0.0, 0.0, 0.0, 0.0, 0.0, 0.0, 0.0, 0.0, 0.0, 0.0, 0.9869410624792455, 0.0, 0.0, 0.0, 0.0, 0.0, 0.0, 0.0, 0.0, 0.0, 0.0, 0.0, 0.0, 0.0, 0.0, 0.0, 0.0, 0.0, 0.0, 0.0, 0.0, 0.0, 0.0, 0.0, 0.0, 0.0, 0.0, 0.0, 0.0, 0.0, 0.0, 0.0, 0.0], [0.0, 0.0, 0.0, 0.0, 0.0, 0.0, 0.0, 0.0, 0.0, 0.0, 0.0, 0.9865146135924262, 0.0, 0.0, 0.0, 0.0, 0.0, 0.0, 0.0, 0.0, 0.0, 0.0, 0.0, 0.0, 0.0, 0.0, 0.0, 0.0, 0.0, 0.0, 0.0, 0.0, 0.0, 0.0, 0.0, 0.0, 0.0, 0.0, 0.0, 0.0, 0.0, 0.0, 0.0, 0.0], [0.0, 0.0, 0.0, 0.0, 0.0, 0.0, 0.0, 0.0, 0.0, 0.0, 0.0, 0.9860525975630411, 0.0, 0.0, 0.0, 0.0, 0.0, 0.0, 0.0, 0.0, 0.0, 0.0, 0.0, 0.0, 0.0, 0.0, 0.0, 0.0, 0.0, 0.0, 0.0, 0.0, 0.0, 0.0, 0.0, 0.0, 0.0, 0.0, 0.0, 0.0, 0.0, 0.0, 0.0, 0.0], [0.0, 0.0, 0.0, 0.0, 0.0, 0.0, 0.0, 0.0, 0.0, 0.0, 0.0, 0.0, 0.0, 0.9733090494617708, 0.0, 0.0, 0.0, 0.0, 0.0, 0.0, 0.0, 0.0, 0.0, 0.0, 0.0, 0.0, 0.0, 0.0, 0.0, 0.0, 0.0, 0.0, 0.0, 0.0, 0.0, 0.0, 0.0, 0.0, 0.0, 0.0, 0.0, 0.0, 0.0, 0.0], [0.0, 0.0, 0.0, 0.0, 0.0, 0.0, 0.0, 0.0, 0.0, 0.0, 0.0, 0.0, 0.0, 0.9718863284450231, 0.0, 0.0, 0.0, 0.0, 0.0, 0.0, 0.0, 0.0, 0.0, 0.0, 0.0, 0.0, 0.0, 0.0, 0.0, 0.0, 0.0, 0.0, 0.0, 0.0, 0.0, 0.0, 0.0, 0.0, 0.0, 0.0, 0.0, 0.0, 0.0, 0.0], [0.0, 0.0, 0.0, 0.0, 0.0, 0.0, 0.0, 0.0, 0.0, 0.0, 0.0, 0.0, 0.0, 0.0, 0.9747142239217452, 0.0, 0.0, 0.0, 0.0, 0.0, 0.0, 0.0, 0.0, 0.0, 0.0, 0.0, 0.0, 0.0, 0.0, 0.0, 0.0, 0.0, 0.0, 0.0, 0.0, 0.0, 0.0, 0.0, 0.0, 0.0, 0.0, 0.0, 0.0, 0.0], [0.0, 0.0, 0.0, 0.0, 0.0, 0.0, 0.0, 0.0, 0.0, 0.0, 0.0, 0.0, 0.0, 0.0, 0.966465295928563, 0.0, 0.0, 0.0, 0.0, 0.0, 0.0, 0.0, 0.0, 0.0, 0.0, 0.0, 0.0, 0.0, 0.0, 0.0, 0.0, 0.0, 0.0, 0.0, 0.0, 0.0, 0.0, 0.0, 0.0, 0.0, 0.0, 0.0, 0.0, 0.0], [0.0, 0.0, 0.0, 0.0, 0.0, 0.0, 0.0, 0.0, 0.0, 0.0, 0.0, 0.0, 0.0, 0.0, 0.0, 0.9758965108160014, 0.0, 0.0, 0.0, 0.0, 0.0, 0.0, 0.0, 0.0, 0.0, 0.0, 0.0, 0.0, 0.0, 0.0, 0.0, 0.0, 0.0, 0.0, 0.0, 0.0, 0.0, 0.0, 0.0, 0.0, 0.0, 0.0, 0.0, 0.0], [0.0, 0.0, 0.0, 0.0, 0.0, 0.0, 0.0, 0.0, 0.0, 0.0, 0.0, 0.0, 0.0, 0.0, 0.0, 0.9773004932445093, 0.0, 0.0, 0.0, 0.0, 0.0, 0.0, 0.0, 0.0, 0.0, 0.0, 0.0, 0.0, 0.0, 0.0, 0.0, 0.0, 0.0, 0.0, 0.0, 0.0, 0.0, 0.0, 0.0, 0.0, 0.0, 0.0, 0.0, 0.0], [0.0, 0.0, 0.0, 0.0, 0.0, 0.0, 0.0, 0.0, 0.0, 0.0, 0.0, 0.0, 0.0, 0.0, 0.0, 0.0, 0.9868899972066756, 0.0, 0.0, 0.0, 0.0, 0.0, 0.0, 0.0, 0.0, 0.0, 0.0, 0.0, 0.0, 0.0, 0.0, 0.0, 0.0, 0.0, 0.0, 0.0, 0.0, 0.0, 0.0, 0.0, 0.0, 0.0, 0.0, 0.0], [0.0, 0.0, 0.0, 0.0, 0.0, 0.0, 0.0, 0.0, 0.0, 0.0, 0.0, 0.0, 0.0, 0.0, 0.0, 0.0, 0.9873046557136022, 0.0, 0.0, 0.0, 0.0, 0.0, 0.0, 0.0, 0.0, 0.0, 0.0, 0.0, 0.0, 0.0, 0.0, 0.0, 0.0, 0.0, 0.0, 0.0, 0.0, 0.0, 0.0, 0.0, 0.0, 0.0, 0.0, 0.0], [0.0, 0.0, 0.0, 0.0, 0.0, 0.0, 0.0, 0.0, 0.0, 0.0, 0.0, 0.0, 0.0, 0.0, 0.0, 0.0, 0.9874802896875853, 0.0, 0.0, 0.0, 0.0, 0.0, 0.0, 0.0, 0.0, 0.0, 0.0, 0.0, 0.0, 0.0, 0.0, 0.0, 0.0, 0.0, 0.0, 0.0, 0.0, 0.0, 0.0, 0.0, 0.0, 0.0, 0.0, 0.0]], "Born radii": [], "Atomic SASAs": [], "Solvent H bonds": [], "Total SASA": NaN, "Total FOD": 0.0, "FOD": [0.0, 0.0, 0.0, 0.0, 0.0, 0.0, 0.0, 0.0, 0.0, 0.0, 0.0, 0.0, 0.0, 0.0, 0.0, 0.0, 0.0, 0.0, 0.0, 0.0, 0.0, 0.0, 0.0, 0.0, 0.0, 0.0, 0.0, 0.0, 0.0, 0.0, 0.0, 0.0, 0.0, 0.0, 0.0, 0.0, 0.0, 0.0, 0.0, 0.0, 0.0, 0.0, 0.0, 0.0], "FOD s proportion": [0.0, 0.0, 0.0, 0.0, 0.0, 0.0, 0.0, 0.0, 0.0, 0.0, 0.0, 0.0, 0.0, 0.0, 0.0, 0.0, 0.0, 0.0, 0.0, 0.0, 0.0, 0.0, 0.0, 0.0, 0.0, 0.0, 0.0, 0.0, 0.0, 0.0, 0.0, 0.0, 0.0, 0.0, 0.0, 0.0, 0.0, 0.0, 0.0, 0.0, 0.0, 0.0, 0.0, 0.0], "FOD p proportion": [0.0, 0.0, 0.0, 0.0, 0.0, 0.0, 0.0, 0.0, 0.0, 0.0, 0.0, 0.0, 0.0, 0.0, 0.0, 0.0, 0.0, 0.0, 0.0, 0.0, 0.0, 0.0, 0.0, 0.0, 0.0, 0.0, 0.0, 0.0, 0.0, 0.0, 0.0, 0.0, 0.0, 0.0, 0.0, 0.0, 0.0, 0.0, 0.0, 0.0, 0.0, 0.0, 0.0, 0.0], "FOD d proportion": [0.0, 0.0, 0.0, 0.0, 0.0, 0.0, 0.0, 0.0, 0.0, 0.0, 0.0, 0.0, 0.0, 0.0, 0.0, 0.0, 0.0, 0.0, 0.0, 0.0, 0.0, 0.0, 0.0, 0.0, 0.0, 0.0, 0.0, 0.0, 0.0, 0.0, 0.0, 0.0, 0.0, 0.0, 0.0, 0.0, 0.0, 0.0, 0.0, 0.0, 0.0, 0.0, 0.0, 0.0], "coordinates": [["5.98090", "1.90050", "-0.64410"], ["4.50640", "1.70250", "-0.32650"], ["3.77970", "0.99500", "-1.47370"], ["2.27390", "0.85510", "-1.25090"], ["1.87120", "-0.30380", "0.08570"], ["-0.21650", "-0.22930", "0.18020"], ["-0.77860", "-0.38580", "-1.20770"], ["-0.92770", "-1.78200", "1.38700"], ["-0.60700", "-3.26640", "0.39490"], ["-1.06360", "-4.51390", "1.14740"], ["-0.72840", "-5.81230", "0.40720"], ["-1.47200", "-5.96970", "-0.91020"], ["-0.82390", "1.61260", "0.96210"], ["-2.61090", "1.63580", "0.65060"], ["-3.27770", "2.91800", "1.14870"], ["-2.88450", "4.16460", "0.35110"], ["-3.65000", "5.39010", "0.82700"], ["6.11050", "2.51190", "-1.54280"], ["6.48250", "2.40740", "0.18620"], ["6.47920", "0.93950", "-0.80670"], ["4.42280", "1.12350", "0.59930"], ["4.04550", "2.67990", "-0.14180"], ["4.22990", "0.01070", "-1.65470"], ["3.93020", "1.57650", "-2.39240"], ["1.80730", "0.48380", "-2.16890"], ["1.83160", "1.83040", "-1.02530"], ["0.46430", "-3.32130", "0.17890"], ["-1.14280", "-3.16420", "-0.55290"], ["-2.14480", "-4.47220", "1.33060"], ["-0.57350", "-4.55320", "2.12880"], ["0.35120", "-5.87050", "0.22610"], ["-0.98670", "-6.65790", "1.05590"], ["-2.55330", "-5.88330", "-0.76410"], ["-1.26620", "-6.95450", "-1.34180"], ["-1.15940", "-5.21730", "-1.64000"], ["-3.05460", "0.77710", "1.16420"], ["-2.78750", "1.50810", "-0.42220"], ["-3.06190", "3.06880", "2.21400"], ["-4.36420", "2.78300", "1.07040"], ["-1.81180", "4.36300", "0.44820"], ["-3.09080", "4.00460", "-0.71350"], ["-3.35610", "6.26970", "0.24560"], ["-4.72910", "5.24990", "0.70790"], ["-3.44380", "5.59560", "1.88230"]], "bond_dist": [[0.0, 1.5212573779607448, 2.5206046596005494, 3.899091740392883, 4.720294548012867, 6.604792600074585, 7.157908416569746, 8.087949518883015, 8.436634579024979, 9.694275623273768, 10.27653745285833, 10.842351020881033, 6.997718763282789, 8.692832761534067, 9.485310329662388, 9.203906182159834, 10.348704178784898, 1.094654196538797, 1.0945082274702187, 1.0946518396275593, 2.139497176908631, 2.146052844176956, 2.7674279394412427, 2.7142032679959693, 4.663795759893437, 4.167363427876191, 7.640510441063477, 8.741087187529935, 10.513693255464513, 9.607256500166944, 9.635310640036469, 11.166183784982225, 11.551385721202458, 11.463780733248521, 10.131079791414141, 9.28290023107003, 8.779980406014582, 9.555411678206228, 10.52327945604411, 8.245192467735365, 9.312775851484885, 10.34703067213005, 11.302675982261901, 10.433668149792766], [1.5212573779607448, 0.0, 1.5312468710172114, 2.5605972682169296, 3.337578099460745, 5.127804651115329, 5.750542177047309, 6.678867067849157, 7.166396914070557, 8.475901731969289, 9.187690992300514, 9.743953257790187, 5.484584766415777, 7.184367236576928, 8.01535202595619, 7.819621536877601, 9.025287639183585, 2.1697121606332948, 2.1597954787432996, 2.169032245034637, 1.0951418173003897, 1.096290864688747, 2.168583576899908, 2.1484471717964118, 3.48780851825326, 2.7675322744278885, 6.467810140225206, 7.459858342488817, 9.225581929612897, 8.424230801088013, 8.655713881592897, 10.098587303677679, 10.371847448261086, 10.454539389662273, 9.039369664417979, 7.761911662084283, 7.297117722772465, 8.099387682411555, 9.04468651861412, 6.89913556759106, 7.947759511333997, 9.110736550905202, 9.947285577985584, 9.123634423298647], [2.5206046596005494, 1.5312468710172114, 0.0, 1.528609004945346, 2.7858539175628003, 4.49487598716583, 4.7702687062680225, 6.168869284560988, 6.394867692923756, 7.789460784290528, 8.378549021757884, 8.740991432898214, 5.244776864653062, 6.76483876304528, 7.770573049653416, 7.601830098075068, 8.933675984162399, 2.7817960133697794, 3.4720699316114008, 2.7812352471518835, 2.1742628313982646, 2.1641384567536335, 1.0974003508291765, 1.0976348163209837, 2.1529027474551654, 2.1665754844915974, 5.68800576740214, 6.509825153565955, 8.535459834127275, 7.919020124358822, 7.859963265817468, 9.363990790790004, 9.376642898713804, 9.416637121074594, 7.938201042427686, 7.3289599064260145, 6.670610144507022, 8.044082812229123, 8.71736749368753, 6.804556992192806, 7.539188712984972, 9.038699808047616, 9.760288418381908, 9.198217686595594], [3.899091740392883, 2.5605972682169296, 1.528609004945346, 0.0, 1.8143087003043334, 3.0701893638666653, 3.295368765403957, 4.915593085274655, 5.291030589592164, 6.7614281139416095, 7.497821260873054, 7.792672092421187, 3.881692941230669, 5.299666572530767, 6.390140775444622, 6.334689006573251, 7.744448632407603, 4.1892351819872795, 4.710329676360244, 4.229537219365731, 2.8483415894165502, 2.7746286976819077, 2.168409970462228, 2.137000210575563, 1.0946703841796397, 1.0944106815999193, 4.770880124253805, 5.321260694609878, 7.387095317511477, 6.984251408705159, 7.1492656720812935, 8.508701875139357, 8.303304681872152, 8.574988220400073, 6.986629334664892, 5.850786636000325, 5.1701956104193965, 6.736227530302106, 7.291749015839752, 5.6467023748379015, 6.2440495753957626, 7.953257534494906, 8.49665660598332, 8.061102640458065], [4.720294548012867, 3.337578099460745, 2.7858539175628003, 1.8143087003043334, 0.0, 2.091165175207353, 2.9497538202365297, 3.4223235001969052, 3.874800464540078, 5.240725134940774, 6.099578236238962, 6.653662589882358, 3.421144535093483, 4.916338127102326, 6.166128076029559, 6.530981412467807, 7.965781338952256, 5.343392483245077, 5.350214330286217, 4.855495510244037, 2.9684394570211463, 3.6988920543860155, 2.948112633533529, 3.7304140118758937, 2.3890621862982138, 2.406387084406829, 3.330669617359248, 4.204033077890801, 5.920607280507634, 5.311140749405913, 5.772197246283255, 7.034448610943149, 7.171414124145948, 7.4908507861257, 6.025367963867435, 5.157035262629101, 5.024383515417588, 6.343466501842664, 7.026961042299865, 5.956082394493884, 6.619854620760187, 8.40006759198996, 8.648391562597059, 8.14124787240875], [6.604792600074585, 5.127804651115329, 4.49487598716583, 3.0701893638666653, 2.091165175207353, 0.0, 1.5055613803495358, 2.0911836289527517, 3.0696193167883212, 4.473349014999835, 5.61101235161713, 5.976407329658847, 2.0911475270769393, 3.071323091112363, 4.496046594509448, 5.143324607683245, 6.6170181237472825, 7.10730859327214, 7.1992238394149135, 6.868221279195946, 4.850651207827666, 5.170277810717717, 4.816111602735136, 5.203297540022097, 3.1815953325336648, 3.1448859995236713, 3.166062906829237, 3.1637170085201998, 4.800412634347176, 4.756112085516909, 5.669878970489582, 6.5335255788892415, 6.190319275287826, 6.974716419324874, 5.392803765204144, 3.167950215833576, 3.1609311159846554, 4.807297287457891, 5.202866769387815, 4.868883381228185, 5.19482525115138, 7.217919805594962, 7.117840872764718, 6.873286674510238], [7.157908416569746, 5.750542177047309, 4.7702687062680225, 3.295368765403957, 2.9497538202365297, 1.5055613803495358, 0.0, 2.950266655744867, 3.300852871607579, 4.761190042415866, 5.661918782533003, 5.634647195699124, 2.950201127042019, 3.301131433311918, 4.765838458235864, 5.2507915984163755, 6.763576188674154, 7.481220228679276, 7.903701453116761, 7.388699610215588, 5.709448086286449, 5.814344340508223, 5.044015612584877, 5.237072924831198, 2.8925747025790014, 3.428987640689304, 3.476294035319797, 2.8776572485270027, 5.000813362844089, 5.342426510491277, 5.780498643715783, 6.671313887084012, 5.793862899655117, 6.58813754106576, 4.865725452591834, 3.4868928890919495, 2.870461055301047, 5.371754921810934, 5.2997698450027055, 5.134258319368047, 4.986593490550438, 7.283630097005202, 7.144024643014608, 7.2407552782841655], [8.087949518883015, 6.678867067849157, 6.168869284560988, 4.915593085274655, 3.4223235001969052, 2.0911836289527517, 2.950266655744867, 0.0, 1.8139884950021044, 2.7457520973314393, 4.152474758502452, 4.807309187060886, 3.4226632335069134, 3.880309786602095, 5.26016034831639, 6.345408309163407, 7.691783648803443, 8.749717966311827, 8.596746887049775, 8.190302164755582, 6.139238697916867, 6.8540863205827804, 6.250323986802604, 7.011603170459662, 5.025783466286624, 5.1461015866381805, 2.401377542161998, 2.391643129733197, 2.953250651400927, 2.890549138139672, 4.43836752308774, 4.887484938084208, 4.9082041787195445, 5.857959366537123, 4.584506514337175, 3.3350166806179544, 4.19008576165214, 5.363674046770552, 5.7226735718543305, 6.2788536573167555, 6.525016583886972, 8.487036786181617, 8.022433320383536, 7.810573798383829], [8.436634579024979, 7.166396914070557, 6.394867692923756, 5.291030589592164, 3.874800464540078, 3.0696193167883212, 3.300852871607579, 1.8139884950021044, 0.0, 1.526759987686342, 2.548822484991844, 3.123994542248753, 4.916645446846863, 5.30212811425752, 6.7784700552558315, 7.772302470310841, 9.185943155713518, 9.070184035067866, 9.082762376061591, 8.327524710860965, 6.679213232859092, 7.569166851774375, 6.191594801018555, 7.197840338601573, 5.14450337447649, 5.825899779433216, 1.0942365831939636, 1.0935498708335163, 2.1666372492874757, 2.1594873697245838, 2.779924007954174, 3.476113539572607, 3.4611458073880685, 4.1294979283201005, 2.8726250329620115, 4.788784866748558, 5.312069550561249, 7.033521014399545, 7.153187572683943, 7.724126377138065, 7.763069882462736, 9.925575273504302, 9.466627863183385, 9.42310124109892], [9.694275623273768, 8.475901731969289, 7.789460784290528, 6.7614281139416095, 5.240725134940774, 4.473349014999835, 4.761190042415866, 2.7457520973314393, 1.526759987686342, 0.0, 1.5316976333467385, 2.55340203649954, 6.133986829949996, 6.360798504904867, 7.754700388151691, 8.903152966786541, 10.241158973475608, 10.39551597997906, 10.284547843245225, 9.51062091611268, 7.885510594121347, 8.91715750057158, 7.5063247878039485, 8.634882433478756, 6.649580271716403, 7.304310427412022, 2.166740736682633, 2.172321988103973, 1.09740355840502, 1.0976741137514359, 2.165829238421164, 2.147329005997917, 2.7835758836431963, 3.4919467006241667, 2.876377576049431, 5.653233078513568, 6.457550570456261, 7.91379667037257, 8.009034833861067, 8.935772909491376, 8.951945648851986, 11.061411684319502, 10.438430961595714, 10.4118884118108], [10.27653745285833, 9.187690992300514, 8.378549021757884, 7.497821260873054, 6.099578236238962, 5.61101235161713, 5.661918782533003, 4.152474758502452, 2.548822484991844, 1.5316976333467385, 0.0, 1.5209399988165215, 7.446218790097427, 7.686172221593788, 9.125069360284337, 10.207372239220044, 11.584720297011923, 10.948303925722923, 10.936607696173434, 9.95036955142873, 8.641590449101368, 9.757509059693463, 7.921079440328823, 9.172495819568413, 7.259954607984818, 8.186361801191053, 2.771233512355103, 2.8470955340486905, 2.1574810613305506, 2.1385119546076887, 1.0962301811207353, 1.0966174994044187, 2.1696185609456795, 2.1570467496092895, 2.1750434110610297, 7.028829760351291, 7.6495786374152654, 9.358615586720077, 9.356177529846256, 10.232896298213914, 10.159154879221008, 12.365502248190326, 11.767254982365259, 11.819031245410937], [10.842351020881033, 9.743953257790187, 8.740991432898214, 7.792672092421187, 6.653662589882358, 5.976407329658847, 5.634647195699124, 4.807309187060886, 3.123994542248753, 2.55340203649954, 1.5209399988165215, 0.0, 7.836888042456648, 7.847089912827557, 9.300044784300772, 10.3097075821771, 11.696435520277106, 11.39438579169584, 11.603963444444314, 10.534198513887992, 9.345626973617126, 10.288285813001114, 8.29645273716424, 9.398181532615764, 7.3475027342628465, 8.471633902618786, 3.4567931757627615, 2.8472559034972593, 2.7778320197592943, 3.4712095154283036, 2.150599118850373, 2.138851219697153, 1.0945409357351603, 1.094743458532638, 1.093815596890079, 7.233745113010272, 7.60829659582222, 9.69447728864223, 9.428539361428152, 10.427147447408615, 10.106723743132587, 12.437387941605744, 11.794336445090924, 12.059942602682654], [6.997718763282789, 5.484584766415777, 5.244776864653062, 3.881692941230669, 3.421144535093483, 2.0911475270769393, 2.950201127042019, 3.4226632335069134, 4.916645446846863, 6.133986829949996, 7.446218790097427, 7.836888042456648, 0.0, 1.8140946750376616, 2.7856818124114606, 3.336479785642347, 4.7195973843115056, 7.427595025309336, 7.390345648885443, 7.544334739392202, 5.281922333772052, 5.105759577183399, 5.912243253622097, 5.818542796095944, 4.2427071404941445, 3.3239849352847552, 5.159092041241365, 5.021428128530767, 6.23741613971683, 6.280205306357429, 7.61047578144757, 8.272633953584554, 7.884104743723285, 8.882498911342461, 7.316489504536995, 2.3905913808093597, 2.4047726919607184, 2.9489686417457883, 3.730320246305939, 2.967278177050477, 3.6970440854823465, 5.349204567036112, 5.342766696197767, 4.855402460146841], [8.692832761534067, 7.184367236576928, 6.76483876304528, 5.299666572530767, 4.916338127102326, 3.071323091112363, 3.301131433311918, 3.880309786602095, 5.30212811425752, 6.360798504904867, 7.686172221593788, 7.847089912827557, 1.8140946750376616, 0.0, 1.5286473399708647, 2.5611299557031466, 3.8994376851028156, 9.035561561408343, 9.137885832072973, 9.232468520931983, 7.052518604725548, 6.7842246078678725, 7.399452867611226, 7.214523872023711, 5.366299981365186, 4.752085460090128, 5.852537598341423, 5.161756470427484, 6.163384882513828, 6.681301894092199, 8.080765826949818, 8.460954639991872, 7.651245562651875, 8.920265127225761, 7.370120773772978, 1.0945411550051465, 1.0947121493799181, 2.1682042246984023, 2.1369044831250648, 2.8490606188707193, 2.7752993099844208, 4.710878607011648, 4.189483660309467, 4.22975452479219], [9.485310329662388, 8.01535202595619, 7.770573049653416, 6.390140775444622, 6.166128076029559, 4.496046594509448, 4.765838458235864, 5.26016034831639, 6.7784700552558315, 7.754700388151691, 9.125069360284337, 9.300044784300772, 2.7856818124114606, 1.5286473399708647, 0.0, 1.5312686113154674, 2.5205905240637563, 9.774834458956326, 9.82082596577294, 10.145696083561738, 7.925892433032383, 7.439848123449833, 8.524992821697857, 8.142041136594681, 6.541332005027722, 5.658100056556087, 7.339750713069212, 6.666813137474306, 7.4787436150733235, 8.005755622675476, 9.55289684964723, 9.846580810108655, 9.035842013337772, 10.37858269466501, 8.857039498048996, 2.1525488774938424, 2.1669888924496132, 1.0973487914059046, 1.0976511923193093, 2.1743017407894425, 2.164121071012433, 3.472121694295867, 2.7818382789083915, 2.7812407177373193], [9.203906182159834, 7.819621536877601, 7.601830098075068, 6.334689006573251, 6.530981412467807, 5.143324607683245, 5.2507915984163755, 6.345408309163407, 7.772302470310841, 8.903152966786541, 10.207372239220044, 10.3097075821771, 3.336479785642347, 2.5611299557031466, 1.5312686113154674, 0.0, 1.5212893577488802, 9.339609172765208, 9.531822115944045, 9.970990349007465, 7.918745212468955, 7.104377840458656, 8.478962566847432, 7.788786166662941, 6.473922758266428, 5.439169588273563, 8.202610138852146, 7.586965423013341, 8.723582439571487, 9.192441195351755, 10.544601059309924, 11.010217714922806, 10.115021447826988, 11.36306253216975, 9.7447676642391, 3.4878678114286386, 2.768464220465925, 2.168558233020271, 2.1484234079901476, 1.0952060354106892, 1.096144538826883, 2.1598571295342666, 2.1697307413593974, 2.1691359869773033], [10.348704178784898, 9.025287639183585, 8.933675984162399, 7.744448632407603, 7.965781338952256, 6.6170181237472825, 6.763576188674154, 7.691783648803443, 9.185943155713518, 10.241158973475608, 11.584720297011923, 11.696435520277106, 4.7195973843115056, 3.8994376851028156, 2.5205905240637563, 1.5212893577488802, 0.0, 10.448317928260032, 10.581808927588893