{"total energy": -24.05197296, "HOMO-LUMO gap/eV": 11.64593765, "electronic energy": -24.34654199, "dipole": [0.32312725, -0.0707874, -0.70360103], "partial charges": [-0.09843503, -0.06103087, 0.01400006, -0.10491656, -0.10382865, 0.07488459, -0.44235292, 0.03204719, 0.03709409, 0.03475091, 0.02976535, 0.02697112, 0.03524842, 0.03460192, 0.04694296, 0.0399771, 0.02771525, 0.03378465, 0.0432648, 0.01320817, 0.28630745], "atomic dipole moments": [[-0.07168818, -0.06813249, 0.04454465], [-0.0328034, 0.09655184, -0.03618111], [-0.0075097, -0.01960882, 0.00496924], [0.00944242, -0.09143929, -0.06036985], [0.03250522, -0.01918876, 0.09268815], [-0.15725093, 0.11682917, -0.02563644], [0.17095029, -0.06884476, -0.1507578], [0.11242991, -0.05344064, 0.00052607], [0.014448, 0.10832482, 0.06402458], [-0.02388217, 0.02496905, -0.12124088], [0.04469656, -0.03050261, 0.11076462], [0.00795715, -0.10620259, -0.06061571], [0.06050129, 0.09825665, -0.05089453], [0.04751206, -0.01421648, 0.11772648], [-0.11971801, 0.04631141, 0.0163158], [0.06238557, 0.09267591, -0.06272729], [0.00253844, -0.10116421, -0.0748569], [-0.11831726, 0.04265878, -0.00285831], [0.04337572, -0.03129111, 0.11506309], [-0.00955967, -0.10364155, -0.05745805], [-0.02631468, -0.00965668, -0.07348531]], "atomic quadrupole moments": [[0.03746913, 0.12566427, 0.0278208, -0.09013253, -0.09748925, -0.06528993], [0.16922036, 0.03656788, -0.02615469, -0.09682563, -0.0838579, -0.14306566], [-0.00023209, 0.00162859, 0.0045666, -0.00330663, -0.01682778, -0.00433451], [-0.10712711, 0.00218133, 0.1078934, -0.00543614, 0.1450188, -0.00076629], [-0.05749589, -0.01456238, -0.098274, 0.09070926, -0.03416782, 0.15576989], [0.39130167, -0.1157783, -0.12069993, -0.115423, -0.06046657, -0.27060174], [0.13889429, -0.07775601, -0.09034212, -0.031714, 0.01095471, -0.04855217], [0.05324501, -0.04928196, -0.00382282, -0.00060156, -0.0132872, -0.04942218], [-0.0437893, 0.00153376, 0.04337269, -0.0142684, 0.05481442, 0.00041661], [-0.0230317, 0.0051727, -0.03799104, 0.04237309, -0.02271335, 0.06102274], [-0.00722702, 0.00793222, -0.04640829, 0.01505859, -0.0124623, 0.05363531], [-0.01479942, 0.01621661, 0.01998165, -0.00728092, 0.04916779, -0.00518223], [-0.00851315, 0.04621384, 0.01228924, -0.04433607, -0.03621782, -0.00377609], [-0.03003501, -0.017242, -0.02432424, 0.04661998, -0.02300034, 0.05435925], [0.0768498, -0.01946296, -0.03236544, -0.00237905, 0.00894703, -0.04448436], [0.00772295, 0.05812861, 0.01380946, -0.01814555, -0.03166571, -0.02153241], [-0.04903647, -0.01365627, 0.05579092, 0.002384, 0.05043947, -0.00675446], [0.06860387, -0.0367906, -0.04190974, -0.02135944, 0.00468333, -0.02669413], [0.0003044, 0.00350802, -0.04398607, 0.02369107, -0.00570283, 0.04368167], [0.00519848, -0.00795681, 0.00381334, -0.00701643, 0.04864602, -0.00901182], [-0.00801081, -0.02202997, -0.08538821, 0.07624381, 0.01566145, 0.09339903]], "number of molecular orbitals": 42, "number of electrons": 44, "number of unpaired electrons": 0, "orbital energies/eV": [-18.47547497, -17.24301903, -16.58901471, -16.37177282, -15.96663254, -15.68971156, -15.0976767, -14.7399906, -14.2286259, -14.06252223, -13.73863218, -13.33919971, -13.11077468, -12.7177226, -12.61872495, -12.41983958, -12.22670366, -12.03287772, -11.84199591, -11.56130016, -11.52380265, -10.92054111, 0.72539654, 1.77233923, 1.92557592, 2.04350363, 2.55444576, 3.61785088, 3.69748152, 4.0308392, 4.51777548, 4.9315329, 5.18181939, 5.75848264, 5.85560589, 6.17114154, 6.41604863, 6.9617612, 7.06472948, 7.15465202, 7.41653724, 7.80291025], "fractional occupation": [2.0, 2.0, 2.0, 2.0, 2.0, 2.0, 2.0, 2.0, 2.0, 2.0, 2.0, 2.0, 2.0, 2.0, 2.0, 2.0, 2.0, 2.0, 2.0, 2.0, 2.0, 2.0, 0.0, 0.0, 0.0, 0.0, 0.0, 0.0, 0.0, 0.0, 0.0, 0.0, 0.0, 0.0, 0.0, 0.0, 0.0, 0.0, 0.0, 0.0, 0.0, 0.0], "program call": "xtb /home/svss/Project-DBcg-Debug/aqme2_20220329/End-to-End-workflows-final/example-3/QDESCP/mol_328_rdkit_conf_10/mol_328_rdkit_conf_10.xyz --pop --wbo --acc 0.2 --gfn 2 --chrg 0 --uhf 0 --etemp 300 --input /home/svss/Project-DBcg-Debug/aqme2_20220329/End-to-End-workflows-final/example-3/QDESCP/mol_328_rdkit_conf_10/mol_328_rdkit_conf_10_xtb.inp", "method": "GFN2-xTB", "xtb version": "6.3.3 (7355c4f)", "Dipole module/D": 1.976, "Total charge": 0, "Transition dipole module/D": NaN, "HOMO": -10.9205, "LUMO": 0.7254, "HOMO occupancy": 2.0, "LUMO occupancy": 0, "mulliken charges": [-0.08143, -0.05481, 0.00769, -0.09042, -0.09687, 0.18489, -0.56274, 0.02967, 0.02929, 0.02768, 0.02494, 0.02217, 0.02645, 0.02986, 0.04102, 0.03356, 0.02467, 0.03039, 0.03063, 0.00976, 0.33359], "cm5 charges": [-0.23225, -0.16293, -0.0242, -0.23568, -0.24293, 0.10169, -0.77904, 0.08043, 0.08122, 0.0796, 0.08046, 0.07767, 0.07905, 0.0824, 0.0958, 0.08619, 0.07715, 0.08469, 0.09436, 0.07287, 0.50347], "FUKUI+": [0.013, -0.032, -0.04, 0.023, 0.026, -0.018, -0.134, -0.089, -0.049, -0.048, -0.06, -0.06, -0.05, -0.048, -0.041, -0.052, -0.049, -0.037, -0.083, -0.084, -0.088], "FUKUI-": [0.014, 0.009, -0.033, 0.02, 0.025, 0.005, -0.137, -0.07, -0.067, -0.068, -0.072, -0.074, -0.078, -0.053, -0.05, -0.065, -0.046, -0.044, -0.07, -0.092, -0.057], "FUKUIrad": [0.013, -0.012, -0.036, 0.021, 0.025, -0.006, -0.135, -0.079, -0.058, -0.058, -0.066, -0.067, -0.064, -0.05, -0.045, -0.059, -0.047, -0.04, -0.076, -0.088, -0.073], "s proportion": [1.007, 1.036, 1.094, 1.014, 1.016, 1.0, 1.696, 0.97, 0.971, 0.972, 0.975, 0.978, 0.974, 0.97, 0.959, 0.966, 0.975, 0.97, 0.969, 0.99, 0.666], "p proportion": [3.075, 3.018, 2.898, 3.076, 3.081, 2.815, 4.867, 0.0, 0.0, 0.0, 0.0, 0.0, 0.0, 0.0, 0.0, 0.0, 0.0, 0.0, 0.0, 0.0, 0.0], "d proportion": [0.0, 0.0, 0.0, 0.0, 0.0, 0.0, 0.0, 0.0, 0.0, 0.0, 0.0, 0.0, 0.0, 0.0, 0.0, 0.0, 0.0, 0.0, 0.0, 0.0, 0.0], "Fermi-level/eV": -5.0976, "Coordination numbers": [3.748, 3.802, 3.892, 3.754, 3.753, 3.678, 1.653, 0.924, 0.924, 0.924, 0.923, 0.923, 0.924, 0.924, 0.924, 0.924, 0.924, 0.924, 0.924, 0.924, 0.804], "Dispersion coefficient C6": [22.447, 21.673, 20.288, 22.563, 22.542, 19.54, 21.69, 2.558, 2.488, 2.52, 2.59, 2.63, 2.513, 2.522, 2.359, 2.449, 2.619, 2.533, 2.406, 2.839, 0.764], "Total dispersion C6": 2910.746374, "Total dispersion C8": 60089.006416, "Polarizability alpha": [6.758, 6.628, 6.403, 6.773, 6.77, 6.332, 6.287, 2.501, 2.467, 2.483, 2.517, 2.536, 2.479, 2.484, 2.402, 2.447, 2.531, 2.489, 2.426, 2.635, 1.373], "Total polarizability alpha": 79.719986, "Wiberg matrix": [[0.0, 1.0207318471669797, 0.0, 0.0, 0.0, 0.0, 0.0, 0.9861437401479288, 0.9852809437306722, 0.9853009802319328, 0.0, 0.0, 0.0, 0.0, 0.0, 0.0, 0.0, 0.0, 0.0, 0.0, 0.0], [1.0207318471669797, 0.0, 0.9813273464002031, 0.0, 0.0, 0.0, 0.0, 0.0, 0.0, 0.0, 0.9767268678082706, 0.9769324159530753, 0.0, 0.0, 0.0, 0.0, 0.0, 0.0, 0.0, 0.0, 0.0], [0.0, 0.9813273464002031, 0.0, 0.9998646472769763, 0.9996476668102621, 0.970622292626832, 0.0, 0.0, 0.0, 0.0, 0.0, 0.0, 0.0, 0.0, 0.0, 0.0, 0.0, 0.0, 0.0, 0.0, 0.0], [0.0, 0.0, 0.9998646472769763, 0.0, 0.0, 0.0, 0.0, 0.0, 0.0, 0.0, 0.0, 0.0, 0.9835737380292606, 0.9861271119325743, 0.9837812342544522, 0.0, 0.0, 0.0, 0.0, 0.0, 0.0], [0.0, 0.0, 0.9996476668102621, 0.0, 0.0, 0.0, 0.0, 0.0, 0.0, 0.0, 0.0, 0.0, 0.0, 0.0, 0.0, 0.982503090171593, 0.9864152409248849, 0.9816402855358146, 0.0, 0.0, 0.0], [0.0, 0.0, 0.970622292626832, 0.0, 0.0, 0.0, 0.9978935469801253, 0.0, 0.0, 0.0, 0.0, 0.0, 0.0, 0.0, 0.0, 0.0, 0.0, 0.0, 0.9723183553911512, 0.973370257232719, 0.0], [0.0, 0.0, 0.0, 0.0, 0.0, 0.9978935469801253, 0.0, 0.0, 0.0, 0.0, 0.0, 0.0, 0.0, 0.0, 0.0, 0.0, 0.0, 0.0, 0.0, 0.0, 0.9015142566109235], [0.9861437401479288, 0.0, 0.0, 0.0, 0.0, 0.0, 0.0, 0.0, 0.0, 0.0, 0.0, 0.0, 0.0, 0.0, 0.0, 0.0, 0.0, 0.0, 0.0, 0.0, 0.0], [0.9852809437306722, 0.0, 0.0, 0.0, 0.0, 0.0, 0.0, 0.0, 0.0, 0.0, 0.0, 0.0, 0.0, 0.0, 0.0, 0.0, 0.0, 0.0, 0.0, 0.0, 0.0], [0.9853009802319328, 0.0, 0.0, 0.0, 0.0, 0.0, 0.0, 0.0, 0.0, 0.0, 0.0, 0.0, 0.0, 0.0, 0.0, 0.0, 0.0, 0.0, 0.0, 0.0, 0.0], [0.0, 0.9767268678082706, 0.0, 0.0, 0.0, 0.0, 0.0, 0.0, 0.0, 0.0, 0.0, 0.0, 0.0, 0.0, 0.0, 0.0, 0.0, 0.0, 0.0, 0.0, 0.0], [0.0, 0.9769324159530753, 0.0, 0.0, 0.0, 0.0, 0.0, 0.0, 0.0, 0.0, 0.0, 0.0, 0.0, 0.0, 0.0, 0.0, 0.0, 0.0, 0.0, 0.0, 0.0], [0.0, 0.0, 0.0, 0.9835737380292606, 0.0, 0.0, 0.0, 0.0, 0.0, 0.0, 0.0, 0.0, 0.0, 0.0, 0.0, 0.0, 0.0, 0.0, 0.0, 0.0, 0.0], [0.0, 0.0, 0.0, 0.9861271119325743, 0.0, 0.0, 0.0, 0.0, 0.0, 0.0, 0.0, 0.0, 0.0, 0.0, 0.0, 0.0, 0.0, 0.0, 0.0, 0.0, 0.0], [0.0, 0.0, 0.0, 0.9837812342544522, 0.0, 0.0, 0.0, 0.0, 0.0, 0.0, 0.0, 0.0, 0.0, 0.0, 0.0, 0.0, 0.0, 0.0, 0.0, 0.0, 0.0], [0.0, 0.0, 0.0, 0.0, 0.982503090171593, 0.0, 0.0, 0.0, 0.0, 0.0, 0.0, 0.0, 0.0, 0.0, 0.0, 0.0, 0.0, 0.0, 0.0, 0.0, 0.0], [0.0, 0.0, 0.0, 0.0, 0.9864152409248849, 0.0, 0.0, 0.0, 0.0, 0.0, 0.0, 0.0, 0.0, 0.0, 0.0, 0.0, 0.0, 0.0, 0.0, 0.0, 0.0], [0.0, 0.0, 0.0, 0.0, 0.9816402855358146, 0.0, 0.0, 0.0, 0.0, 0.0, 0.0, 0.0, 0.0, 0.0, 0.0, 0.0, 0.0, 0.0, 0.0, 0.0, 0.0], [0.0, 0.0, 0.0, 0.0, 0.0, 0.9723183553911512, 0.0, 0.0, 0.0, 0.0, 0.0, 0.0, 0.0, 0.0, 0.0, 0.0, 0.0, 0.0, 0.0, 0.0, 0.0], [0.0, 0.0, 0.0, 0.0, 0.0, 0.973370257232719, 0.0, 0.0, 0.0, 0.0, 0.0, 0.0, 0.0, 0.0, 0.0, 0.0, 0.0, 0.0, 0.0, 0.0, 0.0], [0.0, 0.0, 0.0, 0.0, 0.0, 0.0, 0.9015142566109235, 0.0, 0.0, 0.0, 0.0, 0.0, 0.0, 0.0, 0.0, 0.0, 0.0, 0.0, 0.0, 0.0, 0.0]], "Born radii": [], "Atomic SASAs": [], "Solvent H bonds": [], "Total SASA": NaN, "Total FOD": 0.0, "FOD": [0.0, 0.0, 0.0, 0.0, 0.0, 0.0, 0.0, 0.0, 0.0, 0.0, 0.0, 0.0, 0.0, 0.0, 0.0, 0.0, 0.0, 0.0, 0.0, 0.0, 0.0], "FOD s proportion": [0.0, 0.0, 0.0, 0.0, 0.0, 0.0, 0.0, 0.0, 0.0, 0.0, 0.0, 0.0, 0.0, 0.0, 0.0, 0.0, 0.0, 0.0, 0.0, 0.0, 0.0], "FOD p proportion": [0.0, 0.0, 0.0, 0.0, 0.0, 0.0, 0.0, 0.0, 0.0, 0.0, 0.0, 0.0, 0.0, 0.0, 0.0, 0.0, 0.0, 0.0, 0.0, 0.0, 0.0], "FOD d proportion": [0.0, 0.0, 0.0, 0.0, 0.0, 0.0, 0.0, 0.0, 0.0, 0.0, 0.0, 0.0, 0.0, 0.0, 0.0, 0.0, 0.0, 0.0, 0.0, 0.0, 0.0], "coordinates": [["2.21990", "0.35010", "-0.64180"], ["1.19690", "-0.58670", "-0.01040"], ["-0.26250", "-0.05870", "0.06520"], ["-0.33670", "1.23540", "0.89700"], ["-0.81170", "0.23110", "-1.34410"], ["-1.11660", "-1.15760", "0.74780"], ["-2.47550", "-0.77140", "0.90960"], ["3.20720", "-0.12410", "-0.63480"], ["2.30540", "1.28930", "-0.08860"], ["1.97480", "0.57640", "-1.68300"], ["1.54450", "-0.83040", "1.00220"], ["1.20990", "-1.52970", "-0.57260"], ["0.21690", "2.05310", "0.42410"], ["0.07910", "1.08280", "1.89910"], ["-1.37070", "1.57840", "1.01430"], ["-0.23900", "1.01610", "-1.84840"], ["-0.77700", "-0.66640", "-1.97140"], ["-1.85090", "0.57580", "-1.31020"], ["-0.72420", "-1.37910", "1.74660"], ["-1.09410", "-2.09150", "0.17420"], ["-2.89560", "-0.79300", "0.03360"]], "bond_dist": [[0.0, 1.5240699459014342, 2.6132883882189506, 3.1125335484135745, 3.114158770840048, 3.916169008099625, 5.070639542503489, 1.095297187981417, 1.093360475780975, 1.0933357855663555, 2.1336544729641678, 2.1350729917265125, 2.8369633078346292, 3.4023589963435668, 4.140506787821994, 2.8187991716331973, 3.4325672637255047, 4.131478148314475, 4.166810772041369, 4.196410675803787, 5.284996028380721], [1.5240699459014342, 0.0, 1.553817144969124, 2.5485980714895002, 2.5459824213847195, 2.5006151843096536, 3.7903872955147992, 2.1552680134962334, 2.1804273640733824, 2.1807156577600852, 1.0979864343424284, 1.0979466471554982, 2.8491637878507445, 2.7718039865762516, 3.511443842637954, 2.830021316174138, 2.783550664169776, 3.511405862329218, 2.7213180574861147, 2.7472133517439086, 4.097932642198991], [2.6132883882189506, 1.553817144969124, 0.0, 1.5401596313369599, 1.5400425870734873, 1.5501647589853151, 2.473524135722148, 3.5402111872033846, 2.9042845676689466, 2.909478740255718, 2.176864462937461, 2.176830631905018, 2.1950701150532757, 2.1869846867319396, 2.192941964576354, 2.1949059774851403, 2.1867210841806046, 2.1948416731053744, 2.1871737493852654, 2.199026011669712, 2.7337539501571824], [3.1125335484135745, 2.5485980714895002, 1.5401596313369599, 0.0, 2.501354173242966, 2.521299992067584, 2.932894549757969, 4.093150217131055, 2.8204618380683684, 3.526147082865376, 2.7959810657441873, 3.4924881860931185, 1.0948701566852574, 1.0956189164120889, 1.0957026467066693, 2.7558771634454247, 3.4696434816851145, 2.7567382247866776, 2.776254069785401, 3.487744000066519, 3.3775487161549576], [3.114158770840048, 2.5459824213847195, 1.5400425870734873, 2.501354173242966, 0.0, 2.5293274422264904, 2.9752983682313277, 4.096441228676422, 3.5231207614840567, 2.8281915688298063, 3.490499159146153, 2.789712431416543, 2.739385551542535, 3.469476007987373, 2.773039640899495, 1.0947733920771001, 1.095543531768592, 1.095401268942117, 3.4860904721478474, 2.789167512000669, 2.699903203820463], [3.916169008099625, 2.5006151843096536, 1.5501647589853151, 2.521299992067584, 2.5293274422264904, 0.0, 1.4219489758778263, 4.655636524687038, 4.289168750469023, 4.297941204809577, 2.693182580145654, 2.700836318624289, 3.491646950938769, 2.7882938044617895, 2.7606675026159886, 3.4979147917009072, 2.783999683908028, 2.7891281881620285, 1.0957378564236977, 1.0962173233442354, 1.9513727988265082], [5.070639542503489, 3.7903872955147992, 2.473524135722148, 2.932894549757969, 2.9752983682313277, 1.4219489758778263, 0.0, 5.924293032928063, 5.300933176337917, 5.323843507279304, 4.021499193087075, 4.044021376056264, 3.9322421415777535, 3.3080430846650106, 2.598673732887605, 3.9753807993700425, 3.346055625658366, 2.670689993241447, 2.033941980490102, 2.047374692136249, 0.971764668013815], [1.095297187981417, 2.1552680134962334, 3.5402111872033846, 4.093150217131055, 4.096441228676422, 4.655636524687038, 5.924293032928063, 0.0, 1.7633142771497086, 1.7630182216868886, 2.4378679168486546, 2.443110208320533, 3.8475138908131314, 4.202649929508762, 5.155114496303646, 3.8274241259625255, 4.237267809567858, 5.150767008902655, 4.764661259732952, 4.798575356290656, 6.175625766673366], [1.093360475780975, 2.1804273640733824, 2.9042845676689466, 2.8204618380683684, 3.5231207614840567, 4.289168750469023, 5.300933176337917, 1.7633142771497086, 0.0, 1.7775359715066248, 2.5023871682855154, 3.0628642232394174, 2.2821226917061233, 2.991655934428289, 3.848854171048833, 3.105721436317172, 4.107418665049863, 4.390469052390644, 4.434725894573418, 4.801611472203889, 5.603686922910666], [1.0933357855663555, 2.1807156577600852, 2.909478740255718, 3.526147082865376, 2.8281915688298063, 4.297941204809577, 5.323843507279304, 1.7630182216868886, 1.7775359715066248, 0.0, 3.0617876102042088, 2.5007433654815525, 3.1162037337119024, 4.084306533550095, 4.412686431189056, 2.2630960408254883, 3.033171548066479, 3.843821105358573, 4.78233597836873, 4.470461884414182, 5.342543222099378], [2.1336544729641678, 1.0979864343424284, 2.176864462937461, 2.7959810657441873, 3.490499159146153, 2.693182580145654, 4.021499193087075, 2.4378679168486546, 2.5023871682855154, 3.0617876102042088, 0.0, 1.7552699763853992, 3.226653625662352, 2.571412259829217, 3.7816471133621126, 3.836190149093238, 3.7760502128546967, 4.342042533186427, 2.4499393339427815, 3.0394353373612017, 4.544675206216612], [2.1350729917265125, 1.0979466471554982, 2.176830631905018, 3.4924881860931185, 2.789712431416543, 2.700836318624289, 4.044021376056264, 2.443110208320533, 3.0628642232394174, 2.5007433654815525, 1.7552699763853992, 0.0, 3.8491448050183825, 3.7700352491720817, 4.340280357304122, 3.1950077449045406, 2.578701211850648, 3.787569227090114, 3.0235925337254024, 2.486311621659683, 4.214894492155172], [2.8369633078346292, 2.8491637878507445, 2.1950701150532757, 1.0948701566852574, 2.739385551542535, 3.491646950938769, 3.9322421415777535, 3.8475138908131314, 2.2821226917061233, 3.1162037337119024, 3.226653625662352, 3.8491448050183825, 0.0, 1.770902574960012, 1.75901958203995, 2.5391868895376724, 3.7579166715082972, 3.0766879302262686, 3.7966659452735634, 4.354179620778178, 4.235614679122736], [3.4023589963435668, 2.7718039865762516, 2.1869846867319396, 1.0956189164120889, 3.469476007987373, 2.7882938044617895, 3.3080430846650106, 4.202649929508762, 2.991655934428289, 4.084306533550095, 2.571412259829217, 3.7700352491720817, 1.770902574960012, 0.0, 1.7692965946951913, 3.761567857954978, 4.332825648465445, 3.7790945330859347, 2.5941277435777907, 3.7984021298435477, 3.980898890954152], [4.140506787821994, 3.511443842637954, 2.192941964576354, 1.0957026467066693, 2.773039640899495, 2.7606675026159886, 2.598673732887605, 5.155114496303646, 3.848854171048833, 4.412686431189056, 3.7816471133621126, 4.340280357304122, 1.75901958203995, 1.7692965946951913, 0.0, 3.1292135545532846, 3.7823288090804588, 2.5766449212105265, 3.1146479399765234, 3.7749757058820923, 2.985067915475291], [2.8187991716331973, 2.830021316174138, 2.1949059774851403, 2.7558771634454247, 1.0947733920771001, 3.4979147917009072, 3.9753807993700425, 3.8274241259625255, 3.105721436317172, 2.2630960408254883, 3.836190149093238, 3.1950077449045406, 2.5391868895376724, 3.761567857954978, 3.1292135545532846, 0.0, 1.7707002146043809, 1.7554899430073645, 4.347002079594626, 3.8051655062559364, 3.7245523717622766], [3.4325672637255047, 2.783550664169776, 2.1867210841806046, 3.4696434816851145, 1.095543531768592, 2.783999683908028, 3.346055625658366, 4.237267809567858, 4.107418665049863, 3.033171548066479, 3.7760502128546967, 2.578701211850648, 3.7579166715082972, 4.332825648465445, 3.7823288090804588, 1.7707002146043809, 0.0, 1.77017159902649, 3.78606037062274, 2.5951997572441314, 2.9196778109921646], [4.131478148314475, 3.511405862329218, 2.1948416731053744, 2.7567382247866776, 1.095401268942117, 2.7891281881620285, 2.670689993241447, 5.150767008902655, 4.390469052390644, 3.843821105358573, 4.342042533186427, 3.787569227090114, 3.0766879302262686, 3.7790945330859347, 2.5766449212105265, 1.7554899430073645, 1.77017159902649, 0.0, 3.799356937693535, 3.144944974081423, 2.184218388806394], [4.166810772041369, 2.7213180574861147, 2.1871737493852654, 2.776254069785401, 3.4860904721478474, 1.0957378564236977, 2.033941980490102, 4.764661259732952, 4.434725894573418, 4.78233597836873, 2.4499393339427815, 3.0235925337254024, 3.7966659452735634, 2.5941277435777907, 3.1146479399765234, 4.347002079594626, 3.78606037062274, 3.799356937693535, 0.0, 1.76544088827692, 2.8271646874563214], [4.196410675803787, 2.7472133517439086, 2.199026011669712, 3.487744000066519, 2.789167512000669, 1.0962173233442354, 2.047374692136249, 4.798575356290656, 4.801611472203889, 4.470461884414182, 3.0394353373612017, 2.486311621659683, 4.354179620778178, 3.7984021298435477, 3.7749757058820923, 3.8051655062559364, 2.5951997572441314, 3.144944974081423, 1.76544088827692, 0.0, 2.2251455817541466], [5.284996028380721, 4.097932642198991, 2.7337539501571824, 3.3775487161549576, 2.699903203820463, 1.9513727988265082, 0.971764668013815, 6.175625766673366, 5.603686922910666, 5.342543222099378, 4.544675206216612, 4.214894492155172, 4.235614679122736, 3.980898890954152, 2.985067915475291, 3.7245523717622766, 2.9196778109921646, 2.184218388806394, 2.8271646874563214, 2.2251455817541466, 0.0]]}