{"total energy": -51.08994691, "HOMO-LUMO gap/eV": 3.70769515, "electronic energy": -51.74411204, "dipole": [-1.44084991, 0.35804788, -0.72875604], "partial charges": [-0.45081477, 0.32044057, -0.14798459, 0.07085473, -0.06941271, -0.06334168, -0.05456616, -0.05029856, 0.26217626, -0.42855382, -0.11128147, 0.04624127, -0.06143692, -0.05500684, -0.05788386, -0.05498704, -0.06130763, 0.2043667, 0.0512755, 0.05756845, 0.04289874, 0.04378842, 0.06209971, 0.05721274, 0.07537499, 0.05589187, 0.02937325, 0.03373987, 0.03281921, 0.03053327, 0.03863148, 0.03371709, 0.03290394, 0.02934301, 0.05562502], "atomic dipole moments": [[-0.13925324, -0.07585833, 0.14383877], [-0.05541591, -0.02391407, 0.0458415], [0.02393176, -0.0163069, 0.03189236], [0.03004771, 0.079909, -0.1575141], [0.06326831, -0.02656553, 0.08379123], [0.13225022, -0.02221781, -0.06481809], [-0.00190872, 0.06729496, -0.09466109], [-0.01306369, -0.04296184, 0.0759832], [0.12216577, 0.02480866, -0.04076665], [-0.05419437, 0.08912614, -0.17310323], [0.02218029, 0.00501189, -0.01036888], [-0.13624963, 0.06131967, -0.12350772], [0.03297468, -0.12784472, 0.03155731], [-0.05715751, -0.03658668, -0.09747658], [-0.09626447, -0.03435475, 0.06473836], [-0.05889657, 0.09938948, -0.02780417], [0.0309247, 0.04965373, 0.12227379], [-0.03034434, 0.06282792, -0.12296446], [-0.04247298, 0.12322723, -0.0264806], [-0.04325265, -0.0899408, -0.08662651], [-0.03089371, 0.10596123, 0.06383771], [-0.10668079, -0.07269916, -0.0070751], [0.00261964, 0.04467297, 0.12663949], [-0.01850025, -0.12950361, -0.00908586], [0.01655318, -0.05645006, 0.11079684], [-0.00138031, 0.07649527, -0.10330031], [-0.05495335, 0.07102039, 0.08671739], [0.05778101, 0.1092598, 0.00610384], [0.00750396, -0.04530638, 0.11410124], [0.11494664, -0.01829776, 0.03835696], [0.0118983, 0.0566564, -0.11030914], [0.0598537, -0.06767304, -0.08457372], [0.00778909, -0.06601892, 0.10348433], [-0.05281495, -0.1129023, -0.00749685], [-0.0010566, 0.03912038, -0.12240237]], "atomic quadrupole moments": [[-0.0564181, 0.0144236, 0.09196365, -0.03324002, 0.08844333, -0.03554556], [-0.14967887, -0.00877528, 0.27707543, 0.00178061, 0.28251057, -0.12739656], [0.03140948, 0.02777936, 0.00797765, -0.05609232, 0.03319727, -0.03938713], [-0.04051537, 0.06203788, 0.19795673, -0.13231536, 0.2530135, -0.15744136], [0.16587993, -0.00418427, -0.24094764, -0.0501912, -0.10285995, 0.07506772], [0.04438431, -0.09355874, -0.17546349, -0.01683078, -0.16805921, 0.13107918], [0.19961409, -0.06315096, -0.14739243, -0.01357162, -0.16769239, -0.05222167], [-0.07726273, 0.00243622, 0.15460611, -0.01424959, 0.156404, -0.07734338], [-0.26229803, -0.00607179, 0.32510398, -0.01260152, 0.27960077, -0.06280595], [-0.10994117, -0.01479823, 0.12586604, 0.0204068, 0.10227937, -0.01592487], [0.01549853, -0.00487349, -0.00093481, 0.00921759, 0.00938377, -0.01456372], [0.23654406, -0.01077539, -0.04509325, 0.02689564, 0.10166602, -0.19145081], [0.14837423, 0.07759459, 0.05575011, 0.1001444, 0.02557358, -0.20412434], [0.1601003, -0.13194328, -0.09761637, -0.01176966, 0.113223, -0.06248393], [-0.05816412, 0.04070047, 0.1439434, -0.08588475, 0.15786207, -0.08577929], [0.15503566, 0.08870827, 0.03613945, 0.10304811, 0.02206873, -0.19117511], [0.15316634, -0.12328689, -0.09585666, -0.00516571, 0.13000946, -0.05730969], [0.0252931, -0.0045426, -0.03565827, 0.01166434, -0.03223134, 0.01036518], [-0.03637964, -0.02639698, 0.03938341, -0.00407247, -0.02062527, -0.00300378], [-0.02243551, 0.02564255, 0.00568346, 0.00642174, 0.03566009, 0.01675205], [-0.04635583, -0.01546254, 0.03358177, 0.00698128, 0.01796113, 0.01277406], [0.01622833, 0.03928343, 0.00830519, 0.00900558, 0.00696039, -0.02453352], [-0.03020101, -0.01483868, -0.01333341, 0.00700473, 0.0187697, 0.04353443], [-0.01520656, 0.01061081, 0.04978752, 0.00675241, 0.00348741, -0.03458096], [-0.00908054, 0.00536095, -0.00458365, -0.01017072, -0.01297938, 0.01366419], [-0.01763525, 0.00933193, -0.02787819, 0.01157798, -0.03104376, 0.04551344], [-0.00485653, -0.01603072, -0.01602954, -0.03390133, 0.03132266, 0.02088607], [-0.00742856, 0.03000023, 0.04485718, -0.00549832, -0.00299781, -0.03742862], [-0.01743335, -0.01575401, -0.01605897, -0.01003056, -0.04243129, 0.03349232], [0.04228254, -0.01749231, -0.02138574, 0.03554393, 0.0003481, -0.02089681], [-0.0493257, -0.00376473, 0.00585196, 0.00639667, -0.02601015, 0.04347374], [-0.00643188, -0.01328725, -0.01267674, -0.0284923, 0.03742027, 0.01910862], [-0.01820667, 0.01781159, -0.02299772, 0.00706255, -0.03668697, 0.04120438], [-0.00605827, 0.03606522, 0.03929928, -0.00638422, -0.00738317, -0.03324101], [-0.01716497, -0.01456733, -0.00952466, -0.00046166, -0.0448096, 0.02668963]], "number of molecular orbitals": 86, "number of electrons": 92, "number of unpaired electrons": 0, "orbital energies/eV": [-19.55708241, -19.21190593, -18.95989971, -18.45632456, -18.35735959, -17.82516973, -17.47441715, -17.26539638, -17.10072391, -16.88414866, -16.62877889, -16.43301276, -16.19867855, -16.05870724, -15.90258357, -15.63191142, -15.46752588, -15.35077675, -14.85351004, -14.80446062, -14.65300997, -14.59549244, -14.3915567, -14.13849088, -13.83016648, -13.68321905, -13.59020815, -13.52763128, -13.42945758, -13.40461488, -13.15435161, -13.00725747, -12.95736919, -12.72158112, -12.68858722, -12.65900605, -12.22286729, -12.03498322, -11.90016905, -11.64490672, -11.58835585, -11.48885619, -11.09078872, -11.03932349, -10.78172853, -10.62968342, -6.92198827, -6.21693006, -3.663279, -1.31409775, 0.31926538, 1.25797896, 1.61632283, 2.18134725, 2.30625082, 2.59600677, 2.61883098, 2.70356954, 2.92380489, 2.93888317, 3.00851765, 3.15359899, 3.49583423, 3.72046748, 4.52721641, 4.7614774, 4.7680522, 4.84861202, 5.16080173, 5.30137881, 5.46286439, 5.95165141, 5.98324128, 6.53864599, 7.13841104, 7.47349523, 7.57919364, 7.9123523, 8.01453602, 8.12401283, 8.67534025, 9.86139018, 11.28615457, 14.27768089, 16.79217174, 18.71948116], "fractional occupation": [2.0, 2.0, 2.0, 2.0, 2.0, 2.0, 2.0, 2.0, 2.0, 2.0, 2.0, 2.0, 2.0, 2.0, 2.0, 2.0, 2.0, 2.0, 2.0, 2.0, 2.0, 2.0, 2.0, 2.0, 2.0, 2.0, 2.0, 2.0, 2.0, 2.0, 2.0, 2.0, 2.0, 2.0, 2.0, 2.0, 2.0, 2.0, 2.0, 2.0, 2.0, 2.0, 2.0, 2.0, 2.0, 2.0, 0.0, 0.0, 0.0, 0.0, 0.0, 0.0, 0.0, 0.0, 0.0, 0.0, 0.0, 0.0, 0.0, 0.0, 0.0, 0.0, 0.0, 0.0, 0.0, 0.0, 0.0, 0.0, 0.0, 0.0, 0.0, 0.0, 0.0, 0.0, 0.0, 0.0, 0.0, 0.0, 0.0, 0.0, 0.0, 0.0, 0.0, 0.0, 0.0, 0.0], "program call": "xtb /home/svss/Project-DBcg-Debug/aqme2_20220329/End-to-End-workflows-final/example-3/QDESCP/mol_22_rdkit_conf_2/mol_22_rdkit_conf_2.xyz --pop --wbo --acc 0.2 --gfn 2 --chrg 0 --uhf 0 --etemp 300 --input /home/svss/Project-DBcg-Debug/aqme2_20220329/End-to-End-workflows-final/example-3/QDESCP/mol_22_rdkit_conf_2/mol_22_rdkit_conf_2_xtb.inp", "method": "GFN2-xTB", "xtb version": "6.3.3 (7355c4f)", "Dipole module/D": 4.204, "Total charge": 0, "Transition dipole module/D": NaN, "HOMO": -10.6297, "LUMO": -6.922, "HOMO occupancy": 2.0, "LUMO occupancy": 0, "mulliken charges": [-0.56224, 0.55652, -0.29867, 0.14357, -0.06015, -0.04926, -0.0266, -0.09811, 0.46213, -0.54993, -0.26222, 0.12498, -0.0601, -0.04487, -0.04783, -0.04486, -0.05999, 0.25458, 0.04254, 0.04735, 0.03373, 0.03394, 0.05117, 0.04518, 0.05538, 0.04544, 0.03066, 0.02869, 0.02468, 0.02572, 0.029, 0.02869, 0.02475, 0.03085, 0.04527], "cm5 charges": [-0.60554, 0.71829, -0.64355, 0.20621, -0.15829, -0.15574, -0.12721, -0.09307, 0.56104, -0.59442, -0.49124, 0.11878, -0.16191, -0.15436, -0.15729, -0.15435, -0.16178, 0.45222, 0.099, 0.10371, 0.08835, 0.08784, 0.10751, 0.10119, 0.13265, 0.10783, 0.08795, 0.08292, 0.08005, 0.07995, 0.08441, 0.08292, 0.08014, 0.08815, 0.10762], "FUKUI+": [-0.105, -0.024, -0.027, -0.105, 0.021, 0.016, 0.017, -0.059, -0.053, -0.142, -0.064, 0.012, 0.003, 0.005, 0.008, 0.005, 0.003, -0.054, -0.059, -0.063, -0.037, -0.048, -0.047, -0.05, -0.019, -0.008, -0.007, -0.022, -0.013, -0.023, -0.011, -0.022, -0.013, -0.007, -0.008], "FUKUI-": [-0.067, -0.003, -0.035, -0.028, 0.011, 0.01, 0.01, -0.045, -0.003, -0.067, -0.019, 0.003, 0.006, 0.007, 0.006, 0.007, 0.006, -0.036, -0.047, -0.052, -0.045, -0.041, -0.058, -0.068, -0.031, -0.036, -0.034, -0.048, -0.047, -0.04, -0.049, -0.048, -0.047, -0.034, -0.036], "FUKUIrad": [-0.086, -0.014, -0.031, -0.066, 0.016, 0.013, 0.013, -0.052, -0.028, -0.104, -0.042, 0.008, 0.005, 0.006, 0.007, 0.006, 0.004, -0.045, -0.053, -0.057, -0.041, -0.044, -0.053, -0.059, -0.025, -0.022, -0.021, -0.035, -0.03, -0.031, -0.03, -0.035, -0.03, -0.021, -0.022], "s proportion": [1.723, 0.944, 1.419, 1.041, 1.031, 1.036, 1.022, 1.08, 0.989, 1.729, 1.454, 1.035, 1.035, 1.029, 1.029, 1.029, 1.035, 0.745, 0.957, 0.953, 0.966, 0.966, 0.949, 0.955, 0.945, 0.955, 0.969, 0.971, 0.975, 0.974, 0.971, 0.971, 0.975, 0.969, 0.955], "p proportion": [4.839, 2.5, 3.88, 2.815, 3.03, 3.013, 3.004, 3.018, 2.549, 4.821, 3.808, 2.84, 3.025, 3.016, 3.019, 3.016, 3.025, 0.0, 0.0, 0.0, 0.0, 0.0, 0.0, 0.0, 0.0, 0.0, 0.0, 0.0, 0.0, 0.0, 0.0, 0.0, 0.0, 0.0, 0.0], "d proportion": [0.0, 0.0, 0.0, 0.0, 0.0, 0.0, 0.0, 0.0, 0.0, 0.0, 0.0, 0.0, 0.0, 0.0, 0.0, 0.0, 0.0, 0.0, 0.0, 0.0, 0.0, 0.0, 0.0, 0.0, 0.0, 0.0, 0.0, 0.0, 0.0, 0.0, 0.0, 0.0, 0.0, 0.0, 0.0], "Fermi-level/eV": -8.7758, "Coordination numbers": [0.859, 2.704, 2.704, 2.969, 3.84, 3.863, 3.842, 3.026, 2.771, 0.858, 2.737, 3.795, 3.801, 3.802, 3.802, 3.802, 3.801, 0.86, 0.924, 0.924, 0.923, 0.924, 0.924, 0.924, 0.924, 0.924, 0.924, 0.924, 0.924, 0.924, 0.924, 0.924, 0.924, 0.924, 0.924], "Dispersion coefficient C6": [22.722, 21.553, 24.202, 26.412, 21.798, 21.672, 21.523, 29.22, 22.582, 22.259, 23.429, 19.805, 21.68, 21.561, 21.614, 21.561, 21.678, 1.084, 2.304, 2.228, 2.411, 2.399, 2.175, 2.232, 2.028, 2.248, 2.596, 2.534, 2.547, 2.579, 2.467, 2.534, 2.546, 2.596, 2.251], "Total dispersion C6": 11650.223841, "Total dispersion C8": 263895.830726, "Polarizability alpha": [6.391, 7.599, 7.306, 8.43, 6.642, 6.62, 6.599, 8.867, 7.783, 6.326, 7.189, 6.337, 6.629, 6.611, 6.619, 6.611, 6.629, 1.631, 2.374, 2.334, 2.428, 2.422, 2.306, 2.336, 2.227, 2.345, 2.519, 2.489, 2.496, 2.511, 2.456, 2.49, 2.495, 2.52, 2.346], "Total polarizability alpha": 161.914, "Wiberg matrix": [[0.0, 1.6230496959779723, 0.1315625571985707, 0.0, 0.0, 0.0, 0.0, 0.0, 0.0, 0.0, 0.1351661768195462, 0.0, 0.0, 0.0, 0.0, 0.0, 0.0, 0.0, 0.0, 0.0, 0.0, 0.0, 0.0, 0.0, 0.0, 0.0, 0.0, 0.0, 0.0, 0.0, 0.0, 0.0, 0.0, 0.0, 0.0], [1.6230496959779723, 0.0, 1.1273731348864775, 0.0, 0.0, 0.0, 0.0, 0.0, 0.0, 0.0, 1.124948663323962, 0.0, 0.0, 0.0, 0.0, 0.0, 0.0, 0.0, 0.0, 0.0, 0.0, 0.0, 0.0, 0.0, 0.0, 0.0, 0.0, 0.0, 0.0, 0.0, 0.0, 0.0, 0.0, 0.0, 0.0], [0.1315625571985707, 1.1273731348864775, 0.0, 1.1643693452690167, 0.0, 0.0, 0.0, 0.0, 0.0, 0.0, 0.0, 0.0, 0.0, 0.0, 0.0, 0.0, 0.0, 0.9255581567525416, 0.0, 0.0, 0.0, 0.0, 0.0, 0.0, 0.0, 0.0, 0.0, 0.0, 0.0, 0.0, 0.0, 0.0, 0.0, 0.0, 0.0], [0.0, 0.0, 1.1643693452690167, 0.0, 1.0122353609925034, 0.0, 0.0, 1.618946435148193, 0.0, 0.0, 0.0, 0.0, 0.0, 0.0, 0.0, 0.0, 0.0, 0.0, 0.0, 0.0, 0.0, 0.0, 0.0, 0.0, 0.0, 0.0, 0.0, 0.0, 0.0, 0.0, 0.0, 0.0, 0.0, 0.0, 0.0], [0.0, 0.0, 0.0, 1.0122353609925034, 0.0, 1.00018259751652, 0.0, 0.0, 0.0, 0.0, 0.0, 0.0, 0.0, 0.0, 0.0, 0.0, 0.0, 0.0, 0.9671972818445131, 0.9578342522109433, 0.0, 0.0, 0.0, 0.0, 0.0, 0.0, 0.0, 0.0, 0.0, 0.0, 0.0, 0.0, 0.0, 0.0, 0.0], [0.0, 0.0, 0.0, 0.0, 1.00018259751652, 0.0, 0.9998675417981888, 0.0, 0.0, 0.0, 0.0, 0.0, 0.0, 0.0, 0.0, 0.0, 0.0, 0.0, 0.0, 0.0, 0.9828268308518888, 0.9822548719600053, 0.0, 0.0, 0.0, 0.0, 0.0, 0.0, 0.0, 0.0, 0.0, 0.0, 0.0, 0.0, 0.0], [0.0, 0.0, 0.0, 0.0, 0.0, 0.9998675417981888, 0.0, 1.017202681384925, 0.0, 0.0, 0.0, 0.0, 0.0, 0.0, 0.0, 0.0, 0.0, 0.0, 0.0, 0.0, 0.0, 0.0, 0.9679418408267181, 0.9611372936019875, 0.0, 0.0, 0.0, 0.0, 0.0, 0.0, 0.0, 0.0, 0.0, 0.0, 0.0], [0.0, 0.0, 0.0, 1.618946435148193, 0.0, 0.0, 1.017202681384925, 0.0, 1.0779759870758625, 0.0, 0.0, 0.0, 0.0, 0.0, 0.0, 0.0, 0.0, 0.0, 0.0, 0.0, 0.0, 0.0, 0.0, 0.0, 0.0, 0.0, 0.0, 0.0, 0.0, 0.0, 0.0, 0.0, 0.0, 0.0, 0.0], [0.0, 0.0, 0.0, 0.0, 0.0, 0.0, 0.0, 1.0779759870758625, 0.0, 1.6688570292190807, 1.1027953789032245, 0.0, 0.0, 0.0, 0.0, 0.0, 0.0, 0.0, 0.0, 0.0, 0.0, 0.0, 0.0, 0.0, 0.0, 0.0, 0.0, 0.0, 0.0, 0.0, 0.0, 0.0, 0.0, 0.0, 0.0], [0.0, 0.0, 0.0, 0.0, 0.0, 0.0, 0.0, 0.0, 1.6688570292190807, 0.0, 0.14317607983124175, 0.0, 0.0, 0.0, 0.0, 0.0, 0.0, 0.0, 0.0, 0.0, 0.0, 0.0, 0.0, 0.0, 0.0, 0.0, 0.0, 0.0, 0.0, 0.0, 0.0, 0.0, 0.0, 0.0, 0.0], [0.1351661768195462, 1.124948663323962, 0.0, 0.0, 0.0, 0.0, 0.0, 0.0, 1.1027953789032245, 0.14317607983124175, 0.0, 0.9476072712025055, 0.0, 0.0, 0.0, 0.0, 0.0, 0.0, 0.0, 0.0, 0.0, 0.0, 0.0, 0.0, 0.0, 0.0, 0.0, 0.0, 0.0, 0.0, 0.0, 0.0, 0.0, 0.0, 0.0], [0.0, 0.0, 0.0, 0.0, 0.0, 0.0, 0.0, 0.0, 0.0, 0.0, 0.9476072712025055, 0.0, 0.9880083084052145, 0.0, 0.0, 0.0, 0.987898716842143, 0.0, 0.0, 0.0, 0.0, 0.0, 0.0, 0.0, 0.9562185622022414, 0.0, 0.0, 0.0, 0.0, 0.0, 0.0, 0.0, 0.0, 0.0, 0.0], [0.0, 0.0, 0.0, 0.0, 0.0, 0.0, 0.0, 0.0, 0.0, 0.0, 0.0, 0.9880083084052145, 0.0, 1.0060554878632806, 0.0, 0.0, 0.0, 0.0, 0.0, 0.0, 0.0, 0.0, 0.0, 0.0, 0.0, 0.9736767723044631, 0.9769220246261284, 0.0, 0.0, 0.0, 0.0, 0.0, 0.0, 0.0, 0.0], [0.0, 0.0, 0.0, 0.0, 0.0, 0.0, 0.0, 0.0, 0.0, 0.0, 0.0, 0.0, 1.0060554878632806, 0.0, 1.009286653064808, 0.0, 0.0, 0.0, 0.0, 0.0, 0.0, 0.0, 0.0, 0.0, 0.0, 0.0, 0.0, 0.9765458460158596, 0.9776283234382332, 0.0, 0.0, 0.0, 0.0, 0.0, 0.0], [0.0, 0.0, 0.0, 0.0, 0.0, 0.0, 0.0, 0.0, 0.0, 0.0, 0.0, 0.0, 0.0, 1.009286653064808, 0.0, 1.0092836548817778, 0.0, 0.0, 0.0, 0.0, 0.0, 0.0, 0.0, 0.0, 0.0, 0.0, 0.0, 0.0, 0.0, 0.9769984524512263, 0.9772562550059599, 0.0, 0.0, 0.0, 0.0], [0.0, 0.0, 0.0, 0.0, 0.0, 0.0, 0.0, 0.0, 0.0, 0.0, 0.0, 0.0, 0.0, 0.0, 1.0092836548817778, 0.0, 1.0060565657053804, 0.0, 0.0, 0.0, 0.0, 0.0, 0.0, 0.0, 0.0, 0.0, 0.0, 0.0, 0.0, 0.0, 0.0, 0.9765318028528985, 0.9776217529073634, 0.0, 0.0], [0.0, 0.0, 0.0, 0.0, 0.0, 0.0, 0.0, 0.0, 0.0, 0.0, 0.0, 0.987898716842143, 0.0, 0.0, 0.0, 1.0060565657053804, 0.0, 0.0, 0.0, 0.0, 0.0, 0.0, 0.0, 0.0, 0.0, 0.0, 0.0, 0.0, 0.0, 0.0, 0.0, 0.0, 0.0, 0.9769062843016275, 0.973726989643688], [0.0, 0.0, 0.9255581567525416, 0.0, 0.0, 0.0, 0.0, 0.0, 0.0, 0.0, 0.0, 0.0, 0.0, 0.0, 0.0, 0.0, 0.0, 0.0, 0.0, 0.0, 0.0, 0.0, 0.0, 0.0, 0.0, 0.0, 0.0, 0.0, 0.0, 0.0, 0.0, 0.0, 0.0, 0.0, 0.0], [0.0, 0.0, 0.0, 0.0, 0.9671972818445131, 0.0, 0.0, 0.0, 0.0, 0.0, 0.0, 0.0, 0.0, 0.0, 0.0, 0.0, 0.0, 0.0, 0.0, 0.0, 0.0, 0.0, 0.0, 0.0, 0.0, 0.0, 0.0, 0.0, 0.0, 0.0, 0.0, 0.0, 0.0, 0.0, 0.0], [0.0, 0.0, 0.0, 0.0, 0.9578342522109433, 0.0, 0.0, 0.0, 0.0, 0.0, 0.0, 0.0, 0.0, 0.0, 0.0, 0.0, 0.0, 0.0, 0.0, 0.0, 0.0, 0.0, 0.0, 0.0, 0.0, 0.0, 0.0, 0.0, 0.0, 0.0, 0.0, 0.0, 0.0, 0.0, 0.0], [0.0, 0.0, 0.0, 0.0, 0.0, 0.9828268308518888, 0.0, 0.0, 0.0, 0.0, 0.0, 0.0, 0.0, 0.0, 0.0, 0.0, 0.0, 0.0, 0.0, 0.0, 0.0, 0.0, 0.0, 0.0, 0.0, 0.0, 0.0, 0.0, 0.0, 0.0, 0.0, 0.0, 0.0, 0.0, 0.0], [0.0, 0.0, 0.0, 0.0, 0.0, 0.9822548719600053, 0.0, 0.0, 0.0, 0.0, 0.0, 0.0, 0.0, 0.0, 0.0, 0.0, 0.0, 0.0, 0.0, 0.0, 0.0, 0.0, 0.0, 0.0, 0.0, 0.0, 0.0, 0.0, 0.0, 0.0, 0.0, 0.0, 0.0, 0.0, 0.0], [0.0, 0.0, 0.0, 0.0, 0.0, 0.0, 0.9679418408267181, 0.0, 0.0, 0.0, 0.0, 0.0, 0.0, 0.0, 0.0, 0.0, 0.0, 0.0, 0.0, 0.0, 0.0, 0.0, 0.0, 0.0, 0.0, 0.0, 0.0, 0.0, 0.0, 0.0, 0.0, 0.0, 0.0, 0.0, 0.0], [0.0, 0.0, 0.0, 0.0, 0.0, 0.0, 0.9611372936019875, 0.0, 0.0, 0.0, 0.0, 0.0, 0.0, 0.0, 0.0, 0.0, 0.0, 0.0, 0.0, 0.0, 0.0, 0.0, 0.0, 0.0, 0.0, 0.0, 0.0, 0.0, 0.0, 0.0, 0.0, 0.0, 0.0, 0.0, 0.0], [0.0, 0.0, 0.0, 0.0, 0.0, 0.0, 0.0, 0.0, 0.0, 0.0, 0.0, 0.9562185622022414, 0.0, 0.0, 0.0, 0.0, 0.0, 0.0, 0.0, 0.0, 0.0, 0.0, 0.0, 0.0, 0.0, 0.0, 0.0, 0.0, 0.0, 0.0, 0.0, 0.0, 0.0, 0.0, 0.0], [0.0, 0.0, 0.0, 0.0, 0.0, 0.0, 0.0, 0.0, 0.0, 0.0, 0.0, 0.0, 0.9736767723044631, 0.0, 0.0, 0.0, 0.0, 0.0, 0.0, 0.0, 0.0, 0.0, 0.0, 0.0, 0.0, 0.0, 0.0, 0.0, 0.0, 0.0, 0.0, 0.0, 0.0, 0.0, 0.0], [0.0, 0.0, 0.0, 0.0, 0.0, 0.0, 0.0, 0.0, 0.0, 0.0, 0.0, 0.0, 0.9769220246261284, 0.0, 0.0, 0.0, 0.0, 0.0, 0.0, 0.0, 0.0, 0.0, 0.0, 0.0, 0.0, 0.0, 0.0, 0.0, 0.0, 0.0, 0.0, 0.0, 0.0, 0.0, 0.0], [0.0, 0.0, 0.0, 0.0, 0.0, 0.0, 0.0, 0.0, 0.0, 0.0, 0.0, 0.0, 0.0, 0.9765458460158596, 0.0, 0.0, 0.0, 0.0, 0.0, 0.0, 0.0, 0.0, 0.0, 0.0, 0.0, 0.0, 0.0, 0.0, 0.0, 0.0, 0.0, 0.0, 0.0, 0.0, 0.0], [0.0, 0.0, 0.0, 0.0, 0.0, 0.0, 0.0, 0.0, 0.0, 0.0, 0.0, 0.0, 0.0, 0.9776283234382332, 0.0, 0.0, 0.0, 0.0, 0.0, 0.0, 0.0, 0.0, 0.0, 0.0, 0.0, 0.0, 0.0, 0.0, 0.0, 0.0, 0.0, 0.0, 0.0, 0.0, 0.0], [0.0, 0.0, 0.0, 0.0, 0.0, 0.0, 0.0, 0.0, 0.0, 0.0, 0.0, 0.0, 0.0, 0.0, 0.9769984524512263, 0.0, 0.0, 0.0, 0.0, 0.0, 0.0, 0.0, 0.0, 0.0, 0.0, 0.0, 0.0, 0.0, 0.0, 0.0, 0.0, 0.0, 0.0, 0.0, 0.0], [0.0, 0.0, 0.0, 0.0, 0.0, 0.0, 0.0, 0.0, 0.0, 0.0, 0.0, 0.0, 0.0, 0.0, 0.9772562550059599, 0.0, 0.0, 0.0, 0.0, 0.0, 0.0, 0.0, 0.0, 0.0, 0.0, 0.0, 0.0, 0.0, 0.0, 0.0, 0.0, 0.0, 0.0, 0.0, 0.0], [0.0, 0.0, 0.0, 0.0, 0.0, 0.0, 0.0, 0.0, 0.0, 0.0, 0.0, 0.0, 0.0, 0.0, 0.0, 0.9765318028528985, 0.0, 0.0, 0.0, 0.0, 0.0, 0.0, 0.0, 0.0, 0.0, 0.0, 0.0, 0.0, 0.0, 0.0, 0.0, 0.0, 0.0, 0.0, 0.0], [0.0, 0.0, 0.0, 0.0, 0.0, 0.0, 0.0, 0.0, 0.0, 0.0, 0.0, 0.0, 0.0, 0.0, 0.0, 0.9776217529073634, 0.0, 0.0, 0.0, 0.0, 0.0, 0.0, 0.0, 0.0, 0.0, 0.0, 0.0, 0.0, 0.0, 0.0, 0.0, 0.0, 0.0, 0.0, 0.0], [0.0, 0.0, 0.0, 0.0, 0.0, 0.0, 0.0, 0.0, 0.0, 0.0, 0.0, 0.0, 0.0, 0.0, 0.0, 0.0, 0.9769062843016275, 0.0, 0.0, 0.0, 0.0, 0.0, 0.0, 0.0, 0.0, 0.0, 0.0, 0.0, 0.0, 0.0, 0.0, 0.0, 0.0, 0.0, 0.0], [0.0, 0.0, 0.0, 0.0, 0.0, 0.0, 0.0, 0.0, 0.0, 0.0, 0.0, 0.0, 0.0, 0.0, 0.0, 0.0, 0.973726989643688, 0.0, 0.0, 0.0, 0.0, 0.0, 0.0, 0.0, 0.0, 0.0, 0.0, 0.0, 0.0, 0.0, 0.0, 0.0, 0.0, 0.0, 0.0]], "Born radii": [], "Atomic SASAs": [], "Solvent H bonds": [], "Total SASA": NaN, "Total FOD": 0.0, "FOD": [0.0, 0.0, 0.0, 0.0, 0.0, 0.0, 0.0, 0.0, 0.0, 0.0, 0.0, 0.0, 0.0, 0.0, 0.0, 0.0, 0.0, 0.0, 0.0, 0.0, 0.0, 0.0, 0.0, 0.0, 0.0, 0.0, 0.0, 0.0, 0.0, 0.0, 0.0, 0.0, 0.0, 0.0, 0.0], "FOD s proportion": [0.0, 0.0, 0.0, 0.0, 0.0, 0.0, 0.0, 0.0, 0.0, 0.0, 0.0, 0.0, 0.0, 0.0, 0.0, 0.0, 0.0, 0.0, 0.0, 0.0, 0.0, 0.0, 0.0, 0.0, 0.0, 0.0, 0.0, 0.0, 0.0, 0.0, 0.0, 0.0, 0.0, 0.0, 0.0], "FOD p proportion": [0.0, 0.0, 0.0, 0.0, 0.0, 0.0, 0.0, 0.0, 0.0, 0.0, 0.0, 0.0, 0.0, 0.0, 0.0, 0.0, 0.0, 0.0, 0.0, 0.0, 0.0, 0.0, 0.0, 0.0, 0.0, 0.0, 0.0, 0.0, 0.0, 0.0, 0.0, 0.0, 0.0, 0.0, 0.0], "FOD d proportion": [0.0, 0.0, 0.0, 0.0, 0.0, 0.0, 0.0, 0.0, 0.0, 0.0, 0.0, 0.0, 0.0, 0.0, 0.0, 0.0, 0.0, 0.0, 0.0, 0.0, 0.0, 0.0, 0.0, 0.0, 0.0, 0.0, 0.0, 0.0, 0.0, 0.0, 0.0, 0.0, 0.0, 0.0, 0.0], "coordinates": [["0.34570", "1.05330", "-1.93310"], ["-0.44040", "0.61280", "-1.09670"], ["-1.78900", "0.72110", "-1.34160"], ["-2.73380", "0.26870", "-0.48820"], ["-4.19980", "0.35900", "-0.70130"], ["-4.73810", "-0.01010", "0.69090"], ["-3.60520", "-0.73850", "1.43300"], ["-2.41500", "-0.31970", "0.65620"], ["-1.00910", "-0.49450", "1.02740"], ["-0.73700", "-1.04650", "2.09050"], ["-0.07880", "-0.00190", "0.10650"], ["1.34800", "-0.15560", "0.44000"], ["2.06680", "1.19410", "0.61430"], ["3.52990", "0.99790", "1.00880"], ["4.26270", "0.09200", "0.02290"], ["3.55600", "-1.25060", "-0.14330"], ["2.09310", "-1.07210", "-0.54650"], ["-2.04070", "1.16810", "-2.21510"], ["-4.52400", "1.36190", "-0.99460"], ["-4.52800", "-0.36180", "-1.45730"], ["-5.00360", "0.90560", "1.23580"], ["-5.64500", "-0.62070", "0.62950"], ["-3.55840", "-0.42680", "2.48050"], ["-3.73630", "-1.82450", "1.38610"], ["1.41280", "-0.65430", "1.41590"], ["2.03090", "1.78310", "-0.30850"], ["1.55780", "1.78900", "1.38230"], ["4.03120", "1.97110", "1.05800"], ["3.58170", "0.56150", "2.01390"], ["5.28930", "-0.07320", "0.36870"], ["4.32980", "0.59190", "-0.95120"], ["4.07560", "-1.84950", "-0.89980"], ["3.60950", "-1.81060", "0.79840"], ["1.60250", "-2.05230", "-0.58530"], ["2.05880", "-0.66790", "-1.56400"]], "bond_dist": [[0.0, 1.2294545213223627, 2.2399047256524103, 3.4909387591305583, 4.760352295786521, 5.819039267782956, 5.490973252530011, 4.026297055608292, 3.6049588250075755, 4.665914303756553, 2.3352977219189848, 2.8456366791985235, 3.0775406756044674, 4.335547763547301, 4.482512988268968, 4.337898724036789, 3.0811347714762496, 2.4057447911197896, 4.968902725954695, 5.097238991846468, 6.219224468533033, 6.727382942125414, 6.075570572382482, 5.996794600451144, 3.907736067085391, 2.4519037990916366, 3.605872718219544, 4.834454085002774, 5.127608822833505, 5.568345036902796, 4.129173086708765, 4.837986227760472, 5.129854374151376, 3.611213430413661, 2.4563134694089843], [1.2294545213223627, 0.0, 1.3749279472030522, 2.3975739029277077, 3.7886467188166275, 4.696141337310878, 4.270989676878182, 2.800224958820273, 2.4619776176886745, 3.6054808125962894, 1.3986782653634109, 2.4799717760490743, 3.090547286485033, 4.510511539725844, 4.862497959896745, 4.511368315710878, 3.0919622086953136, 2.02981199622034, 4.152994603897289, 4.217623890296525, 5.133135720979915, 5.620422568633073, 4.8578855482606835, 4.79246115685876, 3.3694289441981113, 2.845731016803942, 3.39436160124404, 5.146155607829985, 5.084855205411458, 5.953776553583448, 4.772464258640394, 5.147421383566726, 5.085858981529079, 3.3967231827159536, 2.8468513168059904], [2.2399047256524103, 1.3749279472030522, 0.0, 1.351149273766596, 2.520527155180043, 3.6555301257136428, 3.6231781297639785, 2.338021702208942, 2.7745429119045895, 4.00130280908606, 2.3546776106295315, 3.7126096549462346, 4.349306548175238, 5.821657462441431, 6.235439034262142, 5.821730737504097, 4.349534533717373, 1.0129976011817603, 2.830416690171255, 2.947571865112028, 4.1244010680339995, 4.533695892977384, 4.365420847982471, 4.208610690002105, 4.443765818537246, 4.097166779617349, 4.4453472147853645, 6.418357126243444, 6.334766838645287, 7.325187333440695, 6.132602892736492, 6.418465919516905, 6.335053838760962, 4.4458980532621295, 4.096870464146994], [3.4909387591305583, 2.3975739029277077, 1.351149273766596, 0.0, 1.484156898713879, 2.3420556654358156, 2.3376910060998224, 1.3257071169756915, 2.419526335876508, 3.51662550892187, 2.734212400308359, 4.207454927863162, 5.011749372225232, 6.481255999418631, 7.017368335066928, 6.479877509644761, 5.0100007125748, 2.0667587135415686, 2.157856167588563, 2.1344410743798945, 2.92058378582091, 3.2427412924869596, 3.158617593188514, 2.983201800079908, 4.655299922668786, 5.002805766767284, 4.922185784791143, 7.145216945621736, 6.79939530399579, 8.075970952770943, 7.086132386570264, 7.14311655791784, 6.798255874854962, 4.9193462065603795, 5.000357983184804], [4.760352295786521, 3.7886467188166275, 2.520527155180043, 1.484156898713879, 0.0, 1.5376028550962046, 2.4725072092918152, 2.3428510366645163, 3.727926022602916, 4.664821682551221, 4.214905770002456, 5.687307244206171, 6.45743532139502, 7.94234834982702, 8.497626779872128, 7.940693282075564, 6.455431872462135, 2.7582505433698365, 1.0940470465203955, 1.094899027307998, 2.1673076408299767, 2.195323158443877, 3.339569858529688, 3.056099353751445, 6.083633083117356, 6.403434636193298, 6.287785517970536, 8.569910378761262, 8.244092402441884, 9.559012273765529, 8.536437698478212, 8.56732861865354, 8.242659203194076, 6.284465687709655, 6.400691279854075], [5.819039267782956, 4.696141337310878, 3.6555301257136428, 2.3420556654358156, 1.5376028550962046, 0.0, 1.537771563009279, 2.343896298900615, 3.775356487803503, 4.363691823444914, 4.6958137835736204, 6.093006997370018, 6.9110512376917015, 8.335283343114378, 9.026131455391063, 8.427741375955957, 7.023125814051747, 4.136297619852807, 2.1838344854864804, 2.186915210976411, 1.098140587538772, 1.095020515789544, 2.183574853308217, 2.1860818008482665, 6.226892439250897, 7.073452311283367, 6.584311017866638, 8.997807418477015, 8.443703429183193, 10.032773555203965, 9.23502608659012, 9.143031583670703, 8.540244859487343, 6.782512487271956, 7.191322858834806], [5.490973252530011, 4.270989676878182, 3.6231781297639785, 2.3376910060998224, 2.4725072092918152, 1.537771563009279, 0.0, 1.4816840823873354, 2.638897984007718, 2.9586722511964716, 3.8389684512900075, 5.085273999500911, 6.047875366606029, 7.355588529138916, 8.036290355008335, 7.350493421533006, 6.041550471526328, 4.403568714122672, 3.339029104395468, 3.0573349211363805, 2.1673659612534286, 2.1955120427818198, 1.093893678562958, 1.0948894099405655, 5.018735503092388, 6.415365306823922, 5.748686436047803, 8.11154498970449, 7.326593780195541, 8.98262148985473, 8.391579040919533, 8.103762427416045, 7.32147605746273, 5.737573060101282, 6.408423313109083], [4.026297055608292, 2.800224958820273, 2.338021702208942, 1.3257071169756915, 2.3428510366645163, 2.343896298900615, 1.4816840823873354, 0.0, 1.4645474693570024, 2.3240350104936027, 2.4209496834919966, 3.7727761992993964, 4.730737499587142, 6.099363288901556, 6.720285936625018, 6.095786746598015, 4.726051064049139, 3.255458956890718, 3.162404180366577, 2.9888833466697893, 2.9220106450867007, 3.2441044819795795, 2.1556679846395643, 2.1314339633214066, 3.916778534714466, 5.011830078923267, 4.555982521915553, 6.852933847630517, 6.2113020873243645, 7.713602076202791, 6.993359447361475, 6.847577118952366, 6.207866292052366, 4.547915045380686, 5.006537498111844], [3.6049588250075755, 2.4619776176886745, 2.7745429119045895, 2.419526335876508, 3.727926022602916, 3.775356487803503, 2.638897984007718, 1.4645474693570024, 0.0, 1.2283826846711898, 1.3986313524299392, 2.4527153075724057, 3.533154734794388, 4.778087977423605, 5.398599609157915, 4.773087440011968, 3.526248404466141, 3.7871154682686927, 4.459733957311804, 4.309756442074192, 4.237893441321996, 4.654655697256242, 2.9351343052746324, 3.0553535851027127, 2.458061817774321, 4.026622725063772, 3.453882144775644, 5.611126786127721, 4.812874701257035, 6.346748926812845, 5.796462380624927, 5.603953865798682, 4.807912870466769, 3.442091906094316, 4.019630820112713], [4.665914303756553, 3.6054808125962894, 4.00130280908606, 3.51662550892187, 4.664821682551221, 4.363691823444914, 2.9586722511964716, 2.3240350104936027, 1.2283826846711898, 0.0, 2.3368081649977177, 2.804474649555599, 3.8808181147794083, 4.853460812657294, 5.528847266836008, 4.843693657736831, 3.8683188040801397, 5.01420763530989, 5.446062942162897, 5.237115611670225, 4.769180439027234, 5.13851054684137, 2.91486295561215, 3.1776192109817054, 2.287038705400501, 4.628510297061032, 3.715873319961271, 5.736523097661161, 4.608980500067233, 6.34257044265178, 6.132597792942237, 5.7225712621163565, 4.59841640893906, 3.6938867781782374, 4.616839378839164], [2.3352977219189848, 1.3986782653634109, 2.3546776106295315, 2.734212400308359, 4.214905770002456, 4.6958137835736204, 3.8389684512900075, 2.4209496834919966, 1.3986313524299392, 2.3368081649977177, 0.0, 1.473297044047805, 2.5083612578733554, 3.851812692746105, 4.343319976699852, 3.8514182803221986, 2.5077652701160056, 3.2569584231303907, 4.778302490424816, 4.729733511520496, 5.133471513508183, 5.624857765312826, 4.233678326231222, 4.28212017229783, 2.0892641479717207, 2.794509633191484, 2.7410669473765137, 4.657271867735445, 4.1659158140797805, 5.374972571092806, 4.572426236693163, 4.656748308637691, 4.165774620643801, 2.7403461624400665, 2.7934673812307174], [2.8456366791985235, 2.4799717760490743, 3.7126096549462346, 4.207454927863162, 5.687307244206171, 6.093006997370018, 5.085273999500911, 3.7727761992993964, 2.4527153075724057, 2.804474649555599, 1.473297044047805, 0.0, 1.539072454434813, 2.532742249025747, 2.954784976948407, 2.532691826890907, 1.5389374613674203, 4.5038900286308055, 6.23227626232984, 6.178158441639385, 6.488625866853474, 7.0110111439078455, 5.3207096002319085, 5.434191651938676, 1.09785315047141, 2.1875013942852695, 2.1710399558736824, 3.479129076363796, 2.825032621050596, 3.9428059982707744, 3.374214713085105, 3.4791037653395738, 2.825218188034333, 2.1710553263332555, 2.187168015951221], [3.0775406756044674, 3.090547286485033, 4.349306548175238, 5.011749372225232, 6.45743532139502, 6.9110512376917015, 6.047875366606029, 4.730737499587142, 3.533154734794388, 3.8808181147794083, 2.5083612578733554, 1.539072454434813, 0.0, 1.5280007526176154, 2.527123894865465, 2.961120141095258, 2.5463328081772816, 4.987758675998669, 6.786410000139986, 7.085459647051841, 7.103523819907975, 7.922473686923801, 6.144338393187667, 6.5866221092453765, 2.1182212160206495, 1.0953399700549598, 1.096727409158721, 2.158579637168849, 2.157309650930992, 3.471437007926256, 2.8168429295933413, 3.948579138120445, 3.3826081933916017, 3.491951833860255, 2.865675991803679], [4.335547763547301, 4.510511539725844, 5.821657462441431, 6.481255999418631, 7.94234834982702, 8.335283343114378, 7.355588529138916, 6.099363288901556, 4.778087977423605, 4.853460812657294, 3.851812692746105, 2.532742249025747, 1.5280007526176154, 0.0, 1.5263189247336217, 2.526611934983289, 2.9611234911769553, 6.438484574028271, 8.307310802540133, 8.535817811434356, 8.537017660752495, 9.324297531717871, 7.3783241911697, 7.804227027066806, 2.716175189489809, 2.144485796175857, 2.157433630497124, 1.0958287138052187, 1.0969750270630596, 2.1569588730432483, 2.1555222128291787, 3.4710559214740404, 2.8174947329143314, 3.9445843393189097, 3.3997536219555675], [4.482512988268968, 4.862497959896745, 6.235439034262142, 7.017368335066928, 8.497626779872128, 9.026131455391063, 8.036290355008335, 6.720285936625018, 5.398599609157915, 5.528847266836008, 4.343319976699852, 2.954784976948407, 2.527123894865465, 1.5263189247336217, 0.0, 1.5263099586912219, 2.527154393779691, 6.7749159972652055, 8.936109284806225, 8.92599198800895, 9.380692248443074, 9.951805069433382, 8.214533243587246, 8.33758283257204, 3.2587332968501737, 2.819676649901545, 3.470484313464044, 2.1577861502011735, 2.1559852156264894, 1.0957993611971126, 1.096938115847927, 2.1577312042976993, 2.1559121619398134, 3.47053220270321, 2.820084188459628], [4.337898724036789, 4.511368315710878, 5.821730737504097, 6.479877509644761, 7.940693282075564, 8.427741375955957, 7.350493421533006, 6.095786746598015, 4.773087440011968, 4.843693657736831, 3.8514182803221986, 2.532691826890907, 2.961120141095258, 2.526611934983289, 1.5263099586912219, 0.0, 1.5279099777146559, 6.439372315684192, 8.534416672509025, 8.238180469011347, 8.934084587130346, 9.2548579054462, 7.62742815370948, 7.473022471530512, 2.7166127015089954, 3.3994936005234657, 3.9445439229396344, 3.4710643353300155, 2.817424132075254, 2.157021940083132, 2.155522001743429, 1.0958821195730861, 1.0969326050400727, 2.1573708860555247, 2.144652797074622], [3.0811347714762496, 3.0919622086953136, 4.349534533717373, 5.0100007125748, 6.455431872462135, 7.023125814051747, 6.041550471526328, 4.726051064049139, 3.526248404466141, 3.8683188040801397, 2.5077652701160056, 1.5389374613674203, 2.5463328081772816, 2.9611234911769553, 2.527154393779691, 1.5279099777146559, 0.0, 4.98909054237343, 7.0647832252660105, 6.721089788122161, 7.579646526718776, 7.839957242868101, 6.4434923248188944, 6.187321947337151, 2.1185794037514856, 2.8657773605079653, 3.4918059424887864, 3.9486349666688616, 3.382340473695692, 3.471467512450606, 2.8170028363492996, 2.1585823820276113, 2.1572221072481153, 1.0968071115743185, 1.0953813856369845], [2.4057447911197896, 2.02981199622034, 1.0129976011817603, 2.0667587135415686, 2.7582505433698365, 4.136297619852807, 4.403568714122672, 3.255458956890718, 3.7871154682686927, 5.01420763530989, 3.2569584231303907, 4.5038900286308055, 4.987758675998669, 6.438484574028271, 6.7749159972652055, 6.439372315684192, 4.98909054237343, 0.0, 2.773798402912511, 3.0168719130914385, 4.555918510026271, 4.927731028576945, 5.186114023042687, 4.979895135442111, 5.332163258003265, 4.537761024999003, 5.126012662879405, 6.944491501902785, 7.061429481344412, 7.8705621228728, 6.520177904014583, 6.9458656436760995, 7.062478033948141, 5.128365279501842, 4.538802425750652], [4.968902725954695, 4.152994603897289, 2.830416690171255, 2.157856167588563, 1.0940470465203955, 2.1838344854864804, 3.339029104395468, 3.162404180366577, 4.459733957311804, 5.446062942162897, 4.778302490424816, 6.23227626232984, 6.786410000139986, 8.307310802540133, 8.936109284806225, 8.534416672509025, 7.0647832252660105, 2.773798402912511, 0.0, 1.7847265841018898, 2.326566141333618, 2.797328112681814, 4.025934805731459, 4.054793304226493, 6.7172291110248725, 6.604154500009823, 6.543726710369253, 8.8190554165398, 8.682976730361542, 10.010941803346975, 8.887325694493253, 9.180152349498345, 8.912543267777162, 7.025545557463847, 6.912131381853213], [5.097238991846468, 4.217623890296525, 2.947571865112028, 2.1344410743798945, 1.094899027307998, 2.186915210976411, 3.0573349211363805, 2.9888833466697893, 4.309756442074192, 5.237115611670225, 4.729733511520496, 6.178158441639385, 7.085459647051841, 8.535817811434356, 8.92599198800895, 8.238180469011347, 6.721089788122161, 3.0168719130914385, 1.7847265841018898, 0.0, 3.0141807726146754, 2.3810612024893443, 4.055936143481551, 3.294116534064938, 6.605599074270251, 6.995677712702322, 7.051682809088906, 9.22112038420495, 8.869551647067624, 9.98984210335679, 8.923357089122906, 8.749056549137169, 8.56773658441948, 6.4188164407466894, 6.594771894463069], [6.219224468533033, 5.133135720979915, 4.1244010680339995, 2.92058378582091, 2.1673076408299767, 1.098140587538772, 2.1673659612534286, 2.9220106450867007, 4.237893441321996, 4.769180439027234, 5.133471513508183, 6.488625866853474, 7.103523819907975, 8.537017660752495, 9.380692248443074, 8.934084587130346, 7.579646526718776, 4.555918510026271, 2.326566141333618, 3.0141807726146754, 0.0, 1.763118073187386, 2.3266222061177015, 3.013649845287272, 6.605748479922618, 7.255278009146169, 6.622222268241984, 9.099149088238965, 8.627353041924273, 10.375630210257109, 9.591336312005746, 9.725391303695703, 9.041822427475557, 7.463654254452037, 7.758368130605817], [6.727382942125414, 5.620422568633073, 4.533695892977384, 3.2427412924869596, 2.195323158443877, 1.095020515789544, 2.1955120427818198, 3.2441044819795795, 4.654655697256242, 5.13851054684137, 5.624857765312826, 7.0110111439078455, 7.922473686923801, 9.324297531717871, 9.951805069433382, 9.2548579054462, 7.839957242868101, 4.927731028576945, 2.797328112681814, 2.3810612024893443, 1.763118073187386, 0.0, 2.7960146226370135, 2.3800659003481393, 7.101555798555693, 8.097996002098297, 7.632410482278845, 10.026459291793888, 9.40458149467588, 10.951104482197218, 10.17180644182733, 9.916590759429372, 9.332210856490544, 7.486753224863231, 8.01013136783661], [6.075570572382482, 4.8578855482606835, 4.365420847982471, 3.158617593188514, 3.339569858529688, 2.183574853308217, 1.093893678562958, 2.1556679846395643, 2.9351343052746324, 2.91486295561215, 4.233678326231222, 5.3207096002319085, 6.144338393187667, 7.3783241911697, 8.214533243587246, 7.62742815370948, 6.4434923248188944, 5.186114023042687, 4.025934805731459, 4.055936143481551, 2.3266222061177015, 2.7960146226370135, 0.0, 1.7840754075991294, 5.089003718803907, 6.625892656842548, 5.682544792608326, 8.085509187429075, 7.223259683826964, 9.10310537618894, 8.662448488735734, 8.469265575007078, 7.491538777847979, 6.219024738654768, 6.9259689069472445], [5.996794600451144, 4.79246115685876, 4.208610690002105, 2.983201800079908, 3.056099353751445, 2.1860818008482665, 1.0948894099405655, 2.1314339633214066, 3.0553535851027127, 3.1776192109817054, 4.28212017229783, 5.434191651938676, 6.5866221092453765, 7.804227027066806, 8.33758283257204, 7.473022471530512, 6.187321947337151, 4.979895135442111, 4.054793304226493, 3.294116534064938, 3.013649845287272, 2.3800659003481393, 1.7840754075991294, 0.0, 5.280481691095993, 7.010495186504302, 6.40974972210304, 8.651490346755292, 7.722710200441293, 9.250059989535204, 8.738645745194159, 8.13951751764194, 7.369285049446792, 5.695708581028351, 6.604846522062416], [3.907736067085391, 3.3694289441981113, 4.443765818537246, 4.655299922668786, 6.083633083117356, 6.226892439250897, 5.018735503092388, 3.916778534714466, 2.458061817774321, 2.287038705400501, 2.0892641479717207, 1.09785315047141, 2.1182212160206495, 2.716175189489809, 3.2587332968501737, 2.7166127015089954, 2.1185794037514856, 5.332163258003265, 6.7172291110248725, 6.605599074270251, 6.605748479922618, 7.101555798555693, 5.089003718803907, 5.280481691095993, 0.0, 3.049019798230244, 2.447829416033723, 3.725162564237969, 2.5573229850763863, 4.057284473635044, 3.957911804222019, 3.7257849334066506, 2.558090465562154, 2.4485080212243533, 3.0491482368031892], [2.4519037990916366, 2.845731016803942, 4.097166779617349, 5.002805766767284, 6.403434636193298, 7.073452311283367, 6.415365306823922, 5.011830078923267, 4.026622725063772, 4.628510297061032, 2.794509633191484, 2.1875013942852695, 1.0953399700549598, 2.144485796175857, 2.819676649901545, 3.3994936005234657, 2.8657773605079653, 4.537761024999003, 6.604154500009823, 6.995677712702322, 7.255278009146169, 8.097996002098297, 6.625892656842548, 7.010495186504302, 3.049019798230244, 0.0, 1.7557514231804001, 2.429787303448596, 3.0480861142690836, 3.810724352403359, 2.667763471524415, 4.210251363042354, 4.0782208449273565, 3.8691650210349002, 2.7539897712228343], [3.605872718219544, 3.39436160124404, 4.4453472147853645, 4.922185784791143, 6.287785517970536, 6.584311017866638, 5.748686436047803, 4.555982521915553, 3.453882144775644, 3.715873319961271, 2.7410669473765137, 2.1710399558736824, 1.096727409158721, 2.157433630497124, 3.470484313464044, 3.9445439229396344, 3.4918059424887864, 5.126012662879405, 6.543726710369253, 7.051682809088906, 6.622222268241984, 7.632410482278845, 5.682544792608326, 6.40974972210304, 2.447829416033723, 1.7557514231804001, 0.0, 2.501207400436837, 2.4498665310583765, 4.29176724089273, 3.8160522349674406, 4.978551948106999, 4.1842003130825365, 4.316136413506876, 3.8688554250579075], [4.834454085002774, 5.146155607829985, 6.418357126243444, 7.145216945621736, 8.569910378761262, 8.997807418477015, 8.11154498970449, 6.852933847630517, 5.611126786127721, 5.736523097661161, 4.657271867735445, 3.479129076363796, 2.158579637168849, 1.0958287138052187, 2.1577861502011735, 3.4710643353300155, 3.9486349666688616, 6.944491501902785, 8.8190554165398, 9.22112038420495, 9.099149088238965, 10.026459291793888, 8.085509187429075, 8.651490346755292, 3.725162564237969, 2.429787303448596, 2.501207400436837, 0.0, 1.7614673485477954, 2.497421187945678, 2.455247286934658, 4.293243128451963, 3.813984522779294, 4.978630950371799, 4.210649208851291], [5.127608822833505, 5.084855205411458, 6.334766838645287, 6.79939530399579, 8.244092402441884, 8.443703429183193, 7.326593780195541, 6.2113020873243645, 4.812874701257035, 4.608980500067233, 4.1659158140797805, 2.825032621050596, 2.157309650930992, 1.0969750270630596, 2.1559852156264894, 2.817424132075254, 3.382340473695692, 7.061429481344412, 8.682976730361542, 8.869551647067624, 8.627353041924273, 9.40458149467588, 7.223259683826964, 7.722710200441293, 2.5573229850763863, 3.0480861142690836, 2.4498665310583765, 1.7614673485477954, 0.0, 2.454674090383487, 3.058168697112702, 3.8139881882355113, 2.665533999032839, 4.183900538970782, 4.078237018614783], [5.568345036902796, 5.953776553583448, 7.325187333440695, 8.075970952770943, 9.559012273765529, 10.032773555203965, 8.98262148985473, 7.713602076202791, 6.346748926812845, 6.34257044265178, 5.374972571092806, 3.9428059982707744, 3.471437007926256, 2.1569588730432483, 1.0957993611971126, 2.157021940083132, 3.471467512450606, 7.8705621228728, 10.010941803346975, 9.98984210335679, 10.375630210257109, 10.951104482197218, 9.10310537618894, 9.250059989535204, 4.057284473635044, 3.810724352403359, 4.29176724089273, 2.497421187945678, 2.454674090383487, 0.0, 1.762139117663529, 2.4974790549672283, 2.4545730565619754, 4.291788327725402, 3.8111845442066956], [4.129173086708765, 4.772464258640394, 6.132602892736492, 7.086132386570264, 8.536437698478212, 9.23502608659012, 8.391579040919533, 6.993359447361475, 5.796462380624927, 6.132597792942237, 4.572426236693163, 3.374214713085105, 2.8168429295933413, 2.1555222128291787, 1.096938115847927, 2.155522001743429, 2.8170028363492996, 6.520177904014583, 8.887325694493253, 8.923357089122906, 9.591336312005746, 10.17180644182733, 8.662448488735734, 