{"total energy": -23.03901751, "HOMO-LUMO gap/eV": 3.65747249, "electronic energy": -23.31673274, "dipole": [-0.0, 0.0, -0.0], "partial charges": [-0.14589244, 0.08365851, -0.03327195, -0.0332784, 0.08365851, -0.14589244, -0.03327195, -0.0332784, 0.06438787, 0.06439642, 0.06438787, 0.06439642], "atomic dipole moments": [[-0.50740355, 0.17140908, -0.00314864], [0.17623239, -0.0595199, 0.00110377], [-0.00332791, -0.02800687, 0.00071397], [-0.01435921, -0.02427545, 0.00065862], [-0.17623239, 0.0595199, -0.00110377], [0.50740355, -0.17140908, 0.00314864], [0.00332791, 0.02800687, -0.00071397], [0.01435921, 0.02427545, -0.00065862], [0.1177073, 0.10268669, -0.00292671], [-0.03125639, 0.15301354, -0.00384879], [-0.1177073, -0.10268669, 0.00292671], [0.03125639, -0.15301354, 0.00384879]], "atomic quadrupole moments": [[0.66497046, -0.35567903, -0.26769079, 0.00650758, -0.00244933, -0.39727968], [0.06790789, -0.17199674, -0.38276302, 0.00502928, 0.01840681, 0.31485513], [-0.24706928, -0.03318185, -0.27243772, 0.00274869, 0.02048316, 0.51950701], [-0.22453088, -0.003702, -0.29496179, 0.00195092, 0.02094794, 0.51949267], [0.06790789, -0.17199674, -0.38276302, 0.00502928, 0.01840681, 0.31485513], [0.66497046, -0.35567903, -0.26769079, 0.00650758, -0.00244933, -0.39727968], [-0.24706928, -0.03318185, -0.27243772, 0.00274869, 0.02048316, 0.51950701], [-0.22453088, -0.003702, -0.29496179, 0.00195092, 0.02094794, 0.51949267], [0.03238302, -0.01797918, 0.03384783, 0.00021529, -0.00253575, -0.06623085], [0.05028356, 0.00544653, 0.01596583, -0.00042863, -0.00213563, -0.06624939], [0.03238302, -0.01797918, 0.03384783, 0.00021529, -0.00253575, -0.06623085], [0.05028356, 0.00544653, 0.01596583, -0.00042863, -0.00213563, -0.06624939]], "number of molecular orbitals": 46, "number of electrons": 42, "number of unpaired electrons": 0, "orbital energies/eV": [-23.14661974, -23.14632468, -18.77448132, -17.87053884, -17.77498342, -16.82115, -16.46538327, -15.29972588, -14.80059192, -14.50467568, -14.3676792, -14.10057324, -14.00971341, -13.0067359, -12.83397091, -12.82766372, -12.17294989, -11.73267976, -11.57992258, -11.55812031, -11.11472413, -7.45725164, -7.39027594, -5.90666235, -5.89341958, -4.17035181, 0.29839166, 0.68196041, 0.71785916, 0.72767999, 0.74147367, 0.86965386, 1.75869071, 1.86883943, 2.54229469, 2.80249864, 3.5315068, 5.16398213, 7.53578325, 7.67797147, 9.70882589, 11.27737645, 12.63564503, 13.312687, 15.28491918, 16.25748562], "fractional occupation": [2.0, 2.0, 2.0, 2.0, 2.0, 2.0, 2.0, 2.0, 2.0, 2.0, 2.0, 2.0, 2.0, 2.0, 2.0, 2.0, 2.0, 2.0, 2.0, 2.0, 2.0, 0.0, 0.0, 0.0, 0.0, 0.0, 0.0, 0.0, 0.0, 0.0, 0.0, 0.0, 0.0, 0.0, 0.0, 0.0, 0.0, 0.0, 0.0, 0.0, 0.0, 0.0, 0.0, 0.0, 0.0, 0.0], "program call": "xtb /home/svss/Project-DBcg-Debug/aqme2_20220329/End-to-End-workflows-final/example-3/QDESCP/mol_502_rdkit_conf_1/mol_502_rdkit_conf_1.xyz --pop --wbo --acc 0.2 --gfn 2 --chrg 0 --uhf 0 --etemp 300 --input /home/svss/Project-DBcg-Debug/aqme2_20220329/End-to-End-workflows-final/example-3/QDESCP/mol_502_rdkit_conf_1/mol_502_rdkit_conf_1_xtb.inp", "method": "GFN2-xTB", "xtb version": "6.3.3 (7355c4f)", "Dipole module/D": 0.0, "Total charge": 0, "Transition dipole module/D": NaN, "HOMO": -11.1147, "LUMO": -7.4573, "HOMO occupancy": 2.0, "LUMO occupancy": 0, "mulliken charges": [-0.06959, 0.07046, -0.04027, -0.04028, 0.07046, -0.06959, -0.04027, -0.04028, 0.03984, 0.03984, 0.03984, 0.03984], "cm5 charges": [-0.0544, 0.04908, -0.09344, -0.09346, 0.04908, -0.0544, -0.09344, -0.09346, 0.0961, 0.09611, 0.0961, 0.09611], "FUKUI+": [-0.164, -0.065, -0.046, -0.046, -0.065, -0.164, -0.046, -0.046, -0.089, -0.089, -0.089, -0.089], "FUKUI-": [-0.279, -0.037, -0.027, -0.027, -0.037, -0.279, -0.027, -0.027, -0.065, -0.065, -0.065, -0.065], "FUKUIrad": [-0.222, -0.051, -0.036, -0.036, -0.051, -0.222, -0.036, -0.036, -0.077, -0.077, -0.077, -0.077], "s proportion": [1.948, 1.101, 1.066, 1.066, 1.101, 1.948, 1.066, 1.066, 0.96, 0.96, 0.96, 0.96], "p proportion": [5.117, 2.828, 2.975, 2.975, 2.828, 5.117, 2.975, 2.975, 0.0, 0.0, 0.0, 0.0], "d proportion": [0.006, 0.0, 0.0, 0.0, 0.0, 0.006, 0.0, 0.0, 0.0, 0.0, 0.0, 0.0], "Fermi-level/eV": -9.286, "Coordination numbers": [1.068, 2.906, 2.986, 2.986, 2.906, 1.068, 2.986, 2.986, 0.925, 0.925, 0.925, 0.925], "Dispersion coefficient C6": [189.071, 26.136, 28.821, 28.821, 26.136, 189.071, 28.821, 28.821, 2.148, 2.148, 2.148, 2.148], "Total dispersion C6": 4231.210461, "Total dispersion C8": 167650.379166, "Polarizability alpha": [22.171, 8.383, 8.806, 8.806, 8.383, 22.171, 8.806, 8.806, 2.292, 2.292, 2.292, 2.292], "Total polarizability alpha": 105.499686, "Wiberg matrix": [[0.0, 0.9996232513917899, 0.0, 0.0, 0.0, 0.0, 0.0, 0.0, 0.0, 0.0, 0.0, 0.0], [0.9996232513917899, 0.0, 1.4025993720711722, 0.0, 0.0, 0.0, 0.0, 1.4025442934858092, 0.0, 0.0, 0.0, 0.0], [0.0, 1.4025993720711722, 0.0, 1.4406733187996152, 0.0, 0.0, 0.10771264313134128, 0.0, 0.9662203530292779, 0.0, 0.0, 0.0], [0.0, 0.0, 1.4406733187996152, 0.0, 1.4025442934858052, 0.0, 0.0, 0.10774680986897385, 0.0, 0.9662277055922347, 0.0, 0.0], [0.0, 0.0, 0.0, 1.4025442934858052, 0.0, 0.9996232513917669, 1.4025993720711836, 0.0, 0.0, 0.0, 0.0, 0.0], [0.0, 0.0, 0.0, 0.0, 0.9996232513917669, 0.0, 0.0, 0.0, 0.0, 0.0, 0.0, 0.0], [0.0, 0.0, 0.10771264313134128, 0.0, 1.4025993720711836, 0.0, 0.0, 1.4406733187996186, 0.0, 0.0, 0.9662203530292748, 0.0], [0.0, 1.4025442934858092, 0.0, 0.10774680986897385, 0.0, 0.0, 1.4406733187996186, 0.0, 0.0, 0.0, 0.0, 0.9662277055922254], [0.0, 0.0, 0.9662203530292779, 0.0, 0.0, 0.0, 0.0, 0.0, 0.0, 0.0, 0.0, 0.0], [0.0, 0.0, 0.0, 0.9662277055922347, 0.0, 0.0, 0.0, 0.0, 0.0, 0.0, 0.0, 0.0], [0.0, 0.0, 0.0, 0.0, 0.0, 0.0, 0.9662203530292748, 0.0, 0.0, 0.0, 0.0, 0.0], [0.0, 0.0, 0.0, 0.0, 0.0, 0.0, 0.0, 0.9662277055922254, 0.0, 0.0, 0.0, 0.0]], "Born radii": [], "Atomic SASAs": [], "Solvent H bonds": [], "Total SASA": NaN, "Total FOD": 0.0, "FOD": [0.0, 0.0, 0.0, 0.0, 0.0, 0.0, 0.0, 0.0, 0.0, 0.0, 0.0, 0.0], "FOD s proportion": [0.0, 0.0, 0.0, 0.0, 0.0, 0.0, 0.0, 0.0, 0.0, 0.0, 0.0, 0.0], "FOD p proportion": [0.0, 0.0, 0.0, 0.0, 0.0, 0.0, 0.0, 0.0, 0.0, 0.0, 0.0, 0.0], "FOD d proportion": [0.0, 0.0, 0.0, 0.0, 0.0, 0.0, 0.0, 0.0, 0.0, 0.0, 0.0, 0.0], "coordinates": [["3.10760", "-1.04980", "0.01930"], ["1.31680", "-0.44480", "0.00820"], ["1.04940", "0.92390", "-0.02640"], ["-0.27380", "1.37090", "-0.03460"], ["-1.31680", "0.44480", "-0.00820"], ["-3.10760", "1.04980", "-0.01930"], ["-1.04940", "-0.92390", "0.02640"], ["0.27380", "-1.37090", "0.03460"], ["1.86030", "1.64740", "-0.04700"], ["-0.47950", "2.43780", "-0.06150"], ["-1.86030", "-1.64740", "0.04700"], ["0.47950", "-2.43780", "0.06150"]], "bond_dist": [[0.0, 1.8902679307442107, 2.8519760552992026, 4.158913278730395, 4.670107147593083, 6.560375077691824, 4.158912143818381, 2.851975059498242, 2.972379656100479, 5.003715500505599, 5.00379090890097, 2.9724122274677853], [1.8902679307442107, 0.0, 1.3950052365493113, 2.4142507512683933, 2.7798392183721705, 4.670107147593083, 2.414284674598255, 1.3950652923788192, 2.1623459783300176, 3.397195098901445, 3.397310202204091, 2.1623970911930126], [2.8519760552992026, 1.3950052365493113, 0.0, 1.396686965644056, 2.414284674598255, 4.158912143818381, 2.796804269161502, 2.4230937662418266, 1.0869385539210576, 2.1518969375878574, 3.8837257034965793, 3.410797459539338], [4.158913278730395, 2.4142507512683933, 1.396686965644056, 0.0, 1.3950652923788192, 2.851975059498242, 2.4230937662418266, 2.796805613552719, 2.151973238681188, 1.086881644890556, 3.4108321125496635, 3.883669886846718], [4.670107147593083, 2.7798392183721705, 2.414284674598255, 1.3950652923788192, 0.0, 1.8902679307442107, 1.3950052365493113, 2.4142507512683933, 3.397310202204091, 2.1623970911930126, 2.1623459783300176, 3.397195098901445], [6.560375077691824, 4.670107147593083, 4.158912143818381, 2.851975059498242, 1.8902679307442107, 0.0, 2.8519760552992026, 4.158913278730395, 5.00379090890097, 2.9724122274677853, 2.972379656100479, 5.003715500505599], [4.158912143818381, 2.414284674598255, 2.796804269161502, 2.4230937662418266, 1.3950052365493113, 2.8519760552992026, 0.0, 1.396686965644056, 3.8837257034965793, 3.410797459539338, 1.0869385539210576, 2.1518969375878574], [2.851975059498242, 1.3950652923788192, 2.4230937662418266, 2.796805613552719, 2.4142507512683933, 4.158913278730395, 1.396686965644056, 0.0, 3.4108321125496635, 3.883669886846718, 2.151973238681188, 1.086881644890556], [2.972379656100479, 2.1623459783300176, 1.0869385539210576, 2.151973238681188, 3.397310202204091, 5.00379090890097, 3.8837257034965793, 3.4108321125496635, 0.0, 2.4697381338919318, 4.970654624896, 4.313611008192557], [5.003715500505599, 3.397195098901445, 2.1518969375878574, 1.086881644890556, 2.1623970911930126, 2.9724122274677853, 3.410797459539338, 3.883669886846718, 2.4697381338919318, 0.0, 4.313611008192557, 4.9705417571930735], [5.00379090890097, 3.397310202204091, 3.8837257034965793, 3.4108321125496635, 2.1623459783300176, 2.972379656100479, 1.0869385539210576, 2.151973238681188, 4.970654624896, 4.313611008192557, 0.0, 2.4697381338919318], [2.9724122274677853, 2.1623970911930126, 3.410797459539338, 3.883669886846718, 3.397195098901445, 5.003715500505599, 2.1518969375878574, 1.086881644890556, 4.313611008192557, 4.9705417571930735, 2.4697381338919318, 0.0]]}