{"total energy": -39.76676205, "HOMO-LUMO gap/eV": 4.76491743, "electronic energy": -40.24864524, "dipole": [0.48711197, 0.29218553, 0.51361859], "partial charges": [-0.10001951, -0.05258237, -0.05785576, -0.05765888, -0.0587201, -0.05888875, -0.05660613, -0.08862891, 0.35152377, -0.40114483, -0.27041075, 0.03450215, 0.0310993, 0.03108759, 0.03125858, 0.03112803, 0.03040606, 0.0292342, 0.02905499, 0.02703378, 0.03099285, 0.03594049, 0.02921042, 0.03972959, 0.02750298, 0.05207237, 0.036452, 0.06958804, 0.06756268, 0.06374123, 0.06155665, 0.06183822], "atomic dipole moments": [[0.0990437, -0.00773609, 0.00354403], [-0.06350001, 0.02479463, 0.09058485], [0.06497083, -0.03019831, -0.0845025], [-0.04050595, 0.08212452, -0.06251915], [0.04964048, -0.07749036, 0.06920116], [-0.03402977, 0.08598752, -0.0711859], [0.08040046, -0.07907891, 0.0742696], [-0.0365082, -0.0727439, -0.06166232], [0.15007272, -0.06165153, 0.0398385], [0.07830121, 0.09977984, 0.12345351], [-0.07382735, -0.14684883, -0.16044595], [-0.13382138, 0.20721295, 0.08996438], [-0.04086192, -0.02042287, -0.11593054], [-0.05557398, -0.08405028, 0.0751473], [-0.03785073, 0.11503601, 0.03417545], [0.04494069, 0.08081613, -0.08247516], [0.03002897, -0.11303143, -0.04137326], [-0.02949856, 0.11403657, 0.03920652], [-0.05375464, -0.07345752, 0.08065046], [0.02773068, 0.00586558, 0.11778202], [0.02872309, -0.11712748, -0.03206245], [-0.0225019, -0.01177525, -0.12256307], [-0.03192227, 0.11548943, 0.02962466], [0.03114833, -0.12008066, -0.02892083], [0.02370857, 0.01152307, 0.11974606], [-0.02944933, -0.00916211, -0.12529331], [-0.03121604, 0.11272482, 0.03056151], [0.05724794, 0.10604992, -0.05193932], [0.02040517, -0.00383475, 0.13099959], [0.1132524, -0.01341213, 0.05390186], [0.0201514, 0.01975509, -0.12716871], [-0.06936053, -0.10621867, 0.02982913]], "atomic quadrupole moments": [[0.2302562, -0.02838895, -0.12524008, 0.01394834, 0.00190706, -0.10501612], [0.16827846, -0.01232033, -0.22409727, 0.0954506, 0.05351831, 0.05581881], [0.14985595, -0.03244807, -0.20840491, 0.11517968, 0.04173052, 0.05854896], [0.19388808, 0.05757787, -0.07629802, -0.0566338, -0.12323392, -0.11759007], [0.20093376, 0.06254236, -0.07057765, -0.02835203, -0.13943588, -0.13035612], [0.19175658, 0.074513, -0.07723867, -0.03760359, -0.14635647, -0.11451791], [0.22802527, 0.05833066, -0.07828434, -0.02659947, -0.12158576, -0.14974093], [0.14452693, -0.11666251, 0.01729893, 0.02725047, 0.12529082, -0.16182586], [0.02228853, 0.10559984, -0.08293042, -0.17782566, -0.3943533, 0.06064189], [-0.05279467, 0.08032563, -0.00450479, -0.08761673, -0.13062182, 0.05729946], [-0.00028869, -0.06154525, 0.03532123, -0.00468074, 0.05636099, -0.03503254], [-0.05831247, -0.32002025, 0.2309658, -0.11778141, 0.24582969, -0.17265334], [-0.0191832, 0.00321471, -0.05054767, 0.02944092, 0.02301059, 0.06973087], [-0.01528311, 0.02317318, 0.01430657, -0.02652556, -0.05984105, 0.00097654], [-0.02369072, -0.01935373, 0.06481465, -0.00819437, 0.03713389, -0.04112393], [-0.00686172, 0.03002754, 0.01143609, -0.01078797, -0.03740927, -0.00457436], [-0.01852544, -0.02119186, 0.04797658, 0.00565267, 0.01919033, -0.02945114], [-0.02722441, -0.01539463, 0.05425539, 0.01072803, 0.0163117, -0.02703099], [-0.00327148, 0.03335622, 0.00405424, -0.00969735, -0.04113736, -0.00078277], [-0.01056434, 0.01497104, -0.04076857, 0.01678809, 0.01496473, 0.05133291], [-0.01934971, -0.00845043, 0.0397513, -0.01674045, 0.03445418, -0.02040159], [-0.0181104, 0.00919293, -0.02990974, 0.01327836, 0.01859236, 0.04802014], [-0.01808207, -0.01539234, 0.04259991, -0.01137303, 0.03083867, -0.02451784], [-0.0149005, -0.01589495, 0.03614484, -0.01175615, 0.03008862, -0.02124435], [-0.02154629, 0.00892437, -0.03069816, 0.01269246, 0.01953845, 0.05224445], [-0.01968078, 0.01035685, -0.02943451, 0.00621297, 0.01816734, 0.04911529], [-0.01257967, -0.01346345, 0.04438011, -0.01909988, 0.03073443, -0.03180044], [0.01197347, 0.02594939, 0.0254533, -0.01718024, -0.03949293, -0.03742677], [-0.00764951, -0.01677313, -0.04796981, 0.01415971, -0.00264503, 0.05561932], [0.05256634, -0.01056372, -0.03545806, 0.05338867, 0.01050724, -0.01710828], [-0.04256814, -0.01955806, -0.0156333, -0.01049232, -0.01195476, 0.05820145], [0.00796992, 0.03353685, 0.03466362, -0.02598351, -0.00316203, -0.04263354]], "number of molecular orbitals": 68, "number of electrons": 72, "number of unpaired electrons": 0, "orbital energies/eV": [-20.13104714, -19.33852573, -18.30419008, -17.27186894, -16.88620208, -16.68140604, -16.53923337, -16.34870997, -15.91537288, -15.86973154, -15.42632169, -15.30733956, -15.20970677, -15.00410868, -14.84774229, -14.19493138, -14.09087459, -13.86311797, -13.68343208, -13.57707145, -13.33347541, -13.21849364, -13.0791221, -12.99629789, -12.65793061, -12.60297166, -12.27363004, -12.19003793, -12.07186105, -12.04776552, -11.78657165, -11.58647183, -11.47962003, -11.32745534, -11.2551636, -11.21914005, -6.45422263, 0.13281016, 1.44175898, 2.34920527, 2.75910423, 2.84604903, 3.05981022, 3.31359756, 3.49678899, 3.5667648, 3.66173782, 3.79434942, 3.97901959, 4.31335255, 4.38364541, 4.682087, 4.78636872, 4.87646847, 5.20078493, 5.32909476, 5.72113062, 5.96340866, 6.08413175, 6.46690801, 6.66101395, 6.89944008, 7.14915115, 7.46449609, 7.64862572, 8.3205949, 8.49752676, 16.18208721], "fractional occupation": [2.0, 2.0, 2.0, 2.0, 2.0, 2.0, 2.0, 2.0, 2.0, 2.0, 2.0, 2.0, 2.0, 2.0, 2.0, 2.0, 2.0, 2.0, 2.0, 2.0, 2.0, 2.0, 2.0, 2.0, 2.0, 2.0, 2.0, 2.0, 2.0, 2.0, 2.0, 2.0, 2.0, 2.0, 2.0, 2.0, 0.0, 0.0, 0.0, 0.0, 0.0, 0.0, 0.0, 0.0, 0.0, 0.0, 0.0, 0.0, 0.0, 0.0, 0.0, 0.0, 0.0, 0.0, 0.0, 0.0, 0.0, 0.0, 0.0, 0.0, 0.0, 0.0, 0.0, 0.0, 0.0, 0.0, 0.0, 0.0], "program call": "xtb /home/svss/Project-DBcg-Debug/aqme2_20220329/End-to-End-workflows-final/example-3/QDESCP/mol_980_rdkit_conf_14/mol_980_rdkit_conf_14.xyz --pop --wbo --acc 0.2 --gfn 2 --chrg 0 --uhf 0 --etemp 300 --input /home/svss/Project-DBcg-Debug/aqme2_20220329/End-to-End-workflows-final/example-3/QDESCP/mol_980_rdkit_conf_14/mol_980_rdkit_conf_14_xtb.inp", "method": "GFN2-xTB", "xtb version": "6.3.3 (7355c4f)", "Dipole module/D": 1.946, "Total charge": 0, "Transition dipole module/D": NaN, "HOMO": -11.2191, "LUMO": -6.4542, "HOMO occupancy": 2.0, "LUMO occupancy": 0, "mulliken charges": [-0.08339, -0.03998, -0.04688, -0.04555, -0.04582, -0.04732, -0.03924, -0.07839, 0.57323, -0.52792, -0.41854, 0.17541, 0.02813, 0.02608, 0.02597, 0.02275, 0.02352, 0.02207, 0.02378, 0.02258, 0.02528, 0.02719, 0.02078, 0.03572, 0.01918, 0.04107, 0.02495, 0.05915, 0.05309, 0.03598, 0.04364, 0.04349], "cm5 charges": [-0.23382, -0.15264, -0.15738, -0.15612, -0.15671, -0.15738, -0.14766, -0.17706, 0.62227, -0.57856, -0.50558, 0.05576, 0.0789, 0.07737, 0.07726, 0.07805, 0.07834, 0.07726, 0.07869, 0.0775, 0.0805, 0.08322, 0.07624, 0.09373, 0.07471, 0.09901, 0.07996, 0.11701, 0.11253, 0.09503, 0.10484, 0.10472], "FUKUI+": [0.004, 0.001, 0.004, 0.002, 0.005, 0.007, 0.021, 0.028, -0.189, -0.283, -0.126, 0.047, -0.007, -0.007, -0.006, 0.004, -0.0, -0.008, -0.013, -0.007, -0.002, -0.009, -0.017, 0.012, -0.018, -0.023, -0.055, -0.1, -0.092, -0.076, -0.048, -0.049], "FUKUI-": [0.018, 0.003, 0.01, 0.011, 0.006, 0.01, 0.01, -0.002, -0.011, -0.089, -0.048, 0.016, -0.048, -0.065, -0.047, -0.076, -0.058, -0.046, -0.068, -0.056, -0.033, -0.05, -0.043, -0.045, -0.05, -0.034, -0.057, -0.044, -0.037, -0.037, -0.022, -0.018], "FUKUIrad": [0.011, 0.002, 0.007, 0.007, 0.005, 0.009, 0.015, 0.013, -0.1, -0.186, -0.087, 0.032, -0.028, -0.036, -0.026, -0.036, -0.029, -0.027, -0.041, -0.031, -0.018, -0.03, -0.03, -0.016, -0.034, -0.028, -0.056, -0.072, -0.065, -0.056, -0.035, -0.033], "s proportion": [1.008, 1.027, 1.032, 1.032, 1.032, 1.033, 1.03, 1.039, 0.991, 1.731, 1.698, 0.973, 0.972, 0.974, 0.974, 0.977, 0.976, 0.978, 0.976, 0.977, 0.975, 0.973, 0.979, 0.964, 0.981, 0.959, 0.975, 0.941, 0.947, 0.964, 0.956, 0.957], "p proportion": [3.076, 3.013, 3.015, 3.013, 3.014, 3.014, 3.009, 3.039, 2.435, 4.797, 4.72, 2.852, 0.0, 0.0, 0.0, 0.0, 0.0, 0.0, 0.0, 0.0, 0.0, 0.0, 0.0, 0.0, 0.0, 0.0, 0.0, 0.0, 0.0, 0.0, 0.0, 0.0], "d proportion": [0.0, 0.0, 0.0, 0.0, 0.0, 0.0, 0.0, 0.0, 0.0, 0.0, 0.0, 0.0, 0.0, 0.0, 0.0, 0.0, 0.0, 0.0, 0.0, 0.0, 0.0, 0.0, 0.0, 0.0, 0.0, 0.0, 0.0, 0.0, 0.0, 0.0, 0.0, 0.0], "Fermi-level/eV": -8.8367, "Coordination numbers": [3.75, 3.799, 3.801, 3.8, 3.801, 3.801, 3.801, 3.802, 2.721, 0.856, 1.703, 3.655, 0.924, 0.924, 0.924, 0.924, 0.924, 0.924, 0.924, 0.924, 0.924, 0.924, 0.924, 0.924, 0.924, 0.924, 0.924, 0.924, 0.924, 0.924, 0.924, 0.924], "Dispersion coefficient C6": [22.474, 21.52, 21.615, 21.612, 21.631, 21.634, 21.592, 22.189, 21.031, 21.704, 18.485, 20.288, 2.571, 2.571, 2.569, 2.571, 2.581, 2.598, 2.6, 2.629, 2.573, 2.504, 2.598, 2.453, 2.622, 2.294, 2.497, 2.09, 2.113, 2.156, 2.181, 2.178], "Total dispersion C6": 7475.104284, "Total dispersion C8": 158273.88953, "Polarizability alpha": [6.761, 6.605, 6.619, 6.619, 6.622, 6.622, 6.616, 6.706, 7.507, 6.246, 5.805, 6.467, 2.507, 2.508, 2.506, 2.507, 2.512, 2.52, 2.522, 2.536, 2.508, 2.475, 2.521, 2.449, 2.532, 2.369, 2.471, 2.261, 2.273, 2.296, 2.309, 2.308], "Total polarizability alpha": 128.086164, "Wiberg matrix": [[0.0, 1.0198162336531722, 0.0, 0.0, 0.0, 0.0, 0.0, 0.0, 0.0, 0.0, 0.0, 0.0, 0.9874960878981072, 0.9876743726053301, 0.9878559460834256, 0.0, 0.0, 0.0, 0.0, 0.0, 0.0, 0.0, 0.0, 0.0, 0.0, 0.0, 0.0, 0.0, 0.0, 0.0, 0.0, 0.0], [1.0198162336531722, 0.0, 1.0088168204700922, 0.0, 0.0, 0.0, 0.0, 0.0, 0.0, 0.0, 0.0, 0.0, 0.0, 0.0, 0.0, 0.9762695820951477, 0.9778718693382226, 0.0, 0.0, 0.0, 0.0, 0.0, 0.0, 0.0, 0.0, 0.0, 0.0, 0.0, 0.0, 0.0, 0.0, 0.0], [0.0, 1.0088168204700922, 0.0, 1.0063677825388806, 0.0, 0.0, 0.0, 0.0, 0.0, 0.0, 0.0, 0.0, 0.0, 0.0, 0.0, 0.0, 0.0, 0.9772130239352153, 0.976834132195197, 0.0, 0.0, 0.0, 0.0, 0.0, 0.0, 0.0, 0.0, 0.0, 0.0, 0.0, 0.0, 0.0], [0.0, 0.0, 1.0063677825388806, 0.0, 1.0080296046002142, 0.0, 0.0, 0.0, 0.0, 0.0, 0.0, 0.0, 0.0, 0.0, 0.0, 0.0, 0.0, 0.0, 0.0, 0.9770552128847725, 0.9771816870685657, 0.0, 0.0, 0.0, 0.0, 0.0, 0.0, 0.0, 0.0, 0.0, 0.0, 0.0], [0.0, 0.0, 0.0, 1.0080296046002142, 0.0, 1.0067829141257167, 0.0, 0.0, 0.0, 0.0, 0.0, 0.0, 0.0, 0.0, 0.0, 0.0, 0.0, 0.0, 0.0, 0.0, 0.0, 0.9752118690552337, 0.9770993111374263, 0.0, 0.0, 0.0, 0.0, 0.0, 0.0, 0.0, 0.0, 0.0], [0.0, 0.0, 0.0, 0.0, 1.0067829141257167, 0.0, 1.0078134669090115, 0.0, 0.0, 0.0, 0.0, 0.0, 0.0, 0.0, 0.0, 0.0, 0.0, 0.0, 0.0, 0.0, 0.0, 0.0, 0.0, 0.9766085766001413, 0.9769655148602261, 0.0, 0.0, 0.0, 0.0, 0.0, 0.0, 0.0], [0.0, 0.0, 0.0, 0.0, 0.0, 1.0078134669090115, 0.0, 1.005090036430877, 0.0, 0.0, 0.0, 0.0, 0.0, 0.0, 0.0, 0.0, 0.0, 0.0, 0.0, 0.0, 0.0, 0.0, 0.0, 0.0, 0.0, 0.9747493786127461, 0.9767317714357913, 0.0, 0.0, 0.0, 0.0, 0.0], [0.0, 0.0, 0.0, 0.0, 0.0, 0.0, 1.005090036430877, 0.0, 0.979086610308794, 0.0, 0.0, 0.0, 0.0, 0.0, 0.0, 0.0, 0.0, 0.0, 0.0, 0.0, 0.0, 0.0, 0.0, 0.0, 0.0, 0.0, 0.0, 0.9469024649700732, 0.9600405358658717, 0.0, 0.0, 0.0], [0.0, 0.0, 0.0, 0.0, 0.0, 0.0, 0.0, 0.979086610308794, 0.0, 1.7646210492674306, 1.1107843262133927, 0.0, 0.0, 0.0, 0.0, 0.0, 0.0, 0.0, 0.0, 0.0, 0.0, 0.0, 0.0, 0.0, 0.0, 0.0, 0.0, 0.0, 0.0, 0.0, 0.0, 0.0], [0.0, 0.0, 0.0, 0.0, 0.0, 0.0, 0.0, 0.0, 1.7646210492674306, 0.0, 0.1684080669380476, 0.0, 0.0, 0.0, 0.0, 0.0, 0.0, 0.0, 0.0, 0.0, 0.0, 0.0, 0.0, 0.0, 0.0, 0.0, 0.0, 0.0, 0.0, 0.0, 0.0, 0.0], [0.0, 0.0, 0.0, 0.0, 0.0, 0.0, 0.0, 0.0, 1.1107843262133927, 0.1684080669380476, 0.0, 0.9607538325170327, 0.0, 0.0, 0.0, 0.0, 0.0, 0.0, 0.0, 0.0, 0.0, 0.0, 0.0, 0.0, 0.0, 0.0, 0.0, 0.0, 0.0, 0.0, 0.0, 0.0], [0.0, 0.0, 0.0, 0.0, 0.0, 0.0, 0.0, 0.0, 0.0, 0.0, 0.9607538325170327, 0.0, 0.0, 0.0, 0.0, 0.0, 0.0, 0.0, 0.0, 0.0, 0.0, 0.0, 0.0, 0.0, 0.0, 0.0, 0.0, 0.0, 0.0, 0.9818951020646577, 0.9782278746961435, 0.9781507334294325], [0.9874960878981072, 0.0, 0.0, 0.0, 0.0, 0.0, 0.0, 0.0, 0.0, 0.0, 0.0, 0.0, 0.0, 0.0, 0.0, 0.0, 0.0, 0.0, 0.0, 0.0, 0.0, 0.0, 0.0, 0.0, 0.0, 0.0, 0.0, 0.0, 0.0, 0.0, 0.0, 0.0], [0.9876743726053301, 0.0, 0.0, 0.0, 0.0, 0.0, 0.0, 0.0, 0.0, 0.0, 0.0, 0.0, 0.0, 0.0, 0.0, 0.0, 0.0, 0.0, 0.0, 0.0, 0.0, 0.0, 0.0, 0.0, 0.0, 0.0, 0.0, 0.0, 0.0, 0.0, 0.0, 0.0], [0.9878559460834256, 0.0, 0.0, 0.0, 0.0, 0.0, 0.0, 0.0, 0.0, 0.0, 0.0, 0.0, 0.0, 0.0, 0.0, 0.0, 0.0, 0.0, 0.0, 0.0, 0.0, 0.0, 0.0, 0.0, 0.0, 0.0, 0.0, 0.0, 0.0, 0.0, 0.0, 0.0], [0.0, 0.9762695820951477, 0.0, 0.0, 0.0, 0.0, 0.0, 0.0, 0.0, 0.0, 0.0, 0.0, 0.0, 0.0, 0.0, 0.0, 0.0, 0.0, 0.0, 0.0, 0.0, 0.0, 0.0, 0.0, 0.0, 0.0, 0.0, 0.0, 0.0, 0.0, 0.0, 0.0], [0.0, 0.9778718693382226, 0.0, 0.0, 0.0, 0.0, 0.0, 0.0, 0.0, 0.0, 0.0, 0.0, 0.0, 0.0, 0.0, 0.0, 0.0, 0.0, 0.0, 0.0, 0.0, 0.0, 0.0, 0.0, 0.0, 0.0, 0.0, 0.0, 0.0, 0.0, 0.0, 0.0], [0.0, 0.0, 0.9772130239352153, 0.0, 0.0, 0.0, 0.0, 0.0, 0.0, 0.0, 0.0, 0.0, 0.0, 0.0, 0.0, 0.0, 0.0, 0.0, 0.0, 0.0, 0.0, 0.0, 0.0, 0.0, 0.0, 0.0, 0.0, 0.0, 0.0, 0.0, 0.0, 0.0], [0.0, 0.0, 0.976834132195197, 0.0, 0.0, 0.0, 0.0, 0.0, 0.0, 0.0, 0.0, 0.0, 0.0, 0.0, 0.0, 0.0, 0.0, 0.0, 0.0, 0.0, 0.0, 0.0, 0.0, 0.0, 0.0, 0.0, 0.0, 0.0, 0.0, 0.0, 0.0, 0.0], [0.0, 0.0, 0.0, 0.9770552128847725, 0.0, 0.0, 0.0, 0.0, 0.0, 0.0, 0.0, 0.0, 0.0, 0.0, 0.0, 0.0, 0.0, 0.0, 0.0, 0.0, 0.0, 0.0, 0.0, 0.0, 0.0, 0.0, 0.0, 0.0, 0.0, 0.0, 0.0, 0.0], [0.0, 0.0, 0.0, 0.9771816870685657, 0.0, 0.0, 0.0, 0.0, 0.0, 0.0, 0.0, 0.0, 0.0, 0.0, 0.0, 0.0, 0.0, 0.0, 0.0, 0.0, 0.0, 0.0, 0.0, 0.0, 0.0, 0.0, 0.0, 0.0, 0.0, 0.0, 0.0, 0.0], [0.0, 0.0, 0.0, 0.0, 0.9752118690552337, 0.0, 0.0, 0.0, 0.0, 0.0, 0.0, 0.0, 0.0, 0.0, 0.0, 0.0, 0.0, 0.0, 0.0, 0.0, 0.0, 0.0, 0.0, 0.0, 0.0, 0.0, 0.0, 0.0, 0.0, 0.0, 0.0, 0.0], [0.0, 0.0, 0.0, 0.0, 0.9770993111374263, 0.0, 0.0, 0.0, 0.0, 0.0, 0.0, 0.0, 0.0, 0.0, 0.0, 0.0, 0.0, 0.0, 0.0, 0.0, 0.0, 0.0, 0.0, 0.0, 0.0, 0.0, 0.0, 0.0, 0.0, 0.0, 0.0, 0.0], [0.0, 0.0, 0.0, 0.0, 0.0, 0.9766085766001413, 0.0, 0.0, 0.0, 0.0, 0.0, 0.0, 0.0, 0.0, 0.0, 0.0, 0.0, 0.0, 0.0, 0.0, 0.0, 0.0, 0.0, 0.0, 0.0, 0.0, 0.0, 0.0, 0.0, 0.0, 0.0, 0.0], [0.0, 0.0, 0.0, 0.0, 0.0, 0.9769655148602261, 0.0, 0.0, 0.0, 0.0, 0.0, 0.0, 0.0, 0.0, 0.0, 0.0, 0.0, 0.0, 0.0, 0.0, 0.0, 0.0, 0.0, 0.0, 0.0, 0.0, 0.0, 0.0, 0.0, 0.0, 0.0, 0.0], [0.0, 0.0, 0.0, 0.0, 0.0, 0.0, 0.9747493786127461, 0.0, 0.0, 0.0, 0.0, 0.0, 0.0, 0.0, 0.0, 0.0, 0.0, 0.0, 0.0, 0.0, 0.0, 0.0, 0.0, 0.0, 0.0, 0.0, 0.0, 0.0, 0.0, 0.0, 0.0, 0.0], [0.0, 0.0, 0.0, 0.0, 0.0, 0.0, 0.9767317714357913, 0.0, 0.0, 0.0, 0.0, 0.0, 0.0, 0.0, 0.0, 0.0, 0.0, 0.0, 0.0, 0.0, 0.0, 0.0, 0.0, 0.0, 0.0, 0.0, 0.0, 0.0, 0.0, 0.0, 0.0, 0.0], [0.0, 0.0, 0.0, 0.0, 0.0, 0.0, 0.0, 0.9469024649700732, 0.0, 0.0, 0.0, 0.0, 0.0, 0.0, 0.0, 0.0, 0.0, 0.0, 0.0, 0.0, 0.0, 0.0, 0.0, 0.0, 0.0, 0.0, 0.0, 0.0, 0.0, 0.0, 0.0, 0.0], [0.0, 0.0, 0.0, 0.0, 0.0, 0.0, 0.0, 0.9600405358658717, 0.0, 0.0, 0.0, 0.0, 0.0, 0.0, 0.0, 0.0, 0.0, 0.0, 0.0, 0.0, 0.0, 0.0, 0.0, 0.0, 0.0, 0.0, 0.0, 0.0, 0.0, 0.0, 0.0, 0.0], [0.0, 0.0, 0.0, 0.0, 0.0, 0.0, 0.0, 0.0, 0.0, 0.0, 0.0, 0.9818951020646577, 0.0, 0.0, 0.0, 0.0, 0.0, 0.0, 0.0, 0.0, 0.0, 0.0, 0.0, 0.0, 0.0, 0.0, 0.0, 0.0, 0.0, 0.0, 0.0, 0.0], [0.0, 0.0, 0.0, 0.0, 0.0, 0.0, 0.0, 0.0, 0.0, 0.0, 0.0, 0.9782278746961435, 0.0, 0.0, 0.0, 0.0, 0.0, 0.0, 0.0, 0.0, 0.0, 0.0, 0.0, 0.0, 0.0, 0.0, 0.0, 0.0, 0.0, 0.0, 0.0, 0.0], [0.0, 0.0, 0.0, 0.0, 0.0, 0.0, 0.0, 0.0, 0.0, 0.0, 0.0, 0.9781507334294325, 0.0, 0.0, 0.0, 0.0, 0.0, 0.0, 0.0, 0.0, 0.0, 0.0, 0.0, 0.0, 0.0, 0.0, 0.0, 0.0, 0.0, 0.0, 0.0, 0.0]], "Born radii": [], "Atomic SASAs": [], "Solvent H bonds": [], "Total SASA": NaN, "Total FOD": 0.0, "FOD": [0.0, 0.0, 0.0, 0.0, 0.0, 0.0, 0.0, 0.0, 0.0, 0.0, 0.0, 0.0, 0.0, 0.0, 0.0, 0.0, 0.0, 0.0, 0.0, 0.0, 0.0, 0.0, 0.0, 0.0, 0.0, 0.0, 0.0, 0.0, 0.0, 0.0, 0.0, 0.0], "FOD s proportion": [0.0, 0.0, 0.0, 0.0, 0.0, 0.0, 0.0, 0.0, 0.0, 0.0, 0.0, 0.0, 0.0, 0.0, 0.0, 0.0, 0.0, 0.0, 0.0, 0.0, 0.0, 0.0, 0.0, 0.0, 0.0, 0.0, 0.0, 0.0, 0.0, 0.0, 0.0, 0.0], "FOD p proportion": [0.0, 0.0, 0.0, 0.0, 0.0, 0.0, 0.0, 0.0, 0.0, 0.0, 0.0, 0.0, 0.0, 0.0, 0.0, 0.0, 0.0, 0.0, 0.0, 0.0, 0.0, 0.0, 0.0, 0.0, 0.0, 0.0, 0.0, 0.0, 0.0, 0.0, 0.0, 0.0], "FOD d proportion": [0.0, 0.0, 0.0, 0.0, 0.0, 0.0, 0.0, 0.0, 0.0, 0.0, 0.0, 0.0, 0.0, 0.0, 0.0, 0.0, 0.0, 0.0, 0.0, 0.0, 0.0, 0.0, 0.0, 0.0, 0.0, 0.0, 0.0, 0.0, 0.0, 0.0, 0.0, 0.0], "coordinates": [["-5.22490", "-0.30800", "-0.47710"], ["-3.70950", "-0.43470", "-0.43750"], ["-3.16630", "-0.18630", "0.97020"], ["-1.65660", "-0.41380", "1.08920"], ["-0.82510", "0.58850", "0.28550"], ["0.67270", "0.38740", "0.53000"], ["1.50580", "1.38980", "-0.27500"], ["3.00640", "1.23030", "-0.03180"], ["3.58350", "-0.01150", "-0.67280"], ["3.03670", "-0.68770", "-1.53210"], ["4.82720", "-0.24730", "-0.16530"], ["5.47070", "-1.39610", "-0.71800"], ["-5.59350", "-0.48540", "-1.49230"], ["-5.69760", "-1.03780", "0.18790"], ["-5.54260", "0.69360", "-0.17020"], ["-3.28030", "0.28340", "-1.14410"], ["-3.42400", "-1.43740", "-0.77600"], ["-3.41050", "0.83500", "1.28700"], ["-3.66960", "-0.86270", "1.67230"], ["-1.38270", "-0.33740", "2.14890"], ["-1.41270", "-1.43540", "0.77330"], ["-1.03070", "0.47480", "-0.78460"], ["-1.10890", "1.61010", "0.56570"], ["0.95010", "-0.63760", "0.25820"], ["0.88890", "0.50730", "1.59860"], ["1.28180", "1.28640", "-1.34360"], ["1.21400", "2.40670", "0.01520"], ["3.53330", "2.09010", "-0.46070"], ["3.20520", "1.20300", "1.04550"], ["6.44950", "-1.49820", "-0.24140"], ["5.62130", "-1.27000", "-1.79480"], ["4.88850", "-2.29930", "-0.51010"]], "bond_dist": [[0.0, 1.521202882589959, 2.519389239478489, 3.8983655831643085, 4.554504479084415, 6.023248071431227, 6.944472027447443, 8.385640027451691, 8.815561315083684, 8.337339602655033, 10.05711778493222, 10.753504255822842, 1.0945171355442542, 1.0946590016987028, 1.094679615229954, 2.1391849195429553, 2.1466546951011938, 2.7767868427374833, 2.7104557808604812, 4.653948989836481, 4.16742123620831, 4.2776916356839, 4.65918398971322, 6.227353149613405, 6.507825675292785, 6.755003960028447, 7.005097329088298, 9.080595784969178, 8.698736561708257, 11.737280174299324, 10.968219168579738, 10.307629419512518], [1.521202882589959, 0.0, 1.5291788940473903, 2.5584464250790946, 3.144746508067065, 4.562409615543085, 5.527617985172275, 6.931098780135801, 7.3090569384839235, 6.8391061258032835, 8.543094198825154, 9.23466524839964, 2.159775342483565, 2.169653516117263, 2.1690472078772287, 1.095063381727286, 1.0961294585951058, 2.1622764254368585, 2.153144688589227, 3.480363557158935, 2.7825756719270003, 2.850199659672985, 3.4569838935117994, 4.715616509004946, 5.116478258529005, 5.356890712904269, 5.702573410312224, 7.670287160204629, 7.259092669197714, 10.216397039073998, 9.465929326801463, 8.798159348409188], [2.519389239478489, 1.5291788940473903, 0.0, 1.5313756364785227, 2.559364485570588, 3.90651106871592, 5.085580857679878, 6.41194080212848, 6.949086564434207, 6.707467200814329, 8.073978170641782, 8.883209120582494, 3.4705427385352854, 2.7828987099785003, 2.778765528071773, 2.1688426821694557, 2.163532976406877, 1.096836163699939, 1.0971655572428438, 2.143220441298561, 2.161974417054929, 2.8420351176577676, 2.761080942312268, 4.201828726875955, 4.1618042433540765, 5.22571615570536, 5.179063823704048, 7.219010453656374, 6.521643721486171, 9.780218086014237, 9.275858151675239, 8.457887450776346], [3.8983655831643085, 2.5584464250790946, 1.5313756364785227, 0.0, 1.5303369661613746, 2.5259185596531015, 3.887774216695203, 5.069839722318646, 5.543026005712043, 5.382685183995067, 6.6061452406074155, 7.4181729839631, 4.7083383926816476, 4.187051312081093, 4.232424732939736, 2.8478269645468277, 2.7659412068950417, 2.162126612851338, 2.1432885526685386, 1.0971883429931253, 1.096789214024281, 2.1662149500915184, 2.161064263274001, 2.7450924082806396, 2.754538767198603, 4.1765285154060665, 4.1652179546813635, 5.967140624285638, 5.123773138030216, 8.28584799100249, 7.875173829827504, 6.996513756864914], [4.554504479084415, 3.144746508067065, 2.559364485570588, 1.5303369661613746, 0.0, 1.53089068845558, 2.5277137397260785, 3.897817181449125, 4.551273761267279, 4.454868734317545, 5.731516166774722, 6.677031305153511, 5.201103018591344, 5.1376681189037505, 4.74062387771905, 2.8574200268773926, 3.4619841521878754, 2.7835333049920563, 3.4814330282227175, 2.1541745820615374, 2.163190655027892, 1.0955879973785767, 1.0966863909067168, 2.1576379538745605, 2.1606992039615327, 2.7531906635756265, 2.7453309709395692, 4.669825217285974, 4.147110842502284, 7.586286684538095, 7.024083093187323, 6.451169906303816], [6.023248071431227, 4.562409615543085, 3.90651106871592, 2.5259185596531015, 1.53089068845558, 0.0, 1.5319550809341638, 2.5440627625905776, 3.1746819824984045, 3.316111038551032, 4.259830563531842, 5.268698155142312, 6.642043327922514, 6.536738448186527, 6.2621076779308105, 4.294139705459057, 4.671025789909536, 4.176830975751832, 4.660812009725344, 2.714929356355336, 2.7804114605575916, 2.153458492750673, 2.161103500529302, 1.0961072027862968, 1.096824694288016, 2.165543989393889, 2.1530437106570783, 3.473284632735993, 2.7100737739035816, 6.12551741161512, 5.713170027226566, 5.106185909267308], [6.944472027447443, 5.527617985172275, 5.085580857679878, 3.887774216695203, 2.5277137397260785, 1.5319550809341638, 0.0, 1.5285244028146885, 2.537464052947352, 2.8705333075928587, 3.704568592967338, 4.865996282366027, 7.443000390971371, 7.615542641860789, 7.08347513865899, 4.988607920051445, 5.70499683435495, 5.188222501975026, 5.97080385710333, 4.1475225496674515, 4.195036374097369, 2.744221093498117, 2.7553520047355113, 2.168745141781302, 2.160960161594841, 1.096710317267053, 1.097018181253164, 2.153058482717086, 2.160225647935882, 5.725543000449827, 5.130464728462715, 5.010727503067793], [8.385640027451691, 6.931098780135801, 6.41194080212848, 5.069839722318646, 3.897817181449125, 2.5440627625905776, 1.5285244028146885, 0.0, 1.511949949568437, 2.435270453152996, 2.34870957123268, 3.6662817526753178, 8.890161233071085, 8.997341924146264, 8.566948257693634, 6.454179094974046, 7.001464210434844, 6.562933882037819, 7.2009431194809475, 5.1456131403361445, 5.223273620058594, 4.175603489317442, 4.17575722234902, 2.7931201370510363, 2.7685265774415098, 2.1675358382273635, 2.144486819731005, 1.0958261084679448, 1.0958293754047663, 4.398133924745811, 4.024595768521356, 4.028541604600851], [8.815561315083684, 7.3090569384839235, 6.949086564434207, 5.543026005712043, 4.551273761267279, 3.1746819824984045, 2.537464052947352, 1.511949949568437, 0.0, 1.22255190891839, 1.3637989514587554, 2.3410860812879135, 9.225697288552231, 9.37725510957231, 9.167086449903264, 6.886279121557591, 7.151845726803676, 7.312551831611178, 7.670169167625966, 5.721131368881508, 5.392653415527462, 4.641102085711971, 5.11684341855406, 2.8624391294838043, 3.5622016450504317, 2.7262318206638256, 3.454788776466659, 2.1128722180955477, 2.1379139435440337, 3.2573515085111704, 2.644869579015192, 2.638849205619753], [8.337339602655033, 6.8391061258032835, 6.707467200814329, 5.382685183995067, 4.454868734317545, 3.316111038551032, 2.8705333075928587, 2.435270453152996, 1.22255190891839, 0.0, 2.295209064551637, 2.6625073464687374, 8.632662472841156, 8.908926225982569, 8.795859809592239, 6.402973388200205, 6.5478532199492685, 7.199467198341833, 7.434599118311626, 5.7622536780325815, 5.066664071161616, 4.295800886912707, 5.183304837649432, 2.749833387680061, 3.9802452600310954, 2.648070442794149, 3.910458277491271, 3.0183906904176605, 3.201118632603297, 3.7376490712746153, 2.6623752064650836, 2.6591167330525374], [10.05711778493222, 8.543094198825154, 8.073978170641782, 6.6061452406074155, 5.731516166774722, 4.259830563531842, 3.704568592967338, 2.34870957123268, 1.3637989514587554, 2.295209064551637, 0.0, 1.4280444600921915, 10.507550099809185, 10.560353002149125, 10.412399764703622, 8.183596286474547, 8.358923013163837, 8.434467966030816, 8.714992895005711, 6.627706817595358, 6.420973725222679, 5.93464011630023, 6.262713387182907, 3.919641660917488, 4.380750079609656, 4.0386244861338625, 4.486815183401251, 2.6879131552191193, 2.490038298902248, 2.049975441316309, 2.0812929515087486, 2.0816696976225595], [10.753504255822842, 9.23466524839964, 8.883209120582494, 7.4181729839631, 6.677031305153511, 5.268698155142312, 4.865996282366027, 3.6662817526753178, 2.3410860812879135, 2.6625073464687374, 1.4280444600921915, 0.0, 11.128586461002133, 11.210707318898304, 11.22317726047308, 8.920890227998548, 8.894984979189116, 9.374089057076427, 9.462723378605126, 7.503935824618971, 7.043203514026838, 6.765567554167204, 7.346853768110537, 4.686588636737814, 5.475624015580324, 5.0133885566550696, 5.754855773171036, 3.996662669027748, 3.8726919978227032, 1.0934447448316715, 1.094568321302969, 1.0945087893662622], [1.0945171355442542, 2.159775342483565, 3.4705427385352854, 4.7083383926816476, 5.201103018591344, 6.642043327922514, 7.443000390971371, 8.890161233071085, 9.225697288552231, 8.632662472841156, 10.507550099809185, 11.128586461002133, 0.0, 1.7717377373640828, 1.7721682256490212, 2.4623547510462416, 2.4750999858591567, 3.7727249634713633, 3.722692528264992, 5.5687591149195885, 4.849178487125422, 4.716139010885917, 5.360794848714134, 6.775405231423431, 7.249870747813371, 7.101488366532751, 7.54843393757937, 9.539175910423289, 9.311726214295607, 12.150076693173585, 11.246281272047218, 10.683036742892911], [1.0946590016987028, 2.169653516117263, 2.7828987099785003, 4.187051312081093, 5.1376681189037505, 6.536738448186527, 7.615542641860789, 8.997341924146264, 9.37725510957231, 8.908926225982569, 10.560353002149125, 11.210707318898304, 1.7717377373640828, 0.0, 1.7748257858167376, 3.0599236477402507, 2.501607549157142, 3.153763951217656, 2.5193029531995554, 4.7910795411890215, 4.342942197404889, 5.001366875165228, 5.311334572402684, 6.660106412062799, 6.910816937960375, 7.51394851259975, 7.7242876758960755, 9.768006714780658, 9.220439807297698, 12.163400226088099, 11.493585747711633, 10.683824196419557], [1.094679615229954, 2.1690472078772287, 2.778765528071773, 4.232424732939736, 4.74062387771905, 6.2621076779308105, 7.08347513865899, 8.566948257693634, 9.167086449903264, 8.795859809592239, 10.412399764703622, 11.22317726047308, 1.7721682256490212, 1.7748257858167376, 0.0, 2.4969474443808384, 3.0653907744364344, 2.5863635108004446, 3.0536871057788484, 4.872982025413187, 4.741192598914328, 4.558793964416467, 4.586852597370009, 6.641594182875072, 6.672896925623832, 6.949871564280883, 6.9728565401849485, 9.187304463769557, 8.846548461970917, 12.190960548291509, 11.451100965846036, 10.85729384469261], [2.1391849195429553, 1.095063381727286, 2.1688426821694557, 2.8478269645468277, 2.8574200268773926, 4.294139705459057, 4.988607920051445, 6.454179094974046, 6.886279121557591, 6.402973388200205, 8.183596286474547, 8.920890227998548, 2.4623547510462416, 3.0599236477402507, 2.4969474443808384, 0.0, 1.7655877038538754, 2.49628960859913, 3.0654866921909805, 3.8509904440286524, 3.180978773899631, 2.2861702408175995, 3.0657016961863723, 4.550930723489427, 4.9954742657729705, 4.675314498512372, 5.104028984047798, 7.082114473093471, 6.906643364905994, 9.932672041802245, 9.05952231687742, 8.590785105565148], [2.1466546951011938, 1.0961294585951058, 2.163532976406877, 2.7659412068950417, 3.4619841521878754, 4.671025789909536, 5.70499683435495, 7.001464210434844, 7.151845726803676, 6.5478532199492685, 8.358923013163837, 8.894984979189116, 2.4750999858591567, 2.501607549157142, 3.0653907744364344, 1.7655877038538754, 0.0, 3.0691941955503568, 2.5268107052171516, 3.732552169762668, 2.5388308687267847, 3.063407855640512, 4.055502823325365, 4.565303986592789, 5.293551705613161, 5.466791548980078, 6.075701296969758, 7.806836339388703, 7.3645004616742336, 9.888149273246233, 9.104033627464256, 8.361293600275019], [2.7767868427374833, 2.1622764254368585, 1.096836163699939, 2.162126612851338, 2.7835333049920563, 4.176830975751832, 5.188222501975026, 6.562933882037819, 7.312551831611178, 7.199467198341833, 8.434467966030816, 9.374089057076427, 3.7727249634713633, 3.153763951217656, 2.5863635108004446, 2.49628960859913, 3.0691941955503568, 0.0, 1.7600494850997797, 2.495869830339715, 3.067541147238289, 3.175644602281559, 2.533459346427331, 4.716122619271047, 4.323114873560498, 5.3982865438952015, 5.047149332048735, 7.26953160389306, 6.630326744588083, 10.24692289421561, 9.772508760804465, 9.051342767788656], [2.7104557808604812, 2.153144688589227, 1.0971655572428438, 2.1432885526685386, 3.4814330282227175, 4.660812009725344, 5.97080385710333, 7.2009431194809475, 7.670169167625966, 7.434599118311626, 8.714992895005711, 9.462723378605126, 3.722692528264992, 2.5193029531995554, 3.0536871057788484, 3.0654866921909805, 2.5268107052171516, 1.7600494850997797, 0.0, 2.3943682381789144, 2.4959535051759274, 3.8456543097371614, 3.7277993360694723, 4.836525293017705, 4.760488834142982, 6.183093528323827, 6.106103973074812, 8.071585051896559, 7.2057525470973545, 10.318056636305114, 9.925094382926542, 8.948059282883635], [4.653948989836481, 3.480363557158935, 2.143220441298561, 1.0971883429931253, 2.1541745820615374, 2.714929356355336, 4.1475225496674515, 5.1456131403361445, 5.721131368881508, 5.7622536780325815, 6.627706817595358, 7.503935824618971, 5.5687591149195885, 4.7910795411890215, 4.872982025413187, 3.8509904440286524, 3.732552169762668, 2.495869830339715, 2.3943682381789144, 0.0, 1.7603350135698603, 3.0641467148294312, 2.524726704021645, 3.017751210752801, 2.4852594914817248, 4.6833580836831175, 4.338849085875193, 6.072052734454799, 4.96378385206286, 8.270692085309426, 8.091880402601117, 7.088531727374859], [4.16742123620831, 2.7825756719270003, 2.161974417054929, 1.096789214024281, 2.163190655027892, 2.7804114605575916, 4.195036374097369, 5.223273620058594, 5.392653415527462, 5.066664071161616, 6.420973725222679, 7.043203514026838, 4.849178487125422, 4.342942197404889, 4.741192598914328, 3.180978773899631, 2.5388308687267847, 3.067541147238289, 2.4959535051759274, 1.7603350135698603, 0.0, 2.4943617319867624, 3.0676477063052725, 2.5464949813420015, 3.122909851404616, 4.376047428902022, 4.715506431975255, 6.197969203698902, 5.325434048976666, 7.927657205631434, 7.48997001128843, 6.4883403278496425], [4.2776916356839, 2.850199659672985, 2.8420351176577676, 2.1662149500915184, 1.0955879973785767, 2.153458492750673, 2.744221093498117, 4.175603489317442, 4.641102085711971, 4.295800886912707, 5.93464011630023, 6.765567554167204, 4.716139010885917, 5.001366875165228, 4.558793964416467, 2.2861702408175995, 3.063407855640512, 3.175644602281559, 3.8456543097371614, 3.0641467148294312, 2.4943617319867624, 0.0, 1.7658797863954385, 2.4996868283847076, 3.060320677641479, 2.513728666741898, 3.0676694313436053, 4.8522367316527335, 4.671444108624227, 7.755074937097642, 6.950822618942307, 6.542775382053094], [4.65918398971322, 3.4569838935117994, 2.761080942312268, 2.161064263274001, 1.0966863909067168, 2.161103500529302, 2.7553520047355113, 4.17575722234902, 5.11684341855406, 5.183304837649432, 6.262713387182907, 7.346853768110537, 5.360794848714134, 5.311334572402684, 4.586852597370009, 3.0657016961863723, 4.055502823325365, 2.533459346427331, 3.7277993360694723, 2.524726704021645, 3.0676477063052725, 1.7658797863954385, 0.0, 3.0636893674130867, 2.5048463206352602, 3.0766304084176244, 2.5166418537408135, 4.778484885400392, 4.359747384883669, 8.212329137339783, 7.691718163063439, 7.239444782578289], [6.227353149613405, 4.715616509004946, 4.201828726875955, 2.7450924082806396, 2.1576379538745605, 1.0961072027862968, 2.168745141781302, 2.7931201370510363, 2.8624391294838043, 2.749833387680061, 3.919641660917488, 4.686588636737814, 6.775405231423431, 6.660106412062799, 6.641594182875072, 4.550930723489427, 4.565303986592789, 4.716122619271047, 4.836525293017705, 3.017751210752801, 2.5464949813420015, 2.4996868283847076, 3.0636893674130867, 0.0, 1.763863262840972, 2.5253839569459533, 3.065363714145517, 3.824929638568532, 3.0154809997743315, 5.588705832301428, 5.1414830739777795, 4.343101005042365], [6.507825675292785, 5.116478258529005, 4.1618042433540765, 2.754538767198603, 2.1606992039615327, 1.096824694288016, 2.160960161594841, 2.7685265774415098, 3.5622016450504317, 3.9802452600310954, 4.380750079609656, 5.475624015580324, 7.249870747813371, 6.910816937960375, 6.672896925623832, 4.9954742657729705, 5.293551705613161, 4.323114873560498, 4.760488834142982, 2.4852594914817248, 3.122909851404616, 3.060320677641479, 2.5048463206352602, 1.763863262840972, 0.0, 3.068861036280398, 2.494106238715584, 3.7065919238567386, 2.480960255626841, 6.190953287660956, 6.088478349308636, 5.321693284096707], [6.755003960028447, 5.356890712904269, 5.22571615570536, 4.1765285154060665, 2.7531906635756265, 2.165543989393889, 1.096710317267053, 2.1675358382273635, 2.7262318206638256, 2.648070442794149, 4.0386244861338625, 5.0133885566550696, 7.101488366532751, 7.51394851259975, 6.949871564280883, 4.675314498512372, 5.466791548980078, 5.3982865438952015, 6.183093528323827, 4.6833580836831175, 4.376047428902022, 2.513728666741898, 3.0766304084176244, 2.5253839569459533, 3.068861036280398, 0.0, 1.762386555214264, 2.5484698055892285, 3.0682604077881006, 5.972768645276661, 5.05668099152003, 5.153663903476826], [7.005097329088298, 5.702573410312224, 5.179063823704048, 4.1652179546813635, 2.7453309709395692, 2.1530437106570783, 1.097018181253164, 2.144486819731005, 3.454788776466659, 3.910458277491271, 4.486815183401251, 5.754855773171036, 7.54843393757937, 7.7242876758960755, 6.9728565401849485, 5.104028984047798, 6.075701296969758, 5.047149332048735, 6.106103973074812, 4.338849085875193, 4.715506431975255, 3.0676694313436053, 2.5166418537408135, 3.065363714145517, 2.494106238715584, 1.762386555214264, 0.0, 2.388696058522306, 2.5446589594678497, 6.536401748668758, 6.018182132504798, 5.993690544230657], [9.080595784969178, 7.670287160204629, 7.219010453656374, 5.967140624285638, 4.669825217285974, 3.473284632735993, 2.153058482717086, 1.0958261084679448, 2.1128722180955477, 3.0183906904176605, 2.6879131552191193, 3.996662669027748, 9.539175910423289, 9.768006714780658, 9.187304463769557, 7.082114473093471, 7.806836339388703, 7.26953160389306, 8.071585051896559, 6.072052734454799, 6.197969203698902, 4.8522367316527335, 4.778484885400392, 3.824929638568532, 3.7065919238567386, 2.5484698055892285, 2.388696058522306, 0.0, 1.7785484137352012, 4.629061656534724, 4.174905845644905, 4.594109245544777], [8.698736561708257, 7.259092669197714, 6.521643721486171, 5.123773138030216, 4.147110842502284, 2.7100737739035816, 2.160225647935882, 1.0958293754047663, 2.1379139435440337, 3.201118632603297, 2.490038298902248, 3.8726919978227032, 9.311726214295607, 9.220439807297698, 8.846548461970917, 6.906643364905994, 7.3645004616742336, 6.630326744588083, 7.2057525470973545, 4.96378385206286, 5.325434048976666, 4.671444108624227, 4.359747384883669, 3.0154809997743315, 2.480960255626841, 3.0682604077881006, 2.5446589594678497, 1.7785484137352012, 0.0, 4.413397278741173, 4.474435416898985, 4.185629646779562], [11.737280174299324, 10.216397039073998, 9.780218086014237, 8.28584799100249, 7.586286684538095, 6.12551741161512, 5.725543000449827, 4.398133924745811, 3.2573515085111704, 3.7376490712746153, 2.049975441316309, 1.0934447448316715, 12.150076693173585, 12.163400226088099, 12.190960548291509, 9.932672041802245, 9.888149273246233, 10.24692289421561, 10.318056636305114, 8.270692085309426, 7.927657205631434, 7.755074937097642, 8.212329137339783, 5.588705832301428, 6.190953287660956, 5.972768645276661, 6.536401748668758, 4.629061656534724, 4.413397278741173, 0.0, 1.7751174721690954, 1.775016028096648], [10.968219168579738, 9.465929326801463, 9.275858151675239, 7.875173829827504, 7.024083093187323, 5.713170027226566, 5.130464728462715, 4.024595768521356, 2.644869579015192, 2.6623752064650836, 2.0812929515087486, 1.094568321302969, 11.246281272047218, 11.493585747711633, 11.451100965846036, 9.05952231687742, 9.104033627464256, 9.772508760804465, 9.925094382926542, 8.091880402601117, 7.48997001128843, 6.950822618942307, 7.691718163063439, 5.1414830739777795, 6.088478349308636, 5.05668099152003, 6.018182132504798, 4.174905845644905, 4.474435416898985, 1.7751174721690954, 0.0, 1.801917983705141], [10.307629419512518, 8.798159348409188, 8.457887450776346, 6.996513756864914, 6.451169906303816, 5.106185909267308, 5.010727503067793, 4.028541604600851, 2.638849205619753, 2.6591167330525374, 2.0816696976225595, 1.0945087893662622, 10.683036742892911, 10.683824196419557, 10.85729384469261, 8.590785105565148, 8.361293600275019, 9.051342767788656, 8.948059282883635, 7.088531727374859, 6.4883403278496425, 6.542775382053094, 7.239444782578289, 4.343101005042365, 5.321693284096707, 5.153663903476826, 5.993690544230657, 4.594109245544777, 4.185629646779562, 1.775016028096648, 1.801917983705141, 0.0]]}