{"total energy": -49.7902626, "HOMO-LUMO gap/eV": 3.39200061, "electronic energy": -50.38727243, "dipole": [0.07212276, -0.47961612, -0.40439029], "partial charges": [-0.10146441, -0.05246321, -0.01344465, -0.11155046, -0.02312908, -0.05529429, -0.03917692, -0.0891726, 0.28163877, -0.38650824, -0.16910891, 0.33812466, -0.42325798, -0.16827257, 0.27892177, -0.38700588, 0.03835142, 0.0404371, 0.04030685, 0.03845645, 0.01972327, 0.06355299, 0.04713139, 0.05994496, 0.03753169, 0.0666982, 0.07106622, 0.03499317, 0.04753186, 0.04940448, 0.23274068, 0.23329328], "atomic dipole moments": [[0.03912853, 0.0833953, -0.07027472], [0.0308067, -0.10942704, -0.02237944], [-0.03201411, 0.12042237, -0.06120975], [0.08721804, 0.0573326, 0.0766286], [0.0205068, 0.02133592, -0.01062251], [-0.02305648, 0.11252607, 0.10216419], [-0.14577918, -0.06472477, 0.04749016], [0.06826544, -0.00519706, -0.00411201], [0.02453919, 0.08456595, 0.01770958], [0.1757707, 0.02375414, 0.07331071], [0.02426757, -0.01774181, 0.05150602], [-0.01370277, -0.08700715, -0.02131451], [-0.04321017, -0.20749125, -0.04852405], [-0.05700105, 0.01024539, -0.00169827], [0.02313969, 0.08241515, 0.00544896], [-0.09841886, 0.12365394, -0.10678976], [-0.0489039, 0.05367275, 0.10318614], [-0.09395094, -0.06775327, -0.04999827], [0.09209545, -0.07828676, 0.03969669], [-0.09913094, 0.07196229, -0.03132932], [0.06758462, 0.07368941, 0.07223101], [0.07527421, -0.09099497, 0.04565493], [-0.05404261, -0.09954287, 0.05704791], [-0.10157291, 0.06616618, -0.05026829], [0.05866804, -0.05912936, -0.09562011], [0.06275071, -0.11240808, 0.02064535], [-0.08358571, -0.03625906, -0.09088839], [-0.05534982, 0.11146754, -0.0874107], [0.07961695, 0.10112211, -0.08136297], [0.07137839, -0.11278287, 0.07704139], [-0.08565762, 0.10306895, -0.03103607], [0.09956364, 0.03601632, 0.08798824]], "atomic quadrupole moments": [[-0.09305863, 0.0855441, 0.07302077, -0.07940459, -0.14789799, 0.02003786], [-0.09976412, 0.02614569, 0.03202498, -0.17267239, -0.02956169, 0.06773914], [-0.03448646, 0.15055676, -0.01480815, -0.0809681, 0.0460631, 0.04929461], [0.01233845, 0.11469173, -0.05781244, 0.10293186, 0.0941539, 0.04547399], [-0.00431992, -0.03822154, 0.01673767, 0.06967128, 0.01563066, -0.01241775], [-0.0310361, 0.0525024, -0.03560897, -0.19102403, 0.05446791, 0.06664507], [-0.37642645, 0.15556485, 0.10450479, -0.02352915, 0.3517445, 0.27192166], [-0.3620612, 0.05071725, 0.04361418, 0.05478619, 0.45727709, 0.31844703], [-0.1903969, 0.03851379, -0.21449452, -0.31064208, 0.05951039, 0.40489141], [-0.04204207, 0.01376868, -0.11854506, -0.11496899, 0.02081825, 0.16058713], [0.01700745, 0.09813696, -0.03656738, 0.01266183, 0.0521079, 0.01955992], [0.01194626, 0.0128341, -0.24392545, -0.2795417, -0.0633082, 0.23197919], [-0.03038105, 0.03043906, -0.04385231, -0.12698843, -0.0023917, 0.07423336], [-0.05460974, -0.05653271, 0.0837439, -0.05186049, -0.04453505, -0.02913416], [0.01690421, -0.04364239, -0.16982461, -0.42672819, 0.10404472, 0.15292041], [0.01366731, -0.04241014, -0.08962645, -0.16004785, 0.02128196, 0.07595915], [-0.03315464, -0.01458661, 0.00101207, -0.04254461, 0.0447281, 0.03214257], [0.00754351, 0.04630922, -0.00799512, 0.0480504, 0.02249012, 0.00045161], [0.03985198, -0.05023368, 0.00043083, 0.01630233, -0.02449056, -0.04028281], [0.02283173, -0.02975662, -0.01707356, 0.02385707, -0.02866977, -0.00575817], [0.01614919, 0.04490075, -0.01607742, 0.02043172, 0.01662914, -7.177e-05], [0.01917925, -0.0116989, -0.00102614, 0.01879293, -0.00203954, -0.01815311], [-0.0286405, 0.0366653, 0.00929605, -0.02135678, -0.05530487, 0.01934445], [0.00782618, -0.05133078, 0.02220186, 0.03014969, -0.02051792, -0.03002804], [0.01447336, -0.01483357, -0.03886934, -0.05596674, 0.0330595, 0.02439598], [0.00602466, -0.03771898, 0.00749509, 0.00176945, -0.03367556, -0.01351974], [0.03449389, 0.01972444, -0.03208613, 0.03516628, -0.00190971, -0.00240777], [0.05421103, -0.00222509, -0.00658679, -0.00276038, -0.03508766, -0.04762425], [0.03309658, 0.00714874, -0.00473437, -0.01382249, -0.04638437, -0.02836221], [0.02033042, -0.01335671, 0.00322501, 0.0038357, -0.0463371, -0.02355543], [0.00629542, -0.01076033, 0.02523939, 0.03422717, -0.00821461, -0.03153481], [0.01043219, 0.00556082, 0.01336362, 0.04144806, 0.00021285, -0.02379581]], "number of molecular orbitals": 80, "number of electrons": 88, "number of unpaired electrons": 0, "orbital energies/eV": [-20.54835631, -20.19364517, -20.11922024, -19.70550606, -19.32500147, -18.65871245, -18.18872014, -18.04380991, -17.62289546, -17.30714471, -17.03158828, -16.9520289, -16.73043439, -16.53926379, -16.40972724, -15.86350785, -15.64643333, -15.59234164, -15.55968936, -15.38454243, -15.26035835, -15.13582546, -14.83431821, -14.63944938, -14.4569339, -14.10669266, -13.9954022, -13.86461765, -13.55108356, -13.43664996, -13.04456166, -12.98732289, -12.82021817, -12.67106511, -12.62934309, -12.54215888, -12.42305305, -12.37739948, -12.32920441, -12.03151995, -11.8851389, -11.74737671, -11.50883436, -11.4451, -8.05309939, -7.10528341, -6.3277612, -5.50342545, -0.78051093, -0.17710416, -0.07850672, 1.17662579, 1.75910703, 1.98359641, 2.50695383, 2.90309972, 3.35190456, 3.42653445, 3.59178576, 3.71370956, 3.77709502, 3.9018927, 4.30962937, 4.46341959, 4.53250314, 4.79026066, 5.32578221, 5.93041256, 6.12502264, 6.36822688, 6.81896737, 7.35636965, 7.53448507, 7.79292829, 10.48295142, 11.90408789, 14.12291119, 14.25988606, 14.71173395, 16.38250008], "fractional occupation": [2.0, 2.0, 2.0, 2.0, 2.0, 2.0, 2.0, 2.0, 2.0, 2.0, 2.0, 2.0, 2.0, 2.0, 2.0, 2.0, 2.0, 2.0, 2.0, 2.0, 2.0, 2.0, 2.0, 2.0, 2.0, 2.0, 2.0, 2.0, 2.0, 2.0, 2.0, 2.0, 2.0, 2.0, 2.0, 2.0, 2.0, 2.0, 2.0, 2.0, 2.0, 2.0, 2.0, 2.0, 0.0, 0.0, 0.0, 0.0, 0.0, 0.0, 0.0, 0.0, 0.0, 0.0, 0.0, 0.0, 0.0, 0.0, 0.0, 0.0, 0.0, 0.0, 0.0, 0.0, 0.0, 0.0, 0.0, 0.0, 0.0, 0.0, 0.0, 0.0, 0.0, 0.0, 0.0, 0.0, 0.0, 0.0, 0.0, 0.0], "program call": "xtb /home/svss/Project-DBcg-Debug/aqme2_20220329/End-to-End-workflows-final/example-3/QDESCP/mol_274_rdkit_conf_12/mol_274_rdkit_conf_12.xyz --pop --wbo --acc 0.2 --gfn 2 --chrg 0 --uhf 0 --etemp 300 --input /home/svss/Project-DBcg-Debug/aqme2_20220329/End-to-End-workflows-final/example-3/QDESCP/mol_274_rdkit_conf_12/mol_274_rdkit_conf_12_xtb.inp", "method": "GFN2-xTB", "xtb version": "6.3.3 (7355c4f)", "Dipole module/D": 1.605, "Total charge": 0, "Transition dipole module/D": NaN, "HOMO": -11.4451, "LUMO": -8.0531, "HOMO occupancy": 2.0, "LUMO occupancy": 0, "mulliken charges": [-0.08006, -0.04985, 0.00237, -0.09261, -0.05887, -0.03453, -0.04085, -0.06896, 0.47341, -0.51325, -0.32022, 0.57406, -0.53975, -0.31894, 0.47293, -0.5139, 0.03392, 0.03011, 0.0334, 0.03454, 0.02449, 0.04627, 0.03738, 0.04904, 0.02979, 0.05449, 0.05809, 0.03321, 0.04141, 0.04126, 0.28072, 0.2809], "cm5 charges": [-0.23086, -0.15831, -0.06125, -0.24086, -0.05906, -0.13198, -0.10263, -0.1703, 0.57277, -0.56082, -0.66395, 0.74298, -0.57629, -0.66278, 0.57204, -0.55984, 0.08468, 0.08188, 0.08492, 0.09288, 0.08322, 0.1107, 0.08955, 0.10561, 0.08245, 0.1127, 0.11662, 0.09069, 0.09368, 0.09452, 0.4834, 0.48367], "FUKUI+": [0.01, 0.004, 0.004, 0.016, -0.004, 0.004, -0.001, -0.019, -0.051, -0.135, -0.03, -0.051, -0.14, -0.029, -0.049, -0.132, -0.021, -0.018, -0.012, -0.005, 0.005, -0.022, -0.034, -0.01, -0.016, -0.037, -0.038, -0.023, -0.044, -0.033, -0.046, -0.045], "FUKUI-": [0.016, 0.003, -0.002, 0.015, -0.012, 0.009, -0.026, -0.035, -0.003, -0.075, -0.021, 0.0, -0.079, -0.015, 0.001, -0.06, -0.056, -0.04, -0.047, -0.052, -0.038, -0.062, -0.043, -0.055, -0.046, -0.033, -0.042, -0.042, -0.056, -0.046, -0.03, -0.028], "FUKUIrad": [0.013, 0.004, 0.001, 0.015, -0.008, 0.006, -0.013, -0.027, -0.027, -0.105, -0.026, -0.026, -0.11, -0.022, -0.024, -0.096, -0.039, -0.029, -0.03, -0.028, -0.016, -0.042, -0.038, -0.033, -0.031, -0.035, -0.04, -0.032, -0.05, -0.04, -0.038, -0.036], "s proportion": [1.008, 1.034, 1.068, 1.013, 1.112, 1.039, 1.072, 1.054, 1.011, 1.729, 1.425, 0.935, 1.72, 1.424, 1.012, 1.73, 0.966, 0.97, 0.967, 0.965, 0.976, 0.954, 0.963, 0.951, 0.97, 0.946, 0.942, 0.967, 0.959, 0.959, 0.719, 0.719], "p proportion": [3.072, 3.016, 2.93, 3.079, 2.947, 2.995, 2.969, 3.015, 2.515, 4.784, 3.895, 2.491, 4.82, 3.895, 2.515, 4.784, 0.0, 0.0, 0.0, 0.0, 0.0, 0.0, 0.0, 0.0, 0.0, 0.0, 0.0, 0.0, 0.0, 0.0, 0.0, 0.0], "d proportion": [0.0, 0.0, 0.0, 0.0, 0.0, 0.0, 0.0, 0.0, 0.0, 0.0, 0.0, 0.0, 0.0, 0.0, 0.0, 0.0, 0.0, 0.0, 0.0, 0.0, 0.0, 0.0, 0.0, 0.0, 0.0, 0.0, 0.0, 0.0, 0.0, 0.0, 0.0, 0.0], "Fermi-level/eV": -9.7491, "Coordination numbers": [3.748, 3.798, 3.844, 3.748, 3.895, 3.809, 2.882, 2.834, 2.76, 0.859, 2.697, 2.699, 0.86, 2.697, 2.764, 0.859, 0.924, 0.924, 0.924, 0.924, 0.924, 0.923, 0.924, 0.924, 0.924, 0.923, 0.924, 0.925, 0.925, 0.925, 0.86, 0.86], "Dispersion coefficient C6": [22.505, 21.519, 20.785, 22.7, 20.931, 21.56, 28.971, 30.226, 22.232, 21.412, 24.659, 21.254, 22.15, 24.64, 22.28, 21.422, 2.471, 2.443, 2.445, 2.47, 2.738, 2.158, 2.356, 2.2, 2.482, 2.122, 2.074, 2.517, 2.351, 2.327, 0.953, 0.951], "Total dispersion C6": 9995.245851, "Total dispersion C8": 224792.524021, "Polarizability alpha": [6.766, 6.605, 6.485, 6.795, 6.504, 6.61, 8.824, 9.009, 7.721, 6.204, 7.375, 7.546, 6.31, 7.372, 7.73, 6.205, 2.458, 2.444, 2.445, 2.458, 2.588, 2.297, 2.4, 2.319, 2.464, 2.278, 2.252, 2.481, 2.398, 2.386, 1.53, 1.528], "Total polarizability alpha": 150.788576, "Wiberg matrix": [[0.0, 1.0197390232068804, 0.0, 0.0, 0.0, 0.0, 0.0, 0.0, 0.0, 0.0, 0.0, 0.0, 0.0, 0.0, 0.0, 0.0, 0.9858705874159202, 0.9850868128501897, 0.9865932496415306, 0.0, 0.0, 0.0, 0.0, 0.0, 0.0, 0.0, 0.0, 0.0, 0.0, 0.0, 0.0, 0.0], [1.0197390232068804, 0.0, 0.9935392724207265, 0.0, 0.0, 0.0, 0.0, 0.0, 0.0, 0.0, 0.0, 0.0, 0.0, 0.0, 0.0, 0.0, 0.0, 0.0, 0.0, 0.9765689414809211, 0.9765163405521158, 0.0, 0.0, 0.0, 0.0, 0.0, 0.0, 0.0, 0.0, 0.0, 0.0, 0.0], [0.0, 0.9935392724207265, 0.0, 1.011848428345261, 0.9393944812115349, 0.0, 0.0, 0.0, 0.0, 0.0, 0.0, 0.0, 0.0, 0.0, 0.0, 0.0, 0.0, 0.0, 0.0, 0.0, 0.0, 0.9623146542174833, 0.0, 0.0, 0.0, 0.0, 0.0, 0.0, 0.0, 0.0, 0.0, 0.0], [0.0, 0.0, 1.011848428345261, 0.0, 0.0, 0.0, 0.0, 0.0, 0.0, 0.0, 0.0, 0.0, 0.0, 0.0, 0.0, 0.0, 0.0, 0.0, 0.0, 0.0, 0.0, 0.0, 0.9792449940733947, 0.9829582867559632, 0.9821826406074872, 0.0, 0.0, 0.0, 0.0, 0.0, 0.0, 0.0], [0.0, 0.0, 0.9393944812115349, 0.0, 0.0, 0.915932148467354, 0.0, 0.0, 0.9604407228710271, 0.0, 0.0, 0.0, 0.0, 0.0, 0.9546749963642696, 0.0, 0.0, 0.0, 0.0, 0.0, 0.0, 0.0, 0.0, 0.0, 0.0, 0.0, 0.0, 0.0, 0.0, 0.0, 0.0, 0.0], [0.0, 0.0, 0.0, 0.0, 0.915932148467354, 0.0, 1.022773169649781, 0.0, 0.0, 0.0, 0.0, 0.0, 0.0, 0.0, 0.0, 0.0, 0.0, 0.0, 0.0, 0.0, 0.0, 0.0, 0.0, 0.0, 0.0, 0.9670314801587078, 0.9554146662790124, 0.0, 0.0, 0.0, 0.0, 0.0], [0.0, 0.0, 0.0, 0.0, 0.0, 1.022773169649781, 0.0, 1.9777687013637602, 0.0, 0.0, 0.0, 0.0, 0.0, 0.0, 0.0, 0.0, 0.0, 0.0, 0.0, 0.0, 0.0, 0.0, 0.0, 0.0, 0.0, 0.0, 0.0, 0.967818653357863, 0.0, 0.0, 0.0, 0.0], [0.0, 0.0, 0.0, 0.0, 0.0, 0.0, 1.9777687013637602, 0.0, 0.0, 0.0, 0.0, 0.0, 0.0, 0.0, 0.0, 0.0, 0.0, 0.0, 0.0, 0.0, 0.0, 0.0, 0.0, 0.0, 0.0, 0.0, 0.0, 0.0, 0.9766192797222562, 0.9752216706800867, 0.0, 0.0], [0.0, 0.0, 0.0, 0.0, 0.9604407228710271, 0.0, 0.0, 0.0, 0.0, 1.7422271742337494, 1.1476487137123283, 0.0, 0.0, 0.0, 0.0, 0.0, 0.0, 0.0, 0.0, 0.0, 0.0, 0.0, 0.0, 0.0, 0.0, 0.0, 0.0, 0.0, 0.0, 0.0, 0.0, 0.0], [0.0, 0.0, 0.0, 0.0, 0.0, 0.0, 0.0, 0.0, 1.7422271742337494, 0.0, 0.13555778080124076, 0.0, 0.0, 0.0, 0.0, 0.0, 0.0, 0.0, 0.0, 0.0, 0.0, 0.0, 0.0, 0.0, 0.0, 0.0, 0.0, 0.0, 0.0, 0.0, 0.0, 0.0], [0.0, 0.0, 0.0, 0.0, 0.0, 0.0, 0.0, 0.0, 1.1476487137123283, 0.13555778080124076, 0.0, 1.1283594931804612, 0.11634634073053532, 0.0, 0.0, 0.0, 0.0, 0.0, 0.0, 0.0, 0.0, 0.0, 0.0, 0.0, 0.0, 0.0, 0.0, 0.0, 0.0, 0.0, 0.9092652916970649, 0.0], [0.0, 0.0, 0.0, 0.0, 0.0, 0.0, 0.0, 0.0, 0.0, 0.0, 1.1283594931804612, 0.0, 1.6488567047022396, 1.128726903640561, 0.0, 0.0, 0.0, 0.0, 0.0, 0.0, 0.0, 0.0, 0.0, 0.0, 0.0, 0.0, 0.0, 0.0, 0.0, 0.0, 0.0, 0.0], [0.0, 0.0, 0.0, 0.0, 0.0, 0.0, 0.0, 0.0, 0.0, 0.0, 0.11634634073053532, 1.6488567047022396, 0.0, 0.1161687243158635, 0.0, 0.0, 0.0, 0.0, 0.0, 0.0, 0.0, 0.0, 0.0, 0.0, 0.0, 0.0, 0.0, 0.0, 0.0, 0.0, 0.0, 0.0], [0.0, 0.0, 0.0, 0.0, 0.0, 0.0, 0.0, 0.0, 0.0, 0.0, 0.0, 1.128726903640561, 0.1161687243158635, 0.0, 1.1503557858672222, 0.13502198099866294, 0.0, 0.0, 0.0, 0.0, 0.0, 0.0, 0.0, 0.0, 0.0, 0.0, 0.0, 0.0, 0.0, 0.0, 0.0, 0.9089759260066952], [0.0, 0.0, 0.0, 0.0, 0.9546749963642696, 0.0, 0.0, 0.0, 0.0, 0.0, 0.0, 0.0, 0.0, 1.1503557858672222, 0.0, 1.7433840260156808, 0.0, 0.0, 0.0, 0.0, 0.0, 0.0, 0.0, 0.0, 0.0, 0.0, 0.0, 0.0, 0.0, 0.0, 0.0, 0.0], [0.0, 0.0, 0.0, 0.0, 0.0, 0.0, 0.0, 0.0, 0.0, 0.0, 0.0, 0.0, 0.0, 0.13502198099866294, 1.7433840260156808, 0.0, 0.0, 0.0, 0.0, 0.0, 0.0, 0.0, 0.0, 0.0, 0.0, 0.0, 0.0, 0.0, 0.0, 0.0, 0.0, 0.0], [0.9858705874159202, 0.0, 0.0, 0.0, 0.0, 0.0, 0.0, 0.0, 0.0, 0.0, 0.0, 0.0, 0.0, 0.0, 0.0, 0.0, 0.0, 0.0, 0.0, 0.0, 0.0, 0.0, 0.0, 0.0, 0.0, 0.0, 0.0, 0.0, 0.0, 0.0, 0.0, 0.0], [0.9850868128501897, 0.0, 0.0, 0.0, 0.0, 0.0, 0.0, 0.0, 0.0, 0.0, 0.0, 0.0, 0.0, 0.0, 0.0, 0.0, 0.0, 0.0, 0.0, 0.0, 0.0, 0.0, 0.0, 0.0, 0.0, 0.0, 0.0, 0.0, 0.0, 0.0, 0.0, 0.0], [0.9865932496415306, 0.0, 0.0, 0.0, 0.0, 0.0, 0.0, 0.0, 0.0, 0.0, 0.0, 0.0, 0.0, 0.0, 0.0, 0.0, 0.0, 0.0, 0.0, 0.0, 0.0, 0.0, 0.0, 0.0, 0.0, 0.0, 0.0, 0.0, 0.0, 0.0, 0.0, 0.0], [0.0, 0.9765689414809211, 0.0, 0.0, 0.0, 0.0, 0.0, 0.0, 0.0, 0.0, 0.0, 0.0, 0.0, 0.0, 0.0, 0.0, 0.0, 0.0, 0.0, 0.0, 0.0, 0.0, 0.0, 0.0, 0.0, 0.0, 0.0, 0.0, 0.0, 0.0, 0.0, 0.0], [0.0, 0.9765163405521158, 0.0, 0.0, 0.0, 0.0, 0.0, 0.0, 0.0, 0.0, 0.0, 0.0, 0.0, 0.0, 0.0, 0.0, 0.0, 0.0, 0.0, 0.0, 0.0, 0.0, 0.0, 0.0, 0.0, 0.0, 0.0, 0.0, 0.0, 0.0, 0.0, 0.0], [0.0, 0.0, 0.9623146542174833, 0.0, 0.0, 0.0, 0.0, 0.0, 0.0, 0.0, 0.0, 0.0, 0.0, 0.0, 0.0, 0.0, 0.0, 0.0, 0.0, 0.0, 0.0, 0.0, 0.0, 0.0, 0.0, 0.0, 0.0, 0.0, 0.0, 0.0, 0.0, 0.0], [0.0, 0.0, 0.0, 0.9792449940733947, 0.0, 0.0, 0.0, 0.0, 0.0, 0.0, 0.0, 0.0, 0.0, 0.0, 0.0, 0.0, 0.0, 0.0, 0.0, 0.0, 0.0, 0.0, 0.0, 0.0, 0.0, 0.0, 0.0, 0.0, 0.0, 0.0, 0.0, 0.0], [0.0, 0.0, 0.0, 0.9829582867559632, 0.0, 0.0, 0.0, 0.0, 0.0, 0.0, 0.0, 0.0, 0.0, 0.0, 0.0, 0.0, 0.0, 0.0, 0.0, 0.0, 0.0, 0.0, 0.0, 0.0, 0.0, 0.0, 0.0, 0.0, 0.0, 0.0, 0.0, 0.0], [0.0, 0.0, 0.0, 0.9821826406074872, 0.0, 0.0, 0.0, 0.0, 0.0, 0.0, 0.0, 0.0, 0.0, 0.0, 0.0, 0.0, 0.0, 0.0, 0.0, 0.0, 0.0, 0.0, 0.0, 0.0, 0.0, 0.0, 0.0, 0.0, 0.0, 0.0, 0.0, 0.0], [0.0, 0.0, 0.0, 0.0, 0.0, 0.9670314801587078, 0.0, 0.0, 0.0, 0.0, 0.0, 0.0, 0.0, 0.0, 0.0, 0.0, 0.0, 0.0, 0.0, 0.0, 0.0, 0.0, 0.0, 0.0, 0.0, 0.0, 0.0, 0.0, 0.0, 0.0, 0.0, 0.0], [0.0, 0.0, 0.0, 0.0, 0.0, 0.9554146662790124, 0.0, 0.0, 0.0, 0.0, 0.0, 0.0, 0.0, 0.0, 0.0, 0.0, 0.0, 0.0, 0.0, 0.0, 0.0, 0.0, 0.0, 0.0, 0.0, 0.0, 0.0, 0.0, 0.0, 0.0, 0.0, 0.0], [0.0, 0.0, 0.0, 0.0, 0.0, 0.0, 0.967818653357863, 0.0, 0.0, 0.0, 0.0, 0.0, 0.0, 0.0, 0.0, 0.0, 0.0, 0.0, 0.0, 0.0, 0.0, 0.0, 0.0, 0.0, 0.0, 0.0, 0.0, 0.0, 0.0, 0.0, 0.0, 0.0], [0.0, 0.0, 0.0, 0.0, 0.0, 0.0, 0.0, 0.9766192797222562, 0.0, 0.0, 0.0, 0.0, 0.0, 0.0, 0.0, 0.0, 0.0, 0.0, 0.0, 0.0, 0.0, 0.0, 0.0, 0.0, 0.0, 0.0, 0.0, 0.0, 0.0, 0.0, 0.0, 0.0], [0.0, 0.0, 0.0, 0.0, 0.0, 0.0, 0.0, 0.9752216706800867, 0.0, 0.0, 0.0, 0.0, 0.0, 0.0, 0.0, 0.0, 0.0, 0.0, 0.0, 0.0, 0.0, 0.0, 0.0, 0.0, 0.0, 0.0, 0.0, 0.0, 0.0, 0.0, 0.0, 0.0], [0.0, 0.0, 0.0, 0.0, 0.0, 0.0, 0.0, 0.0, 0.0, 0.0, 0.9092652916970649, 0.0, 0.0, 0.0, 0.0, 0.0, 0.0, 0.0, 0.0, 0.0, 0.0, 0.0, 0.0, 0.0, 0.0, 0.0, 0.0, 0.0, 0.0, 0.0, 0.0, 0.0], [0.0, 0.0, 0.0, 0.0, 0.0, 0.0, 0.0, 0.0, 0.0, 0.0, 0.0, 0.0, 0.0, 0.9089759260066952, 0.0, 0.0, 0.0, 0.0, 0.0, 0.0, 0.0, 0.0, 0.0, 0.0, 0.0, 0.0, 0.0, 0.0, 0.0, 0.0, 0.0, 0.0]], "Born radii": [], "Atomic SASAs": [], "Solvent H bonds": [], "Total SASA": NaN, "Total FOD": 0.0, "FOD": [0.0, 0.0, 0.0, 0.0, 0.0, 0.0, 0.0, 0.0, 0.0, 0.0, 0.0, 0.0, 0.0, 0.0, 0.0, 0.0, 0.0, 0.0, 0.0, 0.0, 0.0, 0.0, 0.0, 0.0, 0.0, 0.0, 0.0, 0.0, 0.0, 0.0, 0.0, 0.0], "FOD s proportion": [0.0, 0.0, 0.0, 0.0, 0.0, 0.0, 0.0, 0.0, 0.0, 0.0, 0.0, 0.0, 0.0, 0.0, 0.0, 0.0, 0.0, 0.0, 0.0, 0.0, 0.0, 0.0, 0.0, 0.0, 0.0, 0.0, 0.0, 0.0, 0.0, 0.0, 0.0, 0.0], "FOD p proportion": [0.0, 0.0, 0.0, 0.0, 0.0, 0.0, 0.0, 0.0, 0.0, 0.0, 0.0, 0.0, 0.0, 0.0, 0.0, 0.0, 0.0, 0.0, 0.0, 0.0, 0.0, 0.0, 0.0, 0.0, 0.0, 0.0, 0.0, 0.0, 0.0, 0.0, 0.0, 0.0], "FOD d proportion": [0.0, 0.0, 0.0, 0.0, 0.0, 0.0, 0.0, 0.0, 0.0, 0.0, 0.0, 0.0, 0.0, 0.0, 0.0, 0.0, 0.0, 0.0, 0.0, 0.0, 0.0, 0.0, 0.0, 0.0, 0.0, 0.0, 0.0, 0.0, 0.0, 0.0, 0.0, 0.0], "coordinates": [["-1.98080", "-1.58460", "2.66360"], ["-1.45460", "-0.51440", "1.71480"], ["-0.68770", "-1.08600", "0.49230"], ["-1.62780", "-1.90600", "-0.40750"], ["0.13420", "0.04280", "-0.25400"], ["0.79600", "-0.50990", "-1.55100"], ["1.70940", "0.43620", "-2.29350"], ["3.04310", "0.32120", "-2.31590"], ["-0.76650", "1.20550", "-0.65140"], ["-1.88780", "1.06370", "-1.13570"], ["-0.25950", "2.46590", "-0.51150"], ["0.82860", "2.81160", "0.22270"], ["1.06910", "3.98210", "0.49900"], ["1.60240", "1.79810", "0.68480"], ["1.27340", "0.47340", "0.67000"], ["1.91930", "-0.31580", "1.35940"], ["-2.40480", "-1.11490", "3.55730"], ["-2.77220", "-2.18140", "2.20210"], ["-1.17800", "-2.25590", "2.98420"], ["-2.29810", "0.10150", "1.38210"], ["-0.79550", "0.14180", "2.29450"], ["0.03850", "-1.81280", "0.88380"], ["-2.08130", "-2.73150", "0.15040"], ["-2.44300", "-1.30300", "-0.81470"], ["-1.09050", "-2.37030", "-1.23890"], ["1.34930", "-1.42760", "-1.30820"], ["0.02210", "-0.80070", "-2.27250"], ["1.24290", "1.23320", "-2.87090"], ["3.65320", "1.01670", "-2.88540"], ["3.56050", "-0.46660", "-1.77490"], ["-0.87260", "3.22500", "-0.77540"], ["2.35880", "2.06290", "1.30030"]], "bond_dist": [[0.0, 1.5239540413017711, 2.575898534492382, 3.107983618039195, 3.953991087496278, 5.160276299773104, 6.501849666825588, 7.325780852578106, 4.499823052076604, 4.632150945295285, 5.426848436247321, 5.75997357719634, 6.706379951956197, 5.310144157176903, 4.335853157107607, 4.303669491259755, 1.0950314059423134, 1.0933738839024831, 1.0944934399072477, 2.1414608915410995, 2.1264119685517198, 2.7013581343464996, 2.76435419221199, 3.520156003645293, 4.079150013176765, 5.185499999999999, 5.384346834110893, 6.997351554695533, 8.324669284121743, 7.187225607979758, 6.015569831695082, 5.830520671432355], [1.5239540413017711, 0.0, 1.552214038075935, 2.543758260920247, 2.5905464134039367, 3.9661908993390624, 5.19432433045916, 6.097054628261092, 3.0050690607704844, 3.2868544385171674, 3.90728342841929, 4.301353350981525, 5.297711164267074, 3.969106354080223, 3.083721757876349, 3.3983749542980095, 2.158306405494827, 2.180004598619003, 2.1727186127062104, 1.096136100126257, 1.0959303536265432, 2.146101388564855, 2.7848936532657764, 2.8279311819773834, 3.507317680222309, 4.2230697898566625, 4.2615926447749555, 5.5999336156779576, 7.042423452903127, 6.1099524498968085, 4.530224321156735, 4.6212882511265185], [2.575898534492382, 1.552214038075935, 0.0, 1.538124848638757, 1.583247529604894, 2.590044746717709, 3.977921931109257, 4.876993717445205, 2.5622707468181423, 2.9515816268570316, 3.7157722333318546, 4.190839487501281, 5.3639564446404675, 3.687769931815161, 2.511815849141812, 2.8533347945868535, 3.5133307017700455, 2.9100614168776575, 2.7961805574747847, 2.1898147067731553, 2.1833548772473983, 1.099489395128484, 2.1832743345718146, 2.1991853241598354, 2.192881157290563, 2.740047410173773, 2.86868108544676, 4.518519584996839, 5.888430808797875, 4.85500313491145, 4.4973294631369845, 4.45528870669455], [3.107983618039195, 2.543758260920247, 1.538124848638757, 0.0, 2.631734730173237, 3.021836180205671, 4.4921933039440765, 5.5154072569484835, 3.237708626482624, 3.068711998542711, 4.5822014905501485, 5.356006232259257, 6.539475014861667, 5.034646774104416, 3.9037817625989293, 4.269963707105718, 4.1169414921759575, 2.862779886753434, 3.4392410412764036, 2.7716468930944287, 3.4909901360502293, 2.110141611361664, 1.0946985475463098, 1.0926902031225503, 1.0933854489611612, 3.14694319300492, 2.7243500325765777, 4.915672353808785, 6.5246551403120145, 5.555187846508883, 5.199311343822372, 5.8789223170577785], [3.953991087496278, 2.5905464134039367, 1.583247529604894, 2.631734730173237, 0.0, 1.5574548243849642, 2.6068331074313136, 3.5764000587182636, 1.5235020643241677, 2.430661576608311, 2.4683434829861097, 2.8940780379941375, 4.1181466098234045, 2.4734661449067783, 1.52871481970968, 2.4327423887456723, 4.723642448365456, 4.4075677884747275, 4.182323489401555, 2.9319536473143635, 2.7145893501596148, 2.178760815234201, 3.573334591106744, 2.96100016379601, 2.879751675058112, 2.179422356956081, 2.190525258927639, 3.081303857135807, 4.500678634383931, 3.7831411366746552, 3.3781505354261525, 3.3831195160679735], [5.160276299773104, 3.9661908993390624, 2.590044746717709, 3.021836180205671, 1.5574548243849642, 0.0, 1.5102023109504237, 2.515006487069168, 2.4886308625426956, 3.138705702992875, 3.3241579595440407, 3.7655592811692657, 4.945214617182959, 3.312996619376482, 2.475405148657488, 3.125684862554125, 6.058537325955829, 5.441665471158623, 5.2453056193133305, 4.307010608298986, 4.212535506081819, 2.8634953640612024, 4.013617297401435, 3.4150060468467696, 2.6678412284092166, 1.0987565790474247, 1.097291255774874, 2.2316480972590638, 3.5035300426855196, 2.773890111377882, 4.163563297225107, 4.146270055121832], [6.501849666825588, 5.19432433045916, 3.977921931109257, 4.4921933039440765, 2.6068331074313136, 1.5102023109504237, 0.0, 1.3388362297159424, 3.0689404865523215, 3.830679434512891, 3.3424202757881902, 3.5706576761151436, 4.5586672558983725, 3.2766585876468732, 2.995632168674919, 3.735403648871163, 7.318771310131229, 6.866366410263874, 6.590796496630737, 5.448129559766361, 5.235545756652309, 4.236170806282485, 5.511476842916061, 4.738574874368875, 4.102202264637861, 2.1387469555793643, 2.0922102905778854, 1.0891381960063655, 2.113216576690615, 2.1238090804024736, 4.092524532608205, 3.9979084144087143], [7.325780852578106, 6.097054628261092, 4.876993717445205, 5.5154072569484835, 3.5764000587182636, 2.515006487069168, 1.3388362297159424, 0.0, 4.250364560834752, 5.124251467287685, 4.3316006521839014, 4.189342713362086, 5.022203382978431, 3.6415725435586204, 3.4742771535961263, 3.895706037421202, 8.138579474330886, 7.777727486226296, 7.249150959250332, 6.500145346836485, 6.0019015720019935, 4.880538622939071, 6.454540133890252, 5.91514330257518, 5.048836520427256, 2.6349040153295906, 3.2228844487508392, 2.092961786559898, 1.0864034747735303, 1.086744036100498, 5.112523953978113, 4.071693483060826], [4.499823052076604, 3.0050690607704844, 2.5622707468181423, 3.237708626482624, 1.5235020643241677, 2.4886308625426956, 3.0689404865523215, 4.250364560834752, 0.0, 1.2296208440002958, 1.3657339308957657, 2.4265102575509543, 3.5216977553447144, 2.783575472301766, 2.538357811656978, 3.6839098753905475, 5.077542588693866, 4.86172668400847, 5.036686368040004, 2.774839961150913, 3.1321918044717503, 3.4806607030849763, 4.227475757470408, 3.0215710135623155, 3.6381970658555596, 3.441106143378899, 2.6971639939017424, 2.994100182024643, 4.955819763671798, 4.772955023881956, 2.02608328061805, 3.7830897081618353], [4.632150945295285, 3.2868544385171674, 2.9515816268570316, 3.068711998542711, 2.430661576608311, 3.138705702992875, 3.830679434512891, 5.124251467287685, 1.2296208440002958, 0.0, 2.237666501067574, 3.50417378707164, 4.464589595920324, 4.0043800581363405, 3.6881149683815444, 4.756317343281459, 5.1997919150673715, 4.738538404402775, 5.338270900769274, 2.7264430619398605, 3.716085432279511, 4.007900222061422, 4.011862223456832, 2.4520515757218484, 3.5268532050540466, 4.088416362113819, 2.9010376781420817, 3.583424588295392, 5.810881180165364, 5.6951178758652565, 2.414884017918873, 4.996609670566634], [5.426848436247321, 3.90728342841929, 3.7157722333318546, 4.5822014905501485, 2.4683434829861097, 3.3241579595440407, 3.3424202757881902, 4.3316006521839014, 1.3657339308957657, 2.237666501067574, 0.0, 1.3573944673528031, 2.2550278601383176, 2.311657876935945, 2.777729452268525, 3.9981609697459652, 5.829200131235846, 5.939249408805796, 5.9463397127981175, 3.651300902418205, 3.682712697183966, 4.510314820497567, 5.547074328869228, 4.3662580890277205, 4.960695737494893, 4.28745968844023, 3.7217059421722185, 3.056717751118019, 4.8005003010103025, 4.978768503355022, 1.0108252222812804, 3.209442806781264], [5.75997357719634, 4.301353350981525, 4.190839487501281, 5.356006232259257, 2.8940780379941375, 3.7655592811692657, 3.5706576761151436, 4.189342713362086, 2.4265102575509543, 3.50417378707164, 1.3573944673528031, 0.0, 1.2264795921661313, 1.3562761886872452, 2.4217975906338665, 3.501763004544996, 6.082091331935094, 6.466361728205437, 6.109982165276753, 4.297104055058476, 3.749385028241298, 4.737761769021316, 6.260886751092053, 5.358124530094462, 5.715881994933065, 4.537135653691655, 4.463762603454623, 3.497620907131017, 4.567309577858721, 4.7117171615028, 2.015238102557611, 2.0157592837439693], [6.706379951956197, 5.297711164267074, 5.3639564446404675, 6.539475014861667, 4.1181466098234045, 4.945214617182959, 4.5586672558983725, 5.022203382978431, 3.5216977553447144, 4.464589595920324, 2.2550278601383176, 1.2264795921661313, 0.0, 2.2558338879447666, 3.51880024724337, 4.464870951102618, 6.884808573954689, 7.459548749756918, 7.080841860259272, 5.213152386991963, 4.631247941969853, 5.8983958336144235, 7.424214913376363, 6.480195684545336, 6.930884094399501, 5.7104586479546455, 5.626064085130919, 4.352342318798006, 5.18896264488385, 5.582886964644726, 2.4428456070738487, 2.447189494093173], [5.310144157176903, 3.969106354080223, 3.687769931815161, 5.034646774104416, 2.4734661449067783, 3.312996619376482, 3.2766585876468732, 3.6415725435586204, 2.783575472301766, 4.0043800581363405, 2.311657876935945, 1.3562761886872452, 2.2558338879447666, 0.0, 1.365023856934376, 2.241446849693296, 5.726646234053575, 6.105386531580126, 5.427041599250922, 4.310287589013058, 3.3293224821275573, 3.940048606299166, 5.862806939512847, 5.313245958921909, 5.32239519953188, 3.800164351709015, 4.242255628789948, 3.618197721241889, 4.1907868759935765, 3.874680088729907, 3.208403442524023, 1.0104950519423634], [4.335853157107607, 3.083721757876349, 2.511815849141812, 3.9037817625989293, 1.52871481970968, 2.475405148657488, 2.995632168674919, 3.4742771535961263, 2.538357811656978, 3.6881149683815444, 2.777729452268525, 2.4217975906338665, 3.51880024724337, 1.365023856934376, 0.0, 1.230973521242435, 4.9384565827796845, 5.07564506343775, 4.3375064368828316, 3.660738760141182, 2.6512838437255266, 2.6071821743023635, 4.668552265959973, 4.378534002380249, 4.161556452819065, 2.7446014373675465, 3.442003595291556, 3.6216293432652655, 4.312712845761935, 3.4773499133679375, 3.7770093619158533, 2.0253102231510116], [4.303669491259755, 3.3983749542980095, 2.8533347945868535, 4.269963707105718, 2.4327423887456723, 3.125684862554125, 3.735403648871163, 3.895706037421202, 3.6839098753905475, 4.756317343281459, 3.9981609697459652, 3.501763004544996, 4.464870951102618, 2.241446849693296, 1.230973521242435, 0.0, 4.916011190996212, 5.118669641615877, 3.9996537775162486, 4.238055844370151, 2.907567507384824, 2.4504311865465636, 4.827223617153032, 4.973020806310788, 4.475603778262772, 2.9456899022130623, 4.12615965032862, 4.555475392316372, 4.774965183119139, 3.5412024186708106, 4.988921856473601, 2.4196831920728794], [1.0950314059423134, 2.158306405494827, 3.5133307017700455, 4.1169414921759575, 4.723642448365456, 6.058537325955829, 7.318771310131229, 8.138579474330886, 5.077542588693866, 5.1997919150673715, 5.829200131235846, 6.082091331935094, 6.884808573954689, 5.726646234053575, 4.9384565827796845, 4.916011190996212, 0.0, 1.7632277362836601, 1.7706955836619689, 2.494495718577204, 2.400792623280903, 3.688411792357247, 3.78484021062977, 4.376211243758692, 5.129029936547456, 6.153384300529262, 6.322589128671893, 7.755065708296739, 9.096783269376049, 8.027294302565467, 6.320969715162382, 6.155026141292984], [1.0933738839024831, 2.180004598619003, 2.9100614168776575, 2.862779886753434, 4.4075677884747275, 5.441665471158623, 6.866366410263874, 7.777727486226296, 4.86172668400847, 4.738538404402775, 5.939249408805796, 6.466361728205437, 7.459548749756918, 6.105386531580126, 5.07564506343775, 5.118669641615877, 1.7632277362836601, 0.0, 1.7772744019987463, 2.4715993243242322, 3.0517435819544207, 3.1263101797486446, 2.2337022429142164, 3.1592786265222004, 3.834615899930526, 5.466002449688437, 5.453117469851535, 7.315452834240681, 8.797514707006746, 7.6720373650028595, 6.457797408559671, 6.719708827769251], [1.0944934399072477, 2.1727186127062104, 2.7961805574747847, 3.4392410412764036, 4.182323489401555, 5.2453056193133305, 6.590796496630737, 7.249150959250332, 5.036686368040004, 5.338270900769274, 5.9463397127981175, 6.109982165276753, 7.080841860259272, 5.427041599250922, 4.3375064368828316, 3.9996537775162486, 1.7706955836619689, 1.7772744019987463, 0.0, 3.062463580191608, 2.524075599105542, 2.467364995293562, 3.012070498842947, 4.115809108790154, 4.2255552558214164, 5.049556806294984, 5.58486722671184, 7.23303336298126, 8.276630253913726, 6.950108599870941, 6.6534296516909235, 5.8306523554401695], [2.1414608915410995, 1.096136100126257, 2.1898147067731553, 2.7716468930944287, 2.9319536473143635, 4.307010608298986, 5.448129559766361, 6.500145346836485, 2.774839961150913, 2.7264430619398605, 3.651300902418205, 4.297104055058476, 5.213152386991963, 4.310287589013058, 3.660738760141182, 4.238055844370151, 2.494495718577204, 2.4715993243242322, 3.062463580191608, 0.0, 1.7583812470565077, 3.0614615692508695, 3.0967686594254986, 2.611426142934163, 3.7997018304072228, 4.783240288758239, 4.421921984838719, 5.648666647094693, 7.38018421043811, 6.679264972285498, 4.055010326743941, 5.053760858014554], [2.1264119685517198, 1.0959303536265432, 2.1833548772473983, 3.4909901360502293, 2.7145893501596148, 4.212535506081819, 5.235545756652309, 6.0019015720019935, 3.1321918044717503, 3.716085432279511, 3.682712697183966, 3.749385028241298, 4.631247941969853, 3.3293224821275573, 2.6512838437255266, 2.907567507384824, 2.400792623280903, 3.0517435819544207, 2.524075599105542, 1.7583812470565077, 0.0, 2.5507041478776014, 3.808713606980709, 3.803791257416737, 4.3454098736482845, 4.476899673881469, 4.734370603364296, 5.659291976917254, 6.883875776769943, 5.9920700029288705, 4.351591968463955, 3.824744088171129], [2.7013581343464996, 2.146101388564855, 1.099489395128484, 2.110141611361664, 2.178760815234201, 2.8634953640612024, 4.236170806282485, 4.880538622939071, 3.4806607030849763, 4.007900222061422, 4.510314820497567, 4.737761769021316, 5.8983958336144235, 3.940048606299166, 2.6071821743023635, 2.4504311865465636, 3.688411792357247, 3.1263101797486446, 2.467364995293562, 3.0614615692508695, 2.5507041478776014, 0.0, 2.4239301330690206, 3.050023039257245, 2.468056429662823, 2.5829130221515397, 3.314641015253386, 4.982616526484855, 5.939612359405284, 4.613612915059087, 5.381679727557187, 4.5363327512430125], [2.76435419221199, 2.7848936532657764, 2.1832743345718146, 1.0946985475463098, 3.573334591106744, 4.013617297401435, 5.511476842916061, 6.454540133890252, 4.227475757470408, 4.011862223456832, 5.547074328869228, 6.260886751092053, 7.424214913376363, 5.862806939512847, 4.668552265959973, 4.827223617153032, 3.78484021062977, 2.2337022429142164, 3.012070498842947, 3.0967686594254986, 3.808713606980709, 2.4239301330690206, 0.0, 1.761492875375884, 1.7442203329854862, 3.9492639225556956, 3.7446928592342523, 5.991444351740237, 7.493302017802299, 6.377025900841238, 6.148004032204273, 6.634985258461393], [3.520156003645293, 2.8279311819773834, 2.1991853241598354, 1.0926902031225503, 2.96100016379601, 3.4150060468467696, 4.738574874368875, 5.91514330257518, 3.0215710135623155, 2.4520515757218484, 4.3662580890277205, 5.358124530094462, 6.480195684545336, 5.313245958921909, 4.378534002380249, 4.973020806310788, 4.376211243758692, 3.1592786265222004, 4.115809108790154, 2.611426142934163, 3.803791257416737, 3.050023039257245, 1.761492875375884, 0.0, 1.7743537358711763, 3.82630457491298, 2.907611414890236, 4.924035711690157, 6.843424655828396, 6.1370645466705005, 4.792753347502874, 6.233762190683889], [4.079150013176765, 3.507317680222309, 2.192881157290563, 1.0933854489611612, 2.879751675058112, 2.6678412284092166, 4.102202264637861, 5.048836520427256, 3.6381970658555596, 3.5268532050540466, 4.960695737494893, 5.715881994933065, 6.930884094399501, 5.32239519953188, 4.161556452819065, 4.475603778262772, 5.129029936547456, 3.834615899930526, 4.2255552558214164, 3.7997018304072228, 4.3454098736482845, 2.468056429662823, 1.7442203329854862, 1.7743537358711763, 0.0, 2.6165071794283308, 2.183999056776353, 4.592754272764873, 6.056849093381806, 5.0540251968109535, 5.6186915514201345, 6.164289851231851], [5.185499999999999, 4.2230697898566625, 2.740047410173773, 3.14694319300492, 2.179422356956081, 1.0987565790474247, 2.1387469555793643, 2.6349040153295906, 3.441106143378899, 4.088416362113819, 4.28745968844023, 4.537135653691655, 5.7104586479546455, 3.800164351709015, 2.7446014373675465, 2.9456899022130623, 6.153384300529262, 5.466002449688437, 5.049556806294984, 4.783240288758239, 4.476899673881469, 2.5829130221515397, 3.9492639225556956, 3.82630457491298, 2.6165071794283308, 0.0, 1.7562283279801632, 3.0875894950592118, 3.7108109005984127, 2.4557555517599874, 5.183377490594332, 4.47291322853462], [5.384346834110893, 4.2615926447749555, 2.86868108544676, 2.7243500325765777, 2.190525258927639, 1.097291255774874, 2.0922102905778854, 3.2228844487508392, 2.6971639939017424, 2.9010376781420817, 3.7217059421722185, 4.463762603454623, 5.626064085130919, 4.242255628789948, 3.442003595291556, 4.12615965032862, 6.322589128671893, 5.453117469851535, 5.58486722671184, 4.421921984838719, 4.734370603364296, 3.314641015253386, 3.7446928592342523, 2.907611414890236, 2.183999056776353, 1.7562283279801632, 0.0, 2.4464636539298925, 4.106516331393314, 3.5888024646112804, 4.387260761568659, 5.140551691209806], [6.997351554695533, 5.5999336156779576, 4.518519584996839, 4.915672353808785, 3.081303857135807, 2.2316480972590638, 1.0891381960063655, 2.092961786559898, 2.994100182024643, 3.583424588295392, 3.056717751118019, 3.497620907131017, 4.352342318798006, 3.618197721241889, 3.6216293432652655, 4.555475392316372, 7.755065708296739, 7.315452834240681, 7.23303336298126, 5.648666647094693, 5.659291976917254, 4.982616526484855, 5.991444351740237, 4.924035711690157, 4.592754272764873, 3.0875894950592118, 2.4464636539298925, 0.0, 2.420047228877982, 3.076004843949373, 3.5824192579875405, 4.396878931696891], [8.324669284121743, 7.042423452903127, 5.888430808797875, 6.5246551403120145, 4.500678634383931, 3.5035300426855196, 2.113216576690615, 1.0864034747735303, 4.955819763671798, 5.810881180165364, 4.8005003010103025, 4.567309577858721, 5.18896264488385, 4.1907868759935765, 4.312712845761935, 4.774965183119139, 9.096783269376049, 8.797514707006746, 8.276630253913726, 7.38018421043811, 6.883875776769943, 5.939612359405284, 7.493302017802299, 6.843424655828396, 6.056849093381806, 3.7108109005984127, 4.106516331393314, 2.420047228877982, 0.0, 1.8552580494367894, 5.459995836078999, 4.504452274139443], [7.187225607979758, 6.1099524498968085, 4.85500313491145, 5.555187846508883, 3.7831411366746552, 2.773890111377882, 2.1238090804024736, 1.086744036100498, 4.772955023881956, 5.6951178758652565, 4.978768503355022, 4.7117171615028, 5.582886964644726, 3.874680088729907, 3.4773499133679375, 3.5412024186708106, 8.027294302565467, 7.6720373650028595, 6.950108599870941, 6.679264972285498, 5.9920700029288705, 4.613612915059087, 6.377025900841238, 6.1370645466705005, 5.0540251968109535, 2.4557555517599874, 3.5888024646112804, 3.076004843949373, 1.8552580494367894, 0.0, 5.8548515284334925, 4.159243702886379], [6.015569831695082, 4.530224321156735, 4.4973294631369845, 5.199311343822372, 3.3781505354261525, 4.163563297225107, 4.092524532608205, 5.112523953978113, 2.02608328061805, 2.414884017918873, 1.0108252222812804, 2.015238102557611, 2.4428456070738487, 3.208403442524023, 3.7770093619158533, 4.988921856473601, 6.320969715162382, 6.457797408559671, 6.6534296516909235, 4.055010326743941, 4.351591968463955, 5.381679727557187, 6.148004032204273, 4.792753347502874, 5.6186915514201345, 5.183377490594332, 4.387260761568659, 3.5824192579875405, 5.459995836078999, 5.8548515284334925, 0.0, 4.012599264815763], [5.830520671432355, 4.6212882511265185, 4.45528870669455, 5.8789223170577785, 3.3831195160679735, 4.146270055121832, 3.9979084144087143, 4.071693483060826, 3.7830897081618353, 4.996609670566634, 3.209442806781264, 2.0157592837439693, 2.447189494093173, 1.0104950519423634, 2.0253102231510116, 2.4196831920728794, 6.155026141292984, 6.719708827769251, 5.8306523554401695, 5.053760858014554, 3.824744088171129, 4.5363327512430125, 6.634985258461393, 6.233762190683889, 6.164289851231851, 4.47291322853462, 5.140551691209806, 4.396878931696891, 4.504452274139443, 4.159243702886379, 4.012599264815763, 0.0]]}