{"total energy": -43.77322414, "HOMO-LUMO gap/eV": 2.93507299, "electronic energy": -44.23460456, "dipole": [-0.3845611, -0.56056147, 1.149521], "partial charges": [-0.04458449, 0.11753179, -0.26025573, 0.03427609, 0.08925544, -0.30196412, 0.03721172, -0.05183894, 0.34939629, -0.37713039, -0.25497528, 0.06971915, -0.02734802, -0.05034077, 0.06793392, 0.05451649, 0.04822164, 0.05549873, 0.04438539, 0.05259176, 0.04838173, 0.07518706, 0.06728785, 0.05123805, 0.05509491, 0.05070973], "atomic dipole moments": [[0.11317558, -0.04792932, -0.04604012], [0.21354494, 0.08831187, 0.09480571], [-0.00166984, -0.20351018, -0.14703635], [-0.20032068, 0.11555495, 0.06218409], [0.03541947, -0.19269376, -0.14363063], [-0.12437661, 0.13270967, -0.17055818], [-0.03265064, 0.02949801, 0.22875315], [-0.02296942, 0.0710527, 0.00680553], [-0.142103, 0.06730146, 0.03618159], [-0.08506052, -0.02301311, 0.15369891], [0.10697993, -0.10389363, 0.16886842], [0.16403429, 0.04114844, -0.18573829], [-0.00721422, 0.02945012, -0.10896232], [-0.0878963, -0.11120501, -0.04590837], [0.04386801, 0.13306284, 0.06277763], [-0.00376953, -0.11830424, 0.05220559], [0.01170176, 0.00820137, -0.12680624], [0.10298506, 0.05009005, 0.04398304], [-0.10063619, -0.06141398, -0.04551152], [0.09707272, -0.0703906, -0.02830992], [0.02305182, 0.11662342, -0.05158701], [-0.02740271, -0.13485513, -0.00652884], [-0.07855505, 0.09382872, 0.04542241], [-0.06543978, -0.10384219, -0.00786841], [-0.01858063, -0.08553195, 0.09336639], [-0.08834288, 0.10342741, 0.07222098]], "atomic quadrupole moments": [[-0.26205512, -0.17298929, -0.09812478, 0.05221429, -0.27660021, 0.3601799], [0.14041611, 0.0337037, -0.16717828, -0.01205775, -0.32199302, 0.02676217], [0.08700907, -0.0545435, -0.02074378, -0.02394689, 0.05003265, -0.06626529], [0.25594653, -0.29146027, -0.05431257, -0.15678206, 0.15011723, -0.20163395], [0.00446019, -0.22392957, -0.0686667, -0.16344098, -0.19792044, 0.06420651], [-0.04912538, -0.06745428, -0.04547571, -0.02434756, 0.03706717, 0.0946011], [-0.23320771, -0.04736407, -0.25690678, -0.07421324, 0.07914727, 0.4901145], [0.10359939, -0.10148957, -0.21392351, -0.04696523, 0.0037502, 0.11032412], [-0.02321349, 0.1739777, 0.30110715, 0.04415059, 0.25832354, -0.27789366], [-0.06772844, 0.10066801, 0.15290077, 0.02689762, 0.08842737, -0.08517234], [-0.01577603, -0.00469465, -0.06445354, -0.05112654, -0.04625226, 0.08022957], [-0.0362732, 0.00679586, -0.35568913, -0.08734213, -0.18683647, 0.39196234], [0.1507097, -0.05803204, -0.11820395, 0.03888458, 0.11860231, -0.03250574], [-0.35081127, -0.00021405, 0.03082985, 0.16959105, -0.25800385, 0.31998142], [0.03775768, 0.01112023, 0.00613083, -0.00807141, 0.0341006, -0.0438885], [-0.01677811, 0.00746738, 0.05197854, -0.01742234, -0.02547396, -0.03520043], [-0.0224132, -0.01406539, -0.03848099, 0.00496116, 0.00661903, 0.06089419], [0.03755564, 0.04043783, -0.00924903, 0.03647585, 0.0382479, -0.02830662], [0.04238537, 0.03684379, -0.03933635, 0.0206136, 0.01209717, -0.00304901], [0.03394639, -0.06608537, -0.01085589, -0.0097706, 0.01152282, -0.0230905], [-0.05029632, 0.00553604, 0.05176747, -0.00691559, -0.02062504, -0.00147115], [-0.01544736, -0.00105714, 0.0369764, -0.01761567, 0.01106418, -0.02152904], [-0.00743444, -0.02571041, 0.02248056, -0.01627458, 0.022246, -0.01504612], [-0.02102033, 0.03401834, 0.02737032, 0.00062055, -0.00371115, -0.00635], [-0.0386263, 0.01769367, 0.01054971, 0.00297086, -0.0202598, 0.02807658], [0.05114621, 0.01004671, -0.00753598, -0.01425909, 0.03099397, -0.04361023]], "number of molecular orbitals": 68, "number of electrons": 76, "number of unpaired electrons": 0, "orbital energies/eV": [-20.39698418, -19.63931448, -19.4202793, -19.26662888, -18.65969834, -18.20191709, -18.05798092, -17.70862618, -17.51152418, -17.20453038, -16.6956448, -16.60062562, -16.34324324, -16.06070612, -15.78357527, -15.55400317, -15.40222549, -15.10889948, -14.96628623, -14.84450033, -14.62426234, -14.51114278, -14.3732698, -14.13453443, -14.00504181, -13.78035033, -13.59165828, -13.29284081, -13.0155555, -12.92572079, -12.70775223, -12.46956051, -12.27632825, -12.11007139, -11.6405842, -11.53578369, -11.15991448, -9.99769718, -7.06262418, -6.74782965, -4.30398452, -0.21250632, -0.00058951, 0.44981679, 0.99986474, 1.45056803, 1.91485404, 2.22616254, 2.46833624, 3.24514114, 3.53943792, 3.80698473, 4.08715434, 4.37056322, 4.53848489, 4.80737318, 5.2262941, 5.43556959, 5.7997408, 5.99082754, 6.3395191, 6.7334386, 7.20652203, 8.44463626, 12.01299084, 13.20234202, 15.61665717, 17.62956948], "fractional occupation": [2.0, 2.0, 2.0, 2.0, 2.0, 2.0, 2.0, 2.0, 2.0, 2.0, 2.0, 2.0, 2.0, 2.0, 2.0, 2.0, 2.0, 2.0, 2.0, 2.0, 2.0, 2.0, 2.0, 2.0, 2.0, 2.0, 2.0, 2.0, 2.0, 2.0, 2.0, 2.0, 2.0, 2.0, 2.0, 2.0, 2.0, 2.0, 0.0, 0.0, 0.0, 0.0, 0.0, 0.0, 0.0, 0.0, 0.0, 0.0, 0.0, 0.0, 0.0, 0.0, 0.0, 0.0, 0.0, 0.0, 0.0, 0.0, 0.0, 0.0, 0.0, 0.0, 0.0, 0.0, 0.0, 0.0, 0.0, 0.0], "program call": "xtb /home/svss/Project-DBcg-Debug/aqme2_20220329/End-to-End-workflows-final/example-3/QDESCP/mol_679_rdkit_conf_1/mol_679_rdkit_conf_1.xyz --pop --wbo --acc 0.2 --gfn 2 --chrg 0 --uhf 0 --etemp 300 --input /home/svss/Project-DBcg-Debug/aqme2_20220329/End-to-End-workflows-final/example-3/QDESCP/mol_679_rdkit_conf_1/mol_679_rdkit_conf_1_xtb.inp", "method": "GFN2-xTB", "xtb version": "6.3.3 (7355c4f)", "Dipole module/D": 3.394, "Total charge": 0, "Transition dipole module/D": NaN, "HOMO": -9.9977, "LUMO": -7.0626, "HOMO occupancy": 2.0, "LUMO occupancy": 0, "mulliken charges": [-0.03983, 0.21307, -0.41819, 0.17569, 0.17214, -0.4434, 0.16871, -0.07717, 0.5721, -0.50369, -0.39832, 0.18354, -0.03388, -0.05999, 0.05799, 0.03426, 0.02955, 0.03017, 0.02728, 0.02849, 0.03083, 0.07555, 0.04829, 0.03933, 0.04614, 0.04135], "cm5 charges": [-0.08994, 0.23382, -0.50536, 0.05618, 0.19085, -0.53545, 0.04776, -0.1236, 0.62697, -0.54892, -0.47356, 0.10591, -0.09116, -0.11658, 0.11758, 0.09715, 0.09216, 0.08944, 0.08974, 0.08766, 0.09271, 0.14039, 0.11109, 0.10251, 0.10518, 0.09746], "FUKUI+": [-0.048, -0.042, -0.049, 0.022, -0.058, -0.04, 0.019, 0.008, -0.046, -0.112, -0.064, 0.018, 0.008, -0.069, -0.077, -0.024, -0.021, -0.041, -0.018, -0.045, -0.016, -0.07, -0.045, -0.05, -0.061, -0.08], "FUKUI-": [-0.014, -0.045, -0.106, 0.03, -0.061, -0.076, 0.024, -0.005, -0.008, -0.073, -0.05, 0.015, 0.001, -0.044, -0.056, -0.047, -0.048, -0.055, -0.04, -0.054, -0.032, -0.05, -0.04, -0.041, -0.059, -0.064], "FUKUIrad": [-0.031, -0.044, -0.078, 0.026, -0.06, -0.058, 0.021, 0.002, -0.027, -0.092, -0.057, 0.017, 0.004, -0.056, -0.067, -0.035, -0.035, -0.048, -0.029, -0.049, -0.024, -0.06, -0.043, -0.045, -0.06, -0.072], "s proportion": [1.065, 1.009, 1.68, 0.97, 1.011, 1.691, 0.976, 1.072, 0.999, 1.726, 1.695, 1.006, 1.06, 1.069, 0.942, 0.966, 0.97, 0.97, 0.973, 0.972, 0.969, 0.924, 0.952, 0.961, 0.954, 0.959], "p proportion": [2.974, 2.778, 4.738, 2.854, 2.817, 4.753, 2.855, 3.005, 2.429, 4.778, 4.703, 2.811, 2.974, 2.991, 0.0, 0.0, 0.0, 0.0, 0.0, 0.0, 0.0, 0.0, 0.0, 0.0, 0.0, 0.0], "d proportion": [0.0, 0.0, 0.0, 0.0, 0.0, 0.0, 0.0, 0.0, 0.0, 0.0, 0.0, 0.0, 0.0, 0.0, 0.0, 0.0, 0.0, 0.0, 0.0, 0.0, 0.0, 0.0, 0.0, 0.0, 0.0, 0.0], "Fermi-level/eV": -8.5302, "Coordination numbers": [2.903, 2.84, 1.704, 3.635, 2.855, 1.701, 3.652, 3.883, 2.783, 0.856, 1.704, 3.768, 3.888, 2.896, 0.925, 0.924, 0.924, 0.924, 0.924, 0.924, 0.924, 0.924, 0.924, 0.924, 0.924, 0.925], "Dispersion coefficient C6": [29.106, 25.407, 18.313, 20.373, 26.01, 19.028, 20.252, 21.452, 21.071, 21.23, 18.225, 19.45, 21.009, 29.249, 2.108, 2.264, 2.342, 2.253, 2.391, 2.288, 2.34, 2.03, 2.116, 2.305, 2.257, 2.311], "Total dispersion C6": 6964.463092, "Total dispersion C8": 159426.245211, "Polarizability alpha": [8.846, 8.261, 5.778, 6.495, 8.359, 5.889, 6.463, 6.585, 7.519, 6.178, 5.764, 6.285, 6.516, 8.867, 2.271, 2.353, 2.393, 2.347, 2.418, 2.365, 2.392, 2.228, 2.275, 2.374, 2.35, 2.377], "Total polarizability alpha": 125.948443, "Wiberg matrix": [[0.0, 1.0839164975132678, 0.0, 0.0, 0.0, 0.0, 0.0, 0.0, 0.0, 0.0, 0.0, 0.0, 0.0, 1.849637509292596, 0.9620001419797444, 0.0, 0.0, 0.0, 0.0, 0.0, 0.0, 0.0, 0.0, 0.0, 0.0, 0.0], [1.0839164975132678, 0.0, 1.0629658210478288, 0.0, 1.6422201414109356, 0.0, 0.0, 0.0, 0.0, 0.0, 0.0, 0.0, 0.0, 0.0, 0.0, 0.0, 0.0, 0.0, 0.0, 0.0, 0.0, 0.0, 0.0, 0.0, 0.0, 0.0], [0.0, 1.0629658210478288, 0.0, 0.9770441543195679, 0.11424744021578402, 0.0, 0.0, 0.0, 0.0, 0.0, 0.0, 0.0, 0.0, 0.0, 0.0, 0.0, 0.0, 0.0, 0.0, 0.0, 0.0, 0.0, 0.0, 0.0, 0.0, 0.0], [0.0, 0.0, 0.9770441543195679, 0.0, 0.0, 0.0, 0.0, 0.0, 0.0, 0.0, 0.0, 0.0, 0.0, 0.0, 0.0, 0.9773106686381229, 0.9785457259679248, 0.9796452321923689, 0.0, 0.0, 0.0, 0.0, 0.0, 0.0, 0.0, 0.0], [0.0, 1.6422201414109356, 0.11424744021578402, 0.0, 0.0, 1.0180338633061006, 0.0, 0.9776120013229936, 0.0, 0.0, 0.0, 0.0, 0.0, 0.0, 0.0, 0.0, 0.0, 0.0, 0.0, 0.0, 0.0, 0.0, 0.0, 0.0, 0.0, 0.0], [0.0, 0.0, 0.0, 0.0, 1.0180338633061006, 0.0, 0.9627447034392684, 0.0, 0.0, 0.0, 0.0, 0.0, 0.0, 0.0, 0.0, 0.0, 0.0, 0.0, 0.0, 0.0, 0.0, 0.0, 0.0, 0.0, 0.0, 0.0], [0.0, 0.0, 0.0, 0.0, 0.0, 0.9627447034392684, 0.0, 0.0, 0.0, 0.0, 0.0, 0.0, 0.0, 0.0, 0.0, 0.0, 0.0, 0.0, 0.9785977180229993, 0.9800621094888071, 0.9802193863161575, 0.0, 0.0, 0.0, 0.0, 0.0], [0.0, 0.0, 0.0, 0.0, 0.9776120013229936, 0.0, 0.0, 0.0, 0.9456620878132446, 0.0, 0.0, 0.0, 0.9796062649980055, 0.0, 0.0, 0.0, 0.0, 0.0, 0.0, 0.0, 0.0, 0.93486581725347, 0.0, 0.0, 0.0, 0.0], [0.0, 0.0, 0.0, 0.0, 0.0, 0.0, 0.0, 0.9456620878132446, 0.0, 1.7796964615483217, 1.1090759424403884, 0.0, 0.0, 0.0, 0.0, 0.0, 0.0, 0.0, 0.0, 0.0, 0.0, 0.0, 0.0, 0.0, 0.0, 0.0], [0.0, 0.0, 0.0, 0.0, 0.0, 0.0, 0.0, 0.0, 1.7796964615483217, 0.0, 0.16243712001035085, 0.0, 0.0, 0.0, 0.0, 0.0, 0.0, 0.0, 0.0, 0.0, 0.0, 0.0, 0.0, 0.0, 0.0, 0.0], [0.0, 0.0, 0.0, 0.0, 0.0, 0.0, 0.0, 0.0, 1.1090759424403884, 0.16243712001035085, 0.0, 0.9580265385706008, 0.0, 0.0, 0.0, 0.0, 0.0, 0.0, 0.0, 0.0, 0.0, 0.0, 0.0, 0.0, 0.0, 0.0], [0.0, 0.0, 0.0, 0.0, 0.0, 0.0, 0.0, 0.0, 0.0, 0.0, 0.9580265385706008, 0.0, 0.9824804695005643, 0.0, 0.0, 0.0, 0.0, 0.0, 0.0, 0.0, 0.0, 0.0, 0.9682019415752798, 0.9674693445089665, 0.0, 0.0], [0.0, 0.0, 0.0, 0.0, 0.0, 0.0, 0.0, 0.9796062649980055, 0.0, 0.0, 0.0, 0.9824804695005643, 0.0, 1.0102403102202044, 0.0, 0.0, 0.0, 0.0, 0.0, 0.0, 0.0, 0.0, 0.0, 0.0, 0.9508896038840942, 0.0], [1.849637509292596, 0.0, 0.0, 0.0, 0.0, 0.0, 0.0, 0.0, 0.0, 0.0, 0.0, 0.0, 1.0102403102202044, 0.0, 0.0, 0.0, 0.0, 0.0, 0.0, 0.0, 0.0, 0.0, 0.0, 0.0, 0.0, 0.9653440240067925], [0.9620001419797444, 0.0, 0.0, 0.0, 0.0, 0.0, 0.0, 0.0, 0.0, 0.0, 0.0, 0.0, 0.0, 0.0, 0.0, 0.0, 0.0, 0.0, 0.0, 0.0, 0.0, 0.0, 0.0, 0.0, 0.0, 0.0], [0.0, 0.0, 0.0, 0.9773106686381229, 0.0, 0.0, 0.0, 0.0, 0.0, 0.0, 0.0, 0.0, 0.0, 0.0, 0.0, 0.0, 0.0, 0.0, 0.0, 0.0, 0.0, 0.0, 0.0, 0.0, 0.0, 0.0], [0.0, 0.0, 0.0, 0.9785457259679248, 0.0, 0.0, 0.0, 0.0, 0.0, 0.0, 0.0, 0.0, 0.0, 0.0, 0.0, 0.0, 0.0, 0.0, 0.0, 0.0, 0.0, 0.0, 0.0, 0.0, 0.0, 0.0], [0.0, 0.0, 0.0, 0.9796452321923689, 0.0, 0.0, 0.0, 0.0, 0.0, 0.0, 0.0, 0.0, 0.0, 0.0, 0.0, 0.0, 0.0, 0.0, 0.0, 0.0, 0.0, 0.0, 0.0, 0.0, 0.0, 0.0], [0.0, 0.0, 0.0, 0.0, 0.0, 0.0, 0.9785977180229993, 0.0, 0.0, 0.0, 0.0, 0.0, 0.0, 0.0, 0.0, 0.0, 0.0, 0.0, 0.0, 0.0, 0.0, 0.0, 0.0, 0.0, 0.0, 0.0], [0.0, 0.0, 0.0, 0.0, 0.0, 0.0, 0.9800621094888071, 0.0, 0.0, 0.0, 0.0, 0.0, 0.0, 0.0, 0.0, 0.0, 0.0, 0.0, 0.0, 0.0, 0.0, 0.0, 0.0, 0.0, 0.0, 0.0], [0.0, 0.0, 0.0, 0.0, 0.0, 0.0, 0.9802193863161575, 0.0, 0.0, 0.0, 0.0, 0.0, 0.0, 0.0, 0.0, 0.0, 0.0, 0.0, 0.0, 0.0, 0.0, 0.0, 0.0, 0.0, 0.0, 0.0], [0.0, 0.0, 0.0, 0.0, 0.0, 0.0, 0.0, 0.93486581725347, 0.0, 0.0, 0.0, 0.0, 0.0, 0.0, 0.0, 0.0, 0.0, 0.0, 0.0, 0.0, 0.0, 0.0, 0.0, 0.0, 0.0, 0.0], [0.0, 0.0, 0.0, 0.0, 0.0, 0.0, 0.0, 0.0, 0.0, 0.0, 0.0, 0.9682019415752798, 0.0, 0.0, 0.0, 0.0, 0.0, 0.0, 0.0, 0.0, 0.0, 0.0, 0.0, 0.0, 0.0, 0.0], [0.0, 0.0, 0.0, 0.0, 0.0, 0.0, 0.0, 0.0, 0.0, 0.0, 0.0, 0.9674693445089665, 0.0, 0.0, 0.0, 0.0, 0.0, 0.0, 0.0, 0.0, 0.0, 0.0, 0.0, 0.0, 0.0, 0.0], [0.0, 0.0, 0.0, 0.0, 0.0, 0.0, 0.0, 0.0, 0.0, 0.0, 0.0, 0.0, 0.9508896038840942, 0.0, 0.0, 0.0, 0.0, 0.0, 0.0, 0.0, 0.0, 0.0, 0.0, 0.0, 0.0, 0.0], [0.0, 0.0, 0.0, 0.0, 0.0, 0.0, 0.0, 0.0, 0.0, 0.0, 0.0, 0.0, 0.0, 0.9653440240067925, 0.0, 0.0, 0.0, 0.0, 0.0, 0.0, 0.0, 0.0, 0.0, 0.0, 0.0, 0.0]], "Born radii": [], "Atomic SASAs": [], "Solvent H bonds": [], "Total SASA": NaN, "Total FOD": 0.0, "FOD": [0.0, 0.0, 0.0, 0.0, 0.0, 0.0, 0.0, 0.0, 0.0, 0.0, 0.0, 0.0, 0.0, 0.0, 0.0, 0.0, 0.0, 0.0, 0.0, 0.0, 0.0, 0.0, 0.0, 0.0, 0.0, 0.0], "FOD s proportion": [0.0, 0.0, 0.0, 0.0, 0.0, 0.0, 0.0, 0.0, 0.0, 0.0, 0.0, 0.0, 0.0, 0.0, 0.0, 0.0, 0.0, 0.0, 0.0, 0.0, 0.0, 0.0, 0.0, 0.0, 0.0, 0.0], "FOD p proportion": [0.0, 0.0, 0.0, 0.0, 0.0, 0.0, 0.0, 0.0, 0.0, 0.0, 0.0, 0.0, 0.0, 0.0, 0.0, 0.0, 0.0, 0.0, 0.0, 0.0, 0.0, 0.0, 0.0, 0.0, 0.0, 0.0], "FOD d proportion": [0.0, 0.0, 0.0, 0.0, 0.0, 0.0, 0.0, 0.0, 0.0, 0.0, 0.0, 0.0, 0.0, 0.0, 0.0, 0.0, 0.0, 0.0, 0.0, 0.0, 0.0, 0.0, 0.0, 0.0, 0.0, 0.0], "coordinates": [["-0.09250", "1.57280", "1.37590"], ["0.90650", "0.68580", "0.80850"], ["2.16680", "1.05750", "1.20050"], ["3.28750", "0.30330", "0.76590"], ["0.52010", "-0.35150", "0.02660"], ["1.40310", "-1.33080", "-0.39720"], ["1.50620", "-1.41980", "-1.81730"], ["-0.95110", "-0.62160", "-0.22230"], ["-1.48420", "0.06300", "-1.47030"], ["-0.90620", "0.20340", "-2.53690"], ["-2.78000", "0.45710", "-1.27290"], ["-3.17670", "0.12690", "0.05680"], ["-1.89310", "-0.05560", "0.84390"], ["-1.39040", "1.24140", "1.43370"], ["0.25910", "2.50500", "1.81120"], ["3.25150", "-0.71850", "1.15550"], ["3.37710", "0.32020", "-0.32430"], ["4.18520", "0.77720", "1.17490"], ["0.62090", "-1.90380", "-2.23950"], ["2.37140", "-2.04800", "-2.04930"], ["1.67350", "-0.43600", "-2.26800"], ["-1.13190", "-1.69860", "-0.33060"], ["-3.81960", "0.92030", "0.45120"], ["-3.75980", "-0.80010", "0.01550"], ["-2.04950", "-0.75770", "1.67140"], ["-2.09390", "1.90820", "1.92540"]], "bond_dist": [[0.0, 1.4514519489118474, 2.3239483083752095, 3.6617113826734076, 2.4287485954705152, 3.7163955561807462, 4.659186912970974, 2.8472492971287213, 3.5095839311804466, 4.2246145256105905, 3.934918573490435, 3.6527990993209576, 2.485331148961844, 1.340787533504097, 1.0872467475233025, 4.059675830654462, 4.061749741182979, 4.355697148563017, 5.066241632610904, 5.559945223651039, 4.520181484188439, 3.8333474366407225, 3.8951380912619773, 4.574978891754584, 3.057515249348725, 2.1023903942893196], [1.4514519489118474, 0.0, 1.3711969151073817, 2.411904229027347, 1.3552357211939183, 2.401457809331657, 3.4187742086894244, 2.494498177990916, 3.3609902960288354, 3.835399876153724, 4.239671201874032, 4.189265369966433, 2.8963230620909677, 2.4444459515399397, 2.1757809379622755, 2.75526631925119, 2.7424010574677076, 3.3003752226072725, 4.009725616547846, 4.217418083377554, 3.3632687210509955, 3.3373622413516935, 4.7453845734566125, 4.96095792161151, 3.4009152679830175, 3.4269706053597835], [2.3239483083752095, 1.3711969151073817, 0.0, 1.4190360425302808, 2.4647399660004705, 2.9731901839606563, 3.959864200954371, 3.8164167827950863, 4.631630802428017, 4.913346575400518, 5.563184156577957, 5.543199283807141, 4.224800963359102, 3.569576065865525, 2.4713417469059187, 2.081531909435933, 2.0816946029617314, 2.0379308158031275, 4.795070854533852, 4.499687928067901, 3.8084615515979676, 4.563088439861756, 6.034671431817974, 6.322933679867281, 4.614529611997305, 4.4048535719136], [3.6617113826734076, 2.411904229027347, 1.4190360425302808, 0.0, 2.9383380149329317, 2.7520987954650176, 3.579808031165917, 4.449461676427835, 5.275173496672882, 5.339062421436933, 6.402727241574484, 6.505368660575663, 5.1936027543507794, 4.817544692060469, 3.8873309017885265, 1.0941477962323007, 1.0940063116819756, 1.0944073738786668, 4.584154789053267, 3.780635123891223, 3.5151258441199515, 4.974033797633465, 7.140769951482823, 7.1725190142654895, 5.516268689068725, 5.734074486785117], [2.4287485954705152, 1.3552357211939183, 2.4647399660004705, 2.9383380149329317, 0.0, 1.3850357143409695, 2.3481110088750063, 1.5163557168421928, 2.535692873752655, 2.9855950746877915, 3.637745760769985, 3.727748494735126, 2.564969851674674, 2.8578437798452176, 3.3782407270649024, 2.978195791078887, 2.955801194261887, 4.003188053289528, 2.748636960386002, 3.258033877969964, 2.5695643541269795, 2.161336218638831, 4.5421092556212255, 4.30336021964232, 3.0778579629346123, 3.942674413389977], [3.7163955561807462, 2.401457809331657, 2.9731901839606563, 2.7520987954650176, 1.3850357143409695, 0.0, 1.4266164936660448, 2.464916284582501, 3.3809352759258786, 3.5021353800217376, 4.632684158239152, 4.827584626912302, 3.7458508632886063, 4.215690916089556, 4.5715564308012215, 2.4904560104527045, 2.574449729553871, 3.8282166631474763, 2.0818825927510898, 2.044850884539017, 2.0913335075974846, 2.5624085154401124, 5.750115569273369, 5.206486357419944, 4.065463851764028, 5.30232031850208], [4.659186912970974, 3.4187742086894244, 3.959864200954371, 3.579808031165917, 2.3481110088750063, 1.4266164936660448, 0.0, 3.0363582677279704, 3.355830299642698, 2.995375796123084, 4.710693729165588, 5.275801750445139, 4.527501250137873, 5.103065549255663, 5.488654270401807, 3.5178734513907686, 2.959208645905185, 4.577893712178124, 1.0937389679443628, 1.094088789815525, 1.094980465579181, 3.0409830548689345, 6.243901496660562, 5.610163984234329, 5.025177269510002, 6.167990539876015], [2.8472492971287213, 2.494498177990916, 3.8164167827950863, 4.449461676427835, 1.5163557168421928, 2.464916284582501, 3.0363582677279704, 0.0, 1.5199923585334238, 2.457644028332826, 2.369014406878945, 2.3646235260607558, 1.5311768153939638, 2.5310253831204457, 3.921139356105569, 4.423750581802731, 4.4306553104478805, 5.50367031806957, 2.8608244755664405, 4.051117402643374, 3.332845782510796, 1.0974272322117764, 3.32556011973923, 2.8243949405138085, 2.1934232286542423, 3.5097713842927147], [3.5095839311804466, 3.3609902960288354, 4.631630802428017, 5.275173496672882, 2.535692873752655, 3.3809352759258786, 3.355830299642698, 1.5199923585334238, 0.0, 1.2212418761244639, 1.368714436980921, 2.2804986011835218, 2.353037783377054, 3.135385303276138, 4.446425658886023, 5.471053132624467, 5.001170416012636, 6.296765919104822, 2.981847898535403, 4.4336456060447595, 3.2949044872347972, 2.1275022773195804, 3.143440583182701, 2.851473059665828, 3.295965938840995, 3.9124513568861143], [4.2246145256105905, 3.835399876153724, 4.913346575400518, 5.339062421436933, 2.9855950746877915, 3.5021353800217376, 2.995375796123084, 2.457644028332826, 1.2212418761244639, 0.0, 2.2744639214548994, 3.4479417323963, 3.5314106600620665, 4.1325002117362315, 5.05581450015722, 5.63650482657471, 4.822437131783056, 6.326852269493891, 2.6193077348795804, 4.006147461090268, 2.671327696109184, 2.9216954290274684, 4.234452358924351, 3.9578770786875124, 4.4654940364980895, 4.922305925072109], [3.934918573490435, 4.239671201874032, 5.563184156577957, 6.402727241574484, 3.637745760769985, 4.632684158239152, 4.710693729165588, 2.369014406878945, 1.368714436980921, 2.2744639214548994, 0.0, 1.4263607608175428, 2.35165795557092, 3.1419417897217636, 4.789749057101008, 6.607431737823705, 6.231248990371031, 7.389736117751431, 4.251386265678526, 5.780592091645976, 4.64989396330712, 2.872491147070779, 2.065875894142724, 2.049520539052976, 3.2677625036100775, 3.5784839401623696], [3.6527990993209576, 4.189265369966433, 5.543199283807141, 6.505368660575663, 3.727748494735126, 4.827584626912302, 5.275801750445139, 2.3646235260607558, 2.2804986011835218, 3.4479417323963, 1.4263607608175428, 0.0, 1.5167272727817613, 2.5157169057745743, 4.53188709148849, 6.5759864727658925, 6.567716234734871, 7.474664494811791, 4.880420262641323, 6.320384547636322, 5.407956313617928, 2.768345363208861, 1.094694171903733, 1.0959198419592557, 2.1587103001560908, 2.7994912912884726], [2.485331148961844, 2.8963230620909677, 4.224800963359102, 5.1936027543507794, 2.564969851674674, 3.7458508632886063, 4.527501250137873, 1.5311768153939638, 2.353037783377054, 3.5314106600620665, 2.35165795557092, 1.5167272727817613, 0.0, 1.5108872658143626, 3.481997485639529, 5.196483438826684, 5.411185167779791, 6.14400909260395, 4.386729396714595, 5.525054230503081, 4.748606251312062, 2.158315243424834, 2.194993473794398, 2.1737285249082965, 1.096431311118029, 2.25088278904078], [1.340787533504097, 2.4444459515399397, 3.569576065865525, 4.817544692060469, 2.8578437798452176, 4.215690916089556, 5.103065549255663, 2.5310253831204457, 3.135385303276138, 4.1325002117362315, 3.1419417897217636, 2.5157169057745743, 1.5108872658143626, 0.0, 2.11188102411097, 5.046368878708729, 5.164129131809157, 5.600872649864483, 5.237366606415862, 6.091188767391797, 5.089571382739415, 3.4384846575199375, 2.639966685395859, 3.4341039369826882, 2.1183283291312516, 1.0868778128198218], [1.0872467475233025, 2.1757809379622755, 2.4713417469059187, 3.8873309017885265, 3.3782407270649024, 4.5715564308012215, 5.488654270401807, 3.921139356105569, 4.446425658886023, 5.05581450015722, 4.789749057101008, 4.53188709148849, 3.481997485639529, 2.11188102411097, 0.0, 4.446948672966667, 4.365276084052416, 4.336407699928594, 5.998048613507563, 6.332067635456841, 5.223971764854784, 4.918581218196971, 4.582212105522833, 5.5045237496081345, 3.9992985997547117, 2.4301894740945613], [4.059675830654462, 2.75526631925119, 2.081531909435933, 1.0941477962323007, 2.978195791078887, 2.4904560104527045, 3.5178734513907686, 4.423750581802731, 5.471053132624467, 5.63650482657471, 6.607431737823705, 6.5759864727658925, 5.196483438826684, 5.046368878708729, 4.446948672966667, 0.0, 1.8123137393950308, 1.7633180484529727, 4.455448063887626, 3.5795096451888493, 3.7802437090748526, 4.731097629514741, 7.292609899069056, 7.103843062033395, 5.326189111362833, 6.0054641835581695], [4.061749741182979, 2.7424010574677076, 2.0816946029617314, 1.0940063116819756, 2.955801194261887, 2.574449729553871, 2.959208645905185, 4.4306553104478805, 5.001170416012636, 4.822437131783056, 6.231248990371031, 6.567716234734871, 5.411185167779791, 5.164129131809157, 4.365276084052416, 1.8123137393950308, 0.0, 1.763370423365437, 4.026264457285437, 3.097648903604151, 2.6929651111739266, 4.940311136962935, 7.263195656871705, 7.232280258673608, 5.881553745397555, 6.124927353854901], [4.355697148563017, 3.3003752226072725, 2.0379308158031275, 1.0944073738786668, 4.003188053289528, 3.8282166631474763, 4.577893712178124, 5.50367031806957, 6.296765919104822, 6.326852269493891, 7.389736117751431, 7.474664494811791, 6.14400909260395, 5.600872649864483, 4.336407699928594, 1.7633180484529727, 1.763370423365437, 0.0, 5.616949603654994, 4.65479227463482, 4.43103278480311, 6.055383414780604, 8.038721436895298, 8.18261013674732, 6.4400244060096545, 6.424134810229312], [5.066241632610904, 4.009725616547846, 4.795070854533852, 4.584154789053267, 2.748636960386002, 2.0818825927510898, 1.0937389679443628, 2.8608244755664405, 2.981847898535403, 2.6193077348795804, 4.251386265678526, 4.880420262641323, 4.386729396714595, 5.237366606415862, 5.998048613507563, 4.455448063887626, 4.026264457285437, 5.616949603654994, 0.0, 1.7666974641969688, 1.8064373363059123, 2.599675766321639, 5.91045239808257, 5.049129744817417, 4.872342370975176, 6.264812451302912], [5.559945223651039, 4.217418083377554, 4.499687928067901, 3.780635123891223, 3.258033877969964, 2.044850884539017, 1.094088789815525, 4.051117402643374, 4.4336456060447595, 4.006147461090268, 5.780592091645976, 6.320384547636322, 5.525054230503081, 6.091188767391797, 6.332067635456841, 3.5795096451888493, 3.097648903604151, 4.65479227463482, 1.7666974641969688, 0.0, 1.7701519991232393, 3.9177954183443524, 7.306968327562395, 6.588798592308009, 5.920543842418532, 7.168588607250384], [4.520181484188439, 3.3632687210509955, 3.8084615515979676, 3.5151258441199515, 2.5695643541269795, 2.0913335075974846, 1.094980465579181, 3.332845782510796, 3.2949044872347972, 2.671327696109184, 4.64989396330712, 5.407956313617928, 4.748606251312062, 5.089571382739415, 5.223971764854784, 3.7802437090748526, 2.6929651111739266, 4.43103278480311, 1.8064373363059123, 1.7701519991232393, 0.0, 3.6356494165416993, 6.277558915693265, 5.904886954887451, 5.429833537964124, 6.105176488849442], [3.8333474366407225, 3.3373622413516935, 4.563088439861756, 4.974033797633465, 2.161336218638831, 2.5624085154401124, 3.0409830548689345, 1.0974272322117764, 2.1275022773195804, 2.9216954290274684, 2.872491147070779, 2.768345363208861, 2.158315243424834, 3.4384846575199375, 4.918581218196971, 4.731097629514741, 4.940311136962935, 6.055383414780604, 2.599675766321639, 3.9177954183443524, 3.6356494165416993, 0.0, 3.833220544137788, 2.798740050451274, 2.394845834286625, 4.361649486146267], [3.8951380912619773, 4.7453845734566125, 6.034671431817974, 7.140769951482823, 4.5421092556212255, 5.750115569273369, 6.243901496660562, 3.32556011973923, 3.143440583182701, 4.234452358924351, 2.065875894142724, 1.094694171903733, 2.194993473794398, 2.639966685395859, 4.582212105522833, 7.292609899069056, 7.263195656871705, 8.038721436895298, 5.91045239808257, 7.306968327562395, 6.277558915693265, 3.833220544137788, 0.0, 1.7757214561974524, 2.727237805912788, 2.4753287741227425], [4.574978891754584, 4.96095792161151, 6.322933679867281, 7.1725190142654895, 4.30336021964232, 5.206486357419944, 5.610163984234329, 2.8243949405138085, 2.851473059665828, 3.9578770786875124, 2.049520539052976, 1.0959198419592557, 2.1737285249082965, 3.4341039369826882, 5.5045237496081345, 7.103843062033395, 7.232280258673608, 8.18261013674732, 5.049129744817417, 6.588798592308009, 5.904886954887451, 2.798740050451274, 1.7757214561974524, 0.0, 2.380951209075902, 3.709154851175669], [3.057515249348725, 3.4009152679830175, 4.614529611997305, 5.516268689068725, 3.0778579629346123, 4.065463851764028, 5.025177269510002, 2.1934232286542423, 3.295965938840995, 4.4654940364980895, 3.2677625036100775, 2.1587103001560908, 1.096431311118029, 2.1183283291312516, 3.9992985997547117, 5.326189111362833, 5.881553745397555, 6.4400244060096545, 4.872342370975176, 5.920543842418532, 5.429833537964124, 2.394845834286625, 2.727237805912788, 2.380951209075902, 0.0, 2.6783409361020487], [2.1023903942893196, 3.4269706053597835, 4.4048535719136, 5.734074486785117, 3.942674413389977, 5.30232031850208, 6.167990539876015, 3.5097713842927147, 3.9124513568861143, 4.922305925072109, 3.5784839401623696, 2.7994912912884726, 2.25088278904078, 1.0868778128198218, 2.4301894740945613, 6.0054641835581695, 6.124927353854901, 6.424134810229312, 6.264812451302912, 7.168588607250384, 6.105176488849442, 4.361649486146267, 2.4753287741227425, 3.709154851175669, 2.6783409361020487, 0.0]]}