{"total energy": -39.96996605, "HOMO-LUMO gap/eV": 3.58471191, "electronic energy": -40.41767432, "dipole": [1.04012093, -0.18323182, 1.25621479], "partial charges": [-0.09882287, -0.0830819, 0.27291994, -0.39821574, -0.16164628, 0.08023435, -0.04768947, -0.03895527, 0.08257859, -0.1474484, 0.08832288, -0.14498856, -0.06600926, 0.05294394, 0.03913994, 0.05296515, 0.0516906, 0.05169082, 0.18024102, 0.09607976, 0.07610904, 0.06194173], "atomic dipole moments": [[-0.1116167, -0.02124764, 0.07177615], [-0.00690779, 0.01766018, -0.09144873], [-0.06187866, -0.00618898, 0.01172326], [-0.01074366, -0.03617851, 0.17939799], [-0.01980994, 0.00433185, -0.02821893], [0.13848545, -0.0018315, 0.05318332], [-0.02566295, -0.01377189, 0.06143896], [-0.03239791, -0.00980442, 0.0392007], [-0.22026976, -0.00611482, -0.03896191], [-0.03494662, -0.00042165, -0.00903973], [-0.17656684, -0.03759082, 0.13385684], [-0.05942726, -0.00263273, -0.00554949], [-0.01692499, 0.00642712, -0.03789618], [0.0038975, 0.11775138, -0.05539376], [0.09788019, -0.00905509, 0.0769278], [0.01672727, -0.08650608, -0.09582708], [-0.00551528, 0.0894966, 0.0926566], [0.00753233, -0.11792054, 0.05162216], [0.01853963, -0.02493471, 0.13187182], [0.10230843, 0.02936658, -0.11589144], [-0.02904485, 0.02813, -0.15131282], [0.02943179, -0.02755523, 0.14865744]], "atomic quadrupole moments": [[0.16896279, 0.05106877, -0.13860873, -0.15736896, -0.03326464, -0.03035406], [0.20101877, 0.02846997, -0.2404887, 0.00066439, -0.0579746, 0.03946993], [-0.22280502, -0.04442631, 0.48814013, -0.01176819, 0.15500488, -0.26533511], [-0.11002137, -0.01977241, 0.19237934, -4.747e-05, 0.05683407, -0.08235797], [0.03940035, 0.00270209, 0.01101405, -0.00538699, 0.01226561, -0.0504144], [-0.0452089, -0.04037142, 0.35264905, 0.06793372, 0.14093288, -0.30744016], [-0.2313031, -0.05028557, 0.48049994, 0.01755, 0.15211878, -0.24919685], [-0.22674417, -0.0403482, 0.48721636, -0.03304037, 0.15237816, -0.26047219], [0.13651202, -0.0425624, 0.22780613, 0.17690371, 0.13409971, -0.36431814], [0.38529295, -0.00450683, -0.2118543, 0.21195427, 0.00601109, -0.17343865], [-0.13099892, 0.03801776, 0.26482729, -0.32075878, 0.06068029, -0.13382838], [0.09780748, 0.0863015, -0.18780112, -0.33864112, -0.08047371, 0.08999365], [-0.1803119, -0.03496613, 0.40452511, -0.01779466, 0.12876001, -0.22421321], [-0.03068934, -0.01262024, 0.05880418, -0.00676028, -0.04122728, -0.02811484], [0.03240125, -0.00566004, -0.05400744, 0.05661611, -0.01180581, 0.02160619], [-0.03297253, 0.00669372, 0.01970931, -0.00975561, 0.0594698, 0.01326322], [-0.00621904, 0.00390325, 0.00207573, -0.01857019, 0.05615742, 0.00414331], [-0.00571367, -0.00134963, 0.04218227, -0.01292278, -0.04246961, -0.03646859], [0.02540172, 0.00595182, -0.06119479, -0.00118334, -0.0201307, 0.03579307], [0.04514954, 0.00463089, -0.05657762, 0.00982647, -0.01342577, 0.01142808], [0.04159269, 0.00552778, -0.05855574, 0.0049262, -0.01530223, 0.01696305], [0.02893893, 0.00503585, -0.05580744, 0.00261627, -0.0169311, 0.02686851]], "number of molecular orbitals": 71, "number of electrons": 70, "number of unpaired electrons": 0, "orbital energies/eV": [-28.94107773, -28.84707078, -19.36833024, -18.69067776, -18.47172461, -18.07583193, -17.57030267, -17.40946257, -16.91922553, -16.68672682, -16.05887396, -15.97006185, -15.4248196, -15.28933797, -15.26564991, -14.68678397, -14.46706506, -14.33582686, -14.04710558, -13.92343528, -13.8559365, -13.73216279, -13.17436411, -13.1530996, -12.92589531, -12.68003167, -12.54508152, -12.52247024, -12.33497383, -11.81634043, -11.66685893, -11.53167686, -11.26488389, -11.08360046, -10.69606005, -7.11134814, -6.98045688, -5.92195224, -4.26136386, -3.83219208, -3.42847657, -0.704523, 0.11828444, 0.28357382, 0.30667836, 0.30714836, 0.40307429, 0.40449312, 0.54227946, 0.84234658, 1.67925314, 2.89522902, 3.09128827, 3.43296581, 3.5652524, 3.8226869, 3.96658183, 4.10805596, 4.52798527, 4.69381224, 4.88440552, 6.19876733, 7.00009797, 7.11050284, 9.31268296, 9.50630935, 10.83714354, 11.50721746, 15.61895098, 15.72769981, 16.66432498], "fractional occupation": [2.0, 2.0, 2.0, 2.0, 2.0, 2.0, 2.0, 2.0, 2.0, 2.0, 2.0, 2.0, 2.0, 2.0, 2.0, 2.0, 2.0, 2.0, 2.0, 2.0, 2.0, 2.0, 2.0, 2.0, 2.0, 2.0, 2.0, 2.0, 2.0, 2.0, 2.0, 2.0, 2.0, 2.0, 2.0, 0.0, 0.0, 0.0, 0.0, 0.0, 0.0, 0.0, 0.0, 0.0, 0.0, 0.0, 0.0, 0.0, 0.0, 0.0, 0.0, 0.0, 0.0, 0.0, 0.0, 0.0, 0.0, 0.0, 0.0, 0.0, 0.0, 0.0, 0.0, 0.0, 0.0, 0.0, 0.0, 0.0, 0.0, 0.0, 0.0], "program call": "xtb /home/svss/Project-DBcg-Debug/aqme2_20220329/End-to-End-workflows-final/example-3/QDESCP/mol_379_rdkit_conf_1/mol_379_rdkit_conf_1.xyz --pop --wbo --acc 0.2 --gfn 2 --chrg 0 --uhf 0 --etemp 300 --input /home/svss/Project-DBcg-Debug/aqme2_20220329/End-to-End-workflows-final/example-3/QDESCP/mol_379_rdkit_conf_1/mol_379_rdkit_conf_1_xtb.inp", "method": "GFN2-xTB", "xtb version": "6.3.3 (7355c4f)", "Dipole module/D": 4.171, "Total charge": 0, "Transition dipole module/D": NaN, "HOMO": -10.6961, "LUMO": -7.1113, "HOMO occupancy": 2.0, "LUMO occupancy": 0, "mulliken charges": [-0.06937, -0.0815, 0.47457, -0.52771, -0.32666, 0.15248, -0.05135, -0.0406, 0.08098, -0.10203, 0.09493, -0.09987, -0.09152, 0.04368, 0.02781, 0.04369, 0.04096, 0.04096, 0.22462, 0.07362, 0.04992, 0.0424], "cm5 charges": [-0.21709, -0.18014, 0.56247, -0.57671, -0.66986, 0.20469, -0.09836, -0.09213, 0.07711, -0.10302, 0.09119, -0.10094, -0.13578, 0.09694, 0.07876, 0.09697, 0.09921, 0.09921, 0.41958, 0.13893, 0.10643, 0.10255], "FUKUI+": [0.016, 0.012, -0.056, -0.11, -0.026, -0.048, -0.029, -0.037, -0.048, -0.12, -0.032, -0.11, -0.035, -0.017, -0.032, -0.017, -0.041, -0.041, -0.043, -0.052, -0.068, -0.065], "FUKUI-": [0.013, 0.002, -0.011, -0.09, -0.049, -0.029, -0.031, -0.017, -0.029, -0.21, -0.018, -0.159, -0.013, -0.029, -0.044, -0.029, -0.04, -0.04, -0.039, -0.043, -0.049, -0.044], "FUKUIrad": [0.015, 0.007, -0.034, -0.1, -0.037, -0.038, -0.03, -0.027, -0.038, -0.165, -0.025, -0.134, -0.024, -0.023, -0.038, -0.023, -0.041, -0.041, -0.041, -0.048, -0.059, -0.054], "s proportion": [1.003, 1.039, 1.004, 1.729, 1.427, 1.038, 1.063, 1.066, 1.077, 1.945, 1.079, 1.945, 1.062, 0.956, 0.972, 0.956, 0.959, 0.959, 0.775, 0.926, 0.95, 0.958], "p proportion": [3.066, 3.043, 2.522, 4.799, 3.9, 2.81, 2.989, 2.975, 2.842, 5.167, 2.826, 5.165, 3.029, 0.0, 0.0, 0.0, 0.0, 0.0, 0.0, 0.0, 0.0, 0.0], "d proportion": [0.0, 0.0, 0.0, 0.0, 0.0, 0.0, 0.0, 0.0, 0.0, -0.009, 0.0, -0.01, 0.0, 0.0, 0.0, 0.0, 0.0, 0.0, 0.0, 0.0, 0.0, 0.0], "Fermi-level/eV": -8.9037, "Coordination numbers": [3.75, 3.805, 2.746, 0.856, 2.693, 2.894, 2.914, 2.955, 2.899, 0.965, 2.899, 0.965, 2.962, 0.924, 0.924, 0.924, 0.924, 0.924, 0.86, 0.925, 0.925, 0.925], "Dispersion coefficient C6": [22.451, 22.081, 22.386, 21.646, 24.497, 26.209, 29.184, 28.967, 26.159, 103.767, 26.034, 103.688, 29.641, 2.284, 2.46, 2.283, 2.299, 2.299, 1.213, 1.821, 2.02, 2.176], "Total dispersion C6": 7840.525573, "Total dispersion C8": 217301.787102, "Polarizability alpha": [6.758, 6.69, 7.747, 6.238, 7.351, 8.394, 8.859, 8.828, 8.386, 15.584, 8.366, 15.578, 8.93, 2.363, 2.453, 2.363, 2.371, 2.371, 1.725, 2.11, 2.222, 2.307], "Total polarizability alpha": 137.994002, "Wiberg matrix": [[0.0, 1.0209196672431216, 0.0, 0.0, 0.0, 0.0, 0.0, 0.0, 0.0, 0.0, 0.0, 0.0, 0.0, 0.9859485392141686, 0.9864345288269721, 0.9859486274649072, 0.0, 0.0, 0.0, 0.0, 0.0, 0.0], [1.0209196672431216, 0.0, 0.9709638573965227, 0.0, 0.0, 0.0, 0.0, 0.0, 0.0, 0.0, 0.0, 0.0, 0.0, 0.0, 0.0, 0.0, 0.9588310295605487, 0.9588311009504908, 0.0, 0.0, 0.0, 0.0], [0.0, 0.9709638573965227, 0.0, 1.7345906692547202, 1.1679655852699151, 0.0, 0.0, 0.0, 0.0, 0.0, 0.0, 0.0, 0.0, 0.0, 0.0, 0.0, 0.0, 0.0, 0.0, 0.0, 0.0, 0.0], [0.0, 0.0, 1.7345906692547202, 0.0, 0.15874453893429552, 0.0, 0.0, 0.0, 0.0, 0.0, 0.0, 0.0, 0.0, 0.0, 0.0, 0.0, 0.0, 0.0, 0.0, 0.0, 0.0, 0.0], [0.0, 0.0, 1.1679655852699151, 0.15874453893429552, 0.0, 1.0856609734883855, 0.0, 0.0, 0.0, 0.0, 0.0, 0.0, 0.0, 0.0, 0.0, 0.0, 0.0, 0.0, 0.9361160154694643, 0.0, 0.0, 0.0], [0.0, 0.0, 0.0, 0.0, 1.0856609734883855, 0.0, 1.3649177029803081, 0.0, 0.0, 0.0, 0.0, 0.0, 1.364353938408484, 0.0, 0.0, 0.0, 0.0, 0.0, 0.0, 0.0, 0.0, 0.0], [0.0, 0.0, 0.0, 0.0, 0.0, 1.3649177029803081, 0.0, 1.4457455547636784, 0.0, 0.0, 0.0, 0.0, 0.0, 0.0, 0.0, 0.0, 0.0, 0.0, 0.0, 0.9566291353647557, 0.0, 0.0], [0.0, 0.0, 0.0, 0.0, 0.0, 0.0, 1.4457455547636784, 0.0, 1.394010687607907, 0.0, 0.0, 0.0, 0.10327657814286681, 0.0, 0.0, 0.0, 0.0, 0.0, 0.0, 0.0, 0.9647101835158128, 0.0], [0.0, 0.0, 0.0, 0.0, 0.0, 0.0, 0.0, 1.394010687607907, 0.0, 0.9892950647137534, 1.3590355306649402, 0.0, 0.0, 0.0, 0.0, 0.0, 0.0, 0.0, 0.0, 0.0, 0.0, 0.0], [0.0, 0.0, 0.0, 0.0, 0.0, 0.0, 0.0, 0.0, 0.9892950647137534, 0.0, 0.0, 0.0, 0.0, 0.0, 0.0, 0.0, 0.0, 0.0, 0.0, 0.0, 0.0, 0.0], [0.0, 0.0, 0.0, 0.0, 0.0, 0.0, 0.0, 0.0, 1.3590355306649402, 0.0, 0.0, 0.9918583481045126, 1.4067259510292187, 0.0, 0.0, 0.0, 0.0, 0.0, 0.0, 0.0, 0.0, 0.0], [0.0, 0.0, 0.0, 0.0, 0.0, 0.0, 0.0, 0.0, 0.0, 0.0, 0.9918583481045126, 0.0, 0.0, 0.0, 0.0, 0.0, 0.0, 0.0, 0.0, 0.0, 0.0, 0.0], [0.0, 0.0, 0.0, 0.0, 0.0, 1.364353938408484, 0.0, 0.10327657814286681, 0.0, 0.0, 1.4067259510292187, 0.0, 0.0, 0.0, 0.0, 0.0, 0.0, 0.0, 0.0, 0.0, 0.0, 0.9629458613180442], [0.9859485392141686, 0.0, 0.0, 0.0, 0.0, 0.0, 0.0, 0.0, 0.0, 0.0, 0.0, 0.0, 0.0, 0.0, 0.0, 0.0, 0.0, 0.0, 0.0, 0.0, 0.0, 0.0], [0.9864345288269721, 0.0, 0.0, 0.0, 0.0, 0.0, 0.0, 0.0, 0.0, 0.0, 0.0, 0.0, 0.0, 0.0, 0.0, 0.0, 0.0, 0.0, 0.0, 0.0, 0.0, 0.0], [0.9859486274649072, 0.0, 0.0, 0.0, 0.0, 0.0, 0.0, 0.0, 0.0, 0.0, 0.0, 0.0, 0.0, 0.0, 0.0, 0.0, 0.0, 0.0, 0.0, 0.0, 0.0, 0.0], [0.0, 0.9588310295605487, 0.0, 0.0, 0.0, 0.0, 0.0, 0.0, 0.0, 0.0, 0.0, 0.0, 0.0, 0.0, 0.0, 0.0, 0.0, 0.0, 0.0, 0.0, 0.0, 0.0], [0.0, 0.9588311009504908, 0.0, 0.0, 0.0, 0.0, 0.0, 0.0, 0.0, 0.0, 0.0, 0.0, 0.0, 0.0, 0.0, 0.0, 0.0, 0.0, 0.0, 0.0, 0.0, 0.0], [0.0, 0.0, 0.0, 0.0, 0.9361160154694643, 0.0, 0.0, 0.0, 0.0, 0.0, 0.0, 0.0, 0.0, 0.0, 0.0, 0.0, 0.0, 0.0, 0.0, 0.0, 0.0, 0.0], [0.0, 0.0, 0.0, 0.0, 0.0, 0.0, 0.9566291353647557, 0.0, 0.0, 0.0, 0.0, 0.0, 0.0, 0.0, 0.0, 0.0, 0.0, 0.0, 0.0, 0.0, 0.0, 0.0], [0.0, 0.0, 0.0, 0.0, 0.0, 0.0, 0.0, 0.9647101835158128, 0.0, 0.0, 0.0, 0.0, 0.0, 0.0, 0.0, 0.0, 0.0, 0.0, 0.0, 0.0, 0.0, 0.0], [0.0, 0.0, 0.0, 0.0, 0.0, 0.0, 0.0, 0.0, 0.0, 0.0, 0.0, 0.0, 0.9629458613180442, 0.0, 0.0, 0.0, 0.0, 0.0, 0.0, 0.0, 0.0, 0.0]], "Born radii": [], "Atomic SASAs": [], "Solvent H bonds": [], "Total SASA": NaN, "Total FOD": 0.0, "FOD": [0.0, 0.0, 0.0, 0.0, 0.0, 0.0, 0.0, 0.0, 0.0, 0.0, 0.0, 0.0, 0.0, 0.0, 0.0, 0.0, 0.0, 0.0, 0.0, 0.0, 0.0, 0.0], "FOD s proportion": [0.0, 0.0, 0.0, 0.0, 0.0, 0.0, 0.0, 0.0, 0.0, 0.0, 0.0, 0.0, 0.0, 0.0, 0.0, 0.0, 0.0, 0.0, 0.0, 0.0, 0.0, 0.0], "FOD p proportion": [0.0, 0.0, 0.0, 0.0, 0.0, 0.0, 0.0, 0.0, 0.0, 0.0, 0.0, 0.0, 0.0, 0.0, 0.0, 0.0, 0.0, 0.0, 0.0, 0.0, 0.0, 0.0], "FOD d proportion": [0.0, 0.0, 0.0, 0.0, 0.0, 0.0, 0.0, 0.0, 0.0, 0.0, 0.0, 0.0, 0.0, 0.0, 0.0, 0.0, 0.0, 0.0, 0.0, 0.0, 0.0, 0.0], "coordinates": [["4.02820", "0.24790", "0.19990"], ["2.73030", "0.01720", "0.95360"], ["1.50640", "0.11800", "0.05580"], ["1.59100", "0.36030", "-1.14180"], ["0.33740", "-0.09700", "0.77100"], ["-0.98490", "-0.08300", "0.28010"], ["-1.32100", "0.15970", "-1.05280"], ["-2.66000", "0.15650", "-1.46170"], ["-3.67880", "-0.08970", "-0.54090"], ["-5.30750", "-0.07870", "-1.11380"], ["-3.35250", "-0.33370", "0.79520"], ["-4.55230", "-0.64740", "1.99950"], ["-2.01150", "-0.32970", "1.20070"], ["4.04640", "1.24330", "-0.25630"], ["4.88270", "0.16730", "0.87880"], ["4.15530", "-0.48980", "-0.59930"], ["2.63710", "0.76090", "1.75310"], ["2.74650", "-0.97960", "1.40870"], ["0.44550", "-0.28600", "1.76030"], ["-0.56490", "0.35660", "-1.80760"], ["-2.89520", "0.34850", "-2.50630"], ["-1.77830", "-0.52170", "2.24520"]], "bond_dist": [[0.0, 1.5184961606800327, 2.5292516798452462, 2.7843736261500536, 3.750615397504788, 5.024649088244869, 5.494631668274043, 6.892117799341506, 7.749877895812295, 9.433332907302699, 7.427474209985519, 8.812780633829485, 6.149243733175649, 1.095112249954314, 1.0943362463155462, 1.0950234426714345, 2.1472676707853635, 2.147256058321876, 3.94406347058462, 5.013824842373335, 7.434184982901622, 6.204109807216503], [1.5184961606800327, 0.0, 1.5212286777470376, 2.4096521035203398, 2.4025725400078977, 3.777082648023472, 4.523160277947268, 5.908334170474788, 6.581908588699786, 8.29997400056169, 6.094971469170304, 7.387277084961685, 4.760889124942945, 2.167786527774356, 2.1589235303734124, 2.167757461064314, 1.0958905876044378, 1.0958962952761544, 2.441926733135128, 4.3125121263597626, 6.612633208488129, 4.720817485351452], [2.5292516798452462, 1.5212286777470376, 0.0, 1.2247906800755792, 1.3871903402201156, 2.509439614734732, 3.0372559342274728, 4.434318150516492, 5.2235513991919325, 6.916349344849492, 4.9355500666085845, 6.4087169183854575, 3.7265066362479486, 2.7955869687777555, 3.4755087656341765, 2.7955765165704194, 2.138370919648881, 2.1384368543401044, 2.0479367812508276, 2.796332099375895, 5.098192740569937, 3.9989926906659883], [2.7843736261500536, 2.4096521035203398, 1.2247906800755792, 0.0, 2.3322607251334486, 2.9754958091047614, 2.9202577557469134, 4.267888406460506, 5.32300411891631, 6.912510922233686, 5.354605237550197, 6.973045236480257, 4.352173307670548, 2.755501480674616, 3.867216343831826, 2.7554692431598653, 3.1040701635111274, 3.104120247348675, 3.1862294879684985, 2.256370567969721, 4.689135307282143, 4.858176148514996], [3.750615397504788, 2.4025725400078977, 1.3871903402201156, 2.3322607251334486, 0.0, 1.4105517005767638, 2.4783930055582384, 3.746147127383013, 4.225044063675549, 5.951277336841226, 3.6975633246774833, 5.071618922987017, 2.39919207026032, 4.075344203867938, 4.554253772024568, 4.075337328369273, 2.643696826415616, 2.643748637824708, 1.0129763570784858, 2.7693096991849795, 4.624810082587175, 2.6133928560398263], [5.024649088244869, 3.777082648023472, 2.509439614734732, 2.9754958091047614, 1.4105517005767638, 0.0, 1.3958828425050578, 2.4284125473238687, 2.81623562579554, 4.541788905266294, 2.435920413314031, 4.000153307062118, 1.4008114826770943, 5.2307529419769, 5.903373742191832, 5.2307252499056, 4.000097525061108, 4.000121933141539, 2.0683919357800638, 2.1744285341210916, 3.4057984820009537, 2.164153243187737], [5.494631668274043, 4.523160277947268, 3.0372559342274728, 2.9202577557469134, 2.4783930055582384, 1.3958828425050578, 0.0, 1.4000465885105395, 2.4255850448912324, 3.9940878570707485, 2.7902580185352037, 4.517659282194708, 2.407190241754897, 5.533315820554615, 6.49746335195513, 5.533296864438054, 4.88887224827976, 4.888920431956323, 3.3515223928835685, 1.0863608332409633, 2.1509098842117957, 3.3985634097365316], [6.892117799341506, 5.908334170474788, 4.434318150516492, 4.267888406460506, 3.746147127383013, 2.4284125473238687, 1.4000465885105395, 0.0, 1.3951489239504145, 2.6805987577405164, 2.4111096822832425, 4.02578687215307, 2.7830408638753403, 6.899994518838403, 7.897492018356208, 6.899981995628685, 6.225713357519763, 6.22576594645189, 4.496801140811099, 2.1328691544490024, 1.0878291226107157, 3.8702012531650083], [7.749877895812295, 6.581908588699786, 5.2235513991919325, 5.32300411891631, 4.225044063675549, 2.81623562579554, 2.4255850448912324, 1.3951489239504145, 0.0, 1.726557007457327, 1.3968431909129957, 2.7436588162524873, 2.4229444587113425, 7.844526830854746, 8.682216268902772, 7.8445276071921635, 6.773222952922781, 6.773281498653367, 4.726934061312893, 3.3911776405844627, 2.1607511101466543, 3.40012903578673], [9.433332907302699, 8.29997400056169, 6.916349344849492, 6.912510922233686, 5.951277336841226, 4.541788905266294, 3.9940878570707485, 2.6805987577405164, 1.726557007457327, 0.0, 2.744327057768443, 3.2536723283084297, 4.035285274921712, 9.485696361364303, 10.386103542715142, 9.485689078817629, 8.487680067603868, 8.487728969518288, 6.434316832422849, 4.812805760676406, 2.8179331752190295, 4.892277858012564], [7.427474209985519, 6.094971469170304, 4.9355500666085845, 5.354605237550197, 3.6975633246774833, 2.435920413314031, 2.7902580185352037, 2.4111096822832425, 1.3968431909129957, 2.744327057768443, 0.0, 1.7286602384505751, 1.4009736792673875, 7.637820530753522, 8.250848986619497, 7.637804547119546, 6.163686375051865, 6.163713982656885, 3.9189918729183404, 3.8757961362796163, 3.4021202771213126, 2.148476120416515], [8.812780633829485, 7.387277084961685, 6.4087169183854575, 6.973045236480257, 5.071618922987017, 4.000153307062118, 4.517659282194708, 4.02578687215307, 2.7436588162524873, 3.2536723283084297, 1.7286602384505751, 0.0, 2.682289948905599, 9.088510429107732, 9.536190517182424, 9.0885035599927, 7.330176956254194, 7.330203470572969, 5.01655573476464, 5.603693886179009, 4.903063415865636, 2.787695281052074], [6.149243733175649, 4.760889124942945, 3.7265066362479486, 4.352173307670548, 2.39919207026032, 1.4008114826770943, 2.407190241754897, 2.7830408638753403, 2.4229444587113425, 4.035285274921712, 1.4009736792673875, 2.682289948905599, 0.0, 6.426144287984825, 6.91958251992127, 6.426122800725178, 4.806665796578747, 4.806682640865735, 2.5202997539975276, 3.4078626938302548, 3.870753147644525, 1.0873023912417372], [1.095112249954314, 2.167786527774356, 2.7955869687777555, 2.755501480674616, 4.075344203867938, 5.2307529419769, 5.533315820554615, 6.899994518838403, 7.844526830854746, 9.485696361364303, 7.637820530753522, 9.088510429107732, 6.426144287984825, 0.0, 1.7735911873935322, 1.7700688743661928, 2.501304581613363, 3.0664718195346263, 4.401353753108242, 4.945387373098289, 7.351800976631508, 6.580262710561031], [1.0943362463155462, 2.1589235303734124, 3.4755087656341765, 3.867216343831826, 4.554253772024568, 5.903373742191832, 6.49746335195513, 7.897492018356208, 8.682216268902772, 10.386103542715142, 8.250848986619497, 9.536190517182424, 6.91958251992127, 1.7735911873935322, 0.0, 1.7736038960263927, 2.4818301331880064, 2.481838846500715, 4.546566504517447, 6.0769174101677566, 8.48454264294782, 6.834521999379327], [1.0950234426714345, 2.167757461064314, 2.7955765165704194, 2.7554692431598653, 4.075337328369273, 5.2307252499056, 5.533296864438054, 6.899981995628685, 7.8445276071921635, 9.485689078817629, 7.637804547119546, 9.0885035599927, 6.426122800725178, 1.7700688743661928, 1.7736038960263927, 0.0, 3.0664258494214405, 2.5013367386259695, 4.401347820838522, 4.9453685292402625, 7.351798837019413, 6.5802588718074], [2.1472676707853635, 1.0958905876044378, 2.138370919648881, 3.1040701635111274, 2.643696826415616, 4.000097525061108, 4.88887224827976, 6.225713357519763, 6.773222952922781, 8.487680067603868, 6.163686375051865, 7.330176956254194, 4.806665796578747, 2.501304581613363, 2.4818301331880064, 3.0664258494214405, 0.0, 1.777616373124415, 2.4288190566610766, 4.805709831023925, 6.994205130677825, 4.624173691590747], [2.147256058321876, 1.0958962952761544, 2.1384368543401044, 3.104120247348675, 2.643748637824708, 4.000121933141539, 4.888920431956323, 6.22576594645189, 6.773281498653367, 8.487728969518288, 6.163713982656885, 7.330203470572969, 4.806682640865735, 3.0664718195346263, 2.481838846500715, 2.5013367386259695, 1.777616373124415, 0.0, 2.4288483937866525, 4.805765921265829, 6.994272907171982, 4.624199357726697], [3.94406347058462, 2.441926733135128, 2.0479367812508276, 3.1862294879684985, 1.0129763570784858, 2.0683919357800638, 3.3515223928835685, 4.496801140811099, 4.726934061312893, 6.434316832422849, 3.9189918729183404, 5.01655573476464, 2.5202997539975276, 4.401353753108242, 4.546566504517447, 4.401347820838522, 2.4288190566610766, 2.4288483937866525, 0.0, 3.763476229498467, 5.455890605574859, 2.2882239706811918], [5.013824842373335, 4.3125121263597626, 2.796332099375895, 2.256370567969721, 2.7693096991849795, 2.1744285341210916, 1.0863608332409633, 2.1328691544490024, 3.3911776405844627, 4.812805760676406, 3.8757961362796163, 5.603693886179009, 3.4078626938302548, 4.945387373098289, 6.0769174101677566, 4.9453685292402625, 4.805709831023925, 4.805765921265829, 3.763476229498467, 0.0, 2.432806073241351, 4.320756680258679], [7.434184982901622, 6.612633208488129, 5.098192740569937, 4.689135307282143, 4.624810082587175, 3.4057984820009537, 2.1509098842117957, 1.0878291226107157, 2.1607511101466543, 2.8179331752190295, 3.4021202771213126, 4.903063415865636, 3.870753147644525, 7.351800976631508, 8.48454264294782, 7.351798837019413, 6.994205130677825, 6.994272907171982, 5.455890605574859, 2.432806073241351, 0.0, 4.9579699373836466], [6.204109807216503, 4.720817485351452, 3.9989926906659883, 4.858176148514996, 2.6133928560398263, 2.164153243187737, 3.3985634097365316, 3.8702012531650083, 3.40012903578673, 4.892277858012564, 2.148476120416515, 2.787695281052074, 1.0873023912417372, 6.580262710561031, 6.834521999379327, 6.5802588718074, 4.624173691590747, 4.624199357726697, 2.2882239706811918, 4.320756680258679, 4.9579699373836466, 0.0]]}