{"total energy": -31.63688568, "HOMO-LUMO gap/eV": 12.54741338, "electronic energy": -32.09504692, "dipole": [0.01881085, -0.00291357, 0.00622442], "partial charges": [-0.09989936, -0.05184514, -0.05775443, -0.05752814, -0.0604453, -0.01835502, -0.05802148, -0.055022, -0.05578463, -0.05812459, 0.03113179, 0.03158908, 0.03064253, 0.0300645, 0.02880861, 0.02855571, 0.02928344, 0.02785173, 0.02976321, 0.03061436, 0.02972352, 0.02933729, 0.03058612, 0.02436916, 0.02646342, 0.02631786, 0.02560612, 0.02664927, 0.03027222, 0.02515015], "atomic dipole moments": [[-0.0912769, 0.0170235, -0.03470802], [0.03752398, -0.10173399, 0.02886607], [-0.03626865, 0.09749577, -0.03499316], [0.02678219, 0.04641763, 0.09719174], [-0.02679559, -0.04582613, -0.0958479], [-0.01739642, -0.03568201, 0.08314893], [-0.02581331, -0.06846048, -0.08492181], [0.08898641, -0.07713968, 0.01096007], [0.09105483, 0.06812324, 0.03741711], [-0.04319938, 0.10734858, -0.00614481], [0.06412555, -0.07813114, -0.0748596], [-0.00371519, -0.04972832, 0.11568391], [0.06402177, 0.10658265, 0.00667021], [-0.05144949, 0.08327546, 0.07544715], [0.01166035, 0.05485677, -0.11028711], [0.05857904, -0.0840322, -0.06568877], [-0.01231712, -0.05290473, 0.11195217], [0.0129485, 0.04667311, -0.11448582], [-0.04599177, -0.11184335, -0.01828015], [0.04583991, 0.11276324, 0.01621008], [-0.00805354, -0.04595067, 0.11543276], [0.01032232, 0.04951771, -0.11637393], [-0.00211166, -0.02864874, 0.12317141], [0.02880761, 0.12329306, -0.01239151], [-0.02114589, 0.07080068, -0.10043598], [-0.09246518, 0.01920544, 0.08554387], [-0.03907124, -0.00760385, -0.11964485], [-0.07333072, -0.0724797, 0.07350585], [0.00788688, -0.07232385, 0.10317916], [0.03338486, -0.07063894, -0.1009473]], "atomic quadrupole moments": [[0.17968013, -0.05062723, -0.09576521, 0.11697375, -0.02094556, -0.08391492], [0.16047332, 0.07184462, 0.02859596, 0.12542603, -0.0149034, -0.18906927], [0.13781171, 0.09285876, 0.02463728, 0.138765, -0.00215586, -0.16244899], [0.16184824, -0.13786545, -0.10975955, 0.02816371, 0.08976209, -0.05208869], [0.16492806, -0.12953783, -0.11668264, 0.02012169, 0.0968845, -0.04824542], [0.1470381, -0.01680984, 0.04289656, 0.02605804, 0.12547684, -0.18993467], [0.20022934, -0.06752081, -0.08652372, 0.02078, 0.14804968, -0.11370563], [0.07533897, 0.04396106, 0.09432745, 0.11965737, 0.13519799, -0.16966642], [0.09893387, -0.09713307, 0.12426552, 0.03484456, 0.09587922, -0.22319939], [0.19089958, 0.04609238, 0.05741734, 0.04067028, 0.02602674, -0.24831692], [-0.01389194, -0.03760928, 0.00119235, -0.02381433, 0.05355813, 0.0126996], [-0.02617859, 0.00265857, -0.03042541, -0.01512345, -0.04885206, 0.056604], [-0.00579605, 0.04708079, 0.05738183, 0.01017712, 0.00011802, -0.05158578], [0.00377826, -0.01953782, -0.00670658, -0.02705689, 0.0372549, 0.00292831], [-0.02133034, 0.01020866, -0.02738356, -0.0029411, -0.02713519, 0.0487139], [0.00920436, -0.01937497, -0.00426478, -0.02544943, 0.04262681, -0.00493959], [-0.02366909, 0.01591652, -0.02784238, -0.01055482, -0.02130962, 0.05151147], [-0.02147442, -0.00330768, -0.00787716, -0.01633788, -0.04323548, 0.02935158], [0.00729656, 0.0300313, 0.04029385, -0.00068547, 0.00405042, -0.04759041], [-0.00164472, 0.03121657, 0.04339951, -0.00295639, 0.00140715, -0.04175479], [-0.02209848, -0.00183389, -0.00999561, -0.01615127, -0.04226184, 0.03209409], [-0.01850928, 0.00488869, -0.00447515, -0.00679908, -0.01202429, 0.02298443], [-0.01150123, -0.00592505, -0.02976594, 0.00104962, -0.03194917, 0.04126716], [-0.03101474, 0.02156302, 0.05063153, 0.0031625, -0.01343758, -0.01961679], [-0.04077781, 0.01122031, 0.00978267, 0.01749766, -0.02363733, 0.03099514], [0.00932405, -0.00182151, -0.02316492, -0.04147865, 0.00240058, 0.01384087], [-0.03224741, -0.01542337, -0.01043642, 0.01793795, 0.00238145, 0.04268383], [-0.00030115, 0.00958789, -0.00154788, -0.02972798, -0.03162882, 0.00184903], [-0.0039789, 0.00262926, -0.02726466, 0.00800135, -0.03894366, 0.03124356], [-0.0191538, -0.01559075, -0.01201103, -0.01239399, 0.03205712, 0.03116483]], "number of molecular orbitals": 60, "number of electrons": 60, "number of unpaired electrons": 0, "orbital energies/eV": [-17.25452317, -16.87524339, -16.6234549, -16.2953064, -16.21917941, -15.7412054, -15.3251091, -14.99614285, -14.94572073, -14.8072553, -14.1776761, -14.03829315, -13.75974666, -13.62872185, -13.33966366, -13.1279508, -13.08543424, -12.90972724, -12.49970128, -12.32154613, -12.08094739, -11.96897281, -11.85438498, -11.78141351, -11.70834734, -11.47582263, -11.36827809, -11.27082949, -11.21268063, -11.14866973, 1.39874366, 1.67523865, 2.02813458, 2.30334181, 2.86388678, 3.12329567, 3.35616597, 3.44606886, 3.627219, 3.71297247, 4.25213895, 4.3507079, 4.40021232, 4.65146817, 4.86300152, 5.06183312, 5.17746298, 5.29899456, 5.67394957, 5.85254081, 5.94096666, 6.42844606, 6.81037898, 7.25345328, 7.62139951, 8.01635954, 8.11493905, 8.28305232, 8.76466545, 9.46814536], "fractional occupation": [2.0, 2.0, 2.0, 2.0, 2.0, 2.0, 2.0, 2.0, 2.0, 2.0, 2.0, 2.0, 2.0, 2.0, 2.0, 2.0, 2.0, 2.0, 2.0, 2.0, 2.0, 2.0, 2.0, 2.0, 2.0, 2.0, 2.0, 2.0, 2.0, 2.0, 0.0, 0.0, 0.0, 0.0, 0.0, 0.0, 0.0, 0.0, 0.0, 0.0, 0.0, 0.0, 0.0, 0.0, 0.0, 0.0, 0.0, 0.0, 0.0, 0.0, 0.0, 0.0, 0.0, 0.0, 0.0, 0.0, 0.0, 0.0, 0.0, 0.0], "program call": "xtb /home/svss/Project-DBcg-Debug/aqme2_20220329/End-to-End-workflows-final/example-3/QDESCP/mol_824_rdkit_conf_6/mol_824_rdkit_conf_6.xyz --pop --wbo --acc 0.2 --gfn 2 --chrg 0 --uhf 0 --etemp 300 --input /home/svss/Project-DBcg-Debug/aqme2_20220329/End-to-End-workflows-final/example-3/QDESCP/mol_824_rdkit_conf_6/mol_824_rdkit_conf_6_xtb.inp", "method": "GFN2-xTB", "xtb version": "6.3.3 (7355c4f)", "Dipole module/D": 0.051, "Total charge": 0, "Transition dipole module/D": NaN, "HOMO": -11.1487, "LUMO": 1.3987, "HOMO occupancy": 2.0, "LUMO occupancy": 0, "mulliken charges": [-0.08332, -0.03995, -0.04685, -0.0458, -0.05242, -0.0109, -0.05036, -0.04573, -0.04668, -0.05234, 0.02625, 0.02648, 0.0278, 0.02216, 0.02207, 0.02378, 0.02287, 0.0226, 0.02388, 0.02458, 0.02332, 0.02114, 0.0237, 0.02377, 0.02253, 0.02388, 0.02286, 0.02335, 0.02376, 0.02358], "cm5 charges": [-0.23375, -0.15265, -0.1574, -0.15625, -0.16083, -0.08019, -0.15764, -0.15467, -0.15557, -0.15968, 0.07753, 0.07777, 0.07858, 0.07744, 0.07688, 0.0787, 0.07806, 0.07793, 0.07952, 0.08083, 0.07933, 0.0805, 0.07953, 0.07823, 0.07728, 0.07793, 0.0772, 0.07755, 0.07955, 0.0783], "FUKUI+": [0.006, 0.001, -0.013, -0.02, -0.016, -0.024, -0.004, 0.003, 0.007, 0.012, -0.031, -0.028, -0.047, -0.02, -0.033, -0.055, -0.043, -0.049, -0.044, -0.048, -0.051, -0.058, -0.052, -0.047, -0.057, -0.066, -0.061, -0.056, -0.052, -0.053], "FUKUI-": [0.017, 0.002, 0.009, 0.009, 0.006, 0.001, 0.009, 0.008, 0.008, 0.007, -0.063, -0.043, -0.048, -0.075, -0.053, -0.067, -0.042, -0.032, -0.055, -0.053, -0.032, -0.028, -0.044, -0.041, -0.079, -0.068, -0.077, -0.077, -0.052, -0.048], "FUKUIrad": [0.012, 0.001, -0.002, -0.005, -0.005, -0.011, 0.002, 0.005, 0.008, 0.009, -0.047, -0.035, -0.048, -0.048, -0.043, -0.061, -0.042, -0.041, -0.049, -0.051, -0.041, -0.043, -0.048, -0.044, -0.068, -0.067, -0.069, -0.067, -0.052, -0.05], "s proportion": [1.008, 1.027, 1.032, 1.032, 1.034, 1.057, 1.033, 1.029, 1.03, 1.033, 0.974, 0.974, 0.972, 0.978, 0.978, 0.976, 0.977, 0.977, 0.976, 0.975, 0.977, 0.979, 0.976, 0.976, 0.977, 0.976, 0.977, 0.977, 0.976, 0.976], "p proportion": [3.076, 3.013, 3.015, 3.014, 3.018, 2.954, 3.018, 3.017, 3.017, 3.019, 0.0, 0.0, 0.0, 0.0, 0.0, 0.0, 0.0, 0.0, 0.0, 0.0, 0.0, 0.0, 0.0, 0.0, 0.0, 0.0, 0.0, 0.0, 0.0, 0.0], "d proportion": [0.0, 0.0, 0.0, 0.0, 0.0, 0.0, 0.0, 0.0, 0.0, 0.0, 0.0, 0.0, 0.0, 0.0, 0.0, 0.0, 0.0, 0.0, 0.0, 0.0, 0.0, 0.0, 0.0, 0.0, 0.0, 0.0, 0.0, 0.0, 0.0, 0.0], "Fermi-level/eV": -4.875, "Coordination numbers": [3.75, 3.799, 3.801, 3.8, 3.801, 3.879, 3.833, 3.825, 3.82, 3.829, 0.924, 0.924, 0.924, 0.924, 0.924, 0.924, 0.924, 0.924, 0.924, 0.924, 0.924, 0.923, 0.924, 0.924, 0.924, 0.924, 0.924, 0.924, 0.924, 0.924], "Dispersion coefficient C6": [22.471, 21.506, 21.613, 21.61, 21.662, 20.853, 21.592, 21.543, 21.56, 21.597, 2.571, 2.564, 2.577, 2.586, 2.604, 2.607, 2.597, 2.617, 2.59, 2.578, 2.591, 2.596, 2.578, 2.668, 2.637, 2.64, 2.65, 2.635, 2.583, 2.657], "Total dispersion C6": 6184.311201, "Total dispersion C8": 130826.601131, "Polarizability alpha": [6.761, 6.603, 6.619, 6.619, 6.627, 6.493, 6.611, 6.605, 6.608, 6.612, 2.507, 2.504, 2.511, 2.515, 2.523, 2.525, 2.52, 2.53, 2.517, 2.511, 2.517, 2.52, 2.511, 2.554, 2.54, 2.541, 2.546, 2.538, 2.513, 2.549], "Total polarizability alpha": 116.648518, "Wiberg matrix": [[0.0, 1.0197156732055594, 0.0, 0.0, 0.0, 0.0, 0.0, 0.0, 0.0, 0.0, 0.9876741674879572, 0.9878540844206343, 0.9875298435404113, 0.0, 0.0, 0.0, 0.0, 0.0, 0.0, 0.0, 0.0, 0.0, 0.0, 0.0, 0.0, 0.0, 0.0, 0.0, 0.0, 0.0], [1.0197156732055594, 0.0, 1.008880933660301, 0.0, 0.0, 0.0, 0.0, 0.0, 0.0, 0.0, 0.0, 0.0, 0.0, 0.9760695573931994, 0.9779709879213231, 0.0, 0.0, 0.0, 0.0, 0.0, 0.0, 0.0, 0.0, 0.0, 0.0, 0.0, 0.0, 0.0, 0.0, 0.0], [0.0, 1.008880933660301, 0.0, 1.0060558304152805, 0.0, 0.0, 0.0, 0.0, 0.0, 0.0, 0.0, 0.0, 0.0, 0.0, 0.0, 0.9768894985271498, 0.9772391383132488, 0.0, 0.0, 0.0, 0.0, 0.0, 0.0, 0.0, 0.0, 0.0, 0.0, 0.0, 0.0, 0.0], [0.0, 0.0, 1.0060558304152805, 0.0, 1.0074777206156884, 0.0, 0.0, 0.0, 0.0, 0.0, 0.0, 0.0, 0.0, 0.0, 0.0, 0.0, 0.0, 0.9773276134668891, 0.9763163213939166, 0.0, 0.0, 0.0, 0.0, 0.0, 0.0, 0.0, 0.0, 0.0, 0.0, 0.0], [0.0, 0.0, 0.0, 1.0074777206156884, 0.0, 0.9984120362288686, 0.0, 0.0, 0.0, 0.0, 0.0, 0.0, 0.0, 0.0, 0.0, 0.0, 0.0, 0.0, 0.0, 0.9738753673076218, 0.975643690353568, 0.0, 0.0, 0.0, 0.0, 0.0, 0.0, 0.0, 0.0, 0.0], [0.0, 0.0, 0.0, 0.0, 0.9984120362288686, 0.0, 0.9948250654154583, 0.0, 0.0, 0.9960361755887983, 0.0, 0.0, 0.0, 0.0, 0.0, 0.0, 0.0, 0.0, 0.0, 0.0, 0.0, 0.9685649400403711, 0.0, 0.0, 0.0, 0.0, 0.0, 0.0, 0.0, 0.0], [0.0, 0.0, 0.0, 0.0, 0.0, 0.9948250654154583, 0.0, 1.0073298867355907, 0.0, 0.0, 0.0, 0.0, 0.0, 0.0, 0.0, 0.0, 0.0, 0.0, 0.0, 0.0, 0.0, 0.0, 0.9782947228113228, 0.9799736905797646, 0.0, 0.0, 0.0, 0.0, 0.0, 0.0], [0.0, 0.0, 0.0, 0.0, 0.0, 0.0, 1.0073298867355907, 0.0, 1.0024331654205167, 0.0, 0.0, 0.0, 0.0, 0.0, 0.0, 0.0, 0.0, 0.0, 0.0, 0.0, 0.0, 0.0, 0.0, 0.0, 0.982751884059823, 0.9818679701860574, 0.0, 0.0, 0.0, 0.0], [0.0, 0.0, 0.0, 0.0, 0.0, 0.0, 0.0, 1.0024331654205167, 0.0, 1.0036095112747316, 0.0, 0.0, 0.0, 0.0, 0.0, 0.0, 0.0, 0.0, 0.0, 0.0, 0.0, 0.0, 0.0, 0.0, 0.0, 0.0, 0.9839067565847142, 0.9835123024334634, 0.0, 0.0], [0.0, 0.0, 0.0, 0.0, 0.0, 0.9960361755887983, 0.0, 0.0, 1.0036095112747316, 0.0, 0.0, 0.0, 0.0, 0.0, 0.0, 0.0, 0.0, 0.0, 0.0, 0.0, 0.0, 0.0, 0.0, 0.0, 0.0, 0.0, 0.0, 0.0, 0.9795577862937379, 0.9805070646330829], [0.9876741674879572, 0.0, 0.0, 0.0, 0.0, 0.0, 0.0, 0.0, 0.0, 0.0, 0.0, 0.0, 0.0, 0.0, 0.0, 0.0, 0.0, 0.0, 0.0, 0.0, 0.0, 0.0, 0.0, 0.0, 0.0, 0.0, 0.0, 0.0, 0.0, 0.0], [0.9878540844206343, 0.0, 0.0, 0.0, 0.0, 0.0, 0.0, 0.0, 0.0, 0.0, 0.0, 0.0, 0.0, 0.0, 0.0, 0.0, 0.0, 0.0, 0.0, 0.0, 0.0, 0.0, 0.0, 0.0, 0.0, 0.0, 0.0, 0.0, 0.0, 0.0], [0.9875298435404113, 0.0, 0.0, 0.0, 0.0, 0.0, 0.0, 0.0, 0.0, 0.0, 0.0, 0.0, 0.0, 0.0, 0.0, 0.0, 0.0, 0.0, 0.0, 0.0, 0.0, 0.0, 0.0, 0.0, 0.0, 0.0, 0.0, 0.0, 0.0, 0.0], [0.0, 0.9760695573931994, 0.0, 0.0, 0.0, 0.0, 0.0, 0.0, 0.0, 0.0, 0.0, 0.0, 0.0, 0.0, 0.0, 0.0, 0.0, 0.0, 0.0, 0.0, 0.0, 0.0, 0.0, 0.0, 0.0, 0.0, 0.0, 0.0, 0.0, 0.0], [0.0, 0.9779709879213231, 0.0, 0.0, 0.0, 0.0, 0.0, 0.0, 0.0, 0.0, 0.0, 0.0, 0.0, 0.0, 0.0, 0.0, 0.0, 0.0, 0.0, 0.0, 0.0, 0.0, 0.0, 0.0, 0.0, 0.0, 0.0, 0.0, 0.0, 0.0], [0.0, 0.0, 0.9768894985271498, 0.0, 0.0, 0.0, 0.0, 0.0, 0.0, 0.0, 0.0, 0.0, 0.0, 0.0, 0.0, 0.0, 0.0, 0.0, 0.0, 0.0, 0.0, 0.0, 0.0, 0.0, 0.0, 0.0, 0.0, 0.0, 0.0, 0.0], [0.0, 0.0, 0.9772391383132488, 0.0, 0.0, 0.0, 0.0, 0.0, 0.0, 0.0, 0.0, 0.0, 0.0, 0.0, 0.0, 0.0, 0.0, 0.0, 0.0, 0.0, 0.0, 0.0, 0.0, 0.0, 0.0, 0.0, 0.0, 0.0, 0.0, 0.0], [0.0, 0.0, 0.0, 0.9773276134668891, 0.0, 0.0, 0.0, 0.0, 0.0, 0.0, 0.0, 0.0, 0.0, 0.0, 0.0, 0.0, 0.0, 0.0, 0.0, 0.0, 0.0, 0.0, 0.0, 0.0, 0.0, 0.0, 0.0, 0.0, 0.0, 0.0], [0.0, 0.0, 0.0, 0.9763163213939166, 0.0, 0.0, 0.0, 0.0, 0.0, 0.0, 0.0, 0.0, 0.0, 0.0, 0.0, 0.0, 0.0, 0.0, 0.0, 0.0, 0.0, 0.0, 0.0, 0.0, 0.0, 0.0, 0.0, 0.0, 0.0, 0.0], [0.0, 0.0, 0.0, 0.0, 0.9738753673076218, 0.0, 0.0, 0.0, 0.0, 0.0, 0.0, 0.0, 0.0, 0.0, 0.0, 0.0, 0.0, 0.0, 0.0, 0.0, 0.0, 0.0, 0.0, 0.0, 0.0, 0.0, 0.0, 0.0, 0.0, 0.0], [0.0, 0.0, 0.0, 0.0, 0.975643690353568, 0.0, 0.0, 0.0, 0.0, 0.0, 0.0, 0.0, 0.0, 0.0, 0.0, 0.0, 0.0, 0.0, 0.0, 0.0, 0.0, 0.0, 0.0, 0.0, 0.0, 0.0, 0.0, 0.0, 0.0, 0.0], [0.0, 0.0, 0.0, 0.0, 0.0, 0.9685649400403711, 0.0, 0.0, 0.0, 0.0, 0.0, 0.0, 0.0, 0.0, 0.0, 0.0, 0.0, 0.0, 0.0, 0.0, 0.0, 0.0, 0.0, 0.0, 0.0, 0.0, 0.0, 0.0, 0.0, 0.0], [0.0, 0.0, 0.0, 0.0, 0.0, 0.0, 0.9782947228113228, 0.0, 0.0, 0.0, 0.0, 0.0, 0.0, 0.0, 0.0, 0.0, 0.0, 0.0, 0.0, 0.0, 0.0, 0.0, 0.0, 0.0, 0.0, 0.0, 0.0, 0.0, 0.0, 0.0], [0.0, 0.0, 0.0, 0.0, 0.0, 0.0, 0.9799736905797646, 0.0, 0.0, 0.0, 0.0, 0.0, 0.0, 0.0, 0.0, 0.0, 0.0, 0.0, 0.0, 0.0, 0.0, 0.0, 0.0, 0.0, 0.0, 0.0, 0.0, 0.0, 0.0, 0.0], [0.0, 0.0, 0.0, 0.0, 0.0, 0.0, 0.0, 0.982751884059823, 0.0, 0.0, 0.0, 0.0, 0.0, 0.0, 0.0, 0.0, 0.0, 0.0, 0.0, 0.0, 0.0, 0.0, 0.0, 0.0, 0.0, 0.0, 0.0, 0.0, 0.0, 0.0], [0.0, 0.0, 0.0, 0.0, 0.0, 0.0, 0.0, 0.9818679701860574, 0.0, 0.0, 0.0, 0.0, 0.0, 0.0, 0.0, 0.0, 0.0, 0.0, 0.0, 0.0, 0.0, 0.0, 0.0, 0.0, 0.0, 0.0, 0.0, 0.0, 0.0, 0.0], [0.0, 0.0, 0.0, 0.0, 0.0, 0.0, 0.0, 0.0, 0.9839067565847142, 0.0, 0.0, 0.0, 0.0, 0.0, 0.0, 0.0, 0.0, 0.0, 0.0, 0.0, 0.0, 0.0, 0.0, 0.0, 0.0, 0.0, 0.0, 0.0, 0.0, 0.0], [0.0, 0.0, 0.0, 0.0, 0.0, 0.0, 0.0, 0.0, 0.9835123024334634, 0.0, 0.0, 0.0, 0.0, 0.0, 0.0, 0.0, 0.0, 0.0, 0.0, 0.0, 0.0, 0.0, 0.0, 0.0, 0.0, 0.0, 0.0, 0.0, 0.0, 0.0], [0.0, 0.0, 0.0, 0.0, 0.0, 0.0, 0.0, 0.0, 0.0, 0.9795577862937379, 0.0, 0.0, 0.0, 0.0, 0.0, 0.0, 0.0, 0.0, 0.0, 0.0, 0.0, 0.0, 0.0, 0.0, 0.0, 0.0, 0.0, 0.0, 0.0, 0.0], [0.0, 0.0, 0.0, 0.0, 0.0, 0.0, 0.0, 0.0, 0.0, 0.9805070646330829, 0.0, 0.0, 0.0, 0.0, 0.0, 0.0, 0.0, 0.0, 0.0, 0.0, 0.0, 0.0, 0.0, 0.0, 0.0, 0.0, 0.0, 0.0, 0.0, 0.0]], "Born radii": [], "Atomic SASAs": [], "Solvent H bonds": [], "Total SASA": NaN, "Total FOD": 0.0, "FOD": [0.0, 0.0, 0.0, 0.0, 0.0, 0.0, 0.0, 0.0, 0.0, 0.0, 0.0, 0.0, 0.0, 0.0, 0.0, 0.0, 0.0, 0.0, 0.0, 0.0, 0.0, 0.0, 0.0, 0.0, 0.0, 0.0, 0.0, 0.0, 0.0, 0.0], "FOD s proportion": [0.0, 0.0, 0.0, 0.0, 0.0, 0.0, 0.0, 0.0, 0.0, 0.0, 0.0, 0.0, 0.0, 0.0, 0.0, 0.0, 0.0, 0.0, 0.0, 0.0, 0.0, 0.0, 0.0, 0.0, 0.0, 0.0, 0.0, 0.0, 0.0, 0.0], "FOD p proportion": [0.0, 0.0, 0.0, 0.0, 0.0, 0.0, 0.0, 0.0, 0.0, 0.0, 0.0, 0.0, 0.0, 0.0, 0.0, 0.0, 0.0, 0.0, 0.0, 0.0, 0.0, 0.0, 0.0, 0.0, 0.0, 0.0, 0.0, 0.0, 0.0, 0.0], "FOD d proportion": [0.0, 0.0, 0.0, 0.0, 0.0, 0.0, 0.0, 0.0, 0.0, 0.0, 0.0, 0.0, 0.0, 0.0, 0.0, 0.0, 0.0, 0.0, 0.0, 0.0, 0.0, 0.0, 0.0, 0.0, 0.0, 0.0, 0.0, 0.0, 0.0, 0.0], "coordinates": [["4.56910", "0.12540", "0.80840"], ["3.17280", "0.39880", "0.27000"], ["2.35030", "-0.88690", "0.17660"], ["0.97620", "-0.68720", "-0.47080"], ["0.02930", "0.17640", "0.36760"], ["-1.35190", "0.32500", "-0.27560"], ["-2.28250", "1.22010", "0.54050"], ["-3.65800", "0.92440", "-0.04040"], ["-3.60900", "-0.53500", "-0.48990"], ["-2.15090", "-0.97490", "-0.36750"], ["5.11420", "-0.56310", "0.15470"], ["4.52390", "-0.31400", "1.81000"], ["5.14000", "1.05700", "0.87130"], ["2.67980", "1.12050", "0.92970"], ["3.25400", "0.86250", "-0.71980"], ["2.90430", "-1.62210", "-0.42050"], ["2.22660", "-1.32190", "1.17590"], ["1.09990", "-0.24310", "-1.46590"], ["0.53020", "-1.67760", "-0.61970"], ["0.45780", "1.17690", "0.49610"], ["-0.06880", "-0.25750", "1.37050"], ["-1.24060", "0.75100", "-1.28210"], ["-2.25830", "0.94650", "1.60250"], ["-2.02180", "2.27960", "0.45690"], ["-3.84600", "1.57000", "-0.90650"], ["-4.45610", "1.10590", "0.68580"], ["-3.95920", "-0.62360", "-1.52430"], ["-4.25580", "-1.16600", "0.12900"], ["-2.02410", "-1.57500", "0.54200"], ["-1.84520", "-1.59210", "-1.21820"]], "bond_dist": [[0.0, 1.5212744032553756, 2.519324506688251, 3.89943608871847, 4.561435046123094, 6.0227184194514685, 6.943670575423347, 8.309274146999845, 8.306806285209738, 6.9102677878646634, 1.0947556576697837, 1.094677103076519, 1.0944230352107909, 2.138782875843174, 2.146671763451506, 2.7084147577503708, 2.7779560453686085, 4.1645625676654205, 4.647901872888454, 4.255111188911519, 4.687503091198981, 6.2059793505940695, 6.922296640566626, 6.942916728580287, 8.708711683136604, 9.079132450295017, 8.87324017369078, 8.944727962884059, 6.814148175670969, 6.94263338366646], [1.5212744032553756, 0.0, 1.5291351477223982, 2.5599281630545807, 3.1528684986849673, 4.558073703879743, 5.5234049308375, 6.858019550861604, 6.887832873262823, 5.534910986637455, 2.1696957528649037, 2.169136936663981, 2.1597835007240884, 1.0950360633330758, 1.0960452408545918, 2.1524217314457683, 2.162581267837119, 2.778902450608873, 3.4765410697991186, 2.833334752548664, 3.485656394425589, 4.691605142166165, 5.61893039198743, 5.52776712696908, 7.212448622347338, 7.67287398958174, 7.424973956183281, 7.59292947418847, 5.565756017829024, 5.599888039059352], [2.519324506688251, 1.5291351477223982, 0.0, 1.5320436220943578, 2.560103296744098, 3.92166690196911, 5.102421782839987, 6.279137327690804, 6.006772207267394, 4.534819759373023, 2.7828886538990387, 2.778623207633594, 3.470415161043416, 2.1691898533784455, 2.16347105596539, 1.0972526828401925, 1.0968715421597919, 2.1623563189261845, 2.138238571815596, 2.81831633071946, 2.7701238925362164, 4.207741069742766, 5.160788731385931, 5.405603458449389, 6.753043529402132, 7.11038799503937, 6.540044185630553, 6.612164530620816, 4.443239148414138, 4.477163647891374], [3.89943608871847, 2.5599281630545807, 1.5320436220943578, 0.0, 1.531450008978419, 2.5461149797289204, 3.908918862038454, 4.925272414801033, 4.58776510841608, 3.1420051861828617, 4.186847866832517, 4.234088115521453, 4.709638679346856, 2.8515666746544786, 2.7662147295537274, 2.143393969852486, 2.1628604069611153, 1.0966998267529726, 1.0963481974263467, 2.1629847387348806, 2.160336265492018, 2.7642049797364887, 4.1748699177339645, 4.318626347578591, 5.342134327214171, 5.836335704875106, 5.046987256770121, 5.28798954991403, 3.2887311793456147, 3.0557730167667883], [4.561435046123094, 3.1528684986849673, 2.560103296744098, 1.531450008978419, 0.0, 1.5308499730541856, 2.5423656975344833, 3.784461558795386, 3.805078593143642, 2.572768108477715, 5.142800275141939, 4.745781187539096, 5.2104150065038, 2.86922140484139, 3.471579188208156, 3.481569884405597, 2.7796364996164518, 2.1642289296652515, 2.1593929934127325, 1.0959583705597582, 1.0971331869923544, 2.1597039750854745, 2.7112996477704194, 2.9391216272893503, 4.310847000300521, 4.591735472563724, 4.48635908727779, 4.4967821528288425, 2.7044905028489192, 3.025905507447316], [6.0227184194514685, 4.558073703879743, 3.92166690196911, 2.5461149797289204, 1.5308499730541856, 0.0, 1.527494543361776, 2.3943050369574883, 2.4248762648844577, 1.5285897487553683, 6.540973085864214, 6.267621079803724, 6.632945742277709, 4.282542846253848, 4.658383271050162, 4.682673687115087, 4.198189384722895, 2.784039320843009, 2.7696772339028968, 2.143890993031129, 2.1668634174769763, 1.0985927088780445, 2.176024544898334, 2.192209711683624, 2.858075334906342, 3.3421777944926867, 3.0425494145535255, 3.289288277120143, 2.174930481647632, 2.192512727443104], [6.943670575423347, 5.5234049308375, 5.102421782839987, 3.908918862038454, 2.5423656975344833, 1.527494543361776, 0.0, 1.5221312525534711, 2.4293419726337415, 2.3790350060476197, 7.618386625132648, 7.09169754149174, 7.431657722204379, 4.978535737543721, 5.689381873279381, 5.9920377235127615, 5.215120321718378, 4.196096395460906, 4.201667599894119, 2.7410001258664694, 2.7879507617603294, 2.15115810204643, 1.0969442100672213, 1.0943005528647054, 2.158881946749289, 2.181442341662965, 3.2363485010115953, 3.123574610922556, 2.8070192054918324, 3.345553141111347], [8.309274146999845, 6.858019550861604, 6.279137327690804, 4.925272414801033, 3.784461558795386, 2.3943050369574883, 1.5221312525534711, 0.0, 1.5278414871968884, 2.4465660240426783, 8.899562522955833, 8.47945177060404, 8.846105564032118, 6.414612853477597, 6.9455856462936225, 7.049320502715138, 6.415120150082928, 5.10222685795134, 4.964575684789184, 4.1582926953258115, 4.033594310289521, 2.7231799811984514, 2.1584181499422206, 2.181977261568049, 1.0964819059154602, 1.094199387680326, 2.16540634754773, 2.1807873257151873, 3.0423378066874824, 3.3175637039852], [8.306806285209738, 6.887832873262823, 6.006772207267394, 4.58776510841608, 3.805078593143642, 2.4248762648844577, 2.4293419726337415, 1.5278414871968884, 0.0, 1.52792322451097, 8.747029039050917, 8.454729056569464, 8.996239794491919, 6.65619635001853, 7.00761223670374, 6.603762538129305, 6.119503951301935, 4.817833623113193, 4.295970139561028, 4.521245387058747, 4.008878951776918, 2.8090381627881102, 2.8978216818845155, 3.367136356015301, 2.158876920993876, 2.1891554787177636, 1.0956611519991022, 1.0952389921838974, 2.1583154588706446, 2.181483839041674], [6.9102677878646634, 5.534910986637455, 4.534819759373023, 3.1420051861828617, 2.572768108477715, 1.5285897487553683, 2.3790350060476197, 2.4465660240426783, 1.52792322451097, 0.0, 7.2954746308927705, 7.0520387194059, 7.669450166732944, 5.423014981539328, 5.7195365249292704, 5.096736591192447, 4.654567521263387, 3.5085202635869153, 2.7831078563361498, 3.490181068368803, 2.8054317261341435, 2.1549640507442347, 2.753944937721159, 3.359772673857563, 3.104899518502974, 3.2791945001783596, 2.175211902321243, 2.1710908479379665, 1.0969906562956677, 1.0945678690697989], [1.0947556576697837, 2.1696957528649037, 2.7828886538990387, 4.186847866832517, 5.142800275141939, 6.540973085864214, 7.618386625132648, 8.899562522955833, 8.747029039050917, 7.2954746308927705, 0.0, 1.7749712645561335, 1.7716955748660657, 3.059646600507974, 2.501485488664686, 2.517140053711752, 3.1554493562724155, 4.340892632857901, 4.780675852847587, 4.982591185317134, 5.332452531434294, 6.646407758330811, 7.663470052789402, 7.6873118923327155, 9.271539521028858, 9.729248187809786, 9.227637227914846, 9.38941153108117, 7.220060234513283, 7.167771185661552], [1.094677103076519, 2.169136936663981, 2.778623207633594, 4.234088115521453, 4.745781187539096, 6.267621079803724, 7.09169754149174, 8.47945177060404, 8.454729056569464, 7.0520387194059, 1.7749712645561335, 0.0, 1.772111142112706, 2.496682428744193, 3.0654014908328078, 3.0511243861894584, 2.5875727062248903, 4.73923238721209, 4.869546872143239, 4.525735877180638, 4.614027068624544, 6.627576303596965, 6.901460232443567, 7.169646369243046, 8.999114081952737, 9.160804639877439, 9.12010933377446, 8.979688028545313, 6.787801485017074, 7.167214916548827], [1.0944230352107909, 2.1597835007240884, 3.470415161043416, 4.709638679346856, 5.2104150065038, 6.632945742277709, 7.431657722204379, 8.846105564032118, 8.996239794491919, 7.669450166732944, 1.7716955748660657, 1.772111142112706, 0.0, 2.4617121785456555, 2.47516170380846, 3.720843794087572, 3.7735720385332514, 4.845118353559591, 5.563395923354728, 4.698738968063665, 5.3952486810155476, 6.741129276315652, 7.435166883130465, 7.277214945293288, 9.174526573071768, 9.598017330157306, 9.558177460164673, 9.683687104094183, 7.6393842225666315, 7.757368116829316], [2.138782875843174, 1.0950360633330758, 2.1691898533784455, 2.8515666746544786, 2.86922140484139, 4.282542846253848, 4.978535737543721, 6.414612853477597, 6.65619635001853, 5.423014981539328, 3.059646600507974, 2.496682428744193, 2.4617121785456555, 0.0, 1.7655367144299208, 3.0651745545727085, 2.496261693012173, 3.1771667142282607, 3.853671512986025, 2.2646134151329234, 3.1061214721900368, 4.516428417455545, 4.986759213156376, 4.865397744275385, 6.7940964321975885, 7.140081874880709, 7.289740860277544, 7.346546814660613, 5.435320298749652, 5.69625299385482], [2.146671763451506, 1.0960452408545918, 2.16347105596539, 2.7662147295537274, 3.471579188208156, 4.658383271050162, 5.689381873279381, 6.9455856462936225, 7.00761223670374, 5.7195365249292704, 2.501485488664686, 3.0654014908328078, 2.47516170380846, 1.7655367144299208, 0.0, 2.5268770725937584, 3.0693374871460453, 2.533606792696925, 3.7257501875461267, 3.065288666667464, 4.082248636474755, 4.53100901566086, 5.982105363498707, 5.58809994005118, 7.137605560690504, 7.840956378529344, 7.4085064419220155, 7.82511148355089, 5.949107924722832, 5.681135833616373], [2.7084147577503708, 2.1524217314457683, 1.0972526828401925, 2.143393969852486, 3.481569884405597, 4.682673687115087, 5.9920377235127615, 7.049320502715138, 6.603762538129305, 5.096736591192447, 2.517140053711752, 3.0511243861894584, 3.720843794087572, 3.0651745545727085, 2.5268770725937584, 0.0, 1.7600824668179615, 2.5000723029544565, 2.3830886890755876, 3.828827341367067, 3.7294956455263493, 4.853262220403921, 6.110865218608573, 6.345041753999732, 7.482796836744934, 7.927255000944527, 7.023034169075358, 7.195624328020467, 5.0217279117849465, 4.816116229909739], [2.7779560453686085, 2.162581267837119, 1.0968715421597919, 2.1628604069611153, 2.7796364996164518, 4.198189384722895, 5.215120321718378, 6.415120150082928, 6.119503951301935, 4.654567521263387, 3.1554493562724155, 2.5875727062248903, 3.7735720385332514, 2.496261693012173, 3.0693374871460453, 1.7600824668179615, 0.0, 3.067958534595929, 2.4956912489328484, 3.136045745839815, 2.5376520013587363, 4.728652477186286, 5.044001797184453, 5.615751580153809, 7.041018827556137, 7.126913086322858, 6.785486317869928, 6.568242853305593, 4.305152646538796, 4.731202605046628], [4.1645625676654205, 2.778902450608873, 2.1623563189261845, 1.0966998267529726, 2.1642289296652515, 2.784039320843009, 4.196096395460906, 5.10222685795134, 4.817833623113193, 3.5085202635869153, 4.340892632857901, 4.73923238721209, 4.845118353559591, 3.1771667142282607, 2.533606792696925, 2.5000723029544565, 3.067958534595929, 0.0, 1.760228047725635, 2.5056209629550916, 3.067773135354047, 2.5495014218470247, 4.701886213000055, 4.450414140279531, 5.297375461490341, 6.108907421953619, 5.073724826988551, 5.663830233154945, 3.9452498045117497, 3.2488105977418873], [4.647901872888454, 3.4765410697991186, 2.138238571815596, 1.0963481974263467, 2.1593929934127325, 2.7696772339028968, 4.201667599894119, 4.964575684789184, 4.295970139561028, 2.7831078563361498, 4.780675852847587, 4.869546872143239, 5.563395923354728, 3.853671512986025, 3.7257501875461267, 2.3830886890755876, 2.4956912489328484, 1.760228047725635, 0.0, 3.065684532041743, 2.517216925495298, 3.0777596332397366, 4.427166802820964, 4.830238441319434, 5.457131704476263, 5.8579339523419005, 4.699354159881972, 4.871147939654471, 2.8079391268330585, 2.451129874160078], [4.255111188911519, 2.833334752548664, 2.81831633071946, 2.1629847387348806, 1.0959583705597582, 2.143890993031129, 2.7410001258664694, 4.1582926953258115, 4.521245387058747, 3.490181068368803, 4.982591185317134, 4.525735877180638, 4.698738968063665, 2.2646134151329234, 3.065288666667464, 3.828827341367067, 3.136045745839815, 2.5056209629550916, 3.065684532041743, 0.0, 1.7605073927706185, 2.4955858250118346, 2.9418368972463447, 2.714019176424514, 4.543622872774543, 4.918072823779656, 5.180126003293743, 5.276548851285279, 3.706060985736743, 3.9887334443404465], [4.687503091198981, 3.485656394425589, 2.7701238925362164, 2.160336265492018, 1.0971331869923544, 2.1668634174769763, 2.7879507617603294, 4.033594310289521, 4.008878951776918, 2.8054317261341435, 5.332452531434294, 4.614027068624544, 5.3952486810155476, 3.1061214721900368, 4.082248636474755, 3.7294956455263493, 2.5376520013587363, 3.067773135354047, 2.517216925495298, 1.7605073927706185, 0.0, 3.0702563818026665, 2.509452181253909, 3.3295270489965985, 4.774067981292265, 4.645005375669655, 4.863034897057598, 4.460679712779208, 2.4990831498771704, 3.4114691571227787], [6.2059793505940695, 4.691605142166165, 4.207741069742766, 2.7642049797364887, 2.1597039750854745, 1.0985927088780445, 2.15115810204643, 2.7231799811984514, 2.8090381627881102, 2.1549640507442347, 6.646407758330811, 6.627576303596965, 6.741129276315652, 4.516428417455545, 4.53100901566086, 4.853262220403921, 4.728652477186286, 2.5495014218470247, 3.0777596332397366, 2.4955858250118346, 3.0702563818026665, 0.0, 3.0651020700785803, 2.443565509660013, 2.7567998694138103, 3.7865584202544667, 3.0559731608769085, 3.8415521927991554, 3.0580204479368676, 2.4206903932556103], [6.922296640566626, 5.61893039198743, 5.160788731385931, 4.1748699177339645, 2.7112996477704194, 2.176024544898334, 1.0969442100672213, 2.1584181499422206, 2.8978216818845155, 2.753944937721159, 7.663470052789402, 6.901460232443567, 7.435166883130465, 4.986759213156376, 5.982105363498707, 6.110865218608573, 5.044001797184453, 4.701886213000055, 4.427166802820964, 2.9418368972463447, 2.509452181253909, 3.0651020700785803, 0.0, 1.773552147527667, 3.0339124146883343, 2.3866445252697353, 3.890392404372598, 3.2594270585487872, 2.745445708805767, 3.817262115705444], [6.942916728580287, 5.52776712696908, 5.405603458449389, 4.318626347578591, 2.9391216272893503, 2.192209711683624, 1.0943005528647054, 2.181977261568049, 3.367136356015301, 3.359772673857563, 7.6873118923327155, 7.169646369243046, 7.277214945293288, 4.865397744275385, 5.58809994005118, 6.345041753999732, 5.615751580153809, 4.450414140279531, 4.830238441319434, 2.714019176424514, 3.3295270489965985, 2.443565509660013, 1.773552147527667, 0.0, 2.3853924960056365, 2.7121547503783776, 4.013382917190933, 4.1195186332871465, 3.8555399699652964, 4.2222279024230795], [8.708711683136604, 7.212448622347338, 6.753043529402132, 5.342134327214171, 4.310847000300521, 2.858075334906342, 2.158881946749289, 1.0964819059154602, 2.158876920993876, 3.104899518502974, 9.271539521028858, 8.999114081952737, 9.174526573071768, 6.7940964321975885, 7.137605560690504, 7.482796836744934, 7.041018827556137, 5.297375461490341, 5.457131704476263, 4.543622872774543, 4.774067981292265, 2.7567998694138103, 3.0339124146883343, 2.3853924960056365, 0.0, 1.7672096961028705, 2.2817475846377047, 2.9539621341513502, 3.912607424723314, 3.754894664301517], [9.079132450295017, 7.67287398958174, 7.11038799503937, 5.836335704875106, 4.591735472563724, 3.3421777944926867, 2.181442341662965, 1.094199387680326, 2.1891554787177636, 3.2791945001783596, 9.729248187809786, 9.160804639877439, 9.598017330157306, 7.140081874880709, 7.840956378529344, 7.927255000944527, 7.126913086322858, 6.108907421953619, 5.8579339523419005, 4.918072823779656, 4.645005375669655, 3.7865584202544667, 2.3866445252697353, 2.7121547503783776, 1.7672096961028705, 0.0, 2.850021380621556, 2.347695878941734, 3.6225028985495653, 4.2096578020071895], [8.87324017369078, 7.424973956183281, 6.540044185630553, 5.046987256770121, 4.48635908727779, 3.0425494145535255, 3.2363485010115953, 2.16540634754773, 1.0956611519991022, 2.175211902321243, 9.227637227914846, 9.12010933377446, 9.558177460164673, 7.289740860277544, 7.4085064419220155, 7.023034169075358, 6.785486317869928, 5.073724826988551, 4.699354159881972, 5.180126003293743, 4.863034897057598, 3.0559731608769085, 3.890392404372598, 4.013382917190933, 2.2817475846377047, 2.850021380621556, 0.0, 1.7650977904920735, 2.9865313760280507, 2.34535401592169], [8.944727962884059, 7.59292947418847, 6.612164530620816, 5.28798954991403, 4.4967821528288425, 3.289288277120143, 3.123574610922556, 2.1807873257151873, 1.0952389921838974, 2.1710908479379665, 9.38941153108117, 8.979688028545313, 9.683687104094183, 7.346546814660613, 7.82511148355089, 7.195624328020467, 6.568242853305593, 5.663830233154945, 4.871147939654471, 5.276548851285279, 4.460679712779208, 3.8415521927991554, 3.2594270585487872, 4.1195186332871465, 2.9539621341513502, 2.347695878941734, 1.7650977904920735, 0.0, 2.3061515323152557, 2.7941906538387817], [6.814148175670969, 5.565756017829024, 4.443239148414138, 3.2887311793456147, 2.7044905028489192, 2.174930481647632, 2.8070192054918324, 3.0423378066874824, 2.1583154588706446, 1.0969906562956677, 7.220060234513283, 6.787801485017074, 7.6393842225666315, 5.435320298749652, 5.949107924722832, 5.0217279117849465, 4.305152646538796, 3.9452498045117497, 2.8079391268330585, 3.706060985736743, 2.4990831498771704, 3.0580204479368676, 2.745445708805767, 3.8555399699652964, 3.912607424723314, 3.6225028985495653, 2.9865313760280507, 2.3061515323152557, 0.0, 1.7693506322942323], [6.94263338366646, 5.599888039059352, 4.477163647891374, 3.0557730167667883, 3.025905507447316, 2.192512727443104, 3.345553141111347, 3.3175637039852, 2.181483839041674, 1.0945678690697989, 7.167771185661552, 7.167214916548827, 7.757368116829316, 5.69625299385482, 5.681135833616373, 4.816116229909739, 4.731202605046628, 3.2488105977418873, 2.451129874160078, 3.9887334443404465, 3.4114691571227787, 2.4206903932556103, 3.817262115705444, 4.2222279024230795, 3.754894664301517, 4.2096578020071895, 2.34535401592169, 2.7941906538387817, 1.7693506322942323, 0.0]]}