{"total energy": -30.38103784, "HOMO-LUMO gap/eV": 11.97028865, "electronic energy": -30.7711559, "dipole": [-0.50913993, -0.41625632, -0.19211763], "partial charges": [-0.09984095, -0.05192456, -0.05945886, -0.0583652, -0.05712222, -0.06348984, 0.12051692, -0.1158553, -0.44959695, 0.0326708, 0.03175693, 0.03029511, 0.02758187, 0.02713179, 0.03189026, 0.03342725, 0.02680205, 0.02860596, 0.02709296, 0.04725872, 0.03252171, 0.04975112, 0.01070333, 0.03630017, 0.03180089, 0.0474459, 0.28210014], "atomic dipole moments": [[-0.0566181, -0.06289016, 0.0544585], [-0.03997453, 0.08492197, -0.05621206], [0.03997344, -0.08891559, 0.05727343], [-0.04161699, 0.08823483, -0.0489356], [0.04468621, -0.0364809, -0.10728694], [-0.07414506, 0.00937593, 0.09331712], [0.00418039, 0.17902448, -0.00690036], [0.04618031, 0.00270431, 0.0939877], [-0.10471823, -0.20310033, -0.06790117], [-0.00823373, 0.11837665, 0.0424072], [-0.03366314, -0.00108551, -0.1211826], [0.11951044, -0.03413599, 0.00621552], [0.04285727, 0.00086257, 0.11564439], [0.01799238, -0.11437949, -0.04231376], [-0.03742738, 0.00055478, -0.11861924], [-0.01481672, 0.11712207, 0.04113567], [0.01058965, -0.11536453, -0.04253244], [0.04218865, -0.00696811, 0.11401299], [-0.05249607, -0.07385566, 0.08073098], [-0.0104091, 0.11620883, 0.05250248], [0.02071332, -0.11083289, -0.05310843], [0.05189526, 0.08742692, -0.07647418], [-0.05117853, -0.06940845, 0.08193682], [0.01473042, -0.11735863, -0.05004652], [-0.12124734, 0.02427219, 0.00962637], [0.03838068, 0.0877666, -0.08622125], [-0.07813077, 0.00085924, 0.00599856]], "atomic quadrupole moments": [[0.00644923, 0.11852241, 0.01484433, -0.10707536, -0.12409788, -0.02129355], [0.18354057, 0.03804186, -0.06163335, -0.09307431, -0.13361203, -0.12190723], [0.19568803, 0.02509869, -0.06358138, -0.082044, -0.1370662, -0.13210665], [0.18441923, 0.01606656, -0.06564994, -0.10627583, -0.11003179, -0.1187693], [0.16015971, -0.07784993, -0.21350246, 0.10047784, 0.00451428, 0.05334275], [0.1874786, -0.05322691, -0.22974784, 0.08024592, 0.03381624, 0.04226924], [-0.07146853, -0.12041899, 0.1815443, 0.06577503, 0.23819698, -0.11007578], [-0.03298061, 0.00723496, -0.11861844, 0.14450421, 0.05228502, 0.15159905], [-0.05047434, -0.01579462, 0.13520974, -0.00244222, 0.09638359, -0.0847354], [-0.0433227, -0.01200552, 0.06027309, -0.01766771, 0.04085951, -0.01695039], [-0.02743577, 0.01475559, -0.03797807, 0.03994205, 0.00349899, 0.06541384], [0.07105845, -0.03449375, -0.02650134, 0.00556701, -0.01550671, -0.04455712], [-0.0136776, 0.00794529, -0.03728914, 0.01814919, 0.00846207, 0.05096674], [-0.02081765, 0.00066686, 0.04021097, -0.00877732, 0.03580389, -0.01939332], [-0.01167932, 0.00765326, -0.03509493, 0.02381252, 0.00969618, 0.04677425], [-0.02212336, -0.00332491, 0.03848816, -0.00795953, 0.03705975, -0.01636481], [-0.02389026, 0.00400607, 0.0358633, -0.0124449, 0.04096628, -0.01197304], [-0.0031485, 0.01035245, -0.04443633, 0.02493015, 0.00451661, 0.04758484], [0.00193049, 0.03038504, 0.00247907, -0.01259316, -0.04365564, -0.00440956], [-0.02395187, -0.00557073, 0.04924754, 0.0119892, 0.01916007, -0.02529567], [-0.02748522, -0.01434987, 0.05080992, 0.00978716, 0.03330126, -0.0233247], [-0.01331663, 0.0301926, 0.01194523, -0.00581519, -0.0400239, 0.0013714], [-0.01497011, 0.00383423, 0.01981797, -0.01118412, -0.00960651, -0.00484786], [-0.04202331, -0.02224662, 0.06703658, 0.001542, 0.0404366, -0.02501327], [0.079606, -0.01998553, -0.05248467, -0.02332859, 0.00183773, -0.02712133], [-0.01279609, 0.04272282, 0.00943437, -0.02687132, -0.0501133, 0.00336172], [0.13005456, -0.03228139, -0.04239343, -0.02560198, 0.01513735, -0.08766114]], "number of molecular orbitals": 54, "number of electrons": 56, "number of unpaired electrons": 0, "orbital energies/eV": [-18.48548737, -17.1170498, -16.80375156, -16.59109783, -16.27411338, -15.83754538, -15.49508947, -15.14459449, -15.01437901, -14.88487758, -14.15300754, -14.01085527, -13.7424926, -13.53155928, -13.20474586, -13.03781779, -12.88293131, -12.82508315, -12.56692216, -12.41849803, -12.24330858, -11.90013953, -11.79020461, -11.56519403, -11.40142702, -11.2955549, -11.22410806, -10.97809768, 0.99219097, 1.55412854, 2.12005868, 2.88955742, 3.11528551, 3.2254146, 3.49730731, 3.66719001, 4.1586074, 4.30241193, 4.45287705, 4.61722663, 4.81102096, 4.9112958, 5.12007663, 5.3705276, 5.57067937, 6.24159741, 6.27224002, 6.59954868, 7.05410568, 7.31434137, 7.37226845, 7.50374298, 8.33076868, 8.52349921], "fractional occupation": [2.0, 2.0, 2.0, 2.0, 2.0, 2.0, 2.0, 2.0, 2.0, 2.0, 2.0, 2.0, 2.0, 2.0, 2.0, 2.0, 2.0, 2.0, 2.0, 2.0, 2.0, 2.0, 2.0, 2.0, 2.0, 2.0, 2.0, 2.0, 0.0, 0.0, 0.0, 0.0, 0.0, 0.0, 0.0, 0.0, 0.0, 0.0, 0.0, 0.0, 0.0, 0.0, 0.0, 0.0, 0.0, 0.0, 0.0, 0.0, 0.0, 0.0, 0.0, 0.0, 0.0, 0.0], "program call": "xtb /home/svss/Project-DBcg-Debug/aqme2_20220329/End-to-End-workflows-final/example-3/QDESCP/mol_1113_rdkit_conf_11/mol_1113_rdkit_conf_11.xyz --pop --wbo --acc 0.2 --gfn 2 --chrg 0 --uhf 0 --etemp 300 --input /home/svss/Project-DBcg-Debug/aqme2_20220329/End-to-End-workflows-final/example-3/QDESCP/mol_1113_rdkit_conf_11/mol_1113_rdkit_conf_11_xtb.inp", "method": "GFN2-xTB", "xtb version": "6.3.3 (7355c4f)", "Dipole module/D": 1.741, "Total charge": 0, "Transition dipole module/D": NaN, "HOMO": -10.9781, "LUMO": 0.9922, "HOMO occupancy": 2.0, "LUMO occupancy": 0, "mulliken charges": [-0.08339, -0.03862, -0.04785, -0.04735, -0.04029, -0.0559, 0.22655, -0.11155, -0.57017, 0.02701, 0.02617, 0.02711, 0.02143, 0.02073, 0.02244, 0.02556, 0.0198, 0.02355, 0.02037, 0.0379, 0.01985, 0.03674, 0.0072, 0.03004, 0.02804, 0.04014, 0.3345], "cm5 charges": [-0.23374, -0.15122, -0.15865, -0.15792, -0.14975, -0.16154, 0.17702, -0.25755, -0.78099, 0.0783, 0.07746, 0.07789, 0.07613, 0.07543, 0.07841, 0.08103, 0.07501, 0.07847, 0.07586, 0.09554, 0.07584, 0.09525, 0.07316, 0.08178, 0.08119, 0.09377, 0.50382], "FUKUI+": [0.005, -0.013, -0.008, -0.01, -0.007, 0.016, -0.031, 0.026, -0.103, -0.029, -0.027, -0.054, -0.035, -0.033, -0.026, -0.035, -0.04, -0.046, -0.051, -0.039, -0.084, -0.044, -0.067, -0.074, -0.047, -0.048, -0.097], "FUKUI-": [0.019, 0.009, 0.009, 0.013, 0.007, 0.007, 0.0, 0.008, -0.094, -0.056, -0.052, -0.049, -0.079, -0.073, -0.071, -0.062, -0.052, -0.066, -0.046, -0.035, -0.038, -0.044, -0.085, -0.043, -0.041, -0.039, -0.049], "FUKUIrad": [0.012, -0.002, 0.001, 0.001, 0.0, 0.011, -0.015, 0.017, -0.098, -0.042, -0.04, -0.051, -0.057, -0.053, -0.048, -0.048, -0.046, -0.056, -0.049, -0.037, -0.061, -0.044, -0.076, -0.058, -0.044, -0.044, -0.073], "s proportion": [1.007, 1.027, 1.032, 1.033, 1.031, 1.035, 1.015, 1.02, 1.697, 0.973, 0.974, 0.973, 0.979, 0.979, 0.978, 0.974, 0.98, 0.976, 0.98, 0.962, 0.98, 0.963, 0.993, 0.97, 0.972, 0.96, 0.665], "p proportion": [3.076, 3.011, 3.016, 3.015, 3.01, 3.021, 2.759, 3.092, 4.873, 0.0, 0.0, 0.0, 0.0, 0.0, 0.0, 0.0, 0.0, 0.0, 0.0, 0.0, 0.0, 0.0, 0.0, 0.0, 0.0, 0.0, 0.0], "d proportion": [0.0, 0.0, 0.0, 0.0, 0.0, 0.0, 0.0, 0.0, 0.0, 0.0, 0.0, 0.0, 0.0, 0.0, 0.0, 0.0, 0.0, 0.0, 0.0, 0.0, 0.0, 0.0, 0.0, 0.0, 0.0, 0.0, 0.0], "Fermi-level/eV": -4.993, "Coordination numbers": [3.75, 3.8, 3.801, 3.8, 3.8, 3.801, 3.724, 3.75, 1.653, 0.924, 0.924, 0.924, 0.924, 0.924, 0.924, 0.924, 0.924, 0.924, 0.924, 0.924, 0.924, 0.924, 0.924, 0.924, 0.924, 0.924, 0.804], "Dispersion coefficient C6": [22.47, 21.507, 21.644, 21.625, 21.603, 21.719, 18.713, 22.781, 21.837, 2.549, 2.562, 2.582, 2.621, 2.628, 2.56, 2.538, 2.633, 2.607, 2.628, 2.355, 2.551, 2.323, 2.879, 2.499, 2.561, 2.352, 0.778], "Total dispersion C6": 4853.780478, "Total dispersion C8": 100746.735814, "Polarizability alpha": [6.76, 6.603, 6.624, 6.621, 6.618, 6.635, 6.177, 6.807, 6.308, 2.497, 2.503, 2.513, 2.532, 2.535, 2.502, 2.492, 2.537, 2.525, 2.535, 2.4, 2.498, 2.384, 2.653, 2.472, 2.503, 2.398, 1.385], "Total polarizability alpha": 103.01672, "Wiberg matrix": [[0.0, 1.0201333655180262, 0.0, 0.0, 0.0, 0.0, 0.0, 0.0, 0.0, 0.9877005852172178, 0.9877267959846776, 0.987456706301454, 0.0, 0.0, 0.0, 0.0, 0.0, 0.0, 0.0, 0.0, 0.0, 0.0, 0.0, 0.0, 0.0, 0.0, 0.0], [1.0201333655180262, 0.0, 1.007482795329171, 0.0, 0.0, 0.0, 0.0, 0.0, 0.0, 0.0, 0.0, 0.0, 0.9780270317302807, 0.9782535110666178, 0.0, 0.0, 0.0, 0.0, 0.0, 0.0, 0.0, 0.0, 0.0, 0.0, 0.0, 0.0, 0.0], [0.0, 1.007482795329171, 0.0, 1.0081665005049245, 0.0, 0.0, 0.0, 0.0, 0.0, 0.0, 0.0, 0.0, 0.0, 0.0, 0.9754658820834149, 0.9768957969718833, 0.0, 0.0, 0.0, 0.0, 0.0, 0.0, 0.0, 0.0, 0.0, 0.0, 0.0], [0.0, 0.0, 1.0081665005049245, 0.0, 1.0063326660043277, 0.0, 0.0, 0.0, 0.0, 0.0, 0.0, 0.0, 0.0, 0.0, 0.0, 0.0, 0.9772737537944692, 0.9769213656118835, 0.0, 0.0, 0.0, 0.0, 0.0, 0.0, 0.0, 0.0, 0.0], [0.0, 0.0, 0.0, 1.0063326660043277, 0.0, 1.0074797808755669, 0.0, 0.0, 0.0, 0.0, 0.0, 0.0, 0.0, 0.0, 0.0, 0.0, 0.0, 0.0, 0.9769880469631052, 0.9762389876208724, 0.0, 0.0, 0.0, 0.0, 0.0, 0.0, 0.0], [0.0, 0.0, 0.0, 0.0, 1.0074797808755669, 0.0, 0.9934977812689877, 0.0, 0.0, 0.0, 0.0, 0.0, 0.0, 0.0, 0.0, 0.0, 0.0, 0.0, 0.0, 0.0, 0.9753927344327852, 0.9732280028675242, 0.0, 0.0, 0.0, 0.0, 0.0], [0.0, 0.0, 0.0, 0.0, 0.0, 0.9934977812689877, 0.0, 1.0026324135154288, 0.9795635758990803, 0.0, 0.0, 0.0, 0.0, 0.0, 0.0, 0.0, 0.0, 0.0, 0.0, 0.0, 0.0, 0.0, 0.9636358648048773, 0.0, 0.0, 0.0, 0.0], [0.0, 0.0, 0.0, 0.0, 0.0, 0.0, 1.0026324135154288, 0.0, 0.0, 0.0, 0.0, 0.0, 0.0, 0.0, 0.0, 0.0, 0.0, 0.0, 0.0, 0.0, 0.0, 0.0, 0.0, 0.985602676092505, 0.9846765256552195, 0.985493234638889, 0.0], [0.0, 0.0, 0.0, 0.0, 0.0, 0.0, 0.9795635758990803, 0.0, 0.0, 0.0, 0.0, 0.0, 0.0, 0.0, 0.0, 0.0, 0.0, 0.0, 0.0, 0.0, 0.0, 0.0, 0.0, 0.0, 0.0, 0.0, 0.9043682030170189], [0.9877005852172178, 0.0, 0.0, 0.0, 0.0, 0.0, 0.0, 0.0, 0.0, 0.0, 0.0, 0.0, 0.0, 0.0, 0.0, 0.0, 0.0, 0.0, 0.0, 0.0, 0.0, 0.0, 0.0, 0.0, 0.0, 0.0, 0.0], [0.9877267959846776, 0.0, 0.0, 0.0, 0.0, 0.0, 0.0, 0.0, 0.0, 0.0, 0.0, 0.0, 0.0, 0.0, 0.0, 0.0, 0.0, 0.0, 0.0, 0.0, 0.0, 0.0, 0.0, 0.0, 0.0, 0.0, 0.0], [0.987456706301454, 0.0, 0.0, 0.0, 0.0, 0.0, 0.0, 0.0, 0.0, 0.0, 0.0, 0.0, 0.0, 0.0, 0.0, 0.0, 0.0, 0.0, 0.0, 0.0, 0.0, 0.0, 0.0, 0.0, 0.0, 0.0, 0.0], [0.0, 0.9780270317302807, 0.0, 0.0, 0.0, 0.0, 0.0, 0.0, 0.0, 0.0, 0.0, 0.0, 0.0, 0.0, 0.0, 0.0, 0.0, 0.0, 0.0, 0.0, 0.0, 0.0, 0.0, 0.0, 0.0, 0.0, 0.0], [0.0, 0.9782535110666178, 0.0, 0.0, 0.0, 0.0, 0.0, 0.0, 0.0, 0.0, 0.0, 0.0, 0.0, 0.0, 0.0, 0.0, 0.0, 0.0, 0.0, 0.0, 0.0, 0.0, 0.0, 0.0, 0.0, 0.0, 0.0], [0.0, 0.0, 0.9754658820834149, 0.0, 0.0, 0.0, 0.0, 0.0, 0.0, 0.0, 0.0, 0.0, 0.0, 0.0, 0.0, 0.0, 0.0, 0.0, 0.0, 0.0, 0.0, 0.0, 0.0, 0.0, 0.0, 0.0, 0.0], [0.0, 0.0, 0.9768957969718833, 0.0, 0.0, 0.0, 0.0, 0.0, 0.0, 0.0, 0.0, 0.0, 0.0, 0.0, 0.0, 0.0, 0.0, 0.0, 0.0, 0.0, 0.0, 0.0, 0.0, 0.0, 0.0, 0.0, 0.0], [0.0, 0.0, 0.0, 0.9772737537944692, 0.0, 0.0, 0.0, 0.0, 0.0, 0.0, 0.0, 0.0, 0.0, 0.0, 0.0, 0.0, 0.0, 0.0, 0.0, 0.0, 0.0, 0.0, 0.0, 0.0, 0.0, 0.0, 0.0], [0.0, 0.0, 0.0, 0.9769213656118835, 0.0, 0.0, 0.0, 0.0, 0.0, 0.0, 0.0, 0.0, 0.0, 0.0, 0.0, 0.0, 0.0, 0.0, 0.0, 0.0, 0.0, 0.0, 0.0, 0.0, 0.0, 0.0, 0.0], [0.0, 0.0, 0.0, 0.0, 0.9769880469631052, 0.0, 0.0, 0.0, 0.0, 0.0, 0.0, 0.0, 0.0, 0.0, 0.0, 0.0, 0.0, 0.0, 0.0, 0.0, 0.0, 0.0, 0.0, 0.0, 0.0, 0.0, 0.0], [0.0, 0.0, 0.0, 0.0, 0.9762389876208724, 0.0, 0.0, 0.0, 0.0, 0.0, 0.0, 0.0, 0.0, 0.0, 0.0, 0.0, 0.0, 0.0, 0.0, 0.0, 0.0, 0.0, 0.0, 0.0, 0.0, 0.0, 0.0], [0.0, 0.0, 0.0, 0.0, 0.0, 0.9753927344327852, 0.0, 0.0, 0.0, 0.0, 0.0, 0.0, 0.0, 0.0, 0.0, 0.0, 0.0, 0.0, 0.0, 0.0, 0.0, 0.0, 0.0, 0.0, 0.0, 0.0, 0.0], [0.0, 0.0, 0.0, 0.0, 0.0, 0.9732280028675242, 0.0, 0.0, 0.0, 0.0, 0.0, 0.0, 0.0, 0.0, 0.0, 0.0, 0.0, 0.0, 0.0, 0.0, 0.0, 0.0, 0.0, 0.0, 0.0, 0.0, 0.0], [0.0, 0.0, 0.0, 0.0, 0.0, 0.0, 0.9636358648048773, 0.0, 0.0, 0.0, 0.0, 0.0, 0.0, 0.0, 0.0, 0.0, 0.0, 0.0, 0.0, 0.0, 0.0, 0.0, 0.0, 0.0, 0.0, 0.0, 0.0], [0.0, 0.0, 0.0, 0.0, 0.0, 0.0, 0.0, 0.985602676092505, 0.0, 0.0, 0.0, 0.0, 0.0, 0.0, 0.0, 0.0, 0.0, 0.0, 0.0, 0.0, 0.0, 0.0, 0.0, 0.0, 0.0, 0.0, 0.0], [0.0, 0.0, 0.0, 0.0, 0.0, 0.0, 0.0, 0.9846765256552195, 0.0, 0.0, 0.0, 0.0, 0.0, 0.0, 0.0, 0.0, 0.0, 0.0, 0.0, 0.0, 0.0, 0.0, 0.0, 0.0, 0.0, 0.0, 0.0], [0.0, 0.0, 0.0, 0.0, 0.0, 0.0, 0.0, 0.985493234638889, 0.0, 0.0, 0.0, 0.0, 0.0, 0.0, 0.0, 0.0, 0.0, 0.0, 0.0, 0.0, 0.0, 0.0, 0.0, 0.0, 0.0, 0.0, 0.0], [0.0, 0.0, 0.0, 0.0, 0.0, 0.0, 0.0, 0.0, 0.9043682030170189, 0.0, 0.0, 0.0, 0.0, 0.0, 0.0, 0.0, 0.0, 0.0, 0.0, 0.0, 0.0, 0.0, 0.0, 0.0, 0.0, 0.0, 0.0]], "Born radii": [], "Atomic SASAs": [], "Solvent H bonds": [], "Total SASA": NaN, "Total FOD": 0.0, "FOD": [0.0, 0.0, 0.0, 0.0, 0.0, 0.0, 0.0, 0.0, 0.0, 0.0, 0.0, 0.0, 0.0, 0.0, 0.0, 0.0, 0.0, 0.0, 0.0, 0.0, 0.0, 0.0, 0.0, 0.0, 0.0, 0.0, 0.0], "FOD s proportion": [0.0, 0.0, 0.0, 0.0, 0.0, 0.0, 0.0, 0.0, 0.0, 0.0, 0.0, 0.0, 0.0, 0.0, 0.0, 0.0, 0.0, 0.0, 0.0, 0.0, 0.0, 0.0, 0.0, 0.0, 0.0, 0.0, 0.0], "FOD p proportion": [0.0, 0.0, 0.0, 0.0, 0.0, 0.0, 0.0, 0.0, 0.0, 0.0, 0.0, 0.0, 0.0, 0.0, 0.0, 0.0, 0.0, 0.0, 0.0, 0.0, 0.0, 0.0, 0.0, 0.0, 0.0, 0.0, 0.0], "FOD d proportion": [0.0, 0.0, 0.0, 0.0, 0.0, 0.0, 0.0, 0.0, 0.0, 0.0, 0.0, 0.0, 0.0, 0.0, 0.0, 0.0, 0.0, 0.0, 0.0, 0.0, 0.0, 0.0, 0.0, 0.0, 0.0, 0.0, 0.0], "coordinates": [["4.00790", "0.83640", "-0.29170"], ["3.16030", "-0.11700", "0.53550"], ["1.68010", "0.26490", "0.48880"], ["0.83280", "-0.70090", "1.32010"], ["-0.64330", "-0.29970", "1.40300"], ["-1.36850", "-0.36830", "0.05380"], ["-2.87270", "-0.11330", "0.19690"], ["-3.58460", "-0.24900", "-1.14250"], ["-3.07770", "1.20540", "0.69580"], ["3.92140", "1.86210", "0.08080"], ["3.69980", "0.82480", "-1.34210"], ["5.06190", "0.54530", "-0.24380"], ["3.51580", "-0.10580", "1.57240"], ["3.29350", "-1.13730", "0.15740"], ["1.34220", "0.25980", "-0.55350"], ["1.55250", "1.28610", "0.86760"], ["0.91580", "-1.71450", "0.90930"], ["1.23300", "-0.74070", "2.34090"], ["-1.14040", "-0.97530", "2.11010"], ["-0.72270", "0.71050", "1.82220"], ["-1.20480", "-1.35340", "-0.39900"], ["-0.94120", "0.38350", "-0.62000"], ["-3.30470", "-0.81870", "0.91580"], ["-3.45500", "-1.25110", "-1.56240"], ["-4.65670", "-0.05640", "-1.02770"], ["-3.20880", "0.48630", "-1.86260"], ["-4.03620", "1.33630", "0.79420"]], "bond_dist": [[0.0, 1.520413483234084, 2.520802519040316, 3.878459815442208, 5.07901493795795, 5.520538859567968, 6.9629962236094896, 7.716735712074115, 7.163591599888983, 1.094668438386711, 1.09471472539653, 1.094508848753631, 2.145873262800019, 2.146520407543334, 2.7398838095802533, 2.7523073483897105, 4.184563802835369, 4.1373780562090285, 5.9628762371862125, 5.182952862992293, 5.654995899202757, 4.980611419293821, 7.594177441961703, 7.85284732756215, 8.741514800078988, 7.3939878083480775, 8.132442660726236], [1.520413483234084, 0.0, 1.5293856740534744, 2.5246371264005445, 3.9055484249974417, 4.561273508571921, 6.042495564748061, 6.951746831552483, 6.3786426338210855, 2.1686083348544063, 2.16873909219159, 2.1591739948415456, 1.0962058657022413, 1.096227138872232, 2.152530336603877, 2.1596297969791025, 2.780200161858854, 2.713476762384377, 4.659620643357139, 4.173492798604066, 4.632070079348973, 4.290452511099499, 6.514079826038364, 7.032038204532168, 7.971998218765481, 6.832297513282043, 7.346333699880506], [2.520802519040316, 1.5293856740534744, 0.0, 1.530276648191431, 2.559828580198291, 3.1439034972466953, 4.577797362269326, 5.535548662056905, 4.854281624504289, 2.7822540376464553, 2.7829608171873352, 3.471584387567152, 2.163654764513045, 2.163111268520415, 1.0957151591540568, 1.096640615698689, 2.1630994198140776, 2.154391835298305, 3.4816562122070582, 2.783875492905529, 3.424869594597727, 2.848634249952071, 5.119057432770216, 5.733666318334194, 6.52365236504828, 5.429497502531887, 5.823852059419092], [3.878459815442208, 2.5246371264005445, 1.530276648191431, 0.0, 1.5318959037741435, 2.5612223917496895, 3.91632254161988, 5.077601316566711, 4.394967625591797, 4.200509903571232, 4.199375945304255, 4.678042802283878, 2.759762362958086, 2.7563310287409237, 2.1662894104897434, 2.161224962839362, 1.0968275160662224, 1.0971675897509916, 2.1431083966985898, 2.1595681559052493, 2.7446083181394028, 2.8437628892015594, 4.158875037795678, 5.195840175563525, 6.005177377896509, 5.279541049182211, 5.304141367837023], [5.07901493795795, 3.9055484249974417, 2.559828580198291, 1.5318959037741435, 0.0, 1.533284591978932, 2.5415834690208388, 3.890165347385635, 2.948179304248641, 5.220926945476253, 5.259523920470369, 5.997939836310464, 4.167062080171113, 4.213251400047237, 2.843086834762526, 2.7609694746592184, 2.16245035549952, 2.143510928360292, 1.0970570541225284, 1.096602498629289, 2.1616590711765813, 2.155930344422101, 2.754954591277323, 4.1957616722116144, 4.698390888378701, 4.22655055689625, 3.815613168286324], [5.520538859567968, 4.561273508571921, 3.1439034972466953, 2.5612223917496895, 1.533284591978932, 0.0, 1.5323577421738044, 2.521203163174281, 2.410406673157042, 5.740945494428597, 5.390703971653425, 6.501790128879891, 5.121663665255656, 4.726133510598277, 2.848019906882675, 3.4542076949714535, 2.786065537635466, 3.483864294142354, 2.156118804704416, 2.169816960022204, 1.096470492079016, 1.096264096830686, 2.1667428550707166, 2.7829697321386733, 3.475511919127886, 2.790991617687162, 3.2512269391723487], [6.9629962236094896, 6.042495564748061, 4.577797362269326, 3.91632254161988, 2.5415834690208388, 1.5323577421738044, 0.0, 1.5228947632715797, 1.424744152470892, 7.076402983154648, 6.8151528860327115, 7.974073464045838, 6.534905412475379, 6.250772647441274, 4.297404539951993, 4.68940869300171, 4.1742169864538665, 4.674092345044116, 2.721073598784127, 2.8182878720953966, 2.162136727868985, 2.155186326051648, 1.09591531150906, 2.174580101996705, 2.1646105354081597, 2.171180236645498, 1.952393326151265], [7.716735712074115, 6.951746831552483, 5.535548662056905, 5.077601316566711, 3.890165347385635, 2.521203163174281, 1.5228947632715797, 0.0, 2.398243911698725, 7.892606800037615, 7.365824458945515, 8.72929186303219, 7.603082822776562, 7.055995784437516, 4.987901029491263, 5.725978556543851, 5.158601908463184, 5.9653259936067204, 4.132920527907596, 4.230905098202983, 2.726891939553161, 2.767783600645108, 2.153950089951018, 1.0942196214654534, 1.0952954898108545, 1.0956439841481356, 2.5432116585136995], [7.163591599888983, 6.3786426338210855, 4.854281624504289, 4.394967625591797, 2.948179304248641, 2.410406673157042, 1.424744152470892, 2.398243911698725, 0.0, 7.056690492008276, 7.087481853239555, 8.220198801123972, 6.779521756731813, 6.809574677613867, 4.689395042007018, 4.634088882401804, 4.951710866963054, 5.007573635005281, 3.2417322946227376, 2.6570148607036432, 3.3546682235356746, 2.6403563206506804, 2.048636085301633, 3.3580075610397304, 2.6562817038107984, 2.6607710499026402, 0.9723886157293287], [1.094668438386711, 2.1686083348544063, 2.7822540376464553, 4.200509903571232, 5.220926945476253, 5.740945494428597, 7.076402983154648, 7.892606800037615, 7.056690492008276, 0.0, 1.7747513234253411, 1.7720236031159402, 2.502401312739426, 3.0653753978917497, 3.1019307568029304, 2.5617410973788903, 4.744692947915597, 4.371511684760776, 6.1474154317078655, 5.091789599934389, 6.070220319724813, 5.130522133272597, 7.752447023359786, 8.17333453616087, 8.85963961513108, 7.517272194087427, 8.006797297296842], [1.09471472539653, 2.16873909219159, 2.7829608171873352, 4.199375945304255, 5.259523920470369, 5.390703971653425, 6.8151528860327115, 7.365824458945515, 7.087481853239555, 1.7747513234253411, 0.0, 1.7719197357668317, 3.0649930848209106, 2.5026818315559014, 2.549390656607967, 3.1155206739805155, 4.389476329814299, 4.701104284101768, 6.211729299478528, 5.439151149765927, 5.44876995385197, 4.717526375124998, 7.540704536712734, 7.453123904779794, 8.408712924699, 6.93644407892113, 8.041834737172856], [1.094508848753631, 2.1591739948415456, 3.471584387567152, 4.678042802283878, 5.997939836310464, 6.501790128879891, 7.974073464045838, 8.72929186303219, 8.220198801123972, 1.7720236031159402, 1.7719197357668317, 0.0, 2.4724358151426293, 2.473730535042166, 3.743473310977387, 3.754981086503632, 4.860707855858033, 4.795304505451139, 6.8059969776660925, 6.144692360077922, 6.549860885545585, 6.017052043152028, 8.556001619915696, 8.803598385319493, 9.768711688856417, 8.427839161374639, 9.19122127956889], [2.145873262800019, 1.0962058657022413, 2.163654764513045, 2.759762362958086, 4.167062080171113, 5.121663665255656, 6.534905412475379, 7.603082822776562, 6.779521756731813, 2.502401312739426, 3.0649930848209106, 2.4724358151426293, 0.0, 1.7651160131844026, 3.0622950755928144, 2.507723178502763, 3.128516789151051, 2.490956864339485, 4.767111282527397, 4.323612838818943, 5.265642228636503, 4.991080168660888, 6.889018088232895, 7.72856621696418, 8.576288044369779, 7.5743021176871475, 7.7277391033859315], [2.146520407543334, 1.096227138872232, 2.163111268520415, 2.7563310287409237, 4.213251400047237, 4.726133510598277, 6.250772647441274, 7.055995784437516, 6.809574677613867, 3.0653753978917497, 2.5026818315559014, 2.473730535042166, 1.7651160131844026, 0.0, 2.502966022542056, 3.067300539562434, 2.5596817653763133, 3.028303825576291, 4.847550979618471, 4.723958755112072, 4.537728843816034, 4.566165512768892, 6.649279642186814, 6.96512130045127, 8.110393754929534, 6.999741584515816, 7.762004463410209], [2.7398838095802533, 2.152530336603877, 1.0957151591540568, 2.1662894104897434, 2.843086834762526, 2.848019906882675, 4.297404539951993, 4.987901029491263, 4.689395042007018, 3.1019307568029304, 2.549390656607967, 3.743473310977387, 3.0622950755928144, 2.502966022542056, 0.0, 1.765514936215494, 2.4938847788139693, 3.0643883973804624, 3.8449368954509513, 3.1797630399135093, 3.0188563215231032, 2.287714907937613, 4.99156131385762, 5.12970036746787, 6.025914809387865, 4.740954129708491, 5.64821512515237], [2.7523073483897105, 2.1596297969791025, 1.096640615698689, 2.161224962839362, 2.7609694746592184, 3.4542076949714535, 4.68940869300171, 5.725978556543851, 4.634088882401804, 2.5617410973788903, 3.1155206739805155, 3.754981086503632, 2.507723178502763, 3.067300539562434, 1.765514936215494, 0.0, 3.067690685189757, 2.5259872089937434, 3.7295370516995807, 2.533596566148604, 4.0216836151045, 3.0407532306979466, 5.29385475055748, 6.116971480234317, 6.629376515178483, 5.5464988749660815, 5.589407418501535], [4.184563802835369, 2.780200161858854, 2.1630994198140776, 1.0968275160662224, 2.16245035549952, 2.786065537635466, 4.1742169864538665, 5.158601908463184, 4.951710866963054, 4.744692947915597, 4.389476329814299, 4.860707855858033, 3.128516789151051, 2.5596817653763133, 2.4938847788139693, 3.067690685189757, 0.0, 1.7602218155675722, 2.4932500315852804, 3.0657288953852393, 2.5177343902802773, 3.191991774738776, 4.314524323723299, 5.0426117330208955, 6.12813355435405, 5.43500463753252, 5.817467889898491], [4.1373780562090285, 2.713476762384377, 2.154391835298305, 1.0971675897509916, 2.143510928360292, 3.483864294142354, 4.674092345044116, 5.9653259936067204, 5.007573635005281, 4.371511684760776, 4.701104284101768, 4.795304505451139, 2.490956864339485, 3.028303825576291, 3.0643883973804624, 2.5259872089937434, 1.7602218155675722, 0.0, 2.3961079608398284, 2.4899384771515947, 3.718241807628977, 3.8416012403683966, 4.756859815046057, 6.121568675592884, 6.819406025454122, 6.237349476340091, 5.871173522388859], [5.9628762371862125, 4.659620643357139, 3.4816562122070582, 2.1431083966985898, 1.0970570541225284, 2.156118804704416, 2.721073598784127, 4.132920527907596, 3.2417322946227376, 6.1474154317078655, 6.211729299478528, 6.8059969776660925, 4.767111282527397, 4.847550979618471, 3.8449368954509513, 3.7295370516995807, 2.4932500315852804, 2.3961079608398284, 0.0, 1.760477588610545, 2.5382454136666928, 3.056053679175155, 2.4769074548719012, 4.349792529535174, 4.80151348430888, 4.711358446350691, 3.9320153878132267], [5.182952862992293, 4.173492798604066, 2.783875492905529, 2.1595681559052493, 1.096602498629289, 2.169816960022204, 2.8182878720953966, 4.230905098202983, 2.6570148607036432, 5.091789599934389, 5.439151149765927, 6.144692360077922, 4.323612838818943, 4.723958755112072, 3.1797630399135093, 2.533596566148604, 3.0657288953852393, 2.4899384771515947, 1.760477588610545, 0.0, 3.0701519604084746, 2.4736636978376834, 3.134762766143556, 4.771672139826876, 4.917969257732301, 4.450697685756695, 3.5252931636957516], [5.654995899202757, 4.632070079348973, 3.424869594597727, 2.7446083181394028, 2.1616590711765813, 1.096470492079016, 2.162136727868985, 2.726891939553161, 3.3546682235356746, 6.070220319724813, 5.44876995385197, 6.549860885545585, 5.265642228636503, 4.537728843816034, 3.0188563215231032, 4.0216836151045, 2.5177343902802773, 3.718241807628977, 2.5382454136666928, 3.0701519604084746, 0.0, 1.7706347929485626, 2.534597234276089, 2.5352248204054804, 3.740733390660179, 3.0891159010305844, 4.083508086192557], [4.980611419293821, 4.290452511099499, 2.848634249952071, 2.8437628892015594, 2.155930344422101, 1.096264096830686, 2.155186326051648, 2.767783600645108, 2.6403563206506804, 5.130522133272597, 4.717526375124998, 6.017052043152028, 4.991080168660888, 4.566165512768892, 2.287714907937613, 3.0407532306979466, 3.191991774738776, 3.8416012403683966, 3.056053679175155, 2.4736636978376834, 1.7706347929485626, 0.0, 3.0643267988254776, 3.1431235037777308, 3.7635982184606256, 2.5877852229271268, 3.533668699807609], [7.594177441961703, 6.514079826038364, 5.119057432770216, 4.158875037795678, 2.754954591277323, 2.1667428550707166, 1.09591531150906, 2.153950089951018, 2.048636085301633, 7.752447023359786, 7.540704536712734, 8.556001619915696, 6.889018088232895, 6.649279642186814, 4.99156131385762, 5.29385475055748, 4.314524323723299, 4.756859815046057, 2.4769074548719012, 3.134762766143556, 2.534597234276089, 3.0643267988254776, 0.0, 2.5201260067702966, 2.4872067746771678, 3.0711119110185483, 2.2790137801250787], [7.85284732756215, 7.032038204532168, 5.733666318334194, 5.195840175563525, 4.1957616722116144, 2.7829697321386733, 2.174580101996705, 1.0942196214654534, 3.3580075610397304, 8.17333453616087, 7.453123904779794, 8.803598385319493, 7.72856621696418, 6.96512130045127, 5.12970036746787, 6.116971480234317, 5.0426117330208955, 6.121568675592884, 4.349792529535174, 4.771672139826876, 2.5352248204054804, 3.1431235037777308, 2.5201260067702966, 0.0, 1.7768778995755445, 1.7802508924306149, 3.5476746976012334], [8.741514800078988, 7.971998218765481, 6.52365236504828, 6.005177377896509, 4.698390888378701, 3.475511919127886, 2.1646105354081597, 1.0952954898108545, 2.6562817038107984, 8.85963961513108, 8.408712924699, 9.768711688856417, 8.576288044369779, 8.110393754929534, 6.025914809387865, 6.629376515178483, 6.12813355435405, 6.819406025454122, 4.80151348430888, 4.917969257732301, 3.740733390660179, 3.7635982184606256, 2.4872067746771678, 1.7768778995755445, 0.0, 1.7572693902757195, 2.37570055983493], [7.3939878083480775, 6.832297513282043, 5.429497502531887, 5.279541049182211, 4.22655055689625, 2.790991617687162, 2.171180236645498, 1.0956439841481356, 2.6607710499026402, 7.517272194087427, 6.93644407892113, 8.427839161374639, 7.5743021176871475, 6.999741584515816, 4.740954129708491, 5.5464988749660815, 5.43500463753252, 6.237349476340091, 4.711358446350691, 4.450697685756695, 3.0891159010305844, 2.5877852229271268, 3.0711119110185483, 1.7802508924306149, 1.7572693902757195, 0.0, 2.9095836471907797], [8.132442660726236, 7.346333699880506, 5.823852059419092, 5.304141367837023, 3.815613168286324, 3.2512269391723487, 1.952393326151265, 2.5432116585136995, 0.9723886157293287, 8.006797297296842, 8.041834737172856, 9.19122127956889, 7.7277391033859315, 7.762004463410209, 5.64821512515237, 5.589407418501535, 5.817467889898491, 5.871173522388859, 3.9320153878132267, 3.5252931636957516, 4.083508086192557, 3.533668699807609, 2.2790137801250787, 3.5476746976012334, 2.37570055983493, 2.9095836471907797, 0.0]]}