{"total energy": -20.78114855, "HOMO-LUMO gap/eV": 4.866464, "electronic energy": -20.9911244, "dipole": [0.02447839, -0.01850606, -0.81232361], "partial charges": [-0.10293642, -0.08363127, 0.35045641, -0.39954813, -0.27114819, 0.03431828, 0.05154909, 0.05156345, 0.04222399, 0.06956455, 0.06955759, 0.06405819, 0.06198498, 0.06198748], "atomic dipole moments": [[0.09441029, -0.02160486, -0.09903929], [0.03842015, -0.00662782, 0.09465584], [0.13312923, -0.02972465, -0.09060778], [-0.03876283, 0.00542647, -0.17137468], [0.08066966, -0.01362009, 0.21436999], [-0.24955186, 0.05184614, -0.06501995], [-0.01313447, -0.10185907, 0.07880401], [0.02983658, 0.10082108, 0.07551304], [-0.11081782, 0.02263794, -0.05198752], [-0.04114897, -0.10519885, -0.0692692], [0.00460309, 0.11065224, -0.07277137], [0.07499157, -0.01751811, -0.0999313], [-0.00046143, -0.11145441, 0.06755985], [0.04523267, 0.10410175, 0.06403863]], "atomic quadrupole moments": [[0.07570232, -0.05051373, -0.1365021, -0.19040979, 0.04374953, 0.06079978], [0.1934351, -0.09752224, -0.24252553, -0.04212827, 0.01400741, 0.04909043], [-0.15252808, 0.13078046, 0.45003126, -0.16854516, 0.02309574, -0.29750318], [-0.1007557, 0.0667577, 0.20019329, -0.00312798, -0.00446279, -0.09943759], [0.08521872, -0.03419352, -0.0710752, 0.02849968, -0.00499624, -0.01414352], [0.45267885, -0.15703331, -0.27037867, 0.19678496, -0.0397498, -0.18230018], [-0.03992949, -0.0050839, 0.04589037, -0.01193002, -0.05030573, -0.00596089], [-0.02190677, 0.03585967, 0.03112588, 0.00850136, 0.04942379, -0.00921911], [0.05370073, -0.02251382, -0.05147076, 0.04745318, -0.00918538, -0.00222997], [-0.0076979, 0.02035871, 0.01419197, -0.00572211, 0.05236531, -0.00649407], [-0.01953307, -0.00664924, 0.02280067, -0.02620811, -0.04639263, -0.0032676], [0.00282575, -0.01324713, -0.05298463, -0.0474041, 0.01178358, 0.05015888], [-0.00618466, 0.0054331, 0.02148136, 0.00299196, -0.05427102, -0.0152967], [-0.0053303, 0.00770775, 0.02391919, 0.02447447, 0.0471209, -0.01858889]], "number of molecular orbitals": 32, "number of electrons": 36, "number of unpaired electrons": 0, "orbital energies/eV": [-20.1526838, -19.36424612, -18.32876536, -17.24060138, -16.55551936, -15.99078053, -15.90652235, -15.33918235, -15.09674083, -14.29092699, -13.89361676, -13.52375645, -13.07031429, -12.93725183, -12.53836639, -12.29662264, -12.1158788, -11.3474123, -6.4809483, 0.16333622, 2.90690975, 3.27939898, 3.50364338, 3.77136454, 4.06805199, 4.51729173, 4.87120643, 5.3246781, 6.21139735, 6.80379179, 7.24766873, 16.14486564], "fractional occupation": [2.0, 2.0, 2.0, 2.0, 2.0, 2.0, 2.0, 2.0, 2.0, 2.0, 2.0, 2.0, 2.0, 2.0, 2.0, 2.0, 2.0, 2.0, 0.0, 0.0, 0.0, 0.0, 0.0, 0.0, 0.0, 0.0, 0.0, 0.0, 0.0, 0.0, 0.0, 0.0], "program call": "xtb /home/svss/Project-DBcg-Debug/aqme2_20220329/End-to-End-workflows-final/example-3/QDESCP/mol_368_rdkit_conf_1/mol_368_rdkit_conf_1.xyz --pop --wbo --acc 0.2 --gfn 2 --chrg 0 --uhf 0 --etemp 300 --input /home/svss/Project-DBcg-Debug/aqme2_20220329/End-to-End-workflows-final/example-3/QDESCP/mol_368_rdkit_conf_1/mol_368_rdkit_conf_1_xtb.inp", "method": "GFN2-xTB", "xtb version": "6.3.3 (7355c4f)", "Dipole module/D": 2.066, "Total charge": 0, "Transition dipole module/D": NaN, "HOMO": -11.3474, "LUMO": -6.4809, "HOMO occupancy": 2.0, "LUMO occupancy": 0, "mulliken charges": [-0.07748, -0.07106, 0.57292, -0.52756, -0.41941, 0.17546, 0.04204, 0.04205, 0.02959, 0.05519, 0.05519, 0.03585, 0.04361, 0.04361], "cm5 charges": [-0.22536, -0.17157, 0.62207, -0.57685, -0.5062, 0.05579, 0.09515, 0.09516, 0.08052, 0.11338, 0.11337, 0.09488, 0.10482, 0.10483], "FUKUI+": [0.034, 0.028, -0.189, -0.286, -0.126, 0.048, -0.034, -0.034, -0.064, -0.101, -0.101, -0.077, -0.049, -0.049], "FUKUI-": [0.018, -0.01, -0.02, -0.172, -0.108, 0.028, -0.093, -0.093, -0.12, -0.096, -0.096, -0.085, -0.076, -0.076], "FUKUIrad": [0.026, 0.009, -0.105, -0.229, -0.117, 0.038, -0.063, -0.063, -0.092, -0.098, -0.098, -0.081, -0.063, -0.063], "s proportion": [1.005, 1.034, 0.991, 1.731, 1.698, 0.973, 0.958, 0.958, 0.97, 0.945, 0.945, 0.964, 0.956, 0.956], "p proportion": [3.072, 3.037, 2.436, 4.797, 4.721, 2.852, 0.0, 0.0, 0.0, 0.0, 0.0, 0.0, 0.0, 0.0], "d proportion": [0.0, 0.0, 0.0, 0.0, 0.0, 0.0, 0.0, 0.0, 0.0, 0.0, 0.0, 0.0, 0.0, 0.0], "Fermi-level/eV": -8.9142, "Coordination numbers": [3.751, 3.801, 2.723, 0.856, 1.703, 3.655, 0.924, 0.924, 0.924, 0.924, 0.924, 0.924, 0.924, 0.924], "Dispersion coefficient C6": [22.529, 22.095, 21.049, 21.672, 18.497, 20.291, 2.301, 2.301, 2.42, 2.09, 2.091, 2.152, 2.176, 2.176], "Total dispersion C6": 1543.041867, "Total dispersion C8": 32700.477716, "Polarizability alpha": [6.769, 6.692, 7.511, 6.242, 5.807, 6.467, 2.372, 2.372, 2.433, 2.261, 2.261, 2.294, 2.307, 2.307], "Total polarizability alpha": 58.094216, "Wiberg matrix": [[0.0, 1.020484568983055, 0.0, 0.0, 0.0, 0.0, 0.9863630530377975, 0.9863635999823701, 0.986764534153511, 0.0, 0.0, 0.0, 0.0, 0.0], [1.020484568983055, 0.0, 0.9788954848773499, 0.0, 0.0, 0.0, 0.0, 0.0, 0.0, 0.9540285678012432, 0.9540186390881483, 0.0, 0.0, 0.0], [0.0, 0.9788954848773499, 0.0, 1.766929569628808, 1.1101153831574169, 0.0, 0.0, 0.0, 0.0, 0.0, 0.0, 0.0, 0.0, 0.0], [0.0, 0.0, 1.766929569628808, 0.0, 0.16885341022066153, 0.0, 0.0, 0.0, 0.0, 0.0, 0.0, 0.0, 0.0, 0.0], [0.0, 0.0, 1.1101153831574169, 0.16885341022066153, 0.0, 0.9605650368903184, 0.0, 0.0, 0.0, 0.0, 0.0, 0.0, 0.0, 0.0], [0.0, 0.0, 0.0, 0.0, 0.9605650368903184, 0.0, 0.0, 0.0, 0.0, 0.0, 0.0, 0.9818760582263788, 0.9781797819293282, 0.9781803133911925], [0.9863630530377975, 0.0, 0.0, 0.0, 0.0, 0.0, 0.0, 0.0, 0.0, 0.0, 0.0, 0.0, 0.0, 0.0], [0.9863635999823701, 0.0, 0.0, 0.0, 0.0, 0.0, 0.0, 0.0, 0.0, 0.0, 0.0, 0.0, 0.0, 0.0], [0.986764534153511, 0.0, 0.0, 0.0, 0.0, 0.0, 0.0, 0.0, 0.0, 0.0, 0.0, 0.0, 0.0, 0.0], [0.0, 0.9540285678012432, 0.0, 0.0, 0.0, 0.0, 0.0, 0.0, 0.0, 0.0, 0.0, 0.0, 0.0, 0.0], [0.0, 0.9540186390881483, 0.0, 0.0, 0.0, 0.0, 0.0, 0.0, 0.0, 0.0, 0.0, 0.0, 0.0, 0.0], [0.0, 0.0, 0.0, 0.0, 0.0, 0.9818760582263788, 0.0, 0.0, 0.0, 0.0, 0.0, 0.0, 0.0, 0.0], [0.0, 0.0, 0.0, 0.0, 0.0, 0.9781797819293282, 0.0, 0.0, 0.0, 0.0, 0.0, 0.0, 0.0, 0.0], [0.0, 0.0, 0.0, 0.0, 0.0, 0.9781803133911925, 0.0, 0.0, 0.0, 0.0, 0.0, 0.0, 0.0, 0.0]], "Born radii": [], "Atomic SASAs": [], "Solvent H bonds": [], "Total SASA": NaN, "Total FOD": 0.0, "FOD": [0.0, 0.0, 0.0, 0.0, 0.0, 0.0, 0.0, 0.0, 0.0, 0.0, 0.0, 0.0, 0.0, 0.0], "FOD s proportion": [0.0, 0.0, 0.0, 0.0, 0.0, 0.0, 0.0, 0.0, 0.0, 0.0, 0.0, 0.0, 0.0, 0.0], "FOD p proportion": [0.0, 0.0, 0.0, 0.0, 0.0, 0.0, 0.0, 0.0, 0.0, 0.0, 0.0, 0.0, 0.0, 0.0], "FOD d proportion": [0.0, 0.0, 0.0, 0.0, 0.0, 0.0, 0.0, 0.0, 0.0, 0.0, 0.0, 0.0, 0.0, 0.0], "coordinates": [["-2.15130", "0.46620", "0.61660"], ["-1.09840", "0.22550", "-0.45100"], ["0.26050", "-0.05290", "0.14550"], ["0.51950", "-0.08830", "1.33980"], ["1.16050", "-0.26000", "-0.85810"], ["2.48570", "-0.53360", "-0.40110"], ["-2.25440", "-0.40590", "1.27090"], ["-1.88740", "1.32500", "1.24270"], ["-3.12360", "0.66480", "0.15530"], ["-1.39160", "-0.63450", "-1.06210"], ["-1.02150", "1.11110", "-1.09050"], ["3.12220", "-0.68280", "-1.27770"], ["2.50300", "-1.44860", "0.19920"], ["2.87670", "0.31390", "0.17050"]], "bond_dist": [[0.0, 1.5186522511753637, 2.511608898694221, 2.8219959479063745, 3.697313317802536, 4.851503100071152, 1.095123970151325, 1.0950716232283622, 1.0943522924543085, 2.1463266922814896, 2.146283872184665, 5.719997879370236, 5.0500683450820745, 5.050047970069196], [1.5186522511753637, 0.0, 1.509943051906263, 2.4337287215299903, 2.3460754186513273, 3.6639453639485406, 2.1679348629513755, 2.1679577809542323, 2.1591709566405344, 1.0949928995203575, 1.095062199146697, 4.395669020752131, 4.024357440635709, 4.0243629085856565], [2.511608898694221, 1.509943051906263, 0.0, 1.2225737810046478, 1.363856066452762, 2.341230251384942, 2.7777429992711706, 2.7777564076066854, 3.45938175690397, 2.1274375972046746, 2.127467038522571, 3.2575449559445837, 2.6419062114314356, 2.6419064480030325], [2.8219959479063745, 2.4337287215299903, 1.2225737810046478, 0.0, 2.29589335553723, 2.663637989667515, 2.792872746832551, 2.7928503200135877, 3.9041487510083424, 3.1176531654435204, 3.1176272147259687, 3.7388211765207493, 2.6618896859186334, 2.6618450687446105], [3.697313317802536, 2.3460754186513273, 1.363856066452762, 2.29589335553723, 0.0, 1.4282370251467364, 4.026843654774792, 4.026820091585916, 4.498416100140138, 2.5874853931954864, 2.5874792694821735, 2.0501441144465917, 2.0815762056672344, 2.0815190630883014], [4.851503100071152, 3.6639453639485406, 2.341230251384942, 2.663637989667515, 1.4282370251467364, 0.0, 5.027965721840196, 5.02796937242064, 5.76281094692512, 3.9345339114055173, 3.934559986834614, 1.0935357561598065, 1.094479045025532, 1.0944696478203495], [1.095123970151325, 2.1679348629513755, 2.7777429992711706, 2.792872746832551, 4.026843654774792, 5.027965721840196, 0.0, 1.7696042071604599, 1.7738293294451979, 2.4979132891275473, 3.0655409587868827, 5.956497555611016, 4.986844587512228, 5.296902812965327], [1.0950716232283622, 2.1679577809542323, 2.7777564076066854, 2.7928503200135877, 4.026820091585916, 5.02796937242064, 1.7696042071604599, 0.0, 1.773835742113683, 3.065544149086749, 2.4978707452548456, 5.9564896675810655, 5.2969199890124825, 4.986841170520673], [1.0943522924543085, 2.1591709566405344, 3.45938175690397, 3.9041487510083424, 4.498416100140138, 5.76281094692512, 1.7738293294451979, 1.773835742113683, 0.0, 2.4839620065532406, 2.4839536509363453, 6.5482465133805094, 6.010575207914796, 6.010570849761277], [2.1463266922814896, 1.0949928995203575, 2.1274375972046746, 3.1176531654435204, 2.5874853931954864, 3.9345339114055173, 2.4979132891275473, 3.065544149086749, 2.4839620065532406, 0.0, 1.7846287933349052, 4.519204209813936, 4.17391251225993, 4.54281302828985], [2.146283872184665, 1.095062199146697, 2.127467038522571, 3.1176272147259687, 2.5874792694821735, 3.934559986834614, 3.0655409587868827, 2.4978707452548456, 2.4839536509363453, 1.7846287933349052, 0.0, 4.519222360096923, 4.542850474096633, 4.173920468815859], [5.719997879370236, 4.395669020752131, 3.2575449559445837, 3.7388211765207493, 2.0501441144465917, 1.0935357561598065, 5.956497555611016, 5.9564896675810655, 6.5482465133805094, 4.519204209813936, 4.519222360096923, 0.0, 1.7751315134378074, 1.775095597425671], [5.0500683450820745, 4.024357440635709, 2.6419062114314356, 2.6618896859186334, 2.0815762056672344, 1.094479045025532, 4.986844587512228, 5.2969199890124825, 6.010575207914796, 4.17391251225993, 4.542850474096633, 1.7751315134378074, 0.0, 1.801910549944142], [5.050047970069196, 4.0243629085856565, 2.6419064480030325, 2.6618450687446105, 2.0815190630883014, 1.0944696478203495, 5.296902812965327, 4.986841170520673, 6.010570849761277, 4.54281302828985, 4.173920468815859, 1.775095597425671, 1.801910549944142, 0.0]]}