{"total energy": -75.03030791, "HOMO-LUMO gap/eV": 0.93805678, "electronic energy": -75.68312843, "dipole": [-0.60313675, -0.37583332, -0.0357755], "partial charges": [-0.1040539, -0.05347734, -0.06766676, 0.00487938, -0.16980048, 0.01405023, -0.11157832, 0.10393387, 0.01630562, -0.0140673, -0.00536794, -0.01467997, 0.01046211, 0.54325514, -0.352941, -0.35199085, 0.48206941, -0.19322003, -0.19322318, -0.19395569, 0.55277427, -0.34460564, -0.34908077, 0.03705966, 0.03476503, 0.03687912, 0.03197755, 0.03857427, 0.0472407, 0.04325269, 0.04031299, 0.04683697, 0.04544955, 0.0321431, 0.05812104, 0.04807791, 0.05004059, 0.10215717, 0.09909082], "atomic dipole moments": [[-0.03194834, 0.01473687, -0.10066047], [0.11475951, 0.01595471, 0.02381837], [0.01986592, -0.12106476, 0.05027226], [0.05436586, 0.09550214, -0.10408203], [0.10291137, -0.18945818, 0.06896585], [-0.05492874, 0.09616946, 0.09926255], [0.10989331, -0.03465743, 0.06486748], [-0.06665538, -0.03219196, -0.01627983], [-0.11067137, 0.09718079, -0.06393101], [-0.01162585, -0.05063273, 0.0015126], [0.13809959, 0.04978813, 0.04608549], [-0.0333195, 0.03300436, -0.01791758], [-0.03641037, -0.1624037, 0.00800748], [-0.00907152, -0.06265113, 0.00308023], [0.10004298, 0.07725571, -0.21503831], [-0.06579651, 0.13063288, 0.1996074], [0.16650579, 0.05766154, 0.04756222], [-0.17628213, 0.00911321, 0.20486746], [0.00651444, -0.2555642, -0.08928517], [-0.10118521, 0.15214419, -0.20012718], [-0.0404372, 0.03313716, -0.0214632], [0.01804816, 0.00139069, 0.24578126], [0.10820811, -0.14833203, -0.16758052], [-0.09886039, -0.02489262, 0.07364827], [0.07821729, -0.09906168, 0.01031861], [0.05762815, 0.10264489, 0.04785174], [-0.05652247, -0.10243621, -0.04055284], [-0.08834839, 0.08541371, 0.00145415], [-0.05432976, 0.03310277, -0.10746694], [0.04858695, 0.10910248, 0.04056711], [0.05564205, -0.01636307, 0.11646499], [-0.05516844, -0.11406856, -0.02330829], [0.09803344, 0.02195924, -0.08357272], [0.0020007, -0.12226675, 0.01953649], [-0.01114679, 0.12751779, -0.02440037], [-0.10683005, -0.03518949, 0.05908396], [-0.00011327, -0.06117859, -0.11380858], [0.0392992, 0.15848881, -0.0108374], [0.11136893, -0.1048421, 0.05828373]], "atomic quadrupole moments": [[-0.07129286, -0.01533118, -0.12213279, 0.09976529, -0.04922283, 0.19342566], [-8.967e-05, 0.0589764, -0.18537741, -0.05138411, -0.10628849, 0.18546708], [0.11840141, -0.10791543, -0.02481223, -0.17947951, -0.04618491, -0.09358918], [0.0882895, -0.05553622, -0.07715508, -0.24029224, -0.07519576, -0.01113442], [0.05192837, 0.08241476, -0.08982826, -0.01632426, 0.06859351, 0.03789989], [-0.02813966, -0.03838888, -0.12168239, 0.13595062, 0.17493263, 0.14982205], [0.13394454, -0.07600952, -0.12277679, 0.16815343, -0.03111448, -0.01116775], [-0.10311701, 0.01963364, -0.30424325, -0.22322903, 0.14634023, 0.40736026], [-0.13223774, -0.29012412, -0.18105532, -0.13984656, -0.00086754, 0.31329306], [-0.15554264, -0.07598166, -0.29236928, -0.27073054, 0.12174859, 0.44791192], [0.01567673, 0.05715751, -0.30767057, -0.15772428, 0.12668478, 0.29199384], [-0.19308749, -0.00869441, -0.25007318, -0.2925693, 0.11313612, 0.44316067], [-0.34512551, 0.07205527, 0.09244793, -0.28605608, 0.06015156, 0.25267759], [0.22764107, -0.05075665, -0.18841506, 0.13172788, -0.00938292, -0.03922601], [0.14308392, -0.00272088, -0.19193831, 0.03356506, -0.09259223, 0.04885439], [0.12100995, -0.07892448, -0.14001374, 0.070912, 0.10701061, 0.01900379], [-0.22717673, -0.13913257, 0.13131587, -0.10906376, -0.05279505, 0.09586086], [-0.00470941, -0.00929907, -0.03798505, -0.06559375, 0.00411984, 0.04269446], [-0.04774956, -0.01807587, 0.07316587, -0.0076081, 0.03414257, -0.02541631], [-0.03853414, -0.02725722, 0.00975722, 0.02367037, -0.05672197, 0.02877693], [0.09905375, 0.22935735, 0.01347534, -0.03572705, 0.01667464, -0.11252909], [0.01149307, 0.18740127, -0.0720941, 0.00486688, -0.0094847, 0.06060103], [0.06352519, 0.11032628, 0.02604442, -0.10475717, 0.09880621, -0.08956961], [0.04662089, 0.01747181, -0.04900065, -0.04701312, -0.01862783, 0.00237977], [0.00304474, -0.06439012, 0.0244958, -0.00051076, 0.0103847, -0.02754054], [-0.02351185, 0.04802508, 0.04909396, 0.02190339, 0.02085754, -0.02558211], [-0.03619878, 0.02905505, 0.03984414, 0.00715821, 0.0220813, -0.00364536], [-0.00395407, -0.04873217, 0.01489311, -0.0112314, -0.00748711, -0.01093904], [-0.0078842, -0.00845221, -0.04347123, 0.02403965, -0.00415688, 0.05135543], [0.00173745, 0.02790818, 0.01776884, 0.01644922, 0.03386649, -0.01950629], [0.02016169, -0.01198359, -0.03730384, 0.02902985, 0.00857588, 0.01714215], [-0.00350657, 0.02368132, 0.01760297, -0.00198457, 0.03531452, -0.0140964], [0.03411264, 0.03156008, -0.03101029, -0.01353973, -0.01238501, -0.00310235], [-0.03064411, 0.00405073, 0.03358933, 0.01685836, -0.02219003, -0.00294522], [-0.02921924, 0.0051235, 0.07518327, 0.00479744, -0.01660399, -0.04596404], [0.03288904, 0.02301093, -0.03463241, -0.04949695, -0.03075479, 0.00174337], [-0.0307258, -0.0105719, -0.0180039, -0.00587227, 0.05734555, 0.04872971], [0.02000474, -0.0034642, 0.01566608, 0.03087366, -0.0134723, -0.03567082], [0.01002207, 0.01354504, 0.03202787, 0.0223451, -0.00607669, -0.04204995]], "number of molecular orbitals": 108, "number of electrons": 128, "number of unpaired electrons": 0, "orbital energies/eV": [-24.54838076, -24.21349632, -24.19964114, -21.95895402, -21.76150607, -21.41121521, -21.21422505, -20.60232024, -20.36088093, -20.13935407, -19.49288517, -19.29272675, -18.97403564, -18.42178981, -18.35921036, -18.32321048, -17.90430891, -17.85534961, -17.76627475, -17.67855418, -17.58614983, -17.51205169, -17.37547447, -17.07212789, -16.9771926, -16.86693154, -16.82646068, -16.60333277, -16.34714912, -16.32225592, -15.97623797, -15.72695092, -15.62083624, -15.50215709, -15.48359093, -15.45102738, -15.22112945, -15.18681217, -15.1629773, -15.15968737, -14.92948103, -14.63890734, -14.45810794, -14.34061948, -14.25277338, -13.94563489, -13.87115196, -13.82554969, -13.70811613, -13.65866748, -13.51778491, -13.44648866, -13.37984489, -13.16453472, -13.1123556, -13.09320686, -12.88511202, -12.80398747, -12.76469017, -12.55963991, -12.1679855, -12.04436013, -11.97218572, -10.69416003, -9.75610325, -9.62069953, -8.88346584, -8.80888364, -5.67765584, -2.65186563, -1.7087428, -1.5397362, -0.43715691, -0.25789376, 0.59679726, 0.85737123, 1.75803631, 1.87724149, 2.06835254, 2.25473286, 2.3391117, 2.56433585, 2.96467271, 3.18399378, 3.41754371, 3.60341868, 3.65767288, 3.72910176, 3.90557367, 4.00273941, 4.33837765, 4.57490592, 4.92225637, 5.61909249, 5.69770983, 6.3759733, 6.64226752, 6.92623295, 6.97818675, 7.3589727, 7.52334901, 8.22678554, 8.59711936, 8.66836201, 9.11669879, 9.52602043, 13.37583603, 13.81840866], "fractional occupation": [2.0, 2.0, 2.0, 2.0, 2.0, 2.0, 2.0, 2.0, 2.0, 2.0, 2.0, 2.0, 2.0, 2.0, 2.0, 2.0, 2.0, 2.0, 2.0, 2.0, 2.0, 2.0, 2.0, 2.0, 2.0, 2.0, 2.0, 2.0, 2.0, 2.0, 2.0, 2.0, 2.0, 2.0, 2.0, 2.0, 2.0, 2.0, 2.0, 2.0, 2.0, 2.0, 2.0, 2.0, 2.0, 2.0, 2.0, 2.0, 2.0, 2.0, 2.0, 2.0, 2.0, 2.0, 2.0, 2.0, 2.0, 2.0, 2.0, 2.0, 2.0, 2.0, 2.0, 1.99999997, 3e-08, 0.0, 0.0, 0.0, 0.0, 0.0, 0.0, 0.0, 0.0, 0.0, 0.0, 0.0, 0.0, 0.0, 0.0, 0.0, 0.0, 0.0, 0.0, 0.0, 0.0, 0.0, 0.0, 0.0, 0.0, 0.0, 0.0, 0.0, 0.0, 0.0, 0.0, 0.0, 0.0, 0.0, 0.0, 0.0, 0.0, 0.0, 0.0, 0.0, 0.0, 0.0, 0.0, 0.0], "program call": "xtb /home/svss/Project-DBcg-Debug/aqme2_20220329/End-to-End-workflows-final/example-3/QDESCP/mol_834_rdkit_conf_19/mol_834_rdkit_conf_19.xyz --pop --wbo --acc 0.2 --gfn 2 --chrg 0 --uhf 0 --etemp 300 --input /home/svss/Project-DBcg-Debug/aqme2_20220329/End-to-End-workflows-final/example-3/QDESCP/mol_834_rdkit_conf_19/mol_834_rdkit_conf_19_xtb.inp", "method": "GFN2-xTB", "xtb version": "6.3.3 (7355c4f)", "Dipole module/D": 1.808, "Total charge": 0, "Transition dipole module/D": NaN, "HOMO": -10.6942, "LUMO": -9.7561, "HOMO occupancy": 2.0, "LUMO occupancy": 0, "mulliken charges": [-0.08766, -0.0403, -0.05917, 0.08838, -0.34905, 0.1, -0.09039, 0.17842, 0.0433, 0.00017, -0.01248, 9e-05, 0.03515, 0.68992, -0.44483, -0.44542, 0.63883, -0.23549, -0.2359, -0.23674, 0.69335, -0.4425, -0.44525, 0.03412, 0.02869, 0.02987, 0.02434, 0.03235, 0.03554, 0.03406, 0.02945, 0.03961, 0.03288, 0.03429, 0.04691, 0.03367, 0.03923, 0.09177, 0.09075], "cm5 charges": [-0.23809, -0.15258, -0.16377, 0.03838, -0.59696, 0.04884, -0.23536, 0.24834, 0.10665, -0.041, -0.01449, -0.04097, 0.09768, 0.52206, -0.40662, -0.40683, 0.69089, -0.25554, -0.25694, -0.25776, 0.52938, -0.40202, -0.40597, 0.08491, 0.08057, 0.08133, 0.07903, 0.08659, 0.09412, 0.09396, 0.09931, 0.10557, 0.09899, 0.10219, 0.10185, 0.08748, 0.09043, 0.15374, 0.15261], "FUKUI+": [0.005, 0.005, 0.001, 0.007, 0.002, 0.007, 0.008, -0.025, -0.008, -0.014, -0.034, -0.026, 0.002, -0.092, -0.12, -0.12, -0.002, -0.023, -0.021, -0.02, -0.088, -0.121, -0.122, -0.017, 0.003, -0.002, -0.011, -0.016, -0.007, 0.007, 0.0, -0.018, -0.005, -0.008, -0.003, -0.017, -0.024, -0.039, -0.042], "FUKUI-": [0.016, 0.007, -0.002, 0.016, -0.145, 0.023, 0.01, 0.024, -0.008, -0.009, -0.022, -0.009, -0.009, 0.005, -0.019, -0.03, -0.001, -0.017, -0.014, -0.014, 0.007, -0.024, -0.026, -0.055, -0.063, -0.04, -0.05, -0.09, -0.032, -0.036, -0.057, -0.047, -0.048, -0.08, -0.031, -0.021, -0.043, -0.032, -0.035], "FUKUIrad": [0.01, 0.006, -0.001, 0.012, -0.071, 0.015, 0.009, -0.001, -0.008, -0.011, -0.028, -0.018, -0.004, -0.044, -0.07, -0.075, -0.001, -0.02, -0.018, -0.017, -0.04, -0.072, -0.074, -0.036, -0.03, -0.021, -0.03, -0.053, -0.02, -0.015, -0.028, -0.033, -0.027, -0.044, -0.017, -0.019, -0.033, -0.035, -0.038], "s proportion": [1.008, 1.028, 1.037, 1.016, 1.454, 1.011, 1.012, 1.053, 1.073, 1.071, 1.076, 1.07, 1.074, 1.325, 1.746, 1.746, 1.023, 1.823, 1.822, 1.823, 1.324, 1.746, 1.747, 0.966, 0.971, 0.97, 0.976, 0.968, 0.964, 0.966, 0.971, 0.96, 0.967, 0.966, 0.953, 0.966, 0.961, 0.908, 0.909], "p proportion": [3.08, 3.013, 3.022, 2.896, 3.895, 2.889, 3.078, 2.769, 2.884, 2.929, 2.936, 2.93, 2.891, 2.985, 4.699, 4.699, 2.339, 5.412, 5.413, 5.414, 2.982, 4.696, 4.698, 0.0, 0.0, 0.0, 0.0, 0.0, 0.0, 0.0, 0.0, 0.0, 0.0, 0.0, 0.0, 0.0, 0.0, 0.0, 0.0], "d proportion": [0.0, 0.0, 0.0, 0.0, 0.0, 0.0, 0.0, 0.0, 0.0, 0.0, 0.0, 0.0, 0.0, 0.0, 0.0, 0.0, 0.0, 0.0, 0.0, 0.0, 0.0, 0.0, 0.0, 0.0, 0.0, 0.0, 0.0, 0.0, 0.0, 0.0, 0.0, 0.0, 0.0, 0.0, 0.0, 0.0, 0.0, 0.0, 0.0], "Fermi-level/eV": -10.2252, "Coordination numbers": [3.749, 3.799, 3.801, 3.742, 2.73, 3.743, 3.749, 2.904, 2.915, 2.911, 2.96, 2.912, 2.912, 2.759, 0.927, 0.927, 3.331, 0.788, 0.788, 0.788, 2.758, 0.927, 0.927, 0.924, 0.924, 0.924, 0.924, 0.924, 0.924, 0.924, 0.924, 0.924, 0.924, 0.924, 0.924, 0.924, 0.924, 0.924, 0.924], "Dispersion coefficient C6": [22.553, 21.536, 21.797, 20.571, 24.671, 20.411, 22.699, 25.701, 27.647, 28.364, 28.154, 28.378, 27.783, 13.552, 20.731, 20.713, 17.41, 11.166, 11.166, 11.173, 13.45, 20.574, 20.658, 2.488, 2.52, 2.491, 2.559, 2.468, 2.355, 2.406, 2.445, 2.36, 2.378, 2.556, 2.221, 2.344, 2.32, 1.765, 1.793], "Total dispersion C6": 16400.256911, "Total dispersion C8": 367040.605794, "Polarizability alpha": [6.773, 6.608, 6.647, 6.471, 7.377, 6.445, 6.795, 8.313, 8.622, 8.733, 8.703, 8.735, 8.643, 5.468, 6.106, 6.104, 6.619, 3.947, 3.947, 3.948, 5.447, 6.083, 6.095, 2.467, 2.482, 2.468, 2.501, 2.457, 2.4, 2.426, 2.445, 2.402, 2.411, 2.5, 2.331, 2.394, 2.382, 2.078, 2.094], "Total polarizability alpha": 190.869545, "Wiberg matrix": [[0.0, 1.021190552210252, 0.0, 0.0, 0.0, 0.0, 0.0, 0.0, 0.0, 0.0, 0.0, 0.0, 0.0, 0.0, 0.0, 0.0, 0.0, 0.0, 0.0, 0.0, 0.0, 0.0, 0.0, 0.9866113871579177, 0.9862772526038879, 0.9870911243662512, 0.0, 0.0, 0.0, 0.0, 0.0, 0.0, 0.0, 0.0, 0.0, 0.0, 0.0, 0.0, 0.0], [1.021190552210252, 0.0, 1.0040200217927409, 0.0, 0.0, 0.0, 0.0, 0.0, 0.0, 0.0, 0.0, 0.0, 0.0, 0.0, 0.0, 0.0, 0.0, 0.0, 0.0, 0.0, 0.0, 0.0, 0.0, 0.0, 0.0, 0.0, 0.9774007395980274, 0.9765912781694831, 0.0, 0.0, 0.0, 0.0, 0.0, 0.0, 0.0, 0.0, 0.0, 0.0, 0.0], [0.0, 1.0040200217927409, 0.0, 0.999801526757538, 0.0, 0.0, 0.0, 0.0, 0.0, 0.0, 0.0, 0.0, 0.0, 0.0, 0.0, 0.0, 0.0, 0.0, 0.0, 0.0, 0.0, 0.0, 0.0, 0.0, 0.0, 0.0, 0.0, 0.0, 0.9740095137936085, 0.9757063877088458, 0.0, 0.0, 0.0, 0.0, 0.0, 0.0, 0.0, 0.0, 0.0], [0.0, 0.0, 0.999801526757538, 0.0, 0.9585150525954288, 0.0, 0.0, 0.0, 0.0, 0.0, 0.0, 0.0, 0.0, 0.0, 0.0, 0.0, 0.0, 0.0, 0.0, 0.0, 0.0, 0.0, 0.0, 0.0, 0.0, 0.0, 0.0, 0.0, 0.0, 0.0, 0.9707635435016008, 0.9677464786489344, 0.0, 0.0, 0.0, 0.0, 0.0, 0.0, 0.0], [0.0, 0.0, 0.0, 0.9585150525954288, 0.0, 0.9573469733162673, 0.0, 1.064786079549049, 0.0, 0.0, 0.0, 0.0, 0.0, 0.0, 0.0, 0.0, 0.0, 0.0, 0.0, 0.0, 0.0, 0.0, 0.0, 0.0, 0.0, 0.0, 0.0, 0.0, 0.0, 0.0, 0.0, 0.0, 0.0, 0.0, 0.0, 0.0, 0.0, 0.0, 0.0], [0.0, 0.0, 0.0, 0.0, 0.9573469733162673, 0.0, 1.015793457748777, 0.0, 0.0, 0.0, 0.0, 0.0, 0.0, 0.0, 0.0, 0.0, 0.0, 0.0, 0.0, 0.0, 0.0, 0.0, 0.0, 0.0, 0.0, 0.0, 0.0, 0.0, 0.0, 0.0, 0.0, 0.0, 0.9741035537798212, 0.9680527648760852, 0.0, 0.0, 0.0, 0.0, 0.0], [0.0, 0.0, 0.0, 0.0, 0.0, 1.015793457748777, 0.0, 0.0, 0.0, 0.0, 0.0, 0.0, 0.0, 0.0, 0.0, 0.0, 0.0, 0.0, 0.0, 0.0, 0.0, 0.0, 0.0, 0.0, 0.0, 0.0, 0.0, 0.0, 0.0, 0.0, 0.0, 0.0, 0.0, 0.0, 0.9841701706383836, 0.9847286435971476, 0.9810666031651658, 0.0, 0.0], [0.0, 0.0, 0.0, 0.0, 1.064786079549049, 0.0, 0.0, 0.0, 1.342496040638169, 0.0, 0.0, 0.0, 1.3379860225685416, 0.0, 0.0, 0.0, 0.0, 0.0, 0.0, 0.0, 0.0, 0.0, 0.0, 0.0, 0.0, 0.0, 0.0, 0.0, 0.0, 0.0, 0.0, 0.0, 0.0, 0.0, 0.0, 0.0, 0.0, 0.0, 0.0], [0.0, 0.0, 0.0, 0.0, 0.0, 0.0, 0.0, 1.342496040638169, 0.0, 1.4083666191881525, 0.0, 0.10317918279854399, 0.0, 0.0, 0.0, 0.0, 0.0, 0.0, 0.0, 0.0, 0.935488808913359, 0.0, 0.0, 0.0, 0.0, 0.0, 0.0, 0.0, 0.0, 0.0, 0.0, 0.0, 0.0, 0.0, 0.0, 0.0, 0.0, 0.0, 0.0], [0.0, 0.0, 0.0, 0.0, 0.0, 0.0, 0.0, 0.0, 1.4083666191881525, 0.0, 1.4106620598190578, 0.0, 0.10319450080652072, 0.0, 0.0, 0.0, 0.0, 0.0, 0.0, 0.0, 0.0, 0.0, 0.0, 0.0, 0.0, 0.0, 0.0, 0.0, 0.0, 0.0, 0.0, 0.0, 0.0, 0.0, 0.0, 0.0, 0.0, 0.9589393044705418, 0.0], [0.0, 0.0, 0.0, 0.0, 0.0, 0.0, 0.0, 0.0, 0.0, 1.4106620598190578, 0.0, 1.4097358186242392, 0.0, 0.0, 0.0, 0.0, 0.9533335743235231, 0.0, 0.0, 0.0, 0.0, 0.0, 0.0, 0.0, 0.0, 0.0, 0.0, 0.0, 0.0, 0.0, 0.0, 0.0, 0.0, 0.0, 0.0, 0.0, 0.0, 0.0, 0.0], [0.0, 0.0, 0.0, 0.0, 0.0, 0.0, 0.0, 0.0, 0.10317918279854399, 0.0, 1.4097358186242392, 0.0, 1.4061666662335206, 0.0, 0.0, 0.0, 0.0, 0.0, 0.0, 0.0, 0.0, 0.0, 0.0, 0.0, 0.0, 0.0, 0.0, 0.0, 0.0, 0.0, 0.0, 0.0, 0.0, 0.0, 0.0, 0.0, 0.0, 0.0, 0.9598263377152187], [0.0, 0.0, 0.0, 0.0, 0.0, 0.0, 0.0, 1.3379860225685416, 0.0, 0.10319450080652072, 0.0, 1.4061666662335206, 0.0, 0.9352456989755444, 0.0, 0.0, 0.0, 0.0, 0.0, 0.0, 0.0, 0.0, 0.0, 0.0, 0.0, 0.0, 0.0, 0.0, 0.0, 0.0, 0.0, 0.0, 0.0, 0.0, 0.0, 0.0, 0.0, 0.0, 0.0], [0.0, 0.0, 0.0, 0.0, 0.0, 0.0, 0.0, 0.0, 0.0, 0.0, 0.0, 0.0, 0.9352456989755444, 0.0, 1.4650194361056903, 1.4655607127885482, 0.0, 0.0, 0.0, 0.0, 0.0, 0.0, 0.0, 0.0, 0.0, 0.0, 0.0, 0.0, 0.0, 0.0, 0.0, 0.0, 0.0, 0.0, 0.0, 0.0, 0.0, 0.0, 0.0], [0.0, 0.0, 0.0, 0.0, 0.0, 0.0, 0.0, 0.0, 0.0, 0.0, 0.0, 0.0, 0.0, 1.4650194361056903, 0.0, 0.39922273272369296, 0.0, 0.0, 0.0, 0.0, 0.0, 0.0, 0.0, 0.0, 0.0, 0.0, 0.0, 0.0, 0.0, 0.0, 0.0, 0.0, 0.0, 0.0, 0.0, 0.0, 0.0, 0.0, 0.0], [0.0, 0.0, 0.0, 0.0, 0.0, 0.0, 0.0, 0.0, 0.0, 0.0, 0.0, 0.0, 0.0, 1.4655607127885482, 0.39922273272369296, 0.0, 0.0, 0.0, 0.0, 0.0, 0.0, 0.0, 0.0, 0.0, 0.0, 0.0, 0.0, 0.0, 0.0, 0.0, 0.0, 0.0, 0.0, 0.0, 0.0, 0.0, 0.0, 0.0, 0.0], [0.0, 0.0, 0.0, 0.0, 0.0, 0.0, 0.0, 0.0, 0.0, 0.0, 0.9533335743235231, 0.0, 0.0, 0.0, 0.0, 0.0, 0.0, 0.9487192541688557, 0.9540357359659075, 0.9531149138515496, 0.0, 0.0, 0.0, 0.0, 0.0, 0.0, 0.0, 0.0, 0.0, 0.0, 0.0, 0.0, 0.0, 0.0, 0.0, 0.0, 0.0, 0.0, 0.0], [0.0, 0.0, 0.0, 0.0, 0.0, 0.0, 0.0, 0.0, 0.0, 0.0, 0.0, 0.0, 0.0, 0.0, 0.0, 0.0, 0.9487192541688557, 0.0, 0.0, 0.0, 0.0, 0.0, 0.0, 0.0, 0.0, 0.0, 0.0, 0.0, 0.0, 0.0, 0.0, 0.0, 0.0, 0.0, 0.0, 0.0, 0.0, 0.0, 0.0], [0.0, 0.0, 0.0, 0.0, 0.0, 0.0, 0.0, 0.0, 0.0, 0.0, 0.0, 0.0, 0.0, 0.0, 0.0, 0.0, 0.9540357359659075, 0.0, 0.0, 0.0, 0.0, 0.0, 0.0, 0.0, 0.0, 0.0, 0.0, 0.0, 0.0, 0.0, 0.0, 0.0, 0.0, 0.0, 0.0, 0.0, 0.0, 0.0, 0.0], [0.0, 0.0, 0.0, 0.0, 0.0, 0.0, 0.0, 0.0, 0.0, 0.0, 0.0, 0.0, 0.0, 0.0, 0.0, 0.0, 0.9531149138515496, 0.0, 0.0, 0.0, 0.0, 0.0, 0.0, 0.0, 0.0, 0.0, 0.0, 0.0, 0.0, 0.0, 0.0, 0.0, 0.0, 0.0, 0.0, 0.0, 0.0, 0.0, 0.0], [0.0, 0.0, 0.0, 0.0, 0.0, 0.0, 0.0, 0.0, 0.935488808913359, 0.0, 0.0, 0.0, 0.0, 0.0, 0.0, 0.0, 0.0, 0.0, 0.0, 0.0, 0.0, 1.4729302585734216, 1.4696231440955783, 0.0, 0.0, 0.0, 0.0, 0.0, 0.0, 0.0, 0.0, 0.0, 0.0, 0.0, 0.0, 0.0, 0.0, 0.0, 0.0], [0.0, 0.0, 0.0, 0.0, 0.0, 0.0, 0.0, 0.0, 0.0, 0.0, 0.0, 0.0, 0.0, 0.0, 0.0, 0.0, 0.0, 0.0, 0.0, 0.0, 1.4729302585734216, 0.0, 0.4039873207100422, 0.0, 0.0, 0.0, 0.0, 0.0, 0.0, 0.0, 0.0, 0.0, 0.0, 0.0, 0.0, 0.0, 0.0, 0.0, 0.0], [0.0, 0.0, 0.0, 0.0, 0.0, 0.0, 0.0, 0.0, 0.0, 0.0, 0.0, 0.0, 0.0, 0.0, 0.0, 0.0, 0.0, 0.0, 0.0, 0.0, 1.4696231440955783, 0.4039873207100422, 0.0, 0.0, 0.0, 0.0, 0.0, 0.0, 0.0, 0.0, 0.0, 0.0, 0.0, 0.0, 0.0, 0.0, 0.0, 0.0, 0.0], [0.9866113871579177, 0.0, 0.0, 0.0, 0.0, 0.0, 0.0, 0.0, 0.0, 0.0, 0.0, 0.0, 0.0, 0.0, 0.0, 0.0, 0.0, 0.0, 0.0, 0.0, 0.0, 0.0, 0.0, 0.0, 0.0, 0.0, 0.0, 0.0, 0.0, 0.0, 0.0, 0.0, 0.0, 0.0, 0.0, 0.0, 0.0, 0.0, 0.0], [0.9862772526038879, 0.0, 0.0, 0.0, 0.0, 0.0, 0.0, 0.0, 0.0, 0.0, 0.0, 0.0, 0.0, 0.0, 0.0, 0.0, 0.0, 0.0, 0.0, 0.0, 0.0, 0.0, 0.0, 0.0, 0.0, 0.0, 0.0, 0.0, 0.0, 0.0, 0.0, 0.0, 0.0, 0.0, 0.0, 0.0, 0.0, 0.0, 0.0], [0.9870911243662512, 0.0, 0.0, 0.0, 0.0, 0.0, 0.0, 0.0, 0.0, 0.0, 0.0, 0.0, 0.0, 0.0, 0.0, 0.0, 0.0, 0.0, 0.0, 0.0, 0.0, 0.0, 0.0, 0.0, 0.0, 0.0, 0.0, 0.0, 0.0, 0.0, 0.0, 0.0, 0.0, 0.0, 0.0, 0.0, 0.0, 0.0, 0.0], [0.0, 0.9774007395980274, 0.0, 0.0, 0.0, 0.0, 0.0, 0.0, 0.0, 0.0, 0.0, 0.0, 0.0, 0.0, 0.0, 0.0, 0.0, 0.0, 0.0, 0.0, 0.0, 0.0, 0.0, 0.0, 0.0, 0.0, 0.0, 0.0, 0.0, 0.0, 0.0, 0.0, 0.0, 0.0, 0.0, 0.0, 0.0, 0.0, 0.0], [0.0, 0.9765912781694831, 0.0, 0.0, 0.0, 0.0, 0.0, 0.0, 0.0, 0.0, 0.0, 0.0, 0.0, 0.0, 0.0, 0.0, 0.0, 0.0, 0.0, 0.0, 0.0, 0.0, 0.0, 0.0, 0.0, 0.0, 0.0, 0.0, 0.0, 0.0, 0.0, 0.0, 0.0, 0.0, 0.0, 0.0, 0.0, 0.0, 0.0], [0.0, 0.0, 0.9740095137936085, 0.0, 0.0, 0.0, 0.0, 0.0, 0.0, 0.0, 0.0, 0.0, 0.0, 0.0, 0.0, 0.0, 0.0, 0.0, 0.0, 0.0, 0.0, 0.0, 0.0, 0.0, 0.0, 0.0, 0.0, 0.0, 0.0, 0.0, 0.0, 0.0, 0.0, 0.0, 0.0, 0.0, 0.0, 0.0, 0.0], [0.0, 0.0, 0.9757063877088458, 0.0, 0.0, 0.0, 0.0, 0.0, 0.0, 0.0, 0.0, 0.0, 0.0, 0.0, 0.0, 0.0, 0.0, 0.0, 0.0, 0.0, 0.0, 0.0, 0.0, 0.0, 0.0, 0.0, 0.0, 0.0, 0.0, 0.0, 0.0, 0.0, 0.0, 0.0, 0.0, 0.0, 0.0, 0.0, 0.0], [0.0, 0.0, 0.0, 0.9707635435016008, 0.0, 0.0, 0.0, 0.0, 0.0, 0.0, 0.0, 0.0, 0.0, 0.0, 0.0, 0.0, 0.0, 0.0, 0.0, 0.0, 0.0, 0.0, 0.0, 0.0, 0.0, 0.0, 0.0, 0.0, 0.0, 0.0, 0.0, 0.0, 0.0, 0.0, 0.0, 0.0, 0.0, 0.0, 0.0], [0.0, 0.0, 0.0, 0.9677464786489344, 0.0, 0.0, 0.0, 0.0, 0.0, 0.0, 0.0, 0.0, 0.0, 0.0, 0.0, 0.0, 0.0, 0.0, 0.0, 0.0, 0.0, 0.0, 0.0, 0.0, 0.0, 0.0, 0.0, 0.0, 0.0, 0.0, 0.0, 0.0, 0.0, 0.0, 0.0, 0.0, 0.0, 0.0, 0.0], [0.0, 0.0, 0.0, 0.0, 0.0, 0.9741035537798212, 0.0, 0.0, 0.0, 0.0, 0.0, 0.0, 0.0, 0.0, 0.0, 0.0, 0.0, 0.0, 0.0, 0.0, 0.0, 0.0, 0.0, 0.0, 0.0, 0.0, 0.0, 0.0, 0.0, 0.0, 0.0, 0.0, 0.0, 0.0, 0.0, 0.0, 0.0, 0.0, 0.0], [0.0, 0.0, 0.0, 0.0, 0.0, 0.9680527648760852, 0.0, 0.0, 0.0, 0.0, 0.0, 0.0, 0.0, 0.0, 0.0, 0.0, 0.0, 0.0, 0.0, 0.0, 0.0, 0.0, 0.0, 0.0, 0.0, 0.0, 0.0, 0.0, 0.0, 0.0, 0.0, 0.0, 0.0, 0.0, 0.0, 0.0, 0.0, 0.0, 0.0], [0.0, 0.0, 0.0, 0.0, 0.0, 0.0, 0.9841701706383836, 0.0, 0.0, 0.0, 0.0, 0.0, 0.0, 0.0, 0.0, 0.0, 0.0, 0.0, 0.0, 0.0, 0.0, 0.0, 0.0, 0.0, 0.0, 0.0, 0.0, 0.0, 0.0, 0.0, 0.0, 0.0, 0.0, 0.0, 0.0, 0.0, 0.0, 0.0, 0.0], [0.0, 0.0, 0.0, 0.0, 0.0, 0.0, 0.9847286435971476, 0.0, 0.0, 0.0, 0.0, 0.0, 0.0, 0.0, 0.0, 0.0, 0.0, 0.0, 0.0, 0.0, 0.0, 0.0, 0.0, 0.0, 0.0, 0.0, 0.0, 0.0, 0.0, 0.0, 0.0, 0.0, 0.0, 0.0, 0.0, 0.0, 0.0, 0.0, 0.0], [0.0, 0.0, 0.0, 0.0, 0.0, 0.0, 0.9810666031651658, 0.0, 0.0, 0.0, 0.0, 0.0, 0.0, 0.0, 0.0, 0.0, 0.0, 0.0, 0.0, 0.0, 0.0, 0.0, 0.0, 0.0, 0.0, 0.0, 0.0, 0.0, 0.0, 0.0, 0.0, 0.0, 0.0, 0.0, 0.0, 0.0, 0.0, 0.0, 0.0], [0.0, 0.0, 0.0, 0.0, 0.0, 0.0, 0.0, 0.0, 0.0, 0.9589393044705418, 0.0, 0.0, 0.0, 0.0, 0.0, 0.0, 0.0, 0.0, 0.0, 0.0, 0.0, 0.0, 0.0, 0.0, 0.0, 0.0, 0.0, 0.0, 0.0, 0.0, 0.0, 0.0, 0.0, 0.0, 0.0, 0.0, 0.0, 0.0, 0.0], [0.0, 0.0, 0.0, 0.0, 0.0, 0.0, 0.0, 0.0, 0.0, 0.0, 0.0, 0.9598263377152187, 0.0, 0.0, 0.0, 0.0, 0.0, 0.0, 0.0, 0.0, 0.0, 0.0, 0.0, 0.0, 0.0, 0.0, 0.0, 0.0, 0.0, 0.0, 0.0, 0.0, 0.0, 0.0, 0.0, 0.0, 0.0, 0.0, 0.0]], "Born radii": [], "Atomic SASAs": [], "Solvent H bonds": [], "Total SASA": NaN, "Total FOD": 0.0, "FOD": [0.0, 0.0, 0.0, 0.0, 0.0, 0.0, 0.0, 0.0, 0.0, 0.0, 0.0, 0.0, 0.0, 0.0, 0.0, 0.0, 0.0, 0.0, 0.0, 0.0, 0.0, 0.0, 0.0, 0.0, 0.0, 0.0, 0.0, 0.0, 0.0, 0.0, 0.0, 0.0, 0.0, 0.0, 0.0, 0.0, 0.0, 0.0, 0.0], "FOD s proportion": [0.0, 0.0, 0.0, 0.0, 0.0, 0.0, 0.0, 0.0, 0.0, 0.0, 0.0, 0.0, 0.0, 0.0, 0.0, 0.0, 0.0, 0.0, 0.0, 0.0, 0.0, 0.0, 0.0, 0.0, 0.0, 0.0, 0.0, 0.0, 0.0, 0.0, 0.0, 0.0, 0.0, 0.0, 0.0, 0.0, 0.0, 0.0, 0.0], "FOD p proportion": [0.0, 0.0, 0.0, 0.0, 0.0, 0.0, 0.0, 0.0, 0.0, 0.0, 0.0, 0.0, 0.0, 0.0, 0.0, 0.0, 0.0, 0.0, 0.0, 0.0, 0.0, 0.0, 0.0, 0.0, 0.0, 0.0, 0.0, 0.0, 0.0, 0.0, 0.0, 0.0, 0.0, 0.0, 0.0, 0.0, 0.0, 0.0, 0.0], "FOD d proportion": [0.0, 0.0, 0.0, 0.0, 0.0, 0.0, 0.0, 0.0, 0.0, 0.0, 0.0, 0.0, 0.0, 0.0, 0.0, 0.0, 0.0, 0.0, 0.0, 0.0, 0.0, 0.0, 0.0, 0.0, 0.0, 0.0, 0.0, 0.0, 0.0, 0.0, 0.0, 0.0, 0.0, 0.0, 0.0, 0.0, 0.0, 0.0, 0.0], "coordinates": [["-3.12600", "-0.36830", "2.79510"], ["-3.59310", "-0.14840", "1.36460"], ["-2.47470", "0.29280", "0.41840"], ["-1.38480", "-0.76780", "0.23380"], ["-0.46200", "-0.34820", "-0.84350"], ["-0.50160", "-1.13230", "-2.09460"], ["-1.75070", "-0.79970", "-2.89710"], ["0.82280", "0.03360", "-0.42800"], ["1.21640", "1.38370", "-0.50360"], ["2.47460", "1.85650", "-0.08170"], ["3.41820", "0.96370", "0.44110"], ["3.08050", "-0.39470", "0.50760"], ["1.80960", "-0.83210", "0.08060"], ["1.56720", "-2.25540", "0.17270"], ["1.09240", "-2.67790", "1.23440"], ["1.90020", "-2.94240", "-0.80150"], ["4.78340", "1.44510", "0.87640"], ["5.68450", "1.40650", "-0.13990"], ["4.77230", "2.72720", "1.32870"], ["5.30950", "0.69410", "1.88080"], ["0.30760", "2.36750", "-1.05910"], ["0.20270", "2.40570", "-2.29260"], ["-0.22720", "3.14570", "-0.25730"], ["-3.98300", "-0.58570", "3.44060"], ["-2.43580", "-1.21410", "2.86620"], ["-2.62450", "0.52250", "3.18630"], ["-4.05970", "-1.06600", "0.98800"], ["-4.37100", "0.62450", "1.36690"], ["-2.92280", "0.53750", "-0.55190"], ["-2.02610", "1.22110", "0.79170"], ["-0.85530", "-0.90060", "1.18370"], ["-1.84180", "-1.73410", "-0.01200"], ["0.37040", "-0.90210", "-2.72040"], ["-0.47920", "-2.20680", "-1.88120"], ["-1.81830", "0.27510", "-3.09410"], ["-2.65850", "-1.10410", "-2.36710"], ["-1.73340", "-1.32390", "-3.85790"], ["2.71310", "2.91790", "-0.16540"], ["3.80420", "-1.11620", "0.89100"]], "bond_dist": [[0.0, 1.5208118456929511, 2.5514599330579344, 3.122760858599326, 4.50962414952732, 5.6018155494446615, 5.871856341056037, 5.113014635222552, 5.727771246305145, 6.67775663228303, 7.081108221175553, 6.614680299152787, 5.651881814935623, 5.697741167339914, 5.056177925073444, 6.6950884094237315, 8.338371400339517, 9.454578271398464, 8.609041299703469, 8.551157728635346, 5.8420089215953785, 6.682814600151645, 5.483464525279616, 1.0947063578878127, 1.0939876096190486, 1.0945612499992863, 2.1503933105364705, 2.1390259652467996, 3.4733518220877078, 2.7838074520339946, 2.8347895406890435, 3.375557685775789, 6.552136724000805, 5.679208939632351, 6.066854167523727, 5.23529051056386, 6.864030530235134, 7.32521395591965, 7.225830281704656], [1.5208118456929511, 0.0, 1.529957659544865, 2.5571378316391162, 3.8365887009164794, 4.742520015772206, 4.68835966410428, 4.769351273496219, 5.382266427816445, 6.551976113356947, 7.158767097063572, 6.732907963874154, 5.595111167796401, 5.699892165646645, 5.326277550034358, 6.532592907873565, 8.540686959489852, 9.526546909557522, 8.84591890817455, 8.957262720831627, 5.2363665828511285, 5.857186721455959, 4.981057842466798, 2.1570881530433565, 2.174824668795165, 2.169535355784736, 1.0961445525112097, 1.0965893078085343, 2.1430662962213747, 2.158525807119294, 2.8450094006874562, 2.734323269110659, 5.741482468840256, 4.946574714891103, 4.817600334191288, 3.9638900766797254, 5.666991317268803, 7.177134116762763, 7.475358258304413], [2.5514599330579344, 1.529957659544865, 0.0, 1.5319371821324788, 2.4605352872901456, 3.498457177099642, 3.5651469114189394, 3.4142471864233848, 3.957823394240829, 5.214482542879974, 5.931011086652933, 5.598290804343768, 4.4423794682579745, 4.784417136914381, 4.713291514430229, 5.576237536188716, 7.363258443107916, 8.253761034825276, 7.698958270441527, 7.93053750322133, 3.7720789533094345, 4.356872521660463, 3.6941663673960328, 3.4900464151641306, 2.8747148832536418, 2.78145151674445, 2.164025554377767, 2.146073351495704, 1.096427740437098, 1.0965107113019918, 2.1522880871296017, 2.1665941428887874, 4.401641223452907, 3.9393121950411594, 3.57335003882911, 3.1215576720605376, 4.63141298849498, 5.843392960429752, 6.452380721098222], [3.122760858599326, 2.5571378316391162, 1.5319371821324788, 0.0, 1.479256330052368, 2.5168132727717403, 3.152369780022642, 2.4400243769274113, 3.45527892506524, 4.677762189337974, 5.1097822399785295, 4.489217542066768, 3.198717882214685, 3.306204919541437, 3.2842354072142883, 4.073322507486978, 6.584569265335433, 7.405554312136263, 7.164056910717559, 7.047227334207404, 3.7902393407277066, 4.3559104054146935, 4.11055947773536, 4.131267346710934, 2.8693752717272796, 3.4523885108718573, 2.7951441626506495, 3.4842223436514494, 2.1648502442432362, 2.162924249713799, 1.0955893847605498, 1.0968146288229383, 3.4389040652510214, 2.713679671589851, 3.514325122978806, 2.915491414839015, 4.144005074803842, 5.5259867480840015, 5.242043055908641], [4.50962414952732, 3.8365887009164794, 2.4605352872901456, 1.479256330052368, 0.0, 1.477034928496953, 2.466145352569471, 1.4032542642016093, 2.435577175948239, 3.750288107599202, 4.292695052062283, 3.791693514776741, 2.4996572925103155, 2.9644100458607268, 3.487309831374322, 3.50879273825058, 5.804153862536727, 6.430667718052302, 6.447824012021419, 6.4667157066009935, 2.8308645340248972, 3.1820876967802127, 3.550506821567873, 5.550437825973731, 4.290401302908622, 4.6555142336803135, 4.1003749072493365, 4.594811688197896, 2.6315454945715833, 2.7537229962361867, 2.137608591393663, 2.1250786103106867, 2.1266049421554536, 2.1287346217882583, 2.7006023291110446, 2.7780126025632064, 3.413950176847928, 4.6052675090595985, 4.668916008025845], [5.6018155494446615, 4.742520015772206, 3.498457177099642, 2.5168132727717403, 1.477034928496953, 0.0, 1.5214729113592524, 2.4271204605457886, 3.437013383738853, 4.673591583568252, 5.117403885760827, 4.48853417164223, 3.187986907124934, 3.2683231694555537, 4.001494265896179, 3.2737154518986524, 6.587947841323579, 6.966648458189921, 7.377583910061613, 7.27381779604081, 3.738404061895932, 3.6128501892550156, 4.663930815310193, 6.561810463583964, 5.325162675449455, 5.9273073363880835, 4.708173112790141, 5.480929195857214, 3.32119929694079, 4.024092382140351, 3.305456015438717, 2.54863140528402, 1.0977256852237725, 1.0957150952688384, 2.1710536382134826, 2.1742283918668712, 2.159460277476759, 5.519078616037282, 5.2396545888064034], [5.871856341056037, 4.68835966410428, 3.5651469114189394, 3.152369780022642, 2.466145352569471, 1.5214729113592524, 0.0, 3.6624781159755755, 4.39314923716461, 5.730186357353484, 6.40083479008793, 5.924229952491716, 4.6414957869204185, 4.748809844582114, 5.355384682728216, 4.723534001147869, 7.872286332444978, 8.231140219920931, 8.53498320150661, 8.654836271703816, 4.20071407382126, 3.8020758764127787, 4.985556884641875, 6.72275245565386, 5.818652443650506, 6.2864532798709325, 4.527294854546145, 5.203461706402767, 2.9431081002912554, 4.2150591027884765, 4.179096865352609, 3.034008005922199, 2.130909162775363, 2.1514403245268037, 1.0947939532167685, 1.094376626212384, 1.09463307550978, 6.419364850980197, 6.731031709180993], [5.113014635222552, 4.769351273496219, 3.4142471864233848, 2.4400243769274113, 1.4032542642016093, 2.4271204605457886, 3.6624781159755755, 0.0, 1.4083345944767527, 2.484216443871186, 2.890764947206881, 2.481128279634086, 1.407794264088329, 2.480825034136829, 3.191941442132045, 3.1869843127947775, 4.402288492363944, 5.060037836815057, 5.093135193571833, 5.088938453155039, 2.4720047451410774, 3.0802784906563243, 3.2888911353220562, 6.200428379555722, 4.798643859466964, 5.018572007055393, 5.2012481588557185, 5.526878618171382, 3.781373530874727, 3.31874306778937, 2.507254701860184, 3.2245794221882647, 2.5170017898285253, 2.970923492788059, 3.760561217424867, 4.144142829343603, 4.487892456376378, 3.4585227106381704, 3.4569563202331612], [5.727771246305145, 5.382266427816445, 3.957823394240829, 3.45527892506524, 2.435577175948239, 3.437013383738853, 4.39314923716461, 1.4083345944767527, 0.0, 1.408760692949658, 2.432443489579974, 2.7676887126264758, 2.3670541861140397, 3.7179955809548777, 4.419571762060212, 4.389928024466917, 3.82513515578208, 4.482935995527931, 4.219803354423047, 4.786896607406514, 1.4499517681633414, 2.2962126839646193, 2.291132612923137, 6.8168181991307355, 5.60737743691291, 5.395325778857102, 6.005258683853678, 5.940891654457268, 4.225087451165952, 3.4954323194706545, 3.5152451792158113, 4.394875952743149, 3.294662331711704, 4.202919386569292, 4.141145771401919, 4.967557860760154, 5.223384562714103, 2.1698524765522653, 3.858901140221138], [6.67775663228303, 6.551976113356947, 5.214482542879974, 4.677762189337974, 3.750288107599202, 4.673591583568252, 5.730186357353484, 2.484216443871186, 1.408760692949658, 0.0, 1.400283057099528, 2.404639419954684, 2.7743713251834192, 4.218508709247855, 4.919693019894636, 4.886459721516181, 2.5333304186386743, 3.241812031873532, 2.833155826988696, 3.6385763727040277, 2.4315264259308393, 3.217332600151871, 2.9987656193840824, 7.750582938721448, 6.498517287043253, 6.201628883607919, 7.237564564824275, 7.104822680405191, 5.576089651359634, 4.628483683670064, 4.504561197275491, 5.615031202940906, 4.35892983311271, 5.336060492535669, 5.477624496987723, 6.351135420537025, 6.487055926998009, 1.0910810693986033, 3.3986654351377394], [7.081108221175553, 7.158767097063572, 5.931011086652933, 5.1097822399785295, 4.292695052062283, 5.117403885760827, 6.40083479008793, 2.890764947206881, 2.432443489579974, 1.400283057099528, 0.0, 1.4013258364848629, 2.4377144726156916, 3.723015494192846, 4.393167546315529, 4.371040604936083, 1.5116226678639086, 2.381123375635962, 2.3940243983719127, 2.39216135325358, 3.72787967080484, 4.46003586756878, 4.305557771067531, 8.134826491696058, 6.700241700864231, 6.651691797580522, 7.767739060370141, 7.8513565019046245, 6.4324160655231255, 5.461646053160164, 4.721215044879867, 5.928829939372523, 4.7713076540923245, 5.534877984201639, 6.3555284005344514, 7.006287673939745, 7.088970117019819, 2.164233328456061, 2.1627274493102457], [6.614680299152787, 6.732907963874154, 5.598290804343768, 4.489217542066768, 3.791693514776741, 4.48853417164223, 5.924229952491716, 2.481128279634086, 2.7676887126264758, 2.404639419954684, 1.4013258364848629, 0.0, 1.4102604617587486, 2.4216604613363946, 3.113483915166417, 3.098003581340732, 2.53391907723984, 3.2317787192194953, 3.6445372902468702, 2.835419665587442, 4.2158358767864765, 4.895415512497381, 4.9051384751095455, 7.650621036883215, 6.055078530456892, 6.368964949660188, 7.187759309409296, 7.569809599983344, 6.166939920252182, 5.363663487766547, 4.025365531228188, 5.127671382801359, 4.245242133259303, 4.654195520173169, 6.117116671275773, 6.4578068606919485, 6.564650493362156, 3.400180954008183, 1.0914666737926542], [5.651881814935623, 5.595111167796401, 4.4423794682579745, 3.198717882214685, 2.4996572925103155, 3.187986907124934, 4.6414957869204185, 1.407794264088329, 2.3670541861140397, 2.7743713251834192, 2.4377144726156916, 1.4102604617587486, 0.0, 1.4467283988364918, 2.2918568716217864, 2.2890336083159637, 3.8291544654140033, 4.4804910690682105, 4.796244508988257, 4.221292040359208, 3.713806706063201, 4.324066915532182, 4.481698728161009, 6.701084070506801, 5.092044041443476, 5.580462029258868, 5.943632429752029, 6.478894011326316, 4.967038370095404, 4.408388360841182, 2.8849980710565477, 3.7622999242484645, 3.1498885123127773, 3.3131653701558577, 4.946339084616016, 5.101875821695389, 5.320385182484442, 3.8651427205214555, 2.171610031750636], [5.697741167339914, 5.699892165646645, 4.784417136914381, 3.306204919541437, 2.9644100458607268, 3.2683231694555537, 4.748809844582114, 2.480825034136829, 3.7179955809548777, 4.218508709247855, 3.723015494192846, 2.4216604613363946, 1.4467283988364918, 0.0, 1.237395724899678, 1.2377090288108914, 4.953063332928422, 5.51900259648426, 6.0361663968118044, 5.061814412836567, 4.94723435972059, 5.446596877867867, 5.707596041241881, 6.653704873226645, 4.93591500534602, 5.8624962481864324, 5.808733946394859, 6.706873853741398, 5.337174867849095, 5.037957735035101, 2.953999033513721, 3.453570439414838, 3.410832558188689, 2.8997620816198006, 5.3420054979380165, 5.062866403530711, 5.292200768111504, 5.309466198216163, 2.61111097619385], [5.056177925073444, 5.326277550034358, 4.713291514430229, 3.2842354072142883, 3.487309831374322, 4.001494265896179, 5.355384682728216, 3.191941442132045, 4.419571762060212, 4.919693019894636, 4.393167546315529, 3.113483915166417, 2.2918568716217864, 1.237395724899678, 0.0, 2.2062161952084387, 5.545338041995277, 6.2974920611303675, 6.539546047700865, 5.438028077345685, 5.597509665020687, 6.25094265291244, 6.154740450254584, 5.91644356349319, 4.153754557024284, 5.278997952263289, 5.40398639709613, 6.385306693495623, 5.445318713353701, 5.012307506528305, 2.637214642383134, 3.3247257089871343, 4.3949053095601505, 3.521196548050108, 5.994021666627508, 5.43294574793454, 5.979128776836974, 5.991584612604583, 3.1481247894580036], [6.6950884094237315, 6.532592907873565, 5.576237536188716, 4.073322507486978, 3.50879273825058, 3.2737154518986524, 4.723534001147869, 3.1869843127947775, 4.389928024466917, 4.886459721516181, 4.371040604936083, 3.098003581340732, 2.2890336083159637, 1.2377090288108914, 2.2062161952084387, 0.0, 5.511655549832555, 5.8027211082387895, 6.703064568538783, 5.660582304851684, 5.549573905265161, 5.805778076192716, 6.472012516211631, 7.626368043833185, 5.936323793392676, 6.95564453807122, 6.4995073059425055, 7.53343770200564, 5.952590458783471, 5.940441917904761, 3.9626691168958326, 4.010718531634949, 3.1914400104028275, 2.7144803941086035, 5.425455120079789, 5.158700993467251, 5.016390352634053, 5.950508021169285, 3.134450301089491], [8.338371400339517, 8.540686959489852, 7.363258443107916, 6.584569265335433, 5.804153862536727, 6.587947841323579, 7.872286332444978, 4.402288492363944, 3.82513515578208, 2.5333304186386743, 1.5116226678639086, 2.53391907723984, 3.8291544654140033, 4.953063332928422, 5.545338041995277, 5.511655549832555, 0.0, 1.358799786576374, 1.3595877720838767, 1.3600005772057597, 4.962838668544445, 5.652267319403781, 5.411416488314312, 9.356764357404755, 7.946539959001025, 7.81433370032276, 9.19339411642947, 9.20418459017419, 7.8898223737927085, 6.813709734058239, 6.114873626658199, 7.402016092930358, 6.157993754462568, 6.973929317823633, 7.792060904536104, 8.50885353617043, 8.517607629493154, 2.746020606259174, 2.742134841688133], [9.454578271398464, 9.526546909557522, 8.253761034825276, 7.405554312136263, 6.430667718052302, 6.966648458189921, 8.231140219920931, 5.060037836815057, 4.482935995527931, 3.241812031873532, 2.381123375635962, 3.2317787192194953, 4.4804910690682105, 5.51900259648426, 6.2974920611303675, 5.8027211082387895, 1.358799786576374, 0.0, 2.1755788402170118, 2.1751706254912513, 5.538908127961683, 5.973495557041957, 6.1633429476218495, 10.499971301865545, 9.04673718309535, 8.99358345933366, 10.116068816491907, 10.197796354605245, 8.660861290310566, 7.7688869267096425, 7.060000808073608, 8.156280920860928, 6.342576213180256, 7.353860229158561, 8.142442596665942, 8.992729352093278, 8.735207414251821, 3.3337963600076113, 3.3109361500941095], [8.609041299703469, 8.84591890817455, 7.698958270441527, 7.164056910717559, 6.447824012021419, 7.377583910061613, 8.53498320150661, 5.093135193571833, 4.219803354423047, 2.833155826988696, 2.3940243983719127, 3.6445372902468702, 4.796244508988257, 6.0361663968118044, 6.539546047700865, 6.703064568538783, 1.3595877720838767, 2.1755788402170118, 0.0, 2.1741420974720116, 5.075876182493029, 5.839385250178309, 5.2617049043062085, 9.596390264573445, 8.357897914547651, 7.938767542257425, 9.618142582120521, 9.382043563105002, 8.218637749651702, 6.983906411887262, 6.697151603480393, 8.089931581292886, 6.995981197087368, 7.888350034069228, 8.307223519925294, 9.14081976466006, 9.253991747348817, 2.5512753555819883, 3.9875459194848153], [8.551157728635346, 8.957262720831627, 7.93053750322133, 7.047227334207404, 6.4667157066009935, 7.27381779604081, 8.654836271703816, 5.088938453155039, 4.786896607406514, 3.6385763727040277, 2.39216135325358, 2.835419665587442, 4.221292040359208, 5.061814412836567, 5.438028077345685, 5.660582304851684, 1.3600005772057597, 2.1751706254912513, 2.1741420974720116, 0.0, 6.038400713765194, 6.813680969931011, 6.4215933427771645, 9.509017842553458, 8.037531492317775, 8.042520302119229, 9.574808222100325, 9.694380723903926, 8.585645936095899, 7.43470881541436, 6.4057611210534535, 7.785880731811913, 6.936397097196786, 7.488451942825032, 8.702340136423077, 9.206910537742832, 9.306311949424433, 3.984157858318367, 2.553980857406727], [5.8420089215953785, 5.2363665828511285, 3.7720789533094345, 3.7902393407277066, 2.8308645340248972, 3.738404061895932, 4.20071407382126, 2.4720047451410774, 1.4499517681633414, 2.4315264259308393, 3.72787967080484, 4.2158358767864765, 3.713806706063201, 4.94723435972059, 5.597509665020687, 5.549573905265161, 4.962838668544445, 5.538908127961683, 5.075876182493029, 6.038400713765194, 0.0, 1.2385416827866556, 1.238745139243743, 6.883163421712433, 5.980140651355953, 5.479475939357704, 5.920544734228431, 5.550929918491136, 3.7472171007295536, 3.191527736053691, 4.1307343003393475, 4.747574257449798, 3.6679893252298323, 4.713716489141026, 3.6109297376160616, 4.749802076929101, 5.062153336278939, 2.624513307262891, 5.3070959346897055], [6.682814600151645, 5.857186721455959, 4.356872521660463, 4.3559104054146935, 3.1820876967802127, 3.6128501892550156, 3.8020758764127787, 3.0802784906563243, 2.2962126839646193, 3.217332600151871, 4.46003586756878, 4.895415512497381, 4.324066915532182, 5.446596877867867, 6.25094265291244, 5.805778076192716, 5.652267319403781, 5.973495557041957, 5.839385250178309, 6.813680969931011, 1.2385416827866556, 0.0, 2.2079085352432517, 7.703125384543601, 6.8321191244005695, 6.446537620304407, 6.4018037309808244, 6.122364361911173, 4.035958124163332, 3.9854401375506825, 4.91280422772982, 5.149666071698242, 3.3395623919909023, 4.680747143352224, 3.0440597251039603, 4.528875327274974, 4.4842572919046475, 3.3300806056310406, 5.959017605276897], [5.483464525279616, 4.981057842466798, 3.6941663673960328, 4.11055947773536, 3.550506821567873, 4.663930815310193, 4.985556884641875, 3.2888911353220562, 2.291132612923137, 2.9987656193840824, 4.305557771067531, 4.9051384751095455, 4.481698728161009, 5.707596041241881, 6.154740450254584, 6.472012516211631, 5.411416488314312, 6.1633429476218495, 5.2617049043062085, 6.4215933427771645, 1.238745139243743, 2.2079085352432517, 0.0, 6.457851346229642, 5.800174329276664, 4.948394334529131, 5.829000362840957, 5.115227611749062, 3.7624135551531284, 2.8355823687560195, 4.340913993619316, 5.145828727231407, 4.7758425654537655, 5.599090235029259, 4.3381306815263185, 5.331348400733159, 5.9338253226733935, 2.9505427534607933, 5.977839949346253], [1.0947063578878127, 2.1570881530433565, 3.4900464151641306, 4.131267346710934, 5.550437825973731, 6.561810463583964, 6.72275245565386, 6.200428379555722, 6.8168181991307355, 7.750582938721448, 8.134826