{"total energy": -23.02504968, "HOMO-LUMO gap/eV": 3.70114432, "electronic energy": -23.32091229, "dipole": [0.36627544, 0.33180773, 1.29532068], "partial charges": [-0.10141815, -0.05376157, -0.03757428, -0.10078902, 0.2358619, -0.37008349, -0.13233622, 0.03529452, 0.0400396, 0.033888, 0.03899746, 0.03388648, 0.05807699, 0.0402711, 0.04399117, 0.03736289, 0.0651787, 0.06814526, 0.06496865], "atomic dipole moments": [[-0.05183406, 0.07864856, 0.05040251], [-0.04307491, -0.03121766, -0.11063629], [-0.03443177, -0.01798186, 0.09619919], [0.04221233, -0.09455911, -0.0544052], [-0.01053099, -0.00080744, -0.02242857], [0.04043635, 0.03714442, 0.15119172], [0.04961598, 0.03947666, -0.04993812], [0.09555875, -0.04000046, 0.06891788], [0.04786412, 0.03578036, -0.11337955], [-0.07577311, -0.10137765, -0.01831092], [0.08649557, 0.08392876, 0.02504757], [-0.03424625, -0.04072149, 0.11259249], [0.04501079, 0.03847625, -0.11319719], [-0.10190495, 0.04583143, -0.06343583], [0.08558896, 0.09407321, 0.0057968], [-0.03875101, -0.01848381, 0.11838091], [-0.09764946, -0.07654144, -0.04636747], [0.0823661, -0.08315438, 0.06882683], [-0.06220224, 0.09309778, 0.07477072]], "atomic quadrupole moments": [[-0.0405003, -0.13046899, 0.08055419, -0.06543244, 0.12901241, -0.04005389], [0.01797836, -0.20808039, 0.01527034, 0.06729165, 0.04943297, -0.0332487], [0.03758721, -0.0404347, 0.06541666, 0.11354843, 0.10507232, -0.10300387], [-0.0711062, -0.11325276, 0.11336592, -0.06402123, 0.13136083, -0.04225972], [0.11309566, -0.48067384, 0.22975825, -0.01052885, -0.02116417, -0.34285391], [0.04468767, -0.20345714, 0.09291226, 0.00181468, -0.00555804, -0.13759992], [-0.05470605, 0.07021336, -0.07006006, -0.09919059, -0.08611965, 0.1247661], [0.02493577, -0.03291429, -0.0298922, 0.05919392, -0.00943302, 0.00495643], [-0.03772097, 0.00894628, -0.01173048, -0.03671303, -0.03656322, 0.04945146], [0.02338498, 0.05706296, 0.01812398, 0.00179568, 0.01769111, -0.04150895], [0.01438448, 0.03314429, 0.02930124, 0.00433846, 0.0057512, -0.04368572], [-0.00735086, 0.00594328, -0.01471272, -0.03975893, -0.0287372, 0.02206358], [-0.00915358, 0.00587268, -0.01291813, -0.01729994, -0.00780965, 0.02207171], [0.026506, -0.03005287, -0.02857284, 0.05591385, -0.00960318, 0.00206684], [0.02980331, 0.05589189, 0.01349326, -0.01111091, 0.00938654, -0.04329657], [-0.04029208, 0.00513669, -0.0197995, -0.03365096, -0.03532005, 0.06009157], [0.01778662, 0.05523688, -0.00591519, 0.03024036, 0.0248497, -0.01187142], [0.02278983, -0.03542846, -0.01124952, 0.05226114, -0.03784308, -0.01154031], [-0.0264943, -0.02045591, 0.02944508, -0.02933914, 0.06176611, -0.00295078]], "number of molecular orbitals": 40, "number of electrons": 42, "number of unpaired electrons": 0, "orbital energies/eV": [-19.03617396, -17.55927065, -17.01429809, -16.76232522, -16.18443227, -15.7340646, -15.15390041, -14.63155738, -14.55837924, -14.23753482, -13.66710493, -13.55002209, -13.48694618, -13.08431198, -12.93850464, -12.6742733, -12.48600327, -12.18964071, -12.0749825, -11.86071193, -10.64355556, -6.94241124, 1.57074799, 1.76245911, 2.90664474, 2.97314092, 3.25448929, 3.90871779, 4.39999288, 4.6184731, 4.77481274, 4.94466378, 5.0439467, 5.7770617, 6.12843589, 6.42888762, 7.04212986, 7.5223909, 7.93266828, 14.74995634], "fractional occupation": [2.0, 2.0, 2.0, 2.0, 2.0, 2.0, 2.0, 2.0, 2.0, 2.0, 2.0, 2.0, 2.0, 2.0, 2.0, 2.0, 2.0, 2.0, 2.0, 2.0, 2.0, 0.0, 0.0, 0.0, 0.0, 0.0, 0.0, 0.0, 0.0, 0.0, 0.0, 0.0, 0.0, 0.0, 0.0, 0.0, 0.0, 0.0, 0.0, 0.0], "program call": "xtb /home/svss/Project-DBcg-Debug/aqme2_20220329/End-to-End-workflows-final/example-3/QDESCP/mol_938_rdkit_conf_4/mol_938_rdkit_conf_4.xyz --pop --wbo --acc 0.2 --gfn 2 --chrg 0 --uhf 0 --etemp 300 --input /home/svss/Project-DBcg-Debug/aqme2_20220329/End-to-End-workflows-final/example-3/QDESCP/mol_938_rdkit_conf_4/mol_938_rdkit_conf_4_xtb.inp", "method": "GFN2-xTB", "xtb version": "6.3.3 (7355c4f)", "Dipole module/D": 3.524, "Total charge": 0, "Transition dipole module/D": NaN, "HOMO": -10.6436, "LUMO": -6.9424, "HOMO occupancy": 2.0, "LUMO occupancy": 0, "mulliken charges": [-0.08505, -0.04196, -0.04584, -0.08403, 0.3929, -0.49441, -0.12624, 0.03149, 0.03689, 0.03429, 0.03159, 0.02129, 0.05138, 0.04192, 0.0385, 0.02732, 0.06337, 0.05503, 0.05157], "cm5 charges": [-0.23484, -0.15153, -0.10979, -0.23133, 0.40974, -0.54427, -0.26832, 0.08229, 0.08849, 0.087, 0.08659, 0.07714, 0.11392, 0.09406, 0.08987, 0.07969, 0.11814, 0.10834, 0.10478], "FUKUI+": [0.021, 0.013, 0.001, 0.021, -0.189, -0.29, 0.047, -0.044, -0.023, 0.004, -0.057, -0.031, -0.056, -0.028, -0.064, -0.039, -0.074, -0.107, -0.104], "FUKUI-": [0.024, 0.013, -0.024, 0.025, -0.038, -0.201, 0.003, -0.064, -0.05, -0.064, -0.111, -0.066, -0.066, -0.052, -0.08, -0.046, -0.065, -0.066, -0.07], "FUKUIrad": [0.022, 0.013, -0.012, 0.023, -0.114, -0.245, 0.025, -0.054, -0.036, -0.03, -0.084, -0.049, -0.061, -0.04, -0.072, -0.043, -0.07, -0.086, -0.087], "s proportion": [1.009, 1.032, 1.067, 1.013, 1.082, 1.741, 1.021, 0.969, 0.963, 0.966, 0.968, 0.979, 0.949, 0.958, 0.961, 0.973, 0.937, 0.945, 0.948], "p proportion": [3.077, 3.01, 2.979, 3.071, 2.526, 4.753, 3.105, 0.0, 0.0, 0.0, 0.0, 0.0, 0.0, 0.0, 0.0, 0.0, 0.0, 0.0, 0.0], "d proportion": [0.0, 0.0, 0.0, 0.0, 0.0, 0.0, 0.0, 0.0, 0.0, 0.0, 0.0, 0.0, 0.0, 0.0, 0.0, 0.0, 0.0, 0.0, 0.0], "Fermi-level/eV": -8.793, "Coordination numbers": [3.749, 3.801, 3.851, 3.753, 2.812, 0.857, 3.75, 0.924, 0.924, 0.924, 0.924, 0.924, 0.923, 0.924, 0.924, 0.924, 0.924, 0.924, 0.924], "Dispersion coefficient C6": [22.502, 21.539, 21.209, 22.484, 23.069, 21.092, 23.107, 2.513, 2.448, 2.532, 2.462, 2.532, 2.222, 2.445, 2.397, 2.484, 2.139, 2.106, 2.142], "Total dispersion C6": 2629.599937, "Total dispersion C8": 56049.507237, "Polarizability alpha": [6.766, 6.608, 6.55, 6.762, 7.869, 6.158, 6.856, 2.479, 2.447, 2.488, 2.454, 2.488, 2.331, 2.445, 2.421, 2.465, 2.287, 2.269, 2.289], "Total polarizability alpha": 76.432088, "Wiberg matrix": [[0.0, 1.0203896038727913, 0.0, 0.0, 0.0, 0.0, 0.0, 0.9867787604636689, 0.986862422698798, 0.9869959099612309, 0.0, 0.0, 0.0, 0.0, 0.0, 0.0, 0.0, 0.0, 0.0], [1.0203896038727913, 0.0, 0.9819572440896157, 0.0, 0.0, 0.0, 0.0, 0.0, 0.0, 0.0, 0.9749944340522639, 0.9750246490730371, 0.0, 0.0, 0.0, 0.0, 0.0, 0.0, 0.0], [0.0, 0.9819572440896157, 0.0, 0.9901716586204187, 0.9734132365389606, 0.0, 0.0, 0.0, 0.0, 0.0, 0.0, 0.0, 0.9640384103840298, 0.0, 0.0, 0.0, 0.0, 0.0, 0.0], [0.0, 0.0, 0.9901716586204187, 0.0, 0.0, 0.0, 0.0, 0.0, 0.0, 0.0, 0.0, 0.0, 0.0, 0.9861924578454981, 0.9834763861891647, 0.9845129572790818, 0.0, 0.0, 0.0], [0.0, 0.0, 0.9734132365389606, 0.0, 0.0, 1.858351373516751, 1.0124945571334931, 0.0, 0.0, 0.0, 0.0, 0.0, 0.0, 0.0, 0.0, 0.0, 0.0, 0.0, 0.0], [0.0, 0.0, 0.0, 0.0, 1.858351373516751, 0.0, 0.0, 0.0, 0.0, 0.0, 0.0, 0.0, 0.0, 0.0, 0.0, 0.0, 0.0, 0.0, 0.0], [0.0, 0.0, 0.0, 0.0, 1.0124945571334931, 0.0, 0.0, 0.0, 0.0, 0.0, 0.0, 0.0, 0.0, 0.0, 0.0, 0.0, 0.9826131047961649, 0.9573073413165634, 0.9615022996815364], [0.9867787604636689, 0.0, 0.0, 0.0, 0.0, 0.0, 0.0, 0.0, 0.0, 0.0, 0.0, 0.0, 0.0, 0.0, 0.0, 0.0, 0.0, 0.0, 0.0], [0.986862422698798, 0.0, 0.0, 0.0, 0.0, 0.0, 0.0, 0.0, 0.0, 0.0, 0.0, 0.0, 0.0, 0.0, 0.0, 0.0, 0.0, 0.0, 0.0], [0.9869959099612309, 0.0, 0.0, 0.0, 0.0, 0.0, 0.0, 0.0, 0.0, 0.0, 0.0, 0.0, 0.0, 0.0, 0.0, 0.0, 0.0, 0.0, 0.0], [0.0, 0.9749944340522639, 0.0, 0.0, 0.0, 0.0, 0.0, 0.0, 0.0, 0.0, 0.0, 0.0, 0.0, 0.0, 0.0, 0.0, 0.0, 0.0, 0.0], [0.0, 0.9750246490730371, 0.0, 0.0, 0.0, 0.0, 0.0, 0.0, 0.0, 0.0, 0.0, 0.0, 0.0, 0.0, 0.0, 0.0, 0.0, 0.0, 0.0], [0.0, 0.0, 0.9640384103840298, 0.0, 0.0, 0.0, 0.0, 0.0, 0.0, 0.0, 0.0, 0.0, 0.0, 0.0, 0.0, 0.0, 0.0, 0.0, 0.0], [0.0, 0.0, 0.0, 0.9861924578454981, 0.0, 0.0, 0.0, 0.0, 0.0, 0.0, 0.0, 0.0, 0.0, 0.0, 0.0, 0.0, 0.0, 0.0, 0.0], [0.0, 0.0, 0.0, 0.9834763861891647, 0.0, 0.0, 0.0, 0.0, 0.0, 0.0, 0.0, 0.0, 0.0, 0.0, 0.0, 0.0, 0.0, 0.0, 0.0], [0.0, 0.0, 0.0, 0.9845129572790818, 0.0, 0.0, 0.0, 0.0, 0.0, 0.0, 0.0, 0.0, 0.0, 0.0, 0.0, 0.0, 0.0, 0.0, 0.0], [0.0, 0.0, 0.0, 0.0, 0.0, 0.0, 0.9826131047961649, 0.0, 0.0, 0.0, 0.0, 0.0, 0.0, 0.0, 0.0, 0.0, 0.0, 0.0, 0.0], [0.0, 0.0, 0.0, 0.0, 0.0, 0.0, 0.9573073413165634, 0.0, 0.0, 0.0, 0.0, 0.0, 0.0, 0.0, 0.0, 0.0, 0.0, 0.0, 0.0], [0.0, 0.0, 0.0, 0.0, 0.0, 0.0, 0.9615022996815364, 0.0, 0.0, 0.0, 0.0, 0.0, 0.0, 0.0, 0.0, 0.0, 0.0, 0.0, 0.0]], "Born radii": [], "Atomic SASAs": [], "Solvent H bonds": [], "Total SASA": NaN, "Total FOD": 0.0, "FOD": [0.0, 0.0, 0.0, 0.0, 0.0, 0.0, 0.0, 0.0, 0.0, 0.0, 0.0, 0.0, 0.0, 0.0, 0.0, 0.0, 0.0, 0.0, 0.0], "FOD s proportion": [0.0, 0.0, 0.0, 0.0, 0.0, 0.0, 0.0, 0.0, 0.0, 0.0, 0.0, 0.0, 0.0, 0.0, 0.0, 0.0, 0.0, 0.0, 0.0], "FOD p proportion": [0.0, 0.0, 0.0, 0.0, 0.0, 0.0, 0.0, 0.0, 0.0, 0.0, 0.0, 0.0, 0.0, 0.0, 0.0, 0.0, 0.0, 0.0, 0.0], "FOD d proportion": [0.0, 0.0, 0.0, 0.0, 0.0, 0.0, 0.0, 0.0, 0.0, 0.0, 0.0, 0.0, 0.0, 0.0, 0.0, 0.0, 0.0, 0.0, 0.0], "coordinates": [["1.90340", "-1.09410", "-0.28800"], ["1.19590", "0.05460", "0.41870"], ["0.05090", "0.64670", "-0.41230"], ["-0.52530", "1.89350", "0.25410"], ["-1.06100", "-0.36220", "-0.68950"], ["-1.36800", "-0.65550", "-1.84700"], ["-1.77750", "-0.99440", "0.47760"], ["2.74500", "-1.44620", "0.31710"], ["2.29530", "-0.77510", "-1.25910"], ["1.23010", "-1.94150", "-0.44900"], ["1.93520", "0.83880", "0.62350"], ["0.83180", "-0.29330", "1.39220"], ["0.45180", "0.94960", "-1.38900"], ["-1.38760", "2.27340", "-0.30440"], ["0.22610", "2.68910", "0.29870"], ["-0.85550", "1.68950", "1.27810"], ["-2.58230", "-1.63450", "0.10370"], ["-1.08650", "-1.61280", "1.05400"], ["-2.22170", "-0.22560", "1.11280"]], "bond_dist": [[0.0, 1.5229881253640818, 2.545111270652032, 3.8882142250652807, 3.0796992093384707, 3.650329974125627, 3.7609983063011345, 1.0947195896666873, 1.0947062711065467, 1.094230620116253, 2.1372753449193205, 2.14771488796814, 2.737892118035333, 4.708609795895175, 4.179731381321053, 4.220500844686564, 4.535081646453567, 3.318059025996976, 4.442182222736928], [1.5229881253640818, 0.0, 1.5336780659577811, 2.524118818518653, 2.5486127775713596, 3.494455853205188, 3.1535658816647545, 2.1592670075745612, 2.1707361170810238, 2.176806867868622, 1.0970310706629964, 1.0960408158458335, 2.149997465114785, 3.481439256974046, 2.809893643894729, 2.760381917416501, 4.150551656105487, 2.8970983086529873, 3.4986106685368688], [2.545111270652032, 1.5336780659577811, 0.0, 1.5266321233355467, 1.5267745937105452, 2.4015341221810695, 2.613078219265547, 3.4886142779046243, 2.788533098243591, 2.844404818235267, 2.1587891374564587, 2.179363452937577, 1.0983679301581961, 2.1741843413105526, 2.169703620313152, 2.1832189445861814, 3.5219130710453372, 2.9238766560852048, 2.8725507932846024], [3.8882142250652807, 2.524118818518653, 1.5266321233355467, 0.0, 2.503105658976464, 3.4091297276577786, 3.1556177683616884, 4.674657974654402, 4.167371420931905, 4.27586292694235, 2.702389442696963, 2.8140871095259294, 2.1320059169711514, 1.0953572704830146, 1.0952490493033993, 1.0950908820732643, 4.0866432631195, 3.6399072982701086, 2.847055226018631], [3.0796992093384707, 2.5486127775713596, 1.5267745937105452, 2.503105658976464, 0.0, 1.232915301227136, 1.5083671635248495, 4.083373061575442, 3.4292390205408547, 2.7930570975187745, 3.48476461758897, 2.8144118284288107, 2.121009978760119, 2.6835344100644583, 3.4559510037036114, 2.8501145415579354, 2.135946445957857, 2.145796556060243, 2.148061763544056], [3.650329974125627, 3.494455853205188, 2.4015341221810695, 3.4091297276577786, 1.232915301227136, 0.0, 2.384598209342614, 4.7143721002907695, 3.712101488375554, 3.218434962835198, 4.387189644863782, 3.932267223879883, 2.4693687553704895, 3.310355589661026, 4.2815338910255045, 3.94054961394981, 2.497638080267035, 3.067811359911166, 3.1103108751377246], [3.7609983063011345, 3.1535658816647545, 2.613078219265547, 3.1556177683616884, 1.5083671635248495, 2.384598209342614, 0.0, 4.5478445158118594, 4.433048524435526, 3.286524567076899, 4.143193254001073, 2.8524517279000534, 3.4975863177339885, 3.382611838505861, 4.1969739598906255, 2.9485934714707622, 1.094181091044805, 1.0918500446489894, 1.091717051254582], [1.0947195896666873, 2.1592670075745612, 3.4886142779046243, 4.674657974654402, 4.083373061575442, 4.7143721002907695, 4.5478445158118594, 0.0, 1.7711611276222161, 1.7683758961261604, 2.443538827193053, 2.4789821822675533, 3.7295309477198333, 5.59464647408574, 4.842096845375978, 4.8702911350349485, 5.334896600684965, 3.905274563971143, 5.176013112425431], [1.0947062711065467, 2.1707361170810238, 2.788533098243591, 4.167371420931905, 3.4292390205408547, 3.712101488375554, 4.433048524435526, 1.7711611276222161, 0.0, 1.7752188625631489, 2.50569910005172, 3.0664890640600695, 2.5278362981015996, 4.875300683034843, 4.325391441245521, 4.737000911969513, 5.1368058129541945, 4.181954583684524, 5.131388589845832], [1.094230620116253, 2.176806867868622, 2.844404818235267, 4.27586292694235, 2.7930570975187745, 3.218434962835198, 3.286524567076899, 1.7683758961261604, 1.7752188625631489, 0.0, 3.0622688239277753, 2.503042862197929, 3.138122065822169, 4.9637329158608035, 4.7968247466423035, 4.5295433290785505, 3.8644689221159485, 2.7809509614518557, 4.159141172165234], [2.1372753449193205, 1.0970310706629964, 2.1587891374564587, 2.702389442696963, 3.48476461758897, 4.387189644863782, 4.143193254001073, 2.443538827193053, 2.50569910005172, 3.0622688239277753, 0.0, 1.7578514328577373, 2.502580358350157, 3.736318429952137, 2.5397102078780565, 2.9900164113261987, 5.176409100911558, 3.9148874441035977, 4.318816905125755], [2.14771488796814, 1.0960408158458335, 2.179363452937577, 2.8140871095259294, 2.8144118284288107, 3.932267223879883, 2.8524517279000534, 2.4789821822675533, 3.0664890640600695, 2.503042862197929, 1.7578514328577373, 0.0, 3.0698980194788232, 3.7936969844730615, 3.2337786720800787, 2.6060498728919215, 3.8878179612733925, 2.352729134430906, 3.0670034072364505], [2.737892118035333, 2.149997465114785, 1.0983679301581961, 2.1320059169711514, 2.121009978760119, 2.4693687553704895, 3.4975863177339885, 3.7295309477198333, 2.5278362981015996, 3.138122065822169, 2.502580358350157, 3.0698980194788232, 0.0, 2.512408398330176, 2.434159409323884, 3.061030498051269, 4.2557594986089144, 3.8601178285124926, 3.8454779325852333], [4.708609795895175, 3.481439256974046, 2.1741843413105526, 1.0953572704830146, 2.6835344100644583, 3.310355589661026, 3.382611838505861, 5.59464647408574, 4.875300683034843, 4.9637329158608035, 3.736318429952137, 3.7936969844730615, 2.512408398330176, 0.0, 1.772163590078523, 1.7687215354600057, 4.106767111731562, 4.127767218485073, 2.991517950806914], [4.179731381321053, 2.809893643894729, 2.169703620313152, 1.0952490493033993, 3.4559510037036114, 4.2815338910255045, 4.1969739598906255, 4.842096845375978, 4.325391441245521, 4.7968247466423035, 2.5397102078780565, 3.2337786720800787, 2.434159409323884, 1.772163590078523, 0.0, 1.7686953044546707, 5.159326750652647, 4.560673246352999, 3.8922949194530467], [4.220500844686564, 2.760381917416501, 2.1832189445861814, 1.0950908820732643, 2.8501145415579354, 3.94054961394981, 2.9485934714707622, 4.8702911350349485, 4.737000911969513, 4.5295433290785505, 2.9900164113261987, 2.6060498728919215, 3.061030498051269, 1.7687215354600057, 1.7686953044546707, 0.0, 3.9255610554416296, 3.3179462171650704, 2.3582693951285547], [4.535081646453567, 4.150551656105487, 3.5219130710453372, 4.0866432631195, 2.135946445957857, 2.497638080267035, 1.094181091044805, 5.334896600684965, 5.1368058129541945, 3.8644689221159485, 5.176409100911558, 3.8878179612733925, 4.2557594986089144, 4.106767111731562, 5.159326750652647, 3.9255610554416296, 0.0, 1.7722749843068935, 1.7701170526267467], [3.318059025996976, 2.8970983086529873, 2.9238766560852048, 3.6399072982701086, 2.145796556060243, 3.067811359911166, 1.0918500446489894, 3.905274563971143, 4.181954583684524, 2.7809509614518557, 3.9148874441035977, 2.352729134430906, 3.8601178285124926, 4.127767218485073, 4.560673246352999, 3.3179462171650704, 1.7722749843068935, 0.0, 1.7934492800188133], [4.442182222736928, 3.4986106685368688, 2.8725507932846024, 2.847055226018631, 2.148061763544056, 3.1103108751377246, 1.091717051254582, 5.176013112425431, 5.131388589845832, 4.159141172165234, 4.318816905125755, 3.0670034072364505, 3.8454779325852333, 2.991517950806914, 3.8922949194530467, 2.3582693951285547, 1.7701170526267467, 1.7934492800188133, 0.0]]}