{"total energy": -24.04790807, "HOMO-LUMO gap/eV": 12.07721574, "electronic energy": -24.34581731, "dipole": [0.12953376, -0.34851835, 0.54878162], "partial charges": [-0.10301494, -0.00910868, -0.10429902, -0.06061625, -0.05785724, 0.08819823, -0.44280854, 0.02891232, 0.03286927, 0.03095827, 0.0324221, 0.03149696, 0.03215517, 0.03241274, 0.03026877, 0.04783959, 0.04439811, 0.03369718, 0.01301095, 0.0178198, 0.28124521], "atomic dipole moments": [[0.03831801, 0.0857909, -0.02686208], [-0.04218773, -0.0423239, -0.07865566], [0.07375602, -0.05894936, 0.03136947], [0.02235852, -0.06185368, 0.10140035], [-0.01460143, 0.08553778, 0.08357537], [0.02604836, 0.17229929, -0.0930431], [-0.00029797, -0.19014539, 0.15227879], [0.08636019, -0.07243407, 0.0547993], [-0.05165784, -0.06713186, -0.09426609], [-0.08951108, 0.01442155, 0.08646083], [0.04936859, 0.05780917, 0.0986948], [-0.08429867, 0.02010341, 0.09047653], [-0.06316055, -0.04687569, -0.09910196], [0.04299261, 0.11346087, -0.03367164], [-0.0495113, -0.04574095, -0.10152134], [0.03961208, 0.11290807, -0.0408157], [0.07113538, -0.00021538, -0.10072439], [-0.03302312, -0.1187128, 0.01334733], [0.09756768, -0.05943183, 0.01324715], [-0.05845667, 0.00317895, 0.10238409], [0.03970339, 0.00977561, 0.06842124]], "atomic quadrupole moments": [[-0.05147484, 0.09288101, 0.14740344, -0.04016668, -0.08084091, -0.0959286], [0.0383846, -0.05684809, 0.04287716, -0.09285713, -0.12274116, -0.08126175], [0.07572217, -0.14453331, 0.00266168, 0.06816942, -0.07372076, -0.07838385], [0.11850072, -0.18149485, -0.10329939, -0.08208671, -0.0183885, -0.01520133], [0.05028079, -0.0712592, -0.07141483, 0.19291317, 0.0513874, 0.02113404], [-0.19686683, 0.24344766, 0.33343497, 0.08595748, -0.04517511, -0.13656813], [-0.08677566, 0.0816784, 0.1434108, 0.01271575, -0.05745854, -0.05663514], [0.04005107, -0.04188197, -0.00517675, 0.03689671, -0.02767575, -0.03487432], [-0.03242523, 0.02510826, -0.01578742, 0.0373463, 0.03797531, 0.04821265], [0.01498692, -0.01985634, -0.02227913, -0.06498108, 0.01794576, 0.00729221], [-0.00197694, 0.01072732, -0.00838988, 0.02178763, 0.01021844, 0.01036682], [0.00761017, -0.01531425, -0.04548609, -0.05691646, 0.00100217, 0.03787591], [-0.02058528, 0.01610016, -0.00870427, 0.04317072, 0.04894024, 0.02928955], [-0.00820165, 0.04335073, 0.04987891, -0.00883968, -0.03283019, -0.04167726], [0.00522324, 0.01251321, -0.01475879, 0.03361541, 0.04341969, 0.00953555], [-0.0041952, 0.02017781, 0.04643693, -0.01710622, -0.00554675, -0.04224173], [0.01779791, -0.00763843, -0.04655587, -0.03378849, -0.01495131, 0.02875796], [-0.01074917, 0.03532203, 0.04289363, 0.00501499, -0.02932081, -0.03214445], [0.02102538, -0.02612361, 0.02162128, 0.00773065, 0.00169749, -0.04264666], [0.00016174, 0.01715657, -0.00661178, -0.04253263, 0.00741382, 0.00645003], [-0.02613836, 0.0447992, -0.03046239, 0.0926591, 0.03696321, 0.05660076]], "number of molecular orbitals": 42, "number of electrons": 44, "number of unpaired electrons": 0, "orbital energies/eV": [-18.5582582, -17.07367191, -16.75473937, -16.14666651, -15.82483705, -15.39141285, -15.37857022, -14.73941271, -14.36654354, -13.80139534, -13.68574979, -13.34581055, -13.01780383, -12.8710302, -12.50805215, -12.36499116, -12.02968866, -11.90518622, -11.56605114, -11.34001275, -11.2847157, -10.97754603, 1.0996697, 2.08038426, 2.37059906, 2.82937441, 3.07912778, 3.40887532, 3.58173082, 3.93726769, 4.41997354, 4.68312741, 5.25200784, 5.70310639, 6.05600758, 6.10544851, 6.36525109, 6.93860003, 7.12084328, 7.57011477, 7.75876426, 8.26260623], "fractional occupation": [2.0, 2.0, 2.0, 2.0, 2.0, 2.0, 2.0, 2.0, 2.0, 2.0, 2.0, 2.0, 2.0, 2.0, 2.0, 2.0, 2.0, 2.0, 2.0, 2.0, 2.0, 2.0, 0.0, 0.0, 0.0, 0.0, 0.0, 0.0, 0.0, 0.0, 0.0, 0.0, 0.0, 0.0, 0.0, 0.0, 0.0, 0.0, 0.0, 0.0, 0.0, 0.0], "program call": "xtb /home/svss/Project-DBcg-Debug/aqme2_20220329/End-to-End-workflows-final/example-3/QDESCP/mol_995_rdkit_conf_10/mol_995_rdkit_conf_10.xyz --pop --wbo --acc 0.2 --gfn 2 --chrg 0 --uhf 0 --etemp 300 --input /home/svss/Project-DBcg-Debug/aqme2_20220329/End-to-End-workflows-final/example-3/QDESCP/mol_995_rdkit_conf_10/mol_995_rdkit_conf_10_xtb.inp", "method": "GFN2-xTB", "xtb version": "6.3.3 (7355c4f)", "Dipole module/D": 1.685, "Total charge": 0, "Transition dipole module/D": NaN, "HOMO": -10.9775, "LUMO": 1.0997, "HOMO occupancy": 2.0, "LUMO occupancy": 0, "mulliken charges": [-0.09297, -0.00183, -0.08987, -0.04785, -0.05046, 0.1985, -0.56928, 0.02421, 0.02711, 0.02826, 0.02279, 0.02702, 0.02596, 0.03028, 0.02102, 0.03966, 0.0365, 0.02036, 0.0081, 0.00736, 0.33512], "cm5 charges": [-0.24144, -0.07616, -0.2384, -0.15515, -0.15794, 0.11127, -0.78429, 0.07636, 0.07907, 0.07971, 0.08234, 0.07838, 0.07778, 0.08169, 0.07644, 0.09738, 0.09314, 0.07585, 0.07023, 0.07044, 0.50328], "FUKUI+": [0.023, -0.02, 0.01, -0.012, 0.004, -0.009, -0.111, -0.032, -0.04, -0.051, -0.041, -0.069, -0.045, -0.041, -0.059, -0.045, -0.074, -0.093, -0.095, -0.072, -0.13], "FUKUI-": [0.024, -0.014, 0.023, 0.002, 0.013, 0.02, -0.1, -0.036, -0.067, -0.065, -0.087, -0.076, -0.078, -0.049, -0.069, -0.048, -0.09, -0.05, -0.1, -0.098, -0.055], "FUKUIrad": [0.024, -0.017, 0.017, -0.005, 0.008, 0.006, -0.106, -0.034, -0.053, -0.058, -0.064, -0.072, -0.062, -0.045, -0.064, -0.047, -0.082, -0.072, -0.098, -0.085, -0.092], "s proportion": [1.012, 1.052, 1.013, 1.034, 1.031, 0.989, 1.694, 0.976, 0.973, 0.972, 0.977, 0.973, 0.974, 0.97, 0.979, 0.96, 0.964, 0.98, 0.992, 0.993, 0.665], "p proportion": [3.081, 2.95, 3.077, 3.013, 3.019, 2.813, 4.875, 0.0, 0.0, 0.0, 0.0, 0.0, 0.0, 0.0, 0.0, 0.0, 0.0, 0.0, 0.0, 0.0, 0.0], "d proportion": [0.0, 0.0, 0.0, 0.0, 0.0, 0.0, 0.0, 0.0, 0.0, 0.0, 0.0, 0.0, 0.0, 0.0, 0.0, 0.0, 0.0, 0.0, 0.0, 0.0, 0.0], "Fermi-level/eV": -4.9389, "Coordination numbers": [3.752, 3.847, 3.753, 3.801, 3.798, 3.673, 1.653, 0.924, 0.924, 0.924, 0.924, 0.924, 0.924, 0.924, 0.923, 0.924, 0.924, 0.924, 0.924, 0.924, 0.804], "Dispersion coefficient C6": [22.528, 20.707, 22.551, 21.666, 21.618, 19.34, 21.699, 2.602, 2.546, 2.573, 2.552, 2.565, 2.556, 2.553, 2.583, 2.347, 2.391, 2.535, 2.842, 2.767, 0.78], "Total dispersion C6": 2917.415227, "Total dispersion C8": 60131.062228, "Polarizability alpha": [6.769, 6.473, 6.772, 6.627, 6.62, 6.302, 6.288, 2.523, 2.495, 2.508, 2.498, 2.505, 2.5, 2.498, 2.513, 2.396, 2.418, 2.49, 2.636, 2.601, 1.388], "Total polarizability alpha": 79.821754, "Wiberg matrix": [[0.0, 1.0097487688026552, 0.0, 0.0, 0.0, 0.0, 0.0, 0.9851008452790856, 0.9868519121753654, 0.9861561447862217, 0.0, 0.0, 0.0, 0.0, 0.0, 0.0, 0.0, 0.0, 0.0, 0.0, 0.0], [1.0097487688026552, 0.0, 1.0078213650086378, 0.9963287738504023, 0.0, 0.0, 0.0, 0.0, 0.0, 0.0, 0.967406880624463, 0.0, 0.0, 0.0, 0.0, 0.0, 0.0, 0.0, 0.0, 0.0, 0.0], [0.0, 1.0078213650086378, 0.0, 0.0, 0.0, 0.0, 0.0, 0.0, 0.0, 0.0, 0.0, 0.9866488509832784, 0.9870512972920897, 0.986808340473379, 0.0, 0.0, 0.0, 0.0, 0.0, 0.0, 0.0], [0.0, 0.9963287738504023, 0.0, 0.0, 1.0062196593917623, 0.0, 0.0, 0.0, 0.0, 0.0, 0.0, 0.0, 0.0, 0.0, 0.9761795947316262, 0.9754307996546285, 0.0, 0.0, 0.0, 0.0, 0.0], [0.0, 0.0, 0.0, 1.0062196593917623, 0.0, 1.0067594576944883, 0.0, 0.0, 0.0, 0.0, 0.0, 0.0, 0.0, 0.0, 0.0, 0.0, 0.975621849581799, 0.9741510369531945, 0.0, 0.0, 0.0], [0.0, 0.0, 0.0, 0.0, 1.0067594576944883, 0.0, 0.9896119191354479, 0.0, 0.0, 0.0, 0.0, 0.0, 0.0, 0.0, 0.0, 0.0, 0.0, 0.0, 0.973231361583288, 0.9710360459930502, 0.0], [0.0, 0.0, 0.0, 0.0, 0.0, 0.9896119191354479, 0.0, 0.0, 0.0, 0.0, 0.0, 0.0, 0.0, 0.0, 0.0, 0.0, 0.0, 0.0, 0.0, 0.0, 0.9081876012984189], [0.9851008452790856, 0.0, 0.0, 0.0, 0.0, 0.0, 0.0, 0.0, 0.0, 0.0, 0.0, 0.0, 0.0, 0.0, 0.0, 0.0, 0.0, 0.0, 0.0, 0.0, 0.0], [0.9868519121753654, 0.0, 0.0, 0.0, 0.0, 0.0, 0.0, 0.0, 0.0, 0.0, 0.0, 0.0, 0.0, 0.0, 0.0, 0.0, 0.0, 0.0, 0.0, 0.0, 0.0], [0.9861561447862217, 0.0, 0.0, 0.0, 0.0, 0.0, 0.0, 0.0, 0.0, 0.0, 0.0, 0.0, 0.0, 0.0, 0.0, 0.0, 0.0, 0.0, 0.0, 0.0, 0.0], [0.0, 0.967406880624463, 0.0, 0.0, 0.0, 0.0, 0.0, 0.0, 0.0, 0.0, 0.0, 0.0, 0.0, 0.0, 0.0, 0.0, 0.0, 0.0, 0.0, 0.0, 0.0], [0.0, 0.0, 0.9866488509832784, 0.0, 0.0, 0.0, 0.0, 0.0, 0.0, 0.0, 0.0, 0.0, 0.0, 0.0, 0.0, 0.0, 0.0, 0.0, 0.0, 0.0, 0.0], [0.0, 0.0, 0.9870512972920897, 0.0, 0.0, 0.0, 0.0, 0.0, 0.0, 0.0, 0.0, 0.0, 0.0, 0.0, 0.0, 0.0, 0.0, 0.0, 0.0, 0.0, 0.0], [0.0, 0.0, 0.986808340473379, 0.0, 0.0, 0.0, 0.0, 0.0, 0.0, 0.0, 0.0, 0.0, 0.0, 0.0, 0.0, 0.0, 0.0, 0.0, 0.0, 0.0, 0.0], [0.0, 0.0, 0.0, 0.9761795947316262, 0.0, 0.0, 0.0, 0.0, 0.0, 0.0, 0.0, 0.0, 0.0, 0.0, 0.0, 0.0, 0.0, 0.0, 0.0, 0.0, 0.0], [0.0, 0.0, 0.0, 0.9754307996546285, 0.0, 0.0, 0.0, 0.0, 0.0, 0.0, 0.0, 0.0, 0.0, 0.0, 0.0, 0.0, 0.0, 0.0, 0.0, 0.0, 0.0], [0.0, 0.0, 0.0, 0.0, 0.975621849581799, 0.0, 0.0, 0.0, 0.0, 0.0, 0.0, 0.0, 0.0, 0.0, 0.0, 0.0, 0.0, 0.0, 0.0, 0.0, 0.0], [0.0, 0.0, 0.0, 0.0, 0.9741510369531945, 0.0, 0.0, 0.0, 0.0, 0.0, 0.0, 0.0, 0.0, 0.0, 0.0, 0.0, 0.0, 0.0, 0.0, 0.0, 0.0], [0.0, 0.0, 0.0, 0.0, 0.0, 0.973231361583288, 0.0, 0.0, 0.0, 0.0, 0.0, 0.0, 0.0, 0.0, 0.0, 0.0, 0.0, 0.0, 0.0, 0.0, 0.0], [0.0, 0.0, 0.0, 0.0, 0.0, 0.9710360459930502, 0.0, 0.0, 0.0, 0.0, 0.0, 0.0, 0.0, 0.0, 0.0, 0.0, 0.0, 0.0, 0.0, 0.0, 0.0], [0.0, 0.0, 0.0, 0.0, 0.0, 0.0, 0.9081876012984189, 0.0, 0.0, 0.0, 0.0, 0.0, 0.0, 0.0, 0.0, 0.0, 0.0, 0.0, 0.0, 0.0, 0.0]], "Born radii": [], "Atomic SASAs": [], "Solvent H bonds": [], "Total SASA": NaN, "Total FOD": 0.0, "FOD": [0.0, 0.0, 0.0, 0.0, 0.0, 0.0, 0.0, 0.0, 0.0, 0.0, 0.0, 0.0, 0.0, 0.0, 0.0, 0.0, 0.0, 0.0, 0.0, 0.0, 0.0], "FOD s proportion": [0.0, 0.0, 0.0, 0.0, 0.0, 0.0, 0.0, 0.0, 0.0, 0.0, 0.0, 0.0, 0.0, 0.0, 0.0, 0.0, 0.0, 0.0, 0.0, 0.0, 0.0], "FOD p proportion": [0.0, 0.0, 0.0, 0.0, 0.0, 0.0, 0.0, 0.0, 0.0, 0.0, 0.0, 0.0, 0.0, 0.0, 0.0, 0.0, 0.0, 0.0, 0.0, 0.0, 0.0], "FOD d proportion": [0.0, 0.0, 0.0, 0.0, 0.0, 0.0, 0.0, 0.0, 0.0, 0.0, 0.0, 0.0, 0.0, 0.0, 0.0, 0.0, 0.0, 0.0, 0.0, 0.0, 0.0], "coordinates": [["-1.50120", "-1.05410", "0.61840"], ["-0.92840", "0.28690", "0.15860"], ["-2.06350", "1.19790", "-0.31770"], ["0.11420", "0.12630", "-0.96360"], ["1.33400", "-0.73960", "-0.62050"], ["2.14410", "-0.25020", "0.57410"], ["2.58550", "1.08060", "0.35060"], ["-0.73020", "-1.68040", "1.07720"], ["-1.93740", "-1.60780", "-0.21980"], ["-2.28540", "-0.90450", "1.36850"], ["-0.45830", "0.77500", "1.02040"], ["-2.79520", "1.35820", "0.48140"], ["-2.58860", "0.76450", "-1.17580"], ["-1.67660", "2.17810", "-0.61590"], ["-0.37130", "-0.30900", "-1.84710"], ["0.46300", "1.12080", "-1.27070"], ["1.98650", "-0.74510", "-1.50290"], ["1.02680", "-1.77760", "-0.45290"], ["3.02470", "-0.88630", "0.71010"], ["1.55650", "-0.27920", "1.49630"], ["3.10100", "1.34540", "1.13140"]], "bond_dist": [[0.0, 1.528985572201386, 2.5027921407899614, 2.5506048929616676, 3.1100068327899217, 3.733152794890667, 4.618417241869773, 1.094161839034793, 1.0951864544450867, 1.0954450282875905, 2.1435604073596806, 2.7408750956583194, 2.776490295318894, 3.4643005773171587, 2.8125679138467037, 3.4866847376842087, 4.093830233412226, 2.839352028192348, 4.529937807520099, 3.2742491826371434, 5.215459144696658], [1.528985572201386, 0.0, 1.531415913460481, 1.540175301710815, 2.603680629416749, 3.146644706667723, 3.607536125945241, 2.1802244127612185, 2.179714579939309, 2.173646928551185, 1.0963278980305118, 2.1764249975590704, 2.182885512343696, 2.1763021228680546, 2.1652458774929, 2.1620087095106717, 3.5103060066039826, 2.90841873532681, 4.160234380416565, 2.8783047979670258, 4.278180273200277], [2.5027921407899614, 1.531415913460481, 0.0, 2.511551444824493, 3.922830654004835, 4.538303494699313, 4.698253418026746, 3.465262730299104, 2.810238087778329, 2.7041811718152315, 2.1321404878665944, 1.0952816030592314, 1.0954000091290852, 1.0951743651126975, 2.7337433694478346, 2.701361815825492, 4.6456913414474705, 4.292066329869566, 5.5937502375418955, 4.310083573435671, 5.365976827195586], [2.5506048929616676, 1.540175301710815, 2.511551444824493, 0.0, 1.5347353061684612, 2.5742508716129437, 2.9572172426117094, 2.853426166908827, 2.787365029916247, 3.5013310626103324, 2.1644454116470575, 3.474220915543512, 2.7852209822561655, 2.745495068289142, 1.098074947351045, 1.09772587652838, 2.134406179713692, 2.172208199045386, 3.506799210105991, 2.8802374120894965, 3.8465834255869193], [3.1100068327899217, 2.603680629416749, 3.922830654004835, 1.5347353061684612, 0.0, 1.524087769782305, 2.4129681929109634, 2.833409883867846, 3.408282513231554, 4.133203281959406, 2.863373056379486, 4.760802567845047, 4.237625002286069, 4.192458325374266, 2.1442975563106907, 2.154643636428075, 1.097459001512129, 1.0954020266550542, 2.1564980268945297, 2.1776860770092643, 3.2463314079126304], [3.733152794890667, 3.146644706667723, 4.538303494699313, 2.5742508716129437, 1.524087769782305, 0.0, 1.4197939463175633, 3.2496433865887497, 4.374013856859624, 4.547488328737084, 2.8324379057624545, 5.195404540553122, 5.14686461741515, 4.6808641702147264, 3.491833907848424, 2.8476350275272284, 2.1409560411180797, 2.1531463141180165, 1.0947947615877602, 1.0938773240176431, 1.9422101482589365], [4.618417241869773, 3.607536125945241, 4.698253418026746, 2.9572172426117094, 2.4129681929109634, 1.4197939463175633, 0.0, 4.37549254941658, 5.292397862028137, 5.357462947142052, 3.1315717842642536, 5.3894436531055785, 5.4038067119392785, 4.506009865723777, 3.93745345242328, 2.6711862495902454, 2.6697272782065213, 3.3532767824920153, 2.047152290378026, 2.054391766435993, 0.9723723206673458], [1.094161839034793, 2.1802244127612185, 3.465262730299104, 2.853426166908827, 2.833409883867846, 3.2496433865887497, 4.37549254941658, 0.0, 1.7733616664403231, 1.7622495680237804, 2.47106151481504, 3.7218668165317252, 3.808831260373712, 4.318597320890198, 3.249781171094447, 3.844877382960346, 3.861626728465608, 2.3318882584720906, 3.8554677057394735, 2.714406590767123, 4.882263483262656], [1.0951864544450867, 2.179714579939309, 2.810238087778329, 2.787365029916247, 3.408282513231554, 4.374013856859624, 5.292397862028137, 1.7733616664403231, 0.0, 1.771561960530876, 3.0665238772916803, 3.1661740760735193, 2.6392811009818566, 3.815488259711986, 2.605313021500488, 3.7830634319292082, 4.217533415398152, 2.978195643338429, 5.099775747030452, 4.1130906116933525, 5.9943812224449], [1.0954450282875905, 2.173646928551185, 2.7041811718152315, 3.5013310626103324, 4.133203281959406, 4.547488328737084, 5.357462947142052, 1.7622495680237804, 1.771561960530876, 0.0, 2.506030380901237, 2.483274801547344, 3.057932917838454, 3.7163024042722896, 3.789258821986168, 4.315196321142295, 5.149706392601427, 3.8794935764864977, 5.350792820694893, 3.8945511345981836, 5.842223153902973], [2.1435604073596806, 1.0963278980305118, 2.1321404878665944, 2.1644454116470575, 2.863373056379486, 2.8324379057624545, 3.1315717842642536, 2.47106151481504, 3.0665238772916803, 2.506030380901237, 0.0, 2.4681460349825333, 3.0596703711347732, 2.4759689396274744, 3.06678679565437, 2.4934936414597093, 3.82815803487787, 3.300288117725481, 3.87136833432315, 2.3231955341727053, 3.606423942078912], [2.7408750956583194, 2.1764249975590704, 1.0952816030592314, 3.474220915543512, 4.760802567845047, 5.195404540553122, 5.3894436531055785, 3.7218668165317252, 3.1661740760735193, 2.483274801547344, 2.4681460349825333, 0.0, 1.7724206865188636, 1.768493500129418, 3.7519007582823933, 3.70703121243941, 5.588020424980567, 5.031286329558277, 6.241900347650546, 4.759032849224725, 5.931933772388225], [2.776490295318894, 2.182885512343696, 1.0954000091290852, 2.7852209822561655, 4.237625002286069, 5.14686461741515, 5.4038067119392785, 3.808831260373712, 2.6392811009818566, 3.057932917838454, 3.0596703711347732, 1.7724206865188636, 0.0, 1.7729909672640751, 2.5533243487657415, 3.073795416093921, 4.828812129292254, 4.478389663707257, 6.147430059789213, 5.040960435274215, 6.167022361723687], [3.4643005773171587, 2.1763021228680546, 1.0951743651126975, 2.745495068289142, 4.192458325374266, 4.6808641702147264, 4.506009865723777, 4.318597320890198, 3.815488259711986, 3.7163024042722896, 2.4759689396274744, 1.768493500129418, 1.7729909672640751, 0.0, 3.066810711472099, 2.47477968514371, 4.769713707341354, 4.794006993111295, 5.7663719139507466, 4.577406224053094, 5.154794694262808], [2.8125679138467037, 2.1652458774929, 2.7337433694478346, 1.098074947351045, 2.1442975563106907, 3.491833907848424, 3.93745345242328, 3.249781171094447, 2.605313021500488, 3.789258821986168, 3.06678679565437, 3.7519007582823933, 2.5533243487657415, 3.066810711472099, 0.0, 1.7528894688485066, 2.4223702627798254, 2.460744442236942, 4.2901472154228, 3.859484996732077, 4.864706455686715], [3.4866847376842087, 2.1620087095106717, 2.701361815825492, 1.09772587652838, 2.154643636428075, 2.8476350275272284, 2.6711862495902454, 3.844877382960346, 3.7830634319292082, 4.315196321142295, 2.4934936414597093, 3.70703121243941, 3.073795416093921, 2.47477968514371, 1.7528894688485066, 0.0, 2.420031384094016, 3.063884762846018, 3.80976717661329, 3.2881653319138318, 3.5748529438285988], [4.093830233412226, 3.5103060066039826, 4.6456913414474705, 2.134406179713692, 1.097459001512129, 2.1409560411180797, 2.6697272782065213, 3.861626728465608, 4.217533415398152, 5.149706392601427, 3.82815803487787, 5.588020424980567, 4.828812129292254, 4.769713707341354, 2.4223702627798254, 2.420031384094016, 0.0, 1.7577202109550882, 2.44850274249387, 3.065479318149121, 3.5428571788882484], [2.839352028192348, 2.90841873532681, 4.292066329869566, 2.172208199045386, 1.0954020266550542, 2.1531463141180165, 3.3532767824920153, 2.3318882584720906, 2.978195643338429, 3.8794935764864977, 3.300288117725481, 5.031286329558277, 4.478389663707257, 4.794006993111295, 2.460744442236942, 3.063884762846018, 1.7577202109550882, 0.0, 2.477617625865622, 2.514988129196637, 4.070066477344074], [4.529937807520099, 4.160234380416565, 5.5937502375418955, 3.506799210105991, 2.1564980268945297, 1.0947947615877602, 2.047152290378026, 3.8554677057394735, 5.099775747030452, 5.350792820694893, 3.87136833432315, 6.241900347650546, 6.147430059789213, 5.7663719139507466, 4.2901472154228, 3.80976717661329, 2.44850274249387, 2.477617625865622, 0.0, 1.772651147293229, 2.2723996721527664], [3.2742491826371434, 2.8783047979670258, 4.310083573435671, 2.8802374120894965, 2.1776860770092643, 1.0938773240176431, 2.054391766435993, 2.714406590767123, 4.1130906116933525, 3.8945511345981836, 2.3231955341727053, 4.759032849224725, 5.040960435274215, 4.577406224053094, 3.859484996732077, 3.2881653319138318, 3.065479318149121, 2.514988129196637, 1.772651147293229, 0.0, 2.2711136959650435], [5.215459144696658, 4.278180273200277, 5.365976827195586, 3.8465834255869193, 3.2463314079126304, 1.9422101482589365, 0.9723723206673458, 4.882263483262656, 5.9943812224449, 5.842223153902973, 3.606423942078912, 5.931933772388225, 6.167022361723687, 5.154794694262808, 4.864706455686715, 3.5748529438285988, 3.5428571788882484, 4.070066477344074, 2.2723996721527664, 2.2711136959650435, 0.0]]}