{"total energy": -50.01607932, "HOMO-LUMO gap/eV": 1.75486402, "electronic energy": -50.59624085, "dipole": [0.57097967, -0.46930357, 0.00085727], "partial charges": [-0.10160106, -0.05187325, -0.05940056, -0.01205834, -0.11102002, -0.02557493, -0.05317157, -0.10233796, 0.27841927, -0.38675838, -0.13653185, 0.19437807, -0.33166666, -0.13628854, 0.27701466, -0.38870992, 0.03486552, 0.03828702, 0.03591537, 0.03487854, 0.03782027, 0.0238052, 0.03107063, 0.05718179, 0.04868301, 0.05279681, 0.04765534, 0.06661151, 0.06022878, 0.04943604, 0.03685651, 0.03377489, 0.22852063, 0.2287932], "atomic dipole moments": [[-0.04723625, -0.09610353, -0.00941004], [-0.06989968, 0.09986393, -0.02118875], [0.03368632, -0.10292, 0.03101424], [-0.07798876, 0.05492974, -0.09109226], [-0.04663542, 0.07867138, 0.09070721], [-6.887e-05, 0.0182617, 0.00434899], [-0.03100624, 0.15659608, 0.00653654], [0.11237262, -0.00553537, -0.00153272], [-0.0234011, 0.08125771, -0.00702079], [-0.00671649, 0.08407183, 0.16883197], [-0.01959335, -0.01276796, 0.04138393], [0.03549171, -0.12957548, 0.00459505], [0.05000626, -0.17749852, 0.00482626], [0.00472151, -0.00864523, -0.04180219], [-0.03230497, 0.07403348, -0.00014153], [0.00667805, 0.07911996, -0.17110064], [-0.05509588, 0.07066911, 0.08908625], [0.12112724, -0.01375342, 0.03258099], [-0.0031955, 0.06395512, -0.10918297], [0.01307433, -0.05875913, 0.10928519], [0.06685841, -0.06285565, -0.08380164], [-0.04804356, 0.08385347, 0.0767848], [-0.00315915, 0.05620136, -0.11236332], [0.02688477, -0.05358156, 0.11232074], [0.12161402, -0.03127708, 0.02165658], [-0.0019086, 0.04218929, -0.12361734], [-0.05191393, -0.11731036, 0.00279077], [0.02384447, -0.07345942, -0.10275205], [0.02963852, -0.07757857, 0.09851391], [-0.0528148, -0.11553924, -0.00753487], [-0.0479152, 0.0516135, 0.10658766], [-0.04513961, 0.06487548, -0.10019261], [-0.02352371, 0.06455649, -0.12184101], [-0.03908826, 0.06701765, 0.11687018]], "atomic quadrupole moments": [[-0.04300521, 0.13791697, 0.17144965, 0.01638124, 0.02848973, -0.12844444], [0.13701647, 0.07994105, 0.07529015, 0.10432056, 0.01531927, -0.21230662], [0.13415377, 0.0699284, 0.06575014, 0.06242279, -0.02197038, -0.19990391], [0.13297494, 0.00273221, 0.03225976, -0.0240658, 0.09730746, -0.1652347], [-0.03631675, -0.04933926, 0.0027267, -0.07886487, 0.16216439, 0.03359004], [-0.09363289, -0.03379892, 0.02877599, 0.00763062, 0.00377641, 0.0648569], [0.16324004, 0.09645081, 0.07702601, -0.00788963, 0.00606734, -0.24026605], [0.22805371, -0.04125369, -0.10781574, 0.0017328, 0.00186738, -0.12023798], [0.48682787, 0.1537757, -0.14433349, -0.0754416, -0.00638212, -0.34249438], [0.1981703, 0.07185443, -0.09108048, -0.02641157, 0.01779902, -0.10708982], [0.03699635, 0.00742466, 0.03204696, -0.01638864, 0.08434125, -0.06904331], [0.30166229, 0.15080559, -0.17526817, 0.05710081, 0.01877507, -0.12639412], [0.15049093, -0.08383558, 0.44525172, 0.09145683, -0.00525321, -0.59574265], [0.03126553, 0.01790896, 0.02558295, 0.03924862, -0.08068676, -0.05684848], [0.44284856, 0.19910931, -0.1209967, 0.14976944, 0.03291828, -0.32185187], [0.17709393, 0.09455144, -0.08063225, 0.05451777, -0.00607656, -0.09646168], [-0.01111622, -0.02148489, -0.0039665, -0.0510067, 0.04104081, 0.01508271], [0.06905473, -0.01783556, -0.02393778, 0.03291898, -0.00520171, -0.04511696], [-0.04831521, 0.00272927, -0.01038743, 0.01376148, -0.04248685, 0.05870264], [-0.02489819, 0.01093605, -0.01544694, 0.00195228, -0.03432587, 0.04034513], [-0.00836655, -0.00882511, -0.00752518, -0.02353034, 0.03985522, 0.01589172], [0.00625971, -0.01775137, -0.01224433, -0.03019231, 0.04048289, 0.00598462], [-0.01937304, 0.00255216, -0.03266879, 0.0062055, -0.02467607, 0.05204184], [-0.01634951, -0.00492996, -0.00803886, -0.00803927, -0.01163291, 0.02438838], [0.07058405, -0.00503576, -0.0450608, 0.03918742, 0.00977237, -0.02552325], [-0.04343841, -0.01566573, -0.0083165, 0.01212711, -0.04432773, 0.05175491], [0.00519146, 0.05959967, 0.03538373, -0.01830343, -0.00376563, -0.04057519], [0.00256982, -0.00065263, -0.03140196, -0.02807128, 0.02968222, 0.02883215], [-0.00551331, -5.068e-05, -0.0246842, 0.0224852, -0.03445425, 0.03019751], [-0.0160396, 0.03164773, 0.06939855, 0.00046967, 0.00887126, -0.05335895], [-0.02413472, -0.01647154, -0.02420835, -0.01485357, 0.05245045, 0.04834307], [-0.02577592, -0.0173688, -0.01106902, 0.01286194, -0.05945522, 0.03684495], [-0.04813215, -0.02122926, 0.01920396, -0.00754756, -0.00132455, 0.02892819], [-0.04589751, -0.02184864, 0.01882951, -0.01007689, -0.00383558, 0.027068]], "number of molecular orbitals": 87, "number of electrons": 90, "number of unpaired electrons": 0, "orbital energies/eV": [-20.30102863, -20.1594352, -20.14376622, -19.65122949, -19.28597645, -18.68956765, -18.32188218, -17.94330939, -17.64541229, -17.28958922, -17.14192738, -16.94395683, -16.68289988, -16.53406789, -16.36313921, -15.87770744, -15.81355961, -15.71012059, -15.63490238, -15.4850797, -15.30880709, -14.79506099, -14.54570586, -14.41777405, -14.37503436, -14.11884201, -13.93433718, -13.83548458, -13.76585105, -13.55944224, -13.22458876, -13.12635848, -12.92972759, -12.86419072, -12.74862168, -12.69292239, -12.43010041, -12.33101973, -12.24191476, -12.07556253, -11.91885309, -11.77552908, -11.68324575, -11.242031, -10.36124419, -8.60638017, -7.14703972, -6.1978085, -4.6612026, -1.30290926, -0.97274442, -0.46045331, -0.08399293, 0.01202259, 0.55905912, 0.99665715, 1.19801908, 1.66660666, 1.9019827, 2.36311572, 2.71160503, 2.93573415, 3.32976716, 3.42780487, 3.55852879, 3.8362563, 3.99621881, 4.11589053, 4.30035132, 4.38766768, 4.68776755, 5.07881829, 5.20330727, 5.58935837, 5.79736265, 6.05784989, 6.27022861, 6.66091696, 6.77588259, 7.08081157, 7.3102383, 7.7580705, 7.84088896, 12.03560385, 14.25581498, 14.92934495, 15.97916564], "fractional occupation": [2.0, 2.0, 2.0, 2.0, 2.0, 2.0, 2.0, 2.0, 2.0, 2.0, 2.0, 2.0, 2.0, 2.0, 2.0, 2.0, 2.0, 2.0, 2.0, 2.0, 2.0, 2.0, 2.0, 2.0, 2.0, 2.0, 2.0, 2.0, 2.0, 2.0, 2.0, 2.0, 2.0, 2.0, 2.0, 2.0, 2.0, 2.0, 2.0, 2.0, 2.0, 2.0, 2.0, 2.0, 2.0, 0.0, 0.0, 0.0, 0.0, 0.0, 0.0, 0.0, 0.0, 0.0, 0.0, 0.0, 0.0, 0.0, 0.0, 0.0, 0.0, 0.0, 0.0, 0.0, 0.0, 0.0, 0.0, 0.0, 0.0, 0.0, 0.0, 0.0, 0.0, 0.0, 0.0, 0.0, 0.0, 0.0, 0.0, 0.0, 0.0, 0.0, 0.0, 0.0, 0.0, 0.0, 0.0], "program call": "xtb /home/svss/Project-DBcg-Debug/aqme2_20220329/End-to-End-workflows-final/example-3/QDESCP/mol_412_rdkit_conf_3/mol_412_rdkit_conf_3.xyz --pop --wbo --acc 0.2 --gfn 2 --chrg 0 --uhf 0 --etemp 300 --input /home/svss/Project-DBcg-Debug/aqme2_20220329/End-to-End-workflows-final/example-3/QDESCP/mol_412_rdkit_conf_3/mol_412_rdkit_conf_3_xtb.inp", "method": "GFN2-xTB", "xtb version": "6.3.3 (7355c4f)", "Dipole module/D": 1.879, "Total charge": 0, "Transition dipole module/D": NaN, "HOMO": -10.3612, "LUMO": -8.6064, "HOMO occupancy": 2.0, "LUMO occupancy": 0, "mulliken charges": [-0.08311, -0.03543, -0.06199, 0.00263, -0.0918, -0.06121, -0.02804, -0.08937, 0.46871, -0.52346, -0.3016, 0.32658, -0.25457, -0.3006, 0.46879, -0.52457, 0.02908, 0.03306, 0.02898, 0.02795, 0.02642, 0.02424, 0.02732, 0.04538, 0.03649, 0.04668, 0.03811, 0.04797, 0.04582, 0.04006, 0.03584, 0.03266, 0.26125, 0.26176], "cm5 charges": [-0.23368, -0.14856, -0.16839, -0.06093, -0.23997, -0.06213, -0.13193, -0.23788, 0.56703, -0.57044, -0.6471, 0.47697, -0.26383, -0.64656, 0.56636, -0.57048, 0.08037, 0.08384, 0.08029, 0.08284, 0.08178, 0.08577, 0.08627, 0.10782, 0.08874, 0.10201, 0.09096, 0.10736, 0.10384, 0.09096, 0.09037, 0.08668, 0.4606, 0.461], "FUKUI+": [0.007, 0.005, 0.004, -0.002, 0.015, -0.003, 0.011, 0.014, -0.04, -0.121, -0.031, -0.038, -0.314, -0.031, -0.041, -0.122, -0.003, -0.02, -0.006, -0.011, -0.015, 0.008, -0.002, -0.025, -0.033, -0.009, -0.019, -0.029, -0.03, -0.033, -0.005, -0.004, -0.04, -0.04], "FUKUI-": [0.012, 0.005, 0.009, 0.004, 0.012, -0.007, 0.009, 0.012, -0.005, -0.074, -0.021, 0.022, -0.361, -0.021, -0.004, -0.069, -0.042, -0.035, -0.036, -0.046, -0.054, -0.014, -0.021, -0.028, -0.03, -0.02, -0.027, -0.032, -0.03, -0.031, -0.021, -0.015, -0.02, -0.02], "FUKUIrad": [0.01, 0.005, 0.006, 0.001, 0.013, -0.005, 0.01, 0.013, -0.022, -0.097, -0.026, -0.008, -0.338, -0.026, -0.022, -0.095, -0.022, -0.027, -0.021, -0.029, -0.034, -0.003, -0.012, -0.026, -0.031, -0.015, -0.023, -0.03, -0.03, -0.032, -0.013, -0.01, -0.03, -0.03], "s proportion": [1.008, 1.027, 1.039, 1.072, 1.014, 1.11, 1.035, 1.01, 1.01, 1.73, 1.426, 1.019, 1.926, 1.425, 1.011, 1.731, 0.971, 0.967, 0.971, 0.972, 0.974, 0.976, 0.973, 0.955, 0.964, 0.953, 0.962, 0.952, 0.954, 0.96, 0.964, 0.967, 0.739, 0.738], "p proportion": [3.075, 3.008, 3.023, 2.926, 3.078, 2.951, 2.993, 3.079, 2.522, 4.793, 3.875, 2.655, 4.337, 3.875, 2.521, 4.794, 0.0, 0.0, 0.0, 0.0, 0.0, 0.0, 0.0, 0.0, 0.0, 0.0, 0.0, 0.0, 0.0, 0.0, 0.0, 0.0, 0.0, 0.0], "d proportion": [0.0, 0.0, 0.0, 0.0, 0.0, 0.0, 0.0, 0.0, 0.0, 0.0, 0.0, 0.0, -0.009, 0.0, 0.0, 0.0, 0.0, 0.0, 0.0, 0.0, 0.0, 0.0, 0.0, 0.0, 0.0, 0.0, 0.0, 0.0, 0.0, 0.0, 0.0, 0.0, 0.0, 0.0], "Fermi-level/eV": -9.4838, "Coordination numbers": [3.75, 3.798, 3.799, 3.844, 3.749, 3.895, 3.803, 3.747, 2.76, 0.859, 2.753, 2.818, 1.096, 2.753, 2.762, 0.859, 0.924, 0.924, 0.924, 0.924, 0.924, 0.924, 0.924, 0.923, 0.924, 0.924, 0.924, 0.924, 0.924, 0.924, 0.924, 0.924, 0.86, 0.86], "Dispersion coefficient C6": [22.504, 21.508, 21.645, 20.76, 22.689, 20.975, 21.527, 22.523, 22.289, 21.417, 23.955, 23.857, 153.544, 23.95, 22.314, 21.456, 2.518, 2.472, 2.504, 2.518, 2.478, 2.676, 2.571, 2.233, 2.337, 2.285, 2.349, 2.123, 2.196, 2.327, 2.491, 2.534, 0.972, 0.97], "Total dispersion C6": 12012.399772, "Total dispersion C8": 295637.032545, "Polarizability alpha": [6.766, 6.603, 6.624, 6.481, 6.794, 6.51, 6.605, 6.769, 7.731, 6.205, 7.269, 8.003, 20.955, 7.268, 7.736, 6.21, 2.482, 2.459, 2.475, 2.482, 2.462, 2.558, 2.508, 2.337, 2.39, 2.364, 2.397, 2.279, 2.318, 2.386, 2.468, 2.489, 1.544, 1.543], "Total polarizability alpha": 166.470799, "Wiberg matrix": [[0.0, 1.0193235552345006, 0.0, 0.0, 0.0, 0.0, 0.0, 0.0, 0.0, 0.0, 0.0, 0.0, 0.0, 0.0, 0.0, 0.0, 0.9872764550681958, 0.9865173102570308, 0.9875428908386498, 0.0, 0.0, 0.0, 0.0, 0.0, 0.0, 0.0, 0.0, 0.0, 0.0, 0.0, 0.0, 0.0, 0.0, 0.0], [1.0193235552345006, 0.0, 1.0059916592560345, 0.0, 0.0, 0.0, 0.0, 0.0, 0.0, 0.0, 0.0, 0.0, 0.0, 0.0, 0.0, 0.0, 0.0, 0.0, 0.0, 0.977353866480034, 0.975349167820556, 0.0, 0.0, 0.0, 0.0, 0.0, 0.0, 0.0, 0.0, 0.0, 0.0, 0.0, 0.0, 0.0], [0.0, 1.0059916592560345, 0.0, 0.9937001290574411, 0.0, 0.0, 0.0, 0.0, 0.0, 0.0, 0.0, 0.0, 0.0, 0.0, 0.0, 0.0, 0.0, 0.0, 0.0, 0.0, 0.0, 0.9750964311259125, 0.9765913693919637, 0.0, 0.0, 0.0, 0.0, 0.0, 0.0, 0.0, 0.0, 0.0, 0.0, 0.0], [0.0, 0.0, 0.9937001290574411, 0.0, 1.0109343707102747, 0.9086079035357233, 0.0, 0.0, 0.0, 0.0, 0.0, 0.0, 0.0, 0.0, 0.0, 0.0, 0.0, 0.0, 0.0, 0.0, 0.0, 0.0, 0.0, 0.9628457141686084, 0.0, 0.0, 0.0, 0.0, 0.0, 0.0, 0.0, 0.0, 0.0, 0.0], [0.0, 0.0, 0.0, 1.0109343707102747, 0.0, 0.0, 0.0, 0.0, 0.0, 0.0, 0.0, 0.0, 0.0, 0.0, 0.0, 0.0, 0.0, 0.0, 0.0, 0.0, 0.0, 0.0, 0.0, 0.0, 0.9771102877079321, 0.9845004592372275, 0.9808560775428006, 0.0, 0.0, 0.0, 0.0, 0.0, 0.0, 0.0], [0.0, 0.0, 0.0, 0.9086079035357233, 0.0, 0.0, 0.9555693791095358, 0.0, 0.9624406009061317, 0.0, 0.0, 0.0, 0.0, 0.0, 0.9577329956077432, 0.0, 0.0, 0.0, 0.0, 0.0, 0.0, 0.0, 0.0, 0.0, 0.0, 0.0, 0.0, 0.0, 0.0, 0.0, 0.0, 0.0, 0.0, 0.0], [0.0, 0.0, 0.0, 0.0, 0.0, 0.9555693791095358, 0.0, 1.0195929127757084, 0.0, 0.0, 0.0, 0.0, 0.0, 0.0, 0.0, 0.0, 0.0, 0.0, 0.0, 0.0, 0.0, 0.0, 0.0, 0.0, 0.0, 0.0, 0.0, 0.9691303144347353, 0.973561516597782, 0.0, 0.0, 0.0, 0.0, 0.0], [0.0, 0.0, 0.0, 0.0, 0.0, 0.0, 1.0195929127757084, 0.0, 0.0, 0.0, 0.0, 0.0, 0.0, 0.0, 0.0, 0.0, 0.0, 0.0, 0.0, 0.0, 0.0, 0.0, 0.0, 0.0, 0.0, 0.0, 0.0, 0.0, 0.0, 0.9845989078890017, 0.9863943567071053, 0.9869803825568872, 0.0, 0.0], [0.0, 0.0, 0.0, 0.0, 0.0, 0.9624406009061317, 0.0, 0.0, 0.0, 1.7365391337317526, 1.1394940847418864, 0.0, 0.0, 0.0, 0.0, 0.0, 0.0, 0.0, 0.0, 0.0, 0.0, 0.0, 0.0, 0.0, 0.0, 0.0, 0.0, 0.0, 0.0, 0.0, 0.0, 0.0, 0.0, 0.0], [0.0, 0.0, 0.0, 0.0, 0.0, 0.0, 0.0, 0.0, 1.7365391337317526, 0.0, 0.12918496257365542, 0.0, 0.0, 0.0, 0.0, 0.0, 0.0, 0.0, 0.0, 0.0, 0.0, 0.0, 0.0, 0.0, 0.0, 0.0, 0.0, 0.0, 0.0, 0.0, 0.0, 0.0, 0.0, 0.0], [0.0, 0.0, 0.0, 0.0, 0.0, 0.0, 0.0, 0.0, 1.1394940847418864, 0.12918496257365542, 0.0, 1.1893468682328252, 0.0, 0.0, 0.0, 0.0, 0.0, 0.0, 0.0, 0.0, 0.0, 0.0, 0.0, 0.0, 0.0, 0.0, 0.0, 0.0, 0.0, 0.0, 0.0, 0.0, 0.9116384983843815, 0.0], [0.0, 0.0, 0.0, 0.0, 0.0, 0.0, 0.0, 0.0, 0.0, 0.0, 1.1893468682328252, 0.0, 1.5295240509228796, 1.188217420075842, 0.0, 0.0, 0.0, 0.0, 0.0, 0.0, 0.0, 0.0, 0.0, 0.0, 0.0, 0.0, 0.0, 0.0, 0.0, 0.0, 0.0, 0.0, 0.0, 0.0], [0.0, 0.0, 0.0, 0.0, 0.0, 0.0, 0.0, 0.0, 0.0, 0.0, 0.0, 1.5295240509228796, 0.0, 0.0, 0.0, 0.0, 0.0, 0.0, 0.0, 0.0, 0.0, 0.0, 0.0, 0.0, 0.0, 0.0, 0.0, 0.0, 0.0, 0.0, 0.0, 0.0, 0.0, 0.0], [0.0, 0.0, 0.0, 0.0, 0.0, 0.0, 0.0, 0.0, 0.0, 0.0, 0.0, 1.188217420075842, 0.0, 0.0, 1.1434694010588187, 0.130426970965173, 0.0, 0.0, 0.0, 0.0, 0.0, 0.0, 0.0, 0.0, 0.0, 0.0, 0.0, 0.0, 0.0, 0.0, 0.0, 0.0, 0.0, 0.9116961363767797], [0.0, 0.0, 0.0, 0.0, 0.0, 0.9577329956077432, 0.0, 0.0, 0.0, 0.0, 0.0, 0.0, 0.0, 1.1434694010588187, 0.0, 1.7349845546736977, 0.0, 0.0, 0.0, 0.0, 0.0, 0.0, 0.0, 0.0, 0.0, 0.0, 0.0, 0.0, 0.0, 0.0, 0.0, 0.0, 0.0, 0.0], [0.0, 0.0, 0.0, 0.0, 0.0, 0.0, 0.0, 0.0, 0.0, 0.0, 0.0, 0.0, 0.0, 0.130426970965173, 1.7349845546736977, 0.0, 0.0, 0.0, 0.0, 0.0, 0.0, 0.0, 0.0, 0.0, 0.0, 0.0, 0.0, 0.0, 0.0, 0.0, 0.0, 0.0, 0.0, 0.0], [0.9872764550681958, 0.0, 0.0, 0.0, 0.0, 0.0, 0.0, 0.0, 0.0, 0.0, 0.0, 0.0, 0.0, 0.0, 0.0, 0.0, 0.0, 0.0, 0.0, 0.0, 0.0, 0.0, 0.0, 0.0, 0.0, 0.0, 0.0, 0.0, 0.0, 0.0, 0.0, 0.0, 0.0, 0.0], [0.9865173102570308, 0.0, 0.0, 0.0, 0.0, 0.0, 0.0, 0.0, 0.0, 0.0, 0.0, 0.0, 0.0, 0.0, 0.0, 0.0, 0.0, 0.0, 0.0, 0.0, 0.0, 0.0, 0.0, 0.0, 0.0, 0.0, 0.0, 0.0, 0.0, 0.0, 0.0, 0.0, 0.0, 0.0], [0.9875428908386498, 0.0, 0.0, 0.0, 0.0, 0.0, 0.0, 0.0, 0.0, 0.0, 0.0, 0.0, 0.0, 0.0, 0.0, 0.0, 0.0, 0.0, 0.0, 0.0, 0.0, 0.0, 0.0, 0.0, 0.0, 0.0, 0.0, 0.0, 0.0, 0.0, 0.0, 0.0, 0.0, 0.0], [0.0, 0.977353866480034, 0.0, 0.0, 0.0, 0.0, 0.0, 0.0, 0.0, 0.0, 0.0, 0.0, 0.0, 0.0, 0.0, 0.0, 0.0, 0.0, 0.0, 0.0, 0.0, 0.0, 0.0, 0.0, 0.0, 0.0, 0.0, 0.0, 0.0, 0.0, 0.0, 0.0, 0.0, 0.0], [0.0, 0.975349167820556, 0.0, 0.0, 0.0, 0.0, 0.0, 0.0, 0.0, 0.0, 0.0, 0.0, 0.0, 0.0, 0.0, 0.0, 0.0, 0.0, 0.0, 0.0, 0.0, 0.0, 0.0, 0.0, 0.0, 0.0, 0.0, 0.0, 0.0, 0.0, 0.0, 0.0, 0.0, 0.0], [0.0, 0.0, 0.9750964311259125, 0.0, 0.0, 0.0, 0.0, 0.0, 0.0, 0.0, 0.0, 0.0, 0.0, 0.0, 0.0, 0.0, 0.0, 0.0, 0.0, 0.0, 0.0, 0.0, 0.0, 0.0, 0.0, 0.0, 0.0, 0.0, 0.0, 0.0, 0.0, 0.0, 0.0, 0.0], [0.0, 0.0, 0.9765913693919637, 0.0, 0.0, 0.0, 0.0, 0.0, 0.0, 0.0, 0.0, 0.0, 0.0, 0.0, 0.0, 0.0, 0.0, 0.0, 0.0, 0.0, 0.0, 0.0, 0.0, 0.0, 0.0, 0.0, 0.0, 0.0, 0.0, 0.0, 0.0, 0.0, 0.0, 0.0], [0.0, 0.0, 0.0, 0.9628457141686084, 0.0, 0.0, 0.0, 0.0, 0.0, 0.0, 0.0, 0.0, 0.0, 0.0, 0.0, 0.0, 0.0, 0.0, 0.0, 0.0, 0.0, 0.0, 0.0, 0.0, 0.0, 0.0, 0.0, 0.0, 0.0, 0.0, 0.0, 0.0, 0.0, 0.0], [0.0, 0.0, 0.0, 0.0, 0.9771102877079321, 0.0, 0.0, 0.0, 0.0, 0.0, 0.0, 0.0, 0.0, 0.0, 0.0, 0.0, 0.0, 0.0, 0.0, 0.0, 0.0, 0.0, 0.0, 0.0, 0.0, 0.0, 0.0, 0.0, 0.0, 0.0, 0.0, 0.0, 0.0, 0.0], [0.0, 0.0, 0.0, 0.0, 0.9845004592372275, 0.0, 0.0, 0.0, 0.0, 0.0, 0.0, 0.0, 0.0, 0.0, 0.0, 0.0, 0.0, 0.0, 0.0, 0.0, 0.0, 0.0, 0.0, 0.0, 0.0, 0.0, 0.0, 0.0, 0.0, 0.0, 0.0, 0.0, 0.0, 0.0], [0.0, 0.0, 0.0, 0.0, 0.9808560775428006, 0.0, 0.0, 0.0, 0.0, 0.0, 0.0, 0.0, 0.0, 0.0, 0.0, 0.0, 0.0, 0.0, 0.0, 0.0, 0.0, 0.0, 0.0, 0.0, 0.0, 0.0, 0.0, 0.0, 0.0, 0.0, 0.0, 0.0, 0.0, 0.0], [0.0, 0.0, 0.0, 0.0, 0.0, 0.0, 0.9691303144347353, 0.0, 0.0, 0.0, 0.0, 0.0, 0.0, 0.0, 0.0, 0.0, 0.0, 0.0, 0.0, 0.0, 0.0, 0.0, 0.0, 0.0, 0.0, 0.0, 0.0, 0.0, 0.0, 0.0, 0.0, 0.0, 0.0, 0.0], [0.0, 0.0, 0.0, 0.0, 0.0, 0.0, 0.973561516597782, 0.0, 0.0, 0.0, 0.0, 0.0, 0.0, 0.0, 0.0, 0.0, 0.0, 0.0, 0.0, 0.0, 0.0, 0.0, 0.0, 0.0, 0.0, 0.0, 0.0, 0.0, 0.0, 0.0, 0.0, 0.0, 0.0, 0.0], [0.0, 0.0, 0.0, 0.0, 0.0, 0.0, 0.0, 0.9845989078890017, 0.0, 0.0, 0.0, 0.0, 0.0, 0.0, 0.0, 0.0, 0.0, 0.0, 0.0, 0.0, 0.0, 0.0, 0.0, 0.0, 0.0, 0.0, 0.0, 0.0, 0.0, 0.0, 0.0, 0.0, 0.0, 0.0], [0.0, 0.0, 0.0, 0.0, 0.0, 0.0, 0.0, 0.9863943567071053, 0.0, 0.0, 0.0, 0.0, 0.0, 0.0, 0.0, 0.0, 0.0, 0.0, 0.0, 0.0, 0.0, 0.0, 0.0, 0.0, 0.0, 0.0, 0.0, 0.0, 0.0, 0.0, 0.0, 0.0, 0.0, 0.0], [0.0, 0.0, 0.0, 0.0, 0.0, 0.0, 0.0, 0.9869803825568872, 0.0, 0.0, 0.0, 0.0, 0.0, 0.0, 0.0, 0.0, 0.0, 0.0, 0.0, 0.0, 0.0, 0.0, 0.0, 0.0, 0.0, 0.0, 0.0, 0.0, 0.0, 0.0, 0.0, 0.0, 0.0, 0.0], [0.0, 0.0, 0.0, 0.0, 0.0, 0.0, 0.0, 0.0, 0.0, 0.0, 0.9116384983843815, 0.0, 0.0, 0.0, 0.0, 0.0, 0.0, 0.0, 0.0, 0.0, 0.0, 0.0, 0.0, 0.0, 0.0, 0.0, 0.0, 0.0, 0.0, 0.0, 0.0, 0.0, 0.0, 0.0], [0.0, 0.0, 0.0, 0.0, 0.0, 0.0, 0.0, 0.0, 0.0, 0.0, 0.0, 0.0, 0.0, 0.9116961363767797, 0.0, 0.0, 0.0, 0.0, 0.0, 0.0, 0.0, 0.0, 0.0, 0.0, 0.0, 0.0, 0.0, 0.0, 0.0, 0.0, 0.0, 0.0, 0.0, 0.0]], "Born radii": [], "Atomic SASAs": [], "Solvent H bonds": [], "Total SASA": NaN, "Total FOD": 0.0, "FOD": [0.0, 0.0, 0.0, 0.0, 0.0, 0.0, 0.0, 0.0, 0.0, 0.0, 0.0, 0.0, 0.0, 0.0, 0.0, 0.0, 0.0, 0.0, 0.0, 0.0, 0.0, 0.0, 0.0, 0.0, 0.0, 0.0, 0.0, 0.0, 0.0, 0.0, 0.0, 0.0, 0.0, 0.0], "FOD s proportion": [0.0, 0.0, 0.0, 0.0, 0.0, 0.0, 0.0, 0.0, 0.0, 0.0, 0.0, 0.0, 0.0, 0.0, 0.0, 0.0, 0.0, 0.0, 0.0, 0.0, 0.0, 0.0, 0.0, 0.0, 0.0, 0.0, 0.0, 0.0, 0.0, 0.0, 0.0, 0.0, 0.0, 0.0], "FOD p proportion": [0.0, 0.0, 0.0, 0.0, 0.0, 0.0, 0.0, 0.0, 0.0, 0.0, 0.0, 0.0, 0.0, 0.0, 0.0, 0.0, 0.0, 0.0, 0.0, 0.0, 0.0, 0.0, 0.0, 0.0, 0.0, 0.0, 0.0, 0.0, 0.0, 0.0, 0.0, 0.0, 0.0, 0.0], "FOD d proportion": [0.0, 0.0, 0.0, 0.0, 0.0, 0.0, 0.0, 0.0, 0.0, 0.0, 0.0, 0.0, 0.0, 0.0, 0.0, 0.0, 0.0, 0.0, 0.0, 0.0, 0.0, 0.0, 0.0, 0.0, 0.0, 0.0, 0.0, 0.0, 0.0, 0.0, 0.0, 0.0, 0.0, 0.0], "coordinates": [["3.58420", "1.82420", "0.65220"], ["2.91940", "0.46090", "0.52490"], ["1.44700", "0.59510", "0.11900"], ["0.66280", "-0.74650", "0.13740"], ["1.26980", "-1.73450", "-0.87390"], ["-0.90060", "-0.54620", "-0.03100"], ["-1.64400", "-1.91500", "-0.06450"], ["-3.16950", "-1.80750", "-0.07610"], ["-1.18620", "0.18830", "-1.33570"], ["-1.14260", "-0.35180", "-2.43990"], ["-1.47170", "1.52340", "-1.25380"], ["-1.79360", "2.19880", "-0.12210"], ["-2.24870", "3.79580", "-0.17040"], ["-1.74320", "1.51550", "1.04900"], ["-1.38440", "0.20490", "1.20670"], ["-1.41920", "-0.30150", "2.32780"], ["3.09280", "2.43090", "1.41950"], ["4.63540", "1.70810", "0.93370"], ["3.54400", "2.36970", "-0.29600"], ["2.99680", "-0.06630", "1.48250"], ["3.47180", "-0.12190", "-0.21900"], ["0.97930", "1.30300", "0.81120"], ["1.39660", "1.04480", "-0.88010"], ["0.82280", "-1.19140", "1.13060"], ["2.32170", "-1.93480", "-0.64880"], ["1.21790", "-1.34970", "-1.89660"], ["0.77350", "-2.70780", "-0.84280"], ["-1.36320", "-2.48320", "-0.95880"], ["-1.34830", "-2.52200", "0.80080"], ["-3.61020", "-2.80790", "-0.14140"], ["-3.55160", "-1.34000", "0.83590"], ["-3.52520", "-1.23120", "-0.93530"], ["-1.61180", "1.99610", "-2.13850"], ["-2.02170", "1.99960", "1.89380"]], "bond_dist": [[0.0, 1.5220877832766415, 2.5224220285273438, 3.92531469948589, 4.511072406867351, 5.118494841259489, 6.467561423751614, 7.702735194072298, 5.4207592992126115, 6.05299071947083, 5.411602484477219, 5.446154468062764, 6.211811308306138, 5.351068742784006, 5.255148780006138, 5.688606807470525, 1.094672617726414, 1.0944144096273585, 1.0946549821747489, 2.1467247378273724, 2.135164726666306, 2.661284360980615, 2.7822655175234443, 4.1167997133695975, 4.173318613525692, 4.708439055568204, 5.53841886191357, 6.754685967533946, 6.575795970831212, 8.593342931013519, 7.808043863222081, 7.899316031784018, 5.9005060884639375, 5.744427780902115], [1.5220877832766415, 0.0, 1.533207816964158, 2.5884772685886195, 3.0818180932689714, 3.9894454777575294, 5.178504873995968, 6.52545345320921, 4.5157606756780195, 5.094150010551319, 4.855351599009077, 5.064708719166385, 6.1898511864179735, 4.809022845651703, 4.364983583016092, 4.759742863853046, 2.1705475622524375, 2.160389150130133, 2.1696818683853167, 1.0958687695157663, 1.0946181114891165, 2.1342652389054177, 2.1526458254901106, 2.7372795509410435, 2.733897487105177, 3.469443306929802, 4.0640066178587855, 5.404604819966027, 5.2141227939127015, 7.332440609374208, 6.7241209693163615, 6.821162335702031, 5.475610654529776, 5.353125639287762], [2.5224220285273438, 1.533207816964158, 0.0, 1.5540909754580008, 2.5385599086883888, 2.6146302702294255, 3.9860450649735513, 5.207938461617994, 3.0356845307113187, 3.761730583122614, 3.35635671822886, 3.6237371952171147, 4.897594444214424, 3.4481026956864262, 3.058132320551222, 3.7279741737302854, 2.7874934134451332, 3.4739602257366156, 2.7782798923074687, 2.167593654262717, 2.1744305093518164, 1.0949915707438118, 1.09680037381467, 2.1458197617693804, 2.7847820273766493, 2.810227252376576, 3.5053972528088737, 4.3052070530928015, 4.242035565621769, 6.101105555553026, 5.4078239227992615, 5.400897427280026, 4.0515879220374815, 4.141788862315413], [3.92531469948589, 2.5884772685886195, 1.5540909754580008, 0.0, 1.5386099863188203, 1.5851492705735948, 2.5937390192538645, 3.982188662029965, 2.542179311142312, 3.1713928391165926, 3.4123267282017413, 3.843960626749447, 5.404078309943333, 3.425856762913476, 2.4979175907143136, 3.0546032737493096, 4.200541771010021, 4.737162189539219, 4.26612839000422, 2.778402787574185, 2.8995908538964597, 2.180511164841859, 2.1868983469745458, 1.0999919317885927, 2.1868050987685206, 2.192975661059648, 2.1953915869384213, 2.8848669518714374, 2.763516422965494, 4.7524339448329, 4.312923818014874, 4.35028313791183, 4.227928657155889, 4.222859981102855], [4.511072406867351, 3.0818180932689714, 2.5385599086883888, 1.5386099863188203, 0.0, 2.6140339439265126, 3.0295113549877977, 4.511008571262086, 3.153150024975025, 3.191220620702994, 4.274816799583347, 5.0418718438691, 6.592341965492992, 4.8309640249126256, 3.8903658388382967, 4.419852134404498, 5.092501322532965, 5.142584552537761, 4.727622202545376, 3.3642296592236387, 2.8068090013394213, 3.4857364372539696, 2.7821979027380492, 2.1243320973896718, 1.0942046015256925, 1.0939286722634158, 1.0929747435325303, 2.738694707337786, 3.2061228844197474, 5.0500637431620605, 5.13078398005607, 4.821732660569228, 4.880595053884311, 5.695405020716262], [5.118494841259489, 3.9894454777575294, 2.6146302702294255, 1.5851492705735948, 2.6140339439265126, 0.0, 1.5580048940873066, 2.5963087085321734, 1.52423741589032, 2.428817525052057, 2.4707568091578747, 2.888039682899112, 4.548600880490615, 2.4752740555340536, 1.5264714016318812, 2.427501079299451, 5.187901138225362, 6.054734559004218, 5.322327213728972, 4.208409797061117, 4.396959887240273, 2.7681881240262554, 2.92051016947382, 2.176167539506092, 3.5627382853642224, 2.934981747813775, 2.8520421823668736, 2.196993536631367, 2.19000277853705, 3.531204781657388, 2.8999025931917095, 2.8592846395558453, 3.377965509000943, 3.3827234427307236], [6.467561423751614, 5.178504873995968, 3.9860450649735513, 2.5937390192538645, 3.0295113549877977, 1.5580048940873066, 0.0, 1.5293269957729774, 2.4998802311310837, 2.8874766423297697, 3.64235038676951, 4.116922195038424, 5.743702076187447, 3.6080539269805825, 2.4854210126254266, 2.894307616684861, 6.597452315098609, 7.318068133735842, 6.7325767979281155, 5.229524388508002, 5.423143691623891, 4.243121183751414, 4.320979953667917, 2.834953828548183, 4.008562712494342, 3.444796962086445, 2.66056177902337, 1.0961169508770494, 1.0975570964646895, 2.1608161559929155, 2.1863858122481497, 2.1828395543420043, 4.427100185222828, 4.3933687917132564], [7.702735194072298, 6.52545345320921, 5.207938461617994, 3.982188662029965, 4.511008571262086, 2.5963087085321734, 1.5293269957729774, 0.0, 3.0827404512868095, 3.4372862173522885, 3.919744499326455, 4.236231403027932, 5.67923727449382, 3.7871507363716064, 2.980253615046881, 3.3332148595612616, 7.708258896145095, 8.619489741858272, 7.910021371652544, 6.594260162444305, 6.853359282862676, 5.26070841047097, 5.443464016598255, 4.215941578105655, 5.522451269137647, 4.772114819448501, 4.116505554472143, 2.1209548486471843, 2.1438827626528463, 1.0951167700295705, 1.0937553017014363, 1.0940149998971676, 4.598618924198874, 4.437562535897382], [5.4207592992126115, 4.5157606756780195, 3.0356845307113187, 2.542179311142312, 3.153150024975025, 1.52423741589032, 2.4998802311310837, 3.0827404512868095, 0.0, 1.229986426754377, 1.3677389626679504, 2.4256689737060166, 3.937116532438429, 2.7854089340705435, 2.5501679474105234, 3.7034342562005875, 5.561494655216348, 6.430473929657129, 5.311711032238105, 5.050204094885671, 4.800021555159934, 3.246710019388858, 2.758988845573682, 3.4673172309438316, 4.157492950084221, 2.9085648729227267, 3.5313976992120275, 2.703755695324561, 3.454943523416844, 4.034766775168052, 3.55621492741932, 2.76518017676968, 2.023305226603243, 3.795858030801468], [6.05299071947083, 5.094150010551319, 3.761730583122614, 3.1713928391165926, 3.191220620702994, 2.428817525052057, 2.8874766423297697, 3.4372862173522885, 1.229986426754377, 0.0, 2.2431038897028377, 3.5073577234151636, 4.855581656197329, 4.002493330412932, 3.69676530090835, 4.775981672912909, 6.370007912867927, 7.00068917821667, 5.828129118336347, 5.709760447689552, 5.126201145097605, 4.220245710856182, 3.29104910932669, 4.161273311139272, 4.20895506034455, 2.61972127334188, 3.4311665100953643, 2.604839252238034, 3.905664734715462, 4.171879578798985, 4.184577144706499, 2.951939748707619, 2.4132188069050016, 5.008278592490638], [5.411602484477219, 4.855351599009077, 3.35635671822886, 3.4123267282017413, 4.274816799583347, 2.4707568091578747, 3.64235038676951, 3.919744499326455, 1.3677389626679504, 2.2431038897028377, 0.0, 1.3566612178432755, 2.634632103349536, 2.318763140124493, 2.792870170630923, 4.020059056780136, 5.367005626045122, 6.489679556804019, 5.175987926956553, 5.475579972021229, 5.311874940169432, 3.2125071455173453, 2.9318687794647293, 4.280214089271705, 5.168660929099529, 3.9877115755781536, 4.807587490623546, 4.018910400842498, 4.538928274383723, 4.956891737772775, 4.109974411112557, 3.450525417961734, 1.0128017525656243, 3.230580783698188], [5.446154468062764, 5.064708719166385, 3.6237371952171147, 3.843960626749447, 5.0418718438691, 2.888039682899112, 4.116922195038424, 4.236231403027932, 2.4256689737060166, 3.5073577234151636, 1.3566612178432755, 0.0, 1.6612820049588208, 1.3568029554802716, 2.4308005450879757, 3.5204666537264626, 5.129064820218204, 6.533570320276656, 5.343165894860462, 5.536546877793053, 5.754952237855671, 3.059817141595229, 3.4761553532602654, 4.461867578716339, 5.856599349451863, 4.980947173982073, 5.584275643268337, 4.775608343446938, 4.830733809681506, 5.326110488902761, 4.065886550311014, 3.9274206293698666, 2.0347008355038336, 2.038519820850413], [6.211811308306138, 6.1898511864179735, 4.897594444214424, 5.404078309943333, 6.592341965492992, 4.548600880490615, 5.743702076187447, 5.67923727449382, 3.937116532438429, 4.855581656197329, 2.634632103349536, 1.6612820049588208, 0.0, 2.634812080585634, 3.9418246675873347, 4.870004186856516, 5.737800647460663, 7.277936583263143, 5.966984989087873, 6.720354534546522, 6.933603356120106, 4.1949462928624, 4.621675797803216, 5.999906423436952, 7.345556417317887, 6.439973000719801, 7.2029596389262105, 6.389955071047057, 6.455117848653114, 6.742653553312672, 5.393202178668995, 5.242638005813486, 2.741893380494581, 2.7456848107530476], [5.351068742784006, 4.809022845651703, 3.4481026956864262, 3.425856762913476, 4.8309640249126256, 2.4752740555340536, 3.6080539269805825, 3.7871507363716064, 2.7854089340705435, 4.002493330412932, 2.318763140124493, 1.3568029554802716, 2.634812080585634, 0.0, 1.3679470347933798, 2.245394050050013, 4.9358001793022375, 6.382548613994256, 5.522061796104785, 5.015736584989288, 5.6111609992941744, 2.741114981170983, 3.715014043042099, 3.730726761637737, 5.59557923185795, 5.0649820937491965, 5.267727120874809, 4.490574855182797, 4.064351793336792, 4.857419965372564, 3.3866801472828816, 3.8284894384077903, 3.226204979538653, 1.0127201489059057], [5.255148780006138, 4.364983583016092, 3.058132320551222, 2.4979175907143136, 3.8903658388382967, 1.5264714016318812, 2.4854210126254266, 2.980253615046881, 2.5501679474105234, 3.69676530090835, 2.792870170630923, 2.4308005450879757, 3.9418246675873347, 1.3679470347933798, 0.0, 1.2306572268507585, 5.004565883270995, 6.210646607238251, 5.588702254548904, 4.398241525882815, 5.07169568980632, 2.636156586775528, 3.5768879280737886, 2.612886668035949, 4.664372792777181, 4.338112186193437, 4.164229094322262, 3.451915598620569, 2.757180014072349, 3.9810203578982106, 2.6871852355206185, 3.3516521075433827, 3.801377545048637, 2.0246495474525954], [5.688606807470525, 4.759742863853046, 3.7279741737302854, 3.0546032737493096, 4.419852134404498, 2.427501079299451, 2.894307616684861, 3.3332148595612616, 3.7034342562005875, 4.775981672912909, 4.020059056780136, 3.5204666537264626, 4.870004186856516, 2.245394050050013, 1.2306572268507585, 0.0, 5.3524912564150915, 6.529945492115535, 6.217152895015531, 4.502322415154206, 5.517275360175527, 3.259953689855118, 4.475698352212758, 2.692911779097117, 5.051945096692956, 5.089064256815785, 4.544328040535806, 3.945211078003305, 2.6958071258901293, 4.144812492743188, 2.80203098127055, 3.993419549709246, 5.026320344944202, 2.4179378527993642], [1.094672617726414, 2.1705475622524375, 2.7874934134451332, 4.200541771010021, 5.092501322532965, 5.187901138225362, 6.597452315098609, 7.708258896145095, 5.561494655216348, 6.370007912867927, 5.367005626045122, 5.129064820218204, 5.737800647460663, 4.9358001793022375, 5.004565883270995, 5.3524912564150915, 0.0, 1.7714559661476204, 1.774899188686501, 2.499838562787605, 3.056977443488911, 2.471653201806435, 3.1759294403371117, 4.284556044679542, 4.892013551698319, 5.367001544624335, 6.074816167588942, 7.047029565710647, 6.681120962084132, 8.64937241943021, 7.6621359378439635, 7.921741188021734, 5.914530936600129, 5.154521357992418], [1.0944144096273585, 2.160389150130133, 3.4739602257366156, 4.737162189539219, 5.142584552537761, 6.054734559004218, 7.318068133735842, 8.619489741858272, 6.430473929657129, 7.00068917821667, 6.489679556804019, 6.533570320276656, 7.277936583263143, 6.382548613994256, 6.210646607238251, 6.529945492115535, 1.7714559661476204, 0.0, 1.7722952942441617, 2.4768299820536734, 2.455927981435938, 3.6805134791221725, 3.770896812430698, 4.793932479708073, 4.596545915141064, 5.388881626089034, 6.129469525986731, 7.558555014022191, 7.329125057604079, 9.462558605895131, 8.736558100877026, 8.872882161394909, 6.967701534939623, 6.7322911902264], [1.0946549821747489, 2.1696818683853167, 2.7782798923074687, 4.26612839000422, 4.727622202545376, 5.322327213728972, 6.7325767979281155, 7.910021371652544, 5.311711032238105, 5.828129118336347, 5.175987926956553, 5.343165894860462, 5.966984989087873, 5.522061796104785, 5.588702254548904, 6.217152895015531, 1.774899188686501, 1.7722952942441617, 0.0, 3.0653851454588867, 2.4938348782547735, 2.990221868022505, 2.589953586456715, 4.7033552077213985, 4.488563843814634, 4.66975351919135, 5.8099627141660735, 6.933293163425299, 7.00473400065984, 8.832554588566095, 8.08644613288186, 7.959194302189135, 5.4878645072559875, 5.992429769300596], [2.1467247378273724, 1.0958687695157663, 2.167593654262717, 2.778402787574185, 3.3642296592236387, 4.208409797061117, 5.229524388508002, 6.594260162444305, 5.050204094885671, 5.709760447689552, 5.475579972021229, 5.536546877793053, 6.720354534546522, 5.015736584989288, 4.398241525882815, 4.502322415154206, 2.499838562787605, 2.4768299820536734, 3.0653851454588867, 0.0, 1.7674327738276214, 2.529018076250148, 3.062198884788511, 2.473046627138275, 2.913673274408097, 4.0286371864440715, 4.162644019130149, 5.5507613261605835, 5.037367505949908, 7.335248514535823, 6.702383591678411, 7.052604685504498, 6.213238183105489, 5.442651261104278], [2.135164726666306, 1.0946181114891165, 2.1744305093518164, 2.8995908538964597, 2.8068090013394213, 4.396959887240273, 5.423143691623891, 6.853359282862676, 4.800021555159934, 5.126201145097605, 5.311874940169432, 5.754952237855671, 6.933603356120106, 5.6111609992941744, 5.07169568980632, 5.517275360175527, 3.056977443488911, 2.455927981435938, 2.4938348782547735, 1.7674327738276214, 0.0, 3.050280036324534, 2.470768532258738, 3.159501766101738, 2.189535215519495, 3.0662517525474, 3.7890405302662047, 5.431414800031388, 5.48031350015672, 7.574651263259583, 7.205881568552178, 7.120508491673891, 5.832100240050749, 6.256454933906261], [2.661284360980615, 2.1342652389054177, 1.0949915707438118, 2.180511164841859, 3.4857364372539696, 2.7681881240262554, 4.243121183751414, 5.26070841047097, 3.246710019388858, 4.220245710856182, 3.2125071455173453, 3.059817141595229, 4.1949462928624, 2.741114981170983, 2.636156586775528, 3.259953689855118, 2.471653201806435, 3.6805134791221725, 2.990221868022505, 2.529018076250148, 3.050280036324534, 0.0, 1.7610514529678, 2.5196309194006963, 3.796970713608415, 3.798147981582603, 4.343338149396153, 4.791191573084925, 4.477550102455583, 6.234617535984064, 5.245485096728423, 5.455543248843327, 3.9868429753377543, 3.265467090631905], [2.7822655175234443, 2.1526458254901106, 1.09680037381467, 2.1868983469745458, 2.7821979027380492, 2.92051016947382, 4.320979953667917, 5.443464016598255, 2.758988845573682, 3.29104910932669, 2.9318687794647293, 3.4761553532602654, 4.621675797803216, 3.715014043042099, 3.5768879280737886, 4.475698352212758, 3.1759294403371117, 3.770896812430698, 2.589953586456715, 3.062198884788511, 2.470768532258738, 1.7610514529678, 0.0, 3.0614949567164076, 3.128470210821896, 2.6074578021513597, 3.804162412410911, 4.479896620459003, 4.80436916358433, 6.360583402487542, 5.754703318156376, 5.422853333808688, 3.396912246437932, 4.504546496596522], [4.1167997133695975, 2.7372795509410435, 2.1458197617693804, 1.0999919317885927, 2.1243320973896718, 2.176167539506092, 2.834953828548183, 4.215941578105655, 3.4673172309438316, 4.161273311139272, 4.280214089271705, 4.461867578716339, 5.999906423436952, 3.730726761637737, 2.612886668035949, 2.692911779097117, 4.284556044679542, 4.793932479708073, 4.7033552077213985, 2.473046627138275, 3.159501766101738, 2.5196309194006963, 3.0614949567164076, 0.0, 2.44245964756841, 3.0569760777605053, 2.4892181523522603, 3.2883028449338423, 2.5676720215011883, 4.886977107578876, 4.386833186935651, 4.814003619649657, 5.174403175246397, 4.342365195374521], [4.173318613525692, 2.733897487105177, 2.7847820273766493, 2.1868050987685206, 1.0942046015256925, 3.5627382853642224, 4.008562712494342, 5.522451269137647, 4.157492950084221, 4.20895506034455, 5.168660929099529, 5.856599349451863, 7.345556417317887, 5.59557923185795, 4.664372792777181, 5.051945096692956, 4.892013551698319, 4.596545915141064, 4.488563843814634, 2.913673274408097, 2.189535215519495, 3.796970713608415, 3.128470210821896, 2.44245964756841, 0.0, 1.7657070226965743, 1.741289246506737, 3.7383593420108774, 3.9893663657277703, 6.01724155905345, 6.0871811226543935, 5.896047389565317, 5.757048128164294, 6.388226802485961], [4.708439055568204, 3.469443306929802, 2.810227252376576, 2.192975661059648, 1.0939286722634158, 2.934981747813775, 3.444796962086445, 4.772114819448501, 2.9085648729227267, 2.61972127334188, 3.9877115755781536, 4.980947173982073, 6.439973000719801, 5.0649820937491965, 4.338112186193437, 5.089064256815785, 5.367001544624335, 5.388881626089034, 4.66975351919135, 4.0286371864440715, 3.0662517525474, 3.798147981582603, 2.6074578021513597, 3.0569760777605053, 1.7657070226965743, 0.0, 1.7755059588748219, 2.970920446595634, 3.9032853457055894, 5.340189499446625, 5.496797302975615, 4.84098518382364, 4.388632513665276, 6.006658872451473], [5.53841886191357, 4.0640066178587855, 3.5053972528088737, 2.1953915869384213, 1.0929747435325303, 2.8520421823668736, 2.66056177902337, 4.116505554472143, 3.5313976992120275, 3.4311665100953643, 4.807587490623546, 5.584275643268337, 7.2029596389262105, 5.267727120874809, 4.164229094322262, 4.544328040535806, 6.074816167588942, 6.129469525986731, 5.8099627141660735, 4.162644019130149, 3.7890405302662047, 4.343338149396153, 3.804162412410911, 2.4892181523522603, 1.741289246506737, 1.7755059588748219, 0.0, 2.1516012757943788, 2.690349018250234, 4.440586409473416, 4.836879214948415, 4.546177020310582, 5.430945570524528, 6.120599428160611], [6.754685967533946, 5.404604819966027, 4.3052070530928015, 2.8848669518714374, 2.738694707337786, 2.196993536631367, 1.0961169508770494, 2.1209548486471843, 2.703755695324561, 2.604839252238034, 4.018910400842498, 4.775608343446938, 6.389955071047057, 4.490574855182797, 3.451915598620569, 3.945211078003305, 7.047029565710647, 7.558555014022191, 6.933293163425299, 5.5507613261605835, 5.431414800031388, 4.791191573084925, 4.479896620459003, 3.2883028449338423, 3.7383593420108774, 2.970920446595634, 2.1516012757943788, 0.0, 1.760090795953436, 2.4130026626591192, 3.0523677514349417, 2.498459575418422, 4.638709145872373, 5.354105420142566], [6.575795970831212, 5.2141227939127015, 4.242035565621769, 2.763516422965494, 3.2061228844197474, 2.19000277853705, 1.0975570964646895, 2.1438827626528463, 3.454943523416844, 3.905664734715462, 4.538928274383723, 4.830733809681506, 6.455117848653114, 4.064351793336792, 2.757180014072349, 2.6958071258901293, 6.681120962084132, 7.329125057604079, 7.00473400065984, 5.037367505949908, 5.48031350015672, 4.477550102455583, 4.80436916358433, 2.5676720215011883, 3.9893663657277703, 3.9032853457055894, 2.690349018250234, 1.760090795953436, 0.0, 2.4669153329613884, 2.5005773133418607, 3.069055467077778, 5.396493708881721, 4.7003173424780575], [8.593342931013519, 7.332440609374208, 6.101105555553026, 4.7524339448329, 5.0500637431620605, 3.531204781657388, 2.1608161559929155, 1.0951167700295705, 4.034766775168052, 4.171879578798985, 4.956891737772775, 5.326110488902761, 6.742653553312672, 4.857419965372564, 3.9810203578982106, 4.144812492743188, 8.64937241943021, 9.462558605895131, 8.832554588566095, 7.335248514535823, 7.574651263259583, 6.234617535984064, 6.360583402487542, 4.886977107578876, 6.01724155905345, 5.340189499446625, 4.440586409473416, 2.4130026626591192, 2.4669153329613884, 0.0, 1.7644488261210638, 1.7673384226004933, 5.573188223090981, 5.4568697565545765], [7.808043863222081, 6.7241209693163615, 5.4078239227992615, 4.312923818014874, 5.13078398005607, 2.8999025931917095, 2.1863858122481497, 1.0937553017014363, 3.55621492741932, 4.184577144706499, 4.109974411112557, 4.065886550311014, 5.393202178668995, 3.3866801472828816, 2.6871852355206185, 2.80203098127055, 7.6621359378439635, 8.736558100877026, 8.08644613288186, 6.702383591678411, 7.205881568552178, 5.245485096728423, 5.754703318156376, 4.386833186935651, 6.0871811226543935, 5.496797302975615, 4.836879214948415, 3.0523677514349417, 2.5005773133418607, 1.7644488261210638, 0.0, 1.7747348647051477, 4.872313886645647, 3.822652819705185], [7.899316031784018, 6.821162335702031, 5.400897427280026, 4.35028313791183, 4.821732660569228, 2.8592846395558453, 2.1828395543420043, 1.0940149998971676, 2.76518017676968, 2.951939748707619, 3.450525417961734, 3.9274206293698666, 5.242638005813486, 3.8284894384077903, 3.3516521075433827, 3.993419549709246, 7.921741188021734, 8.872882161394909, 7.959194302189135, 7.052604685504498, 7.120508491673891, 5.455543248843327, 5.422853333808688, 4.814003619649657, 5.896047389565317, 4.84098518382364, 4.546177020310582, 2.498459575418422, 3.069055467077778, 1.7673384226004933, 1.7747348647051477, 0.0, 3.9400831323717016, 4.549987659323924], [5.9005060884639375, 5.475610654529776, 4.0515879220374815, 4.227928657155889, 4.880595053884311, 3.377965509000943, 4.427100185222828, 4.598618924198874, 2.023305226603243, 2.4132188069050016, 1.0128017525656243, 2.0347008355038336, 2.741893380494581, 3.226204979538653, 3.801377545048637, 5.026320344944202, 5.914530936600129, 6.967701534939623, 5.4878645072559875, 6.213238183105489, 5.832100240050749, 3.98684