{"total energy": -30.27469586, "HOMO-LUMO gap/eV": 4.82654832, "electronic energy": -30.62082085, "dipole": [0.02291635, 0.33220931, 0.7304063], "partial charges": [-0.10107081, -0.05309736, -0.06017745, -0.05814601, -0.08876932, 0.35005156, -0.40180429, -0.26992562, 0.03408638, 0.03307917, 0.03309304, 0.03350622, 0.03214523, 0.03212186, 0.03224827, 0.03225469, 0.04678636, 0.04677689, 0.06939056, 0.06938302, 0.06196207, 0.06196217, 0.06414338], "atomic dipole moments": [[0.09373613, -0.01782342, -0.0406928], [-0.009683, 0.04714718, 0.10394289], [0.02710568, -0.04650838, -0.10275701], [0.01158122, 0.05588339, 0.12275054], [0.03399745, -0.03859606, -0.08536735], [0.13973596, 0.03535542, 0.07563647], [-0.03264164, 0.0713842, 0.15750413], [0.07296793, -0.08976098, -0.19853839], [-0.25228628, 0.02954942, 0.06879798], [-0.01617383, -0.06330256, 0.1076139], [-0.01747548, 0.12250641, 0.02315033], [-0.08939582, -0.03669278, -0.07933167], [0.00743497, -0.12098606, -0.02666498], [0.00618633, 0.05954108, -0.10873037], [-0.01041992, -0.05896853, 0.10833315], [-0.01165465, 0.12027605, 0.02686084], [0.01185975, -0.12318317, -0.02951107], [0.01058318, 0.05887476, -0.11229824], [-0.01130158, -0.07019942, 0.11206699], [-0.01268873, 0.13046411, 0.02083095], [0.01940801, 0.07282888, -0.10633603], [0.02077962, -0.1277636, -0.01511031], [0.08076804, 0.04049898, 0.08789549]], "atomic quadrupole moments": [[0.17563792, -0.05301379, -0.1155544, -0.12128888, 0.03049792, -0.06008352], [0.23174328, 0.01297243, -0.19701821, 0.02135773, 0.09321294, -0.03472508], [0.23542423, 0.0112099, -0.20194402, 0.01736433, 0.09670308, -0.03348021], [0.24573379, 0.02691381, -0.21358354, 0.05141813, 0.1045587, -0.03215025], [0.22502807, 0.01358944, -0.21537626, 0.02235311, 0.11817076, -0.00965181], [-0.16842838, 0.06386668, 0.34427988, 0.15033568, -0.29652965, -0.17585151], [-0.11372757, -0.00078153, 0.15952354, 0.00325845, -0.11764539, -0.04579597], [0.0900303, -0.01272588, -0.06706738, -0.03053106, 0.02496498, -0.02296292], [0.46847071, -0.08911703, -0.28047006, -0.2077357, 0.05087598, -0.18800065], [-0.03363817, -0.00793025, -0.01063608, -0.007874, -0.0575565, 0.04427425], [-0.03373536, -0.00188006, 0.07755258, -0.01141665, 0.01926855, -0.04381722], [0.0230601, 0.02310883, -0.03960351, 0.04965631, 0.03270031, 0.01654341], [-0.01587599, -0.00882306, 0.05440016, 0.00135169, 0.0084918, -0.03852418], [-0.01607342, 0.00647846, -0.00663669, -0.00504256, -0.0449586, 0.02271011], [-0.02111777, 0.00447575, -0.00338914, -0.00233614, -0.04489423, 0.02450692], [-0.02097933, -0.00556215, 0.05681359, 0.0016688, 0.00776225, -0.03583427], [-0.01689088, -0.00622523, 0.05339988, 0.00193108, 0.00477369, -0.036509], [-0.01703279, 0.00515676, -0.00224736, -0.00275053, -0.04394645, 0.01928015], [-0.01740064, 0.01880208, -0.01957837, 0.00769155, -0.04284901, 0.036979], [-0.017039, -0.0072654, 0.05481855, 0.01886651, 0.02246411, -0.03777956], [-0.00827228, -0.00709302, -0.02183838, -0.01232683, -0.04918104, 0.03011066], [-0.00830426, -0.00527835, 0.05628295, -0.01388176, 0.01895799, -0.04797869], [0.00965551, 0.0212968, -0.03826179, 0.0458183, 0.03882036, 0.02860628]], "number of molecular orbitals": 50, "number of electrons": 54, "number of unpaired electrons": 0, "orbital energies/eV": [-20.14176788, -19.35736465, -18.31568562, -17.29284381, -16.89823458, -16.55027579, -16.34314091, -15.89578681, -15.54570786, -15.38194484, -15.12131459, -15.01420687, -14.3975783, -13.98884594, -13.85885137, -13.44506591, -13.34763582, -13.27357679, -12.98123742, -12.6680976, -12.42458267, -12.22987079, -11.99287641, -11.84178692, -11.8318061, -11.51985227, -11.29586983, -6.4693215, 0.03656045, 2.02976089, 2.71165539, 2.87166865, 3.21449827, 3.40173303, 3.65365933, 3.71109449, 4.32077207, 4.34758608, 4.4698319, 4.69664529, 5.07719206, 5.32513954, 5.99340582, 6.0022826, 6.22735116, 6.83391448, 7.17847981, 7.35037927, 8.26010175, 16.15146353], "fractional occupation": [2.0, 2.0, 2.0, 2.0, 2.0, 2.0, 2.0, 2.0, 2.0, 2.0, 2.0, 2.0, 2.0, 2.0, 2.0, 2.0, 2.0, 2.0, 2.0, 2.0, 2.0, 2.0, 2.0, 2.0, 2.0, 2.0, 2.0, 0.0, 0.0, 0.0, 0.0, 0.0, 0.0, 0.0, 0.0, 0.0, 0.0, 0.0, 0.0, 0.0, 0.0, 0.0, 0.0, 0.0, 0.0, 0.0, 0.0, 0.0, 0.0, 0.0], "program call": "xtb /home/svss/Project-DBcg-Debug/aqme2_20220329/End-to-End-workflows-final/example-3/QDESCP/mol_360_rdkit_conf_1/mol_360_rdkit_conf_1.xyz --pop --wbo --acc 0.2 --gfn 2 --chrg 0 --uhf 0 --etemp 300 --input /home/svss/Project-DBcg-Debug/aqme2_20220329/End-to-End-workflows-final/example-3/QDESCP/mol_360_rdkit_conf_1/mol_360_rdkit_conf_1_xtb.inp", "method": "GFN2-xTB", "xtb version": "6.3.3 (7355c4f)", "Dipole module/D": 2.04, "Total charge": 0, "Transition dipole module/D": NaN, "HOMO": -11.2959, "LUMO": -6.4693, "HOMO occupancy": 2.0, "LUMO occupancy": 0, "mulliken charges": [-0.08366, -0.03781, -0.04915, -0.0408, -0.07798, 0.57365, -0.52765, -0.41892, 0.17545, 0.02698, 0.02699, 0.02977, 0.02472, 0.02471, 0.0228, 0.0228, 0.03715, 0.03714, 0.05535, 0.05535, 0.0436, 0.0436, 0.03591], "cm5 charges": [-0.23398, -0.15031, -0.15965, -0.14905, -0.17668, 0.62275, -0.5772, -0.50579, 0.0558, 0.07827, 0.07828, 0.08055, 0.07943, 0.07941, 0.07816, 0.07816, 0.09447, 0.09445, 0.11418, 0.11417, 0.10481, 0.10482, 0.09496], "FUKUI+": [0.009, 0.004, 0.007, 0.015, 0.029, -0.188, -0.284, -0.126, 0.047, -0.011, -0.011, -0.02, -0.011, -0.011, -0.018, -0.018, -0.023, -0.023, -0.098, -0.098, -0.049, -0.049, -0.076], "FUKUI-": [0.02, 0.006, 0.007, 0.011, -0.005, -0.014, -0.124, -0.067, 0.021, -0.071, -0.071, -0.067, -0.088, -0.089, -0.073, -0.073, -0.049, -0.049, -0.048, -0.048, -0.037, -0.037, -0.054], "FUKUIrad": [0.014, 0.005, 0.007, 0.013, 0.012, -0.101, -0.204, -0.097, 0.034, -0.041, -0.041, -0.044, -0.05, -0.05, -0.046, -0.046, -0.036, -0.036, -0.073, -0.073, -0.043, -0.043, -0.065], "s proportion": [1.008, 1.027, 1.033, 1.031, 1.039, 0.991, 1.731, 1.698, 0.973, 0.973, 0.973, 0.97, 0.975, 0.975, 0.977, 0.977, 0.963, 0.963, 0.945, 0.945, 0.956, 0.956, 0.964], "p proportion": [3.076, 3.011, 3.016, 3.01, 3.039, 2.435, 4.797, 4.721, 2.852, 0.0, 0.0, 0.0, 0.0, 0.0, 0.0, 0.0, 0.0, 0.0, 0.0, 0.0, 0.0, 0.0, 0.0], "d proportion": [0.0, 0.0, 0.0, 0.0, 0.0, 0.0, 0.0, 0.0, 0.0, 0.0, 0.0, 0.0, 0.0, 0.0, 0.0, 0.0, 0.0, 0.0, 0.0, 0.0, 0.0, 0.0, 0.0], "Fermi-level/eV": -8.8826, "Coordination numbers": [3.75, 3.8, 3.802, 3.802, 3.803, 2.722, 0.856, 1.703, 3.655, 0.924, 0.924, 0.924, 0.924, 0.924, 0.924, 0.924, 0.924, 0.924, 0.924, 0.924, 0.924, 0.924, 0.924], "Dispersion coefficient C6": [22.494, 21.528, 21.656, 21.619, 22.191, 21.055, 21.718, 18.476, 20.295, 2.543, 2.543, 2.537, 2.556, 2.557, 2.555, 2.555, 2.361, 2.361, 2.092, 2.092, 2.176, 2.176, 2.151], "Total dispersion C6": 3950.974433, "Total dispersion C8": 83696.290152, "Polarizability alpha": [6.764, 6.606, 6.625, 6.62, 6.707, 7.512, 6.248, 5.803, 6.468, 2.494, 2.494, 2.491, 2.5, 2.501, 2.5, 2.5, 2.403, 2.403, 2.262, 2.262, 2.307, 2.307, 2.294], "Total polarizability alpha": 93.069082, "Wiberg matrix": [[0.0, 1.0202413706277793, 0.0, 0.0, 0.0, 0.0, 0.0, 0.0, 0.0, 0.9876347683494637, 0.9876362005105254, 0.9872274794280453, 0.0, 0.0, 0.0, 0.0, 0.0, 0.0, 0.0, 0.0, 0.0, 0.0, 0.0], [1.0202413706277793, 0.0, 1.007830676237809, 0.0, 0.0, 0.0, 0.0, 0.0, 0.0, 0.0, 0.0, 0.0, 0.9778091498607413, 0.9778052304823875, 0.0, 0.0, 0.0, 0.0, 0.0, 0.0, 0.0, 0.0, 0.0], [0.0, 1.007830676237809, 0.0, 1.0073898993918649, 0.0, 0.0, 0.0, 0.0, 0.0, 0.0, 0.0, 0.0, 0.0, 0.0, 0.9768642495803351, 0.9768662076444504, 0.0, 0.0, 0.0, 0.0, 0.0, 0.0, 0.0], [0.0, 0.0, 1.0073898993918649, 0.0, 1.0065681284492853, 0.0, 0.0, 0.0, 0.0, 0.0, 0.0, 0.0, 0.0, 0.0, 0.0, 0.0, 0.9760029510467452, 0.9760015266129937, 0.0, 0.0, 0.0, 0.0, 0.0], [0.0, 0.0, 0.0, 1.0065681284492853, 0.0, 0.9791029961619231, 0.0, 0.0, 0.0, 0.0, 0.0, 0.0, 0.0, 0.0, 0.0, 0.0, 0.0, 0.0, 0.9526956697022286, 0.952693482362252, 0.0, 0.0, 0.0], [0.0, 0.0, 0.0, 0.0, 0.9791029961619231, 0.0, 1.7651512141577763, 1.1106872731585324, 0.0, 0.0, 0.0, 0.0, 0.0, 0.0, 0.0, 0.0, 0.0, 0.0, 0.0, 0.0, 0.0, 0.0, 0.0], [0.0, 0.0, 0.0, 0.0, 0.0, 1.7651512141577763, 0.0, 0.16858479938397455, 0.0, 0.0, 0.0, 0.0, 0.0, 0.0, 0.0, 0.0, 0.0, 0.0, 0.0, 0.0, 0.0, 0.0, 0.0], [0.0, 0.0, 0.0, 0.0, 0.0, 1.1106872731585324, 0.16858479938397455, 0.0, 0.9605194573770949, 0.0, 0.0, 0.0, 0.0, 0.0, 0.0, 0.0, 0.0, 0.0, 0.0, 0.0, 0.0, 0.0, 0.0], [0.0, 0.0, 0.0, 0.0, 0.0, 0.0, 0.0, 0.9605194573770949, 0.0, 0.0, 0.0, 0.0, 0.0, 0.0, 0.0, 0.0, 0.0, 0.0, 0.0, 0.0, 0.9781760922474769, 0.9781783858567553, 0.9818456193942043], [0.9876347683494637, 0.0, 0.0, 0.0, 0.0, 0.0, 0.0, 0.0, 0.0, 0.0, 0.0, 0.0, 0.0, 0.0, 0.0, 0.0, 0.0, 0.0, 0.0, 0.0, 0.0, 0.0, 0.0], [0.9876362005105254, 0.0, 0.0, 0.0, 0.0, 0.0, 0.0, 0.0, 0.0, 0.0, 0.0, 0.0, 0.0, 0.0, 0.0, 0.0, 0.0, 0.0, 0.0, 0.0, 0.0, 0.0, 0.0], [0.9872274794280453, 0.0, 0.0, 0.0, 0.0, 0.0, 0.0, 0.0, 0.0, 0.0, 0.0, 0.0, 0.0, 0.0, 0.0, 0.0, 0.0, 0.0, 0.0, 0.0, 0.0, 0.0, 0.0], [0.0, 0.9778091498607413, 0.0, 0.0, 0.0, 0.0, 0.0, 0.0, 0.0, 0.0, 0.0, 0.0, 0.0, 0.0, 0.0, 0.0, 0.0, 0.0, 0.0, 0.0, 0.0, 0.0, 0.0], [0.0, 0.9778052304823875, 0.0, 0.0, 0.0, 0.0, 0.0, 0.0, 0.0, 0.0, 0.0, 0.0, 0.0, 0.0, 0.0, 0.0, 0.0, 0.0, 0.0, 0.0, 0.0, 0.0, 0.0], [0.0, 0.0, 0.9768642495803351, 0.0, 0.0, 0.0, 0.0, 0.0, 0.0, 0.0, 0.0, 0.0, 0.0, 0.0, 0.0, 0.0, 0.0, 0.0, 0.0, 0.0, 0.0, 0.0, 0.0], [0.0, 0.0, 0.9768662076444504, 0.0, 0.0, 0.0, 0.0, 0.0, 0.0, 0.0, 0.0, 0.0, 0.0, 0.0, 0.0, 0.0, 0.0, 0.0, 0.0, 0.0, 0.0, 0.0, 0.0], [0.0, 0.0, 0.0, 0.9760029510467452, 0.0, 0.0, 0.0, 0.0, 0.0, 0.0, 0.0, 0.0, 0.0, 0.0, 0.0, 0.0, 0.0, 0.0, 0.0, 0.0, 0.0, 0.0, 0.0], [0.0, 0.0, 0.0, 0.9760015266129937, 0.0, 0.0, 0.0, 0.0, 0.0, 0.0, 0.0, 0.0, 0.0, 0.0, 0.0, 0.0, 0.0, 0.0, 0.0, 0.0, 0.0, 0.0, 0.0], [0.0, 0.0, 0.0, 0.0, 0.9526956697022286, 0.0, 0.0, 0.0, 0.0, 0.0, 0.0, 0.0, 0.0, 0.0, 0.0, 0.0, 0.0, 0.0, 0.0, 0.0, 0.0, 0.0, 0.0], [0.0, 0.0, 0.0, 0.0, 0.952693482362252, 0.0, 0.0, 0.0, 0.0, 0.0, 0.0, 0.0, 0.0, 0.0, 0.0, 0.0, 0.0, 0.0, 0.0, 0.0, 0.0, 0.0, 0.0], [0.0, 0.0, 0.0, 0.0, 0.0, 0.0, 0.0, 0.0, 0.9781760922474769, 0.0, 0.0, 0.0, 0.0, 0.0, 0.0, 0.0, 0.0, 0.0, 0.0, 0.0, 0.0, 0.0, 0.0], [0.0, 0.0, 0.0, 0.0, 0.0, 0.0, 0.0, 0.0, 0.9781783858567553, 0.0, 0.0, 0.0, 0.0, 0.0, 0.0, 0.0, 0.0, 0.0, 0.0, 0.0, 0.0, 0.0, 0.0], [0.0, 0.0, 0.0, 0.0, 0.0, 0.0, 0.0, 0.0, 0.9818456193942043, 0.0, 0.0, 0.0, 0.0, 0.0, 0.0, 0.0, 0.0, 0.0, 0.0, 0.0, 0.0, 0.0, 0.0]], "Born radii": [], "Atomic SASAs": [], "Solvent H bonds": [], "Total SASA": NaN, "Total FOD": 0.0, "FOD": [0.0, 0.0, 0.0, 0.0, 0.0, 0.0, 0.0, 0.0, 0.0, 0.0, 0.0, 0.0, 0.0, 0.0, 0.0, 0.0, 0.0, 0.0, 0.0, 0.0, 0.0, 0.0, 0.0], "FOD s proportion": [0.0, 0.0, 0.0, 0.0, 0.0, 0.0, 0.0, 0.0, 0.0, 0.0, 0.0, 0.0, 0.0, 0.0, 0.0, 0.0, 0.0, 0.0, 0.0, 0.0, 0.0, 0.0, 0.0], "FOD p proportion": [0.0, 0.0, 0.0, 0.0, 0.0, 0.0, 0.0, 0.0, 0.0, 0.0, 0.0, 0.0, 0.0, 0.0, 0.0, 0.0, 0.0, 0.0, 0.0, 0.0, 0.0, 0.0, 0.0], "FOD d proportion": [0.0, 0.0, 0.0, 0.0, 0.0, 0.0, 0.0, 0.0, 0.0, 0.0, 0.0, 0.0, 0.0, 0.0, 0.0, 0.0, 0.0, 0.0, 0.0, 0.0, 0.0, 0.0, 0.0], "coordinates": [["-4.04440", "-0.07090", "-0.11700"], ["-2.67720", "-0.33840", "-0.72600"], ["-1.55150", "0.09600", "0.21220"], ["-0.17840", "-0.17460", "-0.40380"], ["0.94710", "0.25930", "0.53360"], ["2.31070", "-0.00220", "-0.06230"], ["2.52500", "-0.49910", "-1.15850"], ["3.27240", "0.40360", "0.81560"], ["4.60660", "0.20050", "0.34850"], ["-4.16980", "-0.61980", "0.82180"], ["-4.18100", "0.99580", "0.08730"], ["-4.83430", "-0.38900", "-0.80460"], ["-2.58540", "-1.40800", "-0.94780"], ["-2.59650", "0.19870", "-1.67830"], ["-1.63920", "-0.44100", "1.16460"], ["-1.65030", "1.16560", "0.43420"], ["-0.07870", "-1.24360", "-0.62990"], ["-0.08980", "0.35890", "-1.35850"], ["0.87560", "-0.29230", "1.47770"], ["0.86440", "1.33250", "0.73900"], ["4.78480", "0.77600", "-0.56530"], ["4.79610", "-0.86430", "0.18050"], ["5.29380", "0.55640", "1.12100"]], "bond_dist": [[0.0, 1.5204187219315608, 2.5200751298324424, 3.8780103055561885, 5.044540083099747, 6.355706710508281, 6.665215214079737, 7.39124179350128, 8.667764948935798, 1.0946971316304799, 1.094644663806479, 1.0944968615761304, 2.1463331637935434, 2.1463355422673316, 2.7503562696494437, 2.750357885803228, 4.167141489078575, 4.167122682379294, 5.176725417674769, 5.176734974865915, 8.881046398932954, 8.881015148055992, 9.440769488235587], [1.5204187219315608, 0.0, 1.5284381210896303, 2.524805877686441, 3.883218760255466, 5.043081849425012, 5.222620566344065, 6.190705510682931, 7.382323882084828, 2.1685768513013324, 2.168631128154348, 2.159124528599497, 1.0962055646638544, 1.0962956672358055, 2.159245034728574, 2.1593062890660044, 2.7533297114584734, 2.7533474717151125, 4.18100546997968, 4.181036040265618, 7.546466447947675, 7.546424713067772, 8.230973031179243], [2.5200751298324424, 1.5284381210896303, 0.0, 1.5290794518271442, 2.524473570865815, 3.873187618745057, 4.341752497552112, 4.8712134555981015, 6.160494586475992, 2.7819914971113775, 2.7819975377415416, 3.4707179487823554, 2.162536753444898, 2.1625361361142614, 1.0968710270583322, 1.0968544114876868, 2.1616661189924775, 2.1616618121251068, 2.764612368850288, 2.7646018338994134, 6.419938001258267, 6.419907066305555, 6.920694884908595], [3.8780103055561885, 2.524805877686441, 1.5290794518271442, 0.0, 1.5276577561744646, 2.5183253999433832, 2.8254634841030946, 3.7053032588440047, 4.85827956173788, 4.198996589662821, 4.199026331186791, 4.67803514416042, 2.7587788167955765, 2.758787913196663, 2.159811139891634, 2.1598309308832486, 1.097188361221536, 1.0972348426840992, 2.1598174783995057, 2.1598088086680267, 5.055994150510856, 5.055961118323597, 5.727508086419434], [5.044540083099747, 3.883218760255466, 2.524473570865815, 1.5276577561744646, 0.0, 1.51092157969896, 2.434777480592426, 2.346777914503203, 3.664650010573998, 5.199859773109271, 5.199906302040452, 5.969560962918462, 4.177677764021539, 4.17771168583951, 2.7527311492406956, 2.7527707514429895, 2.1597931150922767, 2.159889853673099, 1.0957643998597508, 1.095804129395395, 4.025233085176559, 4.02516553324208, 4.396260690632438], [6.355706710508281, 5.043081849425012, 3.873187618745057, 2.5183253999433832, 1.51092157969896, 0.0, 1.222492756624758, 1.3639094324770982, 2.3411537198569428, 6.569622730416109, 6.5696691735581325, 7.193861864812251, 5.1703171179338705, 5.17034125082668, 4.1592714578397025, 4.1593016348901655, 2.751813234941645, 2.751895328678037, 2.124916473652553, 2.124921050298105, 2.64192638996623, 2.641851890246688, 3.2574711756207453], [6.665215214079737, 5.222620566344065, 4.341752497552112, 2.8254634841030946, 2.434777480592426, 1.222492756624758, 0.0, 2.295766725954534, 2.663371494928937, 6.982585740254108, 6.982634148371229, 7.368626989473682, 5.194870726014267, 5.194889712977552, 4.768724238200401, 4.768757644292693, 2.7591578244094697, 2.7592287038228633, 3.1165424816613685, 3.1165457112001422, 2.6616653226880347, 2.661613655285079, 3.7385095880577865], [7.39124179350128, 6.190705510682931, 4.8712134555981015, 3.7053032588440047, 2.346777914503203, 1.3639094324770982, 2.295766725954534, 0.0, 1.428118223397489, 7.512238470655734, 7.512276172372792, 8.304929120106927, 6.380070137545511, 6.38008686696349, 4.995894786722395, 4.99590684961199, 4.00407408772615, 4.004135080139031, 2.5821122090257815, 2.5820896130847206, 2.081566796910442, 2.0814860340631642, 2.050042672726595], [8.667764948935798, 7.382323882084828, 6.160494586475992, 4.85827956173788, 3.664650010573998, 2.3411537198569428, 2.663371494928937, 1.428118223397489, 0.0, 8.827349655474174, 8.827380205361047, 9.529309663873873, 7.482815642523875, 7.482818392156795, 6.331473691013807, 6.3314737707740685, 4.99947271819739, 4.9995112281102045, 3.9291609129685696, 3.92911886941589, 1.0945254359767067, 1.0945013887611106, 1.0934646313438765], [1.0946971316304799, 2.1685768513013324, 2.7819914971113775, 4.198996589662821, 5.199859773109271, 6.569622730416109, 6.982585740254108, 7.512238470655734, 8.827349655474174, 0.0, 1.7747616882274648, 1.7720061653391612, 2.502611987504256, 3.0652430817147276, 2.559964382564727, 3.1121965185379925, 4.385619516100319, 4.728420643301524, 5.098384275434719, 5.4001389583972745, 9.168269477387756, 8.992130378836821, 9.541105388790127], [1.094644663806479, 2.168631128154348, 2.7819975377415416, 4.199026331186791, 5.199906302040452, 6.5696691735581325, 6.982634148371229, 7.512276172372792, 8.827380205361047, 1.7747616882274648, 0.0, 1.771992533844316, 3.0652285086107365, 2.5026689793098886, 3.1121884213524096, 2.5600027617172603, 4.728440915354658, 4.385646667254442, 5.400149750701364, 5.09844495312051, 8.992205982961021, 9.168259521850372, 9.541144747356054], [1.0944968615761304, 2.159124528599497, 3.4707179487823554, 4.67803514416042, 5.969560962918462, 7.193861864812251, 7.368626989473682, 8.304929120106927, 9.529309663873873, 1.7720061653391612, 1.771992533844316, 0.0, 2.4731393915426603, 2.473154224871551, 3.7535472089744655, 3.753566650533862, 4.8349346024532736, 4.834918806970805, 6.149894486086733, 6.149914218913952, 9.692346171077464, 9.692313256390344, 10.352783496722028], [2.1463331637935434, 1.0962055646638544, 2.162536753444898, 2.7587788167955765, 4.177677764021539, 5.1703171179338705, 5.194870726014267, 6.380070137545511, 7.482815642523875, 2.502611987504256, 3.0652285086107365, 2.4731393915426603, 0.0, 1.7650037818656366, 2.508508959521572, 3.067206052745723, 2.5321201906702613, 3.0852276188313885, 4.371081987334486, 4.71770649044639, 7.6964933762071155, 7.487002927073021, 8.379772875203718], [2.1463355422673316, 1.0962956672358055, 2.1625361361142614, 2.758787913196663, 4.17771168583951, 5.17034125082668, 5.194889712977552, 6.38008686696349, 7.482818392156795, 3.0652430817147276, 2.5026689793098886, 2.473154224871551, 1.7650037818656366, 0.0, 3.0672006439096875, 2.508554623682729, 3.085237217784072, 2.5320902373335747, 4.717721421406736, 4.371117767802647, 7.487031052426589, 7.696469398367021, 8.379789011067045], [2.7503562696494437, 2.159245034728574, 1.0968710270583322, 2.159811139891634, 2.7527311492406956, 4.1592714578397025, 4.768724238200401, 4.995894786722395, 6.331473691013807, 2.559964382564727, 3.1121884213524096, 3.7535472089744655, 2.508508959521572, 3.0672006439096875, 0.0, 1.7648713635843267, 2.509891882133571, 3.0670040723807332, 2.5385748639738797, 3.097491012093498, 6.763240274454249, 6.523857891615973, 7.004512596890664], [2.750357885803228, 2.1593062890660044, 1.0968544114876868, 2.1598309308832486, 2.7527707514429895, 4.1593016348901655, 4.768757644292693, 4.99590684961199, 6.3314737707740685, 3.1121965185379925, 2.5600027617172603, 3.753566650533862, 3.067206052745723, 2.508554623682729, 1.7648713635843267, 0.0, 3.066998534398085, 2.509920004701345, 3.0975047167034306, 2.538597002282954, 6.523902238691197, 6.763204171101151, 7.004523087976797], [4.167141489078575, 2.7533297114584734, 2.1616661189924775, 1.097188361221536, 2.1597931150922767, 2.751813234941645, 2.7591578244094697, 4.00407408772615, 4.99947271819739, 4.385619516100319, 4.728440915354658, 4.8349346024532736, 2.5321201906702613, 3.085237217784072, 2.509891882133571, 3.066998534398085, 0.0, 1.7603941092834867, 2.501527121579936, 3.0658793241091535, 5.26655386092272, 4.956237654713503, 5.9303800097464245], [4.167122682379294, 2.7533474717151125, 2.1616618121251068, 1.0972348426840992, 2.159889853673099, 2.751895328678037, 2.7592287038228633, 4.004135080139031, 4.9995112281102045, 4.728420643301524, 4.385646667254442, 4.834918806970805, 3.0852276188313885, 2.5320902373335747, 3.0670040723807332, 2.509920004701345, 1.7603941092834867, 0.0, 3.065956464139698, 2.501579670927952, 4.9562953715451625, 5.266569856177739, 5.930436363371586], [5.176725417674769, 4.18100546997968, 2.764612368850288, 2.1598174783995057, 1.0957643998597508, 2.124916473652553, 3.1165424816613685, 2.5821122090257815, 3.9291609129685696, 5.098384275434719, 5.400149750701364, 6.149894486086733, 4.371081987334486, 4.717721421406736, 2.5385748639738797, 3.0975047167034306, 2.501527121579936, 3.065956464139698, 0.0, 1.7848748331465711, 4.5383872168425645, 4.168960552703756, 4.513094040677637], [5.176734974865915, 4.181036040265618, 2.7646018338994134, 2.1598088086680267, 1.095804129395395, 2.124921050298105, 3.1165457112001422, 2.5820896130847206, 3.92911886941589, 5.4001389583972745, 5.09844495312051, 6.149914218913952, 4.71770649044639, 4.371117767802647, 3.097491012093498, 2.538597002282954, 3.0658793241091535, 2.501579670927952, 1.7848748331465711, 0.0, 4.168983916975454, 4.538294545311047, 4.513074292541615], [8.881046398932954, 7.546466447947675, 6.419938001258267, 5.055994150510856, 4.025233085176559, 2.64192638996623, 2.6616653226880347, 2.081566796910442, 1.0945254359767067, 9.168269477387756, 8.992205982961021, 9.692346171077464, 7.6964933762071155, 7.487031052426589, 6.763240274454249, 6.523902238691197, 5.26655386092272, 4.9562953715451625, 4.5383872168425645, 4.168983916975454, 0.0, 1.8019238108199802, 1.7750810826550996], [8.881015148055992, 7.546424713067772, 6.419907066305555, 5.055961118323597, 4.02516553324208, 2.641851890246688, 2.661613655285079, 2.0814860340631642, 1.0945013887611106, 8.992130378836821, 9.168259521850372, 9.692313256390344, 7.487002927073021, 7.696469398367021, 6.523857891615973, 6.763204171101151, 4.956237654713503, 5.266569856177739, 4.168960552703756, 4.538294545311047, 1.8019238108199802, 0.0, 1.7750025436601493], [9.440769488235587, 8.230973031179243, 6.920694884908595, 5.727508086419434, 4.396260690632438, 3.2574711756207453, 3.7385095880577865, 2.050042672726595, 1.0934646313438765, 9.541105388790127, 9.541144747356054, 10.352783496722028, 8.379772875203718, 8.379789011067045, 7.004512596890664, 7.004523087976797, 5.9303800097464245, 5.930436363371586, 4.513094040677637, 4.513074292541615, 1.7750810826550996, 1.7750025436601493, 0.0]]}