{"total energy": -20.88744668, "HOMO-LUMO gap/eV": 11.96709663, "electronic energy": -21.14145986, "dipole": [-0.3776495, -0.25142529, -0.51744168], "partial charges": [-0.09987072, -0.05094405, -0.06218954, 0.12130521, -0.11591802, -0.44866825, 0.03401765, 0.03017032, 0.03123843, 0.02789813, 0.04724952, 0.03206324, 0.04418607, 0.01477591, 0.0464538, 0.03147199, 0.03576844, 0.28099187], "atomic dipole moments": [[-0.04258206, 0.0798387, 0.04763445], [-0.05725618, -0.04511884, -0.09662088], [-0.00099243, -0.1128634, 0.03211185], [-0.04846366, 0.03640081, 0.16990761], [0.08973058, -0.0388456, 0.03252981], [-0.06764686, -0.04539165, -0.22431297], [-0.06504977, -0.10679392, 0.01713677], [0.01228428, 0.02094177, -0.12275219], [0.11382112, -0.02074815, 0.04548827], [0.07644132, 0.09240734, -0.00568228], [-0.00799903, -0.02570196, 0.12493101], [0.01652375, 0.03716878, -0.11761708], [-0.0293979, 0.1042887, 0.06141716], [0.02746312, -0.10423465, -0.0513112], [-0.04705349, 0.10074206, 0.06520098], [-0.09114715, -0.08322794, 0.01181518], [0.01122627, 0.03145469, -0.12404706], [-0.05519947, -0.05557164, -0.00636707]], "atomic quadrupole moments": [[-0.04643809, -0.10994453, 0.08387206, -0.05735733, 0.13175566, -0.03743397], [0.09168468, -0.17974857, 0.01936253, 0.05366304, 0.09407718, -0.11104721], [0.18296725, 0.08201381, -0.01512177, 0.09410722, -0.05838491, -0.16784548], [-0.04366381, 0.06600279, -0.21704134, -0.01388525, -0.19707257, 0.26070515], [0.14016973, -0.09029373, -0.07970177, 0.12274397, -0.06481155, -0.06046796], [-0.07718402, 0.03725362, -0.08607491, -0.01367646, -0.04471901, 0.16325893], [0.00771576, 0.0557594, 0.03094105, -0.0230279, -0.007286, -0.03865681], [-0.05134052, -0.00587209, -0.02325284, -0.00605595, -0.02914315, 0.07459337], [0.05914193, -0.01795793, -0.03340622, 0.04874662, 0.0062686, -0.02573571], [0.01608519, 0.03188516, 0.03196792, -0.01191734, -0.01122674, -0.04805311], [-0.02383829, -0.00920848, -0.01565783, -0.02248071, -0.02619417, 0.03949612], [-0.01424399, 0.0098265, -0.0475286, -0.00926819, -0.01466881, 0.06177259], [0.00111865, -0.02535799, 0.0143916, -0.00890556, 0.0478067, -0.01551025], [-0.01452922, -0.00994125, 0.00330185, -0.01386338, 0.00880857, 0.01122736], [-0.03024851, -0.02090579, 0.03978566, -0.00667449, 0.05818512, -0.00953716], [0.01661377, 0.05846126, 0.03745593, -0.0035908, -0.01131857, -0.0540697], [-0.03123502, 0.0009433, -0.04377433, -0.01861046, -0.03126456, 0.07500935], [0.02200722, 0.11537255, 0.02202477, -0.0142726, -0.01138979, -0.04403199]], "number of molecular orbitals": 36, "number of electrons": 38, "number of unpaired electrons": 0, "orbital energies/eV": [-18.47125254, -17.10750629, -16.62396592, -16.1246061, -15.69719213, -15.12900706, -14.99828267, -14.15982845, -13.82635052, -13.45823391, -13.24031374, -12.87113718, -12.68708981, -12.49786483, -12.23606413, -11.77899481, -11.5519435, -11.36183576, -10.95601041, 1.01108622, 1.931025, 2.89104434, 3.1390797, 3.5151949, 3.84816714, 4.24237955, 4.4067945, 4.99440552, 5.21012229, 5.40717307, 6.06062898, 6.37490133, 6.97856603, 7.17660699, 7.89348327, 8.12057598], "fractional occupation": [2.0, 2.0, 2.0, 2.0, 2.0, 2.0, 2.0, 2.0, 2.0, 2.0, 2.0, 2.0, 2.0, 2.0, 2.0, 2.0, 2.0, 2.0, 2.0, 0.0, 0.0, 0.0, 0.0, 0.0, 0.0, 0.0, 0.0, 0.0, 0.0, 0.0, 0.0, 0.0, 0.0, 0.0, 0.0, 0.0], "program call": "xtb /home/svss/Project-DBcg-Debug/aqme2_20220329/End-to-End-workflows-final/example-3/QDESCP/mol_543_rdkit_conf_6/mol_543_rdkit_conf_6.xyz --pop --wbo --acc 0.2 --gfn 2 --chrg 0 --uhf 0 --etemp 300 --input /home/svss/Project-DBcg-Debug/aqme2_20220329/End-to-End-workflows-final/example-3/QDESCP/mol_543_rdkit_conf_6/mol_543_rdkit_conf_6_xtb.inp", "method": "GFN2-xTB", "xtb version": "6.3.3 (7355c4f)", "Dipole module/D": 1.749, "Total charge": 0, "Transition dipole module/D": NaN, "HOMO": -10.956, "LUMO": 1.0111, "HOMO occupancy": 2.0, "LUMO occupancy": 0, "mulliken charges": [-0.08687, -0.03241, -0.05569, 0.22575, -0.11162, -0.57028, 0.02832, 0.0222, 0.02815, 0.01989, 0.03778, 0.0197, 0.03589, 0.00752, 0.0397, 0.02777, 0.02988, 0.33433], "cm5 charges": [-0.23711, -0.14369, -0.16096, 0.17623, -0.25769, -0.78119, 0.0806, 0.07367, 0.07895, 0.07419, 0.09487, 0.07535, 0.09318, 0.07409, 0.09332, 0.0809, 0.08163, 0.50367], "FUKUI+": [0.019, 0.002, 0.012, -0.044, 0.037, -0.16, -0.019, -0.035, -0.055, -0.055, -0.036, -0.119, -0.072, -0.094, -0.07, -0.058, -0.106, -0.145], "FUKUI-": [0.022, 0.008, 0.016, -0.004, 0.02, -0.11, -0.088, -0.081, -0.065, -0.12, -0.092, -0.062, -0.071, -0.118, -0.072, -0.065, -0.058, -0.06], "FUKUIrad": [0.021, 0.005, 0.014, -0.024, 0.029, -0.135, -0.054, -0.058, -0.06, -0.087, -0.064, -0.09, -0.072, -0.106, -0.071, -0.062, -0.082, -0.103], "s proportion": [1.007, 1.025, 1.035, 1.013, 1.02, 1.697, 0.972, 0.978, 0.972, 0.98, 0.962, 0.98, 0.964, 0.992, 0.96, 0.972, 0.97, 0.666], "p proportion": [3.08, 3.007, 3.021, 2.761, 3.092, 4.873, 0.0, 0.0, 0.0, 0.0, 0.0, 0.0, 0.0, 0.0, 0.0, 0.0, 0.0, 0.0], "d proportion": [0.0, 0.0, 0.0, 0.0, 0.0, 0.0, 0.0, 0.0, 0.0, 0.0, 0.0, 0.0, 0.0, 0.0, 0.0, 0.0, 0.0, 0.0], "Fermi-level/eV": -4.9725, "Coordination numbers": [3.749, 3.798, 3.801, 3.723, 3.75, 1.653, 0.924, 0.924, 0.924, 0.924, 0.924, 0.924, 0.924, 0.924, 0.924, 0.924, 0.924, 0.804], "Dispersion coefficient C6": [22.473, 21.491, 21.695, 18.703, 22.783, 21.818, 2.53, 2.584, 2.569, 2.617, 2.355, 2.557, 2.394, 2.814, 2.365, 2.566, 2.506, 0.781], "Total dispersion C6": 2124.046421, "Total dispersion C8": 43641.558631, "Polarizability alpha": [6.761, 6.601, 6.632, 6.176, 6.807, 6.305, 2.488, 2.514, 2.507, 2.53, 2.4, 2.501, 2.42, 2.623, 2.405, 2.505, 2.476, 1.388], "Total polarizability alpha": 68.036805, "Wiberg matrix": [[0.0, 1.021408387613521, 0.0, 0.0, 0.0, 0.0, 0.9860553933267887, 0.9874827735949188, 0.9872534859632051, 0.0, 0.0, 0.0, 0.0, 0.0, 0.0, 0.0, 0.0, 0.0], [1.021408387613521, 0.0, 1.0064765093307702, 0.0, 0.0, 0.0, 0.0, 0.0, 0.0, 0.9779420229491284, 0.9767478504715035, 0.0, 0.0, 0.0, 0.0, 0.0, 0.0, 0.0], [0.0, 1.0064765093307702, 0.0, 0.9942914611952478, 0.0, 0.0, 0.0, 0.0, 0.0, 0.0, 0.0, 0.9758109806434447, 0.9753761120452422, 0.0, 0.0, 0.0, 0.0, 0.0], [0.0, 0.0, 0.9942914611952478, 0.0, 1.0022014038506781, 0.9796375136026987, 0.0, 0.0, 0.0, 0.0, 0.0, 0.0, 0.0, 0.9622685279502823, 0.0, 0.0, 0.0, 0.0], [0.0, 0.0, 0.0, 1.0022014038506781, 0.0, 0.0, 0.0, 0.0, 0.0, 0.0, 0.0, 0.0, 0.0, 0.0, 0.9855048793402779, 0.9847976539943273, 0.9856971798930232, 0.0], [0.0, 0.0, 0.0, 0.9796375136026987, 0.0, 0.0, 0.0, 0.0, 0.0, 0.0, 0.0, 0.0, 0.0, 0.0, 0.0, 0.0, 0.0, 0.9050205281928994], [0.9860553933267887, 0.0, 0.0, 0.0, 0.0, 0.0, 0.0, 0.0, 0.0, 0.0, 0.0, 0.0, 0.0, 0.0, 0.0, 0.0, 0.0, 0.0], [0.9874827735949188, 0.0, 0.0, 0.0, 0.0, 0.0, 0.0, 0.0, 0.0, 0.0, 0.0, 0.0, 0.0, 0.0, 0.0, 0.0, 0.0, 0.0], [0.9872534859632051, 0.0, 0.0, 0.0, 0.0, 0.0, 0.0, 0.0, 0.0, 0.0, 0.0, 0.0, 0.0, 0.0, 0.0, 0.0, 0.0, 0.0], [0.0, 0.9779420229491284, 0.0, 0.0, 0.0, 0.0, 0.0, 0.0, 0.0, 0.0, 0.0, 0.0, 0.0, 0.0, 0.0, 0.0, 0.0, 0.0], [0.0, 0.9767478504715035, 0.0, 0.0, 0.0, 0.0, 0.0, 0.0, 0.0, 0.0, 0.0, 0.0, 0.0, 0.0, 0.0, 0.0, 0.0, 0.0], [0.0, 0.0, 0.9758109806434447, 0.0, 0.0, 0.0, 0.0, 0.0, 0.0, 0.0, 0.0, 0.0, 0.0, 0.0, 0.0, 0.0, 0.0, 0.0], [0.0, 0.0, 0.9753761120452422, 0.0, 0.0, 0.0, 0.0, 0.0, 0.0, 0.0, 0.0, 0.0, 0.0, 0.0, 0.0, 0.0, 0.0, 0.0], [0.0, 0.0, 0.0, 0.9622685279502823, 0.0, 0.0, 0.0, 0.0, 0.0, 0.0, 0.0, 0.0, 0.0, 0.0, 0.0, 0.0, 0.0, 0.0], [0.0, 0.0, 0.0, 0.0, 0.9855048793402779, 0.0, 0.0, 0.0, 0.0, 0.0, 0.0, 0.0, 0.0, 0.0, 0.0, 0.0, 0.0, 0.0], [0.0, 0.0, 0.0, 0.0, 0.9847976539943273, 0.0, 0.0, 0.0, 0.0, 0.0, 0.0, 0.0, 0.0, 0.0, 0.0, 0.0, 0.0, 0.0], [0.0, 0.0, 0.0, 0.0, 0.9856971798930232, 0.0, 0.0, 0.0, 0.0, 0.0, 0.0, 0.0, 0.0, 0.0, 0.0, 0.0, 0.0, 0.0], [0.0, 0.0, 0.0, 0.0, 0.0, 0.9050205281928994, 0.0, 0.0, 0.0, 0.0, 0.0, 0.0, 0.0, 0.0, 0.0, 0.0, 0.0, 0.0]], "Born radii": [], "Atomic SASAs": [], "Solvent H bonds": [], "Total SASA": NaN, "Total FOD": 0.0, "FOD": [0.0, 0.0, 0.0, 0.0, 0.0, 0.0, 0.0, 0.0, 0.0, 0.0, 0.0, 0.0, 0.0, 0.0, 0.0, 0.0, 0.0, 0.0], "FOD s proportion": [0.0, 0.0, 0.0, 0.0, 0.0, 0.0, 0.0, 0.0, 0.0, 0.0, 0.0, 0.0, 0.0, 0.0, 0.0, 0.0, 0.0, 0.0], "FOD p proportion": [0.0, 0.0, 0.0, 0.0, 0.0, 0.0, 0.0, 0.0, 0.0, 0.0, 0.0, 0.0, 0.0, 0.0, 0.0, 0.0, 0.0, 0.0], "FOD d proportion": [0.0, 0.0, 0.0, 0.0, 0.0, 0.0, 0.0, 0.0, 0.0, 0.0, 0.0, 0.0, 0.0, 0.0, 0.0, 0.0, 0.0, 0.0], "coordinates": [["2.14750", "-0.76980", "-0.23830"], ["1.51700", "0.41260", "0.48080"], ["0.16820", "0.83850", "-0.11000"], ["-0.93410", "-0.21940", "0.00400"], ["-2.24880", "0.29480", "-0.56910"], ["-1.12780", "-0.54860", "1.37620"], ["1.56070", "-1.68250", "-0.10030"], ["2.23890", "-0.57440", "-1.31130"], ["3.15040", "-0.95870", "0.15820"], ["2.20490", "1.26450", "0.41790"], ["1.40860", "0.17670", "1.54560"], ["0.30450", "1.11840", "-1.16170"], ["-0.14910", "1.74340", "0.42450"], ["-0.64430", "-1.13200", "-0.52690"], ["-2.60090", "1.17320", "-0.01690"], ["-3.03040", "-0.46720", "-0.47750"], ["-2.14540", "0.56070", "-1.62540"], ["-1.81990", "-1.23020", "1.41990"]], "bond_dist": [[0.0, 1.520757975484594, 2.5535697112082136, 3.1397305632808683, 4.535444354195078, 3.6582960213738853, 1.093800498262823, 1.0944697894414444, 1.094853355477344, 2.1382866248470993, 2.1503801222109544, 2.7954634320627414, 3.468407363618063, 2.8299515967592095, 5.1353256488756385, 5.192247279357947, 4.703537718568865, 4.324564505242117], [1.520757975484594, 0.0, 1.532872104906342, 2.575782104526701, 3.911191185559714, 2.953068512581447, 2.174633511652021, 2.1695462705367685, 2.1569724175334275, 1.0967663515990995, 1.095991975335586, 2.160119473547702, 2.1330934203639558, 2.841208570309473, 4.2170271590304, 4.729823854014016, 4.227432531691074, 3.836092055725462], [2.5535697112082136, 1.532872104906342, 0.0, 1.5320619112816556, 2.5195776431775228, 2.410902911773927, 2.8800332185584248, 2.7797853496268377, 3.492187841454122, 2.146695437177803, 2.1719997145487846, 1.0968111004179342, 1.0978221850554852, 2.17182690608621, 2.7908075014231994, 3.474327373751645, 2.7796321627150595, 3.2515619800335958], [3.1397305632808683, 2.575782104526701, 1.5320619112816556, 0.0, 1.5235751835731641, 1.424368340704047, 2.894057210906516, 3.45310991571366, 4.153731139590043, 3.496654604046559, 2.8322551191585834, 2.1639536247341344, 2.155372146521338, 1.0948413629380285, 2.172094337269908, 2.1651144958177153, 2.1750282894711965, 1.9522118455741426], [4.535444354195078, 3.911191185559714, 2.5195776431775228, 1.5235751835731641, 0.0, 2.3983654121088387, 4.3176126482119725, 4.630963265887563, 5.590311993082318, 4.663682105375536, 4.226402543535104, 2.747513896234194, 2.737594383761042, 2.1475472823665607, 1.0956668334854351, 1.0954145881811144, 1.0941499257414404, 2.5427743136188865], [3.6582960213738853, 2.953068512581447, 2.410902911773927, 1.424368340704047, 2.3983654121088387, 0.0, 3.27013970802472, 4.307898650154156, 4.467068529807888, 3.913126600303139, 2.6434979496871187, 3.3572769769561757, 2.6677426000272213, 2.0483938634940304, 2.6599523416783244, 2.6575771691523844, 3.3579247772992176, 0.9723634402835187], [1.093800498262823, 2.174633511652021, 2.8800332185584248, 2.894057210906516, 4.3176126482119725, 3.27013970802472, 0.0, 1.7760523218644206, 1.7657448230137898, 3.060773412064343, 2.48771900744437, 3.248022353679236, 3.864663231123768, 2.31237168508871, 5.047860201114924, 4.7641823159908565, 4.592717437421989, 3.7341718881165606], [1.0944697894414444, 2.1695462705367685, 2.7797853496268377, 3.45310991571366, 4.630963265887563, 4.307898650154156, 1.7760523218644206, 0.0, 1.7714256941796909, 2.524448821030048, 3.0684567635865427, 2.5748505510029123, 3.7533641549948227, 3.0395794709136985, 5.305962792934002, 5.33593822771591, 4.539735378851943, 4.93592792897141], [1.094853355477344, 2.1569724175334275, 3.492187841454122, 4.153731139590043, 5.590311993082318, 4.467068529807888, 1.7657448230137898, 1.7714256941796909, 0.0, 2.4298215119633784, 2.499575796010195, 3.762396474323247, 4.273050473607818, 3.859940801359523, 6.136212945294516, 6.232814402819964, 5.7909673596040925, 5.135122318893679], [2.1382866248470993, 1.0967663515990995, 2.146695437177803, 3.496654604046559, 4.663682105375536, 3.913126600303139, 3.060773412064343, 2.524448821030048, 2.4298215119633784, 0.0, 1.7575863620317496, 2.4754800605135157, 2.402229125208501, 3.8410675508249, 4.8262926113115014, 5.586491935016107, 4.857521942307621, 4.840097843019291], [2.1503801222109544, 1.095991975335586, 2.1719997145487846, 2.8322551191585834, 4.226402543535104, 2.6434979496871187, 2.48771900744437, 3.0684567635865427, 2.499575796010195, 1.7575863620317496, 0.0, 3.0716948074312334, 2.4774671319716837, 3.1972410528454063, 4.417070154525509, 4.920595677354521, 4.778452992339676, 3.5239722402425366], [2.7954634320627414, 2.160119473547702, 1.0968111004179342, 2.1639536247341344, 2.747513896234194, 3.3572769769561757, 3.248022353679236, 2.5748505510029123, 3.762396474323247, 2.4754800605135157, 3.0716948074312334, 0.0, 1.7642019158815125, 2.523389117833395, 3.1232866086864335, 3.7555046278762596, 2.5550062602663033, 4.085787057593677], [3.468407363618063, 2.1330934203639558, 1.0978221850554852, 2.155372146521338, 2.737594383761042, 2.6677426000272213, 3.864663231123768, 3.7533641549948227, 4.273050473607818, 2.402229125208501, 2.4774671319716837, 1.7642019158815125, 0.0, 3.068926548485643, 2.555637932102277, 3.741957515793038, 3.096140014598823, 3.553124084520551], [2.8299515967592095, 2.841208570309473, 2.17182690608621, 1.0948413629380285, 2.1475472823665607, 2.0483938634940304, 2.31237168508871, 3.0395794709136985, 3.859940801359523, 3.8410675508249, 3.1972410528454063, 2.523389117833395, 3.068926548485643, 0.0, 3.0663219987470334, 2.4774730291165636, 2.5150023359830107, 2.276336714987482], [5.1353256488756385, 4.2170271590304, 2.7908075014231994, 2.172094337269908, 1.0956668334854351, 2.6599523416783244, 5.047860201114924, 5.305962792934002, 6.136212945294516, 4.8262926113115014, 4.417070154525509, 3.1232866086864335, 2.555637932102277, 3.0663219987470334, 0.0, 1.757138233036889, 1.7804237557390659, 2.9070065015407174], [5.192247279357947, 4.729823854014016, 3.474327373751645, 2.1651144958177153, 1.0954145881811144, 2.6575771691523844, 4.7641823159908565, 5.33593822771591, 6.232814402819964, 5.586491935016107, 4.920595677354521, 3.7555046278762596, 3.741957515793038, 2.4774730291165636, 1.757138233036889, 0.0, 1.7769293232990446, 2.376469231864785], [4.703537718568865, 4.227432531691074, 2.7796321627150595, 2.1750282894711965, 1.0941499257414404, 3.3579247772992176, 4.592717437421989, 4.539735378851943, 5.7909673596040925, 4.857521942307621, 4.778452992339676, 2.5550062602663033, 3.096140014598823, 2.5150023359830107, 1.7804237557390659, 1.7769293232990446, 0.0, 3.5478338673055143], [4.324564505242117, 3.836092055725462, 3.2515619800335958, 1.9522118455741426, 2.5427743136188865, 0.9723634402835187, 3.7341718881165606, 4.93592792897141, 5.135122318893679, 4.840097843019291, 3.5239722402425366, 4.085787057593677, 3.553124084520551, 2.276336714987482, 2.9070065015407174, 2.376469231864785, 3.5478338673055143, 0.0]]}