{"total energy": -24.04944539, "HOMO-LUMO gap/eV": 12.15810003, "electronic energy": -24.34686258, "dipole": [-0.48044008, 0.62531517, -0.17557353], "partial charges": [-0.10080976, -0.05736434, -0.01456891, -0.10465599, -0.07340267, 0.08040299, -0.44691252, 0.03217993, 0.03383552, 0.03421172, 0.03080125, 0.03048282, 0.03145436, 0.03461219, 0.03212892, 0.02875101, 0.04897392, 0.03165243, 0.01852962, 0.04291029, 0.28678722], "atomic dipole moments": [[0.03807839, 0.08924779, -0.03299443], [0.0637291, -0.09091134, 0.01025207], [-0.01070716, 0.06766903, 0.06821666], [-0.02458243, -0.0864281, 0.0397167], [0.05899014, 0.02574293, -0.10031926], [-0.03803225, -0.14033353, -0.13753793], [-0.10207896, 0.21218725, 0.04267953], [-0.12384524, 0.00862288, 0.01172511], [0.04320238, -0.03144432, 0.11444959], [0.02320508, -0.09458537, -0.08107919], [-0.06769135, 0.03204517, -0.09676339], [-0.02730711, 0.08734967, 0.08508322], [0.01491198, -0.08782963, -0.08683637], [-0.0056503, 0.09861763, 0.08144929], [-0.07358934, 0.02975989, -0.09784848], [0.11436061, -0.00222357, -0.04843708], [-0.03124032, -0.112699, 0.04498021], [-0.02256537, 0.0796102, 0.09367381], [0.05089843, 0.1008731, -0.03827446], [0.0589036, -0.02819683, 0.10693935], [-0.02539262, 0.03402816, -0.0655606]], "atomic quadrupole moments": [[-0.05516519, 0.10304228, 0.14776916, -0.03728331, -0.10156842, -0.09260397], [0.11167145, 0.0803482, 0.04878357, -0.10887604, -0.10599241, -0.16045502], [0.07798118, 0.02616753, -0.04098248, 0.01745603, -0.1607481, -0.0369987], [-0.05550784, 0.07654696, 0.12985773, -0.02553838, -0.12116024, -0.07434989], [0.20172655, -0.03347922, -0.21656438, 0.04250293, -0.03488123, 0.01483782], [-0.03253027, -0.10737733, 0.00477225, -0.14963778, 0.33561047, 0.02775802], [-0.08219596, -0.0675567, 0.04640285, -0.02600121, 0.11344796, 0.03579311], [0.07915664, -0.01606345, -0.02969458, -0.01014331, -0.01106274, -0.04946206], [-0.01954946, 0.00042518, -0.02709313, 0.05393044, -0.01931925, 0.0466426], [-0.04018531, -0.01674195, 0.02010748, -0.02957832, 0.05206883, 0.02007783], [-0.00368574, 0.00913143, -0.03283487, 0.02900577, -0.02649094, 0.03652061], [-0.03047763, 0.00815806, 0.00941374, -0.01118266, 0.04325729, 0.02106389], [-0.0187822, -0.00814206, 0.01499164, -0.00590514, 0.0208244, 0.00379056], [-0.04800447, -0.00300974, 0.01860123, -0.01202134, 0.05560033, 0.02940325], [0.01350889, -0.00128721, -0.03458423, 0.06230983, -0.01922228, 0.02107534], [0.07071207, -0.01871996, -0.02990709, -0.03603904, -0.00190113, -0.04080498], [-0.00663025, 0.02573763, 0.03960439, 0.01150853, -0.02740304, -0.03297414], [-0.01805468, -0.02307128, 0.01645099, -0.00418499, 0.05342896, 0.00160369], [-0.03659517, 0.00383472, 0.04239547, -0.02200203, -0.01321709, -0.0058003], [-0.00966855, -0.0198439, -0.02504715, 0.02071527, -0.02138044, 0.0347157], [-0.07155516, -0.03110425, -0.03113684, 0.05904061, -0.04057235, 0.102692]], "number of molecular orbitals": 42, "number of electrons": 44, "number of unpaired electrons": 0, "orbital energies/eV": [-18.51707506, -17.20849412, -16.848088, -16.47315556, -16.05711302, -15.58429535, -15.12551151, -15.05238006, -14.31867828, -14.15773682, -13.70397329, -13.45988955, -13.3428245, -13.08883074, -12.68312804, -12.46107211, -12.24410749, -12.04320591, -11.82477879, -11.61818167, -11.42759313, -11.03040345, 1.12769657, 1.59404359, 2.0082154, 2.21148846, 3.03971726, 3.30723168, 3.80024056, 3.91892968, 4.35854315, 4.85024295, 4.94173968, 5.32492963, 5.60507004, 5.85116057, 6.44710747, 6.71330275, 7.04586995, 7.33599372, 7.86587089, 8.01332942], "fractional occupation": [2.0, 2.0, 2.0, 2.0, 2.0, 2.0, 2.0, 2.0, 2.0, 2.0, 2.0, 2.0, 2.0, 2.0, 2.0, 2.0, 2.0, 2.0, 2.0, 2.0, 2.0, 2.0, 0.0, 0.0, 0.0, 0.0, 0.0, 0.0, 0.0, 0.0, 0.0, 0.0, 0.0, 0.0, 0.0, 0.0, 0.0, 0.0, 0.0, 0.0, 0.0, 0.0], "program call": "xtb /home/svss/Project-DBcg-Debug/aqme2_20220329/End-to-End-workflows-final/example-3/QDESCP/mol_551_rdkit_conf_20/mol_551_rdkit_conf_20.xyz --pop --wbo --acc 0.2 --gfn 2 --chrg 0 --uhf 0 --etemp 300 --input /home/svss/Project-DBcg-Debug/aqme2_20220329/End-to-End-workflows-final/example-3/QDESCP/mol_551_rdkit_conf_20/mol_551_rdkit_conf_20_xtb.inp", "method": "GFN2-xTB", "xtb version": "6.3.3 (7355c4f)", "Dipole module/D": 2.053, "Total charge": 0, "Transition dipole module/D": NaN, "HOMO": -11.0304, "LUMO": 1.1277, "HOMO occupancy": 2.0, "LUMO occupancy": 0, "mulliken charges": [-0.08379, -0.0452, -0.00807, -0.09545, -0.07706, 0.19672, -0.56536, 0.02916, 0.02794, 0.02916, 0.02444, 0.02284, 0.02155, 0.02878, 0.03124, 0.0259, 0.03912, 0.02454, 0.00901, 0.03073, 0.3338], "cm5 charges": [-0.23446, -0.15573, -0.08025, -0.24407, -0.18324, 0.10951, -0.7803, 0.07991, 0.0797, 0.08062, 0.07943, 0.078, 0.08225, 0.0808, 0.08273, 0.07864, 0.09732, 0.08027, 0.07177, 0.09317, 0.50394], "FUKUI+": [0.022, -0.015, -0.048, 0.028, -0.002, -0.014, -0.104, -0.064, -0.029, -0.04, -0.069, -0.056, -0.053, -0.048, -0.053, -0.04, -0.062, -0.093, -0.075, -0.097, -0.088], "FUKUI-": [0.019, 0.002, -0.007, 0.021, -0.001, 0.011, -0.122, -0.076, -0.07, -0.065, -0.089, -0.078, -0.05, -0.045, -0.051, -0.054, -0.062, -0.058, -0.099, -0.079, -0.047], "FUKUIrad": [0.021, -0.007, -0.027, 0.024, -0.002, -0.001, -0.113, -0.07, -0.049, -0.052, -0.079, -0.067, -0.051, -0.047, -0.052, -0.047, -0.062, -0.075, -0.087, -0.088, -0.067], "s proportion": [1.008, 1.033, 1.057, 1.014, 1.042, 0.991, 1.694, 0.971, 0.972, 0.971, 0.976, 0.977, 0.978, 0.971, 0.969, 0.974, 0.961, 0.975, 0.991, 0.969, 0.666], "p proportion": [3.076, 3.012, 2.951, 3.081, 3.035, 2.813, 4.871, 0.0, 0.0, 0.0, 0.0, 0.0, 0.0, 0.0, 0.0, 0.0, 0.0, 0.0, 0.0, 0.0, 0.0], "d proportion": [0.0, 0.0, 0.0, 0.0, 0.0, 0.0, 0.0, 0.0, 0.0, 0.0, 0.0, 0.0, 0.0, 0.0, 0.0, 0.0, 0.0, 0.0, 0.0, 0.0, 0.0], "Fermi-level/eV": -4.9514, "Coordination numbers": [3.748, 3.801, 3.846, 3.752, 3.799, 3.673, 1.653, 0.924, 0.924, 0.924, 0.924, 0.924, 0.924, 0.924, 0.924, 0.924, 0.924, 0.924, 0.924, 0.924, 0.804], "Dispersion coefficient C6": [22.492, 21.606, 20.803, 22.561, 21.905, 19.467, 21.782, 2.556, 2.533, 2.527, 2.575, 2.58, 2.566, 2.522, 2.557, 2.604, 2.333, 2.563, 2.756, 2.411, 0.762], "Total dispersion C6": 2911.421346, "Total dispersion C8": 60084.311155, "Polarizability alpha": [6.764, 6.618, 6.488, 6.774, 6.664, 6.323, 6.3, 2.5, 2.489, 2.486, 2.51, 2.512, 2.505, 2.483, 2.5, 2.524, 2.389, 2.504, 2.596, 2.428, 1.371], "Total polarizability alpha": 79.727825, "Wiberg matrix": [[0.0, 1.0207038926400456, 0.0, 0.0, 0.0, 0.0, 0.0, 0.9867547928530573, 0.9856658940731136, 0.9872513460266273, 0.0, 0.0, 0.0, 0.0, 0.0, 0.0, 0.0, 0.0, 0.0, 0.0, 0.0], [1.0207038926400456, 0.0, 0.9940506374499513, 0.0, 0.0, 0.0, 0.0, 0.0, 0.0, 0.0, 0.9767826521399539, 0.9775266385786838, 0.0, 0.0, 0.0, 0.0, 0.0, 0.0, 0.0, 0.0, 0.0], [0.0, 0.9940506374499513, 0.0, 1.0087865072954452, 0.995594237270198, 0.0, 0.0, 0.0, 0.0, 0.0, 0.0, 0.0, 0.9663289070566354, 0.0, 0.0, 0.0, 0.0, 0.0, 0.0, 0.0, 0.0], [0.0, 0.0, 1.0087865072954452, 0.0, 0.0, 0.0, 0.0, 0.0, 0.0, 0.0, 0.0, 0.0, 0.0, 0.9870773461046884, 0.985612580856982, 0.9839814575582324, 0.0, 0.0, 0.0, 0.0, 0.0], [0.0, 0.0, 0.995594237270198, 0.0, 0.0, 0.9992304789241903, 0.0, 0.0, 0.0, 0.0, 0.0, 0.0, 0.0, 0.0, 0.0, 0.0, 0.9725711211020098, 0.9751165982127711, 0.0, 0.0, 0.0], [0.0, 0.0, 0.0, 0.0, 0.9992304789241903, 0.0, 0.9950522286317836, 0.0, 0.0, 0.0, 0.0, 0.0, 0.0, 0.0, 0.0, 0.0, 0.0, 0.0, 0.971187321181487, 0.9730827629764992, 0.0], [0.0, 0.0, 0.0, 0.0, 0.0, 0.9950522286317836, 0.0, 0.0, 0.0, 0.0, 0.0, 0.0, 0.0, 0.0, 0.0, 0.0, 0.0, 0.0, 0.0, 0.0, 0.9012382910883745], [0.9867547928530573, 0.0, 0.0, 0.0, 0.0, 0.0, 0.0, 0.0, 0.0, 0.0, 0.0, 0.0, 0.0, 0.0, 0.0, 0.0, 0.0, 0.0, 0.0, 0.0, 0.0], [0.9856658940731136, 0.0, 0.0, 0.0, 0.0, 0.0, 0.0, 0.0, 0.0, 0.0, 0.0, 0.0, 0.0, 0.0, 0.0, 0.0, 0.0, 0.0, 0.0, 0.0, 0.0], [0.9872513460266273, 0.0, 0.0, 0.0, 0.0, 0.0, 0.0, 0.0, 0.0, 0.0, 0.0, 0.0, 0.0, 0.0, 0.0, 0.0, 0.0, 0.0, 0.0, 0.0, 0.0], [0.0, 0.9767826521399539, 0.0, 0.0, 0.0, 0.0, 0.0, 0.0, 0.0, 0.0, 0.0, 0.0, 0.0, 0.0, 0.0, 0.0, 0.0, 0.0, 0.0, 0.0, 0.0], [0.0, 0.9775266385786838, 0.0, 0.0, 0.0, 0.0, 0.0, 0.0, 0.0, 0.0, 0.0, 0.0, 0.0, 0.0, 0.0, 0.0, 0.0, 0.0, 0.0, 0.0, 0.0], [0.0, 0.0, 0.9663289070566354, 0.0, 0.0, 0.0, 0.0, 0.0, 0.0, 0.0, 0.0, 0.0, 0.0, 0.0, 0.0, 0.0, 0.0, 0.0, 0.0, 0.0, 0.0], [0.0, 0.0, 0.0, 0.9870773461046884, 0.0, 0.0, 0.0, 0.0, 0.0, 0.0, 0.0, 0.0, 0.0, 0.0, 0.0, 0.0, 0.0, 0.0, 0.0, 0.0, 0.0], [0.0, 0.0, 0.0, 0.985612580856982, 0.0, 0.0, 0.0, 0.0, 0.0, 0.0, 0.0, 0.0, 0.0, 0.0, 0.0, 0.0, 0.0, 0.0, 0.0, 0.0, 0.0], [0.0, 0.0, 0.0, 0.9839814575582324, 0.0, 0.0, 0.0, 0.0, 0.0, 0.0, 0.0, 0.0, 0.0, 0.0, 0.0, 0.0, 0.0, 0.0, 0.0, 0.0, 0.0], [0.0, 0.0, 0.0, 0.0, 0.9725711211020098, 0.0, 0.0, 0.0, 0.0, 0.0, 0.0, 0.0, 0.0, 0.0, 0.0, 0.0, 0.0, 0.0, 0.0, 0.0, 0.0], [0.0, 0.0, 0.0, 0.0, 0.9751165982127711, 0.0, 0.0, 0.0, 0.0, 0.0, 0.0, 0.0, 0.0, 0.0, 0.0, 0.0, 0.0, 0.0, 0.0, 0.0, 0.0], [0.0, 0.0, 0.0, 0.0, 0.0, 0.971187321181487, 0.0, 0.0, 0.0, 0.0, 0.0, 0.0, 0.0, 0.0, 0.0, 0.0, 0.0, 0.0, 0.0, 0.0, 0.0], [0.0, 0.0, 0.0, 0.0, 0.0, 0.9730827629764992, 0.0, 0.0, 0.0, 0.0, 0.0, 0.0, 0.0, 0.0, 0.0, 0.0, 0.0, 0.0, 0.0, 0.0, 0.0], [0.0, 0.0, 0.0, 0.0, 0.0, 0.0, 0.9012382910883745, 0.0, 0.0, 0.0, 0.0, 0.0, 0.0, 0.0, 0.0, 0.0, 0.0, 0.0, 0.0, 0.0, 0.0]], "Born radii": [], "Atomic SASAs": [], "Solvent H bonds": [], "Total SASA": NaN, "Total FOD": 0.0, "FOD": [0.0, 0.0, 0.0, 0.0, 0.0, 0.0, 0.0, 0.0, 0.0, 0.0, 0.0, 0.0, 0.0, 0.0, 0.0, 0.0, 0.0, 0.0, 0.0, 0.0, 0.0], "FOD s proportion": [0.0, 0.0, 0.0, 0.0, 0.0, 0.0, 0.0, 0.0, 0.0, 0.0, 0.0, 0.0, 0.0, 0.0, 0.0, 0.0, 0.0, 0.0, 0.0, 0.0, 0.0], "FOD p proportion": [0.0, 0.0, 0.0, 0.0, 0.0, 0.0, 0.0, 0.0, 0.0, 0.0, 0.0, 0.0, 0.0, 0.0, 0.0, 0.0, 0.0, 0.0, 0.0, 0.0, 0.0], "FOD d proportion": [0.0, 0.0, 0.0, 0.0, 0.0, 0.0, 0.0, 0.0, 0.0, 0.0, 0.0, 0.0, 0.0, 0.0, 0.0, 0.0, 0.0, 0.0, 0.0, 0.0, 0.0], "coordinates": [["-2.22270", "-1.12050", "0.43080"], ["-1.65870", "0.20600", "-0.05900"], ["-0.15500", "0.15680", "-0.40570"], ["0.24900", "1.48730", "-1.05100"], ["0.70510", "-0.16040", "0.83720"], ["2.21310", "-0.20030", "0.59760"], ["2.55300", "-1.18480", "-0.36740"], ["-3.31030", "-1.04850", "0.53530"], ["-1.81790", "-1.39440", "1.40910"], ["-2.00360", "-1.92670", "-0.27620"], ["-2.22250", "0.50060", "-0.95320"], ["-1.84530", "0.97740", "0.69810"], ["-0.00780", "-0.63540", "-1.15070"], ["0.19230", "2.31020", "-0.33050"], ["-0.40990", "1.72870", "-1.89220"], ["1.26840", "1.44700", "-1.44630"], ["0.41110", "-1.14390", "1.22180"], ["0.49450", "0.57090", "1.62710"], ["2.60840", "0.76800", "0.27690"], ["2.72190", "-0.46490", "1.53030"], ["2.23690", "-0.87320", "-1.23190"]], "bond_dist": [[0.0, 1.5223673308370749, 2.570332824752468, 3.8865991522152115, 3.1078876765417376, 4.533311363672255, 4.842372168679314, 1.0949785431687689, 1.0935973390604057, 1.0944460927793567, 2.131530260165218, 2.1482701087153826, 2.764461298336441, 4.263977624237725, 4.098842944051406, 4.722641196406943, 2.750114724879673, 3.4168909098769893, 5.189378061964651, 5.107619873287361, 4.765895586351006], [1.5223673308370749, 0.0, 1.543934979200873, 2.503020770988527, 2.5544028343235134, 3.9480423617281515, 4.446105272033041, 2.157485874808917, 2.177600149246872, 2.1712994127940997, 1.0973847274315423, 1.096849091716814, 2.1506356409210743, 2.8155942339051627, 2.690490470155953, 3.468803352742845, 2.7832985269280766, 2.759049738587545, 4.317037783017424, 4.708039683350173, 4.2090457837852036], [2.570332824752468, 1.543934979200873, 0.0, 1.5329247665818437, 1.5444054713707798, 2.596541721213044, 3.022353627555849, 3.506301068077298, 2.9094598966131153, 2.7883802574254464, 2.166220427380372, 2.1791908796615314, 1.0973940404430855, 2.18252236872844, 2.178422794133407, 2.184841403855209, 2.1589455643901725, 2.1738456476944266, 2.911337795584703, 3.522947700434964, 2.732158862511475], [3.8865991522152115, 2.503020770988527, 1.5329247665818437, 0.0, 2.5472027284847196, 3.069782489037293, 3.5938619019099773, 4.649219915211583, 4.316058677775361, 4.162921786437982, 2.6629784039680087, 2.775867667955373, 2.1405003200186634, 1.0952166680616213, 1.0954636506977309, 1.094103532578156, 3.4806766138209393, 2.8411756052732815, 2.801335263762622, 4.073012268579607, 3.0913478403440786], [3.1078876765417376, 2.5544028343235134, 1.5444054713707798, 2.5472027284847196, 0.0, 1.5274371247288707, 2.4321165535393243, 4.123506078569546, 2.8662439899631713, 3.4200191432212774, 3.494752483367027, 2.7961541105597165, 2.1646241752322735, 2.7803509652560052, 3.5016493499492496, 2.8487565533053187, 1.0961867587231655, 1.096856444572397, 2.190528141795946, 2.1542028920229406, 2.6712674688244906], [4.533311363672255, 3.9480423617281515, 2.596541721213044, 3.069782489037293, 1.5274371247288707, 0.0, 1.4198581830591395, 5.588494617515525, 4.281748248087456, 4.6394549561343945, 4.750872426197108, 4.227018819451836, 2.8597660236459905, 3.3537460398783923, 4.098813735704515, 2.7899072726526235, 2.1277242772502265, 2.146673158634076, 1.0939449117757256, 1.094906338460053, 1.949469440642761], [4.842372168679314, 4.446105272033041, 3.022353627555849, 3.5938619019099773, 2.4321165535393243, 1.4198581830591395, 0.0, 5.933947410451157, 4.722780030871647, 4.617503287492061, 5.097954006265652, 5.015520110616645, 2.733696378532188, 4.217735304639209, 4.4263160415858245, 3.120992407872855, 2.66738918420241, 3.3612400970475167, 2.057090053935413, 2.0366758480425893, 0.9717890820543315], [1.0949785431687689, 2.157485874808917, 3.506301068077298, 4.649219915211583, 4.123506078569546, 5.588494617515525, 5.933947410451157, 0.0, 1.7636414062955086, 1.7712234133502187, 2.408039015464658, 2.505394110713921, 3.7309186348672894, 4.929369339986607, 4.692325249809523, 5.5784184586672945, 3.785393159237228, 4.276796305647488, 6.196567800000254, 6.141502324350288, 5.824530347590267], [1.0935973390604057, 2.177600149246872, 2.9094598966131153, 4.316058677775361, 2.8662439899631713, 4.281748248087456, 4.722780030871647, 1.7636414062955086, 0.0, 1.7770942209123297, 3.055353899305284, 2.476228382035874, 3.225696676688619, 4.559733913289239, 4.757604365644542, 5.074653762573364, 2.250838186098681, 3.042551864800336, 5.054699030605086, 4.6355629356098715, 4.867025116023134], [1.0944460927793567, 2.1712994127940997, 2.7883802574254464, 4.162921786437982, 3.4200191432212774, 4.6394549561343945, 4.617503287492061, 1.7712234133502187, 1.7770942209123297, 0.0, 2.529433039240217, 3.0672652624121053, 2.532868646416549, 4.772446637732056, 4.302706688818098, 4.843239587301046, 2.947466018463996, 4.012612647639939, 5.370090474098179, 5.265990100636347, 4.472702202248659], [2.131530260165218, 1.0973847274315423, 2.166220427380372, 2.6629784039680087, 3.494752483367027, 4.750872426197108, 5.097954006265652, 2.408039015464658, 3.055353899305284, 2.529433039240217, 0.0, 1.7596618339897017, 2.4968777182713615, 3.0811793991911607, 2.3823243628859614, 3.6503703072428144, 3.790890952005874, 3.74766316255877, 4.99221830251843, 5.616676406915392, 4.674531900629196], [2.1482701087153826, 1.096849091716814, 2.1791908796615314, 2.775867667955373, 2.7961541105597165, 4.227018819451836, 5.015520110616645, 2.505394110713921, 2.476228382035874, 3.0672652624121053, 1.7596618339897017, 0.0, 3.0652229168528673, 2.6431397163222377, 3.055237951453209, 3.809737945056064, 3.140941951071366, 2.5500877024133897, 4.47847088747934, 4.861286040750945, 4.879956680135594], [2.764461298336441, 2.1506356409210743, 1.0973940404430855, 2.1405003200186634, 2.1646241752322735, 2.8597660236459905, 2.733696378532188, 3.7309186348672894, 3.225696676688619, 2.532868646416549, 2.4968777182713615, 3.0652229168528673, 0.0, 3.064200941518033, 2.510074793706355, 2.4601738881631925, 2.4622765299616534, 3.0697944263419332, 3.294248891629168, 3.829894690458212, 2.2587209588614523], [4.263977624237725, 2.8155942339051627, 2.18252236872844, 1.0952166680616213, 2.7803509652560052, 3.3537460398783923, 4.217735304639209, 4.929369339986607, 4.559733913289239, 4.772446637732056, 3.0811793991911607, 2.6431397163222377, 3.064200941518033, 0.0, 1.771918164024513, 1.7742928422332092, 3.793193316982408, 2.636036245957176, 2.9299922883857565, 4.190779499090832, 3.889337563133341], [4.098842944051406, 2.690490470155953, 2.178422794133407, 1.0954636506977309, 3.5016493499492496, 4.098813735704515, 4.4263160415858245, 4.692325249809523, 4.757604365644542, 4.302706688818098, 2.3823243628859614, 3.055237951453209, 2.510074793706355, 1.771918164024513, 0.0, 1.7592249969802043, 4.315422083643731, 3.813648212669858, 3.8390199517585213, 5.131623373748312, 3.7698050267885206], [4.722641196406943, 3.468803352742845, 2.184841403855209, 1.094103532578156, 2.8487565533053187, 2.7899072726526235, 3.120992407872855, 5.5784184586672945, 5.074653762573364, 4.843239587301046, 3.6503703072428144, 3.809737945056064, 2.4601738881631925, 1.7742928422332092, 1.7592249969802043, 0.0, 3.816606307965232, 3.288200112523567, 2.2860575758278703, 3.8246792571403945, 2.523348499514088], [2.750114724879673, 2.7832985269280766, 2.1589455643901725, 3.4806766138209393, 1.0961867587231655, 2.1277242772502265, 2.66738918420241, 3.785393159237228, 2.250838186098681, 2.947466018463996, 3.790890952005874, 3.140941951071366, 2.4622765299616534, 3.793193316982408, 4.315422083643731, 3.816606307965232, 0.0, 1.7640189029599427, 3.0620785277324294, 2.42817007023808, 3.0704181832447515], [3.4168909098769893, 2.759049738587545, 2.1738456476944266, 2.8411756052732815, 1.096856444572397, 2.146673158634076, 3.3612400970475167, 4.276796305647488, 3.042551864800336, 4.012612647639939, 3.74766316255877, 2.5500877024133897, 3.0697944263419332, 2.636036245957176, 3.813648212669858, 3.288200112523567, 1.7640189029599427, 0.0, 2.5160408700973043, 2.4583658474685985, 3.646267073323072], [5.189378061964651, 4.317037783017424, 2.911337795584703, 2.801335263762622, 2.190528141795946, 1.0939449117757256, 2.057090053935413, 6.196567800000254, 5.054699030605086, 5.370090474098179, 4.99221830251843, 4.47847088747934, 3.294248891629168, 2.9299922883857565, 3.8390199517585213, 2.2860575758278703, 3.0620785277324294, 2.5160408700973043, 0.0, 1.761799142921803, 2.2600944958120666], [5.107619873287361, 4.708039683350173, 3.522947700434964, 4.073012268579607, 2.1542028920229406, 1.094906338460053, 2.0366758480425893, 6.141502324350288, 4.6355629356098715, 5.265990100636347, 5.616676406915392, 4.861286040750945, 3.829894690458212, 4.190779499090832, 5.131623373748312, 3.8246792571403945, 2.42817007023808, 2.4583658474685985, 1.761799142921803, 0.0, 2.8340223587685403], [4.765895586351006, 4.2090457837852036, 2.732158862511475, 3.0913478403440786, 2.6712674688244906, 1.949469440642761, 0.9717890820543315, 5.824530347590267, 4.867025116023134, 4.472702202248659, 4.674531900629196, 4.879956680135594, 2.2587209588614523, 3.889337563133341, 3.7698050267885206, 2.523348499514088, 3.0704181832447515, 3.646267073323072, 2.2600944958120666, 2.8340223587685403, 0.0]]}