{"total energy": -26.32240185, "HOMO-LUMO gap/eV": 12.15559465, "electronic energy": -26.7017453, "dipole": [0.00190155, 0.00322214, 0.00565551], "partial charges": [-0.10342891, -0.00771426, -0.1002179, -0.0699251, 0.03151246, -0.10610617, -0.10368549, -0.10629528, 0.03217432, 0.0306741, 0.02819269, 0.03047177, 0.02915903, 0.03450364, 0.02960445, 0.03181356, 0.0315524, 0.03701973, 0.03037763, 0.03000302, 0.03217179, 0.03171252, 0.03306959, 0.03118231, 0.0324926, 0.02968547], "atomic dipole moments": [[-0.07580205, -0.05162385, 0.02935347], [0.0345535, -0.03307938, -0.08622813], [-0.02721113, 0.0941702, -0.01162589], [-0.01733806, -0.05854954, 0.09167419], [-0.00339362, 0.00482154, -0.00284539], [0.00092692, 0.09858293, 0.01944646], [0.02663143, -0.01421272, -0.09186963], [0.06324511, -0.04395807, 0.057294], [0.04886918, -0.03897541, -0.11025651], [0.0930921, -0.00377101, 0.0846698], [-0.02890791, 0.12095403, -0.0127562], [-0.03296214, 0.04790983, 0.11030987], [0.10528394, -0.00912492, 0.06647283], [0.02023945, -0.06334436, -0.10888935], [-0.0795985, -0.06236153, 0.06975775], [0.0402967, -0.03187592, -0.11422682], [-0.01298135, 0.11878178, -0.01824515], [0.06336424, -0.07545658, 0.07802558], [0.04232779, -0.02660801, -0.11608123], [-0.1151309, -0.04889764, 0.00389969], [-0.11832026, -0.03849216, 0.02201299], [0.00251787, 0.12191807, 0.03383378], [0.06911244, -0.0619814, 0.08551877], [0.02924048, -0.01287632, -0.12249519], [-0.11815318, -0.04443709, 0.01201423], [-0.00983321, 0.1238459, 0.02087088]], "atomic quadrupole moments": [[0.09873586, 0.13063613, -0.00921929, -0.06845626, -0.07113093, -0.08951657], [0.04854276, 0.02856059, 0.07245774, 0.05857192, -0.1248616, -0.1210005], [-0.06107537, -0.05768753, 0.18933048, 0.01448928, -0.03431909, -0.12825511], [0.1572415, 0.07543708, -0.12523217, 0.09391197, -0.0583655, -0.03200934], [-0.03448948, -0.00137546, 0.01372612, -0.01368642, -0.01199801, 0.02076336], [-0.08687491, -0.00706749, 0.17448996, 0.00513296, 0.06218218, -0.08761505], [-0.07254005, -0.01475842, -0.09616849, -0.06768419, 0.04711611, 0.16870854], [0.02480886, -0.08343204, -0.02937008, 0.12213707, -0.08881684, 0.00456122], [-0.0296258, -0.00528825, -0.01995532, -0.0329973, 0.04652154, 0.04958112], [0.01743659, -0.00211949, -0.04269307, 0.05749193, -0.01992398, 0.02525648], [-0.01767809, -0.03662629, 0.06775336, -0.00234056, -0.0146835, -0.05007527], [-0.00952752, -0.00591095, -0.00714343, -0.02298767, 0.00774513, 0.01667095], [0.04702, 0.01192327, -0.02685856, 0.06002926, 0.00151552, -0.02016145], [-0.04531795, -0.01129173, -0.01930949, -0.01061639, 0.03822241, 0.06462744], [0.03182144, 0.0365161, -0.00810778, -0.05097977, -0.02473915, -0.02371365], [-0.0055668, -0.00782757, -0.01843523, -0.02007419, 0.04888475, 0.02400202], [-0.0006319, -0.01456512, 0.05439722, 0.02048643, 0.00527846, -0.05376532], [0.00288576, -0.03065503, -0.01939162, 0.05806193, -0.02981748, 0.01650586], [-0.03303099, 0.00063198, -0.0300652, -0.04809235, 0.00555582, 0.06309619], [0.07855152, 0.02230958, -0.0240135, -0.00910154, -0.00071443, -0.05453802], [0.06659989, 0.04370872, -0.03651993, -0.00040543, 0.00291506, -0.03007995], [-0.048188, 0.01151764, 0.07998581, -0.00455026, 0.01547828, -0.03179782], [0.01442817, -0.04721679, -0.01337588, 0.03985695, -0.03310377, -0.00105229], [-0.02273367, -0.01621317, -0.04166367, -0.03718884, 0.01827923, 0.06439734], [0.05067775, 0.04727432, -0.01391335, -0.01777547, -0.02212884, -0.0367644], [-0.04033445, 0.00218925, 0.07319027, 0.01195009, 0.03206118, -0.03285582]], "number of molecular orbitals": 50, "number of electrons": 50, "number of unpaired electrons": 0, "orbital energies/eV": [-16.96236841, -16.71262145, -15.91368649, -15.8097645, -15.78725045, -15.71877394, -14.88749206, -14.50494153, -13.89754085, -13.59765072, -13.56623339, -13.30429965, -12.96168928, -12.77780412, -12.56548909, -12.49862023, -12.37405369, -12.11005197, -12.0595099, -11.97347763, -11.65818358, -11.60432429, -11.32364028, -11.25941857, -11.13074568, 1.02484897, 1.91675835, 2.14114695, 2.48195669, 2.71442521, 3.0153869, 3.69484513, 3.87495015, 4.2401115, 4.60749082, 5.01520231, 5.49222706, 5.68167886, 5.72296057, 5.90122254, 6.1320593, 6.31611894, 6.40494863, 6.55904293, 6.89656544, 6.99507346, 7.37389233, 7.62470263, 7.87005216, 8.61432473], "fractional occupation": [2.0, 2.0, 2.0, 2.0, 2.0, 2.0, 2.0, 2.0, 2.0, 2.0, 2.0, 2.0, 2.0, 2.0, 2.0, 2.0, 2.0, 2.0, 2.0, 2.0, 2.0, 2.0, 2.0, 2.0, 2.0, 0.0, 0.0, 0.0, 0.0, 0.0, 0.0, 0.0, 0.0, 0.0, 0.0, 0.0, 0.0, 0.0, 0.0, 0.0, 0.0, 0.0, 0.0, 0.0, 0.0, 0.0, 0.0, 0.0, 0.0, 0.0], "program call": "xtb /home/svss/Project-DBcg-Debug/aqme2_20220329/End-to-End-workflows-final/example-3/QDESCP/mol_492_rdkit_conf_2/mol_492_rdkit_conf_2.xyz --pop --wbo --acc 0.2 --gfn 2 --chrg 0 --uhf 0 --etemp 300 --input /home/svss/Project-DBcg-Debug/aqme2_20220329/End-to-End-workflows-final/example-3/QDESCP/mol_492_rdkit_conf_2/mol_492_rdkit_conf_2_xtb.inp", "method": "GFN2-xTB", "xtb version": "6.3.3 (7355c4f)", "Dipole module/D": 0.017, "Total charge": 0, "Transition dipole module/D": NaN, "HOMO": -11.1307, "LUMO": 1.0248, "HOMO occupancy": 2.0, "LUMO occupancy": 0, "mulliken charges": [-0.09044, 0.00215, -0.09164, -0.06788, 0.03812, -0.09809, -0.09633, -0.09615, 0.02714, 0.0283, 0.02749, 0.01934, 0.02879, 0.02751, 0.02816, 0.02581, 0.02674, 0.02965, 0.02859, 0.02884, 0.02961, 0.02912, 0.02968, 0.02868, 0.02894, 0.02784], "cm5 charges": [-0.23924, -0.07242, -0.24079, -0.17203, 0.00225, -0.24515, -0.24279, -0.24294, 0.07895, 0.07964, 0.07885, 0.07824, 0.08036, 0.07971, 0.0806, 0.08226, 0.08353, 0.08283, 0.08066, 0.08084, 0.08162, 0.08131, 0.08246, 0.08065, 0.08087, 0.07973], "FUKUI+": [0.012, -0.04, 0.027, -0.05, -0.056, 0.028, 0.025, 0.014, -0.051, -0.087, -0.048, -0.06, -0.054, -0.039, -0.039, -0.069, -0.066, -0.038, -0.043, -0.057, -0.054, -0.037, -0.034, -0.05, -0.088, -0.048], "FUKUI-": [0.015, -0.016, 0.021, -0.005, -0.027, 0.022, 0.022, -0.0, -0.061, -0.071, -0.05, -0.067, -0.081, -0.054, -0.05, -0.053, -0.05, -0.065, -0.043, -0.072, -0.062, -0.041, -0.055, -0.05, -0.059, -0.049], "FUKUIrad": [0.013, -0.028, 0.024, -0.028, -0.042, 0.025, 0.023, 0.007, -0.056, -0.079, -0.049, -0.063, -0.068, -0.046, -0.044, -0.061, -0.058, -0.051, -0.043, -0.065, -0.058, -0.039, -0.044, -0.05, -0.073, -0.048], "s proportion": [1.015, 1.052, 1.013, 1.047, 1.086, 1.018, 1.016, 1.02, 0.973, 0.972, 0.973, 0.981, 0.971, 0.972, 0.972, 0.974, 0.973, 0.97, 0.971, 0.971, 0.97, 0.971, 0.97, 0.971, 0.971, 0.972], "p proportion": [3.076, 2.946, 3.079, 3.021, 2.876, 3.081, 3.08, 3.076, 0.0, 0.0, 0.0, 0.0, 0.0, 0.0, 0.0, 0.0, 0.0, 0.0, 0.0, 0.0, 0.0, 0.0, 0.0, 0.0, 0.0, 0.0], "d proportion": [0.0, 0.0, 0.0, 0.0, 0.0, 0.0, 0.0, 0.0, 0.0, 0.0, 0.0, 0.0, 0.0, 0.0, 0.0, 0.0, 0.0, 0.0, 0.0, 0.0, 0.0, 0.0, 0.0, 0.0, 0.0, 0.0], "Fermi-level/eV": -5.0529, "Coordination numbers": [3.754, 3.846, 3.752, 3.802, 3.893, 3.755, 3.754, 3.757, 0.924, 0.924, 0.924, 0.924, 0.924, 0.924, 0.924, 0.923, 0.923, 0.924, 0.924, 0.924, 0.924, 0.924, 0.924, 0.924, 0.924, 0.924], "Dispersion coefficient C6": [22.534, 20.683, 22.474, 21.837, 19.992, 22.583, 22.538, 22.584, 2.556, 2.577, 2.612, 2.58, 2.599, 2.523, 2.592, 2.561, 2.565, 2.489, 2.581, 2.587, 2.556, 2.562, 2.543, 2.57, 2.551, 2.591], "Total dispersion C6": 4377.698711, "Total dispersion C8": 90683.026524, "Polarizability alpha": [6.769, 6.469, 6.76, 6.653, 6.356, 6.776, 6.769, 6.775, 2.5, 2.51, 2.528, 2.512, 2.521, 2.484, 2.518, 2.503, 2.504, 2.467, 2.512, 2.515, 2.5, 2.503, 2.494, 2.507, 2.498, 2.517], "Total polarizability alpha": 98.422867, "Wiberg matrix": [[0.0, 1.0060459717074202, 0.0, 0.0, 0.0, 0.0, 0.0, 0.0, 0.9873867966067711, 0.9864272615703822, 0.9869539908413956, 0.0, 0.0, 0.0, 0.0, 0.0, 0.0, 0.0, 0.0, 0.0, 0.0, 0.0, 0.0, 0.0, 0.0, 0.0], [1.0060459717074202, 0.0, 1.0105622568151458, 0.9951038716726112, 0.0, 0.0, 0.0, 0.0, 0.0, 0.0, 0.0, 0.9682460609289334, 0.0, 0.0, 0.0, 0.0, 0.0, 0.0, 0.0, 0.0, 0.0, 0.0, 0.0, 0.0, 0.0, 0.0], [0.0, 1.0105622568151458, 0.0, 0.0, 0.0, 0.0, 0.0, 0.0, 0.0, 0.0, 0.0, 0.0, 0.9849673488246856, 0.986678875202455, 0.9809818051771639, 0.0, 0.0, 0.0, 0.0, 0.0, 0.0, 0.0, 0.0, 0.0, 0.0, 0.0], [0.0, 0.9951038716726112, 0.0, 0.0, 0.9816159693801167, 0.0, 0.0, 0.0, 0.0, 0.0, 0.0, 0.0, 0.0, 0.0, 0.0, 0.9751780403167303, 0.9742172481321157, 0.0, 0.0, 0.0, 0.0, 0.0, 0.0, 0.0, 0.0, 0.0], [0.0, 0.0, 0.0, 0.9816159693801167, 0.0, 0.9994117348343802, 1.0004579777023537, 0.9948053894731363, 0.0, 0.0, 0.0, 0.0, 0.0, 0.0, 0.0, 0.0, 0.0, 0.0, 0.0, 0.0, 0.0, 0.0, 0.0, 0.0, 0.0, 0.0], [0.0, 0.0, 0.0, 0.0, 0.9994117348343802, 0.0, 0.0, 0.0, 0.0, 0.0, 0.0, 0.0, 0.0, 0.0, 0.0, 0.0, 0.0, 0.9803628249514886, 0.9859872213064617, 0.9854811291547394, 0.0, 0.0, 0.0, 0.0, 0.0, 0.0], [0.0, 0.0, 0.0, 0.0, 1.0004579777023537, 0.0, 0.0, 0.0, 0.0, 0.0, 0.0, 0.0, 0.0, 0.0, 0.0, 0.0, 0.0, 0.0, 0.0, 0.0, 0.9853431954498775, 0.9860711880044035, 0.9835397913512323, 0.0, 0.0, 0.0], [0.0, 0.0, 0.0, 0.0, 0.9948053894731363, 0.0, 0.0, 0.0, 0.0, 0.0, 0.0, 0.0, 0.0, 0.0, 0.0, 0.0, 0.0, 0.0, 0.0, 0.0, 0.0, 0.0, 0.0, 0.9869266605516067, 0.9856152104917983, 0.9861153611809564], [0.9873867966067711, 0.0, 0.0, 0.0, 0.0, 0.0, 0.0, 0.0, 0.0, 0.0, 0.0, 0.0, 0.0, 0.0, 0.0, 0.0, 0.0, 0.0, 0.0, 0.0, 0.0, 0.0, 0.0, 0.0, 0.0, 0.0], [0.9864272615703822, 0.0, 0.0, 0.0, 0.0, 0.0, 0.0, 0.0, 0.0, 0.0, 0.0, 0.0, 0.0, 0.0, 0.0, 0.0, 0.0, 0.0, 0.0, 0.0, 0.0, 0.0, 0.0, 0.0, 0.0, 0.0], [0.9869539908413956, 0.0, 0.0, 0.0, 0.0, 0.0, 0.0, 0.0, 0.0, 0.0, 0.0, 0.0, 0.0, 0.0, 0.0, 0.0, 0.0, 0.0, 0.0, 0.0, 0.0, 0.0, 0.0, 0.0, 0.0, 0.0], [0.0, 0.9682460609289334, 0.0, 0.0, 0.0, 0.0, 0.0, 0.0, 0.0, 0.0, 0.0, 0.0, 0.0, 0.0, 0.0, 0.0, 0.0, 0.0, 0.0, 0.0, 0.0, 0.0, 0.0, 0.0, 0.0, 0.0], [0.0, 0.0, 0.9849673488246856, 0.0, 0.0, 0.0, 0.0, 0.0, 0.0, 0.0, 0.0, 0.0, 0.0, 0.0, 0.0, 0.0, 0.0, 0.0, 0.0, 0.0, 0.0, 0.0, 0.0, 0.0, 0.0, 0.0], [0.0, 0.0, 0.986678875202455, 0.0, 0.0, 0.0, 0.0, 0.0, 0.0, 0.0, 0.0, 0.0, 0.0, 0.0, 0.0, 0.0, 0.0, 0.0, 0.0, 0.0, 0.0, 0.0, 0.0, 0.0, 0.0, 0.0], [0.0, 0.0, 0.9809818051771639, 0.0, 0.0, 0.0, 0.0, 0.0, 0.0, 0.0, 0.0, 0.0, 0.0, 0.0, 0.0, 0.0, 0.0, 0.0, 0.0, 0.0, 0.0, 0.0, 0.0, 0.0, 0.0, 0.0], [0.0, 0.0, 0.0, 0.9751780403167303, 0.0, 0.0, 0.0, 0.0, 0.0, 0.0, 0.0, 0.0, 0.0, 0.0, 0.0, 0.0, 0.0, 0.0, 0.0, 0.0, 0.0, 0.0, 0.0, 0.0, 0.0, 0.0], [0.0, 0.0, 0.0, 0.9742172481321157, 0.0, 0.0, 0.0, 0.0, 0.0, 0.0, 0.0, 0.0, 0.0, 0.0, 0.0, 0.0, 0.0, 0.0, 0.0, 0.0, 0.0, 0.0, 0.0, 0.0, 0.0, 0.0], [0.0, 0.0, 0.0, 0.0, 0.0, 0.9803628249514886, 0.0, 0.0, 0.0, 0.0, 0.0, 0.0, 0.0, 0.0, 0.0, 0.0, 0.0, 0.0, 0.0, 0.0, 0.0, 0.0, 0.0, 0.0, 0.0, 0.0], [0.0, 0.0, 0.0, 0.0, 0.0, 0.9859872213064617, 0.0, 0.0, 0.0, 0.0, 0.0, 0.0, 0.0, 0.0, 0.0, 0.0, 0.0, 0.0, 0.0, 0.0, 0.0, 0.0, 0.0, 0.0, 0.0, 0.0], [0.0, 0.0, 0.0, 0.0, 0.0, 0.9854811291547394, 0.0, 0.0, 0.0, 0.0, 0.0, 0.0, 0.0, 0.0, 0.0, 0.0, 0.0, 0.0, 0.0, 0.0, 0.0, 0.0, 0.0, 0.0, 0.0, 0.0], [0.0, 0.0, 0.0, 0.0, 0.0, 0.0, 0.9853431954498775, 0.0, 0.0, 0.0, 0.0, 0.0, 0.0, 0.0, 0.0, 0.0, 0.0, 0.0, 0.0, 0.0, 0.0, 0.0, 0.0, 0.0, 0.0, 0.0], [0.0, 0.0, 0.0, 0.0, 0.0, 0.0, 0.9860711880044035, 0.0, 0.0, 0.0, 0.0, 0.0, 0.0, 0.0, 0.0, 0.0, 0.0, 0.0, 0.0, 0.0, 0.0, 0.0, 0.0, 0.0, 0.0, 0.0], [0.0, 0.0, 0.0, 0.0, 0.0, 0.0, 0.9835397913512323, 0.0, 0.0, 0.0, 0.0, 0.0, 0.0, 0.0, 0.0, 0.0, 0.0, 0.0, 0.0, 0.0, 0.0, 0.0, 0.0, 0.0, 0.0, 0.0], [0.0, 0.0, 0.0, 0.0, 0.0, 0.0, 0.0, 0.9869266605516067, 0.0, 0.0, 0.0, 0.0, 0.0, 0.0, 0.0, 0.0, 0.0, 0.0, 0.0, 0.0, 0.0, 0.0, 0.0, 0.0, 0.0, 0.0], [0.0, 0.0, 0.0, 0.0, 0.0, 0.0, 0.0, 0.9856152104917983, 0.0, 0.0, 0.0, 0.0, 0.0, 0.0, 0.0, 0.0, 0.0, 0.0, 0.0, 0.0, 0.0, 0.0, 0.0, 0.0, 0.0, 0.0], [0.0, 0.0, 0.0, 0.0, 0.0, 0.0, 0.0, 0.9861153611809564, 0.0, 0.0, 0.0, 0.0, 0.0, 0.0, 0.0, 0.0, 0.0, 0.0, 0.0, 0.0, 0.0, 0.0, 0.0, 0.0, 0.0, 0.0]], "Born radii": [], "Atomic SASAs": [], "Solvent H bonds": [], "Total SASA": NaN, "Total FOD": 0.0, "FOD": [0.0, 0.0, 0.0, 0.0, 0.0, 0.0, 0.0, 0.0, 0.0, 0.0, 0.0, 0.0, 0.0, 0.0, 0.0, 0.0, 0.0, 0.0, 0.0, 0.0, 0.0, 0.0, 0.0, 0.0, 0.0, 0.0], "FOD s proportion": [0.0, 0.0, 0.0, 0.0, 0.0, 0.0, 0.0, 0.0, 0.0, 0.0, 0.0, 0.0, 0.0, 0.0, 0.0, 0.0, 0.0, 0.0, 0.0, 0.0, 0.0, 0.0, 0.0, 0.0, 0.0, 0.0], "FOD p proportion": [0.0, 0.0, 0.0, 0.0, 0.0, 0.0, 0.0, 0.0, 0.0, 0.0, 0.0, 0.0, 0.0, 0.0, 0.0, 0.0, 0.0, 0.0, 0.0, 0.0, 0.0, 0.0, 0.0, 0.0, 0.0, 0.0], "FOD d proportion": [0.0, 0.0, 0.0, 0.0, 0.0, 0.0, 0.0, 0.0, 0.0, 0.0, 0.0, 0.0, 0.0, 0.0, 0.0, 0.0, 0.0, 0.0, 0.0, 0.0, 0.0, 0.0, 0.0, 0.0, 0.0, 0.0], "coordinates": [["2.58840", "1.21450", "0.06630"], ["1.37400", "0.38630", "0.51020"], ["1.81220", "-1.05960", "0.72700"], ["0.24190", "0.55690", "-0.52880"], ["-1.15530", "-0.06990", "-0.24860"], ["-1.18920", "-1.57280", "-0.57660"], ["-1.60690", "0.15400", "1.20200"], ["-2.17400", "0.62240", "-1.18350"], ["2.98680", "0.85450", "-0.88860"], ["3.39040", "1.16110", "0.81040"], ["2.31960", "2.26950", "-0.05310"], ["1.04470", "0.79590", "1.47250"], ["2.74330", "-1.10500", "1.30300"], ["1.98090", "-1.57400", "-0.22450"], ["1.06810", "-1.61610", "1.30150"], ["0.59880", "0.20320", "-1.50630"], ["0.09630", "1.64040", "-0.65010"], ["-0.60300", "-2.16920", "0.12430"], ["-0.80840", "-1.76690", "-1.58550"], ["-2.21430", "-1.95980", "-0.53290"], ["-2.63670", "-0.19040", "1.35200"], ["-1.57120", "1.21660", "1.46650"], ["-0.97870", "-0.39280", "1.91230"], ["-1.89480", "0.49410", "-2.23550"], ["-3.18070", "0.20900", "-1.05290"], ["-2.23230", "1.69800", "-0.98090"]], "bond_dist": [[0.0, 1.5354900878872515, 2.492095852891698, 2.50851430532098, 3.970407417381748, 4.7384199328468135, 4.4738145725990925, 4.959136639577498, 1.0955165767801052, 1.0953266042601175, 1.0952327606495342, 2.1297028172963475, 2.633154220701856, 2.868684914730093, 3.4422852133430197, 2.7302576087248616, 2.62777133327845, 4.651647412476573, 4.812009916864262, 5.788017658922612, 5.561334238292102, 4.38894481737923, 4.326122016309757, 5.09080952698095, 5.962059518320829, 4.956767957046205], [1.5354900878872515, 0.0, 1.526318541458499, 1.546051671193431, 2.6797862545359843, 3.4042915988498987, 3.068927392428827, 3.9386123063840643, 2.1856295477504872, 2.1808952381992124, 2.181263049244634, 1.0964633783214104, 2.17427919550365, 2.1796531352488175, 2.174703717750995, 2.1681173630594817, 2.1334432708651994, 3.2539250237213517, 3.713636827962584, 4.412271490966983, 4.138468873871109, 3.2059492853131655, 2.8474687899957747, 4.270309446632645, 4.818714454084201, 4.1169571032499235], [2.492095852891698, 1.526318541458499, 0.0, 2.5799123977375666, 3.276790762316081, 3.3122725069051913, 3.659056540967904, 4.7295797582871995, 2.7665189914403263, 2.7256520852816117, 3.456720639565772, 2.1418932629802074, 1.0958030708115396, 1.0947233897199784, 1.0924409869645133, 2.838068408266439, 3.482917917493894, 2.7253716242010007, 3.5658763158584175, 4.313978476997771, 4.575898256080438, 4.144314448735762, 3.1046225438851667, 4.993219296205605, 5.450361490763708, 5.184521233440943], [2.50851430532098, 1.546051671193431, 2.5799123977375666, 0.0, 1.5567781216345506, 2.5663113879652246, 2.5643826723014644, 2.503895994245767, 2.7843307651929576, 3.4744159984089413, 2.734250635914711, 2.1695185018800833, 3.5177272222274425, 2.767210563003835, 2.9588060987499674, 1.0990848693344841, 1.0999478624007595, 2.927800681398923, 2.7603969678290836, 3.5166339218064766, 3.518835587236209, 2.7755644092688607, 2.889768790059163, 2.7353712033287185, 3.4799290193910566, 2.7619140573160488], [3.970407417381748, 2.6797862545359843, 3.276790762316081, 1.5567781216345506, 0.0, 1.5386492842750097, 1.5356803475984184, 1.5463075340953363, 4.291981799821617, 4.827031229441135, 4.193559659764005, 2.9243452002114934, 4.32180246309338, 3.478311093045014, 3.1204249726599738, 2.1756055961501843, 2.1570421646319295, 2.2025326762615807, 2.1880242731743174, 2.1849552626999027, 2.184258814792789, 2.1839466728837498, 2.1920175136161664, 2.1937930303472113, 2.1970272779371673, 2.1958284769079754], [4.7384199328468135, 3.4042915988498987, 3.3122725069051913, 2.5663113879652246, 1.5386492842750097, 0.0, 2.5139072158693527, 2.481342719174439, 4.84025880403104, 5.510963107298034, 5.2296270402391025, 3.8470585789665335, 4.383638813816668, 3.189593996106715, 2.9367563382071724, 2.6861612181698997, 3.461584426241833, 1.0911389508215716, 1.0957019028914752, 1.0965895768244383, 2.779529451184139, 3.4786396723431987, 2.762486825307951, 2.7426075512183656, 2.714359073519935, 3.4568263971452193], [4.4738145725990925, 3.068927392428827, 3.659056540967904, 2.5643826723014644, 1.5356803475984184, 2.5139072158693527, 0.0, 2.496319534835234, 5.09542817631649, 5.112788696983281, 4.633359311557868, 2.7415667819697553, 4.52984790473146, 4.230034880470845, 3.2091711172824673, 3.4931965332629082, 2.9224218740626755, 2.750729128794764, 3.478162634207894, 2.8012431543869947, 1.0961748948046564, 1.0956064530660632, 1.0946011008582077, 3.4662603292309133, 2.7503536954362797, 2.745926723348604], [4.959136639577498, 3.9386123063840643, 4.7295797582871995, 2.503895994245767, 1.5463075340953363, 2.481342719174439, 2.496319534835234, 0.0, 5.174426833959488, 5.935350222185713, 4.917640036643593, 4.176657508103818, 5.774636984261435, 4.796566268696806, 4.658038177172875, 2.8228263000050147, 2.544622103574517, 3.459972890067204, 2.781226680801117, 2.6632050784721777, 2.702497988898419, 2.7818953035655385, 3.470353118920321, 1.0959550766340744, 1.096084307888768, 1.096066152200678], [1.0955165767801052, 2.1856295477504872, 2.7665189914403263, 2.7843307651929576, 4.291981799821617, 4.84025880403104, 5.09542817631649, 5.174426833959488, 0.0, 1.7729911223692012, 1.7735391425057412, 3.0577736312552637, 2.949922551525717, 2.7111761045715936, 3.8186138925007853, 2.5511348415950104, 3.004914526238642, 4.801603080222271, 4.664863407432205, 5.92437745168216, 6.142951783955333, 5.1432457086940735, 5.012583001806553, 5.076814584953838, 6.2033636835188055, 5.287628613093019], [1.0953266042601175, 2.1808952381992124, 2.7256520852816117, 3.4744159984089413, 4.827031229441135, 5.510963107298034, 5.112788696983281, 5.935350222185713, 1.7729911223692012, 0.0, 1.7665773263573832, 2.464559989125848, 2.407613419965921, 3.246302553675489, 3.6533678079273653, 3.7520263671781415, 3.635090583465562, 5.2448903572906085, 5.651852992603399, 6.554169191438378, 6.20046911289783, 5.005099601406549, 4.766321813516163, 6.136426879707766, 6.896211750664272, 5.925518761256266], [1.0952327606495342, 2.181263049244634, 3.456720639565772, 2.734250635914711, 4.193559659764005, 5.2296270402391025, 4.633359311557868, 4.917640036643593, 1.7735391425057412, 1.7665773263573832, 0.0, 2.474736820350802, 3.661390330188793, 3.862199878307698, 4.301055773876921, 3.0565566525094865, 2.386469924386226, 5.317435397821021, 5.331524990094297, 6.218796968867854, 5.708793542422076, 4.307680026417932, 4.67219662899583, 5.067157218796353, 5.958066832454969, 4.680514790063161], [2.1297028172963475, 1.0964633783214104, 2.1418932629802074, 2.1695185018800833, 2.9243452002114934, 3.8470585789665335, 2.7415667819697553, 4.176657508103818, 3.0577736312552637, 2.464559989125848, 2.474736820350802, 0.0, 2.5548763218598274, 3.0614874571031647, 2.4181671902496733, 3.0697507292938297, 2.473473988138949, 3.650257051222557, 4.3992371440966895, 4.715569175613905, 3.8131370156342403, 2.6495202018478743, 2.3875885931206824, 4.741414081263099, 4.957428963686721, 4.1918593690628505], [2.633154220701856, 2.17427919550365, 1.0958030708115396, 3.5177272222274425, 4.32180246309338, 4.383638813816668, 4.52984790473146, 5.774636984261435, 2.949922551525717, 2.407613419965921, 3.661390330188793, 2.5548763218598274, 0.0, 1.7704437325145352, 1.7514338411712846, 3.768611678058645, 4.2846738230581805, 3.7039950080959883, 4.625593664601334, 5.355278667819258, 5.457407274521483, 4.902190230906997, 3.838197406335427, 6.048973026059878, 6.509273139913549, 6.150577498902034], [2.868684914730093, 2.1796531352488175, 1.0947233897199784, 2.767210563003835, 3.478311093045014, 3.189593996106715, 4.230034880470845, 4.796566268696806, 2.7111761045715936, 3.246302553675489, 3.862199878307698, 3.0614874571031647, 1.7704437325145352, 0.0, 1.7786658623811276, 2.5906855251072063, 3.750362633132962, 2.6744090356562884, 3.1096182884720753, 4.224175095802729, 5.07167930472738, 4.823312530823604, 3.8367147196527394, 4.831377557177663, 5.523354969581441, 5.387873346692553], [3.4422852133430197, 2.174703717750995, 1.0924409869645133, 2.9588060987499674, 3.1204249726599738, 2.9367563382071724, 3.2091711172824673, 4.658038177172875, 3.8186138925007853, 3.6533678079273653, 4.301055773876921, 2.4181671902496733, 1.7514338411712846, 1.7786658623811276, 0.0, 3.3784368900424946, 3.9189195003214854, 2.117615323896198, 3.4465579771708468, 3.775884374553861, 3.9699765465302184, 3.8752185460951747, 2.4614893398103517, 5.073666273021907, 5.1890741765752395, 5.2043490207709935], [2.7302576087248616, 2.1681173630594817, 2.838068408266439, 1.0990848693344841, 2.1756055961501843, 2.6861612181698997, 3.4931965332629082, 2.8228263000050147, 2.5511348415950104, 3.7520263671781415, 3.0565566525094865, 3.0697507292938297, 3.768611678058645, 2.5906855251072063, 3.3784368900424946, 0.0, 1.7467479869746523, 3.1195290285554322, 2.422349786880499, 3.679620655719826, 4.335119387052679, 3.8175148198795505, 3.811895618980142, 2.6142678535299324, 3.806602875268183, 3.2443180192453394], [2.62777133327845, 2.1334432708651994, 3.482917917493894, 1.0999478624007595, 2.1570421646319295, 3.461584426241833, 2.9224218740626755, 2.544622103574517, 3.004914526238642, 3.635090583465562, 2.386469924386226, 2.473473988138949, 4.2846738230581805, 3.750362633132962, 3.9189195003214854, 1.7467479869746523, 0.0, 3.9499073419512007, 3.6473481517398363, 4.279491586625682, 3.8509118465630965, 2.7276653478753583, 3.4431701962000076, 2.7914111234284356, 3.598594558991051, 2.352684500735277], [4.651647412476573, 3.2539250237213517, 2.7253716242010007, 2.927800681398923, 2.2025326762615807, 1.0911389508215716, 2.750729128794764, 3.459972890067204, 4.801603080222271, 5.2448903572906085, 5.317435397821021, 3.650257051222557, 3.7039950080959883, 2.6744090356562884, 2.117615323896198, 3.1195290285554322, 3.9499073419512007, 0.0, 1.768459920382704, 1.752725845647288, 3.091736149803214, 3.7686275645120464, 2.5482722480143285, 3.7855739551618854, 3.6994827165429496, 4.339507042280264], [4.812009916864262, 3.713636827962584, 3.5658763158584175, 2.7603969678290836, 2.1880242731743174, 1.0957019028914752, 3.478162634207894, 2.781226680801117, 4.664863407432205, 5.651852992603399, 5.331524990094297, 4.3992371440966895, 4.625593664601334, 3.1096182884720753, 3.4465579771708468, 2.422349786880499, 3.6473481517398363, 1.768459920382704, 0.0, 1.7668423755389162, 3.8022282138240993, 4.335647597533729, 3.761882207087298, 2.591309699746443, 3.132993913176341, 3.7945440279432785], [5.788017658922612, 4.412271490966983, 4.313978476997771, 3.5166339218064766, 2.1849552626999027, 1.0965895768244383, 2.8012431543869947, 2.6632050784721777, 5.92437745168216, 6.554169191438378, 6.218796968867854, 4.715569175613905, 5.355278667819258, 4.224175095802729, 3.775884374553861, 3.679620655719826, 4.279491586625682, 1.752725845647288, 1.7668423755389162, 0.0, 2.6195507496515504, 3.807977800618066, 3.1561367841080656, 3.003756351637063, 2.4306423842268527, 3.6851769075581706], [5.561334238292102, 4.138468873871109, 4.575898256080438, 3.518835587236209, 2.184258814792789, 2.779529451184139, 1.0961748948046564, 2.702497988898419, 6.142951783955333, 6.20046911289783, 5.708793542422076, 3.8131370156342403, 5.457407274521483, 5.07167930472738, 3.9699765465302184, 4.335119387052679, 3.8509118465630965, 3.091736149803214, 3.8022282138240993, 2.6195507496515504, 0.0, 1.7686292714981282, 1.7617791717465614, 3.7268099106340267, 2.497799105212427, 3.0285336930600586], [4.38894481737923, 3.2059492853131655, 4.144314448735762, 2.7755644092688607, 2.1839466728837498, 3.4786396723431987, 1.0956064530660632, 2.7818953035655385, 5.1432457086940735, 5.005099601406549, 4.307680026417932, 2.6495202018478743, 4.902190230906997, 4.823312530823604, 3.8752185460951747, 3.8175148198795505, 2.7276653478753583, 3.7686275645120464, 4.335647597533729, 3.807977800618066, 1.7686292714981282, 0.0, 1.7719938628561895, 3.7857003592466216, 3.1548572661849534, 2.5804197197355316], [4.326122016309757, 2.8474687899957747, 3.1046225438851667, 2.889768790059163, 2.1920175136161664, 2.762486825307951, 1.0946011008582077, 3.470353118920321, 5.012583001806553, 4.766321813516163, 4.67219662899583, 2.3875885931206824, 3.838197406335427, 3.8367147196527394, 2.4614893398103517, 3.811895618980142, 3.4431701962000076, 2.5482722480143285, 3.761882207087298, 3.1561367841080656, 1.7617791717465614, 1.7719938628561895, 0.0, 4.339363508626582, 3.742108801197528, 3.7833270860447685], [5.09080952698095, 4.270309446632645, 4.993219296205605, 2.7353712033287185, 2.1937930303472113, 2.7426075512183656, 3.4662603292309133, 1.0959550766340744, 5.076814584953838, 6.136426879707766, 5.067157218796353, 4.741414081263099, 6.048973026059878, 4.831377557177663, 5.073666273021907, 2.6142678535299324, 2.7914111234284356, 3.7855739551618854, 2.591309699746443, 3.003756351637063, 3.7268099106340267, 3.7857003592466216, 4.339363508626582, 0.0, 1.7701309499582227, 1.7712432413420804], [5.962059518320829, 4.818714454084201, 5.450361490763708, 3.4799290193910566, 2.1970272779371673, 2.714359073519935, 2.7503536954362797, 1.096084307888768, 6.2033636835188055, 6.896211750664272, 5.958066832454969, 4.957428963686721, 6.509273139913549, 5.523354969581441, 5.1890741765752395, 3.806602875268183, 3.598594558991051, 3.6994827165429496, 3.132993913176341, 2.4306423842268527, 2.497799105212427, 3.1548572661849534, 3.742108801197528, 1.7701309499582227, 0.0, 1.7668524443201248], [4.956767957046205, 4.1169571032499235, 5.184521233440943, 2.7619140573160488, 2.1958284769079754, 3.4568263971452193, 2.745926723348604, 1.096066152200678, 5.287628613093019, 5.925518761256266, 4.680514790063161, 4.1918593690628505, 6.150577498902034, 5.387873346692553, 5.2043490207709935, 3.2443180192453394, 2.352684500735277, 4.339507042280264, 3.7945440279432785, 3.6851769075581706, 3.0285336930600586, 2.5804197197355316, 3.7833270860447685, 1.7712432413420804, 1.7668524443201248, 0.0]]}