{"total energy": -25.37824239, "HOMO-LUMO gap/eV": 4.6043768, "electronic energy": -25.81295155, "dipole": [0.19916177, 0.00579263, -0.02697157], "partial charges": [-0.0998046, -0.04522553, -0.0613773, 0.0120667, -0.03812818, -0.03139267, -0.03363368, -0.03137821, -0.03813846, 0.03254633, 0.03324423, 0.03324738, 0.03031478, 0.03032278, 0.03494897, 0.0349264, 0.02817915, 0.02728615, 0.0265323, 0.02728521, 0.02817823], "atomic dipole moments": [[-0.09826857, 0.00862913, 0.02845183], [0.03083687, -0.06341788, -0.08899689], [-0.00545594, 0.06468041, 0.0862444], [0.08477633, -0.0075886, -0.02470825], [0.00392319, 0.00269726, -0.00327261], [-0.00268946, -0.00189445, 0.00120016], [-0.00062323, -0.0004923, -0.00056846], [-0.00308193, 0.00116412, -0.00111416], [0.00465266, -0.00312496, 0.00117593], [0.07254644, 0.06761761, 0.07661962], [0.01849785, 0.04255756, -0.11713734], [0.03982339, -0.11939467, 0.00563695], [-0.02929457, 0.12134678, 0.00112762], [-0.00870676, -0.0348602, 0.11955231], [0.0117405, 0.03151696, -0.12070428], [0.031839, -0.12110515, -0.00503097], [0.08132091, -0.11140652, 0.06179551], [-0.05833573, -0.09633549, 0.09984825], [-0.14363847, 0.01342034, 0.04265084], [-0.08547239, 0.11011879, -0.05668343], [0.05336722, 0.1008537, -0.09911701]], "atomic quadrupole moments": [[0.21082953, -0.02238727, -0.11963126, -0.0887999, 0.01796669, -0.09119827], [0.20427432, 0.07499151, -0.12917479, 0.02330749, 0.12119628, -0.07509953], [0.16768713, 0.06967526, -0.10064513, 0.03235153, 0.08623191, -0.06704199], [-0.03761153, 0.11128679, -0.07196719, 0.08865732, 0.37698559, 0.10957872], [-0.18417022, 0.11919426, 0.01905954, 0.15482843, 0.3545383, 0.16511068], [-0.20555219, 0.13023117, 0.02788417, 0.16472474, 0.35688983, 0.17766803], [-0.20008546, 0.1295778, 0.02392046, 0.16062782, 0.35139898, 0.17616499], [-0.20613466, 0.13290679, 0.02394309, 0.16320787, 0.35538078, 0.18219157], [-0.18715908, 0.13129981, 0.0115044, 0.14691621, 0.35041735, 0.17565468], [0.00302684, 0.0344977, -0.01064637, 0.03553787, 0.0516589, 0.00761953], [-0.02986516, -0.00554791, -0.03461427, -0.00644883, -0.0428552, 0.06447943], [-0.02695872, -0.02382285, 0.07476482, -0.00780173, -0.01023629, -0.0478061], [-0.01183334, -0.02054198, 0.04800022, 0.00708694, -0.01355325, -0.03616689], [-0.01839735, 0.00884328, -0.01938129, -0.00542473, -0.03680928, 0.03777865], [-0.02052199, 0.00430706, -0.01825245, -0.00314414, -0.04205135, 0.03877443], [-0.01560887, -0.01895968, 0.05255852, 0.00439391, -0.01893744, -0.03694965], [0.03137069, -0.01684816, -0.00680825, -0.02373229, -0.04276191, -0.02456244], [0.03015529, -0.02138027, -0.00408907, -0.0195327, -0.04508115, -0.02606622], [0.02233607, -0.01713632, -4.394e-05, -0.01956196, -0.04972548, -0.02229213], [0.02811004, -0.01342942, -0.00541988, -0.0252213, -0.04682828, -0.02269016], [0.03159967, -0.01766385, -0.00703522, -0.02310212, -0.04267738, -0.02456445]], "number of molecular orbitals": 48, "number of electrons": 48, "number of unpaired electrons": 0, "orbital energies/eV": [-17.31962779, -16.95436621, -16.57546925, -16.47424549, -15.98991937, -15.39345269, -15.32398893, -15.0714945, -14.21006795, -13.946559, -13.50975376, -13.35203667, -13.26917458, -13.07464553, -12.8423309, -12.59709526, -12.34540605, -12.27059105, -12.00628092, -11.62145933, -11.30897001, -11.29943024, -10.78623998, -10.5812958, -5.97691899, -5.94550618, -2.57127382, 2.21815232, 3.06059233, 3.23130775, 3.52914082, 3.73881142, 4.16224076, 4.4851893, 4.57435545, 4.78146032, 5.01743245, 5.06458924, 5.95155366, 6.41564458, 6.96049453, 7.70372588, 10.56609246, 10.84041538, 11.641829, 12.01658789, 16.50053515, 17.34346707], "fractional occupation": [2.0, 2.0, 2.0, 2.0, 2.0, 2.0, 2.0, 2.0, 2.0, 2.0, 2.0, 2.0, 2.0, 2.0, 2.0, 2.0, 2.0, 2.0, 2.0, 2.0, 2.0, 2.0, 2.0, 2.0, 0.0, 0.0, 0.0, 0.0, 0.0, 0.0, 0.0, 0.0, 0.0, 0.0, 0.0, 0.0, 0.0, 0.0, 0.0, 0.0, 0.0, 0.0, 0.0, 0.0, 0.0, 0.0, 0.0, 0.0], "program call": "xtb /home/svss/Project-DBcg-Debug/aqme2_20220329/End-to-End-workflows-final/example-3/QDESCP/mol_1080_rdkit_conf_1/mol_1080_rdkit_conf_1.xyz --pop --wbo --acc 0.2 --gfn 2 --chrg 0 --uhf 0 --etemp 300 --input /home/svss/Project-DBcg-Debug/aqme2_20220329/End-to-End-workflows-final/example-3/QDESCP/mol_1080_rdkit_conf_1/mol_1080_rdkit_conf_1_xtb.inp", "method": "GFN2-xTB", "xtb version": "6.3.3 (7355c4f)", "Dipole module/D": 0.511, "Total charge": 0, "Transition dipole module/D": NaN, "HOMO": -10.5813, "LUMO": -5.9769, "HOMO occupancy": 2.0, "LUMO occupancy": 0, "mulliken charges": [-0.08418, -0.0329, -0.04927, 0.00848, -0.042, -0.02699, -0.03373, -0.02697, -0.04202, 0.02973, 0.0274, 0.0274, 0.02386, 0.02386, 0.0286, 0.02858, 0.02823, 0.02796, 0.02778, 0.02796, 0.02823], "cm5 charges": [-0.23445, -0.14381, -0.15294, -0.00729, -0.09538, -0.08235, -0.08912, -0.08234, -0.09539, 0.08052, 0.07869, 0.07869, 0.07883, 0.07884, 0.08435, 0.08432, 0.08446, 0.08337, 0.08318, 0.08337, 0.08446], "FUKUI+": [0.013, 0.002, 0.018, -0.083, -0.054, -0.056, -0.061, -0.056, -0.054, -0.029, -0.019, -0.019, -0.014, -0.014, -0.046, -0.046, -0.096, -0.097, -0.099, -0.097, -0.096], "FUKUI-": [0.017, -0.006, 0.003, -0.056, -0.031, -0.032, -0.061, -0.032, -0.031, -0.079, -0.056, -0.056, -0.056, -0.056, -0.062, -0.062, -0.062, -0.07, -0.078, -0.07, -0.062], "FUKUIrad": [0.015, -0.002, 0.01, -0.069, -0.042, -0.044, -0.061, -0.044, -0.042, -0.054, -0.037, -0.037, -0.035, -0.035, -0.054, -0.054, -0.079, -0.084, -0.088, -0.084, -0.079], "s proportion": [1.008, 1.027, 1.031, 1.089, 1.062, 1.06, 1.059, 1.06, 1.062, 0.97, 0.973, 0.973, 0.976, 0.976, 0.971, 0.971, 0.972, 0.972, 0.972, 0.972, 0.972], "p proportion": [3.076, 3.006, 3.018, 2.902, 2.98, 2.967, 2.975, 2.967, 2.98, 0.0, 0.0, 0.0, 0.0, 0.0, 0.0, 0.0, 0.0, 0.0, 0.0, 0.0, 0.0], "d proportion": [0.0, 0.0, 0.0, 0.0, 0.0, 0.0, 0.0, 0.0, 0.0, 0.0, 0.0, 0.0, 0.0, 0.0, 0.0, 0.0, 0.0, 0.0, 0.0, 0.0, 0.0], "Fermi-level/eV": -8.2791, "Coordination numbers": [3.75, 3.801, 3.806, 2.963, 2.915, 2.911, 2.912, 2.911, 2.915, 0.924, 0.924, 0.924, 0.924, 0.924, 0.924, 0.924, 0.925, 0.925, 0.925, 0.925, 0.925], "Dispersion coefficient C6": [22.469, 21.384, 21.675, 27.743, 28.948, 28.783, 28.838, 28.782, 28.948, 2.551, 2.541, 2.541, 2.582, 2.582, 2.517, 2.518, 2.612, 2.625, 2.636, 2.625, 2.612], "Total dispersion C6": 4269.50885, "Total dispersion C8": 99100.844496, "Polarizability alpha": [6.76, 6.584, 6.628, 8.64, 8.823, 8.797, 8.806, 8.797, 8.823, 2.498, 2.493, 2.493, 2.513, 2.513, 2.481, 2.481, 2.528, 2.534, 2.539, 2.534, 2.528], "Total polarizability alpha": 102.790351, "Wiberg matrix": [[0.0, 1.0190993503824324, 0.0, 0.0, 0.0, 0.0, 0.0, 0.0, 0.0, 0.9867586943889186, 0.9875845374146539, 0.9875833079341176, 0.0, 0.0, 0.0, 0.0, 0.0, 0.0, 0.0, 0.0, 0.0], [1.0190993503824324, 0.0, 0.9917548963067601, 0.0, 0.0, 0.0, 0.0, 0.0, 0.0, 0.0, 0.0, 0.0, 0.9780509893337064, 0.9780536994186504, 0.0, 0.0, 0.0, 0.0, 0.0, 0.0, 0.0], [0.0, 0.9917548963067601, 0.0, 1.0107962065425924, 0.0, 0.0, 0.0, 0.0, 0.0, 0.0, 0.0, 0.0, 0.0, 0.0, 0.9724352309485937, 0.972430052152599, 0.0, 0.0, 0.0, 0.0, 0.0], [0.0, 0.0, 1.0107962065425924, 0.0, 1.4121818368914028, 0.0, 0.10923133638706452, 0.0, 1.4122237176650136, 0.0, 0.0, 0.0, 0.0, 0.0, 0.0, 0.0, 0.0, 0.0, 0.0, 0.0, 0.0], [0.0, 0.0, 0.0, 1.4121818368914028, 0.0, 1.444123494578794, 0.0, 0.1113011627998515, 0.0, 0.0, 0.0, 0.0, 0.0, 0.0, 0.0, 0.0, 0.9699780585650437, 0.0, 0.0, 0.0, 0.0], [0.0, 0.0, 0.0, 0.0, 1.444123494578794, 0.0, 1.4382072981449479, 0.0, 0.11135723057869126, 0.0, 0.0, 0.0, 0.0, 0.0, 0.0, 0.0, 0.0, 0.9715719703698908, 0.0, 0.0, 0.0], [0.0, 0.0, 0.0, 0.10923133638706452, 0.0, 1.4382072981449479, 0.0, 1.4384083803306023, 0.0, 0.0, 0.0, 0.0, 0.0, 0.0, 0.0, 0.0, 0.0, 0.0, 0.9716876233748477, 0.0, 0.0], [0.0, 0.0, 0.0, 0.0, 0.1113011627998515, 0.0, 1.4384083803306023, 0.0, 1.4440077944483034, 0.0, 0.0, 0.0, 0.0, 0.0, 0.0, 0.0, 0.0, 0.0, 0.0, 0.9715632832039777, 0.0], [0.0, 0.0, 0.0, 1.4122237176650136, 0.0, 0.11135723057869126, 0.0, 1.4440077944483034, 0.0, 0.0, 0.0, 0.0, 0.0, 0.0, 0.0, 0.0, 0.0, 0.0, 0.0, 0.0, 0.9699827865836081], [0.9867586943889186, 0.0, 0.0, 0.0, 0.0, 0.0, 0.0, 0.0, 0.0, 0.0, 0.0, 0.0, 0.0, 0.0, 0.0, 0.0, 0.0, 0.0, 0.0, 0.0, 0.0], [0.9875845374146539, 0.0, 0.0, 0.0, 0.0, 0.0, 0.0, 0.0, 0.0, 0.0, 0.0, 0.0, 0.0, 0.0, 0.0, 0.0, 0.0, 0.0, 0.0, 0.0, 0.0], [0.9875833079341176, 0.0, 0.0, 0.0, 0.0, 0.0, 0.0, 0.0, 0.0, 0.0, 0.0, 0.0, 0.0, 0.0, 0.0, 0.0, 0.0, 0.0, 0.0, 0.0, 0.0], [0.0, 0.9780509893337064, 0.0, 0.0, 0.0, 0.0, 0.0, 0.0, 0.0, 0.0, 0.0, 0.0, 0.0, 0.0, 0.0, 0.0, 0.0, 0.0, 0.0, 0.0, 0.0], [0.0, 0.9780536994186504, 0.0, 0.0, 0.0, 0.0, 0.0, 0.0, 0.0, 0.0, 0.0, 0.0, 0.0, 0.0, 0.0, 0.0, 0.0, 0.0, 0.0, 0.0, 0.0], [0.0, 0.0, 0.9724352309485937, 0.0, 0.0, 0.0, 0.0, 0.0, 0.0, 0.0, 0.0, 0.0, 0.0, 0.0, 0.0, 0.0, 0.0, 0.0, 0.0, 0.0, 0.0], [0.0, 0.0, 0.972430052152599, 0.0, 0.0, 0.0, 0.0, 0.0, 0.0, 0.0, 0.0, 0.0, 0.0, 0.0, 0.0, 0.0, 0.0, 0.0, 0.0, 0.0, 0.0], [0.0, 0.0, 0.0, 0.0, 0.9699780585650437, 0.0, 0.0, 0.0, 0.0, 0.0, 0.0, 0.0, 0.0, 0.0, 0.0, 0.0, 0.0, 0.0, 0.0, 0.0, 0.0], [0.0, 0.0, 0.0, 0.0, 0.0, 0.9715719703698908, 0.0, 0.0, 0.0, 0.0, 0.0, 0.0, 0.0, 0.0, 0.0, 0.0, 0.0, 0.0, 0.0, 0.0, 0.0], [0.0, 0.0, 0.0, 0.0, 0.0, 0.0, 0.9716876233748477, 0.0, 0.0, 0.0, 0.0, 0.0, 0.0, 0.0, 0.0, 0.0, 0.0, 0.0, 0.0, 0.0, 0.0], [0.0, 0.0, 0.0, 0.0, 0.0, 0.0, 0.0, 0.9715632832039777, 0.0, 0.0, 0.0, 0.0, 0.0, 0.0, 0.0, 0.0, 0.0, 0.0, 0.0, 0.0, 0.0], [0.0, 0.0, 0.0, 0.0, 0.0, 0.0, 0.0, 0.0, 0.9699827865836081, 0.0, 0.0, 0.0, 0.0, 0.0, 0.0, 0.0, 0.0, 0.0, 0.0, 0.0, 0.0]], "Born radii": [], "Atomic SASAs": [], "Solvent H bonds": [], "Total SASA": NaN, "Total FOD": 0.0, "FOD": [0.0, 0.0, 0.0, 0.0, 0.0, 0.0, 0.0, 0.0, 0.0, 0.0, 0.0, 0.0, 0.0, 0.0, 0.0, 0.0, 0.0, 0.0, 0.0, 0.0, 0.0], "FOD s proportion": [0.0, 0.0, 0.0, 0.0, 0.0, 0.0, 0.0, 0.0, 0.0, 0.0, 0.0, 0.0, 0.0, 0.0, 0.0, 0.0, 0.0, 0.0, 0.0, 0.0, 0.0], "FOD p proportion": [0.0, 0.0, 0.0, 0.0, 0.0, 0.0, 0.0, 0.0, 0.0, 0.0, 0.0, 0.0, 0.0, 0.0, 0.0, 0.0, 0.0, 0.0, 0.0, 0.0, 0.0], "FOD d proportion": [0.0, 0.0, 0.0, 0.0, 0.0, 0.0, 0.0, 0.0, 0.0, 0.0, 0.0, 0.0, 0.0, 0.0, 0.0, 0.0, 0.0, 0.0, 0.0, 0.0, 0.0], "coordinates": [["3.31140", "0.30250", "0.00670"], ["1.85580", "0.42970", "0.42730"], ["0.93770", "-0.38340", "-0.48600"], ["-0.50810", "-0.26160", "-0.07420"], ["-1.05960", "-1.15270", "0.85590"], ["-2.39330", "-1.02930", "1.24880"], ["-3.18580", "-0.01230", "0.71960"], ["-2.64510", "0.88330", "-0.20100"], ["-1.31160", "0.76140", "-0.59500"], ["3.95100", "0.89090", "0.67190"], ["3.45760", "0.66690", "-1.01520"], ["3.64280", "-0.73990", "0.05120"], ["1.56760", "1.48780", "0.40760"], ["1.75140", "0.09210", "1.46560"], ["1.04880", "-0.05230", "-1.52640"], ["1.23160", "-1.44080", "-0.47400"], ["-0.45180", "-1.94830", "1.28060"], ["-2.81330", "-1.72610", "1.96920"], ["-4.22390", "0.08350", "1.02630"], ["-3.26140", "1.67850", "-0.61170"], ["-0.90190", "1.47030", "-1.31080"]], "bond_dist": [[0.0, 1.5204787272434956, 2.51945704269789, 3.861778588940593, 4.684483822151593, 5.9883307974760385, 6.5437705713143695, 5.98835204208971, 4.684523572360374, 1.094437645551358, 1.0947334881148014, 1.0947163879288553, 2.146274758738964, 2.146219320106871, 2.7560183979792297, 2.756036179007815, 4.566245294549998, 6.743780416057451, 7.6071210881646945, 6.743700349214813, 4.566339888794964], [1.5204787272434956, 0.0, 1.5291030410014885, 2.5134480599367874, 3.344733902719318, 4.567099085853076, 5.0693721356791315, 4.567123236787026, 3.34477875800478, 2.1592585857187183, 2.1686016992523083, 2.168590410842951, 1.0968240241716078, 1.096786218914151, 2.1680675012554382, 2.1681184423365805, 3.4216987959199447, 5.368931370393926, 6.118938431623578, 5.3688693670082905, 3.421804971064248], [2.51945704269789, 1.5291030410014885, 0.0, 1.5082281392415406, 2.5262077091957424, 3.810810786433774, 4.312126948502328, 3.810801717486754, 2.5262221853985842, 3.470525866493434, 2.78084137267842, 2.780870744928645, 2.1671835201477516, 2.167244910018247, 1.0974527689153644, 1.0975499851942963, 2.7387036750988596, 4.679834540878556, 5.3988111154216165, 4.679708635160954, 2.738727239065621], [3.861778588940593, 2.5134480599367874, 1.5082281392415406, 0.0, 1.4011771729513725, 2.427688474660618, 2.8039875570337323, 2.427682691374636, 1.4012044426135681, 4.665671899094492, 4.1802356081924374, 4.180247224746402, 2.757002373956178, 2.757068729647486, 2.1393057144784144, 2.139371115538396, 2.1641648781920475, 3.4108929695902215, 3.890676535000051, 3.4107997815761633, 2.1641939862221222], [4.684483822151593, 3.344733902719318, 2.5262077091957424, 1.4011771729513725, 0.0, 1.3958343956214863, 2.41657118455054, 2.7885738039363415, 2.415034910720754, 5.414450047788788, 5.216996761547778, 4.788581385963905, 3.7517186701563863, 3.1341637050415856, 3.366241822864186, 2.6648138884357384, 1.0875524309199993, 2.1549218408100095, 3.401473370467569, 3.875237597877064, 3.405816668583322], [5.9883307974760385, 4.567099085853076, 3.810810786433774, 2.427688474660618, 1.3958343956214863, 0.0, 1.3936993542367737, 2.413164320969461, 2.7885981818827896, 6.65357979887519, 6.4989092354025075, 6.160560147421661, 4.767823262244522, 4.299195074662233, 4.528169216140227, 4.034510143747317, 2.148253823457554, 1.0866951734502184, 2.153816716900489, 3.398122820028729, 3.8760580852200857], [6.5437705713143695, 5.0693721356791315, 4.312126948502328, 2.8039875570337323, 2.41657118455054, 1.3936993542367737, 0.0, 1.3935423244379772, 2.4164872211538797, 7.193883497110583, 6.899681676715238, 6.899705666186058, 4.994242241822077, 4.994332708180343, 4.793532430264763, 4.79361199618826, 3.396700310595564, 2.1534546315165315, 1.0866895324792638, 2.15334151727031, 3.39659036829583], [5.98835204208971, 4.567123236787026, 3.810801717486754, 2.427682691374636, 2.7885738039363415, 2.413164320969461, 1.3935423244379772, 0.0, 1.39582157169174, 6.653611604234199, 6.160576100495796, 6.498928333963993, 4.29914590354875, 4.767888972071392, 4.03446771334212, 4.528219594940157, 3.8760368948192427, 3.3980917645054847, 2.153730431135708, 1.0866661032718379, 2.148248421388923], [4.684523572360374, 3.34477875800478, 2.5262221853985842, 1.4012044426135681, 2.415034910720754, 2.7885981818827896, 2.4164872211538797, 1.39582157169174, 0.0, 5.414495786312886, 4.788608036788978, 5.217044708453244, 3.1341117338091187, 3.7518000812943115, 2.6647892618366655, 3.3663321404757434, 3.4058193566306474, 3.875291057456201, 3.4014193199310196, 2.1547787218180896, 1.0875490517673214], [1.094437645551358, 2.1592585857187183, 3.470525866493434, 4.665671899094492, 5.414450047788788, 6.65357979887519, 7.193883497110583, 6.653611604234199, 5.414495786312886, 0.0, 1.771983625770848, 1.7719380265686495, 2.4711818346693954, 2.4710890898549165, 3.7609724766342016, 3.7609903030983745, 5.274108471580766, 7.368000460097706, 8.222316226587251, 7.3679479151253515, 5.274224308843908], [1.0947334881148014, 2.1686016992523083, 2.78084137267842, 4.1802356081924374, 5.216996761547778, 6.4989092354025075, 6.899681676715238, 6.160576100495796, 4.788608036788978, 1.771983625770848, 0.0, 1.7749913351901188, 2.5040640267373355, 3.065270317606589, 2.5653248371307678, 3.112936351742516, 5.233868267352551, 7.34556186891105, 7.969537004117616, 6.806695807071152, 4.442754907712105], [1.0947163879288553, 2.168590410842951, 2.780870744928645, 4.180247224746402, 4.788581385963905, 6.160560147421661, 6.899705666186058, 6.498928333963993, 5.217044708453244, 1.7719380265686495, 1.7749913351901188, 0.0, 3.0653096564621327, 2.5040258225505583, 3.1129490069707213, 2.565342333880607, 4.442679830912869, 6.806801131956184, 7.96955309035582, 7.345479739948916, 5.2339589346879665], [2.146274758738964, 1.0968240241716078, 2.1671835201477516, 2.757002373956178, 3.7517186701563863, 4.767823262244522, 4.994242241822077, 4.29914590354875, 3.1341117338091187, 2.4711818346693954, 2.5040640267373355, 3.0653096564621327, 0.0, 1.7610011158429173, 2.526146759394632, 3.076818571186803, 4.080059873335194, 5.653320491534157, 5.991353806110937, 4.939086958133052, 3.0085935351921504], [2.146219320106871, 1.096786218914151, 2.167244910018247, 2.757068729647486, 3.1341637050415856, 4.299195074662233, 4.994332708180343, 4.767888972071392, 3.7518000812943115, 2.4710890898549165, 3.065270317606589, 2.5040258225505583, 1.7610011158429173, 0.0, 3.0767778795356677, 2.526266535819212, 3.008578966887856, 4.939225677168436, 5.991432928774219, 5.653317971775514, 4.080175619994806], [2.7560183979792297, 2.1680675012554382, 1.0974527689153644, 2.1393057144784144, 3.366241822864186, 4.528169216140227, 4.793532430264763, 4.03446771334212, 2.6647892618366655, 3.7609724766342016, 2.5653248371307678, 3.1129490069707213, 2.526146759394632, 3.0767778795356677, 0.0, 1.7518258617796463, 3.704843500068525, 5.47143876964734, 5.859700011092718, 4.73393797699125, 2.483953423476374], [2.756036179007815, 2.1681184423365805, 1.0975499851942963, 2.139371115538396, 2.6648138884357384, 4.034510143747317, 4.79361199618826, 4.528219594940157, 3.3663321404757434, 3.7609903030983745, 3.112936351742516, 2.565342333880607, 3.076818571186803, 2.526266535819212, 1.7518258617796463, 0.0, 2.483951080436167, 4.734114314209153, 5.859767131038572, 5.471383991276796, 3.7049372059456016], [4.566245294549998, 3.4216987959199447, 2.7387036750988596, 2.1641648781920475, 1.0875524309199993, 2.148253823457554, 3.396700310595564, 3.8760368948192427, 3.4058193566306474, 5.274108471580766, 5.233868267352551, 4.442679830912869, 4.080059873335194, 3.008578966887856, 3.704843500068525, 2.483951080436167, 0.0, 2.4698633666662615, 4.292041255626511, 4.962693793697129, 4.313324695637925], [6.743780416057451, 5.368931370393926, 4.679834540878556, 3.4108929695902215, 2.1549218408100095, 1.0866951734502184, 2.1534546315165315, 3.3980917645054847, 3.875291057456201, 7.368000460097706, 7.34556186891105, 6.806801131956184, 5.653320491534157, 4.939225677168436, 5.47143876964734, 4.734114314209153, 2.4698633666662615, 0.0, 2.480625914965818, 4.295711766401466, 4.9627434872255884], [7.6071210881646945, 6.118938431623578, 5.3988111154216165, 3.890676535000051, 3.401473370467569, 2.153816716900489, 1.0866895324792638, 2.153730431135708, 3.4014193199310196, 8.222316226587251, 7.969537004117616, 7.96955309035582, 5.991353806110937, 5.991432928774219, 5.859700011092718, 5.859767131038572, 4.292041255626511, 2.480625914965818, 0.0, 2.480619932597495, 4.29196163193475], [6.743700349214813, 5.3688693670082905, 4.679708635160954, 3.4107997815761633, 3.875237597877064, 3.398122820028729, 2.15334151727031, 1.0866661032718379, 2.1547787218180896, 7.3679479151253515, 6.806695807071152, 7.345479739948916, 4.939086958133052, 5.653317971775514, 4.73393797699125, 5.471383991276796, 4.962693793697129, 4.295711766401466, 2.480619932597495, 0.0, 2.4696818216118452], [4.566339888794964, 3.421804971064248, 2.738727239065621, 2.1641939862221222, 3.405816668583322, 3.8760580852200857, 3.39659036829583, 2.148248421388923, 1.0875490517673214, 5.274224308843908, 4.442754907712105, 5.2339589346879665, 3.0085935351921504, 4.080175619994806, 2.483953423476374, 3.7049372059456016, 4.313324695637925, 4.9627434872255884, 4.29196163193475, 2.4696818216118452, 0.0]]}