{"total energy": -52.00573582, "HOMO-LUMO gap/eV": 2.92164883, "electronic energy": -52.69184924, "dipole": [-0.90228461, -0.56777565, 0.04693766], "partial charges": [-0.37754291, 0.28062758, -0.17351242, 0.3397456, -0.42075286, -0.17522121, 0.28183506, -0.37930211, -0.02005253, -0.05093285, -0.03542251, -0.088828, 0.01273714, -0.03449149, -0.02614594, -0.02676768, -0.0261175, -0.03450917, 0.23475384, 0.2347044, 0.06397559, 0.06254418, 0.04281706, 0.04218522, 0.05268256, 0.04613053, 0.04359183, 0.04082311, 0.04366937, 0.04677611], "atomic dipole moments": [[-0.06238776, 0.05387861, -0.16614869], [-0.00121825, 0.0872327, -0.01350428], [0.04744139, -0.00348464, -0.05426838], [-0.00582137, -0.09232952, 0.00677347], [-0.00863637, -0.21544203, 0.0181141], [0.05619909, 0.00746837, 0.05482063], [-0.00887993, 0.09062574, -0.00262634], [-0.07403729, 0.07585756, 0.15224037], [0.01024062, 0.02923963, -0.0009707], [-0.0391606, 0.14913932, -0.01933191], [-0.16100129, -0.03545423, -0.04944339], [0.05114782, 0.00286142, 0.04878747], [0.13588697, 0.05862884, -0.00330007], [0.00682228, 0.00567467, 0.02618892], [0.00760883, 0.00540786, 0.00112071], [0.00598253, 0.00387286, -0.00035638], [0.00819936, 0.00529746, -0.00172367], [0.00805019, 0.00010162, -0.02628638], [0.02668453, 0.08457716, 0.10392355], [0.02822847, 0.06740847, -0.11434135], [-0.01532899, -0.07418176, 0.1065988], [-0.0157502, -0.09279833, -0.08778237], [0.06224008, 0.03237313, -0.13585604], [0.14378029, 0.03922431, -0.02629244], [-0.04835629, -0.03559094, 0.14202164], [0.06302994, 0.00529091, -0.1416712], [-0.06687851, -0.04717578, -0.12891526], [-0.13710237, -0.06414228, 0.0033715], [-0.07239882, -0.02154655, 0.13265085], [0.05677931, 0.03270129, 0.14082854]], "atomic quadrupole moments": [[0.18589894, 0.0589162, -0.09655863, -0.07826961, -0.03792682, -0.08934031], [0.41998835, 0.13443176, -0.15225364, -0.25592944, -0.0877851, -0.26773471], [0.00681544, -0.01742981, 0.00939977, -0.00257695, -0.11204549, -0.01621521], [0.42489311, -0.04199978, -0.25799799, -0.00894065, 0.01013783, -0.16689512], [0.16066727, -0.01354491, -0.04043655, -0.00358777, -0.00592497, -0.12023072], [0.00756445, -0.01975512, 0.04503021, 0.00341695, 0.10133212, -0.05259466], [0.38607488, 0.19339084, -0.11074474, 0.25464907, 0.08293082, -0.27533014], [0.17303306, 0.07924379, -0.07919803, 0.07945431, 0.0435291, -0.09383502], [-0.10054613, -0.04374857, -0.00690288, 0.0007003, 0.00537333, 0.10744901], [0.16066012, -0.10766546, 0.02327043, 0.01621615, -0.02268085, -0.18393055], [-0.11056348, -0.11417912, 0.51476435, -0.11594617, 0.13348385, -0.40420086], [-0.2730961, -0.20270511, 0.58502175, -0.07359848, 0.16312573, -0.31192564], [0.06035472, -0.19299679, 0.31154587, 0.02685704, -0.07117842, -0.37190059], [-0.12374208, -0.29294061, 0.38237021, 0.01980404, -0.10988878, -0.25862813], [-0.1276742, -0.30296658, 0.38766374, 0.01837455, -0.08936506, -0.25998954], [-0.14159202, -0.30891852, 0.39125795, 0.03248703, -0.07020588, -0.24966594], [-0.12861299, -0.30087307, 0.39484239, 0.04659773, -0.05332976, -0.2662294], [-0.12403948, -0.29219583, 0.39842993, 0.04470491, -0.03252234, -0.27439046], [-0.05163197, -0.00865958, 0.01838744, 0.00581994, 0.01362567, 0.03324452], [-0.0526207, -0.01059239, 0.01314422, -0.00281948, -0.01078928, 0.03947648], [-0.01049907, -0.00195614, -0.03739575, -0.01196004, -0.03041613, 0.04789482], [-0.01366766, 0.01327914, -0.01689109, 0.01499075, 0.04457936, 0.03055875], [0.02500626, 0.02516252, -0.05548823, 0.02724695, -0.01484492, 0.03048197], [0.04270361, 0.02378691, -0.05823036, 0.0051139, -0.01303221, 0.01552675], [0.01272908, 0.01753363, -0.05076847, -0.00415734, -0.01923332, 0.0380394], [0.03048463, 0.04754111, -0.04220475, -0.00543803, 0.004472, 0.01172012], [0.01918841, 0.03790659, -0.05026724, -0.01299217, 0.00612867, 0.03107883], [0.01278898, 0.03521809, -0.05152618, -0.00402454, 0.00969114, 0.0387372], [0.01848281, 0.03960238, -0.0492745, 0.00483761, 0.01150066, 0.03079169], [0.03097772, 0.0479431, -0.04134741, -0.00311256, 0.00820871, 0.01036969]], "number of molecular orbitals": 84, "number of electrons": 92, "number of unpaired electrons": 0, "orbital energies/eV": [-20.62168427, -20.2937716, -20.21422601, -19.78883256, -19.40092175, -18.720807, -18.25131471, -18.1088247, -18.05962409, -17.38573115, -17.23198304, -17.2164087, -16.93114948, -16.78996286, -16.71196813, -16.19486359, -16.08300981, -16.05688281, -15.66344755, -15.56538353, -15.52931617, -15.39787849, -15.04854669, -14.88502908, -14.66654499, -14.53666346, -14.27648791, -13.97426573, -13.90177137, -13.71272598, -13.54353876, -13.44337265, -13.40161117, -13.12383197, -12.92416483, -12.72521169, -12.499361, -12.42832437, -12.38014247, -12.1253827, -12.07194148, -11.75398489, -11.64855197, -11.49389122, -11.46331014, -11.08092804, -8.15927921, -7.22710475, -6.8102596, -6.68284162, -5.87919607, -5.85496484, -3.34842421, -0.51835668, -0.20967932, 0.68624071, 1.42263684, 1.83790921, 2.66268397, 3.06061542, 3.29500223, 3.50484859, 3.53623879, 3.69562602, 4.18020904, 4.22852201, 4.26501882, 4.50661475, 4.90911673, 5.23128548, 6.15457954, 7.47293687, 9.51081489, 9.87427391, 10.59764921, 10.91794556, 11.0122856, 11.43173136, 13.95813317, 13.99712978, 15.16782507, 15.58217519, 16.09035401, 16.41970583], "fractional occupation": [2.0, 2.0, 2.0, 2.0, 2.0, 2.0, 2.0, 2.0, 2.0, 2.0, 2.0, 2.0, 2.0, 2.0, 2.0, 2.0, 2.0, 2.0, 2.0, 2.0, 2.0, 2.0, 2.0, 2.0, 2.0, 2.0, 2.0, 2.0, 2.0, 2.0, 2.0, 2.0, 2.0, 2.0, 2.0, 2.0, 2.0, 2.0, 2.0, 2.0, 2.0, 2.0, 2.0, 2.0, 2.0, 2.0, 0.0, 0.0, 0.0, 0.0, 0.0, 0.0, 0.0, 0.0, 0.0, 0.0, 0.0, 0.0, 0.0, 0.0, 0.0, 0.0, 0.0, 0.0, 0.0, 0.0, 0.0, 0.0, 0.0, 0.0, 0.0, 0.0, 0.0, 0.0, 0.0, 0.0, 0.0, 0.0, 0.0, 0.0, 0.0, 0.0, 0.0, 0.0], "program call": "xtb /home/svss/Project-DBcg-Debug/aqme2_20220329/End-to-End-workflows-final/example-3/QDESCP/mol_74_rdkit_conf_1/mol_74_rdkit_conf_1.xyz --pop --wbo --acc 0.2 --gfn 2 --chrg 0 --uhf 0 --etemp 300 --input /home/svss/Project-DBcg-Debug/aqme2_20220329/End-to-End-workflows-final/example-3/QDESCP/mol_74_rdkit_conf_1/mol_74_rdkit_conf_1_xtb.inp", "method": "GFN2-xTB", "xtb version": "6.3.3 (7355c4f)", "Dipole module/D": 2.712, "Total charge": 0, "Transition dipole module/D": NaN, "HOMO": -11.0809, "LUMO": -8.1593, "HOMO occupancy": 2.0, "LUMO occupancy": 0, "mulliken charges": [-0.50625, 0.47523, -0.32252, 0.57555, -0.53672, -0.32362, 0.47503, -0.50645, -0.05212, -0.02792, -0.03273, -0.06956, 0.00397, -0.03742, -0.02062, -0.0241, -0.02065, -0.03721, 0.28087, 0.28027, 0.04851, 0.0499, 0.03872, 0.03511, 0.04082, 0.04927, 0.03893, 0.0369, 0.03895, 0.04986], "cm5 charges": [-0.55239, 0.57478, -0.66388, 0.74426, -0.57365, -0.66514, 0.57463, -0.55287, -0.04799, -0.12371, -0.09478, -0.171, -0.00285, -0.08903, -0.076, -0.07951, -0.07604, -0.08878, 0.48387, 0.48344, 0.10777, 0.10826, 0.0969, 0.08741, 0.09493, 0.10981, 0.09426, 0.09231, 0.0943, 0.11069], "FUKUI+": [-0.121, -0.044, -0.029, -0.044, -0.127, -0.029, -0.045, -0.123, -0.004, 0.01, 0.012, -0.008, -0.016, -0.008, -0.016, -0.027, -0.016, -0.008, -0.042, -0.042, -0.024, -0.025, -0.01, -0.031, -0.016, -0.019, -0.042, -0.047, -0.042, -0.018], "FUKUI-": [-0.052, -0.0, -0.018, -0.001, -0.076, -0.017, 0.001, -0.054, -0.016, 0.007, -0.039, -0.046, -0.026, -0.017, -0.024, -0.039, -0.022, -0.018, -0.027, -0.028, -0.033, -0.046, -0.052, -0.066, -0.056, -0.039, -0.052, -0.056, -0.052, -0.038], "FUKUIrad": [-0.086, -0.022, -0.023, -0.022, -0.101, -0.023, -0.022, -0.088, -0.01, 0.008, -0.013, -0.027, -0.021, -0.012, -0.02, -0.033, -0.019, -0.013, -0.035, -0.035, -0.029, -0.035, -0.031, -0.049, -0.036, -0.029, -0.047, -0.051, -0.047, -0.028], "s proportion": [1.731, 1.015, 1.429, 0.937, 1.72, 1.431, 1.015, 1.731, 1.109, 1.033, 1.071, 1.053, 1.093, 1.067, 1.061, 1.062, 1.062, 1.067, 0.719, 0.72, 0.951, 0.95, 0.961, 0.965, 0.959, 0.951, 0.961, 0.963, 0.961, 0.95], "p proportion": [4.775, 2.51, 3.894, 2.488, 4.816, 3.893, 2.51, 4.775, 2.943, 2.994, 2.961, 3.017, 2.903, 2.971, 2.959, 2.962, 2.959, 2.97, 0.0, 0.0, 0.0, 0.0, 0.0, 0.0, 0.0, 0.0, 0.0, 0.0, 0.0, 0.0], "d proportion": [0.0, 0.0, 0.0, 0.0, 0.0, 0.0, 0.0, 0.0, 0.0, 0.0, 0.0, 0.0, 0.0, 0.0, 0.0, 0.0, 0.0, 0.0, 0.0, 0.0, 0.0, 0.0, 0.0, 0.0, 0.0, 0.0, 0.0, 0.0, 0.0, 0.0], "Fermi-level/eV": -9.6201, "Coordination numbers": [0.859, 2.761, 2.696, 2.705, 0.861, 2.696, 2.764, 0.859, 3.899, 3.806, 2.882, 2.833, 2.958, 2.914, 2.91, 2.912, 2.91, 2.914, 0.86, 0.86, 0.923, 0.923, 0.925, 0.925, 0.925, 0.925, 0.925, 0.925, 0.925, 0.925], "Dispersion coefficient C6": [21.237, 22.25, 24.755, 21.227, 22.098, 24.793, 22.229, 21.271, 20.876, 21.483, 28.879, 30.217, 27.729, 28.859, 28.655, 28.67, 28.654, 28.859, 0.945, 0.945, 2.153, 2.17, 2.412, 2.42, 2.287, 2.369, 2.402, 2.438, 2.401, 2.361], "Total dispersion C6": 11460.88074, "Total dispersion C8": 274622.349135, "Polarizability alpha": [6.179, 7.725, 7.39, 7.541, 6.303, 7.395, 7.721, 6.184, 6.495, 6.598, 8.81, 9.008, 8.637, 8.809, 8.778, 8.78, 8.778, 8.809, 1.523, 1.523, 2.295, 2.304, 2.429, 2.433, 2.365, 2.407, 2.423, 2.442, 2.423, 2.403], "Total polarizability alpha": 166.905475, "Wiberg matrix": [[0.0, 1.752038070087024, 0.1343993202284254, 0.0, 0.0, 0.0, 0.0, 0.0, 0.0, 0.0, 0.0, 0.0, 0.0, 0.0, 0.0, 0.0, 0.0, 0.0, 0.0, 0.0, 0.0, 0.0, 0.0, 0.0, 0.0, 0.0, 0.0, 0.0, 0.0, 0.0], [1.752038070087024, 0.0, 1.1428782873664847, 0.0, 0.0, 0.0, 0.0, 0.0, 0.9475816107969746, 0.0, 0.0, 0.0, 0.0, 0.0, 0.0, 0.0, 0.0, 0.0, 0.0, 0.0, 0.0, 0.0, 0.0, 0.0, 0.0, 0.0, 0.0, 0.0, 0.0, 0.0], [0.1343993202284254, 1.1428782873664847, 0.0, 1.1254735137866319, 0.11450440540765494, 0.0, 0.0, 0.0, 0.0, 0.0, 0.0, 0.0, 0.0, 0.0, 0.0, 0.0, 0.0, 0.0, 0.9082789363467478, 0.0, 0.0, 0.0, 0.0, 0.0, 0.0, 0.0, 0.0, 0.0, 0.0, 0.0], [0.0, 0.0, 1.1254735137866319, 0.0, 1.651969899545129, 1.1228229146145767, 0.0, 0.0, 0.0, 0.0, 0.0, 0.0, 0.0, 0.0, 0.0, 0.0, 0.0, 0.0, 0.0, 0.0, 0.0, 0.0, 0.0, 0.0, 0.0, 0.0, 0.0, 0.0, 0.0, 0.0], [0.0, 0.0, 0.11450440540765494, 1.651969899545129, 0.0, 0.11447819654974925, 0.0, 0.0, 0.0, 0.0, 0.0, 0.0, 0.0, 0.0, 0.0, 0.0, 0.0, 0.0, 0.0, 0.0, 0.0, 0.0, 0.0, 0.0, 0.0, 0.0, 0.0, 0.0, 0.0, 0.0], [0.0, 0.0, 0.0, 1.1228229146145767, 0.11447819654974925, 0.0, 1.1403764394500133, 0.13323476906067894, 0.0, 0.0, 0.0, 0.0, 0.0, 0.0, 0.0, 0.0, 0.0, 0.0, 0.0, 0.9079341669728819, 0.0, 0.0, 0.0, 0.0, 0.0, 0.0, 0.0, 0.0, 0.0, 0.0], [0.0, 0.0, 0.0, 0.0, 0.0, 1.1403764394500133, 0.0, 1.7515453260642058, 0.9487162813013531, 0.0, 0.0, 0.0, 0.0, 0.0, 0.0, 0.0, 0.0, 0.0, 0.0, 0.0, 0.0, 0.0, 0.0, 0.0, 0.0, 0.0, 0.0, 0.0, 0.0, 0.0], [0.0, 0.0, 0.0, 0.0, 0.0, 0.13323476906067894, 1.7515453260642058, 0.0, 0.0, 0.0, 0.0, 0.0, 0.0, 0.0, 0.0, 0.0, 0.0, 0.0, 0.0, 0.0, 0.0, 0.0, 0.0, 0.0, 0.0, 0.0, 0.0, 0.0, 0.0, 0.0], [0.0, 0.9475816107969746, 0.0, 0.0, 0.0, 0.0, 0.9487162813013531, 0.0, 0.0, 0.945779840858442, 0.0, 0.0, 0.922413897166394, 0.0, 0.0, 0.0, 0.0, 0.0, 0.0, 0.0, 0.0, 0.0, 0.0, 0.0, 0.0, 0.0, 0.0, 0.0, 0.0, 0.0], [0.0, 0.0, 0.0, 0.0, 0.0, 0.0, 0.0, 0.0, 0.945779840858442, 0.0, 1.0191372144328383, 0.0, 0.0, 0.0, 0.0, 0.0, 0.0, 0.0, 0.0, 0.0, 0.9698735543320689, 0.9627846521035837, 0.0, 0.0, 0.0, 0.0, 0.0, 0.0, 0.0, 0.0], [0.0, 0.0, 0.0, 0.0, 0.0, 0.0, 0.0, 0.0, 0.0, 1.0191372144328383, 0.0, 1.9817506693155753, 0.0, 0.0, 0.0, 0.0, 0.0, 0.0, 0.0, 0.0, 0.0, 0.0, 0.96696712472485, 0.0, 0.0, 0.0, 0.0, 0.0, 0.0, 0.0], [0.0, 0.0, 0.0, 0.0, 0.0, 0.0, 0.0, 0.0, 0.0, 0.0, 1.9817506693155753, 0.0, 0.0, 0.0, 0.0, 0.0, 0.0, 0.0, 0.0, 0.0, 0.0, 0.0, 0.0, 0.9769874189489146, 0.9746437260576919, 0.0, 0.0, 0.0, 0.0, 0.0], [0.0, 0.0, 0.0, 0.0, 0.0, 0.0, 0.0, 0.0, 0.922413897166394, 0.0, 0.0, 0.0, 0.0, 1.411215357459757, 0.0, 0.10847098976790284, 0.0, 1.4128189969864646, 0.0, 0.0, 0.0, 0.0, 0.0, 0.0, 0.0, 0.0, 0.0, 0.0, 0.0, 0.0], [0.0, 0.0, 0.0, 0.0, 0.0, 0.0, 0.0, 0.0, 0.0, 0.0, 0.0, 0.0, 1.411215357459757, 0.0, 1.4406764360512856, 0.0, 0.11171443032490261, 0.0, 0.0, 0.0, 0.0, 0.0, 0.0, 0.0, 0.0, 0.9675856596048469, 0.0, 0.0, 0.0, 0.0], [0.0, 0.0, 0.0, 0.0, 0.0, 0.0, 0.0, 0.0, 0.0, 0.0, 0.0, 0.0, 0.0, 1.4406764360512856, 0.0, 1.4390950070867996, 0.0, 0.11140873310756992, 0.0, 0.0, 0.0, 0.0, 0.0, 0.0, 0.0, 0.0, 0.9696857750309005, 0.0, 0.0, 0.0], [0.0, 0.0, 0.0, 0.0, 0.0, 0.0, 0.0, 0.0, 0.0, 0.0, 0.0, 0.0, 0.10847098976790284, 0.0, 1.4390950070867996, 0.0, 1.4398525831936453, 0.0, 0.0, 0.0, 0.0, 0.0, 0.0, 0.0, 0.0, 0.0, 0.0, 0.9701153617569699, 0.0, 0.0], [0.0, 0.0, 0.0, 0.0, 0.0, 0.0, 0.0, 0.0, 0.0, 0.0, 0.0, 0.0, 0.0, 0.11171443032490261, 0.0, 1.4398525831936453, 0.0, 1.4395147990238162, 0.0, 0.0, 0.0, 0.0, 0.0, 0.0, 0.0, 0.0, 0.0, 0.0, 0.9697245668851189, 0.0], [0.0, 0.0, 0.0, 0.0, 0.0, 0.0, 0.0, 0.0, 0.0, 0.0, 0.0, 0.0, 1.4128189969864646, 0.0, 0.11140873310756992, 0.0, 1.4395147990238162, 0.0, 0.0, 0.0, 0.0, 0.0, 0.0, 0.0, 0.0, 0.0, 0.0, 0.0, 0.0, 0.9674181441918583], [0.0, 0.0, 0.9082789363467478, 0.0, 0.0, 0.0, 0.0, 0.0, 0.0, 0.0, 0.0, 0.0, 0.0, 0.0, 0.0, 0.0, 0.0, 0.0, 0.0, 0.0, 0.0, 0.0, 0.0, 0.0, 0.0, 0.0, 0.0, 0.0, 0.0, 0.0], [0.0, 0.0, 0.0, 0.0, 0.0, 0.9079341669728819, 0.0, 0.0, 0.0, 0.0, 0.0, 0.0, 0.0, 0.0, 0.0, 0.0, 0.0, 0.0, 0.0, 0.0, 0.0, 0.0, 0.0, 0.0, 0.0, 0.0, 0.0, 0.0, 0.0, 0.0], [0.0, 0.0, 0.0, 0.0, 0.0, 0.0, 0.0, 0.0, 0.0, 0.9698735543320689, 0.0, 0.0, 0.0, 0.0, 0.0, 0.0, 0.0, 0.0, 0.0, 0.0, 0.0, 0.0, 0.0, 0.0, 0.0, 0.0, 0.0, 0.0, 0.0, 0.0], [0.0, 0.0, 0.0, 0.0, 0.0, 0.0, 0.0, 0.0, 0.0, 0.9627846521035837, 0.0, 0.0, 0.0, 0.0, 0.0, 0.0, 0.0, 0.0, 0.0, 0.0, 0.0, 0.0, 0.0, 0.0, 0.0, 0.0, 0.0, 0.0, 0.0, 0.0], [0.0, 0.0, 0.0, 0.0, 0.0, 0.0, 0.0, 0.0, 0.0, 0.0, 0.96696712472485, 0.0, 0.0, 0.0, 0.0, 0.0, 0.0, 0.0, 0.0, 0.0, 0.0, 0.0, 0.0, 0.0, 0.0, 0.0, 0.0, 0.0, 0.0, 0.0], [0.0, 0.0, 0.0, 0.0, 0.0, 0.0, 0.0, 0.0, 0.0, 0.0, 0.0, 0.9769874189489146, 0.0, 0.0, 0.0, 0.0, 0.0, 0.0, 0.0, 0.0, 0.0, 0.0, 0.0, 0.0, 0.0, 0.0, 0.0, 0.0, 0.0, 0.0], [0.0, 0.0, 0.0, 0.0, 0.0, 0.0, 0.0, 0.0, 0.0, 0.0, 0.0, 0.9746437260576919, 0.0, 0.0, 0.0, 0.0, 0.0, 0.0, 0.0, 0.0, 0.0, 0.0, 0.0, 0.0, 0.0, 0.0, 0.0, 0.0, 0.0, 0.0], [0.0, 0.0, 0.0, 0.0, 0.0, 0.0, 0.0, 0.0, 0.0, 0.0, 0.0, 0.0, 0.0, 0.9675856596048469, 0.0, 0.0, 0.0, 0.0, 0.0, 0.0, 0.0, 0.0, 0.0, 0.0, 0.0, 0.0, 0.0, 0.0, 0.0, 0.0], [0.0, 0.0, 0.0, 0.0, 0.0, 0.0, 0.0, 0.0, 0.0, 0.0, 0.0, 0.0, 0.0, 0.0, 0.9696857750309005, 0.0, 0.0, 0.0, 0.0, 0.0, 0.0, 0.0, 0.0, 0.0, 0.0, 0.0, 0.0, 0.0, 0.0, 0.0], [0.0, 0.0, 0.0, 0.0, 0.0, 0.0, 0.0, 0.0, 0.0, 0.0, 0.0, 0.0, 0.0, 0.0, 0.0, 0.9701153617569699, 0.0, 0.0, 0.0, 0.0, 0.0, 0.0, 0.0, 0.0, 0.0, 0.0, 0.0, 0.0, 0.0, 0.0], [0.0, 0.0, 0.0, 0.0, 0.0, 0.0, 0.0, 0.0, 0.0, 0.0, 0.0, 0.0, 0.0, 0.0, 0.0, 0.0, 0.9697245668851189, 0.0, 0.0, 0.0, 0.0, 0.0, 0.0, 0.0, 0.0, 0.0, 0.0, 0.0, 0.0, 0.0], [0.0, 0.0, 0.0, 0.0, 0.0, 0.0, 0.0, 0.0, 0.0, 0.0, 0.0, 0.0, 0.0, 0.0, 0.0, 0.0, 0.0, 0.9674181441918583, 0.0, 0.0, 0.0, 0.0, 0.0, 0.0, 0.0, 0.0, 0.0, 0.0, 0.0, 0.0]], "Born radii": [], "Atomic SASAs": [], "Solvent H bonds": [], "Total SASA": NaN, "Total FOD": 0.0, "FOD": [0.0, 0.0, 0.0, 0.0, 0.0, 0.0, 0.0, 0.0, 0.0, 0.0, 0.0, 0.0, 0.0, 0.0, 0.0, 0.0, 0.0, 0.0, 0.0, 0.0, 0.0, 0.0, 0.0, 0.0, 0.0, 0.0, 0.0, 0.0, 0.0, 0.0], "FOD s proportion": [0.0, 0.0, 0.0, 0.0, 0.0, 0.0, 0.0, 0.0, 0.0, 0.0, 0.0, 0.0, 0.0, 0.0, 0.0, 0.0, 0.0, 0.0, 0.0, 0.0, 0.0, 0.0, 0.0, 0.0, 0.0, 0.0, 0.0, 0.0, 0.0, 0.0], "FOD p proportion": [0.0, 0.0, 0.0, 0.0, 0.0, 0.0, 0.0, 0.0, 0.0, 0.0, 0.0, 0.0, 0.0, 0.0, 0.0, 0.0, 0.0, 0.0, 0.0, 0.0, 0.0, 0.0, 0.0, 0.0, 0.0, 0.0, 0.0, 0.0, 0.0, 0.0], "FOD d proportion": [0.0, 0.0, 0.0, 0.0, 0.0, 0.0, 0.0, 0.0, 0.0, 0.0, 0.0, 0.0, 0.0, 0.0, 0.0, 0.0, 0.0, 0.0, 0.0, 0.0, 0.0, 0.0, 0.0, 0.0, 0.0, 0.0, 0.0, 0.0, 0.0, 0.0], "coordinates": [["1.02060", "0.74900", "2.20570"], ["0.61580", "1.08640", "1.09300"], ["0.23630", "2.38620", "0.88890"], ["0.20180", "2.99650", "-0.32300"], ["0.25600", "4.21760", "-0.42620"], ["0.20240", "2.19400", "-1.41720"], ["0.62950", "0.89410", "-1.40230"], ["1.09860", "0.40210", "-2.42870"], ["0.42180", "0.12490", "-0.08950"], ["1.44010", "-1.04560", "0.01530"], ["2.89570", "-0.65100", "-0.09360"], ["3.74920", "-0.63670", "0.93750"], ["-1.00230", "-0.50070", "-0.05390"], ["-1.63190", "-0.94320", "-1.23430"], ["-2.90370", "-1.52170", "-1.20340"], ["-3.56750", "-1.68750", "0.00710"], ["-2.95460", "-1.28720", "1.18940"], ["-1.68260", "-0.70830", "1.16180"], ["0.37350", "3.00640", "1.67550"], ["0.34160", "2.68240", "-2.29170"], ["1.28350", "-1.59080", "0.95700"], ["1.25060", "-1.78160", "-0.77880"], ["3.26860", "-0.40110", "-1.08650"], ["4.79100", "-0.36530", "0.79620"], ["3.43110", "-0.89010", "1.94540"], ["-1.14190", "-0.86190", "-2.20360"], ["-3.37120", "-1.85200", "-2.12810"], ["-4.55470", "-2.14150", "0.03060"], ["-3.46200", "-1.43390", "2.13990"], ["-1.23520", "-0.43950", "2.11750"]], "bond_dist": [[0.0, 1.231179552299339, 2.2426574794203415, 3.480806426677588, 4.420712242388098, 3.9853331918423085, 3.6320348594142104, 4.648019682617534, 2.4527546330605516, 2.8625900108118874, 3.280667691187268, 3.3126656471790206, 3.280193082731564, 4.661855541519921, 5.6725806992937535, 5.641013722727503, 4.580523023629508, 3.2435691359981833, 2.4074270933924455, 4.942234648415634, 2.6651514290936644, 3.919703638031835, 4.149073974997313, 4.176633919797138, 2.926587628963124, 5.168494127886768, 6.695889088089796, 6.646052990309362, 4.986289683722758, 2.5512634379851877], [1.231179552299339, 0.0, 1.3693637573705535, 2.4134900061943494, 3.4988338228615543, 2.7746677927276266, 2.5027363165143868, 3.619907902143368, 1.5363673063431151, 2.527119265092172, 3.10234142705151, 3.5793085114306646, 2.540179842058432, 3.8193921951012046, 4.945959848199337, 5.135532972340846, 4.288475962390369, 2.9169031677448607, 2.020993701128235, 3.7521454835866908, 2.7625566292838233, 3.4831064123853586, 3.741687365347351, 4.430329352316823, 3.5438752940813254, 4.213425416451559, 5.908117193319713, 6.187253220937381, 4.90676721885194, 2.608480795405632], [2.2426574794203415, 1.3693637573705535, 0.0, 1.3573348702512582, 2.2547509973387303, 2.314343807648293, 2.762347930656093, 3.9606418494986393, 2.4708610847232997, 3.740262375823386, 4.154792227055404, 4.634733301927954, 3.2798160634401436, 4.368415483902601, 5.432218856047683, 5.642827072487691, 4.875039550608795, 3.6513808168965345, 1.0110447270027176, 3.1960974468873755, 4.113124657726775, 4.602236914805668, 4.567941521079271, 5.32208959244393, 4.696496670923977, 4.691816822937571, 6.330772819332566, 6.647588072376327, 5.462196252424477, 3.41457913951339], [3.480806426677588, 2.4134900061943494, 1.3573348702512582, 0.0, 1.2266511688332586, 1.3569378209778076, 2.4016455900069853, 3.4596436362723835, 2.889465142548012, 4.24103833866189, 4.540261866897106, 5.231925959911895, 3.7084605242607074, 4.440063002931377, 5.552779992940474, 6.021332452206903, 5.53175382767527, 4.4137441520776886, 2.0058866244132543, 1.9984950687955176, 4.8838300728014685, 4.9130412872272915, 4.640245710089068, 5.797849991160517, 5.538923777233263, 4.497714598548912, 6.287500875546659, 7.010589790452727, 6.254418518935234, 4.452763776577419], [4.420712242388098, 3.4988338228615543, 2.2547509973387303, 1.2266511688332586, 0.0, 2.2538657724008324, 3.483952598701653, 4.390674351395239, 4.109872238890158, 5.412789419513751, 5.54814426723026, 6.134032313250396, 4.8973749162178715, 5.554372031112068, 6.597522900301294, 7.048198858573728, 6.574263362537281, 5.526699265384359, 2.4285704807561177, 2.417489741446693, 6.058589691504121, 6.09130171309877, 5.553750493135247, 6.56227545672993, 6.464854666579907, 5.560089515466455, 7.2727634094613585, 7.986842526305374, 7.235181093794406, 5.512047490724295], [3.9853331918423085, 2.7746677927276266, 2.314343807648293, 1.3569378209778076, 2.2538657724008324, 0.0, 1.3683480661001426, 2.244373476050722, 2.4682176686832142, 3.7521947843895314, 4.135191271271499, 5.112461718194084, 3.251353113705123, 3.6386993198119573, 4.847679253003441, 5.595249659309225, 5.373989765528029, 4.31599482043248, 3.2021964742969784, 1.0112672495438582, 4.5967721163877595, 4.160729883085419, 4.030569307182299, 5.701263545039819, 5.5895666433096585, 3.429882251623224, 5.44482431029689, 6.597172538292447, 6.264379153595351, 4.636390848494117], [3.6320348594142104, 2.5027363165143868, 2.762347930656093, 2.4016455900069853, 3.483952598701653, 1.3683480661001426, 0.0, 1.2311034765607642, 1.535660043759686, 2.535566644756158, 3.0390281571581403, 4.1893365548735755, 2.535038626924647, 2.91853135155338, 4.2847582300521925, 5.125024479941535, 4.9316073840077745, 3.806323814390993, 3.7416841301745394, 2.017903778677269, 3.4883721848449603, 2.8167158092359976, 2.956707880396709, 4.872122007914006, 4.715869749049479, 2.6198235913893133, 4.906470354542051, 6.176082853233108, 5.891276354916649, 4.200546046646793], [4.648019682617534, 3.619907902143368, 3.9606418494986393, 3.4596436362723835, 4.390674351395239, 2.244373476050722, 1.2311034765607642, 0.0, 2.4508681563886703, 2.8610476298027616, 3.1291021124277814, 4.408637912099382, 3.2967413744484113, 3.269870593769729, 4.60660089653966, 5.663218078972414, 5.689711094598741, 4.675441353498084, 4.914530103682345, 2.4065714387900474, 3.933039906993063, 2.741134746779151, 2.6749824448022084, 4.962126613660719, 5.122800786679099, 2.582287021227501, 5.015021356883738, 6.669172237991759, 6.711339234459841, 5.179077856143891], [2.4527546330605516, 1.5363673063431151, 2.4708610847232997, 2.889465142548012, 4.109872238890158, 2.4682176686832142, 1.535660043759686, 2.4508681563886703, 0.0, 1.554988160726634, 2.5927242101696817, 3.564597357346268, 1.5558610252847136, 2.582457809916747, 3.8744051182084718, 4.382766228080161, 3.876814230782796, 2.5862082843421565, 3.3794378437840815, 3.3759329273550445, 2.1866219677850123, 2.1901566564974297, 3.0618548691928558, 4.484938034131575, 3.771860217452391, 2.8086207896403526, 4.738235174619343, 5.469601925186147, 4.741727980388585, 2.816921255555434], [2.8625900108118874, 2.527119265092172, 3.740262375823386, 4.24103833866189, 5.412789419513751, 3.7521947843895314, 2.535566644756158, 2.8610476298027616, 1.554988160726634, 0.0, 1.5120647241437783, 2.5198402449361743, 2.5034021670518705, 3.3180069198240076, 4.536573524147934, 5.048580058788808, 4.555246366553625, 3.3435742596807985, 4.506950587703398, 4.519616714943868, 1.099347756626628, 1.099181995849641, 2.229967654473939, 3.5072986342768138, 2.777327359171043, 3.409396852817225, 5.3285131331357345, 6.094165893705226, 5.356798153748188, 3.455984973925668], [3.280667691187268, 3.10234142705151, 4.154792227055404, 4.540261866897106, 5.54814426723026, 4.135191271271499, 3.0390281571581403, 3.1291021124277814, 2.5927242101696817, 1.5120647241437783, 0.0, 1.3385940198581494, 3.901098586295917, 4.678219649610308, 5.968485141976982, 6.546558407285465, 6.023026608774031, 4.7476460841136845, 4.7820270189533645, 4.739897254160685, 2.1415352530369423, 2.110476109791343, 1.089658125285174, 2.1131802147474317, 2.1216368610108565, 4.560569325204914, 6.697434349062333, 7.599044416898745, 6.783937201212877, 4.690205781199798], [3.3126656471790206, 3.5793085114306646, 4.634733301927954, 5.231925959911895, 6.134032313250396, 5.112461718194084, 4.1893365548735755, 4.408637912099382, 3.564597357346268, 2.5198402449361743, 1.3385940198581494, 0.0, 4.855730862599367, 5.810928901647309, 7.044697028261756, 7.450095549051704, 6.739995422847111, 5.436900614320626, 5.021172383019727, 5.749425641748922, 2.6439295660058724, 3.240290675232702, 2.0935758214117777, 1.0858042595237876, 1.08685858325727, 5.817223002429939, 7.846970983124635, 8.487735025317415, 7.354094032578044, 5.125966367427707], [3.280193082731564, 2.540179842058432, 3.2798160634401436, 3.7084605242607074, 4.8973749162178715, 3.251353113705123, 2.535038626924647, 3.2967413744484113, 1.5558610252847136, 2.5034021670518705, 3.901098586295917, 4.855730862599367, 0.0, 1.4090942374447495, 2.445222527705812, 2.827095024932837, 2.4445556712826155, 1.4084858323746108, 4.145286529300478, 4.116544869183379, 2.7267413628725405, 2.691048723081765, 4.39508472387052, 5.856904306884312, 4.878920824321707, 2.1842993590623054, 3.426369002311339, 3.913937997720455, 3.4254554105987136, 2.1847118368334075], [4.661855541519921, 3.8193921951012046, 4.368415483902601, 4.440063002931377, 5.554372031112068, 3.6386993198119573, 2.91853135155338, 3.269870593769729, 2.582457809916747, 3.3180069198240076, 4.678219649610308, 5.810928901647309, 1.4090942374447495, 0.0, 1.3975307867807425, 2.416941002589844, 2.782479645927352, 2.408120368669307, 5.29980238876885, 4.261193772876329, 3.704151537126957, 3.0363137288495072, 4.932607576120363, 6.760957259885615, 5.978902967936509, 1.0891520463186026, 2.1563766762789847, 3.4027422382543175, 3.8697904516911508, 3.412572024148355], [5.6725806992937535, 4.945959848199337, 5.432218856047683, 5.552779992940474, 6.597522900301294, 4.847679253003441, 4.2847582300521925, 4.60660089653966, 3.8744051182084718, 4.536573524147934, 5.968485141976982, 7.044697028261756, 2.445222527705812, 1.3975307867807425, 0.0, 1.3904784536266643, 2.40480205006566, 2.7833210037651064, 6.287431483523299, 5.4213306290983585, 4.7121912959895855, 4.184022186843659, 6.274288585967336, 8.033932362797188, 7.102362356286815, 2.1306513839668844, 1.08753134667466, 2.1523728859098745, 3.3907318708503036, 3.8708430477093745], [5.641013722727503, 5.135532972340846, 5.642827072487691, 6.021332452206903, 7.048198858573728, 5.595249659309225, 5.125024479941535, 5.663218078972414, 4.382766228080161, 5.048580058788808, 6.546558407285465, 7.450095549051704, 2.827095024932837, 2.416941002589844, 1.3904784536266643, 0.0, 1.3905825362056004, 2.417646115542967, 6.351986836415831, 6.297743267234701, 4.944073411671797, 4.882681766201848, 7.041523210925318, 8.499141950808916, 7.305700213531896, 3.3841313819058505, 2.1505052848109907, 1.0868450165501984, 2.1504136927577444, 3.3839201305586397], [4.580523023629508, 4.288475962390369, 4.875039550608795, 5.53175382767527, 6.574263362537281, 5.373989765528029, 4.9316073840077745, 5.689711094598741, 3.876814230782796, 4.555246366553625, 6.023026608774031, 6.739995422847111, 2.4445556712826155, 2.782479645927352, 2.40480205006566, 1.3905825362056004, 0.0, 1.397809346799484, 5.454130891351984, 6.224204030235512, 4.255311308235862, 4.669255790808638, 6.6852907386290985, 7.810174467321457, 6.442545219088493, 3.870298487197079, 3.390923303467656, 2.1524325634035555, 1.0873940867965026, 2.1298594460668054], [3.2435691359981833, 2.9169031677448607, 3.6513808168965345, 4.4137441520776886, 5.526699265384359, 4.31599482043248, 3.806323814390993, 4.675441353498084, 2.5862082843421565, 3.3435742596807985, 4.7476460841136845, 5.436900614320626, 1.4084858323746108, 2.408120368669307, 2.7833210037651064, 2.417646115542967, 1.397809346799484, 0.0, 4.2767313441459, 5.246036063543597, 3.1013704228937247, 3.6771678626355913, 5.446430589845059, 6.492981543174137, 5.176582645916126, 3.4120179674204527, 3.8707701636754406, 3.403326914946609, 2.1562558591224743, 1.0889364949343925], [2.4074270933924455, 2.020993701128235, 1.0110447270027176, 2.0058866244132543, 2.4285704807561177, 3.2021964742969784, 3.7416841301745394, 4.914530103682345, 3.3794378437840815, 4.506950587703398, 4.7820270189533645, 5.021172383019727, 4.145286529300478, 5.29980238876885, 6.287431483523299, 6.351986836415831, 5.454130891351984, 4.2767313441459, 0.0, 3.9805363269288225, 4.741159150460993, 5.451406873459364, 5.255597421797069, 5.626351893545231, 4.960289912898237, 5.683977380320932, 7.217631301888453, 7.313940501535407, 5.8858297375986, 3.8285123089785147], [4.942234648415634, 3.7521454835866908, 3.1960974468873755, 1.9984950687955176, 2.417489741446693, 1.0112672495438582, 2.017903778677269, 2.4065714387900474, 3.3759329273550445, 4.519616714943868, 4.739897254160685, 5.749425641748922, 4.116544869183379, 4.261193772876329, 5.4213306290983585, 6.297743267234701, 6.224204030235512, 5.246036063543597, 3.9805363269288225, 0.0, 5.44990509458651, 4.800254515127298, 4.419027980223706, 6.214560488079588, 6.345138525674598, 3.843253354906491, 5.86280070955853, 7.255125235996964, 7.144954668155704, 5.627930569045784], [2.6651514290936644, 2.7625566292838233, 4.113124657726775, 4.8838300728014685, 6.058589691504121, 4.5967721163877595, 3.4883721848449603, 3.933039906993063, 2.1866219677850123, 1.099347756626628, 2.1415352530369423, 2.6439295660058724, 2.7267413628725405, 3.704151537126957, 4.7121912959895855, 4.944073411671797, 4.255311308235862, 3.1013704228937247, 4.741159150460993, 5.44990509458651, 0.0, 1.7465648255933703, 3.087377584617729, 3.718906175207974, 2.4657860430296865, 4.050092928563491, 5.590375617076191, 5.936839789820844, 4.8932239137403055, 3.0026824057832022], [3.919703638031835, 3.4831064123853586, 4.602236914805668, 4.9130412872272915, 6.09130171309877, 4.160729883085419, 2.8167158092359976, 2.741134746779151, 2.1901566564974297, 1.099181995849641, 2.110476109791343, 3.240290675232702, 2.691048723081765, 3.0363137288495072, 4.184022186843659, 4.882681766201848, 4.669255790808638, 3.6771678626355913, 5.451406873459364, 4.800254515127298, 1.7465648255933703, 0.0, 2.4643018362205553, 4.125646961386784, 3.6014744397260405, 2.932568734062341, 4.815246815065662, 5.872492184754273, 5.55412493017577, 4.045860568531744], [4.149073974997313, 3.741687365347351, 4.567941521079271, 4.640245710089068, 5.553750493135247, 4.030569307182299, 2.956707880396709, 2.6749824448022084, 3.0618548691928558, 2.229967654473939, 1.089658125285174, 2.0935758214117777, 4.39508472387052, 4.932607576120363, 6.274288585967336, 7.041523210925318, 6.6852907386290985, 5.446430589845059, 5.255597421797069, 4.419027980223706, 3.087377584617729, 2.4643018362205553, 0.0, 2.4214753126967867, 3.075377189874439, 4.573047047647771, 6.875826161996826, 8.092028636874687, 7.535071941262407, 5.52732349333744], [4.176633919797138, 4.430329352316823, 5.32208959244393, 5.797849991160517, 6.56227545672993, 5.701263545039819, 4.872122007914006, 4.962126613660719, 4.484938034131575, 3.5072986342768138, 2.1131802147474317, 1.0858042595237876, 5.856904306884312, 6.760957259885615, 8.033932362797188, 8.499141950808916, 7.810174467321457, 6.492981543174137, 5.626351893545231, 6.214560488079588, 3.718906175207974, 4.125646961386784, 2.4214753126967867, 0.0, 1.8561798646682928, 6.666686884052678, 8.796778741107453, 9.543748649770697, 8.429676426174376, 6.169799491879781], [2.926587628963124, 3.5438752940813254, 4.696496670923977, 5.538923777233263, 6.464854666579907, 5.5895666433096585, 4.715869749049479, 5.122800786679099, 3.771860217452391, 2.777327359171043, 2.1216368610108565, 1.08685858325727, 4.878920824321707, 5.978902967936509, 7.102362356286815, 7.305700213531896, 6.442545219088493, 5.176582645916126, 4.960289912898237, 6.345138525674598, 2.4657860430296865, 3.6014744397260405, 3.075377189874439, 1.8561798646682928, 0.0, 6.174732807174736, 7.986860406317366, 8.306952668698672, 6.917252077234139, 4.691163444178853], [5.168494127886768, 4.213425416451559, 4.691816822937571, 4.497714598548912, 5.560089515466455, 3.429882251623224, 2.6198235913893133, 2.582287021227501, 2.8086207896403526, 3.409396852817225, 4.560569325204914, 5.817223002429939, 2.1842993590623054, 1.0891520463186026, 2.1306513839668844, 3.3841313819058505, 3.870298487197079, 3.4120179674204527, 5.683977380320932, 3.843253354906491, 4.050092928563491, 2.932568734062341, 4.573047047647771, 6.666686884052678, 6.174732807174736, 0.0, 2.4404460145637317, 4.275070717543747, 4.957422743724807, 4.342698683998234], [6.695889088089796, 5.908117193319713, 6.330772819332566, 6.287500875546659, 7.2727634094613585, 5.44482431029689, 4.906470354542051, 5.015021356883738, 4.738235174619343, 5.3285131331357345, 6.697434349062333, 7.846970983124635, 3.426369002311339, 2.1563766762789847, 1.08753134667466, 2.1505052848109907, 3.390923303467656, 3.8707701636754406, 7.217631301888453, 5.86280070955853, 5.590375617076191, 4.815246815065662, 6.875826161996826, 8.796778741107453, 7.986860406317366, 2.4404460145637317, 0.0, 2.478803782069085, 4.289391128120633, 4.958101613521046], [6.646052990309362, 6.187253220937381, 6.647588072376327, 7.010589790452727, 7.986842526305374, 6.597172538292447, 6.176082853233108, 6.669172237991759, 5.469601925186147, 6.094165893705226, 7.599044416898745, 8.487735025317415, 3.913937997720455, 3.4027422382543175, 2.1523728859098745, 1.0868450165501984, 2.1524325634035555, 3.403326914946609, 7.313940501535407, 7.255125235996964, 5.936839789820844, 5.872492184754273, 8.092028636874687, 9.543748649770697, 8.306952668698672, 4.275070717543747, 2.478803782069085, 0.0, 2.4786765702689006, 4.274463224780394], [4.986289683722758, 4.90676721885194, 5.462196252424477, 6.254418518935234, 7.235181093794406, 6.264379153595351, 5.891276354916649, 6.711339234459841, 4.741727980388585, 5.356798153748188, 6.783937201212877, 7.354094032578044, 3.4254554105987136, 3.8697904516911508, 3.3907318708503036, 2.1504136927577444, 1.0873940867965026, 2.1562558591224743, 5.8858297375986, 7.144954668155704, 4.8932239137403055, 5.55412493017577, 7.535071941262407, 8.429676426174376, 6.917252077234139, 4.957422743724807, 4.289391128120633, 2.4786765702689006, 0.0, 2.438846317421415], [2.5512634379851877, 2.608480795405632, 3.41457913951339, 4.452763776577419, 5.512047490724295, 4.636390848494117, 4.200546046646793, 5.179077856143891, 2.816921255555434, 3.455984973925668, 4.690205781199798, 5.125966367427707, 2.1847118368334075, 3.412572024148355, 3.8708430477093745, 3.3839201305586397, 2.1298594460668054, 1.0889364949343925, 3.8285123089785147, 5.627930569045784, 3.0026824057832022, 4.045860568531744, 5.52732349333744, 6.169799491879781, 4.691163444178853, 4.342698683998234, 4.958101613521046, 4.274463224780394, 2.438846317421415, 0.0]]}