{"total energy": -30.3837966, "HOMO-LUMO gap/eV": 11.49798868, "electronic energy": -30.77143408, "dipole": [0.2543786, -0.04209443, -0.6628123], "partial charges": [-0.10029647, -0.05222953, -0.05627184, -0.07615181, 0.14366151, -0.10970921, -0.45234154, -0.06573079, -0.09906362, 0.03175135, 0.0325061, 0.0325409, 0.03086671, 0.02908488, 0.03016127, 0.02709077, 0.04317618, 0.02880817, 0.05329078, 0.04576285, 0.03442917, 0.28196677, 0.02768812, 0.03051689, 0.04254928, 0.03622413, 0.02971898], "atomic dipole moments": [[-0.06279657, 0.06954469, 0.03779223], [-0.03480085, -0.09942631, -0.03691085], [0.03115856, 0.09925519, 0.03810868], [-0.039876, -0.09556612, -0.03566113], [-0.00429138, -0.11049382, 0.08256339], [0.06323771, -0.07822718, -0.06020387], [0.06724361, 0.06599315, -0.20921197], [-0.0523251, 0.00439697, 0.09214992], [0.10647094, 0.02572528, -0.00773544], [-0.02993276, -0.02894997, -0.11866032], [-0.00174256, -0.10583891, 0.06822784], [0.11750082, 0.04322206, 5.04e-06], [0.03947406, 0.02857246, 0.11393711], [0.01193843, 0.103152, -0.06748558], [-0.00461542, -0.10450862, 0.06565587], [-0.03272948, -0.02910266, -0.11554802], [0.04689347, 0.03104867, 0.11249743], [0.01076005, 0.10442362, -0.06797634], [-0.11948414, -0.03164679, 0.03888731], [0.04939097, 0.03617107, 0.11218532], [-0.00669915, 0.10417005, -0.07433199], [0.02635717, -0.05914858, -0.04159579], [0.04961084, -0.09977003, -0.04935805], [0.01287403, 0.08988533, -0.08687737], [-0.02524593, -0.09396065, 0.08408083], [-0.07380572, 0.10050543, 0.025908], [-0.03698037, -0.04153253, -0.110729]], "atomic quadrupole moments": [[0.02705853, -0.14526034, 0.04900932, -0.08291341, 0.09517973, -0.07606785], [0.19540753, -0.04379044, -0.01159563, -0.08309055, 0.09977319, -0.1838119], [0.18645373, -0.022439, -0.00623685, -0.07162343, 0.10380666, -0.18021687], [0.17273495, -0.0383513, -0.00022327, -0.1095622, 0.08236719, -0.17251168], [-0.14162189, 0.02121137, 0.11962617, -0.02233283, -0.17691863, 0.02199571], [-0.01521134, -0.12854062, 0.08422671, -0.05675759, 0.10558737, -0.06901537], [-0.09874038, 0.00045395, 0.0652583, -0.03485509, -0.10502873, 0.03348208], [0.1382739, 0.08187757, -0.17635616, 0.05954836, 0.05118397, 0.03808226], [0.21390217, 0.07848152, -0.11176056, -0.01934778, 0.01386744, -0.10214162], [-0.02812636, -0.00520845, -0.03479614, 0.03922517, 0.02266453, 0.0629225], [-0.04364254, 0.00247418, 0.03882457, -0.01677293, -0.05506101, 0.00481798], [0.0647818, 0.04064578, -0.01473502, -0.00128772, 0.01027208, -0.05004678], [-0.01375482, -0.00224314, -0.0364435, 0.01740444, 0.01336113, 0.05019832], [-0.01959256, -0.00501326, 0.02033672, -0.00552217, -0.04537826, -0.00074416], [-0.02301753, 0.00029024, 0.01896497, -0.00707497, -0.04583157, 0.00405256], [-0.01134848, -0.00037844, -0.0358417, 0.02443588, 0.01170302, 0.04719018], [-0.00857231, -0.01046954, -0.03886264, 0.01873513, 0.0196643, 0.04743496], [-0.02458029, -0.00904922, 0.01946754, -0.01200174, -0.05003216, 0.00511275], [0.0635152, 0.04481219, -0.01984509, -0.01355802, 0.00398603, -0.04367011], [0.00300189, 0.00682814, -0.03997441, 0.05419682, 0.02944155, 0.03697251], [-0.0486395, -0.00503361, 0.02907982, -0.00632753, -0.06288413, 0.01955969], [-0.06704159, -0.06493482, 0.08596643, -0.03959028, 0.06215763, -0.01892484], [0.01878629, -0.03633918, 0.02392126, -0.00075586, 0.02866548, -0.04270755], [-0.01833361, 0.01416195, 0.02608007, 0.0050762, -0.04831255, -0.00774647], [-0.02829478, 0.00471804, 0.01301832, -0.00389055, -0.06476582, 0.01527646], [-0.00571251, -0.03898452, 0.04783535, -0.01782964, 0.03071789, -0.04212284], [-0.02138568, 0.01163812, -0.04160693, 0.0205905, 0.04187639, 0.0629926]], "number of molecular orbitals": 54, "number of electrons": 56, "number of unpaired electrons": 0, "orbital energies/eV": [-18.35206711, -17.13069285, -16.92448487, -16.58669323, -16.40754425, -15.79008763, -15.49234529, -15.39404139, -15.16988232, -14.47706736, -14.20837431, -14.0110587, -13.98434752, -13.48330655, -13.28560293, -13.03799832, -12.76558051, -12.6132741, -12.51312258, -12.4694465, -12.22983889, -12.08472217, -11.95159826, -11.86000535, -11.76492957, -11.55745047, -11.35290126, -10.77948577, 0.71850291, 1.37477742, 1.70911732, 2.23996324, 3.0011603, 3.07689699, 3.19642378, 3.94258473, 4.01539329, 4.17385736, 4.37780484, 4.62160023, 4.76308841, 4.8649882, 5.27879124, 5.48454194, 5.74478951, 6.21082459, 6.31732759, 6.7106613, 6.98322885, 7.07557369, 7.3074621, 7.62895961, 7.87357385, 8.35133521], "fractional occupation": [2.0, 2.0, 2.0, 2.0, 2.0, 2.0, 2.0, 2.0, 2.0, 2.0, 2.0, 2.0, 2.0, 2.0, 2.0, 2.0, 2.0, 2.0, 2.0, 2.0, 2.0, 2.0, 2.0, 2.0, 2.0, 2.0, 2.0, 2.0, 0.0, 0.0, 0.0, 0.0, 0.0, 0.0, 0.0, 0.0, 0.0, 0.0, 0.0, 0.0, 0.0, 0.0, 0.0, 0.0, 0.0, 0.0, 0.0, 0.0, 0.0, 0.0, 0.0, 0.0, 0.0, 0.0], "program call": "xtb /home/svss/Project-DBcg-Debug/aqme2_20220329/End-to-End-workflows-final/example-3/QDESCP/mol_509_rdkit_conf_12/mol_509_rdkit_conf_12.xyz --pop --wbo --acc 0.2 --gfn 2 --chrg 0 --uhf 0 --etemp 300 --input /home/svss/Project-DBcg-Debug/aqme2_20220329/End-to-End-workflows-final/example-3/QDESCP/mol_509_rdkit_conf_12/mol_509_rdkit_conf_12_xtb.inp", "method": "GFN2-xTB", "xtb version": "6.3.3 (7355c4f)", "Dipole module/D": 1.808, "Total charge": 0, "Transition dipole module/D": NaN, "HOMO": -10.7795, "LUMO": 0.7185, "HOMO occupancy": 2.0, "LUMO occupancy": 0, "mulliken charges": [-0.0838, -0.03759, -0.04588, -0.0752, 0.24453, -0.0961, -0.5698, -0.06969, -0.07806, 0.02624, 0.02717, 0.02931, 0.0246, 0.02218, 0.02319, 0.01871, 0.03766, 0.02296, 0.04339, 0.04068, 0.02376, 0.33352, 0.02392, 0.02556, 0.03541, 0.02721, 0.02613], "cm5 charges": [-0.23418, -0.15032, -0.15671, -0.1793, 0.23502, -0.23915, -0.77697, -0.17629, -0.228, 0.07754, 0.07845, 0.08008, 0.07932, 0.07688, 0.08092, 0.07509, 0.09588, 0.07926, 0.09807, 0.09447, 0.07618, 0.505, 0.08202, 0.08127, 0.08916, 0.07932, 0.07696], "FUKUI+": [0.011, -0.014, -0.012, -0.01, -0.054, 0.03, -0.091, 0.005, 0.015, -0.031, -0.031, -0.059, -0.038, -0.038, -0.036, -0.038, -0.058, -0.072, -0.062, -0.046, -0.067, -0.075, -0.036, -0.067, -0.03, -0.035, -0.058], "FUKUI-": [0.015, 0.001, 0.007, -0.006, -0.023, 0.022, -0.103, -0.003, 0.016, -0.056, -0.053, -0.067, -0.064, -0.059, -0.039, -0.049, -0.053, -0.052, -0.058, -0.056, -0.044, -0.044, -0.038, -0.048, -0.034, -0.042, -0.072], "FUKUIrad": [0.013, -0.006, -0.003, -0.008, -0.038, 0.026, -0.097, 0.001, 0.015, -0.043, -0.042, -0.063, -0.051, -0.048, -0.037, -0.044, -0.056, -0.062, -0.06, -0.051, -0.056, -0.059, -0.037, -0.058, -0.032, -0.038, -0.065], "s proportion": [1.008, 1.028, 1.032, 1.047, 1.05, 1.016, 1.701, 1.04, 1.006, 0.974, 0.973, 0.971, 0.975, 0.978, 0.977, 0.981, 0.962, 0.977, 0.957, 0.959, 0.976, 0.666, 0.976, 0.974, 0.965, 0.973, 0.974], "p proportion": [3.076, 3.01, 3.014, 3.029, 2.706, 3.08, 4.869, 3.03, 3.072, 0.0, 0.0, 0.0, 0.0, 0.0, 0.0, 0.0, 0.0, 0.0, 0.0, 0.0, 0.0, 0.0, 0.0, 0.0, 0.0, 0.0, 0.0], "d proportion": [0.0, 0.0, 0.0, 0.0, 0.0, 0.0, 0.0, 0.0, 0.0, 0.0, 0.0, 0.0, 0.0, 0.0, 0.0, 0.0, 0.0, 0.0, 0.0, 0.0, 0.0, 0.0, 0.0, 0.0, 0.0, 0.0, 0.0], "Fermi-level/eV": -5.0305, "Coordination numbers": [3.75, 3.8, 3.8, 3.802, 3.77, 3.752, 1.653, 3.799, 3.748, 0.924, 0.924, 0.924, 0.924, 0.924, 0.924, 0.924, 0.923, 0.924, 0.924, 0.924, 0.924, 0.804, 0.924, 0.924, 0.924, 0.924, 0.924], "Dispersion coefficient C6": [22.479, 21.512, 21.587, 21.954, 18.298, 22.658, 21.893, 21.762, 22.459, 2.562, 2.551, 2.551, 2.574, 2.6, 2.584, 2.628, 2.407, 2.604, 2.279, 2.374, 2.524, 0.778, 2.62, 2.579, 2.415, 2.5, 2.591], "Total dispersion C6": 4843.055517, "Total dispersion C8": 100659.607547, "Polarizability alpha": [6.762, 6.604, 6.615, 6.671, 6.096, 6.788, 6.316, 6.642, 6.759, 2.503, 2.498, 2.498, 2.509, 2.521, 2.514, 2.535, 2.426, 2.523, 2.361, 2.409, 2.485, 1.386, 2.531, 2.512, 2.43, 2.473, 2.517], "Total polarizability alpha": 102.884455, "Wiberg matrix": [[0.0, 1.0201806486149338, 0.0, 0.0, 0.0, 0.0, 0.0, 0.0, 0.0, 0.9876836466094214, 0.9876790054809509, 0.987197877452774, 0.0, 0.0, 0.0, 0.0, 0.0, 0.0, 0.0, 0.0, 0.0, 0.0, 0.0, 0.0, 0.0, 0.0, 0.0], [1.0201806486149338, 0.0, 1.0063057636851194, 0.0, 0.0, 0.0, 0.0, 0.0, 0.0, 0.0, 0.0, 0.0, 0.9778745970511336, 0.9780657984335343, 0.0, 0.0, 0.0, 0.0, 0.0, 0.0, 0.0, 0.0, 0.0, 0.0, 0.0, 0.0, 0.0], [0.0, 1.0063057636851194, 0.0, 1.0072895245839624, 0.0, 0.0, 0.0, 0.0, 0.0, 0.0, 0.0, 0.0, 0.0, 0.0, 0.9740322823329074, 0.975435384952974, 0.0, 0.0, 0.0, 0.0, 0.0, 0.0, 0.0, 0.0, 0.0, 0.0, 0.0], [0.0, 0.0, 1.0072895245839624, 0.0, 0.9727497156195245, 0.0, 0.0, 0.0, 0.0, 0.0, 0.0, 0.0, 0.0, 0.0, 0.0, 0.0, 0.9743114031837994, 0.9763613562013908, 0.0, 0.0, 0.0, 0.0, 0.0, 0.0, 0.0, 0.0, 0.0], [0.0, 0.0, 0.0, 0.9727497156195245, 0.0, 0.9949775410043159, 0.9738300183076751, 0.9780835678586065, 0.0, 0.0, 0.0, 0.0, 0.0, 0.0, 0.0, 0.0, 0.0, 0.0, 0.0, 0.0, 0.0, 0.0, 0.0, 0.0, 0.0, 0.0, 0.0], [0.0, 0.0, 0.0, 0.0, 0.9949775410043159, 0.0, 0.0, 0.0, 0.0, 0.0, 0.0, 0.0, 0.0, 0.0, 0.0, 0.0, 0.0, 0.0, 0.9817816430528906, 0.9841280943019407, 0.9863930566450483, 0.0, 0.0, 0.0, 0.0, 0.0, 0.0], [0.0, 0.0, 0.0, 0.0, 0.9738300183076751, 0.0, 0.0, 0.0, 0.0, 0.0, 0.0, 0.0, 0.0, 0.0, 0.0, 0.0, 0.0, 0.0, 0.0, 0.0, 0.0, 0.8983342436241768, 0.0, 0.0, 0.0, 0.0, 0.0], [0.0, 0.0, 0.0, 0.0, 0.9780835678586065, 0.0, 0.0, 0.0, 1.0193162294434188, 0.0, 0.0, 0.0, 0.0, 0.0, 0.0, 0.0, 0.0, 0.0, 0.0, 0.0, 0.0, 0.0, 0.9724493602831601, 0.9769557099959703, 0.0, 0.0, 0.0], [0.0, 0.0, 0.0, 0.0, 0.0, 0.0, 0.0, 1.0193162294434188, 0.0, 0.0, 0.0, 0.0, 0.0, 0.0, 0.0, 0.0, 0.0, 0.0, 0.0, 0.0, 0.0, 0.0, 0.0, 0.0, 0.9863906552022109, 0.9863707303799318, 0.9868724362461541], [0.9876836466094214, 0.0, 0.0, 0.0, 0.0, 0.0, 0.0, 0.0, 0.0, 0.0, 0.0, 0.0, 0.0, 0.0, 0.0, 0.0, 0.0, 0.0, 0.0, 0.0, 0.0, 0.0, 0.0, 0.0, 0.0, 0.0, 0.0], [0.9876790054809509, 0.0, 0.0, 0.0, 0.0, 0.0, 0.0, 0.0, 0.0, 0.0, 0.0, 0.0, 0.0, 0.0, 0.0, 0.0, 0.0, 0.0, 0.0, 0.0, 0.0, 0.0, 0.0, 0.0, 0.0, 0.0, 0.0], [0.987197877452774, 0.0, 0.0, 0.0, 0.0, 0.0, 0.0, 0.0, 0.0, 0.0, 0.0, 0.0, 0.0, 0.0, 0.0, 0.0, 0.0, 0.0, 0.0, 0.0, 0.0, 0.0, 0.0, 0.0, 0.0, 0.0, 0.0], [0.0, 0.9778745970511336, 0.0, 0.0, 0.0, 0.0, 0.0, 0.0, 0.0, 0.0, 0.0, 0.0, 0.0, 0.0, 0.0, 0.0, 0.0, 0.0, 0.0, 0.0, 0.0, 0.0, 0.0, 0.0, 0.0, 0.0, 0.0], [0.0, 0.9780657984335343, 0.0, 0.0, 0.0, 0.0, 0.0, 0.0, 0.0, 0.0, 0.0, 0.0, 0.0, 0.0, 0.0, 0.0, 0.0, 0.0, 0.0, 0.0, 0.0, 0.0, 0.0, 0.0, 0.0, 0.0, 0.0], [0.0, 0.0, 0.9740322823329074, 0.0, 0.0, 0.0, 0.0, 0.0, 0.0, 0.0, 0.0, 0.0, 0.0, 0.0, 0.0, 0.0, 0.0, 0.0, 0.0, 0.0, 0.0, 0.0, 0.0, 0.0, 0.0, 0.0, 0.0], [0.0, 0.0, 0.975435384952974, 0.0, 0.0, 0.0, 0.0, 0.0, 0.0, 0.0, 0.0, 0.0, 0.0, 0.0, 0.0, 0.0, 0.0, 0.0, 0.0, 0.0, 0.0, 0.0, 0.0, 0.0, 0.0, 0.0, 0.0], [0.0, 0.0, 0.0, 0.9743114031837994, 0.0, 0.0, 0.0, 0.0, 0.0, 0.0, 0.0, 0.0, 0.0, 0.0, 0.0, 0.0, 0.0, 0.0, 0.0, 0.0, 0.0, 0.0, 0.0, 0.0, 0.0, 0.0, 0.0], [0.0, 0.0, 0.0, 0.9763613562013908, 0.0, 0.0, 0.0, 0.0, 0.0, 0.0, 0.0, 0.0, 0.0, 0.0, 0.0, 0.0, 0.0, 0.0, 0.0, 0.0, 0.0, 0.0, 0.0, 0.0, 0.0, 0.0, 0.0], [0.0, 0.0, 0.0, 0.0, 0.0, 0.9817816430528906, 0.0, 0.0, 0.0, 0.0, 0.0, 0.0, 0.0, 0.0, 0.0, 0.0, 0.0, 0.0, 0.0, 0.0, 0.0, 0.0, 0.0, 0.0, 0.0, 0.0, 0.0], [0.0, 0.0, 0.0, 0.0, 0.0, 0.9841280943019407, 0.0, 0.0, 0.0, 0.0, 0.0, 0.0, 0.0, 0.0, 0.0, 0.0, 0.0, 0.0, 0.0, 0.0, 0.0, 0.0, 0.0, 0.0, 0.0, 0.0, 0.0], [0.0, 0.0, 0.0, 0.0, 0.0, 0.9863930566450483, 0.0, 0.0, 0.0, 0.0, 0.0, 0.0, 0.0, 0.0, 0.0, 0.0, 0.0, 0.0, 0.0, 0.0, 0.0, 0.0, 0.0, 0.0, 0.0, 0.0, 0.0], [0.0, 0.0, 0.0, 0.0, 0.0, 0.0, 0.8983342436241768, 0.0, 0.0, 0.0, 0.0, 0.0, 0.0, 0.0, 0.0, 0.0, 0.0, 0.0, 0.0, 0.0, 0.0, 0.0, 0.0, 0.0, 0.0, 0.0, 0.0], [0.0, 0.0, 0.0, 0.0, 0.0, 0.0, 0.0, 0.9724493602831601, 0.0, 0.0, 0.0, 0.0, 0.0, 0.0, 0.0, 0.0, 0.0, 0.0, 0.0, 0.0, 0.0, 0.0, 0.0, 0.0, 0.0, 0.0, 0.0], [0.0, 0.0, 0.0, 0.0, 0.0, 0.0, 0.0, 0.9769557099959703, 0.0, 0.0, 0.0, 0.0, 0.0, 0.0, 0.0, 0.0, 0.0, 0.0, 0.0, 0.0, 0.0, 0.0, 0.0, 0.0, 0.0, 0.0, 0.0], [0.0, 0.0, 0.0, 0.0, 0.0, 0.0, 0.0, 0.0, 0.9863906552022109, 0.0, 0.0, 0.0, 0.0, 0.0, 0.0, 0.0, 0.0, 0.0, 0.0, 0.0, 0.0, 0.0, 0.0, 0.0, 0.0, 0.0, 0.0], [0.0, 0.0, 0.0, 0.0, 0.0, 0.0, 0.0, 0.0, 0.9863707303799318, 0.0, 0.0, 0.0, 0.0, 0.0, 0.0, 0.0, 0.0, 0.0, 0.0, 0.0, 0.0, 0.0, 0.0, 0.0, 0.0, 0.0, 0.0], [0.0, 0.0, 0.0, 0.0, 0.0, 0.0, 0.0, 0.0, 0.9868724362461541, 0.0, 0.0, 0.0, 0.0, 0.0, 0.0, 0.0, 0.0, 0.0, 0.0, 0.0, 0.0, 0.0, 0.0, 0.0, 0.0, 0.0, 0.0]], "Born radii": [], "Atomic SASAs": [], "Solvent H bonds": [], "Total SASA": NaN, "Total FOD": 0.0, "FOD": [0.0, 0.0, 0.0, 0.0, 0.0, 0.0, 0.0, 0.0, 0.0, 0.0, 0.0, 0.0, 0.0, 0.0, 0.0, 0.0, 0.0, 0.0, 0.0, 0.0, 0.0, 0.0, 0.0, 0.0, 0.0, 0.0, 0.0], "FOD s proportion": [0.0, 0.0, 0.0, 0.0, 0.0, 0.0, 0.0, 0.0, 0.0, 0.0, 0.0, 0.0, 0.0, 0.0, 0.0, 0.0, 0.0, 0.0, 0.0, 0.0, 0.0, 0.0, 0.0, 0.0, 0.0, 0.0, 0.0], "FOD p proportion": [0.0, 0.0, 0.0, 0.0, 0.0, 0.0, 0.0, 0.0, 0.0, 0.0, 0.0, 0.0, 0.0, 0.0, 0.0, 0.0, 0.0, 0.0, 0.0, 0.0, 0.0, 0.0, 0.0, 0.0, 0.0, 0.0, 0.0], "FOD d proportion": [0.0, 0.0, 0.0, 0.0, 0.0, 0.0, 0.0, 0.0, 0.0, 0.0, 0.0, 0.0, 0.0, 0.0, 0.0, 0.0, 0.0, 0.0, 0.0, 0.0, 0.0, 0.0, 0.0, 0.0, 0.0, 0.0, 0.0], "coordinates": [["3.71030", "-0.92920", "-0.86380"], ["2.77560", "0.12400", "-0.29010"], ["1.32500", "-0.36400", "-0.27110"], ["0.38990", "0.70850", "0.30380"], ["-1.09580", "0.29250", "0.43510"], ["-1.86930", "1.45110", "1.07860"], ["-1.18800", "-0.81030", "1.34120"], ["-1.70550", "-0.11030", "-0.92600"], ["-3.18390", "-0.48330", "-0.87520"], ["3.43520", "-1.17900", "-1.89340"], ["3.68050", "-1.84680", "-0.26750"], ["4.74060", "-0.55990", "-0.86760"], ["3.09820", "0.37420", "0.72720"], ["2.85300", "1.03840", "-0.88980"], ["1.26200", "-1.27990", "0.32700"], ["1.02440", "-0.61740", "-1.29340"], ["0.76710", "0.97450", "1.30070"], ["0.46090", "1.61180", "-0.31580"], ["-2.88980", "1.15550", "1.34480"], ["-1.39720", "1.75860", "2.01930"], ["-1.91470", "2.32180", "0.41650"], ["-0.84130", "-1.60120", "0.89550"], ["-1.17880", "-0.98790", "-1.31860"], ["-1.56970", "0.70120", "-1.65100"], ["-3.37250", "-1.27250", "-0.14120"], ["-3.80760", "0.38070", "-0.62810"], ["-3.50860", "-0.85110", "-1.85420"]], "bond_dist": [[0.0, 1.5205347809241327, 2.5219834297631696, 3.882062236749947, 5.126235393541737, 6.369511913011859, 5.373034998955432, 5.477714458604063, 6.9086142177718965, 1.09460322034973, 1.0947380919653797, 1.0944930424630388, 2.145879532965446, 2.1464130660243383, 2.7450260508782063, 2.7378521161669784, 4.119655347234766, 4.161199990387388, 7.265342941664901, 6.451595980840709, 6.621842197606343, 4.925828158797261, 4.910558780831362, 5.5817817943735495, 7.1278370835759155, 7.63480274204907, 7.286940989194299], [1.5205347809241327, 0.0, 1.5306029400206964, 2.5270381773926567, 3.942340072850134, 5.020919249500036, 4.386819022936779, 4.532054998563014, 6.0188699562293255, 2.168744348695807, 2.1687340570019185, 2.159270816734205, 1.0961615255061639, 1.0962473306694982, 2.154700113704921, 2.1501130877235273, 2.6996420392340905, 2.7517349836057976, 5.986121233319619, 5.0415776657709035, 5.227668934620859, 4.178986481193736, 4.234549943028185, 4.589862823658241, 6.306466290245274, 6.596867524060189, 6.548923458095995], [2.5219834297631696, 1.5306029400206964, 0.0, 1.5346590077277753, 2.605759645477687, 3.9140555169797993, 3.0189176835415696, 3.1108178908447854, 4.550752521287001, 2.7837072996276024, 2.78335931025802, 3.4728248472965055, 2.1646663414946885, 2.1643242478889344, 1.095703162357397, 1.0952941203165476, 2.138548549834677, 2.1569544594172587, 4.762830261514681, 4.142672538350093, 4.264032304052116, 2.753992572611626, 2.7848737673366815, 3.3790624646490337, 4.786308860698398, 5.198616147591587, 5.109516707086884], [3.882062236749947, 2.5270381773926567, 1.5346590077277753, 0.0, 1.5484186061914909, 2.501150623213244, 2.4233696808369953, 2.563892088212763, 3.947464335494369, 4.202879510526087, 4.205233660571074, 4.680769916370596, 2.7615055567570383, 2.756878049533566, 2.171366208174015, 2.170633294686138, 1.098565177857008, 1.0976775710562734, 3.469859087916972, 2.690608977536498, 2.8154252502952377, 2.6834076134646407, 2.8232559944149593, 2.7679104916886312, 4.2752824187414795, 4.3121800403044395, 4.720976425486575], [5.126235393541737, 3.942340072850134, 2.605759645477687, 1.5484186061914909, 0.0, 1.534518966973038, 1.4302747603170516, 1.5448544073795432, 2.584359367425513, 5.302564049589595, 5.280463326262194, 6.0404617381455195, 4.204953424236706, 4.2314002717776535, 2.836079725607163, 2.882859396502022, 2.1644361321138583, 2.17433166513299, 2.188780274490795, 2.179445069277957, 2.188378774344149, 1.9654104151550638, 2.1729649905141133, 2.1779417140961326, 2.8221817057021683, 2.9141092498394765, 3.517146469796218], [6.369511913011859, 5.020919249500036, 3.9140555169797993, 2.501150623213244, 1.534518966973038, 0.0, 2.3763540161348016, 2.5462171077895146, 3.0475253829951936, 6.624796620274467, 6.594574259192173, 7.177924034844615, 5.095022259028904, 5.132741678674274, 4.222357546442508, 4.275345125250124, 2.6883230702428604, 2.7202955519575442, 1.095290851783215, 1.0965177381146187, 1.0947858512056137, 3.225964181450253, 3.4888506832479944, 2.8465463864128404, 3.3414845862281037, 2.7956373048018945, 4.072928328610756], [5.373034998955432, 4.386819022936779, 3.0189176835415696, 2.4233696808369953, 1.4302747603170516, 2.3763540161348016, 0.0, 2.4285802622108252, 3.0004957540379893, 5.654427918896835, 5.231112710504334, 6.331650303041063, 4.489047414541308, 4.9723971774185545, 2.692884290124624, 3.4457279825894553, 2.647558743446498, 3.3661682400022728, 2.600097275103376, 2.6651137799351083, 3.345626008686566, 0.9717881404915373, 2.665738629348346, 3.373957317453794, 2.680145303896787, 3.4869653927161366, 3.949358195960453], [5.477714458604063, 4.532054998563014, 3.1108178908447854, 2.563892088212763, 1.5448544073795432, 2.5462171077895146, 2.4285802622108252, 0.0, 1.525574055888471, 5.3389866959939125, 5.697196722950682, 6.462024135671422, 5.1032679902196, 4.701142880194134, 3.4269562894790475, 2.8008011675233213, 3.4998192367606644, 2.8339480252820444, 2.8568074436335396, 3.501803562451783, 2.785889678361295, 2.5074861315668326, 1.0962341948689613, 1.096630699004911, 2.178418894519601, 2.1791396972199832, 2.1590529150532647], [6.9086142177718965, 6.0188699562293255, 4.550752521287001, 3.947464335494369, 2.584359367425513, 3.0475253829951936, 3.0004957540379893, 1.525574055888471, 0.0, 6.732994470516071, 7.0248429804515915, 7.92487385199285, 6.539707365012596, 6.225748602377067, 4.67395798119752, 4.231153854446798, 4.740266094851639, 4.241101202518045, 2.7749883333088086, 4.073885461080122, 3.3388536266209696, 3.1421097466511254, 2.1146277994011142, 2.1472185566448516, 1.0941492585566195, 1.0938720674740716, 1.0950561309814215], [1.09460322034973, 2.168744348695807, 2.7837072996276024, 4.202879510526087, 5.302564049589595, 6.624796620274467, 5.654427918896835, 5.3389866959939125, 6.732994470516071, 0.0, 1.7747337096026548, 1.7718971781680783, 3.0648888397460685, 2.5026051546338666, 3.1085615982315677, 2.547027915041372, 4.68599985808792, 4.373082081324338, 7.479402014198729, 6.876831015082455, 6.797990045594359, 5.12295503591433, 4.653591113323129, 5.35190936115327, 7.0302010198855625, 7.516102714838322, 6.951648257068246], [1.0947380919653797, 2.1687340570019185, 2.78335931025802, 4.205233660571074, 5.280463326262194, 6.594574259192173, 5.231112710504334, 5.697196722950682, 7.0248429804515915, 1.7747337096026548, 0.0, 1.7720168255408864, 2.502267447736153, 3.0653535815628192, 2.554202049564599, 3.10141296508543, 4.348204743339485, 4.725470453827851, 7.401497056001576, 6.6341088843943465, 7.0108020225934204, 4.675421221665487, 5.045326244159043, 5.997580869817429, 7.077469970264798, 7.820705225233847, 7.429144916475919], [1.0944930424630388, 2.159270816734205, 3.4728248472965055, 4.680769916370596, 6.0404617381455195, 7.177924034844615, 6.331650303041063, 6.462024135671422, 7.92487385199285, 1.7718971781680783, 1.7720168255408864, 0.0, 2.472530608506192, 2.473477206282685, 3.7478163135351226, 3.7409563389593306, 4.779603592349474, 4.830796644446959, 8.12774969348835, 7.168139416891945, 7.3651969281207945, 5.945623172553067, 5.951964495861849, 6.48259013512346, 8.176664804796635, 8.603128027060855, 8.3130907393099], [2.145879532965446, 1.0961615255061639, 2.1646663414946885, 2.7615055567570383, 4.204953424236706, 5.095022259028904, 4.489047414541308, 5.1032679902196, 6.539707365012596, 3.0648888397460685, 2.502267447736153, 2.472530608506192, 0.0, 1.765212077910187, 2.5035649162743914, 3.0605132510740742, 2.474528146940341, 3.094326105955867, 6.070255633002616, 4.877981850109736, 5.386914391374713, 4.410236989097071, 4.932883847203378, 5.24900511049475, 6.733178888162708, 7.037538914990097, 7.198249251727811], [2.1464130660243383, 1.0962473306694982, 2.1643242478889344, 2.756878049533566, 4.2314002717776535, 5.132741678674274, 4.9723971774185545, 4.701142880194134, 6.225748602377067, 2.5026051546338666, 3.0653535815628192, 2.473477206282685, 1.765212077910187, 0.0, 3.063722919912961, 2.4996688900732433, 3.0254507548462923, 2.5259465493157216, 6.163351475455541, 5.200552940793893, 5.107298555988283, 4.878794599078752, 4.532678277795591, 4.500378269656897, 6.68262755358998, 6.698107832813682, 6.705984802398527], [2.7450260508782063, 2.154700113704921, 1.095703162357397, 2.171366208174015, 2.836079725607163, 4.222357546442508, 2.692884290124624, 3.4269562894790475, 4.67395798119752, 3.1085615982315677, 2.554202049564599, 3.7478163135351226, 2.5035649162743914, 3.063722919912961, 0.0, 1.766651117227168, 2.505062286650773, 3.068693849180788, 4.919810284960183, 4.378093898033709, 4.803298453146546, 2.202338945303379, 2.9581697043949324, 3.981929946646475, 4.65809577509952, 5.419469764654103, 5.263091034743746], [2.7378521161669784, 2.1501130877235273, 1.0952941203165476, 2.170633294686138, 2.882859396502022, 4.275345125250124, 3.4457279825894553, 2.8008011675233213, 4.231153854446798, 2.547027915041372, 3.10141296508543, 3.7409563389593306, 3.0605132510740742, 2.4996688900732433, 1.766651117227168, 0.0, 3.054456368979593, 2.498512887699401, 5.042245064452937, 4.741677324534009, 4.494548193089045, 3.0397338929583957, 2.234277406679842, 2.9318831030585106, 4.592325169236169, 4.978659628855943, 4.573532696942266], [4.119655347234766, 2.6996420392340905, 2.138548549834677, 1.098565177857008, 2.1644361321138583, 2.6883230702428604, 2.647558743446498, 3.4998192367606644, 4.740266094851639, 4.68599985808792, 4.348204743339485, 4.779603592349474, 2.474528146940341, 3.0254507548462923, 2.505062286650773, 3.054456368979593, 0.0, 1.7643644691502942, 3.6616421753087782, 2.411512649769849, 3.1287502568917196, 3.0635548126318874, 3.8076597878486993, 3.774633759717623, 4.925888018418608, 5.000074796440549, 5.618524704938121], [4.161199990387388, 2.7517349836057976, 2.1569544594172587, 1.0976775710562734, 2.17433166513299, 2.7202955519575442, 3.3661682400022728, 2.8339480252820444, 4.241101202518045, 4.373082081324338, 4.725470453827851, 4.830796644446959, 3.094326105955867, 2.5259465493157216, 3.068693849180788, 2.498512887699401, 1.7643644691502942, 0.0, 3.767358828144726, 2.987771386836683, 2.5853120991477994, 3.672375461469048, 3.2330579982425305, 2.5952432949532884, 4.800481976843575, 4.45345155469328, 4.9182803112470115], [7.265342941664901, 5.986121233319619, 4.762830261514681, 3.469859087916972, 2.188780274490795, 1.095290851783215, 2.600097275103376, 2.8568074436335396, 2.7749883333088086, 7.479402014198729, 7.401497056001576, 8.12774969348835, 6.070255633002616, 6.163351475455541, 4.919810284960183, 5.042245064452937, 3.6616421753087782, 3.767358828144726, 0.0, 1.7454325022755823, 1.7812401831308433, 3.463757732578882, 3.823007208991372, 3.305127855318157, 2.887278872918236, 2.3097632541020303, 3.8266118172607992], [6.451595980840709, 5.0415776657709035, 4.142672538350093, 2.690608977536498, 2.179445069277957, 1.0965177381146187, 2.6651137799351083, 3.501803562451783, 4.073885461080122, 6.876831015082455, 6.6341088843943465, 7.168139416891945, 4.877981850109736, 5.200552940793893, 4.378093898033709, 4.741677324534009, 2.411512649769849, 2.987771386836683, 1.7454325022755823, 0.0, 1.7759415333844748, 3.586113117290083, 4.328110121057457, 3.823473957018669, 4.213921872792612, 3.8363215884490183, 5.125675204302356], [6.621842197606343, 5.227668934620859, 4.264032304052116, 2.8154252502952377, 2.188378774344149, 1.0947858512056137, 3.345626008686566, 2.785889678361295, 3.3388536266209696, 6.797990045594359, 7.0108020225934204, 7.3651969281207945, 5.386914391374713, 5.107298555988283, 4.803298453146546, 4.494548193089045, 3.1287502568917196, 2.5853120991477994, 1.7812401831308433, 1.7759415333844748, 0.0, 4.095309214210815, 3.808705148734935, 2.6495142215130683, 3.9185715024738292, 2.9055341643147132, 4.214723016996491], [4.925828158797261, 4.178986481193736, 2.753992572611626, 2.6834076134646407, 1.9654104151550638, 3.225964181450253, 0.9717881404915373, 2.5074861315668326, 3.1421097466511254, 5.12295503591433, 4.675421221665487, 5.945623172553067, 4.410236989097071, 4.878794599078752, 2.202338945303379, 3.0397338929583957, 3.0635548126318874, 3.672375461469048, 3.463757732578882, 3.586113117290083, 4.095309214210815, 0.0, 2.3221287539669286, 3.5094550246441396, 2.75495263480155, 3.8792035600107404, 3.903586734017831], [4.910558780831362, 4.234549943028185, 2.7848737673366815, 2.8232559944149593, 2.1729649905141133, 3.4888506832479944, 2.665738629348346, 1.0962341948689613, 2.1146277994011142, 4.653591113323129, 5.045326244159043, 5.951964495861849, 4.932883847203378, 4.532678277795591, 2.9581697043949324, 2.234277406679842, 3.8076597878486993, 3.2330579982425305, 3.823007208991372, 4.328110121057457, 3.808705148734935, 2.3221287539669286, 0.0, 1.7653190589805572, 2.5059105351149307, 3.043098034897989, 2.3944831676167615], [5.5817817943735495, 4.589862823658241, 3.3790624646490337, 2.7679104916886312, 2.1779417140961326, 2.8465463864128404, 3.373957317453794, 1.096630699004911, 2.1472185566448516, 5.35190936115327, 5.997580869817429, 6.48259013512346, 5.24900511049475, 4.500378269656897, 3.981929946646475, 2.9318831030585106, 3.774633759717623, 2.5952432949532884, 3.305127855318157, 3.823473957018669, 2.6495142215130683, 3.5094550246441396, 1.7653190589805572, 0.0, 3.0700285943293752, 2.481378864663758, 2.4920390727273922], [7.1278370835759155, 6.306466290245274, 4.786308860698398, 4.2752824187414795, 2.8221817057021683, 3.3414845862281037, 2.680145303896787, 2.178418894519601, 1.0941492585566195, 7.0302010198855625, 7.077469970264798, 8.176664804796635, 6.733178888162708, 6.68262755358998, 4.65809577509952, 4.592325169236169, 4.925888018418608, 4.800481976843575, 2.887278872918236, 4.213921872792612, 3.9185715024738292, 2.75495263480155, 2.5059105351149307, 3.0700285943293752, 0.0, 1.7774852629487536, 1.7693134742040484], [7.63480274204907, 6.596867524060189, 5.198616147591587, 4.3121800403044395, 2.9141092498394765, 2.7956373048018945, 3.4869653927161366, 2.1791396972199832, 1.0938720674740716, 7.516102714838322, 7.820705225233847, 8.603128027060855, 7.037538914990097, 6.698107832813682, 5.419469764654103, 4.978659628855943, 5.000074796440549, 4.45345155469328, 2.3097632541020303, 3.8363215884490183, 2.9055341643147132, 3.8792035600107404, 3.043098034897989, 2.481378864663758, 1.7774852629487536, 0.0, 1.7635343631469165], [7.286940989194299, 6.548923458095995, 5.109516707086884, 4.720976425486575, 3.517146469796218, 4.072928328610756, 3.949358195960453, 2.1590529150532647, 1.0950561309814215, 6.951648257068246, 7.429144916475919, 8.3130907393099, 7.198249251727811, 6.705984802398527, 5.263091034743746, 4.573532696942266, 5.618524704938121, 4.9182803112470115, 3.8266118172607992, 5.125675204302356, 4.214723016996491, 3.903586734017831, 2.3944831676167615, 2.4920390727273922, 1.7693134742040484, 1.7635343631469165, 0.0]]}