{"total energy": -52.13777605, "HOMO-LUMO gap/eV": 3.22641995, "electronic energy": -52.84688239, "dipole": [-0.15453578, -0.62344348, -0.39428865], "partial charges": [-0.10990202, 0.08465233, -0.27814181, 0.34892217, -0.43592585, -0.00837869, 0.03097768, -0.25070362, 0.09188506, -0.01675713, 0.02989251, -0.10462748, 0.00161051, -0.03383577, -0.02718257, -0.0284779, -0.02936984, -0.03490278, 0.05118629, 0.05565027, 0.04763461, 0.05292476, 0.05535772, 0.05327303, 0.0486496, 0.08084542, 0.05290575, 0.04151434, 0.05180198, 0.03263312, 0.03670008, 0.03515617, 0.03558648, 0.03844557], "atomic dipole moments": [[-0.06984101, 0.08395802, -0.07655838], [-0.18093451, -0.00469595, 0.17900227], [0.02593526, -0.1830956, -0.13148316], [0.16556688, 0.07050159, -0.02640183], [-0.00544941, 0.16184934, 0.11032766], [-0.05750141, -0.12519185, -0.06779495], [-0.0716221, -0.03203013, 0.00369558], [0.07470024, -0.19703698, -0.18835061], [0.0898287, -0.04590793, -0.08147216], [0.01769614, -0.02684185, -0.02496957], [0.00060018, 0.08638691, 0.14074027], [-0.0249119, 0.10004583, -0.0721944], [0.11318867, -0.01612083, 0.02113488], [0.00393359, -0.00530724, 0.0112521], [0.00211733, -0.0008581, 0.0009571], [0.00423923, 0.00057814, -0.00149832], [0.00341936, 0.00023023, 3.949e-05], [0.0093798, 0.00484298, -0.01286976], [0.02681413, 0.04870331, 0.11566828], [-0.05925111, -0.11209729, 0.02828805], [0.10951058, -0.02639763, -0.06152755], [0.0627005, 0.10336941, -0.02343953], [-0.02631619, -0.04671411, -0.11798344], [0.11710452, 0.1116984, 0.03430609], [-0.15952274, -0.03270103, 0.0499069], [0.06321987, -0.0122275, -0.11132452], [0.12799791, -0.01639293, 0.02371546], [-0.05069409, -0.00039218, 0.11734373], [-0.03910148, -0.11128858, -0.05675025], [0.10779591, 0.07615961, -0.07702179], [-0.03028947, 0.09117931, -0.11778448], [-0.14249256, 0.0201541, -0.04623188], [-0.11441339, -0.06967846, 0.07084286], [0.01612553, -0.09261675, 0.11996567]], "atomic quadrupole moments": [[0.01656287, -0.15181053, 0.01137173, 0.11559624, -0.1288475, -0.0279346], [0.28746698, -0.21092959, -0.20019739, -0.2395814, -0.02908112, -0.08726959], [0.06192742, -0.00388432, -0.02882849, -0.05786374, 0.02864215, -0.03309893], [-0.10015273, 0.02944237, -0.03427587, 0.25199492, -0.32687289, 0.1344286], [-0.07942083, -0.04875948, -0.00241972, 0.08096134, -0.09981215, 0.08184056], [0.07302805, -0.03184471, -0.10472298, 0.01095764, -0.20884092, 0.03169493], [-0.03119912, -0.10446253, -0.07739005, 0.13433066, -0.35415052, 0.10858917], [-0.07849189, -0.08375328, -0.00647201, 0.08806743, -0.16105522, 0.08496391], [-0.13325455, -0.16177854, -0.01774227, 0.13816317, -0.25506913, 0.15099682], [-0.10718875, 0.02843113, 0.09191589, 0.1007814, -0.00246282, 0.01527286], [-0.04381561, 0.06079096, 0.15996368, 0.12429387, 0.03803616, -0.11614806], [-0.1069727, -0.0383918, 0.11553573, 0.02839668, -0.16512085, -0.00856303], [-0.07560859, -0.10227878, 0.12839024, 0.01737814, 0.37172763, -0.05278165], [-0.23874049, -0.05587791, 0.20782498, -0.05238477, 0.38789426, 0.03091552], [-0.2538201, -0.05222489, 0.21582306, -0.05480764, 0.39246926, 0.03799703], [-0.26489674, -0.05427082, 0.22054197, -0.05201796, 0.38549429, 0.04435477], [-0.26703208, -0.06153182, 0.22134719, -0.0384582, 0.38291729, 0.04568489], [-0.2589746, -0.07798386, 0.2171113, -0.02628045, 0.37665514, 0.0418633], [-0.0455988, 0.00752054, 0.0007574, 0.02574468, 0.04795657, 0.04484139], [-0.00197737, 0.05574324, 0.03991901, 0.00451107, -0.013627, -0.03794164], [0.04759488, -0.02347447, -0.04169424, -0.05730071, 0.00375483, -0.00590064], [0.00371224, 0.0287638, 0.03865152, -0.00218967, -0.00606599, -0.04236375], [0.00179019, 0.00237035, -0.01009391, 0.016419, 0.03137845, 0.00830371], [0.0233771, 0.01264678, -0.00624634, -0.02153989, 0.02470687, -0.01713076], [0.0028581, 0.01762072, 0.01060119, -0.00496822, 0.03137008, -0.01345929], [0.00595826, -0.00581199, -0.01552954, -0.01149559, -0.00504246, 0.00957128], [0.07660362, 0.00519665, -0.04035807, 0.0063871, -0.01205259, -0.03624555], [-0.00890821, -0.01741519, -0.03808431, -0.05497628, 0.0138871, 0.04699252], [-0.03064484, 0.03292064, 0.03197621, 0.02832674, 0.04687128, -0.00133137], [0.04033178, 0.0035591, -0.03085939, 0.0112125, -0.04419363, -0.0094724], [0.03972925, 0.01074966, -0.03029206, 0.00299059, -0.04633769, -0.00943718], [0.02880008, 0.00960919, -0.02602787, 0.00291494, -0.05203838, -0.0027722], [0.03089543, 0.00261068, -0.0278219, 0.01148993, -0.05145049, -0.00307353], [0.04500245, -0.00062342, -0.03351565, 0.01453663, -0.04372716, -0.0114868]], "number of molecular orbitals": 88, "number of electrons": 94, "number of unpaired electrons": 0, "orbital energies/eV": [-20.03464653, -19.38813875, -18.88119533, -18.3563942, -18.17118868, -17.75648428, -17.51610076, -17.10259022, -16.94044599, -16.85521677, -16.83660072, -16.34762105, -16.21924977, -16.19977387, -15.93657346, -15.75225352, -15.74121522, -15.57288456, -15.17942689, -15.08558475, -14.74338928, -14.69112942, -14.47050099, -14.05987942, -13.91968474, -13.82359027, -13.7584487, -13.63400081, -13.50124271, -13.40372035, -13.23303344, -13.15112939, -13.09236278, -12.92912062, -12.84210492, -12.71543866, -12.50545897, -12.21793596, -12.09820209, -11.93207115, -11.7694019, -11.57909502, -11.44098821, -11.23077237, -11.12662286, -10.8982904, -10.55695683, -7.33053688, -6.51631713, -6.41882519, -5.46245685, -3.91364579, -3.13122217, -0.77683384, 0.36736363, 1.12688457, 2.68297364, 2.71834697, 2.79404845, 3.10566411, 3.14978919, 3.25290362, 3.65818327, 3.69279903, 4.05590879, 4.16111446, 4.43906526, 4.47981219, 4.74505662, 4.9877106, 5.07876226, 5.25386407, 5.70142546, 6.36808817, 6.39021603, 6.55232605, 7.18988425, 7.86413165, 9.85531215, 10.33667712, 10.67574947, 11.24610374, 11.33417841, 12.67522584, 15.86951423, 15.92831598, 16.78628993, 17.31485364], "fractional occupation": [2.0, 2.0, 2.0, 2.0, 2.0, 2.0, 2.0, 2.0, 2.0, 2.0, 2.0, 2.0, 2.0, 2.0, 2.0, 2.0, 2.0, 2.0, 2.0, 2.0, 2.0, 2.0, 2.0, 2.0, 2.0, 2.0, 2.0, 2.0, 2.0, 2.0, 2.0, 2.0, 2.0, 2.0, 2.0, 2.0, 2.0, 2.0, 2.0, 2.0, 2.0, 2.0, 2.0, 2.0, 2.0, 2.0, 2.0, 0.0, 0.0, 0.0, 0.0, 0.0, 0.0, 0.0, 0.0, 0.0, 0.0, 0.0, 0.0, 0.0, 0.0, 0.0, 0.0, 0.0, 0.0, 0.0, 0.0, 0.0, 0.0, 0.0, 0.0, 0.0, 0.0, 0.0, 0.0, 0.0, 0.0, 0.0, 0.0, 0.0, 0.0, 0.0, 0.0, 0.0, 0.0, 0.0, 0.0, 0.0], "program call": "xtb /home/svss/Project-DBcg-Debug/aqme2_20220329/End-to-End-workflows-final/example-3/QDESCP/mol_457_rdkit_conf_3/mol_457_rdkit_conf_3.xyz --pop --wbo --acc 0.2 --gfn 2 --chrg 0 --uhf 0 --etemp 300 --input /home/svss/Project-DBcg-Debug/aqme2_20220329/End-to-End-workflows-final/example-3/QDESCP/mol_457_rdkit_conf_3/mol_457_rdkit_conf_3_xtb.inp", "method": "GFN2-xTB", "xtb version": "6.3.3 (7355c4f)", "Dipole module/D": 1.916, "Total charge": 0, "Transition dipole module/D": NaN, "HOMO": -10.557, "LUMO": -7.3305, "HOMO occupancy": 2.0, "LUMO occupancy": 0, "mulliken charges": [-0.09818, 0.20636, -0.42799, 0.56146, -0.552, 0.03184, 0.1075, -0.36584, 0.23147, -0.17526, 0.11028, -0.09281, -0.01372, -0.03307, -0.02307, -0.02671, -0.02422, -0.03796, 0.03873, 0.04932, 0.03293, 0.03045, 0.04259, 0.03841, 0.03328, 0.06318, 0.05201, 0.03227, 0.04013, 0.03679, 0.03428, 0.03296, 0.03301, 0.0316], "cm5 charges": [-0.24469, 0.12385, -0.5081, 0.62234, -0.60426, 0.10597, 0.13879, -0.54731, 0.33141, -0.42141, 0.10619, -0.23401, -0.02197, -0.08512, -0.0784, -0.08211, -0.07963, -0.091, 0.09205, 0.10431, 0.08419, 0.09305, 0.10857, 0.10541, 0.10665, 0.14014, 0.10716, 0.08654, 0.09225, 0.09397, 0.08964, 0.08836, 0.08835, 0.08884], "FUKUI+": [0.01, 0.015, -0.055, -0.055, -0.114, -0.025, -0.036, -0.064, -0.02, -0.04, 0.006, 0.014, -0.023, -0.017, -0.021, -0.03, -0.024, -0.017, -0.016, -0.003, -0.029, -0.034, -0.018, -0.062, -0.051, -0.017, -0.014, -0.019, -0.028, -0.029, -0.046, -0.051, -0.049, -0.039], "FUKUI-": [0.009, 0.01, -0.035, -0.006, -0.062, -0.025, -0.013, -0.123, -0.004, -0.031, 0.003, 0.016, -0.028, -0.017, -0.018, -0.036, -0.023, -0.014, -0.03, -0.029, -0.032, -0.045, -0.029, -0.055, -0.045, -0.045, -0.023, -0.025, -0.028, -0.033, -0.045, -0.052, -0.049, -0.038], "FUKUIrad": [0.01, 0.012, -0.045, -0.03, -0.088, -0.025, -0.024, -0.094, -0.012, -0.035, 0.005, 0.015, -0.025, -0.017, -0.02, -0.033, -0.024, -0.016, -0.023, -0.016, -0.03, -0.04, -0.023, -0.059, -0.048, -0.031, -0.019, -0.022, -0.028, -0.031, -0.045, -0.051, -0.049, -0.038], "s proportion": [1.012, 0.992, 1.696, 0.969, 1.729, 1.04, 1.034, 1.561, 0.992, 1.457, 1.038, 1.015, 1.094, 1.065, 1.061, 1.061, 1.061, 1.063, 0.961, 0.951, 0.967, 0.97, 0.957, 0.962, 0.967, 0.937, 0.948, 0.968, 0.96, 0.963, 0.966, 0.967, 0.967, 0.968], "p proportion": [3.086, 2.802, 4.732, 2.47, 4.823, 2.928, 2.859, 3.805, 2.776, 3.719, 2.852, 3.077, 2.92, 2.968, 2.962, 2.966, 2.963, 2.975, 0.0, 0.0, 0.0, 0.0, 0.0, 0.0, 0.0, 0.0, 0.0, 0.0, 0.0, 0.0, 0.0, 0.0, 0.0, 0.0], "d proportion": [0.0, 0.0, 0.0, 0.0, 0.0, 0.0, 0.0, 0.0, 0.0, 0.0, 0.0, 0.0, 0.0, 0.0, 0.0, 0.0, 0.0, 0.0, 0.0, 0.0, 0.0, 0.0, 0.0, 0.0, 0.0, 0.0, 0.0, 0.0, 0.0, 0.0, 0.0, 0.0, 0.0, 0.0], "Fermi-level/eV": -8.9437, "Coordination numbers": [3.748, 3.694, 1.705, 2.714, 0.856, 3.024, 3.16, 1.883, 3.114, 2.855, 3.787, 3.749, 2.958, 2.915, 2.91, 2.912, 2.91, 2.913, 0.924, 0.924, 0.924, 0.924, 0.924, 0.925, 0.925, 0.924, 0.924, 0.924, 0.924, 0.925, 0.925, 0.925, 0.925, 0.925], "Dispersion coefficient C6": [22.669, 19.339, 18.615, 21.074, 22.412, 28.201, 26.994, 27.384, 25.811, 21.572, 20.085, 22.564, 27.989, 28.843, 28.68, 28.712, 28.733, 28.869, 2.305, 2.251, 2.35, 2.284, 2.254, 2.279, 2.337, 1.97, 2.284, 2.429, 2.298, 2.549, 2.493, 2.514, 2.508, 2.47], "Total dispersion C6": 12970.952573, "Total dispersion C8": 303960.052257, "Polarizability alpha": [6.791, 6.292, 5.825, 7.514, 6.347, 8.711, 8.494, 7.758, 8.323, 6.898, 6.383, 6.775, 8.678, 8.807, 8.782, 8.786, 8.79, 8.811, 2.374, 2.346, 2.397, 2.363, 2.348, 2.361, 2.39, 2.195, 2.363, 2.437, 2.37, 2.497, 2.469, 2.48, 2.477, 2.458], "Total polarizability alpha": 177.089408, "Wiberg matrix": [[0.0, 1.0139347196757906, 0.0, 0.0, 0.0, 0.0, 0.0, 0.0, 0.0, 0.0, 0.0, 0.0, 0.0, 0.0, 0.0, 0.0, 0.0, 0.0, 0.9856925025488346, 0.9848289985231288, 0.9837329745472866, 0.0, 0.0, 0.0, 0.0, 0.0, 0.0, 0.0, 0.0, 0.0, 0.0, 0.0, 0.0, 0.0], [1.0139347196757906, 0.0, 0.9434503651073124, 0.0, 0.0, 0.0, 0.0, 0.0, 0.0, 0.0, 0.0, 0.0, 0.0, 0.0, 0.0, 0.0, 0.0, 0.0, 0.0, 0.0, 0.0, 0.9713322314496462, 0.968636290749776, 0.0, 0.0, 0.0, 0.0, 0.0, 0.0, 0.0, 0.0, 0.0, 0.0, 0.0], [0.0, 0.9434503651073124, 0.0, 1.0976779261749483, 0.16202980419492538, 0.0, 0.0, 0.0, 0.0, 0.0, 0.0, 0.0, 0.0, 0.0, 0.0, 0.0, 0.0, 0.0, 0.0, 0.0, 0.0, 0.0, 0.0, 0.0, 0.0, 0.0, 0.0, 0.0, 0.0, 0.0, 0.0, 0.0, 0.0, 0.0], [0.0, 0.0, 1.0976779261749483, 0.0, 1.6792385558771672, 1.069153361248217, 0.0, 0.0, 0.0, 0.0, 0.0, 0.0, 0.0, 0.0, 0.0, 0.0, 0.0, 0.0, 0.0, 0.0, 0.0, 0.0, 0.0, 0.0, 0.0, 0.0, 0.0, 0.0, 0.0, 0.0, 0.0, 0.0, 0.0, 0.0], [0.0, 0.0, 0.16202980419492538, 1.6792385558771672, 0.0, 0.0, 0.0, 0.0, 0.0, 0.0, 0.0, 0.0, 0.0, 0.0, 0.0, 0.0, 0.0, 0.0, 0.0, 0.0, 0.0, 0.0, 0.0, 0.0, 0.0, 0.0, 0.0, 0.0, 0.0, 0.0, 0.0, 0.0, 0.0, 0.0], [0.0, 0.0, 0.0, 1.069153361248217, 0.0, 0.0, 1.4643282193694018, 0.0, 0.0, 1.1669197481050375, 0.0, 0.0, 0.0, 0.0, 0.0, 0.0, 0.0, 0.0, 0.0, 0.0, 0.0, 0.0, 0.0, 0.0, 0.0, 0.0, 0.0, 0.0, 0.0, 0.0, 0.0, 0.0, 0.0, 0.0], [0.0, 0.0, 0.0, 0.0, 0.0, 1.4643282193694018, 0.0, 1.3410128088630608, 0.0, 0.0, 0.0, 0.0, 0.0, 0.0, 0.0, 0.0, 0.0, 0.0, 0.0, 0.0, 0.0, 0.0, 0.0, 0.9679467023075219, 0.0, 0.0, 0.0, 0.0, 0.0, 0.0, 0.0, 0.0, 0.0, 0.0], [0.0, 0.0, 0.0, 0.0, 0.0, 0.0, 1.3410128088630608, 0.0, 1.5115197994867764, 0.0, 0.0, 0.0, 0.0, 0.0, 0.0, 0.0, 0.0, 0.0, 0.0, 0.0, 0.0, 0.0, 0.0, 0.0, 0.0, 0.0, 0.0, 0.0, 0.0, 0.0, 0.0, 0.0, 0.0, 0.0], [0.0, 0.0, 0.0, 0.0, 0.0, 0.0, 0.0, 1.5115197994867764, 0.0, 1.2826767386515694, 0.0, 0.0, 0.0, 0.0, 0.0, 0.0, 0.0, 0.0, 0.0, 0.0, 0.0, 0.0, 0.0, 0.0, 0.9627090398700782, 0.0, 0.0, 0.0, 0.0, 0.0, 0.0, 0.0, 0.0, 0.0], [0.0, 0.0, 0.0, 0.0, 0.0, 1.1669197481050375, 0.0, 0.0, 1.2826767386515694, 0.0, 0.9534299057309754, 0.0, 0.0, 0.0, 0.0, 0.0, 0.0, 0.0, 0.0, 0.0, 0.0, 0.0, 0.0, 0.0, 0.0, 0.0, 0.0, 0.0, 0.0, 0.0, 0.0, 0.0, 0.0, 0.0], [0.0, 0.0, 0.0, 0.0, 0.0, 0.0, 0.0, 0.0, 0.0, 0.9534299057309754, 0.0, 0.997157190482562, 0.9850250932260435, 0.0, 0.0, 0.0, 0.0, 0.0, 0.0, 0.0, 0.0, 0.0, 0.0, 0.0, 0.0, 0.9486156232817503, 0.0, 0.0, 0.0, 0.0, 0.0, 0.0, 0.0, 0.0], [0.0, 0.0, 0.0, 0.0, 0.0, 0.0, 0.0, 0.0, 0.0, 0.0, 0.997157190482562, 0.0, 0.0, 0.0, 0.0, 0.0, 0.0, 0.0, 0.0, 0.0, 0.0, 0.0, 0.0, 0.0, 0.0, 0.0, 0.9833701006117983, 0.9843399472635435, 0.9827102286264096, 0.0, 0.0, 0.0, 0.0, 0.0], [0.0, 0.0, 0.0, 0.0, 0.0, 0.0, 0.0, 0.0, 0.0, 0.0, 0.9850250932260435, 0.0, 0.0, 1.4092606356142319, 0.0, 0.110238081380689, 0.0, 1.41959829115074, 0.0, 0.0, 0.0, 0.0, 0.0, 0.0, 0.0, 0.0, 0.0, 0.0, 0.0, 0.0, 0.0, 0.0, 0.0, 0.0], [0.0, 0.0, 0.0, 0.0, 0.0, 0.0, 0.0, 0.0, 0.0, 0.0, 0.0, 0.0, 1.4092606356142319, 0.0, 1.447900577826128, 0.0, 0.11305325026399818, 0.0, 0.0, 0.0, 0.0, 0.0, 0.0, 0.0, 0.0, 0.0, 0.0, 0.0, 0.0, 0.9699380693643631, 0.0, 0.0, 0.0, 0.0], [0.0, 0.0, 0.0, 0.0, 0.0, 0.0, 0.0, 0.0, 0.0, 0.0, 0.0, 0.0, 0.0, 1.447900577826128, 0.0, 1.4360562339739917, 0.0, 0.10997751704999788, 0.0, 0.0, 0.0, 0.0, 0.0, 0.0, 0.0, 0.0, 0.0, 0.0, 0.0, 0.0, 0.9706573554265412, 0.0, 0.0, 0.0], [0.0, 0.0, 0.0, 0.0, 0.0, 0.0, 0.0, 0.0, 0.0, 0.0, 0.0, 0.0, 0.110238081380689, 0.0, 1.4360562339739917, 0.0, 1.4419034038274328, 0.0, 0.0, 0.0, 0.0, 0.0, 0.0, 0.0, 0.0, 0.0, 0.0, 0.0, 0.0, 0.0, 0.0, 0.9709271803313665, 0.0, 0.0], [0.0, 0.0, 0.0, 0.0, 0.0, 0.0, 0.0, 0.0, 0.0, 0.0, 0.0, 0.0, 0.0, 0.11305325026399818, 0.0, 1.4419034038274328, 0.0, 1.4384777340675485, 0.0, 0.0, 0.0, 0.0, 0.0, 0.0, 0.0, 0.0, 0.0, 0.0, 0.0, 0.0, 0.0, 0.0, 0.9709936628774454, 0.0], [0.0, 0.0, 0.0, 0.0, 0.0, 0.0, 0.0, 0.0, 0.0, 0.0, 0.0, 0.0, 1.41959829115074, 0.0, 0.10997751704999788, 0.0, 1.4384777340675485, 0.0, 0.0, 0.0, 0.0, 0.0, 0.0, 0.0, 0.0, 0.0, 0.0, 0.0, 0.0, 0.0, 0.0, 0.0, 0.0, 0.9674253909622679], [0.9856925025488346, 0.0, 0.0, 0.0, 0.0, 0.0, 0.0, 0.0, 0.0, 0.0, 0.0, 0.0, 0.0, 0.0, 0.0, 0.0, 0.0, 0.0, 0.0, 0.0, 0.0, 0.0, 0.0, 0.0, 0.0, 0.0, 0.0, 0.0, 0.0, 0.0, 0.0, 0.0, 0.0, 0.0], [0.9848289985231288, 0.0, 0.0, 0.0, 0.0, 0.0, 0.0, 0.0, 0.0, 0.0, 0.0, 0.0, 0.0, 0.0, 0.0, 0.0, 0.0, 0.0, 0.0, 0.0, 0.0, 0.0, 0.0, 0.0, 0.0, 0.0, 0.0, 0.0, 0.0, 0.0, 0.0, 0.0, 0.0, 0.0], [0.9837329745472866, 0.0, 0.0, 0.0, 0.0, 0.0, 0.0, 0.0, 0.0, 0.0, 0.0, 0.0, 0.0, 0.0, 0.0, 0.0, 0.0, 0.0, 0.0, 0.0, 0.0, 0.0, 0.0, 0.0, 0.0, 0.0, 0.0, 0.0, 0.0, 0.0, 0.0, 0.0, 0.0, 0.0], [0.0, 0.9713322314496462, 0.0, 0.0, 0.0, 0.0, 0.0, 0.0, 0.0, 0.0, 0.0, 0.0, 0.0, 0.0, 0.0, 0.0, 0.0, 0.0, 0.0, 0.0, 0.0, 0.0, 0.0, 0.0, 0.0, 0.0, 0.0, 0.0, 0.0, 0.0, 0.0, 0.0, 0.0, 0.0], [0.0, 0.968636290749776, 0.0, 0.0, 0.0, 0.0, 0.0, 0.0, 0.0, 0.0, 0.0, 0.0, 0.0, 0.0, 0.0, 0.0, 0.0, 0.0, 0.0, 0.0, 0.0, 0.0, 0.0, 0.0, 0.0, 0.0, 0.0, 0.0, 0.0, 0.0, 0.0, 0.0, 0.0, 0.0], [0.0, 0.0, 0.0, 0.0, 0.0, 0.0, 0.9679467023075219, 0.0, 0.0, 0.0, 0.0, 0.0, 0.0, 0.0, 0.0, 0.0, 0.0, 0.0, 0.0, 0.0, 0.0, 0.0, 0.0, 0.0, 0.0, 0.0, 0.0, 0.0, 0.0, 0.0, 0.0, 0.0, 0.0, 0.0], [0.0, 0.0, 0.0, 0.0, 0.0, 0.0, 0.0, 0.0, 0.9627090398700782, 0.0, 0.0, 0.0, 0.0, 0.0, 0.0, 0.0, 0.0, 0.0, 0.0, 0.0, 0.0, 0.0, 0.0, 0.0, 0.0, 0.0, 0.0, 0.0, 0.0, 0.0, 0.0, 0.0, 0.0, 0.0], [0.0, 0.0, 0.0, 0.0, 0.0, 0.0, 0.0, 0.0, 0.0, 0.0, 0.9486156232817503, 0.0, 0.0, 0.0, 0.0, 0.0, 0.0, 0.0, 0.0, 0.0, 0.0, 0.0, 0.0, 0.0, 0.0, 0.0, 0.0, 0.0, 0.0, 0.0, 0.0, 0.0, 0.0, 0.0], [0.0, 0.0, 0.0, 0.0, 0.0, 0.0, 0.0, 0.0, 0.0, 0.0, 0.0, 0.9833701006117983, 0.0, 0.0, 0.0, 0.0, 0.0, 0.0, 0.0, 0.0, 0.0, 0.0, 0.0, 0.0, 0.0, 0.0, 0.0, 0.0, 0.0, 0.0, 0.0, 0.0, 0.0, 0.0], [0.0, 0.0, 0.0, 0.0, 0.0, 0.0, 0.0, 0.0, 0.0, 0.0, 0.0, 0.9843399472635435, 0.0, 0.0, 0.0, 0.0, 0.0, 0.0, 0.0, 0.0, 0.0, 0.0, 0.0, 0.0, 0.0, 0.0, 0.0, 0.0, 0.0, 0.0, 0.0, 0.0, 0.0, 0.0], [0.0, 0.0, 0.0, 0.0, 0.0, 0.0, 0.0, 0.0, 0.0, 0.0, 0.0, 0.9827102286264096, 0.0, 0.0, 0.0, 0.0, 0.0, 0.0, 0.0, 0.0, 0.0, 0.0, 0.0, 0.0, 0.0, 0.0, 0.0, 0.0, 0.0, 0.0, 0.0, 0.0, 0.0, 0.0], [0.0, 0.0, 0.0, 0.0, 0.0, 0.0, 0.0, 0.0, 0.0, 0.0, 0.0, 0.0, 0.0, 0.9699380693643631, 0.0, 0.0, 0.0, 0.0, 0.0, 0.0, 0.0, 0.0, 0.0, 0.0, 0.0, 0.0, 0.0, 0.0, 0.0, 0.0, 0.0, 0.0, 0.0, 0.0], [0.0, 0.0, 0.0, 0.0, 0.0, 0.0, 0.0, 0.0, 0.0, 0.0, 0.0, 0.0, 0.0, 0.0, 0.9706573554265412, 0.0, 0.0, 0.0, 0.0, 0.0, 0.0, 0.0, 0.0, 0.0, 0.0, 0.0, 0.0, 0.0, 0.0, 0.0, 0.0, 0.0, 0.0, 0.0], [0.0, 0.0, 0.0, 0.0, 0.0, 0.0, 0.0, 0.0, 0.0, 0.0, 0.0, 0.0, 0.0, 0.0, 0.0, 0.9709271803313665, 0.0, 0.0, 0.0, 0.0, 0.0, 0.0, 0.0, 0.0, 0.0, 0.0, 0.0, 0.0, 0.0, 0.0, 0.0, 0.0, 0.0, 0.0], [0.0, 0.0, 0.0, 0.0, 0.0, 0.0, 0.0, 0.0, 0.0, 0.0, 0.0, 0.0, 0.0, 0.0, 0.0, 0.0, 0.9709936628774454, 0.0, 0.0, 0.0, 0.0, 0.0, 0.0, 0.0, 0.0, 0.0, 0.0, 0.0, 0.0, 0.0, 0.0, 0.0, 0.0, 0.0], [0.0, 0.0, 0.0, 0.0, 0.0, 0.0, 0.0, 0.0, 0.0, 0.0, 0.0, 0.0, 0.0, 0.0, 0.0, 0.0, 0.0, 0.9674253909622679, 0.0, 0.0, 0.0, 0.0, 0.0, 0.0, 0.0, 0.0, 0.0, 0.0, 0.0, 0.0, 0.0, 0.0, 0.0, 0.0]], "Born radii": [], "Atomic SASAs": [], "Solvent H bonds": [], "Total SASA": NaN, "Total FOD": 0.0, "FOD": [0.0, 0.0, 0.0, 0.0, 0.0, 0.0, 0.0, 0.0, 0.0, 0.0, 0.0, 0.0, 0.0, 0.0, 0.0, 0.0, 0.0, 0.0, 0.0, 0.0, 0.0, 0.0, 0.0, 0.0, 0.0, 0.0, 0.0, 0.0, 0.0, 0.0, 0.0, 0.0, 0.0, 0.0], "FOD s proportion": [0.0, 0.0, 0.0, 0.0, 0.0, 0.0, 0.0, 0.0, 0.0, 0.0, 0.0, 0.0, 0.0, 0.0, 0.0, 0.0, 0.0, 0.0, 0.0, 0.0, 0.0, 0.0, 0.0, 0.0, 0.0, 0.0, 0.0, 0.0, 0.0, 0.0, 0.0, 0.0, 0.0, 0.0], "FOD p proportion": [0.0, 0.0, 0.0, 0.0, 0.0, 0.0, 0.0, 0.0, 0.0, 0.0, 0.0, 0.0, 0.0, 0.0, 0.0, 0.0, 0.0, 0.0, 0.0, 0.0, 0.0, 0.0, 0.0, 0.0, 0.0, 0.0, 0.0, 0.0, 0.0, 0.0, 0.0, 0.0, 0.0, 0.0], "FOD d proportion": [0.0, 0.0, 0.0, 0.0, 0.0, 0.0, 0.0, 0.0, 0.0, 0.0, 0.0, 0.0, 0.0, 0.0, 0.0, 0.0, 0.0, 0.0, 0.0, 0.0, 0.0, 0.0, 0.0, 0.0, 0.0, 0.0, 0.0, 0.0, 0.0, 0.0, 0.0, 0.0, 0.0, 0.0], "coordinates": [["5.25320", "0.11490", "-0.03440"], ["4.37540", "1.05070", "-0.84400"], ["3.19470", "1.38750", "-0.10200"], ["2.14770", "0.52340", "-0.21920"], ["2.16070", "-0.49510", "-0.89700"], ["1.04140", "0.98540", "0.57930"], ["0.97800", "2.07360", "1.43290"], ["-0.23520", "2.16170", "2.05630"], ["-0.92910", "1.14980", "1.59340"], ["-0.21760", "0.41590", "0.67890"], ["-0.70550", "-0.78730", "-0.01190"], ["-0.39740", "-2.03450", "0.82320"], ["-2.16080", "-0.63290", "-0.44780"], ["-2.45650", "0.20420", "-1.54040"], ["-3.77190", "0.38770", "-1.96970"], ["-4.81470", "-0.26070", "-1.31490"], ["-4.54270", "-1.09090", "-0.23050"], ["-3.22680", "-1.27600", "0.20180"], ["5.49590", "0.55950", "0.93640"], ["4.73900", "-0.82990", "0.16800"], ["6.18390", "-0.10110", "-0.56640"], ["4.91180", "1.98630", "-1.03300"], ["4.12420", "0.62160", "-1.82080"], ["1.76090", "2.79310", "1.64010"], ["-1.94520", "0.91010", "1.88130"], ["-0.13710", "-0.87350", "-0.94400"], ["0.68090", "-2.13400", "0.99170"], ["-0.87140", "-1.99340", "1.81040"], ["-0.74020", "-2.94310", "0.31640"], ["-1.65760", "0.72600", "-2.06530"], ["-3.98190", "1.03940", "-2.81410"], ["-5.83940", "-0.11720", "-1.64750"], ["-5.35820", "-1.59480", "0.28270"], ["-3.05850", "-1.92660", "1.05630"]], "bond_dist": [[0.0, 1.517137647018226, 2.4210540617673115, 3.13769876501872, 3.2679863846105603, 4.344382255280951, 4.926135404147962, 6.219561985381285, 6.476232248769341, 5.525309994018435, 6.026655521929222, 6.106118118739598, 7.4630758002314295, 7.855920352192988, 9.234296721461792, 10.155952245850706, 9.871781281004964, 8.596557057915687, 1.0950000410958898, 1.0945384598085166, 1.0935641224912245, 2.148463143737867, 2.1731568857309864, 4.7088071504362965, 7.491275731809636, 5.555145435539919, 5.197726398147559, 6.734904683067162, 6.737601071598109, 7.228911028640482, 9.688575971214757, 11.211678588864382, 10.752926878761894, 8.62796068778712], [1.517137647018226, 0.0, 1.4345907883434912, 2.3729870669685496, 2.7013335095837387, 3.625686552916564, 4.215794679535521, 5.559109051817566, 5.838532334414189, 4.880352902198775, 5.466825332860014, 5.922637480042148, 6.761168082513554, 6.919276900081395, 8.251379689482238, 9.295130702685144, 9.192134704191403, 8.0187701906215, 2.1602365264016807, 2.166334535569241, 2.162030816154109, 1.094894204934888, 1.0960686520469418, 4.005286608970699, 6.88454884578503, 4.906648743287011, 5.2116637295589205, 6.621275889887085, 6.592899965872378, 6.1639348455349525, 8.586377873702043, 10.312698080521896, 10.149438018924988, 8.230329555370187], [2.4210540617673115, 1.4345907883434912, 0.0, 1.3625761079660836, 2.2902759135091126, 2.294025934901347, 2.7821592531700987, 4.125755511418484, 4.465042988594846, 3.632850486876662, 4.46647882453281, 5.046707981446915, 5.73436779863308, 5.950231498857839, 7.281580796090914, 8.266690874225308, 8.125659208335039, 6.958605387575876, 2.6569493785166474, 2.7156261248559233, 3.371485423370536, 2.0429769577750996, 2.0987726175076706, 2.6582712822434056, 5.529915158481185, 4.113632973418995, 4.462771827015135, 5.623248863424061, 5.866224759587719, 5.2760728226589135, 7.67985986721112, 9.288038283189836, 9.066102017405276, 7.171291929631647], [3.13769876501872, 2.3729870669685496, 1.3625761079660836, 0.0, 1.2234884919769373, 1.440467264466638, 2.549657337761292, 3.67969286082412, 3.6255474014278173, 2.532347517620755, 3.1466900101535265, 3.755926540815195, 4.466817647945795, 4.800637011897484, 6.174490173285564, 7.091571409779359, 6.882408324126083, 5.683338069303989, 3.5421967491939235, 2.9489286902195513, 4.098958224963998, 3.23150052761871, 2.5458432885784625, 2.959416972986402, 4.6166511185057075, 2.7743423887472862, 3.267958967000657, 4.423632354751014, 4.543507017712199, 4.2343169531814695, 6.676208367778824, 8.139052503823772, 7.815190954800785, 5.893548904522639], [3.2679863846105603, 2.7013335095837387, 2.2902759135091126, 1.2234884919769373, 0.0, 2.3715341933018803, 3.6640732784702874, 4.639062829925889, 4.295887825583904, 2.9949445236932184, 3.0139484551000537, 3.445680775986075, 4.346968107773509, 4.71397071374017, 6.093091488727213, 6.991837307174704, 6.762748808731551, 5.553586453815227, 3.949315859740773, 2.8096168653394717, 4.0559426277993635, 3.707343141658188, 2.4404420869998127, 4.17240646270231, 5.152858695908515, 2.3292231322911077, 2.9056821815195137, 4.332268235001153, 3.9850049397710916, 4.175574809532216, 6.61524734382623, 8.044107077233619, 7.6899212863331705, 5.753661597626333], [4.344382255280951, 3.625686552916564, 2.294025934901347, 1.440467264466638, 2.3715341933018803, 0.0, 1.384496933907764, 2.2792363304405274, 2.222227805604097, 1.3853993684133108, 2.5580544052072076, 3.3540167948297457, 3.7320120766149727, 4.163977178131504, 5.479279439853383, 6.27970270474646, 6.012401395449243, 4.844994060883873, 4.489040150188011, 4.13965307000478, 5.379443929441035, 4.310604164151471, 3.9238356604220823, 2.2160226036753325, 3.2589344347501075, 2.676717084415161, 3.1671265162604407, 3.7480208764093086, 4.321611646133881, 3.787584787169787, 6.062311642434757, 7.315720992492812, 6.906539202813519, 5.051381297229502], [4.926135404147962, 4.215794679535521, 2.7821592531700987, 2.549657337761292, 3.6640732784702874, 1.384496933907764, 0.0, 1.3668370093028648, 2.1251346075013697, 2.1785189120133888, 3.620271826810799, 4.3749222690237595, 4.551289946817276, 4.912327299763321, 6.081241286119142, 6.823103005231564, 6.577164153341468, 5.515049447647772, 4.790660859422216, 4.916849119100565, 5.985642437533335, 4.643604907827539, 4.753255950398632, 1.0833025893073458, 3.178032890012311, 3.9469608599528825, 4.241087550381387, 4.483667651599525, 5.419046261105362, 4.582555658145354, 6.611141100445519, 7.795217223400512, 7.411312234685569, 5.69532789661842], [6.219561985381285, 5.559109051817566, 4.125755511418484, 3.67969286082412, 4.639062829925889, 2.2792363304405274, 1.3668370093028648, 0.0, 1.3113791328216262, 2.223816125492393, 3.6325245119613436, 4.376635567419339, 4.217610855685953, 4.658565318850859, 5.644820536562699, 6.181005698913406, 5.862031836317507, 4.920022571086438, 6.055305777580518, 6.103934230477914, 7.294084174178415, 6.005509857622415, 6.033919189051176, 2.1345499783326694, 2.1263178407754566, 4.268941641671856, 4.51947462212147, 4.210709353541278, 5.416757337189843, 4.5904294799070815, 6.246448137942074, 7.093558859275082, 6.595610525948299, 5.068058778270039], [6.476232248769341, 5.838532334414189, 4.465042988594846, 3.6255474014278173, 4.295887825583904, 2.222227805604097, 2.1251346075013697, 1.3113791328216262, 0.0, 1.3715508412013022, 2.5257358254576032, 3.318987710130907, 2.976844238451182, 3.6121755992753175, 4.621470530036949, 5.054266168297827, 4.626602712574313, 3.619458728870934, 6.485424279875604, 6.170764527998132, 7.538186509366826, 6.458623848777695, 6.121404885318403, 3.152572882583367, 1.0829596991578219, 3.340569659504199, 3.7064113816466726, 3.151210010456301, 4.291648007467527, 3.7545178625224302, 5.36263295872466, 6.0182861264649095, 5.372866130846739, 3.7798224468882133], [5.525309994018435, 4.880352902198775, 3.632850486876662, 2.532347517620755, 2.9949445236932184, 1.3853993684133108, 2.1785189120133888, 2.223816125492393, 1.3715508412013022, 0.0, 1.4706941524327892, 2.4612213817533766, 2.479003947152969, 3.1595541758292423, 4.432710873720505, 5.056318266288229, 4.669469414184014, 3.485030080214517, 5.721102119347285, 5.136235976860876, 6.541961734831533, 5.6309414958779325, 5.014183863800768, 3.238741658422295, 2.1620825978671583, 2.0743280888036972, 2.721605426949322, 2.7408891221645577, 3.4186836662668862, 3.1145458176112935, 5.172983253404171, 6.10745182625291, 5.5340452916469705, 3.7014118684631683], [6.026655521929222, 5.466825332860014, 4.46647882453281, 3.1466900101535265, 3.0139484551000537, 2.5580544052072076, 3.620271826810799, 3.6325245119613436, 2.5257358254576032, 1.4706941524327892, 0.0, 1.5322615507804143, 1.5270056515939947, 2.5269320331184217, 3.8231420062561106, 4.342883972661485, 3.8553939824614556, 2.577100904116872, 6.416424634482976, 5.447637930332742, 6.945658575685966, 6.347405884296355, 5.346318407090996, 4.650967331641881, 2.8288211484644976, 1.0951344255387099, 2.177824329462778, 2.19156959962489, 2.1809306774861046, 2.7226866988326073, 4.6823022852011595, 5.429654738563034, 4.731433472004019, 2.8241219396477906], [6.106118118739598, 5.922637480042148, 5.046707981446915, 3.755926540815195, 3.445680775986075, 3.3540167948297457, 4.3749222690237595, 4.376635567419339, 3.318987710130907, 2.4612213817533766, 1.5322615507804143, 0.0, 2.5864073770386597, 3.8520482162091376, 5.005456372799587, 5.218273406022341, 4.37997451362448, 2.9944890332075014, 6.439925087297212, 5.316291297511828, 6.99875227522735, 6.913748311878297, 5.872858739149104, 5.350822951658932, 3.4908350877691143, 2.1304161401003325, 1.0959121269517917, 1.0958690843344383, 1.0954049662111267, 4.18949836376624, 5.960490982293321, 6.276604319215925, 5.009492287647522, 2.6734680155184205], [7.4630758002314295, 6.761168082513554, 5.73436779863308, 4.466817647945795, 4.346968107773509, 3.7320120766149727, 4.551289946817276, 4.217610855685953, 2.976844238451182, 2.479003947152969, 1.5270056515939947, 2.5864073770386597, 0.0, 1.4078173390038922, 2.439968684225271, 2.8166612256357704, 2.435247605480806, 1.4042484716032273, 7.871650544199736, 6.930025878739559, 8.362469449271549, 7.564677021525771, 6.554397321645981, 5.610395110863405, 2.8021490270861755, 2.0974900452683913, 3.5214656536731974, 2.9347878713801445, 2.817646187866745, 2.171664269632855, 3.42233373445665, 3.9035015742279393, 3.4179304586255115, 2.1775770457092904], [7.855920352192988, 6.919276900081395, 5.950231498857839, 4.800637011897484, 4.71397071374017, 4.163977178131504, 4.912327299763321, 4.658565318850859, 3.6121755992753175, 3.1595541758292423, 2.5269320331184217, 3.8520482162091376, 1.4078173390038922, 0.0, 1.395796510957095, 2.414143636986002, 2.783047333409908, 2.4123878150081923, 8.33675249062847, 7.467477058551971, 8.70048252972213, 7.597708869126271, 6.59988328760441, 5.882554395838596, 3.530970601690136, 2.6261657620949976, 4.6606854013117, 4.309274696512164, 4.037188281465208, 1.089053010647324, 2.1556242460132053, 3.399820698213363, 3.8703950056809444, 3.412559674203515], [9.234296721461792, 8.251379689482238, 7.281580796090914, 6.174490173285564, 6.093091488727213, 5.479279439853383, 6.081241286119142, 5.644820536562699, 4.621470530036949, 4.432710873720505, 3.8231420062561106, 5.005456372799587, 2.439968684225271, 1.395796510957095, 0.0, 1.3916240296861793, 2.409399767576979, 2.789344716954145, 9.71427039411607, 8.859330102214274, 10.066088116542593, 8.879165193868172, 7.900966752872715, 7.030539171358054, 4.294174618014503, 3.981765559396987, 5.912384348974617, 5.326508562839264, 5.05090949631846, 2.143327025910885, 1.0871174039633438, 2.15250855979715, 3.3941066129395523, 3.8757708975118743], [10.155952245850706, 9.295130702685144, 8.266690874225308, 7.091571409779359, 6.991837307174704, 6.27970270474646, 6.823103005231564, 6.181005698913406, 5.054266168297827, 5.056318266288229, 4.342883972661485, 5.218273406022341, 2.8166612256357704, 2.414143636986002, 1.3916240296861793, 0.0, 1.3925298560533632, 2.419222889689993, 10.585346101568906, 9.684842009036595, 11.02519507174363, 9.986655038600263, 8.996572753554545, 7.829191197052221, 4.45202171266044, 4.73212768318861, 6.247501565425975, 5.321594147433643, 5.143730134834058, 3.39174843701593, 2.152072603329172, 1.0868418008155558, 2.1511719643022498, 3.3885174767145587], [9.871781281004964, 9.192134704191403, 8.125659208335039, 6.882408324126083, 6.762748808731551, 6.012401395449243, 6.577164153341468, 5.862031836317507, 4.626602712574313, 4.669469414184014, 3.8553939824614556, 4.37997451362448, 2.435247605480806, 2.783047333409908, 2.409399767576979, 1.3925298560533632, 0.0, 1.3974040611075953, 10.240066685818016, 9.293916189637176, 10.777406014899876, 9.97500558095082, 8.976461772324328, 7.636751489998872, 3.900090574589262, 4.468294570638779, 5.465146604620959, 4.296303381978512, 4.264827159452069, 3.8718753414850537, 3.3952413301560758, 2.1534650171293706, 1.0873498517036733, 2.1347361359193786], [8.596557057915687, 8.0187701906215, 6.958605387575876, 5.683338069303989, 5.553586453815227, 4.844994060883873, 5.515049447647772, 4.920022571086438, 3.619458728870934, 3.485030080214517, 2.577100904116872, 2.9944890332075014, 1.4042484716032273, 2.4123878150081923, 2.789344716954145, 2.419222889689993, 1.3974040611075953, 0.0, 8.943947266168333, 7.978353043705198, 9.51481979545593, 8.854611357366286, 7.8567803532999445, 6.595713228302153, 3.040107238240125, 3.319805714194733, 4.078017324632155, 2.9411164342813767, 2.9959197469224708, 3.407364824905017, 3.8764553370315, 3.404174891218135, 2.1566279720897623, 1.0870949820507867], [1.0950000410958898, 2.1602365264016807, 2.6569493785166474, 3.5421967491939235, 3.949315859740773, 4.489040150188011, 4.790660859422216, 6.055305777580518, 6.485424279875604, 5.721102119347285, 6.416424634482976, 6.439925087297212, 7.871650544199736, 8.33675249062847, 9.71427039411607, 10.585346101568906, 10.240066685818016, 8.943947266168333, 0.0, 1.7589111774049306, 1.77992814461708, 2.501093242963964, 3.0801897896071275, 4.408445037652165, 7.5090429203727425, 6.109016464210913, 5.517447357247733, 6.915466990738949, 7.1792443871204155, 7.759541699739747, 10.204177923772203, 11.64574979080351, 11.085117003893101, 8.909142976740242], [1.0945384598085166, 2.166334535569241, 2.7156261248559233, 2.9489286902195513, 2.8096168653394717, 4.13965307000478, 4.916849119100565, 6.103934230477914, 6.170764527998132, 5.136235976860876, 5.447637930332742, 5.316291297511828, 6.930025878739559, 7.467477058551971, 8.859330102214274, 9.684842009036595, 9.293916189637176, 7.978353043705198, 1.7589111774049306, 0.0, 1.7771406275250143, 3.066470818383896, 2.5377463880380167, 4.915514929282587, 7.116286006759425, 5.001479398138115, 4.34135164551318, 5.960519958023796, 5.874459076374607, 6.95161457936212, 9.404323458388701, 10.75669689542287, 10.126780136845078, 7.924192957645592], [1.0935641224912245, 2.162030816154109, 3.371485423370536, 4.098958224963998, 4.0559426277993635, 5.379443929441035, 5.985642437533335, 7.294084174178415, 7.538186509366826, 6.541961734831533, 6.945658575685966, 6.99875227522735, 8.362469449271549, 8.70048252972213, 10.066088116542593, 11.02519507174363, 10.777406014899876, 9.51481979545593, 1.77992814461708, 1.7771406275250143, 0.0, 2.488612611476523, 2.517573979052056, 5.727823748161251, 8.549621485188688, 6.379202498745435, 6.069873723562954, 7.681616732172988, 7.536541690324548, 8.026201957962433, 10.473604211540554, 12.071817564476362, 11.669283735945408, 9.559684267798806], [2.148463143737867, 1.094894204934888, 2.0429769577750996, 3.23150052761871, 3.707343141658188, 4.310604164151471, 4.643604907827539, 6.005509857622415, 6.458623848777695, 5.6309414958779325, 6.347405884296355, 6.913748311878297, 7.564677021525771, 7.597708869126271, 8.879165193868172, 9.986655038600263, 9.97500558095082, 8.854611357366286, 2.501093242963964, 3.066470818383896, 2.488612611476523, 0.0, 1.7616323935486655, 4.210054709858293, 7.527934639062696, 5.803254970273149, 6.243139994425882, 7.574188926215137, 7.6200373174939235, 6.7683835396644, 9.11958532555072, 10.972266126010616, 10.95574021689087, 9.121493462695678], [2.1731568857309864, 1.0960686520469418, 2.0987726175076706, 2.5458432885784625, 2.4404420869998127, 3.9238356604220823, 4.753255950398632, 6.033919189051176, 6.121404885318403, 5.014183863800768, 5.346318407090996, 5.872858739149104, 6.554397321645981, 6.59988328760441, 7.900966752872715, 8.996572753554545, 8.976461772324328, 7.8567803532999445, 3.0801897896071275, 2.5377463880380167, 2.517573979052056, 1.7616323935486655, 0.0, 4.720002960804156, 7.115222626172704, 4.600302157467485, 5.230659853211638, 6.706702453516184, 6.398210475593937, 5.787909022263568, 8.177411506094089, 9.992456319143956, 9.962582545203828, 8.14630019947706], [4.7088071504362965, 4.005286608970699, 2.6582712822434056, 2.959416972986402, 4.17240646270231, 2.2160226036753325, 1.0833025893073458, 2.1345499783326694, 3.152572882583367, 3.238741658422295, 4.650967331641881, 5.350822951658932, 5.610395110863405, 5.882554395838596, 7.030539171358054, 7.829191197052221, 7.636751489998872, 6.595713228302153, 4.408445037652165, 4.915514929282587, 5.727823748161251, 4.210054709858293, 4.720002960804156, 0.0, 4.164017729309039, 4.870721955726892, 5.085581281426932, 5.46521615583501, 6.39622336539305, 5.44876443058424, 7.476303442878707, 8.777398244354645, 8.472177168827384, 6.770746405677884], [7.491275731809636, 6.88454884578503, 5.529915158481185, 4.6166511185057075, 5.152858695908515, 3.2589344347501075, 3.178032890012311, 2.1263178407754566, 1.0829596991578219, 2.1620825978671583, 2.8288211484644976, 3.4908350877691143, 2.8021490270861755, 3.530970601690136, 4.294174618014503, 4.45202171266044, 3.900090574589262, 3.040107238240125, 7.5090429203727425, 7.116286006759425, 8.549621485188688, 7.527934639062696, 7.115222626172704, 4.164017729309039, 0.0, 3.7990491784129357, 4.117564107576226, 3.096511827847587, 4.329906147943625, 3.9613454949044775, 5.119731100360642, 5.354677242374184, 4.525330371365167, 3.1570443107438324], [5.555145435539919, 4.906648743287011, 4.113632973418995, 2.7743423887472862, 2.3292231322911077, 2.676717084415161, 3.9469608599528825, 4.268941641671856, 3.340569659504199, 2.0743280888036972, 1.0951344255387099, 2.1304161401003325, 2.0974900452683913, 2.6261657620949976, 3.981765559396987, 4.73212768318861, 4.468294570638779, 3.319805714194733, 6.109016464210913, 5.001479398138115, 6.379202498745435, 5.803254970273149, 4.600302157467485, 4.870721955726892, 3.7990491784129357, 0.0, 2.450493570691423, 3.062693562862599, 2.4971147210330567, 2.4754058636918512, 4.683903015648381, 5.795095101031562, 5.411557242605865, 3.6938865250573145], [5.197726398147559, 5.2116637295589205, 4.462771827015135, 3.267958967000657, 2.9056821815195137, 3.1671265162604407, 4.241087550381387, 4.51947462212147, 3.7064113816466726, 2.721605426949322, 2.177824329462778, 1.0959121269517917, 3.5214656536731974, 4.6606854013117, 5.912384348974617, 6.247501565425975, 5.465146604620959, 4.078017324632155, 5.517447357247733, 4.34135164551318, 6.069873723562954, 6.243139994425882, 5.230659853211638, 5.085581281426932, 4.117564107576226, 2.450493570691423, 0.0, 1.7605889185156196, 1.7692365896058109, 4.795146634879897, 6.8041373472321975, 7.317593249832899, 6.1044366201968225, 3.74570424353018], [6.734904683067162, 6.621275889887085, 5.623248863424061, 4.423632354751014, 4.332268235001153, 3.7480208764093086, 4.483667651599525, 4.210709353541278, 3.151210010456301, 2.7408891221645577, 2.19156959962489, 1.0958690843344383, 2.9347878713801445, 4.309274696512164, 5.326508562839264, 5.321594147433643, 4.296303381978512, 2.9411164342813767, 6.915466990738949, 5.960519958023796, 7.681616732172988, 7.574188926215137, 6.706702453516184, 5.46521615583501, 3.096511827847587, 3.062693562862599, 1.7605889185156196, 0.0, 1.7751561987611117, 4.799405930946038, 6.345004833725503, 6.337051589659027, 4.756482260032093, 2.314419032932455], [6.737601071598109, 6.592899965872378, 5.866224759587719, 4.543507017712199, 3.9850049397710916, 4.321611646133881, 5.419046261105362, 5.416757337189843, 4.291648007467527, 3.4186836662668862, 2.1809306774861046, 1.0954049662111267, 2.817646187866745, 4.037188281465208, 5.05090949631846, 5.143730134834058, 4.264827159452069, 2.9959197469224708, 7.1792443871204155, 5.874459076374607, 7.536541690324548, 7.6200373174939235, 6.398210475593937, 6.39622336539305, 4.329906147943625, 2.4971147210330567, 1.7692365896058109, 1.7751561987611117, 0.0, 4.469498009844059, 6.014063134853175, 6.1517846727596055, 4.810922217205346, 2.637278739534371], [7.228911028640482, 6.1639348455349525, 5.2760728226589135, 4.2343169531814695, 4.175574809532216, 3.787584787169787, 4.582555658145354, 4.5904294799070815, 3.7545178625224302, 3.1145458176112935, 2.7226866988326073, 4.18949836376624, 2.171664269632855, 1.089053010647324, 2.143327025910885, 3.39174843701593, 3.8718753414850537, 3.407364824905017, 7.759541699739747, 6.95161457936212, 8.026201957962433, 6.7683835396644, 5.787909022263568, 5.44876443058424, 3.9613454949044775, 2.4754058636918512, 4.795146634879897, 4.799405930946038, 4.469498009844059, 0.0, 2.4619690270188213, 4.286373096220161, 4.959199229714411, 4.329341073419834], [9.688575971214757, 8.586377873702043, 7.67985986721112, 6.676208367778824, 6.61524734382623, 6.062311642434757, 6.611141100445519, 6.246448137942074, 5.36263295872466, 5.172983253404171, 4.6823022852011595, 5.960490982293321, 3.42233373445665, 2.1556242460132053, 1.0871174039633438, 2.152072603329172, 3.3952413301560758, 3.8764553370315, 10.204177923772203, 9.404323458388701, 10.473604211540554, 9.11958532555072, 8.177411506094089, 7.476303442878707, 5.119731100360642, 4.683903015648381, 6.8041373472321975, 6.345004833725503, 6.014063134853175, 2.4619690270188213, 0.0, 2.4797147759369427, 4.292246680935288, 4.962843914531264], [11.211678588864382, 10.312698080521896, 9.288038283189836, 8.139052503823772, 8.044107077233619, 7.315720992492812, 7.795217223400512, 7.093558859275082, 6.0182861264649095, 6.10745182625291, 5.429654738563034, 6.276604319215925, 3.9035015742279393, 3.399820698213363, 2.15250855979715, 1.0868418008155558, 2.1534650171293706, 3.404174891218135, 11.64574979080351, 10.75669689542287, 12.071817564476362, 10.972266126010616, 9.992456319143956, 8.777398244354645, 5.354677242374184, 5.795095101031562, 7.317593249832899, 6.337051589659027, 6.1517846727596055, 4.286373096220161, 2.4797147759369427, 0.0, 2.478008724762687, 4.27993780445464], [10.752926878761894, 10.149438018924988, 9.066102017405276, 7.815190954800785, 7.6899212863331705, 6.906539202813519, 7.411312234685569, 6.595610525948299, 5.372866130846739, 5.5340452916469705, 4.731433472004019, 5.009492287647522, 3.4179304586255115, 3.8703950056809444, 3.3941066129395523, 2.1511719643022498, 1.087349