{"total energy": -61.1258296, "HOMO-LUMO gap/eV": 3.56650554, "electronic energy": -61.65841323, "dipole": [-0.32671727, 0.39858807, 0.47358239], "partial charges": [-0.2101791, 0.47832567, -0.20490855, -0.2064963, -0.02093032, -0.02650526, -0.02193051, -0.03678813, 0.07800775, -0.04391812, -0.08402871, -0.01048278, -0.03088339, 0.01822153, -0.18324046, 0.04089656, -0.15670921, 0.26528149, -0.37880394, 0.06272666, 0.06378475, 0.08795134, 0.05555711, 0.07329018, 0.06566313, 0.08537131, 0.06978539, 0.07699341, 0.0939485], "atomic dipole moments": [[0.12200775, -0.23605902, -0.03245469], [0.12904602, 0.15939607, -0.05392346], [-0.22061016, -0.00718632, -0.14972539], [-0.07933522, 0.01100785, 0.25464942], [0.10088116, 0.14215161, -0.04397089], [-0.02717356, 0.02860556, -0.01685324], [-0.0010621, 0.01662463, -0.00763023], [-0.00173311, 0.06085934, -0.03251304], [-0.15772857, 0.01855997, -0.03791893], [0.00974825, -0.03884051, 0.02167884], [-0.00741984, 0.0436305, -0.03717235], [-0.03533115, -0.15801308, 0.08080591], [0.07795275, -0.0739542, 0.08889725], [-0.17715295, -0.05631279, -0.07278508], [0.05395286, 0.01878549, 0.01756525], [0.05067904, 0.01799818, -0.17482154], [-0.01513082, -0.1153939, 0.08633581], [0.01588998, 0.03411023, -0.00481391], [-0.02461854, 0.16996291, -0.0542348], [0.15192154, -0.01668249, 0.03177427], [0.05661662, -0.12961115, 0.06266731], [-0.07790404, -0.12958313, 0.04196958], [-0.0479066, 0.13149289, -0.06819403], [0.02858695, 0.00147793, -0.12389942], [0.04230735, 0.10541683, 0.06377044], [-0.06792674, 0.07322637, -0.09144791], [0.0566568, -0.06778576, 0.10132], [0.02948345, 0.12529246, 0.02154237], [-0.10613333, -0.05995269, 0.07624555]], "atomic quadrupole moments": [[-0.00657484, -0.06099785, 0.04193574, -0.00635782, 0.01772725, -0.03536091], [5.07e-05, -0.24258933, -0.11694146, 0.08198519, 0.07360176, 0.11689075], [0.03594193, -0.01306689, -0.04275369, 0.06025645, -0.00143241, 0.00681175], [-0.03330139, -0.01097288, -0.04474702, -0.02932999, 0.01518151, 0.07804841], [-0.22248015, 0.12558982, -0.0302192, -0.1536266, 0.17338515, 0.25269935], [-0.26630432, -0.05151541, -0.14362887, -0.11131589, 0.27018198, 0.40993319], [-0.24130966, -0.01523683, -0.16873707, -0.13031556, 0.29447292, 0.41004674], [-0.23092593, -0.05037516, -0.17137033, -0.10379298, 0.29311922, 0.40229626], [-0.04870678, -0.05842463, -0.23286811, -0.04762388, 0.25465282, 0.28157489], [-0.21580362, -0.0748816, -0.13756225, -0.098573, 0.25959695, 0.35336586], [-0.04136341, -0.05162015, 0.04471973, 0.01385693, -0.05135429, -0.00335632], [0.18530644, -0.10460446, 0.09233647, 0.03586186, -0.17414463, -0.2776429], [0.04480764, 0.07768748, 0.02467141, -0.11548957, 0.1109435, -0.06947905], [0.38859067, 0.04515296, -0.31951664, -0.1588277, 0.09303251, -0.06907403], [0.56728204, 0.06195608, -0.29730878, -0.11933578, -0.00282255, -0.26997325], [-0.2052765, -0.06310479, 0.01220798, 0.15605336, 0.12535792, 0.19306852], [-0.29459682, 0.01586135, -0.24311437, 0.10114566, 0.18942825, 0.53771119], [-0.18503545, -0.0842132, -0.22935694, -0.15300822, 0.17153449, 0.41439239], [-0.09238327, -0.02363658, -0.08691154, -0.0674976, 0.07087458, 0.17929481], [0.02312974, 0.01538184, 0.02491033, 0.00887371, -0.03212229, -0.04804006], [0.03950447, 0.01342596, 0.01259388, 0.01268302, -0.03063824, -0.05209835], [0.05167088, 0.00437351, -0.00296731, 0.01816816, -0.02391238, -0.04870357], [0.04404362, 0.00176667, 0.00737765, 0.01860439, -0.02812692, -0.05142128], [-0.01929382, -0.01396047, -0.01723072, -0.00647179, -0.01332979, 0.03652454], [-0.00958954, 0.01856178, 0.01777767, 0.0109509, 0.02877075, -0.00818813], [-0.00011128, -0.02580102, -0.01353399, 0.00990801, -0.00532567, 0.01364527], [0.00452381, -0.02186196, 0.00010446, 0.00507941, -0.03435417, -0.00462827], [-0.00591491, 0.01253176, 0.04014732, -0.01567295, 0.00294679, -0.03423241], [0.00888519, 0.01806949, -0.01430744, -0.00805323, 0.01254395, 0.00542225]], "number of molecular orbitals": 96, "number of electrons": 104, "number of unpaired electrons": 0, "orbital energies/eV": [-29.19576437, -29.19319773, -23.89795325, -23.57128547, -23.54228282, -20.03597861, -19.62444207, -19.10483715, -18.97324251, -18.51294803, -18.35374613, -18.10406436, -17.87445249, -17.69768933, -17.2933579, -17.26836011, -16.98981436, -16.92145714, -16.87921839, -16.46308567, -16.27516551, -16.14721674, -15.77589277, -15.49638928, -15.27673642, -15.0807715, -14.99484768, -14.96918294, -14.92626551, -14.83862513, -14.72170038, -14.58093492, -14.56441741, -14.53665928, -14.495116, -14.3406904, -14.16267498, -14.07218584, -13.96889972, -13.77058319, -13.7194577, -13.59860315, -12.92947535, -12.89804744, -12.72471996, -12.21991653, -12.12186265, -11.99629916, -11.88866359, -11.80441906, -11.4856565, -11.32202199, -7.75551645, -7.51990907, -6.66460187, -4.97979869, -4.69866297, -3.86044192, -1.78910985, -0.72188027, -0.44242876, -0.26623112, -0.09400305, 0.00787044, 0.0450534, 0.05995539, 0.0874247, 0.09821558, 0.13511286, 0.62148058, 0.9652076, 1.24087834, 1.47465137, 1.74493867, 2.1021348, 2.61293301, 2.85348672, 2.96681165, 3.15250259, 3.51205438, 3.6305395, 3.81543999, 4.25322053, 4.35023495, 4.5780388, 5.05916754, 5.67251224, 6.09428663, 6.65016059, 8.93944946, 9.60691324, 10.47760761, 10.72899653, 15.13680858, 15.42150692, 16.19536901], "fractional occupation": [2.0, 2.0, 2.0, 2.0, 2.0, 2.0, 2.0, 2.0, 2.0, 2.0, 2.0, 2.0, 2.0, 2.0, 2.0, 2.0, 2.0, 2.0, 2.0, 2.0, 2.0, 2.0, 2.0, 2.0, 2.0, 2.0, 2.0, 2.0, 2.0, 2.0, 2.0, 2.0, 2.0, 2.0, 2.0, 2.0, 2.0, 2.0, 2.0, 2.0, 2.0, 2.0, 2.0, 2.0, 2.0, 2.0, 2.0, 2.0, 2.0, 2.0, 2.0, 2.0, 0.0, 0.0, 0.0, 0.0, 0.0, 0.0, 0.0, 0.0, 0.0, 0.0, 0.0, 0.0, 0.0, 0.0, 0.0, 0.0, 0.0, 0.0, 0.0, 0.0, 0.0, 0.0, 0.0, 0.0, 0.0, 0.0, 0.0, 0.0, 0.0, 0.0, 0.0, 0.0, 0.0, 0.0, 0.0, 0.0, 0.0, 0.0, 0.0, 0.0, 0.0, 0.0, 0.0, 0.0], "program call": "xtb /home/svss/Project-DBcg-Debug/aqme2_20220329/End-to-End-workflows-final/example-3/QDESCP/mol_657_rdkit_conf_5/mol_657_rdkit_conf_5.xyz --pop --wbo --acc 0.2 --gfn 2 --chrg 0 --uhf 0 --etemp 300 --input /home/svss/Project-DBcg-Debug/aqme2_20220329/End-to-End-workflows-final/example-3/QDESCP/mol_657_rdkit_conf_5/mol_657_rdkit_conf_5_xtb.inp", "method": "GFN2-xTB", "xtb version": "6.3.3 (7355c4f)", "Dipole module/D": 1.779, "Total charge": 0, "Transition dipole module/D": NaN, "HOMO": -11.322, "LUMO": -7.7555, "HOMO occupancy": 2.0, "LUMO occupancy": 0, "mulliken charges": [-0.25251, 0.6337, -0.24701, -0.2484, -0.02349, -0.02392, -0.01504, -0.03872, 0.153, -0.05602, -0.26288, 0.07683, -0.0407, 0.05569, -0.13106, 0.048, -0.10502, 0.46226, -0.51048, 0.05355, 0.04837, 0.07425, 0.04943, 0.0506, 0.04515, 0.05248, 0.04337, 0.04289, 0.06569], "cm5 charges": [-0.27349, 0.68529, -0.26803, -0.26839, -0.02629, -0.07483, -0.07007, -0.08564, 0.20632, -0.10015, -0.50483, 0.03404, -0.09734, -0.04373, -0.14089, 0.00318, -0.10893, 0.55489, -0.55663, 0.11088, 0.10368, 0.1402, 0.11119, 0.11713, 0.11101, 0.11263, 0.10152, 0.09867, 0.12862], "FUKUI+": [-0.025, -0.003, -0.026, -0.028, -0.048, -0.042, -0.024, -0.034, -0.03, -0.023, -0.046, 0.024, 0.01, 0.015, -0.035, 0.007, -0.11, -0.06, -0.121, -0.064, -0.059, -0.043, -0.052, -0.029, -0.034, -0.039, -0.007, -0.024, -0.053], "FUKUI-": [-0.016, -0.001, -0.02, -0.02, -0.027, -0.036, -0.017, -0.018, -0.016, -0.018, -0.067, 0.022, 0.008, 0.024, -0.168, 0.015, -0.142, -0.009, -0.091, -0.05, -0.044, -0.03, -0.034, -0.048, -0.042, -0.035, -0.035, -0.042, -0.042], "FUKUIrad": [-0.021, -0.002, -0.023, -0.024, -0.038, -0.039, -0.02, -0.026, -0.023, -0.02, -0.057, 0.023, 0.009, 0.02, -0.102, 0.011, -0.126, -0.034, -0.106, -0.057, -0.051, -0.037, -0.043, -0.039, -0.038, -0.037, -0.021, -0.033, -0.047], "s proportion": [1.826, 1.03, 1.825, 1.826, 1.074, 1.061, 1.064, 1.068, 1.041, 1.062, 1.449, 1.015, 1.069, 1.049, 1.949, 1.081, 1.952, 1.009, 1.728, 0.946, 0.952, 0.926, 0.951, 0.949, 0.955, 0.948, 0.957, 0.957, 0.934], "p proportion": [5.427, 2.336, 5.422, 5.423, 2.949, 2.963, 2.951, 2.971, 2.806, 2.995, 3.814, 2.908, 2.971, 2.895, 5.199, 2.871, 5.168, 2.528, 4.782, 0.0, 0.0, 0.0, 0.0, 0.0, 0.0, 0.0, 0.0, 0.0, 0.0], "d proportion": [0.0, 0.0, 0.0, 0.0, 0.0, 0.0, 0.0, 0.0, 0.0, 0.0, 0.0, 0.0, 0.0, 0.0, -0.016, 0.0, -0.015, 0.0, 0.0, 0.0, 0.0, 0.0, 0.0, 0.0, 0.0, 0.0, 0.0, 0.0, 0.0], "Fermi-level/eV": -9.5388, "Coordination numbers": [0.788, 3.331, 0.788, 0.788, 2.96, 2.913, 2.908, 2.917, 2.891, 2.92, 2.752, 3.791, 3.93, 3.716, 0.914, 3.796, 0.958, 2.84, 0.856, 0.925, 0.925, 0.925, 0.925, 0.924, 0.924, 0.924, 0.924, 0.924, 0.924], "Dispersion coefficient C6": [11.341, 17.454, 11.286, 11.303, 28.527, 28.664, 28.553, 28.915, 26.257, 29.091, 22.876, 20.774, 21.059, 20.39, 104.893, 19.892, 104.06, 22.534, 21.262, 2.167, 2.155, 1.899, 2.252, 2.05, 2.134, 1.925, 2.088, 2.01, 1.841], "Total dispersion C6": 12723.497373, "Total dispersion C8": 338783.63127, "Polarizability alpha": [3.978, 6.627, 3.968, 3.971, 8.761, 8.779, 8.762, 8.818, 8.401, 8.845, 7.104, 6.491, 6.522, 6.451, 15.668, 6.351, 15.606, 7.779, 6.182, 2.302, 2.296, 2.155, 2.347, 2.239, 2.284, 2.17, 2.26, 2.217, 2.122], "Total polarizability alpha": 171.45624, "Wiberg matrix": [[0.0, 0.9421209308907414, 0.0, 0.0, 0.0, 0.0, 0.0, 0.0, 0.0, 0.0, 0.0, 0.0, 0.0, 0.0, 0.0, 0.0, 0.0, 0.0, 0.0, 0.0, 0.0, 0.0, 0.0, 0.0, 0.0, 0.0, 0.0, 0.0, 0.0], [0.9421209308907414, 0.0, 0.9482544628762722, 0.941678958078438, 0.9551225725395338, 0.0, 0.0, 0.0, 0.0, 0.0, 0.0, 0.0, 0.0, 0.0, 0.0, 0.0, 0.0, 0.0, 0.0, 0.0, 0.0, 0.0, 0.0, 0.0, 0.0, 0.0, 0.0, 0.0, 0.0], [0.0, 0.9482544628762722, 0.0, 0.0, 0.0, 0.0, 0.0, 0.0, 0.0, 0.0, 0.0, 0.0, 0.0, 0.0, 0.0, 0.0, 0.0, 0.0, 0.0, 0.0, 0.0, 0.0, 0.0, 0.0, 0.0, 0.0, 0.0, 0.0, 0.0], [0.0, 0.941678958078438, 0.0, 0.0, 0.0, 0.0, 0.0, 0.0, 0.0, 0.0, 0.0, 0.0, 0.0, 0.0, 0.0, 0.0, 0.0, 0.0, 0.0, 0.0, 0.0, 0.0, 0.0, 0.0, 0.0, 0.0, 0.0, 0.0, 0.0], [0.0, 0.9551225725395338, 0.0, 0.0, 0.0, 1.4093705342984129, 0.0, 0.10564682338977055, 0.0, 1.4123008312477698, 0.0, 0.0, 0.0, 0.0, 0.0, 0.0, 0.0, 0.0, 0.0, 0.0, 0.0, 0.0, 0.0, 0.0, 0.0, 0.0, 0.0, 0.0, 0.0], [0.0, 0.0, 0.0, 0.0, 1.4093705342984129, 0.0, 1.4337559820332118, 0.0, 0.0, 0.0, 0.0, 0.0, 0.0, 0.0, 0.0, 0.0, 0.0, 0.0, 0.0, 0.9666777961577268, 0.0, 0.0, 0.0, 0.0, 0.0, 0.0, 0.0, 0.0, 0.0], [0.0, 0.0, 0.0, 0.0, 0.0, 1.4337559820332118, 0.0, 1.4486352941352674, 0.0, 0.10611749225830526, 0.0, 0.0, 0.0, 0.0, 0.0, 0.0, 0.0, 0.0, 0.0, 0.0, 0.9679938325131215, 0.0, 0.0, 0.0, 0.0, 0.0, 0.0, 0.0, 0.0], [0.0, 0.0, 0.0, 0.0, 0.10564682338977055, 0.0, 1.4486352941352674, 0.0, 1.368582621877066, 0.0, 0.0, 0.0, 0.0, 0.0, 0.0, 0.0, 0.0, 0.0, 0.0, 0.0, 0.0, 0.95915345463631, 0.0, 0.0, 0.0, 0.0, 0.0, 0.0, 0.0], [0.0, 0.0, 0.0, 0.0, 0.0, 0.0, 0.0, 1.368582621877066, 0.0, 1.3723979660515981, 1.067354012149551, 0.0, 0.0, 0.0, 0.0, 0.0, 0.0, 0.0, 0.0, 0.0, 0.0, 0.0, 0.0, 0.0, 0.0, 0.0, 0.0, 0.0, 0.0], [0.0, 0.0, 0.0, 0.0, 1.4123008312477698, 0.0, 0.10611749225830526, 0.0, 1.3723979660515981, 0.0, 0.0, 0.0, 0.0, 0.0, 0.0, 0.0, 0.0, 0.0, 0.0, 0.0, 0.0, 0.0, 0.963656392883397, 0.0, 0.0, 0.0, 0.0, 0.0, 0.0], [0.0, 0.0, 0.0, 0.0, 0.0, 0.0, 0.0, 0.0, 1.067354012149551, 0.0, 0.0, 0.9895407604372326, 0.0, 0.0, 0.0, 0.0, 0.0, 1.1582336675237295, 0.1733390769541891, 0.0, 0.0, 0.0, 0.0, 0.0, 0.0, 0.0, 0.0, 0.0, 0.0], [0.0, 0.0, 0.0, 0.0, 0.0, 0.0, 0.0, 0.0, 0.0, 0.0, 0.9895407604372326, 0.0, 0.9871921740207592, 0.0, 0.0, 0.0, 0.0, 0.0, 0.0, 0.0, 0.0, 0.0, 0.0, 0.9616165356649031, 0.964703812374498, 0.0, 0.0, 0.0, 0.0], [0.0, 0.0, 0.0, 0.0, 0.0, 0.0, 0.0, 0.0, 0.0, 0.0, 0.0, 0.9871921740207592, 0.0, 0.9983569704557074, 0.0, 0.990940455467738, 0.0, 0.0, 0.0, 0.0, 0.0, 0.0, 0.0, 0.0, 0.0, 0.960526736512098, 0.0, 0.0, 0.0], [0.0, 0.0, 0.0, 0.0, 0.0, 0.0, 0.0, 0.0, 0.0, 0.0, 0.0, 0.0, 0.9983569704557074, 0.0, 0.9612453961244005, 0.0, 0.0, 0.0, 0.0, 0.0, 0.0, 0.0, 0.0, 0.0, 0.0, 0.0, 0.9769593676121635, 0.974473478807474, 0.0], [0.0, 0.0, 0.0, 0.0, 0.0, 0.0, 0.0, 0.0, 0.0, 0.0, 0.0, 0.0, 0.0, 0.9612453961244005, 0.0, 0.0, 0.0, 0.0, 0.0, 0.0, 0.0, 0.0, 0.0, 0.0, 0.0, 0.0, 0.0, 0.0, 0.0], [0.0, 0.0, 0.0, 0.0, 0.0, 0.0, 0.0, 0.0, 0.0, 0.0, 0.0, 0.0, 0.990940455467738, 0.0, 0.0, 0.0, 0.9354314173763818, 0.9558789896324015, 0.0, 0.0, 0.0, 0.0, 0.0, 0.0, 0.0, 0.0, 0.0, 0.0, 0.9580884083456684], [0.0, 0.0, 0.0, 0.0, 0.0, 0.0, 0.0, 0.0, 0.0, 0.0, 0.0, 0.0, 0.0, 0.0, 0.0, 0.9354314173763818, 0.0, 0.0, 0.0, 0.0, 0.0, 0.0, 0.0, 0.0, 0.0, 0.0, 0.0, 0.0, 0.0], [0.0, 0.0, 0.0, 0.0, 0.0, 0.0, 0.0, 0.0, 0.0, 0.0, 1.1582336675237295, 0.0, 0.0, 0.0, 0.0, 0.9558789896324015, 0.0, 0.0, 1.7408880097317376, 0.0, 0.0, 0.0, 0.0, 0.0, 0.0, 0.0, 0.0, 0.0, 0.0], [0.0, 0.0, 0.0, 0.0, 0.0, 0.0, 0.0, 0.0, 0.0, 0.0, 0.1733390769541891, 0.0, 0.0, 0.0, 0.0, 0.0, 0.0, 1.7408880097317376, 0.0, 0.0, 0.0, 0.0, 0.0, 0.0, 0.0, 0.0, 0.0, 0.0, 0.0], [0.0, 0.0, 0.0, 0.0, 0.0, 0.9666777961577268, 0.0, 0.0, 0.0, 0.0, 0.0, 0.0, 0.0, 0.0, 0.0, 0.0, 0.0, 0.0, 0.0, 0.0, 0.0, 0.0, 0.0, 0.0, 0.0, 0.0, 0.0, 0.0, 0.0], [0.0, 0.0, 0.0, 0.0, 0.0, 0.0, 0.9679938325131215, 0.0, 0.0, 0.0, 0.0, 0.0, 0.0, 0.0, 0.0, 0.0, 0.0, 0.0, 0.0, 0.0, 0.0, 0.0, 0.0, 0.0, 0.0, 0.0, 0.0, 0.0, 0.0], [0.0, 0.0, 0.0, 0.0, 0.0, 0.0, 0.0, 0.95915345463631, 0.0, 0.0, 0.0, 0.0, 0.0, 0.0, 0.0, 0.0, 0.0, 0.0, 0.0, 0.0, 0.0, 0.0, 0.0, 0.0, 0.0, 0.0, 0.0, 0.0, 0.0], [0.0, 0.0, 0.0, 0.0, 0.0, 0.0, 0.0, 0.0, 0.0, 0.963656392883397, 0.0, 0.0, 0.0, 0.0, 0.0, 0.0, 0.0, 0.0, 0.0, 0.0, 0.0, 0.0, 0.0, 0.0, 0.0, 0.0, 0.0, 0.0, 0.0], [0.0, 0.0, 0.0, 0.0, 0.0, 0.0, 0.0, 0.0, 0.0, 0.0, 0.0, 0.9616165356649031, 0.0, 0.0, 0.0, 0.0, 0.0, 0.0, 0.0, 0.0, 0.0, 0.0, 0.0, 0.0, 0.0, 0.0, 0.0, 0.0, 0.0], [0.0, 0.0, 0.0, 0.0, 0.0, 0.0, 0.0, 0.0, 0.0, 0.0, 0.0, 0.964703812374498, 0.0, 0.0, 0.0, 0.0, 0.0, 0.0, 0.0, 0.0, 0.0, 0.0, 0.0, 0.0, 0.0, 0.0, 0.0, 0.0, 0.0], [0.0, 0.0, 0.0, 0.0, 0.0, 0.0, 0.0, 0.0, 0.0, 0.0, 0.0, 0.0, 0.960526736512098, 0.0, 0.0, 0.0, 0.0, 0.0, 0.0, 0.0, 0.0, 0.0, 0.0, 0.0, 0.0, 0.0, 0.0, 0.0, 0.0], [0.0, 0.0, 0.0, 0.0, 0.0, 0.0, 0.0, 0.0, 0.0, 0.0, 0.0, 0.0, 0.0, 0.9769593676121635, 0.0, 0.0, 0.0, 0.0, 0.0, 0.0, 0.0, 0.0, 0.0, 0.0, 0.0, 0.0, 0.0, 0.0, 0.0], [0.0, 0.0, 0.0, 0.0, 0.0, 0.0, 0.0, 0.0, 0.0, 0.0, 0.0, 0.0, 0.0, 0.974473478807474, 0.0, 0.0, 0.0, 0.0, 0.0, 0.0, 0.0, 0.0, 0.0, 0.0, 0.0, 0.0, 0.0, 0.0, 0.0], [0.0, 0.0, 0.0, 0.0, 0.0, 0.0, 0.0, 0.0, 0.0, 0.0, 0.0, 0.0, 0.0, 0.0, 0.0, 0.9580884083456684, 0.0, 0.0, 0.0, 0.0, 0.0, 0.0, 0.0, 0.0, 0.0, 0.0, 0.0, 0.0, 0.0]], "Born radii": [], "Atomic SASAs": [], "Solvent H bonds": [], "Total SASA": NaN, "Total FOD": 0.0, "FOD": [0.0, 0.0, 0.0, 0.0, 0.0, 0.0, 0.0, 0.0, 0.0, 0.0, 0.0, 0.0, 0.0, 0.0, 0.0, 0.0, 0.0, 0.0, 0.0, 0.0, 0.0, 0.0, 0.0, 0.0, 0.0, 0.0, 0.0, 0.0, 0.0], "FOD s proportion": [0.0, 0.0, 0.0, 0.0, 0.0, 0.0, 0.0, 0.0, 0.0, 0.0, 0.0, 0.0, 0.0, 0.0, 0.0, 0.0, 0.0, 0.0, 0.0, 0.0, 0.0, 0.0, 0.0, 0.0, 0.0, 0.0, 0.0, 0.0, 0.0], "FOD p proportion": [0.0, 0.0, 0.0, 0.0, 0.0, 0.0, 0.0, 0.0, 0.0, 0.0, 0.0, 0.0, 0.0, 0.0, 0.0, 0.0, 0.0, 0.0, 0.0, 0.0, 0.0, 0.0, 0.0, 0.0, 0.0, 0.0, 0.0, 0.0, 0.0], "FOD d proportion": [0.0, 0.0, 0.0, 0.0, 0.0, 0.0, 0.0, 0.0, 0.0, 0.0, 0.0, 0.0, 0.0, 0.0, 0.0, 0.0, 0.0, 0.0, 0.0, 0.0, 0.0, 0.0, 0.0, 0.0, 0.0, 0.0, 0.0, 0.0, 0.0], "coordinates": [["3.19750", "2.79820", "-0.30570"], ["3.80460", "1.58810", "-0.46520"], ["4.93610", "1.63870", "0.29060"], ["4.21780", "1.54700", "-1.76110"], ["2.90070", "0.43270", "-0.11390"], ["3.42160", "-0.73530", "0.45090"], ["2.57690", "-1.80010", "0.74500"], ["1.20700", "-1.71070", "0.47390"], ["0.65000", "-0.56060", "-0.09750"], ["1.52000", "0.50360", "-0.38910"], ["-0.74180", "-0.45690", "-0.37420"], ["-1.35230", "0.75090", "-0.88400"], ["-2.84690", "0.55560", "-0.65500"], ["-3.23270", "1.02460", "0.75250"], ["-4.99040", "0.90820", "1.00840"], ["-3.01160", "-0.95320", "-0.82430"], ["-3.19110", "-1.39730", "-2.54300"], ["-1.68280", "-1.50590", "-0.33370"], ["-1.51950", "-2.67000", "0.00070"], ["4.48630", "-0.82140", "0.66310"], ["2.97830", "-2.70970", "1.18680"], ["0.59870", "-2.57170", "0.73500"], ["1.15190", "1.41470", "-0.85520"], ["-1.12160", "0.82880", "-1.95290"], ["-0.98200", "1.64060", "-0.36460"], ["-3.42580", "1.13190", "-1.38680"], ["-2.74520", "0.43600", "1.53620"], ["-2.96100", "2.07480", "0.89800"], ["-3.84280", "-1.38180", "-0.26020"]], "bond_dist": [[0.0, 1.3632140954376903, 2.1731874976632826, 2.173638123055446, 2.3917499304902257, 3.6205367861685924, 4.757465474388647, 4.98999455109923, 4.220739381909288, 2.843615826724841, 5.110621562002023, 5.022603729142883, 6.456472458703746, 6.753733503774042, 8.505331576135053, 7.272885997319083, 7.9637893932474135, 6.507179796194355, 7.228082816349021, 3.962459216193903, 5.710741396701483, 6.055794245183698, 2.52992131498195, 5.024582471210916, 4.337248807712096, 6.91472600975628, 6.6549431056921895, 6.316591129715458, 8.18781377047622], [1.3632140954376903, 0.0, 1.3616483576900458, 1.3608013300992912, 1.5084415997976193, 2.526680781183092, 3.8015431827088326, 4.302501134224139, 3.834529454835365, 2.5300847060918734, 4.9859862575021205, 5.241174953195133, 6.733834905906145, 7.164071246853984, 8.943477286268468, 7.28338801245684, 7.884775487609017, 6.300927472205977, 6.8333388054449635, 2.7465370978743398, 4.677922672511807, 5.38722664178889, 2.686816862013487, 5.201656872574352, 4.7879448795908255, 7.303160217330578, 6.944984982705146, 6.918709019029489, 8.20640346132214], [2.1731874976632826, 1.3616483576900458, 0.0, 2.1757381896726455, 2.4001894529390797, 2.8205110068921906, 4.194955236948304, 5.015801636827358, 4.833031689322965, 3.6633568362909994, 6.088681861454086, 6.458471069843077, 7.914692285237626, 8.204862208471267, 9.979191817978048, 8.433675527905967, 9.126771871806593, 7.354461017640925, 7.766833914794367, 2.5284715343463926, 4.85229201924204, 6.061187860477515, 3.9602024291694984, 6.510373226628409, 5.954258833809629, 8.543529048935223, 7.874031771589444, 7.932421218014081, 9.300316451605289], [2.173638123055446, 1.3608013300992912, 2.1757381896726455, 0.0, 2.3853060055263353, 3.2765487528800787, 4.491789001055148, 4.9671672943439305, 4.465281576787739, 3.201435990301852, 5.526005698513168, 5.694654829750439, 7.2191631966592915, 7.880421116285602, 9.636863749685373, 7.706673643018757, 8.010747113097505, 6.795200477542955, 7.335096422679118, 3.39972887889608, 5.324093307784905, 6.024291635536912, 3.1996720003775394, 5.390898889795653, 5.3848763449126675, 7.6640087069366, 7.7839499799266445, 7.673627244660768, 8.706540220431995], [2.3917499304902257, 1.5084415997976193, 2.4001894529390797, 2.3853060055263353, 0.0, 1.3980557392321666, 2.4141150531820146, 2.7943321366652176, 2.460195996257209, 1.4096433378695479, 3.75858357629573, 4.3338567408256585, 5.774322417392365, 6.222506740052597, 7.984680128220541, 6.113974015319332, 6.808777720707293, 4.981461055754627, 5.401670897972219, 2.1657846545767194, 3.401840679690923, 3.878950189162011, 2.1382589015364815, 4.4404632078196515, 4.073970077209698, 6.4910520949997, 5.882093820231024, 6.170896280930347, 6.9848841214439625], [3.6205367861685924, 2.526680781183092, 2.8205110068921906, 3.2765487528800787, 1.3980557392321666, 0.0, 1.3906156694068998, 2.419997380163871, 2.830729448393117, 2.420032183670292, 4.253492227570188, 5.175023638593355, 6.49488490044281, 6.889696586933274, 8.589158427925287, 6.561987327784168, 7.288997359033683, 5.221524765813143, 5.325430812619764, 1.0890491908082018, 2.153211336585427, 3.379621603079256, 3.3882053214054193, 5.372646414012372, 5.069677901011069, 7.3314707862747435, 6.370183829372587, 6.988143042325336, 7.327696283280305], [4.757465474388647, 3.8015431827088326, 4.194955236948304, 4.491789001055148, 2.4141150531820146, 1.3906156694068998, 0.0, 1.3993261163860269, 2.4411288597695946, 2.7767344327464953, 3.7510751218817253, 4.959824053330925, 6.076753156908713, 6.459910099993652, 8.041660135817729, 5.866112371068253, 6.651542365496893, 4.403997209354248, 4.253375302039546, 2.1471771375459454, 1.0879712128544579, 2.1233798058755293, 3.863444587411602, 5.279079642324029, 5.073006786906558, 7.012389216950241, 5.826739144667454, 6.760665308976625, 6.511370824949229], [4.98999455109923, 4.302501134224139, 5.015801636827358, 4.9671672943439305, 2.7943321366652176, 2.419997380163871, 1.3993261163860269, 0.0, 1.3998131911080136, 2.3970528759291065, 2.4676121028232942, 3.8017605737342275, 4.779606271441195, 5.222108782857745, 6.749229157466799, 4.478360799444368, 5.342582594588501, 3.0075080781271395, 2.928818358997362, 3.4030074375469708, 2.1549318086658795, 1.0860585159189167, 3.3967142917825752, 4.214355994692427, 4.089745094746126, 5.7450339502913295, 4.621329572752846, 5.646423209430905, 5.113468300478649], [4.220739381909288, 3.834529454835365, 4.833031689322965, 4.465281576787739, 2.460195996257209, 2.830729448393117, 2.4411288597695946, 1.3998131911080136, 0.0, 1.4051520202454963, 1.4228224836570442, 2.519488001559047, 3.7128181075835105, 4.279102514546713, 5.932495293719162, 3.7536232576005815, 4.629750139046383, 2.5281096435874773, 3.027530652198257, 3.919659001750025, 3.4189235425788627, 2.177202597371223, 2.1743557643587215, 2.9174488992954104, 2.7531886695248473, 4.597716431012248, 3.8973799263094686, 4.579920786432884, 4.570130476255574], [2.843615826724841, 2.5300847060918734, 3.6633568362909994, 3.201435990301852, 1.4096433378695479, 2.420032183670292, 2.7767344327464953, 2.3970528759291065, 1.4051520202454963, 0.0, 2.457340330519971, 2.925096680453486, 4.375296837929971, 4.915572077591783, 6.670983103711177, 4.779860232266212, 5.517895362364169, 3.78141339316399, 4.411603024978563, 3.414921013727843, 3.8646340822903276, 3.4014503656528636, 1.0875890906036159, 3.086952549036023, 2.7483400899452013, 5.084398078435638, 4.680094111233235, 4.919822847420423, 5.686033082035313], [5.110621562002023, 4.9859862575021205, 6.088681861454086, 5.526005698513168, 3.75858357629573, 4.253492227570188, 3.7510751218817253, 2.4676121028232942, 1.4228224836570442, 2.457340330519971, 0.0, 1.4461628988464612, 2.352753897032157, 3.109481942382043, 4.671796520611744, 2.3666211652902964, 3.4039853245864617, 1.4097951092268692, 2.3755376044171554, 5.342460215106893, 4.620711292647486, 2.7385477775638676, 2.7056140245792633, 2.0711267995948486, 2.1112305534924416, 3.2792529942046253, 2.908695606281276, 3.599006303134242, 3.2379989206298387], [5.022603729142883, 5.241174953195133, 6.458471069843077, 5.694654829750439, 4.3338567408256585, 5.175023638593355, 4.959824053330925, 3.8017605737342275, 2.519488001559047, 2.925096680453486, 1.4461628988464612, 0.0, 1.5246023251982794, 2.5077775220302136, 4.103863138556158, 2.3792430287803725, 3.2784492797662743, 2.3463176639150976, 3.5374011279469, 6.241385716329347, 5.917606049746807, 4.17938186338602, 2.590844943256929, 1.0962837725698582, 1.0947440522788878, 2.167341941180487, 2.810106841385217, 2.7415599391587264, 3.3376827260840716], [6.456472458703746, 6.733834905906145, 7.914692285237626, 7.2191631966592915, 5.774322417392365, 6.49488490044281, 6.076753156908713, 4.779606271441195, 3.7128181075835105, 4.375296837929971, 2.352753897032157, 1.5246023251982794, 0.0, 1.5329249459774603, 2.736022399396613, 1.527175831395979, 2.738035070995257, 2.3891723985514317, 3.549144771631611, 7.5768950665823525, 6.92729141656391, 4.856363315280273, 4.0949400838107515, 2.1761991498941455, 2.177018412875739, 1.096712423564172, 2.1968168995162074, 2.1754991266373795, 2.2138659873623783], [6.753733503774042, 7.164071246853984, 8.204862208471267, 7.880421116285602, 6.222506740052597, 6.889696586933274, 6.459910099993652, 5.222108782857745, 4.279102514546713, 4.915572077591783, 3.109481942382043, 2.5077775220302136, 1.5329249459774603, 0.0, 1.780040184939655, 2.5390699655582556, 4.089945038750521, 3.1599763764939763, 4.141295285294204, 7.937170110310097, 7.260174514431455, 5.25483642942385, 4.686319927192337, 3.437189260136835, 2.5870869525394773, 2.1506755659559627, 1.0946651999584165, 1.0944912882248083, 2.6811460721117], [8.505331576135053, 8.943477286268468, 9.979191817978048, 9.636863749685373, 7.984680128220541, 8.589158427925287, 8.041660135817729, 6.749229157466799, 5.932495293719162, 6.670983103711177, 4.671796520611744, 4.103863138556158, 2.736022399396613, 1.780040184939655, 0.0, 3.2770792926018744, 4.600570910224078, 4.309214427247732, 5.085874687799533, 9.639428984125566, 8.753354023458664, 6.589574370169897, 6.438741841384853, 4.872701046647538, 4.299861546608216, 2.8696686028181024, 2.3542448300888332, 2.343418033556967, 2.8583967044481424], [7.272885997319083, 7.28338801245684, 8.433675527905967, 7.706673643018757, 6.113974015319332, 6.561987327784168, 5.866112371068253, 4.478360799444368, 3.7536232576005815, 4.779860232266212, 2.3666211652902964, 2.3792430287803725, 1.527175831395979, 2.5390699655582556, 3.2770792926018744, 0.0, 1.7842014320137736, 1.5204851495493141, 2.419584602777923, 7.6451444989614155, 6.558103191472364, 4.252672669040024, 4.789847332640154, 2.832200903890824, 3.3254170700830894, 2.1990020236461807, 2.7518731529632685, 3.483914701883501, 1.0921539314583817], [7.9637893932474135, 7.884775487609017, 9.126771871806593, 8.010747113097505, 6.808777720707293, 7.288997359033683, 6.651542365496893, 5.342582594588501, 4.629750139046383, 5.517895362364169, 3.4039853245864617, 3.2784492797662743, 2.738035070995257, 4.089945038750521, 4.600570910224078, 1.7842014320137736, 0.0, 2.6772690077763945, 3.2991546705178894, 8.339856640254675, 7.327707565125671, 5.146560346483853, 5.4422111168164, 3.0962185759406586, 4.34216372100362, 2.790830552004188, 4.494406338995174, 4.893761888363593, 2.374053280783732], [6.507179796194355, 6.300927472205977, 7.354461017640925, 6.795200477542955, 4.981461055754627, 5.221524765813143, 4.403997209354248, 3.0075080781271395, 2.5281096435874773, 3.78141339316399, 1.4097951092268692, 2.3463176639150976, 2.3891723985514317, 3.1599763764939763, 4.309214427247732, 1.5204851495493141, 2.6772690077763945, 0.0, 1.2221370872369433, 6.2864891076021125, 5.048455991686964, 2.735560560470194, 4.103338969668482, 2.896131587134811, 3.223745911203301, 3.3324251604499686, 2.8976189155925938, 3.9965350767883923, 2.164810167197115], [7.228082816349021, 6.8333388054449635, 7.766833914794367, 7.335096422679118, 5.401670897972219, 5.325430812619764, 4.253375302039546, 2.928818358997362, 3.027530652198257, 4.411603024978563, 2.3755376044171554, 3.5374011279469, 3.549144771631611, 4.141295285294204, 5.085874687799533, 2.419584602777923, 3.2991546705178894, 1.2221370872369433, 0.0, 6.318680982610215, 4.651732380522336, 2.244021082788662, 4.955170719561536, 4.026968935812642, 4.359314475923938, 4.473653937219552, 3.675232882417113, 5.039463917918254, 2.6693165679626683], [3.962459216193903, 2.7465370978743398, 2.5284715343463926, 3.39972887889608, 2.1657846545767194, 1.0890491908082018, 2.1471771375459454, 3.4030074375469708, 3.919659001750025, 3.414921013727843, 5.342460215106893, 6.241385716329347, 7.5768950665823525, 7.937170110310097, 9.639428984125566, 7.6451444989614155, 8.339856640254675, 6.2864891076021125, 6.318680982610215, 0.0, 2.472650921581937, 4.264053641782664, 4.292272295649473, 6.404307804126844, 6.084399409966443, 8.40349911108462, 7.391748820137222, 7.994087173655289, 8.398835506187748], [5.710741396701483, 4.677922672511807, 4.85229201924204, 5.324093307784905, 3.401840679690923, 2.153211336585427, 1.0879712128544579, 2.1549318086658795, 3.4189235425788627, 3.8646340822903276, 4.620711292647486, 5.917606049746807, 6.92729141656391, 7.260174514431455, 8.753354023458664, 6.558103191472364, 7.327707565125671, 5.048455991686964, 4.651732380522336, 2.472650921581937, 0.0, 2.4260386229406983, 4.951381253751322, 6.260022232388636, 6.084071674462753, 7.898974891085551, 6.5403334089326055, 7.632177289607467, 7.098206295959564], [6.055794245183698, 5.38722664178889, 6.061187860477515, 6.024291635536912, 3.878950189162011, 3.379621603079256, 2.1233798058755293, 1.0860585159189167, 2.177202597371223, 3.4014503656528636, 2.7385477775638676, 4.17938186338602, 4.856363315280273, 5.25483642942385, 6.589574370169897, 4.252672669040024, 5.146560346483853, 2.735560560470194, 2.244021082788662, 4.264053641782664, 2.4260386229406983, 0.0, 4.327372325095219, 4.6634363671009815, 4.6315444443511495, 5.866454504212915, 4.568352869470571, 5.855595216542891, 4.704594275811677], [2.52992131498195, 2.686816862013487, 3.9602024291694984, 3.1996720003775394, 2.1382589015364815, 3.3882053214054193, 3.863444587411602, 3.3967142917825752, 2.1743557643587215, 1.0875890906036159, 2.7056140245792633, 2.590844943256929, 4.0949400838107515, 4.686319927192337, 6.438741841384853, 4.789847332640154, 5.4422111168164, 4.103338969668482, 4.955170719561536, 4.292272295649473, 4.951381253751322, 4.327372325095219, 0.0, 2.5917226607027226, 2.2011924904469393, 4.61713240984055, 4.675899492076364, 4.519445614231905, 5.75512513678026], [5.024582471210916, 5.201656872574352, 6.510373226628409, 5.390898889795653, 4.4404632078196515, 5.372646414012372, 5.279079642324029, 4.214355994692427, 2.9174488992954104, 3.086952549036023, 2.0711267995948486, 1.0962837725698582, 2.1761991498941455, 3.437189260136835, 4.872701046647538, 2.832200903890824, 3.0962185759406586, 2.896131587134811, 4.026968935812642, 6.404307804126844, 6.260022232388636, 4.6634363671009815, 2.5917226607027226, 0.0, 1.7891909596239302, 2.3920026045136322, 3.868357223680357, 3.6143518326250423, 3.893188293673965], [4.337248807712096, 4.7879448795908255, 5.954258833809629, 5.3848763449126675, 4.073970077209698, 5.069677901011069, 5.073006786906558, 4.089745094746126, 2.7531886695248473, 2.7483400899452013, 2.1112305534924416, 1.0947440522788878, 2.177018412875739, 2.5870869525394773, 4.299861546608216, 3.3254170700830894, 4.34216372100362, 3.223745911203301, 4.359314475923938, 6.084399409966443, 6.084071674462753, 4.6315444443511495, 2.2011924904469393, 1.7891909596239302, 0.0, 2.6973740878862174, 2.858841730491564, 2.3872849431938366, 4.16292898810441], [6.91472600975628, 7.303160217330578, 8.543529048935223, 7.6640087069366, 6.4910520949997, 7.3314707862747435, 7.012389216950241, 5.7450339502913295, 4.597716431012248, 5.084398078435638, 3.2792529942046253, 2.167341941180487, 1.096712423564172, 2.1506755659559627, 2.8696686028181024, 2.1990020236461807, 2.790830552004188, 3.3324251604499686, 4.473653937219552, 8.40349911108462, 7.898974891085551, 5.866454504212915, 4.61713240984055, 2.3920026045136322, 2.6973740878862174, 0.0, 3.080815179461436, 2.5150368764692104, 2.7860014806169793], [6.6549431056921895, 6.944984982705146, 7.874031771589444, 7.7839499799266445, 5.882093820231024, 6.370183829372587, 5.826739144667454, 4.621329572752846, 3.8973799263094686, 4.680094111233235, 2.908695606281276, 2.810106841385217, 2.1968168995162074, 1.0946651999584165, 2.3542448300888332, 2.7518731529632685, 4.494406338995174, 2.8976189155925938, 3.675232882417113, 7.391748820137222, 6.5403334089326055, 4.568352869470571, 4.675899492076364, 3.868357223680357, 2.858841730491564, 3.080815179461436, 0.0, 1.7718731105810033, 2.7813981304372803], [6.316591129715458, 6.918709019029489, 7.932421218014081, 7.673627244660768, 6.170896280930347, 6.988143042325336, 6.760665308976625, 5.646423209430905, 4.579920786432884, 4.919822847420423, 3.599006303134242, 2.7415599391587264, 2.1754991266373795, 1.0944912882248083, 2.343418033556967, 3.483914701883501, 4.893761888363593, 3.9965350767883923, 5.039463917918254, 7.994087173655289, 7.632177289607467, 5.855595216542891, 4.519445614231905, 3.6143518326250423, 2.3872849431938366, 2.5150368764692104, 1.7718731105810033, 0.0, 3.750610888908632], [8.18781377047622, 8.20640346132214, 9.300316451605289, 8.706540220431995, 6.9848841214439625, 7.327696283280305, 6.511370824949229, 5.113468300478649, 4.570130476255574, 5.686033082035313, 3.2379989206298387, 3.3376827260840716, 2.2138659873623783, 2.6811460721117, 2.8583967044481424, 1.0921539314583817, 2.374053280783732, 2.164810167197115, 2.6693165679626683, 8.398835506187748, 7.098206295959564, 4.704594275811677, 5.75512513678026, 3.893188293673965, 4.16292898810441, 2.7860014806169793, 2.7813981304372803, 3.750610888908632, 0.0]]}