{"total energy": -24.05167694, "HOMO-LUMO gap/eV": 11.60894553, "electronic energy": -24.35102361, "dipole": [0.31264219, 0.12290848, -0.60861329], "partial charges": [-0.1004832, -0.05134666, -0.06813375, 0.11547846, -0.45418043, -0.05902868, -0.10331776, 0.0302002, 0.03067033, 0.03254799, 0.03439498, 0.04093036, 0.02600838, 0.03374164, 0.01011134, 0.2833493, 0.04718972, 0.04429002, 0.03766113, 0.037109, 0.03280763], "atomic dipole moments": [[-0.09010661, 0.01529672, 0.03683821], [0.03341812, 0.05095842, -0.10624639], [-0.04308008, -0.03072799, 0.09073264], [0.05630642, 0.02180198, 0.16551054], [0.0503607, -0.00447605, -0.23069508], [0.05444597, 0.03695237, -0.11585838], [0.01880147, 0.06259625, 0.08623967], [0.06373607, 0.10760244, -0.01085451], [-0.00537798, -0.05458287, -0.11301933], [0.06591756, -0.0753807, 0.07539399], [-0.05217036, -0.11248755, 0.01450083], [0.01495746, 0.0473857, 0.11642681], [0.06325083, 0.10195004, -0.01669296], [-0.00892613, -0.04853778, -0.11520981], [-0.05392117, 0.07928662, -0.06489322], [0.04137657, 0.06074143, -0.02385903], [0.03980587, -0.07345359, 0.09550848], [-0.1075859, 0.03669299, 0.0486822], [-0.08349576, -0.08904067, 0.02715076], [0.10255278, -0.0593383, -0.04192095], [-0.04847674, 0.06902316, -0.09395675]], "atomic quadrupole moments": [[0.17545385, -0.05295132, -0.11029006, -0.11994757, 0.0110249, -0.06516379], [0.15828537, -0.14695925, -0.10319863, -0.03261877, -0.11483816, -0.05508674], [0.12826318, -0.1596358, -0.07788142, -0.02322366, -0.07487381, -0.05038176], [-0.10157662, 0.11583644, -0.06524956, -0.04183082, 0.27015589, 0.16682619], [-0.09014363, 0.04236027, -0.03170469, 0.00269758, 0.09845215, 0.12184832], [-0.10264496, 0.18286468, 0.09153815, 0.00749671, 0.1034757, 0.0111068], [-0.10369431, 0.04293027, -0.01518466, 0.046027, 0.15599744, 0.11887897], [-0.01465486, 0.04292875, 0.06109783, -0.01322278, -0.002278, -0.04644298], [-0.02567696, 0.01056196, -0.02911227, 0.01269904, 0.05006138, 0.05478922], [-0.00522924, -0.03872271, -0.00473438, 0.02857742, -0.05285043, 0.00996362], [0.00533027, 0.03275844, 0.03515275, 0.00171996, -0.00099404, -0.04048302], [-0.01976127, -0.00412102, -0.00959212, 0.00801431, 0.04006837, 0.02935339], [0.00209431, 0.03253, 0.04387051, 0.00709098, -0.00959776, -0.04596482], [-0.02758058, -0.00319253, -0.00481331, 0.01854419, 0.04405449, 0.03239389], [-0.00864951, -0.00580536, -0.00967324, 0.01401758, -0.00965997, 0.01832275], [-0.02377465, 0.10644122, 0.06708048, -0.01633854, -0.01859432, -0.04330583], [-0.00412613, -0.02908274, 0.00555316, 0.03903488, -0.02662029, -0.00142703], [0.04053477, -0.02752592, -0.00633489, -0.01687467, 0.01670883, -0.03419988], [0.00653622, 0.06197928, 0.01426445, -0.02880629, -0.01507994, -0.02080068], [0.05790408, -0.03984219, -0.03117769, -0.02192653, 0.02066946, -0.02672639], [-0.03575417, -0.03096468, 0.01473664, 0.03191817, -0.0461746, 0.02101753]], "number of molecular orbitals": 42, "number of electrons": 44, "number of unpaired electrons": 0, "orbital energies/eV": [-18.4689606, -17.15002313, -16.77678402, -16.37160366, -16.07200873, -15.47162592, -15.03738926, -14.7711824, -14.26583056, -14.23903454, -13.66828683, -13.27055089, -13.23810678, -12.74559968, -12.52340411, -12.39742189, -12.33183822, -12.04305802, -11.76926891, -11.55790918, -11.4759941, -10.87711333, 0.7318322, 1.97367205, 2.26778881, 3.10999241, 3.29219881, 3.39151116, 3.90886429, 4.20550335, 4.36020007, 4.6703896, 4.84396765, 5.03600454, 5.36357808, 6.23210751, 6.5170854, 6.85339408, 7.19588917, 7.50521054, 7.84432697, 8.16106614], "fractional occupation": [2.0, 2.0, 2.0, 2.0, 2.0, 2.0, 2.0, 2.0, 2.0, 2.0, 2.0, 2.0, 2.0, 2.0, 2.0, 2.0, 2.0, 2.0, 2.0, 2.0, 2.0, 2.0, 0.0, 0.0, 0.0, 0.0, 0.0, 0.0, 0.0, 0.0, 0.0, 0.0, 0.0, 0.0, 0.0, 0.0, 0.0, 0.0, 0.0, 0.0, 0.0, 0.0], "program call": "xtb /home/svss/Project-DBcg-Debug/aqme2_20220329/End-to-End-workflows-final/example-3/QDESCP/mol_389_rdkit_conf_11/mol_389_rdkit_conf_11.xyz --pop --wbo --acc 0.2 --gfn 2 --chrg 0 --uhf 0 --etemp 300 --input /home/svss/Project-DBcg-Debug/aqme2_20220329/End-to-End-workflows-final/example-3/QDESCP/mol_389_rdkit_conf_11/mol_389_rdkit_conf_11_xtb.inp", "method": "GFN2-xTB", "xtb version": "6.3.3 (7355c4f)", "Dipole module/D": 1.767, "Total charge": 0, "Transition dipole module/D": NaN, "HOMO": -10.8771, "LUMO": 0.7318, "HOMO occupancy": 2.0, "LUMO occupancy": 0, "mulliken charges": [-0.08495, -0.03497, -0.07324, 0.21846, -0.57079, -0.05038, -0.08915, 0.02546, 0.02526, 0.02924, 0.02298, 0.03184, 0.02307, 0.02534, 0.00842, 0.3343, 0.03629, 0.03747, 0.03256, 0.02696, 0.02583], "cm5 charges": [-0.23541, -0.1469, -0.1797, 0.17083, -0.78184, -0.15745, -0.2394, 0.07676, 0.07657, 0.08001, 0.07886, 0.0891, 0.08059, 0.08146, 0.07474, 0.5038, 0.09384, 0.09442, 0.08337, 0.079, 0.07735], "FUKUI+": [0.013, -0.009, 0.008, -0.036, -0.131, -0.005, 0.004, -0.035, -0.036, -0.059, -0.038, -0.032, -0.053, -0.08, -0.101, -0.136, -0.055, -0.06, -0.072, -0.041, -0.046], "FUKUI-": [0.016, 0.003, -0.001, 0.004, -0.1, 0.011, 0.025, -0.067, -0.056, -0.085, -0.06, -0.053, -0.057, -0.059, -0.122, -0.051, -0.09, -0.092, -0.052, -0.055, -0.06], "FUKUIrad": [0.014, -0.003, 0.003, -0.016, -0.115, 0.003, 0.014, -0.051, -0.046, -0.072, -0.049, -0.042, -0.055, -0.069, -0.112, -0.094, -0.072, -0.076, -0.062, -0.048, -0.053], "s proportion": [1.008, 1.025, 1.041, 1.02, 1.699, 1.031, 1.008, 0.975, 0.975, 0.971, 0.977, 0.968, 0.977, 0.975, 0.992, 0.666, 0.964, 0.963, 0.967, 0.973, 0.974], "p proportion": [3.077, 3.01, 3.032, 2.761, 4.872, 3.02, 3.081, 0.0, 0.0, 0.0, 0.0, 0.0, 0.0, 0.0, 0.0, 0.0, 0.0, 0.0, 0.0, 0.0, 0.0], "d proportion": [0.0, 0.0, 0.0, 0.0, 0.0, 0.0, 0.0, 0.0, 0.0, 0.0, 0.0, 0.0, 0.0, 0.0, 0.0, 0.0, 0.0, 0.0, 0.0, 0.0, 0.0], "Fermi-level/eV": -5.0726, "Coordination numbers": [3.75, 3.799, 3.8, 3.723, 1.653, 3.799, 3.749, 0.924, 0.924, 0.924, 0.924, 0.924, 0.924, 0.924, 0.924, 0.804, 0.924, 0.924, 0.924, 0.924, 0.924], "Dispersion coefficient C6": [22.483, 21.498, 21.806, 18.793, 21.931, 21.639, 22.539, 2.584, 2.577, 2.551, 2.525, 2.437, 2.644, 2.534, 2.889, 0.773, 2.355, 2.393, 2.48, 2.488, 2.547], "Total dispersion C6": 2909.54468, "Total dispersion C8": 60051.568651, "Polarizability alpha": [6.762, 6.602, 6.649, 6.191, 6.322, 6.623, 6.771, 2.514, 2.51, 2.498, 2.485, 2.441, 2.543, 2.489, 2.658, 1.381, 2.4, 2.419, 2.463, 2.467, 2.496], "Total polarizability alpha": 79.683347, "Wiberg matrix": [[0.0, 1.0196817294245057, 0.0, 0.0, 0.0, 0.0, 0.0, 0.9876910938861193, 0.9877573446914126, 0.9873187179134424, 0.0, 0.0, 0.0, 0.0, 0.0, 0.0, 0.0, 0.0, 0.0, 0.0, 0.0], [1.0196817294245057, 0.0, 1.008320633464241, 0.0, 0.0, 0.0, 0.0, 0.0, 0.0, 0.0, 0.9762379179270335, 0.9769489134838996, 0.0, 0.0, 0.0, 0.0, 0.0, 0.0, 0.0, 0.0, 0.0], [0.0, 1.008320633464241, 0.0, 0.9885059598715116, 0.0, 0.0, 0.0, 0.0, 0.0, 0.0, 0.0, 0.0, 0.9739840615195109, 0.9738440691464476, 0.0, 0.0, 0.0, 0.0, 0.0, 0.0, 0.0], [0.0, 0.0, 0.9885059598715116, 0.0, 0.9778604246957099, 0.9939720095708465, 0.0, 0.0, 0.0, 0.0, 0.0, 0.0, 0.0, 0.0, 0.9642898860419393, 0.0, 0.0, 0.0, 0.0, 0.0, 0.0], [0.0, 0.0, 0.0, 0.9778604246957099, 0.0, 0.0, 0.0, 0.0, 0.0, 0.0, 0.0, 0.0, 0.0, 0.0, 0.0, 0.9033241709219284, 0.0, 0.0, 0.0, 0.0, 0.0], [0.0, 0.0, 0.0, 0.9939720095708465, 0.0, 0.0, 1.0205916986700816, 0.0, 0.0, 0.0, 0.0, 0.0, 0.0, 0.0, 0.0, 0.0, 0.9736938178750865, 0.9751693540125712, 0.0, 0.0, 0.0], [0.0, 0.0, 0.0, 0.0, 0.0, 1.0205916986700816, 0.0, 0.0, 0.0, 0.0, 0.0, 0.0, 0.0, 0.0, 0.0, 0.0, 0.0, 0.0, 0.9868338480729476, 0.9857227180018389, 0.9873658359061808], [0.9876910938861193, 0.0, 0.0, 0.0, 0.0, 0.0, 0.0, 0.0, 0.0, 0.0, 0.0, 0.0, 0.0, 0.0, 0.0, 0.0, 0.0, 0.0, 0.0, 0.0, 0.0], [0.9877573446914126, 0.0, 0.0, 0.0, 0.0, 0.0, 0.0, 0.0, 0.0, 0.0, 0.0, 0.0, 0.0, 0.0, 0.0, 0.0, 0.0, 0.0, 0.0, 0.0, 0.0], [0.9873187179134424, 0.0, 0.0, 0.0, 0.0, 0.0, 0.0, 0.0, 0.0, 0.0, 0.0, 0.0, 0.0, 0.0, 0.0, 0.0, 0.0, 0.0, 0.0, 0.0, 0.0], [0.0, 0.9762379179270335, 0.0, 0.0, 0.0, 0.0, 0.0, 0.0, 0.0, 0.0, 0.0, 0.0, 0.0, 0.0, 0.0, 0.0, 0.0, 0.0, 0.0, 0.0, 0.0], [0.0, 0.9769489134838996, 0.0, 0.0, 0.0, 0.0, 0.0, 0.0, 0.0, 0.0, 0.0, 0.0, 0.0, 0.0, 0.0, 0.0, 0.0, 0.0, 0.0, 0.0, 0.0], [0.0, 0.0, 0.9739840615195109, 0.0, 0.0, 0.0, 0.0, 0.0, 0.0, 0.0, 0.0, 0.0, 0.0, 0.0, 0.0, 0.0, 0.0, 0.0, 0.0, 0.0, 0.0], [0.0, 0.0, 0.9738440691464476, 0.0, 0.0, 0.0, 0.0, 0.0, 0.0, 0.0, 0.0, 0.0, 0.0, 0.0, 0.0, 0.0, 0.0, 0.0, 0.0, 0.0, 0.0], [0.0, 0.0, 0.0, 0.9642898860419393, 0.0, 0.0, 0.0, 0.0, 0.0, 0.0, 0.0, 0.0, 0.0, 0.0, 0.0, 0.0, 0.0, 0.0, 0.0, 0.0, 0.0], [0.0, 0.0, 0.0, 0.0, 0.9033241709219284, 0.0, 0.0, 0.0, 0.0, 0.0, 0.0, 0.0, 0.0, 0.0, 0.0, 0.0, 0.0, 0.0, 0.0, 0.0, 0.0], [0.0, 0.0, 0.0, 0.0, 0.0, 0.9736938178750865, 0.0, 0.0, 0.0, 0.0, 0.0, 0.0, 0.0, 0.0, 0.0, 0.0, 0.0, 0.0, 0.0, 0.0, 0.0], [0.0, 0.0, 0.0, 0.0, 0.0, 0.9751693540125712, 0.0, 0.0, 0.0, 0.0, 0.0, 0.0, 0.0, 0.0, 0.0, 0.0, 0.0, 0.0, 0.0, 0.0, 0.0], [0.0, 0.0, 0.0, 0.0, 0.0, 0.0, 0.9868338480729476, 0.0, 0.0, 0.0, 0.0, 0.0, 0.0, 0.0, 0.0, 0.0, 0.0, 0.0, 0.0, 0.0, 0.0], [0.0, 0.0, 0.0, 0.0, 0.0, 0.0, 0.9857227180018389, 0.0, 0.0, 0.0, 0.0, 0.0, 0.0, 0.0, 0.0, 0.0, 0.0, 0.0, 0.0, 0.0, 0.0], [0.0, 0.0, 0.0, 0.0, 0.0, 0.0, 0.9873658359061808, 0.0, 0.0, 0.0, 0.0, 0.0, 0.0, 0.0, 0.0, 0.0, 0.0, 0.0, 0.0, 0.0, 0.0]], "Born radii": [], "Atomic SASAs": [], "Solvent H bonds": [], "Total SASA": NaN, "Total FOD": 0.0, "FOD": [0.0, 0.0, 0.0, 0.0, 0.0, 0.0, 0.0, 0.0, 0.0, 0.0, 0.0, 0.0, 0.0, 0.0, 0.0, 0.0, 0.0, 0.0, 0.0, 0.0, 0.0], "FOD s proportion": [0.0, 0.0, 0.0, 0.0, 0.0, 0.0, 0.0, 0.0, 0.0, 0.0, 0.0, 0.0, 0.0, 0.0, 0.0, 0.0, 0.0, 0.0, 0.0, 0.0, 0.0], "FOD p proportion": [0.0, 0.0, 0.0, 0.0, 0.0, 0.0, 0.0, 0.0, 0.0, 0.0, 0.0, 0.0, 0.0, 0.0, 0.0, 0.0, 0.0, 0.0, 0.0, 0.0, 0.0], "FOD d proportion": [0.0, 0.0, 0.0, 0.0, 0.0, 0.0, 0.0, 0.0, 0.0, 0.0, 0.0, 0.0, 0.0, 0.0, 0.0, 0.0, 0.0, 0.0, 0.0, 0.0, 0.0], "coordinates": [["2.73450", "-0.48790", "-0.08480"], ["1.34600", "-0.26240", "0.49490"], ["0.50860", "0.65120", "-0.40540"], ["-0.88070", "0.98540", "0.15730"], ["-0.73740", "1.69860", "1.38650"], ["-1.78890", "-0.21850", "0.42590"], ["-2.07120", "-1.06030", "-0.80720"], ["3.27710", "0.45770", "-0.18370"], ["2.67570", "-0.95610", "-1.07250"], ["3.31570", "-1.14580", "0.56900"], ["0.85490", "-1.23420", "0.61200"], ["1.44440", "0.17680", "1.49390"], ["1.05900", "1.59130", "-0.54160"], ["0.40920", "0.19970", "-1.39920"], ["-1.38850", "1.65820", "-0.54430"], ["-0.19970", "2.48850", "1.20670"], ["-1.36830", "-0.84780", "1.21920"], ["-2.74150", "0.14800", "0.83040"], ["-2.80180", "-1.84040", "-0.57020"], ["-1.16590", "-1.55490", "-1.17110"], ["-2.48120", "-0.44720", "-1.61590"]], "bond_dist": [[0.0, 1.5214580474005848, 2.520905388942632, 3.9113803624807444, 4.358852549696996, 4.560102894672444, 4.893286830955242, 1.094694171903733, 1.0946323446710315, 1.0945685405674694, 2.139016150009158, 2.1444061625541, 2.7090660992305082, 2.7581626511139623, 4.670761657374523, 4.374523842659908, 4.3200592414919505, 5.588249802039991, 5.719745370206614, 4.18708214034547, 5.435940598461318], [1.5214580474005848, 0.0, 1.531810631246565, 2.5747177495795537, 2.9968361850458227, 3.1359665527553067, 3.7429085829071487, 2.1698362104085183, 2.169346569822351, 2.160001032407161, 1.09511956424858, 1.0957099068640386, 2.1431063762678697, 2.163040790184041, 3.4994472777854506, 3.2347022335912157, 2.869621602232601, 4.121728358346775, 4.563854385275674, 3.279596600193383, 4.374595697890263], [2.520905388942632, 1.531810631246565, 0.0, 1.5357328608843401, 2.420840426380888, 2.593442505628378, 3.12186539267791, 2.7840950756035614, 2.779344906628179, 3.4725314642203027, 2.170198057781824, 2.169819690665563, 1.0978518160480493, 1.09607073220664, 2.152284976484294, 2.544843136619623, 2.8998413353147448, 3.5133405599229914, 4.146562161598449, 2.8735211761878494, 3.4074472629814827], [3.9113803624807444, 2.5747177495795537, 1.5357328608843401, 0.0, 1.428328313098918, 1.5317794913106781, 2.555863648554046, 4.2050028692023504, 4.234360784108978, 4.724540537449118, 2.8540644018662227, 2.8011468240704556, 2.1489560512025365, 2.16883811060208, 1.0967056305134937, 1.9555845596649615, 2.173938271892742, 2.1486923953884136, 3.4935693924695412, 2.8808175384775763, 2.785351189706605], [4.358852549696996, 2.9968361850458227, 2.420840426380888, 1.428328313098918, 0.0, 2.3882372202107565, 3.7686697042855855, 4.485707424699029, 4.974270268089582, 5.018619055078798, 3.4258700179662394, 2.6622661850386033, 2.6374487407341207, 3.3647462400603114, 2.0380264988463717, 0.9723123675033657, 2.6287215638024506, 2.5942290531099985, 4.540368184409719, 4.160551917714764, 4.081629801929616], [4.560102894672444, 3.1359665527553067, 2.593442505628378, 1.5317794913106781, 2.3882372202107565, 0.0, 1.5194920664485223, 5.147155971990745, 4.7667504109193715, 5.19011599677695, 2.8383019818194115, 3.427989932890702, 3.5102659016091646, 2.8874772483952147, 2.1502583774979227, 3.2346644771907953, 1.096470583280737, 1.0979022087599606, 2.1560939752246426, 2.1735921788596864, 2.1680706215434955], [4.893286830955242, 3.7429085829071487, 3.12186539267791, 2.555863648554046, 3.7686697042855855, 1.5194920664485223, 0.0, 5.594406951590132, 4.755449646458262, 5.560569062605015, 3.256751611652322, 4.38005947219898, 4.110921789574694, 2.84437131190708, 2.8152154358059347, 4.48912986000628, 2.155347215647632, 2.1426676690518294, 1.094760873433098, 1.0939014855095501, 1.0945260618185386], [1.094694171903733, 2.1698362104085183, 2.7840950756035614, 4.2050028692023504, 4.485707424699029, 5.147155971990745, 5.594406951590132, 0.0, 1.7749585459948072, 1.7717955581838443, 3.0598557057482303, 2.5004071388475917, 2.5165669035414098, 3.125516702882901, 4.831051228252501, 4.259753401313273, 5.025156696064313, 6.1112894596803375, 6.510274269952073, 4.976521528135892, 6.002337856202365], [1.0946323446710315, 2.169346569822351, 2.779344906628179, 4.234360784108978, 4.974270268089582, 4.7667504109193715, 4.755449646458262, 1.7749585459948072, 0.0, 1.7720350843027912, 2.4960353563200983, 3.063653221237678, 3.0634654331328757, 2.5650787083440534, 4.861201638484048, 5.03268784646932, 4.6494681179679045, 5.846889862140383, 5.571112817920671, 3.889238223611405, 5.210362787752884], [1.0945685405674694, 2.160001032407161, 3.4725314642203027, 4.724540537449118, 5.018619055078798, 5.19011599677695, 5.560569062605015, 1.7717955581838443, 1.7720350843027912, 0.0, 2.462762716950214, 2.471128175550593, 3.7172360242524287, 3.7592451024108553, 5.588501635501237, 5.096355064161052, 4.738292945776991, 6.199348372208163, 6.261313923610603, 4.8249403498903485, 6.2342505227172245], [2.139016150009158, 1.09511956424858, 2.170198057781824, 2.8540644018662227, 3.4258700179662394, 2.8383019818194115, 3.256751611652322, 3.0598557057482303, 2.4960353563200983, 2.462762716950214, 0.0, 1.7652701946161105, 3.0587415745695155, 2.5099089903819225, 3.838730390376485, 3.914632107874251, 2.3367958918142597, 3.8590501888418087, 3.890569388919827, 2.714024086112723, 4.088088871343185], [2.1444061625541, 1.0957099068640386, 2.169819690665563, 2.8011468240704556, 2.6622661850386033, 3.427989932890702, 4.38005947219898, 2.5004071388475917, 3.063653221237678, 2.471128175550593, 1.7652701946161105, 0.0, 2.508506260705761, 3.0728148431039575, 3.791322672893986, 2.851228777211678, 3.006084918960208, 4.238256776081412, 5.134181443034517, 4.112745552547592, 5.046837366113554], [2.7090660992305082, 2.1431063762678697, 1.0978518160480493, 2.1489560512025365, 2.6374487407341207, 3.5102659016091646, 4.110921789574694, 2.5165669035414098, 3.0634654331328757, 3.7172360242524287, 3.0587415745695155, 2.508506260705761, 0.0, 1.7590532567264698, 2.4484156407767044, 2.333633737328975, 3.8654121048084895, 4.2906059175832025, 5.1655744588574075, 3.9044877640991524, 4.224052412080134], [2.7581626511139623, 2.163040790184041, 1.09607073220664, 2.16883811060208, 3.3647462400603114, 2.8874772483952147, 2.84437131190708, 3.125516702882901, 2.5650787083440534, 3.7592451024108553, 2.5099089903819225, 3.0728148431039575, 1.7590532567264698, 0.0, 2.467752327523976, 3.5213746548755642, 3.3335838162554126, 3.8601424248335707, 3.8935549321924303, 2.368879646584013, 2.9698233381802353], [4.670761657374523, 3.4994472777854506, 2.152284976484294, 1.0967056305134937, 2.0380264988463717, 2.1502583774979227, 2.8152154358059347, 4.831051228252501, 4.861201638484048, 5.588501635501237, 3.838730390376485, 3.791322672893986, 2.4484156407767044, 2.467752327523976, 0.0, 2.2734653131288374, 3.0643720873940876, 2.4497169489555315, 3.773365826420757, 3.2812254738130995, 2.6028885896249956], [4.374523842659908, 3.2347022335912157, 2.544843136619623, 1.9555845596649615, 0.9723123675033657, 3.2346644771907953, 4.48912986000628, 4.259753401313273, 5.03268784646932, 5.096355064161052, 3.914632107874251, 2.851228777211678, 2.333633737328975, 3.5213746548755642, 2.2734653131288374, 0.0, 3.53506434170582, 3.475671040245322, 5.3542201327550965, 4.7892127578548855, 4.668045361819013], [4.3200592414919505, 2.869621602232601, 2.8998413353147448, 2.173938271892742, 2.6287215638024506, 1.096470583280737, 2.155347215647632, 5.025156696064313, 4.6494681179679045, 4.738292945776991, 2.3367958918142597, 3.006084918960208, 3.8654121048084895, 3.3335838162554126, 3.0643720873940876, 3.53506434170582, 0.0, 1.7402474881464416, 2.4984253781131827, 2.500897890758437, 3.0719405560654973], [5.588249802039991, 4.121728358346775, 3.5133405599229914, 2.1486923953884136, 2.5942290531099985, 1.0979022087599606, 2.1426676690518294, 6.1112894596803375, 5.846889862140383, 6.199348372208163, 3.8590501888418087, 4.238256776081412, 4.2906059175832025, 3.8601424248335707, 2.4497169489555315, 3.475671040245322, 1.7402474881464416, 0.0, 2.4329099880595666, 3.064047326657994, 2.531087280201929], [5.719745370206614, 4.563854385275674, 4.146562161598449, 3.4935693924695412, 4.540368184409719, 2.1560939752246426, 1.094760873433098, 6.510274269952073, 5.571112817920671, 6.261313923610603, 3.890569388919827, 5.134181443034517, 5.1655744588574075, 3.8935549321924303, 3.773365826420757, 5.3542201327550965, 2.4984253781131827, 2.4329099880595666, 0.0, 1.7660010956961494, 1.7712365991024461], [4.18708214034547, 3.279596600193383, 2.8735211761878494, 2.8808175384775763, 4.160551917714764, 2.1735921788596864, 1.0939014855095501, 4.976521528135892, 3.889238223611405, 4.8249403498903485, 2.714024086112723, 4.112745552547592, 3.9044877640991524, 2.368879646584013, 3.2812254738130995, 4.7892127578548855, 2.500897890758437, 3.064047326657994, 1.7660010956961494, 0.0, 1.776192675359292], [5.435940598461318, 4.374595697890263, 3.4074472629814827, 2.785351189706605, 4.081629801929616, 2.1680706215434955, 1.0945260618185386, 6.002337856202365, 5.210362787752884, 6.2342505227172245, 4.088088871343185, 5.046837366113554, 4.224052412080134, 2.9698233381802353, 2.6028885896249956, 4.668045361819013, 3.0719405560654973, 2.531087280201929, 1.7712365991024461, 1.776192675359292, 0.0]]}