{"total energy": -34.69572118, "HOMO-LUMO gap/eV": 9.97169203, "electronic energy": -35.12470843, "dipole": [-0.0721005, 0.2252999, -0.52738297], "partial charges": [-0.11031074, 0.14675171, -0.06426741, -0.05388928, -0.02551899, -0.05389946, -0.06427116, 0.14546812, -0.10959451, -0.10957647, -0.33912575, 0.03720904, 0.0483077, 0.04830956, 0.03556876, 0.0276662, 0.02960973, 0.02772693, 0.02508951, 0.02773098, 0.02962621, 0.03558596, 0.02765654, 0.03177164, 0.04240196, 0.04490808, 0.03176247, 0.04239745, 0.04490524], "atomic dipole moments": [[0.07282315, 0.01440394, -0.08929665], [0.12108624, -0.05215917, 0.04718662], [0.04882086, -0.08712641, -0.04938143], [-0.03818335, -0.09726821, 0.05717809], [-0.06102355, -0.00368524, 0.05327328], [0.00072463, 0.04212983, 0.11138156], [0.09095826, 0.06366301, 0.00931755], [-0.11898548, 0.00255962, 0.07893926], [-0.02737672, 0.10763093, 0.00616064], [-0.0739655, -0.05897203, -0.05864468], [-0.01092536, 0.09733753, -0.24238019], [-0.11326971, 0.04628837, -0.03766731], [-0.01747429, -0.12033625, 0.03931701], [0.03245489, 0.05850295, 0.1088799], [0.04512075, 0.07002834, 0.09703134], [-0.10132841, 0.06177907, -0.04572763], [0.08757029, 0.08293382, 0.03634583], [-0.05042094, 0.0533354, -0.10012524], [0.09626871, 0.0076035, -0.08866384], [-0.05056215, 0.05285328, -0.10031418], [0.03237532, -0.11477004, -0.04053387], [-0.00957066, -0.12580113, 0.02081906], [-0.10844453, 0.03625654, -0.05566777], [0.09580136, -0.01023061, -0.08325186], [-0.09112694, -0.08376572, -0.03108564], [0.03799074, -0.05340872, 0.10959886], [0.10300558, 0.0155813, -0.07320362], [-0.0359647, 0.11359851, 0.04568846], [0.03809354, -0.0531124, 0.10970271]], "atomic quadrupole moments": [[0.06286688, 0.01869058, -0.11222444, -0.17399586, -0.01440616, 0.04935756], [0.13810994, -0.10415729, -0.08659016, 0.07091134, -0.0527304, -0.05151978], [-0.03378649, 0.05130702, 0.06672669, -0.19078229, -0.08999046, -0.0329402], [-0.0141604, -0.09259099, 0.04453111, -0.17430318, 0.05858073, -0.03037071], [-0.05158692, -0.00394254, 0.08767072, 0.11448948, 0.01852053, -0.03608381], [0.13410826, 0.15217032, -0.10408151, -0.07093886, 0.03015558, -0.03002675], [-0.00925569, 0.06549528, -0.14586638, -0.10621162, 0.11037523, 0.15512207], [0.1112752, -0.00030601, -0.11754698, -0.16427047, -0.00277164, 0.00627178], [-0.06294815, -0.0998292, 0.16438214, -0.00401515, 0.0613443, -0.10143398], [0.07309217, 0.12078905, 0.0004851, 0.10066722, 0.065259, -0.07357726], [0.11589639, -0.06495485, -0.11337314, -0.02484045, -0.05094653, -0.00252325], [0.04611671, -0.04327347, -0.0309475, 0.04001895, -0.02593206, -0.01516922], [-0.04396156, 0.01096744, 0.08030386, -0.01134745, -0.01794091, -0.03634231], [-0.02614889, 0.030728, -0.00657728, 0.02586737, 0.05395439, 0.03272617], [-0.00606048, 0.03055716, -0.02767058, 0.00943991, 0.02578412, 0.03373107], [0.03486084, -0.02702625, -0.03659932, 0.01870973, -0.02642258, 0.00173847], [0.01989295, 0.03152426, -0.0210553, 0.01471787, 0.02993559, 0.00116235], [0.00157906, -0.01924843, -0.03512269, 0.02397263, -0.01493553, 0.03354363], [0.02084333, 0.00183574, -0.01575513, -0.02924964, 0.00497418, -0.0050882], [0.0004852, -0.01758448, -0.00909596, 0.01425193, -0.04191868, 0.00861076], [-0.01391083, -0.01952457, 0.04649338, -0.02092731, -0.00027778, -0.03258255], [-0.03230901, -0.00630665, 0.04469782, -0.02539049, -0.01946178, -0.01238881], [0.03051101, -0.03420552, -0.03210362, 0.0156182, -0.02571946, 0.00159261], [0.02377498, 0.00206929, -0.03535311, -0.07018, -0.00579222, 0.01157812], [0.04323779, 0.04177169, -0.01138974, 0.04542785, 0.02093128, -0.03184804], [-0.03816587, -0.0096306, -0.02281396, 0.04436813, -0.02045226, 0.06097983], [0.03026801, 0.01191741, -0.04813236, -0.06340623, -0.00020166, 0.01786435], [-0.01417364, -0.05134331, 0.05822008, 0.00105119, 0.0187926, -0.04404645], [-0.04124871, -0.01035138, 0.01139086, 0.03105056, -0.0538125, 0.02985785]], "number of molecular orbitals": 62, "number of electrons": 64, "number of unpaired electrons": 0, "orbital energies/eV": [-18.40116498, -17.36026476, -17.30843409, -16.69907196, -16.48803536, -16.16922935, -15.93155889, -15.68370438, -15.58429871, -15.47506244, -14.62609239, -14.42874264, -14.22625889, -13.95903015, -13.71234727, -13.22888997, -13.15506622, -13.10637655, -12.89398126, -12.83213128, -12.72813556, -12.62632128, -12.41734326, -12.26496707, -12.18956369, -12.12787225, -12.06305306, -11.82675951, -11.41486782, -11.2893991, -10.90787779, -10.16241678, -0.19072475, 1.30718232, 1.40414528, 1.42313394, 1.84231429, 2.35865232, 2.38022247, 2.56225093, 3.14740667, 3.53737391, 3.62225368, 4.17539459, 4.50493593, 4.52408614, 4.7233797, 4.85287252, 4.96469537, 5.42407666, 5.6743979, 6.21337573, 6.22797595, 6.31993639, 6.38848813, 6.67990718, 7.03964619, 7.17966495, 7.36031794, 8.5453066, 8.54994522, 8.89864952], "fractional occupation": [2.0, 2.0, 2.0, 2.0, 2.0, 2.0, 2.0, 2.0, 2.0, 2.0, 2.0, 2.0, 2.0, 2.0, 2.0, 2.0, 2.0, 2.0, 2.0, 2.0, 2.0, 2.0, 2.0, 2.0, 2.0, 2.0, 2.0, 2.0, 2.0, 2.0, 2.0, 2.0, 0.0, 0.0, 0.0, 0.0, 0.0, 0.0, 0.0, 0.0, 0.0, 0.0, 0.0, 0.0, 0.0, 0.0, 0.0, 0.0, 0.0, 0.0, 0.0, 0.0, 0.0, 0.0, 0.0, 0.0, 0.0, 0.0, 0.0, 0.0, 0.0, 0.0], "program call": "xtb /home/svss/Project-DBcg-Debug/aqme2_20220329/End-to-End-workflows-final/example-3/QDESCP/mol_214_rdkit_conf_1/mol_214_rdkit_conf_1.xyz --pop --wbo --acc 0.2 --gfn 2 --chrg 0 --uhf 0 --etemp 300 --input /home/svss/Project-DBcg-Debug/aqme2_20220329/End-to-End-workflows-final/example-3/QDESCP/mol_214_rdkit_conf_1/mol_214_rdkit_conf_1_xtb.inp", "method": "GFN2-xTB", "xtb version": "6.3.3 (7355c4f)", "Dipole module/D": 1.469, "Total charge": 0, "Transition dipole module/D": NaN, "HOMO": -10.1624, "LUMO": -0.1907, "HOMO occupancy": 2.0, "LUMO occupancy": 0, "mulliken charges": [-0.09606, 0.24812, -0.0706, -0.04607, -0.03618, -0.04607, -0.07061, 0.24619, -0.10366, -0.10365, -0.48224, 0.02505, 0.04168, 0.04168, 0.03645, 0.02402, 0.02627, 0.02413, 0.02556, 0.02413, 0.02628, 0.03646, 0.02401, 0.0238, 0.03777, 0.04099, 0.02379, 0.03777, 0.04099], "cm5 charges": [-0.23852, 0.2447, -0.17251, -0.15205, -0.09803, -0.15207, -0.17252, 0.24257, -0.24665, -0.24663, -0.55943, 0.07736, 0.09558, 0.09559, 0.09425, 0.07975, 0.08198, 0.07938, 0.08417, 0.07939, 0.082, 0.09427, 0.07974, 0.07623, 0.09284, 0.09477, 0.07622, 0.09284, 0.09477], "FUKUI+": [0.026, -0.046, 0.018, 0.02, -0.002, 0.02, 0.018, -0.041, 0.026, 0.026, -0.146, -0.073, -0.043, -0.043, -0.045, -0.068, -0.039, -0.059, -0.06, -0.059, -0.039, -0.045, -0.068, -0.063, -0.031, -0.045, -0.063, -0.031, -0.045], "FUKUI-": [0.023, -0.019, -0.001, 0.01, -0.005, 0.01, -0.001, -0.011, 0.007, 0.007, -0.131, -0.041, -0.043, -0.043, -0.053, -0.056, -0.061, -0.049, -0.051, -0.049, -0.061, -0.053, -0.056, -0.053, -0.038, -0.046, -0.053, -0.038, -0.046], "FUKUIrad": [0.024, -0.033, 0.009, 0.015, -0.003, 0.015, 0.009, -0.026, 0.016, 0.016, -0.138, -0.057, -0.043, -0.043, -0.049, -0.062, -0.05, -0.054, -0.056, -0.054, -0.05, -0.049, -0.062, -0.058, -0.034, -0.045, -0.058, -0.034, -0.045], "s proportion": [1.015, 1.048, 1.039, 1.032, 1.065, 1.032, 1.039, 1.052, 1.02, 1.02, 1.707, 0.975, 0.958, 0.958, 0.964, 0.976, 0.974, 0.976, 0.974, 0.976, 0.974, 0.964, 0.976, 0.976, 0.962, 0.959, 0.976, 0.962, 0.959], "p proportion": [3.081, 2.704, 3.031, 3.014, 2.971, 3.014, 3.031, 2.702, 3.084, 3.084, 4.775, 0.0, 0.0, 0.0, 0.0, 0.0, 0.0, 0.0, 0.0, 0.0, 0.0, 0.0, 0.0, 0.0, 0.0, 0.0, 0.0, 0.0, 0.0], "d proportion": [0.0, 0.0, 0.0, 0.0, 0.0, 0.0, 0.0, 0.0, 0.0, 0.0, 0.0, 0.0, 0.0, 0.0, 0.0, 0.0, 0.0, 0.0, 0.0, 0.0, 0.0, 0.0, 0.0, 0.0, 0.0, 0.0, 0.0, 0.0, 0.0], "Fermi-level/eV": -5.1766, "Coordination numbers": [3.752, 3.79, 3.804, 3.808, 3.854, 3.808, 3.804, 3.785, 3.753, 3.753, 1.695, 0.924, 0.924, 0.924, 0.924, 0.924, 0.924, 0.924, 0.924, 0.924, 0.924, 0.924, 0.924, 0.924, 0.924, 0.924, 0.924, 0.924, 0.924], "Dispersion coefficient C6": [22.67, 18.231, 21.73, 21.536, 20.992, 21.536, 21.73, 18.255, 22.655, 22.655, 19.692, 2.486, 2.341, 2.341, 2.509, 2.62, 2.592, 2.619, 2.657, 2.619, 2.592, 2.509, 2.62, 2.562, 2.417, 2.385, 2.562, 2.417, 2.385], "Total dispersion C6": 6214.567004, "Total dispersion C8": 133949.317037, "Polarizability alpha": [6.79, 6.081, 6.636, 6.606, 6.516, 6.606, 6.636, 6.086, 6.787, 6.787, 5.991, 2.466, 2.393, 2.393, 2.477, 2.531, 2.518, 2.531, 2.549, 2.531, 2.518, 2.477, 2.531, 2.503, 2.431, 2.415, 2.503, 2.431, 2.415], "Total polarizability alpha": 116.137109, "Wiberg matrix": [[0.0, 0.996749080804745, 0.0, 0.0, 0.0, 0.0, 0.0, 0.0, 0.0, 0.0, 0.0, 0.9850567829806469, 0.9840247937120916, 0.9840246513204609, 0.0, 0.0, 0.0, 0.0, 0.0, 0.0, 0.0, 0.0, 0.0, 0.0, 0.0, 0.0, 0.0, 0.0, 0.0], [0.996749080804745, 0.0, 0.9784935224972182, 0.0, 0.0, 0.0, 0.9784930699448566, 0.0, 0.0, 0.0, 0.9575277161458742, 0.0, 0.0, 0.0, 0.0, 0.0, 0.0, 0.0, 0.0, 0.0, 0.0, 0.0, 0.0, 0.0, 0.0, 0.0, 0.0, 0.0, 0.0], [0.0, 0.9784935224972182, 0.0, 1.001939047412309, 0.0, 0.0, 0.0, 0.0, 0.0, 0.0, 0.0, 0.0, 0.0, 0.0, 0.9785218763499641, 0.9794479688224191, 0.0, 0.0, 0.0, 0.0, 0.0, 0.0, 0.0, 0.0, 0.0, 0.0, 0.0, 0.0, 0.0], [0.0, 0.0, 1.001939047412309, 0.0, 0.9972392590370952, 0.0, 0.0, 0.0, 0.0, 0.0, 0.0, 0.0, 0.0, 0.0, 0.0, 0.0, 0.97783111719957, 0.9787666301050075, 0.0, 0.0, 0.0, 0.0, 0.0, 0.0, 0.0, 0.0, 0.0, 0.0, 0.0], [0.0, 0.0, 0.0, 0.9972392590370952, 0.0, 0.9972307669618662, 0.0, 0.9683549258242913, 0.0, 0.0, 0.0, 0.0, 0.0, 0.0, 0.0, 0.0, 0.0, 0.0, 0.9695556943172638, 0.0, 0.0, 0.0, 0.0, 0.0, 0.0, 0.0, 0.0, 0.0, 0.0], [0.0, 0.0, 0.0, 0.0, 0.9972307669618662, 0.0, 1.001937809177704, 0.0, 0.0, 0.0, 0.0, 0.0, 0.0, 0.0, 0.0, 0.0, 0.0, 0.0, 0.0, 0.9787695420230826, 0.9778360377176936, 0.0, 0.0, 0.0, 0.0, 0.0, 0.0, 0.0, 0.0], [0.0, 0.9784930699448566, 0.0, 0.0, 0.0, 1.001937809177704, 0.0, 0.0, 0.0, 0.0, 0.0, 0.0, 0.0, 0.0, 0.0, 0.0, 0.0, 0.0, 0.0, 0.0, 0.0, 0.9785255059326033, 0.9794480111268254, 0.0, 0.0, 0.0, 0.0, 0.0, 0.0], [0.0, 0.0, 0.0, 0.0, 0.9683549258242913, 0.0, 0.0, 0.0, 0.9910307898580196, 0.991075310138331, 0.9548647000790708, 0.0, 0.0, 0.0, 0.0, 0.0, 0.0, 0.0, 0.0, 0.0, 0.0, 0.0, 0.0, 0.0, 0.0, 0.0, 0.0, 0.0, 0.0], [0.0, 0.0, 0.0, 0.0, 0.0, 0.0, 0.0, 0.9910307898580196, 0.0, 0.0, 0.0, 0.0, 0.0, 0.0, 0.0, 0.0, 0.0, 0.0, 0.0, 0.0, 0.0, 0.0, 0.0, 0.9860027967205329, 0.9824453502491666, 0.9837935645313632, 0.0, 0.0, 0.0], [0.0, 0.0, 0.0, 0.0, 0.0, 0.0, 0.0, 0.991075310138331, 0.0, 0.0, 0.0, 0.0, 0.0, 0.0, 0.0, 0.0, 0.0, 0.0, 0.0, 0.0, 0.0, 0.0, 0.0, 0.0, 0.0, 0.0, 0.9859951125955428, 0.9824371082428267, 0.9837851093608794], [0.0, 0.9575277161458742, 0.0, 0.0, 0.0, 0.0, 0.0, 0.9548647000790708, 0.0, 0.0, 0.0, 0.0, 0.0, 0.0, 0.0, 0.0, 0.0, 0.0, 0.0, 0.0, 0.0, 0.0, 0.0, 0.0, 0.0, 0.0, 0.0, 0.0, 0.0], [0.9850567829806469, 0.0, 0.0, 0.0, 0.0, 0.0, 0.0, 0.0, 0.0, 0.0, 0.0, 0.0, 0.0, 0.0, 0.0, 0.0, 0.0, 0.0, 0.0, 0.0, 0.0, 0.0, 0.0, 0.0, 0.0, 0.0, 0.0, 0.0, 0.0], [0.9840247937120916, 0.0, 0.0, 0.0, 0.0, 0.0, 0.0, 0.0, 0.0, 0.0, 0.0, 0.0, 0.0, 0.0, 0.0, 0.0, 0.0, 0.0, 0.0, 0.0, 0.0, 0.0, 0.0, 0.0, 0.0, 0.0, 0.0, 0.0, 0.0], [0.9840246513204609, 0.0, 0.0, 0.0, 0.0, 0.0, 0.0, 0.0, 0.0, 0.0, 0.0, 0.0, 0.0, 0.0, 0.0, 0.0, 0.0, 0.0, 0.0, 0.0, 0.0, 0.0, 0.0, 0.0, 0.0, 0.0, 0.0, 0.0, 0.0], [0.0, 0.0, 0.9785218763499641, 0.0, 0.0, 0.0, 0.0, 0.0, 0.0, 0.0, 0.0, 0.0, 0.0, 0.0, 0.0, 0.0, 0.0, 0.0, 0.0, 0.0, 0.0, 0.0, 0.0, 0.0, 0.0, 0.0, 0.0, 0.0, 0.0], [0.0, 0.0, 0.9794479688224191, 0.0, 0.0, 0.0, 0.0, 0.0, 0.0, 0.0, 0.0, 0.0, 0.0, 0.0, 0.0, 0.0, 0.0, 0.0, 0.0, 0.0, 0.0, 0.0, 0.0, 0.0, 0.0, 0.0, 0.0, 0.0, 0.0], [0.0, 0.0, 0.0, 0.97783111719957, 0.0, 0.0, 0.0, 0.0, 0.0, 0.0, 0.0, 0.0, 0.0, 0.0, 0.0, 0.0, 0.0, 0.0, 0.0, 0.0, 0.0, 0.0, 0.0, 0.0, 0.0, 0.0, 0.0, 0.0, 0.0], [0.0, 0.0, 0.0, 0.9787666301050075, 0.0, 0.0, 0.0, 0.0, 0.0, 0.0, 0.0, 0.0, 0.0, 0.0, 0.0, 0.0, 0.0, 0.0, 0.0, 0.0, 0.0, 0.0, 0.0, 0.0, 0.0, 0.0, 0.0, 0.0, 0.0], [0.0, 0.0, 0.0, 0.0, 0.9695556943172638, 0.0, 0.0, 0.0, 0.0, 0.0, 0.0, 0.0, 0.0, 0.0, 0.0, 0.0, 0.0, 0.0, 0.0, 0.0, 0.0, 0.0, 0.0, 0.0, 0.0, 0.0, 0.0, 0.0, 0.0], [0.0, 0.0, 0.0, 0.0, 0.0, 0.9787695420230826, 0.0, 0.0, 0.0, 0.0, 0.0, 0.0, 0.0, 0.0, 0.0, 0.0, 0.0, 0.0, 0.0, 0.0, 0.0, 0.0, 0.0, 0.0, 0.0, 0.0, 0.0, 0.0, 0.0], [0.0, 0.0, 0.0, 0.0, 0.0, 0.9778360377176936, 0.0, 0.0, 0.0, 0.0, 0.0, 0.0, 0.0, 0.0, 0.0, 0.0, 0.0, 0.0, 0.0, 0.0, 0.0, 0.0, 0.0, 0.0, 0.0, 0.0, 0.0, 0.0, 0.0], [0.0, 0.0, 0.0, 0.0, 0.0, 0.0, 0.9785255059326033, 0.0, 0.0, 0.0, 0.0, 0.0, 0.0, 0.0, 0.0, 0.0, 0.0, 0.0, 0.0, 0.0, 0.0, 0.0, 0.0, 0.0, 0.0, 0.0, 0.0, 0.0, 0.0], [0.0, 0.0, 0.0, 0.0, 0.0, 0.0, 0.9794480111268254, 0.0, 0.0, 0.0, 0.0, 0.0, 0.0, 0.0, 0.0, 0.0, 0.0, 0.0, 0.0, 0.0, 0.0, 0.0, 0.0, 0.0, 0.0, 0.0, 0.0, 0.0, 0.0], [0.0, 0.0, 0.0, 0.0, 0.0, 0.0, 0.0, 0.0, 0.9860027967205329, 0.0, 0.0, 0.0, 0.0, 0.0, 0.0, 0.0, 0.0, 0.0, 0.0, 0.0, 0.0, 0.0, 0.0, 0.0, 0.0, 0.0, 0.0, 0.0, 0.0], [0.0, 0.0, 0.0, 0.0, 0.0, 0.0, 0.0, 0.0, 0.9824453502491666, 0.0, 0.0, 0.0, 0.0, 0.0, 0.0, 0.0, 0.0, 0.0, 0.0, 0.0, 0.0, 0.0, 0.0, 0.0, 0.0, 0.0, 0.0, 0.0, 0.0], [0.0, 0.0, 0.0, 0.0, 0.0, 0.0, 0.0, 0.0, 0.9837935645313632, 0.0, 0.0, 0.0, 0.0, 0.0, 0.0, 0.0, 0.0, 0.0, 0.0, 0.0, 0.0, 0.0, 0.0, 0.0, 0.0, 0.0, 0.0, 0.0, 0.0], [0.0, 0.0, 0.0, 0.0, 0.0, 0.0, 0.0, 0.0, 0.0, 0.9859951125955428, 0.0, 0.0, 0.0, 0.0, 0.0, 0.0, 0.0, 0.0, 0.0, 0.0, 0.0, 0.0, 0.0, 0.0, 0.0, 0.0, 0.0, 0.0, 0.0], [0.0, 0.0, 0.0, 0.0, 0.0, 0.0, 0.0, 0.0, 0.0, 0.9824371082428267, 0.0, 0.0, 0.0, 0.0, 0.0, 0.0, 0.0, 0.0, 0.0, 0.0, 0.0, 0.0, 0.0, 0.0, 0.0, 0.0, 0.0, 0.0, 0.0], [0.0, 0.0, 0.0, 0.0, 0.0, 0.0, 0.0, 0.0, 0.0, 0.9837851093608794, 0.0, 0.0, 0.0, 0.0, 0.0, 0.0, 0.0, 0.0, 0.0, 0.0, 0.0, 0.0, 0.0, 0.0, 0.0, 0.0, 0.0, 0.0, 0.0]], "Born radii": [], "Atomic SASAs": [], "Solvent H bonds": [], "Total SASA": NaN, "Total FOD": 0.0, "FOD": [0.0, 0.0, 0.0, 0.0, 0.0, 0.0, 0.0, 0.0, 0.0, 0.0, 0.0, 0.0, 0.0, 0.0, 0.0, 0.0, 0.0, 0.0, 0.0, 0.0, 0.0, 0.0, 0.0, 0.0, 0.0, 0.0, 0.0, 0.0, 0.0], "FOD s proportion": [0.0, 0.0, 0.0, 0.0, 0.0, 0.0, 0.0, 0.0, 0.0, 0.0, 0.0, 0.0, 0.0, 0.0, 0.0, 0.0, 0.0, 0.0, 0.0, 0.0, 0.0, 0.0, 0.0, 0.0, 0.0, 0.0, 0.0, 0.0, 0.0], "FOD p proportion": [0.0, 0.0, 0.0, 0.0, 0.0, 0.0, 0.0, 0.0, 0.0, 0.0, 0.0, 0.0, 0.0, 0.0, 0.0, 0.0, 0.0, 0.0, 0.0, 0.0, 0.0, 0.0, 0.0, 0.0, 0.0, 0.0, 0.0, 0.0, 0.0], "FOD d proportion": [0.0, 0.0, 0.0, 0.0, 0.0, 0.0, 0.0, 0.0, 0.0, 0.0, 0.0, 0.0, 0.0, 0.0, 0.0, 0.0, 0.0, 0.0, 0.0, 0.0, 0.0, 0.0, 0.0, 0.0, 0.0, 0.0, 0.0, 0.0, 0.0], "coordinates": [["-2.26100", "-0.00450", "1.63500"], ["-1.17220", "0.10460", "0.57270"], ["-0.90560", "1.57630", "0.20260"], ["0.18820", "1.65010", "-0.86900"], ["0.73510", "0.23280", "-1.12640"], ["-0.43190", "-0.57020", "-1.73260"], ["-1.54270", "-0.70510", "-0.68470"], ["1.16030", "-0.41180", "0.22570"], ["1.65050", "-1.85710", "0.04960"], ["2.27600", "0.38300", "0.92090"], ["0.03650", "-0.45010", "1.13090"], ["-3.21400", "0.40000", "1.27930"], ["-2.41470", "-1.04900", "1.92890"], ["-1.97260", "0.53420", "2.54470"], ["-0.56930", "2.13100", "1.08750"], ["-1.81780", "2.06440", "-0.16020"], ["0.98370", "2.33530", "-0.55670"], ["-0.22420", "2.07350", "-1.79330"], ["1.57260", "0.27320", "-1.83160"], ["-0.82100", "-0.06330", "-2.62440"], ["-0.10380", "-1.55880", "-2.07130"], ["-1.65750", "-1.76560", "-0.42820"], ["-2.49680", "-0.36700", "-1.10590"], ["2.47000", "-1.91630", "-0.67380"], ["0.84620", "-2.52600", "-0.27220"], ["2.00330", "-2.26680", "1.00360"], ["3.14630", "0.50560", "0.26820"], ["1.93470", "1.37150", "1.24380"], ["2.60170", "-0.12410", "1.83700"]], "bond_dist": [[0.0, 1.5250801749416325, 2.5274112368192085, 3.873796303369603, 4.081452738915398, 3.8738034359012077, 2.527410401972739, 3.722541265049993, 4.609278920829158, 4.609171732535033, 2.3939888094976554, 1.0946925321751309, 1.0958928551642262, 1.0958678478721786, 2.778842455052103, 2.77480026128008, 4.561391346946675, 4.496651991204123, 5.175994765260104, 4.4966149268088325, 4.561361641001511, 2.7789349938420655, 2.774804623752815, 5.600705105609471, 4.432839488409207, 4.868359245166692, 5.600646171648411, 4.432867235774156, 4.86836311813324], [1.5250801749416325, 0.0, 1.5407629473738003, 2.5135149293370027, 2.557570984352145, 2.513524859634374, 1.5407592608840617, 2.414049338766712, 3.477000976416314, 3.476899918030428, 1.4423019864092264, 2.180709049827602, 2.1711466210277, 2.1711702650874716, 2.1759605717935235, 2.189693542484884, 3.301434788088355, 3.220749479546647, 3.652808712484134, 3.2207111419684935, 3.3013806384602185, 2.1759974586382222, 2.18967341857182, 4.347806331933381, 3.421673703028972, 3.9866041965562617, 4.347753845378094, 3.421730326896028, 3.9866125206746643], [2.5274112368192085, 1.5407629473738003, 0.0, 1.5330268882182074, 2.5026245703261205, 2.928626466451466, 2.529423582557892, 2.8672317712385933, 4.283140409792796, 3.4731107583836134, 2.4198326925636824, 2.8056505733964805, 3.4856412021319696, 2.7766695554206664, 1.0971954201508496, 1.0963458806416888, 2.173032898968628, 2.1668250067783505, 3.460854589548657, 3.2691549856193727, 3.955041903697102, 3.4830385958240546, 2.832049536996131, 4.935687092999312, 4.485878238427788, 4.885971532868361, 4.191490839784813, 3.0320528639850592, 4.226556140642166], [3.873796303369603, 2.5135149293370027, 1.5330268882182074, 0.0, 1.5408094171570992, 2.4617191269517322, 2.928642747075853, 2.528789850897065, 3.9092964955347145, 3.0279024521935973, 2.904040795168002, 4.2134199577065665, 4.678511903372695, 4.191376520905751, 2.1524319524667903, 2.1675050011476333, 1.095376912300054, 1.0971197792401703, 2.1769280488798888, 2.6524806050186305, 3.4391610168760636, 3.90741853657885, 3.3666064545770715, 4.238386867665574, 4.2695369128279, 4.705669387026674, 3.369489531071435, 2.7553228576702224, 4.036731832807327], [4.081452738915398, 2.557570984352145, 2.5026245703261205, 1.5408094171570992, 0.0, 1.5408362794275061, 2.502624250661693, 1.557073733000464, 2.566829789838041, 2.5667820593108406, 2.4596336434518045, 4.627173990677248, 4.5715543713271085, 4.57159233309358, 3.194679296893508, 3.2871871577383605, 2.192456681442076, 2.180180861763537, 1.0956027792954888, 2.180166603725504, 2.1923548481028337, 3.1946236961495167, 3.2871504224784114, 2.7988132449307868, 2.890151949292632, 3.5204021645260926, 2.7987880305589417, 2.890246683243491, 3.5204137157442164], [3.8738034359012077, 2.513524859634374, 2.928626466451466, 2.4617191269517322, 1.5408362794275061, 0.0, 1.5330261119759179, 2.5288594840362326, 3.0279924388941266, 3.9092678214724557, 2.9040411188548965, 4.213420233017352, 4.1913395865761105, 4.678541561213281, 3.9074703082685094, 3.366641907004664, 3.4392723678127033, 2.652540945961061, 2.176957695960122, 1.0971115075506228, 1.0953069250214753, 2.1523326601619925, 2.167453607346648, 3.3695795375684487, 2.755260679137275, 4.0367612067101515, 4.238403180444258, 4.269654717889961, 4.705717621149828], [2.527410401972739, 1.5407592608840617, 2.529423582557892, 2.928642747075853, 2.502624250661693, 1.5330261119759179, 0.0, 2.8672394476220506, 3.4731580341239874, 4.283034281908096, 2.4197729232306076, 2.805670276422374, 2.776608753497691, 3.4856423884271317, 3.483053776501304, 2.8321212032679672, 3.95513756018675, 3.269258963434986, 3.4608589381828323, 2.166839684886725, 2.172992512642416, 1.0971014264870866, 1.0963703115279984, 4.191525443081553, 3.03194265612, 4.226509171881684, 4.935639158204335, 4.485943665495589, 4.885957761790415], [3.722541265049993, 2.414049338766712, 2.8672317712385933, 2.528789850897065, 1.557073733000464, 2.5288594840362326, 2.8672394476220506, 0.0, 1.536294027847534, 1.5361629373214287, 1.4435305227115913, 4.572044694663428, 4.010927458830438, 4.010952431779764, 3.193751280234577, 3.8922441932643435, 2.8617993867495324, 3.488540861162443, 2.207192692086488, 3.488563020786639, 2.8617768623706494, 3.1937996947210077, 3.8922417717813986, 2.188134956989628, 2.1946309165780016, 2.1810094933310125, 2.188064215236838, 2.194625676510689, 2.180984397009754], [4.609278920829158, 3.477000976416314, 4.283140409792796, 3.9092964955347145, 2.566829789838041, 3.0279924388941266, 3.4731580341239874, 1.536294027847534, 0.0, 2.483638852570961, 2.3987193854221465, 5.501819948889639, 4.550894982308425, 5.007064340509317, 4.680778787765984, 5.23939721532926, 4.288174400604528, 4.728678130302378, 2.8430898578834967, 4.059101709738252, 2.768531775147253, 3.3435802801787187, 4.555839719524821, 1.09471112627944, 1.0944774735004827, 1.0965573081239302, 2.8049162001742585, 3.454090508368303, 2.6651208602988343], [4.609171732535033, 3.476899918030428, 3.4731107583836134, 3.0279024521935973, 2.5667820593108406, 3.9092678214724557, 4.283034281908096, 1.5361629373214287, 2.483638852570961, 0.0, 2.398648757113054, 5.501712420692307, 5.006930645615135, 4.550844958905983, 3.343499910273664, 4.555774534587944, 2.768540471078579, 4.0590235192716, 2.8430764762840974, 4.7286091802981565, 4.288041058572085, 4.6807024066906875, 5.2392783930613955, 2.8049036667949934, 3.4539971988986906, 2.6650787267921374, 1.0947466099513625, 1.09447811764329, 1.0965719812214791], [2.3939888094976554, 1.4423019864092264, 2.4198326925636824, 2.904040795168002, 2.4596336434518045, 2.9040411188548965, 2.4197729232306076, 1.4435305227115913, 2.3987193854221465, 2.398648757113054, 0.0, 3.363100179893546, 2.646481938347587, 2.6465373112805346, 2.6515946918788322, 3.3805440316611763, 3.3917008653476506, 3.871365016373424, 3.4145530234570964, 3.8713303372355092, 3.3916050212252014, 2.6515974543659526, 3.3805012557311676, 3.3657995751381273, 2.633185240350553, 2.680467574883158, 3.3657792292424644, 2.6332748071555314, 2.6805044767729824], [1.0946925321751309, 2.180709049827602, 2.8056505733964805, 4.2134199577065665, 4.627173990677248, 4.213420233017352, 2.805670276422374, 4.572044694663428, 5.501819948889639, 5.501712420692307, 3.363100179893546, 0.0, 1.7777687279283545, 1.7777291019725139, 3.166636437925895, 2.606100928590449, 4.973627185465352, 4.602214363760123, 5.710106532281163, 4.602170094640137, 4.973606522434198, 3.1667131003613194, 2.6061166282421055, 6.441094728382747, 5.239642381880656, 5.865837708290266, 6.44103180088408, 5.239674053793804, 5.86583980261991], [1.0958928551642262, 2.1711466210277, 3.4856412021319696, 4.678511903372695, 4.5715543713271085, 4.1913395865761105, 2.776608753497691, 4.010927458830438, 4.550894982308425, 5.006930645615135, 2.646481938347587, 1.7777687279283545, 0.0, 1.7553302509784305, 3.771717794321309, 3.796562653243062, 5.401927101507386, 5.329453005703305, 5.638096698354862, 4.9238222012985, 4.6477688077183865, 2.5773606286276665, 3.1115712188539093, 5.602370093987009, 4.202361124415654, 4.67524768648678, 6.008279841185828, 5.024486304091195, 5.101779550313792], [1.0958678478721786, 2.1711702650874716, 2.7766695554206664, 4.191376520905751, 4.57159233309358, 4.678541561213281, 3.4856423884271317, 4.010952431779764, 5.007064340509317, 4.550844958905983, 2.6465373112805346, 1.7777291019725139, 1.7553302509784305, 0.0, 2.5772956698834535, 3.111584658980051, 4.647833135989286, 4.923879674606194, 5.638134951382416, 5.329426199883061, 5.401899521464649, 3.771803608355027, 3.796554680233119, 6.008359781171564, 5.024478389843069, 5.101800762475932, 5.60235730920476, 4.202428510992186, 4.675298778687839], [2.778842455052103, 2.1759605717935235, 1.0971954201508496, 2.1524319524667903, 3.194679296893508, 3.9074703082685094, 3.483053776501304, 3.193751280234577, 4.680778787765984, 3.343499910273664, 2.6515946918788322, 3.166636437925895, 3.771717794321309, 2.5772956698834535, 0.0, 1.766336066551323, 2.2708899422913476, 2.901966385056863, 4.069435005009908, 4.3193178848054234, 4.879480682408733, 4.32030291646315, 3.842689658299249, 5.359119281187908, 5.0537187634453895, 5.0956800144828565, 4.137494532926902, 2.6213137812936473, 3.962633879126357], [2.77480026128008, 2.189693542484884, 1.0963458806416888, 2.1675050011476333, 3.2871871577383605, 3.366641907004664, 2.8321212032679672, 3.8922441932643435, 5.23939721532926, 4.555774534587944, 3.3805440316611763, 2.606100928590449, 3.796562653243062, 3.111584658980051, 1.766336066551323, 0.0, 2.842358406323875, 2.281810548665248, 4.18291615502869, 3.4048493608381563, 4.440459148556599, 3.842709992960697, 2.695755079750384, 5.873243251390155, 5.308597946727554, 5.891903689810281, 5.220696582832601, 4.066027872506533, 5.320744340785413], [4.561391346946675, 3.301434788088355, 2.173032898968628, 1.095376912300054, 2.192456681442076, 3.4392723678127033, 3.95513756018675, 2.8617993867495324, 4.288174400604528, 2.768540471078579, 3.3917008653476506, 4.973627185465352, 5.401927101507386, 4.647833135989286, 2.2708899422913476, 2.842358406323875, 0.0, 1.7483538572039699, 2.494880684521807, 3.6449427073686635, 4.317485867956026, 4.879531791063565, 4.440487155707131, 4.50543035236369, 4.871558702304633, 4.9652235256834105, 2.9504407907971992, 2.2528008544920253, 3.794255137704896], [4.496651991204123, 3.220749479546647, 2.1668250067783505, 1.0971197792401703, 2.180180861763537, 2.652540945961061, 3.269258963434986, 3.488540861162443, 4.728678130302378, 4.0590235192716, 3.871365016373424, 4.602214363760123, 5.329453005703305, 4.923879674606194, 2.901966385056863, 2.281810548665248, 1.7483538572039699, 0.0, 2.5438233468541007, 2.369137330337775, 3.6449119948223716, 4.319321209403163, 3.404889098047101, 4.94272171278133, 4.961340707913537, 5.623398434221071, 4.250689698154877, 3.7917844901840083, 5.0984541441499704], [5.175994765260104, 3.652808712484134, 3.460854589548657, 2.1769280488798888, 1.0956027792954888, 2.176957695960122, 3.4608589381828323, 2.207192692086488, 2.8430898578834967, 2.8430764762840974, 3.4145530234570964, 5.710106532281163, 5.638096698354862, 5.638134951382416, 4.069435005009908, 4.18291615502869, 2.494880684521807, 2.5438233468541007, 0.0, 2.543832748039855, 2.494793989490916, 4.069371328596102, 4.182883322542, 2.6343382186044373, 3.285560220114676, 3.830856500836334, 2.634331317431428, 3.285645212131097, 3.830864140112515], [4.4966149268088325, 3.2207111419684935, 3.2691549856193727, 2.6524806050186305, 2.180166603725504, 1.0971115075506228, 2.166839684886725, 3.488563020786639, 4.059101709738252, 4.7286091802981565, 3.8713303372355092, 4.602170094640137, 4.9238222012985, 5.329426199883061, 4.3193178848054234, 3.4048493608381563, 3.6449427073686635, 2.369137330337775, 2.543832748039855, 0.0, 1.7483751599699648, 2.9018704278447722, 2.281749675139672, 4.250779970781833, 3.7917399660314257, 5.098476903939058, 4.942696759867026, 4.9614014925220475, 5.623403052422972], [4.561361641001511, 3.3013806384602185, 3.955041903697102, 3.4391610168760636, 2.1923548481028337, 1.0953069250214753, 2.172992512642416, 2.8617768623706494, 2.768531775147253, 4.288041058572085, 3.3916050212252014, 4.973606522434198, 4.6477688077183865, 5.401899521464649, 4.879480682408733, 4.440459148556599, 4.317485867956026, 3.6449119948223716, 2.494793989490916, 1.7483751599699648, 0.0, 2.270798877047459, 2.842328869079016, 2.9504675798930586, 2.2527176143493883, 3.7942251409213976, 4.505347669159396, 4.871552971076062, 4.965169003165955], [2.7789349938420655, 2.1759974586382222, 3.4830385958240546, 3.90741853657885, 3.1946236961495167, 2.1523326601619925, 1.0971014264870866, 3.1937996947210077, 3.3435802801787187, 4.6807024066906875, 2.6515974543659526, 3.1667131003613194, 2.5773606286276665, 3.771803608355027, 4.32030291646315, 3.842709992960697, 4.879531791063565, 4.319321209403163, 4.069371328596102, 2.9018704278447722, 2.270798877047459, 0.0, 1.7662909556468889, 4.13754590306863, 2.621270274122834, 3.962664421825295, 5.359087314086233, 5.053798695041187, 5.095727419122809], [2.774804623752815, 2.18967341857182, 2.832049536996131, 3.3666064545770715, 3.2871504224784114, 2.167453607346648, 1.0963703115279984, 3.8922417717813986, 4.555839719524821, 5.2392783930613955, 3.3805012557311676, 2.6061166282421055, 3.1115712188539093, 3.796554680233119, 3.842689658299249, 2.695755079750384, 4.440487155707131, 3.404889098047101, 4.182883322542, 2.281749675139672, 2.842328869079016, 1.7662909556468889, 0.0, 5.220741627393564, 4.0659544623618205, 5.320726482351822, 5.87317283757255, 5.30864055950297, 5.891889600968436], [5.600705105609471, 4.347806331933381, 4.935687092999312, 4.238386867665574, 2.7988132449307868, 3.3695795375684487, 4.191525443081553, 2.188134956989628, 1.09471112627944, 2.8049036667949934, 3.3657995751381273, 6.441094728382747, 5.602370093987009, 6.008359781171564, 5.359119281187908, 5.873243251390155, 4.50543035236369, 4.94272171278133, 2.6343382186044373, 4.250779970781833, 2.9504675798930586, 4.13754590306863, 5.220741627393564, 0.0, 1.7803772324987759, 1.7760433271741995, 2.685208613869693, 3.843613493836236, 3.087627304258077], [4.432839488409207, 3.421673703028972, 4.485878238427788, 4.2695369128279, 2.890151949292632, 2.755260679137275, 3.03194265612, 2.1946309165780016, 1.0944774735004827, 3.4539971988986906, 2.633185240350553, 5.239642381880656, 4.202361124415654, 5.024478389843069, 5.0537187634453895, 5.308597946727554, 4.871558702304633, 4.961340707913537, 3.285560220114676, 3.7917399660314257, 2.2527176143493883, 2.621270274122834, 4.0659544623618205, 1.7803772324987759, 0.0, 1.7417608016027917, 3.84357785533219, 4.321295465482544, 3.6468655719672474], [4.868359245166692, 3.9866041965562617, 4.885971532868361, 4.705669387026674, 3.5204021645260926, 4.0367612067101515, 4.226509171881684, 2.1810094933310125, 1.0965573081239302, 2.6650787267921374, 2.680467574883158, 5.865837708290266, 4.67524768648678, 5.101800762475932, 5.0956800144828565, 5.891903689810281, 4.9652235256834105, 5.623398434221071, 3.830856500836334, 5.098476903939058, 3.7942251409213976, 3.962664421825295, 5.320726482351822, 1.7760433271741995, 1.7417608016027917, 0.0, 3.087630793990759, 3.6468656254378224, 2.375668623777315], [5.600646171648411, 4.347753845378094, 4.191490839784813, 3.369489531071435, 2.7987880305589417, 4.238403180444258, 4.935639158204335, 2.188064215236838, 2.8049162001742585, 1.0947466099513625, 3.3657792292424644, 6.44103180088408, 6.008279841185828, 5.60235730920476, 4.137494532926902, 5.220696582832601, 2.9504407907971992, 4.250689698154877, 2.634331317431428, 4.942696759867026, 4.505347669159396, 5.359087314086233, 5.87317283757255, 2.685208613869693, 3.84357785533219, 3.087630793990759, 0.0, 1.7803237711158046, 1.7760193382956166], [4.432867235774156, 3.421730326896028, 3.0320528639850592, 2.7553228576702224, 2.890246683243491, 4.269654717889961, 4.485943665495589, 2.194625676510689, 3.454090508368303, 1.09447811764329, 2.6332748071555314, 5.239674053793804, 5.024486304091195, 4.202428510992186, 2.6213137812936473, 4.066027872506533, 2.2528008544920253, 3.7917844901840083, 3.285645212131097, 4.9614014925220475, 4.871552971076062, 5.053798695041187, 5.30864055950297, 3.843613493836236, 4.321295465482544, 3.6468656254378224, 1.7803237711158046, 0.0, 1.7417217343766482], [4.86836311813324, 3.9866125206746643, 4.226556140642166, 4.036731832807327, 3.5204137157442164, 4.705717621149828, 4.885957761790415, 2.180984397009754, 2.6651208602988343, 1.0965719812214791, 2.6805044767729824, 5.86583980261991, 5.101779550313792, 4.675298778687839, 3.962633879126357, 5.320744340785413, 3.794255137704896, 5.0984541441499704, 3.830864140112515, 5.623403052422972, 4.965169003165955, 5.095727419122809, 5.891889600968436, 3.087627304258077, 3.6468655719672474, 2.375668623777315, 1.7760193382956166, 1.7417217343766482, 0.0]]}