{"total energy": -42.39301567, "HOMO-LUMO gap/eV": 4.19396189, "electronic energy": -42.90334634, "dipole": [0.37306779, 0.57555011, -0.41700398], "partial charges": [-0.10133822, -0.05109418, -0.06416266, 0.00675214, -0.11632341, 0.00238136, -0.10994775, 0.29415028, -0.44625352, -0.1801495, 0.00776068, -0.05157169, -0.10157838, 0.03356128, 0.03607907, 0.03371184, 0.02597331, 0.03190444, 0.03948588, 0.05357268, 0.04346203, 0.05674874, 0.0581633, 0.05358227, 0.0461709, 0.04234728, 0.05050624, 0.05622601, 0.05218995, 0.04200208, 0.03800536, 0.03746708, 0.03586362, 0.04435148], "atomic dipole moments": [[-0.06579371, 0.08190598, 0.00784966], [0.00827912, -0.07588658, 0.0860024], [-0.02180037, 0.10188959, -0.0680017], [-0.07629891, -0.06542587, -0.1349952], [0.02846514, 0.03777399, 0.00802138], [-0.05089064, -0.02596466, 0.15016801], [0.04447822, -0.11126909, -0.03472204], [-0.03054279, 0.00960392, -0.03554834], [0.01169429, 0.11492784, -0.14474893], [0.01714838, -0.31913363, 0.42616362], [0.03008601, 0.09851053, -0.11108015], [0.05057581, 0.08659361, 0.06546108], [0.06220333, -0.09510506, -0.00341332], [0.05994175, 0.00306426, -0.10936357], [-0.06227619, -0.11052177, 0.00650258], [0.08712186, 0.00185589, 0.09097251], [0.0659835, 0.101735, -0.01380045], [-0.0770898, -0.00570315, -0.09786682], [0.08011671, -0.00436436, 0.09375833], [-0.06673122, -0.11149286, 0.01113671], [0.06713285, 0.10727662, -0.00192201], [-0.04826361, -0.00219481, 0.11493439], [-0.05802942, -0.03802339, -0.10773656], [0.11993396, 0.00984861, -0.03550347], [0.01144756, 0.08288679, -0.09579416], [0.06175417, 0.04904167, 0.09888777], [-0.12555264, -0.00099909, 0.03477481], [-0.02383763, 0.03522203, 0.12357906], [0.05411513, -0.11625481, 0.00191212], [0.0187215, -0.03319546, -0.12079743], [-0.06868946, -0.09108054, 0.04535639], [-0.02584776, 0.03506077, 0.11906251], [-0.1097735, -0.02110191, -0.05586901], [0.05218243, 0.10024555, -0.06152614]], "atomic quadrupole moments": [[0.01643071, -0.17957754, 0.09136885, -0.02350458, 0.01683649, -0.10779957], [-0.02243057, -0.16566869, -0.00497676, -0.15423621, -0.00403143, 0.02740733], [-0.02334539, -0.18270702, -0.01041956, -0.15463062, 0.02487796, 0.03376495], [0.10363248, -0.11043845, -0.06694856, 0.20430153, 0.00898417, -0.03668392], [-0.03824718, -0.02549499, -0.01419455, 0.04803509, -0.05183939, 0.05244172], [-0.18856616, -0.05169752, 0.15963181, -0.04735479, -0.14537211, 0.02893434], [-0.09657661, -0.11723153, 0.18733903, -0.03343986, 0.07989322, -0.09076242], [-0.07741621, -0.22978575, 0.06277807, -0.02941657, 0.28474783, 0.01463814], [-0.03360679, -0.06599298, 0.03527956, -0.03291292, 0.08538626, -0.00167277], [0.22611519, 0.27545361, -0.1931316, 0.19036992, -0.28478262, -0.03298359], [0.15019213, 0.25793245, -0.04553817, -0.00692834, -0.17982975, -0.10465396], [0.12674426, -0.10648007, 0.01238473, 0.14312673, 0.02087561, -0.13912899], [-0.00034325, -0.16640031, 0.12464535, 0.00419791, 0.02051652, -0.12430211], [-0.01923456, -0.00759996, -0.03565535, -0.05252347, -0.01292927, 0.0548899], [0.00914313, 0.05032791, 0.042217, -0.00499654, -0.00879351, -0.05136013], [0.00456239, -0.00068886, -0.03117453, 0.06295657, 0.01480337, 0.02661213], [-0.0003274, 0.03830143, 0.03428064, -0.00722357, 0.00743076, -0.03395325], [0.01954615, -0.00203072, -0.02993111, 0.03972077, 0.01116937, 0.01038497], [0.02248055, -0.00428926, -0.04279302, 0.04129936, 0.01188942, 0.02031247], [0.00713255, 0.0412738, 0.01701955, -0.01004785, 0.01261149, -0.02415209], [0.00666077, 0.0304577, 0.02273405, 0.00209773, -0.03336726, -0.02939482], [0.00464949, -0.01356309, -0.03775748, -0.01917452, -0.01535265, 0.03310799], [-0.00171843, 0.01769885, 0.00150038, 0.03935337, 0.01191509, 0.00021805], [0.04803979, 0.00177372, -0.01295821, -0.00424912, -0.01436921, -0.03508159], [-0.04866291, 0.00393411, 0.00791485, -0.01713427, -0.05720002, 0.04074806], [0.0015492, 0.00935295, -0.030851, 0.0567297, 0.03170652, 0.0293018], [0.06782962, 0.02176642, -0.02767484, -0.0271787, 0.00476415, -0.04015478], [-0.01475124, 0.01581652, -0.01310417, -0.02238954, 0.02543353, 0.02785541], [0.00777156, -0.01618978, 0.0371008, -0.01139804, -0.00501255, -0.04487235], [-0.01360652, -0.01491561, -0.03300127, -0.01818958, 0.0075176, 0.04660779], [0.00676573, 0.02049707, 0.01635726, -0.02005359, -0.04232173, -0.02312299], [-0.04661763, -0.01240768, -0.02896219, -0.0121502, 0.02023975, 0.07557982], [0.04875314, 0.01960959, -0.02258186, 0.05408667, 0.01703487, -0.02617128], [-0.00142823, 0.03803825, 0.02247549, -0.03835511, -0.03674493, -0.02104726]], "number of molecular orbitals": 78, "number of electrons": 78, "number of unpaired electrons": 0, "orbital energies/eV": [-19.51670247, -18.85536553, -17.92659394, -17.35387399, -17.16358036, -17.02800401, -16.78068174, -16.27713902, -16.16608656, -16.03808058, -15.38987838, -15.30635764, -15.15752103, -15.0366821, -14.74162535, -14.45349921, -14.12835246, -13.99044563, -13.89109063, -13.73110671, -13.63612726, -13.50846143, -13.4050883, -13.27600475, -13.18532987, -12.87815448, -12.67716171, -12.49490328, -12.36559676, -12.34828457, -12.26251251, -12.18437194, -12.09623884, -11.78314386, -11.73776898, -11.64370966, -10.7841052, -10.61716746, -10.10386885, -5.90990697, -5.33301815, -3.74617246, -0.84518203, -0.03527645, 0.04242803, 1.08723275, 1.93033178, 2.18992171, 2.46479404, 2.7358776, 3.10187468, 3.36839334, 3.47865781, 3.57826455, 3.7737637, 3.81604184, 4.18431633, 4.26958161, 4.36391531, 4.66730915, 4.82712035, 4.86974219, 4.99453189, 5.11518932, 5.28340856, 6.13411141, 6.18768596, 6.43303634, 6.6141673, 6.73380521, 6.8652631, 7.09648109, 7.14772445, 7.72349669, 8.09396908, 9.39656156, 13.40096645, 16.16220379], "fractional occupation": [2.0, 2.0, 2.0, 2.0, 2.0, 2.0, 2.0, 2.0, 2.0, 2.0, 2.0, 2.0, 2.0, 2.0, 2.0, 2.0, 2.0, 2.0, 2.0, 2.0, 2.0, 2.0, 2.0, 2.0, 2.0, 2.0, 2.0, 2.0, 2.0, 2.0, 2.0, 2.0, 2.0, 2.0, 2.0, 2.0, 2.0, 2.0, 2.0, 0.0, 0.0, 0.0, 0.0, 0.0, 0.0, 0.0, 0.0, 0.0, 0.0, 0.0, 0.0, 0.0, 0.0, 0.0, 0.0, 0.0, 0.0, 0.0, 0.0, 0.0, 0.0, 0.0, 0.0, 0.0, 0.0, 0.0, 0.0, 0.0, 0.0, 0.0, 0.0, 0.0, 0.0, 0.0, 0.0, 0.0, 0.0, 0.0], "program call": "xtb /home/svss/Project-DBcg-Debug/aqme2_20220329/End-to-End-workflows-final/example-3/QDESCP/mol_575_rdkit_conf_12/mol_575_rdkit_conf_12.xyz --pop --wbo --acc 0.2 --gfn 2 --chrg 0 --uhf 0 --etemp 300 --input /home/svss/Project-DBcg-Debug/aqme2_20220329/End-to-End-workflows-final/example-3/QDESCP/mol_575_rdkit_conf_12/mol_575_rdkit_conf_12_xtb.inp", "method": "GFN2-xTB", "xtb version": "6.3.3 (7355c4f)", "Dipole module/D": 2.04, "Total charge": 0, "Transition dipole module/D": NaN, "HOMO": -10.1039, "LUMO": -5.9099, "HOMO occupancy": 2.0, "LUMO occupancy": 0, "mulliken charges": [-0.0828, -0.04017, -0.05655, 0.09771, -0.29658, 0.095, -0.09581, 0.49724, -0.56134, -0.12882, 0.03204, -0.04183, -0.08443, 0.02768, 0.03052, 0.02692, 0.01674, 0.02327, 0.02686, 0.04793, 0.02256, 0.04942, 0.03252, 0.0306, 0.03392, 0.03501, 0.0374, 0.04151, 0.04139, 0.02691, 0.02928, 0.02898, 0.02873, 0.0282], "cm5 charges": [-0.23318, -0.1516, -0.16132, 0.0497, -0.55047, 0.04358, -0.24028, 0.60596, -0.60918, -0.16278, -0.05857, -0.1515, -0.23383, 0.07847, 0.08184, 0.07822, 0.07203, 0.0806, 0.08223, 0.10773, 0.08808, 0.11818, 0.09884, 0.09595, 0.08513, 0.08848, 0.09146, 0.10052, 0.09997, 0.08184, 0.08358, 0.08042, 0.0795, 0.08042], "FUKUI+": [0.008, 0.005, 0.008, 0.022, -0.062, 0.018, 0.015, -0.041, -0.145, -0.381, 0.027, 0.016, 0.019, -0.017, -0.006, -0.015, -0.013, 0.007, -0.032, -0.001, -0.042, -0.023, -0.009, -0.047, -0.035, -0.026, -0.001, -0.062, -0.059, -0.025, -0.047, -0.019, -0.037, -0.002], "FUKUI-": [0.009, 0.003, -0.001, 0.013, -0.084, 0.019, 0.009, 0.028, -0.064, -0.308, 0.038, 0.011, 0.012, -0.043, -0.026, -0.035, -0.031, -0.016, -0.041, -0.023, -0.042, -0.053, -0.024, -0.041, -0.038, -0.026, -0.013, -0.053, -0.056, -0.022, -0.041, -0.018, -0.032, -0.011], "FUKUIrad": [0.009, 0.004, 0.004, 0.018, -0.073, 0.018, 0.012, -0.007, -0.104, -0.344, 0.032, 0.014, 0.016, -0.03, -0.016, -0.025, -0.022, -0.004, -0.036, -0.012, -0.042, -0.038, -0.017, -0.044, -0.037, -0.026, -0.007, -0.058, -0.058, -0.023, -0.044, -0.019, -0.035, -0.007], "s proportion": [1.008, 1.027, 1.036, 1.008, 1.446, 1.006, 1.012, 0.996, 1.73, 1.925, 1.037, 1.029, 1.007, 0.972, 0.969, 0.973, 0.983, 0.977, 0.973, 0.952, 0.977, 0.951, 0.967, 0.969, 0.966, 0.965, 0.963, 0.958, 0.959, 0.973, 0.971, 0.971, 0.971, 0.972], "p proportion": [3.075, 3.013, 3.021, 2.894, 3.851, 2.899, 3.084, 2.507, 4.831, 4.204, 2.931, 3.013, 3.077, 0.0, 0.0, 0.0, 0.0, 0.0, 0.0, 0.0, 0.0, 0.0, 0.0, 0.0, 0.0, 0.0, 0.0, 0.0, 0.0, 0.0, 0.0, 0.0, 0.0, 0.0], "d proportion": [0.0, 0.0, 0.0, 0.0, 0.0, 0.0, 0.0, 0.0, 0.0, 0.0, 0.0, 0.0, 0.0, 0.0, 0.0, 0.0, 0.0, 0.0, 0.0, 0.0, 0.0, 0.0, 0.0, 0.0, 0.0, 0.0, 0.0, 0.0, 0.0, 0.0, 0.0, 0.0, 0.0, 0.0], "Fermi-level/eV": -8.0069, "Coordination numbers": [3.75, 3.799, 3.8, 3.744, 2.761, 3.736, 3.749, 2.749, 0.879, 2.029, 3.793, 3.825, 3.749, 0.924, 0.924, 0.924, 0.924, 0.924, 0.924, 0.924, 0.924, 0.924, 0.924, 0.924, 0.924, 0.924, 0.924, 0.924, 0.924, 0.924, 0.924, 0.924, 0.924, 0.924], "Dispersion coefficient C6": [22.499, 21.492, 21.732, 20.535, 23.532, 20.623, 22.668, 22.01, 22.616, 148.689, 20.455, 21.479, 22.506, 2.537, 2.502, 2.534, 2.645, 2.56, 2.456, 2.276, 2.403, 2.238, 2.221, 2.276, 2.368, 2.418, 2.314, 2.244, 2.293, 2.423, 2.476, 2.483, 2.505, 2.392], "Total dispersion C6": 10119.670017, "Total dispersion C8": 241442.595027, "Polarizability alpha": [6.765, 6.601, 6.637, 6.464, 7.205, 6.481, 6.79, 7.682, 6.377, 20.523, 6.441, 6.595, 6.766, 2.491, 2.474, 2.49, 2.543, 2.502, 2.451, 2.359, 2.424, 2.339, 2.33, 2.359, 2.407, 2.432, 2.379, 2.343, 2.368, 2.434, 2.461, 2.464, 2.475, 2.419], "Total polarizability alpha": 152.268649, "Wiberg matrix": [[0.0, 1.0197789621763254, 0.0, 0.0, 0.0, 0.0, 0.0, 0.0, 0.0, 0.0, 0.0, 0.0, 0.0, 0.9872334202448647, 0.9875362530492843, 0.9875085635082006, 0.0, 0.0, 0.0, 0.0, 0.0, 0.0, 0.0, 0.0, 0.0, 0.0, 0.0, 0.0, 0.0, 0.0, 0.0, 0.0, 0.0, 0.0], [1.0197789621763254, 0.0, 1.0085769801934745, 0.0, 0.0, 0.0, 0.0, 0.0, 0.0, 0.0, 0.0, 0.0, 0.0, 0.0, 0.0, 0.0, 0.9776149116225117, 0.9776220550122741, 0.0, 0.0, 0.0, 0.0, 0.0, 0.0, 0.0, 0.0, 0.0, 0.0, 0.0, 0.0, 0.0, 0.0, 0.0, 0.0], [0.0, 1.0085769801934745, 0.0, 0.9968403887755265, 0.0, 0.0, 0.0, 0.0, 0.0, 0.0, 0.0, 0.0, 0.0, 0.0, 0.0, 0.0, 0.0, 0.0, 0.9734507775521541, 0.9745220057132383, 0.0, 0.0, 0.0, 0.0, 0.0, 0.0, 0.0, 0.0, 0.0, 0.0, 0.0, 0.0, 0.0, 0.0], [0.0, 0.0, 0.9968403887755265, 0.0, 0.980220102005092, 0.0, 0.0, 0.0, 0.0, 0.0, 0.0, 0.0, 0.0, 0.0, 0.0, 0.0, 0.0, 0.0, 0.0, 0.0, 0.9707879806200594, 0.9678570158832245, 0.0, 0.0, 0.0, 0.0, 0.0, 0.0, 0.0, 0.0, 0.0, 0.0, 0.0, 0.0], [0.0, 0.0, 0.0, 0.980220102005092, 0.0, 0.9853011332517407, 0.0, 1.2116897012881567, 0.1698754845419987, 0.0, 0.0, 0.0, 0.0, 0.0, 0.0, 0.0, 0.0, 0.0, 0.0, 0.0, 0.0, 0.0, 0.0, 0.0, 0.0, 0.0, 0.0, 0.0, 0.0, 0.0, 0.0, 0.0, 0.0, 0.0], [0.0, 0.0, 0.0, 0.0, 0.9853011332517407, 0.0, 1.010806938114644, 0.0, 0.0, 0.0, 0.0, 0.0, 0.0, 0.0, 0.0, 0.0, 0.0, 0.0, 0.0, 0.0, 0.0, 0.0, 0.964892360643868, 0.9685723506449427, 0.0, 0.0, 0.0, 0.0, 0.0, 0.0, 0.0, 0.0, 0.0, 0.0], [0.0, 0.0, 0.0, 0.0, 0.0, 1.010806938114644, 0.0, 0.0, 0.0, 0.0, 0.0, 0.0, 0.0, 0.0, 0.0, 0.0, 0.0, 0.0, 0.0, 0.0, 0.0, 0.0, 0.0, 0.0, 0.983458144377563, 0.9857108336518838, 0.9855023545557213, 0.0, 0.0, 0.0, 0.0, 0.0, 0.0, 0.0], [0.0, 0.0, 0.0, 0.0, 1.2116897012881567, 0.0, 0.0, 0.0, 1.6567270825467328, 1.023640027878645, 0.0, 0.0, 0.0, 0.0, 0.0, 0.0, 0.0, 0.0, 0.0, 0.0, 0.0, 0.0, 0.0, 0.0, 0.0, 0.0, 0.0, 0.0, 0.0, 0.0, 0.0, 0.0, 0.0, 0.0], [0.0, 0.0, 0.0, 0.0, 0.1698754845419987, 0.0, 0.0, 1.6567270825467328, 0.0, 0.16167979984173128, 0.0, 0.0, 0.0, 0.0, 0.0, 0.0, 0.0, 0.0, 0.0, 0.0, 0.0, 0.0, 0.0, 0.0, 0.0, 0.0, 0.0, 0.0, 0.0, 0.0, 0.0, 0.0, 0.0, 0.0], [0.0, 0.0, 0.0, 0.0, 0.0, 0.0, 0.0, 1.023640027878645, 0.16167979984173128, 0.0, 0.9800850151785153, 0.0, 0.0, 0.0, 0.0, 0.0, 0.0, 0.0, 0.0, 0.0, 0.0, 0.0, 0.0, 0.0, 0.0, 0.0, 0.0, 0.0, 0.0, 0.0, 0.0, 0.0, 0.0, 0.0], [0.0, 0.0, 0.0, 0.0, 0.0, 0.0, 0.0, 0.0, 0.0, 0.9800850151785153, 0.0, 1.01127048755982, 0.0, 0.0, 0.0, 0.0, 0.0, 0.0, 0.0, 0.0, 0.0, 0.0, 0.0, 0.0, 0.0, 0.0, 0.0, 0.9722676272022046, 0.9732903266140944, 0.0, 0.0, 0.0, 0.0, 0.0], [0.0, 0.0, 0.0, 0.0, 0.0, 0.0, 0.0, 0.0, 0.0, 0.0, 1.01127048755982, 0.0, 1.021276143167353, 0.0, 0.0, 0.0, 0.0, 0.0, 0.0, 0.0, 0.0, 0.0, 0.0, 0.0, 0.0, 0.0, 0.0, 0.0, 0.0, 0.9766475892721267, 0.9710684791556468, 0.0, 0.0, 0.0], [0.0, 0.0, 0.0, 0.0, 0.0, 0.0, 0.0, 0.0, 0.0, 0.0, 0.0, 1.021276143167353, 0.0, 0.0, 0.0, 0.0, 0.0, 0.0, 0.0, 0.0, 0.0, 0.0, 0.0, 0.0, 0.0, 0.0, 0.0, 0.0, 0.0, 0.0, 0.0, 0.9870117713296778, 0.9865680978758533, 0.9859281291514628], [0.9872334202448647, 0.0, 0.0, 0.0, 0.0, 0.0, 0.0, 0.0, 0.0, 0.0, 0.0, 0.0, 0.0, 0.0, 0.0, 0.0, 0.0, 0.0, 0.0, 0.0, 0.0, 0.0, 0.0, 0.0, 0.0, 0.0, 0.0, 0.0, 0.0, 0.0, 0.0, 0.0, 0.0, 0.0], [0.9875362530492843, 0.0, 0.0, 0.0, 0.0, 0.0, 0.0, 0.0, 0.0, 0.0, 0.0, 0.0, 0.0, 0.0, 0.0, 0.0, 0.0, 0.0, 0.0, 0.0, 0.0, 0.0, 0.0, 0.0, 0.0, 0.0, 0.0, 0.0, 0.0, 0.0, 0.0, 0.0, 0.0, 0.0], [0.9875085635082006, 0.0, 0.0, 0.0, 0.0, 0.0, 0.0, 0.0, 0.0, 0.0, 0.0, 0.0, 0.0, 0.0, 0.0, 0.0, 0.0, 0.0, 0.0, 0.0, 0.0, 0.0, 0.0, 0.0, 0.0, 0.0, 0.0, 0.0, 0.0, 0.0, 0.0, 0.0, 0.0, 0.0], [0.0, 0.9776149116225117, 0.0, 0.0, 0.0, 0.0, 0.0, 0.0, 0.0, 0.0, 0.0, 0.0, 0.0, 0.0, 0.0, 0.0, 0.0, 0.0, 0.0, 0.0, 0.0, 0.0, 0.0, 0.0, 0.0, 0.0, 0.0, 0.0, 0.0, 0.0, 0.0, 0.0, 0.0, 0.0], [0.0, 0.9776220550122741, 0.0, 0.0, 0.0, 0.0, 0.0, 0.0, 0.0, 0.0, 0.0, 0.0, 0.0, 0.0, 0.0, 0.0, 0.0, 0.0, 0.0, 0.0, 0.0, 0.0, 0.0, 0.0, 0.0, 0.0, 0.0, 0.0, 0.0, 0.0, 0.0, 0.0, 0.0, 0.0], [0.0, 0.0, 0.9734507775521541, 0.0, 0.0, 0.0, 0.0, 0.0, 0.0, 0.0, 0.0, 0.0, 0.0, 0.0, 0.0, 0.0, 0.0, 0.0, 0.0, 0.0, 0.0, 0.0, 0.0, 0.0, 0.0, 0.0, 0.0, 0.0, 0.0, 0.0, 0.0, 0.0, 0.0, 0.0], [0.0, 0.0, 0.9745220057132383, 0.0, 0.0, 0.0, 0.0, 0.0, 0.0, 0.0, 0.0, 0.0, 0.0, 0.0, 0.0, 0.0, 0.0, 0.0, 0.0, 0.0, 0.0, 0.0, 0.0, 0.0, 0.0, 0.0, 0.0, 0.0, 0.0, 0.0, 0.0, 0.0, 0.0, 0.0], [0.0, 0.0, 0.0, 0.9707879806200594, 0.0, 0.0, 0.0, 0.0, 0.0, 0.0, 0.0, 0.0, 0.0, 0.0, 0.0, 0.0, 0.0, 0.0, 0.0, 0.0, 0.0, 0.0, 0.0, 0.0, 0.0, 0.0, 0.0, 0.0, 0.0, 0.0, 0.0, 0.0, 0.0, 0.0], [0.0, 0.0, 0.0, 0.9678570158832245, 0.0, 0.0, 0.0, 0.0, 0.0, 0.0, 0.0, 0.0, 0.0, 0.0, 0.0, 0.0, 0.0, 0.0, 0.0, 0.0, 0.0, 0.0, 0.0, 0.0, 0.0, 0.0, 0.0, 0.0, 0.0, 0.0, 0.0, 0.0, 0.0, 0.0], [0.0, 0.0, 0.0, 0.0, 0.0, 0.964892360643868, 0.0, 0.0, 0.0, 0.0, 0.0, 0.0, 0.0, 0.0, 0.0, 0.0, 0.0, 0.0, 0.0, 0.0, 0.0, 0.0, 0.0, 0.0, 0.0, 0.0, 0.0, 0.0, 0.0, 0.0, 0.0, 0.0, 0.0, 0.0], [0.0, 0.0, 0.0, 0.0, 0.0, 0.9685723506449427, 0.0, 0.0, 0.0, 0.0, 0.0, 0.0, 0.0, 0.0, 0.0, 0.0, 0.0, 0.0, 0.0, 0.0, 0.0, 0.0, 0.0, 0.0, 0.0, 0.0, 0.0, 0.0, 0.0, 0.0, 0.0, 0.0, 0.0, 0.0], [0.0, 0.0, 0.0, 0.0, 0.0, 0.0, 0.983458144377563, 0.0, 0.0, 0.0, 0.0, 0.0, 0.0, 0.0, 0.0, 0.0, 0.0, 0.0, 0.0, 0.0, 0.0, 0.0, 0.0, 0.0, 0.0, 0.0, 0.0, 0.0, 0.0, 0.0, 0.0, 0.0, 0.0, 0.0], [0.0, 0.0, 0.0, 0.0, 0.0, 0.0, 0.9857108336518838, 0.0, 0.0, 0.0, 0.0, 0.0, 0.0, 0.0, 0.0, 0.0, 0.0, 0.0, 0.0, 0.0, 0.0, 0.0, 0.0, 0.0, 0.0, 0.0, 0.0, 0.0, 0.0, 0.0, 0.0, 0.0, 0.0, 0.0], [0.0, 0.0, 0.0, 0.0, 0.0, 0.0, 0.9855023545557213, 0.0, 0.0, 0.0, 0.0, 0.0, 0.0, 0.0, 0.0, 0.0, 0.0, 0.0, 0.0, 0.0, 0.0, 0.0, 0.0, 0.0, 0.0, 0.0, 0.0, 0.0, 0.0, 0.0, 0.0, 0.0, 0.0, 0.0], [0.0, 0.0, 0.0, 0.0, 0.0, 0.0, 0.0, 0.0, 0.0, 0.0, 0.9722676272022046, 0.0, 0.0, 0.0, 0.0, 0.0, 0.0, 0.0, 0.0, 0.0, 0.0, 0.0, 0.0, 0.0, 0.0, 0.0, 0.0, 0.0, 0.0, 0.0, 0.0, 0.0, 0.0, 0.0], [0.0, 0.0, 0.0, 0.0, 0.0, 0.0, 0.0, 0.0, 0.0, 0.0, 0.9732903266140944, 0.0, 0.0, 0.0, 0.0, 0.0, 0.0, 0.0, 0.0, 0.0, 0.0, 0.0, 0.0, 0.0, 0.0, 0.0, 0.0, 0.0, 0.0, 0.0, 0.0, 0.0, 0.0, 0.0], [0.0, 0.0, 0.0, 0.0, 0.0, 0.0, 0.0, 0.0, 0.0, 0.0, 0.0, 0.9766475892721267, 0.0, 0.0, 0.0, 0.0, 0.0, 0.0, 0.0, 0.0, 0.0, 0.0, 0.0, 0.0, 0.0, 0.0, 0.0, 0.0, 0.0, 0.0, 0.0, 0.0, 0.0, 0.0], [0.0, 0.0, 0.0, 0.0, 0.0, 0.0, 0.0, 0.0, 0.0, 0.0, 0.0, 0.9710684791556468, 0.0, 0.0, 0.0, 0.0, 0.0, 0.0, 0.0, 0.0, 0.0, 0.0, 0.0, 0.0, 0.0, 0.0, 0.0, 0.0, 0.0, 0.0, 0.0, 0.0, 0.0, 0.0], [0.0, 0.0, 0.0, 0.0, 0.0, 0.0, 0.0, 0.0, 0.0, 0.0, 0.0, 0.0, 0.9870117713296778, 0.0, 0.0, 0.0, 0.0, 0.0, 0.0, 0.0, 0.0, 0.0, 0.0, 0.0, 0.0, 0.0, 0.0, 0.0, 0.0, 0.0, 0.0, 0.0, 0.0, 0.0], [0.0, 0.0, 0.0, 0.0, 0.0, 0.0, 0.0, 0.0, 0.0, 0.0, 0.0, 0.0, 0.9865680978758533, 0.0, 0.0, 0.0, 0.0, 0.0, 0.0, 0.0, 0.0, 0.0, 0.0, 0.0, 0.0, 0.0, 0.0, 0.0, 0.0, 0.0, 0.0, 0.0, 0.0, 0.0], [0.0, 0.0, 0.0, 0.0, 0.0, 0.0, 0.0, 0.0, 0.0, 0.0, 0.0, 0.0, 0.9859281291514628, 0.0, 0.0, 0.0, 0.0, 0.0, 0.0, 0.0, 0.0, 0.0, 0.0, 0.0, 0.0, 0.0, 0.0, 0.0, 0.0, 0.0, 0.0, 0.0, 0.0, 0.0]], "Born radii": [], "Atomic SASAs": [], "Solvent H bonds": [], "Total SASA": NaN, "Total FOD": 0.0, "FOD": [0.0, 0.0, 0.0, 0.0, 0.0, 0.0, 0.0, 0.0, 0.0, 0.0, 0.0, 0.0, 0.0, 0.0, 0.0, 0.0, 0.0, 0.0, 0.0, 0.0, 0.0, 0.0, 0.0, 0.0, 0.0, 0.0, 0.0, 0.0, 0.0, 0.0, 0.0, 0.0, 0.0, 0.0], "FOD s proportion": [0.0, 0.0, 0.0, 0.0, 0.0, 0.0, 0.0, 0.0, 0.0, 0.0, 0.0, 0.0, 0.0, 0.0, 0.0, 0.0, 0.0, 0.0, 0.0, 0.0, 0.0, 0.0, 0.0, 0.0, 0.0, 0.0, 0.0, 0.0, 0.0, 0.0, 0.0, 0.0, 0.0, 0.0], "FOD p proportion": [0.0, 0.0, 0.0, 0.0, 0.0, 0.0, 0.0, 0.0, 0.0, 0.0, 0.0, 0.0, 0.0, 0.0, 0.0, 0.0, 0.0, 0.0, 0.0, 0.0, 0.0, 0.0, 0.0, 0.0, 0.0, 0.0, 0.0, 0.0, 0.0, 0.0, 0.0, 0.0, 0.0, 0.0], "FOD d proportion": [0.0, 0.0, 0.0, 0.0, 0.0, 0.0, 0.0, 0.0, 0.0, 0.0, 0.0, 0.0, 0.0, 0.0, 0.0, 0.0, 0.0, 0.0, 0.0, 0.0, 0.0, 0.0, 0.0, 0.0, 0.0, 0.0, 0.0, 0.0, 0.0, 0.0, 0.0, 0.0, 0.0, 0.0], "coordinates": [["4.36110", "-1.79870", "-0.43470"], ["3.41530", "-0.61200", "-0.33290"], ["2.65690", "-0.61490", "0.99510"], ["1.75880", "0.61340", "1.17870"], ["0.65170", "0.67000", "0.22410"], ["0.76740", "1.64250", "-0.86890"], ["0.24110", "3.01270", "-0.46870"], ["-0.46320", "-0.12370", "0.49370"], ["-0.52850", "-0.88130", "1.45630"], ["-1.81400", "0.00270", "-0.62680"], ["-2.96430", "-1.17310", "0.14790"], ["-4.27850", "-1.28870", "-0.62540"], ["-5.13760", "-0.03250", "-0.57100"], ["4.89110", "-1.77960", "-1.39210"], ["3.81280", "-2.74390", "-0.36850"], ["5.10660", "-1.77650", "0.36650"], ["3.99100", "0.31540", "-0.43180"], ["2.71040", "-0.65160", "-1.17070"], ["3.37980", "-0.63600", "1.82000"], ["2.06260", "-1.53310", "1.07160"], ["2.35000", "1.53380", "1.10820"], ["1.33750", "0.59040", "2.19130"], ["0.23830", "1.28510", "-1.75640"], ["1.82210", "1.72120", "-1.15520"], ["0.34480", "3.71620", "-1.30050"], ["0.79610", "3.41240", "0.38630"], ["-0.81540", "2.97060", "-0.18670"], ["-3.16590", "-0.86200", "1.17860"], ["-2.48540", "-2.15780", "0.17730"], ["-4.08750", "-1.56140", "-1.67040"], ["-4.85720", "-2.11340", "-0.19110"], ["-5.33800", "0.26060", "0.46450"], ["-6.09910", "-0.21540", "-1.06170"], ["-4.66060", "0.80880", "-1.08210"]], "bond_dist": [[0.0, 1.520906890641239, 2.51992224483217, 3.897852134188777, 4.504236393663193, 4.994503656020286, 6.334439672141491, 5.190512696256508, 5.322188640023952, 6.4353558083450215, 7.375112424905806, 8.656740417154717, 9.662470792711355, 1.0944768476308666, 1.0947229649550614, 1.0946161564676449, 2.1462528345933527, 2.1406412357048534, 2.720017108402078, 2.7609029863434174, 4.186958307650078, 4.663242623968863, 5.315467351983267, 4.399470111274766, 6.877092215464324, 6.367011010670549, 7.043002111315885, 7.75473228293537, 6.8831721655062506, 8.541785980695138, 9.226886362148392, 9.955994070910249, 10.59791262136087, 9.413248849361201], [1.520906890641239, 0.0, 1.5293014647217205, 2.5554905536902304, 3.0969756150153978, 3.518727136337798, 4.820003876554457, 3.995555868712137, 4.33904569807694, 5.273500904522535, 6.4222502294756465, 7.729038593512132, 8.575815428867392, 2.1594397514170196, 2.1689331986024833, 2.1692663045370897, 1.096030318923706, 1.0956098803862624, 2.1533264174295543, 2.156581264409018, 2.795727264952717, 3.483475884802419, 3.964677749830369, 2.9424965199639574, 5.394213126119508, 4.855229411675621, 5.545738876831472, 6.757168466894991, 6.12111608859038, 7.679991826167526, 8.40883853156903, 8.832753727462347, 9.550510371702657, 8.234083682474935], [2.51992224483217, 1.5293014647217205, 0.0, 1.532649164029394, 2.5032451038601873, 3.484330783665638, 4.597638724388858, 3.1980780806603204, 3.229620343012472, 4.7959291258316155, 5.712024555269348, 7.154005860355441, 7.971580095564492, 3.470864383694644, 2.779955174099036, 2.783070715953873, 2.163636871103837, 2.1667715107966505, 1.0970367496123365, 1.096419618576756, 2.1734513820189303, 2.1504555075611305, 4.1267878804222535, 3.282993198287197, 5.4197797907295095, 4.477986084167748, 5.129262011244892, 5.830928785365159, 5.430707738407582, 7.313527456706511, 7.753339377326391, 8.060177579929613, 9.003197348164706, 7.738700651918252], [3.897852134188777, 2.5554905536902304, 1.532649164029394, 0.0, 1.462920069586852, 2.496915403052334, 3.282374223028203, 2.4392263958066707, 2.746439720802188, 4.049405460064477, 5.153814558169512, 6.581926200589004, 7.144156343474014, 4.706034947809036, 4.2289723491647475, 4.192738447601997, 2.7686153741536583, 2.8329221521249046, 2.144739389762775, 2.170536131926856, 1.0961860471653524, 1.0969874429545672, 3.3731162372500596, 2.584243978419994, 4.215826903467456, 3.064162210131833, 3.7479613978801862, 5.14096053865423, 5.166777045702668, 6.857576068845318, 7.285825023976351, 7.141366796349281, 8.212971082988178, 6.808677856970471], [4.504236393663193, 3.0969756150153978, 2.5032451038601873, 1.462920069586852, 0.0, 1.4675802329004026, 2.477258058822294, 1.394864100907325, 2.306018336874189, 2.6923960685604933, 4.059344780872894, 5.372618354210543, 5.88571871142344, 5.156079417541976, 4.690249586109465, 5.08446398551509, 3.421530426578142, 2.8160858101272415, 3.4198044417773366, 2.750008121806189, 2.1004775980714485, 2.084834199642744, 2.1146223823652295, 2.092206034309241, 3.4202232690279155, 2.7509849072650323, 2.759329521822285, 4.222814702304614, 4.223747091150226, 5.570304556305697, 6.186088086181767, 6.008486216177915, 6.928962075231759, 5.47228975566901], [4.994503656020286, 3.518727136337798, 3.484330783665638, 2.496915403052334, 1.4675802329004026, 0.0, 1.5213808760464949, 2.5476494185817637, 3.6681709733871455, 3.067765051303636, 4.784043320247006, 5.840576384227845, 6.145192788676365, 5.384181306382614, 5.363335368965846, 5.660780052254283, 3.513381246036359, 3.0214610786836227, 4.3870695481152335, 3.940497259230109, 2.5348299469589675, 3.28584121040564, 1.0933150598066415, 1.0956977092245834, 2.159884489966998, 2.169999248847796, 2.175891148472276, 5.092703151568919, 5.110530537038205, 5.871748587090562, 6.797229053813031, 6.40027439489902, 7.116023222278017, 5.4957887450301435], [6.334439672141491, 4.820003876554457, 4.597638724388858, 3.282374223028203, 2.477258058822294, 1.5213808760464949, 0.0, 3.355481665871533, 4.411478795143416, 3.6480860214638584, 5.3080793475606605, 6.241264375909741, 6.1817571951670836, 6.741016751944769, 6.775361576329341, 6.878014679396955, 4.619365639349196, 4.4740743154310705, 5.32940869797016, 5.13368132824779, 3.0201354323937197, 3.7610145240347053, 2.154711324052482, 2.153790960144461, 1.0943295573089489, 1.0949018631822671, 1.0942982500214464, 5.416137588725014, 5.880917317902029, 6.411181767817849, 7.2350968106860885, 6.29057020150002, 7.1393567392307835, 5.409260361639103], [5.190512696256508, 3.995555868712137, 3.1980780806603204, 2.4392263958066707, 1.394864100907325, 2.5476494185817637, 3.355481665871533, 0.0, 1.2267112985539832, 1.759590250598133, 2.734285868375873, 4.143202131202386, 4.794988935336557, 5.913271086293947, 5.088517748814482, 5.81124769047061, 4.570476638163683, 3.622242776236844, 4.097581235314316, 2.9495834299100614, 3.3225006756959434, 2.575714475635838, 2.745864108072357, 3.3682522634149596, 4.314724747883693, 3.755179684116327, 3.1877392443548453, 2.8842264456869544, 2.885648039869034, 4.459356521965922, 4.871867519750511, 4.890011673810197, 5.847311079462081, 4.5793961010159405], [5.322188640023952, 4.33904569807694, 3.229620343012472, 2.746439720802188, 2.306018336874189, 3.6681709733871455, 4.411478795143416, 1.2267112985539832, 0.0, 2.602551029278773, 2.7803200247453534, 4.308358115338139, 5.106291172661425, 6.188084486333392, 5.064193863785232, 5.8089068756522515, 5.042111933505642, 4.1766451010350405, 3.9328435857531887, 2.6993770651763342, 3.7735452653969843, 2.48758555430763, 3.950026897376776, 4.372443122557456, 5.431353917763047, 4.619017736489003, 4.197486655130663, 2.652049875096621, 2.663597353204872, 4.7859450372940975, 4.792665319005699, 5.04171529342941, 6.149417140672764, 5.1355781544048185], [6.4353558083450215, 5.273500904522535, 4.7959291258316155, 4.049405460064477, 2.6923960685604933, 3.067765051303636, 3.6480860214638584, 1.759590250598133, 2.602551029278773, 0.0, 1.818201259486969, 2.782350835175176, 3.3242547495641785, 6.9800174347919794, 6.266690409618143, 7.214353878900037, 5.816685593187928, 4.603708403015986, 5.776705494483859, 4.5023629085181485, 4.763757782465436, 4.268375703941723, 2.6706705543739386, 4.056312613692391, 4.347915751253697, 4.411921090636142, 3.1621702009853934, 2.415534901424527, 2.401065392695501, 2.9503071060484536, 3.732128071221565, 3.6981108825993845, 4.312631172497829, 2.9933638034826298], [7.375112424905806, 6.4222502294756465, 5.712024555269348, 5.153814558169512, 4.059344780872894, 4.784043320247006, 5.3080793475606605, 2.734285868375873, 2.7803200247453534, 1.818201259486969, 0.0, 1.5292082559285376, 2.557541487444534, 8.027873405205142, 6.975898939204897, 8.096375999791512, 7.136377402436057, 5.849178429489051, 6.582704583224133, 5.123723772804308, 6.040800293835247, 5.0784740867705525, 4.463827112467507, 5.743227930354149, 6.078919300336205, 5.935002356360105, 4.679741238572919, 1.095339335548578, 1.095373753565421, 2.1722269724869916, 2.1405969961671905, 2.7910899197267005, 3.4938936002689034, 2.8841396117386546], [8.656740417154717, 7.729038593512132, 7.154005860355441, 6.581926200589004, 5.372618354210543, 5.840576384227845, 6.241264375909741, 4.143202131202386, 4.308358115338139, 2.782350835175176, 1.5292082559285376, 0.0, 1.5228429367469252, 9.21468262394316, 8.225128591092057, 9.449969124817288, 8.425867790322846, 7.039032015128217, 8.065702532327856, 6.568796660728662, 7.410053134762261, 6.557764230284587, 5.320252783468094, 6.8233061202030205, 6.846874243769927, 6.991097428873382, 5.507009695833121, 2.162028596018101, 2.148224781069244, 1.0967548905749178, 1.0971054051457405, 2.170426858938121, 2.157988632963575, 2.180385642495382], [9.662470792711355, 8.575815428867392, 7.971580095564492, 7.144156343474014, 5.88571871142344, 6.145192788676365, 6.1817571951670836, 4.794988935336557, 5.106291172661425, 3.3242547495641785, 2.557541487444534, 1.5228429367469252, 0.0, 10.212805065700609, 9.354269419361408, 10.433794893997101, 9.13628748507839, 7.895190238366648, 8.867197754082177, 7.536100792850372, 7.831804523224517, 7.067193623355736, 5.66052504013541, 7.200984475750521, 6.681439343434916, 6.92766591212365, 5.2770928492873805, 2.7634708791662703, 3.480088766109278, 2.156136725720333, 2.1337977832962522, 1.0946816980291576, 1.094861246916704, 1.0938637483708837], [1.0944768476308666, 2.1594397514170196, 3.470864383694644, 4.706034947809036, 5.156079417541976, 5.384181306382614, 6.741016751944769, 5.913271086293947, 6.188084486333392, 6.9800174347919794, 8.027873405205142, 9.21468262394316, 10.212805065700609, 0.0, 1.772106751863442, 1.7717572689282242, 2.4741424979172075, 2.465127674178358, 3.7295355019090515, 3.7591211991634426, 4.8669609470387165, 5.575457696010257, 5.583336674426861, 4.661596641709791, 7.133095533497361, 6.847524776150868, 7.52206962544219, 8.50680534924833, 7.551079647970878, 8.985561757063383, 9.827674004056098, 10.594520584245423, 11.10587150294834, 9.90105486551812], [1.0947229649550614, 2.1689331986024833, 2.779955174099036, 4.2289723491647475, 4.690249586109465, 5.363335368965846, 6.775361576329341, 5.088517748814482, 5.064193863785232, 6.266690409618143, 6.975898939204897, 8.225128591092057, 9.354269419361408, 1.772106751863442, 0.0, 1.7748256815811518, 3.0651392496916023, 2.4973045248827783, 3.0692448028790404, 2.5696545857371573, 4.7559587908223095, 4.878241754976889, 5.562028196620366, 4.951656428913459, 7.3911122309162645, 6.897117631300774, 7.355868183294206, 7.391706143374478, 6.348915977550813, 8.093700633826286, 8.69470534348347, 9.667370370995414, 10.252784992381338, 9.215715371581307], [1.0946161564676449, 2.1692663045370897, 2.783070715953873, 4.192738447601997, 5.08446398551509, 5.660780052254283, 6.878014679396955, 5.81124769047061, 5.8089068756522515, 7.214353878900037, 8.096375999791512, 9.449969124817288, 10.433794893997101, 1.7717572689282242, 1.7748256815811518, 0.0, 2.501577874062688, 3.0610714284380887, 2.5288813218496435, 3.134062151585383, 4.371161005957113, 4.810220936713822, 6.1302890519126425, 5.033628555028669, 7.45810844182357, 6.745775381674075, 7.609932499700639, 8.36242027824481, 7.6039233511392, 9.419485359084115, 9.985075353245962, 10.641853671705885, 11.403705579328152, 10.206880713028832], [2.1462528345933527, 1.096030318923706, 2.163636871103837, 2.7686153741536583, 3.421530426578142, 3.513381246036359, 4.619365639349196, 4.570476638163683, 5.042111933505642, 5.816685593187928, 7.136377402436057, 8.425867790322846, 9.13628748507839, 2.4741424979172075, 3.0651392496916023, 2.501577874062688, 0.0, 1.7666348151216766, 2.5197878164639183, 3.0652716633277386, 2.55909741119794, 3.7413020273696165, 4.096051823402629, 2.6839725054478483, 5.061112009232754, 4.524166511082456, 5.496511803862519, 7.429729236654591, 6.959272807556835, 8.385622842103023, 9.1786518165796, 9.372118102648942, 10.12366735229877, 8.69002394760797], [2.1406412357048534, 1.0956098803862624, 2.1667715107966505, 2.8329221521249046, 2.8160858101272415, 3.0214610786836227, 4.4740743154310705, 3.622242776236844, 4.1766451010350405, 4.603708403015986, 5.849178429489051, 7.039032015128217, 7.895190238366648, 2.465127674178358, 2.4973045248827783, 3.0610714284380887, 1.7666348151216766, 0.0, 3.0647391748727983, 2.4949141027297914, 3.177931171375491, 3.838028453516206, 3.1945468833623334, 2.533672626840334, 4.968962491305403, 4.754459957765971, 5.149743146992868, 6.332012345218541, 5.575130498921079, 6.876691104012162, 7.769494524098721, 8.263336519832652, 8.820966029296338, 7.514802666737164], [2.720017108402078, 2.1533264174295543, 1.0970367496123365, 2.144739389762775, 3.4198044417773366, 4.3870695481152335, 5.32940869797016, 4.097581235314316, 3.9328435857531887, 5.776705494483859, 6.582704583224133, 8.065702532327856, 8.867197754082177, 3.7295355019090515, 3.0692448028790404, 2.5288813218496435, 2.5197878164639183, 3.0647391748727983, 0.0, 1.760655221785344, 2.5050308022058334, 2.410997706344823, 5.1332528108403155, 4.103003310990621, 6.1555170448955785, 5.012039898085409, 5.885075317275047, 6.580931427237333, 6.278129464259238, 8.294566089314136, 8.606706859769304, 8.86799349627637, 9.916180941269678, 8.669351971745062], [2.7609029863434174, 2.156581264409018, 1.096419618576756, 2.170536131926856, 2.750008121806189, 3.940497259230109, 5.13368132824779, 2.9495834299100614, 2.6993770651763342, 4.5023629085181485, 5.123723772804308, 6.568796660728662, 7.536100792850372, 3.7591211991634426, 2.5696545857371573, 3.134062151585383, 3.0652716633277386, 2.4949141027297914, 1.760655221785344, 0.0, 3.0805541595628534, 2.507738094379076, 4.389522266716505, 3.9505628687568053, 6.011060284176162, 5.150886194627096, 5.49085754504704, 5.272479156905222, 4.676999741287142, 6.733728157566208, 7.057959437401154, 7.639032036848649, 8.538187692361888, 7.438033176855291], [4.186958307650078, 2.795727264952717, 2.1734513820189303, 1.0961860471653524, 2.1004775980714485, 2.5348299469589675, 3.0201354323937197, 3.3225006756959434, 3.7735452653969843, 4.763757782465436, 6.040800293835247, 7.410053134762261, 7.831804523224517, 4.8669609470387165, 4.7559587908223095, 4.371161005957113, 2.55909741119794, 3.177931171375491, 2.5050308022058334, 3.0805541595628534, 0.0, 1.7573461298218973, 3.567500769446308, 2.3316896727480696, 3.8191010054723615, 2.5426133760365532, 3.7095710547177823, 6.014147205547932, 6.154313814715659, 7.66435171752967, 8.181318974957522, 7.819253924128568, 8.89693528469214, 7.380484499678866], [4.663242623968863, 3.483475884802419, 2.1504555075611305, 1.0969874429545672, 2.084834199642744, 3.28584121040564, 3.7610145240347053, 2.575714475635838, 2.48758555430763, 4.268375703941723, 5.0784740867705525, 6.557764230284587, 7.067193623355736, 5.575457696010257, 4.878241754976889, 4.810220936713822, 3.7413020273696165, 3.838028453516206, 2.410997706344823, 2.507738094379076, 1.7573461298218973, 0.0, 4.156342625434049, 3.5654744494947654, 4.790484961880164, 3.393349813974386, 3.9943978832860405, 4.838970821362741, 5.120875281629108, 6.998113683700773, 7.166636051174916, 6.903108468653813, 8.15685859874989, 6.836669491060687], [5.315467351983267, 3.964677749830369, 4.1267878804222535, 3.3731162372500596, 2.1146223823652295, 1.0933150598066415, 2.154711324052482, 2.745864108072357, 3.950026897376776, 2.6706705543739386, 4.463827112467507, 5.320252783468094, 5.66052504013541, 5.583336674426861, 5.562028196620366, 6.1302890519126425, 4.096051823402629, 3.1945468833623334, 5.1332528108403155, 4.389522266716505, 3.567500769446308, 4.156342625434049, 0.0, 1.7492990281824319, 2.4757694298944726, 3.0704575261677207, 2.532815040621798, 4.9812489447928625, 4.79700925473362, 5.179044688936368, 6.321715478412485, 6.089098352794115, 6.549560832605495, 4.967973771066027], [4.399470111274766, 2.9424965199639574, 3.282993198287197, 2.584243978419994, 2.092206034309241, 1.0956977092245834, 2.153790960144461, 3.3682522634149596, 4.372443122557456, 4.056312613692391, 5.743227930354149, 6.8233061202030205, 7.200984475750521, 4.661596641709791, 4.951656428913459, 5.033628555028669, 2.6839725054478483, 2.533672626840334, 4.103003310990621, 3.9505628687568053, 2.3316896727480696, 3.5654744494947654, 1.7492990281824319, 0.0, 2.4866749646867805, 2.5077989732033945, 3.0749632290484388, 6.082736939898027, 5.947836035063509, 6.779695122938789, 7.761874416659935, 7.484905641355808, 8.155033491654097, 6.547000585000737], [6.877092215464324, 5.394213126119508, 5.4197797907295095, 4.215826903467456, 3.4202232690279155, 2.159884489966998, 1.0943295573089489, 4.314724747883693, 5.431353917763047, 4.347915751253697, 6.078919300336205, 6.846874243769927, 6.681439343434916, 7.133095533497361, 7.3911122309162645, 7.45810844182357, 5.061112009232754, 4.968962491305403, 6.1555170448955785, 6.011060284176162, 3.8191010054723615, 4.790484961880164, 2.4757694298944726, 2.4866749646867805, 0.0, 1.772360112956732, 1.7727193348074028, 6.27940017358346, 6.685641396305967, 6.901823748836245, 7.891502298041862, 6.88117811134111, 7.5523738791190675, 5.792642098386539], [6.367011010670549, 4.855229411675621, 4.477986084167748, 3.064162210131833, 2.7509849072650323, 2.169999248847796, 1.0949018631822671, 3.755179684116327, 4.619017736489003, 4.411921090636142, 5.935002356360105, 6.991097428873382, 6.92766591212365, 6.847524776150868, 6.897117631300774, 6.745775381674075, 4.524166511082456, 4.754459957765971, 5.012039898085409, 5.150886194627096, 2.5426133760365532, 3.393349813974386, 3.0704575261677207, 2.5077989732033945, 1.772360112956732, 0.0, 1.76647912243536, 5.8818091307012, 6.4683113167193795, 7.267616548085074, 7.926389927955854, 6.896893597120373, 7.9247346883034515, 6.221776788828092], [7.043002111315885, 5.545738876831472, 5.129262011244892, 3.7479613978801862, 2.759329521822285, 2.175891148472276, 1.0942982500214464, 3.1877392443548453, 4.197486655130663, 3.1621702009853934, 4.679741238572919, 5.507009695833121, 5.2770928492873805, 7.52206962544219, 7.355868183294206, 7.609932499700639, 5.496511803862519, 5.149743146992868, 5.885075317275047, 5.49085754504704, 3.7095710547177823, 3.9943978832860405, 2.532815040621798, 3.0749632290484388, 1.7727193348074028, 1.76647912243536, 0.0, 4.698693126817286, 5.4057268299461825, 5.783340565797591, 6.494861245631041, 5.312445030303842, 6.231669655076399, 4.501186892365168], [7.75473228293537, 6.757168466894991, 5.830928785365159, 5.14096053865423, 4.222814702304614, 5.092703151568919, 5.416137588725014, 2.8842264456869544, 2.652049875096621, 2.415534901424527, 1.095339335548578, 2.162028596018101, 2.7634708791662703, 8.50680534924833, 7.391706143374478, 8.36242027824481, 7.429729236654591, 6.332012345218541, 6.580931427237333, 5.272479156905222, 6.014147205547932, 4.838970821362741, 4.9812489447928625, 6.082736939898027, 6.27940017358346, 5.8818091307012, 4.698693126817286, 0.0, 1.7733526383660978, 3.0749484418441884, 2.510493126857749, 2.547192175710345, 3.747091924412851, 3.1837815911271297], [6.8831721655062506, 6.12111608859038, 5.430707738407582, 5.166777045702668, 4.223747091150226, 5.110530537038205, 5.880917317902029, 2.885648039869034, 2.663597353204872, 2.401065392695501, 1.095373753565421, 2.148224781069244, 3.480088766109278, 7.551079647970878, 6.348915977550813, 7.6039233511392, 6.959272807556835, 5.575130498921079, 6.278129464259238, 4.676999741287142, 6.154313814715659, 5.120875281629108, 4.79700925473362, 5.947836035063509, 6.685641396305967, 6.4683113167193795, 5.4057268299461825, 1.7733526383660978, 0.0, 2.517223204247093, 2.4006509867117294, 3.7507958035595594, 4.285658228323859, 3.8882256827504236], [8.541785980695138, 7.679991826167526, 7.313527456706511, 6.857576068845318, 5.570304556305697, 5.871748587090562, 6.411181767817849, 4.459356521965922, 4.7859450372940975, 2.9503071060484536, 2.1722269724869916, 1.0967548905749178, 2.156136725720333, 8.985561757063383, 8.093700633826286, 9.419485359084115, 8.385622842103023, 6.876691104012162, 8.294566089314136, 6.733728157566208, 7.66435171752967, 6.998113683700773, 5.179044688936368, 6.779695122938789, 6.901823748836245, 7.267616548085074, 5.783340565797591, 3.0749484418441884, 2.517223204247093, 0.0, 1.7565507621472256, 3.0726588258379746, 2.4957496368826737, 2.5084633822322377], [9.226886362148392, 8.40883853156903, 7.753339377326391, 7.285825023976351, 6.186088086181767, 6.797229053813031, 7.2350968106860885, 4.871867519750511, 4.792665319005699, 3.732128071221565, 2.1405969961671905, 1.0971054051457405, 2.1337977832962522, 9.827674004056098, 8.69470534348347, 9.985075353245962, 9.1786518165796, 7.769494524098721, 8.606706859769304, 7.057959437401154, 8.181318974957522, 7.166636051174916, 6.321715478412485, 7.761874416659935, 7.891502298041862, 7.926389927955854, 6.494861245631041, 2.510493126857749, 2.4006509867117294, 1.7565507621472256, 0.0, 2.509353701653077, 2.42953986795854, 3.06133719149002], [9.955994070910249, 8.832753727462347, 8.060177579929613, 7.141366796349281, 6.008486216177915, 6.40027439489902, 6.29057020150002, 4.890011673810197, 5.04171529342941, 3.6981108825993845, 2.7910899197267005, 2.170426858938121, 1.0946816980291576, 10.594520584245423, 9.667370370995414, 10.641853671705885, 9.372118102648942, 8.263336519832652, 8.86799349627637, 7.639032036848649, 7.819253924128568, 6.903108468653813, 6.089098352794115, 7.484905641355808, 6.88117811134111, 6.896893597120373, 5.312445030303842, 2.547192175710345, 3.7507958035595594, 3.0726588258379746, 2.509353701653077, 0.0, 1.7706314269209165, 1.7752085961936983], [10.59791262136087, 9.550510371702657, 9.003197348164706, 8.212971082988178, 6.928962075231759, 7.116023222278017, 7.1393567392307835, 5.847311079462081, 6.149417140672764, 4.312631172497829, 3.4938936002689034, 2.157988632963575, 1.094861246916704, 11.10587150294834, 10.252784992381338, 11.403705579328152, 10.12366735229877, 8.820966029296338, 9.916180941269678, 8.538187692361888, 8.89693528469214, 8.15685859874989, 6.549560832605495, 8.155033491654097, 7.5523738791190675, 7.9247346883034515, 6.231669655076399, 3.747091924412851, 4.285658228323859, 2.4957496368826737, 2.42953986795854, 1.7706314269209165, 0.0, 1.765979628987832], [9.41324