{"total energy": -52.91319281, "HOMO-LUMO gap/eV": 3.56621319, "electronic energy": -53.52587917, "dipole": [-2.30360916, -0.13462337, 0.72968579], "partial charges": [-0.10280715, -0.05134165, -0.06603062, -0.0037054, -0.13849873, -0.03958895, 0.31449872, -0.4578296, -0.18099161, 0.08359904, -0.04715442, -0.03933804, 0.08047704, -0.15315297, 0.08753786, -0.14945282, -0.0679903, 0.03846335, 0.03748585, 0.03633389, 0.02285935, 0.03596634, 0.04216879, 0.04466269, 0.04723578, 0.04433857, 0.04991673, 0.07728709, 0.0449385, 0.18543707, 0.0923282, 0.07375032, 0.05859708], "atomic dipole moments": [[0.08717055, -0.06121344, 0.02244329], [-0.10113209, -0.03568684, 0.03370743], [0.12116004, 0.0129675, -0.01722178], [0.0165399, 0.00461001, -0.14992488], [-0.00883795, -0.07009236, 0.05537852], [0.0676675, 0.13339259, 0.07883577], [-0.00209109, 0.04625437, 0.02950049], [-0.11449798, 0.12672615, 0.11884178], [0.03084981, -0.01707728, -0.0499395], [-0.13758749, -0.0442487, -0.00577902], [-0.02033412, 0.05946308, 0.01578713], [0.00111186, 0.04865441, 0.0120269], [0.19538492, 0.10765466, 0.01336066], [0.02013127, 0.00963335, -0.00343292], [0.0517314, 0.21117814, 0.06061873], [0.05013956, 0.02022513, -0.00353065], [0.03524864, -0.01880571, -0.00699648], [0.03443839, 0.10679943, -0.05794359], [-0.08082709, -0.06103321, -0.07705863], [-0.06241417, 0.03230039, 0.10524381], [0.07261989, 0.06884188, 0.06829025], [0.0590928, -0.01969028, -0.1087087], [-0.06206382, 0.02653656, 0.10437105], [-0.08556066, -0.06243331, -0.0691892], [-0.03444302, -0.09633466, 0.06562703], [0.07559682, 0.0607083, 0.0850808], [-0.12188039, 0.01690836, -0.01755826], [0.05426929, -0.02549914, -0.1212948], [0.02456804, -0.09413807, 0.07631897], [-0.09603862, 0.08447163, 0.02161767], [-0.00842472, -0.15158644, -0.04352874], [0.11766243, -0.09467345, -0.04070801], [-0.11675744, 0.09132484, 0.04029664]], "atomic quadrupole moments": [[0.11640664, -0.16234455, -0.00417368, 0.05750373, -0.05007651, -0.11223297], [0.04217543, -0.06449507, 0.11069842, 0.01712401, -0.16772769, -0.15287385], [0.02771833, -0.09568348, 0.11131676, 0.01623377, -0.17266566, -0.13903509], [0.05547911, -0.16186841, -0.10256143, -0.11623968, 0.08053129, 0.04708232], [-0.01896684, 0.01682684, 0.02518213, -0.0397872, 0.07247291, -0.00621529], [-0.04837963, 0.18397929, 0.15338651, 0.07243901, 0.17969867, -0.10500688], [-0.19582556, -0.07458902, -0.02628032, 0.19518569, -0.25122503, 0.22210588], [-0.04223067, -0.0568535, -0.0310275, 0.04347878, -0.07429694, 0.07325817], [-0.0109128, 0.04958113, 0.00769103, -0.01032749, 0.0233839, 0.00322177], [-0.08673095, 0.10124235, -0.2327133, 0.0748235, -0.20198532, 0.31944425], [-0.21485784, -0.00659606, -0.22680707, 0.07022406, -0.21287007, 0.44166491], [-0.26846748, 0.01043605, -0.17632478, 0.07957576, -0.21432631, 0.44479226], [0.11668712, 0.20465151, -0.29880904, 0.07715663, -0.19086762, 0.18212192], [0.36879071, 0.23167248, -0.15299867, 0.01567962, -0.00363561, -0.21579205], [-0.44485778, 0.05539502, 0.1915513, 0.08945982, -0.03031643, 0.25330648], [-0.23499935, 0.06990131, 0.39028727, 0.02426149, 0.18242947, -0.15528792], [-0.20898265, 0.01505321, -0.14801075, 0.06842781, -0.18592757, 0.3569934], [-0.01565382, 0.02786901, 0.04137705, -0.01833273, -0.05151432, -0.02572322], [0.00364604, 0.03008248, 0.00217425, 0.04307759, 0.04579624, -0.00582029], [-0.01302795, -0.01882374, -0.0438829, -0.04035967, 0.01715807, 0.05691085], [-0.00720668, 0.02289383, -0.00069133, 0.04055979, 0.02453899, 0.007898], [-0.01737101, -0.01906566, -0.01657201, -0.02931279, 0.01802976, 0.03394302], [-0.02541159, -0.01687446, -0.01362765, -0.03543773, 0.01575913, 0.03903924], [-0.01737905, 0.02392004, 0.00737775, 0.0377355, 0.02230693, 0.0100013], [-0.00951798, 0.01278297, 0.02842992, -0.0313384, -0.02126226, -0.01891194], [0.03016833, 0.02854218, 0.00036464, 0.01207118, 0.03238745, -0.03053298], [0.07126043, -0.01993378, -0.02321882, 0.01250014, 0.01071776, -0.04804161], [-0.01035193, 0.01125622, -0.0281073, -0.04359139, 0.01206821, 0.03845923], [-0.04291466, 0.0037713, 0.04236, 0.02771752, -0.04291815, 0.00055466], [0.02646262, 0.00154242, 0.02595858, -0.01439953, 0.03630693, -0.0524212], [0.04154689, 0.01365326, 0.01146723, -0.00428008, 0.02043954, -0.05301412], [0.0366902, 0.01164526, 0.01782508, -0.00585266, 0.02314409, -0.05451528], [0.0301179, 0.00122274, 0.02104126, -0.00853367, 0.02540305, -0.05115915]], "number of molecular orbitals": 94, "number of electrons": 94, "number of unpaired electrons": 0, "orbital energies/eV": [-28.81733391, -28.71299843, -19.0800857, -18.48301168, -18.35149815, -18.19750862, -17.79302511, -17.63111336, -17.35852087, -17.22742355, -16.96081058, -16.59630076, -16.48731591, -16.26782806, -15.88280354, -15.70021007, -15.55336946, -15.32205718, -15.02167132, -14.6839865, -14.51567357, -14.46554055, -14.29449979, -14.2753773, -14.00821296, -13.92695262, -13.83262171, -13.74465535, -13.65727796, -13.54892228, -13.23495744, -12.97543416, -12.95476279, -12.80789136, -12.72793112, -12.69702558, -12.39428065, -12.38672422, -12.33411912, -12.15434819, -11.59253626, -11.53008705, -11.3922547, -11.12074249, -11.01731333, -10.65468308, -10.38370159, -6.81748841, -6.68879529, -5.27326696, -4.12930694, -3.6966316, -3.23617994, -1.2229486, 0.01772843, 0.29064699, 0.43375166, 0.43679603, 0.44083711, 0.54641958, 0.54888456, 0.67818778, 0.98434414, 1.32058442, 1.793294, 2.47420352, 2.73258972, 2.94214929, 3.1234079, 3.3366433, 3.45942862, 3.81560247, 4.02194029, 4.27286458, 4.35709909, 4.40981954, 4.55924367, 4.78301041, 5.1364125, 5.46435639, 5.74963779, 5.93598264, 6.17587765, 6.51808951, 7.07465113, 7.42007719, 9.08460427, 9.52323876, 9.8717243, 11.03228965, 11.86162431, 15.76157855, 15.95450086, 16.87453036], "fractional occupation": [2.0, 2.0, 2.0, 2.0, 2.0, 2.0, 2.0, 2.0, 2.0, 2.0, 2.0, 2.0, 2.0, 2.0, 2.0, 2.0, 2.0, 2.0, 2.0, 2.0, 2.0, 2.0, 2.0, 2.0, 2.0, 2.0, 2.0, 2.0, 2.0, 2.0, 2.0, 2.0, 2.0, 2.0, 2.0, 2.0, 2.0, 2.0, 2.0, 2.0, 2.0, 2.0, 2.0, 2.0, 2.0, 2.0, 2.0, 0.0, 0.0, 0.0, 0.0, 0.0, 0.0, 0.0, 0.0, 0.0, 0.0, 0.0, 0.0, 0.0, 0.0, 0.0, 0.0, 0.0, 0.0, 0.0, 0.0, 0.0, 0.0, 0.0, 0.0, 0.0, 0.0, 0.0, 0.0, 0.0, 0.0, 0.0, 0.0, 0.0, 0.0, 0.0, 0.0, 0.0, 0.0, 0.0, 0.0, 0.0, 0.0, 0.0, 0.0, 0.0, 0.0, 0.0], "program call": "xtb /home/svss/Project-DBcg-Debug/aqme2_20220329/End-to-End-workflows-final/example-3/QDESCP/mol_370_rdkit_conf_3/mol_370_rdkit_conf_3.xyz --pop --wbo --acc 0.2 --gfn 2 --chrg 0 --uhf 0 --etemp 300 --input /home/svss/Project-DBcg-Debug/aqme2_20220329/End-to-End-workflows-final/example-3/QDESCP/mol_370_rdkit_conf_3/mol_370_rdkit_conf_3_xtb.inp", "method": "GFN2-xTB", "xtb version": "6.3.3 (7355c4f)", "Dipole module/D": 6.151, "Total charge": 0, "Transition dipole module/D": NaN, "HOMO": -10.3837, "LUMO": -6.8175, "HOMO occupancy": 2.0, "LUMO occupancy": 0, "mulliken charges": [-0.08214, -0.04064, -0.06007, 0.08409, -0.31221, 0.0674, 0.55929, -0.57069, -0.34222, 0.15607, -0.05249, -0.04158, 0.07877, -0.10941, 0.09518, -0.10628, -0.09521, 0.03407, 0.03133, 0.02949, 0.01715, 0.02815, 0.03117, 0.03456, 0.03668, 0.02971, 0.02468, 0.05974, 0.03408, 0.2224, 0.07101, 0.0479, 0.04002], "cm5 charges": [-0.23253, -0.15215, -0.16569, 0.03489, -0.56949, -0.0194, 0.71792, -0.6144, -0.68761, 0.20857, -0.09935, -0.09308, 0.0749, -0.1104, 0.09145, -0.10735, -0.13951, 0.08486, 0.08264, 0.08079, 0.07301, 0.08618, 0.08642, 0.09217, 0.10206, 0.0992, 0.08658, 0.12537, 0.09651, 0.42692, 0.13587, 0.10443, 0.10022], "FUKUI+": [0.006, 0.001, 0.007, 0.012, -0.043, 0.02, -0.035, -0.072, -0.02, -0.052, -0.035, -0.042, -0.046, -0.12, -0.038, -0.116, -0.039, -0.008, -0.01, -0.011, 0.006, 0.008, -0.019, -0.015, -0.027, -0.004, -0.03, -0.014, -0.025, -0.037, -0.06, -0.072, -0.068], "FUKUI-": [0.007, 0.002, 0.003, 0.015, -0.084, 0.025, -0.001, -0.055, -0.046, -0.022, -0.026, -0.014, -0.026, -0.178, -0.016, -0.124, -0.012, -0.019, -0.014, -0.017, -0.005, 0.001, -0.028, -0.019, -0.044, -0.02, -0.045, -0.032, -0.056, -0.03, -0.038, -0.043, -0.036], "FUKUIrad": [0.007, 0.001, 0.005, 0.013, -0.064, 0.022, -0.018, -0.063, -0.033, -0.037, -0.03, -0.028, -0.036, -0.149, -0.027, -0.12, -0.025, -0.014, -0.012, -0.014, 0.001, 0.004, -0.024, -0.017, -0.036, -0.012, -0.038, -0.023, -0.04, -0.034, -0.049, -0.058, -0.052], "s proportion": [1.008, 1.028, 1.036, 1.011, 1.445, 0.981, 0.944, 1.724, 1.419, 1.038, 1.061, 1.065, 1.075, 1.945, 1.078, 1.945, 1.061, 0.966, 0.969, 0.971, 0.983, 0.972, 0.969, 0.965, 0.963, 0.97, 0.975, 0.94, 0.966, 0.778, 0.929, 0.952, 0.96], "p proportion": [3.074, 3.013, 3.024, 2.905, 3.867, 2.951, 2.497, 4.847, 3.923, 2.806, 2.991, 2.976, 2.846, 5.174, 2.827, 5.171, 3.034, 0.0, 0.0, 0.0, 0.0, 0.0, 0.0, 0.0, 0.0, 0.0, 0.0, 0.0, 0.0, 0.0, 0.0, 0.0, 0.0], "d proportion": [0.0, 0.0, 0.0, 0.0, 0.0, 0.0, 0.0, 0.0, 0.0, 0.0, 0.0, 0.0, 0.0, -0.009, 0.0, -0.01, 0.0, 0.0, 0.0, 0.0, 0.0, 0.0, 0.0, 0.0, 0.0, 0.0, 0.0, 0.0, 0.0, 0.0, 0.0, 0.0, 0.0], "Fermi-level/eV": -8.6006, "Coordination numbers": [3.75, 3.799, 3.8, 3.737, 2.732, 3.696, 2.691, 0.858, 2.695, 2.895, 2.914, 2.955, 2.899, 0.965, 2.899, 0.965, 2.962, 0.924, 0.924, 0.924, 0.924, 0.924, 0.924, 0.924, 0.924, 0.924, 0.924, 0.924, 0.924, 0.86, 0.925, 0.925, 0.925], "Dispersion coefficient C6": [22.527, 21.497, 21.766, 20.727, 23.998, 21.458, 21.655, 22.871, 24.92, 26.136, 29.171, 28.976, 26.204, 103.948, 26.051, 103.83, 29.691, 2.47, 2.483, 2.498, 2.69, 2.503, 2.42, 2.388, 2.355, 2.392, 2.321, 2.007, 2.384, 1.183, 1.857, 2.045, 2.215], "Total dispersion C6": 13997.91764, "Total dispersion C8": 362250.539781, "Polarizability alpha": [6.769, 6.601, 6.643, 6.497, 7.276, 6.627, 7.616, 6.412, 7.414, 8.382, 8.857, 8.829, 8.393, 15.598, 8.369, 15.589, 8.938, 2.458, 2.464, 2.472, 2.565, 2.474, 2.433, 2.417, 2.4, 2.419, 2.382, 2.216, 2.415, 1.704, 2.131, 2.236, 2.328], "Total polarizability alpha": 182.320219, "Wiberg matrix": [[0.0, 1.0195686615806518, 0.0, 0.0, 0.0, 0.0, 0.0, 0.0, 0.0, 0.0, 0.0, 0.0, 0.0, 0.0, 0.0, 0.0, 0.0, 0.9867237010297105, 0.9873128758726856, 0.9873500218312518, 0.0, 0.0, 0.0, 0.0, 0.0, 0.0, 0.0, 0.0, 0.0, 0.0, 0.0, 0.0, 0.0], [1.0195686615806518, 0.0, 1.008320973724434, 0.0, 0.0, 0.0, 0.0, 0.0, 0.0, 0.0, 0.0, 0.0, 0.0, 0.0, 0.0, 0.0, 0.0, 0.0, 0.0, 0.0, 0.9752277183681592, 0.976802710468446, 0.0, 0.0, 0.0, 0.0, 0.0, 0.0, 0.0, 0.0, 0.0, 0.0, 0.0], [0.0, 1.008320973724434, 0.0, 0.9990259766293258, 0.0, 0.0, 0.0, 0.0, 0.0, 0.0, 0.0, 0.0, 0.0, 0.0, 0.0, 0.0, 0.0, 0.0, 0.0, 0.0, 0.0, 0.0, 0.9734576303828939, 0.9728352956947575, 0.0, 0.0, 0.0, 0.0, 0.0, 0.0, 0.0, 0.0, 0.0], [0.0, 0.0, 0.9990259766293258, 0.0, 0.98566538266549, 0.0, 0.0, 0.0, 0.0, 0.0, 0.0, 0.0, 0.0, 0.0, 0.0, 0.0, 0.0, 0.0, 0.0, 0.0, 0.0, 0.0, 0.0, 0.0, 0.9660117108934971, 0.9667867444084789, 0.0, 0.0, 0.0, 0.0, 0.0, 0.0, 0.0], [0.0, 0.0, 0.0, 0.98566538266549, 0.0, 0.9992152491153086, 1.1529609954467606, 0.15926333343292087, 0.0, 0.0, 0.0, 0.0, 0.0, 0.0, 0.0, 0.0, 0.0, 0.0, 0.0, 0.0, 0.0, 0.0, 0.0, 0.0, 0.0, 0.0, 0.0, 0.0, 0.0, 0.0, 0.0, 0.0, 0.0], [0.0, 0.0, 0.0, 0.0, 0.9992152491153086, 0.0, 0.0, 0.0, 0.0, 0.0, 0.0, 0.0, 0.0, 0.0, 0.0, 0.0, 0.0, 0.0, 0.0, 0.0, 0.0, 0.0, 0.0, 0.0, 0.0, 0.0, 0.9790514306028753, 0.9775412058648619, 0.9769227445130936, 0.0, 0.0, 0.0, 0.0], [0.0, 0.0, 0.0, 0.0, 1.1529609954467606, 0.0, 0.0, 1.6202713709839767, 1.116520177203793, 0.0, 0.0, 0.0, 0.0, 0.0, 0.0, 0.0, 0.0, 0.0, 0.0, 0.0, 0.0, 0.0, 0.0, 0.0, 0.0, 0.0, 0.0, 0.0, 0.0, 0.0, 0.0, 0.0, 0.0], [0.0, 0.0, 0.0, 0.0, 0.15926333343292087, 0.0, 1.6202713709839767, 0.0, 0.1176161058357015, 0.0, 0.0, 0.0, 0.0, 0.0, 0.0, 0.0, 0.0, 0.0, 0.0, 0.0, 0.0, 0.0, 0.0, 0.0, 0.0, 0.0, 0.0, 0.0, 0.0, 0.0, 0.0, 0.0, 0.0], [0.0, 0.0, 0.0, 0.0, 0.0, 0.0, 1.116520177203793, 0.1176161058357015, 0.0, 1.0942089173833516, 0.0, 0.0, 0.0, 0.0, 0.0, 0.0, 0.0, 0.0, 0.0, 0.0, 0.0, 0.0, 0.0, 0.0, 0.0, 0.0, 0.0, 0.0, 0.0, 0.9226754514734314, 0.0, 0.0, 0.0], [0.0, 0.0, 0.0, 0.0, 0.0, 0.0, 0.0, 0.0, 1.0942089173833516, 0.0, 1.3606272860722133, 0.0, 0.0, 0.0, 0.0, 0.0, 1.3619058415712995, 0.0, 0.0, 0.0, 0.0, 0.0, 0.0, 0.0, 0.0, 0.0, 0.0, 0.0, 0.0, 0.0, 0.0, 0.0, 0.0], [0.0, 0.0, 0.0, 0.0, 0.0, 0.0, 0.0, 0.0, 0.0, 1.3606272860722133, 0.0, 1.4483988007938131, 0.0, 0.0, 0.0, 0.0, 0.0, 0.0, 0.0, 0.0, 0.0, 0.0, 0.0, 0.0, 0.0, 0.0, 0.0, 0.0, 0.0, 0.0, 0.9581299232943572, 0.0, 0.0], [0.0, 0.0, 0.0, 0.0, 0.0, 0.0, 0.0, 0.0, 0.0, 0.0, 1.4483988007938131, 0.0, 1.3925876031546025, 0.0, 0.0, 0.0, 0.10207867972500506, 0.0, 0.0, 0.0, 0.0, 0.0, 0.0, 0.0, 0.0, 0.0, 0.0, 0.0, 0.0, 0.0, 0.0, 0.965052832183784, 0.0], [0.0, 0.0, 0.0, 0.0, 0.0, 0.0, 0.0, 0.0, 0.0, 0.0, 0.0, 1.3925876031546025, 0.0, 0.9852541146166993, 1.3600439805267133, 0.0, 0.0, 0.0, 0.0, 0.0, 0.0, 0.0, 0.0, 0.0, 0.0, 0.0, 0.0, 0.0, 0.0, 0.0, 0.0, 0.0, 0.0], [0.0, 0.0, 0.0, 0.0, 0.0, 0.0, 0.0, 0.0, 0.0, 0.0, 0.0, 0.0, 0.9852541146166993, 0.0, 0.0, 0.0, 0.0, 0.0, 0.0, 0.0, 0.0, 0.0, 0.0, 0.0, 0.0, 0.0, 0.0, 0.0, 0.0, 0.0, 0.0, 0.0, 0.0], [0.0, 0.0, 0.0, 0.0, 0.0, 0.0, 0.0, 0.0, 0.0, 0.0, 0.0, 0.0, 1.3600439805267133, 0.0, 0.0, 0.9888410690730584, 1.4071030668253595, 0.0, 0.0, 0.0, 0.0, 0.0, 0.0, 0.0, 0.0, 0.0, 0.0, 0.0, 0.0, 0.0, 0.0, 0.0, 0.0], [0.0, 0.0, 0.0, 0.0, 0.0, 0.0, 0.0, 0.0, 0.0, 0.0, 0.0, 0.0, 0.0, 0.0, 0.9888410690730584, 0.0, 0.0, 0.0, 0.0, 0.0, 0.0, 0.0, 0.0, 0.0, 0.0, 0.0, 0.0, 0.0, 0.0, 0.0, 0.0, 0.0, 0.0], [0.0, 0.0, 0.0, 0.0, 0.0, 0.0, 0.0, 0.0, 0.0, 1.3619058415712995, 0.0, 0.10207867972500506, 0.0, 0.0, 1.4071030668253595, 0.0, 0.0, 0.0, 0.0, 0.0, 0.0, 0.0, 0.0, 0.0, 0.0, 0.0, 0.0, 0.0, 0.0, 0.0, 0.0, 0.0, 0.963489739216208], [0.9867237010297105, 0.0, 0.0, 0.0, 0.0, 0.0, 0.0, 0.0, 0.0, 0.0, 0.0, 0.0, 0.0, 0.0, 0.0, 0.0, 0.0, 0.0, 0.0, 0.0, 0.0, 0.0, 0.0, 0.0, 0.0, 0.0, 0.0, 0.0, 0.0, 0.0, 0.0, 0.0, 0.0], [0.9873128758726856, 0.0, 0.0, 0.0, 0.0, 0.0, 0.0, 0.0, 0.0, 0.0, 0.0, 0.0, 0.0, 0.0, 0.0, 0.0, 0.0, 0.0, 0.0, 0.0, 0.0, 0.0, 0.0, 0.0, 0.0, 0.0, 0.0, 0.0, 0.0, 0.0, 0.0, 0.0, 0.0], [0.9873500218312518, 0.0, 0.0, 0.0, 0.0, 0.0, 0.0, 0.0, 0.0, 0.0, 0.0, 0.0, 0.0, 0.0, 0.0, 0.0, 0.0, 0.0, 0.0, 0.0, 0.0, 0.0, 0.0, 0.0, 0.0, 0.0, 0.0, 0.0, 0.0, 0.0, 0.0, 0.0, 0.0], [0.0, 0.9752277183681592, 0.0, 0.0, 0.0, 0.0, 0.0, 0.0, 0.0, 0.0, 0.0, 0.0, 0.0, 0.0, 0.0, 0.0, 0.0, 0.0, 0.0, 0.0, 0.0, 0.0, 0.0, 0.0, 0.0, 0.0, 0.0, 0.0, 0.0, 0.0, 0.0, 0.0, 0.0], [0.0, 0.976802710468446, 0.0, 0.0, 0.0, 0.0, 0.0, 0.0, 0.0, 0.0, 0.0, 0.0, 0.0, 0.0, 0.0, 0.0, 0.0, 0.0, 0.0, 0.0, 0.0, 0.0, 0.0, 0.0, 0.0, 0.0, 0.0, 0.0, 0.0, 0.0, 0.0, 0.0, 0.0], [0.0, 0.0, 0.9734576303828939, 0.0, 0.0, 0.0, 0.0, 0.0, 0.0, 0.0, 0.0, 0.0, 0.0, 0.0, 0.0, 0.0, 0.0, 0.0, 0.0, 0.0, 0.0, 0.0, 0.0, 0.0, 0.0, 0.0, 0.0, 0.0, 0.0, 0.0, 0.0, 0.0, 0.0], [0.0, 0.0, 0.9728352956947575, 0.0, 0.0, 0.0, 0.0, 0.0, 0.0, 0.0, 0.0, 0.0, 0.0, 0.0, 0.0, 0.0, 0.0, 0.0, 0.0, 0.0, 0.0, 0.0, 0.0, 0.0, 0.0, 0.0, 0.0, 0.0, 0.0, 0.0, 0.0, 0.0, 0.0], [0.0, 0.0, 0.0, 0.9660117108934971, 0.0, 0.0, 0.0, 0.0, 0.0, 0.0, 0.0, 0.0, 0.0, 0.0, 0.0, 0.0, 0.0, 0.0, 0.0, 0.0, 0.0, 0.0, 0.0, 0.0, 0.0, 0.0, 0.0, 0.0, 0.0, 0.0, 0.0, 0.0, 0.0], [0.0, 0.0, 0.0, 0.9667867444084789, 0.0, 0.0, 0.0, 0.0, 0.0, 0.0, 0.0, 0.0, 0.0, 0.0, 0.0, 0.0, 0.0, 0.0, 0.0, 0.0, 0.0, 0.0, 0.0, 0.0, 0.0, 0.0, 0.0, 0.0, 0.0, 0.0, 0.0, 0.0, 0.0], [0.0, 0.0, 0.0, 0.0, 0.0, 0.9790514306028753, 0.0, 0.0, 0.0, 0.0, 0.0, 0.0, 0.0, 0.0, 0.0, 0.0, 0.0, 0.0, 0.0, 0.0, 0.0, 0.0, 0.0, 0.0, 0.0, 0.0, 0.0, 0.0, 0.0, 0.0, 0.0, 0.0, 0.0], [0.0, 0.0, 0.0, 0.0, 0.0, 0.9775412058648619, 0.0, 0.0, 0.0, 0.0, 0.0, 0.0, 0.0, 0.0, 0.0, 0.0, 0.0, 0.0, 0.0, 0.0, 0.0, 0.0, 0.0, 0.0, 0.0, 0.0, 0.0, 0.0, 0.0, 0.0, 0.0, 0.0, 0.0], [0.0, 0.0, 0.0, 0.0, 0.0, 0.9769227445130936, 0.0, 0.0, 0.0, 0.0, 0.0, 0.0, 0.0, 0.0, 0.0, 0.0, 0.0, 0.0, 0.0, 0.0, 0.0, 0.0, 0.0, 0.0, 0.0, 0.0, 0.0, 0.0, 0.0, 0.0, 0.0, 0.0, 0.0], [0.0, 0.0, 0.0, 0.0, 0.0, 0.0, 0.0, 0.0, 0.9226754514734314, 0.0, 0.0, 0.0, 0.0, 0.0, 0.0, 0.0, 0.0, 0.0, 0.0, 0.0, 0.0, 0.0, 0.0, 0.0, 0.0, 0.0, 0.0, 0.0, 0.0, 0.0, 0.0, 0.0, 0.0], [0.0, 0.0, 0.0, 0.0, 0.0, 0.0, 0.0, 0.0, 0.0, 0.0, 0.9581299232943572, 0.0, 0.0, 0.0, 0.0, 0.0, 0.0, 0.0, 0.0, 0.0, 0.0, 0.0, 0.0, 0.0, 0.0, 0.0, 0.0, 0.0, 0.0, 0.0, 0.0, 0.0, 0.0], [0.0, 0.0, 0.0, 0.0, 0.0, 0.0, 0.0, 0.0, 0.0, 0.0, 0.0, 0.965052832183784, 0.0, 0.0, 0.0, 0.0, 0.0, 0.0, 0.0, 0.0, 0.0, 0.0, 0.0, 0.0, 0.0, 0.0, 0.0, 0.0, 0.0, 0.0, 0.0, 0.0, 0.0], [0.0, 0.0, 0.0, 0.0, 0.0, 0.0, 0.0, 0.0, 0.0, 0.0, 0.0, 0.0, 0.0, 0.0, 0.0, 0.0, 0.963489739216208, 0.0, 0.0, 0.0, 0.0, 0.0, 0.0, 0.0, 0.0, 0.0, 0.0, 0.0, 0.0, 0.0, 0.0, 0.0, 0.0]], "Born radii": [], "Atomic SASAs": [], "Solvent H bonds": [], "Total SASA": NaN, "Total FOD": 0.0, "FOD": [0.0, 0.0, 0.0, 0.0, 0.0, 0.0, 0.0, 0.0, 0.0, 0.0, 0.0, 0.0, 0.0, 0.0, 0.0, 0.0, 0.0, 0.0, 0.0, 0.0, 0.0, 0.0, 0.0, 0.0, 0.0, 0.0, 0.0, 0.0, 0.0, 0.0, 0.0, 0.0, 0.0], "FOD s proportion": [0.0, 0.0, 0.0, 0.0, 0.0, 0.0, 0.0, 0.0, 0.0, 0.0, 0.0, 0.0, 0.0, 0.0, 0.0, 0.0, 0.0, 0.0, 0.0, 0.0, 0.0, 0.0, 0.0, 0.0, 0.0, 0.0, 0.0, 0.0, 0.0, 0.0, 0.0, 0.0, 0.0], "FOD p proportion": [0.0, 0.0, 0.0, 0.0, 0.0, 0.0, 0.0, 0.0, 0.0, 0.0, 0.0, 0.0, 0.0, 0.0, 0.0, 0.0, 0.0, 0.0, 0.0, 0.0, 0.0, 0.0, 0.0, 0.0, 0.0, 0.0, 0.0, 0.0, 0.0, 0.0, 0.0, 0.0, 0.0], "FOD d proportion": [0.0, 0.0, 0.0, 0.0, 0.0, 0.0, 0.0, 0.0, 0.0, 0.0, 0.0, 0.0, 0.0, 0.0, 0.0, 0.0, 0.0, 0.0, 0.0, 0.0, 0.0, 0.0, 0.0, 0.0, 0.0, 0.0, 0.0, 0.0, 0.0, 0.0, 0.0, 0.0, 0.0], "coordinates": [["-3.71920", "1.87130", "-0.32630"], ["-2.48940", "1.03150", "-0.01720"], ["-2.86630", "-0.27100", "0.69000"], ["-1.65260", "-1.13560", "1.04430"], ["-0.94350", "-1.65290", "-0.13220"], ["-1.53490", "-2.81820", "-0.77530"], ["0.39890", "-1.38900", "-0.42530"], ["1.06220", "-2.13970", "-1.13600"], ["0.87470", "-0.21860", "0.12410"], ["2.20370", "0.25100", "0.12510"], ["3.30460", "-0.53610", "-0.21830"], ["4.59870", "-0.00430", "-0.18040"], ["4.80560", "1.31950", "0.20890"], ["6.42790", "1.91060", "0.23480"], ["3.71060", "2.11120", "0.56460"], ["3.88110", "3.75710", "1.06530"], ["2.41700", "1.57590", "0.52510"], ["-3.42790", "2.79870", "-0.82930"], ["-4.40840", "1.33070", "-0.98290"], ["-4.25440", "2.13620", "0.59110"], ["-1.81000", "1.61470", "0.61490"], ["-1.96350", "0.81630", "-0.95400"], ["-3.40010", "-0.03180", "1.61810"], ["-3.56510", "-0.83720", "0.06380"], ["-1.98410", "-2.00260", "1.62940"], ["-0.97580", "-0.57930", "1.70030"], ["-2.60740", "-2.66280", "-0.91600"], ["-1.08310", "-3.00300", "-1.75440"], ["-1.37000", "-3.69180", "-0.13730"], ["0.16420", "0.45550", "0.35820"], ["3.19030", "-1.57550", "-0.51460"], ["5.43960", "-0.63660", "-0.45620"], ["1.57670", "2.20580", "0.80620"]], "bond_dist": [[0.0, 1.5209256687951584, 2.5198717010990856, 3.8975412159462786, 4.490230611004294, 5.192704280045225, 5.253389829433943, 6.293291749950894, 5.066997077165133, 6.157099841646228, 7.425698970467359, 8.527990535876551, 8.559388840332, 10.162677605336105, 7.486867359583713, 7.953449081373439, 6.20202334403862, 1.0945023755113557, 1.0947002146706653, 1.0946386664100627, 2.1440022481331495, 2.1423152849195657, 2.7393987990068185, 2.740784024690745, 4.673589167866598, 4.1998561261071785, 4.70551890231035, 5.7225250816400965, 6.041733463998557, 4.189728565193693, 7.723799413501103, 9.49684441590995, 5.425956441955647], [1.5209256687951584, 0.0, 1.529278163056022, 2.554082790357431, 3.0998443783519196, 4.0380658674667504, 3.7904673524514094, 4.891020899566878, 3.591640921640135, 4.759686665107273, 6.0056845546532, 7.165240923374454, 7.3041830624649595, 8.964070509539736, 6.32014583138712, 7.013128535824793, 4.966207970876773, 2.1594639381105676, 2.1690223903869694, 2.1692431813883855, 1.0960187087819255, 1.0956623978215185, 2.152716300398174, 2.1577143416124387, 3.4888941600455583, 2.7991905705042663, 3.8038950997628738, 4.612237394150479, 4.85561976064848, 2.741221282567316, 6.269198341893484, 8.114451282126229, 4.311628144912314], [2.5198717010990856, 1.529278163056022, 0.0, 1.531707981307142, 2.5065554631804976, 3.2261366818533896, 3.627030345889044, 4.717989819827931, 3.783922511098767, 5.128010921400227, 6.243019598719837, 7.520302523835062, 7.849789619473888, 9.557653437952226, 6.996157203065123, 7.867264229705267, 5.5992401725591305, 3.470839255857292, 2.7824646826150374, 2.780506187729134, 2.1627006704581193, 2.1679495220138314, 1.0970545519708674, 1.0959152886970784, 2.1585151748366287, 2.16558196104419, 2.8925719437898167, 4.0766061374628775, 3.824292303158847, 3.133978899099354, 6.311512098538669, 8.392580807475138, 5.088053623931257], [3.8975412159462786, 2.554082790357431, 1.531707981307142, 0.0, 1.4678468414654169, 2.481116726395596, 2.5362547131548125, 3.6238189717478995, 2.841637262213459, 4.199837840917194, 5.150474817917277, 6.469813093900009, 6.959436500895744, 8.67347133159498, 6.287744951093357, 7.38652759962352, 4.917666626561829, 4.705399402813751, 4.217417357815089, 4.2046912752305605, 2.78806549600256, 2.8106538936695853, 2.1450820800146553, 2.169810835072956, 1.0972343687653976, 1.0944697026414207, 2.6620967243885034, 3.412364971687525, 2.8302296302597076, 2.5105964749437533, 5.106599811028861, 7.266347231587546, 4.652958635105196], [4.490230611004294, 3.0998443783519196, 2.5065554631804976, 1.4678468414654169, 0.0, 1.4564531094408772, 1.3991385135146557, 2.295086309923877, 2.3299694032325835, 3.6872627164334246, 4.393291369804648, 5.78240313710485, 6.481023204710811, 8.195776913142524, 6.0261617850834375, 7.347031469239805, 4.706394902682944, 5.145379901426133, 4.650923721154756, 5.08355195803092, 3.462107800170295, 2.7951214427999367, 3.4243829896785787, 2.7525568204852737, 2.0756620654624878, 2.1240801538548397, 2.098285886146118, 2.1151338042781123, 2.0830365983342682, 2.4316336093252207, 4.152170873169841, 6.471615509283598, 4.703357129753172], [5.192704280045225, 4.0380658674667504, 3.2261366818533896, 2.481116726395596, 1.4564531094408772, 0.0, 2.4299578350251263, 2.7083934629222544, 3.656912998691656, 4.920146213274561, 5.379497156798207, 6.774436373603342, 7.6348641887069615, 9.316009622687172, 7.321856774070358, 8.715241502677937, 6.051170843729335, 5.9275568837422385, 5.051086142603391, 5.814534252199397, 4.653916464656408, 3.6640444729833725, 4.119630998038538, 2.958067249066525, 2.5786752587326696, 3.384355386185086, 1.092795452040317, 1.0940343184745165, 1.0942636656674662, 3.8586104688086875, 4.892829735439402, 7.314701198271876, 6.117497266856766], [5.253389829433943, 3.7904673524514094, 3.627030345889044, 2.5362547131548125, 1.3991385135146557, 2.4299578350251263, 0.0, 1.228255620789093, 1.3777017674373508, 2.4999686398033076, 3.035354987476753, 4.428960390430242, 5.211255777641316, 6.904486452300417, 4.919213244005591, 6.389831798255726, 3.710339577451099, 5.687217731896679, 5.551379931152254, 5.925648056542002, 3.8708486072178023, 3.2747222080658998, 4.522153955804689, 4.031996781992763, 3.205773861332081, 2.657741435881226, 3.301695415994637, 2.562777167449406, 2.9180197137785076, 2.017705773892715, 2.799048177506061, 5.096637819190216, 3.978239828114942], [6.293291749950894, 4.891020899566878, 4.717989819827931, 3.6238189717478995, 2.295086309923877, 2.7083934629222544, 1.228255620789093, 0.0, 2.3051319853752408, 2.9340828123964053, 2.9055230183221745, 4.240275553546019, 5.271419563077862, 6.861104810451449, 5.28925455333736, 6.896678123560647, 4.289571028669417, 6.681531071543407, 6.480322532868252, 7.037928017534707, 5.040902995495946, 4.233901332104942, 5.651586548041178, 4.954586923245973, 4.116573485315183, 3.8252960473667916, 3.7132193269452856, 2.3937455044344205, 3.0531971669055373, 3.1263558146826473, 2.287633976404442, 4.677934203256818, 4.7875067979064], [5.066997077165133, 3.591640921640135, 3.783922511098767, 2.841637262213459, 2.3299694032325835, 3.656912998691656, 1.3777017674373508, 2.3051319853752408, 0.0, 1.4095269277314286, 2.4743601233450234, 3.74256873550774, 4.221956591439566, 5.9484264616787526, 3.696530413779927, 5.072522931441513, 2.399941778460469, 5.340921045100742, 5.615774666063445, 5.663112117025408, 3.287778523562681, 3.20759985970819, 4.532200931115036, 4.483093361731384, 3.6907074565725204, 2.4574094449236576, 4.37960524020145, 3.8877533936709514, 4.143685109899158, 1.0069875222662892, 2.758825594342636, 4.6205826580638085, 2.614532418999619], [6.157099841646228, 4.759686665107273, 5.128010921400227, 4.199837840917194, 3.6872627164334246, 4.920146213274561, 2.4999686398033076, 2.9340828123964053, 1.4095269277314286, 0.0, 1.3962201760467439, 2.427866005363558, 2.8140004086709016, 4.539842716438533, 2.4339786153538823, 3.998797820595585, 1.4003060022723606, 6.2543243607923005, 6.790676144538185, 6.743751971269406, 4.2672437732100565, 4.341609924901131, 5.8061690709106974, 5.8708594234575235, 4.987915425305445, 3.6441560586780586, 5.72021003635356, 4.992403277981458, 5.327837956432234, 2.062938707281435, 2.172256407517308, 3.4054063281787688, 2.162930708552634], [7.425698970467359, 6.0056845546532, 6.243019598719837, 5.150474817917277, 4.393291369804648, 5.379497156798207, 3.035354987476753, 2.9055230183221745, 2.4743601233450234, 1.3962201760467439, 0.0, 1.3996222561820026, 2.4246138249214035, 3.993324854053324, 2.7903343348064946, 4.517914059607597, 2.408530946448478, 7.537955179622654, 7.972447829870071, 8.05821299358611, 5.610641321631602, 5.488453139091196, 6.96991287893902, 6.882079606485237, 5.79093819946302, 4.690918498545887, 6.321501576366173, 5.262804395947089, 5.6406461199050595, 3.3433119761697383, 1.0868351024879532, 2.15056310300349, 3.3990078361192406], [8.527990535876551, 7.165240923374454, 7.520302523835062, 6.469813093900009, 5.78240313710485, 6.774436373603342, 4.428960390430242, 4.240275553546019, 3.74256873550774, 2.427866005363558, 1.3996222561820026, 0.0, 1.3952808104464132, 2.680523398517536, 2.4122783545851423, 4.026766470755413, 2.78470414586541, 8.526675071210347, 9.140792179018185, 9.140805878586418, 6.657709724822793, 6.6584014718249, 8.19854620893241, 8.209810380879695, 7.113496662682847, 5.911235720219589, 7.715996813114946, 6.614569444037911, 7.016045435286177, 4.4906899525574016, 2.1363402444367328, 1.0876496402794424, 3.8717445124904617], [8.559388840332, 7.3041830624649595, 7.849789619473888, 6.959436500895744, 6.481023204710811, 7.6348641887069615, 5.211255777641316, 5.271419563077862, 4.221956591439566, 2.8140004086709016, 2.4246138249214035, 1.3952808104464132, 0.0, 1.7268257902869069, 1.3972603121823797, 2.744087274486728, 2.4230421704955947, 8.429496671213531, 9.290764698344265, 9.104761157218789, 6.6346169746263435, 6.886672742333557, 8.434771414804317, 8.645289317888672, 7.691176421718592, 6.265325319566414, 8.489798719639941, 7.5640822860410495, 7.960591528900349, 4.723492399697495, 3.3931801219504982, 2.1611666340196907, 3.401189525739488], [10.162677605336105, 8.964070509539736, 9.557653437952226, 8.67347133159498, 8.195776913142524, 9.316009622687172, 6.904486452300417, 6.861104810451449, 5.9484264616787526, 4.539842716438533, 3.993324854053324, 2.680523398517536, 1.7268257902869069, 0.0, 2.7445815145482566, 3.2535338848704187, 4.0352963943185145, 9.952779715235337, 10.919911858160763, 10.69062104557074, 8.251971232984273, 8.545544563689315, 10.113160764568118, 10.365312095638993, 9.381886132329681, 7.9474565711301635, 10.192005410614732, 9.193231347029183, 9.608984784044567, 6.431677950581792, 4.816279407384917, 2.8182345058564593, 4.89364715115424], [7.486867359583713, 6.32014583138712, 6.996157203065123, 6.287744951093357, 6.0261617850834375, 7.321856774070358, 4.919213244005591, 5.28925455333736, 3.696530413779927, 2.4339786153538823, 2.7903343348064946, 2.4122783545851423, 1.3972603121823797, 2.7445815145482566, 0.0, 1.7288023455560209, 1.400538217971934, 7.3057371777254625, 8.301933359163996, 7.9650833172039075, 5.5431098401529075, 6.014841874895798, 7.500957654859811, 7.86636343490434, 7.105403406563206, 5.521861072138632, 8.05607698324687, 7.383248765279414, 7.744673587053234, 3.9192979486127357, 3.8764857306586338, 3.403215902642676, 2.14961599593974], [7.953449081373439, 7.013128535824793, 7.867264229705267, 7.38652759962352, 7.347031469239805, 8.715241502677937, 6.389831798255726, 6.896678123560647, 5.072522931441513, 3.998797820595585, 4.517914059607597, 4.026766470755413, 2.744087274486728, 3.2535338848704187, 1.7288023455560209, 0.0, 2.681984021205197, 7.611144507891044, 8.876843495860452, 8.308943536936571, 6.097651771788875, 6.847278750715499, 8.226616831359049, 8.806616216231975, 8.239716253609709, 6.541946772177224, 9.34030502446253, 8.848329884221089, 9.19273676224877, 5.021543445993473, 5.60445460415195, 4.9039253858516245, 2.7899684335131822], [6.20202334403862, 4.966207970876773, 5.5992401725591305, 4.917666626561829, 4.706394902682944, 6.051170843729335, 3.710339577451099, 4.289571028669417, 2.399941778460469, 1.4003060022723606, 2.408530946448478, 2.78470414586541, 2.4230421704955947, 4.0352963943185145, 1.400538217971934, 2.681984021205197, 0.0, 6.123111562759575, 6.994302838739541, 6.695212472356647, 4.22813179548604, 4.6854572050121215, 6.133351506313657, 6.466944387421312, 5.7788253088322366, 4.187728969262457, 6.729631658567949, 6.197833933722329, 6.521411354147199, 2.521558964212417, 3.407387700277149, 3.872236653408467, 1.0871500862346466], [1.0945023755113557, 2.1594639381105676, 3.470839255857292, 4.705399402813751, 5.145379901426133, 5.9275568837422385, 5.687217731896679, 6.681531071543407, 5.340921045100742, 6.2543243607923005, 7.537955179622654, 8.526675071210347, 8.429496671213531, 9.952779715235337, 7.3057371777254625, 7.611144507891044, 6.123111562759575, 0.0, 1.7720037274227165, 1.7718760283947634, 2.4708642313975897, 2.4677777878082945, 3.7419606959453757, 3.746494396098839, 5.584106537307468, 4.880835437709409, 5.52346986866046, 6.325631979494223, 6.84400516218391, 4.450160098243658, 7.939347137517039, 9.516987230736415, 5.298340477923253], [1.0947002146706653, 2.1690223903869694, 2.7824646826150374, 4.217417357815089, 4.650923721154756, 5.051086142603391, 5.551379931152254, 6.480322532868252, 5.615774666063445, 6.790676144538185, 7.972447829870071, 9.140792179018185, 9.290764698344265, 10.919911858160763, 8.301933359163996, 8.876843495860452, 6.994302838739541, 1.7720037274227165, 0.0, 1.7748302031462049, 3.0635442546175176, 2.498595321375593, 3.104557317879636, 2.550789326855513, 4.879777727519975, 4.757142524667513, 4.381337565173449, 5.516682701587976, 5.930634044518343, 4.844914344960085, 8.148959750790283, 10.056380371684437, 6.3077809751131975], [1.0946386664100627, 2.1692431813883855, 2.780506187729134, 4.2046912752305605, 5.08355195803092, 5.814534252199397, 5.925648056542002, 7.037928017534707, 5.663112117025408, 6.743751971269406, 8.05821299358611, 9.140805878586418, 9.104761157218789, 10.69062104557074, 7.9650833172039075, 8.308943536936571, 6.695212472356647, 1.7718760283947634, 1.7748302031462049, 0.0, 2.4995239646780747, 3.0623018842041034, 2.5465234124193716, 3.097464663236693, 4.8334247092511955, 4.3992593524364985, 5.292859379390312, 6.478417289739833, 6.543387037307208, 4.733182952305985, 8.391832187907479, 10.137006122618256, 5.8354810752841955], [2.1440022481331495, 1.0960187087819255, 2.1627006704581193, 2.78806549600256, 3.462107800170295, 4.653916464656408, 3.8708486072178023, 5.040902995495946, 3.287778523562681, 4.2672437732100565, 5.610641321631602, 6.657709724822793, 6.6346169746263435, 8.251971232984273, 5.5431098401529075, 6.097651771788875, 4.22813179548604, 2.4708642313975897, 3.0635442546175176, 2.4995239646780747, 0.0, 1.767046128430155, 2.4991579581931194, 3.0652733695381884, 3.760901534206925, 2.5860430777541197, 4.612646509326289, 5.240717449929924, 5.377578180742703, 2.303715514120613, 6.037892544588716, 7.6663098724223255, 3.443215327277689], [2.1423152849195657, 1.0956623978215185, 2.1679495220138314, 2.8106538936695853, 2.7951214427999367, 3.6640444729833725, 3.2747222080658998, 4.233901332104942, 3.20759985970819, 4.341609924901131, 5.488453139091196, 6.6584014718249, 6.886672742333557, 8.545544563689315, 6.014841874895798, 6.847278750715499, 4.6854572050121215, 2.4677777878082945, 2.498595321375593, 3.0623018842041034, 1.767046128430155, 0.0, 3.0657448654446116, 2.5169627827999363, 3.823686327354795, 3.1573025100550627, 3.5383877712879346, 4.000349585973706, 4.619762629183453, 2.5256984717103506, 5.698722140971607, 7.560728328673105, 4.190707616858996], [2.7393987990068185, 2.152716300398174, 1.0970545519708674, 2.1450820800146553, 3.4243829896785787, 4.119630998038538, 4.522153955804689, 5.651586548041178, 4.532200931115036, 5.8061690709106974, 6.96991287893902, 8.19854620893241, 8.434771414804317, 10.113160764568118, 7.500957654859811, 8.226616831359049, 6.133351506313657, 3.7419606959453757, 3.104557317879636, 2.5465234124193716, 2.4991579581931194, 3.0657448654446116, 0.0, 1.7583351927320343, 2.4267748824314137, 2.4867134093015224, 3.7379402215658826, 5.056705912943722, 4.53853888052091, 3.811698281606245, 7.096815563335433, 9.09993404481593, 5.516753901525788], [2.740784024690745, 2.1577143416124387, 1.0959152886970784, 2.169810835072956, 2.7525568204852737, 2.958067249066525, 4.031996781992763, 4.954586923245973, 4.483093361731384, 5.8708594234575235, 6.882079606485237, 8.209810380879695, 8.645289317888672, 10.365312095638993, 7.86636343490434, 8.806616216231975, 6.466944387421312, 3.746494396098839, 2.550789326855513, 3.097464663236693, 3.0652733695381884, 2.5169627827999363, 1.7583351927320343, 0.0, 2.511736753722412, 3.0739419561859003, 2.2825452218959428, 3.7625609470146792, 3.606611481709667, 3.957956940139698, 6.8201952032181605, 9.021932301342101, 6.020723710651404], [4.673589167866598, 3.4888941600455583, 2.1585151748366287, 1.0972343687653976, 2.0756620654624878, 2.5786752587326696, 3.205773861332081, 4.116573485315183, 3.6907074565725204, 4.987915425305445, 5.79093819946302, 7.113496662682847, 7.691176421718592, 9.381886132329681, 7.105403406563206, 8.239716253609709, 5.7788253088322366, 5.584106537307468, 4.879777727519975, 4.8334247092511955, 3.760901534206925, 3.823686327354795, 2.4267748824314137, 2.511736753722412, 0.0, 1.745702892819967, 2.70248553927676, 3.6417995002470964, 2.5202667200119913, 3.5033409682758543, 5.617256071250447, 7.831156048119587, 5.573830410050166], [4.1998561261071785, 2.7991905705042663, 2.16558196104419, 1.0944697026414207, 2.1240801538548397, 3.384355386185086, 2.657741435881226, 3.8252960473667916, 2.4574094449236576, 3.6441560586780586, 4.690918498545887, 5.911235720219589, 6.265325319566414, 7.9474565711301635, 5.521861072138632, 6.541946772177224, 4.187728969262457, 4.880835437709409, 4.757142524667513, 4.3992593524364985, 2.5860430777541197, 3.1573025100550627, 2.4867134093015224, 3.0739419561859003, 1.745702892819967, 0.0, 3.7213057520176975, 4.221467407193854, 3.6359075414537156, 2.042460146490012, 4.822300867843067, 6.7683921798311895, 3.8821969385903135], [4.70551890231035, 3.8038950997628738, 2.8925719437898167, 2.6620967243885034, 2.098285886146118, 1.092795452040317, 3.301695415994637, 3.7132193269452856, 4.37960524020145, 5.72021003635356, 6.321501576366173, 7.715996813114946, 8.489798719639941, 10.192005410614732, 8.05607698324687, 9.34030502446253, 6.729631658567949, 5.52346986866046, 4.381337565173449, 5.292859379390312, 4.612646509326289, 3.5383877712879346, 3.7379402215658826, 2.2825452218959428, 2.70248553927676, 3.7213057520176975, 0.0, 1.7726085552089612, 1.7878404431044739, 4.362241062802467, 5.91241647213726, 8.310903168729618, 6.646497695027058], [5.7225250816400965, 4.612237394150479, 4.0766061374628775, 3.412364971687525, 2.1151338042781123, 1.0940343184745165, 2.562777167449406, 2.3937455044344205, 3.8877533936709514, 4.992403277981458, 5.262804395947089, 6.614569444037911, 7.5640822860410495, 9.193231347029183, 7.383248765279414, 8.848329884221089, 6.197833933722329, 6.325631979494223, 5.516682701587976, 6.478417289739833, 5.240717449929924, 4.000349585973706, 5.056705912943722, 3.7625609470146792, 3.6417995002470964, 4.221467407193854, 1.7726085552089612, 0.0, 1.780946226027052, 4.240289883958407, 4.672987037217202, 7.059092540121571, 6.384575619412773], [6.041733463998557, 4.85561976064848, 3.824292303158847, 2.8302296302597076, 2.0830365983342682, 1.0942636656674662, 2.9180197137785076, 3.0531971669055373, 4.143685109899158, 5.327837956432234, 5.6406461199050595, 7.016045435286177, 7.960591528900349, 9.608984784044567, 7.744673587053234, 9.19273676224877, 6.521411354147199, 6.84400516218391, 5.930634044518343, 6.543387037307208, 5.377578180742703, 4.619762629183453, 4.53853888052091, 3.606611481709667, 2.5202667200119913, 3.6359075414537156, 1.7878404431044739, 1.780946226027052, 0.0, 4.449650231197953, 5.041568909575669, 7.470381276079555, 6.659948866170071], [4.189728565193693, 2.741221282567316, 3.133978899099354, 2.5105964749437533, 2.4316336093252207, 3.8586104688086875, 2.017705773892715, 3.1263558146826473, 1.0069875222662892, 2.062938707281435, 3.3433119761697383, 4.4906899525574016, 4.723492399697495, 6.431677950581792, 3.9192979486127357, 5.021543445993473, 2.521558964212417, 4.450160098243658, 4.844914344960085, 4.733182952305985, 2.303715514120613, 2.5256984717103506, 3.811698281606245, 3.957956940139698, 3.5033409682758543, 2.042460146490012, 4.362241062802467, 4.240289883958407, 4.449650231197953, 0.0, 3.7475354634746285, 5.4484653738461075, 2.29334043264405], [7.723799413501103, 6.269198341893484, 6.311512098538669, 5.106599811028861, 4.152170873169841, 4.892829735439402, 2.799048177506061, 2.287633976404442, 2.758825594342636, 2.172256407517308, 1.0868351024879532, 2.1363402444367328, 3.3931801219504982, 4.816279407384917, 3.8764857306586338, 5.60445460415195, 3.407387700277149, 7.939347137517039, 8.148959750790283, 8.391832187907479, 6.037892544588716, 5.698722140971607, 7.096815563335433, 6.8201952032181605, 5.617256071250447, 4.822300867843067, 5.91241647213726, 4.672987037217202, 5.041568909575669, 3.7475354634746285, 0.0, 2.43809234033496, 4.3181532267857285], [9.49684441590995, 8.114451282126229, 8.392580807475138, 7.266347231587546, 6.471615509283598, 7.314701198271876, 5.096637819190216, 4.677934203256818, 4.6205826580638085, 3.4054063281787688, 2.15056310300349, 1.0876496402794424, 2.1611666340196907, 2.8182345058564593, 3.403215902642676, 4.9039253858516245, 3.872236653408467, 9.516987230736415, 10.056380371684437, 10.137006122618256, 7.6663098724223255, 7.560728328673105, 9.09993404481593, 9.021932301342101, 7.831156048119587, 6.7683921798311895, 8.310903168729618, 7.059092540121571, 7.470381276079555, 5.4484653738461075, 2.43809234033496, 0.0, 4.959323333883364], [5.425956441955647, 4.311628144912314, 5.088053623931257, 4.652958635105196, 4.703357129753172, 6.117497266856766, 3.978239828114942, 4.7875067979064, 2.614532418999619, 2.162930708552634, 3.3990078361192406, 3.8717445124904617, 3.401189525739488, 4.89364715115424, 2.14961599593974, 2.7899684335131822, 1.0871500862346466, 5.298340477923253, 6.3077809751131975, 5.8354810752841955, 3.443215327277689, 4.190707616858996, 5.516753901525788, 6.020723710651404, 5.573830410050166, 3.8821969385903135, 6.646497695027058, 6.384575619412773, 6.659948866170071, 2.29334043264405, 4.3181532267857285, 4.959323333883364, 0.0]]}