{"total energy": -71.15672899, "HOMO-LUMO gap/eV": 2.10272552, "electronic energy": -72.01876729, "dipole": [-1.0235927, -2.28187791, -0.91556018], "partial charges": [-0.11224402, 0.0437078, -0.06959251, -0.00454021, -0.03872667, -0.03882612, -0.03446632, -0.05154627, 0.04603632, -0.06714267, -0.12042763, 0.26681559, -0.39205658, -0.01062082, -0.03036157, -0.03585324, 0.09991654, -0.11741012, -0.09456138, -0.0151896, 1.13998374, -0.45475112, -0.56931549, -0.57341677, 0.0407778, 0.05877098, 0.05244404, 0.02093596, 0.04497339, 0.05968087, 0.03527687, 0.03336476, 0.03520674, 0.027859, 0.16274779, 0.06308332, 0.07969508, 0.10696532, 0.2074279, 0.20537929], "atomic dipole moments": [[-0.02180561, -0.0010922, -0.12467604], [0.01550768, 0.13423234, -0.03105929], [0.09514056, 0.01130354, -0.01508372], [0.00579932, -0.04120109, 0.08104555], [-0.00300162, -0.00394338, 0.00282064], [0.0026025, -0.00754864, 0.01167182], [0.00795134, -0.00314398, 0.00753062], [-0.00318341, -0.005157, 0.01551247], [0.08836401, -0.06333786, 0.11422921], [0.07821408, -0.20023691, -0.15980163], [-0.07262782, 0.09486722, 0.01332143], [-0.0443972, -0.01854512, -0.01315427], [0.0177913, -0.07514787, -0.17694521], [-0.03039161, 0.02315237, 0.03685457], [0.0105577, 0.01634101, 0.01507995], [0.04159507, 0.05603041, 0.0271545], [0.21918519, 0.01448924, -0.05988714], [0.04852202, 0.17844322, 0.03491841], [0.11899661, 0.09431129, 0.02082707], [0.05256326, -0.01940404, -0.03122173], [-0.01860084, -0.11515799, 0.00443199], [-0.00191928, 0.18830926, -0.03947688], [-0.07699941, -0.05350847, 0.16396195], [0.07991971, -0.10734561, -0.13630164], [-0.07472402, -0.08709986, 0.05328375], [-0.0230382, 0.11355399, 0.06235087], [0.12158754, -0.0316778, 0.03163131], [0.02746713, -0.11390111, -0.04945382], [-0.06102159, -0.11389328, -0.03207265], [-0.06521784, 0.07157387, 0.09416922], [-0.14682904, -0.04485428, 0.00744121], [-0.10105906, 0.04716342, -0.10254991], [0.04065684, 0.09737415, -0.10999767], [0.14071064, 0.05870768, -0.0046929], [0.01118401, -0.01847611, -0.14187404], [-0.10258169, -0.10654962, -0.03548821], [0.02463973, -0.11963992, -0.09472469], [-0.03462189, 0.12027758, 0.10323191], [-0.00257954, 0.05436268, 0.10736917], [0.09233827, 0.01585085, -0.07247814]], "atomic quadrupole moments": [[-0.11156686, 0.0079393, -0.1336665, 0.04483465, -0.03112242, 0.24523336], [0.05302063, 0.09790015, -0.08335813, 0.02589234, -0.21900776, 0.03033749], [0.11530543, -0.04327038, -0.12455098, 0.07494907, -0.20523922, 0.00924555], [-0.26687857, -0.07350013, 0.21612361, -0.14265877, 0.15457901, 0.05075497], [-0.23078348, -0.14756433, 0.23189109, -0.09639342, 0.34265667, -0.00110761], [-0.22836217, -0.14915515, 0.22011495, -0.10004194, 0.33763938, 0.00824722], [-0.22589618, -0.15915787, 0.21716319, -0.10907015, 0.34978781, 0.008733], [-0.19554792, -0.13919327, 0.19453509, -0.12395941, 0.31559113, 0.00101283], [-0.14903091, -0.19856729, 0.11105877, 0.03320588, 0.19653733, 0.03797214], [0.14082415, -0.02841618, -0.05862646, -0.05945642, -0.0607149, -0.08219769], [0.13666103, -0.04768732, -0.02353742, -0.04338445, -0.00612315, -0.11312361], [-0.21181411, -0.017655, 0.38752875, 0.00389837, -0.27300952, -0.17571464], [-0.12413626, -0.01119521, 0.16150232, -0.00840784, -0.1047319, -0.03736606], [-0.10262816, -0.1375495, -0.10275994, 0.05596997, -0.29193487, 0.2053881], [-0.20571211, -0.14436206, -0.03707125, 0.1579549, -0.35350337, 0.24278336], [-0.1861531, -0.09757461, -0.01392713, 0.15577451, -0.35557868, 0.20008023], [0.073668, -0.17790939, -0.17369708, -0.05619506, -0.31047087, 0.10002908], [0.30164299, -0.11889983, -0.19678132, -0.24070911, 0.0272636, -0.10486167], [-0.11004091, 0.18362396, 0.07536627, 0.25324486, -0.23421865, 0.03467464], [-0.17649426, -0.09814969, -0.03398526, 0.16591098, -0.4168846, 0.21047952], [0.20046196, -0.0345969, 0.02325569, 0.24573806, -0.03779801, -0.22371765], [0.07163695, -0.13989934, -0.03026548, 0.1301603, -0.09048969, -0.04137148], [-0.03298198, 0.03788418, -0.06373812, -0.08619889, -0.0759588, 0.0967201], [-0.03792293, -0.06412272, 0.00091382, -0.06219963, 0.1109318, 0.03700911], [0.00667886, 0.06331002, 0.01639402, -0.02190291, -0.03008054, -0.02307288], [-0.03938375, -0.02996998, 0.06029921, -0.00470163, 0.03231143, -0.02091546], [0.07006157, -0.03044273, -0.04191801, 0.01380491, 0.00081738, -0.02814356], [-0.00187946, -0.00975343, 0.00347682, -0.00662061, 0.01292435, -0.00159736], [0.00363898, 0.02857457, 0.03371107, 0.0070431, 0.01385446, -0.03735005], [-0.01223741, -0.02111751, -0.01307758, -0.01705954, 0.02718036, 0.02531498], [0.02353133, 0.01951341, -0.02608393, 0.0105049, -0.04284888, 0.0025526], [0.02769604, 0.02293855, -0.02844274, 0.01009565, -0.04636668, 0.0007467], [0.03345301, 0.01888861, -0.03184933, 0.01758658, -0.04252921, -0.00160368], [0.03021113, 0.01422696, -0.0286289, 0.01446505, -0.04180072, -0.00158223], [0.04161528, -0.00440733, -0.05125086, -0.00024801, 0.02841684, 0.00963558], [0.03547248, 0.01033724, -0.00699262, -0.02253764, 0.04311038, -0.02847986], [0.03385643, 0.01232599, -0.00648421, -0.02331154, 0.03790013, -0.02737222], [0.03849922, 0.0241023, -0.00615827, -0.0091857, 0.02891776, -0.03234095], [-0.03047521, -0.01090312, -0.06921124, 0.03784981, 0.01952474, 0.09968645], [0.0934999, -0.03489205, -0.07104533, -0.04549298, 0.00632934, -0.02245457]], "number of molecular orbitals": 122, "number of electrons": 126, "number of unpaired electrons": 0, "orbital energies/eV": [-29.11066074, -21.32270709, -19.31531603, -18.95260196, -18.79501401, -18.40574936, -18.34495119, -18.21790265, -17.95170862, -17.78653213, -17.66321337, -17.55818604, -17.20714527, -17.04063519, -17.00354012, -16.75156949, -16.68612175, -16.48154762, -16.3270184, -16.2194245, -15.96396222, -15.68745627, -15.56055354, -15.23932157, -15.18796888, -15.11621409, -15.02451253, -14.97384905, -14.72833739, -14.63328584, -14.46704595, -14.37157135, -14.23053531, -14.13422399, -14.04252211, -13.92045014, -13.89907248, -13.82116883, -13.51559918, -13.44843915, -13.40654859, -13.11753049, -13.03207315, -12.92885447, -12.88357798, -12.8413916, -12.75494588, -12.62033386, -12.4818518, -12.29553242, -12.23938177, -12.14435132, -12.03797434, -11.97932613, -11.79993721, -11.71468433, -11.69879646, -11.62194912, -11.55490036, -11.51595387, -11.10974754, -11.0317351, -10.04948935, -7.94676383, -7.63344942, -6.3099742, -6.27221246, -5.96625329, -4.53197223, -4.11313926, -3.36727913, -2.9662305, -2.55870753, -1.83166681, -1.57864534, -1.05255751, -0.1871788, 0.00588908, 0.01108315, 0.34757091, 0.50926393, 1.20368394, 1.5863387, 1.72555065, 2.28109073, 2.54161707, 2.70379071, 2.82830813, 3.08919802, 3.34237798, 3.56456415, 3.65608382, 3.89127266, 3.97418105, 4.05137247, 4.18784104, 4.46259796, 4.75401047, 4.78509363, 5.10083384, 5.51221221, 6.16518984, 6.22706208, 6.48993871, 6.93492005, 7.72811277, 8.73401907, 8.89288844, 9.56469721, 9.87249109, 10.61701051, 10.75081995, 11.79838479, 12.19767581, 13.95040325, 14.62317523, 15.79427288, 16.25532009, 16.93386547, 17.58636786, 26.56521997, 31.41072019], "fractional occupation": [2.0, 2.0, 2.0, 2.0, 2.0, 2.0, 2.0, 2.0, 2.0, 2.0, 2.0, 2.0, 2.0, 2.0, 2.0, 2.0, 2.0, 2.0, 2.0, 2.0, 2.0, 2.0, 2.0, 2.0, 2.0, 2.0, 2.0, 2.0, 2.0, 2.0, 2.0, 2.0, 2.0, 2.0, 2.0, 2.0, 2.0, 2.0, 2.0, 2.0, 2.0, 2.0, 2.0, 2.0, 2.0, 2.0, 2.0, 2.0, 2.0, 2.0, 2.0, 2.0, 2.0, 2.0, 2.0, 2.0, 2.0, 2.0, 2.0, 2.0, 2.0, 2.0, 2.0, 0.0, 0.0, 0.0, 0.0, 0.0, 0.0, 0.0, 0.0, 0.0, 0.0, 0.0, 0.0, 0.0, 0.0, 0.0, 0.0, 0.0, 0.0, 0.0, 0.0, 0.0, 0.0, 0.0, 0.0, 0.0, 0.0, 0.0, 0.0, 0.0, 0.0, 0.0, 0.0, 0.0, 0.0, 0.0, 0.0, 0.0, 0.0, 0.0, 0.0, 0.0, 0.0, 0.0, 0.0, 0.0, 0.0, 0.0, 0.0, 0.0, 0.0, 0.0, 0.0, 0.0, 0.0, 0.0, 0.0, 0.0, 0.0, 0.0], "program call": "xtb /home/svss/Project-DBcg-Debug/aqme2_20220329/End-to-End-workflows-final/example-3/QDESCP/mol_344_rdkit_conf_8/mol_344_rdkit_conf_8.xyz --pop --wbo --acc 0.2 --gfn 2 --chrg 0 --uhf 0 --etemp 300 --input /home/svss/Project-DBcg-Debug/aqme2_20220329/End-to-End-workflows-final/example-3/QDESCP/mol_344_rdkit_conf_8/mol_344_rdkit_conf_8_xtb.inp", "method": "GFN2-xTB", "xtb version": "6.3.3 (7355c4f)", "Dipole module/D": 6.769, "Total charge": 0, "Transition dipole module/D": NaN, "HOMO": -10.0495, "LUMO": -7.9468, "HOMO occupancy": 2.0, "LUMO occupancy": 0, "mulliken charges": [-0.09341, 0.11109, -0.0596, -0.02059, -0.03605, -0.04029, -0.02891, -0.06365, 0.11008, -0.16148, -0.22452, 0.46582, -0.52872, -0.03941, -0.02243, -0.04412, 0.11409, -0.05242, 0.04757, 0.0105, 0.52364, -0.3945, -0.39888, -0.40224, 0.02659, 0.04454, 0.04807, 0.01937, 0.0355, 0.04674, 0.03308, 0.03123, 0.03255, 0.03414, 0.21783, 0.03964, 0.05012, 0.09294, 0.24105, 0.23503], "cm5 charges": [-0.23452, 0.10497, -0.1544, -0.02562, -0.08877, -0.09526, -0.08376, -0.11111, 0.17019, -0.33668, -0.50764, 0.56713, -0.56927, -0.03987, -0.07339, -0.0955, 0.11214, -0.05145, 0.06127, -0.03454, 0.63807, -0.82118, -0.44642, -0.45319, 0.07848, 0.09914, 0.10413, 0.09005, 0.0911, 0.10392, 0.08918, 0.08651, 0.08786, 0.09423, 0.42295, 0.09902, 0.10659, 0.15782, 0.43199, 0.42584], "FUKUI+": [0.008, 0.003, 0.006, -0.019, -0.013, -0.015, -0.014, -0.007, -0.003, -0.003, -0.031, -0.027, -0.088, -0.045, -0.042, -0.014, -0.05, -0.116, -0.031, -0.011, -0.048, 0.002, -0.025, -0.027, -0.019, -0.009, 0.003, -0.008, -0.022, -0.021, -0.03, -0.031, -0.026, -0.006, -0.021, -0.057, -0.055, -0.043, -0.024, -0.02], "FUKUI-": [0.012, 0.009, 0.012, -0.032, -0.013, -0.036, -0.022, -0.016, -0.013, -0.095, -0.016, -0.007, -0.05, -0.002, -0.004, -0.008, -0.006, -0.08, -0.005, -0.004, -0.031, -0.024, -0.026, -0.026, -0.031, -0.019, -0.019, -0.051, -0.05, -0.049, -0.045, -0.051, -0.046, -0.034, -0.032, -0.012, -0.022, -0.013, -0.024, -0.021], "FUKUIrad": [0.01, 0.006, 0.009, -0.025, -0.013, -0.026, -0.018, -0.011, -0.008, -0.049, -0.023, -0.017, -0.069, -0.023, -0.023, -0.011, -0.028, -0.098, -0.018, -0.008, -0.04, -0.011, -0.026, -0.026, -0.025, -0.014, -0.008, -0.03, -0.036, -0.035, -0.037, -0.041, -0.036, -0.02, -0.027, -0.034, -0.039, -0.028, -0.024, -0.021], "s proportion": [1.013, 1.048, 1.033, 1.082, 1.057, 1.058, 1.061, 1.055, 1.057, 1.474, 1.415, 0.992, 1.728, 1.093, 1.069, 1.066, 1.086, 1.945, 1.08, 1.076, 1.704, 1.463, 1.722, 1.721, 0.973, 0.955, 0.952, 0.981, 0.965, 0.953, 0.967, 0.969, 0.967, 0.966, 0.782, 0.96, 0.95, 0.907, 0.759, 0.765], "p proportion": [3.08, 2.841, 3.026, 2.938, 2.98, 2.982, 2.968, 3.009, 2.833, 3.687, 3.81, 2.542, 4.801, 2.947, 2.954, 2.979, 2.8, 5.119, 2.872, 2.913, 2.807, 3.931, 4.677, 4.681, 0.0, 0.0, 0.0, 0.0, 0.0, 0.0, 0.0, 0.0, 0.0, 0.0, 0.0, 0.0, 0.0, 0.0, 0.0, 0.0], "d proportion": [0.0, 0.0, 0.0, 0.0, 0.0, 0.0, 0.0, 0.0, 0.0, 0.0, 0.0, 0.0, 0.0, 0.0, 0.0, 0.0, 0.0, -0.011, 0.0, 0.0, 0.966, 0.0, 0.0, 0.0, 0.0, 0.0, 0.0, 0.0, 0.0, 0.0, 0.0, 0.0, 0.0, 0.0, 0.0, 0.0, 0.0, 0.0, 0.0, 0.0], "Fermi-level/eV": -8.9981, "Coordination numbers": [3.751, 3.873, 3.832, 3.019, 2.908, 2.916, 2.913, 2.911, 2.996, 2.818, 2.765, 2.757, 0.858, 2.967, 2.911, 2.963, 2.907, 0.968, 2.976, 2.963, 3.701, 2.632, 0.86, 0.86, 0.924, 0.924, 0.924, 0.923, 0.924, 0.924, 0.925, 0.925, 0.925, 0.925, 0.86, 0.925, 0.925, 0.924, 0.863, 0.863], "Dispersion coefficient C6": [22.71, 19.797, 21.806, 28.114, 28.962, 28.965, 28.858, 29.28, 26.956, 22.538, 23.617, 22.496, 21.523, 28.278, 28.758, 28.889, 25.786, 102.817, 30.371, 28.388, 102.727, 31.944, 25.375, 25.473, 2.439, 2.214, 2.29, 2.719, 2.384, 2.203, 2.513, 2.539, 2.514, 2.617, 1.318, 2.163, 1.982, 1.723, 1.068, 1.079], "Total dispersion C6": 24207.473577, "Total dispersion C8": 635326.155233, "Polarizability alpha": [6.796, 6.327, 6.644, 8.697, 8.825, 8.825, 8.809, 8.873, 8.517, 7.051, 7.218, 7.767, 6.22, 8.723, 8.793, 8.816, 8.326, 15.513, 9.04, 8.739, 17.059, 8.394, 6.754, 6.767, 2.442, 2.327, 2.366, 2.579, 2.414, 2.321, 2.479, 2.492, 2.479, 2.53, 1.798, 2.3, 2.202, 2.053, 1.619, 1.627], "Total polarizability alpha": 243.520085, "Wiberg matrix": [[0.0, 1.0123585162128776, 0.0, 0.0, 0.0, 0.0, 0.0, 0.0, 0.0, 0.0, 0.0, 0.0, 0.0, 0.0, 0.0, 0.0, 0.0, 0.0, 0.0, 0.0, 0.0, 0.0, 0.0, 0.0, 0.9835796298038276, 0.9835201890427352, 0.983558039151998, 0.0, 0.0, 0.0, 0.0, 0.0, 0.0, 0.0, 0.0, 0.0, 0.0, 0.0, 0.0, 0.0], [1.0123585162128776, 0.0, 0.9867535865254414, 0.0, 0.0, 0.0, 0.0, 0.0, 0.0, 0.9513467972729737, 0.0, 0.0, 0.0, 0.0, 0.0, 0.0, 0.0, 0.0, 0.0, 0.0, 0.0, 0.0, 0.0, 0.0, 0.0, 0.0, 0.0, 0.9662001379077678, 0.0, 0.0, 0.0, 0.0, 0.0, 0.0, 0.0, 0.0, 0.0, 0.0, 0.0, 0.0], [0.0, 0.9867535865254414, 0.0, 1.0129199586880162, 0.0, 0.0, 0.0, 0.0, 0.0, 0.0, 0.0, 0.0, 0.0, 0.0, 0.0, 0.0, 0.0, 0.0, 0.0, 0.0, 0.0, 0.0, 0.0, 0.0, 0.0, 0.0, 0.0, 0.0, 0.9706780038554039, 0.9580194801857203, 0.0, 0.0, 0.0, 0.0, 0.0, 0.0, 0.0, 0.0, 0.0, 0.0], [0.0, 0.0, 1.0129199586880162, 0.0, 1.4419909675967328, 0.0, 0.10690916897575917, 0.0, 1.3303381336506064, 0.0, 0.0, 0.0, 0.0, 0.0, 0.0, 0.0, 0.0, 0.0, 0.0, 0.0, 0.0, 0.0, 0.0, 0.0, 0.0, 0.0, 0.0, 0.0, 0.0, 0.0, 0.0, 0.0, 0.0, 0.0, 0.0, 0.0, 0.0, 0.0, 0.0, 0.0], [0.0, 0.0, 0.0, 1.4419909675967328, 0.0, 1.4213166744351344, 0.0, 0.10009779045224709, 0.0, 0.0, 0.0, 0.0, 0.0, 0.0, 0.0, 0.0, 0.0, 0.0, 0.0, 0.0, 0.0, 0.0, 0.0, 0.0, 0.0, 0.0, 0.0, 0.0, 0.0, 0.0, 0.9692749199079153, 0.0, 0.0, 0.0, 0.0, 0.0, 0.0, 0.0, 0.0, 0.0], [0.0, 0.0, 0.0, 0.0, 1.4213166744351344, 0.0, 1.4411748179382333, 0.0, 0.0, 0.0, 0.0, 0.0, 0.0, 0.0, 0.0, 0.0, 0.0, 0.0, 0.0, 0.0, 0.0, 0.0, 0.0, 0.0, 0.0, 0.0, 0.0, 0.0, 0.0, 0.0, 0.0, 0.9716937900226601, 0.0, 0.0, 0.0, 0.0, 0.0, 0.0, 0.0, 0.0], [0.0, 0.0, 0.0, 0.10690916897575917, 0.0, 1.4411748179382333, 0.0, 1.4317350135830875, 0.0, 0.0, 0.0, 0.0, 0.0, 0.0, 0.0, 0.0, 0.0, 0.0, 0.0, 0.0, 0.0, 0.0, 0.0, 0.0, 0.0, 0.0, 0.0, 0.0, 0.0, 0.0, 0.0, 0.0, 0.9717941489825298, 0.0, 0.0, 0.0, 0.0, 0.0, 0.0, 0.0], [0.0, 0.0, 0.0, 0.0, 0.10009779045224709, 0.0, 1.4317350135830875, 0.0, 1.392442091816412, 0.0, 0.0, 0.0, 0.0, 0.0, 0.0, 0.0, 0.0, 0.0, 0.0, 0.0, 0.0, 0.0, 0.0, 0.0, 0.0, 0.0, 0.0, 0.0, 0.0, 0.0, 0.0, 0.0, 0.0, 0.9685432946128117, 0.0, 0.0, 0.0, 0.0, 0.0, 0.0], [0.0, 0.0, 0.0, 1.3303381336506064, 0.0, 0.0, 0.0, 1.392442091816412, 0.0, 1.064084825017589, 0.0, 0.0, 0.0, 0.0, 0.0, 0.0, 0.0, 0.0, 0.0, 0.0, 0.0, 0.0, 0.0, 0.0, 0.0, 0.0, 0.0, 0.0, 0.0, 0.0, 0.0, 0.0, 0.0, 0.0, 0.0, 0.0, 0.0, 0.0, 0.0, 0.0], [0.0, 0.9513467972729737, 0.0, 0.0, 0.0, 0.0, 0.0, 0.0, 1.064084825017589, 0.0, 0.9968574537306202, 0.0, 0.0, 0.0, 0.0, 0.0, 0.0, 0.0, 0.0, 0.0, 0.0, 0.0, 0.0, 0.0, 0.0, 0.0, 0.0, 0.0, 0.0, 0.0, 0.0, 0.0, 0.0, 0.0, 0.0, 0.0, 0.0, 0.0, 0.0, 0.0], [0.0, 0.0, 0.0, 0.0, 0.0, 0.0, 0.0, 0.0, 0.0, 0.9968574537306202, 0.0, 1.1879720269737513, 0.19368790919333417, 0.0, 0.0, 0.0, 0.0, 0.0, 0.0, 0.0, 0.0, 0.0, 0.0, 0.0, 0.0, 0.0, 0.0, 0.0, 0.0, 0.0, 0.0, 0.0, 0.0, 0.0, 0.9326052477659017, 0.0, 0.0, 0.0, 0.0, 0.0], [0.0, 0.0, 0.0, 0.0, 0.0, 0.0, 0.0, 0.0, 0.0, 0.0, 1.1879720269737513, 0.0, 1.7057104807955488, 0.9886806137759218, 0.0, 0.0, 0.0, 0.0, 0.0, 0.0, 0.0, 0.0, 0.0, 0.0, 0.0, 0.0, 0.0, 0.0, 0.0, 0.0, 0.0, 0.0, 0.0, 0.0, 0.0, 0.0, 0.0, 0.0, 0.0, 0.0], [0.0, 0.0, 0.0, 0.0, 0.0, 0.0, 0.0, 0.0, 0.0, 0.0, 0.19368790919333417, 1.7057104807955488, 0.0, 0.0, 0.0, 0.0, 0.0, 0.0, 0.0, 0.0, 0.0, 0.0, 0.0, 0.0, 0.0, 0.0, 0.0, 0.0, 0.0, 0.0, 0.0, 0.0, 0.0, 0.0, 0.0, 0.0, 0.0, 0.0, 0.0, 0.0], [0.0, 0.0, 0.0, 0.0, 0.0, 0.0, 0.0, 0.0, 0.0, 0.0, 0.0, 0.9886806137759218, 0.0, 0.0, 1.3864186349384737, 0.0, 0.0, 0.0, 0.0, 1.3965645228487706, 0.0, 0.0, 0.0, 0.0, 0.0, 0.0, 0.0, 0.0, 0.0, 0.0, 0.0, 0.0, 0.0, 0.0, 0.0, 0.0, 0.0, 0.0, 0.0, 0.0], [0.0, 0.0, 0.0, 0.0, 0.0, 0.0, 0.0, 0.0, 0.0, 0.0, 0.0, 0.0, 0.0, 1.3864186349384737, 0.0, 1.4526543219726256, 0.0, 0.0, 0.0, 0.0, 0.0, 0.0, 0.0, 0.0, 0.0, 0.0, 0.0, 0.0, 0.0, 0.0, 0.0, 0.0, 0.0, 0.0, 0.0, 0.9644697506372343, 0.0, 0.0, 0.0, 0.0], [0.0, 0.0, 0.0, 0.0, 0.0, 0.0, 0.0, 0.0, 0.0, 0.0, 0.0, 0.0, 0.0, 0.0, 1.4526543219726256, 0.0, 1.3849683737207845, 0.0, 0.0, 0.1078375284744724, 0.0, 0.0, 0.0, 0.0, 0.0, 0.0, 0.0, 0.0, 0.0, 0.0, 0.0, 0.0, 0.0, 0.0, 0.0, 0.0, 0.9640314952061855, 0.0, 0.0, 0.0], [0.0, 0.0, 0.0, 0.0, 0.0, 0.0, 0.0, 0.0, 0.0, 0.0, 0.0, 0.0, 0.0, 0.0, 0.0, 1.3849683737207845, 0.0, 1.010241134004191, 1.3831449746883424, 0.0, 0.0, 0.0, 0.0, 0.0, 0.0, 0.0, 0.0, 0.0, 0.0, 0.0, 0.0, 0.0, 0.0, 0.0, 0.0, 0.0, 0.0, 0.0, 0.0, 0.0], [0.0, 0.0, 0.0, 0.0, 0.0, 0.0, 0.0, 0.0, 0.0, 0.0, 0.0, 0.0, 0.0, 0.0, 0.0, 0.0, 1.010241134004191, 0.0, 0.0, 0.0, 0.0, 0.0, 0.0, 0.0, 0.0, 0.0, 0.0, 0.0, 0.0, 0.0, 0.0, 0.0, 0.0, 0.0, 0.0, 0.0, 0.0, 0.0, 0.0, 0.0], [0.0, 0.0, 0.0, 0.0, 0.0, 0.0, 0.0, 0.0, 0.0, 0.0, 0.0, 0.0, 0.0, 0.0, 0.0, 0.0, 1.3831449746883424, 0.0, 0.0, 1.4169199796554002, 0.7650666722162591, 0.0, 0.0, 0.0, 0.0, 0.0, 0.0, 0.0, 0.0, 0.0, 0.0, 0.0, 0.0, 0.0, 0.0, 0.0, 0.0, 0.0, 0.0, 0.0], [0.0, 0.0, 0.0, 0.0, 0.0, 0.0, 0.0, 0.0, 0.0, 0.0, 0.0, 0.0, 0.0, 1.3965645228487706, 0.0, 0.1078375284744724, 0.0, 0.0, 1.4169199796554002, 0.0, 0.0, 0.0, 0.0, 0.0, 0.0, 0.0, 0.0, 0.0, 0.0, 0.0, 0.0, 0.0, 0.0, 0.0, 0.0, 0.0, 0.0, 0.9537879853846296, 0.0, 0.0], [0.0, 0.0, 0.0, 0.0, 0.0, 0.0, 0.0, 0.0, 0.0, 0.0, 0.0, 0.0, 0.0, 0.0, 0.0, 0.0, 0.0, 0.0, 0.7650666722162591, 0.0, 0.0, 0.9485721348425392, 1.6074297977426673, 1.608381823557525, 0.0, 0.0, 0.0, 0.0, 0.0, 0.0, 0.0, 0.0, 0.0, 0.0, 0.0, 0.0, 0.0, 0.0, 0.0, 0.0], [0.0, 0.0, 0.0, 0.0, 0.0, 0.0, 0.0, 0.0, 0.0, 0.0, 0.0, 0.0, 0.0, 0.0, 0.0, 0.0, 0.0, 0.0, 0.0, 0.0, 0.9485721348425392, 0.0, 0.0, 0.0, 0.0, 0.0, 0.0, 0.0, 0.0, 0.0, 0.0, 0.0, 0.0, 0.0, 0.0, 0.0, 0.0, 0.0, 0.9389442825857527, 0.9395526976660503], [0.0, 0.0, 0.0, 0.0, 0.0, 0.0, 0.0, 0.0, 0.0, 0.0, 0.0, 0.0, 0.0, 0.0, 0.0, 0.0, 0.0, 0.0, 0.0, 0.0, 1.6074297977426673, 0.0, 0.0, 0.11500284974505798, 0.0, 0.0, 0.0, 0.0, 0.0, 0.0, 0.0, 0.0, 0.0, 0.0, 0.0, 0.0, 0.0, 0.0, 0.0, 0.0], [0.0, 0.0, 0.0, 0.0, 0.0, 0.0, 0.0, 0.0, 0.0, 0.0, 0.0, 0.0, 0.0, 0.0, 0.0, 0.0, 0.0, 0.0, 0.0, 0.0, 1.608381823557525, 0.0, 0.11500284974505798, 0.0, 0.0, 0.0, 0.0, 0.0, 0.0, 0.0, 0.0, 0.0, 0.0, 0.0, 0.0, 0.0, 0.0, 0.0, 0.0, 0.0], [0.9835796298038276, 0.0, 0.0, 0.0, 0.0, 0.0, 0.0, 0.0, 0.0, 0.0, 0.0, 0.0, 0.0, 0.0, 0.0, 0.0, 0.0, 0.0, 0.0, 0.0, 0.0, 0.0, 0.0, 0.0, 0.0, 0.0, 0.0, 0.0, 0.0, 0.0, 0.0, 0.0, 0.0, 0.0, 0.0, 0.0, 0.0, 0.0, 0.0, 0.0], [0.9835201890427352, 0.0, 0.0, 0.0, 0.0, 0.0, 0.0, 0.0, 0.0, 0.0, 0.0, 0.0, 0.0, 0.0, 0.0, 0.0, 0.0, 0.0, 0.0, 0.0, 0.0, 0.0, 0.0, 0.0, 0.0, 0.0, 0.0, 0.0, 0.0, 0.0, 0.0, 0.0, 0.0, 0.0, 0.0, 0.0, 0.0, 0.0, 0.0, 0.0], [0.983558039151998, 0.0, 0.0, 0.0, 0.0, 0.0, 0.0, 0.0, 0.0, 0.0, 0.0, 0.0, 0.0, 0.0, 0.0, 0.0, 0.0, 0.0, 0.0, 0.0, 0.0, 0.0, 0.0, 0.0, 0.0, 0.0, 0.0, 0.0, 0.0, 0.0, 0.0, 0.0, 0.0, 0.0, 0.0, 0.0, 0.0, 0.0, 0.0, 0.0], [0.0, 0.9662001379077678, 0.0, 0.0, 0.0, 0.0, 0.0, 0.0, 0.0, 0.0, 0.0, 0.0, 0.0, 0.0, 0.0, 0.0, 0.0, 0.0, 0.0, 0.0, 0.0, 0.0, 0.0, 0.0, 0.0, 0.0, 0.0, 0.0, 0.0, 0.0, 0.0, 0.0, 0.0, 0.0, 0.0, 0.0, 0.0, 0.0, 0.0, 0.0], [0.0, 0.0, 0.9706780038554039, 0.0, 0.0, 0.0, 0.0, 0.0, 0.0, 0.0, 0.0, 0.0, 0.0, 0.0, 0.0, 0.0, 0.0, 0.0, 0.0, 0.0, 0.0, 0.0, 0.0, 0.0, 0.0, 0.0, 0.0, 0.0, 0.0, 0.0, 0.0, 0.0, 0.0, 0.0, 0.0, 0.0, 0.0, 0.0, 0.0, 0.0], [0.0, 0.0, 0.9580194801857203, 0.0, 0.0, 0.0, 0.0, 0.0, 0.0, 0.0, 0.0, 0.0, 0.0, 0.0, 0.0, 0.0, 0.0, 0.0, 0.0, 0.0, 0.0, 0.0, 0.0, 0.0, 0.0, 0.0, 0.0, 0.0, 0.0, 0.0, 0.0, 0.0, 0.0, 0.0, 0.0, 0.0, 0.0, 0.0, 0.0, 0.0], [0.0, 0.0, 0.0, 0.0, 0.9692749199079153, 0.0, 0.0, 0.0, 0.0, 0.0, 0.0, 0.0, 0.0, 0.0, 0.0, 0.0, 0.0, 0.0, 0.0, 0.0, 0.0, 0.0, 0.0, 0.0, 0.0, 0.0, 0.0, 0.0, 0.0, 0.0, 0.0, 0.0, 0.0, 0.0, 0.0, 0.0, 0.0, 0.0, 0.0, 0.0], [0.0, 0.0, 0.0, 0.0, 0.0, 0.9716937900226601, 0.0, 0.0, 0.0, 0.0, 0.0, 0.0, 0.0, 0.0, 0.0, 0.0, 0.0, 0.0, 0.0, 0.0, 0.0, 0.0, 0.0, 0.0, 0.0, 0.0, 0.0, 0.0, 0.0, 0.0, 0.0, 0.0, 0.0, 0.0, 0.0, 0.0, 0.0, 0.0, 0.0, 0.0], [0.0, 0.0, 0.0, 0.0, 0.0, 0.0, 0.9717941489825298, 0.0, 0.0, 0.0, 0.0, 0.0, 0.0, 0.0, 0.0, 0.0, 0.0, 0.0, 0.0, 0.0, 0.0, 0.0, 0.0, 0.0, 0.0, 0.0, 0.0, 0.0, 0.0, 0.0, 0.0, 0.0, 0.0, 0.0, 0.0, 0.0, 0.0, 0.0, 0.0, 0.0], [0.0, 0.0, 0.0, 0.0, 0.0, 0.0, 0.0, 0.9685432946128117, 0.0, 0.0, 0.0, 0.0, 0.0, 0.0, 0.0, 0.0, 0.0, 0.0, 0.0, 0.0, 0.0, 0.0, 0.0, 0.0, 0.0, 0.0, 0.0, 0.0, 0.0, 0.0, 0.0, 0.0, 0.0, 0.0, 0.0, 0.0, 0.0, 0.0, 0.0, 0.0], [0.0, 0.0, 0.0, 0.0, 0.0, 0.0, 0.0, 0.0, 0.0, 0.0, 0.9326052477659017, 0.0, 0.0, 0.0, 0.0, 0.0, 0.0, 0.0, 0.0, 0.0, 0.0, 0.0, 0.0, 0.0, 0.0, 0.0, 0.0, 0.0, 0.0, 0.0, 0.0, 0.0, 0.0, 0.0, 0.0, 0.0, 0.0, 0.0, 0.0, 0.0], [0.0, 0.0, 0.0, 0.0, 0.0, 0.0, 0.0, 0.0, 0.0, 0.0, 0.0, 0.0, 0.0, 0.0, 0.9644697506372343, 0.0, 0.0, 0.0, 0.0, 0.0, 0.0, 0.0, 0.0, 0.0, 0.0, 0.0, 0.0, 0.0, 0.0, 0.0, 0.0, 0.0, 0.0, 0.0, 0.0, 0.0, 0.0, 0.0, 0.0, 0.0], [0.0, 0.0, 0.0, 0.0, 0.0, 0.0, 0.0, 0.0, 0.0, 0.0, 0.0, 0.0, 0.0, 0.0, 0.0, 0.9640314952061855, 0.0, 0.0, 0.0, 0.0, 0.0, 0.0, 0.0, 0.0, 0.0, 0.0, 0.0, 0.0, 0.0, 0.0, 0.0, 0.0, 0.0, 0.0, 0.0, 0.0, 0.0, 0.0, 0.0, 0.0], [0.0, 0.0, 0.0, 0.0, 0.0, 0.0, 0.0, 0.0, 0.0, 0.0, 0.0, 0.0, 0.0, 0.0, 0.0, 0.0, 0.0, 0.0, 0.0, 0.9537879853846296, 0.0, 0.0, 0.0, 0.0, 0.0, 0.0, 0.0, 0.0, 0.0, 0.0, 0.0, 0.0, 0.0, 0.0, 0.0, 0.0, 0.0, 0.0, 0.0, 0.0], [0.0, 0.0, 0.0, 0.0, 0.0, 0.0, 0.0, 0.0, 0.0, 0.0, 0.0, 0.0, 0.0, 0.0, 0.0, 0.0, 0.0, 0.0, 0.0, 0.0, 0.0, 0.9389442825857527, 0.0, 0.0, 0.0, 0.0, 0.0, 0.0, 0.0, 0.0, 0.0, 0.0, 0.0, 0.0, 0.0, 0.0, 0.0, 0.0, 0.0, 0.0], [0.0, 0.0, 0.0, 0.0, 0.0, 0.0, 0.0, 0.0, 0.0, 0.0, 0.0, 0.0, 0.0, 0.0, 0.0, 0.0, 0.0, 0.0, 0.0, 0.0, 0.0, 0.9395526976660503, 0.0, 0.0, 0.0, 0.0, 0.0, 0.0, 0.0, 0.0, 0.0, 0.0, 0.0, 0.0, 0.0, 0.0, 0.0, 0.0, 0.0, 0.0]], "Born radii": [], "Atomic SASAs": [], "Solvent H bonds": [], "Total SASA": NaN, "Total FOD": 0.0, "FOD": [0.0, 0.0, 0.0, 0.0, 0.0, 0.0, 0.0, 0.0, 0.0, 0.0, 0.0, 0.0, 0.0, 0.0, 0.0, 0.0, 0.0, 0.0, 0.0, 0.0, 0.0, 0.0, 0.0, 0.0, 0.0, 0.0, 0.0, 0.0, 0.0, 0.0, 0.0, 0.0, 0.0, 0.0, 0.0, 0.0, 0.0, 0.0, 0.0, 0.0], "FOD s proportion": [0.0, 0.0, 0.0, 0.0, 0.0, 0.0, 0.0, 0.0, 0.0, 0.0, 0.0, 0.0, 0.0, 0.0, 0.0, 0.0, 0.0, 0.0, 0.0, 0.0, 0.0, 0.0, 0.0, 0.0, 0.0, 0.0, 0.0, 0.0, 0.0, 0.0, 0.0, 0.0, 0.0, 0.0, 0.0, 0.0, 0.0, 0.0, 0.0, 0.0], "FOD p proportion": [0.0, 0.0, 0.0, 0.0, 0.0, 0.0, 0.0, 0.0, 0.0, 0.0, 0.0, 0.0, 0.0, 0.0, 0.0, 0.0, 0.0, 0.0, 0.0, 0.0, 0.0, 0.0, 0.0, 0.0, 0.0, 0.0, 0.0, 0.0, 0.0, 0.0, 0.0, 0.0, 0.0, 0.0, 0.0, 0.0, 0.0, 0.0, 0.0, 0.0], "FOD d proportion": [0.0, 0.0, 0.0, 0.0, 0.0, 0.0, 0.0, 0.0, 0.0, 0.0, 0.0, 0.0, 0.0, 0.0, 0.0, 0.0, 0.0, 0.0, 0.0, 0.0, 0.0, 0.0, 0.0, 0.0, 0.0, 0.0, 0.0, 0.0, 0.0, 0.0, 0.0, 0.0, 0.0, 0.0, 0.0, 0.0, 0.0, 0.0, 0.0, 0.0], "coordinates": [["-2.54830", "-1.29010", "2.51510"], ["-2.74080", "-1.21120", "1.00710"], ["-4.21160", "-0.91100", "0.63230"], ["-4.02890", "-0.04880", "-0.56950"], ["-4.97400", "0.34990", "-1.50040"], ["-4.56880", "1.20940", "-2.52250"], ["-3.24340", "1.66570", "-2.58730"], ["-2.30420", "1.26090", "-1.63390"], ["-2.70400", "0.38910", "-0.63170"], ["-1.90750", "-0.12340", "0.43000"], ["-0.61240", "-0.49790", "0.02880"], ["0.45060", "-0.08830", "0.81730"], ["0.36660", "0.41370", "1.93280"], ["1.79900", "-0.28040", "0.21540"], ["2.07460", "-1.33860", "-0.65690"], ["3.35950", "-1.48690", "-1.18830"], ["4.38190", "-0.58870", "-0.85380"], ["5.92850", "-0.88620", "-1.56090"], ["4.10890", "0.46060", "0.02690"], ["2.82020", "0.61270", "0.56410"], ["5.34340", "1.63910", "0.47260"], ["6.48360", "0.71130", "1.28170"], ["5.97130", "2.14800", "-0.72250"], ["4.80830", "2.52430", "1.48180"], ["-3.20620", "-2.04900", "2.95090"], ["-2.76570", "-0.33010", "2.99600"], ["-1.51600", "-1.55730", "2.76360"], ["-2.45350", "-2.17210", "0.55530"], ["-4.75820", "-1.83160", "0.40730"], ["-4.73360", "-0.35180", "1.41630"], ["-6.00380", "0.01410", "-1.43530"], ["-5.28930", "1.54310", "-3.26560"], ["-2.94900", "2.35360", "-3.37630"], ["-1.29090", "1.64600", "-1.66700"], ["-0.49700", "-0.68200", "-0.96170"], ["1.31480", "-2.07350", "-0.91060"], ["3.56200", "-2.31900", "-1.86090"], ["2.59960", "1.42810", "1.25400"], ["6.57060", "1.03540", "2.24600"], ["7.36380", "0.71300", "0.76410"]], "bond_dist": [[0.0, 1.5222829763220764, 2.5407124079674976, 3.6397471354477364, 4.969694230030656, 5.97556141797572, 5.937541865957662, 4.876616327947073, 3.570196825106425, 2.473753330467692, 3.2491502489112443, 3.6496916705387594, 3.4261712946086043, 5.020670420372163, 5.606704973511626, 6.975385483254671, 7.73751389077913, 9.414512703799383, 7.319453638762936, 6.020617999009735, 8.66204062447181, 9.33285032184702, 9.740953214649993, 8.350863417036589, 1.0948439432174797, 1.0955033409351156, 1.0948933190041847, 2.151215256546866, 3.1015642988659775, 2.619790911504199, 5.40805677207627, 6.996899008132102, 6.938710553121523, 5.262290221947095, 4.082371313342283, 5.222324928611776, 7.585761484518215, 5.9564971971788925, 9.414600483822985, 10.262949723154646], [1.5222829763220764, 0.0, 1.5472064244954515, 2.3443640779537636, 3.702940952810347, 4.653919264447977, 4.63129266296139, 3.6437314623885224, 2.2908469547309354, 1.4868564624737657, 2.448663786639562, 3.388504450343839, 3.6267278999119856, 4.701378688214766, 5.096391264414459, 6.489179589131434, 7.388051864327971, 9.047486473601383, 7.118574110733133, 5.869206182270308, 8.588608151499287, 9.426609505543336, 9.496126958397303, 8.43612536357776, 2.1672250552261523, 2.175472461328803, 2.169150179217658, 1.0999969727231071, 2.1942103272020215, 2.2084530422900097, 4.256036518875279, 5.68656188131282, 5.653790042086812, 4.173321538055749, 3.031643864308603, 4.568262901804142, 7.012697960129183, 5.962108373721498, 9.658377437748019, 10.289049314684036], [2.5407124079674976, 1.5472064244954515, 0.0, 1.4903326373665713, 2.592205983327714, 3.8179118690718883, 4.235872789638518, 3.673007869580461, 2.3581377758731565, 2.4433820536297635, 3.6727516251442864, 4.73784435476726, 4.940247522138947, 6.05795133110196, 6.431266503574549, 7.80818803436495, 8.72700479832571, 10.37460212682877, 8.454496789874606, 7.195312652692723, 9.890729957894917, 10.83701438081541, 10.718414829162006, 9.689248286115905, 2.7716022658383004, 2.8311039030738527, 3.4966273378786017, 2.1649983418007506, 1.094029670530009, 1.0953742009012264, 2.8883837366250353, 4.730504043968254, 5.321714562056105, 4.5117089866258, 4.048645472253652, 5.854318373645219, 8.284163639137025, 7.228440021194061, 11.074670987889437, 11.689509502113422], [3.6397471354477364, 2.3443640779537636, 1.4903326373665713, 0.0, 1.3851897018098278, 2.385113886169799, 2.761890175224207, 2.4130585446689854, 1.3967767394970465, 2.346253049012404, 3.497445632172143, 4.689423710862561, 5.078959715335415, 5.8850764633945065, 6.2389049559998915, 7.552449907811373, 8.432904312275813, 10.041609805205537, 8.175510391406766, 6.973722249989599, 9.579926205874447, 10.701277947049126, 10.239791954917834, 9.429993591726348, 4.1316886971309925, 3.793098229679796, 4.438445028385504, 2.873232167785959, 2.159720484229383, 2.128805470210935, 2.1572658760570054, 3.375160585809214, 3.8491344494574364, 3.4019843165423325, 3.6095817887949293, 5.724586359729408, 8.027657492070771, 7.0315999680015935, 11.020523133681085, 11.495757543111287], [4.969694230030656, 3.702940952810347, 2.592205983327714, 1.3851897018098278, 0.0, 1.3955700269065685, 2.4305673432349084, 2.8241061045930977, 2.4308591752711632, 3.6542960060728524, 4.699018199581696, 5.915237754308782, 6.349247281371233, 7.015324420866079, 7.296936786076745, 8.539230814306405, 9.425069035821435, 10.97251610661839, 9.21107877449759, 8.067265815008204, 10.583170999279941, 11.796070876779266, 11.119257354248079, 10.455377826267208, 5.356669650071768, 5.055353780894073, 5.8117873188890865, 4.115738905713044, 2.90599917068123, 3.009537163751263, 1.0851210485471192, 2.1538503592404, 3.410929418794825, 3.9080502018269936, 4.625856061314489, 6.7653334758901575, 8.950769992576058, 8.130722696046153, 12.156611878726736, 12.549147807719855], [5.97556141797572, 4.653919264447977, 3.8179118690718883, 2.385113886169799, 1.3955700269065685, 0.0, 1.4032440593139888, 2.433243795841264, 2.7794776073931593, 4.192389507190381, 5.007704657824781, 6.1670629711395035, 6.696343012421034, 7.089744515142983, 7.35578214196152, 8.479862276004251, 9.28077334008325, 10.747535587752198, 9.07538534113015, 8.02997331564682, 10.363733638993237, 11.699384044042661, 10.733810039776184, 10.280728812200039, 6.5139816456603565, 6.006252751091981, 6.702019840316797, 5.038044182021432, 4.226970711987487, 4.240123809513113, 2.161011552491101, 1.0875079539939003, 2.1591480078957077, 3.4157178191413884, 4.753214264053326, 6.927654940887285, 8.888038577774065, 8.10529089545835, 12.118378629585726, 12.386892075092929], [5.937541865957662, 4.63129266296139, 4.235872789638518, 2.761890175224207, 2.4305673432349084, 1.4032440593139888, 0.0, 1.3981885566689494, 2.3968794880010136, 3.753612514631738, 4.295032615708523, 5.321038729421165, 5.918691410269672, 6.088368439902434, 6.405730766274836, 7.4494547565576905, 8.13833777254299, 9.575460311650819, 7.8957344775517875, 6.914287810035101, 9.115746256341277, 10.5116397084375, 9.413861504186261, 9.062264709221422, 6.6687359499383385, 5.94850013196604, 6.481031597670234, 5.0228065471407515, 4.846994480087635, 4.724385171638739, 3.416825239897411, 2.1588951943065693, 1.0873816119467905, 2.1586098373721914, 3.961941898867271, 6.129447509360039, 7.919530302360109, 6.996619787440218, 10.957767244288409, 11.164775460796335], [4.876616327947073, 3.6437314623885224, 3.673007869580461, 2.4130585446689854, 2.8241061045930977, 2.433243795841264, 1.3981885566689494, 0.0, 1.3871842415483242, 2.5166129201766405, 2.9529876345829824, 3.926530926912457, 4.535666364493755, 4.757285614717703, 5.185153680461168, 6.310821015525634, 6.980939004174152, 8.508390958342241, 6.672824614808934, 5.6134519326346775, 7.94142073246343, 9.275139479274692, 8.372663651431367, 7.8671101619336685, 5.726205816245169, 4.917340466146309, 5.282188630671949, 4.074355915970032, 4.444341311150619, 4.219775549718254, 3.9090909889640586, 3.4136349746274863, 2.1553927925090592, 1.0845157951823476, 2.7372769479904657, 4.9737860076605624, 6.876010140335745, 5.693432768550095, 9.688475076089118, 9.976012350132692], [3.570196825106425, 2.2908469547309354, 2.3581377758731565, 1.3967767394970465, 2.4308591752711632, 2.7794776073931593, 2.3968794880010136, 1.3871842415483242, 0.0, 1.4227703222937989, 2.3659712191825157, 3.5041422516787186, 4.000731154426651, 4.630639012058703, 5.081397474120679, 6.371437185596355, 7.156493558999408, 8.77552613693333, 6.84503269678093, 5.656564349496964, 8.218432043279302, 9.390255915575464, 8.85227676589475, 8.090773299258855, 4.362517531196866, 3.6988191115543887, 4.089972988908362, 2.833983890215327, 3.198557038728558, 2.9769973076910903, 3.416881326590082, 3.8669007357313943, 3.3840972814031223, 2.156036945416288, 2.4752786126010142, 4.7215397287325676, 6.935956621115793, 5.723946055825475, 9.732269321180954, 10.169255906407312], [2.473753330467692, 1.4868564624737657, 2.4433820536297635, 2.346253049012404, 3.6542960060728524, 4.192389507190381, 3.753612514631738, 2.5166129201766405, 1.4227703222937989, 0.0, 1.4065900966521838, 2.3899516543227395, 2.778203567055517, 3.7160253510975947, 4.302927266408299, 5.6762061396675865, 6.435930304936497, 8.120864649161442, 6.058103215528769, 4.786540850133841, 7.462155976659829, 8.475415989200766, 8.280277993521715, 7.295105768253124, 3.4277534712986575, 2.7135932138034247, 2.766772563836789, 2.1239086091449413, 3.323394803510411, 3.0019652662880696, 4.503101601118945, 5.279323143169019, 4.659202822372085, 2.81218436806693, 2.0587309440526704, 3.997913913530405, 6.323314986618965, 4.837362779449149, 8.747505533007681, 9.314944522647465], [3.2491502489112443, 2.448663786639562, 3.6727516251442864, 3.497445632172143, 4.699018199581696, 5.007704657824781, 4.295032615708523, 2.9529876345829824, 2.3659712191825157, 1.4065900966521838, 0.0, 1.3854506162256381, 2.326944683485192, 2.428368952609961, 2.8977456720699286, 4.270297767135215, 5.0725003587974244, 6.742499224323278, 4.817613470381367, 3.647289570352209, 6.3431286507527185, 7.3065134674480685, 7.13514850511186, 6.374079567278715, 4.2038527638346235, 3.670031821387929, 3.0688682539333616, 2.5435795839721624, 4.371461492453068, 4.350952872647554, 5.610073686681843, 6.07389051350121, 5.018511514383523, 2.816452928774064, 1.0140513892303487, 2.6606554756300187, 4.930820079865011, 3.940499338916326, 7.672188327328781, 8.101031498519186], [3.6496916705387594, 3.388504450343839, 4.73784435476726, 4.689423710862561, 5.915237754308782, 6.1670629711395035, 5.321038729421165, 3.926530926912457, 3.5041422516787186, 2.3899516543227395, 1.3854506162256381, 0.0, 1.2261322318575594, 1.4890831340123356, 2.524656754887682, 3.8000279643707886, 4.300941183043544, 6.024937183075024, 3.782747977330766, 2.4840522136219274, 5.200213523500742, 6.103451197478358, 6.152247574667327, 5.124137810402839, 4.665702486228628, 3.8922726805813594, 3.1326602512880326, 3.583945207449467, 5.508066115253157, 5.225338543099384, 6.836956331584984, 7.2303520232420215, 5.92506850002597, 3.4946194685544807, 2.1012535425312198, 2.7701081368784144, 4.672214431080834, 2.6661539434173713, 6.38422159546487, 6.959687217828113], [3.4261712946086043, 3.6267278999119856, 4.940247522138947, 5.078959715335415, 6.349247281371233, 6.696343012421034, 5.918691410269672, 4.535666364493755, 4.000731154426651, 2.778203567055517, 2.326944683485192, 1.2261322318575594, 0.0, 2.3415822278963425, 3.5629152922852376, 4.723451701880734, 4.989246376959149, 6.695551606103861, 4.199936155467128, 2.816574808166827, 5.329383401482764, 6.158748734117995, 6.439804086305732, 4.938292442737672, 4.457164876914472, 3.3904182588583374, 2.849430188651759, 4.066550368555639, 5.799318699640502, 5.1831267146385684, 7.217047452386606, 7.764541952362676, 6.5530876829171145, 4.150232473006783, 3.213175018575863, 3.894890324514928, 5.663072499977376, 2.5448115450854116, 6.242933695787582, 7.100439987775406], [5.020670420372163, 4.701378688214766, 6.05795133110196, 5.8850764633945065, 7.015324420866079, 7.089744515142983, 6.088368439902434, 4.757285614717703, 4.630639012058703, 3.7160253510975947, 2.428368952609961, 1.4890831340123356, 2.3415822278963425, 0.0, 1.3988030204428359, 2.420986614998109, 2.8124028765452507, 4.535967987100438, 2.433156645183372, 1.4007386408605995, 4.038985448104511, 4.905705019668426, 4.917811531565641, 4.304183725167874, 5.971845045712422, 5.3451559883692825, 4.371844216117496, 4.66667088511714, 6.7409138022971336, 6.642448458964511, 7.980929054940909, 8.104721472080334, 6.510128177693585, 4.0990155805998105, 2.6112186752549085, 2.171988317187733, 3.402217019826924, 2.153746171209597, 5.350031080283553, 5.679341008426946], [5.606704973511626, 5.096391264414459, 6.431266503574549, 6.2389049559998915, 7.296936786076745, 7.35578214196152, 6.405730766274836, 5.185153680461168, 5.081397474120679, 4.302927266408299, 2.8977456720699286, 2.524656754887682, 3.5629152922852376, 1.3988030204428359, 0.0, 1.398337176792493, 2.4340815331455103, 3.9842724517783665, 2.800549869222114, 2.4195726998790508, 4.563717890054116, 5.234457084550412, 5.229240270823287, 5.193183011410247, 6.4348844309746545, 6.147296539943392, 4.96387533082772, 4.761075582260799, 6.9327286460671464, 7.184950919804533, 8.227773113668121, 8.326856176853303, 6.801766988070085, 4.610285177730332, 2.6715450885208734, 1.0870776145243726, 2.150153231748844, 3.4032032998338493, 5.854632388972001, 5.848413477174814], [6.975385483254671, 6.489179589131434, 7.80818803436495, 7.552449907811373, 8.539230814306405, 8.479862276004251, 7.4494547565576905, 6.310821015525634, 6.371437185596355, 5.6762061396675865, 4.270297767135215, 3.8000279643707886, 4.723451701880734, 2.420986614998109, 1.398337176792493, 0.0, 1.4014118773579733, 2.664475980375878, 2.4147603711341628, 2.7874846026480578, 4.057871858499231, 4.548954171015575, 4.500107430939844, 5.031717489088591, 7.781860287874616, 7.507637962102328, 6.276381921138961, 6.10742245141107, 8.280205959998822, 8.57733413013624, 9.486063297806947, 9.396691797116684, 7.702853789343273, 5.627649265901351, 3.9461124945951553, 2.145230742833973, 1.0889386667760492, 3.8780797181079194, 5.335501568737469, 4.968485107152884], [7.73751389077913, 7.388051864327971, 8.72700479832571, 8.432904312275813, 9.425069035821435, 9.28077334008325, 8.13833777254299, 6.980939004174152, 7.156493558999408, 6.435930304936497, 5.0725003587974244, 4.300941183043544, 4.989246376959149, 2.8124028765452507, 2.4340815331455103, 1.4014118773579733, 0.0, 1.7264032611183284, 1.3968507364783112, 2.427490321298934, 2.765305055504727, 3.2661143795035716, 3.1674846392682, 3.9150495935556173, 8.613215415279011, 8.122562388803178, 6.986343330383928, 7.156494360369468, 9.310026940347703, 9.396904589810415, 10.419418149781686, 10.192814131534037, 8.29229946094568, 6.151084308477652, 4.880984788953967, 3.4080727236959016, 2.1634288779620188, 3.4186102980597246, 4.1275741713505285, 3.6336965902507607], [9.414512703799383, 9.047486473601383, 10.37460212682877, 10.041609805205537, 10.97251610661839, 10.747535587752198, 9.575460311650819, 8.508390958342241, 8.77552613693333, 8.120864649161442, 6.742499224323278, 6.024937183075024, 6.695551606103861, 4.535967987100438, 3.9842724517783665, 2.664475980375878, 1.7264032611183284, 0.0, 2.7651262611316683, 4.052635574536649, 3.294632657823934, 3.307645237929848, 3.148192503643956, 4.7057817182695585, 10.254325290822404, 9.831769853897109, 8.635522897312008, 8.740123869259518, 10.907481344930185, 11.082855210188391, 11.96687506160234, 11.603729461686013, 9.62299264522217, 7.6513417391984255, 6.456608128886249, 4.808201230189934, 2.7826674415028467, 4.935708835618243, 4.312461777221915, 3.165936153809802], [7.319453638762936, 7.118574110733133, 8.454496789874606, 8.175510391406766, 9.21107877449759, 9.07538534113015, 7.8957344775517875, 6.672824614808934, 6.84503269678093, 6.058103215528769, 4.817613470381367, 3.782747977330766, 4.199936155467128, 2.433156645183372, 2.800549869222114, 2.4147603711341628, 1.3968507364783112, 2.7651262611316683, 0.0, 1.4044450647853768, 1.7639447241906419, 2.697512487459511, 2.622489824575112, 2.6200671861614544, 8.267923328744649, 7.529999100929561, 6.572742753980259, 7.090515468567853, 9.166479553787267, 8.987782394450814, 10.227614207624375, 10.016911986236078, 8.060965925371475, 5.78206800461565, 4.847388939418829, 3.8868449763272013, 3.404271524129648, 2.172514016065259, 3.3637429658046107, 3.346870719044881], [6.020617999009735, 5.869206182270308, 7.195312652692723, 6.973722249989599, 8.067265815008204, 8.02997331564682, 6.914287810035101, 5.6134519326346775, 5.656564349496964, 4.786540850133841, 3.647289570352209, 2.4840522136219274, 2.816574808166827, 1.4007386408605995, 2.4195726998790508, 2.7874846026480578, 2.427490321298934, 4.052635574536649, 1.4044450647853768, 0.0, 2.725510493467233, 3.734323403241878, 3.7338876335529974, 2.906704226439285, 7.007064869829592, 6.164842922573128, 5.324408952174879, 5.963815906783172, 7.964379152827922, 7.6626626919106915, 9.06746372035753, 9.016442563450399, 7.200080111359873, 4.7902671439075295, 3.874032727017158, 3.4141821407183306, 3.876307151142696, 1.0906436310729548, 4.131944222760032, 4.549105521968028], [8.66204062447181, 8.588608151499287, 9.890729957894917, 9.579926205874447, 10.583170999279941, 10.363733638993237, 9.115746256341277, 7.94142073246343, 8.218432043279302, 7.462155976659829, 6.3431286507527185, 5.200213523500742, 5.329383401482764, 4.038985448104511, 4.563717890054116, 4.057871858499231, 2.765305055504727, 3.294632657823934, 1.7639447241906419, 2.725510493467233, 0.0, 1.6779486553527196, 1.442741012794743, 1.4451282607436615, 9.635336665628243, 8.717958419836608, 7.906770663172165, 8.678924722567883, 10.68140183402909, 10.315046364413492, 11.62065640357721, 11.271098638996998, 9.169974875647151, 6.970787061731264, 6.446316301578755, 5.650332641535363, 4.927997952515809, 2.8606896720895816, 2.2395135833479554, 2.2415730235707247], [9.33285032184702, 9.426609505543336, 10.83701438081541, 10.701277947049126, 11.796070876779266, 11.699384044042661, 10.5116397084375, 9.275139479274692, 9.390255915575464, 