{"total energy": -28.4261456, "HOMO-LUMO gap/eV": 5.18994459, "electronic energy": -28.86270966, "dipole": [-0.17256429, -0.04880785, 0.03203742], "partial charges": [-0.10003407, -0.05192894, -0.05773222, -0.057349, -0.0578061, -0.05321625, -0.05661085, -0.02937116, -0.09578462, 0.03171264, 0.03136537, 0.03096499, 0.03029254, 0.02911648, 0.02914659, 0.02969553, 0.0275809, 0.02877654, 0.0314591, 0.0298002, 0.02974969, 0.02993877, 0.03720594, 0.03600447, 0.0301568, 0.03198619, 0.03488048], "atomic dipole moments": [[0.09618628, -0.00543297, -0.02488902], [-0.06876072, -0.08926713, 0.00166347], [0.06829337, 0.08646433, -0.00906248], [-0.02331009, 0.03080162, 0.10226562], [0.02624854, -0.03723825, -0.10226503], [-0.01855868, 0.03917017, 0.10245408], [-0.00765363, -0.03689344, -0.09141243], [-0.14567707, -0.04407445, 0.03424094], [0.05587056, 0.05488284, -0.0060137], [-0.02527305, -0.07152554, 0.10060012], [-0.07440725, -0.03675805, -0.09457272], [-0.03060918, 0.11737996, 0.02836945], [0.06404036, 0.04523148, 0.09566201], [0.01849954, 0.07765888, -0.09460741], [-0.0717484, -0.04586025, -0.08712329], [-0.01769447, -0.07631006, 0.0965881], [0.01548723, -0.11353906, -0.04043186], [0.01569146, 0.07049164, -0.10137395], [-0.01060546, 0.11882573, 0.03541577], [-0.01901259, -0.06795066, 0.10214194], [0.01213768, -0.11835234, -0.03659115], [0.01883766, 0.06791411, -0.10411443], [-0.01750465, -0.06749306, 0.10326129], [-0.01669852, 0.11865977, 0.03957151], [0.04526635, -0.1383303, -0.03726156], [0.13526128, -0.04058416, -0.05122871], [-0.03202826, 0.14425483, 0.03620338]], "atomic quadrupole moments": [[0.20951046, -0.01871805, -0.10515684, -0.08757555, 0.01051123, -0.10435362], [0.13398703, -0.07881528, 0.06376328, -0.10306743, 0.07074704, -0.19775031], [0.10772494, -0.08862969, 0.06248123, -0.1209684, 0.07895617, -0.17020617], [0.21620653, 0.02376097, -0.19776339, 0.04124934, 0.06853555, -0.01844314], [0.21684184, -0.0039163, -0.21284669, 0.04151712, 0.08320065, -0.00399515], [0.21892065, 0.0050304, -0.20755283, 0.0582175, 0.08638776, -0.01136782], [0.18591424, 0.03057143, -0.17192633, 0.05997284, 0.06835092, -0.0139879], [-0.09602251, -0.15320361, -0.3889832, 0.19327839, -0.11595108, 0.48500571], [-0.22279833, -0.08564108, -0.29285215, 0.256663, -0.13929368, 0.51565048], [-0.02675272, 0.00502719, -0.00371599, -0.00936336, -0.0639135, 0.03046871], [-0.00095699, 0.02119109, -0.0391736, 0.04218682, 0.03499219, 0.0401306], [-0.02477405, -0.01962297, 0.07223881, -0.01076279, 0.0276342, -0.04746476], [0.00503137, 0.00161267, -0.02773954, 0.03815249, 0.0206058, 0.02270816], [-0.02506045, -0.00351627, -0.00663873, -0.01541414, -0.03925543, 0.03169918], [0.00918294, 0.00017566, -0.02743525, 0.03952902, 0.02721446, 0.01825231], [-0.03245886, -0.00966425, -0.00498285, -0.00921961, -0.03726867, 0.03744171], [-0.01020483, -0.01426022, 0.05107204, 0.00415512, 0.02202932, -0.04086722], [-0.01818718, 0.01226529, 0.00864662, 0.00038504, -0.04864959, 0.00954056], [-0.01848704, -0.01015646, 0.05249975, 0.00206056, 0.01458535, -0.03401271], [-0.01950312, 0.00961285, 0.00360889, -0.00677055, -0.04659867, 0.01589423], [-0.02018812, -0.00833844, 0.05440944, 0.00205013, 0.01391783, -0.03422132], [-0.01774066, 0.00909046, 0.00430682, -0.0066619, -0.0449175, 0.01343384], [-0.02756503, 0.01334109, 0.00921346, -0.00845684, -0.04731833, 0.01835157], [-0.01903033, -0.00544539, 0.05675217, 0.0054626, 0.01537174, -0.03772184], [0.02205354, 0.02005737, 0.03215171, -0.02924916, 0.01237004, -0.05420525], [0.03873248, 0.00510862, 0.01497666, -0.03367121, 0.01321483, -0.05370914], [0.00715119, -0.00163304, 0.04306912, -0.02277551, 0.01946115, -0.05022031]], "number of molecular orbitals": 54, "number of electrons": 54, "number of unpaired electrons": 0, "orbital energies/eV": [-16.98775373, -16.86157033, -16.62970379, -16.34335672, -15.90324356, -15.37911885, -15.19838978, -14.97121808, -14.66569573, -14.07749045, -13.92849797, -13.6430527, -13.49372996, -13.3846577, -12.93120995, -12.90447349, -12.81997208, -12.26971065, -12.22586592, -12.10993389, -11.85313757, -11.76845707, -11.57224595, -11.47102249, -11.36462993, -11.27697344, -10.70717298, -5.51722839, 1.60524167, 2.31240803, 2.78804545, 2.93328734, 3.21159276, 3.42272677, 3.61656232, 3.78082834, 4.0991936, 4.20628326, 4.58966734, 4.65763507, 4.9047856, 5.15357761, 5.32121587, 5.62196945, 6.00002536, 6.31580243, 6.65736974, 6.9718308, 7.23566734, 7.39801017, 8.23864664, 8.36638991, 11.30188786, 15.55156174], "fractional occupation": [2.0, 2.0, 2.0, 2.0, 2.0, 2.0, 2.0, 2.0, 2.0, 2.0, 2.0, 2.0, 2.0, 2.0, 2.0, 2.0, 2.0, 2.0, 2.0, 2.0, 2.0, 2.0, 2.0, 2.0, 2.0, 2.0, 2.0, 0.0, 0.0, 0.0, 0.0, 0.0, 0.0, 0.0, 0.0, 0.0, 0.0, 0.0, 0.0, 0.0, 0.0, 0.0, 0.0, 0.0, 0.0, 0.0, 0.0, 0.0, 0.0, 0.0, 0.0, 0.0, 0.0, 0.0], "program call": "xtb /home/svss/Project-DBcg-Debug/aqme2_20220329/End-to-End-workflows-final/example-3/QDESCP/mol_445_rdkit_conf_10/mol_445_rdkit_conf_10.xyz --pop --wbo --acc 0.2 --gfn 2 --chrg 0 --uhf 0 --etemp 300 --input /home/svss/Project-DBcg-Debug/aqme2_20220329/End-to-End-workflows-final/example-3/QDESCP/mol_445_rdkit_conf_10/mol_445_rdkit_conf_10_xtb.inp", "method": "GFN2-xTB", "xtb version": "6.3.3 (7355c4f)", "Dipole module/D": 0.463, "Total charge": 0, "Transition dipole module/D": NaN, "HOMO": -10.7072, "LUMO": -5.5172, "HOMO occupancy": 2.0, "LUMO occupancy": 0, "mulliken charges": [-0.08332, -0.03998, -0.04684, -0.04561, -0.04741, -0.0412, -0.04254, -0.02159, -0.08712, 0.02655, 0.02643, 0.02805, 0.02223, 0.02231, 0.0242, 0.02294, 0.02388, 0.02321, 0.02352, 0.02296, 0.02334, 0.0244, 0.03066, 0.02686, 0.02489, 0.03066, 0.02851], "cm5 charges": [-0.23375, -0.15264, -0.15734, -0.15617, -0.15824, -0.15085, -0.14867, -0.08599, -0.18915, 0.07784, 0.07771, 0.07883, 0.07753, 0.07713, 0.07911, 0.07814, 0.0788, 0.07842, 0.07949, 0.07842, 0.07865, 0.07977, 0.08579, 0.08252, 0.08039, 0.08291, 0.08134], "FUKUI+": [0.005, 0.002, 0.005, 0.004, 0.005, 0.002, 0.026, -0.159, -0.125, -0.006, -0.009, -0.009, 0.004, -0.004, -0.018, -0.009, -0.01, -0.011, -0.018, -0.021, -0.03, -0.023, -0.087, -0.061, -0.144, -0.153, -0.156], "FUKUI-": [0.018, 0.004, 0.009, 0.007, 0.002, 0.002, 0.005, -0.042, -0.052, -0.047, -0.063, -0.048, -0.075, -0.057, -0.075, -0.048, -0.052, -0.034, -0.042, -0.036, -0.042, -0.039, -0.064, -0.038, -0.058, -0.071, -0.063], "FUKUIrad": [0.011, 0.003, 0.007, 0.005, 0.004, 0.002, 0.015, -0.101, -0.089, -0.026, -0.036, -0.028, -0.035, -0.03, -0.046, -0.029, -0.031, -0.023, -0.03, -0.028, -0.036, -0.031, -0.075, -0.049, -0.101, -0.112, -0.109], "s proportion": [1.008, 1.027, 1.032, 1.032, 1.032, 1.033, 1.028, 1.072, 1.048, 0.973, 0.974, 0.972, 0.978, 0.978, 0.976, 0.977, 0.976, 0.977, 0.976, 0.977, 0.977, 0.976, 0.969, 0.973, 0.975, 0.969, 0.971], "p proportion": [3.076, 3.013, 3.015, 3.013, 3.015, 3.008, 3.014, 2.95, 3.04, 0.0, 0.0, 0.0, 0.0, 0.0, 0.0, 0.0, 0.0, 0.0, 0.0, 0.0, 0.0, 0.0, 0.0, 0.0, 0.0, 0.0, 0.0], "d proportion": [0.0, 0.0, 0.0, 0.0, 0.0, 0.0, 0.0, 0.0, 0.0, 0.0, 0.0, 0.0, 0.0, 0.0, 0.0, 0.0, 0.0, 0.0, 0.0, 0.0, 0.0, 0.0, 0.0, 0.0, 0.0, 0.0, 0.0], "Fermi-level/eV": -8.1122, "Coordination numbers": [3.75, 3.799, 3.801, 3.8, 3.801, 3.803, 3.805, 2.886, 2.834, 0.924, 0.924, 0.924, 0.924, 0.924, 0.924, 0.924, 0.924, 0.924, 0.924, 0.924, 0.924, 0.924, 0.924, 0.924, 0.925, 0.925, 0.925], "Dispersion coefficient C6": [22.474, 21.508, 21.613, 21.606, 21.614, 21.528, 21.588, 28.732, 30.398, 2.562, 2.567, 2.573, 2.582, 2.599, 2.599, 2.591, 2.621, 2.604, 2.566, 2.589, 2.59, 2.587, 2.487, 2.503, 2.584, 2.558, 2.518], "Total dispersion C6": 5217.496409, "Total dispersion C8": 111344.066617, "Polarizability alpha": [6.761, 6.603, 6.619, 6.618, 6.619, 6.606, 6.615, 8.788, 9.035, 2.503, 2.506, 2.508, 2.513, 2.521, 2.521, 2.517, 2.532, 2.524, 2.505, 2.516, 2.517, 2.516, 2.466, 2.474, 2.514, 2.501, 2.482], "Total polarizability alpha": 109.399555, "Wiberg matrix": [[0.0, 1.0197996264974594, 0.0, 0.0, 0.0, 0.0, 0.0, 0.0, 0.0, 0.9878341289204415, 0.9876635122181494, 0.9874955155312968, 0.0, 0.0, 0.0, 0.0, 0.0, 0.0, 0.0, 0.0, 0.0, 0.0, 0.0, 0.0, 0.0, 0.0, 0.0], [1.0197996264974594, 0.0, 1.0088100673656766, 0.0, 0.0, 0.0, 0.0, 0.0, 0.0, 0.0, 0.0, 0.0, 0.976339222016612, 0.9779605613831586, 0.0, 0.0, 0.0, 0.0, 0.0, 0.0, 0.0, 0.0, 0.0, 0.0, 0.0, 0.0, 0.0], [0.0, 1.0088100673656766, 0.0, 1.0061842056401358, 0.0, 0.0, 0.0, 0.0, 0.0, 0.0, 0.0, 0.0, 0.0, 0.0, 0.9767837157675121, 0.9771942371900516, 0.0, 0.0, 0.0, 0.0, 0.0, 0.0, 0.0, 0.0, 0.0, 0.0, 0.0], [0.0, 0.0, 1.0061842056401358, 0.0, 1.0076404971820834, 0.0, 0.0, 0.0, 0.0, 0.0, 0.0, 0.0, 0.0, 0.0, 0.0, 0.0, 0.9770348362620479, 0.9772994740677936, 0.0, 0.0, 0.0, 0.0, 0.0, 0.0, 0.0, 0.0, 0.0], [0.0, 0.0, 0.0, 1.0076404971820834, 0.0, 1.0054481869595178, 0.0, 0.0, 0.0, 0.0, 0.0, 0.0, 0.0, 0.0, 0.0, 0.0, 0.0, 0.0, 0.9754618695570858, 0.9771495605676106, 0.0, 0.0, 0.0, 0.0, 0.0, 0.0, 0.0], [0.0, 0.0, 0.0, 0.0, 1.0054481869595178, 0.0, 0.9921042783515779, 0.0, 0.0, 0.0, 0.0, 0.0, 0.0, 0.0, 0.0, 0.0, 0.0, 0.0, 0.0, 0.0, 0.9773388801151051, 0.9780700806069582, 0.0, 0.0, 0.0, 0.0, 0.0], [0.0, 0.0, 0.0, 0.0, 0.0, 0.9921042783515779, 0.0, 1.0264286829633011, 0.0, 0.0, 0.0, 0.0, 0.0, 0.0, 0.0, 0.0, 0.0, 0.0, 0.0, 0.0, 0.0, 0.0, 0.9620979704546093, 0.9749423610423614, 0.0, 0.0, 0.0], [0.0, 0.0, 0.0, 0.0, 0.0, 0.0, 1.0264286829633011, 0.0, 1.9750980305090589, 0.0, 0.0, 0.0, 0.0, 0.0, 0.0, 0.0, 0.0, 0.0, 0.0, 0.0, 0.0, 0.0, 0.0, 0.0, 0.9678490580307467, 0.0, 0.0], [0.0, 0.0, 0.0, 0.0, 0.0, 0.0, 0.0, 1.9750980305090589, 0.0, 0.0, 0.0, 0.0, 0.0, 0.0, 0.0, 0.0, 0.0, 0.0, 0.0, 0.0, 0.0, 0.0, 0.0, 0.0, 0.0, 0.9783136508357221, 0.9767157371865359], [0.9878341289204415, 0.0, 0.0, 0.0, 0.0, 0.0, 0.0, 0.0, 0.0, 0.0, 0.0, 0.0, 0.0, 0.0, 0.0, 0.0, 0.0, 0.0, 0.0, 0.0, 0.0, 0.0, 0.0, 0.0, 0.0, 0.0, 0.0], [0.9876635122181494, 0.0, 0.0, 0.0, 0.0, 0.0, 0.0, 0.0, 0.0, 0.0, 0.0, 0.0, 0.0, 0.0, 0.0, 0.0, 0.0, 0.0, 0.0, 0.0, 0.0, 0.0, 0.0, 0.0, 0.0, 0.0, 0.0], [0.9874955155312968, 0.0, 0.0, 0.0, 0.0, 0.0, 0.0, 0.0, 0.0, 0.0, 0.0, 0.0, 0.0, 0.0, 0.0, 0.0, 0.0, 0.0, 0.0, 0.0, 0.0, 0.0, 0.0, 0.0, 0.0, 0.0, 0.0], [0.0, 0.976339222016612, 0.0, 0.0, 0.0, 0.0, 0.0, 0.0, 0.0, 0.0, 0.0, 0.0, 0.0, 0.0, 0.0, 0.0, 0.0, 0.0, 0.0, 0.0, 0.0, 0.0, 0.0, 0.0, 0.0, 0.0, 0.0], [0.0, 0.9779605613831586, 0.0, 0.0, 0.0, 0.0, 0.0, 0.0, 0.0, 0.0, 0.0, 0.0, 0.0, 0.0, 0.0, 0.0, 0.0, 0.0, 0.0, 0.0, 0.0, 0.0, 0.0, 0.0, 0.0, 0.0, 0.0], [0.0, 0.0, 0.9767837157675121, 0.0, 0.0, 0.0, 0.0, 0.0, 0.0, 0.0, 0.0, 0.0, 0.0, 0.0, 0.0, 0.0, 0.0, 0.0, 0.0, 0.0, 0.0, 0.0, 0.0, 0.0, 0.0, 0.0, 0.0], [0.0, 0.0, 0.9771942371900516, 0.0, 0.0, 0.0, 0.0, 0.0, 0.0, 0.0, 0.0, 0.0, 0.0, 0.0, 0.0, 0.0, 0.0, 0.0, 0.0, 0.0, 0.0, 0.0, 0.0, 0.0, 0.0, 0.0, 0.0], [0.0, 0.0, 0.0, 0.9770348362620479, 0.0, 0.0, 0.0, 0.0, 0.0, 0.0, 0.0, 0.0, 0.0, 0.0, 0.0, 0.0, 0.0, 0.0, 0.0, 0.0, 0.0, 0.0, 0.0, 0.0, 0.0, 0.0, 0.0], [0.0, 0.0, 0.0, 0.9772994740677936, 0.0, 0.0, 0.0, 0.0, 0.0, 0.0, 0.0, 0.0, 0.0, 0.0, 0.0, 0.0, 0.0, 0.0, 0.0, 0.0, 0.0, 0.0, 0.0, 0.0, 0.0, 0.0, 0.0], [0.0, 0.0, 0.0, 0.0, 0.9754618695570858, 0.0, 0.0, 0.0, 0.0, 0.0, 0.0, 0.0, 0.0, 0.0, 0.0, 0.0, 0.0, 0.0, 0.0, 0.0, 0.0, 0.0, 0.0, 0.0, 0.0, 0.0, 0.0], [0.0, 0.0, 0.0, 0.0, 0.9771495605676106, 0.0, 0.0, 0.0, 0.0, 0.0, 0.0, 0.0, 0.0, 0.0, 0.0, 0.0, 0.0, 0.0, 0.0, 0.0, 0.0, 0.0, 0.0, 0.0, 0.0, 0.0, 0.0], [0.0, 0.0, 0.0, 0.0, 0.0, 0.9773388801151051, 0.0, 0.0, 0.0, 0.0, 0.0, 0.0, 0.0, 0.0, 0.0, 0.0, 0.0, 0.0, 0.0, 0.0, 0.0, 0.0, 0.0, 0.0, 0.0, 0.0, 0.0], [0.0, 0.0, 0.0, 0.0, 0.0, 0.9780700806069582, 0.0, 0.0, 0.0, 0.0, 0.0, 0.0, 0.0, 0.0, 0.0, 0.0, 0.0, 0.0, 0.0, 0.0, 0.0, 0.0, 0.0, 0.0, 0.0, 0.0, 0.0], [0.0, 0.0, 0.0, 0.0, 0.0, 0.0, 0.9620979704546093, 0.0, 0.0, 0.0, 0.0, 0.0, 0.0, 0.0, 0.0, 0.0, 0.0, 0.0, 0.0, 0.0, 0.0, 0.0, 0.0, 0.0, 0.0, 0.0, 0.0], [0.0, 0.0, 0.0, 0.0, 0.0, 0.0, 0.9749423610423614, 0.0, 0.0, 0.0, 0.0, 0.0, 0.0, 0.0, 0.0, 0.0, 0.0, 0.0, 0.0, 0.0, 0.0, 0.0, 0.0, 0.0, 0.0, 0.0, 0.0], [0.0, 0.0, 0.0, 0.0, 0.0, 0.0, 0.0, 0.9678490580307467, 0.0, 0.0, 0.0, 0.0, 0.0, 0.0, 0.0, 0.0, 0.0, 0.0, 0.0, 0.0, 0.0, 0.0, 0.0, 0.0, 0.0, 0.0, 0.0], [0.0, 0.0, 0.0, 0.0, 0.0, 0.0, 0.0, 0.0, 0.9783136508357221, 0.0, 0.0, 0.0, 0.0, 0.0, 0.0, 0.0, 0.0, 0.0, 0.0, 0.0, 0.0, 0.0, 0.0, 0.0, 0.0, 0.0, 0.0], [0.0, 0.0, 0.0, 0.0, 0.0, 0.0, 0.0, 0.0, 0.9767157371865359, 0.0, 0.0, 0.0, 0.0, 0.0, 0.0, 0.0, 0.0, 0.0, 0.0, 0.0, 0.0, 0.0, 0.0, 0.0, 0.0, 0.0, 0.0]], "Born radii": [], "Atomic SASAs": [], "Solvent H bonds": [], "Total SASA": NaN, "Total FOD": 0.0, "FOD": [0.0, 0.0, 0.0, 0.0, 0.0, 0.0, 0.0, 0.0, 0.0, 0.0, 0.0, 0.0, 0.0, 0.0, 0.0, 0.0, 0.0, 0.0, 0.0, 0.0, 0.0, 0.0, 0.0, 0.0, 0.0, 0.0, 0.0], "FOD s proportion": [0.0, 0.0, 0.0, 0.0, 0.0, 0.0, 0.0, 0.0, 0.0, 0.0, 0.0, 0.0, 0.0, 0.0, 0.0, 0.0, 0.0, 0.0, 0.0, 0.0, 0.0, 0.0, 0.0, 0.0, 0.0, 0.0, 0.0], "FOD p proportion": [0.0, 0.0, 0.0, 0.0, 0.0, 0.0, 0.0, 0.0, 0.0, 0.0, 0.0, 0.0, 0.0, 0.0, 0.0, 0.0, 0.0, 0.0, 0.0, 0.0, 0.0, 0.0, 0.0, 0.0, 0.0, 0.0, 0.0], "FOD d proportion": [0.0, 0.0, 0.0, 0.0, 0.0, 0.0, 0.0, 0.0, 0.0, 0.0, 0.0, 0.0, 0.0, 0.0, 0.0, 0.0, 0.0, 0.0, 0.0, 0.0, 0.0, 0.0, 0.0, 0.0, 0.0, 0.0, 0.0], "coordinates": [["-4.25780", "0.93930", "0.36070"], ["-2.78710", "0.87060", "-0.02180"], ["-2.36920", "-0.55760", "-0.37390"], ["-0.92640", "-0.66350", "-0.87610"], ["0.11580", "-0.32010", "0.19050"], ["1.53720", "-0.55220", "-0.32880"], ["2.58050", "-0.20600", "0.73560"], ["3.97450", "-0.44620", "0.23130"], ["4.90160", "0.51120", "0.10270"], ["-4.46660", "0.30790", "1.23030"], ["-4.89460", "0.60810", "-0.46580"], ["-4.53620", "1.96740", "0.61240"], ["-2.19040", "1.24710", "0.81570"], ["-2.60690", "1.53340", "-0.87600"], ["-3.03270", "-0.94110", "-1.15910"], ["-2.50400", "-1.20900", "0.49820"], ["-0.76010", "-1.69180", "-1.22070"], ["-0.79210", "-0.01290", "-1.74880"], ["0.01250", "0.72790", "0.49310"], ["-0.05380", "-0.93540", "1.08230"], ["1.64950", "-1.60100", "-0.63170"], ["1.70410", "0.05990", "-1.22430"], ["2.42250", "-0.82560", "1.62640"], ["2.45660", "0.83810", "1.04800"], ["4.23340", "-1.46980", "-0.03230"], ["5.89600", "0.27540", "-0.26360"], ["4.69340", "1.54590", "0.35670"]], "bond_dist": [[0.0, 1.521178631850973, 2.51935641186395, 3.8983160518357147, 4.554495950157382, 6.023454781103616, 6.943674026767097, 8.349078865359937, 9.173027960820788, 1.0947454315958574, 1.0946734353221512, 1.0944629093761014, 2.139137349493949, 2.1465909042013567, 2.710454982101713, 2.7766731136379734, 4.653753158473276, 4.167463446750313, 4.277578965957262, 4.659272759777002, 6.50647178891909, 6.231357875294918, 7.024476962023577, 6.750243705970918, 8.835082866051682, 10.194614663634914, 8.971731215322938], [1.521178631850973, 0.0, 1.5291729987153186, 2.558416656840711, 3.144783965553119, 4.562694305999472, 5.52664926334212, 6.893276173924848, 7.698102123250901, 2.1691256187690002, 2.169700094483106, 2.159752460352806, 1.0950841931102835, 1.0960992290846663, 2.1531436412836, 2.1622399889928965, 3.4802275744554407, 2.7826473456045413, 2.8501307794555677, 3.457108864354723, 5.115095710736995, 4.719546395576592, 5.721327629143432, 5.351814456798741, 7.400338009847928, 8.706833861398756, 7.520450291704612], [2.51935641186395, 1.5291729987153186, 0.0, 1.5313691553639182, 2.5593316725270294, 3.906664066694243, 5.084696932954805, 6.373476813325675, 7.364374626538224, 2.7787829440242358, 2.782974534558302, 3.4704901224466838, 2.168884434450116, 2.1635356941820953, 1.0971980404648927, 1.0968370024757552, 2.1430545233381255, 2.162011218749801, 2.841952522474646, 2.761218651248032, 4.159939193065206, 4.206692204095755, 5.199366594115095, 5.220931309641988, 6.674063691634954, 8.307802725751255, 7.40532290788187], [3.8983160518357147, 2.558416656840711, 1.5313691553639182, 0.0, 1.5302744721127646, 2.5261136039378753, 3.886544834425559, 5.029152499179161, 6.025243026633865, 4.232440780448085, 4.187114028779249, 4.708282393824737, 2.8478545608931647, 2.7659446614131675, 2.1432803013138533, 2.162196221437823, 1.097180814633577, 1.09677807235557, 2.166156921831842, 2.1611781347218932, 2.7520716596774872, 2.750287448613326, 4.183767903457361, 4.171528780914738, 5.290146894935905, 6.9138868388193915, 6.16306711305337], [4.554495950157382, 3.144783965553119, 2.5593316725270294, 1.5302744721127646, 0.0, 1.5309868908648434, 2.5268357504990306, 3.8609754648275088, 4.858255877369984, 4.74067060657034, 5.137742022523124, 5.201130632852823, 2.857542531616984, 3.462077380706561, 3.4813953251534078, 2.7835542998116636, 2.1541232880222987, 2.163224153896216, 1.0956923153878557, 1.096661064322063, 2.1607760966837817, 2.160730415854787, 2.7637300790779116, 2.748832139291157, 4.28089706603651, 5.8285108818633935, 4.946109602505791], [6.023454781103616, 4.562694305999472, 3.906664066694243, 2.5261136039378753, 1.5309868908648434, 0.0, 1.5301230963553227, 2.503073970141514, 3.5547431932560194, 6.262282272462652, 6.537057161292074, 6.6423210672173925, 4.2944571833934955, 4.671479424122512, 4.660968494851687, 4.176914253369346, 2.7150987201205043, 2.7808061744753085, 2.153807259250465, 2.1608624319933, 1.0974247764653393, 1.0974708515491425, 2.1636336774047495, 2.1618993246680103, 2.8634588263147767, 4.437151140089777, 3.8514324997330536], [6.943674026767097, 5.52664926334212, 5.084696932954805, 3.886544834425559, 2.5268357504990306, 1.5301230963553227, 0.0, 1.5017491568168102, 2.5104667812978527, 7.083109466187855, 7.614672729671314, 7.442194883903539, 4.987925664041114, 5.703672999041934, 5.969780091427154, 5.187919429790713, 4.146603391934174, 4.193323470709122, 2.743282606659401, 2.7553151797934112, 2.1638611993378873, 2.163327940928051, 1.0965367298909783, 1.096854493540506, 2.217868179130581, 3.496095944049591, 2.770751744563197], [8.349078865359937, 6.893276173924848, 6.373476813325675, 5.029152499179161, 3.8609754648275088, 2.503073970141514, 1.5017491568168102, 0.0, 1.3389051982870186, 8.533395398081586, 8.95870703338378, 8.854530854878762, 6.419873850785543, 6.961304145776135, 7.1609349955156, 6.528710569476948, 5.106491997447955, 5.179673779303095, 4.140591026653079, 4.146169139096957, 2.7356821891440535, 2.7440161679552837, 2.121073400427246, 2.1495222236580855, 1.0882422202800257, 2.111349052146518, 2.121557159258265], [9.173027960820788, 7.698102123250901, 7.364374626538224, 6.025243026633865, 4.858255877369984, 3.5547431932560194, 2.5104667812978527, 1.3389051982870186, 0.0, 9.438007410995182, 9.813160362492809, 9.563073845265443, 7.165638967321756, 7.640701458635849, 8.164216497619352, 7.613042732705497, 6.217671867347134, 6.010070943840846, 4.909447001445274, 5.254355990985004, 3.9467564670245365, 3.491218546582268, 3.2022855494162292, 2.6416814153110897, 2.095012467743331, 1.085637457902038, 1.08557235134283], [1.0947454315958574, 2.1691256187690002, 2.7787829440242358, 4.232440780448085, 4.74067060657034, 6.262282272462652, 7.083109466187855, 8.533395398081586, 9.438007410995182, 0.0, 1.7748406266479253, 1.7721695234937316, 2.497013464120688, 3.065425587092272, 3.0537358382807116, 2.586262705140373, 4.872816776772957, 4.741297259189725, 4.558749899917739, 4.586992776318707, 6.6721527575438495, 6.64560784654045, 6.99295475961342, 6.945865213924036, 8.969078885259064, 10.469778995757267, 9.284472034531635], [1.0946734353221512, 2.169700094483106, 2.782974534558302, 4.187114028779249, 5.137742022523124, 6.537057161292074, 7.614672729671314, 8.95870703338378, 9.813160362492809, 1.7748406266479253, 0.0, 1.7716270177438591, 3.0599445893675914, 2.5016025703536524, 2.519396185596858, 3.1537464657134375, 4.790981556007077, 4.343067608269528, 5.001346984563258, 5.31152995849595, 6.9088993645876755, 6.664734591864854, 7.744207444277303, 7.508970094493651, 9.371551347562473, 10.797621149586607, 9.668801326431316], [1.0944629093761014, 2.159752460352806, 3.4704901224466838, 4.708282393824737, 5.201130632852823, 6.6423210672173925, 7.442194883903539, 8.854530854878762, 9.563073845265443, 1.7721695234937316, 1.7716270177438591, 0.0, 2.4623039251887655, 2.475053342859503, 3.722646471262078, 3.7725847160799453, 5.5685663738524305, 4.849241006590619, 4.716064506556288, 5.360873399922815, 7.248734224676747, 6.778891297992614, 7.566541527672997, 7.096782206746942, 9.44117927432797, 10.604764817759987, 9.242757213083117], [2.139137349493949, 1.0950841931102835, 2.168884434450116, 2.8478545608931647, 2.857542531616984, 4.2944571833934955, 4.987925664041114, 6.419873850785543, 7.165638967321756, 2.497013464120688, 3.0599445893675914, 2.4623039251887655, 0.0, 1.7655845575899218, 3.0655380555458778, 2.4963129651548104, 3.850950046417118, 3.181116649857405, 2.286133812793993, 3.0658508394897495, 4.995144880781737, 4.5539185423105675, 5.121734685631422, 4.670744404267911, 7.026083976867911, 8.215774725489982, 6.905553191453961], [2.1465909042013567, 1.0960992290846663, 2.1635356941820953, 2.7659446614131675, 3.462077380706561, 4.671479424122512, 5.703672999041934, 6.961304145776135, 7.640701458635849, 3.065425587092272, 2.5016025703536524, 2.475053342859503, 1.7655845575899218, 0.0, 2.526776899530309, 3.06916467625965, 3.732479520372483, 2.5389609232912584, 3.0634166252731605, 4.055641988637557, 5.291605315024922, 4.569161426345101, 6.092762191321765, 5.4611583331743825, 7.518027934239137, 8.617244697117519, 7.403653532547293], [2.710454982101713, 2.1531436412836, 1.0971980404648927, 2.1432803013138533, 3.4813953251534078, 4.660968494851687, 5.969780091427154, 7.1609349955156, 8.164216497619352, 3.0537358382807116, 2.519396185596858, 3.722646471262078, 3.0655380555458778, 2.526776899530309, 0.0, 1.760095846821985, 2.3941712156819532, 2.495914599901207, 3.8455908362695066, 3.727968838389077, 4.757795246750327, 4.8418515342790105, 6.126300477449665, 6.178127348962629, 7.371934016253808, 9.05557707658656, 8.256842002242747], [2.7766731136379734, 2.1622399889928965, 1.0968370024757552, 2.162196221437823, 2.7835542998116636, 4.176914253369346, 5.187919429790713, 6.528710569476948, 7.613042732705497, 2.586262705140373, 3.1537464657134375, 3.7725847160799453, 2.4963129651548104, 3.06916467625965, 1.760095846821985, 0.0, 2.4957764843831667, 3.067615657151332, 3.1755912630563774, 2.53367515873681, 4.322256385269157, 4.720722303842919, 5.068553348836333, 5.394483368219796, 6.763283644059296, 8.564098469774853, 7.7079220948320435], [4.653753158473276, 3.4802275744554407, 2.1430545233381255, 1.097180814633577, 2.1541232880222987, 2.7150987201205043, 4.146603391934174, 5.106491997447955, 6.217671867347134, 4.872816776772957, 4.790981556007077, 5.5685663738524305, 3.850950046417118, 3.732479520372483, 2.3941712156819532, 2.4957764843831667, 0.0, 1.7602894137044625, 3.06414250484536, 2.5248385393921726, 2.4822042220574843, 3.0233669128969445, 4.357203645688367, 4.679161526384829, 5.1377641839617345, 7.006395896607613, 6.535407737853852], [4.167463446750313, 2.7826473456045413, 2.162011218749801, 1.09677807235557, 2.163224153896216, 2.7808061744753085, 4.193323470709122, 5.179673779303095, 6.010070943840846, 4.741297259189725, 4.343067608269528, 4.849241006590619, 3.181116649857405, 2.5389609232912584, 2.495914599901207, 3.067615657151332, 1.7602894137044625, 0.0, 2.4944501217703268, 3.0677712349521764, 3.1195167221863067, 2.5517473483869835, 4.731396145959456, 4.370393910164164, 5.506775836185816, 6.857085207287423, 6.0789553329498975], [4.277578965957262, 2.8501307794555677, 2.841952522474646, 2.166156921831842, 1.0956923153878557, 2.153807259250465, 2.743282606659401, 4.140591026653079, 4.909447001445274, 4.558749899917739, 5.001346984563258, 4.716064506556288, 2.286133812793993, 3.0634166252731605, 3.8455908362695066, 3.1755912630563774, 3.06414250484536, 2.4944501217703268, 0.0, 1.765819702008107, 3.060836364459884, 2.5014390498271193, 3.0831527921917847, 2.508721359577424, 4.787684958307093, 5.94919518842675, 4.753793618784896], [4.659272759777002, 3.457108864354723, 2.761218651248032, 2.1611781347218932, 1.096661064322063, 2.1608624319933, 2.7553151797934112, 4.146169139096957, 5.254355990985004, 4.586992776318707, 5.31152995849595, 5.360873399922815, 3.0658508394897495, 4.055641988637557, 3.727968838389077, 2.53367515873681, 2.5248385393921726, 3.0677712349521764, 1.765819702008107, 0.0, 2.5064018532549808, 3.066143842026985, 2.537747532754194, 3.0738553804627826, 4.461838226560887, 6.219132052786787, 5.405483594462201], [6.50647178891909, 5.115095710736995, 4.159939193065206, 2.7520716596774872, 2.1607760966837817, 1.0974247764653393, 2.1638611993378873, 2.7356821891440535, 3.9467564670245365, 6.6721527575438495, 6.9088993645876755, 7.248734224676747, 4.995144880781737, 5.291605315024922, 4.757795246750327, 4.322256385269157, 2.4822042220574843, 3.1195167221863067, 3.060836364459884, 2.5064018532549808, 0.0, 1.7642972340283254, 2.509539752623975, 3.0695294932611414, 2.655754696879966, 4.657159737436542, 4.488345060264417], [6.231357875294918, 4.719546395576592, 4.206692204095755, 2.750287448613326, 2.160730415854787, 1.0974708515491425, 2.163327940928051, 2.7440161679552837, 3.491218546582268, 6.64560784654045, 6.664734591864854, 6.778891297992614, 4.5539185423105675, 4.569161426345101, 4.8418515342790105, 4.720722303842919, 3.0233669128969445, 2.5517473483869835, 2.5014390498271193, 3.066143842026985, 1.7642972340283254, 0.0, 3.0702930316176658, 2.5169820778066736, 3.1871938409830047, 4.305973798108855, 3.6937340849064917], [7.024476962023577, 5.721327629143432, 5.199366594115095, 4.183767903457361, 2.7637300790779116, 2.1636336774047495, 1.0965367298909783, 2.121073400427246, 3.2022855494162292, 6.99295475961342, 7.744207444277303, 7.566541527672997, 5.121734685631422, 6.092762191321765, 6.126300477449665, 5.068553348836333, 4.357203645688367, 4.731396145959456, 3.0831527921917847, 2.537747532754194, 2.509539752623975, 3.0702930316176658, 0.0, 1.7617057245749075, 2.5388261342596894, 4.104814642587409, 3.520388778245948], [6.750243705970918, 5.351814456798741, 5.220931309641988, 4.171528780914738, 2.748832139291157, 2.1618993246680103, 1.096854493540506, 2.1495222236580855, 2.6416814153110897, 6.945865213924036, 7.508970094493651, 7.096782206746942, 4.670744404267911, 5.4611583331743825, 6.178127348962629, 5.394483368219796, 4.679161526384829, 4.370393910164164, 2.508721359577424, 3.0738553804627826, 3.0695294932611414, 2.5169820778066736, 1.7617057245749075, 0.0, 3.1065203588581225, 3.7237612987408313, 2.4458435702227566], [8.835082866051682, 7.400338009847928, 6.674063691634954, 5.290146894935905, 4.28089706603651, 2.8634588263147767, 2.217868179130581, 1.0882422202800257, 2.095012467743331, 8.969078885259064, 9.371551347562473, 9.44117927432797, 7.026083976867911, 7.518027934239137, 7.371934016253808, 6.763283644059296, 5.1377641839617345, 5.506775836185816, 4.787684958307093, 4.461838226560887, 2.655754696879966, 3.1871938409830047, 2.5388261342596894, 3.1065203588581225, 0.0, 2.4214585460007365, 3.075283318655372], [10.194614663634914, 8.706833861398756, 8.307802725751255, 6.9138868388193915, 5.8285108818633935, 4.437151140089777, 3.496095944049591, 2.111349052146518, 1.085637457902038, 10.469778995757267, 10.797621149586607, 10.604764817759987, 8.215774725489982, 8.617244697117519, 9.05557707658656, 8.564098469774853, 7.006395896607613, 6.857085207287423, 5.94919518842675, 6.219132052786787, 4.657159737436542, 4.305973798108855, 4.104814642587409, 3.7237612987408313, 2.4214585460007365, 0.0, 1.856122059563972], [8.971731215322938, 7.520450291704612, 7.40532290788187, 6.16306711305337, 4.946109602505791, 3.8514324997330536, 2.770751744563197, 2.121557159258265, 1.08557235134283, 9.284472034531635, 9.668801326431316, 9.242757213083117, 6.905553191453961, 7.403653532547293, 8.256842002242747, 7.7079220948320435, 6.535407737853852, 6.0789553329498975, 4.753793618784896, 5.405483594462201, 4.488345060264417, 3.6937340849064917, 3.520388778245948, 2.4458435702227566, 3.075283318655372, 1.856122059563972, 0.0]]}