{"total energy": -54.20566632, "HOMO-LUMO gap/eV": 2.62070512, "electronic energy": -54.94417014, "dipole": [0.89888664, -1.13570012, 0.60340866], "partial charges": [0.03502244, -0.26977363, 0.14608011, -0.05470072, -0.04028469, -0.02574757, -0.03501286, -0.0656717, 0.1384888, -0.44724234, -0.03066332, -0.06036308, -0.06174373, -0.00484047, 0.06928707, -0.2338785, 0.14369064, -0.23236006, 0.07936451, 0.04415539, 0.04312833, 0.06109993, 0.05155381, 0.04355678, 0.04093435, 0.03910111, 0.29134447, 0.02575734, 0.03707668, 0.03261755, 0.04988148, 0.03266644, 0.03969461, 0.05166147, 0.06611934], "atomic dipole moments": [[-0.18429573, -0.10499007, -0.10382393], [-0.02299784, 0.20679029, 0.12776423], [0.24787497, -0.07144159, 0.00384005], [0.03608395, 0.02748437, 0.02535956], [0.00488975, 0.00815592, 0.0070074], [-0.09433285, 0.02575724, 0.00021389], [0.00309374, -0.00827739, -0.00656708], [0.01267066, -0.02660715, -0.01800775], [-0.04891317, 0.01919571, 0.13285579], [0.11939938, -0.1157231, -0.16044797], [-0.01934354, 0.00733958, 0.10289826], [-0.01406277, 0.11233156, -0.04308264], [0.11512259, -0.05055476, -0.01503354], [0.00961589, -0.09594565, 0.0394789], [-0.02887762, 0.04735362, 0.01368798], [-0.11661593, -0.06926449, 0.22834341], [0.01307668, -0.0790411, 0.03354635], [0.15672812, -0.18368063, -0.10711108], [0.02964242, 0.0298189, -0.06263812], [0.01286634, 0.11406693, -0.05341221], [-0.02136103, -0.00202888, 0.12423628], [0.11135659, -0.05778053, -0.01615241], [0.04179308, -0.12792252, -0.07671213], [-0.09134258, -0.09220136, -0.08080763], [-0.03767589, 0.12754347, 0.07764294], [0.09389747, 0.0915336, 0.08156827], [0.04229079, -0.06382502, 0.02849203], [0.02369266, -0.00535008, -0.13919324], [0.02640546, -0.02958761, 0.13886331], [-0.0182579, -0.11314258, -0.08454259], [-0.05010215, 0.0732729, 0.11719335], [-0.09292284, -0.01597862, -0.10727057], [0.08961649, -0.08575871, -0.07896109], [-0.01958849, 0.13476278, -0.06310616], [-0.07810816, -0.01793498, 0.12682554]], "atomic quadrupole moments": [[0.17039439, 0.24782876, -0.06077356, 0.24938577, 0.19444845, -0.10962084], [0.07318846, 0.04149759, -0.02191898, 0.06288795, 0.06077798, -0.05126948], [0.11071729, -0.07581775, -0.17534126, -0.09674862, -0.34896879, 0.06462397], [-0.18754873, 0.09579938, -0.04730766, -0.0767716, -0.32385012, 0.23485639], [-0.21416402, 0.08516658, -0.04942081, -0.10476191, -0.36052877, 0.26358483], [-0.05846065, 0.00101617, -0.11057762, -0.13581918, -0.32201596, 0.16903827], [-0.2337063, 0.06996477, -0.0233314, -0.12415917, -0.36150038, 0.2570377], [-0.19879889, 0.05767558, -0.02640765, -0.10258769, -0.3132685, 0.22520654], [-0.14402475, -0.00060519, -0.13953339, -0.12550865, 0.04408349, 0.28355813], [-0.0693028, -0.03311764, -0.07658136, -0.07185645, 0.01651711, 0.14588416], [0.09368925, 0.12294646, 0.05372756, 2.812e-05, 0.00080052, -0.14741681], [0.06747287, -0.04531933, 0.1221354, -0.04565587, -0.14567653, -0.18960828], [0.15118859, -0.06296941, 0.06051349, -0.06414689, -0.11637332, -0.21170207], [0.13238354, 0.20262185, -0.0566699, 0.31011758, 0.05998199, -0.07571364], [0.23101634, 0.20627585, -0.09230169, 0.39936516, 0.14527837, -0.13871466], [0.13178709, 0.11650771, -0.0709074, 0.20611019, 0.09151351, -0.06087969], [0.24856788, 0.24336819, -0.18850081, 0.35630216, 0.16717379, -0.06006707], [0.119125, 0.15152405, -0.09909688, 0.20006854, 0.0616042, -0.02002812], [0.19529522, 0.28491771, -0.14539877, 0.40487361, 0.08697103, -0.04989645], [-0.02813432, 0.00624208, 0.0498224, 0.02005633, -0.03355955, -0.02168808], [-0.01469316, 0.01579178, -0.04178519, -0.02341428, 0.01158607, 0.05647835], [0.04623076, -0.04709222, -0.00463957, -0.01103265, 0.02410064, -0.04159119], [0.03204873, -0.01063401, 0.00049881, 0.01275574, 0.03880052, -0.03254753], [0.04626631, -0.01610905, -0.00668132, 0.01601223, 0.03810345, -0.03958499], [0.0391329, -0.01078556, -0.00290957, 0.01580832, 0.03988034, -0.03622333], [0.05010649, -0.01494935, -0.01012197, 0.01459732, 0.03576617, -0.03998452], [-0.0454007, -0.07860633, 0.04113747, 0.02912991, -0.07908368, 0.00426322], [-0.00155922, 0.02881927, -0.01798698, -0.00950905, 0.01321184, 0.0195462], [-0.03684506, -0.0109457, 0.0004668, 0.02501829, 0.00066754, 0.03637827], [-0.04343235, -0.00383916, 0.02711723, 0.01193496, 0.01915525, 0.01631512], [-0.00645941, -0.02143723, -0.01500421, 0.00291032, 0.03053889, 0.02146363], [0.01204622, -0.01256621, -0.03031468, 0.024935, 0.01971052, 0.01826846], [-0.03521682, -0.031888, 0.03820682, -0.03269313, -0.02589292, -0.00299], [-0.02466492, -0.02881999, 0.01315784, -0.04775901, -0.0123205, 0.01150708], [-0.03457932, -0.02777595, 0.03457353, -0.03195346, -0.03032951, 5.79e-06]], "number of molecular orbitals": 92, "number of electrons": 98, "number of unpaired electrons": 0, "orbital energies/eV": [-19.63557284, -18.94997889, -18.41466875, -18.1566929, -17.86665745, -17.72211312, -17.63505682, -17.46080461, -17.25874362, -17.01845608, -16.82279208, -16.48628307, -16.29112398, -16.10271712, -16.03268707, -15.73856198, -15.57080729, -15.32139756, -15.2649109, -15.12208779, -14.99757094, -14.85841252, -14.70851733, -14.48427983, -14.35283222, -14.20483802, -13.89845628, -13.73575199, -13.59895487, -13.41367035, -13.37563127, -13.16944969, -13.03478477, -12.99638766, -12.80006361, -12.72456675, -12.47562628, -12.45592189, -12.35349122, -12.29490786, -12.00306049, -11.78786121, -11.75426235, -11.51925246, -11.27035247, -11.2534447, -10.990579, -10.55427181, -10.02398626, -7.40328114, -6.96214191, -6.50185461, -6.25822745, -3.79172834, -3.01948711, -1.9335814, 0.20837723, 0.49624311, 0.86907129, 2.18961682, 2.32072837, 2.49434556, 2.66647226, 2.97528565, 3.07102179, 3.19346861, 3.81274034, 3.98689629, 4.18704711, 4.35183938, 4.39764689, 4.43011145, 5.0095164, 5.23159497, 5.33664886, 5.90839496, 6.79864184, 7.30240026, 7.55193486, 7.75388148, 8.33983561, 9.13600257, 9.46736186, 10.35459135, 10.45313848, 10.74007352, 11.26346181, 11.72326649, 14.2048324, 15.72039753, 15.97222825, 16.7702891], "fractional occupation": [2.0, 2.0, 2.0, 2.0, 2.0, 2.0, 2.0, 2.0, 2.0, 2.0, 2.0, 2.0, 2.0, 2.0, 2.0, 2.0, 2.0, 2.0, 2.0, 2.0, 2.0, 2.0, 2.0, 2.0, 2.0, 2.0, 2.0, 2.0, 2.0, 2.0, 2.0, 2.0, 2.0, 2.0, 2.0, 2.0, 2.0, 2.0, 2.0, 2.0, 2.0, 2.0, 2.0, 2.0, 2.0, 2.0, 2.0, 2.0, 2.0, 0.0, 0.0, 0.0, 0.0, 0.0, 0.0, 0.0, 0.0, 0.0, 0.0, 0.0, 0.0, 0.0, 0.0, 0.0, 0.0, 0.0, 0.0, 0.0, 0.0, 0.0, 0.0, 0.0, 0.0, 0.0, 0.0, 0.0, 0.0, 0.0, 0.0, 0.0, 0.0, 0.0, 0.0, 0.0, 0.0, 0.0, 0.0, 0.0, 0.0, 0.0, 0.0, 0.0], "program call": "xtb /home/svss/Project-DBcg-Debug/aqme2_20220329/End-to-End-workflows-final/example-3/QDESCP/mol_321_rdkit_conf_1/mol_321_rdkit_conf_1.xyz --pop --wbo --acc 0.2 --gfn 2 --chrg 0 --uhf 0 --etemp 300 --input /home/svss/Project-DBcg-Debug/aqme2_20220329/End-to-End-workflows-final/example-3/QDESCP/mol_321_rdkit_conf_1/mol_321_rdkit_conf_1_xtb.inp", "method": "GFN2-xTB", "xtb version": "6.3.3 (7355c4f)", "Dipole module/D": 3.988, "Total charge": 0, "Transition dipole module/D": NaN, "HOMO": -10.024, "LUMO": -7.4033, "HOMO occupancy": 2.0, "LUMO occupancy": 0, "mulliken charges": [0.16916, -0.41823, 0.25886, -0.0641, -0.03664, -0.04925, -0.0227, -0.0903, 0.24137, -0.56811, -0.04376, -0.05554, -0.04889, -0.04105, 0.14535, -0.33968, 0.28535, -0.3403, 0.16544, 0.02803, 0.02702, 0.04057, 0.0494, 0.03222, 0.04094, 0.03757, 0.3385, 0.02731, 0.0312, 0.03025, 0.04339, 0.03018, 0.0236, 0.02794, 0.04493], "cm5 charges": [0.04785, -0.50639, 0.27454, -0.11379, -0.08932, -0.05765, -0.0745, -0.14211, 0.24944, -0.77185, -0.10313, -0.16165, -0.15426, -0.03743, 0.17191, -0.5231, 0.38603, -0.52342, 0.1927, 0.08717, 0.08615, 0.09961, 0.10825, 0.09019, 0.09941, 0.09629, 0.51149, 0.08751, 0.08851, 0.08464, 0.10124, 0.08458, 0.09171, 0.10347, 0.11592], "FUKUI+": [0.015, -0.032, -0.022, -0.033, -0.026, -0.007, -0.026, -0.028, -0.001, -0.01, 0.01, 0.001, 0.002, -0.024, -0.041, -0.098, -0.005, -0.103, -0.042, -0.012, -0.015, -0.028, -0.052, -0.044, -0.033, -0.047, -0.019, -0.005, -0.015, -0.022, -0.01, -0.02, -0.063, -0.07, -0.072], "FUKUI-": [0.022, -0.081, -0.024, -0.025, -0.01, -0.029, -0.011, -0.017, -0.003, -0.028, 0.006, 0.0, 0.0, -0.025, 0.001, -0.113, 0.002, -0.12, -0.001, -0.036, -0.038, -0.038, -0.044, -0.037, -0.03, -0.038, -0.021, -0.012, -0.015, -0.024, -0.013, -0.023, -0.051, -0.062, -0.061], "FUKUIrad": [0.018, -0.056, -0.023, -0.029, -0.018, -0.018, -0.018, -0.022, -0.002, -0.019, 0.008, 0.0, 0.001, -0.025, -0.02, -0.106, -0.002, -0.112, -0.022, -0.024, -0.027, -0.033, -0.048, -0.04, -0.032, -0.043, -0.02, -0.009, -0.015, -0.023, -0.011, -0.022, -0.057, -0.066, -0.067], "s proportion": [0.972, 1.684, 1.018, 1.058, 1.065, 1.098, 1.066, 1.058, 1.046, 1.705, 1.037, 1.005, 1.005, 1.092, 1.036, 1.561, 1.001, 1.562, 1.037, 0.972, 0.973, 0.959, 0.951, 0.968, 0.959, 0.962, 0.662, 0.973, 0.969, 0.97, 0.957, 0.97, 0.976, 0.972, 0.955], "p proportion": [2.859, 4.734, 2.723, 3.006, 2.972, 2.952, 2.957, 3.033, 2.713, 4.863, 3.006, 3.051, 3.044, 2.949, 2.819, 3.779, 2.714, 3.778, 2.798, 0.0, 0.0, 0.0, 0.0, 0.0, 0.0, 0.0, 0.0, 0.0, 0.0, 0.0, 0.0, 0.0, 0.0, 0.0, 0.0], "d proportion": [0.0, 0.0, 0.0, 0.0, 0.0, 0.0, 0.0, 0.0, 0.0, 0.0, 0.0, 0.0, 0.0, 0.0, 0.0, 0.0, 0.0, 0.0, 0.0, 0.0, 0.0, 0.0, 0.0, 0.0, 0.0, 0.0, 0.0, 0.0, 0.0, 0.0, 0.0, 0.0, 0.0, 0.0, 0.0], "Fermi-level/eV": -8.7136, "Coordination numbers": [3.643, 1.704, 2.859, 2.914, 2.912, 2.956, 2.915, 2.91, 3.779, 1.653, 3.861, 3.803, 3.803, 2.956, 2.93, 1.827, 2.885, 1.828, 2.929, 0.924, 0.924, 0.924, 0.925, 0.925, 0.924, 0.925, 0.804, 0.925, 0.925, 0.925, 0.925, 0.925, 0.925, 0.925, 0.925], "Dispersion coefficient C6": [20.326, 18.473, 24.821, 29.359, 29.001, 28.644, 28.871, 29.634, 18.366, 21.789, 21.08, 21.659, 21.684, 28.142, 26.45, 26.969, 24.872, 26.932, 26.229, 2.394, 2.408, 2.186, 2.301, 2.402, 2.436, 2.461, 0.748, 2.648, 2.488, 2.549, 2.321, 2.549, 2.453, 2.299, 2.129], "Total dispersion C6": 14026.133399, "Total dispersion C8": 332064.133007, "Polarizability alpha": [6.481, 5.803, 8.166, 8.885, 8.831, 8.778, 8.811, 8.926, 6.105, 6.301, 6.529, 6.626, 6.63, 8.701, 8.434, 7.695, 8.176, 7.69, 8.399, 2.42, 2.427, 2.312, 2.372, 2.424, 2.441, 2.453, 1.358, 2.545, 2.467, 2.497, 2.383, 2.497, 2.449, 2.371, 2.282], "Total polarizability alpha": 183.664814, "Wiberg matrix": [[0.0, 0.9809988442204984, 0.0, 0.0, 0.0, 0.0, 0.0, 0.0, 0.0, 0.0, 0.0, 0.0, 0.0, 0.0, 0.0, 0.0, 0.0, 0.0, 0.0, 0.9781047433766243, 0.9779930962832003, 0.9802337213959914, 0.0, 0.0, 0.0, 0.0, 0.0, 0.0, 0.0, 0.0, 0.0, 0.0, 0.0, 0.0, 0.0], [0.9809988442204984, 0.0, 1.0643211954051621, 0.0, 0.0, 0.0, 0.0, 0.0, 0.0, 0.0, 0.0, 0.0, 0.0, 0.0, 0.0, 0.0, 0.0, 0.0, 0.0, 0.0, 0.0, 0.0, 0.0, 0.0, 0.0, 0.0, 0.0, 0.0, 0.0, 0.0, 0.0, 0.0, 0.0, 0.0, 0.0], [0.0, 1.0643211954051621, 0.0, 1.3566294515570414, 0.0, 0.0, 0.0, 1.3704925167076045, 0.0, 0.0, 0.0, 0.0, 0.0, 0.0, 0.0, 0.0, 0.0, 0.0, 0.0, 0.0, 0.0, 0.0, 0.0, 0.0, 0.0, 0.0, 0.0, 0.0, 0.0, 0.0, 0.0, 0.0, 0.0, 0.0, 0.0], [0.0, 0.0, 1.3566294515570414, 0.0, 1.45718629600835, 0.0, 0.11216618303559295, 0.0, 0.0, 0.0, 0.0, 0.0, 0.0, 0.0, 0.0, 0.0, 0.0, 0.0, 0.0, 0.0, 0.0, 0.0, 0.9679319184487815, 0.0, 0.0, 0.0, 0.0, 0.0, 0.0, 0.0, 0.0, 0.0, 0.0, 0.0, 0.0], [0.0, 0.0, 0.0, 1.45718629600835, 0.0, 1.4060854059363599, 0.0, 0.10087712760572623, 0.0, 0.0, 0.0, 0.0, 0.0, 0.0, 0.0, 0.0, 0.0, 0.0, 0.0, 0.0, 0.0, 0.0, 0.0, 0.9667945272846459, 0.0, 0.0, 0.0, 0.0, 0.0, 0.0, 0.0, 0.0, 0.0, 0.0, 0.0], [0.0, 0.0, 0.0, 0.0, 1.4060854059363599, 0.0, 1.4083723827411436, 0.0, 0.9620175944853397, 0.0, 0.0, 0.0, 0.0, 0.0, 0.0, 0.0, 0.0, 0.0, 0.0, 0.0, 0.0, 0.0, 0.0, 0.0, 0.0, 0.0, 0.0, 0.0, 0.0, 0.0, 0.0, 0.0, 0.0, 0.0, 0.0], [0.0, 0.0, 0.0, 0.11216618303559295, 0.0, 1.4083723827411436, 0.0, 1.4448605625746136, 0.0, 0.0, 0.0, 0.0, 0.0, 0.0, 0.0, 0.0, 0.0, 0.0, 0.0, 0.0, 0.0, 0.0, 0.0, 0.0, 0.9698644905732867, 0.0, 0.0, 0.0, 0.0, 0.0, 0.0, 0.0, 0.0, 0.0, 0.0], [0.0, 0.0, 1.3704925167076045, 0.0, 0.10087712760572623, 0.0, 1.4448605625746136, 0.0, 0.0, 0.0, 0.0, 0.0, 0.0, 0.0, 0.0, 0.0, 0.0, 0.0, 0.0, 0.0, 0.0, 0.0, 0.0, 0.0, 0.0, 0.9659806681603887, 0.0, 0.0, 0.0, 0.0, 0.0, 0.0, 0.0, 0.0, 0.0], [0.0, 0.0, 0.0, 0.0, 0.0, 0.9620175944853397, 0.0, 0.0, 0.0, 0.9664108394342599, 0.9613973547813124, 0.0, 0.0, 0.9690829686420873, 0.0, 0.0, 0.0, 0.0, 0.0, 0.0, 0.0, 0.0, 0.0, 0.0, 0.0, 0.0, 0.0, 0.0, 0.0, 0.0, 0.0, 0.0, 0.0, 0.0, 0.0], [0.0, 0.0, 0.0, 0.0, 0.0, 0.0, 0.0, 0.0, 0.9664108394342599, 0.0, 0.0, 0.0, 0.0, 0.0, 0.0, 0.0, 0.0, 0.0, 0.0, 0.0, 0.0, 0.0, 0.0, 0.0, 0.0, 0.0, 0.8945094742716209, 0.0, 0.0, 0.0, 0.0, 0.0, 0.0, 0.0, 0.0], [0.0, 0.0, 0.0, 0.0, 0.0, 0.0, 0.0, 0.0, 0.9613973547813124, 0.0, 0.0, 0.9671703033549354, 0.9733573715924572, 0.0, 0.0, 0.0, 0.0, 0.0, 0.0, 0.0, 0.0, 0.0, 0.0, 0.0, 0.0, 0.0, 0.0, 0.9701168835881209, 0.0, 0.0, 0.0, 0.0, 0.0, 0.0, 0.0], [0.0, 0.0, 0.0, 0.0, 0.0, 0.0, 0.0, 0.0, 0.0, 0.0, 0.9671703033549354, 0.0, 0.9858250789872096, 0.0, 0.0, 0.0, 0.0, 0.0, 0.0, 0.0, 0.0, 0.0, 0.0, 0.0, 0.0, 0.0, 0.0, 0.0, 0.9783953118834257, 0.9810657722227039, 0.0, 0.0, 0.0, 0.0, 0.0], [0.0, 0.0, 0.0, 0.0, 0.0, 0.0, 0.0, 0.0, 0.0, 0.0, 0.9733573715924572, 0.9858250789872096, 0.0, 0.0, 0.0, 0.0, 0.0, 0.0, 0.0, 0.0, 0.0, 0.0, 0.0, 0.0, 0.0, 0.0, 0.0, 0.0, 0.0, 0.0, 0.978356324502341, 0.9818357939374271, 0.0, 0.0, 0.0], [0.0, 0.0, 0.0, 0.0, 0.0, 0.0, 0.0, 0.0, 0.9690829686420873, 0.0, 0.0, 0.0, 0.0, 0.0, 1.405946911438489, 0.0, 0.1056895374513573, 0.0, 1.4051099905634863, 0.0, 0.0, 0.0, 0.0, 0.0, 0.0, 0.0, 0.0, 0.0, 0.0, 0.0, 0.0, 0.0, 0.0, 0.0, 0.0], [0.0, 0.0, 0.0, 0.0, 0.0, 0.0, 0.0, 0.0, 0.0, 0.0, 0.0, 0.0, 0.0, 1.405946911438489, 0.0, 1.4283135913699212, 0.0, 0.10785583344115064, 0.0, 0.0, 0.0, 0.0, 0.0, 0.0, 0.0, 0.0, 0.0, 0.0, 0.0, 0.0, 0.0, 0.0, 0.96246311961955, 0.0, 0.0], [0.0, 0.0, 0.0, 0.0, 0.0, 0.0, 0.0, 0.0, 0.0, 0.0, 0.0, 0.0, 0.0, 0.0, 1.4283135913699212, 0.0, 1.427752042194818, 0.0, 0.1077158098930789, 0.0, 0.0, 0.0, 0.0, 0.0, 0.0, 0.0, 0.0, 0.0, 0.0, 0.0, 0.0, 0.0, 0.0, 0.0, 0.0], [0.0, 0.0, 0.0, 0.0, 0.0, 0.0, 0.0, 0.0, 0.0, 0.0, 0.0, 0.0, 0.0, 0.1056895374513573, 0.0, 1.427752042194818, 0.0, 1.435255321194036, 0.0, 0.0, 0.0, 0.0, 0.0, 0.0, 0.0, 0.0, 0.0, 0.0, 0.0, 0.0, 0.0, 0.0, 0.0, 0.9585546176016179, 0.0], [0.0, 0.0, 0.0, 0.0, 0.0, 0.0, 0.0, 0.0, 0.0, 0.0, 0.0, 0.0, 0.0, 0.0, 0.10785583344115064, 0.0, 1.435255321194036, 0.0, 1.4226088327122524, 0.0, 0.0, 0.0, 0.0, 0.0, 0.0, 0.0, 0.0, 0.0, 0.0, 0.0, 0.0, 0.0, 0.0, 0.0, 0.0], [0.0, 0.0, 0.0, 0.0, 0.0, 0.0, 0.0, 0.0, 0.0, 0.0, 0.0, 0.0, 0.0, 1.4051099905634863, 0.0, 0.1077158098930789, 0.0, 1.4226088327122524, 0.0, 0.0, 0.0, 0.0, 0.0, 0.0, 0.0, 0.0, 0.0, 0.0, 0.0, 0.0, 0.0, 0.0, 0.0, 0.0, 0.9594488820800215], [0.9781047433766243, 0.0, 0.0, 0.0, 0.0, 0.0, 0.0, 0.0, 0.0, 0.0, 0.0, 0.0, 0.0, 0.0, 0.0, 0.0, 0.0, 0.0, 0.0, 0.0, 0.0, 0.0, 0.0, 0.0, 0.0, 0.0, 0.0, 0.0, 0.0, 0.0, 0.0, 0.0, 0.0, 0.0, 0.0], [0.9779930962832003, 0.0, 0.0, 0.0, 0.0, 0.0, 0.0, 0.0, 0.0, 0.0, 0.0, 0.0, 0.0, 0.0, 0.0, 0.0, 0.0, 0.0, 0.0, 0.0, 0.0, 0.0, 0.0, 0.0, 0.0, 0.0, 0.0, 0.0, 0.0, 0.0, 0.0, 0.0, 0.0, 0.0, 0.0], [0.9802337213959914, 0.0, 0.0, 0.0, 0.0, 0.0, 0.0, 0.0, 0.0, 0.0, 0.0, 0.0, 0.0, 0.0, 0.0, 0.0, 0.0, 0.0, 0.0, 0.0, 0.0, 0.0, 0.0, 0.0, 0.0, 0.0, 0.0, 0.0, 0.0, 0.0, 0.0, 0.0, 0.0, 0.0, 0.0], [0.0, 0.0, 0.0, 0.9679319184487815, 0.0, 0.0, 0.0, 0.0, 0.0, 0.0, 0.0, 0.0, 0.0, 0.0, 0.0, 0.0, 0.0, 0.0, 0.0, 0.0, 0.0, 0.0, 0.0, 0.0, 0.0, 0.0, 0.0, 0.0, 0.0, 0.0, 0.0, 0.0, 0.0, 0.0, 0.0], [0.0, 0.0, 0.0, 0.0, 0.9667945272846459, 0.0, 0.0, 0.0, 0.0, 0.0, 0.0, 0.0, 0.0, 0.0, 0.0, 0.0, 0.0, 0.0, 0.0, 0.0, 0.0, 0.0, 0.0, 0.0, 0.0, 0.0, 0.0, 0.0, 0.0, 0.0, 0.0, 0.0, 0.0, 0.0, 0.0], [0.0, 0.0, 0.0, 0.0, 0.0, 0.0, 0.9698644905732867, 0.0, 0.0, 0.0, 0.0, 0.0, 0.0, 0.0, 0.0, 0.0, 0.0, 0.0, 0.0, 0.0, 0.0, 0.0, 0.0, 0.0, 0.0, 0.0, 0.0, 0.0, 0.0, 0.0, 0.0, 0.0, 0.0, 0.0, 0.0], [0.0, 0.0, 0.0, 0.0, 0.0, 0.0, 0.0, 0.9659806681603887, 0.0, 0.0, 0.0, 0.0, 0.0, 0.0, 0.0, 0.0, 0.0, 0.0, 0.0, 0.0, 0.0, 0.0, 0.0, 0.0, 0.0, 0.0, 0.0, 0.0, 0.0, 0.0, 0.0, 0.0, 0.0, 0.0, 0.0], [0.0, 0.0, 0.0, 0.0, 0.0, 0.0, 0.0, 0.0, 0.0, 0.8945094742716209, 0.0, 0.0, 0.0, 0.0, 0.0, 0.0, 0.0, 0.0, 0.0, 0.0, 0.0, 0.0, 0.0, 0.0, 0.0, 0.0, 0.0, 0.0, 0.0, 0.0, 0.0, 0.0, 0.0, 0.0, 0.0], [0.0, 0.0, 0.0, 0.0, 0.0, 0.0, 0.0, 0.0, 0.0, 0.0, 0.9701168835881209, 0.0, 0.0, 0.0, 0.0, 0.0, 0.0, 0.0, 0.0, 0.0, 0.0, 0.0, 0.0, 0.0, 0.0, 0.0, 0.0, 0.0, 0.0, 0.0, 0.0, 0.0, 0.0, 0.0, 0.0], [0.0, 0.0, 0.0, 0.0, 0.0, 0.0, 0.0, 0.0, 0.0, 0.0, 0.0, 0.9783953118834257, 0.0, 0.0, 0.0, 0.0, 0.0, 0.0, 0.0, 0.0, 0.0, 0.0, 0.0, 0.0, 0.0, 0.0, 0.0, 0.0, 0.0, 0.0, 0.0, 0.0, 0.0, 0.0, 0.0], [0.0, 0.0, 0.0, 0.0, 0.0, 0.0, 0.0, 0.0, 0.0, 0.0, 0.0, 0.9810657722227039, 0.0, 0.0, 0.0, 0.0, 0.0, 0.0, 0.0, 0.0, 0.0, 0.0, 0.0, 0.0, 0.0, 0.0, 0.0, 0.0, 0.0, 0.0, 0.0, 0.0, 0.0, 0.0, 0.0], [0.0, 0.0, 0.0, 0.0, 0.0, 0.0, 0.0, 0.0, 0.0, 0.0, 0.0, 0.0, 0.978356324502341, 0.0, 0.0, 0.0, 0.0, 0.0, 0.0, 0.0, 0.0, 0.0, 0.0, 0.0, 0.0, 0.0, 0.0, 0.0, 0.0, 0.0, 0.0, 0.0, 0.0, 0.0, 0.0], [0.0, 0.0, 0.0, 0.0, 0.0, 0.0, 0.0, 0.0, 0.0, 0.0, 0.0, 0.0, 0.9818357939374271, 0.0, 0.0, 0.0, 0.0, 0.0, 0.0, 0.0, 0.0, 0.0, 0.0, 0.0, 0.0, 0.0, 0.0, 0.0, 0.0, 0.0, 0.0, 0.0, 0.0, 0.0, 0.0], [0.0, 0.0, 0.0, 0.0, 0.0, 0.0, 0.0, 0.0, 0.0, 0.0, 0.0, 0.0, 0.0, 0.0, 0.96246311961955, 0.0, 0.0, 0.0, 0.0, 0.0, 0.0, 0.0, 0.0, 0.0, 0.0, 0.0, 0.0, 0.0, 0.0, 0.0, 0.0, 0.0, 0.0, 0.0, 0.0], [0.0, 0.0, 0.0, 0.0, 0.0, 0.0, 0.0, 0.0, 0.0, 0.0, 0.0, 0.0, 0.0, 0.0, 0.0, 0.0, 0.9585546176016179, 0.0, 0.0, 0.0, 0.0, 0.0, 0.0, 0.0, 0.0, 0.0, 0.0, 0.0, 0.0, 0.0, 0.0, 0.0, 0.0, 0.0, 0.0], [0.0, 0.0, 0.0, 0.0, 0.0, 0.0, 0.0, 0.0, 0.0, 0.0, 0.0, 0.0, 0.0, 0.0, 0.0, 0.0, 0.0, 0.0, 0.9594488820800215, 0.0, 0.0, 0.0, 0.0, 0.0, 0.0, 0.0, 0.0, 0.0, 0.0, 0.0, 0.0, 0.0, 0.0, 0.0, 0.0]], "Born radii": [], "Atomic SASAs": [], "Solvent H bonds": [], "Total SASA": NaN, "Total FOD": 0.0, "FOD": [0.0, 0.0, 0.0, 0.0, 0.0, 0.0, 0.0, 0.0, 0.0, 0.0, 0.0, 0.0, 0.0, 0.0, 0.0, 0.0, 0.0, 0.0, 0.0, 0.0, 0.0, 0.0, 0.0, 0.0, 0.0, 0.0, 0.0, 0.0, 0.0, 0.0, 0.0, 0.0, 0.0, 0.0, 0.0], "FOD s proportion": [0.0, 0.0, 0.0, 0.0, 0.0, 0.0, 0.0, 0.0, 0.0, 0.0, 0.0, 0.0, 0.0, 0.0, 0.0, 0.0, 0.0, 0.0, 0.0, 0.0, 0.0, 0.0, 0.0, 0.0, 0.0, 0.0, 0.0, 0.0, 0.0, 0.0, 0.0, 0.0, 0.0, 0.0, 0.0], "FOD p proportion": [0.0, 0.0, 0.0, 0.0, 0.0, 0.0, 0.0, 0.0, 0.0, 0.0, 0.0, 0.0, 0.0, 0.0, 0.0, 0.0, 0.0, 0.0, 0.0, 0.0, 0.0, 0.0, 0.0, 0.0, 0.0, 0.0, 0.0, 0.0, 0.0, 0.0, 0.0, 0.0, 0.0, 0.0, 0.0], "FOD d proportion": [0.0, 0.0, 0.0, 0.0, 0.0, 0.0, 0.0, 0.0, 0.0, 0.0, 0.0, 0.0, 0.0, 0.0, 0.0, 0.0, 0.0, 0.0, 0.0, 0.0, 0.0, 0.0, 0.0, 0.0, 0.0, 0.0, 0.0, 0.0, 0.0, 0.0, 0.0, 0.0, 0.0, 0.0, 0.0], "coordinates": [["5.24710", "-0.92840", "1.00710"], ["4.24100", "-1.67190", "0.33050"], ["2.96720", "-1.17930", "0.38510"], ["2.02120", "-1.92490", "-0.31850"], ["0.67660", "-1.53780", "-0.35150"], ["0.24300", "-0.38700", "0.32360"], ["1.21180", "0.35250", "1.03430"], ["2.55650", "-0.03630", "1.06420"], ["-1.21620", "0.09910", "0.33110"], ["-1.60780", "0.16490", "1.71070"], ["-2.16260", "-0.85640", "-0.38970"], ["-2.70390", "-2.11770", "0.25400"], ["-3.62620", "-0.96150", "-0.01080"], ["-1.38700", "1.47040", "-0.29110"], ["-0.78040", "1.83900", "-1.48040"], ["-0.93590", "3.04030", "-2.07520"], ["-1.74350", "3.90100", "-1.44020"], ["-2.39610", "3.66740", "-0.29360"], ["-2.20200", "2.44720", "0.25200"], ["5.34210", "0.07930", "0.58930"], ["5.05420", "-0.89390", "2.08440"], ["6.20110", "-1.44270", "0.85610"], ["2.33480", "-2.82080", "-0.85040"], ["-0.01140", "-2.16120", "-0.91660"], ["0.91850", "1.25260", "1.57560"], ["3.25180", "0.57780", "1.62680"], ["-1.17450", "-0.58230", "2.15690"], ["-1.95270", "-0.90370", "-1.45590"], ["-2.45960", "-2.33870", "1.28610"], ["-2.80880", "-2.99980", "-0.36840"], ["-3.99120", "-0.39860", "0.84150"], ["-4.35000", "-1.05780", "-0.81260"], ["-0.12510", "1.15860", "-2.01900"], ["-1.88300", "4.87450", "-1.89670"], ["-2.74900", "2.27600", "1.17630"]], "bond_dist": [[0.0, 1.4222577192618784, 2.376505590147012, 3.6272108320305834, 4.806935881619392, 5.079498303966642, 4.2338033421499395, 2.835212722178002, 6.579284090233526, 6.977106266927572, 7.5405496039745, 8.074651391855873, 8.931554674859242, 7.172924612039361, 7.083566563532808, 7.9674740024677835, 8.841994685024414, 9.012863272567715, 8.213034894605038, 1.0950073652720334, 1.0949776025106632, 1.0942675586893735, 3.938651457034501, 5.733431762914773, 4.880238847638505, 2.5756336346615756, 6.53289918872165, 7.609474300501973, 7.839643613073236, 8.430908789685724, 9.254960739516942, 9.768949834040503, 6.509484084779683, 9.64074835580724, 8.615940065367214], [1.4222577192618784, 0.0, 1.3668219927993546, 2.3265257445384093, 3.631536062054182, 4.1994070557639445, 3.7107387997540324, 2.4598868469911372, 5.737375114109239, 6.283887946168359, 6.4953692158336915, 6.959613918889466, 7.906578886598172, 6.47570998810169, 6.389071574180399, 7.402196629379686, 8.367008614194203, 8.541002383210065, 7.647574521376042, 2.08473021995653, 2.0839250106469764, 2.0422487630061137, 2.51954251006011, 4.458427823796186, 4.598040942618932, 2.7784996706856018, 5.818127307819931, 6.491785262160171, 6.801164162112248, 7.20773609811014, 8.345749261150852, 8.688445051906584, 5.709177673710987, 9.23683651473815, 8.072260653001736], [2.376505590147012, 1.3668219927993546, 0.0, 1.3949510098924622, 2.432683738178886, 2.837743325249837, 2.418532827976499, 1.3915100790148809, 4.374706632449769, 4.949213472866169, 5.198021497646964, 5.749709295260066, 6.6088650470409815, 5.14171315516531, 5.1608847012891115, 6.252382734606065, 7.164625787157344, 7.2605868543803, 6.315840917882591, 2.695537350882009, 2.706407702102549, 3.2786170514410493, 2.1496307264272163, 3.3956749638326698, 3.3953791467227927, 2.170303310599696, 4.544157031837698, 5.2602901412374585, 5.621936285658172, 6.102799234777431, 7.016916987538045, 7.415568985587012, 4.561555930820097, 8.08576191338825, 6.726071510919283], [3.6272108320305834, 2.3265257445384093, 1.3949510098924622, 0.0, 1.3996015754492417, 2.4370933630043803, 2.769791862216365, 2.401086283330943, 3.8728949017498526, 4.653445785651746, 4.318673885581082, 4.763559393982613, 5.737241986355464, 4.810887661336523, 4.8338305079926, 6.04016939663119, 7.02654166642453, 7.126498339998403, 6.1054194696187745, 3.98362840762037, 4.004494775873731, 4.368496996679751, 1.0880714039069312, 2.131906203377625, 3.8600606666217048, 3.400305242180472, 4.259422309421783, 4.257746987551045, 4.777398898982583, 4.948413889318475, 6.310637483646165, 6.448890343307133, 4.123866655215709, 7.997833034016152, 6.529685742055279], [4.806935881619392, 3.631536062054182, 2.432683738178886, 1.3996015754492417, 0.0, 1.4028932995776977, 2.4041869249290913, 2.791546659112113, 2.5938535444392383, 3.517149341441162, 2.920072231983312, 3.48291465729495, 4.35457070444378, 3.6484737027968284, 3.8470823295063497, 5.15075698805525, 6.051668954924748, 6.044745217128676, 4.952855258333319, 5.0266298152937425, 5.050900689975997, 5.6557441614698245, 2.155137455013021, 1.086880660422293, 3.399788549307148, 3.8757050055441526, 3.2606168158800877, 2.9214723445550534, 3.6275232611245927, 3.779648498207208, 4.950695151188366, 5.0704753988161695, 3.2701455777992514, 7.075082083622776, 5.34920355193182], [5.079498303966642, 4.1994070557639445, 2.837743325249837, 2.4370933630043803, 1.4028932995776977, 0.0, 1.410860793983588, 2.454335164560864, 1.538055298095618, 2.377835288660676, 2.5526544243199076, 3.4182431540193274, 3.925886173846613, 2.546505615544564, 3.042505474111756, 4.346312453103205, 5.0442161621009065, 4.8768785108919825, 3.743773657688189, 5.127265644571188, 5.148301631606291, 6.074291263184537, 3.4172043661449343, 2.179587355441392, 2.170735453711483, 3.4179009230812993, 2.3256047020076305, 2.8730989593120526, 3.469810643248418, 4.076649491923484, 4.265771279616384, 4.778762609713941, 2.830574452297625, 6.093684463442458, 4.095208210823962], [4.2338033421499395, 3.7107387997540324, 2.418532827976499, 2.769791862216365, 2.4041869249290913, 1.410860793983588, 0.0, 1.400099117919871, 2.54044992078175, 2.905659112834814, 3.856914643857185, 4.695046604667519, 5.121042277700898, 3.124123398651212, 3.535853387797633, 4.637442655171059, 5.239160294360157, 5.076300112286507, 4.080905759754812, 4.16317683145936, 4.173758585495811, 5.305432382944862, 3.8578563970163535, 3.4089465733566433, 1.090509325957371, 2.136215424530026, 2.7979473708417033, 4.218198043003671, 4.559072124895591, 5.419474784515562, 5.260468805154157, 6.027736303124084, 3.429247688633762, 6.214260377550976, 4.405445821934483], [2.835212722178002, 2.4598868469911372, 1.3915100790148809, 2.401086283330943, 2.791546659112113, 2.454335164560864, 1.400099117919871, 0.0, 3.8456513180474388, 4.218985444393, 5.005626237545108, 5.714932909492465, 6.34329562057453, 4.433754078656145, 4.596372576282302, 5.614103461818281, 6.345419659092691, 6.33160811247822, 5.428698125701962, 2.8281550045922166, 2.8310406372922308, 3.912080741753677, 3.3864855381353696, 3.8772256911353513, 2.146121424803359, 1.0849330209741057, 3.9258719146197323, 5.23795488812189, 5.523725606870783, 6.294530888001106, 6.561496160937687, 7.229493947711693, 4.2573332979695175, 7.252037348221533, 5.788577368404089], [6.579284090233526, 5.737375114109239, 4.374706632449769, 3.8728949017498526, 2.5938535444392383, 1.538055298095618, 2.54044992078175, 3.8456513180474388, 0.0, 1.4356101002709616, 1.525845945697009, 2.6708421780404774, 2.655158746666572, 1.5155095413754411, 2.5492559502725496, 3.8104468530606748, 4.227291401122, 3.8098791306286874, 2.547868140230181, 6.563410559305276, 6.586199666727391, 7.59401814127409, 4.746720895523562, 2.8490795741782993, 2.726955553359827, 4.676645825802933, 1.9492538290330481, 2.1774776898971893, 2.8984370615902635, 3.5537102048422575, 2.8651070573366018, 3.530887953475726, 2.799287314657072, 5.311512048371914, 2.7933371601007995], [6.977106266927572, 6.283887946168359, 4.949213472866169, 4.653445785651746, 3.517149341441162, 2.377835288660676, 2.905659112834814, 4.218985444393, 1.4356101002709616, 0.0, 2.400528460568631, 2.9212450872872684, 2.8820613751271846, 2.400059609676393, 3.69733968956059, 4.80129290712408, 4.889276890297787, 4.111707872648543, 2.7730439268067864, 7.040310741011366, 6.755956862650915, 8.018331380655205, 5.569356557089876, 3.855118605179353, 2.7538218878496843, 4.877831257844001, 0.9721888551099522, 3.3597942689992193, 2.678406496407892, 3.972453133770114, 2.5987759522513674, 3.9219509201416582, 4.134791538880769, 5.938804758535172, 2.4585898417588896], [7.5405496039745, 6.4953692158336915, 5.198021497646964, 4.318673885581082, 2.920072231983312, 2.5526544243199076, 3.856914643857185, 5.005626237545108, 1.525845945697009, 2.400528460568631, 0.0, 1.5159924373162288, 1.515498657208247, 2.454643672715044, 3.2195161888084987, 4.4192730205317705, 4.889994869117962, 4.530841411923397, 3.3655763562872854, 7.6259096231203785, 7.6292056794924585, 8.47627530345729, 4.929271610491757, 2.570561823804282, 4.21941492389644, 5.9530604944011785, 2.7452948803361723, 1.0876937712426233, 2.256928871276186, 2.2387924624672113, 2.2514911147948156, 2.236990194435371, 3.2963995115883633, 5.932321634065368, 3.550795786862432], [8.074651391855873, 6.959613918889466, 5.749709295260066, 4.763559393982613, 3.48291465729495, 3.4182431540193274, 4.695046604667519, 5.714932909492465, 2.6708421780404774, 2.9212450872872684, 1.5159924373162288, 0.0, 1.5025161463358723, 3.860805774705586, 4.729003119051625, 5.9292462117878015, 6.32593325051727, 5.819105481944798, 4.592408912542523, 8.347296034644991, 8.064500369520731, 8.950819761898908, 5.20601062811055, 2.9362821492492848, 5.1212625796770075, 6.679869952326916, 2.884015591150644, 2.2275222670043053, 1.083399233893028, 1.0846594765178608, 2.2265673917490125, 2.2294996703296457, 4.748776698266617, 7.361402593256261, 4.48968495442609], [8.931554674859242, 7.906578886598172, 6.6088650470409815, 5.737241986355464, 4.35457070444378, 3.925886173846613, 5.121042277700898, 6.34329562057453, 2.655158746666572, 2.8820613751271846, 1.515498657208247, 1.5025161463358723, 0.0, 3.317638066456315, 4.2545389938276506, 5.245366020593796, 5.4066301796960365, 4.797899234039831, 3.7035989483204035, 9.04841364770643, 8.92993711959944, 9.877190609682494, 6.300432179620697, 3.9149115915943744, 5.2984150328187765, 7.2358871087103065, 3.294472464598847, 2.2118447278233613, 2.222517718714521, 2.2250140246749006, 1.08466432595527, 1.0844553333355873, 4.559099961615231, 6.376069404421505, 3.5581023734569523], [7.172924612039361, 6.47570998810169, 5.14171315516531, 4.810887661336523, 3.6484737027968284, 2.546505615544564, 3.124123398651212, 4.433754078656145, 1.5155095413754411, 2.400059609676393, 2.454643672715044, 3.860805774705586, 3.317638066456315, 0.0, 1.3850140829608917, 2.4189026499634085, 2.7120729009375837, 2.417663760740935, 1.3832284157000247, 6.927557302541785, 7.26098975209303, 8.208622360664426, 5.70780248169118, 3.9334519407258552, 2.9744471721649384, 5.098386078946945, 3.201786616875022, 2.7042792644251814, 4.259961667667914, 4.691500673558515, 3.3996766610958757, 3.9297743561176635, 2.162232471312925, 3.7962961120018024, 2.1580774128839773], [7.083566563532808, 6.389071574180399, 5.1608847012891115, 4.8338305079926, 3.8470823295063497, 3.042505474111756, 3.535853387797633, 4.596372576282302, 2.5492559502725496, 3.69733968956059, 3.2195161888084987, 4.729003119051625, 4.2545389938276506, 1.3850140829608917, 0.0, 1.3494772988086905, 2.276185767902084, 2.71330560202864, 2.3220817298277856, 6.69814962732246, 7.363361909481293, 8.060405038830245, 5.640488195183108, 4.112278137480488, 3.545315524745294, 5.244421237848844, 4.3872496840275685, 2.9828326855524434, 5.284544652096337, 5.363295255717328, 4.55052854182896, 4.645368794832117, 1.087406184459147, 3.256269752339324, 3.3353275476330655], [7.9674740024677835, 7.402196629379686, 6.252382734606065, 6.04016939663119, 5.15075698805525, 4.346312453103205, 4.637442655171059, 5.614103461818281, 3.8104468530606748, 4.80129290712408, 4.4192730205317705, 5.9292462117878015, 5.245366020593796, 2.4189026499634085, 1.3494772988086905, 0.0, 1.3402414894339005, 2.3873703127081063, 2.714891647929987, 7.435076680841967, 8.28622349505491, 8.923372551339543, 6.822763863713884, 5.40857249743405, 4.467998577663158, 6.1078262532590095, 5.57591527284983, 4.119775567916291, 6.523315137259582, 6.550093790168199, 5.446836714093786, 5.481301048108924, 2.049719485685785, 2.0719918677446594, 3.8004918563259675], [8.841994685024414, 8.367008614194203, 7.164625787157344, 7.02654166642453, 6.051668954924748, 5.0442161621009065, 5.239160294360157, 6.345419659092691, 4.227291401122, 4.889276890297787, 4.889994869117962, 6.32593325051727, 5.4066301796960365, 2.7120729009375837, 2.276185767902084, 1.3402414894339005, 0.0, 1.3398310639778432, 2.277563946412921, 8.302408596305051, 9.034522481016912, 9.846054668749305, 7.884350966947121, 6.326499522642833, 4.816151596451257, 6.738187392021685, 5.776059928705727, 4.8092778272834265, 6.8468508812446025, 7.0643230369229295, 5.361424282781582, 5.637146569852517, 3.2365082666355107, 1.0842300263320515, 3.2400196758661823], [9.012863272567715, 8.541002383210065, 7.2605868543803, 7.126498339998403, 6.044745217128676, 4.8768785108919825, 5.076300112286507, 6.33160811247822, 3.8098791306286874, 4.111707872648543, 4.530841411923397, 5.819105481944798, 4.797899234039831, 2.417663760740935, 2.71330560202864, 2.3873703127081063, 1.3398310639778432, 0.0, 1.3506451088276301, 8.575180071578673, 9.053580053216518, 10.067113783999861, 8.049110527878222, 6.328309493853789, 4.506854872302857, 6.718060637564981, 5.055413623038179, 4.737351587121226, 6.210694127873309, 6.6803796426550495, 4.512776531139116, 5.139513717269368, 3.798489647215061, 2.0713019166698032, 2.054540917090726], [8.213034894605038, 7.647574521376042, 6.315840917882591, 6.1054194696187745, 4.952855258333319, 3.743773657688189, 4.080905759754812, 5.428698125701962, 2.547868140230181, 2.7730439268067864, 3.3655763562872854, 4.592408912542523, 3.7035989483204035, 1.3832284157000247, 2.3220817298277856, 2.714891647929987, 2.277563946412921, 1.3506451088276301, 0.0, 7.914175036603626, 8.195918338416995, 9.279458412536801, 7.0391522216812445, 5.234663779078843, 3.593954141332357, 5.9269440557508215, 3.723207019492738, 3.7692975088204435, 4.903117312486007, 5.515696819079163, 3.4128176819162195, 4.246445826806225, 3.3363819580497673, 3.2573697947884273, 1.0875885848978004], [1.0950073652720334, 2.08473021995653, 2.695537350882009, 3.98362840762037, 5.0266298152937425, 5.127265644571188, 4.16317683145936, 2.8281550045922166, 6.563410559305276, 7.040310741011366, 7.6259096231203785, 8.347296034644991, 9.04841364770643, 6.927557302541785, 6.69814962732246, 7.435076680841967, 8.302408596305051, 8.575180071578673, 7.914175036603626, 0.0, 1.8070220419242262, 1.7679217290366676, 4.418955689979251, 5.995626515219239, 4.681629795274292, 2.386265406445813, 6.735069404245216, 7.639583698081985, 8.197486024995714, 8.765569970629405, 9.348929464917362, 9.858758665775321, 6.152917455971598, 9.02087629058286, 8.4045201588193], [1.0949776025106632, 2.0839250106469764, 2.706407702102549, 4.004494775873731, 5.050900689975997, 5.148301631606291, 4.173758585495811, 2.8310406372922308, 6.586199666727391, 6.755956862650915, 7.6292056794924585, 8.064500369520731, 8.92993711959944, 7.26098975209303, 7.363361909481293, 8.28622349505491, 9.034522481016912, 9.053580053216518, 8.195918338416995, 1.8070220419242262, 0.0, 1.7678466958421484, 4.440848005730437, 6.022653372891387, 4.687254439434668, 2.3714856967732274, 6.2369106535207, 7.850507482959302, 7.692978640942662, 8.50163582200508, 9.143816689982362, 9.841669058142527, 6.919233794286764, 9.86145727618388, 8.471295170161408], [1.0942675586893735, 2.0422487630061137, 3.2786170514410493, 4.368496996679751, 5.6557441614698245, 6.074291263184537, 5.305432382944862, 3.912080741753677, 7.59401814127409, 8.018331380655205, 8.47627530345729, 8.950819761898908, 9.877190609682494, 8.208622360664426, 8.060405038830245, 8.923372551339543, 9.846054668749305, 10.067113783999861, 9.279458412536801, 1.7679217290366676, 1.7678466958421484, 0.0, 4.4451746366144045, 6.500297207820577, 5.973958913484425, 3.6571531592209814, 7.538689817202987, 8.492368305720143, 8.717536377325878, 9.22508854537451, 10.245649674862008, 10.6891729759603, 7.419822648823892, 10.622504247586818, 9.697192776262623], [3.938651457034501, 2.51954251006011, 2.1496307264272163, 1.0880714039069312, 2.155137455013021, 3.4172043661449343, 3.8578563970163535, 3.3864855381353696, 4.746720895523562, 5.569356557089876, 4.929271610491757, 5.20601062811055, 6.300432179620697, 5.70780248169118, 5.640488195183108, 6.822763863713884, 7.884350966947121, 8.049110527878222, 7.0391522216812445, 4.418955689979251, 4.440848005730437, 4.4451746366144045, 0.0, 2.4380543554236027, 4.948127853036945, 4.304403652075395, 5.135165238821434, 4.735457624137291, 5.270988903422203, 5.169234562292565, 6.9819663741670945, 6.913475889883467, 4.822069921724487, 8.837546187715231, 7.478629925995804], [5.733431762914773, 4.458427823796186, 3.3956749638326698, 2.131906203377625, 1.086880660422293, 2.179587355441392, 3.4089465733566433, 3.8772256911353513, 2.8490795741782993, 3.855118605179353, 2.570561823804282, 2.9362821492492848, 3.9149115915943744, 3.9334519407258552, 4.112278137480488, 5.40857249743405, 6.326499522642833, 6.328309493853789, 5.234663779078843, 5.995626515219239, 6.022653372891387, 6.500297207820577, 2.4380543554236027, 0.0, 4.327794506443207, 4.961801971058498, 3.645837224836018, 2.3750360902521037, 3.2980413551076038, 2.9714003365416786, 4.694303186842538, 4.4779188826953975, 3.499897925654404, 7.346057245897285, 5.618133854759959], [4.880238847638505, 4.598040942618932, 3.3953791467227927, 3.8600606666217048, 3.399788549307148, 2.170735453711483, 1.090509325957371, 2.146121424803359, 2.726955553359827, 2.7538218878496843, 4.21941492389644, 5.1212625796770075, 5.2984150328187765, 2.9744471721649384, 3.545315524745294, 4.467998577663158, 4.816151596451257, 4.506854872302857, 3.593954141332357, 4.681629795274292, 4.687254439434668, 5.973958913484425, 4.948127853036945, 4.327794506443207, 0.0, 2.429457834579559, 2.843486715284599, 4.699299030706602, 4.938907323487656, 5.9795323437539825, 5.231684082587556, 6.228847377324315, 3.7442070081660814, 5.746601530469987, 3.8284911257569867], [2.5756336346615756, 2.7784996706856018, 2.170303310599696, 3.400305242180472, 3.8757050055441526, 3.4179009230812993, 2.136215424530026, 1.0849330209741057, 4.676645825802933, 4.877831257844001, 5.9530604944011785, 6.679869952326916, 7.2358871087103065, 5.098386078946945, 5.244421237848844, 6.1078262532590095, 6.738187392021685, 6.718060637564981, 5.9269440557508215, 2.386265406445813, 2.3714856967732274, 3.6571531592209814, 4.304403652075395, 4.961801971058498, 2.429457834579559, 0.0, 4.606405291547846, 6.22773649009012, 6.42200425879647, 7.315115662790302, 7.350585150176821, 8.149430836567667, 5.00326292433248, 7.565900751397682, 6.252714141075058], [6.53289918872165, 5.818127307819931, 4.544157031837698, 4.259422309421783, 3.2606168158800877, 2.3256047020076305, 2.7979473708417033, 3.9258719146197323, 1.9492538290330481, 0.9721888551099522, 2.7452948803361723, 2.884015591150644, 3.294472464598847, 3.201786616875022, 4.3872496840275685, 5.57591527284983, 5.776059928705727, 5.055413623038179, 3.723207019492738, 6.735069404245216, 6.2369106535207, 7.538689817202987, 5.135165238821434, 3.645837224836018, 2.843486715284599, 4.606405291547846, 0.0, 3.7096114405689447, 2.3440809734307386, 3.8590650201829977, 3.1141325822771257, 4.373537555572148, 4.644363678697007, 6.834494235128156, 3.4074191846616113], [7.609474300501973, 6.491785262160171, 5.2602901412374585, 4.257746987551045, 2.9214723445550534, 2.8730989593120526, 4.218198043003671, 5.23795488812189, 2.1774776898971893, 3.3597942689992193, 1.0876937712426233, 2.2275222670043053, 2.2118447278233613, 2.7042792644251814, 2.9828326855524434, 4.119775567916291, 4.8092778272834265, 4.737351587121226, 3.7692975088204435, 7.639583698081985, 7.850507482959302, 8.492368305720143, 4.735457624137291, 2.3750360902521037, 4.699299030706602, 6.22773649009012, 3.7096114405689447, 0.0, 3.1360383623291344, 2.511811830133778, 3.1126604408447767, 2.4868914310841954, 2.8125228283517987, 5.795408352307885, 4.2039341835951705], [7.839643613073236, 6.801164162112248, 5.621936285658172, 4.777398898982583, 3.6275232611245927, 3.469810643248418, 4.559072124895591, 5.523725606870783, 2.8984370615902635, 2.678406496407892, 2.256928871276186, 1.083399233893028, 2.222517718714521, 4.259961667667914, 5.284544652096337, 6.523315137259582, 6.8468508812446025, 6.210694127873309, 4.903117312486007, 8.197486024995714, 7.692978640942662, 8.717536377325878, 5.270988903422203, 3.2980413551076038, 4.938907323487656, 6.42200425879647, 2.3440809734307386, 3.1360383623291344, 0.0, 1.8155891881149768, 2.5114648574089187, 3.1014284870040125, 5.348334652020197, 7.905247474937139, 4.625069133537356], [8.430908789685724, 7.20773609811014, 6.102799234777431, 4.948413889318475, 3.779648498207208, 4.076649491923484, 5.419474784515562, 6.294530888001106, 3.5537102048422575, 3.972453133770114, 2.2387924624672113, 1.0846594765178608, 2.2250140246749006, 4.691500673558515, 5.363295255717328, 6.550093790168199, 7.0643230369229295, 6.6803796426550495, 5.515696819079163, 8.765569970629405, 8.50163582200508, 9.22508854537451, 5.169234562292565, 2.9714003365416786, 5.9795323437539825, 7.315115662790302, 3.8590650201829977, 2.511811830133778, 1.8155891881149768, 0.0, 3.102929133899129, 2.5187248916862672, 5.217184739876479, 8.074491130715296, 5.497612188032183], [9.254960739516942, 8.345749261150852, 7.016916987538045, 6.310637483646165, 4.950695151188366, 4.265771279616384, 5.260468805154157, 6.561496160937687, 2.8651070573366018, 2.5987759522513674, 2.2514911147948156, 2.2265673917490125, 1.08466432595527, 3.39967666