{"total energy": -30.37498093, "HOMO-LUMO gap/eV": 11.64879057, "electronic energy": -30.76321876, "dipole": [-0.30082881, -0.22504597, -0.56258317], "partial charges": [-0.09938879, -0.05212815, -0.05791861, -0.06069779, -0.02275108, -0.06007056, -0.10239751, 0.08616739, -0.44553145, 0.03158021, 0.03042778, 0.03079748, 0.02685035, 0.03028623, 0.0282536, 0.03451356, 0.0268039, 0.04797363, 0.04331462, 0.03147449, 0.03732825, 0.03461998, 0.02950105, 0.03554723, 0.01734431, 0.01602543, 0.28207444], "atomic dipole moments": [[-0.06691309, 0.0138886, 0.07278534], [-0.02480584, -0.04029711, -0.10001323], [0.02418323, 0.04425422, 0.1028454], [-0.0420006, -0.03499262, -0.10276973], [0.04177201, -0.03773705, -0.09161261], [-0.06015974, -0.07485458, 0.0656178], [0.10312619, 0.00389122, 0.01009023], [0.09052174, -0.04370975, 0.17009436], [-0.11485665, 0.0030897, -0.2149932], [0.00756653, -0.12099461, -0.03336675], [0.11299605, 0.03576651, 0.03838593], [-0.02870926, 0.06736598, -0.10191504], [0.00273862, 0.11884177, 0.03226031], [0.03799244, -0.0636631, 0.09935391], [-0.03211935, 0.06386098, -0.10073052], [0.00343995, -0.12007025, -0.03452667], [0.00422158, 0.11575656, 0.03751603], [0.03788132, -0.06013958, 0.10459062], [-0.05892118, 0.02003283, 0.1064437], [0.0498712, -0.02061536, -0.11239399], [0.02253679, 0.11894385, 0.02200967], [-0.04080397, 0.08397002, -0.0815867], [-0.03436279, -0.1125293, -0.04553111], [-0.06095434, 0.02128599, 0.10869016], [-0.10997128, -0.03899039, -0.00154509], [0.05450604, -0.03661447, -0.09874074], [-0.01542529, -0.07084911, -0.03189961]], "atomic quadrupole moments": [[0.04933036, -0.02681527, -0.11839482, -0.16663021, 0.03915923, 0.06906446], [0.19663973, 0.05335402, -0.19843344, -0.08465705, 0.07262293, 0.0017937], [0.19328618, 0.06209335, -0.20081707, -0.05865074, 0.07495699, 0.00753088], [0.20794471, 0.04579104, -0.17838837, -0.08751345, 0.05999425, -0.02955634], [-0.00595483, 0.02922254, 0.11816682, 0.13950141, -0.03314305, -0.11221199], [0.15977133, -0.01711826, -0.10771037, 0.10527042, -0.13443114, -0.05206096], [0.2206072, 0.03093485, -0.1045233, 0.03399445, -0.01061296, -0.1160839], [-0.20638463, -0.14956022, 0.12940674, 0.23916407, -0.22123411, 0.07697789], [-0.06844214, -0.04993801, 0.00591759, 0.10507908, -0.08832303, 0.06252455], [-0.04384633, 0.00561887, 0.07599929, -0.01132344, 0.02316618, -0.03215296], [0.05820536, 0.03372668, -0.04108981, 0.03280213, 0.02003874, -0.01711555], [-0.02662817, -0.03141959, -0.00690381, 0.0223555, -0.05163847, 0.03353198], [-0.01884337, -0.00436965, 0.05413718, -0.00738467, 0.01542295, -0.03529382], [-0.01331743, -0.01276736, -0.00287856, 0.01124453, -0.0445053, 0.01619599], [-0.01216441, -0.01717521, -0.00187085, 0.01720561, -0.04350908, 0.01403526], [-0.02021375, 0.00309631, 0.05489635, -0.00426457, 0.01237782, -0.0346826], [-0.01798942, -0.00060869, 0.05959475, -0.01145558, 0.01319625, -0.04160533], [-0.0061795, -0.01884679, -0.00221076, 0.00656081, -0.04632369, 0.00839026], [0.00960658, 0.00221874, -0.02278671, -0.02200672, 0.01169621, 0.01318013], [-0.00029256, -0.01876738, -0.03129661, -0.02645749, 0.02723072, 0.03158917], [-0.01527335, 0.00963678, 0.04409941, 0.02283881, 0.02766173, -0.02882606], [-0.02092745, -0.01570524, 0.01663969, 0.0244189, -0.06461768, 0.00428776], [-0.02440537, 0.0132801, 0.06558819, 0.00323285, 0.03808985, -0.04118282], [-0.01366349, -0.00253342, -0.04815292, -0.03804897, 0.0215396, 0.06181642], [0.04742316, -0.00167224, -0.01629855, 0.01354473, -0.01817803, -0.03112461], [-0.01254439, -0.01683133, -0.01810134, -0.03394654, -0.01154155, 0.03064573], [-0.08004617, 0.0164015, 0.12413959, 0.02511216, 0.04078666, -0.04409342]], "number of molecular orbitals": 54, "number of electrons": 56, "number of unpaired electrons": 0, "orbital energies/eV": [-18.51783441, -17.13993369, -16.69189452, -16.56011671, -16.29822245, -15.83894136, -15.49098686, -15.15717732, -15.02331822, -14.82055627, -14.33197845, -13.95469099, -13.83026979, -13.40556097, -13.29930608, -13.20533628, -13.01155379, -12.70980787, -12.62215119, -12.3743903, -12.07831888, -11.9406226, -11.76720157, -11.53099887, -11.39031555, -11.33029149, -11.15830791, -10.91118042, 0.73761014, 1.4866836, 2.22990551, 2.51491058, 3.13980894, 3.23689139, 3.37821328, 3.65303369, 3.84768477, 4.12548504, 4.38587234, 4.60497371, 4.6922427, 4.85219199, 5.15812738, 5.48619793, 5.61778173, 6.10781594, 6.49462311, 6.93115901, 7.15279027, 7.19950422, 7.46889006, 7.78804962, 7.99113821, 8.54888918], "fractional occupation": [2.0, 2.0, 2.0, 2.0, 2.0, 2.0, 2.0, 2.0, 2.0, 2.0, 2.0, 2.0, 2.0, 2.0, 2.0, 2.0, 2.0, 2.0, 2.0, 2.0, 2.0, 2.0, 2.0, 2.0, 2.0, 2.0, 2.0, 2.0, 0.0, 0.0, 0.0, 0.0, 0.0, 0.0, 0.0, 0.0, 0.0, 0.0, 0.0, 0.0, 0.0, 0.0, 0.0, 0.0, 0.0, 0.0, 0.0, 0.0, 0.0, 0.0, 0.0, 0.0, 0.0, 0.0], "program call": "xtb /home/svss/Project-DBcg-Debug/aqme2_20220329/End-to-End-workflows-final/example-3/QDESCP/mol_1056_rdkit_conf_10/mol_1056_rdkit_conf_10.xyz --pop --wbo --acc 0.2 --gfn 2 --chrg 0 --uhf 0 --etemp 300 --input /home/svss/Project-DBcg-Debug/aqme2_20220329/End-to-End-workflows-final/example-3/QDESCP/mol_1056_rdkit_conf_10/mol_1056_rdkit_conf_10_xtb.inp", "method": "GFN2-xTB", "xtb version": "6.3.3 (7355c4f)", "Dipole module/D": 1.719, "Total charge": 0, "Transition dipole module/D": NaN, "HOMO": -10.9112, "LUMO": 0.7376, "HOMO occupancy": 2.0, "LUMO occupancy": 0, "mulliken charges": [-0.08361, -0.03765, -0.04883, -0.04522, -0.02095, -0.05136, -0.08529, 0.19325, -0.5689, 0.0261, 0.02733, 0.02503, 0.02051, 0.02426, 0.01794, 0.02609, 0.01986, 0.04068, 0.03336, 0.02242, 0.02873, 0.03034, 0.02396, 0.02922, 0.00973, 0.00743, 0.33556], "cm5 charges": [-0.23397, -0.15033, -0.15953, -0.15261, -0.08831, -0.16176, -0.2359, 0.10776, -0.7847, 0.07738, 0.0781, 0.07632, 0.07522, 0.07899, 0.07411, 0.08308, 0.0754, 0.09896, 0.09421, 0.07815, 0.08392, 0.08109, 0.07577, 0.08065, 0.07337, 0.0709, 0.50372], "FUKUI+": [0.007, -0.009, -0.006, -0.01, -0.027, -0.004, 0.02, -0.013, -0.107, -0.027, -0.053, -0.029, -0.035, -0.031, -0.036, -0.027, -0.052, -0.042, -0.061, -0.037, -0.061, -0.043, -0.021, -0.032, -0.083, -0.067, -0.114], "FUKUI-": [0.018, 0.007, 0.008, 0.008, 0.001, 0.008, 0.015, 0.02, -0.084, -0.047, -0.054, -0.055, -0.068, -0.074, -0.068, -0.051, -0.049, -0.057, -0.055, -0.041, -0.046, -0.045, -0.042, -0.048, -0.086, -0.069, -0.047], "FUKUIrad": [0.012, -0.001, 0.001, -0.001, -0.013, 0.002, 0.017, 0.004, -0.095, -0.037, -0.053, -0.042, -0.052, -0.052, -0.052, -0.039, -0.05, -0.049, -0.058, -0.039, -0.053, -0.044, -0.031, -0.04, -0.085, -0.068, -0.08], "s proportion": [1.007, 1.027, 1.031, 1.035, 1.062, 1.033, 1.008, 0.994, 1.695, 0.974, 0.973, 0.975, 0.979, 0.976, 0.982, 0.974, 0.98, 0.959, 0.967, 0.978, 0.971, 0.97, 0.976, 0.971, 0.99, 0.993, 0.664], "p proportion": [3.076, 3.01, 3.018, 3.01, 2.959, 3.019, 3.077, 2.813, 4.874, 0.0, 0.0, 0.0, 0.0, 0.0, 0.0, 0.0, 0.0, 0.0, 0.0, 0.0, 0.0, 0.0, 0.0, 0.0, 0.0, 0.0, 0.0], "d proportion": [0.0, 0.0, 0.0, 0.0, 0.0, 0.0, 0.0, 0.0, 0.0, 0.0, 0.0, 0.0, 0.0, 0.0, 0.0, 0.0, 0.0, 0.0, 0.0, 0.0, 0.0, 0.0, 0.0, 0.0, 0.0, 0.0, 0.0], "Fermi-level/eV": -5.0868, "Coordination numbers": [3.75, 3.8, 3.8, 3.8, 3.846, 3.8, 3.749, 3.674, 1.653, 0.924, 0.924, 0.924, 0.924, 0.924, 0.924, 0.924, 0.923, 0.924, 0.923, 0.924, 0.924, 0.924, 0.924, 0.924, 0.924, 0.924, 0.804], "Dispersion coefficient C6": [22.461, 21.51, 21.617, 21.668, 20.947, 21.657, 22.522, 19.37, 21.754, 2.564, 2.58, 2.575, 2.632, 2.583, 2.612, 2.523, 2.633, 2.346, 2.405, 2.566, 2.485, 2.522, 2.594, 2.509, 2.774, 2.795, 0.778], "Total dispersion C6": 4860.631692, "Total dispersion C8": 100815.09227, "Polarizability alpha": [6.759, 6.603, 6.62, 6.628, 6.51, 6.626, 6.769, 6.307, 6.296, 2.504, 2.512, 2.51, 2.537, 2.513, 2.527, 2.484, 2.537, 2.395, 2.425, 2.505, 2.465, 2.483, 2.519, 2.477, 2.605, 2.614, 1.385], "Total polarizability alpha": 103.116411, "Wiberg matrix": [[0.0, 1.0201646902351378, 0.0, 0.0, 0.0, 0.0, 0.0, 0.0, 0.0, 0.9877428505059008, 0.9874212944074445, 0.9877554744598364, 0.0, 0.0, 0.0, 0.0, 0.0, 0.0, 0.0, 0.0, 0.0, 0.0, 0.0, 0.0, 0.0, 0.0, 0.0], [1.0201646902351378, 0.0, 1.006964190890537, 0.0, 0.0, 0.0, 0.0, 0.0, 0.0, 0.0, 0.0, 0.0, 0.9781194427878245, 0.9779859056850115, 0.0, 0.0, 0.0, 0.0, 0.0, 0.0, 0.0, 0.0, 0.0, 0.0, 0.0, 0.0, 0.0], [0.0, 1.006964190890537, 0.0, 1.0087998554301856, 0.0, 0.0, 0.0, 0.0, 0.0, 0.0, 0.0, 0.0, 0.0, 0.0, 0.9757695854398838, 0.9755926374126791, 0.0, 0.0, 0.0, 0.0, 0.0, 0.0, 0.0, 0.0, 0.0, 0.0, 0.0], [0.0, 0.0, 1.0087998554301856, 0.0, 0.9924340815575785, 0.0, 0.0, 0.0, 0.0, 0.0, 0.0, 0.0, 0.0, 0.0, 0.0, 0.0, 0.9761191414289807, 0.9749781722746624, 0.0, 0.0, 0.0, 0.0, 0.0, 0.0, 0.0, 0.0, 0.0], [0.0, 0.0, 0.0, 0.9924340815575785, 0.0, 0.9953446881596116, 0.0, 0.9941581537564997, 0.0, 0.0, 0.0, 0.0, 0.0, 0.0, 0.0, 0.0, 0.0, 0.0, 0.9664451718553945, 0.0, 0.0, 0.0, 0.0, 0.0, 0.0, 0.0, 0.0], [0.0, 0.0, 0.0, 0.0, 0.9953446881596116, 0.0, 1.019991157530228, 0.0, 0.0, 0.0, 0.0, 0.0, 0.0, 0.0, 0.0, 0.0, 0.0, 0.0, 0.0, 0.9758209113890067, 0.9765098378650977, 0.0, 0.0, 0.0, 0.0, 0.0, 0.0], [0.0, 0.0, 0.0, 0.0, 0.0, 1.019991157530228, 0.0, 0.0, 0.0, 0.0, 0.0, 0.0, 0.0, 0.0, 0.0, 0.0, 0.0, 0.0, 0.0, 0.0, 0.0, 0.9867838991816648, 0.9864089975733843, 0.9871221450142329, 0.0, 0.0, 0.0], [0.0, 0.0, 0.0, 0.0, 0.9941581537564997, 0.0, 0.0, 0.0, 0.9884256219084553, 0.0, 0.0, 0.0, 0.0, 0.0, 0.0, 0.0, 0.0, 0.0, 0.0, 0.0, 0.0, 0.0, 0.0, 0.0, 0.971489755943167, 0.9712905543162744, 0.0], [0.0, 0.0, 0.0, 0.0, 0.0, 0.0, 0.0, 0.9884256219084553, 0.0, 0.0, 0.0, 0.0, 0.0, 0.0, 0.0, 0.0, 0.0, 0.0, 0.0, 0.0, 0.0, 0.0, 0.0, 0.0, 0.0, 0.0, 0.9075959382370914], [0.9877428505059008, 0.0, 0.0, 0.0, 0.0, 0.0, 0.0, 0.0, 0.0, 0.0, 0.0, 0.0, 0.0, 0.0, 0.0, 0.0, 0.0, 0.0, 0.0, 0.0, 0.0, 0.0, 0.0, 0.0, 0.0, 0.0, 0.0], [0.9874212944074445, 0.0, 0.0, 0.0, 0.0, 0.0, 0.0, 0.0, 0.0, 0.0, 0.0, 0.0, 0.0, 0.0, 0.0, 0.0, 0.0, 0.0, 0.0, 0.0, 0.0, 0.0, 0.0, 0.0, 0.0, 0.0, 0.0], [0.9877554744598364, 0.0, 0.0, 0.0, 0.0, 0.0, 0.0, 0.0, 0.0, 0.0, 0.0, 0.0, 0.0, 0.0, 0.0, 0.0, 0.0, 0.0, 0.0, 0.0, 0.0, 0.0, 0.0, 0.0, 0.0, 0.0, 0.0], [0.0, 0.9781194427878245, 0.0, 0.0, 0.0, 0.0, 0.0, 0.0, 0.0, 0.0, 0.0, 0.0, 0.0, 0.0, 0.0, 0.0, 0.0, 0.0, 0.0, 0.0, 0.0, 0.0, 0.0, 0.0, 0.0, 0.0, 0.0], [0.0, 0.9779859056850115, 0.0, 0.0, 0.0, 0.0, 0.0, 0.0, 0.0, 0.0, 0.0, 0.0, 0.0, 0.0, 0.0, 0.0, 0.0, 0.0, 0.0, 0.0, 0.0, 0.0, 0.0, 0.0, 0.0, 0.0, 0.0], [0.0, 0.0, 0.9757695854398838, 0.0, 0.0, 0.0, 0.0, 0.0, 0.0, 0.0, 0.0, 0.0, 0.0, 0.0, 0.0, 0.0, 0.0, 0.0, 0.0, 0.0, 0.0, 0.0, 0.0, 0.0, 0.0, 0.0, 0.0], [0.0, 0.0, 0.9755926374126791, 0.0, 0.0, 0.0, 0.0, 0.0, 0.0, 0.0, 0.0, 0.0, 0.0, 0.0, 0.0, 0.0, 0.0, 0.0, 0.0, 0.0, 0.0, 0.0, 0.0, 0.0, 0.0, 0.0, 0.0], [0.0, 0.0, 0.0, 0.9761191414289807, 0.0, 0.0, 0.0, 0.0, 0.0, 0.0, 0.0, 0.0, 0.0, 0.0, 0.0, 0.0, 0.0, 0.0, 0.0, 0.0, 0.0, 0.0, 0.0, 0.0, 0.0, 0.0, 0.0], [0.0, 0.0, 0.0, 0.9749781722746624, 0.0, 0.0, 0.0, 0.0, 0.0, 0.0, 0.0, 0.0, 0.0, 0.0, 0.0, 0.0, 0.0, 0.0, 0.0, 0.0, 0.0, 0.0, 0.0, 0.0, 0.0, 0.0, 0.0], [0.0, 0.0, 0.0, 0.0, 0.9664451718553945, 0.0, 0.0, 0.0, 0.0, 0.0, 0.0, 0.0, 0.0, 0.0, 0.0, 0.0, 0.0, 0.0, 0.0, 0.0, 0.0, 0.0, 0.0, 0.0, 0.0, 0.0, 0.0], [0.0, 0.0, 0.0, 0.0, 0.0, 0.9758209113890067, 0.0, 0.0, 0.0, 0.0, 0.0, 0.0, 0.0, 0.0, 0.0, 0.0, 0.0, 0.0, 0.0, 0.0, 0.0, 0.0, 0.0, 0.0, 0.0, 0.0, 0.0], [0.0, 0.0, 0.0, 0.0, 0.0, 0.9765098378650977, 0.0, 0.0, 0.0, 0.0, 0.0, 0.0, 0.0, 0.0, 0.0, 0.0, 0.0, 0.0, 0.0, 0.0, 0.0, 0.0, 0.0, 0.0, 0.0, 0.0, 0.0], [0.0, 0.0, 0.0, 0.0, 0.0, 0.0, 0.9867838991816648, 0.0, 0.0, 0.0, 0.0, 0.0, 0.0, 0.0, 0.0, 0.0, 0.0, 0.0, 0.0, 0.0, 0.0, 0.0, 0.0, 0.0, 0.0, 0.0, 0.0], [0.0, 0.0, 0.0, 0.0, 0.0, 0.0, 0.9864089975733843, 0.0, 0.0, 0.0, 0.0, 0.0, 0.0, 0.0, 0.0, 0.0, 0.0, 0.0, 0.0, 0.0, 0.0, 0.0, 0.0, 0.0, 0.0, 0.0, 0.0], [0.0, 0.0, 0.0, 0.0, 0.0, 0.0, 0.9871221450142329, 0.0, 0.0, 0.0, 0.0, 0.0, 0.0, 0.0, 0.0, 0.0, 0.0, 0.0, 0.0, 0.0, 0.0, 0.0, 0.0, 0.0, 0.0, 0.0, 0.0], [0.0, 0.0, 0.0, 0.0, 0.0, 0.0, 0.0, 0.971489755943167, 0.0, 0.0, 0.0, 0.0, 0.0, 0.0, 0.0, 0.0, 0.0, 0.0, 0.0, 0.0, 0.0, 0.0, 0.0, 0.0, 0.0, 0.0, 0.0], [0.0, 0.0, 0.0, 0.0, 0.0, 0.0, 0.0, 0.9712905543162744, 0.0, 0.0, 0.0, 0.0, 0.0, 0.0, 0.0, 0.0, 0.0, 0.0, 0.0, 0.0, 0.0, 0.0, 0.0, 0.0, 0.0, 0.0, 0.0], [0.0, 0.0, 0.0, 0.0, 0.0, 0.0, 0.0, 0.0, 0.9075959382370914, 0.0, 0.0, 0.0, 0.0, 0.0, 0.0, 0.0, 0.0, 0.0, 0.0, 0.0, 0.0, 0.0, 0.0, 0.0, 0.0, 0.0, 0.0]], "Born radii": [], "Atomic SASAs": [], "Solvent H bonds": [], "Total SASA": NaN, "Total FOD": 0.0, "FOD": [0.0, 0.0, 0.0, 0.0, 0.0, 0.0, 0.0, 0.0, 0.0, 0.0, 0.0, 0.0, 0.0, 0.0, 0.0, 0.0, 0.0, 0.0, 0.0, 0.0, 0.0, 0.0, 0.0, 0.0, 0.0, 0.0, 0.0], "FOD s proportion": [0.0, 0.0, 0.0, 0.0, 0.0, 0.0, 0.0, 0.0, 0.0, 0.0, 0.0, 0.0, 0.0, 0.0, 0.0, 0.0, 0.0, 0.0, 0.0, 0.0, 0.0, 0.0, 0.0, 0.0, 0.0, 0.0, 0.0], "FOD p proportion": [0.0, 0.0, 0.0, 0.0, 0.0, 0.0, 0.0, 0.0, 0.0, 0.0, 0.0, 0.0, 0.0, 0.0, 0.0, 0.0, 0.0, 0.0, 0.0, 0.0, 0.0, 0.0, 0.0, 0.0, 0.0, 0.0, 0.0], "FOD d proportion": [0.0, 0.0, 0.0, 0.0, 0.0, 0.0, 0.0, 0.0, 0.0, 0.0, 0.0, 0.0, 0.0, 0.0, 0.0, 0.0, 0.0, 0.0, 0.0, 0.0, 0.0, 0.0, 0.0, 0.0, 0.0, 0.0, 0.0], "coordinates": [["3.67650", "0.32300", "-0.84310"], ["2.66580", "0.53570", "0.27270"], ["1.26000", "0.10900", "-0.15510"], ["0.25020", "0.32650", "0.97670"], ["-1.21010", "-0.06140", "0.64020"], ["-1.79020", "0.84920", "-0.45980"], ["-3.29990", "0.72440", "-0.61670"], ["-1.36410", "-1.54920", "0.29140"], ["-0.80140", "-2.35490", "1.31900"], ["3.72730", "-0.73210", "-1.13060"], ["4.67350", "0.63430", "-0.51590"], ["3.41150", "0.90850", "-1.72930"], ["2.66330", "1.59410", "0.55810"], ["2.97730", "-0.03770", "1.15360"], ["0.96510", "0.68420", "-1.03950"], ["1.28030", "-0.94750", "-0.44410"], ["0.27060", "1.38320", "1.27420"], ["0.57640", "-0.23810", "1.85940"], ["-1.77930", "0.11670", "1.56360"], ["-1.31870", "0.63140", "-1.42500"], ["-1.56000", "1.89490", "-0.22140"], ["-3.66370", "1.46510", "-1.33640"], ["-3.58630", "-0.26340", "-0.98860"], ["-3.81040", "0.89960", "0.33550"], ["-2.42050", "-1.82040", "0.20480"], ["-0.87080", "-1.79270", "-0.65490"], ["-0.92240", "-3.28230", "1.05300"]], "bond_dist": [[0.0, 1.5204490849745675, 2.5216288882387117, 3.8795896664466976, 5.121210971049718, 5.505325986715046, 6.991604671318309, 5.49544096956741, 5.64777949551857, 1.094747870516312, 1.0945211418698133, 1.0947080387025574, 2.1460733654747224, 2.1461118377195536, 2.742394639726383, 2.7413766049195063, 4.148148760591886, 4.150778176438727, 5.966616982847148, 5.03842646170409, 5.502573284382499, 7.444882359043694, 7.287887145805703, 7.6010023766605945, 6.547187714584025, 5.018918510994176, 6.143554712867787], [1.5204490849745675, 0.0, 1.5301501135509548, 2.524778010043655, 3.9388050814936246, 4.526673668379464, 6.0345850346150565, 4.53731767787974, 4.633766059049593, 2.168720816518346, 2.1592756215916484, 2.1686521920308017, 1.0962070835385076, 1.0962684981335549, 2.1532072775281064, 2.1525089384251115, 2.7309781288029384, 2.7353200342921484, 4.6476766044982085, 4.3321569719944355, 4.466424195035666, 6.596632278670685, 6.4279229079073446, 6.486719778902122, 5.6059134233414625, 4.334677367463465, 5.29727961599159], [2.5216288882387117, 1.5301501135509548, 0.0, 1.5323098674876436, 2.6005638350173217, 3.153483497657789, 4.624335598764432, 3.136062866079059, 3.5345641852992284, 2.7832748247343453, 3.472477354857768, 2.7832100423791233, 2.164122718331842, 2.1641016311624557, 1.0954379991583276, 1.0955023231376553, 2.155318187646548, 2.155457635862974, 3.4916090087522687, 2.921513556360812, 3.3385976846574374, 5.241879299449769, 4.931534010832735, 5.155064779418393, 4.17111407420128, 2.8994088311240276, 4.209903925269554], [3.8795896664466976, 2.524778010043655, 1.5323098674876436, 0.0, 1.547958252021029, 2.5495057756357404, 3.911579985121102, 2.5678495029888335, 2.9005064747385068, 4.201377352726127, 4.678480361185669, 4.201782680006191, 2.7577322803346958, 2.756992865424211, 2.1688922840934266, 2.1686066148566456, 1.0979696261736933, 1.09742375133765, 2.123049198676281, 2.884887191901964, 2.6780862962197465, 4.686731780249431, 4.350760663378302, 4.15066903161406, 3.5124987843414264, 2.8999600342073686, 3.795293123067045], [5.121210971049718, 3.9388050814936246, 2.6005638350173217, 1.547958252021029, 0.0, 1.5413333091839674, 2.562136469823573, 1.5358796437221245, 2.426509299384612, 5.288051615670937, 6.036332881808291, 5.283410150650808, 4.2131518154464835, 4.218822111679989, 2.8475966164469293, 2.8570915036099214, 2.1636306639535317, 2.1700815145980115, 1.0992614839063544, 2.1810128014296475, 2.166078082618445, 3.50104309742111, 2.8879265710886766, 2.788892823326131, 2.1791563321616008, 2.188563042272258, 3.259965021284738], [5.505325986715046, 4.526673668379464, 3.153483497657789, 2.5495057756357404, 1.5413333091839674, 0.0, 1.5229532954099414, 2.5491538223496826, 3.7958018507293034, 5.778692635882272, 6.467514739836314, 5.3547016378132595, 4.62867785333998, 5.110646477697317, 2.820453009713156, 3.557576089137097, 2.745689101118333, 3.4873636876586303, 2.1519346226128713, 1.0960657507649805, 1.0969571960655529, 2.158185029139068, 2.177953950385545, 2.1716929548165873, 2.822363443995121, 2.8041034182069673, 4.484521482834038], [6.991604671318309, 6.0345850346150565, 4.624335598764432, 3.911579985121102, 2.562136469823573, 1.5229532954099414, 0.0, 3.1210934317959786, 4.412655122485781, 7.194930527809147, 7.9745461444523595, 6.805487604132418, 6.139730235930566, 6.56642964936045, 4.286093895378401, 4.878859744858423, 4.09365246448694, 4.699274321637331, 2.726762134840514, 2.141763602734905, 2.133912919966511, 1.0949680451958403, 1.0936559833878294, 1.0945273546147671, 2.814997984013488, 3.4982536300274174, 4.949146313254438], [5.49544096956741, 4.53731767787974, 3.136062866079059, 2.5678495029888335, 1.5358796437221245, 2.5491538223496826, 3.1210934317959786, 0.0, 1.4218809865808042, 5.349027048912728, 6.470859239699161, 5.73845564067546, 5.115800478908457, 4.67715458906374, 3.4906364763463986, 2.809956316386431, 3.498158042456058, 2.818359001262969, 2.136845031816767, 2.7754470774994076, 3.4875730042538176, 4.126002604216338, 2.868772294902473, 3.461639776175447, 1.094088643575099, 1.0945870591232112, 1.9439056201369451], [5.64777949551857, 4.633766059049593, 3.5345641852992284, 2.9005064747385068, 2.426509299384612, 3.7958018507293034, 4.412655122485781, 1.4218809865808042, 0.0, 5.398439004934667, 6.502053880121265, 6.13925393350039, 5.308268634875217, 4.435690103016666, 4.233104452999005, 3.069653280095327, 3.88903363960766, 2.5828680260516603, 2.6692553512168895, 4.0884132594443034, 4.583569150781954, 5.46226239300164, 4.177925085493995, 4.540167783243258, 2.0368153328173864, 2.0535740575883796, 0.9723516647797751], [1.094747870516312, 2.168720816518346, 2.7832748247343453, 4.201377352726127, 5.288051615670937, 5.778692635882272, 7.194930527809147, 5.349027048912728, 5.398439004934667, 0.0, 1.7720608031328946, 1.7747505993800934, 3.0651280772587626, 2.5024509985212497, 3.105471580935817, 2.550585895436576, 4.712359496048662, 4.371762437507327, 6.188846309288994, 5.235257358525939, 5.973551282947189, 7.713424821698855, 7.329978761906476, 7.850402243834388, 6.384601388497171, 4.7427509380105555, 5.735097129953424], [1.0945211418698133, 2.1592756215916484, 3.472477354857768, 4.678480361185669, 6.036332881808291, 6.467514739836314, 7.9745461444523595, 6.470859239699161, 6.502053880121265, 1.7720608031328946, 0.0, 1.7720522565658157, 2.4729731256121648, 2.4730363301011167, 3.7455143211580433, 3.7444696179833, 4.811531734281714, 4.81553322696459, 6.799327749858805, 6.060769923037831, 6.366503346421801, 8.418571893735896, 8.32187518651896, 8.530640378072446, 7.5412065732215545, 6.053834527801366, 7.008230845227631], [1.0947080387025574, 2.1686521920308017, 2.7832100423791233, 4.201782680006191, 5.283410150650808, 5.3547016378132595, 6.805487604132418, 5.73845564067546, 6.13925393350039, 1.7747505993800934, 1.7720522565658157, 0.0, 2.5024087116216647, 3.0651160646866216, 2.551667590028137, 3.1045915158036492, 4.371682187671011, 4.715002784728764, 6.197946618840792, 4.748070654486936, 5.287963655321395, 7.10792719504076, 7.133806202862536, 7.511279375712236, 6.723084263937201, 5.175800429885218, 6.639780654509605], [2.1460733654747224, 1.0962070835385076, 2.164122718331842, 2.7577322803346958, 4.2131518154464835, 4.62867785333998, 6.139730235930566, 5.115800478908457, 5.308268634875217, 3.0651280772587626, 2.4729731256121648, 2.5024087116216647, 0.0, 1.7652159896171349, 2.502823807222554, 3.0621600872586656, 2.506449941650541, 3.066837155768138, 4.788573458766192, 4.551461402670576, 4.3051554884812235, 6.605808069418911, 6.700752741297055, 6.5146506199488545, 6.134219883571179, 5.042979878008636, 6.073009752997273], [2.1461118377195536, 1.0962684981335549, 2.1641016311624557, 2.756992865424211, 4.218822111679989, 5.110646477697317, 6.56642964936045, 4.67715458906374, 4.435690103016666, 2.5024509985212497, 2.4730363301011167, 3.0651160646866216, 1.7652159896171349, 0.0, 3.0626420065035354, 2.5020372359339498, 3.0593669377830444, 2.510504851618495, 4.776733498950931, 5.054946960156951, 5.119829982528716, 7.2499233678708634, 6.908024774854242, 6.900774607969746, 5.763200982960772, 4.599844656072637, 5.0739737494393875], [2.742394639726383, 2.1532072775281064, 1.0954379991583276, 2.1688922840934266, 2.8475966164469293, 2.820453009713156, 4.286093895378401, 3.4906364763463986, 4.233104452999005, 3.105471580935817, 3.7455143211580433, 2.551667590028137, 2.502823807222554, 3.0626420065035354, 0.0, 1.765303682089855, 2.514784074229833, 3.066813686874376, 3.8249074786195814, 2.3167089869036204, 2.917398174744065, 4.703588402485915, 4.649277205114791, 4.9741755507822605, 4.391308576039721, 3.1070049211419026, 4.865627888566902], [2.7413766049195063, 2.1525089384251115, 1.0955023231376553, 2.1686066148566456, 2.8570915036099214, 3.557576089137097, 4.878859744858423, 2.809956316386431, 3.069653280095327, 2.550585895436576, 3.7444696179833, 3.1045915158036492, 3.0621600872586656, 2.5020372359339498, 1.765303682089855, 0.0, 3.0666286814676473, 2.510943213216898, 3.811106544036784, 3.1952920085651018, 4.024442463248791, 5.573147589109766, 4.9445190484009665, 5.471268688339113, 3.8573237172941552, 2.320782387471949, 3.5418196933214996], [4.148148760591886, 2.7309781288029384, 2.155318187646548, 1.0979696261736933, 2.1636306639535317, 2.745689101118333, 4.09365246448694, 3.498158042456058, 3.88903363960766, 4.712359496048662, 4.811531734281714, 4.371682187671011, 2.506449941650541, 3.0593669377830444, 2.514784074229833, 3.0666286814676473, 0.0, 1.750596004222562, 2.426904328563448, 3.2212976220771656, 2.4186261823605566, 4.722357087302908, 4.765210699433972, 4.215398871993017, 4.318412732706312, 3.8872305797315394, 4.820691723186622], [4.150778176438727, 2.7353200342921484, 2.155457635862974, 1.09742375133765, 2.1700815145980115, 3.4873636876586303, 4.699274321637331, 2.818359001262969, 2.5828680260516603, 4.371762437507327, 4.81553322696459, 4.715002784728764, 3.066837155768138, 2.510504851618495, 3.066813686874376, 2.510943213216898, 1.750596004222562, 0.0, 2.4005630943593212, 3.890336440463729, 3.6665545952569696, 5.576062758793161, 5.043789783486223, 4.781280868135651, 3.771310655461838, 3.2913330870636597, 3.4876691414180905], [5.966616982847148, 4.6476766044982085, 3.4916090087522687, 2.123049198676281, 1.0992614839063544, 2.1519346226128713, 2.726762134840514, 2.136845031816767, 2.6692553512168895, 6.188846309288994, 6.799327749858805, 6.197946618840792, 4.788573458766192, 4.776733498950931, 3.8249074786195814, 3.811106544036784, 2.426904328563448, 2.4005630943593212, 0.0, 3.0673764702103328, 2.529093262416394, 3.7120271981762203, 3.150150766233261, 2.4993057496032773, 2.451495725062559, 3.064787571757625, 3.542342582246951], [5.03842646170409, 4.3321569719944355, 2.921513556360812, 2.884887191901964, 2.1810128014296475, 1.0960657507649805, 2.141763602734905, 2.7754470774994076, 4.0884132594443034, 5.235257358525939, 6.060769923037831, 4.748070654486936, 4.551461402670576, 5.054946960156951, 2.3167089869036204, 3.1952920085651018, 3.2212976220771656, 3.890336440463729, 3.0673764702103328, 0.0, 1.7616216676687422, 2.490367573271062, 2.476514033879073, 3.062655772364893, 3.1434908175466334, 2.5826206128659317, 4.649148887699769], [5.502573284382499, 4.466424195035666, 3.3385976846574374, 2.6780862962197465, 2.166078082618445, 1.0969571960655529, 2.133912919966511, 3.4875730042538176, 4.583569150781954, 5.973551282947189, 6.366503346421801, 5.287963655321395, 4.3051554884812235, 5.119829982528716, 2.917398174744065, 4.024442463248791, 2.4186261823605566, 3.6665545952569696, 2.529093262416394, 1.7616216676687422, 0.0, 2.4194021430923796, 3.0582260250020763, 2.5229070256353086, 3.837389839461193, 3.7764153174670816, 5.3697326711857825], [7.444882359043694, 6.596632278670685, 5.241879299449769, 4.686731780249431, 3.50104309742111, 2.158185029139068, 1.0949680451958403, 4.126002604216338, 5.46226239300164, 7.713424821698855, 8.418571893735896, 7.10792719504076, 6.605808069418911, 7.2499233678708634, 4.703588402485915, 5.573147589109766, 4.722357087302908, 5.576062758793161, 3.7120271981762203, 2.490367573271062, 2.4194021430923796, 0.0, 1.7648421600811786, 1.771033808260023, 3.836059688013209, 4.344881298723822, 5.980114113459709], [7.287887145805703, 6.4279229079073446, 4.931534010832735, 4.350760663378302, 2.8879265710886766, 2.177953950385545, 1.0936559833878294, 2.868772294902473, 4.177925085493995, 7.329978761906476, 8.32187518651896, 7.133806202862536, 6.700752741297055, 6.908024774854242, 4.649277205114791, 4.9445190484009665, 4.765210699433972, 5.043789783486223, 3.150150766233261, 2.476514033879073, 3.0582260250020763, 1.7648421600811786, 0.0, 1.7765220572793348, 2.282003987726577, 3.1343347667407833, 4.514227617212052], [7.6010023766605945, 6.486719778902122, 5.155064779418393, 4.15066903161406, 2.788892823326131, 2.1716929548165873, 1.0945273546147671, 3.461639776175447, 4.540167783243258, 7.850402243834388, 8.530640378072446, 7.511279375712236, 6.5146506199488545, 6.900774607969746, 4.9741755507822605, 5.471268688339113, 4.215398871993017, 4.781280868135651, 2.4993057496032773, 3.062655772364893, 2.5229070256353086, 1.771033808260023, 1.7765220572793348, 0.0, 3.0573361771319814, 4.107385982592821, 5.132605367647117], [6.547187714584025, 5.6059134233414625, 4.17111407420128, 3.5124987843414264, 2.1791563321616008, 2.822363443995121, 2.814997984013488, 1.094088643575099, 2.0368153328173864, 6.384601388497171, 7.5412065732215545, 6.723084263937201, 6.134219883571179, 5.763200982960772, 4.391308576039721, 3.8573237172941552, 4.318412732706312, 3.771310655461838, 2.451495725062559, 3.1434908175466334, 3.837389839461193, 3.836059688013209, 2.282003987726577, 3.0573361771319814, 0.0, 1.7724055602485569, 2.258516871754559], [5.018918510994176, 4.334677367463465, 2.8994088311240276, 2.8999600342073686, 2.188563042272258, 2.8041034182069673, 3.4982536300274174, 1.0945870591232112, 2.0535740575883796, 4.7427509380105555, 6.053834527801366, 5.175800429885218, 5.042979878008636, 4.599844656072637, 3.1070049211419026, 2.320782387471949, 3.8872305797315394, 3.2913330870636597, 3.064787571757625, 2.5826206128659317, 3.7764153174670816, 4.344881298723822, 3.1343347667407833, 4.107385982592821, 1.7724055602485569, 0.0, 2.26682445945865], [6.143554712867787, 5.29727961599159, 4.209903925269554, 3.795293123067045, 3.259965021284738, 4.484521482834038, 4.949146313254438, 1.9439056201369451, 0.9723516647797751, 5.735097129953424, 7.008230845227631, 6.639780654509605, 6.073009752997273, 5.0739737494393875, 4.865627888566902, 3.5418196933214996, 4.820691723186622, 3.4876691414180905, 3.542342582246951, 4.649148887699769, 5.3697326711857825, 5.980114113459709, 4.514227617212052, 5.132605367647117, 2.258516871754559, 2.26682445945865, 0.0]]}