{"total energy": -59.59108417, "HOMO-LUMO gap/eV": 2.91944271, "electronic energy": -60.13798075, "dipole": [-1.50184745, 1.12941001, -0.36731859], "partial charges": [-0.44980946, 0.06831658, 0.09794896, -0.31952435, 0.16600921, 0.09965052, -0.45670743, 0.1066701, -0.451339, -0.05853311, 0.11229572, -0.27872297, 0.01939892, 0.23057201, -0.35409165, -0.25163125, 0.13710048, -0.3022188, 0.13549966, 0.30036318, 0.04701309, 0.03681898, 0.07580736, 0.06758932, 0.05141614, 0.32230725, 0.04697268, 0.32449898, 0.07596612, 0.33465322, 0.06570954], "atomic dipole moments": [[-0.18303127, 0.03057481, -0.16237852], [0.15482436, -0.02741978, 0.12736546], [0.19278843, 0.03285916, 0.02137326], [-0.05308241, -0.09722706, 0.23869099], [-0.05444723, 0.18003644, -0.03355625], [0.03722511, -0.1686946, -0.02929038], [0.05361198, 0.20632754, -0.10034548], [0.06918496, -0.10586054, -0.09947516], [0.09763567, 0.1675586, 0.14608255], [-0.03761836, -0.04284054, 0.00367156], [-0.01731314, -0.14044525, 0.0957254], [-0.12899546, -0.24165983, 0.10907964], [-0.05216522, 0.03573617, -0.05489801], [0.13687334, 0.1162917, -0.01164523], [-0.16640687, -0.05507993, -0.050515], [-0.22536177, 0.04065617, -0.15206126], [-0.01952477, 0.0854595, -0.07655223], [0.16411419, 0.19756169, -0.06717507], [-0.0965172, -0.02664623, -0.0347556], [-0.02629026, 0.07499684, -0.00353225], [0.01620258, 0.07762313, -0.09268149], [-0.1084779, 0.01075857, 0.04866901], [-0.07742407, -0.048856, -0.09271553], [0.03969523, -0.10748123, -0.05833171], [0.0124208, 0.09681952, 0.08718714], [0.06848402, 0.01281774, 0.01101338], [-0.08488715, 0.01706928, 0.09571821], [0.04137755, -0.03360352, 0.05932259], [-0.11049057, 0.07125256, -0.11378662], [-0.04725239, 0.0404231, -0.05643189], [0.03274505, -0.10943019, 0.09767793]], "atomic quadrupole moments": [[0.01204742, 0.03894484, -0.03967148, 0.14241199, 0.06306597, 0.02762406], [-0.03992108, 0.06287657, 0.03909509, 0.29455227, 0.25420606, 0.00082599], [0.18372057, -0.09547265, -0.0728871, -0.23399845, -0.10591998, -0.11083347], [0.1193189, -0.0626372, -0.11068384, -0.00379472, -0.08568894, -0.00863506], [0.20066971, 0.05297266, -0.19190026, 0.1665965, -0.20922911, -0.00876945], [0.0451097, -0.10259914, 0.01691587, 0.02644672, -0.29103449, -0.06202557], [-0.05135945, -0.04827604, 0.09557993, 0.03581552, -0.1238399, -0.04422048], [-0.09332612, 0.08710893, 0.24879024, 0.16441493, 0.01869543, -0.15546412], [-0.08972733, 0.04510398, 0.15565873, 0.04585648, 0.08091779, -0.0659314], [0.07345103, 0.07753306, -0.02268398, -0.02044801, 0.08405795, -0.05076705], [-0.19065074, -0.15859977, 0.03536788, -0.24188783, 0.23276079, 0.15528286], [-0.09969287, -0.09508519, 0.01099754, -0.1072778, 0.10657942, 0.08869533], [-0.04153404, -0.1016142, -0.04176277, -0.06405592, 0.12980835, 0.0832968], [-0.10259977, 0.07993586, 0.08871022, -0.32876293, 0.2678827, 0.01388954], [0.0166515, 0.06188948, 0.02143925, -0.02131804, -0.00301308, -0.03809074], [-0.09758024, -0.09343552, 0.00602089, -0.13068389, 0.14370675, 0.09155935], [-0.16359371, -0.21121594, -0.03460671, -0.24877268, 0.34606485, 0.19820042], [-0.10468771, -0.118846, 0.00520409, -0.0955606, 0.12880668, 0.09948362], [-0.04726147, -0.20403751, -0.09053725, -0.02419289, 0.16503638, 0.13779872], [-0.06051312, -0.04396347, 0.12158529, 0.01912252, 0.02746763, -0.06107217], [-0.03776089, 0.02231217, -0.00417104, 0.01059003, -0.01744385, 0.04193192], [0.04795242, 0.01495431, -0.03539692, -0.01807032, 0.02064955, -0.01255549], [0.01947887, 0.00772215, -0.01114381, 0.02224019, 0.02136657, -0.00833506], [0.00771098, -0.00423483, 0.01830256, 0.01221865, 0.00473394, -0.02601354], [-0.01545641, 0.00469034, 0.02676929, 0.01580705, 0.00046063, -0.01131289], [0.08339325, -0.00662638, -0.03424769, 0.04327941, -0.01254465, -0.04914556], [-0.00855533, 0.00249203, 0.02335494, -0.02821373, 0.02474491, -0.01479961], [-0.04452037, -0.04004025, 0.03396357, 0.06504988, -0.06914989, 0.0105568], [0.01466951, 0.02628836, 0.00545795, 0.00877864, -0.01671955, -0.02012746], [-0.04034737, -0.01821736, 0.03182537, 0.03944505, -0.09903035, 0.008522], [0.02708636, 0.03112273, -0.00015454, 0.02977877, -0.03646339, -0.02693182]], "number of molecular orbitals": 88, "number of electrons": 102, "number of unpaired electrons": 0, "orbital energies/eV": [-19.91302659, -19.91131215, -19.64436368, -19.47229056, -19.35271876, -19.04546662, -18.93460471, -18.84967189, -18.44806317, -18.28692139, -18.03904265, -17.86088997, -17.6390527, -17.19998851, -17.17367037, -17.10054825, -16.92432314, -16.55212253, -16.44865076, -16.34959569, -16.17266272, -15.8303287, -15.75518888, -15.600377, -15.55065535, -15.30584123, -15.20146031, -15.0374554, -14.88938803, -14.86122197, -14.64749505, -14.37727408, -14.21758437, -14.00853793, -13.96958354, -13.88034914, -13.72619927, -13.68542607, -13.53869461, -13.24932998, -12.75426659, -12.66535525, -12.16306973, -12.11093001, -12.0101358, -11.91137345, -11.74313139, -11.51963126, -11.31621708, -11.24607129, -10.67248211, -7.7530394, -6.93163398, -6.06565257, -3.44886052, -1.83575684, -0.99900288, -0.66026867, -0.25658152, 0.38279988, 1.00986661, 1.23822736, 1.72691615, 1.81967306, 2.28334894, 2.57472044, 2.70077717, 2.90484697, 3.22619528, 3.36513687, 3.88292978, 3.98366009, 4.2313236, 4.58322067, 4.96722789, 5.34241886, 5.58876049, 5.8122484, 6.00008613, 6.31276338, 6.7920338, 7.38413555, 8.18538343, 9.72864581, 11.47177968, 12.72135831, 14.09951677, 16.75857358], "fractional occupation": [2.0, 2.0, 2.0, 2.0, 2.0, 2.0, 2.0, 2.0, 2.0, 2.0, 2.0, 2.0, 2.0, 2.0, 2.0, 2.0, 2.0, 2.0, 2.0, 2.0, 2.0, 2.0, 2.0, 2.0, 2.0, 2.0, 2.0, 2.0, 2.0, 2.0, 2.0, 2.0, 2.0, 2.0, 2.0, 2.0, 2.0, 2.0, 2.0, 2.0, 2.0, 2.0, 2.0, 2.0, 2.0, 2.0, 2.0, 2.0, 2.0, 2.0, 2.0, 0.0, 0.0, 0.0, 0.0, 0.0, 0.0, 0.0, 0.0, 0.0, 0.0, 0.0, 0.0, 0.0, 0.0, 0.0, 0.0, 0.0, 0.0, 0.0, 0.0, 0.0, 0.0, 0.0, 0.0, 0.0, 0.0, 0.0, 0.0, 0.0, 0.0, 0.0, 0.0, 0.0, 0.0, 0.0, 0.0, 0.0], "program call": "xtb /home/svss/Project-DBcg-Debug/aqme2_20220329/End-to-End-workflows-final/example-3/QDESCP/mol_110_rdkit_conf_2/mol_110_rdkit_conf_2.xyz --pop --wbo --acc 0.2 --gfn 2 --chrg 0 --uhf 0 --etemp 300 --input /home/svss/Project-DBcg-Debug/aqme2_20220329/End-to-End-workflows-final/example-3/QDESCP/mol_110_rdkit_conf_2/mol_110_rdkit_conf_2_xtb.inp", "method": "GFN2-xTB", "xtb version": "6.3.3 (7355c4f)", "Dipole module/D": 4.867, "Total charge": 0, "Transition dipole module/D": NaN, "HOMO": -10.6725, "LUMO": -7.753, "HOMO occupancy": 2.0, "LUMO occupancy": 0, "mulliken charges": [-0.57449, 0.17859, 0.19264, -0.47056, 0.31394, 0.18933, -0.57865, 0.19948, -0.57671, -0.20665, 0.25687, -0.39233, 0.05187, 0.39521, -0.49335, -0.36775, 0.27753, -0.39854, 0.24958, 0.34619, 0.03191, 0.01747, 0.05638, 0.06271, 0.04562, 0.34191, 0.03697, 0.36086, 0.05532, 0.36437, 0.03426], "cm5 charges": [-0.78866, 0.09714, 0.15854, -0.5458, 0.34208, 0.1583, -0.78726, 0.16358, -0.77742, -0.45042, 0.35703, -0.56747, 0.13988, 0.4924, -0.67717, -0.54084, 0.37464, -0.58582, 0.40061, 0.5136, 0.09699, 0.08047, 0.12593, 0.14504, 0.12189, 0.52671, 0.10594, 0.53954, 0.13112, 0.53979, 0.10965], "FUKUI+": [0.012, 0.007, 0.005, -0.01, 0.013, 0.003, -0.018, 0.002, -0.011, -0.057, -0.057, -0.092, -0.022, -0.076, -0.085, -0.087, -0.039, -0.131, -0.013, -0.009, -0.008, -0.02, -0.023, -0.028, -0.006, 0.009, -0.023, -0.006, -0.091, -0.043, -0.095], "FUKUI-": [-0.023, 0.01, 0.004, -0.049, 0.007, 0.001, -0.031, 0.005, -0.068, -0.031, -0.002, -0.09, -0.018, -0.012, -0.057, -0.124, -0.0, -0.091, -0.003, -0.026, -0.033, -0.047, -0.041, -0.04, -0.025, -0.007, -0.052, -0.027, -0.044, -0.026, -0.06], "FUKUIrad": [-0.005, 0.009, 0.004, -0.029, 0.01, 0.002, -0.025, 0.003, -0.039, -0.044, -0.03, -0.091, -0.02, -0.044, -0.071, -0.106, -0.02, -0.111, -0.008, -0.018, -0.021, -0.033, -0.032, -0.034, -0.015, 0.001, -0.037, -0.016, -0.067, -0.034, -0.078], "s proportion": [1.698, 1.0, 1.036, 1.71, 1.012, 1.027, 1.71, 1.024, 1.709, 1.445, 0.997, 1.564, 1.037, 1.0, 1.7, 1.545, 1.003, 1.564, 1.006, 0.654, 0.968, 0.983, 0.944, 0.937, 0.954, 0.658, 0.963, 0.639, 0.945, 0.636, 0.966], "p proportion": [4.876, 2.821, 2.772, 4.76, 2.674, 2.783, 4.868, 2.776, 4.867, 3.762, 2.747, 3.829, 2.911, 2.605, 4.793, 3.823, 2.719, 3.834, 2.744, 0.0, 0.0, 0.0, 0.0, 0.0, 0.0, 0.0, 0.0, 0.0, 0.0, 0.0, 0.0], "d proportion": [0.0, 0.0, 0.0, 0.0, 0.0, 0.0, 0.0, 0.0, 0.0, 0.0, 0.0, 0.0, 0.0, 0.0, 0.0, 0.0, 0.0, 0.0, 0.0, 0.0, 0.0, 0.0, 0.0, 0.0, 0.0, 0.0, 0.0, 0.0, 0.0, 0.0, 0.0], "Fermi-level/eV": -9.2128, "Coordination numbers": [1.652, 3.673, 3.771, 1.693, 3.717, 3.743, 1.65, 3.751, 1.65, 2.851, 3.121, 1.881, 3.217, 2.829, 1.657, 1.831, 2.915, 1.825, 3.114, 0.804, 0.924, 0.924, 0.924, 0.924, 0.924, 0.803, 0.924, 0.803, 0.925, 0.804, 0.925], "Dispersion coefficient C6": [21.842, 19.664, 18.996, 19.34, 18.041, 19.006, 21.984, 18.885, 21.874, 22.369, 25.361, 28.082, 26.884, 23.17, 19.981, 27.402, 25.009, 28.677, 24.899, 0.72, 2.358, 2.492, 2.023, 2.112, 2.302, 0.658, 2.358, 0.652, 2.021, 0.626, 2.133], "Total dispersion C6": 11072.031231, "Total dispersion C8": 252925.167989, "Polarizability alpha": [6.309, 6.355, 6.211, 5.937, 6.068, 6.219, 6.329, 6.197, 6.313, 7.024, 8.247, 7.856, 8.433, 7.888, 6.034, 7.757, 8.201, 7.935, 8.174, 1.333, 2.401, 2.469, 2.224, 2.273, 2.373, 1.274, 2.401, 1.269, 2.223, 1.242, 2.284], "Total polarizability alpha": 157.255395, "Wiberg matrix": [[0.0, 0.9925472703411578, 0.0, 0.0, 0.0, 0.0, 0.0, 0.0, 0.0, 0.0, 0.0, 0.0, 0.0, 0.0, 0.0, 0.0, 0.0, 0.0, 0.0, 0.896895657097343, 0.0, 0.0, 0.0, 0.0, 0.0, 0.0, 0.0, 0.0, 0.0, 0.0, 0.0], [0.9925472703411578, 0.0, 0.9894738140229848, 0.0, 0.0, 0.0, 0.0, 0.0, 0.0, 0.0, 0.0, 0.0, 0.0, 0.0, 0.0, 0.0, 0.0, 0.0, 0.0, 0.0, 0.9718052269819426, 0.9701938859373903, 0.0, 0.0, 0.0, 0.0, 0.0, 0.0, 0.0, 0.0, 0.0], [0.0, 0.9894738140229848, 0.0, 0.9547325667279555, 0.0, 0.0, 0.0, 0.981302950712161, 0.0, 0.0, 0.0, 0.0, 0.0, 0.0, 0.0, 0.0, 0.0, 0.0, 0.0, 0.0, 0.0, 0.0, 0.9565529512542724, 0.0, 0.0, 0.0, 0.0, 0.0, 0.0, 0.0, 0.0], [0.0, 0.0, 0.9547325667279555, 0.0, 0.9827056162091813, 0.0, 0.0, 0.0, 0.0, 0.0, 0.0, 0.0, 0.0, 0.0, 0.0, 0.0, 0.0, 0.0, 0.0, 0.0, 0.0, 0.0, 0.0, 0.0, 0.0, 0.0, 0.0, 0.0, 0.0, 0.0, 0.0], [0.0, 0.0, 0.0, 0.9827056162091813, 0.0, 0.957999673498586, 0.0, 0.0, 0.0, 0.9628209028804334, 0.0, 0.0, 0.0, 0.0, 0.0, 0.0, 0.0, 0.0, 0.0, 0.0, 0.0, 0.0, 0.0, 0.946551346984212, 0.0, 0.0, 0.0, 0.0, 0.0, 0.0, 0.0], [0.0, 0.0, 0.0, 0.0, 0.957999673498586, 0.0, 0.9985290665194115, 0.9753980985666745, 0.0, 0.0, 0.0, 0.0, 0.0, 0.0, 0.0, 0.0, 0.0, 0.0, 0.0, 0.0, 0.0, 0.0, 0.0, 0.0, 0.9580605447035137, 0.0, 0.0, 0.0, 0.0, 0.0, 0.0], [0.0, 0.0, 0.0, 0.0, 0.0, 0.9985290665194115, 0.0, 0.0, 0.0, 0.0, 0.0, 0.0, 0.0, 0.0, 0.0, 0.0, 0.0, 0.0, 0.0, 0.0, 0.0, 0.0, 0.0, 0.0, 0.0, 0.8464212759968991, 0.0, 0.0, 0.0, 0.0, 0.0], [0.0, 0.0, 0.981302950712161, 0.0, 0.0, 0.9753980985666745, 0.0, 0.0, 0.9947898920943105, 0.0, 0.0, 0.0, 0.0, 0.0, 0.0, 0.0, 0.0, 0.0, 0.0, 0.0, 0.0, 0.0, 0.0, 0.0, 0.0, 0.0, 0.9600621851976557, 0.0, 0.0, 0.0, 0.0], [0.0, 0.0, 0.0, 0.0, 0.0, 0.0, 0.0, 0.9947898920943105, 0.0, 0.0, 0.0, 0.0, 0.0, 0.0, 0.0, 0.0, 0.0, 0.0, 0.0, 0.0, 0.0, 0.0, 0.0, 0.0, 0.0, 0.0, 0.0, 0.8669691889473496, 0.0, 0.0, 0.0], [0.0, 0.0, 0.0, 0.0, 0.9628209028804334, 0.0, 0.0, 0.0, 0.0, 0.0, 1.220590942454439, 0.10317506263277541, 0.0, 0.0, 0.0, 0.0, 0.0, 0.0, 1.1680612838650342, 0.0, 0.0, 0.0, 0.0, 0.0, 0.0, 0.0, 0.0, 0.0, 0.0, 0.0, 0.0], [0.0, 0.0, 0.0, 0.0, 0.0, 0.0, 0.0, 0.0, 0.0, 1.220590942454439, 0.0, 1.5792031048622663, 0.0, 0.0, 0.0, 0.0, 0.0, 0.0, 0.0, 0.0, 0.0, 0.0, 0.0, 0.0, 0.0, 0.0, 0.0, 0.0, 0.9600094775558483, 0.0, 0.0], [0.0, 0.0, 0.0, 0.0, 0.0, 0.0, 0.0, 0.0, 0.0, 0.10317506263277541, 1.5792031048622663, 0.0, 1.2058831786194333, 0.0, 0.0, 0.0, 0.0, 0.0, 0.0, 0.0, 0.0, 0.0, 0.0, 0.0, 0.0, 0.0, 0.0, 0.0, 0.0, 0.0, 0.0], [0.0, 0.0, 0.0, 0.0, 0.0, 0.0, 0.0, 0.0, 0.0, 0.0, 0.0, 1.2058831786194333, 0.0, 1.267153805398487, 0.0, 0.0, 0.0, 0.0, 1.2618614096820828, 0.0, 0.0, 0.0, 0.0, 0.0, 0.0, 0.0, 0.0, 0.0, 0.0, 0.0, 0.0], [0.0, 0.0, 0.0, 0.0, 0.0, 0.0, 0.0, 0.0, 0.0, 0.0, 0.0, 0.0, 1.267153805398487, 0.0, 1.1246908998494924, 1.3751525899932193, 0.0, 0.0, 0.0, 0.0, 0.0, 0.0, 0.0, 0.0, 0.0, 0.0, 0.0, 0.0, 0.0, 0.0, 0.0], [0.0, 0.0, 0.0, 0.0, 0.0, 0.0, 0.0, 0.0, 0.0, 0.0, 0.0, 0.0, 0.0, 1.1246908998494924, 0.0, 0.0, 0.0, 0.0, 0.0, 0.0, 0.0, 0.0, 0.0, 0.0, 0.0, 0.0, 0.0, 0.0, 0.0, 0.8708416619082462, 0.0], [0.0, 0.0, 0.0, 0.0, 0.0, 0.0, 0.0, 0.0, 0.0, 0.0, 0.0, 0.0, 0.0, 1.3751525899932193, 0.0, 0.0, 1.4103582960503973, 0.0, 0.0, 0.0, 0.0, 0.0, 0.0, 0.0, 0.0, 0.0, 0.0, 0.0, 0.0, 0.0, 0.0], [0.0, 0.0, 0.0, 0.0, 0.0, 0.0, 0.0, 0.0, 0.0, 0.0, 0.0, 0.0, 0.0, 0.0, 0.0, 1.4103582960503973, 0.0, 1.434322277703556, 0.0, 0.0, 0.0, 0.0, 0.0, 0.0, 0.0, 0.0, 0.0, 0.0, 0.0, 0.0, 0.9582545142597515], [0.0, 0.0, 0.0, 0.0, 0.0, 0.0, 0.0, 0.0, 0.0, 0.0, 0.0, 0.0, 0.0, 0.0, 0.0, 0.0, 1.434322277703556, 0.0, 1.3032634308283177, 0.0, 0.0, 0.0, 0.0, 0.0, 0.0, 0.0, 0.0, 0.0, 0.0, 0.0, 0.0], [0.0, 0.0, 0.0, 0.0, 0.0, 0.0, 0.0, 0.0, 0.0, 1.1680612838650342, 0.0, 0.0, 1.2618614096820828, 0.0, 0.0, 0.0, 0.0, 1.3032634308283177, 0.0, 0.0, 0.0, 0.0, 0.0, 0.0, 0.0, 0.0, 0.0, 0.0, 0.0, 0.0, 0.0], [0.896895657097343, 0.0, 0.0, 0.0, 0.0, 0.0, 0.0, 0.0, 0.0, 0.0, 0.0, 0.0, 0.0, 0.0, 0.0, 0.0, 0.0, 0.0, 0.0, 0.0, 0.0, 0.0, 0.0, 0.0, 0.0, 0.0, 0.0, 0.0, 0.0, 0.0, 0.0], [0.0, 0.9718052269819426, 0.0, 0.0, 0.0, 0.0, 0.0, 0.0, 0.0, 0.0, 0.0, 0.0, 0.0, 0.0, 0.0, 0.0, 0.0, 0.0, 0.0, 0.0, 0.0, 0.0, 0.0, 0.0, 0.0, 0.0, 0.0, 0.0, 0.0, 0.0, 0.0], [0.0, 0.9701938859373903, 0.0, 0.0, 0.0, 0.0, 0.0, 0.0, 0.0, 0.0, 0.0, 0.0, 0.0, 0.0, 0.0, 0.0, 0.0, 0.0, 0.0, 0.0, 0.0, 0.0, 0.0, 0.0, 0.0, 0.0, 0.0, 0.0, 0.0, 0.0, 0.0], [0.0, 0.0, 0.9565529512542724, 0.0, 0.0, 0.0, 0.0, 0.0, 0.0, 0.0, 0.0, 0.0, 0.0, 0.0, 0.0, 0.0, 0.0, 0.0, 0.0, 0.0, 0.0, 0.0, 0.0, 0.0, 0.0, 0.0, 0.0, 0.0, 0.0, 0.0, 0.0], [0.0, 0.0, 0.0, 0.0, 0.946551346984212, 0.0, 0.0, 0.0, 0.0, 0.0, 0.0, 0.0, 0.0, 0.0, 0.0, 0.0, 0.0, 0.0, 0.0, 0.0, 0.0, 0.0, 0.0, 0.0, 0.0, 0.0, 0.0, 0.0, 0.0, 0.0, 0.0], [0.0, 0.0, 0.0, 0.0, 0.0, 0.9580605447035137, 0.0, 0.0, 0.0, 0.0, 0.0, 0.0, 0.0, 0.0, 0.0, 0.0, 0.0, 0.0, 0.0, 0.0, 0.0, 0.0, 0.0, 0.0, 0.0, 0.0, 0.0, 0.0, 0.0, 0.0, 0.0], [0.0, 0.0, 0.0, 0.0, 0.0, 0.0, 0.8464212759968991, 0.0, 0.0, 0.0, 0.0, 0.0, 0.0, 0.0, 0.0, 0.0, 0.0, 0.0, 0.0, 0.0, 0.0, 0.0, 0.0, 0.0, 0.0, 0.0, 0.0, 0.0, 0.0, 0.0, 0.0], [0.0, 0.0, 0.0, 0.0, 0.0, 0.0, 0.0, 0.9600621851976557, 0.0, 0.0, 0.0, 0.0, 0.0, 0.0, 0.0, 0.0, 0.0, 0.0, 0.0, 0.0, 0.0, 0.0, 0.0, 0.0, 0.0, 0.0, 0.0, 0.0, 0.0, 0.0, 0.0], [0.0, 0.0, 0.0, 0.0, 0.0, 0.0, 0.0, 0.0, 0.8669691889473496, 0.0, 0.0, 0.0, 0.0, 0.0, 0.0, 0.0, 0.0, 0.0, 0.0, 0.0, 0.0, 0.0, 0.0, 0.0, 0.0, 0.0, 0.0, 0.0, 0.0, 0.0, 0.0], [0.0, 0.0, 0.0, 0.0, 0.0, 0.0, 0.0, 0.0, 0.0, 0.0, 0.9600094775558483, 0.0, 0.0, 0.0, 0.0, 0.0, 0.0, 0.0, 0.0, 0.0, 0.0, 0.0, 0.0, 0.0, 0.0, 0.0, 0.0, 0.0, 0.0, 0.0, 0.0], [0.0, 0.0, 0.0, 0.0, 0.0, 0.0, 0.0, 0.0, 0.0, 0.0, 0.0, 0.0, 0.0, 0.0, 0.8708416619082462, 0.0, 0.0, 0.0, 0.0, 0.0, 0.0, 0.0, 0.0, 0.0, 0.0, 0.0, 0.0, 0.0, 0.0, 0.0, 0.0], [0.0, 0.0, 0.0, 0.0, 0.0, 0.0, 0.0, 0.0, 0.0, 0.0, 0.0, 0.0, 0.0, 0.0, 0.0, 0.0, 0.9582545142597515, 0.0, 0.0, 0.0, 0.0, 0.0, 0.0, 0.0, 0.0, 0.0, 0.0, 0.0, 0.0, 0.0, 0.0]], "Born radii": [], "Atomic SASAs": [], "Solvent H bonds": [], "Total SASA": NaN, "Total FOD": 0.0, "FOD": [0.0, 0.0, 0.0, 0.0, 0.0, 0.0, 0.0, 0.0, 0.0, 0.0, 0.0, 0.0, 0.0, 0.0, 0.0, 0.0, 0.0, 0.0, 0.0, 0.0, 0.0, 0.0, 0.0, 0.0, 0.0, 0.0, 0.0, 0.0, 0.0, 0.0, 0.0], "FOD s proportion": [0.0, 0.0, 0.0, 0.0, 0.0, 0.0, 0.0, 0.0, 0.0, 0.0, 0.0, 0.0, 0.0, 0.0, 0.0, 0.0, 0.0, 0.0, 0.0, 0.0, 0.0, 0.0, 0.0, 0.0, 0.0, 0.0, 0.0, 0.0, 0.0, 0.0, 0.0], "FOD p proportion": [0.0, 0.0, 0.0, 0.0, 0.0, 0.0, 0.0, 0.0, 0.0, 0.0, 0.0, 0.0, 0.0, 0.0, 0.0, 0.0, 0.0, 0.0, 0.0, 0.0, 0.0, 0.0, 0.0, 0.0, 0.0, 0.0, 0.0, 0.0, 0.0, 0.0, 0.0], "FOD d proportion": [0.0, 0.0, 0.0, 0.0, 0.0, 0.0, 0.0, 0.0, 0.0, 0.0, 0.0, 0.0, 0.0, 0.0, 0.0, 0.0, 0.0, 0.0, 0.0, 0.0, 0.0, 0.0, 0.0, 0.0, 0.0, 0.0, 0.0, 0.0, 0.0, 0.0, 0.0], "coordinates": [["-2.19010", "1.87210", "0.28850"], ["-3.04560", "1.30790", "-0.70230"], ["-2.64520", "-0.13640", "-1.02220"], ["-1.33470", "-0.12200", "-1.64200"], ["-0.39340", "-0.71940", "-0.72620"], ["-1.09040", "-0.88900", "0.62760"], ["-0.67070", "-2.05200", "1.35340"], ["-2.54080", "-1.03040", "0.20960"], ["-2.78530", "-2.39640", "-0.16570"], ["0.80160", "0.10270", "-0.64770"], ["1.07850", "1.24990", "-1.34520"], ["2.27030", "1.73480", "-1.05260"], ["2.77960", "0.85520", "-0.12680"], ["3.98590", "0.80760", "0.56620"], ["4.96460", "1.75490", "0.39840"], ["4.23300", "-0.18760", "1.43830"], ["3.26850", "-1.11630", "1.60360"], ["2.05410", "-1.18890", "1.00470"], ["1.88660", "-0.16680", "0.14360"], ["-2.42440", "2.81550", "0.36200"], ["-2.96410", "1.92690", "-1.60170"], ["-4.07350", "1.34720", "-0.32900"], ["-3.34350", "-0.54700", "-1.75960"], ["-0.07890", "-1.68260", "-1.14620"], ["-0.95130", "-0.01650", "1.27430"], ["0.29730", "-1.95330", "1.49000"], ["-3.25120", "-0.78310", "1.00360"], ["-2.30950", "-2.93040", "0.50600"], ["0.38000", "1.68380", "-2.05070"], ["4.59570", "2.36830", "-0.26380"], ["3.49700", "-1.90860", "2.31210"]], "bond_dist": [[0.0, 1.4254425733785279, 2.4411314487343776, 2.904302708052313, 3.3126453522826735, 2.9913211312060763, 4.340639259371827, 2.92467467421592, 4.333665068968759, 3.5996549404074836, 3.7067309708151197, 4.659674737575575, 5.089644171255983, 6.273217160277492, 7.156503751134349, 6.842559297514344, 6.3605295793668, 5.281656660556421, 4.560437710351936, 0.9748344987740226, 2.0432657878993616, 2.050371142013075, 3.3729942158266444, 4.376233725476737, 2.4643938483935557, 4.718521608512565, 2.9474375752507465, 4.808905162300459, 3.480334400600034, 6.826297046715738, 7.122622821685843], [1.4254425733785279, 0.0, 1.53253341236007, 2.4196753728547966, 3.338365069910719, 3.2276633436590005, 4.599454370900966, 2.560084283768798, 3.7520040165223705, 4.031927087634398, 4.1743125445994105, 5.344506198892466, 5.87103845839899, 7.162498487957955, 8.097817825192166, 7.732833023543182, 7.145752532798767, 5.929148280318177, 5.216980327737493, 1.9471727427221244, 1.0948623703461544, 1.0942923695247082, 2.15575548474311, 4.235734452252643, 3.1697121967143955, 5.15912639310184, 2.706408537157685, 4.468223247556013, 3.700570054734811, 7.7269784586214545, 7.889112394306473], [2.4411314487343776, 1.53253341236007, 0.0, 1.449748133297643, 2.3448045206370614, 2.388650212986405, 3.634783208115719, 1.5256036837920917, 2.4209131045950407, 3.475320028429037, 3.986489480733644, 5.259700927809488, 5.586901355850127, 6.883722668004573, 7.968950752137951, 7.305225316853683, 6.5442247317768665, 5.2248923768820354, 4.679447086996498, 3.267793734310659, 2.1667312592935932, 2.172932601347773, 1.0954332521883752, 2.9986673923594793, 2.8561487128649303, 4.274409982675971, 2.2111812521817384, 3.202268840993835, 3.6773326379320106, 7.699306816850462, 7.210053409649612], [2.904302708052313, 2.4196753728547966, 1.449748133297643, 0.0, 1.4427827591151758, 2.408122847779988, 3.6246678689226135, 2.3892028649740062, 3.075158111382242, 2.3670446278006674, 2.791726005538509, 4.097697353392513, 4.492016848810787, 5.835159617354096, 6.882380856941876, 6.36331947492816, 5.719440714790214, 4.430266576629447, 3.6833609774226583, 3.719189204652003, 2.61812139901877, 3.373950663539703, 2.0566312746819735, 2.0635706045590005, 2.943285833893813, 3.9782543520996745, 3.333050377657079, 3.667594525025906, 2.523518460404045, 6.578044807539699, 6.494010414220168], [3.3126453522826735, 3.338365069910719, 2.3448045206370614, 1.4427827591151758, 0.0, 1.5321056099368608, 2.485448492727218, 2.36300008463817, 2.9745041368268423, 1.452596179259742, 2.5353092710752274, 3.6366099997112697, 3.5925721314957615, 4.814591908978371, 6.00791558279575, 5.135313860904706, 4.358326428802689, 3.0342546547710856, 2.5020629088813897, 4.219556641402033, 3.791820463840555, 4.239308836355285, 3.130611334867361, 1.096842965059265, 2.1925603914145673, 2.628900557267239, 3.3411504859853287, 3.174630222561362, 2.8509328385635464, 5.885475669816332, 5.077467448443171], [2.9913211312060763, 3.2276633436590005, 2.388650212986405, 2.408122847779988, 1.5321056099368608, 0.0, 1.4337024551837805, 1.516040276509829, 2.4029701745964305, 2.487875193814995, 3.629181761774959, 4.582761500449266, 4.3114096302717515, 5.3526669250010315, 6.611033568966353, 5.430265556121541, 4.472611150100129, 3.181198621589038, 3.1013477457389396, 3.9463172211569613, 4.050903971954902, 3.8489686423768124, 3.300325355173335, 2.190730391901295, 1.0949091058165514, 1.9499178290379318, 2.1958250044117817, 2.380820306113, 3.9943293417043115, 6.613344876838044, 4.992130123504395], [4.340639259371827, 4.599454370900966, 3.634783208115719, 3.6246678689226135, 2.485448492727218, 1.4337024551837805, 0.0, 2.418515869288436, 2.626368087302311, 3.288586412122996, 4.609195831161874, 5.364528985847685, 4.748407519368993, 5.520952776468931, 6.867395335933413, 5.246853253141353, 4.056529448925522, 2.8794215287102376, 3.399614444315708, 5.267911720976349, 5.461130357352771, 5.0954958777335895, 4.370315073309932, 2.5951269256049887, 2.0562717281526774, 0.9825605579301461, 2.896799527064308, 2.0433645685486472, 5.162176763730588, 7.063239829568298, 4.27894759724865], [2.92467467421592, 2.560084283768798, 1.5256036837920917, 2.3892028649740062, 2.36300008463817, 1.516040276509829, 2.418515869288436, 0.0, 1.43756263863527, 3.631875088711064, 4.551538599199176, 5.690884209857023, 5.654671385677508, 6.789935231649857, 8.007781883268299, 6.935732259105739, 5.974828976631883, 4.6658774383817665, 4.511322613159028, 3.8506780610692455, 3.4936533700411667, 2.8796251509528115, 2.1807685548906837, 2.885222710641243, 2.1651996559209037, 3.2474574947179833, 1.0937373770700167, 1.9368408943431572, 4.583329616119705, 7.91864265515246, 6.453430896042818], [4.333665068968759, 3.7520040165223705, 2.4209131045950407, 3.075158111382242, 2.9745041368268423, 2.4029701745964305, 2.626368087302311, 1.43756263863527, 0.0, 4.398144656556898, 5.442028517014588, 6.588816009724358, 6.445349314040318, 7.526648859220151, 8.809792875544806, 7.5304812814321505, 6.435648602899322, 5.123249434684983, 5.185887798631976, 5.250963503015423, 4.559055640151806, 3.9624067295016543, 2.504472960524829, 2.9657194152515505, 3.3318283284106935, 3.527052999318269, 2.046231216163022, 0.9811842487524961, 5.497306716020128, 8.785849458077461, 6.770874018175201], [3.5996549404074836, 4.031927087634398, 3.475320028429037, 2.3670446278006674, 1.452596179259742, 2.487875193814995, 3.288586412122996, 3.631875088711064, 4.398144656556898, 0.0, 1.3708565570474542, 2.232660769127276, 2.1794671504750878, 3.4799717972995126, 4.599419425318809, 4.026186291020324, 3.555264870582781, 2.4428288048899374, 1.3696754871136447, 4.334265096876286, 4.291656804778313, 5.041522582514135, 4.3405397947720745, 2.052091272336589, 2.604025931130487, 3.008523853985539, 4.465044363721373, 4.495515822461312, 2.1554657895684635, 4.4357093434985115, 4.480058581090207], [3.7067309708151197, 4.1743125445994105, 3.986489480733644, 2.791726005538509, 2.5353092710752274, 3.629181761774959, 4.609195831161874, 4.551538599199176, 5.442028517014588, 1.3708565570474542, 0.0, 1.3195188554924102, 2.1293256819941844, 3.507428404116041, 4.28916532323015, 4.445801249493728, 4.369258962341326, 3.524424890673654, 2.2083002377394245, 4.199517068663967, 4.106913197280897, 5.252164670876191, 4.791102270876714, 3.158913105800791, 3.5476241697789805, 4.348462109757885, 5.328813426082771, 5.690377274838638, 1.0834674475959118, 3.845899161444564, 5.4038049363388385], [4.659674737575575, 5.344506198892466, 5.259700927809488, 4.097697353392513, 3.6366099997112697, 4.582761500449266, 5.364528985847685, 5.690884209857023, 6.588816009724358, 2.232660769127276, 1.3195188554924102, 0.0, 1.3748411871921786, 2.5344618048019583, 3.0602381443279865, 3.7084222871728074, 4.022508283397313, 3.581514682365549, 2.27907935140486, 5.020877785805983, 5.266626679384063, 6.396688921621872, 6.100918838994664, 4.148026562113603, 4.342835693415076, 4.8948570326415055, 6.407397373349026, 6.720706290264439, 2.1382326112937293, 2.5359441732814227, 5.108851391457771], [5.089644171255983, 5.87103845839899, 5.586901355850127, 4.492016848810787, 3.5925721314957615, 4.3114096302717515, 4.748407519368993, 5.654671385677508, 6.445349314040318, 2.1794671504750878, 2.1293256819941844, 1.3748411871921786, 0.0, 1.3920037535868934, 2.4206445691179033, 2.376834325315923, 2.668355227476282, 2.446423370964233, 1.383853012425814, 5.582411443990849, 6.026106586345781, 6.8737128576919755, 6.4903431565673015, 3.956087391602971, 4.079529005902519, 4.082098453001838, 6.350777880700914, 6.374177751679035, 3.185286381159471, 2.3677964059437207, 3.7551945901644026], [6.273217160277492, 7.162498487957955, 6.883722668004573, 5.835159617354096, 4.814591908978371, 5.3526669250010315, 5.520952776468931, 6.789935231649857, 7.526648859220151, 3.4799717972995126, 3.507428404116041, 2.5344618048019583, 1.3920037535868934, 0.0, 1.3723657748574174, 1.3461202992303472, 2.3004896717872914, 2.812498131554935, 2.3526807284457445, 6.720513830057937, 7.365807688230803, 8.126898520345877, 7.807969720740469, 5.06517609170698, 5.055342744067903, 4.699121748795194, 7.422752970428155, 7.321770906003547, 4.5407495923030154, 1.8699038825565342, 3.265720817828738], [7.156503751134349, 8.097817825192166, 7.968950752137951, 6.882380856941876, 6.00791558279575, 6.611033568966353, 6.867395335933413, 8.007781883268299, 8.809792875544806, 4.599419425318809, 4.28916532323015, 3.0602381443279865, 2.4206445691179033, 1.3723657748574174, 0.0, 2.3216237464326555, 3.5458499249122206, 4.183846122887409, 3.6375730824273482, 7.464818706438891, 8.178891593608514, 9.076485093911629, 8.88708237949891, 6.29595804147391, 6.2372214631196154, 6.060200251641855, 8.620155490476956, 8.653100291802932, 5.198240392671351, 0.9751182543671306, 4.386038041330695], [6.842559297514344, 7.732833023543182, 7.305225316853683, 6.36331947492816, 5.135313860904706, 5.430265556121541, 5.246853253141353, 6.935732259105739, 7.5304812814321505, 4.026186291020324, 4.445801249493728, 3.7084222871728074, 2.376834325315923, 1.3461202992303472, 2.3216237464326555, 0.0, 1.349098969683099, 2.43684547314761, 2.679976434597886, 7.382276482224165, 8.093884028079474, 8.630000149478562, 8.231590673739795, 5.244725622947305, 5.189714606796794, 4.313942960911746, 7.520427779056188, 7.15516885754627, 5.524569481869152, 3.092138501102433, 2.0656871592765444], [6.3605295793668, 7.145752532798767, 6.5442247317768665, 5.719440714790214, 4.358326428802689, 4.472611150100129, 4.056529448925522, 5.974828976631883, 6.435648602899322, 3.555264870582781, 4.369258962341326, 4.022508283397313, 2.668355227476282, 2.3004896717872914, 3.5458499249122206, 1.349098969683099, 0.0, 1.355993853230906, 2.2232403963584324, 7.029205659959025, 7.640701348043908, 7.981775429689813, 7.440010801739471, 4.368888015273452, 4.373180829785112, 3.088932404569579, 6.555723478762661, 5.967392107947994, 5.434878172507641, 4.17026135392016, 1.0871631846231735], [5.281656660556421, 5.929148280318177, 5.2248923768820354, 4.430266576629447, 3.0342546547710856, 3.181198621589038, 2.8794215287102376, 4.6658774383817665, 5.123249434684983, 2.4428288048899374, 3.524424890673654, 3.581514682365549, 2.446423370964233, 2.812498131554935, 4.183846122887409, 2.43684547314761, 1.355993853230906, 0.0, 1.3469364758591995, 6.041957042217364, 6.456304038689629, 6.764468985811082, 6.098153479537884, 3.06916918725573, 3.237226448674853, 1.976403220499299, 5.3207972090655735, 4.724672359010728, 4.515582493986795, 4.552196684019705, 2.075866869527042], [4.560437710351936, 5.216980327737493, 4.679447086996498, 3.6833609774226583, 2.5020629088813897, 3.1013477457389396, 3.399614444315708, 4.511322613159028, 5.185887798631976, 1.3696754871136447, 2.2083002377394245, 2.27907935140486, 1.383853012425814, 2.3526807284457445, 3.6375730824273482, 2.679976434597886, 2.2232403963584324, 1.3469364758591995, 0.0, 5.246573438921827, 5.564076048186258, 6.167522903889373, 5.578590170464219, 2.7972171760519418, 3.0585534146063234, 2.7441300442945487, 5.245609071404387, 5.037467015276626, 3.241838430582252, 3.732550010381642, 3.2139769211990306], [0.9748344987740226, 1.9471727427221244, 3.267793734310659, 3.719189204652003, 4.219556641402033, 3.9463172211569613, 5.267911720976349, 3.8506780610692455, 5.250963503015423, 4.334265096876286, 4.199517068663967, 5.020877785805983, 5.582411443990849, 6.720513830057937, 7.464818706438891, 7.382276482224165, 7.029205659959025, 6.041957042217364, 5.246573438921827, 0.0, 2.221936934298541, 2.3136371150204176, 4.080727584634878, 5.292347409231559, 3.3200209186087974, 5.605487340990077, 3.747688722399447, 5.7488524785386526, 3.8686593982929023, 7.0621114045305164, 7.821955559832848], [2.0432657878993616, 1.0948623703461544, 2.1667312592935932, 2.61812139901877, 3.791820463840555, 4.050903971954902, 5.461130357352771, 3.4936533700411667, 4.559055640151806, 4.291656804778313, 4.106913197280897, 5.266626679384063, 6.026106586345781, 7.365807688230803, 8.178891593608514, 8.093884028079474, 7.640701348043908, 6.456304038689629, 5.564076048186258, 2.221936934298541, 0.0, 1.7851010447590916, 2.5077994297790243, 4.64331234572907, 4.01242363167201, 5.937279755073026, 3.770161070829733, 5.335191068743462, 3.3828543302956455, 7.689953602590851, 8.471995272661571], [2.050371142013075, 1.0942923695247082, 2.172932601347773, 3.373950663539703, 4.239308836355285, 3.8489686423768124, 5.0954958777335895, 2.8796251509528115, 3.9624067295016543, 5.041522582514135, 5.252164670876191, 6.396688921621872, 6.8737128576919755, 8.126898520345877, 9.076485093911629, 8.630000149478562, 7.981775429689813, 6.764468985811082, 6.167522903889373, 2.3136371150204176, 1.7851010447590916, 0.0, 2.483447200968847, 5.0797965549813116, 3.765419155950636, 5.771131075447862, 2.6438945024338625, 4.70178506101672, 4.7865658566450335, 8.729371391457692, 8.653791833641481], [3.3729942158266444, 2.15575548474311, 1.0954332521883752, 2.0566312746819735, 3.130611334867361, 3.300325355173335, 4.370315073309932, 2.1807685548906837, 2.504472960524829, 4.3405397947720745, 4.791102270876714, 6.100918838994664, 6.4903431565673015, 7.807969720740469, 8.88708237949891, 8.231590673739795, 7.440010801739471, 6.098153479537884, 5.578590170464219, 4.080727584634878, 2.5077994297790243, 2.483447200968847, 0.0, 3.5104786112437716, 3.89982054715342, 5.078681373151893, 2.7748039101889708, 3.4471285035519057, 4.350363214721272, 8.58878852749327, 8.076208002521977], [4.376233725476737, 4.235734452252643, 2.9986673923594793, 2.0635706045590005, 1.096842965059265, 2.190730391901295, 2.5951269256049887, 2.885222710641243, 2.9657194152515505, 2.052091272336589, 3.158913105800791, 4.148026562113603, 3.956087391602971, 5.06517609170698, 6.29595804147391, 5.244725622947305, 4.368888015273452, 3.06916918725573, 2.7972171760519418, 5.292347409231559, 4.64331234572907, 5.0797965549813116, 3.5104786112437716, 0.0, 3.065255490167174, 2.6766313474216057, 3.936270770666063, 3.0434102648180708, 3.5158723554759495, 6.248224206124489, 4.979756590436926], [2.4643938483935557, 3.1697121967143955, 2.8561487128649303, 2.943285833893813, 2.1925603914145673, 1.0949091058165514, 2.0562717281526774, 2.1651996559209037, 3.3318283284106935, 2.604025931130487, 3.5476241697789805, 4.342835693415076, 4.079529005902519, 5.055342744067903, 6.2372214631196154, 5.189714606796794, 4.373180829785112, 3.237226448674853, 3.0585534146063234, 3.3200209186087974, 4.01242363167201, 3.765419155950636, 3.89982054715342, 3.065255490167174, 0.0, 2.3144594811748163, 2.439363453854304, 3.3054205995606667, 3.964720012813011, 6.230748883561269, 4.944132293941982], [4.718521608512565, 5.15912639310184, 4.274409982675971, 3.9782543520996745, 2.628900557267239, 1.9499178290379318, 0.9825605579301461, 3.2474574947179833, 3.527052999318269, 3.008523853985539, 4.348462109757885, 4.8948570326415055, 4.082098453001838, 4.699121748795194, 6.060200251641855, 4.313942960911746, 3.088932404569579, 1.976403220499299, 2.7441300442945487, 5.605487340990077, 5.937279755073026, 5.771131075447862, 5.078681373151893, 2.6766313474216057, 2.3144594811748163, 0.0, 3.7679975119418536, 2.9526914247851908, 5.076602425835611, 6.342577044072859, 3.303925935913213], [2.9474375752507465, 2.706408537157685, 2.2111812521817384, 3.333050377657079, 3.3411504859853287, 2.1958250044117817, 2.896799527064308, 1.0937373770700167, 2.046231216163022, 4.465044363721373, 5.328813426082771, 6.407397373349026, 6.350777880700914, 7.422752970428155, 8.620155490476956, 7.520427779056188, 6.555723478762661, 5.3207972090655735, 5.245609071404387, 3.747688722399447, 3.770161070829733, 2.6438945024338625, 2.7748039101889708, 3.936270770666063, 2.439363453854304, 3.7679975119418536, 0.0, 2.3969359482472616, 5.347892813061982, 8.550524213754382, 6.965423586545185], [4.808905162300459, 4.468223247556013, 3.202268840993835, 3.667594525025906, 3.174630222561362, 2.380820306113, 2.0433645685486472, 1.9368408943431572, 0.9811842487524961, 4.495515822461312, 5.690377274838638, 6.720706290264439, 6.374177751679035, 7.321770906003547, 8.653100291802932, 7.15516885754627, 5.967392107947994, 4.724672359010728, 5.037467015276626, 5.7488524785386526, 5.335191068743462, 4.70178506101672, 3.4471285035519057, 3.0434102648180708, 3.3054205995606667, 2.9526914247851908, 2.3969359482472616, 0.0, 5.92123017454988, 8.737883082875394, 6.166158828638782], [3.480334400600034, 3.700570054734811, 3.6773326379320106, 2.523518460404045, 2.8509328385635464, 3.9943293417043115, 5.162176763730588, 4.583329616119705, 5.497306716020128, 2.1554657895684635, 1.0834674475959118, 2.1382326112937293, 3.185286381159471, 4.5407495923030154, 5.198240392671351, 5.524569481869152, 5.434878172507641, 4.515582493986795, 3.241838430582252, 3.8686593982929023, 3.3828543302956455, 4.7865658566450335, 4.350363214721272, 3.5158723554759495, 3.964720012813011, 5.076602425835611, 5.347892813061982, 5.92123017454988, 0.0, 4.629652076560397, 6.454072404304123], [6.826297046715738, 7.7269784586214545, 7.699306816850462, 6.578044807539699, 5.885475669816332, 6.613344876838044, 7.063239829568298, 7.91864265515246, 8.785849458077461, 4.4357093434985115, 3.845899161444564, 2.5359441732814227, 2.3677964059437207, 1.8699038825565342, 0.9751182543671306, 3.092138501102433, 4.17026135392016, 4.552196684019705, 3.732550010381642, 7.0621114045305164, 7.689953602590851, 8.729371391457692, 8.58878852749327, 6.248224206124489, 6.230748883561269, 6.342577044072859, 8.550524213754382, 8.737883082875394, 4.629652076560397, 0.0, 5.112169413272608], [7.122622821685843, 7.889112394306473, 7.210053409649612, 6.494010414220168, 5.077467448443171, 4.992130123504395, 4.27894759724865, 6.453430896042818, 6.770874018175201, 4.480058581090207, 5.4038049363388385, 5.108851391457771, 3.7551945901644026, 3.265720817828738, 4.386038041330695, 2.0656871592765444, 1.0871631846231735, 2.075866869527042, 3.2139769211990306, 7.821955559832848, 8.471995272661571, 8.653791833641481, 8.076208002521977, 4.979756590436926, 4.944132293941982, 3.303925935913213, 6.965423586545185, 6.166158828638782, 6.454072404304123, 5.112169413272608, 0.0]]}