{"total energy": -23.22994382, "HOMO-LUMO gap/eV": 4.2948176, "electronic energy": -23.52671045, "dipole": [-0.20693996, 0.30174839, -0.92512306], "partial charges": [-0.10156816, -0.05190165, -0.00088639, -0.21834759, -0.0020567, -0.04768754, -0.09847456, 0.03754848, 0.03380478, 0.03141714, 0.03897622, 0.0402557, 0.0381121, 0.04184942, 0.03352146, 0.04856854, 0.03390021, 0.03062987, 0.04445186, 0.03156443, 0.03632239], "atomic dipole moments": [[0.08807015, 0.00714335, 0.05397362], [-0.07418115, 0.09378984, 0.00525714], [0.10841482, -0.0613485, 0.0222151], [-0.11934251, 0.15630188, -0.3772162], [-0.05719131, -0.11714505, -0.00058419], [0.02661696, -0.03468609, 0.10384553], [-0.0608954, 0.09226164, -0.0100322], [-0.0086202, -0.11102957, -0.05886913], [-0.10091997, 0.01097666, 0.0758263], [-0.00633318, 0.08960638, -0.08768037], [0.092447, -0.02129222, -0.08024579], [0.00155178, -0.09763294, 0.08088576], [-0.01304174, 0.10128498, -0.08103517], [-0.08991382, 0.01475049, 0.08435646], [-0.06087866, 0.10743379, -0.01260795], [0.10221685, 0.03366304, 0.06418951], [-0.09742764, -0.02283033, -0.07280782], [0.06243586, 0.08205058, -0.06515009], [-0.05960671, -0.10163823, 0.05051245], [0.0366907, -0.03492772, -0.11396904], [0.10615073, 0.02188898, 0.06792029]], "atomic quadrupole moments": [[0.1413958, 0.01413667, -0.11364636, 0.16385853, 0.01377847, -0.02774945], [0.05148588, 0.03131022, 0.01816442, 0.18221738, 0.15596495, -0.0696503], [0.13986061, 0.03552355, -0.06492407, 0.26375501, 0.12216747, -0.07493654], [0.33403728, 0.36552115, -0.31837208, 0.12625715, -0.3117451, -0.0156652], [-0.09755209, 0.1543003, -0.01297597, -0.20424236, -0.09901921, 0.11052807], [-0.095572, -0.15943565, 0.04882131, -0.06435223, 0.07374407, 0.04675069], [-0.00555449, -0.17765672, 0.10656748, 0.00961238, -0.0159292, -0.10101299], [-0.03285165, -0.00354551, 0.05604497, 0.01061418, 0.05097932, -0.02319332], [0.02896916, -0.01142253, -0.05091885, -0.05239869, 0.0082086, 0.02194968], [-0.02983536, 0.00809989, 0.02386812, 0.00276926, -0.06556592, 0.00596724], [0.02585657, 0.01047426, -0.03581682, -0.0356456, 0.01024882, 0.00996025], [-0.02967915, 0.01092757, 0.01043481, 0.0073682, -0.0347933, 0.01924435], [-0.02579013, 0.01647478, 0.00965016, 0.00932222, -0.03879513, 0.01613997], [0.03497281, 0.0160211, -0.03928031, -0.03334154, 0.01463576, 0.00430749], [-0.00657843, -0.04097771, 0.01434794, -0.01500338, -0.03354877, -0.00776951], [0.04816473, 0.02182257, -0.05003151, 0.02542202, 0.00154399, 0.00186678], [0.04032872, 0.01546991, -0.01842095, 0.02829854, 0.02228473, -0.02190777], [-0.00343026, 0.02909405, 0.02553448, -0.03217502, -0.02079064, -0.02210422], [0.00747803, 0.03950578, 0.0168158, -0.03427996, -0.04055586, -0.02429383], [-0.04131966, -0.01878507, -0.02860304, -0.02997187, 0.02173049, 0.0699227], [0.02927703, 0.0207294, -0.01935899, 0.05841144, 0.02014295, -0.00991804]], "number of molecular orbitals": 47, "number of electrons": 44, "number of unpaired electrons": 0, "orbital energies/eV": [-19.05392967, -17.08423036, -17.06621448, -16.24031754, -16.1232471, -15.41652291, -15.32308054, -14.39096417, -14.00578272, -13.90024933, -13.64755953, -13.45448425, -13.12581643, -13.03755368, -12.51490762, -12.38212187, -12.27964349, -12.16766746, -11.90034309, -11.71575263, -11.59431176, -9.5315535, -5.2367359, -3.65993329, -0.01823309, 0.15891782, 0.47585098, 2.29878231, 2.8321703, 2.98584785, 3.36478457, 3.71545065, 3.8045228, 4.018037, 4.30505558, 4.57896917, 4.94296162, 5.10088091, 5.31929212, 5.81885149, 6.45257903, 6.61583567, 6.8229353, 7.22791248, 7.89132982, 8.16549075, 11.37375223], "fractional occupation": [2.0, 2.0, 2.0, 2.0, 2.0, 2.0, 2.0, 2.0, 2.0, 2.0, 2.0, 2.0, 2.0, 2.0, 2.0, 2.0, 2.0, 2.0, 2.0, 2.0, 2.0, 2.0, 0.0, 0.0, 0.0, 0.0, 0.0, 0.0, 0.0, 0.0, 0.0, 0.0, 0.0, 0.0, 0.0, 0.0, 0.0, 0.0, 0.0, 0.0, 0.0, 0.0, 0.0, 0.0, 0.0, 0.0, 0.0], "program call": "xtb /home/svss/Project-DBcg-Debug/aqme2_20220329/End-to-End-workflows-final/example-3/QDESCP/mol_819_rdkit_conf_12/mol_819_rdkit_conf_12.xyz --pop --wbo --acc 0.2 --gfn 2 --chrg 0 --uhf 0 --etemp 300 --input /home/svss/Project-DBcg-Debug/aqme2_20220329/End-to-End-workflows-final/example-3/QDESCP/mol_819_rdkit_conf_12/mol_819_rdkit_conf_12_xtb.inp", "method": "GFN2-xTB", "xtb version": "6.3.3 (7355c4f)", "Dipole module/D": 2.529, "Total charge": 0, "Transition dipole module/D": NaN, "HOMO": -9.5316, "LUMO": -5.2367, "HOMO occupancy": 2.0, "LUMO occupancy": 0, "mulliken charges": [-0.08543, -0.04246, 0.01076, -0.13413, 0.0106, -0.04352, -0.08298, 0.02992, 0.0268, 0.0255, 0.02258, 0.02537, 0.02661, 0.02685, 0.02306, 0.03149, 0.02346, 0.02455, 0.0267, 0.02706, 0.02721], "cm5 charges": [-0.23579, -0.15275, -0.08207, -0.18186, -0.08217, -0.15423, -0.23266, 0.08069, 0.0781, 0.07681, 0.07851, 0.08051, 0.08348, 0.08315, 0.07894, 0.08772, 0.07912, 0.07885, 0.07912, 0.07786, 0.07868], "FUKUI+": [0.021, 0.02, 0.032, -0.507, 0.026, 0.027, 0.027, -0.04, -0.025, -0.025, -0.033, -0.027, -0.092, -0.071, -0.086, -0.072, -0.038, -0.065, -0.006, -0.044, -0.023], "FUKUI-": [0.015, 0.004, 0.06, -0.532, 0.06, 0.011, 0.021, -0.059, -0.037, -0.032, -0.031, -0.032, -0.059, -0.072, -0.075, -0.057, -0.032, -0.057, -0.007, -0.053, -0.036], "FUKUIrad": [0.018, 0.012, 0.046, -0.519, 0.043, 0.019, 0.024, -0.049, -0.031, -0.028, -0.032, -0.029, -0.075, -0.071, -0.081, -0.065, -0.035, -0.061, -0.006, -0.049, -0.029], "s proportion": [1.008, 1.032, 1.039, 1.932, 1.04, 1.029, 1.007, 0.97, 0.973, 0.975, 0.977, 0.975, 0.973, 0.973, 0.977, 0.969, 0.977, 0.975, 0.973, 0.973, 0.973], "p proportion": [3.077, 3.011, 2.95, 4.205, 2.95, 3.014, 3.076, 0.0, 0.0, 0.0, 0.0, 0.0, 0.0, 0.0, 0.0, 0.0, 0.0, 0.0, 0.0, 0.0, 0.0], "d proportion": [0.0, 0.0, 0.0, -0.003, 0.0, 0.0, 0.0, 0.0, 0.0, 0.0, 0.0, 0.0, 0.0, 0.0, 0.0, 0.0, 0.0, 0.0, 0.0, 0.0, 0.0], "Fermi-level/eV": -7.3841, "Coordination numbers": [3.75, 3.831, 3.795, 1.987, 3.793, 3.813, 3.749, 0.924, 0.924, 0.924, 0.924, 0.924, 0.924, 0.924, 0.924, 0.924, 0.924, 0.924, 0.924, 0.924, 0.924], "Dispersion coefficient C6": [22.503, 21.481, 20.603, 150.373, 20.625, 21.418, 22.446, 2.482, 2.533, 2.566, 2.463, 2.446, 2.474, 2.424, 2.537, 2.338, 2.532, 2.578, 2.391, 2.564, 2.499], "Total dispersion C6": 3847.124103, "Total dispersion C8": 96989.802, "Polarizability alpha": [6.765, 6.594, 6.464, 20.639, 6.467, 6.587, 6.757, 2.464, 2.489, 2.505, 2.454, 2.446, 2.46, 2.435, 2.491, 2.391, 2.488, 2.511, 2.418, 2.504, 2.472], "Total polarizability alpha": 94.801726, "Wiberg matrix": [[0.0, 1.0151996823646763, 0.0, 0.0, 0.0, 0.0, 0.0, 0.9859713580579907, 0.9875207410122102, 0.987591402110858, 0.0, 0.0, 0.0, 0.0, 0.0, 0.0, 0.0, 0.0, 0.0, 0.0, 0.0], [1.0151996823646763, 0.0, 1.0122726065949386, 0.0, 0.0, 0.0, 0.0, 0.0, 0.0, 0.0, 0.9748286732751024, 0.9777504771110501, 0.0, 0.0, 0.0, 0.0, 0.0, 0.0, 0.0, 0.0, 0.0], [0.0, 1.0122726065949386, 0.0, 0.9884580407913347, 0.0, 0.0, 0.0, 0.0, 0.0, 0.0, 0.0, 0.0, 0.9725134023294446, 0.9750668561142578, 0.0, 0.0, 0.0, 0.0, 0.0, 0.0, 0.0], [0.0, 0.0, 0.9884580407913347, 0.0, 0.9908537649671861, 0.0, 0.0, 0.0, 0.0, 0.0, 0.0, 0.0, 0.0, 0.0, 0.0, 0.0, 0.0, 0.0, 0.0, 0.0, 0.0], [0.0, 0.0, 0.0, 0.9908537649671861, 0.0, 1.01103512743651, 0.0, 0.0, 0.0, 0.0, 0.0, 0.0, 0.0, 0.0, 0.9747715956862119, 0.9714599146292813, 0.0, 0.0, 0.0, 0.0, 0.0], [0.0, 0.0, 0.0, 0.0, 1.01103512743651, 0.0, 1.02120041959808, 0.0, 0.0, 0.0, 0.0, 0.0, 0.0, 0.0, 0.0, 0.0, 0.974278402021469, 0.9703308544159744, 0.0, 0.0, 0.0], [0.0, 0.0, 0.0, 0.0, 0.0, 1.02120041959808, 0.0, 0.0, 0.0, 0.0, 0.0, 0.0, 0.0, 0.0, 0.0, 0.0, 0.0, 0.0, 0.98558187975183, 0.9868149503450065, 0.9871756400704133], [0.9859713580579907, 0.0, 0.0, 0.0, 0.0, 0.0, 0.0, 0.0, 0.0, 0.0, 0.0, 0.0, 0.0, 0.0, 0.0, 0.0, 0.0, 0.0, 0.0, 0.0, 0.0], [0.9875207410122102, 0.0, 0.0, 0.0, 0.0, 0.0, 0.0, 0.0, 0.0, 0.0, 0.0, 0.0, 0.0, 0.0, 0.0, 0.0, 0.0, 0.0, 0.0, 0.0, 0.0], [0.987591402110858, 0.0, 0.0, 0.0, 0.0, 0.0, 0.0, 0.0, 0.0, 0.0, 0.0, 0.0, 0.0, 0.0, 0.0, 0.0, 0.0, 0.0, 0.0, 0.0, 0.0], [0.0, 0.9748286732751024, 0.0, 0.0, 0.0, 0.0, 0.0, 0.0, 0.0, 0.0, 0.0, 0.0, 0.0, 0.0, 0.0, 0.0, 0.0, 0.0, 0.0, 0.0, 0.0], [0.0, 0.9777504771110501, 0.0, 0.0, 0.0, 0.0, 0.0, 0.0, 0.0, 0.0, 0.0, 0.0, 0.0, 0.0, 0.0, 0.0, 0.0, 0.0, 0.0, 0.0, 0.0], [0.0, 0.0, 0.9725134023294446, 0.0, 0.0, 0.0, 0.0, 0.0, 0.0, 0.0, 0.0, 0.0, 0.0, 0.0, 0.0, 0.0, 0.0, 0.0, 0.0, 0.0, 0.0], [0.0, 0.0, 0.9750668561142578, 0.0, 0.0, 0.0, 0.0, 0.0, 0.0, 0.0, 0.0, 0.0, 0.0, 0.0, 0.0, 0.0, 0.0, 0.0, 0.0, 0.0, 0.0], [0.0, 0.0, 0.0, 0.0, 0.9747715956862119, 0.0, 0.0, 0.0, 0.0, 0.0, 0.0, 0.0, 0.0, 0.0, 0.0, 0.0, 0.0, 0.0, 0.0, 0.0, 0.0], [0.0, 0.0, 0.0, 0.0, 0.9714599146292813, 0.0, 0.0, 0.0, 0.0, 0.0, 0.0, 0.0, 0.0, 0.0, 0.0, 0.0, 0.0, 0.0, 0.0, 0.0, 0.0], [0.0, 0.0, 0.0, 0.0, 0.0, 0.974278402021469, 0.0, 0.0, 0.0, 0.0, 0.0, 0.0, 0.0, 0.0, 0.0, 0.0, 0.0, 0.0, 0.0, 0.0, 0.0], [0.0, 0.0, 0.0, 0.0, 0.0, 0.9703308544159744, 0.0, 0.0, 0.0, 0.0, 0.0, 0.0, 0.0, 0.0, 0.0, 0.0, 0.0, 0.0, 0.0, 0.0, 0.0], [0.0, 0.0, 0.0, 0.0, 0.0, 0.0, 0.98558187975183, 0.0, 0.0, 0.0, 0.0, 0.0, 0.0, 0.0, 0.0, 0.0, 0.0, 0.0, 0.0, 0.0, 0.0], [0.0, 0.0, 0.0, 0.0, 0.0, 0.0, 0.9868149503450065, 0.0, 0.0, 0.0, 0.0, 0.0, 0.0, 0.0, 0.0, 0.0, 0.0, 0.0, 0.0, 0.0, 0.0], [0.0, 0.0, 0.0, 0.0, 0.0, 0.0, 0.9871756400704133, 0.0, 0.0, 0.0, 0.0, 0.0, 0.0, 0.0, 0.0, 0.0, 0.0, 0.0, 0.0, 0.0, 0.0]], "Born radii": [], "Atomic SASAs": [], "Solvent H bonds": [], "Total SASA": NaN, "Total FOD": 0.0, "FOD": [0.0, 0.0, 0.0, 0.0, 0.0, 0.0, 0.0, 0.0, 0.0, 0.0, 0.0, 0.0, 0.0, 0.0, 0.0, 0.0, 0.0, 0.0, 0.0, 0.0, 0.0], "FOD s proportion": [0.0, 0.0, 0.0, 0.0, 0.0, 0.0, 0.0, 0.0, 0.0, 0.0, 0.0, 0.0, 0.0, 0.0, 0.0, 0.0, 0.0, 0.0, 0.0, 0.0, 0.0], "FOD p proportion": [0.0, 0.0, 0.0, 0.0, 0.0, 0.0, 0.0, 0.0, 0.0, 0.0, 0.0, 0.0, 0.0, 0.0, 0.0, 0.0, 0.0, 0.0, 0.0, 0.0, 0.0], "FOD d proportion": [0.0, 0.0, 0.0, 0.0, 0.0, 0.0, 0.0, 0.0, 0.0, 0.0, 0.0, 0.0, 0.0, 0.0, 0.0, 0.0, 0.0, 0.0, 0.0, 0.0, 0.0], "coordinates": [["-2.70720", "-1.11310", "-0.60760"], ["-1.40510", "-1.04010", "0.17670"], ["-1.27840", "0.29460", "0.90590"], ["0.27390", "0.37280", "1.85880"], ["1.26470", "1.46890", "0.78670"], ["1.65790", "0.88060", "-0.56730"], ["2.53910", "-0.35680", "-0.47120"], ["-2.78690", "-2.07670", "-1.12060"], ["-3.57160", "-1.00910", "0.05600"], ["-2.75500", "-0.32150", "-1.36220"], ["-0.57090", "-1.18720", "-0.51760"], ["-1.38080", "-1.86850", "0.89500"], ["-1.34230", "1.13630", "0.20890"], ["-2.10290", "0.40240", "1.61890"], ["0.70950", "2.40180", "0.64090"], ["2.17120", "1.72870", "1.34440"], ["0.76900", "0.65740", "-1.16680"], ["2.21100", "1.64910", "-1.12170"], ["2.00850", "-1.20020", "-0.02040"], ["2.86070", "-0.66540", "-1.47120"], ["3.43560", "-0.15420", "0.12340"]], "bond_dist": [[0.0, 1.5218146733423223, 2.512721827023437, 4.14463327448883, 4.938297895024155, 4.799016752419187, 5.302288028766449, 1.0945528995895997, 1.0947001050516076, 1.0946855986994621, 2.1394785579668705, 2.141908700201762, 2.7548910359576837, 2.760293641988113, 5.058370602278959, 5.973685445351135, 3.9409822798383654, 5.6641626821622975, 4.752916656117589, 5.652234129970202, 6.2600193330372385], [1.5218146733423223, 0.0, 1.526174832710853, 2.7649209428119277, 3.7141638412972577, 3.6911506999850325, 4.05504462860768, 2.160300462898622, 2.1700810445695344, 2.169522800064567, 1.0952536418565335, 1.0967187150769335, 2.1775439467436706, 2.1558459893972017, 4.066164090392812, 4.671156004673789, 3.068095388021696, 4.689756753819967, 3.423031606631759, 4.588357455560759, 4.9213855965571325], [2.512721827023437, 1.526174832710853, 0.0, 1.8231206597480047, 2.8036666599294575, 3.3370004390170527, 4.110235105197755, 3.4648720308259584, 2.771412986185928, 2.775644858406781, 2.173163532732868, 2.165549856272074, 1.0946922398555679, 1.095349300451687, 2.9089969491218106, 3.7614711510258854, 2.9359080179733152, 4.256964219957692, 3.7277567436730634, 4.868711659155839, 4.799533695058303], [4.14463327448883, 2.7649209428119277, 1.8231206597480047, 0.0, 1.825518627678173, 2.838886762447562, 3.3305175573775316, 4.923958900112795, 4.46627425266295, 4.47561489630196, 2.965563015685217, 2.9479430489749965, 2.4325305136832305, 2.3890597334516355, 2.406214614285268, 2.3880576751829086, 3.079022008690422, 3.7768609121862036, 3.0024254861694737, 4.342613669208902, 3.64495391603241], [4.938297895024155, 3.7141638412972577, 2.8036666599294575, 1.825518627678173, 0.0, 1.5277496948126026, 2.557261867701468, 5.711789142641735, 5.483083455502022, 4.8970696809418595, 3.4821678678662233, 4.2601218175071, 2.690896616371577, 3.6291471243254936, 1.0953570605058425, 1.0955672412042996, 2.172651143188892, 2.137743270367141, 2.8859562817201514, 3.492930703578301, 2.7905603935410537], [4.799016752419187, 3.6911506999850325, 3.3370004390170527, 2.838886762447562, 1.5277496948126026, 0.0, 1.5221390902279595, 5.367309495454869, 5.595278297815042, 4.642262038058601, 3.040693402827716, 4.350812543652048, 3.109512657957835, 4.376272651469512, 2.1617722451729278, 2.153450113190459, 1.0951537335004615, 1.0972106543412707, 2.1798505935040593, 2.157285110967023, 2.169814466722904], [5.302288028766449, 4.05504462860768, 4.110235105197755, 3.3305175573775316, 2.557261867701468, 1.5221390902279595, 0.0, 5.634363528385438, 6.167989106670017, 5.368670403368045, 3.219288294017794, 4.417845101404078, 4.213923300203743, 5.147141599956232, 3.492001794100341, 2.7894558645011753, 2.155392078022001, 2.13411215028639, 1.0936546804179095, 1.094833558126531, 1.094672631429141], [1.0945528995895997, 2.160300462898622, 3.4648720308259584, 4.923958900112795, 5.711789142641735, 5.367309495454869, 5.634363528385438, 0.0, 1.7719795173759771, 1.7720370227509359, 2.46281855807528, 2.466395712370584, 3.765343066707203, 3.7574796153805017, 5.948500437925512, 6.7186345167749675, 4.485739856478528, 6.233826373905517, 4.997454697143338, 5.831815652950632, 6.630463671569283], [1.0947001050516076, 2.1700810445695344, 2.771412986185928, 4.46627425266295, 5.483083455502022, 5.595278297815042, 6.167989106670017, 1.7719795173759771, 0.0, 1.7750832543855515, 3.0602184660576115, 2.4984182996447974, 3.0977246585195406, 2.567502356376718, 5.5049218005345, 6.491169019521831, 4.8076262801927525, 6.472361801537365, 5.583893997919374, 6.62004175364476, 7.059479344115967], [1.0946855986994621, 2.169522800064567, 2.775644858406781, 4.47561489630196, 4.8970696809418595, 4.642262038058601, 5.368670403368045, 1.7720370227509359, 1.7750832543855515, 0.0, 2.49661339818563, 3.0621212386187455, 2.5669548768920736, 3.136275311575819, 4.840612848596757, 5.983013458116235, 3.662649637898771, 5.34810813372355, 5.026278263287859, 5.627275957334952, 6.368557529770772], [2.1394785579668705, 1.0952536418565335, 2.173163532732868, 2.965563015685217, 3.4821678678662233, 3.040693402827716, 3.219288294017794, 2.46281855807528, 3.0602184660576115, 2.49661339818563, 0.0, 1.7650910628066756, 2.5537252123123975, 3.072211647982606, 3.982771322835395, 4.414592758114841, 2.3705150938140007, 4.018519890457181, 2.6269147683166274, 3.5996537000105997, 4.186885745993076], [2.141908700201762, 1.0967187150769335, 2.165549856272074, 2.9479430489749965, 4.2601218175071, 4.350812543652048, 4.417845101404078, 2.466395712370584, 2.4984182996447974, 3.0621212386187455, 1.7650910628066756, 0.0, 3.0823754638265606, 2.490471126112487, 4.761237548159093, 5.075284445230632, 3.905487177036944, 5.416790183309669, 3.573784624176449, 5.003666085981358, 5.170290128222979], [2.7548910359576837, 2.1775439467436706, 1.0946922398555679, 2.4325305136832305, 2.690896616371577, 3.109512657957835, 4.213923300203743, 3.765343066707203, 3.0977246585195406, 2.5669548768920736, 2.5537252123123975, 3.0823754638265606, 0.0, 1.7621638885188857, 2.449080948029281, 3.739649750979361, 2.5650503679265246, 3.828759732602713, 4.091414349586216, 4.871762299209599, 4.949851402820088], [2.760293641988113, 2.1558459893972017, 1.095349300451687, 2.3890597334516355, 3.6291471243254936, 4.376272651469512, 5.147141599956232, 3.7574796153805017, 2.567502356376718, 3.136275311575819, 3.072211647982606, 2.490471126112487, 1.7621638885188857, 0.0, 3.5865970110956154, 4.483564736902992, 4.009109514592986, 5.260692203503262, 4.707360322941085, 5.943588125871441, 5.763792680171624], [5.058370602278959, 4.066164090392812, 2.9089969491218106, 2.406214614285268, 1.0953570605058425, 2.1617722451729278, 3.492001794100341, 5.948500437925512, 5.5049218005345, 4.840612848596757, 3.982771322835395, 4.761237548159093, 2.449080948029281, 3.5865970110956154, 0.0, 1.756286636628543, 2.512817323244967, 2.434711132762981, 3.8857589593282804, 4.300737575114297, 3.7726069845665076], [5.973685445351135, 4.671156004673789, 3.7614711510258854, 2.3880576751829086, 1.0955672412042996, 2.153450113190459, 2.7894558645011753, 6.7186345167749675, 6.491169019521831, 5.983013458116235, 4.414592758114841, 5.075284445230632, 3.739649750979361, 4.483564736902992, 1.756286636628543, 0.0, 3.0691976101254865, 2.4677052923718423, 3.235367914163704, 3.759618121565008, 2.5758223482996647], [3.9409822798383654, 3.068095388021696, 2.9359080179733152, 3.079022008690422, 2.172651143188892, 1.0951537335004615, 2.155392078022001, 4.485739856478528, 4.8076262801927525, 3.662649637898771, 2.3705150938140007, 3.905487177036944, 2.5650503679265246, 4.009109514592986, 2.512817323244967, 3.0691976101254865, 0.0, 1.7506761265294044, 2.510233250118403, 2.4935252334797013, 3.071492497142065], [5.6641626821622975, 4.689756753819967, 4.256964219957692, 3.7768609121862036, 2.137743270367141, 1.0972106543412707, 2.13411215028639, 6.233826373905517, 6.472361801537365, 5.34810813372355, 4.018519890457181, 5.416790183309669, 3.828759732602713, 5.260692203503262, 2.434711132762981, 2.4677052923718423, 1.7506761265294044, 0.0, 3.0614340479585707, 2.4292325104855648, 2.510340626289588], [4.752916656117589, 3.423031606631759, 3.7277567436730634, 3.0024254861694737, 2.8859562817201514, 2.1798505935040593, 1.0936546804179095, 4.997454697143338, 5.583893997919374, 5.026278263287859, 2.6269147683166274, 3.573784624176449, 4.091414349586216, 4.707360322941085, 3.8857589593282804, 3.235367914163704, 2.510233250118403, 3.0614340479585707, 0.0, 1.7655244320031371, 1.7752207890851208], [5.652234129970202, 4.588357455560759, 4.868711659155839, 4.342613669208902, 3.492930703578301, 2.157285110967023, 1.094833558126531, 5.831815652950632, 6.62004175364476, 5.627275957334952, 3.5996537000105997, 5.003666085981358, 4.871762299209599, 5.943588125871441, 4.300737575114297, 3.759618121565008, 2.4935252334797013, 2.4292325104855648, 1.7655244320031371, 0.0, 1.7704758145764092], [6.2600193330372385, 4.9213855965571325, 4.799533695058303, 3.64495391603241, 2.7905603935410537, 2.169814466722904, 1.094672631429141, 6.630463671569283, 7.059479344115967, 6.368557529770772, 4.186885745993076, 5.170290128222979, 4.949851402820088, 5.763792680171624, 3.7726069845665076, 2.5758223482996647, 3.071492497142065, 2.510340626289588, 1.7752207890851208, 1.7704758145764092, 0.0]]}