{"total energy": -67.90386564, "HOMO-LUMO gap/eV": 3.15046503, "electronic energy": -68.83995276, "dipole": [0.08312259, -0.12424146, -0.07060459], "partial charges": [-0.13526375, 0.23901841, -0.37633488, -0.08261949, -0.04192374, -0.06076555, 0.26386978, -0.40386462, -0.03178987, -0.04268311, 0.26437309, -0.39519896, 0.06963874, -0.03776445, -0.0268068, -0.03208514, -0.02721588, -0.04026003, 0.06791938, -0.03985301, -0.02633271, -0.03245183, -0.02831102, -0.04374951, 0.08228685, 0.07128458, 0.06303714, 0.06461664, 0.05536496, 0.06394116, 0.06025304, 0.08660089, 0.04969806, 0.04070771, 0.03577261, 0.04153769, 0.06118414, 0.06898959, 0.04334204, 0.03636903, 0.03880137, 0.03666745], "atomic dipole moments": [[-0.05810681, 0.01614672, 0.05953286], [-0.01852626, 0.01264543, -0.00366136], [0.15305049, 0.00884194, 0.06283679], [0.00749344, -0.1209919, -0.00955437], [-0.14068016, 0.00712241, -0.06481592], [-0.00682527, 0.04664851, -0.04272828], [-0.05324935, 0.00024494, -0.02541768], [-0.11484716, 0.09763911, 0.10294391], [-0.03940733, 0.03780812, 0.11677744], [0.07796598, -0.02023281, -0.12798865], [-0.05405859, -0.01304613, -0.02458653], [0.00733544, -0.11742039, -0.13633459], [0.15402487, -0.11653782, 0.04435012], [0.00453518, -0.00289137, 0.03999443], [0.00697446, -0.00509939, 0.00023417], [0.00573117, -0.00471273, 0.00095318], [0.00799018, -0.00451307, 0.00307432], [0.02558811, -0.0089649, -0.0486804], [0.11578179, 0.13501215, 0.07378523], [-0.02788559, 0.01537537, 0.05168678], [0.00652052, 0.00608026, 0.00341437], [0.0038979, 0.00599238, 0.00342934], [0.00262082, 0.00716292, 0.00414988], [0.03364607, 0.01084539, -0.02136509], [0.05801883, -0.11800687, 0.0427097], [-0.03830389, -0.0182071, -0.12702039], [0.08275614, 0.10472736, -0.00136465], [-0.09853298, 0.08120916, 0.03712251], [0.09621542, 0.08026012, 0.0036676], [0.03773708, 0.04411223, 0.10959004], [0.10033323, -0.06757658, -0.03981173], [0.02930999, -0.08718237, 0.09710561], [0.06314702, -0.06942932, -0.12452622], [-0.04702118, 0.01717873, -0.14425825], [-0.11168364, 0.09622489, -0.03244833], [-0.06556239, 0.0819805, 0.11070379], [0.0396017, -0.00830158, 0.15117224], [0.1399617, 0.01655408, -0.0700364], [0.0522118, -0.08608363, -0.11497069], [-0.08627119, -0.10904065, -0.05902845], [-0.14036668, -0.02463997, 0.05389636], [-0.06581634, 0.07523742, 0.11622151]], "atomic quadrupole moments": [[0.14378996, -0.04763812, -0.11999457, -0.12814306, 0.04620852, -0.02379539], [-0.34025477, 0.06836978, 0.58007372, -0.0139582, -0.23678305, -0.23981895], [-0.13302158, 0.02359766, 0.23851847, -0.00504876, -0.10558242, -0.10549689], [-0.14820572, -0.01732707, -0.02901119, 0.10053211, -0.06125919, 0.17721691], [0.02373113, 0.12110035, 0.08602799, 0.01233441, -0.17657283, -0.10975912], [0.1268738, 0.00987849, -0.04897978, -0.00728675, 0.21745847, -0.07789402], [-0.25259741, 0.11479977, 0.21715771, -0.05384793, -0.32553136, 0.0354397], [-0.10602663, 0.03413131, 0.08236751, -0.0386526, -0.13562514, 0.02365912], [-0.04566183, -0.04004148, -0.00890379, -0.03463194, 0.08500258, 0.05456562], [-0.01114485, -0.04996311, -0.01613276, -0.05966119, 0.08637395, 0.02727761], [-0.20045393, 0.07524025, 0.16841039, -0.10273431, -0.35970882, 0.03204355], [-0.09969089, 0.04082706, 0.0690892, -0.04976451, -0.14225709, 0.03060169], [0.19020599, 0.18535672, 0.1523253, 0.00339108, -0.12609845, -0.34253129], [0.0733843, 0.37065169, 0.17343042, -0.06982039, -0.07208498, -0.24681472], [0.09199361, 0.38823978, 0.16983187, -0.08547778, -0.07498226, -0.26182548], [0.07968867, 0.38548582, 0.15749881, -0.08038769, -0.08357034, -0.23718748], [0.07964622, 0.39255307, 0.16450737, -0.06571277, -0.09995854, -0.2441536], [0.09826061, 0.37604782, 0.14725559, -0.06617176, -0.07493969, -0.2455162], [-0.12435519, -0.02610086, 0.11451831, 0.26953479, -0.22155067, 0.00983689], [-0.13548559, -0.19152543, 0.06142031, 0.20875793, -0.32857456, 0.07406528], [-0.14278036, -0.18456548, 0.07248931, 0.19480335, -0.36133388, 0.07029105], [-0.15577413, -0.19164266, 0.06652206, 0.18312192, -0.34080755, 0.08925207], [-0.17160872, -0.19710961, 0.07621712, 0.1985373, -0.3357808, 0.0953916], [-0.15549209, -0.18727588, 0.07932668, 0.17712451, -0.30866679, 0.07616541], [-0.02296413, -0.04722265, 0.0350907, 0.02523211, -0.03900875, -0.01212657], [-0.01816601, 0.00532051, -0.04553581, 0.03082833, 0.02134035, 0.06370182], [0.00851402, 0.07225303, 0.01938507, 0.00415977, 0.0161143, -0.02789908], [0.03854026, -0.03163875, -0.02953256, -0.0229125, 0.00724843, -0.0090077], [0.04308209, 0.04645652, -0.01969057, 0.00382721, 0.00040493, -0.02339153], [-0.04516148, 0.0251854, 0.00212363, 0.01167008, 0.0159764, 0.04303785], [0.00514999, -0.02794763, 0.01141546, -0.03838016, 0.01272995, -0.01656545], [-0.01992749, -0.01226156, 0.0109352, 0.01674216, -0.02852178, 0.00899229], [-0.00375576, -0.05291303, -0.00830179, 0.0118511, 0.00724523, 0.01205756], [-0.00820383, -0.0529417, -0.01762501, 0.00506288, 0.01476107, 0.02582884], [-0.01237202, -0.04771834, -0.02359655, 0.00915159, 0.01336609, 0.03596857], [-0.00981888, -0.04898453, -0.02345529, 0.0162666, 0.00596126, 0.03327416], [0.00308125, -0.05262132, -0.01723192, 0.01377469, 0.00248856, 0.01415068], [0.01702638, 0.03464035, -0.00209349, -0.00679584, 0.04268854, -0.0149329], [0.02699429, 0.02939487, -0.01104836, -0.02381195, 0.03993831, -0.01594592], [0.02196909, 0.02166704, -0.01200928, -0.02799535, 0.04368636, -0.00995981], [0.01284752, 0.02251729, -0.00546722, -0.02324679, 0.04932688, -0.00738029], [0.00986945, 0.02973684, 0.00269597, -0.01246304, 0.04696641, -0.01256542]], "number of molecular orbitals": 114, "number of electrons": 122, "number of unpaired electrons": 0, "orbital energies/eV": [-19.66650621, -19.56678206, -19.42241998, -19.28332793, -18.4842819, -18.38847194, -17.93449524, -17.74488713, -17.69295363, -17.4972975, -17.25981498, -17.16622799, -17.08405617, -16.86275082, -16.76752336, -16.51471461, -16.45392705, -16.26263735, -16.1277934, -15.74612168, -15.71220082, -15.61914863, -15.51006157, -15.19807405, -15.04491242, -14.9193928, -14.83443861, -14.71426725, -14.58598559, -14.5286364, -14.28012066, -14.24472785, -14.13075152, -14.05849765, -13.87562728, -13.68921159, -13.59435525, -13.50370353, -13.44781843, -13.34643435, -13.25530021, -13.20033004, -13.11110362, -13.08490801, -13.0377813, -12.83079073, -12.75290362, -12.72497705, -12.52333321, -12.1459827, -12.06017113, -11.97404615, -11.83815832, -11.74091612, -11.35475303, -11.1881124, -11.11657499, -11.08865366, -10.91471066, -10.77801799, -10.30795488, -7.15748984, -6.93422819, -6.83782989, -6.41710224, -6.29748629, -6.18416797, -5.75741926, -3.25664096, -2.89329272, -2.81084526, 0.63405446, 0.85209526, 1.47414495, 1.78803034, 2.50320066, 2.99992049, 3.04850259, 3.13164314, 3.37087056, 3.45884346, 3.750762, 3.86074792, 4.205703, 4.33817414, 4.40864298, 4.44613514, 4.52443094, 4.61294968, 4.63156337, 4.99922773, 5.06936994, 5.24610208, 5.34646507, 5.74448869, 6.11538165, 6.27576873, 7.28366742, 7.49838464, 10.02720696, 10.25511312, 10.35435576, 10.3938024, 11.1596442, 11.24924237, 11.34373796, 11.57405495, 14.79756314, 15.88213533, 16.0804986, 16.19869233, 16.3612156, 17.0114095, 17.13020787], "fractional occupation": [2.0, 2.0, 2.0, 2.0, 2.0, 2.0, 2.0, 2.0, 2.0, 2.0, 2.0, 2.0, 2.0, 2.0, 2.0, 2.0, 2.0, 2.0, 2.0, 2.0, 2.0, 2.0, 2.0, 2.0, 2.0, 2.0, 2.0, 2.0, 2.0, 2.0, 2.0, 2.0, 2.0, 2.0, 2.0, 2.0, 2.0, 2.0, 2.0, 2.0, 2.0, 2.0, 2.0, 2.0, 2.0, 2.0, 2.0, 2.0, 2.0, 2.0, 2.0, 2.0, 2.0, 2.0, 2.0, 2.0, 2.0, 2.0, 2.0, 2.0, 2.0, 0.0, 0.0, 0.0, 0.0, 0.0, 0.0, 0.0, 0.0, 0.0, 0.0, 0.0, 0.0, 0.0, 0.0, 0.0, 0.0, 0.0, 0.0, 0.0, 0.0, 0.0, 0.0, 0.0, 0.0, 0.0, 0.0, 0.0, 0.0, 0.0, 0.0, 0.0, 0.0, 0.0, 0.0, 0.0, 0.0, 0.0, 0.0, 0.0, 0.0, 0.0, 0.0, 0.0, 0.0, 0.0, 0.0, 0.0, 0.0, 0.0, 0.0, 0.0, 0.0, 0.0], "program call": "xtb /home/svss/Project-DBcg-Debug/aqme2_20220329/End-to-End-workflows-final/example-3/QDESCP/mol_711_rdkit_conf_1/mol_711_rdkit_conf_1.xyz --pop --wbo --acc 0.2 --gfn 2 --chrg 0 --uhf 0 --etemp 300 --input /home/svss/Project-DBcg-Debug/aqme2_20220329/End-to-End-workflows-final/example-3/QDESCP/mol_711_rdkit_conf_1/mol_711_rdkit_conf_1_xtb.inp", "method": "GFN2-xTB", "xtb version": "6.3.3 (7355c4f)", "Dipole module/D": 0.42, "Total charge": 0, "Transition dipole module/D": NaN, "HOMO": -10.308, "LUMO": -7.1575, "HOMO occupancy": 2.0, "LUMO occupancy": 0, "mulliken charges": [-0.12364, 0.40006, -0.50146, -0.09206, -0.01425, -0.08973, 0.46479, -0.52374, -0.13277, -0.14651, 0.46248, -0.51991, 0.13916, -0.04801, -0.02139, -0.03504, -0.02241, -0.0468, 0.13875, -0.04501, -0.02123, -0.03551, -0.02262, -0.05974, 0.0676, 0.0664, 0.04876, 0.06666, 0.04348, 0.05155, 0.0445, 0.08806, 0.05035, 0.03652, 0.03279, 0.03621, 0.05598, 0.06404, 0.03769, 0.03351, 0.03483, 0.03766], "cm5 charges": [-0.26538, 0.41618, -0.55109, -0.19221, -0.11685, -0.12753, 0.56548, -0.5709, -0.30026, -0.31297, 0.56206, -0.56584, 0.19583, -0.09409, -0.07653, -0.09035, -0.07756, -0.09343, 0.19573, -0.09171, -0.0764, -0.09084, -0.07781, -0.10595, 0.12155, 0.12114, 0.10135, 0.12802, 0.09949, 0.10832, 0.10284, 0.15333, 0.11384, 0.09191, 0.08818, 0.09161, 0.11947, 0.12862, 0.09308, 0.08891, 0.09022, 0.10055], "FUKUI+": [0.017, -0.043, -0.069, 0.011, 0.007, 0.006, -0.023, -0.064, -0.013, -0.015, -0.026, -0.07, -0.008, -0.005, -0.012, -0.023, -0.013, -0.009, -0.014, -0.009, -0.016, -0.027, -0.014, -0.012, -0.032, -0.028, -0.041, -0.018, -0.039, -0.033, -0.025, -0.046, -0.011, -0.031, -0.039, -0.035, -0.022, -0.019, -0.037, -0.042, -0.036, -0.022], "FUKUI-": [0.006, -0.01, -0.039, 0.002, 0.01, 0.002, -0.006, -0.066, -0.044, -0.044, -0.006, -0.067, -0.009, -0.01, -0.014, -0.03, -0.015, -0.015, -0.009, -0.016, -0.014, -0.031, -0.016, -0.012, -0.022, -0.022, -0.032, -0.011, -0.033, -0.032, -0.024, -0.036, -0.017, -0.037, -0.044, -0.04, -0.029, -0.026, -0.039, -0.045, -0.038, -0.021], "FUKUIrad": [0.012, -0.027, -0.054, 0.007, 0.008, 0.004, -0.015, -0.065, -0.028, -0.03, -0.016, -0.069, -0.008, -0.007, -0.013, -0.027, -0.014, -0.012, -0.011, -0.013, -0.015, -0.029, -0.015, -0.012, -0.027, -0.025, -0.036, -0.014, -0.036, -0.033, -0.025, -0.041, -0.014, -0.034, -0.042, -0.038, -0.026, -0.022, -0.038, -0.043, -0.037, -0.021], "s proportion": [1.021, 1.075, 1.74, 1.043, 1.029, 1.07, 1.0, 1.73, 1.44, 1.449, 1.004, 1.73, 1.044, 1.061, 1.061, 1.059, 1.061, 1.062, 1.044, 1.063, 1.062, 1.059, 1.06, 1.059, 0.932, 0.934, 0.951, 0.933, 0.957, 0.948, 0.956, 0.912, 0.95, 0.963, 0.967, 0.964, 0.944, 0.936, 0.962, 0.966, 0.965, 0.962], "p proportion": [3.102, 2.524, 4.761, 3.049, 2.985, 3.02, 2.535, 4.794, 3.693, 3.698, 2.534, 4.79, 2.816, 2.987, 2.961, 2.976, 2.961, 2.985, 2.817, 2.982, 2.959, 2.977, 2.963, 3.0, 0.0, 0.0, 0.0, 0.0, 0.0, 0.0, 0.0, 0.0, 0.0, 0.0, 0.0, 0.0, 0.0, 0.0, 0.0, 0.0, 0.0, 0.0], "d proportion": [0.0, 0.0, 0.0, 0.0, 0.0, 0.0, 0.0, 0.0, 0.0, 0.0, 0.0, 0.0, 0.0, 0.0, 0.0, 0.0, 0.0, 0.0, 0.0, 0.0, 0.0, 0.0, 0.0, 0.0, 0.0, 0.0, 0.0, 0.0, 0.0, 0.0, 0.0, 0.0, 0.0, 0.0, 0.0, 0.0, 0.0, 0.0, 0.0, 0.0, 0.0, 0.0], "Fermi-level/eV": -8.7327, "Coordination numbers": [3.751, 2.81, 0.857, 3.801, 3.802, 3.886, 2.785, 0.856, 2.836, 2.834, 2.789, 0.856, 2.898, 2.915, 2.91, 2.912, 2.91, 2.916, 2.894, 2.916, 2.911, 2.912, 2.91, 2.916, 0.924, 0.924, 0.924, 0.924, 0.924, 0.924, 0.924, 0.923, 0.925, 0.925, 0.925, 0.925, 0.925, 0.925, 0.925, 0.925, 0.925, 0.925], "Dispersion coefficient C6": [23.165, 23.01, 21.214, 22.077, 21.323, 21.614, 22.553, 21.759, 21.855, 22.063, 22.544, 21.586, 26.441, 28.939, 28.671, 28.8, 28.681, 29.0, 26.479, 28.99, 28.66, 28.809, 28.708, 29.087, 1.956, 2.072, 2.164, 2.146, 2.254, 2.154, 2.196, 1.912, 2.324, 2.439, 2.506, 2.428, 2.185, 2.097, 2.405, 2.498, 2.465, 2.494], "Total dispersion C6": 21635.166917, "Total dispersion C8": 520045.787179, "Polarizability alpha": [6.864, 7.859, 6.175, 6.69, 6.574, 6.61, 7.779, 6.254, 6.943, 6.976, 7.778, 6.229, 8.431, 8.821, 8.78, 8.8, 8.782, 8.831, 8.437, 8.829, 8.778, 8.801, 8.786, 8.844, 2.187, 2.251, 2.3, 2.291, 2.348, 2.295, 2.318, 2.163, 2.384, 2.442, 2.475, 2.437, 2.312, 2.264, 2.425, 2.471, 2.455, 2.469], "Total polarizability alpha": 229.938882, "Wiberg matrix": [[0.0, 1.0166733130258818, 0.0, 0.0, 0.0, 0.0, 0.0, 0.0, 0.0, 0.0, 0.0, 0.0, 0.0, 0.0, 0.0, 0.0, 0.0, 0.0, 0.0, 0.0, 0.0, 0.0, 0.0, 0.0, 0.9514926346340755, 0.9819169902771535, 0.9641353960959089, 0.0, 0.0, 0.0, 0.0, 0.0, 0.0, 0.0, 0.0, 0.0, 0.0, 0.0, 0.0, 0.0, 0.0, 0.0], [1.0166733130258818, 0.0, 1.848434654551356, 0.9899273404442717, 0.0, 0.0, 0.0, 0.0, 0.0, 0.0, 0.0, 0.0, 0.0, 0.0, 0.0, 0.0, 0.0, 0.0, 0.0, 0.0, 0.0, 0.0, 0.0, 0.0, 0.0, 0.0, 0.0, 0.0, 0.0, 0.0, 0.0, 0.0, 0.0, 0.0, 0.0, 0.0, 0.0, 0.0, 0.0, 0.0, 0.0, 0.0], [0.0, 1.848434654551356, 0.0, 0.0, 0.0, 0.0, 0.0, 0.0, 0.0, 0.0, 0.0, 0.0, 0.0, 0.0, 0.0, 0.0, 0.0, 0.0, 0.0, 0.0, 0.0, 0.0, 0.0, 0.0, 0.0, 0.0, 0.0, 0.0, 0.0, 0.0, 0.0, 0.0, 0.0, 0.0, 0.0, 0.0, 0.0, 0.0, 0.0, 0.0, 0.0, 0.0], [0.0, 0.9899273404442717, 0.0, 0.0, 0.9862589733613157, 0.0, 0.0, 0.0, 0.0, 0.0, 0.0, 0.0, 0.0, 0.0, 0.0, 0.0, 0.0, 0.0, 0.0, 0.0, 0.0, 0.0, 0.0, 0.0, 0.0, 0.0, 0.0, 0.9687122116691875, 0.9638514652921204, 0.0, 0.0, 0.0, 0.0, 0.0, 0.0, 0.0, 0.0, 0.0, 0.0, 0.0, 0.0, 0.0], [0.0, 0.0, 0.0, 0.9862589733613157, 0.0, 0.9722691454522504, 0.0, 0.0, 0.0, 0.0, 0.0, 0.0, 0.0, 0.0, 0.0, 0.0, 0.0, 0.0, 0.0, 0.0, 0.0, 0.0, 0.0, 0.0, 0.0, 0.0, 0.0, 0.0, 0.0, 0.9709072276703836, 0.9704423962690856, 0.0, 0.0, 0.0, 0.0, 0.0, 0.0, 0.0, 0.0, 0.0, 0.0, 0.0], [0.0, 0.0, 0.0, 0.0, 0.9722691454522504, 0.0, 0.9681117718416938, 0.0, 0.0, 0.0, 0.9672083589752026, 0.0, 0.0, 0.0, 0.0, 0.0, 0.0, 0.0, 0.0, 0.0, 0.0, 0.0, 0.0, 0.0, 0.0, 0.0, 0.0, 0.0, 0.0, 0.0, 0.0, 0.9138323056493887, 0.0, 0.0, 0.0, 0.0, 0.0, 0.0, 0.0, 0.0, 0.0, 0.0], [0.0, 0.0, 0.0, 0.0, 0.0, 0.9681117718416938, 0.0, 1.7176701684689657, 1.149552083299126, 0.0, 0.0, 0.0, 0.0, 0.0, 0.0, 0.0, 0.0, 0.0, 0.0, 0.0, 0.0, 0.0, 0.0, 0.0, 0.0, 0.0, 0.0, 0.0, 0.0, 0.0, 0.0, 0.0, 0.0, 0.0, 0.0, 0.0, 0.0, 0.0, 0.0, 0.0, 0.0, 0.0], [0.0, 0.0, 0.0, 0.0, 0.0, 0.0, 1.7176701684689657, 0.0, 0.16655048983218723, 0.0, 0.0, 0.0, 0.0, 0.0, 0.0, 0.0, 0.0, 0.0, 0.0, 0.0, 0.0, 0.0, 0.0, 0.0, 0.0, 0.0, 0.0, 0.0, 0.0, 0.0, 0.0, 0.0, 0.0, 0.0, 0.0, 0.0, 0.0, 0.0, 0.0, 0.0, 0.0, 0.0], [0.0, 0.0, 0.0, 0.0, 0.0, 0.0, 1.149552083299126, 0.16655048983218723, 0.0, 0.9877688042661578, 0.0, 0.0, 0.0, 0.0, 0.0, 0.0, 0.0, 0.0, 1.0218990450162737, 0.0, 0.0, 0.0, 0.0, 0.0, 0.0, 0.0, 0.0, 0.0, 0.0, 0.0, 0.0, 0.0, 0.0, 0.0, 0.0, 0.0, 0.0, 0.0, 0.0, 0.0, 0.0, 0.0], [0.0, 0.0, 0.0, 0.0, 0.0, 0.0, 0.0, 0.0, 0.9877688042661578, 0.0, 1.1406748174993167, 0.16803468702040217, 1.0063610370291993, 0.0, 0.0, 0.0, 0.0, 0.0, 0.0, 0.0, 0.0, 0.0, 0.0, 0.0, 0.0, 0.0, 0.0, 0.0, 0.0, 0.0, 0.0, 0.0, 0.0, 0.0, 0.0, 0.0, 0.0, 0.0, 0.0, 0.0, 0.0, 0.0], [0.0, 0.0, 0.0, 0.0, 0.0, 0.9672083589752026, 0.0, 0.0, 0.0, 1.1406748174993167, 0.0, 1.7292133034406234, 0.0, 0.0, 0.0, 0.0, 0.0, 0.0, 0.0, 0.0, 0.0, 0.0, 0.0, 0.0, 0.0, 0.0, 0.0, 0.0, 0.0, 0.0, 0.0, 0.0, 0.0, 0.0, 0.0, 0.0, 0.0, 0.0, 0.0, 0.0, 0.0, 0.0], [0.0, 0.0, 0.0, 0.0, 0.0, 0.0, 0.0, 0.0, 0.0, 0.16803468702040217, 1.7292133034406234, 0.0, 0.0, 0.0, 0.0, 0.0, 0.0, 0.0, 0.0, 0.0, 0.0, 0.0, 0.0, 0.0, 0.0, 0.0, 0.0, 0.0, 0.0, 0.0, 0.0, 0.0, 0.0, 0.0, 0.0, 0.0, 0.0, 0.0, 0.0, 0.0, 0.0, 0.0], [0.0, 0.0, 0.0, 0.0, 0.0, 0.0, 0.0, 0.0, 0.0, 1.0063610370291993, 0.0, 0.0, 0.0, 1.3845599700787927, 0.0, 0.0, 0.0, 1.3817733763527629, 0.0, 0.0, 0.0, 0.0, 0.0, 0.0, 0.0, 0.0, 0.0, 0.0, 0.0, 0.0, 0.0, 0.0, 0.0, 0.0, 0.0, 0.0, 0.0, 0.0, 0.0, 0.0, 0.0, 0.0], [0.0, 0.0, 0.0, 0.0, 0.0, 0.0, 0.0, 0.0, 0.0, 0.0, 0.0, 0.0, 1.3845599700787927, 0.0, 1.4427394655197157, 0.0, 0.11048477104806989, 0.0, 0.0, 0.0, 0.0, 0.0, 0.0, 0.0, 0.0, 0.0, 0.0, 0.0, 0.0, 0.0, 0.0, 0.0, 0.9671371463672163, 0.0, 0.0, 0.0, 0.0, 0.0, 0.0, 0.0, 0.0, 0.0], [0.0, 0.0, 0.0, 0.0, 0.0, 0.0, 0.0, 0.0, 0.0, 0.0, 0.0, 0.0, 0.0, 1.4427394655197157, 0.0, 1.4374345958303372, 0.0, 0.11039371635147514, 0.0, 0.0, 0.0, 0.0, 0.0, 0.0, 0.0, 0.0, 0.0, 0.0, 0.0, 0.0, 0.0, 0.0, 0.0, 0.9704348624442867, 0.0, 0.0, 0.0, 0.0, 0.0, 0.0, 0.0, 0.0], [0.0, 0.0, 0.0, 0.0, 0.0, 0.0, 0.0, 0.0, 0.0, 0.0, 0.0, 0.0, 0.0, 0.0, 1.4374345958303372, 0.0, 1.4370034351403453, 0.0, 0.0, 0.0, 0.0, 0.0, 0.0, 0.0, 0.0, 0.0, 0.0, 0.0, 0.0, 0.0, 0.0, 0.0, 0.0, 0.0, 0.9706264520283465, 0.0, 0.0, 0.0, 0.0, 0.0, 0.0, 0.0], [0.0, 0.0, 0.0, 0.0, 0.0, 0.0, 0.0, 0.0, 0.0, 0.0, 0.0, 0.0, 0.0, 0.11048477104806989, 0.0, 1.4370034351403453, 0.0, 1.4430157651853452, 0.0, 0.0, 0.0, 0.0, 0.0, 0.0, 0.0, 0.0, 0.0, 0.0, 0.0, 0.0, 0.0, 0.0, 0.0, 0.0, 0.0, 0.9703637621898391, 0.0, 0.0, 0.0, 0.0, 0.0, 0.0], [0.0, 0.0, 0.0, 0.0, 0.0, 0.0, 0.0, 0.0, 0.0, 0.0, 0.0, 0.0, 1.3817733763527629, 0.0, 0.11039371635147514, 0.0, 1.4430157651853452, 0.0, 0.0, 0.0, 0.0, 0.0, 0.0, 0.0, 0.0, 0.0, 0.0, 0.0, 0.0, 0.0, 0.0, 0.0, 0.0, 0.0, 0.0, 0.0, 0.9658075037650509, 0.0, 0.0, 0.0, 0.0, 0.0], [0.0, 0.0, 0.0, 0.0, 0.0, 0.0, 0.0, 0.0, 1.0218990450162737, 0.0, 0.0, 0.0, 0.0, 0.0, 0.0, 0.0, 0.0, 0.0, 0.0, 1.3774987061991977, 0.0, 0.0, 0.0, 1.3785692836136638, 0.0, 0.0, 0.0, 0.0, 0.0, 0.0, 0.0, 0.0, 0.0, 0.0, 0.0, 0.0, 0.0, 0.0, 0.0, 0.0, 0.0, 0.0], [0.0, 0.0, 0.0, 0.0, 0.0, 0.0, 0.0, 0.0, 0.0, 0.0, 0.0, 0.0, 0.0, 0.0, 0.0, 0.0, 0.0, 0.0, 1.3774987061991977, 0.0, 1.444335176067833, 0.0, 0.11028124702934597, 0.0, 0.0, 0.0, 0.0, 0.0, 0.0, 0.0, 0.0, 0.0, 0.0, 0.0, 0.0, 0.0, 0.0, 0.9638493139750555, 0.0, 0.0, 0.0, 0.0], [0.0, 0.0, 0.0, 0.0, 0.0, 0.0, 0.0, 0.0, 0.0, 0.0, 0.0, 0.0, 0.0, 0.0, 0.0, 0.0, 0.0, 0.0, 0.0, 1.444335176067833, 0.0, 1.4362437384560642, 0.0, 0.10945363652837503, 0.0, 0.0, 0.0, 0.0, 0.0, 0.0, 0.0, 0.0, 0.0, 0.0, 0.0, 0.0, 0.0, 0.0, 0.9702238912940522, 0.0, 0.0, 0.0], [0.0, 0.0, 0.0, 0.0, 0.0, 0.0, 0.0, 0.0, 0.0, 0.0, 0.0, 0.0, 0.0, 0.0, 0.0, 0.0, 0.0, 0.0, 0.0, 0.0, 1.4362437384560642, 0.0, 1.4367887815897677, 0.0, 0.0, 0.0, 0.0, 0.0, 0.0, 0.0, 0.0, 0.0, 0.0, 0.0, 0.0, 0.0, 0.0, 0.0, 0.0, 0.9705355396768345, 0.0, 0.0], [0.0, 0.0, 0.0, 0.0, 0.0, 0.0, 0.0, 0.0, 0.0, 0.0, 0.0, 0.0, 0.0, 0.0, 0.0, 0.0, 0.0, 0.0, 0.0, 0.11028124702934597, 0.0, 1.4367887815897677, 0.0, 1.4437770148626516, 0.0, 0.0, 0.0, 0.0, 0.0, 0.0, 0.0, 0.0, 0.0, 0.0, 0.0, 0.0, 0.0, 0.0, 0.0, 0.0, 0.9707027518990134, 0.0], [0.0, 0.0, 0.0, 0.0, 0.0, 0.0, 0.0, 0.0, 0.0, 0.0, 0.0, 0.0, 0.0, 0.0, 0.0, 0.0, 0.0, 0.0, 1.3785692836136638, 0.0, 0.10945363652837503, 0.0, 1.4437770148626516, 0.0, 0.0, 0.0, 0.0, 0.0, 0.0, 0.0, 0.0, 0.0, 0.0, 0.0, 0.0, 0.0, 0.0, 0.0, 0.0, 0.0, 0.0, 0.9684240234309303], [0.9514926346340755, 0.0, 0.0, 0.0, 0.0, 0.0, 0.0, 0.0, 0.0, 0.0, 0.0, 0.0, 0.0, 0.0, 0.0, 0.0, 0.0, 0.0, 0.0, 0.0, 0.0, 0.0, 0.0, 0.0, 0.0, 0.0, 0.0, 0.0, 0.0, 0.0, 0.0, 0.0, 0.0, 0.0, 0.0, 0.0, 0.0, 0.0, 0.0, 0.0, 0.0, 0.0], [0.9819169902771535, 0.0, 0.0, 0.0, 0.0, 0.0, 0.0, 0.0, 0.0, 0.0, 0.0, 0.0, 0.0, 0.0, 0.0, 0.0, 0.0, 0.0, 0.0, 0.0, 0.0, 0.0, 0.0, 0.0, 0.0, 0.0, 0.0, 0.0, 0.0, 0.0, 0.0, 0.0, 0.0, 0.0, 0.0, 0.0, 0.0, 0.0, 0.0, 0.0, 0.0, 0.0], [0.9641353960959089, 0.0, 0.0, 0.0, 0.0, 0.0, 0.0, 0.0, 0.0, 0.0, 0.0, 0.0, 0.0, 0.0, 0.0, 0.0, 0.0, 0.0, 0.0, 0.0, 0.0, 0.0, 0.0, 0.0, 0.0, 0.0, 0.0, 0.0, 0.0, 0.0, 0.0, 0.0, 0.0, 0.0, 0.0, 0.0, 0.0, 0.0, 0.0, 0.0, 0.0, 0.0], [0.0, 0.0, 0.0, 0.9687122116691875, 0.0, 0.0, 0.0, 0.0, 0.0, 0.0, 0.0, 0.0, 0.0, 0.0, 0.0, 0.0, 0.0, 0.0, 0.0, 0.0, 0.0, 0.0, 0.0, 0.0, 0.0, 0.0, 0.0, 0.0, 0.0, 0.0, 0.0, 0.0, 0.0, 0.0, 0.0, 0.0, 0.0, 0.0, 0.0, 0.0, 0.0, 0.0], [0.0, 0.0, 0.0, 0.9638514652921204, 0.0, 0.0, 0.0, 0.0, 0.0, 0.0, 0.0, 0.0, 0.0, 0.0, 0.0, 0.0, 0.0, 0.0, 0.0, 0.0, 0.0, 0.0, 0.0, 0.0, 0.0, 0.0, 0.0, 0.0, 0.0, 0.0, 0.0, 0.0, 0.0, 0.0, 0.0, 0.0, 0.0, 0.0, 0.0, 0.0, 0.0, 0.0], [0.0, 0.0, 0.0, 0.0, 0.9709072276703836, 0.0, 0.0, 0.0, 0.0, 0.0, 0.0, 0.0, 0.0, 0.0, 0.0, 0.0, 0.0, 0.0, 0.0, 0.0, 0.0, 0.0, 0.0, 0.0, 0.0, 0.0, 0.0, 0.0, 0.0, 0.0, 0.0, 0.0, 0.0, 0.0, 0.0, 0.0, 0.0, 0.0, 0.0, 0.0, 0.0, 0.0], [0.0, 0.0, 0.0, 0.0, 0.9704423962690856, 0.0, 0.0, 0.0, 0.0, 0.0, 0.0, 0.0, 0.0, 0.0, 0.0, 0.0, 0.0, 0.0, 0.0, 0.0, 0.0, 0.0, 0.0, 0.0, 0.0, 0.0, 0.0, 0.0, 0.0, 0.0, 0.0, 0.0, 0.0, 0.0, 0.0, 0.0, 0.0, 0.0, 0.0, 0.0, 0.0, 0.0], [0.0, 0.0, 0.0, 0.0, 0.0, 0.9138323056493887, 0.0, 0.0, 0.0, 0.0, 0.0, 0.0, 0.0, 0.0, 0.0, 0.0, 0.0, 0.0, 0.0, 0.0, 0.0, 0.0, 0.0, 0.0, 0.0, 0.0, 0.0, 0.0, 0.0, 0.0, 0.0, 0.0, 0.0, 0.0, 0.0, 0.0, 0.0, 0.0, 0.0, 0.0, 0.0, 0.0], [0.0, 0.0, 0.0, 0.0, 0.0, 0.0, 0.0, 0.0, 0.0, 0.0, 0.0, 0.0, 0.0, 0.9671371463672163, 0.0, 0.0, 0.0, 0.0, 0.0, 0.0, 0.0, 0.0, 0.0, 0.0, 0.0, 0.0, 0.0, 0.0, 0.0, 0.0, 0.0, 0.0, 0.0, 0.0, 0.0, 0.0, 0.0, 0.0, 0.0, 0.0, 0.0, 0.0], [0.0, 0.0, 0.0, 0.0, 0.0, 0.0, 0.0, 0.0, 0.0, 0.0, 0.0, 0.0, 0.0, 0.0, 0.9704348624442867, 0.0, 0.0, 0.0, 0.0, 0.0, 0.0, 0.0, 0.0, 0.0, 0.0, 0.0, 0.0, 0.0, 0.0, 0.0, 0.0, 0.0, 0.0, 0.0, 0.0, 0.0, 0.0, 0.0, 0.0, 0.0, 0.0, 0.0], [0.0, 0.0, 0.0, 0.0, 0.0, 0.0, 0.0, 0.0, 0.0, 0.0, 0.0, 0.0, 0.0, 0.0, 0.0, 0.9706264520283465, 0.0, 0.0, 0.0, 0.0, 0.0, 0.0, 0.0, 0.0, 0.0, 0.0, 0.0, 0.0, 0.0, 0.0, 0.0, 0.0, 0.0, 0.0, 0.0, 0.0, 0.0, 0.0, 0.0, 0.0, 0.0, 0.0], [0.0, 0.0, 0.0, 0.0, 0.0, 0.0, 0.0, 0.0, 0.0, 0.0, 0.0, 0.0, 0.0, 0.0, 0.0, 0.0, 0.9703637621898391, 0.0, 0.0, 0.0, 0.0, 0.0, 0.0, 0.0, 0.0, 0.0, 0.0, 0.0, 0.0, 0.0, 0.0, 0.0, 0.0, 0.0, 0.0, 0.0, 0.0, 0.0, 0.0, 0.0, 0.0, 0.0], [0.0, 0.0, 0.0, 0.0, 0.0, 0.0, 0.0, 0.0, 0.0, 0.0, 0.0, 0.0, 0.0, 0.0, 0.0, 0.0, 0.0, 0.9658075037650509, 0.0, 0.0, 0.0, 0.0, 0.0, 0.0, 0.0, 0.0, 0.0, 0.0, 0.0, 0.0, 0.0, 0.0, 0.0, 0.0, 0.0, 0.0, 0.0, 0.0, 0.0, 0.0, 0.0, 0.0], [0.0, 0.0, 0.0, 0.0, 0.0, 0.0, 0.0, 0.0, 0.0, 0.0, 0.0, 0.0, 0.0, 0.0, 0.0, 0.0, 0.0, 0.0, 0.0, 0.9638493139750555, 0.0, 0.0, 0.0, 0.0, 0.0, 0.0, 0.0, 0.0, 0.0, 0.0, 0.0, 0.0, 0.0, 0.0, 0.0, 0.0, 0.0, 0.0, 0.0, 0.0, 0.0, 0.0], [0.0, 0.0, 0.0, 0.0, 0.0, 0.0, 0.0, 0.0, 0.0, 0.0, 0.0, 0.0, 0.0, 0.0, 0.0, 0.0, 0.0, 0.0, 0.0, 0.0, 0.9702238912940522, 0.0, 0.0, 0.0, 0.0, 0.0, 0.0, 0.0, 0.0, 0.0, 0.0, 0.0, 0.0, 0.0, 0.0, 0.0, 0.0, 0.0, 0.0, 0.0, 0.0, 0.0], [0.0, 0.0, 0.0, 0.0, 0.0, 0.0, 0.0, 0.0, 0.0, 0.0, 0.0, 0.0, 0.0, 0.0, 0.0, 0.0, 0.0, 0.0, 0.0, 0.0, 0.0, 0.9705355396768345, 0.0, 0.0, 0.0, 0.0, 0.0, 0.0, 0.0, 0.0, 0.0, 0.0, 0.0, 0.0, 0.0, 0.0, 0.0, 0.0, 0.0, 0.0, 0.0, 0.0], [0.0, 0.0, 0.0, 0.0, 0.0, 0.0, 0.0, 0.0, 0.0, 0.0, 0.0, 0.0, 0.0, 0.0, 0.0, 0.0, 0.0, 0.0, 0.0, 0.0, 0.0, 0.0, 0.9707027518990134, 0.0, 0.0, 0.0, 0.0, 0.0, 0.0, 0.0, 0.0, 0.0, 0.0, 0.0, 0.0, 0.0, 0.0, 0.0, 0.0, 0.0, 0.0, 0.0], [0.0, 0.0, 0.0, 0.0, 0.0, 0.0, 0.0, 0.0, 0.0, 0.0, 0.0, 0.0, 0.0, 0.0, 0.0, 0.0, 0.0, 0.0, 0.0, 0.0, 0.0, 0.0, 0.0, 0.9684240234309303, 0.0, 0.0, 0.0, 0.0, 0.0, 0.0, 0.0, 0.0, 0.0, 0.0, 0.0, 0.0, 0.0, 0.0, 0.0, 0.0, 0.0, 0.0]], "Born radii": [], "Atomic SASAs": [], "Solvent H bonds": [], "Total SASA": NaN, "Total FOD": 0.0, "FOD": [0.0, 0.0, 0.0, 0.0, 0.0, 0.0, 0.0, 0.0, 0.0, 0.0, 0.0, 0.0, 0.0, 0.0, 0.0, 0.0, 0.0, 0.0, 0.0, 0.0, 0.0, 0.0, 0.0, 0.0, 0.0, 0.0, 0.0, 0.0, 0.0, 0.0, 0.0, 0.0, 0.0, 0.0, 0.0, 0.0, 0.0, 0.0, 0.0, 0.0, 0.0, 0.0], "FOD s proportion": [0.0, 0.0, 0.0, 0.0, 0.0, 0.0, 0.0, 0.0, 0.0, 0.0, 0.0, 0.0, 0.0, 0.0, 0.0, 0.0, 0.0, 0.0, 0.0, 0.0, 0.0, 0.0, 0.0, 0.0, 0.0, 0.0, 0.0, 0.0, 0.0, 0.0, 0.0, 0.0, 0.0, 0.0, 0.0, 0.0, 0.0, 0.0, 0.0, 0.0, 0.0, 0.0], "FOD p proportion": [0.0, 0.0, 0.0, 0.0, 0.0, 0.0, 0.0, 0.0, 0.0, 0.0, 0.0, 0.0, 0.0, 0.0, 0.0, 0.0, 0.0, 0.0, 0.0, 0.0, 0.0, 0.0, 0.0, 0.0, 0.0, 0.0, 0.0, 0.0, 0.0, 0.0, 0.0, 0.0, 0.0, 0.0, 0.0, 0.0, 0.0, 0.0, 0.0, 0.0, 0.0, 0.0], "FOD d proportion": [0.0, 0.0, 0.0, 0.0, 0.0, 0.0, 0.0, 0.0, 0.0, 0.0, 0.0, 0.0, 0.0, 0.0, 0.0, 0.0, 0.0, 0.0, 0.0, 0.0, 0.0, 0.0, 0.0, 0.0, 0.0, 0.0, 0.0, 0.0, 0.0, 0.0, 0.0, 0.0, 0.0, 0.0, 0.0, 0.0, 0.0, 0.0, 0.0, 0.0, 0.0, 0.0], "coordinates": [["3.86540", "1.13600", "-2.01840"], ["2.65120", "1.47420", "-1.19580"], ["1.51450", "1.40990", "-1.66430"], ["2.86850", "1.85340", "0.25340"], ["3.08750", "0.64870", "1.17030"], ["1.87470", "-0.25990", "1.38980"], ["1.46950", "-1.04790", "0.17520"], ["2.25760", "-1.72500", "-0.47100"], ["0.07880", "-0.91690", "0.06020"], ["-0.40760", "0.04050", "0.99640"], ["0.63400", "0.45560", "1.84290"], ["0.62200", "1.27230", "2.75370"], ["-1.46460", "0.95180", "0.67860"], ["-1.92540", "1.10620", "-0.63760"], ["-2.96810", "1.98890", "-0.93510"], ["-3.56640", "2.73050", "0.07910"], ["-3.11970", "2.59330", "1.39000"], ["-2.07580", "1.71150", "1.68670"], ["-0.74100", "-1.94750", "-0.49560"], ["-0.27670", "-2.75520", "-1.54360"], ["-1.07840", "-3.76390", "-2.08890"], ["-2.36000", "-3.98270", "-1.59440"], ["-2.84050", "-3.19270", "-0.55540"], ["-2.03790", "-2.18450", "-0.01140"], ["4.33510", "0.22880", "-1.63220"], ["3.56820", "0.96700", "-3.05720"], ["4.57230", "1.96880", "-1.99000"], ["2.01830", "2.45940", "0.58510"], ["3.74370", "2.51260", "0.29620"], ["3.40340", "1.03520", "2.14790"], ["3.92330", "0.04890", "0.78970"], ["2.11630", "-0.99500", "2.16920"], ["-1.45900", "0.57210", "-1.46210"], ["-3.30220", "2.10150", "-1.96350"], ["-4.37470", "3.41900", "-0.15310"], ["-3.58140", "3.17170", "2.18620"], ["-1.76440", "1.61720", "2.72440"], ["0.70670", "-2.60090", "-1.98050"], ["-0.69780", "-4.37270", "-2.90530"], ["-2.98270", "-4.76570", "-2.01900"], ["-3.84040", "-3.35930", "-0.16270"], ["-2.44630", "-1.60520", "0.81210"]], "bond_dist": [[0.0, 1.5051018703064591, 2.393144130636515, 2.5825467294900983, 3.318191885650979, 4.186555928206382, 3.914286266996833, 3.6283313795738112, 4.782605558688695, 5.343001805165333, 5.080799918319949, 5.771582075999613, 5.9763399033187525, 5.953222767543644, 6.971205028544205, 7.885023001868796, 7.9077516311528155, 7.025441174759063, 5.748548777735125, 5.702969830711013, 6.960973258101197, 8.070716873363853, 8.114623065799174, 7.064185737931867, 1.092144848451889, 1.0936152339831406, 1.092735105137563, 3.4556299309966634, 2.695776624648267, 4.193049049319599, 3.011737775769996, 5.01363197392868, 5.382999931265094, 7.232544090429038, 8.75161020041455, 8.790765944444203, 7.377015203996804, 4.893183392230461, 7.207992892615808, 9.040273052292171, 9.112118207091038, 7.440662912671155], [1.5051018703064591, 0.0, 1.2311432207505346, 1.513668579973833, 2.54366608461095, 3.208641834172209, 3.1043589193261787, 3.3038063865789717, 3.729897715755755, 4.027094979014028, 3.7868640707054695, 4.444880932038562, 4.552591213803409, 4.625178785733586, 5.648841745880301, 6.470101193953615, 6.421996049516069, 5.541628509743322, 4.868812151849771, 5.155714073724415, 6.491936181140415, 7.419485494965267, 7.23524959210116, 6.064367061779819, 2.1393890085723073, 2.136106458021229, 2.136821941575854, 2.1313813032866737, 2.12082408747166, 3.455264900119816, 2.7553454865043694, 4.207884462529835, 4.2164492336562045, 6.035382352428055, 7.364288230372301, 7.2914150211052995, 5.906432121001646, 4.582932941905216, 6.951577580664694, 8.44717937894064, 8.159098505349718, 6.2848128866339374], [2.393144130636515, 1.2311432207505346, 0.0, 2.389054528469369, 3.3299717115915564, 3.499357496741366, 3.070271338171921, 3.4356601272535676, 3.232511868501027, 3.556550190845055, 3.7398423202054922, 4.509347404004264, 3.8176004020850582, 3.6026738112129992, 4.578283127985861, 5.531633821033348, 5.6749443777009825, 4.9204082808238585, 4.210139510752583, 4.535529069469184, 5.802725395019137, 6.64053996449084, 6.432698576025462, 5.317079605384896, 3.0580732463431937, 2.520717062662924, 3.1254744503834937, 2.5327978699454086, 3.1668344099431534, 4.270973207595665, 3.69820962629216, 4.565241450350682, 3.0958837074412213, 4.875287693049509, 6.403349505532241, 6.625593279095843, 5.482230038041089, 4.103539925478976, 6.314492461789784, 7.647787607537228, 7.3263241267364085, 5.559795105037595], [2.5825467294900983, 1.513668579973833, 2.389054528469369, 0.0, 1.5296956233185734, 2.5971292401418915, 3.2219338804513042, 3.7017429313770562, 3.93628180139583, 3.817261665120692, 3.077880007407696, 3.411149300455786, 4.446283078032707, 4.93291658656418, 5.957918433479935, 6.496739406040541, 6.139857556165289, 5.149814267524607, 5.2949345661679335, 5.861798870653956, 7.2538574696502, 8.050567700479265, 7.662242729775663, 6.359836193645242, 2.8888973813550387, 3.4979075759659515, 2.8194139745698927, 1.0954911820731377, 1.0965179068305269, 2.1318300823470895, 2.1578788149476793, 3.514182271880615, 4.828242557080164, 6.561534706911181, 7.4216097883141225, 6.861110751183076, 5.255986477341813, 5.43180236569778, 7.83965576986643, 9.122106555505695, 8.506157752475556, 6.365623197299696], [3.318191885650979, 2.54366608461095, 3.3299717115915564, 1.5296956233185734, 0.0, 1.531214566936979, 2.546880360362457, 3.0028405535425953, 3.5687114004917797, 3.5518829457064034, 2.551340945463777, 2.9957841661241216, 4.588600321448796, 5.348548875162309, 6.549743243822616, 7.056840219956805, 6.5083845222912275, 5.296780124755038, 4.9165932819382165, 5.501784261491903, 6.888261479502647, 7.6660738517183615, 7.271559561057037, 5.974375472800483, 3.0962603282023946, 4.26663141482833, 3.7329333157719278, 2.182723567014385, 2.160734240946813, 1.0976688116185136, 1.0968947260334512, 2.154711196425173, 5.254146892693427, 7.263580134479139, 8.069100228030383, 7.2022086209717635, 5.185957256862034, 5.114259422438404, 7.493561864027013, 8.736972581506707, 8.113984927888392, 5.985926401986578], [4.186555928206382, 3.208641834172209, 3.499357496741366, 2.5971292401418915, 1.531214566936979, 0.0, 1.5034574154261902, 2.3991054707953126, 2.329107547967676, 2.3353580046750864, 1.5021905172114487, 2.4035634670214137, 3.6228368470026355, 4.518555076570385, 5.823656350609985, 6.345549295372308, 5.751937207584937, 4.4250443862180635, 3.639314964385468, 4.411335354515682, 5.75327465883561, 6.379449315575758, 5.8837258535727175, 4.579943816249278, 3.9274520811844416, 4.91416675134249, 4.864894396592797, 2.8394991706285104, 3.517936640987157, 2.1421772358980946, 2.1569050535431544, 1.0982745239693035, 4.465323426136118, 6.604629017590617, 7.4141652247572685, 6.494548385376769, 4.306705281302634, 4.266547443776994, 6.479256446537673, 7.450938587855895, 6.684228049670358, 4.562303188083843], [3.914286266996833, 3.1043589193261787, 3.070271338171921, 3.2219338804513042, 2.546880360362457, 1.5034574154261902, 0.0, 1.2235769121718505, 1.4015821381567333, 2.3200190538010674, 2.3957870919595505, 3.5707487366097324, 3.5862451756677207, 4.101967413327414, 5.4906478752511525, 6.296493514647657, 5.982878330703375, 4.740049862606933, 2.4790246166587373, 2.98636253157583, 4.358279387556516, 5.139027675543303, 4.869295986074373, 3.691684423132617, 3.620541535461235, 4.348881863191963, 4.839001732795722, 3.5735630314855227, 4.226557333102202, 3.459887297297413, 2.7571207681202505, 2.096946506232336, 3.725756774133277, 6.104250890977532, 7.36312774165979, 6.881913685160546, 4.905026795033846, 2.764184387843908, 5.024038672223772, 6.20150266628984, 5.801015805874002, 4.006209497767185], [3.6283313795738112, 3.3038063865789717, 3.4356601272535676, 3.7017429313770562, 3.0028405535425953, 2.3991054707953126, 1.2235769121718505, 0.0, 2.3837719039371197, 3.5176048740584838, 3.570045732200079, 4.696560948183255, 4.726691362887998, 5.05380430962656, 6.427782083269469, 7.353439077057756, 7.143275941751097, 5.936628428662182, 3.006944191367708, 2.9384450462787286, 4.231265723161334, 5.261317953707036, 5.305835491230387, 4.344386338713444, 3.0792411613902537, 3.95638304515627, 4.616205750397182, 4.3222465292946906, 4.555693449959073, 3.9736883232080498, 2.740555087933829, 2.7429038863948554, 4.480185618922502, 6.912382696292212, 8.399357100397625, 8.07045870629421, 6.12840648129675, 2.3347552055836602, 4.6551606782150925, 6.253231530976604, 6.320726966101288, 4.87723003968441], [4.782605558688695, 3.729897715755755, 3.232511868501027, 3.93628180139583, 3.5687114004917797, 2.329107547967676, 1.4015821381567333, 2.3837719039371197, 0.0, 1.4246649290271731, 2.317330917240781, 3.5132043962741477, 2.5013080198168316, 2.932008883001551, 4.326418303862908, 5.15668178289101, 4.931559016173283, 3.767796434257032, 1.4293782004773965, 2.465340053623435, 3.7500868856601177, 4.252596411605503, 3.75240476094997, 2.468269679350293, 4.721539573063007, 5.044122751281931, 5.7203257582064335, 3.9289415813931368, 5.024804300666843, 4.384307340960485, 4.030523556561851, 2.933493967950164, 2.626660832692337, 4.963593582274842, 6.2192594374250065, 5.885031010963323, 4.113029381125304, 2.71929603022547, 4.61950770645531, 5.3393928802814274, 4.623324648994488, 2.7230939223611075], [5.343001805165333, 4.027094979014028, 3.556550190845055, 3.817261665120692, 3.5518829457064034, 2.3353580046750864, 2.3200190538010674, 3.5176048740584838, 1.4246649290271731, 0.0, 1.4049202183754066, 2.3802333267980265, 1.4313327810121586, 2.471717890455948, 3.7527476680427103, 4.249183066190488, 3.745289736455646, 2.460009416648644, 2.507860354963968, 3.7795070181175747, 4.943936497367255, 5.168195878640824, 4.333666794990127, 2.9366926856584774, 5.425697940357535, 5.753004506342751, 6.118523503264493, 3.45039645693071, 4.882094851598031, 4.103547409254583, 4.33583789595506, 2.9694766037131863, 2.7262176673919494, 4.624655465004934, 5.336056119457515, 4.614438635413846, 2.7042324474793213, 4.132867292812582, 5.897780359592921, 6.230837472603501, 4.968527819183465, 2.6265172129647274], [5.080799918319949, 3.7868640707054695, 3.7398423202054922, 3.077880007407696, 2.551340945463777, 1.5021905172114487, 2.3957870919595505, 3.570045732200079, 2.317330917240781, 1.4049202183754066, 0.0, 1.223396718158096, 2.4507000816093347, 3.6230772790543675, 4.8003559555516295, 5.0921037509068885, 4.343402282773264, 2.990769013146953, 3.6240994550370718, 4.754681206979075, 6.016273368955237, 6.362198847882703, 5.579792651165453, 4.188986286680824, 5.081918875779109, 5.734286320894694, 5.700096800932419, 2.741087698341664, 4.036553477906616, 2.8457929510068016, 3.4776615160190616, 2.0995059752236953, 3.913725367217275, 5.717633969571679, 6.152465461097689, 5.026395454000809, 2.8068985321881517, 4.895494367272829, 6.90156325552407, 7.433489368392208, 6.212579877152486, 3.846777010693497], [5.771582075999613, 4.444880932038562, 4.509347404004264, 3.411149300455786, 2.9957841661241216, 2.4035634670214137, 3.5707487366097324, 4.696560948183255, 3.5132043962741477, 2.3802333267980265, 1.223396718158096, 0.0, 2.960179018235215, 4.244732224769897, 5.1970740816347805, 5.179046916180621, 4.195835742733502, 2.9341967350537352, 4.773136445776509, 5.957785262159085, 7.190649856584591, 7.444012534245224, 6.5479213541398, 5.164330765936667, 5.840558421075847, 6.522258913903986, 6.2123000595592615, 2.839310842440468, 4.162050123436766, 2.856465650064779, 4.03144952219422, 2.7776288502965976, 4.753294718403225, 6.191840931419346, 6.166426681636619, 4.647402303437912, 2.4113729408782874, 6.117311661996632, 8.101368899142908, 8.498821764221203, 7.061878027833672, 4.632956043391735], [5.9763399033187525, 4.552591213803409, 3.8176004020850582, 4.446283078032707, 4.588600321448796, 3.6228368470026355, 3.5862451756677207, 4.726691362887998, 2.5013080198168316, 1.4313327810121586, 2.4507000816093347, 2.960179018235215, 0.0, 1.4030532562949989, 2.437235390765529, 2.8179313653813503, 2.4372050016360953, 1.4024889090470558, 3.2106515055359095, 4.482312823755165, 5.481426199448461, 5.506138429970681, 4.537922108190047, 3.2620776477576374, 6.284826626884786, 6.267815290833003, 6.678313901726993, 3.7963393446845606, 5.450570180265546, 5.085589646245556, 5.464159407447774, 4.339903617593368, 2.1741204980405295, 3.417495612286869, 3.904802522535551, 3.4178437661777346, 2.172080762771035, 4.94034753737022, 6.46394784168313, 6.501652068513048, 4.993775579659142, 2.742226493198547], [5.953222767543644, 4.625178785733586, 3.6026738112129992, 4.93291658656418, 5.348548875162309, 4.518555076570385, 4.101967413327414, 5.05380430962656, 2.932008883001551, 2.471717890455948, 3.6230772790543675, 4.244732224769897, 1.4030532562949989, 0.0, 1.3981733905349507, 2.417620809804548, 2.783699096526059, 2.406528358445003, 3.278422036590164, 4.29528318624046, 5.151849638722, 5.196272376425239, 4.395987495432625, 3.3516397747968085, 6.399446864378201, 6.004455159296303, 6.692769965417906, 4.344987367070242, 5.915119458641558, 6.013331912509071, 6.112475788909106, 5.350561332234217, 1.087470468564549, 2.155043187502283, 3.403359308095459, 3.8707199188264707, 3.404421536766562, 4.740666749519523, 6.055395136570363, 6.124161890414067, 4.881950968619001, 3.1184382084626914], [6.971205028544205, 5.648841745880301, 4.578283127985861, 5.957918433479935, 6.549743243822616, 5.823656350609985, 5.4906478752511525, 6.427782083269469, 4.326418303862908, 3.7527476680427103, 4.8003559555516295, 5.1970740816347805, 2.437235390765529, 1.3981733905349507, 0.0, 1.3915944416387986, 2.407150167729467, 2.783340670848612, 4.544048813558235, 5.488204717391653, 6.164164855842192, 6.03858167618854, 5.197059977525755, 4.37444411211299, 7.544576241247749, 6.947719461089373, 7.61385908590381, 5.234172642357147, 6.843874678864306, 7.142159683177071, 7.364097297021543, 6.6626917278229225, 2.1359854985462796, 1.0871559823686754, 2.1529592587877735, 3.3937687634840414, 3.870270640407464, 5.9718740978021305, 7.0360432552678365, 6.841028689458918, 5.473641593126097, 4.030203207035596], [7.885023001868796, 6.470101193953615, 5.531633821033348, 6.496739406040541, 7.056840219956805, 6.345549295372308, 6.296493514647657, 7.353439077057756, 5.15668178289101, 4.249183066190488, 5.0921037509068885, 5.179046916180621, 2.8179313653813503, 2.417620809804548, 1.3915944416387986, 0.0, 1.3916980778890224, 2.4175663631015385, 5.49516598930369, 6.599104929458236, 7.28475115292211, 7.023037622709991, 6.001151497837727, 5.147982857391815, 8.462904514999563, 7.990546107745077, 8.432069697885566, 5.614125515162624, 7.316568514679542, 7.465392660135165, 7.986960436236052, 7.1092156775554365, 3.387495056822962, 2.153522091830033, 1.086875328637098, 2.1528476142077495, 3.388842424781654, 7.136186777964825, 8.22137212148921, 7.806135006518911, 6.1007546484021145, 4.537643386164232], [7.9077516311528155, 6.421996049516069, 5.6749443777009825, 6.139857556165289, 6.5083845222912275, 5.751937207584937, 5.982878330703375, 7.143275941751097, 4.931559016173283, 3.745289736455646, 4.343402282773264, 4.195835742733502, 2.4372050016360953, 2.783699096526059, 2.407150167729467, 1.3916980778890224, 0.0, 1.3983309121949639, 5.461919597540777, 6.7301642037917615, 7.528854012397903, 7.261374763087222, 6.110673432609535, 5.09525132255515, 8.38442580800856, 8.194537567184618, 8.425037937600045, 5.202387646071753, 6.950479874800013, 6.749290453818089, 7.512534888438123, 6.395212704046676, 3.870096683546808, 3.3942798558751752, 2.153593067410833, 1.0870362873427915, 2.1378102488293953, 7.278826886937208, 8.53465627310204, 8.111407461100693, 6.193846344558444, 4.291251358286997], [7.025441174759063, 5.541628509743322, 4.9204082808238585, 5.149814267524607, 5.296780124755038, 4.4250443862180635, 4.740049862606933, 5.936628428662182, 3.767796434257032, 2.460009416648644, 2.990769013146953, 2.9341967350537352, 1.4024889090470558, 2.406528358445003, 2.783340670848612, 2.4175663631015385, 1.3983309121949639, 0.0, 4.46457224490768, 5.798534969283189, 6.725322838347614, 6.578016455589025, 5.446370914655005, 4.250152470206216, 7.369744589197104, 7.410371344271487, 7.601418274901073, 4.305174999927413, 6.03670702535745, 5.540010809556242, 6.289518945833616, 5.013147804523621, 3.4049399466069885, 3.8704156107581005, 3.403727588982408, 2.1560416623989433, 1.087512639007014, 6.307729849161266, 7.746149859123564, 7.517233529696945, 5.678653551679306, 3.4500281593053703], [5.748548777735125, 4.868812151849771, 4.210139510752583, 5.2949345661679335, 4.9165932819382165, 3.639314964385468, 2.4790246166587373, 3.006944191367708, 1.4293782004773965, 2.507860354963968, 3.6240994550370718, 4.773136445776509, 3.2106515055359095, 3.278422036590164, 4.544048813558235, 5.49516598930369, 5.461919597540777, 4.46457224490768, 0.0, 1.4022331403871469, 2.4396214071039797, 2.8232182841572837, 2.441720567550677, 1.4044814879520484, 5.638699536240603, 5.798733434983885, 6.767702264432146, 5.3105947491