{"total energy": -29.3533621, "HOMO-LUMO gap/eV": 3.84906635, "electronic energy": -29.74143385, "dipole": [0.41445099, 0.10209207, -1.21640206], "partial charges": [-0.10009756, -0.05173922, -0.05852105, -0.05755437, -0.05277349, -0.08336392, 0.23498276, -0.36439927, -0.13637399, 0.03106157, 0.03142321, 0.03336583, 0.02699889, 0.03082589, 0.03424731, 0.02797024, 0.02410209, 0.04112724, 0.02998127, 0.05036206, 0.05906653, 0.05417848, 0.06280374, 0.06849161, 0.06383415], "atomic dipole moments": [[0.08499663, 0.05068513, -0.0220121], [-0.00297455, -0.11068885, 0.00975409], [0.00737173, 0.11080883, -0.01295985], [-0.00052698, -0.11490565, 0.00530099], [0.02690182, 0.12109453, -0.0207922], [-0.03647448, -0.00442491, 0.07874422], [-0.00545599, 0.00431781, 0.01464237], [0.05453453, 0.01656046, -0.15259131], [-0.05808465, -0.05404028, 0.00098053], [-0.09532623, 0.07924451, 0.01157345], [-0.02916731, -0.08159424, -0.09095128], [0.01038471, -0.06355274, 0.10851908], [-0.01944345, 0.06478244, -0.1026956], [0.0188427, 0.08327207, 0.08997639], [0.01617786, -0.06638817, 0.10478285], [-0.02213151, -0.08305131, -0.08828361], [-0.01662618, 0.06471074, -0.10253387], [0.02045281, 0.08687318, 0.09098446], [-0.02178812, -0.07956011, -0.08828523], [0.01347169, -0.07250359, 0.10647741], [0.08528074, -0.09066956, -0.03878009], [-0.02395323, 0.08264536, -0.09856746], [-0.04372599, 0.09549026, -0.08416921], [0.03985979, 0.06129149, 0.1114164], [0.10445979, -0.07241552, -0.04662735]], "atomic quadrupole moments": [[0.13683228, 0.14097144, -0.02417213, -0.0658173, -0.03642992, -0.11266015], [0.2148684, -0.00698925, 0.0011842, -0.08891717, -0.02271933, -0.2160526], [0.21830553, -0.01439486, 0.00722195, -0.09028333, -0.01616088, -0.22552748], [0.21223975, -0.02342558, 0.00938103, -0.08871368, -0.0282982, -0.22162079], [0.21986735, 0.00610113, -0.00489443, -0.09602193, -0.00722231, -0.21497292], [0.0468476, 0.18078912, -0.07037865, -0.01074201, 0.07896424, 0.02353105], [0.09998796, -0.44784865, 0.2155651, 0.09081853, -0.10465913, -0.31555306], [0.04217542, -0.19695963, 0.09015129, 0.03551582, -0.04520143, -0.13232671], [0.06506076, 0.1626645, -0.00780027, -0.07850939, -0.05499047, -0.0572605], [0.03090418, -0.05516355, 0.0220994, -0.01201395, 0.0039981, -0.05300358], [-0.036169, 0.01973165, 0.00403218, 0.00451023, 0.05911553, 0.03213682], [-0.02892497, -0.00114995, -0.01689513, 0.02348835, -0.0532064, 0.0458201], [-0.01660988, -0.00578636, -0.02312818, 0.00627999, -0.03666697, 0.03973806], [-0.01312848, 0.01100396, -0.00818444, 0.01210297, 0.04337856, 0.02131292], [-0.01867561, -0.00665395, -0.02098531, 0.00942262, -0.03377227, 0.03966092], [-0.0180149, 0.00965909, -0.00645418, 0.01147772, 0.04394564, 0.02446909], [-0.02074819, -0.00743078, -0.0213249, 0.00854822, -0.03567231, 0.04207309], [-0.01446195, 0.01132351, -0.00877107, 0.01318096, 0.03971478, 0.02323302], [-0.00782619, 0.00865854, -0.01127686, 0.012946, 0.05029346, 0.01910306], [-0.01477908, -0.00934435, -0.02300127, 0.01022747, -0.03203836, 0.03778035], [0.03235898, -0.02974389, 0.01917451, -0.02469451, 0.02338049, -0.05153349], [-0.01232145, 0.00883935, 0.00396455, 0.02337454, -0.05474768, 0.0083569], [-0.03636959, -0.01690027, 0.01338182, 0.03867835, -0.0549828, 0.02298777], [-0.02928817, 0.02316928, -0.01932, 0.02416528, 0.04218953, 0.04860818], [0.02716098, -0.04498205, -0.00662414, -0.03750782, 0.04124795, -0.02053684]], "number of molecular orbitals": 52, "number of electrons": 54, "number of unpaired electrons": 0, "orbital energies/eV": [-19.08053332, -17.42477589, -17.09060289, -16.80099884, -16.44726079, -15.90798729, -15.4539433, -15.15795242, -15.02062864, -14.69447405, -14.66509335, -14.00209277, -13.95164555, -13.58898881, -13.38849662, -13.24241061, -13.01009786, -12.83298956, -12.74446626, -12.66431402, -12.24615105, -12.0536476, -11.73768203, -11.61268406, -11.46449491, -11.33760837, -10.72215197, -6.87308563, 1.37199552, 1.82383996, 2.81193025, 3.10078213, 3.48765867, 3.54462236, 3.88612271, 4.01787769, 4.2882364, 4.45175788, 4.61063042, 4.72317299, 4.88264643, 5.10849922, 5.67125513, 6.00894414, 6.23406268, 6.39108502, 6.94254374, 7.14980036, 7.40460942, 7.78541729, 8.50159653, 15.17085598], "fractional occupation": [2.0, 2.0, 2.0, 2.0, 2.0, 2.0, 2.0, 2.0, 2.0, 2.0, 2.0, 2.0, 2.0, 2.0, 2.0, 2.0, 2.0, 2.0, 2.0, 2.0, 2.0, 2.0, 2.0, 2.0, 2.0, 2.0, 2.0, 0.0, 0.0, 0.0, 0.0, 0.0, 0.0, 0.0, 0.0, 0.0, 0.0, 0.0, 0.0, 0.0, 0.0, 0.0, 0.0, 0.0, 0.0, 0.0, 0.0, 0.0, 0.0, 0.0, 0.0, 0.0], "program call": "xtb /home/svss/Project-DBcg-Debug/aqme2_20220329/End-to-End-workflows-final/example-3/QDESCP/mol_979_rdkit_conf_2/mol_979_rdkit_conf_2.xyz --pop --wbo --acc 0.2 --gfn 2 --chrg 0 --uhf 0 --etemp 300 --input /home/svss/Project-DBcg-Debug/aqme2_20220329/End-to-End-workflows-final/example-3/QDESCP/mol_979_rdkit_conf_2/mol_979_rdkit_conf_2_xtb.inp", "method": "GFN2-xTB", "xtb version": "6.3.3 (7355c4f)", "Dipole module/D": 3.277, "Total charge": 0, "Transition dipole module/D": NaN, "HOMO": -10.7222, "LUMO": -6.8731, "HOMO occupancy": 2.0, "LUMO occupancy": 0, "mulliken charges": [-0.08347, -0.03823, -0.04571, -0.04678, -0.03247, -0.08491, 0.39775, -0.49366, -0.12673, 0.02785, 0.02556, 0.02779, 0.02026, 0.02489, 0.02738, 0.01986, 0.01683, 0.0372, 0.02247, 0.04247, 0.05124, 0.04085, 0.05194, 0.06423, 0.05338], "cm5 charges": [-0.2338, -0.15075, -0.15637, -0.15676, -0.14092, -0.18706, 0.41286, -0.54545, -0.26849, 0.07864, 0.07685, 0.07908, 0.07497, 0.0796, 0.08277, 0.07521, 0.07232, 0.09533, 0.07748, 0.10051, 0.10729, 0.09732, 0.1045, 0.1189, 0.10597], "FUKUI+": [0.007, 0.002, 0.005, 0.007, 0.022, 0.029, -0.195, -0.297, 0.051, -0.015, -0.01, -0.007, -0.008, -0.002, -0.009, -0.017, -0.018, 0.013, -0.054, -0.021, -0.097, -0.092, -0.107, -0.077, -0.108], "FUKUI-": [0.019, 0.009, 0.013, 0.013, 0.014, -0.004, -0.027, -0.134, 0.002, -0.045, -0.063, -0.062, -0.079, -0.077, -0.061, -0.066, -0.045, -0.046, -0.067, -0.034, -0.057, -0.048, -0.052, -0.047, -0.056], "FUKUIrad": [0.013, 0.005, 0.009, 0.01, 0.018, 0.013, -0.111, -0.215, 0.026, -0.03, -0.036, -0.035, -0.044, -0.04, -0.035, -0.042, -0.031, -0.017, -0.061, -0.028, -0.077, -0.07, -0.079, -0.062, -0.082], "s proportion": [1.007, 1.027, 1.032, 1.032, 1.028, 1.042, 1.076, 1.739, 1.022, 0.972, 0.974, 0.972, 0.98, 0.975, 0.973, 0.98, 0.983, 0.963, 0.978, 0.958, 0.949, 0.959, 0.948, 0.936, 0.947], "p proportion": [3.076, 3.011, 3.014, 3.014, 3.004, 3.043, 2.527, 4.754, 3.105, 0.0, 0.0, 0.0, 0.0, 0.0, 0.0, 0.0, 0.0, 0.0, 0.0, 0.0, 0.0, 0.0, 0.0, 0.0, 0.0], "d proportion": [0.0, 0.0, 0.0, 0.0, 0.0, 0.0, 0.0, 0.0, 0.0, 0.0, 0.0, 0.0, 0.0, 0.0, 0.0, 0.0, 0.0, 0.0, 0.0, 0.0, 0.0, 0.0, 0.0, 0.0, 0.0], "Fermi-level/eV": -8.7976, "Coordination numbers": [3.75, 3.8, 3.802, 3.801, 3.801, 3.802, 2.809, 0.857, 3.751, 0.924, 0.924, 0.924, 0.924, 0.924, 0.924, 0.924, 0.924, 0.924, 0.924, 0.924, 0.924, 0.924, 0.924, 0.924, 0.924], "Dispersion coefficient C6": [22.475, 21.503, 21.626, 21.609, 21.522, 22.09, 23.085, 20.983, 23.187, 2.572, 2.566, 2.539, 2.63, 2.575, 2.527, 2.616, 2.672, 2.434, 2.587, 2.316, 2.21, 2.269, 2.167, 2.102, 2.155], "Total dispersion C6": 4491.593421, "Total dispersion C8": 95551.581536, "Polarizability alpha": [6.761, 6.602, 6.621, 6.618, 6.605, 6.692, 7.872, 6.141, 6.867, 2.508, 2.505, 2.492, 2.536, 2.509, 2.486, 2.529, 2.556, 2.44, 2.515, 2.38, 2.325, 2.355, 2.302, 2.267, 2.296], "Total polarizability alpha": 99.781233, "Wiberg matrix": [[0.0, 1.0200906894728725, 0.0, 0.0, 0.0, 0.0, 0.0, 0.0, 0.0, 0.9874201899927658, 0.9877557884339232, 0.9876607704055644, 0.0, 0.0, 0.0, 0.0, 0.0, 0.0, 0.0, 0.0, 0.0, 0.0, 0.0, 0.0, 0.0], [1.0200906894728725, 0.0, 1.0078860111044634, 0.0, 0.0, 0.0, 0.0, 0.0, 0.0, 0.0, 0.0, 0.0, 0.9781518731600997, 0.9779671453749021, 0.0, 0.0, 0.0, 0.0, 0.0, 0.0, 0.0, 0.0, 0.0, 0.0, 0.0], [0.0, 1.0078860111044634, 0.0, 1.007271149352955, 0.0, 0.0, 0.0, 0.0, 0.0, 0.0, 0.0, 0.0, 0.0, 0.0, 0.9770246314005635, 0.9772336106065478, 0.0, 0.0, 0.0, 0.0, 0.0, 0.0, 0.0, 0.0, 0.0], [0.0, 0.0, 1.007271149352955, 0.0, 1.007807248384849, 0.0, 0.0, 0.0, 0.0, 0.0, 0.0, 0.0, 0.0, 0.0, 0.0, 0.0, 0.9773577815721861, 0.9765002560508269, 0.0, 0.0, 0.0, 0.0, 0.0, 0.0, 0.0], [0.0, 0.0, 0.0, 1.007807248384849, 0.0, 1.0065795266941244, 0.0, 0.0, 0.0, 0.0, 0.0, 0.0, 0.0, 0.0, 0.0, 0.0, 0.0, 0.0, 0.9768696158750529, 0.9746580015350554, 0.0, 0.0, 0.0, 0.0, 0.0], [0.0, 0.0, 0.0, 0.0, 1.0065795266941244, 0.0, 0.9923788783622947, 0.0, 0.0, 0.0, 0.0, 0.0, 0.0, 0.0, 0.0, 0.0, 0.0, 0.0, 0.0, 0.0, 0.946736659075144, 0.9582697162247018, 0.0, 0.0, 0.0], [0.0, 0.0, 0.0, 0.0, 0.0, 0.9923788783622947, 0.0, 1.8575345054784376, 1.008026478009169, 0.0, 0.0, 0.0, 0.0, 0.0, 0.0, 0.0, 0.0, 0.0, 0.0, 0.0, 0.0, 0.0, 0.0, 0.0, 0.0], [0.0, 0.0, 0.0, 0.0, 0.0, 0.0, 1.8575345054784376, 0.0, 0.0, 0.0, 0.0, 0.0, 0.0, 0.0, 0.0, 0.0, 0.0, 0.0, 0.0, 0.0, 0.0, 0.0, 0.0, 0.0, 0.0], [0.0, 0.0, 0.0, 0.0, 0.0, 0.0, 1.008026478009169, 0.0, 0.0, 0.0, 0.0, 0.0, 0.0, 0.0, 0.0, 0.0, 0.0, 0.0, 0.0, 0.0, 0.0, 0.0, 0.9642159419823095, 0.9828556553751578, 0.9623067793180344], [0.9874201899927658, 0.0, 0.0, 0.0, 0.0, 0.0, 0.0, 0.0, 0.0, 0.0, 0.0, 0.0, 0.0, 0.0, 0.0, 0.0, 0.0, 0.0, 0.0, 0.0, 0.0, 0.0, 0.0, 0.0, 0.0], [0.9877557884339232, 0.0, 0.0, 0.0, 0.0, 0.0, 0.0, 0.0, 0.0, 0.0, 0.0, 0.0, 0.0, 0.0, 0.0, 0.0, 0.0, 0.0, 0.0, 0.0, 0.0, 0.0, 0.0, 0.0, 0.0], [0.9876607704055644, 0.0, 0.0, 0.0, 0.0, 0.0, 0.0, 0.0, 0.0, 0.0, 0.0, 0.0, 0.0, 0.0, 0.0, 0.0, 0.0, 0.0, 0.0, 0.0, 0.0, 0.0, 0.0, 0.0, 0.0], [0.0, 0.9781518731600997, 0.0, 0.0, 0.0, 0.0, 0.0, 0.0, 0.0, 0.0, 0.0, 0.0, 0.0, 0.0, 0.0, 0.0, 0.0, 0.0, 0.0, 0.0, 0.0, 0.0, 0.0, 0.0, 0.0], [0.0, 0.9779671453749021, 0.0, 0.0, 0.0, 0.0, 0.0, 0.0, 0.0, 0.0, 0.0, 0.0, 0.0, 0.0, 0.0, 0.0, 0.0, 0.0, 0.0, 0.0, 0.0, 0.0, 0.0, 0.0, 0.0], [0.0, 0.0, 0.9770246314005635, 0.0, 0.0, 0.0, 0.0, 0.0, 0.0, 0.0, 0.0, 0.0, 0.0, 0.0, 0.0, 0.0, 0.0, 0.0, 0.0, 0.0, 0.0, 0.0, 0.0, 0.0, 0.0], [0.0, 0.0, 0.9772336106065478, 0.0, 0.0, 0.0, 0.0, 0.0, 0.0, 0.0, 0.0, 0.0, 0.0, 0.0, 0.0, 0.0, 0.0, 0.0, 0.0, 0.0, 0.0, 0.0, 0.0, 0.0, 0.0], [0.0, 0.0, 0.0, 0.9773577815721861, 0.0, 0.0, 0.0, 0.0, 0.0, 0.0, 0.0, 0.0, 0.0, 0.0, 0.0, 0.0, 0.0, 0.0, 0.0, 0.0, 0.0, 0.0, 0.0, 0.0, 0.0], [0.0, 0.0, 0.0, 0.9765002560508269, 0.0, 0.0, 0.0, 0.0, 0.0, 0.0, 0.0, 0.0, 0.0, 0.0, 0.0, 0.0, 0.0, 0.0, 0.0, 0.0, 0.0, 0.0, 0.0, 0.0, 0.0], [0.0, 0.0, 0.0, 0.0, 0.9768696158750529, 0.0, 0.0, 0.0, 0.0, 0.0, 0.0, 0.0, 0.0, 0.0, 0.0, 0.0, 0.0, 0.0, 0.0, 0.0, 0.0, 0.0, 0.0, 0.0, 0.0], [0.0, 0.0, 0.0, 0.0, 0.9746580015350554, 0.0, 0.0, 0.0, 0.0, 0.0, 0.0, 0.0, 0.0, 0.0, 0.0, 0.0, 0.0, 0.0, 0.0, 0.0, 0.0, 0.0, 0.0, 0.0, 0.0], [0.0, 0.0, 0.0, 0.0, 0.0, 0.946736659075144, 0.0, 0.0, 0.0, 0.0, 0.0, 0.0, 0.0, 0.0, 0.0, 0.0, 0.0, 0.0, 0.0, 0.0, 0.0, 0.0, 0.0, 0.0, 0.0], [0.0, 0.0, 0.0, 0.0, 0.0, 0.9582697162247018, 0.0, 0.0, 0.0, 0.0, 0.0, 0.0, 0.0, 0.0, 0.0, 0.0, 0.0, 0.0, 0.0, 0.0, 0.0, 0.0, 0.0, 0.0, 0.0], [0.0, 0.0, 0.0, 0.0, 0.0, 0.0, 0.0, 0.0, 0.9642159419823095, 0.0, 0.0, 0.0, 0.0, 0.0, 0.0, 0.0, 0.0, 0.0, 0.0, 0.0, 0.0, 0.0, 0.0, 0.0, 0.0], [0.0, 0.0, 0.0, 0.0, 0.0, 0.0, 0.0, 0.0, 0.9828556553751578, 0.0, 0.0, 0.0, 0.0, 0.0, 0.0, 0.0, 0.0, 0.0, 0.0, 0.0, 0.0, 0.0, 0.0, 0.0, 0.0], [0.0, 0.0, 0.0, 0.0, 0.0, 0.0, 0.0, 0.0, 0.9623067793180344, 0.0, 0.0, 0.0, 0.0, 0.0, 0.0, 0.0, 0.0, 0.0, 0.0, 0.0, 0.0, 0.0, 0.0, 0.0, 0.0]], "Born radii": [], "Atomic SASAs": [], "Solvent H bonds": [], "Total SASA": NaN, "Total FOD": 0.0, "FOD": [0.0, 0.0, 0.0, 0.0, 0.0, 0.0, 0.0, 0.0, 0.0, 0.0, 0.0, 0.0, 0.0, 0.0, 0.0, 0.0, 0.0, 0.0, 0.0, 0.0, 0.0, 0.0, 0.0, 0.0, 0.0], "FOD s proportion": [0.0, 0.0, 0.0, 0.0, 0.0, 0.0, 0.0, 0.0, 0.0, 0.0, 0.0, 0.0, 0.0, 0.0, 0.0, 0.0, 0.0, 0.0, 0.0, 0.0, 0.0, 0.0, 0.0, 0.0, 0.0], "FOD p proportion": [0.0, 0.0, 0.0, 0.0, 0.0, 0.0, 0.0, 0.0, 0.0, 0.0, 0.0, 0.0, 0.0, 0.0, 0.0, 0.0, 0.0, 0.0, 0.0, 0.0, 0.0, 0.0, 0.0, 0.0, 0.0], "FOD d proportion": [0.0, 0.0, 0.0, 0.0, 0.0, 0.0, 0.0, 0.0, 0.0, 0.0, 0.0, 0.0, 0.0, 0.0, 0.0, 0.0, 0.0, 0.0, 0.0, 0.0, 0.0, 0.0, 0.0, 0.0, 0.0], "coordinates": [["-4.05890", "-0.59310", "0.60550"], ["-2.78900", "0.17770", "0.28180"], ["-1.58960", "-0.75740", "0.12990"], ["-0.31390", "0.02210", "-0.19560"], ["0.88600", "-0.91750", "-0.35090"], ["2.17150", "-0.16880", "-0.69920"], ["2.76330", "0.60940", "0.46430"], ["2.36960", "0.48310", "1.62270"], ["3.90370", "1.53580", "0.13020"], ["-4.90370", "0.09480", "0.70980"], ["-4.29800", "-1.30670", "-0.18950"], ["-3.95350", "-1.14650", "1.54410"], ["-2.93890", "0.74490", "-0.64420"], ["-2.59630", "0.90420", "1.07980"], ["-1.44640", "-1.32490", "1.05750"], ["-1.78950", "-1.48470", "-0.66640"], ["-0.45780", "0.58810", "-1.12410"], ["-0.12140", "0.75170", "0.59920"], ["0.67300", "-1.63220", "-1.15550"], ["1.02320", "-1.50240", "0.56650"], ["2.93140", "-0.89140", "-1.01800"], ["1.99030", "0.52360", "-1.52860"], ["3.56680", "2.28770", "-0.58770"], ["4.24500", "2.04310", "1.03690"], ["4.73300", "0.95960", "-0.28720"]], "bond_dist": [[0.0, 1.5203816428778665, 2.5200460987847033, 3.8788216316298954, 5.046976553343597, 6.379667447445831, 6.928806284635183, 6.5968564127165905, 8.25597505204564, 1.0944276769161125, 1.0947231476496695, 1.0946829129935298, 2.1462511712285686, 2.146174862400546, 2.750452960877536, 2.750064822872363, 4.165893758846955, 4.160821190582456, 5.154777145522394, 5.16295340866059, 7.182550329096205, 6.511084574784758, 8.23856998331628, 8.722981807272099, 8.97247436273852], [1.5203816428778665, 0.0, 1.528412895784382, 2.5255181903918253, 3.8865662647123362, 5.068430082382513, 5.572046879738181, 5.33876726688849, 6.8307870307893515, 2.1591694004871407, 2.168558980060261, 2.1686325599326413, 1.0962033798524797, 1.0962388152223037, 2.159187812581388, 2.1590871334895216, 2.7530848897191675, 2.7470545171146497, 4.162572918280231, 4.1757225650179395, 5.962837496527974, 5.122392357092533, 6.7530973552881655, 7.316218228702586, 7.583904839197285], [2.5200460987847033, 1.528412895784382, 0.0, 1.5300264670913375, 2.526934112714457, 3.89611729546224, 4.574680754981707, 4.409371466547132, 5.952739807853187, 3.470704202319754, 2.7819377077857084, 2.7819747770244074, 2.16257868989778, 2.162560856947152, 1.0968155040844383, 1.0968222235166463, 2.159596603535021, 2.157136189488276, 2.7453391338776343, 2.7517936695908, 4.666376689681192, 4.14816432413182, 6.031255651189062, 6.535136296206836, 6.564855837716468], [3.8788216316298954, 2.5255181903918253, 1.5300264670913375, 0.0, 1.5319028232887357, 2.543082564526759, 3.201491705439825, 3.27412708061248, 4.492836864387578, 4.678813790908973, 4.199857076139615, 4.199865499036845, 2.759403341304058, 2.759365022971771, 2.160376092258012, 2.1609012564205705, 1.0968935499855947, 1.0959377035215094, 2.152228637947186, 2.166271698102526, 3.4702732025014975, 2.708824263402851, 4.51071150263459, 5.136834283875625, 5.134052631206657], [5.046976553343597, 3.8865662647123362, 2.526934112714457, 1.5319028232887357, 0.0, 1.527866103426606, 2.5534740922907364, 2.8386345802163406, 3.918756357570601, 5.972475355327973, 5.201094365611914, 5.202328925587079, 4.180844252062016, 4.182332682845782, 2.7549328630658136, 2.7530994061239418, 2.161126567325477, 2.1688184363841985, 1.0970625551899946, 1.09661050970707, 2.151595868187146, 2.1640760129903014, 4.185220414745202, 4.68764569906899, 4.281001179630764], [6.379667447445831, 5.068430082382513, 3.89611729546224, 2.543082564526759, 1.527866103426606, 0.0, 1.5197219252218481, 2.419800989751017, 2.5678945383329124, 7.218948746181815, 6.5885537677095725, 6.59574993310086, 5.191730044021935, 5.2007775226402435, 4.184705785356959, 4.173989656192262, 2.7688727146620513, 2.791156251448492, 2.143653773350538, 2.1677357634176726, 1.0960073950480442, 1.0955161158102604, 2.827310840710657, 3.493701056186691, 2.8291894263198425], [6.928806284635183, 5.572046879738181, 4.574680754981707, 3.201491705439825, 2.5534740922907364, 1.5197219252218481, 0.0, 1.2299763981475418, 1.5067687048780911, 7.688170940477326, 7.345805016470285, 7.025991395525617, 5.81052642537662, 5.402875109605996, 4.670650577810333, 5.137287722135096, 3.5915113058432655, 2.8913563235962463, 3.4666809328232095, 2.7382644302550476, 2.1160981877030185, 2.139285172668665, 2.1375235998697186, 2.1398133890598965, 2.137079872162011], [6.5968564127165905, 5.33876726688849, 4.409371466547132, 3.27412708061248, 2.8386345802163406, 2.419800989751017, 1.2299763981475418, 0.0, 2.38520362862377, 7.340644126369294, 7.1375305701622045, 6.530188950558782, 5.778195834341374, 5.013205404728595, 4.260301754570913, 5.139098020080956, 3.9433648068622817, 2.7064329309997692, 3.882182490558629, 2.6211756236467636, 3.029548807991051, 3.1743031408483975, 3.0944688009414474, 2.5087620054520916, 3.0757811723202932], [8.25597505204564, 6.8307870307893515, 5.952739807853187, 4.492836864387578, 3.918756357570601, 2.5678945383329124, 1.5067687048780911, 2.38520362862377, 0.0, 8.943305424729719, 8.68619002958144, 8.421961668162592, 6.931550542988199, 6.599292289329212, 6.137349573716655, 6.493883125680658, 4.636171484101942, 4.127493648692872, 4.703899550373073, 4.209310772561228, 2.8557013796964137, 2.7271350974970052, 1.0928108848286606, 1.093592186329072, 1.092688285834528], [1.0944276769161125, 2.1591694004871407, 3.470704202319754, 4.678813790908973, 5.972475355327973, 7.218948746181815, 7.688170940477326, 7.340644126369294, 8.943305424729719, 0.0, 1.7719523780282582, 1.7719374198881854, 2.4731326389823898, 2.4730796833098605, 3.7535805133232456, 3.7532636904432914, 4.834517650190141, 4.828472145513526, 6.128740162545643, 6.140010288264996, 8.083729046052941, 7.260959991626452, 8.845433110368308, 9.359571517436041, 9.726657952760547], [1.0947231476496695, 2.168558980060261, 2.7819377077857084, 4.199857076139615, 5.201094365611914, 6.5885537677095725, 7.345805016470285, 7.1375305701622045, 8.68619002958144, 1.7719523780282582, 0.0, 1.7747431504305067, 2.50259214815359, 3.065123845785028, 3.112388600416086, 2.5596268985928394, 4.383021816053395, 4.722610063301859, 5.074440584931506, 5.378197089174029, 7.288560262493546, 6.684751587755524, 8.656405353262983, 9.2578650886692, 9.311531666702315], [1.0946829129935298, 2.1686325599326413, 2.7819747770244074, 4.199865499036845, 5.202328925587079, 6.59574993310086, 7.025991395525617, 6.530188950558782, 8.421961668162592, 1.7719374198881854, 1.7747431504305067, 0.0, 3.0652021156850324, 2.502586026493395, 2.560108694958087, 3.1118459939399314, 4.7273720913420805, 4.379610674477813, 5.3784985730220285, 5.0842806236477545, 7.3505972838946905, 6.896337994907152, 8.53775221999327, 8.811708248120791, 9.123847825890126], [2.1462511712285686, 1.0962033798524797, 2.16257868989778, 2.759403341304058, 4.180844252062016, 5.191730044021935, 5.81052642537662, 5.778195834341374, 6.931550542988199, 2.4731326389823898, 2.50259214815359, 3.0652021156850324, 0.0, 1.7649156495424931, 3.067150335409075, 2.508531315331742, 2.5319453904063565, 3.0796746662594083, 4.354061748528608, 4.7132142100693875, 6.1055406165220125, 5.012798588612951, 6.686370957402827, 7.491317618416669, 7.683202112400791], [2.146174862400546, 1.0962388152223037, 2.162560856947152, 2.759365022971771, 4.182332682845782, 5.2007775226402435, 5.402875109605996, 5.013205404728595, 6.599292289329212, 2.4730796833098605, 3.065123845785028, 2.502586026493395, 1.7649156495424931, 0.0, 2.5083169875436395, 3.067080678756266, 3.087114618863381, 2.5257400143324333, 4.703000482670611, 4.376754585306331, 6.17902997969746, 5.290132935947829, 6.5328730364212655, 6.935583559441844, 7.4558967703422505], [2.750452960877536, 2.159187812581388, 1.0968155040844383, 2.160376092258012, 2.7549328630658136, 4.184705785356959, 4.670650577810333, 4.260301754570913, 6.137349573716655, 3.7535805133232456, 3.112388600416086, 2.560108694958087, 3.067150335409075, 2.5083169875436395, 0.0, 1.7649602998367981, 3.065334813686753, 2.50558006258032, 3.07955494349427, 2.5241852962886857, 4.864232245688933, 4.681428451872356, 6.394508271947109, 6.613310995257972, 6.723997523794903], [2.750064822872363, 2.1590871334895216, 1.0968222235166463, 2.1609012564205705, 2.7530994061239418, 4.173989656192262, 5.137287722135096, 5.139098020080956, 6.493883125680658, 3.7532636904432914, 2.5596268985928394, 3.1118459939399314, 2.508531315331742, 3.067080678756266, 1.7649602998367981, 0.0, 2.505875898762746, 3.0636230071599866, 2.514931671039991, 3.0710970336347243, 4.77100872562606, 4.366182058732778, 6.551881038297323, 7.194566976545565, 6.9757724575848945], [4.165893758846955, 2.7530848897191675, 2.159596603535021, 1.0968935499855947, 2.161126567325477, 2.7688727146620513, 3.5915113058432655, 3.9433648068622817, 4.636171484101942, 4.834517650190141, 4.383021816053395, 4.7273720913420805, 2.5319453904063565, 3.087114618863381, 3.065334813686753, 2.505875898762746, 0.0, 1.7634321109699689, 2.4918721255313243, 3.0694754617035143, 3.6995748539528157, 2.482130961492564, 4.40156452639286, 5.376176507519076, 5.270940950153017], [4.160821190582456, 2.7470545171146497, 2.157136189488276, 1.0959377035215094, 2.1688184363841985, 2.791156251448492, 2.8913563235962463, 2.7064329309997692, 4.127493648692872, 4.828472145513526, 4.722610063301859, 4.379610674477813, 3.0796746662594083, 2.5257400143324333, 2.50558006258032, 3.0636230071599866, 1.7634321109699689, 0.0, 3.0648038534301016, 2.528269222215071, 3.825532811256492, 3.0064662545919254, 4.167834791591432, 4.574357245559206, 4.9390410739332795], [5.154777145522394, 4.162572918280231, 2.7453391338776343, 2.152228637947186, 1.0970625551899946, 2.143653773350538, 3.4666809328232095, 3.882182490558629, 4.703899550373073, 6.128740162545643, 5.074440584931506, 5.3784985730220285, 4.354061748528608, 4.703000482670611, 3.07955494349427, 2.514931671039991, 2.4918721255313243, 3.0648038534301016, 0.0, 1.762036344687589, 2.38076908792096, 2.5538121583233173, 4.905312557829522, 5.574372776375832, 4.8943816902648685], [5.16295340866059, 4.1757225650179395, 2.7517936695908, 2.166271698102526, 1.09661050970707, 2.1677357634176726, 2.7382644302550476, 2.6211756236467636, 4.209310772561228, 6.140010288264996, 5.378197089174029, 5.0842806236477545, 4.7132142100693875, 4.376754585306331, 2.5241852962886857, 3.0710970336347243, 3.0694754617035143, 2.528269222215071, 1.762036344687589, 0.0, 2.554444849668906, 3.0707332056041596, 4.708177631525811, 4.813713914432389, 4.533526632766151], [7.182550329096205, 5.962837496527974, 4.666376689681192, 3.4702732025014975, 2.151595868187146, 1.0960073950480442, 2.1160981877030185, 3.029548807991051, 2.8557013796964137, 8.083729046052941, 7.288560262493546, 7.3505972838946905, 6.1055406165220125, 6.17902997969746, 4.864232245688933, 4.77100872562606, 3.6995748539528157, 3.825532811256492, 2.38076908792096, 2.554444849668906, 0.0, 1.7744313370767548, 3.2704079347995716, 3.8156846331949397, 2.6844053717723035], [6.511084574784758, 5.122392357092533, 4.14816432413182, 2.708824263402851, 2.1640760129903014, 1.0955161158102604, 2.139285172668665, 3.1743031408483975, 2.7271350974970052, 7.260959991626452, 6.684751587755524, 6.896337994907152, 5.012798588612951, 5.290132935947829, 4.681428451872356, 4.366182058732778, 2.482130961492564, 3.0064662545919254, 2.5538121583233173, 3.0707332056041596, 1.7744313370767548, 0.0, 2.546113483331016, 3.7382271988203177, 3.0419686471099596], [8.23856998331628, 6.7530973552881655, 6.031255651189062, 4.51071150263459, 4.185220414745202, 2.827310840710657, 2.1375235998697186, 3.0944688009414474, 1.0928108848286606, 8.845433110368308, 8.656405353262983, 8.53775221999327, 6.686370957402827, 6.5328730364212655, 6.394508271947109, 6.551881038297323, 4.40156452639286, 4.167834791591432, 4.905312557829522, 4.708177631525811, 3.2704079347995716, 2.546113483331016, 0.0, 1.777388409999345, 1.7928112839894774], [8.722981807272099, 7.316218228702586, 6.535136296206836, 5.136834283875625, 4.68764569906899, 3.493701056186691, 2.1398133890598965, 2.5087620054520916, 1.093592186329072, 9.359571517436041, 9.2578650886692, 8.811708248120791, 7.491317618416669, 6.935583559441844, 6.613310995257972, 7.194566976545565, 5.376176507519076, 4.574357245559206, 5.574372776375832, 4.813713914432389, 3.8156846331949397, 3.7382271988203177, 1.777388409999345, 0.0, 1.7791450362463426], [8.97247436273852, 7.583904839197285, 6.564855837716468, 5.134052631206657, 4.281001179630764, 2.8291894263198425, 2.137079872162011, 3.0757811723202932, 1.092688285834528, 9.726657952760547, 9.311531666702315, 9.123847825890126, 7.683202112400791, 7.4558967703422505, 6.723997523794903, 6.9757724575848945, 5.270940950153017, 4.9390410739332795, 4.8943816902648685, 4.533526632766151, 2.6844053717723035, 3.0419686471099596, 1.7928112839894774, 1.7791450362463426, 0.0]]}