{"total energy": -64.59316671, "HOMO-LUMO gap/eV": 3.79845474, "electronic energy": -65.43936002, "dipole": [-0.87453649, 0.97187543, 0.2460347], "partial charges": [0.03651038, -0.29364334, 0.39854471, -0.44395949, -0.16502631, 0.08294683, -0.05015263, -0.02822646, -0.05136869, 0.14990611, -0.30254291, 0.39680982, -0.43635801, -0.16620183, 0.07663999, -0.05763735, -0.03112957, -0.04606594, 0.02185246, -0.10970556, -0.05666587, -0.06314501, 0.06318721, 0.06389632, 0.06517048, 0.19920291, 0.07919767, 0.05312132, 0.05418687, 0.19469387, 0.02839604, 0.03521685, 0.0338573, 0.044263, 0.05229768, 0.04884758, 0.06872689, 0.05435669], "atomic dipole moments": [[-0.23318816, 0.05157967, -0.12136402], [0.18775591, -0.08961128, -0.12468873], [-0.01929142, 0.03372906, 0.13337318], [-0.15143887, 0.07404463, 0.11217207], [0.0354409, -0.01968197, -0.02377355], [0.07061932, 0.0127078, 0.16480864], [-0.0495855, 0.02549434, 0.03632677], [-0.01062324, 0.00357094, 0.01016411], [-0.01521848, 0.01893483, 0.0339403], [-0.26337041, 0.07651498, -0.01441146], [0.04095104, -0.13549371, 0.15589561], [0.0817737, 0.05922929, -0.09308944], [-0.0280984, 0.13039984, -0.13975583], [0.01001161, -0.03022248, 0.02867895], [0.18370233, 0.01817443, -0.07037393], [0.03925936, -0.02274846, 0.01215749], [0.00675462, 0.00264003, -0.0061617], [0.01109545, -0.0016675, 0.00080206], [-0.00682755, -0.06086601, 0.05882511], [0.01682591, 0.0577623, -0.05032918], [-0.00740421, 0.0379999, -0.03762095], [0.02789308, -0.01993512, -0.01169447], [0.08971121, 0.07677946, -0.05466276], [0.02177106, -0.12802446, -0.01081638], [-0.00139737, 0.02679506, 0.12295087], [-0.06991401, 0.04509476, 0.10648136], [0.14839059, -0.05167187, -6.587e-05], [0.07654109, -0.05450378, -0.11995798], [-0.06502631, -0.00894671, -0.14030365], [0.02072596, 0.08678927, -0.10131558], [0.01640396, 0.0989435, -0.11201622], [-0.11208962, 0.08285913, -0.05863365], [-0.14233707, -0.00796449, 0.05075828], [-0.12025749, -0.04578966, -0.00517412], [0.01996891, 0.06132199, 0.11528177], [0.07263389, -0.10777608, -0.00832348], [0.10917795, -0.08963904, 0.0700186], [-0.08214564, 0.05720548, 0.12040817]], "atomic quadrupole moments": [[0.35627717, -0.1542148, -0.26754209, 0.30599753, -0.05500184, -0.08873508], [0.06422016, -0.04701966, -0.09592837, 0.05611314, 0.01286139, 0.0317082], [-0.27094538, 0.22151803, 0.29004914, 0.02903617, -0.09622111, -0.01910376], [-0.05792899, 0.05993241, 0.12172666, -0.03544208, -0.03394479, -0.06379767], [0.02823047, 0.00135508, -0.00620437, 0.05418252, -0.02140714, -0.0220261], [-0.2082746, 0.23060652, 0.26635321, 0.11109967, -0.14125187, -0.05807861], [-0.18627341, 0.23020042, 0.38998992, -0.0403641, -0.15307693, -0.20371651], [-0.16698293, 0.23454833, 0.41980508, -0.04197716, -0.17046304, -0.25282214], [-0.15887457, 0.20157854, 0.38582528, -0.06951765, -0.13029339, -0.22695071], [0.21321604, 0.03006892, 0.24573304, -0.00191918, -0.19098128, -0.45894908], [0.06995426, -0.02625365, -0.04772956, -0.02404951, -0.03729724, -0.0222247], [-0.12588756, 0.17211621, 0.05997104, -0.05318154, 0.32106058, 0.06591652], [-0.08157877, 0.03349108, 0.05228002, 0.02470157, 0.1059942, 0.02929875], [0.04297872, -0.02083603, -0.01437136, 0.01324519, 0.02789043, -0.02860736], [-0.00146668, 0.12473274, 0.01169558, -0.03647796, 0.35377336, -0.01022891], [-0.19520129, 0.08755024, 0.1268618, 0.08193188, 0.325794, 0.06833949], [-0.23867305, 0.11410675, 0.14970564, 0.09126389, 0.3805242, 0.08896742], [-0.23633751, 0.11205542, 0.1446943, 0.09116197, 0.34355602, 0.09164321], [-0.31846966, 0.13606743, 0.17298442, 0.06279085, 0.26067799, 0.14548524], [-0.05696107, 0.01989422, -0.0056695, -0.0419362, -0.15469737, 0.06263057], [-0.22421067, 0.09921452, 0.14162155, 0.07536247, 0.35067634, 0.08258912], [-0.13622516, 0.1973752, 0.33078238, -0.03007763, -0.15803808, -0.19455722], [0.02446854, 0.02964641, -0.01407916, -0.01790926, -0.0409143, -0.01038939], [-0.01398277, -0.01702032, 0.05350701, 0.01730333, 0.02004611, -0.03952423], [-0.02793126, -0.01129307, -0.04613881, -0.00865388, 0.03085294, 0.07407008], [0.03238367, -0.03181579, -0.04752657, -0.00475655, 0.01906191, 0.01514289], [0.0139374, -0.0204568, -0.05011862, 0.02220078, 0.01506095, 0.03618123], [0.0267157, -0.02987099, -0.05457112, 0.01346464, 0.01731551, 0.02785541], [0.02690336, -0.02602401, -0.04713757, 0.01165601, 0.01483201, 0.02023421], [0.01670851, -0.01559537, -0.01196923, -0.00365355, -0.05102284, -0.00473927], [0.03293675, -0.00647471, -0.02280169, -0.02028646, -0.04565445, -0.01013506], [0.0285497, -0.00957944, -0.01972236, -0.01700596, -0.05146108, -0.00882734], [0.02534907, -0.01140037, -0.0169332, -0.01304095, -0.05133131, -0.00841587], [0.07543247, 0.02747743, -0.03604652, 0.01342427, -0.01382136, -0.03938595], [-0.04081361, 0.01586477, -0.00467451, 0.01651386, 0.04843082, 0.04548812], [0.01373707, -0.05992656, 0.02564054, -0.0199721, -0.00300219, -0.0393776], [0.04009174, -0.00775995, -0.02414607, -0.01821866, -0.03567526, -0.01594568], [0.01937842, -0.02084495, -0.04129725, 0.00330137, 0.02007785, 0.02191883]], "number of molecular orbitals": 104, "number of electrons": 114, "number of unpaired electrons": 0, "orbital energies/eV": [-20.24719746, -20.13005325, -19.43847327, -19.3928321, -18.75611272, -18.74591055, -18.23198557, -18.14805515, -17.73399023, -17.5128425, -17.17666103, -17.0844098, -16.86205576, -16.70918014, -16.58732594, -16.54766675, -16.50451624, -16.1758821, -16.05701002, -16.04730649, -15.94340423, -15.74102431, -15.59451721, -15.37655508, -15.2997557, -14.92264193, -14.67597836, -14.42967017, -14.34222334, -14.2325957, -14.13732232, -14.03950962, -13.93401351, -13.90057734, -13.60247209, -13.56382155, -13.40226937, -13.34296898, -13.22957097, -13.15213575, -13.0315368, -12.91876872, -12.79523491, -12.50168294, -12.32349286, -12.29390858, -12.17976239, -12.09111149, -12.02875843, -11.92793114, -11.79482823, -11.41224103, -11.29793387, -11.0891503, -10.82464746, -10.60602338, -10.45031626, -6.65186151, -6.57216254, -6.27368698, -6.1862263, -5.31932077, -5.16344558, -2.78504911, -2.60547308, -1.00774884, -0.5603949, 1.18822635, 1.43820196, 2.48455426, 2.91915387, 3.05491449, 3.13620895, 3.3244076, 3.58194735, 3.92003446, 4.0684997, 4.32095617, 4.36114482, 4.69133291, 4.80127942, 4.88501386, 5.10958902, 5.19616304, 5.37423393, 5.95766234, 6.06856544, 6.32431299, 6.87045147, 7.09942492, 10.01037229, 10.20678495, 10.42468231, 10.69632073, 11.36438159, 11.55962323, 12.0112074, 12.2951762, 16.1562776, 16.34880796, 16.47253984, 16.75204351, 17.64659071, 17.93088907], "fractional occupation": [2.0, 2.0, 2.0, 2.0, 2.0, 2.0, 2.0, 2.0, 2.0, 2.0, 2.0, 2.0, 2.0, 2.0, 2.0, 2.0, 2.0, 2.0, 2.0, 2.0, 2.0, 2.0, 2.0, 2.0, 2.0, 2.0, 2.0, 2.0, 2.0, 2.0, 2.0, 2.0, 2.0, 2.0, 2.0, 2.0, 2.0, 2.0, 2.0, 2.0, 2.0, 2.0, 2.0, 2.0, 2.0, 2.0, 2.0, 2.0, 2.0, 2.0, 2.0, 2.0, 2.0, 2.0, 2.0, 2.0, 2.0, 0.0, 0.0, 0.0, 0.0, 0.0, 0.0, 0.0, 0.0, 0.0, 0.0, 0.0, 0.0, 0.0, 0.0, 0.0, 0.0, 0.0, 0.0, 0.0, 0.0, 0.0, 0.0, 0.0, 0.0, 0.0, 0.0, 0.0, 0.0, 0.0, 0.0, 0.0, 0.0, 0.0, 0.0, 0.0, 0.0, 0.0, 0.0, 0.0, 0.0, 0.0, 0.0, 0.0, 0.0, 0.0, 0.0, 0.0], "program call": "xtb /home/svss/Project-DBcg-Debug/aqme2_20220329/End-to-End-workflows-final/example-3/QDESCP/mol_33_rdkit_conf_3/mol_33_rdkit_conf_3.xyz --pop --wbo --acc 0.2 --gfn 2 --chrg 0 --uhf 0 --etemp 300 --input /home/svss/Project-DBcg-Debug/aqme2_20220329/End-to-End-workflows-final/example-3/QDESCP/mol_33_rdkit_conf_3/mol_33_rdkit_conf_3_xtb.inp", "method": "GFN2-xTB", "xtb version": "6.3.3 (7355c4f)", "Dipole module/D": 3.381, "Total charge": 0, "Transition dipole module/D": NaN, "HOMO": -10.4503, "LUMO": -6.6519, "HOMO occupancy": 2.0, "LUMO occupancy": 0, "mulliken charges": [0.17763, -0.4336, 0.65653, -0.55793, -0.31747, 0.15438, -0.06345, -0.01968, -0.06876, 0.25827, -0.43158, 0.65329, -0.54737, -0.31579, 0.14953, -0.07708, -0.02044, -0.05521, 0.02235, -0.08616, -0.07058, -0.09381, 0.04243, 0.04336, 0.03518, 0.24437, 0.06575, 0.03915, 0.04759, 0.24152, 0.03015, 0.03137, 0.03077, 0.03473, 0.04263, 0.04039, 0.06206, 0.05551], "cm5 charges": [0.05838, -0.51559, 0.77936, -0.60455, -0.65926, 0.20776, -0.11054, -0.07458, -0.11868, 0.27493, -0.48974, 0.77482, -0.59148, -0.65617, 0.20262, -0.12478, -0.07555, -0.10849, 0.00495, -0.2295, -0.11581, -0.13596, 0.10385, 0.1048, 0.09427, 0.44685, 0.13042, 0.09454, 0.1061, 0.4435, 0.08906, 0.08677, 0.08685, 0.08654, 0.09433, 0.09221, 0.12787, 0.11992], "FUKUI+": [0.014, -0.034, -0.03, -0.064, -0.014, -0.03, -0.023, -0.02, -0.03, -0.019, -0.034, -0.028, -0.058, -0.019, -0.026, -0.017, -0.017, -0.032, -0.026, 0.014, -0.013, -0.015, -0.016, -0.016, -0.024, -0.025, -0.039, -0.046, -0.044, -0.026, -0.036, -0.042, -0.046, -0.024, -0.025, -0.02, -0.023, -0.03], "FUKUI-": [0.012, -0.03, -0.002, -0.046, -0.044, -0.024, -0.026, -0.014, -0.032, -0.014, -0.031, -0.003, -0.041, -0.038, -0.025, -0.029, -0.014, -0.04, -0.028, 0.015, -0.009, -0.011, -0.02, -0.019, -0.022, -0.029, -0.038, -0.041, -0.04, -0.029, -0.041, -0.044, -0.049, -0.031, -0.04, -0.029, -0.027, -0.026], "FUKUIrad": [0.013, -0.032, -0.016, -0.055, -0.029, -0.027, -0.025, -0.017, -0.031, -0.016, -0.032, -0.016, -0.049, -0.028, -0.025, -0.023, -0.016, -0.036, -0.027, 0.014, -0.011, -0.013, -0.018, -0.017, -0.023, -0.027, -0.038, -0.044, -0.042, -0.028, -0.039, -0.043, -0.047, -0.028, -0.032, -0.024, -0.025, -0.028], "s proportion": [0.973, 1.693, 0.918, 1.721, 1.416, 1.039, 1.062, 1.062, 1.058, 1.018, 1.694, 0.925, 1.723, 1.418, 1.037, 1.057, 1.059, 1.06, 1.088, 1.008, 1.063, 1.061, 0.958, 0.957, 0.965, 0.756, 0.934, 0.961, 0.952, 0.758, 0.97, 0.969, 0.969, 0.965, 0.957, 0.96, 0.938, 0.944], "p proportion": [2.85, 4.741, 2.426, 4.836, 3.902, 2.807, 3.002, 2.957, 3.011, 2.723, 4.738, 2.422, 4.825, 3.898, 2.813, 3.02, 2.962, 2.996, 2.89, 3.078, 3.007, 3.033, 0.0, 0.0, 0.0, 0.0, 0.0, 0.0, 0.0, 0.0, 0.0, 0.0, 0.0, 0.0, 0.0, 0.0, 0.0, 0.0], "d proportion": [0.0, 0.0, 0.0, 0.0, 0.0, 0.0, 0.0, 0.0, 0.0, 0.0, 0.0, 0.0, 0.0, 0.0, 0.0, 0.0, 0.0, 0.0, 0.0, 0.0, 0.0, 0.0, 0.0, 0.0, 0.0, 0.0, 0.0, 0.0, 0.0, 0.0, 0.0, 0.0, 0.0, 0.0, 0.0, 0.0, 0.0, 0.0], "Fermi-level/eV": -8.5511, "Coordination numbers": [3.655, 1.707, 2.657, 0.856, 2.694, 2.897, 2.914, 2.913, 2.91, 2.857, 1.706, 2.637, 0.856, 2.692, 2.895, 2.92, 2.909, 2.914, 2.96, 3.755, 2.917, 2.918, 0.924, 0.924, 0.924, 0.86, 0.925, 0.925, 0.925, 0.86, 0.925, 0.925, 0.925, 0.924, 0.924, 0.924, 0.925, 0.925], "Dispersion coefficient C6": [20.254, 18.881, 20.273, 22.58, 24.57, 26.15, 29.245, 28.706, 29.275, 24.743, 19.037, 20.304, 22.421, 24.596, 26.287, 29.432, 28.776, 29.144, 27.517, 22.654, 29.408, 29.571, 2.162, 2.154, 2.14, 1.11, 1.987, 2.281, 2.268, 1.133, 2.609, 2.513, 2.532, 2.393, 2.292, 2.334, 2.1, 2.266], "Total dispersion C6": 17700.701476, "Total dispersion C8": 420712.6607, "Polarizability alpha": [6.461, 5.867, 7.367, 6.371, 7.362, 8.385, 8.868, 8.786, 8.872, 8.153, 5.891, 7.371, 6.349, 7.366, 8.406, 8.897, 8.796, 8.852, 8.604, 6.787, 8.893, 8.917, 2.3, 2.295, 2.287, 1.65, 2.205, 2.362, 2.355, 1.668, 2.526, 2.479, 2.489, 2.419, 2.367, 2.389, 2.266, 2.354], "Total polarizability alpha": 208.030845, "Wiberg matrix": [[0.0, 0.9582628221145594, 0.0, 0.0, 0.0, 0.0, 0.0, 0.0, 0.0, 0.0, 0.0, 0.0, 0.0, 0.0, 0.0, 0.0, 0.0, 0.0, 0.0, 0.0, 0.0, 0.0, 0.9788096732228875, 0.9787505757507147, 0.9817220913397212, 0.0, 0.0, 0.0, 0.0, 0.0, 0.0, 0.0, 0.0, 0.0, 0.0, 0.0, 0.0, 0.0], [0.9582628221145594, 0.0, 1.058546397974145, 0.13786106688862615, 0.0, 0.0, 0.0, 0.0, 0.0, 0.0, 0.0, 0.0, 0.0, 0.0, 0.0, 0.0, 0.0, 0.0, 0.0, 0.0, 0.0, 0.0, 0.0, 0.0, 0.0, 0.0, 0.0, 0.0, 0.0, 0.0, 0.0, 0.0, 0.0, 0.0, 0.0, 0.0, 0.0, 0.0], [0.0, 1.058546397974145, 0.0, 1.6536585199928087, 1.1710867741910131, 0.0, 0.0, 0.0, 0.0, 0.0, 0.0, 0.0, 0.0, 0.0, 0.0, 0.0, 0.0, 0.0, 0.0, 0.0, 0.0, 0.0, 0.0, 0.0, 0.0, 0.0, 0.0, 0.0, 0.0, 0.0, 0.0, 0.0, 0.0, 0.0, 0.0, 0.0, 0.0, 0.0], [0.0, 0.13786106688862615, 1.6536585199928087, 0.0, 0.14366612221796124, 0.0, 0.0, 0.0, 0.0, 0.0, 0.0, 0.0, 0.0, 0.0, 0.0, 0.0, 0.0, 0.0, 0.0, 0.0, 0.0, 0.0, 0.0, 0.0, 0.0, 0.0, 0.0, 0.0, 0.0, 0.0, 0.0, 0.0, 0.0, 0.0, 0.0, 0.0, 0.0, 0.0], [0.0, 0.0, 1.1710867741910131, 0.14366612221796124, 0.0, 1.074451886000288, 0.0, 0.0, 0.0, 0.0, 0.0, 0.0, 0.0, 0.0, 0.0, 0.0, 0.0, 0.0, 0.0, 0.0, 0.0, 0.0, 0.0, 0.0, 0.0, 0.9276657594343676, 0.0, 0.0, 0.0, 0.0, 0.0, 0.0, 0.0, 0.0, 0.0, 0.0, 0.0, 0.0], [0.0, 0.0, 0.0, 0.0, 1.074451886000288, 0.0, 1.3744809163199943, 0.0, 0.0, 0.0, 0.0, 0.0, 0.0, 0.0, 0.0, 0.0, 0.0, 0.0, 0.0, 0.0, 0.0, 1.3668141691750715, 0.0, 0.0, 0.0, 0.0, 0.0, 0.0, 0.0, 0.0, 0.0, 0.0, 0.0, 0.0, 0.0, 0.0, 0.0, 0.0], [0.0, 0.0, 0.0, 0.0, 0.0, 1.3744809163199943, 0.0, 1.441413599711757, 0.0, 0.0, 0.0, 0.0, 0.0, 0.0, 0.0, 0.0, 0.0, 0.0, 0.0, 0.0, 0.0, 0.0, 0.0, 0.0, 0.0, 0.0, 0.9615657004813023, 0.0, 0.0, 0.0, 0.0, 0.0, 0.0, 0.0, 0.0, 0.0, 0.0, 0.0], [0.0, 0.0, 0.0, 0.0, 0.0, 0.0, 1.441413599711757, 0.0, 1.4396087526652455, 0.0, 0.0, 0.0, 0.0, 0.0, 0.0, 0.0, 0.0, 0.0, 0.0, 0.0, 0.0, 0.1064618787700084, 0.0, 0.0, 0.0, 0.0, 0.0, 0.9696419244248484, 0.0, 0.0, 0.0, 0.0, 0.0, 0.0, 0.0, 0.0, 0.0, 0.0], [0.0, 0.0, 0.0, 0.0, 0.0, 0.0, 0.0, 1.4396087526652455, 0.0, 1.3874912738871417, 0.0, 0.0, 0.0, 0.0, 0.0, 0.0, 0.0, 0.0, 0.0, 0.0, 0.0, 0.0, 0.0, 0.0, 0.0, 0.0, 0.0, 0.0, 0.9676050285232722, 0.0, 0.0, 0.0, 0.0, 0.0, 0.0, 0.0, 0.0, 0.0], [0.0, 0.0, 0.0, 0.0, 0.0, 0.0, 0.0, 0.0, 1.3874912738871417, 0.0, 0.9709288446870943, 0.0, 0.0, 0.0, 0.0, 0.0, 0.0, 0.0, 0.0, 0.0, 0.0, 1.4088210269563577, 0.0, 0.0, 0.0, 0.0, 0.0, 0.0, 0.0, 0.0, 0.0, 0.0, 0.0, 0.0, 0.0, 0.0, 0.0, 0.0], [0.0, 0.0, 0.0, 0.0, 0.0, 0.0, 0.0, 0.0, 0.0, 0.9709288446870943, 0.0, 1.0115620398436043, 0.1318255255931565, 0.0, 0.0, 0.0, 0.0, 0.0, 0.0, 0.0, 0.0, 0.0, 0.0, 0.0, 0.0, 0.0, 0.0, 0.0, 0.0, 0.0, 0.0, 0.0, 0.0, 0.0, 0.0, 0.0, 0.0, 0.0], [0.0, 0.0, 0.0, 0.0, 0.0, 0.0, 0.0, 0.0, 0.0, 0.0, 1.0115620398436043, 0.0, 1.6659045617375436, 1.1871164844017568, 0.0, 0.0, 0.0, 0.0, 0.0, 0.0, 0.0, 0.0, 0.0, 0.0, 0.0, 0.0, 0.0, 0.0, 0.0, 0.0, 0.0, 0.0, 0.0, 0.0, 0.0, 0.0, 0.0, 0.0], [0.0, 0.0, 0.0, 0.0, 0.0, 0.0, 0.0, 0.0, 0.0, 0.0, 0.1318255255931565, 1.6659045617375436, 0.0, 0.15045265829932933, 0.0, 0.0, 0.0, 0.0, 0.0, 0.0, 0.0, 0.0, 0.0, 0.0, 0.0, 0.0, 0.0, 0.0, 0.0, 0.0, 0.0, 0.0, 0.0, 0.0, 0.0, 0.0, 0.0, 0.0], [0.0, 0.0, 0.0, 0.0, 0.0, 0.0, 0.0, 0.0, 0.0, 0.0, 0.0, 1.1871164844017568, 0.15045265829932933, 0.0, 1.0599548187134313, 0.0, 0.0, 0.0, 0.0, 0.0, 0.0, 0.0, 0.0, 0.0, 0.0, 0.0, 0.0, 0.0, 0.0, 0.9295978809016767, 0.0, 0.0, 0.0, 0.0, 0.0, 0.0, 0.0, 0.0], [0.0, 0.0, 0.0, 0.0, 0.0, 0.0, 0.0, 0.0, 0.0, 0.0, 0.0, 0.0, 0.0, 1.0599548187134313, 0.0, 1.3658333217762653, 0.0, 0.0, 0.0, 0.0, 1.3842047183150272, 0.0, 0.0, 0.0, 0.0, 0.0, 0.0, 0.0, 0.0, 0.0, 0.0, 0.0, 0.0, 0.0, 0.0, 0.0, 0.0, 0.0], [0.0, 0.0, 0.0, 0.0, 0.0, 0.0, 0.0, 0.0, 0.0, 0.0, 0.0, 0.0, 0.0, 0.0, 1.3658333217762653, 0.0, 1.4482821980594058, 0.0, 0.10531540966835308, 0.0, 0.0, 0.0, 0.0, 0.0, 0.0, 0.0, 0.0, 0.0, 0.0, 0.0, 0.9679932018640314, 0.0, 0.0, 0.0, 0.0, 0.0, 0.0, 0.0], [0.0, 0.0, 0.0, 0.0, 0.0, 0.0, 0.0, 0.0, 0.0, 0.0, 0.0, 0.0, 0.0, 0.0, 0.0, 1.4482821980594058, 0.0, 1.4365434483412356, 0.0, 0.0, 0.10601456186718725, 0.0, 0.0, 0.0, 0.0, 0.0, 0.0, 0.0, 0.0, 0.0, 0.0, 0.9711248801791749, 0.0, 0.0, 0.0, 0.0, 0.0, 0.0], [0.0, 0.0, 0.0, 0.0, 0.0, 0.0, 0.0, 0.0, 0.0, 0.0, 0.0, 0.0, 0.0, 0.0, 0.0, 0.0, 1.4365434483412356, 0.0, 1.409005073055612, 0.0, 0.0, 0.0, 0.0, 0.0, 0.0, 0.0, 0.0, 0.0, 0.0, 0.0, 0.0, 0.0, 0.9694700924633102, 0.0, 0.0, 0.0, 0.0, 0.0], [0.0, 0.0, 0.0, 0.0, 0.0, 0.0, 0.0, 0.0, 0.0, 0.0, 0.0, 0.0, 0.0, 0.0, 0.0, 0.10531540966835308, 0.0, 1.409005073055612, 0.0, 1.0274398373153986, 1.411451221119125, 0.0, 0.0, 0.0, 0.0, 0.0, 0.0, 0.0, 0.0, 0.0, 0.0, 0.0, 0.0, 0.0, 0.0, 0.0, 0.0, 0.0], [0.0, 0.0, 0.0, 0.0, 0.0, 0.0, 0.0, 0.0, 0.0, 0.0, 0.0, 0.0, 0.0, 0.0, 0.0, 0.0, 0.0, 0.0, 1.0274398373153986, 0.0, 0.0, 0.0, 0.0, 0.0, 0.0, 0.0, 0.0, 0.0, 0.0, 0.0, 0.0, 0.0, 0.0, 0.9822926577719059, 0.9665147432096133, 0.980308562134743, 0.0, 0.0], [0.0, 0.0, 0.0, 0.0, 0.0, 0.0, 0.0, 0.0, 0.0, 0.0, 0.0, 0.0, 0.0, 0.0, 1.3842047183150272, 0.0, 0.10601456186718725, 0.0, 1.411451221119125, 0.0, 0.0, 0.0, 0.0, 0.0, 0.0, 0.0, 0.0, 0.0, 0.0, 0.0, 0.0, 0.0, 0.0, 0.0, 0.0, 0.0, 0.9611961526039637, 0.0], [0.0, 0.0, 0.0, 0.0, 0.0, 1.3668141691750715, 0.0, 0.1064618787700084, 0.0, 1.4088210269563577, 0.0, 0.0, 0.0, 0.0, 0.0, 0.0, 0.0, 0.0, 0.0, 0.0, 0.0, 0.0, 0.0, 0.0, 0.0, 0.0, 0.0, 0.0, 0.0, 0.0, 0.0, 0.0, 0.0, 0.0, 0.0, 0.0, 0.0, 0.964061363314733], [0.9788096732228875, 0.0, 0.0, 0.0, 0.0, 0.0, 0.0, 0.0, 0.0, 0.0, 0.0, 0.0, 0.0, 0.0, 0.0, 0.0, 0.0, 0.0, 0.0, 0.0, 0.0, 0.0, 0.0, 0.0, 0.0, 0.0, 0.0, 0.0, 0.0, 0.0, 0.0, 0.0, 0.0, 0.0, 0.0, 0.0, 0.0, 0.0], [0.9787505757507147, 0.0, 0.0, 0.0, 0.0, 0.0, 0.0, 0.0, 0.0, 0.0, 0.0, 0.0, 0.0, 0.0, 0.0, 0.0, 0.0, 0.0, 0.0, 0.0, 0.0, 0.0, 0.0, 0.0, 0.0, 0.0, 0.0, 0.0, 0.0, 0.0, 0.0, 0.0, 0.0, 0.0, 0.0, 0.0, 0.0, 0.0], [0.9817220913397212, 0.0, 0.0, 0.0, 0.0, 0.0, 0.0, 0.0, 0.0, 0.0, 0.0, 0.0, 0.0, 0.0, 0.0, 0.0, 0.0, 0.0, 0.0, 0.0, 0.0, 0.0, 0.0, 0.0, 0.0, 0.0, 0.0, 0.0, 0.0, 0.0, 0.0, 0.0, 0.0, 0.0, 0.0, 0.0, 0.0, 0.0], [0.0, 0.0, 0.0, 0.0, 0.9276657594343676, 0.0, 0.0, 0.0, 0.0, 0.0, 0.0, 0.0, 0.0, 0.0, 0.0, 0.0, 0.0, 0.0, 0.0, 0.0, 0.0, 0.0, 0.0, 0.0, 0.0, 0.0, 0.0, 0.0, 0.0, 0.0, 0.0, 0.0, 0.0, 0.0, 0.0, 0.0, 0.0, 0.0], [0.0, 0.0, 0.0, 0.0, 0.0, 0.0, 0.9615657004813023, 0.0, 0.0, 0.0, 0.0, 0.0, 0.0, 0.0, 0.0, 0.0, 0.0, 0.0, 0.0, 0.0, 0.0, 0.0, 0.0, 0.0, 0.0, 0.0, 0.0, 0.0, 0.0, 0.0, 0.0, 0.0, 0.0, 0.0, 0.0, 0.0, 0.0, 0.0], [0.0, 0.0, 0.0, 0.0, 0.0, 0.0, 0.0, 0.9696419244248484, 0.0, 0.0, 0.0, 0.0, 0.0, 0.0, 0.0, 0.0, 0.0, 0.0, 0.0, 0.0, 0.0, 0.0, 0.0, 0.0, 0.0, 0.0, 0.0, 0.0, 0.0, 0.0, 0.0, 0.0, 0.0, 0.0, 0.0, 0.0, 0.0, 0.0], [0.0, 0.0, 0.0, 0.0, 0.0, 0.0, 0.0, 0.0, 0.9676050285232722, 0.0, 0.0, 0.0, 0.0, 0.0, 0.0, 0.0, 0.0, 0.0, 0.0, 0.0, 0.0, 0.0, 0.0, 0.0, 0.0, 0.0, 0.0, 0.0, 0.0, 0.0, 0.0, 0.0, 0.0, 0.0, 0.0, 0.0, 0.0, 0.0], [0.0, 0.0, 0.0, 0.0, 0.0, 0.0, 0.0, 0.0, 0.0, 0.0, 0.0, 0.0, 0.0, 0.9295978809016767, 0.0, 0.0, 0.0, 0.0, 0.0, 0.0, 0.0, 0.0, 0.0, 0.0, 0.0, 0.0, 0.0, 0.0, 0.0, 0.0, 0.0, 0.0, 0.0, 0.0, 0.0, 0.0, 0.0, 0.0], [0.0, 0.0, 0.0, 0.0, 0.0, 0.0, 0.0, 0.0, 0.0, 0.0, 0.0, 0.0, 0.0, 0.0, 0.0, 0.9679932018640314, 0.0, 0.0, 0.0, 0.0, 0.0, 0.0, 0.0, 0.0, 0.0, 0.0, 0.0, 0.0, 0.0, 0.0, 0.0, 0.0, 0.0, 0.0, 0.0, 0.0, 0.0, 0.0], [0.0, 0.0, 0.0, 0.0, 0.0, 0.0, 0.0, 0.0, 0.0, 0.0, 0.0, 0.0, 0.0, 0.0, 0.0, 0.0, 0.9711248801791749, 0.0, 0.0, 0.0, 0.0, 0.0, 0.0, 0.0, 0.0, 0.0, 0.0, 0.0, 0.0, 0.0, 0.0, 0.0, 0.0, 0.0, 0.0, 0.0, 0.0, 0.0], [0.0, 0.0, 0.0, 0.0, 0.0, 0.0, 0.0, 0.0, 0.0, 0.0, 0.0, 0.0, 0.0, 0.0, 0.0, 0.0, 0.0, 0.9694700924633102, 0.0, 0.0, 0.0, 0.0, 0.0, 0.0, 0.0, 0.0, 0.0, 0.0, 0.0, 0.0, 0.0, 0.0, 0.0, 0.0, 0.0, 0.0, 0.0, 0.0], [0.0, 0.0, 0.0, 0.0, 0.0, 0.0, 0.0, 0.0, 0.0, 0.0, 0.0, 0.0, 0.0, 0.0, 0.0, 0.0, 0.0, 0.0, 0.0, 0.9822926577719059, 0.0, 0.0, 0.0, 0.0, 0.0, 0.0, 0.0, 0.0, 0.0, 0.0, 0.0, 0.0, 0.0, 0.0, 0.0, 0.0, 0.0, 0.0], [0.0, 0.0, 0.0, 0.0, 0.0, 0.0, 0.0, 0.0, 0.0, 0.0, 0.0, 0.0, 0.0, 0.0, 0.0, 0.0, 0.0, 0.0, 0.0, 0.9665147432096133, 0.0, 0.0, 0.0, 0.0, 0.0, 0.0, 0.0, 0.0, 0.0, 0.0, 0.0, 0.0, 0.0, 0.0, 0.0, 0.0, 0.0, 0.0], [0.0, 0.0, 0.0, 0.0, 0.0, 0.0, 0.0, 0.0, 0.0, 0.0, 0.0, 0.0, 0.0, 0.0, 0.0, 0.0, 0.0, 0.0, 0.0, 0.980308562134743, 0.0, 0.0, 0.0, 0.0, 0.0, 0.0, 0.0, 0.0, 0.0, 0.0, 0.0, 0.0, 0.0, 0.0, 0.0, 0.0, 0.0, 0.0], [0.0, 0.0, 0.0, 0.0, 0.0, 0.0, 0.0, 0.0, 0.0, 0.0, 0.0, 0.0, 0.0, 0.0, 0.0, 0.0, 0.0, 0.0, 0.0, 0.0, 0.9611961526039637, 0.0, 0.0, 0.0, 0.0, 0.0, 0.0, 0.0, 0.0, 0.0, 0.0, 0.0, 0.0, 0.0, 0.0, 0.0, 0.0, 0.0], [0.0, 0.0, 0.0, 0.0, 0.0, 0.0, 0.0, 0.0, 0.0, 0.0, 0.0, 0.0, 0.0, 0.0, 0.0, 0.0, 0.0, 0.0, 0.0, 0.0, 0.0, 0.964061363314733, 0.0, 0.0, 0.0, 0.0, 0.0, 0.0, 0.0, 0.0, 0.0, 0.0, 0.0, 0.0, 0.0, 0.0, 0.0, 0.0]], "Born radii": [], "Atomic SASAs": [], "Solvent H bonds": [], "Total SASA": NaN, "Total FOD": 0.0, "FOD": [0.0, 0.0, 0.0, 0.0, 0.0, 0.0, 0.0, 0.0, 0.0, 0.0, 0.0, 0.0, 0.0, 0.0, 0.0, 0.0, 0.0, 0.0, 0.0, 0.0, 0.0, 0.0, 0.0, 0.0, 0.0, 0.0, 0.0, 0.0, 0.0, 0.0, 0.0, 0.0, 0.0, 0.0, 0.0, 0.0, 0.0, 0.0], "FOD s proportion": [0.0, 0.0, 0.0, 0.0, 0.0, 0.0, 0.0, 0.0, 0.0, 0.0, 0.0, 0.0, 0.0, 0.0, 0.0, 0.0, 0.0, 0.0, 0.0, 0.0, 0.0, 0.0, 0.0, 0.0, 0.0, 0.0, 0.0, 0.0, 0.0, 0.0, 0.0, 0.0, 0.0, 0.0, 0.0, 0.0, 0.0, 0.0], "FOD p proportion": [0.0, 0.0, 0.0, 0.0, 0.0, 0.0, 0.0, 0.0, 0.0, 0.0, 0.0, 0.0, 0.0, 0.0, 0.0, 0.0, 0.0, 0.0, 0.0, 0.0, 0.0, 0.0, 0.0, 0.0, 0.0, 0.0, 0.0, 0.0, 0.0, 0.0, 0.0, 0.0, 0.0, 0.0, 0.0, 0.0, 0.0, 0.0], "FOD d proportion": [0.0, 0.0, 0.0, 0.0, 0.0, 0.0, 0.0, 0.0, 0.0, 0.0, 0.0, 0.0, 0.0, 0.0, 0.0, 0.0, 0.0, 0.0, 0.0, 0.0, 0.0, 0.0, 0.0, 0.0, 0.0, 0.0, 0.0, 0.0, 0.0, 0.0, 0.0, 0.0, 0.0, 0.0, 0.0, 0.0, 0.0, 0.0], "coordinates": [["6.46110", "-0.22130", "3.27820"], ["5.18340", "0.08330", "2.71690"], ["5.08650", "-0.17490", "1.38370"], ["6.00090", "-0.62100", "0.70840"], ["3.82390", "0.15610", "0.98330"], ["3.25440", "0.05170", "-0.29700"], ["3.93550", "-0.44740", "-1.41150"], ["3.30330", "-0.52260", "-2.65840"], ["1.98340", "-0.10380", "-2.80120"], ["1.30140", "0.37700", "-1.68760"], ["-0.00880", "0.84070", "-1.89400"], ["-1.01730", "0.34080", "-1.07090"], ["-0.84730", "-0.49270", "-0.19320"], ["-2.19170", "0.95060", "-1.42850"], ["-3.47450", "0.76770", "-0.88380"], ["-4.51470", "1.52810", "-1.43110"], ["-5.81630", "1.41000", "-0.94040"], ["-6.09180", "0.52560", "0.10000"], ["-5.06920", "-0.25430", "0.64900"], ["-5.35250", "-1.18620", "1.79080"], ["-3.75980", "-0.11740", "0.15900"], ["1.92880", "0.47630", "-0.44420"], ["7.24080", "0.38870", "2.81120"], ["6.68380", "-1.28750", "3.17050"], ["6.42770", "0.01830", "4.34470"], ["3.24420", "0.50630", "1.73310"], ["4.96430", "-0.78870", "-1.34390"], ["3.84870", "-0.90970", "-3.51560"], ["1.49500", "-0.15610", "-3.76940"], ["-2.09420", "1.61290", "-2.18510"], ["-4.32800", "2.22590", "-2.24310"], ["-6.61550", "2.00970", "-1.36830"], ["-7.10830", "0.44630", "0.47900"], ["-6.38890", "-1.53880", "1.76120"], ["-5.18120", "-0.67410", "2.74260"], ["-4.70800", "-2.07020", "1.74130"], ["-2.97830", "-0.72060", "0.61220"], ["1.37920", "0.87680", "0.40230"]], "bond_dist": [[0.0, 1.4284103542049815, 2.3411126350519744, 2.641101317632476, 3.5162224915383273, 4.810354345575802, 5.331328414194721, 6.730951053900185, 7.551338152936869, 7.186072405702575, 8.350994123456202, 8.669319107057948, 8.095491737998378, 9.91954244610103, 10.817417083574064, 12.070877867412959, 13.084046637413058, 12.97050936779277, 11.826309641219446, 11.945900373349847, 10.686767549638198, 5.906322951718776, 1.0945871778894545, 1.094521365711972, 1.0935931464671855, 3.6421396705782714, 4.89143756067682, 7.311241123092577, 8.62177858739135, 10.31528451473831, 12.364393245930025, 14.055774287103503, 13.871186926863901, 13.006136830358198, 11.663406213023706, 11.424941471622514, 9.821360845117136, 5.9415765609811], [1.4284103542049815, 0.0, 1.3614253890683836, 2.280003725874148, 2.2042933221329686, 3.578495880953337, 4.345409469773821, 5.726756578552994, 6.381569871121055, 5.878418489696017, 6.985198236986549, 7.270654412086988, 6.720848197958349, 8.50462523924482, 9.401737938275028, 10.646431075717347, 11.667449432930917, 11.583347095723239, 10.46451102202105, 10.652440108726264, 9.30397544816193, 4.554055705632068, 2.082079827960494, 2.0823174013584, 2.049936664875283, 2.215239959914049, 4.1591447979121865, 6.450699910862387, 7.4655002920099065, 8.90689294423145, 10.938878586034312, 12.633840160853707, 12.499034134684166, 11.724448737147515, 10.392268684459616, 10.170012368232403, 8.466957197836777, 4.523157420430998], [2.3411126350519744, 1.3614253890683836, 0.0, 1.2211317127975996, 1.3652984728622528, 2.4965356917136194, 3.0351606695527664, 4.4316215926001625, 5.2103428706755945, 4.905553924889624, 6.1430320477757565, 6.599044028493823, 6.1479746982237975, 7.883363135743526, 8.906220972443926, 10.149204376698698, 11.25985775487417, 11.273552094615077, 10.182550316104507, 10.495769581121719, 8.930857743240566, 3.706258104881526, 2.6450727211175122, 2.642328573436695, 3.2563268693422036, 1.995039621160442, 2.7984790583458006, 5.106390150585833, 6.281215272540816, 8.215534965539371, 10.37064747882214, 12.218133456465434, 12.244080960611132, 11.562332576950034, 10.369256151720815, 9.982598364153493, 8.119975355873933, 3.9765930317295486], [2.641101317632476, 2.280003725874148, 1.2211317127975996, 0.0, 2.3278280477732882, 3.0011025807192926, 2.9647917515400635, 4.315329716255758, 5.359579671018988, 5.368623683030875, 6.710107803903004, 7.303841384504459, 6.908486570154131, 8.611327593931145, 9.708078784702975, 10.944127851044138, 12.103293695519415, 12.162164092380928, 11.07633112813083, 11.418876142598272, 9.78911220744762, 4.3720192657398025, 2.6417066339773614, 2.6405512814562035, 3.7166571566395517, 3.149636529823719, 2.305341219863125, 4.7494724475461485, 6.369455209042607, 8.882189790248798, 11.11316188445035, 13.05399610617377, 13.154576324990478, 12.468275290512317, 11.365744571298439, 10.855763550298985, 8.980267659708144, 4.867978321644417], [3.5162224915383273, 2.2042933221329686, 1.3652984728622528, 2.3278280477732882, 0.0, 1.405132627192181, 2.4721921142985632, 3.7408069904767873, 4.216328795290994, 3.680422512429789, 4.841190116076831, 5.26223043680149, 4.860576419520632, 6.529582900155263, 7.558224628178234, 8.788854380407038, 9.90991134874576, 9.961819895480946, 8.908838996188, 9.309142951958576, 7.633267873591231, 2.3940944634663017, 3.882077637039218, 3.879027302043645, 4.254147768942682, 1.010392087261178, 2.758445040235531, 4.623488497876901, 5.301829999160667, 6.869128941139481, 9.008174210682208, 10.860337374133456, 10.947672417916056, 10.381671265263604, 9.212827716830484, 8.850101315804244, 6.868496410423464, 2.614101677441029], [4.810354345575802, 3.578495880953337, 2.4965356917136194, 3.0011025807192926, 1.405132627192181, 0.0, 1.3982518621478752, 2.430724513391018, 2.8125858013578893, 2.4194622233050054, 3.717714921830344, 4.350852894548378, 4.138971936362942, 5.634564638905121, 6.79228131410942, 7.989045911746909, 9.19437550571, 9.366623972915749, 8.38277215245649, 8.942596539037194, 7.031040637771908, 1.3997029542013548, 5.066148556842762, 5.0574496784446605, 5.622839793200585, 2.0804016943850048, 2.173943370927587, 3.4112854483317574, 3.8982343387744147, 5.883008499908868, 8.12448402115482, 10.119109333335617, 10.399203644991283, 9.987948356894924, 8.995849107227176, 8.48863594813678, 6.345836526416355, 2.164759926643137], [5.331328414194721, 4.345409469773821, 3.0351606695527664, 2.9647917515400635, 2.4721921142985632, 1.3982518621478752, 0.0, 1.4000326746187033, 2.4207481199001273, 2.7738690271892796, 4.177261106275259, 5.026678370454986, 4.9357352866619575, 6.284685580042967, 7.5274853237983805, 8.678068013676778, 9.938283212406455, 10.187153996087426, 9.239457232435248, 9.852283731704036, 7.860853155987586, 2.4115836850501378, 5.427270639096598, 5.4086638738231825, 6.289815241324661, 3.35796791825056, 1.0860409246432654, 2.1560362566524707, 3.4059636448441433, 6.418767415945214, 8.724879580830903, 10.83341163484523, 11.240027063134681, 10.855893082100616, 10.021085699164535, 9.342575658243286, 7.209065845863804, 3.402652754837026], [6.730951053900185, 5.726756578552994, 4.4316215926001625, 4.315329716255758, 3.7408069904767873, 2.430724513391018, 1.4000326746187033, 0.0, 1.392092414317383, 2.399861748101336, 3.662362715515764, 4.683289460411347, 4.827585878055407, 5.820480843538616, 7.124089562182665, 8.175130566541432, 9.479112348738147, 9.84760873562714, 9.006088823679233, 9.754927946427896, 7.615071333218094, 2.7910093335565898, 6.800801283672388, 6.781513656256986, 7.687513107631101, 4.510809269964758, 2.1348631009973444, 1.0872439514662753, 2.153739106762934, 5.823862926786653, 8.121789582967537, 10.31792104738159, 10.917117775768475, 10.700666682034349, 10.05885150004711, 9.270024462750895, 7.084809589537322, 3.876643607555381], [7.551338152936869, 6.381569871121055, 5.2103428706755945, 5.359579671018988, 4.216328795290994, 2.8125858013578893, 2.4207481199001273, 1.392092414317383, 0.0, 1.391545040593369, 2.384104219617926, 3.4922496674779713, 3.8685617094729152, 4.519681920224033, 5.850180118594641, 6.838536044359203, 8.16023818096016, 8.603601620251835, 7.852750922447496, 8.722011383276223, 6.461216235353836, 2.4279510229821364, 7.70596163823828, 7.69130071834407, 8.416091593489224, 4.745704914973117, 3.388004738780629, 2.1538770299160532, 1.0856708018547794, 4.466929578580795, 6.750759043248397, 8.970014819943165, 9.680977788426125, 9.642101744433107, 9.076918733248634, 8.323212671198544, 6.053941582968902, 3.4042688275164172], [7.186072405702575, 5.878418489696017, 4.905553924889624, 5.368623683030875, 3.680422512429789, 2.4194622233050054, 2.7738690271892796, 2.399861748101336, 1.391545040593369, 0.0, 1.40507746761522, 2.3995830929559405, 2.757992229865777, 3.5493516844629527, 4.858802500616792, 5.934462289879345, 7.230978504324294, 7.607693603188814, 6.814894247895561, 7.669240249855262, 5.410185612342704, 1.3962574297027037, 7.450893281345533, 7.43921539007979, 7.924409168512185, 3.9360359271734295, 3.8592515582687787, 3.389088104490646, 2.1576764840911626, 3.647609411655804, 5.951231454077384, 8.089806387670844, 8.684584741943624, 8.643218449744285, 7.92184233685574, 7.338871262667033, 4.980927412641144, 2.150240658624053], [8.350994123456202, 6.985198236986549, 6.1430320477757565, 6.710107803903004, 4.841190116076831, 3.717714921830344, 4.177261106275259, 3.662362715515764, 2.384104219617926, 1.40507746761522, 0.0, 1.3944410600667208, 2.318136848850818, 2.234685810130811, 3.6106660784403752, 4.581476833947761, 5.912741470756184, 6.40922873753153, 5.768320566681433, 6.800088553835163, 4.3820960292992215, 2.4472435841166282, 8.654473479074275, 8.65848082806678, 9.001458309629612, 4.883614109448043, 5.262060241008268, 4.535834319064135, 2.602335458775444, 2.2427494755322095, 4.549300879256065, 6.729889031774595, 7.495970958454949, 7.728401083018401, 7.109599170136105, 6.6159825831088765, 4.187675534231371, 2.6834382608884444], [8.669319107057948, 7.270654412086988, 6.599044028493823, 7.303841384504459, 5.26223043680149, 4.350852894548378, 5.026678370454986, 4.683289460411347, 3.4922496674779713, 2.3995830929559405, 1.3944410600667208, 0.0, 1.2222845577033197, 1.3707476645976822, 2.5010161654815426, 3.7109610736303877, 4.918396068841955, 5.2111139020366855, 4.4418570024259, 5.414334209300346, 3.040379499338857, 3.015065231466809, 9.125196459802934, 8.941352026399587, 9.21198972046756, 5.1039385282348375, 6.093425786041872, 5.587330699001089, 3.7202772947725284, 2.0048425524215108, 3.986024252309562, 5.849232189783545, 6.2859845100031855, 6.356710873557173, 5.736799409949767, 5.2290205899384254, 2.7937280773189075, 2.863708520432902], [8.095491737998378, 6.720848197958349, 6.1479746982237975, 6.908486570154131, 4.860576419520632, 4.138971936362942, 4.9357352866619575, 4.827585878055407, 3.8685617094729152, 2.757992229865777, 2.318136848850818, 1.2222845577033197, 0.0, 2.3273358889511413, 2.9946145595051124, 4.366446130436056, 5.373037886521926, 5.350484219208576, 4.311678908499566, 4.971320276345108, 2.9576259364564677, 2.951049509920157, 8.672983738598846, 8.286353355970284, 8.589486737285295, 4.631307044453002, 5.931814313513193, 5.767551192664006, 4.288225191148431, 3.1553092685186974, 4.869101401696211, 6.396483175151796, 6.366607796935508, 5.968528724065924, 5.23779694241768, 4.597368920371738, 2.289490897557795, 2.6809425115059815], [9.91954244610103, 8.50462523924482, 7.883363135743526, 8.611327593931145, 6.529582900155263, 5.634564638905121, 6.284685580042967, 5.820480843538616, 4.519681920224033, 3.5493516844629527, 2.234685810130811, 1.3707476645976822, 2.3273358889511413, 0.0, 1.4056053286751582, 2.3937088398550066, 3.686056853875154, 4.210429581408529, 3.748039021942008, 4.99204000084134, 2.4738063505456527, 4.262901269088929, 10.356777681788868, 10.243748965100618, 10.416001050787196, 6.304135615609804, 7.364825703979694, 6.656059995222399, 4.505147565840657, 1.0102430895581516, 2.617965037963647, 4.549211282189474, 5.297719348927423, 5.829904483780158, 5.382827839528216, 5.050210923317956, 2.7524726138510442, 4.013552278219383], [10.817417083574064, 9.401737938275028, 8.906220972443926, 9.708078784702975, 7.558224628178234, 6.79228131410942, 7.5274853237983805, 7.124089562182665, 5.850180118594641, 4.858802500616792, 3.6106660784403752, 2.5010161654815426, 2.9946145595051124, 1.4056053286751582, 0.0, 1.3999148152655578, 2.4289462921192806, 2.806552002012434, 2.4366017175566466, 3.807636323232564, 1.3972222228407332, 5.428979002538138, 11.34082537075675, 11.128892776013254, 11.222850682870195, 7.215083177621724, 8.593452065962781, 7.960483668722649, 5.82031133617438, 2.076769804287418, 2.168526223037204, 3.4122111965703414, 3.8942296080226186, 4.561764418511767, 4.259388346934334, 4.057874895804453, 2.167779354546952, 5.022385858334662], [12.070877867412959, 10.646431075717347, 10.149204376698698, 10.944127851044138, 8.788854380407038, 7.989045911746909, 8.678068013676778, 8.175130566541432, 6.838536044359203, 5.934462289879345, 4.581476833947761, 3.7109610736303877, 4.366446130436056, 2.3937088398550066, 1.3999148152655578, 0.0, 1.3960288893858892, 2.415888629469496, 2.794858855112365, 4.295343169061116, 2.409556446734544, 6.602949878652723, 12.549387311737574, 12.430153988185342, 12.46497009382694, 8.441372287134362, 9.75841211878244, 8.95736951621401, 6.664883391328014, 2.5366370039877606, 1.0867960848291645, 2.156210342244002, 3.397872012009869, 4.807211305944435, 4.7658869877495, 4.800963397069384, 3.404739570069934, 6.2067386331309295], [13.084046637413058, 11.667449432930917, 11.25985775487417, 12.103293695519415, 9.90991134874576, 9.19437550571, 9.938283212406455, 9.479112348738147, 8.16023818096016, 7.230978504324294, 5.912741470756184, 4.918396068841955, 5.373037886521926, 3.686056853875154, 2.4289462921192806, 1.3960288893858892, 0.0, 1.3930167874078188, 2.4195547648276117, 3.796685175254856, 2.787619660211916, 7.816942122083289, 13.62370788955782, 13.432367813233824, 13.408379726872296, 9.489833306755184, 11.009924173217543, 10.267662252431172, 7.994436684344932, 3.9299459169306643, 2.139569346854642, 1.0869494652466598, 2.1477146109294876, 4.040041430480633, 4.279172095160464, 4.531184814151813, 3.8735341898581455, 7.3390984310063585], [12.97050936779277, 11.583347095723239, 11.273552094615077, 12.162164092380928, 9.961819895480946, 9.366623972915749, 10.187153996087426, 9.84760873562714, 8.603601620251835, 7.607693603188814, 6.40922873753153, 5.2111139020366855, 5.350484219208576, 4.210429581408529, 2.806552002012434, 2.415888629469496, 1.3930167874078188, 0.0, 1.3983403627157445, 2.5170674146712875, 2.4197425482889705, 8.039192029675618, 13.606159260055719, 13.263908067383458, 13.229237001051875, 9.477778436954518, 11.227180363296922, 10.674558056425568, 8.543799242140466, 4.73124815032989, 3.3900041504399376, 2.1523752902317015, 1.0877507710868328, 2.66638354517875, 3.0416783541327965, 3.368522787513838, 3.3925278967165475, 7.485356887283331], [11.826309641219446, 10.46451102202105, 10.182550316104507, 11.07633112813083, 8.908838996188, 8.38277215245649, 9.239457232435248, 9.006088823679233, 7.852750922447496, 6.814894247895561, 5.768320566681433, 4.4418570024259, 4.311678908499566, 3.748039021942008, 2.4366017175566466, 2.794858855112365, 2.4195547648276117, 1.3983403627157445, 0.0, 1.5008010327821604, 1.4047668738975878, 7.120454100687681, 12.514977340770539, 12.06476164248594, 12.07937162521296, 8.418218619755608, 10.243454301162279, 9.86419701394898, 7.913319369265972, 4.513223199665623, 3.8813672706921207, 3.40385648639892, 2.1627919849120945, 2.1514035372286617, 2.138208829838657, 2.149669169895684, 2.142580859617672, 6.551496825916961], [11.945900373349847, 10.652440108726264, 10.495769581121719, 11.418876142598272, 9.309142951958576, 8.942596539037194, 9.852283731704036, 9.754927946427896, 8.722011383276223, 7.669240249855262, 6.800088553835163, 5.414334209300346, 4.971320276345108, 4.99204000084134, 3.807636323232564, 4.295343169061116, 3.796685175254856, 2.5170674146712875, 1.5008010327821604, 0.0, 2.518292669647434, 7.79592591935044, 12.732349785487358, 12.115541732419564, 12.11389027108963, 8.761913970702976, 10.78984302851529, 10.625272450624502, 8.880607315944108, 5.853141080650628, 5.3818561732918875, 4.667853748780053, 2.732893911223046, 1.0951382926370528, 1.0943095265965659, 1.0951193998829534, 2.6912277792858785, 7.176328179507958], [10.686767549638198, 9.30397544816193, 8.930857743240566, 9.78911220744762, 7.633267873591231, 7.031040637771908, 7.860853155987586, 7.615071333218094, 6.461216235353836, 5.410185612342704, 4.3820960292992215, 3.040379499338857, 2.9576259364564677, 2.4738063505456527, 1.3972222228407332, 2.409556446734544, 2.787619660211916, 2.4197425482889705, 1.4047668738975878, 2.518292669647434, 0.0, 5.751217252895251, 11.327113595704779, 10.931927882125823, 11.014701776716427, 7.205748295631759, 8.87802190299168, 8.486441934049864, 6.561002003505258, 3.3560343055457578, 3.4035261920543527, 3.874560902863704, 3.410661217418112, 3.3911044823184078, 3.0008801725493806, 2.6862956594537395, 1.0862700999291106, 5.239937931884308], [5.906322951718776, 4.554055705632068, 3.706258104881526, 4.3720192657398025, 2.3940944634663017, 1.3997029542013548, 2.4115836850501378, 2.7910093335565898, 2.4279510229821364, 1.3962574297027037, 2.4472435841166282, 3.015065231466809, 2.951049509920157, 4.262901269088929, 5.428979002538138, 6.602949878652723, 7.816942122083289, 8.039192029675618, 7.120454100687681, 7.79592591935044, 5.751217252895251, 0.0, 6.230782207716781, 6.227926744109953, 6.586609781974335, 2.5439757172583235, 3.4093907578920897, 3.8782096346123427, 3.412486958216837, 4.528478924539673, 6.741267507672426, 8.729853312627883, 9.08418266273857, 8.83790418934263, 7.875989740978589, 7.436947407370849, 5.160250088900731, 1.085828098733865], [1.0945871778894545, 2.082079827960494, 2.6450727211175122, 2.6417066339773614, 3.882077637039218, 5.066148556842762, 5.427270639096598, 6.800801283672388, 7.70596163823828, 7.450893281345533, 8.654473479074275, 9.125196459802934, 8.672983738598846, 10.356777681788868, 11.34082537075675, 12.549387311737574, 13.62370788955782, 13.606159260055719, 12.514977340770539, 12.732349785487358, 11.327113595704779, 6.230782207716781, 0.0, 1.8024960277348743, 1.7748098546041486, 4.141127977978947, 4.881964668040932, 7.295243875978376, 8.753017824727651, 10.658513232623019, 12.757679482178569, 14.563410003841822, 14.53750822562106, 13.805306166108739, 12.467571287143299, 12.246007376283913, 10.511715002795691, 6.356051870461726], [1.094521365711972, 2.0823174013584, 2.642328573436695, 2.6405512814562035, 3.879027302043645, 5.0574496784446605, 5.4086638738231825, 6.781513656256986, 7.69130071834407, 7.43921539007979, 8.65848082806678, 8.941352026399587, 8.286353355970284, 10.243748965100618, 11.128892776013254, 12.430153988185342, 13.432367813233824, 13.263908067383458, 12.06476164248594, 12.115541732419564, 10.931927882125823, 6.227926744109953, 1.8024960277348743, 0.0, 1.7746679943020325, 4.136989891213175, 4.8564687840034555, 7.272170106646295, 8.738759832493395, 10.684009337322763, 12.763650878960926, 14.434112850120023, 14.15882258876069, 13.15084649252663, 11.888548396250906, 11.507751264691116, 10.011116366819437, 6.362853675042355], [1.0935931464671855, 2.049936664875283, 3.2563268693422036, 3.7166571566395517, 4.254147768942682, 5.622839793200585, 6.289815241324661, 7.687513107631101, 8.416091593489224, 7.924409168512185, 9.001458309629612, 9.21198972046756, 8.589486737285295, 10.416001050787196, 11.222850682870195, 12.46497009382694, 13.408379726872296, 13.229237001051875, 12.07937162521296, 12.11389027108963, 11.014701776716427, 6.586609781974335, 1.7748098546041486, 1.7746679943020325, 0.0, 4.14647691540662, 5.928993044354159, 8.32446641