{"total energy": -30.27844669, "HOMO-LUMO gap/eV": 4.92437787, "electronic energy": -30.62651356, "dipole": [0.0676584, 0.86394762, -0.09207175], "partial charges": [-0.10199526, -0.0523836, -0.06131975, -0.06347751, 0.07619818, -0.27230095, 0.35727969, -0.40815619, -0.14325637, 0.0353467, 0.03378927, 0.03486808, 0.03161578, 0.03427032, 0.03278238, 0.03783279, 0.04938173, 0.04284484, 0.05146805, 0.05440655, 0.07849119, 0.07802307, 0.07429101], "atomic dipole moments": [[-0.09745772, 0.01782977, 0.03839603], [0.01108624, -0.02179297, -0.11484862], [-0.03891199, 0.02517978, 0.10785435], [-0.00081418, -0.02170197, -0.13164668], [-0.17936128, 0.03981446, 0.16709307], [0.10582321, -0.1986414, -0.00770169], [0.10013973, 0.09916327, -0.07242256], [-0.06198803, 0.16907344, -0.00584972], [0.09630408, -0.0142539, -0.04259814], [0.0095606, -0.11520265, -0.05109267], [0.03075305, 0.08486424, -0.0878802], [0.08488172, 0.00795741, 0.09149734], [0.00012332, 0.1109312, 0.05427626], [-0.02051476, -0.08253825, 0.09059867], [0.02452411, 0.08143042, -0.08989946], [0.00414706, -0.1124401, -0.05475796], [-0.02478292, -0.07987218, 0.09663389], [-0.00633953, 0.11039971, 0.05868771], [0.02122636, 0.08259007, -0.08856772], [-0.00023489, -0.11289071, -0.06511011], [0.01984907, 0.08776915, 0.10298452], [-0.07794409, 0.04653212, -0.10223746], [-0.06088296, -0.10435764, 0.04966812]], "atomic quadrupole moments": [[0.18587785, -0.05457216, -0.1206441, -0.1140845, 0.02325373, -0.06523374], [0.22290191, -0.04055979, -0.22780559, 0.0468194, 0.04202761, 0.00490368], [0.23388158, -0.04308799, -0.23571936, 0.035325, 0.03891631, 0.00183779], [0.23786997, -0.03658075, -0.2450708, 0.08010865, 0.04022327, 0.00720083], [0.41294493, -0.0931629, -0.33625508, -0.15183733, 0.0423927, -0.07668986], [0.06719669, -0.01412697, -0.02814707, -0.05573374, -0.00454174, -0.03904961], [-0.11440446, 0.19856541, -0.24504668, 0.23702131, 0.06122667, 0.35945114], [-0.05484978, 0.02175092, -0.08602258, 0.11991287, 0.05238142, 0.14087237], [0.15702567, -0.10129112, -0.0531304, -0.13140801, 0.0257899, -0.10389527], [-0.03146243, 0.00739055, 0.06043919, -0.00718721, 0.0460658, -0.02897676], [-0.0319618, 0.00356831, 0.01936526, -0.01888392, -0.06234267, 0.01259654], [0.0171199, 0.0024429, -0.05293529, 0.05441454, 0.01085526, 0.03581538], [-0.0175463, -0.00463701, 0.04694631, 0.00289437, 0.02889614, -0.02940001], [-0.01293181, 0.01352608, 0.01383992, -0.00897184, -0.04501368, -0.00090811], [-0.018665, 0.01180356, 0.01691572, -0.00752438, -0.04548148, 0.00174927], [-0.02117246, -0.00057488, 0.04725054, 0.00337171, 0.02723513, -0.02607808], [-0.01906105, 0.01380905, 0.02317393, -0.00918489, -0.0418618, -0.00411288], [-0.02620795, -0.00085655, 0.05300396, 0.00288971, 0.02416549, -0.02679601], [-0.01417854, 0.01250446, 0.01663058, -0.00679533, -0.04627872, -0.00245204], [-0.00371952, 0.00318303, 0.03403429, -0.00110289, 0.01676785, -0.03031477], [-0.03563875, 0.02233401, 0.02446971, 0.00497156, 0.06137406, 0.01116904], [-0.00284637, -0.02417163, -0.02048434, 0.04175671, -0.04972168, 0.02333071], [-0.00809421, 0.04325611, 0.03921042, -0.03016473, -0.03947095, -0.03111622]], "number of molecular orbitals": 50, "number of electrons": 54, "number of unpaired electrons": 0, "orbital energies/eV": [-20.05723413, -19.32454136, -18.28872733, -17.2471026, -16.96331669, -16.72806387, -16.27781319, -15.99760146, -15.49385546, -15.26628624, -15.24964288, -14.99657001, -14.31074262, -13.96507714, -13.74251111, -13.57338133, -13.2823019, -13.14622335, -13.12084476, -12.85639158, -12.62267701, -12.322688, -12.0595147, -11.93929065, -11.70952544, -11.61346691, -11.35762291, -6.43324503, -0.14066919, 2.05141873, 2.53597278, 2.77237872, 3.30784059, 3.61083459, 3.85771238, 3.89243324, 4.28473459, 4.30265581, 4.49605244, 4.65544964, 4.92894599, 5.69283944, 5.75949519, 5.89739187, 6.51341138, 6.6571845, 7.10372282, 7.3750777, 8.16691285, 16.19085392], "fractional occupation": [2.0, 2.0, 2.0, 2.0, 2.0, 2.0, 2.0, 2.0, 2.0, 2.0, 2.0, 2.0, 2.0, 2.0, 2.0, 2.0, 2.0, 2.0, 2.0, 2.0, 2.0, 2.0, 2.0, 2.0, 2.0, 2.0, 2.0, 0.0, 0.0, 0.0, 0.0, 0.0, 0.0, 0.0, 0.0, 0.0, 0.0, 0.0, 0.0, 0.0, 0.0, 0.0, 0.0, 0.0, 0.0, 0.0, 0.0, 0.0, 0.0, 0.0], "program call": "xtb /home/svss/Project-DBcg-Debug/aqme2_20220329/End-to-End-workflows-final/example-3/QDESCP/mol_1078_rdkit_conf_3/mol_1078_rdkit_conf_3.xyz --pop --wbo --acc 0.2 --gfn 2 --chrg 0 --uhf 0 --etemp 300 --input /home/svss/Project-DBcg-Debug/aqme2_20220329/End-to-End-workflows-final/example-3/QDESCP/mol_1078_rdkit_conf_3/mol_1078_rdkit_conf_3_xtb.inp", "method": "GFN2-xTB", "xtb version": "6.3.3 (7355c4f)", "Dipole module/D": 2.215, "Total charge": 0, "Transition dipole module/D": NaN, "HOMO": -11.3576, "LUMO": -6.4332, "HOMO occupancy": 2.0, "LUMO occupancy": 0, "mulliken charges": [-0.08369, -0.03702, -0.04904, -0.06071, 0.19829, -0.42204, 0.58011, -0.52949, -0.11809, 0.02866, 0.02696, 0.03023, 0.02318, 0.02644, 0.02199, 0.02784, 0.04512, 0.03318, 0.03136, 0.04382, 0.06251, 0.0626, 0.05781], "cm5 charges": [-0.23401, -0.1495, -0.15937, -0.16759, 0.11736, -0.50483, 0.62751, -0.57908, -0.25628, 0.07995, 0.07823, 0.08101, 0.0779, 0.08116, 0.0774, 0.0833, 0.10429, 0.0905, 0.09455, 0.11035, 0.1172, 0.11731, 0.11263], "FUKUI+": [0.008, 0.003, 0.005, 0.005, 0.032, -0.123, -0.192, -0.283, 0.052, -0.008, -0.011, -0.017, -0.01, -0.005, -0.019, -0.011, 0.003, -0.025, -0.066, -0.031, -0.111, -0.11, -0.084], "FUKUI-": [0.021, 0.009, 0.014, 0.013, 0.018, -0.055, -0.017, -0.133, -0.0, -0.074, -0.075, -0.052, -0.094, -0.092, -0.078, -0.073, -0.048, -0.051, -0.055, -0.03, -0.051, -0.055, -0.042], "FUKUIrad": [0.014, 0.006, 0.009, 0.009, 0.025, -0.089, -0.105, -0.208, 0.026, -0.041, -0.043, -0.034, -0.052, -0.048, -0.049, -0.042, -0.023, -0.038, -0.061, -0.03, -0.081, -0.083, -0.063], "s proportion": [1.008, 1.027, 1.032, 1.037, 0.999, 1.698, 0.985, 1.73, 1.018, 0.971, 0.973, 0.97, 0.977, 0.974, 0.978, 0.972, 0.955, 0.967, 0.969, 0.956, 0.937, 0.937, 0.942], "p proportion": [3.076, 3.01, 3.017, 3.024, 2.803, 4.724, 2.435, 4.799, 3.1, 0.0, 0.0, 0.0, 0.0, 0.0, 0.0, 0.0, 0.0, 0.0, 0.0, 0.0, 0.0, 0.0, 0.0], "d proportion": [0.0, 0.0, 0.0, 0.0, 0.0, 0.0, 0.0, 0.0, 0.0, 0.0, 0.0, 0.0, 0.0, 0.0, 0.0, 0.0, 0.0, 0.0, 0.0, 0.0, 0.0, 0.0, 0.0], "Fermi-level/eV": -8.8954, "Coordination numbers": [3.75, 3.8, 3.802, 3.8, 3.697, 1.702, 2.71, 0.856, 3.752, 0.924, 0.924, 0.924, 0.924, 0.924, 0.924, 0.924, 0.924, 0.924, 0.924, 0.924, 0.924, 0.924, 0.924], "Dispersion coefficient C6": [22.512, 21.515, 21.677, 21.719, 19.469, 18.517, 20.936, 21.845, 23.325, 2.512, 2.533, 2.518, 2.564, 2.527, 2.547, 2.478, 2.328, 2.411, 2.302, 2.266, 1.995, 2.0, 2.039], "Total dispersion C6": 3946.564936, "Total dispersion C8": 83665.837246, "Polarizability alpha": [6.767, 6.604, 6.629, 6.635, 6.311, 5.81, 7.49, 6.266, 6.887, 2.479, 2.489, 2.482, 2.504, 2.486, 2.496, 2.462, 2.386, 2.428, 2.373, 2.354, 2.209, 2.211, 2.233], "Total polarizability alpha": 92.990219, "Wiberg matrix": [[0.0, 1.0202493046181662, 0.0, 0.0, 0.0, 0.0, 0.0, 0.0, 0.0, 0.9874904671069512, 0.9875701309824622, 0.9870952177228742, 0.0, 0.0, 0.0, 0.0, 0.0, 0.0, 0.0, 0.0, 0.0, 0.0, 0.0], [1.0202493046181662, 0.0, 1.007648239309966, 0.0, 0.0, 0.0, 0.0, 0.0, 0.0, 0.0, 0.0, 0.0, 0.977871923949821, 0.977725314606409, 0.0, 0.0, 0.0, 0.0, 0.0, 0.0, 0.0, 0.0, 0.0], [0.0, 1.007648239309966, 0.0, 1.0059097045780188, 0.0, 0.0, 0.0, 0.0, 0.0, 0.0, 0.0, 0.0, 0.0, 0.0, 0.9767632142380271, 0.9764795674313255, 0.0, 0.0, 0.0, 0.0, 0.0, 0.0, 0.0], [0.0, 0.0, 1.0059097045780188, 0.0, 0.9994926562765067, 0.0, 0.0, 0.0, 0.0, 0.0, 0.0, 0.0, 0.0, 0.0, 0.0, 0.0, 0.9746164486262274, 0.9756701474590075, 0.0, 0.0, 0.0, 0.0, 0.0], [0.0, 0.0, 0.0, 0.9994926562765067, 0.0, 0.9417551405626636, 0.0, 0.0, 0.0, 0.0, 0.0, 0.0, 0.0, 0.0, 0.0, 0.0, 0.0, 0.0, 0.9711277554269093, 0.9687665391120955, 0.0, 0.0, 0.0], [0.0, 0.0, 0.0, 0.0, 0.9417551405626636, 0.0, 1.1213197539272395, 0.17150917784784056, 0.0, 0.0, 0.0, 0.0, 0.0, 0.0, 0.0, 0.0, 0.0, 0.0, 0.0, 0.0, 0.0, 0.0, 0.0], [0.0, 0.0, 0.0, 0.0, 0.0, 1.1213197539272395, 0.0, 1.7557855818691293, 0.9956476934375463, 0.0, 0.0, 0.0, 0.0, 0.0, 0.0, 0.0, 0.0, 0.0, 0.0, 0.0, 0.0, 0.0, 0.0], [0.0, 0.0, 0.0, 0.0, 0.0, 0.17150917784784056, 1.7557855818691293, 0.0, 0.0, 0.0, 0.0, 0.0, 0.0, 0.0, 0.0, 0.0, 0.0, 0.0, 0.0, 0.0, 0.0, 0.0, 0.0], [0.0, 0.0, 0.0, 0.0, 0.0, 0.0, 0.9956476934375463, 0.0, 0.0, 0.0, 0.0, 0.0, 0.0, 0.0, 0.0, 0.0, 0.0, 0.0, 0.0, 0.0, 0.9626388008213234, 0.9633503505508256, 0.9824700769882304], [0.9874904671069512, 0.0, 0.0, 0.0, 0.0, 0.0, 0.0, 0.0, 0.0, 0.0, 0.0, 0.0, 0.0, 0.0, 0.0, 0.0, 0.0, 0.0, 0.0, 0.0, 0.0, 0.0, 0.0], [0.9875701309824622, 0.0, 0.0, 0.0, 0.0, 0.0, 0.0, 0.0, 0.0, 0.0, 0.0, 0.0, 0.0, 0.0, 0.0, 0.0, 0.0, 0.0, 0.0, 0.0, 0.0, 0.0, 0.0], [0.9870952177228742, 0.0, 0.0, 0.0, 0.0, 0.0, 0.0, 0.0, 0.0, 0.0, 0.0, 0.0, 0.0, 0.0, 0.0, 0.0, 0.0, 0.0, 0.0, 0.0, 0.0, 0.0, 0.0], [0.0, 0.977871923949821, 0.0, 0.0, 0.0, 0.0, 0.0, 0.0, 0.0, 0.0, 0.0, 0.0, 0.0, 0.0, 0.0, 0.0, 0.0, 0.0, 0.0, 0.0, 0.0, 0.0, 0.0], [0.0, 0.977725314606409, 0.0, 0.0, 0.0, 0.0, 0.0, 0.0, 0.0, 0.0, 0.0, 0.0, 0.0, 0.0, 0.0, 0.0, 0.0, 0.0, 0.0, 0.0, 0.0, 0.0, 0.0], [0.0, 0.0, 0.9767632142380271, 0.0, 0.0, 0.0, 0.0, 0.0, 0.0, 0.0, 0.0, 0.0, 0.0, 0.0, 0.0, 0.0, 0.0, 0.0, 0.0, 0.0, 0.0, 0.0, 0.0], [0.0, 0.0, 0.9764795674313255, 0.0, 0.0, 0.0, 0.0, 0.0, 0.0, 0.0, 0.0, 0.0, 0.0, 0.0, 0.0, 0.0, 0.0, 0.0, 0.0, 0.0, 0.0, 0.0, 0.0], [0.0, 0.0, 0.0, 0.9746164486262274, 0.0, 0.0, 0.0, 0.0, 0.0, 0.0, 0.0, 0.0, 0.0, 0.0, 0.0, 0.0, 0.0, 0.0, 0.0, 0.0, 0.0, 0.0, 0.0], [0.0, 0.0, 0.0, 0.9756701474590075, 0.0, 0.0, 0.0, 0.0, 0.0, 0.0, 0.0, 0.0, 0.0, 0.0, 0.0, 0.0, 0.0, 0.0, 0.0, 0.0, 0.0, 0.0, 0.0], [0.0, 0.0, 0.0, 0.0, 0.9711277554269093, 0.0, 0.0, 0.0, 0.0, 0.0, 0.0, 0.0, 0.0, 0.0, 0.0, 0.0, 0.0, 0.0, 0.0, 0.0, 0.0, 0.0, 0.0], [0.0, 0.0, 0.0, 0.0, 0.9687665391120955, 0.0, 0.0, 0.0, 0.0, 0.0, 0.0, 0.0, 0.0, 0.0, 0.0, 0.0, 0.0, 0.0, 0.0, 0.0, 0.0, 0.0, 0.0], [0.0, 0.0, 0.0, 0.0, 0.0, 0.0, 0.0, 0.0, 0.9626388008213234, 0.0, 0.0, 0.0, 0.0, 0.0, 0.0, 0.0, 0.0, 0.0, 0.0, 0.0, 0.0, 0.0, 0.0], [0.0, 0.0, 0.0, 0.0, 0.0, 0.0, 0.0, 0.0, 0.9633503505508256, 0.0, 0.0, 0.0, 0.0, 0.0, 0.0, 0.0, 0.0, 0.0, 0.0, 0.0, 0.0, 0.0, 0.0], [0.0, 0.0, 0.0, 0.0, 0.0, 0.0, 0.0, 0.0, 0.9824700769882304, 0.0, 0.0, 0.0, 0.0, 0.0, 0.0, 0.0, 0.0, 0.0, 0.0, 0.0, 0.0, 0.0, 0.0]], "Born radii": [], "Atomic SASAs": [], "Solvent H bonds": [], "Total SASA": NaN, "Total FOD": 0.0, "FOD": [0.0, 0.0, 0.0, 0.0, 0.0, 0.0, 0.0, 0.0, 0.0, 0.0, 0.0, 0.0, 0.0, 0.0, 0.0, 0.0, 0.0, 0.0, 0.0, 0.0, 0.0, 0.0, 0.0], "FOD s proportion": [0.0, 0.0, 0.0, 0.0, 0.0, 0.0, 0.0, 0.0, 0.0, 0.0, 0.0, 0.0, 0.0, 0.0, 0.0, 0.0, 0.0, 0.0, 0.0, 0.0, 0.0, 0.0, 0.0], "FOD p proportion": [0.0, 0.0, 0.0, 0.0, 0.0, 0.0, 0.0, 0.0, 0.0, 0.0, 0.0, 0.0, 0.0, 0.0, 0.0, 0.0, 0.0, 0.0, 0.0, 0.0, 0.0, 0.0, 0.0], "FOD d proportion": [0.0, 0.0, 0.0, 0.0, 0.0, 0.0, 0.0, 0.0, 0.0, 0.0, 0.0, 0.0, 0.0, 0.0, 0.0, 0.0, 0.0, 0.0, 0.0, 0.0, 0.0, 0.0, 0.0], "coordinates": [["3.92300", "-0.10300", "0.19690"], ["2.53380", "0.14920", "0.76080"], ["1.46350", "0.06150", "-0.32680"], ["0.06970", "0.31530", "0.24360"], ["-1.00300", "0.23150", "-0.83810"], ["-2.29180", "0.52580", "-0.27630"], ["-2.95620", "-0.53180", "0.26480"], ["-2.54760", "-1.68300", "0.31460"], ["-4.27870", "-0.08030", "0.80470"], ["3.99010", "-1.10020", "-0.24970"], ["4.17470", "0.63540", "-0.57120"], ["4.67260", "-0.03550", "0.99150"], ["2.50990", "1.14060", "1.22790"], ["2.32640", "-0.58540", "1.54760"], ["1.67800", "0.79520", "-1.11340"], ["1.49410", "-0.93070", "-0.79330"], ["-0.14830", "-0.40820", "1.03840"], ["0.02740", "1.30360", "0.71840"], ["-0.81610", "0.98490", "-1.61110"], ["-1.00380", "-0.74490", "-1.33730"], ["-4.12360", "0.65880", "1.59470"], ["-4.88500", "0.33920", "-0.00200"], ["-4.80900", "-0.93790", "1.22860"]], "bond_dist": [[0.0, 1.5203501866346452, 2.520012339255505, 3.8762193784666006, 5.044659676331001, 6.2644270863343925, 6.892885643183122, 6.661750344316425, 8.224221484128451, 1.0946971316304799, 1.0947899615908065, 1.0944613149855962, 2.1462417314925175, 2.146213365441563, 2.750213506257287, 2.750479692708165, 4.168543268337274, 4.174468249969091, 5.187625585949704, 5.19991956572407, 8.202557871786093, 8.821335842716794, 8.832286617858367], [1.5203501866346452, 0.0, 1.5284329033359625, 2.523266505940266, 3.88229426241752, 4.950133263862701, 5.554266558241512, 5.420025575585415, 6.816505975204598, 2.168621751251241, 2.1686786875883666, 2.1591206589720735, 1.0961877485175613, 1.0962235903318265, 2.159244145528708, 2.1592561010681433, 2.7534372936386258, 2.759796746139106, 4.18881058416348, 4.2090440933779725, 6.728748481701482, 7.460332249973856, 7.437562442763086], [2.520012339255505, 1.5284329033359625, 0.0, 1.5272357512839987, 2.524668283161176, 3.784230810878216, 4.498415669988712, 4.42081411280773, 5.8543368821754695, 2.781941563009547, 2.7820312740873345, 3.470683895142282, 2.1625221062453903, 2.162510434656906, 1.0968434254714754, 1.0968224332133254, 2.1638596003437933, 2.1674036679861923, 2.7746477632304973, 2.785491069811569, 5.938401800989892, 6.362866066482932, 6.53929092256951], [3.8762193784666006, 2.523266505940266, 1.5272357512839987, 0.0, 1.5257072523914932, 2.427197666033815, 3.142307855700966, 3.2937066019911367, 4.402262501260005, 4.197203985988768, 4.197307237980083, 4.6764413243405505, 2.75763351807306, 2.7576024695376233, 2.1583284967770777, 2.157914032115274, 1.096669179835013, 1.0972516666654009, 2.161693292305826, 2.1853308902772595, 4.418962361233686, 4.960840922666237, 5.132489545045368], [5.044659676331001, 3.88229426241752, 2.524668283161176, 1.5257072523914932, 0.0, 1.4363972883572287, 2.369389275741747, 2.7165818044005228, 3.6778011868506426, 5.201027500407973, 5.200283464389225, 5.969184242423751, 4.175558072880798, 4.17657688304669, 2.7534176544796103, 2.7546731729916707, 2.158930390262734, 2.1526297452186243, 1.0954780554625454, 1.0966121648057714, 3.979854958412429, 3.9724786343037763, 4.486020647522702], [6.2644270863343925, 4.950133263862701, 3.784230810878216, 2.427197666033815, 1.4363972883572287, 0.0, 1.3611518394359978, 2.300737683874457, 2.341727956018803, 6.488979208627502, 6.474148625108941, 7.101073291411658, 5.069212914250101, 5.088137959018013, 4.066033055694456, 4.08921998185473, 2.6824213576543117, 2.6406608207037876, 2.042095575628134, 2.0974612010714284, 2.6217973300772126, 2.6143347700705815, 3.2777183436042825], [6.892885643183122, 5.554266558241512, 4.498415669988712, 3.142307855700966, 2.369389275741747, 1.3611518394359978, 0.0, 1.222577375874427, 1.4981156530788935, 6.988481415872836, 7.27399385825971, 7.679387737313438, 5.796786401101907, 5.436387730837454, 5.013598895005463, 4.591717207102372, 2.91513916134376, 3.532182764240831, 3.2248112673457343, 2.5345614571361255, 2.132834998306245, 2.133094625186609, 2.1276032266378992], [6.661750344316425, 5.420025575585415, 4.42081411280773, 3.2937066019911367, 2.7165818044005228, 2.300737683874457, 1.222577375874427, 0.0, 2.409471417136962, 6.587838159821476, 7.165817293930958, 7.436648297452288, 5.8638843866502, 5.1459586823059515, 5.1025831301410465, 4.257785409106476, 2.8116973467996162, 3.9640205599870444, 3.718077883799639, 2.4478814636334008, 3.0994288586770304, 3.106922457996015, 2.550392120831618], [8.224221484128451, 6.816505975204598, 5.8543368821754695, 4.402262501260005, 3.6778011868506426, 2.341727956018803, 1.4981156530788935, 2.409471417136962, 0.0, 8.397916932787558, 8.594492356154607, 8.953360987361114, 6.9104837030413435, 6.665911222781173, 6.318851379008688, 6.049959008125592, 4.149980513207261, 4.523839531857866, 4.354347188729902, 3.9692350862603236, 1.0928974425809588, 1.0928608465856942, 1.0937947979397233], [1.0946971316304799, 2.168621751251241, 2.781941563009547, 4.197203985988768, 5.201027500407973, 6.488979208627502, 6.988481415872836, 6.587838159821476, 8.397916932787558, 0.0, 1.774752594025432, 1.7719959875801075, 3.065204469525647, 2.502639410702229, 3.1119648552000068, 2.560126405082374, 4.389125216942437, 4.734813971002452, 5.4130038250494525, 5.123294746547382, 8.504588176390435, 8.99447762018451, 8.923893376211977], [1.0947899615908065, 2.1686786875883666, 2.7820312740873345, 4.197307237980083, 5.200283464389225, 6.474148625108941, 7.27399385825971, 7.165817293930958, 8.594492356154607, 1.774752594025432, 0.0, 1.772016509516771, 2.502707911443123, 3.0652698037856307, 2.559888233888347, 3.112493209631147, 4.7295075980486585, 4.394275445394838, 5.109953708205193, 5.413778675749499, 8.576330990580994, 9.082394352261963, 9.296312097815992], [1.0944613149855962, 2.1591206589720735, 3.470683895142282, 4.6764413243405505, 5.969184242423751, 7.101073291411658, 7.679387737313438, 7.436648297452288, 8.953360987361114, 1.7719959875801075, 1.772016509516771, 0.0, 2.473129082761351, 2.4731137579982043, 3.7534378454957795, 3.7536324180718603, 4.835512559181291, 4.842071401786637, 6.159591756764404, 6.176412774418497, 8.844152710689702, 9.616400579218817, 9.527396324809839], [2.1462417314925175, 1.0961877485175613, 2.1625221062453903, 2.75763351807306, 4.175558072880798, 5.069212914250101, 5.796786401101907, 5.8638843866502, 6.9104837030413435, 3.065204469525647, 2.502707911443123, 2.473129082761351, 0.0, 1.7649238907103049, 2.5085941202195303, 3.0671457040708057, 3.0823236251243964, 2.5394813446843827, 4.375664462684496, 4.741460637820375, 6.6610806728338, 7.539193722142972, 7.60831518471731], [2.146213365441563, 1.0962235903318265, 2.162510434656906, 2.7576024695376233, 4.17657688304669, 5.088137959018013, 5.436387730837454, 5.1459586823059515, 6.665911222781173, 2.502639410702229, 3.0652698037856307, 2.4731137579982043, 1.7649238907103049, 0.0, 3.0671484998284644, 2.5083397277880843, 2.5327503963083293, 3.088898612774463, 4.72424957321266, 4.408891051046737, 6.56907543342288, 7.43373629341262, 7.1512202042728354], [2.750213506257287, 2.159244145528708, 1.0968434254714754, 2.1583284967770777, 2.7534176544796103, 4.066033055694456, 5.013598895005463, 5.1025831301410465, 6.318851379008688, 3.1119648552000068, 2.559888233888347, 3.7534378454957795, 2.5085941202195303, 3.0671484998284644, 0.0, 1.7649402341155918, 3.0681894481925327, 2.5176262947467003, 2.5503384461674887, 3.1006596814226484, 6.403981037604654, 6.672039790049216, 7.11124240973404], [2.750479692708165, 2.1592561010681433, 1.0968224332133254, 2.157914032115274, 2.7546731729916707, 4.08921998185473, 4.591717207102372, 4.257785409106476, 6.049959008125592, 2.560126405082374, 3.112493209631147, 3.7536324180718603, 3.0671457040708057, 2.5083397277880843, 1.7649402341155918, 0.0, 2.515076320909566, 3.0705931462829787, 3.1105215382633187, 2.5631937207320092, 6.307741873285558, 6.552230040986045, 6.619456251082864], [4.168543268337274, 2.7534372936386258, 2.1638596003437933, 1.096669179835013, 2.158930390262734, 2.6824213576543117, 2.91513916134376, 2.8116973467996162, 4.149980513207261, 4.389125216942437, 4.7295075980486585, 4.835512559181291, 3.0823236251243964, 2.5327503963083293, 3.0681894481925327, 2.515076320909566, 0.0, 1.7502941838445332, 3.0670074502680946, 2.5473903568161673, 4.153428557228353, 4.906869247289967, 4.6945588312428255], [4.174468249969091, 2.759796746139106, 2.1674036679861923, 1.0972516666654009, 2.1526297452186243, 2.6406608207037876, 3.532182764240831, 3.9640205599870444, 4.523839531857866, 4.734813971002452, 4.394275445394838, 4.842071401786637, 2.5394813446843827, 3.088898612774463, 2.5176262947467003, 3.0705931462829787, 1.7502941838445332, 0.0, 2.497925577354137, 3.07987470199682, 4.29120842304356, 5.057738356222077, 5.354940826003589], [5.187625585949704, 4.18881058416348, 2.7746477632304973, 2.161693292305826, 1.0954780554625454, 2.042095575628134, 3.2248112673457343, 3.718077883799639, 4.354347188729902, 5.4130038250494525, 5.109953708205193, 6.159591756764404, 4.375664462684496, 4.72424957321266, 2.5503384461674887, 3.1105215382633187, 3.0670074502680946, 2.497925577354137, 0.0, 1.7613647464395328, 4.6176889349543675, 4.422903854935126, 5.263488039313854], [5.19991956572407, 4.2090440933779725, 2.785491069811569, 2.1853308902772595, 1.0966121648057714, 2.0974612010714284, 2.5345614571361255, 2.4478814636334008, 3.9692350862603236, 5.123294746547382, 5.413778675749499, 6.176412774418497, 4.741460637820375, 4.408891051046737, 3.1006596814226484, 2.5631937207320092, 2.5473903568161673, 3.07987470199682, 1.7613647464395328, 0.0, 4.505568746562414, 4.245234073640699, 4.593543169493458], [8.202557871786093, 6.728748481701482, 5.938401800989892, 4.418962361233686, 3.979854958412429, 2.6217973300772126, 2.132834998306245, 3.0994288586770304, 1.0928974425809588, 8.504588176390435, 8.576330990580994, 8.844152710689702, 6.6610806728338, 6.56907543342288, 6.403981037604654, 6.307741873285558, 4.153428557228353, 4.29120842304356, 4.6176889349543675, 4.505568746562414, 0.0, 1.797588665407078, 1.775740200592418], [8.821335842716794, 7.460332249973856, 6.362866066482932, 4.960840922666237, 3.9724786343037763, 2.6143347700705815, 2.133094625186609, 3.106922457996015, 1.0928608465856942, 8.99447762018451, 9.082394352261963, 9.616400579218817, 7.539193722142972, 7.43373629341262, 6.672039790049216, 6.552230040986045, 4.906869247289967, 5.057738356222077, 4.422903854935126, 4.245234073640699, 1.797588665407078, 0.0, 1.7751441547096956], [8.832286617858367, 7.437562442763086, 6.53929092256951, 5.132489545045368, 4.486020647522702, 3.2777183436042825, 2.1276032266378992, 2.550392120831618, 1.0937947979397233, 8.923893376211977, 9.296312097815992, 9.527396324809839, 7.60831518471731, 7.1512202042728354, 7.11124240973404, 6.619456251082864, 4.6945588312428255, 5.354940826003589, 5.263488039313854, 4.593543169493458, 1.775740200592418, 1.7751441547096956, 0.0]]}