{"total energy": -27.19880427, "HOMO-LUMO gap/eV": 6.95902428, "electronic energy": -27.52585675, "dipole": [-0.06236288, -0.73620622, 0.4721224], "partial charges": [-0.10035733, -0.05275989, -0.05796945, -0.05837532, -0.05964693, -0.0614545, 0.0331097, -0.21182746, 0.0319775, 0.03219319, 0.03141077, 0.03242426, 0.03036197, 0.03066941, 0.03076452, 0.02742896, 0.03164597, 0.03416025, 0.04807944, 0.04210832, 0.05058022, 0.05886384, 0.05661255], "atomic dipole moments": [[0.09793366, 0.01062362, 0.01856074], [-0.05734259, -0.09572036, 0.02520351], [0.0613928, 0.09247154, -0.0146291], [-0.02758683, 0.00336399, -0.10925737], [0.05368637, -0.01309313, 0.11430549], [-0.00158905, 0.00075585, -0.12489265], [-0.07095829, 0.1850621, -0.04243819], [0.02568899, -0.10731071, 0.04888017], [-0.02131662, -0.09556421, -0.07931623], [-0.04576395, 0.10373769, -0.05242386], [-0.06497832, -0.02087611, 0.10562922], [0.05369076, 0.02782089, -0.10828764], [0.01350946, 0.09955606, 0.07271557], [-0.01304271, -0.0983715, -0.0750349], [-0.06211997, -0.03118716, 0.10028855], [0.03014275, -0.09819698, 0.06408243], [0.01169338, 0.09395329, 0.08120275], [-0.01635116, -0.09279199, -0.08192057], [-0.03100499, 0.10686827, -0.06151674], [0.02415816, -0.1015325, 0.06555428], [0.01693513, 0.09512637, 0.08411383], [-0.01523404, -0.09638297, -0.08805801], [0.1205268, -0.01048454, 0.04465798]], "atomic quadrupole moments": [[0.21777702, 0.03635344, -0.10682817, 0.06633377, -0.00186276, -0.11094885], [0.1602009, -0.04766221, 0.00882025, 0.1089747, -0.10839792, -0.16902116], [0.14139259, -0.05297691, 0.00034963, 0.13375349, -0.10407643, -0.14174221], [0.19677769, 0.05523257, -0.21242514, -0.0616657, -0.03178295, 0.01564745], [0.21517263, 0.03670044, -0.24711163, -0.03978203, -0.02643637, 0.031939], [0.19255949, 0.0158162, -0.22107624, -0.08711515, -0.03649606, 0.02851675], [-0.19833405, -0.05745912, 0.22392721, -0.10702641, -0.30863038, -0.02559316], [-0.27557948, -0.06087336, 0.36628262, 0.02242898, -0.35065465, -0.09070314], [-0.0273114, 0.00611791, 0.02857013, 0.00300905, 0.06479131, -0.00125873], [-0.01750719, -0.02761192, 0.04823722, 0.01957514, -0.04819995, -0.03073003], [-0.0098953, 0.01420218, -0.04820763, -0.03994571, -0.01844285, 0.05810293], [0.00109725, -0.00407881, -0.03530104, -0.03430197, -0.01005839, 0.03420379], [-0.02261576, -0.0003738, 0.0131459, 0.01380358, 0.04504374, 0.00946986], [-0.02931944, -0.00887232, 0.0127032, 0.01005748, 0.04443973, 0.01661624], [0.00506428, -0.00556614, -0.03861493, -0.0349608, -0.0173099, 0.03355064], [-0.00634959, -0.02232147, 0.03195954, 0.00217899, -0.03914909, -0.02560994], [-0.02122327, 0.00962049, 0.03326826, -0.00678102, 0.04167271, -0.01204499], [-0.02158249, 0.00769063, 0.0273412, 0.00036335, 0.04403487, -0.00575871], [-0.01732527, -0.01472648, 0.03715271, 0.00099341, -0.0309713, -0.01982744], [-0.01283932, -0.01284049, 0.04020748, 0.00555253, -0.04293822, -0.02736816], [-0.01251036, 0.00724227, 0.02884261, 0.00173771, 0.0428766, -0.01633225], [-0.03422793, 0.02031531, 0.01294226, 0.01277068, 0.01956345, 0.02128567], [0.03412151, 0.011381, -0.0213224, 0.02286711, -0.01911268, -0.01279911]], "number of molecular orbitals": 52, "number of electrons": 50, "number of unpaired electrons": 0, "orbital energies/eV": [-28.48613467, -17.41920426, -17.01187753, -16.68004074, -16.25591903, -15.64189597, -15.43320678, -15.06903856, -14.4582854, -14.30746845, -13.90110951, -13.79956337, -13.65536028, -13.23694749, -13.13470494, -12.82946978, -12.46444563, -12.37222478, -12.11159851, -11.8925142, -11.76590759, -11.53563798, -11.39812897, -11.14574877, -11.08136097, -4.12233669, 0.46261532, 0.67313609, 0.85449918, 0.86020719, 1.36523934, 2.13884524, 2.7818545, 2.85916792, 3.27952075, 3.3394582, 3.63696266, 3.86992242, 4.08465063, 4.45337904, 4.53651665, 4.70243482, 5.00759129, 5.18107779, 5.72333477, 6.10630952, 6.54671034, 6.74281531, 6.96927362, 7.30118826, 8.07677314, 8.28947932], "fractional occupation": [2.0, 2.0, 2.0, 2.0, 2.0, 2.0, 2.0, 2.0, 2.0, 2.0, 2.0, 2.0, 2.0, 2.0, 2.0, 2.0, 2.0, 2.0, 2.0, 2.0, 2.0, 2.0, 2.0, 2.0, 2.0, 0.0, 0.0, 0.0, 0.0, 0.0, 0.0, 0.0, 0.0, 0.0, 0.0, 0.0, 0.0, 0.0, 0.0, 0.0, 0.0, 0.0, 0.0, 0.0, 0.0, 0.0, 0.0, 0.0, 0.0, 0.0, 0.0, 0.0], "program call": "xtb /home/svss/Project-DBcg-Debug/aqme2_20220329/End-to-End-workflows-final/example-3/QDESCP/mol_285_rdkit_conf_12/mol_285_rdkit_conf_12.xyz --pop --wbo --acc 0.2 --gfn 2 --chrg 0 --uhf 0 --etemp 300 --input /home/svss/Project-DBcg-Debug/aqme2_20220329/End-to-End-workflows-final/example-3/QDESCP/mol_285_rdkit_conf_12/mol_285_rdkit_conf_12_xtb.inp", "method": "GFN2-xTB", "xtb version": "6.3.3 (7355c4f)", "Dipole module/D": 2.229, "Total charge": 0, "Transition dipole module/D": NaN, "HOMO": -11.0814, "LUMO": -4.1223, "HOMO occupancy": 2.0, "LUMO occupancy": 0, "mulliken charges": [-0.08326, -0.04011, -0.04649, -0.04556, -0.04698, -0.05174, 0.07139, -0.1661, 0.02673, 0.029, 0.0264, 0.02388, 0.02313, 0.02323, 0.02481, 0.02292, 0.0246, 0.02397, 0.02952, 0.03123, 0.03346, 0.03268, 0.0333], "cm5 charges": [-0.23368, -0.15279, -0.15701, -0.15617, -0.15723, -0.16067, -0.0318, -0.17602, 0.07802, 0.07977, 0.07768, 0.07917, 0.07794, 0.07843, 0.07972, 0.07784, 0.0798, 0.07954, 0.08652, 0.08619, 0.08888, 0.08781, 0.08804], "FUKUI+": [0.006, 0.001, 0.008, 0.008, 0.018, 0.043, -0.043, -0.459, -0.007, -0.009, -0.012, 0.01, -0.003, -0.012, -0.022, -0.02, -0.016, -0.029, -0.006, -0.096, -0.063, -0.151, -0.147], "FUKUI-": [0.018, 0.002, 0.009, 0.01, 0.006, 0.015, 0.029, -0.249, -0.053, -0.057, -0.07, -0.074, -0.062, -0.052, -0.067, -0.07, -0.043, -0.038, -0.043, -0.048, -0.033, -0.057, -0.073], "FUKUIrad": [0.012, 0.002, 0.008, 0.009, 0.012, 0.029, -0.007, -0.354, -0.03, -0.033, -0.041, -0.032, -0.033, -0.032, -0.045, -0.045, -0.029, -0.033, -0.025, -0.072, -0.048, -0.104, -0.11], "s proportion": [1.008, 1.027, 1.032, 1.032, 1.031, 1.035, 1.042, 1.949, 0.973, 0.971, 0.974, 0.976, 0.977, 0.977, 0.975, 0.977, 0.975, 0.976, 0.97, 0.969, 0.967, 0.967, 0.967], "p proportion": [3.076, 3.013, 3.014, 3.013, 3.016, 3.017, 2.886, 5.233, 0.0, 0.0, 0.0, 0.0, 0.0, 0.0, 0.0, 0.0, 0.0, 0.0, 0.0, 0.0, 0.0, 0.0, 0.0], "d proportion": [0.0, 0.0, 0.0, 0.0, 0.0, 0.0, 0.0, -0.016, 0.0, 0.0, 0.0, 0.0, 0.0, 0.0, 0.0, 0.0, 0.0, 0.0, 0.0, 0.0, 0.0, 0.0, 0.0], "Fermi-level/eV": -7.6018, "Coordination numbers": [3.75, 3.799, 3.801, 3.8, 3.8, 3.823, 3.713, 0.911, 0.924, 0.924, 0.924, 0.924, 0.924, 0.924, 0.924, 0.924, 0.924, 0.924, 0.924, 0.924, 0.924, 0.924, 0.924], "Dispersion coefficient C6": [22.48, 21.523, 21.617, 21.625, 21.649, 21.663, 20.144, 105.818, 2.559, 2.556, 2.567, 2.552, 2.581, 2.577, 2.576, 2.623, 2.563, 2.528, 2.344, 2.421, 2.313, 2.212, 2.239], "Total dispersion C6": 4394.282417, "Total dispersion C8": 104208.422623, "Polarizability alpha": [6.762, 6.605, 6.62, 6.621, 6.625, 6.623, 6.413, 15.737, 2.501, 2.5, 2.505, 2.498, 2.513, 2.51, 2.51, 2.533, 2.504, 2.487, 2.394, 2.433, 2.378, 2.326, 2.34], "Total polarizability alpha": 98.940218, "Wiberg matrix": [[0.0, 1.0198485583562944, 0.0, 0.0, 0.0, 0.0, 0.0, 0.0, 0.9878134123830791, 0.9874056815246579, 0.9876449351385366, 0.0, 0.0, 0.0, 0.0, 0.0, 0.0, 0.0, 0.0, 0.0, 0.0, 0.0, 0.0], [1.0198485583562944, 0.0, 1.0088523634684528, 0.0, 0.0, 0.0, 0.0, 0.0, 0.0, 0.0, 0.0, 0.9761626252271984, 0.977869746199145, 0.0, 0.0, 0.0, 0.0, 0.0, 0.0, 0.0, 0.0, 0.0, 0.0], [0.0, 1.0088523634684528, 0.0, 1.0065554180356702, 0.0, 0.0, 0.0, 0.0, 0.0, 0.0, 0.0, 0.0, 0.0, 0.9771075898725525, 0.976600650145652, 0.0, 0.0, 0.0, 0.0, 0.0, 0.0, 0.0, 0.0], [0.0, 0.0, 1.0065554180356702, 0.0, 1.0077127495788882, 0.0, 0.0, 0.0, 0.0, 0.0, 0.0, 0.0, 0.0, 0.0, 0.0, 0.9769665291901432, 0.9771906421025851, 0.0, 0.0, 0.0, 0.0, 0.0, 0.0], [0.0, 0.0, 0.0, 1.0077127495788882, 0.0, 1.0068271295838545, 0.0, 0.0, 0.0, 0.0, 0.0, 0.0, 0.0, 0.0, 0.0, 0.0, 0.0, 0.9767184948088536, 0.9737658022619603, 0.0, 0.0, 0.0, 0.0], [0.0, 0.0, 0.0, 0.0, 1.0068271295838545, 0.0, 1.0146997622378278, 0.0, 0.0, 0.0, 0.0, 0.0, 0.0, 0.0, 0.0, 0.0, 0.0, 0.0, 0.0, 0.9679850880287626, 0.9749065368443214, 0.0, 0.0], [0.0, 0.0, 0.0, 0.0, 0.0, 1.0146997622378278, 0.0, 0.947446729838992, 0.0, 0.0, 0.0, 0.0, 0.0, 0.0, 0.0, 0.0, 0.0, 0.0, 0.0, 0.0, 0.0, 0.9783036582238172, 0.9792664983504588], [0.0, 0.0, 0.0, 0.0, 0.0, 0.0, 0.947446729838992, 0.0, 0.0, 0.0, 0.0, 0.0, 0.0, 0.0, 0.0, 0.0, 0.0, 0.0, 0.0, 0.0, 0.0, 0.0, 0.0], [0.9878134123830791, 0.0, 0.0, 0.0, 0.0, 0.0, 0.0, 0.0, 0.0, 0.0, 0.0, 0.0, 0.0, 0.0, 0.0, 0.0, 0.0, 0.0, 0.0, 0.0, 0.0, 0.0, 0.0], [0.9874056815246579, 0.0, 0.0, 0.0, 0.0, 0.0, 0.0, 0.0, 0.0, 0.0, 0.0, 0.0, 0.0, 0.0, 0.0, 0.0, 0.0, 0.0, 0.0, 0.0, 0.0, 0.0, 0.0], [0.9876449351385366, 0.0, 0.0, 0.0, 0.0, 0.0, 0.0, 0.0, 0.0, 0.0, 0.0, 0.0, 0.0, 0.0, 0.0, 0.0, 0.0, 0.0, 0.0, 0.0, 0.0, 0.0, 0.0], [0.0, 0.9761626252271984, 0.0, 0.0, 0.0, 0.0, 0.0, 0.0, 0.0, 0.0, 0.0, 0.0, 0.0, 0.0, 0.0, 0.0, 0.0, 0.0, 0.0, 0.0, 0.0, 0.0, 0.0], [0.0, 0.977869746199145, 0.0, 0.0, 0.0, 0.0, 0.0, 0.0, 0.0, 0.0, 0.0, 0.0, 0.0, 0.0, 0.0, 0.0, 0.0, 0.0, 0.0, 0.0, 0.0, 0.0, 0.0], [0.0, 0.0, 0.9771075898725525, 0.0, 0.0, 0.0, 0.0, 0.0, 0.0, 0.0, 0.0, 0.0, 0.0, 0.0, 0.0, 0.0, 0.0, 0.0, 0.0, 0.0, 0.0, 0.0, 0.0], [0.0, 0.0, 0.976600650145652, 0.0, 0.0, 0.0, 0.0, 0.0, 0.0, 0.0, 0.0, 0.0, 0.0, 0.0, 0.0, 0.0, 0.0, 0.0, 0.0, 0.0, 0.0, 0.0, 0.0], [0.0, 0.0, 0.0, 0.9769665291901432, 0.0, 0.0, 0.0, 0.0, 0.0, 0.0, 0.0, 0.0, 0.0, 0.0, 0.0, 0.0, 0.0, 0.0, 0.0, 0.0, 0.0, 0.0, 0.0], [0.0, 0.0, 0.0, 0.9771906421025851, 0.0, 0.0, 0.0, 0.0, 0.0, 0.0, 0.0, 0.0, 0.0, 0.0, 0.0, 0.0, 0.0, 0.0, 0.0, 0.0, 0.0, 0.0, 0.0], [0.0, 0.0, 0.0, 0.0, 0.9767184948088536, 0.0, 0.0, 0.0, 0.0, 0.0, 0.0, 0.0, 0.0, 0.0, 0.0, 0.0, 0.0, 0.0, 0.0, 0.0, 0.0, 0.0, 0.0], [0.0, 0.0, 0.0, 0.0, 0.9737658022619603, 0.0, 0.0, 0.0, 0.0, 0.0, 0.0, 0.0, 0.0, 0.0, 0.0, 0.0, 0.0, 0.0, 0.0, 0.0, 0.0, 0.0, 0.0], [0.0, 0.0, 0.0, 0.0, 0.0, 0.9679850880287626, 0.0, 0.0, 0.0, 0.0, 0.0, 0.0, 0.0, 0.0, 0.0, 0.0, 0.0, 0.0, 0.0, 0.0, 0.0, 0.0, 0.0], [0.0, 0.0, 0.0, 0.0, 0.0, 0.9749065368443214, 0.0, 0.0, 0.0, 0.0, 0.0, 0.0, 0.0, 0.0, 0.0, 0.0, 0.0, 0.0, 0.0, 0.0, 0.0, 0.0, 0.0], [0.0, 0.0, 0.0, 0.0, 0.0, 0.0, 0.9783036582238172, 0.0, 0.0, 0.0, 0.0, 0.0, 0.0, 0.0, 0.0, 0.0, 0.0, 0.0, 0.0, 0.0, 0.0, 0.0, 0.0], [0.0, 0.0, 0.0, 0.0, 0.0, 0.0, 0.9792664983504588, 0.0, 0.0, 0.0, 0.0, 0.0, 0.0, 0.0, 0.0, 0.0, 0.0, 0.0, 0.0, 0.0, 0.0, 0.0, 0.0]], "Born radii": [], "Atomic SASAs": [], "Solvent H bonds": [], "Total SASA": NaN, "Total FOD": 0.0, "FOD": [0.0, 0.0, 0.0, 0.0, 0.0, 0.0, 0.0, 0.0, 0.0, 0.0, 0.0, 0.0, 0.0, 0.0, 0.0, 0.0, 0.0, 0.0, 0.0, 0.0, 0.0, 0.0, 0.0], "FOD s proportion": [0.0, 0.0, 0.0, 0.0, 0.0, 0.0, 0.0, 0.0, 0.0, 0.0, 0.0, 0.0, 0.0, 0.0, 0.0, 0.0, 0.0, 0.0, 0.0, 0.0, 0.0, 0.0, 0.0], "FOD p proportion": [0.0, 0.0, 0.0, 0.0, 0.0, 0.0, 0.0, 0.0, 0.0, 0.0, 0.0, 0.0, 0.0, 0.0, 0.0, 0.0, 0.0, 0.0, 0.0, 0.0, 0.0, 0.0, 0.0], "FOD d proportion": [0.0, 0.0, 0.0, 0.0, 0.0, 0.0, 0.0, 0.0, 0.0, 0.0, 0.0, 0.0, 0.0, 0.0, 0.0, 0.0, 0.0, 0.0, 0.0, 0.0, 0.0, 0.0, 0.0], "coordinates": [["-3.49960", "0.49430", "-0.16100"], ["-2.01480", "0.67160", "0.11840"], ["-1.41480", "-0.58120", "0.75780"], ["0.05180", "-0.41430", "1.16580"], ["0.99740", "-0.22750", "-0.02390"], ["2.45880", "-0.18110", "0.43530"], ["3.45060", "-0.07410", "-0.71870"], ["3.32430", "1.48420", "-1.56690"], ["-3.67260", "-0.34320", "-0.84440"], ["-3.90920", "1.39890", "-0.62130"], ["-4.05330", "0.30370", "0.76390"], ["-1.50680", "0.89920", "-0.82470"], ["-1.87460", "1.53280", "0.78180"], ["-1.51110", "-1.43060", "0.07070"], ["-1.99170", "-0.83550", "1.65580"], ["0.35310", "-1.30830", "1.72580"], ["0.14830", "0.43550", "1.85260"], ["0.86280", "-1.05360", "-0.73240"], ["0.74640", "0.69840", "-0.55090"], ["2.68450", "-1.09810", "0.99370"], ["2.60390", "0.65460", "1.13100"], ["3.29200", "-0.87100", "-1.45160"], ["4.47470", "-0.15460", "-0.34220"]], "bond_dist": [[0.0, 1.5212267056556692, 2.5193818150490808, 3.898511787849307, 4.556621626819589, 6.0261322098009105, 6.9956692238841605, 7.0371917715804795, 1.0947012423487972, 1.0945087528201862, 1.0946926783348832, 2.1390870809763682, 2.1466203879587096, 2.777239123662203, 2.7097772399221305, 4.653243845963803, 4.16715932140829, 4.664013950450835, 4.268746281989596, 6.489388465795525, 6.240807026338821, 7.046667510958637, 8.002709862290398], [1.5212267056556692, 0.0, 1.5291632352368405, 2.5587225582309623, 3.146741003006126, 4.565152775099646, 5.579193674716805, 5.657432603222065, 2.1691251047369304, 2.1598316462168987, 2.169678065981218, 1.0951271022123417, 1.0960935361546476, 2.162228900926079, 2.1530171341631257, 3.480041548602545, 2.782479911877173, 3.461323076512795, 2.841286006371059, 5.097196157692973, 4.728428644909427, 5.745140642316775, 6.558076627335183], [2.5193818150490808, 1.5291632352368405, 0.0, 1.5314160669132346, 2.5602475310016413, 3.9075392793931067, 5.109727959490603, 5.668260408626266, 2.7787316675058786, 3.470553872222703, 2.782942232602035, 2.1689523761484484, 2.163559114052583, 1.0967499532710272, 1.097217435151301, 2.142701290427576, 2.1623014452198843, 2.7624843094577027, 2.83211180746806, 4.138489447854131, 4.220951263637144, 5.207628888467379, 6.006512949290961], [3.898511787849307, 2.5587225582309623, 1.5314160669132346, 0.0, 1.531156324481599, 2.5261950617480036, 3.9011431311860374, 4.667034153506914, 4.232861279323952, 4.708602940363521, 4.186752156505087, 2.8489658579912818, 2.765803928336208, 2.162120743621873, 2.143222267988087, 1.097095114381611, 1.0968894793916113, 2.160923119872616, 2.160469703559853, 2.725492641707183, 2.7671235353702586, 4.190256995698474, 4.680123128722149], [4.556621626819589, 3.146741003006126, 2.5602475310016413, 1.531156324481599, 0.0, 1.5325493662521938, 2.5543039834757337, 3.2749396177639674, 4.742942835413473, 5.203536036196924, 5.139296913975685, 2.8603760539481518, 3.463552017799069, 2.7836973650165353, 3.482208336673726, 2.1551568898806415, 2.163744915649717, 1.0965995714024332, 1.0945413697069655, 2.1540103365583, 2.166272529023068, 2.778058440709986, 3.4925985440642906], [6.0261322098009105, 4.565152775099646, 3.9075392793931067, 2.5261950617480036, 1.5325493662521938, 0.0, 1.5253957650393553, 2.7442884651581365, 6.265618441941705, 6.6456171692326675, 6.538383241291383, 4.2989104956953925, 4.67288679725927, 4.177833101022586, 4.660988077650489, 2.714763816614624, 2.7798102633093507, 2.1614799420767246, 2.1629665855024207, 1.0971053048818968, 1.097017315268998, 2.1749887034189395, 2.1608010806180196], [6.9956692238841605, 5.579193674716805, 5.109727959490603, 3.9011431311860374, 2.5543039834757337, 1.5253957650393553, 0.0, 1.7786775480676649, 7.1293894226644685, 7.506388732273329, 7.658286414727513, 5.05315383201422, 5.761196308059638, 5.204009175626039, 5.98636864050319, 4.134408801751467, 4.216214076633206, 2.7670050198725695, 2.817376568724884, 2.13724097143958, 2.1608550784353864, 1.0942330556147535, 1.0940810344759662], [7.0371917715804795, 5.657432603222065, 5.668260408626266, 4.667034153506914, 3.2749396177639674, 2.7442884651581365, 1.7786775480676649, 0.0, 7.267599783972697, 7.295543687758986, 7.826569532687996, 4.922663207045552, 5.70502540397499, 5.878680630889893, 6.635258802789835, 5.240988359078848, 4.783275858655865, 3.6326025573960057, 2.880157296051728, 3.692463905036852, 2.913052819637845, 2.358241806940077, 2.3471207233544678], [1.0947012423487972, 2.1691251047369304, 2.7787316675058786, 4.232861279323952, 4.742942835413473, 6.265618441941705, 7.1293894226644685, 7.267599783972697, 0.0, 1.7721923089777813, 1.774835482516619, 2.496925207129761, 3.0654047758819716, 2.5868763055082478, 3.0526683639072227, 4.872741173097541, 4.741250837068209, 4.592065474271899, 4.549575124118736, 6.660420859825601, 6.655243214939632, 7.010914194311609, 8.164941646454066], [1.0945087528201862, 2.1598316462168987, 3.470553872222703, 4.708602940363521, 5.203536036196924, 6.6456171692326675, 7.506388732273329, 7.295543687758986, 1.7721923089777813, 0.0, 1.7717242703084473, 2.4622342313435577, 2.4751193870195434, 3.773038279689195, 3.72216791937172, 5.568214394220107, 4.8488789446633955, 5.366477751747416, 4.708531381439439, 7.233264386844988, 6.785647308105543, 7.595994045547956, 8.531180356199252], [1.0946926783348832, 2.169678065981218, 2.782942232602035, 4.186752156505087, 5.139296913975685, 6.538383241291383, 7.658286414727513, 7.826569532687996, 1.774835482516619, 1.7717242703084473, 0.0, 3.0598909228925137, 2.501547702923132, 3.1545369818723, 2.518622006177188, 4.789588350787572, 4.342358977560469, 5.314999171213482, 4.992154566917975, 6.885913165296234, 6.676541399557109, 7.761558634063135, 8.611636319538814], [2.1390870809763682, 1.0951271022123417, 2.1689523761484484, 2.8489658579912818, 2.8603760539481518, 4.2989104956953925, 5.05315383201422, 4.922663207045552, 2.496925207129761, 2.4622342313435577, 3.0598909228925137, 0.0, 1.765663628780975, 2.49594224492475, 3.0654840319270953, 3.8519260779511333, 3.181557635812999, 3.0719621237899406, 2.2786393571603205, 4.986259273242818, 4.558776824982771, 5.15316340610309, 6.0927533135685055], [2.1466203879587096, 1.0960935361546476, 2.163559114052583, 2.765803928336208, 3.463552017799069, 4.67288679725927, 5.761196308059638, 5.70502540397499, 3.0654047758819716, 2.4751193870195434, 2.501547702923132, 1.765663628780975, 0.0, 3.0691261003745023, 2.5271393511241125, 3.7317063791247027, 2.5382679803361974, 4.059017782666147, 3.0564609681787203, 5.268009987651883, 4.57713208570607, 6.120464488909318, 6.665156055937476], [2.777239123662203, 2.162228900926079, 1.0967499532710272, 2.162120743621873, 2.7836973650165353, 4.177833101022586, 5.204009175626039, 5.878680630889893, 2.5868763055082478, 3.773038279689195, 3.1545369818723, 2.49594224492475, 3.0691261003745023, 0.0, 1.7600177215016897, 2.495907638515496, 3.06775246393838, 2.534265143981584, 3.1647012197046345, 4.308775302797768, 4.733446960725344, 5.069548210639682, 6.134204434969543], [2.7097772399221305, 2.1530171341631257, 1.097217435151301, 2.143222267988087, 3.482208336673726, 4.660988077650489, 5.98636864050319, 6.635258802789835, 3.0526683639072227, 3.72216791937172, 2.518622006177188, 3.0654840319270953, 2.5271393511241125, 1.7600177215016897, 0.0, 2.3930162724060193, 2.4967521382788482, 3.7281680621989133, 3.8366086209046655, 4.730135474804078, 4.859562985495712, 6.129818977751301, 6.802202420539983], [4.653243845963803, 3.480041548602545, 2.142701290427576, 1.097095114381611, 2.1551568898806415, 2.714763816614624, 4.134408801751467, 5.240988359078848, 4.872741173097541, 5.568214394220107, 4.789588350787572, 3.8519260779511333, 3.7317063791247027, 2.495907638515496, 2.3930162724060193, 0.0, 1.760357838622591, 2.5233734206415033, 3.060211213298847, 2.4526680187094216, 3.0451377784921325, 4.350199450599937, 4.753444461650941], [4.16715932140829, 2.782479911877173, 2.1623014452198843, 1.0968894793916113, 2.163744915649717, 2.7798102633093507, 4.216214076633206, 4.783275858655865, 4.741250837068209, 4.8488789446633955, 4.342358977560469, 3.181557635812999, 2.5382679803361974, 3.06775246393838, 2.4967521382788482, 1.760357838622591, 0.0, 3.067597440995151, 2.4907132050880527, 3.085765482015767, 2.56879012961355, 4.7442101112830155, 4.88703407088594], [4.664013950450835, 3.461323076512795, 2.7624843094577027, 2.160923119872616, 1.0965995714024332, 2.1614799420767246, 2.7670050198725695, 3.6326025573960057, 4.592065474271899, 5.366477751747416, 5.314999171213482, 3.0719621237899406, 4.059017782666147, 2.534265143981584, 3.7281680621989133, 2.5233734206415033, 3.067597440995151, 0.0, 1.7652181763170243, 2.509978555685287, 3.0694683595046226, 2.540000795275466, 3.7424963126234343], [4.268746281989596, 2.841286006371059, 2.83211180746806, 2.160469703559853, 1.0945413697069655, 2.1629665855024207, 2.817376568724884, 2.880157296051728, 4.549575124118736, 4.708531381439439, 4.992154566917975, 2.2786393571603205, 3.0564609681787203, 3.1647012197046345, 3.8366086209046655, 3.060211213298847, 2.4907132050880527, 1.7652181763170243, 0.0, 3.0609529594556006, 2.5061947849279393, 3.1231964731665536, 3.830324474506044], [6.489388465795525, 5.097196157692973, 4.138489447854131, 2.725492641707183, 2.1540103365583, 1.0971053048818968, 2.13724097143958, 3.692463905036852, 6.660420859825601, 7.233264386844988, 6.885913165296234, 4.986259273242818, 5.268009987651883, 4.308775302797768, 4.730135474804078, 2.4526680187094216, 3.085765482015767, 2.509978555685287, 3.0609529594556006, 0.0, 1.7599161741401208, 2.529846388617301, 2.4247963007230116], [6.240807026338821, 4.728428644909427, 4.220951263637144, 2.7671235353702586, 2.166272529023068, 1.097017315268998, 2.1608550784353864, 2.913052819637845, 6.655243214939632, 6.785647308105543, 6.676541399557109, 4.558776824982771, 4.57713208570607, 4.733446960725344, 4.859562985495712, 3.0451377784921325, 2.56879012961355, 3.0694683595046226, 2.5061947849279393, 1.7599161741401208, 0.0, 3.0774599477491176, 2.5149583535319233], [7.046667510958637, 5.745140642316775, 5.207628888467379, 4.190256995698474, 2.778058440709986, 2.1749887034189395, 1.0942330556147535, 2.358241806940077, 7.010914194311609, 7.595994045547956, 7.761558634063135, 5.15316340610309, 6.120464488909318, 5.069548210639682, 6.129818977751301, 4.350199450599937, 4.7442101112830155, 2.540000795275466, 3.1231964731665536, 2.529846388617301, 3.0774599477491176, 0.0, 1.7727878073813574], [8.002709862290398, 6.558076627335183, 6.006512949290961, 4.680123128722149, 3.4925985440642906, 2.1608010806180196, 1.0940810344759662, 2.3471207233544678, 8.164941646454066, 8.531180356199252, 8.611636319538814, 6.0927533135685055, 6.665156055937476, 6.134204434969543, 6.802202420539983, 4.753444461650941, 4.88703407088594, 3.7424963126234343, 3.830324474506044, 2.4247963007230116, 2.5149583535319233, 1.7727878073813574, 0.0]]}