{"total energy": -24.05161635, "HOMO-LUMO gap/eV": 11.93097231, "electronic energy": -24.34936797, "dipole": [-0.03429635, 0.36718069, -0.68042362], "partial charges": [-0.10037814, -0.05177902, -0.06325692, -0.02424505, -0.10824825, 0.07512998, -0.44516582, 0.03327504, 0.03092263, 0.03300556, 0.03059965, 0.02612036, 0.04500685, 0.03412917, 0.02633424, 0.04055715, 0.03698429, 0.03115513, 0.01774446, 0.04729042, 0.2848183], "atomic dipole moments": [[-0.09123983, 0.01502919, -0.03999464], [0.0184737, -0.05597602, 0.09609499], [-0.02866564, 0.04951106, -0.10648784], [-0.01710917, 0.03681912, 0.0836722], [0.02713919, -0.10083207, 0.01690629], [0.10488399, -0.1647385, -0.03984354], [-0.05465394, 0.18007692, -0.14781974], [0.00990681, 0.05364429, 0.11396501], [0.08693489, 0.0510743, -0.07347483], [0.02718949, -0.12258298, 0.0111227], [-0.01405695, 0.12201133, -0.01386643], [3.676e-05, -0.0490088, -0.11315257], [0.03172455, -0.11898421, 0.0249062], [0.00245436, 0.05450619, 0.11363302], [0.00630534, -0.05525737, -0.10960975], [0.06998799, 0.05990059, -0.08622163], [0.00086339, 0.0706193, 0.10654697], [-0.11664627, 0.00582099, -0.04559446], [-0.1091862, -0.00377359, -0.04264939], [-0.0092073, 0.05080362, 0.11873372], [-0.00249509, -0.02304804, -0.07495157]], "atomic quadrupole moments": [[0.17744768, -0.0403302, -0.11529645, 0.12117089, -0.02998285, -0.06215123], [0.21218224, 0.03642208, -0.16793347, 0.00015689, -0.10868354, -0.04424878], [0.20831545, 0.08828551, -0.173643, -0.00033073, -0.09626453, -0.03467244], [0.07467786, 0.01105385, 0.05790002, -0.00882726, -0.14357346, -0.13257787], [-0.06318544, -0.08231003, 0.18793731, 0.01391964, -0.04750907, -0.12475187], [-0.15719876, -0.10265676, 0.39884085, -0.10072217, -0.13258708, -0.2416421], [-0.0998612, -0.06721954, 0.15086572, 0.00662738, -0.03264587, -0.05100452], [-0.03223214, -0.01032652, -0.02280196, 0.00125077, 0.05081463, 0.0550341], [0.01972551, 0.03255884, -0.02761632, -0.04385527, -0.04116638, 0.00789081], [-0.03258221, -0.01186066, 0.0785284, 0.01205127, -0.00652199, -0.04594618], [-0.01091031, -0.01764778, 0.05070943, -0.001949, -0.00064509, -0.03979912], [-0.01788391, 0.00503109, -0.01444127, 0.00241427, 0.04309, 0.03232518], [-0.01159728, -0.01221342, 0.0533992, -0.0034043, -0.00593893, -0.04180192], [-0.02131504, 0.00404103, -0.00497485, -0.00885578, 0.04574217, 0.02628989], [-0.01579496, -0.0052474, -0.0092683, 0.00239869, 0.02405789, 0.02506325], [0.01239877, 0.02283172, -0.01553794, -0.05973045, -0.03002528, 0.00313917], [-0.04845035, -0.00226362, -0.01201655, 0.01070772, 0.04395007, 0.0604669], [0.0665248, 0.010128, -0.02815827, 0.04330027, 0.00077384, -0.03836653], [0.02107251, -0.01002738, 0.00166762, 0.04043156, -0.01118972, -0.02274013], [-0.03480335, 0.00619728, -0.00720979, 0.01044975, 0.02511062, 0.04201314], [-0.08698012, -0.01858224, -0.01579334, 0.00166399, 0.07213744, 0.10277346]], "number of molecular orbitals": 42, "number of electrons": 44, "number of unpaired electrons": 0, "orbital energies/eV": [-18.55060114, -17.21647676, -16.75091587, -16.41283109, -16.01918751, -15.59721181, -15.17897317, -14.79641991, -14.332624, -14.00896714, -13.86589277, -13.55459035, -13.09294854, -12.90343067, -12.65289751, -12.49788058, -12.13647578, -11.93121177, -11.86009027, -11.59578722, -11.41499731, -10.98746686, 0.94350546, 1.50509156, 2.29448989, 2.73188584, 3.5002174, 3.61384293, 3.70324433, 4.21230204, 4.34453977, 4.63111228, 4.85483055, 5.30283373, 5.57105961, 5.93956081, 6.2154637, 6.58848655, 7.07354663, 7.21350611, 7.70668507, 8.26151332], "fractional occupation": [2.0, 2.0, 2.0, 2.0, 2.0, 2.0, 2.0, 2.0, 2.0, 2.0, 2.0, 2.0, 2.0, 2.0, 2.0, 2.0, 2.0, 2.0, 2.0, 2.0, 2.0, 2.0, 0.0, 0.0, 0.0, 0.0, 0.0, 0.0, 0.0, 0.0, 0.0, 0.0, 0.0, 0.0, 0.0, 0.0, 0.0, 0.0, 0.0, 0.0, 0.0, 0.0], "program call": "xtb /home/svss/Project-DBcg-Debug/aqme2_20220329/End-to-End-workflows-final/example-3/QDESCP/mol_896_rdkit_conf_5/mol_896_rdkit_conf_5.xyz --pop --wbo --acc 0.2 --gfn 2 --chrg 0 --uhf 0 --etemp 300 --input /home/svss/Project-DBcg-Debug/aqme2_20220329/End-to-End-workflows-final/example-3/QDESCP/mol_896_rdkit_conf_5/mol_896_rdkit_conf_5_xtb.inp", "method": "GFN2-xTB", "xtb version": "6.3.3 (7355c4f)", "Dipole module/D": 1.967, "Total charge": 0, "Transition dipole module/D": NaN, "HOMO": -10.9875, "LUMO": 0.9435, "HOMO occupancy": 2.0, "LUMO occupancy": 0, "mulliken charges": [-0.0828, -0.0398, -0.05067, -0.02897, -0.09401, 0.18954, -0.56345, 0.0275, 0.02755, 0.02787, 0.021, 0.02062, 0.03558, 0.02422, 0.01903, 0.03359, 0.03002, 0.02789, 0.01132, 0.03043, 0.33355], "cm5 charges": [-0.23327, -0.15256, -0.15824, -0.09933, -0.2423, 0.10432, -0.77873, 0.07879, 0.07832, 0.07916, 0.07635, 0.07549, 0.09436, 0.08038, 0.07968, 0.08555, 0.082, 0.07943, 0.07414, 0.09365, 0.50282], "FUKUI+": [0.009, -0.015, -0.022, -0.028, 0.018, -0.006, -0.103, -0.041, -0.072, -0.039, -0.045, -0.045, -0.047, -0.054, -0.054, -0.051, -0.053, -0.053, -0.109, -0.082, -0.106], "FUKUI-": [0.018, 0.001, 0.002, -0.014, 0.022, 0.009, -0.123, -0.066, -0.083, -0.075, -0.084, -0.074, -0.053, -0.061, -0.043, -0.061, -0.039, -0.056, -0.107, -0.061, -0.052], "FUKUIrad": [0.014, -0.007, -0.01, -0.021, 0.02, 0.001, -0.113, -0.054, -0.077, -0.057, -0.064, -0.06, -0.05, -0.057, -0.049, -0.056, -0.046, -0.055, -0.108, -0.072, -0.079], "s proportion": [1.008, 1.027, 1.036, 1.063, 1.012, 0.997, 1.696, 0.973, 0.972, 0.972, 0.979, 0.979, 0.964, 0.976, 0.981, 0.966, 0.97, 0.972, 0.989, 0.97, 0.666], "p proportion": [3.075, 3.013, 3.015, 2.966, 3.082, 2.813, 4.868, 0.0, 0.0, 0.0, 0.0, 0.0, 0.0, 0.0, 0.0, 0.0, 0.0, 0.0, 0.0, 0.0, 0.0], "d proportion": [0.0, 0.0, 0.0, 0.0, 0.0, 0.0, 0.0, 0.0, 0.0, 0.0, 0.0, 0.0, 0.0, 0.0, 0.0, 0.0, 0.0, 0.0, 0.0, 0.0, 0.0], "Fermi-level/eV": -5.022, "Coordination numbers": [3.75, 3.799, 3.802, 3.847, 3.752, 3.677, 1.653, 0.924, 0.924, 0.924, 0.924, 0.924, 0.924, 0.924, 0.923, 0.924, 0.924, 0.924, 0.924, 0.924, 0.804], "Dispersion coefficient C6": [22.481, 21.505, 21.714, 20.973, 22.63, 19.54, 21.747, 2.54, 2.573, 2.544, 2.578, 2.642, 2.383, 2.529, 2.639, 2.442, 2.49, 2.57, 2.768, 2.354, 0.769], "Total dispersion C6": 2910.517454, "Total dispersion C8": 60069.821208, "Polarizability alpha": [6.762, 6.603, 6.634, 6.514, 6.784, 6.333, 6.295, 2.493, 2.509, 2.494, 2.511, 2.542, 2.414, 2.487, 2.541, 2.444, 2.467, 2.507, 2.602, 2.399, 1.377], "Total polarizability alpha": 79.712497, "Wiberg matrix": [[0.0, 1.0195881306494443, 0.0, 0.0, 0.0, 0.0, 0.0, 0.9877578218607257, 0.9873506134319646, 0.9875545904142772, 0.0, 0.0, 0.0, 0.0, 0.0, 0.0, 0.0, 0.0, 0.0, 0.0, 0.0], [1.0195881306494443, 0.0, 1.007945627099831, 0.0, 0.0, 0.0, 0.0, 0.0, 0.0, 0.0, 0.9763945991827502, 0.9781795457690796, 0.0, 0.0, 0.0, 0.0, 0.0, 0.0, 0.0, 0.0, 0.0], [0.0, 1.007945627099831, 0.0, 0.9949146076032861, 0.0, 0.0, 0.0, 0.0, 0.0, 0.0, 0.0, 0.0, 0.9739409315187274, 0.9767156942417761, 0.0, 0.0, 0.0, 0.0, 0.0, 0.0, 0.0], [0.0, 0.0, 0.9949146076032861, 0.0, 1.0087637469785078, 0.9873664773585977, 0.0, 0.0, 0.0, 0.0, 0.0, 0.0, 0.0, 0.0, 0.966438967050119, 0.0, 0.0, 0.0, 0.0, 0.0, 0.0], [0.0, 0.0, 0.0, 1.0087637469785078, 0.0, 0.0, 0.0, 0.0, 0.0, 0.0, 0.0, 0.0, 0.0, 0.0, 0.0, 0.9841059159632334, 0.986859621582293, 0.9857197188738012, 0.0, 0.0, 0.0], [0.0, 0.0, 0.0, 0.9873664773585977, 0.0, 0.0, 0.9946039727985052, 0.0, 0.0, 0.0, 0.0, 0.0, 0.0, 0.0, 0.0, 0.0, 0.0, 0.0, 0.9718692149396047, 0.9727452439706004, 0.0], [0.0, 0.0, 0.0, 0.0, 0.0, 0.9946039727985052, 0.0, 0.0, 0.0, 0.0, 0.0, 0.0, 0.0, 0.0, 0.0, 0.0, 0.0, 0.0, 0.0, 0.0, 0.9039565992947988], [0.9877578218607257, 0.0, 0.0, 0.0, 0.0, 0.0, 0.0, 0.0, 0.0, 0.0, 0.0, 0.0, 0.0, 0.0, 0.0, 0.0, 0.0, 0.0, 0.0, 0.0, 0.0], [0.9873506134319646, 0.0, 0.0, 0.0, 0.0, 0.0, 0.0, 0.0, 0.0, 0.0, 0.0, 0.0, 0.0, 0.0, 0.0, 0.0, 0.0, 0.0, 0.0, 0.0, 0.0], [0.9875545904142772, 0.0, 0.0, 0.0, 0.0, 0.0, 0.0, 0.0, 0.0, 0.0, 0.0, 0.0, 0.0, 0.0, 0.0, 0.0, 0.0, 0.0, 0.0, 0.0, 0.0], [0.0, 0.9763945991827502, 0.0, 0.0, 0.0, 0.0, 0.0, 0.0, 0.0, 0.0, 0.0, 0.0, 0.0, 0.0, 0.0, 0.0, 0.0, 0.0, 0.0, 0.0, 0.0], [0.0, 0.9781795457690796, 0.0, 0.0, 0.0, 0.0, 0.0, 0.0, 0.0, 0.0, 0.0, 0.0, 0.0, 0.0, 0.0, 0.0, 0.0, 0.0, 0.0, 0.0, 0.0], [0.0, 0.0, 0.9739409315187274, 0.0, 0.0, 0.0, 0.0, 0.0, 0.0, 0.0, 0.0, 0.0, 0.0, 0.0, 0.0, 0.0, 0.0, 0.0, 0.0, 0.0, 0.0], [0.0, 0.0, 0.9767156942417761, 0.0, 0.0, 0.0, 0.0, 0.0, 0.0, 0.0, 0.0, 0.0, 0.0, 0.0, 0.0, 0.0, 0.0, 0.0, 0.0, 0.0, 0.0], [0.0, 0.0, 0.0, 0.966438967050119, 0.0, 0.0, 0.0, 0.0, 0.0, 0.0, 0.0, 0.0, 0.0, 0.0, 0.0, 0.0, 0.0, 0.0, 0.0, 0.0, 0.0], [0.0, 0.0, 0.0, 0.0, 0.9841059159632334, 0.0, 0.0, 0.0, 0.0, 0.0, 0.0, 0.0, 0.0, 0.0, 0.0, 0.0, 0.0, 0.0, 0.0, 0.0, 0.0], [0.0, 0.0, 0.0, 0.0, 0.986859621582293, 0.0, 0.0, 0.0, 0.0, 0.0, 0.0, 0.0, 0.0, 0.0, 0.0, 0.0, 0.0, 0.0, 0.0, 0.0, 0.0], [0.0, 0.0, 0.0, 0.0, 0.9857197188738012, 0.0, 0.0, 0.0, 0.0, 0.0, 0.0, 0.0, 0.0, 0.0, 0.0, 0.0, 0.0, 0.0, 0.0, 0.0, 0.0], [0.0, 0.0, 0.0, 0.0, 0.0, 0.9718692149396047, 0.0, 0.0, 0.0, 0.0, 0.0, 0.0, 0.0, 0.0, 0.0, 0.0, 0.0, 0.0, 0.0, 0.0, 0.0], [0.0, 0.0, 0.0, 0.0, 0.0, 0.9727452439706004, 0.0, 0.0, 0.0, 0.0, 0.0, 0.0, 0.0, 0.0, 0.0, 0.0, 0.0, 0.0, 0.0, 0.0, 0.0], [0.0, 0.0, 0.0, 0.0, 0.0, 0.0, 0.9039565992947988, 0.0, 0.0, 0.0, 0.0, 0.0, 0.0, 0.0, 0.0, 0.0, 0.0, 0.0, 0.0, 0.0, 0.0]], "Born radii": [], "Atomic SASAs": [], "Solvent H bonds": [], "Total SASA": NaN, "Total FOD": 0.0, "FOD": [0.0, 0.0, 0.0, 0.0, 0.0, 0.0, 0.0, 0.0, 0.0, 0.0, 0.0, 0.0, 0.0, 0.0, 0.0, 0.0, 0.0, 0.0, 0.0, 0.0, 0.0], "FOD s proportion": [0.0, 0.0, 0.0, 0.0, 0.0, 0.0, 0.0, 0.0, 0.0, 0.0, 0.0, 0.0, 0.0, 0.0, 0.0, 0.0, 0.0, 0.0, 0.0, 0.0, 0.0], "FOD p proportion": [0.0, 0.0, 0.0, 0.0, 0.0, 0.0, 0.0, 0.0, 0.0, 0.0, 0.0, 0.0, 0.0, 0.0, 0.0, 0.0, 0.0, 0.0, 0.0, 0.0, 0.0], "FOD d proportion": [0.0, 0.0, 0.0, 0.0, 0.0, 0.0, 0.0, 0.0, 0.0, 0.0, 0.0, 0.0, 0.0, 0.0, 0.0, 0.0, 0.0, 0.0, 0.0, 0.0, 0.0], "coordinates": [["2.89610", "0.18870", "0.10340"], ["1.51740", "0.40590", "-0.50230"], ["0.42030", "-0.20180", "0.37590"], ["-0.98680", "-0.12620", "-0.25400"], ["-1.44250", "1.31560", "-0.48500"], ["-2.01400", "-0.85220", "0.62770"], ["-1.69290", "-2.23150", "0.75490"], ["2.96650", "0.65050", "1.09340"], ["3.66490", "0.63480", "-0.53530"], ["3.11690", "-0.87860", "0.20490"], ["1.35730", "1.48240", "-0.62340"], ["1.48880", "-0.04530", "-1.50070"], ["0.67280", "-1.25220", "0.56770"], ["0.41540", "0.30200", "1.35100"], ["-0.94730", "-0.63900", "-1.22400"], ["-0.80750", "1.82300", "-1.21730"], ["-1.42040", "1.89240", "0.44580"], ["-2.46600", "1.34190", "-0.87460"], ["-3.01960", "-0.78100", "0.19950"], ["-2.04570", "-0.41850", "1.63280"], ["-1.67380", "-2.61080", "-0.14020"]], "bond_dist": [[0.0, 1.5214670617532278, 2.521176737160646, 3.912008330768226, 4.521014059920628, 5.0465280451018995, 5.2288374702222296, 1.0946759337813177, 1.094530191452022, 1.0946159965942395, 2.137709842331274, 2.1467151883750204, 2.6897639654809864, 2.7790673147658733, 4.149554386919155, 4.258149591078266, 4.653171359406399, 5.571218058019269, 5.995419901057807, 5.208564431779644, 5.364748570063653], [1.5214670617532278, 0.0, 1.5310659489388432, 2.5721199311074123, 3.0965886698107, 3.9154184412397095, 4.340789869367095, 2.169326729656001, 2.159916771544682, 2.1699014585920713, 1.095056834141498, 1.0959935948717947, 2.1465192219032185, 2.15868480793283, 2.772618435702973, 2.8150590437857606, 3.4262581192899053, 4.108792870174889, 4.741900868849959, 4.234851706966845, 4.406285594466159], [2.521176737160646, 1.5310659489388432, 0.0, 1.5435089180176447, 2.5521903161794186, 2.532240093277097, 2.9544775054144514, 2.7792725630999198, 3.4724075452054874, 2.785489328645866, 2.1709673258711195, 2.165135575431709, 1.097216318690166, 1.0975693417729926, 2.1496868632431094, 2.854048724181141, 2.78903856911302, 3.503924603926289, 3.492778494264989, 2.7763127525550866, 3.2334030092149044], [3.912008330768226, 2.5721199311074123, 1.5435089180176447, 0.0, 1.5296439879919772, 1.536102447755357, 2.439004819593434, 4.24821498278983, 4.721923716029305, 4.197266808293225, 2.8668545707796205, 2.772976931025572, 2.167334549625415, 2.173831888624325, 1.0979180707138396, 2.1816223367026657, 2.180017192592756, 2.174510200022065, 2.183277611757149, 2.1832825607328066, 2.5803404039002293], [4.521014059920628, 3.0965886698107, 2.5521903161794186, 1.5296439879919772, 0.0, 2.5028124939755276, 3.7658957208079995, 4.730009045445896, 5.152819955131365, 5.1067214541229875, 2.8081767821844834, 3.3876562679823348, 3.4894509912019114, 2.801798238631754, 2.1475113969429827, 1.094048924865794, 1.0952512451488015, 1.0954597664907646, 2.711367961011563, 2.8028610186735983, 3.9482912367250727], [5.0465280451018995, 3.9154184412397095, 2.532240093277097, 1.536102447755357, 2.5028124939755276, 0.0, 1.4218837997529896, 5.2230607913368186, 5.9844501175964355, 5.148358147021242, 4.2873385753868325, 4.177413315677538, 2.7170745738753657, 2.7851974597862896, 2.1475791068084082, 3.466462503763743, 2.813943448259044, 2.697273456659521, 1.0952881082162813, 1.0951377036701824, 1.94886644231974], [5.2288374702222296, 4.340789869367095, 2.9544775054144514, 2.439004819593434, 3.7658957208079995, 1.4218837997529896, 0.0, 5.489126944241679, 6.211788194231995, 5.026630526505802, 4.9996484016378595, 4.471064379988282, 2.567218109160186, 3.3494606058289444, 2.647266669604708, 4.594831471338203, 4.144436061757981, 4.002766720657101, 2.0426826234146116, 2.045029400766649, 0.9723360067384113], [1.0946759337813177, 2.169326729656001, 2.7792725630999198, 4.24821498278983, 4.730009045445896, 5.2230607913368186, 5.489126944241679, 0.0, 1.7721943290734228, 1.7748800579194077, 2.49579335883402, 3.06546729553587, 3.0261671252592772, 2.587647816067712, 4.727682672303631, 4.577899817601954, 4.605061669511061, 5.8192021970369785, 6.219456782549422, 5.15323803059785, 5.804328620951781], [1.094530191452022, 2.159916771544682, 3.4724075452054874, 4.721923716029305, 5.152819955131365, 5.9844501175964355, 6.211788194231995, 1.7721943290734228, 0.0, 1.7716036802851818, 2.4599197405606548, 2.4758724482493033, 3.7054069155762095, 3.772019854136507, 4.8341765555262874, 4.677531934685214, 5.329577005729441, 6.180861566966211, 6.872187492349143, 6.1984716551743615, 6.260330746853555], [1.0946159965942395, 2.1699014585920713, 2.785489328645866, 4.197266808293225, 5.1067214541229875, 5.148358147021242, 5.026630526505802, 1.7748800579194077, 1.7716036802851818, 0.0, 3.058855022716833, 2.500833832944524, 2.498964907716793, 3.163141447991221, 4.31472884547801, 4.972143477414947, 5.321988829375725, 6.104483017422524, 6.137278482356818, 5.376153753381686, 5.105919832899846], [2.137709842331274, 1.095056834141498, 2.1709673258711195, 2.8668545707796205, 2.8081767821844834, 4.2873385753868325, 4.9996484016378595, 2.49579335883402, 2.4599197405606548, 3.058855022716833, 0.0, 1.7665828115319133, 3.060277212933495, 2.485714209236452, 3.1893948454213064, 2.2704811406395784, 3.004480975143627, 3.834118487996948, 4.995737941485722, 4.503805973840348, 5.116183703699467], [2.1467151883750204, 1.0959935948717947, 2.165135575431709, 2.772976931025572, 3.3876562679823348, 4.177413315677538, 4.471064379988282, 3.06546729553587, 2.4758724482493033, 2.500833832944524, 1.7665828115319133, 0.0, 2.5299688081081158, 3.066756876571731, 2.5226227997859687, 2.9738618226138214, 4.000873427140629, 4.237542694770166, 4.874177375721979, 4.738226539539872, 4.2935753469573585], [2.6897639654809864, 2.1465192219032185, 1.097216318690166, 2.167334549625415, 3.4894509912019114, 2.7170745738753657, 2.567218109160186, 3.0261671252592772, 3.7054069155762095, 2.498964907716793, 3.060277212933495, 2.5299688081081158, 0.0, 1.7593610459482159, 2.4921731761657333, 3.851541007181411, 3.779531056890524, 4.319913140330486, 3.740510451796653, 3.0364018097083267, 2.8024003871681145], [2.7790673147658733, 2.15868480793283, 1.0975693417729926, 2.173831888624325, 2.801798238631754, 2.7851974597862896, 3.3494606058289444, 2.587647816067712, 3.772019854136507, 3.163141447991221, 2.485714209236452, 3.066756876571731, 1.7593610459482159, 0.0, 3.061544918827748, 3.2256922202838876, 2.592088123501977, 3.7864433615201483, 3.7812783883231873, 2.579834238861094, 3.8823752935541918], [4.149554386919155, 2.772618435702973, 2.1496868632431094, 1.0979180707138396, 2.1475113969429827, 2.1475791068084082, 2.647266669604708, 4.727682672303631, 4.8341765555262874, 4.31472884547801, 3.1893948454213064, 2.5226227997859687, 2.4921731761657333, 3.061544918827748, 0.0, 2.465975046507973, 3.069208629272373, 2.520415612552819, 2.5181230192347637, 3.068616797516431, 2.3644068875724416], [4.258149591078266, 2.8150590437857606, 2.854048724181141, 2.1816223367026657, 1.094048924865794, 3.466462503763743, 4.594831471338203, 4.577899817601954, 4.677531934685214, 4.972143477414947, 2.2704811406395784, 2.9738618226138214, 3.851541007181411, 3.2256922202838876, 2.465975046507973, 0.0, 1.7737994193256466, 1.7605461510565408, 3.6988545051137116, 3.8315181716912163, 4.6442655544230025], [4.653171359406399, 3.4262581192899053, 2.78903856911302, 2.180017192592756, 1.0952512451488015, 2.813943448259044, 4.144436061757981, 4.605061669511061, 5.329577005729441, 5.321988829375725, 3.004480975143627, 4.000873427140629, 3.779531056890524, 2.592088123501977, 3.069208629272373, 1.7737994193256466, 0.0, 1.7719440651442697, 3.124927501559036, 2.67212048755291, 4.548232381925971], [5.571218058019269, 4.108792870174889, 3.503924603926289, 2.174510200022065, 1.0954597664907646, 2.697273456659521, 4.002766720657101, 5.8192021970369785, 6.180861566966211, 6.104483017422524, 3.834118487996948, 4.237542694770166, 4.319913140330486, 3.7864433615201483, 2.520415612552819, 1.7605461510565408, 1.7719440651442697, 0.0, 2.4427173762021672, 3.09236398407432, 4.097653168583208], [5.995419901057807, 4.741900868849959, 3.492778494264989, 2.183277611757149, 2.711367961011563, 1.0952881082162813, 2.0426826234146116, 6.219456782549422, 6.872187492349143, 6.137278482356818, 4.995737941485722, 4.874177375721979, 3.740510451796653, 3.7812783883231873, 2.5181230192347637, 3.6988545051137116, 3.124927501559036, 2.4427173762021672, 0.0, 1.7703774597525805, 2.296680598167712], [5.208564431779644, 4.234851706966845, 2.7763127525550866, 2.1832825607328066, 2.8028610186735983, 1.0951377036701824, 2.045029400766649, 5.15323803059785, 6.1984716551743615, 5.376153753381686, 4.503805973840348, 4.738226539539872, 3.0364018097083267, 2.579834238861094, 3.068616797516431, 3.8315181716912163, 2.67212048755291, 3.09236398407432, 1.7703774597525805, 0.0, 2.843944074696266], [5.364748570063653, 4.406285594466159, 3.2334030092149044, 2.5803404039002293, 3.9482912367250727, 1.94886644231974, 0.9723360067384113, 5.804328620951781, 6.260330746853555, 5.105919832899846, 5.116183703699467, 4.2935753469573585, 2.8024003871681145, 3.8823752935541918, 2.3644068875724416, 4.6442655544230025, 4.548232381925971, 4.097653168583208, 2.296680598167712, 2.843944074696266, 0.0]]}