{"total energy": -45.5890598, "HOMO-LUMO gap/eV": 2.6789093, "electronic energy": -46.11165174, "dipole": [-1.44933858, -0.30902672, -0.637135], "partial charges": [-0.28808605, 0.11085044, -0.10141303, 0.1452804, -0.30819775, 0.1787927, -0.26386982, 0.15597919, -0.54146328, -0.13587035, 0.00448108, -0.06055913, -0.05520368, -0.05950379, 0.01024553, 0.20310866, 0.1719832, 0.05425791, 0.20929792, 0.19308614, 0.04841511, 0.03810476, 0.03502885, 0.04146588, 0.03407562, 0.03286876, 0.04316999, 0.03553726, 0.02600533, 0.04213213], "atomic dipole moments": [[-0.01285725, -0.18172668, -0.03667715], [0.16370394, -0.00837944, 0.02560208], [0.02062465, -0.00725002, 0.01539022], [-0.07723801, -0.03834696, 0.03484593], [0.1581772, 0.17519007, -0.15432716], [0.10783451, 0.01628646, 0.00801871], [-0.03025927, -0.03940045, -0.14232254], [0.06800283, 0.00844567, 0.00915857], [-0.31517526, 0.01629197, -0.01270333], [0.0255078, 0.01644246, 0.22438317], [-0.00343117, 0.12945971, -0.08012628], [0.06657673, 0.08027484, 0.06306192], [0.09301931, -0.00405986, -0.0762879], [0.06978072, -0.07320815, 0.07301225], [-0.00254899, -0.13280121, -0.05522223], [0.11336469, -0.04352559, 0.0315901], [-0.02170439, -0.02898756, -0.12962229], [-0.0720543, 0.0956676, -0.09848282], [0.12628952, -0.00715498, -0.0439417], [-0.08417467, -0.10898343, -0.00201697], [0.04431836, -0.11382472, -0.04408961], [0.01475418, -0.00197073, 0.12367907], [-0.05716449, -0.09593697, 0.05490862], [-0.01672607, -0.01736683, -0.12285386], [-0.0040522, 0.00790037, 0.12375066], [-0.11772756, -0.00023586, -0.03646907], [-0.01755022, 0.00262844, -0.12396918], [-0.05332015, 0.1041063, 0.04260144], [0.01833215, 0.0177625, 0.12037262], [0.04490086, 0.1071208, -0.05470551]], "atomic quadrupole moments": [[0.00368708, 0.06107981, 0.01728488, -0.06631963, -0.03754714, -0.02097196], [-0.23195236, 0.01535357, 0.11038099, -0.04059198, 0.21440845, 0.12157137], [-0.16101473, 0.00838346, 0.07875596, -0.05494716, 0.30580279, 0.08225877], [-0.10017195, -0.05965496, 0.04423808, 0.00790882, 0.37670827, 0.05593387], [-0.09757442, -0.03226338, 0.02946543, -0.0019141, 0.16433851, 0.06810899], [-0.19404616, -0.05022304, 0.0836029, -0.00903805, 0.25220588, 0.11044326], [-0.05023734, -0.06460745, 0.01356899, 0.0497409, -0.02450469, 0.03666834], [0.10680615, -0.01764976, -0.05621989, 0.01400135, 0.14199717, -0.05058626], [0.26942279, -0.02819755, -0.13708065, 0.02339488, 0.08190042, -0.13234214], [0.02926203, -0.00046732, 0.05008082, -0.04803884, -0.01674686, -0.07934286], [0.1777507, 0.15454114, 0.03240408, -0.0098437, -0.14699756, -0.21015479], [0.17099536, -0.11728016, 0.02430754, 0.03203325, 0.07698018, -0.1953029], [-0.07537902, 0.00027199, 0.22501108, -0.10364027, -0.02363712, -0.14963206], [0.18381851, 0.10829607, -0.00929959, 0.01305932, -0.0999848, -0.17451892], [0.15560856, -0.15290023, 0.0776861, -0.00300247, 0.09397674, -0.23329466], [0.08173543, 0.01453282, -0.05823602, 0.00597888, -0.00822385, -0.02349941], [-0.01335542, 0.01348586, -0.05532295, 0.02470157, -0.02500474, 0.06867837], [0.02386553, -0.00132947, -0.01164951, 0.00120849, -0.04673637, -0.01221603], [0.06686211, -0.02945969, -0.01734161, 0.00988809, -0.01250332, -0.04952051], [-0.00147424, 0.03332958, 0.0410828, -0.0074028, -0.04411757, -0.03960856], [0.00715299, -0.02239637, 0.01307733, -0.02028466, 0.02958294, -0.02023032], [-0.01494666, 0.02141916, -0.02676138, 0.00274056, 0.00802393, 0.04170804], [-0.01181398, 0.02297296, 0.02348906, -0.02374851, -0.03853476, -0.01167508], [-0.01978397, -0.02049338, -0.03628996, 0.00378152, 0.00374673, 0.05607394], [-0.04804951, 0.00148062, -0.00811722, 0.01276298, 0.00386069, 0.05616673], [0.04613441, 0.00057318, -0.02216257, 0.0341754, -0.0009467, -0.02397183], [-0.01816428, 0.02090752, -0.03753972, 0.00150206, 0.00742924, 0.055704], [-0.01419095, -0.02312456, 0.03488338, -0.02034064, 0.03394826, -0.02069243], [-0.01550759, -0.02517524, -0.02607474, 0.00658304, -0.00061594, 0.04158233], [0.01153052, 0.02336241, -0.00127138, -0.02778681, -0.03410913, -0.01025914]], "number of molecular orbitals": 75, "number of electrons": 82, "number of unpaired electrons": 0, "orbital energies/eV": [-18.77133251, -18.40239705, -18.29759012, -17.87417586, -17.62466256, -17.40463225, -17.16935236, -17.00802882, -16.92558823, -16.53076578, -16.39473919, -16.11291475, -15.8032799, -15.47115823, -15.39688523, -15.10687552, -15.04711104, -14.58365701, -14.42229188, -14.40669181, -14.1913382, -14.08356566, -13.88467281, -13.83131507, -13.67926936, -13.52707018, -13.27074894, -13.21349788, -12.97596145, -12.84758667, -12.67991411, -12.26365449, -11.98337663, -11.81959915, -11.78662084, -11.70994857, -10.94335264, -10.67714705, -10.27191662, -10.0764269, -9.49753974, -6.81863045, -6.53737856, -3.64580208, -0.66151376, 0.03000868, 0.98043001, 1.13835904, 1.83126262, 2.0752108, 2.45504861, 2.60668741, 2.62640636, 3.10060408, 3.38985941, 3.4670953, 3.72094129, 4.372842, 4.41127872, 4.57720231, 4.99064365, 5.1456155, 5.20181303, 6.05706464, 6.21545981, 6.35928705, 6.78528885, 7.1786947, 7.59819408, 7.72464849, 8.87326599, 9.90641393, 10.33243147, 14.51235774, 15.16113104], "fractional occupation": [2.0, 2.0, 2.0, 2.0, 2.0, 2.0, 2.0, 2.0, 2.0, 2.0, 2.0, 2.0, 2.0, 2.0, 2.0, 2.0, 2.0, 2.0, 2.0, 2.0, 2.0, 2.0, 2.0, 2.0, 2.0, 2.0, 2.0, 2.0, 2.0, 2.0, 2.0, 2.0, 2.0, 2.0, 2.0, 2.0, 2.0, 2.0, 2.0, 2.0, 2.0, 0.0, 0.0, 0.0, 0.0, 0.0, 0.0, 0.0, 0.0, 0.0, 0.0, 0.0, 0.0, 0.0, 0.0, 0.0, 0.0, 0.0, 0.0, 0.0, 0.0, 0.0, 0.0, 0.0, 0.0, 0.0, 0.0, 0.0, 0.0, 0.0, 0.0, 0.0, 0.0, 0.0, 0.0], "program call": "xtb /home/svss/Project-DBcg-Debug/aqme2_20220329/End-to-End-workflows-final/example-3/QDESCP/mol_496_rdkit_conf_1/mol_496_rdkit_conf_1.xyz --pop --wbo --acc 0.2 --gfn 2 --chrg 0 --uhf 0 --etemp 300 --input /home/svss/Project-DBcg-Debug/aqme2_20220329/End-to-End-workflows-final/example-3/QDESCP/mol_496_rdkit_conf_1/mol_496_rdkit_conf_1_xtb.inp", "method": "GFN2-xTB", "xtb version": "6.3.3 (7355c4f)", "Dipole module/D": 4.1, "Total charge": 0, "Transition dipole module/D": NaN, "HOMO": -9.4975, "LUMO": -6.8186, "HOMO occupancy": 2.0, "LUMO occupancy": 0, "mulliken charges": [-0.43473, 0.23174, -0.14423, 0.28704, -0.42166, 0.35359, -0.41335, 0.16453, -0.58933, -0.31621, 0.09357, -0.05425, -0.04299, -0.05179, 0.09038, 0.23946, 0.21719, 0.05299, 0.24339, 0.22774, 0.03026, 0.02413, 0.02639, 0.02925, 0.02311, 0.02708, 0.03014, 0.02714, 0.02422, 0.02519], "cm5 charges": [-0.86187, 0.34967, -0.17371, 0.41786, -0.59117, 0.54706, -0.84242, -0.02574, -0.56616, -0.55884, 0.04752, -0.15829, -0.15078, -0.15591, 0.04126, 0.43407, 0.40516, 0.11635, 0.43947, 0.42174, 0.0974, 0.09168, 0.08096, 0.08651, 0.07884, 0.08139, 0.08734, 0.0817, 0.08926, 0.08964], "FUKUI+": [-0.043, -0.062, -0.02, -0.072, -0.096, -0.026, -0.041, -0.08, -0.106, -0.047, 0.014, 0.005, 0.01, 0.006, 0.008, -0.041, -0.059, -0.074, -0.039, -0.048, -0.012, -0.02, -0.026, -0.015, -0.014, -0.026, -0.016, -0.026, -0.023, -0.013], "FUKUI-": [-0.035, -0.014, -0.022, -0.012, -0.045, -0.016, -0.05, -0.049, -0.167, -0.108, 0.02, 0.008, 0.012, 0.009, 0.02, -0.025, -0.041, -0.047, -0.034, -0.043, -0.034, -0.06, -0.033, -0.028, -0.023, -0.035, -0.027, -0.034, -0.057, -0.033], "FUKUIrad": [-0.039, -0.038, -0.021, -0.042, -0.07, -0.021, -0.046, -0.064, -0.136, -0.077, 0.017, 0.007, 0.011, 0.008, 0.014, -0.033, -0.05, -0.06, -0.036, -0.045, -0.023, -0.04, -0.029, -0.022, -0.018, -0.03, -0.021, -0.03, -0.04, -0.023], "s proportion": [1.46, 1.028, 1.055, 1.015, 1.538, 0.99, 1.44, 1.397, 1.762, 1.483, 1.009, 1.031, 1.027, 1.031, 1.011, 0.761, 0.783, 0.947, 0.757, 0.772, 0.97, 0.976, 0.974, 0.971, 0.977, 0.973, 0.97, 0.973, 0.976, 0.975], "p proportion": [3.975, 2.74, 3.089, 2.698, 3.884, 2.656, 3.973, 3.439, 4.827, 3.833, 2.898, 3.023, 3.016, 3.021, 2.898, 0.0, 0.0, 0.0, 0.0, 0.0, 0.0, 0.0, 0.0, 0.0, 0.0, 0.0, 0.0, 0.0, 0.0, 0.0], "d proportion": [0.0, 0.0, 0.0, 0.0, 0.0, 0.0, 0.0, 0.0, 0.0, 0.0, 0.0, 0.0, 0.0, 0.0, 0.0, 0.0, 0.0, 0.0, 0.0, 0.0, 0.0, 0.0, 0.0, 0.0, 0.0, 0.0, 0.0, 0.0, 0.0, 0.0], "Fermi-level/eV": -8.1581, "Coordination numbers": [2.632, 2.833, 2.907, 2.882, 1.836, 2.778, 2.634, 2.751, 0.925, 2.733, 3.753, 3.803, 3.803, 3.803, 3.755, 0.859, 0.86, 0.925, 0.86, 0.86, 0.924, 0.923, 0.924, 0.924, 0.924, 0.924, 0.924, 0.924, 0.923, 0.924], "Dispersion coefficient C6": [27.435, 25.546, 30.555, 24.839, 28.835, 24.155, 26.843, 18.615, 24.684, 23.942, 20.56, 21.663, 21.564, 21.643, 20.458, 1.09, 1.261, 2.267, 1.06, 1.142, 2.34, 2.474, 2.516, 2.43, 2.529, 2.546, 2.407, 2.509, 2.644, 2.421], "Total dispersion C6": 8986.858886, "Total dispersion C8": 200385.971748, "Polarizability alpha": [7.779, 8.283, 9.064, 8.171, 7.958, 8.05, 7.695, 6.408, 6.663, 7.267, 6.466, 6.626, 6.611, 6.623, 6.449, 1.636, 1.759, 2.355, 1.613, 1.674, 2.392, 2.46, 2.481, 2.438, 2.487, 2.495, 2.426, 2.477, 2.543, 2.433], "Total polarizability alpha": 143.781191, "Wiberg matrix": [[0.0, 1.146003878371713, 0.0, 0.0, 0.0, 0.0, 0.0, 0.0, 0.0, 0.0, 0.0, 0.0, 0.0, 0.0, 0.0, 0.9283986893686208, 0.9421709005223229, 0.0, 0.0, 0.0, 0.0, 0.0, 0.0, 0.0, 0.0, 0.0, 0.0, 0.0, 0.0, 0.0], [1.146003878371713, 0.0, 1.408006849253615, 0.0, 0.0, 0.0, 0.0, 1.170683826940931, 0.13259106132461276, 0.0, 0.0, 0.0, 0.0, 0.0, 0.0, 0.0, 0.0, 0.0, 0.0, 0.0, 0.0, 0.0, 0.0, 0.0, 0.0, 0.0, 0.0, 0.0, 0.0, 0.0], [0.0, 1.408006849253615, 0.0, 1.3484182786648704, 0.0, 0.0, 0.0, 0.0, 0.0, 0.0, 0.0, 0.0, 0.0, 0.0, 0.0, 0.0, 0.0, 0.9616704598269221, 0.0, 0.0, 0.0, 0.0, 0.0, 0.0, 0.0, 0.0, 0.0, 0.0, 0.0, 0.0], [0.0, 0.0, 1.3484182786648704, 0.0, 1.3314634915910575, 0.0, 0.0, 0.0, 0.0, 1.1065146584726997, 0.0, 0.0, 0.0, 0.0, 0.0, 0.0, 0.0, 0.0, 0.0, 0.0, 0.0, 0.0, 0.0, 0.0, 0.0, 0.0, 0.0, 0.0, 0.0, 0.0], [0.0, 0.0, 0.0, 1.3314634915910575, 0.0, 1.36862531181662, 0.0, 0.0, 0.0, 0.0, 0.0, 0.0, 0.0, 0.0, 0.0, 0.0, 0.0, 0.0, 0.0, 0.0, 0.0, 0.0, 0.0, 0.0, 0.0, 0.0, 0.0, 0.0, 0.0, 0.0], [0.0, 0.0, 0.0, 0.0, 1.36862531181662, 0.0, 1.1929927911136948, 1.1639487736631273, 0.13228256610250944, 0.0, 0.0, 0.0, 0.0, 0.0, 0.0, 0.0, 0.0, 0.0, 0.0, 0.0, 0.0, 0.0, 0.0, 0.0, 0.0, 0.0, 0.0, 0.0, 0.0, 0.0], [0.0, 0.0, 0.0, 0.0, 0.0, 1.1929927911136948, 0.0, 0.0, 0.0, 0.0, 0.0, 0.0, 0.0, 0.0, 0.0, 0.0, 0.0, 0.0, 0.9294284059489927, 0.9412485133080507, 0.0, 0.0, 0.0, 0.0, 0.0, 0.0, 0.0, 0.0, 0.0, 0.0], [0.0, 1.170683826940931, 0.0, 0.0, 0.0, 1.1639487736631273, 0.0, 0.0, 1.167088961562339, 0.0, 0.0, 0.0, 0.0, 0.0, 0.0, 0.0, 0.0, 0.0, 0.0, 0.0, 0.0, 0.0, 0.0, 0.0, 0.0, 0.0, 0.0, 0.0, 0.0, 0.0], [0.0, 0.13259106132461276, 0.0, 0.0, 0.0, 0.13228256610250944, 0.0, 1.167088961562339, 0.0, 0.0, 0.0, 0.0, 0.0, 0.0, 0.0, 0.0, 0.0, 0.0, 0.0, 0.0, 0.0, 0.0, 0.0, 0.0, 0.0, 0.0, 0.0, 0.0, 0.0, 0.0], [0.0, 0.0, 0.0, 1.1065146584726997, 0.0, 0.0, 0.0, 0.0, 0.0, 0.0, 0.9875657398343799, 0.0, 0.0, 0.0, 0.9706571006095179, 0.0, 0.0, 0.0, 0.0, 0.0, 0.0, 0.0, 0.0, 0.0, 0.0, 0.0, 0.0, 0.0, 0.0, 0.0], [0.0, 0.0, 0.0, 0.0, 0.0, 0.0, 0.0, 0.0, 0.0, 0.9875657398343799, 0.0, 1.0059155308286039, 0.0, 0.0, 0.0, 0.0, 0.0, 0.0, 0.0, 0.0, 0.9732399464073553, 0.967110208185769, 0.0, 0.0, 0.0, 0.0, 0.0, 0.0, 0.0, 0.0], [0.0, 0.0, 0.0, 0.0, 0.0, 0.0, 0.0, 0.0, 0.0, 0.0, 1.0059155308286039, 0.0, 1.009328101047234, 0.0, 0.0, 0.0, 0.0, 0.0, 0.0, 0.0, 0.0, 0.0, 0.975884014461874, 0.9771681096107007, 0.0, 0.0, 0.0, 0.0, 0.0, 0.0], [0.0, 0.0, 0.0, 0.0, 0.0, 0.0, 0.0, 0.0, 0.0, 0.0, 0.0, 1.009328101047234, 0.0, 1.0092628861421753, 0.0, 0.0, 0.0, 0.0, 0.0, 0.0, 0.0, 0.0, 0.0, 0.0, 0.977436522757912, 0.9771306407453899, 0.0, 0.0, 0.0, 0.0], [0.0, 0.0, 0.0, 0.0, 0.0, 0.0, 0.0, 0.0, 0.0, 0.0, 0.0, 0.0, 1.0092628861421753, 0.0, 1.005583450902225, 0.0, 0.0, 0.0, 0.0, 0.0, 0.0, 0.0, 0.0, 0.0, 0.0, 0.0, 0.9769816248985648, 0.9752283822077916, 0.0, 0.0], [0.0, 0.0, 0.0, 0.0, 0.0, 0.0, 0.0, 0.0, 0.0, 0.9706571006095179, 0.0, 0.0, 0.0, 1.005583450902225, 0.0, 0.0, 0.0, 0.0, 0.0, 0.0, 0.0, 0.0, 0.0, 0.0, 0.0, 0.0, 0.0, 0.0, 0.9691602049368893, 0.9713021822166732], [0.9283986893686208, 0.0, 0.0, 0.0, 0.0, 0.0, 0.0, 0.0, 0.0, 0.0, 0.0, 0.0, 0.0, 0.0, 0.0, 0.0, 0.0, 0.0, 0.0, 0.0, 0.0, 0.0, 0.0, 0.0, 0.0, 0.0, 0.0, 0.0, 0.0, 0.0], [0.9421709005223229, 0.0, 0.0, 0.0, 0.0, 0.0, 0.0, 0.0, 0.0, 0.0, 0.0, 0.0, 0.0, 0.0, 0.0, 0.0, 0.0, 0.0, 0.0, 0.0, 0.0, 0.0, 0.0, 0.0, 0.0, 0.0, 0.0, 0.0, 0.0, 0.0], [0.0, 0.0, 0.9616704598269221, 0.0, 0.0, 0.0, 0.0, 0.0, 0.0, 0.0, 0.0, 0.0, 0.0, 0.0, 0.0, 0.0, 0.0, 0.0, 0.0, 0.0, 0.0, 0.0, 0.0, 0.0, 0.0, 0.0, 0.0, 0.0, 0.0, 0.0], [0.0, 0.0, 0.0, 0.0, 0.0, 0.0, 0.9294284059489927, 0.0, 0.0, 0.0, 0.0, 0.0, 0.0, 0.0, 0.0, 0.0, 0.0, 0.0, 0.0, 0.0, 0.0, 0.0, 0.0, 0.0, 0.0, 0.0, 0.0, 0.0, 0.0, 0.0], [0.0, 0.0, 0.0, 0.0, 0.0, 0.0, 0.9412485133080507, 0.0, 0.0, 0.0, 0.0, 0.0, 0.0, 0.0, 0.0, 0.0, 0.0, 0.0, 0.0, 0.0, 0.0, 0.0, 0.0, 0.0, 0.0, 0.0, 0.0, 0.0, 0.0, 0.0], [0.0, 0.0, 0.0, 0.0, 0.0, 0.0, 0.0, 0.0, 0.0, 0.0, 0.9732399464073553, 0.0, 0.0, 0.0, 0.0, 0.0, 0.0, 0.0, 0.0, 0.0, 0.0, 0.0, 0.0, 0.0, 0.0, 0.0, 0.0, 0.0, 0.0, 0.0], [0.0, 0.0, 0.0, 0.0, 0.0, 0.0, 0.0, 0.0, 0.0, 0.0, 0.967110208185769, 0.0, 0.0, 0.0, 0.0, 0.0, 0.0, 0.0, 0.0, 0.0, 0.0, 0.0, 0.0, 0.0, 0.0, 0.0, 0.0, 0.0, 0.0, 0.0], [0.0, 0.0, 0.0, 0.0, 0.0, 0.0, 0.0, 0.0, 0.0, 0.0, 0.0, 0.975884014461874, 0.0, 0.0, 0.0, 0.0, 0.0, 0.0, 0.0, 0.0, 0.0, 0.0, 0.0, 0.0, 0.0, 0.0, 0.0, 0.0, 0.0, 0.0], [0.0, 0.0, 0.0, 0.0, 0.0, 0.0, 0.0, 0.0, 0.0, 0.0, 0.0, 0.9771681096107007, 0.0, 0.0, 0.0, 0.0, 0.0, 0.0, 0.0, 0.0, 0.0, 0.0, 0.0, 0.0, 0.0, 0.0, 0.0, 0.0, 0.0, 0.0], [0.0, 0.0, 0.0, 0.0, 0.0, 0.0, 0.0, 0.0, 0.0, 0.0, 0.0, 0.0, 0.977436522757912, 0.0, 0.0, 0.0, 0.0, 0.0, 0.0, 0.0, 0.0, 0.0, 0.0, 0.0, 0.0, 0.0, 0.0, 0.0, 0.0, 0.0], [0.0, 0.0, 0.0, 0.0, 0.0, 0.0, 0.0, 0.0, 0.0, 0.0, 0.0, 0.0, 0.9771306407453899, 0.0, 0.0, 0.0, 0.0, 0.0, 0.0, 0.0, 0.0, 0.0, 0.0, 0.0, 0.0, 0.0, 0.0, 0.0, 0.0, 0.0], [0.0, 0.0, 0.0, 0.0, 0.0, 0.0, 0.0, 0.0, 0.0, 0.0, 0.0, 0.0, 0.0, 0.9769816248985648, 0.0, 0.0, 0.0, 0.0, 0.0, 0.0, 0.0, 0.0, 0.0, 0.0, 0.0, 0.0, 0.0, 0.0, 0.0, 0.0], [0.0, 0.0, 0.0, 0.0, 0.0, 0.0, 0.0, 0.0, 0.0, 0.0, 0.0, 0.0, 0.0, 0.9752283822077916, 0.0, 0.0, 0.0, 0.0, 0.0, 0.0, 0.0, 0.0, 0.0, 0.0, 0.0, 0.0, 0.0, 0.0, 0.0, 0.0], [0.0, 0.0, 0.0, 0.0, 0.0, 0.0, 0.0, 0.0, 0.0, 0.0, 0.0, 0.0, 0.0, 0.0, 0.9691602049368893, 0.0, 0.0, 0.0, 0.0, 0.0, 0.0, 0.0, 0.0, 0.0, 0.0, 0.0, 0.0, 0.0, 0.0, 0.0], [0.0, 0.0, 0.0, 0.0, 0.0, 0.0, 0.0, 0.0, 0.0, 0.0, 0.0, 0.0, 0.0, 0.0, 0.9713021822166732, 0.0, 0.0, 0.0, 0.0, 0.0, 0.0, 0.0, 0.0, 0.0, 0.0, 0.0, 0.0, 0.0, 0.0, 0.0]], "Born radii": [], "Atomic SASAs": [], "Solvent H bonds": [], "Total SASA": NaN, "Total FOD": 0.0, "FOD": [0.0, 0.0, 0.0, 0.0, 0.0, 0.0, 0.0, 0.0, 0.0, 0.0, 0.0, 0.0, 0.0, 0.0, 0.0, 0.0, 0.0, 0.0, 0.0, 0.0, 0.0, 0.0, 0.0, 0.0, 0.0, 0.0, 0.0, 0.0, 0.0, 0.0], "FOD s proportion": [0.0, 0.0, 0.0, 0.0, 0.0, 0.0, 0.0, 0.0, 0.0, 0.0, 0.0, 0.0, 0.0, 0.0, 0.0, 0.0, 0.0, 0.0, 0.0, 0.0, 0.0, 0.0, 0.0, 0.0, 0.0, 0.0, 0.0, 0.0, 0.0, 0.0], "FOD p proportion": [0.0, 0.0, 0.0, 0.0, 0.0, 0.0, 0.0, 0.0, 0.0, 0.0, 0.0, 0.0, 0.0, 0.0, 0.0, 0.0, 0.0, 0.0, 0.0, 0.0, 0.0, 0.0, 0.0, 0.0, 0.0, 0.0, 0.0, 0.0, 0.0, 0.0], "FOD d proportion": [0.0, 0.0, 0.0, 0.0, 0.0, 0.0, 0.0, 0.0, 0.0, 0.0, 0.0, 0.0, 0.0, 0.0, 0.0, 0.0, 0.0, 0.0, 0.0, 0.0, 0.0, 0.0, 0.0, 0.0, 0.0, 0.0, 0.0, 0.0, 0.0, 0.0], "coordinates": [["3.54360", "1.68370", "-1.82460"], ["2.74240", "0.80590", "-1.05160"], ["1.35680", "0.83130", "-1.14560"], ["0.60460", "-0.03600", "-0.36260"], ["1.19810", "-0.91160", "0.47690"], ["2.54850", "-0.92510", "0.60620"], ["3.13110", "-1.83230", "1.49710"], ["3.35580", "-0.08070", "-0.16300"], ["4.64570", "-0.14620", "-0.11100"], ["-0.80260", "-0.02250", "-0.48400"], ["-1.43880", "-1.20150", "0.13190"], ["-2.92920", "-1.21730", "-0.20930"], ["-3.60630", "0.08020", "0.22180"], ["-2.87950", "1.28550", "-0.36720"], ["-1.38690", "1.25550", "-0.03520"], ["4.52010", "1.44720", "-1.59890"], ["3.36480", "1.59590", "-2.82020"], ["0.87340", "1.50960", "-1.83930"], ["4.11950", "-1.94070", "1.27210"], ["2.57150", "-2.66710", "1.60200"], ["-0.99370", "-2.12650", "-0.25650"], ["-1.31290", "-1.19050", "1.22290"], ["-3.41330", "-2.06960", "0.28020"], ["-3.05630", "-1.34990", "-1.29110"], ["-3.60610", "0.14940", "1.31640"], ["-4.65300", "0.08060", "-0.10170"], ["-3.01060", "1.28860", "-1.45670"], ["-3.32590", "2.21060", "0.01420"], ["-1.24190", "1.38050", "1.04620"], ["-0.91870", "2.11300", "-0.53220"]], "bond_dist": [[0.0, 1.4177387911741712, 2.443301250357802, 3.705743257431632, 4.187344575026039, 3.7020062250082724, 4.854493087851707, 2.4309032806757243, 2.7385367224121717, 4.857754752969729, 6.0808371997612305, 7.274760128691529, 7.607892955345784, 6.5983931081741405, 5.2626170153261205, 1.0297693868046383, 1.0153312956862897, 2.6759101143349344, 4.801821223244365, 5.622813051311594, 6.128919394150978, 6.413569531859774, 8.180214027762355, 7.283270640309888, 7.9585279782130565, 8.527752668786778, 6.576396586277321, 7.1308372089117285, 5.588777427130195, 4.665481490693109], [1.4177387911741712, 0.0, 1.3890171057262037, 2.398688276954719, 2.7696535866421996, 2.404632830600131, 3.688774677314948, 1.3971145550741355, 2.326751740087455, 3.684486574816089, 4.786727530369784, 6.080284046818865, 6.515687203971658, 5.683676550438105, 4.276251584039461, 1.9674908563955262, 2.0345583599395716, 2.146817640136209, 3.852245794338674, 4.374074618705081, 4.8155578056960335, 5.060081155475671, 6.923498680580504, 6.191102937280239, 6.807486210048464, 7.4913490947892685, 5.787409982021319, 6.3192860846776036, 4.539336569367819, 3.921981639426681], [2.443301250357802, 1.3890171057262037, 0.0, 1.3896413674038348, 2.3865021160686197, 2.7520706913159043, 4.1505142741592875, 2.4069166499901904, 3.5836805968166305, 2.414476622375955, 3.685059219334202, 4.841819456567954, 5.20252780674933, 4.331101694719255, 2.990120982502213, 3.254424770984882, 2.7241443280413757, 1.0839677762738154, 4.600192232939837, 4.611247597993411, 3.881227885605276, 4.101800285240616, 5.762115970717701, 4.924860942199282, 5.581828376078935, 6.145809445467699, 4.402282278545982, 5.017497764822621, 3.443668040041026, 2.68270659968622], [3.705743257431632, 2.398688276954719, 1.3896413674038348, 0.0, 1.3504361739823174, 2.3468744022635724, 3.615021442536683, 2.7587931582487295, 4.050424151863605, 1.4124914336023422, 2.4038311213560744, 3.729170553889966, 4.252846647834836, 3.7263032914672958, 2.396087490055403, 4.365714166090126, 4.039999926980197, 2.1544780551214715, 4.319102706581543, 3.827667172051405, 2.633630640389802, 2.74289750993361, 4.548872520746213, 3.9988291123777717, 4.536894163411794, 5.265360588791617, 4.00266049147314, 4.542908765317657, 2.720432307557018, 2.6395848253087073], [4.187344575026039, 2.7696535866421996, 2.3865021160686197, 1.3504361739823174, 0.0, 1.3566432471361072, 2.371705194580473, 2.3990698426681956, 3.580140965101793, 2.3909471156844937, 2.6751277763875128, 4.19510765296911, 4.9123316877018794, 4.708139226913325, 3.4118607562443106, 4.572588662891076, 4.674720692191139, 3.3663662857746184, 3.197806718674536, 2.496769476743898, 2.611100306384264, 2.6342783091389568, 4.758641071776689, 4.627942334342553, 4.991073921512283, 5.96276865306713, 5.127654891858461, 5.516230608848764, 3.395795179335762, 3.827183064605089], [3.7020062250082724, 2.404632830600131, 2.7520706913159043, 2.3468744022635724, 1.3566432471361072, 0.0, 1.3986198232543396, 1.398718445577951, 2.3493209423150336, 3.6377319871040528, 4.024912264882304, 5.545774822330961, 6.248196098875258, 5.9411651988477825, 4.544643383149002, 3.7917647421748097, 4.331512859267533, 3.8359085429660604, 1.985675494636523, 2.006666549280174, 3.8385927226003025, 3.919332342376696, 6.079409139875355, 5.932451885182045, 6.287927754833066, 7.305761914407011, 6.329266696071513, 6.685181661705237, 4.458309491275814, 4.748418895801001], [4.854493087851707, 3.688774677314948, 4.1505142741592875, 3.615021442536683, 2.371705194580473, 1.3986198232543396, 0.0, 2.4237418715696606, 2.7790163691493435, 4.7617359166589655, 4.810994251711387, 6.325919858012746, 7.11875024846356, 7.023076511757507, 5.68284929678766, 4.719073770349432, 5.517812086325521, 5.2342210366013395, 1.019465605108873, 1.010468807039584, 4.491730361453146, 4.498469615324749, 6.660805376228914, 6.803726020350908, 7.024930691473048, 8.173589215271342, 7.495694106618814, 7.761242285871508, 5.445045789522803, 6.007023440939781], [2.4309032806757243, 1.3971145550741355, 2.4069166499901904, 2.7587931582487295, 2.3990698426681956, 1.398718445577951, 2.4237418715696606, 0.0, 1.2926083165444975, 4.17117714800031, 4.932681604360857, 6.387114234926443, 6.974582156659995, 6.386483083043437, 4.928992449781192, 2.3983080932190513, 3.1419389554859274, 3.391363374809606, 2.4702934441074, 3.2279740472934417, 4.8075139250968375, 4.994910864069547, 7.069148764879687, 6.633136864259623, 7.121068879037753, 8.010658700756137, 6.639253808975826, 7.065873648742948, 4.973541531946828, 4.818711298677272], [2.7385367224121717, 2.326751740087455, 3.5836805968166305, 4.050424151863605, 3.580140965101793, 2.3493209423150336, 2.7790163691493435, 1.2926083165444975, 0.0, 5.46245398882224, 6.180113166439592, 7.650884139104447, 8.261810745835321, 7.664465954650722, 6.193768746893929, 2.183699917571093, 3.4663210843774985, 4.467543152561595, 2.325958361622151, 3.6866802749899534, 5.9787616359911855, 6.194736932267584, 8.294575697406106, 7.884309335636191, 8.379561644859473, 9.301470121437793, 7.9049661112493075, 8.31363866426729, 6.191426208071934, 6.020294132349348], [4.857754752969729, 3.684486574816089, 2.414476622375955, 1.4124914336023422, 2.3909471156844937, 3.6377319871040528, 4.7617359166589655, 4.17117714800031, 5.46245398882224, 0.0, 1.4744911834256589, 2.454676086574357, 2.892997514689565, 2.4572382566613276, 1.475165051782342, 5.633307677554991, 5.044231533147541, 2.6444554259809334, 5.566906399428682, 4.7675838713125955, 2.1248744574680174, 2.1302905200934448, 3.404463913746186, 2.737254986295577, 3.336255688642584, 3.8707057573522685, 2.7459775126537362, 3.406168190210225, 2.122005073038234, 2.1391967417701436], [6.0808371997612305, 4.786727530369784, 3.685059219334202, 2.4038311213560744, 2.6751277763875128, 4.024912264882304, 4.810994251711387, 4.932681604360857, 6.180113166439592, 1.4744911834256589, 0.0, 1.5290386653057533, 2.519701004087588, 2.917170941168858, 2.4632224869061257, 6.746834038273063, 6.294037982885072, 4.072095466709984, 5.721990175629456, 4.515715165951015, 1.0975397806002296, 1.0982954110802796, 2.1619992483809978, 2.159457758327307, 2.815166131865045, 3.4683470140688053, 3.3458635970403816, 3.9009519492041935, 2.7461678936292295, 3.4201524922143456], [7.274760128691529, 6.080284046818865, 4.841819456567954, 3.729170553889966, 4.19510765296911, 5.545774822330961, 6.325919858012746, 6.387114234926443, 7.650884139104447, 2.454676086574357, 1.5290386653057533, 0.0, 1.5257188043673056, 2.508268394729719, 2.9195444747425925, 8.032597269874795, 7.371928448513319, 4.955063104542666, 7.238924313045413, 5.9699604873064285, 2.1389326146468473, 2.159708491903479, 1.095617793758389, 1.0972822836444593, 2.1572721177450007, 2.160464905986672, 2.8003870321796596, 3.458008321273967, 3.3424282161326966, 3.9034949404347894], [7.607892955345784, 6.515687203971658, 5.20252780674933, 4.252846647834836, 4.9123316877018794, 6.248196098875258, 7.11875024846356, 6.974582156659995, 8.261810745835321, 2.892997514689565, 2.519701004087588, 1.5257188043673056, 0.0, 1.5257481214145407, 2.524503010495333, 8.439313624341734, 7.755471984347567, 5.134104562628229, 8.054511316026566, 6.9005668006331184, 3.453110849654265, 2.806521558798364, 2.159235883362445, 2.1532655247321455, 1.0967852296598455, 1.0955515962290407, 2.1523130116226126, 2.1587788399926473, 2.82148946657612, 3.4531124511084204], [6.5983931081741405, 5.683676550438105, 4.331101694719255, 3.7263032914672958, 4.708139226913325, 5.9411651988477825, 7.023076511757507, 6.386483083043437, 7.664465954650722, 2.4572382566613276, 2.917170941168858, 2.508268394729719, 1.5257481214145407, 0.0, 1.529372014913311, 7.503153466376655, 6.7160136725590425, 4.037518746705704, 7.879192339954649, 7.0152830591502155, 3.9000307857759275, 3.333651087021556, 3.458433924480848, 2.7982463454813984, 2.157123021526589, 2.1604574770173093, 1.0973636908518525, 1.0956956374833293, 2.165284812674767, 2.134647017658892], [5.2626170153261205, 4.276251584039461, 2.990120982502213, 2.396087490055403, 3.4118607562443106, 4.544643383149002, 5.68284929678766, 4.928992449781192, 6.193768746893929, 1.475165051782342, 2.4632224869061257, 2.9195444747425925, 2.524503010495333, 1.529372014913311, 0.0, 6.113473282840124, 5.518219826175828, 2.903153407934207, 6.499628350144338, 5.808282462139734, 3.4119648195724412, 2.7515827463479994, 3.9066691861482203, 3.3395045036651774, 2.8240269846444455, 3.4716309524487188, 2.1582769863944713, 2.162030843905794, 1.098214897003314, 1.0961416377457796], [1.0297693868046383, 1.9674908563955262, 3.254424770984882, 4.365714166090126, 4.572588662891076, 3.7917647421748097, 4.719073770349432, 2.3983080932190513, 2.183699917571093, 5.633307677554991, 6.746834038273063, 8.032597269874795, 8.439313624341734, 7.503153466376655, 6.113473282840124, 0.0, 1.6877213839967784, 3.6551479874281427, 4.458810129395509, 5.565093643416973, 6.706367115659566, 6.995992104769702, 8.879061583861214, 8.082100358817625, 8.730314162159345, 9.394411477575378, 7.533712052501078, 8.046402125795106, 6.340476866924128, 5.582265128959749], [1.0153312956862897, 2.0345583599395716, 2.7241443280413757, 4.039999926980197, 4.674720692191139, 4.331512859267533, 5.517812086325521, 3.1419389554859274, 3.4663210843774985, 5.044231533147541, 6.294037982885072, 7.371928448513319, 7.755471984347567, 6.7160136725590425, 5.518219826175828, 1.6877213839967784, 0.0, 2.678933828970025, 5.46113824582385, 6.193411558260923, 6.278960240358271, 6.781707739205516, 8.306082712085162, 7.22816779412321, 8.233909680097298, 8.600668182182126, 6.526813211667697, 7.292266173145355, 6.018067049310766, 4.883718732687213], [2.6759101143349344, 2.146817640136209, 1.0839677762738154, 2.1544780551214715, 3.3663662857746184, 3.8359085429660604, 5.2342210366013395, 3.391363374809606, 4.467543152561595, 2.6444554259809334, 4.072095466709984, 4.955063104542666, 5.134104562628229, 4.037518746705704, 2.903153407934207, 3.6551479874281427, 2.678933828970025, 0.0, 5.667675472360781, 5.671940778075879, 4.38321131820039, 4.631146352686341, 5.973169157156023, 4.890787828152025, 5.645751214851749, 5.966773979295679, 3.9090510050394585, 4.643380636992837, 3.5801216669269773, 2.2987440875399767], [4.801821223244365, 3.852245794338674, 4.600192232939837, 4.319102706581543, 3.197806718674536, 1.985675494636523, 1.019465605108873, 2.4702934441074, 2.325958361622151, 5.566906399428682, 5.721990175629456, 7.238924313045413, 8.054511316026566, 7.879192339954649, 6.499628350144338, 4.458810129395509, 5.46113824582385, 5.667675472360781, 0.0, 1.7414921676539352, 5.3400331309833655, 5.484176368425801, 7.598918124312171, 7.642718398580443, 8.003460242919934, 9.106576545552121, 8.289333745241532, 8.61681990411776, 6.310785229272187, 6.7135267497791355], [5.622813051311594, 4.374074618705081, 4.611247597993411, 3.827667172051405, 2.496769476743898, 2.006666549280174, 1.010468807039584, 3.2279740472934417, 3.6866802749899534, 4.7675838713125955, 4.515715165951015, 5.9699604873064285, 6.9005668006331184, 7.0152830591502155, 5.808282462139734, 5.565093643416973, 6.193411558260923, 5.671940778075879, 1.7414921676539352, 0.0, 4.056713158457226, 4.172844081678586, 6.158083511125843, 6.463526614008795, 6.795364697350688, 7.91491309048937, 7.494200997437953, 7.816162286570052, 5.588738583974026, 6.291713732362591], [6.128919394150978, 4.8155578056960335, 3.881227885605276, 2.633630640389802, 2.611100306384264, 3.8385927226003025, 4.491730361453146, 4.8075139250968375, 5.9787616359911855, 2.1248744574680174, 1.0975397806002296, 2.1389326146468473, 3.453110849654265, 3.9000307857759275, 3.4119648195724412, 6.706367115659566, 6.278960240358271, 4.38321131820039, 5.3400331309833655, 4.056713158457226, 0.0, 1.7794968389969115, 2.4790620524706517, 2.4347121965439773, 3.8050452007827715, 4.2761817010038286, 4.143823555606585, 4.931822354870459, 3.7493572155770916, 4.249117054165488], [6.413569531859774, 5.060081155475671, 4.101800285240616, 2.74289750993361, 2.6342783091389568, 3.919332342376696, 4.498469615324749, 4.994910864069547, 6.194736932267584, 2.1302905200934448, 1.0982954110802796, 2.159708491903479, 2.806521558798364, 3.333651087021556, 2.7515827463479994, 6.995992104769702, 6.781707739205516, 4.631146352686341, 5.484176368425801, 4.172844081678586, 1.7794968389969115, 0.0, 2.4643823282924266, 3.063502557531167, 2.657600515502659, 3.8113683081014353, 4.025963022681655, 4.13286896719458, 2.5780428409939193, 3.7614999534760063], [8.180214027762355, 6.923498680580504, 5.762115970717701, 4.548872520746213, 4.758641071776689, 6.079409139875355, 6.660805376228914, 7.069148764879687, 8.294575697406106, 3.404463913746186, 2.1619992483809978, 1.095617793758389, 2.159235883362445, 3.458433924480848, 3.9066691861482203, 8.879061583861214, 8.306082712085162, 5.973169157156023, 7.598918124312171, 6.158083511125843, 2.4790620524706517, 2.4643823282924266, 0.0, 1.7647664944688857, 2.4565918016634347, 2.511187715006586, 3.802169925187458, 4.289348062351666, 4.147881865482671, 4.937323736600629], [7.283270640309888, 6.191102937280239, 4.924860942199282, 3.9988291123777717, 4.627942334342553, 5.932451885182045, 6.803726020350908, 6.633136864259623, 7.884309335636191, 2.737254986295577, 2.159457758327307, 1.0972822836444593, 2.1532655247321455, 2.7982463454813984, 3.3395045036651774, 8.082100358817625, 7.22816779412321, 4.890787828152025, 7.642718398580443, 6.463526614008795, 2.4347121965439773, 3.063502557531167, 1.7647664944688857, 0.0, 3.0576521679223094, 2.451622625935729, 2.644086628686738, 3.8017959571760294, 4.026177195554116, 4.139678656610921], [7.9585279782130565, 6.807486210048464, 5.581828376078935, 4.536894163411794, 4.991073921512283, 6.287927754833066, 7.024930691473048, 7.121068879037753, 8.379561644859473, 3.336255688642584, 2.815166131865045, 2.1572721177450007, 1.0967852296598455, 2.157123021526589, 2.8240269846444455, 8.730314162159345, 8.233909680097298, 5.645751214851749, 8.003460242919934, 6.795364697350688, 3.8050452007827715, 2.657600515502659, 2.4565918016634347, 3.0576521679223094, 0.0, 1.7640126586847382, 3.056547153243346, 2.454135758266034, 2.6791895957546568, 3.8072517226997222], [8.527752668786778, 7.4913490947892685, 6.145809445467699, 5.265360588791617, 5.96276865306713, 7.305761914407011, 8.173589215271342, 8.010658700756137, 9.301470121437793, 3.8707057573522685, 3.4683470140688053, 2.160464905986672, 1.0955515962290407, 2.1604574770173093, 3.4716309524487188, 9.394411477575378, 8.600668182182126, 5.966773979295679, 9.106576545552121, 7.91491309048937, 4.2761817010038286, 3.8113683081014353, 2.511187715006586, 2.451622625935729, 1.7640126586847382, 0.0, 2.4480128185938894, 2.512275307365815, 3.8266196087408524, 4.273286381697346], [6.576396586277321, 5.787409982021319, 4.402282278545982, 4.00266049147314, 5.127654891858461, 6.329266696071513, 7.495694106618814, 6.639253808975826, 7.9049661112493075, 2.7459775126537362, 3.3458635970403816, 2.8003870321796596, 2.1523130116226126, 1.0973636908518525, 2.1582769863944713, 7.533712052501078, 6.526813211667697, 3.9090510050394585, 8.289333745241532, 7.494200997437953, 4.143823555606585, 4.025963022681655, 3.802169925187458, 2.644086628686738, 3.056547153243346, 2.4480128185938894, 0.0, 1.7643822998432057, 3.06614639409145, 2.4311275614413987], [7.1308372089117285, 6.3192860846776036, 5.017497764822621, 4.542908765317657, 5.516230608848764, 6.685181661705237, 7.761242285871508, 7.065873648742948, 8.31363866426729, 3.406168190210225, 3.9009519492041935, 3.458008321273967, 2.1587788399926473, 1.0956956374833293, 2.162030843905794, 8.046402125795106, 7.292266173145355, 4.643380636992837, 8.61681990411776, 7.816162286570052, 4.931822354870459, 4.13286896719458, 4.289348062351666, 3.8017959571760294, 2.454135758266034, 2.512275307365815, 1.7643822998432057, 0.0, 2.4692399660624313, 2.4703624349475524], [5.588777427130195, 4.539336569367819, 3.443668040041026, 2.720432307557018, 3.395795179335762, 4.458309491275814, 5.445045789522803, 4.973541531946828, 6.191426208071934, 2.122005073038234, 2.7461678936292295, 3.3424282161326966, 2.82148946657612, 2.165284812674767, 1.098214897003314, 6.340476866924128, 6.018067049310766, 3.5801216669269773, 6.310785229272187, 5.588738583974026, 3.7493572155770916, 2.5780428409939193, 4.147881865482671, 4.026177195554116, 2.6791895957546568, 3.8266196087408524, 3.06614639409145, 2.4692399660624313, 0.0, 1.769847747689049], [4.665481490693109, 3.921981639426681, 2.68270659968622, 2.6395848253087073, 3.827183064605089, 4.748418895801001, 6.007023440939781, 4.818711298677272, 6.020294132349348, 2.1391967417701436, 3.4201524922143456, 3.9034949404347894, 3.4531124511084204, 2.134647017658892, 1.0961416377457796, 5.582265128959749, 4.883718732687213, 2.2987440875399767, 6.7135267497791355, 6.291713732362591, 4.249117054165488, 3.7614999534760063, 4.937323736600629, 4.139678656610921, 3.8072517226997222, 4.273286381697346, 2.4311275614413987, 2.4703624349475524, 1.769847747689049, 0.0]]}