{"total energy": -48.26400707, "HOMO-LUMO gap/eV": 3.94188864, "electronic energy": -48.8582068, "dipole": [-0.1970216, 1.98929578, 0.02118445], "partial charges": [-0.18744539, 0.04827228, -0.02812078, -0.0315932, 0.10182007, -0.29138444, 0.39881794, -0.44382314, -0.16662387, 0.08328899, -0.057316, -0.02706749, -0.04649024, 0.10158452, -0.16200942, -0.05645484, 0.08481938, 0.08489965, 0.07740597, 0.07750968, 0.19826309, 0.0408962, 0.05166945, 0.05821492, 0.09086668], "atomic dipole moments": [[-0.04490145, -0.0429486, -0.00365273], [0.1696551, -0.12702417, 0.00480378], [0.32993072, 0.26121373, 0.02646261], [-0.33340945, -0.27587711, -0.02709629], [-0.21858986, 0.14121592, -0.01522674], [0.01251857, -0.2402134, -0.00090239], [0.09431392, 0.10069959, 0.00779569], [-0.00373147, 0.20260532, 0.0012359], [0.00276204, -0.04492838, -0.00013091], [0.17873273, 0.02152071, 0.01348862], [0.03324332, -0.03943611, 0.00219827], [0.00504789, -0.0125339, 0.00029798], [0.03698434, -0.0220927, 0.00257255], [-0.06787767, -0.23658839, -0.0068056], [0.02182661, -0.02031901, 0.00145231], [-0.02994816, 0.05389951, -0.00185054], [-0.00193527, 0.07705985, 0.11244675], [0.00985839, 0.08437576, -0.10666146], [-0.00778478, -0.0759307, 0.10898551], [0.00854802, -0.07416139, -0.11017375], [0.04172211, 0.12880658, 0.00405767], [0.0367482, 0.14644083, 0.00380391], [-0.10012208, 0.11502183, -0.00663145], [-0.15179693, -0.02607031, -0.0114942], [0.09544267, -0.12836806, 0.00618049]], "atomic quadrupole moments": [[0.37723093, -0.37981741, -0.07067744, 0.02408962, -0.01244508, -0.30655349], [0.32712954, -0.27488708, -0.02945896, 0.02442306, -0.00577934, -0.29767058], [-0.34143878, -0.70939503, -0.09511982, -0.0645889, -0.05709748, 0.43655859], [-0.33961988, -0.68700566, -0.09652386, -0.0645252, -0.05478668, 0.43614373], [0.37283134, -0.25064648, -0.02978403, 0.05168347, -0.01618488, -0.34304731], [0.10349677, -0.03591607, 0.01504533, 0.01635605, -0.0016566, -0.11854209], [-0.07690304, 0.12718332, -0.30116466, -0.03318899, 0.0043712, 0.3780677], [-0.0939604, 0.00994092, -0.05221332, -0.01793726, -0.0007558, 0.14617372], [0.05124394, -0.0442544, -0.04828682, 0.00373255, -0.00362379, -0.00295712], [-0.00908893, 0.06645536, -0.36710025, -0.02840889, -0.00057214, 0.37618918], [-0.21203791, -0.00596879, -0.23954878, -0.04980995, -0.00555119, 0.45158669], [-0.27150629, 0.02315744, -0.26225746, -0.06025739, -0.00419225, 0.53376376], [-0.25847058, -0.00333303, -0.22966434, -0.05599843, -0.00559163, 0.48813492], [-0.40038974, 0.19387729, 0.1099998, -0.05036281, 0.01311442, 0.29038994], [-0.1652389, 0.21178818, 0.37104674, 0.00461318, 0.02002317, -0.20580784], [-0.21875415, 0.01846909, -0.26066238, -0.05224861, -0.00411299, 0.47941653], [-0.00527631, -0.01326029, -0.02026616, -0.00015926, 0.03207305, 0.02554246], [-0.00501765, -0.00955185, -0.01567176, -0.00360219, -0.03604108, 0.02068941], [0.00076491, -0.01134916, -0.01646061, -0.00155192, -0.03627599, 0.0156957], [0.00061131, -0.01665431, -0.01756367, -0.00107141, 0.03362419, 0.01695236], [0.01623077, -0.00838438, 0.04539098, 0.00577781, 0.00017123, -0.06162175], [0.03805318, 0.00916983, 0.02676737, 0.00778669, 0.00137399, -0.06482055], [0.03375224, 0.00701871, 0.03360915, 0.00763295, 0.00127939, -0.06736138], [0.02512212, 0.00381731, 0.03642789, 0.00653932, 0.00101359, -0.06155], [0.03889143, 0.00379379, 0.01387447, 0.00690098, 0.0007826, -0.05276589]], "number of molecular orbitals": 83, "number of electrons": 84, "number of unpaired electrons": 0, "orbital energies/eV": [-28.82242176, -28.70395895, -20.55212129, -19.69301098, -19.07829949, -18.53315253, -18.08283775, -17.74320604, -17.51796083, -17.29802516, -17.07570957, -16.88562663, -16.72611356, -16.3820362, -16.37707252, -15.84395999, -15.68965907, -15.11579452, -14.95054968, -14.78032909, -14.59275563, -14.46643432, -14.3946468, -14.1649755, -13.94563266, -13.91351446, -13.81615922, -13.50875315, -13.48110295, -13.02428007, -12.66226776, -12.54142656, -12.37245177, -12.10285594, -12.06837819, -11.79500974, -11.67422128, -11.49073805, -11.37389232, -11.33746252, -11.07068626, -10.7839438, -6.84205516, -6.7025543, -5.79313081, -5.5254422, -4.8769448, -3.76833475, -3.68153466, -3.11472528, -0.78183799, -0.2008078, 0.33034857, 0.42099109, 0.49370517, 0.49455478, 0.5565507, 0.55998746, 0.77082838, 0.9205572, 1.63225045, 2.44424835, 2.92990773, 3.53148734, 3.73458334, 3.93203836, 4.28258258, 4.35982161, 4.46538003, 4.74609196, 5.21874722, 5.73700095, 5.77648495, 6.84732085, 7.2487692, 9.53015291, 10.30311502, 11.09560623, 11.84368025, 15.97446312, 16.24679484, 17.58428661, 36.5492589], "fractional occupation": [2.0, 2.0, 2.0, 2.0, 2.0, 2.0, 2.0, 2.0, 2.0, 2.0, 2.0, 2.0, 2.0, 2.0, 2.0, 2.0, 2.0, 2.0, 2.0, 2.0, 2.0, 2.0, 2.0, 2.0, 2.0, 2.0, 2.0, 2.0, 2.0, 2.0, 2.0, 2.0, 2.0, 2.0, 2.0, 2.0, 2.0, 2.0, 2.0, 2.0, 2.0, 2.0, 0.0, 0.0, 0.0, 0.0, 0.0, 0.0, 0.0, 0.0, 0.0, 0.0, 0.0, 0.0, 0.0, 0.0, 0.0, 0.0, 0.0, 0.0, 0.0, 0.0, 0.0, 0.0, 0.0, 0.0, 0.0, 0.0, 0.0, 0.0, 0.0, 0.0, 0.0, 0.0, 0.0, 0.0, 0.0, 0.0, 0.0, 0.0, 0.0, 0.0, 0.0], "program call": "xtb /home/svss/Project-DBcg-Debug/aqme2_20220329/End-to-End-workflows-final/example-3/QDESCP/mol_878_rdkit_conf_5/mol_878_rdkit_conf_5.xyz --pop --wbo --acc 0.2 --gfn 2 --chrg 0 --uhf 0 --etemp 300 --input /home/svss/Project-DBcg-Debug/aqme2_20220329/End-to-End-workflows-final/example-3/QDESCP/mol_878_rdkit_conf_5/mol_878_rdkit_conf_5_xtb.inp", "method": "GFN2-xTB", "xtb version": "6.3.3 (7355c4f)", "Dipole module/D": 5.081, "Total charge": 0, "Transition dipole module/D": NaN, "HOMO": -10.7839, "LUMO": -6.8421, "HOMO occupancy": 2.0, "LUMO occupancy": 0, "mulliken charges": [-0.13942, 0.09212, -0.04366, -0.04901, 0.22686, -0.43459, 0.65682, -0.55648, -0.31849, 0.15477, -0.07934, -0.01565, -0.06337, 0.1177, -0.10651, -0.07766, 0.04802, 0.04812, 0.05605, 0.05614, 0.24267, 0.03394, 0.03688, 0.0415, 0.07261], "cm5 charges": [-0.14693, -0.00286, -0.05146, -0.05501, 0.15528, -0.50812, 0.77987, -0.60369, -0.66, 0.20805, -0.12689, -0.07063, -0.11526, 0.11051, -0.10861, -0.12153, 0.10324, 0.10334, 0.122, 0.12209, 0.44499, 0.09275, 0.09223, 0.09802, 0.1386], "FUKUI+": [-0.099, 0.006, -0.048, -0.039, 0.011, -0.042, -0.032, -0.072, -0.02, -0.041, -0.029, -0.027, -0.041, -0.031, -0.092, -0.021, -0.042, -0.042, -0.028, -0.028, -0.031, -0.053, -0.057, -0.06, -0.042], "FUKUI-": [-0.174, 0.021, -0.03, -0.032, 0.009, -0.029, -0.001, -0.04, -0.038, -0.023, -0.036, -0.015, -0.038, -0.015, -0.172, -0.008, -0.055, -0.055, -0.035, -0.035, -0.028, -0.046, -0.047, -0.049, -0.031], "FUKUIrad": [-0.136, 0.014, -0.039, -0.035, 0.01, -0.035, -0.016, -0.056, -0.029, -0.032, -0.032, -0.021, -0.039, -0.023, -0.132, -0.014, -0.049, -0.049, -0.032, -0.032, -0.03, -0.049, -0.052, -0.054, -0.036], "s proportion": [1.949, 1.028, 1.098, 1.097, 0.985, 1.694, 0.917, 1.721, 1.416, 1.038, 1.058, 1.059, 1.059, 1.08, 1.944, 1.063, 0.952, 0.952, 0.944, 0.944, 0.757, 0.966, 0.963, 0.959, 0.927], "p proportion": [5.207, 2.88, 2.946, 2.952, 2.788, 4.74, 2.426, 4.836, 3.902, 2.807, 3.021, 2.956, 3.004, 2.802, 5.174, 3.015, 0.0, 0.0, 0.0, 0.0, 0.0, 0.0, 0.0, 0.0, 0.0], "d proportion": [-0.017, 0.0, 0.0, 0.0, 0.0, 0.0, 0.0, 0.0, 0.0, 0.0, 0.0, 0.0, 0.0, 0.0, -0.011, 0.0, 0.0, 0.0, 0.0, 0.0, 0.0, 0.0, 0.0, 0.0, 0.0], "Fermi-level/eV": -8.813, "Coordination numbers": [0.953, 3.715, 2.024, 1.961, 3.712, 1.709, 2.661, 0.856, 2.694, 2.897, 2.92, 2.911, 2.949, 2.88, 0.965, 2.949, 0.924, 0.924, 0.924, 0.924, 0.86, 0.925, 0.925, 0.925, 0.925], "Dispersion coefficient C6": [105.044, 19.884, 31.761, 31.915, 19.026, 18.842, 20.268, 22.577, 24.605, 26.143, 29.424, 28.677, 29.153, 25.749, 104.231, 29.402, 1.93, 1.929, 2.006, 2.005, 1.115, 2.437, 2.299, 2.22, 1.871], "Total dispersion C6": 10677.24788, "Total dispersion C8": 294371.801807, "Polarizability alpha": [15.68, 6.371, 9.102, 9.123, 6.233, 5.861, 7.366, 6.37, 7.367, 8.383, 8.895, 8.781, 8.856, 8.319, 15.619, 8.893, 2.173, 2.172, 2.215, 2.214, 1.654, 2.441, 2.371, 2.33, 2.139], "Total polarizability alpha": 160.9287, "Wiberg matrix": [[0.0, 0.9375876115079391, 0.0, 0.0, 0.0, 0.0, 0.0, 0.0, 0.0, 0.0, 0.0, 0.0, 0.0, 0.0, 0.0, 0.0, 0.0, 0.0, 0.0, 0.0, 0.0, 0.0, 0.0, 0.0, 0.0], [0.9375876115079391, 0.0, 1.0584970017585977, 0.0, 0.0, 0.0, 0.0, 0.0, 0.0, 0.0, 0.0, 0.0, 0.0, 0.0, 0.0, 0.0, 0.9587472710055926, 0.9586876520223939, 0.0, 0.0, 0.0, 0.0, 0.0, 0.0, 0.0], [0.0, 1.0584970017585977, 0.0, 2.8131246927795854, 0.0, 0.0, 0.0, 0.0, 0.0, 0.0, 0.0, 0.0, 0.0, 0.0, 0.0, 0.0, 0.0, 0.0, 0.0, 0.0, 0.0, 0.0, 0.0, 0.0, 0.0], [0.0, 0.0, 2.8131246927795854, 0.0, 1.0382028510069914, 0.0, 0.0, 0.0, 0.0, 0.0, 0.0, 0.0, 0.0, 0.0, 0.0, 0.0, 0.0, 0.0, 0.0, 0.0, 0.0, 0.0, 0.0, 0.0, 0.0], [0.0, 0.0, 0.0, 1.0382028510069914, 0.0, 0.9356496399762532, 0.0, 0.0, 0.0, 0.0, 0.0, 0.0, 0.0, 0.0, 0.0, 0.0, 0.0, 0.0, 0.9490807821920675, 0.9490090117045505, 0.0, 0.0, 0.0, 0.0, 0.0], [0.0, 0.0, 0.0, 0.0, 0.9356496399762532, 0.0, 1.060727806127433, 0.13856705109219591, 0.0, 0.0, 0.0, 0.0, 0.0, 0.0, 0.0, 0.0, 0.0, 0.0, 0.0, 0.0, 0.0, 0.0, 0.0, 0.0, 0.0], [0.0, 0.0, 0.0, 0.0, 0.0, 1.060727806127433, 0.0, 1.6531408061161237, 1.1684172970474132, 0.0, 0.0, 0.0, 0.0, 0.0, 0.0, 0.0, 0.0, 0.0, 0.0, 0.0, 0.0, 0.0, 0.0, 0.0, 0.0], [0.0, 0.0, 0.0, 0.0, 0.0, 0.13856705109219591, 1.6531408061161237, 0.0, 0.1429657232805605, 0.0, 0.0, 0.0, 0.0, 0.0, 0.0, 0.0, 0.0, 0.0, 0.0, 0.0, 0.0, 0.0, 0.0, 0.0, 0.0], [0.0, 0.0, 0.0, 0.0, 0.0, 0.0, 1.1684172970474132, 0.1429657232805605, 0.0, 1.0732012374620814, 0.0, 0.0, 0.0, 0.0, 0.0, 0.0, 0.0, 0.0, 0.0, 0.0, 0.928148756310901, 0.0, 0.0, 0.0, 0.0], [0.0, 0.0, 0.0, 0.0, 0.0, 0.0, 0.0, 0.0, 1.0732012374620814, 0.0, 1.3624242579853223, 0.0, 0.0, 0.0, 0.0, 1.3775636663574418, 0.0, 0.0, 0.0, 0.0, 0.0, 0.0, 0.0, 0.0, 0.0], [0.0, 0.0, 0.0, 0.0, 0.0, 0.0, 0.0, 0.0, 0.0, 1.3624242579853223, 0.0, 1.4490328797590184, 0.0, 0.0, 0.0, 0.0, 0.0, 0.0, 0.0, 0.0, 0.0, 0.9674182863445073, 0.0, 0.0, 0.0], [0.0, 0.0, 0.0, 0.0, 0.0, 0.0, 0.0, 0.0, 0.0, 0.0, 1.4490328797590184, 0.0, 1.4326203008778795, 0.0, 0.0, 0.10420036088687977, 0.0, 0.0, 0.0, 0.0, 0.0, 0.0, 0.9691608901071863, 0.0, 0.0], [0.0, 0.0, 0.0, 0.0, 0.0, 0.0, 0.0, 0.0, 0.0, 0.0, 0.0, 1.4326203008778795, 0.0, 1.398534869751197, 0.0, 0.0, 0.0, 0.0, 0.0, 0.0, 0.0, 0.0, 0.0, 0.967464565741686, 0.0], [0.0, 0.0, 0.0, 0.0, 0.0, 0.0, 0.0, 0.0, 0.0, 0.0, 0.0, 0.0, 1.398534869751197, 0.0, 0.9862302577509676, 1.405099759475144, 0.0, 0.0, 0.0, 0.0, 0.0, 0.0, 0.0, 0.0, 0.0], [0.0, 0.0, 0.0, 0.0, 0.0, 0.0, 0.0, 0.0, 0.0, 0.0, 0.0, 0.0, 0.0, 0.9862302577509676, 0.0, 0.0, 0.0, 0.0, 0.0, 0.0, 0.0, 0.0, 0.0, 0.0, 0.0], [0.0, 0.0, 0.0, 0.0, 0.0, 0.0, 0.0, 0.0, 0.0, 1.3775636663574418, 0.0, 0.10420036088687977, 0.0, 1.405099759475144, 0.0, 0.0, 0.0, 0.0, 0.0, 0.0, 0.0, 0.0, 0.0, 0.0, 0.9576542257550579], [0.0, 0.9587472710055926, 0.0, 0.0, 0.0, 0.0, 0.0, 0.0, 0.0, 0.0, 0.0, 0.0, 0.0, 0.0, 0.0, 0.0, 0.0, 0.0, 0.0, 0.0, 0.0, 0.0, 0.0, 0.0, 0.0], [0.0, 0.9586876520223939, 0.0, 0.0, 0.0, 0.0, 0.0, 0.0, 0.0, 0.0, 0.0, 0.0, 0.0, 0.0, 0.0, 0.0, 0.0, 0.0, 0.0, 0.0, 0.0, 0.0, 0.0, 0.0, 0.0], [0.0, 0.0, 0.0, 0.0, 0.9490807821920675, 0.0, 0.0, 0.0, 0.0, 0.0, 0.0, 0.0, 0.0, 0.0, 0.0, 0.0, 0.0, 0.0, 0.0, 0.0, 0.0, 0.0, 0.0, 0.0, 0.0], [0.0, 0.0, 0.0, 0.0, 0.9490090117045505, 0.0, 0.0, 0.0, 0.0, 0.0, 0.0, 0.0, 0.0, 0.0, 0.0, 0.0, 0.0, 0.0, 0.0, 0.0, 0.0, 0.0, 0.0, 0.0, 0.0], [0.0, 0.0, 0.0, 0.0, 0.0, 0.0, 0.0, 0.0, 0.928148756310901, 0.0, 0.0, 0.0, 0.0, 0.0, 0.0, 0.0, 0.0, 0.0, 0.0, 0.0, 0.0, 0.0, 0.0, 0.0, 0.0], [0.0, 0.0, 0.0, 0.0, 0.0, 0.0, 0.0, 0.0, 0.0, 0.0, 0.9674182863445073, 0.0, 0.0, 0.0, 0.0, 0.0, 0.0, 0.0, 0.0, 0.0, 0.0, 0.0, 0.0, 0.0, 0.0], [0.0, 0.0, 0.0, 0.0, 0.0, 0.0, 0.0, 0.0, 0.0, 0.0, 0.0, 0.9691608901071863, 0.0, 0.0, 0.0, 0.0, 0.0, 0.0, 0.0, 0.0, 0.0, 0.0, 0.0, 0.0, 0.0], [0.0, 0.0, 0.0, 0.0, 0.0, 0.0, 0.0, 0.0, 0.0, 0.0, 0.0, 0.0, 0.967464565741686, 0.0, 0.0, 0.0, 0.0, 0.0, 0.0, 0.0, 0.0, 0.0, 0.0, 0.0, 0.0], [0.0, 0.0, 0.0, 0.0, 0.0, 0.0, 0.0, 0.0, 0.0, 0.0, 0.0, 0.0, 0.0, 0.0, 0.0, 0.9576542257550579, 0.0, 0.0, 0.0, 0.0, 0.0, 0.0, 0.0, 0.0, 0.0]], "Born radii": [], "Atomic SASAs": [], "Solvent H bonds": [], "Total SASA": NaN, "Total FOD": 0.0, "FOD": [0.0, 0.0, 0.0, 0.0, 0.0, 0.0, 0.0, 0.0, 0.0, 0.0, 0.0, 0.0, 0.0, 0.0, 0.0, 0.0, 0.0, 0.0, 0.0, 0.0, 0.0, 0.0, 0.0, 0.0, 0.0], "FOD s proportion": [0.0, 0.0, 0.0, 0.0, 0.0, 0.0, 0.0, 0.0, 0.0, 0.0, 0.0, 0.0, 0.0, 0.0, 0.0, 0.0, 0.0, 0.0, 0.0, 0.0, 0.0, 0.0, 0.0, 0.0, 0.0], "FOD p proportion": [0.0, 0.0, 0.0, 0.0, 0.0, 0.0, 0.0, 0.0, 0.0, 0.0, 0.0, 0.0, 0.0, 0.0, 0.0, 0.0, 0.0, 0.0, 0.0, 0.0, 0.0, 0.0, 0.0, 0.0, 0.0], "FOD d proportion": [0.0, 0.0, 0.0, 0.0, 0.0, 0.0, 0.0, 0.0, 0.0, 0.0, 0.0, 0.0, 0.0, 0.0, 0.0, 0.0, 0.0, 0.0, 0.0, 0.0, 0.0, 0.0, 0.0, 0.0, 0.0], "coordinates": [["7.29470", "1.11600", "0.56290"], ["5.78020", "2.03910", "0.51240"], ["4.65890", "1.10450", "0.42120"], ["3.73540", "0.33840", "0.34620"], ["2.61360", "-0.60500", "0.25460"], ["1.39660", "0.14140", "0.16970"], ["0.28850", "-0.63880", "0.08120"], ["0.31340", "-1.85900", "0.07390"], ["-0.80020", "0.18260", "0.00610"], ["-2.15680", "-0.16980", "-0.09770"], ["-3.08540", "0.87870", "-0.15920"], ["-4.45370", "0.61630", "-0.26320"], ["-4.90590", "-0.70000", "-0.30670"], ["-3.98630", "-1.74470", "-0.24580"], ["-4.54920", "-3.37150", "-0.29970"], ["-2.61720", "-1.48750", "-0.14180"], ["5.72200", "2.64570", "1.42010"], ["5.81710", "2.70470", "-0.35410"], ["2.59520", "-1.24340", "1.14550"], ["2.72860", "-1.22880", "-0.63940"], ["-0.56340", "1.16480", "0.03100"], ["-2.75670", "1.91490", "-0.12710"], ["-5.16450", "1.43760", "-0.31020"], ["-5.96990", "-0.90580", "-0.38750"], ["-1.93500", "-2.33020", "-0.09710"]], "bond_dist": [[0.0, 1.774365833192242, 2.639631182570777, 3.6496900060142092, 4.996957784492481, 5.990996161741384, 7.238659846269887, 7.604491810108023, 8.167537438542904, 9.561408172962809, 10.407891991657099, 11.788004235662626, 12.365625763381326, 11.666128800077598, 12.694869129691728, 10.27232086482894, 2.3554530816808894, 2.3554529182303767, 5.290698571077358, 5.271895440920656, 7.876232262954159, 10.106680126035453, 12.493894301217695, 13.451414370243748, 9.874171181927117], [1.774365833192242, 0.0, 1.4625690718731883, 2.6648095560471106, 4.133410360707003, 4.789014255564499, 6.125018427727381, 6.728548736540444, 6.855989797250285, 8.261200289304211, 8.966406084937265, 10.36140069729957, 11.061931424032604, 10.501263349235654, 11.688909407211607, 9.131331335572046, 1.093284084764797, 1.0932553315671505, 4.617341969141986, 4.61715022605936, 6.4216358827015405, 8.561719891470405, 10.992039442250924, 12.146896971243315, 8.887439663930214], [2.639631182570777, 1.4625690718731883, 0.0, 1.2022422634394452, 2.6708421705522025, 3.4107792584686565, 4.717530185383025, 5.271273071090133, 5.551934836613269, 6.9531909358221995, 7.7693006306874235, 9.151296157375741, 9.76070989733841, 9.127010062446518, 10.263692241099204, 7.744486052024369, 2.1220933674087012, 2.122064412311747, 3.208754055704488, 3.208616421450217, 5.237204351560095, 7.479873288365251, 9.856220834072257, 10.84742786194036, 7.452873015824166], [3.6496900060142092, 2.6648095560471106, 1.2022422634394452, 0.0, 1.4686147759027894, 2.353709134536381, 3.5925289769186275, 4.07588003380865, 4.551000880026282, 5.930711195969671, 6.860806504340434, 8.216444217543255, 8.72792178356337, 8.01962720455259, 9.100282521987985, 6.627788588209493, 3.228540546438902, 3.2285090475326226, 2.1073746154872417, 2.1074082281323663, 4.3888460260072915, 6.6975165210695815, 8.991513866418714, 9.81219636065239, 6.282625009500408], [4.996957784492481, 4.133410360707003, 2.6708421705522025, 1.4686147759027894, 0.0, 1.430178300073106, 2.331801880520727, 2.626040466177168, 3.5122779573946024, 4.803147977108347, 5.903490249843731, 7.1907176150923915, 7.541018693784017, 6.716248674669513, 7.698472223759724, 5.319511993594901, 4.64624486009939, 4.6461857506991695, 1.0961733120268895, 1.0961694394572399, 3.6435584254956033, 5.944384996784781, 8.061640863372666, 8.61273738714934, 4.8774757703139855], [5.990996161741384, 4.789014255564499, 3.4107792584686565, 2.353709134536381, 1.430178300073106, 0.0, 1.358097897796768, 2.276861884260879, 2.2032686263821764, 3.577009890956411, 4.554131146552546, 5.885485749706646, 6.376238481267777, 5.718883271233992, 6.921946287714171, 4.342918131855584, 5.1520970303362885, 5.136700651196252, 2.0752105049849763, 2.07516622225787, 2.2154424501665577, 4.525847255487087, 6.705107878326792, 7.461395441202671, 4.156867493678383], [7.238659846269887, 6.125018427727381, 4.717530185383025, 3.5925289769186275, 2.331801880520727, 1.358097897796768, 0.0, 1.22047586620957, 1.3658717582555107, 2.496288905555605, 3.7072630902054953, 4.917555104927652, 5.2092228988592915, 4.427624515471021, 5.569207788366313, 3.035311051605749, 6.48872219393002, 6.475638678925809, 2.6113484141339702, 2.6117910272454803, 1.9953011326614336, 3.9797004435007413, 5.848062920318147, 6.281603238823668, 2.799388701127444], [7.604491810108023, 6.728548736540444, 5.271273071090133, 4.07588003380865, 2.626040466177168, 2.276861884260879, 1.22047586620957, 0.0, 2.3265494535900153, 2.997454126421287, 4.370489485172113, 5.382006030282761, 5.359965470970871, 4.313083893225357, 5.106085777775379, 2.9619174701534137, 7.166416851537455, 7.162489468055084, 2.594976138618619, 2.5959853562761097, 3.1486481368993897, 4.869110413617666, 6.404880387641911, 6.371918007162364, 2.303600008682063], [8.167537438542904, 6.855989797250285, 5.551934836613269, 4.551000880026282, 3.5122779573946024, 2.2032686263821764, 1.3658717582555107, 2.3265494535900153, 0.0, 1.405462116173894, 2.3945810364236992, 3.688994501215745, 4.211128006840922, 3.732180610581433, 5.174953279982342, 2.4723667648631746, 7.113743771742135, 7.090796269813426, 3.854925358551058, 3.8550161672812737, 1.0106488460390188, 2.6165813153808157, 4.552162692611063, 5.297672471000826, 2.7590913576755662], [9.561408172962809, 8.261200289304211, 6.9531909358221995, 5.930711195969671, 4.803147977108347, 3.577009890956411, 2.496288905555605, 2.997454126421287, 1.405462116173894, 0.0, 1.4019388217750444, 2.4333296262528843, 2.8075512194793526, 2.4185354804095804, 4.001907626370205, 1.3965121768176603, 8.50330797572333, 8.480069128255973, 5.027888940698671, 5.028126196705887, 2.0824611424946204, 2.16949728278235, 3.4168919063968066, 3.8942793492506413, 2.1717559163036717], [10.407891991657099, 8.966406084937265, 7.7693006306874235, 6.860806504340434, 5.903490249843731, 4.554131146552546, 3.7072630902054953, 4.370489485172113, 2.3945810364236992, 1.4019388217750444, 0.0, 1.3971093908495502, 2.4141810599041658, 2.775130254600674, 4.497404888377297, 2.412139390665473, 9.120678277957184, 9.089926746679534, 6.202803145352914, 6.202801326013916, 2.5452923702396153, 1.0875589823085459, 2.1581999490316, 3.3995442915190854, 3.409445083880953], [11.788004235662626, 10.36140069729957, 9.151296157375741, 8.216444217543255, 7.1907176150923915, 5.885485749706646, 4.917555104927652, 5.382006030282761, 3.688994501215745, 2.4333296262528843, 1.3971093908495502, 0.0, 1.3924879819948177, 2.4068831546213456, 3.9891103444251828, 2.795253950896054, 10.51174741610547, 10.481364892512808, 7.424951918362839, 7.425049073238506, 3.939776640876993, 2.1411898958289526, 1.0871887278665098, 2.151999381970171, 3.8798583930344677], [12.365625763381326, 11.061931424032604, 9.76070989733841, 8.72792178356337, 7.541018693784017, 6.376238481267777, 5.2092228988592915, 5.359965470970871, 4.211128006840922, 2.8075512194793526, 2.4141810599041658, 1.3924879819948177, 0.0, 1.393115594629534, 2.6952172713901934, 2.4260041117030284, 11.275096679851575, 11.250642552761153, 7.659678166215602, 7.660020168380759, 4.738019267584293, 3.3895455167322948, 2.1531883266449316, 1.086728245698988, 3.395251244017149], [11.666128800077598, 10.501263349235654, 9.127010062446518, 8.01962720455259, 6.716248674669513, 5.718883271233992, 4.427624515471021, 4.313083893225357, 3.732180610581433, 2.4185354804095804, 2.775130254600674, 2.4068831546213456, 1.393115594629534, 0.0, 1.722277521191054, 1.3969261433590539, 10.784336968956413, 10.766407980844866, 6.745602984908021, 6.746180829180315, 4.500894677727973, 3.862470454255929, 3.394014715642818, 2.158356101295613, 2.138399782547688], [12.694869129691728, 11.688909407211607, 10.263692241099204, 9.100282521987985, 7.698472223759724, 6.921946287714171, 5.569207788366313, 5.106085777775379, 5.174953279982342, 4.001907626370205, 4.497404888377297, 3.9891103444251828, 2.6952172713901934, 1.722277521191054, 0.0, 2.7031486104171187, 12.027549930056411, 12.015961946094869, 7.593409248157246, 7.59426969629075, 6.047642666361829, 5.584699810195711, 4.848313846070611, 2.8470640702309455, 2.821239814336952], [10.27232086482894, 9.131331335572046, 7.744486052024369, 6.627788588209493, 5.319511993594901, 4.342918131855584, 3.035311051605749, 2.9619174701534137, 2.4723667648631746, 1.3965121768176603, 2.412139390665473, 2.795253950896054, 2.4260041117030284, 1.3969261433590539, 2.7031486104171187, 0.0, 9.43743240982419, 9.421094873739463, 5.374554852264511, 5.375138053110823, 3.358965550582501, 3.405290310678372, 3.8824355577394973, 3.4116477939552907, 1.085144331414029], [2.3554530816808894, 1.093284084764797, 2.1220933674087012, 3.228540546438902, 4.64624486009939, 5.1520970303362885, 6.48872219393002, 7.166416851537455, 7.113743771742135, 8.50330797572333, 9.120678277957184, 10.51174741610547, 11.275096679851575, 10.784336968956413, 12.027549930056411, 9.43743240982419, 0.0, 1.7777262584548836, 4.997737709204036, 5.311660198092495, 6.605218904775223, 8.649638730606036, 11.089153527208468, 12.352372064506477, 9.256950126796623], [2.3554529182303767, 1.0932553315671505, 2.122064412311747, 3.2285090475326226, 4.6461857506991695, 5.136700651196252, 6.475638678925809, 7.162489468055084, 7.090796269813426, 8.480069128255973, 9.089926746679534, 10.481364892512808, 11.250642552761153, 10.766407980844866, 12.015961946094869, 9.421094873739463, 1.7777262584548836, 0.0, 5.311961349633486, 5.009256490737921, 6.574980933052201, 8.61309232970366, 11.054546945940391, 12.327619186606956, 9.247233176469598], [5.290698571077358, 4.617341969141986, 3.208754055704488, 2.1073746154872417, 1.0961733120268895, 2.0752105049849763, 2.6113484141339702, 2.594976138618619, 3.854925358551058, 5.027888940698671, 6.202803145352914, 7.424951918362839, 7.659678166215602, 6.745602984908021, 7.593409248157246, 5.374554852264511, 4.997737709204036, 5.311961349633486, 0.0, 1.7899376329917196, 4.1253231933995185, 6.343280165655621, 8.337851496638688, 8.707755208433458, 4.8216077235710495], [5.271895440920656, 4.61715022605936, 3.208616421450217, 2.1074082281323663, 1.0961694394572399, 2.07516622225787, 2.6117910272454803, 2.5959853562761097, 3.8550161672812737, 5.028126196705887, 6.202801326013916, 7.425049073238506, 7.660020168380759, 6.746180829180315, 7.59426969629075, 5.375138053110823, 5.311660198092495, 5.009256490737921, 1.7899376329917196, 0.0, 4.1250480142660155, 6.343013248449037, 8.337810816395393, 8.708139000957667, 4.822482370107744], [7.876232262954159, 6.4216358827015405, 5.237204351560095, 4.3888460260072915, 3.6435584254956033, 2.2154424501665577, 1.9953011326614336, 3.1486481368993897, 1.0106488460390188, 2.0824611424946204, 2.5452923702396153, 3.939776640876993, 4.738019267584293, 4.500894677727973, 6.047642666361829, 3.358965550582501, 6.605218904775223, 6.574980933052201, 4.1253231933995185, 4.1250480142660155, 0.0, 2.3234049388774225, 4.621791696950438, 5.804547257108, 3.7566901881842747], [10.106680126035453, 8.561719891470405, 7.479873288365251, 6.6975165210695815, 5.944384996784781, 4.525847255487087, 3.9797004435007413, 4.869110413617666, 2.6165813153808157, 2.16949728278235, 1.0875589823085459, 2.1411898958289526, 3.3895455167322948, 3.862470454255929, 5.584699810195711, 3.405290310678372, 8.649638730606036, 8.61309232970366, 6.343280165655621, 6.343013248449037, 2.3234049388774225, 0.0, 2.4614714582948145, 4.283551200814577, 4.323998716466044], [12.493894301217695, 10.992039442250924, 9.856220834072257, 8.991513866418714, 8.061640863372666, 6.705107878326792, 5.848062920318147, 6.404880387641911, 4.552162692611063, 3.4168919063968066, 2.1581999490316, 1.0871887278665098, 2.1531883266449316, 3.394014715642818, 4.848313846070611, 3.8824355577394973, 11.089153527208468, 11.054546945940391, 8.337851496638688, 8.337810816395393, 4.621791696950438, 2.4614714582948145, 0.0, 2.479146629386814, 4.9670311756621786], [13.451414370243748, 12.146896971243315, 10.84742786194036, 9.81219636065239, 8.61273738714934, 7.461395441202671, 6.281603238823668, 6.371918007162364, 5.297672471000826, 3.8942793492506413, 3.3995442915190854, 2.151999381970171, 1.086728245698988, 2.158356101295613, 2.8470640702309455, 3.4116477939552907, 12.352372064506477, 12.327619186606956, 8.707755208433458, 8.708139000957667, 5.804547257108, 4.283551200814577, 2.479146629386814, 0.0, 4.288783688879634], [9.874171181927117, 8.887439663930214, 7.452873015824166, 6.282625009500408, 4.8774757703139855, 4.156867493678383, 2.799388701127444, 2.303600008682063, 2.7590913576755662, 2.1717559163036717, 3.409445083880953, 3.8798583930344677, 3.395251244017149, 2.138399782547688, 2.821239814336952, 1.085144331414029, 9.256950126796623, 9.247233176469598, 4.8216077235710495, 4.822482370107744, 3.7566901881842747, 4.323998716466044, 4.9670311756621786, 4.288783688879634, 0.0]]}