{"total energy": -75.03166688, "HOMO-LUMO gap/eV": 1.01006457, "electronic energy": -75.68365213, "dipole": [0.64366907, -0.20372061, 0.29273342], "partial charges": [-0.10386893, -0.05337472, -0.06275295, 0.0047949, -0.16823926, 0.01151123, -0.11324414, 0.10532171, 0.01114997, -0.01511516, -0.00631494, -0.01422378, 0.01528809, 0.55342071, -0.34679115, -0.34650218, 0.48209755, -0.19287797, -0.19408115, -0.19449392, 0.54304241, -0.35626969, -0.35496134, 0.03541008, 0.04030774, 0.03720942, 0.03428128, 0.03948004, 0.04952096, 0.03026123, 0.05836557, 0.02729612, 0.04235627, 0.0460695, 0.04557254, 0.05874717, 0.05098067, 0.09980249, 0.10082362], "atomic dipole moments": [[-0.03638447, -0.10041988, -0.02447912], [-0.07808377, 0.07047625, 0.0577439], [0.07763638, 0.02435206, 0.09619491], [-0.14380031, -0.02399127, -0.04110004], [0.0175723, 0.20973979, 0.10706], [0.03452666, -0.0204809, -0.14932942], [-0.03163459, 0.12792374, -0.01013377], [0.0608616, -0.03356127, 0.03136612], [0.10937696, 0.07809083, 0.09319589], [0.00219666, -0.05101811, -0.00737132], [-0.1178437, 0.07734405, -0.06336866], [0.03387073, 0.02376571, 0.02805878], [0.01888066, -0.16004765, -0.01918039], [0.00911778, -0.05565815, -0.00865692], [0.10260795, 0.14752048, -0.16982056], [-0.10758163, 0.05580006, 0.2148804], [-0.13531775, 0.09532987, -0.07865942], [-0.07191068, -0.10644287, 0.23792081], [0.21713418, 0.15550688, 0.04372969], [0.0790211, -0.20448391, -0.15915121], [0.0344798, 0.03558762, 0.04025361], [0.02441004, 0.04301895, -0.24358464], [-0.15484782, -0.15713287, 0.11976397], [0.01076279, 0.01673946, 0.12502926], [-0.07441801, 0.09268484, -0.04729089], [0.11504611, 0.01670194, -0.04784463], [0.07705259, -0.08537044, 0.04727736], [0.00980776, -0.01361968, -0.12217975], [-0.03419914, -0.10870629, -0.05162118], [-0.07296298, 0.08412659, -0.05852295], [0.08788083, -0.07894991, 0.04532725], [0.03728616, 0.10542611, 0.05270993], [0.07028972, 0.06897878, 0.07850996], [-0.12238457, 0.0065486, 0.04900078], [0.12185029, -0.02301251, -0.02458452], [-0.06663791, -0.08123096, -0.0760698], [-0.01908887, -0.03808991, 0.121865], [-0.01763463, 0.16031028, 0.02779757], [-0.11006734, -0.07536447, -0.0947512]], "atomic quadrupole moments": [[-0.07443581, 0.1107427, 0.17503518, 0.01615095, 0.0833999, -0.10059937], [0.1231986, 0.13980574, 0.05327557, -0.06370128, 0.06266584, -0.17647417], [0.07674051, 0.04759527, -0.22006339, -0.09954079, -0.01344488, 0.14332288], [0.15691954, 0.11324003, -0.23083118, -0.12503919, -0.04606914, 0.07391164], [0.05763298, -0.0225643, -0.09072205, 0.01128189, -0.09444245, 0.03308907], [-0.21924371, -0.07990909, 0.04904689, -0.03628959, -0.16964775, 0.17019682], [-0.11054306, -0.10181146, 0.22177994, 0.00319525, -0.05672075, -0.11123688], [0.00109528, 0.03721627, -0.26022082, -0.3051518, -0.20056128, 0.25912554], [0.01911839, 0.29605421, -0.27693486, -0.15520609, 0.00360584, 0.25781647], [-0.01054964, 0.11676839, -0.28140231, -0.36168025, -0.14258679, 0.29195195], [0.05684935, -0.05013797, -0.23052082, -0.22534081, -0.18778112, 0.17367147], [-0.03997149, 0.07411193, -0.21741332, -0.40393779, -0.14684952, 0.25738481], [-0.22125512, 0.05469989, 0.10510974, -0.37695363, -0.02314177, 0.11614538], [0.20180775, -0.03023593, -0.18396885, 0.16216491, -0.03663935, -0.01783891], [0.1224564, 0.03831571, -0.11853518, 0.07554351, -0.13366341, -0.00392123], [0.13365265, -0.05974075, -0.20518203, 0.04552125, 0.03912758, 0.07152938], [-0.11428629, 0.18558277, 0.04970721, -0.12706541, 0.11373353, 0.06457908], [-0.03288111, 0.02196639, -0.02431554, -0.04149606, -0.03678263, 0.05719665], [0.02508546, 0.06585564, 0.01188617, 0.00730798, 0.01461868, -0.03697163], [-0.03802674, -0.01405217, 0.02623867, -0.02260634, 0.06234705, 0.01178808], [0.04931191, -0.2168389, 0.07680823, -0.04288916, -0.03052742, -0.12612014], [-0.03536869, -0.18303248, -0.02137345, -0.04479105, -0.03462967, 0.05674213], [0.06899408, -0.0781422, 0.08831959, -0.09922681, -0.07404821, -0.15731367], [-0.05154609, 0.00647449, -0.02827209, -0.00259941, 0.00068879, 0.07981818], [0.01092593, -0.04621202, 0.0146914, 0.04032863, -0.02497013, -0.02561734], [0.05841944, 0.01271678, -0.03249437, -0.04914622, 0.00766693, -0.02592507], [0.00142336, -0.02055437, 0.01492132, 0.03204965, -0.03337444, -0.01634469], [-0.02474168, 0.02159931, -0.02948721, 0.00010489, 0.0043615, 0.05422889], [-0.02510995, 0.0255297, 0.04504505, -0.00545283, 0.02047289, -0.01993511], [-0.00230861, -0.04305625, 0.02149564, 0.00530724, -0.02334838, -0.01918703], [-0.00896328, -0.03445875, 0.01677508, 0.00368839, -0.02843347, -0.0078118], [-0.02602092, 0.0057604, 0.0508797, -0.01688296, 0.02269288, -0.02485877], [-0.00420948, 0.0286215, 0.01146065, 0.02396139, 0.00478123, -0.00725117], [0.04795315, -0.01617033, -0.01415896, -0.00132707, -0.01831041, -0.03379419], [0.07423065, -0.00152971, -0.02842733, -0.03070993, 0.00187601, -0.04580332], [0.00352879, 0.02744585, -0.00372733, 0.04913766, 0.03881231, 0.00019854], [-0.04270808, -0.00380237, -0.02997623, -0.02551268, -0.02555835, 0.07268431], [0.00898619, -0.00362536, 0.01044883, 0.04075142, 0.0154045, -0.01943503], [-0.00353415, -0.0144934, 0.03259322, 0.02892823, 0.0105306, -0.02905907]], "number of molecular orbitals": 108, "number of electrons": 128, "number of unpaired electrons": 0, "orbital energies/eV": [-24.5320745, -24.2002467, -24.18105694, -21.90987201, -21.77709441, -21.36152269, -21.2284211, -20.56692987, -20.3393275, -20.11893418, -19.46647493, -19.2669396, -18.95039799, -18.41450264, -18.34257439, -18.31633457, -17.90017519, -17.81787148, -17.81376857, -17.67195524, -17.56791844, -17.49777281, -17.35648922, -17.10560705, -16.95349471, -16.85620229, -16.80961134, -16.59196, -16.42487751, -16.2903081, -15.9643786, -15.73434353, -15.61627462, -15.4842966, -15.47687984, -15.44301819, -15.17340896, -15.14770581, -15.14638353, -15.14158145, -14.96123649, -14.70914811, -14.51415751, -14.37066821, -14.20845587, -13.9569645, -13.81258976, -13.78185865, -13.6934758, -13.68219066, -13.58462037, -13.51250796, -13.33827531, -13.1843904, -13.1016502, -13.07237764, -12.90729965, -12.79739272, -12.76681197, -12.51299822, -12.23865069, -12.15897817, -11.98910931, -10.74854171, -9.73847713, -9.60235792, -8.84744434, -8.77021961, -5.65373182, -2.62466986, -1.77005422, -1.50218563, -0.43465194, -0.24355378, 0.48184179, 0.88033632, 1.69277979, 1.7646071, 2.0546288, 2.27189472, 2.31834986, 2.72852391, 2.79500962, 3.19952803, 3.26009193, 3.46197975, 3.70665681, 3.81208877, 3.91240064, 4.03079049, 4.34725152, 4.49432206, 5.07958524, 5.44236141, 5.73538178, 6.31982889, 6.72164359, 6.8634545, 6.90766424, 7.11605094, 7.49526661, 8.2762536, 8.33870233, 8.72677454, 9.3381055, 9.49922472, 13.35297139, 13.86649567], "fractional occupation": [2.0, 2.0, 2.0, 2.0, 2.0, 2.0, 2.0, 2.0, 2.0, 2.0, 2.0, 2.0, 2.0, 2.0, 2.0, 2.0, 2.0, 2.0, 2.0, 2.0, 2.0, 2.0, 2.0, 2.0, 2.0, 2.0, 2.0, 2.0, 2.0, 2.0, 2.0, 2.0, 2.0, 2.0, 2.0, 2.0, 2.0, 2.0, 2.0, 2.0, 2.0, 2.0, 2.0, 2.0, 2.0, 2.0, 2.0, 2.0, 2.0, 2.0, 2.0, 2.0, 2.0, 2.0, 2.0, 2.0, 2.0, 2.0, 2.0, 2.0, 2.0, 2.0, 2.0, 1.99999999, 1e-08, 0.0, 0.0, 0.0, 0.0, 0.0, 0.0, 0.0, 0.0, 0.0, 0.0, 0.0, 0.0, 0.0, 0.0, 0.0, 0.0, 0.0, 0.0, 0.0, 0.0, 0.0, 0.0, 0.0, 0.0, 0.0, 0.0, 0.0, 0.0, 0.0, 0.0, 0.0, 0.0, 0.0, 0.0, 0.0, 0.0, 0.0, 0.0, 0.0, 0.0, 0.0, 0.0, 0.0], "program call": "xtb /home/svss/Project-DBcg-Debug/aqme2_20220329/End-to-End-workflows-final/example-3/QDESCP/mol_834_rdkit_conf_14/mol_834_rdkit_conf_14.xyz --pop --wbo --acc 0.2 --gfn 2 --chrg 0 --uhf 0 --etemp 300 --input /home/svss/Project-DBcg-Debug/aqme2_20220329/End-to-End-workflows-final/example-3/QDESCP/mol_834_rdkit_conf_14/mol_834_rdkit_conf_14_xtb.inp", "method": "GFN2-xTB", "xtb version": "6.3.3 (7355c4f)", "Dipole module/D": 1.87, "Total charge": 0, "Transition dipole module/D": NaN, "HOMO": -10.7485, "LUMO": -9.7385, "HOMO occupancy": 2.0, "LUMO occupancy": 0, "mulliken charges": [-0.08752, -0.03903, -0.05811, 0.08543, -0.34591, 0.09995, -0.09284, 0.17813, 0.03415, 0.00041, -0.0134, 0.00017, 0.04228, 0.69432, -0.44373, -0.44299, 0.63888, -0.23515, -0.23652, -0.23704, 0.68928, -0.44672, -0.44798, 0.03089, 0.03364, 0.03374, 0.02598, 0.03228, 0.0418, 0.02096, 0.03935, 0.03168, 0.0383, 0.0319, 0.03446, 0.04777, 0.03896, 0.091, 0.09124], "cm5 charges": [-0.2379, -0.15131, -0.16259, 0.03463, -0.59185, 0.04841, -0.23754, 0.24763, 0.09652, -0.04054, -0.01544, -0.04099, 0.10566, 0.52996, -0.40424, -0.40318, 0.69093, -0.2552, -0.2576, -0.25805, 0.52037, -0.40887, -0.41037, 0.08296, 0.08538, 0.08453, 0.08065, 0.08652, 0.10114, 0.07992, 0.10517, 0.10354, 0.10546, 0.09802, 0.08798, 0.10373, 0.09018, 0.15321, 0.15316], "FUKUI+": [0.005, 0.005, 0.002, 0.009, -0.001, 0.008, 0.009, -0.028, -0.007, -0.015, -0.034, -0.025, -0.001, -0.084, -0.114, -0.114, -0.002, -0.023, -0.021, -0.021, -0.093, -0.123, -0.124, 0.002, 0.002, -0.019, -0.013, -0.015, -0.001, 0.006, -0.027, -0.0, -0.012, -0.005, -0.017, -0.001, -0.025, -0.039, -0.043], "FUKUI-": [0.014, 0.008, 0.009, 0.021, -0.143, 0.022, 0.009, 0.023, -0.009, -0.009, -0.023, -0.009, -0.009, 0.007, -0.03, -0.024, -0.001, -0.015, -0.016, -0.015, 0.005, -0.025, -0.025, -0.063, -0.044, -0.05, -0.047, -0.081, -0.039, -0.031, -0.047, -0.083, -0.071, -0.047, -0.022, -0.031, -0.041, -0.034, -0.033], "FUKUIrad": [0.01, 0.006, 0.005, 0.015, -0.072, 0.015, 0.009, -0.002, -0.008, -0.012, -0.028, -0.017, -0.005, -0.039, -0.072, -0.069, -0.001, -0.019, -0.018, -0.018, -0.044, -0.074, -0.075, -0.031, -0.021, -0.034, -0.03, -0.048, -0.02, -0.012, -0.037, -0.042, -0.042, -0.026, -0.02, -0.016, -0.033, -0.036, -0.038], "s proportion": [1.008, 1.028, 1.035, 1.015, 1.46, 1.012, 1.012, 1.054, 1.074, 1.071, 1.075, 1.07, 1.073, 1.324, 1.747, 1.747, 1.023, 1.823, 1.823, 1.823, 1.325, 1.746, 1.746, 0.969, 0.966, 0.966, 0.974, 0.968, 0.958, 0.979, 0.961, 0.968, 0.962, 0.968, 0.966, 0.952, 0.961, 0.909, 0.909], "p proportion": [3.079, 3.011, 3.023, 2.899, 3.886, 2.888, 3.08, 2.768, 2.892, 2.928, 2.938, 2.929, 2.885, 2.981, 4.697, 4.696, 2.338, 5.412, 5.414, 5.414, 2.985, 4.701, 4.702, 0.0, 0.0, 0.0, 0.0, 0.0, 0.0, 0.0, 0.0, 0.0, 0.0, 0.0, 0.0, 0.0, 0.0, 0.0, 0.0], "d proportion": [0.0, 0.0, 0.0, 0.0, 0.0, 0.0, 0.0, 0.0, 0.0, 0.0, 0.0, 0.0, 0.0, 0.0, 0.0, 0.0, 0.0, 0.0, 0.0, 0.0, 0.0, 0.0, 0.0, 0.0, 0.0, 0.0, 0.0, 0.0, 0.0, 0.0, 0.0, 0.0, 0.0, 0.0, 0.0, 0.0, 0.0, 0.0, 0.0], "Fermi-level/eV": -10.2436, "Coordination numbers": [3.749, 3.799, 3.799, 3.739, 2.728, 3.746, 3.749, 2.902, 2.912, 2.913, 2.959, 2.912, 2.916, 2.759, 0.927, 0.927, 3.331, 0.788, 0.788, 0.788, 2.759, 0.927, 0.927, 0.924, 0.924, 0.924, 0.924, 0.924, 0.924, 0.924, 0.924, 0.924, 0.924, 0.924, 0.924, 0.924, 0.924, 0.924, 0.924], "Dispersion coefficient C6": [22.55, 21.534, 21.707, 20.576, 24.637, 20.449, 22.732, 25.671, 27.767, 28.389, 28.177, 28.368, 27.671, 13.443, 20.615, 20.609, 17.409, 11.162, 11.174, 11.179, 13.555, 20.795, 20.769, 2.511, 2.445, 2.486, 2.527, 2.456, 2.326, 2.583, 2.218, 2.625, 2.418, 2.37, 2.376, 2.214, 2.308, 1.787, 1.777], "Total dispersion C6": 16398.509048, "Total dispersion C8": 367020.45641, "Polarizability alpha": [6.773, 6.607, 6.634, 6.472, 7.372, 6.45, 6.8, 8.308, 8.641, 8.737, 8.707, 8.734, 8.626, 5.446, 6.089, 6.088, 6.619, 3.946, 3.949, 3.949, 5.468, 6.116, 6.112, 2.478, 2.445, 2.466, 2.486, 2.451, 2.385, 2.513, 2.329, 2.534, 2.432, 2.407, 2.411, 2.327, 2.376, 2.09, 2.085], "Total polarizability alpha": 190.856197, "Wiberg matrix": [[0.0, 1.0213308322146348, 0.0, 0.0, 0.0, 0.0, 0.0, 0.0, 0.0, 0.0, 0.0, 0.0, 0.0, 0.0, 0.0, 0.0, 0.0, 0.0, 0.0, 0.0, 0.0, 0.0, 0.0, 0.9859705902508453, 0.986749484671605, 0.9865789756279988, 0.0, 0.0, 0.0, 0.0, 0.0, 0.0, 0.0, 0.0, 0.0, 0.0, 0.0, 0.0, 0.0], [1.0213308322146348, 0.0, 1.0048529458784061, 0.0, 0.0, 0.0, 0.0, 0.0, 0.0, 0.0, 0.0, 0.0, 0.0, 0.0, 0.0, 0.0, 0.0, 0.0, 0.0, 0.0, 0.0, 0.0, 0.0, 0.0, 0.0, 0.0, 0.9771156496615221, 0.976640819756388, 0.0, 0.0, 0.0, 0.0, 0.0, 0.0, 0.0, 0.0, 0.0, 0.0, 0.0], [0.0, 1.0048529458784061, 0.0, 1.0052601064329882, 0.0, 0.0, 0.0, 0.0, 0.0, 0.0, 0.0, 0.0, 0.0, 0.0, 0.0, 0.0, 0.0, 0.0, 0.0, 0.0, 0.0, 0.0, 0.0, 0.0, 0.0, 0.0, 0.0, 0.0, 0.9747868931280314, 0.9758580076277842, 0.0, 0.0, 0.0, 0.0, 0.0, 0.0, 0.0, 0.0, 0.0], [0.0, 0.0, 1.0052601064329882, 0.0, 0.9649042128492297, 0.0, 0.0, 0.0, 0.0, 0.0, 0.0, 0.0, 0.0, 0.0, 0.0, 0.0, 0.0, 0.0, 0.0, 0.0, 0.0, 0.0, 0.0, 0.0, 0.0, 0.0, 0.0, 0.0, 0.0, 0.0, 0.9672071103868037, 0.9647604654584391, 0.0, 0.0, 0.0, 0.0, 0.0, 0.0, 0.0], [0.0, 0.0, 0.0, 0.9649042128492297, 0.0, 0.9483806913196681, 0.0, 1.0698899409384137, 0.0, 0.0, 0.0, 0.0, 0.0, 0.0, 0.0, 0.0, 0.0, 0.0, 0.0, 0.0, 0.0, 0.0, 0.0, 0.0, 0.0, 0.0, 0.0, 0.0, 0.0, 0.0, 0.0, 0.0, 0.0, 0.0, 0.0, 0.0, 0.0, 0.0, 0.0], [0.0, 0.0, 0.0, 0.0, 0.9483806913196681, 0.0, 1.0165435875785849, 0.0, 0.0, 0.0, 0.0, 0.0, 0.0, 0.0, 0.0, 0.0, 0.0, 0.0, 0.0, 0.0, 0.0, 0.0, 0.0, 0.0, 0.0, 0.0, 0.0, 0.0, 0.0, 0.0, 0.0, 0.0, 0.9678643218695658, 0.9737258104186896, 0.0, 0.0, 0.0, 0.0, 0.0], [0.0, 0.0, 0.0, 0.0, 0.0, 1.0165435875785849, 0.0, 0.0, 0.0, 0.0, 0.0, 0.0, 0.0, 0.0, 0.0, 0.0, 0.0, 0.0, 0.0, 0.0, 0.0, 0.0, 0.0, 0.0, 0.0, 0.0, 0.0, 0.0, 0.0, 0.0, 0.0, 0.0, 0.0, 0.0, 0.9839754225502952, 0.9837187947974564, 0.9809460417787264, 0.0, 0.0], [0.0, 0.0, 0.0, 0.0, 1.0698899409384137, 0.0, 0.0, 0.0, 1.3370693924992985, 0.0, 0.0, 0.0, 1.3386403106556974, 0.0, 0.0, 0.0, 0.0, 0.0, 0.0, 0.0, 0.0, 0.0, 0.0, 0.0, 0.0, 0.0, 0.0, 0.0, 0.0, 0.0, 0.0, 0.0, 0.0, 0.0, 0.0, 0.0, 0.0, 0.0, 0.0], [0.0, 0.0, 0.0, 0.0, 0.0, 0.0, 0.0, 1.3370693924992985, 0.0, 1.4026337459093994, 0.0, 0.10125100403432424, 0.0, 0.0, 0.0, 0.0, 0.0, 0.0, 0.0, 0.0, 0.9389500875512037, 0.0, 0.0, 0.0, 0.0, 0.0, 0.0, 0.0, 0.0, 0.0, 0.0, 0.0, 0.0, 0.0, 0.0, 0.0, 0.0, 0.0, 0.0], [0.0, 0.0, 0.0, 0.0, 0.0, 0.0, 0.0, 0.0, 1.4026337459093994, 0.0, 1.4114344766376532, 0.0, 0.10389365325308614, 0.0, 0.0, 0.0, 0.0, 0.0, 0.0, 0.0, 0.0, 0.0, 0.0, 0.0, 0.0, 0.0, 0.0, 0.0, 0.0, 0.0, 0.0, 0.0, 0.0, 0.0, 0.0, 0.0, 0.0, 0.9596560611945358, 0.0], [0.0, 0.0, 0.0, 0.0, 0.0, 0.0, 0.0, 0.0, 0.0, 1.4114344766376532, 0.0, 1.4073167738866346, 0.0, 0.0, 0.0, 0.0, 0.953306225042631, 0.0, 0.0, 0.0, 0.0, 0.0, 0.0, 0.0, 0.0, 0.0, 0.0, 0.0, 0.0, 0.0, 0.0, 0.0, 0.0, 0.0, 0.0, 0.0, 0.0, 0.0, 0.0], [0.0, 0.0, 0.0, 0.0, 0.0, 0.0, 0.0, 0.0, 0.10125100403432424, 0.0, 1.4073167738866346, 0.0, 1.4124367824344237, 0.0, 0.0, 0.0, 0.0, 0.0, 0.0, 0.0, 0.0, 0.0, 0.0, 0.0, 0.0, 0.0, 0.0, 0.0, 0.0, 0.0, 0.0, 0.0, 0.0, 0.0, 0.0, 0.0, 0.0, 0.0, 0.9591292916763933], [0.0, 0.0, 0.0, 0.0, 0.0, 0.0, 0.0, 1.3386403106556974, 0.0, 0.10389365325308614, 0.0, 1.4124367824344237, 0.0, 0.9327364908345328, 0.0, 0.0, 0.0, 0.0, 0.0, 0.0, 0.0, 0.0, 0.0, 0.0, 0.0, 0.0, 0.0, 0.0, 0.0, 0.0, 0.0, 0.0, 0.0, 0.0, 0.0, 0.0, 0.0, 0.0, 0.0], [0.0, 0.0, 0.0, 0.0, 0.0, 0.0, 0.0, 0.0, 0.0, 0.0, 0.0, 0.0, 0.9327364908345328, 0.0, 1.4720456962539614, 1.4735327891858159, 0.0, 0.0, 0.0, 0.0, 0.0, 0.0, 0.0, 0.0, 0.0, 0.0, 0.0, 0.0, 0.0, 0.0, 0.0, 0.0, 0.0, 0.0, 0.0, 0.0, 0.0, 0.0, 0.0], [0.0, 0.0, 0.0, 0.0, 0.0, 0.0, 0.0, 0.0, 0.0, 0.0, 0.0, 0.0, 0.0, 1.4720456962539614, 0.0, 0.40510082242550066, 0.0, 0.0, 0.0, 0.0, 0.0, 0.0, 0.0, 0.0, 0.0, 0.0, 0.0, 0.0, 0.0, 0.0, 0.0, 0.0, 0.0, 0.0, 0.0, 0.0, 0.0, 0.0, 0.0], [0.0, 0.0, 0.0, 0.0, 0.0, 0.0, 0.0, 0.0, 0.0, 0.0, 0.0, 0.0, 0.0, 1.4735327891858159, 0.40510082242550066, 0.0, 0.0, 0.0, 0.0, 0.0, 0.0, 0.0, 0.0, 0.0, 0.0, 0.0, 0.0, 0.0, 0.0, 0.0, 0.0, 0.0, 0.0, 0.0, 0.0, 0.0, 0.0, 0.0, 0.0], [0.0, 0.0, 0.0, 0.0, 0.0, 0.0, 0.0, 0.0, 0.0, 0.0, 0.953306225042631, 0.0, 0.0, 0.0, 0.0, 0.0, 0.0, 0.9491959535488198, 0.9534984569270415, 0.9525877949934585, 0.0, 0.0, 0.0, 0.0, 0.0, 0.0, 0.0, 0.0, 0.0, 0.0, 0.0, 0.0, 0.0, 0.0, 0.0, 0.0, 0.0, 0.0, 0.0], [0.0, 0.0, 0.0, 0.0, 0.0, 0.0, 0.0, 0.0, 0.0, 0.0, 0.0, 0.0, 0.0, 0.0, 0.0, 0.0, 0.9491959535488198, 0.0, 0.0, 0.0, 0.0, 0.0, 0.0, 0.0, 0.0, 0.0, 0.0, 0.0, 0.0, 0.0, 0.0, 0.0, 0.0, 0.0, 0.0, 0.0, 0.0, 0.0, 0.0], [0.0, 0.0, 0.0, 0.0, 0.0, 0.0, 0.0, 0.0, 0.0, 0.0, 0.0, 0.0, 0.0, 0.0, 0.0, 0.0, 0.9534984569270415, 0.0, 0.0, 0.0, 0.0, 0.0, 0.0, 0.0, 0.0, 0.0, 0.0, 0.0, 0.0, 0.0, 0.0, 0.0, 0.0, 0.0, 0.0, 0.0, 0.0, 0.0, 0.0], [0.0, 0.0, 0.0, 0.0, 0.0, 0.0, 0.0, 0.0, 0.0, 0.0, 0.0, 0.0, 0.0, 0.0, 0.0, 0.0, 0.9525877949934585, 0.0, 0.0, 0.0, 0.0, 0.0, 0.0, 0.0, 0.0, 0.0, 0.0, 0.0, 0.0, 0.0, 0.0, 0.0, 0.0, 0.0, 0.0, 0.0, 0.0, 0.0, 0.0], [0.0, 0.0, 0.0, 0.0, 0.0, 0.0, 0.0, 0.0, 0.9389500875512037, 0.0, 0.0, 0.0, 0.0, 0.0, 0.0, 0.0, 0.0, 0.0, 0.0, 0.0, 0.0, 1.4616352985218763, 1.4617163074528061, 0.0, 0.0, 0.0, 0.0, 0.0, 0.0, 0.0, 0.0, 0.0, 0.0, 0.0, 0.0, 0.0, 0.0, 0.0, 0.0], [0.0, 0.0, 0.0, 0.0, 0.0, 0.0, 0.0, 0.0, 0.0, 0.0, 0.0, 0.0, 0.0, 0.0, 0.0, 0.0, 0.0, 0.0, 0.0, 0.0, 1.4616352985218763, 0.0, 0.39500245491000546, 0.0, 0.0, 0.0, 0.0, 0.0, 0.0, 0.0, 0.0, 0.0, 0.0, 0.0, 0.0, 0.0, 0.0, 0.0, 0.0], [0.0, 0.0, 0.0, 0.0, 0.0, 0.0, 0.0, 0.0, 0.0, 0.0, 0.0, 0.0, 0.0, 0.0, 0.0, 0.0, 0.0, 0.0, 0.0, 0.0, 1.4617163074528061, 0.39500245491000546, 0.0, 0.0, 0.0, 0.0, 0.0, 0.0, 0.0, 0.0, 0.0, 0.0, 0.0, 0.0, 0.0, 0.0, 0.0, 0.0, 0.0], [0.9859705902508453, 0.0, 0.0, 0.0, 0.0, 0.0, 0.0, 0.0, 0.0, 0.0, 0.0, 0.0, 0.0, 0.0, 0.0, 0.0, 0.0, 0.0, 0.0, 0.0, 0.0, 0.0, 0.0, 0.0, 0.0, 0.0, 0.0, 0.0, 0.0, 0.0, 0.0, 0.0, 0.0, 0.0, 0.0, 0.0, 0.0, 0.0, 0.0], [0.986749484671605, 0.0, 0.0, 0.0, 0.0, 0.0, 0.0, 0.0, 0.0, 0.0, 0.0, 0.0, 0.0, 0.0, 0.0, 0.0, 0.0, 0.0, 0.0, 0.0, 0.0, 0.0, 0.0, 0.0, 0.0, 0.0, 0.0, 0.0, 0.0, 0.0, 0.0, 0.0, 0.0, 0.0, 0.0, 0.0, 0.0, 0.0, 0.0], [0.9865789756279988, 0.0, 0.0, 0.0, 0.0, 0.0, 0.0, 0.0, 0.0, 0.0, 0.0, 0.0, 0.0, 0.0, 0.0, 0.0, 0.0, 0.0, 0.0, 0.0, 0.0, 0.0, 0.0, 0.0, 0.0, 0.0, 0.0, 0.0, 0.0, 0.0, 0.0, 0.0, 0.0, 0.0, 0.0, 0.0, 0.0, 0.0, 0.0], [0.0, 0.9771156496615221, 0.0, 0.0, 0.0, 0.0, 0.0, 0.0, 0.0, 0.0, 0.0, 0.0, 0.0, 0.0, 0.0, 0.0, 0.0, 0.0, 0.0, 0.0, 0.0, 0.0, 0.0, 0.0, 0.0, 0.0, 0.0, 0.0, 0.0, 0.0, 0.0, 0.0, 0.0, 0.0, 0.0, 0.0, 0.0, 0.0, 0.0], [0.0, 0.976640819756388, 0.0, 0.0, 0.0, 0.0, 0.0, 0.0, 0.0, 0.0, 0.0, 0.0, 0.0, 0.0, 0.0, 0.0, 0.0, 0.0, 0.0, 0.0, 0.0, 0.0, 0.0, 0.0, 0.0, 0.0, 0.0, 0.0, 0.0, 0.0, 0.0, 0.0, 0.0, 0.0, 0.0, 0.0, 0.0, 0.0, 0.0], [0.0, 0.0, 0.9747868931280314, 0.0, 0.0, 0.0, 0.0, 0.0, 0.0, 0.0, 0.0, 0.0, 0.0, 0.0, 0.0, 0.0, 0.0, 0.0, 0.0, 0.0, 0.0, 0.0, 0.0, 0.0, 0.0, 0.0, 0.0, 0.0, 0.0, 0.0, 0.0, 0.0, 0.0, 0.0, 0.0, 0.0, 0.0, 0.0, 0.0], [0.0, 0.0, 0.9758580076277842, 0.0, 0.0, 0.0, 0.0, 0.0, 0.0, 0.0, 0.0, 0.0, 0.0, 0.0, 0.0, 0.0, 0.0, 0.0, 0.0, 0.0, 0.0, 0.0, 0.0, 0.0, 0.0, 0.0, 0.0, 0.0, 0.0, 0.0, 0.0, 0.0, 0.0, 0.0, 0.0, 0.0, 0.0, 0.0, 0.0], [0.0, 0.0, 0.0, 0.9672071103868037, 0.0, 0.0, 0.0, 0.0, 0.0, 0.0, 0.0, 0.0, 0.0, 0.0, 0.0, 0.0, 0.0, 0.0, 0.0, 0.0, 0.0, 0.0, 0.0, 0.0, 0.0, 0.0, 0.0, 0.0, 0.0, 0.0, 0.0, 0.0, 0.0, 0.0, 0.0, 0.0, 0.0, 0.0, 0.0], [0.0, 0.0, 0.0, 0.9647604654584391, 0.0, 0.0, 0.0, 0.0, 0.0, 0.0, 0.0, 0.0, 0.0, 0.0, 0.0, 0.0, 0.0, 0.0, 0.0, 0.0, 0.0, 0.0, 0.0, 0.0, 0.0, 0.0, 0.0, 0.0, 0.0, 0.0, 0.0, 0.0, 0.0, 0.0, 0.0, 0.0, 0.0, 0.0, 0.0], [0.0, 0.0, 0.0, 0.0, 0.0, 0.9678643218695658, 0.0, 0.0, 0.0, 0.0, 0.0, 0.0, 0.0, 0.0, 0.0, 0.0, 0.0, 0.0, 0.0, 0.0, 0.0, 0.0, 0.0, 0.0, 0.0, 0.0, 0.0, 0.0, 0.0, 0.0, 0.0, 0.0, 0.0, 0.0, 0.0, 0.0, 0.0, 0.0, 0.0], [0.0, 0.0, 0.0, 0.0, 0.0, 0.9737258104186896, 0.0, 0.0, 0.0, 0.0, 0.0, 0.0, 0.0, 0.0, 0.0, 0.0, 0.0, 0.0, 0.0, 0.0, 0.0, 0.0, 0.0, 0.0, 0.0, 0.0, 0.0, 0.0, 0.0, 0.0, 0.0, 0.0, 0.0, 0.0, 0.0, 0.0, 0.0, 0.0, 0.0], [0.0, 0.0, 0.0, 0.0, 0.0, 0.0, 0.9839754225502952, 0.0, 0.0, 0.0, 0.0, 0.0, 0.0, 0.0, 0.0, 0.0, 0.0, 0.0, 0.0, 0.0, 0.0, 0.0, 0.0, 0.0, 0.0, 0.0, 0.0, 0.0, 0.0, 0.0, 0.0, 0.0, 0.0, 0.0, 0.0, 0.0, 0.0, 0.0, 0.0], [0.0, 0.0, 0.0, 0.0, 0.0, 0.0, 0.9837187947974564, 0.0, 0.0, 0.0, 0.0, 0.0, 0.0, 0.0, 0.0, 0.0, 0.0, 0.0, 0.0, 0.0, 0.0, 0.0, 0.0, 0.0, 0.0, 0.0, 0.0, 0.0, 0.0, 0.0, 0.0, 0.0, 0.0, 0.0, 0.0, 0.0, 0.0, 0.0, 0.0], [0.0, 0.0, 0.0, 0.0, 0.0, 0.0, 0.9809460417787264, 0.0, 0.0, 0.0, 0.0, 0.0, 0.0, 0.0, 0.0, 0.0, 0.0, 0.0, 0.0, 0.0, 0.0, 0.0, 0.0, 0.0, 0.0, 0.0, 0.0, 0.0, 0.0, 0.0, 0.0, 0.0, 0.0, 0.0, 0.0, 0.0, 0.0, 0.0, 0.0], [0.0, 0.0, 0.0, 0.0, 0.0, 0.0, 0.0, 0.0, 0.0, 0.9596560611945358, 0.0, 0.0, 0.0, 0.0, 0.0, 0.0, 0.0, 0.0, 0.0, 0.0, 0.0, 0.0, 0.0, 0.0, 0.0, 0.0, 0.0, 0.0, 0.0, 0.0, 0.0, 0.0, 0.0, 0.0, 0.0, 0.0, 0.0, 0.0, 0.0], [0.0, 0.0, 0.0, 0.0, 0.0, 0.0, 0.0, 0.0, 0.0, 0.0, 0.0, 0.9591292916763933, 0.0, 0.0, 0.0, 0.0, 0.0, 0.0, 0.0, 0.0, 0.0, 0.0, 0.0, 0.0, 0.0, 0.0, 0.0, 0.0, 0.0, 0.0, 0.0, 0.0, 0.0, 0.0, 0.0, 0.0, 0.0, 0.0, 0.0]], "Born radii": [], "Atomic SASAs": [], "Solvent H bonds": [], "Total SASA": NaN, "Total FOD": 0.0, "FOD": [0.0, 0.0, 0.0, 0.0, 0.0, 0.0, 0.0, 0.0, 0.0, 0.0, 0.0, 0.0, 0.0, 0.0, 0.0, 0.0, 0.0, 0.0, 0.0, 0.0, 0.0, 0.0, 0.0, 0.0, 0.0, 0.0, 0.0, 0.0, 0.0, 0.0, 0.0, 0.0, 0.0, 0.0, 0.0, 0.0, 0.0, 0.0, 0.0], "FOD s proportion": [0.0, 0.0, 0.0, 0.0, 0.0, 0.0, 0.0, 0.0, 0.0, 0.0, 0.0, 0.0, 0.0, 0.0, 0.0, 0.0, 0.0, 0.0, 0.0, 0.0, 0.0, 0.0, 0.0, 0.0, 0.0, 0.0, 0.0, 0.0, 0.0, 0.0, 0.0, 0.0, 0.0, 0.0, 0.0, 0.0, 0.0, 0.0, 0.0], "FOD p proportion": [0.0, 0.0, 0.0, 0.0, 0.0, 0.0, 0.0, 0.0, 0.0, 0.0, 0.0, 0.0, 0.0, 0.0, 0.0, 0.0, 0.0, 0.0, 0.0, 0.0, 0.0, 0.0, 0.0, 0.0, 0.0, 0.0, 0.0, 0.0, 0.0, 0.0, 0.0, 0.0, 0.0, 0.0, 0.0, 0.0, 0.0, 0.0, 0.0], "FOD d proportion": [0.0, 0.0, 0.0, 0.0, 0.0, 0.0, 0.0, 0.0, 0.0, 0.0, 0.0, 0.0, 0.0, 0.0, 0.0, 0.0, 0.0, 0.0, 0.0, 0.0, 0.0, 0.0, 0.0, 0.0, 0.0, 0.0, 0.0, 0.0, 0.0, 0.0, 0.0, 0.0, 0.0, 0.0, 0.0, 0.0, 0.0, 0.0, 0.0], "coordinates": [["3.81440", "1.13830", "-1.04560"], ["3.30210", "-0.24810", "-1.40480"], ["1.85210", "-0.48890", "-0.97850"], ["1.66540", "-0.50010", "0.54240"], ["0.28720", "-0.88620", "0.92720"], ["0.12240", "-1.28560", "2.34330"], ["0.52370", "-2.74200", "2.53290"], ["-0.77380", "-0.10330", "0.44110"], ["-0.97090", "1.27140", "0.67130"], ["-2.04510", "2.00370", "0.11920"], ["-2.99780", "1.36830", "-0.68790"], ["-2.84770", "-0.00040", "-0.93310"], ["-1.76320", "-0.69990", "-0.36870"], ["-1.68820", "-2.11610", "-0.66580"], ["-2.21750", "-2.88600", "0.14750"], ["-1.17870", "-2.43460", "-1.74870"], ["-4.13690", "2.14850", "-1.30290"], ["-3.79490", "2.69220", "-2.50010"], ["-5.23850", "1.38460", "-1.53070"], ["-4.54870", "3.18080", "-0.51890"], ["-0.07940", "2.02470", "1.52680"], ["-0.18370", "1.84960", "2.74730"], ["0.68560", "2.82230", "0.96860"], ["3.88160", "1.27350", "0.03770"], ["3.16050", "1.91650", "-1.45190"], ["4.81650", "1.28720", "-1.46040"], ["3.95520", "-1.00670", "-0.95800"], ["3.36940", "-0.37310", "-2.49220"], ["1.53090", "-1.45570", "-1.38540"], ["1.21230", "0.27270", "-1.43990"], ["2.36480", "-1.23400", "0.96000"], ["1.93970", "0.46100", "0.98390"], ["0.73310", "-0.64970", "2.99460"], ["-0.92130", "-1.17810", "2.66660"], ["1.58180", "-2.90230", "2.30500"], ["-0.06030", "-3.40120", "1.88340"], ["0.35440", "-3.04780", "3.57010"], ["-2.13840", "3.07150", "0.32680"], ["-3.56820", "-0.52730", "-1.56040"]], "bond_dist": [[0.0, 1.5210459854981375, 2.5500791242626177, 3.134373870488331, 4.520141582959543, 5.566937975224801, 6.220216783199763, 4.980303875267051, 5.0857209233303395, 6.036506974236011, 6.825461019594208, 6.759650164764446, 5.911581396716111, 6.40421534303774, 7.34862542996988, 6.179887671309245, 8.019344051728918, 7.901368359341311, 9.069232829186822, 8.625002072463518, 4.750223695785284, 5.556693415152576, 4.084390662020469, 1.0937704375233408, 1.0946506931437079, 1.0947304051683222, 2.151400334665773, 2.138926487750339, 3.4725599044508937, 2.7704981970757534, 3.4280575855723314, 2.844662656625562, 5.386517402738063, 6.4477121748725725, 5.704162644946232, 6.648263031800111, 7.127392208935888, 6.407540233194014, 7.585645994903796], [1.5210459854981375, 0.0, 1.5304301127460864, 2.55614528734186, 3.8645850514641285, 5.02346015710287, 5.4262809602894695, 4.476748223878578, 4.987745027565062, 5.998810472085278, 6.543350409385087, 6.172835346905019, 5.189883480387589, 5.379464572799043, 6.31142898716289, 4.997661263030939, 7.816188084354163, 7.759668496785156, 8.69617205786546, 8.612620661564051, 5.019406404147805, 5.813009662816672, 4.680433310068631, 2.175291488513666, 2.1697378021318614, 2.157230819824341, 1.0961951514214978, 1.0966280363003673, 2.1437872002603244, 2.154002945680437, 2.7281512311453704, 2.839866944066218, 5.110358492317344, 5.939554319980582, 4.875123154341847, 5.662157946401707, 6.424708973175361, 6.6043336507175345, 6.8777311731413295], [2.5500791242626177, 1.5304301127460864, 0.0, 1.5323573799867969, 2.4976892901239736, 3.8289617678947905, 4.378474178295448, 3.009867493761146, 3.7134653802075497, 4.754594398053319, 5.201458469506413, 4.725337390070681, 3.6724339517546127, 3.90887262775343, 4.855472023397931, 3.6830293468828077, 6.552040531010167, 6.657572588413888, 7.354694789724452, 7.392440117444307, 4.04047092552341, 4.8471279671574585, 4.014469591365714, 2.8736016512383897, 2.7788427951217396, 3.489187037119105, 2.1660024699893583, 2.1463682396084787, 1.0970138057472203, 1.0964800773383894, 2.1391160674446814, 2.1819710195142377, 4.1308039471754165, 4.6317921164490965, 4.083985051392818, 4.508795477730167, 5.429625812153173, 5.504938373860329, 5.4515808954834375], [3.134373870488331, 2.55614528734186, 1.5323573799867969, 0.0, 1.4820861951991862, 2.4982193778769712, 3.208065577571631, 2.4733395581682673, 3.1788213460337778, 4.496212064616169, 5.172039335697284, 4.774397548382413, 3.5532128011139443, 3.913800735857665, 4.574426437270579, 4.132836104904234, 6.639796633933904, 7.018722222028737, 7.450749821997783, 7.30002885679228, 3.223039782565521, 3.7150834324413227, 3.489985134638828, 2.883040320564387, 3.4716728042832607, 4.139454111353331, 2.7840667664407763, 3.4826056566886816, 2.1558465738544568, 2.1753235943187854, 1.0964302668204666, 1.092646305992932, 2.6277078014878295, 3.415102711486142, 2.9806563975070994, 3.6321760282233013, 4.168508555826652, 5.222231741315201, 5.640308204344866], [4.520141582959543, 3.8645850514641285, 2.4976892901239736, 1.4820861951991862, 0.0, 1.480546726719559, 2.465400247424341, 1.405327940375484, 2.510684802996983, 3.8005275028606227, 4.299132849773312, 3.7513938396281454, 2.4327360440458805, 2.820019179012795, 3.2985836687887726, 3.4215268784564588, 5.809940697631948, 6.419881016031373, 6.459966372977495, 6.482100201323642, 2.9945374484217093, 3.319504851630737, 3.730068199108429, 4.286633375972338, 4.665950813071222, 5.562271101807245, 4.1258603090749455, 4.63201088189568, 2.6868641015131374, 2.793209915133483, 2.1067658721367213, 2.1328194907211437, 2.1281216647550956, 2.1380341952363624, 2.7638706934297774, 2.712987226287658, 3.4149598548152804, 4.680534671381038, 4.602289878962428], [5.566937975224801, 5.02346015710287, 3.8289617678947905, 2.4982193778769712, 1.480546726719559, 0.0, 1.5225277698616861, 2.412337573806784, 3.244863308369091, 4.5237342483837395, 5.0957832263549045, 4.605217694094384, 3.354620075358758, 3.6086958059664713, 3.5857983504374586, 4.44494389278425, 6.574910930195176, 7.390984757797841, 7.13281801604387, 7.068245398258326, 3.4154767719895274, 3.175908098481441, 4.3682761748772245, 5.098663433685342, 5.821257515348381, 6.566734983231774, 5.066233585218906, 5.89556829321822, 3.9894874294826397, 4.234239381518244, 2.6352493639122656, 2.8637666123481504, 1.0961363920607692, 1.0979020129319372, 2.1783099274437507, 2.172705838349959, 2.1596784668093534, 5.306770138229091, 5.425349844940877], [6.220216783199763, 5.4262809602894695, 4.378474178295448, 3.208065577571631, 2.465400247424341, 1.5225277698616861, 0.0, 3.608582987822228, 4.669771223518342, 5.911543759459113, 6.29833954149822, 5.558404853912677, 4.221299157842287, 3.939027051189164, 3.636625716237513, 4.617873870083504, 7.7686256345636835, 8.573909528330702, 8.169738145130479, 8.373904993490195, 4.908909829076106, 4.650717437127308, 5.782272960523396, 5.7987719130864255, 6.673302595417054, 7.11400234537493, 5.193538403631959, 6.241900809048474, 4.245243740941149, 5.034453882001503, 2.852670261351634, 3.82931664922085, 2.1528433616963403, 2.133467576505441, 1.0941709692730839, 1.0942809922501624, 1.0945135768915797, 6.763906849595135, 6.197067579912293], [4.980303875267051, 4.476748223878578, 3.009867493761146, 2.4733395581682673, 1.405327940375484, 2.412337573806784, 3.608582987822228, 0.0, 1.4077075477527283, 2.4817881255256258, 2.895932243682507, 2.4899950321235584, 1.4108933198509377, 2.472391314092492, 3.1486330272040277, 3.2239925154999973, 4.4071057225802965, 5.05890530648677, 5.102488387051949, 5.094779957956968, 2.4878343694868437, 3.079057462925952, 3.3116823473878045, 4.871453475093445, 4.810588064883544, 6.066353648609681, 5.013686604685219, 5.083615560799223, 3.2367777341053245, 2.761182755632086, 3.376173819577422, 2.8242076021425904, 3.014906768044412, 2.47584360168408, 4.105773443579175, 3.669530753379783, 4.442246784004689, 3.457535638283429, 3.463300392689032], [5.0857209233303395, 4.987745027565062, 3.7134653802075497, 3.1788213460337778, 2.510684802996983, 3.244863308369091, 4.669771223518342, 1.4077075477527283, 0.0, 1.4124387915941703, 2.4423631711930147, 2.7774003744509, 2.3654519610425404, 3.7118071003218907, 4.3717676928217495, 4.431028869235677, 3.832796113805168, 4.477881932342567, 4.803543275541504, 4.226468648884078, 1.447105175859723, 2.29429184717202, 2.288595715717391, 4.893690797343044, 4.689626659980515, 6.1675273238146255, 5.666640919451311, 5.616966849644032, 4.233921650196186, 3.197018825405944, 4.181778490068549, 3.037442885059734, 3.46294153863446, 3.1597044956767713, 5.158005881152134, 4.912389391121188, 5.367955865131531, 2.1730385431464394, 3.8680452259507], [6.036506974236011, 5.998810472085278, 4.754594398053319, 4.496212064616169, 3.8005275028606227, 4.5237342483837395, 5.911543759459113, 2.4817881255256258, 1.4124387915941703, 0.0, 1.4009928122585065, 2.401649195865208, 2.7616963953338534, 4.209080024185807, 4.8928201213615035, 4.892668623563218, 2.533567186794145, 3.224370447079554, 3.6473632092238906, 2.8391458187278795, 2.4177996711886616, 3.224200114757147, 2.974610698898261, 5.9720689195621315, 5.438219415396919, 7.077433360336217, 6.7990049338120055, 6.46416262558423, 5.1979847556529055, 4.004723282575214, 5.535057717856247, 4.3596170038204045, 4.798630217051529, 4.228004782400323, 6.4808148600311055, 6.022024301677966, 6.5714506244816295, 1.091787291554541, 3.3980657395053435], [6.825461019594208, 6.543350409385087, 5.201458469506413, 5.172039335697284, 4.299132849773312, 5.0957832263549045, 6.29833954149822, 2.895932243682507, 2.4423631711930147, 1.4009928122585065, 0.0, 1.3985681034543866, 2.4297277707595146, 3.722443274248783, 4.405204846542327, 4.347007000224408, 1.5114515705109441, 2.381627271425989, 2.394016294848471, 2.391444764154088, 3.721937077651904, 4.466699848881722, 4.292498550960733, 6.9182097944482726, 6.229677209133712, 7.85280955773155, 7.352400153011259, 6.8431869980295, 5.382434945264086, 4.4148369584844245, 6.184255691673816, 5.291220537834348, 5.617183018204053, 4.6956017143705875, 6.940332191617344, 6.163490909379197, 6.990690098266408, 2.1608041766897803, 2.1633103730163175], [6.759650164764446, 6.172835346905019, 4.725337390070681, 4.774397548382413, 3.7513938396281454, 4.605217694094384, 5.558404853912677, 2.4899950321235584, 2.7774003744509, 2.401649195865208, 1.3985681034543866, 0.0, 1.408541039515711, 2.427359888850436, 3.1450812008595266, 3.062040822719384, 2.5330929493407854, 3.2561897364864967, 2.826884398060876, 3.631114991293997, 4.220855708265802, 4.905582550523434, 4.905946093262746, 6.917279258494628, 6.327884819590192, 7.789474994503801, 6.876969398652287, 6.420438498264741, 4.636228137182208, 4.100613350463563, 5.681175302699258, 5.1775455304613205, 5.35448843681635, 4.2492157323440285, 6.20699488238874, 5.221849447274404, 6.310221977870509, 3.3951471411413086, 1.0909854032020776], [5.911581396716111, 5.189883480387589, 3.6724339517546127, 3.5532128011139443, 2.4327360440458805, 3.354620075358758, 4.221299157842287, 1.4108933198509377, 2.3654519610425404, 2.7616963953338534, 2.4297277707595146, 1.408541039515711, 0.0, 1.4489706173694483, 2.2916989636512035, 2.2924276084535364, 3.8236845960408394, 4.4918830416652655, 4.215814789575083, 4.779268017175852, 3.7217667645890975, 4.324838320677434, 4.493426929415899, 5.9935995495194705, 5.679937754060338, 6.959369755229276, 5.756865404888323, 5.564138140808511, 3.529306920629035, 3.3086281824949753, 4.36933524692258, 4.109584404778663, 4.1887731640660615, 3.185987592568433, 4.815419239277095, 3.9075368853025556, 5.050842465371495, 3.853304198995973, 2.169784470863408], [6.40421534303774, 5.379464572799043, 3.90887262775343, 3.913800735857665, 2.820019179012795, 3.6086958059664713, 3.939027051189164, 2.472391314092492, 3.7118071003218907, 4.209080024185807, 3.722443274248783, 2.427359888850436, 1.4489706173694483, 0.0, 1.2386934205040405, 1.2384284032595505, 4.958713669894642, 5.5608084187463245, 5.060393521258994, 6.021726452604768, 4.953983936187117, 5.444221555925145, 5.717865367425154, 6.557970147080574, 6.355289738477704, 7.384101986023757, 5.758829113630651, 5.652707645014025, 3.364009085897361, 3.8364692752581764, 4.4551245829942845, 4.74601020963925, 4.627261696727342, 3.5458242158911375, 4.487389339025532, 3.2863294204933258, 4.794072220982909, 5.300861114951041, 2.618968231957005], [7.34862542996988, 6.31142898716289, 4.855472023397931, 4.574426437270579, 3.2985836687887726, 3.5857983504374586, 3.636625716237513, 3.1486330272040277, 4.3717676928217495, 4.8928201213615035, 4.405204846542327, 3.1450812008595266, 2.2916989636512035, 1.2386934205040405, 0.0, 2.2087195023361383, 5.579780172193166, 6.372934313171602, 5.493707363884611, 6.533348654403805, 5.530724599001473, 5.772452671092245, 6.45653805920789, 7.3832592464304, 7.385456696102144, 8.335352221112194, 6.546458892408933, 6.670542265063613, 4.294885686488058, 4.9255205298526565, 4.938292573349619, 5.402248217177733, 4.670444995929189, 3.3080087152243114, 4.369182123693175, 2.8164324401625542, 4.284278190080564, 5.960722401689244, 3.2101056976367617], [6.179887671309245, 4.997661263030939, 3.6830293468828077, 4.132836104904234, 3.4215268784564588, 4.44494389278425, 4.617873870083504, 3.2239925154999973, 4.431028869235677, 4.892668623563218, 4.347007000224408, 3.062040822719384, 2.2924276084535364, 1.2384284032595505, 2.2087195023361383, 0.0, 5.47306956743654, 5.80458289974396, 5.578152801779456, 6.663484463852226, 5.641162755141887, 6.289547729368146, 6.20438001656894, 6.522872577323582, 6.152139310028668, 7.062388772221478, 5.387117421218885, 5.048543167092859, 2.903818909642955, 3.6251498906941766, 4.618970480529184, 5.057274036474591, 5.416617222953824, 4.597816992878251, 4.9266202644409285, 3.9213880871446527, 5.569204906447598, 5.962035017508703, 3.0631618354243058], [8.019344051728918, 7.816188084354163, 6.552040531010167, 6.639796633933904, 5.809940697631948, 6.574910930195176, 7.7686256345636835, 4.4071057225802965, 3.832796113805168, 2.533567186794145, 1.5114515705109441, 2.5330929493407854, 3.8236845960408394, 4.958713669894642, 5.579780172193166, 5.47306956743654, 0.0, 1.3586248672830925, 1.3597641744067244, 1.3601023968804704, 4.948316358116163, 5.667561335354034, 5.373101984887315, 8.176746028219293, 7.302607189216738, 8.99611113203922, 8.692314160222237, 8.007336682068514, 6.71721822855265, 5.67021474725605, 7.670340641066731, 6.708366272796977, 7.072151687428657, 6.096169384949864, 8.439849094622486, 7.587512460615797, 8.42136796369806, 2.7389511386660406, 2.7476592911057947], [7.901368359341311, 7.759668496785156, 6.657572588413888, 7.018722222028737, 6.419881016031373, 7.390984757797841, 8.573909528330702, 5.05890530648677, 4.477881932342567, 3.224370447079554, 2.381627271425989, 3.2561897364864967, 4.4918830416652655, 5.5608084187463245, 6.372934313171602, 5.80458289974396, 1.3586248672830925, 0.0, 2.175668881057042, 2.1753385575583404, 5.519639490945038, 6.425414146963603, 5.667776102670253, 8.208641226171357, 7.076582712722293, 8.786991012286288, 8.72490593817492, 7.792516986827812, 6.841913192959993, 5.661276899251617, 8.08265071248288, 7.071219597778025, 7.865291329632997, 7.066228692874298, 9.12668171626468, 8.384022481482264, 9.32800185087889, 3.2983669216750284, 3.361489138759785], [9.069232829186822, 8.69617205786546, 7.354694789724452, 7.450749821997783, 6.459966372977495, 7.13281801604387, 8.169738145130479, 5.102488387051949, 4.803543275541504, 3.6473632092238906, 2.394016294848471, 2.826884398060876, 4.215814789575083, 5.060393521258994, 5.493707363884611, 5.578152801779456, 1.3597641744067244, 2.175668881057042, 0.0, 2.17391299733913, 6.031114911025987, 6.638411861281281, 6.588508373676094, 9.254644551791278, 8.416194392360481, 10.05571747067309, 9.516849303734928, 8.837982459249396, 7.342560353173817, 6.546555345370571, 8.418481058955944, 7.661775600994851, 7.763808546068096, 6.543926529233041, 8.922252977247396, 7.834137839609411, 8.771821977787738, 3.988302630192448, 2.5389261095983082], [8.625002072463518, 8.612620661564051, 7.392440117444307, 7.30002885679228, 6.482100201323642, 7.068245398258326, 8.373904993490195, 5.094779957956968, 4.226468648884078, 2.8391458187278795, 2.391444764154088, 3.631114991293997, 4.779268017175852, 6.021726452604768, 6.533348654403805, 6.663484463852226, 1.3601023968804704, 2.1753385575583404, 2.17391299733913, 0.0, 5.0493661176428875, 5.611896371103088, 5.453354471332301, 8.661267513476306, 7.86770030758671, 9.60099548224037, 9.489166468663093, 8.900585694773126, 7.694770344851105, 6.518773474358501, 8.335111666918445, 7.1940985842564045, 7.410453679768871, 6.50426400294453, 9.086338485330602, 8.32102781211552, 8.919404047917103, 2.556697297295869, 3.974431797125219], [4.750223695785284, 5.019406404147805, 4.04047092552341, 3.223039782565521, 2.9945374484217093, 3.4154767719895274, 4.908909829076106, 2.4878343694868437, 1.447105175859723, 2.4177996711886616, 3.721937077651904, 4.220855708265802, 3.7217667645890975, 4.953983936187117, 5.530724599001473, 5.641162755141887, 4.948316358116163, 5.519639490945038, 6.031114911025987, 5.0493661176428875, 0.0, 1.2373999959592696, 1.2381348876435068, 4.297818196480629, 4.402421258807476, 5.782482762620221, 5.625087924646156, 5.813435067152638, 4.815304672603801, 3.6795790221165245, 4.112724348895753, 2.610873974361842, 3.157056928533282, 3.502266050716307, 5.257424243866952, 5.437639118220333, 5.485755515879284, 2.6029351202056494, 5.3118013215857385], [5.556693415152576, 5.813009662816672, 4.8471279671574585, 3.7150834324413227, 3.319504851630737, 3.175908098481441, 4.650717437127308, 3.079057462925952, 2.29429184717202, 3.224200114757147, 4.466699848881722, 4.905582550523434, 4.324838320677434, 5.444221555925145, 5.772452671092245, 6.289547729368146, 5.667561335354034, 6.425414146963603, 6.638411861281281, 5.611896371103088, 1.2373999959592696, 0.0, 2.2058108418447855, 4.919399095418058, 5.368559386837404, 6.559194545826492, 6.2464542734258455, 6.709491422604249, 5.562739481586388, 4.6870111425086245, 4.3815388278548895, 3.0897600359898503, 2.6736080528005592, 3.1172958698205084, 5.088533496991054, 5.322823631306977, 4.995105425313865, 3.342560687556772, 5.9716641859702735], [4.084390662020469, 4.680433310068631, 4.014469591365714, 3.489985134638828, 3.730068199108429, 4.3682761748772245, 5.782272960523396, 3.3116823473878045, 2.288595715717391, 2.974610698898261, 4.292498550960733, 4.905946093262746, 4.493426929415899, 5.717865367425154, 6.45653805920789, 6.20438001656894, 5.373101984887315, 5.667776102670253, 6.588508373676094, 5.453354471332301, 1.2381348876435068, 2.2058108418447855, 0.0, 3.671480934173566, 3.5783269694090283, 5.031988455869111, 5.391040040660058, 5.421300604098614, 4.955515320327443, 3.5466526895087993, 4.3901430830896615, 2.673712510723619, 4.020163709353141, 4.633414698686057, 5.946443017468511, 6.334443787737009, 6.429274430291493, 2.9067135875417787, 5.975824261137538], [1.0937704375233408, 2.175291488513666, 2.8736016512383897, 2.883040320564387, 4.286633375972338, 5.098663433685342, 5.7987719130864255, 4.871453475093445, 4.893690797343044, 5.9720689195621315, 