{"total energy": -12.60394202, "HOMO-LUMO gap/eV": 5.23093468, "electronic energy": -12.8128299, "dipole": [-0.13466101, -0.08002108, -0.11032106], "partial charges": [-0.09847838, -0.05015018, -0.03020711, -0.0959444, 0.03576221, 0.03074666, 0.03577566, 0.03961075, 0.03958123, 0.02577781, 0.0299411, 0.03758465], "atomic dipole moments": [[0.0604297, -0.08343347, -0.00430318], [-0.0025953, 0.08422463, 0.03657121], [-0.10733381, -0.07317881, -0.09217763], [0.02973271, 0.0569966, 0.04208698], [-0.03979086, 0.02779344, 0.11775668], [-0.10275675, -0.02376774, -0.06738087], [0.053292, 0.10386197, -0.0509411], [-0.06491022, -0.09750515, 0.04252597], [0.02458089, -0.02434965, -0.11974835], [0.0926435, -0.11302001, 0.00013307], [0.13348587, -0.01113313, 0.06862638], [-0.08355807, 0.12775962, 0.01151405]], "atomic quadrupole moments": [[0.0098692, -0.16004597, 0.10874762, 0.0051854, 0.01949542, -0.11861682], [0.08121493, -0.12516091, 0.04634839, 0.09969972, 0.04286674, -0.12756332], [0.0105945, 0.12506085, -0.29168284, -0.2457709, -0.31425789, 0.28108835], [-0.09628521, 0.12320546, -0.20199078, -0.34186754, -0.3044914, 0.29827599], [-0.04020198, -0.01272487, -0.03233479, -0.02417743, 0.01347107, 0.07253677], [0.03460075, 0.01823399, -0.02247922, 0.05776595, 0.02480938, -0.01212152], [-0.00157239, 0.04227352, 0.03177115, -0.03086142, -0.03446903, -0.03019876], [0.00765279, 0.02297676, 0.02665733, -0.02037597, -0.0394921, -0.03431012], [-0.02047627, -0.02610388, -0.03472629, -0.01956301, 0.00840835, 0.05520255], [0.00707231, -0.0084756, 0.02614203, 0.04093844, 0.04049198, -0.03321434], [0.02074318, -0.01010175, 0.00968718, 0.04461694, 0.02963547, -0.03043036], [0.01325446, -0.02895985, 0.02318055, 0.02873391, 0.02265052, -0.03643502]], "number of molecular orbitals": 24, "number of electrons": 24, "number of unpaired electrons": 0, "orbital energies/eV": [-16.82738114, -16.23575261, -15.58262172, -14.43505156, -13.87237779, -13.68450558, -12.97953341, -12.60265223, -12.0883112, -11.83311561, -11.5326425, -10.65440555, -5.42347087, 2.46906071, 3.16347191, 3.89011858, 4.0966579, 4.31093059, 5.31060426, 5.96408674, 6.80652451, 7.3939095, 11.13902118, 15.68575782], "fractional occupation": [2.0, 2.0, 2.0, 2.0, 2.0, 2.0, 2.0, 2.0, 2.0, 2.0, 2.0, 2.0, 0.0, 0.0, 0.0, 0.0, 0.0, 0.0, 0.0, 0.0, 0.0, 0.0, 0.0, 0.0], "program call": "xtb /home/svss/Project-DBcg-Debug/aqme2_20220329/End-to-End-workflows-final/example-3/QDESCP/mol_668_rdkit_conf_2/mol_668_rdkit_conf_2.xyz --pop --wbo --acc 0.2 --gfn 2 --chrg 0 --uhf 0 --etemp 300 --input /home/svss/Project-DBcg-Debug/aqme2_20220329/End-to-End-workflows-final/example-3/QDESCP/mol_668_rdkit_conf_2/mol_668_rdkit_conf_2_xtb.inp", "method": "GFN2-xTB", "xtb version": "6.3.3 (7355c4f)", "Dipole module/D": 0.487, "Total charge": 0, "Transition dipole module/D": NaN, "HOMO": -10.6544, "LUMO": -5.4235, "HOMO occupancy": 2.0, "LUMO occupancy": 0, "mulliken charges": [-0.08312, -0.0366, -0.02315, -0.09055, 0.02938, 0.02808, 0.02939, 0.03165, 0.03163, 0.02442, 0.03014, 0.02873], "cm5 charges": [-0.23274, -0.14435, -0.08726, -0.19263, 0.08083, 0.07882, 0.08084, 0.08621, 0.08617, 0.07954, 0.08235, 0.08224], "FUKUI+": [0.033, 0.032, -0.166, -0.127, -0.03, -0.062, -0.03, -0.093, -0.093, -0.146, -0.157, -0.161], "FUKUI-": [0.031, 0.01, -0.058, -0.084, -0.105, -0.077, -0.105, -0.154, -0.154, -0.096, -0.113, -0.095], "FUKUIrad": [0.032, 0.021, -0.112, -0.106, -0.067, -0.069, -0.067, -0.124, -0.124, -0.121, -0.135, -0.128], "s proportion": [1.006, 1.023, 1.072, 1.045, 0.971, 0.972, 0.971, 0.968, 0.968, 0.976, 0.97, 0.971], "p proportion": [3.077, 3.013, 2.952, 3.046, 0.0, 0.0, 0.0, 0.0, 0.0, 0.0, 0.0, 0.0], "d proportion": [0.0, 0.0, 0.0, 0.0, 0.0, 0.0, 0.0, 0.0, 0.0, 0.0, 0.0, 0.0], "Fermi-level/eV": -8.0389, "Coordination numbers": [3.748, 3.801, 2.883, 2.832, 0.924, 0.924, 0.924, 0.924, 0.924, 0.925, 0.925, 0.925], "Dispersion coefficient C6": [22.447, 21.474, 28.752, 30.402, 2.506, 2.576, 2.506, 2.454, 2.455, 2.647, 2.587, 2.481], "Total dispersion C6": 1083.599796, "Total dispersion C8": 23372.962155, "Polarizability alpha": [6.758, 6.598, 8.791, 9.036, 2.476, 2.51, 2.476, 2.45, 2.45, 2.544, 2.515, 2.463], "Total polarizability alpha": 51.065517, "Wiberg matrix": [[0.0, 1.019735527816753, 0.0, 0.0, 0.9872843790610586, 0.9872675537918767, 0.9872866361846022, 0.0, 0.0, 0.0, 0.0, 0.0], [1.019735527816753, 0.0, 1.0272813092054354, 0.0, 0.0, 0.0, 0.0, 0.9605832204452109, 0.9605719509270751, 0.0, 0.0, 0.0], [0.0, 1.0272813092054354, 0.0, 1.9726095217846502, 0.0, 0.0, 0.0, 0.0, 0.0, 0.9679622533092777, 0.0, 0.0], [0.0, 0.0, 1.9726095217846502, 0.0, 0.0, 0.0, 0.0, 0.0, 0.0, 0.0, 0.9783413933532759, 0.9758715200033247], [0.9872843790610586, 0.0, 0.0, 0.0, 0.0, 0.0, 0.0, 0.0, 0.0, 0.0, 0.0, 0.0], [0.9872675537918767, 0.0, 0.0, 0.0, 0.0, 0.0, 0.0, 0.0, 0.0, 0.0, 0.0, 0.0], [0.9872866361846022, 0.0, 0.0, 0.0, 0.0, 0.0, 0.0, 0.0, 0.0, 0.0, 0.0, 0.0], [0.0, 0.9605832204452109, 0.0, 0.0, 0.0, 0.0, 0.0, 0.0, 0.0, 0.0, 0.0, 0.0], [0.0, 0.9605719509270751, 0.0, 0.0, 0.0, 0.0, 0.0, 0.0, 0.0, 0.0, 0.0, 0.0], [0.0, 0.0, 0.9679622533092777, 0.0, 0.0, 0.0, 0.0, 0.0, 0.0, 0.0, 0.0, 0.0], [0.0, 0.0, 0.0, 0.9783413933532759, 0.0, 0.0, 0.0, 0.0, 0.0, 0.0, 0.0, 0.0], [0.0, 0.0, 0.0, 0.9758715200033247, 0.0, 0.0, 0.0, 0.0, 0.0, 0.0, 0.0, 0.0]], "Born radii": [], "Atomic SASAs": [], "Solvent H bonds": [], "Total SASA": NaN, "Total FOD": 0.0, "FOD": [0.0, 0.0, 0.0, 0.0, 0.0, 0.0, 0.0, 0.0, 0.0, 0.0, 0.0, 0.0], "FOD s proportion": [0.0, 0.0, 0.0, 0.0, 0.0, 0.0, 0.0, 0.0, 0.0, 0.0, 0.0, 0.0], "FOD p proportion": [0.0, 0.0, 0.0, 0.0, 0.0, 0.0, 0.0, 0.0, 0.0, 0.0, 0.0, 0.0], "FOD d proportion": [0.0, 0.0, 0.0, 0.0, 0.0, 0.0, 0.0, 0.0, 0.0, 0.0, 0.0, 0.0], "coordinates": [["-1.26470", "0.49700", "-0.47360"], ["-0.32900", "-0.70430", "-0.49900"], ["0.95750", "-0.57280", "0.27000"], ["1.37860", "0.48310", "0.97830"], ["-1.58450", "0.73120", "0.54720"], ["-2.16220", "0.28530", "-1.06410"], ["-0.78560", "1.38410", "-0.90090"], ["-0.86920", "-1.57540", "-0.10960"], ["-0.07870", "-0.92930", "-1.54270"], ["1.60480", "-1.44850", "0.23220"], ["2.33470", "0.45480", "1.49300"], ["0.79820", "1.39480", "1.06920"]], "bond_dist": [[0.0, 1.522925257522509, 2.575963089797678, 3.0158318437870504, 1.095059048636191, 1.0949946986173038, 1.0950198673996743, 2.140971277247782, 2.141005021012328, 3.5379590359414848, 4.101826027515063, 2.7279723404022995], [1.522925257522509, 0.0, 1.5045715336932306, 2.551123636753029, 2.1751953797302903, 2.158533856579507, 2.1751831486107096, 1.096477820113111, 1.0966242656443452, 2.1972868542818893, 3.522339350488536, 2.8523765336995743], [2.575963089797678, 1.5045715336932306, 0.0, 1.339380046887365, 2.8703692863462704, 3.499812353541258, 2.8703417967203837, 2.1180500017704964, 2.1181794022225784, 1.0896222372914384, 2.1091160707746743, 2.129682344858031], [3.0158318437870504, 2.551123636753029, 1.339380046887365, 0.0, 3.0045569440434976, 4.092406045347895, 3.0044891878653845, 3.23628699283608, 3.2363618539959345, 2.0830050912083724, 1.0862063293868254, 1.08458464860978], [1.095059048636191, 2.1751953797302903, 2.8703692863462704, 3.0045569440434976, 0.0, 1.768856068197749, 1.7780644617111048, 2.5026873336475735, 3.0646983375203507, 3.8758162469343156, 4.041171023354493, 2.527866343381311], [1.0949946986173038, 2.158533856579507, 3.499812353541258, 4.092406045347895, 1.768856068197749, 0.0, 1.7689045310587002, 2.458683334632583, 2.458715796915129, 4.344737636497744, 5.175867103201163, 3.8139123351225575], [1.0950198673996743, 2.1751831486107096, 2.8703417967203837, 3.0044891878653845, 1.7780644617111048, 1.7689045310587002, 0.0, 3.064601915420664, 2.5026854396827423, 3.875764509100108, 4.0411171462851705, 2.5278114921805384], [2.140971277247782, 1.096477820113111, 2.1180500017704964, 3.23628699283608, 2.5026873336475735, 2.458683334632583, 3.064601915420664, 0.0, 1.7595769576804534, 2.5007212659550846, 4.11764665919746, 3.6044250914674314], [2.141005021012328, 1.0966242656443452, 2.1181794022225784, 3.2363618539959345, 3.0646983375203507, 2.458715796915129, 2.5026854396827423, 1.7595769576804534, 0.0, 2.5008020513427285, 4.1177307901318665, 3.6044994146205656], [3.5379590359414848, 2.1972868542818893, 1.0896222372914384, 2.0830050912083724, 3.8758162469343156, 4.344737636497744, 3.875764509100108, 2.5007212659550846, 2.5008020513427285, 0.0, 2.396856595626864, 3.0717303673988057], [4.101826027515063, 3.522339350488536, 2.1091160707746743, 1.0862063293868254, 4.041171023354493, 5.175867103201163, 4.0411171462851705, 4.11764665919746, 4.1177307901318665, 2.396856595626864, 0.0, 1.8504158154317643], [2.7279723404022995, 2.8523765336995743, 2.129682344858031, 1.08458464860978, 2.527866343381311, 3.8139123351225575, 2.5278114921805384, 3.6044250914674314, 3.6044994146205656, 3.0717303673988057, 1.8504158154317643, 0.0]]}