{"total energy": -57.59773898, "HOMO-LUMO gap/eV": 1.21133163, "electronic energy": -58.15675528, "dipole": [-2.9407692, -0.01195237, 1.14753402], "partial charges": [-0.11501614, 0.0914891, -0.26841172, 0.50948787, -0.41527432, -0.27142581, 0.09062392, -0.11523193, -0.23468244, 0.16642828, -0.04238064, -0.0178555, 0.00813779, -0.01591152, -0.04481352, 0.52485367, -0.37779242, -0.37644738, 0.06013505, 0.06118042, 0.05902809, 0.04416329, 0.05475553, 0.0487316, 0.05256353, 0.06032299, 0.06051915, 0.05966709, 0.0744178, 0.09425084, 0.09542062, 0.0790667], "atomic dipole moments": [[0.12607258, -0.01258845, -0.08507776], [0.01049927, -0.28585002, 0.02271894], [0.10339863, 0.14477937, -0.04117853], [-0.04343073, -0.0353663, 0.24120421], [-0.10310463, -0.10551623, 0.42234747], [-0.12943786, 0.0482699, -0.12351008], [0.20232453, 0.11190669, 0.17138849], [-0.00288156, 0.13616189, -0.06877585], [0.06109958, -0.09265206, -0.09003978], [-0.30944755, 0.06114723, -0.06239933], [-0.02652348, -0.04185934, -0.04964965], [-0.00674683, -0.03052943, -0.03445778], [0.150265, -0.03008746, 0.02684448], [-0.01018313, 0.03521462, 0.02694364], [-0.0218221, 0.04166743, 0.02778154], [0.08128924, -0.01653704, 0.01440867], [-0.11662789, -0.14362858, -0.18050599], [-0.10563783, 0.19010871, 0.1390596], [0.0112497, -0.05096607, 0.11725212], [-0.10200802, -0.06111817, -0.04962411], [-0.02734244, 0.12614752, 0.01107109], [0.09982078, 0.04685624, 0.05309299], [-0.01633224, 0.03866553, -0.11478562], [-0.10575542, 0.06145832, 0.0161975], [0.035078, -0.00548755, -0.11634637], [0.1146113, -0.05779017, -0.00524909], [-0.02518304, 0.00499619, 0.12597629], [-0.08818871, -0.07519284, -0.05799132], [-0.0687684, 0.11215295, 0.08483629], [0.0702521, 0.08755831, 0.11310613], [0.06539902, -0.11571875, -0.08864381], [-0.06432765, -0.0923042, -0.11145457]], "atomic quadrupole moments": [[0.14568353, -0.06132988, -0.12587779, -0.19809177, 0.0380894, -0.01980573], [-0.13421926, -0.190214, 0.43358183, -0.16358808, 0.0704463, -0.29936257], [-0.01205721, -0.05422415, 0.10973256, -0.054677, 0.01212264, -0.09767535], [0.49432415, -0.01773345, 0.53473903, 0.56499396, 0.54323163, -1.02906318], [-0.31110497, 0.06375068, -0.28947982, -0.2140953, -0.25530874, 0.60058479], [-0.01279902, 0.0748618, 0.05933937, 0.0817805, 0.01302438, -0.04654035], [0.00101175, 0.32746713, 0.14402656, 0.28115344, 0.09320616, -0.14503831], [-0.14440563, 0.01965234, 0.22174909, -0.00137703, -0.15731164, -0.07734346], [0.06445989, 0.00078972, -0.06128618, 0.05693585, 0.0253453, -0.00317372], [0.20206994, 0.02314637, -0.11192006, -0.0225731, -0.4185821, -0.09014988], [-0.18511887, 0.16224425, 0.07925389, -0.09980978, -0.34907166, 0.10586499], [-0.21104552, 0.13537516, 0.10732692, -0.16681351, -0.4125215, 0.1037186], [0.07938503, 0.03170794, -0.03968111, -0.045311, -0.3035217, -0.03970392], [-0.20793667, 0.16516965, 0.09025067, -0.1387645, -0.41640529, 0.117686], [-0.17800303, 0.11703646, 0.07949946, -0.1413696, -0.36370771, 0.09850357], [-0.18879297, 0.08724071, 0.0853676, -0.08624831, -0.12924837, 0.10342537], [-0.13142318, 0.13228932, 0.03236923, 0.0241572, -0.04682731, 0.09905395], [-0.14197944, -0.02323498, 0.09670679, -0.12683291, -0.04518183, 0.04527266], [-0.02221254, -0.01068906, -0.03514621, 0.021702, -0.0442416, 0.05735875], [0.02664535, 0.04378915, -0.02592862, 0.03813243, 0.03072223, -0.00071673], [-0.0369291, -0.01903052, 0.08308356, -0.00905751, 0.00464859, -0.04615446], [0.01368195, -0.00151193, 0.01121485, 0.0204452, 0.02699931, -0.02489679], [-0.02967852, -0.02342113, 0.00138019, 0.0068749, -0.01247425, 0.02829833], [0.03044264, -0.0017055, 0.00922582, -0.00222555, 0.01633961, -0.03966847], [-0.01941579, 0.02020968, -0.01120942, -0.01576457, 0.0153389, 0.0306252], [0.05857042, -0.04345692, -0.02176763, -0.02295653, -0.00404183, -0.03680279], [-0.04009674, -0.01316011, -0.02840084, -0.03303342, 0.01397705, 0.06849758], [0.01557483, 0.04784554, -0.00282717, 0.04910915, 0.02746984, -0.01274766], [0.03077833, -0.01838657, -0.01446081, 0.01645171, 0.03624203, -0.01631752], [0.03430084, -0.01815694, -0.0168, 0.01678214, 0.03224628, -0.01750085], [0.03495999, -0.01634584, -0.01699859, 0.01871478, 0.03191188, -0.0179614], [0.04365031, -0.01765847, -0.02268689, 0.02042287, 0.02741176, -0.02096343]], "number of molecular orbitals": 96, "number of electrons": 100, "number of unpaired electrons": 0, "orbital energies/eV": [-21.12742043, -20.88126914, -20.65763633, -20.39247644, -20.29549779, -19.52647628, -19.29098522, -18.97367986, -18.79173446, -18.34466612, -18.2848279, -18.10440954, -17.475599, -17.40181479, -17.20802792, -17.09373703, -16.89542562, -16.85993188, -16.59899542, -16.45145379, -16.35273672, -16.26611297, -16.02326591, -15.77129166, -15.72468002, -15.61029492, -15.2000796, -15.17445224, -14.55036837, -14.51107818, -14.20012956, -14.16525539, -13.93629058, -13.90403408, -13.76279801, -13.61358596, -13.44539429, -13.36061826, -13.20950155, -12.96417993, -12.83574638, -12.78788748, -12.42854632, -12.36875799, -12.35377066, -12.34678741, -12.12361446, -12.07755618, -10.31251231, -10.29070664, -9.07937501, -7.56764168, -6.91616151, -5.01599415, -4.25867667, -4.1002563, -3.78480308, -1.98757372, -1.48843536, 0.0036711, 0.06874971, 0.4885309, 0.55708761, 2.14972688, 2.20574638, 2.41430056, 2.54079597, 2.87038777, 3.01182552, 3.05500138, 3.17124908, 3.38192537, 3.54316002, 3.57609629, 3.75708607, 4.13714597, 4.19086718, 4.56092689, 4.74584901, 5.3221891, 5.97516533, 6.04130519, 6.25195311, 6.39004455, 7.53925985, 8.44048682, 9.44901217, 9.83863983, 10.97320171, 11.42748153, 11.62204874, 15.08262074, 15.94486313, 27.28260648, 28.87876632, 33.23967018], "fractional occupation": [2.0, 2.0, 2.0, 2.0, 2.0, 2.0, 2.0, 2.0, 2.0, 2.0, 2.0, 2.0, 2.0, 2.0, 2.0, 2.0, 2.0, 2.0, 2.0, 2.0, 2.0, 2.0, 2.0, 2.0, 2.0, 2.0, 2.0, 2.0, 2.0, 2.0, 2.0, 2.0, 2.0, 2.0, 2.0, 2.0, 2.0, 2.0, 2.0, 2.0, 2.0, 2.0, 2.0, 2.0, 2.0, 2.0, 2.0, 2.0, 2.0, 2.0, 0.0, 0.0, 0.0, 0.0, 0.0, 0.0, 0.0, 0.0, 0.0, 0.0, 0.0, 0.0, 0.0, 0.0, 0.0, 0.0, 0.0, 0.0, 0.0, 0.0, 0.0, 0.0, 0.0, 0.0, 0.0, 0.0, 0.0, 0.0, 0.0, 0.0, 0.0, 0.0, 0.0, 0.0, 0.0, 0.0, 0.0, 0.0, 0.0, 0.0, 0.0, 0.0, 0.0, 0.0, 0.0, 0.0], "program call": "xtb /home/svss/Project-DBcg-Debug/aqme2_20220329/End-to-End-workflows-final/example-3/QDESCP/mol_934_rdkit_conf_1/mol_934_rdkit_conf_1.xyz --pop --wbo --acc 0.2 --gfn 2 --chrg 0 --uhf 0 --etemp 300 --input /home/svss/Project-DBcg-Debug/aqme2_20220329/End-to-End-workflows-final/example-3/QDESCP/mol_934_rdkit_conf_1/mol_934_rdkit_conf_1_xtb.inp", "method": "GFN2-xTB", "xtb version": "6.3.3 (7355c4f)", "Dipole module/D": 8.024, "Total charge": 0, "Transition dipole module/D": NaN, "HOMO": -10.2907, "LUMO": -9.0794, "HOMO occupancy": 2.0, "LUMO occupancy": 0, "mulliken charges": [-0.09593, 0.20849, -0.35669, 0.44317, -0.19756, -0.35948, 0.20952, -0.09624, -0.32255, 0.27999, -0.05582, -0.00694, 0.02715, -0.00497, -0.05813, 0.67428, -0.46988, -0.46945, 0.04545, 0.04333, 0.03498, 0.03362, 0.02785, 0.038, 0.0266, 0.04227, 0.04578, 0.03542, 0.06303, 0.07202, 0.07285, 0.06987], "cm5 charges": [-0.24238, 0.13071, -0.41871, 0.40368, -0.16733, -0.42144, 0.13172, -0.24272, -0.36745, 0.30234, -0.10483, -0.05312, 0.0795, -0.05121, -0.10647, 0.51409, -0.43188, -0.43143, 0.09881, 0.09664, 0.0862, 0.10102, 0.09234, 0.10537, 0.09128, 0.09559, 0.09913, 0.08665, 0.12173, 0.134, 0.1348, 0.13336], "FUKUI+": [0.005, 0.005, -0.011, -0.03, -0.045, 0.007, 0.006, 0.005, -0.023, -0.063, -0.022, -0.028, -0.023, -0.03, -0.02, -0.111, -0.16, -0.159, -0.004, -0.011, -0.012, 0.003, -0.009, -0.012, -0.006, 0.0, -0.006, -0.016, -0.064, -0.052, -0.052, -0.061], "FUKUI-": [0.009, 0.014, -0.009, -0.137, -0.392, -0.003, 0.013, 0.009, -0.001, 0.003, -0.013, -0.01, -0.019, -0.009, 0.001, -0.022, -0.071, -0.069, -0.023, -0.022, -0.027, -0.018, -0.015, -0.02, -0.011, -0.019, -0.023, -0.027, -0.029, -0.03, -0.025, -0.006], "FUKUIrad": [0.007, 0.009, -0.01, -0.084, -0.218, 0.002, 0.009, 0.007, -0.012, -0.03, -0.017, -0.019, -0.021, -0.019, -0.01, -0.067, -0.115, -0.114, -0.014, -0.016, -0.02, -0.008, -0.012, -0.016, -0.009, -0.009, -0.014, -0.021, -0.046, -0.041, -0.038, -0.034], "s proportion": [1.012, 0.993, 1.648, 1.435, 1.888, 1.648, 0.993, 1.012, 1.637, 1.024, 1.063, 1.07, 1.071, 1.071, 1.066, 1.332, 1.747, 1.747, 0.955, 0.957, 0.965, 0.966, 0.972, 0.962, 0.973, 0.958, 0.954, 0.965, 0.937, 0.928, 0.927, 0.93], "p proportion": [3.084, 2.798, 4.708, 1.929, 4.324, 4.711, 2.797, 3.084, 4.685, 2.696, 2.992, 2.937, 2.902, 2.934, 2.992, 2.993, 4.723, 4.723, 0.0, 0.0, 0.0, 0.0, 0.0, 0.0, 0.0, 0.0, 0.0, 0.0, 0.0, 0.0, 0.0, 0.0], "d proportion": [0.0, 0.0, 0.0, 1.193, -0.015, 0.0, 0.0, 0.0, 0.0, 0.0, 0.0, 0.0, 0.0, 0.0, 0.0, 0.0, 0.0, 0.0, 0.0, 0.0, 0.0, 0.0, 0.0, 0.0, 0.0, 0.0, 0.0, 0.0, 0.0, 0.0, 0.0, 0.0], "Fermi-level/eV": -9.6805, "Coordination numbers": [3.749, 3.919, 1.658, 4.025, 0.924, 1.658, 3.92, 3.749, 1.663, 3.021, 2.914, 2.909, 2.898, 2.91, 2.913, 2.755, 0.926, 0.926, 0.924, 0.924, 0.924, 0.924, 0.924, 0.924, 0.924, 0.924, 0.924, 0.924, 0.925, 0.925, 0.925, 0.925], "Dispersion coefficient C6": [22.768, 19.012, 18.466, 139.543, 157.344, 18.517, 19.025, 22.772, 17.904, 24.394, 29.053, 28.455, 27.837, 28.408, 29.113, 13.753, 21.21, 21.184, 2.198, 2.185, 2.21, 2.394, 2.262, 2.336, 2.288, 2.195, 2.193, 2.203, 2.038, 1.838, 1.827, 1.989], "Total dispersion C6": 14407.903868, "Total dispersion C8": 395774.02853, "Polarizability alpha": [6.805, 6.197, 5.801, 21.22, 21.216, 5.809, 6.199, 6.806, 5.712, 8.102, 8.839, 8.747, 8.651, 8.74, 8.848, 5.508, 6.176, 6.172, 2.318, 2.312, 2.325, 2.42, 2.352, 2.39, 2.366, 2.317, 2.316, 2.321, 2.232, 2.12, 2.114, 2.205], "Total polarizability alpha": 187.656344, "Wiberg matrix": [[0.0, 1.0162480857993705, 0.0, 0.0, 0.0, 0.0, 0.0, 0.0, 0.0, 0.0, 0.0, 0.0, 0.0, 0.0, 0.0, 0.0, 0.0, 0.0, 0.9845408416105035, 0.9841120825788306, 0.9814446568761674, 0.0, 0.0, 0.0, 0.0, 0.0, 0.0, 0.0, 0.0, 0.0, 0.0, 0.0], [1.0162480857993705, 0.0, 0.9193317935411939, 0.0, 0.0, 0.0, 0.0, 0.0, 0.0, 0.0, 0.0, 0.0, 0.0, 0.0, 0.0, 0.0, 0.0, 0.0, 0.0, 0.0, 0.0, 0.9708096150773122, 0.970006466264739, 0.0, 0.0, 0.0, 0.0, 0.0, 0.0, 0.0, 0.0, 0.0], [0.0, 0.9193317935411939, 0.0, 1.232795086260844, 0.0, 0.0, 0.0, 0.0, 0.0, 0.0, 0.0, 0.0, 0.0, 0.0, 0.0, 0.0, 0.0, 0.0, 0.0, 0.0, 0.0, 0.0, 0.0, 0.0, 0.0, 0.0, 0.0, 0.0, 0.0, 0.0, 0.0, 0.0], [0.0, 0.0, 1.232795086260844, 0.0, 1.5647272568548953, 1.2267865391713972, 0.0, 0.0, 1.1795090832106976, 0.0, 0.0, 0.0, 0.0, 0.0, 0.0, 0.0, 0.0, 0.0, 0.0, 0.0, 0.0, 0.0, 0.0, 0.0, 0.0, 0.0, 0.0, 0.0, 0.0, 0.0, 0.0, 0.0], [0.0, 0.0, 0.0, 1.5647272568548953, 0.0, 0.0, 0.0, 0.0, 0.0, 0.0, 0.0, 0.0, 0.0, 0.0, 0.0, 0.0, 0.0, 0.0, 0.0, 0.0, 0.0, 0.0, 0.0, 0.0, 0.0, 0.0, 0.0, 0.0, 0.0, 0.0, 0.0, 0.0], [0.0, 0.0, 0.0, 1.2267865391713972, 0.0, 0.0, 0.918371173914423, 0.0, 0.0, 0.0, 0.0, 0.0, 0.0, 0.0, 0.0, 0.0, 0.0, 0.0, 0.0, 0.0, 0.0, 0.0, 0.0, 0.0, 0.0, 0.0, 0.0, 0.0, 0.0, 0.0, 0.0, 0.0], [0.0, 0.0, 0.0, 0.0, 0.0, 0.918371173914423, 0.0, 1.0160663382314428, 0.0, 0.0, 0.0, 0.0, 0.0, 0.0, 0.0, 0.0, 0.0, 0.0, 0.0, 0.0, 0.0, 0.0, 0.0, 0.9711337182234324, 0.9700270858932551, 0.0, 0.0, 0.0, 0.0, 0.0, 0.0, 0.0], [0.0, 0.0, 0.0, 0.0, 0.0, 0.0, 1.0160663382314428, 0.0, 0.0, 0.0, 0.0, 0.0, 0.0, 0.0, 0.0, 0.0, 0.0, 0.0, 0.0, 0.0, 0.0, 0.0, 0.0, 0.0, 0.0, 0.9842909422228522, 0.9845082275734646, 0.9812364874518766, 0.0, 0.0, 0.0, 0.0], [0.0, 0.0, 0.0, 1.1795090832106976, 0.0, 0.0, 0.0, 0.0, 0.0, 1.0027798243025077, 0.0, 0.0, 0.0, 0.0, 0.0, 0.0, 0.0, 0.0, 0.0, 0.0, 0.0, 0.0, 0.0, 0.0, 0.0, 0.0, 0.0, 0.0, 0.0, 0.0, 0.0, 0.0], [0.0, 0.0, 0.0, 0.0, 0.0, 0.0, 0.0, 0.0, 1.0027798243025077, 0.0, 1.3593825970854034, 0.0, 0.0, 0.0, 1.375075633390806, 0.0, 0.0, 0.0, 0.0, 0.0, 0.0, 0.0, 0.0, 0.0, 0.0, 0.0, 0.0, 0.0, 0.0, 0.0, 0.0, 0.0], [0.0, 0.0, 0.0, 0.0, 0.0, 0.0, 0.0, 0.0, 0.0, 1.3593825970854034, 0.0, 1.4651267636804557, 0.0, 0.10302558422839575, 0.0, 0.0, 0.0, 0.0, 0.0, 0.0, 0.0, 0.0, 0.0, 0.0, 0.0, 0.0, 0.0, 0.0, 0.9647035800585398, 0.0, 0.0, 0.0], [0.0, 0.0, 0.0, 0.0, 0.0, 0.0, 0.0, 0.0, 0.0, 0.0, 1.4651267636804557, 0.0, 1.3745881447177244, 0.0, 0.10049186590681104, 0.0, 0.0, 0.0, 0.0, 0.0, 0.0, 0.0, 0.0, 0.0, 0.0, 0.0, 0.0, 0.0, 0.0, 0.959536143090806, 0.0, 0.0], [0.0, 0.0, 0.0, 0.0, 0.0, 0.0, 0.0, 0.0, 0.0, 0.0, 0.0, 1.3745881447177244, 0.0, 1.3805138528322813, 0.0, 0.9632019847961031, 0.0, 0.0, 0.0, 0.0, 0.0, 0.0, 0.0, 0.0, 0.0, 0.0, 0.0, 0.0, 0.0, 0.0, 0.0, 0.0], [0.0, 0.0, 0.0, 0.0, 0.0, 0.0, 0.0, 0.0, 0.0, 0.0, 0.10302558422839575, 0.0, 1.3805138528322813, 0.0, 1.454597111360592, 0.0, 0.0, 0.0, 0.0, 0.0, 0.0, 0.0, 0.0, 0.0, 0.0, 0.0, 0.0, 0.0, 0.0, 0.0, 0.9595868624735173, 0.0], [0.0, 0.0, 0.0, 0.0, 0.0, 0.0, 0.0, 0.0, 0.0, 1.375075633390806, 0.0, 0.10049186590681104, 0.0, 1.454597111360592, 0.0, 0.0, 0.0, 0.0, 0.0, 0.0, 0.0, 0.0, 0.0, 0.0, 0.0, 0.0, 0.0, 0.0, 0.0, 0.0, 0.0, 0.9527688224578252], [0.0, 0.0, 0.0, 0.0, 0.0, 0.0, 0.0, 0.0, 0.0, 0.0, 0.0, 0.0, 0.9632019847961031, 0.0, 0.0, 0.0, 1.4459789507049547, 1.4473428832316477, 0.0, 0.0, 0.0, 0.0, 0.0, 0.0, 0.0, 0.0, 0.0, 0.0, 0.0, 0.0, 0.0, 0.0], [0.0, 0.0, 0.0, 0.0, 0.0, 0.0, 0.0, 0.0, 0.0, 0.0, 0.0, 0.0, 0.0, 0.0, 0.0, 1.4459789507049547, 0.0, 0.36660452294539925, 0.0, 0.0, 0.0, 0.0, 0.0, 0.0, 0.0, 0.0, 0.0, 0.0, 0.0, 0.0, 0.0, 0.0], [0.0, 0.0, 0.0, 0.0, 0.0, 0.0, 0.0, 0.0, 0.0, 0.0, 0.0, 0.0, 0.0, 0.0, 0.0, 1.4473428832316477, 0.36660452294539925, 0.0, 0.0, 0.0, 0.0, 0.0, 0.0, 0.0, 0.0, 0.0, 0.0, 0.0, 0.0, 0.0, 0.0, 0.0], [0.9845408416105035, 0.0, 0.0, 0.0, 0.0, 0.0, 0.0, 0.0, 0.0, 0.0, 0.0, 0.0, 0.0, 0.0, 0.0, 0.0, 0.0, 0.0, 0.0, 0.0, 0.0, 0.0, 0.0, 0.0, 0.0, 0.0, 0.0, 0.0, 0.0, 0.0, 0.0, 0.0], [0.9841120825788306, 0.0, 0.0, 0.0, 0.0, 0.0, 0.0, 0.0, 0.0, 0.0, 0.0, 0.0, 0.0, 0.0, 0.0, 0.0, 0.0, 0.0, 0.0, 0.0, 0.0, 0.0, 0.0, 0.0, 0.0, 0.0, 0.0, 0.0, 0.0, 0.0, 0.0, 0.0], [0.9814446568761674, 0.0, 0.0, 0.0, 0.0, 0.0, 0.0, 0.0, 0.0, 0.0, 0.0, 0.0, 0.0, 0.0, 0.0, 0.0, 0.0, 0.0, 0.0, 0.0, 0.0, 0.0, 0.0, 0.0, 0.0, 0.0, 0.0, 0.0, 0.0, 0.0, 0.0, 0.0], [0.0, 0.9708096150773122, 0.0, 0.0, 0.0, 0.0, 0.0, 0.0, 0.0, 0.0, 0.0, 0.0, 0.0, 0.0, 0.0, 0.0, 0.0, 0.0, 0.0, 0.0, 0.0, 0.0, 0.0, 0.0, 0.0, 0.0, 0.0, 0.0, 0.0, 0.0, 0.0, 0.0], [0.0, 0.970006466264739, 0.0, 0.0, 0.0, 0.0, 0.0, 0.0, 0.0, 0.0, 0.0, 0.0, 0.0, 0.0, 0.0, 0.0, 0.0, 0.0, 0.0, 0.0, 0.0, 0.0, 0.0, 0.0, 0.0, 0.0, 0.0, 0.0, 0.0, 0.0, 0.0, 0.0], [0.0, 0.0, 0.0, 0.0, 0.0, 0.0, 0.9711337182234324, 0.0, 0.0, 0.0, 0.0, 0.0, 0.0, 0.0, 0.0, 0.0, 0.0, 0.0, 0.0, 0.0, 0.0, 0.0, 0.0, 0.0, 0.0, 0.0, 0.0, 0.0, 0.0, 0.0, 0.0, 0.0], [0.0, 0.0, 0.0, 0.0, 0.0, 0.0, 0.9700270858932551, 0.0, 0.0, 0.0, 0.0, 0.0, 0.0, 0.0, 0.0, 0.0, 0.0, 0.0, 0.0, 0.0, 0.0, 0.0, 0.0, 0.0, 0.0, 0.0, 0.0, 0.0, 0.0, 0.0, 0.0, 0.0], [0.0, 0.0, 0.0, 0.0, 0.0, 0.0, 0.0, 0.9842909422228522, 0.0, 0.0, 0.0, 0.0, 0.0, 0.0, 0.0, 0.0, 0.0, 0.0, 0.0, 0.0, 0.0, 0.0, 0.0, 0.0, 0.0, 0.0, 0.0, 0.0, 0.0, 0.0, 0.0, 0.0], [0.0, 0.0, 0.0, 0.0, 0.0, 0.0, 0.0, 0.9845082275734646, 0.0, 0.0, 0.0, 0.0, 0.0, 0.0, 0.0, 0.0, 0.0, 0.0, 0.0, 0.0, 0.0, 0.0, 0.0, 0.0, 0.0, 0.0, 0.0, 0.0, 0.0, 0.0, 0.0, 0.0], [0.0, 0.0, 0.0, 0.0, 0.0, 0.0, 0.0, 0.9812364874518766, 0.0, 0.0, 0.0, 0.0, 0.0, 0.0, 0.0, 0.0, 0.0, 0.0, 0.0, 0.0, 0.0, 0.0, 0.0, 0.0, 0.0, 0.0, 0.0, 0.0, 0.0, 0.0, 0.0, 0.0], [0.0, 0.0, 0.0, 0.0, 0.0, 0.0, 0.0, 0.0, 0.0, 0.0, 0.9647035800585398, 0.0, 0.0, 0.0, 0.0, 0.0, 0.0, 0.0, 0.0, 0.0, 0.0, 0.0, 0.0, 0.0, 0.0, 0.0, 0.0, 0.0, 0.0, 0.0, 0.0, 0.0], [0.0, 0.0, 0.0, 0.0, 0.0, 0.0, 0.0, 0.0, 0.0, 0.0, 0.0, 0.959536143090806, 0.0, 0.0, 0.0, 0.0, 0.0, 0.0, 0.0, 0.0, 0.0, 0.0, 0.0, 0.0, 0.0, 0.0, 0.0, 0.0, 0.0, 0.0, 0.0, 0.0], [0.0, 0.0, 0.0, 0.0, 0.0, 0.0, 0.0, 0.0, 0.0, 0.0, 0.0, 0.0, 0.0, 0.9595868624735173, 0.0, 0.0, 0.0, 0.0, 0.0, 0.0, 0.0, 0.0, 0.0, 0.0, 0.0, 0.0, 0.0, 0.0, 0.0, 0.0, 0.0, 0.0], [0.0, 0.0, 0.0, 0.0, 0.0, 0.0, 0.0, 0.0, 0.0, 0.0, 0.0, 0.0, 0.0, 0.0, 0.9527688224578252, 0.0, 0.0, 0.0, 0.0, 0.0, 0.0, 0.0, 0.0, 0.0, 0.0, 0.0, 0.0, 0.0, 0.0, 0.0, 0.0, 0.0]], "Born radii": [], "Atomic SASAs": [], "Solvent H bonds": [], "Total SASA": NaN, "Total FOD": 0.0, "FOD": [0.0, 0.0, 0.0, 0.0, 0.0, 0.0, 0.0, 0.0, 0.0, 0.0, 0.0, 0.0, 0.0, 0.0, 0.0, 0.0, 0.0, 0.0, 0.0, 0.0, 0.0, 0.0, 0.0, 0.0, 0.0, 0.0, 0.0, 0.0, 0.0, 0.0, 0.0, 0.0], "FOD s proportion": [0.0, 0.0, 0.0, 0.0, 0.0, 0.0, 0.0, 0.0, 0.0, 0.0, 0.0, 0.0, 0.0, 0.0, 0.0, 0.0, 0.0, 0.0, 0.0, 0.0, 0.0, 0.0, 0.0, 0.0, 0.0, 0.0, 0.0, 0.0, 0.0, 0.0, 0.0, 0.0], "FOD p proportion": [0.0, 0.0, 0.0, 0.0, 0.0, 0.0, 0.0, 0.0, 0.0, 0.0, 0.0, 0.0, 0.0, 0.0, 0.0, 0.0, 0.0, 0.0, 0.0, 0.0, 0.0, 0.0, 0.0, 0.0, 0.0, 0.0, 0.0, 0.0, 0.0, 0.0, 0.0, 0.0], "FOD d proportion": [0.0, 0.0, 0.0, 0.0, 0.0, 0.0, 0.0, 0.0, 0.0, 0.0, 0.0, 0.0, 0.0, 0.0, 0.0, 0.0, 0.0, 0.0, 0.0, 0.0, 0.0, 0.0, 0.0, 0.0, 0.0, 0.0, 0.0, 0.0, 0.0, 0.0, 0.0, 0.0], "coordinates": [["-3.88470", "2.48420", "0.54270"], ["-2.63850", "2.24760", "-0.28560"], ["-2.40990", "0.85050", "-0.36650"], ["-0.97860", "0.33420", "-0.92620"], ["-0.54920", "0.84090", "-2.74970"], ["-1.08790", "-1.25210", "-0.61500"], ["-2.07560", "-2.00730", "-1.29620"], ["-2.12560", "-3.39340", "-0.68670"], ["0.01600", "0.84160", "0.24220"], ["1.32810", "0.49600", "0.39830"], ["2.02520", "1.21160", "1.37650"], ["3.37300", "0.94270", "1.62740"], ["4.02140", "-0.05560", "0.89140"], ["3.32670", "-0.78000", "-0.08590"], ["1.97660", "-0.50170", "-0.32830"], ["5.43710", "-0.34820", "1.14840"], ["6.01820", "0.32840", "2.00900"], ["5.96690", "-1.25540", "0.49130"], ["-3.76300", "2.06920", "1.54870"], ["-4.74790", "1.98220", "0.09330"], ["-4.10140", "3.55290", "0.62550"], ["-1.78140", "2.74420", "0.17940"], ["-2.77920", "2.65030", "-1.29300"], ["-3.05190", "-1.52250", "-1.20120"], ["-1.81440", "-2.07690", "-2.35620"], ["-1.14990", "-3.88440", "-0.76450"], ["-2.36950", "-3.33690", "0.37930"], ["-2.87400", "-4.01350", "-1.18780"], ["1.51740", "1.98590", "1.94790"], ["3.89520", "1.51410", "2.39200"], ["3.81660", "-1.56120", "-0.66450"], ["1.46430", "-1.08750", "-1.08590"]], "bond_dist": [[0.0, 1.5149504579358362, 2.381313790746612, 3.9019974910294337, 4.96647691024533, 4.808564985523228, 5.179572209169402, 6.257159014281162, 4.243099751361026, 5.580956409075419, 6.102593810012264, 7.498466885303955, 8.311353255637737, 7.940681932932461, 6.635441017747049, 9.761419850103774, 10.240358281818073, 10.53761228552275, 1.0950214107495797, 1.0950244746123252, 1.0935878656971283, 2.1502227279981954, 2.1493054575839143, 4.448414092685168, 5.7873479686295, 7.053153113324564, 6.017286415819011, 6.79972426132119, 5.604067660191123, 8.055299405360424, 8.782517559902741, 6.63484587989804], [1.5149504579358362, 0.0, 1.4179884273152583, 2.6128023136088956, 3.523601593540336, 3.841974077216034, 4.409347205653009, 5.678453012925263, 3.0498818157430296, 4.389730894941056, 5.058257615029112, 6.442085474440711, 7.144531282736468, 6.6925221620850825, 5.372115206322366, 8.602897709493005, 9.15898316899862, 9.323491393785913, 2.1589310549436265, 2.1595302104856042, 2.1619407276796467, 1.0942837703265091, 1.0939920200805855, 3.9016505391949186, 4.8649589330229706, 6.328246136964016, 5.630372390881442, 6.330149942931841, 4.725305699105614, 7.099070340544598, 7.504587840781131, 5.347554575691584], [2.381313790746612, 1.4179884273152583, 0.0, 1.621249354664482, 3.023563938467318, 2.4960695122532144, 3.023759153768699, 4.26544742553463, 2.501116892510224, 3.8318707298133114, 4.778969995720836, 6.1176850572745245, 6.6155082427580725, 5.970414237722538, 4.590347081648619, 8.081287811976503, 8.77202703313208, 8.679943196242704, 2.6427448495834778, 2.637878869470696, 3.3388923327954134, 2.068603091460515, 2.05768432467179, 2.5961542885583673, 3.5893170798913827, 4.915819566460916, 4.253488986702563, 4.954636061306623, 4.697793717267713, 6.914041742714604, 6.683891317189411, 4.391219192889373], [3.9019974910294337, 2.6128023136088956, 1.621249354664482, 0.0, 1.9406909851905838, 1.620228261696481, 2.6120741279680404, 3.9074251125261505, 1.616119574783995, 2.6648347753660078, 3.8852377649250758, 5.082083014867034, 5.334380357642301, 4.525831837353218, 3.128804925207067, 6.777229626477179, 7.587532070442932, 7.26471641979231, 4.109530188476536, 4.238266950063433, 4.745490745960843, 2.770368062189571, 2.9565219109622713, 2.7967003378982165, 2.9252119324930974, 4.225171776389688, 4.137137690481186, 4.750102210479265, 4.149527647817279, 6.013030990274372, 5.162845251409343, 2.830988412198114], [4.96647691024533, 3.523601593540336, 3.023563938467318, 1.9406909851905838, 0.0, 3.037727897623485, 3.54327566666778, 4.966920821796941, 3.0448180799515754, 3.681455595277498, 4.877548594324817, 5.878181733325365, 5.911996770973408, 4.974509831129093, 3.7477217559472047, 7.241887192576256, 8.126415242897695, 7.5735139730510825, 5.505767329809715, 5.197527910458971, 5.600450328321821, 3.704118591514046, 3.220062615850816, 3.7745223671346815, 3.2045483503919865, 5.160457307254853, 5.527942287144467, 5.604411299146414, 5.258260769494035, 6.829565761452188, 5.401699092878092, 3.246712067615482], [4.808564985523228, 3.841974077216034, 2.4960695122532144, 1.620228261696481, 3.037727897623485, 0.0, 1.4177135712124647, 2.380573012952974, 2.5173332596221742, 3.1495533810367466, 4.441540447862656, 5.453909937833591, 5.459468811157365, 4.471187580498049, 3.1680368211244008, 6.819255074419786, 7.738217718570602, 7.14101628761621, 4.78213251489333, 4.9353809761760035, 5.805863200248521, 4.133089316721815, 4.306844024340793, 2.067375776195513, 2.059095609727727, 2.6372708507091187, 2.6414999697141774, 3.3382005646755255, 4.8826927509316, 6.444004736962877, 4.9144799633328455, 2.600493185916856], [5.179572209169402, 4.409347205653009, 3.023759153768699, 2.6120741279680404, 3.54327566666778, 1.4177135712124647, 0.0, 1.5150126930161347, 3.854568241710088, 4.5522538187144175, 5.858430091756664, 6.851071370231083, 6.765215122226343, 5.670620483686067, 4.429896907378319, 8.07275314003841, 9.049278422614702, 8.272987133436144, 5.2496311318034525, 4.998800635152396, 6.22194668652826, 4.984044667737239, 4.7104459406727095, 1.0941744513559069, 1.0939239461681054, 2.15942811642342, 2.1590538714909364, 2.1619508690069718, 6.2753071677807135, 7.85197617418698, 5.942732615556585, 3.6634887934863407], [6.257159014281162, 5.678453012925263, 4.26544742553463, 3.9074251125261505, 4.966920821796941, 2.380573012952974, 1.5150126930161347, 0.0, 4.835755449772042, 5.313445308836819, 6.533908468902821, 7.375054167936667, 7.170559075134936, 6.076050978225907, 5.031741675602992, 8.356749747359915, 9.350939641020041, 8.452649540232931, 6.125201276692873, 6.0317437487015315, 7.3400775316068705, 6.207957523211641, 6.109099961532795, 2.150118310698274, 2.1487782435607445, 1.0950453552250698, 1.0950047762452912, 1.0934933836105272, 7.010665777941493, 8.355356520221026, 6.218294824145925, 4.285314161178851], [4.243099751361026, 3.0498818157430296, 2.501116892510224, 1.616119574783995, 3.0448180799515754, 2.5173332596221742, 3.854568241710088, 4.835755449772042, 0.0, 1.3658012227260599, 2.3367544008731427, 3.632967003703722, 4.1556777594033925, 3.701076959480848, 2.444151693328383, 5.623624070828348, 6.277846869747621, 6.31448102538918, 4.182676775702372, 4.900804299296188, 4.94480023256754, 2.6181056815949963, 3.6662484599383056, 4.133325873918, 4.315053762121626, 4.970698512281749, 4.8134466767587645, 5.8282927182838025, 2.544216370515684, 4.48576514432042, 4.5869503038511334, 2.753697388966333], [5.580956409075419, 4.389730894941056, 3.8318707298133114, 2.6648347753660078, 3.681455595277498, 3.1495533810367466, 4.5522538187144175, 5.313445308836819, 1.3658012227260599, 0.0, 1.398179891859413, 2.4273120339173535, 2.793076271783497, 2.420129665947674, 1.3942399721712184, 4.261361830448101, 4.961802319722139, 4.959285876010779, 5.451392263449769, 6.262554705549485, 6.23504031262028, 3.8433462893681596, 4.936741584284112, 5.081057222665377, 4.907381268049182, 5.165316253628619, 5.3257609005662285, 6.364664002914843, 2.157984397533958, 3.4060783476015346, 3.399154002101111, 2.1745970500301888], [6.102593810012264, 5.058257615029112, 4.778969995720836, 3.8852377649250758, 4.877548594324817, 4.441540447862656, 5.858430091756664, 6.533908468902821, 2.3367544008731427, 1.398179891859413, 0.0, 1.3970765404944716, 2.4136968098748444, 2.792666569785946, 2.417457732825954, 3.758466078069616, 4.138133334004597, 4.733568097112368, 5.853920894579973, 6.936520036012293, 6.601584222745324, 4.274589422389009, 5.681403638186605, 6.316390148652947, 6.28409179595588, 6.374508373984616, 6.40286249891406, 7.607855488900929, 1.0880713625493503, 2.149336292905324, 3.881135761603812, 3.4152427995678436], [7.498466885303955, 6.442085474440711, 6.1176850572745245, 5.082083014867034, 5.878181733325365, 5.453909937833591, 6.851071370231083, 7.375054167936667, 3.632967003703722, 2.4273120339173535, 1.3970765404944716, 0.0, 1.3995433005091338, 2.4300691080707972, 2.803745139986871, 2.4812038650622803, 2.7422738904055515, 3.5847850744500707, 7.224797017217854, 8.329648244073695, 7.980200687326103, 5.648888882780401, 7.020982748874975, 7.440264041685618, 7.203899768875189, 7.034110066667993, 7.269734246862122, 8.456611524718396, 2.152728001861824, 1.0880275547981308, 3.423317364779374, 3.889324442624966], [8.311353255637737, 7.144531282736468, 6.6155082427580725, 5.334380357642301, 5.911996770973408, 5.459468811157365, 6.765215122226343, 7.170559075134936, 4.1556777594033925, 2.793076271783497, 2.4136968098748444, 1.3995433005091338, 0.0, 1.4008849845722524, 2.4223708097646814, 1.4682882039981118, 2.320279293533432, 2.3204676899280456, 8.095906477350143, 9.03826393396431, 8.892235652522936, 6.4821533366621304, 7.63817115087113, 7.520794057810651, 6.977759030663068, 6.644099482999934, 7.202275953474707, 8.21794294273208, 3.3991073092798936, 2.1752436392275696, 2.1747641734220284, 3.393124417111757], [7.940681932932461, 6.6925221620850825, 5.970414237722538, 4.525831837353218, 4.974509831129093, 4.471187580498049, 5.670620483686067, 6.076050978225907, 3.701076959480848, 2.420129665947674, 2.792666569785946, 2.4300691080707972, 1.4008849845722524, 0.0, 1.3996351881829783, 2.482687231610136, 3.586269485133542, 2.744051938283967, 7.813686958792245, 8.535867070192694, 8.628834334949305, 6.211526007351173, 7.106761801974229, 6.517801646260801, 5.767765677452578, 5.489785504006509, 6.261057665442796, 7.079434041644854, 3.8807359791668383, 3.4243357706276414, 1.0886015846029253, 2.136139042759156], [6.635441017747049, 5.372115206322366, 4.590347081648619, 3.128804925207067, 3.7477217559472047, 3.1680368211244008, 4.429896907378319, 5.031741675602992, 2.444151693328383, 1.3942399721712184, 2.417457732825954, 2.803745139986871, 2.4223708097646814, 1.3996351881829783, 0.0, 3.7655365341475577, 4.742000407001249, 4.142740872900452, 6.56320531219312, 7.180975283344178, 7.368283355029176, 4.991611974102154, 5.786482846254709, 5.204786191574058, 4.5787896271831485, 4.626870646560156, 5.237140633017219, 6.049776842991814, 3.40295530972712, 3.891594491978834, 2.149690835911062, 1.0860804251987972], [9.761419850103774, 8.602897709493005, 8.081287811976503, 6.777229626477179, 7.241887192576256, 6.819255074419786, 8.07275314003841, 8.356749747359915, 5.623624070828348, 4.261361830448101, 3.758466078069616, 2.4812038650622803, 1.4682882039981118, 2.482687231610136, 3.7655365341475577, 0.0, 1.239393855882786, 1.239144983446247, 9.52081419102379, 10.501343969702162, 10.318671807456615, 7.912562227875368, 9.080695011947048, 8.886097098839288, 8.23740718308862, 7.717024416833214, 8.394453291310876, 9.379053136644444, 4.6315517000245165, 2.718852305661343, 2.717350853312836, 4.617553553560587], [10.240358281818073, 9.15898316899862, 8.77202703313208, 7.587532070442932, 8.126415242897695, 7.738217718570602, 9.049278422614702, 9.350939641020041, 6.277846869747621, 4.961802319722139, 4.138133334004597, 2.7422738904055515, 2.320279293533432, 3.586269485133542, 4.742000407001249, 1.239393855882786, 0.0, 2.194189467662262, 9.945558514734103, 11.05956012416407, 10.710638480501524, 8.367633235270294, 9.679290798917036, 9.797853278142105, 9.283860290310276, 8.764795702125635, 9.2975188878539, 10.399175288935176, 4.796690536192637, 2.4616462966884582, 3.945279834181601, 5.68517229554215], [10.53761228552275, 9.323491393785913, 8.679943196242704, 7.26471641979231, 7.5735139730510825, 7.14101628761621, 8.272987133436144, 8.452649540232931, 6.31448102538918, 4.959285876010779, 4.733568097112368, 3.5847850744500707, 2.3204676899280456, 2.744051938283967, 4.142740872900452, 1.239144983446247, 2.194189467662262, 0.0, 10.336441066924342, 11.200330209417935, 11.158334258302178, 8.725264159897968, 9.743330241247087, 9.180122662579187, 8.326568812542174, 7.690092124285638, 8.59306413393965, 9.412120124074065, 5.69436208016315, 3.9464834511245575, 2.4603205827696515, 4.773799012317129], [1.0950214107495797, 2.1589310549436265, 2.6427448495834778, 4.109530188476536, 5.505767329809715, 4.78213251489333, 5.2496311318034525, 6.125201276692873, 4.182676775702372, 5.451392263449769, 5.853920894579973, 7.224797017217854, 8.095906477350143, 7.813686958792245, 6.56320531219312, 9.52081419102379, 9.945558514734103, 10.336441066924342, 0.0, 1.7594846319306114, 1.7799377770023312, 2.5014687785379213, 3.0628089297244774, 4.579074372621611, 6.019587293162215, 6.901053456538357, 5.703968427331975, 6.728892370962697, 5.2961234587195944, 7.724462320446647, 8.690707368218078, 6.650604283822635], [1.0950244746123252, 2.1595302104856042, 2.637878869470696, 4.238266950063433, 5.197527910458971, 4.9353809761760035, 4.998800635152396, 6.0317437487015315, 4.900804299296188, 6.262554705549485, 6.936520036012293, 8.329648244073695, 9.03826393396431, 8.535867070192694, 7.180975283344178, 10.501343969702162, 11.05956012416407, 11.200330209417935, 1.7594846319306114, 0.0, 1.7799712301045767, 3.0640136194214276, 2.498792706488475, 4.103055975733209, 5.575102269017134, 6.935302473576766, 5.833644432942411, 6.411016839004558, 6.534029303576775, 8.955797949373355, 9.299494859937285, 7.028869010729961], [1.0935878656971283, 2.1619407276796467, 3.3388923327954134, 4.745490745960843, 5.600450328321821, 5.805863200248521, 6.22194668652826, 7.3400775316068705, 4.94480023256754, 6.23504031262028, 6.601584222745324, 7.980200687326103, 8.892235652522936, 8.628834334949305, 7.368283355029176, 10.318671807456615, 10.710638480501524, 11.158334258302178, 1.7799377770023312, 1.7799712301045767, 0.0, 2.4970784729359226, 2.4987080361658904, 5.495267809670426, 6.768718632798973, 8.121384336429351, 7.1084060161192255, 7.8768633738309815, 5.981232665596616, 8.439362490733526, 9.513823774382201, 7.445751715575802], [2.1502227279981954, 1.0942837703265091, 2.068603091460515, 2.770368062189571, 3.704118591514046, 4.133089316721815, 4.984044667737239, 6.207957523211641, 2.6181056815949963, 3.8433462893681596, 4.274589422389009, 5.648888882780401, 6.4821533366621304, 6.211526007351173, 4.991611974102154, 7.912562227875368, 8.367633235270294, 8.725264159897968, 2.5014687785379213, 3.0640136194214276, 2.4970784729359226, 0.0, 1.7811186962131411, 4.66100370092108, 5.447326093598583, 6.725182333587693, 6.112740697101424, 6.980653256680208, 3.818991042147127, 6.215507407283818, 7.112400464681388, 5.178559401030368], [2.1493054575839143, 1.0939920200805855, 2.05768432467179, 2.9565219109622713, 3.220062615850816, 4.306844024340793, 4.7104459406727095, 6.109099961532795, 3.6662484599383056, 4.936741584284112, 5.681403638186605, 7.020982748874975, 7.63817115087113, 7.106761801974229, 5.786482846254709, 9.080695011947048, 9.679290798917036, 9.743330241247087, 3.0628089297244774, 2.498792706488475, 2.4987080361658904, 1.7811186962131411, 0.0, 4.182708735974812, 4.940410217785564, 6.755459631290827, 6.229847929123149, 6.6653045331777605, 5.422695983549142, 7.708293637375266, 7.850880341719647, 5.658739391419258], [4.448414092685168, 3.9016505391949186, 2.5961542885583673, 2.7967003378982165, 3.7745223671346815, 2.067375776195513, 1.0941744513559069, 2.150118310698274, 4.133325873918, 5.081057222665377, 6.316390148652947, 7.440264041685618, 7.520794057810651, 6.517801646260801, 5.204786191574058, 8.886097098839288, 9.797853278142105, 9.180122662579187, 4.579074372621611, 4.103055975733209, 5.495267809670426, 4.66100370092108, 4.182708735974812, 0.0, 1.781232890444144, 3.0638019681435025, 2.501139214438093, 2.4973804215617608, 6.565379186307521, 8.390126590820904, 6.88954547339663, 4.538566021333169], [5.7873479686295, 4.8649589330229706, 3.5893170798913827, 2.9252119324930974, 3.2045483503919865, 2.059095609727727, 1.0939239461681054, 2.1487782435607445, 4.315053762121626, 4.907381268049182, 6.28409179595588, 7.203899768875189, 6.977759030663068, 5.767765677452578, 4.5787896271831485, 8.23740718308862, 9.283860290310276, 8.326568812542174, 6.019587293162215, 5.575102269017134, 6.768718632798973, 5.447326093598583, 4.940410217785564, 1.781232890444144, 0.0, 2.49842458161138, 3.0624657157264634, 2.4976649655227976, 6.792091864072511, 8.248649368229929, 5.9021992833180414, 3.6527315997757075], [7.053153113324564, 6.328246136964016, 4.915819566460916, 4.225171776389688, 5.160457307254853, 2.6372708507091187, 2.15942811642342, 1.0950453552250698, 4.970698512281749, 5.165316253628619, 6.374508373984616, 7.034110066667993, 6.644099482999934, 5.489785504006509, 4.626870646560156, 7.717024416833214, 8.764795702125635, 7.690092124285638, 6.901053456538357, 6.935302473576766, 8.121384336429351, 6.725182333587693, 6.755459631290827, 3.0638019681435025, 2.49842458161138, 0.0, 1.7593916135982914, 1.7799917162728596, 6.995142967802731, 8.034944213247533, 5.483920175385488, 3.8418731381970437], [6.017286415819011, 5.630372390881442, 4.253488986702563, 4.137137690481186, 5.527942287144467, 2.6414999697141774, 2.1590538714909364, 1.0950047762452912, 4.8134466767587645, 5.3257609005662285, 6.40286249891406, 7.269734246862122, 7.202275953474707, 6.261057665442796, 5.237140633017219, 8.394453291310876, 9.2975188878539, 8.59306413393965, 5.703968427331975, 5.833644432942411, 7.1084060161192255, 6.112740697101424, 6.229847929123149, 2.501139214438093, 3.0624657157264634, 1.7593916135982914, 0.0, 1.779918599262337, 6.775005343909331, 8.174939044421064, 6.520004765335682, 4.6802386520347445], [6.79972426132119, 6.330149942931841, 4.954636061306623, 4.750102210479265, 5.604411299146414, 3.3382005646755255, 2.1619508690069718, 1.0934933836105272, 5.8282927182838025, 6.364664002914843, 7.607855488900929, 8.456611524718396, 8.21794294273208, 7.079434041644854, 6.049776842991814, 9.379053136644444, 10.399175288935176, 9.412120124074065, 6.728892370962697, 6.411016839004558, 7.8768633738309815, 6.980653256680208, 6.6653045331777605, 2.4973804215617608, 2.4976649655227976, 1.7799917162728596, 1.779918599262337, 0.0, 8.069064927858742, 9.444119781112477, 7.145050492473794, 5.233804209177107], [5.604067660191123, 4.725305699105614, 4.697793717267713, 4.149527647817279, 5.258260769494035, 4.8826927509316, 6.2753071677807135, 7.010665777941493, 2.544216370515684, 2.157984397533958, 1.0880713625493503, 2.152728001861824, 3.3991073092798936, 3.8807359791668383, 3.40295530972712, 4.6315517000245165, 4.796690536192637, 5.69436208016315, 5.2961234587195944, 6.534029303576775, 5.981232665596616, 3.818991042147127, 5.422695983549142, 6.565379186307521, 6.792091864072511, 6.995142967802731, 6.775005343909331, 8.069064927858742, 0.0, 2.464498506796058, 4.969192369993337, 4.318859758084303], [8.055299405360424, 7.099070340544598, 6.914041742714604, 6.013030990274372, 6.829565761452188, 6.444004736962877, 7.85197617418698, 8.355356520221026, 4.48576514432042, 3.4060783476015346, 2.149336292905324, 1.0880275547981308, 2.1752436392275696, 3.4243357706276414, 3.891594491978834, 2.718852305661343, 2.4616462966884582, 3.9464834511245575, 7.724462320446647, 8.955797949373355, 8.439362490733526, 6.215507407283818, 7.708293637375266, 8.390126590820904, 8.248649368229929, 8.034944213247533, 8.174939044421064, 9.444119781112477, 2.464498506796058, 0.0, 4.336570107815622, 4.977286989917299], [8.782517559902741, 7.504587840781131, 6.683891317189411, 5.162845251409343, 5.401699092878092, 4.9144799633328455, 5.942732615556585, 6.218294824145925, 4.5869503038511334, 3.399154002101111, 3.881135761603812, 3.423317364779374, 2.1747641734220284, 1.0886015846029253, 2.149690835911062, 2.717350853312836, 3.945279834181601, 2.4603205827696515, 8.690707368218078, 9.299494859937285, 9.513823774382201, 7.112400464681388, 7.850880341719647, 6.88954547339663, 5.9021992833180414, 5.483920175385488, 6.520004765335682, 7.145050492473794, 4.969192369993337, 4.336570107815622, 0.0, 2.436244023081432], [6.63484587989804, 5.347554575691584, 4.391219192889373, 2.830988412198114, 3.246712067615482, 2.600493185916856, 3.6634887934863407, 4.285314161178851, 2.753697388966333, 2.1745970500301888, 3.4152427995678436, 3.889324442624966, 3.393124417111757, 2.136139042759156, 1.0860804251987972, 4.617553553560587, 5.68517229554215, 4.773799012317129, 6.650604283822635, 7.028869010729961, 7.445751715575802, 5.178559401030368, 5.658739391419258, 4.538566021333169, 3.6527315997757075, 3.8418731381970437, 4.6802386520347445, 5.233804209177107, 4.318859758084303, 4.977286989917299, 2.436244023081432, 0.0]]}