{"total energy": -43.03342903, "HOMO-LUMO gap/eV": 12.14957178, "electronic energy": -43.60514507, "dipole": [0.28384381, 0.42231134, 0.43965346], "partial charges": [-0.09989891, -0.05184144, -0.05818916, -0.05796925, -0.05743473, -0.0580528, -0.0582666, -0.05767355, -0.05850854, -0.05864164, -0.05965599, 0.08656662, -0.44363175, 0.03199248, 0.03205204, 0.03089812, 0.02838037, 0.02827443, 0.02961118, 0.02948643, 0.02859048, 0.02830552, 0.02862122, 0.02844318, 0.0290258, 0.02796308, 0.03163309, 0.02884703, 0.03108637, 0.02801177, 0.02745349, 0.02923165, 0.03204068, 0.04937869, 0.03121085, 0.04774264, 0.01536897, 0.01706824, 0.28247997], "atomic dipole moments": [[0.05791537, -0.03783026, -0.0733268], [0.03872071, 0.06636652, 0.07885551], [-0.03659515, -0.06605193, -0.07927024], [0.03727412, 0.06505021, 0.07740021], [-0.03782148, -0.0655021, -0.07827141], [0.03594108, 0.06524698, 0.07853612], [-0.03895523, -0.06688856, -0.0802656], [0.03848359, 0.07276129, 0.07450708], [-0.04054821, -0.06161738, 0.08234272], [0.05601177, 0.06765596, -0.08959689], [-0.02456245, -0.0442001, 0.10697624], [-0.03307331, -0.18964991, -0.04423308], [0.06618522, 0.21415743, 0.09538006], [-0.00126267, 0.12583027, -0.00282865], [0.03996635, -0.03665013, 0.11358558], [-0.11739136, -0.03927883, -0.0132726], [-0.00886598, -0.12309115, 0.0042565], [-0.04867339, 0.03395193, -0.10826422], [0.04591434, -0.03315404, 0.11037936], [0.00609256, 0.12388193, -0.00218501], [-0.00586573, -0.1238876, 0.00215969], [-0.04569517, 0.03321127, -0.11040426], [0.04562784, -0.03317258, 0.11026145], [0.00587383, 0.12365928, -0.00217629], [-0.00578138, -0.12401657, 0.00215633], [-0.04565068, 0.03329836, -0.11019479], [0.04297878, -0.03398732, 0.11151974], [0.00522139, 0.12387453, -0.0022475], [-0.00150365, -0.12453963, 0.00407481], [-0.04703064, 0.02634698, -0.10879892], [0.0016124, 0.12290477, -0.01167319], [0.05279169, -0.04004916, -0.10212319], [-0.04883593, 0.04806827, 0.1032221], [-0.00726277, -0.12718237, 0.01341541], [0.00597001, 0.12227765, -0.01580729], [0.0500835, -0.05343291, -0.1034382], [0.11049801, 0.0321531, -0.00912305], [-0.04645901, 0.03649481, 0.10212349], [0.04418171, -0.00359336, 0.06597732]], "atomic quadrupole moments": [[0.00876776, -0.0698418, -0.07358063, -0.14616523, 0.10157528, 0.06481287], [0.17849942, 0.02124636, -0.14690427, -0.11693514, 0.11662088, -0.03159515], [0.18994464, 0.02908186, -0.15135844, -0.11282602, 0.11833846, -0.0385862], [0.18983316, 0.02923332, -0.15093925, -0.11203046, 0.11719894, -0.03889392], [0.1897673, 0.02958954, -0.1507935, -0.11145036, 0.11728943, -0.0389738], [0.18804455, 0.02936507, -0.15219406, -0.11082381, 0.11777996, -0.03585049], [0.18621362, 0.0319733, -0.14655211, -0.10068002, 0.12114158, -0.03966152], [0.17440907, 0.043097, -0.13685545, -0.11950154, 0.09658372, -0.03755362], [0.15743853, 0.06241262, -0.15517786, 0.12292041, -0.07908569, -0.00226067], [0.18819012, 0.05134321, -0.19515711, 0.09674234, -0.09996467, 0.006967], [0.15190686, 0.04208132, -0.17343637, 0.13513772, -0.10082666, 0.02152951], [-0.2516582, -0.05146652, 0.39657655, 0.13795605, -0.10537901, -0.14491835], [-0.10463991, -0.00010933, 0.18057991, 0.03379776, -0.00765772, -0.07594], [-0.04597026, 0.00744786, 0.07908173, -0.0118956, -0.01075417, -0.03311148], [-0.02135218, -0.02735434, -0.02941162, 0.03772962, -0.03039027, 0.05076381], [0.06656836, 0.03927607, -0.03226251, 0.01177071, 0.01782598, -0.03430585], [-0.02090984, -0.00394223, 0.05540116, -0.00827115, -0.0112938, -0.03449132], [-0.01089566, -0.0134402, -0.02533421, 0.01839956, -0.03171223, 0.03622987], [-0.01183558, -0.01379947, -0.02219662, 0.02164257, -0.03182461, 0.0340322], [-0.02306696, -0.00155165, 0.05574972, -0.00603166, -0.01319329, -0.03268276], [-0.02267677, -0.00155624, 0.0553645, -0.00625678, -0.01317774, -0.03268774], [-0.01144833, -0.01382062, -0.02237136, 0.02135914, -0.03172581, 0.03381969], [-0.0115043, -0.01382444, -0.02243388, 0.02145848, -0.03182593, 0.03393817], [-0.02281669, -0.00155364, 0.05564559, -0.00623871, -0.01320666, -0.0328289], [-0.02280218, -0.00156196, 0.05527571, -0.00609718, -0.01319158, -0.03247352], [-0.01114331, -0.01370541, -0.02253965, 0.0215817, -0.03167239, 0.03368296], [-0.00822343, -0.0148281, -0.02298596, 0.02346699, -0.03028341, 0.0312094], [-0.02308082, -0.00056679, 0.05638666, -0.00614211, -0.01371732, -0.03330584], [-0.02383874, -0.00657311, 0.05425003, -0.01148307, -0.01916578, -0.03041128], [0.00124296, -0.01620081, -0.03578941, 0.02390471, -0.02897169, 0.03454644], [-0.02582384, -0.00577308, 0.05860067, 0.012744, 0.00722199, -0.03277683], [0.00369306, -0.02083985, -0.02667002, -0.02315963, 0.03566138, 0.02297695], [-0.00601765, -0.01960828, -0.0153673, -0.02375252, 0.03592915, 0.02138495], [-0.02171613, -0.00202995, 0.0533141, 0.00665552, 0.00138724, -0.03159797], [-0.02105685, -0.00203537, 0.06509892, 0.00762386, -0.00749436, -0.04404207], [0.00032771, -0.01292493, -0.01847375, -0.02288368, 0.04146249, 0.01814604], [0.03531719, 0.01954408, 0.00523484, -0.0066783, -0.01939723, -0.04055203], [-0.02272287, -0.02412096, 0.00693505, -0.03270388, 0.01050109, 0.01578782], [-0.02650009, -0.02374346, -0.03128734, 0.0996769, -0.03746045, 0.05778744]], "number of molecular orbitals": 78, "number of electrons": 80, "number of unpaired electrons": 0, "orbital energies/eV": [-18.58266613, -17.0882018, -16.89819845, -16.81920918, -16.67576638, -16.43665799, -16.15794003, -15.80899444, -15.42942769, -15.36772143, -15.21738449, -15.06384826, -14.93002431, -14.82537545, -14.33026807, -14.14801702, -13.89659918, -13.83089975, -13.6310236, -13.48007454, -13.35102355, -13.22468596, -13.00720418, -12.90345686, -12.79897233, -12.48858499, -12.34843516, -12.32905131, -12.11629369, -11.9336258, -11.83794956, -11.79538263, -11.66438314, -11.61702602, -11.43790336, -11.35374796, -11.330519, -11.22561082, -11.1014971, -11.02994314, 1.11962864, 1.23540698, 1.84499038, 2.67585356, 2.8276637, 2.91051047, 2.93974943, 3.09817488, 3.36187161, 3.54207529, 3.63563097, 3.70055223, 3.91816812, 4.03031311, 4.29945779, 4.44491009, 4.50938802, 4.62268597, 4.72696826, 4.93325236, 5.05381977, 5.14568422, 5.39488346, 5.67287281, 5.95820281, 6.02609338, 6.35401222, 6.65084907, 6.74498686, 6.96205723, 7.0956287, 7.27650398, 7.43542249, 7.51283774, 7.69875624, 8.28160668, 8.45693753, 8.66505244], "fractional occupation": [2.0, 2.0, 2.0, 2.0, 2.0, 2.0, 2.0, 2.0, 2.0, 2.0, 2.0, 2.0, 2.0, 2.0, 2.0, 2.0, 2.0, 2.0, 2.0, 2.0, 2.0, 2.0, 2.0, 2.0, 2.0, 2.0, 2.0, 2.0, 2.0, 2.0, 2.0, 2.0, 2.0, 2.0, 2.0, 2.0, 2.0, 2.0, 2.0, 2.0, 0.0, 0.0, 0.0, 0.0, 0.0, 0.0, 0.0, 0.0, 0.0, 0.0, 0.0, 0.0, 0.0, 0.0, 0.0, 0.0, 0.0, 0.0, 0.0, 0.0, 0.0, 0.0, 0.0, 0.0, 0.0, 0.0, 0.0, 0.0, 0.0, 0.0, 0.0, 0.0, 0.0, 0.0, 0.0, 0.0, 0.0, 0.0], "program call": "xtb /home/svss/Project-DBcg-Debug/aqme2_20220329/End-to-End-workflows-final/example-3/QDESCP/mol_925_rdkit_conf_4/mol_925_rdkit_conf_4.xyz --pop --wbo --acc 0.2 --gfn 2 --chrg 0 --uhf 0 --etemp 300 --input /home/svss/Project-DBcg-Debug/aqme2_20220329/End-to-End-workflows-final/example-3/QDESCP/mol_925_rdkit_conf_4/mol_925_rdkit_conf_4_xtb.inp", "method": "GFN2-xTB", "xtb version": "6.3.3 (7355c4f)", "Dipole module/D": 1.709, "Total charge": 0, "Transition dipole module/D": NaN, "HOMO": -11.0299, "LUMO": 1.1196, "HOMO occupancy": 2.0, "LUMO occupancy": 0, "mulliken charges": [-0.08348, -0.0385, -0.04663, -0.04547, -0.04529, -0.04522, -0.04683, -0.04523, -0.04708, -0.04295, -0.05041, 0.19946, -0.56919, 0.02639, 0.02647, 0.02778, 0.02196, 0.02184, 0.02248, 0.02232, 0.02256, 0.02227, 0.02247, 0.02208, 0.023, 0.02204, 0.02333, 0.02167, 0.0245, 0.0231, 0.02003, 0.02471, 0.01948, 0.03845, 0.01959, 0.0368, 0.00855, 0.00772, 0.33524], "cm5 charges": [-0.2338, -0.151, -0.15727, -0.15616, -0.15602, -0.15602, -0.15769, -0.15581, -0.15766, -0.15275, -0.15791, 0.1124, -0.78393, 0.07768, 0.07776, 0.07856, 0.07666, 0.07654, 0.07782, 0.07766, 0.07792, 0.07763, 0.07782, 0.07743, 0.07836, 0.07739, 0.0793, 0.07713, 0.07971, 0.07802, 0.07524, 0.07966, 0.07591, 0.09635, 0.07477, 0.09411, 0.07066, 0.07016, 0.50338], "FUKUI+": [0.005, -0.009, -0.013, -0.013, -0.013, -0.012, -0.007, -0.008, -0.004, 0.002, 0.006, -0.008, -0.069, -0.022, -0.022, -0.04, -0.026, -0.026, -0.029, -0.029, -0.032, -0.033, -0.03, -0.032, -0.031, -0.033, -0.023, -0.029, -0.028, -0.032, -0.028, -0.034, -0.016, -0.021, -0.051, -0.033, -0.058, -0.043, -0.073], "FUKUI-": [0.011, 0.001, -0.001, 0.001, -0.002, -0.001, -0.003, 0.001, 0.004, 0.002, 0.007, 0.014, -0.073, -0.037, -0.037, -0.048, -0.048, -0.048, -0.041, -0.042, -0.03, -0.031, -0.024, -0.025, -0.027, -0.031, -0.028, -0.026, -0.026, -0.036, -0.033, -0.054, -0.034, -0.028, -0.03, -0.034, -0.072, -0.055, -0.037], "FUKUIrad": [0.008, -0.004, -0.007, -0.006, -0.007, -0.006, -0.005, -0.004, 0.0, 0.002, 0.006, 0.003, -0.071, -0.03, -0.03, -0.044, -0.037, -0.037, -0.035, -0.036, -0.031, -0.032, -0.027, -0.029, -0.029, -0.032, -0.026, -0.028, -0.027, -0.034, -0.03, -0.044, -0.025, -0.024, -0.041, -0.034, -0.065, -0.049, -0.055], "s proportion": [1.007, 1.027, 1.032, 1.032, 1.032, 1.033, 1.032, 1.032, 1.032, 1.03, 1.032, 0.99, 1.694, 0.974, 0.974, 0.972, 0.978, 0.978, 0.978, 0.978, 0.977, 0.978, 0.978, 0.978, 0.977, 0.978, 0.977, 0.978, 0.975, 0.977, 0.98, 0.975, 0.981, 0.962, 0.98, 0.963, 0.991, 0.992, 0.665], "p proportion": [3.076, 3.011, 3.014, 3.013, 3.013, 3.013, 3.015, 3.013, 3.015, 3.013, 3.018, 2.811, 4.875, 0.0, 0.0, 0.0, 0.0, 0.0, 0.0, 0.0, 0.0, 0.0, 0.0, 0.0, 0.0, 0.0, 0.0, 0.0, 0.0, 0.0, 0.0, 0.0, 0.0, 0.0, 0.0, 0.0, 0.0, 0.0, 0.0], "d proportion": [0.0, 0.0, 0.0, 0.0, 0.0, 0.0, 0.0, 0.0, 0.0, 0.0, 0.0, 0.0, 0.0, 0.0, 0.0, 0.0, 0.0, 0.0, 0.0, 0.0, 0.0, 0.0, 0.0, 0.0, 0.0, 0.0, 0.0, 0.0, 0.0, 0.0, 0.0, 0.0, 0.0, 0.0, 0.0, 0.0, 0.0, 0.0, 0.0], "Fermi-level/eV": -4.9552, "Coordination numbers": [3.75, 3.8, 3.802, 3.802, 3.802, 3.802, 3.801, 3.8, 3.8, 3.8, 3.8, 3.674, 1.653, 0.924, 0.924, 0.924, 0.924, 0.924, 0.924, 0.924, 0.924, 0.924, 0.924, 0.924, 0.924, 0.924, 0.924, 0.924, 0.924, 0.924, 0.924, 0.924, 0.924, 0.924, 0.924, 0.924, 0.924, 0.924, 0.804], "Dispersion coefficient C6": [22.471, 21.505, 21.62, 21.616, 21.606, 21.618, 21.623, 21.612, 21.627, 21.63, 21.649, 19.363, 21.715, 2.558, 2.558, 2.574, 2.61, 2.611, 2.592, 2.594, 2.607, 2.611, 2.606, 2.609, 2.6, 2.616, 2.563, 2.603, 2.571, 2.615, 2.623, 2.598, 2.558, 2.328, 2.569, 2.348, 2.805, 2.778, 0.776], "Total dispersion C6": 10240.8777, "Total dispersion C8": 213655.253816, "Polarizability alpha": [6.761, 6.603, 6.62, 6.619, 6.618, 6.62, 6.621, 6.619, 6.621, 6.622, 6.625, 6.306, 6.291, 2.501, 2.501, 2.509, 2.526, 2.527, 2.518, 2.519, 2.525, 2.527, 2.525, 2.526, 2.522, 2.529, 2.504, 2.523, 2.508, 2.529, 2.533, 2.52, 2.501, 2.386, 2.507, 2.397, 2.619, 2.607, 1.384], "Total polarizability alpha": 149.814328, "Wiberg matrix": [[0.0, 1.0200797127111236, 0.0, 0.0, 0.0, 0.0, 0.0, 0.0, 0.0, 0.0, 0.0, 0.0, 0.0, 0.9877322377986334, 0.9877302691427956, 0.9874287225498255, 0.0, 0.0, 0.0, 0.0, 0.0, 0.0, 0.0, 0.0, 0.0, 0.0, 0.0, 0.0, 0.0, 0.0, 0.0, 0.0, 0.0, 0.0, 0.0, 0.0, 0.0, 0.0, 0.0], [1.0200797127111236, 0.0, 1.0077188654562426, 0.0, 0.0, 0.0, 0.0, 0.0, 0.0, 0.0, 0.0, 0.0, 0.0, 0.0, 0.0, 0.0, 0.9781031211937311, 0.9781110687714152, 0.0, 0.0, 0.0, 0.0, 0.0, 0.0, 0.0, 0.0, 0.0, 0.0, 0.0, 0.0, 0.0, 0.0, 0.0, 0.0, 0.0, 0.0, 0.0, 0.0, 0.0], [0.0, 1.0077188654562426, 0.0, 1.0070712435417633, 0.0, 0.0, 0.0, 0.0, 0.0, 0.0, 0.0, 0.0, 0.0, 0.0, 0.0, 0.0, 0.0, 0.0, 0.9772467724130476, 0.9772515142982339, 0.0, 0.0, 0.0, 0.0, 0.0, 0.0, 0.0, 0.0, 0.0, 0.0, 0.0, 0.0, 0.0, 0.0, 0.0, 0.0, 0.0, 0.0, 0.0], [0.0, 0.0, 1.0070712435417633, 0.0, 1.0069143351390197, 0.0, 0.0, 0.0, 0.0, 0.0, 0.0, 0.0, 0.0, 0.0, 0.0, 0.0, 0.0, 0.0, 0.0, 0.0, 0.9773494560874054, 0.9773601182770402, 0.0, 0.0, 0.0, 0.0, 0.0, 0.0, 0.0, 0.0, 0.0, 0.0, 0.0, 0.0, 0.0, 0.0, 0.0, 0.0, 0.0], [0.0, 0.0, 0.0, 1.0069143351390197, 0.0, 1.0069228139812618, 0.0, 0.0, 0.0, 0.0, 0.0, 0.0, 0.0, 0.0, 0.0, 0.0, 0.0, 0.0, 0.0, 0.0, 0.0, 0.0, 0.9773186153294704, 0.9773633307031675, 0.0, 0.0, 0.0, 0.0, 0.0, 0.0, 0.0, 0.0, 0.0, 0.0, 0.0, 0.0, 0.0, 0.0, 0.0], [0.0, 0.0, 0.0, 0.0, 1.0069228139812618, 0.0, 1.0065729139621464, 0.0, 0.0, 0.0, 0.0, 0.0, 0.0, 0.0, 0.0, 0.0, 0.0, 0.0, 0.0, 0.0, 0.0, 0.0, 0.0, 0.0, 0.9774159308215861, 0.9772446086139854, 0.0, 0.0, 0.0, 0.0, 0.0, 0.0, 0.0, 0.0, 0.0, 0.0, 0.0, 0.0, 0.0], [0.0, 0.0, 0.0, 0.0, 0.0, 1.0065729139621464, 0.0, 1.0079161891807695, 0.0, 0.0, 0.0, 0.0, 0.0, 0.0, 0.0, 0.0, 0.0, 0.0, 0.0, 0.0, 0.0, 0.0, 0.0, 0.0, 0.0, 0.0, 0.97543319076394, 0.9772228732940872, 0.0, 0.0, 0.0, 0.0, 0.0, 0.0, 0.0, 0.0, 0.0, 0.0, 0.0], [0.0, 0.0, 0.0, 0.0, 0.0, 0.0, 1.0079161891807695, 0.0, 1.00627183181155, 0.0, 0.0, 0.0, 0.0, 0.0, 0.0, 0.0, 0.0, 0.0, 0.0, 0.0, 0.0, 0.0, 0.0, 0.0, 0.0, 0.0, 0.0, 0.0, 0.9771735335592601, 0.9768914948469183, 0.0, 0.0, 0.0, 0.0, 0.0, 0.0, 0.0, 0.0, 0.0], [0.0, 0.0, 0.0, 0.0, 0.0, 0.0, 0.0, 1.00627183181155, 0.0, 1.0081613275018813, 0.0, 0.0, 0.0, 0.0, 0.0, 0.0, 0.0, 0.0, 0.0, 0.0, 0.0, 0.0, 0.0, 0.0, 0.0, 0.0, 0.0, 0.0, 0.0, 0.0, 0.9772195290323986, 0.9769066841910086, 0.0, 0.0, 0.0, 0.0, 0.0, 0.0, 0.0], [0.0, 0.0, 0.0, 0.0, 0.0, 0.0, 0.0, 0.0, 1.0081613275018813, 0.0, 1.0068039495646715, 0.0, 0.0, 0.0, 0.0, 0.0, 0.0, 0.0, 0.0, 0.0, 0.0, 0.0, 0.0, 0.0, 0.0, 0.0, 0.0, 0.0, 0.0, 0.0, 0.0, 0.0, 0.97538359397358, 0.9759452927887844, 0.0, 0.0, 0.0, 0.0, 0.0], [0.0, 0.0, 0.0, 0.0, 0.0, 0.0, 0.0, 0.0, 0.0, 1.0068039495646715, 0.0, 1.0065646287595542, 0.0, 0.0, 0.0, 0.0, 0.0, 0.0, 0.0, 0.0, 0.0, 0.0, 0.0, 0.0, 0.0, 0.0, 0.0, 0.0, 0.0, 0.0, 0.0, 0.0, 0.0, 0.0, 0.9755824993579981, 0.9753002146350085, 0.0, 0.0, 0.0], [0.0, 0.0, 0.0, 0.0, 0.0, 0.0, 0.0, 0.0, 0.0, 0.0, 1.0065646287595542, 0.0, 0.989577284287195, 0.0, 0.0, 0.0, 0.0, 0.0, 0.0, 0.0, 0.0, 0.0, 0.0, 0.0, 0.0, 0.0, 0.0, 0.0, 0.0, 0.0, 0.0, 0.0, 0.0, 0.0, 0.0, 0.0, 0.9734013058492401, 0.9727754187665392, 0.0], [0.0, 0.0, 0.0, 0.0, 0.0, 0.0, 0.0, 0.0, 0.0, 0.0, 0.0, 0.989577284287195, 0.0, 0.0, 0.0, 0.0, 0.0, 0.0, 0.0, 0.0, 0.0, 0.0, 0.0, 0.0, 0.0, 0.0, 0.0, 0.0, 0.0, 0.0, 0.0, 0.0, 0.0, 0.0, 0.0, 0.0, 0.0, 0.0, 0.907468431745726], [0.9877322377986334, 0.0, 0.0, 0.0, 0.0, 0.0, 0.0, 0.0, 0.0, 0.0, 0.0, 0.0, 0.0, 0.0, 0.0, 0.0, 0.0, 0.0, 0.0, 0.0, 0.0, 0.0, 0.0, 0.0, 0.0, 0.0, 0.0, 0.0, 0.0, 0.0, 0.0, 0.0, 0.0, 0.0, 0.0, 0.0, 0.0, 0.0, 0.0], [0.9877302691427956, 0.0, 0.0, 0.0, 0.0, 0.0, 0.0, 0.0, 0.0, 0.0, 0.0, 0.0, 0.0, 0.0, 0.0, 0.0, 0.0, 0.0, 0.0, 0.0, 0.0, 0.0, 0.0, 0.0, 0.0, 0.0, 0.0, 0.0, 0.0, 0.0, 0.0, 0.0, 0.0, 0.0, 0.0, 0.0, 0.0, 0.0, 0.0], [0.9874287225498255, 0.0, 0.0, 0.0, 0.0, 0.0, 0.0, 0.0, 0.0, 0.0, 0.0, 0.0, 0.0, 0.0, 0.0, 0.0, 0.0, 0.0, 0.0, 0.0, 0.0, 0.0, 0.0, 0.0, 0.0, 0.0, 0.0, 0.0, 0.0, 0.0, 0.0, 0.0, 0.0, 0.0, 0.0, 0.0, 0.0, 0.0, 0.0], [0.0, 0.9781031211937311, 0.0, 0.0, 0.0, 0.0, 0.0, 0.0, 0.0, 0.0, 0.0, 0.0, 0.0, 0.0, 0.0, 0.0, 0.0, 0.0, 0.0, 0.0, 0.0, 0.0, 0.0, 0.0, 0.0, 0.0, 0.0, 0.0, 0.0, 0.0, 0.0, 0.0, 0.0, 0.0, 0.0, 0.0, 0.0, 0.0, 0.0], [0.0, 0.9781110687714152, 0.0, 0.0, 0.0, 0.0, 0.0, 0.0, 0.0, 0.0, 0.0, 0.0, 0.0, 0.0, 0.0, 0.0, 0.0, 0.0, 0.0, 0.0, 0.0, 0.0, 0.0, 0.0, 0.0, 0.0, 0.0, 0.0, 0.0, 0.0, 0.0, 0.0, 0.0, 0.0, 0.0, 0.0, 0.0, 0.0, 0.0], [0.0, 0.0, 0.9772467724130476, 0.0, 0.0, 0.0, 0.0, 0.0, 0.0, 0.0, 0.0, 0.0, 0.0, 0.0, 0.0, 0.0, 0.0, 0.0, 0.0, 0.0, 0.0, 0.0, 0.0, 0.0, 0.0, 0.0, 0.0, 0.0, 0.0, 0.0, 0.0, 0.0, 0.0, 0.0, 0.0, 0.0, 0.0, 0.0, 0.0], [0.0, 0.0, 0.9772515142982339, 0.0, 0.0, 0.0, 0.0, 0.0, 0.0, 0.0, 0.0, 0.0, 0.0, 0.0, 0.0, 0.0, 0.0, 0.0, 0.0, 0.0, 0.0, 0.0, 0.0, 0.0, 0.0, 0.0, 0.0, 0.0, 0.0, 0.0, 0.0, 0.0, 0.0, 0.0, 0.0, 0.0, 0.0, 0.0, 0.0], [0.0, 0.0, 0.0, 0.9773494560874054, 0.0, 0.0, 0.0, 0.0, 0.0, 0.0, 0.0, 0.0, 0.0, 0.0, 0.0, 0.0, 0.0, 0.0, 0.0, 0.0, 0.0, 0.0, 0.0, 0.0, 0.0, 0.0, 0.0, 0.0, 0.0, 0.0, 0.0, 0.0, 0.0, 0.0, 0.0, 0.0, 0.0, 0.0, 0.0], [0.0, 0.0, 0.0, 0.9773601182770402, 0.0, 0.0, 0.0, 0.0, 0.0, 0.0, 0.0, 0.0, 0.0, 0.0, 0.0, 0.0, 0.0, 0.0, 0.0, 0.0, 0.0, 0.0, 0.0, 0.0, 0.0, 0.0, 0.0, 0.0, 0.0, 0.0, 0.0, 0.0, 0.0, 0.0, 0.0, 0.0, 0.0, 0.0, 0.0], [0.0, 0.0, 0.0, 0.0, 0.9773186153294704, 0.0, 0.0, 0.0, 0.0, 0.0, 0.0, 0.0, 0.0, 0.0, 0.0, 0.0, 0.0, 0.0, 0.0, 0.0, 0.0, 0.0, 0.0, 0.0, 0.0, 0.0, 0.0, 0.0, 0.0, 0.0, 0.0, 0.0, 0.0, 0.0, 0.0, 0.0, 0.0, 0.0, 0.0], [0.0, 0.0, 0.0, 0.0, 0.9773633307031675, 0.0, 0.0, 0.0, 0.0, 0.0, 0.0, 0.0, 0.0, 0.0, 0.0, 0.0, 0.0, 0.0, 0.0, 0.0, 0.0, 0.0, 0.0, 0.0, 0.0, 0.0, 0.0, 0.0, 0.0, 0.0, 0.0, 0.0, 0.0, 0.0, 0.0, 0.0, 0.0, 0.0, 0.0], [0.0, 0.0, 0.0, 0.0, 0.0, 0.9774159308215861, 0.0, 0.0, 0.0, 0.0, 0.0, 0.0, 0.0, 0.0, 0.0, 0.0, 0.0, 0.0, 0.0, 0.0, 0.0, 0.0, 0.0, 0.0, 0.0, 0.0, 0.0, 0.0, 0.0, 0.0, 0.0, 0.0, 0.0, 0.0, 0.0, 0.0, 0.0, 0.0, 0.0], [0.0, 0.0, 0.0, 0.0, 0.0, 0.9772446086139854, 0.0, 0.0, 0.0, 0.0, 0.0, 0.0, 0.0, 0.0, 0.0, 0.0, 0.0, 0.0, 0.0, 0.0, 0.0, 0.0, 0.0, 0.0, 0.0, 0.0, 0.0, 0.0, 0.0, 0.0, 0.0, 0.0, 0.0, 0.0, 0.0, 0.0, 0.0, 0.0, 0.0], [0.0, 0.0, 0.0, 0.0, 0.0, 0.0, 0.97543319076394, 0.0, 0.0, 0.0, 0.0, 0.0, 0.0, 0.0, 0.0, 0.0, 0.0, 0.0, 0.0, 0.0, 0.0, 0.0, 0.0, 0.0, 0.0, 0.0, 0.0, 0.0, 0.0, 0.0, 0.0, 0.0, 0.0, 0.0, 0.0, 0.0, 0.0, 0.0, 0.0], [0.0, 0.0, 0.0, 0.0, 0.0, 0.0, 0.9772228732940872, 0.0, 0.0, 0.0, 0.0, 0.0, 0.0, 0.0, 0.0, 0.0, 0.0, 0.0, 0.0, 0.0, 0.0, 0.0, 0.0, 0.0, 0.0, 0.0, 0.0, 0.0, 0.0, 0.0, 0.0, 0.0, 0.0, 0.0, 0.0, 0.0, 0.0, 0.0, 0.0], [0.0, 0.0, 0.0, 0.0, 0.0, 0.0, 0.0, 0.9771735335592601, 0.0, 0.0, 0.0, 0.0, 0.0, 0.0, 0.0, 0.0, 0.0, 0.0, 0.0, 0.0, 0.0, 0.0, 0.0, 0.0, 0.0, 0.0, 0.0, 0.0, 0.0, 0.0, 0.0, 0.0, 0.0, 0.0, 0.0, 0.0, 0.0, 0.0, 0.0], [0.0, 0.0, 0.0, 0.0, 0.0, 0.0, 0.0, 0.9768914948469183, 0.0, 0.0, 0.0, 0.0, 0.0, 0.0, 0.0, 0.0, 0.0, 0.0, 0.0, 0.0, 0.0, 0.0, 0.0, 0.0, 0.0, 0.0, 0.0, 0.0, 0.0, 0.0, 0.0, 0.0, 0.0, 0.0, 0.0, 0.0, 0.0, 0.0, 0.0], [0.0, 0.0, 0.0, 0.0, 0.0, 0.0, 0.0, 0.0, 0.9772195290323986, 0.0, 0.0, 0.0, 0.0, 0.0, 0.0, 0.0, 0.0, 0.0, 0.0, 0.0, 0.0, 0.0, 0.0, 0.0, 0.0, 0.0, 0.0, 0.0, 0.0, 0.0, 0.0, 0.0, 0.0, 0.0, 0.0, 0.0, 0.0, 0.0, 0.0], [0.0, 0.0, 0.0, 0.0, 0.0, 0.0, 0.0, 0.0, 0.9769066841910086, 0.0, 0.0, 0.0, 0.0, 0.0, 0.0, 0.0, 0.0, 0.0, 0.0, 0.0, 0.0, 0.0, 0.0, 0.0, 0.0, 0.0, 0.0, 0.0, 0.0, 0.0, 0.0, 0.0, 0.0, 0.0, 0.0, 0.0, 0.0, 0.0, 0.0], [0.0, 0.0, 0.0, 0.0, 0.0, 0.0, 0.0, 0.0, 0.0, 0.97538359397358, 0.0, 0.0, 0.0, 0.0, 0.0, 0.0, 0.0, 0.0, 0.0, 0.0, 0.0, 0.0, 0.0, 0.0, 0.0, 0.0, 0.0, 0.0, 0.0, 0.0, 0.0, 0.0, 0.0, 0.0, 0.0, 0.0, 0.0, 0.0, 0.0], [0.0, 0.0, 0.0, 0.0, 0.0, 0.0, 0.0, 0.0, 0.0, 0.9759452927887844, 0.0, 0.0, 0.0, 0.0, 0.0, 0.0, 0.0, 0.0, 0.0, 0.0, 0.0, 0.0, 0.0, 0.0, 0.0, 0.0, 0.0, 0.0, 0.0, 0.0, 0.0, 0.0, 0.0, 0.0, 0.0, 0.0, 0.0, 0.0, 0.0], [0.0, 0.0, 0.0, 0.0, 0.0, 0.0, 0.0, 0.0, 0.0, 0.0, 0.9755824993579981, 0.0, 0.0, 0.0, 0.0, 0.0, 0.0, 0.0, 0.0, 0.0, 0.0, 0.0, 0.0, 0.0, 0.0, 0.0, 0.0, 0.0, 0.0, 0.0, 0.0, 0.0, 0.0, 0.0, 0.0, 0.0, 0.0, 0.0, 0.0], [0.0, 0.0, 0.0, 0.0, 0.0, 0.0, 0.0, 0.0, 0.0, 0.0, 0.9753002146350085, 0.0, 0.0, 0.0, 0.0, 0.0, 0.0, 0.0, 0.0, 0.0, 0.0, 0.0, 0.0, 0.0, 0.0, 0.0, 0.0, 0.0, 0.0, 0.0, 0.0, 0.0, 0.0, 0.0, 0.0, 0.0, 0.0, 0.0, 0.0], [0.0, 0.0, 0.0, 0.0, 0.0, 0.0, 0.0, 0.0, 0.0, 0.0, 0.0, 0.9734013058492401, 0.0, 0.0, 0.0, 0.0, 0.0, 0.0, 0.0, 0.0, 0.0, 0.0, 0.0, 0.0, 0.0, 0.0, 0.0, 0.0, 0.0, 0.0, 0.0, 0.0, 0.0, 0.0, 0.0, 0.0, 0.0, 0.0, 0.0], [0.0, 0.0, 0.0, 0.0, 0.0, 0.0, 0.0, 0.0, 0.0, 0.0, 0.0, 0.9727754187665392, 0.0, 0.0, 0.0, 0.0, 0.0, 0.0, 0.0, 0.0, 0.0, 0.0, 0.0, 0.0, 0.0, 0.0, 0.0, 0.0, 0.0, 0.0, 0.0, 0.0, 0.0, 0.0, 0.0, 0.0, 0.0, 0.0, 0.0], [0.0, 0.0, 0.0, 0.0, 0.0, 0.0, 0.0, 0.0, 0.0, 0.0, 0.0, 0.0, 0.907468431745726, 0.0, 0.0, 0.0, 0.0, 0.0, 0.0, 0.0, 0.0, 0.0, 0.0, 0.0, 0.0, 0.0, 0.0, 0.0, 0.0, 0.0, 0.0, 0.0, 0.0, 0.0, 0.0, 0.0, 0.0, 0.0, 0.0]], "Born radii": [], "Atomic SASAs": [], "Solvent H bonds": [], "Total SASA": NaN, "Total FOD": 0.0, "FOD": [0.0, 0.0, 0.0, 0.0, 0.0, 0.0, 0.0, 0.0, 0.0, 0.0, 0.0, 0.0, 0.0, 0.0, 0.0, 0.0, 0.0, 0.0, 0.0, 0.0, 0.0, 0.0, 0.0, 0.0, 0.0, 0.0, 0.0, 0.0, 0.0, 0.0, 0.0, 0.0, 0.0, 0.0, 0.0, 0.0, 0.0, 0.0, 0.0], "FOD s proportion": [0.0, 0.0, 0.0, 0.0, 0.0, 0.0, 0.0, 0.0, 0.0, 0.0, 0.0, 0.0, 0.0, 0.0, 0.0, 0.0, 0.0, 0.0, 0.0, 0.0, 0.0, 0.0, 0.0, 0.0, 0.0, 0.0, 0.0, 0.0, 0.0, 0.0, 0.0, 0.0, 0.0, 0.0, 0.0, 0.0, 0.0, 0.0, 0.0], "FOD p proportion": [0.0, 0.0, 0.0, 0.0, 0.0, 0.0, 0.0, 0.0, 0.0, 0.0, 0.0, 0.0, 0.0, 0.0, 0.0, 0.0, 0.0, 0.0, 0.0, 0.0, 0.0, 0.0, 0.0, 0.0, 0.0, 0.0, 0.0, 0.0, 0.0, 0.0, 0.0, 0.0, 0.0, 0.0, 0.0, 0.0, 0.0, 0.0, 0.0], "FOD d proportion": [0.0, 0.0, 0.0, 0.0, 0.0, 0.0, 0.0, 0.0, 0.0, 0.0, 0.0, 0.0, 0.0, 0.0, 0.0, 0.0, 0.0, 0.0, 0.0, 0.0, 0.0, 0.0, 0.0, 0.0, 0.0, 0.0, 0.0, 0.0, 0.0, 0.0, 0.0, 0.0, 0.0, 0.0, 0.0, 0.0, 0.0, 0.0, 0.0], "coordinates": [["-6.36870", "0.56000", "2.22670"], ["-5.50760", "-0.01820", "1.11510"], ["-4.05400", "0.43830", "1.23770"], ["-3.19120", "-0.14550", "0.11770"], ["-1.73660", "0.31130", "0.24030"], ["-0.87380", "-0.27270", "-0.87970"], ["0.58160", "0.18470", "-0.75730"], ["1.44300", "-0.40430", "-1.87660"], ["2.88510", "0.11100", "-1.87060"], ["3.68270", "-0.32600", "-0.63940"], ["5.14560", "0.11870", "-0.74220"], ["5.95420", "-0.27030", "0.48950"], ["6.01410", "-1.68480", "0.60310"], ["-6.36500", "1.65430", "2.19700"], ["-6.00660", "0.24140", "3.20940"], ["-7.40380", "0.22080", "2.11970"], ["-5.55880", "-1.11260", "1.15290"], ["-5.91510", "0.29250", "0.14600"], ["-3.65250", "0.12870", "2.21030"], ["-4.00880", "1.53370", "1.20340"], ["-3.23640", "-1.24080", "0.15220"], ["-3.59280", "0.16430", "-0.85480"], ["-1.33510", "0.00150", "1.21290"], ["-1.69130", "1.40660", "0.20570"], ["-0.91840", "-1.36800", "-0.84500"], ["-1.27600", "0.03700", "-1.85200"], ["0.97200", "-0.12310", "0.21910"], ["0.62650", "1.27980", "-0.79600"], ["1.44330", "-1.49890", "-1.80700"], ["0.99420", "-0.15000", "-2.84490"], ["2.88470", "1.20540", "-1.94270"], ["3.38500", "-0.26440", "-2.77220"], ["3.24210", "0.10580", "0.26600"], ["3.63060", "-1.41660", "-0.53940"], ["5.19190", "1.20610", "-0.87210"], ["5.59500", "-0.34270", "-1.62990"], ["6.97640", "0.11110", "0.40170"], ["5.50370", "0.13850", "1.39960"], ["6.54050", "-1.88540", "1.39570"]], "bond_dist": [[0.0, 1.520349634130255, 2.520073010847106, 3.8784168806357058, 5.046185396911215, 6.3668702091372955, 7.5730955480569495, 8.876350729325651, 10.130265679141885, 10.489526546512955, 11.899084729087358, 12.472414615462396, 12.688929814606116, 1.0947092170983124, 1.0946787930712825, 1.094503380533839, 2.1462933653161214, 2.1463041955883146, 2.7502783659113486, 2.7503386318779, 4.166261415225885, 4.1662743008592225, 5.164962889508501, 5.165195380622111, 6.546624701325103, 6.545602797298351, 7.640874286362785, 7.654257009664621, 9.029792295507134, 8.968696837891223, 10.169850002826983, 10.991055466150646, 9.819272822872374, 10.561451475057773, 11.986136951078109, 12.602315205548543, 13.476788572208141, 11.908637135289663, 13.165028932744505], [1.520349634130255, 0.0, 1.5285208438225497, 2.5252170223566925, 3.885136585758601, 5.0513463284554145, 6.373806304713064, 7.576950736279073, 8.908900629146112, 9.361336719721175, 10.814757285302338, 11.481628325721053, 11.652865332183325, 2.1686167526789975, 2.1685215355167675, 2.1591471927592156, 1.0962488950963645, 1.0962415564098997, 2.1592680843285765, 2.159303577545316, 2.753230213767094, 2.753229249445095, 4.17369251143397, 4.173872193778818, 5.169594634978646, 5.168478307006812, 6.542097230246582, 6.554715098309003, 7.684149381031058, 7.613959185601142, 9.015433272450082, 9.708246519840749, 8.791677706786118, 9.391463786332778, 10.951126635191468, 11.441505670583744, 12.505035547730362, 11.016089271152445, 12.195158293765605], [2.520073010847106, 1.5285208438225497, 0.0, 1.5295902327094015, 2.5261192608426075, 3.886203262826071, 5.05303130012075, 6.373840933848286, 7.610503464948952, 7.9977612986385145, 9.41566717391816, 10.061112485207587, 10.309069229566752, 2.7820196782194047, 2.781908923742831, 3.470791017909318, 2.162615289412335, 2.162581730247437, 1.096815923480326, 1.0968685837419176, 2.1601288896730213, 2.16017075482472, 2.753874813785115, 2.754084272494217, 4.17520614341376, 4.174275000524044, 5.158816910881796, 5.17215024820432, 6.5759599466541765, 6.519052299989624, 7.671306554948773, 8.480082918226683, 7.368027710995665, 8.102580797499028, 9.514590884005472, 10.096350417849017, 11.066873090444293, 9.56377127183623, 10.847487079503713], [3.8784168806357058, 2.5252170223566925, 1.5295902327094015, 0.0, 1.529561427337915, 2.526129323688714, 3.8869881502263417, 5.051734313084962, 6.39848035317762, 6.91782349225535, 8.385193133732818, 9.15380529834451, 9.345726603105827, 4.199496990116793, 4.199378246836072, 4.678480356910778, 2.759067090521722, 2.759035356786861, 2.1603143498111566, 2.1603071286277795, 1.0967749905974333, 1.0968203362447289, 2.16013408148661, 2.160198699194127, 2.754435945888014, 2.75336437472413, 4.164494922556636, 4.17626161417122, 5.197571731106748, 5.1278252866103, 6.556427364045147, 7.184153788721397, 6.4399140887126745, 6.970253285211378, 8.54885326871388, 8.960485703353362, 10.174801684553858, 8.793475400545566, 9.968275723514072], [5.046185396911215, 3.885136585758601, 2.5261192608426075, 1.529561427337915, 0.0, 1.5296665780489551, 2.526912060203125, 3.8862842317566018, 5.0848923085941555, 5.527100132076494, 6.9546443367004755, 7.716784553167206, 8.011828102249824, 5.201385435631549, 5.201282612971535, 5.971389323264729, 4.1796582168880745, 4.179606223078916, 2.754072542617569, 2.7540363487071113, 2.1601333431063927, 2.1601693104939717, 1.0968723945838004, 1.0967822664503653, 2.1604110303365887, 2.1598870664921352, 2.7432948729584283, 2.7561116722658388, 4.192854080456414, 4.145904650374874, 5.188575671607768, 5.969704624183679, 4.983005561907392, 5.692135481521851, 7.074052095510749, 7.594585084124082, 8.716794078100044, 7.334560683503819, 8.641228180067923], [6.3668702091372955, 5.0513463284554145, 3.886203262826071, 2.526129323688714, 1.5296665780489551, 0.0, 1.5304854393296266, 2.525606938935669, 3.906205026621107, 4.563143349709716, 6.033678527233615, 6.963928374129074, 7.185811621521956, 6.582756970297476, 6.582603851060764, 7.2028357339314635, 5.175530868423063, 5.1755402829076695, 4.174972532843779, 4.174998391616456, 2.7538906986298497, 2.7540061746481252, 2.1603143498111566, 2.160196264231563, 1.0967567369293887, 1.0968346365792794, 2.153304260897656, 2.160592981104956, 2.7807200758077033, 2.714127913345279, 4.176250813828116, 4.660365069391024, 4.289116872970472, 4.659820882823716, 6.243366374801338, 6.512532032934655, 7.96334907184157, 6.785042386013518, 7.921495498957252], [7.5730955480569495, 6.373806304713064, 5.05303130012075, 3.8869881502263417, 2.526912060203125, 1.5304854393296266, 0.0, 1.5302821471872434, 2.559488392237793, 3.1450812565019683, 4.564502164530104, 5.534109323097982, 5.9040473118023025, 7.6904397930157415, 7.690403306719356, 8.48793528309447, 6.560210628478326, 6.560082516249319, 5.1708208797056585, 5.1706786450136315, 4.17568730869542, 4.175588314237888, 2.754812002660073, 2.754357097400408, 2.160687062024485, 2.1612175133475113, 1.0956778541158891, 1.0967031093235762, 2.1630778857914477, 2.1541440550715265, 2.784110497088792, 3.48146009312185, 2.8516010152193454, 3.450803254316305, 4.723484210834202, 5.11602981617582, 6.49939727974833, 5.374143695510941, 6.66552415193284], [8.876350729325651, 7.576950736279073, 6.373840933848286, 5.051734313084962, 3.8862842317566018, 2.525606938935669, 1.5302821471872434, 0.0, 1.5314119302134224, 2.5598927360340706, 3.907638560563144, 5.095813050927203, 5.355702339562945, 9.044164688903004, 9.043277317985996, 9.727642774074303, 7.661903313146152, 7.662772123063559, 6.553698258235574, 6.554720988722556, 5.168418138076679, 5.16978363570469, 4.174628546349963, 4.176023059083846, 2.751204501668315, 2.754689065938296, 2.166303979131276, 2.1611481716902246, 1.096810562494727, 1.097130265738759, 2.1619440765200197, 2.143136806179204, 2.84388775798202, 2.7565284126959404, 4.201982820050553, 4.15977877416576, 6.006230399343669, 5.245703267437076, 6.235872893990063], [10.130265679141885, 8.908900629146112, 7.610503464948952, 6.39848035317762, 5.0848923085941555, 3.906205026621107, 2.559488392237793, 1.5314119302134224, 0.0, 1.530682266180673, 2.526500761923495, 3.890351720603164, 4.374326271553141, 10.222108131887472, 10.241373591955329, 11.03612311185409, 9.051971963058657, 9.03012391110997, 7.706767925661184, 7.681107244401682, 6.587248691980591, 6.557276792998752, 5.22781508280467, 5.1897050022135165, 4.207838947726018, 4.161799511028853, 2.842815595496831, 2.760820993834986, 2.1620846907556603, 2.1431015608225383, 1.0967725060376012, 1.0971361492540477, 2.1662261193144174, 2.159033452728327, 2.7418191953518747, 2.758140349945956, 4.679966131287705, 4.189514321493602, 5.293040507118758], [10.489526546512955, 9.361336719721175, 7.9977612986385145, 6.91782349225535, 5.527100132076494, 4.563143349709716, 3.1450812565019683, 2.5598927360340706, 1.530682266180673, 0.0, 1.5324497838428508, 2.537169673080616, 2.9707860323490145, 10.626524753653003, 10.441156003527578, 11.437749136084424, 9.44650205631693, 9.649723325049273, 7.882429905809503, 8.124873425475624, 7.024061105229652, 7.295182759876548, 5.358786092017483, 5.709288289270389, 4.722092393208756, 5.117701969634418, 2.85062890429463, 3.455933396348952, 2.7845819309188946, 3.4818441234495263, 2.163465010116873, 2.154357372860873, 1.095595162457374, 1.0964135944067823, 2.16313761466995, 2.153662097451687, 3.4818680776272957, 2.772962720629327, 3.8393204099163167], [11.899084729087358, 10.814757285302338, 9.41566717391816, 8.385193133732818, 6.9546443367004755, 6.033678527233615, 4.564502164530104, 3.907638560563144, 2.526500761923495, 1.5324497838428508, 0.0, 1.5238897105761953, 2.4117911580400158, 11.978767731281879, 11.832234053212437, 12.871998150248471, 10.940369420636582, 11.097665978483946, 9.280297401484502, 9.465232364818096, 8.53850780933062, 8.739244399832288, 6.7702012038048025, 7.021424529965412, 6.244432778883923, 6.517305999414175, 4.289697179289, 4.6661882152352145, 4.178211829239872, 4.661294770769169, 2.780968527330002, 2.714291430557891, 2.154053365169953, 2.1664484600377643, 1.096109693415764, 1.0967504775471948, 2.15879448072298, 2.1716203374439096, 3.2454243528389317], [12.472414615462396, 11.481628325721053, 10.061112485207587, 9.15380529834451, 7.716784553167206, 6.963928374129074, 5.534109323097982, 5.095813050927203, 3.890351720603164, 2.537169673080616, 1.5238897105761953, 0.0, 1.420317999604314, 12.585004173618698, 12.276824896527604, 13.466064579156006, 11.562817037815654, 11.887599361519548, 9.7677550404379, 10.150144738376888, 9.247852177668067, 9.650970347586817, 7.330148517594988, 7.832381904631567, 7.086498874620669, 7.606105940624282, 4.991703200311494, 5.695586673030268, 5.208799191752356, 5.9778169468460645, 4.185106639023671, 4.152048932755972, 2.7471603284118675, 2.7877869107950133, 2.1482115375353517, 2.1508423373181027, 1.094562762019611, 1.0946916004062512, 1.9425483623323254], [12.688929814606116, 11.652865332183325, 10.309069229566752, 9.345726603105827, 8.011828102249824, 7.185811621521956, 5.9040473118023025, 5.355702339562945, 4.374326271553141, 2.9707860323490145, 2.4117911580400158, 1.420317999604314, 0.0, 12.920225339753173, 12.449910626988453, 13.637134131847498, 11.600073589852782, 12.100597850519618, 9.96569263272754, 10.544080175624615, 9.272119340258731, 9.891267402613277, 7.564800352289542, 8.311911325321029, 7.089210964557339, 7.882745033298996, 5.292365756445788, 6.306549589910476, 5.170624088057456, 6.280422840064194, 4.9626100028110205, 4.508032060666828, 3.317207978104478, 2.6567479632061453, 3.3480637225118643, 2.6387811997208104, 2.0473983637777966, 2.054104013919451, 0.9723950226116954], [1.0947092170983124, 2.1686167526789975, 2.7820196782194047, 4.199496990116793, 5.201385435631549, 6.582756970297476, 7.6904397930157415, 9.044164688903004, 10.222108131887472, 10.626524753653003, 11.978767731281879, 12.585004173618698, 12.920225339753173, 0.0, 1.7747368058391082, 1.7720053555223811, 3.0652632611245645, 2.5027005913612603, 3.1121196153104402, 2.5599733904867064, 4.727679029925784, 4.383911048367656, 5.3851735960876885, 5.086266083287425, 6.932064111792388, 6.701341752962612, 7.804025126176875, 7.614418658046063, 9.324389263109943, 9.101322911533247, 10.143745727787149, 11.110214144200823, 9.920835834746992, 10.808808034653959, 11.965876301383028, 12.715139504150162, 13.549816319419241, 11.99164442810076, 13.40609891168941], [1.0946787930712825, 2.1685215355167675, 2.781908923742831, 4.199378246836072, 5.201282612971535, 6.582603851060764, 7.690403306719356, 9.043277317985996, 10.241373591955329, 10.441156003527578, 11.832234053212437, 12.276824896527604, 12.449910626988453, 1.7747368058391082, 0.0, 1.7720153187825445, 2.5026052605235205, 3.065192166895903, 2.5598220465493298, 3.112118270567492, 4.383765130569839, 4.727588866430751, 5.085909604977265, 5.385324393200468, 6.7020972060989985, 6.930954168078158, 7.601027055602421, 7.81789737269555, 9.148438285303126, 9.263851417741975, 10.321271535038694, 11.146188710047934, 9.70672151707259, 10.472730746085283, 11.958080556259855, 12.584002537348757, 13.283766272409343, 11.652165916257802, 12.854668581492096], [1.094503380533839, 2.1591471927592156, 3.470791017909318, 4.678480356910778, 5.971389323264729, 7.2028357339314635, 8.48793528309447, 9.727642774074303, 11.03612311185409, 11.437749136084424, 12.871998150248471, 13.466064579156006, 13.637134131847498, 1.7720053555223811, 1.7720153187825445, 0.0, 2.4731928351828945, 2.4732287136453843, 3.7535240055180146, 3.7535765744153937, 4.834723732541499, 4.834724759487349, 6.139991728007457, 6.1402095965854455, 7.305761061655383, 7.304664001170759, 8.595613602879087, 8.608629715581918, 9.8309470240664, 9.762742944480307, 11.105213332935122, 11.855982038194895, 10.806693088082035, 11.467775500505754, 12.983579699759233, 13.540525612028508, 14.482876445306022, 12.927833289070525, 14.12103951308118], [2.1462933653161214, 1.0962488950963645, 2.162615289412335, 2.759067090521722, 4.1796582168880745, 5.175530868423063, 6.560210628478326, 7.661903313146152, 9.051971963058657, 9.44650205631693, 10.940369420636582, 11.562817037815654, 11.600073589852782, 3.0652632611245645, 2.5026052605235205, 2.4731928351828945, 0.0, 1.7649655265755193, 2.5085653549389537, 3.0672388136563478, 2.5320698035401783, 3.086501077271803, 4.368576484393972, 4.711805676171291, 5.058670351979856, 5.356620204009241, 6.671015014973358, 6.912287975771843, 7.611809253390417, 7.736330693552338, 9.287010046834235, 9.80394878046596, 8.928993839173595, 9.348869859507083, 11.182778956055602, 11.521457212089103, 12.617170133195478, 11.135754053947133, 12.126385783488828], [2.1463041955883146, 1.0962415564098997, 2.162581730247437, 2.759035356786861, 4.179606223078916, 5.1755402829076695, 6.560082516249319, 7.662772123063559, 9.03012391110997, 9.649723325049273, 11.097665978483946, 11.887599361519548, 12.100597850519618, 2.5027005913612603, 3.065192166895903, 2.4732287136453843, 1.7649655265755193, 0.0, 3.067168676483248, 2.508515873978078, 3.086499800745174, 2.532017608548566, 4.711619319299895, 4.368669058191522, 5.357830917451576, 5.057522423084252, 6.900015462301516, 6.682413923875114, 7.821085188130864, 7.541864195939887, 9.090243898818116, 9.76308808011072, 9.159889122145529, 9.721686297140018, 11.190917816247243, 11.663605868684005, 12.895311578244241, 11.488438640650871, 12.706178412882451], [2.7502783659113486, 2.1592680843285765, 1.096815923480326, 2.1603143498111566, 2.754072542617569, 4.174972532843779, 5.1708208797056585, 6.553698258235574, 7.706767925661184, 7.882429905809503, 9.280297401484502, 9.7677550404379, 9.96569263272754, 3.1121196153104402, 2.5598220465493298, 3.7535240055180146, 2.5085653549389537, 3.067168676483248, 0.0, 1.764885916992937, 2.5068795483628645, 3.0658880377469755, 2.5261293236887146, 3.081842794498123, 4.36466170395828, 4.707275478448229, 5.041257871801442, 5.354690644659129, 6.689914699755147, 6.872011468267497, 7.819314274922067, 8.631699723113634, 7.163542144777261, 7.936771874635178, 9.427904957094126, 10.02425110669121, 10.78169091237548, 9.192025292067031, 10.421968190797744], [2.7503386318779, 2.159303577545316, 1.0968685837419176, 2.1603071286277795, 2.7540363487071113, 4.174998391616456, 5.1706786450136315, 6.554720988722556, 7.681107244401682, 8.124873425475624, 9.465232364818096, 10.150144738376888, 10.544080175624615, 2.5599733904867064, 3.112118270567492, 3.7535765744153937, 3.0672388136563478, 2.508515873978078, 1.764885916992937, 0.0, 3.0658560713118934, 2.5068904244102894, 3.08162275108424, 2.52633448893847, 4.708118266356528, 4.363917493491369, 5.340618070036464, 5.054510031645006, 6.927089239355878, 6.652337001385303, 7.58459414537126, 8.585268627713404, 7.449373663604209, 8.37269695438692, 9.437579271190257, 10.187317619962577, 11.105905307087756, 9.616274420481144, 11.091210690902953], [4.166261415225885, 2.753230213767094, 2.1601288896730213, 1.0967749905974333, 2.1601333431063927, 2.7538906986298497, 4.17568730869542, 5.168418138076679, 6.587248691980591, 7.024061105229652, 8.53850780933062, 9.247852177668067, 9.272119340258731, 4.727679029925784, 4.383765130569839, 4.834723732541499, 2.5320698035401783, 3.086499800745174, 2.5068795483628645, 3.0658560713118934, 0.0, 1.765042767187243, 2.5066582276010427, 3.065766302248102, 2.5266008153248114, 3.0810320738350003, 4.354808774217302, 4.7089812072251895, 5.0798299518783105, 5.298153396231559, 6.916673019595477, 7.303999608433724, 6.617948643650841, 6.903977491272694, 8.83587862014865, 9.054064831886285, 10.30490988315764, 8.935760922271813, 9.876718838764218], [4.1662743008592225, 2.753229249445095, 2.16017075482472, 1.0968203362447289, 2.1601693104939717, 2.7540061746481252, 4.175588314237888, 5.16978363570469, 6.557276792998752, 7.295182759876548, 8.739244399832288, 9.650970347586817, 9.891267402613277, 4.383911048367656, 4.727588866430751, 4.834724759487349, 3.086501077271803, 2.532017608548566, 3.0658880377469755, 2.5068904244102894, 1.765042767187243, 0.0, 3.0657945821597377, 2.506725312035605, 3.0822807610599003, 2.5255049732677226, 4.69821870606297, 4.364663810650254, 5.388434122265949, 5.009975199539414, 6.650219685844973, 7.249130933429194, 6.926432913123465, 7.4010965086262726, 8.84627608771058, 9.234365048556397, 10.643759257424042, 9.371728615895789, 10.58063274242141], [5.164962889508501, 4.17369251143397, 2.753874813785115, 2.16013408148661, 1.0968723945838004, 2.1603143498111566, 2.754812002660073, 4.174628546349963, 5.22781508280467, 5.358786092017483, 6.7702012038048025, 7.330148517594988, 7.564800352289542, 5.3851735960876885, 5.085909604977265, 6.139991728007457, 4.368576484393972, 4.711619319299895, 2.5261293236887146, 3.08162275108424, 2.5066582276010427, 3.0657945821597377, 0.0, 1.7651165089024579, 2.506815021097488, 3.065675304072498, 2.5151290245233944, 3.085061532611627, 4.369267985601249, 4.6812745678928085, 5.404988308035458, 6.183127754623868, 4.675281589380473, 5.453415387626364, 6.9570119419187435, 7.498417932470821, 8.351711791602964, 6.84271958580797, 8.100548303047146], [5.165195380622111, 4.173872193778818, 2.754084272494217, 2.160198699194127, 1.0967822664503653, 2.160196264231563, 2.754357097400408, 4.176023059083846, 5.1897050022135165, 5.709288289270389, 7.021424529965412, 7.832381904631567, 8.311911325321029, 5.086266083287425, 5.385324393200468, 6.1402095965854455, 4.711805676171291, 4.368669058191522, 3.081842794498123, 2.52633448893847, 3.065766302248102, 2.506725312035605, 1.7651165089024579, 0.0, 3.06590118236058, 2.5064731277234955, 3.0713724196196073, 2.528176807503779, 4.724257476048485, 4.352134438410652, 5.0592370966381885, 6.117920488205122, 5.102367322135874, 6.070276094215155, 6.969956623250966, 7.714897636391555, 8.766171315916658, 7.402803510832906, 8.94516043679486], [6.546624701325103, 5.169594634978646, 4.17520614341376, 2.754435945888014, 2.1604110303365887, 1.0967567369293887, 2.160687062024485, 2.751204501668315, 4.207838947726018