{"total energy": -20.88414255, "HOMO-LUMO gap/eV": 11.70702654, "electronic energy": -21.13720008, "dipole": [-0.3536817, 0.14338456, 0.60124931], "partial charges": [-0.10583666, -0.01225528, -0.10583494, -0.06588143, 0.0876138, -0.44993117, 0.03221386, 0.03535089, 0.03502982, 0.03320793, 0.03535224, 0.03502843, 0.03220267, 0.0461986, 0.04619591, 0.01948516, 0.01949482, 0.28236536], "atomic dipole moments": [[0.02211619, -0.09604901, -0.03204797], [0.03951264, 0.00420024, 0.08730731], [0.05268754, 0.07111523, -0.05391709], [-0.05008121, 0.02478075, 0.11945909], [0.16654551, -0.04371996, -0.10141717], [-0.17214636, 0.05254769, 0.16094213], [0.02729574, 0.01809514, 0.12291639], [0.06184255, 0.08791856, -0.06610072], [-0.12165566, 0.02640895, -0.0121605], [-0.04195244, -0.00708008, -0.11282817], [0.02427482, -0.11745263, -0.03925499], [-0.12366617, 0.01547718, -0.0107069], [0.02485313, 0.00473351, 0.12467362], [0.02307324, -0.10842337, -0.05763749], [0.05675482, 0.07560336, -0.08169477], [-0.03187313, -0.08535944, 0.07597463], [0.00334876, 0.10714304, 0.05081011], [0.02348438, 0.005521, 0.07507014]], "atomic quadrupole moments": [[-0.08997047, -0.05249977, 0.17161984, -0.02327636, 0.10271578, -0.08164937], [0.06981288, -0.00841986, 0.10350062, -0.1120514, -0.01575665, -0.1733135], [-0.02923398, 0.10229498, 0.04898123, -0.08825959, -0.12599143, -0.01974725], [0.14949654, -0.05011172, -0.20699434, 0.13076398, 0.01205152, 0.0574978], [0.41541915, -0.14500001, -0.33443468, -0.01511538, 0.04005573, -0.08098447], [0.16014128, -0.05848626, -0.11518618, -0.04357987, 0.01887962, -0.0449551], [-0.03618284, -0.00709173, -0.03304805, 0.03850812, -0.0006217, 0.06923089], [-0.00909674, 0.03987707, 0.011877, -0.04671683, -0.03723264, -0.00278026], [0.07848791, -0.01370178, -0.03327448, 0.01850313, 0.01012352, -0.04521342], [-0.00586423, -0.00129177, -0.02048792, 0.01170743, 0.00407947, 0.02635215], [-0.03534638, -0.02760869, 0.05836707, -0.02316905, 0.03716768, -0.02302069], [0.07485495, -0.02393125, -0.03683707, 0.01477785, -0.01714149, -0.03801788], [-0.0276404, 0.01576311, -0.03794984, 0.03799728, 0.01354035, 0.06559025], [-0.02779881, -0.00950413, 0.05449231, 0.01137107, 0.02519862, -0.02669349], [-0.0114479, 0.03205203, 0.02019276, -0.00702639, -0.04120069, -0.00874487], [0.01524934, 0.02164731, 0.00072555, -0.01584173, -0.03333348, -0.01597489], [-0.00100066, -0.01979044, 0.03283568, 0.00106074, 0.02522846, -0.03183503], [-0.00183412, -0.00653783, -0.09058375, 0.07770906, 0.01004305, 0.09241787]], "number of molecular orbitals": 36, "number of electrons": 38, "number of unpaired electrons": 0, "orbital energies/eV": [-18.5436943, -17.14589936, -16.71679322, -15.9900073, -15.86052185, -15.35994936, -14.81150655, -14.34708024, -14.04747907, -13.40312447, -13.31116526, -13.29664406, -12.57305038, -12.42111761, -12.17572162, -11.75421375, -11.74812258, -11.45026988, -10.98609854, 0.720928, 2.23161661, 2.72673467, 3.03868266, 3.3659248, 3.37944882, 4.06889138, 4.08215649, 4.80806649, 5.45853362, 5.74773501, 5.98607739, 6.43007809, 6.96211641, 7.25088348, 7.75658913, 7.80535018], "fractional occupation": [2.0, 2.0, 2.0, 2.0, 2.0, 2.0, 2.0, 2.0, 2.0, 2.0, 2.0, 2.0, 2.0, 2.0, 2.0, 2.0, 2.0, 2.0, 2.0, 0.0, 0.0, 0.0, 0.0, 0.0, 0.0, 0.0, 0.0, 0.0, 0.0, 0.0, 0.0, 0.0, 0.0, 0.0, 0.0, 0.0], "program call": "xtb /home/svss/Project-DBcg-Debug/aqme2_20220329/End-to-End-workflows-final/example-3/QDESCP/mol_525_rdkit_conf_5/mol_525_rdkit_conf_5.xyz --pop --wbo --acc 0.2 --gfn 2 --chrg 0 --uhf 0 --etemp 300 --input /home/svss/Project-DBcg-Debug/aqme2_20220329/End-to-End-workflows-final/example-3/QDESCP/mol_525_rdkit_conf_5/mol_525_rdkit_conf_5_xtb.inp", "method": "GFN2-xTB", "xtb version": "6.3.3 (7355c4f)", "Dipole module/D": 1.81, "Total charge": 0, "Transition dipole module/D": NaN, "HOMO": -10.9861, "LUMO": 0.7209, "HOMO occupancy": 2.0, "LUMO occupancy": 0, "mulliken charges": [-0.09336, -0.00474, -0.09336, -0.06226, 0.19852, -0.56992, 0.02496, 0.03112, 0.03047, 0.02401, 0.03112, 0.03046, 0.02495, 0.03852, 0.03852, 0.00825, 0.00825, 0.3345], "cm5 charges": [-0.24177, -0.07885, -0.24176, -0.16724, 0.111, -0.78424, 0.07728, 0.08268, 0.0818, 0.08188, 0.08268, 0.0818, 0.07727, 0.09589, 0.09589, 0.07155, 0.07156, 0.50257], "FUKUI+": [0.03, -0.043, 0.03, -0.029, -0.019, -0.146, -0.031, -0.041, -0.071, -0.065, -0.041, -0.071, -0.031, -0.071, -0.071, -0.089, -0.089, -0.151], "FUKUI-": [0.023, -0.006, 0.023, 0.014, 0.019, -0.13, -0.071, -0.049, -0.066, -0.116, -0.049, -0.066, -0.071, -0.084, -0.084, -0.111, -0.111, -0.065], "FUKUIrad": [0.026, -0.024, 0.026, -0.008, -0.0, -0.138, -0.051, -0.045, -0.069, -0.09, -0.045, -0.069, -0.051, -0.078, -0.078, -0.1, -0.1, -0.108], "s proportion": [1.012, 1.053, 1.012, 1.037, 0.99, 1.696, 0.975, 0.969, 0.97, 0.976, 0.969, 0.97, 0.975, 0.961, 0.961, 0.992, 0.992, 0.666], "p proportion": [3.081, 2.952, 3.081, 3.025, 2.811, 4.874, 0.0, 0.0, 0.0, 0.0, 0.0, 0.0, 0.0, 0.0, 0.0, 0.0, 0.0, 0.0], "d proportion": [0.0, 0.0, 0.0, 0.0, 0.0, 0.0, 0.0, 0.0, 0.0, 0.0, 0.0, 0.0, 0.0, 0.0, 0.0, 0.0, 0.0, 0.0], "Fermi-level/eV": -5.1326, "Coordination numbers": [3.752, 3.848, 3.752, 3.8, 3.673, 1.653, 0.924, 0.924, 0.924, 0.923, 0.924, 0.924, 0.924, 0.923, 0.923, 0.924, 0.924, 0.804], "Dispersion coefficient C6": [22.584, 20.761, 22.584, 21.764, 19.35, 21.844, 2.555, 2.512, 2.516, 2.542, 2.512, 2.516, 2.555, 2.368, 2.368, 2.741, 2.741, 0.777], "Total dispersion C6": 2125.559893, "Total dispersion C8": 43661.170405, "Polarizability alpha": [6.777, 6.481, 6.777, 6.642, 6.304, 6.309, 2.5, 2.478, 2.481, 2.493, 2.478, 2.481, 2.5, 2.407, 2.407, 2.589, 2.589, 1.384], "Total polarizability alpha": 68.077865, "Wiberg matrix": [[0.0, 1.0094098797451898, 0.0, 0.0, 0.0, 0.0, 0.9856022776218178, 0.9864970743452695, 0.9865338210011613, 0.0, 0.0, 0.0, 0.0, 0.0, 0.0, 0.0, 0.0, 0.0], [1.0094098797451898, 0.0, 1.0093974504782899, 0.9943827172519794, 0.0, 0.0, 0.0, 0.0, 0.0, 0.968824198743583, 0.0, 0.0, 0.0, 0.0, 0.0, 0.0, 0.0, 0.0], [0.0, 1.0093974504782899, 0.0, 0.0, 0.0, 0.0, 0.0, 0.0, 0.0, 0.0, 0.9865001652052968, 0.9865354841586759, 0.9856030571991667, 0.0, 0.0, 0.0, 0.0, 0.0], [0.0, 0.9943827172519794, 0.0, 0.0, 1.0072687713536692, 0.0, 0.0, 0.0, 0.0, 0.0, 0.0, 0.0, 0.0, 0.9745627114868645, 0.9745607504534102, 0.0, 0.0, 0.0], [0.0, 0.0, 0.0, 1.0072687713536692, 0.0, 0.9857818279393938, 0.0, 0.0, 0.0, 0.0, 0.0, 0.0, 0.0, 0.0, 0.0, 0.9727238166240344, 0.9727291301376519, 0.0], [0.0, 0.0, 0.0, 0.0, 0.9857818279393938, 0.0, 0.0, 0.0, 0.0, 0.0, 0.0, 0.0, 0.0, 0.0, 0.0, 0.0, 0.0, 0.907630462662135], [0.9856022776218178, 0.0, 0.0, 0.0, 0.0, 0.0, 0.0, 0.0, 0.0, 0.0, 0.0, 0.0, 0.0, 0.0, 0.0, 0.0, 0.0, 0.0], [0.9864970743452695, 0.0, 0.0, 0.0, 0.0, 0.0, 0.0, 0.0, 0.0, 0.0, 0.0, 0.0, 0.0, 0.0, 0.0, 0.0, 0.0, 0.0], [0.9865338210011613, 0.0, 0.0, 0.0, 0.0, 0.0, 0.0, 0.0, 0.0, 0.0, 0.0, 0.0, 0.0, 0.0, 0.0, 0.0, 0.0, 0.0], [0.0, 0.968824198743583, 0.0, 0.0, 0.0, 0.0, 0.0, 0.0, 0.0, 0.0, 0.0, 0.0, 0.0, 0.0, 0.0, 0.0, 0.0, 0.0], [0.0, 0.0, 0.9865001652052968, 0.0, 0.0, 0.0, 0.0, 0.0, 0.0, 0.0, 0.0, 0.0, 0.0, 0.0, 0.0, 0.0, 0.0, 0.0], [0.0, 0.0, 0.9865354841586759, 0.0, 0.0, 0.0, 0.0, 0.0, 0.0, 0.0, 0.0, 0.0, 0.0, 0.0, 0.0, 0.0, 0.0, 0.0], [0.0, 0.0, 0.9856030571991667, 0.0, 0.0, 0.0, 0.0, 0.0, 0.0, 0.0, 0.0, 0.0, 0.0, 0.0, 0.0, 0.0, 0.0, 0.0], [0.0, 0.0, 0.0, 0.9745627114868645, 0.0, 0.0, 0.0, 0.0, 0.0, 0.0, 0.0, 0.0, 0.0, 0.0, 0.0, 0.0, 0.0, 0.0], [0.0, 0.0, 0.0, 0.9745607504534102, 0.0, 0.0, 0.0, 0.0, 0.0, 0.0, 0.0, 0.0, 0.0, 0.0, 0.0, 0.0, 0.0, 0.0], [0.0, 0.0, 0.0, 0.0, 0.9727238166240344, 0.0, 0.0, 0.0, 0.0, 0.0, 0.0, 0.0, 0.0, 0.0, 0.0, 0.0, 0.0, 0.0], [0.0, 0.0, 0.0, 0.0, 0.9727291301376519, 0.0, 0.0, 0.0, 0.0, 0.0, 0.0, 0.0, 0.0, 0.0, 0.0, 0.0, 0.0, 0.0], [0.0, 0.0, 0.0, 0.0, 0.0, 0.907630462662135, 0.0, 0.0, 0.0, 0.0, 0.0, 0.0, 0.0, 0.0, 0.0, 0.0, 0.0, 0.0]], "Born radii": [], "Atomic SASAs": [], "Solvent H bonds": [], "Total SASA": NaN, "Total FOD": 0.0, "FOD": [0.0, 0.0, 0.0, 0.0, 0.0, 0.0, 0.0, 0.0, 0.0, 0.0, 0.0, 0.0, 0.0, 0.0, 0.0, 0.0, 0.0, 0.0], "FOD s proportion": [0.0, 0.0, 0.0, 0.0, 0.0, 0.0, 0.0, 0.0, 0.0, 0.0, 0.0, 0.0, 0.0, 0.0, 0.0, 0.0, 0.0, 0.0], "FOD p proportion": [0.0, 0.0, 0.0, 0.0, 0.0, 0.0, 0.0, 0.0, 0.0, 0.0, 0.0, 0.0, 0.0, 0.0, 0.0, 0.0, 0.0, 0.0], "FOD d proportion": [0.0, 0.0, 0.0, 0.0, 0.0, 0.0, 0.0, 0.0, 0.0, 0.0, 0.0, 0.0, 0.0, 0.0, 0.0, 0.0, 0.0, 0.0], "coordinates": [["-1.06350", "1.45930", "-0.17080"], ["-0.75060", "0.04950", "-0.67210"], ["-1.51180", "-0.99090", "0.14950"], ["0.76060", "-0.23260", "-0.71490"], ["1.47600", "-0.18760", "0.63070"], ["2.85520", "-0.46760", "0.41950"], ["-0.80590", "1.58230", "0.88590"], ["-0.51240", "2.20930", "-0.74760"], ["-2.13200", "1.67580", "-0.27770"], ["-1.11620", "-0.01870", "-1.70530"], ["-1.28330", "-2.00420", "-0.19680"], ["-2.59250", "-0.84100", "0.05140"], ["-1.26530", "-0.92880", "1.21420"], ["0.93200", "-1.21620", "-1.17220"], ["1.24290", "0.48280", "-1.39430"], ["1.07960", "-0.93880", "1.31940"], ["1.39790", "0.80070", "1.09200"], ["3.28920", "-0.43330", "1.28900"]], "bond_dist": [[0.0, 1.5286412725031335, 2.5113830890567055, 2.546745222828542, 3.1310927980499077, 4.4065414317807114, 1.0945782977932643, 1.0949472361716794, 1.095441513728597, 2.131185477615686, 3.4705648373139493, 2.7710275945937455, 2.7680263456116165, 3.4846983312763244, 2.7874693648540787, 3.5446378178877453, 2.8437488918679157, 4.965777692366021], [1.5286412725031335, 0.0, 1.5286870706590017, 1.5379004161518393, 2.5906083860745914, 3.802732781829404, 2.1862977679172615, 2.174206873781793, 2.1699467758449744, 1.0980969173984598, 2.174250001724733, 2.1700318223473127, 2.1863473351688656, 2.164079310006914, 2.1641081257645145, 2.8796599070029085, 2.8796531909242122, 4.5165244480684485], [2.5113830890567055, 1.5286870706590017, 0.0, 2.546764223480454, 3.1311009517420545, 4.4065215181591935, 2.768020594215296, 3.4705718275235276, 2.7709992367375347, 2.13118634567698, 1.0949487796239605, 1.0954479038274707, 1.094625392543038, 2.787437787646569, 3.4847499508573065, 2.843718407297038, 3.5446425630802323, 4.965780805673968], [2.546745222828542, 1.5379004161518393, 2.546764223480454, 0.0, 1.524618483424624, 2.393624348138195, 2.882766882701409, 2.753992356561652, 3.4928883692439987, 2.1328440191443914, 2.754000976760902, 3.4929422926810574, 2.8827750623314334, 1.098166749633224, 1.098177950060918, 2.1768913454740915, 2.1768665071611535, 3.232601685948951], [3.1310927980499077, 2.5906083860745914, 3.1311009517420545, 1.524618483424624, 0.0, 1.4230945435915352, 2.899093075428935, 3.405668078365829, 4.161143366912513, 3.493554643912129, 3.4056612133328823, 4.161155164134113, 2.8990645698224795, 2.1457871213146937, 2.145785816431827, 1.0934999268404182, 1.093450588732751, 1.9445877763680406], [4.4065414317807114, 3.802732781829404, 4.4065215181591935, 2.393624348138195, 1.4230945435915352, 0.0, 4.2217617388952675, 4.457425914134749, 5.472879976758123, 4.526400800857123, 4.457370020539018, 5.472874972078203, 4.221702710992331, 2.606263434497748, 2.606269727023663, 2.0456306631452317, 2.0456207933045656, 0.9724005039077264], [1.0945782977932643, 2.1862977679172615, 2.768020594215296, 2.882766882701409, 2.899093075428935, 4.2217617388952675, 0.0, 1.774145850825123, 1.7667055272455567, 3.061666952821616, 3.7766562327010913, 3.1242139331358216, 2.573801169476772, 3.884285554641934, 3.2566537626834084, 3.177888876282492, 2.3473623942629733, 4.5820276057658145], [1.0949472361716794, 2.174206873781793, 3.4705718275235276, 2.753992356561652, 3.405668078365829, 4.457425914134749, 1.774145850825123, 0.0, 1.7687657900355265, 2.499149401296369, 4.31870926319427, 3.777505407011352, 3.776663773755879, 3.7417411415008384, 2.545604295643767, 4.088702313693185, 3.002919947317943, 5.057987433752678], [1.095441513728597, 2.1699467758449744, 2.7709992367375347, 3.4928883692439987, 4.161143366912513, 5.472879976758123, 1.7667055272455567, 1.7687657900355265, 0.0, 2.4374621330391983, 3.7774642950000197, 2.5796606947426244, 3.1242400131872072, 4.307190528639289, 3.749665927786101, 4.438607453920655, 3.8861384573892885, 6.024305863748952], [2.131185477615686, 1.0980969173984598, 2.13118634567698, 2.1328440191443914, 3.493554643912129, 4.526400800857123, 3.061666952821616, 2.499149401296369, 2.4374621330391983, 0.0, 2.499140834366883, 2.4375466908348646, 3.061697743083076, 2.4317329417516227, 2.431784542265206, 3.849276781422713, 3.849285967552943, 5.342777817764838], [3.4705648373139493, 2.174250001724733, 1.0949487796239605, 2.754000976760902, 3.4056612133328823, 4.457370020539018, 3.7766562327010913, 4.31870926319427, 3.7774642950000197, 2.499140834366883, 0.0, 1.7687968000875622, 1.7741843647152347, 2.545565408705893, 3.741772533171946, 3.0028712942781945, 4.088679846845434, 5.057972390197479], [2.7710275945937455, 2.1700318223473127, 1.0954479038274707, 3.4929422926810574, 4.161155164134113, 5.472874972078203, 3.1242139331358216, 3.777505407011352, 2.5796606947426244, 2.4375466908348646, 1.7687968000875622, 0.0, 1.7667123478370776, 3.7496762860279014, 4.30729475309039, 3.886091513333158, 4.438616835231444, 6.0243064281293], [2.7680263456116165, 2.1863473351688656, 1.094625392543038, 2.8827750623314334, 2.8990645698224795, 4.221702710992331, 2.573801169476772, 3.776663773755879, 3.1242400131872072, 3.061697743083076, 1.7741843647152347, 1.7667123478370776, 0.0, 3.256628779888798, 3.8843215688199657, 2.347279925786441, 3.1778510553517134, 4.581984890852435], [3.4846983312763244, 2.164079310006914, 2.787437787646569, 1.098166749633224, 2.1457871213146937, 2.606263434497748, 3.884285554641934, 3.7417411415008384, 4.307190528639289, 2.4317329417516227, 2.545565408705893, 3.7496762860279014, 3.256628779888798, 0.0, 1.7414328066279214, 2.511335716307161, 3.0678249721912096, 3.496688389033258], [2.7874693648540787, 2.1641081257645145, 3.4847499508573065, 1.098177950060918, 2.145785816431827, 2.606269727023663, 3.2566537626834084, 2.545604295643767, 3.749665927786101, 2.431784542265206, 3.741772533171946, 4.30729475309039, 3.8843215688199657, 1.7414328066279214, 0.0, 3.0678626338217954, 2.5113289509739656, 3.496667240387624], [3.5446378178877453, 2.8796599070029085, 2.843718407297038, 2.1768913454740915, 1.0934999268404182, 2.0456306631452317, 3.177888876282492, 4.088702313693185, 4.438607453920655, 3.849276781422713, 3.0028712942781945, 3.886091513333158, 2.347279925786441, 2.511335716307161, 3.0678626338217954, 0.0, 1.78294304451937, 2.266889183440602], [2.8437488918679157, 2.8796531909242122, 3.5446425630802323, 2.1768665071611535, 1.093450588732751, 2.0456207933045656, 2.3473623942629733, 3.002919947317943, 3.8861384573892885, 3.849285967552943, 4.088679846845434, 4.438616835231444, 3.1778510553517134, 3.0678249721912096, 2.5113289509739656, 1.78294304451937, 0.0, 2.2668437727377686], [4.965777692366021, 4.5165244480684485, 4.965780805673968, 3.232601685948951, 1.9445877763680406, 0.9724005039077264, 4.5820276057658145, 5.057987433752678, 6.024305863748952, 5.342777817764838, 5.057972390197479, 6.0243064281293, 4.581984890852435, 3.496688389033258, 3.496667240387624, 2.266889183440602, 2.2668437727377686, 0.0]]}