{"total energy": -51.34334938, "HOMO-LUMO gap/eV": 3.24376612, "electronic energy": -52.14260214, "dipole": [-0.59386025, 0.84890038, -0.2619328], "partial charges": [-0.10114348, 0.02001598, -0.03673318, -0.03043307, -0.03244781, -0.03868948, 0.06326553, -0.07645281, 0.16182404, -0.11916152, -0.27495036, 0.08580191, -0.03901244, -0.024961, -0.03073011, -0.01954588, -0.03341679, 0.26766207, -0.4368541, 0.04248676, 0.03610252, 0.07100396, 0.04251801, 0.03844238, 0.03855482, 0.03665725, 0.07554367, 0.05551303, 0.06827916, 0.05139738, 0.03985593, 0.03908268, 0.06052497], "atomic dipole moments": [[-0.01776238, 0.03153656, 0.07141383], [0.04358029, -0.02905426, -0.05064066], [0.02115404, -0.00312054, -0.00330874], [0.00561428, 0.0017013, 0.00196097], [0.00706459, -0.0019191, -0.00366346], [0.01164523, -0.00662795, -0.02158955], [0.18704708, 0.01381573, -0.04875489], [-0.01389371, -0.0083822, 0.01557665], [-0.09420982, -0.0963552, 0.03246678], [0.04850116, -0.07912502, 0.01318043], [-0.07553521, -0.2532558, 0.04638479], [-0.08279647, 0.04455305, 0.00869452], [-0.03656379, -0.01367696, 0.0071316], [-0.00168464, -0.0099772, 0.00156734], [0.00190147, 0.01165436, -0.00152213], [-0.01848478, 0.02553739, 0.00070131], [-0.04932511, -0.02247525, 0.0124538], [-0.11014114, 0.04896766, 0.00742595], [0.07032987, 0.17673724, -0.03738479], [-0.09448853, -0.00397142, -0.08503144], [0.0859345, 0.07243749, -0.06515968], [0.04533941, -0.12739869, 0.01969593], [-0.10051178, -0.08156867, -0.08142452], [-0.14388831, -0.01994581, 0.04209907], [-0.05103664, 0.05905345, 0.13023726], [0.08925251, 0.07645206, 0.09875919], [0.05579393, 0.09717954, -0.07258371], [-0.11585086, -0.02370183, -0.06377521], [-0.01918979, 0.05009781, 0.12358139], [0.04930905, 0.14273412, -0.0235889], [0.14680278, 0.02767181, -0.02593494], [0.09939912, -0.11499947, -0.00281141], [-0.04585823, -0.1477712, 0.02453886]], "atomic quadrupole moments": [[-0.02054162, -0.01627419, -0.07973687, -0.07801636, 0.11823833, 0.10027849], [-0.27738469, -0.20988387, 0.25054421, 0.02140028, -0.23271927, 0.02684048], [-0.2234973, -0.17415741, 0.27017191, 0.08556106, -0.31464079, -0.04667461], [-0.22347394, -0.16461336, 0.2871997, 0.11174489, -0.32872183, -0.06372576], [-0.20343926, -0.1564353, 0.28415971, 0.10412397, -0.32468404, -0.08072045], [-0.20676276, -0.14259814, 0.29352197, 0.08359377, -0.31816473, -0.08675921], [0.0634298, -0.11531182, 0.1447896, -0.03881785, -0.33291414, -0.2082194], [0.0254218, 0.01630554, -0.06696523, -0.00310685, 0.02065468, 0.04154343], [-0.29736689, -0.04233651, -0.13990417, 0.0970704, 0.09755291, 0.43727106], [0.05539674, -0.14301555, 0.07718253, -0.01381351, -0.0038336, -0.13257926], [-0.11441798, -0.05757902, -0.11227214, 0.06068835, 0.05352946, 0.22669011], [-0.17676579, -0.11197196, -0.19654709, 0.10315066, 0.07644231, 0.37331288], [-0.21136721, 0.02176696, -0.27563659, 0.11392207, 0.08327292, 0.48700381], [-0.26888773, 0.02277379, -0.2538275, 0.12654258, 0.08364078, 0.52271522], [-0.25391252, 0.02548151, -0.24817623, 0.1198903, 0.08087331, 0.50208875], [-0.2478267, -0.0016823, -0.28072537, 0.12647245, 0.09290671, 0.52855206], [-0.09664696, 0.10929905, -0.22496802, 0.05073627, 0.03700223, 0.32161498], [-0.25611608, 0.00373487, -0.17690291, 0.1267413, 0.11145265, 0.43301899], [-0.09243926, 0.03511352, -0.07902133, 0.0444358, 0.03590304, 0.17146059], [0.05571244, 0.00299873, -0.05799175, 0.04837286, 0.01348057, 0.00227931], [0.02632263, 0.06095755, -0.00548769, -0.03155379, -0.0127859, -0.02083494], [-0.02627938, -0.03686266, 0.05102137, 0.00782772, -0.02377293, -0.02474199], [0.02152513, 0.01562795, -0.03749656, -0.01810466, 0.04317063, 0.01597143], [0.02306712, 0.0211348, -0.03499925, -0.01001826, 0.04569245, 0.01193213], [0.03186475, 0.02441076, -0.03585157, -0.00796963, 0.0417925, 0.00398682], [0.03567597, 0.02374106, -0.03492496, -0.01457541, 0.03158195, -0.000751], [0.00024303, 0.03214844, 0.01880306, -0.03596414, -0.04675963, -0.01904609], [0.04824555, 0.0358314, -0.01833378, 0.04368941, 0.0127592, -0.02991178], [-0.03665149, -0.00685798, -0.03169685, -0.02196035, 0.02973869, 0.06834834], [0.02892249, -0.00193665, 0.03056519, -0.01425578, -0.00964242, -0.05948768], [0.02562847, -0.00395554, 0.03931592, -0.01451815, -0.01113919, -0.06494439], [0.03219127, 0.00468524, 0.03174485, -0.01622965, -0.01150452, -0.06393612], [0.03624718, -0.00356194, 0.02106746, -0.01446288, -0.00762463, -0.05731464]], "number of molecular orbitals": 90, "number of electrons": 94, "number of unpaired electrons": 0, "orbital energies/eV": [-18.9584947, -18.66531409, -18.24229708, -17.83559033, -17.74546317, -17.50654521, -17.22491686, -17.15476205, -16.98109531, -16.6910187, -16.56925922, -16.43159617, -16.28445465, -15.95095575, -15.74215198, -15.66790427, -15.26929799, -15.05251481, -14.9911875, -14.64803488, -14.2401841, -14.04634993, -14.01264404, -13.93948703, -13.73492984, -13.61489152, -13.54136616, -13.45365454, -13.28849049, -13.234425, -13.18888698, -13.14958276, -12.98442765, -12.88016951, -12.76053525, -12.67809866, -12.08087146, -12.06707945, -11.9760919, -11.88931705, -11.6814869, -11.26192468, -11.13864236, -11.02194167, -10.66363311, -10.53673741, -10.41659982, -7.1728337, -7.04478174, -6.46120967, -6.35781727, -5.57524478, -4.74502714, -3.09237045, -2.06797437, -0.46492088, 1.36272476, 2.20744474, 2.40426664, 2.96242292, 3.35369464, 3.54862666, 3.6861571, 4.07919474, 4.15595722, 4.29076852, 4.48258083, 4.5377648, 4.7276967, 5.02235103, 5.19524808, 5.39058121, 5.78773679, 6.09364187, 6.9634954, 7.76484036, 9.58557097, 10.05059384, 10.27687583, 10.51035227, 10.97624001, 11.18810414, 11.40844946, 11.81233357, 13.95071125, 15.30573523, 15.93613961, 16.5706163, 17.40080767, 18.42982366], "fractional occupation": [2.0, 2.0, 2.0, 2.0, 2.0, 2.0, 2.0, 2.0, 2.0, 2.0, 2.0, 2.0, 2.0, 2.0, 2.0, 2.0, 2.0, 2.0, 2.0, 2.0, 2.0, 2.0, 2.0, 2.0, 2.0, 2.0, 2.0, 2.0, 2.0, 2.0, 2.0, 2.0, 2.0, 2.0, 2.0, 2.0, 2.0, 2.0, 2.0, 2.0, 2.0, 2.0, 2.0, 2.0, 2.0, 2.0, 2.0, 0.0, 0.0, 0.0, 0.0, 0.0, 0.0, 0.0, 0.0, 0.0, 0.0, 0.0, 0.0, 0.0, 0.0, 0.0, 0.0, 0.0, 0.0, 0.0, 0.0, 0.0, 0.0, 0.0, 0.0, 0.0, 0.0, 0.0, 0.0, 0.0, 0.0, 0.0, 0.0, 0.0, 0.0, 0.0, 0.0, 0.0, 0.0, 0.0, 0.0, 0.0, 0.0, 0.0], "program call": "xtb /home/svss/Project-DBcg-Debug/aqme2_20220329/End-to-End-workflows-final/example-3/QDESCP/mol_183_rdkit_conf_1/mol_183_rdkit_conf_1.xyz --pop --wbo --acc 0.2 --gfn 2 --chrg 0 --uhf 0 --etemp 300 --input /home/svss/Project-DBcg-Debug/aqme2_20220329/End-to-End-workflows-final/example-3/QDESCP/mol_183_rdkit_conf_1/mol_183_rdkit_conf_1_xtb.inp", "method": "GFN2-xTB", "xtb version": "6.3.3 (7355c4f)", "Dipole module/D": 2.716, "Total charge": 0, "Transition dipole module/D": NaN, "HOMO": -10.4166, "LUMO": -7.1728, "HOMO occupancy": 2.0, "LUMO occupancy": 0, "mulliken charges": [-0.08183, 0.01451, -0.0369, -0.02577, -0.02825, -0.04717, 0.12638, -0.23045, 0.30027, -0.10025, -0.38836, 0.15705, -0.04478, -0.0196, -0.03607, -0.00212, -0.06235, 0.463, -0.55252, 0.0321, 0.03518, 0.06437, 0.03705, 0.03468, 0.03542, 0.03942, 0.05611, 0.04242, 0.05222, 0.04179, 0.03387, 0.03487, 0.0557], "cm5 charges": [-0.22286, 0.00508, -0.08995, -0.08103, -0.08344, -0.09486, 0.18124, -0.45918, 0.43926, -0.23311, -0.56551, 0.2205, -0.09107, -0.07446, -0.09107, -0.05265, -0.05403, 0.5623, -0.59586, 0.08412, 0.09115, 0.11934, 0.09316, 0.09004, 0.09083, 0.09892, 0.11204, 0.09858, 0.10701, 0.10065, 0.08919, 0.09018, 0.11549], "FUKUI+": [0.014, -0.016, -0.018, -0.034, -0.014, -0.015, -0.017, -0.03, -0.034, 0.017, -0.057, -0.02, -0.03, -0.032, -0.026, -0.028, -0.024, -0.025, -0.078, -0.03, -0.009, -0.018, -0.043, -0.049, -0.043, -0.03, -0.034, -0.027, -0.034, -0.053, -0.059, -0.056, -0.047], "FUKUI-": [0.016, -0.028, -0.013, -0.026, -0.027, -0.009, -0.013, -0.038, -0.012, 0.014, -0.095, -0.016, -0.027, -0.018, -0.032, -0.021, -0.019, -0.006, -0.077, -0.038, -0.02, -0.039, -0.042, -0.047, -0.046, -0.03, -0.032, -0.026, -0.034, -0.048, -0.051, -0.053, -0.045], "FUKUIrad": [0.015, -0.022, -0.015, -0.03, -0.021, -0.012, -0.015, -0.034, -0.023, 0.015, -0.076, -0.018, -0.028, -0.025, -0.029, -0.025, -0.022, -0.015, -0.077, -0.034, -0.015, -0.029, -0.043, -0.048, -0.045, -0.03, -0.033, -0.026, -0.034, -0.051, -0.055, -0.055, -0.046], "s proportion": [1.007, 1.09, 1.065, 1.061, 1.058, 1.065, 1.044, 1.449, 1.021, 1.015, 1.542, 1.045, 1.064, 1.065, 1.061, 1.066, 1.086, 0.995, 1.731, 0.968, 0.965, 0.936, 0.963, 0.965, 0.965, 0.961, 0.944, 0.958, 0.948, 0.958, 0.966, 0.965, 0.944], "p proportion": [3.075, 2.896, 2.972, 2.965, 2.97, 2.982, 2.83, 3.782, 2.679, 3.085, 3.846, 2.798, 2.98, 2.955, 2.975, 2.936, 2.977, 2.542, 4.822, 0.0, 0.0, 0.0, 0.0, 0.0, 0.0, 0.0, 0.0, 0.0, 0.0, 0.0, 0.0, 0.0, 0.0], "d proportion": [0.0, 0.0, 0.0, 0.0, 0.0, 0.0, 0.0, 0.0, 0.0, 0.0, 0.0, 0.0, 0.0, 0.0, 0.0, 0.0, 0.0, 0.0, 0.0, 0.0, 0.0, 0.0, 0.0, 0.0, 0.0, 0.0, 0.0, 0.0, 0.0, 0.0, 0.0, 0.0, 0.0], "Fermi-level/eV": -8.7947, "Coordination numbers": [3.754, 2.959, 2.915, 2.91, 2.91, 2.914, 2.914, 2.741, 2.86, 3.756, 1.839, 2.944, 2.921, 2.911, 2.912, 2.914, 2.977, 2.78, 0.858, 0.924, 0.924, 0.924, 0.925, 0.925, 0.925, 0.925, 0.924, 0.924, 0.924, 0.925, 0.925, 0.925, 0.925], "Dispersion coefficient C6": [22.489, 27.559, 28.914, 28.759, 28.808, 28.962, 26.583, 22.725, 24.503, 22.837, 27.984, 26.089, 28.97, 28.626, 28.767, 28.496, 28.827, 22.484, 22.431, 2.416, 2.502, 2.075, 2.416, 2.47, 2.468, 2.494, 2.026, 2.252, 2.105, 2.302, 2.451, 2.461, 2.193], "Total dispersion C6": 14163.706343, "Total dispersion C8": 346334.872939, "Polarizability alpha": [6.762, 8.611, 8.818, 8.794, 8.801, 8.825, 8.455, 7.08, 8.114, 6.814, 7.84, 8.377, 8.826, 8.773, 8.795, 8.753, 8.807, 7.766, 6.35, 2.431, 2.473, 2.252, 2.43, 2.458, 2.457, 2.47, 2.226, 2.347, 2.269, 2.373, 2.448, 2.453, 2.316], "Total polarizability alpha": 188.762703, "Wiberg matrix": [[0.0, 1.0298775228941621, 0.0, 0.0, 0.0, 0.0, 0.0, 0.0, 0.0, 0.0, 0.0, 0.0, 0.0, 0.0, 0.0, 0.0, 0.0, 0.0, 0.0, 0.9811660853040807, 0.9809308563347099, 0.9608879332956944, 0.0, 0.0, 0.0, 0.0, 0.0, 0.0, 0.0, 0.0, 0.0, 0.0, 0.0], [1.0298775228941621, 0.0, 1.4049773434506614, 0.0, 0.10506130537704989, 0.0, 1.372869392201867, 0.0, 0.0, 0.0, 0.0, 0.0, 0.0, 0.0, 0.0, 0.0, 0.0, 0.0, 0.0, 0.0, 0.0, 0.0, 0.0, 0.0, 0.0, 0.0, 0.0, 0.0, 0.0, 0.0, 0.0, 0.0, 0.0], [0.0, 1.4049773434506614, 0.0, 1.448187690530567, 0.0, 0.11125314137097632, 0.0, 0.0, 0.0, 0.0, 0.0, 0.0, 0.0, 0.0, 0.0, 0.0, 0.0, 0.0, 0.0, 0.0, 0.0, 0.0, 0.9686821052929981, 0.0, 0.0, 0.0, 0.0, 0.0, 0.0, 0.0, 0.0, 0.0, 0.0], [0.0, 0.0, 1.448187690530567, 0.0, 1.4318881623101118, 0.0, 0.10214187916838453, 0.0, 0.0, 0.0, 0.0, 0.0, 0.0, 0.0, 0.0, 0.0, 0.0, 0.0, 0.0, 0.0, 0.0, 0.0, 0.0, 0.9705439951512049, 0.0, 0.0, 0.0, 0.0, 0.0, 0.0, 0.0, 0.0, 0.0], [0.0, 0.10506130537704989, 0.0, 1.4318881623101118, 0.0, 1.4447967398296997, 0.0, 0.0, 0.0, 0.0, 0.0, 0.0, 0.0, 0.0, 0.0, 0.0, 0.0, 0.0, 0.0, 0.0, 0.0, 0.0, 0.0, 0.0, 0.9702501481492032, 0.0, 0.0, 0.0, 0.0, 0.0, 0.0, 0.0, 0.0], [0.0, 0.0, 0.11125314137097632, 0.0, 1.4447967398296997, 0.0, 1.395626316607271, 0.0, 0.0, 0.0, 0.0, 0.0, 0.0, 0.0, 0.0, 0.0, 0.0, 0.0, 0.0, 0.0, 0.0, 0.0, 0.0, 0.0, 0.0, 0.9688098014646002, 0.0, 0.0, 0.0, 0.0, 0.0, 0.0, 0.0], [0.0, 1.372869392201867, 0.0, 0.10214187916838453, 0.0, 1.395626316607271, 0.0, 0.987101374130297, 0.0, 0.0, 0.0, 0.0, 0.0, 0.0, 0.0, 0.0, 0.0, 0.0, 0.0, 0.0, 0.0, 0.0, 0.0, 0.0, 0.0, 0.0, 0.0, 0.0, 0.0, 0.0, 0.0, 0.0, 0.0], [0.0, 0.0, 0.0, 0.0, 0.0, 0.0, 0.987101374130297, 0.0, 1.1529636371223366, 0.0, 0.0, 0.0, 0.0, 0.0, 0.0, 0.0, 0.0, 1.0966406167189877, 0.1398808732758843, 0.0, 0.0, 0.0, 0.0, 0.0, 0.0, 0.0, 0.0, 0.0, 0.0, 0.0, 0.0, 0.0, 0.0], [0.0, 0.0, 0.0, 0.0, 0.0, 0.0, 0.0, 1.1529636371223366, 0.0, 1.0162572974080584, 1.6313114935620079, 0.0, 0.0, 0.0, 0.0, 0.0, 0.0, 0.0, 0.0, 0.0, 0.0, 0.0, 0.0, 0.0, 0.0, 0.0, 0.0, 0.0, 0.0, 0.0, 0.0, 0.0, 0.0], [0.0, 0.0, 0.0, 0.0, 0.0, 0.0, 0.0, 0.0, 1.0162572974080584, 0.0, 0.0, 0.0, 0.0, 0.0, 0.0, 0.0, 0.0, 0.0, 0.0, 0.0, 0.0, 0.0, 0.0, 0.0, 0.0, 0.0, 0.978097049892379, 0.9756959352884551, 0.9607051418194615, 0.0, 0.0, 0.0, 0.0], [0.0, 0.0, 0.0, 0.0, 0.0, 0.0, 0.0, 0.0, 1.6313114935620079, 0.0, 0.0, 1.1436328410353502, 0.0, 0.0, 0.0, 0.0, 0.0, 0.0, 0.0, 0.0, 0.0, 0.0, 0.0, 0.0, 0.0, 0.0, 0.0, 0.0, 0.0, 0.0, 0.0, 0.0, 0.0], [0.0, 0.0, 0.0, 0.0, 0.0, 0.0, 0.0, 0.0, 0.0, 0.0, 1.1436328410353502, 0.0, 1.343466327580145, 0.0, 0.0, 0.0, 1.3117124686715034, 0.0, 0.0, 0.0, 0.0, 0.0, 0.0, 0.0, 0.0, 0.0, 0.0, 0.0, 0.0, 0.0, 0.0, 0.0, 0.0], [0.0, 0.0, 0.0, 0.0, 0.0, 0.0, 0.0, 0.0, 0.0, 0.0, 0.0, 1.343466327580145, 0.0, 1.4736870917161855, 0.0, 0.11685425765354125, 0.0, 0.0, 0.0, 0.0, 0.0, 0.0, 0.0, 0.0, 0.0, 0.0, 0.0, 0.0, 0.0, 0.9683933873175505, 0.0, 0.0, 0.0], [0.0, 0.0, 0.0, 0.0, 0.0, 0.0, 0.0, 0.0, 0.0, 0.0, 0.0, 0.0, 1.4736870917161855, 0.0, 1.4041243507697907, 0.0, 0.0, 0.0, 0.0, 0.0, 0.0, 0.0, 0.0, 0.0, 0.0, 0.0, 0.0, 0.0, 0.0, 0.0, 0.9706878193808992, 0.0, 0.0], [0.0, 0.0, 0.0, 0.0, 0.0, 0.0, 0.0, 0.0, 0.0, 0.0, 0.0, 0.0, 0.0, 1.4041243507697907, 0.0, 1.4697768299895124, 0.0, 0.0, 0.0, 0.0, 0.0, 0.0, 0.0, 0.0, 0.0, 0.0, 0.0, 0.0, 0.0, 0.0, 0.0, 0.9703246108955434, 0.0], [0.0, 0.0, 0.0, 0.0, 0.0, 0.0, 0.0, 0.0, 0.0, 0.0, 0.0, 0.0, 0.11685425765354125, 0.0, 1.4697768299895124, 0.0, 1.36397499233607, 0.0, 0.0, 0.0, 0.0, 0.0, 0.0, 0.0, 0.0, 0.0, 0.0, 0.0, 0.0, 0.0, 0.0, 0.0, 0.9657595851512294], [0.0, 0.0, 0.0, 0.0, 0.0, 0.0, 0.0, 0.0, 0.0, 0.0, 0.0, 1.3117124686715034, 0.0, 0.0, 0.0, 1.36397499233607, 0.0, 1.0582679244018196, 0.0, 0.0, 0.0, 0.0, 0.0, 0.0, 0.0, 0.0, 0.0, 0.0, 0.0, 0.0, 0.0, 0.0, 0.0], [0.0, 0.0, 0.0, 0.0, 0.0, 0.0, 0.0, 1.0966406167189877, 0.0, 0.0, 0.0, 0.0, 0.0, 0.0, 0.0, 0.0, 1.0582679244018196, 0.0, 1.674185108767555, 0.0, 0.0, 0.0, 0.0, 0.0, 0.0, 0.0, 0.0, 0.0, 0.0, 0.0, 0.0, 0.0, 0.0], [0.0, 0.0, 0.0, 0.0, 0.0, 0.0, 0.0, 0.1398808732758843, 0.0, 0.0, 0.0, 0.0, 0.0, 0.0, 0.0, 0.0, 0.0, 1.674185108767555, 0.0, 0.0, 0.0, 0.0, 0.0, 0.0, 0.0, 0.0, 0.0, 0.0, 0.0, 0.0, 0.0, 0.0, 0.0], [0.9811660853040807, 0.0, 0.0, 0.0, 0.0, 0.0, 0.0, 0.0, 0.0, 0.0, 0.0, 0.0, 0.0, 0.0, 0.0, 0.0, 0.0, 0.0, 0.0, 0.0, 0.0, 0.0, 0.0, 0.0, 0.0, 0.0, 0.0, 0.0, 0.0, 0.0, 0.0, 0.0, 0.0], [0.9809308563347099, 0.0, 0.0, 0.0, 0.0, 0.0, 0.0, 0.0, 0.0, 0.0, 0.0, 0.0, 0.0, 0.0, 0.0, 0.0, 0.0, 0.0, 0.0, 0.0, 0.0, 0.0, 0.0, 0.0, 0.0, 0.0, 0.0, 0.0, 0.0, 0.0, 0.0, 0.0, 0.0], [0.9608879332956944, 0.0, 0.0, 0.0, 0.0, 0.0, 0.0, 0.0, 0.0, 0.0, 0.0, 0.0, 0.0, 0.0, 0.0, 0.0, 0.0, 0.0, 0.0, 0.0, 0.0, 0.0, 0.0, 0.0, 0.0, 0.0, 0.0, 0.0, 0.0, 0.0, 0.0, 0.0, 0.0], [0.0, 0.0, 0.9686821052929981, 0.0, 0.0, 0.0, 0.0, 0.0, 0.0, 0.0, 0.0, 0.0, 0.0, 0.0, 0.0, 0.0, 0.0, 0.0, 0.0, 0.0, 0.0, 0.0, 0.0, 0.0, 0.0, 0.0, 0.0, 0.0, 0.0, 0.0, 0.0, 0.0, 0.0], [0.0, 0.0, 0.0, 0.9705439951512049, 0.0, 0.0, 0.0, 0.0, 0.0, 0.0, 0.0, 0.0, 0.0, 0.0, 0.0, 0.0, 0.0, 0.0, 0.0, 0.0, 0.0, 0.0, 0.0, 0.0, 0.0, 0.0, 0.0, 0.0, 0.0, 0.0, 0.0, 0.0, 0.0], [0.0, 0.0, 0.0, 0.0, 0.9702501481492032, 0.0, 0.0, 0.0, 0.0, 0.0, 0.0, 0.0, 0.0, 0.0, 0.0, 0.0, 0.0, 0.0, 0.0, 0.0, 0.0, 0.0, 0.0, 0.0, 0.0, 0.0, 0.0, 0.0, 0.0, 0.0, 0.0, 0.0, 0.0], [0.0, 0.0, 0.0, 0.0, 0.0, 0.9688098014646002, 0.0, 0.0, 0.0, 0.0, 0.0, 0.0, 0.0, 0.0, 0.0, 0.0, 0.0, 0.0, 0.0, 0.0, 0.0, 0.0, 0.0, 0.0, 0.0, 0.0, 0.0, 0.0, 0.0, 0.0, 0.0, 0.0, 0.0], [0.0, 0.0, 0.0, 0.0, 0.0, 0.0, 0.0, 0.0, 0.0, 0.978097049892379, 0.0, 0.0, 0.0, 0.0, 0.0, 0.0, 0.0, 0.0, 0.0, 0.0, 0.0, 0.0, 0.0, 0.0, 0.0, 0.0, 0.0, 0.0, 0.0, 0.0, 0.0, 0.0, 0.0], [0.0, 0.0, 0.0, 0.0, 0.0, 0.0, 0.0, 0.0, 0.0, 0.9756959352884551, 0.0, 0.0, 0.0, 0.0, 0.0, 0.0, 0.0, 0.0, 0.0, 0.0, 0.0, 0.0, 0.0, 0.0, 0.0, 0.0, 0.0, 0.0, 0.0, 0.0, 0.0, 0.0, 0.0], [0.0, 0.0, 0.0, 0.0, 0.0, 0.0, 0.0, 0.0, 0.0, 0.9607051418194615, 0.0, 0.0, 0.0, 0.0, 0.0, 0.0, 0.0, 0.0, 0.0, 0.0, 0.0, 0.0, 0.0, 0.0, 0.0, 0.0, 0.0, 0.0, 0.0, 0.0, 0.0, 0.0, 0.0], [0.0, 0.0, 0.0, 0.0, 0.0, 0.0, 0.0, 0.0, 0.0, 0.0, 0.0, 0.0, 0.9683933873175505, 0.0, 0.0, 0.0, 0.0, 0.0, 0.0, 0.0, 0.0, 0.0, 0.0, 0.0, 0.0, 0.0, 0.0, 0.0, 0.0, 0.0, 0.0, 0.0, 0.0], [0.0, 0.0, 0.0, 0.0, 0.0, 0.0, 0.0, 0.0, 0.0, 0.0, 0.0, 0.0, 0.0, 0.9706878193808992, 0.0, 0.0, 0.0, 0.0, 0.0, 0.0, 0.0, 0.0, 0.0, 0.0, 0.0, 0.0, 0.0, 0.0, 0.0, 0.0, 0.0, 0.0, 0.0], [0.0, 0.0, 0.0, 0.0, 0.0, 0.0, 0.0, 0.0, 0.0, 0.0, 0.0, 0.0, 0.0, 0.0, 0.9703246108955434, 0.0, 0.0, 0.0, 0.0, 0.0, 0.0, 0.0, 0.0, 0.0, 0.0, 0.0, 0.0, 0.0, 0.0, 0.0, 0.0, 0.0, 0.0], [0.0, 0.0, 0.0, 0.0, 0.0, 0.0, 0.0, 0.0, 0.0, 0.0, 0.0, 0.0, 0.0, 0.0, 0.0, 0.9657595851512294, 0.0, 0.0, 0.0, 0.0, 0.0, 0.0, 0.0, 0.0, 0.0, 0.0, 0.0, 0.0, 0.0, 0.0, 0.0, 0.0, 0.0]], "Born radii": [], "Atomic SASAs": [], "Solvent H bonds": [], "Total SASA": NaN, "Total FOD": 0.0, "FOD": [0.0, 0.0, 0.0, 0.0, 0.0, 0.0, 0.0, 0.0, 0.0, 0.0, 0.0, 0.0, 0.0, 0.0, 0.0, 0.0, 0.0, 0.0, 0.0, 0.0, 0.0, 0.0, 0.0, 0.0, 0.0, 0.0, 0.0, 0.0, 0.0, 0.0, 0.0, 0.0, 0.0], "FOD s proportion": [0.0, 0.0, 0.0, 0.0, 0.0, 0.0, 0.0, 0.0, 0.0, 0.0, 0.0, 0.0, 0.0, 0.0, 0.0, 0.0, 0.0, 0.0, 0.0, 0.0, 0.0, 0.0, 0.0, 0.0, 0.0, 0.0, 0.0, 0.0, 0.0, 0.0, 0.0, 0.0, 0.0], "FOD p proportion": [0.0, 0.0, 0.0, 0.0, 0.0, 0.0, 0.0, 0.0, 0.0, 0.0, 0.0, 0.0, 0.0, 0.0, 0.0, 0.0, 0.0, 0.0, 0.0, 0.0, 0.0, 0.0, 0.0, 0.0, 0.0, 0.0, 0.0, 0.0, 0.0, 0.0, 0.0, 0.0, 0.0], "FOD d proportion": [0.0, 0.0, 0.0, 0.0, 0.0, 0.0, 0.0, 0.0, 0.0, 0.0, 0.0, 0.0, 0.0, 0.0, 0.0, 0.0, 0.0, 0.0, 0.0, 0.0, 0.0, 0.0, 0.0, 0.0, 0.0, 0.0, 0.0, 0.0, 0.0, 0.0, 0.0, 0.0, 0.0], "coordinates": [["-1.93810", "-1.31910", "-1.63080"], ["-2.37330", "-0.68740", "-0.33690"], ["-3.70750", "-0.85500", "0.07180"], ["-4.17260", "-0.28400", "1.25690"], ["-3.30930", "0.45400", "2.05960"], ["-1.97780", "0.61740", "1.67910"], ["-1.49780", "0.04970", "0.48630"], ["-0.12130", "0.22550", "0.15000"], ["0.41160", "1.48440", "-0.08560"], ["-0.50830", "2.68680", "-0.14750"], ["1.67270", "1.70790", "-0.28880"], ["2.55370", "0.62340", "-0.29910"], ["3.90970", "0.86080", "-0.53800"], ["4.82450", "-0.19540", "-0.56730"], ["4.38790", "-1.50250", "-0.35680"], ["3.03710", "-1.75130", "-0.11710"], ["2.12850", "-0.68500", "-0.09170"], ["0.69640", "-0.91080", "0.17400"], ["0.32500", "-2.05610", "0.42660"], ["-2.77790", "-1.38540", "-2.33150"], ["-1.16610", "-0.72370", "-2.12820"], ["-1.55940", "-2.32960", "-1.45240"], ["-4.39680", "-1.43570", "-0.53840"], ["-5.20840", "-0.42420", "1.55620"], ["-3.66760", "0.88800", "2.98950"], ["-1.30780", "1.16490", "2.33800"], ["-0.03400", "3.48450", "-0.72850"], ["-1.45900", "2.44510", "-0.62860"], ["-0.68590", "3.06440", "0.86300"], ["4.25270", "1.87910", "-0.70380"], ["5.87680", "0.00470", "-0.75420"], ["5.09810", "-2.32570", "-0.37750"], ["2.69440", "-2.76980", "0.05190"]], "bond_dist": [[0.0, 1.5042011634086714, 2.4990021868737933, 3.79515922590871, 4.317768545209435, 3.8349767078823302, 2.559216665309915, 2.976205644776584, 3.9709375945738556, 4.504635583485083, 4.899139683658754, 5.071784536038573, 6.33584569651124, 6.937326048269606, 6.455616745129779, 5.218304281085954, 4.394103683346581, 3.2194102223854606, 3.1460587041566788, 1.0957372951579223, 1.0944824895812633, 1.0937780853536976, 2.6929795784595174, 4.653243718096013, 5.404593671128294, 4.724289103134989, 5.245408950692024, 3.924683845865804, 5.196355985688433, 7.029496203854157, 7.974555536830877, 7.217486743320004, 5.1377101932670355], [1.5042011634086714, 0.0, 1.4054234557598646, 2.437295732979484, 2.8146229250114483, 2.4337582644954696, 1.4097783159064405, 2.478298210466206, 3.540555738863604, 3.859964119004217, 4.7021156621248705, 5.098524735646577, 6.474060043743801, 7.218273547047104, 6.810184245672066, 5.518389566712376, 4.508473360240692, 3.1199334063405906, 3.1204318338973533, 2.1515887897086654, 2.160417834586634, 2.1455988208423307, 2.1668196487017557, 3.4191949140111917, 3.9015425936416483, 3.423652369911408, 4.799002465096263, 3.2762157483902064, 4.285216681802684, 7.11515381843569, 8.289589357139471, 7.649019101165847, 5.492644034524721], [2.4990021868737933, 1.4054234557598646, 0.0, 1.3952852826572777, 2.413170752350525, 2.78266727080332, 2.4234410308484913, 3.7462549205840223, 4.739678462722972, 4.777794508975872, 5.970346791435151, 6.444056083710011, 7.831830023691781, 8.581290402381217, 8.132555279246493, 6.8065164408822225, 5.840764354945336, 4.405439102972597, 4.222508792175572, 2.63084230048097, 3.363919388154241, 3.018603056050928, 1.0884351243873012, 2.1544681037323343, 3.398913694108751, 3.869653542631433, 5.741632397672285, 4.054253620581722, 5.011762201062616, 8.452315789770282, 9.65816579791422, 8.938871312419707, 6.682153744115739], [3.79515922590871, 2.437295732979484, 1.3952852826572777, 0.0, 1.3907761070711564, 2.4099630370609417, 2.803521908243273, 4.230585012737601, 5.093567948893977, 4.921898667181192, 6.365876702387504, 6.963305425586328, 8.357978603705563, 9.180597148878716, 8.79607470352543, 7.484692337030293, 6.456267046056877, 5.027197196251605, 4.904910015484484, 4.0043582020094055, 4.5487669043379215, 4.284110186491473, 2.1447099151167275, 1.0872525787506784, 2.151862393369985, 3.3875016546121417, 5.938974269181506, 4.285641377903662, 4.8501563541807595, 8.916783399298202, 10.252722139022397, 9.632532415725368, 7.401818400906632], [4.317768545209435, 2.8146229250114483, 2.413170752350525, 1.3907761070711564, 0.0, 1.3944074225275767, 2.433159187147442, 3.7231879364329705, 4.416865858275526, 4.20740861457501, 5.648678763215342, 6.321940449735349, 7.682901339988689, 8.572107466078572, 8.301431746994009, 7.062447446884119, 5.957774880775539, 4.632903937057189, 4.70907926244611, 4.790358810151908, 4.849531149503012, 4.8108962751237945, 3.391640656083719, 2.1520287196039, 1.0869447548058733, 2.1421689055721074, 5.26165581827622, 3.8228926927132028, 3.8895073312696047, 8.176254250572201, 9.617888237029998, 9.184256271468039, 7.1040945531432795], [3.8349767078823302, 2.4337582644954696, 2.78266727080332, 2.4099630370609417, 1.3944074225275767, 0.0, 1.4055088509148566, 2.4368677990403995, 3.0943638199151695, 3.127029608110547, 4.288119740632251, 4.94447201326896, 6.295826571626637, 7.209593753464892, 7.011490662476846, 5.8297766801139135, 4.657647269813377, 3.4281287738356623, 3.744228403823677, 4.55371059796294, 4.117394733323488, 4.320435141279175, 3.870928423518058, 3.3965881896397154, 2.155410995610814, 1.0875686001351823, 4.218430823185323, 2.989167111420839, 2.884932203709474, 6.788904885914959, 8.245671066687054, 7.934721291891733, 5.995861616148258], [2.559216665309915, 1.4097783159064405, 2.4234410308484913, 2.803521908243273, 2.433159187147442, 1.4055088509148566, 0.0, 1.4278499851174844, 2.4558587215065932, 2.8870589013735066, 3.6609394286166492, 4.16660978494507, 5.563104344698201, 6.41417370048551, 6.145047350509189, 4.916605594309961, 3.7448524376802883, 2.4154927406225006, 2.7857777316218177, 3.4114754667152454, 2.74659474622668, 3.0697590687218437, 3.414765621532465, 3.8907350950687976, 3.4171317168057778, 2.1699225631344543, 3.9263597033384503, 2.642432328367181, 3.144757636130327, 6.150714805614059, 7.478341421063898, 7.063609021597953, 5.070781443722456], [2.976205644776584, 2.478298210466206, 3.7462549205840223, 4.230585012737601, 3.7231879364329705, 2.4368677990403995, 1.4278499851174844, 0.0, 1.3871982482687901, 2.5092375216387945, 2.368225327117333, 2.7414668008203202, 4.1383464197672, 5.015238153866672, 4.855482970827928, 3.735581776644704, 2.4390631767135513, 1.4001382003216682, 2.3412368120290603, 3.976224920700538, 2.680071439346347, 3.341310129275641, 4.6382518527997165, 5.3177151992185525, 4.591068523775266, 2.660375652046154, 3.3764573949629515, 2.7059718051007113, 2.9810225376538164, 4.753445424110811, 6.06988746930287, 5.833439298561355, 4.112129884865019], [3.9709375945738556, 3.540555738863604, 4.739678462722972, 5.093567948893977, 4.416865858275526, 3.0943638199151695, 2.4558587215065932, 1.3871982482687901, 0.0, 1.5151941723752766, 1.2967712597061982, 2.318511518194378, 3.5819333229416763, 4.746309022809197, 4.980570523544467, 4.167012957743232, 2.7666006542325547, 2.4260021104689913, 3.5784058811152204, 4.842801782026598, 3.3966244508335035, 4.505505436685212, 5.643821613942099, 6.158137802940106, 5.1431318872842455, 2.988687599934125, 2.1476218894395727, 2.1718512495104263, 2.1449354792161, 3.9104997813578763, 5.701311172879445, 6.046928961878087, 4.829937859848717], [4.504635583485083, 3.859964119004217, 4.777794508975872, 4.921898667181192, 4.20740861457501, 3.127029608110547, 2.8870589013735066, 2.5092375216387945, 1.5151941723752766, 0.0, 2.394780136045896, 3.69546291011018, 4.796403887288893, 6.076352912726515, 6.447233160046253, 5.680450416120187, 4.2807549707966235, 3.8075438408506868, 4.849647421204968, 5.148179581172358, 3.998422636490545, 5.288841478055473, 5.680514176551274, 5.888281132894386, 4.801835787487947, 3.0221002812613613, 1.0949186179803505, 1.0925688033254475, 1.0932674741343036, 4.860963894126349, 6.952067844174135, 7.5239469170110445, 6.330207833080997], [4.899139683658754, 4.7021156621248705, 5.970346791435151, 6.365876702387504, 5.648678763215342, 4.288119740632251, 3.6609394286166492, 2.368225327117333, 1.2967712597061982, 2.394780136045896, 0.0, 1.397285704499978, 2.4049632117768454, 3.6924187709413454, 4.205187653363403, 3.7225170100350113, 2.4438847067732143, 2.8328316610769515, 4.061500763264732, 5.792147144194456, 4.16591602891849, 5.301117016252329, 6.839835624486892, 7.436357483338197, 6.319674911733989, 4.009776488783384, 2.5024924655231233, 3.2351928489658857, 2.954611556533278, 2.6187658238185407, 4.559818440464489, 5.292557208949186, 4.605403855255259], [5.071784536038573, 5.098524735646577, 6.444056083710011, 6.963305425586328, 6.321940449735349, 4.94447201326896, 4.16660978494507, 2.7414668008203202, 2.318511518194378, 3.69546291011018, 1.397285704499978, 0.0, 1.3972000465216137, 2.428764566605828, 2.808392732507332, 2.4302262548989138, 1.3913016782854826, 2.4550267900778597, 3.5599809592187426, 6.0491227264786085, 4.358577435356633, 5.193062824576649, 7.253041262118947, 8.049211157622839, 7.041979608746393, 4.707302933740297, 3.881554953881241, 4.419154040085048, 4.219474560890253, 2.151084744960086, 3.410703638547331, 3.895806557055932, 3.414206163956711], [6.33584569651124, 6.474060043743801, 7.831830023691781, 8.357978603705563, 7.682901339988689, 6.295826571626637, 5.563104344698201, 4.1383464197672, 3.5819333229416763, 4.796403887288893, 2.4049632117768454, 1.3972000465216137, 0.0, 1.3975964975628692, 2.4179941211673777, 2.7859745117283463, 2.4002822271557984, 3.73775433248361, 4.721105046490705, 7.279151767204747, 5.55005602944691, 6.397330250190309, 8.618112012500186, 9.443338723671834, 8.358197854800999, 5.965413569904437, 4.740554991770479, 5.598317116777149, 5.285659213381052, 1.0872320497483505, 2.156184607124353, 3.4046787014342477, 3.873782706864184], [6.937326048269606, 7.218273547047104, 8.581290402381217, 9.180597148878716, 8.572107466078572, 7.209593753464892, 6.41417370048551, 5.015238153866672, 4.746309022809197, 6.076352912726515, 3.6924187709413454, 2.428764566605828, 1.3975964975628692, 0.0, 1.3940732477169195, 2.4121160026002064, 2.781064458080754, 4.254707094501335, 4.969460931529696, 7.894617622152449, 6.213115004568965, 6.789137711079368, 9.304383536269341, 10.257713395294294, 9.27040151287958, 6.920714375698509, 6.096939535537481, 6.8160377192324875, 6.5602257804133535, 2.1561859242653445, 1.0873393720453617, 2.1561676859650785, 3.398274563657269], [6.455616745129779, 6.810184245672066, 8.132555279246493, 8.79607470352543, 8.301431746994009, 7.011490662476846, 6.145047350509189, 4.855482970827928, 4.980570523544467, 6.447233160046253, 4.205187653363403, 2.808392732507332, 2.4179941211673777, 1.3940732477169195, 0.0, 1.394280520555315, 2.417327578132513, 3.7761130518034016, 4.174607158763564, 7.433830919519221, 5.881437188306953, 6.103671932533727, 8.786830764843488, 9.844352369760035, 9.04451735528215, 6.842365693968716, 6.6754422699923035, 7.060004292491612, 6.9345464228022875, 3.4020444735482216, 2.155551393495409, 1.0874147184952019, 2.1543043494362633], [5.218304281085954, 5.518389566712376, 6.8065164408822225, 7.484692337030293, 7.062447446884119, 5.8297766801139135, 4.916605594309961, 3.735581776644704, 4.167012957743232, 5.680450416120187, 3.7225170100350113, 2.4302262548989138, 2.7859745117283463, 2.4121160026002064, 1.394280520555315, 0.0, 1.4011405389895764, 2.504007977223715, 2.782804186427784, 6.2331111950614195, 4.7715170763605155, 4.821334797543104, 7.452514089889397, 8.517593413048077, 7.846647063555237, 5.780129277100989, 6.10074313588107, 6.17141154194079, 6.165410894660631, 3.8732033783420152, 3.3990187554645828, 2.1553339694812954, 1.087817328415024], [4.394103683346581, 4.508473360240692, 5.840764354945336, 6.456267046056877, 5.957774880775539, 4.657647269813377, 3.7448524376802883, 2.4390631767135513, 2.7666006542325547, 4.2807549707966235, 2.4438847067732143, 1.3913016782854826, 2.4002822271557984, 2.781064458080754, 2.417327578132513, 1.4011405389895764, 0.0, 1.4739377666645221, 2.324040092167086, 5.438752169385915, 3.8733989079360267, 4.261082029250317, 6.583512092340986, 7.524207111716158, 6.750029455491287, 4.59714365557571, 4.739899866030927, 4.7912361526019565, 4.784380817827945, 3.3854838442975916, 3.8683775966159253, 3.4047176520234386, 2.1650068845156127], [3.2194102223854606, 3.1199334063405906, 4.405439102972597, 5.027197196251605, 4.632903937057189, 3.4281287738356623, 2.4154927406225006, 1.4001382003216682, 2.4260021104689913, 3.8075438408506868, 2.8328316610769515, 2.4550267900778597, 3.73775433248361, 4.254707094501335, 3.7761130518034016, 2.504007977223715, 1.4739377666645221, 0.0, 1.2302263247061491, 4.309702530337796, 2.9671598372854806, 3.1219871940800785, 5.169499009575299, 6.083906593628801, 5.496109322966565, 3.6066943494008474, 4.546059007536089, 4.068412556513904, 4.264702724692543, 4.604491778687415, 5.341932201928437, 4.656292210546928, 2.7318113789205873], [3.1460587041566788, 3.1204318338973533, 4.222508792175572, 4.904910015484484, 4.70907926244611, 3.744228403823677, 2.7857777316218177, 2.3412368120290603, 3.5784058811152204, 4.849647421204968, 4.061500763264732, 3.5599809592187426, 4.721105046490705, 4.969460931529696, 4.174607158763564, 2.782804186427784, 2.324040092167086, 1.2302263247061491, 0.0, 4.205346895322667, 3.2443292080182, 2.675146091337817, 4.8591682827414, 5.878572048550566, 5.583640029586435, 4.085869160900774, 5.671100895769708, 4.955492354953239, 5.237545610302597, 5.673661118713383, 6.038515423512637, 4.847859793764667, 2.5027633008337005], [1.0957372951579223, 2.1515887897086654, 2.63084230048097, 4.0043582020094055, 4.790358810151908, 4.55371059796294, 3.4114754667152454, 3.976224920700538, 4.842801782026598, 5.148179581172358, 5.792147144194456, 6.0491227264786085, 7.279151767204747, 7.894617622152449, 7.433830919519221, 6.2331111950614195, 5.438752169385915, 4.309702530337796, 4.205346895322667, 0.0, 1.7541599185935128, 1.7745626785211055, 2.4163143235100852, 4.684596778806048, 5.854310774975993, 5.519914342632502, 5.815025556263705, 4.394552977266288, 5.863617849928489, 7.920587345645523, 8.906406985423471, 8.16906702690093, 6.127252745725444], [1.0944824895812633, 2.160417834586634, 3.363919388154241, 4.5487669043379215, 4.849531149503012, 4.117394733323488, 2.74659474622668, 2.680071439346347, 3.3966244508335035, 3.998422636490545, 4.16591602891849, 4.358577435356633, 5.55005602944691, 6.213115004568965, 5.881437188306953, 4.7715170763605155, 3.8733989079360267, 2.9671598372854806, 3.2443292080182, 1.7541599185935128, 0.0, 1.786142586693459, 3.670399233053538, 5.477653959497625, 5.919960509158824, 4.851168033577069, 4.577090532204929, 3.5179374653339135, 4.850522764610017, 6.177934658119977, 7.212550379026825, 6.698623450381429, 4.882911167531107], [1.0937780853536976, 2.1455988208423307, 3.018603056050928, 4.284110186491473, 4.8108962751237945, 4.320435141279175, 3.0697590687218437, 3.341310129275641, 4.505505436685212, 5.288841478055473, 5.301117016252329, 5.193062824576649, 6.397330250190309, 6.789137711079368, 6.103671932533727, 4.821334797543104, 4.261082029250317, 3.1219871940800785, 2.675146091337817, 1.7745626785211055, 1.786142586693459, 0.0, 3.1121201728082415, 5.09876692152132, 5.876047362811161, 5.16158550931785, 6.0543071593700954, 4.846285865485032, 5.934586372275662, 7.214850245154088, 7.825184353738895, 6.743717926337073, 4.533377214616053], [2.6929795784595174, 2.1668196487017557, 1.0884351243873012, 2.1447099151167275, 3.391640656083719, 3.870928423518058, 3.414765621532465, 4.6382518527997165, 5.643821613942099, 5.680514176551274, 6.839835624486892, 7.253041262118947, 8.618112012500186, 9.304383536269341, 8.786830764843488, 7.452514089889397, 6.583512092340986, 5.169499009575299, 4.8591682827414, 2.4163143235100852, 3.670399233053538, 3.1121201728082415, 0.0, 2.4635697615452257, 4.286886135646712, 4.9576928424419355, 6.578641948761158, 4.868204342465504, 5.998799944988997, 9.264399950887267, 10.376327807080886, 9.537877899197493, 7.239709548041274], [4.653243718096013, 3.4191949140111917, 2.1544681037323343, 1.0872525787506784, 2.1520287196039, 3.3965881896397154, 3.8907350950687976, 5.3177151992185525, 6.158137802940106, 5.888281132894386, 7.436357483338197, 8.049211157622839, 9.443338723671834, 10.257713395294294, 9.844352369760035, 8.517593413048077, 7.524207111716158, 6.083906593628801, 5.878572048550566, 4.684596778806048, 5.477653959497625, 5.09876692152132, 2.4635697615452257, 0.0, 2.479976284160798, 4.283821939576854, 6.8754785389818505, 5.202329659873546, 5.753595610572575, 9.996259505435022, 11.331529570627259, 10.657337387452834, 8.37967813761364], [5.404593671128294, 3.9015425936416483, 3.398913694108751, 2.151862393369985, 1.0869447548058733, 2.155410995610814, 3.4171317168057778, 4.591068523775266, 5.1431318872842455, 4.801835787487947, 6.319674911733989, 7.041979608746393, 8.358197854800999, 9.27040151287958, 9.04451735528215, 7.846647063555237, 6.750029455491287, 5.496109322966565, 5.583640029586435, 5.854310774975993, 5.919960509158824, 5.876047362811161, 4.286886135646712, 2.479976284160798, 0.0, 2.4636927365237735, 5.811057150811719, 4.515874442452979, 4.260194138768796, 8.795106377412385, 10.290339155732429, 9.92482005781465, 7.904684598388477], [4.724289103134989, 3.423652369911408, 3.869653542631433, 3.3875016546121417, 2.1421689055721074, 1.0875686001351823, 2.1699225631344543, 2.660375652046154, 2.988687599934125, 3.0221002812613613, 4.009776488783384, 4.707302933740297, 5.965413569904437, 6.920714375698509, 6.842365693968716, 5.780129277100989, 4.59714365557571, 3.6066943494008474, 4.085869160900774, 5.519914342632502, 4.851168033577069, 5.16158550931785, 4.9576928424419355, 4.283821939576854, 2.4636927365237735, 0.0, 4.050497852116453, 3.2345771037339643, 2.484046066400541, 6.378227742092626, 7.907353668579647, 7.78420088512623, 6.060175091529947], [5.245408950692024, 4.799002465096263, 5.741632397672285, 5.938974269181506, 5.26165581827622, 4.218430823185323, 3.9263597033384503, 3.3764573949629515, 2.1476218894395727, 1.0949186179803505, 2.5024924655231233, 3.881554953881241, 4.740554991770479, 6.096939535537481, 6.6754422699923035, 6.10074313588107, 4.739899866030927, 4.546059007536089, 5.671100895769708, 5.815025556263705, 4.577090532204929, 6.0543071593700954, 6.578641948761158, 6.8754785389818505, 5.811057150811719, 4.050497852116453, 0.0, 1.7666231544956046, 1.770403872002092, 4.577522926212385, 6.859097985158107, 7.760159499005159, 6.868002563336738], [3.924683845865804, 3.2762157483902064, 4.054253620581722, 4.285641377903662, 3.8228926927132028, 2.989167111420839, 2.642432328367181, 2.7059718051007113, 2.1718512495104263, 1.0925688033254475, 3.2351928489658857, 4.419154040085048, 5.598317116777149, 6.8160377192324875, 7.060004292491612, 6.17141154194079, 4.7912361526019565, 4.068412556513904, 4.955492354953239, 4.394552977266288, 3.5179374653339135, 4.846285865485032, 4.868204342465504, 5.202329659873546, 4.515874442452979, 3.2345771037339643, 1.7666231544956046, 0.0, 1.7905548469678332, 5.740167935696656, 7.732094745927523, 8.112899867494976, 6.701417299347952], [5.196355985688433, 4.285216681802684, 5.011762201062616, 4.8501563541807595, 3.8895073312696047, 2.884932203709474, 3.144757636130327, 2.9810225376538164, 2.1449354792161, 1.0932674741343036, 2.954611556533278, 4.219474560890253, 5.285659213381052, 6.5602257804133535, 6.9345464228022875, 6.165410894660631, 4.784380817827945, 4.264702724692543, 5.237545610302597, 5.863617849928489, 4.850522764610017, 5.934586372275662, 5.998799944988997, 5.753595610572575, 4.260194138768796, 2.484046066400541, 1.770403872002092, 1.7905548469678332, 0.0, 5.3150322943515595, 7.419308001424392, 8.002916609586782, 6.791332780831757], [7.029496203854157, 7.11515381843569, 8.452315789770282, 8.916783399298202, 8.176254250572201, 6.788904885914959, 6.150714805614059, 4.753445424110811, 3.9104997813578763, 4.860963894126349, 2.6187658238185407, 2.151084744960086, 1.0872320497483505, 2.1561859242653445, 3.4020444735482216, 3.8732033783420152, 3.3854838442975916, 4.604491778687415, 5.673661118713383, 7.920587345645523, 6.177934658119977, 7.214850245154088, 9.264399950887267, 9.996259505435022, 8.795106377412385, 6.378227742092626, 4.577522926212385, 5.740167935696656, 5.3150322943515595, 0.0, 2.480648368874557, 4.3013388485447175, 4.96101326242936], [7.974555536830877, 8.289589357139471, 9.65816579791422, 10.252722139022397, 9.617888237029998, 8.245671066687054, 7.478341421063898, 6.06988746930287, 5.701311172879445, 6.952067844174135, 4.559818440464489, 3.410703638547331, 2.156184607124353, 1.0873393720453617, 2.155551393495409, 3.3990187554645828, 3.8683775966159253, 5.341932201928437, 6.038515423512637, 8.906406985423471, 7.212550379026825, 7.825184353738895, 10.376327807080886, 11.331529570627259, 10.290339155732429, 7.907353668579647, 6.859097985158107, 7.732094745927523, 7.419308001424392, 2.480648368874557, 0.0, 2.4857676359627825, 4.298292360926604], [7.217486743320004, 7.649019101165847, 8.938871312419707, 9.632532415725368, 9.184256271468039, 7.934721291891733, 7.063609021597953, 5.833439298561355, 6.046928961878087, 7.5239469170110445, 5.292557208949186, 3.895806557055932, 3.4046787014342477, 2.1561676859650785, 1.0874147184952019, 2.1553339694812954, 3.4047176520234386, 4.656292210546928, 4.847859793764667, 8.16906702690093, 6.698623450381429, 6.743717926337073, 9.537877899197493, 10.657337387452834, 9.92482005781465, 7.78420088512623, 7.760159499005159, 8.112899867494976, 8.002916609586782, 4.3013388485447175, 2.4857676359627825, 0.0, 2.4818103996880985], [5.1377101932670355, 5.492644034524721, 6.682153744115739, 7.401818400906632, 7.1040945531432795, 5.995861616148258, 5.070781443722456, 4.112129884865019, 4.829937859848717, 6.330207833080997, 4.605403855255259, 3.414206163956711, 3.873782706864184, 3.398274563657269, 2.1543043494362633, 1.087817328415024, 2.1650068845156127, 2.7318113789205873, 2.5027633008337005, 6.127252745725444, 4.882911167531107, 4.533377214616053, 7.239709548041274, 8.37967813761364, 7.904684598388477, 6.060175091529947, 6.868002563336738, 6.701417299347952, 6.791332780831757, 4.96101326242936, 4.298292360926604, 2.4818103996880985, 0.0]]}