{"total energy": -29.35740991, "HOMO-LUMO gap/eV": 11.2415969, "electronic energy": -29.72579694, "dipole": [-0.24971198, -0.51452403, 0.45286108], "partial charges": [-0.4587599, 0.11812831, -0.06219767, -0.05668132, -0.05449073, -0.05479074, -0.05651375, -0.05565453, -0.0657971, 0.27878418, 0.01685612, 0.04100848, 0.05230054, 0.02812679, 0.03198669, 0.02706164, 0.02995736, 0.02895857, 0.02516528, 0.02520654, 0.03684428, 0.03368965, 0.02815008, 0.02228446, 0.04037676], "atomic dipole moments": [[-0.13160685, -0.13878745, 0.13610965], [0.13623805, 0.01714791, -0.10887453], [-0.01241571, -0.04466085, 0.12357245], [0.03886043, -0.10817797, 0.00093507], [0.01117401, -0.0079895, -0.10720321], [0.11075427, 0.01444211, 0.00037474], [0.02881297, 0.03500459, 0.10775426], [0.00405713, 0.08471155, -0.0748207], [-0.07598145, 0.05666252, 0.05410381], [0.03994395, -0.04339275, 0.05055251], [0.00455725, 0.02383696, 0.12144822], [-0.02949771, -0.04279978, -0.11269375], [0.05455208, 0.10631041, -0.03972811], [0.03109952, 0.09058129, 0.06992464], [-0.0754571, 0.05473191, -0.07936766], [-0.08598628, 0.05664066, 0.05593197], [0.0652774, -0.03772042, 0.09857479], [-0.08439116, 0.04063146, -0.07851045], [-0.06574349, -0.06372179, 0.07525668], [-0.06155065, -0.09827491, -0.0232397], [0.02168286, 0.04028979, -0.11751716], [-0.01572525, -0.00122235, 0.12732789], [0.01383012, -0.11539352, -0.02259324], [0.08825702, -0.06218925, 0.04676086], [0.02939411, -0.02489879, -0.12042042]], "atomic quadrupole moments": [[0.13380707, 0.06145089, -0.05330047, -0.05540286, -0.05898381, -0.0805066], [0.31669209, 0.0927046, -0.03909509, -0.09578987, -0.07393399, -0.27759701], [0.11994065, -0.19457143, -0.06583174, -0.01591287, -0.04093766, -0.05410891], [0.06216464, 0.01789397, -0.03457505, -0.20544079, -0.06561974, -0.02758959], [-0.06086468, 0.18555863, 0.1184324, -0.01732383, 0.00035036, -0.05756771], [-0.03321358, -0.01872752, 0.07993228, -0.02295661, 0.20849821, -0.0467187], [0.12538733, -0.18215498, -0.05636163, 0.0294295, 0.04137414, -0.0690257], [0.21683161, 0.04876881, -0.10611858, 0.05054354, -0.07271291, -0.11071303], [0.03895969, 0.14401719, 0.14525406, -0.04068472, 0.01454344, -0.18421375], [0.03685348, -0.06469624, -0.02956914, 0.06528421, -0.07534363, -0.00728434], [0.01611314, -0.00555337, -0.02990434, -0.02427252, 0.00178037, 0.0137912], [-0.01370086, -0.00073357, 0.01144265, 0.0306035, 0.04791186, 0.00225821], [0.00889115, 0.03476365, 0.03447137, -0.01711944, 0.0003679, -0.04336252], [-0.00893949, 0.04089312, -0.00640238, -0.00663915, 0.04159198, 0.01534187], [0.01698128, -0.01882952, -0.04594968, 0.02921814, -0.02069769, 0.0289684], [0.02820426, -0.02374634, 0.00864419, -0.03320174, 0.02055842, -0.03684845], [0.02111595, -0.01769687, 0.00054643, 0.04276366, -0.02799227, -0.02166238], [-0.01652821, -0.03613854, -0.01021146, 0.03452111, -0.01517352, 0.02673968], [-0.04131566, 0.02445701, 0.02200731, -0.03886336, -0.01419825, 0.01930835], [0.01446088, 0.02146023, 0.03978711, 0.0003877, 0.00971544, -0.05424799], [0.00605618, 0.0077498, -0.01322686, -0.03148061, -0.04527948, 0.00717068], [-0.00911763, -0.01379487, -0.03702577, -0.018083, 0.0309465, 0.0461434], [0.00951719, -0.00595831, 0.04301117, 0.01175401, 0.03254712, -0.05252836], [0.01816098, -0.01397528, -0.00434056, 0.04875137, -0.03008596, -0.01382042], [-0.03828932, 0.01527404, -0.02303253, 0.00299484, -0.0024591, 0.06132185]], "number of molecular orbitals": 52, "number of electrons": 54, "number of unpaired electrons": 0, "orbital energies/eV": [-18.42662336, -17.17266754, -16.85534732, -16.82182993, -16.29185731, -16.18146625, -15.51132827, -15.28734372, -15.037644, -14.78865575, -14.07618941, -13.9838841, -13.90270684, -13.64751082, -13.40854113, -13.3038609, -12.91004137, -12.55252942, -12.50117758, -12.06022708, -11.92842532, -11.86163442, -11.76838194, -11.51931741, -11.26533505, -11.15281558, -10.76920738, 0.47238952, 1.78713206, 2.1207797, 2.29770292, 2.41975556, 2.58029974, 2.76199993, 2.83802116, 3.06066048, 4.12894236, 4.49599183, 4.64675926, 4.74922687, 4.99917827, 5.12097415, 5.36964637, 5.7479146, 6.35003036, 6.71702625, 7.23543629, 7.39273888, 7.67962609, 8.2952412, 8.96898047, 9.02278752], "fractional occupation": [2.0, 2.0, 2.0, 2.0, 2.0, 2.0, 2.0, 2.0, 2.0, 2.0, 2.0, 2.0, 2.0, 2.0, 2.0, 2.0, 2.0, 2.0, 2.0, 2.0, 2.0, 2.0, 2.0, 2.0, 2.0, 2.0, 2.0, 0.0, 0.0, 0.0, 0.0, 0.0, 0.0, 0.0, 0.0, 0.0, 0.0, 0.0, 0.0, 0.0, 0.0, 0.0, 0.0, 0.0, 0.0, 0.0, 0.0, 0.0, 0.0, 0.0, 0.0, 0.0], "program call": "xtb /home/svss/Project-DBcg-Debug/aqme2_20220329/End-to-End-workflows-final/example-3/QDESCP/mol_310_rdkit_conf_7/mol_310_rdkit_conf_7.xyz --pop --wbo --acc 0.2 --gfn 2 --chrg 0 --uhf 0 --etemp 300 --input /home/svss/Project-DBcg-Debug/aqme2_20220329/End-to-End-workflows-final/example-3/QDESCP/mol_310_rdkit_conf_7/mol_310_rdkit_conf_7_xtb.inp", "method": "GFN2-xTB", "xtb version": "6.3.3 (7355c4f)", "Dipole module/D": 1.854, "Total charge": 0, "Transition dipole module/D": NaN, "HOMO": -10.7692, "LUMO": 0.4724, "HOMO occupancy": 2.0, "LUMO occupancy": 0, "mulliken charges": [-0.57294, 0.21761, -0.05867, -0.05099, -0.04955, -0.0476, -0.0499, -0.04874, -0.07126, 0.33196, 0.0109, 0.028, 0.04904, 0.02555, 0.02649, 0.02678, 0.02116, 0.02529, 0.02319, 0.02528, 0.02662, 0.02454, 0.02721, 0.02416, 0.03588], "cm5 charges": [-0.78456, 0.16995, -0.16342, -0.16085, -0.16003, -0.15768, -0.16018, -0.15864, -0.17704, 0.50114, 0.0785, 0.0857, 0.10823, 0.08044, 0.08127, 0.08124, 0.07781, 0.08002, 0.07793, 0.07967, 0.08301, 0.08053, 0.08173, 0.08165, 0.09358], "FUKUI+": [-0.134, -0.037, -0.001, -0.001, 0.017, 0.015, 0.01, -0.012, -0.001, -0.104, -0.088, -0.049, -0.059, -0.044, -0.057, -0.055, -0.014, -0.042, -0.043, -0.051, -0.038, -0.047, -0.057, -0.048, -0.06], "FUKUI-": [-0.087, 0.002, 0.013, 0.011, 0.007, 0.007, 0.01, 0.011, -0.001, -0.047, -0.071, -0.076, -0.074, -0.086, -0.049, -0.05, -0.029, -0.049, -0.078, -0.094, -0.059, -0.041, -0.079, -0.049, -0.043], "FUKUIrad": [-0.111, -0.018, 0.006, 0.005, 0.012, 0.011, 0.01, -0.0, -0.001, -0.076, -0.08, -0.062, -0.066, -0.065, -0.053, -0.052, -0.021, -0.046, -0.061, -0.072, -0.048, -0.044, -0.068, -0.049, -0.051], "s proportion": [1.701, 1.023, 1.036, 1.031, 1.03, 1.03, 1.031, 1.03, 1.044, 0.668, 0.989, 0.972, 0.951, 0.974, 0.974, 0.973, 0.979, 0.975, 0.977, 0.975, 0.973, 0.975, 0.973, 0.976, 0.964], "p proportion": [4.872, 2.759, 3.023, 3.02, 3.02, 3.017, 3.019, 3.019, 3.027, 0.0, 0.0, 0.0, 0.0, 0.0, 0.0, 0.0, 0.0, 0.0, 0.0, 0.0, 0.0, 0.0, 0.0, 0.0, 0.0], "d proportion": [0.0, 0.0, 0.0, 0.0, 0.0, 0.0, 0.0, 0.0, 0.0, 0.0, 0.0, 0.0, 0.0, 0.0, 0.0, 0.0, 0.0, 0.0, 0.0, 0.0, 0.0, 0.0, 0.0, 0.0, 0.0], "Fermi-level/eV": -5.1484, "Coordination numbers": [1.653, 3.721, 3.799, 3.799, 3.799, 3.799, 3.799, 3.798, 3.799, 0.804, 0.924, 0.924, 0.923, 0.923, 0.924, 0.923, 0.924, 0.924, 0.923, 0.923, 0.924, 0.924, 0.923, 0.923, 0.923], "Dispersion coefficient C6": [22.025, 18.755, 21.697, 21.595, 21.555, 21.56, 21.592, 21.577, 21.764, 0.789, 2.782, 2.436, 2.292, 2.613, 2.559, 2.629, 2.587, 2.601, 2.656, 2.656, 2.491, 2.535, 2.613, 2.699, 2.444], "Total dispersion C6": 4407.115006, "Total dispersion C8": 93406.302574, "Polarizability alpha": [6.335, 6.185, 6.632, 6.617, 6.611, 6.611, 6.616, 6.614, 6.642, 1.395, 2.608, 2.441, 2.367, 2.528, 2.501, 2.536, 2.515, 2.522, 2.549, 2.549, 2.468, 2.49, 2.528, 2.569, 2.445], "Total polarizability alpha": 97.875309, "Wiberg matrix": [[0.0, 0.9708420191531317, 0.0, 0.0, 0.0, 0.0, 0.0, 0.0, 0.0, 0.9055351847489819, 0.0, 0.0, 0.0, 0.0, 0.0, 0.0, 0.0, 0.0, 0.0, 0.0, 0.0, 0.0, 0.0, 0.0, 0.0], [0.9708420191531317, 0.0, 0.9947869597113964, 0.0, 0.0, 0.0, 0.0, 0.0, 0.9912921038061683, 0.0, 0.9638553742350775, 0.0, 0.0, 0.0, 0.0, 0.0, 0.0, 0.0, 0.0, 0.0, 0.0, 0.0, 0.0, 0.0, 0.0], [0.0, 0.9947869597113964, 0.0, 1.0055181397481951, 0.0, 0.0, 0.0, 0.0, 0.0, 0.0, 0.0, 0.9725354769705474, 0.9716811174373658, 0.0, 0.0, 0.0, 0.0, 0.0, 0.0, 0.0, 0.0, 0.0, 0.0, 0.0, 0.0], [0.0, 0.0, 1.0055181397481951, 0.0, 1.0087288257999893, 0.0, 0.0, 0.0, 0.0, 0.0, 0.0, 0.0, 0.0, 0.9782740996973049, 0.9769666335757093, 0.0, 0.0, 0.0, 0.0, 0.0, 0.0, 0.0, 0.0, 0.0, 0.0], [0.0, 0.0, 0.0, 1.0087288257999893, 0.0, 1.0085114697322697, 0.0, 0.0, 0.0, 0.0, 0.0, 0.0, 0.0, 0.0, 0.0, 0.9752755980554261, 0.9717310217161421, 0.0, 0.0, 0.0, 0.0, 0.0, 0.0, 0.0, 0.0], [0.0, 0.0, 0.0, 0.0, 1.0085114697322697, 0.0, 1.0064639813877923, 0.0, 0.0, 0.0, 0.0, 0.0, 0.0, 0.0, 0.0, 0.0, 0.0, 0.9772096857341417, 0.9785095124919541, 0.0, 0.0, 0.0, 0.0, 0.0, 0.0], [0.0, 0.0, 0.0, 0.0, 0.0, 1.0064639813877923, 0.0, 1.0056269441116514, 0.0, 0.0, 0.0, 0.0, 0.0, 0.0, 0.0, 0.0, 0.0, 0.0, 0.0, 0.9790804229558755, 0.9728861162066427, 0.0, 0.0, 0.0, 0.0], [0.0, 0.0, 0.0, 0.0, 0.0, 0.0, 1.0056269441116514, 0.0, 1.007128195222156, 0.0, 0.0, 0.0, 0.0, 0.0, 0.0, 0.0, 0.0, 0.0, 0.0, 0.0, 0.0, 0.9740510706808075, 0.97853912943574, 0.0, 0.0], [0.0, 0.9912921038061683, 0.0, 0.0, 0.0, 0.0, 0.0, 1.007128195222156, 0.0, 0.0, 0.0, 0.0, 0.0, 0.0, 0.0, 0.0, 0.0, 0.0, 0.0, 0.0, 0.0, 0.0, 0.0, 0.9733435928415117, 0.9745724146437462], [0.9055351847489819, 0.0, 0.0, 0.0, 0.0, 0.0, 0.0, 0.0, 0.0, 0.0, 0.0, 0.0, 0.0, 0.0, 0.0, 0.0, 0.0, 0.0, 0.0, 0.0, 0.0, 0.0, 0.0, 0.0, 0.0], [0.0, 0.9638553742350775, 0.0, 0.0, 0.0, 0.0, 0.0, 0.0, 0.0, 0.0, 0.0, 0.0, 0.0, 0.0, 0.0, 0.0, 0.0, 0.0, 0.0, 0.0, 0.0, 0.0, 0.0, 0.0, 0.0], [0.0, 0.0, 0.9725354769705474, 0.0, 0.0, 0.0, 0.0, 0.0, 0.0, 0.0, 0.0, 0.0, 0.0, 0.0, 0.0, 0.0, 0.0, 0.0, 0.0, 0.0, 0.0, 0.0, 0.0, 0.0, 0.0], [0.0, 0.0, 0.9716811174373658, 0.0, 0.0, 0.0, 0.0, 0.0, 0.0, 0.0, 0.0, 0.0, 0.0, 0.0, 0.0, 0.0, 0.0, 0.0, 0.0, 0.0, 0.0, 0.0, 0.0, 0.0, 0.0], [0.0, 0.0, 0.0, 0.9782740996973049, 0.0, 0.0, 0.0, 0.0, 0.0, 0.0, 0.0, 0.0, 0.0, 0.0, 0.0, 0.0, 0.0, 0.0, 0.0, 0.0, 0.0, 0.0, 0.0, 0.0, 0.0], [0.0, 0.0, 0.0, 0.9769666335757093, 0.0, 0.0, 0.0, 0.0, 0.0, 0.0, 0.0, 0.0, 0.0, 0.0, 0.0, 0.0, 0.0, 0.0, 0.0, 0.0, 0.0, 0.0, 0.0, 0.0, 0.0], [0.0, 0.0, 0.0, 0.0, 0.9752755980554261, 0.0, 0.0, 0.0, 0.0, 0.0, 0.0, 0.0, 0.0, 0.0, 0.0, 0.0, 0.0, 0.0, 0.0, 0.0, 0.0, 0.0, 0.0, 0.0, 0.0], [0.0, 0.0, 0.0, 0.0, 0.9717310217161421, 0.0, 0.0, 0.0, 0.0, 0.0, 0.0, 0.0, 0.0, 0.0, 0.0, 0.0, 0.0, 0.0, 0.0, 0.0, 0.0, 0.0, 0.0, 0.0, 0.0], [0.0, 0.0, 0.0, 0.0, 0.0, 0.9772096857341417, 0.0, 0.0, 0.0, 0.0, 0.0, 0.0, 0.0, 0.0, 0.0, 0.0, 0.0, 0.0, 0.0, 0.0, 0.0, 0.0, 0.0, 0.0, 0.0], [0.0, 0.0, 0.0, 0.0, 0.0, 0.9785095124919541, 0.0, 0.0, 0.0, 0.0, 0.0, 0.0, 0.0, 0.0, 0.0, 0.0, 0.0, 0.0, 0.0, 0.0, 0.0, 0.0, 0.0, 0.0, 0.0], [0.0, 0.0, 0.0, 0.0, 0.0, 0.0, 0.9790804229558755, 0.0, 0.0, 0.0, 0.0, 0.0, 0.0, 0.0, 0.0, 0.0, 0.0, 0.0, 0.0, 0.0, 0.0, 0.0, 0.0, 0.0, 0.0], [0.0, 0.0, 0.0, 0.0, 0.0, 0.0, 0.9728861162066427, 0.0, 0.0, 0.0, 0.0, 0.0, 0.0, 0.0, 0.0, 0.0, 0.0, 0.0, 0.0, 0.0, 0.0, 0.0, 0.0, 0.0, 0.0], [0.0, 0.0, 0.0, 0.0, 0.0, 0.0, 0.0, 0.9740510706808075, 0.0, 0.0, 0.0, 0.0, 0.0, 0.0, 0.0, 0.0, 0.0, 0.0, 0.0, 0.0, 0.0, 0.0, 0.0, 0.0, 0.0], [0.0, 0.0, 0.0, 0.0, 0.0, 0.0, 0.0, 0.97853912943574, 0.0, 0.0, 0.0, 0.0, 0.0, 0.0, 0.0, 0.0, 0.0, 0.0, 0.0, 0.0, 0.0, 0.0, 0.0, 0.0, 0.0], [0.0, 0.0, 0.0, 0.0, 0.0, 0.0, 0.0, 0.0, 0.9733435928415117, 0.0, 0.0, 0.0, 0.0, 0.0, 0.0, 0.0, 0.0, 0.0, 0.0, 0.0, 0.0, 0.0, 0.0, 0.0, 0.0], [0.0, 0.0, 0.0, 0.0, 0.0, 0.0, 0.0, 0.0, 0.9745724146437462, 0.0, 0.0, 0.0, 0.0, 0.0, 0.0, 0.0, 0.0, 0.0, 0.0, 0.0, 0.0, 0.0, 0.0, 0.0, 0.0]], "Born radii": [], "Atomic SASAs": [], "Solvent H bonds": [], "Total SASA": NaN, "Total FOD": 0.0, "FOD": [0.0, 0.0, 0.0, 0.0, 0.0, 0.0, 0.0, 0.0, 0.0, 0.0, 0.0, 0.0, 0.0, 0.0, 0.0, 0.0, 0.0, 0.0, 0.0, 0.0, 0.0, 0.0, 0.0, 0.0, 0.0], "FOD s proportion": [0.0, 0.0, 0.0, 0.0, 0.0, 0.0, 0.0, 0.0, 0.0, 0.0, 0.0, 0.0, 0.0, 0.0, 0.0, 0.0, 0.0, 0.0, 0.0, 0.0, 0.0, 0.0, 0.0, 0.0, 0.0], "FOD p proportion": [0.0, 0.0, 0.0, 0.0, 0.0, 0.0, 0.0, 0.0, 0.0, 0.0, 0.0, 0.0, 0.0, 0.0, 0.0, 0.0, 0.0, 0.0, 0.0, 0.0, 0.0, 0.0, 0.0, 0.0, 0.0], "FOD d proportion": [0.0, 0.0, 0.0, 0.0, 0.0, 0.0, 0.0, 0.0, 0.0, 0.0, 0.0, 0.0, 0.0, 0.0, 0.0, 0.0, 0.0, 0.0, 0.0, 0.0, 0.0, 0.0, 0.0, 0.0, 0.0], "coordinates": [["2.91040", "0.83320", "-0.21440"], ["1.57170", "0.44100", "0.12590"], ["0.63350", "1.34750", "-0.67750"], ["-0.62390", "1.80990", "0.06010"], ["-1.37550", "0.78460", "0.90170"], ["-2.01330", "-0.36900", "0.13470"], ["-1.07770", "-1.33020", "-0.59700"], ["0.15660", "-1.76020", "0.19450"], ["1.45120", "-1.05190", "-0.20630"], ["3.51770", "0.31940", "0.34490"], ["1.46540", "0.61300", "1.20180"], ["0.36030", "0.87380", "-1.62620"], ["1.17370", "2.25560", "-0.98020"], ["-0.33100", "2.62760", "0.73220"], ["-1.31190", "2.25690", "-0.66840"], ["-2.18700", "1.31910", "1.41420"], ["-0.73790", "0.40660", "1.70710"], ["-2.73980", "0.02870", "-0.58490"], ["-2.59870", "-0.95510", "0.85570"], ["-1.66650", "-2.22970", "-0.82320"], ["-0.79920", "-0.92770", "-1.57580"], ["-0.00750", "-1.68540", "1.27490"], ["0.31410", "-2.82920", "-0.00380"], ["2.28010", "-1.57650", "0.28910"], ["1.63510", "-1.20190", "-1.27890"]], "bond_dist": [[0.0, 1.4358769515526042, 2.379756229112554, 3.677032720822593, 4.42910600234404, 5.080352088192313, 4.553199307080682, 3.8047782077277517, 2.38389015267063, 0.9724300591816359, 2.035223692865234, 2.9151050770083744, 2.3718765334645897, 3.8239504285489896, 4.478934580902026, 5.373260046750018, 4.145388124168833, 5.719200166107146, 5.89010303050804, 5.540758744071068, 4.326119615775782, 4.132251306491414, 4.494251863213721, 2.54115021791314, 2.6270101541486284], [1.4358769515526042, 0.0, 1.5321269692815933, 2.588218733028567, 3.0669063304900592, 3.6753778635672276, 3.267882220949831, 2.617727145827082, 1.5341536754836527, 1.9620559523112484, 1.0947348994162924, 2.173628351397727, 2.1620902779486335, 2.9612643482134455, 3.499079058838197, 4.0692262397168335, 2.7992193483183843, 4.389106991177134, 4.458019673577047, 4.303413591557288, 3.2233971815462024, 2.8871526804102343, 3.506078705619713, 2.1444745393685607, 2.1625454931630914], [2.379756229112554, 1.5321269692815933, 0.0, 1.529353549706542, 2.6166409860735573, 3.257543757188842, 3.17879898389313, 3.262762158049526, 2.5783295154033357, 3.2281420368379083, 2.1825023138590254, 1.0950167213335147, 1.0991309931031876, 2.1345187630939204, 2.1474804609122757, 3.5115859237672087, 2.9072921989370104, 3.6231148325715536, 4.25438430798159, 4.255301203205243, 2.834802853815411, 3.6634995796369347, 4.242724471374497, 3.4921888723263526, 2.80434036450642], [3.677032720822593, 2.588218733028567, 1.529353549706542, 0.0, 1.5246091991064465, 2.5852664717587626, 3.24005291006181, 3.6568917976883046, 3.5449835274652544, 4.410844800035476, 2.664811998997303, 2.1653037985465224, 2.124202989358597, 1.0982450136467727, 1.0972079338028868, 2.1255006610208333, 2.166761613560661, 2.8400231073003614, 3.489704772613294, 4.264457973764075, 3.1939556446513153, 3.7513744267934652, 4.7334106118104735, 4.466918620257146, 3.99586551825759], [4.42910600234404, 3.0669063304900592, 2.6166409860735573, 1.5246091991064465, 0.0, 1.5250805880346125, 2.6090545356507975, 3.0534356534893607, 3.548327653980111, 4.9467002658337815, 2.861855932782082, 3.0677738981222196, 3.493395089307821, 2.1251728165022254, 2.153352330669554, 1.0985803338855105, 1.094571569153886, 2.1546876478970214, 2.127178960501443, 3.485106239413656, 3.0662842709050966, 2.8480874705668713, 4.090749179551345, 4.394710835766103, 4.214844121672829], [5.080352088192313, 3.6753778635672276, 3.257543757188842, 2.5852664717587626, 1.5250805880346125, 0.0, 1.5279521229410298, 2.578270639401535, 3.54758983818592, 5.577637456844968, 3.7688698703988175, 3.2061343717941706, 4.2765051350372545, 3.4880870258638903, 2.834128151654402, 2.1253172821957667, 2.168096464643582, 1.0971744163987782, 1.0982018803480533, 2.121331454535099, 2.170712958914651, 2.6563506244470063, 3.3894774007212383, 4.462642621810534, 4.000351225830052], [4.553199307080682, 3.267882220949831, 3.17879898389313, 3.24005291006181, 2.6090545356507975, 1.5279521229410298, 0.0, 1.5280277288059927, 2.573991567585255, 4.972530234196671, 3.6713846556851, 2.8257233834896156, 4.251306368635411, 4.24128687664487, 3.595446288014883, 3.506317501311026, 2.905308088654283, 2.146935497400888, 2.136463971144845, 1.098613731026515, 1.0943573182466504, 2.185292815619911, 2.129787426012277, 3.4814735012635096, 2.800130771946196], [3.8047782077277517, 2.617727145827082, 3.262762158049526, 3.6568917976883046, 3.0534356534893607, 2.578270639401535, 1.5280277288059927, 0.0, 1.5291562019623763, 3.9552938613963944, 2.8913126724724876, 3.2084884572022383, 4.3059333645564, 4.447433404785282, 4.363276414576551, 4.057365837584775, 2.7898227990322253, 3.4923860797454793, 2.945683204283855, 2.1400554081612, 2.1772854613026746, 1.0953483509824626, 1.0985855178364587, 2.1335292592322235, 2.1606870897934294], [2.38389015267063, 1.5341536754836527, 2.5783295154033357, 3.5449835274652544, 3.548327653980111, 3.54758983818592, 2.573991567585255, 1.5291562019623763, 0.0, 2.540611615339897, 2.1805593915323653, 2.6295435554483597, 3.4081496020568114, 4.19472756445517, 4.335483301778476, 4.63510091475903, 3.2527650729802176, 4.3445961055085425, 4.187947498477028, 3.3893704046621993, 2.6372819435926833, 2.1732651425907514, 2.119622124341978, 1.0989547442911378, 1.0985399264478284], [0.9724300591816359, 1.9620559523112484, 3.2281420368379083, 4.410844800035476, 4.9467002658337815, 5.577637456844968, 4.972530234196671, 3.9552938613963944, 2.540611615339897, 0.0, 2.2433042281420503, 3.7632126341730943, 3.3164885722703765, 4.504473356564561, 5.301482745421322, 5.889516505622511, 4.469152496838746, 6.332877764492222, 6.268621527098283, 5.893920432106291, 4.886713876420432, 4.1606679848312815, 4.5053664234998685, 2.2647746488337424, 2.914663426538303], [2.035223692865234, 1.0947348994162924, 2.1825023138590254, 2.664811998997303, 2.861855932782082, 3.7688698703988175, 3.6713846556851, 2.8913126724724876, 2.1805593915323653, 2.2433042281420503, 0.0, 3.0474327966339145, 2.7466975898340174, 2.7397427397476575, 3.730073798197564, 3.7260859799526904, 2.269903068415037, 4.6062360360711, 4.36985487516462, 4.689388648853921, 3.900926993677272, 2.7308278195448352, 3.824618136494152, 2.508120338022081, 3.078397730963301], [2.9151050770083744, 2.173628351397727, 1.0950167213335147, 2.1653037985465224, 3.0677738981222196, 3.2061343717941706, 2.8257233834896156, 3.2084884572022383, 2.6295435554483597, 3.7632126341730943, 3.0474327966339145, 0.0, 1.728671975824216, 3.019231804615207, 2.3720453811004543, 3.9913733902004207, 3.5405095636080413, 3.3777388457368933, 4.2732170340388755, 3.7926823608100904, 2.142984521642655, 3.8860214474446746, 4.043083625155433, 3.6548565252277685, 2.4605411640531436], [2.3718765334645897, 2.1620902779486335, 1.0991309931031876, 2.124202989358597, 3.493395089307821, 4.2765051350372545, 4.251306368635411, 4.3059333645564, 3.4081496020568114, 3.3164885722703765, 2.7466975898340174, 1.728671975824216, 0.0, 2.309722894634765, 2.505080495712663, 4.231369530069431, 3.7808196002983268, 4.52004733935387, 5.283003412832515, 5.31124289879497, 3.792159366376893, 4.691715086191828, 5.248567438835096, 4.185717842855631, 3.5009167228027573], [3.8239504285489896, 2.9612643482134455, 2.1345187630939204, 1.0982450136467727, 2.1251728165022254, 3.4880870258638903, 4.24128687664487, 4.447433404785282, 4.19472756445517, 4.504473356564561, 2.7397427397476575, 3.019231804615207, 2.309722894634765, 0.0, 1.7496467243418026, 2.371082505945333, 2.4594386798617283, 3.780390331698567, 4.241869261304502, 5.272209470421296, 4.264532017701356, 4.359030229305597, 5.543871954690152, 4.9687662080238795, 4.751330620994502], [4.478934580902026, 3.499079058838197, 2.1474804609122757, 1.0972079338028868, 2.153352330669554, 2.834128151654402, 3.595446288014883, 4.363276414576551, 4.335483301778476, 5.301482745421322, 3.730073798197564, 2.3720453811004543, 2.505080495712663, 1.7496467243418026, 0.0, 2.4459132466218008, 3.065303629332664, 2.647781316498777, 3.780962714706401, 4.503252575639078, 3.350807844386186, 4.584714117586832, 5.380890481137857, 5.3398713289741355, 4.584846419456163], [5.373260046750018, 4.0692262397168335, 3.5115859237672087, 2.1255006610208333, 1.0985803338855105, 2.1253172821957667, 3.506317501311026, 4.057365837584775, 4.63510091475903, 5.889516505622511, 3.7260859799526904, 3.9913733902004207, 4.231369530069431, 2.371082505945333, 2.4459132466218008, 0.0, 1.7373363145919674, 2.442769086508178, 2.377688957790737, 4.227394049529805, 3.989260467806032, 3.7143835275857016, 5.047238660891716, 5.44107818175773, 5.311937219132018], [4.145388124168833, 2.7992193483183843, 2.9072921989370104, 2.166761613560661, 1.094571569153886, 2.168096464643582, 2.905308088654283, 2.7898227990322253, 3.2527650729802176, 4.469152496838746, 2.269903068415037, 3.5405095636080413, 3.7808196002983268, 2.4594386798617283, 3.065303629332664, 1.7373363145919674, 0.0, 3.0665413775131096, 2.45798402964706, 3.7702511507855814, 3.5442272204247853, 2.2575971739883096, 3.808449087226978, 3.879656377825232, 4.1393957590450325], [5.719200166107146, 4.389106991177134, 3.6231148325715536, 2.8400231073003614, 2.1546876478970214, 1.0971744163987782, 2.146935497400888, 3.4923860797454793, 4.3445961055085425, 6.332877764492222, 4.6062360360711, 3.3777388457368933, 4.52004733935387, 3.780390331698567, 2.647781316498777, 2.442769086508178, 3.0665413775131096, 0.0, 1.7501714230326124, 2.511798228361506, 2.379603355603618, 3.7232322167707994, 4.222744940201811, 5.342278451185411, 4.597364720141312], [5.89010303050804, 4.458019673577047, 4.25438430798159, 3.489704772613294, 2.127178960501443, 1.0982018803480533, 2.136463971144845, 2.945683204283855, 4.187947498477028, 6.268621527098283, 4.36985487516462, 4.2732170340388755, 5.283003412832515, 4.241869261304502, 3.780962714706401, 2.377688957790737, 2.45798402964706, 1.7501714230326124, 0.0, 2.304844291920823, 3.02508566159704, 2.724588807508392, 3.5686685051991027, 4.950743677469073, 4.747893200146777], [5.540758744071068, 4.303413591557288, 4.255301203205243, 4.264457973764075, 3.485106239413656, 2.121331454535099, 1.098613731026515, 2.1400554081612, 3.3893704046621993, 5.893920432106291, 4.689388648853921, 3.7926823608100904, 5.31124289879497, 5.272209470421296, 4.503252575639078, 4.227394049529805, 3.7702511507855814, 2.511798228361506, 2.304844291920823, 0.0, 1.7360357283189767, 2.7295726954964947, 2.2256668596175846, 4.152051672366325, 3.487778360217289], [4.326119615775782, 3.2233971815462024, 2.834802853815411, 3.1939556446513153, 3.0662842709050966, 2.170712958914651, 1.0943573182466504, 2.1772854613026746, 2.6372819435926833, 4.886713876420432, 3.900926993677272, 2.142984521642655, 3.792159366376893, 4.264532017701356, 3.350807844386186, 3.989260467806032, 3.5442272204247853, 2.379603355603618, 3.02508566159704, 1.7360357283189767, 0.0, 3.0540773844157907, 2.7067181493461785, 3.657988783471048, 2.4676206637163665], [4.132251306491414, 2.8871526804102343, 3.6634995796369347, 3.7513744267934652, 2.8480874705668713, 2.6563506244470063, 2.185292815619911, 1.0953483509824626, 2.1732651425907514, 4.1606679848312815, 2.7308278195448352, 3.8860214474446746, 4.691715086191828, 4.359030229305597, 4.584714117586832, 3.7143835275857016, 2.2575971739883096, 3.7232322167707994, 2.724588807508392, 2.7295726954964947, 3.0540773844157907, 0.0, 1.7455024176436995, 2.49334606703522, 3.0747034735076486], [4.494251863213721, 3.506078705619713, 4.242724471374497, 4.7334106118104735, 4.090749179551345, 3.3894774007212383, 2.129787426012277, 1.0985855178364587, 2.119622124341978, 4.5053664234998685, 3.824618136494152, 4.043083625155433, 5.248567438835096, 5.543871954690152, 5.380890481137857, 5.047238660891716, 3.808449087226978, 4.222744940201811, 3.5686685051991027, 2.2256668596175846, 2.7067181493461785, 1.7455024176436995, 0.0, 2.349511374733053, 2.4533703960062776], [2.54115021791314, 2.1444745393685607, 3.4921888723263526, 4.466918620257146, 4.394710835766103, 4.462642621810534, 3.4814735012635096, 2.1335292592322235, 1.0989547442911378, 2.2647746488337424, 2.508120338022081, 3.6548565252277685, 4.185717842855631, 4.9687662080238795, 5.3398713289741355, 5.44107818175773, 3.879656377825232, 5.342278451185411, 4.950743677469073, 4.152051672366325, 3.657988783471048, 2.49334606703522, 2.349511374733053, 0.0, 1.7363680946158855], [2.6270101541486284, 2.1625454931630914, 2.80434036450642, 3.99586551825759, 4.214844121672829, 4.000351225830052, 2.800130771946196, 2.1606870897934294, 1.0985399264478284, 2.914663426538303, 3.078397730963301, 2.4605411640531436, 3.5009167228027573, 4.751330620994502, 4.584846419456163, 5.311937219132018, 4.1393957590450325, 4.597364720141312, 4.747893200146777, 3.487778360217289, 2.4676206637163665, 3.0747034735076486, 2.4533703960062776, 1.7363680946158855, 0.0]]}