{"total energy": -43.45902657, "HOMO-LUMO gap/eV": 3.37969836, "electronic energy": -43.96787455, "dipole": [0.80493912, -0.43200504, -0.04941309], "partial charges": [-0.37603557, 0.28277676, -0.17713745, 0.33947118, -0.42013967, -0.17516315, 0.2801127, -0.3787875, -0.01834907, -0.05188308, -0.10496228, -0.05181339, -0.0299355, -0.08776034, 0.2332072, 0.23337427, 0.06144407, 0.05862121, 0.04686688, 0.04153429, 0.04162007, 0.06513107, 0.04411432, 0.04938278, 0.05155778, 0.04275243], "atomic dipole moments": [[0.06346295, 0.06421276, -0.16037999], [0.01835183, 0.08827505, -0.0017011], [-0.07425527, -0.00327889, -0.0478091], [0.00961639, -0.09130838, 0.00094981], [0.02379597, -0.21320055, -0.00376696], [-0.03862707, -0.00406308, 0.05956069], [0.00733888, 0.08358833, 0.00629949], [0.07299821, 0.07484576, 0.15545839], [0.02032364, 0.03151274, -0.00679536], [-0.00795958, 0.1571627, -0.00467021], [0.12002492, -0.01917769, -0.00564025], [-0.12797163, 0.00597432, 0.07088589], [-0.10448261, 0.04340599, -0.13718245], [0.051992, 0.02503252, 0.03804193], [-0.02439857, 0.0735969, 0.11080801], [-0.04387275, 0.07389855, -0.10740284], [0.02358315, -0.07504137, 0.10120601], [0.01571822, -0.07988159, -0.09831229], [-0.06230336, -0.10938848, 0.00906569], [-0.03571732, 0.06872665, 0.10321975], [-0.04865845, 0.05801617, -0.10390199], [0.02251451, -0.06361527, -0.10877278], [0.07428143, 0.10120729, -0.02520917], [-0.04090564, -0.14464897, 0.02806475], [0.05263258, -0.09333925, 0.10867685], [0.0566804, 0.14100971, -0.01549481]], "atomic quadrupole moments": [[0.18411961, -0.0715518, -0.08885427, 0.07238531, -0.03781446, -0.09526534], [0.42488924, -0.16993215, -0.12829907, 0.20946067, -0.06696361, -0.29659017], [0.00462407, 0.01170666, 0.03662417, 0.00341608, -0.10210972, -0.04124823], [0.40078735, 0.09062887, -0.24871702, -0.09236395, -0.01716788, -0.15207032], [0.1522228, 0.02631198, -0.03932704, -0.04128859, -0.0048733, -0.11289576], [-0.0003763, 0.02586996, 0.03250106, -0.01665608, 0.100125, -0.03212476], [0.40401595, -0.11389798, -0.16431298, -0.27826467, 0.05076257, -0.23970297], [0.17504328, -0.04252198, -0.09896191, -0.0970643, 0.03531633, -0.07608137], [-0.04393008, 0.00012742, -0.0119293, -0.00609246, 0.00148659, 0.05585939], [0.18333945, 0.09658703, 0.05107918, -0.02438511, -0.01251943, -0.23441863], [0.22394745, -0.06430149, -0.09787381, -0.01883203, 0.00090146, -0.12607365], [0.18142221, -0.1075322, -0.10728449, 0.02823184, -0.07786018, -0.07413772], [0.04316321, -0.29586984, -0.19298654, -0.38256558, 0.05141977, 0.14982332], [0.09998167, -0.24011837, -0.18626231, -0.45247164, 0.19878608, 0.08628064], [-0.05420124, 0.00856131, 0.01635056, 0.00741893, 0.01294808, 0.03785068], [-0.04904485, 0.00251143, 0.01733666, 0.01576168, -0.01199698, 0.03170819], [0.0004956, -0.00536628, -0.03007965, 0.0254317, -0.03411308, 0.02958405], [-0.00705093, -9.415e-05, -0.0245657, -0.01895165, 0.03890331, 0.03161663], [-0.00954238, 0.03984394, 0.06412019, -0.00387907, -0.00902958, -0.05457781], [-0.02809824, -0.01018006, -0.00900784, -0.00255891, 0.06037622, 0.03710608], [-0.02603151, -0.01666007, -0.01987369, 0.01200749, -0.05391315, 0.0459052], [-0.02885939, -0.00307709, 0.0026909, 0.01366619, 0.04371277, 0.02616849], [-0.0066335, 0.02702529, 0.04903078, 0.01694234, -0.00567876, -0.04239728], [-0.00256934, 0.03128793, 0.00412722, 0.05133844, -0.00981754, -0.00155788], [-0.01095289, 0.01229215, 0.01416987, 0.04890837, -0.02557883, -0.00321698], [-0.01713268, 0.02777656, 0.0344269, 0.03054283, -0.01954423, -0.01729423]], "number of molecular orbitals": 68, "number of electrons": 76, "number of unpaired electrons": 0, "orbital energies/eV": [-20.6456121, -20.32256428, -20.23735516, -19.81858141, -19.41965342, -18.79402308, -18.26946092, -18.12914484, -17.68133175, -17.18229572, -17.10484804, -16.95516933, -16.61930155, -16.42480512, -15.86870297, -15.704364, -15.64936659, -15.60860487, -15.42518414, -15.19738158, -14.89538967, -14.64989495, -14.46294657, -14.19396541, -14.00521108, -13.64692823, -13.57058245, -13.15945216, -12.93997496, -12.84442535, -12.66847432, -12.52651206, -12.48311723, -12.38517784, -12.13069536, -11.96399833, -11.66193299, -11.50254415, -8.12284579, -7.20511029, -6.31349533, -5.88077751, -0.42918152, 0.04098325, 0.71140578, 1.40025873, 1.66982976, 2.41352125, 3.08980681, 3.42081099, 3.44270944, 3.71160282, 4.04117, 4.10300517, 4.39458675, 4.64193974, 5.09691968, 5.35240861, 5.45225846, 6.50376968, 7.45547944, 7.63369574, 10.562817, 11.24601219, 14.08169268, 14.13559063, 14.72310634, 16.29251678], "fractional occupation": [2.0, 2.0, 2.0, 2.0, 2.0, 2.0, 2.0, 2.0, 2.0, 2.0, 2.0, 2.0, 2.0, 2.0, 2.0, 2.0, 2.0, 2.0, 2.0, 2.0, 2.0, 2.0, 2.0, 2.0, 2.0, 2.0, 2.0, 2.0, 2.0, 2.0, 2.0, 2.0, 2.0, 2.0, 2.0, 2.0, 2.0, 2.0, 0.0, 0.0, 0.0, 0.0, 0.0, 0.0, 0.0, 0.0, 0.0, 0.0, 0.0, 0.0, 0.0, 0.0, 0.0, 0.0, 0.0, 0.0, 0.0, 0.0, 0.0, 0.0, 0.0, 0.0, 0.0, 0.0, 0.0, 0.0, 0.0, 0.0], "program call": "xtb /home/svss/Project-DBcg-Debug/aqme2_20220329/End-to-End-workflows-final/example-3/QDESCP/mol_692_rdkit_conf_3/mol_692_rdkit_conf_3.xyz --pop --wbo --acc 0.2 --gfn 2 --chrg 0 --uhf 0 --etemp 300 --input /home/svss/Project-DBcg-Debug/aqme2_20220329/End-to-End-workflows-final/example-3/QDESCP/mol_692_rdkit_conf_3/mol_692_rdkit_conf_3_xtb.inp", "method": "GFN2-xTB", "xtb version": "6.3.3 (7355c4f)", "Dipole module/D": 2.325, "Total charge": 0, "Transition dipole module/D": NaN, "HOMO": -11.5025, "LUMO": -8.1228, "HOMO occupancy": 2.0, "LUMO occupancy": 0, "mulliken charges": [-0.50458, 0.47579, -0.32898, 0.57508, -0.53549, -0.32599, 0.47514, -0.50795, -0.05253, -0.02821, -0.08781, -0.03681, -0.02298, -0.06735, 0.27925, 0.28096, 0.04453, 0.0435, 0.03823, 0.03905, 0.03902, 0.05818, 0.03408, 0.03837, 0.04447, 0.033], "cm5 charges": [-0.54963, 0.57532, -0.67211, 0.74253, -0.57252, -0.66888, 0.57337, -0.55351, -0.05417, -0.13151, -0.23631, -0.1332, -0.08634, -0.16913, 0.48236, 0.48336, 0.10323, 0.10145, 0.08916, 0.09409, 0.09417, 0.11565, 0.09538, 0.09442, 0.09667, 0.08615], "FUKUI+": [-0.13, -0.047, -0.031, -0.048, -0.137, -0.032, -0.052, -0.139, -0.005, 0.015, 0.015, -0.001, -0.009, -0.023, -0.045, -0.046, -0.027, -0.029, -0.035, -0.007, -0.007, -0.037, -0.022, -0.038, -0.05, -0.033], "FUKUI-": [-0.082, -0.005, -0.024, -0.002, -0.099, -0.027, -0.006, -0.09, -0.016, 0.014, 0.014, 0.012, -0.031, -0.038, -0.032, -0.034, -0.06, -0.059, -0.048, -0.056, -0.065, -0.056, -0.036, -0.05, -0.067, -0.057], "FUKUIrad": [-0.106, -0.026, -0.027, -0.025, -0.118, -0.029, -0.029, -0.115, -0.01, 0.015, 0.015, 0.005, -0.02, -0.031, -0.038, -0.04, -0.044, -0.044, -0.042, -0.031, -0.036, -0.047, -0.029, -0.044, -0.059, -0.045], "s proportion": [1.73, 1.012, 1.434, 0.938, 1.721, 1.429, 1.012, 1.729, 1.106, 1.03, 1.009, 1.039, 1.068, 1.052, 0.721, 0.719, 0.955, 0.956, 0.962, 0.961, 0.961, 0.942, 0.966, 0.962, 0.956, 0.967], "p proportion": [4.775, 2.512, 3.895, 2.487, 4.815, 3.897, 2.513, 4.778, 2.947, 2.998, 3.079, 2.998, 2.955, 3.015, 0.0, 0.0, 0.0, 0.0, 0.0, 0.0, 0.0, 0.0, 0.0, 0.0, 0.0, 0.0], "d proportion": [0.0, 0.0, 0.0, 0.0, 0.0, 0.0, 0.0, 0.0, 0.0, 0.0, 0.0, 0.0, 0.0, 0.0, 0.0, 0.0, 0.0, 0.0, 0.0, 0.0, 0.0, 0.0, 0.0, 0.0, 0.0, 0.0], "Fermi-level/eV": -9.8127, "Coordination numbers": [0.858, 2.77, 2.696, 2.707, 0.86, 2.696, 2.769, 0.858, 3.902, 3.801, 3.748, 3.813, 2.883, 2.834, 0.86, 0.86, 0.924, 0.924, 0.924, 0.924, 0.924, 0.923, 0.923, 0.925, 0.925, 0.925], "Dispersion coefficient C6": [21.207, 22.213, 24.835, 21.231, 22.086, 24.791, 22.26, 21.261, 20.845, 21.506, 22.573, 21.494, 28.745, 30.19, 0.951, 0.951, 2.182, 2.215, 2.36, 2.429, 2.427, 2.14, 2.395, 2.328, 2.301, 2.412], "Total dispersion C6": 7109.604195, "Total dispersion C8": 161515.495939, "Polarizability alpha": [6.174, 7.719, 7.401, 7.542, 6.301, 7.395, 7.727, 6.182, 6.49, 6.603, 6.777, 6.599, 8.79, 9.004, 1.528, 1.527, 2.31, 2.328, 2.402, 2.437, 2.437, 2.288, 2.42, 2.386, 2.372, 2.429], "Total polarizability alpha": 127.566399, "Wiberg matrix": [[0.0, 1.7588264695908058, 0.1313652497108091, 0.0, 0.0, 0.0, 0.0, 0.0, 0.0, 0.0, 0.0, 0.0, 0.0, 0.0, 0.0, 0.0, 0.0, 0.0, 0.0, 0.0, 0.0, 0.0, 0.0, 0.0, 0.0, 0.0], [1.7588264695908058, 0.0, 1.1306866975067082, 0.0, 0.0, 0.0, 0.0, 0.0, 0.9541528612633603, 0.0, 0.0, 0.0, 0.0, 0.0, 0.0, 0.0, 0.0, 0.0, 0.0, 0.0, 0.0, 0.0, 0.0, 0.0, 0.0, 0.0], [0.1313652497108091, 1.1306866975067082, 0.0, 1.1208101121244591, 0.11640111779423068, 0.0, 0.0, 0.0, 0.0, 0.0, 0.0, 0.0, 0.0, 0.0, 0.9085313883948134, 0.0, 0.0, 0.0, 0.0, 0.0, 0.0, 0.0, 0.0, 0.0, 0.0, 0.0], [0.0, 0.0, 1.1208101121244591, 0.0, 1.6547597053262137, 1.1229044763221823, 0.0, 0.0, 0.0, 0.0, 0.0, 0.0, 0.0, 0.0, 0.0, 0.0, 0.0, 0.0, 0.0, 0.0, 0.0, 0.0, 0.0, 0.0, 0.0, 0.0], [0.0, 0.0, 0.11640111779423068, 1.6547597053262137, 0.0, 0.11463241783150113, 0.0, 0.0, 0.0, 0.0, 0.0, 0.0, 0.0, 0.0, 0.0, 0.0, 0.0, 0.0, 0.0, 0.0, 0.0, 0.0, 0.0, 0.0, 0.0, 0.0], [0.0, 0.0, 0.0, 1.1229044763221823, 0.11463241783150113, 0.0, 1.1414007780393602, 0.1352444976758999, 0.0, 0.0, 0.0, 0.0, 0.0, 0.0, 0.0, 0.9092828324388266, 0.0, 0.0, 0.0, 0.0, 0.0, 0.0, 0.0, 0.0, 0.0, 0.0], [0.0, 0.0, 0.0, 0.0, 0.0, 1.1414007780393602, 0.0, 1.7500718321370679, 0.9481704610800393, 0.0, 0.0, 0.0, 0.0, 0.0, 0.0, 0.0, 0.0, 0.0, 0.0, 0.0, 0.0, 0.0, 0.0, 0.0, 0.0, 0.0], [0.0, 0.0, 0.0, 0.0, 0.0, 0.1352444976758999, 1.7500718321370679, 0.0, 0.0, 0.0, 0.0, 0.0, 0.0, 0.0, 0.0, 0.0, 0.0, 0.0, 0.0, 0.0, 0.0, 0.0, 0.0, 0.0, 0.0, 0.0], [0.0, 0.9541528612633603, 0.0, 0.0, 0.0, 0.0, 0.9481704610800393, 0.0, 0.0, 0.9748959008750725, 0.0, 0.9111918516145857, 0.0, 0.0, 0.0, 0.0, 0.0, 0.0, 0.0, 0.0, 0.0, 0.0, 0.0, 0.0, 0.0, 0.0], [0.0, 0.0, 0.0, 0.0, 0.0, 0.0, 0.0, 0.0, 0.9748959008750725, 0.0, 1.0199614422682854, 0.0, 0.0, 0.0, 0.0, 0.0, 0.9720395572351987, 0.973832868359972, 0.0, 0.0, 0.0, 0.0, 0.0, 0.0, 0.0, 0.0], [0.0, 0.0, 0.0, 0.0, 0.0, 0.0, 0.0, 0.0, 0.0, 1.0199614422682854, 0.0, 0.0, 0.0, 0.0, 0.0, 0.0, 0.0, 0.0, 0.9851142045536265, 0.9866726412580369, 0.9866378766299997, 0.0, 0.0, 0.0, 0.0, 0.0], [0.0, 0.0, 0.0, 0.0, 0.0, 0.0, 0.0, 0.0, 0.9111918516145857, 0.0, 0.0, 0.0, 1.0211310259937219, 0.0, 0.0, 0.0, 0.0, 0.0, 0.0, 0.0, 0.0, 0.9578295950767854, 0.972789488303076, 0.0, 0.0, 0.0], [0.0, 0.0, 0.0, 0.0, 0.0, 0.0, 0.0, 0.0, 0.0, 0.0, 0.0, 1.0211310259937219, 0.0, 1.977428423142103, 0.0, 0.0, 0.0, 0.0, 0.0, 0.0, 0.0, 0.0, 0.0, 0.965046167725843, 0.0, 0.0], [0.0, 0.0, 0.0, 0.0, 0.0, 0.0, 0.0, 0.0, 0.0, 0.0, 0.0, 0.0, 1.977428423142103, 0.0, 0.0, 0.0, 0.0, 0.0, 0.0, 0.0, 0.0, 0.0, 0.0, 0.0, 0.9759898052636621, 0.9756737351762228], [0.0, 0.0, 0.9085313883948134, 0.0, 0.0, 0.0, 0.0, 0.0, 0.0, 0.0, 0.0, 0.0, 0.0, 0.0, 0.0, 0.0, 0.0, 0.0, 0.0, 0.0, 0.0, 0.0, 0.0, 0.0, 0.0, 0.0], [0.0, 0.0, 0.0, 0.0, 0.0, 0.9092828324388266, 0.0, 0.0, 0.0, 0.0, 0.0, 0.0, 0.0, 0.0, 0.0, 0.0, 0.0, 0.0, 0.0, 0.0, 0.0, 0.0, 0.0, 0.0, 0.0, 0.0], [0.0, 0.0, 0.0, 0.0, 0.0, 0.0, 0.0, 0.0, 0.0, 0.9720395572351987, 0.0, 0.0, 0.0, 0.0, 0.0, 0.0, 0.0, 0.0, 0.0, 0.0, 0.0, 0.0, 0.0, 0.0, 0.0, 0.0], [0.0, 0.0, 0.0, 0.0, 0.0, 0.0, 0.0, 0.0, 0.0, 0.973832868359972, 0.0, 0.0, 0.0, 0.0, 0.0, 0.0, 0.0, 0.0, 0.0, 0.0, 0.0, 0.0, 0.0, 0.0, 0.0, 0.0], [0.0, 0.0, 0.0, 0.0, 0.0, 0.0, 0.0, 0.0, 0.0, 0.0, 0.9851142045536265, 0.0, 0.0, 0.0, 0.0, 0.0, 0.0, 0.0, 0.0, 0.0, 0.0, 0.0, 0.0, 0.0, 0.0, 0.0], [0.0, 0.0, 0.0, 0.0, 0.0, 0.0, 0.0, 0.0, 0.0, 0.0, 0.9866726412580369, 0.0, 0.0, 0.0, 0.0, 0.0, 0.0, 0.0, 0.0, 0.0, 0.0, 0.0, 0.0, 0.0, 0.0, 0.0], [0.0, 0.0, 0.0, 0.0, 0.0, 0.0, 0.0, 0.0, 0.0, 0.0, 0.9866378766299997, 0.0, 0.0, 0.0, 0.0, 0.0, 0.0, 0.0, 0.0, 0.0, 0.0, 0.0, 0.0, 0.0, 0.0, 0.0], [0.0, 0.0, 0.0, 0.0, 0.0, 0.0, 0.0, 0.0, 0.0, 0.0, 0.0, 0.9578295950767854, 0.0, 0.0, 0.0, 0.0, 0.0, 0.0, 0.0, 0.0, 0.0, 0.0, 0.0, 0.0, 0.0, 0.0], [0.0, 0.0, 0.0, 0.0, 0.0, 0.0, 0.0, 0.0, 0.0, 0.0, 0.0, 0.972789488303076, 0.0, 0.0, 0.0, 0.0, 0.0, 0.0, 0.0, 0.0, 0.0, 0.0, 0.0, 0.0, 0.0, 0.0], [0.0, 0.0, 0.0, 0.0, 0.0, 0.0, 0.0, 0.0, 0.0, 0.0, 0.0, 0.0, 0.965046167725843, 0.0, 0.0, 0.0, 0.0, 0.0, 0.0, 0.0, 0.0, 0.0, 0.0, 0.0, 0.0, 0.0], [0.0, 0.0, 0.0, 0.0, 0.0, 0.0, 0.0, 0.0, 0.0, 0.0, 0.0, 0.0, 0.0, 0.9759898052636621, 0.0, 0.0, 0.0, 0.0, 0.0, 0.0, 0.0, 0.0, 0.0, 0.0, 0.0, 0.0], [0.0, 0.0, 0.0, 0.0, 0.0, 0.0, 0.0, 0.0, 0.0, 0.0, 0.0, 0.0, 0.0, 0.9756737351762228, 0.0, 0.0, 0.0, 0.0, 0.0, 0.0, 0.0, 0.0, 0.0, 0.0, 0.0, 0.0]], "Born radii": [], "Atomic SASAs": [], "Solvent H bonds": [], "Total SASA": NaN, "Total FOD": 0.0, "FOD": [0.0, 0.0, 0.0, 0.0, 0.0, 0.0, 0.0, 0.0, 0.0, 0.0, 0.0, 0.0, 0.0, 0.0, 0.0, 0.0, 0.0, 0.0, 0.0, 0.0, 0.0, 0.0, 0.0, 0.0, 0.0, 0.0], "FOD s proportion": [0.0, 0.0, 0.0, 0.0, 0.0, 0.0, 0.0, 0.0, 0.0, 0.0, 0.0, 0.0, 0.0, 0.0, 0.0, 0.0, 0.0, 0.0, 0.0, 0.0, 0.0, 0.0, 0.0, 0.0, 0.0, 0.0], "FOD p proportion": [0.0, 0.0, 0.0, 0.0, 0.0, 0.0, 0.0, 0.0, 0.0, 0.0, 0.0, 0.0, 0.0, 0.0, 0.0, 0.0, 0.0, 0.0, 0.0, 0.0, 0.0, 0.0, 0.0, 0.0, 0.0, 0.0], "FOD d proportion": [0.0, 0.0, 0.0, 0.0, 0.0, 0.0, 0.0, 0.0, 0.0, 0.0, 0.0, 0.0, 0.0, 0.0, 0.0, 0.0, 0.0, 0.0, 0.0, 0.0, 0.0, 0.0, 0.0, 0.0, 0.0, 0.0], "coordinates": [["-0.69920", "0.26110", "2.06500"], ["-0.30520", "0.68490", "0.98150"], ["0.07470", "1.99260", "0.85440"], ["-0.13290", "2.70500", "-0.28430"], ["-0.27350", "3.92310", "-0.26150"], ["-0.26540", "1.99710", "-1.43870"], ["-0.54550", "0.65870", "-1.50500"], ["-1.00530", "0.17750", "-2.53780"], ["-0.17510", "-0.16240", "-0.27750"], ["-1.04050", "-1.44450", "-0.18980"], ["-2.54620", "-1.19540", "-0.10710"], ["1.32870", "-0.52130", "-0.47250"], ["1.95720", "-1.32480", "0.63540"], ["2.93640", "-0.86950", "1.42720"], ["-0.01780", "2.54010", "1.70030"], ["-0.53270", "2.54000", "-2.24920"], ["-0.75850", "-2.03240", "0.69210"], ["-0.84900", "-2.08140", "-1.06300"], ["-3.07440", "-2.15160", "-0.02820"], ["-2.81230", "-0.59840", "0.76950"], ["-2.92510", "-0.68450", "-0.99640"], ["1.44540", "-1.09620", "-1.40190"], ["1.91700", "0.39410", "-0.62840"], ["1.60020", "-2.34280", "0.78280"], ["3.35450", "-1.50030", "2.20700"], ["3.34450", "0.13110", "1.32620"]], "bond_dist": [[0.0, 1.228338182260895, 2.2500146266191248, 3.4369395383102104, 4.359365405652524, 3.934182523727134, 3.595359432657603, 4.613724526887144, 2.4374862686792715, 2.8477500048283733, 3.20169012554307, 3.3411726115242835, 3.408122053272154, 3.8603927986669957, 2.406481466789221, 4.8819493135426955, 2.6736703517823583, 3.910771060801182, 3.9804751688711737, 2.6234046790382917, 3.9014048918306337, 4.296622866857178, 3.75720574363449, 3.7029140430207126, 4.422123658379535, 4.112691956614306], [1.228338182260895, 0.0, 1.3676833368876, 2.390134084104907, 3.4687163519088733, 2.7533290613364763, 2.4982219236889263, 3.62395740317129, 1.5231297712276521, 2.5390852959284373, 3.1213232850827866, 2.4977317009638966, 3.045838646415795, 3.6225375650226184, 2.0102336282133977, 3.732368517443046, 2.7700094837382774, 3.4825442394892847, 4.0906839257023995, 2.824420878693542, 3.5568554623431075, 3.4521751302620785, 2.7594411553791107, 3.582875680232291, 4.435127211253359, 3.7075359229547593], [2.2500146266191248, 1.3676833368876, 0.0, 1.3591354641830227, 2.256835461437098, 2.318188057513885, 2.780414647134488, 3.995999105355255, 2.446961922466306, 3.761340331583942, 4.237563339939593, 3.1069072757325733, 3.8205902698405128, 4.087669646632418, 1.0118593331091035, 3.209503774729047, 4.113537228468949, 4.596424746474155, 5.279224110605648, 3.8801105667235825, 4.426186291831829, 4.063298367090461, 2.8544644646588266, 4.596517156500125, 4.9786509427755625, 3.792013914795145], [3.4369395383102104, 2.390134084104907, 1.3591354641830227, 0.0, 1.2263995311479858, 1.360631478395234, 2.4181999379703902, 3.49679857298072, 2.8677185775455722, 4.248648992326855, 4.5900475912565435, 3.5469290224079764, 4.631808948996062, 5.0126724399266305, 1.9947624369834118, 2.0119386297797455, 4.877262662600816, 4.901917773688172, 5.683711201319082, 4.382023546262617, 4.448840017352838, 4.2648777344725834, 3.1081752894584307, 5.442666888575857, 6.004421915555235, 4.616381940437771], [4.359365405652524, 3.4687163519088733, 2.256835461437098, 1.2263995311479858, 0.0, 2.2572863021779046, 3.5037956004881328, 4.443713794789218, 4.086716140130116, 5.422597131449098, 5.602503627843538, 4.729086296527058, 5.772426397105466, 6.01033946295881, 2.4138622019493985, 2.4353852960055415, 6.050831199926172, 6.085032682738853, 6.693388513301764, 5.287005644975235, 5.3666598858135215, 5.426647386738887, 4.169741821743884, 6.622900949734942, 6.976327386956549, 5.476310737166035], [3.934182523727134, 2.7533290613364763, 2.318188057513885, 1.360631478395234, 2.2572863021779046, 0.0, 1.3690019211089515, 2.2508702716949283, 2.453564708745217, 3.742344422952008, 4.143339649364989, 3.133214931982803, 4.502983586467977, 5.165491419990938, 3.1952270279277495, 1.0114840334874298, 4.584792961519637, 4.1371368964538755, 5.204969062348017, 4.254346847637132, 3.802711130233271, 3.5350665863601494, 2.8264933840361275, 5.220177929917715, 6.2150310747413, 4.915079452053649], [3.595359432657603, 2.4982219236889263, 2.780414647134488, 2.4181999379703902, 3.5037956004881328, 1.3690019211089515, 0.0, 1.2286762470236006, 1.5225497101901138, 2.5294715416465943, 3.065063084179508, 2.4435797285949152, 3.8443584250171052, 4.801751731399698, 3.7539421066393657, 2.0231873788653387, 3.480608656542703, 2.792064515730251, 4.058824896444783, 3.4484826953313825, 2.7794525288264955, 2.6559341915793016, 2.627231807435347, 4.341320027364949, 5.800881398546258, 4.840057355032066], [4.613724526887144, 3.62395740317129, 3.995999105355255, 3.49679857298072, 4.443713794789218, 2.2508702716949283, 1.2286762470236006, 0.0, 2.4318141664197945, 2.853984414813788, 3.1886564114059075, 3.1939539022972765, 4.59374681278801, 5.688095717373258, 4.951618585876743, 2.426529820546205, 3.921329144563103, 2.702238690419482, 4.000496691662174, 3.8477919772253797, 2.608560905940285, 2.9863876154980287, 3.497507857031918, 4.915986849046689, 6.658528059563915, 5.81836824204175], [2.4374862686792715, 1.5231297712276521, 2.446961922466306, 2.8677185775455722, 4.086716140130116, 2.453564708745217, 1.5225497101901138, 2.4318141664197945, 0.0, 1.5493188374250146, 2.5919568611379313, 1.5582838797857086, 2.5944678568060926, 3.6176545924120505, 3.3526023295344767, 3.3642895847414795, 2.185721784674344, 2.1803010021554363, 3.5249124272809955, 2.8707366371717207, 2.8899663700465443, 2.1822644317314066, 2.193104071857968, 3.0050075440837083, 4.518937133884471, 3.8788632484273022], [2.8477500048283733, 2.5390852959284373, 3.761340331583942, 4.248648992326855, 5.422597131449098, 3.742344422952008, 2.5294715416465943, 2.853984414813788, 1.5493188374250146, 0.0, 1.5284052440370648, 2.5583835072170085, 3.1115090261800624, 4.331402499191226, 4.527187919669339, 4.513892937365706, 1.0967670764569841, 1.0976302200650272, 2.15936429997349, 2.185272738126754, 2.1863029799183824, 2.7875075085100667, 3.509932502200007, 2.95401254905933, 5.00637482416169, 4.899897586684848], [3.20169012554307, 3.1213232850827866, 4.237563339939593, 4.5900475912565435, 5.602503627843538, 4.143339649364989, 3.065063084179508, 3.1886564114059075, 2.5919568611379313, 1.5284052440370648, 0.0, 3.950035187185046, 4.5660335270341585, 5.702559956721191, 4.8593684332431515, 4.75352372666846, 2.12959172847755, 2.1399132342223597, 1.0952346278309502, 1.0934558838837531, 1.0933611068626872, 4.1975252518597195, 4.766384183004974, 4.393299640361445, 6.345571945065314, 6.205988851907486], [3.3411726115242835, 2.4977317009638966, 3.1069072757325733, 3.5469290224079764, 4.729086296527058, 3.133214931982803, 2.4435797285949152, 3.1939539022972765, 1.5582838797857086, 2.5583835072170085, 3.950035187185046, 0.0, 1.5060102622492317, 2.5129271020067416, 3.988269305099644, 3.999128722609464, 2.8277411851157805, 2.7431696174316302, 4.716202941986276, 4.323932169912013, 4.289046501263422, 1.0990510725166507, 1.0992537741577237, 2.228755839027685, 3.4988607988886895, 2.7792799589102213], [3.408122053272154, 3.045838646415795, 3.8205902698405128, 4.631808948996062, 5.772426397105466, 4.502983586467977, 3.8443584250171052, 4.59374681278801, 2.5944678568060926, 3.1115090261800624, 4.5660335270341585, 1.5060102622492317, 0.0, 1.3390586133549194, 4.469014323091837, 5.427448591189049, 2.8069448052998833, 3.3662686404979625, 5.142077572343693, 4.826361986009752, 5.187447216116998, 2.1130046119211383, 2.1338752751742542, 1.0888065760271657, 2.1102545107166573, 2.126370320522745], [3.8603927986669957, 3.6225375650226184, 4.087669646632418, 5.0126724399266305, 6.01033946295881, 5.165491419990938, 4.801751731399698, 5.688095717373258, 3.6176545924120505, 4.331402499191226, 5.702559956721191, 2.5129271020067416, 1.3390586133549194, 0.0, 4.5196519124817565, 6.09715195972677, 3.9427140943771204, 4.690314574738031, 6.315986558725406, 5.792548332987821, 6.345490068544745, 3.2059757796964092, 2.6194183858253726, 2.090764140212855, 1.0866481905382255, 1.0853326540743164], [2.406481466789221, 2.0102336282133977, 1.0118593331091035, 1.9947624369834118, 2.4138622019493985, 3.1952270279277495, 3.7539421066393657, 4.951618585876743, 3.3526023295344767, 4.527187919669339, 4.8593684332431515, 3.988269305099644, 4.469014323091837, 4.5196519124817565, 0.0, 3.9829225789613334, 4.740554817740219, 5.448392660225582, 5.860252955291264, 4.304160910096183, 5.111030164262386, 4.998727515078213, 3.7110120897135324, 5.225173935860891, 5.287152763066337, 4.153106439762891], [4.8819493135426955, 3.732368517443046, 3.209503774729047, 2.0119386297797455, 2.4353852960055415, 1.0114840334874298, 2.0231873788653387, 2.426529820546205, 3.3642895847414795, 4.513892937365706, 4.75352372666846, 3.999128722609464, 5.427448591189049, 6.09715195972677, 3.9829225789613334, 0.0, 5.441421973161059, 4.781679003237252, 5.7796358406044925, 4.9151480557557985, 4.206005926053837, 4.22525115703197, 3.6377066319317177, 6.130580906406831, 7.161847971717914, 5.798186286245036], [2.6736703517823583, 2.7700094837382774, 4.113537228468949, 4.877262662600816, 6.050831199926172, 4.584792961519637, 3.480608656542703, 3.921329144563103, 2.185721784674344, 1.0967670764569841, 2.12959172847755, 2.8277411851157805, 2.8069448052998833, 3.9427140943771204, 4.740554817740219, 5.441421973161059, 0.0, 1.7581146890916985, 2.428257305147047, 2.50608084466563, 3.0597421819493222, 3.180956090548878, 3.8457668611084577, 2.380764654475532, 4.415294035508847, 4.681604859447239], [3.910771060801182, 3.4825442394892847, 4.596424746474155, 4.901917773688172, 6.085032682738853, 4.1371368964538755, 2.792064515730251, 2.702238690419482, 2.1803010021554363, 1.0976302200650272, 2.1399132342223597, 2.7431696174316302, 3.3662686404979625, 4.690314574738031, 5.448392660225582, 4.781679003237252, 1.7581146890916985, 0.0, 2.4552279405383115, 3.067880724539336, 2.5031892417474157, 2.519869760523349, 3.737343095034225, 3.077968199965685, 5.357237110675614, 5.309319649446622], [3.9804751688711737, 4.0906839257023995, 5.279224110605648, 5.683711201319082, 6.693388513301764, 5.204969062348017, 4.058824896444783, 4.000496691662174, 3.5249124272809955, 2.15936429997349, 1.0952346278309502, 4.716202941986276, 5.142077572343693, 6.315986558725406, 5.860252955291264, 5.7796358406044925, 2.428257305147047, 2.4552279405383115, 0.0, 1.7656307484862173, 1.764110013576251, 4.840404207295089, 5.63514884364202, 4.748280067561305, 6.837475114397126, 6.946034542096663], [2.6234046790382917, 2.824420878693542, 3.8801105667235825, 4.382023546262617, 5.287005644975235, 4.254346847637132, 3.4484826953313825, 3.8477919772253797, 2.8707366371717207, 2.185272738126754, 1.0934558838837531, 4.323932169912013, 4.826361986009752, 5.792548332987821, 4.304160910096183, 4.9151480557557985, 2.50608084466563, 3.067880724539336, 1.7656307484862173, 0.0, 1.7715924644228986, 4.805287929978806, 5.030453175410741, 4.744814485309199, 6.3960340915289065, 6.2248109513462335], [3.9014048918306337, 3.5568554623431075, 4.426186291831829, 4.448840017352838, 5.3666598858135215, 3.802711130233271, 2.7794525288264955, 2.608560905940285, 2.8899663700465443, 2.1863029799183824, 1.0933611068626872, 4.289046501263422, 5.187447216116998, 6.345490068544745, 5.111030164262386, 4.206005926053837, 3.0597421819493222, 2.5031892417474157, 1.764110013576251, 1.7715924644228986, 0.0, 4.408536876334369, 4.974407941654967, 5.137494683208928, 7.096525724606373, 6.735544393736857], [4.296622866857178, 3.4521751302620785, 4.063298367090461, 4.2648777344725834, 5.426647386738887, 3.5350665863601494, 2.6559341915793016, 2.9863876154980287, 2.1822644317314066, 2.7875075085100667, 4.1975252518597195, 1.0990510725166507, 2.1130046119211383, 3.2059757796964092, 4.998727515078213, 4.22525115703197, 3.180956090548878, 2.519869760523349, 4.840404207295089, 4.805287929978806, 4.408536876334369, 0.0, 1.744047849114238, 2.520096960436245, 4.102696531550926, 3.543356559817259], [3.75720574363449, 2.7594411553791107, 2.8544644646588266, 3.1081752894584307, 4.169741821743884, 2.8264933840361275, 2.627231807435347, 3.497507857031918, 2.193104071857968, 3.509932502200007, 4.766384183004974, 1.0992537741577237, 2.1338752751742542, 2.6194183858253726, 3.7110120897135324, 3.6377066319317177, 3.8457668611084577, 3.737343095034225, 5.63514884364202, 5.030453175410741, 4.974407941654967, 1.744047849114238, 0.0, 3.0955563781007123, 3.700628429064447, 2.4346224368472416], [3.7029140430207126, 3.582875680232291, 4.596517156500125, 5.442666888575857, 6.622900949734942, 5.220177929917715, 4.341320027364949, 4.915986849046689, 3.0050075440837083, 2.95401254905933, 4.393299640361445, 2.228755839027685, 1.0888065760271657, 2.090764140212855, 5.225173935860891, 6.130580906406831, 2.380764654475532, 3.077968199965685, 4.748280067561305, 4.744814485309199, 5.137494683208928, 2.520096960436245, 3.0955563781007123, 0.0, 2.411580473465482, 3.075393838193736], [4.422123658379535, 4.435127211253359, 4.9786509427755625, 6.004421915555235, 6.976327386956549, 6.2150310747413, 5.800881398546258, 6.658528059563915, 4.518937133884471, 5.00637482416169, 6.345571945065314, 3.4988607988886895, 2.1102545107166573, 1.0866481905382255, 5.287152763066337, 7.161847971717914, 4.415294035508847, 5.357237110675614, 6.837475114397126, 6.3960340915289065, 7.096525724606373, 4.102696531550926, 3.700628429064447, 2.411580473465482, 0.0, 1.85401580360039], [4.112691956614306, 3.7075359229547593, 3.792013914795145, 4.616381940437771, 5.476310737166035, 4.915079452053649, 4.840057355032066, 5.81836824204175, 3.8788632484273022, 4.899897586684848, 6.205988851907486, 2.7792799589102213, 2.126370320522745, 1.0853326540743164, 4.153106439762891, 5.798186286245036, 4.681604859447239, 5.309319649446622, 6.946034542096663, 6.2248109513462335, 6.735544393736857, 3.543356559817259, 2.4346224368472416, 3.075393838193736, 1.85401580360039, 0.0]]}