{"total energy": -20.88329291, "HOMO-LUMO gap/eV": 11.87536267, "electronic energy": -21.13601651, "dipole": [0.41784075, 0.01382408, 0.53221096], "partial charges": [-0.09834817, -0.05416678, -0.01609467, -0.10727802, 0.08568737, -0.44537238, 0.03153461, 0.03474378, 0.0300706, 0.04624622, 0.02853742, 0.04179976, 0.0406173, 0.03083649, 0.03611269, 0.01866956, 0.01396353, 0.28244068], "atomic dipole moments": [[0.04372342, 0.01569665, -0.09296952], [0.07168791, 0.00256694, 0.09478254], [-0.00833093, -0.02479475, 0.10327217], [-0.027624, -0.08895401, -0.05264167], [-0.08701907, -0.10762701, -0.13934235], [0.13248521, 0.08863856, 0.18383732], [0.01900799, 0.09473546, 0.07961224], [0.03610825, -0.10845197, 0.05448225], [-0.12317004, -0.00857158, -0.01411952], [-0.03572311, -0.0927531, -0.0773165], [-0.05248167, 0.09685748, -0.05112116], [0.03212435, 0.0148056, -0.11740339], [-0.05669301, 0.10463344, -0.04314425], [0.12273543, 0.01970023, -0.01319035], [-0.02086059, -0.00582173, 0.12495632], [-0.02435267, -0.02949843, 0.11236721], [0.11542455, 0.00340229, -0.01282705], [0.04419099, -0.05271887, 0.0391585]], "atomic quadrupole moments": [[-0.04045635, 0.02215524, -0.11758618, -0.11533214, -0.04295846, 0.15804253], [0.15081262, 0.04706855, -0.19893812, -0.11617165, -0.05114401, 0.0481255], [0.05551918, -0.02179993, 0.12057451, 0.10727466, 0.0277163, -0.17609369], [-0.07159505, 0.07270819, 0.10942809, 0.0466366, 0.1435379, -0.03783304], [-0.22357974, 0.06248265, 0.3155513, 0.16418175, 0.22988626, -0.09197156], [-0.07464452, 0.04434925, 0.08407147, 0.07416151, 0.10906031, -0.00942695], [-0.03940225, 0.03486546, 0.03666976, 0.01191651, 0.04994713, 0.00273249], [-0.02388139, -0.04951129, 0.04245231, 0.00816561, -0.03424878, -0.01857092], [0.07842556, 0.00846206, -0.05471398, 0.02045038, -0.00248938, -0.02371159], [-0.01972694, 0.01977452, 0.02630817, -0.01215296, 0.03978528, -0.00658123], [-0.01196783, -0.02782733, 0.03822838, -0.0074041, -0.0346831, -0.02626055], [0.00166587, 0.00508826, -0.02846105, -0.01239991, -0.00455298, 0.02679518], [-0.01154026, -0.04717892, 0.0317853, 0.03574712, -0.03108204, -0.02024504], [0.07828103, 0.00978614, -0.03952267, -0.02009581, 0.01256851, -0.03875835], [-0.03872164, 0.01363686, -0.03029189, -0.03216496, -0.0194992, 0.06901353], [-0.03258115, 0.00815068, -0.00512866, -0.02988621, 0.00665035, 0.03770981], [0.04019908, 0.01962573, -0.00257583, -0.00946606, 0.01123894, -0.03762325], [-0.03155017, -0.07445022, 0.07120081, 0.05440067, -0.0463254, -0.03965064]], "number of molecular orbitals": 36, "number of electrons": 38, "number of unpaired electrons": 0, "orbital energies/eV": [-18.54233553, -17.14310701, -16.43446215, -16.20147781, -15.68857411, -15.16915621, -14.81390621, -14.4281387, -13.88195379, -13.52555419, -13.19820153, -12.78574671, -12.6678274, -12.56734526, -12.20552815, -11.58116089, -11.4586702, -11.37890469, -10.98497225, 0.89039042, 2.05267263, 2.56066546, 3.06579201, 3.46764934, 3.8683085, 4.02120972, 4.19808614, 4.87644848, 5.34091205, 5.90657503, 5.98316459, 6.55580244, 6.95850993, 7.33483927, 7.83594663, 7.99806179], "fractional occupation": [2.0, 2.0, 2.0, 2.0, 2.0, 2.0, 2.0, 2.0, 2.0, 2.0, 2.0, 2.0, 2.0, 2.0, 2.0, 2.0, 2.0, 2.0, 2.0, 0.0, 0.0, 0.0, 0.0, 0.0, 0.0, 0.0, 0.0, 0.0, 0.0, 0.0, 0.0, 0.0, 0.0, 0.0, 0.0, 0.0], "program call": "xtb /home/svss/Project-DBcg-Debug/aqme2_20220329/End-to-End-workflows-final/example-3/QDESCP/mol_17_rdkit_conf_10/mol_17_rdkit_conf_10.xyz --pop --wbo --acc 0.2 --gfn 2 --chrg 0 --uhf 0 --etemp 300 --input /home/svss/Project-DBcg-Debug/aqme2_20220329/End-to-End-workflows-final/example-3/QDESCP/mol_17_rdkit_conf_10/mol_17_rdkit_conf_10_xtb.inp", "method": "GFN2-xTB", "xtb version": "6.3.3 (7355c4f)", "Dipole module/D": 1.72, "Total charge": 0, "Transition dipole module/D": NaN, "HOMO": -10.985, "LUMO": 0.8904, "HOMO occupancy": 2.0, "LUMO occupancy": 0, "mulliken charges": [-0.08603, -0.03978, -0.01372, -0.09624, 0.1935, -0.5693, 0.02227, 0.02924, 0.0281, 0.03933, 0.01997, 0.03292, 0.03362, 0.02746, 0.02722, 0.0077, 0.00838, 0.33536], "cm5 charges": [-0.23636, -0.14899, -0.083, -0.2445, 0.10826, -0.78446, 0.07423, 0.08183, 0.07891, 0.09663, 0.07481, 0.09324, 0.08516, 0.07889, 0.07954, 0.07113, 0.07118, 0.5035], "FUKUI+": [0.018, 0.004, -0.029, 0.005, -0.02, -0.15, -0.032, -0.02, -0.06, -0.04, -0.052, -0.07, -0.092, -0.06, -0.058, -0.09, -0.1, -0.155], "FUKUI-": [0.019, 0.001, -0.005, 0.025, 0.027, -0.113, -0.089, -0.059, -0.078, -0.098, -0.083, -0.094, -0.049, -0.065, -0.054, -0.109, -0.113, -0.061], "FUKUIrad": [0.019, 0.002, -0.017, 0.015, 0.004, -0.131, -0.06, -0.04, -0.069, -0.069, -0.068, -0.082, -0.071, -0.063, -0.056, -0.1, -0.107, -0.108], "s proportion": [1.006, 1.029, 1.057, 1.013, 0.994, 1.695, 0.978, 0.971, 0.972, 0.961, 0.98, 0.967, 0.966, 0.973, 0.973, 0.992, 0.992, 0.665], "p proportion": [3.08, 3.011, 2.957, 3.084, 2.813, 4.874, 0.0, 0.0, 0.0, 0.0, 0.0, 0.0, 0.0, 0.0, 0.0, 0.0, 0.0, 0.0], "d proportion": [0.0, 0.0, 0.0, 0.0, 0.0, 0.0, 0.0, 0.0, 0.0, 0.0, 0.0, 0.0, 0.0, 0.0, 0.0, 0.0, 0.0, 0.0], "Fermi-level/eV": -5.0473, "Coordination numbers": [3.748, 3.799, 3.847, 3.752, 3.676, 1.653, 0.924, 0.924, 0.924, 0.924, 0.924, 0.923, 0.924, 0.924, 0.924, 0.924, 0.924, 0.804], "Dispersion coefficient C6": [22.444, 21.549, 20.829, 22.612, 19.373, 21.751, 2.565, 2.52, 2.586, 2.367, 2.607, 2.425, 2.441, 2.575, 2.501, 2.754, 2.827, 0.776], "Total dispersion C6": 2129.185457, "Total dispersion C8": 43694.276007, "Polarizability alpha": [6.757, 6.61, 6.492, 6.781, 6.306, 6.296, 2.504, 2.483, 2.515, 2.406, 2.525, 2.435, 2.443, 2.509, 2.473, 2.595, 2.629, 1.384], "Total polarizability alpha": 68.144825, "Wiberg matrix": [[0.0, 1.02153196880808, 0.0, 0.0, 0.0, 0.0, 0.9860699801375019, 0.9860306277982818, 0.9869436679139653, 0.0, 0.0, 0.0, 0.0, 0.0, 0.0, 0.0, 0.0, 0.0], [1.02153196880808, 0.0, 0.9941210120787903, 0.0, 0.0, 0.0, 0.0, 0.0, 0.0, 0.9762209490911857, 0.9771664882865612, 0.0, 0.0, 0.0, 0.0, 0.0, 0.0, 0.0], [0.0, 0.9941210120787903, 0.0, 1.0084992114814788, 0.9938787321229173, 0.0, 0.0, 0.0, 0.0, 0.0, 0.0, 0.9673704001915743, 0.0, 0.0, 0.0, 0.0, 0.0, 0.0], [0.0, 0.0, 1.0084992114814788, 0.0, 0.0, 0.0, 0.0, 0.0, 0.0, 0.0, 0.0, 0.0, 0.985997873086039, 0.9867681422200382, 0.9851453347962615, 0.0, 0.0, 0.0], [0.0, 0.0, 0.9938787321229173, 0.0, 0.0, 0.9890564459003554, 0.0, 0.0, 0.0, 0.0, 0.0, 0.0, 0.0, 0.0, 0.0, 0.9709975446650971, 0.9730485653217545, 0.0], [0.0, 0.0, 0.0, 0.0, 0.9890564459003554, 0.0, 0.0, 0.0, 0.0, 0.0, 0.0, 0.0, 0.0, 0.0, 0.0, 0.0, 0.0, 0.9074089500900138], [0.9860699801375019, 0.0, 0.0, 0.0, 0.0, 0.0, 0.0, 0.0, 0.0, 0.0, 0.0, 0.0, 0.0, 0.0, 0.0, 0.0, 0.0, 0.0], [0.9860306277982818, 0.0, 0.0, 0.0, 0.0, 0.0, 0.0, 0.0, 0.0, 0.0, 0.0, 0.0, 0.0, 0.0, 0.0, 0.0, 0.0, 0.0], [0.9869436679139653, 0.0, 0.0, 0.0, 0.0, 0.0, 0.0, 0.0, 0.0, 0.0, 0.0, 0.0, 0.0, 0.0, 0.0, 0.0, 0.0, 0.0], [0.0, 0.9762209490911857, 0.0, 0.0, 0.0, 0.0, 0.0, 0.0, 0.0, 0.0, 0.0, 0.0, 0.0, 0.0, 0.0, 0.0, 0.0, 0.0], [0.0, 0.9771664882865612, 0.0, 0.0, 0.0, 0.0, 0.0, 0.0, 0.0, 0.0, 0.0, 0.0, 0.0, 0.0, 0.0, 0.0, 0.0, 0.0], [0.0, 0.0, 0.9673704001915743, 0.0, 0.0, 0.0, 0.0, 0.0, 0.0, 0.0, 0.0, 0.0, 0.0, 0.0, 0.0, 0.0, 0.0, 0.0], [0.0, 0.0, 0.0, 0.985997873086039, 0.0, 0.0, 0.0, 0.0, 0.0, 0.0, 0.0, 0.0, 0.0, 0.0, 0.0, 0.0, 0.0, 0.0], [0.0, 0.0, 0.0, 0.9867681422200382, 0.0, 0.0, 0.0, 0.0, 0.0, 0.0, 0.0, 0.0, 0.0, 0.0, 0.0, 0.0, 0.0, 0.0], [0.0, 0.0, 0.0, 0.9851453347962615, 0.0, 0.0, 0.0, 0.0, 0.0, 0.0, 0.0, 0.0, 0.0, 0.0, 0.0, 0.0, 0.0, 0.0], [0.0, 0.0, 0.0, 0.0, 0.9709975446650971, 0.0, 0.0, 0.0, 0.0, 0.0, 0.0, 0.0, 0.0, 0.0, 0.0, 0.0, 0.0, 0.0], [0.0, 0.0, 0.0, 0.0, 0.9730485653217545, 0.0, 0.0, 0.0, 0.0, 0.0, 0.0, 0.0, 0.0, 0.0, 0.0, 0.0, 0.0, 0.0], [0.0, 0.0, 0.0, 0.0, 0.0, 0.9074089500900138, 0.0, 0.0, 0.0, 0.0, 0.0, 0.0, 0.0, 0.0, 0.0, 0.0, 0.0, 0.0]], "Born radii": [], "Atomic SASAs": [], "Solvent H bonds": [], "Total SASA": NaN, "Total FOD": 0.0, "FOD": [0.0, 0.0, 0.0, 0.0, 0.0, 0.0, 0.0, 0.0, 0.0, 0.0, 0.0, 0.0, 0.0, 0.0, 0.0, 0.0, 0.0, 0.0], "FOD s proportion": [0.0, 0.0, 0.0, 0.0, 0.0, 0.0, 0.0, 0.0, 0.0, 0.0, 0.0, 0.0, 0.0, 0.0, 0.0, 0.0, 0.0, 0.0], "FOD p proportion": [0.0, 0.0, 0.0, 0.0, 0.0, 0.0, 0.0, 0.0, 0.0, 0.0, 0.0, 0.0, 0.0, 0.0, 0.0, 0.0, 0.0, 0.0], "FOD d proportion": [0.0, 0.0, 0.0, 0.0, 0.0, 0.0, 0.0, 0.0, 0.0, 0.0, 0.0, 0.0, 0.0, 0.0, 0.0, 0.0, 0.0, 0.0], "coordinates": [["-1.74890", "-0.08210", "0.75180"], ["-1.09050", "0.14310", "-0.60240"], ["0.44470", "0.29010", "-0.57230"], ["0.88530", "1.54140", "0.18800"], ["1.16430", "-0.94570", "-0.02040"], ["0.80200", "-2.09670", "-0.77080"], ["-1.55150", "0.74570", "1.43860"], ["-1.40580", "-1.01070", "1.21650"], ["-2.83440", "-0.15720", "0.62860"], ["-1.36280", "-0.68760", "-1.26480"], ["-1.52380", "1.04460", "-1.05380"], ["0.75580", "0.41100", "-1.61920"], ["0.37490", "2.43130", "-0.19490"], ["1.96280", "1.70110", "0.07250"], ["0.67570", "1.46060", "1.25930"], ["0.91790", "-1.12060", "1.03170"], ["2.24950", "-0.81870", "-0.09890"], ["1.28490", "-2.84970", "-0.38950"]], "bond_dist": [[0.0, 1.5225187158127154, 2.5891416743778235, 3.14525552698028, 3.1350968150919996, 3.589430975795467, 1.0935784562618267, 1.0936003200438447, 1.0950472592541385, 2.1406492052646087, 2.1401668766710693, 3.4840078501633718, 3.424024954640372, 4.173483870820636, 2.9182468538490705, 2.875525778009997, 4.153729963538795, 4.262172907097974], [1.5225187158127154, 0.0, 1.5425154942495718, 2.546322974408392, 2.570667710926482, 2.9371106295132976, 2.177459244165089, 2.176939535219111, 2.1556271245278023, 1.0968060630758747, 1.0973664383422705, 2.124729709868999, 2.7476012538212307, 3.493636343410688, 2.8846482593203633, 2.8811266997478606, 3.5120039137221926, 3.8268398725319037], [2.5891416743778235, 1.5425154942495718, 0.0, 1.5290311115212798, 1.532846831878515, 2.4215449159575795, 2.8698614269682086, 2.8837885376705414, 3.5206157004137784, 2.1685271015138365, 2.162430287893693, 1.0988173779113615, 2.1753253181995555, 2.1705565300171292, 2.185907090889272, 2.1878776771108575, 2.170448810730168, 3.255410253716112], [3.14525552698028, 2.546322974408392, 1.5290311115212798, 0.0, 2.5113617760091835, 3.7632443370049726, 2.852215470472033, 3.5805259208669336, 4.112850399662015, 3.4832488354982623, 2.755474603403196, 2.1355435490759724, 1.095008027367836, 1.095376916864693, 1.0945978667985792, 2.792693404224674, 2.741062797529455, 4.4469029245082465], [3.1350968150919996, 2.570667710926482, 1.532846831878515, 2.5113617760091835, 0.0, 1.4209723607445712, 3.5164022238646133, 2.8529915211931494, 4.127049180710111, 2.8286713099969747, 3.500727247301623, 2.136274462703704, 3.472424457061665, 2.7661856228387856, 2.768870119741986, 1.094631161624773, 1.0954224253684055, 1.9431920054384744], [3.589430975795467, 2.9371106295132976, 2.4215449159575795, 3.7632443370049726, 1.4209723607445712, 0.0, 4.3011217571698666, 3.1627738031670867, 4.352399978172961, 2.629820877930662, 3.9188263970224555, 2.6477304035720857, 4.584414817618493, 4.059790187928435, 4.09776048470381, 2.0530977253896125, 2.044502350206524, 0.9724150862671764], [1.0935784562618267, 2.177459244165089, 2.8698614269682086, 2.852215470472033, 3.5164022238646133, 4.3011217571698666, 0.0, 1.7763721062885445, 1.7655483057679278, 3.065669280923825, 2.5104115718343873, 3.84523058086248, 3.0365418768724397, 3.889643024751758, 2.3459860059258664, 3.1219512584279725, 4.388491154143985, 4.930924429556795], [1.0936003200438447, 2.176939535219111, 2.8837885376705414, 3.5805259208669336, 2.8529915211931494, 3.1627738031670867, 1.7763721062885445, 0.0, 1.764932468963048, 2.502617090167811, 3.064709477258815, 3.8386117204010097, 4.12435527688874, 4.473260689921838, 3.2313770717760564, 2.3336260925863854, 3.8895191540857588, 3.6333212753622544], [1.0950472592541385, 2.1556271245278023, 3.5206157004137784, 4.112850399662015, 4.127049180710111, 4.352399978172961, 1.7655483057679278, 1.764932468963048, 0.0, 2.4559915064999713, 2.4479512576846787, 4.273756207366069, 4.204532196332904, 5.174519682057457, 3.916102825514162, 3.89491777320138, 5.178115266194834, 5.025407083013276], [2.1406492052646087, 1.0968060630758747, 2.1685271015138365, 3.4832488354982623, 2.8286713099969747, 2.629820877930662, 3.065669280923825, 2.502617090167811, 2.4559915064999713, 0.0, 1.752415144878633, 2.4126722280492223, 3.7271737965917286, 4.30742084547122, 3.891185719032182, 3.265423975535183, 3.798054937727994, 3.5286175465754286], [2.1401668766710693, 1.0973664383422705, 2.162430287893693, 2.755474603403196, 3.500727247301623, 3.9188263970224555, 2.5104115718343873, 3.064709477258815, 2.4479512576846787, 1.752415144878633, 0.0, 2.4326327877425316, 2.503139586599197, 3.7223545639823192, 3.2188954409859294, 3.872892998780111, 4.3152652050598235, 4.847232475340955], [3.4840078501633718, 2.124729709868999, 1.0988173779113615, 2.1355435490759724, 2.136274462703704, 2.6477304035720857, 3.84523058086248, 3.8386117204010097, 4.273756207366069, 2.4126722280492223, 2.4326327877425316, 0.0, 2.5010652510480407, 2.446028597543373, 3.064936935729673, 3.06583524997675, 2.4606124989522424, 3.524808277055647], [3.424024954640372, 2.7476012538212307, 2.1753253181995555, 1.095008027367836, 3.472424457061665, 4.584414817618493, 3.0365418768724397, 4.12435527688874, 4.204532196332904, 3.7271737965917286, 2.503139586599197, 2.5010652510480407, 0.0, 1.7680840506039297, 1.774101679724136, 3.7967604836228475, 3.753110864336411, 5.362362367464549], [4.173483870820636, 3.493636343410688, 2.1705565300171292, 1.095376916864693, 2.7661856228387856, 4.059790187928435, 3.889643024751758, 4.473260689921838, 5.174519682057457, 4.30742084547122, 3.7223545639823192, 2.446028597543373, 1.7680840506039297, 0.0, 1.7671901142774653, 3.1581436857749203, 2.5418432072022066, 4.624151062627604], [2.9182468538490705, 2.8846482593203633, 2.185907090889272, 1.0945978667985792, 2.768870119741986, 4.09776048470381, 2.3459860059258664, 3.2313770717760564, 3.916102825514162, 3.891185719032182, 3.2188954409859294, 3.064936935729673, 1.774101679724136, 1.7671901142774653, 0.0, 2.602509565784533, 3.084924986122029, 4.654927729836415], [2.875525778009997, 2.8811266997478606, 2.1878776771108575, 2.792693404224674, 1.094631161624773, 2.0530977253896125, 3.1219512584279725, 2.3336260925863854, 3.89491777320138, 3.265423975535183, 3.872892998780111, 3.06583524997675, 3.7967604836228475, 3.1581436857749203, 2.602509565784533, 0.0, 1.772726298671061, 2.268101684228465], [4.153729963538795, 3.5120039137221926, 2.170448810730168, 2.741062797529455, 1.0954224253684055, 2.044502350206524, 4.388491154143985, 3.8895191540857588, 5.178115266194834, 3.798054937727994, 4.3152652050598235, 2.4606124989522424, 3.753110864336411, 2.5418432072022066, 3.084924986122029, 1.772726298671061, 0.0, 2.2671264896339594], [4.262172907097974, 3.8268398725319037, 3.255410253716112, 4.4469029245082465, 1.9431920054384744, 0.9724150862671764, 4.930924429556795, 3.6333212753622544, 5.025407083013276, 3.5286175465754286, 4.847232475340955, 3.524808277055647, 5.362362367464549, 4.624151062627604, 4.654927729836415, 2.268101684228465, 2.2671264896339594, 0.0]]}