{"total energy": -55.8979098, "HOMO-LUMO gap/eV": 3.64252041, "electronic energy": -56.52302469, "dipole": [-0.11472989, -0.05613044, 0.3356335], "partial charges": [-0.10261829, -0.0539807, -0.05861944, 0.00491755, -0.11617042, 0.22274684, -0.42805212, -0.12159458, 0.00690931, -0.0584259, -0.05318902, -0.10313078, -0.11881442, 0.00592037, -0.05934029, -0.05212017, -0.10252458, 0.03770645, 0.03448092, 0.03651181, 0.04223612, 0.03647408, 0.04940712, 0.04738611, 0.06175975, 0.05059447, 0.06151479, 0.05553847, 0.04868078, 0.04543505, 0.03962, 0.03579667, 0.03736428, 0.03486309, 0.03846309, 0.06090304, 0.05151821, 0.04907316, 0.04846705, 0.03524363, 0.03462917, 0.03882774, 0.03789123, 0.03770038], "atomic dipole moments": [[-0.09217726, 0.05763357, 0.00656205], [0.09989955, 0.0617902, -0.04000935], [-0.11850414, -0.01171141, 0.04285793], [-0.06269531, -0.09184558, -0.12945016], [-0.02994611, 0.41155984, 0.37904665], [0.03457694, 0.00105515, -0.26121809], [0.01444749, -0.00040523, -0.10196486], [-0.40137989, -0.17066135, 0.31786023], [0.13385505, -0.02314272, -0.103455], [-0.08257146, -0.06947483, 0.07967317], [-0.01897542, -0.08794539, -0.08174938], [0.10454033, 0.01115575, 0.03110936], [0.27247564, -0.22533067, 0.4160557], [-0.0194721, 0.10985564, -0.12307788], [0.08635306, -0.02911101, 0.0983215], [-0.04920409, 0.06051216, -0.09366838], [0.09468737, 0.04347484, 0.04149427], [-0.01972728, -0.11864697, 0.03683226], [0.08970631, 0.04779537, 0.07405592], [0.04402175, -0.00368691, -0.11871184], [-0.08527343, -0.0620494, -0.06990501], [-0.03998702, -0.00738346, 0.11757109], [0.04359936, 0.00563115, -0.12000435], [0.09307908, 0.04817542, 0.06646997], [-0.04740674, -0.00599491, 0.11911185], [0.029569, 0.11990889, -0.02335197], [0.00980588, -0.01982658, 0.12633634], [-0.11296467, -0.04376204, -0.04174904], [-0.00703694, 0.01739455, -0.12560411], [0.11508442, 0.03705596, 0.03088737], [0.03158051, 0.1161294, -0.02415859], [0.00853538, -0.00939496, 0.12409325], [-0.07106397, 0.08856469, 0.05320099], [-0.04752272, -0.11123514, 0.03814285], [-0.01556164, 0.01013581, -0.12551258], [-0.01365696, 0.03368071, 0.12266903], [0.0971798, -0.08238728, -0.01029718], [0.01447275, -0.02677308, -0.12318473], [-0.09390754, 0.08505366, 0.00681286], [-0.01776616, 0.02237853, 0.12082443], [0.08805887, -0.08720835, -0.00628691], [-0.03138564, -0.10399202, 0.06357661], [0.01263126, -0.03227968, -0.12178735], [-0.09679248, 0.08103713, 0.00964283]], "atomic quadrupole moments": [[0.14275325, -0.15915697, -0.0132119, -0.02041607, 0.00778832, -0.12954135], [0.04331762, -0.10023595, 0.16561429, -0.04456341, -0.08795843, -0.20893191], [0.04676723, -0.12120562, 0.16174131, -0.04238175, -0.05396866, -0.20850854], [0.19156417, -0.00625485, -0.14559479, 0.26587964, 0.14889606, -0.04596938], [0.26842961, -0.31199209, -0.07654808, 0.21024185, 0.33643668, -0.19188153], [0.6132254, 0.01148185, 0.64762821, 0.27510776, -0.00640284, -1.26085361], [-0.03281207, -9.747e-05, -0.0349275, -0.01454382, 0.0004186, 0.06773956], [-0.10066247, -0.03330284, 0.45547145, -0.37074663, -0.07419266, -0.35480899], [0.02820906, -0.21076906, 0.14999099, -0.24202553, 0.08619454, -0.17820005], [-0.07555045, -0.06715081, 0.21688532, -0.12169493, 0.00761756, -0.14133487], [0.20335699, -0.08839479, -0.08107682, -0.01741722, 0.1175339, -0.12228017], [0.20334949, 0.0381367, -0.1055707, 0.09362875, 0.02314472, -0.09777879], [0.17109792, 0.35226899, -0.00553499, 0.30987217, -0.26203175, -0.16556293], [-0.06733372, 0.22670349, 0.16870489, 0.02916817, -0.25283621, -0.10137117], [0.05657103, 0.19873453, 0.04303172, 0.09369501, -0.09630999, -0.09960275], [0.03459395, 0.18303213, 0.05726371, 0.07158745, -0.1044382, -0.09185767], [0.13686907, 0.12507031, -0.06318486, 0.11712335, 0.0438525, -0.07368421], [-0.02354157, 0.0203407, 0.06495449, -0.01237469, -0.03690044, -0.04141292], [0.01644731, 0.02905813, -0.01525908, 0.04593835, 0.04294748, -0.00118823], [-0.02387647, -0.00801392, -0.04749062, -0.02891523, -0.00798053, 0.07136709], [0.00776989, 0.011411, -0.01071001, 0.04162995, 0.01919186, 0.00294012], [-0.0279552, -0.01053736, -0.02189267, -0.02270905, 0.00407567, 0.04984787], [-0.03261253, -0.00908716, -0.01801056, -0.01507858, 0.00096018, 0.05062308], [0.00228548, 0.01765078, -0.000629, 0.04731813, 0.01964893, -0.00165648], [0.00343951, 0.00982443, -0.04424601, -0.00518311, -0.01156717, 0.0408065], [-0.00263788, 0.02332089, 0.03170395, 0.02157026, -0.01996602, -0.02906606], [-0.02469962, -0.01924756, -0.01877885, 0.00053774, 0.0056932, 0.04347847], [0.039877, -0.00220566, -0.0145276, 0.01841106, 0.01829819, -0.02534941], [-0.03756239, -0.00720616, -0.01141283, 0.01913632, -0.00106912, 0.04897523], [0.04149194, 0.00633258, -0.00718682, 0.02916, 0.01093004, -0.03430513], [-0.00217463, 0.01401138, 0.04151321, -0.01192672, -0.02862597, -0.03933858], [-0.01249087, -0.00645751, -0.03857123, 0.00287171, -0.0237368, 0.0510621], [0.00175063, -0.04156733, 0.02309855, -0.02375822, 0.04876269, -0.02484918], [-0.02587847, 0.02552725, 0.06035893, 0.00172092, -0.03884216, -0.03448046], [-0.02999847, 0.00642989, -0.05018744, -9.212e-05, -0.01024538, 0.08018591], [-0.03068591, 0.01028768, -0.00548528, -0.02164367, 0.00653147, 0.0361712], [0.00895182, -0.02545068, 0.02448004, -0.0165122, -0.00432063, -0.03343186], [-0.02262656, 0.00545904, -0.01753076, -0.01938148, 0.02206619, 0.04015731], [0.01749598, -0.03236121, 0.01608537, -0.01257653, 0.00978, -0.03358135], [-0.02512081, 0.00562127, -0.01856549, -0.01719431, 0.02625834, 0.04368631], [0.0231102, -0.03457338, 0.01289968, -0.01305578, 0.01006497, -0.03600989], [-0.03079507, 0.02552945, 0.03739441, -0.00258709, -0.05762493, -0.00659934], [-0.02364019, -8.099e-05, -0.04578495, -0.021865, 0.02696, 0.06942514], [0.02090697, -0.05637764, 0.02298283, -0.00144736, 0.01793546, -0.0438898]], "number of molecular orbitals": 115, "number of electrons": 104, "number of unpaired electrons": 0, "orbital energies/eV": [-19.82793656, -19.81271833, -19.79367934, -18.66522031, -17.42529804, -17.40198734, -17.36468225, -16.86936395, -16.78222932, -16.74276392, -16.46952797, -16.08780782, -15.92687596, -15.90681572, -15.50122269, -15.41074505, -15.37961478, -14.58882453, -14.49082731, -14.40998554, -14.3274177, -14.1347496, -14.11838187, -14.02117753, -13.8375855, -13.79873183, -13.72648749, -13.63028009, -13.48422393, -13.45618872, -13.2921603, -13.21038428, -12.92752479, -12.92249992, -12.74550893, -12.67872034, -12.53206624, -12.42125342, -12.40607445, -12.350979, -12.10743458, -12.08149574, -12.06744111, -12.04273618, -11.91797693, -11.85645493, -11.75573392, -11.42011481, -11.39715211, -10.56470768, -10.54925544, -10.53598893, -6.89346852, -6.06715307, -6.05374531, -5.44274179, -4.29329606, -4.28754795, -2.29567061, -0.91499753, -0.91074008, -0.66213565, -0.65176024, -0.56434286, -0.07921881, -0.07065985, -0.03798732, 1.76907642, 2.11488242, 2.17563859, 2.33579082, 2.46970361, 2.66449425, 2.78367453, 2.84733634, 2.95497291, 3.11649354, 3.34650575, 3.40864645, 3.50646529, 3.65086365, 3.75407847, 3.84706733, 3.91338649, 4.14399083, 4.27494024, 4.37688424, 4.49497226, 4.65694609, 4.97052691, 5.01143431, 5.25393635, 5.42401827, 5.52834091, 5.69828304, 6.03315848, 6.08857707, 6.1221198, 6.4079164, 6.71724361, 6.7838496, 6.78766805, 7.11111228, 7.43024188, 7.65736359, 7.71731011, 7.94353423, 8.47874192, 8.57728294, 11.72208615, 11.73809677, 12.3097309, 25.42901119, 25.43896247, 31.73296732], "fractional occupation": [2.0, 2.0, 2.0, 2.0, 2.0, 2.0, 2.0, 2.0, 2.0, 2.0, 2.0, 2.0, 2.0, 2.0, 2.0, 2.0, 2.0, 2.0, 2.0, 2.0, 2.0, 2.0, 2.0, 2.0, 2.0, 2.0, 2.0, 2.0, 2.0, 2.0, 2.0, 2.0, 2.0, 2.0, 2.0, 2.0, 2.0, 2.0, 2.0, 2.0, 2.0, 2.0, 2.0, 2.0, 2.0, 2.0, 2.0, 2.0, 2.0, 2.0, 2.0, 2.0, 0.0, 0.0, 0.0, 0.0, 0.0, 0.0, 0.0, 0.0, 0.0, 0.0, 0.0, 0.0, 0.0, 0.0, 0.0, 0.0, 0.0, 0.0, 0.0, 0.0, 0.0, 0.0, 0.0, 0.0, 0.0, 0.0, 0.0, 0.0, 0.0, 0.0, 0.0, 0.0, 0.0, 0.0, 0.0, 0.0, 0.0, 0.0, 0.0, 0.0, 0.0, 0.0, 0.0, 0.0, 0.0, 0.0, 0.0, 0.0, 0.0, 0.0, 0.0, 0.0, 0.0, 0.0, 0.0, 0.0, 0.0, 0.0, 0.0, 0.0, 0.0, 0.0, 0.0], "program call": "xtb /home/svss/Project-DBcg-Debug/aqme2_20220329/End-to-End-workflows-final/example-3/QDESCP/mol_760_rdkit_conf_13/mol_760_rdkit_conf_13.xyz --pop --wbo --acc 0.2 --gfn 2 --chrg 0 --uhf 0 --etemp 300 --input /home/svss/Project-DBcg-Debug/aqme2_20220329/End-to-End-workflows-final/example-3/QDESCP/mol_760_rdkit_conf_13/mol_760_rdkit_conf_13_xtb.inp", "method": "GFN2-xTB", "xtb version": "6.3.3 (7355c4f)", "Dipole module/D": 0.913, "Total charge": 0, "Transition dipole module/D": NaN, "HOMO": -10.536, "LUMO": -6.8935, "HOMO occupancy": 2.0, "LUMO occupancy": 0, "mulliken charges": [-0.08383, -0.03951, -0.04791, 0.03197, -0.08687, 0.32585, -0.4814, -0.0861, 0.03237, -0.04865, -0.03887, -0.08648, -0.08578, 0.0332, -0.04827, -0.03852, -0.0828, 0.03032, 0.02695, 0.02734, 0.02612, 0.02636, 0.02834, 0.03103, 0.04757, 0.03324, 0.04687, 0.03298, 0.0276, 0.03064, 0.02713, 0.02658, 0.03101, 0.02916, 0.02806, 0.04675, 0.03227, 0.02748, 0.02988, 0.0262, 0.02413, 0.03087, 0.02805, 0.0287], "cm5 charges": [-0.23422, -0.15114, -0.15563, -0.05785, -0.09023, 0.25975, -0.4985, -0.08929, -0.05764, -0.15613, -0.1512, -0.23691, -0.08889, -0.05661, -0.15586, -0.15095, -0.23314, 0.08108, 0.07824, 0.07863, 0.08192, 0.08121, 0.08389, 0.08603, 0.10621, 0.09075, 0.10558, 0.09165, 0.08321, 0.08603, 0.08135, 0.08119, 0.08179, 0.08093, 0.07949, 0.10537, 0.09025, 0.08327, 0.08565, 0.08092, 0.07886, 0.08165, 0.07933, 0.07998], "FUKUI+": [0.007, 0.003, 0.006, 0.029, -0.198, -0.144, -0.013, -0.196, 0.028, 0.002, 0.005, 0.008, -0.199, 0.029, 0.002, 0.003, 0.007, -0.015, -0.012, -0.008, 0.006, -0.009, -0.011, -0.028, -0.029, -0.023, -0.029, -0.023, -0.01, -0.01, -0.02, -0.011, -0.018, 0.002, -0.006, -0.029, -0.024, -0.01, -0.011, -0.01, -0.008, -0.017, -0.008, -0.009], "FUKUI-": [0.009, 0.003, 0.008, 0.024, -0.155, -0.055, -0.014, -0.154, 0.022, 0.006, 0.004, 0.008, -0.145, 0.023, 0.006, 0.003, 0.008, -0.024, -0.03, -0.02, -0.018, -0.019, -0.017, -0.03, -0.031, -0.029, -0.032, -0.027, -0.015, -0.017, -0.033, -0.017, -0.023, -0.013, -0.015, -0.03, -0.023, -0.016, -0.017, -0.022, -0.02, -0.022, -0.022, -0.022], "FUKUIrad": [0.008, 0.003, 0.007, 0.027, -0.176, -0.099, -0.013, -0.175, 0.025, 0.004, 0.005, 0.008, -0.172, 0.026, 0.004, 0.003, 0.008, -0.019, -0.021, -0.014, -0.006, -0.014, -0.014, -0.029, -0.03, -0.026, -0.03, -0.025, -0.013, -0.014, -0.026, -0.014, -0.021, -0.005, -0.011, -0.029, -0.023, -0.013, -0.014, -0.016, -0.014, -0.019, -0.015, -0.015], "s proportion": [1.008, 1.027, 1.034, 1.039, 1.911, 1.553, 1.691, 1.911, 1.039, 1.034, 1.028, 1.008, 1.911, 1.039, 1.034, 1.028, 1.008, 0.97, 0.973, 0.973, 0.974, 0.974, 0.972, 0.969, 0.952, 0.967, 0.953, 0.967, 0.972, 0.969, 0.973, 0.973, 0.969, 0.971, 0.972, 0.953, 0.968, 0.973, 0.97, 0.974, 0.976, 0.969, 0.972, 0.971], "p proportion": [3.076, 3.013, 3.013, 2.929, 4.182, 2.126, 4.791, 4.181, 2.929, 3.015, 3.011, 3.079, 4.181, 2.927, 3.014, 3.01, 3.075, 0.0, 0.0, 0.0, 0.0, 0.0, 0.0, 0.0, 0.0, 0.0, 0.0, 0.0, 0.0, 0.0, 0.0, 0.0, 0.0, 0.0, 0.0, 0.0, 0.0, 0.0, 0.0, 0.0, 0.0, 0.0, 0.0, 0.0], "d proportion": [0.0, 0.0, 0.0, 0.0, -0.006, 0.995, 0.0, -0.006, 0.0, 0.0, 0.0, 0.0, -0.006, 0.0, 0.0, 0.0, 0.0, 0.0, 0.0, 0.0, 0.0, 0.0, 0.0, 0.0, 0.0, 0.0, 0.0, 0.0, 0.0, 0.0, 0.0, 0.0, 0.0, 0.0, 0.0, 0.0, 0.0, 0.0, 0.0, 0.0, 0.0, 0.0, 0.0, 0.0], "Fermi-level/eV": -8.7147, "Coordination numbers": [3.75, 3.799, 3.826, 3.798, 1.925, 3.587, 0.809, 1.938, 3.799, 3.839, 3.799, 3.749, 1.939, 3.8, 3.84, 3.801, 3.75, 0.924, 0.924, 0.924, 0.924, 0.924, 0.924, 0.924, 0.924, 0.924, 0.924, 0.924, 0.924, 0.924, 0.924, 0.924, 0.924, 0.924, 0.924, 0.924, 0.924, 0.924, 0.924, 0.924, 0.924, 0.924, 0.924, 0.924], "Dispersion coefficient C6": [22.524, 21.546, 21.608, 20.499, 145.917, 150.715, 22.272, 146.15, 20.464, 21.596, 21.531, 22.536, 146.03, 20.48, 21.612, 21.51, 22.522, 2.48, 2.524, 2.496, 2.419, 2.496, 2.327, 2.353, 2.179, 2.313, 2.181, 2.252, 2.337, 2.378, 2.454, 2.506, 2.484, 2.518, 2.47, 2.189, 2.301, 2.332, 2.339, 2.513, 2.522, 2.465, 2.477, 2.48], "Total dispersion C6": 22567.081374, "Total dispersion C8": 652958.36097, "Polarizability alpha": [6.768, 6.609, 6.614, 6.447, 20.331, 22.053, 6.326, 20.347, 6.441, 6.611, 6.607, 6.771, 20.339, 6.443, 6.613, 6.603, 6.768, 2.463, 2.484, 2.471, 2.432, 2.471, 2.386, 2.399, 2.308, 2.378, 2.31, 2.347, 2.39, 2.412, 2.45, 2.475, 2.465, 2.482, 2.458, 2.313, 2.372, 2.388, 2.392, 2.479, 2.483, 2.455, 2.461, 2.463], "Total polarizability alpha": 234.079943, "Wiberg matrix": [[0.0, 1.019826231059376, 0.0, 0.0, 0.0, 0.0, 0.0, 0.0, 0.0, 0.0, 0.0, 0.0, 0.0, 0.0, 0.0, 0.0, 0.0, 0.9868924421667924, 0.9873054253465888, 0.9874789455088335, 0.0, 0.0, 0.0, 0.0, 0.0, 0.0, 0.0, 0.0, 0.0, 0.0, 0.0, 0.0, 0.0, 0.0, 0.0, 0.0, 0.0, 0.0, 0.0, 0.0, 0.0, 0.0, 0.0, 0.0], [1.019826231059376, 0.0, 1.0082509540823874, 0.0, 0.0, 0.0, 0.0, 0.0, 0.0, 0.0, 0.0, 0.0, 0.0, 0.0, 0.0, 0.0, 0.0, 0.0, 0.0, 0.0, 0.9758920728929797, 0.9772992276320362, 0.0, 0.0, 0.0, 0.0, 0.0, 0.0, 0.0, 0.0, 0.0, 0.0, 0.0, 0.0, 0.0, 0.0, 0.0, 0.0, 0.0, 0.0, 0.0, 0.0, 0.0, 0.0], [0.0, 1.0082509540823874, 0.0, 1.0078060370094482, 0.0, 0.0, 0.0, 0.0, 0.0, 0.0, 0.0, 0.0, 0.0, 0.0, 0.0, 0.0, 0.0, 0.0, 0.0, 0.0, 0.0, 0.0, 0.9747068480203445, 0.9664505491351334, 0.0, 0.0, 0.0, 0.0, 0.0, 0.0, 0.0, 0.0, 0.0, 0.0, 0.0, 0.0, 0.0, 0.0, 0.0, 0.0, 0.0, 0.0, 0.0, 0.0], [0.0, 0.0, 1.0078060370094482, 0.0, 0.9525178693708651, 0.0, 0.0, 0.0, 0.0, 0.0, 0.0, 0.0, 0.0, 0.0, 0.0, 0.0, 0.0, 0.0, 0.0, 0.0, 0.0, 0.0, 0.0, 0.0, 0.9718720880753857, 0.9733074817523388, 0.0, 0.0, 0.0, 0.0, 0.0, 0.0, 0.0, 0.0, 0.0, 0.0, 0.0, 0.0, 0.0, 0.0, 0.0, 0.0, 0.0, 0.0], [0.0, 0.0, 0.0, 0.9525178693708651, 0.0, 1.0410912085121375, 0.0, 0.0, 0.0, 0.0, 0.0, 0.0, 0.0, 0.0, 0.0, 0.0, 0.0, 0.0, 0.0, 0.0, 0.0, 0.0, 0.0, 0.0, 0.0, 0.0, 0.0, 0.0, 0.0, 0.0, 0.0, 0.0, 0.0, 0.0, 0.0, 0.0, 0.0, 0.0, 0.0, 0.0, 0.0, 0.0, 0.0, 0.0], [0.0, 0.0, 0.0, 0.0, 1.0410912085121375, 0.0, 1.9320701510218976, 1.040094215617764, 0.0, 0.0, 0.0, 0.0, 1.0399336787306126, 0.0, 0.0, 0.0, 0.0, 0.0, 0.0, 0.0, 0.0, 0.0, 0.0, 0.0, 0.0, 0.0, 0.0, 0.0, 0.0, 0.0, 0.0, 0.0, 0.0, 0.0, 0.0, 0.0, 0.0, 0.0, 0.0, 0.0, 0.0, 0.0, 0.0, 0.0], [0.0, 0.0, 0.0, 0.0, 0.0, 1.9320701510218976, 0.0, 0.0, 0.0, 0.0, 0.0, 0.0, 0.0, 0.0, 0.0, 0.0, 0.0, 0.0, 0.0, 0.0, 0.0, 0.0, 0.0, 0.0, 0.0, 0.0, 0.0, 0.0, 0.0, 0.0, 0.0, 0.0, 0.0, 0.0, 0.0, 0.0, 0.0, 0.0, 0.0, 0.0, 0.0, 0.0, 0.0, 0.0], [0.0, 0.0, 0.0, 0.0, 0.0, 1.040094215617764, 0.0, 0.0, 0.9530851110869994, 0.0, 0.0, 0.0, 0.0, 0.0, 0.0, 0.0, 0.0, 0.0, 0.0, 0.0, 0.0, 0.0, 0.0, 0.0, 0.0, 0.0, 0.0, 0.0, 0.0, 0.0, 0.0, 0.0, 0.0, 0.0, 0.0, 0.0, 0.0, 0.0, 0.0, 0.0, 0.0, 0.0, 0.0, 0.0], [0.0, 0.0, 0.0, 0.0, 0.0, 0.0, 0.0, 0.9530851110869994, 0.0, 1.0074426772917187, 0.0, 0.0, 0.0, 0.0, 0.0, 0.0, 0.0, 0.0, 0.0, 0.0, 0.0, 0.0, 0.0, 0.0, 0.0, 0.0, 0.9723123633583322, 0.9711279330635597, 0.0, 0.0, 0.0, 0.0, 0.0, 0.0, 0.0, 0.0, 0.0, 0.0, 0.0, 0.0, 0.0, 0.0, 0.0, 0.0], [0.0, 0.0, 0.0, 0.0, 0.0, 0.0, 0.0, 0.0, 1.0074426772917187, 0.0, 0.9995276858381499, 0.0, 0.0, 0.0, 0.0, 0.0, 0.0, 0.0, 0.0, 0.0, 0.0, 0.0, 0.0, 0.0, 0.0, 0.0, 0.0, 0.0, 0.9755013557583696, 0.9753883536578231, 0.0, 0.0, 0.0, 0.0, 0.0, 0.0, 0.0, 0.0, 0.0, 0.0, 0.0, 0.0, 0.0, 0.0], [0.0, 0.0, 0.0, 0.0, 0.0, 0.0, 0.0, 0.0, 0.0, 0.9995276858381499, 0.0, 1.0214274568764066, 0.0, 0.0, 0.0, 0.0, 0.0, 0.0, 0.0, 0.0, 0.0, 0.0, 0.0, 0.0, 0.0, 0.0, 0.0, 0.0, 0.0, 0.0, 0.9757329772862775, 0.977260199140285, 0.0, 0.0, 0.0, 0.0, 0.0, 0.0, 0.0, 0.0, 0.0, 0.0, 0.0, 0.0], [0.0, 0.0, 0.0, 0.0, 0.0, 0.0, 0.0, 0.0, 0.0, 0.0, 1.0214274568764066, 0.0, 0.0, 0.0, 0.0, 0.0, 0.0, 0.0, 0.0, 0.0, 0.0, 0.0, 0.0, 0.0, 0.0, 0.0, 0.0, 0.0, 0.0, 0.0, 0.0, 0.0, 0.9864845257752239, 0.9860981701481917, 0.9869287148418411, 0.0, 0.0, 0.0, 0.0, 0.0, 0.0, 0.0, 0.0, 0.0], [0.0, 0.0, 0.0, 0.0, 0.0, 1.0399336787306126, 0.0, 0.0, 0.0, 0.0, 0.0, 0.0, 0.0, 0.9538678335094838, 0.0, 0.0, 0.0, 0.0, 0.0, 0.0, 0.0, 0.0, 0.0, 0.0, 0.0, 0.0, 0.0, 0.0, 0.0, 0.0, 0.0, 0.0, 0.0, 0.0, 0.0, 0.0, 0.0, 0.0, 0.0, 0.0, 0.0, 0.0, 0.0, 0.0], [0.0, 0.0, 0.0, 0.0, 0.0, 0.0, 0.0, 0.0, 0.0, 0.0, 0.0, 0.0, 0.9538678335094838, 0.0, 1.0067373234608112, 0.0, 0.0, 0.0, 0.0, 0.0, 0.0, 0.0, 0.0, 0.0, 0.0, 0.0, 0.0, 0.0, 0.0, 0.0, 0.0, 0.0, 0.0, 0.0, 0.0, 0.9725500426960583, 0.9728666752515395, 0.0, 0.0, 0.0, 0.0, 0.0, 0.0, 0.0], [0.0, 0.0, 0.0, 0.0, 0.0, 0.0, 0.0, 0.0, 0.0, 0.0, 0.0, 0.0, 0.0, 1.0067373234608112, 0.0, 0.9998631062628346, 0.0, 0.0, 0.0, 0.0, 0.0, 0.0, 0.0, 0.0, 0.0, 0.0, 0.0, 0.0, 0.0, 0.0, 0.0, 0.0, 0.0, 0.0, 0.0, 0.0, 0.0, 0.9753885328879524, 0.9753094880308245, 0.0, 0.0, 0.0, 0.0, 0.0], [0.0, 0.0, 0.0, 0.0, 0.0, 0.0, 0.0, 0.0, 0.0, 0.0, 0.0, 0.0, 0.0, 0.0, 0.9998631062628346, 0.0, 1.0191124301179417, 0.0, 0.0, 0.0, 0.0, 0.0, 0.0, 0.0, 0.0, 0.0, 0.0, 0.0, 0.0, 0.0, 0.0, 0.0, 0.0, 0.0, 0.0, 0.0, 0.0, 0.0, 0.0, 0.9775269186812872, 0.9775262421210097, 0.0, 0.0, 0.0], [0.0, 0.0, 0.0, 0.0, 0.0, 0.0, 0.0, 0.0, 0.0, 0.0, 0.0, 0.0, 0.0, 0.0, 0.0, 1.0191124301179417, 0.0, 0.0, 0.0, 0.0, 0.0, 0.0, 0.0, 0.0, 0.0, 0.0, 0.0, 0.0, 0.0, 0.0, 0.0, 0.0, 0.0, 0.0, 0.0, 0.0, 0.0, 0.0, 0.0, 0.0, 0.0, 0.9862476163523846, 0.9872642745726566, 0.987283563474615], [0.9868924421667924, 0.0, 0.0, 0.0, 0.0, 0.0, 0.0, 0.0, 0.0, 0.0, 0.0, 0.0, 0.0, 0.0, 0.0, 0.0, 0.0, 0.0, 0.0, 0.0, 0.0, 0.0, 0.0, 0.0, 0.0, 0.0, 0.0, 0.0, 0.0, 0.0, 0.0, 0.0, 0.0, 0.0, 0.0, 0.0, 0.0, 0.0, 0.0, 0.0, 0.0, 0.0, 0.0, 0.0], [0.9873054253465888, 0.0, 0.0, 0.0, 0.0, 0.0, 0.0, 0.0, 0.0, 0.0, 0.0, 0.0, 0.0, 0.0, 0.0, 0.0, 0.0, 0.0, 0.0, 0.0, 0.0, 0.0, 0.0, 0.0, 0.0, 0.0, 0.0, 0.0, 0.0, 0.0, 0.0, 0.0, 0.0, 0.0, 0.0, 0.0, 0.0, 0.0, 0.0, 0.0, 0.0, 0.0, 0.0, 0.0], [0.9874789455088335, 0.0, 0.0, 0.0, 0.0, 0.0, 0.0, 0.0, 0.0, 0.0, 0.0, 0.0, 0.0, 0.0, 0.0, 0.0, 0.0, 0.0, 0.0, 0.0, 0.0, 0.0, 0.0, 0.0, 0.0, 0.0, 0.0, 0.0, 0.0, 0.0, 0.0, 0.0, 0.0, 0.0, 0.0, 0.0, 0.0, 0.0, 0.0, 0.0, 0.0, 0.0, 0.0, 0.0], [0.0, 0.9758920728929797, 0.0, 0.0, 0.0, 0.0, 0.0, 0.0, 0.0, 0.0, 0.0, 0.0, 0.0, 0.0, 0.0, 0.0, 0.0, 0.0, 0.0, 0.0, 0.0, 0.0, 0.0, 0.0, 0.0, 0.0, 0.0, 0.0, 0.0, 0.0, 0.0, 0.0, 0.0, 0.0, 0.0, 0.0, 0.0, 0.0, 0.0, 0.0, 0.0, 0.0, 0.0, 0.0], [0.0, 0.9772992276320362, 0.0, 0.0, 0.0, 0.0, 0.0, 0.0, 0.0, 0.0, 0.0, 0.0, 0.0, 0.0, 0.0, 0.0, 0.0, 0.0, 0.0, 0.0, 0.0, 0.0, 0.0, 0.0, 0.0, 0.0, 0.0, 0.0, 0.0, 0.0, 0.0, 0.0, 0.0, 0.0, 0.0, 0.0, 0.0, 0.0, 0.0, 0.0, 0.0, 0.0, 0.0, 0.0], [0.0, 0.0, 0.9747068480203445, 0.0, 0.0, 0.0, 0.0, 0.0, 0.0, 0.0, 0.0, 0.0, 0.0, 0.0, 0.0, 0.0, 0.0, 0.0, 0.0, 0.0, 0.0, 0.0, 0.0, 0.0, 0.0, 0.0, 0.0, 0.0, 0.0, 0.0, 0.0, 0.0, 0.0, 0.0, 0.0, 0.0, 0.0, 0.0, 0.0, 0.0, 0.0, 0.0, 0.0, 0.0], [0.0, 0.0, 0.9664505491351334, 0.0, 0.0, 0.0, 0.0, 0.0, 0.0, 0.0, 0.0, 0.0, 0.0, 0.0, 0.0, 0.0, 0.0, 0.0, 0.0, 0.0, 0.0, 0.0, 0.0, 0.0, 0.0, 0.0, 0.0, 0.0, 0.0, 0.0, 0.0, 0.0, 0.0, 0.0, 0.0, 0.0, 0.0, 0.0, 0.0, 0.0, 0.0, 0.0, 0.0, 0.0], [0.0, 0.0, 0.0, 0.9718720880753857, 0.0, 0.0, 0.0, 0.0, 0.0, 0.0, 0.0, 0.0, 0.0, 0.0, 0.0, 0.0, 0.0, 0.0, 0.0, 0.0, 0.0, 0.0, 0.0, 0.0, 0.0, 0.0, 0.0, 0.0, 0.0, 0.0, 0.0, 0.0, 0.0, 0.0, 0.0, 0.0, 0.0, 0.0, 0.0, 0.0, 0.0, 0.0, 0.0, 0.0], [0.0, 0.0, 0.0, 0.9733074817523388, 0.0, 0.0, 0.0, 0.0, 0.0, 0.0, 0.0, 0.0, 0.0, 0.0, 0.0, 0.0, 0.0, 0.0, 0.0, 0.0, 0.0, 0.0, 0.0, 0.0, 0.0, 0.0, 0.0, 0.0, 0.0, 0.0, 0.0, 0.0, 0.0, 0.0, 0.0, 0.0, 0.0, 0.0, 0.0, 0.0, 0.0, 0.0, 0.0, 0.0], [0.0, 0.0, 0.0, 0.0, 0.0, 0.0, 0.0, 0.0, 0.9723123633583322, 0.0, 0.0, 0.0, 0.0, 0.0, 0.0, 0.0, 0.0, 0.0, 0.0, 0.0, 0.0, 0.0, 0.0, 0.0, 0.0, 0.0, 0.0, 0.0, 0.0, 0.0, 0.0, 0.0, 0.0, 0.0, 0.0, 0.0, 0.0, 0.0, 0.0, 0.0, 0.0, 0.0, 0.0, 0.0], [0.0, 0.0, 0.0, 0.0, 0.0, 0.0, 0.0, 0.0, 0.9711279330635597, 0.0, 0.0, 0.0, 0.0, 0.0, 0.0, 0.0, 0.0, 0.0, 0.0, 0.0, 0.0, 0.0, 0.0, 0.0, 0.0, 0.0, 0.0, 0.0, 0.0, 0.0, 0.0, 0.0, 0.0, 0.0, 0.0, 0.0, 0.0, 0.0, 0.0, 0.0, 0.0, 0.0, 0.0, 0.0], [0.0, 0.0, 0.0, 0.0, 0.0, 0.0, 0.0, 0.0, 0.0, 0.9755013557583696, 0.0, 0.0, 0.0, 0.0, 0.0, 0.0, 0.0, 0.0, 0.0, 0.0, 0.0, 0.0, 0.0, 0.0, 0.0, 0.0, 0.0, 0.0, 0.0, 0.0, 0.0, 0.0, 0.0, 0.0, 0.0, 0.0, 0.0, 0.0, 0.0, 0.0, 0.0, 0.0, 0.0, 0.0], [0.0, 0.0, 0.0, 0.0, 0.0, 0.0, 0.0, 0.0, 0.0, 0.9753883536578231, 0.0, 0.0, 0.0, 0.0, 0.0, 0.0, 0.0, 0.0, 0.0, 0.0, 0.0, 0.0, 0.0, 0.0, 0.0, 0.0, 0.0, 0.0, 0.0, 0.0, 0.0, 0.0, 0.0, 0.0, 0.0, 0.0, 0.0, 0.0, 0.0, 0.0, 0.0, 0.0, 0.0, 0.0], [0.0, 0.0, 0.0, 0.0, 0.0, 0.0, 0.0, 0.0, 0.0, 0.0, 0.9757329772862775, 0.0, 0.0, 0.0, 0.0, 0.0, 0.0, 0.0, 0.0, 0.0, 0.0, 0.0, 0.0, 0.0, 0.0, 0.0, 0.0, 0.0, 0.0, 0.0, 0.0, 0.0, 0.0, 0.0, 0.0, 0.0, 0.0, 0.0, 0.0, 0.0, 0.0, 0.0, 0.0, 0.0], [0.0, 0.0, 0.0, 0.0, 0.0, 0.0, 0.0, 0.0, 0.0, 0.0, 0.977260199140285, 0.0, 0.0, 0.0, 0.0, 0.0, 0.0, 0.0, 0.0, 0.0, 0.0, 0.0, 0.0, 0.0, 0.0, 0.0, 0.0, 0.0, 0.0, 0.0, 0.0, 0.0, 0.0, 0.0, 0.0, 0.0, 0.0, 0.0, 0.0, 0.0, 0.0, 0.0, 0.0, 0.0], [0.0, 0.0, 0.0, 0.0, 0.0, 0.0, 0.0, 0.0, 0.0, 0.0, 0.0, 0.9864845257752239, 0.0, 0.0, 0.0, 0.0, 0.0, 0.0, 0.0, 0.0, 0.0, 0.0, 0.0, 0.0, 0.0, 0.0, 0.0, 0.0, 0.0, 0.0, 0.0, 0.0, 0.0, 0.0, 0.0, 0.0, 0.0, 0.0, 0.0, 0.0, 0.0, 0.0, 0.0, 0.0], [0.0, 0.0, 0.0, 0.0, 0.0, 0.0, 0.0, 0.0, 0.0, 0.0, 0.0, 0.9860981701481917, 0.0, 0.0, 0.0, 0.0, 0.0, 0.0, 0.0, 0.0, 0.0, 0.0, 0.0, 0.0, 0.0, 0.0, 0.0, 0.0, 0.0, 0.0, 0.0, 0.0, 0.0, 0.0, 0.0, 0.0, 0.0, 0.0, 0.0, 0.0, 0.0, 0.0, 0.0, 0.0], [0.0, 0.0, 0.0, 0.0, 0.0, 0.0, 0.0, 0.0, 0.0, 0.0, 0.0, 0.9869287148418411, 0.0, 0.0, 0.0, 0.0, 0.0, 0.0, 0.0, 0.0, 0.0, 0.0, 0.0, 0.0, 0.0, 0.0, 0.0, 0.0, 0.0, 0.0, 0.0, 0.0, 0.0, 0.0, 0.0, 0.0, 0.0, 0.0, 0.0, 0.0, 0.0, 0.0, 0.0, 0.0], [0.0, 0.0, 0.0, 0.0, 0.0, 0.0, 0.0, 0.0, 0.0, 0.0, 0.0, 0.0, 0.0, 0.9725500426960583, 0.0, 0.0, 0.0, 0.0, 0.0, 0.0, 0.0, 0.0, 0.0, 0.0, 0.0, 0.0, 0.0, 0.0, 0.0, 0.0, 0.0, 0.0, 0.0, 0.0, 0.0, 0.0, 0.0, 0.0, 0.0, 0.0, 0.0, 0.0, 0.0, 0.0], [0.0, 0.0, 0.0, 0.0, 0.0, 0.0, 0.0, 0.0, 0.0, 0.0, 0.0, 0.0, 0.0, 0.9728666752515395, 0.0, 0.0, 0.0, 0.0, 0.0, 0.0, 0.0, 0.0, 0.0, 0.0, 0.0, 0.0, 0.0, 0.0, 0.0, 0.0, 0.0, 0.0, 0.0, 0.0, 0.0, 0.0, 0.0, 0.0, 0.0, 0.0, 0.0, 0.0, 0.0, 0.0], [0.0, 0.0, 0.0, 0.0, 0.0, 0.0, 0.0, 0.0, 0.0, 0.0, 0.0, 0.0, 0.0, 0.0, 0.9753885328879524, 0.0, 0.0, 0.0, 0.0, 0.0, 0.0, 0.0, 0.0, 0.0, 0.0, 0.0, 0.0, 0.0, 0.0, 0.0, 0.0, 0.0, 0.0, 0.0, 0.0, 0.0, 0.0, 0.0, 0.0, 0.0, 0.0, 0.0, 0.0, 0.0], [0.0, 0.0, 0.0, 0.0, 0.0, 0.0, 0.0, 0.0, 0.0, 0.0, 0.0, 0.0, 0.0, 0.0, 0.9753094880308245, 0.0, 0.0, 0.0, 0.0, 0.0, 0.0, 0.0, 0.0, 0.0, 0.0, 0.0, 0.0, 0.0, 0.0, 0.0, 0.0, 0.0, 0.0, 0.0, 0.0, 0.0, 0.0, 0.0, 0.0, 0.0, 0.0, 0.0, 0.0, 0.0], [0.0, 0.0, 0.0, 0.0, 0.0, 0.0, 0.0, 0.0, 0.0, 0.0, 0.0, 0.0, 0.0, 0.0, 0.0, 0.9775269186812872, 0.0, 0.0, 0.0, 0.0, 0.0, 0.0, 0.0, 0.0, 0.0, 0.0, 0.0, 0.0, 0.0, 0.0, 0.0, 0.0, 0.0, 0.0, 0.0, 0.0, 0.0, 0.0, 0.0, 0.0, 0.0, 0.0, 0.0, 0.0], [0.0, 0.0, 0.0, 0.0, 0.0, 0.0, 0.0, 0.0, 0.0, 0.0, 0.0, 0.0, 0.0, 0.0, 0.0, 0.9775262421210097, 0.0, 0.0, 0.0, 0.0, 0.0, 0.0, 0.0, 0.0, 0.0, 0.0, 0.0, 0.0, 0.0, 0.0, 0.0, 0.0, 0.0, 0.0, 0.0, 0.0, 0.0, 0.0, 0.0, 0.0, 0.0, 0.0, 0.0, 0.0], [0.0, 0.0, 0.0, 0.0, 0.0, 0.0, 0.0, 0.0, 0.0, 0.0, 0.0, 0.0, 0.0, 0.0, 0.0, 0.0, 0.9862476163523846, 0.0, 0.0, 0.0, 0.0, 0.0, 0.0, 0.0, 0.0, 0.0, 0.0, 0.0, 0.0, 0.0, 0.0, 0.0, 0.0, 0.0, 0.0, 0.0, 0.0, 0.0, 0.0, 0.0, 0.0, 0.0, 0.0, 0.0], [0.0, 0.0, 0.0, 0.0, 0.0, 0.0, 0.0, 0.0, 0.0, 0.0, 0.0, 0.0, 0.0, 0.0, 0.0, 0.0, 0.9872642745726566, 0.0, 0.0, 0.0, 0.0, 0.0, 0.0, 0.0, 0.0, 0.0, 0.0, 0.0, 0.0, 0.0, 0.0, 0.0, 0.0, 0.0, 0.0, 0.0, 0.0, 0.0, 0.0, 0.0, 0.0, 0.0, 0.0, 0.0], [0.0, 0.0, 0.0, 0.0, 0.0, 0.0, 0.0, 0.0, 0.0, 0.0, 0.0, 0.0, 0.0, 0.0, 0.0, 0.0, 0.987283563474615, 0.0, 0.0, 0.0, 0.0, 0.0, 0.0, 0.0, 0.0, 0.0, 0.0, 0.0, 0.0, 0.0, 0.0, 0.0, 0.0, 0.0, 0.0, 0.0, 0.0, 0.0, 0.0, 0.0, 0.0, 0.0, 0.0, 0.0]], "Born radii": [], "Atomic SASAs": [], "Solvent H bonds": [], "Total SASA": NaN, "Total FOD": 0.0, "FOD": [0.0, 0.0, 0.0, 0.0, 0.0, 0.0, 0.0, 0.0, 0.0, 0.0, 0.0, 0.0, 0.0, 0.0, 0.0, 0.0, 0.0, 0.0, 0.0, 0.0, 0.0, 0.0, 0.0, 0.0, 0.0, 0.0, 0.0, 0.0, 0.0, 0.0, 0.0, 0.0, 0.0, 0.0, 0.0, 0.0, 0.0, 0.0, 0.0, 0.0, 0.0, 0.0, 0.0, 0.0], "FOD s proportion": [0.0, 0.0, 0.0, 0.0, 0.0, 0.0, 0.0, 0.0, 0.0, 0.0, 0.0, 0.0, 0.0, 0.0, 0.0, 0.0, 0.0, 0.0, 0.0, 0.0, 0.0, 0.0, 0.0, 0.0, 0.0, 0.0, 0.0, 0.0, 0.0, 0.0, 0.0, 0.0, 0.0, 0.0, 0.0, 0.0, 0.0, 0.0, 0.0, 0.0, 0.0, 0.0, 0.0, 0.0], "FOD p proportion": [0.0, 0.0, 0.0, 0.0, 0.0, 0.0, 0.0, 0.0, 0.0, 0.0, 0.0, 0.0, 0.0, 0.0, 0.0, 0.0, 0.0, 0.0, 0.0, 0.0, 0.0, 0.0, 0.0, 0.0, 0.0, 0.0, 0.0, 0.0, 0.0, 0.0, 0.0, 0.0, 0.0, 0.0, 0.0, 0.0, 0.0, 0.0, 0.0, 0.0, 0.0, 0.0, 0.0, 0.0], "FOD d proportion": [0.0, 0.0, 0.0, 0.0, 0.0, 0.0, 0.0, 0.0, 0.0, 0.0, 0.0, 0.0, 0.0, 0.0, 0.0, 0.0, 0.0, 0.0, 0.0, 0.0, 0.0, 0.0, 0.0, 0.0, 0.0, 0.0, 0.0, 0.0, 0.0, 0.0, 0.0, 0.0, 0.0, 0.0, 0.0, 0.0, 0.0, 0.0, 0.0, 0.0, 0.0, 0.0, 0.0, 0.0], "coordinates": [["5.56680", "-3.59330", "0.62570"], ["4.27340", "-2.79810", "0.72140"], ["4.47870", "-1.34600", "0.28090"], ["3.23470", "-0.47330", "0.44720"], ["1.90590", "-0.92670", "-0.70170"], ["0.37530", "0.41850", "-0.23220"], ["0.16360", "0.42440", "1.25840"], ["0.90510", "2.34290", "-0.85640"], ["-0.34790", "3.39740", "-0.07620"], ["-0.11440", "4.85960", "-0.44810"], ["-1.07960", "5.81580", "0.25910"], ["-2.53090", "5.63080", "-0.15640"], ["-1.39760", "-0.16930", "-1.17290"], ["-1.87300", "-1.67020", "-0.27430"], ["-3.16290", "-2.24750", "-0.85040"], ["-3.57620", "-3.51560", "-0.10080"], ["-4.86060", "-4.10260", "-0.66410"], ["5.40040", "-4.62710", "0.94450"], ["6.34190", "-3.16130", "1.26670"], ["5.94100", "-3.61080", "-0.40290"], ["3.51570", "-3.28700", "0.09990"], ["3.91240", "-2.82480", "1.75610"], ["4.82880", "-1.31360", "-0.75850"], ["5.27970", "-0.90740", "0.88990"], ["2.85790", "-0.54080", "1.47270"], ["3.50130", "0.57170", "0.26000"], ["-0.29100", "3.26510", "1.00870"], ["-1.33330", "3.06230", "-0.41080"], ["-0.20450", "4.99410", "-1.53350"], ["0.90710", "5.15220", "-0.17260"], ["-0.77990", "6.84490", "0.02780"], ["-0.99310", "5.69730", "1.34550"], ["-3.15490", "6.40220", "0.30640"], ["-2.91860", "4.65830", "0.16070"], ["-2.64240", "5.71150", "-1.24220"], ["-2.00570", "-1.41920", "0.78280"], ["-1.06080", "-2.39970", "-0.35110"], ["-3.02790", "-2.48570", "-1.91310"], ["-3.97130", "-1.50850", "-0.78020"], ["-3.72020", "-3.28960", "0.96220"], ["-2.77870", "-4.26470", "-0.16840"], ["-5.13700", "-5.00740", "-0.11390"], ["-4.74040", "-4.36970", "-1.71890"], ["-5.68700", "-3.38930", "-0.58210"]], "bond_dist": [[0.0, 1.5213103200859452, 2.520556672641978, 3.899352851435735, 4.719632944414216, 6.616812215863466, 6.762898255925489, 7.691978792222454, 9.184020154050186, 10.241122901811108, 11.525631927577768, 12.299123810662286, 7.966279264499833, 7.7368557987078965, 8.955317467292826, 9.172147433398571, 10.519203453208801, 1.0945614829693215, 1.0946620528729403, 1.094691668918696, 2.1394617407189127, 2.146027905223974, 2.76725237916602, 2.7140904295914683, 4.16812961170835, 4.663394872836741, 9.027633156038187, 9.642754980813315, 10.569460113458964, 9.941521876956262, 12.230866876064018, 11.39586102100232, 13.269514822705464, 11.845131519742615, 12.548279487244457, 7.879983976506551, 6.804696977823479, 9.030013914164252, 9.863989936126252, 9.298055438638768, 8.410038229401813, 10.822107992900458, 10.598977212920122, 11.320265512787234], [1.5213103200859452, 0.0, 1.531268346828863, 2.5610112006783567, 3.336526310401283, 5.143058635675856, 5.250079169879251, 6.345453390420577, 7.770250941893704, 8.902858438726295, 10.152221604161328, 10.86809028946668, 6.53140129910879, 6.327859816715285, 7.620516602567045, 7.925089226627041, 9.330127893014115, 2.1598943515829667, 2.1697830721065183, 2.1691983634513465, 1.0951688226022507, 1.0961924922202304, 2.168481823765189, 2.1484362755269237, 2.768301867571526, 3.48777585432321, 7.594648305879608, 8.189093349693847, 9.265772674742243, 8.67977429314841, 10.908912450377445, 10.014856175702175, 11.83204910317735, 10.374832502262386, 11.139897071337778, 6.429014852992641, 5.455517248620885, 7.7683438196310535, 8.478970975890883, 8.012315386328723, 7.257738904782949, 9.702286366625136, 9.4696135660332, 10.06271324494542], [2.520556672641978, 1.531268346828863, 0.0, 1.528658555727864, 2.7857880554701215, 4.496067550649123, 4.765491624166388, 5.260423125566992, 6.776682929723067, 7.754835908644361, 9.065679972842632, 9.899568762830025, 6.166770550296159, 6.384155822816357, 7.777312678554207, 8.350704943895456, 9.783373296056938, 3.4721049897720553, 2.781839314194837, 2.781226846195757, 2.174307016039823, 2.164199660382563, 1.0972566381662952, 1.09765748756158, 2.1669626023538107, 2.15251500807776, 6.673977385337773, 7.327407575670948, 8.088342080426619, 7.4289024795053, 9.736928487978124, 8.982318369441154, 10.876906842020851, 9.528174737062708, 10.140917368266049, 6.504206731800582, 5.674131470101834, 7.903264872823129, 8.517912858206522, 8.45362122761601, 7.835211224976644, 10.296766652206896, 9.906248863217602, 10.404869070776433], [3.899352851435735, 2.5610112006783567, 1.528658555727864, 0.0, 1.8141808647430941, 3.0713286961834614, 3.300843216513017, 3.8803854911593514, 5.300121584454455, 6.360648969248343, 7.6289805944175795, 8.418225058169924, 4.916842818313394, 5.295444377009356, 6.764675687717779, 7.47958903282794, 8.940955668719088, 4.710798044917656, 4.18946489303825, 4.229732373330492, 2.848944713398278, 2.775256519675253, 2.168172361690832, 2.1369256187336045, 1.0946162523916771, 1.09459782568759, 5.16928208748565, 5.839799256823817, 6.756014497468164, 6.119487237506097, 8.35756907001073, 7.533760023388056, 9.3871887724707, 8.01738746101247, 8.697478244295873, 5.335648632546937, 4.774894773709679, 6.988628521391018, 7.382722113150406, 7.521130546666505, 7.135450713164516, 9.537203830788142, 9.136527906157788, 9.442417348327705], [4.719632944414216, 3.336526310401283, 2.7857880554701215, 1.8141808647430941, 0.0, 2.091107278453212, 2.9500970339973565, 3.4228375494609735, 4.916167765648361, 6.134100809409641, 7.43623917985429, 7.936205175019103, 3.4218118665408825, 3.8749900928905614, 5.240167723460766, 6.092364436735544, 7.474842929453434, 5.349248998691312, 5.3428580104659344, 4.855482083171556, 2.9673278703237362, 3.697243121570449, 2.948942566412578, 3.730427521075835, 2.404836412315815, 2.390684130118406, 5.032198824569633, 5.14676213264223, 6.340469386409811, 6.1830876962889665, 8.254905114536447, 7.514825669301984, 8.963299473966046, 7.430461561033742, 8.065040135052026, 4.21270828090434, 3.3307594104047804, 5.314165353091678, 5.90644845317387, 6.32493959101587, 5.776861609039981, 8.16088608791962, 7.553955819966119, 7.983159357672876], [6.616812215863466, 5.143058635675856, 4.496067550649123, 3.0713286961834614, 2.091107278453212, 0.0, 1.5055696795565459, 2.091322318534377, 3.069397245388743, 4.4732301651044075, 5.611502204401242, 5.9682338568457585, 2.0913153133853344, 3.069086670330442, 4.473095849632556, 5.577522839038851, 6.931199869430977, 7.2176403526360335, 7.117723288383723, 6.873238935902054, 4.8685863266455485, 5.194555629695383, 4.807371875567772, 5.202908665352487, 3.160734607650569, 3.168218281621391, 3.175991193312727, 3.1529177534467974, 4.7922505245448095, 4.763851287561358, 6.534577568596152, 5.6769168824283485, 6.968290155411154, 5.38331233164118, 6.175958410643648, 3.174354625746783, 3.165244328641945, 4.779285792877425, 4.786080291846345, 5.652408090362903, 5.64660505790869, 7.735621306010267, 7.1629269590021645, 7.167513665142188], [6.762898255925489, 5.250079169879251, 4.765491624166388, 3.300843216513017, 2.9500970339973565, 1.5055696795565459, 0.0, 2.950058226544012, 3.2987146602881556, 4.760296764908675, 5.622396347643948, 6.030637632124815, 2.949753349010727, 3.2991298868034886, 4.759379087654187, 5.599743626274332, 7.030812249662196, 7.282874411933794, 7.1434378467233834, 7.240242225920346, 5.133535489309487, 4.985830659980341, 5.371463548233386, 5.299430412789662, 2.869980491222893, 3.4869386487289966, 2.88766129246489, 3.4620015395721593, 5.367714719505872, 4.995262364480968, 6.605103243704825, 5.3989828403135345, 6.903103583896159, 5.35077670436732, 6.486914734293954, 2.886333107941632, 3.4734977213178073, 5.358429481667179, 4.998938925412072, 5.381954373645321, 5.7166901560256, 7.712588339202345, 7.476424686974383, 7.222275839373625], [7.691978792222454, 6.345453390420577, 5.260423125566992, 3.8803854911593514, 3.4228375494609735, 2.091322318534377, 2.950058226544012, 0.0, 1.814026264969722, 2.7458820131243806, 4.152638769505482, 4.806909860814949, 3.4225353730823582, 4.9154502977855445, 6.13354971937132, 7.414513018398445, 8.650129827349414, 8.48715870595101, 8.022628340512853, 7.8110495293526325, 6.278974124807332, 6.524885656469391, 5.364233249030098, 5.722861079914487, 4.189732728945845, 3.3352290536033657, 2.3999387617187233, 2.393016982806432, 2.9527170555269935, 2.8913237331713644, 4.887641418925901, 4.438865419225954, 5.857782885187875, 4.584348509875749, 4.907246055579443, 5.031215528080665, 5.158715504851959, 6.316682820120067, 6.214367655683079, 7.511708347639703, 7.596321754638886, 9.543856073411837, 8.813318061887928, 8.740088085368477], [9.184020154050186, 7.770250941893704, 6.776682929723067, 5.300121584454455, 4.916167765648361, 3.069397245388743, 3.2987146602881556, 1.814026264969722, 0.0, 1.5267156578747727, 2.5488172825842184, 3.124099326205874, 3.8763345921114705, 5.295823201354064, 6.355195248770883, 7.629685121287771, 8.77268987825285, 9.923577058198319, 9.464319845609614, 9.421882154856322, 7.722669197240032, 7.7603641808873896, 7.032586805720923, 7.15084148964302, 5.309017243332329, 4.786851947783637, 1.0944171553845454, 1.0932805358186892, 2.166503574887427, 2.1595464801666107, 3.4760172971376306, 2.77975789233523, 4.1297039603342025, 2.8730626359339952, 3.4611190473602607, 5.165831723933717, 5.847235657128931, 6.720674610483683, 6.139421664130913, 7.560863102186151, 8.038971693568774, 9.673549665970604, 9.073056924212478, 8.64992604072428], [10.241122901811108, 8.902858438726295, 7.754835908644361, 6.360648969248343, 6.134100809409641, 4.4732301651044075, 4.760296764908675, 2.7458820131243806, 1.5267156578747727, 0.0, 1.53168577717494, 2.5532940645370243, 5.240398123234532, 6.764700173695801, 7.743776078245032, 9.069104231951465, 10.14367286933091, 11.061185772330198, 10.438351667768242, 10.412376691226648, 8.935604152490193, 8.951179768052924, 7.914541846500024, 8.00904787162619, 6.45665239036453, 5.653386463881627, 2.1669988578677195, 2.171956673140604, 1.0974066794037662, 1.0977145621699658, 2.1472743536865515, 2.1658383919397126, 3.4919228599727115, 2.876577266474864, 2.783363508419265, 6.671990702931173, 7.321374082096885, 8.036674644403616, 7.452426828221798, 9.022205959187588, 9.50944672785962, 11.076817656709892, 10.401672323717952, 9.95571082193532], [11.525631927577768, 10.152221604161328, 9.065679972842632, 7.6289805944175795, 7.43623917985429, 5.611502204401242, 5.622396347643948, 4.152638769505482, 2.5488172825842184, 1.53168577717494, 0.0, 1.5209000427378523, 6.162237419152235, 7.5468003233158365, 8.401662694371872, 9.66631085419872, 10.654713407689576, 12.309115872799314, 11.691118185186564, 11.772334344555459, 10.198190749834012, 10.090641275954667, 9.315205026192391, 9.275776159977125, 7.575163019367966, 6.96313366452203, 2.773059791998723, 2.8451523597164354, 2.157407161386093, 2.1386226268325137, 1.0965247785617975, 1.0962615837472367, 2.1570749500191226, 2.1751804086098243, 2.1695907494271816, 7.3128071149183205, 8.238151353914299, 8.799387932123462, 7.942760469131623, 9.506599135863466, 10.231626327715453, 11.564743058105527, 11.002651993496842, 10.32809847987518], [12.299123810662286, 10.86809028946668, 9.899568762830025, 8.418225058169924, 7.936205175019103, 5.9682338568457585, 6.030637632124815, 4.806909860814949, 3.124099326205874, 2.5532940645370243, 1.5209000427378523, 0.0, 5.996565779677565, 7.33153011451225, 7.934019844315994, 9.20610538773047, 10.0211943868982, 13.013147694159166, 12.571905816541896, 12.539578239318898, 10.777486631399734, 10.801432428155074, 10.136685842029436, 10.239544681771743, 8.35354887517874, 7.883864446450103, 3.459934466142386, 2.845374732790041, 2.7773959494461713, 3.4711906314692658, 2.1386840463238137, 2.150570784698797, 1.094814048137856, 1.0939012523989542, 1.0944890954230653, 7.131649997020324, 8.166274080019603, 8.319289401144788, 7.309821002596438, 9.06858514929424, 9.898609452342283, 10.9528472416993, 10.360178413039034, 9.565792790459136], [7.966279264499833, 6.53140129910879, 6.166770550296159, 4.916842818313394, 3.4218118665408825, 2.0913153133853344, 2.949753349010727, 3.4225353730823582, 3.8763345921114705, 5.240398123234532, 6.162237419152235, 5.996565779677565, 0.0, 1.8127845790385575, 2.745761384388673, 4.134418950711212, 5.265177616187321, 8.40048615259855, 8.648905850452993, 8.141982081164267, 5.956558571860096, 6.620182871341243, 6.3442262577874695, 7.0275366053831405, 5.024588725458035, 5.1576646478808605, 4.216520541868615, 3.320868780906587, 5.31170589641407, 5.884777347529811, 7.142985049683361, 6.397105155458991, 6.961396701093825, 5.2342766185978356, 6.011500492389567, 2.399332846855559, 2.400723565927573, 2.927709529649415, 2.927729772366295, 4.437273358719294, 4.4372016654643955, 6.205788021677828, 5.395904743414213, 5.395961174804726], [7.7368557987078965, 6.327859816715285, 6.384155822816357, 5.295444377009356, 3.8749900928905614, 3.069086670330442, 3.2991298868034886, 4.9154502977855445, 5.295823201354064, 6.764700173695801, 7.5468003233158365, 7.33153011451225, 1.8127845790385575, 0.0, 1.526108944341786, 2.5172392913666353, 3.8722432206668005, 7.945506818951199, 8.490149717172248, 8.052394818934301, 5.638453295895959, 6.239108788921699, 6.72872472612753, 7.286860968208464, 5.1680719973700056, 5.8476228152985374, 5.339100962708984, 4.765130070627663, 6.984437799851897, 7.367797544721217, 8.59028870469439, 7.594605473624024, 8.194151686416355, 6.429029212097266, 7.484537504749375, 1.0945641598371474, 1.0944118648845143, 2.1643705089471164, 2.164473282348387, 2.7501884389983173, 2.7500795533947744, 4.6707952213729085, 4.194776772368227, 4.194835115949136], [8.955317467292826, 7.620516602567045, 7.777312678554207, 6.764675687717779, 5.240167723460766, 4.473095849632556, 4.759379087654187, 6.13354971937132, 6.355195248770883, 7.743776078245032, 8.401662694371872, 7.934019844315994, 2.745761384388673, 1.526108944341786, 0.0, 1.5299655747761125, 2.521564789966738, 9.067208449131408, 9.78050949030775, 9.216281156193098, 6.825491066582681, 7.56220785419179, 8.046606968778828, 8.723646419932436, 6.675301576707977, 7.320685653680262, 6.487898055610923, 5.6333524974033, 7.852358036284388, 8.472300332849395, 9.44042700305447, 8.523488481249917, 8.726715323075457, 6.983700977275587, 7.985618854540955, 2.16622597390023, 2.165938535600676, 1.0974039958009993, 1.0975243049700538, 2.1638101718958622, 2.1637535626775986, 3.4722544650414084, 2.7832591219647513, 2.783302523981179], [9.172147433398571, 7.925089226627041, 8.350704943895456, 7.47958903282794, 6.092364436735544, 5.577522839038851, 5.599743626274332, 7.414513018398445, 7.629685121287771, 9.069104231951465, 9.66631085419872, 9.20610538773047, 4.134418950711212, 2.5172392913666353, 1.5299655747761125, 0.0, 1.5203812844151954, 9.105351827359558, 10.018198059032372, 9.52246939034198, 7.0984212371484405, 7.7462514941099085, 8.713518135058882, 9.284996421108627, 7.261059158277117, 8.180904850931833, 7.615866449721922, 6.9566851890825125, 9.26477113964506, 9.758887793698623, 10.7319985044725, 9.676864973223509, 9.935092469121765, 8.204478119905007, 9.344204129298546, 2.76443704395669, 2.763172101046187, 2.1554020947377777, 2.155490380400711, 1.096257725172325, 1.0962330135514076, 2.159105252182023, 2.1686622743064445, 2.168658115056405], [10.519203453208801, 9.330127893014115, 9.783373296056938, 8.940955668719088, 7.474842929453434, 6.931199869430977, 7.030812249662196, 8.650129827349414, 8.77268987825285, 10.14367286933091, 10.654713407689576, 10.0211943868982, 5.265177616187321, 3.8722432206668005, 2.521564789966738, 1.5203812844151954, 0.0, 10.399558414182787, 11.406578828903958, 10.815944491351646, 