{"total energy": -18.93402231, "HOMO-LUMO gap/eV": 5.1818203, "electronic energy": -19.23433994, "dipole": [-0.12535005, 0.07452015, 0.07957137], "partial charges": [-0.09992073, -0.05138269, -0.05356913, -0.05681497, -0.0277866, -0.09559788, 0.03151684, 0.03179748, 0.0317406, 0.02977676, 0.03101839, 0.02935162, 0.03114573, 0.03668737, 0.03610829, 0.03061724, 0.03405107, 0.0312606], "atomic dipole moments": [[0.09851585, 0.01971996, -0.00102754], [-0.06594133, 0.01357205, 0.09076111], [0.07004822, -0.00721735, -0.08863082], [-0.05517788, -0.08039136, -0.00534971], [-0.1090324, 0.07925664, 0.07311849], [0.05412848, -0.00695, -0.05836327], [-0.06765623, 0.1025194, 0.02596638], [-0.02792328, -0.08860332, 0.08502614], [-0.03660291, -0.04192092, -0.11184051], [0.0204956, 0.08229063, -0.09021361], [0.05780971, -0.10524895, -0.03523618], [-0.06378048, 0.09858239, 0.03384724], [-0.02406242, -0.08341313, 0.09012471], [0.02591006, 0.05560395, 0.10638252], [0.01988221, 0.09253531, -0.08436578], [0.00150464, -0.11259833, 0.09970434], [0.01027464, 0.10791948, -0.10690123], [0.08490937, -0.12386543, -0.00393717]], "atomic quadrupole moments": [[0.21963481, 0.07098254, -0.11081955, -0.0026255, 0.00661777, -0.10881526], [0.14577377, 0.10065515, -0.18504848, 0.06794591, 0.09650982, 0.03927471], [0.13818268, 0.11452085, -0.16829354, 0.07265125, 0.09596546, 0.03011087], [0.18934566, -0.03436207, -0.02262945, -0.0410777, 0.03775213, -0.16671621], [0.14055075, 0.18792316, 0.01887511, 0.38929347, 0.24806435, -0.15942586], [0.13302718, 0.29333113, -0.07545654, 0.37847294, 0.226104, -0.05757065], [-0.00686882, -0.04112089, 0.0531534, -0.01543215, 0.02542482, -0.04628457], [-0.02620514, 0.0088673, 0.01210225, -0.00883609, -0.06605646, 0.0141029], [-0.02204655, 0.01361672, -0.03938703, 0.02273429, 0.04059443, 0.06143358], [-0.02360431, 0.0169777, 0.01876659, -0.00053108, -0.04319303, 0.00483772], [-0.00162231, -0.03547569, 0.03353218, 0.00093766, 0.01304298, -0.03190987], [0.00154511, -0.03595409, 0.03193041, 0.00620521, 0.01950403, -0.03347552], [-0.03011514, 0.01339497, 0.02360159, 0.00648418, -0.04271045, 0.00651355], [-0.01946052, 0.00247967, -0.0299638, 0.01653073, 0.03456436, 0.04942432], [-0.0151632, -0.00107222, -0.00867754, -0.01577983, -0.04841354, 0.02384074], [-0.01520976, -0.02783711, 0.00345679, -0.04826087, -0.01854588, 0.01175297], [-0.0226179, -0.02171883, 0.01307945, -0.03085723, -0.03576517, 0.00953845], [-0.00903288, -0.04284148, 0.01389, -0.03772403, -0.01551539, -0.00485713]], "number of molecular orbitals": 36, "number of electrons": 36, "number of unpaired electrons": 0, "orbital energies/eV": [-16.94598267, -16.62448416, -16.23499003, -15.53985824, -15.08252184, -14.71237658, -13.87588939, -13.74162684, -13.4585684, -13.12939422, -13.00029164, -12.26115416, -12.19548505, -11.96743198, -11.6941091, -11.58556176, -11.38095292, -10.69165707, -5.50983678, 2.19829534, 2.71520798, 3.03341984, 3.50471067, 4.06047728, 4.1962036, 4.31662904, 4.88498921, 4.97876992, 5.25926654, 5.91548083, 6.59514367, 6.71047208, 7.27588704, 8.15975307, 11.31675826, 15.56015018], "fractional occupation": [2.0, 2.0, 2.0, 2.0, 2.0, 2.0, 2.0, 2.0, 2.0, 2.0, 2.0, 2.0, 2.0, 2.0, 2.0, 2.0, 2.0, 2.0, 0.0, 0.0, 0.0, 0.0, 0.0, 0.0, 0.0, 0.0, 0.0, 0.0, 0.0, 0.0, 0.0, 0.0, 0.0, 0.0, 0.0, 0.0], "program call": "xtb /home/svss/Project-DBcg-Debug/aqme2_20220329/End-to-End-workflows-final/example-3/QDESCP/mol_946_rdkit_conf_2/mol_946_rdkit_conf_2.xyz --pop --wbo --acc 0.2 --gfn 2 --chrg 0 --uhf 0 --etemp 300 --input /home/svss/Project-DBcg-Debug/aqme2_20220329/End-to-End-workflows-final/example-3/QDESCP/mol_946_rdkit_conf_2/mol_946_rdkit_conf_2_xtb.inp", "method": "GFN2-xTB", "xtb version": "6.3.3 (7355c4f)", "Dipole module/D": 0.422, "Total charge": 0, "Transition dipole module/D": NaN, "HOMO": -10.6917, "LUMO": -5.5098, "HOMO occupancy": 2.0, "LUMO occupancy": 0, "mulliken charges": [-0.08356, -0.03939, -0.0429, -0.04328, -0.02179, -0.08714, 0.02612, 0.02664, 0.02858, 0.0226, 0.02308, 0.02418, 0.0239, 0.03229, 0.0271, 0.02493, 0.02819, 0.03045], "cm5 charges": [-0.23394, -0.15137, -0.15244, -0.14931, -0.08625, -0.18931, 0.07739, 0.07794, 0.07936, 0.07744, 0.07855, 0.07902, 0.07909, 0.08692, 0.08264, 0.0805, 0.08107, 0.08269], "FUKUI+": [0.013, 0.007, 0.011, 0.026, -0.162, -0.126, -0.022, -0.017, -0.026, -0.016, 0.01, -0.057, -0.033, -0.088, -0.062, -0.146, -0.158, -0.155], "FUKUI-": [0.019, 0.0, 0.005, 0.009, -0.046, -0.061, -0.084, -0.066, -0.084, -0.073, -0.077, -0.071, -0.063, -0.114, -0.057, -0.072, -0.077, -0.088], "FUKUIrad": [0.016, 0.003, 0.008, 0.017, -0.104, -0.094, -0.053, -0.041, -0.055, -0.044, -0.034, -0.064, -0.048, -0.101, -0.06, -0.109, -0.118, -0.122], "s proportion": [1.008, 1.026, 1.032, 1.028, 1.072, 1.048, 0.974, 0.973, 0.971, 0.977, 0.977, 0.976, 0.976, 0.968, 0.973, 0.975, 0.972, 0.97], "p proportion": [3.076, 3.013, 3.011, 3.015, 2.95, 3.04, 0.0, 0.0, 0.0, 0.0, 0.0, 0.0, 0.0, 0.0, 0.0, 0.0, 0.0, 0.0], "d proportion": [0.0, 0.0, 0.0, 0.0, 0.0, 0.0, 0.0, 0.0, 0.0, 0.0, 0.0, 0.0, 0.0, 0.0, 0.0, 0.0, 0.0, 0.0], "Fermi-level/eV": -8.1007, "Coordination numbers": [3.75, 3.799, 3.801, 3.803, 2.885, 2.834, 0.924, 0.924, 0.924, 0.924, 0.924, 0.924, 0.924, 0.924, 0.924, 0.925, 0.925, 0.925], "Dispersion coefficient C6": [22.472, 21.498, 21.536, 21.593, 28.693, 30.394, 2.565, 2.561, 2.562, 2.59, 2.572, 2.596, 2.57, 2.494, 2.501, 2.578, 2.53, 2.568], "Total dispersion C6": 2366.728783, "Total dispersion C8": 50714.994788, "Polarizability alpha": [6.761, 6.602, 6.607, 6.616, 8.782, 9.034, 2.505, 2.503, 2.503, 2.517, 2.508, 2.52, 2.507, 2.469, 2.473, 2.511, 2.487, 2.506], "Total polarizability alpha": 74.40995, "Wiberg matrix": [[0.0, 1.0200273312292474, 0.0, 0.0, 0.0, 0.0, 0.987633476963579, 0.9877938704171184, 0.9873309967288291, 0.0, 0.0, 0.0, 0.0, 0.0, 0.0, 0.0, 0.0, 0.0], [1.0200273312292474, 0.0, 1.0084762248267556, 0.0, 0.0, 0.0, 0.0, 0.0, 0.0, 0.977909257786044, 0.9777420699619588, 0.0, 0.0, 0.0, 0.0, 0.0, 0.0, 0.0], [0.0, 1.0084762248267556, 0.0, 0.9924869693230246, 0.0, 0.0, 0.0, 0.0, 0.0, 0.0, 0.0, 0.9766029327642912, 0.9773839710836931, 0.0, 0.0, 0.0, 0.0, 0.0], [0.0, 0.0, 0.9924869693230246, 0.0, 1.0278711497625992, 0.0, 0.0, 0.0, 0.0, 0.0, 0.0, 0.0, 0.0, 0.9607481781798404, 0.9748331672861648, 0.0, 0.0, 0.0], [0.0, 0.0, 0.0, 1.0278711497625992, 0.0, 1.9744413361713673, 0.0, 0.0, 0.0, 0.0, 0.0, 0.0, 0.0, 0.0, 0.0, 0.9677286201205186, 0.0, 0.0], [0.0, 0.0, 0.0, 0.0, 1.9744413361713673, 0.0, 0.0, 0.0, 0.0, 0.0, 0.0, 0.0, 0.0, 0.0, 0.0, 0.0, 0.9768380741841036, 0.9784052818920633], [0.987633476963579, 0.0, 0.0, 0.0, 0.0, 0.0, 0.0, 0.0, 0.0, 0.0, 0.0, 0.0, 0.0, 0.0, 0.0, 0.0, 0.0, 0.0], [0.9877938704171184, 0.0, 0.0, 0.0, 0.0, 0.0, 0.0, 0.0, 0.0, 0.0, 0.0, 0.0, 0.0, 0.0, 0.0, 0.0, 0.0, 0.0], [0.9873309967288291, 0.0, 0.0, 0.0, 0.0, 0.0, 0.0, 0.0, 0.0, 0.0, 0.0, 0.0, 0.0, 0.0, 0.0, 0.0, 0.0, 0.0], [0.0, 0.977909257786044, 0.0, 0.0, 0.0, 0.0, 0.0, 0.0, 0.0, 0.0, 0.0, 0.0, 0.0, 0.0, 0.0, 0.0, 0.0, 0.0], [0.0, 0.9777420699619588, 0.0, 0.0, 0.0, 0.0, 0.0, 0.0, 0.0, 0.0, 0.0, 0.0, 0.0, 0.0, 0.0, 0.0, 0.0, 0.0], [0.0, 0.0, 0.9766029327642912, 0.0, 0.0, 0.0, 0.0, 0.0, 0.0, 0.0, 0.0, 0.0, 0.0, 0.0, 0.0, 0.0, 0.0, 0.0], [0.0, 0.0, 0.9773839710836931, 0.0, 0.0, 0.0, 0.0, 0.0, 0.0, 0.0, 0.0, 0.0, 0.0, 0.0, 0.0, 0.0, 0.0, 0.0], [0.0, 0.0, 0.0, 0.9607481781798404, 0.0, 0.0, 0.0, 0.0, 0.0, 0.0, 0.0, 0.0, 0.0, 0.0, 0.0, 0.0, 0.0, 0.0], [0.0, 0.0, 0.0, 0.9748331672861648, 0.0, 0.0, 0.0, 0.0, 0.0, 0.0, 0.0, 0.0, 0.0, 0.0, 0.0, 0.0, 0.0, 0.0], [0.0, 0.0, 0.0, 0.0, 0.9677286201205186, 0.0, 0.0, 0.0, 0.0, 0.0, 0.0, 0.0, 0.0, 0.0, 0.0, 0.0, 0.0, 0.0], [0.0, 0.0, 0.0, 0.0, 0.0, 0.9768380741841036, 0.0, 0.0, 0.0, 0.0, 0.0, 0.0, 0.0, 0.0, 0.0, 0.0, 0.0, 0.0], [0.0, 0.0, 0.0, 0.0, 0.0, 0.9784052818920633, 0.0, 0.0, 0.0, 0.0, 0.0, 0.0, 0.0, 0.0, 0.0, 0.0, 0.0, 0.0]], "Born radii": [], "Atomic SASAs": [], "Solvent H bonds": [], "Total SASA": NaN, "Total FOD": 0.0, "FOD": [0.0, 0.0, 0.0, 0.0, 0.0, 0.0, 0.0, 0.0, 0.0, 0.0, 0.0, 0.0, 0.0, 0.0, 0.0, 0.0, 0.0, 0.0], "FOD s proportion": [0.0, 0.0, 0.0, 0.0, 0.0, 0.0, 0.0, 0.0, 0.0, 0.0, 0.0, 0.0, 0.0, 0.0, 0.0, 0.0, 0.0, 0.0], "FOD p proportion": [0.0, 0.0, 0.0, 0.0, 0.0, 0.0, 0.0, 0.0, 0.0, 0.0, 0.0, 0.0, 0.0, 0.0, 0.0, 0.0, 0.0, 0.0], "FOD d proportion": [0.0, 0.0, 0.0, 0.0, 0.0, 0.0, 0.0, 0.0, 0.0, 0.0, 0.0, 0.0, 0.0, 0.0, 0.0, 0.0, 0.0, 0.0], "coordinates": [["-2.51120", "-0.37980", "-0.74780"], ["-1.02090", "-0.07710", "-0.77460"], ["-0.53230", "0.44060", "0.58050"], ["0.94950", "0.82900", "0.57590"], ["1.86510", "-0.34750", "0.39170"], ["2.73170", "-0.47290", "-0.62120"], ["-3.09020", "0.51870", "-0.51130"], ["-2.74250", "-1.14490", "0.00010"], ["-2.84060", "-0.74840", "-1.72430"], ["-0.82030", "0.66920", "-1.55200"], ["-0.48090", "-0.98920", "-1.05170"], ["-1.11880", "1.32520", "0.85880"], ["-0.71710", "-0.31580", "1.35370"], ["1.19220", "1.29720", "1.53760"], ["1.12730", "1.58890", "-0.19490"], ["1.81490", "-1.13260", "1.14360"], ["2.82160", "0.28510", "-1.39300"], ["3.37250", "-1.34590", "-0.69860"]], "bond_dist": [[0.0, 1.520966672876168, 2.5206114853344617, 3.897412426213064, 4.522334046706414, 5.245254577234551, 1.0947490580037051, 1.094637889897842, 1.0944964915430289, 2.1462249299642386, 2.141457835214133, 2.725246102648346, 2.7639090180394867, 4.663748891181857, 4.173746560345992, 4.781134071535748, 5.412682411706787, 5.962691970913808], [1.520966672876168, 0.0, 1.5306989449267938, 2.554866654054571, 3.1244788125381806, 3.776532266511171, 2.1694024568991344, 2.1689314166197144, 2.15960224810033, 1.0961545557082724, 1.0955869750959983, 2.155000060324825, 2.163084145381312, 3.483214167977616, 2.7796351073477252, 3.5826433160447326, 3.90876114005448, 4.573575515939362], [2.5206114853344617, 1.5306989449267938, 0.0, 1.5318638842925962, 2.5306666730330174, 3.5961453168636, 2.7822615369515495, 2.7813051702393254, 3.47189759785625, 2.1639681628896485, 2.170494607226657, 1.0972466905851208, 1.0973286836677514, 2.150280032925944, 2.1619690585204956, 2.8812128852273307, 3.894551028039048, 4.48052922097379], [3.897412426213064, 2.554866654054571, 1.5318638842925962, 0.0, 1.5021335659654236, 2.5108223473595257, 4.19493337491789, 4.2259544306582395, 4.7057378603147875, 2.7723070699329107, 2.8285998585872836, 2.14571939917595, 2.1663553355809384, 1.0968050966329435, 1.0969017686192324, 2.2178987826318854, 2.7707675525023747, 3.4964938524184483], [4.522334046706414, 3.1244788125381806, 2.5306666730330174, 1.5021335659654236, 0.0, 1.3389126670548754, 5.1108423503371725, 4.692459385013364, 5.175112491530982, 3.4674229248823973, 2.8282323896738046, 3.452501543808489, 2.7557586487208923, 2.1144548493642517, 2.153623309680688, 1.088235112464214, 2.1213743422602245, 2.111352980910582], [5.245254577234551, 3.776532266511171, 3.5961453168636, 2.5108223473595257, 1.3389126670548754, 0.0, 5.9067646118666355, 5.5501768737581685, 5.687113252784755, 3.8454499151594734, 3.282178346769109, 4.499990428878711, 3.977327225662983, 3.188060805568175, 2.6470455776204536, 2.095291237513296, 1.085505066777673, 1.0856999585520855], [1.0947490580037051, 2.1694024568991344, 2.7822615369515495, 4.19493337491789, 5.1108423503371725, 5.9067646118666355, 0.0, 1.7748211769076907, 1.7717820323053286, 2.5016300186078677, 3.0617382415876113, 2.532594365467948, 3.1314882819515706, 4.81071753691692, 4.362653235131116, 5.433736440976872, 5.981750838174388, 6.728915643697728], [1.094637889897842, 2.1689314166197144, 2.7813051702393254, 4.2259544306582395, 4.692459385013364, 5.5501768737581685, 1.7748211769076907, 0.0, 1.7721149003380112, 3.0650980506339436, 2.499071885720777, 3.0781750096445135, 2.5733023394074785, 4.879510503114017, 4.742050134699126, 4.698684741499477, 5.911415771200669, 6.158068503191565], [1.0944964915430289, 2.15960224810033, 3.47189759785625, 4.7057378603147875, 5.175112491530982, 5.687113252784755, 1.7717820323053286, 1.7721149003380112, 0.0, 2.474043075615297, 2.465473481909712, 3.733204764006389, 3.764369669679108, 5.575656625905149, 4.852449490721155, 5.481435970619377, 5.765274562412444, 6.325478507591343], [2.1462249299642386, 1.0961545557082724, 2.1639681628896485, 2.7723070699329107, 3.4674229248823973, 3.8454499151594734, 2.5016300186078677, 3.0650980506339436, 2.474043075615297, 0.0, 1.7651580694090825, 2.516226319312315, 3.0698481607402015, 3.7403433545598457, 2.5457247023195575, 4.178160078311984, 3.6655489929886356, 4.729533952727267], [2.141457835214133, 1.0955869750959983, 2.170494607226657, 2.8285998585872836, 2.8282323896738046, 3.282178346769109, 3.0617382415876113, 2.499071885720777, 2.465473481909712, 1.7651580694090825, 0.0, 3.0681222302900513, 2.5090251413646696, 3.8381457840994, 3.1570576633948266, 3.1797174858782657, 3.5562385226528326, 3.885949827262313], [2.725246102648346, 2.155000060324825, 1.0972466905851208, 2.14571939917595, 3.452501543808489, 4.499990428878711, 2.532594365467948, 3.0781750096445135, 3.733204764006389, 2.516226319312315, 3.0681222302900513, 0.0, 1.7604459378237094, 2.4087910743773526, 2.494952221987427, 3.8377711721779346, 4.656088853318846, 5.452709937269724], [2.7639090180394867, 2.163084145381312, 1.0973286836677514, 2.1663553355809384, 2.7557586487208923, 3.977327225662983, 3.1314882819515706, 2.5733023394074785, 3.764369669679108, 3.0698481607402015, 2.5090251413646696, 1.7604459378237094, 0.0, 2.506195263741435, 3.070481299405681, 2.668769051454247, 4.51971673780559, 4.69018863799741], [4.663748891181857, 3.483214167977616, 2.150280032925944, 1.0968050966329435, 2.1144548493642517, 3.188060805568175, 4.81071753691692, 4.879510503114017, 5.575656625905149, 3.7403433545598457, 3.8381457840994, 2.4087910743773526, 2.506195263741435, 0.0, 1.7580833740184225, 2.53907844108842, 3.502528676542135, 4.091488254901876], [4.173746560345992, 2.7796351073477252, 2.1619690585204956, 1.0969017686192324, 2.153623309680688, 2.6470455776204536, 4.362653235131116, 4.742050134699126, 4.852449490721155, 2.5457247023195575, 3.1570576633948266, 2.494952221987427, 3.070481299405681, 1.7580833740184225, 0.0, 3.1098132194715484, 2.450712251570959, 3.729301244201117], [4.781134071535748, 3.5826433160447326, 2.8812128852273307, 2.2178987826318854, 1.088235112464214, 2.095291237513296, 5.433736440976872, 4.698684741499477, 5.481435970619377, 4.178160078311984, 3.1797174858782657, 3.8377711721779346, 2.668769051454247, 2.53907844108842, 3.1098132194715484, 0.0, 3.0753305090672773, 2.4218413428629053], [5.412682411706787, 3.90876114005448, 3.894551028039048, 2.7707675525023747, 2.1213743422602245, 1.085505066777673, 5.981750838174388, 5.911415771200669, 5.765274562412444, 3.6655489929886356, 3.5562385226528326, 4.656088853318846, 4.51971673780559, 3.502528676542135, 2.450712251570959, 3.0753305090672773, 0.0, 1.8562982438175177], [5.962691970913808, 4.573575515939362, 4.48052922097379, 3.4964938524184483, 2.111352980910582, 1.0856999585520855, 6.728915643697728, 6.158068503191565, 6.325478507591343, 4.729533952727267, 3.885949827262313, 5.452709937269724, 4.69018863799741, 4.091488254901876, 3.729301244201117, 2.4218413428629053, 1.8562982438175177, 0.0]]}