{"total energy": -48.31017838, "HOMO-LUMO gap/eV": 3.93613271, "electronic energy": -48.52273641, "dipole": [-0.90956785, -0.24103068, 0.83731701], "partial charges": [0.03640122, -0.30880545, 0.73364795, -0.47387642, -0.29849604, 0.03224895, -0.28898426, 0.19331015, -0.10037254, 0.18798762, -0.07954805, -0.07169834, -0.06822421, 0.05955107, 0.0696871, 0.07915917, 0.07447092, 0.08109737, 0.06052869, 0.0819151], "atomic dipole moments": [[0.02415723, -0.30558731, -0.04477654], [0.06198584, 0.13603567, -0.13376229], [0.14338095, -0.14677358, 0.30096601], [0.03680961, -0.05967198, 0.10373986], [-0.14984876, 0.12080065, -0.04806952], [0.2940379, 0.09415163, 0.0656065], [-0.09469298, -0.09286997, 0.12820124], [0.00281718, 0.14442321, -0.18312214], [-0.31651294, -0.55007681, -0.7576239], [0.07672413, -0.01902918, 0.00974159], [0.06648021, -0.02899014, -0.0305271], [0.03315775, 0.0346968, -0.08690881], [0.19666422, 0.66494472, 0.47320383], [0.1140992, 0.03816827, -0.03710794], [-0.09381869, 0.03472304, -0.07644405], [-0.02323536, 0.03309523, 0.11883544], [-0.01376762, 0.02903387, -0.12259907], [-0.0204281, -0.1224047, 0.01983527], [-0.06592422, 0.07128097, 0.0786678], [-0.10439092, -0.05160553, 0.06661354]], "atomic quadrupole moments": [[-0.30785964, -0.042562, 0.57783766, -0.01489426, 0.10934296, -0.26997803], [-0.09826891, -0.02383063, 0.11475222, -0.05125997, 0.03917559, -0.01648331], [0.71441868, 0.2609482, 0.20536821, -0.09618691, 0.75813094, -0.91978689], [-0.02585494, -0.01543904, -0.01842239, 0.030273, -0.04992971, 0.04427733], [0.0888688, 0.05052086, 0.02175742, 0.04880021, -0.00209922, -0.11062623], [0.49670465, 0.22756761, -0.21248629, 0.16461153, 0.04352878, -0.28421835], [0.02209534, -0.02239913, -0.04948554, 0.05007489, -0.05304592, 0.0273902], [-0.16604293, -0.12534833, 0.00750732, 0.28196768, 0.00957842, 0.15853561], [-0.36256753, 0.30181872, 0.11264679, 0.38209926, 0.70110905, 0.24992074], [-0.04160593, 0.0941689, -0.02593319, 0.04148457, -0.07626464, 0.06753911], [-0.19667222, -0.14580691, -0.04689972, 0.25093268, -0.35198503, 0.24357193], [0.19726865, 0.34575049, -0.07182912, -0.26594957, -0.17531536, -0.12543953], [-0.33920386, 0.3245306, 0.20387147, 0.32608087, 0.68184312, 0.13533239], [0.03167703, 0.02336802, 0.01587201, -0.03012537, 0.00556662, -0.04754904], [0.00200289, -0.02587969, 0.01303202, 0.05177233, -0.00369155, -0.0150349], [-0.05165531, -0.00542841, -0.01866575, -0.02493308, 0.01308324, 0.07032106], [0.00053326, 0.02016384, -0.04508213, 0.02171195, -0.02215191, 0.04454887], [-0.02325736, 0.0053225, 0.07224822, 0.0083094, -0.02553595, -0.04899086], [0.02890609, -0.0093749, -0.01344734, -0.02639123, 0.04577381, -0.01545875], [-0.01841508, 0.00851285, 0.00661006, 0.0360335, 0.00774372, 0.01180501]], "number of molecular orbitals": 84, "number of electrons": 80, "number of unpaired electrons": 0, "orbital energies/eV": [-30.09163696, -29.93602076, -23.84801564, -23.77470698, -21.48577607, -20.78264397, -20.39675939, -19.75195606, -19.13648644, -18.58180677, -18.20724483, -18.05072011, -17.68378353, -16.95184786, -16.89315546, -16.58440175, -16.28101832, -15.98923694, -15.90464665, -15.69126696, -15.48338451, -15.43318539, -15.30989232, -14.7756929, -14.43801469, -14.02509568, -13.51584063, -13.46751001, -13.08888476, -13.04490745, -12.90447136, -12.86204726, -12.72818538, -12.70429542, -12.5288823, -12.40709838, -12.38642784, -12.3333277, -12.27968189, -12.23496713, -8.29883442, -7.47678739, -6.36555087, -5.77820429, -3.34152696, -2.769935, -2.2477034, -1.85072429, -1.0603442, -1.02509956, -1.00498582, -0.98680294, -0.92615756, -0.87217357, -0.86820155, -0.82294181, -0.44943183, -0.37627285, -0.09493767, 0.06720429, 0.12681561, 0.14910843, 0.29212919, 0.51352193, 1.14405462, 1.53276392, 1.87689016, 2.49999941, 3.05345606, 3.15302742, 3.2018964, 3.68423846, 3.98632211, 4.53670804, 4.69313022, 4.84699884, 5.44817905, 7.67163653, 9.09996205, 10.86387282, 11.32797766, 25.4551501, 27.30278752, 33.53239623], "fractional occupation": [2.0, 2.0, 2.0, 2.0, 2.0, 2.0, 2.0, 2.0, 2.0, 2.0, 2.0, 2.0, 2.0, 2.0, 2.0, 2.0, 2.0, 2.0, 2.0, 2.0, 2.0, 2.0, 2.0, 2.0, 2.0, 2.0, 2.0, 2.0, 2.0, 2.0, 2.0, 2.0, 2.0, 2.0, 2.0, 2.0, 2.0, 2.0, 2.0, 2.0, 0.0, 0.0, 0.0, 0.0, 0.0, 0.0, 0.0, 0.0, 0.0, 0.0, 0.0, 0.0, 0.0, 0.0, 0.0, 0.0, 0.0, 0.0, 0.0, 0.0, 0.0, 0.0, 0.0, 0.0, 0.0, 0.0, 0.0, 0.0, 0.0, 0.0, 0.0, 0.0, 0.0, 0.0, 0.0, 0.0, 0.0, 0.0, 0.0, 0.0, 0.0, 0.0, 0.0, 0.0], "program call": "xtb /home/svss/Project-DBcg-Debug/aqme2_20220329/End-to-End-workflows-final/example-3/QDESCP/mol_870_rdkit_conf_14/mol_870_rdkit_conf_14.xyz --pop --wbo --acc 0.2 --gfn 2 --chrg 0 --uhf 0 --etemp 300 --input /home/svss/Project-DBcg-Debug/aqme2_20220329/End-to-End-workflows-final/example-3/QDESCP/mol_870_rdkit_conf_14/mol_870_rdkit_conf_14_xtb.inp", "method": "GFN2-xTB", "xtb version": "6.3.3 (7355c4f)", "Dipole module/D": 3.201, "Total charge": 0, "Transition dipole module/D": NaN, "HOMO": -12.235, "LUMO": -8.2988, "HOMO occupancy": 2.0, "LUMO occupancy": 0, "mulliken charges": [0.1809, -0.35276, 0.53021, -0.39355, -0.33919, 0.18164, -0.32216, 0.26622, -0.06532, 0.22231, -0.09952, -0.07937, -0.04726, 0.04416, 0.04549, 0.03605, 0.05017, 0.03778, 0.04235, 0.06186], "cm5 charges": [0.06626, -0.41942, 0.52554, -0.40756, -0.40663, 0.06716, -0.37129, 0.23361, -0.04878, 0.20806, -0.10234, -0.08046, -0.02876, 0.10793, 0.1076, 0.09562, 0.11271, 0.09728, 0.10564, 0.13783], "FUKUI+": [0.015, 0.001, -0.036, -0.03, 0.017, 0.013, -0.015, -0.0, -0.236, -0.025, -0.133, -0.131, -0.285, 0.001, -0.023, -0.015, -0.014, -0.013, -0.017, -0.072], "FUKUI-": [0.022, -0.03, -0.085, -0.076, -0.024, 0.021, -0.012, 0.025, -0.16, 0.02, -0.119, -0.124, -0.157, -0.027, -0.053, -0.049, -0.051, -0.044, -0.037, -0.039], "FUKUIrad": [0.019, -0.015, -0.061, -0.053, -0.003, 0.017, -0.014, 0.012, -0.198, -0.002, -0.126, -0.127, -0.221, -0.013, -0.038, -0.032, -0.033, -0.029, -0.027, -0.056], "s proportion": [0.974, 1.639, 1.304, 1.671, 1.64, 0.974, 1.639, 1.066, 1.957, 1.162, 1.956, 1.955, 1.958, 0.956, 0.955, 0.964, 0.95, 0.962, 0.958, 0.938], "p proportion": [2.845, 4.713, 1.854, 4.722, 4.699, 2.845, 4.684, 2.668, 5.117, 2.615, 5.152, 5.134, 5.083, 0.0, 0.0, 0.0, 0.0, 0.0, 0.0, 0.0], "d proportion": [0.0, 0.0, 1.313, 0.0, 0.0, 0.0, 0.0, 0.0, -0.009, 0.0, -0.009, -0.01, 0.006, 0.0, 0.0, 0.0, 0.0, 0.0, 0.0, 0.0], "Fermi-level/eV": -10.2669, "Coordination numbers": [3.924, 1.657, 4.096, 0.808, 1.657, 3.925, 1.693, 4.003, 1.011, 3.7, 1.29, 1.268, 1.456, 0.924, 0.924, 0.924, 0.924, 0.924, 0.924, 0.926], "Dispersion coefficient C6": [19.901, 19.163, 131.562, 23.239, 18.983, 19.97, 18.805, 17.478, 187.77, 17.756, 101.661, 101.417, 186.915, 2.204, 2.089, 1.988, 2.037, 1.968, 2.193, 1.959], "Total dispersion C6": 10783.425221, "Total dispersion C8": 408713.1266, "Polarizability alpha": [6.34, 5.91, 20.604, 6.462, 5.882, 6.351, 5.855, 5.939, 22.094, 6.026, 15.426, 15.407, 22.044, 2.322, 2.26, 2.205, 2.232, 2.194, 2.316, 2.189], "Total polarizability alpha": 160.056667, "Wiberg matrix": [[0.0, 0.9375898866792457, 0.0, 0.0, 0.0, 0.0, 0.0, 0.0, 0.0, 0.0, 0.0, 0.0, 0.0, 0.9791653461148999, 0.9800658289373234, 0.9774809016775808, 0.0, 0.0, 0.0, 0.0], [0.9375898866792457, 0.0, 1.1599872632452706, 0.0, 0.0, 0.0, 0.0, 0.0, 0.0, 0.0, 0.0, 0.0, 0.0, 0.0, 0.0, 0.0, 0.0, 0.0, 0.0, 0.0], [0.0, 1.1599872632452706, 0.0, 1.8602284029454497, 1.1795872764140767, 0.0, 1.1123975509523107, 0.0, 0.0, 0.0, 0.0, 0.0, 0.0, 0.0, 0.0, 0.0, 0.0, 0.0, 0.0, 0.0], [0.0, 0.0, 1.8602284029454497, 0.0, 0.0, 0.0, 0.0, 0.0, 0.0, 0.0, 0.0, 0.0, 0.0, 0.0, 0.0, 0.0, 0.0, 0.0, 0.0, 0.0], [0.0, 0.0, 1.1795872764140767, 0.0, 0.0, 0.9374994878617093, 0.0, 0.0, 0.0, 0.0, 0.0, 0.0, 0.0, 0.0, 0.0, 0.0, 0.0, 0.0, 0.0, 0.0], [0.0, 0.0, 0.0, 0.0, 0.9374994878617093, 0.0, 0.0, 0.0, 0.0, 0.0, 0.0, 0.0, 0.0, 0.0, 0.0, 0.0, 0.9790405904235222, 0.9768766037690219, 0.9812734197890811, 0.0], [0.0, 0.0, 1.1123975509523107, 0.0, 0.0, 0.0, 0.0, 0.9856650684982355, 0.0, 0.0, 0.0, 0.0, 0.0, 0.0, 0.0, 0.0, 0.0, 0.0, 0.0, 0.0], [0.0, 0.0, 0.0, 0.0, 0.0, 0.0, 0.9856650684982355, 0.0, 0.9316230773483402, 0.9840777531197444, 0.0, 0.0, 0.0, 0.0, 0.0, 0.0, 0.0, 0.0, 0.0, 0.9563447729398453], [0.0, 0.0, 0.0, 0.0, 0.0, 0.0, 0.0, 0.9316230773483402, 0.0, 0.0, 0.0, 0.0, 0.0, 0.0, 0.0, 0.0, 0.0, 0.0, 0.0, 0.0], [0.0, 0.0, 0.0, 0.0, 0.0, 0.0, 0.0, 0.9840777531197444, 0.0, 0.0, 0.9781407831547212, 0.9895510920409396, 0.9514392135225139, 0.0, 0.0, 0.0, 0.0, 0.0, 0.0, 0.0], [0.0, 0.0, 0.0, 0.0, 0.0, 0.0, 0.0, 0.0, 0.0, 0.9781407831547212, 0.0, 0.0, 0.0, 0.0, 0.0, 0.0, 0.0, 0.0, 0.0, 0.0], [0.0, 0.0, 0.0, 0.0, 0.0, 0.0, 0.0, 0.0, 0.0, 0.9895510920409396, 0.0, 0.0, 0.0, 0.0, 0.0, 0.0, 0.0, 0.0, 0.0, 0.0], [0.0, 0.0, 0.0, 0.0, 0.0, 0.0, 0.0, 0.0, 0.0, 0.9514392135225139, 0.0, 0.0, 0.0, 0.0, 0.0, 0.0, 0.0, 0.0, 0.0, 0.0], [0.9791653461148999, 0.0, 0.0, 0.0, 0.0, 0.0, 0.0, 0.0, 0.0, 0.0, 0.0, 0.0, 0.0, 0.0, 0.0, 0.0, 0.0, 0.0, 0.0, 0.0], [0.9800658289373234, 0.0, 0.0, 0.0, 0.0, 0.0, 0.0, 0.0, 0.0, 0.0, 0.0, 0.0, 0.0, 0.0, 0.0, 0.0, 0.0, 0.0, 0.0, 0.0], [0.9774809016775808, 0.0, 0.0, 0.0, 0.0, 0.0, 0.0, 0.0, 0.0, 0.0, 0.0, 0.0, 0.0, 0.0, 0.0, 0.0, 0.0, 0.0, 0.0, 0.0], [0.0, 0.0, 0.0, 0.0, 0.0, 0.9790405904235222, 0.0, 0.0, 0.0, 0.0, 0.0, 0.0, 0.0, 0.0, 0.0, 0.0, 0.0, 0.0, 0.0, 0.0], [0.0, 0.0, 0.0, 0.0, 0.0, 0.9768766037690219, 0.0, 0.0, 0.0, 0.0, 0.0, 0.0, 0.0, 0.0, 0.0, 0.0, 0.0, 0.0, 0.0, 0.0], [0.0, 0.0, 0.0, 0.0, 0.0, 0.9812734197890811, 0.0, 0.0, 0.0, 0.0, 0.0, 0.0, 0.0, 0.0, 0.0, 0.0, 0.0, 0.0, 0.0, 0.0], [0.0, 0.0, 0.0, 0.0, 0.0, 0.0, 0.0, 0.9563447729398453, 0.0, 0.0, 0.0, 0.0, 0.0, 0.0, 0.0, 0.0, 0.0, 0.0, 0.0, 0.0]], "Born radii": [], "Atomic SASAs": [], "Solvent H bonds": [], "Total SASA": NaN, "Total FOD": 0.0, "FOD": [0.0, 0.0, 0.0, 0.0, 0.0, 0.0, 0.0, 0.0, 0.0, 0.0, 0.0, 0.0, 0.0, 0.0, 0.0, 0.0, 0.0, 0.0, 0.0, 0.0], "FOD s proportion": [0.0, 0.0, 0.0, 0.0, 0.0, 0.0, 0.0, 0.0, 0.0, 0.0, 0.0, 0.0, 0.0, 0.0, 0.0, 0.0, 0.0, 0.0, 0.0, 0.0], "FOD p proportion": [0.0, 0.0, 0.0, 0.0, 0.0, 0.0, 0.0, 0.0, 0.0, 0.0, 0.0, 0.0, 0.0, 0.0, 0.0, 0.0, 0.0, 0.0, 0.0, 0.0], "FOD d proportion": [0.0, 0.0, 0.0, 0.0, 0.0, 0.0, 0.0, 0.0, 0.0, 0.0, 0.0, 0.0, 0.0, 0.0, 0.0, 0.0, 0.0, 0.0, 0.0, 0.0], "coordinates": [["-1.12280", "2.44060", "0.79470"], ["-1.08910", "1.03070", "0.68290"], ["-0.51080", "0.43580", "-0.69600"], ["-0.97100", "1.14180", "-1.92940"], ["-0.90800", "-1.12110", "-0.61400"], ["-2.25510", "-1.44280", "-0.89770"], ["1.07930", "0.43490", "-0.47210"], ["1.61310", "-0.32400", "0.60250"], ["2.23390", "0.96520", "1.96670"], ["2.75630", "-1.26480", "0.15320"], ["3.39830", "-2.24620", "1.51280"], ["4.10850", "-0.40390", "-0.64490"], ["2.06090", "-2.56540", "-1.16270"], ["-0.16330", "2.87460", "0.50020"], ["-1.91970", "2.84110", "0.16250"], ["-1.32800", "2.70530", "1.83480"], ["-2.47820", "-1.22730", "-1.94600"], ["-2.40620", "-2.50980", "-0.71610"], ["-2.92700", "-0.87440", "-0.24890"], ["0.82920", "-0.89010", "1.11740"]], "bond_dist": [[0.0, 1.4147271609748644, 2.5721495932390868, 3.0216957970649525, 3.8361806031520467, 4.384873613914088, 3.236797667448492, 3.8942396960125603, 3.8493926858661744, 5.40267787490611, 6.55149655117058, 6.126183812129701, 6.247191084799632, 1.0934927983301947, 1.093218505148902, 1.092694440362904, 4.775147752687868, 5.33255026792997, 3.915796675007526, 3.8740162338327906], [1.4147271609748644, 0.0, 1.6092551413619902, 2.6173272836999195, 2.5189263704999396, 3.1584892923674763, 2.528035047225414, 3.0238321861505475, 3.562970907823975, 4.509656694250682, 5.618146169333795, 5.553033023492658, 5.1245170084604075, 2.0713406624696, 2.0587036406437913, 2.0465170363327054, 3.7335342532244162, 4.028286690393323, 2.8063381228925355, 2.749206754683976], [2.5721495932390868, 1.6092551413619902, 0.0, 1.4938191322914565, 1.6088596738062646, 2.5714593794186213, 1.6057864210411048, 2.6027580563702037, 3.860519879498097, 3.7798311351170173, 5.230008054487105, 4.695278457131164, 3.9797802979561574, 2.7385025342328975, 2.916760111836419, 3.496197181224194, 2.8634008399104727, 3.5027852531949484, 2.7846983481160037, 2.61572750300944], [3.0216957970649525, 2.6173272836999195, 1.4938191322914565, 0.0, 2.618198344281808, 3.064877625615744, 2.612883654126222, 3.9034164599745185, 5.047986408460308, 4.9011949165484126, 6.51291542475411, 5.462641210074116, 4.850111167798116, 3.0915904143336967, 2.857218540819025, 4.091599062713745, 2.807946261950182, 4.10683314611149, 3.273389480339912, 4.080726392445345], [3.8361806031520467, 2.5189263704999396, 1.6088596738062646, 2.618198344281808, 0.0, 1.4137379495507647, 2.52797011453854, 2.9105301699175015, 4.569922952304557, 3.746510379006043, 4.932884342856622, 5.067603269791352, 3.346855448028791, 4.21445586286059, 4.162393299533335, 4.562275572562446, 2.0618027257717944, 2.045364353849944, 2.0665236267703304, 2.463528120399684], [4.384873613914088, 3.1584892923674763, 2.5714593794186213, 3.064877625615744, 1.4137379495507647, 0.0, 3.850339726569592, 4.297125169226514, 5.844174223960131, 5.123495366446621, 6.198136281980253, 6.4527998582010895, 4.467472636737689, 4.996968522014122, 4.425869000546672, 5.052999531961189, 1.0932276752808627, 1.0928397732513213, 1.093375328969883, 3.7254545749478685], [3.236797667448492, 2.528035047225414, 1.6057864210411048, 2.612883654126222, 2.52797011453854, 3.850339726569592, 0.0, 1.4197312456940574, 2.749920851588278, 2.4682603549868887, 4.062743681307006, 3.1479355012452213, 3.231449676228921, 2.9054359638443246, 3.8969881447086796, 4.033806770285359, 4.194174090330539, 4.569409627074378, 4.2207255798026, 2.084390860659296], [3.8942396960125603, 3.0238321861505475, 2.6027580563702037, 3.9034164599745185, 2.9105301699175015, 4.297125169226514, 1.4197312456940574, 0.0, 1.976985311022821, 1.5472172988950195, 2.7767675397843443, 2.7909517964307446, 2.88796292219966, 3.6602054874009466, 4.763626124078169, 4.39832820398842, 4.904032914856915, 4.761428366572368, 4.651916823203098, 1.0954863896918117], [3.8493926858661744, 3.562970907823975, 3.860519879498097, 5.047986408460308, 4.569922952304557, 5.844174223960131, 2.749920851588278, 1.976985311022821, 0.0, 2.921401035462266, 3.4460038493884477, 3.494140027245617, 4.721039050886997, 3.3974988520969363, 4.90168658830815, 3.966418690708282, 6.50539498800803, 6.387767125529859, 5.909983107420866, 2.4772223699135285], [5.40267787490611, 4.509656694250682, 3.7798311351170173, 4.9011949165484126, 3.746510379006043, 5.123495366446621, 2.4682603549868887, 1.5472172988950195, 2.921401035462266, 0.0, 1.7955005207462347, 1.7906862539261312, 1.9765460606826242, 5.077312824713482, 6.222819079806193, 5.938937536293844, 5.639861446879702, 5.381181444627193, 5.71086643689029, 2.1871890956202207], [6.55149655117058, 5.618146169333795, 5.230008054487105, 6.51291542475411, 4.932884342856622, 6.198136281980253, 4.062743681307006, 2.7767675397843443, 3.4460038493884477, 1.7955005207462347, 0.0, 2.924743171630631, 3.0081269338244354, 6.31925200953404, 7.4823161774947735, 6.852659917141664, 6.894541819439491, 6.223319083897273, 6.707819483259818, 2.9318293231359833], [6.126183812129701, 5.553033023492658, 4.695278457131164, 5.462641210074116, 5.067603269791352, 6.4527998582010895, 3.1479355012452213, 2.7909517964307446, 3.494140027245617, 1.7906862539261312, 2.924743171630631, 0.0, 3.0220630122484207, 5.505278512482361, 6.893556048948902, 6.735842113648449, 6.764278650380985, 6.846984762652828, 7.062325856260104, 3.7544507214771112], [6.247191084799632, 5.1245170084604075, 3.9797802979561574, 4.850111167798116, 3.346855448028791, 4.467472636737689, 3.231449676228921, 2.88796292219966, 4.721039050886997, 1.9765460606826242, 3.0081269338244354, 3.0220630122484207, 0.0, 6.107855765323866, 6.843359821754223, 6.946216808450482, 4.796613316705861, 4.4897132792640555, 5.345433364096872, 3.0858663273058347], [1.0934927983301947, 2.0713406624696, 2.7385025342328975, 3.0915904143336967, 4.21445586286059, 4.996968522014122, 2.9054359638443246, 3.6602054874009466, 3.3974988520969363, 5.077312824713482, 6.31925200953404, 5.505278512482361, 6.107855765323866, 0.0, 1.7888835903993305, 1.7794228671116938, 5.307376005146046, 5.958334453519708, 4.7174346312376185, 3.941948525792796], [1.093218505148902, 2.0587036406437913, 2.916760111836419, 2.857218540819025, 4.162393299533335, 4.425869000546672, 3.8969881447086796, 4.763626124078169, 4.90168658830815, 6.222819079806193, 7.4823161774947735, 6.893556048948902, 6.843359821754223, 1.7888835903993305, 0.0, 1.7790834213155942, 4.616229311895153, 5.444332008612259, 3.871542780339641, 4.731821917612708], [1.092694440362904, 2.0465170363327054, 3.496197181224194, 4.091599062713745, 4.562275572562446, 5.052999531961189, 4.033806770285359, 4.39832820398842, 3.966418690708282, 5.938937536293844, 6.852659917141664, 6.735842113648449, 6.946216808450482, 1.7794228671116938, 1.7790834213155942, 0.0, 5.575190708845752, 5.904817868486715, 4.439916528494652, 4.253830715954738], [4.775147752687868, 3.7335342532244162, 2.8634008399104727, 2.807946261950182, 2.0618027257717944, 1.0932276752808627, 4.194174090330539, 4.904032914856915, 6.50539498800803, 5.639861446879702, 6.894541819439491, 6.764278650380985, 4.796613316705861, 5.307376005146046, 4.616229311895153, 5.575190708845752, 0.0, 1.778382484169252, 1.7905608786075942, 4.520732038066401], [5.33255026792997, 4.028286690393323, 3.5027852531949484, 4.10683314611149, 2.045364353849944, 1.0928397732513213, 4.569409627074378, 4.761428366572368, 6.387767125529859, 5.381181444627193, 6.223319083897273, 6.846984762652828, 4.4897132792640555, 5.958334453519708, 5.444332008612259, 5.904817868486715, 1.778382484169252, 0.0, 1.7787753202695384, 4.056225277274427], [3.915796675007526, 2.8063381228925355, 2.7846983481160037, 3.273389480339912, 2.0665236267703304, 1.093375328969883, 4.2207255798026, 4.651916823203098, 5.909983107420866, 5.71086643689029, 6.707819483259818, 7.062325856260104, 5.345433364096872, 4.7174346312376185, 3.871542780339641, 4.439916528494652, 1.7905608786075942, 1.7787753202695384, 0.0, 3.997006457337791], [3.8740162338327906, 2.749206754683976, 2.61572750300944, 4.080726392445345, 2.463528120399684, 3.7254545749478685, 2.084390860659296, 1.0954863896918117, 2.4772223699135285, 2.1871890956202207, 2.9318293231359833, 3.7544507214771112, 3.0858663273058347, 3.941948525792796, 4.731821917612708, 4.253830715954738, 4.520732038066401, 4.056225277274427, 3.997006457337791, 0.0]]}