{"total energy": -58.11237797, "HOMO-LUMO gap/eV": 4.47489865, "electronic energy": -58.89057137, "dipole": [0.2657672, -0.2574184, 0.85903876], "partial charges": [0.01001382, 0.02952726, -0.10313154, -0.10249602, -0.10450913, -0.05314865, 0.00847167, 0.02928349, -0.10275582, -0.10471715, -0.10275188, -0.05245125, 0.14384196, -0.30797315, 0.39518238, -0.45251607, -0.19100789, -0.03740516, -0.04751085, 0.03570846, 0.03861591, 0.03640926, 0.03687188, 0.03167043, 0.03475579, 0.03617616, 0.03341963, 0.03525463, 0.05037256, 0.03501304, 0.03638169, 0.03518482, 0.03554116, 0.03422285, 0.03615646, 0.03249227, 0.03457277, 0.03684636, 0.04298519, 0.18215214, 0.07992152, 0.05695165, 0.05384012, 0.04453725], "atomic dipole moments": [[-0.03235338, 0.07263328, -0.01295098], [-0.0013958, 0.00726334, 0.00060438], [-0.04435921, -0.0586066, 0.07808238], [0.00590207, -0.05987775, -0.08512735], [0.09528555, 0.02823001, 0.02818419], [0.03004225, 0.00509481, 0.00742839], [-0.00880879, -0.0805363, -0.003757], [0.00101394, -0.00851461, 0.00058858], [-0.0590168, 0.05082762, 0.07092807], [0.09913136, 0.00490413, 0.02956713], [-0.01092131, 0.04873695, -0.09160863], [0.00629828, 0.02845513, 0.00544341], [0.28570191, 0.04997698, 0.0675452], [-0.06013929, 0.04927815, -0.19416879], [-0.08213847, -0.04696127, 0.10748593], [0.04656628, -0.04126932, 0.18627803], [0.03922029, -0.02166804, -0.07935375], [-0.14531643, -0.04882079, 0.09470467], [0.01346139, -0.02190901, -0.00036783], [-0.07005219, 0.0999585, -0.03222196], [0.11473471, 0.05178718, 0.02408644], [0.01645262, -0.06664024, -0.10931497], [-0.0759742, 0.10042822, -0.01348651], [-0.04565164, -0.06370431, 0.10093062], [0.1088237, 0.05152947, 0.0409374], [-0.07530797, 0.10038853, -0.02337135], [-0.06355952, -0.06552324, 0.08823179], [-0.00575921, -0.0680096, -0.10769403], [-0.14409882, -0.02450586, -0.04272338], [0.12370273, -0.01191346, 0.02753691], [-0.03656483, -0.11948444, -0.01936898], [-0.00241073, 0.05558941, -0.1161154], [-0.0240586, 0.05056217, -0.11459381], [-0.08192815, 0.05306674, 0.08156947], [-0.04139491, -0.1202286, -0.01059218], [-0.06440953, 0.0582356, 0.09412727], [0.11847226, -0.01153624, 0.04446341], [-0.04216067, -0.11939446, -0.00067613], [0.09691097, -0.11422315, 0.031254], [0.0092174, -0.05498098, 0.12801239], [-0.03508144, 0.09034105, -0.09327637], [0.08317153, 0.04506272, 0.08253731], [0.03495947, -0.10602929, -0.05181383], [0.05785038, 0.14221538, 0.01529204]], "atomic quadrupole moments": [[-0.1824663, -0.0922638, -0.23789427, -0.19334048, -0.02007046, 0.42036057], [0.00452444, 0.04868302, -0.0101528, -0.00149214, 0.0181829, 0.00562836], [-0.03930918, 0.06700676, -0.02870462, -0.08932899, -0.13004428, 0.0680138], [-0.08684353, -0.01035915, -0.02389641, -0.0126231, 0.14452535, 0.11073994], [0.14026974, 0.08634966, -0.05334008, 0.07173102, 0.02365177, -0.08692966], [-0.15184311, 0.01096069, -0.29212127, -0.19390147, 0.01187479, 0.44396437], [-0.2327429, 0.07115524, -0.17765476, -0.20981644, 0.02940204, 0.41039766], [0.0301965, -0.03616814, -0.04030859, 0.00753833, -0.01170089, 0.01011209], [0.00640796, -0.07352368, -0.04647904, -0.11529481, 0.10705187, 0.04007107], [0.16978714, -0.00602159, -0.08533319, 0.08175945, -0.00133356, -0.08445395], [-0.08800651, -0.00371789, -0.05371507, 0.02920048, -0.12360855, 0.14172159], [-0.21016395, 0.00443041, -0.20835789, -0.2029225, 0.02284597, 0.41852185], [0.20888531, 0.11660733, -0.49345789, -0.03461118, 0.03296511, 0.28457258], [0.07944427, 0.04251201, -0.06202335, 0.00769899, -0.02261921, -0.01742092], [-0.12509203, -0.07917067, 0.3391471, -0.18889534, 0.11578273, -0.21405507], [-0.07829013, -0.05340692, 0.11958103, -0.00053531, 0.05234703, -0.04129091], [0.0828379, 0.02702171, -0.04767744, -0.05138681, 0.01292081, -0.03516047], [0.21179619, 0.12752853, -0.17108106, -0.23550204, -0.06526847, -0.04071513], [-0.20377085, -0.01982769, -0.22773848, -0.20321283, -0.01262673, 0.43150933], [0.02085175, -0.06037331, 0.02150009, 0.00139338, -0.01867154, -0.04235184], [0.05376067, 0.03283618, -0.03642918, 0.04242519, 0.00609605, -0.01733149], [-0.04661707, 0.00115284, 0.01561514, -0.01023607, 0.05697491, 0.03100193], [0.00247632, -0.05946677, 0.02133664, 0.02913713, -0.01820637, -0.02381296], [-0.03296393, 0.03231786, 0.01296101, -0.03300314, -0.0476815, 0.02000293], [0.07240238, 0.03159598, -0.03663852, 0.01501084, 0.01279209, -0.03576386], [-0.0137448, -0.03923187, 0.06175014, 0.0116672, -0.01302977, -0.04800534], [-0.02228376, 0.02396984, -0.01007592, -0.02810142, -0.0531567, 0.03235968], [-0.03160465, -0.00899771, -0.00756988, -0.01317716, 0.05817382, 0.03917453], [0.02176085, -0.00206827, 0.04673683, 0.02894487, -0.00206862, -0.06849768], [0.06412293, 0.00328554, -0.04589152, 0.04381978, 0.01002604, -0.01823141], [-0.01326533, 0.04804045, 0.05858809, -0.00924698, 0.00753172, -0.04532276], [-0.04064712, -0.01702958, -0.00359056, 0.00814329, -0.05401345, 0.04423768], [-0.03469862, 0.00190944, -0.01729121, 0.00347386, -0.05302264, 0.05198983], [-0.00618086, -0.02848722, -0.01462946, -0.04021341, 0.04701322, 0.02081032], [-0.02964928, 0.01119188, 0.07949745, 0.00632293, 0.00163725, -0.04984818], [-0.00872892, -0.04509436, -0.00138681, -0.04119964, 0.03705827, 0.01011573], [0.08012642, 0.00753971, -0.04657063, 0.01945869, -0.00640258, -0.03355579], [-0.03053112, 0.04526137, 0.05868987, 0.01724991, 0.01743659, -0.02815874], [0.02149442, -0.00071148, 0.03236617, 0.0233477, -0.00171052, -0.0538606], [0.02781418, 0.01221383, -0.04972089, 0.02315362, -0.02543136, 0.02190671], [-0.01060286, -0.02514424, 0.00459623, 0.00895912, -0.04992963, 0.00600663], [0.0257259, 0.04121651, -0.0394253, 0.0355978, 0.02749016, 0.0136994], [-0.01016832, -0.01917276, 0.03474287, -0.0400434, 0.03636313, -0.02457455], [0.0226131, -0.00158148, 0.02987676, 0.02251467, 0.0006221, -0.05248986]], "number of molecular orbitals": 101, "number of electrons": 106, "number of unpaired electrons": 0, "orbital energies/eV": [-19.75327198, -19.00948983, -18.31979173, -17.79811883, -17.32466728, -17.10610366, -16.96979321, -16.5811725, -16.52503131, -16.22439864, -15.96189749, -15.9037405, -15.88673791, -15.88127945, -15.83655983, -15.81359155, -15.45832123, -15.20395276, -15.15911419, -14.56907314, -14.49631042, -14.28932677, -14.06706262, -13.98797937, -13.67469412, -13.62670771, -13.56961335, -13.54331063, -13.50763721, -13.42625593, -13.22584545, -13.05922676, -12.98297963, -12.77619661, -12.59765752, -12.54543551, -12.40040301, -12.30772869, -12.26930503, -12.18822007, -12.13571894, -12.10219607, -11.93967155, -11.79769138, -11.78554054, -11.66302477, -11.55531377, -11.32783951, -11.22505399, -11.01362415, -10.88982782, -10.52323262, -10.49752213, -6.02262348, -5.96464163, -5.33826016, -2.73818392, -0.41311338, 0.82247071, 1.59554565, 1.69359856, 2.27353086, 2.35896643, 2.45396898, 2.69346109, 2.72928639, 2.81448315, 3.01316174, 3.54556783, 3.83611972, 4.05810835, 4.21143447, 4.6304444, 4.83862061, 4.99376948, 5.3654025, 5.44053299, 5.49936859, 5.52819064, 5.60909059, 5.70594646, 5.78163923, 5.85991603, 6.0369223, 6.39215384, 6.4644098, 6.4724133, 6.63523842, 6.80221803, 6.90201552, 6.96693773, 7.10608658, 7.15488815, 8.98275455, 10.11211148, 10.48050392, 11.62508507, 12.11287368, 16.29932781, 16.37014844, 17.31353325], "fractional occupation": [2.0, 2.0, 2.0, 2.0, 2.0, 2.0, 2.0, 2.0, 2.0, 2.0, 2.0, 2.0, 2.0, 2.0, 2.0, 2.0, 2.0, 2.0, 2.0, 2.0, 2.0, 2.0, 2.0, 2.0, 2.0, 2.0, 2.0, 2.0, 2.0, 2.0, 2.0, 2.0, 2.0, 2.0, 2.0, 2.0, 2.0, 2.0, 2.0, 2.0, 2.0, 2.0, 2.0, 2.0, 2.0, 2.0, 2.0, 2.0, 2.0, 2.0, 2.0, 2.0, 2.0, 0.0, 0.0, 0.0, 0.0, 0.0, 0.0, 0.0, 0.0, 0.0, 0.0, 0.0, 0.0, 0.0, 0.0, 0.0, 0.0, 0.0, 0.0, 0.0, 0.0, 0.0, 0.0, 0.0, 0.0, 0.0, 0.0, 0.0, 0.0, 0.0, 0.0, 0.0, 0.0, 0.0, 0.0, 0.0, 0.0, 0.0, 0.0, 0.0, 0.0, 0.0, 0.0, 0.0, 0.0, 0.0, 0.0, 0.0, 0.0], "program call": "xtb /home/svss/Project-DBcg-Debug/aqme2_20220329/End-to-End-workflows-final/example-3/QDESCP/mol_1095_rdkit_conf_3/mol_1095_rdkit_conf_3.xyz --pop --wbo --acc 0.2 --gfn 2 --chrg 0 --uhf 0 --etemp 300 --input /home/svss/Project-DBcg-Debug/aqme2_20220329/End-to-End-workflows-final/example-3/QDESCP/mol_1095_rdkit_conf_3/mol_1095_rdkit_conf_3_xtb.inp", "method": "GFN2-xTB", "xtb version": "6.3.3 (7355c4f)", "Dipole module/D": 2.377, "Total charge": 0, "Transition dipole module/D": NaN, "HOMO": -10.4975, "LUMO": -6.0226, "HOMO occupancy": 2.0, "LUMO occupancy": 0, "mulliken charges": [0.00461, 0.03641, -0.09249, -0.09321, -0.0952, -0.06032, 0.00257, 0.03636, -0.09266, -0.0951, -0.09307, -0.06879, 0.25673, -0.43337, 0.64993, -0.56624, -0.35094, 0.07224, -0.06318, 0.02905, 0.03574, 0.03489, 0.03062, 0.02945, 0.03081, 0.03146, 0.0293, 0.03128, 0.03316, 0.03162, 0.02995, 0.03359, 0.03157, 0.03006, 0.03145, 0.0303, 0.03045, 0.03059, 0.04377, 0.23502, 0.05619, 0.03034, 0.03683, 0.04823], "cm5 charges": [-0.00655, 0.00713, -0.2376, -0.23832, -0.2413, -0.1118, -0.00859, 0.00708, -0.23776, -0.24121, -0.23817, -0.11706, 0.27335, -0.4921, 0.77165, -0.60602, -0.71052, -0.01406, -0.11129, 0.08103, 0.08825, 0.08698, 0.0826, 0.08152, 0.08326, 0.08342, 0.08152, 0.0835, 0.09322, 0.08407, 0.08193, 0.08566, 0.0838, 0.08228, 0.08342, 0.08236, 0.08289, 0.08258, 0.10431, 0.43362, 0.12034, 0.09176, 0.09917, 0.10963], "FUKUI+": [-0.06, -0.002, 0.012, 0.012, 0.016, -0.035, -0.057, -0.002, 0.012, 0.016, 0.012, -0.043, -0.036, -0.041, -0.036, -0.071, -0.042, 0.02, -0.037, -0.034, -0.008, -0.012, -0.033, -0.014, -0.01, -0.032, -0.013, -0.012, -0.067, -0.009, -0.033, -0.012, -0.012, -0.013, -0.031, -0.013, -0.01, -0.033, -0.066, -0.032, -0.019, -0.033, -0.027, -0.062], "FUKUI-": [-0.031, -0.012, 0.006, 0.006, 0.016, -0.019, -0.031, -0.011, 0.007, 0.016, 0.005, -0.031, -0.018, -0.034, -0.001, -0.053, -0.063, 0.02, -0.028, -0.036, -0.017, -0.024, -0.035, -0.025, -0.018, -0.031, -0.022, -0.022, -0.04, -0.016, -0.034, -0.023, -0.022, -0.02, -0.031, -0.024, -0.018, -0.036, -0.044, -0.034, -0.033, -0.043, -0.054, -0.041], "FUKUIrad": [-0.045, -0.007, 0.009, 0.009, 0.016, -0.027, -0.044, -0.006, 0.01, 0.016, 0.009, -0.037, -0.027, -0.038, -0.018, -0.062, -0.053, 0.02, -0.033, -0.035, -0.013, -0.018, -0.034, -0.019, -0.014, -0.031, -0.018, -0.017, -0.054, -0.012, -0.033, -0.017, -0.017, -0.017, -0.031, -0.018, -0.014, -0.035, -0.055, -0.033, -0.026, -0.038, -0.041, -0.052], "s proportion": [1.1, 1.086, 1.018, 1.018, 1.018, 1.066, 1.1, 1.086, 1.018, 1.018, 1.018, 1.063, 1.016, 1.695, 0.924, 1.723, 1.413, 0.976, 1.064, 0.971, 0.964, 0.965, 0.969, 0.971, 0.969, 0.969, 0.971, 0.969, 0.967, 0.968, 0.97, 0.966, 0.968, 0.97, 0.969, 0.97, 0.97, 0.969, 0.956, 0.765, 0.944, 0.97, 0.963, 0.952], "p proportion": [2.895, 2.877, 3.074, 3.075, 3.077, 2.994, 2.898, 2.878, 3.074, 3.077, 3.075, 3.006, 2.727, 4.738, 2.427, 4.843, 3.937, 2.952, 3.0, 0.0, 0.0, 0.0, 0.0, 0.0, 0.0, 0.0, 0.0, 0.0, 0.0, 0.0, 0.0, 0.0, 0.0, 0.0, 0.0, 0.0, 0.0, 0.0, 0.0, 0.0, 0.0, 0.0, 0.0, 0.0], "d proportion": [0.0, 0.0, 0.0, 0.0, 0.0, 0.0, 0.0, 0.0, 0.0, 0.0, 0.0, 0.0, 0.0, 0.0, 0.0, 0.0, 0.0, 0.0, 0.0, 0.0, 0.0, 0.0, 0.0, 0.0, 0.0, 0.0, 0.0, 0.0, 0.0, 0.0, 0.0, 0.0, 0.0, 0.0, 0.0, 0.0, 0.0, 0.0, 0.0, 0.0, 0.0, 0.0, 0.0, 0.0], "Fermi-level/eV": -8.2601, "Coordination numbers": [2.957, 3.896, 3.755, 3.755, 3.755, 2.917, 2.957, 3.896, 3.755, 3.755, 3.755, 2.914, 2.868, 1.707, 2.658, 0.857, 2.682, 3.688, 2.914, 0.924, 0.924, 0.924, 0.924, 0.924, 0.924, 0.924, 0.924, 0.924, 0.925, 0.924, 0.924, 0.924, 0.924, 0.924, 0.924, 0.924, 0.924, 0.924, 0.925, 0.86, 0.924, 0.924, 0.924, 0.925], "Dispersion coefficient C6": [27.792, 20.024, 22.526, 22.513, 22.553, 29.32, 27.828, 20.029, 22.518, 22.557, 22.518, 29.303, 24.867, 19.132, 20.326, 22.759, 25.144, 21.438, 29.18, 2.507, 2.467, 2.497, 2.491, 2.563, 2.52, 2.501, 2.539, 2.513, 2.315, 2.516, 2.498, 2.514, 2.509, 2.527, 2.501, 2.551, 2.523, 2.491, 2.409, 1.202, 1.98, 2.235, 2.273, 2.389], "Total dispersion C6": 17129.73022, "Total dispersion C8": 383259.963367, "Polarizability alpha": [8.647, 6.361, 6.767, 6.765, 6.771, 8.879, 8.653, 6.362, 6.766, 6.772, 6.766, 8.877, 8.174, 5.906, 7.376, 6.396, 7.447, 6.627, 8.858, 2.476, 2.457, 2.471, 2.468, 2.504, 2.483, 2.473, 2.492, 2.479, 2.379, 2.481, 2.472, 2.48, 2.477, 2.486, 2.473, 2.498, 2.484, 2.468, 2.427, 1.717, 2.2, 2.338, 2.358, 2.417], "Total polarizability alpha": 199.629566, "Wiberg matrix": [[0.0, 0.9820535798296325, 0.0, 0.0, 0.0, 1.4144588841193848, 0.0, 0.0, 0.0, 0.0, 0.0, 0.10737206960084536, 0.0, 0.0, 0.0, 0.0, 0.0, 0.0, 1.4098082212860905, 0.0, 0.0, 0.0, 0.0, 0.0, 0.0, 0.0, 0.0, 0.0, 0.0, 0.0, 0.0, 0.0, 0.0, 0.0, 0.0, 0.0, 0.0, 0.0, 0.0, 0.0, 0.0, 0.0, 0.0, 0.0], [0.9820535798296325, 0.0, 0.9873784467351189, 0.9874430772565778, 0.9983608852294674, 0.0, 0.0, 0.0, 0.0, 0.0, 0.0, 0.0, 0.0, 0.0, 0.0, 0.0, 0.0, 0.0, 0.0, 0.0, 0.0, 0.0, 0.0, 0.0, 0.0, 0.0, 0.0, 0.0, 0.0, 0.0, 0.0, 0.0, 0.0, 0.0, 0.0, 0.0, 0.0, 0.0, 0.0, 0.0, 0.0, 0.0, 0.0, 0.0], [0.0, 0.9873784467351189, 0.0, 0.0, 0.0, 0.0, 0.0, 0.0, 0.0, 0.0, 0.0, 0.0, 0.0, 0.0, 0.0, 0.0, 0.0, 0.0, 0.0, 0.9844588907271269, 0.9839309578705498, 0.9866106735029495, 0.0, 0.0, 0.0, 0.0, 0.0, 0.0, 0.0, 0.0, 0.0, 0.0, 0.0, 0.0, 0.0, 0.0, 0.0, 0.0, 0.0, 0.0, 0.0, 0.0, 0.0, 0.0], [0.0, 0.9874430772565778, 0.0, 0.0, 0.0, 0.0, 0.0, 0.0, 0.0, 0.0, 0.0, 0.0, 0.0, 0.0, 0.0, 0.0, 0.0, 0.0, 0.0, 0.0, 0.0, 0.0, 0.9844938164008806, 0.9870067641267435, 0.9842598449675626, 0.0, 0.0, 0.0, 0.0, 0.0, 0.0, 0.0, 0.0, 0.0, 0.0, 0.0, 0.0, 0.0, 0.0, 0.0, 0.0, 0.0, 0.0, 0.0], [0.0, 0.9983608852294674, 0.0, 0.0, 0.0, 0.0, 0.0, 0.0, 0.0, 0.0, 0.0, 0.0, 0.0, 0.0, 0.0, 0.0, 0.0, 0.0, 0.0, 0.0, 0.0, 0.0, 0.0, 0.0, 0.0, 0.984397283133938, 0.9851348196379055, 0.9850300744251992, 0.0, 0.0, 0.0, 0.0, 0.0, 0.0, 0.0, 0.0, 0.0, 0.0, 0.0, 0.0, 0.0, 0.0, 0.0, 0.0], [1.4144588841193848, 0.0, 0.0, 0.0, 0.0, 0.0, 1.4144811149492236, 0.0, 0.0, 0.0, 0.0, 0.0, 0.0, 0.0, 0.0, 0.0, 0.0, 0.0, 0.0, 0.0, 0.0, 0.0, 0.0, 0.0, 0.0, 0.0, 0.0, 0.0, 0.9608479244390767, 0.0, 0.0, 0.0, 0.0, 0.0, 0.0, 0.0, 0.0, 0.0, 0.0, 0.0, 0.0, 0.0, 0.0, 0.0], [0.0, 0.0, 0.0, 0.0, 0.0, 1.4144811149492236, 0.0, 0.9818520597590504, 0.0, 0.0, 0.0, 1.409742789371171, 0.0, 0.0, 0.0, 0.0, 0.0, 0.0, 0.10765697262523806, 0.0, 0.0, 0.0, 0.0, 0.0, 0.0, 0.0, 0.0, 0.0, 0.0, 0.0, 0.0, 0.0, 0.0, 0.0, 0.0, 0.0, 0.0, 0.0, 0.0, 0.0, 0.0, 0.0, 0.0, 0.0], [0.0, 0.0, 0.0, 0.0, 0.0, 0.0, 0.9818520597590504, 0.0, 0.987601914250585, 0.9983946786529259, 0.9875385334107194, 0.0, 0.0, 0.0, 0.0, 0.0, 0.0, 0.0, 0.0, 0.0, 0.0, 0.0, 0.0, 0.0, 0.0, 0.0, 0.0, 0.0, 0.0, 0.0, 0.0, 0.0, 0.0, 0.0, 0.0, 0.0, 0.0, 0.0, 0.0, 0.0, 0.0, 0.0, 0.0, 0.0], [0.0, 0.0, 0.0, 0.0, 0.0, 0.0, 0.0, 0.987601914250585, 0.0, 0.0, 0.0, 0.0, 0.0, 0.0, 0.0, 0.0, 0.0, 0.0, 0.0, 0.0, 0.0, 0.0, 0.0, 0.0, 0.0, 0.0, 0.0, 0.0, 0.0, 0.9842148382022089, 0.9844903280411793, 0.9867362346059837, 0.0, 0.0, 0.0, 0.0, 0.0, 0.0, 0.0, 0.0, 0.0, 0.0, 0.0, 0.0], [0.0, 0.0, 0.0, 0.0, 0.0, 0.0, 0.0, 0.9983946786529259, 0.0, 0.0, 0.0, 0.0, 0.0, 0.0, 0.0, 0.0, 0.0, 0.0, 0.0, 0.0, 0.0, 0.0, 0.0, 0.0, 0.0, 0.0, 0.0, 0.0, 0.0, 0.0, 0.0, 0.0, 0.9850119731146745, 0.9850917969847988, 0.9843847079576185, 0.0, 0.0, 0.0, 0.0, 0.0, 0.0, 0.0, 0.0, 0.0], [0.0, 0.0, 0.0, 0.0, 0.0, 0.0, 0.0, 0.9875385334107194, 0.0, 0.0, 0.0, 0.0, 0.0, 0.0, 0.0, 0.0, 0.0, 0.0, 0.0, 0.0, 0.0, 0.0, 0.0, 0.0, 0.0, 0.0, 0.0, 0.0, 0.0, 0.0, 0.0, 0.0, 0.0, 0.0, 0.0, 0.986946950224702, 0.9842694135076188, 0.9844874745304777, 0.0, 0.0, 0.0, 0.0, 0.0, 0.0], [0.10737206960084536, 0.0, 0.0, 0.0, 0.0, 0.0, 1.409742789371171, 0.0, 0.0, 0.0, 0.0, 0.0, 1.403941405751577, 0.0, 0.0, 0.0, 0.0, 0.0, 0.0, 0.0, 0.0, 0.0, 0.0, 0.0, 0.0, 0.0, 0.0, 0.0, 0.0, 0.0, 0.0, 0.0, 0.0, 0.0, 0.0, 0.0, 0.0, 0.0, 0.9641323633198584, 0.0, 0.0, 0.0, 0.0, 0.0], [0.0, 0.0, 0.0, 0.0, 0.0, 0.0, 0.0, 0.0, 0.0, 0.0, 0.0, 1.403941405751577, 0.0, 0.9567555708029476, 0.0, 0.0, 0.0, 0.0, 1.4040770793089923, 0.0, 0.0, 0.0, 0.0, 0.0, 0.0, 0.0, 0.0, 0.0, 0.0, 0.0, 0.0, 0.0, 0.0, 0.0, 0.0, 0.0, 0.0, 0.0, 0.0, 0.0, 0.0, 0.0, 0.0, 0.0], [0.0, 0.0, 0.0, 0.0, 0.0, 0.0, 0.0, 0.0, 0.0, 0.0, 0.0, 0.0, 0.9567555708029476, 0.0, 1.020154863704429, 0.13120820807125774, 0.0, 0.0, 0.0, 0.0, 0.0, 0.0, 0.0, 0.0, 0.0, 0.0, 0.0, 0.0, 0.0, 0.0, 0.0, 0.0, 0.0, 0.0, 0.0, 0.0, 0.0, 0.0, 0.0, 0.0, 0.0, 0.0, 0.0, 0.0], [0.0, 0.0, 0.0, 0.0, 0.0, 0.0, 0.0, 0.0, 0.0, 0.0, 0.0, 0.0, 0.0, 1.020154863704429, 0.0, 1.6547067198345977, 1.2077596070059686, 0.0, 0.0, 0.0, 0.0, 0.0, 0.0, 0.0, 0.0, 0.0, 0.0, 0.0, 0.0, 0.0, 0.0, 0.0, 0.0, 0.0, 0.0, 0.0, 0.0, 0.0, 0.0, 0.0, 0.0, 0.0, 0.0, 0.0], [0.0, 0.0, 0.0, 0.0, 0.0, 0.0, 0.0, 0.0, 0.0, 0.0, 0.0, 0.0, 0.0, 0.13120820807125774, 1.6547067198345977, 0.0, 0.17134479156875615, 0.0, 0.0, 0.0, 0.0, 0.0, 0.0, 0.0, 0.0, 0.0, 0.0, 0.0, 0.0, 0.0, 0.0, 0.0, 0.0, 0.0, 0.0, 0.0, 0.0, 0.0, 0.0, 0.0, 0.0, 0.0, 0.0, 0.0], [0.0, 0.0, 0.0, 0.0, 0.0, 0.0, 0.0, 0.0, 0.0, 0.0, 0.0, 0.0, 0.0, 0.0, 1.2077596070059686, 0.17134479156875615, 0.0, 1.0061372859351576, 0.0, 0.0, 0.0, 0.0, 0.0, 0.0, 0.0, 0.0, 0.0, 0.0, 0.0, 0.0, 0.0, 0.0, 0.0, 0.0, 0.0, 0.0, 0.0, 0.0, 0.0, 0.9397684274391539, 0.0, 0.0, 0.0, 0.0], [0.0, 0.0, 0.0, 0.0, 0.0, 0.0, 0.0, 0.0, 0.0, 0.0, 0.0, 0.0, 0.0, 0.0, 0.0, 0.0, 1.0061372859351576, 0.0, 0.0, 0.0, 0.0, 0.0, 0.0, 0.0, 0.0, 0.0, 0.0, 0.0, 0.0, 0.0, 0.0, 0.0, 0.0, 0.0, 0.0, 0.0, 0.0, 0.0, 0.0, 0.0, 0.9767168392525161, 0.9832877301813121, 0.9752481110018196, 0.0], [1.4098082212860905, 0.0, 0.0, 0.0, 0.0, 0.0, 0.10765697262523806, 0.0, 0.0, 0.0, 0.0, 0.0, 1.4040770793089923, 0.0, 0.0, 0.0, 0.0, 0.0, 0.0, 0.0, 0.0, 0.0, 0.0, 0.0, 0.0, 0.0, 0.0, 0.0, 0.0, 0.0, 0.0, 0.0, 0.0, 0.0, 0.0, 0.0, 0.0, 0.0, 0.0, 0.0, 0.0, 0.0, 0.0, 0.9638819124316167], [0.0, 0.0, 0.9844588907271269, 0.0, 0.0, 0.0, 0.0, 0.0, 0.0, 0.0, 0.0, 0.0, 0.0, 0.0, 0.0, 0.0, 0.0, 0.0, 0.0, 0.0, 0.0, 0.0, 0.0, 0.0, 0.0, 0.0, 0.0, 0.0, 0.0, 0.0, 0.0, 0.0, 0.0, 0.0, 0.0, 0.0, 0.0, 0.0, 0.0, 0.0, 0.0, 0.0, 0.0, 0.0], [0.0, 0.0, 0.9839309578705498, 0.0, 0.0, 0.0, 0.0, 0.0, 0.0, 0.0, 0.0, 0.0, 0.0, 0.0, 0.0, 0.0, 0.0, 0.0, 0.0, 0.0, 0.0, 0.0, 0.0, 0.0, 0.0, 0.0, 0.0, 0.0, 0.0, 0.0, 0.0, 0.0, 0.0, 0.0, 0.0, 0.0, 0.0, 0.0, 0.0, 0.0, 0.0, 0.0, 0.0, 0.0], [0.0, 0.0, 0.9866106735029495, 0.0, 0.0, 0.0, 0.0, 0.0, 0.0, 0.0, 0.0, 0.0, 0.0, 0.0, 0.0, 0.0, 0.0, 0.0, 0.0, 0.0, 0.0, 0.0, 0.0, 0.0, 0.0, 0.0, 0.0, 0.0, 0.0, 0.0, 0.0, 0.0, 0.0, 0.0, 0.0, 0.0, 0.0, 0.0, 0.0, 0.0, 0.0, 0.0, 0.0, 0.0], [0.0, 0.0, 0.0, 0.9844938164008806, 0.0, 0.0, 0.0, 0.0, 0.0, 0.0, 0.0, 0.0, 0.0, 0.0, 0.0, 0.0, 0.0, 0.0, 0.0, 0.0, 0.0, 0.0, 0.0, 0.0, 0.0, 0.0, 0.0, 0.0, 0.0, 0.0, 0.0, 0.0, 0.0, 0.0, 0.0, 0.0, 0.0, 0.0, 0.0, 0.0, 0.0, 0.0, 0.0, 0.0], [0.0, 0.0, 0.0, 0.9870067641267435, 0.0, 0.0, 0.0, 0.0, 0.0, 0.0, 0.0, 0.0, 0.0, 0.0, 0.0, 0.0, 0.0, 0.0, 0.0, 0.0, 0.0, 0.0, 0.0, 0.0, 0.0, 0.0, 0.0, 0.0, 0.0, 0.0, 0.0, 0.0, 0.0, 0.0, 0.0, 0.0, 0.0, 0.0, 0.0, 0.0, 0.0, 0.0, 0.0, 0.0], [0.0, 0.0, 0.0, 0.9842598449675626, 0.0, 0.0, 0.0, 0.0, 0.0, 0.0, 0.0, 0.0, 0.0, 0.0, 0.0, 0.0, 0.0, 0.0, 0.0, 0.0, 0.0, 0.0, 0.0, 0.0, 0.0, 0.0, 0.0, 0.0, 0.0, 0.0, 0.0, 0.0, 0.0, 0.0, 0.0, 0.0, 0.0, 0.0, 0.0, 0.0, 0.0, 0.0, 0.0, 0.0], [0.0, 0.0, 0.0, 0.0, 0.984397283133938, 0.0, 0.0, 0.0, 0.0, 0.0, 0.0, 0.0, 0.0, 0.0, 0.0, 0.0, 0.0, 0.0, 0.0, 0.0, 0.0, 0.0, 0.0, 0.0, 0.0, 0.0, 0.0, 0.0, 0.0, 0.0, 0.0, 0.0, 0.0, 0.0, 0.0, 0.0, 0.0, 0.0, 0.0, 0.0, 0.0, 0.0, 0.0, 0.0], [0.0, 0.0, 0.0, 0.0, 0.9851348196379055, 0.0, 0.0, 0.0, 0.0, 0.0, 0.0, 0.0, 0.0, 0.0, 0.0, 0.0, 0.0, 0.0, 0.0, 0.0, 0.0, 0.0, 0.0, 0.0, 0.0, 0.0, 0.0, 0.0, 0.0, 0.0, 0.0, 0.0, 0.0, 0.0, 0.0, 0.0, 0.0, 0.0, 0.0, 0.0, 0.0, 0.0, 0.0, 0.0], [0.0, 0.0, 0.0, 0.0, 0.9850300744251992, 0.0, 0.0, 0.0, 0.0, 0.0, 0.0, 0.0, 0.0, 0.0, 0.0, 0.0, 0.0, 0.0, 0.0, 0.0, 0.0, 0.0, 0.0, 0.0, 0.0, 0.0, 0.0, 0.0, 0.0, 0.0, 0.0, 0.0, 0.0, 0.0, 0.0, 0.0, 0.0, 0.0, 0.0, 0.0, 0.0, 0.0, 0.0, 0.0], [0.0, 0.0, 0.0, 0.0, 0.0, 0.9608479244390767, 0.0, 0.0, 0.0, 0.0, 0.0, 0.0, 0.0, 0.0, 0.0, 0.0, 0.0, 0.0, 0.0, 0.0, 0.0, 0.0, 0.0, 0.0, 0.0, 0.0, 0.0, 0.0, 0.0, 0.0, 0.0, 0.0, 0.0, 0.0, 0.0, 0.0, 0.0, 0.0, 0.0, 0.0, 0.0, 0.0, 0.0, 0.0], [0.0, 0.0, 0.0, 0.0, 0.0, 0.0, 0.0, 0.0, 0.9842148382022089, 0.0, 0.0, 0.0, 0.0, 0.0, 0.0, 0.0, 0.0, 0.0, 0.0, 0.0, 0.0, 0.0, 0.0, 0.0, 0.0, 0.0, 0.0, 0.0, 0.0, 0.0, 0.0, 0.0, 0.0, 0.0, 0.0, 0.0, 0.0, 0.0, 0.0, 0.0, 0.0, 0.0, 0.0, 0.0], [0.0, 0.0, 0.0, 0.0, 0.0, 0.0, 0.0, 0.0, 0.9844903280411793, 0.0, 0.0, 0.0, 0.0, 0.0, 0.0, 0.0, 0.0, 0.0, 0.0, 0.0, 0.0, 0.0, 0.0, 0.0, 0.0, 0.0, 0.0, 0.0, 0.0, 0.0, 0.0, 0.0, 0.0, 0.0, 0.0, 0.0, 0.0, 0.0, 0.0, 0.0, 0.0, 0.0, 0.0, 0.0], [0.0, 0.0, 0.0, 0.0, 0.0, 0.0, 0.0, 0.0, 0.9867362346059837, 0.0, 0.0, 0.0, 0.0, 0.0, 0.0, 0.0, 0.0, 0.0, 0.0, 0.0, 0.0, 0.0, 0.0, 0.0, 0.0, 0.0, 0.0, 0.0, 0.0, 0.0, 0.0, 0.0, 0.0, 0.0, 0.0, 0.0, 0.0, 0.0, 0.0, 0.0, 0.0, 0.0, 0.0, 0.0], [0.0, 0.0, 0.0, 0.0, 0.0, 0.0, 0.0, 0.0, 0.0, 0.9850119731146745, 0.0, 0.0, 0.0, 0.0, 0.0, 0.0, 0.0, 0.0, 0.0, 0.0, 0.0, 0.0, 0.0, 0.0, 0.0, 0.0, 0.0, 0.0, 0.0, 0.0, 0.0, 0.0, 0.0, 0.0, 0.0, 0.0, 0.0, 0.0, 0.0, 0.0, 0.0, 0.0, 0.0, 0.0], [0.0, 0.0, 0.0, 0.0, 0.0, 0.0, 0.0, 0.0, 0.0, 0.9850917969847988, 0.0, 0.0, 0.0, 0.0, 0.0, 0.0, 0.0, 0.0, 0.0, 0.0, 0.0, 0.0, 0.0, 0.0, 0.0, 0.0, 0.0, 0.0, 0.0, 0.0, 0.0, 0.0, 0.0, 0.0, 0.0, 0.0, 0.0, 0.0, 0.0, 0.0, 0.0, 0.0, 0.0, 0.0], [0.0, 0.0, 0.0, 0.0, 0.0, 0.0, 0.0, 0.0, 0.0, 0.9843847079576185, 0.0, 0.0, 0.0, 0.0, 0.0, 0.0, 0.0, 0.0, 0.0, 0.0, 0.0, 0.0, 0.0, 0.0, 0.0, 0.0, 0.0, 0.0, 0.0, 0.0, 0.0, 0.0, 0.0, 0.0, 0.0, 0.0, 0.0, 0.0, 0.0, 0.0, 0.0, 0.0, 0.0, 0.0], [0.0, 0.0, 0.0, 0.0, 0.0, 0.0, 0.0, 0.0, 0.0, 0.0, 0.986946950224702, 0.0, 0.0, 0.0, 0.0, 0.0, 0.0, 0.0, 0.0, 0.0, 0.0, 0.0, 0.0, 0.0, 0.0, 0.0, 0.0, 0.0, 0.0, 0.0, 0.0, 0.0, 0.0, 0.0, 0.0, 0.0, 0.0, 0.0, 0.0, 0.0, 0.0, 0.0, 0.0, 0.0], [0.0, 0.0, 0.0, 0.0, 0.0, 0.0, 0.0, 0.0, 0.0, 0.0, 0.9842694135076188, 0.0, 0.0, 0.0, 0.0, 0.0, 0.0, 0.0, 0.0, 0.0, 0.0, 0.0, 0.0, 0.0, 0.0, 0.0, 0.0, 0.0, 0.0, 0.0, 0.0, 0.0, 0.0, 0.0, 0.0, 0.0, 0.0, 0.0, 0.0, 0.0, 0.0, 0.0, 0.0, 0.0], [0.0, 0.0, 0.0, 0.0, 0.0, 0.0, 0.0, 0.0, 0.0, 0.0, 0.9844874745304777, 0.0, 0.0, 0.0, 0.0, 0.0, 0.0, 0.0, 0.0, 0.0, 0.0, 0.0, 0.0, 0.0, 0.0, 0.0, 0.0, 0.0, 0.0, 0.0, 0.0, 0.0, 0.0, 0.0, 0.0, 0.0, 0.0, 0.0, 0.0, 0.0, 0.0, 0.0, 0.0, 0.0], [0.0, 0.0, 0.0, 0.0, 0.0, 0.0, 0.0, 0.0, 0.0, 0.0, 0.0, 0.9641323633198584, 0.0, 0.0, 0.0, 0.0, 0.0, 0.0, 0.0, 0.0, 0.0, 0.0, 0.0, 0.0, 0.0, 0.0, 0.0, 0.0, 0.0, 0.0, 0.0, 0.0, 0.0, 0.0, 0.0, 0.0, 0.0, 0.0, 0.0, 0.0, 0.0, 0.0, 0.0, 0.0], [0.0, 0.0, 0.0, 0.0, 0.0, 0.0, 0.0, 0.0, 0.0, 0.0, 0.0, 0.0, 0.0, 0.0, 0.0, 0.0, 0.9397684274391539, 0.0, 0.0, 0.0, 0.0, 0.0, 0.0, 0.0, 0.0, 0.0, 0.0, 0.0, 0.0, 0.0, 0.0, 0.0, 0.0, 0.0, 0.0, 0.0, 0.0, 0.0, 0.0, 0.0, 0.0, 0.0, 0.0, 0.0], [0.0, 0.0, 0.0, 0.0, 0.0, 0.0, 0.0, 0.0, 0.0, 0.0, 0.0, 0.0, 0.0, 0.0, 0.0, 0.0, 0.0, 0.9767168392525161, 0.0, 0.0, 0.0, 0.0, 0.0, 0.0, 0.0, 0.0, 0.0, 0.0, 0.0, 0.0, 0.0, 0.0, 0.0, 0.0, 0.0, 0.0, 0.0, 0.0, 0.0, 0.0, 0.0, 0.0, 0.0, 0.0], [0.0, 0.0, 0.0, 0.0, 0.0, 0.0, 0.0, 0.0, 0.0, 0.0, 0.0, 0.0, 0.0, 0.0, 0.0, 0.0, 0.0, 0.9832877301813121, 0.0, 0.0, 0.0, 0.0, 0.0, 0.0, 0.0, 0.0, 0.0, 0.0, 0.0, 0.0, 0.0, 0.0, 0.0, 0.0, 0.0, 0.0, 0.0, 0.0, 0.0, 0.0, 0.0, 0.0, 0.0, 0.0], [0.0, 0.0, 0.0, 0.0, 0.0, 0.0, 0.0, 0.0, 0.0, 0.0, 0.0, 0.0, 0.0, 0.0, 0.0, 0.0, 0.0, 0.9752481110018196, 0.0, 0.0, 0.0, 0.0, 0.0, 0.0, 0.0, 0.0, 0.0, 0.0, 0.0, 0.0, 0.0, 0.0, 0.0, 0.0, 0.0, 0.0, 0.0, 0.0, 0.0, 0.0, 0.0, 0.0, 0.0, 0.0], [0.0, 0.0, 0.0, 0.0, 0.0, 0.0, 0.0, 0.0, 0.0, 0.0, 0.0, 0.0, 0.0, 0.0, 0.0, 0.0, 0.0, 0.0, 0.9638819124316167, 0.0, 0.0, 0.0, 0.0, 0.0, 0.0, 0.0, 0.0, 0.0, 0.0, 0.0, 0.0, 0.0, 0.0, 0.0, 0.0, 0.0, 0.0, 0.0, 0.0, 0.0, 0.0, 0.0, 0.0, 0.0]], "Born radii": [], "Atomic SASAs": [], "Solvent H bonds": [], "Total SASA": NaN, "Total FOD": 0.0, "FOD": [0.0, 0.0, 0.0, 0.0, 0.0, 0.0, 0.0, 0.0, 0.0, 0.0, 0.0, 0.0, 0.0, 0.0, 0.0, 0.0, 0.0, 0.0, 0.0, 0.0, 0.0, 0.0, 0.0, 0.0, 0.0, 0.0, 0.0, 0.0, 0.0, 0.0, 0.0, 0.0, 0.0, 0.0, 0.0, 0.0, 0.0, 0.0, 0.0, 0.0, 0.0, 0.0, 0.0, 0.0], "FOD s proportion": [0.0, 0.0, 0.0, 0.0, 0.0, 0.0, 0.0, 0.0, 0.0, 0.0, 0.0, 0.0, 0.0, 0.0, 0.0, 0.0, 0.0, 0.0, 0.0, 0.0, 0.0, 0.0, 0.0, 0.0, 0.0, 0.0, 0.0, 0.0, 0.0, 0.0, 0.0, 0.0, 0.0, 0.0, 0.0, 0.0, 0.0, 0.0, 0.0, 0.0, 0.0, 0.0, 0.0, 0.0], "FOD p proportion": [0.0, 0.0, 0.0, 0.0, 0.0, 0.0, 0.0, 0.0, 0.0, 0.0, 0.0, 0.0, 0.0, 0.0, 0.0, 0.0, 0.0, 0.0, 0.0, 0.0, 0.0, 0.0, 0.0, 0.0, 0.0, 0.0, 0.0, 0.0, 0.0, 0.0, 0.0, 0.0, 0.0, 0.0, 0.0, 0.0, 0.0, 0.0, 0.0, 0.0, 0.0, 0.0, 0.0, 0.0], "FOD d proportion": [0.0, 0.0, 0.0, 0.0, 0.0, 0.0, 0.0, 0.0, 0.0, 0.0, 0.0, 0.0, 0.0, 0.0, 0.0, 0.0, 0.0, 0.0, 0.0, 0.0, 0.0, 0.0, 0.0, 0.0, 0.0, 0.0, 0.0, 0.0, 0.0, 0.0, 0.0, 0.0, 0.0, 0.0, 0.0, 0.0, 0.0, 0.0, 0.0, 0.0, 0.0, 0.0, 0.0, 0.0], "coordinates": [["-0.87570", "1.03830", "0.04220"], ["-1.78150", "2.25160", "-0.23980"], ["-1.17630", "3.09510", "-1.38320"], ["-1.89180", "3.12260", "1.03060"], ["-3.22080", "1.87900", "-0.66220"], ["-1.32590", "-0.29550", "-0.07700"], ["-0.49780", "-1.41090", "0.18050"], ["-0.99450", "-2.86320", "0.05360"], ["-0.14600", "-3.61110", "-0.99780"], ["-2.47220", "-2.98850", "-0.38180"], ["-0.86010", "-3.57750", "1.41610"], ["0.82860", "-1.15630", "0.56570"], ["1.29380", "0.15060", "0.66950"], ["2.60770", "0.34750", "1.10890"], ["3.47100", "0.84970", "0.14830"], ["3.19630", "1.10320", "-1.01630"], ["4.71070", "1.01130", "0.70460"], ["5.85370", "1.38750", "-0.08090"], ["0.45840", "1.23850", "0.43250"], ["-1.81990", "3.94810", "-1.62850"], ["-0.19260", "3.50130", "-1.12360"], ["-1.05510", "2.49600", "-2.29350"], ["-2.55980", "3.97660", "0.86770"], ["-2.28980", "2.54350", "1.87230"], ["-0.92300", "3.52950", "1.34030"], ["-3.82220", "2.77660", "-0.85030"], ["-3.73490", "1.30580", "0.11820"], ["-3.23040", "1.28690", "-1.58480"], ["-2.35270", "-0.47070", "-0.37990"], ["0.90970", "-3.67240", "-0.71180"], ["-0.50090", "-4.63950", "-1.13340"], ["-0.19440", "-3.11030", "-1.97210"], ["-2.64330", "-2.53440", "-1.36480"], ["-3.14720", "-2.51140", "0.33830"], ["-2.77410", "-4.04010", "-0.45690"], ["-1.42710", "-3.05260", "2.19410"], ["0.18090", "-3.63770", "1.75220"], ["-1.23890", "-4.60490", "1.36300"], ["1.51320", "-1.97080", "0.78350"], ["4.83140", "0.64210", "1.63720"], ["5.57370", "2.12890", "-0.83410"], ["6.61350", "1.80120", "0.58600"], ["6.24450", "0.49540", "-0.57720"], ["0.86160", "2.24100", "0.54450"]], "bond_dist": [[0.0, 1.5401605533190363, 2.520426900348431, 2.5206547284386254, 2.5889090096023075, 1.4127671853493768, 2.4820386660968845, 3.9033249480410928, 4.81985294900166, 4.352436845032907, 4.815958285741271, 2.827536012149094, 2.426571002464177, 3.7079818082078018, 4.352083186245411, 4.207828211797625, 5.625599320961279, 6.739578518720588, 1.404363535556232, 3.4856402812109, 2.809285362863659, 2.7590882805738564, 3.4858643045878877, 2.7594513693848635, 2.8095156771230165, 3.535548810298056, 2.8726915758570395, 2.872898022903006, 2.153318000203407, 5.093806400914742, 5.810329013059415, 4.661808247879786, 4.227084580417099, 4.22466064317597, 5.444554153463808, 4.655123884495449, 5.089742582881771, 5.807076124866971, 3.912933900540616, 5.939022634238735, 6.599399246143546, 7.547572556126904, 7.167680573937431, 2.171866448472373], [1.5401605533190363, 0.0, 1.5443842947919408, 1.544254917427819, 1.545586299758121, 2.592642206321574, 3.9036449672069304, 5.183303155324797, 6.133569559400138, 5.287331888580478, 6.129387373955084, 4.367520425825161, 3.8338619667379787, 4.97088172661551, 5.450201965982545, 5.167230171958668, 6.676742940236655, 7.685583716283364, 2.5486292217582376, 2.192732199790937, 2.2062311166330693, 2.1920474470229885, 2.1926997377662087, 2.1919263012245644, 2.20607494659633, 2.1938075895574802, 2.199652972630001, 2.1997686923856334, 2.7851058759049, 6.523734930237431, 7.06581322495861, 5.854034618107413, 4.991404635971722, 4.988537370813213, 6.373215519657247, 5.846709006783217, 6.519427294632559, 7.062221665311844, 5.452600548362222, 7.060032978676516, 7.380190703498115, 8.44753400703424, 8.222819054314645, 2.757030369800086], [2.520426900348431, 1.5443842947919408, 0.0, 2.517762288223414, 2.4857032123727083, 3.636579018803249, 4.817629701419569, 6.13178476220423, 6.795820016009841, 6.30018632502246, 7.242903678083811, 5.0884415276192385, 4.357183901328931, 5.298917263932322, 5.383745044111952, 4.818911908304613, 6.584671615198438, 7.35069949392573, 3.0685459325224382, 1.096358540806793, 1.09547080746134, 1.0964745049475613, 2.7852585714794955, 3.4845982637888118, 2.7695336249989815, 2.7177585378395928, 3.4644235321334484, 2.7440037554639023, 3.8865740041841477, 7.113454168686265, 7.768050100250384, 6.310144212298162, 5.817533653533945, 6.187152116280964, 7.370351115788174, 7.117175789595197, 7.550054360069204, 8.175300190207084, 6.131177859922186, 7.157687088019426, 6.840873719781706, 8.138360393224177, 7.904198171225213, 2.9323285133149732], [2.5206547284386254, 1.544254917427819, 2.517762288223414, 0.0, 2.485629457501661, 3.637365554903713, 4.818560807959157, 6.131025846463216, 7.24602924987196, 6.298990484990432, 6.790018788633798, 5.091727936565347, 4.371638659587501, 5.2870418146634695, 5.8910229621008945, 5.844359467041705, 6.9395151084207605, 8.014909513525403, 3.0709927482818973, 2.7852168084370024, 2.7697061161791154, 3.484585378491966, 1.0963924525460764, 1.0964577967254372, 1.0954702825727405, 2.717341526197986, 2.744130756724249, 3.4643847375832837, 3.8876398945890034, 7.553567700762335, 8.177266977419778, 7.123651904746609, 6.189050202575513, 5.813541472286923, 7.3685399388209865, 6.3010136787662985, 7.107633075785497, 7.762153336542637, 6.131705062215567, 7.191819105761768, 7.758752221201551, 8.618810544965008, 8.699803352375271, 2.931675856911879], [2.5889090096023075, 1.545586299758121, 2.4857032123727083, 2.485629457501661, 0.0, 2.943052038275912, 4.352966149650144, 5.287460843353831, 6.301445898363327, 4.9327053804175245, 6.298065387879043, 5.207535392102487, 5.014220239478917, 6.281218011659841, 6.818838316018353, 6.473517193921709, 8.095044025822219, 9.106373163340058, 3.8916732879315554, 2.6790728452208983, 3.4662288571298925, 2.780662723165109, 2.6790746107564827, 2.780649474493324, 3.4661277154773162, 1.0966992887751867, 1.0963034297127778, 1.096296187168413, 2.5207897552156147, 6.919648283691881, 7.078893112627142, 5.9806395527568785, 4.506134992429765, 4.503557412757164, 5.939480936075139, 5.974653792480364, 6.916275669751749, 7.076038571121557, 6.270706860474344, 8.464932770554059, 8.799728965712523, 9.913501529227704, 9.566267717872003, 4.272371548683471], [1.4127671853493768, 2.592642206321574, 3.636579018803249, 3.637365554903713, 2.943052038275912, 0.0, 1.4128598727403934, 2.592289646239401, 3.6377520544973923, 2.9426443431036646, 3.6356349170399382, 2.407469663360268, 2.7602709196743715, 4.1584873175230435, 4.9368504879123085, 4.8258614795702535, 6.225685854586625, 7.374222695986337, 2.407586496888533, 4.545253481380329, 4.098222869732685, 3.574727561647181, 4.545965872067233, 3.576142432845761, 4.098986789439556, 4.033274722852387, 2.899231920698998, 2.8990637885358783, 1.0847864720764175, 4.099308723431306, 4.54609084379096, 3.576981311105776, 2.899421461257401, 2.898244397907119, 4.032819907955226, 3.573476886730905, 4.097159957824444, 4.5444578730581275, 3.4069897490306604, 6.459869866336318, 7.35223747780225, 8.238312463727022, 7.628019337285401, 3.4066480226169538], [2.4820386660968845, 3.9036449672069304, 4.817629701419569, 4.818560807959157, 4.352966149650144, 1.4128598727403934, 0.0, 1.5401265499951617, 2.520522598589427, 2.589065161404788, 2.5203420819404654, 1.4044704197668245, 2.4263622586085534, 3.6875503210125826, 4.567572948514342, 4.62594896859012, 5.768033104967412, 6.945568714655409, 2.827921993266434, 5.808554933027663, 5.09151575564684, 4.657802797457188, 5.809409960572588, 4.6594775028966495, 5.092492831610075, 5.44512077460179, 4.226482768212832, 4.226288169304124, 2.1537590881990494, 2.809205900250104, 3.485713812119406, 2.759293148616145, 2.8728687039264433, 2.873207519480624, 3.535606467071809, 2.7592322011748127, 2.8088276593625316, 3.485566160611501, 2.172836397430787, 5.893823591693256, 7.100894975283044, 7.813616598605284, 7.047460412801196, 3.913673206848012], [3.9033249480410928, 5.183303155324797, 6.13178476220423, 6.131025846463216, 5.287460843353831, 2.592289646239401, 1.5401265499951617, 0.0, 1.5442631317233473, 1.545597146736497, 1.544245479190404, 2.5494014258252857, 3.833880558911558, 4.939443027305812, 5.808208394160802, 5.868544931241475, 6.927110385290536, 8.061289225676003, 4.367885816959963, 7.064315484178209, 6.52194017911848, 5.850946539663475, 7.063694991999585, 5.849604830242808, 6.521297603238177, 6.3734030580216725, 4.9894414837735095, 4.990684660444898, 2.7850827169044727, 2.2060415771240574, 2.19268138360319, 2.1919577801590977, 2.199661210277619, 2.199757854855848, 2.193782126830283, 2.1919752211190713, 2.2060501739534395, 2.1926647281333276, 2.760016496327513, 6.981119384454044, 8.297609591924653, 8.93989603518967, 8.00507486535885, 5.453342796854055], [4.81985294900166, 6.133569559400138, 6.795820016009841, 7.24602924987196, 6.301445898363327, 3.6377520544973923, 2.520522598589427, 1.5442631317233473, 0.0, 2.4856172674005945, 2.5175347028392676, 3.0692703448865495, 4.359277488300097, 5.262277315003458, 5.85619081400188, 5.778921701321104, 6.917534416972567, 7.862767175746717, 5.092119166908803, 7.767961659277162, 7.113665086296937, 6.3088803848226505, 8.178001710687031, 7.121267696836007, 7.553714911882762, 7.3714933344608005, 6.1888258030098084, 5.817946060251848, 3.887600475871974, 1.0954707572546152, 1.0963338588222111, 1.0965416955136724, 2.7441718568631956, 3.4643476644239968, 2.71726395846999, 3.4844461640266453, 2.7694893337942283, 2.784860048548221, 2.9353974892678503, 7.057439053934508, 8.10489764154983, 8.802968475463263, 7.607807625065187, 6.135227906117262], [4.352436845032907, 5.287331888580478, 6.30018632502246, 6.298990484990432, 4.9327053804175245, 2.9426443431036646, 2.589065161404788, 1.545597146736497, 2.4856172674005945, 0.0, 2.485604920336295, 3.8922992857692735, 5.01417356101681, 6.257512804621339, 7.094674868519346, 7.019721603454086, 8.292931774107394, 9.410660317958566, 5.207593479717863, 7.077865196512294, 6.918406423447527, 5.978503955840458, 7.0768313544975765, 5.976391935775297, 6.917367494213388, 5.93955976988194, 4.5039342557368665, 4.505676575166043, 2.520634979524009, 3.46610254031816, 2.6789414420625173, 2.780694548130017, 1.0962531733135372, 1.0962633898840188, 1.0966522602903799, 2.7805761327465937, 3.466173141953529, 2.6791985536723475, 4.275166726573363, 8.402391940394116, 9.546143978591566, 10.31638538539541, 9.389174578204411, 6.270560132874893], [4.815958285741271, 6.129387373955084, 7.242903678083811, 6.790018788633798, 6.298065387879043, 3.6356349170399382, 2.5203420819404654, 1.544245479190404, 2.5175347028392676, 2.485604920336295, 0.0, 3.0719858870118526, 4.369831390339907, 5.246487747055167, 6.321854466056617, 6.654314631124681, 7.25238790537296, 8.48335690867713, 5.089181388985855, 8.174684126007561, 7.550168327924881, 7.119449375478416, 7.762354633743552, 6.302285421178574, 7.107682537226885, 7.367848544860298, 5.813401615233547, 6.187577091236924, 3.8866022436055894, 2.769324188317431, 2.785106620939313, 3.4844413569466197, 3.4642841482765236, 2.7439111610983327, 2.7176320133528007, 1.0964912265950881, 1.0955675469819284, 1.0962936695977037, 2.934999240204331, 7.088517589736235, 8.889329752011678, 9.245224532697948, 8.42835099292857, 6.130161474219093], [2.827536012149094, 4.367520425825161, 5.0884415276192385, 5.091727936565347, 5.207535392102487, 2.407469663360268, 1.4044704197668245, 2.5494014258252857, 3.0692703448865495, 3.8922992857692735, 3.0719858870118526, 0.0, 1.391104988848793, 2.3920028198143917, 3.343730928169909, 3.6351158908623535, 4.448424820090815, 5.669271559027667, 2.426902824589398, 6.15499514622067, 5.058638323699373, 5.006260642435629, 6.157850353004691, 5.0119998164405395, 5.062097328183251, 6.253215097052076, 5.204586910601071, 5.202822069800197, 3.3889344062699123, 2.8230024211821, 4.097217751108672, 3.362301866281491, 4.204768658321169, 4.20654162109446, 4.726675416188423, 3.3668713578038587, 2.8257111494276974, 4.099156681562684, 1.0860590453561907, 4.517163119702454, 5.938682773982795, 6.497098302319275, 5.7763575123082544, 3.397526413436694], [2.426571002464177, 3.8338619667379787, 4.357183901328931, 4.371638659587501, 5.014220239478917, 2.7602709196743715, 2.4263622586085534, 3.833880558911558, 4.359277488300097, 5.01417356101681, 4.369831390339907, 1.391104988848793, 0.0, 1.3993481268076216, 2.345333684148164, 2.7145671201869366, 3.5238107369721208, 4.783901104747045, 1.3919729056271175, 5.421894312876267, 4.0806596354021005, 4.449449558091428, 5.433948122682071, 4.473800086056596, 4.0964789868861775, 5.948035309242877, 5.189050242578116, 5.180871723947622, 3.845024876382466, 4.082995407785808, 5.423693806807313, 4.452668706517475, 5.181540108886546, 5.188296294546024, 5.947987378937517, 4.4708156090360065, 4.094142473094946, 5.4323375990451845, 2.1357598928718553, 3.7003552937522097, 4.948942095034048, 5.5705170944895235, 5.116891480185993, 2.13826892602404], [3.7079818082078018, 4.97088172661551, 5.298917263932322, 5.2870418146634695, 6.281218011659841, 4.1584873175230435, 3.6875503210125826, 4.939443027305812, 5.262277315003458, 6.257512804621339, 5.246487747055167, 2.3920028198143917, 1.3993481268076216, 0.0, 1.3857287216479277, 2.3310957702333894, 2.2420298682220987, 3.6102271452084564, 2.4229916322595915, 6.329401305020879, 4.772021665918964, 5.4413676451789215, 6.319145551417534, 5.421319194624127, 4.7586250587748555, 7.147209627539967, 6.490639424586765, 6.497838383647288, 5.243238011000455, 4.728398090262705, 6.2897911133836555, 5.413012677797827, 6.480550925654392, 6.471940016718325, 7.118042893942126, 5.386831173333725, 4.7100968323379515, 6.275919385237512, 2.5842465633139575, 2.304502492947231, 3.9680966419682875, 4.29337882558714, 4.011374061341077, 2.6368076949220245], [4.352083186245411, 5.450201965982545, 5.383745044111952, 5.8910229621008945, 6.818838316018353, 4.9368504879123085, 4.567572948514342, 5.808208394160802, 5.85619081400188, 7.094674868519346, 6.321854466056617, 3.343730928169909, 2.345333684148164, 1.3857287216479277, 0.0, 1.2231171243997854, 1.3683714188771996, 2.4533692689850013, 3.0508513303666565, 6.383629344659667, 4.697943925804139, 5.399840010592906, 6.83122160451555, 6.247235474992118, 5.282937444263371, 7.609264866595196, 7.220382817413491, 6.935671662499602, 5.994825526235106, 5.267771645582219, 6.895655236451429, 5.797659296647225, 7.150263555282421, 7.425204673946705, 7.954727216567517, 6.588218768377383, 5.790855893561849, 7.3083045407262555, 3.4916586502692386, 2.0274637185409756, 2.6500584314312765, 3.312437137516726, 2.888629604154884, 2.983564728642568], [4.207828211797625, 5.167230171958668, 4.818911908304613, 5.844359467041705, 6.473517193921709, 4.8258614795702535, 4.62594896859012, 5.868544931241475, 5.778921701321104, 7.019721603454086, 6.654314631124681, 3.6351158908623535, 2.7145671201869366, 2.3310957702333894, 1.2231171243997854, 0.0, 2.2941991587479933, 2.8315321665133877, 3.1005521992058123, 5.799181605192236, 4.152955587289611, 4.652476076241554, 6.703623704385562, 6.365199703072952, 5.33002136393467, 7.217143881758212, 7.02635541728427, 6.454410184517251, 5.802893000047476, 5.303547413759963, 6.830929917661284, 5.492174649444426, 6.888723696738025, 7.425649235588765, 7.900135404535797, 6.996654154665643, 6.263654062925251, 7.610155920873107, 3.93974385588708, 3.1507503027056907, 2.5956286502502626, 3.838205978057978, 3.1390687934481467, 3.030100587439301], [5.625599320961279, 6.676742940236655, 6.584671615198438, 6.9395151084207605, 8.095044025822219, 6.225685854586625, 5.768033104967412, 6.927110385290536, 6.917534416972567, 8.292931774107394, 7.25238790537296, 4.448424820090815, 3.5238107369721208, 2.2420298682220987, 1.3683714188771996, 2.2941991587479933, 0.0, 1.4370058072255656, 4.26704974660479, 7.53106142651884, 5.795236503370678, 6.666137362821141, 7.8536473023685, 7.