{"total energy": -52.94875573, "HOMO-LUMO gap/eV": 3.23988836, "electronic energy": -53.58980945, "dipole": [-0.29620522, 0.69738664, 0.49431358], "partial charges": [-0.38118233, 0.28006549, -0.17599448, 0.33894604, -0.42198158, -0.17782587, 0.27976691, -0.37754522, -0.02350909, -0.01048945, -0.11002452, -0.0593154, -0.05049725, -0.10176516, -0.0486683, -0.02706156, -0.08783739, 0.23336336, 0.23348806, 0.06329866, 0.04321673, 0.05749446, 0.03789115, 0.03587506, 0.02769627, 0.03201094, 0.0354815, 0.04052699, 0.03376549, 0.03154322, 0.06369948, 0.04440722, 0.04749538, 0.04980245, 0.04386272], "atomic dipole moments": [[-0.08190703, -0.10413323, 0.13178855], [-0.06465445, -0.05700433, -0.02877752], [0.05134175, -0.05693347, 0.0240739], [0.04812592, 0.06601353, 0.03944238], [0.11153448, 0.15749959, 0.09471496], [0.04352304, 0.00434743, -0.06749983], [-0.06460239, -0.0542759, -0.03532304], [-0.10620481, 0.07559886, -0.13455471], [-0.04318486, -0.01159608, -0.00348544], [-0.07094475, -0.11069402, 0.03826694], [-0.04050627, -0.00911788, -0.12160203], [0.02143899, 0.11173237, 0.04078736], [-0.09657599, 0.04911709, -0.04533153], [-0.01213206, -0.08850403, 0.05796446], [0.09426532, -0.0365122, -0.09824225], [-0.02296843, -0.17637963, -0.01807381], [0.00348324, 0.05010118, 0.04455215], [-0.02674144, -0.00636923, -0.13342197], [-0.01060038, -0.12688174, 0.04773106], [0.01795223, 0.11150799, -0.05808382], [0.10920328, 0.0623049, 0.00547329], [0.02139519, -0.10670347, 0.07213377], [-0.07413428, 0.07556566, 0.07006908], [0.00419243, -0.11135662, 0.05490797], [-0.03564367, -0.0322332, -0.11548306], [0.06478604, -0.08729548, -0.05471735], [0.05573492, 0.01004863, 0.11052144], [-0.05408217, -0.00713385, -0.11587304], [-0.04452878, 0.10133831, 0.0597166], [0.121241, 0.02110206, -0.01744748], [0.00269896, -0.01657792, 0.12911561], [-0.12262434, -0.02886702, -0.01556931], [-0.01418463, 0.05125538, -0.14520536], [0.00978394, 0.14316722, -0.05257311], [0.01340186, -0.02924305, 0.14882005]], "atomic quadrupole moments": [[0.0251343, -0.14443732, 0.08224119, -0.05686093, 0.04851449, -0.10737549], [0.08289987, -0.33347072, 0.22296465, -0.08318046, 0.16351324, -0.30586451], [0.02240682, 0.04503248, 0.07726196, -0.0453095, -0.02105926, -0.09966878], [0.25172409, -0.23027711, -0.13201427, -0.19128347, 0.04208418, -0.11970982], [0.10839589, -0.06386509, -0.03556197, -0.06310571, 0.06174314, -0.07283393], [0.039751, -0.00733967, -0.09113384, 0.0590054, 0.05450648, 0.05138284], [0.04125088, -0.15813704, -0.13937919, -0.30322626, 0.30148984, 0.09812831], [0.01617937, -0.08749426, -0.06118338, -0.11538999, 0.10632315, 0.04500401], [-0.06454451, 0.01391053, 0.00560889, -0.0153273, -0.03910117, 0.05893562], [0.11362749, 0.01557464, -0.12480363, 0.02660821, 0.12626206, 0.01117613], [-0.05600793, 0.00617767, -0.12673856, 0.07052465, 0.05047514, 0.18274648], [0.15830575, -0.01945814, -0.01910594, -0.07277454, 0.08682619, -0.13919981], [0.07500339, 0.1219912, 0.05464105, -0.03572921, -0.14098826, -0.12964444], [-0.09418445, 0.03093713, 0.12884957, -0.0271451, -0.1595488, -0.03466512], [-0.05181987, -0.08487209, 0.14572267, -0.10520571, 0.08158087, -0.0939028], [0.53862371, -0.05632505, -0.1621843, -0.1344505, -0.12642513, -0.37643941], [0.63617422, -0.08656327, -0.32712316, -0.10932548, -0.02674896, -0.30905106], [-0.01966631, 0.02566259, -0.00923291, 0.02714465, -0.01972955, 0.02889922], [-0.02105635, 0.02890156, 0.01459928, 0.01922469, -0.03016069, 0.00645706], [-0.01774147, 0.00289294, 0.01492933, 0.01206052, -0.02002252, 0.00281214], [0.05271563, 0.05366947, -0.02841312, -0.01720671, -0.01228336, -0.02430251], [-0.04906284, -0.00187986, 0.06399161, 0.00473351, -0.03677207, -0.01492876], [0.0362569, -0.05706091, -0.01484256, -0.02832048, 0.02841786, -0.02141434], [-0.01427324, 0.00158222, 0.0164064, -0.014797, -0.05191195, -0.00213315], [0.0041107, -0.00931884, -0.04917084, 0.03151172, 0.00365535, 0.04506014], [-0.01145298, -0.01515633, 0.02526452, -0.03210366, 0.03126553, -0.01381154], [-0.02971697, 0.02030595, -0.0214567, 0.01838867, 0.01328287, 0.05117368], [-0.02079717, 0.01396972, -0.02660934, 0.05263015, 0.0123999, 0.04740651], [-0.02627553, -0.03975815, 0.02454215, -0.03587856, 0.03909769, 0.00173338], [0.0803716, 0.01168327, -0.03001416, -0.0135789, -0.01233566, -0.05035744], [-0.0327474, -0.01238357, -0.0117835, 0.03373118, -0.0025083, 0.0445309], [0.03592987, 0.02766128, -0.01076457, 0.03449387, 0.01949275, -0.0251653], [-0.06049417, 0.01313556, 0.03119571, 0.01116066, 0.02258308, 0.02929846], [-0.06324022, 0.00601218, 0.04542494, 0.01079977, -0.00186693, 0.01781528], [-0.05803157, 0.00565549, 0.01303206, 0.01243652, -0.00737439, 0.0449995]], "number of molecular orbitals": 86, "number of electrons": 94, "number of unpaired electrons": 0, "orbital energies/eV": [-20.63179662, -20.29149986, -20.21144666, -19.79359969, -19.40031691, -18.69728472, -18.24233557, -18.10303507, -17.62701922, -17.21287719, -17.03929332, -16.93161628, -16.76505013, -16.56009723, -16.37011997, -16.06434322, -15.72747508, -15.65903155, -15.625238, -15.52262378, -15.2663, -15.21689445, -15.03659451, -14.83543543, -14.58993167, -14.48207841, -14.21958145, -13.89477454, -13.84709884, -13.65339498, -13.27781906, -13.1727992, -13.03128874, -12.94885649, -12.93754414, -12.74470602, -12.58947794, -12.51916388, -12.35156439, -12.3110761, -12.17310819, -11.97173826, -11.78438103, -11.748523, -11.50978563, -11.42296806, -11.33077898, -8.09089061, -7.16871037, -6.26038766, -5.85240772, -0.67120345, -0.15375958, 0.07051181, 1.21414396, 1.28517171, 2.1387161, 2.67478613, 2.84591524, 2.95402292, 3.26299274, 3.34281272, 3.47825643, 3.65659227, 3.92552029, 4.14043601, 4.2438468, 4.30026233, 4.52303038, 4.85689732, 5.39411908, 5.52983796, 5.69374167, 6.22121844, 6.43526219, 7.1232169, 7.31012149, 7.63938881, 7.7091519, 7.92927821, 10.58721504, 11.25102962, 14.09512637, 14.21367637, 14.7700834, 16.23831737], "fractional occupation": [2.0, 2.0, 2.0, 2.0, 2.0, 2.0, 2.0, 2.0, 2.0, 2.0, 2.0, 2.0, 2.0, 2.0, 2.0, 2.0, 2.0, 2.0, 2.0, 2.0, 2.0, 2.0, 2.0, 2.0, 2.0, 2.0, 2.0, 2.0, 2.0, 2.0, 2.0, 2.0, 2.0, 2.0, 2.0, 2.0, 2.0, 2.0, 2.0, 2.0, 2.0, 2.0, 2.0, 2.0, 2.0, 2.0, 2.0, 0.0, 0.0, 0.0, 0.0, 0.0, 0.0, 0.0, 0.0, 0.0, 0.0, 0.0, 0.0, 0.0, 0.0, 0.0, 0.0, 0.0, 0.0, 0.0, 0.0, 0.0, 0.0, 0.0, 0.0, 0.0, 0.0, 0.0, 0.0, 0.0, 0.0, 0.0, 0.0, 0.0, 0.0, 0.0, 0.0, 0.0, 0.0, 0.0], "program call": "xtb /home/svss/Project-DBcg-Debug/aqme2_20220329/End-to-End-workflows-final/example-3/QDESCP/mol_426_rdkit_conf_14/mol_426_rdkit_conf_14.xyz --pop --wbo --acc 0.2 --gfn 2 --chrg 0 --uhf 0 --etemp 300 --input /home/svss/Project-DBcg-Debug/aqme2_20220329/End-to-End-workflows-final/example-3/QDESCP/mol_426_rdkit_conf_14/mol_426_rdkit_conf_14_xtb.inp", "method": "GFN2-xTB", "xtb version": "6.3.3 (7355c4f)", "Dipole module/D": 2.299, "Total charge": 0, "Transition dipole module/D": NaN, "HOMO": -11.3308, "LUMO": -8.0909, "HOMO occupancy": 2.0, "LUMO occupancy": 0, "mulliken charges": [-0.50727, 0.47405, -0.32625, 0.57482, -0.53607, -0.32726, 0.47523, -0.50507, -0.05863, 0.00447, -0.09217, -0.05821, -0.03523, -0.08598, -0.03545, -0.02279, -0.07001, 0.28017, 0.28009, 0.04179, 0.03544, 0.04775, 0.02782, 0.03485, 0.03069, 0.02711, 0.02374, 0.03531, 0.02685, 0.02852, 0.0525, 0.0382, 0.04356, 0.04281, 0.03462], "cm5 charges": [-0.55494, 0.57245, -0.67008, 0.74273, -0.57315, -0.6706, 0.57383, -0.55347, -0.05888, -0.0587, -0.24006, -0.16488, -0.14805, -0.23662, -0.13202, -0.08638, -0.17248, 0.48309, 0.48303, 0.10667, 0.0877, 0.10422, 0.08168, 0.09432, 0.09087, 0.08134, 0.07888, 0.08704, 0.0788, 0.07931, 0.11096, 0.09943, 0.10145, 0.09499, 0.08749], "FUKUI+": [-0.131, -0.049, -0.031, -0.048, -0.135, -0.031, -0.05, -0.135, -0.004, 0.007, 0.014, 0.004, 0.006, 0.008, -0.002, -0.01, -0.027, -0.044, -0.045, -0.019, -0.032, -0.011, -0.009, -0.002, 0.004, -0.019, -0.014, -0.002, -0.001, -0.021, -0.034, -0.022, -0.023, -0.05, -0.041], "FUKUI-": [-0.036, 0.002, -0.015, -0.001, -0.072, -0.022, -0.004, -0.065, -0.01, -0.003, 0.015, 0.008, 0.007, 0.015, 0.011, -0.02, -0.027, -0.025, -0.027, -0.05, -0.036, -0.05, -0.033, -0.042, -0.039, -0.079, -0.059, -0.049, -0.054, -0.046, -0.026, -0.043, -0.035, -0.049, -0.041], "FUKUIrad": [-0.084, -0.024, -0.023, -0.024, -0.104, -0.027, -0.027, -0.1, -0.007, 0.002, 0.015, 0.006, 0.006, 0.011, 0.005, -0.015, -0.027, -0.035, -0.036, -0.035, -0.034, -0.031, -0.021, -0.022, -0.017, -0.049, -0.036, -0.025, -0.028, -0.033, -0.03, -0.033, -0.029, -0.05, -0.041], "s proportion": [1.73, 1.015, 1.431, 0.938, 1.72, 1.432, 1.015, 1.729, 1.115, 1.062, 1.013, 1.038, 1.027, 1.007, 1.039, 1.07, 1.052, 0.72, 0.72, 0.958, 0.965, 0.952, 0.972, 0.965, 0.969, 0.973, 0.976, 0.965, 0.973, 0.971, 0.948, 0.962, 0.956, 0.957, 0.965], "p proportion": [4.777, 2.511, 3.895, 2.487, 4.816, 3.895, 2.51, 4.776, 2.944, 2.933, 3.08, 3.02, 3.008, 3.079, 2.996, 2.953, 3.018, 0.0, 0.0, 0.0, 0.0, 0.0, 0.0, 0.0, 0.0, 0.0, 0.0, 0.0, 0.0, 0.0, 0.0, 0.0, 0.0, 0.0, 0.0], "d proportion": [0.0, 0.0, 0.0, 0.0, 0.0, 0.0, 0.0, 0.0, 0.0, 0.0, 0.0, 0.0, 0.0, 0.0, 0.0, 0.0, 0.0, 0.0, 0.0, 0.0, 0.0, 0.0, 0.0, 0.0, 0.0, 0.0, 0.0, 0.0, 0.0, 0.0, 0.0, 0.0, 0.0, 0.0, 0.0], "Fermi-level/eV": -9.7108, "Coordination numbers": [0.859, 2.767, 2.696, 2.707, 0.86, 2.697, 2.768, 0.859, 3.895, 3.842, 3.749, 3.798, 3.798, 3.749, 3.81, 2.882, 2.834, 0.86, 0.86, 0.924, 0.924, 0.924, 0.924, 0.924, 0.924, 0.924, 0.924, 0.924, 0.924, 0.924, 0.923, 0.923, 0.925, 0.925, 0.925], "Dispersion coefficient C6": [21.308, 22.26, 24.81, 21.24, 22.123, 24.85, 22.266, 21.237, 20.938, 20.734, 22.67, 21.645, 21.483, 22.509, 21.438, 28.675, 30.192, 0.951, 0.95, 2.161, 2.407, 2.229, 2.477, 2.505, 2.62, 2.558, 2.51, 2.442, 2.534, 2.565, 2.156, 2.391, 2.351, 2.322, 2.398], "Total dispersion C6": 11638.126663, "Total dispersion C8": 260451.087385, "Polarizability alpha": [6.189, 7.727, 7.398, 7.544, 6.306, 7.404, 7.728, 6.179, 6.505, 6.478, 6.791, 6.624, 6.6, 6.767, 6.591, 8.779, 9.004, 1.527, 1.527, 2.299, 2.426, 2.335, 2.461, 2.475, 2.531, 2.501, 2.478, 2.444, 2.489, 2.504, 2.296, 2.418, 2.398, 2.383, 2.422], "Total polarizability alpha": 162.525958, "Wiberg matrix": [[0.0, 1.7508545418831392, 0.1319057050927812, 0.0, 0.0, 0.0, 0.0, 0.0, 0.0, 0.0, 0.0, 0.0, 0.0, 0.0, 0.0, 0.0, 0.0, 0.0, 0.0, 0.0, 0.0, 0.0, 0.0, 0.0, 0.0, 0.0, 0.0, 0.0, 0.0, 0.0, 0.0, 0.0, 0.0, 0.0, 0.0], [1.7508545418831392, 0.0, 1.1373199008244914, 0.0, 0.0, 0.0, 0.0, 0.0, 0.9499738801027908, 0.0, 0.0, 0.0, 0.0, 0.0, 0.0, 0.0, 0.0, 0.0, 0.0, 0.0, 0.0, 0.0, 0.0, 0.0, 0.0, 0.0, 0.0, 0.0, 0.0, 0.0, 0.0, 0.0, 0.0, 0.0, 0.0], [0.1319057050927812, 1.1373199008244914, 0.0, 1.122532922248459, 0.11522376758165837, 0.0, 0.0, 0.0, 0.0, 0.0, 0.0, 0.0, 0.0, 0.0, 0.0, 0.0, 0.0, 0.9085160180445765, 0.0, 0.0, 0.0, 0.0, 0.0, 0.0, 0.0, 0.0, 0.0, 0.0, 0.0, 0.0, 0.0, 0.0, 0.0, 0.0, 0.0], [0.0, 0.0, 1.122532922248459, 0.0, 1.6529853544122275, 1.1227421517404221, 0.0, 0.0, 0.0, 0.0, 0.0, 0.0, 0.0, 0.0, 0.0, 0.0, 0.0, 0.0, 0.0, 0.0, 0.0, 0.0, 0.0, 0.0, 0.0, 0.0, 0.0, 0.0, 0.0, 0.0, 0.0, 0.0, 0.0, 0.0, 0.0], [0.0, 0.0, 0.11522376758165837, 1.6529853544122275, 0.0, 0.11529420749832842, 0.0, 0.0, 0.0, 0.0, 0.0, 0.0, 0.0, 0.0, 0.0, 0.0, 0.0, 0.0, 0.0, 0.0, 0.0, 0.0, 0.0, 0.0, 0.0, 0.0, 0.0, 0.0, 0.0, 0.0, 0.0, 0.0, 0.0, 0.0, 0.0], [0.0, 0.0, 0.0, 1.1227421517404221, 0.11529420749832842, 0.0, 1.1350522041239788, 0.13250565749460158, 0.0, 0.0, 0.0, 0.0, 0.0, 0.0, 0.0, 0.0, 0.0, 0.0, 0.9084785332909648, 0.0, 0.0, 0.0, 0.0, 0.0, 0.0, 0.0, 0.0, 0.0, 0.0, 0.0, 0.0, 0.0, 0.0, 0.0, 0.0], [0.0, 0.0, 0.0, 0.0, 0.0, 1.1350522041239788, 0.0, 1.7527052650575057, 0.9505103535450181, 0.0, 0.0, 0.0, 0.0, 0.0, 0.0, 0.0, 0.0, 0.0, 0.0, 0.0, 0.0, 0.0, 0.0, 0.0, 0.0, 0.0, 0.0, 0.0, 0.0, 0.0, 0.0, 0.0, 0.0, 0.0, 0.0], [0.0, 0.0, 0.0, 0.0, 0.0, 0.13250565749460158, 1.7527052650575057, 0.0, 0.0, 0.0, 0.0, 0.0, 0.0, 0.0, 0.0, 0.0, 0.0, 0.0, 0.0, 0.0, 0.0, 0.0, 0.0, 0.0, 0.0, 0.0, 0.0, 0.0, 0.0, 0.0, 0.0, 0.0, 0.0, 0.0, 0.0], [0.0, 0.9499738801027908, 0.0, 0.0, 0.0, 0.0, 0.9505103535450181, 0.0, 0.0, 0.9554491044623323, 0.0, 0.0, 0.0, 0.0, 0.9140823773073125, 0.0, 0.0, 0.0, 0.0, 0.0, 0.0, 0.0, 0.0, 0.0, 0.0, 0.0, 0.0, 0.0, 0.0, 0.0, 0.0, 0.0, 0.0, 0.0, 0.0], [0.0, 0.0, 0.0, 0.0, 0.0, 0.0, 0.0, 0.0, 0.9554491044623323, 0.0, 1.0105164641377364, 0.993259181309589, 0.0, 0.0, 0.0, 0.0, 0.0, 0.0, 0.0, 0.9606100436307747, 0.0, 0.0, 0.0, 0.0, 0.0, 0.0, 0.0, 0.0, 0.0, 0.0, 0.0, 0.0, 0.0, 0.0, 0.0], [0.0, 0.0, 0.0, 0.0, 0.0, 0.0, 0.0, 0.0, 0.0, 1.0105164641377364, 0.0, 0.0, 0.0, 0.0, 0.0, 0.0, 0.0, 0.0, 0.0, 0.0, 0.9819385811991497, 0.9836020430343555, 0.9818126488920119, 0.0, 0.0, 0.0, 0.0, 0.0, 0.0, 0.0, 0.0, 0.0, 0.0, 0.0, 0.0], [0.0, 0.0, 0.0, 0.0, 0.0, 0.0, 0.0, 0.0, 0.0, 0.993259181309589, 0.0, 0.0, 1.0060299474767336, 0.0, 0.0, 0.0, 0.0, 0.0, 0.0, 0.0, 0.0, 0.0, 0.0, 0.9762346286564985, 0.9761184358361372, 0.0, 0.0, 0.0, 0.0, 0.0, 0.0, 0.0, 0.0, 0.0, 0.0], [0.0, 0.0, 0.0, 0.0, 0.0, 0.0, 0.0, 0.0, 0.0, 0.0, 0.0, 1.0060299474767336, 0.0, 1.02157367360086, 0.0, 0.0, 0.0, 0.0, 0.0, 0.0, 0.0, 0.0, 0.0, 0.0, 0.0, 0.9767902367737955, 0.9758726306802117, 0.0, 0.0, 0.0, 0.0, 0.0, 0.0, 0.0, 0.0], [0.0, 0.0, 0.0, 0.0, 0.0, 0.0, 0.0, 0.0, 0.0, 0.0, 0.0, 0.0, 1.02157367360086, 0.0, 0.0, 0.0, 0.0, 0.0, 0.0, 0.0, 0.0, 0.0, 0.0, 0.0, 0.0, 0.0, 0.0, 0.9867755987110094, 0.9853135499559407, 0.9868990522215353, 0.0, 0.0, 0.0, 0.0, 0.0], [0.0, 0.0, 0.0, 0.0, 0.0, 0.0, 0.0, 0.0, 0.9140823773073125, 0.0, 0.0, 0.0, 0.0, 0.0, 0.0, 1.0206073705847025, 0.0, 0.0, 0.0, 0.0, 0.0, 0.0, 0.0, 0.0, 0.0, 0.0, 0.0, 0.0, 0.0, 0.0, 0.9651475393525506, 0.9589268973209053, 0.0, 0.0, 0.0], [0.0, 0.0, 0.0, 0.0, 0.0, 0.0, 0.0, 0.0, 0.0, 0.0, 0.0, 0.0, 0.0, 0.0, 1.0206073705847025, 0.0, 1.9758056726406181, 0.0, 0.0, 0.0, 0.0, 0.0, 0.0, 0.0, 0.0, 0.0, 0.0, 0.0, 0.0, 0.0, 0.0, 0.0, 0.9658628505609617, 0.0, 0.0], [0.0, 0.0, 0.0, 0.0, 0.0, 0.0, 0.0, 0.0, 0.0, 0.0, 0.0, 0.0, 0.0, 0.0, 0.0, 1.9758056726406181, 0.0, 0.0, 0.0, 0.0, 0.0, 0.0, 0.0, 0.0, 0.0, 0.0, 0.0, 0.0, 0.0, 0.0, 0.0, 0.0, 0.0, 0.9760030124472894, 0.9748326635184383], [0.0, 0.0, 0.9085160180445765, 0.0, 0.0, 0.0, 0.0, 0.0, 0.0, 0.0, 0.0, 0.0, 0.0, 0.0, 0.0, 0.0, 0.0, 0.0, 0.0, 0.0, 0.0, 0.0, 0.0, 0.0, 0.0, 0.0, 0.0, 0.0, 0.0, 0.0, 0.0, 0.0, 0.0, 0.0, 0.0], [0.0, 0.0, 0.0, 0.0, 0.0, 0.9084785332909648, 0.0, 0.0, 0.0, 0.0, 0.0, 0.0, 0.0, 0.0, 0.0, 0.0, 0.0, 0.0, 0.0, 0.0, 0.0, 0.0, 0.0, 0.0, 0.0, 0.0, 0.0, 0.0, 0.0, 0.0, 0.0, 0.0, 0.0, 0.0, 0.0], [0.0, 0.0, 0.0, 0.0, 0.0, 0.0, 0.0, 0.0, 0.0, 0.9606100436307747, 0.0, 0.0, 0.0, 0.0, 0.0, 0.0, 0.0, 0.0, 0.0, 0.0, 0.0, 0.0, 0.0, 0.0, 0.0, 0.0, 0.0, 0.0, 0.0, 0.0, 0.0, 0.0, 0.0, 0.0, 0.0], [0.0, 0.0, 0.0, 0.0, 0.0, 0.0, 0.0, 0.0, 0.0, 0.0, 0.9819385811991497, 0.0, 0.0, 0.0, 0.0, 0.0, 0.0, 0.0, 0.0, 0.0, 0.0, 0.0, 0.0, 0.0, 0.0, 0.0, 0.0, 0.0, 0.0, 0.0, 0.0, 0.0, 0.0, 0.0, 0.0], [0.0, 0.0, 0.0, 0.0, 0.0, 0.0, 0.0, 0.0, 0.0, 0.0, 0.9836020430343555, 0.0, 0.0, 0.0, 0.0, 0.0, 0.0, 0.0, 0.0, 0.0, 0.0, 0.0, 0.0, 0.0, 0.0, 0.0, 0.0, 0.0, 0.0, 0.0, 0.0, 0.0, 0.0, 0.0, 0.0], [0.0, 0.0, 0.0, 0.0, 0.0, 0.0, 0.0, 0.0, 0.0, 0.0, 0.9818126488920119, 0.0, 0.0, 0.0, 0.0, 0.0, 0.0, 0.0, 0.0, 0.0, 0.0, 0.0, 0.0, 0.0, 0.0, 0.0, 0.0, 0.0, 0.0, 0.0, 0.0, 0.0, 0.0, 0.0, 0.0], [0.0, 0.0, 0.0, 0.0, 0.0, 0.0, 0.0, 0.0, 0.0, 0.0, 0.0, 0.9762346286564985, 0.0, 0.0, 0.0, 0.0, 0.0, 0.0, 0.0, 0.0, 0.0, 0.0, 0.0, 0.0, 0.0, 0.0, 0.0, 0.0, 0.0, 0.0, 0.0, 0.0, 0.0, 0.0, 0.0], [0.0, 0.0, 0.0, 0.0, 0.0, 0.0, 0.0, 0.0, 0.0, 0.0, 0.0, 0.9761184358361372, 0.0, 0.0, 0.0, 0.0, 0.0, 0.0, 0.0, 0.0, 0.0, 0.0, 0.0, 0.0, 0.0, 0.0, 0.0, 0.0, 0.0, 0.0, 0.0, 0.0, 0.0, 0.0, 0.0], [0.0, 0.0, 0.0, 0.0, 0.0, 0.0, 0.0, 0.0, 0.0, 0.0, 0.0, 0.0, 0.9767902367737955, 0.0, 0.0, 0.0, 0.0, 0.0, 0.0, 0.0, 0.0, 0.0, 0.0, 0.0, 0.0, 0.0, 0.0, 0.0, 0.0, 0.0, 0.0, 0.0, 0.0, 0.0, 0.0], [0.0, 0.0, 0.0, 0.0, 0.0, 0.0, 0.0, 0.0, 0.0, 0.0, 0.0, 0.0, 0.9758726306802117, 0.0, 0.0, 0.0, 0.0, 0.0, 0.0, 0.0, 0.0, 0.0, 0.0, 0.0, 0.0, 0.0, 0.0, 0.0, 0.0, 0.0, 0.0, 0.0, 0.0, 0.0, 0.0], [0.0, 0.0, 0.0, 0.0, 0.0, 0.0, 0.0, 0.0, 0.0, 0.0, 0.0, 0.0, 0.0, 0.9867755987110094, 0.0, 0.0, 0.0, 0.0, 0.0, 0.0, 0.0, 0.0, 0.0, 0.0, 0.0, 0.0, 0.0, 0.0, 0.0, 0.0, 0.0, 0.0, 0.0, 0.0, 0.0], [0.0, 0.0, 0.0, 0.0, 0.0, 0.0, 0.0, 0.0, 0.0, 0.0, 0.0, 0.0, 0.0, 0.9853135499559407, 0.0, 0.0, 0.0, 0.0, 0.0, 0.0, 0.0, 0.0, 0.0, 0.0, 0.0, 0.0, 0.0, 0.0, 0.0, 0.0, 0.0, 0.0, 0.0, 0.0, 0.0], [0.0, 0.0, 0.0, 0.0, 0.0, 0.0, 0.0, 0.0, 0.0, 0.0, 0.0, 0.0, 0.0, 0.9868990522215353, 0.0, 0.0, 0.0, 0.0, 0.0, 0.0, 0.0, 0.0, 0.0, 0.0, 0.0, 0.0, 0.0, 0.0, 0.0, 0.0, 0.0, 0.0, 0.0, 0.0, 0.0], [0.0, 0.0, 0.0, 0.0, 0.0, 0.0, 0.0, 0.0, 0.0, 0.0, 0.0, 0.0, 0.0, 0.0, 0.9651475393525506, 0.0, 0.0, 0.0, 0.0, 0.0, 0.0, 0.0, 0.0, 0.0, 0.0, 0.0, 0.0, 0.0, 0.0, 0.0, 0.0, 0.0, 0.0, 0.0, 0.0], [0.0, 0.0, 0.0, 0.0, 0.0, 0.0, 0.0, 0.0, 0.0, 0.0, 0.0, 0.0, 0.0, 0.0, 0.9589268973209053, 0.0, 0.0, 0.0, 0.0, 0.0, 0.0, 0.0, 0.0, 0.0, 0.0, 0.0, 0.0, 0.0, 0.0, 0.0, 0.0, 0.0, 0.0, 0.0, 0.0], [0.0, 0.0, 0.0, 0.0, 0.0, 0.0, 0.0, 0.0, 0.0, 0.0, 0.0, 0.0, 0.0, 0.0, 0.0, 0.9658628505609617, 0.0, 0.0, 0.0, 0.0, 0.0, 0.0, 0.0, 0.0, 0.0, 0.0, 0.0, 0.0, 0.0, 0.0, 0.0, 0.0, 0.0, 0.0, 0.0], [0.0, 0.0, 0.0, 0.0, 0.0, 0.0, 0.0, 0.0, 0.0, 0.0, 0.0, 0.0, 0.0, 0.0, 0.0, 0.0, 0.9760030124472894, 0.0, 0.0, 0.0, 0.0, 0.0, 0.0, 0.0, 0.0, 0.0, 0.0, 0.0, 0.0, 0.0, 0.0, 0.0, 0.0, 0.0, 0.0], [0.0, 0.0, 0.0, 0.0, 0.0, 0.0, 0.0, 0.0, 0.0, 0.0, 0.0, 0.0, 0.0, 0.0, 0.0, 0.0, 0.9748326635184383, 0.0, 0.0, 0.0, 0.0, 0.0, 0.0, 0.0, 0.0, 0.0, 0.0, 0.0, 0.0, 0.0, 0.0, 0.0, 0.0, 0.0, 0.0]], "Born radii": [], "Atomic SASAs": [], "Solvent H bonds": [], "Total SASA": NaN, "Total FOD": 0.0, "FOD": [0.0, 0.0, 0.0, 0.0, 0.0, 0.0, 0.0, 0.0, 0.0, 0.0, 0.0, 0.0, 0.0, 0.0, 0.0, 0.0, 0.0, 0.0, 0.0, 0.0, 0.0, 0.0, 0.0, 0.0, 0.0, 0.0, 0.0, 0.0, 0.0, 0.0, 0.0, 0.0, 0.0, 0.0, 0.0], "FOD s proportion": [0.0, 0.0, 0.0, 0.0, 0.0, 0.0, 0.0, 0.0, 0.0, 0.0, 0.0, 0.0, 0.0, 0.0, 0.0, 0.0, 0.0, 0.0, 0.0, 0.0, 0.0, 0.0, 0.0, 0.0, 0.0, 0.0, 0.0, 0.0, 0.0, 0.0, 0.0, 0.0, 0.0, 0.0, 0.0], "FOD p proportion": [0.0, 0.0, 0.0, 0.0, 0.0, 0.0, 0.0, 0.0, 0.0, 0.0, 0.0, 0.0, 0.0, 0.0, 0.0, 0.0, 0.0, 0.0, 0.0, 0.0, 0.0, 0.0, 0.0, 0.0, 0.0, 0.0, 0.0, 0.0, 0.0, 0.0, 0.0, 0.0, 0.0, 0.0, 0.0], "FOD d proportion": [0.0, 0.0, 0.0, 0.0, 0.0, 0.0, 0.0, 0.0, 0.0, 0.0, 0.0, 0.0, 0.0, 0.0, 0.0, 0.0, 0.0, 0.0, 0.0, 0.0, 0.0, 0.0, 0.0, 0.0, 0.0, 0.0, 0.0, 0.0, 0.0, 0.0, 0.0, 0.0, 0.0, 0.0, 0.0], "coordinates": [["-0.75570", "0.35800", "-2.17520"], ["-1.28100", "-0.32750", "-1.30040"], ["-2.35640", "-1.11060", "-1.61600"], ["-2.67420", "-2.25300", "-0.95390"], ["-3.30730", "-3.15290", "-1.49530"], ["-2.18300", "-2.38910", "0.30540"], ["-1.09190", "-1.70920", "0.77390"], ["-0.41770", "-2.20640", "1.67160"], ["-0.84980", "-0.32510", "0.17020"], ["0.65810", "0.12300", "0.28600"], ["1.13350", "0.39390", "1.72390"], ["1.61790", "-0.88070", "-0.41590"], ["3.08190", "-0.43620", "-0.53260"], ["3.27100", "0.84290", "-1.33260"], ["-1.83950", "0.63050", "0.91260"], ["-1.73730", "2.09100", "0.54930"], ["-1.54520", "3.07390", "1.43810"], ["-2.61330", "-1.10830", "-2.59460"], ["-2.31710", "-3.30740", "0.70880"], ["0.74400", "1.07860", "-0.24690"], ["2.09400", "0.92000", "1.71800"], ["1.27460", "-0.52980", "2.29180"], ["0.44390", "1.03050", "2.28100"], ["1.60840", "-1.83610", "0.12170"], ["1.25680", "-1.10090", "-1.42680"], ["3.64140", "-1.23890", "-1.02900"], ["3.53140", "-0.32120", "0.45930"], ["2.79440", "0.76690", "-2.31500"], ["2.85460", "1.70890", "-0.81020"], ["4.33780", "1.03390", "-1.48770"], ["-1.72880", "0.50420", "1.99810"], ["-2.87610", "0.33120", "0.70260"], ["-1.84210", "2.35890", "-0.50170"], ["-1.48550", "4.10940", "1.11490"], ["-1.44160", "2.87760", "2.50090"]], "bond_dist": [[0.0, 1.229278398085641, 2.243152043442441, 3.462591073170495, 4.393102022489348, 3.967003914795144, 3.6171172347602996, 4.635543290704985, 2.444663899189416, 2.848080209544668, 4.332821974187262, 3.2036683879577796, 4.249242539559257, 4.142392504338526, 3.2838068655144745, 3.3748670803455356, 4.588611985121426, 2.4034578860466853, 4.918392330833318, 2.5469011248966846, 4.857328517817176, 4.986421154495476, 4.6635839061820255, 3.959645593989442, 2.5958906024715294, 4.816466802543125, 5.077512117169195, 3.5763044137768807, 4.089305796831535, 5.183940519527591, 4.287741939529477, 3.5747093923842255, 2.825680098666514, 5.042853161653628, 5.355814987469227], [1.229278398085641, 0.0, 1.3672359452559752, 2.401794899653174, 3.4823501920398527, 2.764487692141168, 2.4995147909144286, 3.6205436194030307, 1.5325154354850719, 2.54553020410287, 3.9365744880543034, 3.080907609779949, 4.431278476918371, 4.7001677629633605, 2.475288922530055, 3.078756572059571, 4.374780663073293, 2.014851252574244, 3.7403464892974823, 2.680970805510571, 4.6965540356733895, 4.413152783441788, 4.200698747827556, 3.5562444699429765, 2.6560409183595044, 5.013414971853018, 5.1240391821296605, 4.3400471979000415, 4.635774839225909, 5.784410487681523, 3.4310861224982387, 2.6439059552109643, 2.858233695833845, 5.055845720549629, 4.974770352488646], [2.243152043442441, 1.3672359452559752, 0.0, 1.3581056696737557, 2.256051548613196, 2.3143914470115035, 2.7692786461459593, 3.970849920357102, 2.4652310743619954, 3.771814312767796, 5.059432208262109, 4.157902657590723, 5.586025224611862, 5.963565088937992, 3.11326721949787, 3.9143392111568462, 5.243625892452664, 1.0117612663074227, 3.1987762925844, 4.0347876784286925, 5.919877745359274, 5.365854123995545, 5.254769100540956, 4.3892585455860305, 3.618163203892273, 6.027821723475239, 6.292552049049734, 5.526694119453328, 5.97941593217933, 7.030480408905212, 4.007889670387646, 2.77934907667245, 3.6801629352516447, 5.955223053757096, 5.8044348467357265], [3.462591073170495, 2.401794899653174, 1.3581056696737557, 0.0, 1.2262746755927074, 1.3585422849510427, 2.4051371208311596, 3.462255631809991, 2.882504914132845, 4.276324508266415, 5.354929667138495, 4.538146504907042, 6.050697739930495, 6.713673624775039, 3.5348435029008005, 4.691239479071602, 5.94745059752496, 2.0014852959739673, 2.000962533382372, 4.825297793919045, 6.320024513401827, 5.394164269838285, 5.564934668978604, 4.435243367618061, 4.12355790792369, 6.39694006381176, 6.65119965419773, 6.393588599526874, 6.803302928725135, 7.762525236673952, 4.148522267024729, 3.0761738409914354, 4.7081309306347885, 6.795077254159809, 6.3069804312364885], [4.393102022489348, 3.4823501920398527, 2.256051548613196, 1.2262746755927074, 0.0, 2.2560942843773173, 3.484470618329275, 4.390319580622805, 4.09995723636235, 5.4432478962472395, 6.531748886783692, 5.530424236891777, 7.009217275844715, 7.698501141131305, 4.718742926882116, 5.843267610678121, 7.105129851733886, 2.422908510447722, 2.421244122347022, 5.9897517895151555, 7.489182397965749, 6.497429309349968, 6.769991040614456, 5.339733863218278, 5.0046383545666915, 7.22255241448617, 7.655508065438896, 7.298457578146221, 7.878798947809241, 8.71647325527934, 5.29810213378338, 4.141938031887971, 5.7891269842697355, 7.9292559909489615, 7.471103076520897], [3.967003914795144, 2.764487692141168, 2.3143914470115035, 1.3585422849510427, 2.2560942843773173, 0.0, 1.368303866105771, 2.239679847656803, 2.460852957817675, 3.79247570592087, 4.555919610792095, 4.152395099216836, 5.677608160132222, 6.547899205088607, 3.099139921010344, 4.508817107623684, 5.615529105079948, 3.1993134779199117, 1.0119235445427681, 4.571357301721229, 5.589124311553644, 4.3997476302624445, 4.743127990050448, 3.835918227751994, 4.061058989968011, 6.084999487263741, 6.079001807862865, 6.4499103032522855, 6.589050092388128, 7.579773693851288, 3.382708355741003, 2.835169755058769, 4.828159817156015, 6.5857648568712195, 5.7539571687665525], [3.6171172347602996, 2.4995147909144286, 2.7692786461459593, 2.4051371208311596, 3.484470618329275, 1.368303866105771, 0.0, 1.2278512817112666, 1.5293132151393973, 2.580213799280982, 3.2059218284293833, 3.0732803858418123, 4.5550057837504445, 5.475897467082451, 2.460150308416134, 3.8611535012221414, 4.850225576197462, 3.7446670105631554, 2.014843986516077, 3.4906146006111873, 4.237213265815163, 3.0488238748737193, 3.483674516943281, 2.7808431347345004, 3.275591712958134, 5.0868221307610115, 4.8373980661095075, 5.547585250358934, 5.4559731185188225, 6.490075058117586, 2.6083417740012522, 2.711399175702464, 4.32890205594906, 5.841858259150079, 4.913608992380245], [4.635543290704985, 3.6205436194030307, 3.970849920357102, 3.462255631809991, 4.390319580622805, 2.239679847656803, 1.2278512817112666, 0.0, 2.445445166017836, 2.916048243771011, 3.028286119243028, 3.2029367930073174, 4.498811603079195, 5.650659768558004, 3.2627592387425706, 4.633416472755282, 5.404382165428348, 4.92208750531723, 2.397270364393637, 3.977614126583925, 4.010631722060753, 2.4616081918128234, 3.404591683300657, 2.5776720718508783, 3.6913633064221676, 4.9704717502466504, 4.540819434859748, 5.920395160797969, 5.674227050444845, 6.564716355639441, 3.028685823917694, 3.663619155971319, 5.25300983627482, 6.429575520203492, 5.251967793122878], [2.444663899189416, 1.5325154354850719, 2.4652310743619954, 2.882504914132845, 4.09995723636235, 2.460852957817675, 1.5293132151393973, 2.445445166017836, 0.0, 1.5773286467949537, 2.6200044999961354, 2.5964876005866078, 3.9955645333294267, 4.539121553781084, 1.5632770739699344, 2.6017133335554097, 3.6938262777234123, 3.371565442046172, 3.367071804996145, 2.164380867592393, 3.5513261311797315, 3.00934611003786, 2.822549856069862, 2.885865639630508, 2.7550023956432415, 4.737508682841647, 4.390729718395337, 4.544103506743657, 4.338308370782326, 5.613083570551929, 2.19125486879094, 2.195466041641273, 2.939381720702502, 4.578358093246967, 4.004956556568374], [2.848080209544668, 2.54553020410287, 3.771814312767796, 4.276324508266415, 5.4432478962472395, 3.79247570592087, 2.580213799280982, 2.916048243771011, 1.5773286467949537, 0.0, 1.538488992485809, 1.5560505583045816, 2.6187052220515388, 3.156797171184744, 2.6245360675746103, 3.111316771079409, 3.858714307901014, 4.529460675400549, 4.560506445560624, 1.0975119953786383, 2.1789083987171187, 2.197601813341079, 2.20214960663439, 2.183606509882218, 2.188619825369404, 3.533281123828105, 2.9125932465759785, 3.426891579843167, 2.922558040484397, 4.185205202854455, 2.9620755324603047, 3.5647541906841207, 3.4453911447033123, 4.6014651068980195, 4.1112459498307805], [4.332821974187262, 3.9365744880543034, 5.059432208262109, 5.354929667138495, 6.531748886783692, 4.555919610792095, 3.2059218284293833, 3.028286119243028, 2.6200044999961354, 1.538488992485809, 0.0, 2.537319956174231, 3.0946923627397926, 3.7566873039953697, 3.090779230226578, 3.535721455375126, 3.79993622709645, 5.911392165133354, 5.16107450634071, 2.1223988739160227, 1.0951603855143774, 1.0934538444762996, 1.0914064916427795, 2.7866601604788483, 3.489489994254175, 4.066209126446893, 2.803659319532243, 4.382970570286777, 3.3336276066771466, 4.581649599216422, 2.877518552503181, 4.1381006681809955, 4.203417147988051, 4.586390983115155, 3.6610974720703626], [3.2036683879577796, 3.080907609779949, 4.157902657590723, 4.538146504907042, 5.530424236891777, 4.152395099216836, 3.0732803858418123, 3.2029367930073174, 2.5964876005866078, 1.5560505583045816, 2.537319956174231, 0.0, 1.534436424228779, 2.558099970681365, 4.000281546341458, 4.584755061069239, 5.39271534294181, 4.764618441176586, 4.757945773125204, 2.152003415424799, 2.8324408043240727, 2.751840291514026, 3.5077387374204485, 1.096308884393445, 1.0958102299212213, 2.1444698878743904, 2.1772683665547525, 2.7758456044960425, 2.8967097783519837, 3.4946107665947577, 4.352671007553868, 4.787042913950114, 4.740671872213896, 6.072523216093949, 5.656242691045001], [4.249242539559257, 4.431278476918371, 5.586025224611862, 6.050697739930495, 7.009217275844715, 5.677608160132222, 4.5550057837504445, 4.498811603079195, 3.9955645333294267, 2.6187052220515388, 3.0946923627397926, 1.534436424228779, 0.0, 1.5204787469741232, 5.238953129204345, 5.548147086190128, 6.133067332909366, 6.094166509868269, 6.239716692286598, 2.8003606803410164, 2.807209505897271, 3.3544492260280228, 4.126329828067552, 2.1351886918958707, 2.1383193727785383, 1.0971693123670567, 1.0950529028316394, 2.1695749860283695, 2.174897942433162, 2.15654696911521, 5.516487028898011, 6.132893754175105, 5.662094561202594, 6.651156167915469, 6.375378023301835], [4.142392504338526, 4.7001677629633605, 5.963565088937992, 6.713673624775039, 7.698501141131305, 6.547899205088607, 5.475897467082451, 5.650659768558004, 4.539121553781084, 3.156797171184744, 3.7566873039953697, 2.558099970681365, 1.5204787469741232, 0.0, 5.585986667545851, 5.4938483879699485, 5.987480432535876, 6.326516571542352, 7.253906923858342, 2.760439816406074, 3.270693163535828, 4.359609341443336, 4.591926951727347, 3.4722137391007486, 2.8007559193903346, 2.1361789157278004, 2.1526361931362206, 1.094547084414371, 1.0937306432572875, 1.0948055763467774, 6.01716546390408, 6.495437963678816, 5.397447769084941, 6.267740482023805, 6.406584511266514], [3.2838068655144745, 2.475288922530055, 3.11326721949787, 3.5348435029008005, 4.718742926882116, 3.099139921010344, 2.460150308416134, 3.2627592387425706, 1.5632770739699344, 2.6245360675746103, 3.090779230226578, 4.000281546341458, 5.238953129204345, 5.585986667545851, 0.0, 1.5084733938654669, 2.516538555238127, 3.9903187491728023, 3.9719884957033798, 2.867002983953801, 4.0255312270556285, 3.5980699743056688, 2.69192015483372, 4.31249959768114, 4.249424903442818, 6.107759960083565, 5.473370130915686, 5.648808363717077, 5.115228363426212, 6.639518577427131, 1.0984154177723473, 1.0991906340576234, 2.2332975193645828, 3.502711306973499, 2.7803740234004493], [3.3748670803455356, 3.078756572059571, 3.9143392111568462, 4.691239479071602, 5.843267610678121, 4.508817107623684, 3.8611535012221414, 4.633416472755282, 2.6017133335554097, 3.111316771079409, 3.535721455375126, 4.584755061069239, 5.548147086190128, 5.4938483879699485, 1.5084733938654669, 0.0, 1.339014660113921, 4.570230158318069, 5.431788918026915, 2.795664123245137, 4.17324338854086, 4.356195645285, 2.980113853529761, 5.1767426688990446, 4.801857102205354, 6.5199446769125275, 5.795343693863203, 5.522115553843473, 4.804142615493424, 6.494125762564195, 2.148727048743046, 2.1017284244164376, 1.0896579509185442, 2.1112188801732517, 2.1248342547125882], [4.588611985121426, 4.374780663073293, 5.243625892452664, 5.94745059752496, 7.105129851733886, 5.615529105079948, 4.850225576197462, 5.404382165428348, 3.6938262777234123, 3.858714307901014, 3.79993622709645, 5.39271534294181, 6.133067332909366, 5.987480432535876, 2.516538555238127, 1.339014660113921, 0.0, 5.907140064362787, 6.469056947500153, 3.472878306246852, 4.238089883426258, 4.654753422040741, 2.973631244791459, 5.982156962166741, 5.786865390692962, 7.182454024217629, 6.185193692197521, 6.183860992131049, 5.126043106529636, 6.879796119072133, 2.6364117755009366, 3.1360258847783764, 2.088587716616183, 1.0864081093217226, 1.0857303947113206], [2.4034578860466853, 2.014851252574244, 1.0117612663074227, 2.0014852959739673, 2.422908510447722, 3.1993134779199117, 3.7446670105631554, 4.92208750531723, 3.371565442046172, 4.529460675400549, 5.911392165133354, 4.764618441176586, 6.094166509868269, 6.326516571542352, 3.9903187491728023, 4.570230158318069, 5.907140064362787, 0.0, 3.9794756953649055, 4.6438874006590645, 6.698596341025484, 6.271150900751792, 6.1394146821989475, 5.072546640495284, 4.042460341178377, 6.448986882449056, 6.906748128461034, 5.730424983367289, 6.404578800358381, 7.357447903994971, 4.947260837069337, 3.6073192165373995, 4.122675792492056, 6.5005166240845815, 6.574526595124548], [4.918392330833318, 3.7403464892974823, 3.1987762925844, 2.000962533382372, 2.421244122347022, 1.0119235445427681, 2.014843986516077, 2.397270364393637, 3.367071804996145, 4.560506445560624, 5.16107450634071, 4.757945773125204, 6.239716692286598, 7.253906923858342, 3.9719884957033798, 5.431788918026915, 6.469056947500153, 3.9794756953649055, 0.0, 5.433294737081727, 6.19251149453919, 4.808457096616335, 5.3770168541673735, 4.2330792988083745, 4.711920077845124, 6.5423515145549915, 6.571498530776675, 7.20213296044998, 7.363226709805966, 8.243736528419623, 4.066532422101169, 3.6812945277442823, 5.813595353995667, 7.474315889096473, 6.498641985830578], [2.5469011248966846, 2.680970805510571, 4.0347876784286925, 4.825297793919045, 5.9897517895151555, 4.571357301721229, 3.4906146006111873, 3.977614126583925, 2.164380867592393, 1.0975119953786383, 2.1223988739160227, 2.152003415424799, 2.8003606803410164, 2.760439816406074, 2.867002983953801, 2.795664123245137, 3.472878306246852, 4.6438874006590645, 5.433294737081727, 0.0, 2.3892438071490316, 3.051800224457689, 2.5461052668733086, 3.062438474484018, 2.530878918478717, 3.7917559810726216, 3.1980864966413898, 2.928879420529291, 2.273591286929117, 3.802233707966937, 3.3889084083226564, 3.81644874457918, 2.896895638437809, 4.001364533506039, 3.9450796189684185], [4.857328517817176, 4.6965540356733895, 5.919877745359274, 6.320024513401827, 7.489182397965749, 5.589124311553644, 4.237213265815163, 4.010631722060753, 3.5513261311797315, 2.1789083987171187, 1.0951603855143774, 2.8324408043240727, 2.807209505897271, 3.270693163535828, 4.0255312270556285, 4.17324338854086, 4.238089883426258, 6.698596341025484, 6.19251149453919, 2.3892438071490316, 0.0, 1.7614150107229132, 1.7470000744132783, 3.221811332154631, 3.83075810904317, 3.82116539422203, 2.278381418902463, 4.096228603239814, 2.755480141463553, 3.9146039569795565, 3.855534397460357, 5.106820597005538, 4.742402820301118, 4.832061901507472, 4.1165030705685135], [4.986421154495476, 4.413152783441788, 5.365854123995545, 5.394164269838285, 6.497429309349968, 4.3997476302624445, 3.0488238748737193, 2.4616081918128234, 3.00934611003786, 2.197601813341079, 1.0934538444762996, 2.751840291514026, 3.3544492260280228, 4.359609341443336, 3.5980699743056688, 4.356195645285, 4.654753422040741, 6.271150900751792, 4.808457096616335, 3.051800224457689, 1.7614150107229132, 0.0, 1.767686403183551, 2.554833877182624, 3.762241088766109, 4.13911556857259, 2.914569685219415, 5.021337388584838, 4.138910688816564, 5.110085339796195, 3.189957248929835, 4.527161155735458, 5.085474297447584, 5.524981652458223, 4.362549714329912], [4.6635839061820255, 4.200698747827556, 5.254769100540956, 5.564934668978604, 6.769991040614456, 4.743127990050448, 3.483674516943281, 3.404591683300657, 2.822549856069862, 2.20214960663439, 1.0914064916427795, 3.5077387374204485, 4.126329828067552, 4.591926951727347, 2.69192015483372, 2.980113853529761, 2.973631244791459, 6.1394146821989475, 5.3770168541673735, 2.5461052668733086, 1.7470000744132783, 1.767686403183551, 0.0, 3.77306669699861, 4.3533266831240685, 5.131304182174352, 3.8312321816877657, 5.168902321576603, 3.978343686762118, 5.419000688318834, 2.253364016309837, 3.742027131114899, 3.838471290761467, 3.8160187080254206, 2.6486307160493325], [3.959645593989442, 3.5562444699429765, 4.3892585455860305, 4.435243367618061, 5.339733863218278, 3.835918227751994, 2.7808431347345004, 2.5776720718508783, 2.885865639630508, 2.183606509882218, 2.7866601604788483, 1.096308884393445, 2.1351886918958707, 3.4722137391007486, 4.31249959768114, 5.1767426688990446, 5.982156962166741, 5.072546640495284, 4.2330792988083745, 3.062438474484018, 3.221811332154631, 2.554833877182624, 3.77306669699861, 0.0, 1.7498553797385659, 2.4111920972830014, 2.4711990551147434, 3.757620509045585, 3.871495453955745, 4.275124877708253, 4.487180059903992, 5.014516362521914, 5.467412807718108, 6.775517227488983, 6.09770943305763], [2.5958906024715294, 2.6560409183595044, 3.618163203892273, 4.12355790792369, 5.0046383545666915, 4.061058989968011, 3.275591712958134, 3.6913633064221676, 2.7550023956432415, 2.188619825369404, 3.489489994254175, 1.0958102299212213, 2.1383193727785383, 2.8007559193903346, 4.249424903442818, 4.801857102205354, 5.786865390692962, 4.042460341178377, 4.711920077845124, 2.530878918478717, 3.83075810904317, 3.762241088766109, 4.3533266831240685, 1.7498553797385659, 0.0, 2.4214883852705134, 3.055995821332222, 2.577167018258615, 3.2906133835502467, 3.7488185939039513, 4.818723210561071, 4.864783364138633, 4.735948401323647, 6.41308617359848, 6.207789630778414], [4.816466802543125, 5.013414971853018, 6.027821723475239, 6.39694006381176, 7.22255241448617, 6.084999487263741, 5.0868221307610115, 4.9704717502466504, 4.737508682841647, 3.533281123828105, 4.066209126446893, 2.1444698878743904, 1.0971693123670567, 2.1361789157278004, 6.107759960083565, 6.5199446769125275, 7.182454024217629, 6.448986882449056, 6.5423515145549915, 3.7917559810726216, 3.82116539422203, 4.13911556857259, 5.131304182174352, 2.4111920972830014, 2.4214883852705134, 0.0, 1.7519446851998495, 2.5287227289681247, 3.0588318881560004, 2.4209499148061697, 6.406307833690167, 6.9239770955715905, 6.579588313868886, 7.712698860321204, 7.432540296560793], [5.077512117169195, 5.1240391821296605, 6.292552049049734, 6.65119965419773, 7.655508065438896, 6.079001807862865, 4.8373980661095075, 4.540819434859748, 4.390729718395337, 2.9125932465759785, 2.803659319532243, 2.1772683665547525, 1.0950529028316394, 2.1526361931362206, 5.473370130915686, 5.795343693863203, 6.185193692197521, 6.906748128461034, 6.571498530776675, 3.1980864966413898, 2.278381418902463, 2.914569685219415, 3.8312321816877657, 2.4711990551147434, 3.055995821332222, 1.7519446851998495, 0.0, 3.0698324221364266, 2.4881709145474713, 2.505471207178402, 5.542462867715038, 6.445221245232782, 6.081197189698752, 6.725274219687997, 6.255492066976027], [3.5763044137768807, 4.3400471979000415, 5.526694119453328, 6.393588599526874, 7.298457578146221, 6.4499103032522855, 5.547585250358934, 5.920395160797969, 4.544103506743657, 3.426891579843167, 4.382970570286777, 2.7758456044960425, 2.1695749860283695, 1.094547084414371, 5.648808363717077, 5.522115553843473, 6.183860992131049, 5.730424983367289, 7.20213296044998, 2.928879420529291, 4.096228603239814, 5.021337388584838, 5.168902321576603, 3.757620509045585, 2.577167018258615, 2.5287227289681247, 3.0698324221364266, 0.0, 1.7763476799320566, 1.771383033112827, 6.255492078166194, 6.4381918657337325, 5.226820557470861, 6.422932684529707, 6.75215841786906], [4.089305796831535, 4.635774839225909, 5.97941593217933, 6.803302928725135, 7.878798947809241, 6.589050092388128, 5.4559731185188225, 5.674227050444845, 4.338308370782326, 2.922558040484397, 3.3336276066771466, 2.8967097783519837, 2.174897942433162, 1.0937306432572875, 5.115228363426212, 4.804142615493424, 5.126043106529636, 6.404578800358381, 7.363226709805966, 2.273591286929117, 2.755480141463553, 4.138910688816564, 3.978343686762118, 3.871495453955745, 3.2906133835502467, 3.0588318881560004, 2.4881709145474713, 1.7763476799320566, 0.0, 1.7647984275831614, 5.508666493807734, 6.08502618071607, 4.751490622951917, 5.320232915014153, 5.54856534069844], [5.183940519527591, 5.784410487681523, 7.030480408905212, 7.762525236673952, 8.71647325527934, 7.579773693851288, 6.490075058117586, 6.564716355639441, 5.613083570551929, 4.185205202854455, 4.581649599216422, 3.4946107665947577, 2.15654696911521, 1.0948055763467774, 6.639518577427131, 6.494125762564195, 6.879796119072133, 7.357447903994971, 8.243736528419623, 3.802233707966937, 3.9146039569795565, 5.110085339796195, 5.419000688318834, 4.275124877708253, 3.7488185939039513, 2.4209499148061697, 2.505471207178402, 1.771383033112827, 1.7647984275831614, 0.0, 7.016767011238152, 7.5717603362758386, 6.396794901354896, 7.081175742770405, 7.260139393289911], [4.287741939529477, 3.4310861224982387, 4.007889670387646, 4.148522267024729, 5.29810213378338, 3.382708355741003, 2.6083417740012522, 3.028685823917694, 2.19125486879094, 2.9620755324603047, 2.877518552503181, 4.352671007553868, 5.516487028898011, 6.01716546390408, 1.0984154177723473, 2.148727048743046, 2.6364117755009366, 4.947260837069337, 4.066532422101169, 3.3889084083226564, 3.855534397460357, 3.189957248929835, 