{"total energy": -49.90106567, "HOMO-LUMO gap/eV": 3.23456839, "electronic energy": -50.53727947, "dipole": [0.95529435, -0.4599524, -0.04649222], "partial charges": [-0.37906095, 0.2824691, -0.17488087, 0.34015682, -0.42090489, -0.17483768, 0.28245606, -0.37903065, -0.02406722, -0.04580811, -0.10470067, 0.01256805, -0.03458616, -0.0261497, -0.02694376, -0.02613716, -0.03457293, 0.23407943, 0.23408724, 0.05776867, 0.05777605, 0.04237888, 0.04709432, 0.04235028, 0.04526301, 0.04358304, 0.04083264, 0.0435719, 0.04524527], "atomic dipole moments": [[0.07412207, 0.0697972, 0.15414218], [-0.00033283, 0.09046151, 0.00335329], [-0.05158249, -0.00396243, 0.05787927], [0.01703389, -0.09091699, -0.00153421], [0.03309828, -0.21335005, -0.00335649], [-0.05654122, -0.00296351, -0.05314029], [-0.00056169, 0.09054884, -0.00167827], [0.06009497, 0.07254873, -0.15886757], [-0.01362565, 0.03101191, 0.00085992], [-0.00964757, 0.15486026, 0.00179817], [0.12192267, -0.01657775, -0.00563342], [-0.14153681, 0.03834793, 0.00668132], [-0.00940177, 0.00172579, -0.02496325], [-0.00887146, 0.00438918, -0.00101058], [-0.0066775, 0.00314114, 0.00034616], [-0.00875791, 0.00438168, 0.00187806], [-0.00706613, 0.00124152, 0.02574044], [-0.04198956, 0.07388186, -0.10620727], [-0.03228719, 0.07194928, 0.11082409], [0.02697882, -0.07976076, 0.09725569], [0.01813341, -0.07799724, -0.10065878], [-0.0489513, 0.06273236, -0.10107632], [-0.05966055, -0.11151252, 0.00169718], [-0.03967627, 0.06090481, 0.1061619], [-0.05608429, 0.00912524, 0.1443189], [0.07935199, -0.02597215, 0.12772626], [0.1442864, -0.04519881, -0.00687485], [0.06759469, -0.02366076, -0.13476604], [-0.06877879, 0.01164316, -0.13855591]], "atomic quadrupole moments": [[0.17527741, -0.03968441, -0.09979782, -0.1045923, 0.03510832, -0.07547959], [0.38885224, -0.10362834, -0.16063302, -0.31131089, 0.06883195, -0.22821923], [0.00208813, 0.02258691, 0.02992071, -0.01654443, 0.1046588, -0.03200884], [0.40615746, 0.11837153, -0.24078503, -0.02459549, -0.00595191, -0.16537243], [0.15417193, 0.03645109, -0.03469523, -0.01195623, -0.00087333, -0.1194767], [0.00480785, 0.0129258, 0.03361757, 0.01340914, -0.10502311, -0.03842542], [0.4391897, -0.11427023, -0.15836882, 0.24941905, -0.05734791, -0.28082088], [0.19185068, -0.04432727, -0.09862629, 0.07982577, -0.03157368, -0.09322439], [-0.09811319, 0.02494911, -0.00886111, 0.00942525, -0.00212341, 0.1069743], [0.17609031, 0.11177767, 0.05474612, -0.0172479, -0.00245295, -0.23083644], [0.22739795, -0.05350262, -0.10008876, -0.01637228, 0.00264495, -0.12730919], [0.01448696, 0.1557865, 0.36622052, -0.01631692, -0.00039731, -0.38070749], [-0.1949363, 0.21567907, 0.46529699, -0.01783253, 0.03491092, -0.27036069], [-0.20080815, 0.22307997, 0.47015836, -0.01686705, 0.01310453, -0.26935021], [-0.21413737, 0.22711113, 0.47143503, 8.652e-05, -0.00373535, -0.25729766], [-0.19793341, 0.22129181, 0.47075938, 0.01435905, -0.01990911, -0.27282597], [-0.19201989, 0.21199014, 0.46665339, 0.0145381, -0.04101872, -0.27463349], [-0.05284264, 0.0017495, 0.0168496, 0.0102342, -0.01241759, 0.03599304], [-0.05395533, 0.0029465, 0.01643215, -0.00209634, 0.01184412, 0.03752317], [-0.00170455, -0.00311146, -0.02845273, 0.02349184, -0.03594043, 0.03015728], [-0.00564745, 0.00045641, -0.02968829, -0.02024648, 0.03498748, 0.03533574], [-0.02614468, -0.01656787, -0.01423083, 0.0115393, -0.05745833, 0.04037551], [-0.01225284, 0.03746728, 0.06708518, -0.00157508, -0.00059771, -0.05483233], [-0.02766699, -0.01125609, -0.01625735, -0.0055729, 0.05766517, 0.04392434], [0.0413555, -0.03600232, -0.05421544, -0.00306698, 0.00303014, 0.01285994], [0.02713474, -0.02810881, -0.05992444, -0.00910396, 0.00182133, 0.0327897], [0.02118, -0.02544491, -0.06092311, 0.00062854, 0.00024378, 0.03974311], [0.02877182, -0.02838759, -0.05986133, 0.00897949, -0.00092332, 0.03108952], [0.04159838, -0.03619421, -0.05412515, -0.00020372, -0.00095618, 0.01252677]], "number of molecular orbitals": 80, "number of electrons": 88, "number of unpaired electrons": 0, "orbital energies/eV": [-20.62228009, -20.29601037, -20.22434797, -19.79333765, -19.40171963, -18.70052604, -18.24761684, -18.10687975, -18.05039163, -17.37440635, -17.22153934, -17.1487866, -16.91279551, -16.77544196, -16.51922357, -16.09580238, -16.05245753, -15.79643869, -15.6575373, -15.53495499, -15.51409653, -15.38455303, -14.90310687, -14.67412268, -14.56965407, -14.25779462, -13.97933305, -13.90663915, -13.63193092, -13.55966828, -13.44189743, -13.43591694, -12.95172124, -12.9044456, -12.76238962, -12.60759204, -12.45197287, -12.24283059, -12.17324923, -12.03920297, -11.93156077, -11.62279792, -11.48506598, -11.38959254, -8.15502416, -7.20458203, -6.77957766, -6.67468823, -5.92010976, -3.3483133, -0.52427896, -0.17747111, 0.69974446, 1.5116601, 1.66419923, 2.65048824, 3.27024842, 3.45177295, 3.52653141, 3.65519039, 3.89558915, 4.10778684, 4.18782182, 4.31176256, 4.43933331, 5.1173511, 5.13090645, 6.45184098, 7.20158977, 7.54967736, 9.52719799, 9.8929478, 10.61261687, 10.99766907, 11.4116209, 13.98192121, 14.01589391, 15.58442431, 16.09903729, 16.43522637], "fractional occupation": [2.0, 2.0, 2.0, 2.0, 2.0, 2.0, 2.0, 2.0, 2.0, 2.0, 2.0, 2.0, 2.0, 2.0, 2.0, 2.0, 2.0, 2.0, 2.0, 2.0, 2.0, 2.0, 2.0, 2.0, 2.0, 2.0, 2.0, 2.0, 2.0, 2.0, 2.0, 2.0, 2.0, 2.0, 2.0, 2.0, 2.0, 2.0, 2.0, 2.0, 2.0, 2.0, 2.0, 2.0, 0.0, 0.0, 0.0, 0.0, 0.0, 0.0, 0.0, 0.0, 0.0, 0.0, 0.0, 0.0, 0.0, 0.0, 0.0, 0.0, 0.0, 0.0, 0.0, 0.0, 0.0, 0.0, 0.0, 0.0, 0.0, 0.0, 0.0, 0.0, 0.0, 0.0, 0.0, 0.0, 0.0, 0.0, 0.0, 0.0], "program call": "xtb /home/svss/Project-DBcg-Debug/aqme2_20220329/End-to-End-workflows-final/example-3/QDESCP/mol_466_rdkit_conf_1/mol_466_rdkit_conf_1.xyz --pop --wbo --acc 0.2 --gfn 2 --chrg 0 --uhf 0 --etemp 300 --input /home/svss/Project-DBcg-Debug/aqme2_20220329/End-to-End-workflows-final/example-3/QDESCP/mol_466_rdkit_conf_1/mol_466_rdkit_conf_1_xtb.inp", "method": "GFN2-xTB", "xtb version": "6.3.3 (7355c4f)", "Dipole module/D": 2.697, "Total charge": 0, "Transition dipole module/D": NaN, "HOMO": -11.3896, "LUMO": -8.155, "HOMO occupancy": 2.0, "LUMO occupancy": 0, "mulliken charges": [-0.50576, 0.4756, -0.32443, 0.57578, -0.53663, -0.3244, 0.4756, -0.50574, -0.05743, -0.02269, -0.08928, 0.00439, -0.03767, -0.02066, -0.0244, -0.02064, -0.03766, 0.28001, 0.28001, 0.04414, 0.04414, 0.03897, 0.03844, 0.03896, 0.04855, 0.03874, 0.03676, 0.03874, 0.04854], "cm5 charges": [-0.55284, 0.57475, -0.66597, 0.74423, -0.57364, -0.66594, 0.57473, -0.55282, -0.05403, -0.12468, -0.23774, -0.00242, -0.08928, -0.07604, -0.07981, -0.07602, -0.08925, 0.48306, 0.48305, 0.10227, 0.10228, 0.09426, 0.08938, 0.09423, 0.10895, 0.09409, 0.09218, 0.09408, 0.10893], "FUKUI+": [-0.125, -0.045, -0.03, -0.044, -0.128, -0.03, -0.045, -0.125, -0.006, 0.011, 0.015, -0.016, -0.008, -0.016, -0.026, -0.016, -0.008, -0.043, -0.043, -0.027, -0.027, -0.007, -0.034, -0.007, -0.019, -0.043, -0.047, -0.043, -0.019], "FUKUI-": [-0.074, -0.004, -0.021, -0.002, -0.088, -0.021, -0.004, -0.074, -0.015, 0.007, 0.013, -0.027, -0.019, -0.026, -0.039, -0.025, -0.019, -0.03, -0.03, -0.047, -0.047, -0.049, -0.056, -0.049, -0.041, -0.056, -0.058, -0.056, -0.041], "FUKUIrad": [-0.1, -0.024, -0.025, -0.023, -0.108, -0.025, -0.024, -0.1, -0.011, 0.009, 0.014, -0.021, -0.013, -0.021, -0.033, -0.021, -0.013, -0.036, -0.036, -0.037, -0.037, -0.028, -0.045, -0.028, -0.03, -0.049, -0.053, -0.049, -0.03], "s proportion": [1.731, 1.016, 1.43, 0.937, 1.721, 1.43, 1.016, 1.731, 1.109, 1.033, 1.01, 1.094, 1.067, 1.061, 1.062, 1.061, 1.067, 0.72, 0.72, 0.956, 0.956, 0.961, 0.962, 0.961, 0.951, 0.961, 0.963, 0.961, 0.951], "p proportion": [4.775, 2.509, 3.894, 2.487, 4.816, 3.894, 2.509, 4.775, 2.949, 2.99, 3.08, 2.902, 2.971, 2.959, 2.963, 2.959, 2.971, 0.0, 0.0, 0.0, 0.0, 0.0, 0.0, 0.0, 0.0, 0.0, 0.0, 0.0, 0.0], "d proportion": [0.0, 0.0, 0.0, 0.0, 0.0, 0.0, 0.0, 0.0, 0.0, 0.0, 0.0, 0.0, 0.0, 0.0, 0.0, 0.0, 0.0, 0.0, 0.0, 0.0, 0.0, 0.0, 0.0, 0.0, 0.0, 0.0, 0.0, 0.0, 0.0], "Fermi-level/eV": -9.7723, "Coordination numbers": [0.859, 2.763, 2.696, 2.707, 0.861, 2.696, 2.763, 0.859, 3.899, 3.802, 3.748, 2.959, 2.914, 2.91, 2.912, 2.91, 2.914, 0.86, 0.86, 0.923, 0.923, 0.924, 0.924, 0.924, 0.925, 0.925, 0.925, 0.925, 0.925], "Dispersion coefficient C6": [21.266, 22.217, 24.785, 21.22, 22.101, 24.784, 22.218, 21.266, 20.947, 21.394, 22.568, 27.732, 28.861, 28.655, 28.674, 28.655, 28.861, 0.948, 0.948, 2.225, 2.225, 2.417, 2.357, 2.418, 2.38, 2.402, 2.438, 2.402, 2.38], "Total dispersion C6": 10204.237721, "Total dispersion C8": 241477.542107, "Polarizability alpha": [6.183, 7.719, 7.394, 7.54, 6.303, 7.394, 7.719, 6.183, 6.506, 6.585, 6.776, 8.638, 8.809, 8.778, 8.781, 8.778, 8.809, 1.525, 1.525, 2.333, 2.333, 2.431, 2.401, 2.432, 2.413, 2.423, 2.442, 2.424, 2.413], "Total polarizability alpha": 155.987889, "Wiberg matrix": [[0.0, 1.7516936800351282, 0.13323883806435222, 0.0, 0.0, 0.0, 0.0, 0.0, 0.0, 0.0, 0.0, 0.0, 0.0, 0.0, 0.0, 0.0, 0.0, 0.0, 0.0, 0.0, 0.0, 0.0, 0.0, 0.0, 0.0, 0.0, 0.0, 0.0, 0.0], [1.7516936800351282, 0.0, 1.1402763755749976, 0.0, 0.0, 0.0, 0.0, 0.0, 0.9469025394726975, 0.0, 0.0, 0.0, 0.0, 0.0, 0.0, 0.0, 0.0, 0.0, 0.0, 0.0, 0.0, 0.0, 0.0, 0.0, 0.0, 0.0, 0.0, 0.0, 0.0], [0.13323883806435222, 1.1402763755749976, 0.0, 1.12327498548684, 0.11441433200645017, 0.0, 0.0, 0.0, 0.0, 0.0, 0.0, 0.0, 0.0, 0.0, 0.0, 0.0, 0.0, 0.9083135551799351, 0.0, 0.0, 0.0, 0.0, 0.0, 0.0, 0.0, 0.0, 0.0, 0.0, 0.0], [0.0, 0.0, 1.12327498548684, 0.0, 1.6525284272320828, 1.123418804689121, 0.0, 0.0, 0.0, 0.0, 0.0, 0.0, 0.0, 0.0, 0.0, 0.0, 0.0, 0.0, 0.0, 0.0, 0.0, 0.0, 0.0, 0.0, 0.0, 0.0, 0.0, 0.0, 0.0], [0.0, 0.0, 0.11441433200645017, 1.6525284272320828, 0.0, 0.11442026492940349, 0.0, 0.0, 0.0, 0.0, 0.0, 0.0, 0.0, 0.0, 0.0, 0.0, 0.0, 0.0, 0.0, 0.0, 0.0, 0.0, 0.0, 0.0, 0.0, 0.0, 0.0, 0.0, 0.0], [0.0, 0.0, 0.0, 1.123418804689121, 0.11442026492940349, 0.0, 1.1402233769602959, 0.1332191744652004, 0.0, 0.0, 0.0, 0.0, 0.0, 0.0, 0.0, 0.0, 0.0, 0.0, 0.9082971216876795, 0.0, 0.0, 0.0, 0.0, 0.0, 0.0, 0.0, 0.0, 0.0, 0.0], [0.0, 0.0, 0.0, 0.0, 0.0, 1.1402233769602959, 0.0, 1.7517445611572138, 0.9468644321096691, 0.0, 0.0, 0.0, 0.0, 0.0, 0.0, 0.0, 0.0, 0.0, 0.0, 0.0, 0.0, 0.0, 0.0, 0.0, 0.0, 0.0, 0.0, 0.0, 0.0], [0.0, 0.0, 0.0, 0.0, 0.0, 0.1332191744652004, 1.7517445611572138, 0.0, 0.0, 0.0, 0.0, 0.0, 0.0, 0.0, 0.0, 0.0, 0.0, 0.0, 0.0, 0.0, 0.0, 0.0, 0.0, 0.0, 0.0, 0.0, 0.0, 0.0, 0.0], [0.0, 0.9469025394726975, 0.0, 0.0, 0.0, 0.0, 0.9468644321096691, 0.0, 0.0, 0.9590545227057571, 0.0, 0.9228436115587565, 0.0, 0.0, 0.0, 0.0, 0.0, 0.0, 0.0, 0.0, 0.0, 0.0, 0.0, 0.0, 0.0, 0.0, 0.0, 0.0, 0.0], [0.0, 0.0, 0.0, 0.0, 0.0, 0.0, 0.0, 0.0, 0.9590545227057571, 0.0, 1.0186749132911728, 0.0, 0.0, 0.0, 0.0, 0.0, 0.0, 0.0, 0.0, 0.9738389593477625, 0.9738365780799787, 0.0, 0.0, 0.0, 0.0, 0.0, 0.0, 0.0, 0.0], [0.0, 0.0, 0.0, 0.0, 0.0, 0.0, 0.0, 0.0, 0.0, 1.0186749132911728, 0.0, 0.0, 0.0, 0.0, 0.0, 0.0, 0.0, 0.0, 0.0, 0.0, 0.0, 0.9864351245191612, 0.9841734227473021, 0.9864338885583182, 0.0, 0.0, 0.0, 0.0, 0.0], [0.0, 0.0, 0.0, 0.0, 0.0, 0.0, 0.0, 0.0, 0.9228436115587565, 0.0, 0.0, 0.0, 1.4121791212849173, 0.0, 0.10873561487063636, 0.0, 1.4123912097379603, 0.0, 0.0, 0.0, 0.0, 0.0, 0.0, 0.0, 0.0, 0.0, 0.0, 0.0, 0.0], [0.0, 0.0, 0.0, 0.0, 0.0, 0.0, 0.0, 0.0, 0.0, 0.0, 0.0, 1.4121791212849173, 0.0, 1.4403575753121913, 0.0, 0.11155520018163623, 0.0, 0.0, 0.0, 0.0, 0.0, 0.0, 0.0, 0.0, 0.9676956689583801, 0.0, 0.0, 0.0, 0.0], [0.0, 0.0, 0.0, 0.0, 0.0, 0.0, 0.0, 0.0, 0.0, 0.0, 0.0, 0.0, 1.4403575753121913, 0.0, 1.4393359088526256, 0.0, 0.11156091929866221, 0.0, 0.0, 0.0, 0.0, 0.0, 0.0, 0.0, 0.0, 0.9697193265746081, 0.0, 0.0, 0.0], [0.0, 0.0, 0.0, 0.0, 0.0, 0.0, 0.0, 0.0, 0.0, 0.0, 0.0, 0.10873561487063636, 0.0, 1.4393359088526256, 0.0, 1.4395695823452286, 0.0, 0.0, 0.0, 0.0, 0.0, 0.0, 0.0, 0.0, 0.0, 0.0, 0.970171630274574, 0.0, 0.0], [0.0, 0.0, 0.0, 0.0, 0.0, 0.0, 0.0, 0.0, 0.0, 0.0, 0.0, 0.0, 0.11155520018163623, 0.0, 1.4395695823452286, 0.0, 1.4401400974486114, 0.0, 0.0, 0.0, 0.0, 0.0, 0.0, 0.0, 0.0, 0.0, 0.0, 0.9697115299881528, 0.0], [0.0, 0.0, 0.0, 0.0, 0.0, 0.0, 0.0, 0.0, 0.0, 0.0, 0.0, 1.4123912097379603, 0.0, 0.11156091929866221, 0.0, 1.4401400974486114, 0.0, 0.0, 0.0, 0.0, 0.0, 0.0, 0.0, 0.0, 0.0, 0.0, 0.0, 0.0, 0.9676875141262219], [0.0, 0.0, 0.9083135551799351, 0.0, 0.0, 0.0, 0.0, 0.0, 0.0, 0.0, 0.0, 0.0, 0.0, 0.0, 0.0, 0.0, 0.0, 0.0, 0.0, 0.0, 0.0, 0.0, 0.0, 0.0, 0.0, 0.0, 0.0, 0.0, 0.0], [0.0, 0.0, 0.0, 0.0, 0.0, 0.9082971216876795, 0.0, 0.0, 0.0, 0.0, 0.0, 0.0, 0.0, 0.0, 0.0, 0.0, 0.0, 0.0, 0.0, 0.0, 0.0, 0.0, 0.0, 0.0, 0.0, 0.0, 0.0, 0.0, 0.0], [0.0, 0.0, 0.0, 0.0, 0.0, 0.0, 0.0, 0.0, 0.0, 0.9738389593477625, 0.0, 0.0, 0.0, 0.0, 0.0, 0.0, 0.0, 0.0, 0.0, 0.0, 0.0, 0.0, 0.0, 0.0, 0.0, 0.0, 0.0, 0.0, 0.0], [0.0, 0.0, 0.0, 0.0, 0.0, 0.0, 0.0, 0.0, 0.0, 0.9738365780799787, 0.0, 0.0, 0.0, 0.0, 0.0, 0.0, 0.0, 0.0, 0.0, 0.0, 0.0, 0.0, 0.0, 0.0, 0.0, 0.0, 0.0, 0.0, 0.0], [0.0, 0.0, 0.0, 0.0, 0.0, 0.0, 0.0, 0.0, 0.0, 0.0, 0.9864351245191612, 0.0, 0.0, 0.0, 0.0, 0.0, 0.0, 0.0, 0.0, 0.0, 0.0, 0.0, 0.0, 0.0, 0.0, 0.0, 0.0, 0.0, 0.0], [0.0, 0.0, 0.0, 0.0, 0.0, 0.0, 0.0, 0.0, 0.0, 0.0, 0.9841734227473021, 0.0, 0.0, 0.0, 0.0, 0.0, 0.0, 0.0, 0.0, 0.0, 0.0, 0.0, 0.0, 0.0, 0.0, 0.0, 0.0, 0.0, 0.0], [0.0, 0.0, 0.0, 0.0, 0.0, 0.0, 0.0, 0.0, 0.0, 0.0, 0.9864338885583182, 0.0, 0.0, 0.0, 0.0, 0.0, 0.0, 0.0, 0.0, 0.0, 0.0, 0.0, 0.0, 0.0, 0.0, 0.0, 0.0, 0.0, 0.0], [0.0, 0.0, 0.0, 0.0, 0.0, 0.0, 0.0, 0.0, 0.0, 0.0, 0.0, 0.0, 0.9676956689583801, 0.0, 0.0, 0.0, 0.0, 0.0, 0.0, 0.0, 0.0, 0.0, 0.0, 0.0, 0.0, 0.0, 0.0, 0.0, 0.0], [0.0, 0.0, 0.0, 0.0, 0.0, 0.0, 0.0, 0.0, 0.0, 0.0, 0.0, 0.0, 0.0, 0.9697193265746081, 0.0, 0.0, 0.0, 0.0, 0.0, 0.0, 0.0, 0.0, 0.0, 0.0, 0.0, 0.0, 0.0, 0.0, 0.0], [0.0, 0.0, 0.0, 0.0, 0.0, 0.0, 0.0, 0.0, 0.0, 0.0, 0.0, 0.0, 0.0, 0.0, 0.970171630274574, 0.0, 0.0, 0.0, 0.0, 0.0, 0.0, 0.0, 0.0, 0.0, 0.0, 0.0, 0.0, 0.0, 0.0], [0.0, 0.0, 0.0, 0.0, 0.0, 0.0, 0.0, 0.0, 0.0, 0.0, 0.0, 0.0, 0.0, 0.0, 0.0, 0.9697115299881528, 0.0, 0.0, 0.0, 0.0, 0.0, 0.0, 0.0, 0.0, 0.0, 0.0, 0.0, 0.0, 0.0], [0.0, 0.0, 0.0, 0.0, 0.0, 0.0, 0.0, 0.0, 0.0, 0.0, 0.0, 0.0, 0.0, 0.0, 0.0, 0.0, 0.9676875141262219, 0.0, 0.0, 0.0, 0.0, 0.0, 0.0, 0.0, 0.0, 0.0, 0.0, 0.0, 0.0]], "Born radii": [], "Atomic SASAs": [], "Solvent H bonds": [], "Total SASA": NaN, "Total FOD": 0.0, "FOD": [0.0, 0.0, 0.0, 0.0, 0.0, 0.0, 0.0, 0.0, 0.0, 0.0, 0.0, 0.0, 0.0, 0.0, 0.0, 0.0, 0.0, 0.0, 0.0, 0.0, 0.0, 0.0, 0.0, 0.0, 0.0, 0.0, 0.0, 0.0, 0.0], "FOD s proportion": [0.0, 0.0, 0.0, 0.0, 0.0, 0.0, 0.0, 0.0, 0.0, 0.0, 0.0, 0.0, 0.0, 0.0, 0.0, 0.0, 0.0, 0.0, 0.0, 0.0, 0.0, 0.0, 0.0, 0.0, 0.0, 0.0, 0.0, 0.0, 0.0], "FOD p proportion": [0.0, 0.0, 0.0, 0.0, 0.0, 0.0, 0.0, 0.0, 0.0, 0.0, 0.0, 0.0, 0.0, 0.0, 0.0, 0.0, 0.0, 0.0, 0.0, 0.0, 0.0, 0.0, 0.0, 0.0, 0.0, 0.0, 0.0, 0.0, 0.0], "FOD d proportion": [0.0, 0.0, 0.0, 0.0, 0.0, 0.0, 0.0, 0.0, 0.0, 0.0, 0.0, 0.0, 0.0, 0.0, 0.0, 0.0, 0.0, 0.0, 0.0, 0.0, 0.0, 0.0, 0.0, 0.0, 0.0, 0.0, 0.0, 0.0, 0.0], "coordinates": [["-1.46660", "0.41810", "-2.23820"], ["-0.99210", "0.87020", "-1.19680"], ["-0.71260", "2.20710", "-1.10780"], ["-0.71990", "2.90330", "0.05790"], ["-0.91330", "4.11440", "0.07720"], ["-0.60900", "2.18670", "1.20570"], ["-0.88050", "0.84820", "1.29580"], ["-1.26040", "0.37740", "2.36730"], ["-0.62510", "0.01890", "0.02810"], ["-1.46720", "-1.28760", "0.05430"], ["-2.98030", "-1.08470", "0.12380"], ["0.86790", "-0.41080", "-0.04250"], ["1.61280", "-0.65600", "1.12770"], ["2.94960", "-1.05810", "1.06260"], ["3.56590", "-1.24170", "-0.17060"], ["2.84210", "-1.03690", "-1.34030"], ["1.50510", "-0.63480", "-1.27860"], ["-0.95660", "2.75340", "-1.92310"], ["-0.77880", "2.71830", "2.04910"], ["-1.17250", "-1.90520", "0.91370"], ["-1.25090", "-1.88970", "-0.83870"], ["-3.35910", "-0.53350", "-0.74090"], ["-3.48180", "-2.05830", "0.13770"], ["-3.27990", "-0.54910", "1.02860"], ["1.16620", "-0.55530", "2.11580"], ["3.50630", "-1.23800", "1.97920"], ["4.60420", "-1.55900", "-0.21990"], ["3.31450", "-1.20020", "-2.30610"], ["0.97200", "-0.51700", "-2.22100"]], "bond_dist": [[0.0, 1.2304708936013073, 2.2465175628069325, 3.4649466287375916, 4.39657272656782, 3.9653336467439915, 3.607998783259218, 4.6102933941344775, 2.450224189742644, 2.8574410055152497, 3.1825680715422258, 3.310296655890526, 4.686755592091399, 5.707650087382722, 5.688230133354311, 4.635530724739078, 3.295516872965454, 2.411019307264046, 4.913749095141102, 3.9266641453019635, 2.707594426792905, 2.5940327869940276, 3.979759893511165, 3.8594708147620445, 5.180391819158084, 6.72747087544792, 6.696048979808913, 5.0480117382985545, 2.6117958974621276], [1.2304708936013073, 0.0, 1.3687011580326802, 2.4045499662098937, 3.4862758181188127, 2.766214762089162, 2.4951940445584593, 3.6079974417951024, 1.5361577718450667, 2.5391085167830068, 3.085215974611826, 2.53632992530546, 3.810261237763101, 4.935608183395437, 5.1272382478289416, 4.2847067927689055, 2.9168003154141355, 2.018715973087844, 3.7412347306738187, 3.4913607046537027, 2.795042228661313, 2.7894278087091626, 4.068858389032481, 3.492971011903763, 4.2028119039519245, 5.896362081826387, 6.178504668607121, 4.905497549688512, 2.6136178546222095], [2.2465175628069325, 1.3687011580326802, 0.0, 1.3577938797917746, 2.254395435587998, 2.31590832504225, 2.7662415982701147, 3.965376014957472, 2.467011207919413, 3.7593650607516156, 4.182732251770367, 3.238247172468464, 4.313036867451982, 5.365060674400617, 5.574776007159391, 4.818037395039602, 3.608844903843888, 1.0112832343117333, 3.1987068465240767, 4.605321004012641, 4.140767071449443, 3.8274621121573498, 5.235778456925005, 4.330343253138254, 4.6424498015595175, 6.260782716242434, 6.575730975336507, 5.40954254905163, 3.390842404182182], [3.4649466287375916, 2.4045499662098937, 1.3577938797917746, 0.0, 1.2265966166592825, 1.3576668258449862, 2.404500941983596, 3.464915499691154, 2.8861113006951067, 4.25700752407134, 4.584527780480777, 3.6762001863337095, 4.388003853690195, 5.492480523406524, 5.966684078279996, 5.492538873781413, 4.388052969142465, 2.0007143474269387, 2.0006428091990833, 4.904988547387242, 4.9049670294508605, 4.406251504396907, 5.67907864094168, 4.4062369716119445, 4.444574173078902, 6.221135412446832, 6.952361824588821, 6.221221070658074, 4.444588047277273], [4.39657272656782, 3.4862758181188127, 2.254395435587998, 1.2265966166592825, 0.0, 2.2543597827321173, 3.4862765581634516, 4.396612948623065, 4.1059213704112745, 5.4303714071875415, 5.595114062286845, 4.864610628817069, 5.499222455947749, 6.530525692469174, 6.986590347945127, 6.530561009591748, 5.499250207073688, 2.419792548959518, 2.4198295539149033, 6.082968111867758, 6.082932136724853, 5.315467962465769, 6.686036029666607, 5.315467032161897, 5.503299764686638, 7.19712817170849, 7.91950391249351, 7.19717895359008, 5.503266783465981], [3.9653336467439915, 2.766214762089162, 2.31590832504225, 1.3576668258449862, 2.2543597827321173, 0.0, 1.3687266016264903, 2.246598097123738, 2.467054480549629, 3.7593868768723446, 4.1827776966986905, 3.238246917700996, 3.6087979342157688, 4.817970382847949, 5.574757237763811, 5.365053976429315, 4.313006787613486, 3.1986503544463876, 1.0113130870309157, 4.1408262291479945, 4.605284348441472, 4.330333660354593, 5.23580259750117, 3.8274891064508596, 3.3908967914107913, 5.409488555307239, 6.575717306119539, 6.2608053076261685, 4.642394595464716], [3.607998783259218, 2.4951940445584593, 2.7662415982701147, 2.404500941983596, 3.4862765581634516, 1.3687266016264903, 0.0, 1.2304831977723223, 1.536239219652981, 2.5391299257816646, 3.085262784593883, 2.5363419426410156, 2.9167482133362146, 4.284626931250841, 5.127229654501542, 4.935623160250385, 3.810237751112127, 3.741242502164221, 2.0186821914308357, 2.795080673254352, 3.4913296636095534, 3.4929500053679554, 4.068869566599548, 2.7894378447995574, 2.613655130272546, 4.90543374636739, 6.178502441530633, 5.896410023904375, 4.202785924836048], [4.6102933941344775, 3.6079974417951024, 3.965376014957472, 3.464915499691154, 4.396612948623065, 2.246598097123738, 1.2304831977723223, 0.0, 2.4503030384015774, 2.85743945517661, 3.1826222945866514, 3.3102954807690503, 3.295421363042972, 4.635407462133184, 5.688197685559109, 5.707630725616366, 4.686696693834582, 4.913776816258548, 2.4110169244532482, 2.7075712603734, 3.9266103269868786, 3.859428421411647, 3.9797447920689586, 2.5940123727538387, 2.611813373884129, 5.047927065637934, 6.696027326706484, 6.727495769601048, 5.1803530777351465], [2.450224189742644, 1.5361577718450667, 2.467011207919413, 2.8861113006951067, 4.1059213704112745, 2.467054480549629, 1.536239219652981, 2.4503030384015774, 0.0, 1.5545935481662079, 2.6027021516108984, 1.5552091338466347, 2.5831776129410846, 3.8740933571611307, 4.380990190584772, 3.8741073862246, 2.5831261331959774, 3.375583496226986, 3.3756221722817266, 2.187714544907539, 2.1876292738944594, 2.8933134569209744, 3.5337666716974963, 2.8933695391359877, 2.8101517076485396, 4.7386764797778715, 5.467801285708909, 4.738685747124407, 2.810047691766102], [2.8574410055152497, 2.5391085167830068, 3.7593650607516156, 4.25700752407134, 5.4303714071875415, 3.7593868768723446, 2.5391299257816646, 2.85743945517661, 1.5545935481662079, 0.0, 1.5282245482912518, 2.4961651567955196, 3.3222742391319833, 4.536238681991943, 5.038331314036424, 4.536278886929242, 3.322248867860444, 4.5277482394673845, 4.527731927797847, 1.0985655237626928, 1.0985258758900494, 2.1863886799926497, 2.158598436486045, 2.186440950494662, 3.4235713954874667, 5.333235642646966, 6.083645417017661, 5.3332712109923675, 3.423523198402488], [3.1825680715422258, 3.085215974611826, 4.182732251770367, 4.584527780480777, 5.595114062286845, 4.1827776966986905, 3.085262784593883, 3.1826222945866514, 2.6027021516108984, 1.5282245482912518, 0.0, 3.9102992391887352, 4.721034474561693, 6.003812706106013, 6.554697155475606, 6.003850048926939, 4.721011430827085, 4.797517369431819, 4.7975192902165595, 2.1366569916577625, 2.1366458784740163, 1.0931683173235491, 1.095259065244383, 1.0932934464268957, 4.630528113509301, 6.748480540832877, 7.60708422656145, 6.748500670519342, 4.630447669502377], [3.310296655890526, 2.53632992530546, 3.238247172468464, 3.6762001863337095, 4.864610628817069, 3.238246917700996, 2.5363419426410156, 3.3102954807690503, 1.5552091338466347, 2.4961651567955196, 3.9102992391887352, 0.0, 1.4086756510992868, 2.444119103071698, 2.8259526570698243, 2.444125956246936, 1.4085961273551764, 4.108237852169711, 4.108245155781237, 2.703845772228882, 2.7037738607361375, 4.286064261067489, 4.654741494433391, 4.286096935441382, 2.1836029927621916, 3.4253007590575164, 3.9127703344305806, 3.425330477486807, 2.1835698981255445], [4.686755592091399, 3.810261237763101, 4.313036867451982, 4.388003853690195, 5.499222455947749, 3.6087979342157688, 2.9167482133362146, 3.295421363042972, 2.5831776129410846, 3.3222742391319833, 4.721034474561693, 1.4086756510992868, 0.0, 1.397482257490234, 2.417276771493078, 2.7833949234702575, 2.4088022791420634, 5.247209292566859, 4.237290290976063, 3.0600968497745296, 3.686396931964869, 5.312858159220891, 5.376011016543772, 4.8948709594840185, 1.0890058126566637, 2.1561814626788722, 3.4029264934758725, 3.870777566587881, 3.4122920933003376], [5.707650087382722, 4.935608183395437, 5.365060674400617, 5.492480523406524, 6.530525692469174, 4.817970382847949, 4.284626931250841, 4.635407462133184, 3.8740933571611307, 4.536238681991943, 6.003812706106013, 2.444119103071698, 1.397482257490234, 0.0, 1.390797213830974, 2.40539686954149, 2.783339824742929, 6.220959345631508, 5.397716718205949, 4.210873784620005, 4.685157468004677, 6.582363792741935, 6.574096592688611, 6.250352570055549, 2.1313267323430263, 1.0873980228048972, 2.1525353005235472, 3.391383804584789, 3.871139358121844], [5.688230133354311, 5.1272382478289416, 5.574776007159391, 5.966684078279996, 6.986590347945127, 5.574757237763811, 5.127229654501542, 5.688197685559109, 4.380990190584772, 5.038331314036424, 6.554697155475606, 2.8259526570698243, 2.417276771493078, 1.390797213830974, 0.0, 1.3906931976536019, 2.4172067040284326, 6.283715979418547, 6.2837159531602005, 4.905952843230355, 4.905896844614651, 6.984440874543933, 7.101546292181725, 6.984465121968897, 3.3848677980092514, 2.1506291846806134, 1.0868195204356605, 2.1506474513504066, 3.38491469021008], [4.635530724739078, 4.2847067927689055, 4.818037395039602, 5.492538873781413, 6.530561009591748, 5.365053976429315, 4.935623160250385, 5.707630725616366, 3.8741073862246, 4.536278886929242, 6.003850048926939, 2.444125956246936, 2.7833949234702575, 2.40539686954149, 1.3906931976536019, 0.0, 1.3975193379699615, 5.397791364993649, 6.22097068068963, 4.685240020532566, 4.21088107169984, 6.250405855622497, 6.574150376284376, 6.582440280777335, 3.8710730527852353, 3.3912657076672716, 2.1524128275031256, 1.087473351397633, 2.1314789489929287], [3.295516872965454, 2.9168003154141355, 3.608844903843888, 4.388052969142465, 5.499250207073688, 4.313006787613486, 3.810237751112127, 4.686696693834582, 2.5831261331959774, 3.322248867860444, 4.721011430827085, 1.4085961273551764, 2.4088022791420634, 2.783339824742929, 2.4172067040284326, 1.3975193379699615, 0.0, 4.237363139972782, 5.247196023592029, 3.686412512185797, 3.060036277562735, 4.894877385594046, 5.376004980466443, 5.312884464205862, 3.4122023415969926, 3.870647558225884, 3.402853529025309, 2.156237874168803, 1.0891235972101607], [2.411019307264046, 2.018715973087844, 1.0112832343117333, 2.0007143474269387, 2.419792548959518, 3.1986503544463876, 3.741242502164221, 4.913776816258548, 3.375583496226986, 4.5277482394673845, 4.797517369431819, 4.108237852169711, 5.247209292566859, 6.220959345631508, 6.283715979418547, 5.397791364993649, 4.237363139972782, 0.0, 3.9763321905997744, 5.458626293308601, 4.777123973689609, 4.2394946279008305, 5.811711328860029, 5.001675922128502, 5.636176783955592, 7.146796181506788, 7.2401782188009705, 5.832661242520433, 3.8083800401220467], [4.913749095141102, 3.7412347306738187, 3.1987068465240767, 2.0006428091990833, 2.4198295539149033, 1.0113130870309157, 2.0186821914308357, 2.4110169244532482, 3.3756221722817266, 4.527731927797847, 4.7975192902165595, 4.108245155781237, 4.237290290976063, 5.397716718205949, 6.2837159531602005, 6.22097068068963, 5.247196023592029, 3.9763321905997744, 0.0, 4.777121005375518, 5.458564944195499, 5.00162486898008, 5.811675018443478, 4.23943678098872, 3.808402663847404, 5.832604710590286, 7.2401895893685, 7.1468534460978, 5.636153008923729], [3.9266641453019635, 3.4913607046537027, 4.605321004012641, 4.904988547387242, 6.082968111867758, 4.1408262291479945, 2.795080673254352, 2.7075712603734, 2.187714544907539, 1.0985655237626928, 2.1366569916577625, 2.703845772228882, 3.0600968497745296, 4.210873784620005, 4.905952843230355, 4.685240020532566, 3.686412512185797, 5.458626293308601, 4.777121005375518, 0.0, 1.7542213571838647, 3.066020484275994, 2.441000225317482, 2.5086538182858154, 2.955806507537325, 4.844751338304166, 5.897047251803227, 5.567522432824138, 4.043800635540778], [2.707594426792905, 2.795042228661313, 4.140767071449443, 4.9049670294508605, 6.082932136724853, 4.605284348441472, 3.4913296636095534, 3.9266103269868786, 2.1876292738944594, 1.0985258758900494, 2.1366458784740163, 2.7037738607361375, 3.686396931964869, 4.685157468004677, 4.905896844614651, 4.21088107169984, 3.060036277562735, 4.777123973689609, 5.458564944195499, 1.7542213571838647, 0.0, 2.508655121773417, 2.4410443932874304, 3.0660819705285114, 4.043768789137183, 5.56742536007444, 5.896988378825245, 4.84474459285523, 2.9557305340642945], [2.5940327869940276, 2.7894278087091626, 3.8274621121573498, 4.406251504396907, 5.315467962465769, 4.330333660354593, 3.4929500053679554, 3.859428421411647, 2.8933134569209744, 2.1863886799926497, 1.0931683173235491, 4.286064261067489, 5.312858159220891, 6.582363792741935, 6.984440874543933, 6.250405855622497, 4.894877385594046, 4.2394946279008305, 5.00162486898008, 3.066020484275994, 2.508655121773417, 0.0, 1.7640885153529002, 1.7713402411733323, 5.351593241269369, 7.418152156703178, 8.045945447242357, 6.887036872995527, 4.577050957767457], [3.979759893511165, 4.068858389032481, 5.235778456925005, 5.67907864094168, 6.686036029666607, 5.23580259750117, 4.068869566599548, 3.9797447920689586, 3.5337666716974963, 2.158598436486045, 1.095259065244383, 4.654741494433391, 5.376011016543772, 6.574096592688611, 7.101546292181725, 6.574150376284376, 5.376004980466443, 5.811711328860029, 5.811675018443478, 2.441000225317482, 2.4410443932874304, 1.7640885153529002, 0.0, 1.7641289805453566, 5.2702744340309255, 7.273070599822333, 8.109289380087503, 7.273114033204759, 5.270237738470628], [3.8594708147620445, 3.492971011903763, 4.330343253138254, 4.4062369716119445, 5.315467032161897, 3.8274891064508596, 2.7894378447995574, 2.5940123727538387, 2.8933695391359877, 2.186440950494662, 1.0932934464268957, 4.286096935441382, 4.8948709594840185, 6.250352570055549, 6.984465121968897, 6.582440280777335, 5.312884464205862, 5.001675922128502, 4.23943678098872, 2.5086538182858154, 3.0660819705285114, 1.7713402411733323, 1.7641289805453566, 0.0, 4.57710033645757, 6.886997459706225, 8.045973096524746, 7.418238784239828, 5.3515964141553125], [5.180391819158084, 4.2028119039519245, 4.6424498015595175, 4.444574173078902, 5.503299764686638, 3.3908967914107913, 2.613655130272546, 2.611813373884129, 2.8101517076485396, 3.4235713954874667, 4.630528113509301, 2.1836029927621916, 1.0890058126566637, 2.1313267323430263, 3.3848677980092514, 3.8710730527852353, 3.4122023415969926, 5.636176783955592, 3.808402663847404, 2.955806507537325, 4.043768789137183, 5.351593241269369, 5.2702744340309255, 4.57710033645757, 0.0, 2.4414763689210672, 4.275833507048655, 4.958254583016084, 4.341314866489184], [6.72747087544792, 5.896362081826387, 6.260782716242434, 6.221135412446832, 7.19712817170849, 5.409488555307239, 4.90543374636739, 5.047927065637934, 4.7386764797778715, 5.333235642646966, 6.748480540832877, 3.4253007590575164, 2.1561814626788722, 1.0873980228048972, 2.1506291846806134, 3.3912657076672716, 3.870647558225884, 7.146796181506788, 5.832604710590286, 4.844751338304166, 5.56742536007444, 7.418152156703178, 7.273070599822333, 6.886997459706225, 2.4414763689210672, 0.0, 2.4788033846999644, 4.289756656268511, 4.9582454084081], [6.696048979808913, 6.178504668607121, 6.575730975336507, 6.952361824588821, 7.91950391249351, 6.575717306119539, 6.178502441530633, 6.696027326706484, 5.467801285708909, 6.083645417017661, 7.60708422656145, 3.9127703344305806, 3.4029264934758725, 2.1525353005235472, 1.0868195204356605, 2.1524128275031256, 3.402853529025309, 7.2401782188009705, 7.2401895893685, 5.897047251803227, 5.896988378825245, 8.045945447242357, 8.109289380087503, 8.045973096524746, 4.275833507048655, 2.4788033846999644, 0.0, 2.478768639869401, 4.275867403229431], [5.0480117382985545, 4.905497549688512, 5.40954254905163, 6.221221070658074, 7.19717895359008, 6.2608053076261685, 5.896410023904375, 6.727495769601048, 4.738685747124407, 5.3332712109923675, 6.748500670519342, 3.425330477486807, 3.870777566587881, 3.391383804584789, 2.1506474513504066, 1.087473351397633, 2.156237874168803, 5.832661242520433, 7.1468534460978, 5.567522432824138, 4.84474459285523, 6.887036872995527, 7.273114033204759, 7.418238784239828, 4.958254583016084, 4.289756656268511, 2.478768639869401, 0.0, 2.441579509252156], [2.6117958974621276, 2.6136178546222095, 3.390842404182182, 4.444588047277273, 5.503266783465981, 4.642394595464716, 4.202785924836048, 5.1803530777351465, 2.810047691766102, 3.423523198402488, 4.630447669502377, 2.1835698981255445, 3.4122920933003376, 3.871139358121844, 3.38491469021008, 2.1314789489929287, 1.0891235972101607, 3.8083800401220467, 5.636153008923729, 4.043800635540778, 2.9557305340642945, 4.577050957767457, 5.270237738470628, 5.3515964141553125, 4.341314866489184, 4.9582454084081, 4.275867403229431, 2.441579509252156, 0.0]]}