{"total energy": -64.02787271, "HOMO-LUMO gap/eV": 2.21495982, "electronic energy": -64.59627771, "dipole": [0.6797567, -0.49655981, 0.52162441], "partial charges": [-0.11552333, 0.084413, -0.26643893, 0.39395404, -0.43864093, -0.08992361, -0.04651655, 0.28284985, -0.38558285, -0.0346992, -0.08499148, 0.39596373, -0.42767424, -0.25925948, 0.09040966, -0.11257176, -0.26637008, 0.09695094, -0.11311462, 0.0570423, 0.05836832, 0.05960595, 0.05904138, 0.05725007, 0.06876345, 0.08190936, 0.09442884, 0.11716875, 0.09769523, 0.05429475, 0.05793116, 0.05586559, 0.05542198, 0.05558969, 0.04620877, 0.04810725, 0.06000103, 0.05401827, 0.05805371], "atomic dipole moments": [[-0.09416392, 0.11275356, 0.01033437], [-0.18152205, -0.16323789, 0.0938031], [0.01808483, 0.23662082, -0.05358839], [0.05864008, -0.10667919, 0.00451861], [-0.01241865, -0.1952731, 0.03930351], [0.02371088, -0.01034545, 0.02769265], [-0.01773455, 0.21887606, -0.05380381], [0.0565486, -0.04103303, -0.02720502], [0.11648673, 0.07505624, -0.12108503], [-0.13559478, -0.03773072, 0.0632533], [0.08850498, -0.44545004, -0.27912242], [-0.14356672, 0.13319789, 0.15776081], [-0.26932221, 0.3180854, 0.19780224], [0.15159166, -0.04847702, 0.06796575], [-0.13043774, 0.12421955, -0.22410399], [0.12456673, 0.05552446, -0.05048582], [-0.08528925, -0.1777379, 0.02010895], [0.22411105, 0.15151054, 0.0600423], [0.03682294, -0.09003484, 0.11015323], [0.11162624, 0.0481937, -0.04720288], [0.02341303, -0.05900082, 0.11157955], [-0.04029444, -0.09571329, -0.07612815], [-0.02520139, 0.04836193, -0.11662528], [0.04280771, 0.08705336, 0.08385564], [0.07532004, -0.00281449, 0.10277735], [0.05513506, -0.06881442, -0.09738906], [-0.11900505, -0.06144183, 0.02711109], [0.07254442, 0.09665532, 0.06940704], [0.02018026, 0.00404734, -0.13634548], [0.07894859, -0.0876281, -0.03604635], [0.04920797, 0.08320914, 0.07752403], [0.02842616, -0.06732485, 0.10676308], [-0.08806451, 0.0880365, 0.02789151], [-0.05965109, -0.07643783, -0.08335949], [-0.07980015, -0.00171942, 0.09180206], [0.02836641, -0.11211201, -0.03784937], [0.09054664, 0.01217721, -0.09075743], [-0.1068479, -0.04766848, -0.05342444], [-0.02182131, 0.12075479, 0.03709507]], "atomic quadrupole moments": [[0.07199437, -0.2118883, 0.06917712, -0.03324982, 0.02894426, -0.1411715], [0.33874567, 0.10387959, -0.04334603, -0.27323114, -0.10499181, -0.29539964], [0.0455465, 0.0192568, 0.023447, -0.05030541, -0.02747404, -0.0689935], [-0.08887431, -0.0769768, -0.23843464, 0.164893, 0.13599963, 0.32730895], [-0.06663876, 0.0037974, -0.05539373, 0.07174197, 0.03633932, 0.12203249], [-0.03637351, -0.00199357, 0.03173392, -0.00106011, -0.03398969, 0.00463959], [-0.17730273, -0.08101501, 0.35113893, -0.00110005, -0.15360483, -0.17383621], [-0.03337149, 0.15938536, -0.10357452, 0.31378581, 0.2751491, 0.13694601], [-0.02584547, 0.07484253, -0.04748711, 0.10899501, 0.10730101, 0.07333258], [0.30760523, -0.16576225, -0.03346429, -0.10064763, -0.10251921, -0.27414094], [0.39366156, 0.03899912, -0.00786747, 0.14280391, 0.36556759, -0.38579409], [0.05498948, 0.46943452, -0.27886372, 0.51169902, -0.41766935, 0.22387424], [-0.13820602, -0.31943185, 0.17975339, -0.23479472, 0.41837578, -0.04154737], [-0.00923459, -0.00502756, -0.05585293, 0.00408206, -0.11100045, 0.06508752], [-0.09253377, 0.01043687, -0.13671053, 0.0654521, -0.42048019, 0.2292443], [0.13771476, 0.14288109, -0.07061969, -0.13961079, -0.07716122, -0.06709508], [0.05566725, 0.03378759, -0.00219584, 0.09009811, -0.02358497, -0.05347141], [0.2213323, 0.21457905, -0.13930831, 0.33926993, -0.02876682, -0.08202399], [-0.09021445, -0.07170711, -0.01154238, 0.11380566, -0.18177814, 0.10175683], [0.04450401, 0.0419747, -0.01128114, -0.04072928, -0.02210329, -0.03322287], [-0.04468784, -0.0160544, -0.02176037, 0.01533516, -0.03337076, 0.06644821], [-0.02171784, 0.02114728, 0.01338762, 0.03893217, 0.05155317, 0.00833022], [0.0023469, -0.0067577, -0.02556361, 0.00624241, -0.02345606, 0.02321671], [0.0010914, 0.01277711, -0.00270831, 0.00162049, 0.03314497, 0.00161691], [-0.01637579, 0.00059013, -0.0100572, 0.05840307, -0.00860633, 0.02643299], [-0.02816286, -0.01811342, -0.00199457, -0.04190998, 0.02573085, 0.03015742], [0.05914522, 0.01386672, -0.01372269, -0.01647519, -0.01049429, -0.04542253], [0.01845503, 0.02520959, 0.00322574, 0.02213135, 0.03684762, -0.02168076], [0.02435587, -0.03740263, -0.04967371, -0.02076574, -0.00102921, 0.02531784], [-0.01154573, -0.02734829, 0.01447969, -0.01691965, -0.00967452, -0.00293396], [-0.03026496, 0.02106438, 0.007617, 0.0130466, 0.0072804, 0.02264797], [-0.02478625, -0.01531857, -0.01611088, 0.02935928, -0.05744075, 0.04089713], [0.00777433, -0.04838737, 0.03747712, -0.02076242, 0.02498145, -0.04525145], [-0.0177499, 0.02933462, -0.00010497, 0.02143084, 0.05887383, 0.01785487], [0.02674623, 0.00193432, -0.0440237, -0.0126616, 0.00311931, 0.01727747], [-0.00605872, -0.01258125, 0.01885672, 0.01834207, 0.02676611, -0.01279801], [0.02372189, -0.01100467, -0.03621227, -0.06162973, -0.00616072, 0.01249038], [0.04383019, 0.04840058, -0.01742221, 0.04322892, 0.01291915, -0.02640798], [-0.04719697, -0.02471583, 0.05658735, -0.01175994, 0.03935596, -0.00939038]], "number of molecular orbitals": 111, "number of electrons": 112, "number of unpaired electrons": 0, "orbital energies/eV": [-20.67798038, -20.17985352, -20.05049814, -20.0088116, -19.93975635, -19.67497221, -19.35364551, -18.71033487, -18.65406045, -18.32019199, -18.12175355, -17.73024795, -17.53612804, -17.25228107, -16.99561845, -16.83992321, -16.66152457, -16.51599386, -16.5052939, -16.315783, -15.87828829, -15.78307097, -15.69789493, -15.61736962, -15.54480751, -15.23009564, -15.18757256, -15.00567227, -14.73796465, -14.7090424, -14.45595341, -14.36759751, -14.22499421, -14.12435293, -13.84296016, -13.68736318, -13.48371222, -13.46697029, -13.33987111, -13.27050002, -13.24014966, -13.04691833, -13.02702472, -12.97133983, -12.70440297, -12.59080422, -12.3819494, -12.30792587, -12.17492659, -11.95205664, -11.92660705, -11.88591983, -11.61688414, -10.82335772, -9.93165256, -9.8716004, -7.65664058, -6.6496617, -6.02777191, -5.41614978, -4.5701189, -3.66877391, -2.93435704, -1.47265352, -0.72634351, -0.51462965, -0.28704085, 0.24616119, 0.42439202, 0.75170032, 0.83539006, 1.10757299, 2.12684072, 2.29866767, 2.49526673, 2.87002201, 3.00334161, 3.11121983, 3.1929767, 3.39072181, 3.49482592, 3.52496616, 3.65749798, 3.7521181, 3.7811893, 4.01687199, 4.08055035, 4.31893118, 4.49995092, 4.61281981, 4.76402789, 4.94853057, 5.16690069, 5.45587049, 5.87561459, 5.95610759, 6.37144698, 6.45276098, 6.56740332, 6.67744984, 6.83918446, 7.29382755, 8.05070686, 9.52425312, 11.16479648, 11.39641239, 14.06504384, 15.57825725, 25.81550633, 27.40269317, 34.62884206], "fractional occupation": [2.0, 2.0, 2.0, 2.0, 2.0, 2.0, 2.0, 2.0, 2.0, 2.0, 2.0, 2.0, 2.0, 2.0, 2.0, 2.0, 2.0, 2.0, 2.0, 2.0, 2.0, 2.0, 2.0, 2.0, 2.0, 2.0, 2.0, 2.0, 2.0, 2.0, 2.0, 2.0, 2.0, 2.0, 2.0, 2.0, 2.0, 2.0, 2.0, 2.0, 2.0, 2.0, 2.0, 2.0, 2.0, 2.0, 2.0, 2.0, 2.0, 2.0, 2.0, 2.0, 2.0, 2.0, 2.0, 2.0, 0.0, 0.0, 0.0, 0.0, 0.0, 0.0, 0.0, 0.0, 0.0, 0.0, 0.0, 0.0, 0.0, 0.0, 0.0, 0.0, 0.0, 0.0, 0.0, 0.0, 0.0, 0.0, 0.0, 0.0, 0.0, 0.0, 0.0, 0.0, 0.0, 0.0, 0.0, 0.0, 0.0, 0.0, 0.0, 0.0, 0.0, 0.0, 0.0, 0.0, 0.0, 0.0, 0.0, 0.0, 0.0, 0.0, 0.0, 0.0, 0.0, 0.0, 0.0, 0.0, 0.0, 0.0, 0.0], "program call": "xtb /home/svss/Project-DBcg-Debug/aqme2_20220329/End-to-End-workflows-final/example-3/QDESCP/mol_957_rdkit_conf_6/mol_957_rdkit_conf_6.xyz --pop --wbo --acc 0.2 --gfn 2 --chrg 0 --uhf 0 --etemp 300 --input /home/svss/Project-DBcg-Debug/aqme2_20220329/End-to-End-workflows-final/example-3/QDESCP/mol_957_rdkit_conf_6/mol_957_rdkit_conf_6_xtb.inp", "method": "GFN2-xTB", "xtb version": "6.3.3 (7355c4f)", "Dipole module/D": 2.517, "Total charge": 0, "Transition dipole module/D": NaN, "HOMO": -9.8716, "LUMO": -7.6566, "HOMO occupancy": 2.0, "LUMO occupancy": 0, "mulliken charges": [-0.09524, 0.2081, -0.42223, 0.65435, -0.55057, -0.24817, 0.06829, 0.47934, -0.52253, -0.00292, -0.05066, 0.38178, -0.24165, -0.37106, 0.20724, -0.09659, -0.37735, 0.21549, -0.09734, 0.03874, 0.0437, 0.0445, 0.04288, 0.04187, 0.04797, 0.04987, 0.06617, 0.08001, 0.06579, 0.03144, 0.03395, 0.03107, 0.03843, 0.03728, 0.03178, 0.02628, 0.04056, 0.02906, 0.04038], "cm5 charges": [-0.24193, 0.12598, -0.50167, 0.77513, -0.59944, -0.4917, -0.01515, 0.57204, -0.57054, -0.07823, -0.05075, 0.32353, -0.21322, -0.43488, 0.12923, -0.24311, -0.43678, 0.13764, -0.2438, 0.08994, 0.09697, 0.09776, 0.10794, 0.10693, 0.11224, 0.11573, 0.13223, 0.14284, 0.13169, 0.09902, 0.10126, 0.0823, 0.09176, 0.0906, 0.09817, 0.09243, 0.09386, 0.08028, 0.0937], "FUKUI+": [0.009, 0.012, -0.052, -0.039, -0.087, -0.039, 0.028, -0.052, -0.116, 0.033, -0.166, -0.081, -0.093, -0.006, 0.008, 0.008, 0.001, 0.006, 0.007, -0.023, -0.013, -0.012, -0.018, -0.019, -0.034, -0.035, -0.022, -0.053, -0.049, 0.001, 0.001, -0.017, -0.015, -0.014, -0.015, -0.006, -0.007, -0.019, -0.011], "FUKUI-": [0.008, 0.006, -0.022, 0.003, -0.017, -0.011, 0.013, 0.008, -0.01, 0.031, -0.179, -0.109, -0.336, -0.004, 0.014, 0.01, -0.005, 0.014, 0.011, -0.022, -0.028, -0.025, -0.027, -0.032, -0.024, -0.014, -0.004, -0.034, -0.02, -0.008, -0.016, -0.025, -0.021, -0.016, -0.03, -0.013, -0.015, -0.027, -0.023], "FUKUIrad": [0.008, 0.009, -0.037, -0.018, -0.052, -0.025, 0.021, -0.022, -0.063, 0.032, -0.173, -0.095, -0.215, -0.005, 0.011, 0.009, -0.002, 0.01, 0.009, -0.023, -0.021, -0.018, -0.023, -0.025, -0.029, -0.024, -0.013, -0.044, -0.035, -0.004, -0.007, -0.021, -0.018, -0.015, -0.022, -0.01, -0.011, -0.023, -0.017], "s proportion": [1.011, 0.995, 1.694, 0.929, 1.724, 1.442, 0.983, 1.021, 1.734, 1.052, 1.91, 1.523, 1.892, 1.659, 0.994, 1.012, 1.651, 0.992, 1.012, 0.961, 0.956, 0.955, 0.957, 0.958, 0.952, 0.95, 0.934, 0.92, 0.934, 0.969, 0.966, 0.969, 0.962, 0.963, 0.968, 0.974, 0.959, 0.971, 0.96], "p proportion": [3.084, 2.797, 4.729, 2.417, 4.826, 3.806, 2.949, 2.5, 4.788, 2.95, 4.145, 2.021, 4.364, 4.712, 2.799, 3.085, 4.727, 2.792, 3.085, 0.0, 0.0, 0.0, 0.0, 0.0, 0.0, 0.0, 0.0, 0.0, 0.0, 0.0, 0.0, 0.0, 0.0, 0.0, 0.0, 0.0, 0.0, 0.0, 0.0], "d proportion": [0.0, 0.0, 0.0, 0.0, 0.0, 0.0, 0.0, 0.0, 0.0, 0.0, -0.004, 1.075, -0.014, 0.0, 0.0, 0.0, 0.0, 0.0, 0.0, 0.0, 0.0, 0.0, 0.0, 0.0, 0.0, 0.0, 0.0, 0.0, 0.0, 0.0, 0.0, 0.0, 0.0, 0.0, 0.0, 0.0, 0.0, 0.0, 0.0], "Fermi-level/eV": -8.7641, "Coordination numbers": [3.748, 3.699, 1.702, 2.661, 0.856, 2.73, 3.699, 2.787, 0.857, 3.796, 1.921, 3.902, 0.925, 1.658, 3.898, 3.749, 1.658, 3.888, 3.749, 0.924, 0.924, 0.924, 0.924, 0.924, 0.924, 0.924, 0.924, 0.924, 0.924, 0.924, 0.924, 0.924, 0.924, 0.924, 0.924, 0.924, 0.924, 0.924, 0.924], "Dispersion coefficient C6": [22.778, 19.333, 18.417, 20.345, 22.469, 22.995, 21.576, 22.213, 21.395, 21.199, 144.591, 143.831, 157.932, 18.312, 19.035, 22.72, 18.432, 18.935, 22.731, 2.234, 2.218, 2.204, 2.21, 2.232, 2.099, 1.96, 1.837, 1.636, 1.806, 2.267, 2.223, 2.248, 2.254, 2.251, 2.368, 2.344, 2.199, 2.27, 2.222], "Total dispersion C6": 19097.311528, "Total dispersion C8": 531382.794515, "Polarizability alpha": [6.807, 6.289, 5.794, 7.38, 6.355, 7.122, 6.643, 7.72, 6.202, 6.556, 20.238, 21.543, 21.256, 5.777, 6.202, 6.798, 5.796, 6.186, 6.8, 2.337, 2.329, 2.322, 2.325, 2.336, 2.266, 2.189, 2.119, 2.0, 2.102, 2.355, 2.332, 2.345, 2.348, 2.347, 2.406, 2.394, 2.319, 2.356, 2.331], "Total polarizability alpha": 213.323141, "Wiberg matrix": [[0.0, 1.0193491024527848, 0.0, 0.0, 0.0, 0.0, 0.0, 0.0, 0.0, 0.0, 0.0, 0.0, 0.0, 0.0, 0.0, 0.0, 0.0, 0.0, 0.0, 0.9825533256648818, 0.9850434658056475, 0.9849096949893044, 0.0, 0.0, 0.0, 0.0, 0.0, 0.0, 0.0, 0.0, 0.0, 0.0, 0.0, 0.0, 0.0, 0.0, 0.0, 0.0, 0.0], [1.0193491024527848, 0.0, 0.9320023829005256, 0.0, 0.0, 0.0, 0.0, 0.0, 0.0, 0.0, 0.0, 0.0, 0.0, 0.0, 0.0, 0.0, 0.0, 0.0, 0.0, 0.0, 0.0, 0.0, 0.9691044966826099, 0.9691758041816811, 0.0, 0.0, 0.0, 0.0, 0.0, 0.0, 0.0, 0.0, 0.0, 0.0, 0.0, 0.0, 0.0, 0.0, 0.0], [0.0, 0.9320023829005256, 0.0, 1.1041670796044363, 0.15072265799381046, 0.0, 0.0, 0.0, 0.0, 0.0, 0.0, 0.0, 0.0, 0.0, 0.0, 0.0, 0.0, 0.0, 0.0, 0.0, 0.0, 0.0, 0.0, 0.0, 0.0, 0.0, 0.0, 0.0, 0.0, 0.0, 0.0, 0.0, 0.0, 0.0, 0.0, 0.0, 0.0, 0.0, 0.0], [0.0, 0.0, 1.1041670796044363, 0.0, 1.6606356399748141, 1.107284975818819, 0.0, 0.0, 0.0, 0.0, 0.0, 0.0, 0.0, 0.0, 0.0, 0.0, 0.0, 0.0, 0.0, 0.0, 0.0, 0.0, 0.0, 0.0, 0.0, 0.0, 0.0, 0.0, 0.0, 0.0, 0.0, 0.0, 0.0, 0.0, 0.0, 0.0, 0.0, 0.0, 0.0], [0.0, 0.0, 0.15072265799381046, 1.6606356399748141, 0.0, 0.11621022285404778, 0.0, 0.0, 0.0, 0.0, 0.0, 0.0, 0.0, 0.0, 0.0, 0.0, 0.0, 0.0, 0.0, 0.0, 0.0, 0.0, 0.0, 0.0, 0.0, 0.0, 0.0, 0.0, 0.0, 0.0, 0.0, 0.0, 0.0, 0.0, 0.0, 0.0, 0.0, 0.0, 0.0], [0.0, 0.0, 0.0, 1.107284975818819, 0.11621022285404778, 0.0, 0.9756853149804382, 1.1309504684631353, 0.13281935067723086, 0.0, 0.0, 0.0, 0.0, 0.0, 0.0, 0.0, 0.0, 0.0, 0.0, 0.0, 0.0, 0.0, 0.0, 0.0, 0.0, 0.0, 0.0, 0.0, 0.0, 0.0, 0.0, 0.0, 0.0, 0.0, 0.0, 0.0, 0.0, 0.0, 0.0], [0.0, 0.0, 0.0, 0.0, 0.0, 0.9756853149804382, 0.0, 0.0, 0.0, 0.0, 0.0, 0.0, 0.0, 0.0, 0.0, 0.0, 0.0, 0.0, 0.0, 0.0, 0.0, 0.0, 0.0, 0.0, 0.9748945517279788, 0.9740743894506565, 0.9749388298826583, 0.0, 0.0, 0.0, 0.0, 0.0, 0.0, 0.0, 0.0, 0.0, 0.0, 0.0, 0.0], [0.0, 0.0, 0.0, 0.0, 0.0, 1.1309504684631353, 0.0, 0.0, 1.73921333161217, 0.9832704016562186, 0.0, 0.0, 0.0, 0.0, 0.0, 0.0, 0.0, 0.0, 0.0, 0.0, 0.0, 0.0, 0.0, 0.0, 0.0, 0.0, 0.0, 0.0, 0.0, 0.0, 0.0, 0.0, 0.0, 0.0, 0.0, 0.0, 0.0, 0.0, 0.0], [0.0, 0.0, 0.0, 0.0, 0.0, 0.13281935067723086, 0.0, 1.73921333161217, 0.0, 0.0, 0.0, 0.0, 0.0, 0.0, 0.0, 0.0, 0.0, 0.0, 0.0, 0.0, 0.0, 0.0, 0.0, 0.0, 0.0, 0.0, 0.0, 0.0, 0.0, 0.0, 0.0, 0.0, 0.0, 0.0, 0.0, 0.0, 0.0, 0.0, 0.0], [0.0, 0.0, 0.0, 0.0, 0.0, 0.0, 0.0, 0.9832704016562186, 0.0, 0.0, 0.9774737692093551, 0.0, 0.0, 0.0, 0.0, 0.0, 0.0, 0.0, 0.0, 0.0, 0.0, 0.0, 0.0, 0.0, 0.0, 0.0, 0.0, 0.9335411674321057, 0.9567417664785904, 0.0, 0.0, 0.0, 0.0, 0.0, 0.0, 0.0, 0.0, 0.0, 0.0], [0.0, 0.0, 0.0, 0.0, 0.0, 0.0, 0.0, 0.0, 0.0, 0.9774737692093551, 0.0, 1.0164967582141353, 0.1492453273203707, 0.0, 0.0, 0.0, 0.0, 0.0, 0.0, 0.0, 0.0, 0.0, 0.0, 0.0, 0.0, 0.0, 0.0, 0.0, 0.0, 0.0, 0.0, 0.0, 0.0, 0.0, 0.0, 0.0, 0.0, 0.0, 0.0], [0.0, 0.0, 0.0, 0.0, 0.0, 0.0, 0.0, 0.0, 0.0, 0.0, 1.0164967582141353, 0.0, 1.5307085337493644, 1.2530068078119516, 0.0, 0.0, 1.2369265151544082, 0.0, 0.0, 0.0, 0.0, 0.0, 0.0, 0.0, 0.0, 0.0, 0.0, 0.0, 0.0, 0.0, 0.0, 0.0, 0.0, 0.0, 0.0, 0.0, 0.0, 0.0, 0.0], [0.0, 0.0, 0.0, 0.0, 0.0, 0.0, 0.0, 0.0, 0.0, 0.0, 0.1492453273203707, 1.5307085337493644, 0.0, 0.0, 0.0, 0.0, 0.0, 0.0, 0.0, 0.0, 0.0, 0.0, 0.0, 0.0, 0.0, 0.0, 0.0, 0.0, 0.0, 0.0, 0.0, 0.0, 0.0, 0.0, 0.0, 0.0, 0.0, 0.0, 0.0], [0.0, 0.0, 0.0, 0.0, 0.0, 0.0, 0.0, 0.0, 0.0, 0.0, 0.0, 1.2530068078119516, 0.0, 0.0, 0.9207657473990419, 0.0, 0.0, 0.0, 0.0, 0.0, 0.0, 0.0, 0.0, 0.0, 0.0, 0.0, 0.0, 0.0, 0.0, 0.0, 0.0, 0.0, 0.0, 0.0, 0.0, 0.0, 0.0, 0.0, 0.0], [0.0, 0.0, 0.0, 0.0, 0.0, 0.0, 0.0, 0.0, 0.0, 0.0, 0.0, 0.0, 0.0, 0.9207657473990419, 0.0, 1.0157346285160362, 0.0, 0.0, 0.0, 0.0, 0.0, 0.0, 0.0, 0.0, 0.0, 0.0, 0.0, 0.0, 0.0, 0.9678738836403366, 0.9689553806194311, 0.0, 0.0, 0.0, 0.0, 0.0, 0.0, 0.0, 0.0], [0.0, 0.0, 0.0, 0.0, 0.0, 0.0, 0.0, 0.0, 0.0, 0.0, 0.0, 0.0, 0.0, 0.0, 1.0157346285160362, 0.0, 0.0, 0.0, 0.0, 0.0, 0.0, 0.0, 0.0, 0.0, 0.0, 0.0, 0.0, 0.0, 0.0, 0.0, 0.0, 0.982098702457582, 0.985028292268847, 0.9851223671849205, 0.0, 0.0, 0.0, 0.0, 0.0], [0.0, 0.0, 0.0, 0.0, 0.0, 0.0, 0.0, 0.0, 0.0, 0.0, 0.0, 1.2369265151544082, 0.0, 0.0, 0.0, 0.0, 0.0, 0.9181949346124543, 0.0, 0.0, 0.0, 0.0, 0.0, 0.0, 0.0, 0.0, 0.0, 0.0, 0.0, 0.0, 0.0, 0.0, 0.0, 0.0, 0.0, 0.0, 0.0, 0.0, 0.0], [0.0, 0.0, 0.0, 0.0, 0.0, 0.0, 0.0, 0.0, 0.0, 0.0, 0.0, 0.0, 0.0, 0.0, 0.0, 0.0, 0.9181949346124543, 0.0, 1.015473939259645, 0.0, 0.0, 0.0, 0.0, 0.0, 0.0, 0.0, 0.0, 0.0, 0.0, 0.0, 0.0, 0.0, 0.0, 0.0, 0.9717183012193751, 0.9676039783315612, 0.0, 0.0, 0.0], [0.0, 0.0, 0.0, 0.0, 0.0, 0.0, 0.0, 0.0, 0.0, 0.0, 0.0, 0.0, 0.0, 0.0, 0.0, 0.0, 0.0, 1.015473939259645, 0.0, 0.0, 0.0, 0.0, 0.0, 0.0, 0.0, 0.0, 0.0, 0.0, 0.0, 0.0, 0.0, 0.0, 0.0, 0.0, 0.0, 0.0, 0.9845669292182634, 0.9813752931689969, 0.9847286526462646], [0.9825533256648818, 0.0, 0.0, 0.0, 0.0, 0.0, 0.0, 0.0, 0.0, 0.0, 0.0, 0.0, 0.0, 0.0, 0.0, 0.0, 0.0, 0.0, 0.0, 0.0, 0.0, 0.0, 0.0, 0.0, 0.0, 0.0, 0.0, 0.0, 0.0, 0.0, 0.0, 0.0, 0.0, 0.0, 0.0, 0.0, 0.0, 0.0, 0.0], [0.9850434658056475, 0.0, 0.0, 0.0, 0.0, 0.0, 0.0, 0.0, 0.0, 0.0, 0.0, 0.0, 0.0, 0.0, 0.0, 0.0, 0.0, 0.0, 0.0, 0.0, 0.0, 0.0, 0.0, 0.0, 0.0, 0.0, 0.0, 0.0, 0.0, 0.0, 0.0, 0.0, 0.0, 0.0, 0.0, 0.0, 0.0, 0.0, 0.0], [0.9849096949893044, 0.0, 0.0, 0.0, 0.0, 0.0, 0.0, 0.0, 0.0, 0.0, 0.0, 0.0, 0.0, 0.0, 0.0, 0.0, 0.0, 0.0, 0.0, 0.0, 0.0, 0.0, 0.0, 0.0, 0.0, 0.0, 0.0, 0.0, 0.0, 0.0, 0.0, 0.0, 0.0, 0.0, 0.0, 0.0, 0.0, 0.0, 0.0], [0.0, 0.9691044966826099, 0.0, 0.0, 0.0, 0.0, 0.0, 0.0, 0.0, 0.0, 0.0, 0.0, 0.0, 0.0, 0.0, 0.0, 0.0, 0.0, 0.0, 0.0, 0.0, 0.0, 0.0, 0.0, 0.0, 0.0, 0.0, 0.0, 0.0, 0.0, 0.0, 0.0, 0.0, 0.0, 0.0, 0.0, 0.0, 0.0, 0.0], [0.0, 0.9691758041816811, 0.0, 0.0, 0.0, 0.0, 0.0, 0.0, 0.0, 0.0, 0.0, 0.0, 0.0, 0.0, 0.0, 0.0, 0.0, 0.0, 0.0, 0.0, 0.0, 0.0, 0.0, 0.0, 0.0, 0.0, 0.0, 0.0, 0.0, 0.0, 0.0, 0.0, 0.0, 0.0, 0.0, 0.0, 0.0, 0.0, 0.0], [0.0, 0.0, 0.0, 0.0, 0.0, 0.0, 0.9748945517279788, 0.0, 0.0, 0.0, 0.0, 0.0, 0.0, 0.0, 0.0, 0.0, 0.0, 0.0, 0.0, 0.0, 0.0, 0.0, 0.0, 0.0, 0.0, 0.0, 0.0, 0.0, 0.0, 0.0, 0.0, 0.0, 0.0, 0.0, 0.0, 0.0, 0.0, 0.0, 0.0], [0.0, 0.0, 0.0, 0.0, 0.0, 0.0, 0.9740743894506565, 0.0, 0.0, 0.0, 0.0, 0.0, 0.0, 0.0, 0.0, 0.0, 0.0, 0.0, 0.0, 0.0, 0.0, 0.0, 0.0, 0.0, 0.0, 0.0, 0.0, 0.0, 0.0, 0.0, 0.0, 0.0, 0.0, 0.0, 0.0, 0.0, 0.0, 0.0, 0.0], [0.0, 0.0, 0.0, 0.0, 0.0, 0.0, 0.9749388298826583, 0.0, 0.0, 0.0, 0.0, 0.0, 0.0, 0.0, 0.0, 0.0, 0.0, 0.0, 0.0, 0.0, 0.0, 0.0, 0.0, 0.0, 0.0, 0.0, 0.0, 0.0, 0.0, 0.0, 0.0, 0.0, 0.0, 0.0, 0.0, 0.0, 0.0, 0.0, 0.0], [0.0, 0.0, 0.0, 0.0, 0.0, 0.0, 0.0, 0.0, 0.0, 0.9335411674321057, 0.0, 0.0, 0.0, 0.0, 0.0, 0.0, 0.0, 0.0, 0.0, 0.0, 0.0, 0.0, 0.0, 0.0, 0.0, 0.0, 0.0, 0.0, 0.0, 0.0, 0.0, 0.0, 0.0, 0.0, 0.0, 0.0, 0.0, 0.0, 0.0], [0.0, 0.0, 0.0, 0.0, 0.0, 0.0, 0.0, 0.0, 0.0, 0.9567417664785904, 0.0, 0.0, 0.0, 0.0, 0.0, 0.0, 0.0, 0.0, 0.0, 0.0, 0.0, 0.0, 0.0, 0.0, 0.0, 0.0, 0.0, 0.0, 0.0, 0.0, 0.0, 0.0, 0.0, 0.0, 0.0, 0.0, 0.0, 0.0, 0.0], [0.0, 0.0, 0.0, 0.0, 0.0, 0.0, 0.0, 0.0, 0.0, 0.0, 0.0, 0.0, 0.0, 0.0, 0.9678738836403366, 0.0, 0.0, 0.0, 0.0, 0.0, 0.0, 0.0, 0.0, 0.0, 0.0, 0.0, 0.0, 0.0, 0.0, 0.0, 0.0, 0.0, 0.0, 0.0, 0.0, 0.0, 0.0, 0.0, 0.0], [0.0, 0.0, 0.0, 0.0, 0.0, 0.0, 0.0, 0.0, 0.0, 0.0, 0.0, 0.0, 0.0, 0.0, 0.9689553806194311, 0.0, 0.0, 0.0, 0.0, 0.0, 0.0, 0.0, 0.0, 0.0, 0.0, 0.0, 0.0, 0.0, 0.0, 0.0, 0.0, 0.0, 0.0, 0.0, 0.0, 0.0, 0.0, 0.0, 0.0], [0.0, 0.0, 0.0, 0.0, 0.0, 0.0, 0.0, 0.0, 0.0, 0.0, 0.0, 0.0, 0.0, 0.0, 0.0, 0.982098702457582, 0.0, 0.0, 0.0, 0.0, 0.0, 0.0, 0.0, 0.0, 0.0, 0.0, 0.0, 0.0, 0.0, 0.0, 0.0, 0.0, 0.0, 0.0, 0.0, 0.0, 0.0, 0.0, 0.0], [0.0, 0.0, 0.0, 0.0, 0.0, 0.0, 0.0, 0.0, 0.0, 0.0, 0.0, 0.0, 0.0, 0.0, 0.0, 0.985028292268847, 0.0, 0.0, 0.0, 0.0, 0.0, 0.0, 0.0, 0.0, 0.0, 0.0, 0.0, 0.0, 0.0, 0.0, 0.0, 0.0, 0.0, 0.0, 0.0, 0.0, 0.0, 0.0, 0.0], [0.0, 0.0, 0.0, 0.0, 0.0, 0.0, 0.0, 0.0, 0.0, 0.0, 0.0, 0.0, 0.0, 0.0, 0.0, 0.9851223671849205, 0.0, 0.0, 0.0, 0.0, 0.0, 0.0, 0.0, 0.0, 0.0, 0.0, 0.0, 0.0, 0.0, 0.0, 0.0, 0.0, 0.0, 0.0, 0.0, 0.0, 0.0, 0.0, 0.0], [0.0, 0.0, 0.0, 0.0, 0.0, 0.0, 0.0, 0.0, 0.0, 0.0, 0.0, 0.0, 0.0, 0.0, 0.0, 0.0, 0.0, 0.9717183012193751, 0.0, 0.0, 0.0, 0.0, 0.0, 0.0, 0.0, 0.0, 0.0, 0.0, 0.0, 0.0, 0.0, 0.0, 0.0, 0.0, 0.0, 0.0, 0.0, 0.0, 0.0], [0.0, 0.0, 0.0, 0.0, 0.0, 0.0, 0.0, 0.0, 0.0, 0.0, 0.0, 0.0, 0.0, 0.0, 0.0, 0.0, 0.0, 0.9676039783315612, 0.0, 0.0, 0.0, 0.0, 0.0, 0.0, 0.0, 0.0, 0.0, 0.0, 0.0, 0.0, 0.0, 0.0, 0.0, 0.0, 0.0, 0.0, 0.0, 0.0, 0.0], [0.0, 0.0, 0.0, 0.0, 0.0, 0.0, 0.0, 0.0, 0.0, 0.0, 0.0, 0.0, 0.0, 0.0, 0.0, 0.0, 0.0, 0.0, 0.9845669292182634, 0.0, 0.0, 0.0, 0.0, 0.0, 0.0, 0.0, 0.0, 0.0, 0.0, 0.0, 0.0, 0.0, 0.0, 0.0, 0.0, 0.0, 0.0, 0.0, 0.0], [0.0, 0.0, 0.0, 0.0, 0.0, 0.0, 0.0, 0.0, 0.0, 0.0, 0.0, 0.0, 0.0, 0.0, 0.0, 0.0, 0.0, 0.0, 0.9813752931689969, 0.0, 0.0, 0.0, 0.0, 0.0, 0.0, 0.0, 0.0, 0.0, 0.0, 0.0, 0.0, 0.0, 0.0, 0.0, 0.0, 0.0, 0.0, 0.0, 0.0], [0.0, 0.0, 0.0, 0.0, 0.0, 0.0, 0.0, 0.0, 0.0, 0.0, 0.0, 0.0, 0.0, 0.0, 0.0, 0.0, 0.0, 0.0, 0.9847286526462646, 0.0, 0.0, 0.0, 0.0, 0.0, 0.0, 0.0, 0.0, 0.0, 0.0, 0.0, 0.0, 0.0, 0.0, 0.0, 0.0, 0.0, 0.0, 0.0, 0.0]], "Born radii": [], "Atomic SASAs": [], "Solvent H bonds": [], "Total SASA": NaN, "Total FOD": 0.0, "FOD": [0.0, 0.0, 0.0, 0.0, 0.0, 0.0, 0.0, 0.0, 0.0, 0.0, 0.0, 0.0, 0.0, 0.0, 0.0, 0.0, 0.0, 0.0, 0.0, 0.0, 0.0, 0.0, 0.0, 0.0, 0.0, 0.0, 0.0, 0.0, 0.0, 0.0, 0.0, 0.0, 0.0, 0.0, 0.0, 0.0, 0.0, 0.0, 0.0], "FOD s proportion": [0.0, 0.0, 0.0, 0.0, 0.0, 0.0, 0.0, 0.0, 0.0, 0.0, 0.0, 0.0, 0.0, 0.0, 0.0, 0.0, 0.0, 0.0, 0.0, 0.0, 0.0, 0.0, 0.0, 0.0, 0.0, 0.0, 0.0, 0.0, 0.0, 0.0, 0.0, 0.0, 0.0, 0.0, 0.0, 0.0, 0.0, 0.0, 0.0], "FOD p proportion": [0.0, 0.0, 0.0, 0.0, 0.0, 0.0, 0.0, 0.0, 0.0, 0.0, 0.0, 0.0, 0.0, 0.0, 0.0, 0.0, 0.0, 0.0, 0.0, 0.0, 0.0, 0.0, 0.0, 0.0, 0.0, 0.0, 0.0, 0.0, 0.0, 0.0, 0.0, 0.0, 0.0, 0.0, 0.0, 0.0, 0.0, 0.0, 0.0], "FOD d proportion": [0.0, 0.0, 0.0, 0.0, 0.0, 0.0, 0.0, 0.0, 0.0, 0.0, 0.0, 0.0, 0.0, 0.0, 0.0, 0.0, 0.0, 0.0, 0.0, 0.0, 0.0, 0.0, 0.0, 0.0, 0.0, 0.0, 0.0, 0.0, 0.0, 0.0, 0.0, 0.0, 0.0, 0.0, 0.0, 0.0, 0.0, 0.0, 0.0], "coordinates": [["6.51180", "-1.04490", "-0.65420"], ["5.44950", "0.02610", "-0.50190"], ["4.26530", "-0.59150", "0.02000"], ["3.21050", "0.25510", "0.20680"], ["3.27750", "1.45270", "-0.04270"], ["2.08480", "-0.39760", "0.70360"], ["2.19660", "-1.80100", "1.07080"], ["0.92510", "0.26730", "1.11020"], ["0.15190", "-0.23200", "1.93550"], ["0.65290", "1.64530", "0.50750"], ["-1.09600", "2.11790", "0.64380"], ["-2.16330", "0.63200", "-0.40640"], ["-1.22140", "-0.75210", "-1.42100"], ["-3.30300", "0.04080", "0.59180"], ["-2.90930", "-0.68020", "1.74670"], ["-4.14390", "-1.30800", "2.36180"], ["-3.12980", "1.50050", "-1.39270"], ["-4.29710", "0.90220", "-1.93280"], ["-4.78530", "1.75590", "-3.08540"], ["7.43870", "-0.62150", "-1.05090"], ["6.72320", "-1.51800", "0.31040"], ["6.16730", "-1.83630", "-1.32810"], ["5.23320", "0.47420", "-1.47810"], ["5.79950", "0.79850", "0.19190"], ["2.83160", "-1.88160", "1.95900"], ["2.65450", "-2.36740", "0.25360"], ["1.22070", "-2.24580", "1.28600"], ["1.24300", "2.39090", "1.04710"], ["0.90920", "1.65850", "-0.55470"], ["-2.19350", "-1.46240", "1.47980"], ["-2.45000", "0.00530", "2.46380"], ["-3.88730", "-1.87200", "3.26290"], ["-4.87840", "-0.53900", "2.62300"], ["-4.62920", "-1.98250", "1.64850"], ["-5.06580", "0.85380", "-1.15530"], ["-4.08700", "-0.11180", "-2.28420"], ["-4.01750", "1.82850", "-3.86290"], ["-5.69410", "1.33550", "-3.52500"], ["-4.99500", "2.77640", "-2.74840"]], "bond_dist": [[0.0, 1.5161522285047768, 2.388907585068958, 3.651013926294995, 4.131904464045606, 4.6755691771163, 4.708318516200874, 6.003848190119402, 6.914888322308611, 6.55083446134918, 8.34066716036553, 8.839160506518706, 7.7766378544972765, 9.952967373100346, 9.72905196357795, 11.077428406448854, 9.999244669973828, 11.057049135280174, 11.89031885569096, 1.0935182028663262, 1.0949733923707918, 1.0950504189305623, 2.1497195119363828, 2.149739533059761, 4.590506853278841, 4.1775435820587195, 5.7621416209600405, 6.516087535477098, 6.221527028792851, 8.972764921694985, 9.546659273274605, 11.143116603087307, 11.863078465980069, 11.4150515570452, 11.74295468185073, 10.763927584761987, 11.376218253004819, 12.762906863641996, 12.304245347440045], [1.5161522285047768, 0.0, 1.4339243390081637, 2.3596223617350294, 2.638870250694414, 3.599160739672514, 4.048831696921964, 4.809078831751461, 5.837131155799053, 5.162176726924408, 6.966478736061712, 7.6374707135281374, 6.778734901144903, 8.820581161692237, 8.684733679854551, 10.100194258527901, 8.750529611972066, 9.889956399297219, 10.696626165758996, 2.162799898280005, 2.1601823510990923, 2.1601798628817925, 1.0956941817861403, 1.095655146476299, 4.068015303560202, 3.756547284408916, 5.122583865589709, 5.068167547546154, 4.825126080218007, 8.034812763219811, 8.437885361866444, 10.244624780342129, 10.805084748857826, 10.49947083476115, 10.56804395051421, 9.702599752128293, 10.206324302117778, 11.620390825183119, 11.031703974907956], [2.388907585068958, 1.4339243390081637, 0.0, 1.3653676574461546, 2.2712185649998546, 2.29335701974202, 2.616599048383225, 3.617044307165728, 4.551751317899517, 4.276723541450862, 6.039330467030265, 6.557870627726655, 5.675046277344353, 7.616161987510507, 7.3799895487730875, 8.758541210155947, 7.814069957454949, 8.908381519108845, 9.85226655546834, 3.3493573070068234, 2.6427271557994785, 2.64282134280772, 2.077703181400077, 2.0773587196245145, 2.7348811125897226, 2.408955460360361, 3.689045086468855, 4.368517077910993, 4.0811992477701935, 6.6787409210119835, 7.171023829970166, 8.86684653188494, 9.507134949079033, 9.148717041203101, 9.515232492692967, 8.67757829235784, 9.46245677665161, 10.745696922954787, 10.235230581672306], [3.651013926294995, 2.3596223617350294, 1.3653676574461546, 0.0, 1.2251469340450556, 1.3928488862758948, 2.4499053900099894, 2.4575055564535355, 3.546928820825138, 2.926498640013352, 4.71242348372894, 5.421788845943745, 4.827620769074556, 6.528386610794431, 6.3795007751390695, 7.821413297480194, 6.656487474637055, 7.833306091938448, 8.776320363341348, 4.497545118172801, 3.9362009425332953, 3.9335147400257697, 2.641629820773532, 2.6454539440330462, 2.7891319330573086, 2.6811998228405134, 3.373199888829596, 3.023045150175564, 2.8009633164324024, 5.811501634689609, 6.098992481549719, 8.015177256929507, 8.47932311331512, 8.279266195744645, 8.408977333183865, 7.719663390329917, 8.442868567613734, 9.715219841053521, 9.078567672270776], [4.131904464045606, 2.638870250694414, 2.2712185649998546, 1.2251469340450556, 0.0, 2.324458446606435, 3.6048288100823873, 2.8754368937606682, 4.06458665672169, 2.688557226469245, 4.476748322164203, 5.51435679114074, 5.196244330283172, 6.760105924465977, 6.784372410916134, 8.275280218820388, 6.54815074123985, 7.826243889631859, 8.623148924261947, 4.757558020665644, 4.563177247269714, 4.562972517997451, 2.6158359849195443, 2.6160081804153443, 3.9144841537551276, 3.88189215460708, 4.435625342609541, 2.4913999137031366, 2.4317365256129206, 6.383389010549177, 6.417302023436329, 8.562416743536838, 8.808605462273809, 8.785024836049127, 8.438436754517983, 7.8554339631875205, 8.24331114783374, 9.624435343956547, 8.803820217950843], [4.6755691771163, 3.599160739672514, 2.29335701974202, 1.3928488862758948, 2.324458446606435, 0.0, 1.454945579738294, 1.397254329032478, 2.2980651383283286, 2.5024454499549034, 4.055712629119573, 4.509825913491562, 3.9459541114919214, 5.406762676500607, 5.109692278405814, 6.509620502763583, 5.932057860473042, 7.026288679665816, 8.135868562114313, 5.638496844904677, 4.787970024968828, 4.781680544536616, 3.9283931435130066, 3.9359227876064846, 2.0823053090265127, 2.0993261133039813, 2.1217214261066415, 2.9329766006567457, 2.6819585119833604, 4.476621088499673, 4.881090399695544, 6.662570844651485, 7.2242815947331405, 6.962940472243031, 7.493503288182372, 6.862925449106962, 7.940183168542146, 9.021972000621593, 8.492004948185087], [4.708318516200874, 4.048831696921964, 2.616599048383225, 2.4499053900099894, 3.6048288100823873, 1.454945579738294, 0.0, 2.428194699771828, 2.71850421739603, 3.818023084005648, 5.136275009187106, 5.206758766257565, 4.357979170441273, 5.819559124194891, 5.270981716910048, 6.489350526054206, 6.73344424941649, 7.648335955618059, 8.869749920939148, 5.776888743086541, 4.59873947076805, 4.6392268526124045, 4.5710355292865525, 4.528879979641766, 1.0948153268930791, 1.094667625354838, 1.0938642008951571, 4.299062718779525, 4.03333475674906, 4.422093279206128, 5.1762979290222475, 6.467161867465512, 7.352386948467824, 6.852607181212126, 8.04648606597936, 7.320727463852209, 8.725233793429263, 9.655162162283967, 9.34119852909679], [6.003848190119402, 4.809078831751461, 3.617044307165728, 2.4575055564535355, 2.8754368937606682, 1.397254329032478, 2.428194699771828, 0.0, 1.2362276570276203, 1.5284711740821286, 2.7797651933211913, 3.459956099432477, 3.471831224296481, 4.265778993337558, 4.000688923173108, 5.453699079523916, 4.922144315234977, 6.077361257157584, 7.240694544033742, 6.920065289431886, 6.119227054130284, 6.152324819935957, 5.030092455412723, 4.988509165071264, 2.99549243030257, 3.265919780092585, 2.536524513975767, 2.1481896983274074, 2.169696352027168, 3.585265988737795, 3.645843793965946, 5.689456524133039, 6.051387921791165, 6.016777827043309, 6.43174589905416, 6.065213481815789, 7.183200109282771, 8.151069802179343, 7.498797288899067], [6.914888322308611, 5.837131155799053, 4.551751317899517, 3.546928820825138, 4.06458665672169, 2.2980651383283286, 2.71850421739603, 1.2362276570276203, 0.0, 2.411315054073192, 2.957663488296125, 3.4045767211211437, 3.6636797280875957, 3.7170261688613384, 3.0995925732263587, 4.448978009610747, 4.9847794715513745, 6.003645186884382, 7.316906932577454, 7.884652779292185, 6.890335964232803, 7.029217638542713, 6.162060782725208, 5.999788077090724, 3.146827688323592, 3.69482442478665, 2.3705640953157117, 2.9764673994519075, 3.2169223770554365, 2.6874612201853254, 2.665576070946016, 4.5570524903713805, 5.086336927495071, 5.0995623792635385, 6.160876526112173, 5.982356503920508, 7.433101584802942, 8.15167666802358, 7.581554549035443], [6.55083446134918, 5.162176726924408, 4.276723541450862, 2.926498640013352, 2.688557226469245, 2.5024454499549034, 3.818023084005648, 1.5284711740821286, 2.411315054073192, 0.0, 1.8167497516168813, 3.1293725473327716, 3.6027266757277054, 4.269739049403371, 4.430895590058515, 5.930404675905347, 4.235628214326654, 5.5686409203682725, 6.518832871764699, 7.322163235000978, 6.847908979389256, 6.774922381843204, 5.127692527833548, 5.225338760310187, 4.392335318483779, 4.491395001555753, 4.008630476858649, 1.093300292691811, 1.0927638216925006, 4.324946189260625, 4.018046552741767, 6.370011341434174, 6.312035046639079, 6.508716789813487, 6.007903609413187, 5.774741666083427, 6.398952614295561, 7.526050842905593, 6.61657361706193], [8.34066716036553, 6.966478736061712, 6.039330467030265, 4.71242348372894, 4.476748322164203, 4.055712629119573, 5.136275009187106, 2.7797651933211913, 2.957663488296125, 1.8167497516168813, 0.0, 2.1094900189382266, 3.537799344225164, 3.031154468185348, 3.5119522932408977, 4.8967345466136925, 2.943612992565429, 4.2853045702726895, 5.258223191345152, 9.122358496573131, 8.6296473282516, 8.501741829766416, 6.874807774767234, 7.035122615846864, 5.757759377570411, 5.859728865741145, 4.982107728662639, 2.3891632196231387, 2.3808144929834416, 3.836919381483015, 3.0998056003562544, 5.529045352499834, 5.028210418230327, 5.5051071279313, 4.53806364653472, 4.742449482071475, 5.378592706275499, 6.255682761297923, 5.209879469815017], [8.839160506518706, 7.6374707135281374, 6.557870627726655, 5.421788845943745, 5.51435679114074, 4.509825913491562, 5.206758766257565, 3.459956099432477, 3.4045767211211437, 3.1293725473327716, 2.1094900189382266, 0.0, 1.957631625204293, 1.6262954128939795, 2.6294912911055626, 3.9178192403427703, 1.6313191563884732, 2.637424395124911, 3.913448122819568, 9.704898067470879, 9.170942399230299, 8.737329806067756, 7.47540326537639, 7.98698121820754, 6.071435425828063, 5.713422546950295, 4.753672958881374, 4.099911114890175, 3.2428307680173507, 2.8187184747682767, 2.951778755259276, 4.765076546079822, 4.23323438637645, 4.139913896447606, 3.005753266653802, 2.789263876007431, 4.100861146149671, 4.763100550061902, 4.254637499247146], [7.7766378544972765, 6.778734901144903, 5.675046277344353, 4.827620769074556, 5.196244330283172, 3.9459541114919214, 4.357979170441273, 3.471831224296481, 3.6636797280875957, 3.6027266757277054, 3.537799344225164, 1.957631625204293, 0.0, 3.0021846728674104, 3.5900556137753634, 4.812442924336869, 2.9524563011160727, 3.529671120656994, 4.664941003914198, 8.66898854423052, 8.167069115049781, 7.468400614589445, 6.570306938035696, 7.368774903605076, 5.396941657086909, 4.520628281555562, 3.9399036917163346, 4.695022254473348, 3.331804977786065, 3.140723665017348, 4.144247067924402, 5.504554298941923, 5.456463745870581, 4.748559281508445, 4.1747961219681144, 3.0605165724106116, 4.521122336323139, 5.36562531770529, 5.3340753622347705], [9.952967373100346, 8.820581161692237, 7.616161987510507, 6.528386610794431, 6.760105924465977, 5.406762676500607, 5.819559124194891, 4.265778993337558, 3.7170261688613384, 4.269739049403371, 3.031154468185348, 1.6262954128939795, 3.0021846728674104, 0.0, 1.4172631018974564, 2.3789229180450553, 2.469607778575375, 2.846726177559057, 4.319789478666756, 10.88674531115705, 10.150553179014432, 9.84358179272159, 8.794261311218811, 9.142731295953086, 6.572531837884089, 6.434719320219025, 5.116083940867272, 5.137741147625092, 4.655539107342994, 2.0686093130410104, 2.0574871202513028, 3.336912576019935, 2.635114160714864, 2.6399174646189225, 2.6116644596884955, 2.9848481971450407, 4.85290981061878, 4.9337257260613905, 4.637165880147054], [9.72905196357795, 8.684733679854551, 7.3799895487730875, 6.3795007751390695, 6.784372410916134, 5.109692278405814, 5.270981716910048, 4.000688923173108, 3.0995925732263587, 4.430895590058515, 3.5119522932408977, 2.6294912911055626, 3.5900556137753634, 1.4172631018974564, 0.0, 1.5154926624698652, 3.8288255510012466, 4.238950206124153, 5.727403392463289, 10.719660230156551, 9.77496408075242, 9.65275244735925, 8.833588209216003, 8.969233756012828, 5.869102662247441, 6.00265457027139, 4.440748568653713, 5.211783827059599, 5.0345706768303495, 1.0933627440149953, 1.0932059046675515, 2.1623444868937978, 2.1599060025843717, 2.1595565609633844, 3.9274994907701775, 4.2377129043860435, 6.244140860839063, 6.293566430887974, 6.041866603956099], [11.077428406448854, 10.100194258527901, 8.758541210155947, 7.821413297480194, 8.275280218820388, 6.509620502763583, 6.489350526054206, 5.453699079523916, 4.448978009610747, 5.930404675905347, 4.8967345466136925, 3.9178192403427703, 4.812442924336869, 2.3789229180450553, 1.5154926624698652, 0.0, 4.7971180212706885, 4.832395207348008, 6.282584262069233, 12.094396483495983, 11.061021850172795, 10.964274182087932, 10.288395076978722, 10.393123294756009, 7.010625154007308, 7.1961849726087515, 5.5511933527846065, 6.665507400791031, 6.545220707508648, 2.1461182446454345, 2.145800107186129, 1.0935816247541836, 1.0950236024853526, 1.095108775419136, 4.230043883933121, 4.797858694251009, 6.971405833832943, 6.636687918683536, 6.5970325609322265], [9.999244669973828, 8.750529611972066, 7.814069957454949, 6.656487474637055, 6.54815074123985, 5.932057860473042, 6.73344424941649, 4.922144315234977, 4.9847794715513745, 4.235628214326654, 2.943612992565429, 1.6313191563884732, 2.9524563011160727, 2.469607778575375, 3.8288255510012466, 4.7971180212706885, 0.0, 1.4185415714740266, 2.381416112316367, 10.78484601141806, 10.444783428104193, 9.877979338407222, 8.426170770284685, 9.095941933082027, 7.62959915460832, 7.150460166310976, 6.3353806223462215, 5.085942984344201, 4.128041787579191, 4.231629751053369, 4.191699336784546, 5.798463060156545, 4.831460307194917, 4.860903907710992, 2.0549149982420203, 2.0761780703976234, 2.64527566238379, 3.339096102240844, 2.63530156528622], [11.057049135280174, 9.889956399297219, 8.908381519108845, 7.833306091938448, 7.826243889631859, 7.026288679665816, 7.648335955618059, 6.077361257157584, 6.003645186884382, 5.5686409203682725, 4.2853045702726895, 2.637424395124911, 3.529671120656994, 2.846726177559057, 4.238950206124153, 4.832395207348008, 1.4185415714740266, 0.0, 1.5151335551693124, 11.867114684707486, 11.503752708138332, 10.833684124064169, 9.550735792597344, 10.318257379034504, 8.585686540399667, 7.987200490785242, 7.121565437458256, 6.464421065339108, 5.438447295874072, 4.654278126627157, 4.852452944645625, 5.904186664562699, 4.813551783246962, 4.610585016025624, 1.094416968070214, 1.0935355366882231, 2.1590492954075873, 2.1620496594666827, 2.1598364313067786], [11.89031885569096, 10.696626165758996, 9.85226655546834, 8.776320363341348, 8.623148924261947, 8.135868562114313, 8.869749920939148, 7.240694544033742, 7.316906932577454, 6.518832871764699, 5.258223191345152, 3.913448122819568, 4.664941003914198, 4.319789478666756, 5.727403392463289, 6.282584262069233, 2.381416112316367, 1.5151335551693124, 0.0, 12.618137620504859, 12.437662605972234, 11.659822077973574, 10.227243540172493, 11.12183892573526, 9.833338355817927, 9.137896252967638, 8.437699736895121, 7.3362921247725685, 6.232275627730212, 6.157591507237226, 6.269916035322961, 7.366747946007112, 6.153134500398964, 6.03405427386927, 2.1488952208053327, 2.148917778790059, 1.095122755676276, 1.0935729330959134, 1.0949718443868774], [1.0935182028663262, 2.162799898280005, 3.3493573070068234, 4.497545118172801, 4.757558020665644, 5.638496844904677, 5.776888743086541, 6.920065289431886, 7.884652779292185, 7.322163235000978, 9.122358496573131, 9.704898067470879, 8.66898854423052, 10.88674531115705, 10.719660230156551, 12.094396483495983, 10.78484601141806, 11.867114684707486, 12.618137620504859, 0.0, 1.7801096005583474, 1.7801788786523671, 2.4994576571728517, 2.4995856616647485, 5.645593009596069, 5.257228994441844, 6.838346006162602, 7.201587064668454, 6.933901116254831, 9.994540116483599, 10.513438163607564, 12.184042707164155, 12.85361038269015, 12.440791444679071, 12.591661117580953, 11.602697249777744, 12.04800242529856, 13.506348716437023, 13.000927903422893], [1.0949733923707918, 2.1601823510990923, 2.6427271557994785, 3.9362009425332953, 4.563177247269714, 4.787970024968828, 4.59873947076805, 6.119227054130284, 6.890335964232803, 6.847908979389256, 8.6296473282516, 9.170942399230299, 8.167069115049781, 10.150553179014432, 9.77496408075242, 11.061021850172795, 10.444783428104193, 11.503752708138332, 12.437662605972234, 1.7801096005583474, 0.0, 1.7592674469789977, 3.0639342502736575, 2.496685040208316, 4.242008661000116, 4.15680481740483, 5.63551190665054, 6.771618576086518, 6.681403015834324, 8.993226707361492, 9.544902969124411, 11.019314066674024, 11.870285688221662, 11.440422090989475, 12.114216141789779, 11.205791879202469, 11.999088783320174, 13.305716617304007, 12.849682487906072], [1.0950504189305623, 2.1601798628817925, 2.64282134280772, 3.9335147400257697, 4.562972517997451, 4.781680544536616, 4.6392268526124045, 6.152324819935957, 7.029217638542713, 6.774922381843204, 8.501741829766416, 8.737329806067756, 7.468400614589445, 9.84358179272159, 9.65275244735925, 10.964274182087932, 9.877979338407222, 10.833684124064169, 11.659822077973574, 1.7801788786523671, 1.7592674469789977, 0.0, 2.49668841868584, 3.063959510176334, 4.683371967930799, 3.888908065254307, 5.609818234132011, 6.910826677757155, 6.360769624031357, 8.827631633682955, 9.593115002959154, 11.053213860683236, 11.802612718800868, 11.200264918741878, 11.55201425985962, 10.442159544366291, 11.116929482550475, 12.473150957556795, 12.161052366880098], [2.1497195119363828, 1.0956941817861403, 2.077703181400077, 2.641629820773532, 2.6158359849195443, 3.9283931435130066, 4.5710355292865525, 5.030092455412723, 6.162060782725208, 5.127692527833548, 6.874807774767234, 7.47540326537639, 6.570306938035696, 8.794261311218811, 8.833588209216003, 10.288395076978722, 8.426170770284685, 9.550735792597344, 10.227243540172493, 2.4994576571728517, 3.0639342502736575, 2.49668841868584, 0.0, 1.7929769044803672, 4.809483611574116, 4.2098894451042295, 5.580215503007031, 5.096280012911378, 4.577358413976341, 8.225294211151356, 8.648121475788832, 10.543493523970126, 10.958560581116481, 10.633810991831668, 10.31104732798759, 9.37333031798197, 9.648670893962546, 11.150673638395125, 10.560769961039773], [2.149739533059761, 1.095655146476299, 2.0773587196245145, 2.6454539440330462, 2.6160081804153443, 3.9359227876064846, 4.528879979641766, 4.988509165071264, 5.999788077090724, 5.225338760310187, 7.035122615