{"total energy": -39.12566822, "HOMO-LUMO gap/eV": 4.52379807, "electronic energy": -39.6496107, "dipole": [0.36080118, -0.07230958, -0.83202325], "partial charges": [-0.03775814, -0.1902021, 0.39522231, -0.45215532, -0.30688717, 0.14526034, -0.05870544, 0.01847813, -0.10773239, -0.05468381, 0.01993673, -0.10757562, -0.05396922, 0.05418112, 0.080262, 0.05741152, 0.1825333, 0.04532951, 0.05309618, 0.04458692, 0.04412831, 0.03843508, 0.05506812, 0.04392607, 0.0447813, 0.04703226], "atomic dipole moments": [[-0.13540461, -0.00986911, -0.11970668], [0.02636107, -0.04427591, 0.07495242], [-0.07253345, -0.01104826, -0.12544326], [0.0675283, 0.0022206, -0.18446958], [-0.08276557, 0.00488866, 0.1921585], [0.28711398, 0.03691967, -0.02114493], [0.00813664, 0.02570706, 0.00263958], [-0.01990876, -0.07517575, -0.02119397], [0.03404101, 0.06802779, 0.02365269], [0.01650729, 0.00112588, 0.00201404], [-0.0345181, 0.06949008, 0.02052865], [0.0478094, -0.0630235, -0.01444804], [0.01084411, -0.02083913, -0.00212967], [0.02117207, -0.11838363, 0.02622983], [-0.04090332, 0.06727967, 0.10906316], [0.09579238, 0.05606804, -0.05859578], [0.02206914, -0.0221542, -0.13608661], [0.09043626, -0.11717833, -0.04601335], [0.0009493, -0.0697418, 0.11209196], [-0.11972114, 0.01030575, -0.0458647], [0.0615267, -0.06411748, -0.09334901], [-0.14796693, -0.02162645, 0.02404229], [-0.0052912, -0.00053418, 0.13240836], [-0.11802435, -0.00664262, -0.04972064], [0.0432302, 0.11385223, -0.04293023], [0.06501525, 0.13901526, 0.02921817]], "atomic quadrupole moments": [[0.16129512, 0.02507452, -0.20331803, 0.28104735, 0.00372758, 0.04202291], [0.07065314, 0.00362135, -0.04152059, 0.06692737, -0.0194672, -0.02913255], [-0.18164524, -0.07703639, 0.37962337, 0.17299721, 0.00825159, -0.19797813], [-0.0827547, -0.02998279, 0.14274839, -0.01644233, -0.00897421, -0.05999369], [0.08581715, 0.02718518, -0.07823291, 0.01384227, 0.01088485, -0.00758424], [0.22186633, 0.06953901, -0.46379219, 0.04201063, -0.21059115, 0.24192586], [-0.22638218, -0.0006292, -0.17023936, 0.108759, -0.1820421, 0.39662154], [-0.27928499, 0.0791666, -0.09444702, 0.14727035, -0.15824021, 0.37373201], [-0.02220781, 0.09732022, 0.14442888, 0.00305451, 0.04828177, -0.12222107], [-0.22236288, -0.03525356, -0.18717033, 0.12630418, -0.17197878, 0.40953321], [-0.2325521, -0.15857694, -0.16279917, 0.07457541, -0.13778897, 0.39535127], [0.02100935, -0.10711063, 0.07662467, -0.06048828, 0.08395158, -0.09763402], [-0.21918021, -0.05217964, -0.20036176, 0.09641777, -0.16624982, 0.41954197], [-0.02226195, -0.02010835, 0.05352804, 0.03390931, -0.02297088, -0.03126608], [-0.01197438, -0.02725356, -0.01518788, -0.01541327, 0.0418765, 0.02716226], [0.03999692, 0.04683813, -0.0316192, -0.02296199, -0.02955321, -0.00837772], [0.03445481, 0.00843608, -0.06010247, -0.01823943, 0.00773211, 0.02564765], [0.02871005, -0.00011496, 0.02067413, -0.01394873, 0.02242781, -0.04938419], [-0.04385497, 0.00281997, -0.009169, 0.00651, -0.04727115, 0.05302398], [0.06964596, -0.02045962, -0.02197068, 0.03472264, 0.0009469, -0.04767529], [0.0075707, -0.02173623, -0.01085701, -0.05405824, 0.04344554, 0.00328631], [0.03025174, 0.00400879, 0.02710564, -0.01467297, 0.02472459, -0.05735737], [-0.04096817, -0.00678533, -0.03661663, 7.828e-05, -0.00718291, 0.07758481], [0.06354191, 0.01589682, -0.02585029, 0.04267724, 0.01917792, -0.03769163], [-0.00579244, 0.04085543, 0.04858062, -0.02705204, -0.0289781, -0.04278818], [0.02801481, 0.00601056, 0.0224664, -0.01124669, 0.01770477, -0.0504812]], "number of molecular orbitals": 65, "number of electrons": 70, "number of unpaired electrons": 0, "orbital energies/eV": [-19.78649032, -19.03074882, -18.34621724, -17.82441532, -17.44372552, -16.96888906, -16.76482377, -16.40165274, -16.26295364, -16.11673196, -15.90868404, -15.63515776, -15.50669426, -15.01042032, -14.77571286, -14.27806714, -14.17248981, -13.96407578, -13.7576596, -13.67234544, -13.46867425, -13.20873513, -13.10063569, -12.97566379, -12.79895358, -12.70789828, -12.68481942, -12.22853953, -11.92827921, -11.74011896, -11.43328201, -11.27884822, -10.91350411, -10.59046887, -10.57645151, -6.05265345, -6.00161184, -5.36258453, -2.72015663, -0.36877413, 1.50140165, 2.62525812, 3.02966611, 3.35177493, 3.75639068, 3.84193758, 4.41504824, 4.70947527, 4.96634997, 4.99552978, 5.0912638, 5.33333604, 5.44611698, 5.50595008, 5.71393293, 6.02325834, 6.18035688, 8.97005201, 10.16823248, 10.57379627, 12.00596299, 12.06000592, 16.52046346, 16.6316754, 17.35537996], "fractional occupation": [2.0, 2.0, 2.0, 2.0, 2.0, 2.0, 2.0, 2.0, 2.0, 2.0, 2.0, 2.0, 2.0, 2.0, 2.0, 2.0, 2.0, 2.0, 2.0, 2.0, 2.0, 2.0, 2.0, 2.0, 2.0, 2.0, 2.0, 2.0, 2.0, 2.0, 2.0, 2.0, 2.0, 2.0, 2.0, 0.0, 0.0, 0.0, 0.0, 0.0, 0.0, 0.0, 0.0, 0.0, 0.0, 0.0, 0.0, 0.0, 0.0, 0.0, 0.0, 0.0, 0.0, 0.0, 0.0, 0.0, 0.0, 0.0, 0.0, 0.0, 0.0, 0.0, 0.0, 0.0, 0.0], "program call": "xtb /home/svss/Project-DBcg-Debug/aqme2_20220329/End-to-End-workflows-final/example-3/QDESCP/mol_1046_rdkit_conf_1/mol_1046_rdkit_conf_1.xyz --pop --wbo --acc 0.2 --gfn 2 --chrg 0 --uhf 0 --etemp 300 --input /home/svss/Project-DBcg-Debug/aqme2_20220329/End-to-End-workflows-final/example-3/QDESCP/mol_1046_rdkit_conf_1/mol_1046_rdkit_conf_1_xtb.inp", "method": "GFN2-xTB", "xtb version": "6.3.3 (7355c4f)", "Dipole module/D": 2.312, "Total charge": 0, "Transition dipole module/D": NaN, "HOMO": -10.5765, "LUMO": -6.0527, "HOMO occupancy": 2.0, "LUMO occupancy": 0, "mulliken charges": [0.07225, -0.35108, 0.65008, -0.56629, -0.43337, 0.25831, -0.0763, 0.02202, -0.08589, -0.06753, 0.02385, -0.08551, -0.07076, 0.03673, 0.0562, 0.03024, 0.23495, 0.04416, 0.04344, 0.03481, 0.03503, 0.03097, 0.04539, 0.03391, 0.0357, 0.04868], "cm5 charges": [-0.01406, -0.71066, 0.77183, -0.6059, -0.49174, 0.27525, -0.12432, 0.00474, -0.22919, -0.11874, 0.00657, -0.22881, -0.11864, 0.09906, 0.12036, 0.09167, 0.43356, 0.10351, 0.09515, 0.08662, 0.08685, 0.08775, 0.09711, 0.08571, 0.08752, 0.10882], "FUKUI+": [0.022, -0.045, -0.039, -0.077, -0.045, -0.046, -0.039, -0.056, 0.026, -0.043, -0.059, 0.026, -0.034, -0.029, -0.02, -0.035, -0.034, -0.069, -0.047, -0.043, -0.041, -0.075, -0.047, -0.043, -0.042, -0.065], "FUKUI-": [0.024, -0.077, -0.001, -0.068, -0.044, -0.023, -0.037, -0.04, 0.02, -0.028, -0.041, 0.02, -0.033, -0.068, -0.042, -0.053, -0.041, -0.053, -0.061, -0.047, -0.044, -0.056, -0.064, -0.047, -0.045, -0.05], "FUKUIrad": [0.023, -0.061, -0.02, -0.073, -0.045, -0.035, -0.038, -0.048, 0.023, -0.036, -0.05, 0.023, -0.033, -0.048, -0.031, -0.044, -0.038, -0.061, -0.054, -0.045, -0.043, -0.065, -0.056, -0.045, -0.044, -0.057], "s proportion": [0.976, 1.413, 0.924, 1.724, 1.695, 1.018, 1.062, 1.086, 1.007, 1.064, 1.086, 1.007, 1.062, 0.963, 0.944, 0.97, 0.765, 0.956, 0.957, 0.965, 0.965, 0.969, 0.955, 0.966, 0.964, 0.951], "p proportion": [2.952, 3.938, 2.426, 4.843, 4.739, 2.723, 3.015, 2.892, 3.079, 3.004, 2.89, 3.078, 3.009, 0.0, 0.0, 0.0, 0.0, 0.0, 0.0, 0.0, 0.0, 0.0, 0.0, 0.0, 0.0, 0.0], "d proportion": [0.0, 0.0, 0.0, 0.0, 0.0, 0.0, 0.0, 0.0, 0.0, 0.0, 0.0, 0.0, 0.0, 0.0, 0.0, 0.0, 0.0, 0.0, 0.0, 0.0, 0.0, 0.0, 0.0, 0.0, 0.0, 0.0], "Fermi-level/eV": -8.3146, "Coordination numbers": [3.688, 2.682, 2.658, 0.857, 1.707, 2.873, 2.913, 2.96, 3.755, 2.917, 2.96, 3.755, 2.913, 0.924, 0.924, 0.924, 0.86, 0.925, 0.924, 0.924, 0.924, 0.925, 0.924, 0.924, 0.924, 0.925], "Dispersion coefficient C6": [21.445, 25.126, 20.325, 22.751, 19.113, 24.839, 29.459, 27.595, 22.616, 29.358, 27.561, 22.613, 29.34, 2.268, 1.976, 2.23, 1.2, 2.379, 2.282, 2.389, 2.395, 2.47, 2.258, 2.397, 2.386, 2.357], "Total dispersion C6": 7008.609891, "Total dispersion C8": 161668.046505, "Polarizability alpha": [6.628, 7.445, 7.376, 6.395, 5.903, 8.17, 8.9, 8.616, 6.781, 8.885, 8.611, 6.781, 8.882, 2.355, 2.199, 2.335, 1.716, 2.412, 2.362, 2.417, 2.42, 2.458, 2.35, 2.421, 2.416, 2.401], "Total polarizability alpha": 129.634273, "Wiberg matrix": [[0.0, 1.0059673308679282, 0.0, 0.0, 0.0, 0.0, 0.0, 0.0, 0.0, 0.0, 0.0, 0.0, 0.0, 0.975193022793214, 0.9766681102822021, 0.9832259029337246, 0.0, 0.0, 0.0, 0.0, 0.0, 0.0, 0.0, 0.0, 0.0, 0.0], [1.0059673308679282, 0.0, 1.2086847138525505, 0.1717737216931673, 0.0, 0.0, 0.0, 0.0, 0.0, 0.0, 0.0, 0.0, 0.0, 0.0, 0.0, 0.0, 0.939643075834653, 0.0, 0.0, 0.0, 0.0, 0.0, 0.0, 0.0, 0.0, 0.0], [0.0, 1.2086847138525505, 0.0, 1.6548854870932013, 1.0185979799687506, 0.0, 0.0, 0.0, 0.0, 0.0, 0.0, 0.0, 0.0, 0.0, 0.0, 0.0, 0.0, 0.0, 0.0, 0.0, 0.0, 0.0, 0.0, 0.0, 0.0, 0.0], [0.0, 0.1717737216931673, 1.6548854870932013, 0.0, 0.13091429704181656, 0.0, 0.0, 0.0, 0.0, 0.0, 0.0, 0.0, 0.0, 0.0, 0.0, 0.0, 0.0, 0.0, 0.0, 0.0, 0.0, 0.0, 0.0, 0.0, 0.0, 0.0], [0.0, 0.0, 1.0185979799687506, 0.13091429704181656, 0.0, 0.9592800329402157, 0.0, 0.0, 0.0, 0.0, 0.0, 0.0, 0.0, 0.0, 0.0, 0.0, 0.0, 0.0, 0.0, 0.0, 0.0, 0.0, 0.0, 0.0, 0.0, 0.0], [0.0, 0.0, 0.0, 0.0, 0.9592800329402157, 0.0, 1.4027266070241606, 0.0, 0.0, 0.10098718527991994, 0.0, 0.0, 1.403012576307673, 0.0, 0.0, 0.0, 0.0, 0.0, 0.0, 0.0, 0.0, 0.0, 0.0, 0.0, 0.0, 0.0], [0.0, 0.0, 0.0, 0.0, 0.0, 1.4027266070241606, 0.0, 1.4088161720569465, 0.0, 0.0, 0.10448149263636014, 0.0, 0.0, 0.0, 0.0, 0.0, 0.0, 0.967199063101415, 0.0, 0.0, 0.0, 0.0, 0.0, 0.0, 0.0, 0.0], [0.0, 0.0, 0.0, 0.0, 0.0, 0.0, 1.4088161720569465, 0.0, 1.0269972039254582, 1.4131377840781814, 0.0, 0.0, 0.10477414349612539, 0.0, 0.0, 0.0, 0.0, 0.0, 0.0, 0.0, 0.0, 0.0, 0.0, 0.0, 0.0, 0.0], [0.0, 0.0, 0.0, 0.0, 0.0, 0.0, 0.0, 1.0269972039254582, 0.0, 0.0, 0.0, 0.0, 0.0, 0.0, 0.0, 0.0, 0.0, 0.0, 0.9666752894644663, 0.9815304638854085, 0.9819011526255115, 0.0, 0.0, 0.0, 0.0, 0.0], [0.0, 0.0, 0.0, 0.0, 0.0, 0.10098718527991994, 0.0, 1.4131377840781814, 0.0, 0.0, 1.4129554050171045, 0.0, 0.0, 0.0, 0.0, 0.0, 0.0, 0.0, 0.0, 0.0, 0.0, 0.9682329491921193, 0.0, 0.0, 0.0, 0.0], [0.0, 0.0, 0.0, 0.0, 0.0, 0.0, 0.10448149263636014, 0.0, 0.0, 1.4129554050171045, 0.0, 1.0274201509838716, 1.408745068314343, 0.0, 0.0, 0.0, 0.0, 0.0, 0.0, 0.0, 0.0, 0.0, 0.0, 0.0, 0.0, 0.0], [0.0, 0.0, 0.0, 0.0, 0.0, 0.0, 0.0, 0.0, 0.0, 0.0, 1.0274201509838716, 0.0, 0.0, 0.0, 0.0, 0.0, 0.0, 0.0, 0.0, 0.0, 0.0, 0.0, 0.9660541334582247, 0.9816710791640225, 0.9816684634459617, 0.0], [0.0, 0.0, 0.0, 0.0, 0.0, 1.403012576307673, 0.0, 0.10477414349612539, 0.0, 0.0, 1.408745068314343, 0.0, 0.0, 0.0, 0.0, 0.0, 0.0, 0.0, 0.0, 0.0, 0.0, 0.0, 0.0, 0.0, 0.0, 0.9669315068076159], [0.975193022793214, 0.0, 0.0, 0.0, 0.0, 0.0, 0.0, 0.0, 0.0, 0.0, 0.0, 0.0, 0.0, 0.0, 0.0, 0.0, 0.0, 0.0, 0.0, 0.0, 0.0, 0.0, 0.0, 0.0, 0.0, 0.0], [0.9766681102822021, 0.0, 0.0, 0.0, 0.0, 0.0, 0.0, 0.0, 0.0, 0.0, 0.0, 0.0, 0.0, 0.0, 0.0, 0.0, 0.0, 0.0, 0.0, 0.0, 0.0, 0.0, 0.0, 0.0, 0.0, 0.0], [0.9832259029337246, 0.0, 0.0, 0.0, 0.0, 0.0, 0.0, 0.0, 0.0, 0.0, 0.0, 0.0, 0.0, 0.0, 0.0, 0.0, 0.0, 0.0, 0.0, 0.0, 0.0, 0.0, 0.0, 0.0, 0.0, 0.0], [0.0, 0.939643075834653, 0.0, 0.0, 0.0, 0.0, 0.0, 0.0, 0.0, 0.0, 0.0, 0.0, 0.0, 0.0, 0.0, 0.0, 0.0, 0.0, 0.0, 0.0, 0.0, 0.0, 0.0, 0.0, 0.0, 0.0], [0.0, 0.0, 0.0, 0.0, 0.0, 0.0, 0.967199063101415, 0.0, 0.0, 0.0, 0.0, 0.0, 0.0, 0.0, 0.0, 0.0, 0.0, 0.0, 0.0, 0.0, 0.0, 0.0, 0.0, 0.0, 0.0, 0.0], [0.0, 0.0, 0.0, 0.0, 0.0, 0.0, 0.0, 0.0, 0.9666752894644663, 0.0, 0.0, 0.0, 0.0, 0.0, 0.0, 0.0, 0.0, 0.0, 0.0, 0.0, 0.0, 0.0, 0.0, 0.0, 0.0, 0.0], [0.0, 0.0, 0.0, 0.0, 0.0, 0.0, 0.0, 0.0, 0.9815304638854085, 0.0, 0.0, 0.0, 0.0, 0.0, 0.0, 0.0, 0.0, 0.0, 0.0, 0.0, 0.0, 0.0, 0.0, 0.0, 0.0, 0.0], [0.0, 0.0, 0.0, 0.0, 0.0, 0.0, 0.0, 0.0, 0.9819011526255115, 0.0, 0.0, 0.0, 0.0, 0.0, 0.0, 0.0, 0.0, 0.0, 0.0, 0.0, 0.0, 0.0, 0.0, 0.0, 0.0, 0.0], [0.0, 0.0, 0.0, 0.0, 0.0, 0.0, 0.0, 0.0, 0.0, 0.9682329491921193, 0.0, 0.0, 0.0, 0.0, 0.0, 0.0, 0.0, 0.0, 0.0, 0.0, 0.0, 0.0, 0.0, 0.0, 0.0, 0.0], [0.0, 0.0, 0.0, 0.0, 0.0, 0.0, 0.0, 0.0, 0.0, 0.0, 0.0, 0.9660541334582247, 0.0, 0.0, 0.0, 0.0, 0.0, 0.0, 0.0, 0.0, 0.0, 0.0, 0.0, 0.0, 0.0, 0.0], [0.0, 0.0, 0.0, 0.0, 0.0, 0.0, 0.0, 0.0, 0.0, 0.0, 0.0, 0.9816710791640225, 0.0, 0.0, 0.0, 0.0, 0.0, 0.0, 0.0, 0.0, 0.0, 0.0, 0.0, 0.0, 0.0, 0.0], [0.0, 0.0, 0.0, 0.0, 0.0, 0.0, 0.0, 0.0, 0.0, 0.0, 0.0, 0.9816684634459617, 0.0, 0.0, 0.0, 0.0, 0.0, 0.0, 0.0, 0.0, 0.0, 0.0, 0.0, 0.0, 0.0, 0.0], [0.0, 0.0, 0.0, 0.0, 0.0, 0.0, 0.0, 0.0, 0.0, 0.0, 0.0, 0.0, 0.9669315068076159, 0.0, 0.0, 0.0, 0.0, 0.0, 0.0, 0.0, 0.0, 0.0, 0.0, 0.0, 0.0, 0.0]], "Born radii": [], "Atomic SASAs": [], "Solvent H bonds": [], "Total SASA": NaN, "Total FOD": 0.0, "FOD": [0.0, 0.0, 0.0, 0.0, 0.0, 0.0, 0.0, 0.0, 0.0, 0.0, 0.0, 0.0, 0.0, 0.0, 0.0, 0.0, 0.0, 0.0, 0.0, 0.0, 0.0, 0.0, 0.0, 0.0, 0.0, 0.0], "FOD s proportion": [0.0, 0.0, 0.0, 0.0, 0.0, 0.0, 0.0, 0.0, 0.0, 0.0, 0.0, 0.0, 0.0, 0.0, 0.0, 0.0, 0.0, 0.0, 0.0, 0.0, 0.0, 0.0, 0.0, 0.0, 0.0, 0.0], "FOD p proportion": [0.0, 0.0, 0.0, 0.0, 0.0, 0.0, 0.0, 0.0, 0.0, 0.0, 0.0, 0.0, 0.0, 0.0, 0.0, 0.0, 0.0, 0.0, 0.0, 0.0, 0.0, 0.0, 0.0, 0.0, 0.0, 0.0], "FOD d proportion": [0.0, 0.0, 0.0, 0.0, 0.0, 0.0, 0.0, 0.0, 0.0, 0.0, 0.0, 0.0, 0.0, 0.0, 0.0, 0.0, 0.0, 0.0, 0.0, 0.0, 0.0, 0.0, 0.0, 0.0, 0.0, 0.0], "coordinates": [["4.66740", "0.60610", "1.13500"], ["3.61320", "0.54660", "0.16030"], ["2.30430", "0.37040", "0.51860"], ["1.89890", "0.35200", "1.67250"], ["1.54160", "0.20620", "-0.62650"], ["0.17250", "0.03280", "-0.39610"], ["-0.38340", "-1.21710", "-0.66090"], ["-1.75830", "-1.41060", "-0.49350"], ["-2.36800", "-2.76250", "-0.71760"], ["-2.55130", "-0.33850", "-0.05470"], ["-1.99310", "0.92830", "0.17870"], ["-2.85040", "2.05630", "0.67080"], ["-0.61710", "1.10910", "0.00650"], ["4.93320", "-0.41410", "1.42380"], ["4.34100", "1.16040", "2.01900"], ["5.53150", "1.09860", "0.68350"], ["3.82890", "0.41050", "-0.81720"], ["0.25460", "-2.03320", "-0.98700"], ["-2.35830", "-3.33630", "0.21410"], ["-3.40170", "-2.67110", "-1.06730"], ["-1.81530", "-3.31900", "-1.48180"], ["-3.61730", "-0.49130", "0.10560"], ["-2.89000", "2.04660", "1.76430"], ["-3.86930", "1.97210", "0.27830"], ["-2.45420", "3.02190", "0.33940"], ["-0.15930", "2.07560", "0.19660"]], "bond_dist": [[0.0, 1.4369822476286893, 2.453516875833545, 2.831618849704175, 3.6101839149827257, 4.782997607149725, 5.662145855592207, 6.928831909492392, 8.01725924989332, 7.376807232129629, 6.736511172706537, 7.670454909586523, 5.427012207467382, 1.0930979462061028, 1.0932709865353605, 1.092280783498456, 2.1336415936140725, 5.5625167262669875, 8.108701194396055, 8.983347924910845, 8.017446697047633, 8.420225959557143, 7.719154973181974, 8.687642820696531, 7.562159450844712, 5.131964312034914], [1.4369822476286893, 0.0, 1.3684460310878175, 2.29421936396675, 2.2419752362593126, 3.5230651271300677, 4.44497679296529, 5.754224407337621, 6.891705497190081, 6.23142738543907, 5.619308955734682, 6.657171268639556, 4.270304295948943, 2.064407115856754, 2.0883507775275687, 2.063569027195359, 1.0102256926053703, 4.387694074340188, 7.123104597013861, 7.8146923842208915, 6.863524460508609, 7.304817502853853, 6.863994918413037, 7.617990581511636, 6.555343595876574, 4.070738869050679], [2.453516875833545, 1.3684460310878175, 0.0, 1.2231814787675621, 1.3856142825476359, 2.344188791458572, 3.3369308938004694, 4.54983803777673, 5.759656251895594, 4.940451746551119, 4.3467725015234, 5.425528153092563, 3.0565506800967657, 2.888934492161427, 2.6501786826551905, 3.3124442772671667, 2.0274059312333086, 3.4993419967188117, 5.964242106085231, 6.657645008559708, 5.8808482959518695, 5.998203268479653, 5.5984075789459995, 6.382517053639575, 5.450310737930453, 3.0134226387946317], [2.831618849704175, 2.29421936396675, 1.2231814787675621, 0.0, 2.3311632139341936, 2.7131995061181917, 3.6215637037059007, 4.6014591816075034, 5.7982000543272045, 4.823306970326479, 4.208470521460261, 5.144306743381463, 3.111111121448413, 3.1393848744618746, 2.595655065681879, 3.8381395649454957, 3.1507028327025703, 3.932663446062986, 5.81843959236495, 6.688945956576417, 6.100912319481407, 5.796101529476516, 5.080714478299287, 6.151475342549948, 5.27778374225394, 3.063537988992466], [3.6101839149827257, 2.2419752362593126, 1.3856142825476359, 2.3311632139341936, 0.0, 1.399137780920807, 2.3942830346473243, 3.6771009300806528, 4.909832080631679, 4.1683910253238, 3.6964685227930727, 4.939182250130076, 2.424026216854925, 4.011415303854738, 3.968098820594064, 4.29322486832451, 2.3043103675503436, 2.6079190190648176, 5.335272684690071, 5.736669314157824, 4.942403336434614, 5.2570643775780415, 5.361163619961623, 5.763237341980633, 4.982724850922435, 2.658046421716521], [4.782997607149725, 3.5230651271300677, 2.344188791458572, 2.7131995061181917, 1.399137780920807, 0.0, 1.393339104453758, 2.412649779806427, 3.7909371651347636, 2.770109039370111, 2.4129108251238796, 3.790877506593955, 1.3942656167316183, 5.116250591009005, 4.947785567301801, 5.5695912596886314, 3.69989776345239, 2.150409082012071, 4.257713880711103, 4.5317204558533835, 4.045325273695553, 3.858622518464329, 4.254600433648265, 4.533414506748749, 4.046632173795884, 2.1527694651309046], [5.662145855592207, 4.44497679296529, 3.3369308938004694, 3.6215637037059007, 2.3942830346473243, 1.393339104453758, 0.0, 1.398504565598554, 2.5159716234488814, 2.416445076967403, 2.810480992641651, 4.309833111618128, 2.431305182407178, 5.766889859360936, 5.92910833262473, 6.492759032953558, 4.51851554606156, 1.0860038766044988, 3.026031006120063, 3.374820269288425, 2.672489107554977, 3.4018255540224285, 4.776649064982689, 4.817114498327811, 4.822647999802598, 3.4098974104802626], [6.928831909492392, 5.754224407337621, 4.54983803777673, 4.6014591816075034, 3.6771009300806528, 2.412649779806427, 1.398504565598554, 0.0, 1.4998628303948331, 1.4038492974675023, 2.4448797700500533, 3.8167620452420135, 2.810911868059901, 7.031729786475019, 7.079841646534194, 7.798884386885089, 5.885404891764033, 2.1640100323242497, 2.1375261986698546, 2.149155706318181, 2.149878240738298, 2.158683464521837, 4.28142938397914, 4.061361290257246, 4.563447761287511, 3.8970026238123063], [8.01725924989332, 6.891705497190081, 5.759656251895594, 5.7982000543272045, 4.909832080631679, 3.7909371651347636, 2.5159716234488814, 1.4998628303948331, 0.0, 2.5196847620287746, 3.8165309300462904, 5.037975561671573, 4.310366362619307, 7.962920190482885, 8.239466303711668, 8.903554047120734, 6.962716335597767, 2.7354132430036966, 1.094260215853615, 1.0950706552547191, 1.0950667468241375, 2.7196981762688304, 5.436888303064539, 5.06578282795463, 5.8808131070456575, 5.396418158371348], [7.376807232129629, 6.23142738543907, 4.940451746551119, 4.823306970326479, 4.1683910253238, 2.770109039370111, 2.416445076967403, 1.4038492974675023, 2.5196847620287746, 0.0, 1.4038678855219957, 2.520094859325736, 2.4166962655658653, 7.6295096736291, 7.351920306287331, 8.242684725864505, 6.469108075306827, 3.407970978456243, 3.0160085013142783, 2.6813358014243573, 3.3855118756253093, 1.0887607312903973, 3.018638882012885, 2.68083669028906, 3.384823685216115, 3.4077403803693733], [6.736511172706537, 5.619308955734682, 4.3467725015234, 4.208470521460261, 3.6964685227930727, 2.4129108251238796, 2.810480992641651, 2.4448797700500533, 3.8165309300462904, 1.4038678855219957, 0.0, 1.4998365577622115, 1.3984696921992983, 7.164212689472585, 6.600105855969282, 7.543436238876816, 5.929217288141834, 3.896343674523591, 4.280354817068323, 4.0610774826393055, 4.563817522644831, 2.1583867609860845, 2.1375574518594815, 2.1493173427858436, 2.1497903758273735, 2.1632013637199843], [7.670454909586523, 6.657171268639556, 5.425528153092563, 5.144306743381463, 4.939182250130076, 3.790877506593955, 4.309833111618128, 3.8167620452420135, 5.037975561671573, 2.520094859325736, 1.4998365577622115, 0.0, 2.5151761807078246, 8.200872765748777, 7.371330545430723, 8.436444641553692, 7.038170936401019, 5.395677537622128, 5.434231505926114, 5.066876163870594, 5.882088817758534, 2.7198993382108827, 1.0942597954782038, 1.0951269789389722, 1.0950724907511833, 2.73262828427139], [5.427012207467382, 4.270304295948943, 3.0565506800967657, 3.111111121448413, 2.424026216854925, 1.3942656167316183, 2.431305182407178, 2.810911868059901, 4.310366362619307, 2.4166962655658653, 1.3984696921992983, 2.5151761807078246, 0.0, 5.927453721455782, 5.351218884515938, 6.185767633042806, 4.575307601681006, 3.408951808107589, 4.778750501961784, 4.816321795727524, 4.8227367479471654, 3.4018084910823543, 3.0223900310846714, 3.375714602865592, 2.6729314731208507, 1.0862049070041988], [1.0930979462061028, 2.064407115856754, 2.888934492161427, 3.1393848744618746, 4.011415303854738, 5.116250591009005, 5.766889859360936, 7.031729786475019, 7.962920190482885, 7.6295096736291, 7.164212689472585, 8.200872765748777, 5.927453721455782, 0.0, 1.7843806012171284, 1.7872515967261018, 2.630879064115263, 5.506608703185655, 7.947867586969476, 8.987223498945601, 7.900835881095113, 8.651858836689373, 8.208132734063211, 9.191851116070147, 8.219227343248269, 5.79984328926222], [1.0932709865353605, 2.0883507775275687, 2.6501786826551905, 2.595655065681879, 3.968098820594064, 4.947785567301801, 5.92910833262473, 7.079841646534194, 8.239466303711668, 7.351920306287331, 6.600105855969282, 7.371330545430723, 5.351218884515938, 1.7843806012171284, 0.0, 1.7901591381773858, 2.9780239857999806, 5.99447928681049, 8.267925700561175, 9.173605792162643, 8.37977652983658, 8.350074930202723, 7.289553040481975, 8.43195822273806, 7.242995336875484, 4.940792739024781], [1.092280783498456, 2.063569027195359, 3.3124442772671667, 3.8381395649454957, 4.29322486832451, 5.5695912596886314, 6.492759032953558, 7.798884386885089, 8.903554047120734, 8.242684725864505, 7.543436238876816, 8.436444641553692, 6.185767633042806, 1.7872515967261018, 1.7901591381773858, 0.0, 2.3715878351855326, 6.359592369012341, 9.062980658149945, 9.8528169053322, 8.841899348556282, 9.303885847322075, 8.543330433150762, 9.449985710571207, 8.221246389082376, 5.794549615802768], [2.1336415936140725, 1.0102256926053703, 2.0274059312333086, 3.1507028327025703, 2.3043103675503436, 3.69989776345239, 4.51851554606156, 5.885404891764033, 6.962716335597767, 6.469108075306827, 5.929217288141834, 7.038170936401019, 4.575307601681006, 2.630879064115263, 2.9780239857999806, 2.3715878351855326, 0.0, 4.333142303225224, 7.306403613953995, 7.86386577517699, 6.797636136922893, 7.557162001704079, 7.381367262912746, 7.931014944507417, 6.901773622048176, 4.439153938533783], [5.5625167262669875, 4.387694074340188, 3.4993419967188117, 3.932663446062986, 2.6079190190648176, 2.150409082012071, 1.0860038766044988, 2.1640100323242497, 2.7354132430036966, 3.407970978456243, 3.896343674523591, 5.395677537622128, 3.408951808107589, 5.506608703185655, 5.99447928681049, 6.359592369012341, 4.333142303225224, 0.0, 3.1572071883232495, 3.7123973642378316, 2.486482392859439, 4.308461440003844, 5.839771304597468, 5.886421951406474, 5.88650748831597, 4.295865408738966], [8.108701194396055, 7.123104597013861, 5.964242106085231, 5.81843959236495, 5.335272684690071, 4.257713880711103, 3.026031006120063, 2.1375261986698546, 1.094260215853615, 3.0160085013142783, 4.280354817068323, 5.434231505926114, 4.778750501961784, 7.947867586969476, 8.267925700561175, 9.062980658149945, 7.306403613953995, 3.1572071883232495, 0.0, 1.78133673402869, 1.780793390598696, 3.1130175473324915, 5.626849681660246, 5.519633429857458, 6.360157556224531, 5.841623820480056], [8.983347924910845, 7.8146923842208915, 6.657645008559708, 6.688945956576417, 5.736669314157824, 4.5317204558533835, 3.374820269288425, 2.149155706318181, 1.0950706552547191, 2.6813358014243573, 4.0610774826393055, 5.066876163870594, 4.816321795727524, 8.987223498945601, 9.173605792162643, 9.8528169053322, 7.86386577517699, 3.7123973642378316, 1.78133673402869, 0.0, 1.763022864287358, 2.4846943091656164, 5.525983056434394, 4.856809174756612, 5.940270207658907, 5.8857252620216665], [8.017446697047633, 6.863524460508609, 5.8808482959518695, 6.100912319481407, 4.942403336434614, 4.045325273695553, 2.672489107554977, 2.149878240738298, 1.0950667468241375, 3.3855118756253093, 4.563817522644831, 5.882088817758534, 4.8227367479471654, 7.900835881095113, 8.37977652983658, 8.841899348556282, 6.797636136922893, 2.486482392859439, 1.780793390598696, 1.763022864287358, 0.0, 3.7098423214470992, 6.36253162349705, 5.942441183554113, 6.628120054736486, 5.887365431158491], [8.420225959557143, 7.304817502853853, 5.998203268479653, 5.796101529476516, 5.2570643775780415, 3.858622518464329, 3.4018255540224285, 2.158683464521837, 2.7196981762688304, 1.0887607312903973, 2.1583867609860845, 2.7198993382108827, 3.4018084910823543, 8.651858836689373, 8.350074930202723, 9.303885847322075, 7.557162001704079, 4.308461440003844, 3.1130175473324915, 2.4846943091656164, 3.7098423214470992, 0.0, 3.117881875568733, 2.482270905844082, 3.708104406566784, 4.307553900997641], [7.719154973181974, 6.863994918413037, 5.5984075789459995, 5.080714478299287, 5.361163619961623, 4.254600433648265, 4.776649064982689, 4.28142938397914, 5.436888303064539, 3.018638882012885, 2.1375574518594815, 1.0942597954782038, 3.0223900310846714, 8.208132734063211, 7.289553040481975, 8.543330433150762, 7.381367262912746, 5.839771304597468, 5.626849681660246, 5.525983056434394, 6.36253162349705, 3.117881875568733, 0.0, 1.7812284356589414, 1.780862639284681, 3.1488484847639144], [8.687642820696531, 7.617990581511636, 6.382517053639575, 6.151475342549948, 5.763237341980633, 4.533414506748749, 4.817114498327811, 4.061361290257246, 5.06578282795463, 2.68083669028906, 2.1493173427858436, 1.0951269789389722, 3.375714602865592, 9.191851116070147, 8.43195822273806, 9.449985710571207, 7.931014944507417, 5.886421951406474, 5.519633429857458, 4.856809174756612, 5.942441183554113, 2.482270905844082, 1.7812284356589414, 0.0, 1.763043181547179, 3.712342540768564], [7.562159450844712, 6.555343595876574, 5.450310737930453, 5.27778374225394, 4.982724850922435, 4.046632173795884, 4.822647999802598, 4.563447761287511, 5.8808131070456575, 3.384823685216115, 2.1497903758273735, 1.0950724907511833, 2.6729314731208507, 8.219227343248269, 7.242995336875484, 8.221246389082376, 6.901773622048176, 5.88650748831597, 6.360157556224531, 5.940270207658907, 6.628120054736486, 3.708104406566784, 1.780862639284681, 1.763043181547179, 0.0, 2.4864515961506273], [5.131964312034914, 4.070738869050679, 3.0134226387946317, 3.063537988992466, 2.658046421716521, 2.1527694651309046, 3.4098974104802626, 3.8970026238123063, 5.396418158371348, 3.4077403803693733, 2.1632013637199843, 2.73262828427139, 1.0862049070041988, 5.79984328926222, 4.940792739024781, 5.794549615802768, 4.439153938533783, 4.295865408738966, 5.841623820480056, 5.8857252620216665, 5.887365431158491, 4.307553900997641, 3.1488484847639144, 3.712342540768564, 2.4864515961506273, 0.0]]}