{"total energy": -51.16716368, "HOMO-LUMO gap/eV": 3.469076, "electronic energy": -51.68980034, "dipole": [-1.960499, 0.54628215, 0.31678557], "partial charges": [-0.04652629, -0.13687434, -0.04068827, 0.31628564, -0.45339393, -0.18089838, 0.08992493, -0.03591431, -0.02365635, -0.0312416, -0.0231523, -0.04935775, 0.47821227, -0.20920373, -0.20783587, -0.21162278, 0.05687963, 0.053245, 0.05186265, 0.04794608, 0.05014627, 0.07707212, 0.18095891, 0.0847982, 0.05839005, 0.05686251, 0.04778163], "atomic dipole moments": [[0.04378132, -0.11079257, -0.10060601], [-0.06331232, -0.04389947, 0.08352077], [0.13688541, 0.07127829, 0.07080382], [0.02705204, 0.04476664, 0.01804947], [-0.00427281, 0.19390926, 0.06968427], [0.00945623, -0.04109986, -0.04419767], [-0.13887848, 0.0578317, -0.03187115], [0.01083101, 0.06126314, -0.00334182], [0.00377441, 0.01500065, -0.00192527], [-0.01980046, 0.03904848, -0.00499633], [0.12905168, 0.12521152, 0.02067095], [-0.00197487, -0.03425067, 0.00218384], [0.16127352, 0.14302008, 0.01922205], [-0.108683, -0.06793979, 0.23364974], [-0.19787622, 0.09166157, -0.15312143], [0.08502033, -0.22640134, -0.11345307], [-0.06860992, 0.08922615, -0.05635598], [0.10495934, 0.0555192, 0.05654968], [-0.06178537, -0.05536096, 0.09146464], [-0.04521946, -0.0714392, 0.09075001], [-0.07932725, 0.08969505, -0.03724535], [0.02938151, -0.07655269, -0.10748931], [-0.01283896, 0.12996402, -0.02208183], [-0.10703765, -0.11484656, -0.0160199], [0.02775793, -0.15136763, 0.00650464], [0.14282882, -0.05610426, 0.02610749], [-0.02412053, 0.15209553, -0.00615805]], "atomic quadrupole moments": [[-0.09257992, -0.07193501, 0.07024984, -0.0607445, 0.25201897, 0.02233008], [0.01644297, 0.01841733, 0.02341095, 0.00938139, 0.08091982, -0.03985392], [0.21314626, 0.16094199, -0.08353054, 0.1668531, 0.09336538, -0.12961572], [-0.18439841, 0.07196043, -0.17345987, -0.06595498, -0.21688283, 0.35785828], [-0.09492057, -0.00267735, -0.02035501, -0.02486473, -0.06383939, 0.11527558], [0.04731159, 0.01560458, -0.03234538, 0.00521798, 0.04058218, -0.01496621], [-0.04646708, -0.08889993, -0.33418311, -0.08214737, -0.00381439, 0.38065019], [-0.23420386, -0.02806235, -0.27888318, -0.12933102, 0.01614392, 0.51308703], [-0.22669534, 0.01680738, -0.29873775, -0.14017574, 0.0135345, 0.5254331], [-0.24927015, -0.00655788, -0.25025167, -0.13635951, 0.00339154, 0.49952182], [-0.13588214, 0.19131914, -0.19053988, -0.09457688, 0.03466751, 0.32642202], [-0.19155767, -0.01227479, -0.24835312, -0.12579344, 0.00354437, 0.43991079], [-0.09783066, -0.26263998, -0.03528214, -0.03503363, -0.03889905, 0.1331128], [-0.02833086, 0.00147609, -0.03800695, -0.04278857, -0.02500308, 0.06633781], [0.01482639, -0.04381026, -0.01907985, 0.04760104, -0.03037015, 0.00425346], [-0.02383255, -0.04743412, 0.03845648, -0.02103639, 0.04139069, -0.01462393], [-0.01982244, -0.05182092, 0.02046691, 0.02683711, -0.02279153, -0.00064446], [0.06787055, 0.02359835, -0.02920737, 0.02173092, 0.02020262, -0.03866318], [-0.02115997, 0.01997091, -0.00039487, -0.05079336, -0.01878984, 0.02155484], [-0.00185159, 0.0412382, -0.01524406, -0.01710052, -0.04497034, 0.01709565], [0.01242304, -0.04509705, 0.03209501, 0.02848118, -0.01859668, -0.04451805], [-0.00624407, -0.01209153, -0.01451611, -0.0234131, 0.04814367, 0.02076018], [0.0223345, 0.00294663, 0.04432744, 0.0210513, 0.00453047, -0.06666193], [0.04142023, -0.01014789, 0.01458581, 0.01947907, -0.00416903, -0.05600605], [0.03996194, 0.00249583, 0.02391289, 0.01920733, -0.0010493, -0.06387483], [0.02782405, 0.01180798, 0.03219185, 0.01673564, 0.00249523, -0.0600159], [0.02849202, -0.00038589, 0.02883928, 0.01794113, -0.00061457, -0.0573313]], "number of molecular orbitals": 75, "number of electrons": 88, "number of unpaired electrons": 0, "orbital energies/eV": [-23.63867285, -23.31072382, -23.28459036, -19.24748204, -18.75591272, -18.55529792, -18.44850391, -18.11552585, -17.74479646, -17.45339895, -17.41237212, -17.13736009, -16.88672454, -16.70109329, -16.65895453, -16.37890653, -16.27541991, -15.71926336, -15.59626215, -15.34262976, -15.00647516, -14.72406945, -14.67785495, -14.63052158, -14.49852265, -14.34982964, -14.32255127, -14.30568183, -14.28416649, -14.20679176, -13.83817036, -13.76183904, -13.75153991, -13.63561676, -13.50069364, -13.43006301, -13.03098916, -12.67380556, -12.51097982, -12.3266515, -11.75165452, -11.2425969, -10.95808797, -10.61089147, -7.14181547, -6.84044572, -5.49215391, -3.4080773, -1.21742761, -0.09013191, 0.32936582, 0.60525752, 1.74493317, 2.09514416, 2.49828788, 2.66061042, 3.13286685, 3.53831299, 3.82603719, 4.06258719, 4.37312266, 4.44366146, 4.7369773, 4.99781756, 5.45671611, 5.96090556, 6.45542768, 8.78664501, 9.59597318, 9.96729614, 10.90860965, 11.55627271, 15.72275574, 15.79352944, 16.84027727], "fractional occupation": [2.0, 2.0, 2.0, 2.0, 2.0, 2.0, 2.0, 2.0, 2.0, 2.0, 2.0, 2.0, 2.0, 2.0, 2.0, 2.0, 2.0, 2.0, 2.0, 2.0, 2.0, 2.0, 2.0, 2.0, 2.0, 2.0, 2.0, 2.0, 2.0, 2.0, 2.0, 2.0, 2.0, 2.0, 2.0, 2.0, 2.0, 2.0, 2.0, 2.0, 2.0, 2.0, 2.0, 2.0, 0.0, 0.0, 0.0, 0.0, 0.0, 0.0, 0.0, 0.0, 0.0, 0.0, 0.0, 0.0, 0.0, 0.0, 0.0, 0.0, 0.0, 0.0, 0.0, 0.0, 0.0, 0.0, 0.0, 0.0, 0.0, 0.0, 0.0, 0.0, 0.0, 0.0, 0.0], "program call": "xtb /home/svss/Project-DBcg-Debug/aqme2_20220329/End-to-End-workflows-final/example-3/QDESCP/mol_339_rdkit_conf_3/mol_339_rdkit_conf_3.xyz --pop --wbo --acc 0.2 --gfn 2 --chrg 0 --uhf 0 --etemp 300 --input /home/svss/Project-DBcg-Debug/aqme2_20220329/End-to-End-workflows-final/example-3/QDESCP/mol_339_rdkit_conf_3/mol_339_rdkit_conf_3_xtb.inp", "method": "GFN2-xTB", "xtb version": "6.3.3 (7355c4f)", "Dipole module/D": 5.235, "Total charge": 0, "Transition dipole module/D": NaN, "HOMO": -10.6109, "LUMO": -7.1418, "HOMO occupancy": 2.0, "LUMO occupancy": 0, "mulliken charges": [0.05671, -0.30832, 0.06725, 0.55996, -0.56694, -0.34271, 0.16101, -0.04024, -0.01741, -0.03068, -0.02519, -0.06228, 0.6333, -0.2507, -0.24976, -0.25383, 0.03731, 0.03341, 0.03943, 0.03581, 0.0265, 0.05913, 0.22804, 0.07052, 0.04398, 0.04958, 0.04611], "cm5 charges": [-0.03079, -0.56919, -0.01901, 0.71864, -0.61011, -0.68618, 0.21353, -0.08726, -0.07235, -0.08155, -0.02782, -0.10579, 0.68491, -0.27064, -0.27072, -0.27477, 0.09882, 0.09866, 0.10142, 0.09836, 0.08798, 0.12446, 0.43094, 0.1352, 0.09931, 0.10686, 0.10711], "FUKUI+": [0.019, -0.045, 0.021, -0.033, -0.072, -0.02, -0.042, -0.056, -0.033, -0.044, -0.075, -0.033, -0.006, -0.039, -0.035, -0.034, -0.032, -0.008, -0.029, -0.026, -0.032, -0.016, -0.038, -0.069, -0.075, -0.078, -0.07], "FUKUI-": [0.033, -0.115, 0.033, -0.0, -0.076, -0.064, -0.023, -0.023, -0.02, -0.044, -0.032, -0.025, -0.001, -0.023, -0.023, -0.02, -0.06, -0.034, -0.067, -0.079, -0.061, -0.047, -0.041, -0.037, -0.051, -0.057, -0.043], "FUKUIrad": [0.026, -0.08, 0.027, -0.017, -0.074, -0.042, -0.033, -0.04, -0.027, -0.044, -0.053, -0.029, -0.003, -0.031, -0.029, -0.027, -0.046, -0.021, -0.048, -0.052, -0.047, -0.031, -0.04, -0.053, -0.063, -0.068, -0.056], "s proportion": [0.985, 1.445, 0.982, 0.945, 1.725, 1.42, 1.039, 1.065, 1.063, 1.06, 1.073, 1.061, 1.031, 1.826, 1.825, 1.826, 0.963, 0.967, 0.961, 0.964, 0.973, 0.941, 0.772, 0.929, 0.956, 0.95, 0.954], "p proportion": [2.959, 3.864, 2.951, 2.495, 4.842, 3.923, 2.8, 2.975, 2.954, 2.971, 2.952, 3.001, 2.336, 5.425, 5.424, 5.428, 0.0, 0.0, 0.0, 0.0, 0.0, 0.0, 0.0, 0.0, 0.0, 0.0, 0.0], "d proportion": [0.0, 0.0, 0.0, 0.0, 0.0, 0.0, 0.0, 0.0, 0.0, 0.0, 0.0, 0.0, 0.0, 0.0, 0.0, 0.0, 0.0, 0.0, 0.0, 0.0, 0.0, 0.0, 0.0, 0.0, 0.0, 0.0, 0.0], "Fermi-level/eV": -8.8764, "Coordination numbers": [3.69, 2.732, 3.698, 2.693, 0.858, 2.695, 2.894, 2.915, 2.909, 2.913, 2.96, 2.921, 3.331, 0.788, 0.788, 0.788, 0.924, 0.924, 0.924, 0.924, 0.924, 0.924, 0.86, 0.925, 0.925, 0.925, 0.925], "Dispersion coefficient C6": [21.601, 23.963, 21.471, 21.625, 22.777, 24.918, 25.999, 28.894, 28.595, 28.779, 28.581, 29.226, 17.455, 11.331, 11.316, 11.356, 2.236, 2.28, 2.297, 2.346, 2.318, 2.01, 1.208, 1.93, 2.218, 2.236, 2.348], "Total dispersion C6": 8171.645774, "Total dispersion C8": 187205.017727, "Polarizability alpha": [6.651, 7.27, 6.627, 7.611, 6.399, 7.414, 8.36, 8.814, 8.768, 8.797, 8.769, 8.865, 6.627, 3.976, 3.974, 3.981, 2.338, 2.361, 2.37, 2.395, 2.381, 2.217, 1.722, 2.173, 2.329, 2.338, 2.396], "Total polarizability alpha": 137.924873, "Wiberg matrix": [[0.0, 0.9996303697771197, 0.0, 0.0, 0.0, 0.0, 0.0, 0.0, 0.0, 0.0, 0.0, 0.0, 0.0, 0.0, 0.0, 0.0, 0.9794894384347822, 0.9751561237163536, 0.9747137829036128, 0.0, 0.0, 0.0, 0.0, 0.0, 0.0, 0.0, 0.0], [0.9996303697771197, 0.0, 0.9989931775058977, 1.1488468604647408, 0.15847754140183867, 0.0, 0.0, 0.0, 0.0, 0.0, 0.0, 0.0, 0.0, 0.0, 0.0, 0.0, 0.0, 0.0, 0.0, 0.0, 0.0, 0.0, 0.0, 0.0, 0.0, 0.0, 0.0], [0.0, 0.9989931775058977, 0.0, 0.0, 0.0, 0.0, 0.0, 0.0, 0.0, 0.0, 0.0, 0.0, 0.0, 0.0, 0.0, 0.0, 0.0, 0.0, 0.0, 0.976541314800527, 0.9810016185058652, 0.978045051221071, 0.0, 0.0, 0.0, 0.0, 0.0], [0.0, 1.1488468604647408, 0.0, 0.0, 1.628160827412425, 1.112971875611183, 0.0, 0.0, 0.0, 0.0, 0.0, 0.0, 0.0, 0.0, 0.0, 0.0, 0.0, 0.0, 0.0, 0.0, 0.0, 0.0, 0.0, 0.0, 0.0, 0.0, 0.0], [0.0, 0.15847754140183867, 0.0, 1.628160827412425, 0.0, 0.11733068772721914, 0.0, 0.0, 0.0, 0.0, 0.0, 0.0, 0.0, 0.0, 0.0, 0.0, 0.0, 0.0, 0.0, 0.0, 0.0, 0.0, 0.0, 0.0, 0.0, 0.0, 0.0], [0.0, 0.0, 0.0, 1.112971875611183, 0.11733068772721914, 0.0, 1.0931529161736913, 0.0, 0.0, 0.0, 0.0, 0.0, 0.0, 0.0, 0.0, 0.0, 0.0, 0.0, 0.0, 0.0, 0.0, 0.0, 0.9270728650980427, 0.0, 0.0, 0.0, 0.0], [0.0, 0.0, 0.0, 0.0, 0.0, 1.0931529161736913, 0.0, 1.3655588965246546, 0.0, 0.0, 0.0, 1.3659565054165759, 0.0, 0.0, 0.0, 0.0, 0.0, 0.0, 0.0, 0.0, 0.0, 0.0, 0.0, 0.0, 0.0, 0.0, 0.0], [0.0, 0.0, 0.0, 0.0, 0.0, 0.0, 1.3655588965246546, 0.0, 1.4489289752823669, 0.0, 0.10384690432257997, 0.0, 0.0, 0.0, 0.0, 0.0, 0.0, 0.0, 0.0, 0.0, 0.0, 0.0, 0.0, 0.9604850539384527, 0.0, 0.0, 0.0], [0.0, 0.0, 0.0, 0.0, 0.0, 0.0, 0.0, 1.4489289752823669, 0.0, 1.4338655904206434, 0.0, 0.10509867447212241, 0.0, 0.0, 0.0, 0.0, 0.0, 0.0, 0.0, 0.0, 0.0, 0.0, 0.0, 0.0, 0.9688116665562164, 0.0, 0.0], [0.0, 0.0, 0.0, 0.0, 0.0, 0.0, 0.0, 0.0, 1.4338655904206434, 0.0, 1.4039891384072978, 0.0, 0.0, 0.0, 0.0, 0.0, 0.0, 0.0, 0.0, 0.0, 0.0, 0.0, 0.0, 0.0, 0.0, 0.9678052823664808, 0.0], [0.0, 0.0, 0.0, 0.0, 0.0, 0.0, 0.0, 0.10384690432257997, 0.0, 1.4039891384072978, 0.0, 1.417451311601832, 0.9556057224751516, 0.0, 0.0, 0.0, 0.0, 0.0, 0.0, 0.0, 0.0, 0.0, 0.0, 0.0, 0.0, 0.0, 0.0], [0.0, 0.0, 0.0, 0.0, 0.0, 0.0, 1.3659565054165759, 0.0, 0.10509867447212241, 0.0, 1.417451311601832, 0.0, 0.0, 0.0, 0.0, 0.0, 0.0, 0.0, 0.0, 0.0, 0.0, 0.0, 0.0, 0.0, 0.0, 0.0, 0.9653362647928011], [0.0, 0.0, 0.0, 0.0, 0.0, 0.0, 0.0, 0.0, 0.0, 0.0, 0.9556057224751516, 0.0, 0.0, 0.9398761828596467, 0.946032521306956, 0.9417795097763835, 0.0, 0.0, 0.0, 0.0, 0.0, 0.0, 0.0, 0.0, 0.0, 0.0, 0.0], [0.0, 0.0, 0.0, 0.0, 0.0, 0.0, 0.0, 0.0, 0.0, 0.0, 0.0, 0.0, 0.9398761828596467, 0.0, 0.0, 0.0, 0.0, 0.0, 0.0, 0.0, 0.0, 0.0, 0.0, 0.0, 0.0, 0.0, 0.0], [0.0, 0.0, 0.0, 0.0, 0.0, 0.0, 0.0, 0.0, 0.0, 0.0, 0.0, 0.0, 0.946032521306956, 0.0, 0.0, 0.0, 0.0, 0.0, 0.0, 0.0, 0.0, 0.0, 0.0, 0.0, 0.0, 0.0, 0.0], [0.0, 0.0, 0.0, 0.0, 0.0, 0.0, 0.0, 0.0, 0.0, 0.0, 0.0, 0.0, 0.9417795097763835, 0.0, 0.0, 0.0, 0.0, 0.0, 0.0, 0.0, 0.0, 0.0, 0.0, 0.0, 0.0, 0.0, 0.0], [0.9794894384347822, 0.0, 0.0, 0.0, 0.0, 0.0, 0.0, 0.0, 0.0, 0.0, 0.0, 0.0, 0.0, 0.0, 0.0, 0.0, 0.0, 0.0, 0.0, 0.0, 0.0, 0.0, 0.0, 0.0, 0.0, 0.0, 0.0], [0.9751561237163536, 0.0, 0.0, 0.0, 0.0, 0.0, 0.0, 0.0, 0.0, 0.0, 0.0, 0.0, 0.0, 0.0, 0.0, 0.0, 0.0, 0.0, 0.0, 0.0, 0.0, 0.0, 0.0, 0.0, 0.0, 0.0, 0.0], [0.9747137829036128, 0.0, 0.0, 0.0, 0.0, 0.0, 0.0, 0.0, 0.0, 0.0, 0.0, 0.0, 0.0, 0.0, 0.0, 0.0, 0.0, 0.0, 0.0, 0.0, 0.0, 0.0, 0.0, 0.0, 0.0, 0.0, 0.0], [0.0, 0.0, 0.976541314800527, 0.0, 0.0, 0.0, 0.0, 0.0, 0.0, 0.0, 0.0, 0.0, 0.0, 0.0, 0.0, 0.0, 0.0, 0.0, 0.0, 0.0, 0.0, 0.0, 0.0, 0.0, 0.0, 0.0, 0.0], [0.0, 0.0, 0.9810016185058652, 0.0, 0.0, 0.0, 0.0, 0.0, 0.0, 0.0, 0.0, 0.0, 0.0, 0.0, 0.0, 0.0, 0.0, 0.0, 0.0, 0.0, 0.0, 0.0, 0.0, 0.0, 0.0, 0.0, 0.0], [0.0, 0.0, 0.978045051221071, 0.0, 0.0, 0.0, 0.0, 0.0, 0.0, 0.0, 0.0, 0.0, 0.0, 0.0, 0.0, 0.0, 0.0, 0.0, 0.0, 0.0, 0.0, 0.0, 0.0, 0.0, 0.0, 0.0, 0.0], [0.0, 0.0, 0.0, 0.0, 0.0, 0.9270728650980427, 0.0, 0.0, 0.0, 0.0, 0.0, 0.0, 0.0, 0.0, 0.0, 0.0, 0.0, 0.0, 0.0, 0.0, 0.0, 0.0, 0.0, 0.0, 0.0, 0.0, 0.0], [0.0, 0.0, 0.0, 0.0, 0.0, 0.0, 0.0, 0.9604850539384527, 0.0, 0.0, 0.0, 0.0, 0.0, 0.0, 0.0, 0.0, 0.0, 0.0, 0.0, 0.0, 0.0, 0.0, 0.0, 0.0, 0.0, 0.0, 0.0], [0.0, 0.0, 0.0, 0.0, 0.0, 0.0, 0.0, 0.0, 0.9688116665562164, 0.0, 0.0, 0.0, 0.0, 0.0, 0.0, 0.0, 0.0, 0.0, 0.0, 0.0, 0.0, 0.0, 0.0, 0.0, 0.0, 0.0, 0.0], [0.0, 0.0, 0.0, 0.0, 0.0, 0.0, 0.0, 0.0, 0.0, 0.9678052823664808, 0.0, 0.0, 0.0, 0.0, 0.0, 0.0, 0.0, 0.0, 0.0, 0.0, 0.0, 0.0, 0.0, 0.0, 0.0, 0.0, 0.0], [0.0, 0.0, 0.0, 0.0, 0.0, 0.0, 0.0, 0.0, 0.0, 0.0, 0.0, 0.9653362647928011, 0.0, 0.0, 0.0, 0.0, 0.0, 0.0, 0.0, 0.0, 0.0, 0.0, 0.0, 0.0, 0.0, 0.0, 0.0]], "Born radii": [], "Atomic SASAs": [], "Solvent H bonds": [], "Total SASA": NaN, "Total FOD": 0.0, "FOD": [0.0, 0.0, 0.0, 0.0, 0.0, 0.0, 0.0, 0.0, 0.0, 0.0, 0.0, 0.0, 0.0, 0.0, 0.0, 0.0, 0.0, 0.0, 0.0, 0.0, 0.0, 0.0, 0.0, 0.0, 0.0, 0.0, 0.0], "FOD s proportion": [0.0, 0.0, 0.0, 0.0, 0.0, 0.0, 0.0, 0.0, 0.0, 0.0, 0.0, 0.0, 0.0, 0.0, 0.0, 0.0, 0.0, 0.0, 0.0, 0.0, 0.0, 0.0, 0.0, 0.0, 0.0, 0.0, 0.0], "FOD p proportion": [0.0, 0.0, 0.0, 0.0, 0.0, 0.0, 0.0, 0.0, 0.0, 0.0, 0.0, 0.0, 0.0, 0.0, 0.0, 0.0, 0.0, 0.0, 0.0, 0.0, 0.0, 0.0, 0.0, 0.0, 0.0, 0.0, 0.0], "FOD d proportion": [0.0, 0.0, 0.0, 0.0, 0.0, 0.0, 0.0, 0.0, 0.0, 0.0, 0.0, 0.0, 0.0, 0.0, 0.0, 0.0, 0.0, 0.0, 0.0, 0.0, 0.0, 0.0, 0.0, 0.0, 0.0, 0.0, 0.0], "coordinates": [["-3.17130", "1.33240", "0.49150"], ["-2.91720", "0.29160", "-0.49680"], ["-4.10520", "-0.32730", "-1.06190"], ["-1.73740", "-0.45960", "-0.54160"], ["-1.72310", "-1.60990", "-0.97170"], ["-0.62620", "0.22520", "-0.10070"], ["0.66390", "-0.29480", "0.12650"], ["0.94570", "-1.65920", "0.20390"], ["2.24860", "-2.10250", "0.44590"], ["3.28140", "-1.18390", "0.62300"], ["3.01860", "0.19110", "0.57000"], ["1.70460", "0.62360", "0.31620"], ["4.13050", "1.19410", "0.74330"], ["4.69590", "1.55140", "-0.44230"], ["5.14990", "0.73940", "1.52390"], ["3.71180", "2.35560", "1.32120"], ["-3.76560", "2.12390", "0.02590"], ["-2.26020", "1.76940", "0.90230"], ["-3.73570", "0.89180", "1.31960"], ["-4.57180", "-0.96060", "-0.30110"], ["-4.80550", "0.45160", "-1.37740"], ["-3.85160", "-0.94120", "-1.93130"], ["-0.69510", "1.22720", "-0.18290"], ["0.16620", "-2.40650", "0.08390"], ["2.45230", "-3.16980", "0.49510"], ["4.29200", "-1.54580", "0.80690"], ["1.50430", "1.69270", "0.26640"]], "bond_dist": [[0.0, 1.4575899080331203, 2.45760551350293, 2.5168688523639844, 3.5910119423360323, 2.837979332200994, 4.182076503365284, 5.097261354884601, 6.41684762013249, 6.927221320991556, 6.2947271545318, 4.930266558716678, 7.3074491698540065, 7.925451361279054, 8.405942433778618, 7.0080243963616455, 1.093822700440981, 1.090792762168873, 1.0947261438368958, 2.801332541845041, 2.6342371742119197, 3.3914635321642486, 2.5685499489011305, 5.028361285747078, 7.203797245897472, 8.00527071934485, 4.694861175796362], [1.4575899080331203, 0.0, 1.45386354930578, 1.3993700439840777, 2.295017880104641, 2.325937481962918, 3.681934961402767, 4.383902090603757, 5.771125344332767, 6.469443117456092, 6.031739726646037, 4.704490221054774, 7.212657592732375, 7.716823044491819, 8.3283765368768, 7.176967395773788, 2.0857423474628884, 2.138462683798808, 2.0807429562538475, 2.084227552356028, 2.0896730007348046, 2.10966571996608, 2.431380056675632, 4.138153170195612, 6.4650356394996, 7.553028339017403, 4.700555041694544], [2.45760551350293, 1.45386354930578, 0.0, 2.4278987252354653, 2.7069538618158973, 3.651383667871674, 4.915044823803746, 5.3747370224039805, 6.767242445782476, 7.624599079951679, 7.326688379479505, 6.046250611742785, 8.56738930421631, 9.020686174565657, 9.668561761709958, 8.601314261204505, 2.703149725782869, 3.4144190618610364, 2.7007919782908125, 1.0943496196371616, 1.0939129535753749, 1.0940943880671357, 3.8494016755854408, 4.886797339771724, 7.314701736913133, 8.68850525291894, 6.10829527282367], [2.5168688523639844, 1.3993700439840777, 2.4278987252354653, 0.0, 1.228161467397508, 1.377718871903844, 2.4979508281789697, 3.0321339053544456, 4.422948412541119, 5.202812421181452, 4.927332041784885, 3.7089765542532085, 6.230404650582496, 6.741018497230222, 7.2896359675912485, 6.410082333324588, 3.333185224376227, 2.706770778991084, 3.0468919065171973, 2.8883671182867316, 3.3078822061857043, 2.5754701104846855, 2.015030823585585, 2.793807942575867, 5.0964219821360945, 6.273113027038489, 3.974151252783417], [3.5910119423360323, 2.295017880104641, 2.7069538618158973, 1.228161467397508, 0.0, 2.3085542272166797, 2.9382478197047983, 2.9166692116179376, 4.245779717554834, 5.269683514216011, 5.301335565685311, 4.2890950036109015, 6.713290844287919, 7.174792195597027, 7.680192631047739, 7.107792812821714, 4.3713012307549794, 3.9012845192320955, 3.944504701480276, 2.997730231358385, 3.7303571544826646, 2.4286836146357142, 3.1189943651760585, 2.3061477424484322, 4.69241466731149, 6.272874522896181, 4.780812601430849], [2.837979332200994, 2.325937481962918, 3.651383667871674, 1.377718871903844, 2.3085542272166797, 0.0, 1.409389176203649, 2.4727745813154907, 3.73917556287479, 4.216472727292328, 3.7061527680331796, 2.4010740950666225, 4.927199823429124, 5.495474994029179, 6.022213713411373, 5.037722478461869, 3.6710926997285154, 2.4618120643136026, 3.4829007881362344, 4.12480801492627, 4.375816305559456, 3.8877744893447717, 1.0077241934180206, 2.7545997549553363, 4.621489466611387, 5.3055508667809415, 2.6129196141481277], [4.182076503365284, 3.681934961402767, 4.915044823803746, 2.4979508281789697, 2.9382478197047983, 1.409389176203649, 0.0, 1.395345605934243, 2.425091697235385, 2.8086148383144316, 2.4448728290035864, 1.4008929794955787, 3.8229021711260147, 4.4709072770523886, 4.811080169774767, 4.2120805619076185, 5.047841152413574, 3.662396495465776, 4.710412649651833, 5.295156833371415, 5.721290460202139, 5.0042096328990855, 2.0637570981101434, 2.1699762533262894, 3.405857530784281, 3.897570367549507, 2.1624061644381243], [5.097261354884601, 4.383902090603757, 5.3747370224039805, 3.0321339053544456, 2.9166692116179376, 2.4727745813154907, 1.395345605934243, 0.0, 1.3973644120271564, 2.4201341677683907, 2.802597671803786, 2.4082600233363505, 4.309898408315443, 4.9789081975870975, 5.017068825519538, 5.001828419688144, 6.044822354709855, 4.745614325880265, 5.446824161839631, 5.584431323778635, 6.327107377783311, 5.2998764447862365, 3.3426252915934205, 1.0864978324874834, 2.153265743005261, 3.402086455397628, 3.398701784505372], [6.41684762013249, 5.771125344332767, 6.767242445782476, 4.422948412541119, 4.245779717554834, 3.73917556287479, 2.425091697235385, 1.3973644120271564, 0.0, 1.393508597031249, 2.422581633299485, 2.782872490790766, 3.807566930468852, 4.48655343665937, 4.201906864746052, 4.773024192270556, 7.362707287404546, 5.960636544027828, 6.748409491872882, 6.955558983288115, 7.720633167687739, 6.649220824277083, 4.488614621461727, 2.1353804719534177, 1.087678086567896, 2.1484225492207063, 3.871659305775755], [6.927221320991556, 6.469443117456092, 7.624599079951679, 5.202812421181452, 5.269683514216011, 4.216472727292328, 2.8086148383144316, 2.4201341677683907, 1.393508597031249, 0.0, 1.4008918016749188, 2.4181564734317753, 2.527909590946638, 3.2584567558892044, 2.8287799401862275, 3.6332888200637172, 7.807578257692971, 6.28564395587278, 7.350746523993329, 7.910535629146739, 8.489665012236937, 7.580438033517588, 4.719685399473147, 3.3896682153272764, 2.1558209642732393, 1.089083642334233, 3.400011107334798], [6.2947271545318, 6.031739726646037, 7.326688379479505, 4.927332041784885, 5.301335565685311, 3.7061527680331796, 2.4448728290035864, 2.802597671803786, 2.422581633299485, 1.4008918016749188, 0.0, 1.4064375883771028, 1.507436068296098, 2.3850582110296594, 2.398540762630479, 2.3937184316456266, 7.075106380118958, 5.519708653543229, 6.831796918820115, 7.726538698537658, 8.067017281498783, 7.3985304635447715, 3.9283494383773956, 3.8884450272570397, 3.4090987826696955, 2.1666773594607944, 2.154084494628751], [4.930266558716678, 4.704490221054774, 6.046250611742785, 3.7089765542532085, 4.2890950036109015, 2.4010740950666225, 1.4008929794955787, 2.4082600233363505, 2.782872490790766, 2.4181564734317753, 1.4064375883771028, 0.0, 2.528413627158341, 3.22242312243442, 3.6526758711936096, 2.83526027729378, 5.679635747123226, 4.168454136727427, 5.538556390432438, 6.502610698019681, 6.728987068645623, 6.194450236300232, 2.5242808599678446, 3.406191988129853, 3.870522453106299, 3.411996718931599, 1.088841099518199], [7.3074491698540065, 7.212657592732375, 8.56738930421631, 6.230404650582496, 6.713290844287919, 4.927199823429124, 3.8229021711260147, 4.309898408315443, 3.807566930468852, 2.527909590946638, 1.507436068296098, 2.528413627158341, 0.0, 1.3612449485673033, 1.362081058527722, 1.3632169123070619, 7.98295596943889, 6.418512100167764, 7.89307350909644, 9.025714860331007, 9.214161423591406, 8.684866818783117, 4.913792568882003, 5.3958134891784395, 4.682048877361278, 2.7453923617581513, 2.715319872501212], [7.925451361279054, 7.716823044491819, 9.020686174565657, 6.741018497230222, 7.174792195597027, 5.495474994029179, 4.4709072770523886, 4.9789081975870975, 4.48655343665937, 3.2584567558892044, 2.3850582110296594, 3.22242312243442, 1.3612449485673033, 0.0, 2.1751787144968113, 2.1737347354265655, 8.493759458567213, 7.088215598442249, 8.638937569516289, 9.603142440368153, 9.610440885308021, 9.027177411018352, 5.406965415091907, 6.038215045855853, 5.310573336279238, 3.363968443668876, 3.2723893319713655], [8.405942433778618, 8.3283765368768, 9.668561761709958, 7.2896359675912485, 7.680192631047739, 6.022213713411373, 4.811080169774767, 5.017068825519538, 4.201906864746052, 2.8287799401862275, 2.398540762630479, 3.6526758711936096, 1.362081058527722, 2.1751787144968113, 0.0, 2.1728601749767518, 9.145872539019992, 7.507121190576319, 8.889254839973933, 10.03653704671088, 10.373541328302501, 9.787227679481049, 6.108611960175568, 6.066922819683797, 4.859765409976082, 2.544055905439187, 3.972466047683731], [7.0080243963616455, 7.176967395773788, 8.601314261204505, 6.410082333324588, 7.107792812821714, 5.037722478461869, 4.2120805619076185, 5.001828419688144, 4.773024192270556, 3.6332888200637172, 2.3937184316456266, 2.83526027729378, 1.3632169123070619, 2.1737347354265655, 2.1728601749767518, 0.0, 7.592298580798835, 6.015304784464375, 7.58999138668813, 9.069016963816972, 9.135209754023167, 8.868633832220157, 4.791280724399271, 6.064634124166107, 5.727025983876797, 3.9776951228066735, 2.5347772485960185], [1.093822700440981, 2.0857423474628884, 2.703149725782869, 3.333185224376227, 4.3713012307549794, 3.6710926997285154, 5.047841152413574, 6.044822354709855, 7.362707287404546, 7.807578257692971, 7.075106380118958, 5.679635747123226, 7.98295596943889, 8.493759458567213, 9.145872539019992, 7.592298580798835, 0.0, 1.7776322369939175, 1.7867915687063225, 3.2048444096398807, 2.4181046689504573, 3.6377006267696084, 3.205563691458961, 5.998911517933899, 8.179589765996825, 8.888283121615784, 5.292978339271756], [1.090792762168873, 2.138462683798808, 3.4144190618610364, 2.706770778991084, 3.9012845192320955, 2.4618120643136026, 3.662396495465776, 4.745614325880265, 5.960636544027828, 6.28564395587278, 5.519708653543229, 4.168454136727427, 6.418512100167764, 7.088215598442249, 7.507121190576319, 6.015304784464375, 1.7776322369939175, 0.0, 1.7667544537937352, 3.774197414020628, 3.6622644661465946, 4.231925717684563, 1.9801964271253496, 4.898503478614668, 6.838798485845302, 7.343771309075467, 3.8186007843187797], [1.0947261438368958, 2.0807429562538475, 2.7007919782908125, 3.0468919065171973, 3.944504701480276, 3.4829007881362344, 4.710412649651833, 5.446824161839631, 6.748409491872882, 7.350746523993329, 6.831796918820115, 5.538556390432438, 7.89307350909644, 8.638937569516289, 8.889254839973933, 7.58999138668813, 1.7867915687063225, 1.7667544537937352, 0.0, 2.599445606278385, 2.934630654784346, 3.7338549275514175, 3.4081149877901713, 5.256478002427101, 7.4476666688299105, 8.40527943259473, 5.4044676934921165], [2.801332541845041, 2.084227552356028, 1.0943496196371616, 2.8883671182867316, 2.997730231358385, 4.12480801492627, 5.295156833371415, 5.584431323778635, 6.955558983288115, 7.910535629146739, 7.726538698537658, 6.502610698019681, 9.025714860331007, 9.603142440368153, 10.03653704671088, 9.069016963816972, 3.2048444096398807, 3.774197414020628, 2.599445606278385, 0.0, 1.7909065358080527, 1.7823064944054936, 4.453003814280872, 4.96865130694437, 7.40624600523099, 8.951931270960472, 6.654400675492872], [2.6342371742119197, 2.0896730007348046, 1.0939129535753749, 3.3078822061857043, 3.7303571544826646, 4.375816305559456, 5.721290460202139, 6.327107377783311, 7.720633167687739, 8.489665012236937, 8.067017281498783, 6.728987068645623, 9.214161423591406, 9.610440885308021, 10.373541328302501, 9.135209754023167, 2.4181046689504573, 3.6622644661465946, 2.934630654784346, 1.7909065358080527, 0.0, 1.7766885658437723, 4.350146407881004, 5.9179332701543705, 8.324449234033446, 9.566884524232536, 6.637468168661903], [3.3914635321642486, 2.10966571996608, 1.0940943880671357, 2.5754701104846855, 2.4286836146357142, 3.8877744893447717, 5.0042096328990855, 5.2998764447862365, 6.649220824277083, 7.580438033517588, 7.3985304635447715, 6.194450236300232, 8.684866818783117, 9.027177411018352, 9.787227679481049, 8.868633832220157, 3.6377006267696084, 4.231925717684563, 3.7338549275514175, 1.7823064944054936, 1.7766885658437723, 0.0, 4.209792556646942, 4.727668766950578, 7.112891826114046, 8.612868358450626, 6.360265663476644], [2.5685499489011305, 2.431380056675632, 3.8494016755854408, 2.015030823585585, 3.1189943651760585, 1.0077241934180206, 2.0637570981101434, 3.3426252915934205, 4.488614621461727, 4.719685399473147, 3.9283494383773956, 2.5242808599678446, 4.913792568882003, 5.406965415091907, 6.108611960175568, 4.791280724399271, 3.205563691458961, 1.9801964271253496, 3.4081149877901713, 4.453003814280872, 4.350146407881004, 4.209792556646942, 0.0, 3.7439011231601724, 5.449717401847549, 5.791407380766786, 2.292579573319103], [5.028361285747078, 4.138153170195612, 4.886797339771724, 2.793807942575867, 2.3061477424484322, 2.7545997549553363, 2.1699762533262894, 1.0864978324874834, 2.1353804719534177, 3.3896682153272764, 3.8884450272570397, 3.406191988129853, 5.3958134891784395, 6.038215045855853, 6.066922819683797, 6.064634124166107, 5.998911517933899, 4.898503478614668, 5.256478002427101, 4.96865130694437, 5.9179332701543705, 4.727668766950578, 3.7439011231601724, 0.0, 2.444987840460562, 4.276185114094103, 4.315930780260499], [7.203797245897472, 6.4650356394996, 7.314701736913133, 5.0964219821360945, 4.69241466731149, 4.621489466611387, 3.405857530784281, 2.153265743005261, 1.087678086567896, 2.1558209642732393, 3.4090987826696955, 3.870522453106299, 4.682048877361278, 5.310573336279238, 4.859765409976082, 5.727025983876797, 8.179589765996825, 6.838798485845302, 7.4476666688299105, 7.40624600523099, 8.324449234033446, 7.112891826114046, 5.449717401847549, 2.444987840460562, 0.0, 2.473679714514391, 4.959325956216227], [8.00527071934485, 7.553028339017403, 8.68850525291894, 6.273113027038489, 6.272874522896181, 5.3055508667809415, 3.897570367549507, 3.402086455397628, 2.1484225492207063, 1.089083642334233, 2.1666773594607944, 3.411996718931599, 2.7453923617581513, 3.363968443668876, 2.544055905439187, 3.9776951228066735, 8.888283121615784, 7.343771309075467, 8.40527943259473, 8.951931270960472, 9.566884524232536, 8.612868358450626, 5.791407380766786, 4.276185114094103, 2.473679714514391, 0.0, 4.307121288053077], [4.694861175796362, 4.700555041694544, 6.10829527282367, 3.974151252783417, 4.780812601430849, 2.6129196141481277, 2.1624061644381243, 3.398701784505372, 3.871659305775755, 3.400011107334798, 2.154084494628751, 1.088841099518199, 2.715319872501212, 3.2723893319713655, 3.972466047683731, 2.5347772485960185, 5.292978339271756, 3.8186007843187797, 5.4044676934921165, 6.654400675492872, 6.637468168661903, 6.360265663476644, 2.292579573319103, 4.315930780260499, 4.959325956216227, 4.307121288053077, 0.0]]}