{"total energy": -46.03556811, "HOMO-LUMO gap/eV": 2.55161733, "electronic energy": -46.59866714, "dipole": [2.45217401, -1.47005864, -0.46182245], "partial charges": [0.03115655, -0.23817583, 0.11624612, 0.09717205, -0.19492598, 0.07865529, -0.06314574, -0.00888175, -0.05741418, -0.00613159, -0.01060291, -0.06503275, 0.34614434, -0.38623383, -0.2276603, 0.113217, 0.05306361, 0.05307204, 0.06820535, 0.06291071, 0.0508155, 0.05608805, 0.05875594, 0.07270232], "atomic dipole moments": [[-0.20850586, -0.13898785, 0.01032288], [0.22012923, -0.09680676, -0.03759377], [0.01708759, 0.21790136, 0.02179397], [0.21573761, 0.08298109, -0.01736057], [-0.08610912, -0.21537726, -0.01303496], [-0.10974135, 0.24347081, 0.04012634], [-0.05406253, 0.00066088, 0.00671189], [0.02485667, 0.02775898, -1.417e-05], [-0.01191203, 0.03978721, 0.00580354], [-0.04216542, 0.04875308, 0.01053129], [0.08277392, -0.00452171, -0.01066282], [-0.0171253, 0.09648547, 0.01268455], [0.15836268, 0.11797675, -0.00651756], [0.1476977, -0.11077517, -0.03024629], [-0.02651299, -0.20120386, -0.01880577], [-0.15922244, 0.14381233, 0.03527044], [0.07518556, -0.03506663, 0.09825416], [0.04861227, -0.01130048, -0.11850184], [-0.01778354, 0.12352666, 0.01571118], [0.16633387, 0.03566107, -0.01648912], [0.05431189, -0.156895, -0.02385758], [-0.0088553, -0.1540113, -0.01576826], [-0.02394711, -0.14922078, -0.01341024], [-0.14059711, -0.06065829, 0.01059626]], "atomic quadrupole moments": [[0.32693861, 0.31444037, -0.0334448, -0.04212785, -0.00959778, -0.29349381], [0.05811817, 0.06374991, 0.02720407, -0.01082292, 0.00471611, -0.08532224], [-0.37160423, 0.02784648, 0.10390497, 0.0829885, -0.02276421, 0.26769926], [0.15510425, 0.13619322, -0.30905912, 0.01595985, -0.06848748, 0.15395486], [-0.02370582, 0.03638155, 0.05791625, 0.00266333, 0.00566455, -0.03421043], [-0.2287605, -0.39340633, -0.10495521, 0.02627612, -0.00016371, 0.33371571], [-0.18862077, -0.07018976, -0.22705651, 0.06828724, -0.063491, 0.41567728], [-0.18697719, 0.01661596, -0.13249777, 0.0655994, -0.05307917, 0.31947496], [-0.21368096, 0.01379882, -0.24965982, 0.08695044, -0.08193394, 0.46334079], [-0.13616821, 0.03881169, -0.21971138, 0.06652274, -0.06955421, 0.35587959], [-0.20257517, 0.05323537, -0.35176308, 0.10163561, -0.10849045, 0.55433826], [-0.33610457, -0.01299113, -0.1419492, 0.10087702, -0.06850368, 0.47805377], [-0.08875428, 0.10113396, -0.34113605, 0.0771741, -0.09910358, 0.42989032], [-0.10540661, -0.02153192, -0.09819365, 0.03651087, -0.03130326, 0.20360027], [0.01249476, -0.01788343, 0.00781269, -0.0061477, 0.00542146, -0.02030745], [-0.00040133, -0.27397373, -0.21891031, -0.00294448, -0.01454835, 0.21931164], [0.00967466, -0.00995514, -0.01331323, 0.03796119, -0.03913247, 0.00363857], [-0.00831673, 0.00679632, -0.0289224, -0.03328055, 0.03025957, 0.03723913], [-0.01815416, -0.02499473, 0.07123868, -0.0073656, 0.01699519, -0.05308453], [0.01527484, -0.02037919, 0.02130365, -0.00884581, 0.00906724, -0.03657849], [0.00513589, 0.00125312, 0.03265294, -0.00530691, 0.00772228, -0.03778883], [0.02483559, 0.00503694, 0.03158522, -0.00968214, 0.00927425, -0.05642081], [0.0332962, -0.01102823, 0.02901327, -0.01328847, 0.01167875, -0.06230947], [0.0321508, -0.00115325, 0.02873552, -0.01185108, 0.01024297, -0.06088631]], "number of molecular orbitals": 72, "number of electrons": 80, "number of unpaired electrons": 0, "orbital energies/eV": [-20.67721592, -20.04473959, -19.8356284, -19.25046539, -18.9644276, -18.61642272, -18.49414097, -18.35386358, -17.84248315, -17.65115378, -17.29108928, -17.03131303, -16.79504442, -16.54976095, -16.10771967, -16.01959185, -15.81111999, -15.68125571, -15.66653124, -15.22039585, -15.08382175, -14.9335902, -14.78969295, -14.42675143, -14.11619085, -13.94498866, -13.77219889, -13.66479544, -13.42889293, -13.24819356, -13.2320116, -12.97887493, -12.94695592, -12.62459821, -12.54302842, -12.42522894, -11.77311532, -11.17871631, -11.06176214, -10.54606387, -7.99444654, -7.14727188, -6.28236733, -5.52699704, -4.37253154, -2.58908434, -1.2639332, -0.12434944, 1.31833038, 1.76587652, 2.06784796, 2.26908386, 2.84662845, 3.26639672, 3.59449085, 3.78555558, 4.08725573, 4.45469968, 5.25632549, 5.41070383, 6.94306462, 7.16249471, 8.29311437, 9.80663207, 10.67951624, 10.92911313, 11.57286341, 13.12148867, 14.84095824, 15.63250375, 18.28616598, 18.65306484], "fractional occupation": [2.0, 2.0, 2.0, 2.0, 2.0, 2.0, 2.0, 2.0, 2.0, 2.0, 2.0, 2.0, 2.0, 2.0, 2.0, 2.0, 2.0, 2.0, 2.0, 2.0, 2.0, 2.0, 2.0, 2.0, 2.0, 2.0, 2.0, 2.0, 2.0, 2.0, 2.0, 2.0, 2.0, 2.0, 2.0, 2.0, 2.0, 2.0, 2.0, 2.0, 0.0, 0.0, 0.0, 0.0, 0.0, 0.0, 0.0, 0.0, 0.0, 0.0, 0.0, 0.0, 0.0, 0.0, 0.0, 0.0, 0.0, 0.0, 0.0, 0.0, 0.0, 0.0, 0.0, 0.0, 0.0, 0.0, 0.0, 0.0, 0.0, 0.0, 0.0, 0.0], "program call": "xtb /home/svss/Project-DBcg-Debug/aqme2_20220329/End-to-End-workflows-final/example-3/QDESCP/mol_605_rdkit_conf_1/mol_605_rdkit_conf_1.xyz --pop --wbo --acc 0.2 --gfn 2 --chrg 0 --uhf 0 --etemp 300 --input /home/svss/Project-DBcg-Debug/aqme2_20220329/End-to-End-workflows-final/example-3/QDESCP/mol_605_rdkit_conf_1/mol_605_rdkit_conf_1_xtb.inp", "method": "GFN2-xTB", "xtb version": "6.3.3 (7355c4f)", "Dipole module/D": 7.361, "Total charge": 0, "Transition dipole module/D": NaN, "HOMO": -10.5461, "LUMO": -7.9944, "HOMO occupancy": 2.0, "LUMO occupancy": 0, "mulliken charges": [0.1709, -0.39218, 0.21683, 0.18572, -0.35552, 0.20681, -0.09185, -0.02273, -0.06196, -0.03606, 0.00758, -0.07423, 0.5659, -0.51377, -0.37294, 0.20654, 0.03217, 0.03218, 0.04253, 0.05097, 0.04768, 0.0444, 0.04541, 0.06562], "cm5 charges": [0.05163, -0.47373, 0.24205, 0.21023, -0.43206, 0.1802, -0.14102, -0.02619, -0.1112, -0.04069, -0.04461, -0.1227, 0.62135, -0.55456, -0.42526, 0.23005, 0.09471, 0.09472, 0.10177, 0.1137, 0.10352, 0.10102, 0.10205, 0.125], "FUKUI+": [0.019, -0.044, -0.043, -0.02, -0.048, -0.035, -0.024, -0.022, -0.054, -0.021, -0.051, -0.045, -0.035, -0.123, -0.056, -0.009, -0.02, -0.02, -0.034, -0.062, -0.053, -0.06, -0.069, -0.071], "FUKUI-": [0.026, -0.096, -0.033, -0.009, -0.06, -0.029, -0.036, -0.022, -0.05, -0.022, -0.008, -0.023, -0.01, -0.113, -0.058, -0.035, -0.048, -0.048, -0.048, -0.061, -0.059, -0.06, -0.048, -0.05], "FUKUIrad": [0.023, -0.07, -0.038, -0.015, -0.054, -0.032, -0.03, -0.022, -0.052, -0.021, -0.029, -0.034, -0.022, -0.118, -0.057, -0.022, -0.034, -0.034, -0.041, -0.061, -0.056, -0.06, -0.058, -0.061], "s proportion": [0.972, 1.683, 1.011, 1.019, 1.69, 1.019, 1.053, 1.072, 1.057, 1.074, 1.07, 1.077, 0.975, 1.727, 1.683, 1.024, 0.968, 0.968, 0.957, 0.949, 0.952, 0.956, 0.955, 0.934], "p proportion": [2.857, 4.71, 2.772, 2.795, 4.666, 2.774, 3.039, 2.95, 3.005, 2.962, 2.922, 2.998, 2.459, 4.787, 4.69, 2.769, 0.0, 0.0, 0.0, 0.0, 0.0, 0.0, 0.0, 0.0], "d proportion": [0.0, 0.0, 0.0, 0.0, 0.0, 0.0, 0.0, 0.0, 0.0, 0.0, 0.0, 0.0, 0.0, 0.0, 0.0, 0.0, 0.0, 0.0, 0.0, 0.0, 0.0, 0.0, 0.0, 0.0], "Fermi-level/eV": -9.2703, "Coordination numbers": [3.641, 1.702, 2.846, 3.08, 1.723, 3.003, 2.983, 3.068, 2.916, 2.972, 2.904, 2.899, 2.7, 0.857, 1.702, 2.861, 0.924, 0.924, 0.924, 0.925, 0.926, 0.925, 0.925, 0.925], "Dispersion coefficient C6": [20.401, 17.948, 25.435, 25.763, 17.25, 26.231, 29.564, 28.169, 29.427, 28.17, 28.28, 29.618, 21.12, 21.408, 17.777, 25.5, 2.282, 2.282, 2.105, 2.165, 2.31, 2.245, 2.214, 2.056], "Total dispersion C6": 8195.191047, "Total dispersion C8": 201764.306417, "Polarizability alpha": [6.495, 5.72, 8.265, 8.321, 5.608, 8.401, 8.919, 8.703, 8.895, 8.706, 8.72, 8.923, 7.522, 6.203, 5.692, 8.277, 2.362, 2.362, 2.269, 2.301, 2.377, 2.343, 2.327, 2.242], "Total polarizability alpha": 141.95525, "Wiberg matrix": [[0.0, 0.976344479938887, 0.0, 0.0, 0.0, 0.0, 0.0, 0.0, 0.0, 0.0, 0.0, 0.0, 0.0, 0.0, 0.0, 0.0, 0.9777977570061365, 0.9777988776441054, 0.9785458698518211, 0.0, 0.0, 0.0, 0.0, 0.0], [0.976344479938887, 0.0, 1.0790266035130842, 0.0, 0.0, 0.0, 0.0, 0.0, 0.0, 0.0, 0.0, 0.0, 0.0, 0.0, 0.0, 0.0, 0.0, 0.0, 0.0, 0.0, 0.0, 0.0, 0.0, 0.0], [0.0, 1.0790266035130842, 0.0, 1.3012848436618645, 0.0, 0.0, 0.0, 0.0, 0.10456873539059715, 0.0, 0.0, 0.0, 0.0, 0.0, 0.0, 1.3282707627304242, 0.0, 0.0, 0.0, 0.0, 0.0, 0.0, 0.0, 0.0], [0.0, 0.0, 1.3012848436618645, 0.0, 1.0772778208878724, 0.0, 0.0, 1.274065227082128, 0.0, 0.0, 0.0, 0.0, 0.0, 0.0, 0.0, 0.0, 0.0, 0.0, 0.0, 0.0, 0.0, 0.0, 0.0, 0.0], [0.0, 0.0, 0.0, 1.0772778208878724, 0.0, 1.1117260031489598, 0.0, 0.0, 0.0, 0.0, 0.0, 0.0, 0.0, 0.0, 0.0, 0.0, 0.0, 0.0, 0.0, 0.0, 0.0, 0.0, 0.0, 0.0], [0.0, 0.0, 0.0, 0.0, 1.1117260031489598, 0.0, 1.6535107224861618, 0.0, 0.0, 0.0, 0.0, 0.0, 0.0, 0.0, 0.0, 0.0, 0.0, 0.0, 0.0, 0.9646438005206529, 0.0, 0.0, 0.0, 0.0], [0.0, 0.0, 0.0, 0.0, 0.0, 1.6535107224861618, 0.0, 1.2095920974760286, 0.0, 0.0, 0.0, 0.0, 0.0, 0.0, 0.0, 0.0, 0.0, 0.0, 0.0, 0.0, 0.9723728199016566, 0.0, 0.0, 0.0], [0.0, 0.0, 0.0, 1.274065227082128, 0.0, 0.0, 1.2095920974760286, 0.0, 1.3355454194548062, 0.0, 0.0, 0.0, 0.0, 0.0, 0.0, 0.0, 0.0, 0.0, 0.0, 0.0, 0.0, 0.0, 0.0, 0.0], [0.0, 0.0, 0.10456873539059715, 0.0, 0.0, 0.0, 0.0, 1.3355454194548062, 0.0, 1.3890966501663493, 0.0, 0.0, 0.0, 0.0, 0.0, 0.0, 0.0, 0.0, 0.0, 0.0, 0.0, 0.9674943828009519, 0.0, 0.0], [0.0, 0.0, 0.0, 0.0, 0.0, 0.0, 0.0, 0.0, 1.3890966501663493, 0.0, 1.1325043693609906, 0.0, 0.0, 0.0, 0.0, 1.294328854942607, 0.0, 0.0, 0.0, 0.0, 0.0, 0.0, 0.0, 0.0], [0.0, 0.0, 0.0, 0.0, 0.0, 0.0, 0.0, 0.0, 0.0, 1.1325043693609906, 0.0, 1.7616901425215217, 0.0, 0.0, 0.0, 0.0, 0.0, 0.0, 0.0, 0.0, 0.0, 0.0, 0.9635987117583891, 0.0], [0.0, 0.0, 0.0, 0.0, 0.0, 0.0, 0.0, 0.0, 0.0, 0.0, 1.7616901425215217, 0.0, 1.0646539926380858, 0.0, 0.0, 0.0, 0.0, 0.0, 0.0, 0.0, 0.0, 0.0, 0.0, 0.9639390325897753], [0.0, 0.0, 0.0, 0.0, 0.0, 0.0, 0.0, 0.0, 0.0, 0.0, 0.0, 1.0646539926380858, 0.0, 1.721039656821863, 1.0601576302127975, 0.0, 0.0, 0.0, 0.0, 0.0, 0.0, 0.0, 0.0, 0.0], [0.0, 0.0, 0.0, 0.0, 0.0, 0.0, 0.0, 0.0, 0.0, 0.0, 0.0, 0.0, 1.721039656821863, 0.0, 0.1525520468520315, 0.0, 0.0, 0.0, 0.0, 0.0, 0.0, 0.0, 0.0, 0.0], [0.0, 0.0, 0.0, 0.0, 0.0, 0.0, 0.0, 0.0, 0.0, 0.0, 0.0, 0.0, 1.0601576302127975, 0.1525520468520315, 0.0, 1.0216650832884124, 0.0, 0.0, 0.0, 0.0, 0.0, 0.0, 0.0, 0.0], [0.0, 0.0, 1.3282707627304242, 0.0, 0.0, 0.0, 0.0, 0.0, 0.0, 1.294328854942607, 0.0, 0.0, 0.0, 0.0, 1.0216650832884124, 0.0, 0.0, 0.0, 0.0, 0.0, 0.0, 0.0, 0.0, 0.0], [0.9777977570061365, 0.0, 0.0, 0.0, 0.0, 0.0, 0.0, 0.0, 0.0, 0.0, 0.0, 0.0, 0.0, 0.0, 0.0, 0.0, 0.0, 0.0, 0.0, 0.0, 0.0, 0.0, 0.0, 0.0], [0.9777988776441054, 0.0, 0.0, 0.0, 0.0, 0.0, 0.0, 0.0, 0.0, 0.0, 0.0, 0.0, 0.0, 0.0, 0.0, 0.0, 0.0, 0.0, 0.0, 0.0, 0.0, 0.0, 0.0, 0.0], [0.9785458698518211, 0.0, 0.0, 0.0, 0.0, 0.0, 0.0, 0.0, 0.0, 0.0, 0.0, 0.0, 0.0, 0.0, 0.0, 0.0, 0.0, 0.0, 0.0, 0.0, 0.0, 0.0, 0.0, 0.0], [0.0, 0.0, 0.0, 0.0, 0.0, 0.9646438005206529, 0.0, 0.0, 0.0, 0.0, 0.0, 0.0, 0.0, 0.0, 0.0, 0.0, 0.0, 0.0, 0.0, 0.0, 0.0, 0.0, 0.0, 0.0], [0.0, 0.0, 0.0, 0.0, 0.0, 0.0, 0.9723728199016566, 0.0, 0.0, 0.0, 0.0, 0.0, 0.0, 0.0, 0.0, 0.0, 0.0, 0.0, 0.0, 0.0, 0.0, 0.0, 0.0, 0.0], [0.0, 0.0, 0.0, 0.0, 0.0, 0.0, 0.0, 0.0, 0.9674943828009519, 0.0, 0.0, 0.0, 0.0, 0.0, 0.0, 0.0, 0.0, 0.0, 0.0, 0.0, 0.0, 0.0, 0.0, 0.0], [0.0, 0.0, 0.0, 0.0, 0.0, 0.0, 0.0, 0.0, 0.0, 0.0, 0.9635987117583891, 0.0, 0.0, 0.0, 0.0, 0.0, 0.0, 0.0, 0.0, 0.0, 0.0, 0.0, 0.0, 0.0], [0.0, 0.0, 0.0, 0.0, 0.0, 0.0, 0.0, 0.0, 0.0, 0.0, 0.0, 0.9639390325897753, 0.0, 0.0, 0.0, 0.0, 0.0, 0.0, 0.0, 0.0, 0.0, 0.0, 0.0, 0.0]], "Born radii": [], "Atomic SASAs": [], "Solvent H bonds": [], "Total SASA": NaN, "Total FOD": 0.0, "FOD": [0.0, 0.0, 0.0, 0.0, 0.0, 0.0, 0.0, 0.0, 0.0, 0.0, 0.0, 0.0, 0.0, 0.0, 0.0, 0.0, 0.0, 0.0, 0.0, 0.0, 0.0, 0.0, 0.0, 0.0], "FOD s proportion": [0.0, 0.0, 0.0, 0.0, 0.0, 0.0, 0.0, 0.0, 0.0, 0.0, 0.0, 0.0, 0.0, 0.0, 0.0, 0.0, 0.0, 0.0, 0.0, 0.0, 0.0, 0.0, 0.0, 0.0], "FOD p proportion": [0.0, 0.0, 0.0, 0.0, 0.0, 0.0, 0.0, 0.0, 0.0, 0.0, 0.0, 0.0, 0.0, 0.0, 0.0, 0.0, 0.0, 0.0, 0.0, 0.0, 0.0, 0.0, 0.0, 0.0], "FOD d proportion": [0.0, 0.0, 0.0, 0.0, 0.0, 0.0, 0.0, 0.0, 0.0, 0.0, 0.0, 0.0, 0.0, 0.0, 0.0, 0.0, 0.0, 0.0, 0.0, 0.0, 0.0, 0.0, 0.0, 0.0], "coordinates": [["1.44940", "2.98440", "0.27030"], ["0.19660", "2.31960", "0.35110"], ["0.21480", "0.94480", "0.19830"], ["1.32070", "0.11200", "-0.02860"], ["2.62930", "0.49160", "-0.14750"], ["3.36560", "-0.62680", "-0.36030"], ["2.55840", "-1.73770", "-0.38300"], ["1.23190", "-1.27420", "-0.16960"], ["-0.02960", "-1.89460", "-0.08290"], ["-1.16170", "-1.10120", "0.14290"], ["-2.48600", "-1.69760", "0.23990"], ["-3.55060", "-0.91990", "0.45570"], ["-3.44520", "0.54100", "0.60280"], ["-4.44490", "1.22160", "0.80000"], ["-2.17440", "1.08370", "0.50650"], ["-1.02400", "0.28280", "0.27760"], ["2.12210", "2.66060", "1.07080"], ["1.90280", "2.85660", "-0.71770"], ["1.26620", "4.05440", "0.41000"], ["4.42960", "-0.47100", "-0.47370"], ["2.88360", "-2.75720", "-0.53460"], ["-0.11120", "-2.97240", "-0.19090"], ["-2.59280", "-2.77190", "0.13530"], ["-4.55080", "-1.32840", "0.53360"]], "bond_dist": [[0.0, 1.420561691726199, 2.3852440797536842, 2.8907761345354985, 2.789403644150484, 4.136453098972597, 4.894375373834745, 4.286781102412391, 5.110463016205087, 4.85038156540287, 6.116324167341035, 6.3464897108559155, 5.480681432997177, 6.1750156615186, 4.098826340551646, 3.662840893350406, 1.0946104238495082, 1.0945539730867546, 1.094521964146906, 4.623301547595614, 5.972500666387573, 6.1750825128090385, 7.035097407285844, 7.39404968674136], [1.420561691726199, 0.0, 1.3833850223274793, 2.506246328675615, 3.0835394030237397, 4.385193715219431, 4.751703414566191, 3.7760260883632677, 4.242523315198161, 3.6864886775900993, 4.831832368781019, 4.954473660238795, 4.060723838184518, 4.790682358495499, 2.6782903072669324, 2.3756727152535135, 2.0836984762676196, 2.0837036449552993, 2.0388831280875324, 5.136733631404299, 5.811912914867187, 5.328580377548977, 5.809534770530253, 5.989909599484787], [2.3852440797536842, 1.3833850223274793, 0.0, 1.4028735723506949, 2.4808825304717677, 3.565038731907411, 3.6091795328024343, 2.4685631083689152, 2.863738319050817, 2.4665638872731432, 3.7786676170311675, 4.209702841056599, 3.7043588770528157, 4.706534310934108, 2.4129975321164334, 1.4068254795816002, 2.70980057937849, 2.709867015187277, 3.289357233564029, 4.4967335567053555, 4.622168306109158, 3.949963098561808, 4.658373713003283, 5.290633959177293], [2.8907761345354985, 2.506246328675615, 1.4028735723506949, 0.0, 1.3677234113664942, 2.1994240928024773, 2.2536394432118017, 1.3961793867551548, 2.4192358586958815, 2.7683165010525803, 4.223471238211526, 5.002891942666761, 4.826645809462302, 5.929581222986998, 3.6669138127313543, 2.3707697420879996, 2.888993644852823, 2.889035891088928, 3.967096919663043, 3.19425456405716, 3.306206443947504, 3.4044386115775387, 4.864074903822925, 6.071682900975643], [2.789403644150484, 3.0835394030237397, 2.4808825304717677, 1.3677234113664942, 0.0, 1.3558171299994701, 2.2428253498656554, 2.2519468932459312, 3.5732160318122386, 4.1222596958464415, 5.577541527411517, 6.367679836486756, 6.120861107720057, 7.1746053473344436, 4.884038503124233, 3.6838713794050957, 2.5389107369106148, 2.5389279804673466, 3.8551772592190887, 2.0673861008529584, 3.2816484180972223, 4.417184602209874, 6.164473740717856, 7.438422764269317], [4.136453098972597, 4.385193715219431, 3.565038731907411, 2.1994240928024773, 1.3558171299994701, 0.0, 1.3733848477393367, 2.237893862541296, 3.6347834378405546, 4.579815595632645, 5.9789694128670705, 6.970336150430623, 6.97698467032858, 8.109672551959171, 5.8624868861260575, 4.528010239608563, 3.794909514072766, 3.794943235412092, 5.187916334136472, 1.0813090215105021, 2.191188866802677, 4.197460417919388, 6.352133809201441, 7.997542668220032], [4.894375373834745, 4.751703414566191, 3.6091795328024343, 2.2536394432118017, 2.2428253498656554, 1.3733848477393367, 0.0, 1.4212579146657371, 2.610061612299602, 3.8106229241424554, 5.082871607664313, 6.2202970612342945, 6.496729045450487, 7.694358737412754, 5.581299494741345, 4.16562148664518, 4.652841607018231, 4.652894576497515, 5.987240787708476, 2.261447505470777, 1.0807950083156381, 2.94756690509308, 5.279494859359179, 7.1797219089599835], [4.286781102412391, 3.7760260883632677, 2.4685631083689152, 1.3961793867551548, 2.2519468932459312, 2.237893862541296, 1.4212579146657371, 0.0, 1.4084726834411807, 2.420104586582985, 3.7642712734339434, 4.836200453868719, 5.07610256102061, 6.276559570337878, 4.197580649612346, 2.7772867424880707, 4.220627825335942, 4.220666897541193, 5.36013904763673, 3.311025874257101, 2.2495837148237006, 2.165237755998172, 4.1187861549247735, 5.825551233145237], [5.110463016205087, 4.242523315198161, 2.863738319050817, 2.4192358586958815, 3.5732160318122386, 3.6347834378405546, 2.610061612299602, 1.4084726834411807, 0.0, 1.4007567990197298, 2.4853389708448224, 3.692908210340463, 4.250724080671433, 5.475864218550346, 3.7172342258727795, 2.420715260000647, 5.168237960852809, 5.1682726553462714, 6.108408061843937, 4.697214732157771, 3.0716194246683624, 1.0862667259932064, 2.7179515760954978, 4.598032636900264], [4.85038156540287, 3.6864886775900993, 2.4665638872731432, 2.7683165010525803, 4.1222596958464415, 4.579815595632645, 3.8106229241424554, 2.420104586582985, 1.4007567990197298, 0.0, 1.455634724098048, 2.416103627744473, 2.8500352804833837, 4.075117481742091, 2.435478240510475, 1.3973408245664334, 5.078925091985508, 5.078973661085476, 5.704932267783729, 5.660387203186722, 4.423323901773417, 2.1717187041603707, 2.199850781303132, 3.4191029730032994], [6.116324167341035, 4.831832368781019, 3.7786676170311675, 4.223471238211526, 5.577541527411517, 5.9789694128670705, 5.082871607664313, 3.7642712734339434, 2.4853389708448224, 1.455634724098048, 0.0, 1.3359491345107417, 2.4623344634716053, 3.559877787228095, 2.811369739112947, 2.4618792517099615, 6.39678729207092, 6.396819587888969, 6.869748383310703, 7.059695169056521, 5.527676416904304, 2.729538188045736, 1.0846510452675553, 2.118010238407737], [6.3464897108559155, 4.954473660238795, 4.209702841056599, 5.002891942666761, 6.367679836486756, 6.970336150430623, 6.2202970612342945, 4.836200453868719, 3.692908210340463, 2.416103627744473, 1.3359491345107417, 0.0, 1.4720653450169936, 2.346132398224789, 2.431238375807687, 2.8039105656208085, 6.736308599670892, 6.736348519042049, 6.924399701057125, 8.046669348867269, 6.764266037050879, 4.057132012887922, 2.1094883265853834, 1.0832085210152287], [5.480681432997177, 4.060723838184518, 3.7043588770528157, 4.826645809462302, 6.120861107720057, 6.97698467032858, 6.496729045450487, 5.07610256102061, 4.250724080671433, 2.8500352804833837, 2.4623344634716053, 1.4720653450169936, 0.0, 1.225358841319554, 1.3851821613058697, 2.4565487416291987, 5.975496418708658, 5.9755190243191425, 5.880343643019513, 8.01220764146811, 7.2267220397632554, 4.908105056944074, 3.4526002403985316, 2.1729694797672607], [6.1750156615186, 4.790682358495499, 4.706534310934108, 5.929581222986998, 7.1746053473344436, 8.109672551959171, 7.694358737412754, 6.276559570337878, 5.475864218550346, 4.075117481742091, 3.559877787228095, 2.346132398224789, 1.225358841319554, 0.0, 2.2935406929025692, 3.585638577715272, 6.728264459725108, 6.72829351173089, 6.386980432880627, 9.123812618637013, 8.445052921681427, 6.111667080265416, 4.451981890124891, 2.566063867092945], [4.098826340551646, 2.6782903072669324, 2.4129975321164334, 3.6669138127313543, 4.884038503124233, 5.8624868861260575, 5.581299494741345, 4.197580649612346, 3.7172342258727795, 2.435478240510475, 2.811369739112947, 2.431238375807687, 1.3851821613058697, 2.2935406929025692, 0.0, 1.4203014398359244, 4.611394620936274, 4.611442278723652, 4.546658014410145, 6.854976304116593, 6.435818985956644, 4.603814528192898, 3.8959593632377634, 3.3861833647928754], [3.662840893350406, 2.3756727152535135, 1.4068254795816002, 2.3707697420879996, 3.6838713794050957, 4.528010239608563, 4.16562148664518, 2.7772867424880707, 2.420715260000647, 1.3973408245664334, 2.4618792517099615, 2.8039105656208085, 2.4565487416291987, 3.585638577715272, 1.4203014398359244, 0.0, 4.022566878250752, 4.022589560221127, 4.414466259923163, 5.556475419724269, 5.0170316522820535, 3.4130665287978195, 3.4369426559080094, 3.8858486434754504], [1.0946104238495082, 2.0836984762676196, 2.70980057937849, 2.888993644852823, 2.5389107369106148, 3.794909514072766, 4.652841607018231, 4.220627825335942, 5.168237960852809, 5.078925091985508, 6.39678729207092, 6.736308599670892, 5.975496418708658, 6.728264459725108, 4.611394620936274, 4.022566878250752, 0.0, 1.8125233074363485, 1.7640577910034583, 4.185326159333344, 5.701732039477127, 6.189523792667736, 7.253792009011562, 7.792836405956435], [1.0945539730867546, 2.0837036449552993, 2.709867015187277, 2.889035891088928, 2.5389279804673466, 3.794943235412092, 4.652894576497515, 4.220666897541193, 5.1682726553462714, 5.078973661085476, 6.396819587888969, 6.736348519042049, 5.9755190243191425, 6.72829351173089, 4.611442278723652, 4.022589560221127, 1.8125233074363485, 0.0, 1.7639987783442483, 4.185352553847764, 5.701775573450782, 6.1895844157746165, 7.253829375578116, 7.792876853255157], [1.094521964146906, 2.0388831280875324, 3.289357233564029, 3.967096919663043, 3.8551772592190887, 5.187916334136472, 5.987240787708476, 5.36013904763673, 6.108408061843937, 5.704932267783729, 6.869748383310703, 6.924399701057125, 5.880343643019513, 6.386980432880627, 4.546658014410145, 4.414466259923163, 1.7640577910034583, 1.7639987783442483, 0.0, 5.591714442816263, 7.064428248627061, 7.185696195220056, 7.846382145931971, 7.926367503465885], [4.623301547595614, 5.136733631404299, 4.4967335567053555, 3.19425456405716, 2.0673861008529584, 1.0813090215105021, 2.261447505470777, 3.311025874257101, 4.697214732157771, 5.660387203186722, 7.059695169056521, 8.046669348867269, 8.01220764146811, 9.123812618637013, 6.854976304116593, 5.556475419724269, 4.185326159333344, 4.185352553847764, 5.591714442816263, 0.0, 2.7605316969743345, 5.191901620793676, 7.41479086488621, 9.077299830346025], [5.972500666387573, 5.811912914867187, 4.622168306109158, 3.306206443947504, 3.2816484180972223, 2.191188866802677, 1.0807950083156381, 2.2495837148237006, 3.0716194246683624, 4.423323901773417, 5.527676416904304, 6.764266037050879, 7.2267220397632554, 8.445052921681427, 6.435818985956644, 5.0170316522820535, 5.701732039477127, 5.701775573450782, 7.064428248627061, 2.7605316969743345, 0.0, 3.0221296745838027, 5.517240166967539, 7.6454446594034025], [6.1750825128090385, 5.328580377548977, 3.949963098561808, 3.4044386115775387, 4.417184602209874, 4.197460417919388, 2.94756690509308, 2.165237755998172, 1.0862667259932064, 2.1717187041603707, 2.729538188045736, 4.057132012887922, 4.908105056944074, 6.111667080265416, 4.603814528192898, 3.4130665287978195, 6.189523792667736, 6.1895844157746165, 7.185696195220056, 5.191901620793676, 3.0221296745838027, 0.0, 2.510965003738602, 4.789330267375595], [7.035097407285844, 5.809534770530253, 4.658373713003283, 4.864074903822925, 6.164473740717856, 6.352133809201441, 5.279494859359179, 4.1187861549247735, 2.7179515760954978, 2.199850781303132, 1.0846510452675553, 2.1094883265853834, 3.4526002403985316, 4.451981890124891, 3.8959593632377634, 3.4369426559080094, 7.253792009011562, 7.253829375578116, 7.846382145931971, 7.41479086488621, 5.517240166967539, 2.510965003738602, 0.0, 2.4649744704560326], [7.39404968674136, 5.989909599484787, 5.290633959177293, 6.071682900975643, 7.438422764269317, 7.997542668220032, 7.1797219089599835, 5.825551233145237, 4.598032636900264, 3.4191029730032994, 2.118010238407737, 1.0832085210152287, 2.1729694797672607, 2.566063867092945, 3.3861833647928754, 3.8858486434754504, 7.792836405956435, 7.792876853255157, 7.926367503465885, 9.077299830346025, 7.6454446594034025, 4.789330267375595, 2.4649744704560326, 0.0]]}