{"total energy": -65.29299375, "HOMO-LUMO gap/eV": 4.16109804, "electronic energy": -66.10528555, "dipole": [-0.74447274, 1.53209079, 0.15108658], "partial charges": [-0.10212944, -0.05279818, -0.06268284, 0.08377096, -0.3180638, 0.14679856, -0.11552553, 0.26448977, -0.41500918, 0.00581193, -0.16627623, 0.04073473, 0.00464372, -0.05022442, -0.09492342, -0.03990275, -0.03396568, -0.04068187, -0.00151562, -0.05534458, -0.0966435, 0.03436676, 0.03363114, 0.0331766, 0.04300003, 0.03160096, 0.04824817, 0.03953243, 0.02841054, 0.03275416, 0.05529743, 0.05301542, 0.08244902, 0.07578937, 0.0373963, 0.03512635, 0.05111827, 0.03375105, 0.0354646, 0.04211897, 0.03936703, 0.04116254, 0.0425617, 0.03349648, 0.03795819, 0.0416434, 0.03700046], "atomic dipole moments": [[-0.07736441, -0.06858169, 0.02157197], [0.04778285, -0.00396349, -0.11282528], [-0.06511184, -0.04166285, 0.10064025], [-0.15104049, 0.15390975, 0.04893125], [0.01535611, -0.27518746, 0.00652254], [0.07258772, 0.06781623, -0.18825106], [0.01367838, 0.02087009, 0.04790047], [-0.02522298, 0.01757858, -0.0071526], [-0.13432417, 0.12284952, -0.05501415], [0.04464737, -0.17611374, 0.01327573], [0.12179829, 0.06638106, 0.10035103], [0.14729693, -0.11398633, 0.05197765], [0.0726584, -0.01259244, -0.01747752], [-0.03425955, 0.07882373, 0.06628851], [-0.04936584, -0.10269447, -0.03250403], [0.01630204, -0.01349817, 0.00912057], [0.00115737, -0.00098849, 0.00149307], [0.01722822, -0.01158495, 0.00297007], [0.01863174, -0.05548751, 0.05404388], [-0.03856844, -0.02605793, -0.09827127], [0.06241681, 0.08803622, 0.03579799], [0.02548792, 0.07004384, 0.10016823], [-0.03303349, 0.0777471, -0.09341675], [0.10596025, -0.05875137, -0.03298577], [-0.09996756, 0.06683344, 0.03986007], [0.03650245, -0.067968, 0.09670109], [-0.03721355, 0.07422892, -0.09354279], [0.10193719, -0.05923595, -0.04001993], [0.03547766, -0.07129124, 0.09293336], [-0.0189179, -0.0652647, -0.09939009], [0.04592878, -0.10203588, 0.06704596], [-0.06704732, 0.06079199, 0.08528635], [0.05357074, 0.05967172, -0.111881], [-0.13180672, 0.02900237, 0.01022312], [0.0858146, -0.09191697, 0.01175459], [-0.01895473, -0.00644669, -0.12123248], [0.02361638, 0.01394624, 0.12766791], [-0.06770172, 0.10024967, -0.03320136], [0.10907695, 0.01102386, -0.06055593], [0.00873181, 0.10488985, -0.10914157], [-0.11519297, 0.08991574, -0.03844906], [-0.13617336, -0.00578795, 0.06673229], [-0.05800959, 0.05374966, 0.09593154], [0.10345511, -0.04298971, 0.06066476], [-0.11300384, 0.03163329, -0.0477236], [-0.02217307, -0.08014199, 0.09572221], [0.06014428, -0.06723753, -0.09003825]], "atomic quadrupole moments": [[0.06704905, 0.17490613, 0.02972257, -0.05621922, -0.04137986, -0.09677162], [-0.03462092, 0.2172387, 0.01631219, -0.00073888, 0.09807913, 0.01830873], [-0.0185892, 0.22976376, 0.03339926, -0.01678222, 0.0897697, -0.01481006], [0.32211331, -0.12083069, -0.00914098, -0.20452499, 0.03683181, -0.31297232], [0.10183016, 0.01313646, 0.02389817, -0.07803354, -0.00566002, -0.12572833], [0.1515774, 0.31332839, -0.11622999, 0.03512619, -1.528e-05, -0.03534741], [0.04043326, -0.0087088, -0.0359257, 0.03842592, -0.03277659, -0.00450756], [0.07991975, 0.24689102, -0.10345099, -0.28383095, -0.21102009, 0.02353124], [0.02911336, 0.07372024, -0.01840445, -0.11900948, -0.08340807, -0.01070891], [-0.2478707, -0.02567286, 0.38900619, 0.13482823, 0.15985604, -0.14113549], [-0.29547332, 0.03097752, 0.55094782, 0.01897963, 0.18626809, -0.2554745], [-0.0640643, -0.07655266, 0.09376074, 0.27660545, 0.28538198, -0.02969644], [-0.08893948, 0.17081389, 0.02278351, 0.0493139, 0.36175258, 0.06615597], [0.0515177, 0.1234335, 0.05021864, -0.07426456, 0.02588498, -0.10173634], [-0.03523056, 0.13259846, 0.15871476, 0.03298692, 0.07098015, -0.1234842], [-0.17121641, 0.16266065, 0.08956537, 0.1340683, 0.35810403, 0.08165104], [-0.20101209, 0.17786068, 0.10241526, 0.15040963, 0.36068336, 0.09859683], [-0.20813058, 0.16399202, 0.10751303, 0.15416782, 0.33010312, 0.10061755], [-0.27644688, 0.17727965, 0.12443649, 0.14365456, 0.228196, 0.15201039], [-0.06850528, 0.14146789, 0.10168176, 0.02453893, -0.04924906, -0.03317649], [-0.0217258, 0.15175251, 0.10330782, 0.06553064, 0.09135946, -0.08158202], [-0.03718673, 0.02196494, -0.00850013, 0.00959124, 0.05431669, 0.04568686], [-0.01595468, -0.016525, -0.00725167, 0.0331459, -0.05694491, 0.02320635], [0.03576519, -0.04855839, 0.00632958, -0.0310654, 0.01374438, -0.04209477], [0.03465317, -0.02893001, -0.00163415, -0.00904755, 0.0128383, -0.03301902], [-0.02091924, -0.01157703, 0.0116519, 0.02748724, -0.03758985, 0.00926734], [-0.02678217, -0.01372787, 0.01256045, 0.03348396, -0.03012154, 0.01422172], [0.03975455, -0.03608905, -0.00642654, -0.01299718, 0.02094117, -0.03332801], [-0.00144863, -0.01944121, -0.0195896, 0.00536044, -0.03151576, 0.02103823], [-0.00149653, 0.0098605, -0.01335897, 0.00541613, 0.03807449, 0.01485551], [0.00506927, -0.00606042, 0.02735748, 0.00997629, -0.01059817, -0.03242675], [0.02559217, -0.01300085, -0.00827786, -0.02202796, 0.03788415, -0.01731431], [-0.02800308, 0.01831312, 0.01036126, -0.03306011, -0.01527311, 0.01764182], [0.03721252, -0.01747556, 0.00678725, -0.0128755, 0.02434328, -0.04399977], [0.00539469, -0.02752177, 0.02469342, 0.02178017, -0.03351306, -0.03008811], [-0.01648282, 0.0027681, -0.03558518, 0.02758291, -0.01181374, 0.05206801], [-0.04438372, 0.00577483, -0.02947156, 0.01509623, -0.00659734, 0.07385527], [0.01231259, -0.05190946, 0.02372621, 0.03374898, -0.02000825, -0.0360388], [0.04761556, 0.00507387, -0.02933538, -0.05878941, 0.00960582, -0.01828018], [0.03285913, -0.0177963, -0.02013641, -0.02652722, -0.04251953, -0.01272273], [0.0238399, -0.01641408, -0.01547173, -0.02447369, -0.04841053, -0.00836818], [0.01525228, -0.01805116, -0.0093698, -0.01954956, -0.05243718, -0.00588248], [-0.00199512, -0.02711929, 0.00414178, -0.04036741, 0.02237695, -0.00214665], [0.05569791, -0.01910828, -0.01246866, 0.01520603, -0.01106129, -0.04322924], [0.04502306, -0.03998983, -0.0121561, 0.04201925, -0.01057623, -0.03286696], [-0.04429487, 0.01969517, 0.00258397, -0.00529427, -0.05135884, 0.0417109], [0.00838317, -0.02091481, -0.0215206, -0.04884047, 0.04287072, 0.01313743]], "number of molecular orbitals": 115, "number of electrons": 118, "number of unpaired electrons": 0, "orbital energies/eV": [-28.55979214, -19.26838564, -19.16149954, -18.45081182, -18.05366152, -17.92307769, -17.4835977, -17.45544204, -17.30627548, -17.05796231, -16.90616815, -16.66851567, -16.62863167, -16.41828963, -16.17861703, -15.96518809, -15.90710105, -15.75063988, -15.57921656, -15.43309748, -15.35425287, -15.2165898, -15.17921161, -14.89903465, -14.56254162, -14.36989117, -14.33907438, -14.22658843, -13.98964358, -13.86964675, -13.80044466, -13.76698482, -13.71299638, -13.57498275, -13.56430319, -13.44679451, -13.30340948, -13.26472525, -13.14312947, -12.89937518, -12.79338362, -12.72037917, -12.59876971, -12.48912881, -12.40054953, -12.24883308, -12.08237238, -11.97691512, -11.92193163, -11.88791639, -11.79638433, -11.55581468, -11.53708395, -11.33231957, -11.2394901, -11.22495614, -11.01587793, -10.99665516, -10.78635055, -6.62525251, -6.53479456, -6.41012019, -4.38854777, -3.30079568, -0.77538141, 0.32105121, 0.4134963, 0.56060955, 0.74733578, 0.7567483, 1.26318628, 1.7825632, 1.96778758, 2.5095691, 2.67860465, 2.83336361, 2.96524615, 3.1153405, 3.36488642, 3.38872457, 3.44507726, 3.52880616, 3.69287844, 3.78510922, 3.97433083, 4.14108904, 4.21703501, 4.27467471, 4.3391982, 4.53084522, 4.71747908, 4.79937787, 4.83099556, 4.99485598, 5.05634575, 5.2158281, 5.40079606, 5.65688067, 5.86056971, 6.50613778, 6.63780386, 6.68659457, 6.76361169, 6.99779566, 7.10140468, 7.38000854, 8.03370642, 8.28221012, 9.66462971, 10.35822291, 11.31770499, 11.48283342, 14.73362707, 15.85314716, 16.27799439], "fractional occupation": [2.0, 2.0, 2.0, 2.0, 2.0, 2.0, 2.0, 2.0, 2.0, 2.0, 2.0, 2.0, 2.0, 2.0, 2.0, 2.0, 2.0, 2.0, 2.0, 2.0, 2.0, 2.0, 2.0, 2.0, 2.0, 2.0, 2.0, 2.0, 2.0, 2.0, 2.0, 2.0, 2.0, 2.0, 2.0, 2.0, 2.0, 2.0, 2.0, 2.0, 2.0, 2.0, 2.0, 2.0, 2.0, 2.0, 2.0, 2.0, 2.0, 2.0, 2.0, 2.0, 2.0, 2.0, 2.0, 2.0, 2.0, 2.0, 2.0, 0.0, 0.0, 0.0, 0.0, 0.0, 0.0, 0.0, 0.0, 0.0, 0.0, 0.0, 0.0, 0.0, 0.0, 0.0, 0.0, 0.0, 0.0, 0.0, 0.0, 0.0, 0.0, 0.0, 0.0, 0.0, 0.0, 0.0, 0.0, 0.0, 0.0, 0.0, 0.0, 0.0, 0.0, 0.0, 0.0, 0.0, 0.0, 0.0, 0.0, 0.0, 0.0, 0.0, 0.0, 0.0, 0.0, 0.0, 0.0, 0.0, 0.0, 0.0, 0.0, 0.0, 0.0, 0.0, 0.0], "program call": "xtb /home/svss/Project-DBcg-Debug/aqme2_20220329/End-to-End-workflows-final/example-3/QDESCP/mol_376_rdkit_conf_15/mol_376_rdkit_conf_15.xyz --pop --wbo --acc 0.2 --gfn 2 --chrg 0 --uhf 0 --etemp 300 --input /home/svss/Project-DBcg-Debug/aqme2_20220329/End-to-End-workflows-final/example-3/QDESCP/mol_376_rdkit_conf_15/mol_376_rdkit_conf_15_xtb.inp", "method": "GFN2-xTB", "xtb version": "6.3.3 (7355c4f)", "Dipole module/D": 4.347, "Total charge": 0, "Transition dipole module/D": NaN, "HOMO": -10.7864, "LUMO": -6.6253, "HOMO occupancy": 2.0, "LUMO occupancy": 0, "mulliken charges": [-0.08496, -0.03574, -0.05353, 0.19572, -0.47093, 0.31784, -0.28563, 0.45863, -0.54349, 0.02986, -0.11628, 0.10405, -0.00521, -0.03614, -0.07497, -0.04217, -0.0257, -0.04199, -0.01589, -0.04097, -0.07854, 0.02823, 0.02629, 0.02535, 0.03277, 0.02029, 0.03168, 0.02511, 0.01885, 0.02971, 0.05145, 0.0364, 0.05485, 0.03909, 0.03551, 0.02677, 0.04047, 0.0244, 0.03008, 0.03584, 0.03485, 0.03501, 0.03391, 0.03089, 0.02984, 0.03686, 0.03154], "cm5 charges": [-0.23531, -0.14716, -0.16114, 0.1133, -0.56803, 0.29854, -0.53351, 0.54888, -0.58927, -0.06017, -0.12258, 0.1604, -0.013, -0.1402, -0.22405, -0.09527, -0.08103, -0.09513, -0.02403, -0.14526, -0.22762, 0.07902, 0.07761, 0.07664, 0.09015, 0.07547, 0.08945, 0.08028, 0.08259, 0.09761, 0.12786, 0.11084, 0.11323, 0.10017, 0.09841, 0.08216, 0.09476, 0.07613, 0.08117, 0.09232, 0.09022, 0.09141, 0.08924, 0.09125, 0.08157, 0.08769, 0.08436], "FUKUI+": [0.005, 0.002, 0.003, 0.006, -0.012, 0.015, -0.04, -0.049, -0.114, 0.02, -0.076, -0.035, -0.041, 0.011, 0.012, -0.033, -0.04, -0.029, -0.046, 0.012, 0.012, -0.01, -0.003, -0.008, 0.002, -0.007, -0.001, -0.014, -0.013, 0.008, -0.027, -0.023, -0.043, -0.029, -0.018, -0.032, -0.013, -0.016, -0.031, -0.063, -0.066, -0.062, -0.036, -0.022, -0.017, -0.032, -0.006], "FUKUI-": [0.011, 0.001, 0.006, 0.013, -0.053, 0.015, -0.028, -0.006, -0.063, 0.016, -0.136, -0.009, -0.017, 0.007, 0.008, -0.019, -0.021, -0.017, -0.022, 0.007, 0.008, -0.034, -0.028, -0.039, -0.034, -0.034, -0.021, -0.03, -0.037, -0.04, -0.025, -0.028, -0.034, -0.03, -0.006, -0.03, -0.005, -0.02, -0.02, -0.037, -0.041, -0.038, -0.032, -0.013, -0.017, -0.025, -0.006], "FUKUIrad": [0.008, 0.002, 0.004, 0.01, -0.033, 0.015, -0.034, -0.028, -0.088, 0.018, -0.106, -0.022, -0.029, 0.009, 0.01, -0.026, -0.03, -0.023, -0.034, 0.01, 0.01, -0.022, -0.016, -0.024, -0.016, -0.02, -0.011, -0.022, -0.025, -0.016, -0.026, -0.025, -0.039, -0.029, -0.012, -0.031, -0.009, -0.018, -0.025, -0.05, -0.053, -0.05, -0.034, -0.017, -0.017, -0.029, -0.006], "s proportion": [1.008, 1.026, 1.034, 0.996, 1.696, 0.974, 1.44, 1.012, 1.733, 1.051, 1.948, 1.05, 1.097, 1.025, 1.008, 1.063, 1.06, 1.062, 1.098, 1.026, 1.009, 0.972, 0.974, 0.975, 0.967, 0.98, 0.968, 0.975, 0.981, 0.97, 0.949, 0.964, 0.945, 0.961, 0.964, 0.973, 0.96, 0.976, 0.97, 0.964, 0.965, 0.965, 0.966, 0.969, 0.97, 0.963, 0.968], "p proportion": [3.077, 3.01, 3.02, 2.808, 4.775, 2.709, 3.846, 2.53, 4.811, 2.919, 5.183, 2.846, 2.908, 3.011, 3.067, 2.979, 2.965, 2.98, 2.918, 3.015, 3.07, 0.0, 0.0, 0.0, 0.0, 0.0, 0.0, 0.0, 0.0, 0.0, 0.0, 0.0, 0.0, 0.0, 0.0, 0.0, 0.0, 0.0, 0.0, 0.0, 0.0, 0.0, 0.0, 0.0, 0.0, 0.0, 0.0], "d proportion": [0.0, 0.0, 0.0, 0.0, 0.0, 0.0, 0.0, 0.0, 0.0, 0.0, -0.016, 0.0, 0.0, 0.0, 0.0, 0.0, 0.0, 0.0, 0.0, 0.0, 0.0, 0.0, 0.0, 0.0, 0.0, 0.0, 0.0, 0.0, 0.0, 0.0, 0.0, 0.0, 0.0, 0.0, 0.0, 0.0, 0.0, 0.0, 0.0, 0.0, 0.0, 0.0, 0.0, 0.0, 0.0, 0.0, 0.0], "Fermi-level/eV": -8.7058, "Coordination numbers": [3.75, 3.8, 3.8, 3.696, 1.698, 3.64, 2.734, 2.78, 0.857, 3.713, 0.915, 2.907, 2.959, 3.804, 3.75, 2.915, 2.906, 2.915, 2.96, 3.804, 3.75, 0.924, 0.924, 0.924, 0.924, 0.924, 0.924, 0.924, 0.924, 0.924, 0.924, 0.924, 0.924, 0.925, 0.924, 0.924, 0.924, 0.924, 0.924, 0.925, 0.925, 0.925, 0.924, 0.924, 0.924, 0.924, 0.924], "Dispersion coefficient C6": [22.514, 21.523, 21.704, 19.35, 19.313, 18.543, 23.517, 22.541, 21.983, 20.609, 104.349, 27.087, 27.918, 21.472, 22.376, 28.992, 28.845, 29.011, 28.063, 21.566, 22.409, 2.525, 2.536, 2.542, 2.409, 2.564, 2.342, 2.455, 2.609, 2.548, 2.255, 2.283, 1.954, 2.023, 2.484, 2.515, 2.306, 2.534, 2.51, 2.421, 2.457, 2.433, 2.415, 2.537, 2.476, 2.427, 2.489], "Total dispersion C6": 21620.753564, "Total dispersion C8": 509444.224607, "Polarizability alpha": [6.767, 6.605, 6.633, 6.293, 5.933, 6.193, 7.202, 7.776, 6.286, 6.487, 15.628, 8.534, 8.667, 6.597, 6.746, 8.829, 8.807, 8.832, 8.689, 6.611, 6.751, 2.485, 2.49, 2.493, 2.427, 2.504, 2.393, 2.45, 2.526, 2.496, 2.348, 2.363, 2.186, 2.224, 2.465, 2.48, 2.375, 2.489, 2.478, 2.433, 2.451, 2.439, 2.43, 2.491, 2.461, 2.436, 2.467], "Total polarizability alpha": 224.151122, "Wiberg matrix": [[0.0, 1.020489360811904, 0.0, 0.0, 0.0, 0.0, 0.0, 0.0, 0.0, 0.0, 0.0, 0.0, 0.0, 0.0, 0.0, 0.0, 0.0, 0.0, 0.0, 0.0, 0.0, 0.987275033226128, 0.987636489814572, 0.987502690024467, 0.0, 0.0, 0.0, 0.0, 0.0, 0.0, 0.0, 0.0, 0.0, 0.0, 0.0, 0.0, 0.0, 0.0, 0.0, 0.0, 0.0, 0.0, 0.0, 0.0, 0.0, 0.0, 0.0], [1.020489360811904, 0.0, 1.008087440098812, 0.0, 0.0, 0.0, 0.0, 0.0, 0.0, 0.0, 0.0, 0.0, 0.0, 0.0, 0.0, 0.0, 0.0, 0.0, 0.0, 0.0, 0.0, 0.0, 0.0, 0.0, 0.9771872801682706, 0.9778284442483375, 0.0, 0.0, 0.0, 0.0, 0.0, 0.0, 0.0, 0.0, 0.0, 0.0, 0.0, 0.0, 0.0, 0.0, 0.0, 0.0, 0.0, 0.0, 0.0, 0.0, 0.0], [0.0, 1.008087440098812, 0.0, 1.0028727665828265, 0.0, 0.0, 0.0, 0.0, 0.0, 0.0, 0.0, 0.0, 0.0, 0.0, 0.0, 0.0, 0.0, 0.0, 0.0, 0.0, 0.0, 0.0, 0.0, 0.0, 0.0, 0.0, 0.9744707634557959, 0.9746359862295069, 0.0, 0.0, 0.0, 0.0, 0.0, 0.0, 0.0, 0.0, 0.0, 0.0, 0.0, 0.0, 0.0, 0.0, 0.0, 0.0, 0.0, 0.0, 0.0], [0.0, 0.0, 1.0028727665828265, 0.0, 0.9668602442441829, 0.0, 0.0, 0.0, 0.0, 0.0, 0.0, 0.0, 0.0, 0.0, 0.0, 0.0, 0.0, 0.0, 0.0, 0.0, 0.0, 0.0, 0.0, 0.0, 0.0, 0.0, 0.0, 0.0, 0.9688700838030535, 0.9699904168563398, 0.0, 0.0, 0.0, 0.0, 0.0, 0.0, 0.0, 0.0, 0.0, 0.0, 0.0, 0.0, 0.0, 0.0, 0.0, 0.0, 0.0], [0.0, 0.0, 0.0, 0.9668602442441829, 0.0, 0.991093807509651, 0.0, 0.0, 0.0, 0.0, 0.0, 0.0, 0.0, 0.0, 0.0, 0.0, 0.0, 0.0, 0.0, 0.0, 0.0, 0.0, 0.0, 0.0, 0.0, 0.0, 0.0, 0.0, 0.0, 0.0, 0.0, 0.0, 0.0, 0.0, 0.0, 0.0, 0.0, 0.0, 0.0, 0.0, 0.0, 0.0, 0.0, 0.0, 0.0, 0.0, 0.0], [0.0, 0.0, 0.0, 0.0, 0.991093807509651, 0.0, 0.9684901702943551, 0.0, 0.0, 0.0, 0.0, 0.0, 0.0, 0.0, 0.0, 0.0, 0.0, 0.0, 0.0, 0.0, 0.0, 0.0, 0.0, 0.0, 0.0, 0.0, 0.0, 0.0, 0.0, 0.0, 0.958551959527704, 0.9624188861459261, 0.0, 0.0, 0.0, 0.0, 0.0, 0.0, 0.0, 0.0, 0.0, 0.0, 0.0, 0.0, 0.0, 0.0, 0.0], [0.0, 0.0, 0.0, 0.0, 0.0, 0.9684901702943551, 0.0, 1.2033731040160827, 0.19341435631466203, 0.0, 0.0, 0.9912885561324316, 0.0, 0.0, 0.0, 0.0, 0.0, 0.0, 0.0, 0.0, 0.0, 0.0, 0.0, 0.0, 0.0, 0.0, 0.0, 0.0, 0.0, 0.0, 0.0, 0.0, 0.0, 0.0, 0.0, 0.0, 0.0, 0.0, 0.0, 0.0, 0.0, 0.0, 0.0, 0.0, 0.0, 0.0, 0.0], [0.0, 0.0, 0.0, 0.0, 0.0, 0.0, 1.2033731040160827, 0.0, 1.7012402055592144, 0.9706512042860268, 0.0, 0.0, 0.0, 0.0, 0.0, 0.0, 0.0, 0.0, 0.0, 0.0, 0.0, 0.0, 0.0, 0.0, 0.0, 0.0, 0.0, 0.0, 0.0, 0.0, 0.0, 0.0, 0.0, 0.0, 0.0, 0.0, 0.0, 0.0, 0.0, 0.0, 0.0, 0.0, 0.0, 0.0, 0.0, 0.0, 0.0], [0.0, 0.0, 0.0, 0.0, 0.0, 0.0, 0.19341435631466203, 1.7012402055592144, 0.0, 0.0, 0.0, 0.0, 0.0, 0.0, 0.0, 0.0, 0.0, 0.0, 0.0, 0.0, 0.0, 0.0, 0.0, 0.0, 0.0, 0.0, 0.0, 0.0, 0.0, 0.0, 0.0, 0.0, 0.0, 0.0, 0.0, 0.0, 0.0, 0.0, 0.0, 0.0, 0.0, 0.0, 0.0, 0.0, 0.0, 0.0, 0.0], [0.0, 0.0, 0.0, 0.0, 0.0, 0.0, 0.0, 0.9706512042860268, 0.0, 0.0, 0.9689476328051901, 0.0, 0.0, 0.0, 0.0, 0.0, 0.0, 0.0, 0.0, 0.0, 0.0, 0.0, 0.0, 0.0, 0.0, 0.0, 0.0, 0.0, 0.0, 0.0, 0.0, 0.0, 0.9577300217826199, 0.9666923861228603, 0.0, 0.0, 0.0, 0.0, 0.0, 0.0, 0.0, 0.0, 0.0, 0.0, 0.0, 0.0, 0.0], [0.0, 0.0, 0.0, 0.0, 0.0, 0.0, 0.0, 0.0, 0.0, 0.9689476328051901, 0.0, 0.0, 0.0, 0.0, 0.0, 0.0, 0.0, 0.0, 0.0, 0.0, 0.0, 0.0, 0.0, 0.0, 0.0, 0.0, 0.0, 0.0, 0.0, 0.0, 0.0, 0.0, 0.0, 0.0, 0.0, 0.0, 0.0, 0.0, 0.0, 0.0, 0.0, 0.0, 0.0, 0.0, 0.0, 0.0, 0.0], [0.0, 0.0, 0.0, 0.0, 0.0, 0.0, 0.9912885561324316, 0.0, 0.0, 0.0, 0.0, 0.0, 1.3761403076291399, 0.0, 0.0, 0.0, 0.0, 0.0, 1.3706828202478565, 0.0, 0.0, 0.0, 0.0, 0.0, 0.0, 0.0, 0.0, 0.0, 0.0, 0.0, 0.0, 0.0, 0.0, 0.0, 0.0, 0.0, 0.0, 0.0, 0.0, 0.0, 0.0, 0.0, 0.0, 0.0, 0.0, 0.0, 0.0], [0.0, 0.0, 0.0, 0.0, 0.0, 0.0, 0.0, 0.0, 0.0, 0.0, 0.0, 1.3761403076291399, 0.0, 1.011318102084238, 0.0, 1.4073458748029328, 0.0, 0.10648523910982001, 0.0, 0.0, 0.0, 0.0, 0.0, 0.0, 0.0, 0.0, 0.0, 0.0, 0.0, 0.0, 0.0, 0.0, 0.0, 0.0, 0.0, 0.0, 0.0, 0.0, 0.0, 0.0, 0.0, 0.0, 0.0, 0.0, 0.0, 0.0, 0.0], [0.0, 0.0, 0.0, 0.0, 0.0, 0.0, 0.0, 0.0, 0.0, 0.0, 0.0, 0.0, 1.011318102084238, 0.0, 1.0045008988635309, 0.0, 0.0, 0.0, 0.0, 0.0, 0.0, 0.0, 0.0, 0.0, 0.0, 0.0, 0.0, 0.0, 0.0, 0.0, 0.0, 0.0, 0.0, 0.0, 0.9738135286751486, 0.9670592781851794, 0.0, 0.0, 0.0, 0.0, 0.0, 0.0, 0.0, 0.0, 0.0, 0.0, 0.0], [0.0, 0.0, 0.0, 0.0, 0.0, 0.0, 0.0, 0.0, 0.0, 0.0, 0.0, 0.0, 0.0, 1.0045008988635309, 0.0, 0.0, 0.0, 0.0, 0.0, 0.0, 0.0, 0.0, 0.0, 0.0, 0.0, 0.0, 0.0, 0.0, 0.0, 0.0, 0.0, 0.0, 0.0, 0.0, 0.0, 0.0, 0.9852805366668334, 0.9867856547528113, 0.9850330686140547, 0.0, 0.0, 0.0, 0.0, 0.0, 0.0, 0.0, 0.0], [0.0, 0.0, 0.0, 0.0, 0.0, 0.0, 0.0, 0.0, 0.0, 0.0, 0.0, 0.0, 1.4073458748029328, 0.0, 0.0, 0.0, 1.4442027824693746, 0.0, 0.10782262167532468, 0.0, 0.0, 0.0, 0.0, 0.0, 0.0, 0.0, 0.0, 0.0, 0.0, 0.0, 0.0, 0.0, 0.0, 0.0, 0.0, 0.0, 0.0, 0.0, 0.0, 0.9680895420016549, 0.0, 0.0, 0.0, 0.0, 0.0, 0.0, 0.0], [0.0, 0.0, 0.0, 0.0, 0.0, 0.0, 0.0, 0.0, 0.0, 0.0, 0.0, 0.0, 0.0, 0.0, 0.0, 1.4442027824693746, 0.0, 1.4404296840818154, 0.0, 0.0, 0.0, 0.0, 0.0, 0.0, 0.0, 0.0, 0.0, 0.0, 0.0, 0.0, 0.0, 0.0, 0.0, 0.0, 0.0, 0.0, 0.0, 0.0, 0.0, 0.0, 0.9700126665240193, 0.0, 0.0, 0.0, 0.0, 0.0, 0.0], [0.0, 0.0, 0.0, 0.0, 0.0, 0.0, 0.0, 0.0, 0.0, 0.0, 0.0, 0.0, 0.10648523910982001, 0.0, 0.0, 0.0, 1.4404296840818154, 0.0, 1.411852324758884, 0.0, 0.0, 0.0, 0.0, 0.0, 0.0, 0.0, 0.0, 0.0, 0.0, 0.0, 0.0, 0.0, 0.0, 0.0, 0.0, 0.0, 0.0, 0.0, 0.0, 0.0, 0.0, 0.9682399672440818, 0.0, 0.0, 0.0, 0.0, 0.0], [0.0, 0.0, 0.0, 0.0, 0.0, 0.0, 0.0, 0.0, 0.0, 0.0, 0.0, 1.3706828202478565, 0.0, 0.0, 0.0, 0.10782262167532468, 0.0, 1.411852324758884, 0.0, 1.0103429909484016, 0.0, 0.0, 0.0, 0.0, 0.0, 0.0, 0.0, 0.0, 0.0, 0.0, 0.0, 0.0, 0.0, 0.0, 0.0, 0.0, 0.0, 0.0, 0.0, 0.0, 0.0, 0.0, 0.0, 0.0, 0.0, 0.0, 0.0], [0.0, 0.0, 0.0, 0.0, 0.0, 0.0, 0.0, 0.0, 0.0, 0.0, 0.0, 0.0, 0.0, 0.0, 0.0, 0.0, 0.0, 0.0, 1.0103429909484016, 0.0, 1.0043296251575595, 0.0, 0.0, 0.0, 0.0, 0.0, 0.0, 0.0, 0.0, 0.0, 0.0, 0.0, 0.0, 0.0, 0.0, 0.0, 0.0, 0.0, 0.0, 0.0, 0.0, 0.0, 0.9688043074466808, 0.9737699265442017, 0.0, 0.0, 0.0], [0.0, 0.0, 0.0, 0.0, 0.0, 0.0, 0.0, 0.0, 0.0, 0.0, 0.0, 0.0, 0.0, 0.0, 0.0, 0.0, 0.0, 0.0, 0.0, 1.0043296251575595, 0.0, 0.0, 0.0, 0.0, 0.0, 0.0, 0.0, 0.0, 0.0, 0.0, 0.0, 0.0, 0.0, 0.0, 0.0, 0.0, 0.0, 0.0, 0.0, 0.0, 0.0, 0.0, 0.0, 0.0, 0.9868908574958338, 0.9851263139477474, 0.9855545584626981], [0.987275033226128, 0.0, 0.0, 0.0, 0.0, 0.0, 0.0, 0.0, 0.0, 0.0, 0.0, 0.0, 0.0, 0.0, 0.0, 0.0, 0.0, 0.0, 0.0, 0.0, 0.0, 0.0, 0.0, 0.0, 0.0, 0.0, 0.0, 0.0, 0.0, 0.0, 0.0, 0.0, 0.0, 0.0, 0.0, 0.0, 0.0, 0.0, 0.0, 0.0, 0.0, 0.0, 0.0, 0.0, 0.0, 0.0, 0.0], [0.987636489814572, 0.0, 0.0, 0.0, 0.0, 0.0, 0.0, 0.0, 0.0, 0.0, 0.0, 0.0, 0.0, 0.0, 0.0, 0.0, 0.0, 0.0, 0.0, 0.0, 0.0, 0.0, 0.0, 0.0, 0.0, 0.0, 0.0, 0.0, 0.0, 0.0, 0.0, 0.0, 0.0, 0.0, 0.0, 0.0, 0.0, 0.0, 0.0, 0.0, 0.0, 0.0, 0.0, 0.0, 0.0, 0.0, 0.0], [0.987502690024467, 0.0, 0.0, 0.0, 0.0, 0.0, 0.0, 0.0, 0.0, 0.0, 0.0, 0.0, 0.0, 0.0, 0.0, 0.0, 0.0, 0.0, 0.0, 0.0, 0.0, 0.0, 0.0, 0.0, 0.0, 0.0, 0.0, 0.0, 0.0, 0.0, 0.0, 0.0, 0.0, 0.0, 0.0, 0.0, 0.0, 0.0, 0.0, 0.0, 0.0, 0.0, 0.0, 0.0, 0.0, 0.0, 0.0], [0.0, 0.9771872801682706, 0.0, 0.0, 0.0, 0.0, 0.0, 0.0, 0.0, 0.0, 0.0, 0.0, 0.0, 0.0, 0.0, 0.0, 0.0, 0.0, 0.0, 0.0, 0.0, 0.0, 0.0, 0.0, 0.0, 0.0, 0.0, 0.0, 0.0, 0.0, 0.0, 0.0, 0.0, 0.0, 0.0, 0.0, 0.0, 0.0, 0.0, 0.0, 0.0, 0.0, 0.0, 0.0, 0.0, 0.0, 0.0], [0.0, 0.9778284442483375, 0.0, 0.0, 0.0, 0.0, 0.0, 0.0, 0.0, 0.0, 0.0, 0.0, 0.0, 0.0, 0.0, 0.0, 0.0, 0.0, 0.0, 0.0, 0.0, 0.0, 0.0, 0.0, 0.0, 0.0, 0.0, 0.0, 0.0, 0.0, 0.0, 0.0, 0.0, 0.0, 0.0, 0.0, 0.0, 0.0, 0.0, 0.0, 0.0, 0.0, 0.0, 0.0, 0.0, 0.0, 0.0], [0.0, 0.0, 0.9744707634557959, 0.0, 0.0, 0.0, 0.0, 0.0, 0.0, 0.0, 0.0, 0.0, 0.0, 0.0, 0.0, 0.0, 0.0, 0.0, 0.0, 0.0, 0.0, 0.0, 0.0, 0.0, 0.0, 0.0, 0.0, 0.0, 0.0, 0.0, 0.0, 0.0, 0.0, 0.0, 0.0, 0.0, 0.0, 0.0, 0.0, 0.0, 0.0, 0.0, 0.0, 0.0, 0.0, 0.0, 0.0], [0.0, 0.0, 0.9746359862295069, 0.0, 0.0, 0.0, 0.0, 0.0, 0.0, 0.0, 0.0, 0.0, 0.0, 0.0, 0.0, 0.0, 0.0, 0.0, 0.0, 0.0, 0.0, 0.0, 0.0, 0.0, 0.0, 0.0, 0.0, 0.0, 0.0, 0.0, 0.0, 0.0, 0.0, 0.0, 0.0, 0.0, 0.0, 0.0, 0.0, 0.0, 0.0, 0.0, 0.0, 0.0, 0.0, 0.0, 0.0], [0.0, 0.0, 0.0, 0.9688700838030535, 0.0, 0.0, 0.0, 0.0, 0.0, 0.0, 0.0, 0.0, 0.0, 0.0, 0.0, 0.0, 0.0, 0.0, 0.0, 0.0, 0.0, 0.0, 0.0, 0.0, 0.0, 0.0, 0.0, 0.0, 0.0, 0.0, 0.0, 0.0, 0.0, 0.0, 0.0, 0.0, 0.0, 0.0, 0.0, 0.0, 0.0, 0.0, 0.0, 0.0, 0.0, 0.0, 0.0], [0.0, 0.0, 0.0, 0.9699904168563398, 0.0, 0.0, 0.0, 0.0, 0.0, 0.0, 0.0, 0.0, 0.0, 0.0, 0.0, 0.0, 0.0, 0.0, 0.0, 0.0, 0.0, 0.0, 0.0, 0.0, 0.0, 0.0, 0.0, 0.0, 0.0, 0.0, 0.0, 0.0, 0.0, 0.0, 0.0, 0.0, 0.0, 0.0, 0.0, 0.0, 0.0, 0.0, 0.0, 0.0, 0.0, 0.0, 0.0], [0.0, 0.0, 0.0, 0.0, 0.0, 0.958551959527704, 0.0, 0.0, 0.0, 0.0, 0.0, 0.0, 0.0, 0.0, 0.0, 0.0, 0.0, 0.0, 0.0, 0.0, 0.0, 0.0, 0.0, 0.0, 0.0, 0.0, 0.0, 0.0, 0.0, 0.0, 0.0, 0.0, 0.0, 0.0, 0.0, 0.0, 0.0, 0.0, 0.0, 0.0, 0.0, 0.0, 0.0, 0.0, 0.0, 0.0, 0.0], [0.0, 0.0, 0.0, 0.0, 0.0, 0.9624188861459261, 0.0, 0.0, 0.0, 0.0, 0.0, 0.0, 0.0, 0.0, 0.0, 0.0, 0.0, 0.0, 0.0, 0.0, 0.0, 0.0, 0.0, 0.0, 0.0, 0.0, 0.0, 0.0, 0.0, 0.0, 0.0, 0.0, 0.0, 0.0, 0.0, 0.0, 0.0, 0.0, 0.0, 0.0, 0.0, 0.0, 0.0, 0.0, 0.0, 0.0, 0.0], [0.0, 0.0, 0.0, 0.0, 0.0, 0.0, 0.0, 0.0, 0.0, 0.9577300217826199, 0.0, 0.0, 0.0, 0.0, 0.0, 0.0, 0.0, 0.0, 0.0, 0.0, 0.0, 0.0, 0.0, 0.0, 0.0, 0.0, 0.0, 0.0, 0.0, 0.0, 0.0, 0.0, 0.0, 0.0, 0.0, 0.0, 0.0, 0.0, 0.0, 0.0, 0.0, 0.0, 0.0, 0.0, 0.0, 0.0, 0.0], [0.0, 0.0, 0.0, 0.0, 0.0, 0.0, 0.0, 0.0, 0.0, 0.9666923861228603, 0.0, 0.0, 0.0, 0.0, 0.0, 0.0, 0.0, 0.0, 0.0, 0.0, 0.0, 0.0, 0.0, 0.0, 0.0, 0.0, 0.0, 0.0, 0.0, 0.0, 0.0, 0.0, 0.0, 0.0, 0.0, 0.0, 0.0, 0.0, 0.0, 0.0, 0.0, 0.0, 0.0, 0.0, 0.0, 0.0, 0.0], [0.0, 0.0, 0.0, 0.0, 0.0, 0.0, 0.0, 0.0, 0.0, 0.0, 0.0, 0.0, 0.0, 0.9738135286751486, 0.0, 0.0, 0.0, 0.0, 0.0, 0.0, 0.0, 0.0, 0.0, 0.0, 0.0, 0.0, 0.0, 0.0, 0.0, 0.0, 0.0, 0.0, 0.0, 0.0, 0.0, 0.0, 0.0, 0.0, 0.0, 0.0, 0.0, 0.0, 0.0, 0.0, 0.0, 0.0, 0.0], [0.0, 0.0, 0.0, 0.0, 0.0, 0.0, 0.0, 0.0, 0.0, 0.0, 0.0, 0.0, 0.0, 0.9670592781851794, 0.0, 0.0, 0.0, 0.0, 0.0, 0.0, 0.0, 0.0, 0.0, 0.0, 0.0, 0.0, 0.0, 0.0, 0.0, 0.0, 0.0, 0.0, 0.0, 0.0, 0.0, 0.0, 0.0, 0.0, 0.0, 0.0, 0.0, 0.0, 0.0, 0.0, 0.0, 0.0, 0.0], [0.0, 0.0, 0.0, 0.0, 0.0, 0.0, 0.0, 0.0, 0.0, 0.0, 0.0, 0.0, 0.0, 0.0, 0.9852805366668334, 0.0, 0.0, 0.0, 0.0, 0.0, 0.0, 0.0, 0.0, 0.0, 0.0, 0.0, 0.0, 0.0, 0.0, 0.0, 0.0, 0.0, 0.0, 0.0, 0.0, 0.0, 0.0, 0.0, 0.0, 0.0, 0.0, 0.0, 0.0, 0.0, 0.0, 0.0, 0.0], [0.0, 0.0, 0.0, 0.0, 0.0, 0.0, 0.0, 0.0, 0.0, 0.0, 0.0, 0.0, 0.0, 0.0, 0.9867856547528113, 0.0, 0.0, 0.0, 0.0, 0.0, 0.0, 0.0, 0.0, 0.0, 0.0, 0.0, 0.0, 0.0, 0.0, 0.0, 0.0, 0.0, 0.0, 0.0, 0.0, 0.0, 0.0, 0.0, 0.0, 0.0, 0.0, 0.0, 0.0, 0.0, 0.0, 0.0, 0.0], [0.0, 0.0, 0.0, 0.0, 0.0, 0.0, 0.0, 0.0, 0.0, 0.0, 0.0, 0.0, 0.0, 0.0, 0.9850330686140547, 0.0, 0.0, 0.0, 0.0, 0.0, 0.0, 0.0, 0.0, 0.0, 0.0, 0.0, 0.0, 0.0, 0.0, 0.0, 0.0, 0.0, 0.0, 0.0, 0.0, 0.0, 0.0, 0.0, 0.0, 0.0, 0.0, 0.0, 0.0, 0.0, 0.0, 0.0, 0.0], [0.0, 0.0, 0.0, 0.0, 0.0, 0.0, 0.0, 0.0, 0.0, 0.0, 0.0, 0.0, 0.0, 0.0, 0.0, 0.9680895420016549, 0.0, 0.0, 0.0, 0.0, 0.0, 0.0, 0.0, 0.0, 0.0, 0.0, 0.0, 0.0, 0.0, 0.0, 0.0, 0.0, 0.0, 0.0, 0.0, 0.0, 0.0, 0.0, 0.0, 0.0, 0.0, 0.0, 0.0, 0.0, 0.0, 0.0, 0.0], [0.0, 0.0, 0.0, 0.0, 0.0, 0.0, 0.0, 0.0, 0.0, 0.0, 0.0, 0.0, 0.0, 0.0, 0.0, 0.0, 0.9700126665240193, 0.0, 0.0, 0.0, 0.0, 0.0, 0.0, 0.0, 0.0, 0.0, 0.0, 0.0, 0.0, 0.0, 0.0, 0.0, 0.0, 0.0, 0.0, 0.0, 0.0, 0.0, 0.0, 0.0, 0.0, 0.0, 0.0, 0.0, 0.0, 0.0, 0.0], [0.0, 0.0, 0.0, 0.0, 0.0, 0.0, 0.0, 0.0, 0.0, 0.0, 0.0, 0.0, 0.0, 0.0, 0.0, 0.0, 0.0, 0.9682399672440818, 0.0, 0.0, 0.0, 0.0, 0.0, 0.0, 0.0, 0.0, 0.0, 0.0, 0.0, 0.0, 0.0, 0.0, 0.0, 0.0, 0.0, 0.0, 0.0, 0.0, 0.0, 0.0, 0.0, 0.0, 0.0, 0.0, 0.0, 0.0, 0.0], [0.0, 0.0, 0.0, 0.0, 0.0, 0.0, 0.0, 0.0, 0.0, 0.0, 0.0, 0.0, 0.0, 0.0, 0.0, 0.0, 0.0, 0.0, 0.0, 0.9688043074466808, 0.0, 0.0, 0.0, 0.0, 0.0, 0.0, 0.0, 0.0, 0.0, 0.0, 0.0, 0.0, 0.0, 0.0, 0.0, 0.0, 0.0, 0.0, 0.0, 0.0, 0.0, 0.0, 0.0, 0.0, 0.0, 0.0, 0.0], [0.0, 0.0, 0.0, 0.0, 0.0, 0.0, 0.0, 0.0, 0.0, 0.0, 0.0, 0.0, 0.0, 0.0, 0.0, 0.0, 0.0, 0.0, 0.0, 0.9737699265442017, 0.0, 0.0, 0.0, 0.0, 0.0, 0.0, 0.0, 0.0, 0.0, 0.0, 0.0, 0.0, 0.0, 0.0, 0.0, 0.0, 0.0, 0.0, 0.0, 0.0, 0.0, 0.0, 0.0, 0.0, 0.0, 0.0, 0.0], [0.0, 0.0, 0.0, 0.0, 0.0, 0.0, 0.0, 0.0, 0.0, 0.0, 0.0, 0.0, 0.0, 0.0, 0.0, 0.0, 0.0, 0.0, 0.0, 0.0, 0.9868908574958338, 0.0, 0.0, 0.0, 0.0, 0.0, 0.0, 0.0, 0.0, 0.0, 0.0, 0.0, 0.0, 0.0, 0.0, 0.0, 0.0, 0.0, 0.0, 0.0, 0.0, 0.0, 0.0, 0.0, 0.0, 0.0, 0.0], [0.0, 0.0, 0.0, 0.0, 0.0, 0.0, 0.0, 0.0, 0.0, 0.0, 0.0, 0.0, 0.0, 0.0, 0.0, 0.0, 0.0, 0.0, 0.0, 0.0, 0.9851263139477474, 0.0, 0.0, 0.0, 0.0, 0.0, 0.0, 0.0, 0.0, 0.0, 0.0, 0.0, 0.0, 0.0, 0.0, 0.0, 0.0, 0.0, 0.0, 0.0, 0.0, 0.0, 0.0, 0.0, 0.0, 0.0, 0.0], [0.0, 0.0, 0.0, 0.0, 0.0, 0.0, 0.0, 0.0, 0.0, 0.0, 0.0, 0.0, 0.0, 0.0, 0.0, 0.0, 0.0, 0.0, 0.0, 0.0, 0.9855545584626981, 0.0, 0.0, 0.0, 0.0, 0.0, 0.0, 0.0, 0.0, 0.0, 0.0, 0.0, 0.0, 0.0, 0.0, 0.0, 0.0, 0.0, 0.0, 0.0, 0.0, 0.0, 0.0, 0.0, 0.0, 0.0, 0.0]], "Born radii": [], "Atomic SASAs": [], "Solvent H bonds": [], "Total SASA": NaN, "Total FOD": 0.0, "FOD": [0.0, 0.0, 0.0, 0.0, 0.0, 0.0, 0.0, 0.0, 0.0, 0.0, 0.0, 0.0, 0.0, 0.0, 0.0, 0.0, 0.0, 0.0, 0.0, 0.0, 0.0, 0.0, 0.0, 0.0, 0.0, 0.0, 0.0, 0.0, 0.0, 0.0, 0.0, 0.0, 0.0, 0.0, 0.0, 0.0, 0.0, 0.0, 0.0, 0.0, 0.0, 0.0, 0.0, 0.0, 0.0, 0.0, 0.0], "FOD s proportion": [0.0, 0.0, 0.0, 0.0, 0.0, 0.0, 0.0, 0.0, 0.0, 0.0, 0.0, 0.0, 0.0, 0.0, 0.0, 0.0, 0.0, 0.0, 0.0, 0.0, 0.0, 0.0, 0.0, 0.0, 0.0, 0.0, 0.0, 0.0, 0.0, 0.0, 0.0, 0.0, 0.0, 0.0, 0.0, 0.0, 0.0, 0.0, 0.0, 0.0, 0.0, 0.0, 0.0, 0.0, 0.0, 0.0, 0.0], "FOD p proportion": [0.0, 0.0, 0.0, 0.0, 0.0, 0.0, 0.0, 0.0, 0.0, 0.0, 0.0, 0.0, 0.0, 0.0, 0.0, 0.0, 0.0, 0.0, 0.0, 0.0, 0.0, 0.0, 0.0, 0.0, 0.0, 0.0, 0.0, 0.0, 0.0, 0.0, 0.0, 0.0, 0.0, 0.0, 0.0, 0.0, 0.0, 0.0, 0.0, 0.0, 0.0, 0.0, 0.0, 0.0, 0.0, 0.0, 0.0], "FOD d proportion": [0.0, 0.0, 0.0, 0.0, 0.0, 0.0, 0.0, 0.0, 0.0, 0.0, 0.0, 0.0, 0.0, 0.0, 0.0, 0.0, 0.0, 0.0, 0.0, 0.0, 0.0, 0.0, 0.0, 0.0, 0.0, 0.0, 0.0, 0.0, 0.0, 0.0, 0.0, 0.0, 0.0, 0.0, 0.0, 0.0, 0.0, 0.0, 0.0, 0.0, 0.0, 0.0, 0.0, 0.0, 0.0, 0.0, 0.0], "coordinates": [["5.11370", "2.38330", "1.32280"], ["4.00390", "1.39720", "1.65190"], ["3.66360", "0.51730", "0.44720"], ["2.57390", "-0.50370", "0.76490"], ["1.37330", "0.18380", "1.10820"], ["0.32000", "-0.69620", "1.49460"], ["-0.48470", "-1.05050", "0.33370"], ["-0.24540", "-2.25540", "-0.32690"], ["0.64060", "-3.02590", "0.05480"], ["-1.09260", "-2.54570", "-1.56430"], ["-1.12510", "-4.28980", "-1.91970"], ["-1.55110", "-0.18020", "-0.00640"], ["-1.38540", "0.77190", "-1.03790"], ["-0.08380", "0.97740", "-1.78370"], ["0.58580", "2.30040", "-1.43380"], ["-2.47560", "1.58800", "-1.38610"], ["-3.69500", "1.47760", "-0.72510"], ["-3.84910", "0.54560", "0.29590"], ["-2.78920", "-0.29750", "0.67080"], ["-3.05370", "-1.30990", "1.76660"], ["-3.85910", "-2.50530", "1.27660"], ["5.34260", "3.00160", "2.19630"], ["4.81800", "3.04740", "0.50430"], ["6.02890", "1.86010", "1.02780"], ["3.11790", "1.95470", "1.97630"], ["4.31860", "0.76910", "2.49340"], ["3.32890", "1.15890", "-0.37650"], ["4.56220", "-0.01220", "0.10990"], ["2.89140", "-1.14480", "1.59530"], ["2.40430", "-1.12330", "-0.12070"], ["0.70540", "-1.58680", "2.00450"], ["-0.30050", "-0.15360", "2.21620"], ["-0.65690", "-2.03420", "-2.42640"], ["-2.13140", "-2.24150", "-1.43800"], ["0.62060", "0.16170", "-1.59890"], ["-0.28970", "0.94550", "-2.86120"], ["0.77620", "2.38100", "-0.35900"], ["-0.03360", "3.15450", "-1.72680"], ["1.54270", "2.38820", "-1.95800"], ["-2.37440", "2.32720", "-2.17900"], ["-4.52540", "2.12150", "-1.00440"], ["-4.81100", "0.47410", "0.80080"], ["-3.59760", "-0.81300", "2.58020"], ["-2.12480", "-1.66900", "2.21830"], ["-4.82670", "-2.19870", "0.86600"], ["-4.04880", "-3.19570", "2.10480"], ["-3.32220", "-3.05500", "0.49810"]], "bond_dist": [[0.0, 1.5206433046576044, 2.5202026446299906, 3.8854350399923043, 4.344472991054266, 5.700210099636679, 6.641640144572724, 7.277293493463075, 7.13273385526195, 8.434959816146133, 9.693642003911636, 7.263460878259068, 7.09984614340339, 6.2161807655505, 5.30165958733678, 8.09741414218144, 9.088860357052473, 9.206706726077464, 8.37064042054131, 8.974581184657032, 10.218203572057076, 1.094391314841268, 1.0947189365311993, 1.0946936923176276, 2.1433566782036064, 2.146655540602637, 2.751778859210892, 2.7411127138445073, 4.178559937346837, 4.660556208222362, 5.971559075316931, 6.045460016409007, 8.177446499366413, 9.027860526725034, 5.801705357909863, 6.983541823458924, 4.652135292529657, 6.032371580895858, 4.84930032582021, 8.266643336929446, 9.919508450019082, 10.120138276229234, 9.363980784901258, 8.343796365564058, 10.955133153001839, 10.755843586162825, 10.070732137734575], [1.5206433046576044, 0.0, 1.5301405785090465, 2.538718143079298, 2.9475422999509266, 4.2400691102858215, 5.2798121642725135, 5.942532010010548, 5.781550735745557, 7.201716121869842, 8.45014417391798, 6.008009208548203, 6.055623718495065, 5.3561992765392885, 4.692624248754635, 7.158894390197414, 8.057893916526824, 8.014584677948072, 7.069708120566223, 7.5598455182629225, 8.786189466429686, 2.1593027601519896, 2.168618133743237, 2.1689633975703697, 1.0959186146790278, 1.0962061621793595, 2.1510040562490813, 2.1623762970399025, 2.7753601225786895, 3.4718512597748195, 4.4619149487635905, 4.6099104644233595, 7.0802608348845455, 7.7736430192027735, 4.851894452685466, 6.245566864584831, 3.928056585641301, 5.550236321995667, 4.48006299620887, 7.498226837059545, 8.962672518283817, 8.903872574896836, 7.970541209980662, 6.876289340189228, 9.567007472559014, 9.281477582260273, 8.650149159985624], [2.5202026446299906, 1.5301405785090465, 0.0, 1.526702453001239, 2.406993423339582, 3.708003501886157, 4.436132547613969, 4.854624300602468, 4.674053166150339, 6.004126888232793, 7.1862419740779675, 5.280658604757555, 5.269036360664064, 4.385386366102764, 4.023737000600312, 6.49593442239067, 7.5130191893805245, 7.51427666978, 6.507881670712829, 7.085308425890859, 8.149541730060655, 3.471330911912605, 2.781601297813905, 2.7811602416976986, 2.168422020733049, 2.163183459626113, 1.0964289033038122, 1.0961858875209074, 2.1626379401092546, 2.1447413037473773, 3.9501097883476604, 4.392443126552694, 5.782252974403662, 6.689318461547484, 3.684131589669403, 5.172760064994316, 3.529931286866644, 5.034916849363055, 3.7126096832282274, 6.828624198914449, 8.469965832280552, 8.48208372748112, 7.684036213475312, 6.436014097249943, 8.92397016635533, 8.718665065249382, 7.846357099954093], [3.8854350399923043, 2.538718143079298, 1.526702453001239, 0.0, 1.425465362609699, 2.376885262270773, 3.136870676326967, 3.4941283061730863, 3.256283731495153, 4.799808213876884, 5.935000536646985, 4.2089405959219715, 4.533574714284524, 3.968927872864409, 4.080416658871983, 5.873624106120514, 6.7412726469117095, 6.52502264287259, 5.367887374004786, 5.772628785051054, 6.756606282002822, 4.690600573487365, 4.208825059324751, 4.194483502172824, 2.7941289376118634, 2.766172478353438, 2.1533828549517153, 2.1503334950653583, 1.0960746416189, 1.0940546969873124, 2.4901819250809774, 3.2389839548846178, 4.792170132622589, 5.478372508327633, 3.137784009456355, 4.8424153900713645, 3.579995892455744, 5.137124913801493, 4.103735305791542, 6.4160903134229645, 7.773169110472254, 7.4494382110330974, 6.440372103380363, 5.054510593519416, 7.592899747132185, 7.273400257101214, 6.429954054268196], [4.344472991054266, 2.9475422999509266, 2.406993423339582, 1.425465362609699, 0.0, 1.4258842344313931, 2.3612519433554735, 3.260275807351274, 3.456685542539269, 4.546766907374954, 5.951745788422083, 3.1507054003825874, 3.544295770671517, 3.3340706321252407, 3.4002817250927895, 4.7965968498509435, 5.542794621849162, 5.29756475090206, 4.213000676477515, 4.718364043818577, 5.885374000860098, 4.987915490462925, 4.520050692193617, 4.948844027649285, 2.633118603481431, 3.306984611394495, 2.641879153178661, 3.347252918439238, 2.0753486405902986, 2.0692188429453275, 2.0939122378934605, 2.0354628957561474, 4.640542338994441, 4.964688975152422, 2.8098818676236195, 4.370571158327022, 2.708669800843211, 4.340697075355524, 3.780166419616999, 5.426334185248822, 6.558385604704865, 6.198736592242003, 5.279227315621103, 4.111191245855634, 6.646425136116407, 6.466328186846072, 5.736703556921867], [5.700210099636679, 4.2400691102858215, 3.708003501886157, 2.376885262270773, 1.4258842344313931, 0.0, 1.4562827301042882, 2.46346180201764, 2.757410105515681, 3.8435606174483574, 5.163305090734035, 2.453624300906722, 3.3878109480902263, 3.702869467048494, 4.198307725739027, 4.618590855444981, 5.076681940992561, 4.5122437589296975, 3.2411005491962137, 3.439834789637432, 4.559083638188709, 6.276353916885184, 5.935253916219591, 6.272488432831104, 3.884269572261946, 4.374186494652463, 3.9994862707602836, 4.514588677831016, 2.6121792453811437, 2.6713133455287497, 1.0962205663095361, 1.0955097306733521, 4.256620562136118, 4.122797206994299, 3.224297601028788, 4.6946678924073, 3.621203010050665, 5.032925730626273, 4.788419928327088, 5.4677304139834835, 6.136964677265138, 5.3083068421107695, 4.066910296527328, 2.7289427568199374, 5.398255746072059, 5.070133896654013, 4.452254544609955], [6.641640144572724, 5.2798121642725135, 4.436132547613969, 3.136870676326967, 2.3612519433554735, 1.4562827301042882, 0.0, 1.3947906151103828, 2.2904782164430206, 2.4914994380894413, 3.997622819876833, 1.4178501542828845, 2.452282367509908, 2.9591353433055403, 3.9368207109290614, 3.7260001476113764, 4.2211814862666115, 3.7239966984410713, 2.4477266309782224, 2.9530072417791327, 3.7936893402069707, 7.337998259743593, 6.7037687952374965, 7.168008937633937, 4.970723142561855, 5.571978027594868, 4.464233121153061, 5.157456053133172, 3.6053541102088706, 2.925423080513313, 2.1202661012240895, 2.093362247677167, 2.9352121797239805, 2.6961125310342666, 2.5349673942676265, 3.7721912743125845, 3.720872794116993, 4.704378435032623, 4.60292269541864, 4.614486392871909, 5.308422750685932, 4.61079811529414, 3.8462078609976347, 2.573749680913045, 4.52268399625709, 4.5212262783452895, 3.4779956670473298], [7.277293493463075, 5.942532010010548, 4.854624300602468, 3.4941283061730863, 3.260275807351274, 2.46346180201764, 1.3947906151103828, 0.0, 1.2346502095735457, 1.5274752665755345, 2.7294078643544646, 2.4726560173222634, 3.3120486545339274, 3.549560062881033, 4.761453001973242, 4.568087153284184, 5.098391158002689, 4.606531724627542, 3.361502066041311, 3.6281209172242317, 3.9613747550566334, 8.076405836756843, 7.378929518568394, 7.624919201539122, 5.860158627545845, 6.158878821668763, 4.943230233359558, 5.32313424966908, 3.842889464972939, 2.8887850283466925, 2.605085902614346, 3.2996904188120437, 2.150851445358326, 2.1890026084954766, 2.865364271781164, 4.082940091404722, 4.747725974611424, 5.592101327765799, 5.236488306107442, 5.3817411838549045, 6.159111937609188, 5.4375160597463985, 4.665725346610107, 3.2177713343244267, 4.734399116044189, 4.611201637317544, 3.2843086639352275], [7.13273385526195, 5.781550735745557, 4.674053166150339, 3.256283731495153, 3.456685542539269, 2.757410105515681, 2.2904782164430206, 1.2346502095735457, 0.0, 2.419929563024511, 2.9349258849245237, 3.592395136952504, 4.440940680756724, 4.46444268638315, 5.530678501775347, 5.751084111713199, 6.299776473812384, 5.742050813951405, 4.425737294508115, 4.418457618898251, 4.691600973015501, 7.938865315648075, 7.384964041889439, 7.338494524764599, 5.885197864133372, 5.820350415567778, 4.992547207588527, 4.946147011563648, 3.3132730192364166, 2.6002547375209226, 2.4241571607468027, 3.7158345576734173, 2.970408823714339, 3.2446446954944084, 3.5910886162833693, 5.014033511056742, 5.424406456931486, 6.467301474339974, 5.8461634479374585, 6.537259903812911, 7.3692053438617116, 6.521231368384348, 5.407116681744532, 3.7642193108266158, 5.588709562144019, 5.12072303488482, 3.9876240469733353], [8.434959816146133, 7.201716121869842, 6.004126888232793, 4.799808213876884, 4.546766907374954, 3.8435606174483574, 2.4914994380894413, 1.5274752665755345, 2.419929563024511, 0.0, 1.7802388098229962, 2.869296936533408, 3.371839047166991, 3.6712460296199168, 5.130179530971601, 4.3625588741013, 4.864533409279866, 4.540349323565313, 3.595626066486892, 4.05807955318769, 3.9655853565394357, 9.291202757985642, 8.39625308872952, 8.766174667436191, 7.107584594642542, 7.532191830403684, 5.889362635294248, 6.4185925972910916, 5.274262884043608, 4.041721456260934, 4.109577429614875, 4.543318728638791, 1.0930156220292555, 1.0897682184758375, 3.204101459067737, 3.8098655435592477, 5.405324635949261, 5.800014421533795, 5.607421420760169, 5.076024206010053, 5.820683781996752, 5.342226933592395, 5.143360238210036, 4.017723545740797, 4.468810792593484, 4.756460159614501, 3.0796097820990247], [9.693642003911636, 8.45014417391798, 7.1862419740779675, 5.935000536646985, 5.951745788422083, 5.163305090734035, 3.997622819876833, 2.7294078643544646, 2.9349258849245237, 1.7802388098229962, 0.0, 4.553131345568673, 5.144524683583509, 5.370865622038965, 6.8259807837408975, 6.054511710286801, 6.4260686216379606, 5.975797228822277, 5.041664244076553, 5.117431939948005, 4.5689747143095465, 10.580033707413223, 9.74836998938797, 9.883761544068129, 8.495625065290959, 8.643019756427726, 7.20471470149929, 7.400170214934247, 6.195040133041915, 5.071467993589232, 5.104535717379202, 5.907096106379174, 2.358747016956248, 2.3324252335283977, 4.792309816779378, 5.384485258592505, 7.109873333611507, 7.526365998939993, 7.191266072813604, 6.738892785910753, 7.31468262264331, 6.609214951111818, 6.200846272888887, 4.999103592645385, 5.082781350796038, 5.093297237546617, 3.492525775137529], [7.263460878259068, 6.008009208548203, 5.280658604757555, 4.2089405959219715, 3.1507054003825874, 2.453624300906722, 1.4178501542828845, 2.4726560173222634, 3.592395136952504, 2.869296936533408, 4.553131345568673, 0.0, 1.413486169016167, 2.5791088267073956, 3.571720695967141, 2.42586140989134, 2.8037720556421846, 2.4287805438120587, 1.4160687624547053, 2.584097105373558, 3.5183864213585183, 7.905620672660686, 7.158467088699926, 7.917625510846039, 5.503495098571452, 6.450081287859867, 5.073910012997866, 6.116713707539368, 4.819927623937936, 4.0678853548250355, 3.3337718308246593, 2.5504232354650473, 3.176996953098948, 2.5758851566015126, 2.714633078336739, 3.3178627895077275, 3.478562560886321, 4.047567973487289, 4.469565925232561, 3.4183429333523576, 3.8910522201584503, 3.421495044567506, 3.358436786661318, 2.7376901249045704, 3.945247694378643, 4.4484728817876364, 3.414057776312522], [7.09984614340339, 6.055623718495065, 5.269036360664064, 4.533574714284524, 3.544295770671517, 3.3878109480902263, 2.452282367509908, 3.3120486545339274, 4.440940680756724, 3.371839047166991, 5.144524683583509, 1.413486169016167, 0.0, 1.5141368663367258, 2.5256045810854872, 1.405630993539912, 2.435181408026925, 2.81070308286023, 2.4564051966237166, 3.870702310950818, 4.713400235498785, 7.79086617328266, 6.78516415792573, 7.773232289080264, 5.546542019132281, 6.708629035056268, 4.776174562345894, 6.107880435142783, 5.375732449629538, 4.335304484116427, 4.380765696770371, 3.5528474594330675, 3.2144737843074718, 3.1300440