{"total energy": -30.38407432, "HOMO-LUMO gap/eV": 11.45654669, "electronic energy": -30.77174087, "dipole": [-0.01081965, 0.3788927, 0.589716], "partial charges": [-0.10032509, -0.05170681, -0.05832749, -0.07138991, 0.14364985, -0.1102225, -0.4536243, -0.0702263, -0.09865912, 0.03280718, 0.0311006, 0.0332831, 0.02574252, 0.02735512, 0.04044371, 0.03491321, 0.02944742, 0.02906382, 0.05201109, 0.0348723, 0.0458836, 0.28369053, 0.04326776, 0.0294951, 0.0342741, 0.0299016, 0.03327893], "atomic dipole moments": [[0.09355727, 0.01111691, 0.0356901], [-0.0271397, -0.06290477, -0.08566737], [0.03250653, 0.06771528, 0.09416119], [-0.01564273, -0.05645647, -0.08581826], [0.00436761, 0.05877858, -0.12425144], [0.02177601, 0.1111098, 0.02661875], [0.00257692, 0.0483742, 0.22424595], [-0.06891036, 0.08532424, -0.02576777], [-0.03086485, -0.09624547, -0.01435896], [-0.03784587, -0.12023363, 0.00612588], [-0.07966507, 0.06815271, 0.06767789], [-0.00911019, 0.03844764, -0.11982902], [0.02736262, 0.11959776, -0.00246368], [0.00025368, -0.03277933, 0.11891447], [-0.00602135, 0.03449904, -0.1218684], [-0.0340675, -0.12096329, 0.00387594], [0.00144161, -0.03874377, 0.11983011], [0.01626593, 0.12106993, 0.00603385], [-0.1014857, -0.02731357, -0.07567558], [-0.01353836, -0.06114878, 0.11172405], [0.09128237, -0.06027525, -0.06573096], [-0.00018544, 0.07565792, 0.01245928], [0.0906857, -0.05266999, -0.06883863], [0.00804216, -0.05576521, 0.11133485], [0.1167642, 0.00155637, 0.04610981], [-0.06982066, 0.0625174, 0.08330167], [0.00515392, 0.0642747, -0.1077076]], "atomic quadrupole moments": [[0.1911837, 0.03023799, -0.11597665, 0.11083423, 0.0234692, -0.07520705], [0.21052307, -0.07252773, -0.12447728, 0.00748083, 0.1186348, -0.08604579], [0.20215104, -0.07702569, -0.11804082, 0.00489501, 0.14076793, -0.08411022], [0.18558671, -0.04181009, -0.13562645, -0.00839591, 0.10474766, -0.04996026], [-0.14426091, -0.00657598, -0.04967029, -0.00144498, -0.13849102, 0.1939312], [-0.08283298, 0.06111253, 0.20620053, 0.00362269, 0.02151081, -0.12336755], [-0.11252972, 0.003577, -0.02146123, -0.00068868, -0.06579939, 0.13399094], [0.04009369, 0.10334666, 0.10670915, 0.13762201, 0.04105596, -0.14680284], [-0.07650065, 0.07972544, 0.19339786, 0.01506113, 0.03782495, -0.11689721], [-0.02908495, 0.02264825, 0.07486419, 0.0088165, -0.01187685, -0.04577924], [0.0113469, -0.03995714, -0.00927128, -0.03529607, 0.04830808, -0.00207562], [-0.03037337, 0.0091707, -0.03708933, -0.00145749, -0.03874041, 0.0674627], [-0.01211618, 0.0191573, 0.05011336, -0.00553228, -0.01285161, -0.03799718], [-0.01863561, -0.00589223, -0.02338455, -0.00018419, -0.03409716, 0.04202016], [-0.02150859, -0.00378377, -0.02062587, -0.005258, -0.03214749, 0.04213446], [-0.01554542, 0.01213099, 0.05127375, -0.00469106, -0.01035839, -0.03572833], [-0.01658783, -0.000271, -0.02408741, 0.00140781, -0.04248675, 0.04067524], [-0.00263479, 0.02194055, 0.05405478, 0.00203082, -0.00689641, -0.05141999], [0.05407949, -0.00230284, -0.03336983, 0.05601406, 0.00333096, -0.02070966], [-0.05143145, 0.00694745, -0.01970836, -0.01285094, -0.03953491, 0.0711398], [0.0471316, -0.02815597, -0.02045012, -0.04764955, 0.02492325, -0.02668148], [-0.09507213, 0.00574253, 0.14231735, -0.00293004, 0.00308063, -0.04724521], [0.00676077, -0.00562813, -0.0045961, -0.03576724, 0.03944914, -0.00216466], [-0.03640955, 0.02025702, -0.01165827, -0.0010841, -0.03109028, 0.04806783], [0.06240264, -0.0069784, -0.02464563, 0.04474423, -0.00043412, -0.03775701], [0.01215365, -0.02598757, -0.01083478, -0.05874423, 0.03011543, -0.00131887], [-0.05295001, 0.00094272, -0.0109258, 0.00840928, -0.04030343, 0.06387581]], "number of molecular orbitals": 54, "number of electrons": 56, "number of unpaired electrons": 0, "orbital energies/eV": [-18.35134942, -17.12606776, -16.86359081, -16.60799872, -16.39890965, -15.77135661, -15.53532391, -15.39087739, -15.07984849, -14.52376779, -14.16366334, -14.03573165, -13.80414607, -13.5743799, -13.21946187, -13.1230464, -12.84780586, -12.72658978, -12.52816206, -12.26690655, -12.19638003, -12.02423752, -11.93097746, -11.89684336, -11.79303873, -11.46288339, -11.38769207, -10.76127622, 0.69527046, 1.36127511, 1.8529193, 2.26134984, 2.86426656, 3.22495018, 3.61181923, 3.70212899, 3.85370985, 4.05450229, 4.25710405, 4.48116608, 4.89218875, 5.02562377, 5.28020943, 5.64592806, 5.88439076, 6.10724869, 6.24198987, 6.77166951, 6.97580278, 7.15648826, 7.37587261, 7.57396515, 7.8042879, 8.3764583], "fractional occupation": [2.0, 2.0, 2.0, 2.0, 2.0, 2.0, 2.0, 2.0, 2.0, 2.0, 2.0, 2.0, 2.0, 2.0, 2.0, 2.0, 2.0, 2.0, 2.0, 2.0, 2.0, 2.0, 2.0, 2.0, 2.0, 2.0, 2.0, 2.0, 0.0, 0.0, 0.0, 0.0, 0.0, 0.0, 0.0, 0.0, 0.0, 0.0, 0.0, 0.0, 0.0, 0.0, 0.0, 0.0, 0.0, 0.0, 0.0, 0.0, 0.0, 0.0, 0.0, 0.0, 0.0, 0.0], "program call": "xtb /home/svss/Project-DBcg-Debug/aqme2_20220329/End-to-End-workflows-final/example-3/QDESCP/mol_509_rdkit_conf_11/mol_509_rdkit_conf_11.xyz --pop --wbo --acc 0.2 --gfn 2 --chrg 0 --uhf 0 --etemp 300 --input /home/svss/Project-DBcg-Debug/aqme2_20220329/End-to-End-workflows-final/example-3/QDESCP/mol_509_rdkit_conf_11/mol_509_rdkit_conf_11_xtb.inp", "method": "GFN2-xTB", "xtb version": "6.3.3 (7355c4f)", "Dipole module/D": 1.782, "Total charge": 0, "Transition dipole module/D": NaN, "HOMO": -10.7613, "LUMO": 0.6953, "HOMO occupancy": 2.0, "LUMO occupancy": 0, "mulliken charges": [-0.08309, -0.03965, -0.04235, -0.07661, 0.24447, -0.09659, -0.56991, -0.06779, -0.08294, 0.02721, 0.02795, 0.0278, 0.02058, 0.02106, 0.03153, 0.0235, 0.02561, 0.0244, 0.0434, 0.0239, 0.04064, 0.33389, 0.03751, 0.02293, 0.03168, 0.02323, 0.02766], "cm5 charges": [-0.23345, -0.15235, -0.15263, -0.18131, 0.23496, -0.23969, -0.77708, -0.17376, -0.23342, 0.0785, 0.07872, 0.07909, 0.07531, 0.07576, 0.08951, 0.07991, 0.08192, 0.08329, 0.09809, 0.07633, 0.09441, 0.50536, 0.09499, 0.07856, 0.08251, 0.07533, 0.08115], "FUKUI+": [0.01, -0.01, -0.014, -0.009, -0.053, 0.03, -0.087, 0.002, 0.022, -0.032, -0.059, -0.032, -0.037, -0.038, -0.04, -0.044, -0.074, -0.051, -0.046, -0.067, -0.051, -0.083, -0.062, -0.064, -0.06, -0.026, -0.025], "FUKUI-": [0.014, 0.002, 0.003, -0.002, -0.023, 0.023, -0.101, -0.009, 0.02, -0.057, -0.067, -0.054, -0.062, -0.063, -0.041, -0.048, -0.047, -0.038, -0.047, -0.04, -0.055, -0.044, -0.061, -0.054, -0.076, -0.039, -0.033], "FUKUIrad": [0.012, -0.004, -0.006, -0.005, -0.038, 0.026, -0.094, -0.004, 0.021, -0.045, -0.063, -0.043, -0.05, -0.05, -0.04, -0.046, -0.06, -0.044, -0.046, -0.054, -0.053, -0.064, -0.062, -0.059, -0.068, -0.032, -0.029], "s proportion": [1.007, 1.028, 1.031, 1.045, 1.05, 1.016, 1.701, 1.041, 1.007, 0.973, 0.972, 0.972, 0.979, 0.979, 0.968, 0.976, 0.974, 0.976, 0.957, 0.976, 0.959, 0.666, 0.962, 0.977, 0.968, 0.977, 0.972], "p proportion": [3.076, 3.012, 3.011, 3.032, 2.706, 3.08, 4.869, 3.027, 3.076, 0.0, 0.0, 0.0, 0.0, 0.0, 0.0, 0.0, 0.0, 0.0, 0.0, 0.0, 0.0, 0.0, 0.0, 0.0, 0.0, 0.0, 0.0], "d proportion": [0.0, 0.0, 0.0, 0.0, 0.0, 0.0, 0.0, 0.0, 0.0, 0.0, 0.0, 0.0, 0.0, 0.0, 0.0, 0.0, 0.0, 0.0, 0.0, 0.0, 0.0, 0.0, 0.0, 0.0, 0.0, 0.0, 0.0], "Fermi-level/eV": -5.033, "Coordination numbers": [3.75, 3.8, 3.8, 3.8, 3.77, 3.752, 1.653, 3.801, 3.748, 0.924, 0.924, 0.924, 0.924, 0.924, 0.924, 0.924, 0.924, 0.924, 0.924, 0.924, 0.924, 0.804, 0.924, 0.924, 0.924, 0.924, 0.924], "Dispersion coefficient C6": [22.48, 21.503, 21.625, 21.866, 18.298, 22.668, 21.919, 21.844, 22.451, 2.547, 2.571, 2.54, 2.648, 2.625, 2.443, 2.518, 2.594, 2.6, 2.295, 2.518, 2.372, 0.772, 2.406, 2.594, 2.527, 2.588, 2.54], "Total dispersion C6": 4842.711209, "Total dispersion C8": 100659.325611, "Polarizability alpha": [6.762, 6.602, 6.621, 6.658, 6.096, 6.789, 6.32, 6.654, 6.758, 2.496, 2.507, 2.493, 2.545, 2.533, 2.444, 2.481, 2.519, 2.522, 2.369, 2.482, 2.409, 1.38, 2.426, 2.519, 2.486, 2.516, 2.493], "Total polarizability alpha": 102.879583, "Wiberg matrix": [[0.0, 1.020066337848208, 0.0, 0.0, 0.0, 0.0, 0.0, 0.0, 0.0, 0.9876553815757126, 0.9873043036115712, 0.9876600807019605, 0.0, 0.0, 0.0, 0.0, 0.0, 0.0, 0.0, 0.0, 0.0, 0.0, 0.0, 0.0, 0.0, 0.0, 0.0], [1.020066337848208, 0.0, 1.0068497490462294, 0.0, 0.0, 0.0, 0.0, 0.0, 0.0, 0.0, 0.0, 0.0, 0.9780629995159791, 0.9782378567486452, 0.0, 0.0, 0.0, 0.0, 0.0, 0.0, 0.0, 0.0, 0.0, 0.0, 0.0, 0.0, 0.0], [0.0, 1.0068497490462294, 0.0, 1.0064731805076528, 0.0, 0.0, 0.0, 0.0, 0.0, 0.0, 0.0, 0.0, 0.0, 0.0, 0.9761042951800786, 0.9756390271100236, 0.0, 0.0, 0.0, 0.0, 0.0, 0.0, 0.0, 0.0, 0.0, 0.0, 0.0], [0.0, 0.0, 1.0064731805076528, 0.0, 0.9774819089574333, 0.0, 0.0, 0.0, 0.0, 0.0, 0.0, 0.0, 0.0, 0.0, 0.0, 0.0, 0.9762902056688826, 0.9712083353791592, 0.0, 0.0, 0.0, 0.0, 0.0, 0.0, 0.0, 0.0, 0.0], [0.0, 0.0, 0.0, 0.9774819089574333, 0.0, 0.9953494493228232, 0.9739215703355945, 0.9731395183423153, 0.0, 0.0, 0.0, 0.0, 0.0, 0.0, 0.0, 0.0, 0.0, 0.0, 0.0, 0.0, 0.0, 0.0, 0.0, 0.0, 0.0, 0.0, 0.0], [0.0, 0.0, 0.0, 0.0, 0.9953494493228232, 0.0, 0.0, 0.0, 0.0, 0.0, 0.0, 0.0, 0.0, 0.0, 0.0, 0.0, 0.0, 0.0, 0.9817585167308499, 0.986372253804946, 0.9840403314999115, 0.0, 0.0, 0.0, 0.0, 0.0, 0.0], [0.0, 0.0, 0.0, 0.0, 0.9739215703355945, 0.0, 0.0, 0.0, 0.0, 0.0, 0.0, 0.0, 0.0, 0.0, 0.0, 0.0, 0.0, 0.0, 0.0, 0.0, 0.0, 0.8975940137209721, 0.0, 0.0, 0.0, 0.0, 0.0], [0.0, 0.0, 0.0, 0.0, 0.9731395183423153, 0.0, 0.0, 0.0, 1.0200872809567663, 0.0, 0.0, 0.0, 0.0, 0.0, 0.0, 0.0, 0.0, 0.0, 0.0, 0.0, 0.0, 0.0, 0.9753892331692552, 0.9771333201664725, 0.0, 0.0, 0.0], [0.0, 0.0, 0.0, 0.0, 0.0, 0.0, 0.0, 1.0200872809567663, 0.0, 0.0, 0.0, 0.0, 0.0, 0.0, 0.0, 0.0, 0.0, 0.0, 0.0, 0.0, 0.0, 0.0, 0.0, 0.0, 0.9861296874823753, 0.98580022460017, 0.9842598457077116], [0.9876553815757126, 0.0, 0.0, 0.0, 0.0, 0.0, 0.0, 0.0, 0.0, 0.0, 0.0, 0.0, 0.0, 0.0, 0.0, 0.0, 0.0, 0.0, 0.0, 0.0, 0.0, 0.0, 0.0, 0.0, 0.0, 0.0, 0.0], [0.9873043036115712, 0.0, 0.0, 0.0, 0.0, 0.0, 0.0, 0.0, 0.0, 0.0, 0.0, 0.0, 0.0, 0.0, 0.0, 0.0, 0.0, 0.0, 0.0, 0.0, 0.0, 0.0, 0.0, 0.0, 0.0, 0.0, 0.0], [0.9876600807019605, 0.0, 0.0, 0.0, 0.0, 0.0, 0.0, 0.0, 0.0, 0.0, 0.0, 0.0, 0.0, 0.0, 0.0, 0.0, 0.0, 0.0, 0.0, 0.0, 0.0, 0.0, 0.0, 0.0, 0.0, 0.0, 0.0], [0.0, 0.9780629995159791, 0.0, 0.0, 0.0, 0.0, 0.0, 0.0, 0.0, 0.0, 0.0, 0.0, 0.0, 0.0, 0.0, 0.0, 0.0, 0.0, 0.0, 0.0, 0.0, 0.0, 0.0, 0.0, 0.0, 0.0, 0.0], [0.0, 0.9782378567486452, 0.0, 0.0, 0.0, 0.0, 0.0, 0.0, 0.0, 0.0, 0.0, 0.0, 0.0, 0.0, 0.0, 0.0, 0.0, 0.0, 0.0, 0.0, 0.0, 0.0, 0.0, 0.0, 0.0, 0.0, 0.0], [0.0, 0.0, 0.9761042951800786, 0.0, 0.0, 0.0, 0.0, 0.0, 0.0, 0.0, 0.0, 0.0, 0.0, 0.0, 0.0, 0.0, 0.0, 0.0, 0.0, 0.0, 0.0, 0.0, 0.0, 0.0, 0.0, 0.0, 0.0], [0.0, 0.0, 0.9756390271100236, 0.0, 0.0, 0.0, 0.0, 0.0, 0.0, 0.0, 0.0, 0.0, 0.0, 0.0, 0.0, 0.0, 0.0, 0.0, 0.0, 0.0, 0.0, 0.0, 0.0, 0.0, 0.0, 0.0, 0.0], [0.0, 0.0, 0.0, 0.9762902056688826, 0.0, 0.0, 0.0, 0.0, 0.0, 0.0, 0.0, 0.0, 0.0, 0.0, 0.0, 0.0, 0.0, 0.0, 0.0, 0.0, 0.0, 0.0, 0.0, 0.0, 0.0, 0.0, 0.0], [0.0, 0.0, 0.0, 0.9712083353791592, 0.0, 0.0, 0.0, 0.0, 0.0, 0.0, 0.0, 0.0, 0.0, 0.0, 0.0, 0.0, 0.0, 0.0, 0.0, 0.0, 0.0, 0.0, 0.0, 0.0, 0.0, 0.0, 0.0], [0.0, 0.0, 0.0, 0.0, 0.0, 0.9817585167308499, 0.0, 0.0, 0.0, 0.0, 0.0, 0.0, 0.0, 0.0, 0.0, 0.0, 0.0, 0.0, 0.0, 0.0, 0.0, 0.0, 0.0, 0.0, 0.0, 0.0, 0.0], [0.0, 0.0, 0.0, 0.0, 0.0, 0.986372253804946, 0.0, 0.0, 0.0, 0.0, 0.0, 0.0, 0.0, 0.0, 0.0, 0.0, 0.0, 0.0, 0.0, 0.0, 0.0, 0.0, 0.0, 0.0, 0.0, 0.0, 0.0], [0.0, 0.0, 0.0, 0.0, 0.0, 0.9840403314999115, 0.0, 0.0, 0.0, 0.0, 0.0, 0.0, 0.0, 0.0, 0.0, 0.0, 0.0, 0.0, 0.0, 0.0, 0.0, 0.0, 0.0, 0.0, 0.0, 0.0, 0.0], [0.0, 0.0, 0.0, 0.0, 0.0, 0.0, 0.8975940137209721, 0.0, 0.0, 0.0, 0.0, 0.0, 0.0, 0.0, 0.0, 0.0, 0.0, 0.0, 0.0, 0.0, 0.0, 0.0, 0.0, 0.0, 0.0, 0.0, 0.0], [0.0, 0.0, 0.0, 0.0, 0.0, 0.0, 0.0, 0.9753892331692552, 0.0, 0.0, 0.0, 0.0, 0.0, 0.0, 0.0, 0.0, 0.0, 0.0, 0.0, 0.0, 0.0, 0.0, 0.0, 0.0, 0.0, 0.0, 0.0], [0.0, 0.0, 0.0, 0.0, 0.0, 0.0, 0.0, 0.9771333201664725, 0.0, 0.0, 0.0, 0.0, 0.0, 0.0, 0.0, 0.0, 0.0, 0.0, 0.0, 0.0, 0.0, 0.0, 0.0, 0.0, 0.0, 0.0, 0.0], [0.0, 0.0, 0.0, 0.0, 0.0, 0.0, 0.0, 0.0, 0.9861296874823753, 0.0, 0.0, 0.0, 0.0, 0.0, 0.0, 0.0, 0.0, 0.0, 0.0, 0.0, 0.0, 0.0, 0.0, 0.0, 0.0, 0.0, 0.0], [0.0, 0.0, 0.0, 0.0, 0.0, 0.0, 0.0, 0.0, 0.98580022460017, 0.0, 0.0, 0.0, 0.0, 0.0, 0.0, 0.0, 0.0, 0.0, 0.0, 0.0, 0.0, 0.0, 0.0, 0.0, 0.0, 0.0, 0.0], [0.0, 0.0, 0.0, 0.0, 0.0, 0.0, 0.0, 0.0, 0.9842598457077116, 0.0, 0.0, 0.0, 0.0, 0.0, 0.0, 0.0, 0.0, 0.0, 0.0, 0.0, 0.0, 0.0, 0.0, 0.0, 0.0, 0.0, 0.0]], "Born radii": [], "Atomic SASAs": [], "Solvent H bonds": [], "Total SASA": NaN, "Total FOD": 0.0, "FOD": [0.0, 0.0, 0.0, 0.0, 0.0, 0.0, 0.0, 0.0, 0.0, 0.0, 0.0, 0.0, 0.0, 0.0, 0.0, 0.0, 0.0, 0.0, 0.0, 0.0, 0.0, 0.0, 0.0, 0.0, 0.0, 0.0, 0.0], "FOD s proportion": [0.0, 0.0, 0.0, 0.0, 0.0, 0.0, 0.0, 0.0, 0.0, 0.0, 0.0, 0.0, 0.0, 0.0, 0.0, 0.0, 0.0, 0.0, 0.0, 0.0, 0.0, 0.0, 0.0, 0.0, 0.0, 0.0, 0.0], "FOD p proportion": [0.0, 0.0, 0.0, 0.0, 0.0, 0.0, 0.0, 0.0, 0.0, 0.0, 0.0, 0.0, 0.0, 0.0, 0.0, 0.0, 0.0, 0.0, 0.0, 0.0, 0.0, 0.0, 0.0, 0.0, 0.0, 0.0, 0.0], "FOD d proportion": [0.0, 0.0, 0.0, 0.0, 0.0, 0.0, 0.0, 0.0, 0.0, 0.0, 0.0, 0.0, 0.0, 0.0, 0.0, 0.0, 0.0, 0.0, 0.0, 0.0, 0.0, 0.0, 0.0, 0.0, 0.0, 0.0, 0.0], "coordinates": [["-3.81440", "0.61680", "-0.15030"], ["-2.40370", "0.79010", "0.38970"], ["-1.39130", "-0.02950", "-0.41340"], ["0.02860", "0.14360", "0.14450"], ["1.13350", "-0.55660", "-0.68000"], ["0.85900", "-2.05790", "-0.83690"], ["1.15980", "-0.00730", "-2.00030"], ["2.53020", "-0.37880", "-0.03870"], ["2.99080", "1.06390", "0.13830"], ["-4.12790", "-0.43080", "-0.10000"], ["-4.52090", "1.21130", "0.43750"], ["-3.87860", "0.94540", "-1.19250"], ["-2.13460", "1.85220", "0.35580"], ["-2.38070", "0.48250", "1.44170"], ["-1.42200", "0.28300", "-1.46370"], ["-1.68290", "-1.08500", "-0.37640"], ["0.05530", "-0.22120", "1.17910"], ["0.23190", "1.22100", "0.17640"], ["-0.03700", "-2.24330", "-1.43890"], ["0.74110", "-2.54930", "0.13420"], ["1.67970", "-2.54900", "-1.37320"], ["1.18720", "0.96140", "-1.92690"], ["3.27730", "-0.87760", "-0.66990"], ["2.55400", "-0.87570", "0.93920"], ["4.01080", "1.08030", "0.53680"], ["2.35640", "1.60570", "0.84530"], ["2.99830", "1.60470", "-0.81230"]], "bond_dist": [[0.0, 1.5204299983886136, 2.5215746885626844, 3.883229877305746, 5.112647460954061, 5.428269264692016, 5.343656655325078, 6.42320971789027, 6.825975051961442, 1.094658896643151, 1.0945690202084106, 1.0946599654687292, 2.145711632535929, 2.146624368630898, 2.7495490102924154, 2.7368844878803342, 4.176616627127752, 4.104184964155491, 4.91013367740635, 5.554971620989616, 6.457778941710532, 5.318934036063993, 7.266045995587971, 6.631069676907338, 7.868970307479881, 6.328342216568254, 6.915711944550611], [1.5204299983886136, 0.0, 1.5302508062405982, 2.528669329904565, 3.933146681729529, 4.5012068215090935, 4.3642271950483975, 5.088538393291339, 5.407291248860192, 2.1687020403919024, 2.1592197942775533, 2.1685951535498735, 1.0961844872100681, 1.0962895420462608, 2.1577712714743424, 2.149991130214262, 2.773546655457593, 2.679096687318321, 4.259878215395366, 4.594196300769048, 5.561614943521351, 4.276744329510475, 6.014793134431142, 5.258861966243267, 6.422745884744313, 4.8509098868150495, 5.593744824355148], [2.5215746885626844, 1.5302508062405982, 0.0, 1.5353605537462527, 2.5929760912896977, 3.059020905453247, 3.0044726092943503, 3.95481640913962, 4.550021632915606, 2.7835662036315933, 3.472464774479361, 2.7828201720556796, 2.164476477118659, 2.1638974952617325, 1.096233930326917, 1.0956640954234103, 2.159966828448993, 2.132227129083579, 2.790463972173803, 3.3461003511550578, 4.086580146038983, 3.149797979236129, 4.751935586684651, 4.255698919096603, 5.596179097384215, 4.278254319228814, 4.700884917757506], [3.883229877305746, 2.528669329904565, 1.5353605537462527, 0.0, 1.5462484599830648, 2.549374897891638, 2.429516678271627, 2.562121495948231, 3.1018735257905026, 4.203118825348625, 4.682283902114437, 4.206740315255982, 2.7646692189120925, 2.7572282350215405, 2.17024882444387, 2.170259666491547, 1.09735549845982, 1.0968770487160355, 2.865091714064316, 2.785583017969488, 3.504231621910858, 2.51034833439505, 3.501449484142246, 2.8369289275552885, 4.109649987529352, 2.8368133336545074, 3.4451992017879025], [5.112647460954061, 3.933146681729529, 2.5929760912896977, 1.5462484599830648, 0.0, 1.5342325605982947, 1.4302497229505065, 1.5471423399286828, 2.597151984385974, 5.294766812617908, 6.028807180529164, 5.25735738370524, 4.1899494853756885, 4.234494224815993, 2.801730554496631, 2.8815774291176, 2.175146250255371, 2.1693697886713554, 2.188825335653807, 2.188093391516916, 2.179109552087733, 1.9651888713301835, 2.1677226413911903, 2.1774879333764403, 3.5268823541479235, 2.9150584539593716, 2.8576563859218624], [5.428269264692016, 4.5012068215090935, 3.059020905453247, 2.549374897891638, 1.5342325605982947, 0.0, 2.376749999474072, 2.4998818952102515, 3.904000706967149, 5.297135794936732, 6.423012378160267, 5.620597478026692, 5.066858618513052, 4.705454941873315, 3.328010223842469, 2.760407627507213, 2.8431771981359164, 3.4887270615512476, 1.09525940306395, 1.0947189502333463, 1.0965151116149745, 3.2267611826721856, 2.696140200360508, 2.7249134022937316, 4.655018170748638, 4.300461435706638, 4.241679904236056], [5.343656655325078, 4.3642271950483975, 3.0044726092943503, 2.429516678271627, 1.4302497229505065, 2.376749999474072, 0.0, 2.421545574627907, 3.0122483961320325, 5.63473722812342, 6.30065133855223, 5.190920216108123, 4.456682490373304, 4.9620971665214295, 2.652904990760129, 3.446655159716446, 3.372574360929645, 2.6660349191261545, 2.597536563746505, 3.345618618432173, 2.6690427703579425, 0.9718631642366121, 2.6478656499150404, 3.367279680988795, 3.968368829884642, 3.482967114401168, 2.718449971950928], [6.42320971789027, 5.088538393291339, 3.95481640913962, 2.562121495948231, 1.5471423399286828, 2.4998818952102515, 2.421545574627907, 0.0, 1.5247506845382954, 6.658585232615109, 7.243838461754928, 6.645109293307371, 5.185879895446866, 5.200996121898188, 4.253056439785392, 4.28520376878393, 2.7627892807812904, 2.8085246910077184, 3.468059418464453, 2.8181276532478083, 2.685890641854206, 2.6767675057800595, 1.0978949357748218, 1.0971620026231312, 2.1569305552103435, 2.1794271472109363, 2.179873120160896], [6.825975051961442, 5.407291248860192, 4.550021632915606, 3.1018735257905026, 2.597151984385974, 3.904000706967149, 3.0122483961320325, 1.5247506845382954, 0.0, 7.2778296675588665, 7.519101295367686, 6.998123123381012, 5.190226228210096, 5.557867376071509, 4.759097881951998, 5.169734905195817, 3.369259102532781, 2.763631891189563, 4.753178359792529, 4.256334237345559, 4.129971170601557, 2.7438167303958183, 2.122425909189765, 2.143427911080753, 1.0952037299059931, 1.0935536566625346, 1.0936915698678489], [1.094658896643151, 2.1687020403919024, 2.7835662036315933, 4.203118825348625, 5.294766812617908, 5.297135794936732, 5.63473722812342, 6.658585232615109, 7.2778296675588665, 0.0, 1.7719615289277586, 1.7747205920933018, 3.0648144364708285, 2.5027312320742716, 3.113050423619894, 2.546055694599001, 4.379405348902977, 4.670406431992831, 4.670468099666243, 5.315077881837669, 6.311578823083809, 5.790170330827928, 7.440524396169937, 6.776847368799153, 8.30225120916008, 6.862001954969118, 7.445358149881039], [1.0945690202084106, 2.1592197942775533, 3.472464774479361, 4.682283902114437, 6.028807180529164, 6.423012378160267, 6.30065133855223, 7.243838461754928, 7.519101295367686, 1.7719615289277586, 0.0, 1.7720474316451014, 2.472216695599316, 2.4738680482192255, 3.7522637887014287, 3.740276848042134, 4.852178196439203, 4.759976380193499, 5.963262305986548, 6.474777776109385, 7.474351539765841, 6.183465288978342, 8.148727582267062, 7.393340374959075, 8.53328344659897, 6.900659931484814, 7.632504978052749], [1.0946599654687292, 2.1685951535498735, 2.7828201720556796, 4.206740315255982, 5.25735738370524, 5.620597478026692, 5.190920216108123, 6.645109293307371, 6.998123123381012, 1.7747205920933018, 1.7720474316451014, 0.0, 2.5022100491365626, 3.0654511022033932, 2.5587510156324313, 3.0999422349456776, 4.739304941655474, 4.3412040749082506, 4.998640936294584, 5.942616348882031, 6.567966408257582, 5.11878198402706, 7.402928107850299, 7.017043028227773, 8.077828226695589, 6.592711879795749, 6.918885903091624], [2.145711632535929, 1.0961844872100681, 2.164476477118659, 2.7646692189120925, 4.1899494853756885, 5.066858618513052, 4.456682490373304, 5.185879895446866, 5.190226228210096, 3.0648144364708285, 2.472216695599316, 2.5022100491365626, 0.0, 1.7651691448696922, 2.5061459753972835, 3.0606034650049, 3.126095401615248, 2.4557931610785135, 4.939027647219643, 5.262315013375767, 6.075268465672937, 4.12778380853455, 6.147562943150724, 5.4557092966909435, 6.19633212231236, 4.524318014905671, 5.269950310012419], [2.146624368630898, 1.0962895420462608, 2.1638974952617325, 2.7572282350215405, 4.234494224815993, 4.705454941873315, 4.9620971665214295, 5.200996121898188, 5.557867376071509, 2.5027312320742716, 2.4738680482192255, 3.0654511022033932, 1.7651691448696922, 0.0, 3.0659835452917883, 2.4998937377416666, 2.549166226435616, 2.9953372264237625, 4.606600882429473, 4.543897306277948, 5.796594036156059, 4.930184740960525, 6.190451564304497, 5.142808335919199, 6.482860564596465, 4.904833086864424, 5.939148915459183], [2.7495490102924154, 2.1577712714743424, 1.096233930326917, 2.17024882444387, 2.801730554496631, 3.328010223842469, 2.652904990760129, 4.253056439785392, 4.759097881951998, 3.113050423619894, 3.7522637887014287, 2.5587510156324313, 2.5061459753972835, 3.0659835452917883, 0.0, 1.7668373156575563, 3.0693687901586544, 2.511007212255672, 2.8811511119689643, 3.905663747687453, 4.201066190861553, 2.73545342493708, 4.905153543978007, 4.788015256867923, 5.844057099310375, 4.6213983652137145, 4.659427533506665], [2.7368844878803342, 2.149991130214262, 1.0956640954234103, 2.170259666491547, 2.8815774291176, 2.760407627507213, 3.446655159716446, 4.28520376878393, 5.169734905195817, 2.546055694599001, 3.740276848042134, 3.0999422349456776, 3.0606034650049, 2.4998937377416666, 1.7668373156575563, 0.0, 2.4873821439416983, 3.0478981085331576, 2.2758629022856365, 2.877614089832061, 3.8005243059346427, 3.850880057856905, 4.973202293291517, 4.44138846083069, 6.159600475680221, 5.0048338503890415, 5.416468253391688], [4.176616627127752, 2.773546655457593, 2.159966828448993, 1.09735549845982, 2.175146250255371, 2.8431771981359164, 3.372574360929645, 2.7627892807812904, 3.369259102532781, 4.379405348902977, 4.852178196439203, 4.739304941655474, 3.126095401615248, 2.549166226435616, 3.0693687901586544, 2.4873821439416983, 0.0, 1.7653712612365706, 3.309279634603277, 2.642382875360798, 3.8172717338434263, 3.5109794032434882, 3.772392604170462, 2.5941133263602807, 4.213363477080989, 2.957033523651702, 3.9951012214961463], [4.104184964155491, 2.679096687318321, 2.132227129083579, 1.0968770487160355, 2.1693697886713554, 3.4887270615512476, 2.6660349191261545, 2.8085246910077184, 2.763631891189563, 4.670406431992831, 4.759976380193499, 4.3412040749082506, 2.4557931610785135, 2.9953372264237625, 2.511007212255672, 3.0478981085331576, 1.7653712612365706, 0.0, 3.8318240812960087, 3.804763799501883, 4.325538694775484, 2.3246206443202726, 3.79404886763468, 3.2202737678650863, 3.7986536904540267, 2.2602923594084015, 2.962722116567803], [4.91013367740635, 4.259878215395366, 2.790463972173803, 2.865091714064316, 2.188825335653807, 1.09525940306395, 2.597536563746505, 3.468059418464453, 4.753178359792529, 4.670468099666243, 5.963262305986548, 4.998640936294584, 4.939027647219643, 4.606600882429473, 2.8811511119689643, 2.2758629022856365, 3.309279634603277, 3.8318240812960087, 0.0, 1.7814935363340505, 1.744943514845108, 3.4650990938211277, 3.6662081201153867, 3.773456024654322, 5.59771313037744, 5.075503344496977, 4.9409288246239695], [5.554971620989616, 4.594196300769048, 3.3461003511550578, 2.785583017969488, 2.188093391516916, 1.0947189502333463, 3.345618618432173, 2.8181276532478083, 4.256334237345559, 5.315077881837669, 6.474777776109385, 5.942616348882031, 5.262315013375767, 4.543897306277948, 3.905663747687453, 2.877614089832061, 2.642382875360798, 3.804763799501883, 1.7814935363340505, 0.0, 1.7757321898304372, 4.095381900384871, 3.1422075265647242, 2.5952973567589512, 4.901736530047285, 4.514297542253945, 4.821465554165041], [6.457778941710532, 5.561614943521351, 4.086580146038983, 3.504231621910858, 2.179109552087733, 1.0965151116149745, 2.6690427703579425, 2.685890641854206, 4.129971170601557, 6.311578823083809, 7.474351539765841, 6.567966408257582, 6.075268465672937, 5.796594036156059, 4.201066190861553, 3.8005243059346427, 3.8172717338434263, 4.325538694775484, 1.744943514845108, 1.7757321898304372, 0.0, 3.5877636627849387, 2.4167198037836326, 2.9852181059346403, 4.717408790851181, 4.7582767080110004, 4.3939206251365075], [5.318934036063993, 4.276744329510475, 3.149797979236129, 2.51034833439505, 1.9651888713301835, 3.2267611826721856, 0.9718631642366121, 2.6767675057800595, 2.7438167303958183, 5.790170330827928, 6.183465288978342, 5.11878198402706, 4.12778380853455, 4.930184740960525, 2.73545342493708, 3.850880057856905, 3.5109794032434882, 2.3246206443202726, 3.4650990938211277, 4.095381900384871, 3.5877636627849387, 0.0, 3.054584752466364, 3.6684612387212163, 3.749222834135096, 3.0768886833943148, 2.2217675981074168], [7.266045995587971, 6.014793134431142, 4.751935586684651, 3.501449484142246, 2.1677226413911903, 2.696140200360508, 2.6478656499150404, 1.0978949357748218, 2.122425909189765, 7.440524396169937, 8.148727582267062, 7.402928107850299, 6.147562943150724, 6.190451564304497, 4.905153543978007, 4.973202293291517, 3.772392604170462, 3.79404886763468, 3.6662081201153867, 3.1422075265647242, 2.4167198037836326, 3.054584752466364, 0.0, 1.7641908371828714, 2.414025590170908, 3.0513385161269797, 2.501985621461482], [6.631069676907338, 5.258861966243267, 4.255698919096603, 2.8369289275552885, 2.1774879333764403, 2.7249134022937316, 3.367279680988795, 1.0971620026231312, 2.143427911080753, 6.776847368799153, 7.393340374959075, 7.017043028227773, 5.4557092966909435, 5.142808335919199, 4.788015256867923, 4.44138846083069, 2.5941133263602807, 3.2202737678650863, 3.773456024654322, 2.5952973567589512, 2.9852181059346403, 3.6684612387212163, 1.7641908371828714, 0.0, 2.471867310354664, 2.4910256783100406, 3.0688008895984114], [7.868970307479881, 6.422745884744313, 5.596179097384215, 4.109649987529352, 3.5268823541479235, 4.655018170748638, 3.968368829884642, 2.1569305552103435, 1.0952037299059931, 8.30225120916008, 8.53328344659897, 8.077828226695589, 6.19633212231236, 6.482860564596465, 5.844057099310375, 6.159600475680221, 4.213363477080989, 3.7986536904540267, 5.59771313037744, 4.901736530047285, 4.717408790851181, 3.749222834135096, 2.414025590170908, 2.471867310354664, 0.0, 1.7630248920534273, 1.7664151324080077], [6.328342216568254, 4.8509098868150495, 4.278254319228814, 2.8368133336545074, 2.9150584539593716, 4.300461435706638, 3.482967114401168, 2.1794271472109363, 1.0935536566625346, 6.862001954969118, 6.900659931484814, 6.592711879795749, 4.524318014905671, 4.904833086864424, 4.6213983652137145, 5.0048338503890415, 2.957033523651702, 2.2602923594084015, 5.075503344496977, 4.514297542253945, 4.7582767080110004, 3.0768886833943148, 3.0513385161269797, 2.4910256783100406, 1.7630248920534273, 0.0, 1.777547290510157], [6.915711944550611, 5.593744824355148, 4.700884917757506, 3.4451992017879025, 2.8576563859218624, 4.241679904236056, 2.718449971950928, 2.179873120160896, 1.0936915698678489, 7.445358149881039, 7.632504978052749, 6.918885903091624, 5.269950310012419, 5.939148915459183, 4.659427533506665, 5.416468253391688, 3.9951012214961463, 2.962722116567803, 4.9409288246239695, 4.821465554165041, 4.3939206251365075, 2.2217675981074168, 2.501985621461482, 3.0688008895984114, 1.7664151324080077, 1.777547290510157, 0.0]]}