{"total energy": -44.35596959, "HOMO-LUMO gap/eV": 10.23118331, "electronic energy": -44.66841826, "dipole": [0.90146475, -0.01621598, -0.46551193], "partial charges": [-0.44676968, 0.06631042, 0.09302808, -0.46090199, 0.09070008, -0.4605192, 0.08728982, -0.46690133, 0.09490483, -0.45512144, 0.06424276, -0.44954369, 0.30783181, 0.04556959, 0.05320796, 0.04115601, 0.30697381, 0.06452208, 0.30867115, 0.05076133, 0.31380773, 0.06357251, 0.31234759, 0.03565784, 0.04157452, 0.29762742], "atomic dipole moments": [[-0.17567322, -0.15563403, -0.06047708], [0.09667884, 0.11324374, -0.12253934], [0.00234471, 0.14495968, -0.09687536], [0.13807831, -0.18511095, 0.03274538], [-0.05201469, -0.14772473, -0.0751304], [0.00855493, -0.00900985, 0.22649266], [-0.06233887, -0.14771804, -0.06920127], [0.19560373, 0.12582419, 0.00619712], [0.07938272, -0.00394139, 0.15405649], [-0.06076602, 0.20983537, -0.06676791], [-0.01838275, 0.03235719, 0.19676419], [0.0219426, -0.00432658, -0.24211861], [-0.04943205, 0.02687496, -0.05825998], [-0.10714517, 0.0376291, 0.04146607], [0.05796626, -0.0662447, 0.09635625], [-0.0776334, -0.09928709, 0.00604658], [0.02010542, -0.03918147, -0.06755784], [0.05605839, 0.11552766, -0.03666403], [-0.01823943, -0.07445432, 0.03122559], [0.01468247, 0.04190554, 0.12085014], [0.06433702, -0.04083748, 0.0261152], [-0.01466771, -0.07716931, -0.10720946], [0.03415141, 0.0620475, 0.04576457], [-0.05038386, 0.08670994, -0.07416102], [0.11030442, -0.0296674, -0.03799743], [0.04200221, 0.06497968, -0.03208859]], "atomic quadrupole moments": [[-0.02444215, 0.12885586, 0.10745974, 0.00721576, -0.03068505, -0.08301759], [-0.19306052, 0.29663691, 0.26996352, -0.02964159, 0.04129223, -0.076903], [-0.04891875, -0.23462253, -0.09928075, 0.11280807, -0.09565333, 0.1481995], [-0.02975325, -0.11168647, 0.0067011, 0.07396452, -0.09031814, 0.02305215], [-0.06310115, -0.08220808, -0.15233878, 0.11658423, 0.21162016, 0.21543992], [-0.10064418, 0.02345339, -0.02429287, 0.03081484, 0.09602529, 0.12493705], [0.04482954, 0.10245962, 0.21785947, -0.05308438, -0.15986274, -0.26268901], [0.00823227, 0.11188204, 0.108962, -0.01320866, -0.0409614, -0.11719426], [0.06573602, -0.08871888, -0.00234593, 0.08123208, -0.28592812, -0.06339009], [-0.03031696, -0.0803832, 0.02397308, 0.09568526, -0.0941313, 0.00634389], [-0.23434878, 0.20886472, 0.01533398, 0.08889728, 0.23281932, 0.2190148], [-0.09939105, 0.04523006, -0.0329953, 0.02949805, 0.10218743, 0.13238636], [-0.02265942, -0.02719698, -0.00079381, 0.06977394, -0.08283982, 0.02345323], [0.0450979, 0.00581678, -0.00048384, -0.02199218, 0.00265271, -0.04461405], [-1.744e-05, -0.0236003, 0.00420613, 0.0362337, -0.02800649, -0.00418869], [-0.01844043, 0.00778771, 0.03140872, 0.01019014, -0.01845272, -0.01296828], [-0.0656699, -0.02099651, -0.04609185, -0.00819885, 0.05385188, 0.11176175], [-0.00635745, 0.02143564, 0.02323832, -0.00351238, -0.00062646, -0.01688087], [-0.07074561, 0.05581663, 0.1089035, -0.00130884, -0.02229893, -0.03815789], [-0.01699037, 0.01941299, 0.01430231, 0.00781432, 0.01823694, 0.00268806], [0.01484704, -0.07199337, 0.03662735, 0.04253527, -0.05871185, -0.0514744], [-0.0096554, 0.00399823, -0.00976352, 0.01745057, 0.01982615, 0.01941892], [-0.03600603, 0.04187006, 0.00738088, 0.07594619, 0.05724981, 0.02862516], [-0.01373663, -0.02110024, 0.00612064, 0.03785607, -0.01065511, 0.00761599], [0.02322904, -0.01648906, -0.01732043, -0.01831958, 0.03623391, -0.00590861], [-0.02823117, 0.09544688, 0.06263313, -0.01798962, -0.02640016, -0.03440196]], "number of molecular orbitals": 62, "number of electrons": 74, "number of unpaired electrons": 0, "orbital energies/eV": [-19.33469499, -19.10804067, -19.03125777, -18.85265901, -18.74348713, -18.50391935, -17.91778686, -17.63311915, -17.25505629, -17.00821193, -16.68265223, -16.34060701, -16.2677934, -15.95392473, -15.64351087, -15.41705402, -15.23693207, -15.21176994, -14.93167234, -14.78136064, -14.59248528, -14.41715613, -14.32013843, -14.07190844, -13.71676907, -13.53802969, -13.29473987, -13.12010804, -12.8063509, -12.63874931, -12.3948022, -12.23959741, -11.87254849, -11.85624296, -11.37258314, -11.1724681, -11.06133976, -0.83015645, -0.59157278, 0.1333089, 0.57377356, 0.86756443, 1.05206539, 1.5388272, 2.14947873, 2.34988605, 2.68782331, 2.82720618, 3.14823734, 3.83498185, 4.01976179, 4.49364044, 4.60532614, 4.87070219, 5.12121446, 5.40678335, 5.49945639, 5.90015502, 6.15945016, 6.7316775, 7.13890656, 7.27899087], "fractional occupation": [2.0, 2.0, 2.0, 2.0, 2.0, 2.0, 2.0, 2.0, 2.0, 2.0, 2.0, 2.0, 2.0, 2.0, 2.0, 2.0, 2.0, 2.0, 2.0, 2.0, 2.0, 2.0, 2.0, 2.0, 2.0, 2.0, 2.0, 2.0, 2.0, 2.0, 2.0, 2.0, 2.0, 2.0, 2.0, 2.0, 2.0, 0.0, 0.0, 0.0, 0.0, 0.0, 0.0, 0.0, 0.0, 0.0, 0.0, 0.0, 0.0, 0.0, 0.0, 0.0, 0.0, 0.0, 0.0, 0.0, 0.0, 0.0, 0.0, 0.0, 0.0, 0.0], "program call": "xtb /home/svss/Project-DBcg-Debug/aqme2_20220329/End-to-End-workflows-final/example-3/QDESCP/mol_277_rdkit_conf_1/mol_277_rdkit_conf_1.xyz --pop --wbo --acc 0.2 --gfn 2 --chrg 0 --uhf 0 --etemp 300 --input /home/svss/Project-DBcg-Debug/aqme2_20220329/End-to-End-workflows-final/example-3/QDESCP/mol_277_rdkit_conf_1/mol_277_rdkit_conf_1_xtb.inp", "method": "GFN2-xTB", "xtb version": "6.3.3 (7355c4f)", "Dipole module/D": 2.579, "Total charge": 0, "Transition dipole module/D": NaN, "HOMO": -11.0613, "LUMO": -0.8302, "HOMO occupancy": 2.0, "LUMO occupancy": 0, "mulliken charges": [-0.57291, 0.18228, 0.18558, -0.58146, 0.1829, -0.57891, 0.17743, -0.58709, 0.19179, -0.57349, 0.17184, -0.57587, 0.34778, 0.03203, 0.03059, 0.03149, 0.35096, 0.04235, 0.34895, 0.03899, 0.35682, 0.04359, 0.35353, 0.02372, 0.02897, 0.34816], "cm5 charges": [-0.78264, 0.10012, 0.14437, -0.78875, 0.1439, -0.78847, 0.13828, -0.79466, 0.15053, -0.78258, 0.08822, -0.79381, 0.52097, 0.09695, 0.0946, 0.10276, 0.52641, 0.11565, 0.52336, 0.11217, 0.53214, 0.11498, 0.52884, 0.08739, 0.09378, 0.51549], "FUKUI+": [-0.026, 0.009, -0.02, -0.076, -0.011, -0.031, -0.012, -0.039, -0.022, -0.091, 0.006, -0.045, -0.021, -0.046, -0.034, -0.051, -0.037, -0.042, -0.031, -0.042, -0.033, -0.063, -0.055, -0.057, -0.057, -0.073], "FUKUI-": [-0.09, 0.016, -0.004, -0.069, -0.003, -0.06, -0.003, -0.054, -0.002, -0.069, 0.014, -0.043, -0.039, -0.091, -0.046, -0.056, -0.036, -0.038, -0.031, -0.043, -0.036, -0.045, -0.033, -0.036, -0.068, -0.036], "FUKUIrad": [-0.058, 0.012, -0.012, -0.073, -0.007, -0.045, -0.007, -0.047, -0.012, -0.08, 0.01, -0.044, -0.03, -0.068, -0.04, -0.054, -0.037, -0.04, -0.031, -0.043, -0.034, -0.054, -0.044, -0.047, -0.063, -0.055], "s proportion": [1.705, 0.998, 1.036, 1.713, 1.038, 1.716, 1.039, 1.716, 1.035, 1.714, 1.003, 1.7, 0.652, 0.968, 0.969, 0.969, 0.649, 0.958, 0.651, 0.961, 0.643, 0.956, 0.646, 0.976, 0.971, 0.652], "p proportion": [4.868, 2.82, 2.779, 4.868, 2.779, 4.863, 2.783, 4.871, 2.774, 4.859, 2.825, 4.876, 0.0, 0.0, 0.0, 0.0, 0.0, 0.0, 0.0, 0.0, 0.0, 0.0, 0.0, 0.0, 0.0, 0.0], "d proportion": [0.0, 0.0, 0.0, 0.0, 0.0, 0.0, 0.0, 0.0, 0.0, 0.0, 0.0, 0.0, 0.0, 0.0, 0.0, 0.0, 0.0, 0.0, 0.0, 0.0, 0.0, 0.0, 0.0, 0.0, 0.0, 0.0], "Fermi-level/eV": -5.9457, "Coordination numbers": [1.652, 3.673, 3.72, 1.65, 3.72, 1.649, 3.72, 1.649, 3.72, 1.65, 3.672, 1.652, 0.803, 0.924, 0.924, 0.924, 0.803, 0.924, 0.803, 0.924, 0.803, 0.924, 0.803, 0.924, 0.924, 0.804], "Dispersion coefficient C6": [21.78, 19.696, 19.15, 22.07, 19.186, 22.063, 19.24, 22.195, 19.121, 21.951, 19.731, 21.836, 0.698, 2.376, 2.28, 2.434, 0.701, 2.147, 0.696, 2.311, 0.681, 2.158, 0.685, 2.508, 2.428, 0.728], "Total dispersion C6": 5119.573413, "Total dispersion C8": 107215.64901, "Polarizability alpha": [6.3, 6.36, 6.25, 6.342, 6.256, 6.341, 6.265, 6.36, 6.246, 6.325, 6.366, 6.308, 1.313, 2.411, 2.362, 2.44, 1.315, 2.291, 1.31, 2.377, 1.297, 2.297, 1.3, 2.476, 2.437, 1.341], "Total polarizability alpha": 102.684475, "Wiberg matrix": [[0.0, 1.0022745946504463, 0.0, 0.0, 0.0, 0.0, 0.0, 0.0, 0.0, 0.0, 0.0, 0.0, 0.8884558185439431, 0.0, 0.0, 0.0, 0.0, 0.0, 0.0, 0.0, 0.0, 0.0, 0.0, 0.0, 0.0, 0.0], [1.0022745946504463, 0.0, 0.9887063327779053, 0.0, 0.0, 0.0, 0.0, 0.0, 0.0, 0.0, 0.0, 0.0, 0.0, 0.9696038778615987, 0.9698821710586638, 0.0, 0.0, 0.0, 0.0, 0.0, 0.0, 0.0, 0.0, 0.0, 0.0, 0.0], [0.0, 0.9887063327779053, 0.0, 0.9810527433407518, 0.9690832580144452, 0.0, 0.0, 0.0, 0.0, 0.0, 0.0, 0.0, 0.0, 0.0, 0.0, 0.9603029143487873, 0.0, 0.0, 0.0, 0.0, 0.0, 0.0, 0.0, 0.0, 0.0, 0.0], [0.0, 0.0, 0.9810527433407518, 0.0, 0.0, 0.0, 0.0, 0.0, 0.0, 0.0, 0.0, 0.0, 0.0, 0.0, 0.0, 0.0, 0.8813778770680691, 0.0, 0.0, 0.0, 0.0, 0.0, 0.0, 0.0, 0.0, 0.0], [0.0, 0.0, 0.9690832580144452, 0.0, 0.0, 0.9824213887401401, 0.9795130157260499, 0.0, 0.0, 0.0, 0.0, 0.0, 0.0, 0.0, 0.0, 0.0, 0.0, 0.9578754893355457, 0.0, 0.0, 0.0, 0.0, 0.0, 0.0, 0.0, 0.0], [0.0, 0.0, 0.0, 0.0, 0.9824213887401401, 0.0, 0.0, 0.0, 0.0, 0.0, 0.0, 0.0, 0.0, 0.0, 0.0, 0.0, 0.0, 0.0, 0.8848018056505084, 0.0, 0.0, 0.0, 0.0, 0.0, 0.0, 0.0], [0.0, 0.0, 0.0, 0.0, 0.9795130157260499, 0.0, 0.0, 0.9819287595778462, 0.9684971604378938, 0.0, 0.0, 0.0, 0.0, 0.0, 0.0, 0.0, 0.0, 0.0, 0.0, 0.9569266362745079, 0.0, 0.0, 0.0, 0.0, 0.0, 0.0], [0.0, 0.0, 0.0, 0.0, 0.0, 0.0, 0.9819287595778462, 0.0, 0.0, 0.0, 0.0, 0.0, 0.0, 0.0, 0.0, 0.0, 0.0, 0.0, 0.0, 0.0, 0.8757151671421088, 0.0, 0.0, 0.0, 0.0, 0.0], [0.0, 0.0, 0.0, 0.0, 0.0, 0.0, 0.9684971604378938, 0.0, 0.0, 0.9848752305534277, 0.9924380356526156, 0.0, 0.0, 0.0, 0.0, 0.0, 0.0, 0.0, 0.0, 0.0, 0.0, 0.9605055189280864, 0.0, 0.0, 0.0, 0.0], [0.0, 0.0, 0.0, 0.0, 0.0, 0.0, 0.0, 0.0, 0.9848752305534277, 0.0, 0.0, 0.0, 0.0, 0.0, 0.0, 0.0, 0.0, 0.0, 0.0, 0.0, 0.0, 0.0, 0.8829615519281342, 0.0, 0.0, 0.0], [0.0, 0.0, 0.0, 0.0, 0.0, 0.0, 0.0, 0.0, 0.9924380356526156, 0.0, 0.0, 0.9896126785809813, 0.0, 0.0, 0.0, 0.0, 0.0, 0.0, 0.0, 0.0, 0.0, 0.0, 0.0, 0.9696542491878846, 0.9708217885120825, 0.0], [0.0, 0.0, 0.0, 0.0, 0.0, 0.0, 0.0, 0.0, 0.0, 0.0, 0.9896126785809813, 0.0, 0.0, 0.0, 0.0, 0.0, 0.0, 0.0, 0.0, 0.0, 0.0, 0.0, 0.0, 0.0, 0.0, 0.8981385842047996], [0.8884558185439431, 0.0, 0.0, 0.0, 0.0, 0.0, 0.0, 0.0, 0.0, 0.0, 0.0, 0.0, 0.0, 0.0, 0.0, 0.0, 0.0, 0.0, 0.0, 0.0, 0.0, 0.0, 0.0, 0.0, 0.0, 0.0], [0.0, 0.9696038778615987, 0.0, 0.0, 0.0, 0.0, 0.0, 0.0, 0.0, 0.0, 0.0, 0.0, 0.0, 0.0, 0.0, 0.0, 0.0, 0.0, 0.0, 0.0, 0.0, 0.0, 0.0, 0.0, 0.0, 0.0], [0.0, 0.9698821710586638, 0.0, 0.0, 0.0, 0.0, 0.0, 0.0, 0.0, 0.0, 0.0, 0.0, 0.0, 0.0, 0.0, 0.0, 0.0, 0.0, 0.0, 0.0, 0.0, 0.0, 0.0, 0.0, 0.0, 0.0], [0.0, 0.0, 0.9603029143487873, 0.0, 0.0, 0.0, 0.0, 0.0, 0.0, 0.0, 0.0, 0.0, 0.0, 0.0, 0.0, 0.0, 0.0, 0.0, 0.0, 0.0, 0.0, 0.0, 0.0, 0.0, 0.0, 0.0], [0.0, 0.0, 0.0, 0.8813778770680691, 0.0, 0.0, 0.0, 0.0, 0.0, 0.0, 0.0, 0.0, 0.0, 0.0, 0.0, 0.0, 0.0, 0.0, 0.0, 0.0, 0.0, 0.0, 0.0, 0.0, 0.0, 0.0], [0.0, 0.0, 0.0, 0.0, 0.9578754893355457, 0.0, 0.0, 0.0, 0.0, 0.0, 0.0, 0.0, 0.0, 0.0, 0.0, 0.0, 0.0, 0.0, 0.0, 0.0, 0.0, 0.0, 0.0, 0.0, 0.0, 0.0], [0.0, 0.0, 0.0, 0.0, 0.0, 0.8848018056505084, 0.0, 0.0, 0.0, 0.0, 0.0, 0.0, 0.0, 0.0, 0.0, 0.0, 0.0, 0.0, 0.0, 0.0, 0.0, 0.0, 0.0, 0.0, 0.0, 0.0], [0.0, 0.0, 0.0, 0.0, 0.0, 0.0, 0.9569266362745079, 0.0, 0.0, 0.0, 0.0, 0.0, 0.0, 0.0, 0.0, 0.0, 0.0, 0.0, 0.0, 0.0, 0.0, 0.0, 0.0, 0.0, 0.0, 0.0], [0.0, 0.0, 0.0, 0.0, 0.0, 0.0, 0.0, 0.8757151671421088, 0.0, 0.0, 0.0, 0.0, 0.0, 0.0, 0.0, 0.0, 0.0, 0.0, 0.0, 0.0, 0.0, 0.0, 0.0, 0.0, 0.0, 0.0], [0.0, 0.0, 0.0, 0.0, 0.0, 0.0, 0.0, 0.0, 0.9605055189280864, 0.0, 0.0, 0.0, 0.0, 0.0, 0.0, 0.0, 0.0, 0.0, 0.0, 0.0, 0.0, 0.0, 0.0, 0.0, 0.0, 0.0], [0.0, 0.0, 0.0, 0.0, 0.0, 0.0, 0.0, 0.0, 0.0, 0.8829615519281342, 0.0, 0.0, 0.0, 0.0, 0.0, 0.0, 0.0, 0.0, 0.0, 0.0, 0.0, 0.0, 0.0, 0.0, 0.0, 0.0], [0.0, 0.0, 0.0, 0.0, 0.0, 0.0, 0.0, 0.0, 0.0, 0.0, 0.9696542491878846, 0.0, 0.0, 0.0, 0.0, 0.0, 0.0, 0.0, 0.0, 0.0, 0.0, 0.0, 0.0, 0.0, 0.0, 0.0], [0.0, 0.0, 0.0, 0.0, 0.0, 0.0, 0.0, 0.0, 0.0, 0.0, 0.9708217885120825, 0.0, 0.0, 0.0, 0.0, 0.0, 0.0, 0.0, 0.0, 0.0, 0.0, 0.0, 0.0, 0.0, 0.0, 0.0], [0.0, 0.0, 0.0, 0.0, 0.0, 0.0, 0.0, 0.0, 0.0, 0.0, 0.0, 0.8981385842047996, 0.0, 0.0, 0.0, 0.0, 0.0, 0.0, 0.0, 0.0, 0.0, 0.0, 0.0, 0.0, 0.0, 0.0]], "Born radii": [], "Atomic SASAs": [], "Solvent H bonds": [], "Total SASA": NaN, "Total FOD": 0.0, "FOD": [0.0, 0.0, 0.0, 0.0, 0.0, 0.0, 0.0, 0.0, 0.0, 0.0, 0.0, 0.0, 0.0, 0.0, 0.0, 0.0, 0.0, 0.0, 0.0, 0.0, 0.0, 0.0, 0.0, 0.0, 0.0, 0.0], "FOD s proportion": [0.0, 0.0, 0.0, 0.0, 0.0, 0.0, 0.0, 0.0, 0.0, 0.0, 0.0, 0.0, 0.0, 0.0, 0.0, 0.0, 0.0, 0.0, 0.0, 0.0, 0.0, 0.0, 0.0, 0.0, 0.0, 0.0], "FOD p proportion": [0.0, 0.0, 0.0, 0.0, 0.0, 0.0, 0.0, 0.0, 0.0, 0.0, 0.0, 0.0, 0.0, 0.0, 0.0, 0.0, 0.0, 0.0, 0.0, 0.0, 0.0, 0.0, 0.0, 0.0, 0.0, 0.0], "FOD d proportion": [0.0, 0.0, 0.0, 0.0, 0.0, 0.0, 0.0, 0.0, 0.0, 0.0, 0.0, 0.0, 0.0, 0.0, 0.0, 0.0, 0.0, 0.0, 0.0, 0.0, 0.0, 0.0, 0.0, 0.0, 0.0, 0.0], "coordinates": [["-1.32600", "2.34600", "1.34930"], ["-1.99420", "1.09500", "1.51190"], ["-2.04930", "0.35850", "0.17450"], ["-2.79610", "1.18520", "-0.74600"], ["-0.66640", "0.09480", "-0.45760"], ["-0.90980", "-0.57660", "-1.71550"], ["0.25850", "-0.77610", "0.40340"], ["-0.42030", "-2.02580", "0.65850"], ["1.60120", "-1.11850", "-0.27580"], ["2.32020", "-1.97150", "0.64370"], ["2.47430", "0.09530", "-0.59630"], ["2.77560", "0.77540", "0.62230"], ["-1.81300", "2.79450", "0.62880"], ["-3.00570", "1.31290", "1.87100"], ["-1.47550", "0.51750", "2.28110"], ["-2.61490", "-0.57380", "0.28080"], ["-2.62780", "0.79490", "-1.62810"], ["-0.19130", "1.04850", "-0.70840"], ["-1.14880", "-1.49530", "-1.47090"], ["0.44160", "-0.31530", "1.37960"], ["0.28070", "-2.62240", "0.99900"], ["1.43390", "-1.71510", "-1.17890"], ["2.75650", "-1.35620", "1.26990"], ["1.98530", "0.78650", "-1.28750"], ["3.42560", "-0.22960", "-1.02990"], ["3.28590", "1.57130", "0.38500"]], "bond_dist": [[0.0, 1.4275612070941128, 2.419395416214555, 2.8105040010645777, 2.96105744793984, 4.255327512659866, 3.6266893263691613, 4.517757449221904, 4.817905156808299, 5.695037493291857, 4.826312250569787, 4.451790192720227, 0.9784893969788327, 2.0398182737685238, 2.057671922343307, 3.3657372892131674, 3.6007645313183145, 2.6842465665433943, 4.768701455323032, 3.1949719153695235, 5.233468595491903, 5.5228051260206525, 5.511750670159165, 4.511037816290172, 5.905252793911536, 4.774898552849055], [1.4275612070941128, 0.0, 1.5277784590705552, 2.3977681414181817, 2.5772821207621024, 3.792925082307849, 3.1312049996766422, 3.5978945801676847, 4.585014143925839, 5.363883001147583, 5.040972086810241, 4.862563558453504, 1.9237981442968493, 1.0952467621499733, 1.0928058290474112, 2.1646637475598838, 3.2173139371220834, 2.8604794615588487, 4.039981570502519, 2.817724440040225, 4.3883139336196075, 5.185454296394869, 5.3512704968072775, 4.8752674654833035, 6.131031270512327, 5.419983515657589], [2.419395416214555, 1.5277784590705552, 0.0, 1.4451516806204114, 1.5432111035111173, 2.396867176128039, 2.58179263497284, 2.927931606100115, 3.9636409196596003, 4.974090760128931, 4.596342441550672, 4.8635368262201935, 2.4892412860146766, 2.1687997994282457, 2.1891301925650746, 1.0956214400968975, 1.9428005481778101, 2.1697410928495593, 2.637198485135315, 2.847956330423625, 3.872268722596612, 4.273662452744718, 5.2187940072396035, 4.312612335928191, 5.636574401176658, 5.475358721581628], [2.8105040010645777, 2.3977681414181817, 1.4451516806204114, 0.0, 2.4099312874021948, 2.7571719532883687, 3.8076763531056574, 4.234095758246382, 4.98641845616671, 6.170295509130823, 5.383995566491489, 5.751871158153667, 2.333753873055169, 2.628484059301102, 3.369442396005606, 2.044806269552204, 0.9791625963035966, 2.60865553302846, 3.228646395937468, 4.153598066736839, 5.197070424768169, 5.147042111737576, 6.430702413422658, 4.828454193631746, 6.386846572448723, 6.198302849167665], [2.96105744793984, 2.5772821207621024, 1.5432111035111173, 2.4099312874021948, 0.0, 1.446490210820661, 1.5346751512942405, 2.408980859201666, 2.578208271261265, 3.7950279234809323, 3.1437611916301784, 3.6710712836990784, 3.1278325738440667, 3.5183049981489667, 2.8868314446811745, 2.1883584646944843, 2.3889956508959997, 1.0946069340178692, 1.9462540070607435, 2.184296190996084, 3.2251911276698007, 2.864833640894354, 4.099500171972188, 2.863336478655626, 4.144541790113837, 4.302406570746191], [4.255327512659866, 3.792925082307849, 2.396867176128039, 2.7571719532883687, 1.446490210820661, 0.0, 2.4278513854847046, 2.8241223220675127, 2.9447432315908295, 4.236091435509861, 3.6271464073014754, 4.568958962389573, 4.204263067411458, 4.563550077516406, 4.182090728331943, 2.6253737905296455, 2.2000397746404494, 2.0424109943887396, 0.9802855961402269, 3.3873593933918493, 3.601541078482932, 2.660272824354675, 4.791883242525844, 3.2284407412867284, 4.402970533628404, 5.160375291584905], [3.6266893263691613, 3.1312049996766422, 2.58179263497284, 3.8076763531056574, 1.5346751512942405, 2.4278513854847046, 0.0, 1.4448513902820592, 1.5431764934705299, 2.395272873807909, 2.582345385497455, 2.964938763279943, 4.134138576535625, 4.144004391889564, 2.8645966993627567, 2.883120464011173, 3.8633872366098645, 2.1834798922820426, 2.4516815494676303, 1.0949103570612528, 1.94011749386474, 2.1833367697173975, 2.7069064003027514, 2.877968000169564, 3.5190245168228085, 3.8308975554039546], [4.517757449221904, 3.5978945801676847, 2.927931606100115, 4.234095758246382, 2.408980859201666, 2.8241223220675127, 1.4448513902820592, 0.0, 2.4046979082620754, 2.7410778500436646, 3.80161773591191, 4.249918668633554, 5.017547953931282, 4.393332118108076, 3.196037028884365, 2.6584263108087085, 4.249464001494777, 3.3722658703014505, 2.3122471450950046, 2.0466233336889323, 0.9814646249356113, 2.6288078838134976, 3.30366952947779, 4.181250847533547, 4.568147962796302, 5.172025628320107], [4.817905156808299, 4.585014143925839, 3.9636409196596003, 4.98641845616671, 2.578208271261265, 2.9447432315908295, 1.5431764934705299, 2.4046979082620754, 0.0, 1.4457006087015387, 1.5291613060759808, 2.402635257378864, 5.271302666324521, 5.634179958964746, 4.322073171523129, 4.287423568998053, 4.834692942680022, 2.845362544562643, 3.0220427280235467, 2.174891160495164, 2.3728781047495886, 1.0952216487999131, 1.9443270995385524, 2.190911842133316, 2.1650047066923435, 3.2418967858338736], [5.695037493291857, 5.363883001147583, 4.974090760128931, 6.170295509130823, 3.7950279234809323, 4.236091435509861, 2.395272873807909, 2.7410778500436646, 1.4457006087015387, 0.0, 2.415162323737268, 2.7844760243176814, 6.308590987692894, 6.376422151959514, 4.825301881747918, 5.1420301156255395, 6.107106368813303, 4.154059058318743, 4.090508599184214, 2.6103036624117126, 2.1701311365905975, 2.042826328888484, 0.9803459695434056, 3.383527072449694, 2.6565130773252372, 3.6811593309716977], [4.826312250569787, 5.040972086810241, 4.596342441550672, 5.383995566491489, 3.1437611916301784, 3.6271464073014754, 2.582345385497455, 3.80161773591191, 1.5291613060759808, 2.415162323737268, 0.0, 1.427691724427931, 5.212244424429845, 6.131926210417083, 4.904957047722232, 5.207394344583479, 5.252187716561547, 2.8331219546641475, 4.052380427600548, 2.864374706633195, 3.8396297139177364, 2.1678106651642803, 2.3810064111631455, 1.0929939981536951, 1.094778817844043, 1.9494153610762381], [4.451790192720227, 4.862563558453504, 4.8635368262201935, 5.751871158153667, 3.6710712836990784, 4.568958962389573, 2.964938763279943, 4.249918668633554, 2.402635257378864, 2.7844760243176814, 1.427691724427931, 0.0, 5.013188308850965, 5.938988771668119, 4.570555880853006, 5.567266217812832, 5.853324864553478, 3.263103079891899, 4.993844219636812, 2.6852720122922364, 4.232194908082566, 3.35366524566779, 2.2278844516715854, 2.06688977451629, 2.0401690714252094, 0.974768787969742], [0.9784893969788327, 1.9237981442968493, 2.4892412860146766, 2.333753873055169, 3.1278325738440667, 4.204263067411458, 4.134138576535625, 5.017547953931282, 5.271302666324521, 6.308590987692894, 5.212244424429845, 5.013188308850965, 0.0, 2.2717246069891486, 2.833501462854749, 3.479883977950989, 3.1234431017708646, 2.732495330279633, 4.822062397978692, 3.913793280182284, 5.819229617397822, 5.843511877287494, 6.206420059100093, 4.704397153727563, 6.272112599435696, 5.249232123844401], [2.0398182737685238, 1.0952467621499733, 2.1687997994282457, 2.628484059301102, 3.5183049981489667, 4.563550077516406, 4.144004391889564, 4.393332118108076, 5.634179958964746, 6.376422151959514, 6.131926210417083, 5.938988771668119, 2.2717246069891486, 0.0, 1.7726689510452875, 2.498218879521968, 3.557363239816817, 3.8267556859564476, 4.7436652980580325, 3.8440065673721215, 5.200711013890312, 6.179055119514634, 6.378743203798065, 5.9298651089211125, 7.2219212644558795, 6.469868400516351], [2.057671922343307, 1.0928058290474112, 2.1891301925650746, 3.369442396005606, 2.8868314446811745, 4.182090728331943, 2.8645966993627567, 3.196037028884365, 4.322073171523129, 4.825301881747918, 4.904957047722232, 4.570555880853006, 2.833501462854749, 1.7726689510452875, 0.0, 2.547620093342019, 4.0849223603393, 3.2967015166678344, 4.270316233020688, 2.2762975420625486, 3.819291931759079, 5.041895587970858, 4.737415026150865, 4.978393676679256, 5.961682700379148, 5.232267157743381], [3.3657372892131674, 2.1646637475598838, 1.0956214400968975, 2.044806269552204, 2.1883584646944843, 2.6253737905296455, 2.883120464011173, 2.6584263108087085, 4.287423568998053, 5.1420301156255395, 5.207394344583479, 5.567266217812832, 3.479883977950989, 2.498218879521968, 2.547620093342019, 0.0, 2.348915773287753, 3.0796446044957855, 2.4631411551106854, 3.2582780636403634, 3.6189877811343876, 4.452647664030919, 5.517463776954045, 5.04696156315857, 6.190642000632891, 6.279470701420622], [3.6007645313183145, 3.2173139371220834, 1.9428005481778101, 0.9791625963035966, 2.3889956508959997, 2.2000397746404494, 3.8633872366098645, 4.249464001494777, 4.834692942680022, 6.107106368813303, 5.252187716561547, 5.853324864553478, 3.1234431017708646, 3.557363239816817, 4.0849223603393, 2.348915773287753, 0.0, 2.61661867684231, 2.73078173422923, 4.438470422341462, 5.1999005711647985, 4.795757242605176, 6.481999822585618, 4.6256643339092385, 6.1685569665846485, 6.295015191403433], [2.6842465665433943, 2.8604794615588487, 2.1697410928495593, 2.60865553302846, 1.0946069340178692, 2.0424109943887396, 2.1834798922820426, 3.3722658703014505, 2.845362544562643, 4.154059058318743, 2.8331219546641475, 3.263103079891899, 2.732495330279633, 3.8267556859564476, 3.2967015166678344, 3.0796446044957855, 2.61661867684231, 0.0, 2.8229649200795963, 2.5729859793632768, 4.075966826410637, 3.2403904471529357, 4.28786401603409, 2.267507082679126, 3.84952821395038, 3.682358380168883], [4.768701455323032, 4.039981570502519, 2.637198485135315, 3.228646395937468, 1.9462540070607435, 0.9802855961402269, 2.4516815494676303, 2.3122471450950046, 3.0220427280235467, 4.090508599184214, 4.052380427600548, 4.993844219636812, 4.822062397978692, 4.7436652980580325, 4.270316233020688, 2.4631411551106854, 2.73078173422923, 2.8229649200795963, 0.0, 3.470896485059732, 3.0682618320475843, 2.6084315843050208, 4.773122828924477, 3.8810861379258257, 4.766719296329501, 5.702189444415188], [3.1949719153695235, 2.817724440040225, 2.847956330423625, 4.153598066736839, 2.184296190996084, 3.3873593933918493, 1.0949103570612528, 2.0466233336889323, 2.174891160495164, 2.6103036624117126, 2.864374706633195, 2.6852720122922364, 3.913793280182284, 3.8440065673721215, 2.2762975420625486, 3.2582780636403634, 4.438470422341462, 2.5729859793632768, 3.470896485059732, 0.0, 2.3438121895749235, 3.0805878627300993, 2.5405253216608568, 3.2726740350972934, 3.8363121275516674, 3.5550711961928414], [5.233468595491903, 4.3883139336196075, 3.872268722596612, 5.197070424768169, 3.2251911276698007, 3.601541078482932, 1.94011749386474, 0.9814646249356113, 2.3728781047495886, 2.1701311365905975, 3.8396297139177364, 4.232194908082566, 5.819229617397822, 5.200711013890312, 3.819291931759079, 3.6189877811343876, 5.1999005711647985, 4.075966826410637, 3.0682618320475843, 2.3438121895749235, 0.0, 2.626083003257894, 2.7939640101475893, 4.444585764725437, 4.44210795231273, 5.195704257364924], [5.5228051260206525, 5.185454296394869, 4.273662452744718, 5.147042111737576, 2.864833640894354, 2.660272824354675, 2.1833367697173975, 2.6288078838134976, 1.0952216487999131, 2.042826328888484, 2.1678106651642803, 3.35366524566779, 5.843511877287494, 6.179055119514634, 5.041895587970858, 4.452647664030919, 4.795757242605176, 3.2403904471529357, 2.6084315843050208, 3.0805878627300993, 2.626083003257894, 0.0, 2.8061898385533364, 2.563949781099466, 2.4891324070848464, 4.0836395739585045], [5.511750670159165, 5.3512704968072775, 5.2187940072396035, 6.430702413422658, 4.099500171972188, 4.791883242525844, 2.7069064003027514, 3.30366952947779, 1.9443270995385524, 0.9803459695434056, 2.3810064111631455, 2.2278844516715854, 6.206420059100093, 6.378743203798065, 4.737415026150865, 5.517463776954045, 6.481999822585618, 4.28786401603409, 4.773122828924477, 2.5405253216608568, 2.7939640101475893, 2.8061898385533364, 0.0, 3.424355047304529, 2.6468854168626192, 3.1037990624394487], [4.511037816290172, 4.8752674654833035, 4.312612335928191, 4.828454193631746, 2.863336478655626, 3.2284407412867284, 2.877968000169564, 4.181250847533547, 2.190911842133316, 3.383527072449694, 1.0929939981536951, 2.06688977451629, 4.704397153727563, 5.9298651089211125, 4.978393676679256, 5.04696156315857, 4.6256643339092385, 2.267507082679126, 3.8810861379258257, 3.2726740350972934, 4.444585764725437, 2.563949781099466, 3.424355047304529, 0.0, 1.7813705566220635, 2.259364434968383], [5.905252793911536, 6.131031270512327, 5.636574401176658, 6.386846572448723, 4.144541790113837, 4.402970533628404, 3.5190245168228085, 4.568147962796302, 2.1650047066923435, 2.6565130773252372, 1.094778817844043, 2.0401690714252094, 6.272112599435696, 7.2219212644558795, 5.961682700379148, 6.190642000632891, 6.1685569665846485, 3.84952821395038, 4.766719296329501, 3.8363121275516674, 4.44210795231273, 2.4891324070848464, 2.6468854168626192, 1.7813705566220635, 0.0, 2.294493170615245], [4.774898552849055, 5.419983515657589, 5.475358721581628, 6.198302849167665, 4.302406570746191, 5.160375291584905, 3.8308975554039546, 5.172025628320107, 3.2418967858338736, 3.6811593309716977, 1.9494153610762381, 0.974768787969742, 5.249232123844401, 6.469868400516351, 5.232267157743381, 6.279470701420622, 6.295015191403433, 3.682358380168883, 5.702189444415188, 3.5550711961928414, 5.195704257364924, 4.0836395739585045, 3.1037990624394487, 2.259364434968383, 2.294493170615245, 0.0]]}