{"total energy": -30.37496789, "HOMO-LUMO gap/eV": 11.76774924, "electronic energy": -30.76295734, "dipole": [-0.00732115, -0.55868072, 0.30799036], "partial charges": [-0.09972243, -0.05196931, -0.0577586, -0.06191279, -0.01862583, -0.05562937, -0.09961433, 0.08613664, -0.44117899, 0.03106029, 0.03137905, 0.03173742, 0.0277423, 0.03063637, 0.03316287, 0.02647095, 0.02880789, 0.04664699, 0.02857927, 0.04695706, 0.02883447, 0.03440125, 0.0325703, 0.02934261, 0.01484993, 0.01693009, 0.2801659], "atomic dipole moments": [[-0.08769022, 0.04434611, -0.02155771], [0.00755599, -0.09402085, 0.0595917], [-0.01129732, 0.09305611, -0.06089633], [-0.00431026, -0.10752199, 0.04687062], [-0.00340244, 0.06698271, 0.06418228], [0.00688965, -0.10929535, 0.0501354], [0.08881181, 0.04936111, -0.01650327], [-0.0030886, 0.19349467, 0.02728735], [0.00337774, -0.24408135, 0.0192], [0.09430551, 0.06476309, -0.04926337], [0.00504566, -0.11642166, -0.04700029], [0.01901083, -0.00656178, 0.12411935], [-0.00869299, 0.00923328, -0.12253307], [0.00442838, 0.11620097, 0.04302296], [0.01546717, -0.00849154, 0.12305368], [-0.00096565, -0.11571682, -0.04292253], [-0.00384022, 0.02122042, -0.11997978], [0.00045249, 0.11852072, 0.04939408], [0.00497343, -0.10858045, -0.05720743], [-0.0130522, 0.11786633, 0.04867158], [0.00664784, 0.01995167, -0.11934349], [-0.03199518, -0.00427989, 0.12179534], [-0.09331708, 0.05843027, -0.05758838], [0.00472786, -0.11655508, -0.04591789], [0.09111524, -0.05600322, 0.04609725], [-0.09260227, -0.05891829, 0.03921418], [-0.00229586, -0.02948179, 0.07407875]], "atomic quadrupole moments": [[0.15423893, -0.13008693, -0.04790979, 0.0606141, -0.04090879, -0.10632914], [0.22874267, -0.01253365, -0.06821302, -0.02895946, -0.11125799, -0.16052965], [0.21468431, -0.00375178, -0.05383642, -0.04250024, -0.11902562, -0.16084789], [0.2382997, 0.00657802, -0.06337695, 0.00315234, -0.10509405, -0.17492276], [0.0685174, 0.0107155, -0.12584906, 0.00369811, -0.13025681, 0.05733166], [0.2337999, 0.02572445, -0.06349182, 0.02416097, -0.09994444, -0.17030808], [0.13105447, 0.14206084, -0.02358996, -0.03603425, -0.03836057, -0.10746451], [-0.30806465, -0.01967821, 0.2242475, -0.018409, 0.26712397, 0.08381715], [-0.12613146, -0.00775081, 0.13721236, -0.00586333, 0.08926189, -0.01108091], [0.02999036, 0.04315981, -0.00198068, -0.03462108, -0.03750956, -0.02800968], [-0.03372397, 0.00240011, 0.06037353, 0.01317655, 0.04633237, -0.02664956], [-0.0356646, -0.01196488, -0.04490316, 0.0053945, -0.00119415, 0.08056776], [-0.01558542, 0.00086741, -0.03992011, 0.0096834, 0.00420688, 0.05550553], [-0.01729717, -0.00037277, 0.03584125, -0.00202271, 0.03932739, -0.01854407], [-0.01809404, 0.00088894, -0.03698205, 0.00224712, 0.00350933, 0.05507608], [-0.02127282, 0.00312436, 0.03777074, -0.0007831, 0.04019491, -0.01649792], [-0.01167346, 0.00089525, -0.04687889, 0.00443234, -0.00286252, 0.05855236], [-0.01587535, -0.00460397, 0.02322451, 0.00203645, 0.04514302, -0.00734916], [-0.02571013, -0.00236818, 0.02969597, -0.00129017, 0.023205, -0.00398584], [-0.01370907, 0.00150922, 0.02354629, -0.00353331, 0.04570206, -0.00983722], [-0.00555594, 0.00233066, -0.05028385, -0.01184427, -0.00446331, 0.05583979], [-0.03523631, 0.01322796, -0.0431162, -0.01025222, -0.00082013, 0.07835251], [0.02723913, -0.03805681, -0.0095457, 0.03914627, -0.04246919, -0.01769344], [-0.03097004, -0.01247468, 0.06169073, -0.01558407, 0.04455789, -0.03072069], [0.02705656, -0.03632732, -0.00806123, 0.01469124, 0.01656353, -0.01899533], [0.02696526, 0.03599808, -0.00554904, -0.0114318, 0.01863781, -0.02141622], [-0.09267681, 0.00015023, -0.03737153, -0.00788502, -0.02958454, 0.13004834]], "number of molecular orbitals": 54, "number of electrons": 56, "number of unpaired electrons": 0, "orbital energies/eV": [-18.49591742, -17.10625671, -16.74096514, -16.43157932, -16.31287888, -15.84442133, -15.37319657, -15.2069131, -14.95615133, -14.9028428, -14.26117968, -13.98537714, -13.68693757, -13.46826987, -13.2810722, -13.15157534, -12.954479, -12.77573535, -12.44188684, -12.36953835, -12.1424598, -11.79878525, -11.66409115, -11.44189246, -11.41476471, -11.342978, -11.27627664, -10.88845239, 0.87929685, 1.63388334, 2.1644924, 2.28183272, 3.09266112, 3.24882681, 3.62311643, 3.6864696, 3.89325091, 4.07693857, 4.39137807, 4.48648813, 4.80572813, 4.96118128, 5.08559276, 5.61312474, 5.88323584, 6.02988734, 6.53268639, 6.98983805, 7.09084708, 7.21292469, 7.5222377, 7.62492782, 7.97231452, 8.52548085], "fractional occupation": [2.0, 2.0, 2.0, 2.0, 2.0, 2.0, 2.0, 2.0, 2.0, 2.0, 2.0, 2.0, 2.0, 2.0, 2.0, 2.0, 2.0, 2.0, 2.0, 2.0, 2.0, 2.0, 2.0, 2.0, 2.0, 2.0, 2.0, 2.0, 0.0, 0.0, 0.0, 0.0, 0.0, 0.0, 0.0, 0.0, 0.0, 0.0, 0.0, 0.0, 0.0, 0.0, 0.0, 0.0, 0.0, 0.0, 0.0, 0.0, 0.0, 0.0, 0.0, 0.0, 0.0, 0.0], "program call": "xtb /home/svss/Project-DBcg-Debug/aqme2_20220329/End-to-End-workflows-final/example-3/QDESCP/mol_1056_rdkit_conf_1/mol_1056_rdkit_conf_1.xyz --pop --wbo --acc 0.2 --gfn 2 --chrg 0 --uhf 0 --etemp 300 --input /home/svss/Project-DBcg-Debug/aqme2_20220329/End-to-End-workflows-final/example-3/QDESCP/mol_1056_rdkit_conf_1/mol_1056_rdkit_conf_1_xtb.inp", "method": "GFN2-xTB", "xtb version": "6.3.3 (7355c4f)", "Dipole module/D": 1.622, "Total charge": 0, "Transition dipole module/D": NaN, "HOMO": -10.8885, "LUMO": 0.8793, "HOMO occupancy": 2.0, "LUMO occupancy": 0, "mulliken charges": [-0.08364, -0.03766, -0.04817, -0.0469, -0.01706, -0.03987, -0.08532, 0.19293, -0.569, 0.02773, 0.02542, 0.02621, 0.0211, 0.02404, 0.02526, 0.01818, 0.02115, 0.03769, 0.01682, 0.03738, 0.02075, 0.02893, 0.02897, 0.02234, 0.00846, 0.00892, 0.33534], "cm5 charges": [-0.234, -0.1503, -0.15894, -0.15445, -0.08453, -0.14932, -0.23575, 0.10756, -0.78488, 0.07851, 0.07671, 0.0775, 0.0758, 0.07876, 0.0819, 0.07371, 0.077, 0.0957, 0.07596, 0.09474, 0.07584, 0.08125, 0.07976, 0.07383, 0.0718, 0.07227, 0.50359], "FUKUI+": [0.007, -0.01, -0.011, -0.019, -0.026, -0.011, 0.013, -0.001, -0.074, -0.055, -0.031, -0.029, -0.037, -0.034, -0.036, -0.042, -0.053, -0.046, -0.075, -0.04, -0.047, -0.029, -0.059, -0.035, -0.06, -0.069, -0.091], "FUKUI-": [0.017, 0.005, 0.006, 0.008, -0.003, 0.002, 0.015, 0.021, -0.082, -0.053, -0.056, -0.048, -0.071, -0.069, -0.054, -0.058, -0.042, -0.038, -0.037, -0.057, -0.052, -0.043, -0.053, -0.057, -0.075, -0.081, -0.046], "FUKUIrad": [0.012, -0.002, -0.002, -0.006, -0.015, -0.005, 0.014, 0.01, -0.078, -0.054, -0.043, -0.039, -0.054, -0.052, -0.045, -0.05, -0.047, -0.042, -0.056, -0.049, -0.049, -0.036, -0.056, -0.046, -0.067, -0.075, -0.069], "s proportion": [1.007, 1.027, 1.032, 1.036, 1.061, 1.031, 1.008, 0.992, 1.694, 0.972, 0.975, 0.974, 0.979, 0.976, 0.975, 0.982, 0.979, 0.962, 0.983, 0.963, 0.979, 0.971, 0.971, 0.978, 0.992, 0.991, 0.665], "p proportion": [3.076, 3.01, 3.016, 3.011, 2.956, 3.009, 3.078, 2.815, 4.875, 0.0, 0.0, 0.0, 0.0, 0.0, 0.0, 0.0, 0.0, 0.0, 0.0, 0.0, 0.0, 0.0, 0.0, 0.0, 0.0, 0.0, 0.0], "d proportion": [0.0, 0.0, 0.0, 0.0, 0.0, 0.0, 0.0, 0.0, 0.0, 0.0, 0.0, 0.0, 0.0, 0.0, 0.0, 0.0, 0.0, 0.0, 0.0, 0.0, 0.0, 0.0, 0.0, 0.0, 0.0, 0.0, 0.0], "Fermi-level/eV": -5.0046, "Coordination numbers": [3.75, 3.8, 3.8, 3.802, 3.846, 3.8, 3.748, 3.674, 1.653, 0.924, 0.924, 0.924, 0.924, 0.924, 0.924, 0.924, 0.923, 0.924, 0.923, 0.924, 0.924, 0.924, 0.924, 0.924, 0.924, 0.924, 0.804], "Dispersion coefficient C6": [22.468, 21.508, 21.613, 21.689, 20.875, 21.574, 22.469, 19.371, 21.666, 2.572, 2.567, 2.562, 2.619, 2.578, 2.542, 2.637, 2.604, 2.362, 2.607, 2.358, 2.603, 2.525, 2.55, 2.596, 2.813, 2.78, 0.784], "Total dispersion C6": 4864.736316, "Total dispersion C8": 100849.538347, "Polarizability alpha": [6.76, 6.603, 6.619, 6.63, 6.499, 6.613, 6.761, 6.307, 6.283, 2.508, 2.506, 2.503, 2.531, 2.511, 2.493, 2.54, 2.523, 2.404, 2.525, 2.402, 2.523, 2.485, 2.497, 2.52, 2.623, 2.608, 1.391], "Total polarizability alpha": 103.167043, "Wiberg matrix": [[0.0, 1.0201325117902054, 0.0, 0.0, 0.0, 0.0, 0.0, 0.0, 0.0, 0.9873720910773269, 0.9877417880136936, 0.9877163728373136, 0.0, 0.0, 0.0, 0.0, 0.0, 0.0, 0.0, 0.0, 0.0, 0.0, 0.0, 0.0, 0.0, 0.0, 0.0], [1.0201325117902054, 0.0, 1.006976709609486, 0.0, 0.0, 0.0, 0.0, 0.0, 0.0, 0.0, 0.0, 0.0, 0.9779368008135089, 0.9781026380353656, 0.0, 0.0, 0.0, 0.0, 0.0, 0.0, 0.0, 0.0, 0.0, 0.0, 0.0, 0.0, 0.0], [0.0, 1.006976709609486, 0.0, 1.0076917476879108, 0.0, 0.0, 0.0, 0.0, 0.0, 0.0, 0.0, 0.0, 0.0, 0.0, 0.9749985450213446, 0.9772836650311477, 0.0, 0.0, 0.0, 0.0, 0.0, 0.0, 0.0, 0.0, 0.0, 0.0, 0.0], [0.0, 0.0, 1.0076917476879108, 0.0, 0.9934345801777194, 0.0, 0.0, 0.0, 0.0, 0.0, 0.0, 0.0, 0.0, 0.0, 0.0, 0.0, 0.9756925057079409, 0.9762245599148429, 0.0, 0.0, 0.0, 0.0, 0.0, 0.0, 0.0, 0.0, 0.0], [0.0, 0.0, 0.0, 0.9934345801777194, 0.0, 0.9938690521423306, 0.0, 0.9948202508323543, 0.0, 0.0, 0.0, 0.0, 0.0, 0.0, 0.0, 0.0, 0.0, 0.0, 0.966965186042605, 0.0, 0.0, 0.0, 0.0, 0.0, 0.0, 0.0, 0.0], [0.0, 0.0, 0.0, 0.0, 0.9938690521423306, 0.0, 1.0205159495738172, 0.0, 0.0, 0.0, 0.0, 0.0, 0.0, 0.0, 0.0, 0.0, 0.0, 0.0, 0.0, 0.9766718541504371, 0.9771127866259539, 0.0, 0.0, 0.0, 0.0, 0.0, 0.0], [0.0, 0.0, 0.0, 0.0, 0.0, 1.0205159495738172, 0.0, 0.0, 0.0, 0.0, 0.0, 0.0, 0.0, 0.0, 0.0, 0.0, 0.0, 0.0, 0.0, 0.0, 0.0, 0.9857230140264969, 0.9867591420159625, 0.9874819005823346, 0.0, 0.0, 0.0], [0.0, 0.0, 0.0, 0.0, 0.9948202508323543, 0.0, 0.0, 0.0, 0.9903201933250833, 0.0, 0.0, 0.0, 0.0, 0.0, 0.0, 0.0, 0.0, 0.0, 0.0, 0.0, 0.0, 0.0, 0.0, 0.0, 0.9697633004770613, 0.9698251814889549, 0.0], [0.0, 0.0, 0.0, 0.0, 0.0, 0.0, 0.0, 0.9903201933250833, 0.0, 0.0, 0.0, 0.0, 0.0, 0.0, 0.0, 0.0, 0.0, 0.0, 0.0, 0.0, 0.0, 0.0, 0.0, 0.0, 0.0, 0.0, 0.9087783240837258], [0.9873720910773269, 0.0, 0.0, 0.0, 0.0, 0.0, 0.0, 0.0, 0.0, 0.0, 0.0, 0.0, 0.0, 0.0, 0.0, 0.0, 0.0, 0.0, 0.0, 0.0, 0.0, 0.0, 0.0, 0.0, 0.0, 0.0, 0.0], [0.9877417880136936, 0.0, 0.0, 0.0, 0.0, 0.0, 0.0, 0.0, 0.0, 0.0, 0.0, 0.0, 0.0, 0.0, 0.0, 0.0, 0.0, 0.0, 0.0, 0.0, 0.0, 0.0, 0.0, 0.0, 0.0, 0.0, 0.0], [0.9877163728373136, 0.0, 0.0, 0.0, 0.0, 0.0, 0.0, 0.0, 0.0, 0.0, 0.0, 0.0, 0.0, 0.0, 0.0, 0.0, 0.0, 0.0, 0.0, 0.0, 0.0, 0.0, 0.0, 0.0, 0.0, 0.0, 0.0], [0.0, 0.9779368008135089, 0.0, 0.0, 0.0, 0.0, 0.0, 0.0, 0.0, 0.0, 0.0, 0.0, 0.0, 0.0, 0.0, 0.0, 0.0, 0.0, 0.0, 0.0, 0.0, 0.0, 0.0, 0.0, 0.0, 0.0, 0.0], [0.0, 0.9781026380353656, 0.0, 0.0, 0.0, 0.0, 0.0, 0.0, 0.0, 0.0, 0.0, 0.0, 0.0, 0.0, 0.0, 0.0, 0.0, 0.0, 0.0, 0.0, 0.0, 0.0, 0.0, 0.0, 0.0, 0.0, 0.0], [0.0, 0.0, 0.9749985450213446, 0.0, 0.0, 0.0, 0.0, 0.0, 0.0, 0.0, 0.0, 0.0, 0.0, 0.0, 0.0, 0.0, 0.0, 0.0, 0.0, 0.0, 0.0, 0.0, 0.0, 0.0, 0.0, 0.0, 0.0], [0.0, 0.0, 0.9772836650311477, 0.0, 0.0, 0.0, 0.0, 0.0, 0.0, 0.0, 0.0, 0.0, 0.0, 0.0, 0.0, 0.0, 0.0, 0.0, 0.0, 0.0, 0.0, 0.0, 0.0, 0.0, 0.0, 0.0, 0.0], [0.0, 0.0, 0.0, 0.9756925057079409, 0.0, 0.0, 0.0, 0.0, 0.0, 0.0, 0.0, 0.0, 0.0, 0.0, 0.0, 0.0, 0.0, 0.0, 0.0, 0.0, 0.0, 0.0, 0.0, 0.0, 0.0, 0.0, 0.0], [0.0, 0.0, 0.0, 0.9762245599148429, 0.0, 0.0, 0.0, 0.0, 0.0, 0.0, 0.0, 0.0, 0.0, 0.0, 0.0, 0.0, 0.0, 0.0, 0.0, 0.0, 0.0, 0.0, 0.0, 0.0, 0.0, 0.0, 0.0], [0.0, 0.0, 0.0, 0.0, 0.966965186042605, 0.0, 0.0, 0.0, 0.0, 0.0, 0.0, 0.0, 0.0, 0.0, 0.0, 0.0, 0.0, 0.0, 0.0, 0.0, 0.0, 0.0, 0.0, 0.0, 0.0, 0.0, 0.0], [0.0, 0.0, 0.0, 0.0, 0.0, 0.9766718541504371, 0.0, 0.0, 0.0, 0.0, 0.0, 0.0, 0.0, 0.0, 0.0, 0.0, 0.0, 0.0, 0.0, 0.0, 0.0, 0.0, 0.0, 0.0, 0.0, 0.0, 0.0], [0.0, 0.0, 0.0, 0.0, 0.0, 0.9771127866259539, 0.0, 0.0, 0.0, 0.0, 0.0, 0.0, 0.0, 0.0, 0.0, 0.0, 0.0, 0.0, 0.0, 0.0, 0.0, 0.0, 0.0, 0.0, 0.0, 0.0, 0.0], [0.0, 0.0, 0.0, 0.0, 0.0, 0.0, 0.9857230140264969, 0.0, 0.0, 0.0, 0.0, 0.0, 0.0, 0.0, 0.0, 0.0, 0.0, 0.0, 0.0, 0.0, 0.0, 0.0, 0.0, 0.0, 0.0, 0.0, 0.0], [0.0, 0.0, 0.0, 0.0, 0.0, 0.0, 0.9867591420159625, 0.0, 0.0, 0.0, 0.0, 0.0, 0.0, 0.0, 0.0, 0.0, 0.0, 0.0, 0.0, 0.0, 0.0, 0.0, 0.0, 0.0, 0.0, 0.0, 0.0], [0.0, 0.0, 0.0, 0.0, 0.0, 0.0, 0.9874819005823346, 0.0, 0.0, 0.0, 0.0, 0.0, 0.0, 0.0, 0.0, 0.0, 0.0, 0.0, 0.0, 0.0, 0.0, 0.0, 0.0, 0.0, 0.0, 0.0, 0.0], [0.0, 0.0, 0.0, 0.0, 0.0, 0.0, 0.0, 0.9697633004770613, 0.0, 0.0, 0.0, 0.0, 0.0, 0.0, 0.0, 0.0, 0.0, 0.0, 0.0, 0.0, 0.0, 0.0, 0.0, 0.0, 0.0, 0.0, 0.0], [0.0, 0.0, 0.0, 0.0, 0.0, 0.0, 0.0, 0.9698251814889549, 0.0, 0.0, 0.0, 0.0, 0.0, 0.0, 0.0, 0.0, 0.0, 0.0, 0.0, 0.0, 0.0, 0.0, 0.0, 0.0, 0.0, 0.0, 0.0], [0.0, 0.0, 0.0, 0.0, 0.0, 0.0, 0.0, 0.0, 0.9087783240837258, 0.0, 0.0, 0.0, 0.0, 0.0, 0.0, 0.0, 0.0, 0.0, 0.0, 0.0, 0.0, 0.0, 0.0, 0.0, 0.0, 0.0, 0.0]], "Born radii": [], "Atomic SASAs": [], "Solvent H bonds": [], "Total SASA": NaN, "Total FOD": 0.0, "FOD": [0.0, 0.0, 0.0, 0.0, 0.0, 0.0, 0.0, 0.0, 0.0, 0.0, 0.0, 0.0, 0.0, 0.0, 0.0, 0.0, 0.0, 0.0, 0.0, 0.0, 0.0, 0.0, 0.0, 0.0, 0.0, 0.0, 0.0], "FOD s proportion": [0.0, 0.0, 0.0, 0.0, 0.0, 0.0, 0.0, 0.0, 0.0, 0.0, 0.0, 0.0, 0.0, 0.0, 0.0, 0.0, 0.0, 0.0, 0.0, 0.0, 0.0, 0.0, 0.0, 0.0, 0.0, 0.0, 0.0], "FOD p proportion": [0.0, 0.0, 0.0, 0.0, 0.0, 0.0, 0.0, 0.0, 0.0, 0.0, 0.0, 0.0, 0.0, 0.0, 0.0, 0.0, 0.0, 0.0, 0.0, 0.0, 0.0, 0.0, 0.0, 0.0, 0.0, 0.0, 0.0], "FOD d proportion": [0.0, 0.0, 0.0, 0.0, 0.0, 0.0, 0.0, 0.0, 0.0, 0.0, 0.0, 0.0, 0.0, 0.0, 0.0, 0.0, 0.0, 0.0, 0.0, 0.0, 0.0, 0.0, 0.0, 0.0, 0.0, 0.0, 0.0], "coordinates": [["4.01690", "-0.20450", "-0.40530"], ["2.69910", "0.47760", "-0.73640"], ["1.50990", "-0.28600", "-0.15080"], ["0.18660", "0.41080", "-0.48250"], ["-1.06540", "-0.39090", "-0.05360"], ["-2.31910", "0.34790", "-0.57580"], ["-3.62020", "-0.40820", "-0.34590"], ["-1.11910", "-0.62950", "1.46350"], ["-1.16650", "0.60470", "2.16480"], ["4.85270", "0.35720", "-0.83400"], ["4.04590", "-1.22030", "-0.81230"], ["4.16710", "-0.26340", "0.67740"], ["2.59630", "0.54990", "-1.82540"], ["2.71450", "1.50070", "-0.34300"], ["1.63610", "-0.35860", "0.93490"], ["1.49830", "-1.30770", "-0.54890"], ["0.14310", "0.57280", "-1.56760"], ["0.17320", "1.40570", "-0.01970"], ["-1.02280", "-1.37250", "-0.54410"], ["-2.39550", "1.34150", "-0.11800"], ["-2.21230", "0.50980", "-1.65590"], ["-3.87230", "-0.46280", "0.71690"], ["-4.44490", "0.10430", "-0.85190"], ["-3.55980", "-1.42610", "-0.74360"], ["-0.24350", "-1.18920", "1.80560"], ["-1.99970", "-1.21800", "1.73840"], ["-1.19870", "0.39340", "3.11330"]], "bond_dist": [[0.0, 1.5203566884122948, 2.5212023917170945, 3.8801742254697786, 5.097863389695727, 6.36231970353581, 7.6400470194888195, 5.481927985663437, 5.841905015489382, 1.0944643530056153, 1.094687005495178, 1.0946545299773804, 2.145671859814543, 2.146586613672972, 2.7364377372781568, 2.7533646979650186, 4.118429678894614, 4.185147678397979, 5.175139179770917, 6.602388283795493, 6.393524653115838, 7.972799280679277, 8.479202099254387, 7.682000803176215, 4.8998694941804315, 6.467001430338485, 6.319850768016599], [1.5203566884122948, 0.0, 1.529774153265769, 2.5261796650278066, 3.9232599123687946, 5.022444194811925, 6.393018409171055, 4.543553857939839, 4.834871167880278, 2.159169951624929, 2.168523797425336, 2.168625241944767, 1.0962281377523568, 1.0962364389127008, 2.1499867743779264, 2.159715948915505, 2.6894409233147325, 2.7848158484898065, 4.16081589474949, 5.204199355328349, 4.996835703722908, 6.795567011662824, 7.154678828570853, 6.542014578094427, 4.230706914925684, 5.574801865537466, 5.4790623805538115], [2.5212023917170945, 1.529774153265769, 0.0, 1.5318870780837603, 2.57926771390641, 3.904317508861184, 5.135262686562393, 3.10412592205922, 3.649447466398167, 3.471999470046042, 2.7824080829382303, 2.7833680748330787, 2.164088475548077, 2.163399845151145, 1.0954184999350705, 1.096580621751087, 2.1477900083574277, 2.1600469879148463, 2.7838348424430643, 4.231073297639737, 4.093091312199131, 5.454561244499873, 6.0086203358175325, 5.23001892348393, 2.778071770131218, 4.0932863080903585, 4.295631167826214], [3.8801742254697786, 2.5261796650278066, 1.5318870780837603, 0.0, 1.54731447999429, 2.508225227127739, 3.8962991158277362, 2.5639798322139744, 2.9793747850849512, 4.679627594157466, 4.202790946502097, 4.20051114746765, 2.7621338327459806, 2.756378179785931, 2.1684209393012233, 2.1629165725935895, 1.0979882786259607, 1.0973556442648844, 2.15559778483835, 2.7688089767985082, 2.6723378846994628, 4.321620822099042, 4.656306568515436, 4.18065638147887, 2.8249579855282803, 3.516431989958003, 3.8534577317001935], [5.097863389695727, 3.9232599123687946, 2.57926771390641, 1.54731447999429, 0.0, 1.5460536762997592, 2.571525154456009, 1.536686714981294, 2.433667834771212, 6.016027375270161, 5.233442245788139, 5.284853214612493, 4.175215775262399, 4.2366905633996925, 2.8768520625850753, 2.767381798740463, 2.1636510670623395, 2.1824414608415044, 1.0981546202607355, 2.185068220902954, 2.1665653440411163, 2.911619389618087, 3.5076382624210267, 2.787430788378431, 2.183901815558566, 2.18363799655529, 3.265294931549063], [6.36231970353581, 5.022444194811925, 3.904317508861184, 2.508225227127739, 1.5460536762997592, 0.0, 1.5223016882339715, 2.5600889144715264, 2.984178506725092, 7.176452394463436, 6.5596042937055286, 6.634379275410775, 5.075771992515031, 5.169165565156527, 4.292430987214589, 4.1610428656768255, 2.6639587252808554, 2.764009287249231, 2.154338585273912, 1.0966579959130376, 1.0973758973113996, 2.177323591017192, 2.157451693549591, 2.1713059042889373, 3.5130980245361787, 2.812397697694976, 3.8557522249231733], [7.6400470194888195, 6.393018409171055, 5.135262686562393, 3.8962991158277362, 2.571525154456009, 1.5223016882339715, 0.0, 3.09489955572067, 3.6537959152092774, 8.521391504912797, 7.7230903516662295, 7.855580896407344, 6.461559263057176, 6.616066180896318, 5.410323325828134, 5.2008991049625255, 4.076437020242064, 4.217407166731712, 2.777704896132777, 2.147854415457435, 2.1309637279878793, 1.093654154657678, 1.0949074572766408, 1.0945016491536228, 4.079340159878801, 2.7615399290975313, 4.297940140346303], [5.481927985663437, 4.543553857939839, 3.10412592205922, 2.5639798322139744, 1.536686714981294, 2.5600889144715264, 3.09489955572067, 0.0, 1.4203232343378742, 6.474139199924574, 5.674992095148679, 5.3568547544244645, 5.10020045978587, 4.743172277073646, 2.8184981479504296, 3.3705328599495954, 3.4966042584198744, 2.8305406850988732, 2.1428440097216597, 2.831109360303837, 3.496247572755682, 2.8575007769027816, 4.118310969317397, 3.3856872950702344, 1.0940620914737882, 1.0942388313343663, 1.942807404247781], [5.841905015489382, 4.834871167880278, 3.649447466398167, 2.9793747850849512, 2.433667834771212, 2.984178506725092, 3.6537959152092774, 1.4203232343378742, 0.0, 6.729400146372631, 6.273983038708345, 5.604752031089332, 5.484830254438144, 4.706807606010681, 3.2086083681247235, 4.257064773996281, 3.955613672996897, 2.684853318153526, 3.356800372378435, 2.6952719862752255, 3.962379605741984, 3.249203640894181, 4.483166917481436, 4.279114872260384, 2.0491536911613046, 2.0489691286107754, 0.972284310271435], [1.0944643530056153, 2.159169951624929, 3.471999470046042, 4.679627594157466, 6.016027375270161, 7.176452394463436, 8.521391504912797, 6.474139199924574, 6.729400146372631, 0.0, 1.771977251546983, 1.7718695437305763, 2.472114117511568, 2.4739790803480934, 3.7400390920416857, 3.755685474051308, 4.771266548831662, 4.864170740218727, 6.131672231129122, 7.349687457980781, 7.11428361607829, 8.899624475785481, 9.30105610025012, 8.59991205187588, 5.943912479167236, 7.486914087927014, 7.2250902894012325], [1.094687005495178, 2.168523797425336, 2.7824080829382303, 4.202790946502097, 5.233442245788139, 6.5596042937055286, 7.7230903516662295, 5.674992095148679, 6.273983038708345, 1.771977251546983, 0.0, 1.7746980419214984, 2.5022629378224823, 3.065405266844826, 3.098769234712388, 2.562671278178299, 4.360909714726962, 4.745723975327684, 5.0780720524624305, 6.9668146013798875, 6.547516644499653, 8.100009267278649, 8.593591679850748, 7.60879397933733, 5.025268150059258, 6.561657956644798, 6.746865361780981], [1.0946545299773804, 2.168625241944767, 2.7833680748330787, 4.20051114746765, 5.284853214612493, 6.634379275410775, 7.855580896407344, 5.3568547544244645, 5.604752031089332, 1.7718695437305763, 1.7746980419214984, 0.0, 3.0647801503533656, 2.5026609298904234, 2.545845692495914, 3.1171890574682823, 4.683143329004569, 4.384413350723218, 5.445844936279401, 6.802652712729057, 6.8365833199047605, 8.041969470844814, 8.75445633834563, 7.9420460776804855, 4.64578661154384, 6.32980287212801, 5.929317388199084], [2.145671859814543, 1.0962281377523568, 2.164088475548077, 2.7621338327459806, 4.175215775262399, 5.075771992515031, 6.461559263057176, 5.10020045978587, 5.484830254438144, 2.472114117511568, 2.5022629378224823, 3.0647801503533656, 0.0, 1.7650783665322058, 3.0604921793724618, 2.507136615743147, 2.4668148471257423, 3.1407578289323737, 4.293627401160934, 5.334783272073945, 4.811753549383011, 7.023648378157893, 7.12213163666609, 6.555336333858088, 4.926773168109123, 6.078598263580181, 6.230351108886239], [2.146586613672972, 1.0962364389127008, 2.163399845151145, 2.756378179785931, 4.2366905633996925, 5.169165565156527, 6.616066180896318, 4.743172277073646, 4.706807606010681, 2.4739790803480934, 3.065405266844826, 2.5026609298904234, 1.7650783665322058, 0.0, 2.50059422138019, 3.0673519214462495, 2.9954534765207086, 2.563543169131349, 4.718382216395786, 5.117428029782149, 5.1941262460591, 6.954470109217524, 7.31203942344405, 6.934946221132504, 4.538921454486737, 5.82642577314772, 5.337158159545209], [2.7364377372781568, 2.1499867743779264, 1.0954184999350705, 2.1684209393012233, 2.8768520625850753, 4.292430987214589, 5.410323325828134, 2.8184981479504296, 3.2086083681247235, 3.7400390920416857, 3.098769234712388, 2.545845692495914, 3.0604921793724618, 2.50059422138019, 0.0, 1.7667603374538383, 3.0592582777529587, 2.4827589613170264, 3.2070521386469535, 4.500304098613781, 4.71980357218391, 5.513696781652034, 6.354958036840212, 5.563658446561938, 2.23179546777925, 3.8214162623299757, 3.653357578994972], [2.7533646979650186, 2.159715948915505, 1.096580621751087, 2.1629165725935895, 2.767381798740463, 4.1610428656768255, 5.2008991049625255, 3.3705328599495954, 4.257064773996281, 3.755685474051308, 2.562671278178299, 3.1171890574682823, 2.507136615743147, 3.0673519214462495, 1.7667603374538383, 0.0, 2.5319156739512474, 3.0656944091021203, 2.52193720976554, 4.7292297353797474, 4.277535226038472, 5.582065030971961, 6.116140878037391, 5.063230417431147, 2.9311396657273088, 4.180405647781086, 4.85584792286579], [4.118429678894614, 2.6894409233147325, 2.1477900083574277, 1.0979882786259607, 2.1636510670623395, 2.6639587252808554, 4.076437020242064, 3.4966042584198744, 3.955613672996897, 4.771266548831662, 4.360909714726962, 4.683143329004569, 2.4668148471257423, 2.9954534765207086, 3.0592582777529587, 2.5319156739512474, 0.0, 1.7580167320022868, 2.4881855135821365, 3.022702401825228, 2.3578963187553432, 4.734431831804108, 4.66706146734752, 4.287895243589796, 3.82525578229744, 4.327608170802898, 4.872723715746667], [4.185147678397979, 2.7848158484898065, 2.1600469879148463, 1.0973556442648844, 2.1824414608415044, 2.764009287249231, 4.217407166731712, 2.8305406850988732, 2.684853318153526, 4.864170740218727, 4.745723975327684, 4.384413350723218, 3.1407578289323737, 2.563543169131349, 2.4827589613170264, 3.0656944091021203, 1.7580167320022868, 0.0, 3.0698219166590106, 2.571381772510648, 3.0282664182663983, 4.516629502184123, 4.869604338136724, 4.7411403111487855, 3.199822649772953, 3.833563839301492, 3.5668683603407625], [5.175139179770917, 4.16081589474949, 2.7838348424430643, 2.15559778483835, 1.0981546202607355, 2.154338585273912, 2.777704896132777, 2.1428440097216597, 3.356800372378435, 6.131672231129122, 5.0780720524624305, 5.445844936279401, 4.293627401160934, 4.718382216395786, 3.2070521386469535, 2.52193720976554, 2.4881855135821365, 3.0698219166590106, 0.0, 3.071101186870924, 2.4887874115721496, 3.2461246648888884, 3.7398459179490264, 2.545396277596084, 2.4823370983812816, 2.487571126621307, 4.065208282486889], [6.602388283795493, 5.204199355328349, 4.231073297639737, 2.7688089767985082, 2.185068220902954, 1.0966579959130376, 2.147854415457435, 2.831109360303837, 2.6952719862752255, 7.349687457980781, 6.9668146013798875, 6.802652712729057, 5.334783272073945, 5.117428029782149, 4.500304098613781, 4.7292297353797474, 3.022702401825228, 2.571381772510648, 3.071101186870924, 0.0, 1.7579600507406306, 2.476589336163749, 2.5038597025392613, 3.0670147717283656, 3.8387215905819483, 3.1865214341033385, 3.573866749054867], [6.393524653115838, 4.996835703722908, 4.093091312199131, 2.6723378846994628, 2.1665653440411163, 1.0973758973113996, 2.1309637279878793, 3.496247572755682, 3.962379605741984, 7.11428361607829, 6.547516644499653, 6.8365833199047605, 4.811753549383011, 5.1941262460591, 4.71980357218391, 4.277535226038472, 2.3578963187553432, 3.0282664182663983, 2.4887874115721496, 1.7579600507406306, 0.0, 3.0547881432269572, 2.4073531128606787, 2.5289832640806464, 4.32952153130112, 3.8146774555655423, 4.877110062321743], [7.972799280679277, 6.795567011662824, 5.454561244499873, 4.321620822099042, 2.911619389618087, 2.177323591017192, 1.093654154657678, 2.8575007769027816, 3.249203640894181, 8.899624475785481, 8.100009267278649, 8.041969470844814, 7.023648378157893, 6.954470109217524, 5.513696781652034, 5.582065030971961, 4.734431831804108, 4.516629502184123, 3.2461246648888884, 2.476589336163749, 3.0547881432269572, 0.0, 1.763691188955708, 1.7772628927651644, 3.85760470888348, 2.2628345167068673, 3.6910633102129258], [8.479202099254387, 7.154678828570853, 6.0086203358175325, 4.656306568515436, 3.5076382624210267, 2.157451693549591, 1.0949074572766408, 4.118310969317397, 4.483166917481436, 9.30105610025012, 8.593591679850748, 8.75445633834563, 7.12213163666609, 7.31203942344405, 6.354958036840212, 6.116140878037391, 4.66706146734752, 4.869604338136724, 3.7398459179490264, 2.5038597025392613, 2.4073531128606787, 1.763691188955708, 0.0, 1.7712298156930397, 5.136848300271286, 3.7996229312919985, 5.132660546928854], [7.682000803176215, 6.542014578094427, 5.23001892348393, 4.18065638147887, 2.787430788378431, 2.1713059042889373, 1.0945016491536228, 3.3856872950702344, 4.279114872260384, 8.59991205187588, 7.60879397933733, 7.9420460776804855, 6.555336333858088, 6.934946221132504, 5.563658446561938, 5.063230417431147, 4.287895243589796, 4.7411403111487855, 2.545396277596084, 3.0670147717283656, 2.5289832640806464, 1.7772628927651644, 1.7712298156930397, 0.0, 4.18955700999521, 2.938969482658845, 4.8745308564004395], [4.8998694941804315, 4.230706914925684, 2.778071770131218, 2.8249579855282803, 2.183901815558566, 3.5130980245361787, 4.079340159878801, 1.0940620914737882, 2.0491536911613046, 5.943912479167236, 5.025268150059258, 4.64578661154384, 4.926773168109123, 4.538921454486737, 2.23179546777925, 2.9311396657273088, 3.82525578229744, 3.199822649772953, 2.4823370983812816, 3.8387215905819483, 4.32952153130112, 3.85760470888348, 5.136848300271286, 4.18955700999521, 0.0, 1.757721172427527, 2.264312056674168], [6.467001430338485, 5.574801865537466, 4.0932863080903585, 3.516431989958003, 2.18363799655529, 2.812397697694976, 2.7615399290975313, 1.0942388313343663, 2.0489691286107754, 7.486914087927014, 6.561657956644798, 6.32980287212801, 6.078598263580181, 5.82642577314772, 3.8214162623299757, 4.180405647781086, 4.327608170802898, 3.833563839301492, 2.487571126621307, 3.1865214341033385, 3.8146774555655423, 2.2628345167068673, 3.7996229312919985, 2.938969482658845, 1.757721172427527, 0.0, 2.2646326346672656], [6.319850768016599, 5.4790623805538115, 4.295631167826214, 3.8534577317001935, 3.265294931549063, 3.8557522249231733, 4.297940140346303, 1.942807404247781, 0.972284310271435, 7.2250902894012325, 6.746865361780981, 5.929317388199084, 6.230351108886239, 5.337158159545209, 3.653357578994972, 4.85584792286579, 4.872723715746667, 3.5668683603407625, 4.065208282486889, 3.573866749054867, 4.877110062321743, 3.6910633102129258, 5.132660546928854, 4.8745308564004395, 2.264312056674168, 2.2646326346672656, 0.0]]}