{"total energy": -42.93453278, "HOMO-LUMO gap/eV": 4.78812449, "electronic energy": -43.46293324, "dipole": [0.3071994, -0.63963355, -0.31413691], "partial charges": [-0.10009059, -0.05207657, -0.05822701, -0.05761217, -0.05863232, -0.05874654, -0.05629239, -0.08812127, 0.35345809, -0.40475099, -0.27715461, 0.08176805, -0.11086997, 0.03128301, 0.0320401, 0.03051479, 0.03024368, 0.0285656, 0.03102613, 0.02925625, 0.0279823, 0.02995647, 0.03446366, 0.0303934, 0.03938635, 0.0275443, 0.05176604, 0.03564131, 0.06650599, 0.06887918, 0.05196016, 0.05526851, 0.05685942, 0.04766213, 0.05014951], "atomic dipole moments": [[0.08778921, -0.03981911, -0.02486693], [-0.02002603, 0.11070554, 0.00072768], [0.02098304, -0.10895897, -0.00848264], [-0.03406087, -0.01716188, 0.10400438], [0.04398597, 0.01811124, -0.10470492], [-0.03194328, -0.03022237, 0.10773999], [0.07071686, 0.00710245, -0.11386022], [-0.00035475, 0.09865348, 0.02211573], [0.13472581, -0.01804215, -0.08507129], [0.01476809, -0.16382857, -0.06833289], [0.01244889, 0.21199762, 0.07353566], [-0.15156954, -0.16511155, 0.11598838], [-0.0787006, 0.00714117, -0.10678214], [-0.0493576, 0.06599929, -0.09500137], [0.01080082, 0.0760581, 0.09997398], [-0.08105191, -0.08973218, 0.02938046], [0.03635271, -0.06877858, 0.09615582], [-0.01957017, -0.07813458, -0.09368611], [0.01982922, 0.07696399, 0.09605143], [-0.0427549, 0.07289025, -0.08758943], [-0.01876069, -0.07040542, -0.10020431], [0.06618543, 0.09365175, -0.04166178], [0.01493212, 0.07048888, 0.10225431], [-0.06345493, -0.09954514, 0.03617582], [0.06557863, 0.10183581, -0.03886119], [-0.01527656, -0.06885987, -0.10055814], [0.01087888, 0.07116792, 0.10700528], [-0.0641942, -0.09647969, 0.03394992], [-0.01772014, -0.05966255, -0.11712106], [0.04314401, -0.08612831, 0.08887847], [0.05933275, -0.0302819, -0.10309591], [-0.04387658, 0.11989464, -0.02423307], [-0.05578896, 0.03147863, 0.11332984], [0.09913057, 0.07928111, -0.0200555], [0.04402033, -0.11825575, 0.02113759]], "atomic quadrupole moments": [[0.15765731, -0.11820504, -0.05297853, -0.08238522, 0.03050899, -0.10467878], [0.18253414, 0.01519562, 0.01376505, -0.12529454, -0.01681728, -0.19629919], [0.1700298, 0.03141939, -0.00039151, -0.14541167, -0.01684419, -0.16963829], [0.10824637, -0.18417529, -0.09260108, 0.00727672, -0.07760415, -0.0156453], [0.13254089, -0.17235846, -0.12651817, -0.00357198, -0.09357136, -0.00602272], [0.11967202, -0.18036904, -0.12273307, 0.01060576, -0.09415631, 0.00306105], [0.15139626, -0.1800656, -0.11514026, -0.01550103, -0.08599724, -0.03625599], [0.16617303, 0.05194391, 0.02926642, -0.13171201, 0.02064203, -0.19543945], [0.0022694, -0.17285836, -0.30613186, 0.18574347, -0.21286787, 0.30386246], [-0.04692565, -0.0512538, -0.07104928, 0.11614009, -0.08136824, 0.11797493], [0.0412642, 0.06183062, 0.00806221, -0.03219774, 0.00085518, -0.04932641], [0.20656397, 0.35510903, -0.06482855, 0.02202639, -0.08334104, -0.14173541], [0.04468694, 0.00799409, -0.13369948, 0.19854724, -0.00623924, 0.08901254], [-0.02625915, -0.02780113, -0.01459723, 0.02178843, -0.05000087, 0.04085638], [-0.02579631, 0.00693332, -0.00337634, 0.02123906, 0.06123145, 0.02917265], [0.01176135, 0.05080704, 0.03528662, -0.0229632, -0.0205272, -0.04704797], [-0.00316813, -0.01416183, -0.0200836, 0.02454452, -0.03539773, 0.02325173], [-0.0183862, 0.00978065, -0.01263731, 0.00452807, 0.04250361, 0.03102351], [-0.01853309, 0.01695517, -0.01806795, 0.00890981, 0.03749285, 0.03660104], [0.00143914, -0.01507365, -0.02023986, 0.02280445, -0.04216664, 0.01880071], [-0.02269159, 0.00419243, 0.0137205, 0.02294015, 0.04347491, 0.00897109], [0.01434891, 0.03283681, 0.02578323, -0.00676129, -0.02175842, -0.04013214], [-0.0218341, 0.00419923, 0.00735794, 0.01536247, 0.04352832, 0.01447616], [0.00490472, 0.03549149, 0.02931669, -0.00582874, -0.01491871, -0.0342214], [0.005152, 0.03398609, 0.02833364, -0.00484921, -0.01159866, -0.03348564], [-0.02417375, 0.00427399, 0.00838908, 0.0154479, 0.04451047, 0.01578467], [-0.01998963, 0.00372398, 0.00684035, 0.01958208, 0.04013909, 0.01314928], [0.00933199, 0.034456, 0.03235677, -0.00180726, -0.02112366, -0.04168877], [-0.00510637, 0.00652064, -0.03176493, 0.00129457, 0.04434357, 0.0368713], [0.00108648, -0.02972664, -0.00585589, 0.00973816, -0.05133562, 0.00476941], [0.00261496, -0.00816068, -0.02615031, -0.02854609, 0.03254778, 0.02353536], [0.00746951, -0.01763925, 0.02674927, 0.00367327, 0.00541581, -0.03421878], [-0.00046392, -0.02881896, -0.03438669, -0.04483071, 0.02734537, 0.03485061], [0.02900902, 0.06481625, 0.00303341, -0.01503291, -0.02150498, -0.03204243], [-0.03610954, -0.04024533, 0.06761128, 0.00899097, 0.00122015, -0.03150173]], "number of molecular orbitals": 74, "number of electrons": 78, "number of unpaired electrons": 0, "orbital energies/eV": [-20.01107643, -19.27204284, -18.26674874, -17.26957907, -16.89811242, -16.82354979, -16.646372, -16.33714106, -16.16451114, -15.87541502, -15.62961543, -15.38944103, -15.24638284, -15.09269249, -14.98544212, -14.82280903, -14.13675018, -14.00168437, -13.89065256, -13.76908109, -13.51556267, -13.43106975, -13.35885685, -13.16395582, -13.04720594, -12.89664828, -12.7234435, -12.44870287, -12.31469474, -12.2066137, -12.10412144, -12.06886441, -11.9604299, -11.81298622, -11.56375859, -11.47043359, -11.31822009, -11.24632225, -11.16993083, -6.38180634, -0.05769469, 1.44821574, 2.35258405, 2.60754014, 2.80074649, 3.11864332, 3.1778622, 3.34891761, 3.43417586, 3.65842772, 3.74956719, 3.88605086, 3.96366255, 4.09992699, 4.33957375, 4.58948582, 4.71633765, 4.7815807, 4.91719096, 5.15338324, 5.43397254, 5.71064462, 6.08211704, 6.38047972, 6.39232051, 6.51180851, 7.06395296, 7.1162932, 7.37295668, 7.42591161, 7.66785077, 8.32796051, 8.49557628, 16.29096719], "fractional occupation": [2.0, 2.0, 2.0, 2.0, 2.0, 2.0, 2.0, 2.0, 2.0, 2.0, 2.0, 2.0, 2.0, 2.0, 2.0, 2.0, 2.0, 2.0, 2.0, 2.0, 2.0, 2.0, 2.0, 2.0, 2.0, 2.0, 2.0, 2.0, 2.0, 2.0, 2.0, 2.0, 2.0, 2.0, 2.0, 2.0, 2.0, 2.0, 2.0, 0.0, 0.0, 0.0, 0.0, 0.0, 0.0, 0.0, 0.0, 0.0, 0.0, 0.0, 0.0, 0.0, 0.0, 0.0, 0.0, 0.0, 0.0, 0.0, 0.0, 0.0, 0.0, 0.0, 0.0, 0.0, 0.0, 0.0, 0.0, 0.0, 0.0, 0.0, 0.0, 0.0, 0.0, 0.0], "program call": "xtb /home/svss/Project-DBcg-Debug/aqme2_20220329/End-to-End-workflows-final/example-3/QDESCP/mol_191_rdkit_conf_34/mol_191_rdkit_conf_34.xyz --pop --wbo --acc 0.2 --gfn 2 --chrg 0 --uhf 0 --etemp 300 --input /home/svss/Project-DBcg-Debug/aqme2_20220329/End-to-End-workflows-final/example-3/QDESCP/mol_191_rdkit_conf_34/mol_191_rdkit_conf_34_xtb.inp", "method": "GFN2-xTB", "xtb version": "6.3.3 (7355c4f)", "Dipole module/D": 1.972, "Total charge": 0, "Transition dipole module/D": NaN, "HOMO": -11.1699, "LUMO": -6.3818, "HOMO occupancy": 2.0, "LUMO occupancy": 0, "mulliken charges": [-0.0833, -0.04003, -0.04691, -0.04555, -0.04583, -0.04728, -0.03926, -0.07814, 0.57402, -0.52863, -0.42333, 0.20462, -0.09829, 0.02628, 0.02679, 0.02748, 0.02187, 0.02155, 0.024, 0.024, 0.02162, 0.02622, 0.0271, 0.02077, 0.03563, 0.01931, 0.04087, 0.02468, 0.05283, 0.05859, 0.03111, 0.04363, 0.05066, 0.03416, 0.03875], "cm5 charges": [-0.23372, -0.1527, -0.15742, -0.15612, -0.15672, -0.15735, -0.14769, -0.1768, 0.62318, -0.58056, -0.50628, 0.122, -0.24481, 0.07756, 0.07808, 0.07826, 0.07717, 0.07636, 0.0792, 0.0789, 0.07683, 0.08115, 0.08262, 0.07675, 0.09366, 0.07483, 0.09883, 0.07971, 0.11229, 0.1165, 0.09367, 0.10955, 0.1056, 0.08542, 0.09205], "FUKUI+": [0.004, 0.002, 0.003, 0.002, 0.004, 0.007, 0.02, 0.028, -0.19, -0.28, -0.121, 0.03, 0.019, -0.007, -0.004, -0.008, 0.003, -0.004, -0.005, -0.012, -0.008, -0.001, -0.009, -0.017, 0.013, -0.018, -0.023, -0.054, -0.091, -0.099, -0.067, -0.032, -0.005, -0.051, -0.032], "FUKUI-": [0.017, 0.003, 0.009, 0.01, 0.006, 0.008, 0.009, -0.001, -0.009, -0.078, -0.043, 0.01, 0.009, -0.059, -0.042, -0.044, -0.071, -0.054, -0.043, -0.064, -0.032, -0.05, -0.035, -0.051, -0.047, -0.037, -0.03, -0.05, -0.033, -0.041, -0.051, -0.023, -0.032, -0.032, -0.029], "FUKUIrad": [0.01, 0.002, 0.006, 0.006, 0.005, 0.008, 0.015, 0.013, -0.1, -0.179, -0.082, 0.02, 0.014, -0.033, -0.023, -0.026, -0.034, -0.029, -0.024, -0.038, -0.02, -0.025, -0.022, -0.034, -0.017, -0.028, -0.026, -0.052, -0.062, -0.07, -0.059, -0.028, -0.019, -0.042, -0.03], "s proportion": [1.008, 1.027, 1.032, 1.032, 1.032, 1.033, 1.03, 1.039, 0.991, 1.731, 1.699, 0.993, 1.012, 0.974, 0.973, 0.973, 0.978, 0.978, 0.976, 0.976, 0.978, 0.974, 0.973, 0.979, 0.964, 0.981, 0.959, 0.975, 0.947, 0.941, 0.969, 0.956, 0.949, 0.966, 0.961], "p proportion": [3.076, 3.014, 3.015, 3.013, 3.014, 3.014, 3.009, 3.039, 2.435, 4.798, 4.725, 2.803, 3.086, 0.0, 0.0, 0.0, 0.0, 0.0, 0.0, 0.0, 0.0, 0.0, 0.0, 0.0, 0.0, 0.0, 0.0, 0.0, 0.0, 0.0, 0.0, 0.0, 0.0, 0.0, 0.0], "d proportion": [0.0, 0.0, 0.0, 0.0, 0.0, 0.0, 0.0, 0.0, 0.0, 0.0, 0.0, 0.0, 0.0, 0.0, 0.0, 0.0, 0.0, 0.0, 0.0, 0.0, 0.0, 0.0, 0.0, 0.0, 0.0, 0.0, 0.0, 0.0, 0.0, 0.0, 0.0, 0.0, 0.0, 0.0, 0.0], "Fermi-level/eV": -8.7759, "Coordination numbers": [3.75, 3.799, 3.801, 3.8, 3.801, 3.801, 3.801, 3.802, 2.711, 0.856, 1.702, 3.695, 3.748, 0.924, 0.924, 0.924, 0.924, 0.924, 0.924, 0.924, 0.924, 0.924, 0.924, 0.924, 0.924, 0.924, 0.924, 0.924, 0.924, 0.924, 0.924, 0.924, 0.924, 0.924, 0.924], "Dispersion coefficient C6": [22.475, 21.51, 21.622, 21.611, 21.629, 21.631, 21.586, 22.18, 20.999, 21.777, 18.599, 19.384, 22.688, 2.568, 2.558, 2.579, 2.583, 2.607, 2.572, 2.597, 2.615, 2.587, 2.524, 2.581, 2.457, 2.622, 2.298, 2.508, 2.124, 2.098, 2.296, 2.255, 2.236, 2.349, 2.318], "Total dispersion C6": 8889.803577, "Total dispersion C8": 188282.61503, "Polarizability alpha": [6.761, 6.604, 6.62, 6.619, 6.622, 6.622, 6.615, 6.705, 7.501, 6.257, 5.823, 6.299, 6.794, 2.506, 2.501, 2.512, 2.513, 2.525, 2.508, 2.52, 2.529, 2.515, 2.485, 2.512, 2.451, 2.532, 2.371, 2.477, 2.279, 2.265, 2.369, 2.349, 2.339, 2.397, 2.381], "Total polarizability alpha": 139.676355, "Wiberg matrix": [[0.0, 1.0197965093855916, 0.0, 0.0, 0.0, 0.0, 0.0, 0.0, 0.0, 0.0, 0.0, 0.0, 0.0, 0.9876689987638143, 0.9878178001177308, 0.9875293981914581, 0.0, 0.0, 0.0, 0.0, 0.0, 0.0, 0.0, 0.0, 0.0, 0.0, 0.0, 0.0, 0.0, 0.0, 0.0, 0.0, 0.0, 0.0, 0.0], [1.0197965093855916, 0.0, 1.0088006515510142, 0.0, 0.0, 0.0, 0.0, 0.0, 0.0, 0.0, 0.0, 0.0, 0.0, 0.0, 0.0, 0.0, 0.9763382119160209, 0.9779805848329399, 0.0, 0.0, 0.0, 0.0, 0.0, 0.0, 0.0, 0.0, 0.0, 0.0, 0.0, 0.0, 0.0, 0.0, 0.0, 0.0, 0.0], [0.0, 1.0088006515510142, 0.0, 1.0063547675768711, 0.0, 0.0, 0.0, 0.0, 0.0, 0.0, 0.0, 0.0, 0.0, 0.0, 0.0, 0.0, 0.0, 0.0, 0.9771167130846459, 0.9768011097881173, 0.0, 0.0, 0.0, 0.0, 0.0, 0.0, 0.0, 0.0, 0.0, 0.0, 0.0, 0.0, 0.0, 0.0, 0.0], [0.0, 0.0, 1.0063547675768711, 0.0, 1.0080442184089495, 0.0, 0.0, 0.0, 0.0, 0.0, 0.0, 0.0, 0.0, 0.0, 0.0, 0.0, 0.0, 0.0, 0.0, 0.0, 0.9773249293501244, 0.9768933904055446, 0.0, 0.0, 0.0, 0.0, 0.0, 0.0, 0.0, 0.0, 0.0, 0.0, 0.0, 0.0, 0.0], [0.0, 0.0, 0.0, 1.0080442184089495, 0.0, 1.0067604105470105, 0.0, 0.0, 0.0, 0.0, 0.0, 0.0, 0.0, 0.0, 0.0, 0.0, 0.0, 0.0, 0.0, 0.0, 0.0, 0.0, 0.9769349616366831, 0.9754427617401074, 0.0, 0.0, 0.0, 0.0, 0.0, 0.0, 0.0, 0.0, 0.0, 0.0, 0.0], [0.0, 0.0, 0.0, 0.0, 1.0067604105470105, 0.0, 1.0078314189147308, 0.0, 0.0, 0.0, 0.0, 0.0, 0.0, 0.0, 0.0, 0.0, 0.0, 0.0, 0.0, 0.0, 0.0, 0.0, 0.0, 0.0, 0.9764233757430933, 0.9771906789359204, 0.0, 0.0, 0.0, 0.0, 0.0, 0.0, 0.0, 0.0, 0.0], [0.0, 0.0, 0.0, 0.0, 0.0, 1.0078314189147308, 0.0, 1.0051786629480577, 0.0, 0.0, 0.0, 0.0, 0.0, 0.0, 0.0, 0.0, 0.0, 0.0, 0.0, 0.0, 0.0, 0.0, 0.0, 0.0, 0.0, 0.0, 0.9748049106121606, 0.9767553403374502, 0.0, 0.0, 0.0, 0.0, 0.0, 0.0, 0.0], [0.0, 0.0, 0.0, 0.0, 0.0, 0.0, 1.0051786629480577, 0.0, 0.9782701140656623, 0.0, 0.0, 0.0, 0.0, 0.0, 0.0, 0.0, 0.0, 0.0, 0.0, 0.0, 0.0, 0.0, 0.0, 0.0, 0.0, 0.0, 0.0, 0.0, 0.9604306215781395, 0.9473201401093807, 0.0, 0.0, 0.0, 0.0, 0.0], [0.0, 0.0, 0.0, 0.0, 0.0, 0.0, 0.0, 0.9782701140656623, 0.0, 1.7605336641324283, 1.1152994238162979, 0.0, 0.0, 0.0, 0.0, 0.0, 0.0, 0.0, 0.0, 0.0, 0.0, 0.0, 0.0, 0.0, 0.0, 0.0, 0.0, 0.0, 0.0, 0.0, 0.0, 0.0, 0.0, 0.0, 0.0], [0.0, 0.0, 0.0, 0.0, 0.0, 0.0, 0.0, 0.0, 1.7605336641324283, 0.0, 0.16957631568332357, 0.0, 0.0, 0.0, 0.0, 0.0, 0.0, 0.0, 0.0, 0.0, 0.0, 0.0, 0.0, 0.0, 0.0, 0.0, 0.0, 0.0, 0.0, 0.0, 0.0, 0.0, 0.0, 0.0, 0.0], [0.0, 0.0, 0.0, 0.0, 0.0, 0.0, 0.0, 0.0, 1.1152994238162979, 0.16957631568332357, 0.0, 0.9424137826825046, 0.0, 0.0, 0.0, 0.0, 0.0, 0.0, 0.0, 0.0, 0.0, 0.0, 0.0, 0.0, 0.0, 0.0, 0.0, 0.0, 0.0, 0.0, 0.0, 0.0, 0.0, 0.0, 0.0], [0.0, 0.0, 0.0, 0.0, 0.0, 0.0, 0.0, 0.0, 0.0, 0.0, 0.9424137826825046, 0.0, 1.0147741467453324, 0.0, 0.0, 0.0, 0.0, 0.0, 0.0, 0.0, 0.0, 0.0, 0.0, 0.0, 0.0, 0.0, 0.0, 0.0, 0.0, 0.0, 0.97168734918779, 0.9690897344334005, 0.0, 0.0, 0.0], [0.0, 0.0, 0.0, 0.0, 0.0, 0.0, 0.0, 0.0, 0.0, 0.0, 0.0, 1.0147741467453324, 0.0, 0.0, 0.0, 0.0, 0.0, 0.0, 0.0, 0.0, 0.0, 0.0, 0.0, 0.0, 0.0, 0.0, 0.0, 0.0, 0.0, 0.0, 0.0, 0.0, 0.9846723909046332, 0.9838020990363288, 0.9858152693324033], [0.9876689987638143, 0.0, 0.0, 0.0, 0.0, 0.0, 0.0, 0.0, 0.0, 0.0, 0.0, 0.0, 0.0, 0.0, 0.0, 0.0, 0.0, 0.0, 0.0, 0.0, 0.0, 0.0, 0.0, 0.0, 0.0, 0.0, 0.0, 0.0, 0.0, 0.0, 0.0, 0.0, 0.0, 0.0, 0.0], [0.9878178001177308, 0.0, 0.0, 0.0, 0.0, 0.0, 0.0, 0.0, 0.0, 0.0, 0.0, 0.0, 0.0, 0.0, 0.0, 0.0, 0.0, 0.0, 0.0, 0.0, 0.0, 0.0, 0.0, 0.0, 0.0, 0.0, 0.0, 0.0, 0.0, 0.0, 0.0, 0.0, 0.0, 0.0, 0.0], [0.9875293981914581, 0.0, 0.0, 0.0, 0.0, 0.0, 0.0, 0.0, 0.0, 0.0, 0.0, 0.0, 0.0, 0.0, 0.0, 0.0, 0.0, 0.0, 0.0, 0.0, 0.0, 0.0, 0.0, 0.0, 0.0, 0.0, 0.0, 0.0, 0.0, 0.0, 0.0, 0.0, 0.0, 0.0, 0.0], [0.0, 0.9763382119160209, 0.0, 0.0, 0.0, 0.0, 0.0, 0.0, 0.0, 0.0, 0.0, 0.0, 0.0, 0.0, 0.0, 0.0, 0.0, 0.0, 0.0, 0.0, 0.0, 0.0, 0.0, 0.0, 0.0, 0.0, 0.0, 0.0, 0.0, 0.0, 0.0, 0.0, 0.0, 0.0, 0.0], [0.0, 0.9779805848329399, 0.0, 0.0, 0.0, 0.0, 0.0, 0.0, 0.0, 0.0, 0.0, 0.0, 0.0, 0.0, 0.0, 0.0, 0.0, 0.0, 0.0, 0.0, 0.0, 0.0, 0.0, 0.0, 0.0, 0.0, 0.0, 0.0, 0.0, 0.0, 0.0, 0.0, 0.0, 0.0, 0.0], [0.0, 0.0, 0.9771167130846459, 0.0, 0.0, 0.0, 0.0, 0.0, 0.0, 0.0, 0.0, 0.0, 0.0, 0.0, 0.0, 0.0, 0.0, 0.0, 0.0, 0.0, 0.0, 0.0, 0.0, 0.0, 0.0, 0.0, 0.0, 0.0, 0.0, 0.0, 0.0, 0.0, 0.0, 0.0, 0.0], [0.0, 0.0, 0.9768011097881173, 0.0, 0.0, 0.0, 0.0, 0.0, 0.0, 0.0, 0.0, 0.0, 0.0, 0.0, 0.0, 0.0, 0.0, 0.0, 0.0, 0.0, 0.0, 0.0, 0.0, 0.0, 0.0, 0.0, 0.0, 0.0, 0.0, 0.0, 0.0, 0.0, 0.0, 0.0, 0.0], [0.0, 0.0, 0.0, 0.9773249293501244, 0.0, 0.0, 0.0, 0.0, 0.0, 0.0, 0.0, 0.0, 0.0, 0.0, 0.0, 0.0, 0.0, 0.0, 0.0, 0.0, 0.0, 0.0, 0.0, 0.0, 0.0, 0.0, 0.0, 0.0, 0.0, 0.0, 0.0, 0.0, 0.0, 0.0, 0.0], [0.0, 0.0, 0.0, 0.9768933904055446, 0.0, 0.0, 0.0, 0.0, 0.0, 0.0, 0.0, 0.0, 0.0, 0.0, 0.0, 0.0, 0.0, 0.0, 0.0, 0.0, 0.0, 0.0, 0.0, 0.0, 0.0, 0.0, 0.0, 0.0, 0.0, 0.0, 0.0, 0.0, 0.0, 0.0, 0.0], [0.0, 0.0, 0.0, 0.0, 0.9769349616366831, 0.0, 0.0, 0.0, 0.0, 0.0, 0.0, 0.0, 0.0, 0.0, 0.0, 0.0, 0.0, 0.0, 0.0, 0.0, 0.0, 0.0, 0.0, 0.0, 0.0, 0.0, 0.0, 0.0, 0.0, 0.0, 0.0, 0.0, 0.0, 0.0, 0.0], [0.0, 0.0, 0.0, 0.0, 0.9754427617401074, 0.0, 0.0, 0.0, 0.0, 0.0, 0.0, 0.0, 0.0, 0.0, 0.0, 0.0, 0.0, 0.0, 0.0, 0.0, 0.0, 0.0, 0.0, 0.0, 0.0, 0.0, 0.0, 0.0, 0.0, 0.0, 0.0, 0.0, 0.0, 0.0, 0.0], [0.0, 0.0, 0.0, 0.0, 0.0, 0.9764233757430933, 0.0, 0.0, 0.0, 0.0, 0.0, 0.0, 0.0, 0.0, 0.0, 0.0, 0.0, 0.0, 0.0, 0.0, 0.0, 0.0, 0.0, 0.0, 0.0, 0.0, 0.0, 0.0, 0.0, 0.0, 0.0, 0.0, 0.0, 0.0, 0.0], [0.0, 0.0, 0.0, 0.0, 0.0, 0.9771906789359204, 0.0, 0.0, 0.0, 0.0, 0.0, 0.0, 0.0, 0.0, 0.0, 0.0, 0.0, 0.0, 0.0, 0.0, 0.0, 0.0, 0.0, 0.0, 0.0, 0.0, 0.0, 0.0, 0.0, 0.0, 0.0, 0.0, 0.0, 0.0, 0.0], [0.0, 0.0, 0.0, 0.0, 0.0, 0.0, 0.9748049106121606, 0.0, 0.0, 0.0, 0.0, 0.0, 0.0, 0.0, 0.0, 0.0, 0.0, 0.0, 0.0, 0.0, 0.0, 0.0, 0.0, 0.0, 0.0, 0.0, 0.0, 0.0, 0.0, 0.0, 0.0, 0.0, 0.0, 0.0, 0.0], [0.0, 0.0, 0.0, 0.0, 0.0, 0.0, 0.9767553403374502, 0.0, 0.0, 0.0, 0.0, 0.0, 0.0, 0.0, 0.0, 0.0, 0.0, 0.0, 0.0, 0.0, 0.0, 0.0, 0.0, 0.0, 0.0, 0.0, 0.0, 0.0, 0.0, 0.0, 0.0, 0.0, 0.0, 0.0, 0.0], [0.0, 0.0, 0.0, 0.0, 0.0, 0.0, 0.0, 0.9604306215781395, 0.0, 0.0, 0.0, 0.0, 0.0, 0.0, 0.0, 0.0, 0.0, 0.0, 0.0, 0.0, 0.0, 0.0, 0.0, 0.0, 0.0, 0.0, 0.0, 0.0, 0.0, 0.0, 0.0, 0.0, 0.0, 0.0, 0.0], [0.0, 0.0, 0.0, 0.0, 0.0, 0.0, 0.0, 0.9473201401093807, 0.0, 0.0, 0.0, 0.0, 0.0, 0.0, 0.0, 0.0, 0.0, 0.0, 0.0, 0.0, 0.0, 0.0, 0.0, 0.0, 0.0, 0.0, 0.0, 0.0, 0.0, 0.0, 0.0, 0.0, 0.0, 0.0, 0.0], [0.0, 0.0, 0.0, 0.0, 0.0, 0.0, 0.0, 0.0, 0.0, 0.0, 0.0, 0.97168734918779, 0.0, 0.0, 0.0, 0.0, 0.0, 0.0, 0.0, 0.0, 0.0, 0.0, 0.0, 0.0, 0.0, 0.0, 0.0, 0.0, 0.0, 0.0, 0.0, 0.0, 0.0, 0.0, 0.0], [0.0, 0.0, 0.0, 0.0, 0.0, 0.0, 0.0, 0.0, 0.0, 0.0, 0.0, 0.9690897344334005, 0.0, 0.0, 0.0, 0.0, 0.0, 0.0, 0.0, 0.0, 0.0, 0.0, 0.0, 0.0, 0.0, 0.0, 0.0, 0.0, 0.0, 0.0, 0.0, 0.0, 0.0, 0.0, 0.0], [0.0, 0.0, 0.0, 0.0, 0.0, 0.0, 0.0, 0.0, 0.0, 0.0, 0.0, 0.0, 0.9846723909046332, 0.0, 0.0, 0.0, 0.0, 0.0, 0.0, 0.0, 0.0, 0.0, 0.0, 0.0, 0.0, 0.0, 0.0, 0.0, 0.0, 0.0, 0.0, 0.0, 0.0, 0.0, 0.0], [0.0, 0.0, 0.0, 0.0, 0.0, 0.0, 0.0, 0.0, 0.0, 0.0, 0.0, 0.0, 0.9838020990363288, 0.0, 0.0, 0.0, 0.0, 0.0, 0.0, 0.0, 0.0, 0.0, 0.0, 0.0, 0.0, 0.0, 0.0, 0.0, 0.0, 0.0, 0.0, 0.0, 0.0, 0.0, 0.0], [0.0, 0.0, 0.0, 0.0, 0.0, 0.0, 0.0, 0.0, 0.0, 0.0, 0.0, 0.0, 0.9858152693324033, 0.0, 0.0, 0.0, 0.0, 0.0, 0.0, 0.0, 0.0, 0.0, 0.0, 0.0, 0.0, 0.0, 0.0, 0.0, 0.0, 0.0, 0.0, 0.0, 0.0, 0.0, 0.0]], "Born radii": [], "Atomic SASAs": [], "Solvent H bonds": [], "Total SASA": NaN, "Total FOD": 0.0, "FOD": [0.0, 0.0, 0.0, 0.0, 0.0, 0.0, 0.0, 0.0, 0.0, 0.0, 0.0, 0.0, 0.0, 0.0, 0.0, 0.0, 0.0, 0.0, 0.0, 0.0, 0.0, 0.0, 0.0, 0.0, 0.0, 0.0, 0.0, 0.0, 0.0, 0.0, 0.0, 0.0, 0.0, 0.0, 0.0], "FOD s proportion": [0.0, 0.0, 0.0, 0.0, 0.0, 0.0, 0.0, 0.0, 0.0, 0.0, 0.0, 0.0, 0.0, 0.0, 0.0, 0.0, 0.0, 0.0, 0.0, 0.0, 0.0, 0.0, 0.0, 0.0, 0.0, 0.0, 0.0, 0.0, 0.0, 0.0, 0.0, 0.0, 0.0, 0.0, 0.0], "FOD p proportion": [0.0, 0.0, 0.0, 0.0, 0.0, 0.0, 0.0, 0.0, 0.0, 0.0, 0.0, 0.0, 0.0, 0.0, 0.0, 0.0, 0.0, 0.0, 0.0, 0.0, 0.0, 0.0, 0.0, 0.0, 0.0, 0.0, 0.0, 0.0, 0.0, 0.0, 0.0, 0.0, 0.0, 0.0, 0.0], "FOD d proportion": [0.0, 0.0, 0.0, 0.0, 0.0, 0.0, 0.0, 0.0, 0.0, 0.0, 0.0, 0.0, 0.0, 0.0, 0.0, 0.0, 0.0, 0.0, 0.0, 0.0, 0.0, 0.0, 0.0, 0.0, 0.0, 0.0, 0.0, 0.0, 0.0, 0.0, 0.0, 0.0, 0.0, 0.0, 0.0], "coordinates": [["-5.89120", "0.94590", "0.43460"], ["-4.55540", "0.32600", "0.05350"], ["-3.52770", "1.39790", "-0.31130"], ["-2.19980", "0.82290", "-0.81250"], ["-1.42970", "0.04750", "0.25870"], ["-0.06260", "-0.40540", "-0.26070"], ["0.70610", "-1.18750", "0.80900"], ["2.06650", "-1.67490", "0.31110"], ["3.07970", "-0.56190", "0.16500"], ["2.97760", "0.55750", "0.64520"], ["4.14300", "-1.01310", "-0.56010"], ["5.19900", "-0.06540", "-0.77540"], ["6.17650", "-0.09850", "0.38440"], ["-6.30630", "1.52580", "-0.39590"], ["-5.78310", "1.61020", "1.29800"], ["-6.61120", "0.16390", "0.69550"], ["-4.19660", "-0.27550", "0.89530"], ["-4.70330", "-0.35290", "-0.79420"], ["-3.34450", "2.04600", "0.55440"], ["-3.94240", "2.03690", "-1.10100"], ["-2.38290", "0.17580", "-1.67890"], ["-1.57960", "1.65590", "-1.16640"], ["-1.29410", "0.67970", "1.14440"], ["-2.00310", "-0.83240", "0.57090"], ["0.51570", "0.47130", "-0.57410"], ["-0.19910", "-1.03560", "-1.14800"], ["0.83000", "-0.56810", "1.70550"], ["0.11230", "-2.06120", "1.10450"], ["1.94730", "-2.18010", "-0.65400"], ["2.47650", "-2.39240", "1.03070"], ["5.71130", "-0.36160", "-1.69670"], ["4.80270", "0.94340", "-0.93810"], ["5.68770", "0.19420", "1.31900"], ["7.01650", "0.57790", "0.20300"], ["6.56420", "-1.11190", "0.53160"]], "bond_dist": [[0.0, 1.521142616587939, 2.5192862203409923, 3.8983100659131775, 4.554453383228333, 6.023456793237584, 6.943769740565999, 8.379071200318089, 9.100724795861042, 8.879798441406201, 10.271916993920852, 11.201757171533401, 12.11291355083491, 1.0946790716917902, 1.094732688833215, 1.094528578886819, 2.1390959796138183, 2.1466106517018875, 2.7767342220673554, 2.7103818550160055, 4.167505866822506, 4.6537292099992245, 4.659185217395849, 4.277645402555009, 6.503159882703177, 6.231449864999316, 7.005848431846068, 6.74784622453713, 8.50876067415226, 9.028731106307243, 11.86886692949247, 10.78164221025721, 11.636930070254785, 12.91502155824759, 12.624616390211626], [1.521142616587939, 0.0, 1.5291226046331274, 2.558459882429271, 3.1447845363394924, 4.562775409769804, 5.5267390701932, 6.922392518486654, 7.687363050487469, 7.559748020932973, 8.822236469852754, 9.797376614686199, 10.745388437371632, 2.1695924064210774, 2.1691466478779162, 2.15980416936351, 1.0950648063014352, 1.0960724930404924, 2.1623088632293026, 2.153094995581941, 2.7827191827419453, 3.480255114212175, 3.457057157467894, 2.8502330799427615, 5.111853779207695, 4.719629911338388, 5.703599913212707, 5.347031712081012, 7.0047270289426695, 7.6021204943094665, 10.437486416278587, 9.430720488382635, 10.321819563429695, 11.57560682944959, 11.222372306246124], [2.5192862203409923, 1.5291226046331274, 0.0, 1.531386577582551, 2.559313220377686, 3.90658025131956, 5.08570817979168, 6.412842991996607, 6.908358161676333, 6.628732344875602, 8.044529876257531, 8.860695717041635, 9.843511014368806, 2.7828283328297494, 2.778803148839443, 3.4705006108629344, 2.168773462120929, 2.163452890635708, 1.0968283092626665, 1.0972343323101044, 2.162041907549435, 2.143094402960355, 2.761130690496196, 2.8419922747959747, 4.156529196336771, 4.207323032523174, 5.188659511858529, 5.217227467726512, 6.549439082089396, 7.2261854203998945, 9.506539560218533, 8.36630220886145, 9.435590545376586, 10.588534276754267, 10.433408937638742], [3.8983100659131775, 2.558459882429271, 1.531386577582551, 0.0, 1.530283833149916, 2.5260300809768674, 3.8878304001074944, 5.069792647633629, 5.544934403579541, 5.3852388257160895, 6.608003753025569, 7.452026217076802, 8.511401133773452, 4.186999668020049, 4.2325040378007905, 4.708374980818754, 2.847854216774447, 2.7659271103917393, 2.1621117709313733, 2.1432878971337472, 1.0967738964800358, 1.0971701098735784, 2.1610775876862913, 2.166218950152546, 2.74852639972768, 2.7512511681051586, 4.177905341196711, 4.163979853457507, 5.12265259997201, 5.966851935484909, 8.048003050446738, 7.0046628655489185, 8.194584320757217, 9.27531406152913, 9.07511718106163], [4.554453383228333, 3.1447845363394924, 2.559313220377686, 1.530283833149916, 0.0, 1.5309660936807188, 2.527784945362243, 3.897797065009927, 4.551355447556254, 4.453512719191447, 5.731517346218189, 6.709826593139349, 7.608639492708272, 5.1376161407796905, 4.740703253737784, 5.201181159121455, 2.8575031356063287, 3.4619901111932707, 2.7835049452084686, 3.481401691847696, 2.1631793476270063, 2.1541426554432275, 1.0965986914090315, 1.0956643692299206, 2.1581805855859235, 2.1601589895190583, 2.752896236693276, 2.7458618555928846, 4.147210152620675, 4.669849510423221, 7.415175855635522, 6.409194708385758, 7.197439804541611, 8.46302080169959, 8.082148228039374], [6.023456793237584, 4.562775409769804, 3.90658025131956, 2.5260300809768674, 1.5309660936807188, 0.0, 1.5319393558493104, 2.5439442407411375, 3.174864096303966, 3.3152145119132186, 4.2598134947436375, 5.297636326702692, 6.279865478654777, 6.536941346685008, 6.262292655250152, 6.64248318703179, 4.2945507343609295, 4.67156023080084, 4.176675421911547, 4.660877752097774, 2.7808050578924077, 2.71487369503629, 2.1606342286467646, 2.1539331024894897, 1.0960170345391536, 1.0968525789731272, 2.1654441784539262, 2.153145301645943, 2.7099710312104817, 3.4731702765628985, 5.949952575441252, 5.094043216345931, 5.993406572225849, 7.162091411731631, 6.711286000462206], [6.943769740565999, 5.5267390701932, 5.08570817979168, 3.8878304001074944, 2.527784945362243, 1.5319393558493104, 0.0, 1.5284473592505567, 2.5377329095080117, 2.869070875736603, 3.7036646419458656, 4.894444011325494, 5.593879004769409, 7.614954672222285, 7.083499342133096, 7.441911280040901, 4.987550398742854, 5.703368807994097, 5.189191051599469, 5.971047446637818, 4.194061790198137, 4.14868089999701, 2.756760606218828, 2.742727157411032, 2.1681409571335535, 2.1615526017194213, 1.0966858346855766, 1.096936816776609, 2.16013916218377, 2.1529633206350733, 5.657974049074457, 4.937127178835886, 5.194760191770165, 6.580655082892584, 5.865151466927346], [8.379071200318089, 6.922392518486654, 6.412842991996607, 5.069792647633629, 3.897797065009927, 2.5439442407411375, 1.5284473592505567, 0.0, 1.51218003227129, 2.4342012611943167, 2.3470877550700995, 3.685583908962052, 4.402557194404179, 8.991557669836745, 8.566333742039241, 8.878706329753225, 6.444069491400601, 6.985668481255033, 6.571393512794679, 7.2026637336474355, 5.2136696145805015, 5.154733756461142, 4.187142511307681, 4.164006057872634, 2.791905105837231, 2.769588536226997, 2.1675538862967167, 2.144203556101892, 1.0958347001258903, 1.095778449322672, 4.363551852562313, 3.987829731821558, 4.197914560826602, 5.439604162988332, 4.5381598186930345], [9.100724795861042, 7.687363050487469, 6.908358161676333, 5.544934403579541, 4.551355447556254, 3.174864096303966, 2.5377329095080117, 1.51218003227129, 0.0, 1.2223227110710166, 1.363802896316033, 2.37113831313148, 3.1389562214213824, 9.631723423147074, 9.195158032899705, 9.73251040071368, 7.3184632772187905, 7.844669186141631, 6.944286889954936, 7.593839993705425, 5.812414924968795, 5.329196871011616, 4.6509054344288705, 5.1061512805634734, 2.8614449234608728, 3.5635502143227895, 2.7265965561483423, 3.4548550620829235, 2.138144522711222, 2.112822041725237, 3.2297624587576093, 2.5399776967524734, 2.9504350882539345, 4.098656155375807, 3.546637253794078], [8.879798441406201, 7.559748020932973, 6.628732344875602, 5.3852388257160895, 4.453512719191447, 3.3152145119132186, 2.869070875736603, 2.4342012611943167, 1.2223227110710166, 0.0, 2.297322269512921, 2.709377553978035, 3.275868411581882, 9.392139975000372, 8.84783530701154, 9.597006642177549, 7.226727104990197, 7.8674599032978865, 6.495600457232571, 7.28863765048037, 5.855091455306227, 5.025579465096537, 4.302505592093984, 5.171529269954874, 2.748649584796141, 3.9805724136108864, 2.6463932455324923, 3.9087709411015634, 3.200608143775179, 3.016889369864265, 3.715152232412556, 2.4467831350571303, 2.8161383737309507, 4.0630862912323185, 3.957714097809492], [10.271916993920852, 8.822236469852754, 8.044529876257531, 6.608003753025569, 5.731517346218189, 4.2598134947436375, 3.7036646419458656, 2.3470877550700995, 1.363802896316033, 2.297322269512921, 0.0, 1.435139498446057, 2.4215068986067334, 10.754573229096541, 10.433681023972316, 10.891036589783363, 8.497715638923205, 8.87398955036572, 8.164732653920764, 8.658450552494944, 6.727002858628797, 6.343446338545002, 5.944152462714933, 6.251908404639338, 3.919304102771307, 4.381776474216822, 4.038184909089726, 4.485080741748135, 2.488333719580233, 2.685206766712761, 2.0434961952496997, 2.099042719908292, 2.715637713318918, 3.372032748951291, 2.6577772235460215], [11.201757171533401, 9.797376614686199, 8.860695717041635, 7.452026217076802, 6.709826593139349, 5.297636326702692, 4.894444011325494, 3.685583908962052, 2.37113831313148, 2.709377553978035, 1.435139498446057, 0.0, 1.5171479492785138, 11.621009671280719, 11.301023994753749, 11.903652772993675, 9.545296216461802, 9.906490548120459, 8.900436520193827, 9.38567390281593, 7.639351890049312, 7.0046536424008865, 6.811839227404006, 7.366889241735619, 4.718248347639196, 5.497235888153245, 5.049329965450862, 5.778560248020263, 3.880753398503955, 4.011101153050119, 1.0949791870168126, 1.0959938047270157, 2.1662712687934538, 2.1620378581329236, 2.1603662397843566], [12.11291355083491, 10.745388437371632, 9.843511014368806, 8.511401133773452, 7.608639492708272, 6.279865478654777, 5.593879004769409, 4.402557194404179, 3.1389562214213824, 3.275868411581882, 2.4215068986067334, 1.5171479492785138, 0.0, 12.61219704968171, 12.115541787720433, 12.794174778390362, 10.387182073112996, 10.946408788273896, 9.761005135230695, 10.44789373653848, 8.808846447747856, 8.101850850885864, 7.54937478205977, 8.214575315863872, 5.769579787991496, 6.623796609951124, 5.527286098982031, 6.414456870226815, 4.8267448409875575, 4.401099964781531, 2.1486297633608262, 2.172990635046548, 1.0945665306412393, 1.0936283280895753, 1.09496972104255], [1.0946790716917902, 2.1695924064210774, 2.7828283328297494, 4.186999668020049, 5.1376161407796905, 6.536941346685008, 7.614954672222285, 8.991557669836745, 9.631723423147074, 9.392139975000372, 10.754573229096541, 11.621009671280719, 12.61219704968171, 0.0, 1.7748686740150665, 1.7716911638318908, 3.0598550978763686, 2.501552633865616, 3.1537180232227486, 2.5192086912361984, 4.343000870366019, 4.790854741066567, 5.311361232301942, 5.00133379409933, 6.905317479305351, 6.665156878123725, 7.728329499963107, 7.504411710454058, 9.051089623907169, 9.72239963383526, 12.234258014281046, 11.13746163180821, 12.188932544320688, 13.369898857508234, 13.170705667882794], [1.094732688833215, 2.1691466478779162, 2.778803148839443, 4.2325040378007905, 4.740703253737784, 6.262292655250152, 7.083499342133096, 8.566333742039241, 9.195158032899705, 8.84783530701154, 10.433681023972316, 11.301023994753749, 12.115541787720433, 1.7748686740150665, 0.0, 1.7721567509675888, 2.4970010072084476, 3.065457631414925, 2.586432400044509, 3.053760039688777, 4.741391885301193, 4.872860361225222, 4.586997297797329, 4.5588780604442585, 6.669087873165266, 6.645617325726783, 6.97453502034365, 6.94783141490926, 8.82812337079631, 9.182224578499483, 12.040658399356738, 10.839922835979968, 11.557886902024954, 12.887762740289721, 12.667004960131658], [1.094528578886819, 2.15980416936351, 3.4705006108629344, 4.708374980818754, 5.201181159121455, 6.64248318703179, 7.441911280040901, 8.878706329753225, 9.73251040071368, 9.597006642177549, 10.891036589783363, 11.903652772993675, 12.794174778390362, 1.7716911638318908, 1.7721567509675888, 0.0, 2.462373968348431, 2.4751506499605234, 3.7727362099675084, 3.7226381357848903, 4.849374996842378, 5.5686384484899, 5.360887357518342, 4.716219297276156, 7.245625061373242, 6.778813975172944, 7.545023620904046, 7.0939272099451385, 8.975712144448485, 9.44633897443872, 12.563549551778749, 11.556529860645886, 12.314731485095402, 13.64287944460406, 13.238039658876989], [2.1390959796138183, 1.0950648063014352, 2.168773462120929, 2.847854216774447, 2.8575031356063287, 4.2945507343609295, 4.987550398742854, 6.444069491400601, 7.3184632772187905, 7.226727104990197, 8.497715638923205, 9.545296216461802, 10.387182073112996, 3.0598550978763686, 2.4970010072084476, 2.462373968348431, 0.0, 1.7655440804465912, 2.496327196102306, 3.065456750632767, 3.181145237174814, 3.8509222077315455, 3.065773002033908, 2.286222915640555, 4.992255791723817, 4.553332093094023, 5.099877092636645, 4.668951524700166, 6.616293438172161, 7.002132702255792, 10.241697106436998, 9.264689593289136, 9.904520496722697, 11.266817761018414, 10.799382356875785], [2.1466106517018875, 1.0960724930404924, 2.163452890635708, 2.7659271103917393, 3.4619901111932707, 4.67156023080084, 5.703368807994097, 6.985668481255033, 7.844669186141631, 7.8674599032978865, 8.87398955036572, 9.906490548120459, 10.946408788273896, 2.501552633865616, 3.065457631414925, 2.4751506499605234, 1.7655440804465912, 0.0, 3.069166109874146, 2.526705184622852, 2.538990732554965, 3.7324672764807993, 4.055499643693733, 3.06341285170641, 5.288261590541829, 4.569362249811236, 6.0755427757526315, 5.4509956833591415, 6.898463324538299, 7.683706677118798, 10.453634540197012, 9.595057941461324, 10.617806442481422, 11.79891980310062, 11.370592899668862], [2.7767342220673554, 2.1623088632293026, 1.0968283092626665, 2.1621117709313733, 2.7835049452084686, 4.176675421911547, 5.189191051599469, 6.571393512794679, 6.944286889954936, 6.495600457232571, 8.164732653920764, 8.900436520193827, 9.761005135230695, 3.1537180232227486, 2.586432400044509, 3.7727362099675084, 2.496327196102306, 3.069166109874146, 0.0, 1.7600898783868966, 3.0675644231213792, 2.495636724365147, 2.5335776779092445, 3.1756594228600776, 4.319066609812819, 4.7210131836291245, 5.058161748105729, 5.396403254946761, 6.879193194699506, 7.335550234985784, 9.636986178780168, 8.355845310320195, 9.251724879177935, 10.470392570004242, 10.399768648388289], [2.7103818550160055, 2.153094995581941, 1.0972343323101044, 2.1432878971337472, 3.481401691847696, 4.660877752097774, 5.971047446637818, 7.2026637336474355, 7.593839993705425, 7.28863765048037, 8.658450552494944, 9.38567390281593, 10.44789373653848, 2.5192086912361984, 3.053760039688777, 3.7226381357848903, 3.065456750632767, 2.526705184622852, 1.7600898783868966, 0.0, 2.4959370725240655, 2.3942142761248415, 3.7279090506609736, 3.845649046649993, 4.7543014818162295, 4.843011474279201, 6.118681966731071, 6.172458663288075, 7.257510874259853, 8.084869856095397, 9.965018034604855, 8.814706612814746, 10.099047940276352, 11.13223186113189, 11.089137376730436], [4.167505866822506, 2.7827191827419453, 2.162041907549435, 1.0967738964800358, 2.1631793476270063, 2.7808050578924077, 4.194061790198137, 5.2136696145805015, 5.812414924968795, 5.855091455306227, 6.727002858628797, 7.639351890049312, 8.808846447747856, 4.343000870366019, 4.741391885301193, 4.849374996842378, 3.181145237174814, 2.538990732554965, 3.0675644231213792, 2.4959370725240655, 0.0, 1.7602963244863066, 3.0676413643058082, 2.4944569188502737, 3.1160528317087306, 2.553101488386233, 4.72549224737487, 4.356318124287986, 5.035009122136722, 6.127915776183611, 8.112039770612567, 7.26435418740028, 8.609432462712046, 9.594370869421299, 9.305647744783808], [4.6537292099992245, 3.480255114212175, 2.143094402960355, 1.0971701098735784, 2.1541426554432275, 2.71487369503629, 4.14868089999701, 5.154733756461142, 5.329196871011616, 5.025579465096537, 6.343446338545002, 7.0046536424008865, 8.101850850885864, 4.790854741066567, 4.872860361225222, 5.5686384484899, 3.8509222077315455, 3.7324672764807993, 2.495636724365147, 2.3942142761248415, 1.7602963244863066, 0.0, 2.524732328386517, 3.064180221527448, 2.478785698683934, 3.0249448028021932, 4.358917040963271, 4.672937494767076, 5.2360742326670655, 6.137420346529965, 7.583452192108815, 6.426004235137103, 7.818403247466838, 8.770990569485296, 8.767291444910452], [4.659185217395849, 3.457057157467894, 2.761130690496196, 2.1610775876862913, 1.0965986914090315, 2.1606342286467646, 2.756760606218828, 4.187142511307681, 4.6509054344288705, 4.302505592093984, 5.944152462714933, 6.811839227404006, 7.54937478205977, 5.311361232301942, 4.586997297797329, 5.360887357518342, 3.065773002033908, 4.055499643693733, 2.5335776779092445, 3.7279090506609736, 3.0676413643058082, 2.524732328386517, 0.0, 1.765794342498582, 2.504405887630837, 3.0653510157892194, 2.5265864046178987, 3.080922877970171, 4.681812956537243, 4.864992339151214, 7.630975302017429, 6.448047315273051, 7.000837567748591, 8.364369047334053, 8.083206869182552], [4.277645402555009, 2.8502330799427615, 2.8419922747959747, 2.166218950152546, 1.0956643692299206, 2.1539331024894897, 2.742727157411032, 4.164006057872634, 5.1061512805634734, 5.171529269954874, 6.251908404639338, 7.366889241735619, 8.214575315863872, 5.00133379409933, 4.5588780604442585, 4.716219297276156, 2.286222915640555, 3.06341285170641, 3.1756594228600776, 3.845649046649993, 2.4944569188502737, 3.064180221527448, 1.765794342498582, 0.0, 3.058596431371749, 2.5000646891630622, 3.063270680171767, 2.503916044918439, 4.349981087315208, 4.76569325492105, 8.054540940364014, 7.193709771738084, 7.794996203334547, 9.136601154696423, 8.57194808838691], [6.503159882703177, 5.111853779207695, 4.156529196336771, 2.74852639972768, 2.1581805855859235, 1.0960170345391536, 2.1681409571335535, 2.791905105837231, 2.8614449234608728, 2.748649584796141, 3.919304102771307, 4.718248347639196, 5.769579787991496, 6.905317479305351, 6.669087873165266, 7.245625061373242, 4.992255791723817, 5.288261590541829, 4.319066609812819, 4.7543014818162295, 3.1160528317087306, 2.478785698683934, 2.504405887630837, 3.058596431371749, 0.0, 1.7638162772806016, 2.5250174276626294, 3.0649609736503987, 3.014263513696173, 3.8237282029453925, 5.38035431268239, 4.328249462542565, 5.514544044615112, 6.547949954756832, 6.349287123764367], [6.231449864999316, 4.719629911338388, 4.207323032523174, 2.7512511681051586, 2.1601589895190583, 1.0968525789731272, 2.1615526017194213, 2.769588536226997, 3.5635502143227895, 3.9805724136108864, 4.381776474216822, 5.497235888153245, 6.623796609951124, 6.665156878123725, 6.645617325726783, 6.778813975172944, 4.553332093094023, 4.569362249811236, 4.7210131836291245, 4.843011474279201, 2.553101488386233, 3.0249448028021932, 3.0653510157892194, 2.5000646891630622, 1.7638162772806016, 0.0, 3.0692124902000515, 2.4945102866093776, 2.482125945636119, 3.7076239412863865, 5.9739581392909, 5.383168421106662, 6.500223940757733, 7.5162135819839495, 6.969153803726819], [7.005848431846068, 5.703599913212707, 5.188659511858529, 4.177905341196711, 2.752896236693276, 2.1654441784539262, 1.0966858346855766, 2.1675538862967167, 2.7265965561483423, 2.6463932455324923, 4.038184909089726, 5.049329965450862, 5.527286098982031, 7.728329499963107, 6.97453502034365, 7.545023620904046, 5.099877092636645, 6.0755427757526315, 5.058161748105729, 6.118681966731071, 4.72549224737487, 4.358917040963271, 2.5265864046178987, 3.063270680171767, 2.5250174276626294, 3.0692124902000515, 0.0, 1.7622831497804203, 3.0682476334220485, 2.548408872218114, 5.9535448919110365, 5.005556762239341, 4.932315159233036, 6.468663269949983, 5.878333887250706], [6.74784622453713, 5.347031712081012, 5.217227467726512, 4.163979853457507, 2.7458618555928846, 2.153145301645943, 1.096936816776609, 2.144203556101892, 3.4548550620829235, 3.9087709411015634, 4.485080741748135, 5.778560248020263, 6.414456870226815, 7.504411710454058, 6.94783141490926, 7.0939272099451385, 4.668951524700166, 5.4509956833591415, 5.396403254946761, 6.172458663288075, 4.356318124287986, 4.672937494767076, 3.080922877970171, 2.503916044918439, 3.0649609736503987, 2.4945102866093776, 1.7622831497804203, 0.0, 2.544343620661329, 2.3884265783146867, 6.487230734296414, 5.932932502565658, 6.018132980418429, 7.4461754411241206, 6.546479856380832], [8.50876067415226, 7.0047270289426695, 6.549439082089396, 5.12265259997201, 4.147210152620675, 2.7099710312104817, 2.16013916218377, 1.0958347001258903, 2.138144522711222, 3.200608143775179, 2.488333719580233, 3.880753398503955, 4.8267448409875575, 9.051089623907169, 8.82812337079631, 8.975712144448485, 6.616293438172161, 6.898463324538299, 6.879193194699506, 7.257510874259853, 5.035009122136722, 5.2360742326670655, 4.681812956537243, 4.349981087315208, 3.014263513696173, 2.482125945636119, 3.0682476334220485, 2.544343620661329, 0.0, 1.7785775271266642, 4.308347889852907, 4.241494338084161, 4.849806351804163, 5.834192458258468, 4.884922129369105], [9.028731106307243, 7.6021204943094665, 7.2261854203998945, 5.966851935484909, 4.669849510423221, 3.4731702765628985, 2.1529633206350733, 1.095778449322672, 2.112822041725237, 3.016889369864265, 2.685206766712761, 4.011101153050119, 4.401099964781531, 9.72239963383526, 9.182224578499483, 9.44633897443872, 7.002132702255792, 7.683706677118798, 7.335550234985784, 8.084869856095397, 6.127915776183611, 6.137420346529965, 4.864992339151214, 4.76569325492105, 3.8237282029453925, 3.7076239412863865, 2.548408872218114, 2.3884265783146867, 1.7785775271266642, 0.0, 4.693270761420014, 4.518289667562273, 4.133451571023906, 5.488111640628312, 4.312548243208417], [11.86886692949247, 10.437486416278587, 9.506539560218533, 8.048003050446738, 7.415175855635522, 5.949952575441252, 5.657974049074457, 4.363551852562313, 3.2297624587576093, 3.715152232412556, 2.0434961952496997, 1.0949791870168126, 2.1486297633608262, 12.234258014281046, 12.040658399356738, 12.563549551778749, 10.241697106436998, 10.453634540197012, 9.636986178780168, 9.965018034604855, 8.112039770612567, 7.583452192108815, 7.630975302017429, 8.054540940364014, 5.38035431268239, 5.9739581392909, 5.9535448919110365, 6.487230734296414, 4.308347889852907, 4.693270761420014, 0.0, 1.7618322621634557, 3.0665806837583776, 2.4889892285825588, 2.5011416173419687], [10.78164221025721, 9.430720488382635, 8.36630220886145, 7.0046628655489185, 6.409194708385758, 5.094043216345931, 4.9