{"total energy": -19.82431429, "HOMO-LUMO gap/eV": 5.20734608, "electronic energy": -20.08367562, "dipole": [0.11936583, -0.1382722, 0.60748442], "partial charges": [-0.44299859, 0.0870817, -0.05467383, -0.05727908, -0.02869138, -0.09500232, 0.2825254, 0.01554247, 0.01990699, 0.04883865, 0.03359585, 0.03796163, 0.05603445, 0.02816785, 0.03853861, 0.03045158], "atomic dipole moments": [[-0.03761512, -0.0935558, 0.22186378], [0.04696071, 0.10577699, -0.15847297], [-0.0235262, 0.11291117, 0.03766022], [0.03482402, -0.04132531, 0.09922443], [0.09775943, -0.0993013, -0.06855651], [-0.03117443, 0.07083415, 0.01191028], [0.03100655, 0.04102035, 0.0613609], [0.08979607, -0.05056046, 0.05071218], [-0.06649751, 0.0559419, 0.08315384], [0.07660293, -0.0424802, -0.08961327], [-0.0366354, -0.10110671, 0.06310849], [-0.04053399, -0.07715208, -0.08566586], [0.03920393, 0.1015181, -0.07264475], [-0.07512901, -0.10782044, 0.07196504], [0.06665029, 0.11816741, -0.07038048], [-0.1152937, 0.01808889, 0.09413388]], "atomic quadrupole moments": [[-0.07194308, 0.09733824, 0.04642701, -0.04777601, -0.10156623, 0.02551607], [-0.15932476, 0.3013471, 0.16438985, -0.0631288, -0.18341492, -0.00506509], [0.03904237, -0.00025472, -0.00930842, 0.21556489, 0.06495741, -0.02973395], [0.12778353, -0.16928959, -0.10225148, 0.00634689, -0.00577772, -0.02553205], [0.15587837, 0.04853771, -0.44330336, 0.33180219, 0.0789024, 0.28742498], [0.08652399, 0.07649083, -0.33876953, 0.44101497, 0.06127921, 0.25224554], [-0.03986318, 0.07543565, 0.0165245, 0.05240572, 0.06840966, 0.02333868], [0.01518078, -0.01541367, 0.0113221, 0.02408741, -0.03132307, -0.02650288], [0.00828569, -0.00548945, 0.0034184, -0.044497, 0.00945839, -0.01170409], [0.02340352, -0.01985921, -0.04558062, -0.02675502, 0.01972152, 0.02217709], [-0.01017221, 0.0361838, 0.01185786, -0.00848379, -0.04610968, -0.00168565], [-0.01221039, 0.01997251, 0.01522232, 0.02314677, 0.04802492, -0.00301193], [-0.00678436, 0.0185333, 0.04029381, -0.01389844, -0.0276659, -0.03350944], [-0.01969102, -0.0134645, 0.04499058, -0.04480837, -0.00157996, -0.02529957], [-0.0117379, 0.00559839, 0.03541036, -0.04147327, -0.01699042, -0.02367245], [0.00041125, -0.01475812, 0.02128048, -0.05469611, 0.00119136, -0.02169173]], "number of molecular orbitals": 34, "number of electrons": 36, "number of unpaired electrons": 0, "orbital energies/eV": [-18.58925766, -17.14814971, -16.65844049, -16.18962332, -15.44720168, -15.40656557, -14.63520592, -14.4070788, -13.93998215, -13.36131993, -13.24507883, -12.94028469, -12.34186377, -12.16006764, -11.71944899, -11.47113055, -11.07126039, -10.70174946, -5.49440338, 1.12109547, 2.51263956, 2.82504392, 3.37182084, 3.66874016, 3.73781198, 4.33304135, 4.99758087, 5.17111109, 6.00544313, 6.4048603, 6.8704718, 7.61703174, 11.32831042, 15.58379228], "fractional occupation": [2.0, 2.0, 2.0, 2.0, 2.0, 2.0, 2.0, 2.0, 2.0, 2.0, 2.0, 2.0, 2.0, 2.0, 2.0, 2.0, 2.0, 2.0, 0.0, 0.0, 0.0, 0.0, 0.0, 0.0, 0.0, 0.0, 0.0, 0.0, 0.0, 0.0, 0.0, 0.0, 0.0, 0.0], "program call": "xtb /home/svss/Project-DBcg-Debug/aqme2_20220329/End-to-End-workflows-final/example-3/QDESCP/mol_42_rdkit_conf_11/mol_42_rdkit_conf_11.xyz --pop --wbo --acc 0.2 --gfn 2 --chrg 0 --uhf 0 --etemp 300 --input /home/svss/Project-DBcg-Debug/aqme2_20220329/End-to-End-workflows-final/example-3/QDESCP/mol_42_rdkit_conf_11/mol_42_rdkit_conf_11_xtb.inp", "method": "GFN2-xTB", "xtb version": "6.3.3 (7355c4f)", "Dipole module/D": 1.612, "Total charge": 0, "Transition dipole module/D": NaN, "HOMO": -10.7017, "LUMO": -5.4944, "HOMO occupancy": 2.0, "LUMO occupancy": 0, "mulliken charges": [-0.56955, 0.19853, -0.04629, -0.03969, -0.02587, -0.08565, 0.33579, 0.00893, 0.00872, 0.03945, 0.02134, 0.02977, 0.04281, 0.02154, 0.0318, 0.02836], "cm5 charges": [-0.78407, 0.11189, -0.15259, -0.14474, -0.09019, -0.18772, 0.50394, 0.07114, 0.07185, 0.09634, 0.07641, 0.08448, 0.10076, 0.07708, 0.0848, 0.08063], "FUKUI+": [-0.002, 0.013, 0.01, 0.025, -0.162, -0.126, -0.023, -0.043, 0.007, -0.058, -0.033, -0.088, -0.062, -0.146, -0.158, -0.155], "FUKUI-": [-0.116, 0.02, 0.007, 0.004, -0.047, -0.062, -0.06, -0.126, -0.087, -0.075, -0.058, -0.106, -0.052, -0.076, -0.077, -0.091], "FUKUIrad": [-0.059, 0.017, 0.008, 0.015, -0.104, -0.094, -0.041, -0.084, -0.04, -0.067, -0.045, -0.097, -0.057, -0.111, -0.117, -0.123], "s proportion": [1.695, 0.99, 1.031, 1.027, 1.073, 1.048, 0.664, 0.991, 0.991, 0.961, 0.979, 0.97, 0.957, 0.978, 0.968, 0.972], "p proportion": [4.874, 2.812, 3.015, 3.013, 2.953, 3.037, 0.0, 0.0, 0.0, 0.0, 0.0, 0.0, 0.0, 0.0, 0.0, 0.0], "d proportion": [0.0, 0.0, 0.0, 0.0, 0.0, 0.0, 0.0, 0.0, 0.0, 0.0, 0.0, 0.0, 0.0, 0.0, 0.0, 0.0], "Fermi-level/eV": -8.0981, "Coordination numbers": [1.653, 3.674, 3.8, 3.803, 2.885, 2.834, 0.804, 0.924, 0.924, 0.924, 0.924, 0.924, 0.924, 0.925, 0.925, 0.925], "Dispersion coefficient C6": [21.703, 19.357, 21.557, 21.602, 28.715, 30.378, 0.776, 2.802, 2.735, 2.335, 2.536, 2.476, 2.246, 2.613, 2.468, 2.58], "Total dispersion C6": 1963.643984, "Total dispersion C8": 42185.082284, "Polarizability alpha": [6.289, 6.305, 6.611, 6.617, 8.785, 9.032, 1.384, 2.618, 2.586, 2.389, 2.49, 2.461, 2.344, 2.528, 2.457, 2.512], "Total polarizability alpha": 67.40739, "Wiberg matrix": [[0.0, 0.9895682214497721, 0.0, 0.0, 0.0, 0.0, 0.9075991127058437, 0.0, 0.0, 0.0, 0.0, 0.0, 0.0, 0.0, 0.0, 0.0], [0.9895682214497721, 0.0, 1.0072946569281531, 0.0, 0.0, 0.0, 0.0, 0.973089978337362, 0.9729451652950015, 0.0, 0.0, 0.0, 0.0, 0.0, 0.0, 0.0], [0.0, 1.0072946569281531, 0.0, 0.9929327100862579, 0.0, 0.0, 0.0, 0.0, 0.0, 0.9746946377737199, 0.975668146900151, 0.0, 0.0, 0.0, 0.0, 0.0], [0.0, 0.0, 0.9929327100862579, 0.0, 1.0270458381453595, 0.0, 0.0, 0.0, 0.0, 0.0, 0.0, 0.9616439376303056, 0.9730807017366131, 0.0, 0.0, 0.0], [0.0, 0.0, 0.0, 1.0270458381453595, 0.0, 1.9756857504672167, 0.0, 0.0, 0.0, 0.0, 0.0, 0.0, 0.0, 0.9678457293800898, 0.0, 0.0], [0.0, 0.0, 0.0, 0.0, 1.9756857504672167, 0.0, 0.0, 0.0, 0.0, 0.0, 0.0, 0.0, 0.0, 0.0, 0.9765137647445792, 0.9784123203154553], [0.9075991127058437, 0.0, 0.0, 0.0, 0.0, 0.0, 0.0, 0.0, 0.0, 0.0, 0.0, 0.0, 0.0, 0.0, 0.0, 0.0], [0.0, 0.973089978337362, 0.0, 0.0, 0.0, 0.0, 0.0, 0.0, 0.0, 0.0, 0.0, 0.0, 0.0, 0.0, 0.0, 0.0], [0.0, 0.9729451652950015, 0.0, 0.0, 0.0, 0.0, 0.0, 0.0, 0.0, 0.0, 0.0, 0.0, 0.0, 0.0, 0.0, 0.0], [0.0, 0.0, 0.9746946377737199, 0.0, 0.0, 0.0, 0.0, 0.0, 0.0, 0.0, 0.0, 0.0, 0.0, 0.0, 0.0, 0.0], [0.0, 0.0, 0.975668146900151, 0.0, 0.0, 0.0, 0.0, 0.0, 0.0, 0.0, 0.0, 0.0, 0.0, 0.0, 0.0, 0.0], [0.0, 0.0, 0.0, 0.9616439376303056, 0.0, 0.0, 0.0, 0.0, 0.0, 0.0, 0.0, 0.0, 0.0, 0.0, 0.0, 0.0], [0.0, 0.0, 0.0, 0.9730807017366131, 0.0, 0.0, 0.0, 0.0, 0.0, 0.0, 0.0, 0.0, 0.0, 0.0, 0.0, 0.0], [0.0, 0.0, 0.0, 0.0, 0.9678457293800898, 0.0, 0.0, 0.0, 0.0, 0.0, 0.0, 0.0, 0.0, 0.0, 0.0, 0.0], [0.0, 0.0, 0.0, 0.0, 0.0, 0.9765137647445792, 0.0, 0.0, 0.0, 0.0, 0.0, 0.0, 0.0, 0.0, 0.0, 0.0], [0.0, 0.0, 0.0, 0.0, 0.0, 0.9784123203154553, 0.0, 0.0, 0.0, 0.0, 0.0, 0.0, 0.0, 0.0, 0.0, 0.0]], "Born radii": [], "Atomic SASAs": [], "Solvent H bonds": [], "Total SASA": NaN, "Total FOD": 0.0, "FOD": [0.0, 0.0, 0.0, 0.0, 0.0, 0.0, 0.0, 0.0, 0.0, 0.0, 0.0, 0.0, 0.0, 0.0, 0.0, 0.0], "FOD s proportion": [0.0, 0.0, 0.0, 0.0, 0.0, 0.0, 0.0, 0.0, 0.0, 0.0, 0.0, 0.0, 0.0, 0.0, 0.0, 0.0], "FOD p proportion": [0.0, 0.0, 0.0, 0.0, 0.0, 0.0, 0.0, 0.0, 0.0, 0.0, 0.0, 0.0, 0.0, 0.0, 0.0, 0.0], "FOD d proportion": [0.0, 0.0, 0.0, 0.0, 0.0, 0.0, 0.0, 0.0, 0.0, 0.0, 0.0, 0.0, 0.0, 0.0, 0.0, 0.0], "coordinates": [["2.05810", "0.92920", "-0.05960"], ["1.46580", "-0.11790", "0.69770"], ["0.72180", "-1.07190", "-0.23010"], ["-0.46080", "-0.42280", "-0.95610"], ["-1.59660", "-0.08230", "-0.03120"], ["-2.03880", "1.16320", "0.18220"], ["2.49130", "1.52640", "0.57390"], ["2.26620", "-0.65500", "1.21660"], ["0.80040", "0.31850", "1.44860"], ["1.42130", "-1.43930", "-0.99130"], ["0.37750", "-1.94130", "0.34280"], ["-0.84150", "-1.12830", "-1.70500"], ["-0.12480", "0.46210", "-1.50970"], ["-2.08680", "-0.91170", "0.47440"], ["-1.58280", "2.01900", "-0.30680"], ["-2.87040", "1.35210", "0.85380"]], "bond_dist": [[0.0, 1.4215276958258674, 2.4122954110141652, 2.996076344154134, 3.7921986894148887, 4.110694935166072, 0.9724362858305935, 2.04491605940195, 2.0565580516970585, 2.623617994297188, 3.350539116321432, 3.9176941649393715, 2.6619588332654582, 4.566646999714342, 3.808533141512622, 5.030234211247027], [1.4215276958258674, 0.0, 1.5246195722212148, 2.557304442181259, 3.1481512558960696, 3.7668526145842236, 1.9418288235578334, 1.0947025988824544, 1.0940991408460206, 2.1449473676526427, 2.152937170472004, 3.481021220848848, 2.78190997697625, 3.647046488598685, 3.85607622071971, 4.581255030010881], [2.4122954110141652, 1.5246195722212148, 0.0, 1.5319757080319516, 2.528605926197279, 3.57583216328731, 3.244797241739459, 2.156830512580903, 2.1811519456470703, 1.0971364773810048, 1.0966372508719553, 2.1499808975895576, 2.169622944200213, 2.900037629066216, 3.856258142292863, 4.467047800281524], [2.996076344154134, 2.557304442181259, 1.5319757080319516, 0.0, 1.5038024803809842, 2.5102204863318285, 3.8542411769374265, 3.494434307581128, 2.8147350177236934, 2.1393484288446327, 2.16696339378403, 1.0970478339616738, 1.0965477508982453, 2.220186807455625, 2.7645726125388714, 3.497453384964552], [3.7921986894148887, 3.1481512558960696, 2.528605926197279, 1.5038024803809842, 0.0, 1.3387870069581644, 4.434522309110644, 4.0995382630242645, 2.8453572148326125, 3.4454261594177287, 2.7373030175703965, 2.1132672452863126, 2.1560447235621063, 1.0880403301348713, 2.1193412868153163, 2.1126511306886426], [4.110694935166072, 3.7668526145842236, 3.57583216328731, 2.5102204863318285, 1.3387870069581644, 0.0, 4.561485409381466, 4.786320047802905, 3.2215436812186797, 4.485799874046991, 3.9372856513085255, 3.2009410147642523, 2.6490494181875883, 2.0959233883899477, 1.086025156246392, 1.0854899032234246], [0.9724362858305935, 1.9418288235578334, 3.244797241739459, 3.8542411769374265, 4.434522309110644, 4.561485409381466, 0.0, 2.285221927953607, 2.254609791072504, 3.5199612966622236, 4.0677390452191, 4.832015432508468, 3.509715467099862, 5.187796398279331, 4.1972107476275236, 5.371829426740949], [2.04491605940195, 1.0947025988824544, 2.156830512580903, 3.494434307581128, 4.0995382630242645, 4.786320047802905, 2.285221927953607, 0.0, 1.7748509486714652, 2.4907438467253114, 2.4464835621765375, 4.291568331041694, 3.794404446023117, 4.423275339609778, 4.928064991454557, 5.526729033524259], [2.0565580516970585, 1.0940991408460206, 2.1811519456470703, 2.8147350177236934, 2.8453572148326125, 3.2215436812186797, 2.254609791072504, 1.7748509486714652, 0.0, 3.0705845795222775, 2.551143682743095, 3.8385229984982505, 3.1029268264011645, 3.2860890919145818, 3.4136156271613243, 3.859648771585311], [2.623617994297188, 2.1449473676526427, 1.0971364773810048, 2.1393484288446327, 3.4454261594177287, 4.485799874046991, 3.5199612966622236, 2.4907438467253114, 3.0705845795222775, 0.0, 1.7667329311472066, 2.392979843208045, 2.504892358964752, 3.8384116324333952, 4.6317378973771826, 5.441966267811663], [3.350539116321432, 2.152937170472004, 1.0966372508719553, 2.16696339378403, 2.7373030175703965, 3.9372856513085255, 4.0677390452191, 2.4464835621765375, 2.551143682743095, 1.7667329311472066, 0.0, 2.5180180380608874, 3.0757752030992123, 2.673980031713027, 4.466400378380783, 4.653650069569047], [3.9176941649393715, 3.481021220848848, 2.1499808975895576, 1.0970478339616738, 2.1132672452863126, 3.2009410147642523, 4.832015432508468, 4.291568331041694, 3.8385229984982505, 2.392979843208045, 2.5180180380608874, 0.0, 1.7553270749350391, 2.5194189826227795, 3.522781034921132, 4.100765393191862], [2.6619588332654582, 2.78190997697625, 2.169622944200213, 1.0965477508982453, 2.1560447235621063, 2.6490494181875883, 3.509715467099862, 3.794404446023117, 3.1029268264011645, 2.504892358964752, 3.0757752030992123, 1.7553270749350391, 0.0, 3.1102127338817196, 2.4488099191239816, 3.730489459843038], [4.566646999714342, 3.647046488598685, 2.900037629066216, 2.220186807455625, 1.0880403301348713, 2.0959233883899477, 5.187796398279331, 4.423275339609778, 3.2860890919145818, 3.8384116324333952, 2.673980031713027, 2.5194189826227795, 3.1102127338817196, 0.0, 3.0746206156207303, 2.4254409413547875], [3.808533141512622, 3.85607622071971, 3.856258142292863, 2.7645726125388714, 2.1193412868153163, 1.086025156246392, 4.1972107476275236, 4.928064991454557, 3.4136156271613243, 4.6317378973771826, 4.466400378380783, 3.522781034921132, 2.4488099191239816, 3.0746206156207303, 0.0, 1.8573265006454844], [5.030234211247027, 4.581255030010881, 4.467047800281524, 3.497453384964552, 2.1126511306886426, 1.0854899032234246, 5.371829426740949, 5.526729033524259, 3.859648771585311, 5.441966267811663, 4.653650069569047, 4.100765393191862, 3.730489459843038, 2.4254409413547875, 1.8573265006454844, 0.0]]}