{"total energy": -65.29381687, "HOMO-LUMO gap/eV": 4.01360067, "electronic energy": -66.10627659, "dipole": [-0.36791598, -0.83900915, 1.02083107], "partial charges": [-0.10212128, -0.05314196, -0.06289329, 0.08353461, -0.31688709, 0.14820669, -0.11289732, 0.26422377, -0.41905364, 0.00750789, -0.16553222, 0.04161365, 0.00444524, -0.05182816, -0.09507668, -0.04088439, -0.03366648, -0.03901562, 0.00220346, -0.05415796, -0.0957911, 0.03300095, 0.03270193, 0.0340707, 0.04713417, 0.02944153, 0.03954909, 0.04584858, 0.03332147, 0.02921821, 0.05114505, 0.05604645, 0.06619681, 0.08468097, 0.0400409, 0.03580448, 0.03888762, 0.03390341, 0.04633494, 0.04055017, 0.03855212, 0.04169144, 0.04841043, 0.03567775, 0.02975885, 0.03854352, 0.04070035], "atomic dipole moments": [[-0.09157645, 0.01529219, -0.0483136], [0.07922603, 0.09601117, 0.00203141], [-0.09427582, -0.06998967, -0.04614489], [-0.13213196, -0.04780735, 0.17125905], [-0.02414045, 0.1215399, -0.24536238], [0.12072419, -0.16727276, -0.0472634], [-0.02363576, 0.06460138, 0.03200828], [-0.01815993, -0.01818274, 0.0097354], [-0.11208256, -0.13923718, 0.0691628], [-0.12636469, 0.14229896, -0.06366202], [0.14795692, -0.0006382, 0.05629708], [0.1458389, 0.11783969, -0.06256926], [0.07575929, 0.0006747, -0.00134715], [-0.05160166, 0.02766113, 0.09329194], [-0.03419146, 0.00355625, -0.11139839], [0.01445553, 0.01461364, -0.0058203], [0.00012339, 0.00047807, -0.00209331], [0.01755784, 0.00998116, -0.00734248], [0.01156954, 0.07124928, -0.02891056], [-0.00703654, -0.01581263, 0.10941648], [0.03563122, -0.06594435, -0.08129349], [0.00835483, -0.11721344, 0.04100646], [0.096954, 0.01998775, -0.07723054], [0.01214087, 0.07629689, 0.0998431], [-0.0909361, -0.02846876, 0.08218262], [-0.00786604, -0.08243249, -0.0915725], [0.09787326, 0.03086596, -0.07018798], [0.00092856, 0.07712698, 0.09892097], [0.00088155, 0.11542389, -0.03822847], [-0.00347307, -0.07697631, -0.09452476], [0.01257409, 0.11818031, -0.04917689], [-0.07486018, 0.01953697, 0.09675644], [-0.04764578, -0.11478866, 0.05135239], [0.09607421, -0.04348466, -0.08309935], [0.08968745, 0.05627104, -0.07010569], [0.0035128, -0.11179477, -0.05129411], [0.11622756, -0.04821599, 0.00562265], [-0.07145969, -0.07387462, 0.07190028], [0.00110338, 0.11581538, 0.05858284], [0.01802933, -0.1402727, 0.054499], [-0.11512164, -0.0865524, 0.04564495], [-0.14511774, 0.04516777, -0.00370534], [-0.09258721, -0.00501576, -0.08636253], [0.08954028, 0.06042976, -0.06663493], [0.0903104, 0.01368522, 0.08703045], [-0.10301857, -0.0392724, 0.06197867], [-0.02660496, 0.11544301, -0.04417554]], "atomic quadrupole moments": [[0.15268905, -0.04228714, -0.10221686, 0.14767796, -0.03094076, -0.05047219], [0.04228976, -0.05677898, 0.08905115, 0.16382614, -0.11958205, -0.13134091], [0.05152748, -0.05763865, 0.04915771, 0.18514663, -0.12533247, -0.10068519], [0.33123777, 0.04393931, -0.33142687, -0.17289458, -0.1188837, 0.0001891], [0.12037516, -0.03082984, -0.11975425, -0.01493502, -0.06098516, -0.00062091], [0.20919627, -0.05868344, -0.12538029, 0.26632021, 0.11555085, -0.08381599], [0.02094753, 0.03905546, 0.03972234, 0.02147429, 0.00197333, -0.06066987], [0.23670993, -0.36524975, 0.02305437, 0.09298312, -0.02357181, -0.2597643], [0.09054657, -0.1315328, 0.00562401, 0.02341789, -0.03968171, -0.09617059], [0.06831028, -0.12544331, -0.06773009, 0.32086481, -0.07091478, -0.00058018], [0.17886551, -0.26758752, -0.13611341, 0.35369909, -0.19619449, -0.0427521], [-0.14345595, 0.27280841, -0.14055631, -0.04344817, 0.18867615, 0.28401226], [-0.12067139, -0.05747671, -0.21367054, 0.06870527, 0.26757286, 0.33434194], [0.05570738, -0.08743883, -0.12769751, 0.09865048, -0.03261296, 0.07199013], [-0.07113782, 0.00202069, -0.13440985, 0.10586154, -0.02363755, 0.20554767], [-0.22852009, 0.00619622, -0.16913501, 0.05840182, 0.26339073, 0.3976551], [-0.26545912, 0.00711062, -0.15690465, 0.06791811, 0.27063765, 0.42236376], [-0.27459793, 0.01482752, -0.13369094, 0.06311766, 0.24499032, 0.40828886], [-0.3434716, -0.0125145, -0.03405281, 0.08200109, 0.17321473, 0.37752441], [-0.13267558, -0.0980744, 0.12623877, -0.06012613, 0.05851023, 0.00643681], [-0.09600458, -0.05549585, 0.01131947, -0.07107946, 0.16162219, 0.08468511], [-0.0324475, 0.00120838, 0.07035047, 0.01015393, -0.03926453, -0.03790297], [0.02538629, 0.01720424, -0.04802574, -0.05145217, -0.01924635, 0.02263945], [-0.0298519, -0.00526366, 0.00549899, 0.0045531, 0.064688, 0.02435292], [0.01977399, -0.0009936, -0.02736865, -0.03776726, -0.01181208, 0.00759465], [-0.03168872, -0.00891662, 0.00041335, 0.00775452, 0.03971994, 0.03127537], [0.02757351, 0.00257714, -0.02850673, -0.04609601, -0.01931337, 0.00093322], [-0.04297454, -0.01243452, 0.01061405, -0.00012509, 0.03417876, 0.0323605], [-0.00487102, -0.00449189, 0.03518949, -0.00786105, -0.02113798, -0.03031847], [-0.00347247, 0.00672879, -0.00455313, -0.00437208, 0.03965491, 0.0080256], [-0.00473533, 0.0149467, 0.00181583, 0.01324046, -0.02822338, 0.0029195], [0.02543113, 0.01187689, -0.04821093, -0.02708734, 0.00451381, 0.0227798], [0.0040635, 0.02806746, -0.00087209, -0.00867358, -0.04017623, -0.00319141], [0.01768947, -0.01094397, -0.03266011, -0.02979426, 0.00611871, 0.01497063], [0.00155778, 0.03662005, 0.00928618, -0.0116749, -0.03808186, -0.01084396], [-0.02370762, 0.01126341, 0.05284961, 0.01145816, 0.0251205, -0.02914199], [0.06239461, -0.04632862, -0.03688843, -0.00439406, 0.00192645, -0.02550617], [0.01047337, 0.05697027, -0.00311052, -0.03109323, -0.03086542, -0.00736285], [-0.04903781, -0.00480709, 0.06690042, 0.00345565, 0.03081725, -0.01786261], [0.04214414, -0.00863272, 0.01388905, -0.00627685, -0.03120987, -0.05603319], [0.03295737, -0.00884824, 0.02274288, -0.00473323, -0.03457305, -0.05570025], [0.02275067, -0.0048045, 0.03063512, -0.00594755, -0.03762644, -0.05338579], [0.03033966, 0.01044653, -0.01665779, 0.04146843, 0.00994637, -0.01368188], [0.0415035, 0.0208217, -0.0125717, -0.03445887, -0.00226412, -0.0289318], [0.03855224, -0.00423469, -0.04596714, 0.05453098, 0.0093694, 0.00741491], [0.03425462, 0.04796365, -0.01708546, -0.0417511, -0.01063311, -0.01716916], [-0.04789319, -0.0247409, 0.05411727, 0.00389197, -0.04127573, -0.00622409]], "number of molecular orbitals": 115, "number of electrons": 118, "number of unpaired electrons": 0, "orbital energies/eV": [-28.74353437, -19.29887744, -19.11532933, -18.44879001, -18.00970155, -17.88605951, -17.48665941, -17.39905176, -17.26933032, -16.99124782, -16.90577032, -16.62369059, -16.60320834, -16.37889278, -16.12876864, -15.97844097, -15.85415448, -15.70179189, -15.5130744, -15.4528812, -15.26052069, -15.23211723, -15.0533086, -14.78473777, -14.59462588, -14.35673582, -14.28911315, -14.19654865, -13.99524548, -13.94031441, -13.7251326, -13.70389934, -13.66499484, -13.56915449, -13.53865911, -13.43093078, -13.33449639, -13.15260935, -13.03278468, -12.9193306, -12.76824806, -12.65207621, -12.61365634, -12.49521337, -12.341948, -12.16257402, -12.05363362, -11.97612692, -11.8712866, -11.82590787, -11.77284628, -11.66666543, -11.49778821, -11.41782279, -11.28204279, -11.22747711, -11.05193765, -10.92929708, -10.788, -6.77439933, -6.51331589, -6.46388096, -4.13417604, -3.23543272, -0.78844518, 0.22732083, 0.33299265, 0.38268175, 0.53802067, 0.55051843, 1.35916049, 1.67300175, 2.01956238, 2.77425846, 2.87007772, 2.97493393, 3.10985042, 3.30164631, 3.31263104, 3.46546877, 3.5462669, 3.72241979, 3.74878389, 3.77299535, 3.99732198, 4.00650899, 4.2055133, 4.27079624, 4.34337492, 4.45647701, 4.58937808, 4.70501854, 4.85758462, 4.94893831, 5.07673526, 5.31129037, 5.32011891, 5.66801208, 5.91041137, 6.53831647, 6.6523548, 6.71900767, 6.82251779, 7.01590756, 7.07946573, 7.35776357, 8.23656023, 8.32117568, 9.73376333, 10.39474028, 11.38566329, 11.58894463, 14.56441508, 15.9300975, 16.32259214], "fractional occupation": [2.0, 2.0, 2.0, 2.0, 2.0, 2.0, 2.0, 2.0, 2.0, 2.0, 2.0, 2.0, 2.0, 2.0, 2.0, 2.0, 2.0, 2.0, 2.0, 2.0, 2.0, 2.0, 2.0, 2.0, 2.0, 2.0, 2.0, 2.0, 2.0, 2.0, 2.0, 2.0, 2.0, 2.0, 2.0, 2.0, 2.0, 2.0, 2.0, 2.0, 2.0, 2.0, 2.0, 2.0, 2.0, 2.0, 2.0, 2.0, 2.0, 2.0, 2.0, 2.0, 2.0, 2.0, 2.0, 2.0, 2.0, 2.0, 2.0, 0.0, 0.0, 0.0, 0.0, 0.0, 0.0, 0.0, 0.0, 0.0, 0.0, 0.0, 0.0, 0.0, 0.0, 0.0, 0.0, 0.0, 0.0, 0.0, 0.0, 0.0, 0.0, 0.0, 0.0, 0.0, 0.0, 0.0, 0.0, 0.0, 0.0, 0.0, 0.0, 0.0, 0.0, 0.0, 0.0, 0.0, 0.0, 0.0, 0.0, 0.0, 0.0, 0.0, 0.0, 0.0, 0.0, 0.0, 0.0, 0.0, 0.0, 0.0, 0.0, 0.0, 0.0, 0.0, 0.0], "program call": "xtb /home/svss/Project-DBcg-Debug/aqme2_20220329/End-to-End-workflows-final/example-3/QDESCP/mol_376_rdkit_conf_6/mol_376_rdkit_conf_6.xyz --pop --wbo --acc 0.2 --gfn 2 --chrg 0 --uhf 0 --etemp 300 --input /home/svss/Project-DBcg-Debug/aqme2_20220329/End-to-End-workflows-final/example-3/QDESCP/mol_376_rdkit_conf_6/mol_376_rdkit_conf_6_xtb.inp", "method": "GFN2-xTB", "xtb version": "6.3.3 (7355c4f)", "Dipole module/D": 3.486, "Total charge": 0, "Transition dipole module/D": NaN, "HOMO": -10.788, "LUMO": -6.7744, "HOMO occupancy": 2.0, "LUMO occupancy": 0, "mulliken charges": [-0.08522, -0.03479, -0.05437, 0.19723, -0.47103, 0.317, -0.2822, 0.45946, -0.5461, 0.03101, -0.11713, 0.10123, -0.00505, -0.03613, -0.07518, -0.04284, -0.02541, -0.04098, -0.01406, -0.04265, -0.07857, 0.02715, 0.02544, 0.02723, 0.03173, 0.01907, 0.02477, 0.03264, 0.02405, 0.02457, 0.04903, 0.03747, 0.03575, 0.06084, 0.03545, 0.02717, 0.03099, 0.02457, 0.0389, 0.0355, 0.0348, 0.03573, 0.03671, 0.03429, 0.02603, 0.03029, 0.03559], "cm5 charges": [-0.23561, -0.14671, -0.16183, 0.11545, -0.56693, 0.2976, -0.52978, 0.54939, -0.59358, -0.05851, -0.12409, 0.15702, -0.01298, -0.13996, -0.22439, -0.096, -0.08075, -0.0941, -0.02207, -0.14685, -0.22772, 0.07793, 0.07673, 0.07855, 0.08959, 0.07448, 0.07999, 0.08985, 0.08858, 0.09268, 0.12517, 0.11231, 0.09669, 0.11911, 0.09777, 0.08253, 0.08223, 0.07631, 0.09268, 0.09197, 0.09019, 0.09218, 0.09234, 0.09608, 0.07806, 0.08198, 0.08642], "FUKUI+": [0.005, 0.001, 0.004, 0.006, -0.017, 0.017, -0.05, -0.054, -0.124, 0.016, -0.11, -0.023, -0.037, 0.01, 0.011, -0.028, -0.032, -0.028, -0.034, 0.01, 0.011, -0.008, -0.009, -0.008, 0.005, 0.003, -0.015, -0.012, -0.008, 0.008, -0.025, -0.025, -0.039, -0.056, -0.014, -0.03, -0.029, -0.016, -0.012, -0.057, -0.059, -0.055, -0.026, -0.01, -0.013, -0.017, -0.028], "FUKUI-": [0.012, 0.002, 0.008, 0.013, -0.051, 0.015, -0.021, -0.005, -0.072, 0.014, -0.116, -0.009, -0.021, 0.006, 0.008, -0.019, -0.02, -0.021, -0.019, 0.007, 0.008, -0.027, -0.039, -0.032, -0.034, -0.029, -0.034, -0.03, -0.039, -0.032, -0.027, -0.027, -0.029, -0.035, -0.008, -0.033, -0.021, -0.022, -0.009, -0.037, -0.041, -0.039, -0.028, -0.01, -0.011, -0.017, -0.025], "FUKUIrad": [0.009, 0.001, 0.006, 0.009, -0.034, 0.016, -0.036, -0.029, -0.098, 0.015, -0.113, -0.016, -0.029, 0.008, 0.009, -0.023, -0.026, -0.024, -0.027, 0.009, 0.01, -0.018, -0.024, -0.02, -0.015, -0.013, -0.024, -0.021, -0.023, -0.012, -0.026, -0.026, -0.034, -0.045, -0.011, -0.032, -0.025, -0.019, -0.01, -0.047, -0.05, -0.047, -0.027, -0.01, -0.012, -0.017, -0.027], "s proportion": [1.008, 1.026, 1.034, 0.996, 1.696, 0.975, 1.445, 1.012, 1.734, 1.049, 1.949, 1.051, 1.097, 1.025, 1.008, 1.063, 1.061, 1.062, 1.098, 1.027, 1.009, 0.973, 0.975, 0.973, 0.968, 0.981, 0.975, 0.967, 0.976, 0.975, 0.951, 0.963, 0.964, 0.939, 0.965, 0.973, 0.969, 0.975, 0.961, 0.964, 0.965, 0.964, 0.963, 0.966, 0.974, 0.97, 0.964], "p proportion": [3.077, 3.009, 3.021, 2.807, 4.775, 2.708, 3.837, 2.529, 4.812, 2.92, 5.183, 2.847, 2.908, 3.011, 3.067, 2.98, 2.965, 2.979, 2.916, 3.016, 3.07, 0.0, 0.0, 0.0, 0.0, 0.0, 0.0, 0.0, 0.0, 0.0, 0.0, 0.0, 0.0, 0.0, 0.0, 0.0, 0.0, 0.0, 0.0, 0.0, 0.0, 0.0, 0.0, 0.0, 0.0, 0.0, 0.0], "d proportion": [0.0, 0.0, 0.0, 0.0, 0.0, 0.0, 0.0, 0.0, 0.0, 0.0, -0.015, 0.0, 0.0, 0.0, 0.0, 0.0, 0.0, 0.0, 0.0, 0.0, 0.0, 0.0, 0.0, 0.0, 0.0, 0.0, 0.0, 0.0, 0.0, 0.0, 0.0, 0.0, 0.0, 0.0, 0.0, 0.0, 0.0, 0.0, 0.0, 0.0, 0.0, 0.0, 0.0, 0.0, 0.0, 0.0, 0.0], "Fermi-level/eV": -8.7812, "Coordination numbers": [3.75, 3.8, 3.8, 3.694, 1.697, 3.64, 2.733, 2.793, 0.857, 3.714, 0.927, 2.91, 2.96, 3.804, 3.75, 2.915, 2.906, 2.915, 2.959, 3.804, 3.75, 0.924, 0.924, 0.924, 0.924, 0.924, 0.924, 0.924, 0.924, 0.924, 0.924, 0.924, 0.925, 0.924, 0.924, 0.924, 0.924, 0.924, 0.924, 0.925, 0.925, 0.925, 0.924, 0.924, 0.924, 0.924, 0.924], "Dispersion coefficient C6": [22.514, 21.529, 21.708, 19.358, 19.292, 18.52, 23.463, 22.547, 22.065, 20.578, 104.33, 27.067, 27.922, 21.502, 22.379, 29.016, 28.838, 28.97, 27.975, 21.544, 22.393, 2.544, 2.548, 2.529, 2.356, 2.595, 2.455, 2.373, 2.54, 2.598, 2.306, 2.246, 2.128, 1.932, 2.448, 2.506, 2.464, 2.532, 2.366, 2.442, 2.468, 2.426, 2.34, 2.507, 2.59, 2.468, 2.44], "Total dispersion C6": 21625.464588, "Total dispersion C8": 509475.735936, "Polarizability alpha": [6.767, 6.606, 6.634, 6.295, 5.93, 6.189, 7.194, 7.778, 6.298, 6.482, 15.626, 8.531, 8.667, 6.601, 6.747, 8.833, 8.805, 8.826, 8.675, 6.608, 6.749, 2.494, 2.497, 2.487, 2.4, 2.519, 2.45, 2.409, 2.492, 2.52, 2.375, 2.344, 2.281, 2.173, 2.447, 2.475, 2.455, 2.488, 2.406, 2.444, 2.457, 2.436, 2.392, 2.476, 2.517, 2.457, 2.443], "Total polarizability alpha": 224.176476, "Wiberg matrix": [[0.0, 1.020304566727004, 0.0, 0.0, 0.0, 0.0, 0.0, 0.0, 0.0, 0.0, 0.0, 0.0, 0.0, 0.0, 0.0, 0.0, 0.0, 0.0, 0.0, 0.0, 0.0, 0.9873692377222434, 0.9874657073961489, 0.9876705665996122, 0.0, 0.0, 0.0, 0.0, 0.0, 0.0, 0.0, 0.0, 0.0, 0.0, 0.0, 0.0, 0.0, 0.0, 0.0, 0.0, 0.0, 0.0, 0.0, 0.0, 0.0, 0.0, 0.0], [1.020304566727004, 0.0, 1.0081906553519238, 0.0, 0.0, 0.0, 0.0, 0.0, 0.0, 0.0, 0.0, 0.0, 0.0, 0.0, 0.0, 0.0, 0.0, 0.0, 0.0, 0.0, 0.0, 0.0, 0.0, 0.0, 0.9749998058711546, 0.9776271087335626, 0.0, 0.0, 0.0, 0.0, 0.0, 0.0, 0.0, 0.0, 0.0, 0.0, 0.0, 0.0, 0.0, 0.0, 0.0, 0.0, 0.0, 0.0, 0.0, 0.0, 0.0], [0.0, 1.0081906553519238, 0.0, 1.0024157663087567, 0.0, 0.0, 0.0, 0.0, 0.0, 0.0, 0.0, 0.0, 0.0, 0.0, 0.0, 0.0, 0.0, 0.0, 0.0, 0.0, 0.0, 0.0, 0.0, 0.0, 0.0, 0.0, 0.9744386933973577, 0.9761684575397782, 0.0, 0.0, 0.0, 0.0, 0.0, 0.0, 0.0, 0.0, 0.0, 0.0, 0.0, 0.0, 0.0, 0.0, 0.0, 0.0, 0.0, 0.0, 0.0], [0.0, 0.0, 1.0024157663087567, 0.0, 0.9675295283911111, 0.0, 0.0, 0.0, 0.0, 0.0, 0.0, 0.0, 0.0, 0.0, 0.0, 0.0, 0.0, 0.0, 0.0, 0.0, 0.0, 0.0, 0.0, 0.0, 0.0, 0.0, 0.0, 0.0, 0.968624931573991, 0.970230743521785, 0.0, 0.0, 0.0, 0.0, 0.0, 0.0, 0.0, 0.0, 0.0, 0.0, 0.0, 0.0, 0.0, 0.0, 0.0, 0.0, 0.0], [0.0, 0.0, 0.0, 0.9675295283911111, 0.0, 0.9928411635002228, 0.0, 0.0, 0.0, 0.0, 0.0, 0.0, 0.0, 0.0, 0.0, 0.0, 0.0, 0.0, 0.0, 0.0, 0.0, 0.0, 0.0, 0.0, 0.0, 0.0, 0.0, 0.0, 0.0, 0.0, 0.0, 0.0, 0.0, 0.0, 0.0, 0.0, 0.0, 0.0, 0.0, 0.0, 0.0, 0.0, 0.0, 0.0, 0.0, 0.0, 0.0], [0.0, 0.0, 0.0, 0.0, 0.9928411635002228, 0.0, 0.96699267917473, 0.0, 0.0, 0.0, 0.0, 0.0, 0.0, 0.0, 0.0, 0.0, 0.0, 0.0, 0.0, 0.0, 0.0, 0.0, 0.0, 0.0, 0.0, 0.0, 0.0, 0.0, 0.0, 0.0, 0.9563934777537652, 0.9628814288653817, 0.0, 0.0, 0.0, 0.0, 0.0, 0.0, 0.0, 0.0, 0.0, 0.0, 0.0, 0.0, 0.0, 0.0, 0.0], [0.0, 0.0, 0.0, 0.0, 0.0, 0.96699267917473, 0.0, 1.2086779110331438, 0.19495296792897304, 0.0, 0.0, 0.9866789535598619, 0.0, 0.0, 0.0, 0.0, 0.0, 0.0, 0.0, 0.0, 0.0, 0.0, 0.0, 0.0, 0.0, 0.0, 0.0, 0.0, 0.0, 0.0, 0.0, 0.0, 0.0, 0.0, 0.0, 0.0, 0.0, 0.0, 0.0, 0.0, 0.0, 0.0, 0.0, 0.0, 0.0, 0.0, 0.0], [0.0, 0.0, 0.0, 0.0, 0.0, 0.0, 1.2086779110331438, 0.0, 1.6954315164123335, 0.9721622610172932, 0.0, 0.0, 0.0, 0.0, 0.0, 0.0, 0.0, 0.0, 0.0, 0.0, 0.0, 0.0, 0.0, 0.0, 0.0, 0.0, 0.0, 0.0, 0.0, 0.0, 0.0, 0.0, 0.0, 0.0, 0.0, 0.0, 0.0, 0.0, 0.0, 0.0, 0.0, 0.0, 0.0, 0.0, 0.0, 0.0, 0.0], [0.0, 0.0, 0.0, 0.0, 0.0, 0.0, 0.19495296792897304, 1.6954315164123335, 0.0, 0.0, 0.0, 0.0, 0.0, 0.0, 0.0, 0.0, 0.0, 0.0, 0.0, 0.0, 0.0, 0.0, 0.0, 0.0, 0.0, 0.0, 0.0, 0.0, 0.0, 0.0, 0.0, 0.0, 0.0, 0.0, 0.0, 0.0, 0.0, 0.0, 0.0, 0.0, 0.0, 0.0, 0.0, 0.0, 0.0, 0.0, 0.0], [0.0, 0.0, 0.0, 0.0, 0.0, 0.0, 0.0, 0.9721622610172932, 0.0, 0.0, 0.9520069910261096, 0.0, 0.0, 0.0, 0.0, 0.0, 0.0, 0.0, 0.0, 0.0, 0.0, 0.0, 0.0, 0.0, 0.0, 0.0, 0.0, 0.0, 0.0, 0.0, 0.0, 0.0, 0.9747944677395317, 0.9673461033697741, 0.0, 0.0, 0.0, 0.0, 0.0, 0.0, 0.0, 0.0, 0.0, 0.0, 0.0, 0.0, 0.0], [0.0, 0.0, 0.0, 0.0, 0.0, 0.0, 0.0, 0.0, 0.0, 0.9520069910261096, 0.0, 0.0, 0.0, 0.0, 0.0, 0.0, 0.0, 0.0, 0.0, 0.0, 0.0, 0.0, 0.0, 0.0, 0.0, 0.0, 0.0, 0.0, 0.0, 0.0, 0.0, 0.0, 0.0, 0.0, 0.0, 0.0, 0.0, 0.0, 0.0, 0.0, 0.0, 0.0, 0.0, 0.0, 0.0, 0.0, 0.0], [0.0, 0.0, 0.0, 0.0, 0.0, 0.0, 0.9866789535598619, 0.0, 0.0, 0.0, 0.0, 0.0, 1.376720440973187, 0.0, 0.0, 0.0, 0.0, 0.0, 1.3716000451648516, 0.0, 0.0, 0.0, 0.0, 0.0, 0.0, 0.0, 0.0, 0.0, 0.0, 0.0, 0.0, 0.0, 0.0, 0.0, 0.0, 0.0, 0.0, 0.0, 0.0, 0.0, 0.0, 0.0, 0.0, 0.0, 0.0, 0.0, 0.0], [0.0, 0.0, 0.0, 0.0, 0.0, 0.0, 0.0, 0.0, 0.0, 0.0, 0.0, 1.376720440973187, 0.0, 1.0111927456847198, 0.0, 1.407507631145788, 0.0, 0.1069336960040644, 0.0, 0.0, 0.0, 0.0, 0.0, 0.0, 0.0, 0.0, 0.0, 0.0, 0.0, 0.0, 0.0, 0.0, 0.0, 0.0, 0.0, 0.0, 0.0, 0.0, 0.0, 0.0, 0.0, 0.0, 0.0, 0.0, 0.0, 0.0, 0.0], [0.0, 0.0, 0.0, 0.0, 0.0, 0.0, 0.0, 0.0, 0.0, 0.0, 0.0, 0.0, 1.0111927456847198, 0.0, 1.0043893592168458, 0.0, 0.0, 0.0, 0.0, 0.0, 0.0, 0.0, 0.0, 0.0, 0.0, 0.0, 0.0, 0.0, 0.0, 0.0, 0.0, 0.0, 0.0, 0.0, 0.973715928096896, 0.9680279468053568, 0.0, 0.0, 0.0, 0.0, 0.0, 0.0, 0.0, 0.0, 0.0, 0.0, 0.0], [0.0, 0.0, 0.0, 0.0, 0.0, 0.0, 0.0, 0.0, 0.0, 0.0, 0.0, 0.0, 0.0, 1.0043893592168458, 0.0, 0.0, 0.0, 0.0, 0.0, 0.0, 0.0, 0.0, 0.0, 0.0, 0.0, 0.0, 0.0, 0.0, 0.0, 0.0, 0.0, 0.0, 0.0, 0.0, 0.0, 0.0, 0.9842731255936146, 0.9866879389221053, 0.9855869990682398, 0.0, 0.0, 0.0, 0.0, 0.0, 0.0, 0.0, 0.0], [0.0, 0.0, 0.0, 0.0, 0.0, 0.0, 0.0, 0.0, 0.0, 0.0, 0.0, 0.0, 1.407507631145788, 0.0, 0.0, 0.0, 1.4435510152104665, 0.0, 0.10782451495602896, 0.0, 0.0, 0.0, 0.0, 0.0, 0.0, 0.0, 0.0, 0.0, 0.0, 0.0, 0.0, 0.0, 0.0, 0.0, 0.0, 0.0, 0.0, 0.0, 0.0, 0.9683625821081652, 0.0, 0.0, 0.0, 0.0, 0.0, 0.0, 0.0], [0.0, 0.0, 0.0, 0.0, 0.0, 0.0, 0.0, 0.0, 0.0, 0.0, 0.0, 0.0, 0.0, 0.0, 0.0, 1.4435510152104665, 0.0, 1.4417563369036834, 0.0, 0.0, 0.0, 0.0, 0.0, 0.0, 0.0, 0.0, 0.0, 0.0, 0.0, 0.0, 0.0, 0.0, 0.0, 0.0, 0.0, 0.0, 0.0, 0.0, 0.0, 0.0, 0.9700606040216835, 0.0, 0.0, 0.0, 0.0, 0.0, 0.0], [0.0, 0.0, 0.0, 0.0, 0.0, 0.0, 0.0, 0.0, 0.0, 0.0, 0.0, 0.0, 0.1069336960040644, 0.0, 0.0, 0.0, 1.4417563369036834, 0.0, 1.4099536291858388, 0.0, 0.0, 0.0, 0.0, 0.0, 0.0, 0.0, 0.0, 0.0, 0.0, 0.0, 0.0, 0.0, 0.0, 0.0, 0.0, 0.0, 0.0, 0.0, 0.0, 0.0, 0.0, 0.9680752309419325, 0.0, 0.0, 0.0, 0.0, 0.0], [0.0, 0.0, 0.0, 0.0, 0.0, 0.0, 0.0, 0.0, 0.0, 0.0, 0.0, 1.3716000451648516, 0.0, 0.0, 0.0, 0.10782451495602896, 0.0, 1.4099536291858388, 0.0, 1.0114109000402607, 0.0, 0.0, 0.0, 0.0, 0.0, 0.0, 0.0, 0.0, 0.0, 0.0, 0.0, 0.0, 0.0, 0.0, 0.0, 0.0, 0.0, 0.0, 0.0, 0.0, 0.0, 0.0, 0.0, 0.0, 0.0, 0.0, 0.0], [0.0, 0.0, 0.0, 0.0, 0.0, 0.0, 0.0, 0.0, 0.0, 0.0, 0.0, 0.0, 0.0, 0.0, 0.0, 0.0, 0.0, 0.0, 1.0114109000402607, 0.0, 1.0044800830766492, 0.0, 0.0, 0.0, 0.0, 0.0, 0.0, 0.0, 0.0, 0.0, 0.0, 0.0, 0.0, 0.0, 0.0, 0.0, 0.0, 0.0, 0.0, 0.0, 0.0, 0.0, 0.9667971461109391, 0.9741538593867902, 0.0, 0.0, 0.0], [0.0, 0.0, 0.0, 0.0, 0.0, 0.0, 0.0, 0.0, 0.0, 0.0, 0.0, 0.0, 0.0, 0.0, 0.0, 0.0, 0.0, 0.0, 0.0, 1.0044800830766492, 0.0, 0.0, 0.0, 0.0, 0.0, 0.0, 0.0, 0.0, 0.0, 0.0, 0.0, 0.0, 0.0, 0.0, 0.0, 0.0, 0.0, 0.0, 0.0, 0.0, 0.0, 0.0, 0.0, 0.0, 0.9861708133002625, 0.9866959902010296, 0.9854725714904895], [0.9873692377222434, 0.0, 0.0, 0.0, 0.0, 0.0, 0.0, 0.0, 0.0, 0.0, 0.0, 0.0, 0.0, 0.0, 0.0, 0.0, 0.0, 0.0, 0.0, 0.0, 0.0, 0.0, 0.0, 0.0, 0.0, 0.0, 0.0, 0.0, 0.0, 0.0, 0.0, 0.0, 0.0, 0.0, 0.0, 0.0, 0.0, 0.0, 0.0, 0.0, 0.0, 0.0, 0.0, 0.0, 0.0, 0.0, 0.0], [0.9874657073961489, 0.0, 0.0, 0.0, 0.0, 0.0, 0.0, 0.0, 0.0, 0.0, 0.0, 0.0, 0.0, 0.0, 0.0, 0.0, 0.0, 0.0, 0.0, 0.0, 0.0, 0.0, 0.0, 0.0, 0.0, 0.0, 0.0, 0.0, 0.0, 0.0, 0.0, 0.0, 0.0, 0.0, 0.0, 0.0, 0.0, 0.0, 0.0, 0.0, 0.0, 0.0, 0.0, 0.0, 0.0, 0.0, 0.0], [0.9876705665996122, 0.0, 0.0, 0.0, 0.0, 0.0, 0.0, 0.0, 0.0, 0.0, 0.0, 0.0, 0.0, 0.0, 0.0, 0.0, 0.0, 0.0, 0.0, 0.0, 0.0, 0.0, 0.0, 0.0, 0.0, 0.0, 0.0, 0.0, 0.0, 0.0, 0.0, 0.0, 0.0, 0.0, 0.0, 0.0, 0.0, 0.0, 0.0, 0.0, 0.0, 0.0, 0.0, 0.0, 0.0, 0.0, 0.0], [0.0, 0.9749998058711546, 0.0, 0.0, 0.0, 0.0, 0.0, 0.0, 0.0, 0.0, 0.0, 0.0, 0.0, 0.0, 0.0, 0.0, 0.0, 0.0, 0.0, 0.0, 0.0, 0.0, 0.0, 0.0, 0.0, 0.0, 0.0, 0.0, 0.0, 0.0, 0.0, 0.0, 0.0, 0.0, 0.0, 0.0, 0.0, 0.0, 0.0, 0.0, 0.0, 0.0, 0.0, 0.0, 0.0, 0.0, 0.0], [0.0, 0.9776271087335626, 0.0, 0.0, 0.0, 0.0, 0.0, 0.0, 0.0, 0.0, 0.0, 0.0, 0.0, 0.0, 0.0, 0.0, 0.0, 0.0, 0.0, 0.0, 0.0, 0.0, 0.0, 0.0, 0.0, 0.0, 0.0, 0.0, 0.0, 0.0, 0.0, 0.0, 0.0, 0.0, 0.0, 0.0, 0.0, 0.0, 0.0, 0.0, 0.0, 0.0, 0.0, 0.0, 0.0, 0.0, 0.0], [0.0, 0.0, 0.9744386933973577, 0.0, 0.0, 0.0, 0.0, 0.0, 0.0, 0.0, 0.0, 0.0, 0.0, 0.0, 0.0, 0.0, 0.0, 0.0, 0.0, 0.0, 0.0, 0.0, 0.0, 0.0, 0.0, 0.0, 0.0, 0.0, 0.0, 0.0, 0.0, 0.0, 0.0, 0.0, 0.0, 0.0, 0.0, 0.0, 0.0, 0.0, 0.0, 0.0, 0.0, 0.0, 0.0, 0.0, 0.0], [0.0, 0.0, 0.9761684575397782, 0.0, 0.0, 0.0, 0.0, 0.0, 0.0, 0.0, 0.0, 0.0, 0.0, 0.0, 0.0, 0.0, 0.0, 0.0, 0.0, 0.0, 0.0, 0.0, 0.0, 0.0, 0.0, 0.0, 0.0, 0.0, 0.0, 0.0, 0.0, 0.0, 0.0, 0.0, 0.0, 0.0, 0.0, 0.0, 0.0, 0.0, 0.0, 0.0, 0.0, 0.0, 0.0, 0.0, 0.0], [0.0, 0.0, 0.0, 0.968624931573991, 0.0, 0.0, 0.0, 0.0, 0.0, 0.0, 0.0, 0.0, 0.0, 0.0, 0.0, 0.0, 0.0, 0.0, 0.0, 0.0, 0.0, 0.0, 0.0, 0.0, 0.0, 0.0, 0.0, 0.0, 0.0, 0.0, 0.0, 0.0, 0.0, 0.0, 0.0, 0.0, 0.0, 0.0, 0.0, 0.0, 0.0, 0.0, 0.0, 0.0, 0.0, 0.0, 0.0], [0.0, 0.0, 0.0, 0.970230743521785, 0.0, 0.0, 0.0, 0.0, 0.0, 0.0, 0.0, 0.0, 0.0, 0.0, 0.0, 0.0, 0.0, 0.0, 0.0, 0.0, 0.0, 0.0, 0.0, 0.0, 0.0, 0.0, 0.0, 0.0, 0.0, 0.0, 0.0, 0.0, 0.0, 0.0, 0.0, 0.0, 0.0, 0.0, 0.0, 0.0, 0.0, 0.0, 0.0, 0.0, 0.0, 0.0, 0.0], [0.0, 0.0, 0.0, 0.0, 0.0, 0.9563934777537652, 0.0, 0.0, 0.0, 0.0, 0.0, 0.0, 0.0, 0.0, 0.0, 0.0, 0.0, 0.0, 0.0, 0.0, 0.0, 0.0, 0.0, 0.0, 0.0, 0.0, 0.0, 0.0, 0.0, 0.0, 0.0, 0.0, 0.0, 0.0, 0.0, 0.0, 0.0, 0.0, 0.0, 0.0, 0.0, 0.0, 0.0, 0.0, 0.0, 0.0, 0.0], [0.0, 0.0, 0.0, 0.0, 0.0, 0.9628814288653817, 0.0, 0.0, 0.0, 0.0, 0.0, 0.0, 0.0, 0.0, 0.0, 0.0, 0.0, 0.0, 0.0, 0.0, 0.0, 0.0, 0.0, 0.0, 0.0, 0.0, 0.0, 0.0, 0.0, 0.0, 0.0, 0.0, 0.0, 0.0, 0.0, 0.0, 0.0, 0.0, 0.0, 0.0, 0.0, 0.0, 0.0, 0.0, 0.0, 0.0, 0.0], [0.0, 0.0, 0.0, 0.0, 0.0, 0.0, 0.0, 0.0, 0.0, 0.9747944677395317, 0.0, 0.0, 0.0, 0.0, 0.0, 0.0, 0.0, 0.0, 0.0, 0.0, 0.0, 0.0, 0.0, 0.0, 0.0, 0.0, 0.0, 0.0, 0.0, 0.0, 0.0, 0.0, 0.0, 0.0, 0.0, 0.0, 0.0, 0.0, 0.0, 0.0, 0.0, 0.0, 0.0, 0.0, 0.0, 0.0, 0.0], [0.0, 0.0, 0.0, 0.0, 0.0, 0.0, 0.0, 0.0, 0.0, 0.9673461033697741, 0.0, 0.0, 0.0, 0.0, 0.0, 0.0, 0.0, 0.0, 0.0, 0.0, 0.0, 0.0, 0.0, 0.0, 0.0, 0.0, 0.0, 0.0, 0.0, 0.0, 0.0, 0.0, 0.0, 0.0, 0.0, 0.0, 0.0, 0.0, 0.0, 0.0, 0.0, 0.0, 0.0, 0.0, 0.0, 0.0, 0.0], [0.0, 0.0, 0.0, 0.0, 0.0, 0.0, 0.0, 0.0, 0.0, 0.0, 0.0, 0.0, 0.0, 0.973715928096896, 0.0, 0.0, 0.0, 0.0, 0.0, 0.0, 0.0, 0.0, 0.0, 0.0, 0.0, 0.0, 0.0, 0.0, 0.0, 0.0, 0.0, 0.0, 0.0, 0.0, 0.0, 0.0, 0.0, 0.0, 0.0, 0.0, 0.0, 0.0, 0.0, 0.0, 0.0, 0.0, 0.0], [0.0, 0.0, 0.0, 0.0, 0.0, 0.0, 0.0, 0.0, 0.0, 0.0, 0.0, 0.0, 0.0, 0.9680279468053568, 0.0, 0.0, 0.0, 0.0, 0.0, 0.0, 0.0, 0.0, 0.0, 0.0, 0.0, 0.0, 0.0, 0.0, 0.0, 0.0, 0.0, 0.0, 0.0, 0.0, 0.0, 0.0, 0.0, 0.0, 0.0, 0.0, 0.0, 0.0, 0.0, 0.0, 0.0, 0.0, 0.0], [0.0, 0.0, 0.0, 0.0, 0.0, 0.0, 0.0, 0.0, 0.0, 0.0, 0.0, 0.0, 0.0, 0.0, 0.9842731255936146, 0.0, 0.0, 0.0, 0.0, 0.0, 0.0, 0.0, 0.0, 0.0, 0.0, 0.0, 0.0, 0.0, 0.0, 0.0, 0.0, 0.0, 0.0, 0.0, 0.0, 0.0, 0.0, 0.0, 0.0, 0.0, 0.0, 0.0, 0.0, 0.0, 0.0, 0.0, 0.0], [0.0, 0.0, 0.0, 0.0, 0.0, 0.0, 0.0, 0.0, 0.0, 0.0, 0.0, 0.0, 0.0, 0.0, 0.9866879389221053, 0.0, 0.0, 0.0, 0.0, 0.0, 0.0, 0.0, 0.0, 0.0, 0.0, 0.0, 0.0, 0.0, 0.0, 0.0, 0.0, 0.0, 0.0, 0.0, 0.0, 0.0, 0.0, 0.0, 0.0, 0.0, 0.0, 0.0, 0.0, 0.0, 0.0, 0.0, 0.0], [0.0, 0.0, 0.0, 0.0, 0.0, 0.0, 0.0, 0.0, 0.0, 0.0, 0.0, 0.0, 0.0, 0.0, 0.9855869990682398, 0.0, 0.0, 0.0, 0.0, 0.0, 0.0, 0.0, 0.0, 0.0, 0.0, 0.0, 0.0, 0.0, 0.0, 0.0, 0.0, 0.0, 0.0, 0.0, 0.0, 0.0, 0.0, 0.0, 0.0, 0.0, 0.0, 0.0, 0.0, 0.0, 0.0, 0.0, 0.0], [0.0, 0.0, 0.0, 0.0, 0.0, 0.0, 0.0, 0.0, 0.0, 0.0, 0.0, 0.0, 0.0, 0.0, 0.0, 0.9683625821081652, 0.0, 0.0, 0.0, 0.0, 0.0, 0.0, 0.0, 0.0, 0.0, 0.0, 0.0, 0.0, 0.0, 0.0, 0.0, 0.0, 0.0, 0.0, 0.0, 0.0, 0.0, 0.0, 0.0, 0.0, 0.0, 0.0, 0.0, 0.0, 0.0, 0.0, 0.0], [0.0, 0.0, 0.0, 0.0, 0.0, 0.0, 0.0, 0.0, 0.0, 0.0, 0.0, 0.0, 0.0, 0.0, 0.0, 0.0, 0.9700606040216835, 0.0, 0.0, 0.0, 0.0, 0.0, 0.0, 0.0, 0.0, 0.0, 0.0, 0.0, 0.0, 0.0, 0.0, 0.0, 0.0, 0.0, 0.0, 0.0, 0.0, 0.0, 0.0, 0.0, 0.0, 0.0, 0.0, 0.0, 0.0, 0.0, 0.0], [0.0, 0.0, 0.0, 0.0, 0.0, 0.0, 0.0, 0.0, 0.0, 0.0, 0.0, 0.0, 0.0, 0.0, 0.0, 0.0, 0.0, 0.9680752309419325, 0.0, 0.0, 0.0, 0.0, 0.0, 0.0, 0.0, 0.0, 0.0, 0.0, 0.0, 0.0, 0.0, 0.0, 0.0, 0.0, 0.0, 0.0, 0.0, 0.0, 0.0, 0.0, 0.0, 0.0, 0.0, 0.0, 0.0, 0.0, 0.0], [0.0, 0.0, 0.0, 0.0, 0.0, 0.0, 0.0, 0.0, 0.0, 0.0, 0.0, 0.0, 0.0, 0.0, 0.0, 0.0, 0.0, 0.0, 0.0, 0.9667971461109391, 0.0, 0.0, 0.0, 0.0, 0.0, 0.0, 0.0, 0.0, 0.0, 0.0, 0.0, 0.0, 0.0, 0.0, 0.0, 0.0, 0.0, 0.0, 0.0, 0.0, 0.0, 0.0, 0.0, 0.0, 0.0, 0.0, 0.0], [0.0, 0.0, 0.0, 0.0, 0.0, 0.0, 0.0, 0.0, 0.0, 0.0, 0.0, 0.0, 0.0, 0.0, 0.0, 0.0, 0.0, 0.0, 0.0, 0.9741538593867902, 0.0, 0.0, 0.0, 0.0, 0.0, 0.0, 0.0, 0.0, 0.0, 0.0, 0.0, 0.0, 0.0, 0.0, 0.0, 0.0, 0.0, 0.0, 0.0, 0.0, 0.0, 0.0, 0.0, 0.0, 0.0, 0.0, 0.0], [0.0, 0.0, 0.0, 0.0, 0.0, 0.0, 0.0, 0.0, 0.0, 0.0, 0.0, 0.0, 0.0, 0.0, 0.0, 0.0, 0.0, 0.0, 0.0, 0.0, 0.9861708133002625, 0.0, 0.0, 0.0, 0.0, 0.0, 0.0, 0.0, 0.0, 0.0, 0.0, 0.0, 0.0, 0.0, 0.0, 0.0, 0.0, 0.0, 0.0, 0.0, 0.0, 0.0, 0.0, 0.0, 0.0, 0.0, 0.0], [0.0, 0.0, 0.0, 0.0, 0.0, 0.0, 0.0, 0.0, 0.0, 0.0, 0.0, 0.0, 0.0, 0.0, 0.0, 0.0, 0.0, 0.0, 0.0, 0.0, 0.9866959902010296, 0.0, 0.0, 0.0, 0.0, 0.0, 0.0, 0.0, 0.0, 0.0, 0.0, 0.0, 0.0, 0.0, 0.0, 0.0, 0.0, 0.0, 0.0, 0.0, 0.0, 0.0, 0.0, 0.0, 0.0, 0.0, 0.0], [0.0, 0.0, 0.0, 0.0, 0.0, 0.0, 0.0, 0.0, 0.0, 0.0, 0.0, 0.0, 0.0, 0.0, 0.0, 0.0, 0.0, 0.0, 0.0, 0.0, 0.9854725714904895, 0.0, 0.0, 0.0, 0.0, 0.0, 0.0, 0.0, 0.0, 0.0, 0.0, 0.0, 0.0, 0.0, 0.0, 0.0, 0.0, 0.0, 0.0, 0.0, 0.0, 0.0, 0.0, 0.0, 0.0, 0.0, 0.0]], "Born radii": [], "Atomic SASAs": [], "Solvent H bonds": [], "Total SASA": NaN, "Total FOD": 0.0, "FOD": [0.0, 0.0, 0.0, 0.0, 0.0, 0.0, 0.0, 0.0, 0.0, 0.0, 0.0, 0.0, 0.0, 0.0, 0.0, 0.0, 0.0, 0.0, 0.0, 0.0, 0.0, 0.0, 0.0, 0.0, 0.0, 0.0, 0.0, 0.0, 0.0, 0.0, 0.0, 0.0, 0.0, 0.0, 0.0, 0.0, 0.0, 0.0, 0.0, 0.0, 0.0, 0.0, 0.0, 0.0, 0.0, 0.0, 0.0], "FOD s proportion": [0.0, 0.0, 0.0, 0.0, 0.0, 0.0, 0.0, 0.0, 0.0, 0.0, 0.0, 0.0, 0.0, 0.0, 0.0, 0.0, 0.0, 0.0, 0.0, 0.0, 0.0, 0.0, 0.0, 0.0, 0.0, 0.0, 0.0, 0.0, 0.0, 0.0, 0.0, 0.0, 0.0, 0.0, 0.0, 0.0, 0.0, 0.0, 0.0, 0.0, 0.0, 0.0, 0.0, 0.0, 0.0, 0.0, 0.0], "FOD p proportion": [0.0, 0.0, 0.0, 0.0, 0.0, 0.0, 0.0, 0.0, 0.0, 0.0, 0.0, 0.0, 0.0, 0.0, 0.0, 0.0, 0.0, 0.0, 0.0, 0.0, 0.0, 0.0, 0.0, 0.0, 0.0, 0.0, 0.0, 0.0, 0.0, 0.0, 0.0, 0.0, 0.0, 0.0, 0.0, 0.0, 0.0, 0.0, 0.0, 0.0, 0.0, 0.0, 0.0, 0.0, 0.0, 0.0, 0.0], "FOD d proportion": [0.0, 0.0, 0.0, 0.0, 0.0, 0.0, 0.0, 0.0, 0.0, 0.0, 0.0, 0.0, 0.0, 0.0, 0.0, 0.0, 0.0, 0.0, 0.0, 0.0, 0.0, 0.0, 0.0, 0.0, 0.0, 0.0, 0.0, 0.0, 0.0, 0.0, 0.0, 0.0, 0.0, 0.0, 0.0, 0.0, 0.0, 0.0, 0.0, 0.0, 0.0, 0.0, 0.0, 0.0, 0.0, 0.0, 0.0], "coordinates": [["5.18750", "-0.54480", "1.82600"], ["3.85680", "-0.33970", "1.11930"], ["3.71040", "1.09330", "0.60670"], ["2.42710", "1.30160", "-0.19480"], ["1.29660", "1.04840", "0.63650"], ["0.06970", "1.51470", "0.07260"], ["-0.47190", "0.53200", "-0.85640"], ["-0.19330", "0.66940", "-2.21570"], ["0.54050", "1.56770", "-2.64380"], ["-0.78940", "-0.34500", "-3.18160"], ["-2.06690", "0.43060", "-4.13940"], ["-1.55800", "-0.25210", "-0.38580"], ["-1.30590", "-1.54900", "0.11450"], ["0.08370", "-2.13680", "0.23130"], ["0.55330", "-2.21100", "1.67750"], ["-2.39150", "-2.34020", "0.52740"], ["-3.69520", "-1.86050", "0.45500"], ["-3.93630", "-0.57670", "-0.02370"], ["-2.88030", "0.24980", "-0.44470"], ["-3.23000", "1.64400", "-0.92350"], ["-3.63210", "2.56630", "0.22030"], ["5.26830", "-1.57380", "2.19020"], ["6.02540", "-0.35820", "1.14680"], ["5.28370", "0.12800", "2.68410"], ["3.04740", "-0.56960", "1.81970"], ["3.77920", "-1.04610", "0.28480"], ["4.56860", "1.35090", "-0.02490"], ["3.71410", "1.77640", "1.46490"], ["2.40620", "2.33510", "-0.55870"], ["2.41320", "0.61930", "-1.05060"], ["0.19660", "2.49350", "-0.40480"], ["-0.62380", "1.65190", "0.90910"], ["-1.19830", "-1.23330", "-2.70080"], ["0.00010", "-0.67550", "-3.86380"], ["0.81120", "-1.57180", "-0.35940"], ["0.07670", "-3.14450", "-0.20350"], ["1.56620", "-2.62300", "1.72410"], ["-0.09580", "-2.85610", "2.27890"], ["0.56270", "-1.22070", "2.14390"], ["-2.22180", "-3.34470", "0.91100"], ["-4.52410", "-2.48550", "0.77780"], ["-4.96300", "-0.21700", "-0.06690"], ["-4.05490", "1.57310", "-1.64370"], ["-2.40230", "2.10470", "-1.46930"], ["-2.82800", "2.66220", "0.95660"], ["-4.52140", "2.19720", "0.74180"], ["-3.86060", "3.56530", "-0.16460"]], "bond_dist": [[0.0, 1.5206095455441546, 2.5202953219811364, 3.887497107394422, 4.369473572411213, 5.788594704243855, 6.354807342477032, 6.838320639601509, 6.7850112225404615, 7.799955859490487, 9.442654376815875, 7.104892876039723, 6.78983751278335, 5.5790954938950446, 4.926873687238186, 7.896268999977142, 9.083670336378352, 9.30946476119868, 8.41883985416043, 9.121672102197053, 9.489075816959204, 1.0945370162767454, 1.0946271557018858, 1.0946460112748777, 2.1402529616846695, 2.147069635573099, 2.7207621193334783, 2.7729533371479587, 4.660069504846468, 4.162534907961733, 6.254343957602588, 6.279920715263848, 7.857759994425892, 7.700650965340528, 4.998270085739665, 6.082564178042021, 4.176495246016689, 5.784503867230101, 4.684727981430726, 7.973355096820911, 9.958926362314363, 10.33069085298752, 10.09684486659075, 8.688148040865787, 8.67692028371818, 10.146762678312722, 10.13526141646085], [1.5206095455441546, 0.0, 1.528947585759564, 2.542590527395239, 2.952040224996943, 4.344710192866723, 4.837447164569345, 5.342641464668952, 5.36627823169839, 6.331267119621474, 7.95848663189177, 5.6207703039708, 5.396804686108253, 4.272516356902568, 3.8375074175824073, 6.587381782620467, 7.732194457590936, 7.880039695966004, 6.941334357312, 7.637462390742098, 8.08310956315699, 2.1592039898999817, 2.168853259213265, 2.1687291071039736, 1.094779671897501, 1.096089854893293, 2.1619392313383834, 2.148879210193072, 3.474835161558027, 2.777071833784643, 4.873085992469249, 4.907792880715323, 6.398884354323025, 6.31016498516481, 3.6028188214230257, 4.889361808048163, 3.290302461780679, 4.827006099022457, 3.5604860581106057, 6.784010012522093, 8.657976940371233, 8.900056054317862, 8.595811173472809, 7.200852319691052, 7.329694805379007, 8.761997666057667, 8.7438942680021], [2.5202953219811364, 1.528947585759564, 0.0, 1.5273015517572162, 2.4144014765568715, 3.7037193819186682, 4.4662459168747075, 4.835752956882723, 4.564983200407204, 6.0554210274761235, 7.506119622681216, 5.527313630508043, 5.690981973262611, 4.871080379135618, 4.693856787333844, 7.002027874123325, 7.974387668655193, 7.852281518768924, 6.727128711419159, 7.128389347531461, 7.49875591081614, 3.471015279424739, 2.7852801044060187, 2.7789688267413144, 2.1624463947113233, 2.1645751107318962, 1.0962588927803505, 1.0968803672233358, 2.1450319438180867, 2.1573240669866918, 3.915416035365846, 4.3804987569910345, 6.3598710285665385, 6.0729193786843565, 4.054807992988077, 5.640846440916469, 4.433628546687239, 5.7342106379169575, 4.198284784289888, 7.414812157431905, 8.980204613481812, 8.797641195797883, 8.099036503807104, 6.534355916997482, 6.733093774781397, 8.30658645052226, 8.001607881544809], [3.887497107394422, 2.542590527395239, 1.5273015517572162, 0.0, 1.425903285640369, 2.3820682462935436, 3.071514238938182, 3.3690072439815264, 3.1028486540596854, 4.688084688868152, 6.042726715647499, 4.281528547142948, 4.707109075642926, 4.1827836819515305, 4.399430927972389, 6.083024415535417, 6.92124799006653, 6.6370283757115285, 5.41638514232509, 5.71410726710656, 6.203682675637109, 4.6934600882504585, 4.183609624475019, 4.222033364387354, 2.818576197302461, 2.75134255591702, 2.1487947203025235, 2.1532320195464307, 1.0958933661629677, 1.0945867439358108, 2.5376871083725034, 3.263325927638856, 5.084218639083099, 4.8229466522034015, 3.300705004995145, 5.029141185132904, 4.4526184633314365, 5.456251954409731, 3.9124803309409746, 6.66507078281994, 7.975415889469339, 7.545600200116622, 6.647506860470322, 5.058895553379215, 5.549146810997164, 7.068307518069654, 6.682845278771609], [4.369473572411213, 2.952040224996943, 2.4144014765568715, 1.425903285640369, 0.0, 1.4285315922302873, 2.3712890207648667, 3.2401370109919734, 3.4061309120466876, 4.5684622325242, 5.874013100087537, 3.299263357175356, 3.7137551090506764, 3.43231882114701, 3.5014088950021245, 5.009650125507768, 5.780372712896634, 5.519063005619704, 4.3878524371268455, 4.8247742869485615, 5.173908246190688, 5.006427610582221, 4.959887003753211, 4.575671352927349, 2.6614257231792138, 3.2670974732933815, 3.351856233492123, 2.6571670647514813, 2.077332927096666, 2.0681462182350647, 2.093470730628924, 2.031368792218685, 4.7506054550972765, 4.99053539712925, 2.844798412893258, 4.446815312108206, 3.838585140387015, 4.458853638548814, 2.821290268653688, 5.635052477129206, 6.810944383123386, 6.424842479002889, 5.840648455437118, 4.385433221473108, 4.440623786136357, 5.931269133161974, 5.794243579622796], [5.788594704243855, 4.344710192866723, 3.7037193819186682, 2.3820682462935436, 1.4285315922302873, 0.0, 1.456732937089019, 2.4535724933247844, 2.757406498868094, 3.8453029191469428, 4.845748277614098, 2.4456328608358207, 3.358614098106539, 3.6549738631076423, 4.085390245741525, 4.596150834121961, 5.0707668857875925, 4.520095535494798, 3.2511646067217206, 3.4491961077909155, 3.8511038794091235, 6.4069106416431305, 6.3349840205007615, 5.9940524805844, 4.032785909269174, 4.512550911624156, 4.502936586273451, 3.9100687385262174, 2.55554849298541, 2.748692716547268, 1.0963867064133896, 1.0952161156593707, 4.105006158338864, 4.505226427162124, 3.2035805749192576, 4.667378798640625, 4.6997367787994255, 4.898881768322236, 3.46637358777152, 5.437614842005638, 6.132039262757536, 5.3241256962998165, 4.46782065553218, 2.9725981245368502, 3.2395798400409888, 4.689545191167263, 4.439423643897933], [6.354807342477032, 4.837447164569345, 4.4662459168747075, 3.071514238938182, 2.3712890207648667, 1.456732937089019, 0.0, 1.3943432898680295, 2.3005275503675238, 2.5052924559819356, 3.651355359315223, 1.4198205449985573, 2.4431053620341467, 2.9350087035646077, 3.8724324719741725, 3.7214646901455346, 4.222971595926262, 3.7315777279858455, 2.459578071539914, 2.974586024978938, 3.9095426100760173, 6.831256197801397, 6.8571257513625925, 6.7694377617347214, 4.556369855488029, 4.675958539166061, 5.173840904975722, 4.945660830465429, 3.4092894435644503, 2.892946065864346, 2.120923633703015, 2.0962442295686827, 2.654383621483526, 3.274949619459816, 2.5138275696634405, 3.774108188698358, 4.557066694706147, 4.631498559861592, 3.6254868004172907, 4.605937001306032, 5.310013251395895, 4.621070272133935, 3.813347545136687, 2.564269069345103, 3.6573116151074685, 4.661071178388076, 4.600302579178896], [6.838320639601509, 5.342641464668952, 4.835752956882723, 3.3690072439815264, 3.2401370109919734, 2.4535724933247844, 1.3943432898680295, 0.0, 1.2363959479066569, 1.5222698118270623, 2.695927315414865, 2.461727513353174, 3.4042634093148547, 3.7335367200551275, 4.9001144843768705, 4.627566640254898, 5.079009363054965, 4.513056415556979, 3.245377352481526, 3.441100534712696, 4.621436037640248, 7.3670194522615455, 7.143850341377541, 7.368764007620274, 5.3218146012427, 4.9976191081353925, 5.285805378558692, 5.480879502415648, 3.5039414578442947, 2.855487746427919, 2.5997541479916904, 3.3037874538172094, 2.2058137500704813, 2.135975931512338, 3.078611274584695, 4.320611305128014, 5.427500534315957, 5.713150239578861, 4.811457800916475, 5.4775965486698635, 6.13761068331969, 5.305948029334626, 4.006970457839689, 2.7380431059426367, 4.579998168121905, 5.460167460801912, 5.1031693397338875], [6.7850112225404615, 5.36627823169839, 4.564983200407204, 3.1028486540596854, 3.4061309120466876, 2.757406498868094, 2.3005275503675238, 1.2363959479066569, 0.0, 2.3908751828566874, 3.213775121255375, 3.579656169243074, 4.55315612954355, 4.711495144855824, 5.740415596452926, 5.824501339170591, 6.268673796745209, 5.612941618260429, 4.2749004503029076, 4.145108446108497, 5.158571655991608, 7.455781051640398, 6.939875155937606, 7.277169830366747, 5.547560828868846, 5.088990674976719, 4.809493638627668, 5.195835672921152, 2.9012723519173447, 2.6352901339321253, 2.4471399326560794, 3.7397570161709703, 3.297313366970146, 2.610053332788431, 3.892071697695201, 5.326819254489493, 6.1394280995871275, 6.6488991133871185, 5.5405540056929325, 6.66322580211717, 7.3338905064092685, 6.333567711014069, 4.702970373072746, 3.2137036406613477, 5.050505188592523, 6.122204604552187, 5.431990391191796], [7.799955859490487, 6.331267119621474, 6.0554210274761235, 4.688084688868152, 4.5684622325242, 3.8453029191469428, 2.5052924559819356, 1.5222698118270623, 2.3908751828566874, 0.0, 1.7750894202828207, 2.9010125835645733, 3.546923097559348, 3.9523078397311107, 5.375467616868322, 4.506021354809584, 4.895433938886317, 4.464190510047707, 3.495178315908932, 3.8744889946933645, 5.303728366913222, 8.189133896206608, 8.073210008416726, 8.456518734089105, 6.307494042010663, 5.777506047595278, 6.445851045440004, 6.8096851953669635, 4.9269057003356584, 3.9658141976144066, 4.091441859540472, 4.555091597322715, 1.0896993805632817, 1.0945032389170897, 3.4686843961363794, 4.178086771478065, 5.8994938638835785, 6.05010449661822, 5.563809409927698, 5.272508379320037, 5.848638533881197, 5.209287576051067, 4.0875095437197455, 3.396240243269018, 5.50670873026711, 5.981945536361895, 5.81592679888597], [9.442654376815875, 7.95848663189177, 7.506119622681216, 6.042726715647499, 5.874013100087537, 4.845748277614098, 3.651355359315223, 2.695927315414865, 3.213775121255375, 1.7750894202828207, 0.0, 3.8489701817499182, 4.753272806183125, 5.506327415800844, 6.905057871589492, 5.437069067061775, 5.386001435202186, 4.631230521146621, 3.7874947247488016, 3.6286573246863645, 5.100789117381741, 9.893766449638884, 9.698011918429467, 10.03409384897311, 7.916270418574646, 7.478708026123229, 7.861674286689827, 8.163290827233832, 6.037976179979514, 5.444959975977785, 4.829723161838575, 5.390868533919187, 2.364867677059332, 2.360487570397269, 5.1557216148663425, 5.7330332093927385, 7.5435085219014635, 7.475440253924849, 7.008669398680467, 6.307410265711277, 6.22256594099251, 5.039051222204434, 3.389095563716078, 3.16931190954756, 5.615026960754507, 5.742086663400335, 5.370543624252576], [7.104892876039723, 5.6207703039708, 5.527313630508043, 4.281528547142948, 3.299263357175356, 2.4456328608358207, 1.4198205449985573, 2.461727513353174, 3.579656169243074, 2.9010125835645733, 3.8489701817499182, 0.0, 1.4127293123595899, 2.5745068246170955, 3.542892009361843, 2.4266887109804585, 2.803840052499429, 2.427507458278965, 1.415574127341977, 2.584550347739428, 3.5514259924711933, 7.414919998219806, 7.737446318392134, 7.508503240326929, 5.11612604027696, 5.437448316995758, 6.343113223804222, 5.944320074659506, 4.736916707099672, 4.119675526057847, 3.258420095690548, 2.4848967081148463, 2.5399532535068436, 3.834504814183964, 2.712086593381561, 3.3273796206624815, 4.45347846744542, 4.00243312623709, 3.440194259049916, 3.4185516582318893, 3.8909882716348556, 3.420081025355979, 3.3388885965242987, 2.7278784760322443, 3.4508089269039512, 4.006531144269316, 4.463567962964158], [6.78983751278335, 5.396804686108253, 5.690981973262611, 4.707109075642926, 3.7137551090506764, 3.358614098106539, 2.4431053620341467, 3.4042634093148547, 4.55315612954355, 3.546923097559348, 4.753272806183125, 1.4127293123595899, 0.0, 1.5133206005338062, 2.5175062343517642, 1.4053509205888757, 2.433459880499368, 2.8077518925289677, 2.4550196414692897, 3.8697356253366966, 4.7284346426698125, 6.894146152352734, 7.498773741085938, 7.268975259278298, 4.7768349657487645, 5.112744127178671, 6.552755345654224, 6.171082994094311, 5.414713054262433, 4.459897724163638, 4.3438444942239824, 3.367849518609761, 2.8349882433618663, 4.27732