{"total energy": -57.06153348, "HOMO-LUMO gap/eV": 3.48667512, "electronic energy": -57.47722787, "dipole": [1.29730829, 0.11466725, -0.10037383], "partial charges": [-0.06951998, 0.06010852, 0.0601001, -0.06952936, 0.09241574, -0.12925148, -0.03766519, -0.0160973, -0.06174853, -0.01611085, -0.04219711, -0.04217931, -0.03766496, 0.09242274, -0.12923107, 0.13762074, -0.12026649, -0.12116411, 0.07685105, 0.05330658, 0.05439242, 0.040145, 0.05329115, 0.04756789, 0.04755711, 0.07684671], "atomic dipole moments": [[-0.04227893, 0.01459307, -0.02601341], [0.0183129, -0.13231611, 0.15174162], [-0.02422808, 0.19980269, -0.0188195], [-0.03562939, -0.03747111, 0.00076007], [-0.07823288, 0.03777339, -0.04128139], [-0.00839025, -0.09171944, 0.0683581], [-0.06059319, 0.01632599, 0.12288211], [-0.06378507, -0.11812128, 0.02778384], [-0.10886517, 0.03031, 0.08609291], [-0.08870184, 0.07594052, -0.07191597], [0.00179442, -0.13915412, -0.04342175], [-0.02167536, 0.04372799, -0.13744639], [-0.06846188, 0.07729296, 0.09158249], [-0.06444295, -0.07004732, 0.01411304], [-0.03353111, 0.10483304, -0.03257497], [-0.08597167, -0.02721779, -0.03156445], [-0.13755715, 0.03035655, 0.09341619], [-0.03430473, -0.00326244, 0.00218532], [0.00989087, -0.03038463, -0.13149041], [0.04423981, 0.10642466, -0.08210641], [0.12849697, 0.03175714, 0.02977177], [-0.00243132, -0.05859775, -0.11347959], [0.0728428, -0.11687802, 0.03259793], [0.02247876, -0.01595434, 0.16241606], [0.00201595, 0.14375639, 0.08039755], [0.01711495, -0.08643519, -0.1027168]], "atomic quadrupole moments": [[-0.18137998, 0.01210967, -0.23668339, 0.00473352, -0.14061611, 0.41806337], [0.22547193, 0.09732056, -0.38085013, 0.00748886, 0.06414673, 0.1553782], [0.23426778, 0.04426121, -0.08875875, -0.01237496, 0.28208648, -0.14550903], [-0.16769344, -0.07650201, 0.31268085, -0.0380892, 0.26650706, -0.14498741], [-0.16391975, -0.11381803, 0.16097655, 0.09289268, -0.19321735, 0.0029432], [-0.16301854, -0.24165818, 0.16052439, 0.19052364, -0.36058681, 0.00249415], [0.1472769, -0.05672523, 0.0837124, -0.01181303, -0.08375372, -0.2309893], [0.01616128, -0.05673001, 0.01221435, 0.0655601, 0.06447791, -0.02837563], [-0.07832566, -0.09609531, 0.1138207, -0.1189393, -0.13343129, -0.03549505], [-0.02239209, 0.09685237, -0.03808284, -0.00062658, -0.00907859, 0.06047494], [0.49608322, 0.05931669, -0.29174865, -0.13820193, 0.17149836, -0.20433457], [0.50088766, 0.0486172, -0.41629195, -0.11360995, 0.08689959, -0.08459571], [0.12444788, 0.03981847, -0.0317669, -0.04029481, -0.18878912, -0.09268098], [-0.20416591, 0.03598513, 0.27605126, 0.00287804, -0.14992465, -0.07188535], [-0.26588839, 0.13895261, 0.48680273, -0.04352719, -0.22684994, -0.22091434], [0.03841574, -0.01365915, -0.11898795, -0.08123471, 0.12385966, 0.0805722], [-0.2481119, 0.00392232, -0.12515675, -0.0062552, 0.3469297, 0.37326865], [0.47236127, -0.02443902, -0.29184355, -0.24167478, 0.03342645, -0.18051772], [-0.00034576, 0.00757604, -0.01599414, 0.01012573, -0.00522907, 0.01633989], [-0.03052411, 0.00594569, 0.01948026, 0.01300398, -0.02373983, 0.01104385], [0.03632547, 0.01826923, -0.02999247, 0.01580713, 0.02088679, -0.006333], [-0.01243051, 0.0063854, -0.02243163, 0.00444812, 0.04129706, 0.03486215], [-0.02737949, -0.00735024, 0.03630034, 0.01678785, -0.00859488, -0.00892086], [-0.04363752, -0.00670014, 0.02786555, 0.00527995, -0.01479875, 0.01577197], [-0.04322404, -0.00875862, 0.03380457, 0.0053482, -0.01015073, 0.00941948], [0.00034709, 0.00313183, 0.01171677, 0.00800807, 0.01529201, -0.01206386]], "number of molecular orbitals": 110, "number of electrons": 98, "number of unpaired electrons": 0, "orbital energies/eV": [-29.5527484, -29.47190819, -29.46374577, -29.45183357, -29.30837772, -29.30561794, -20.10010145, -18.87737374, -18.54867487, -18.34210645, -17.85442538, -17.51333326, -17.26336443, -16.84564388, -16.83287548, -16.27584022, -16.23062358, -15.95598939, -15.75974269, -15.47293077, -15.46793638, -15.18596714, -14.76088248, -14.64703009, -14.49784357, -14.39531328, -14.27127426, -13.92941914, -13.9223276, -13.55980793, -13.53131053, -13.25879689, -12.92778212, -12.9052455, -12.9001396, -12.75162452, -12.52187447, -12.46742882, -12.37622764, -12.33367688, -12.25915839, -12.20821788, -12.10231936, -12.02075037, -11.9423733, -11.91369619, -11.75272618, -11.46099494, -11.06981807, -7.58314295, -6.38888623, -6.37151101, -5.54095007, -5.35438861, -4.98670204, -4.47451603, -4.33082213, -2.7396176, -1.89103415, -1.21562261, -1.04814306, -0.81496083, -0.66891169, -0.38593089, -0.37576025, -0.34912847, -0.32872193, -0.31365351, -0.31038133, -0.30899213, -0.30745786, -0.3061243, -0.30144002, -0.28087946, -0.11086445, -0.09410618, -0.08818917, -0.08428097, -0.07336031, -0.06357511, 0.01640279, 0.08368574, 0.16701034, 0.50369626, 0.94086355, 1.11304776, 1.30648591, 1.75689905, 1.91920894, 2.05596127, 2.12582143, 2.57788895, 2.60798361, 2.87789122, 3.04669881, 3.36158285, 3.63903277, 4.13021336, 4.66869016, 4.84862734, 4.97373686, 5.65314711, 5.65429739, 6.25572874, 6.72904178, 7.79489098, 8.24281929, 9.0256579, 14.84440607, 16.19450275], "fractional occupation": [2.0, 2.0, 2.0, 2.0, 2.0, 2.0, 2.0, 2.0, 2.0, 2.0, 2.0, 2.0, 2.0, 2.0, 2.0, 2.0, 2.0, 2.0, 2.0, 2.0, 2.0, 2.0, 2.0, 2.0, 2.0, 2.0, 2.0, 2.0, 2.0, 2.0, 2.0, 2.0, 2.0, 2.0, 2.0, 2.0, 2.0, 2.0, 2.0, 2.0, 2.0, 2.0, 2.0, 2.0, 2.0, 2.0, 2.0, 2.0, 2.0, 0.0, 0.0, 0.0, 0.0, 0.0, 0.0, 0.0, 0.0, 0.0, 0.0, 0.0, 0.0, 0.0, 0.0, 0.0, 0.0, 0.0, 0.0, 0.0, 0.0, 0.0, 0.0, 0.0, 0.0, 0.0, 0.0, 0.0, 0.0, 0.0, 0.0, 0.0, 0.0, 0.0, 0.0, 0.0, 0.0, 0.0, 0.0, 0.0, 0.0, 0.0, 0.0, 0.0, 0.0, 0.0, 0.0, 0.0, 0.0, 0.0, 0.0, 0.0, 0.0, 0.0, 0.0, 0.0, 0.0, 0.0, 0.0, 0.0, 0.0, 0.0], "program call": "xtb /home/svss/Project-DBcg-Debug/aqme2_20220329/End-to-End-workflows-final/example-3/QDESCP/mol_415_rdkit_conf_1/mol_415_rdkit_conf_1.xyz --pop --wbo --acc 0.2 --gfn 2 --chrg 0 --uhf 0 --etemp 300 --input /home/svss/Project-DBcg-Debug/aqme2_20220329/End-to-End-workflows-final/example-3/QDESCP/mol_415_rdkit_conf_1/mol_415_rdkit_conf_1_xtb.inp", "method": "GFN2-xTB", "xtb version": "6.3.3 (7355c4f)", "Dipole module/D": 3.32, "Total charge": 0, "Transition dipole module/D": NaN, "HOMO": -11.0698, "LUMO": -7.5831, "HOMO occupancy": 2.0, "LUMO occupancy": 0, "mulliken charges": [-0.05107, 0.05059, 0.05058, -0.05108, 0.0961, -0.11439, -0.03887, -0.00474, -0.04205, -0.00476, -0.05115, -0.05113, -0.03887, 0.0961, -0.11437, 0.16799, -0.10708, -0.10769, 0.04609, 0.03749, 0.03755, 0.02931, 0.03748, 0.04094, 0.04094, 0.04608], "cm5 charges": [-0.0513, 0.04978, 0.04977, -0.05131, 0.09211, -0.11542, -0.09305, -0.06477, -0.14381, -0.06478, -0.10823, -0.10821, -0.09304, 0.09212, -0.11539, 0.16613, -0.10977, -0.10752, 0.1077, 0.09485, 0.09291, 0.08496, 0.09483, 0.09689, 0.09688, 0.10769], "FUKUI+": [-0.133, -0.064, -0.064, -0.133, 0.012, -0.07, 0.009, 0.007, 0.01, 0.007, -0.029, -0.029, 0.009, 0.012, -0.07, 0.001, -0.098, -0.075, -0.044, -0.037, -0.032, -0.031, -0.037, -0.038, -0.038, -0.044], "FUKUI-": [-0.138, -0.019, -0.019, -0.138, 0.01, -0.095, 0.005, 0.002, 0.002, 0.002, -0.035, -0.035, 0.005, 0.01, -0.095, 0.009, -0.08, -0.068, -0.038, -0.041, -0.035, -0.043, -0.041, -0.042, -0.042, -0.038], "FUKUIrad": [-0.136, -0.042, -0.042, -0.136, 0.011, -0.082, 0.007, 0.004, 0.006, 0.004, -0.032, -0.032, 0.007, 0.011, -0.082, 0.005, -0.089, -0.072, -0.041, -0.039, -0.033, -0.037, -0.039, -0.04, -0.04, -0.041], "s proportion": [1.938, 1.079, 1.079, 1.938, 1.114, 1.948, 1.086, 1.057, 1.054, 1.057, 1.074, 1.074, 1.086, 1.114, 1.948, 1.164, 1.956, 1.958, 0.954, 0.963, 0.962, 0.971, 0.963, 0.959, 0.959, 0.954], "p proportion": [5.118, 2.87, 2.87, 5.118, 2.789, 5.18, 2.953, 2.948, 2.988, 2.948, 2.977, 2.977, 2.953, 2.79, 5.18, 2.668, 5.161, 5.16, 0.0, 0.0, 0.0, 0.0, 0.0, 0.0, 0.0, 0.0], "d proportion": [-0.005, 0.0, 0.0, -0.005, 0.0, -0.014, 0.0, 0.0, 0.0, 0.0, 0.0, 0.0, 0.0, 0.0, -0.014, 0.0, -0.01, -0.01, 0.0, 0.0, 0.0, 0.0, 0.0, 0.0, 0.0, 0.0], "Fermi-level/eV": -9.3265, "Coordination numbers": [0.932, 2.985, 2.985, 0.932, 3.967, 0.938, 3.916, 3.99, 3.986, 3.99, 3.006, 3.006, 3.916, 3.967, 0.938, 3.834, 1.07, 1.069, 0.923, 0.924, 0.923, 0.924, 0.924, 0.925, 0.925, 0.923], "Dispersion coefficient C6": [101.312, 26.645, 26.645, 101.313, 18.988, 103.181, 21.184, 20.786, 21.607, 20.786, 29.032, 29.031, 21.184, 18.988, 103.18, 18.336, 102.925, 102.953, 2.012, 2.279, 2.266, 2.447, 2.279, 2.35, 2.35, 2.012], "Total dispersion C6": 16816.433971, "Total dispersion C8": 548056.982404, "Polarizability alpha": [15.399, 8.467, 8.467, 15.399, 6.191, 15.54, 6.542, 6.477, 6.604, 6.477, 8.839, 8.838, 6.542, 6.191, 15.54, 6.092, 15.521, 15.523, 2.218, 2.361, 2.354, 2.446, 2.361, 2.397, 2.397, 2.218], "Total polarizability alpha": 197.404462, "Wiberg matrix": [[0.0, 1.038909630544239, 0.0, 0.0, 0.0, 0.0, 0.0, 0.0, 0.0, 0.0, 0.0, 0.0, 0.0, 0.0, 0.0, 0.0, 0.0, 0.0, 0.0, 0.0, 0.0, 0.0, 0.0, 0.0, 0.0, 0.0], [1.038909630544239, 0.0, 1.7048186734452098, 0.0, 0.0, 0.0, 0.0, 0.0, 0.0, 0.0, 0.0, 0.0, 0.0, 0.9773786626228523, 0.0, 0.0, 0.0, 0.0, 0.0, 0.0, 0.0, 0.0, 0.0, 0.0, 0.0, 0.0], [0.0, 1.7048186734452098, 0.0, 1.038897750083048, 0.9773660947354414, 0.0, 0.0, 0.0, 0.0, 0.0, 0.0, 0.0, 0.0, 0.0, 0.0, 0.0, 0.0, 0.0, 0.0, 0.0, 0.0, 0.0, 0.0, 0.0, 0.0, 0.0], [0.0, 0.0, 1.038897750083048, 0.0, 0.0, 0.0, 0.0, 0.0, 0.0, 0.0, 0.0, 0.0, 0.0, 0.0, 0.0, 0.0, 0.0, 0.0, 0.0, 0.0, 0.0, 0.0, 0.0, 0.0, 0.0, 0.0], [0.0, 0.0, 0.9773660947354414, 0.0, 0.0, 0.9658265457882902, 0.9445247772540742, 0.0, 0.0, 0.0, 0.0, 0.0, 0.0, 0.0, 0.0, 0.9309263817891418, 0.0, 0.0, 0.0, 0.0, 0.0, 0.0, 0.0, 0.0, 0.0, 0.0], [0.0, 0.0, 0.0, 0.0, 0.9658265457882902, 0.0, 0.0, 0.0, 0.0, 0.0, 0.0, 0.0, 0.0, 0.0, 0.0, 0.0, 0.0, 0.0, 0.0, 0.0, 0.0, 0.0, 0.0, 0.0, 0.0, 0.0], [0.0, 0.0, 0.0, 0.0, 0.9445247772540742, 0.0, 0.0, 0.9656046089606263, 0.0, 0.0, 0.0, 0.0, 0.967418352419518, 0.0, 0.0, 0.0, 0.0, 0.0, 0.9606604866421278, 0.0, 0.0, 0.0, 0.0, 0.0, 0.0, 0.0], [0.0, 0.0, 0.0, 0.0, 0.0, 0.0, 0.9656046089606263, 0.0, 0.9776466525439953, 0.0, 0.0, 1.0131241104782442, 0.0, 0.0, 0.0, 0.0, 0.0, 0.0, 0.0, 0.9698437015223338, 0.0, 0.0, 0.0, 0.0, 0.0, 0.0], [0.0, 0.0, 0.0, 0.0, 0.0, 0.0, 0.0, 0.9776466525439953, 0.0, 0.9776319309947327, 0.0, 0.0, 0.0, 0.0, 0.0, 0.0, 0.0, 0.0, 0.0, 0.0, 0.9762189909176033, 0.976680448292455, 0.0, 0.0, 0.0, 0.0], [0.0, 0.0, 0.0, 0.0, 0.0, 0.0, 0.0, 0.0, 0.9776319309947327, 0.0, 1.0130905045857082, 0.0, 0.9656411724739152, 0.0, 0.0, 0.0, 0.0, 0.0, 0.0, 0.0, 0.0, 0.0, 0.9698477948425221, 0.0, 0.0, 0.0], [0.0, 0.0, 0.0, 0.0, 0.0, 0.0, 0.0, 0.0, 0.0, 1.0130905045857082, 0.0, 1.9209448856607114, 0.0, 0.0, 0.0, 0.0, 0.0, 0.0, 0.0, 0.0, 0.0, 0.0, 0.0, 0.9702568108074783, 0.0, 0.0], [0.0, 0.0, 0.0, 0.0, 0.0, 0.0, 0.0, 1.0131241104782442, 0.0, 0.0, 1.9209448856607114, 0.0, 0.0, 0.0, 0.0, 0.0, 0.0, 0.0, 0.0, 0.0, 0.0, 0.0, 0.0, 0.0, 0.9702521384326452, 0.0], [0.0, 0.0, 0.0, 0.0, 0.0, 0.0, 0.967418352419518, 0.0, 0.0, 0.9656411724739152, 0.0, 0.0, 0.0, 0.9444976522554229, 0.0, 0.0, 0.0, 0.0, 0.0, 0.0, 0.0, 0.0, 0.0, 0.0, 0.0, 0.9606571791265865], [0.0, 0.9773786626228523, 0.0, 0.0, 0.0, 0.0, 0.0, 0.0, 0.0, 0.0, 0.0, 0.0, 0.9444976522554229, 0.0, 0.9658522723520003, 0.9309185418907596, 0.0, 0.0, 0.0, 0.0, 0.0, 0.0, 0.0, 0.0, 0.0, 0.0], [0.0, 0.0, 0.0, 0.0, 0.0, 0.0, 0.0, 0.0, 0.0, 0.0, 0.0, 0.0, 0.0, 0.9658522723520003, 0.0, 0.0, 0.0, 0.0, 0.0, 0.0, 0.0, 0.0, 0.0, 0.0, 0.0, 0.0], [0.0, 0.0, 0.0, 0.0, 0.9309263817891418, 0.0, 0.0, 0.0, 0.0, 0.0, 0.0, 0.0, 0.0, 0.9309185418907596, 0.0, 0.0, 0.9588285806621846, 0.9608391272498884, 0.0, 0.0, 0.0, 0.0, 0.0, 0.0, 0.0, 0.0], [0.0, 0.0, 0.0, 0.0, 0.0, 0.0, 0.0, 0.0, 0.0, 0.0, 0.0, 0.0, 0.0, 0.0, 0.0, 0.9588285806621846, 0.0, 0.0, 0.0, 0.0, 0.0, 0.0, 0.0, 0.0, 0.0, 0.0], [0.0, 0.0, 0.0, 0.0, 0.0, 0.0, 0.0, 0.0, 0.0, 0.0, 0.0, 0.0, 0.0, 0.0, 0.0, 0.9608391272498884, 0.0, 0.0, 0.0, 0.0, 0.0, 0.0, 0.0, 0.0, 0.0, 0.0], [0.0, 0.0, 0.0, 0.0, 0.0, 0.0, 0.9606604866421278, 0.0, 0.0, 0.0, 0.0, 0.0, 0.0, 0.0, 0.0, 0.0, 0.0, 0.0, 0.0, 0.0, 0.0, 0.0, 0.0, 0.0, 0.0, 0.0], [0.0, 0.0, 0.0, 0.0, 0.0, 0.0, 0.0, 0.9698437015223338, 0.0, 0.0, 0.0, 0.0, 0.0, 0.0, 0.0, 0.0, 0.0, 0.0, 0.0, 0.0, 0.0, 0.0, 0.0, 0.0, 0.0, 0.0], [0.0, 0.0, 0.0, 0.0, 0.0, 0.0, 0.0, 0.0, 0.9762189909176033, 0.0, 0.0, 0.0, 0.0, 0.0, 0.0, 0.0, 0.0, 0.0, 0.0, 0.0, 0.0, 0.0, 0.0, 0.0, 0.0, 0.0], [0.0, 0.0, 0.0, 0.0, 0.0, 0.0, 0.0, 0.0, 0.976680448292455, 0.0, 0.0, 0.0, 0.0, 0.0, 0.0, 0.0, 0.0, 0.0, 0.0, 0.0, 0.0, 0.0, 0.0, 0.0, 0.0, 0.0], [0.0, 0.0, 0.0, 0.0, 0.0, 0.0, 0.0, 0.0, 0.0, 0.9698477948425221, 0.0, 0.0, 0.0, 0.0, 0.0, 0.0, 0.0, 0.0, 0.0, 0.0, 0.0, 0.0, 0.0, 0.0, 0.0, 0.0], [0.0, 0.0, 0.0, 0.0, 0.0, 0.0, 0.0, 0.0, 0.0, 0.0, 0.9702568108074783, 0.0, 0.0, 0.0, 0.0, 0.0, 0.0, 0.0, 0.0, 0.0, 0.0, 0.0, 0.0, 0.0, 0.0, 0.0], [0.0, 0.0, 0.0, 0.0, 0.0, 0.0, 0.0, 0.0, 0.0, 0.0, 0.0, 0.9702521384326452, 0.0, 0.0, 0.0, 0.0, 0.0, 0.0, 0.0, 0.0, 0.0, 0.0, 0.0, 0.0, 0.0, 0.0], [0.0, 0.0, 0.0, 0.0, 0.0, 0.0, 0.0, 0.0, 0.0, 0.0, 0.0, 0.0, 0.9606571791265865, 0.0, 0.0, 0.0, 0.0, 0.0, 0.0, 0.0, 0.0, 0.0, 0.0, 0.0, 0.0, 0.0]], "Born radii": [], "Atomic SASAs": [], "Solvent H bonds": [], "Total SASA": NaN, "Total FOD": 0.0, "FOD": [0.0, 0.0, 0.0, 0.0, 0.0, 0.0, 0.0, 0.0, 0.0, 0.0, 0.0, 0.0, 0.0, 0.0, 0.0, 0.0, 0.0, 0.0, 0.0, 0.0, 0.0, 0.0, 0.0, 0.0, 0.0, 0.0], "FOD s proportion": [0.0, 0.0, 0.0, 0.0, 0.0, 0.0, 0.0, 0.0, 0.0, 0.0, 0.0, 0.0, 0.0, 0.0, 0.0, 0.0, 0.0, 0.0, 0.0, 0.0, 0.0, 0.0, 0.0, 0.0, 0.0, 0.0], "FOD p proportion": [0.0, 0.0, 0.0, 0.0, 0.0, 0.0, 0.0, 0.0, 0.0, 0.0, 0.0, 0.0, 0.0, 0.0, 0.0, 0.0, 0.0, 0.0, 0.0, 0.0, 0.0, 0.0, 0.0, 0.0, 0.0, 0.0], "FOD d proportion": [0.0, 0.0, 0.0, 0.0, 0.0, 0.0, 0.0, 0.0, 0.0, 0.0, 0.0, 0.0, 0.0, 0.0, 0.0, 0.0, 0.0, 0.0, 0.0, 0.0, 0.0, 0.0, 0.0, 0.0, 0.0, 0.0], "coordinates": [["-1.37000", "-0.48670", "3.15680"], ["-1.35800", "-0.16610", "1.49190"], ["-1.50970", "1.01860", "0.88350"], ["-1.75680", "2.53230", "1.60640"], ["-1.46160", "0.77810", "-0.61000"], ["-2.14900", "2.03290", "-1.62700"], ["-0.03470", "0.34160", "-1.06850"], ["1.28490", "1.07370", "-0.72160"], ["2.26080", "-0.12350", "-0.80450"], ["1.54090", "-0.92560", "0.30510"], ["1.60140", "0.14470", "1.36070"], ["1.44940", "1.33080", "0.75150"], ["0.14430", "-1.05630", "-0.35060"], ["-1.20580", "-1.21950", "0.41590"], ["-1.51990", "-2.87860", "0.89530"], ["-2.21700", "-0.60520", "-0.62550"], ["-2.26280", "-1.43410", "-2.22810"], ["-3.94200", "-0.54260", "-0.07340"], ["-0.03210", "0.17800", "-2.15620"], ["1.54520", "1.91320", "-1.36720"], ["3.29860", "0.13730", "-0.55550"], ["2.25370", "-0.62520", "-1.77960"], ["2.02890", "-1.86360", "0.57240"], ["1.74120", "-0.01860", "2.42050"], ["1.44400", "2.30090", "1.22930"], ["0.22600", "-1.83650", "-1.12170"]], "bond_dist": [[0.0, 1.6955295249567317, 2.730080048276973, 3.41580377071049, 3.9745303923859985, 5.462597147877555, 4.508022523235659, 4.952305395469871, 5.3857701928322195, 4.098556442212306, 3.5290025687154154, 4.127685877098693, 3.8625643567453993, 2.841916657820915, 3.295153694442795, 3.8777886146617124, 5.540018647080531, 4.129467380910037, 5.51903718958298, 5.8927486837638, 5.997197116153512, 6.1252288855193, 4.486368038848352, 3.231225888111198, 4.405061408198528, 4.761799900247804], [1.6955295249567317, 0.0, 1.3404020068621203, 2.7301124976821014, 2.3065624227408197, 3.8972835680766162, 2.9265218844218475, 3.663551105143751, 4.286138257219429, 3.223190298446556, 2.978566507567021, 3.2665572901756983, 2.5385365035783907, 1.5134703168546122, 2.7820494999190792, 2.3268159725255453, 4.032974961489347, 3.044498700935837, 3.8967998704064857, 4.574550419440144, 5.0958632124498795, 4.894676899449033, 3.898471252940055, 3.2386872108927096, 3.7424927200998, 3.4828432522868438], [2.730080048276973, 1.3404020068621203, 0.0, 1.6955620041744273, 1.5135045787839558, 2.782106976735438, 2.5385543129899744, 3.22322372478238, 4.286071238325373, 3.663416514675884, 3.266552350720864, 2.9784502094210006, 2.9264191121573817, 2.3065334552093537, 3.8972312120273283, 2.3268177259940237, 4.032982948141488, 3.044517423172349, 3.4827699048314975, 3.898509158640005, 5.095798227952123, 4.894625584250546, 4.57444532265935, 3.7425263726525695, 3.238551315017256, 3.896803502872579], [3.41580377071049, 2.7301124976821014, 1.6955620041744273, 0.0, 2.8419693242538706, 3.29516263028094, 3.862626685301079, 4.098662812430415, 5.385798196182252, 4.9523004139490565, 4.127772945548241, 3.52904727936592, 4.508001793477905, 3.974530725758703, 5.462565663678562, 3.8777658387272433, 5.540014008105034, 4.129387011409805, 4.761772499815589, 4.486511536817887, 5.997241513395971, 6.125268361467929, 5.892759735471998, 4.405207556971635, 3.2312336668832855, 5.5190976517905534], [3.9745303923859985, 2.3065624227408197, 1.5135045787839558, 2.8419693242538706, 0.0, 1.7553719833699069, 1.5610246987155585, 2.764615012981012, 3.834967349274307, 3.5714153986899926, 3.696866652991422, 3.2608404652788523, 2.4517802776757955, 2.2601571206444917, 3.9548428375853315, 1.5761942456436009, 2.8555205987700387, 2.860869135420214, 2.1895946428505897, 3.301916124010421, 4.803446567830228, 4.140129121174846, 4.534339962993512, 4.48069068113388, 3.760911550409023, 3.153722215097582], [5.462597147877555, 3.8972835680766162, 2.782106976735438, 3.29516263028094, 1.7553719833699069, 0.0, 2.764540184189769, 3.6785164142626847, 4.977238516486828, 5.1089230440475415, 5.153363046593943, 4.370204711452313, 4.0535883473781595, 3.9548922121848027, 5.557031253286237, 2.822622514612962, 3.5205625473779043, 3.501674201007284, 2.8639085634845265, 3.705258124611563, 5.866664927367166, 5.145148166962735, 6.121676324341234, 5.97700297306267, 4.597817165786391, 4.568173535451559], [4.508022523235659, 2.9265218844218475, 2.5385543129899744, 3.862626685301079, 1.5610246987155585, 2.764540184189769, 0.0, 1.548436043238467, 2.3569756596112743, 2.4443993454425565, 2.93540550180039, 2.5482286887169288, 1.581627585748301, 2.4519281759464326, 4.05364250027059, 2.4197339791803563, 3.0760709127066623, 4.127835624149779, 1.099937730055661, 2.248384366606386, 3.3787270354380508, 2.5840162557538213, 3.4371361349239575, 3.9314991860612154, 3.3623347572780435, 2.1942913070055217], [4.952305395469871, 3.663551105143751, 3.22322372478238, 4.098662812430415, 2.764615012981012, 3.6785164142626847, 1.548436043238467, 0.0, 1.5467841025818698, 2.26204539742243, 2.301996207642402, 1.5043883374980014, 2.444485500059266, 3.571590539241585, 5.109006159714431, 3.8847450405399835, 4.598345178431041, 5.509362262549088, 2.1435588748620833, 1.0905575179695932, 2.2269759450878674, 2.2235554074499695, 3.294799430921403, 3.3576958453677728, 2.3102691315082753, 3.12259719784669], [5.3857701928322195, 4.286138257219429, 4.286071238325373, 5.385798196182252, 3.834967349274307, 4.977238516486828, 2.3569756596112743, 1.5467841025818698, 0.0, 1.5468783339358012, 2.27921711120288, 2.2791433588083048, 2.357056066367536, 3.8350890107010556, 4.97730735840173, 4.507190780297635, 4.9200880357977335, 6.25978273265135, 2.678691014282909, 2.2308880608403463, 1.0986566706665006, 1.0966190359463948, 2.231048908025102, 3.268273729356218, 3.26821358543165, 2.6786929424627974], [4.098556442212306, 3.223190298446556, 3.663416514675884, 4.9523004139490565, 3.5714153986899926, 5.1089230440475415, 2.4443993454425565, 2.26204539742243, 1.5468783339358012, 0.0, 1.5044911764447142, 2.301952686307866, 1.5483915977555547, 2.7646002857556096, 3.678456426274477, 3.884647336631731, 4.598239682748171, 5.509277961765951, 3.1225405761975296, 3.2947520726148727, 2.227082858808805, 2.2235777679226785, 1.09061326326063, 2.310343318643357, 3.3576535705757373, 2.143468931428678], [3.5290025687154154, 2.978566507567021, 3.266552350720864, 4.127772945548241, 3.696866652991422, 5.153363046593943, 2.93540550180039, 2.301996207642402, 2.27921711120288, 1.5044911764447142, 0.0, 1.3420364562857447, 2.5483502702729073, 3.2609907267577443, 4.370292180163701, 4.368926528336223, 5.504919301860837, 5.767001617825333, 3.8778881817298445, 3.251490289082838, 2.5597587855108537, 3.298442873538967, 2.199418566348843, 1.081381972292862, 2.1659268593375907, 3.4610964100989734], [4.127685877098693, 3.2665572901756983, 2.9784502094210006, 3.52904727936592, 3.2608404652788523, 4.370204711452313, 2.5482286887169288, 1.5043883374980014, 2.2791433588083048, 2.301952686307866, 1.3420364562857447, 0.0, 2.935329083765567, 3.696856027761968, 5.153296934002543, 4.368834393748521, 5.5048267011777945, 5.766912651497333, 3.4609983212940167, 2.199376523017375, 2.5597327770687315, 3.29837864715378, 3.251474806914548, 2.1660075253793556, 1.0813953994723668, 3.8778054476726913], [3.8625643567453993, 2.5385365035783907, 2.9264191121573817, 4.508001793477905, 2.4517802776757955, 4.0535883473781595, 1.581627585748301, 2.444485500059266, 2.357056066367536, 1.5483915977555547, 2.5483502702729073, 2.935329083765567, 0.0, 1.5610658218025273, 2.7645263138555944, 2.419669173668169, 3.076015198271946, 4.127780907461054, 2.194266348919383, 3.4371393076219645, 3.3787976352542928, 2.5840775085124674, 2.248417098760815, 3.362425628917315, 3.9314241618019286, 1.0999918817882246], [2.841916657820915, 1.5134703168546122, 2.3065334552093537, 3.974530725758703, 2.2601571206444917, 3.9548922121848027, 2.4519281759464326, 3.571590539241585, 3.8350890107010556, 2.7646002857556096, 3.2609907267577443, 3.696856027761968, 1.5610658218025273, 0.0, 1.755305095987589, 1.5761991910922935, 2.855527650014967, 2.8608387825950627, 3.1537717656799455, 4.534452105822709, 4.803555304147127, 4.140235861638803, 3.30191477025074, 3.7610358905493046, 4.4806557287968465, 2.1897383405329505], [3.295153694442795, 2.7820494999190792, 3.8972312120273283, 5.462565663678562, 3.9548428375853315, 5.557031253286237, 4.05364250027059, 5.109006159714431, 4.97730735840173, 3.678456426274477, 4.370292180163701, 5.153296934002543, 2.7645263138555944, 1.755305095987589, 0.0, 2.822610247625414, 3.5205266963907547, 3.501691605495836, 4.56815111943552, 6.121690248615982, 5.866721034785956, 5.145187900358937, 3.705195116319787, 4.5978917179507395, 5.976912201128606, 2.863988166874996], [3.8777886146617124, 2.3268159725255453, 2.3268177259940237, 3.8777658387272433, 1.5761942456436009, 2.822622514612962, 2.4197339791803563, 3.8847450405399835, 4.507190780297635, 3.884647336631731, 4.368926528336223, 4.368834393748521, 2.419669173668169, 1.5761991910922935, 2.822610247625414, 0.0, 1.804854456736055, 1.8122798266272238, 2.780329609956345, 4.58765803978457, 5.565792810552689, 4.617304982346304, 4.587613952808148, 5.028872915475197, 5.028779300188068, 2.7803890249387764], [5.540018647080531, 4.032974961489347, 4.032982948141488, 5.540014008105034, 2.8555205987700387, 3.5205625473779043, 3.0760709127066623, 4.598345178431041, 4.9200880357977335, 4.598239682748171, 5.504919301860837, 5.5048267011777945, 3.076015198271946, 2.855527650014967, 3.5205266963907547, 1.804854456736055, 0.0, 2.8735373635990884, 2.753190605461235, 5.1426092696217935, 6.016316038906201, 4.610232500644625, 5.142563503740134, 6.296438533806234, 6.2963645066022025, 2.7532112450736506], [4.129467380910037, 3.044498700935837, 3.044517423172349, 4.129387011409805, 2.860869135420214, 3.501674201007284, 4.127835624149779, 5.509362262549088, 6.25978273265135, 5.509277961765951, 5.767001617825333, 5.766912651497333, 4.127780907461054, 2.8608387825950627, 3.501691605495836, 1.8122798266272238, 2.8735373635990884, 0.0, 4.488277866843808, 6.149328086872581, 7.288413598307934, 6.426868575752892, 6.149288206776457, 6.228392685918254, 6.228283514741441, 4.48835538922666], [5.51903718958298, 3.8967998704064857, 3.4827699048314975, 4.761772499815589, 2.1895946428505897, 2.8639085634845265, 1.099937730055661, 2.1435588748620833, 2.678691014282909, 3.1225405761975296, 3.8778881817298445, 3.4609983212940167, 2.194266348919383, 3.1537717656799455, 4.56815111943552, 2.780329609956345, 2.753190605461235, 4.488277866843808, 0.0, 2.4741292064077816, 3.695600014882563, 2.4519052673380344, 3.9826008486917193, 4.91217134676713, 4.259951392915182, 2.279257798056201], [5.8927486837638, 4.574550419440144, 3.898509158640005, 4.486511536817887, 3.301916124010421, 3.705258124611563, 2.248384366606386, 1.0905575179695932, 2.2308880608403463, 3.2947520726148727, 3.251490289082838, 2.199376523017375, 3.4371393076219645, 4.534452105822709, 6.121690248615982, 4.58765803978457, 5.1426092696217935, 6.149328086872581, 2.4741292064077816, 0.0, 2.624326439298282, 2.667493312081588, 4.273199280398703, 4.256399714547495, 2.6272352349951458, 3.982563116888419], [5.997197116153512, 5.0958632124498795, 5.095798227952123, 5.997241513395971, 4.803446567830228, 5.866664927367166, 3.3787270354380508, 2.2269759450878674, 1.0986566706665006, 2.227082858808805, 2.5597587855108537, 2.5597327770687315, 3.3787976352542928, 4.803555304147127, 5.866721034785956, 5.565792810552689, 6.016316038906201, 7.288413598307934, 3.695600014882563, 2.624326439298282, 0.0, 1.7809107417273893, 2.6244803885721835, 3.3624954379151206, 3.3624718824103197, 3.695583802324066], [6.1252288855193, 4.894676899449033, 4.894625584250546, 6.125268361467929, 4.140129121174846, 5.145148166962735, 2.5840162557538213, 2.2235554074499695, 1.0966190359463948, 2.2235777679226785, 3.298442873538967, 3.29837864715378, 2.5840775085124674, 4.140235861638803, 5.145187900358937, 4.617304982346304, 4.610232500644625, 6.426868575752892, 2.4519052673380344, 2.667493312081588, 1.7809107417273893, 0.0, 2.6675969710584098, 4.274512816684493, 4.274477103693504, 2.451866103603539], [4.486368038848352, 3.898471252940055, 4.57444532265935, 5.892759735471998, 4.534339962993512, 6.121676324341234, 3.4371361349239575, 3.294799430921403, 2.231048908025102, 1.09061326326063, 2.199418566348843, 3.251474806914548, 2.248417098760815, 3.30191477025074, 3.705195116319787, 4.587613952808148, 5.142563503740134, 6.149288206776457, 3.9826008486917193, 4.273199280398703, 2.6244803885721835, 2.6675969710584098, 0.0, 2.6272171398649182, 4.256370034430748, 2.474097336403724], [3.231225888111198, 3.2386872108927096, 3.7425263726525695, 4.405207556971635, 4.48069068113388, 5.97700297306267, 3.9314991860612154, 3.3576958453677728, 3.268273729356218, 2.310343318643357, 1.081381972292862, 2.1660075253793556, 3.362425628917315, 3.7610358905493046, 4.5978917179507395, 5.028872915475197, 6.296438533806234, 6.228392685918254, 4.91217134676713, 4.256399714547495, 3.3624954379151206, 4.274512816684493, 2.6272171398649182, 0.0, 2.6243790751337737, 4.260020221782991], [4.405061408198528, 3.7424927200998, 3.238551315017256, 3.2312336668832855, 3.760911550409023, 4.597817165786391, 3.3623347572780435, 2.3102691315082753, 3.26821358543165, 3.3576535705757373, 2.1659268593375907, 1.0813953994723668, 3.9314241618019286, 4.4806557287968465, 5.976912201128606, 5.028779300188068, 6.2963645066022025, 6.228283514741441, 4.259951392915182, 2.6272352349951458, 3.3624718824103197, 4.274477103693504, 4.256370034430748, 2.6243790751337737, 0.0, 4.912107873408319], [4.761799900247804, 3.4828432522868438, 3.896803502872579, 5.5190976517905534, 3.153722215097582, 4.568173535451559, 2.1942913070055217, 3.12259719784669, 2.6786929424627974, 2.143468931428678, 3.4610964100989734, 3.8778054476726913, 1.0999918817882246, 2.1897383405329505, 2.863988166874996, 2.7803890249387764, 2.7532112450736506, 4.48835538922666, 2.279257798056201, 3.982563116888419, 3.695583802324066, 2.451866103603539, 2.474097336403724, 4.260020221782991, 4.912107873408319, 0.0]]}