{"total energy": -52.94797261, "HOMO-LUMO gap/eV": 3.2375475, "electronic energy": -53.58861311, "dipole": [0.24430199, 0.26777173, 0.91745436], "partial charges": [-0.37778266, 0.2814437, -0.17676288, 0.33960208, -0.42160292, -0.17753015, 0.28102822, -0.37766516, -0.0235261, -0.01103723, -0.104284, -0.06553723, -0.05264867, -0.10083102, -0.05112701, -0.030102, -0.08862531, 0.23344675, 0.23345514, 0.06376675, 0.02846377, 0.04882674, 0.04599157, 0.05159725, 0.03346384, 0.03230918, 0.03648388, 0.035367, 0.03211456, 0.03133945, 0.04321051, 0.06473575, 0.05067088, 0.04134913, 0.05039621], "atomic dipole moments": [[-0.00870723, -0.1611903, 0.0875806], [-0.08210343, -0.03887765, -0.0001241], [0.04640294, -0.05042563, -0.05618689], [0.07400757, 0.0451242, 0.02921719], [0.17494148, 0.10029727, 0.07397369], [-0.00696497, 0.04897433, -0.06061137], [-0.08087129, -0.03710516, -0.01142935], [-0.14853146, 0.11182727, 0.02102588], [-0.04233525, -0.01747939, 0.01238316], [-0.04914114, -0.12825987, 0.01481769], [-0.02437467, 0.03260129, 0.10861265], [-0.01678555, 0.08587815, -0.10200263], [-0.09285835, 0.05584131, 0.0391484], [0.00104664, -0.10210035, -0.00092059], [0.01582211, 0.04164855, -0.13538657], [0.05128388, -0.15371987, -0.07052497], [-0.05521093, 0.02921634, 0.03287489], [-0.09960438, 0.05839883, -0.07036792], [-0.00527905, -0.13228307, -0.03311577], [-0.00583734, 0.12654492, -0.00073355], [-0.10533608, 0.01469236, -0.07349641], [0.08392442, 0.07571832, -0.05776008], [0.04208972, -0.11992911, -0.02212913], [0.02391413, -0.12418409, 0.00655794], [-0.00697602, 0.0291703, 0.1186356], [0.0923762, -0.03750585, 0.06984646], [0.03266494, -0.04155006, -0.11419832], [-0.07913773, 0.04998226, -0.08460624], [0.11411811, 0.04309332, -0.02893116], [-0.02863642, 0.04521228, 0.11372407], [-0.10302245, -0.0566722, 0.04931441], [0.08417099, -0.0678256, 0.07041707], [0.12360975, 0.08860343, -0.01239874], [-0.13251539, -0.07210369, 0.02398086], [0.01755194, 0.14575398, 0.04151469]], "atomic quadrupole moments": [[-0.10504375, -0.01520562, -0.03098542, -0.06337873, 0.13037703, 0.13602916], [-0.19211515, 0.00163696, -0.11244413, -0.14791033, 0.360112, 0.30455928], [-0.04619009, 0.08398199, 0.06249036, -0.0422314, 0.01795948, -0.01630027], [-0.14259204, -0.02170245, -0.18170815, -0.2394893, -0.04959942, 0.32430019], [-0.02795477, 0.03473044, -0.10093202, -0.07678051, -0.00059309, 0.12888679], [0.1016808, -0.0268008, -0.10625454, 0.01837625, -0.02226776, 0.00457373], [-0.2081285, 0.04910614, -0.3137846, 0.04422601, -0.10749585, 0.5219131], [-0.0863, -0.00607989, -0.12406779, 0.0077633, -0.03812828, 0.21036779], [-0.04071628, -0.02754916, 0.05320125, 0.02472621, -0.03144935, -0.01248497], [0.09944198, 0.04681797, -0.19403553, -0.01634755, -0.03098587, 0.09459355], [-0.07884327, -0.00493155, -0.10183447, -0.02539675, 0.0883279, 0.18067774], [0.18372881, 0.03434551, -0.1315945, 0.0204915, -0.10443794, -0.05213431], [0.00566335, 0.10026869, 0.16600167, -0.08965728, -0.04997875, -0.17166502], [-0.1025132, -0.00265195, 0.22685101, -0.00626684, 0.00772254, -0.12433781], [-0.15660219, 0.0100681, 0.00354491, -0.04019784, 0.10954932, 0.15305727], [-0.34011825, -0.03848737, -0.0280436, 0.30476646, -0.21309868, 0.36816186], [-0.22965034, -0.07115145, -0.21191983, 0.30741826, -0.28159074, 0.44157018], [0.02819929, -0.01338338, 0.02149108, 0.01963015, -0.01394433, -0.04969037], [0.010095, -0.00087137, 0.04206592, 0.01066623, -0.00060399, -0.05216092], [-0.01186356, -0.00980398, 0.02355806, -0.00194158, 0.01000341, -0.0116945], [0.06762031, -0.02054853, -0.04884302, 0.03651184, -0.0009338, -0.01877729], [0.0155104, 0.06162728, 0.00868289, -0.02641485, -0.0112282, -0.02419329], [-0.04009578, -0.03461219, 0.06936041, 0.00190889, -0.00515956, -0.02926463], [-0.01109966, 0.00383095, 0.05616459, 0.00010593, 0.01556062, -0.04506493], [-0.00078239, -0.00619088, -0.03731081, -0.02323719, 0.03892383, 0.03809321], [0.01022502, -0.00380765, -0.01162846, 0.04304603, -0.02691319, 0.00140344], [-0.03954742, 0.01105761, -0.01270501, -0.0045901, 0.01903727, 0.05225243], [0.01211968, -0.0212126, -0.02062543, 0.06279381, -0.01581197, 0.00850575], [0.06532191, 0.02779402, -0.01764327, -0.02972719, -0.01006049, -0.04767864], [-0.04412417, -0.00992175, -0.02242405, -0.03257355, 0.02459506, 0.06654822], [0.04812834, 0.03209603, -0.01826542, -0.012395, 0.01658328, -0.02986292], [0.03887682, -0.03641487, -0.01532242, 0.02509771, -0.00185414, -0.0235544], [0.02818951, -0.00783812, 0.01341647, -0.03909349, 0.02701408, -0.04160598], [0.03059127, 0.02193114, 0.01383027, -0.02475833, 0.01803698, -0.04442153], [0.01117411, 0.00514446, 0.03132458, -0.02547834, 0.03526868, -0.04249869]], "number of molecular orbitals": 86, "number of electrons": 94, "number of unpaired electrons": 0, "orbital energies/eV": [-20.62163373, -20.28743126, -20.20836746, -19.79001999, -19.38950592, -18.69654203, -18.23174068, -18.09327263, -17.62859067, -17.23296573, -17.05042869, -16.90526925, -16.81347693, -16.56992053, -16.35600306, -16.12574529, -15.74925539, -15.66218131, -15.62358724, -15.57814532, -15.40014572, -15.18219545, -14.96508507, -14.85484011, -14.59164609, -14.44936414, -14.20575075, -14.08602072, -13.84689646, -13.66399981, -13.29055521, -13.26351521, -13.17371255, -13.02438292, -12.89171764, -12.71318042, -12.51857326, -12.46628255, -12.43180564, -12.34474411, -12.24909516, -12.13735877, -11.83304738, -11.73001171, -11.61904881, -11.40848379, -11.32757223, -8.09002472, -7.1638749, -6.27337572, -5.91483622, -0.70002267, -0.183887, 0.35785974, 0.99979223, 1.3486368, 2.06939319, 2.39334682, 2.8316555, 2.90141238, 3.21011631, 3.46680032, 3.55637678, 3.63681372, 3.86233923, 4.01093686, 4.1712687, 4.44952328, 4.5629173, 5.11583507, 5.23908583, 5.34096723, 5.46283575, 6.24408077, 6.37819065, 7.043163, 7.21561081, 7.63103503, 7.64634627, 7.88566104, 10.64095523, 11.17267657, 14.06888322, 14.21782335, 14.74616954, 16.22637057], "fractional occupation": [2.0, 2.0, 2.0, 2.0, 2.0, 2.0, 2.0, 2.0, 2.0, 2.0, 2.0, 2.0, 2.0, 2.0, 2.0, 2.0, 2.0, 2.0, 2.0, 2.0, 2.0, 2.0, 2.0, 2.0, 2.0, 2.0, 2.0, 2.0, 2.0, 2.0, 2.0, 2.0, 2.0, 2.0, 2.0, 2.0, 2.0, 2.0, 2.0, 2.0, 2.0, 2.0, 2.0, 2.0, 2.0, 2.0, 2.0, 0.0, 0.0, 0.0, 0.0, 0.0, 0.0, 0.0, 0.0, 0.0, 0.0, 0.0, 0.0, 0.0, 0.0, 0.0, 0.0, 0.0, 0.0, 0.0, 0.0, 0.0, 0.0, 0.0, 0.0, 0.0, 0.0, 0.0, 0.0, 0.0, 0.0, 0.0, 0.0, 0.0, 0.0, 0.0, 0.0, 0.0, 0.0, 0.0], "program call": "xtb /home/svss/Project-DBcg-Debug/aqme2_20220329/End-to-End-workflows-final/example-3/QDESCP/mol_426_rdkit_conf_9/mol_426_rdkit_conf_9.xyz --pop --wbo --acc 0.2 --gfn 2 --chrg 0 --uhf 0 --etemp 300 --input /home/svss/Project-DBcg-Debug/aqme2_20220329/End-to-End-workflows-final/example-3/QDESCP/mol_426_rdkit_conf_9/mol_426_rdkit_conf_9_xtb.inp", "method": "GFN2-xTB", "xtb version": "6.3.3 (7355c4f)", "Dipole module/D": 2.507, "Total charge": 0, "Transition dipole module/D": NaN, "HOMO": -11.3276, "LUMO": -8.09, "HOMO occupancy": 2.0, "LUMO occupancy": 0, "mulliken charges": [-0.5037, 0.47603, -0.32821, 0.57529, -0.5356, -0.3271, 0.47599, -0.50492, -0.05808, 0.00284, -0.09389, -0.05719, -0.03682, -0.08722, -0.03769, -0.02278, -0.06826, 0.27941, 0.28026, 0.04265, 0.03608, 0.0389, 0.04132, 0.04362, 0.02136, 0.02735, 0.02726, 0.0303, 0.03123, 0.02598, 0.03336, 0.05687, 0.03844, 0.03275, 0.04413], "cm5 charges": [-0.54991, 0.57504, -0.67207, 0.74288, -0.57278, -0.67038, 0.57446, -0.55327, -0.05824, -0.06062, -0.24049, -0.16553, -0.14978, -0.23798, -0.13425, -0.08633, -0.17008, 0.48267, 0.48308, 0.1076, 0.09199, 0.09127, 0.097, 0.10401, 0.07869, 0.08156, 0.08245, 0.08227, 0.08202, 0.07746, 0.09548, 0.11467, 0.09489, 0.08589, 0.09632], "FUKUI+": [-0.13, -0.047, -0.03, -0.048, -0.135, -0.032, -0.053, -0.14, -0.004, 0.007, 0.014, 0.005, 0.006, 0.008, -0.002, -0.008, -0.021, -0.044, -0.045, -0.019, 0.002, -0.033, -0.01, -0.002, -0.009, -0.02, -0.011, 0.0, -0.02, -0.005, -0.019, -0.036, -0.037, -0.032, -0.049], "FUKUI-": [-0.048, -0.002, -0.016, -0.001, -0.074, -0.021, -0.004, -0.064, -0.01, -0.003, 0.017, 0.004, 0.007, 0.014, 0.011, -0.018, -0.029, -0.026, -0.028, -0.055, -0.036, -0.033, -0.044, -0.051, -0.036, -0.076, -0.055, -0.049, -0.043, -0.04, -0.031, -0.037, -0.027, -0.045, -0.051], "FUKUIrad": [-0.089, -0.025, -0.023, -0.024, -0.105, -0.027, -0.029, -0.102, -0.007, 0.002, 0.016, 0.005, 0.006, 0.011, 0.004, -0.013, -0.025, -0.035, -0.037, -0.037, -0.017, -0.033, -0.027, -0.027, -0.023, -0.048, -0.033, -0.024, -0.031, -0.022, -0.025, -0.037, -0.032, -0.038, -0.05], "s proportion": [1.73, 1.015, 1.434, 0.938, 1.721, 1.431, 1.014, 1.729, 1.115, 1.062, 1.014, 1.037, 1.028, 1.008, 1.039, 1.068, 1.052, 0.721, 0.72, 0.957, 0.964, 0.961, 0.959, 0.956, 0.979, 0.973, 0.973, 0.97, 0.969, 0.974, 0.967, 0.943, 0.962, 0.967, 0.956], "p proportion": [4.774, 2.509, 3.894, 2.486, 4.815, 3.896, 2.51, 4.776, 2.943, 2.935, 3.08, 3.02, 3.009, 3.079, 2.999, 2.954, 3.016, 0.0, 0.0, 0.0, 0.0, 0.0, 0.0, 0.0, 0.0, 0.0, 0.0, 0.0, 0.0, 0.0, 0.0, 0.0, 0.0, 0.0, 0.0], "d proportion": [0.0, 0.0, 0.0, 0.0, 0.0, 0.0, 0.0, 0.0, 0.0, 0.0, 0.0, 0.0, 0.0, 0.0, 0.0, 0.0, 0.0, 0.0, 0.0, 0.0, 0.0, 0.0, 0.0, 0.0, 0.0, 0.0, 0.0, 0.0, 0.0, 0.0, 0.0, 0.0, 0.0, 0.0, 0.0], "Fermi-level/eV": -9.7088, "Coordination numbers": [0.859, 2.77, 2.696, 2.709, 0.86, 2.696, 2.767, 0.859, 3.896, 3.841, 3.748, 3.798, 3.798, 3.749, 3.81, 2.883, 2.834, 0.86, 0.86, 0.923, 0.924, 0.924, 0.924, 0.924, 0.924, 0.924, 0.924, 0.924, 0.924, 0.924, 0.923, 0.924, 0.925, 0.925, 0.925], "Dispersion coefficient C6": [21.241, 22.236, 24.827, 21.229, 22.116, 24.843, 22.243, 21.239, 20.938, 20.744, 22.559, 21.76, 21.522, 22.491, 21.483, 28.749, 30.212, 0.95, 0.95, 2.156, 2.608, 2.335, 2.371, 2.3, 2.538, 2.554, 2.496, 2.512, 2.557, 2.568, 2.407, 2.145, 2.312, 2.431, 2.315], "Total dispersion C6": 11637.472713, "Total dispersion C8": 260456.136679, "Polarizability alpha": [6.179, 7.723, 7.4, 7.542, 6.305, 7.403, 7.724, 6.179, 6.505, 6.479, 6.774, 6.642, 6.606, 6.764, 6.598, 8.79, 9.007, 1.527, 1.527, 2.296, 2.526, 2.39, 2.408, 2.372, 2.491, 2.499, 2.471, 2.478, 2.501, 2.506, 2.426, 2.29, 2.378, 2.438, 2.379], "Total polarizability alpha": 162.522142, "Wiberg matrix": [[0.0, 1.7582781818657507, 0.13004918447574615, 0.0, 0.0, 0.0, 0.0, 0.0, 0.0, 0.0, 0.0, 0.0, 0.0, 0.0, 0.0, 0.0, 0.0, 0.0, 0.0, 0.0, 0.0, 0.0, 0.0, 0.0, 0.0, 0.0, 0.0, 0.0, 0.0, 0.0, 0.0, 0.0, 0.0, 0.0, 0.0], [1.7582781818657507, 0.0, 1.1320997702867137, 0.0, 0.0, 0.0, 0.0, 0.0, 0.947441796196259, 0.0, 0.0, 0.0, 0.0, 0.0, 0.0, 0.0, 0.0, 0.0, 0.0, 0.0, 0.0, 0.0, 0.0, 0.0, 0.0, 0.0, 0.0, 0.0, 0.0, 0.0, 0.0, 0.0, 0.0, 0.0, 0.0], [0.13004918447574615, 1.1320997702867137, 0.0, 1.1208486031986333, 0.11565181869617522, 0.0, 0.0, 0.0, 0.0, 0.0, 0.0, 0.0, 0.0, 0.0, 0.0, 0.0, 0.0, 0.908171957940647, 0.0, 0.0, 0.0, 0.0, 0.0, 0.0, 0.0, 0.0, 0.0, 0.0, 0.0, 0.0, 0.0, 0.0, 0.0, 0.0, 0.0], [0.0, 0.0, 1.1208486031986333, 0.0, 1.653424583791032, 1.122297393249177, 0.0, 0.0, 0.0, 0.0, 0.0, 0.0, 0.0, 0.0, 0.0, 0.0, 0.0, 0.0, 0.0, 0.0, 0.0, 0.0, 0.0, 0.0, 0.0, 0.0, 0.0, 0.0, 0.0, 0.0, 0.0, 0.0, 0.0, 0.0, 0.0], [0.0, 0.0, 0.11565181869617522, 1.653424583791032, 0.0, 0.11455238090915135, 0.0, 0.0, 0.0, 0.0, 0.0, 0.0, 0.0, 0.0, 0.0, 0.0, 0.0, 0.0, 0.0, 0.0, 0.0, 0.0, 0.0, 0.0, 0.0, 0.0, 0.0, 0.0, 0.0, 0.0, 0.0, 0.0, 0.0, 0.0, 0.0], [0.0, 0.0, 0.0, 1.122297393249177, 0.11455238090915135, 0.0, 1.1365768339897837, 0.13306514326416574, 0.0, 0.0, 0.0, 0.0, 0.0, 0.0, 0.0, 0.0, 0.0, 0.0, 0.9087791883430578, 0.0, 0.0, 0.0, 0.0, 0.0, 0.0, 0.0, 0.0, 0.0, 0.0, 0.0, 0.0, 0.0, 0.0, 0.0, 0.0], [0.0, 0.0, 0.0, 0.0, 0.0, 1.1365768339897837, 0.0, 1.7523185833163764, 0.9479322255007018, 0.0, 0.0, 0.0, 0.0, 0.0, 0.0, 0.0, 0.0, 0.0, 0.0, 0.0, 0.0, 0.0, 0.0, 0.0, 0.0, 0.0, 0.0, 0.0, 0.0, 0.0, 0.0, 0.0, 0.0, 0.0, 0.0], [0.0, 0.0, 0.0, 0.0, 0.0, 0.13306514326416574, 1.7523185833163764, 0.0, 0.0, 0.0, 0.0, 0.0, 0.0, 0.0, 0.0, 0.0, 0.0, 0.0, 0.0, 0.0, 0.0, 0.0, 0.0, 0.0, 0.0, 0.0, 0.0, 0.0, 0.0, 0.0, 0.0, 0.0, 0.0, 0.0, 0.0], [0.0, 0.947441796196259, 0.0, 0.0, 0.0, 0.0, 0.9479322255007018, 0.0, 0.0, 0.9569711571550333, 0.0, 0.0, 0.0, 0.0, 0.9152524999217997, 0.0, 0.0, 0.0, 0.0, 0.0, 0.0, 0.0, 0.0, 0.0, 0.0, 0.0, 0.0, 0.0, 0.0, 0.0, 0.0, 0.0, 0.0, 0.0, 0.0], [0.0, 0.0, 0.0, 0.0, 0.0, 0.0, 0.0, 0.0, 0.9569711571550333, 0.0, 1.008763456161147, 0.994815333084614, 0.0, 0.0, 0.0, 0.0, 0.0, 0.0, 0.0, 0.9611193861408185, 0.0, 0.0, 0.0, 0.0, 0.0, 0.0, 0.0, 0.0, 0.0, 0.0, 0.0, 0.0, 0.0, 0.0, 0.0], [0.0, 0.0, 0.0, 0.0, 0.0, 0.0, 0.0, 0.0, 0.0, 1.008763456161147, 0.0, 0.0, 0.0, 0.0, 0.0, 0.0, 0.0, 0.0, 0.0, 0.0, 0.9853408776765986, 0.9826637454500072, 0.9857330932577245, 0.0, 0.0, 0.0, 0.0, 0.0, 0.0, 0.0, 0.0, 0.0, 0.0, 0.0, 0.0], [0.0, 0.0, 0.0, 0.0, 0.0, 0.0, 0.0, 0.0, 0.0, 0.994815333084614, 0.0, 0.0, 1.005392105845871, 0.0, 0.0, 0.0, 0.0, 0.0, 0.0, 0.0, 0.0, 0.0, 0.0, 0.9739389398407431, 0.9729173404660816, 0.0, 0.0, 0.0, 0.0, 0.0, 0.0, 0.0, 0.0, 0.0, 0.0], [0.0, 0.0, 0.0, 0.0, 0.0, 0.0, 0.0, 0.0, 0.0, 0.0, 0.0, 1.005392105845871, 0.0, 1.0213001292295252, 0.0, 0.0, 0.0, 0.0, 0.0, 0.0, 0.0, 0.0, 0.0, 0.0, 0.0, 0.9767998963049744, 0.9760115630345712, 0.0, 0.0, 0.0, 0.0, 0.0, 0.0, 0.0, 0.0], [0.0, 0.0, 0.0, 0.0, 0.0, 0.0, 0.0, 0.0, 0.0, 0.0, 0.0, 0.0, 1.0213001292295252, 0.0, 0.0, 0.0, 0.0, 0.0, 0.0, 0.0, 0.0, 0.0, 0.0, 0.0, 0.0, 0.0, 0.0, 0.9851914006140438, 0.9869022738561278, 0.9871973444303879, 0.0, 0.0, 0.0, 0.0, 0.0], [0.0, 0.0, 0.0, 0.0, 0.0, 0.0, 0.0, 0.0, 0.9152524999217997, 0.0, 0.0, 0.0, 0.0, 0.0, 0.0, 1.0213332603562542, 0.0, 0.0, 0.0, 0.0, 0.0, 0.0, 0.0, 0.0, 0.0, 0.0, 0.0, 0.0, 0.0, 0.0, 0.971741827986898, 0.9545060413467159, 0.0, 0.0, 0.0], [0.0, 0.0, 0.0, 0.0, 0.0, 0.0, 0.0, 0.0, 0.0, 0.0, 0.0, 0.0, 0.0, 0.0, 1.0213332603562542, 0.0, 1.9774326233320898, 0.0, 0.0, 0.0, 0.0, 0.0, 0.0, 0.0, 0.0, 0.0, 0.0, 0.0, 0.0, 0.0, 0.0, 0.0, 0.963898385676091, 0.0, 0.0], [0.0, 0.0, 0.0, 0.0, 0.0, 0.0, 0.0, 0.0, 0.0, 0.0, 0.0, 0.0, 0.0, 0.0, 0.0, 1.9774326233320898, 0.0, 0.0, 0.0, 0.0, 0.0, 0.0, 0.0, 0.0, 0.0, 0.0, 0.0, 0.0, 0.0, 0.0, 0.0, 0.0, 0.0, 0.9757202819989833, 0.9761053093022567], [0.0, 0.0, 0.908171957940647, 0.0, 0.0, 0.0, 0.0, 0.0, 0.0, 0.0, 0.0, 0.0, 0.0, 0.0, 0.0, 0.0, 0.0, 0.0, 0.0, 0.0, 0.0, 0.0, 0.0, 0.0, 0.0, 0.0, 0.0, 0.0, 0.0, 0.0, 0.0, 0.0, 0.0, 0.0, 0.0], [0.0, 0.0, 0.0, 0.0, 0.0, 0.9087791883430578, 0.0, 0.0, 0.0, 0.0, 0.0, 0.0, 0.0, 0.0, 0.0, 0.0, 0.0, 0.0, 0.0, 0.0, 0.0, 0.0, 0.0, 0.0, 0.0, 0.0, 0.0, 0.0, 0.0, 0.0, 0.0, 0.0, 0.0, 0.0, 0.0], [0.0, 0.0, 0.0, 0.0, 0.0, 0.0, 0.0, 0.0, 0.0, 0.9611193861408185, 0.0, 0.0, 0.0, 0.0, 0.0, 0.0, 0.0, 0.0, 0.0, 0.0, 0.0, 0.0, 0.0, 0.0, 0.0, 0.0, 0.0, 0.0, 0.0, 0.0, 0.0, 0.0, 0.0, 0.0, 0.0], [0.0, 0.0, 0.0, 0.0, 0.0, 0.0, 0.0, 0.0, 0.0, 0.0, 0.9853408776765986, 0.0, 0.0, 0.0, 0.0, 0.0, 0.0, 0.0, 0.0, 0.0, 0.0, 0.0, 0.0, 0.0, 0.0, 0.0, 0.0, 0.0, 0.0, 0.0, 0.0, 0.0, 0.0, 0.0, 0.0], [0.0, 0.0, 0.0, 0.0, 0.0, 0.0, 0.0, 0.0, 0.0, 0.0, 0.9826637454500072, 0.0, 0.0, 0.0, 0.0, 0.0, 0.0, 0.0, 0.0, 0.0, 0.0, 0.0, 0.0, 0.0, 0.0, 0.0, 0.0, 0.0, 0.0, 0.0, 0.0, 0.0, 0.0, 0.0, 0.0], [0.0, 0.0, 0.0, 0.0, 0.0, 0.0, 0.0, 0.0, 0.0, 0.0, 0.9857330932577245, 0.0, 0.0, 0.0, 0.0, 0.0, 0.0, 0.0, 0.0, 0.0, 0.0, 0.0, 0.0, 0.0, 0.0, 0.0, 0.0, 0.0, 0.0, 0.0, 0.0, 0.0, 0.0, 0.0, 0.0], [0.0, 0.0, 0.0, 0.0, 0.0, 0.0, 0.0, 0.0, 0.0, 0.0, 0.0, 0.9739389398407431, 0.0, 0.0, 0.0, 0.0, 0.0, 0.0, 0.0, 0.0, 0.0, 0.0, 0.0, 0.0, 0.0, 0.0, 0.0, 0.0, 0.0, 0.0, 0.0, 0.0, 0.0, 0.0, 0.0], [0.0, 0.0, 0.0, 0.0, 0.0, 0.0, 0.0, 0.0, 0.0, 0.0, 0.0, 0.9729173404660816, 0.0, 0.0, 0.0, 0.0, 0.0, 0.0, 0.0, 0.0, 0.0, 0.0, 0.0, 0.0, 0.0, 0.0, 0.0, 0.0, 0.0, 0.0, 0.0, 0.0, 0.0, 0.0, 0.0], [0.0, 0.0, 0.0, 0.0, 0.0, 0.0, 0.0, 0.0, 0.0, 0.0, 0.0, 0.0, 0.9767998963049744, 0.0, 0.0, 0.0, 0.0, 0.0, 0.0, 0.0, 0.0, 0.0, 0.0, 0.0, 0.0, 0.0, 0.0, 0.0, 0.0, 0.0, 0.0, 0.0, 0.0, 0.0, 0.0], [0.0, 0.0, 0.0, 0.0, 0.0, 0.0, 0.0, 0.0, 0.0, 0.0, 0.0, 0.0, 0.9760115630345712, 0.0, 0.0, 0.0, 0.0, 0.0, 0.0, 0.0, 0.0, 0.0, 0.0, 0.0, 0.0, 0.0, 0.0, 0.0, 0.0, 0.0, 0.0, 0.0, 0.0, 0.0, 0.0], [0.0, 0.0, 0.0, 0.0, 0.0, 0.0, 0.0, 0.0, 0.0, 0.0, 0.0, 0.0, 0.0, 0.9851914006140438, 0.0, 0.0, 0.0, 0.0, 0.0, 0.0, 0.0, 0.0, 0.0, 0.0, 0.0, 0.0, 0.0, 0.0, 0.0, 0.0, 0.0, 0.0, 0.0, 0.0, 0.0], [0.0, 0.0, 0.0, 0.0, 0.0, 0.0, 0.0, 0.0, 0.0, 0.0, 0.0, 0.0, 0.0, 0.9869022738561278, 0.0, 0.0, 0.0, 0.0, 0.0, 0.0, 0.0, 0.0, 0.0, 0.0, 0.0, 0.0, 0.0, 0.0, 0.0, 0.0, 0.0, 0.0, 0.0, 0.0, 0.0], [0.0, 0.0, 0.0, 0.0, 0.0, 0.0, 0.0, 0.0, 0.0, 0.0, 0.0, 0.0, 0.0, 0.9871973444303879, 0.0, 0.0, 0.0, 0.0, 0.0, 0.0, 0.0, 0.0, 0.0, 0.0, 0.0, 0.0, 0.0, 0.0, 0.0, 0.0, 0.0, 0.0, 0.0, 0.0, 0.0], [0.0, 0.0, 0.0, 0.0, 0.0, 0.0, 0.0, 0.0, 0.0, 0.0, 0.0, 0.0, 0.0, 0.0, 0.971741827986898, 0.0, 0.0, 0.0, 0.0, 0.0, 0.0, 0.0, 0.0, 0.0, 0.0, 0.0, 0.0, 0.0, 0.0, 0.0, 0.0, 0.0, 0.0, 0.0, 0.0], [0.0, 0.0, 0.0, 0.0, 0.0, 0.0, 0.0, 0.0, 0.0, 0.0, 0.0, 0.0, 0.0, 0.0, 0.9545060413467159, 0.0, 0.0, 0.0, 0.0, 0.0, 0.0, 0.0, 0.0, 0.0, 0.0, 0.0, 0.0, 0.0, 0.0, 0.0, 0.0, 0.0, 0.0, 0.0, 0.0], [0.0, 0.0, 0.0, 0.0, 0.0, 0.0, 0.0, 0.0, 0.0, 0.0, 0.0, 0.0, 0.0, 0.0, 0.0, 0.963898385676091, 0.0, 0.0, 0.0, 0.0, 0.0, 0.0, 0.0, 0.0, 0.0, 0.0, 0.0, 0.0, 0.0, 0.0, 0.0, 0.0, 0.0, 0.0, 0.0], [0.0, 0.0, 0.0, 0.0, 0.0, 0.0, 0.0, 0.0, 0.0, 0.0, 0.0, 0.0, 0.0, 0.0, 0.0, 0.0, 0.9757202819989833, 0.0, 0.0, 0.0, 0.0, 0.0, 0.0, 0.0, 0.0, 0.0, 0.0, 0.0, 0.0, 0.0, 0.0, 0.0, 0.0, 0.0, 0.0], [0.0, 0.0, 0.0, 0.0, 0.0, 0.0, 0.0, 0.0, 0.0, 0.0, 0.0, 0.0, 0.0, 0.0, 0.0, 0.0, 0.9761053093022567, 0.0, 0.0, 0.0, 0.0, 0.0, 0.0, 0.0, 0.0, 0.0, 0.0, 0.0, 0.0, 0.0, 0.0, 0.0, 0.0, 0.0, 0.0]], "Born radii": [], "Atomic SASAs": [], "Solvent H bonds": [], "Total SASA": NaN, "Total FOD": 0.0, "FOD": [0.0, 0.0, 0.0, 0.0, 0.0, 0.0, 0.0, 0.0, 0.0, 0.0, 0.0, 0.0, 0.0, 0.0, 0.0, 0.0, 0.0, 0.0, 0.0, 0.0, 0.0, 0.0, 0.0, 0.0, 0.0, 0.0, 0.0, 0.0, 0.0, 0.0, 0.0, 0.0, 0.0, 0.0, 0.0], "FOD s proportion": [0.0, 0.0, 0.0, 0.0, 0.0, 0.0, 0.0, 0.0, 0.0, 0.0, 0.0, 0.0, 0.0, 0.0, 0.0, 0.0, 0.0, 0.0, 0.0, 0.0, 0.0, 0.0, 0.0, 0.0, 0.0, 0.0, 0.0, 0.0, 0.0, 0.0, 0.0, 0.0, 0.0, 0.0, 0.0], "FOD p proportion": [0.0, 0.0, 0.0, 0.0, 0.0, 0.0, 0.0, 0.0, 0.0, 0.0, 0.0, 0.0, 0.0, 0.0, 0.0, 0.0, 0.0, 0.0, 0.0, 0.0, 0.0, 0.0, 0.0, 0.0, 0.0, 0.0, 0.0, 0.0, 0.0, 0.0, 0.0, 0.0, 0.0, 0.0, 0.0], "FOD d proportion": [0.0, 0.0, 0.0, 0.0, 0.0, 0.0, 0.0, 0.0, 0.0, 0.0, 0.0, 0.0, 0.0, 0.0, 0.0, 0.0, 0.0, 0.0, 0.0, 0.0, 0.0, 0.0, 0.0, 0.0, 0.0, 0.0, 0.0, 0.0, 0.0, 0.0, 0.0, 0.0, 0.0, 0.0, 0.0], "coordinates": [["-1.88070", "1.27380", "-1.24420"], ["-1.92000", "0.18680", "-0.67250"], ["-3.10800", "-0.48370", "-0.57570"], ["-3.18490", "-1.83900", "-0.61850"], ["-4.18230", "-2.41150", "-1.04440"], ["-2.07180", "-2.53000", "-0.25450"], ["-0.80810", "-2.00230", "-0.24920"], ["0.15620", "-2.75220", "-0.37200"], ["-0.71190", "-0.49350", "-0.01560"], ["0.62460", "0.11910", "-0.58980"], ["0.81250", "-0.21980", "-2.08250"], ["1.89930", "-0.24290", "0.21870"], ["3.20850", "0.38600", "-0.27880"], ["3.20350", "1.90660", "-0.25170"], ["-0.87450", "-0.29950", "1.52510"], ["-0.84900", "1.12920", "2.00410"], ["-1.88470", "1.73830", "2.59520"], ["-3.88770", "-0.01710", "-1.02100"], ["-2.11880", "-3.52550", "-0.42920"], ["0.51960", "1.21080", "-0.53850"], ["-0.11220", "-0.09330", "-2.65290"], ["1.55460", "0.44230", "-2.54050"], ["1.15690", "-1.24870", "-2.22470"], ["2.04100", "-1.32850", "0.22750"], ["1.77680", "0.05760", "1.26420"], ["4.02180", "0.03300", "0.36740"], ["3.44790", "0.03410", "-1.28790"], ["2.49600", "2.31980", "-0.97620"], ["4.19720", "2.28950", "-0.50550"], ["2.94030", "2.28110", "0.74260"], ["-1.81000", "-0.76640", "1.86510"], ["-0.08950", "-0.85280", "2.05660"], ["0.07320", "1.69190", "1.86920"], ["-2.83090", "1.23520", "2.76800"], ["-1.80480", "2.77150", "2.92220"]], "bond_dist": [[0.0, 1.2288020100895016, 2.2454317602634912, 3.4324862665420817, 4.349565344951148, 3.9350882760110983, 3.587941884980859, 4.595472821157797, 2.4492653367897894, 2.835154235663379, 3.1916945483551524, 4.327684750533477, 5.255486907984835, 5.2186762430716085, 3.340169729220358, 3.4112705756066903, 3.8673981706051426, 2.396724859052453, 4.873827766755818, 2.502682876434807, 2.642156382578442, 3.7647140701519417, 4.068341217253047, 4.931287567157284, 4.598751923076521, 6.243103831428723, 5.471082501662719, 4.507931109722064, 6.206302650531956, 5.310750279386143, 3.719564627748791, 4.315797219518081, 3.699431359006408, 4.123362564703715, 4.4280644823669855], [1.2288020100895016, 0.0, 1.3675834490077745, 2.388881254897363, 3.465180195891694, 2.7529564980217174, 2.4915182740650326, 3.6109039990008043, 1.534220098290985, 2.546843485571895, 3.1016092290938264, 3.9453684263956896, 5.147445247887538, 5.420796706204725, 2.481734010727177, 3.033042419749516, 3.617493832752172, 2.008698770348606, 3.7255721198226723, 2.6491848104652873, 2.6960306025711205, 3.953169539749086, 3.7332691705795873, 4.335395609399447, 4.175383787150589, 6.034072728265711, 5.40521829901439, 4.913550517701024, 6.470654690987613, 5.478240282243926, 2.7129511606366967, 3.446662910700726, 3.5634830068347454, 3.710245493225482, 4.428974285317087], [2.2454317602634912, 1.3675834490077745, 0.0, 1.3581544610242238, 2.2561500437692525, 2.316079353131062, 2.775299663099464, 3.9802748121203897, 2.4607119416949232, 3.7809878881054355, 4.208373759541803, 5.075638806101159, 6.383000857747083, 6.75674051151885, 3.0717767708607995, 3.789445269429287, 4.060585388832502, 1.01189907599523, 3.2019566096373016, 4.0040224587282225, 3.6663319053244483, 5.143710120137021, 4.6361404217301265, 5.279300927206177, 5.2478098993770725, 7.210441355423397, 6.6147691184197805, 6.2789193735865085, 7.814186670409147, 6.779673061438878, 2.7788896937446075, 4.02201197785387, 4.564077651618123, 3.7698449981398436, 4.952773131287158], [3.4324862665420817, 2.388881254897363, 1.3581544610242238, 0.0, 1.2263579493769345, 1.359767851509955, 2.410856200605917, 3.472412086720123, 2.879164403086423, 4.283371283230068, 4.554592341801843, 5.394212518060444, 6.778022178334916, 7.414561090179243, 3.507567443400055, 4.598333481817082, 4.9815121218361, 1.9938038268596037, 2.004167146223089, 4.799062438643615, 4.077712243403155, 5.600113743487715, 4.6668575904992, 5.3184919911568915, 5.6356115675230845, 7.510852661316157, 6.924639760305224, 7.049552577291696, 8.458881820902809, 7.506390095112296, 3.034648205311449, 4.20835497671002, 5.410279263587047, 4.587417998177188, 5.974775539716953], [4.349565344951148, 3.465180195891694, 2.2561500437692525, 1.2263579493769345, 0.0, 2.2565891318536475, 3.4907038430666097, 4.403496394911662, 4.096441089531253, 5.451319576946484, 5.552407364378086, 6.579065749025465, 7.939526072127983, 8.592112810013612, 4.69088638638797, 5.739407428472036, 5.978837174568312, 2.4125687720767672, 2.4243554380494623, 5.956916627752984, 4.952477915145105, 6.579856477158145, 5.590372847136405, 6.443607801534789, 6.851055508459992, 8.676175211462711, 8.016246231871873, 8.184713911921419, 9.623192529509113, 8.714659747804273, 4.098701202820229, 5.366261131365114, 6.590617328445037, 5.446016581869725, 6.9462155746852545], [3.9350882760110983, 2.7529564980217174, 2.316079353131062, 1.359767851509955, 2.2565891318536475, 0.0, 1.3694645194381634, 2.2421336021745004, 2.460433593901693, 3.7948293584824073, 4.122838164420234, 4.606992496195321, 6.0320157973931074, 6.892910668940952, 3.094452083972217, 4.47059933789643, 5.135579946802504, 3.193694016339073, 1.0118049910926514, 4.559560790251623, 3.9407945404448577, 5.216429837542148, 3.993484871637803, 4.311734000376182, 4.879943176923272, 6.639856140760883, 6.17329834529322, 6.701209425917086, 7.911443752565014, 7.01869204553099, 2.7697524004863685, 3.476161149889343, 5.189948583560342, 4.887583257602882, 6.186163119414166], [3.587941884980859, 2.4915182740650326, 2.775299663099464, 2.410856200605917, 3.4907038430666097, 1.3694645194381634, 0.0, 1.2277232342836883, 1.5298041835476852, 2.582435983717699, 3.0273155600300408, 3.2625808081946412, 4.673106954692991, 5.6011106059423605, 2.460097008249878, 3.858150586744898, 4.820971611615236, 3.7444132304007263, 2.017541258562015, 3.4886234233577, 3.1474325250908874, 4.099814159202829, 2.88647504925991, 2.96624681036491, 3.6352820495801974, 5.277364461547071, 4.831082554666191, 5.488729745578662, 6.598353205156572, 5.777688582815796, 2.6460379645802514, 2.6747803367753398, 4.348726467599451, 4.865862917304597, 5.817246366623989], [4.595472821157797, 3.6109039990008043, 3.9802748121203897, 3.472412086720123, 4.403496394911662, 2.2421336021745004, 1.2277232342836883, 0.0, 2.445883124762915, 2.917395943302863, 3.1256342876286727, 3.1118982293770467, 4.378757902647736, 5.568206786749214, 3.267578337239981, 4.660637747132896, 5.7562260987560245, 4.924946722554468, 2.40351611810697, 3.983108184571441, 3.513444546310643, 4.106427286583801, 2.587355798880394, 2.436963885657726, 3.632969975103015, 4.821505445397734, 4.408812696180232, 5.61826536219143, 6.462680723972058, 5.858980701453113, 3.5796592700982033, 3.0929252836109704, 4.977940462681329, 5.889119218524957, 6.723729346872909], [2.4492653367897894, 1.534220098290985, 2.4607119416949232, 2.879164403086423, 4.096441089531253, 2.460433593901693, 1.5298041835476852, 2.445883124762915, 0.0, 1.5783588470306744, 2.5827858331654214, 2.6336405012833475, 4.026453855441535, 4.598541114310059, 1.5613555808975736, 2.5944440232928523, 3.6294169945047647, 3.365039637210831, 3.368004835210306, 2.166715290480039, 2.7340723143325962, 3.5196397400870447, 2.990462052927607, 2.887002081745006, 2.8522319225476735, 4.778264009030894, 4.381899712453492, 4.373560524332549, 5.664305237184874, 4.648853325283558, 2.1948417961210778, 2.1932831759715845, 2.990790231694627, 3.9021780648760767, 4.526071613441396], [2.835154235663379, 2.546843485571895, 3.7809878881054355, 4.283371283230068, 5.451319576946484, 3.7948293584824073, 2.582435983717699, 2.917395943302863, 1.5783588470306744, 0.0, 1.54217797611041, 1.5522810119305073, 2.6161987348059017, 3.155977355748929, 2.625895805244374, 3.149621593144167, 4.366076056369151, 4.5349018919928135, 4.564553108465274, 1.0979369654037523, 2.200992869138835, 2.1850832318243625, 2.197070353903124, 2.1839674928899466, 2.183726880816372, 3.53052586592989, 2.9095689543298335, 2.914536568650323, 4.181054102735337, 3.436859067520808, 3.5690224740116165, 2.908257447338526, 2.970593004771943, 4.945804312748332, 5.027062175863752], [3.1916945483551524, 3.1016092290938264, 4.208373759541803, 4.554592341801843, 5.552407364378086, 4.122838164420234, 3.0273155600300408, 3.1256342876286727, 2.5827858331654214, 1.54217797611041, 0.0, 2.5450322768090783, 3.059598557000575, 3.686500589990459, 3.98335271473667, 4.613099046194435, 5.743685292562606, 4.822836258883356, 4.717369295486627, 2.125168880348101, 1.09381374099981, 1.094921376172737, 1.0942885405595728, 2.841571385694894, 3.4938841051185427, 4.045432528172976, 2.7642698005079027, 3.2415490278568977, 4.498856474705544, 4.331653686526659, 4.7707256858888885, 4.28327465965002, 4.451639503598646, 6.238488503636117, 6.391021598304922], [4.327684750533477, 3.9453684263956896, 5.075638806101159, 5.394212518060444, 6.579065749025465, 4.606992496195321, 3.2625808081946412, 3.1118982293770467, 2.6336405012833475, 1.5522810119305073, 2.5450322768090783, 0.0, 1.5352609224493405, 2.5578436328282463, 3.0665699013718895, 3.5529515138825074, 4.8878995171750415, 5.92260168591473, 5.2288014668755585, 2.1424676473636657, 3.5092162899998054, 2.863826421066752, 2.7446302045995195, 1.0948441395924808, 1.0947039554144309, 2.1455159635854493, 2.178241152857048, 2.889856084651967, 3.4954055286904837, 2.780059029948825, 4.091893412590314, 2.7758205741726174, 3.130853318186593, 5.5730155338021445, 5.4877934017235015], [5.255486907984835, 5.147445247887538, 6.383000857747083, 6.778022178334916, 7.939526072127983, 6.0320157973931074, 4.673106954692991, 4.378757902647736, 4.026453855441535, 2.6161987348059017, 3.059598557000575, 1.5352609224493405, 0.0, 1.5208496868527146, 4.516066259478486, 4.714582155398292, 6.0024392983186425, 7.146286090690744, 6.6107925167864705, 2.8245216125921218, 4.110125033377939, 2.802470658187165, 3.266164946845153, 2.1351595233143588, 2.1303662713251916, 1.0971054324904237, 1.0951843589094945, 2.1756850530350205, 2.1569035282088995, 2.1694684164559757, 5.577604792381761, 4.226762661896218, 4.018629729148979, 6.817512980552366, 6.408602666728528], [5.2186762430716085, 5.420796706204725, 6.75674051151885, 7.414561090179243, 8.592112810013612, 6.892910668940952, 5.6011106059423605, 5.568206786749214, 4.598541114310059, 3.155977355748929, 3.686500589990459, 2.5578436328282463, 1.5208496868527146, 0.0, 4.965277378958803, 4.702737569756578, 5.832918972521392, 7.387662798206209, 7.60697666290623, 2.787420149528951, 4.556229574988512, 3.178309478323343, 4.24702468205684, 3.4708660158525277, 2.7842820798187815, 2.1361827309478936, 2.1539958333293034, 1.0937050516478377, 1.0947449657340285, 1.094603572075297, 6.063081187812019, 4.877128894134335, 3.7872273486021406, 6.781102374245651, 5.99205825322151], [3.340169729220358, 2.481734010727177, 3.0717767708607995, 3.507567443400055, 4.69088638638797, 3.094452083972217, 2.460097008249878, 3.267578337239981, 1.5613555808975736, 2.625895805244374, 3.98335271473667, 3.0665699013718895, 4.516066259478486, 4.965277378958803, 0.0, 1.507074961639268, 2.513612318954536, 3.9549651338539005, 3.9717309803157614, 2.912553151446339, 4.251976449840709, 4.7937352252705825, 4.369046422275689, 3.3530205800143844, 2.6879324600889807, 5.042279170176915, 5.167920250932671, 4.94747455071777, 6.045527127554717, 4.671670113567523, 1.0994343363748469, 1.0976603026437644, 2.2320873773219545, 2.77985709344923, 3.4997696352760137], [3.4112705756066903, 3.033042419749516, 3.789445269429287, 4.598333481817082, 5.739407428472036, 4.47059933789643, 3.858150586744898, 4.660637747132896, 2.5944440232928523, 3.149621593144167, 4.613099046194435, 3.5529515138825074, 4.714582155398292, 4.702737569756578, 1.507074961639268, 0.0, 1.3390580681957, 4.438347822106781, 5.403662926201078, 2.8886916207861306, 4.870834578385926, 5.186763319257975, 5.249837393672303, 4.189116476060316, 2.9309732530338795, 5.2540588091493605, 5.522667618099065, 4.635595048103317, 5.754000581334695, 4.156567135269199, 2.1298219080477128, 2.1231864025563087, 1.0887066363350597, 2.1266656577845047, 2.110357917510677], [3.8673981706051426, 3.617493832752172, 4.060585388832502, 4.9815121218361, 5.978837174568312, 5.135579946802504, 4.820971611615236, 5.7562260987560245, 3.6294169945047647, 4.366076056369151, 5.743685292562606, 4.8878995171750415, 6.0024392983186425, 5.832918972521392, 2.513612318954536, 1.3390580681957, 0.0, 4.491140233838173, 6.075309754242988, 3.9848450948562606, 5.834301022401912, 6.315363408387517, 6.434666702324217, 5.5156491929781035, 4.242981939626895, 6.538951229363925, 6.813177379901393, 5.681863488328455, 6.848917399122287, 5.196862861380893, 2.610009231784439, 3.1979106006891436, 2.0886841240359924, 1.0854786455753056, 1.0866532335570536], [2.396724859052453, 2.008698770348606, 1.01189907599523, 1.9938038268596037, 2.4125687720767672, 3.193694016339073, 3.7444132304007263, 4.924946722554468, 3.365039637210831, 4.5349018919928135, 4.822836258883356, 5.92260168591473, 7.146286090690744, 7.387662798206209, 3.9549651338539005, 4.438347822106781, 4.491140233838173, 0.0, 3.9734248464014015, 4.600525834075927, 4.113794392042461, 5.669087924878216, 5.330452270680228, 6.199032658407278, 6.108541510049678, 8.030588696976082, 7.340632425751885, 6.798141977040491, 8.423286283868071, 7.417114816422893, 3.6342620970425346, 4.959469678302308, 5.192558699716355, 4.1281475906270595, 5.2596186753413985], [4.873827766755818, 3.7255721198226723, 3.2019566096373016, 2.004167146223089, 2.4243554380494623, 1.0118049910926514, 2.017541258562015, 2.40351611810697, 3.368004835210306, 4.564553108465274, 4.717369295486627, 5.2288014668755585, 6.6107925167864705, 7.60697666290623, 3.9717309803157614, 5.403662926201078, 6.075309754242988, 3.9734248464014015, 0.0, 5.4226966299065635, 4.555357515058505, 5.80473014790524, 4.374682729067332, 4.749947360760959, 5.5571493168710155, 7.141740836098716, 6.66305235909189, 7.467470798737682, 8.585563620986102, 7.790007163668079, 3.6016388963914747, 4.176192694309016, 6.108090480665786, 5.778705628425798, 7.140216170397085], [2.502682876434807, 2.6491848104652873, 4.0040224587282225, 4.799062438643615, 5.956916627752984, 4.559560790251623, 3.4886234233577, 3.983108184571441, 2.166715290480039, 1.0979369654037523, 2.125168880348101, 2.1424676473636657, 2.8245216125921218, 2.787420149528951, 2.912553151446339, 2.8886916207861306, 3.9848450948562606, 4.600525834075927, 5.4226966299065635, 0.0, 2.563305563135226, 2.3811386456903345, 3.0493543546134485, 3.057688416107828, 2.4819648204597904, 3.8043754402004017, 3.2436344029498763, 2.308163609885573, 3.832678495517201, 2.940501282094602, 3.887627677646099, 3.3710520286699817, 2.4955459242418283, 4.707375899585671, 4.4514114997380325], [2.642156382578442, 2.6960306025711205, 3.6663319053244483, 4.077712243403155, 4.952477915145105, 3.9407945404448577, 3.1474325250908874, 3.513444546310643, 2.7340723143325962, 2.200992869138835, 1.09381374099981, 3.5092162899998054, 4.110125033377939, 4.556229574988512, 4.251976449840709, 4.870834578385926, 5.834301022401912, 4.113794392042461, 4.555357515058505, 2.563305563135226, 0.0, 1.7543441395575727, 1.7688751256094932, 3.8024588676276303, 4.351409452120083, 5.121339647006435, 3.8149400742344564, 3.929005184521904, 5.372149566048956, 5.146353258376265, 4.87318298958699, 4.770403105608581, 4.865254423974146, 6.2082524715091925, 6.492589145325615], [3.7647140701519417, 3.953169539749086, 5.143710120137021, 5.600113743487715, 6.579856477158145, 5.216429837542148, 4.099814159202829, 4.106427286583801, 3.5196397400870447, 2.1850832318243625, 1.094921376172737, 2.863826421066752, 2.802470658187165, 3.178309478323343, 4.7937352252705825, 5.186763319257975, 6.315363408387517, 5.669087924878216, 5.80473014790524, 2.3811386456903345, 1.7543441395575727, 0.0, 1.7656092234693381, 3.3217678425802126, 3.8305494410071255, 3.8354249751494294, 2.306559968871393, 2.618830788729963, 3.8127034503092423, 4.009999443890236, 5.673693700756148, 5.051106535205925, 4.81679356107359, 6.9311956335108595, 6.822890317893143], [4.068341217253047, 3.7332691705795873, 4.6361404217301265, 4.6668575904992, 5.590372847136405, 3.993484871637803, 2.88647504925991, 2.587355798880394, 2.990462052927607, 2.197070353903124, 1.0942885405595728, 2.7446302045995195, 3.266164946845153, 4.24702468205684, 4.369046422275689, 5.249837393672303, 6.434666702324217, 5.330452270680228, 4.374682729067332, 3.0493543546134485, 1.7688751256094932, 1.7656092234693381, 0.0, 2.6079274702337867, 3.7766544599685052, 4.070551474923268, 2.7878039888055257, 4.010752212490819, 4.971713182596115, 4.944175653230779, 5.075585970112219, 4.476581224550717, 5.155729944440457, 6.8556080211750725, 7.171070669014496], [4.931287567157284, 4.335395609399447, 5.279300927206177, 5.3184919911568915, 6.443607801534789, 4.311734000376182, 2.96624681036491, 2.436963885657726, 2.887002081745006, 2.1839674928899466, 2.841571385694894, 1.0948441395924808, 2.1351595233143588, 3.4708660158525277, 3.3530205800143844, 4.189116476060316, 5.5156491929781035, 6.199032658407278, 4.749947360760959, 3.057688416107828, 3.8024588676276303, 3.3217678425802126, 2.6079274702337867, 0.0, 1.7509488113591443, 2.4076592159190633, 2.476385173998585, 3.868592971611255, 4.275091980297033, 3.755433484965484, 4.2223087487771425, 2.8479690219523106, 3.961089735161272, 6.063176358147601, 6.233906137406947], [4.598751923076521, 4.175383787150589, 5.2478098993770725, 5.6356115675230845, 6.851055508459992, 4.879943176923272, 3.6352820495801974, 3.632969975103015, 2.8522319225476735, 2.183726880816372, 3.4938841051185427, 1.0947039554144309, 2.1303662713251916, 2.7842820798187815, 2.6879324600889807, 2.9309732530338795, 4.242981939626895, 6.108541510049678, 5.5571493168710155, 2.4819648204597904, 4.351409452120083, 3.8305494410071255, 3.7766544599685052, 1.7509488113591443, 0.0, 2.4176187457909903, 3.050629749740208, 3.2640756179966175, 3.737853911002943, 2.563152562763286, 3.7289664855023843, 2.22256644670075, 2.4370503585277015, 4.987890885935658, 4.789788697844614], [6.243103831428723, 6.034072728265711, 7.210441355423397, 7.510852661316157, 8.676175211462711, 6.639856140760883, 5.277364461547071, 4.821505445397734, 4.778264009030894, 3.53052586592989, 4.045432528172976, 2.1455159635854493, 1.0971054324904237, 2.1361827309478936, 5.042279170176915, 5.2540588091493605, 6.538951229363925, 8.030588696976082, 7.141740836098716, 3.8043754402004017, 5.121339647006435, 3.8354249751494294, 4.070551474923268, 2.4076592159190633, 2.4176187457909903, 0.0, 1.7519647570656207, 3.0598661473992617, 2.4258012738062447, 2.5227704810386533, 6.073881534076871, 4.532198800802983, 4.538589473614022, 7.359868374502359, 6.926445903203172], [5.471082501662719, 5.40521829901439, 6.6147691184197805, 6.924639760305224, 8.016246231871873, 6.17329834529322, 4.831082554666191, 4.408812696180232, 4.381899712453492, 2.9095689543298335, 2.7642698005079027, 2.178241152857048, 1.0951843589094945, 2.1539958333293034, 5.167920250932671, 5.522667618099065, 6.813177379901393, 7.340632425751885, 6.66305235909189, 3.2436344029498763, 3.8149400742344564, 2.306559968871393, 2.7878039888055257, 2.476385173998585, 3.050629749740208, 1.7519647570656207, 0.0, 2.4955350107742427, 2.5020850125445375, 3.0707648900558957, 6.18285707905334, 4.9482795616254345, 4.909600934902959, 7.570752634976261, 7.266990990774655], [4.507931109722064, 4.913550517701024, 6.2789193735865085, 7.049552577291696, 8.184713911921419, 6.701209425917086, 5.488729745578662, 5.61826536219143, 4.373560524332549, 2.914536568650323, 3.2415490278568977, 2.889856084651967, 2.1756850530350205, 1.0937050516478377, 4.94747455071777, 4.635595048103317, 5.681863488328455, 6.798141977040491, 7.467470798737682, 2.308163609885573, 3.929005184521904, 2.618830788729963, 4.010752212490819, 3.868592971611255, 3.2640756179966175, 3.0598661473992617, 2.4955350107742427, 0.0, 1.765377585673954, 1.7757177759993281, 6.011593144084187, 5.093925485320726, 3.789527597207863, 6.600852551754206, 5.822236347830617], [6.206302650531956, 6.470654690987613, 7.814186670409147, 8.458881820902809, 9.623192529509113, 7.911443752565014, 6.598353205156572, 6.462680723972058, 5.664305237184874, 4.181054102735337, 4.498856474705544, 3.4954055286904837, 2.1569035282088995, 1.0947449657340285, 6.045527127554717, 5.754000581334695, 6.848917399122287, 8.423286283868071, 8.585563620986102, 3.832678495517201, 5.372149566048956, 3.8127034503092423, 4.971713182596115, 4.275091980297033, 3.737853911002943, 2.4258012738062447, 2.5020850125445375, 1.765377585673954, 0.0, 1.7713333339606068, 7.144558839424586, 5.900356140946069, 4.796217452326363, 7.824419489649056, 6.928596920733663], [5.310750279386143, 5.478240282243926, 6.779673061438878, 7.506390095112296, 8.714659747804273, 7.01869204553099, 5.777688582815796, 5.858980701453113, 4.648853325283558, 3.436859067520808, 4.331653686526659, 2.780059029948825, 2.1694684164559757, 1.094603572075297, 4.671670113567523, 4.156567135269199, 5.196862861380893, 7.417114816422893, 7.790007163668079, 2.940501282094602, 5.146353258376265, 4.009999443890236, 4.944175653230779, 3.755433484965484, 2.563152562763286, 2.5227704810386533, 3.0707648900558957, 1.7757177759993281, 1.7713333339606068, 0.0, 5.754355966570022, 4.5527588613938255, 3.136342871881198, 6.20507062087129, 5.244723284406909], [3.719564627748791, 2.7129511606366967, 2.7788896937446075, 3.034648205311449, 4.098701202820229, 2.7697524004863685, 2.6460379645802514, 3.5796592700982033, 2.1948417961210778, 3.5690224740116165, 4.7707256858888885, 4.091893412590314, 5.577604792381761, 6.063081187812019, 1.0994343363748469, 2.1298219080477128, 2.610009231784439, 3.6342620970425346, 3.6016388963914747, 3.887627677646099, 4.873182