{"total energy": -56.2383468, "HOMO-LUMO gap/eV": 3.15526085, "electronic energy": -56.89539908, "dipole": [1.39873908, -0.89512516, -0.47133556], "partial charges": [0.03750461, -0.32012632, 0.08170105, -0.06834621, 0.01157421, -0.20466479, 0.26124006, -0.3441161, 0.26320726, -0.19569807, 0.05279588, -0.11046772, -0.1159149, -0.33628592, 0.23343047, -0.12315677, -0.05123978, -0.34524552, 0.03188689, 0.03168675, 0.05821144, 0.02703483, 0.02625022, 0.05270838, 0.05217754, 0.06829807, 0.04610903, 0.18195247, 0.18660165, 0.06439659, 0.03709844, 0.04375414, 0.03885448, 0.0426963, 0.04872349, 0.04506619, 0.05956514, 0.0636911, 0.06704542], "atomic dipole moments": [[-0.11924302, 0.18088524, -0.02822392], [0.12467214, -0.11845491, -0.22548566], [-0.03290764, -0.01143724, 0.19915677], [-0.04333475, -0.12393348, 0.02935716], [-0.01323036, 0.16918711, -0.02418213], [0.00550959, -0.10045033, 0.14538755], [0.03332797, 0.00229723, -0.005543], [-0.13026582, 0.23524191, 0.11322849], [-0.01443847, -0.01082867, -0.00344011], [0.1018915, -0.03069106, 0.11014723], [-0.10525486, 0.09766112, 0.06507786], [-0.03235766, 0.02708188, -0.103858], [0.08100729, 0.08703977, 0.04416467], [0.25789105, -0.00252495, -0.09870249], [-0.01301012, 0.0319923, 0.01690883], [0.31476913, -0.06289959, -0.25711313], [-0.08860268, -0.12508593, 0.05906205], [-0.13129578, -0.24152903, -0.0476198], [0.11245849, 0.02755579, -0.03452955], [-0.0526086, -0.08609307, -0.0664298], [0.00477202, -0.04050579, 0.12007608], [0.10727853, 0.02738238, -0.03696305], [-0.0480593, -0.08369044, -0.07016195], [0.05152099, 0.08603832, 0.07626967], [0.00076246, 0.05170544, -0.11464245], [-0.04662319, -0.09719241, -0.07357481], [-0.0016327, -0.03763058, 0.12073702], [0.02934326, 0.09757914, 0.08051592], [-0.09093296, 0.0321083, 0.09105578], [0.10592383, -0.0125541, -0.08121539], [0.08607628, 0.08379841, 0.04692054], [0.05548192, -0.11358595, 0.0083086], [-0.09474099, -7.194e-05, 0.0851196], [-0.10701222, -0.0095255, 0.06827551], [-0.03893335, 0.0236129, -0.11981838], [0.05354114, -0.11566178, -0.00042471], [-0.00622318, -0.00533673, -0.13208614], [-0.04846304, 0.11150479, 0.03562404], [0.12372036, -0.00426659, 0.04245249]], "atomic quadrupole moments": [[-0.03140879, -0.3458096, 0.25138661, 0.02498548, -0.04927279, -0.21997783], [-0.0842892, -0.11784249, 0.01816432, -0.01086991, -0.05083489, 0.06612489], [-0.23244119, -0.19007766, -0.0219835, 0.02983433, -0.22712612, 0.25442469], [0.18483032, -0.11446468, 0.03798118, -0.10407942, -0.02904547, -0.2228115], [0.21311739, -0.17930856, 0.08727974, -0.09495367, -0.03743138, -0.30039713], [0.07133466, -0.08096002, 0.01191955, -0.02924779, -0.0361153, -0.0832542], [-0.0346915, -0.09603893, -0.26456032, 0.15652758, -0.21812383, 0.29925181], [-0.05548999, -0.00740962, -0.08121948, 0.07882929, -0.08409704, 0.13670947], [-0.20250345, 0.00462299, -0.08099752, 0.2290788, -0.19497722, 0.28350097], [-0.04269745, -0.00834427, 0.1145879, 0.04406106, -0.00634087, -0.07189045], [-0.12253293, -0.0449499, 0.20904394, 0.14165286, 0.01324877, -0.08651102], [-0.09718937, -0.02328378, -0.08382869, 0.10134708, -0.06722285, 0.18101806], [0.0182834, 0.16432877, 0.07163804, 0.08421124, 0.08419087, -0.08992144], [-0.10620073, -0.04887825, -0.02999136, 0.09924281, -0.06379143, 0.13619208], [-0.25890149, -0.21737265, -0.06168594, 0.14479386, -0.09150731, 0.32058743], [-0.13708282, 0.05938333, 0.41889703, -0.32744365, 0.03881727, -0.2818142], [-0.03583629, 0.23703722, 0.15689972, -0.14878099, -0.17447346, -0.12106342], [-0.07051073, -0.06961524, -0.07019611, 0.06416211, -0.07030802, 0.14070683], [0.0556855, 0.01175706, -0.01169921, -0.03632219, -0.01063225, -0.04398629], [-0.01089687, 0.01540574, 0.02519535, 0.03431096, 0.04762289, -0.01429849], [-0.04432015, -0.01316849, -0.0267224, -0.0036306, -0.02988193, 0.07104255], [0.03609825, 0.01674065, -0.02491976, -0.01812579, -0.02061785, -0.01117849], [-0.01718453, 0.02612722, 0.00862372, 0.02826935, 0.0159819, 0.00856081], [-0.00294508, 0.02187678, -0.00546937, 0.01699758, 0.04400364, 0.00841445], [-0.02330199, -0.00835507, -0.02908973, 0.0078728, -0.03226061, 0.05239171], [0.00102192, 0.01657185, -0.00226623, 0.02033702, 0.03316266, 0.00124431], [-0.01252634, -0.02095391, -0.01899066, -0.00310645, -0.01021156, 0.031517], [0.03592566, 0.0353609, 0.02620724, 0.01537646, 0.02190103, -0.0621329], [0.04278634, 0.02052112, 0.00413473, -0.04557937, -0.01077911, -0.04692107], [0.01060623, 0.01540676, -0.01066062, -0.01265206, -0.00564303, 5.438e-05], [0.00479259, 0.06207343, 0.02089691, 0.01780407, 0.01568196, -0.0256895], [-0.02918556, -0.05117586, 0.0633251, 0.0028332, 0.00723159, -0.03413954], [0.05344661, -0.00306141, -0.05176793, -0.05179704, 0.00066608, -0.00167868], [0.03156446, 0.00202245, -0.04315877, -0.06072746, 0.01052897, 0.01159431], [-0.0331517, 0.00289168, -0.03096014, 0.0278609, -0.03377285, 0.06411185], [-0.00365196, -0.05163099, 0.05373157, 0.00876373, -0.00184654, -0.05007962], [-0.03842608, 0.02691882, -0.02699838, 0.0005939, 0.00973153, 0.06542446], [-0.02255163, -0.0393212, 0.06190949, -0.02650525, 0.0290275, -0.03935785], [0.06089643, 0.00147726, -0.03240332, 0.02621115, -0.02456321, -0.02849311]], "number of molecular orbitals": 98, "number of electrons": 102, "number of unpaired electrons": 0, "orbital energies/eV": [-19.34077251, -19.02065726, -18.58064186, -18.07762597, -17.84355143, -17.73079353, -17.55621085, -17.36846223, -17.11941492, -16.89988965, -16.65512567, -16.38119637, -16.28375486, -16.21374496, -16.07702592, -15.93594312, -15.53181447, -15.25311458, -15.12734444, -15.07909579, -14.87040276, -14.8116889, -14.53362769, -14.30156131, -14.12967656, -14.05838805, -13.86815147, -13.70703685, -13.57746273, -13.47759, -13.43889745, -13.15347874, -13.1060472, -12.93875616, -12.85327458, -12.6948481, -12.69006283, -12.61113649, -12.52263472, -12.41363722, -12.25843182, -12.19285319, -12.13796339, -12.02860147, -11.90005527, -11.07159747, -10.63716511, -10.5737414, -10.19051792, -10.00051916, -9.94365569, -6.78839484, -6.32281634, -5.27677281, -3.54566531, -3.24628661, -0.08975403, 0.24755424, 0.28144766, 0.5681593, 0.83761681, 1.24466399, 2.12416471, 2.2028938, 2.61629459, 2.79964301, 3.06761001, 3.21458806, 3.31408358, 3.52447219, 3.88202598, 3.96238316, 4.03892376, 4.18939429, 4.69720033, 4.81301156, 4.97290816, 5.05878887, 5.27729906, 5.39621706, 5.45986705, 5.68585666, 5.85513139, 6.0507843, 6.19195831, 6.31587405, 6.48027118, 6.56342796, 6.77577632, 6.93942821, 7.35347292, 7.55692783, 8.20603824, 10.39305605, 12.17773159, 12.37442796, 14.09112351, 17.67343768], "fractional occupation": [2.0, 2.0, 2.0, 2.0, 2.0, 2.0, 2.0, 2.0, 2.0, 2.0, 2.0, 2.0, 2.0, 2.0, 2.0, 2.0, 2.0, 2.0, 2.0, 2.0, 2.0, 2.0, 2.0, 2.0, 2.0, 2.0, 2.0, 2.0, 2.0, 2.0, 2.0, 2.0, 2.0, 2.0, 2.0, 2.0, 2.0, 2.0, 2.0, 2.0, 2.0, 2.0, 2.0, 2.0, 2.0, 2.0, 2.0, 2.0, 2.0, 2.0, 2.0, 0.0, 0.0, 0.0, 0.0, 0.0, 0.0, 0.0, 0.0, 0.0, 0.0, 0.0, 0.0, 0.0, 0.0, 0.0, 0.0, 0.0, 0.0, 0.0, 0.0, 0.0, 0.0, 0.0, 0.0, 0.0, 0.0, 0.0, 0.0, 0.0, 0.0, 0.0, 0.0, 0.0, 0.0, 0.0, 0.0, 0.0, 0.0, 0.0, 0.0, 0.0, 0.0, 0.0, 0.0, 0.0, 0.0, 0.0], "program call": "xtb /home/svss/Project-DBcg-Debug/aqme2_20220329/End-to-End-workflows-final/example-3/QDESCP/mol_708_rdkit_conf_17/mol_708_rdkit_conf_17.xyz --pop --wbo --acc 0.2 --gfn 2 --chrg 0 --uhf 0 --etemp 300 --input /home/svss/Project-DBcg-Debug/aqme2_20220329/End-to-End-workflows-final/example-3/QDESCP/mol_708_rdkit_conf_17/mol_708_rdkit_conf_17_xtb.inp", "method": "GFN2-xTB", "xtb version": "6.3.3 (7355c4f)", "Dipole module/D": 4.388, "Total charge": 0, "Transition dipole module/D": NaN, "HOMO": -9.9437, "LUMO": -6.7884, "HOMO occupancy": 2.0, "LUMO occupancy": 0, "mulliken charges": [0.17105, -0.47016, 0.19535, -0.06145, 0.10089, -0.36363, 0.44239, -0.43483, 0.44334, -0.35927, 0.13565, -0.10473, -0.09995, -0.42778, 0.37705, -0.09702, -0.00947, -0.43412, 0.01525, 0.01474, 0.03441, 0.01479, 0.0128, 0.03755, 0.0302, 0.03127, 0.03638, 0.21575, 0.21888, 0.03334, 0.0408, 0.03133, 0.02978, 0.02972, 0.03736, 0.02978, 0.03529, 0.03405, 0.03323], "cm5 charges": [0.04839, -0.57582, 0.11205, -0.16303, 0.0545, -0.70391, 0.65933, -0.61121, 0.66176, -0.69857, 0.12383, -0.24681, -0.24215, -0.60085, 0.54602, -0.12372, -0.13833, -0.61263, 0.07419, 0.0737, 0.09335, 0.07742, 0.07584, 0.0969, 0.08783, 0.10025, 0.10527, 0.41708, 0.42055, 0.10489, 0.09614, 0.08319, 0.08384, 0.08368, 0.091, 0.08154, 0.08963, 0.08638, 0.0885], "FUKUI+": [0.005, 0.003, 0.005, 0.004, 0.014, -0.047, -0.025, -0.106, -0.027, -0.047, 0.008, 0.011, 0.011, -0.072, -0.049, -0.242, 0.036, -0.073, -0.009, -0.004, -0.007, -0.017, -0.007, -0.011, -0.011, -0.017, -0.019, -0.033, -0.034, -0.013, 0.003, -0.029, -0.016, -0.016, -0.014, -0.025, -0.04, -0.053, -0.04], "FUKUI-": [0.017, -0.06, 0.013, 0.007, 0.01, -0.04, 0.001, -0.076, 0.0, -0.048, 0.004, 0.007, 0.009, -0.062, 0.023, -0.262, 0.041, -0.05, -0.038, -0.033, -0.026, -0.043, -0.032, -0.017, -0.021, -0.016, -0.022, -0.025, -0.029, -0.012, -0.003, -0.025, -0.018, -0.018, -0.016, -0.022, -0.04, -0.04, -0.038], "FUKUIrad": [0.011, -0.029, 0.009, 0.005, 0.012, -0.043, -0.012, -0.091, -0.013, -0.048, 0.006, 0.009, 0.01, -0.067, -0.013, -0.252, 0.039, -0.062, -0.024, -0.018, -0.016, -0.03, -0.019, -0.014, -0.016, -0.016, -0.021, -0.029, -0.031, -0.013, 0.0, -0.027, -0.017, -0.017, -0.015, -0.023, -0.04, -0.046, -0.039], "s proportion": [0.971, 1.694, 0.995, 1.036, 1.006, 1.459, 0.978, 1.527, 0.976, 1.451, 1.028, 1.018, 1.016, 1.535, 1.02, 1.926, 1.01, 1.538, 0.985, 0.985, 0.966, 0.985, 0.987, 0.962, 0.97, 0.969, 0.964, 0.784, 0.781, 0.967, 0.959, 0.969, 0.97, 0.97, 0.963, 0.97, 0.965, 0.966, 0.967], "p proportion": [2.858, 4.776, 2.81, 3.026, 2.893, 3.904, 2.58, 3.908, 2.581, 3.909, 2.836, 3.087, 3.084, 3.892, 2.603, 4.17, 3.0, 3.896, 0.0, 0.0, 0.0, 0.0, 0.0, 0.0, 0.0, 0.0, 0.0, 0.0, 0.0, 0.0, 0.0, 0.0, 0.0, 0.0, 0.0, 0.0, 0.0, 0.0, 0.0], "d proportion": [0.0, 0.0, 0.0, 0.0, 0.0, 0.0, 0.0, 0.0, 0.0, 0.0, 0.0, 0.0, 0.0, 0.0, 0.0, 0.001, 0.0, 0.0, 0.0, 0.0, 0.0, 0.0, 0.0, 0.0, 0.0, 0.0, 0.0, 0.0, 0.0, 0.0, 0.0, 0.0, 0.0, 0.0, 0.0, 0.0, 0.0, 0.0, 0.0], "Fermi-level/eV": -8.366, "Coordination numbers": [3.65, 1.698, 3.702, 3.801, 3.749, 2.697, 2.941, 1.842, 2.934, 2.702, 3.791, 3.752, 3.755, 1.898, 3.005, 2.036, 3.742, 1.882, 0.924, 0.924, 0.924, 0.924, 0.924, 0.924, 0.924, 0.924, 0.924, 0.86, 0.86, 0.924, 0.924, 0.924, 0.924, 0.924, 0.924, 0.924, 0.924, 0.924, 0.924], "Dispersion coefficient C6": [20.256, 19.35, 19.367, 21.808, 20.444, 25.45, 22.613, 29.791, 22.578, 25.247, 19.701, 22.673, 22.776, 29.58, 23.112, 146.219, 21.569, 29.824, 2.56, 2.563, 2.22, 2.629, 2.641, 2.287, 2.293, 2.104, 2.369, 1.203, 1.177, 2.148, 2.488, 2.4, 2.464, 2.413, 2.336, 2.383, 2.204, 2.156, 2.118], "Total dispersion C6": 15625.936672, "Total dispersion C8": 372671.950871, "Polarizability alpha": [6.465, 5.939, 6.292, 6.649, 6.449, 7.492, 7.799, 8.089, 7.793, 7.463, 6.321, 6.79, 6.805, 8.063, 7.886, 20.352, 6.626, 8.096, 2.502, 2.503, 2.33, 2.536, 2.541, 2.365, 2.368, 2.269, 2.407, 1.718, 1.699, 2.292, 2.467, 2.422, 2.455, 2.429, 2.39, 2.414, 2.322, 2.296, 2.276], "Total polarizability alpha": 190.371595, "Wiberg matrix": [[0.0, 0.9941810926824065, 0.0, 0.0, 0.0, 0.0, 0.0, 0.0, 0.0, 0.0, 0.0, 0.0, 0.0, 0.0, 0.0, 0.0, 0.0, 0.0, 0.9786372402569402, 0.978798886703919, 0.980620776405364, 0.0, 0.0, 0.0, 0.0, 0.0, 0.0, 0.0, 0.0, 0.0, 0.0, 0.0, 0.0, 0.0, 0.0, 0.0, 0.0, 0.0, 0.0], [0.9941810926824065, 0.0, 0.9804691166569783, 0.0, 0.0, 0.0, 0.0, 0.0, 0.0, 0.0, 0.0, 0.0, 0.0, 0.0, 0.0, 0.0, 0.0, 0.0, 0.0, 0.0, 0.0, 0.0, 0.0, 0.0, 0.0, 0.0, 0.0, 0.0, 0.0, 0.0, 0.0, 0.0, 0.0, 0.0, 0.0, 0.0, 0.0, 0.0, 0.0], [0.0, 0.9804691166569783, 0.0, 1.0049925816315461, 0.0, 0.0, 0.0, 0.0, 0.0, 0.0, 0.0, 0.0, 0.0, 0.0, 0.0, 0.0, 0.0, 0.0, 0.0, 0.0, 0.0, 0.9686822475673283, 0.9682127750451885, 0.0, 0.0, 0.0, 0.0, 0.0, 0.0, 0.0, 0.0, 0.0, 0.0, 0.0, 0.0, 0.0, 0.0, 0.0, 0.0], [0.0, 0.0, 1.0049925816315461, 0.0, 1.0060846077698127, 0.0, 0.0, 0.0, 0.0, 0.0, 0.0, 0.0, 0.0, 0.0, 0.0, 0.0, 0.0, 0.0, 0.0, 0.0, 0.0, 0.0, 0.0, 0.9746275050164757, 0.9737941359828775, 0.0, 0.0, 0.0, 0.0, 0.0, 0.0, 0.0, 0.0, 0.0, 0.0, 0.0, 0.0, 0.0, 0.0], [0.0, 0.0, 0.0, 1.0060846077698127, 0.0, 0.9867319729173171, 0.0, 0.0, 0.0, 0.0, 0.0, 0.0, 0.0, 0.0, 0.0, 0.0, 0.0, 0.0, 0.0, 0.0, 0.0, 0.0, 0.0, 0.0, 0.0, 0.9689806609491456, 0.9688224268310075, 0.0, 0.0, 0.0, 0.0, 0.0, 0.0, 0.0, 0.0, 0.0, 0.0, 0.0, 0.0], [0.0, 0.0, 0.0, 0.0, 0.9867319729173171, 0.0, 1.172274212628115, 0.0, 0.0, 0.0, 0.0, 0.0, 0.0, 0.0, 0.0, 0.0, 0.0, 0.0, 0.0, 0.0, 0.0, 0.0, 0.0, 0.0, 0.0, 0.0, 0.0, 0.9334369214458803, 0.0, 0.0, 0.0, 0.0, 0.0, 0.0, 0.0, 0.0, 0.0, 0.0, 0.0], [0.0, 0.0, 0.0, 0.0, 0.0, 1.172274212628115, 0.0, 1.3444949723819468, 0.0, 0.0, 0.0, 0.0, 0.0, 0.0, 0.0, 0.0, 0.0, 1.311700230025609, 0.0, 0.0, 0.0, 0.0, 0.0, 0.0, 0.0, 0.0, 0.0, 0.0, 0.0, 0.0, 0.0, 0.0, 0.0, 0.0, 0.0, 0.0, 0.0, 0.0, 0.0], [0.0, 0.0, 0.0, 0.0, 0.0, 0.0, 1.3444949723819468, 0.0, 1.3274309533827102, 0.0, 0.0, 0.0, 0.0, 0.0, 0.0, 0.0, 0.0, 0.0, 0.0, 0.0, 0.0, 0.0, 0.0, 0.0, 0.0, 0.0, 0.0, 0.0, 0.0, 0.0, 0.0, 0.0, 0.0, 0.0, 0.0, 0.0, 0.0, 0.0, 0.0], [0.0, 0.0, 0.0, 0.0, 0.0, 0.0, 0.0, 1.3274309533827102, 0.0, 1.1935108557946639, 0.0, 0.0, 0.0, 1.310227653305566, 0.0, 0.0, 0.0, 0.0, 0.0, 0.0, 0.0, 0.0, 0.0, 0.0, 0.0, 0.0, 0.0, 0.0, 0.0, 0.0, 0.0, 0.0, 0.0, 0.0, 0.0, 0.0, 0.0, 0.0, 0.0], [0.0, 0.0, 0.0, 0.0, 0.0, 0.0, 0.0, 0.0, 1.1935108557946639, 0.0, 0.9786922421511197, 0.0, 0.0, 0.0, 0.0, 0.0, 0.0, 0.0, 0.0, 0.0, 0.0, 0.0, 0.0, 0.0, 0.0, 0.0, 0.0, 0.0, 0.9314041543982413, 0.0, 0.0, 0.0, 0.0, 0.0, 0.0, 0.0, 0.0, 0.0, 0.0], [0.0, 0.0, 0.0, 0.0, 0.0, 0.0, 0.0, 0.0, 0.0, 0.9786922421511197, 0.0, 0.9989889159694842, 1.005292999483319, 0.0, 0.0, 0.0, 0.0, 0.0, 0.0, 0.0, 0.0, 0.0, 0.0, 0.0, 0.0, 0.0, 0.0, 0.0, 0.0, 0.9610581387590091, 0.0, 0.0, 0.0, 0.0, 0.0, 0.0, 0.0, 0.0, 0.0], [0.0, 0.0, 0.0, 0.0, 0.0, 0.0, 0.0, 0.0, 0.0, 0.0, 0.9989889159694842, 0.0, 0.0, 0.0, 0.0, 0.0, 0.0, 0.0, 0.0, 0.0, 0.0, 0.0, 0.0, 0.0, 0.0, 0.0, 0.0, 0.0, 0.0, 0.0, 0.9857496366397555, 0.9841763912903135, 0.9854726673611457, 0.0, 0.0, 0.0, 0.0, 0.0, 0.0], [0.0, 0.0, 0.0, 0.0, 0.0, 0.0, 0.0, 0.0, 0.0, 0.0, 1.005292999483319, 0.0, 0.0, 0.0, 0.0, 0.0, 0.0, 0.0, 0.0, 0.0, 0.0, 0.0, 0.0, 0.0, 0.0, 0.0, 0.0, 0.0, 0.0, 0.0, 0.0, 0.0, 0.0, 0.9857248323694927, 0.9857465886499864, 0.9851858225552288, 0.0, 0.0, 0.0], [0.0, 0.0, 0.0, 0.0, 0.0, 0.0, 0.0, 0.0, 1.310227653305566, 0.0, 0.0, 0.0, 0.0, 0.0, 1.3872155345923365, 0.0, 0.0, 0.0, 0.0, 0.0, 0.0, 0.0, 0.0, 0.0, 0.0, 0.0, 0.0, 0.0, 0.0, 0.0, 0.0, 0.0, 0.0, 0.0, 0.0, 0.0, 0.0, 0.0, 0.0], [0.0, 0.0, 0.0, 0.0, 0.0, 0.0, 0.0, 0.0, 0.0, 0.0, 0.0, 0.0, 0.0, 1.3872155345923365, 0.0, 1.0559572170173759, 0.0, 1.3797831690818527, 0.0, 0.0, 0.0, 0.0, 0.0, 0.0, 0.0, 0.0, 0.0, 0.0, 0.0, 0.0, 0.0, 0.0, 0.0, 0.0, 0.0, 0.0, 0.0, 0.0, 0.0], [0.0, 0.0, 0.0, 0.0, 0.0, 0.0, 0.0, 0.0, 0.0, 0.0, 0.0, 0.0, 0.0, 0.0, 1.0559572170173759, 0.0, 1.0095978648498, 0.0, 0.0, 0.0, 0.0, 0.0, 0.0, 0.0, 0.0, 0.0, 0.0, 0.0, 0.0, 0.0, 0.0, 0.0, 0.0, 0.0, 0.0, 0.0, 0.0, 0.0, 0.0], [0.0, 0.0, 0.0, 0.0, 0.0, 0.0, 0.0, 0.0, 0.0, 0.0, 0.0, 0.0, 0.0, 0.0, 0.0, 1.0095978648498, 0.0, 0.0, 0.0, 0.0, 0.0, 0.0, 0.0, 0.0, 0.0, 0.0, 0.0, 0.0, 0.0, 0.0, 0.0, 0.0, 0.0, 0.0, 0.0, 0.0, 0.9827695879347911, 0.980032611339648, 0.981255406727108], [0.0, 0.0, 0.0, 0.0, 0.0, 0.0, 1.311700230025609, 0.0, 0.0, 0.0, 0.0, 0.0, 0.0, 0.0, 1.3797831690818527, 0.0, 0.0, 0.0, 0.0, 0.0, 0.0, 0.0, 0.0, 0.0, 0.0, 0.0, 0.0, 0.0, 0.0, 0.0, 0.0, 0.0, 0.0, 0.0, 0.0, 0.0, 0.0, 0.0, 0.0], [0.9786372402569402, 0.0, 0.0, 0.0, 0.0, 0.0, 0.0, 0.0, 0.0, 0.0, 0.0, 0.0, 0.0, 0.0, 0.0, 0.0, 0.0, 0.0, 0.0, 0.0, 0.0, 0.0, 0.0, 0.0, 0.0, 0.0, 0.0, 0.0, 0.0, 0.0, 0.0, 0.0, 0.0, 0.0, 0.0, 0.0, 0.0, 0.0, 0.0], [0.978798886703919, 0.0, 0.0, 0.0, 0.0, 0.0, 0.0, 0.0, 0.0, 0.0, 0.0, 0.0, 0.0, 0.0, 0.0, 0.0, 0.0, 0.0, 0.0, 0.0, 0.0, 0.0, 0.0, 0.0, 0.0, 0.0, 0.0, 0.0, 0.0, 0.0, 0.0, 0.0, 0.0, 0.0, 0.0, 0.0, 0.0, 0.0, 0.0], [0.980620776405364, 0.0, 0.0, 0.0, 0.0, 0.0, 0.0, 0.0, 0.0, 0.0, 0.0, 0.0, 0.0, 0.0, 0.0, 0.0, 0.0, 0.0, 0.0, 0.0, 0.0, 0.0, 0.0, 0.0, 0.0, 0.0, 0.0, 0.0, 0.0, 0.0, 0.0, 0.0, 0.0, 0.0, 0.0, 0.0, 0.0, 0.0, 0.0], [0.0, 0.0, 0.9686822475673283, 0.0, 0.0, 0.0, 0.0, 0.0, 0.0, 0.0, 0.0, 0.0, 0.0, 0.0, 0.0, 0.0, 0.0, 0.0, 0.0, 0.0, 0.0, 0.0, 0.0, 0.0, 0.0, 0.0, 0.0, 0.0, 0.0, 0.0, 0.0, 0.0, 0.0, 0.0, 0.0, 0.0, 0.0, 0.0, 0.0], [0.0, 0.0, 0.9682127750451885, 0.0, 0.0, 0.0, 0.0, 0.0, 0.0, 0.0, 0.0, 0.0, 0.0, 0.0, 0.0, 0.0, 0.0, 0.0, 0.0, 0.0, 0.0, 0.0, 0.0, 0.0, 0.0, 0.0, 0.0, 0.0, 0.0, 0.0, 0.0, 0.0, 0.0, 0.0, 0.0, 0.0, 0.0, 0.0, 0.0], [0.0, 0.0, 0.0, 0.9746275050164757, 0.0, 0.0, 0.0, 0.0, 0.0, 0.0, 0.0, 0.0, 0.0, 0.0, 0.0, 0.0, 0.0, 0.0, 0.0, 0.0, 0.0, 0.0, 0.0, 0.0, 0.0, 0.0, 0.0, 0.0, 0.0, 0.0, 0.0, 0.0, 0.0, 0.0, 0.0, 0.0, 0.0, 0.0, 0.0], [0.0, 0.0, 0.0, 0.9737941359828775, 0.0, 0.0, 0.0, 0.0, 0.0, 0.0, 0.0, 0.0, 0.0, 0.0, 0.0, 0.0, 0.0, 0.0, 0.0, 0.0, 0.0, 0.0, 0.0, 0.0, 0.0, 0.0, 0.0, 0.0, 0.0, 0.0, 0.0, 0.0, 0.0, 0.0, 0.0, 0.0, 0.0, 0.0, 0.0], [0.0, 0.0, 0.0, 0.0, 0.9689806609491456, 0.0, 0.0, 0.0, 0.0, 0.0, 0.0, 0.0, 0.0, 0.0, 0.0, 0.0, 0.0, 0.0, 0.0, 0.0, 0.0, 0.0, 0.0, 0.0, 0.0, 0.0, 0.0, 0.0, 0.0, 0.0, 0.0, 0.0, 0.0, 0.0, 0.0, 0.0, 0.0, 0.0, 0.0], [0.0, 0.0, 0.0, 0.0, 0.9688224268310075, 0.0, 0.0, 0.0, 0.0, 0.0, 0.0, 0.0, 0.0, 0.0, 0.0, 0.0, 0.0, 0.0, 0.0, 0.0, 0.0, 0.0, 0.0, 0.0, 0.0, 0.0, 0.0, 0.0, 0.0, 0.0, 0.0, 0.0, 0.0, 0.0, 0.0, 0.0, 0.0, 0.0, 0.0], [0.0, 0.0, 0.0, 0.0, 0.0, 0.9334369214458803, 0.0, 0.0, 0.0, 0.0, 0.0, 0.0, 0.0, 0.0, 0.0, 0.0, 0.0, 0.0, 0.0, 0.0, 0.0, 0.0, 0.0, 0.0, 0.0, 0.0, 0.0, 0.0, 0.0, 0.0, 0.0, 0.0, 0.0, 0.0, 0.0, 0.0, 0.0, 0.0, 0.0], [0.0, 0.0, 0.0, 0.0, 0.0, 0.0, 0.0, 0.0, 0.0, 0.9314041543982413, 0.0, 0.0, 0.0, 0.0, 0.0, 0.0, 0.0, 0.0, 0.0, 0.0, 0.0, 0.0, 0.0, 0.0, 0.0, 0.0, 0.0, 0.0, 0.0, 0.0, 0.0, 0.0, 0.0, 0.0, 0.0, 0.0, 0.0, 0.0, 0.0], [0.0, 0.0, 0.0, 0.0, 0.0, 0.0, 0.0, 0.0, 0.0, 0.0, 0.9610581387590091, 0.0, 0.0, 0.0, 0.0, 0.0, 0.0, 0.0, 0.0, 0.0, 0.0, 0.0, 0.0, 0.0, 0.0, 0.0, 0.0, 0.0, 0.0, 0.0, 0.0, 0.0, 0.0, 0.0, 0.0, 0.0, 0.0, 0.0, 0.0], [0.0, 0.0, 0.0, 0.0, 0.0, 0.0, 0.0, 0.0, 0.0, 0.0, 0.0, 0.9857496366397555, 0.0, 0.0, 0.0, 0.0, 0.0, 0.0, 0.0, 0.0, 0.0, 0.0, 0.0, 0.0, 0.0, 0.0, 0.0, 0.0, 0.0, 0.0, 0.0, 0.0, 0.0, 0.0, 0.0, 0.0, 0.0, 0.0, 0.0], [0.0, 0.0, 0.0, 0.0, 0.0, 0.0, 0.0, 0.0, 0.0, 0.0, 0.0, 0.9841763912903135, 0.0, 0.0, 0.0, 0.0, 0.0, 0.0, 0.0, 0.0, 0.0, 0.0, 0.0, 0.0, 0.0, 0.0, 0.0, 0.0, 0.0, 0.0, 0.0, 0.0, 0.0, 0.0, 0.0, 0.0, 0.0, 0.0, 0.0], [0.0, 0.0, 0.0, 0.0, 0.0, 0.0, 0.0, 0.0, 0.0, 0.0, 0.0, 0.9854726673611457, 0.0, 0.0, 0.0, 0.0, 0.0, 0.0, 0.0, 0.0, 0.0, 0.0, 0.0, 0.0, 0.0, 0.0, 0.0, 0.0, 0.0, 0.0, 0.0, 0.0, 0.0, 0.0, 0.0, 0.0, 0.0, 0.0, 0.0], [0.0, 0.0, 0.0, 0.0, 0.0, 0.0, 0.0, 0.0, 0.0, 0.0, 0.0, 0.0, 0.9857248323694927, 0.0, 0.0, 0.0, 0.0, 0.0, 0.0, 0.0, 0.0, 0.0, 0.0, 0.0, 0.0, 0.0, 0.0, 0.0, 0.0, 0.0, 0.0, 0.0, 0.0, 0.0, 0.0, 0.0, 0.0, 0.0, 0.0], [0.0, 0.0, 0.0, 0.0, 0.0, 0.0, 0.0, 0.0, 0.0, 0.0, 0.0, 0.0, 0.9857465886499864, 0.0, 0.0, 0.0, 0.0, 0.0, 0.0, 0.0, 0.0, 0.0, 0.0, 0.0, 0.0, 0.0, 0.0, 0.0, 0.0, 0.0, 0.0, 0.0, 0.0, 0.0, 0.0, 0.0, 0.0, 0.0, 0.0], [0.0, 0.0, 0.0, 0.0, 0.0, 0.0, 0.0, 0.0, 0.0, 0.0, 0.0, 0.0, 0.9851858225552288, 0.0, 0.0, 0.0, 0.0, 0.0, 0.0, 0.0, 0.0, 0.0, 0.0, 0.0, 0.0, 0.0, 0.0, 0.0, 0.0, 0.0, 0.0, 0.0, 0.0, 0.0, 0.0, 0.0, 0.0, 0.0, 0.0], [0.0, 0.0, 0.0, 0.0, 0.0, 0.0, 0.0, 0.0, 0.0, 0.0, 0.0, 0.0, 0.0, 0.0, 0.0, 0.0, 0.9827695879347911, 0.0, 0.0, 0.0, 0.0, 0.0, 0.0, 0.0, 0.0, 0.0, 0.0, 0.0, 0.0, 0.0, 0.0, 0.0, 0.0, 0.0, 0.0, 0.0, 0.0, 0.0, 0.0], [0.0, 0.0, 0.0, 0.0, 0.0, 0.0, 0.0, 0.0, 0.0, 0.0, 0.0, 0.0, 0.0, 0.0, 0.0, 0.0, 0.980032611339648, 0.0, 0.0, 0.0, 0.0, 0.0, 0.0, 0.0, 0.0, 0.0, 0.0, 0.0, 0.0, 0.0, 0.0, 0.0, 0.0, 0.0, 0.0, 0.0, 0.0, 0.0, 0.0], [0.0, 0.0, 0.0, 0.0, 0.0, 0.0, 0.0, 0.0, 0.0, 0.0, 0.0, 0.0, 0.0, 0.0, 0.0, 0.0, 0.981255406727108, 0.0, 0.0, 0.0, 0.0, 0.0, 0.0, 0.0, 0.0, 0.0, 0.0, 0.0, 0.0, 0.0, 0.0, 0.0, 0.0, 0.0, 0.0, 0.0, 0.0, 0.0, 0.0]], "Born radii": [], "Atomic SASAs": [], "Solvent H bonds": [], "Total SASA": NaN, "Total FOD": 0.0, "FOD": [0.0, 0.0, 0.0, 0.0, 0.0, 0.0, 0.0, 0.0, 0.0, 0.0, 0.0, 0.0, 0.0, 0.0, 0.0, 0.0, 0.0, 0.0, 0.0, 0.0, 0.0, 0.0, 0.0, 0.0, 0.0, 0.0, 0.0, 0.0, 0.0, 0.0, 0.0, 0.0, 0.0, 0.0, 0.0, 0.0, 0.0, 0.0, 0.0], "FOD s proportion": [0.0, 0.0, 0.0, 0.0, 0.0, 0.0, 0.0, 0.0, 0.0, 0.0, 0.0, 0.0, 0.0, 0.0, 0.0, 0.0, 0.0, 0.0, 0.0, 0.0, 0.0, 0.0, 0.0, 0.0, 0.0, 0.0, 0.0, 0.0, 0.0, 0.0, 0.0, 0.0, 0.0, 0.0, 0.0, 0.0, 0.0, 0.0, 0.0], "FOD p proportion": [0.0, 0.0, 0.0, 0.0, 0.0, 0.0, 0.0, 0.0, 0.0, 0.0, 0.0, 0.0, 0.0, 0.0, 0.0, 0.0, 0.0, 0.0, 0.0, 0.0, 0.0, 0.0, 0.0, 0.0, 0.0, 0.0, 0.0, 0.0, 0.0, 0.0, 0.0, 0.0, 0.0, 0.0, 0.0, 0.0, 0.0, 0.0, 0.0], "FOD d proportion": [0.0, 0.0, 0.0, 0.0, 0.0, 0.0, 0.0, 0.0, 0.0, 0.0, 0.0, 0.0, 0.0, 0.0, 0.0, 0.0, 0.0, 0.0, 0.0, 0.0, 0.0, 0.0, 0.0, 0.0, 0.0, 0.0, 0.0, 0.0, 0.0, 0.0, 0.0, 0.0, 0.0, 0.0, 0.0, 0.0, 0.0, 0.0, 0.0], "coordinates": [["4.85790", "-2.24930", "0.42100"], ["4.05820", "-1.07470", "0.36700"], ["3.96130", "-0.56460", "-0.96110"], ["3.11130", "0.69940", "-0.95300"], ["1.68290", "0.41930", "-0.48450"], ["0.89900", "1.64160", "-0.59290"], ["-0.42030", "1.52640", "-0.16680"], ["-1.07830", "0.38580", "-0.31940"], ["-2.33260", "0.36660", "0.10910"], ["-3.09900", "-0.78130", "-0.01040"], ["-2.41270", "-2.06440", "0.04600"], ["-1.97190", "-2.38400", "1.47450"], ["-3.37620", "-3.13960", "-0.45810"], ["-2.93850", "1.39670", "0.67220"], ["-2.19940", "2.49490", "0.77210"], ["-2.98420", "3.89620", "1.53990"], ["-2.01920", "5.23470", "0.79910"], ["-0.93570", "2.61340", "0.38120"], ["5.87760", "-2.03400", "0.08730"], ["4.41830", "-3.04010", "-0.19440"], ["4.89470", "-2.59310", "1.45810"], ["4.96440", "-0.32570", "-1.33250"], ["3.51430", "-1.32100", "-1.61670"], ["3.56570", "1.44290", "-0.28610"], ["3.09700", "1.13200", "-1.96060"], ["1.25150", "-0.36880", "-1.11420"], ["1.69000", "0.06570", "0.55390"], ["1.28530", "2.44370", "-0.10600"], ["-3.90390", "-0.67600", "0.59780"], ["-1.53880", "-2.07270", "-0.61730"], ["-1.24610", "-1.65030", "1.84090"], ["-1.49980", "-3.37090", "1.52350"], ["-2.82300", "-2.37930", "2.16480"], ["-4.27770", "-3.19270", "0.16280"], ["-3.69450", "-2.92450", "-1.48430"], ["-2.89930", "-4.12530", "-0.45190"], ["-2.05630", "5.18210", "-0.29270"], ["-2.44320", "6.19320", "1.11120"], ["-0.97890", "5.19760", "1.13400"]], "bond_dist": [[0.0, 1.4220130976893284, 2.356333181025128, 3.6923324945080442, 4.2452304071746205, 5.642693083094277, 6.5161963268458996, 6.536850511523113, 7.657904718002177, 8.102677802430502, 7.282611988153701, 6.911886455953974, 8.328616554386448, 8.610474458472076, 8.510945196627693, 10.025848586030012, 10.170925229299447, 7.563943170727818, 1.094302458189691, 1.0942257353946667, 1.0932195982509645, 2.6050607401747854, 2.6113642296700013, 3.9751870509448985, 4.495105900865962, 4.347325643427232, 3.9258728736422426, 5.921608629418191, 8.903688582267465, 6.482825413351805, 6.295532782060626, 6.549339058256183, 7.877433798515859, 9.187810302787057, 8.78803782934507, 8.028417169654302, 10.175521376814064, 11.182944312657556, 9.488568008398317], [1.4220130976893284, 0.0, 1.4259878085032847, 2.4055041924719234, 2.93242874423233, 4.275539537882909, 5.20649842984707, 5.38403542521778, 6.556384883455212, 7.173146182812672, 6.554013571850458, 6.269204794070776, 7.75982637563496, 7.426626144488492, 7.2155185489332645, 8.699479236138218, 8.77097654369227, 6.208165627623026, 2.0757420215431392, 2.0754852757849185, 2.048357883769338, 2.0665187369099756, 2.071607248008174, 2.6471504717337093, 3.3483058537116945, 3.2511249037833045, 2.6351119539784267, 4.504646708677607, 7.97541639916061, 5.769857839669882, 5.53527732457914, 6.123837905268231, 7.230835321040025, 8.603188388615003, 8.182507501982508, 7.64091380791591, 8.773246866468536, 9.779795806150556, 8.080990824150218], [2.356333181025128, 1.4259878085032847, 0.0, 1.5232404964417143, 2.527115614688018, 3.79217232862643, 4.919513395652054, 5.1684240547772395, 6.451793447561694, 7.127315446225177, 6.625068033612939, 6.666725280075669, 7.792466891171243, 7.356738857673283, 7.093570820115917, 8.6251787164093, 8.514491457509369, 5.990163794922473, 2.6325813586668123, 2.6314973190182047, 3.2921993332725163, 1.0960021806547653, 1.0962487491440982, 2.1545720247882176, 2.1504572304512357, 2.721174983348186, 2.8020183404110686, 4.116071051378973, 8.018974386416257, 5.713463403225752, 6.012234463990905, 6.623607027896507, 7.687074436350932, 8.720732871725863, 8.028333568680365, 7.7463347132692375, 8.347624165593466, 9.53833886900649, 7.873878897341513], [3.6923324945080442, 2.4055041924719234, 1.5232404964417143, 0.0, 1.5291418573827609, 2.431395512869101, 3.7113660557805397, 4.248828318489699, 5.556515046321749, 6.453587633247108, 6.25708937446158, 6.421762534538318, 7.554502184790206, 6.302982022027351, 5.865434745183003, 7.320464527610253, 7.068297584991735, 4.671369674945454, 4.025681972039023, 4.03330921328876, 4.453591249766867, 2.151471559189199, 2.1644682603355494, 1.097281741395527, 1.0966334893664338, 2.150788859930235, 2.1661987420363813, 2.6635066153475195, 7.31503498556227, 5.424081757311554, 5.684531824169868, 6.630432681959753, 7.376651477465911, 8.42560223663567, 7.728767336386832, 7.723738968919134, 6.872749460005072, 8.080546412836203, 6.4279941101404265], [4.2452304071746205, 2.93242874423233, 2.527115614688018, 1.5291418573827609, 0.0, 1.4561136837486282, 2.397927008897477, 2.766334343495016, 4.059480077546876, 4.953057518341575, 4.819142589714482, 5.005370608656266, 6.1855443559964876, 4.86318862578864, 4.578145062140342, 6.161886998314721, 6.208159995522023, 3.52428393578043, 4.892968855408748, 4.419730707859926, 4.812889751490262, 3.470211989201813, 2.768491807826059, 2.1522210295413435, 2.1648305499507345, 1.097146143410257, 1.096976722633621, 2.097508848610656, 5.795117739960078, 4.075174932441551, 4.274315187255147, 5.3410915859962556, 5.929088231760429, 6.999592391703963, 6.410696470743252, 6.453759273477746, 6.058272668013549, 7.273849112402594, 5.7041101304235005], [5.642693083094277, 4.275539537882909, 3.79217232862643, 2.431395512869101, 1.4561136837486282, 0.0, 1.3911810593880296, 2.3582941249979825, 3.5442442861631305, 4.7110247993403735, 5.010986539594773, 5.35925973712788, 6.415245865904128, 4.048068708656018, 3.491622609905028, 4.971046091116034, 4.83362419412184, 2.2933360285836875, 6.225685934899061, 5.870484616281692, 6.172916942580712, 4.576543959146465, 4.082273789201308, 2.691634600015388, 2.638465358878149, 2.1065892100739525, 2.10340011647808, 1.0147234647922558, 5.464145373249142, 4.442914436493235, 4.621844010781843, 5.946305294046042, 6.133989737519945, 7.123184812287268, 6.537897629972498, 6.906815438391271, 4.621586132487416, 5.898416754519809, 4.376508656452081], [6.5161963268458996, 5.20649842984707, 4.919513395652054, 3.7113660557805397, 2.397927008897477, 1.3911810593880296, 0.0, 1.3256014182249505, 2.2534746814641604, 3.539120503741007, 4.112029455147421, 4.515811821810116, 5.531162310039365, 2.657456364646464, 2.2326491596307734, 3.8861755158510274, 4.152220238619334, 1.3219342494995732, 7.239099348675911, 6.653249880321646, 6.9180781478673685, 5.8124112887854045, 5.068626434252183, 3.988659015258136, 3.967955278225802, 2.6989377614165173, 2.6657867637903823, 1.9375776861844791, 4.191735664375797, 3.7957230286205026, 3.8476262578374216, 5.292067802853626, 5.144299596640926, 6.103939361592643, 5.680378746175294, 6.178060852727173, 4.007054940975978, 5.244466669738688, 3.934694910663342], [6.536850511523113, 5.38403542521778, 5.1684240547772395, 4.248828318489699, 2.766334343495016, 2.3582941249979825, 1.3256014182249505, 0.0, 1.3256128318630591, 2.3538971727753957, 2.813826675543467, 3.418828777520161, 4.210466394593359, 2.3378480297059516, 2.626126476390655, 4.4059459211388425, 5.064401866953293, 2.3395249261335085, 7.376000389099772, 6.478041939506104, 6.907248400050487, 6.168211016980531, 5.068345715319743, 4.762909331490576, 4.547909626410798, 2.574703136285813, 2.920376994499169, 3.141193551820709, 3.1547884937028665, 2.518933685113604, 2.9733409054462623, 4.205560313442193, 4.106215500920525, 4.824348603697706, 4.37716581134414, 4.866582009994284, 4.8950679852275805, 6.1347749045910405, 5.027491537536389], [7.657904718002177, 6.556384883455212, 6.451793447561694, 5.556515046321749, 4.059480077546876, 3.5442442861631305, 2.2534746814641604, 1.3256128318630591, 0.0, 1.3853965569467828, 2.4331376081101537, 3.0919608681223636, 3.7019258825643715, 1.3210989478460726, 2.2331529571437776, 3.8639160653409643, 4.926734940099782, 2.6596011467887433, 8.553989691366246, 7.567850946603004, 7.925496222950334, 7.470187337008357, 6.3255528620034465, 6.0087059854847285, 5.860891690690078, 3.8578554742239892, 4.0582876450542535, 4.1772973116597765, 1.9480313498504076, 2.666075747236001, 2.871845939461238, 4.082032514569182, 3.46501969114174, 4.056465726466822, 3.901927008543343, 4.562130587784615, 4.840126566526954, 5.913180559563525, 5.120691818494842], [8.102677802430502, 7.173146182812672, 7.127315446225177, 6.453587633247108, 4.953057518341575, 4.7110247993403735, 3.539120503741007, 2.3538971727753957, 1.3853965569467828, 0.0, 1.4562054319360302, 2.4584405036526715, 2.4163720781369746, 2.2880968095777767, 3.486412604669734, 4.929058265023858, 6.165510059192184, 4.044404225593679, 9.064113312398517, 7.8514860204931916, 8.326965304359085, 8.183760708256322, 6.826947536783917, 7.031450932773406, 6.771588656290339, 4.5072586945947535, 4.895953889692998, 5.443514567813703, 1.0143270379911993, 2.114300264863059, 2.759657786755452, 3.408271997655117, 2.7131669760632136, 2.6896434503480195, 2.6683904699275183, 3.378925619187259, 6.060450159847864, 7.0944845091098765, 6.446062408943928], [7.282611988153701, 6.554013571850458, 6.625068033612939, 6.25708937446158, 4.819142589714482, 5.010986539594773, 4.112029455147421, 2.813826675543467, 2.4331376081101537, 1.4562054319360302, 0.0, 1.5287449264020467, 1.5292168256986973, 3.5563753021862023, 4.621680926892292, 6.17147484966114, 7.348391842437365, 4.916879180943945, 8.290458608545126, 6.9045161778360695, 7.4613433683218195, 7.703566988739698, 6.200527707381042, 6.939215392247167, 6.678338910986773, 4.2008909816847195, 4.65053069122224, 5.832775806595004, 2.110880205032962, 1.0971494838899576, 2.180389960534583, 2.1733234710921425, 2.1810138789104485, 2.182871533095798, 2.1736148094821215, 2.17531440945901, 7.263160531063595, 8.326075849402285, 7.481722424682702], [6.911886455953974, 6.269204794070776, 6.666725280075669, 6.421762534538318, 5.005370608656266, 5.35925973712788, 4.515811821810116, 3.418828777520161, 3.0919608681223636, 2.4584405036526715, 1.5287449264020467, 0.0, 2.5055802940636327, 3.983929384414337, 4.934449029020363, 6.361598894146031, 7.648724870198953, 5.219484849101489, 7.978814077919099, 6.637043804285158, 6.869802568487685, 7.760676876407109, 6.386225558183801, 6.957721590434616, 7.060872128852073, 4.599207137105264, 4.50089391787898, 6.034402984554479, 2.7236906744342315, 2.158728917673546, 1.095148524173776, 1.0951032006162706, 1.095859201722557, 2.7733132206802753, 3.4661200859173933, 2.7573925019844383, 7.770198736840649, 8.597817770806728, 7.653930219828243], [8.328616554386448, 7.75982637563496, 7.792466891171243, 7.554502184790206, 6.1855443559964876, 6.415245865904128, 5.531162310039365, 4.210466394593359, 3.7019258825643715, 2.4163720781369746, 1.5292168256986973, 2.5055802940636327, 0.0, 4.695442159158177, 5.886071740133652, 7.324489718744918, 8.576182211800306, 6.305352784737742, 9.335557131740988, 7.799594104182602, 8.507542036334586, 8.845802220827684, 7.220017324771457, 8.319787609067914, 7.899771582140841, 5.433544620227205, 6.079841653365653, 7.281949982662612, 2.7317974046403957, 2.1306475564954424, 3.469977161308126, 2.7388163885153016, 2.786340025912128, 1.0959190982914755, 1.0957505829339085, 1.0950235339936762, 8.427347391676696, 9.509697541457353, 8.81990552897252], [8.610474458472076, 7.426626144488492, 7.356738857673283, 6.302982022027351, 4.86318862578864, 4.048068708656018, 2.657456364646464, 2.3378480297059516, 1.3210989478460726, 2.2880968095777767, 3.5563753021862023, 3.983929384414337, 4.695442159158177, 0.0, 1.3275134876904264, 2.6462222185598847, 3.948602297015996, 2.3614079973608963, 9.478155395961812, 8.634737751663335, 8.825823762686404, 8.333145400147535, 7.366382038694436, 6.5745791477477855, 6.590065415456814, 4.885111586238333, 4.817527181033855, 4.42066631629215, 2.287710167394463, 3.957108376074631, 3.676178239694044, 5.052185580518594, 4.0619417782632, 4.8078620362901425, 4.888230527501746, 5.6353900885386805, 4.0048173503919005, 4.841947473899319, 4.301178002594173], [8.510945196627693, 7.2155185489332645, 7.093570820115917, 5.865434745183003, 4.578145062140342, 3.491622609905028, 2.2326491596307734, 2.626126476390655, 2.2331529571437776, 3.486412604669734, 4.621680926892292, 4.934449029020363, 5.886071740133652, 1.3275134876904264, 0.0, 1.7801880715250287, 2.7458523412594498, 1.3280748284641193, 9.285354880132475, 8.681261460179622, 8.75697406699369, 7.981550974591342, 7.27418902283959, 5.955070885388351, 6.113673090704147, 4.864937429196803, 4.590866611000585, 3.593997097939841, 3.60420692385995, 4.819729710263845, 4.385635343938207, 5.954968661546424, 5.107476469843009, 6.085997957607281, 6.057768675840966, 6.768684070777717, 2.894014597406171, 3.721807375456178, 2.987503832633525], [10.025848586030012, 8.699479236138218, 8.6251787164093, 7.320464527610253, 6.161886998314721, 4.971046091116034, 3.8861755158510274, 4.4059459211388425, 3.8639160653409643, 4.929058265023858, 6.17147484966114, 6.361598894146031, 7.324489718744918, 2.6462222185598847, 1.7801880715250287, 0.0, 1.8087542370371936, 2.6803943329293918, 10.761450554641787, 10.291601451183388, 10.207583991327233, 9.447505667106, 8.911442175652605, 7.228702988780214, 7.5415711446620985, 6.5708162582741565, 6.123158653015615, 4.80076799168633, 4.757984167691188, 6.509259574636734, 5.820245257718956, 7.4171729607715084, 6.308596175061453, 7.3363512640821655, 7.494815556102766, 8.265527055185288, 2.4234190681762, 2.3984731997668853, 2.424793776798349], [10.170925229299447, 8.77097654369227, 8.514491457509369, 7.068297584991735, 6.208159995522023, 4.83362419412184, 4.152220238619334, 5.064401866953293, 4.926734940099782, 6.165510059192184, 7.348391842437365, 7.648724870198953, 8.576182211800306, 3.948602297015996, 2.7458523412594498, 1.8087542370371936, 0.0, 2.867023953509981, 10.75639852227501, 10.53094314579658, 10.464738269541192, 9.177823035992796, 8.912514481334659, 6.83714226047696, 7.115025918434873, 6.764422194836748, 6.366855478177591, 4.419118380401231, 6.2071724859230395, 7.458891866758762, 7.006158423130325, 8.65164048490227, 7.777160595615858, 8.747958087462468, 8.636729143026312, 9.484153995481094, 1.0936957575121156, 1.09357425902405, 1.0935074348169749], [7.563943170727818, 6.208165627623026, 5.990163794922473, 4.671369674945454, 3.52428393578043, 2.2933360285836875, 1.3219342494995732, 2.3395249261335085, 2.6596011467887433, 4.044404225593679, 4.916879180943945, 5.219484849101489, 6.305352784737742, 2.3614079973608963, 1.3280748284641193, 2.6803943329293918, 2.867023953509981, 0.0, 8.25262145381696, 7.807604857445079, 7.890558916832191, 6.810745664756539, 6.266865865007803, 4.698719133976834, 4.892978897358949, 3.9891831043460515, 3.6626358090861286, 2.2801322176575636, 4.435907929612607, 4.829106032176141, 4.517323315858629, 6.118407030428753, 5.627626812431684, 6.702794922269367, 6.462151661791915, 7.068228792278869, 2.8823784033329143, 3.9522682462100165, 2.6919628006345113], [1.094302458189691, 2.0757420215431392, 2.6325813586668123, 4.025681972039023, 4.892968855408748, 6.225685934899061, 7.239099348675911, 7.376000389099772, 8.553989691366246, 9.064113312398517, 8.290458608545126, 7.978814077919099, 9.335557131740988, 9.478155395961812, 9.285354880132475, 10.761450554641787, 10.75639852227501, 8.25262145381696, 0.0, 1.7947558580486649, 1.7770137478365216, 2.401677574113561, 2.999528611298782, 4.192033251299422, 4.684995919955534, 5.061353030564061, 4.707701074834722, 6.416882535156772, 9.888504259998072, 7.449895825446152, 7.346389612592025, 7.633872071891171, 8.951853366761544, 10.221467802130965, 9.74104795286421, 9.038708200843748, 10.731415024124265, 11.746101637990368, 10.02014030340893], [1.0942257353946667, 2.0754852757849185, 2.6314973190182047, 4.03330921328876, 4.419730707859926, 5.870484616281692, 6.653249880321646, 6.478041939506104, 7.567850946603004, 7.8514860204931916, 6.9045161778360695, 6.637043804285158, 7.799594104182602, 8.634737751663335, 8.681261460179622, 10.291601451183388, 10.53094314579658, 7.807604857445079, 1.7947558580486649, 0.0, 1.7769418139038764, 2.993570473531565, 2.4073757704189016, 4.564277012846612, 4.719291741352721, 4.243877704411379, 4.20113882417613, 6.316293691715103, 8.687667264001309, 6.049937816209354, 6.177330935768295, 6.171265401844261, 7.644534450834793, 8.704670849607124, 8.215517586251034, 7.402110175483745, 10.465881754061623, 11.57750415676885, 9.937510537856049], [1.0932195982509645, 2.048357883769338, 3.2921993332725163, 4.453591249766867, 4.812889751490262, 6.172916942580712, 6.9180781478673685, 6.907248400050487, 7.925496222950334, 8.326965304359085, 7.4613433683218195, 6.869802568487685, 8.507542036334586, 8.825823762686404, 8.75697406699369, 10.207583991327233, 10.464738269541192, 7.890558916832191, 1.7770137478365216, 1.7769418139038764, 0.0, 3.5963049384055297, 3.6025182317373496, 4.593230958704342, 5.366153649496071, 4.983687793190902, 4.261091077411982, 6.390894413929869, 9.046035068470607, 6.779972239618685, 6.224534707108637, 6.441962453321194, 7.752936773894136, 9.282792899230273, 9.085257308409046, 8.169588290727997, 10.575227500153366, 11.452693295028903, 9.762132157474618], [2.6050607401747854, 2.0665187369099756, 1.0960021806547653, 2.151471559189199, 3.470211989201813, 4.576543959146465, 5.8124112887854045, 6.168211016980531, 7.470187337008357, 8.183760708256322, 7.703566988739698, 7.760676876407109, 8.845802220827684, 8.333145400147535, 7.981550974591342, 9.447505667106, 9.177823035992796, 6.810745664756539, 2.401677574113561, 2.993570473531565, 3.5963049384055297, 0.0, 1.781623344032066, 2.4858118613442977, 2.450832850277636, 3.7195616556255664, 3.7991307268900347, 4.765464869244133, 9.082704061566687, 6.771641623712821, 7.0989677397492095, 7.695184252504939, 8.78020381369362, 9.791426019737882, 9.041756128651116, 8.777824001995029, 8.983722689954314, 10.165641379667099, 8.480169811389393], [2.6113642296700013, 2.071607248008174, 1.0962487491440982, 2.1644682603355494, 2.768491807826059, 4.082273789201308, 5.068626434252183, 5.068345715319743, 6.3255528620034465, 6.826947536783917, 6.200527707381042, 6.386225558183801, 7.220017324771457, 7.366382038694436, 7.27418902283959, 8.911442175652605, 8.912514481334659, 6.266865865007803, 2.999528611298782, 2.4073757704189016, 3.6025182317373496, 1.781623344032066, 0.0, 3.0679441862589356, 2.5118948027335857, 2.5058840615639024, 3.1563446801640658, 4.628565823232938, 7.768508640015791, 5.205542513513842, 5.892779005698415, 6.2613213349899235, 7.455274135134133, 8.208845542462106, 7.386172178469711, 7.096134334269611, 8.664575579334512, 9.969776642432867, 8.381368783796594], [3.9751870509448985, 2.6471504717337093, 2.1545720247882176, 1.097281741395527, 2.1522210295413435, 2.691634600015388, 3.988659015258136, 4.762909331490576, 6.0087059854847285, 7.031450932773406, 6.939215392247167, 6.957721590434616, 8.319787609067914, 6.5745791477477855, 5.955070885388351, 7.228702988780214, 6.83714226047696, 4.698719133976834, 4.192033251299422, 4.564277012846612, 4.593230958704342, 2.4858118613442977, 3.0679441862589356, 0.0, 1.766433907622926, 3.0534452901599534, 2.4739705596469816, 2.496850177723926, 7.814469948755321, 6.206855649199521, 6.102903774433938, 7.21849