{"total energy": -26.18790464, "HOMO-LUMO gap/eV": 3.70612191, "electronic energy": -26.53056059, "dipole": [0.23213262, -0.76398214, 0.97969063], "partial charges": [-0.09851919, -0.04665001, -0.08093501, 0.23337249, -0.36535345, -0.08241566, -0.04258895, -0.10081281, 0.04159312, 0.03421011, 0.0284159, 0.05060039, 0.0294364, 0.05816702, 0.05345298, 0.06080175, 0.04159057, 0.03721066, 0.03222752, 0.04111873, 0.04146907, 0.03360834], "atomic dipole moments": [[-0.00700731, -0.09522454, -0.04821901], [0.11227649, 0.02383587, 0.05665051], [-0.01920193, 0.06513477, -0.05356155], [-0.00084426, 0.01126089, -0.00957541], [0.03106143, -0.10551969, 0.11902507], [-0.03988773, 0.07533496, 0.07104171], [-0.03764459, 0.03107483, -0.11295449], [-0.01714782, -0.10841025, 0.02536718], [0.08556587, 0.08054451, -0.05221763], [-0.11179203, 0.0571224, -0.00550652], [0.0282148, -0.01318702, 0.12037291], [-0.03968734, 0.02096897, -0.12110577], [-0.08765445, -0.06505045, 0.05101967], [-0.02577422, -0.12191255, -0.04126351], [0.03578408, -0.00596249, 0.12331529], [0.07174233, 0.0100847, -0.10876522], [8.188e-05, -0.12321256, 0.01912377], [0.10662788, -0.04985799, 0.03150246], [-0.06969791, -0.00505151, 0.10227909], [-0.10898645, 0.06457875, -0.02243749], [0.07786862, 0.01604695, -0.10038893], [0.05409579, 0.05556555, 0.09749848]], "atomic quadrupole moments": [[-0.1114306, 0.0054142, 0.15055994, 0.01701759, 0.15060799, -0.03912934], [0.05069533, -0.12510497, 0.11410624, 0.01923376, 0.12436867, -0.16480157], [0.158453, -0.05690309, -0.04859284, -0.08002474, -0.10336215, -0.10986015], [-0.30226184, 0.04925547, 0.24497729, 0.05581129, 0.47946748, 0.05728455], [-0.13064309, 0.02669028, 0.10635771, 0.02593307, 0.20197807, 0.02428538], [0.08449862, -0.03331853, -0.08118548, 0.16168886, 0.06041288, -0.00331313], [-0.16416068, 0.11707928, 0.14976704, 0.09803866, 0.06055639, 0.01439364], [-0.12403658, 0.06264241, 0.21937205, 0.00031288, -0.06751917, -0.09533548], [0.0133593, 0.04533618, -0.00628432, -0.04579757, -0.01970979, -0.00707498], [0.06124405, -0.04374431, -0.0138268, 0.01409253, 0.00629834, -0.04741724], [-0.04628672, -0.00444734, -0.02271056, 0.03317236, -0.02406356, 0.06899727], [-0.03448748, -0.01090504, -0.01632299, 0.00778345, -0.00987744, 0.05081047], [0.00776599, 0.02526968, 0.0128071, -0.04195199, -0.01911595, -0.0205731], [-0.00999123, 0.00410398, 0.0508343, 0.00927244, 0.03932881, -0.04084307], [-0.00166765, -0.01657615, -0.05433665, 0.02143196, 0.00173715, 0.05600431], [0.00329446, 0.01731013, -0.0297765, -0.03304822, -0.02265565, 0.02648204], [-0.02761972, 0.00739304, 0.0574416, 0.00320228, -0.03233088, -0.02982188], [0.03836258, -0.02621077, 0.00318919, 0.01896696, 0.00524394, -0.04155177], [0.00920808, 0.01034107, -0.01781453, -0.04765188, 0.00172041, 0.00860645], [0.05914657, -0.03352248, -0.01585625, 0.02000656, -0.01511584, -0.04329032], [-0.00568307, -0.00230429, -0.02715912, -0.06260858, -0.00172354, 0.03284219], [-0.02888068, 0.02285373, -0.01267748, 0.05009993, 0.03338885, 0.04155816]], "number of molecular orbitals": 46, "number of electrons": 48, "number of unpaired electrons": 0, "orbital energies/eV": [-19.01489776, -17.46568551, -17.2272211, -16.69637612, -16.32123395, -15.76773508, -15.47775349, -15.10906922, -14.76522649, -14.48468019, -14.22678108, -13.81462985, -13.48862349, -13.40737984, -13.30453621, -12.92026888, -12.86524337, -12.24245117, -12.18168686, -12.14042605, -12.01748925, -11.95133736, -11.72951632, -10.57917177, -6.87304985, 1.40448892, 2.42505786, 2.73722838, 2.97392774, 3.30947028, 3.48352396, 3.80200574, 4.07513231, 4.19708202, 4.58569122, 4.93868056, 5.12632859, 5.35829048, 5.73118444, 6.59991309, 6.82425785, 6.92376307, 7.16609001, 7.49901443, 8.18570676, 15.1281804], "fractional occupation": [2.0, 2.0, 2.0, 2.0, 2.0, 2.0, 2.0, 2.0, 2.0, 2.0, 2.0, 2.0, 2.0, 2.0, 2.0, 2.0, 2.0, 2.0, 2.0, 2.0, 2.0, 2.0, 2.0, 2.0, 0.0, 0.0, 0.0, 0.0, 0.0, 0.0, 0.0, 0.0, 0.0, 0.0, 0.0, 0.0, 0.0, 0.0, 0.0, 0.0, 0.0, 0.0, 0.0, 0.0, 0.0, 0.0], "program call": "xtb /home/svss/Project-DBcg-Debug/aqme2_20220329/End-to-End-workflows-final/example-3/QDESCP/mol_238_rdkit_conf_5/mol_238_rdkit_conf_5.xyz --pop --wbo --acc 0.2 --gfn 2 --chrg 0 --uhf 0 --etemp 300 --input /home/svss/Project-DBcg-Debug/aqme2_20220329/End-to-End-workflows-final/example-3/QDESCP/mol_238_rdkit_conf_5/mol_238_rdkit_conf_5_xtb.inp", "method": "GFN2-xTB", "xtb version": "6.3.3 (7355c4f)", "Dipole module/D": 3.212, "Total charge": 0, "Transition dipole module/D": NaN, "HOMO": -10.5792, "LUMO": -6.873, "HOMO occupancy": 2.0, "LUMO occupancy": 0, "mulliken charges": [-0.08515, -0.02555, -0.08517, 0.39183, -0.49594, -0.08592, -0.02736, -0.08471, 0.03987, 0.03127, 0.02116, 0.04283, 0.02196, 0.05354, 0.03788, 0.0564, 0.03542, 0.02981, 0.0224, 0.04007, 0.03573, 0.02964], "cm5 charges": [-0.23481, -0.13586, -0.18747, 0.40867, -0.54848, -0.18784, -0.13847, -0.23436, 0.09362, 0.08213, 0.07263, 0.10026, 0.07632, 0.10962, 0.09485, 0.11473, 0.0913, 0.08413, 0.0778, 0.0934, 0.08739, 0.08045], "FUKUI+": [0.02, 0.02, 0.027, -0.19, -0.291, 0.022, 0.008, 0.021, 0.005, -0.043, -0.024, -0.023, -0.055, -0.097, -0.088, -0.067, -0.084, -0.061, -0.032, 0.003, -0.026, -0.046], "FUKUI-": [0.019, 0.011, -0.005, -0.031, -0.157, -0.007, 0.01, 0.02, -0.057, -0.06, -0.044, -0.05, -0.104, -0.066, -0.056, -0.061, -0.061, -0.1, -0.053, -0.049, -0.045, -0.054], "FUKUIrad": [0.02, 0.015, 0.011, -0.11, -0.224, 0.007, 0.009, 0.021, -0.026, -0.052, -0.034, -0.037, -0.079, -0.081, -0.072, -0.064, -0.073, -0.081, -0.042, -0.023, -0.035, -0.05], "s proportion": [1.008, 1.023, 1.042, 1.081, 1.74, 1.042, 1.026, 1.008, 0.96, 0.969, 0.979, 0.957, 0.978, 0.946, 0.962, 0.944, 0.965, 0.97, 0.978, 0.96, 0.964, 0.97], "p proportion": [3.077, 3.002, 3.043, 2.527, 4.756, 3.044, 3.002, 3.077, 0.0, 0.0, 0.0, 0.0, 0.0, 0.0, 0.0, 0.0, 0.0, 0.0, 0.0, 0.0, 0.0, 0.0], "d proportion": [0.0, 0.0, 0.0, 0.0, 0.0, 0.0, 0.0, 0.0, 0.0, 0.0, 0.0, 0.0, 0.0, 0.0, 0.0, 0.0, 0.0, 0.0, 0.0, 0.0, 0.0, 0.0], "Fermi-level/eV": -8.7261, "Coordination numbers": [3.749, 3.799, 3.802, 2.811, 0.856, 3.802, 3.801, 3.749, 0.924, 0.924, 0.924, 0.924, 0.924, 0.924, 0.924, 0.924, 0.924, 0.924, 0.924, 0.924, 0.924, 0.924], "Dispersion coefficient C6": [22.446, 21.411, 22.044, 23.115, 21.001, 22.071, 21.336, 22.49, 2.428, 2.528, 2.609, 2.313, 2.595, 2.221, 2.277, 2.19, 2.428, 2.486, 2.555, 2.434, 2.429, 2.536], "Total dispersion C6": 3505.085957, "Total dispersion C8": 74528.125022, "Polarizability alpha": [6.757, 6.588, 6.685, 7.877, 6.144, 6.689, 6.577, 6.764, 2.437, 2.486, 2.526, 2.378, 2.519, 2.33, 2.36, 2.314, 2.437, 2.466, 2.5, 2.44, 2.438, 2.49], "Total polarizability alpha": 88.200636, "Wiberg matrix": [[0.0, 1.0210947238566837, 0.0, 0.0, 0.0, 0.0, 0.0, 0.0, 0.9866501861722209, 0.9872181846667899, 0.9876159469826393, 0.0, 0.0, 0.0, 0.0, 0.0, 0.0, 0.0, 0.0, 0.0, 0.0, 0.0], [1.0210947238566837, 0.0, 1.005843872830193, 0.0, 0.0, 0.0, 0.0, 0.0, 0.0, 0.0, 0.0, 0.9753883519857514, 0.9777074469774949, 0.0, 0.0, 0.0, 0.0, 0.0, 0.0, 0.0, 0.0, 0.0], [0.0, 1.005843872830193, 0.0, 0.9936880958711568, 0.0, 0.0, 0.0, 0.0, 0.0, 0.0, 0.0, 0.0, 0.0, 0.9440948281788953, 0.9591852494858106, 0.0, 0.0, 0.0, 0.0, 0.0, 0.0, 0.0], [0.0, 0.0, 0.9936880958711568, 0.0, 1.8587848506736269, 0.9896116797842305, 0.0, 0.0, 0.0, 0.0, 0.0, 0.0, 0.0, 0.0, 0.0, 0.0, 0.0, 0.0, 0.0, 0.0, 0.0, 0.0], [0.0, 0.0, 0.0, 1.8587848506736269, 0.0, 0.0, 0.0, 0.0, 0.0, 0.0, 0.0, 0.0, 0.0, 0.0, 0.0, 0.0, 0.0, 0.0, 0.0, 0.0, 0.0, 0.0], [0.0, 0.0, 0.0, 0.9896116797842305, 0.0, 0.0, 0.9844791619570863, 0.0, 0.0, 0.0, 0.0, 0.0, 0.0, 0.0, 0.0, 0.9701268509267663, 0.9649090961697956, 0.0, 0.0, 0.0, 0.0, 0.0], [0.0, 0.0, 0.0, 0.0, 0.0, 0.9844791619570863, 0.0, 1.0210786005022363, 0.0, 0.0, 0.0, 0.0, 0.0, 0.0, 0.0, 0.0, 0.0, 0.9753900159168871, 0.9754336916850697, 0.0, 0.0, 0.0], [0.0, 0.0, 0.0, 0.0, 0.0, 0.0, 1.0210786005022363, 0.0, 0.0, 0.0, 0.0, 0.0, 0.0, 0.0, 0.0, 0.0, 0.0, 0.0, 0.0, 0.9868011225228893, 0.9867726034248125, 0.9865947805184885], [0.9866501861722209, 0.0, 0.0, 0.0, 0.0, 0.0, 0.0, 0.0, 0.0, 0.0, 0.0, 0.0, 0.0, 0.0, 0.0, 0.0, 0.0, 0.0, 0.0, 0.0, 0.0, 0.0], [0.9872181846667899, 0.0, 0.0, 0.0, 0.0, 0.0, 0.0, 0.0, 0.0, 0.0, 0.0, 0.0, 0.0, 0.0, 0.0, 0.0, 0.0, 0.0, 0.0, 0.0, 0.0, 0.0], [0.9876159469826393, 0.0, 0.0, 0.0, 0.0, 0.0, 0.0, 0.0, 0.0, 0.0, 0.0, 0.0, 0.0, 0.0, 0.0, 0.0, 0.0, 0.0, 0.0, 0.0, 0.0, 0.0], [0.0, 0.9753883519857514, 0.0, 0.0, 0.0, 0.0, 0.0, 0.0, 0.0, 0.0, 0.0, 0.0, 0.0, 0.0, 0.0, 0.0, 0.0, 0.0, 0.0, 0.0, 0.0, 0.0], [0.0, 0.9777074469774949, 0.0, 0.0, 0.0, 0.0, 0.0, 0.0, 0.0, 0.0, 0.0, 0.0, 0.0, 0.0, 0.0, 0.0, 0.0, 0.0, 0.0, 0.0, 0.0, 0.0], [0.0, 0.0, 0.9440948281788953, 0.0, 0.0, 0.0, 0.0, 0.0, 0.0, 0.0, 0.0, 0.0, 0.0, 0.0, 0.0, 0.0, 0.0, 0.0, 0.0, 0.0, 0.0, 0.0], [0.0, 0.0, 0.9591852494858106, 0.0, 0.0, 0.0, 0.0, 0.0, 0.0, 0.0, 0.0, 0.0, 0.0, 0.0, 0.0, 0.0, 0.0, 0.0, 0.0, 0.0, 0.0, 0.0], [0.0, 0.0, 0.0, 0.0, 0.0, 0.9701268509267663, 0.0, 0.0, 0.0, 0.0, 0.0, 0.0, 0.0, 0.0, 0.0, 0.0, 0.0, 0.0, 0.0, 0.0, 0.0, 0.0], [0.0, 0.0, 0.0, 0.0, 0.0, 0.9649090961697956, 0.0, 0.0, 0.0, 0.0, 0.0, 0.0, 0.0, 0.0, 0.0, 0.0, 0.0, 0.0, 0.0, 0.0, 0.0, 0.0], [0.0, 0.0, 0.0, 0.0, 0.0, 0.0, 0.9753900159168871, 0.0, 0.0, 0.0, 0.0, 0.0, 0.0, 0.0, 0.0, 0.0, 0.0, 0.0, 0.0, 0.0, 0.0, 0.0], [0.0, 0.0, 0.0, 0.0, 0.0, 0.0, 0.9754336916850697, 0.0, 0.0, 0.0, 0.0, 0.0, 0.0, 0.0, 0.0, 0.0, 0.0, 0.0, 0.0, 0.0, 0.0, 0.0], [0.0, 0.0, 0.0, 0.0, 0.0, 0.0, 0.0, 0.9868011225228893, 0.0, 0.0, 0.0, 0.0, 0.0, 0.0, 0.0, 0.0, 0.0, 0.0, 0.0, 0.0, 0.0, 0.0], [0.0, 0.0, 0.0, 0.0, 0.0, 0.0, 0.0, 0.9867726034248125, 0.0, 0.0, 0.0, 0.0, 0.0, 0.0, 0.0, 0.0, 0.0, 0.0, 0.0, 0.0, 0.0, 0.0], [0.0, 0.0, 0.0, 0.0, 0.0, 0.0, 0.0, 0.9865947805184885, 0.0, 0.0, 0.0, 0.0, 0.0, 0.0, 0.0, 0.0, 0.0, 0.0, 0.0, 0.0, 0.0, 0.0]], "Born radii": [], "Atomic SASAs": [], "Solvent H bonds": [], "Total SASA": NaN, "Total FOD": 0.0, "FOD": [0.0, 0.0, 0.0, 0.0, 0.0, 0.0, 0.0, 0.0, 0.0, 0.0, 0.0, 0.0, 0.0, 0.0, 0.0, 0.0, 0.0, 0.0, 0.0, 0.0, 0.0, 0.0], "FOD s proportion": [0.0, 0.0, 0.0, 0.0, 0.0, 0.0, 0.0, 0.0, 0.0, 0.0, 0.0, 0.0, 0.0, 0.0, 0.0, 0.0, 0.0, 0.0, 0.0, 0.0, 0.0, 0.0], "FOD p proportion": [0.0, 0.0, 0.0, 0.0, 0.0, 0.0, 0.0, 0.0, 0.0, 0.0, 0.0, 0.0, 0.0, 0.0, 0.0, 0.0, 0.0, 0.0, 0.0, 0.0, 0.0, 0.0], "FOD d proportion": [0.0, 0.0, 0.0, 0.0, 0.0, 0.0, 0.0, 0.0, 0.0, 0.0, 0.0, 0.0, 0.0, 0.0, 0.0, 0.0, 0.0, 0.0, 0.0, 0.0, 0.0, 0.0], "coordinates": [["-2.32140", "0.98360", "0.61510"], ["-2.38930", "-0.35630", "-0.10460"], ["-1.07370", "-1.12720", "-0.02790"], ["0.03410", "-0.52300", "-0.87660"], ["-0.19170", "0.26200", "-1.79760"], ["1.45210", "-0.95700", "-0.56010"], ["2.03970", "-0.19930", "0.62530"], ["2.28280", "1.27190", "0.32060"], ["-1.57840", "1.64620", "0.16130"], ["-3.29290", "1.48570", "0.56800"], ["-2.06150", "0.84880", "1.67000"], ["-2.68230", "-0.19500", "-1.14830"], ["-3.17820", "-0.95990", "0.35940"], ["-1.23000", "-2.14970", "-0.38990"], ["-0.74040", "-1.18600", "1.01320"], ["2.06830", "-0.81770", "-1.45590"], ["1.43840", "-2.03320", "-0.35330"], ["2.99530", "-0.66170", "0.89900"], ["1.38360", "-0.27940", "1.49900"], ["1.34500", "1.79720", "0.11570"], ["2.94140", "1.39000", "-0.54580"], ["2.75910", "1.75980", "1.17700"]], "bond_dist": [[0.0, 1.5224685579676187, 2.5348926860914647, 3.1691312216441907, 3.298097927594025, 4.40299053485242, 4.518688931537555, 4.622608006309858, 1.0940850972387843, 1.0945935638400217, 1.0947753468177843, 2.1514939762871754, 2.1393178772683594, 3.4668065781061395, 2.7138918125083764, 5.1771796163548345, 4.916805552388665, 5.57269326179003, 4.012913307062589, 3.788645441315405, 5.404619654517791, 5.170077204452561], [1.5224685579676187, 0.0, 1.5267524553770986, 2.5488508096787466, 2.8421804393810044, 3.914674277637924, 4.491485724122922, 4.965918715605402, 2.176756272530299, 2.1591312419582094, 2.1700055322510123, 1.095981925033438, 1.0963540349722802, 2.1544503104040253, 2.157950448921383, 4.680715694207457, 4.186302973985519, 5.485836242543154, 4.100270842273715, 4.316374732341945, 5.626773819872272, 5.711952409640682], [2.5348926860914647, 1.5267524553770986, 0.0, 1.520713704153415, 2.416534446268044, 2.586864998410238, 3.3137483625043105, 4.140437816221855, 2.825290478871155, 3.47953902981415, 2.7862500336473754, 2.170688130524512, 2.1463715498487206, 1.0958923031028187, 1.0947308070936894, 3.4651317796008856, 2.690235597489558, 4.199118343176338, 3.0147158638916536, 3.79774222532283, 4.767131659604128, 4.947414360047075], [3.1691312216441907, 2.5488508096787466, 1.520713704153415, 0.0, 1.2310368150465687, 1.516328542895635, 2.526443480468146, 3.1163449006809243, 2.8953102251744975, 4.14616375098717, 3.5719107155694694, 2.749587941856016, 3.4695026877061212, 2.1168322063876484, 2.1472687977987293, 2.1355107632601618, 2.127582059522029, 3.4555315784984515, 2.742984974439343, 2.843667726721953, 3.4959106009736574, 4.105371335214392], [3.298097927594025, 2.8421804393810044, 2.416534446268044, 1.2310368150465687, 0.0, 2.391536261485491, 3.326016846018673, 3.410252116779638, 2.770602053706017, 4.08790245602803, 3.9830561181083053, 2.614101729084008, 3.8813491030825866, 2.979258812188025, 3.209107715549605, 2.527866883362334, 3.1640435426839497, 4.2757271019091005, 3.6935424202247904, 2.894650725044388, 3.557485467292874, 4.449592188054991], [4.40299053485242, 3.914674277637924, 2.586864998410238, 1.516328542895635, 2.391536261485491, 0.0, 1.5246495367788624, 2.5364719966914677, 4.059679599426536, 5.454761030512702, 4.5364793188110095, 4.244983698437486, 4.720716762314808, 2.9402655900445462, 2.708278076564517, 1.0961590076261745, 1.095974621056528, 2.144211076363519, 2.1688076954861626, 2.8379206630912006, 2.7796812730958917, 3.4794780714929074], [4.518688931537555, 4.491485724122922, 3.3137483625043105, 2.526443480468146, 3.326016846018673, 1.5246495367788624, 0.0, 1.5219622662865202, 4.088008544511618, 5.592774897132906, 4.360017561891237, 5.044101451200203, 5.279743893409982, 3.9402575156961506, 2.9753990169387365, 2.171319865888027, 2.163887441619827, 1.096310544508261, 1.0955523310184685, 2.17446832582128, 2.170348495057879, 2.1586991592160314], [4.622608006309858, 4.965918715605402, 4.140437816221855, 3.1163449006809243, 3.410252116779638, 2.5364719966914677, 1.5219622662865202, 0.0, 3.882569048967449, 5.585279553433292, 4.568679947205758, 5.38160578545103, 5.899572669270207, 4.954989470220901, 3.9573609148016815, 2.7510708206078593, 3.4771883152915373, 2.140329827386424, 2.145627854498538, 1.0942545133560106, 1.0946919795083911, 1.0946821730529828], [1.0940850972387843, 2.176756272530299, 2.825290478871155, 2.8953102251744975, 2.770602053706017, 4.059679599426536, 4.088008544511618, 3.882569048967449, 0.0, 1.7693714674991228, 1.773529830592088, 2.5146898039320877, 3.064369569748401, 3.851501111255195, 3.0739769761662177, 4.688769555011208, 4.785799803585603, 5.175841515154806, 3.777673973492154, 2.927652288097068, 4.581945098972706, 4.456282946582275], [1.0945935638400217, 2.1591312419582094, 3.47953902981415, 4.14616375098717, 4.08790245602803, 5.454761030512702, 5.592774897132906, 5.585279553433292, 1.7693714674991228, 0.0, 1.7709860445525818, 2.4785621920783023, 2.4571588084615126, 4.288270278329014, 3.721752299656709, 6.1761062337042105, 5.967968715568137, 6.652995340446286, 5.084485348587406, 4.6703023403201644, 6.3337355028450615, 6.088736799205562], [1.0947753468177843, 2.1700055322510123, 2.7862500336473754, 3.5719107155694694, 3.9830561181083053, 4.5364793188110095, 4.360017561891237, 4.568679947205758, 1.773529830592088, 1.7709860445525818, 0.0, 3.0688313687786755, 2.497215837688044, 3.731699681110472, 2.5133846681318004, 5.440930168638446, 4.964772592979461, 5.333598924741154, 3.629158339064307, 3.862583759609622, 5.49833388309586, 4.930634275628238], [2.1514939762871754, 1.095981925033438, 2.170688130524512, 2.749587941856016, 2.614101729084008, 4.244983698437486, 5.044101451200203, 5.38160578545103, 2.5146898039320877, 2.4785621920783023, 3.0688313687786755, 0.0, 1.761859276446334, 2.5505289529821065, 3.0700389020336534, 4.8011012705419995, 4.581612459604151, 6.053460823363772, 4.852511046870476, 4.667515627183267, 5.873775016120382, 6.231941678963307], [2.1393178772683594, 1.0963540349722802, 2.1463715498487206, 3.4695026877061212, 3.8813491030825866, 4.720716762314808, 5.279743893409982, 5.899572669270207, 3.064369569748401, 2.4571588084615126, 2.497215837688044, 1.761859276446334, 0.0, 2.402614777695334, 2.534056923196478, 5.553494141529276, 4.793006336319618, 6.204207737495578, 4.750977546779189, 5.302860392278869, 6.617470907378438, 6.581547624989126], [3.4668065781061395, 2.1544503104040253, 1.0958923031028187, 2.1168322063876484, 2.979258812188025, 2.9402655900445462, 3.9402575156961506, 4.954989470220901, 3.851501111255195, 4.288270278329014, 3.731699681110472, 2.5505289529821065, 2.402614777695334, 0.0, 1.7711904076072684, 3.7134031413246795, 2.6711926867974163, 4.661391133556591, 3.7278506220072716, 4.73964935095414, 5.473057542178777, 5.801058926609865], [2.7138918125083764, 2.157950448921383, 1.0947308070936894, 2.1472687977987293, 3.209107715549605, 2.708278076564517, 2.9753990169387365, 3.9573609148016815, 3.0739769761662177, 3.721752299656709, 2.5133846681318004, 3.0700389020336534, 2.534056923196478, 1.7711904076072684, 0.0, 3.757777985725075, 2.7078108371893337, 3.7740411523988446, 2.3599366940661772, 3.7488507105511686, 4.7562493879106045, 4.577233698425284], [5.1771796163548345, 4.680715694207457, 3.4651317796008856, 2.1355107632601618, 2.527866883362334, 1.0961590076261745, 2.171319865888027, 2.7510708206078593, 4.688769555011208, 6.1761062337042105, 5.440930168638446, 4.8011012705419995, 5.553494141529276, 3.7134031413246795, 3.757777985725075, 0.0, 1.7578228067697836, 2.535590465749546, 3.0805867931288677, 3.135409297045603, 2.542543000619655, 3.748716220254609], [4.916805552388665, 4.186302973985519, 2.690235597489558, 2.127582059522029, 3.1640435426839497, 1.095974621056528, 2.163887441619827, 3.4771883152915373, 4.785799803585603, 5.967968715568137, 4.964772592979461, 4.581612459604151, 4.793006336319618, 2.6711926867974163, 2.7078108371893337, 1.7578228067697836, 0.0, 2.4234696511406946, 2.5514373929218803, 3.860135842169288, 3.7435762968049677, 4.298012980436425], [5.57269326179003, 5.485836242543154, 4.199118343176338, 3.4555315784984515, 4.2757271019091005, 2.144211076363519, 1.096310544508261, 2.140329827386424, 5.175841515154806, 6.652995340446286, 5.333598924741154, 6.053460823363772, 6.204207737495578, 4.661391133556591, 3.7740411523988446, 2.535590465749546, 2.4234696511406946, 0.0, 1.7617406676352791, 3.063207173862062, 2.50994524641475, 2.4488235318209437], [4.012913307062589, 4.100270842273715, 3.0147158638916536, 2.742984974439343, 3.6935424202247904, 2.1688076954861626, 1.0955523310184685, 2.145627854498538, 3.777673973492154, 5.084485348587406, 3.629158339064307, 4.852511046870476, 4.750977546779189, 3.7278506220072716, 2.3599366940661772, 3.0805867931288677, 2.5514373929218803, 1.7617406676352791, 0.0, 2.495451143581056, 3.065101016279887, 2.4807299107319203], [3.788645441315405, 4.316374732341945, 3.79774222532283, 2.843667726721953, 2.894650725044388, 2.8379206630912006, 2.17446832582128, 1.0942545133560106, 2.927652288097068, 4.6703023403201644, 3.862583759609622, 4.667515627183267, 5.302860392278869, 4.73964935095414, 3.7488507105511686, 3.135409297045603, 3.860135842169288, 3.063207173862062, 2.495451143581056, 0.0, 1.7753554714479012, 1.7684556143709123], [5.404619654517791, 5.626773819872272, 4.767131659604128, 3.4959106009736574, 3.557485467292874, 2.7796812730958917, 2.170348495057879, 1.0946919795083911, 4.581945098972706, 6.3337355028450615, 5.49833388309586, 5.873775016120382, 6.617470907378438, 5.473057542178777, 4.7562493879106045, 2.542543000619655, 3.7435762968049677, 2.50994524641475, 3.065101016279887, 1.7753554714479012, 0.0, 1.7714471965034688], [5.170077204452561, 5.711952409640682, 4.947414360047075, 4.105371335214392, 4.449592188054991, 3.4794780714929074, 2.1586991592160314, 1.0946821730529828, 4.456282946582275, 6.088736799205562, 4.930634275628238, 6.231941678963307, 6.581547624989126, 5.801058926609865, 4.577233698425284, 3.748716220254609, 4.298012980436425, 2.4488235318209437, 2.4807299107319203, 1.7684556143709123, 1.7714471965034688, 0.0]]}