{"total energy": -42.39525971, "HOMO-LUMO gap/eV": 4.16316431, "electronic energy": -42.90614401, "dipole": [-0.71449697, -0.08207688, -0.5089028], "partial charges": [-0.10108186, -0.04962568, -0.06140551, 0.00351757, -0.11424227, 0.00299426, -0.10982412, 0.29561554, -0.4429168, -0.18671457, 0.00564126, -0.04773399, -0.10205924, 0.03246357, 0.03117216, 0.03491022, 0.04294049, 0.03093163, 0.03341929, 0.03907728, 0.0401065, 0.06753652, 0.05888265, 0.05218021, 0.04658059, 0.05105741, 0.04231372, 0.06339247, 0.04862449, 0.04360487, 0.03645575, 0.03940333, 0.03345192, 0.03933034], "atomic dipole moments": [[0.05310522, -0.08134405, 0.03538729], [-0.11888255, -0.01255847, -0.02053819], [0.11312053, -0.02045272, 0.03175225], [0.07711913, 0.00207901, -0.15204811], [-0.04510475, -0.020791, 0.00429057], [0.05946179, 0.01781423, 0.14867299], [0.00055508, 0.1164143, -0.04320145], [0.02467361, -0.03043794, -0.03403506], [-0.05840125, -0.11693553, -0.13285328], [0.09048717, 0.40362624, 0.3239283], [-0.1356145, -0.01742392, -0.06184413], [0.09277193, -0.04772722, 0.06668018], [-0.08636469, -0.0651202, -0.015138], [-0.08730826, 0.03794395, 0.08208877], [-0.05665548, -0.0267048, -0.10853436], [0.0773751, 0.09674886, -0.02038838], [0.06020579, 0.03681813, 0.10545039], [0.08868541, -0.02483883, -0.08477942], [-0.05806165, -0.02976776, -0.10482241], [-0.09156455, 0.03355458, 0.07570812], [-0.07899112, -0.08602206, 0.03108474], [0.05064737, 0.03519062, 0.11610882], [0.06621672, 0.0051476, -0.11003082], [-0.11458993, 0.0306333, -0.03651424], [-0.04328195, -0.07953252, -0.08937095], [0.11731131, -0.04427877, 0.03690142], [-0.07425749, -0.01498723, 0.10085422], [0.02875796, 0.01365735, 0.12961706], [0.09979543, -0.05780739, -0.04470905], [-0.10142621, 0.06480056, 0.04151192], [-0.01641741, -0.01463051, -0.12272105], [-0.01704932, 0.11006083, -0.05950135], [0.10441381, -0.0521031, -0.04669683], [0.01949082, 0.02590795, 0.12311432]], "atomic quadrupole moments": [[-0.01823659, -0.13962429, 0.10221751, 0.0642494, -0.10018824, -0.08398092], [0.01355791, 0.01208335, 0.18136505, 0.03331003, -0.14096768, -0.19492296], [-0.01086133, 0.00366545, 0.16888574, 0.03674792, -0.14874349, -0.15802441], [0.070429, -0.19875392, -0.02952228, -0.13858162, 0.01299831, -0.04090672], [-0.0429822, -0.01207182, 0.0096984, -0.02208685, 0.05862075, 0.0332838], [-0.16971251, 0.0944677, 0.16686218, 0.09729965, 0.10401402, 0.00285033], [-0.13824983, 0.0131003, 0.21292641, -0.00012534, -0.10969289, -0.07467657], [-0.23082967, -0.1236498, 0.16064086, -0.07339941, -0.28644737, 0.07018881], [-0.06881767, -0.02217926, 0.04978183, -0.00085112, -0.10002916, 0.01903583], [0.27495481, 0.14285378, -0.0644482, -0.22186491, 0.29477159, -0.21050661], [0.11413293, 0.24116771, 0.12895883, 0.08179516, -0.05166936, -0.24309175], [0.01126711, 0.13616763, 0.14669974, 0.0711209, -0.1155538, -0.15796686], [0.11324512, 0.17101739, 0.01106303, 0.04044101, 0.02175466, -0.12430815], [0.01158425, -0.02662491, -0.03583627, -0.05688051, 0.00995498, 0.02425202], [-0.02245391, 0.00638519, -0.02166449, 0.04891867, 0.03493773, 0.0441184], [0.01930635, 0.05421247, 0.02947441, -0.00670109, -0.01946948, -0.04878076], [-0.02627028, 0.0073099, -0.01259261, 0.02968084, 0.01285655, 0.03886289], [-0.00174579, -0.02040538, -0.00917457, -0.04021263, 0.01432157, 0.01092035], [-0.03310891, 0.01852893, -0.01162643, 0.0255313, 0.01958579, 0.04473534], [0.00241709, -0.0174179, -0.00960871, -0.04995408, 0.01503219, 0.00719161], [0.02068751, 0.03093521, 0.02263263, -0.01499869, 0.00227439, -0.04332014], [0.00929323, -0.00109235, -0.01375233, 0.03133836, 0.02918899, 0.0044591], [0.00930309, 0.01168262, -0.00952029, -0.04197797, 0.00488062, 0.0002172], [0.0429394, -0.01871779, -0.0070659, 0.00910016, 0.00849161, -0.0358735], [-0.03700997, 0.02609456, 0.00434614, 0.03660013, 0.0487709, 0.03266383], [0.06958564, -0.01636313, -0.03137325, 0.02303108, -0.01472459, -0.03821239], [0.00181822, -0.00972974, -0.03383644, -0.06351737, -0.00347513, 0.03201822], [-0.03407121, 0.0173361, -0.00728252, -0.00017692, 0.01562249, 0.04135373], [0.03146425, -0.02352724, -0.00657183, -0.04354297, 0.011199, -0.02489243], [0.02065506, -0.01511003, -0.00154746, -0.03550392, 0.01362239, -0.01910761], [-0.03605293, 0.01164325, -0.01221424, 0.00330754, 0.01681935, 0.04826717], [-0.02718044, -0.01426247, 0.04658969, 0.01962452, -0.0535382, -0.01940925], [0.0372211, -0.04088431, -0.00741591, -0.03424971, 0.03266177, -0.02980519], [-0.0312084, 0.01133881, -0.04501712, 0.00693429, 0.01576153, 0.07622552]], "number of molecular orbitals": 78, "number of electrons": 78, "number of unpaired electrons": 0, "orbital energies/eV": [-19.5420522, -18.86567005, -17.94387775, -17.36081722, -17.17596034, -17.02126465, -16.76510298, -16.26077146, -16.16454133, -16.02683571, -15.42159564, -15.34044787, -15.14246245, -14.97354648, -14.85651038, -14.51085329, -14.11344472, -13.96113842, -13.80446909, -13.7457112, -13.5892471, -13.48934054, -13.43640736, -13.26027727, -13.25319632, -12.80895291, -12.76650677, -12.59895002, -12.33281818, -12.27373771, -12.21997747, -12.21069125, -12.05761551, -11.79267511, -11.76592705, -11.5966508, -10.80435206, -10.61815688, -10.18012698, -6.01696267, -5.27570622, -3.7338709, -0.8665184, -0.28649108, 0.25203492, 1.01783971, 1.87171073, 2.15321036, 2.74533344, 2.91383117, 3.06216023, 3.30684684, 3.38760242, 3.61076551, 3.71208961, 3.95012613, 4.15131053, 4.32450087, 4.36089555, 4.5384429, 4.63376817, 4.87420123, 4.97598241, 5.38221958, 5.68779714, 5.8153014, 6.10858337, 6.18011313, 6.47795817, 6.70622099, 6.92603053, 7.09066109, 7.31518344, 7.98775811, 8.16087286, 9.40658891, 13.25730496, 16.15299777], "fractional occupation": [2.0, 2.0, 2.0, 2.0, 2.0, 2.0, 2.0, 2.0, 2.0, 2.0, 2.0, 2.0, 2.0, 2.0, 2.0, 2.0, 2.0, 2.0, 2.0, 2.0, 2.0, 2.0, 2.0, 2.0, 2.0, 2.0, 2.0, 2.0, 2.0, 2.0, 2.0, 2.0, 2.0, 2.0, 2.0, 2.0, 2.0, 2.0, 2.0, 0.0, 0.0, 0.0, 0.0, 0.0, 0.0, 0.0, 0.0, 0.0, 0.0, 0.0, 0.0, 0.0, 0.0, 0.0, 0.0, 0.0, 0.0, 0.0, 0.0, 0.0, 0.0, 0.0, 0.0, 0.0, 0.0, 0.0, 0.0, 0.0, 0.0, 0.0, 0.0, 0.0, 0.0, 0.0, 0.0, 0.0, 0.0, 0.0], "program call": "xtb /home/svss/Project-DBcg-Debug/aqme2_20220329/End-to-End-workflows-final/example-3/QDESCP/mol_575_rdkit_conf_24/mol_575_rdkit_conf_24.xyz --pop --wbo --acc 0.2 --gfn 2 --chrg 0 --uhf 0 --etemp 300 --input /home/svss/Project-DBcg-Debug/aqme2_20220329/End-to-End-workflows-final/example-3/QDESCP/mol_575_rdkit_conf_24/mol_575_rdkit_conf_24_xtb.inp", "method": "GFN2-xTB", "xtb version": "6.3.3 (7355c4f)", "Dipole module/D": 2.239, "Total charge": 0, "Transition dipole module/D": NaN, "HOMO": -10.1801, "LUMO": -6.017, "HOMO occupancy": 2.0, "LUMO occupancy": 0, "mulliken charges": [-0.08532, -0.03574, -0.05706, 0.09431, -0.29386, 0.09447, -0.09544, 0.49752, -0.55968, -0.12805, 0.03298, -0.04189, -0.08393, 0.02539, 0.02373, 0.03026, 0.03579, 0.02815, 0.02227, 0.02687, 0.02346, 0.05576, 0.03118, 0.03163, 0.03421, 0.03872, 0.03545, 0.04843, 0.02806, 0.03739, 0.0186, 0.02994, 0.02402, 0.03242], "cm5 charges": [-0.23571, -0.1466, -0.16237, 0.04601, -0.54729, 0.04329, -0.23998, 0.60579, -0.60991, -0.16172, -0.05768, -0.15133, -0.23422, 0.07668, 0.07505, 0.08106, 0.09223, 0.08668, 0.07983, 0.08218, 0.089, 0.12578, 0.09748, 0.09687, 0.08541, 0.09284, 0.08886, 0.10832, 0.08455, 0.09522, 0.07383, 0.08073, 0.07532, 0.08378], "FUKUI+": [0.009, 0.003, 0.01, 0.021, -0.064, 0.018, 0.014, -0.041, -0.144, -0.366, 0.02, 0.014, 0.016, -0.017, -0.011, -0.014, -0.003, 0.017, -0.017, -0.033, -0.041, -0.02, -0.01, -0.045, -0.035, -0.0, -0.026, -0.06, -0.066, -0.016, -0.03, -0.036, -0.025, -0.021], "FUKUI-": [0.011, 0.003, 0.002, 0.014, -0.082, 0.018, 0.009, 0.027, -0.062, -0.303, 0.034, 0.002, 0.011, -0.04, -0.031, -0.038, -0.034, -0.016, -0.032, -0.04, -0.057, -0.035, -0.023, -0.041, -0.039, -0.014, -0.025, -0.047, -0.044, -0.013, -0.024, -0.041, -0.026, -0.024], "FUKUIrad": [0.01, 0.003, 0.006, 0.018, -0.073, 0.018, 0.011, -0.007, -0.103, -0.334, 0.027, 0.008, 0.014, -0.028, -0.021, -0.026, -0.019, 0.001, -0.025, -0.036, -0.049, -0.028, -0.016, -0.043, -0.037, -0.007, -0.025, -0.053, -0.055, -0.015, -0.027, -0.039, -0.026, -0.022], "s proportion": [1.008, 1.026, 1.035, 1.008, 1.447, 1.005, 1.012, 0.997, 1.73, 1.924, 1.038, 1.031, 1.008, 0.975, 0.976, 0.97, 0.964, 0.972, 0.978, 0.973, 0.977, 0.944, 0.969, 0.968, 0.966, 0.961, 0.965, 0.952, 0.972, 0.963, 0.981, 0.97, 0.976, 0.968], "p proportion": [3.077, 3.009, 3.022, 2.897, 3.847, 2.9, 3.083, 2.506, 4.83, 4.203, 2.929, 3.011, 3.076, 0.0, 0.0, 0.0, 0.0, 0.0, 0.0, 0.0, 0.0, 0.0, 0.0, 0.0, 0.0, 0.0, 0.0, 0.0, 0.0, 0.0, 0.0, 0.0, 0.0, 0.0], "d proportion": [0.0, 0.0, 0.0, 0.0, 0.0, 0.0, 0.0, 0.0, 0.0, 0.001, 0.0, 0.0, 0.0, 0.0, 0.0, 0.0, 0.0, 0.0, 0.0, 0.0, 0.0, 0.0, 0.0, 0.0, 0.0, 0.0, 0.0, 0.0, 0.0, 0.0, 0.0, 0.0, 0.0, 0.0], "Fermi-level/eV": -8.0985, "Coordination numbers": [3.75, 3.799, 3.8, 3.743, 2.761, 3.736, 3.749, 2.748, 0.879, 2.033, 3.795, 3.83, 3.75, 0.924, 0.924, 0.924, 0.924, 0.924, 0.924, 0.924, 0.924, 0.924, 0.924, 0.924, 0.924, 0.924, 0.924, 0.924, 0.924, 0.924, 0.924, 0.924, 0.924, 0.924], "Dispersion coefficient C6": [22.494, 21.466, 21.681, 20.592, 23.489, 20.612, 22.666, 21.984, 22.546, 148.977, 20.49, 21.406, 22.513, 2.552, 2.57, 2.518, 2.41, 2.573, 2.539, 2.461, 2.448, 2.113, 2.212, 2.293, 2.363, 2.307, 2.418, 2.16, 2.337, 2.402, 2.497, 2.457, 2.538, 2.458], "Total dispersion C6": 10121.343807, "Total dispersion C8": 241480.202552, "Polarizability alpha": [6.764, 6.597, 6.629, 6.474, 7.198, 6.479, 6.79, 7.678, 6.367, 20.543, 6.446, 6.583, 6.767, 2.498, 2.507, 2.481, 2.428, 2.509, 2.492, 2.453, 2.447, 2.273, 2.326, 2.368, 2.404, 2.375, 2.432, 2.298, 2.391, 2.423, 2.471, 2.451, 2.491, 2.452], "Total polarizability alpha": 152.2848, "Wiberg matrix": [[0.0, 1.0198496992819623, 0.0, 0.0, 0.0, 0.0, 0.0, 0.0, 0.0, 0.0, 0.0, 0.0, 0.0, 0.9876014752639488, 0.9877292388839083, 0.987181424108512, 0.0, 0.0, 0.0, 0.0, 0.0, 0.0, 0.0, 0.0, 0.0, 0.0, 0.0, 0.0, 0.0, 0.0, 0.0, 0.0, 0.0, 0.0], [1.0198496992819623, 0.0, 1.0085508241424683, 0.0, 0.0, 0.0, 0.0, 0.0, 0.0, 0.0, 0.0, 0.0, 0.0, 0.0, 0.0, 0.0, 0.9769057246856697, 0.9775416568381465, 0.0, 0.0, 0.0, 0.0, 0.0, 0.0, 0.0, 0.0, 0.0, 0.0, 0.0, 0.0, 0.0, 0.0, 0.0, 0.0], [0.0, 1.0085508241424683, 0.0, 0.9961976492261865, 0.0, 0.0, 0.0, 0.0, 0.0, 0.0, 0.0, 0.0, 0.0, 0.0, 0.0, 0.0, 0.0, 0.0, 0.9743487016696291, 0.9734245921407838, 0.0, 0.0, 0.0, 0.0, 0.0, 0.0, 0.0, 0.0, 0.0, 0.0, 0.0, 0.0, 0.0, 0.0], [0.0, 0.0, 0.9961976492261865, 0.0, 0.9813580217337305, 0.0, 0.0, 0.0, 0.0, 0.0, 0.0, 0.0, 0.0, 0.0, 0.0, 0.0, 0.0, 0.0, 0.0, 0.0, 0.9689683319505824, 0.9673393904330112, 0.0, 0.0, 0.0, 0.0, 0.0, 0.0, 0.0, 0.0, 0.0, 0.0, 0.0, 0.0], [0.0, 0.0, 0.0, 0.9813580217337305, 0.0, 0.9853435916887041, 0.0, 1.214948761390302, 0.17331238924485642, 0.0, 0.0, 0.0, 0.0, 0.0, 0.0, 0.0, 0.0, 0.0, 0.0, 0.0, 0.0, 0.0, 0.0, 0.0, 0.0, 0.0, 0.0, 0.0, 0.0, 0.0, 0.0, 0.0, 0.0, 0.0], [0.0, 0.0, 0.0, 0.0, 0.9853435916887041, 0.0, 1.0110438854230273, 0.0, 0.0, 0.0, 0.0, 0.0, 0.0, 0.0, 0.0, 0.0, 0.0, 0.0, 0.0, 0.0, 0.0, 0.0, 0.9648598988760625, 0.9684131858367397, 0.0, 0.0, 0.0, 0.0, 0.0, 0.0, 0.0, 0.0, 0.0, 0.0], [0.0, 0.0, 0.0, 0.0, 0.0, 1.0110438854230273, 0.0, 0.0, 0.0, 0.0, 0.0, 0.0, 0.0, 0.0, 0.0, 0.0, 0.0, 0.0, 0.0, 0.0, 0.0, 0.0, 0.0, 0.0, 0.9833961025353233, 0.9851730385912191, 0.9852911490463905, 0.0, 0.0, 0.0, 0.0, 0.0, 0.0, 0.0], [0.0, 0.0, 0.0, 0.0, 1.214948761390302, 0.0, 0.0, 0.0, 1.6603769036587728, 1.0143510123702544, 0.0, 0.0, 0.0, 0.0, 0.0, 0.0, 0.0, 0.0, 0.0, 0.0, 0.0, 0.0, 0.0, 0.0, 0.0, 0.0, 0.0, 0.0, 0.0, 0.0, 0.0, 0.0, 0.0, 0.0], [0.0, 0.0, 0.0, 0.0, 0.17331238924485642, 0.0, 0.0, 1.6603769036587728, 0.0, 0.15519759939668196, 0.0, 0.0, 0.0, 0.0, 0.0, 0.0, 0.0, 0.0, 0.0, 0.0, 0.0, 0.0, 0.0, 0.0, 0.0, 0.0, 0.0, 0.0, 0.0, 0.0, 0.0, 0.0, 0.0, 0.0], [0.0, 0.0, 0.0, 0.0, 0.0, 0.0, 0.0, 1.0143510123702544, 0.15519759939668196, 0.0, 0.9838989309833136, 0.0, 0.0, 0.0, 0.0, 0.0, 0.0, 0.0, 0.0, 0.0, 0.0, 0.0, 0.0, 0.0, 0.0, 0.0, 0.0, 0.0, 0.0, 0.0, 0.0, 0.0, 0.0, 0.0], [0.0, 0.0, 0.0, 0.0, 0.0, 0.0, 0.0, 0.0, 0.0, 0.9838989309833136, 0.0, 1.010756099601052, 0.0, 0.0, 0.0, 0.0, 0.0, 0.0, 0.0, 0.0, 0.0, 0.0, 0.0, 0.0, 0.0, 0.0, 0.0, 0.9685635629019365, 0.970757629236447, 0.0, 0.0, 0.0, 0.0, 0.0], [0.0, 0.0, 0.0, 0.0, 0.0, 0.0, 0.0, 0.0, 0.0, 0.0, 1.010756099601052, 0.0, 1.014514804532423, 0.0, 0.0, 0.0, 0.0, 0.0, 0.0, 0.0, 0.0, 0.0, 0.0, 0.0, 0.0, 0.0, 0.0, 0.0, 0.0, 0.9764119408526115, 0.9780242626447035, 0.0, 0.0, 0.0], [0.0, 0.0, 0.0, 0.0, 0.0, 0.0, 0.0, 0.0, 0.0, 0.0, 0.0, 1.014514804532423, 0.0, 0.0, 0.0, 0.0, 0.0, 0.0, 0.0, 0.0, 0.0, 0.0, 0.0, 0.0, 0.0, 0.0, 0.0, 0.0, 0.0, 0.0, 0.0, 0.9853500514648165, 0.9875614926923729, 0.9871728158429999], [0.9876014752639488, 0.0, 0.0, 0.0, 0.0, 0.0, 0.0, 0.0, 0.0, 0.0, 0.0, 0.0, 0.0, 0.0, 0.0, 0.0, 0.0, 0.0, 0.0, 0.0, 0.0, 0.0, 0.0, 0.0, 0.0, 0.0, 0.0, 0.0, 0.0, 0.0, 0.0, 0.0, 0.0, 0.0], [0.9877292388839083, 0.0, 0.0, 0.0, 0.0, 0.0, 0.0, 0.0, 0.0, 0.0, 0.0, 0.0, 0.0, 0.0, 0.0, 0.0, 0.0, 0.0, 0.0, 0.0, 0.0, 0.0, 0.0, 0.0, 0.0, 0.0, 0.0, 0.0, 0.0, 0.0, 0.0, 0.0, 0.0, 0.0], [0.987181424108512, 0.0, 0.0, 0.0, 0.0, 0.0, 0.0, 0.0, 0.0, 0.0, 0.0, 0.0, 0.0, 0.0, 0.0, 0.0, 0.0, 0.0, 0.0, 0.0, 0.0, 0.0, 0.0, 0.0, 0.0, 0.0, 0.0, 0.0, 0.0, 0.0, 0.0, 0.0, 0.0, 0.0], [0.0, 0.9769057246856697, 0.0, 0.0, 0.0, 0.0, 0.0, 0.0, 0.0, 0.0, 0.0, 0.0, 0.0, 0.0, 0.0, 0.0, 0.0, 0.0, 0.0, 0.0, 0.0, 0.0, 0.0, 0.0, 0.0, 0.0, 0.0, 0.0, 0.0, 0.0, 0.0, 0.0, 0.0, 0.0], [0.0, 0.9775416568381465, 0.0, 0.0, 0.0, 0.0, 0.0, 0.0, 0.0, 0.0, 0.0, 0.0, 0.0, 0.0, 0.0, 0.0, 0.0, 0.0, 0.0, 0.0, 0.0, 0.0, 0.0, 0.0, 0.0, 0.0, 0.0, 0.0, 0.0, 0.0, 0.0, 0.0, 0.0, 0.0], [0.0, 0.0, 0.9743487016696291, 0.0, 0.0, 0.0, 0.0, 0.0, 0.0, 0.0, 0.0, 0.0, 0.0, 0.0, 0.0, 0.0, 0.0, 0.0, 0.0, 0.0, 0.0, 0.0, 0.0, 0.0, 0.0, 0.0, 0.0, 0.0, 0.0, 0.0, 0.0, 0.0, 0.0, 0.0], [0.0, 0.0, 0.9734245921407838, 0.0, 0.0, 0.0, 0.0, 0.0, 0.0, 0.0, 0.0, 0.0, 0.0, 0.0, 0.0, 0.0, 0.0, 0.0, 0.0, 0.0, 0.0, 0.0, 0.0, 0.0, 0.0, 0.0, 0.0, 0.0, 0.0, 0.0, 0.0, 0.0, 0.0, 0.0], [0.0, 0.0, 0.0, 0.9689683319505824, 0.0, 0.0, 0.0, 0.0, 0.0, 0.0, 0.0, 0.0, 0.0, 0.0, 0.0, 0.0, 0.0, 0.0, 0.0, 0.0, 0.0, 0.0, 0.0, 0.0, 0.0, 0.0, 0.0, 0.0, 0.0, 0.0, 0.0, 0.0, 0.0, 0.0], [0.0, 0.0, 0.0, 0.9673393904330112, 0.0, 0.0, 0.0, 0.0, 0.0, 0.0, 0.0, 0.0, 0.0, 0.0, 0.0, 0.0, 0.0, 0.0, 0.0, 0.0, 0.0, 0.0, 0.0, 0.0, 0.0, 0.0, 0.0, 0.0, 0.0, 0.0, 0.0, 0.0, 0.0, 0.0], [0.0, 0.0, 0.0, 0.0, 0.0, 0.9648598988760625, 0.0, 0.0, 0.0, 0.0, 0.0, 0.0, 0.0, 0.0, 0.0, 0.0, 0.0, 0.0, 0.0, 0.0, 0.0, 0.0, 0.0, 0.0, 0.0, 0.0, 0.0, 0.0, 0.0, 0.0, 0.0, 0.0, 0.0, 0.0], [0.0, 0.0, 0.0, 0.0, 0.0, 0.9684131858367397, 0.0, 0.0, 0.0, 0.0, 0.0, 0.0, 0.0, 0.0, 0.0, 0.0, 0.0, 0.0, 0.0, 0.0, 0.0, 0.0, 0.0, 0.0, 0.0, 0.0, 0.0, 0.0, 0.0, 0.0, 0.0, 0.0, 0.0, 0.0], [0.0, 0.0, 0.0, 0.0, 0.0, 0.0, 0.9833961025353233, 0.0, 0.0, 0.0, 0.0, 0.0, 0.0, 0.0, 0.0, 0.0, 0.0, 0.0, 0.0, 0.0, 0.0, 0.0, 0.0, 0.0, 0.0, 0.0, 0.0, 0.0, 0.0, 0.0, 0.0, 0.0, 0.0, 0.0], [0.0, 0.0, 0.0, 0.0, 0.0, 0.0, 0.9851730385912191, 0.0, 0.0, 0.0, 0.0, 0.0, 0.0, 0.0, 0.0, 0.0, 0.0, 0.0, 0.0, 0.0, 0.0, 0.0, 0.0, 0.0, 0.0, 0.0, 0.0, 0.0, 0.0, 0.0, 0.0, 0.0, 0.0, 0.0], [0.0, 0.0, 0.0, 0.0, 0.0, 0.0, 0.9852911490463905, 0.0, 0.0, 0.0, 0.0, 0.0, 0.0, 0.0, 0.0, 0.0, 0.0, 0.0, 0.0, 0.0, 0.0, 0.0, 0.0, 0.0, 0.0, 0.0, 0.0, 0.0, 0.0, 0.0, 0.0, 0.0, 0.0, 0.0], [0.0, 0.0, 0.0, 0.0, 0.0, 0.0, 0.0, 0.0, 0.0, 0.0, 0.9685635629019365, 0.0, 0.0, 0.0, 0.0, 0.0, 0.0, 0.0, 0.0, 0.0, 0.0, 0.0, 0.0, 0.0, 0.0, 0.0, 0.0, 0.0, 0.0, 0.0, 0.0, 0.0, 0.0, 0.0], [0.0, 0.0, 0.0, 0.0, 0.0, 0.0, 0.0, 0.0, 0.0, 0.0, 0.970757629236447, 0.0, 0.0, 0.0, 0.0, 0.0, 0.0, 0.0, 0.0, 0.0, 0.0, 0.0, 0.0, 0.0, 0.0, 0.0, 0.0, 0.0, 0.0, 0.0, 0.0, 0.0, 0.0, 0.0], [0.0, 0.0, 0.0, 0.0, 0.0, 0.0, 0.0, 0.0, 0.0, 0.0, 0.0, 0.9764119408526115, 0.0, 0.0, 0.0, 0.0, 0.0, 0.0, 0.0, 0.0, 0.0, 0.0, 0.0, 0.0, 0.0, 0.0, 0.0, 0.0, 0.0, 0.0, 0.0, 0.0, 0.0, 0.0], [0.0, 0.0, 0.0, 0.0, 0.0, 0.0, 0.0, 0.0, 0.0, 0.0, 0.0, 0.9780242626447035, 0.0, 0.0, 0.0, 0.0, 0.0, 0.0, 0.0, 0.0, 0.0, 0.0, 0.0, 0.0, 0.0, 0.0, 0.0, 0.0, 0.0, 0.0, 0.0, 0.0, 0.0, 0.0], [0.0, 0.0, 0.0, 0.0, 0.0, 0.0, 0.0, 0.0, 0.0, 0.0, 0.0, 0.0, 0.9853500514648165, 0.0, 0.0, 0.0, 0.0, 0.0, 0.0, 0.0, 0.0, 0.0, 0.0, 0.0, 0.0, 0.0, 0.0, 0.0, 0.0, 0.0, 0.0, 0.0, 0.0, 0.0], [0.0, 0.0, 0.0, 0.0, 0.0, 0.0, 0.0, 0.0, 0.0, 0.0, 0.0, 0.0, 0.9875614926923729, 0.0, 0.0, 0.0, 0.0, 0.0, 0.0, 0.0, 0.0, 0.0, 0.0, 0.0, 0.0, 0.0, 0.0, 0.0, 0.0, 0.0, 0.0, 0.0, 0.0, 0.0], [0.0, 0.0, 0.0, 0.0, 0.0, 0.0, 0.0, 0.0, 0.0, 0.0, 0.0, 0.0, 0.9871728158429999, 0.0, 0.0, 0.0, 0.0, 0.0, 0.0, 0.0, 0.0, 0.0, 0.0, 0.0, 0.0, 0.0, 0.0, 0.0, 0.0, 0.0, 0.0, 0.0, 0.0, 0.0]], "Born radii": [], "Atomic SASAs": [], "Solvent H bonds": [], "Total SASA": NaN, "Total FOD": 0.0, "FOD": [0.0, 0.0, 0.0, 0.0, 0.0, 0.0, 0.0, 0.0, 0.0, 0.0, 0.0, 0.0, 0.0, 0.0, 0.0, 0.0, 0.0, 0.0, 0.0, 0.0, 0.0, 0.0, 0.0, 0.0, 0.0, 0.0, 0.0, 0.0, 0.0, 0.0, 0.0, 0.0, 0.0, 0.0], "FOD s proportion": [0.0, 0.0, 0.0, 0.0, 0.0, 0.0, 0.0, 0.0, 0.0, 0.0, 0.0, 0.0, 0.0, 0.0, 0.0, 0.0, 0.0, 0.0, 0.0, 0.0, 0.0, 0.0, 0.0, 0.0, 0.0, 0.0, 0.0, 0.0, 0.0, 0.0, 0.0, 0.0, 0.0, 0.0], "FOD p proportion": [0.0, 0.0, 0.0, 0.0, 0.0, 0.0, 0.0, 0.0, 0.0, 0.0, 0.0, 0.0, 0.0, 0.0, 0.0, 0.0, 0.0, 0.0, 0.0, 0.0, 0.0, 0.0, 0.0, 0.0, 0.0, 0.0, 0.0, 0.0, 0.0, 0.0, 0.0, 0.0, 0.0, 0.0], "FOD d proportion": [0.0, 0.0, 0.0, 0.0, 0.0, 0.0, 0.0, 0.0, 0.0, 0.0, 0.0, 0.0, 0.0, 0.0, 0.0, 0.0, 0.0, 0.0, 0.0, 0.0, 0.0, 0.0, 0.0, 0.0, 0.0, 0.0, 0.0, 0.0, 0.0, 0.0, 0.0, 0.0, 0.0, 0.0], "coordinates": [["-2.42310", "2.94890", "-0.08100"], ["-1.63450", "1.76020", "0.44660"], ["-2.54370", "0.55720", "0.70440"], ["-1.80680", "-0.63680", "1.32200"], ["-0.80860", "-1.22510", "0.42730"], ["-1.30380", "-2.16410", "-0.58670"], ["-1.32710", "-3.59700", "-0.07520"], ["0.52950", "-0.89480", "0.64370"], ["0.89780", "-0.12490", "1.52440"], ["1.71180", "-1.64580", "-0.42190"], ["3.13400", "-0.54600", "-0.15780"], ["2.94540", "0.79410", "-0.86600"], ["4.15780", "1.69240", "-0.66800"], ["-3.18580", "3.26440", "0.63810"], ["-2.92070", "2.70180", "-1.02420"], ["-1.75490", "3.79680", "-0.26110"], ["-1.12680", "2.04990", "1.37370"], ["-0.86070", "1.50080", "-0.28420"], ["-3.02660", "0.25890", "-0.23340"], ["-3.34530", "0.85570", "1.39130"], ["-2.52990", "-1.41870", "1.58150"], ["-1.33830", "-0.32680", "2.26300"], ["-0.69540", "-2.10170", "-1.49320"], ["-2.31570", "-1.86300", "-0.87910"], ["-1.70050", "-4.27040", "-0.85290"], ["-0.32950", "-3.93600", "0.21950"], ["-1.98000", "-3.69220", "0.79850"], ["3.31780", "-0.41080", "0.91320"], ["4.01400", "-1.05370", "-0.56810"], ["2.05970", "1.31590", "-0.48600"], ["2.79580", "0.63740", "-1.94120"], ["4.01040", "2.64670", "-1.18320"], ["5.06240", "1.22530", "-1.07040"], ["4.32130", "1.90130", "0.39410"]], "bond_dist": [[0.0, 1.5209403045484724, 2.520243323570167, 3.8994203646183108, 4.50413755784612, 5.258453573057387, 6.637021655079934, 4.900721022461899, 4.801451073373548, 6.190709079741996, 6.565179712696371, 5.837823249294209, 6.7254446737743665, 1.0946946377871778, 1.0946645193848208, 1.0944686656090252, 2.145867372416105, 2.1399480390887997, 2.761075516895545, 2.7202217501519983, 4.6745312331826385, 4.171491043979358, 5.521577355249132, 4.87881952730371, 7.296319130904296, 7.202451611777756, 6.713722296163284, 6.7256189707713885, 7.595678348903408, 4.788132186980639, 6.003356852628369, 6.534224661733019, 7.744831797398831, 6.841791953136254], [1.5209403045484724, 0.0, 1.5298086416280956, 2.5576593694235363, 3.097498892655169, 4.071511005756953, 5.391322828397498, 3.4308554924391674, 3.335835448579561, 4.85312805724308, 5.331270960099477, 4.86125004294163, 5.8989549320197385, 2.169290570670513, 2.16891070355605, 2.1594154324724086, 1.0959926049020585, 1.095501455955217, 2.1573697179667652, 2.1534658065546335, 3.492154690159072, 2.782555012933257, 4.422556326379575, 3.9177917466348307, 6.169375382484033, 5.848187227680045, 5.474657032180189, 5.427359565202954, 6.391650925230508, 3.8359169555661654, 5.1565324366283205, 5.941971583573923, 6.8873708060478345, 5.957702501803863], [2.520243323570167, 1.5298086416280956, 0.0, 1.5329994683625954, 2.5027883869796104, 3.2572634081388014, 4.398325745098924, 3.399492128245041, 3.6029963447108853, 4.922503523614787, 5.847795855704951, 5.714236307679268, 6.934137513058131, 2.783095388232319, 2.7801971368951524, 3.4712251223451354, 2.164190700931875, 2.1679944464873517, 1.096195301942131, 1.0970398443083096, 2.161868557521479, 2.159555306075767, 3.9134904957084027, 2.9011763631327208, 5.142167956222356, 5.032559576398476, 4.287658202329099, 5.944560849213337, 6.871512522727438, 4.814973458909197, 5.959521092336195, 7.1333912566184114, 7.838943159635742, 7.002222211555415], [3.8994203646183108, 2.5576593694235363, 1.5329994683625954, 0.0, 1.4638948801058087, 2.4957543909607773, 3.3083325059612734, 2.446416272836657, 2.7600486463104232, 4.054604070683104, 5.1584452425125145, 5.423856898001643, 6.70535053520694, 4.193890991668716, 4.229855506988389, 4.708047172660869, 2.771900030664887, 2.836250590127748, 2.1701289569977176, 2.144607420951443, 1.0961667163347006, 1.095934874889927, 3.3625129010904926, 2.5704837793691677, 4.236099462949377, 3.779238306854967, 3.1047575831294787, 5.145844789730837, 6.134166305212144, 4.69379628232841, 5.784115026518751, 7.134228418686916, 7.508455421056984, 6.69750398506787], [4.50413755784612, 3.097498892655169, 2.5027883869796104, 1.4638948801058087, 0.0, 1.4680395226287335, 2.4793664735169747, 1.3951482573547513, 2.307784524170313, 2.692683659474317, 4.043218220675208, 4.454470735115452, 5.863157621964465, 5.084400331405859, 4.689175009529928, 5.156438486009506, 3.423820848116911, 2.8177078397165314, 2.749237074171669, 3.4196303206633316, 2.0814735861884004, 2.1112364789383493, 2.114133877028605, 2.094026690374313, 3.421731979568242, 2.760742012575604, 2.756183921656899, 4.23395326615682, 4.9272375505956685, 3.9392820132607924, 4.697914203133131, 6.3880596811551476, 6.535763647042327, 6.007607944098883], [5.258453573057387, 4.071511005756953, 3.2572634081388014, 2.4957543909607773, 1.4680395226287335, 0.0, 1.5216364710403074, 2.546761775274633, 3.6690765064250157, 3.0642515056698594, 4.743023472427688, 5.185041597711632, 6.686424792069375, 5.874578392531672, 5.14613978337161, 5.986805106231538, 4.651052908750878, 3.703962185282134, 2.9939588724630135, 4.147215727448959, 2.600006463453504, 3.3908187256177524, 1.093520265015697, 1.095491022327431, 2.1597993008610783, 2.176889648098865, 2.1705103293926062, 5.165553935445839, 5.432525283880417, 4.8408338889079845, 5.146823550501804, 7.193075178948153, 7.228450766934779, 7.009364864950319], [6.637021655079934, 5.391322828397498, 4.398325745098924, 3.3083325059612734, 2.4793664735169747, 1.5216364710403074, 0.0, 3.3564364451006665, 4.423163865379622, 3.6279878086895496, 5.40526012047524, 6.177489789550445, 7.642858902923695, 7.144394483789371, 6.56620464195261, 7.408498504420447, 5.833259029907724, 5.123355814307649, 4.216786964028418, 5.103948547938155, 2.98937679458445, 4.020138395627693, 2.155386503622958, 2.151822755247281, 1.0944004797148075, 1.094063457940169, 1.0948484552667552, 5.7187324653283085, 5.9362171885806205, 5.981283916518259, 6.197612747663409, 8.288568027108182, 8.066641840319923, 7.896579508875979], [4.900721022461899, 3.4308554924391674, 3.399492128245041, 2.446416272836657, 1.3951482573547513, 2.546761775274633, 3.3564364451006665, 0.0, 1.226386313524413, 1.7599254671718345, 2.7472684506614926, 3.311819758078631, 4.645290262190297, 5.576955270575514, 5.255597207739573, 5.296060513249447, 3.456513818864319, 2.92105354452807, 3.840074909425596, 4.317085944245261, 3.2425095851824404, 2.536421362865405, 2.742868795622569, 3.369197845185112, 4.3136280460883505, 3.188530081401146, 3.7612497989365186, 2.8427984698180766, 3.692620844332654, 2.9163210762877263, 3.763703035575469, 5.291167231339414, 5.289626190006247, 4.7178620804343145], [4.801451073373548, 3.335835448579561, 3.6029963447108853, 2.7600486463104232, 2.307784524170313, 3.6690765064250157, 4.423163865379622, 1.226386313524413, 0.0, 2.600733838746287, 2.829790184801693, 3.2789081902365, 4.3286022051003945, 5.380396931454035, 5.391339082268894, 5.060094705635459, 2.9751421293780234, 3.0010426021634546, 4.317184110042101, 4.356970229414013, 3.664192426715606, 2.3635644226464403, 3.9435940764738957, 4.373143733059777, 5.439475014190249, 4.2111177269223905, 4.640505677186486, 2.5123105401203887, 3.8667723142176347, 2.7326954477219005, 4.024163099328853, 4.970024454668206, 5.089196423798162, 4.135627737115612], [6.190709079741996, 4.85312805724308, 4.922503523614787, 4.054604070683104, 2.692683659474317, 3.0642515056698594, 3.6279878086895496, 1.7599254671718345, 2.600733838746287, 0.0, 1.817130069642787, 2.7698566352791616, 4.145727975880713, 7.015707362768205, 6.381570911617295, 6.454902035662509, 4.993999180015952, 4.066670517757739, 5.110366806795771, 5.926167133991413, 4.696509859459469, 4.272184338251336, 2.6739746333875347, 4.059182667730044, 4.326439350089171, 3.1342169181471786, 4.393918110297459, 2.426304393517021, 2.3816132536581165, 2.9827521033434876, 2.9489541756358304, 4.928356308141691, 4.459852892192746, 4.478533762293191], [6.565179712696371, 5.331270960099477, 5.847795855704951, 5.1584452425125145, 4.043218220675208, 4.743023472427688, 5.40526012047524, 2.7472684506614926, 2.829790184801693, 1.817130069642787, 0.0, 1.5274112772923998, 2.513743232710931, 7.422430667241022, 6.925189231349567, 6.5400249189127715, 5.219061764340407, 4.490322403792405, 6.213418682979604, 6.807775127749154, 5.988867421307638, 5.090165868613713, 4.34370809447412, 5.652786284656444, 6.142207227047945, 4.8610994167986314, 6.079973694844411, 1.095035378423912, 1.095675764083518, 2.174513127116045, 2.1668710990735005, 3.465956637062847, 2.7729170579013, 2.7755273715097823], [5.837823249294209, 4.86125004294163, 5.714236307679268, 5.423856898001643, 4.454470735115452, 5.185041597711632, 6.177489789550445, 3.311819758078631, 3.2789081902365, 2.7698566352791616, 1.5274112772923998, 0.0, 1.52186091677262, 6.77910852103726, 6.1705328570553775, 5.610252346374447, 4.81415647543783, 3.914628122823418, 6.029212701505894, 6.683719349284498, 6.392624670665407, 5.421913269317391, 4.694087996618726, 5.894024535917712, 6.872679147901494, 5.854667050311231, 6.867096409691654, 2.1808297526400358, 2.155229734854269, 1.0959652047396395, 1.0968090490144582, 2.1603165508785973, 2.1701156190396866, 2.1695263676664545], [6.7254446737743665, 5.8989549320197385, 6.934137513058131, 6.70535053520694, 5.863157621964465, 6.686424792069375, 7.642858902923695, 4.645290262190297, 4.3286022051003945, 4.145727975880713, 2.513743232710931, 1.52186091677262, 0.0, 7.622699139412496, 7.15897541901074, 6.289204103859247, 5.676560780965883, 5.036800100262069, 7.338896563516888, 7.825426058049492, 7.711324448497806, 6.547903851615416, 6.215279566519917, 7.388615203135157, 8.361151280774676, 7.2527514847814825, 8.295608974029573, 2.762108556881861, 2.7516765180522222, 2.1393690331497277, 2.142220166089378, 1.0944616439144865, 1.094718836048782, 1.0947273039437722], [1.0946946377871778, 2.169290570670513, 2.783095388232319, 4.193890991668716, 5.084400331405859, 5.874578392531672, 7.144394483789371, 5.576955270575514, 5.380396931454035, 7.015707362768205, 7.422430667241022, 6.77910852103726, 7.622699139412496, 0.0, 1.7748346570878089, 1.7718592523109729, 2.5011194713567764, 3.06055750803673, 3.1333507847031745, 2.5287519016305255, 4.821994813352665, 4.353191208757089, 6.288049066284391, 5.417490250106593, 7.823196797345699, 7.757540577399515, 7.062150193814912, 7.475265079580791, 8.48162874040122, 5.707497114322529, 7.023777904375963, 7.448757038593754, 8.66658550410714, 7.633749276731585], [1.0946645193848208, 2.16891070355605, 2.7801971368951524, 4.229855506988389, 4.689175009529928, 5.14613978337161, 6.56620464195261, 5.255597207739573, 5.391339082268894, 6.381570911617295, 6.925189231349567, 6.1705328570553775, 7.15897541901074, 1.7748346570878089, 0.0, 1.7721276054505783, 3.0647961155678853, 2.496718045755267, 2.569891021035717, 3.069692267964331, 4.890901489500682, 4.7415283991556985, 5.314652701729436, 4.607003152809861, 7.080240431652022, 7.233359936433414, 6.714937660172282, 7.236067977154443, 7.899485524387016, 5.1975727229159565, 6.14662579062692, 6.933142449135168, 8.11862502521209, 7.422865965380218], [1.0944686656090252, 2.1594154324724086, 3.4712251223451354, 4.708047172660869, 5.156438486009506, 5.986805106231538, 7.408498504420447, 5.296060513249447, 5.060094705635459, 6.454902035662509, 6.5400249189127715, 5.610252346374447, 6.289204103859247, 1.7718592523109729, 1.7721276054505783, 0.0, 2.4736087524101302, 2.4640907552279807, 3.759617612204731, 3.7295934269032593, 5.585448953307156, 4.852701652687912, 6.118244266944562, 5.72099263065423, 8.089060664873271, 7.877749511123085, 7.566937502715349, 6.694412859990039, 7.543328606126079, 4.555943149338016, 5.789077202801842, 5.950771589466361, 7.330972515976309, 6.398625925149868], [2.145867372416105, 1.0959926049020585, 2.164190700931875, 2.771900030664887, 3.423820848116911, 4.651052908750878, 5.833259029907724, 3.456513818864319, 2.9751421293780234, 4.993999180015952, 5.219061764340407, 4.81415647543783, 5.676560780965883, 2.5011194713567764, 3.0647961155678853, 2.4736087524101302, 0.0, 1.7666217563474078, 3.0658916239815133, 2.5195566375852714, 3.747406624587196, 2.5464268357838207, 5.0636947113742945, 4.668980344786214, 6.725553608439977, 6.148078052529912, 5.833568178225057, 5.101134569877568, 6.311160340222708, 3.7617844621934413, 5.326397377214734, 5.769292130755731, 6.705205933452007, 5.53746257143107], [2.1399480390887997, 1.095501455955217, 2.1679944464873517, 2.836250590127748, 2.8177078397165314, 3.703962185282134, 5.123355814307649, 2.92105354452807, 3.0010426021634546, 4.066670517757739, 4.490322403792405, 3.914628122823418, 5.036800100262069, 3.06055750803673, 2.496718045755267, 2.4640907552279807, 1.7666217563474078, 0.0, 2.4972022465150876, 3.0654023259598406, 3.8458478103013904, 3.1711908425700273, 3.8035524631586193, 3.7129612777404506, 5.859644457644167, 5.485861953239436, 5.421468507701579, 4.74845696726842, 5.510786654371588, 2.9331974720430942, 4.1062270772571745, 5.084181647030326, 5.981398189386826, 5.241527939446665], [2.761075516895545, 2.1573697179667652, 1.096195301942131, 2.1701289569977176, 2.749237074171669, 2.9939588724630135, 4.216786964028418, 3.840074909425596, 4.317184110042101, 5.110366806795771, 6.213418682979604, 6.029212701505894, 7.338896563516888, 3.1333507847031745, 2.569891021035717, 3.759617612204731, 3.0658916239815133, 2.4972022465150876, 0.0, 1.759940345579929, 2.520895606723928, 3.0700837675868065, 3.5488056920603586, 2.329112901943571, 4.759924363894872, 5.007659416334142, 4.2156115072430485, 6.481867092898466, 7.169727415320613, 5.201105983346234, 6.079488864205609, 7.491533746837159, 8.18940895058978, 7.555320537210847], [2.7202217501519983, 2.1534658065546335, 1.0970398443083096, 2.144607420951443, 3.4196303206633316, 4.147215727448959, 5.103948547938155, 4.317085944245261, 4.356970229414013, 5.926167133991413, 6.807775127749154, 6.683719349284498, 7.825426058049492, 2.5287519016305255, 3.069692267964331, 3.7295934269032593, 2.5195566375852714, 3.0654023259598406, 1.759940345579929, 0.0, 2.423623023491896, 2.487210513808592, 4.908006216377482, 3.6886477210490027, 5.832555348215737, 5.781743142859253, 4.785274322335137, 6.79922815251849, 7.85139180082105, 5.740214658878185, 6.9904449321913695, 7.996377538610843, 8.768465677642812, 7.801566686249628], [4.6745312331826385, 3.492154690159072, 2.161868557521479, 1.0961667163347006, 2.0814735861884004, 2.600006463453504, 2.98937679458445, 3.2425095851824404, 3.664192426715606, 4.696509859459469, 5.988867421307638, 6.392624670665407, 7.711324448497806, 4.821994813352665, 4.890901489500682, 5.585448953307156, 3.747406624587196, 3.8458478103013904, 2.520895606723928, 2.423623023491896, 0.0, 1.754023494711516, 3.6449498405327887, 2.5095490610864735, 3.8401042446787823, 3.61020822806663, 2.466633588516949, 5.971438904485249, 6.897581631992478, 5.728614280085543, 6.708207136784015, 8.182088201675658, 8.465596783452423, 7.705274829621589], [4.171491043979358, 2.782555012933257, 2.159555306075767, 1.095934874889927, 2.1112364789383493, 3.3908187256177524, 4.020138395627693, 2.536421362865405, 2.3635644226464403, 4.272184338251336, 5.090165868613713, 5.421913269317391, 6.547903851615416, 4.353191208757089, 4.7415283991556985, 4.852701652687912, 2.5464268357838207, 3.1711908425700273, 3.0700837675868065, 2.487210513808592, 1.754023494711516, 0.0, 4.2038825935080535, 3.6315304776361166, 5.0390477880250355, 4.268476816148824, 3.7259168401884657, 4.848534134148176, 6.098411769469163, 4.669247079562185, 5.97459304806612, 7.023289000176485, 7.38170240933621, 6.3630408595262065], [5.521577355249132, 4.422556326379575, 3.9134904957084027, 3.3625129010904926, 2.114133877028605, 1.093520265015697, 2.155386503622958, 2.742868795622569, 3.9435940764738957, 2.6739746333875347, 4.34370809447412, 4.694087996618726, 6.215279566519917, 6.288049066284391, 5.314652701729436, 6.118244266944562, 5.0636947113742945, 3.8035524631586193, 3.5488056920603586, 4.908006216377482, 3.6449498405327887, 4.2038825935080535, 0.0, 1.749133668419884, 2.4745645657367685, 2.536115255661698, 3.071119714371291, 4.975507814283885, 4.912490444774423, 4.503889164932902, 4.460028054844498, 6.692380458401928, 6.663328723693587, 6.689782446387924], [4.87881952730371, 3.9177917466348307, 2.9011763631327208, 2.5704837793691677, 2.094026690374313, 1.095491022327431, 2.151822755247281, 3.369197845185112, 4.373143733059777, 4.059182667730044, 5.652786284656444, 5.894024535917712, 7.388615203135157, 5.417490250106593, 4.607003152809861, 5.72099263065423, 4.668980344786214, 3.7129612777404506, 2.329112901943571, 3.6886477210490027, 2.5095490610864735, 3.6315304776361166, 1.749133668419884, 0.0, 2.4849008511407455, 3.073961841012344, 2.5045975505058693, 6.087490975763331, 6.388801889243398, 5.422550873896896, 5.788565350758337, 7.774922000251836, 8.000659484692497, 7.735681077319566], [7.296319130904296, 6.169375382484033, 5.142167956222356, 4.236099462949377, 3.421731979568242, 2.1597993008610783, 1.0944004797148075, 4.3136280460883505, 5.439475014190249, 4.326439350089171, 6.142207227047945, 6.872679147901494, 8.361151280774676, 7.823196797345699, 7.080240431652022, 8.089060664873271, 6.725553608439977, 5.859644457644167, 4.759924363894872, 5.832555348215737, 3.8401042446787823, 5.0390477880250355, 2.4745645657367685, 2.4849008511407455, 0.0, 1.7724294400624248, 1.7718796375600687, 6.572591289590431, 6.563823594521718, 6.743920769107537, 6.744450416453516, 8.976065357939413, 8.717043142602886, 8.712460337355918], [7.202451611777756, 5.848187227680045, 5.032559576398476, 3.779238306854967, 2.760742012575604, 2.176889648098865, 1.094063457940169, 3.188530081401146, 4.2111177269223905, 3.1342169181471786, 4.8610994167986314, 5.854667050311231, 7.2527514847814825, 7.757540577399515, 7.233359936433414, 7.877749511123085, 6.148078052529912, 5.485861953239436, 5.007659416334142, 5.781743142859253, 3.61020822806663, 4.268476816148824, 2.536115255661698, 3.073961841012344, 1.7724294400624248, 0.0, 1.7660208634101693, 5.119673038388291, 5.271997657434988, 5.812784229609766, 5.94576421833224, 8.008385517068968, 7.57465809855468, 7.465554037712137], [6.713722296163284, 5.474657032180189, 4.287658202329099, 3.1047575831294787, 2.756183921656899, 2.1705103293926062, 1.0948484552667552, 3.7612497989365186, 4.640505677186486, 4.393918110297459, 6.079973694844411, 6.867096409691654, 8.295608974029573, 7.062150193814912, 6.714937660172282, 7.566937502715349, 5.833568178225057, 5.421468507701579, 4.2156115072430485, 4.785274322335137, 2.466633588516949, 3.7259168401884657, 3.071119714371291, 2.5045975505058693, 1.7718796375600687, 1.7660208634101693, 0.0, 6.232770402477538, 6.6900907176211, 6.561263746413492, 7.004259981611191, 8.943918618815804, 8.790335102827424, 8.43547054407755], [6.7256189707713885, 5.427359565202954, 5.944560849213337, 5.145844789730837, 4.23395326615682, 5.165553935445839, 5.7187324653283085, 2.8427984698180766, 2.5123105401203887, 2.426304393517021, 1.095035378423912, 2.1808297526400358, 2.762108556881861, 7.475265079580791, 7.236067977154443, 6.694412859990039, 5.101134569877568, 4.74845696726842, 6.481867092898466, 6.79922815251849, 5.971438904485249, 4.848534134148176, 4.975507814283885, 6.087490975763331, 6.572591289590431, 5.119673038388291, 6.232770402477538, 0.0, 1.7584835910522454, 2.553834203702347, 3.085256326466247, 3.7713252272907996, 3.1072691112937094, 2.5733797757035397], [7.595678348903408, 6.391650925230508, 6.871512522727438, 6.134166305212144, 4.9272375505956685, 5.432525283880417, 5.9362171885806205, 3.692620844332654, 3.8667723142176347, 2.3816132536581165, 1.095675764083518, 2.155229734854269, 2.7516765180522222, 8.48162874040122, 7.899485524387016, 7.543328606126079, 6.311160340222708, 5.510786654371588, 7.169727415320613, 7.85139180082105, 6.897581631992478, 6.098411769469163, 4.912490444774423, 6.388801889243398, 6.563823594521718, 5.271997657434988, 6.6900907176211, 1.7584835910522454, 0.0, 3.072626410743747, 2.4958433564629012, 3.751175966280441, 2.5583762135385797, 3.1228652116285773], [4.788132186980639, 3.8359169555661654, 4.814973458909197, 4.69379628232841, 3.9392820132607924, 4.8408338889079845, 5.981283916518259, 2.9163210762877263, 2.7326954477219005, 2.9827521033434876, 2.174513127116045, 1.0959652047396395, 2.1393690331497277, 5.707497114322529, 5.1975727229159565, 4.555943149338016, 3.7617844621934413, 2.9331974720430942, 5.201105983346234, 5.740214658878185, 5.728614280085543, 4.669247079562185, 4.503889164932902, 5.422550873896896, 6.743920769107537, 5.812784229609766, 6.561263746413492, 2.553834203702347, 3.072626410743747, 0.0, 1.7662990969821617, 2.46218337456819, 3.060382167311789, 2.4964181801132597], [6.003356852628369, 5.1565324366283205, 5.959521092336195, 5.784115026518751, 4.697914203133131, 5.146823550501804, 6.197612747663409, 3.763703035575469, 4.024163099328853, 2.9489541756358304, 2.1668710990735005, 1.0968090490144582, 2.142220166089378, 7.023777904375963, 6.14662579062692, 5.789077202801842, 5.326397377214734, 4.1062270772571745, 6.079488864205609, 6.9904449321913695, 6.708207136784015, 5.97459304806612, 4.460028054844498, 5.788565350758337, 6.744450416453516, 5.94576421833224, 7.004259981611191, 3.085256326466247, 2.4958433564629012, 1.7662990969821617, 0.0, 2.467205635937143, 2.498278329169911, 3.062387883662029], [6.534224661733019, 5.941971583573923, 7.1333912566184114, 7.134228418686916, 6.3880596811551476, 7.193075178948153, 8.288568027108182, 5.291167231339414, 4.970024454668206, 4.928356308141691, 3.465956637062847, 2.1603165508785973, 1.0944616439144865, 7.448757038593754, 6.933142449135168, 5.950771589466361, 5.769292130755731, 5.084181647030326, 7.491533746837159, 7.996377538610843, 8.182088201675658, 7.023289000176485, 6.692380458401928, 7.774922000251836, 8.976065357939413, 8.008385517068968, 8.943918618815804, 3.7713252272907996, 3.751175966280441, 2.46218337456819, 2.467205635937143, 0.0, 1.7719497171195353, 1.7720483232688662], [7.744831797398831, 6.8873708060478345, 7.838943159635742, 7.508455421056984, 6.535763647042327, 7.228450766934779, 8.066641840319923, 5.289626190006247, 5.089196423798162, 4.459852892192746, 2.7729170579013, 2.1701156190396866, 1.094718836048782, 8.66658550410714, 8.11862502521209, 7.330972515976309, 6.705205933452007, 5.981398189386826, 8.18940895058978, 8.768465677642812, 8.465596783452423, 7.38170240933621, 6.663328723693587, 8.000659484692497, 8.717043142602886, 7.57465809855468, 8.790335102827424, 3.1072691112937094, 2.5583762135385797, 3.060382167311789, 2.498278329169911, 1.7719497171195353, 0.0, 1.7750959016346133], [6.841791953136254, 5.95770250