{"total energy": -24.05491348, "HOMO-LUMO gap/eV": 11.48636449, "electronic energy": -24.35216108, "dipole": [0.40593621, -0.34705819, 0.50949225], "partial charges": [-0.09817413, -0.06798376, 0.14405227, -0.11348934, -0.46005421, -0.06201503, -0.10352149, 0.03310489, 0.0306531, 0.03348748, 0.0408412, 0.03240258, 0.04214065, 0.03724263, 0.03215341, 0.28505262, 0.04338271, 0.04487204, 0.03662769, 0.03339176, 0.03583294], "atomic dipole moments": [[-0.09939854, -0.01708958, -0.01238981], [0.0378622, 0.09385394, 0.05351248], [0.03337427, 0.11968193, -0.06359331], [-0.00677893, -0.01819335, -0.09666794], [0.07316414, -0.1548789, 0.15365478], [0.07533672, -0.0744579, 0.07618794], [0.0431365, 0.08666406, -0.04491177], [0.06514148, -0.09595745, -0.04861408], [0.03520868, 0.00797684, 0.1201966], [0.03880045, 0.10213831, -0.06242763], [-0.01605869, -0.01831943, -0.12311499], [-0.02032012, -0.11101454, 0.05271762], [-0.07951593, 0.08894685, 0.04618762], [-0.01381978, -0.10737751, 0.07063656], [0.10980528, 0.05195839, 0.03266736], [0.06718896, 0.02073201, 0.03013414], [-0.02020422, -0.00380833, -0.12333466], [-0.074549, 0.0966625, 0.02615317], [-0.11951551, -0.01174913, -0.03311155], [0.05599094, -0.10594909, -0.03882973], [0.00027329, 0.00393317, 0.12600833]], "atomic quadrupole moments": [[0.20280866, 0.06096438, -0.09290014, 0.0412437, 0.01940691, -0.10990853], [0.19563223, -0.04569143, -0.01344069, -0.01426614, 0.08490184, -0.18219154], [-0.11994892, 0.07989972, 0.15602243, -0.03004608, -0.15137893, -0.03607352], [-0.08486616, 0.01204186, -0.11033755, 0.03157058, 0.02479731, 0.1952037], [-0.05210702, 0.04506928, 0.08325893, 0.00431272, -0.1143263, -0.03115191], [0.11534576, 0.14943279, 0.02098891, 0.01811087, -0.0984743, -0.13633467], [-0.05711933, 0.09947009, 0.11450007, -0.04476713, -0.12439347, -0.05738074], [-0.00370629, -0.0376323, 0.03441923, -0.01881312, 0.04626062, -0.03071294], [-0.02809779, 0.00863772, -0.05110414, 0.01335276, 0.01247108, 0.07920193], [-0.02709418, 0.01885083, 0.04534202, -0.00081741, -0.05640169, -0.01824784], [-0.00298445, -0.0065463, -0.04908063, 0.01684833, 0.00324327, 0.05206508], [-0.00719099, 0.01347769, 0.02294891, -0.0160952, -0.04938113, -0.01575792], [0.02618349, -0.06196462, 0.00151502, -0.01390068, 0.02268379, -0.02769851], [-0.04786167, 0.01848708, 0.06047851, -0.00587318, -0.04522152, -0.01261684], [0.07636091, 0.03876919, -0.04090062, 0.00505102, 0.00558403, -0.03546029], [0.09059655, 0.07337295, -0.03626636, 0.06450585, 0.00181655, -0.05433019], [-0.02833357, 0.01351124, -0.02884797, -0.00705668, 0.0182214, 0.05718155], [-0.00432932, -0.02290227, 0.02870296, -0.02625427, 0.0331812, -0.02437364], [0.06917084, 0.00557942, -0.03432081, 0.03886882, -0.0119238, -0.03485003], [-0.00333261, -0.05008676, 0.03097046, -0.03464348, 0.02381702, -0.02763785], [-0.04905584, 0.01027624, -0.0284308, 0.01534301, 0.01547358, 0.07748664]], "number of molecular orbitals": 42, "number of electrons": 44, "number of unpaired electrons": 0, "orbital energies/eV": [-18.34448053, -17.11676238, -16.6625015, -16.33844357, -16.10802303, -15.55363659, -14.99843011, -14.57221686, -14.17760865, -13.94356965, -13.65164373, -13.41115772, -12.81547132, -12.75013158, -12.59647882, -12.5042712, -12.38460392, -12.06008913, -11.85720303, -11.6233226, -11.41536193, -10.82380156, 0.66256293, 1.49751915, 2.27299489, 2.51324687, 3.27952409, 3.3695199, 3.7736445, 4.16916066, 4.29704034, 4.83563459, 5.27100756, 5.39107388, 5.72462822, 6.32116562, 6.46614029, 6.98516727, 7.25872746, 7.43395487, 7.80070677, 7.88768152], "fractional occupation": [2.0, 2.0, 2.0, 2.0, 2.0, 2.0, 2.0, 2.0, 2.0, 2.0, 2.0, 2.0, 2.0, 2.0, 2.0, 2.0, 2.0, 2.0, 2.0, 2.0, 2.0, 2.0, 0.0, 0.0, 0.0, 0.0, 0.0, 0.0, 0.0, 0.0, 0.0, 0.0, 0.0, 0.0, 0.0, 0.0, 0.0, 0.0, 0.0, 0.0, 0.0, 0.0], "program call": "xtb /home/svss/Project-DBcg-Debug/aqme2_20220329/End-to-End-workflows-final/example-3/QDESCP/mol_447_rdkit_conf_9/mol_447_rdkit_conf_9.xyz --pop --wbo --acc 0.2 --gfn 2 --chrg 0 --uhf 0 --etemp 300 --input /home/svss/Project-DBcg-Debug/aqme2_20220329/End-to-End-workflows-final/example-3/QDESCP/mol_447_rdkit_conf_9/mol_447_rdkit_conf_9_xtb.inp", "method": "GFN2-xTB", "xtb version": "6.3.3 (7355c4f)", "Dipole module/D": 1.876, "Total charge": 0, "Transition dipole module/D": NaN, "HOMO": -10.8238, "LUMO": 0.6626, "HOMO occupancy": 2.0, "LUMO occupancy": 0, "mulliken charges": [-0.08207, -0.06762, 0.2433, -0.11535, -0.57242, -0.05287, -0.08946, 0.03117, 0.02284, 0.02846, 0.0365, 0.02359, 0.04024, 0.03152, 0.03018, 0.33343, 0.03727, 0.03706, 0.03237, 0.02588, 0.02598], "cm5 charges": [-0.23246, -0.17359, 0.23364, -0.25969, -0.77931, -0.15763, -0.23989, 0.08199, 0.07506, 0.08207, 0.09389, 0.07987, 0.09399, 0.08433, 0.08455, 0.50474, 0.09475, 0.0947, 0.08317, 0.07782, 0.07799], "FUKUI+": [0.021, 0.013, -0.061, 0.035, -0.157, 0.002, 0.004, -0.072, -0.038, -0.029, -0.054, -0.079, -0.058, -0.086, -0.047, -0.121, -0.057, -0.064, -0.066, -0.043, -0.043], "FUKUI-": [0.023, -0.013, -0.024, 0.016, -0.115, 0.012, 0.022, -0.095, -0.05, -0.049, -0.057, -0.068, -0.057, -0.052, -0.048, -0.055, -0.082, -0.106, -0.064, -0.077, -0.062], "FUKUIrad": [0.022, 0.0, -0.042, 0.026, -0.136, 0.007, 0.013, -0.084, -0.044, -0.039, -0.055, -0.073, -0.058, -0.069, -0.048, -0.088, -0.069, -0.085, -0.065, -0.06, -0.053], "s proportion": [1.007, 1.039, 1.051, 1.022, 1.701, 1.036, 1.008, 0.969, 0.977, 0.972, 0.964, 0.976, 0.96, 0.968, 0.97, 0.667, 0.963, 0.963, 0.968, 0.974, 0.974], "p proportion": [3.075, 3.028, 2.706, 3.093, 4.871, 3.017, 3.081, 0.0, 0.0, 0.0, 0.0, 0.0, 0.0, 0.0, 0.0, 0.0, 0.0, 0.0, 0.0, 0.0, 0.0], "d proportion": [0.0, 0.0, 0.0, 0.0, 0.0, 0.0, 0.0, 0.0, 0.0, 0.0, 0.0, 0.0, 0.0, 0.0, 0.0, 0.0, 0.0, 0.0, 0.0, 0.0, 0.0], "Fermi-level/eV": -5.0806, "Coordination numbers": [3.748, 3.799, 3.769, 3.75, 1.653, 3.8, 3.748, 0.924, 0.924, 0.924, 0.924, 0.924, 0.924, 0.924, 0.924, 0.804, 0.923, 0.923, 0.924, 0.924, 0.924], "Dispersion coefficient C6": [22.442, 21.804, 18.292, 22.735, 22.051, 21.692, 22.545, 2.543, 2.577, 2.538, 2.438, 2.553, 2.421, 2.486, 2.556, 0.768, 2.404, 2.385, 2.494, 2.539, 2.505], "Total dispersion C6": 2900.081637, "Total dispersion C8": 59978.727028, "Polarizability alpha": [6.757, 6.648, 6.095, 6.8, 6.339, 6.631, 6.772, 2.494, 2.511, 2.491, 2.442, 2.499, 2.433, 2.466, 2.5, 1.377, 2.425, 2.415, 2.47, 2.492, 2.475], "Total polarizability alpha": 79.53121, "Wiberg matrix": [[0.0, 1.0194111040705527, 0.0, 0.0, 0.0, 0.0, 0.0, 0.9863646826495558, 0.9861293207718644, 0.9844026417394447, 0.0, 0.0, 0.0, 0.0, 0.0, 0.0, 0.0, 0.0, 0.0, 0.0, 0.0], [1.0194111040705527, 0.0, 0.9763259180454846, 0.0, 0.0, 0.0, 0.0, 0.0, 0.0, 0.0, 0.9760220078592933, 0.9744060300145321, 0.0, 0.0, 0.0, 0.0, 0.0, 0.0, 0.0, 0.0, 0.0], [0.0, 0.9763259180454846, 0.0, 0.9947232035855291, 0.9694081102460926, 0.9794302638252799, 0.0, 0.0, 0.0, 0.0, 0.0, 0.0, 0.0, 0.0, 0.0, 0.0, 0.0, 0.0, 0.0, 0.0, 0.0], [0.0, 0.0, 0.9947232035855291, 0.0, 0.0, 0.0, 0.0, 0.0, 0.0, 0.0, 0.0, 0.0, 0.9847463190051104, 0.9837834638751684, 0.9809655513630005, 0.0, 0.0, 0.0, 0.0, 0.0, 0.0], [0.0, 0.0, 0.9694081102460926, 0.0, 0.0, 0.0, 0.0, 0.0, 0.0, 0.0, 0.0, 0.0, 0.0, 0.0, 0.0, 0.8962580853964451, 0.0, 0.0, 0.0, 0.0, 0.0], [0.0, 0.0, 0.9794302638252799, 0.0, 0.0, 0.0, 1.0211043149769303, 0.0, 0.0, 0.0, 0.0, 0.0, 0.0, 0.0, 0.0, 0.0, 0.9751283503118187, 0.9747834021214244, 0.0, 0.0, 0.0], [0.0, 0.0, 0.0, 0.0, 0.0, 1.0211043149769303, 0.0, 0.0, 0.0, 0.0, 0.0, 0.0, 0.0, 0.0, 0.0, 0.0, 0.0, 0.0, 0.9863964645088258, 0.9854728432023061, 0.9858352528169727], [0.9863646826495558, 0.0, 0.0, 0.0, 0.0, 0.0, 0.0, 0.0, 0.0, 0.0, 0.0, 0.0, 0.0, 0.0, 0.0, 0.0, 0.0, 0.0, 0.0, 0.0, 0.0], [0.9861293207718644, 0.0, 0.0, 0.0, 0.0, 0.0, 0.0, 0.0, 0.0, 0.0, 0.0, 0.0, 0.0, 0.0, 0.0, 0.0, 0.0, 0.0, 0.0, 0.0, 0.0], [0.9844026417394447, 0.0, 0.0, 0.0, 0.0, 0.0, 0.0, 0.0, 0.0, 0.0, 0.0, 0.0, 0.0, 0.0, 0.0, 0.0, 0.0, 0.0, 0.0, 0.0, 0.0], [0.0, 0.9760220078592933, 0.0, 0.0, 0.0, 0.0, 0.0, 0.0, 0.0, 0.0, 0.0, 0.0, 0.0, 0.0, 0.0, 0.0, 0.0, 0.0, 0.0, 0.0, 0.0], [0.0, 0.9744060300145321, 0.0, 0.0, 0.0, 0.0, 0.0, 0.0, 0.0, 0.0, 0.0, 0.0, 0.0, 0.0, 0.0, 0.0, 0.0, 0.0, 0.0, 0.0, 0.0], [0.0, 0.0, 0.0, 0.9847463190051104, 0.0, 0.0, 0.0, 0.0, 0.0, 0.0, 0.0, 0.0, 0.0, 0.0, 0.0, 0.0, 0.0, 0.0, 0.0, 0.0, 0.0], [0.0, 0.0, 0.0, 0.9837834638751684, 0.0, 0.0, 0.0, 0.0, 0.0, 0.0, 0.0, 0.0, 0.0, 0.0, 0.0, 0.0, 0.0, 0.0, 0.0, 0.0, 0.0], [0.0, 0.0, 0.0, 0.9809655513630005, 0.0, 0.0, 0.0, 0.0, 0.0, 0.0, 0.0, 0.0, 0.0, 0.0, 0.0, 0.0, 0.0, 0.0, 0.0, 0.0, 0.0], [0.0, 0.0, 0.0, 0.0, 0.8962580853964451, 0.0, 0.0, 0.0, 0.0, 0.0, 0.0, 0.0, 0.0, 0.0, 0.0, 0.0, 0.0, 0.0, 0.0, 0.0, 0.0], [0.0, 0.0, 0.0, 0.0, 0.0, 0.9751283503118187, 0.0, 0.0, 0.0, 0.0, 0.0, 0.0, 0.0, 0.0, 0.0, 0.0, 0.0, 0.0, 0.0, 0.0, 0.0], [0.0, 0.0, 0.0, 0.0, 0.0, 0.9747834021214244, 0.0, 0.0, 0.0, 0.0, 0.0, 0.0, 0.0, 0.0, 0.0, 0.0, 0.0, 0.0, 0.0, 0.0, 0.0], [0.0, 0.0, 0.0, 0.0, 0.0, 0.0, 0.9863964645088258, 0.0, 0.0, 0.0, 0.0, 0.0, 0.0, 0.0, 0.0, 0.0, 0.0, 0.0, 0.0, 0.0, 0.0], [0.0, 0.0, 0.0, 0.0, 0.0, 0.0, 0.9854728432023061, 0.0, 0.0, 0.0, 0.0, 0.0, 0.0, 0.0, 0.0, 0.0, 0.0, 0.0, 0.0, 0.0, 0.0], [0.0, 0.0, 0.0, 0.0, 0.0, 0.0, 0.9858352528169727, 0.0, 0.0, 0.0, 0.0, 0.0, 0.0, 0.0, 0.0, 0.0, 0.0, 0.0, 0.0, 0.0, 0.0]], "Born radii": [], "Atomic SASAs": [], "Solvent H bonds": [], "Total SASA": NaN, "Total FOD": 0.0, "FOD": [0.0, 0.0, 0.0, 0.0, 0.0, 0.0, 0.0, 0.0, 0.0, 0.0, 0.0, 0.0, 0.0, 0.0, 0.0, 0.0, 0.0, 0.0, 0.0, 0.0, 0.0], "FOD s proportion": [0.0, 0.0, 0.0, 0.0, 0.0, 0.0, 0.0, 0.0, 0.0, 0.0, 0.0, 0.0, 0.0, 0.0, 0.0, 0.0, 0.0, 0.0, 0.0, 0.0, 0.0], "FOD p proportion": [0.0, 0.0, 0.0, 0.0, 0.0, 0.0, 0.0, 0.0, 0.0, 0.0, 0.0, 0.0, 0.0, 0.0, 0.0, 0.0, 0.0, 0.0, 0.0, 0.0, 0.0], "FOD d proportion": [0.0, 0.0, 0.0, 0.0, 0.0, 0.0, 0.0, 0.0, 0.0, 0.0, 0.0, 0.0, 0.0, 0.0, 0.0, 0.0, 0.0, 0.0, 0.0, 0.0, 0.0], "coordinates": [["2.34090", "-0.33060", "-0.49510"], ["0.84650", "-0.59400", "-0.65050"], ["-0.07580", "0.52140", "-0.11110"], ["0.11050", "0.75060", "1.39320"], ["0.23910", "1.74690", "-0.78710"], ["-1.55560", "0.23300", "-0.45130"], ["-2.15130", "-1.01700", "0.18010"], ["2.90990", "-1.16430", "-0.92000"], ["2.62640", "-0.24000", "0.55670"], ["2.64710", "0.57840", "-1.02080"], ["0.65120", "-0.73100", "-1.72190"], ["0.61740", "-1.54530", "-0.15700"], ["-0.60940", "1.48970", "1.76340"], ["-0.01500", "-0.17280", "1.96650"], ["1.10120", "1.16090", "1.61700"], ["1.10320", "2.05950", "-0.47070"], ["-1.66750", "0.16610", "-1.54190"], ["-2.16550", "1.09850", "-0.15910"], ["-3.20170", "-1.11550", "-0.11360"], ["-1.63340", "-1.92210", "-0.14890"], ["-2.11820", "-0.97230", "1.27220"]], "bond_dist": [[0.0, 1.5253721119779264, 2.5910999382501636, 3.1159837114465154, 2.9696520823153674, 3.9372929342379392, 4.594224726762939, 1.0951514507135531, 1.0936186949755387, 1.0938006811115086, 2.126133695231793, 2.135476515909271, 4.13746110918278, 3.4109588402676456, 2.8674718394432404, 2.6916676355003415, 4.172501850209296, 4.739500371347174, 5.6108845131583305, 4.295088727837878, 4.839287239873244], [1.5253721119779264, 0.0, 1.5445733423829378, 2.5546731395620847, 2.4222731328237948, 2.548272758163851, 3.139367802599753, 2.157658893337869, 2.179608187266693, 2.1803220427267163, 1.0976379412174126, 1.0959017976077965, 3.5054762458188184, 2.787163556377702, 2.8785590753013914, 2.6719440824987335, 2.773543215816188, 3.489724087947356, 4.1168127356002, 2.8575087366445615, 3.5537771835048972], [2.5910999382501636, 1.5445733423829378, 0.0, 1.5330227721726772, 1.4345690154189163, 1.5455480063718499, 2.5998408124344845, 3.5228267328950484, 2.88575321883213, 2.8714086264410366, 2.166035872279127, 2.180339868002234, 2.176254603671179, 2.191353928510865, 2.1864626363146478, 1.9710669115988935, 2.1695473306660076, 2.1684544034865016, 3.52855475655402, 2.8979715060711, 2.883757330289773], [3.1159837114465154, 2.5546731395620847, 1.5330227721726772, 0.0, 2.4005957052365146, 2.5388933061473855, 3.1163697806903468, 4.105408214782058, 2.8303309735788846, 3.505907642822326, 3.4916103820443656, 2.816242968921538, 1.0961627890053558, 1.094116401485692, 1.0954081522428067, 2.4845111611743667, 3.4810539007605157, 2.77684095691489, 4.08943080269125, 3.5443736978484646, 2.819597329407162], [2.9696520823153674, 2.4222731328237948, 1.4345690154189163, 2.4005957052365146, 0.0, 2.3718353526330618, 3.7800305832096117, 3.9529635072942426, 3.384194341346253, 2.6867214109393625, 2.6802361575055285, 3.37323550022823, 2.70021375820508, 3.3663226018906744, 2.6203643296305192, 0.971852113235342, 2.5891649696378947, 2.5684446110438124, 4.526150754228144, 4.168346973321679, 4.146278864234773], [3.9372929342379392, 2.548272758163851, 1.5455480063718499, 2.5388933061473855, 2.3718353526330618, 0.0, 1.521849023392268, 4.702426738397952, 4.327691879050541, 4.255152018436004, 2.7228085867353955, 2.823276886881625, 2.716520830032415, 2.8954928492400045, 3.492484722944397, 3.2257861134923376, 1.0983649575619208, 1.0983847686489467, 2.1545623105401246, 2.17760295049396, 2.1770895939303925], [4.594224726762939, 3.139367802599753, 2.5998408124344845, 3.1163697806903468, 3.7800305832096117, 1.521849023392268, 0.0, 5.181473028010471, 4.855097717863153, 5.19731705113321, 3.3990301925696396, 2.8387386265734293, 3.341831741724888, 2.909927196683793, 4.1697345562997175, 4.525501424151803, 2.1445447185824777, 2.1425682089492506, 1.0951265223708175, 1.0934657836439146, 1.0935154822863735], [1.0951514507135531, 2.157658893337869, 3.5228267328950484, 4.105408214782058, 3.9529635072942426, 4.702426738397952, 5.181473028010471, 0.0, 1.765034172473723, 1.765284047965086, 2.4356761258426785, 2.445993918635122, 5.160409290938075, 4.227291628217764, 3.8877139465243578, 3.7227572872804906, 4.807214841256838, 5.608824993704118, 6.164764144717947, 4.670163909329094, 5.488569435654432], [1.0936186949755387, 2.179608187266693, 2.88575321883213, 2.8303309735788846, 3.384194341346253, 4.327691879050541, 4.855097717863153, 1.765034172473723, 0.0, 1.7772769339638659, 3.0552436891351236, 2.4998513515807295, 3.862432992299025, 2.9948365297625177, 2.3265837487612604, 2.9433635945971743, 4.796521279010445, 5.026555231965526, 5.931488173300188, 4.633921428984312, 4.853806001479664], [1.0938006811115086, 2.1803220427267163, 2.8714086264410366, 3.505907642822326, 2.6867214109393625, 4.255152018436004, 5.19731705113321, 1.765284047965086, 1.7772769339638659, 0.0, 2.487908032866167, 3.062014732165735, 4.380300170079671, 4.071245404050216, 3.112410946517185, 2.2090483086614467, 4.365467862669476, 4.916721434045252, 6.156360165714804, 5.033427272743692, 5.510953055506824], [2.126133695231793, 1.0976379412174126, 2.166035872279127, 3.4916103820443656, 2.6802361575055285, 2.7228085867353955, 3.3990301925696396, 2.4356761258426785, 3.0552436891351236, 2.487908032866167, 0.0, 1.7644089491951689, 4.320640802010739, 3.7894200400589004, 3.8639408406444318, 3.0913905754530595, 2.4927009648170797, 3.7044855216345494, 4.192768482756948, 3.018682720989405, 4.085637876758047], [2.135476515909271, 1.0959017976077965, 2.180339868002234, 2.816242968921538, 3.37323550022823, 2.823276886881625, 2.8387386265734293, 2.445993918635122, 2.4998513515807295, 3.062014732165735, 1.7644089491951689, 0.0, 3.795286471401072, 2.6063265835270912, 3.2717971942038218, 3.6508892574275653, 3.1729490982365287, 3.8385173257391974, 3.843453708580344, 2.2821359490617557, 3.1391796699137817], [4.13746110918278, 3.5054762458188184, 2.176254603671179, 1.0961627890053558, 2.70021375820508, 2.716520830032415, 3.341831741724888, 5.160409290938075, 3.862432992299025, 4.380300170079671, 4.320640802010739, 3.795286471401072, 0.0, 1.7772077031118227, 1.7480545643657692, 2.872085237244884, 3.7143640990080655, 2.504094826479221, 4.1267681458981915, 4.0429996945337505, 2.9290269510538818], [3.4109588402676456, 2.787163556377702, 2.191353928510865, 1.094116401485692, 3.3663226018906744, 2.8954928492400045, 2.909927196683793, 4.227291628217764, 2.9948365297625177, 4.071245404050216, 3.7894200400589004, 2.6063265835270912, 1.7772077031118227, 0.0, 1.7739245699859956, 3.489051213438977, 3.892875546430941, 3.2800959284752635, 3.9205300904342004, 3.1865633855299347, 2.3547192996193833], [2.8674718394432404, 2.8785590753013914, 2.1864626363146478, 1.0954081522428067, 2.6203643296305192, 3.492484722944397, 4.1697345562997175, 3.8877139465243578, 2.3265837487612604, 3.112410946517185, 3.8639408406444318, 3.2717971942038218, 1.7480545643657692, 1.7739245699859956, 0.0, 2.272878626323896, 4.316708924632283, 3.718837702831357, 5.166422527242618, 4.483450565133957, 3.8773658119914347], [2.6916676355003415, 2.6719440824987335, 1.9710669115988935, 2.4845111611743667, 0.971852113235342, 3.2257861134923376, 4.525501424151803, 3.7227572872804906, 2.9433635945971743, 2.2090483086614467, 3.0913905754530595, 3.6508892574275653, 2.872085237244884, 3.489051213438977, 2.272878626323896, 0.0, 3.5226710732056716, 3.421259307623437, 5.360998919977507, 4.842073250168775, 4.754674500951669], [4.172501850209296, 2.773543215816188, 2.1695473306660076, 3.4810539007605157, 2.5891649696378947, 1.0983649575619208, 2.1445447185824777, 4.807214841256838, 4.796521279010445, 4.365467862669476, 2.4927009648170797, 3.1729490982365287, 3.7143640990080655, 3.892875546430941, 4.316708924632283, 3.5226710732056716, 0.0, 1.7405486491333704, 2.4568901257484024, 2.5104165092669386, 3.0689157466440813], [4.739500371347174, 3.489724087947356, 2.1684544034865016, 2.77684095691489, 2.5684446110438124, 1.0983847686489467, 2.1425682089492506, 5.608824993704118, 5.026555231965526, 4.916721434045252, 3.7044855216345494, 3.8385173257391974, 2.504094826479221, 3.2800959284752635, 3.718837702831357, 3.421259307623437, 1.7405486491333704, 0.0, 2.4449083193445107, 3.067125496291275, 2.5177509050738123], [5.6108845131583305, 4.1168127356002, 3.52855475655402, 4.08943080269125, 4.526150754228144, 2.1545623105401246, 1.0951265223708175, 6.164764144717947, 5.931488173300188, 6.156360165714804, 4.192768482756948, 3.843453708580344, 4.1267681458981915, 3.9205300904342004, 5.166422527242618, 5.360998919977507, 2.4568901257484024, 2.4449083193445107, 0.0, 1.7639202192843078, 1.7649136324477752], [4.295088727837878, 2.8575087366445615, 2.8979715060711, 3.5443736978484646, 4.168346973321679, 2.17760295049396, 1.0934657836439146, 4.670163909329094, 4.633921428984312, 5.033427272743692, 3.018682720989405, 2.2821359490617557, 4.0429996945337505, 3.1865633855299347, 4.483450565133957, 4.842073250168775, 2.5104165092669386, 3.067125496291275, 1.7639202192843078, 0.0, 1.7767037710321887], [4.839287239873244, 3.5537771835048972, 2.883757330289773, 2.819597329407162, 4.146278864234773, 2.1770895939303925, 1.0935154822863735, 5.488569435654432, 4.853806001479664, 5.510953055506824, 4.085637876758047, 3.1391796699137817, 2.9290269510538818, 2.3547192996193833, 3.8773658119914347, 4.754674500951669, 3.0689157466440813, 2.5177509050738123, 1.7649136324477752, 1.7767037710321887, 0.0]]}