{"total energy": -34.60244672, "HOMO-LUMO gap/eV": 4.22643329, "electronic energy": -35.09334771, "dipole": [-0.21407276, 0.41575447, -0.4583148], "partial charges": [-0.10707115, 0.00604935, -0.1046485, -0.06048378, -0.05563609, -0.05968595, 0.14654903, -0.45289068, -0.11210308, -0.04595225, -0.09341264, 0.04146502, 0.03464763, 0.04148317, 0.03895769, 0.0411316, 0.04019976, 0.02450472, 0.03100934, 0.0345705, 0.04755472, 0.04507732, 0.28292639, 0.03794599, 0.04648882, 0.03296753, 0.04182595, 0.03656763, 0.03996196], "atomic dipole moments": [[-0.06063501, 0.0288586, 0.00275235], [0.14081313, 0.09447431, 0.00180201], [0.001935, -0.06693849, -0.00973451], [-0.15029519, 0.00033759, 0.00330198], [0.01395645, -0.03206352, 0.10168973], [-0.07309404, 0.05616594, -0.09350144], [-0.03996777, -0.04871715, 0.13577869], [-0.05741269, 0.10520646, -0.19750697], [0.06071259, 0.05629058, 0.06163516], [0.03949871, -0.14150429, 0.0580597], [-0.04271244, 0.04495913, -0.0482239], [0.06554031, 0.0419854, -0.10177808], [-5.221e-05, -0.12749033, -0.01130311], [0.06597742, 0.02366419, 0.10731483], [-0.11278652, 0.05566865, 0.02475279], [0.07023816, 0.03867111, 0.09962408], [0.04457306, 0.05552246, -0.1071142], [0.01894582, -0.1448371, -0.01122223], [-0.01407236, 0.11787813, -0.04283578], [-0.05552982, -0.06266858, -0.08918566], [0.01223668, -0.12154724, 0.03436339], [0.07170559, 0.04861523, 0.0931086], [-0.07066016, 0.03590485, 0.00076267], [0.02077374, 0.02207956, -0.12564667], [0.00588411, -0.12783354, 0.01823823], [-0.12339773, 0.01831154, 0.02043933], [0.07937428, 0.08442621, 0.09431186], [0.0089249, 0.15002568, 0.00993999], [-0.08860979, -0.06636914, -0.1059038]], "atomic quadrupole moments": [[0.15048693, -0.07190642, -0.02812861, -0.00730449, 0.00913748, -0.12235832], [-0.28976265, -0.18594318, -0.13634716, -0.0018837, -0.0443707, 0.42610981], [-0.04540399, 0.01238411, 0.15871835, 0.00622211, 0.01326499, -0.11331436], [-0.15196876, -0.16857103, -0.32736027, -0.01165776, -0.05060599, 0.47932903], [0.08726652, -0.03652405, -0.14141751, -0.10507636, -0.04450465, 0.05415099], [0.13816214, -0.07713244, -0.18132776, -0.13584004, -0.03539896, 0.04316562], [-0.08377319, 0.02970457, -0.15520995, -0.08798791, -0.08753845, 0.23898314], [-0.05387674, -0.00481626, -0.08586427, -0.05935427, -0.07213859, 0.139741], [0.00867669, 0.0776784, -0.04757201, 0.11611241, 0.10189994, 0.03889532], [0.14859347, 0.05038427, -0.13974487, -0.50072949, -0.00267001, -0.0088486], [0.23251257, 0.03798275, -0.30625288, -0.48546008, 0.0251271, 0.0737403], [-0.01476297, 0.01773856, -0.01548467, -0.04753473, -0.04738529, 0.03024764], [-0.02434607, 0.0184124, 0.07883185, 0.00151332, 0.01190621, -0.05448578], [-0.01424382, 0.00869557, -0.02976066, 0.04986836, 0.03637215, 0.04400448], [0.07828004, -0.02209086, -0.02475749, -0.01735576, 0.00441367, -0.05352255], [0.00582899, 0.00632398, -0.02925437, 0.06614987, 0.02093242, 0.02342538], [-0.02783587, 0.01260786, -0.02086025, -0.0481334, -0.0347611, 0.04869612], [0.04429305, 0.00666524, 0.02949721, 0.00900698, 0.00578219, -0.07379026], [-0.02494202, 0.00366982, 0.06271305, -0.0096004, -0.00803096, -0.03777103], [-0.00094685, 0.02733489, 0.00461739, 0.02776318, 0.03602195, -0.00367054], [-0.0297184, 0.00679444, 0.06061072, -0.00944308, -0.00319558, -0.03089231], [-0.00207962, 0.03054956, -0.00046216, 0.01900722, 0.04096757, 0.00254178], [0.10042354, -0.08031693, -0.05264295, -0.0390226, -0.00062572, -0.04778059], [-0.03193926, 0.0153508, -0.03498124, -0.03166847, -0.03048521, 0.06692049], [-0.03115897, -0.02686734, 0.07043333, 0.01578388, -0.02246711, -0.03927435], [0.06539017, -0.03923688, -0.02797867, -0.02501674, 0.01734091, -0.0374115], [-0.02257568, -0.01226513, 0.02756394, 0.05455867, -0.00801779, -0.00498826], [-0.03080382, -0.00685251, 0.04513216, 0.04492986, -0.00223386, -0.01432834], [-0.02163465, 0.00938449, 0.02574511, 0.04822476, 0.01222184, -0.00411046]], "number of molecular orbitals": 62, "number of electrons": 64, "number of unpaired electrons": 0, "orbital energies/eV": [-18.49188321, -17.18599744, -16.86847377, -16.70640248, -16.4415503, -16.18959574, -15.93535142, -15.71150896, -15.43885128, -14.97821622, -14.512343, -14.36056512, -14.04075014, -13.96669485, -13.67274376, -13.51379293, -13.39265111, -13.15016388, -12.92383003, -12.67866909, -12.52520234, -12.49325997, -12.44428407, -12.1709867, -12.07498324, -11.96558495, -11.81330448, -11.43655752, -11.33068708, -11.18706261, -10.8593875, -10.12062964, -5.89419634, -5.20331753, 0.82268274, 1.78284114, 2.28144048, 2.48251187, 2.66547661, 2.89858646, 3.50652179, 3.63269994, 3.93132098, 4.09525217, 4.31572106, 4.91974389, 5.05912905, 5.42060541, 5.72175216, 5.91607778, 5.99288417, 6.11956075, 6.14009926, 6.22652729, 6.53754111, 6.90224505, 7.46776739, 7.74461851, 10.40063238, 10.88912588, 15.31268962, 16.63395626], "fractional occupation": [2.0, 2.0, 2.0, 2.0, 2.0, 2.0, 2.0, 2.0, 2.0, 2.0, 2.0, 2.0, 2.0, 2.0, 2.0, 2.0, 2.0, 2.0, 2.0, 2.0, 2.0, 2.0, 2.0, 2.0, 2.0, 2.0, 2.0, 2.0, 2.0, 2.0, 2.0, 2.0, 0.0, 0.0, 0.0, 0.0, 0.0, 0.0, 0.0, 0.0, 0.0, 0.0, 0.0, 0.0, 0.0, 0.0, 0.0, 0.0, 0.0, 0.0, 0.0, 0.0, 0.0, 0.0, 0.0, 0.0, 0.0, 0.0, 0.0, 0.0, 0.0, 0.0], "program call": "xtb /home/svss/Project-DBcg-Debug/aqme2_20220329/End-to-End-workflows-final/example-3/QDESCP/mol_229_rdkit_conf_3/mol_229_rdkit_conf_3.xyz --pop --wbo --acc 0.2 --gfn 2 --chrg 0 --uhf 0 --etemp 300 --input /home/svss/Project-DBcg-Debug/aqme2_20220329/End-to-End-workflows-final/example-3/QDESCP/mol_229_rdkit_conf_3/mol_229_rdkit_conf_3_xtb.inp", "method": "GFN2-xTB", "xtb version": "6.3.3 (7355c4f)", "Dipole module/D": 1.664, "Total charge": 0, "Transition dipole module/D": NaN, "HOMO": -10.1206, "LUMO": -5.8942, "HOMO occupancy": 2.0, "LUMO occupancy": 0, "mulliken charges": [-0.08665, 0.00607, -0.08853, -0.07147, -0.0423, -0.05295, 0.24582, -0.56848, -0.11137, -0.04928, -0.08006, 0.0344, 0.03256, 0.03529, 0.03303, 0.03541, 0.03561, 0.02557, 0.02245, 0.02552, 0.0404, 0.03779, 0.33384, 0.03066, 0.04293, 0.03114, 0.03832, 0.03483, 0.02948], "cm5 charges": [-0.23084, -0.01964, -0.23295, -0.1311, -0.14838, -0.15391, 0.23998, -0.77237, -0.2545, -0.10709, -0.18202, 0.08609, 0.08427, 0.08696, 0.0857, 0.08718, 0.08731, 0.08205, 0.07983, 0.0814, 0.09849, 0.0961, 0.50478, 0.0836, 0.09686, 0.08528, 0.09673, 0.08707, 0.08313], "FUKUI+": [0.026, -0.083, 0.022, -0.058, 0.012, 0.007, -0.004, -0.03, 0.022, -0.078, -0.068, -0.048, -0.034, -0.047, -0.018, -0.047, -0.048, -0.065, -0.016, -0.04, -0.039, -0.021, -0.02, -0.015, -0.035, -0.024, -0.076, -0.088, -0.089], "FUKUI-": [0.025, -0.064, 0.024, -0.058, 0.008, 0.001, -0.01, -0.075, 0.012, -0.011, -0.022, -0.068, -0.043, -0.069, -0.032, -0.06, -0.068, -0.063, -0.034, -0.055, -0.036, -0.029, -0.04, -0.028, -0.031, -0.035, -0.039, -0.055, -0.045], "FUKUIrad": [0.025, -0.073, 0.023, -0.058, 0.01, 0.004, -0.007, -0.052, 0.017, -0.044, -0.045, -0.058, -0.038, -0.058, -0.025, -0.054, -0.058, -0.064, -0.025, -0.047, -0.037, -0.025, -0.03, -0.021, -0.033, -0.03, -0.057, -0.072, -0.067], "s proportion": [1.009, 1.09, 1.006, 1.066, 1.026, 1.041, 1.048, 1.704, 1.021, 1.086, 1.05, 0.966, 0.967, 0.965, 0.967, 0.965, 0.964, 0.974, 0.978, 0.974, 0.96, 0.962, 0.666, 0.969, 0.957, 0.969, 0.962, 0.965, 0.971], "p proportion": [3.078, 2.904, 3.082, 3.006, 3.016, 3.012, 2.706, 4.864, 3.09, 2.963, 3.03, 0.0, 0.0, 0.0, 0.0, 0.0, 0.0, 0.0, 0.0, 0.0, 0.0, 0.0, 0.0, 0.0, 0.0, 0.0, 0.0, 0.0, 0.0], "d proportion": [0.0, 0.0, 0.0, 0.0, 0.0, 0.0, 0.0, 0.0, 0.0, 0.0, 0.0, 0.0, 0.0, 0.0, 0.0, 0.0, 0.0, 0.0, 0.0, 0.0, 0.0, 0.0, 0.0, 0.0, 0.0, 0.0, 0.0, 0.0, 0.0], "Fermi-level/eV": -8.0074, "Coordination numbers": [3.756, 2.935, 3.754, 2.893, 3.801, 3.803, 3.773, 1.654, 3.75, 2.887, 2.832, 0.924, 0.924, 0.924, 0.924, 0.924, 0.924, 0.924, 0.924, 0.924, 0.923, 0.923, 0.804, 0.924, 0.924, 0.924, 0.924, 0.925, 0.925], "Dispersion coefficient C6": [22.601, 27.887, 22.557, 29.502, 21.574, 21.646, 18.251, 21.904, 22.709, 29.139, 30.336, 2.43, 2.521, 2.429, 2.463, 2.434, 2.446, 2.666, 2.572, 2.523, 2.351, 2.383, 0.775, 2.476, 2.364, 2.545, 2.425, 2.495, 2.449], "Total dispersion C6": 6653.049316, "Total dispersion C8": 146068.642493, "Polarizability alpha": [6.778, 8.661, 6.773, 8.905, 6.613, 6.624, 6.087, 6.318, 6.796, 8.85, 9.026, 2.438, 2.483, 2.437, 2.454, 2.44, 2.446, 2.553, 2.508, 2.484, 2.398, 2.414, 1.383, 2.461, 2.405, 2.495, 2.435, 2.47, 2.447], "Total polarizability alpha": 124.581496, "Wiberg matrix": [[0.0, 1.0222053320761013, 0.0, 0.0, 0.0, 0.0, 0.0, 0.0, 0.0, 0.0, 0.0, 0.9737647098683948, 0.9852203834556144, 0.9735878076035246, 0.0, 0.0, 0.0, 0.0, 0.0, 0.0, 0.0, 0.0, 0.0, 0.0, 0.0, 0.0, 0.0, 0.0, 0.0], [1.0222053320761013, 0.0, 1.0249107938211461, 1.881445902881815, 0.0, 0.0, 0.0, 0.0, 0.0, 0.0, 0.0, 0.0, 0.0, 0.0, 0.0, 0.0, 0.0, 0.0, 0.0, 0.0, 0.0, 0.0, 0.0, 0.0, 0.0, 0.0, 0.0, 0.0, 0.0], [0.0, 1.0249107938211461, 0.0, 0.0, 0.0, 0.0, 0.0, 0.0, 0.0, 0.0, 0.0, 0.0, 0.0, 0.0, 0.980889031684819, 0.974119576836658, 0.9717698517322952, 0.0, 0.0, 0.0, 0.0, 0.0, 0.0, 0.0, 0.0, 0.0, 0.0, 0.0, 0.0], [0.0, 1.881445902881815, 0.0, 0.0, 1.0208016309381447, 0.0, 0.0, 0.0, 0.0, 0.0, 0.0, 0.0, 0.0, 0.0, 0.0, 0.0, 0.0, 0.9662927584077624, 0.0, 0.0, 0.0, 0.0, 0.0, 0.0, 0.0, 0.0, 0.0, 0.0, 0.0], [0.0, 0.0, 0.0, 1.0208016309381447, 0.0, 0.9922115244665223, 0.0, 0.0, 0.0, 0.0, 0.0, 0.0, 0.0, 0.0, 0.0, 0.0, 0.0, 0.0, 0.9704495903071703, 0.9668576540762784, 0.0, 0.0, 0.0, 0.0, 0.0, 0.0, 0.0, 0.0, 0.0], [0.0, 0.0, 0.0, 0.0, 0.9922115244665223, 0.0, 0.9685349846759309, 0.0, 0.0, 0.0, 0.0, 0.0, 0.0, 0.0, 0.0, 0.0, 0.0, 0.0, 0.0, 0.0, 0.9726928267419099, 0.9746022946929145, 0.0, 0.0, 0.0, 0.0, 0.0, 0.0, 0.0], [0.0, 0.0, 0.0, 0.0, 0.0, 0.9685349846759309, 0.0, 0.9544138501355491, 0.9923619652120041, 0.9916577530431955, 0.0, 0.0, 0.0, 0.0, 0.0, 0.0, 0.0, 0.0, 0.0, 0.0, 0.0, 0.0, 0.0, 0.0, 0.0, 0.0, 0.0, 0.0, 0.0], [0.0, 0.0, 0.0, 0.0, 0.0, 0.0, 0.9544138501355491, 0.0, 0.0, 0.0, 0.0, 0.0, 0.0, 0.0, 0.0, 0.0, 0.0, 0.0, 0.0, 0.0, 0.0, 0.0, 0.9020239230058409, 0.0, 0.0, 0.0, 0.0, 0.0, 0.0], [0.0, 0.0, 0.0, 0.0, 0.0, 0.0, 0.9923619652120041, 0.0, 0.0, 0.0, 0.0, 0.0, 0.0, 0.0, 0.0, 0.0, 0.0, 0.0, 0.0, 0.0, 0.0, 0.0, 0.0, 0.9825510374341162, 0.9842664761806131, 0.983867646867755, 0.0, 0.0, 0.0], [0.0, 0.0, 0.0, 0.0, 0.0, 0.0, 0.9916577530431955, 0.0, 0.0, 0.0, 1.9781132924581695, 0.0, 0.0, 0.0, 0.0, 0.0, 0.0, 0.0, 0.0, 0.0, 0.0, 0.0, 0.0, 0.0, 0.0, 0.0, 0.9650149482203727, 0.0, 0.0], [0.0, 0.0, 0.0, 0.0, 0.0, 0.0, 0.0, 0.0, 0.0, 1.9781132924581695, 0.0, 0.0, 0.0, 0.0, 0.0, 0.0, 0.0, 0.0, 0.0, 0.0, 0.0, 0.0, 0.0, 0.0, 0.0, 0.0, 0.0, 0.97723667959401, 0.975403521938642], [0.9737647098683948, 0.0, 0.0, 0.0, 0.0, 0.0, 0.0, 0.0, 0.0, 0.0, 0.0, 0.0, 0.0, 0.0, 0.0, 0.0, 0.0, 0.0, 0.0, 0.0, 0.0, 0.0, 0.0, 0.0, 0.0, 0.0, 0.0, 0.0, 0.0], [0.9852203834556144, 0.0, 0.0, 0.0, 0.0, 0.0, 0.0, 0.0, 0.0, 0.0, 0.0, 0.0, 0.0, 0.0, 0.0, 0.0, 0.0, 0.0, 0.0, 0.0, 0.0, 0.0, 0.0, 0.0, 0.0, 0.0, 0.0, 0.0, 0.0], [0.9735878076035246, 0.0, 0.0, 0.0, 0.0, 0.0, 0.0, 0.0, 0.0, 0.0, 0.0, 0.0, 0.0, 0.0, 0.0, 0.0, 0.0, 0.0, 0.0, 0.0, 0.0, 0.0, 0.0, 0.0, 0.0, 0.0, 0.0, 0.0, 0.0], [0.0, 0.0, 0.980889031684819, 0.0, 0.0, 0.0, 0.0, 0.0, 0.0, 0.0, 0.0, 0.0, 0.0, 0.0, 0.0, 0.0, 0.0, 0.0, 0.0, 0.0, 0.0, 0.0, 0.0, 0.0, 0.0, 0.0, 0.0, 0.0, 0.0], [0.0, 0.0, 0.974119576836658, 0.0, 0.0, 0.0, 0.0, 0.0, 0.0, 0.0, 0.0, 0.0, 0.0, 0.0, 0.0, 0.0, 0.0, 0.0, 0.0, 0.0, 0.0, 0.0, 0.0, 0.0, 0.0, 0.0, 0.0, 0.0, 0.0], [0.0, 0.0, 0.9717698517322952, 0.0, 0.0, 0.0, 0.0, 0.0, 0.0, 0.0, 0.0, 0.0, 0.0, 0.0, 0.0, 0.0, 0.0, 0.0, 0.0, 0.0, 0.0, 0.0, 0.0, 0.0, 0.0, 0.0, 0.0, 0.0, 0.0], [0.0, 0.0, 0.0, 0.9662927584077624, 0.0, 0.0, 0.0, 0.0, 0.0, 0.0, 0.0, 0.0, 0.0, 0.0, 0.0, 0.0, 0.0, 0.0, 0.0, 0.0, 0.0, 0.0, 0.0, 0.0, 0.0, 0.0, 0.0, 0.0, 0.0], [0.0, 0.0, 0.0, 0.0, 0.9704495903071703, 0.0, 0.0, 0.0, 0.0, 0.0, 0.0, 0.0, 0.0, 0.0, 0.0, 0.0, 0.0, 0.0, 0.0, 0.0, 0.0, 0.0, 0.0, 0.0, 0.0, 0.0, 0.0, 0.0, 0.0], [0.0, 0.0, 0.0, 0.0, 0.9668576540762784, 0.0, 0.0, 0.0, 0.0, 0.0, 0.0, 0.0, 0.0, 0.0, 0.0, 0.0, 0.0, 0.0, 0.0, 0.0, 0.0, 0.0, 0.0, 0.0, 0.0, 0.0, 0.0, 0.0, 0.0], [0.0, 0.0, 0.0, 0.0, 0.0, 0.9726928267419099, 0.0, 0.0, 0.0, 0.0, 0.0, 0.0, 0.0, 0.0, 0.0, 0.0, 0.0, 0.0, 0.0, 0.0, 0.0, 0.0, 0.0, 0.0, 0.0, 0.0, 0.0, 0.0, 0.0], [0.0, 0.0, 0.0, 0.0, 0.0, 0.9746022946929145, 0.0, 0.0, 0.0, 0.0, 0.0, 0.0, 0.0, 0.0, 0.0, 0.0, 0.0, 0.0, 0.0, 0.0, 0.0, 0.0, 0.0, 0.0, 0.0, 0.0, 0.0, 0.0, 0.0], [0.0, 0.0, 0.0, 0.0, 0.0, 0.0, 0.0, 0.9020239230058409, 0.0, 0.0, 0.0, 0.0, 0.0, 0.0, 0.0, 0.0, 0.0, 0.0, 0.0, 0.0, 0.0, 0.0, 0.0, 0.0, 0.0, 0.0, 0.0, 0.0, 0.0], [0.0, 0.0, 0.0, 0.0, 0.0, 0.0, 0.0, 0.0, 0.9825510374341162, 0.0, 0.0, 0.0, 0.0, 0.0, 0.0, 0.0, 0.0, 0.0, 0.0, 0.0, 0.0, 0.0, 0.0, 0.0, 0.0, 0.0, 0.0, 0.0, 0.0], [0.0, 0.0, 0.0, 0.0, 0.0, 0.0, 0.0, 0.0, 0.9842664761806131, 0.0, 0.0, 0.0, 0.0, 0.0, 0.0, 0.0, 0.0, 0.0, 0.0, 0.0, 0.0, 0.0, 0.0, 0.0, 0.0, 0.0, 0.0, 0.0, 0.0], [0.0, 0.0, 0.0, 0.0, 0.0, 0.0, 0.0, 0.0, 0.983867646867755, 0.0, 0.0, 0.0, 0.0, 0.0, 0.0, 0.0, 0.0, 0.0, 0.0, 0.0, 0.0, 0.0, 0.0, 0.0, 0.0, 0.0, 0.0, 0.0, 0.0], [0.0, 0.0, 0.0, 0.0, 0.0, 0.0, 0.0, 0.0, 0.0, 0.9650149482203727, 0.0, 0.0, 0.0, 0.0, 0.0, 0.0, 0.0, 0.0, 0.0, 0.0, 0.0, 0.0, 0.0, 0.0, 0.0, 0.0, 0.0, 0.0, 0.0], [0.0, 0.0, 0.0, 0.0, 0.0, 0.0, 0.0, 0.0, 0.0, 0.0, 0.97723667959401, 0.0, 0.0, 0.0, 0.0, 0.0, 0.0, 0.0, 0.0, 0.0, 0.0, 0.0, 0.0, 0.0, 0.0, 0.0, 0.0, 0.0, 0.0], [0.0, 0.0, 0.0, 0.0, 0.0, 0.0, 0.0, 0.0, 0.0, 0.0, 0.975403521938642, 0.0, 0.0, 0.0, 0.0, 0.0, 0.0, 0.0, 0.0, 0.0, 0.0, 0.0, 0.0, 0.0, 0.0, 0.0, 0.0, 0.0, 0.0]], "Born radii": [], "Atomic SASAs": [], "Solvent H bonds": [], "Total SASA": NaN, "Total FOD": 0.0, "FOD": [0.0, 0.0, 0.0, 0.0, 0.0, 0.0, 0.0, 0.0, 0.0, 0.0, 0.0, 0.0, 0.0, 0.0, 0.0, 0.0, 0.0, 0.0, 0.0, 0.0, 0.0, 0.0, 0.0, 0.0, 0.0, 0.0, 0.0, 0.0, 0.0], "FOD s proportion": [0.0, 0.0, 0.0, 0.0, 0.0, 0.0, 0.0, 0.0, 0.0, 0.0, 0.0, 0.0, 0.0, 0.0, 0.0, 0.0, 0.0, 0.0, 0.0, 0.0, 0.0, 0.0, 0.0, 0.0, 0.0, 0.0, 0.0, 0.0, 0.0], "FOD p proportion": [0.0, 0.0, 0.0, 0.0, 0.0, 0.0, 0.0, 0.0, 0.0, 0.0, 0.0, 0.0, 0.0, 0.0, 0.0, 0.0, 0.0, 0.0, 0.0, 0.0, 0.0, 0.0, 0.0, 0.0, 0.0, 0.0, 0.0, 0.0, 0.0], "FOD d proportion": [0.0, 0.0, 0.0, 0.0, 0.0, 0.0, 0.0, 0.0, 0.0, 0.0, 0.0, 0.0, 0.0, 0.0, 0.0, 0.0, 0.0, 0.0, 0.0, 0.0, 0.0, 0.0, 0.0, 0.0, 0.0, 0.0, 0.0, 0.0, 0.0], "coordinates": [["4.03610", "-0.76650", "-0.51740"], ["2.66250", "-0.15030", "-0.46060"], ["2.66200", "1.34840", "-0.33630"], ["1.56060", "-0.92440", "-0.50640"], ["0.12290", "-0.47820", "-0.49230"], ["-0.51670", "-0.72190", "0.87760"], ["-1.98400", "-0.25680", "0.99870"], ["-2.40150", "-0.57780", "2.33270"], ["-2.89930", "-1.04270", "0.05100"], ["-2.09010", "1.24840", "0.89320"], ["-2.82630", "1.96500", "0.03220"], ["4.59070", "-0.37550", "-1.37660"], ["3.99960", "-1.85670", "-0.61410"], ["4.59530", "-0.53240", "0.39440"], ["1.67020", "1.76890", "-0.15540"], ["3.29350", "1.65590", "0.50420"], ["3.06010", "1.80170", "-1.24980"], ["1.68880", "-2.00500", "-0.57550"], ["0.03060", "0.57140", "-0.78450"], ["-0.40550", "-1.05130", "-1.26300"], ["-0.46010", "-1.79190", "1.12420"], ["0.08240", "-0.22640", "1.65580"], ["-3.28470", "-0.18900", "2.45500"], ["-2.69230", "-0.83270", "-1.00290"], ["-2.78780", "-2.12110", "0.21420"], ["-3.95490", "-0.81640", "0.24410"], ["-1.48710", "1.79780", "1.61700"], ["-2.80880", "3.05080", "0.06730"], ["-3.45620", "1.50870", "-0.72380"]], "bond_dist": [[0.0, 1.5065542273678703, 2.528586567630225, 2.4805551112603808, 3.923885974388145, 4.761932590871064, 6.228961174224801, 7.042824111107702, 6.96413226181123, 6.601510494576223, 7.406462459906214, 1.094845559885046, 1.0950886630771044, 1.094936842927481, 3.486657420797174, 2.7318753778311335, 2.8433496091757693, 2.6546327712133744, 4.231471265411122, 4.512742066637534, 4.8951108424631204, 4.543814470244136, 7.922296425279731, 6.746218144264237, 6.995412134392083, 8.027356554931393, 6.4526766608904245, 7.859154495872951, 7.832859968747048], [1.5065542273678703, 0.0, 1.503845879736351, 1.347409388419125, 2.5608770880305833, 3.496400783663109, 4.871433155653477, 5.799084163900366, 5.656123368527246, 5.135790386104168, 5.902903638888238, 2.14656150156477, 2.17329234572802, 2.147729324193344, 2.1820025137474066, 2.1427455471893997, 2.14271472669602, 2.0979050955655736, 2.748210273978321, 3.296706046950501, 3.8674374409937133, 3.337941907822843, 6.62354956877353, 5.425278065684744, 5.834824570627639, 6.688069531636166, 5.032960910835689, 6.360883846604967, 6.345080372225398], [2.528586567630225, 1.503845879736351, 0.0, 2.5313308377215336, 3.1317458980575035, 3.9829422529080185, 5.093545723756684, 6.039274765234647, 6.065922698979933, 4.909595162536317, 5.535108372922792, 2.788178435825082, 3.484108581832661, 2.794455227768017, 1.0923425744701156, 1.0953486887744923, 1.0947359270618646, 3.499946633878865, 2.780086005863847, 4.003359742766069, 4.662837414064531, 3.619778116128114, 6.746717375138817, 5.819800792123386, 6.4838877642969726, 6.986171255415944, 4.607859813405786, 5.74375411729994, 6.132554409053375], [2.4805551112603808, 1.347409388419125, 2.5313308377215336, 0.0, 1.5054150723305517, 2.5043237690043196, 3.9083506662017933, 4.886599715548635, 4.4961536517338905, 4.472980045786031, 5.280493720287905, 3.200007071867186, 2.6133318924315754, 3.1897505748882624, 2.718285866129609, 3.2683639424029876, 3.1988693346243453, 1.090369850096746, 2.1576972099903173, 2.11047302280792, 2.7376342158878715, 2.710606588939088, 5.726048830563707, 4.282765409171976, 4.567268090445316, 5.567374111733465, 4.605179224525361, 5.934897058079441, 5.579921201056516], [3.923885974388145, 2.5608770880305833, 3.1317458980575035, 1.5054150723305517, 0.0, 1.531373194227978, 2.5905842140335835, 3.789873417411194, 3.12210313410688, 3.130195969903482, 3.8655021834167935, 4.555630650085672, 4.116296925635953, 4.559773710393971, 2.7490175172231988, 3.9496961174247316, 3.794587474284919, 2.1886258908273932, 1.0934167961029317, 1.0961882411337935, 2.1630462177216647, 2.1631867926741783, 4.51463749264545, 2.8830077436593884, 3.4162021529763136, 4.157537376861452, 3.4959151148161483, 4.621889013163341, 4.1001610541538485], [4.761932590871064, 3.496400783663109, 3.9829422529080185, 2.5043237690043196, 1.531373194227978, 0.0, 1.5440053464933339, 2.385487761444187, 2.542235819116708, 2.5214902359517475, 3.642579433588237, 5.593473461097317, 4.889775620619007, 5.138281472438037, 3.471844646581987, 4.506770954907737, 4.867020234188471, 2.9363370838512397, 2.1759454473860322, 2.168648925022213, 1.0995067621438261, 1.1000164998762518, 3.2301698360922138, 2.877810322102553, 2.748773437371658, 3.497352104092466, 2.79951363811645, 4.488159287503063, 4.022526391460968], [6.228961174224801, 4.871433155653477, 5.093545723756684, 3.9083506662017933, 2.5905842140335835, 1.5440053464933339, 0.0, 1.4341907997194794, 1.5341278271382737, 1.512618425115865, 2.5651484908285522, 6.991624980646487, 6.4003338045761335, 6.61273939755681, 4.3345801342229215, 5.635153750342576, 5.89373559892196, 4.361624550554529, 2.815018763703006, 2.8702228815895117, 2.1666918262641786, 2.168574077591079, 1.9537725097871554, 2.1999436947340265, 2.176499294739146, 2.1833506658345105, 2.2024045177941316, 3.5338390965068007, 2.87251968487598], [7.042824111107702, 5.799084163900366, 6.039274765234647, 4.886599715548635, 3.789873417411194, 2.385487761444187, 1.4341907997194794, 0.0, 2.3811954434695193, 2.346089650887195, 3.455226060621794, 7.917745425308899, 7.161933863140597, 7.260459922759715, 5.317554267706161, 6.384814244752936, 6.9516473630356135, 5.2177659175168065, 4.117366499353683, 4.139719403534495, 2.5891205109071302, 2.5983523202214127, 0.9727101161188774, 3.357940739500922, 2.649348000924001, 2.6138537602551524, 2.6442067260333486, 4.297053456730554, 3.848125074630501], [6.96413226181123, 5.656123368527246, 6.065922698979933, 4.4961536517338905, 3.12210313410688, 2.542235819116708, 1.5341278271382737, 2.3811954434695193, 0.0, 2.5716229680884406, 3.00864450043537, 7.653972667837271, 6.9785224238372985, 7.519797790499423, 5.369173658022247, 6.770421260158042, 6.730315026802238, 4.729607293422997, 3.4478534003057613, 2.818813296406841, 2.768168260781848, 3.4831399081862906, 2.5800296219229732, 1.0943738894911554, 1.0963635574023793, 1.0967181315178478, 3.5376694432917275, 4.09453271937104, 2.7239850605317204], [6.601510494576223, 5.135790386104168, 4.909595162536317, 4.472980045786031, 3.130195969903482, 2.5214902359517475, 1.512618425115865, 2.346089650887195, 2.5716229680884406, 0.0, 1.340457757633563, 7.240312969064252, 6.999860383607662, 6.936470517489425, 3.9383166835591066, 5.41299604747685, 5.6056355509433535, 5.198247441205545, 2.787539197930677, 3.574310519526808, 3.457410170922739, 2.7342915078681713, 2.4356533332968384, 2.8790306111606387, 3.507328975160443, 2.8569579783398984, 1.0905667334005746, 2.108858994812124, 2.132762129258676], [7.406462459906214, 5.902903638888238, 5.535108372922792, 5.280493720287905, 3.8655021834167935, 3.642579433588237, 2.5651484908285522, 3.455226060621794, 3.00864450043537, 1.340457757633563, 0.0, 7.904084177815922, 7.849586319673159, 7.83889929518169, 4.504682144169552, 6.145752911564212, 6.026599028473688, 6.042874092681395, 3.2819197826881754, 4.078710748508651, 4.572271213521788, 3.987335778436524, 3.2741115436099606, 2.9860531308066167, 4.090332438812278, 3.0091237146385326, 2.0815867793584775, 1.0865081223810527, 1.0846749282619197], [1.094845559885046, 2.14656150156477, 2.788178435825082, 3.200007071867186, 4.555630650085672, 5.593473461097317, 6.991624980646487, 7.917745425308899, 7.653972667837271, 7.240312969064252, 7.904084177815922, 0.0, 1.7676987582730266, 1.7779425665639483, 3.8234933045580193, 3.0572409849405067, 2.66439757543802, 3.4231644818793034, 4.694860384505593, 5.042977794914429, 5.811262362000187, 5.435296630359745, 8.760015180922919, 7.306898968098573, 7.7472592734463195, 8.70909528366753, 7.115091474464681, 8.281121853348132, 8.290292943557544], [1.0950886630771044, 2.17329234572802, 3.484108581832661, 2.6133318924315754, 4.116296925635953, 4.889775620619007, 6.4003338045761335, 7.161933863140597, 6.9785224238372985, 6.999860383607662, 7.849586319673159, 1.7676987582730266, 0.0, 1.7679652796364527, 4.333761115936134, 3.7533359641790662, 3.830230449986006, 2.3158755342202655, 4.655928131962519, 4.5248918639012805, 4.786941614434001, 4.811941389917379, 8.078466722714156, 6.780948831100261, 6.842863947938758, 8.068011005198244, 6.959673437022746, 8.420342794090988, 8.180886558925017], [1.094936842927481, 2.147729324193344, 2.794455227768017, 3.1897505748882624, 4.559773710393971, 5.138281472438037, 6.61273939755681, 7.260459922759715, 7.519797790499423, 6.936470517489425, 7.83889929518169, 1.7779425665639483, 1.7679652796364527, 0.0, 3.762242913475949, 2.5486067115190605, 3.241643948677893, 3.399558650766302, 4.841969200645539, 5.293791893340727, 5.260800076984488, 4.695852677629484, 8.152201906233678, 7.426421826155581, 7.554244193829056, 8.55623551160205, 6.627229629339849, 8.232072245795708, 8.381116435177358], [3.486657420797174, 2.1820025137474066, 1.0923425744701156, 2.718285866129609, 2.7490175172231988, 3.471844646581987, 4.3345801342229215, 5.317554267706161, 5.369173658022247, 3.9383166835591066, 4.504682144169552, 3.8234933045580193, 4.333761115936134, 3.762242913475949, 0.0, 1.7558314412266343, 1.7693527658440529, 3.7972557432967298, 2.1255731509407054, 3.672715111467264, 4.342217278073496, 3.1277430153386963, 5.9328403467479225, 5.149561637654219, 5.928108312100918, 6.20363815434137, 3.620881144141575, 4.6641509302337125, 5.1643740724312375], [2.7318753778311335, 2.1427455471893997, 1.0953486887744923, 3.2683639424029876, 3.9496961174247316, 4.506770954907737, 5.635153750342576, 6.384814244752936, 6.770421260158042, 5.41299604747685, 6.145752911564212, 3.0572409849405067, 3.7533359641790662, 2.5486067115190605, 1.7558314412266343, 0.0, 1.7754574621770018, 4.140410968732452, 3.6719755377725485, 4.912690574420497, 5.134319604387713, 3.8962031594874516, 7.105068042601703, 6.655394955222416, 7.164638071110082, 7.6628468508772904, 4.910457800449974, 6.274925729440946, 6.862077085693515], [2.8433496091757693, 2.14271472669602, 1.0947359270618646, 3.1988693346243453, 3.794587474284919, 4.867020234188471, 5.89373559892196, 6.9516473630356135, 6.730315026802238, 5.6056355509433535, 6.026599028473688, 2.66439757543802, 3.830230449986006, 3.241643948677893, 1.7693527658440529, 1.7754574621770018, 0.0, 4.101964050305658, 3.3027280284637426, 4.488893694441872, 5.562521460632759, 4.628433672420941, 7.612155842466705, 6.331755580405801, 7.192328569385578, 7.63520856427642, 5.375461402521648, 6.143206852288143, 6.544057662490452], [2.6546327712133744, 2.0979050955655736, 3.499946633878865, 1.090369850096746, 2.1886258908273932, 2.9363370838512397, 4.361624550554529, 5.2177659175168065, 4.729607293422997, 5.198247441205545, 6.042874092681395, 3.4231644818793034, 2.3158755342202655, 3.399558650766302, 3.7972557432967298, 4.140410968732452, 4.101964050305658, 0.0, 3.0710169651110686, 2.4017269682459745, 2.748119886395061, 3.2745440308537614, 6.100613780596178, 4.555326032239625, 4.547202751142728, 5.825449665905628, 5.417996391656237, 6.7972576264255276, 6.232102821680656], [4.231471265411122, 2.748210273978321, 2.780086005863847, 2.1576972099903173, 1.0934167961029317, 2.1759454473860322, 2.815018763703006, 4.117366499353683, 3.4478534003057613, 2.787539197930677, 3.2819197826881754, 4.694860384505593, 4.655928131962519, 4.841969200645539, 2.1255731509407054, 3.6719755377725485, 3.3027280284637426, 3.0710169651110686, 0.0, 1.7470834982907943, 3.0771917506063873, 2.56792370797888, 4.697210076204811, 3.071380761156129, 4.023721722485291, 4.343756099276294, 3.094296769865489, 3.864606054955667, 3.611092635200598], [4.512742066637534, 3.296706046950501, 4.003359742766069, 2.11047302280792, 1.0961882411337935, 2.168648925022213, 2.8702228815895117, 4.139719403534495, 2.818813296406841, 3.574310519526808, 4.078710748508651, 5.042977794914429, 4.5248918639012805, 5.293791893340727, 3.672715111467264, 4.912690574420497, 4.488893694441872, 2.4017269682459745, 1.7470834982907943, 0.0, 2.5000386717008998, 3.0721165114624154, 4.780886730513493, 2.3119022924855623, 3.0003241774848264, 3.863258829019873, 4.193045357493763, 4.936878911822732, 4.018844004188269], [4.8951108424631204, 3.8674374409937133, 4.662837414064531, 2.7376342158878715, 2.1630462177216647, 1.0995067621438261, 2.1666918262641786, 2.5891205109071302, 2.768168260781848, 3.457410170922739, 4.572271213521788, 5.811262362000187, 4.786941614434001, 5.260800076984488, 4.342217278073496, 5.134319604387713, 5.562521460632759, 2.748119886395061, 3.0771917506063873, 2.5000386717008998, 0.0, 1.740027315877541, 3.509798029801715, 3.229138567791726, 2.5208450825070545, 3.7336045987758264, 3.766102352565581, 5.4849952224227145, 4.8255237612097615], [4.543814470244136, 3.337941907822843, 3.619778116128114, 2.710606588939088, 2.1631867926741783, 1.1000164998762518, 2.168574077591079, 2.5983523202214127, 3.4831399081862906, 2.7342915078681713, 3.987335778436524, 5.435296630359745, 4.811941389917379, 4.695852677629484, 3.1277430153386963, 3.8962031594874516, 4.628433672420941, 3.2745440308537614, 2.56792370797888, 3.0721165114624154, 1.740027315877541, 0.0, 3.4608498681682223, 3.890404281048436, 3.7290946206820763, 4.317497907353285, 2.5616833000978088, 4.649990272032835, 4.603776507390426], [7.922296425279731, 6.62354956877353, 6.746717375138817, 5.726048830563707, 4.51463749264545, 3.2301698360922138, 1.9537725097871554, 0.9727101161188774, 2.5800296219229732, 2.4356533332968384, 3.2741115436099606, 8.760015180922919, 8.078466722714156, 8.152201906233678, 5.9328403467479225, 7.105068042601703, 7.612155842466705, 6.100613780596178, 4.697210076204811, 4.780886730513493, 3.509798029801715, 3.4608498681682223, 0.0, 3.5668417206262464, 3.0001841043509314, 2.3939251471171774, 2.8073090317953953, 4.052640637905118, 3.607820253283137], [6.746218144264237, 5.425278065684744, 5.819800792123386, 4.282765409171976, 2.8830077436593884, 2.877810322102553, 2.1999436947340265, 3.357940739500922, 1.0943738894911554, 2.8790306111606387, 2.9860531308066167, 7.306898968098573, 6.780948831100261, 7.426421826155581, 5.149561637654219, 6.655394955222416, 6.331755580405801, 4.555326032239625, 3.071380761156129, 2.3119022924855623, 3.229138567791726, 3.890404281048436, 3.5668417206262464, 0.0, 1.7749442864495775, 1.7746643203716017, 3.9033208041358836, 4.029946964911573, 2.4786274387249088], [6.995412134392083, 5.834824570627639, 6.4838877642969726, 4.567268090445316, 3.4162021529763136, 2.748773437371658, 2.176499294739146, 2.649348000924001, 1.0963635574023793, 3.507328975160443, 4.090332438812278, 7.7472592734463195, 6.842863947938758, 7.554244193829056, 5.928108312100918, 7.164638071110082, 7.192328569385578, 4.547202751142728, 4.023721722485291, 3.0003241774848264, 2.5208450825070545, 3.7290946206820763, 3.0001841043509314, 1.7749442864495775, 0.0, 1.750787968315981, 4.360899625077376, 5.174028432469231, 3.808155800384223], [8.027356554931393, 6.688069531636166, 6.986171255415944, 5.567374111733465, 4.157537376861452, 3.497352104092466, 2.1833506658345105, 2.6138537602551524, 1.0967181315178478, 2.8569579783398984, 3.0091237146385326, 8.70909528366753, 8.068011005198244, 8.55623551160205, 6.20363815434137, 7.6628468508772904, 7.63520856427642, 5.825449665905628, 4.343756099276294, 3.863258829019873, 3.7336045987758264, 4.317497907353285, 2.3939251471171774, 1.7746643203716017, 1.750787968315981, 0.0, 3.848237634294431, 4.037330713478895, 2.56741545333045], [6.4526766608904245, 5.032960910835689, 4.607859813405786, 4.605179224525361, 3.4959151148161483, 2.79951363811645, 2.2024045177941316, 2.6442067260333486, 3.5376694432917275, 1.0905667334005746, 2.0815867793584775, 7.115091474464681, 6.959673437022746, 6.627229629339849, 3.620881144141575, 4.910457800449974, 5.375461402521648, 5.417996391656237, 3.094296769865489, 4.193045357493763, 3.766102352565581, 2.5616833000978088, 2.8073090317953953, 3.9033208041358836, 4.360899625077376, 3.848237634294431, 0.0, 2.39133226047741, 3.072503581771712], [7.859154495872951, 6.360883846604967, 5.74375411729994, 5.934897058079441, 4.621889013163341, 4.488159287503063, 3.5338390965068007, 4.297053456730554, 4.09453271937104, 2.108858994812124, 1.0865081223810527, 8.281121853348132, 8.420342794090988, 8.232072245795708, 4.6641509302337125, 6.274925729440946, 6.143206852288143, 6.7972576264255276, 3.864606054955667, 4.936878911822732, 5.4849952224227145, 4.649990272032835, 4.052640637905118, 4.029946964911573, 5.174028432469231, 4.037330713478895, 2.39133226047741, 0.0, 1.8501455023862314], [7.832859968747048, 6.345080372225398, 6.132554409053375, 5.579921201056516, 4.1001610541538485, 4.022526391460968, 2.87251968487598, 3.848125074630501, 2.7239850605317204, 2.132762129258676, 1.0846749282619197, 8.290292943557544, 8.180886558925017, 8.381116435177358, 5.1643740724312375, 6.862077085693515, 6.544057662490452, 6.232102821680656, 3.611092635200598, 4.018844004188269, 4.8255237612097615, 4.603776507390426, 3.607820253283137, 2.4786274387249088, 3.808155800384223, 2.56741545333045, 3.072503581771712, 1.8501455023862314, 0.0]]}