{"total energy": -33.4410746, "HOMO-LUMO gap/eV": 4.73937873, "electronic energy": -33.83448676, "dipole": [-0.58147773, -0.43500363, 0.72831152], "partial charges": [-0.10123381, -0.0532354, -0.05949705, -0.06448512, 0.08027393, -0.26567453, 0.35138484, -0.40963855, -0.08112266, -0.09691741, 0.03375428, 0.03409643, 0.03434063, 0.0300303, 0.03102332, 0.03428238, 0.044208, 0.0422283, 0.049094, 0.05079742, 0.04842695, 0.06101575, 0.06390976, 0.04851429, 0.04669493, 0.04772903], "atomic dipole moments": [[0.06118357, 0.08238616, 0.02284288], [0.03362714, -0.07626469, -0.07777968], [-0.01537868, 0.09468663, 0.07783765], [0.05554968, -0.06018039, -0.09855164], [0.09078789, -0.21069164, 0.09005324], [0.04357787, 0.16917328, -0.14798517], [-0.14119108, 0.04341486, 0.06186939], [-0.05494599, -0.11976594, 0.11966123], [-0.01414681, 0.10556139, 0.07072285], [-0.05924833, -0.01576558, -0.12040086], [-0.10465512, 0.00369157, 0.0682027], [-0.03370085, -8.046e-05, -0.12157816], [0.05800337, -0.10920887, 0.02509557], [-0.06544459, 0.10263272, -0.02023316], [0.02304527, -0.00252872, 0.12148273], [-0.02683549, -7.478e-05, -0.1216639], [0.06221222, -0.10876575, 0.02082782], [-0.06459368, 0.10603415, -0.0176956], [0.02781057, -0.00598258, 0.12320098], [-0.0281805, -0.00104968, -0.12565828], [0.06426657, 0.10335517, 0.03275279], [-0.07781798, -0.10255963, -0.00016081], [0.08320614, -0.02655373, -0.09152962], [0.06674064, -0.10189777, 0.03134642], [0.07974177, 0.10117616, -0.00231862], [-0.08335817, 0.02293592, 0.09432798]], "atomic quadrupole moments": [[0.00738746, 0.16447486, 0.09655419, 0.03625835, 0.06596323, -0.10394165], [0.12264963, 0.1528792, -0.00829568, -0.11100928, 0.07402596, -0.11435395], [0.12330424, 0.16686089, -0.01249343, -0.10996994, 0.08729571, -0.11081081], [0.14317904, 0.14212301, -0.03692366, -0.14875045, 0.06383698, -0.10625538], [0.11343665, -0.33276946, 0.13167626, -0.07754388, -0.1476352, -0.24511291], [0.00605634, -0.06486121, 0.03841803, -0.00716469, -0.03608459, -0.04447438], [0.03348658, 0.13896251, -0.14614416, 0.19044239, 0.36879002, 0.11265758], [-0.04236124, 0.08170257, -0.02102227, 0.10310831, 0.1138415, 0.06338351], [-0.06333291, -0.12484759, 0.01466685, 0.14965267, -0.055048, 0.04866607], [-0.04966982, 0.01817725, -0.1314822, 0.16024656, 0.04109627, 0.18115202], [0.04095401, -0.00010358, -0.03479421, -0.05989633, 0.01489759, -0.0061598], [-0.04289971, 0.00777802, -0.03138082, 0.02539174, -0.01138879, 0.07428053], [0.0001613, -0.04878115, 0.04209904, 0.023393, -0.01744665, -0.04226034], [-0.00054155, -0.02912374, 0.03129067, 0.01021232, -0.02492525, -0.03074912], [-0.01504664, 0.00669188, -0.03295887, 0.02373726, -0.01083544, 0.0480055], [-0.01857845, 0.00352897, -0.03199736, 0.02125425, -0.01263947, 0.05057581], [0.00261948, -0.03132907, 0.02412165, 0.01095292, -0.02230987, -0.02674113], [0.00576435, -0.03466146, 0.03401335, 0.01328236, -0.02026762, -0.0397777], [-0.01974621, 0.01368672, -0.02780149, 0.02579414, -0.01269144, 0.0475477], [-0.01187968, -0.01932843, -0.02081649, 0.01436027, 0.01047654, 0.03269617], [0.01234109, 0.01488745, 0.02428714, 0.010483, 0.01691986, -0.03662823], [0.01219331, 0.04666264, 0.01477319, -0.00932632, -0.01508476, -0.0269665], [0.02483904, -0.01472068, -0.03770642, -0.04165036, 0.00396889, 0.01286738], [-0.01719208, -0.05435448, 0.0451825, 0.02036275, -0.01068014, -0.02799043], [-0.00391187, 0.06006911, 0.02876916, -0.00546285, -0.01574924, -0.02485728], [0.03213736, -0.01177192, -0.04749797, -0.05058649, 0.01608107, 0.01536062]], "number of molecular orbitals": 56, "number of electrons": 60, "number of unpaired electrons": 0, "orbital energies/eV": [-20.03098329, -19.29740701, -18.30804895, -17.34675948, -17.02272096, -16.64398422, -16.46342823, -16.20259168, -15.90409236, -15.65187387, -15.28621455, -15.12614144, -14.87743199, -14.26623993, -14.08471409, -13.84584851, -13.7393707, -13.44084408, -13.34274017, -13.08883458, -12.96085795, -12.72545341, -12.67399528, -12.31677903, -12.14611863, -12.12557089, -11.90378503, -11.75468671, -11.6149253, -11.20793496, -6.46855624, 0.1148184, 1.5244725, 2.62198914, 3.00538947, 3.04172214, 3.27342796, 3.39932799, 3.59844029, 3.86857968, 4.0569922, 4.23885802, 4.39775691, 4.52245319, 4.75401069, 4.92819053, 5.43376694, 5.94871863, 6.12583576, 6.55213239, 6.65742845, 7.04135617, 7.08059096, 7.47418599, 8.13688007, 16.09247254], "fractional occupation": [2.0, 2.0, 2.0, 2.0, 2.0, 2.0, 2.0, 2.0, 2.0, 2.0, 2.0, 2.0, 2.0, 2.0, 2.0, 2.0, 2.0, 2.0, 2.0, 2.0, 2.0, 2.0, 2.0, 2.0, 2.0, 2.0, 2.0, 2.0, 2.0, 2.0, 0.0, 0.0, 0.0, 0.0, 0.0, 0.0, 0.0, 0.0, 0.0, 0.0, 0.0, 0.0, 0.0, 0.0, 0.0, 0.0, 0.0, 0.0, 0.0, 0.0, 0.0, 0.0, 0.0, 0.0, 0.0, 0.0], "program call": "xtb /home/svss/Project-DBcg-Debug/aqme2_20220329/End-to-End-workflows-final/example-3/QDESCP/mol_636_rdkit_conf_9/mol_636_rdkit_conf_9.xyz --pop --wbo --acc 0.2 --gfn 2 --chrg 0 --uhf 0 --etemp 300 --input /home/svss/Project-DBcg-Debug/aqme2_20220329/End-to-End-workflows-final/example-3/QDESCP/mol_636_rdkit_conf_9/mol_636_rdkit_conf_9_xtb.inp", "method": "GFN2-xTB", "xtb version": "6.3.3 (7355c4f)", "Dipole module/D": 2.614, "Total charge": 0, "Transition dipole module/D": NaN, "HOMO": -11.2079, "LUMO": -6.4686, "HOMO occupancy": 2.0, "LUMO occupancy": 0, "mulliken charges": [-0.08318, -0.03943, -0.0449, -0.05657, 0.19942, -0.42228, 0.5741, -0.52995, -0.06963, -0.07194, 0.0292, 0.02759, 0.02799, 0.02168, 0.02329, 0.02332, 0.03372, 0.02849, 0.03688, 0.03966, 0.0396, 0.04901, 0.05029, 0.03523, 0.04028, 0.03813], "cm5 charges": [-0.23352, -0.15193, -0.15442, -0.16381, 0.1188, -0.50713, 0.62326, -0.57829, -0.17006, -0.21976, 0.07999, 0.07888, 0.07928, 0.0764, 0.07802, 0.07913, 0.09168, 0.08367, 0.09427, 0.10508, 0.10455, 0.10742, 0.10832, 0.0862, 0.0926, 0.09135], "FUKUI+": [0.006, 0.004, 0.005, 0.008, 0.028, -0.126, -0.185, -0.278, 0.021, 0.02, -0.017, -0.007, -0.004, -0.013, -0.009, -0.009, 0.005, -0.038, -0.022, -0.038, -0.037, -0.09, -0.074, -0.071, -0.036, -0.041], "FUKUI-": [0.019, 0.008, 0.012, 0.011, 0.015, -0.041, -0.019, -0.137, -0.009, 0.013, -0.048, -0.066, -0.063, -0.088, -0.085, -0.065, -0.061, -0.049, -0.038, -0.025, -0.032, -0.053, -0.043, -0.076, -0.05, -0.032], "FUKUIrad": [0.013, 0.006, 0.008, 0.01, 0.021, -0.083, -0.102, -0.207, 0.006, 0.016, -0.033, -0.037, -0.033, -0.05, -0.047, -0.037, -0.028, -0.044, -0.03, -0.031, -0.035, -0.072, -0.058, -0.074, -0.043, -0.036], "s proportion": [1.007, 1.027, 1.031, 1.035, 0.998, 1.7, 0.989, 1.731, 1.034, 1.006, 0.971, 0.972, 0.972, 0.978, 0.977, 0.977, 0.966, 0.972, 0.963, 0.96, 0.96, 0.951, 0.95, 0.965, 0.96, 0.962], "p proportion": [3.076, 3.012, 3.013, 3.022, 2.803, 4.722, 2.437, 4.799, 3.036, 3.066, 0.0, 0.0, 0.0, 0.0, 0.0, 0.0, 0.0, 0.0, 0.0, 0.0, 0.0, 0.0, 0.0, 0.0, 0.0, 0.0], "d proportion": [0.0, 0.0, 0.0, 0.0, 0.0, 0.0, 0.0, 0.0, 0.0, 0.0, 0.0, 0.0, 0.0, 0.0, 0.0, 0.0, 0.0, 0.0, 0.0, 0.0, 0.0, 0.0, 0.0, 0.0, 0.0, 0.0], "Fermi-level/eV": -8.8382, "Coordination numbers": [3.75, 3.8, 3.802, 3.8, 3.704, 1.702, 2.722, 0.856, 3.802, 3.752, 0.924, 0.924, 0.924, 0.924, 0.924, 0.924, 0.924, 0.924, 0.924, 0.924, 0.924, 0.924, 0.924, 0.924, 0.924, 0.924], "Dispersion coefficient C6": [22.497, 21.531, 21.644, 21.738, 19.386, 18.405, 21.033, 21.875, 22.047, 22.41, 2.534, 2.529, 2.526, 2.586, 2.572, 2.527, 2.394, 2.42, 2.331, 2.31, 2.34, 2.187, 2.154, 2.339, 2.362, 2.349], "Total dispersion C6": 5000.708191, "Total dispersion C8": 105900.653944, "Polarizability alpha": [6.764, 6.606, 6.624, 6.638, 6.295, 5.792, 7.508, 6.271, 6.685, 6.751, 2.489, 2.487, 2.485, 2.515, 2.508, 2.486, 2.42, 2.433, 2.388, 2.377, 2.392, 2.313, 2.295, 2.392, 2.403, 2.397], "Total polarizability alpha": 104.712785, "Wiberg matrix": [[0.0, 1.0203810573943486, 0.0, 0.0, 0.0, 0.0, 0.0, 0.0, 0.0, 0.0, 0.9871874105087336, 0.9875792061197161, 0.9875655103099421, 0.0, 0.0, 0.0, 0.0, 0.0, 0.0, 0.0, 0.0, 0.0, 0.0, 0.0, 0.0, 0.0], [1.0203810573943486, 0.0, 1.007889333731926, 0.0, 0.0, 0.0, 0.0, 0.0, 0.0, 0.0, 0.0, 0.0, 0.0, 0.9778527613778552, 0.9779332730427452, 0.0, 0.0, 0.0, 0.0, 0.0, 0.0, 0.0, 0.0, 0.0, 0.0, 0.0], [0.0, 1.007889333731926, 0.0, 1.0072382516379563, 0.0, 0.0, 0.0, 0.0, 0.0, 0.0, 0.0, 0.0, 0.0, 0.0, 0.0, 0.976792605623679, 0.9762800444654985, 0.0, 0.0, 0.0, 0.0, 0.0, 0.0, 0.0, 0.0, 0.0], [0.0, 0.0, 1.0072382516379563, 0.0, 1.005486488340027, 0.0, 0.0, 0.0, 0.0, 0.0, 0.0, 0.0, 0.0, 0.0, 0.0, 0.0, 0.0, 0.9740581277020763, 0.975454240311265, 0.0, 0.0, 0.0, 0.0, 0.0, 0.0, 0.0], [0.0, 0.0, 0.0, 1.005486488340027, 0.0, 0.9420916541399714, 0.0, 0.0, 0.0, 0.0, 0.0, 0.0, 0.0, 0.0, 0.0, 0.0, 0.0, 0.0, 0.0, 0.968408202250274, 0.969212383637772, 0.0, 0.0, 0.0, 0.0, 0.0], [0.0, 0.0, 0.0, 0.0, 0.9420916541399714, 0.0, 1.1255294207791946, 0.17323441123191852, 0.0, 0.0, 0.0, 0.0, 0.0, 0.0, 0.0, 0.0, 0.0, 0.0, 0.0, 0.0, 0.0, 0.0, 0.0, 0.0, 0.0, 0.0], [0.0, 0.0, 0.0, 0.0, 0.0, 1.1255294207791946, 0.0, 1.7574829022806149, 0.9763208294666302, 0.0, 0.0, 0.0, 0.0, 0.0, 0.0, 0.0, 0.0, 0.0, 0.0, 0.0, 0.0, 0.0, 0.0, 0.0, 0.0, 0.0], [0.0, 0.0, 0.0, 0.0, 0.0, 0.17323441123191852, 1.7574829022806149, 0.0, 0.0, 0.0, 0.0, 0.0, 0.0, 0.0, 0.0, 0.0, 0.0, 0.0, 0.0, 0.0, 0.0, 0.0, 0.0, 0.0, 0.0, 0.0], [0.0, 0.0, 0.0, 0.0, 0.0, 0.0, 0.9763208294666302, 0.0, 0.0, 0.9996796725314551, 0.0, 0.0, 0.0, 0.0, 0.0, 0.0, 0.0, 0.0, 0.0, 0.0, 0.0, 0.9644223045390411, 0.9717821925459562, 0.0, 0.0, 0.0], [0.0, 0.0, 0.0, 0.0, 0.0, 0.0, 0.0, 0.0, 0.9996796725314551, 0.0, 0.0, 0.0, 0.0, 0.0, 0.0, 0.0, 0.0, 0.0, 0.0, 0.0, 0.0, 0.0, 0.0, 0.9837500244960486, 0.9867125461101713, 0.9863762185375774], [0.9871874105087336, 0.0, 0.0, 0.0, 0.0, 0.0, 0.0, 0.0, 0.0, 0.0, 0.0, 0.0, 0.0, 0.0, 0.0, 0.0, 0.0, 0.0, 0.0, 0.0, 0.0, 0.0, 0.0, 0.0, 0.0, 0.0], [0.9875792061197161, 0.0, 0.0, 0.0, 0.0, 0.0, 0.0, 0.0, 0.0, 0.0, 0.0, 0.0, 0.0, 0.0, 0.0, 0.0, 0.0, 0.0, 0.0, 0.0, 0.0, 0.0, 0.0, 0.0, 0.0, 0.0], [0.9875655103099421, 0.0, 0.0, 0.0, 0.0, 0.0, 0.0, 0.0, 0.0, 0.0, 0.0, 0.0, 0.0, 0.0, 0.0, 0.0, 0.0, 0.0, 0.0, 0.0, 0.0, 0.0, 0.0, 0.0, 0.0, 0.0], [0.0, 0.9778527613778552, 0.0, 0.0, 0.0, 0.0, 0.0, 0.0, 0.0, 0.0, 0.0, 0.0, 0.0, 0.0, 0.0, 0.0, 0.0, 0.0, 0.0, 0.0, 0.0, 0.0, 0.0, 0.0, 0.0, 0.0], [0.0, 0.9779332730427452, 0.0, 0.0, 0.0, 0.0, 0.0, 0.0, 0.0, 0.0, 0.0, 0.0, 0.0, 0.0, 0.0, 0.0, 0.0, 0.0, 0.0, 0.0, 0.0, 0.0, 0.0, 0.0, 0.0, 0.0], [0.0, 0.0, 0.976792605623679, 0.0, 0.0, 0.0, 0.0, 0.0, 0.0, 0.0, 0.0, 0.0, 0.0, 0.0, 0.0, 0.0, 0.0, 0.0, 0.0, 0.0, 0.0, 0.0, 0.0, 0.0, 0.0, 0.0], [0.0, 0.0, 0.9762800444654985, 0.0, 0.0, 0.0, 0.0, 0.0, 0.0, 0.0, 0.0, 0.0, 0.0, 0.0, 0.0, 0.0, 0.0, 0.0, 0.0, 0.0, 0.0, 0.0, 0.0, 0.0, 0.0, 0.0], [0.0, 0.0, 0.0, 0.9740581277020763, 0.0, 0.0, 0.0, 0.0, 0.0, 0.0, 0.0, 0.0, 0.0, 0.0, 0.0, 0.0, 0.0, 0.0, 0.0, 0.0, 0.0, 0.0, 0.0, 0.0, 0.0, 0.0], [0.0, 0.0, 0.0, 0.975454240311265, 0.0, 0.0, 0.0, 0.0, 0.0, 0.0, 0.0, 0.0, 0.0, 0.0, 0.0, 0.0, 0.0, 0.0, 0.0, 0.0, 0.0, 0.0, 0.0, 0.0, 0.0, 0.0], [0.0, 0.0, 0.0, 0.0, 0.968408202250274, 0.0, 0.0, 0.0, 0.0, 0.0, 0.0, 0.0, 0.0, 0.0, 0.0, 0.0, 0.0, 0.0, 0.0, 0.0, 0.0, 0.0, 0.0, 0.0, 0.0, 0.0], [0.0, 0.0, 0.0, 0.0, 0.969212383637772, 0.0, 0.0, 0.0, 0.0, 0.0, 0.0, 0.0, 0.0, 0.0, 0.0, 0.0, 0.0, 0.0, 0.0, 0.0, 0.0, 0.0, 0.0, 0.0, 0.0, 0.0], [0.0, 0.0, 0.0, 0.0, 0.0, 0.0, 0.0, 0.0, 0.9644223045390411, 0.0, 0.0, 0.0, 0.0, 0.0, 0.0, 0.0, 0.0, 0.0, 0.0, 0.0, 0.0, 0.0, 0.0, 0.0, 0.0, 0.0], [0.0, 0.0, 0.0, 0.0, 0.0, 0.0, 0.0, 0.0, 0.9717821925459562, 0.0, 0.0, 0.0, 0.0, 0.0, 0.0, 0.0, 0.0, 0.0, 0.0, 0.0, 0.0, 0.0, 0.0, 0.0, 0.0, 0.0], [0.0, 0.0, 0.0, 0.0, 0.0, 0.0, 0.0, 0.0, 0.0, 0.9837500244960486, 0.0, 0.0, 0.0, 0.0, 0.0, 0.0, 0.0, 0.0, 0.0, 0.0, 0.0, 0.0, 0.0, 0.0, 0.0, 0.0], [0.0, 0.0, 0.0, 0.0, 0.0, 0.0, 0.0, 0.0, 0.0, 0.9867125461101713, 0.0, 0.0, 0.0, 0.0, 0.0, 0.0, 0.0, 0.0, 0.0, 0.0, 0.0, 0.0, 0.0, 0.0, 0.0, 0.0], [0.0, 0.0, 0.0, 0.0, 0.0, 0.0, 0.0, 0.0, 0.0, 0.9863762185375774, 0.0, 0.0, 0.0, 0.0, 0.0, 0.0, 0.0, 0.0, 0.0, 0.0, 0.0, 0.0, 0.0, 0.0, 0.0, 0.0]], "Born radii": [], "Atomic SASAs": [], "Solvent H bonds": [], "Total SASA": NaN, "Total FOD": 0.0, "FOD": [0.0, 0.0, 0.0, 0.0, 0.0, 0.0, 0.0, 0.0, 0.0, 0.0, 0.0, 0.0, 0.0, 0.0, 0.0, 0.0, 0.0, 0.0, 0.0, 0.0, 0.0, 0.0, 0.0, 0.0, 0.0, 0.0], "FOD s proportion": [0.0, 0.0, 0.0, 0.0, 0.0, 0.0, 0.0, 0.0, 0.0, 0.0, 0.0, 0.0, 0.0, 0.0, 0.0, 0.0, 0.0, 0.0, 0.0, 0.0, 0.0, 0.0, 0.0, 0.0, 0.0, 0.0], "FOD p proportion": [0.0, 0.0, 0.0, 0.0, 0.0, 0.0, 0.0, 0.0, 0.0, 0.0, 0.0, 0.0, 0.0, 0.0, 0.0, 0.0, 0.0, 0.0, 0.0, 0.0, 0.0, 0.0, 0.0, 0.0, 0.0, 0.0], "FOD d proportion": [0.0, 0.0, 0.0, 0.0, 0.0, 0.0, 0.0, 0.0, 0.0, 0.0, 0.0, 0.0, 0.0, 0.0, 0.0, 0.0, 0.0, 0.0, 0.0, 0.0, 0.0, 0.0, 0.0, 0.0, 0.0, 0.0], "coordinates": [["-3.90490", "-1.02680", "0.23500"], ["-3.02790", "0.16770", "0.57490"], ["-1.73380", "0.16210", "-0.23910"], ["-0.85520", "1.36790", "0.10670"], ["0.42810", "1.40270", "-0.71910"], ["1.22280", "0.25390", "-0.39880"], ["2.39340", "0.17370", "-1.08870"], ["2.78500", "0.98450", "-1.91670"], ["3.15940", "-1.05660", "-0.68060"], ["3.84930", "-0.84910", "0.65250"], ["-4.82450", "-1.00280", "0.82800"], ["-4.18310", "-1.02060", "-0.82370"], ["-3.38720", "-1.96730", "0.44900"], ["-3.58650", "1.09060", "0.38040"], ["-2.79430", "0.14910", "1.64580"], ["-1.97340", "0.17850", "-1.30930"], ["-1.18590", "-0.76770", "-0.04510"], ["-1.41560", "2.29430", "-0.06430"], ["-0.59830", "1.32540", "1.17220"], ["0.18930", "1.40360", "-1.78920"], ["0.99120", "2.31030", "-0.47240"], ["2.47470", "-1.91100", "-0.64450"], ["3.89700", "-1.27550", "-1.46060"], ["4.43010", "-1.73570", "0.92430"], ["4.52880", "0.00870", "0.61300"], ["3.12170", "-0.65960", "1.44870"]], "bond_dist": [[0.0, 1.5203589247279736, 2.5203034003865485, 3.879654503947484, 5.058425254958306, 5.323082022663186, 6.546904980981472, 7.309576088255734, 7.1234504202668525, 7.76746426963137, 1.0944812287106613, 1.094659476732376, 1.0946915273263058, 2.146136640570679, 2.146282788916689, 2.751054857686411, 2.74564196864777, 4.161237819447478, 4.164707941740933, 5.173654746888316, 5.9672813223443715, 6.500355840259823, 7.9879005164060475, 8.393443792627673, 8.505435905349001, 7.140098815142547], [1.5203589247279736, 0.0, 1.5288303274071977, 2.5259288529172785, 3.8914774829105716, 4.361647924810072, 5.670810757731209, 6.376914552508917, 6.431008632399743, 6.9523941085067955, 2.159143677479569, 2.168553870670498, 2.1686798518914685, 1.0961791003298686, 1.0962398140917888, 2.1592351724626937, 2.1569277132069122, 2.744178472694515, 2.756808433678336, 4.17932930743678, 4.6734074142963395, 6.007207072342354, 7.36072866637536, 7.704983836452871, 7.558468594894074, 6.266221500234411], [2.5203034003865485, 1.5288303274071977, 0.0, 1.5314924877386764, 2.5383656099939587, 2.9623326771313176, 4.213755398691291, 4.88980950140187, 5.061971767997131, 5.743560011874168, 3.4710403209988785, 2.78201490650212, 2.7823654558666444, 2.1629585733434658, 2.1627938551789905, 1.0968159189216755, 1.0965210668290875, 2.1628876808563127, 2.1527644622670636, 2.7644973991667996, 3.477760361209495, 4.708881504136625, 5.938405901418325, 6.553533978701873, 6.322164560496667, 5.205741059637908], [3.879654503947484, 2.5259288529172785, 1.5314924877386764, 0.0, 1.526438852361928, 2.4113502959960007, 3.6617614286023605, 4.1823676500279126, 4.755528855973854, 5.229274030876561, 4.679298523283164, 4.200654094304837, 4.201398853953288, 2.758950284075449, 2.759422233004583, 2.1610413230662666, 2.16637787331758, 1.0961323460239643, 1.0968564673648051, 2.164876797880193, 2.1523632430424002, 4.733256876612551, 5.659275367924766, 6.183461717355417, 5.575950172840501, 4.661271699869039], [5.058425254958306, 3.8914774829105716, 2.5383656099939587, 1.526438852361928, 0.0, 1.4331369857763074, 2.34722160223529, 2.676586372602237, 3.6755460043373147, 4.319316987672935, 5.980782174598904, 5.210229312611873, 5.222822196858706, 4.174125036459737, 4.189048427745853, 2.7593847013419497, 2.7874554991963545, 2.150103088226236, 2.153250552072378, 1.0964215703824876, 1.096211776984721, 3.8954774303029915, 4.444754740140337, 5.344747152111127, 4.531386862760672, 4.025905996170303], [5.323082022663186, 4.361647924810072, 2.9623326771313176, 2.4113502959960007, 1.4331369857763074, 0.0, 1.3611386446648261, 2.2974476294357613, 2.3552581705622, 3.036501760249778, 6.297155740491099, 5.570336172081538, 5.186963878802319, 4.943337538546199, 4.508709860924742, 3.324212666181272, 2.64019051206537, 3.3520556334882032, 2.6329752106694815, 2.0792172806130678, 2.0707091732061267, 2.5128497985355196, 3.2585010725792314, 3.9994843492630396, 3.466049376451524, 2.802420330714149], [6.546904980981472, 5.670810757731209, 4.213755398691291, 3.6617614286023605, 2.34722160223529, 1.3611386446648261, 0.0, 1.2232461730984487, 1.5056359785818085, 2.489486310466478, 7.560156846917926, 6.689314594186761, 6.3532463079909, 6.225605547254019, 5.8643266194849675, 4.3723711690569, 3.8453508825593534, 4.478260903520472, 3.9227988209950304, 2.619429531405646, 2.6288876145624784, 2.1330488555117535, 2.1211561022235017, 3.44181990377184, 2.735496490584479, 2.7682500862458217], [7.309576088255734, 6.376914552508917, 4.88980950140187, 4.1823676500279126, 2.676586372602237, 2.2974476294357613, 1.2232461730984487, 0.0, 2.4154104785729484, 3.33100766885938, 8.329899737091678, 7.332768414453029, 7.239178998339521, 6.773768365540705, 6.672172652142629, 4.864251362748434, 4.726641324450164, 4.774096999433505, 4.593934578332608, 2.6324056583285187, 2.6573420122370397, 3.1778450528620805, 2.5597209242415473, 4.263463738558123, 3.22372551095778, 3.760631444318893], [7.1234504202668525, 6.431008632399743, 5.061971767997131, 4.755528855973854, 3.6755460043373147, 2.3552581705622, 1.5056359785818085, 2.4154104785729484, 0.0, 1.5153131260567896, 8.12535707584596, 7.343982561253805, 6.705471065480784, 7.158446455062719, 6.504797701696801, 5.3166127882327485, 4.401017558474404, 5.704295004643431, 4.819450293342593, 4.012863318130833, 4.010044150629766, 1.0954983614775518, 1.095614425790387, 2.1567473913279693, 2.1641444984104, 2.1663214858372246], [7.76746426963137, 6.9523941085067955, 5.743560011874168, 5.229274030876561, 4.319316987672935, 3.036501760249778, 2.489486310466478, 3.33100766885938, 1.5153131260567896, 0.0, 8.676936693326741, 8.168722571491823, 7.3252109689755684, 7.689447063345973, 6.791205275207044, 6.229643351749761, 5.0839463765858115, 6.173648662662947, 4.977919655840179, 4.942889456583062, 4.406352684477265, 2.167802059690875, 2.156219807904565, 1.094195339050574, 1.0950348578926612, 1.0951011140529443], [1.0944812287106613, 2.159143677479569, 3.4710403209988785, 4.679298523283164, 5.980782174598904, 6.297155740491099, 7.560156846917926, 8.329899737091678, 8.12535707584596, 8.676936693326741, 0.0, 1.7719547652239884, 1.7719290448547875, 2.472915954900206, 2.47333428593872, 3.7539701903451492, 3.7492646719056784, 4.8257296764323625, 4.837329358230634, 6.146436954854414, 6.818360379152747, 7.501426806281588, 9.020898929707615, 9.284074388973842, 9.410291076263265, 7.977790995632813], [1.094659476732376, 2.168553870670498, 2.78201490650212, 4.200654094304837, 5.210229312611873, 5.570336172081538, 6.689314594186761, 7.332768414453029, 7.343982561253805, 8.168722571491823, 1.7719547652239884, 0.0, 1.7746726430527968, 2.502589420979798, 3.065190659649086, 2.560551163324021, 3.106989573526116, 4.384553183620881, 4.726322444565119, 5.091838336985965, 6.1637396919402745, 6.719466172249102, 8.109169601753313, 8.817827751209478, 8.88936257501065, 7.658604690150812], [1.0946915273263058, 2.1686798518914685, 2.7823654558666444, 4.201398853953288, 5.222822196858706, 5.186963878802319, 6.3532463079909, 7.239178998339521, 6.705471065480784, 7.3252109689755684, 1.7719290448547875, 1.7746726430527968, 0.0, 3.0651556012705132, 2.5026005694077513, 3.11366455643507, 2.5551705735625556, 4.7235493021667505, 4.37525482000763, 5.400357238183415, 6.1900909750988315, 5.963286304547183, 7.5620585186839175, 7.835159726514834, 8.16054704048693, 6.713811033235893], [2.146136640570679, 1.0961791003298686, 2.1629585733434658, 2.758950284075449, 4.174125036459737, 4.943337538546199, 6.225605547254019, 6.773768365540705, 7.158446455062719, 7.689447063345973, 2.472915954900206, 2.502589420979798, 3.0651556012705132, 0.0, 1.7650043201080274, 2.5078086270686604, 3.065486829200217, 2.5217966987844203, 3.100228623827604, 4.365981997214372, 4.813550999002711, 6.840918652491053, 8.061667473916298, 8.517609668210913, 8.190403192761638, 7.014585673437883], [2.146282788916689, 1.0962398140917888, 2.1627938551789905, 2.759422233004583, 4.189048427745853, 4.508709860924742, 5.8643266194849675, 6.672172652142629, 6.504797701696801, 6.791205275207044, 2.47333428593872, 3.065190659649086, 2.5026005694077513, 1.7650043201080274, 0.0, 3.0671415324370015, 2.507312427680284, 3.0703645939855417, 2.5358222828108437, 4.7196254311120915, 4.8463973145007415, 6.103429126319074, 7.5135013016569046, 7.500999176776385, 7.396903514985173, 5.97426983823128], [2.751054857686411, 2.1592351724626937, 1.0968159189216755, 2.1610413230662666, 2.7593847013419497, 3.324212666181272, 4.3723711690569, 4.864251362748434, 5.3166127882327485, 6.229643351749761, 3.7539701903451492, 2.560551163324021, 3.11366455643507, 2.5078086270686604, 3.0671415324370015, 0.0, 1.7645544281772665, 2.5174938887711322, 3.060085271687702, 2.53149072879993, 3.7461748504307697, 4.9591897422865365, 6.04967799556307, 7.046839209886941, 6.782527122688121, 5.853974685630268], [2.74564196864777, 2.1569277132069122, 1.0965210668290875, 2.16637787331758, 2.7874554991963545, 2.64019051206537, 3.8453508825593534, 4.726641324450164, 4.401017558474404, 5.0839463765858115, 3.7492646719056784, 3.106989573526116, 2.5551705735625556, 3.065486829200217, 2.507312427680284, 1.7645544281772665, 0.0, 3.0706635650946845, 2.4916180806857215, 3.1060591655665544, 3.794263261820402, 3.881547063993943, 5.300695567564694, 5.780676116164959, 5.804626487552839, 4.560541832940467], [4.161237819447478, 2.744178472694515, 2.1628876808563127, 1.0961323460239643, 2.150103088226236, 3.3520556334882032, 4.478260903520472, 4.774096999433505, 5.704295004643431, 6.173648662662947, 4.8257296764323625, 4.384553183620881, 4.7235493021667505, 2.5217966987844203, 3.0703645939855417, 2.5174938887711322, 3.0706635650946845, 0.0, 1.7707847836481991, 2.5187954482252026, 2.4412062284862377, 5.758091195873854, 6.55109490772344, 7.168712468079606, 6.404576021096165, 5.621546539876727], [4.164707941740933, 2.756808433678336, 2.1527644622670636, 1.0968564673648051, 2.153250552072378, 2.6329752106694815, 3.9227988209950304, 4.593934578332608, 4.819450293342593, 4.977919655840179, 4.837329358230634, 4.726322444565119, 4.37525482000763, 3.100228623827604, 2.5358222828108437, 3.060085271687702, 2.4916180806857215, 1.7707847836481991, 0.0, 3.0653415731366707, 2.490230394963486, 4.818507325925737, 5.822717470391296, 5.892078935316465, 5.3229275723045495, 4.225526860641168], [5.173654746888316, 4.17932930743678, 2.7644973991667996, 2.164876797880193, 1.0964215703824876, 2.0792172806130678, 2.619429531405646, 2.6324056583285187, 4.012863318130833, 4.942889456583062, 6.146436954854414, 5.091838336985965, 5.400357238183415, 4.365981997214372, 4.7196254311120915, 2.53149072879993, 3.1060591655665544, 2.5187954482252026, 3.0653415731366707, 0.0, 1.7886058090032022, 4.185685655899162, 4.586130619596437, 5.933183915908894, 5.15243351242886, 4.831124135229812], [5.9672813223443715, 4.6734074142963395, 3.477760361209495, 2.1523632430424002, 1.096211776984721, 2.0707091732061267, 2.6288876145624784, 2.6573420122370397, 4.010044150629766, 4.406352684477265, 6.818360379152747, 6.1637396919402745, 6.1900909750988315, 4.813550999002711, 4.8463973145007415, 3.7461748504307697, 3.794263261820402, 2.4412062284862377, 2.490230394963486, 1.7886058090032022, 0.0, 4.477696321770828, 4.719976114346343, 5.4906211032996985, 4.357759685893659, 4.129159898817192], [6.500355840259823, 6.007207072342354, 4.708881504136625, 4.733256876612551, 3.8954774303029915, 2.5128497985355196, 2.1330488555117535, 3.1778450528620805, 1.0954983614775518, 2.167802059690875, 7.501426806281588, 6.719466172249102, 5.963286304547183, 6.840918652491053, 6.103429126319074, 4.9591897422865365, 3.881547063993943, 5.758091195873854, 4.818507325925737, 4.185685655899162, 4.477696321770828, 0.0, 1.7586405971658905, 2.5130564438547736, 3.079915769952159, 2.5231126015301024], [7.9879005164060475, 7.36072866637536, 5.938405901418325, 5.659275367924766, 4.444754740140337, 3.2585010725792314, 2.1211561022235017, 2.5597209242415473, 1.095614425790387, 2.156219807904565, 9.020898929707615, 8.109169601753313, 7.5620585186839175, 8.061667473916298, 7.5135013016569046, 6.04967799556307, 5.300695567564694, 6.55109490772344, 5.822717470391296, 4.586130619596437, 4.719976114346343, 1.7586405971658905, 0.0, 2.4867102082872465, 2.519555087708939, 3.0731822903954136], [8.393443792627673, 7.704983836452871, 6.553533978701873, 6.183461717355417, 5.344747152111127, 3.9994843492630396, 3.44181990377184, 4.263463738558123, 2.1567473913279693, 1.094195339050574, 9.284074388973842, 8.817827751209478, 7.835159726514834, 8.517609668210913, 7.500999176776385, 7.046839209886941, 5.780676116164959, 7.168712468079606, 5.892078935316465, 5.933183915908894, 5.4906211032996985, 2.5130564438547736, 2.4867102082872465, 0.0, 1.7747058178751767, 1.7733857814925664], [8.505435905349001, 7.558468594894074, 6.322164560496667, 5.575950172840501, 4.531386862760672, 3.466049376451524, 2.735496490584479, 3.22372551095778, 2.1641444984104, 1.0950348578926612, 9.410291076263265, 8.88936257501065, 8.16054704048693, 8.190403192761638, 7.396903514985173, 6.782527122688121, 5.804626487552839, 6.404576021096165, 5.3229275723045495, 5.15243351242886, 4.357759685893659, 3.079915769952159, 2.519555087708939, 1.7747058178751767, 0.0, 1.7677527513767304], [7.140098815142547, 6.266221500234411, 5.205741059637908, 4.661271699869039, 4.025905996170303, 2.802420330714149, 2.7682500862458217, 3.760631444318893, 2.1663214858372246, 1.0951011140529443, 7.977790995632813, 7.658604690150812, 6.713811033235893, 7.014585673437883, 5.97426983823128, 5.853974685630268, 4.560541832940467, 5.621546539876727, 4.225526860641168, 4.831124135229812, 4.129159898817192, 2.5231126015301024, 3.0731822903954136, 1.7733857814925664, 1.7677527513767304, 0.0]]}