{"total energy": -50.8455494, "HOMO-LUMO gap/eV": 4.68972256, "electronic energy": -51.29791388, "dipole": [0.18808601, -0.64525602, -1.82138449], "partial charges": [-0.14578772, 0.35670353, -0.40031446, -0.2658407, 0.0677144, 0.1043696, 0.07140785, -0.26645796, 0.36301126, -0.4088985, -0.14441689, -0.26626662, 0.36218207, -0.40739666, -0.1439938, 0.08039412, 0.08367134, 0.0822655, 0.07698682, 0.07091708, 0.08255926, 0.06837614, 0.081973, 0.07897899, 0.09276249, 0.0803308, 0.08341068, 0.078459, 0.08289938], "atomic dipole moments": [[-0.06285841, -0.02488917, 0.09230741], [-0.15825391, -0.07378955, 0.02103786], [-0.07374837, -0.03786965, -0.15886118], [0.06442523, 0.03262211, 0.22316903], [0.0213573, 0.00764625, -0.23455575], [0.07806093, -0.12455962, -0.14342349], [-0.16994577, -0.14836925, 0.08924019], [0.09248561, 0.13435598, 0.16101842], [0.13459681, -0.02723248, -0.10452269], [-0.04559453, -0.11033188, -0.1355939], [0.10459065, 0.04728411, -0.00425811], [-0.17728462, 0.05824231, 0.13269694], [0.08213688, 0.14683814, -0.01118032], [0.14546113, -0.01442701, -0.10373907], [-0.01881984, 0.1025281, 0.04573953], [0.11831958, 0.05317867, 0.02017027], [0.02063782, -0.11917688, -0.06449747], [-0.07411637, 0.0920471, -0.06938524], [0.07907914, -0.07928236, 0.0679633], [-0.02024358, 0.11354316, 0.06014213], [-0.05809249, -0.01988821, 0.12202758], [-0.00879911, 0.12913009, 0.02337738], [0.04477187, -0.0053252, -0.12170082], [-0.07266642, 0.02770018, 0.1054119], [0.01427721, -0.13821565, -0.00143396], [-0.062944, 0.05276399, -0.10869261], [-0.00338724, 0.01864248, -0.13588487], [-0.0868601, -0.09446711, 0.0272794], [0.12087844, -0.04067668, 0.05070756]], "atomic quadrupole moments": [[-0.05001311, 0.04793145, -0.14159336, -0.12352276, -0.04776418, 0.19160646], [0.02719678, -0.20730614, 0.38595702, -0.01977978, -0.03603842, -0.4131538], [-0.05419577, -0.12189224, 0.15713249, 0.00986571, -0.00473202, -0.10293672], [-0.00271127, 0.03447958, -0.06639599, -0.05004742, -0.02105, 0.06910727], [0.08695025, 0.24295512, -0.28193285, -0.23507191, -0.09050457, 0.1949826], [-0.04478803, -0.05484036, 0.27440619, 0.10345648, 0.18224738, -0.22961816], [0.39189209, 0.16482921, -0.16946522, 0.11404734, -0.10241617, -0.22242687], [0.0788418, 0.05299224, -0.04319979, -0.00977282, 0.01876533, -0.03564201], [-0.14264455, -0.26469948, 0.16354587, -0.020229, -0.34444655, -0.02090132], [-0.07957748, -0.0800665, 0.09152026, 0.05471432, -0.12691239, -0.01194277], [0.17380944, 0.15005889, -0.0763576, 0.03440596, 0.04793986, -0.09745184], [-0.03321977, -0.01422933, 0.07240489, -0.02362942, 0.0492958, -0.03918512], [-0.05635455, 0.02684296, -0.11598384, 0.375726, -0.20085427, 0.17233839], [-0.00782396, -0.04395055, -0.09024251, 0.13448603, -0.06452347, 0.09806647], [-0.07651728, -0.08046362, 0.13778965, -0.08423788, 0.1477241, -0.06127237], [0.05986441, 0.05104816, -0.02976197, 0.0131912, 0.0066551, -0.03010244], [-0.03520454, 0.00501465, 0.04923272, -0.00855342, 0.0566688, -0.01402817], [0.01487243, -0.03937295, -0.00575793, 0.03889687, -0.04509848, -0.00911451], [0.00919541, -0.0203817, -0.00818278, -9.834e-05, -0.03547672, -0.00101263], [-0.02218414, -0.00199043, 0.02974009, -0.02842347, 0.02112162, -0.00755595], [-0.00135589, 0.00220086, 0.00547161, -0.02294357, 0.00449605, -0.00411572], [0.00401366, -0.00044222, 0.02863187, 0.00597342, 0.03401744, -0.03264553], [0.00793743, -0.00371423, -0.04199427, -0.03008303, 0.01736508, 0.03405684], [0.00498958, -0.00863669, -0.04024983, -0.05740962, 0.0281058, 0.03526025], [-0.03148297, -0.01567691, 0.0733694, -0.01407002, 0.01875788, -0.04188642], [-0.01506218, -0.01631945, -0.04097686, 0.03864484, -0.03549303, 0.05603904], [-0.04900875, 0.01017117, -0.02708157, -0.01300488, -0.0223772, 0.07609031], [0.01084558, 0.05852397, 0.02989461, -0.02427671, -0.01266695, -0.04074019], [0.06801652, -0.02004603, -0.02584965, 0.03554206, -0.00649785, -0.04216687]], "number of molecular orbitals": 74, "number of electrons": 86, "number of unpaired electrons": 0, "orbital energies/eV": [-20.51325791, -20.46906883, -20.28547902, -19.71048305, -19.65556129, -19.45510692, -19.13575491, -18.62835962, -18.41477976, -17.60417429, -17.23401746, -17.16971273, -17.05599515, -16.93354273, -16.61479614, -16.35711279, -16.23201577, -15.88013234, -15.84162742, -15.61233073, -15.49419809, -15.36785944, -15.29500563, -14.86924144, -14.53088689, -14.35635773, -13.99917621, -13.90902473, -13.67867367, -13.49721281, -13.48780761, -13.39862703, -13.34313229, -13.24961476, -13.16746817, -13.07724173, -12.97861011, -12.9162101, -12.54827382, -12.17547841, -11.70695301, -11.68708563, -11.4761416, -6.78641904, -6.77027816, -6.52807182, -1.27136424, -0.74007573, -0.40379275, 1.61879858, 2.0473246, 2.64328159, 3.01082492, 3.44251813, 3.55635112, 3.91194154, 3.9697614, 3.99833546, 4.05394181, 4.17653233, 4.23729724, 4.35024753, 5.26929657, 5.33609946, 5.51322715, 5.57667692, 5.85735337, 6.0149448, 6.47493417, 6.70067977, 6.94290076, 15.81091497, 15.8756812, 15.9718699], "fractional occupation": [2.0, 2.0, 2.0, 2.0, 2.0, 2.0, 2.0, 2.0, 2.0, 2.0, 2.0, 2.0, 2.0, 2.0, 2.0, 2.0, 2.0, 2.0, 2.0, 2.0, 2.0, 2.0, 2.0, 2.0, 2.0, 2.0, 2.0, 2.0, 2.0, 2.0, 2.0, 2.0, 2.0, 2.0, 2.0, 2.0, 2.0, 2.0, 2.0, 2.0, 2.0, 2.0, 2.0, 0.0, 0.0, 0.0, 0.0, 0.0, 0.0, 0.0, 0.0, 0.0, 0.0, 0.0, 0.0, 0.0, 0.0, 0.0, 0.0, 0.0, 0.0, 0.0, 0.0, 0.0, 0.0, 0.0, 0.0, 0.0, 0.0, 0.0, 0.0, 0.0, 0.0, 0.0], "program call": "xtb /home/svss/Project-DBcg-Debug/aqme2_20220329/End-to-End-workflows-final/example-3/QDESCP/mol_126_rdkit_conf_3/mol_126_rdkit_conf_3.xyz --pop --wbo --acc 0.2 --gfn 2 --chrg 0 --uhf 0 --etemp 300 --input /home/svss/Project-DBcg-Debug/aqme2_20220329/End-to-End-workflows-final/example-3/QDESCP/mol_126_rdkit_conf_3/mol_126_rdkit_conf_3_xtb.inp", "method": "GFN2-xTB", "xtb version": "6.3.3 (7355c4f)", "Dipole module/D": 4.935, "Total charge": 0, "Transition dipole module/D": NaN, "HOMO": -11.4761, "LUMO": -6.7864, "HOMO occupancy": 2.0, "LUMO occupancy": 0, "mulliken charges": [-0.1176, 0.58176, -0.52428, -0.42502, 0.18608, 0.20059, 0.19006, -0.41457, 0.58603, -0.53545, -0.1136, -0.42302, 0.5855, -0.52608, -0.11704, 0.06128, 0.06557, 0.0637, 0.06215, 0.05187, 0.0727, 0.0502, 0.05612, 0.05873, 0.07478, 0.06057, 0.06494, 0.05938, 0.06463], "cm5 charges": [-0.25582, 0.62919, -0.57283, -0.50674, 0.11069, 0.16498, 0.11611, -0.49522, 0.63357, -0.58553, -0.25178, -0.49747, 0.63382, -0.57594, -0.25518, 0.11608, 0.12028, 0.11838, 0.13056, 0.11771, 0.14908, 0.11825, 0.12498, 0.11357, 0.1308, 0.11517, 0.11972, 0.11422, 0.11935], "FUKUI+": [0.022, -0.064, -0.117, -0.049, 0.015, 0.006, 0.016, -0.038, -0.05, -0.094, 0.019, -0.044, -0.057, -0.093, 0.021, -0.041, -0.045, -0.046, -0.025, -0.028, -0.015, -0.025, -0.026, -0.037, -0.032, -0.046, -0.043, -0.038, -0.044], "FUKUI-": [-0.001, -0.016, -0.132, -0.039, 0.011, 0.003, 0.015, -0.044, -0.014, -0.129, -0.001, -0.036, -0.014, -0.098, 0.001, -0.039, -0.045, -0.045, -0.023, -0.025, -0.017, -0.023, -0.036, -0.04, -0.041, -0.054, -0.041, -0.035, -0.045], "FUKUIrad": [0.01, -0.04, -0.125, -0.044, 0.013, 0.004, 0.015, -0.041, -0.032, -0.112, 0.009, -0.04, -0.035, -0.095, 0.011, -0.04, -0.045, -0.046, -0.024, -0.026, -0.016, -0.024, -0.031, -0.038, -0.037, -0.05, -0.042, -0.037, -0.044], "s proportion": [1.018, 0.985, 1.73, 1.699, 1.006, 1.034, 1.004, 1.698, 0.987, 1.731, 1.017, 1.699, 0.984, 1.729, 1.018, 0.939, 0.934, 0.936, 0.938, 0.948, 0.927, 0.95, 0.944, 0.941, 0.925, 0.939, 0.935, 0.941, 0.935], "p proportion": [3.1, 2.433, 4.794, 4.726, 2.808, 2.765, 2.806, 4.717, 2.427, 4.804, 3.096, 4.724, 2.431, 4.797, 3.099, 0.0, 0.0, 0.0, 0.0, 0.0, 0.0, 0.0, 0.0, 0.0, 0.0, 0.0, 0.0, 0.0, 0.0], "d proportion": [0.0, 0.0, 0.0, 0.0, 0.0, 0.0, 0.0, 0.0, 0.0, 0.0, 0.0, 0.0, 0.0, 0.0, 0.0, 0.0, 0.0, 0.0, 0.0, 0.0, 0.0, 0.0, 0.0, 0.0, 0.0, 0.0, 0.0, 0.0, 0.0], "Fermi-level/eV": -9.1313, "Coordination numbers": [3.751, 2.717, 0.856, 1.702, 3.702, 3.736, 3.697, 1.701, 2.713, 0.856, 3.751, 1.701, 2.704, 0.856, 3.752, 0.924, 0.924, 0.924, 0.924, 0.924, 0.924, 0.924, 0.924, 0.924, 0.924, 0.924, 0.924, 0.924, 0.924], "Dispersion coefficient C6": [23.376, 20.945, 21.688, 18.408, 19.593, 18.944, 19.545, 18.418, 20.841, 21.86, 23.348, 18.415, 20.855, 21.83, 23.339, 1.975, 1.942, 1.956, 2.011, 2.076, 1.953, 2.104, 1.959, 1.99, 1.852, 1.976, 1.944, 1.995, 1.949], "Total dispersion C6": 7691.668218, "Total dispersion C8": 168687.968766, "Polarizability alpha": [6.895, 7.492, 6.244, 5.793, 6.329, 6.211, 6.323, 5.794, 7.473, 6.269, 6.891, 5.794, 7.475, 6.264, 6.889, 2.198, 2.179, 2.187, 2.217, 2.253, 2.185, 2.268, 2.189, 2.206, 2.128, 2.198, 2.181, 2.209, 2.183], "Total polarizability alpha": 128.917688, "Wiberg matrix": [[0.0, 0.9969792798175985, 0.0, 0.0, 0.0, 0.0, 0.0, 0.0, 0.0, 0.0, 0.0, 0.0, 0.0, 0.0, 0.0, 0.9812735137184005, 0.9614849860006669, 0.9611987331865895, 0.0, 0.0, 0.0, 0.0, 0.0, 0.0, 0.0, 0.0, 0.0, 0.0, 0.0], [0.9969792798175985, 0.0, 1.7641729404451798, 1.1088378695522667, 0.0, 0.0, 0.0, 0.0, 0.0, 0.0, 0.0, 0.0, 0.0, 0.0, 0.0, 0.0, 0.0, 0.0, 0.0, 0.0, 0.0, 0.0, 0.0, 0.0, 0.0, 0.0, 0.0, 0.0, 0.0], [0.0, 1.7641729404451798, 0.0, 0.1688160218045414, 0.0, 0.0, 0.0, 0.0, 0.0, 0.0, 0.0, 0.0, 0.0, 0.0, 0.0, 0.0, 0.0, 0.0, 0.0, 0.0, 0.0, 0.0, 0.0, 0.0, 0.0, 0.0, 0.0, 0.0, 0.0], [0.0, 1.1088378695522667, 0.1688160218045414, 0.0, 0.9510328302362889, 0.0, 0.0, 0.0, 0.0, 0.0, 0.0, 0.0, 0.0, 0.0, 0.0, 0.0, 0.0, 0.0, 0.0, 0.0, 0.0, 0.0, 0.0, 0.0, 0.0, 0.0, 0.0, 0.0, 0.0], [0.0, 0.0, 0.0, 0.9510328302362889, 0.0, 0.9920684649371189, 0.0, 0.0, 0.0, 0.0, 0.0, 0.0, 0.0, 0.0, 0.0, 0.0, 0.0, 0.0, 0.9648885877575292, 0.9650179859599257, 0.0, 0.0, 0.0, 0.0, 0.0, 0.0, 0.0, 0.0, 0.0], [0.0, 0.0, 0.0, 0.0, 0.9920684649371189, 0.0, 0.9822312752657989, 0.0, 0.0, 0.0, 0.0, 0.9371481074725458, 0.0, 0.0, 0.0, 0.0, 0.0, 0.0, 0.0, 0.0, 0.9529081920763494, 0.0, 0.0, 0.0, 0.0, 0.0, 0.0, 0.0, 0.0], [0.0, 0.0, 0.0, 0.0, 0.0, 0.9822312752657989, 0.0, 0.9559564057678311, 0.0, 0.0, 0.0, 0.0, 0.0, 0.0, 0.0, 0.0, 0.0, 0.0, 0.0, 0.0, 0.0, 0.9644790841839836, 0.9671020981856986, 0.0, 0.0, 0.0, 0.0, 0.0, 0.0], [0.0, 0.0, 0.0, 0.0, 0.0, 0.0, 0.9559564057678311, 0.0, 1.1052974641086974, 0.16387722946056157, 0.0, 0.0, 0.0, 0.0, 0.0, 0.0, 0.0, 0.0, 0.0, 0.0, 0.0, 0.0, 0.0, 0.0, 0.0, 0.0, 0.0, 0.0, 0.0], [0.0, 0.0, 0.0, 0.0, 0.0, 0.0, 0.0, 1.1052974641086974, 0.0, 1.7593835818302617, 1.0004511005938548, 0.0, 0.0, 0.0, 0.0, 0.0, 0.0, 0.0, 0.0, 0.0, 0.0, 0.0, 0.0, 0.0, 0.0, 0.0, 0.0, 0.0, 0.0], [0.0, 0.0, 0.0, 0.0, 0.0, 0.0, 0.0, 0.16387722946056157, 1.7593835818302617, 0.0, 0.0, 0.0, 0.0, 0.0, 0.0, 0.0, 0.0, 0.0, 0.0, 0.0, 0.0, 0.0, 0.0, 0.0, 0.0, 0.0, 0.0, 0.0, 0.0], [0.0, 0.0, 0.0, 0.0, 0.0, 0.0, 0.0, 0.0, 1.0004511005938548, 0.0, 0.0, 0.0, 0.0, 0.0, 0.0, 0.0, 0.0, 0.0, 0.0, 0.0, 0.0, 0.0, 0.0, 0.9812591805424844, 0.959635521054472, 0.9593247971242842, 0.0, 0.0, 0.0], [0.0, 0.0, 0.0, 0.0, 0.0, 0.9371481074725458, 0.0, 0.0, 0.0, 0.0, 0.0, 0.0, 1.112861760510054, 0.16848916902993957, 0.0, 0.0, 0.0, 0.0, 0.0, 0.0, 0.0, 0.0, 0.0, 0.0, 0.0, 0.0, 0.0, 0.0, 0.0], [0.0, 0.0, 0.0, 0.0, 0.0, 0.0, 0.0, 0.0, 0.0, 0.0, 0.0, 1.112861760510054, 0.0, 1.759203860378341, 0.9961654504005466, 0.0, 0.0, 0.0, 0.0, 0.0, 0.0, 0.0, 0.0, 0.0, 0.0, 0.0, 0.0, 0.0, 0.0], [0.0, 0.0, 0.0, 0.0, 0.0, 0.0, 0.0, 0.0, 0.0, 0.0, 0.0, 0.16848916902993957, 1.759203860378341, 0.0, 0.0, 0.0, 0.0, 0.0, 0.0, 0.0, 0.0, 0.0, 0.0, 0.0, 0.0, 0.0, 0.0, 0.0, 0.0], [0.0, 0.0, 0.0, 0.0, 0.0, 0.0, 0.0, 0.0, 0.0, 0.0, 0.0, 0.0, 0.9961654504005466, 0.0, 0.0, 0.0, 0.0, 0.0, 0.0, 0.0, 0.0, 0.0, 0.0, 0.0, 0.0, 0.0, 0.9615521406439327, 0.9814862683729718, 0.9610600574301726], [0.9812735137184005, 0.0, 0.0, 0.0, 0.0, 0.0, 0.0, 0.0, 0.0, 0.0, 0.0, 0.0, 0.0, 0.0, 0.0, 0.0, 0.0, 0.0, 0.0, 0.0, 0.0, 0.0, 0.0, 0.0, 0.0, 0.0, 0.0, 0.0, 0.0], [0.9614849860006669, 0.0, 0.0, 0.0, 0.0, 0.0, 0.0, 0.0, 0.0, 0.0, 0.0, 0.0, 0.0, 0.0, 0.0, 0.0, 0.0, 0.0, 0.0, 0.0, 0.0, 0.0, 0.0, 0.0, 0.0, 0.0, 0.0, 0.0, 0.0], [0.9611987331865895, 0.0, 0.0, 0.0, 0.0, 0.0, 0.0, 0.0, 0.0, 0.0, 0.0, 0.0, 0.0, 0.0, 0.0, 0.0, 0.0, 0.0, 0.0, 0.0, 0.0, 0.0, 0.0, 0.0, 0.0, 0.0, 0.0, 0.0, 0.0], [0.0, 0.0, 0.0, 0.0, 0.9648885877575292, 0.0, 0.0, 0.0, 0.0, 0.0, 0.0, 0.0, 0.0, 0.0, 0.0, 0.0, 0.0, 0.0, 0.0, 0.0, 0.0, 0.0, 0.0, 0.0, 0.0, 0.0, 0.0, 0.0, 0.0], [0.0, 0.0, 0.0, 0.0, 0.9650179859599257, 0.0, 0.0, 0.0, 0.0, 0.0, 0.0, 0.0, 0.0, 0.0, 0.0, 0.0, 0.0, 0.0, 0.0, 0.0, 0.0, 0.0, 0.0, 0.0, 0.0, 0.0, 0.0, 0.0, 0.0], [0.0, 0.0, 0.0, 0.0, 0.0, 0.9529081920763494, 0.0, 0.0, 0.0, 0.0, 0.0, 0.0, 0.0, 0.0, 0.0, 0.0, 0.0, 0.0, 0.0, 0.0, 0.0, 0.0, 0.0, 0.0, 0.0, 0.0, 0.0, 0.0, 0.0], [0.0, 0.0, 0.0, 0.0, 0.0, 0.0, 0.9644790841839836, 0.0, 0.0, 0.0, 0.0, 0.0, 0.0, 0.0, 0.0, 0.0, 0.0, 0.0, 0.0, 0.0, 0.0, 0.0, 0.0, 0.0, 0.0, 0.0, 0.0, 0.0, 0.0], [0.0, 0.0, 0.0, 0.0, 0.0, 0.0, 0.9671020981856986, 0.0, 0.0, 0.0, 0.0, 0.0, 0.0, 0.0, 0.0, 0.0, 0.0, 0.0, 0.0, 0.0, 0.0, 0.0, 0.0, 0.0, 0.0, 0.0, 0.0, 0.0, 0.0], [0.0, 0.0, 0.0, 0.0, 0.0, 0.0, 0.0, 0.0, 0.0, 0.0, 0.9812591805424844, 0.0, 0.0, 0.0, 0.0, 0.0, 0.0, 0.0, 0.0, 0.0, 0.0, 0.0, 0.0, 0.0, 0.0, 0.0, 0.0, 0.0, 0.0], [0.0, 0.0, 0.0, 0.0, 0.0, 0.0, 0.0, 0.0, 0.0, 0.0, 0.959635521054472, 0.0, 0.0, 0.0, 0.0, 0.0, 0.0, 0.0, 0.0, 0.0, 0.0, 0.0, 0.0, 0.0, 0.0, 0.0, 0.0, 0.0, 0.0], [0.0, 0.0, 0.0, 0.0, 0.0, 0.0, 0.0, 0.0, 0.0, 0.0, 0.9593247971242842, 0.0, 0.0, 0.0, 0.0, 0.0, 0.0, 0.0, 0.0, 0.0, 0.0, 0.0, 0.0, 0.0, 0.0, 0.0, 0.0, 0.0, 0.0], [0.0, 0.0, 0.0, 0.0, 0.0, 0.0, 0.0, 0.0, 0.0, 0.0, 0.0, 0.0, 0.0, 0.0, 0.9615521406439327, 0.0, 0.0, 0.0, 0.0, 0.0, 0.0, 0.0, 0.0, 0.0, 0.0, 0.0, 0.0, 0.0, 0.0], [0.0, 0.0, 0.0, 0.0, 0.0, 0.0, 0.0, 0.0, 0.0, 0.0, 0.0, 0.0, 0.0, 0.0, 0.9814862683729718, 0.0, 0.0, 0.0, 0.0, 0.0, 0.0, 0.0, 0.0, 0.0, 0.0, 0.0, 0.0, 0.0, 0.0], [0.0, 0.0, 0.0, 0.0, 0.0, 0.0, 0.0, 0.0, 0.0, 0.0, 0.0, 0.0, 0.0, 0.0, 0.9610600574301726, 0.0, 0.0, 0.0, 0.0, 0.0, 0.0, 0.0, 0.0, 0.0, 0.0, 0.0, 0.0, 0.0, 0.0]], "Born radii": [], "Atomic SASAs": [], "Solvent H bonds": [], "Total SASA": NaN, "Total FOD": 0.0, "FOD": [0.0, 0.0, 0.0, 0.0, 0.0, 0.0, 0.0, 0.0, 0.0, 0.0, 0.0, 0.0, 0.0, 0.0, 0.0, 0.0, 0.0, 0.0, 0.0, 0.0, 0.0, 0.0, 0.0, 0.0, 0.0, 0.0, 0.0, 0.0, 0.0], "FOD s proportion": [0.0, 0.0, 0.0, 0.0, 0.0, 0.0, 0.0, 0.0, 0.0, 0.0, 0.0, 0.0, 0.0, 0.0, 0.0, 0.0, 0.0, 0.0, 0.0, 0.0, 0.0, 0.0, 0.0, 0.0, 0.0, 0.0, 0.0, 0.0, 0.0], "FOD p proportion": [0.0, 0.0, 0.0, 0.0, 0.0, 0.0, 0.0, 0.0, 0.0, 0.0, 0.0, 0.0, 0.0, 0.0, 0.0, 0.0, 0.0, 0.0, 0.0, 0.0, 0.0, 0.0, 0.0, 0.0, 0.0, 0.0, 0.0, 0.0, 0.0], "FOD d proportion": [0.0, 0.0, 0.0, 0.0, 0.0, 0.0, 0.0, 0.0, 0.0, 0.0, 0.0, 0.0, 0.0, 0.0, 0.0, 0.0, 0.0, 0.0, 0.0, 0.0, 0.0, 0.0, 0.0, 0.0, 0.0, 0.0, 0.0, 0.0, 0.0], "coordinates": [["3.92070", "1.88090", "-1.39560"], ["3.29250", "1.63040", "-0.05920"], ["3.81320", "1.90010", "1.01320"], ["2.06440", "1.06610", "-0.21930"], ["1.38580", "0.77260", "1.01460"], ["0.05550", "0.06630", "0.73050"], ["-0.79840", "0.86770", "-0.26470"], ["-2.13330", "0.33720", "-0.36220"], ["-2.96000", "0.67160", "0.66760"], ["-2.66190", "1.41000", "1.59650"], ["-4.29610", "0.01920", "0.49170"], ["0.36300", "-1.22920", "0.15400"], ["-0.50630", "-2.23940", "0.42540"], ["-1.50220", "-2.15800", "1.12940"], ["-0.06260", "-3.49150", "-0.26710"], ["4.90940", "2.32650", "-1.25350"], ["4.03870", "0.93640", "-1.93260"], ["3.30390", "2.57640", "-1.97030"], ["2.02260", "0.11750", "1.62130"], ["1.20100", "1.71020", "1.55160"], ["-0.46260", "-0.07280", "1.68610"], ["-0.84110", "1.93150", "-0.00140"], ["-0.37550", "0.79630", "-1.27290"], ["-4.92580", "0.24500", "1.35700"], ["-4.17550", "-1.06500", "0.42660"], ["-4.78140", "0.40690", "-0.40720"], ["-0.03900", "-3.32880", "-1.34760"], ["-0.77220", "-4.29560", "-0.05190"], ["0.92300", "-3.78860", "0.09960"]], "bond_dist": [[0.0, 1.4977818432602261, 2.4112740055829414, 2.3438068222445296, 3.6692112149616025, 4.769994277774345, 4.9573595653331415, 6.332601459905716, 7.284451470083386, 7.246035604383959, 8.633865323248909, 4.973048507706315, 6.315951400224672, 7.21776853466499, 6.782541772816442, 1.093745610276905, 1.0928738490786574, 1.0929055677413306, 3.9766881673070618, 4.013962433805279, 5.703256742423577, 4.961964655255013, 4.432690705429378, 9.408163360614013, 8.806088467077764, 8.881224857529505, 6.543890446821371, 7.872610262803565, 6.5852151506234025], [1.4977818432602261, 0.0, 1.2222554315690317, 1.3609908559575263, 2.350398300288698, 3.680788488897454, 4.166461850299364, 5.586007597560176, 6.367204404603326, 6.184237868161283, 7.7772942730746655, 4.099358077797059, 5.444361361996465, 6.225262453101877, 6.126481700780636, 2.1272689792313524, 2.132622329433883, 2.1324514461061006, 2.59337476466476, 2.641101461511844, 4.477470082535449, 4.144954886364868, 3.9525959191397244, 8.453721694614744, 7.954382867325409, 8.173488695777344, 6.111671739385224, 7.18605005409787, 5.916528432281891], [2.4112740055829414, 1.2222554315690317, 0.0, 2.296282580607187, 2.6764769698243254, 4.190829395239086, 4.895480847679828, 6.300416162445145, 6.8923791139199535, 6.519766630025956, 8.340892850888329, 4.736520154079364, 6.011576277483303, 6.688434436398402, 6.762421481244717, 2.5537032501839363, 3.107620565641823, 3.1012965724032266, 2.5987875499932658, 2.67385964665313, 4.75684711337247, 4.763707338827607, 4.897941949431414, 8.900992947418844, 8.54138427071397, 8.838231246126115, 6.910442582787299, 7.781197186808725, 6.445869118280326], [2.3438068222445296, 1.3609908559575263, 2.296282580607187, 0.0, 1.4384538296379206, 2.436677920858643, 2.8700257072019406, 4.262909911081866, 5.117305660208309, 5.074771772208086, 6.485173926734734, 2.881408846380534, 4.23679912551917, 4.993440503300305, 5.029724803605064, 3.279055168794816, 2.61726564757955, 2.6236172243679143, 2.071086082228356, 2.0727786133593717, 3.3635355461181025, 3.039461764852455, 2.6713249540256236, 7.212615540842309, 6.625339691668647, 6.880031154725971, 5.001249689827533, 6.068125675198233, 4.997259575007086], [3.6692112149616025, 2.350398300288698, 2.6764769698243254, 1.4384538296379206, 0.0, 1.5327330459019926, 2.533057863531743, 3.803842295626884, 4.360801261236287, 4.1386908147384, 5.755434265109801, 2.4070636551616165, 3.605460171739524, 4.116083016655519, 4.6822180918876475, 4.469299696820521, 3.968714740315812, 3.9802550244927772, 1.0967019376293634, 1.0961814630799045, 2.140606449116698, 2.708207676674741, 2.88710852411197, 6.342861663318852, 5.886473940314355, 6.339527393268365, 4.942825693871876, 5.610796511191615, 4.675035216979654], [4.769994277774345, 3.680788488897454, 4.190829395239086, 2.436677920858643, 1.5327330459019926, 0.0, 1.5368182098088246, 2.4613462860800386, 3.0762939960283378, 3.1527366604269376, 4.358401818327448, 1.4509406431691134, 2.392688391746823, 2.744642233516055, 3.696903327110407, 5.710088024715556, 4.869810864910464, 4.913962271934941, 2.16000659489734, 2.1653597091476513, 1.0958776300299224, 2.1951173567716147, 2.175378716453758, 5.023722288303763, 4.3901658169139814, 4.980559332042938, 3.9817249867362765, 4.508149139059177, 4.001355404109963], [4.9573595653331415, 4.166461850299364, 4.895480847679828, 2.8700257072019406, 2.533057863531743, 1.5368182098088246, 0.0, 1.4397550173553835, 2.362234759713776, 2.689012268473314, 3.677770860181477, 2.4333411721334928, 3.1961900491053403, 3.40495370599954, 4.42086326863883, 5.9736758967992225, 5.1170447047099366, 4.759999195378082, 3.4753182645622545, 2.82954984052234, 2.1915571016973296, 1.0967317903662681, 1.0956320595893494, 4.478068438512301, 3.9519652566792645, 4.0120981904734085, 4.399996934089841, 5.1677497201393185, 4.977656289861726], [6.332601459905716, 5.586007597560176, 6.300416162445145, 4.262909911081866, 3.803842295626884, 2.4613462860800386, 1.4397550173553835, 0.0, 1.3622570572399322, 2.294956097619299, 2.3469071242808055, 2.9919199671782666, 3.1474291604418996, 2.974757269089362, 4.353824317769379, 7.372337042620881, 6.396778939435066, 6.0961583058513185, 4.610210965888655, 4.082317470506183, 2.674859132739517, 2.083686629510302, 2.0322421460052444, 3.280580090471805, 2.5997982844828558, 2.6493993092774817, 4.3355116941371525, 4.838565401025392, 5.155235646408416], [7.284451470083386, 6.367204404603326, 6.8923791139199535, 5.117305660208309, 4.360801261236287, 3.0762939960283378, 2.362234759713776, 1.3622570572399322, 0.0, 1.2235004617898597, 1.4972407221285429, 3.8625321487335222, 3.81486900561474, 3.2163762590841265, 5.157518052319351, 8.267815647436752, 7.4708072368386, 7.058556698079289, 5.103221850948673, 4.378820270346797, 2.797942167022042, 2.554338705027194, 3.2343052716155287, 2.126412368286076, 2.133377793547125, 2.1313749294762756, 5.34756694207749, 5.475146110379156, 5.940849858395683], [7.246035604383959, 6.184237868161283, 6.519766630025956, 5.074771772208086, 4.1386908147384, 3.1527366604269376, 2.689012268473314, 2.294956097619299, 1.2235004617898597, 0.0, 2.413610846843376, 4.2657007513420355, 4.397295410817882, 3.780702381833301, 5.852697472106344, 8.141686308130522, 7.5879433399307885, 7.0479302522088, 4.859599936208741, 3.8748074094075955, 2.653986527848248, 2.4780151936580213, 3.7199071238405934, 2.5573088315649324, 3.128142575075503, 3.084364367256242, 6.164702317225058, 6.2323398503290885, 6.489811983409073], [8.633865323248909, 7.7772942730746655, 8.340892850888329, 6.485173926734734, 5.755434265109801, 4.358401818327448, 3.677770860181477, 2.3469071242808055, 1.4972407221285429, 2.413610846843376, 0.0, 4.835261798496541, 4.4122844071977045, 3.598991294793584, 5.5518748346842255, 9.649382704608623, 8.7285381003923, 8.388129460135913, 6.419628395787407, 5.848160173935047, 4.016313933197951, 3.979580869890697, 4.369073349121069, 1.0937329747246352, 1.092827529850891, 1.0926337858587385, 5.719705315835773, 5.597398610962061, 6.472409756806193], [4.973048507706315, 4.099358077797059, 4.736520154079364, 2.881408846380534, 2.4070636551616165, 1.4509406431691134, 2.4333411721334928, 2.9919199671782666, 3.8625321487335222, 4.2657007513420355, 4.835261798496541, 0.0, 1.360089883059204, 2.3006620003816294, 2.3401841508736014, 5.940859508522315, 4.749157126269882, 5.257768981231488, 2.592458744126896, 3.360893053936706, 2.0895470155035993, 3.3858574187345813, 2.585358023562694, 5.620665448147577, 4.5496433541542585, 5.427395324646989, 2.6124177920080087, 3.2762604917802247, 2.6205128734658034], [6.315951400224672, 5.444361361996465, 6.011576277483303, 4.23679912551917, 3.605460171739524, 2.392688391746823, 3.1961900491053403, 3.1474291604418996, 3.81486900561474, 4.397295410817882, 4.4122844071977045, 1.360089883059204, 0.0, 1.222316967893353, 1.4980588606593535, 7.279832038584406, 6.02518834892321, 6.5915804000254745, 3.657935159348782, 4.4477567255865065, 2.5070759342309517, 4.206026163732223, 3.4809202834882615, 5.154813495171284, 3.852563489418442, 5.096332648091174, 2.13276596231279, 2.1275517714029903, 2.132853668210738], [7.21776853466499, 6.225262453101877, 6.688434436398402, 4.993440503300305, 4.116083016655519, 2.744642233516055, 3.40495370599954, 2.974757269089362, 3.2163762590841265, 3.780702381833301, 3.598991294793584, 2.3006620003816294, 1.222316967893353, 0.0, 2.4085021610951483, 8.179093300604903, 7.04646919882575, 7.424370724849346, 4.224225479303869, 4.737986314881038, 2.3955671750130487, 4.294155574731778, 3.9709427935944883, 4.188943508809828, 2.9723912478003296, 4.4376800481783265, 3.106003200255917, 2.5490593264967374, 3.0985382747353634], [6.782541772816442, 6.126481700780636, 6.762421481244717, 5.029724803605064, 4.6822180918876475, 3.696903327110407, 4.42086326863883, 4.353824317769379, 5.157518052319351, 5.852697472106344, 5.5518748346842255, 2.3401841508736014, 1.4980588606593535, 2.4085021610951483, 0.0, 7.7164041470104445, 6.261058245217018, 7.145181796147667, 4.5759146189587065, 5.653497814627684, 3.9575876402172065, 5.485033066445452, 4.415288086863642, 6.344276735767443, 4.825460428808841, 6.12243611726574, 1.0929357254660492, 1.0938098600762385, 1.0927692620128004], [1.093745610276905, 2.1272689792313524, 2.5537032501839363, 3.279055168794816, 4.469299696820521, 5.710088024715556, 5.9736758967992225, 7.372337042620881, 8.267815647436752, 8.141686308130522, 9.649382704608623, 5.940859508522315, 7.279832038584406, 8.179093300604903, 7.7164041470104445, 0.0, 1.7752952740319, 1.7759173685732113, 4.634411535459491, 4.6904842244697935, 6.5769501024411, 5.898476893232693, 5.502004762811461, 10.38645808444823, 9.841768960405442, 9.915275714270381, 7.515180334496305, 8.807759620357494, 7.424063077587635], [1.0928738490786574, 2.132622329433883, 3.107620565641823, 2.61726564757955, 3.968714740315812, 4.869810864910464, 5.1170447047099366, 6.396778939435066, 7.4708072368386, 7.5879433399307885, 8.7285381003923, 4.749157126269882, 6.02518834892321, 7.04646919882575, 6.261058245217018, 1.7752952740319, 0.0, 1.797485001328245, 4.167188696231549, 4.559710228731647, 5.863034710796108, 5.3415545948721705, 4.465422011411688, 9.57401495559726, 8.777500113358018, 8.96668162811639, 5.9297380490203775, 7.352252396374869, 6.0135720108767305], [1.0929055677413306, 2.1324514461061006, 3.1012965724032266, 2.6236172243679143, 3.9802550244927772, 4.913962271934941, 4.759999195378082, 6.0961583058513185, 7.058556698079289, 7.0479302522088, 8.388129460135913, 5.257768981231488, 6.5915804000254745, 7.424370724849346, 7.145181796147667, 1.7759173685732113, 1.797485001328245, 0.0, 4.5373460811359765, 4.192406285178, 5.8799697150580625, 4.633949527131257, 4.146457178122065, 9.177925328743964, 8.657155879964273, 8.515990133272819, 6.8142587814082916, 8.217008809171377, 7.103970426458715], [3.9766881673070618, 2.59337476466476, 2.5987875499932658, 2.071086082228356, 1.0967019376293634, 2.16000659489734, 3.4753182645622545, 4.610210965888655, 5.103221850948673, 4.859599936208741, 6.419628395787407, 2.592458744126896, 3.657935159348782, 4.224225479303869, 4.5759146189587065, 4.634411535459491, 4.167188696231549, 4.5373460811359765, 0.0, 1.7934820712792197, 2.4933175028463586, 3.758261430502141, 3.8194301525227554, 6.954593683314647, 6.421997971815313, 7.105841302055655, 4.9941511250662005, 5.485066717005364, 4.33385604975523], [4.013962433805279, 2.641101461511844, 2.67385964665313, 2.0727786133593717, 1.0961814630799045, 2.1653597091476513, 2.82954984052234, 4.082317470506183, 4.378820270346797, 3.8748074094075955, 5.848160173935047, 3.360893053936706, 4.4477567255865065, 4.737986314881038, 5.653497814627684, 4.6904842244697935, 4.559710228731647, 4.192406285178, 1.7934820712792197, 0.0, 2.442282581930273, 2.575064096289644, 3.361304168027642, 6.302567606936081, 6.154194690615499, 6.428421119528496, 5.944281423351354, 6.52183748110914, 5.694066160486722], [5.703256742423577, 4.477470082535449, 4.75684711337247, 3.3635355461181025, 2.140606449116698, 1.0958776300299224, 2.1915571016973296, 2.674859132739517, 2.797942167022042, 2.653986527848248, 4.016313933197951, 2.0895470155035993, 2.5070759342309517, 2.3955671750130487, 3.9575876402172065, 6.5769501024411, 5.863034710796108, 5.8799697150580625, 2.4933175028463586, 2.442282581930273, 0.0, 2.647288611013163, 3.0852232042430896, 4.4865864407141425, 4.044308037229608, 4.823282121128724, 4.470381264500825, 4.576957067747086, 4.271304162665075], [4.961964655255013, 4.144954886364868, 4.763707338827607, 3.039461764852455, 2.708207676674741, 2.1951173567716147, 1.0967317903662681, 2.083686629510302, 2.554338705027194, 2.4780151936580213, 3.979580869890697, 3.3858574187345813, 4.206026163732223, 4.294155574731778, 5.485033066445452, 5.898476893232693, 5.3415545948721705, 4.633949527131257, 3.758261430502141, 2.575064096289644, 2.647288611013163, 0.0, 1.766967642601301, 4.6232355445077635, 4.50337868827395, 4.244413138468026, 5.488749852197675, 6.227685916132893, 5.986801635264025], [4.432690705429378, 3.9525959191397244, 4.897941949431414, 2.6713249540256236, 2.88710852411197, 2.175378716453758, 1.0956320595893494, 2.0322421460052444, 3.2343052716155287, 3.7199071238405934, 4.369073349121069, 2.585358023562694, 3.4809202834882615, 3.9709427935944883, 4.415288086863642, 5.502004762811461, 4.465422011411688, 4.146457178122065, 3.8194301525227554, 3.361304168027642, 3.0852232042430896, 1.766967642601301, 0.0, 5.284461731340289, 4.559905474897479, 4.506997188816519, 4.13947609607786, 5.251252945726382, 4.958948125358845], [9.408163360614013, 8.453721694614744, 8.900992947418844, 7.212615540842309, 6.342861663318852, 5.023722288303763, 4.478068438512301, 3.280580090471805, 2.126412368286076, 2.5573088315649324, 1.0937329747246352, 5.620665448147577, 5.154813495171284, 4.188943508809828, 6.344276735767443, 10.38645808444823, 9.57401495559726, 9.177925328743964, 6.954593683314647, 6.302567606936081, 4.4865864407141425, 4.6232355445077635, 5.284461731340289, 0.0, 1.7733285792542788, 1.7774882868812385, 6.630816076472036, 6.313037345842333, 7.215223153860177], [8.806088467077764, 7.954382867325409, 8.54138427071397, 6.625339691668647, 5.886473940314355, 4.3901658169139814, 3.9519652566792645, 2.5997982844828558, 2.133377793547125, 3.128142575075503, 1.092827529850891, 4.5496433541542585, 3.852563489418442, 2.9723912478003296, 4.825460428808841, 9.841768960405442, 8.777500113358018, 8.657155879964273, 6.421997971815313, 6.154194690615499, 4.044308037229608, 4.50337868827395, 4.559905474897479, 1.7733285792542788, 0.0, 1.7968936696421407, 5.0381750991802585, 4.716798649507949, 5.789613822181925], [8.881224857529505, 8.173488695777344, 8.838231246126115, 6.880031154725971, 6.339527393268365, 4.980559332042938, 4.0120981904734085, 2.6493993092774817, 2.1313749294762756, 3.084364367256242, 1.0926337858587385, 5.427395324646989, 5.096332648091174, 4.4376800481783265, 6.12243611726574, 9.915275714270381, 8.96668162811639, 8.515990133272819, 7.105841302055655, 6.428421119528496, 4.823282121128724, 4.244413138468026, 4.506997188816519, 1.7774882868812385, 1.7968936696421407, 0.0, 6.10984160269315, 6.1897842434126895, 7.099242625097412], [6.543890446821371, 6.111671739385224, 6.910442582787299, 5.001249689827533, 4.942825693871876, 3.9817249867362765, 4.399996934089841, 4.3355116941371525, 5.34756694207749, 6.164702317225058, 5.719705315835773, 2.6124177920080087, 2.13276596231279, 3.106003200255917, 1.0929357254660492, 7.515180334496305, 5.9297380490203775, 6.8142587814082916, 4.9941511250662005, 5.944281423351354, 4.470381264500825, 5.488749852197675, 4.13947609607786, 6.630816076472036, 5.0381750991802585, 6.10984160269315, 0.0, 1.7751402676971755, 1.7975672115389731], [7.872610262803565, 7.18605005409787, 7.781197186808725, 6.068125675198233, 5.610796511191615, 4.508149139059177, 5.1677497201393185, 4.838565401025392, 5.475146110379156, 6.2323398503290885, 5.597398610962061, 3.2762604917802247, 2.1275517714029903, 2.5490593264967374, 1.0938098600762385, 8.807759620357494, 7.352252396374869, 8.217008809171377, 5.485066717005364, 6.52183748110914, 4.576957067747086, 6.227685916132893, 5.251252945726382, 6.313037345842333, 4.716798649507949, 6.1897842434126895, 1.7751402676971755, 0.0, 1.7758671937957524], [6.5852151506234025, 5.916528432281891, 6.445869118280326, 4.997259575007086, 4.675035216979654, 4.001355404109963, 4.977656289861726, 5.155235646408416, 5.940849858395683, 6.489811983409073, 6.472409756806193, 2.6205128734658034, 2.132853668210738, 3.0985382747353634, 1.0927692620128004, 7.424063077587635, 6.0135720108767305, 7.103970426458715, 4.33385604975523, 5.694066160486722, 4.271304162665075, 5.986801635264025, 4.958948125358845, 7.215223153860177, 5.789613822181925, 7.099242625097412, 1.7975672115389731, 1.7758671937957524, 0.0]]}