{"total energy": -36.57376247, "HOMO-LUMO gap/eV": 3.57624592, "electronic energy": -37.02507828, "dipole": [0.40826136, -0.31285635, 0.12339076], "partial charges": [-0.11008301, 0.08242425, -0.27170599, 0.34933499, -0.41942221, -0.02777074, -0.0207277, -0.06793518, 0.15483545, -0.38344506, -0.05053772, -0.02285422, 0.04717863, 0.05685242, 0.0498967, 0.05531252, 0.05071877, 0.06508537, 0.03852067, 0.30424139, 0.05966045, 0.06042022], "atomic dipole moments": [[0.04851803, -0.01733209, -0.12206475], [0.22724273, -0.01738371, 0.10656193], [-0.10089174, 0.20068121, -0.01150406], [-0.15143704, -0.09471713, -0.01896231], [0.06252858, -0.17597537, 0.00763327], [-0.07523335, 0.01431278, -0.00849227], [-0.01744451, -0.02826719, -0.00203503], [0.0116449, -0.02587146, 0.00140147], [0.22967743, -0.05215961, 0.02554409], [-0.1196089, 0.15967906, -0.01417567], [0.02518091, 0.03888889, 0.00239351], [-0.00275933, 0.02654307, -0.00068344], [-0.12690552, 0.01588974, -0.01102069], [0.04873504, 0.101253, 0.0661599], [0.02371182, -0.09926194, 0.07714006], [-0.02492439, 0.09919274, -0.08041717], [-0.05075784, -0.0961895, -0.05646899], [-0.04098746, 0.1501436, -0.00546031], [0.09357596, 0.11957412, 0.00948867], [0.03591731, 0.07300326, 0.00348736], [0.04331121, -0.14965961, 0.00573715], [-0.09921403, -0.11908574, -0.01009427]], "atomic quadrupole moments": [[-0.03870094, -0.02487653, -0.13783441, -0.15903896, 0.0412648, 0.17653535], [0.43947996, -0.09340977, -0.32629331, -0.01762512, 0.03531753, -0.11318665], [0.09369372, -0.00942125, -0.02503507, 0.01386622, 0.0014661, -0.06865865], [-0.25194928, 0.18345112, -0.19877553, -0.07184881, 0.02085736, 0.45072481], [-0.10585527, -0.00918384, -0.08997768, -0.03137277, 2.783e-05, 0.19583295], [-0.06481344, -0.05282123, -0.27166637, -0.04478082, -0.00148554, 0.33647981], [-0.25130424, 0.00574843, -0.30414237, -0.08988513, 0.00599718, 0.55544661], [-0.20679293, -0.02957653, -0.22892461, -0.0713969, 0.00114337, 0.43571754], [0.12541854, -0.135095, -0.45460307, -0.02177904, -0.00968623, 0.32918452], [0.08386162, -0.03674659, -0.02678747, 0.01590436, -0.00424093, -0.05707415], [-0.2038266, 0.03549646, -0.26582822, -0.07523386, 0.00887069, 0.46965482], [-0.26367695, -0.00882902, -0.29026298, -0.0908379, 0.00509649, 0.55393993], [0.08325266, -0.01628818, -0.0510432, 0.01735904, 0.00022241, -0.03220946], [-0.02507859, 0.04744845, 0.04108432, 0.01192541, 0.03266052, -0.01600573], [-0.04716638, -0.0246251, 0.05075431, 0.00696461, -0.04556596, -0.00358793], [-0.00539908, -0.00424274, 0.02272338, -0.00906726, -0.02797328, -0.0173243], [-0.00852338, 0.02606792, 0.03027724, 0.00042677, 0.0342172, -0.02175387], [0.038639, 0.00210578, 0.02240372, 0.01108002, -0.00032765, -0.06104273], [0.03890429, 0.0056844, 0.02085859, 0.01094381, 0.0001001, -0.05976287], [0.02452069, 0.08535623, 0.06044022, 0.01162154, 0.00844592, -0.0849609], [0.03179459, -0.00270826, 0.02586752, 0.00995822, -0.00087459, -0.05766211], [0.0407105, -0.00756017, 0.02271017, 0.01160997, -0.0014235, -0.06342067]], "number of molecular orbitals": 58, "number of electrons": 64, "number of unpaired electrons": 0, "orbital energies/eV": [-19.93006381, -19.65484789, -19.15490307, -18.239387, -18.03200353, -17.45816114, -17.18584317, -16.8320311, -16.67760775, -16.19202619, -16.08742412, -15.53938172, -15.49320266, -15.24324427, -14.9561964, -14.66953044, -14.56555601, -14.08324075, -13.74890294, -13.66074722, -13.43303386, -13.28183437, -13.21839328, -12.81054244, -12.74961726, -12.61951634, -12.16895183, -12.00160978, -11.81749319, -11.34419635, -11.10729386, -10.85341653, -7.27717061, -6.55011807, -5.03236233, -2.5979139, 0.10454338, 1.45239386, 2.68334765, 3.15655133, 3.22439627, 3.3875811, 3.84995459, 4.111818, 4.3412101, 4.47876234, 4.83453146, 5.09878709, 5.8654117, 6.43952942, 7.44298226, 9.69076695, 10.42407633, 10.95864929, 11.50675892, 15.32374051, 16.84628578, 18.0545788], "fractional occupation": [2.0, 2.0, 2.0, 2.0, 2.0, 2.0, 2.0, 2.0, 2.0, 2.0, 2.0, 2.0, 2.0, 2.0, 2.0, 2.0, 2.0, 2.0, 2.0, 2.0, 2.0, 2.0, 2.0, 2.0, 2.0, 2.0, 2.0, 2.0, 2.0, 2.0, 2.0, 2.0, 0.0, 0.0, 0.0, 0.0, 0.0, 0.0, 0.0, 0.0, 0.0, 0.0, 0.0, 0.0, 0.0, 0.0, 0.0, 0.0, 0.0, 0.0, 0.0, 0.0, 0.0, 0.0, 0.0, 0.0, 0.0, 0.0], "program call": "xtb /home/svss/Project-DBcg-Debug/aqme2_20220329/End-to-End-workflows-final/example-3/QDESCP/mol_716_rdkit_conf_2/mol_716_rdkit_conf_2.xyz --pop --wbo --acc 0.2 --gfn 2 --chrg 0 --uhf 0 --etemp 300 --input /home/svss/Project-DBcg-Debug/aqme2_20220329/End-to-End-workflows-final/example-3/QDESCP/mol_716_rdkit_conf_2/mol_716_rdkit_conf_2_xtb.inp", "method": "GFN2-xTB", "xtb version": "6.3.3 (7355c4f)", "Dipole module/D": 1.344, "Total charge": 0, "Transition dipole module/D": NaN, "HOMO": -10.8534, "LUMO": -7.2772, "HOMO occupancy": 2.0, "LUMO occupancy": 0, "mulliken charges": [-0.09814, 0.20478, -0.42208, 0.56999, -0.5389, -0.05278, -0.0002, -0.09632, 0.27004, -0.51176, -0.06678, -0.00766, 0.03352, 0.05081, 0.03837, 0.044, 0.03015, 0.05609, 0.03806, 0.35542, 0.0538, 0.0496], "cm5 charges": [-0.24466, 0.12216, -0.5048, 0.6271, -0.58807, -0.05557, -0.05104, -0.14813, 0.28168, -0.70893, -0.11676, -0.05838, 0.08478, 0.1057, 0.09168, 0.10987, 0.09273, 0.11573, 0.09596, 0.52624, 0.11223, 0.11048], "FUKUI+": [0.013, 0.018, -0.067, -0.067, -0.153, -0.053, -0.034, -0.023, -0.068, -0.063, -0.023, -0.038, -0.036, -0.005, -0.019, -0.023, -0.042, -0.063, -0.07, -0.043, -0.072, -0.068], "FUKUI-": [0.011, 0.012, -0.052, -0.008, -0.104, -0.059, -0.02, -0.03, -0.042, -0.107, -0.036, -0.018, -0.047, -0.052, -0.048, -0.049, -0.071, -0.052, -0.062, -0.05, -0.063, -0.053], "FUKUIrad": [0.012, 0.015, -0.059, -0.038, -0.129, -0.056, -0.027, -0.027, -0.055, -0.085, -0.03, -0.028, -0.041, -0.028, -0.033, -0.036, -0.057, -0.058, -0.066, -0.046, -0.068, -0.061], "s proportion": [1.012, 0.993, 1.696, 0.977, 1.73, 1.082, 1.069, 1.06, 1.021, 1.692, 1.057, 1.069, 0.966, 0.949, 0.962, 0.956, 0.97, 0.944, 0.962, 0.645, 0.946, 0.95], "p proportion": [3.086, 2.803, 4.726, 2.453, 4.809, 2.971, 2.931, 3.036, 2.709, 4.82, 3.01, 2.938, 0.0, 0.0, 0.0, 0.0, 0.0, 0.0, 0.0, 0.0, 0.0, 0.0], "d proportion": [0.0, 0.0, 0.0, 0.0, 0.0, 0.0, 0.0, 0.0, 0.0, 0.0, 0.0, 0.0, 0.0, 0.0, 0.0, 0.0, 0.0, 0.0, 0.0, 0.0, 0.0, 0.0], "Fermi-level/eV": -9.0653, "Coordination numbers": [3.748, 3.697, 1.703, 2.72, 0.856, 2.963, 2.918, 2.91, 2.843, 1.659, 2.911, 2.914, 0.924, 0.924, 0.924, 0.924, 0.924, 0.925, 0.925, 0.804, 0.925, 0.925], "Dispersion coefficient C6": [22.672, 19.369, 18.506, 21.067, 22.073, 28.692, 28.524, 29.692, 24.641, 20.53, 29.255, 28.575, 2.356, 2.236, 2.321, 2.255, 2.311, 2.14, 2.469, 0.708, 2.203, 2.194], "Total dispersion C6": 5382.961769, "Total dispersion C8": 126266.683329, "Polarizability alpha": [6.791, 6.295, 5.808, 7.514, 6.299, 8.786, 8.758, 8.935, 8.135, 6.117, 8.869, 8.766, 2.4, 2.339, 2.383, 2.348, 2.377, 2.288, 2.457, 1.322, 2.321, 2.316], "Total polarizability alpha": 113.624939, "Wiberg matrix": [[0.0, 1.0142905531615585, 0.0, 0.0, 0.0, 0.0, 0.0, 0.0, 0.0, 0.0, 0.0, 0.0, 0.9837972592512221, 0.9846880532998811, 0.9858225679734197, 0.0, 0.0, 0.0, 0.0, 0.0, 0.0, 0.0], [1.0142905531615585, 0.0, 0.9426972487817128, 0.0, 0.0, 0.0, 0.0, 0.0, 0.0, 0.0, 0.0, 0.0, 0.0, 0.0, 0.0, 0.969004408010002, 0.9719075924065277, 0.0, 0.0, 0.0, 0.0, 0.0], [0.0, 0.9426972487817128, 0.0, 1.1125133291387397, 0.16677768511956675, 0.0, 0.0, 0.0, 0.0, 0.0, 0.0, 0.0, 0.0, 0.0, 0.0, 0.0, 0.0, 0.0, 0.0, 0.0, 0.0, 0.0], [0.0, 0.0, 1.1125133291387397, 0.0, 1.718586256948358, 1.0112776907320697, 0.0, 0.0, 0.0, 0.0, 0.0, 0.0, 0.0, 0.0, 0.0, 0.0, 0.0, 0.0, 0.0, 0.0, 0.0, 0.0], [0.0, 0.0, 0.16677768511956675, 1.718586256948358, 0.0, 0.0, 0.0, 0.0, 0.0, 0.0, 0.0, 0.0, 0.0, 0.0, 0.0, 0.0, 0.0, 0.0, 0.0, 0.0, 0.0, 0.0], [0.0, 0.0, 0.0, 1.0112776907320697, 0.0, 0.0, 1.3806299247521787, 0.0, 0.0, 0.0, 0.0, 1.3770025286281733, 0.0, 0.0, 0.0, 0.0, 0.0, 0.0, 0.0, 0.0, 0.0, 0.0], [0.0, 0.0, 0.0, 0.0, 0.0, 1.3806299247521787, 0.0, 1.460618762690235, 0.0, 0.0, 0.10271588430542351, 0.0, 0.0, 0.0, 0.0, 0.0, 0.0, 0.9661188511642426, 0.0, 0.0, 0.0, 0.0], [0.0, 0.0, 0.0, 0.0, 0.0, 0.0, 1.460618762690235, 0.0, 1.3653613858564433, 0.0, 0.0, 0.0, 0.0, 0.0, 0.0, 0.0, 0.0, 0.0, 0.9655136219935557, 0.0, 0.0, 0.0], [0.0, 0.0, 0.0, 0.0, 0.0, 0.0, 0.0, 1.3653613858564433, 0.0, 1.082853763575776, 1.3577462042262889, 0.0, 0.0, 0.0, 0.0, 0.0, 0.0, 0.0, 0.0, 0.0, 0.0, 0.0], [0.0, 0.0, 0.0, 0.0, 0.0, 0.0, 0.0, 0.0, 1.082853763575776, 0.0, 0.0, 0.0, 0.0, 0.0, 0.0, 0.0, 0.0, 0.0, 0.0, 0.8860546418661721, 0.0, 0.0], [0.0, 0.0, 0.0, 0.0, 0.0, 0.0, 0.10271588430542351, 0.0, 1.3577462042262889, 0.0, 0.0, 1.468551869142071, 0.0, 0.0, 0.0, 0.0, 0.0, 0.0, 0.0, 0.0, 0.9669353260745195, 0.0], [0.0, 0.0, 0.0, 0.0, 0.0, 1.3770025286281733, 0.0, 0.0, 0.0, 0.0, 1.468551869142071, 0.0, 0.0, 0.0, 0.0, 0.0, 0.0, 0.0, 0.0, 0.0, 0.0, 0.9666724377978811], [0.9837972592512221, 0.0, 0.0, 0.0, 0.0, 0.0, 0.0, 0.0, 0.0, 0.0, 0.0, 0.0, 0.0, 0.0, 0.0, 0.0, 0.0, 0.0, 0.0, 0.0, 0.0, 0.0], [0.9846880532998811, 0.0, 0.0, 0.0, 0.0, 0.0, 0.0, 0.0, 0.0, 0.0, 0.0, 0.0, 0.0, 0.0, 0.0, 0.0, 0.0, 0.0, 0.0, 0.0, 0.0, 0.0], [0.9858225679734197, 0.0, 0.0, 0.0, 0.0, 0.0, 0.0, 0.0, 0.0, 0.0, 0.0, 0.0, 0.0, 0.0, 0.0, 0.0, 0.0, 0.0, 0.0, 0.0, 0.0, 0.0], [0.0, 0.969004408010002, 0.0, 0.0, 0.0, 0.0, 0.0, 0.0, 0.0, 0.0, 0.0, 0.0, 0.0, 0.0, 0.0, 0.0, 0.0, 0.0, 0.0, 0.0, 0.0, 0.0], [0.0, 0.9719075924065277, 0.0, 0.0, 0.0, 0.0, 0.0, 0.0, 0.0, 0.0, 0.0, 0.0, 0.0, 0.0, 0.0, 0.0, 0.0, 0.0, 0.0, 0.0, 0.0, 0.0], [0.0, 0.0, 0.0, 0.0, 0.0, 0.0, 0.9661188511642426, 0.0, 0.0, 0.0, 0.0, 0.0, 0.0, 0.0, 0.0, 0.0, 0.0, 0.0, 0.0, 0.0, 0.0, 0.0], [0.0, 0.0, 0.0, 0.0, 0.0, 0.0, 0.0, 0.9655136219935557, 0.0, 0.0, 0.0, 0.0, 0.0, 0.0, 0.0, 0.0, 0.0, 0.0, 0.0, 0.0, 0.0, 0.0], [0.0, 0.0, 0.0, 0.0, 0.0, 0.0, 0.0, 0.0, 0.0, 0.8860546418661721, 0.0, 0.0, 0.0, 0.0, 0.0, 0.0, 0.0, 0.0, 0.0, 0.0, 0.0, 0.0], [0.0, 0.0, 0.0, 0.0, 0.0, 0.0, 0.0, 0.0, 0.0, 0.0, 0.9669353260745195, 0.0, 0.0, 0.0, 0.0, 0.0, 0.0, 0.0, 0.0, 0.0, 0.0, 0.0], [0.0, 0.0, 0.0, 0.0, 0.0, 0.0, 0.0, 0.0, 0.0, 0.0, 0.0, 0.9666724377978811, 0.0, 0.0, 0.0, 0.0, 0.0, 0.0, 0.0, 0.0, 0.0, 0.0]], "Born radii": [], "Atomic SASAs": [], "Solvent H bonds": [], "Total SASA": NaN, "Total FOD": 0.0, "FOD": [0.0, 0.0, 0.0, 0.0, 0.0, 0.0, 0.0, 0.0, 0.0, 0.0, 0.0, 0.0, 0.0, 0.0, 0.0, 0.0, 0.0, 0.0, 0.0, 0.0, 0.0, 0.0], "FOD s proportion": [0.0, 0.0, 0.0, 0.0, 0.0, 0.0, 0.0, 0.0, 0.0, 0.0, 0.0, 0.0, 0.0, 0.0, 0.0, 0.0, 0.0, 0.0, 0.0, 0.0, 0.0, 0.0], "FOD p proportion": [0.0, 0.0, 0.0, 0.0, 0.0, 0.0, 0.0, 0.0, 0.0, 0.0, 0.0, 0.0, 0.0, 0.0, 0.0, 0.0, 0.0, 0.0, 0.0, 0.0, 0.0, 0.0], "FOD d proportion": [0.0, 0.0, 0.0, 0.0, 0.0, 0.0, 0.0, 0.0, 0.0, 0.0, 0.0, 0.0, 0.0, 0.0, 0.0, 0.0, 0.0, 0.0, 0.0, 0.0, 0.0, 0.0], "coordinates": [["-3.71670", "-0.03420", "0.64150"], ["-3.06190", "-0.21290", "-0.71540"], ["-1.65750", "-0.46310", "-0.55760"], ["-0.86790", "0.63650", "-0.47700"], ["-1.24540", "1.79670", "-0.52210"], ["0.56000", "0.24620", "-0.31800"], ["1.51780", "1.26740", "-0.21930"], ["2.87200", "0.95670", "-0.06840"], ["3.26400", "-0.37690", "-0.01660"], ["4.57290", "-0.72720", "0.12950"], ["2.32810", "-1.40070", "-0.11270"], ["0.97380", "-1.09230", "-0.26360"], ["-4.79710", "0.09840", "0.53630"], ["-3.30700", "0.83610", "1.16390"], ["-3.52760", "-0.90540", "1.27720"], ["-3.24280", "0.65090", "-1.36540"], ["-3.48800", "-1.08770", "-1.21730"], ["1.21000", "2.31090", "-0.25980"], ["3.59620", "1.76200", "0.00590"], ["5.10920", "0.08110", "0.18330"], ["2.65160", "-2.43740", "-0.07030"], ["0.25610", "-1.90530", "-0.33690"]], "bond_dist": [[0.0, 1.5171929145629437, 2.4211775358283827, 3.133136157271177, 3.288386148249624, 4.391973053196024, 5.462154286542994, 6.700508078496734, 7.020022178739893, 8.334258284934538, 6.243055896754409, 4.892808178336853, 1.0935785111275738, 1.0946131462758886, 1.0949259061689973, 2.172922186825842, 2.1487911438760166, 5.5302991410953535, 7.5570383226499525, 8.838537896054982, 6.84377632378499, 4.4990467445893465], [1.5171929145629437, 0.0, 1.4352143533284498, 2.364730623136597, 2.7157925730806465, 3.672445939697411, 4.838497224345592, 6.082576951424453, 6.366492617603511, 7.698605817938726, 5.552136177184418, 4.155038157466187, 2.1620776165531157, 2.166158696864106, 2.160298011849291, 1.0960726481397116, 1.0948697913450711, 4.982596452653977, 6.982177261427842, 8.225629027618497, 6.1651144766338275, 3.7438755334546046], [2.4211775358283827, 1.4352143533284498, 0.0, 1.356128563226953, 2.2973425299680494, 2.3404745031723806, 3.6320252243066817, 4.771951270706774, 4.951895969222294, 6.273734085853495, 4.118499378414424, 2.7214092544121327, 3.371792938482433, 2.7152040696787414, 2.6569520770988704, 2.099217218393561, 2.0435409220272542, 4.000789558324707, 5.733233463761963, 6.828859007184143, 4.764836260565519, 2.4063487465452718], [3.133136157271177, 2.364730623136597, 1.356128563226953, 0.0, 1.220903067405435, 1.488795990053708, 2.481130506442577, 3.7757560845478353, 4.279199145868302, 5.64179267431904, 3.8075338908537635, 2.534984790881397, 4.093279997752414, 2.946455799770293, 3.5395871708435154, 2.535667945532301, 3.22270596548925, 2.6773979177552225, 4.629052977661846, 6.039055361561111, 4.690537959552188, 2.7827596464660758], [3.288386148249624, 2.7157925730806465, 2.2973425299680494, 1.220903067405435, 0.0, 2.38855107125638, 2.8296855956095195, 4.22663299211086, 5.031377104729876, 6.375521050078966, 4.812574920975257, 3.652121560134602, 4.076641551571588, 2.8311734175073062, 3.968281963268235, 2.4522681929185475, 3.7191828618663, 2.5223386152537093, 4.870429000611753, 6.619804655728143, 5.772203656317057, 3.999200581366231], [4.391973053196024, 3.672445939697411, 2.3404745031723806, 1.488795990053708, 2.38855107125638, 0.0, 1.4035568994522454, 2.4315539085120035, 2.791184617684756, 4.153447991729281, 2.424995940202787, 1.4020599309587305, 5.426803270803172, 4.183025056104732, 4.536443470385143, 3.9651124435506238, 4.355953822069283, 2.1653806432126435, 3.4089692415743498, 4.579714001987461, 3.4114300241980633, 2.1729391777037845], [5.462154286542994, 4.838497224345592, 3.6320252243066817, 2.481130506442577, 2.8296855956095195, 1.4035568994522454, 0.0, 1.3975560596985008, 2.407077942236188, 3.6652048523922915, 2.7904672117765514, 2.421999706853822, 6.466487019240045, 5.03765391526651, 5.6935606829118806, 4.9352740369709975, 5.62143519485905, 1.088702594834788, 2.148276229910856, 3.8036230636065924, 3.8772730726633116, 3.4163931184803658], [6.700508078496734, 6.082576951424453, 4.771951270706774, 3.7757560845478353, 4.22663299211086, 2.4315539085120035, 1.3975560596985008, 0.0, 1.3909838963841388, 2.401612880961459, 2.419736444326117, 2.7999405850839048, 7.7406353608731635, 6.301836926642898, 6.799480563248931, 6.258314603789106, 6.778579686778048, 2.1523790558356586, 1.085584736443913, 2.4155935274793237, 3.4012489735389853, 3.886652680649507], [7.020022178739893, 6.366492617603511, 4.951895969222294, 4.279199145868302, 5.031377104729876, 2.791184617684756, 2.407077942236188, 1.3909838963841388, 0.0, 1.362818590275316, 1.3904353490903485, 2.4120162105591243, 8.094006530143153, 6.78549852626909, 6.933906636954379, 6.724141619567512, 6.894666136224436, 3.3915086731423822, 2.1646607817392547, 1.9116712714271777, 2.1502506133006913, 3.3891091838416774], [8.334258284934538, 7.698605817938726, 6.273734085853495, 5.64179267431904, 6.375521050078966, 4.153447991729281, 3.6652048523922915, 2.401612880961459, 1.362818590275316, 0.0, 2.3561388180665412, 3.63886609124326, 9.415094348969639, 8.099797174003802, 8.183341052406407, 8.075831357204036, 8.18058306601675, 4.548703387779862, 2.6768146162930293, 0.9715251000360211, 2.5799414276297044, 4.498912180738806], [6.243055896754409, 5.552136177184418, 4.118499378414424, 3.8075338908537635, 4.812574920975257, 2.424995940202787, 2.7904672117765514, 2.419736444326117, 1.3904353490903485, 2.3561388180665412, 0.0, 1.3971434643586176, 7.310059975814153, 6.195751270830681, 6.038738824456644, 6.067392080622448, 5.92833276478303, 3.879144310282875, 3.4095182738914893, 3.1651010173452603, 1.086828827368873, 2.144311264718814], [4.892808178336853, 4.155038157466187, 2.7214092544121327, 2.534984790881397, 3.652121560134602, 1.4020599309587305, 2.421999706853822, 2.7999405850839048, 2.4120162105591243, 3.63886609124326, 1.3971434643586176, 0.0, 5.9465026116197075, 4.907314076967155, 4.761470173171308, 4.693871008027383, 4.562589625421072, 3.411389030878771, 3.8854395504241217, 4.321819099638485, 2.1590904890717293, 1.086938443519227], [1.0935785111275738, 2.1620776165531157, 3.371792938482433, 4.093279997752414, 4.076641551571588, 5.426803270803172, 6.466487019240045, 7.7406353608731635, 8.094006530143153, 9.415094348969639, 7.310059975814153, 5.9465026116197075, 0.0, 1.777211596856154, 1.7799374989027004, 2.517452607299689, 2.489114095416279, 6.450905507756256, 8.573002625101662, 9.912602482698478, 7.891855098137573, 5.505644573526338], [1.0946131462758886, 2.166158696864106, 2.7152040696787414, 2.946455799770293, 2.8311734175073062, 4.183025056104732, 5.03765391526651, 6.301836926642898, 6.78549852626909, 8.099797174003802, 6.195751270830681, 4.907314076967155, 1.777211596856154, 0.0, 1.7590689298603392, 2.5368837517710583, 3.0665747797828113, 4.960367499490334, 7.060624975878552, 8.50670463810752, 6.9097008509775595, 4.739552321686089], [1.0949259061689973, 2.160298011849291, 2.6569520770988704, 3.5395871708435154, 3.968281963268235, 4.536443470385143, 5.6935606829118806, 6.799480563248931, 6.933906636954379, 8.183341052406407, 6.038738824456644, 4.761470173171308, 1.7799374989027004, 1.7590689298603392, 0.0, 3.0800187483195614, 2.5014659102214445, 5.928896056602781, 7.712311773391944, 8.761513208344779, 6.507326093719294, 4.233379797514038], [2.172922186825842, 1.0960726481397116, 2.099217218393561, 2.535667945532301, 2.4522681929185475, 3.9651124435506238, 4.9352740369709975, 6.258314603789106, 6.724141619567512, 8.075831357204036, 6.067392080622448, 4.693871008027383, 2.517452607299689, 2.5368837517710583, 3.0800187483195614, 0.0, 1.762040467753224, 4.879075650161616, 7.063067881593664, 8.51346273439897, 6.779294377735783, 4.453568445639968], [2.1487911438760166, 1.0948697913450711, 2.0435409220272542, 3.22270596548925, 3.7191828618663, 4.355953822069283, 5.62143519485905, 6.778579686778048, 6.894666136224436, 8.18058306601675, 5.92833276478303, 4.562589625421072, 2.489114095416279, 3.0665747797828113, 2.5014659102214445, 1.762040467753224, 0.0, 5.876945823299718, 7.733233345115095, 8.788607491519917, 6.389991177615193, 3.9321570072925622], [5.5302991410953535, 4.982596452653977, 4.000789558324707, 2.6773979177552225, 2.5223386152537093, 2.1653806432126435, 1.088702594834788, 2.1523790558356586, 3.3915086731423822, 4.548703387779862, 3.879144310282875, 3.411389030878771, 6.450905507756256, 4.960367499490334, 5.928896056602781, 4.879075650161616, 5.876945823299718, 0.0, 2.462892230691388, 4.513546974387218, 4.965931302384277, 4.323449093027465], [7.5570383226499525, 6.982177261427842, 5.733233463761963, 4.629052977661846, 4.870429000611753, 3.4089692415743498, 2.148276229910856, 1.085584736443913, 2.1646607817392547, 2.6768146162930293, 3.4095182738914893, 3.8854395504241217, 8.573002625101662, 7.060624975878552, 7.712311773391944, 7.063067881593664, 7.733233345115095, 2.462892230691388, 0.0, 2.2684938990440338, 4.305001272938255, 4.972209683832732], [8.838537896054982, 8.225629027618497, 6.828859007184143, 6.039055361561111, 6.619804655728143, 4.579714001987461, 3.8036230636065924, 2.4155935274793237, 1.9116712714271777, 0.9715251000360211, 3.1651010173452603, 4.321819099638485, 9.912602482698478, 8.50670463810752, 8.761513208344779, 8.51346273439897, 8.788607491519917, 4.513546974387218, 2.2684938990440338, 0.0, 3.528023946914193, 5.269627369178964], [6.84377632378499, 6.1651144766338275, 4.764836260565519, 4.690537959552188, 5.772203656317057, 3.4114300241980633, 3.8772730726633116, 3.4012489735389853, 2.1502506133006913, 2.5799414276297044, 1.086828827368873, 2.1590904890717293, 7.891855098137573, 6.9097008509775595, 6.507326093719294, 6.779294377735783, 6.389991177615193, 4.965931302384277, 4.305001272938255, 3.528023946914193, 0.0, 2.4683245775221705], [4.4990467445893465, 3.7438755334546046, 2.4063487465452718, 2.7827596464660758, 3.999200581366231, 2.1729391777037845, 3.4163931184803658, 3.886652680649507, 3.3891091838416774, 4.498912180738806, 2.144311264718814, 1.086938443519227, 5.505644573526338, 4.739552321686089, 4.233379797514038, 4.453568445639968, 3.9321570072925622, 4.323449093027465, 4.972209683832732, 5.269627369178964, 2.4683245775221705, 0.0]]}