{"total energy": -75.03121002, "HOMO-LUMO gap/eV": 0.94968818, "electronic energy": -75.68413985, "dipole": [-0.68848339, 0.0672877, 0.2289145], "partial charges": [-0.10433581, -0.06223711, 0.00411766, -0.17226543, 0.00894974, -0.05892396, -0.10472803, 0.10443692, 0.01052155, -0.01477452, -0.00548791, -0.01401243, 0.01605023, 0.55229228, -0.34414321, -0.349268, 0.48207629, -0.19325118, -0.19324119, -0.19392221, 0.54347477, -0.35160441, -0.35250916, 0.04443484, 0.0380237, 0.03741417, 0.04734612, 0.04323673, 0.03838461, 0.04707861, 0.04628211, 0.0324344, 0.05213006, 0.04230922, 0.04397933, 0.04020494, 0.03819747, 0.09912072, 0.10220809], "atomic dipole moments": [[0.05181447, -0.09168301, -0.04361025], [0.00785442, 0.0060543, 0.13275162], [0.04048701, -0.08645891, -0.11428124], [0.0588575, -0.032238, 0.21554896], [0.01420137, 0.13361304, -0.06008671], [0.06811415, -0.08478367, 0.08391328], [0.05078391, 0.10231001, -0.01108769], [-0.07624138, 0.00632535, 0.01262645], [-0.07755245, -0.01811965, 0.14602595], [-0.02639082, 0.00654137, -0.04229656], [0.15346631, -0.00468851, -0.00681373], [-0.02500272, -0.00626883, 0.04534287], [-0.09288841, 0.0145282, -0.13019955], [-0.03391885, 0.00689247, -0.0447941], [0.10064906, 0.20778221, 0.08709608], [-0.0041444, -0.22878462, 0.09718485], [0.18182396, -0.01336624, -0.00862565], [-0.08458427, 0.25475868, 0.03313742], [-0.09932237, -0.14521228, 0.20585951], [-0.11455153, -0.0940281, -0.22690445], [-0.02525216, -0.0092962, 0.0571552], [0.05049674, 0.23488299, -0.06026928], [0.0352404, -0.20889499, -0.13094833], [-0.04912966, 0.07289977, -0.09176208], [0.08181213, 0.07160414, 0.06555266], [-0.09468238, -0.03252252, 0.0768341], [-0.08438598, -0.05952478, -0.07240617], [0.08602986, 0.04170306, -0.08123786], [0.08313423, 0.0750217, 0.06512738], [-0.08964898, -0.02718795, 0.08799164], [0.06992934, -0.10580197, -0.03180266], [-0.02479815, -0.015063, 0.12070396], [0.01815183, 0.02071479, -0.12417587], [-0.08282336, 0.0856824, 0.03460398], [-0.10770524, -0.00432164, -0.06683209], [0.07457474, -0.09429073, -0.04220029], [-0.0295177, -0.02368111, 0.1206749], [0.08881768, -0.02214011, 0.13563257], [0.07762567, 0.01408532, -0.14336213]], "atomic quadrupole moments": [[-0.05437175, -0.13755763, 0.1148937, -0.06610745, 0.11721174, -0.06052195], [-0.12351817, -0.21504611, 0.10776541, 0.0396265, -0.03193674, 0.01575277], [-0.12000501, -0.23286235, 0.15367063, 0.0066671, 0.03608043, -0.03366563], [0.08428323, 0.00644032, 0.05755487, -0.04926952, 0.01778981, -0.14183811], [0.07563638, 0.19981261, 0.10483641, 0.08992577, -0.06437934, -0.18047279], [0.08730884, 0.14294549, 0.05375012, 0.15618204, -0.03609792, -0.14105896], [-0.0501157, 0.14632785, 0.17392555, -0.0109089, -0.03831901, -0.12380985], [-0.15599138, 0.04837116, 0.49489991, -0.01390971, 0.1052391, -0.33890853], [-0.36332381, 0.05794205, 0.35742744, -0.22023336, 0.06817784, 0.00589637], [-0.28403909, 0.03851578, 0.55252629, -0.03398431, 0.12133784, -0.2684872], [-0.02073338, 0.00747828, 0.36396663, -0.00961713, 0.09218624, -0.34323325], [-0.27720204, 0.03153231, 0.56254158, 0.04171755, 0.09392095, -0.28533954], [-0.32123786, 0.01054993, 0.36660369, 0.23960125, 0.02178552, -0.04536583], [0.16786522, -0.06326495, -0.08244264, -0.19662926, 0.04160541, -0.08542257], [0.10895543, 0.02785245, -0.00338557, -0.11303641, 0.121167, -0.10556986], [0.05536463, -0.07034018, 0.04112968, -0.15313313, -0.06174302, -0.09649432], [-0.30854353, 0.02116378, 0.12739843, 0.02092531, -0.00738201, 0.1811451], [-0.04613353, -0.02960534, 0.08087835, -0.00320998, 0.01508335, -0.03474482], [-0.04208566, 0.02052441, 0.00140486, -0.0260176, -0.05365345, 0.0406808], [-0.0375799, 0.01656964, -0.02067141, 0.03701445, 0.03824265, 0.05825131], [0.2133582, -0.03942022, -0.09143142, 0.16909648, 0.00044419, -0.12192677], [0.11135226, 0.02175674, 0.0397226, 0.1210656, -0.08020742, -0.15107486], [0.10355259, -0.06562596, -0.01566955, 0.11390032, 0.11411159, -0.08788304], [-0.0322747, -0.03212405, -0.0038652, 0.03081536, -0.0424586, 0.0361399], [0.02780167, 0.03499206, -0.01222245, 0.040377, 0.03787029, -0.01557922], [0.01612272, 0.03082945, -0.01362845, -0.05853906, -0.02048489, -0.00249427], [0.01380818, 0.03051132, 0.00944164, 0.02837984, 0.02150646, -0.02324981], [0.02722835, 0.01501904, -0.0172239, -0.03591359, -0.01605485, -0.01000445], [0.03218866, 0.01576254, -0.00498332, 0.03472323, 0.00091247, -0.02720534], [0.01445523, 0.0122286, 0.00204874, -0.03287374, -0.0235266, -0.01650397], [0.02490673, -0.02658787, 0.00079921, -0.01592182, 0.02664971, -0.02570594], [-0.01423808, 0.01445301, -0.02799348, -0.00870577, 0.00918181, 0.04223156], [-0.01929096, 0.0106543, -0.02701645, -0.02381497, -0.00471194, 0.04630741], [0.00372947, -0.02906842, 0.01721765, -0.01943344, 0.03124542, -0.02094712], [0.04116409, 0.00160254, -0.02981651, 0.05991172, -0.00921039, -0.01134757], [0.01420657, -0.04642492, 0.01969909, -0.0349501, 0.02334737, -0.03390566], [-0.04656842, 0.00873493, -0.02865904, -0.02208039, -0.0086467, 0.07522746], [0.02527424, -0.00042595, -0.05007336, -0.01303095, -0.01087335, 0.02479912], [0.02747333, -0.00219588, -0.05042715, 0.01149438, -0.00758347, 0.02295382]], "number of molecular orbitals": 108, "number of electrons": 128, "number of unpaired electrons": 0, "orbital energies/eV": [-24.54514453, -24.20999631, -24.1966098, -21.95308156, -21.75780143, -21.40453011, -21.2102498, -20.59719134, -20.35542399, -20.1344459, -19.48977645, -19.28820628, -18.96873859, -18.41876207, -18.35578528, -18.31924826, -17.90510864, -17.84956866, -17.77941864, -17.67514219, -17.58307698, -17.50845083, -17.40552568, -17.01801952, -16.92753054, -16.87379225, -16.8139519, -16.78670316, -16.52531103, -16.03488586, -15.79334276, -15.77903829, -15.71402703, -15.57236315, -15.48413525, -15.4780242, -15.19374038, -15.18326168, -15.15982518, -15.15626565, -14.92504487, -14.65600085, -14.54870314, -14.34461087, -14.24096139, -13.98536249, -13.89235443, -13.82772727, -13.68282396, -13.65905983, -13.60995093, -13.34581941, -13.28406193, -13.14239409, -13.12379768, -13.05022734, -12.905605, -12.80264868, -12.66604592, -12.54525356, -12.38597195, -12.10430824, -12.02883443, -10.69923706, -9.74954889, -9.61666248, -8.87674366, -8.80332458, -5.67239417, -2.64912178, -1.73669508, -1.53633844, -0.4336394, -0.25249241, 0.59820037, 0.86172639, 1.6566398, 1.79066933, 2.06860733, 2.2682193, 2.43154161, 2.72693215, 2.98406547, 3.23817898, 3.39945023, 3.54351879, 3.72115442, 3.8075564, 3.98974569, 4.00876355, 4.24948065, 4.51869669, 5.13529463, 5.50152072, 5.64799551, 6.21206226, 6.45206695, 6.83643104, 6.97516962, 7.19527242, 7.66137664, 8.22129531, 8.60562659, 8.66580979, 9.12292121, 9.53188364, 13.38059411, 13.82116076], "fractional occupation": [2.0, 2.0, 2.0, 2.0, 2.0, 2.0, 2.0, 2.0, 2.0, 2.0, 2.0, 2.0, 2.0, 2.0, 2.0, 2.0, 2.0, 2.0, 2.0, 2.0, 2.0, 2.0, 2.0, 2.0, 2.0, 2.0, 2.0, 2.0, 2.0, 2.0, 2.0, 2.0, 2.0, 2.0, 2.0, 2.0, 2.0, 2.0, 2.0, 2.0, 2.0, 2.0, 2.0, 2.0, 2.0, 2.0, 2.0, 2.0, 2.0, 2.0, 2.0, 2.0, 2.0, 2.0, 2.0, 2.0, 2.0, 2.0, 2.0, 2.0, 2.0, 2.0, 2.0, 1.99999998, 2e-08, 0.0, 0.0, 0.0, 0.0, 0.0, 0.0, 0.0, 0.0, 0.0, 0.0, 0.0, 0.0, 0.0, 0.0, 0.0, 0.0, 0.0, 0.0, 0.0, 0.0, 0.0, 0.0, 0.0, 0.0, 0.0, 0.0, 0.0, 0.0, 0.0, 0.0, 0.0, 0.0, 0.0, 0.0, 0.0, 0.0, 0.0, 0.0, 0.0, 0.0, 0.0, 0.0, 0.0], "program call": "xtb /home/svss/Project-DBcg-Debug/aqme2_20220329/End-to-End-workflows-final/example-3/QDESCP/mol_983_rdkit_conf_5/mol_983_rdkit_conf_5.xyz --pop --wbo --acc 0.2 --gfn 2 --chrg 0 --uhf 0 --etemp 300 --input /home/svss/Project-DBcg-Debug/aqme2_20220329/End-to-End-workflows-final/example-3/QDESCP/mol_983_rdkit_conf_5/mol_983_rdkit_conf_5_xtb.inp", "method": "GFN2-xTB", "xtb version": "6.3.3 (7355c4f)", "Dipole module/D": 1.852, "Total charge": 0, "Transition dipole module/D": NaN, "HOMO": -10.6992, "LUMO": -9.7495, "HOMO occupancy": 2.0, "LUMO occupancy": 0, "mulliken charges": [-0.08507, -0.05042, 0.08794, -0.34884, 0.09278, -0.04583, -0.0846, 0.17845, 0.03514, 3e-05, -0.01264, 0.00017, 0.04303, 0.69331, -0.44261, -0.44526, 0.63884, -0.23558, -0.23596, -0.23673, 0.69005, -0.44522, -0.44483, 0.03836, 0.03067, 0.02994, 0.03355, 0.03392, 0.02953, 0.03943, 0.03241, 0.03411, 0.04093, 0.02767, 0.03731, 0.03298, 0.03068, 0.09068, 0.09169], "cm5 charges": [-0.23527, -0.15708, 0.03825, -0.59646, 0.04327, -0.15307, -0.23481, 0.24834, 0.09765, -0.04104, -0.01465, -0.04098, 0.10635, 0.52935, -0.40224, -0.4059, 0.6909, -0.25563, -0.257, -0.25776, 0.52222, -0.40669, -0.40656, 0.08916, 0.08205, 0.08131, 0.09151, 0.09351, 0.09867, 0.10525, 0.09937, 0.10264, 0.09953, 0.08507, 0.08812, 0.08437, 0.08206, 0.15255, 0.15364], "FUKUI+": [0.007, 0.001, 0.007, 0.003, 0.007, 0.002, 0.007, -0.026, 0.002, -0.026, -0.034, -0.014, -0.008, -0.088, -0.121, -0.122, -0.002, -0.023, -0.021, -0.02, -0.092, -0.12, -0.12, -0.017, -0.008, -0.013, -0.009, 0.007, 0.0, -0.018, -0.004, -0.007, 0.0, -0.014, -0.019, -0.007, -0.01, -0.042, -0.039], "FUKUI-": [0.014, -0.005, 0.018, -0.144, 0.023, -0.0, 0.015, 0.024, -0.01, -0.01, -0.023, -0.009, -0.008, 0.006, -0.02, -0.033, -0.001, -0.017, -0.015, -0.015, 0.005, -0.026, -0.026, -0.063, -0.041, -0.038, -0.032, -0.037, -0.061, -0.049, -0.051, -0.085, -0.047, -0.032, -0.056, -0.038, -0.045, -0.036, -0.033], "FUKUIrad": [0.011, -0.002, 0.013, -0.071, 0.015, 0.001, 0.011, -0.001, -0.004, -0.018, -0.028, -0.012, -0.008, -0.041, -0.07, -0.077, -0.001, -0.02, -0.018, -0.018, -0.043, -0.073, -0.073, -0.04, -0.024, -0.025, -0.02, -0.015, -0.03, -0.034, -0.027, -0.046, -0.023, -0.023, -0.038, -0.022, -0.028, -0.039, -0.036], "s proportion": [1.008, 1.033, 1.016, 1.455, 1.017, 1.031, 1.008, 1.053, 1.074, 1.07, 1.076, 1.071, 1.073, 1.324, 1.746, 1.747, 1.023, 1.823, 1.822, 1.823, 1.325, 1.746, 1.746, 0.962, 0.969, 0.97, 0.966, 0.966, 0.97, 0.961, 0.968, 0.966, 0.959, 0.972, 0.963, 0.967, 0.969, 0.909, 0.908], "p proportion": [3.077, 3.018, 2.896, 3.894, 2.891, 3.014, 3.076, 2.769, 2.891, 2.93, 2.937, 2.929, 2.884, 2.982, 4.696, 4.699, 2.339, 5.412, 5.414, 5.414, 2.985, 4.699, 4.699, 0.0, 0.0, 0.0, 0.0, 0.0, 0.0, 0.0, 0.0, 0.0, 0.0, 0.0, 0.0, 0.0, 0.0, 0.0, 0.0], "d proportion": [0.0, 0.0, 0.0, 0.0, 0.0, 0.0, 0.0, 0.0, 0.0, 0.0, 0.0, 0.0, 0.0, 0.0, 0.0, 0.0, 0.0, 0.0, 0.0, 0.0, 0.0, 0.0, 0.0, 0.0, 0.0, 0.0, 0.0, 0.0, 0.0, 0.0, 0.0, 0.0, 0.0, 0.0, 0.0, 0.0, 0.0, 0.0, 0.0], "Fermi-level/eV": -10.2245, "Coordination numbers": [3.75, 3.8, 3.743, 2.729, 3.745, 3.8, 3.75, 2.904, 2.912, 2.912, 2.96, 2.911, 2.915, 2.758, 0.927, 0.927, 3.331, 0.788, 0.788, 0.788, 2.759, 0.927, 0.927, 0.924, 0.924, 0.924, 0.924, 0.924, 0.924, 0.924, 0.923, 0.924, 0.924, 0.924, 0.924, 0.924, 0.924, 0.924, 0.924], "Dispersion coefficient C6": [22.557, 21.696, 20.582, 24.725, 20.495, 21.636, 22.565, 25.69, 27.782, 28.381, 28.157, 28.362, 27.653, 13.455, 20.565, 20.661, 17.41, 11.166, 11.166, 11.173, 13.55, 20.706, 20.723, 2.391, 2.475, 2.484, 2.353, 2.406, 2.471, 2.357, 2.367, 2.552, 2.294, 2.418, 2.397, 2.446, 2.473, 1.793, 1.765], "Total dispersion C6": 16398.625566, "Total dispersion C8": 367011.480836, "Polarizability alpha": [6.773, 6.632, 6.472, 7.385, 6.458, 6.623, 6.775, 8.311, 8.643, 8.736, 8.704, 8.733, 8.623, 5.448, 6.082, 6.096, 6.619, 3.947, 3.947, 3.948, 5.467, 6.102, 6.105, 2.418, 2.46, 2.465, 2.399, 2.426, 2.458, 2.401, 2.406, 2.498, 2.368, 2.432, 2.421, 2.446, 2.459, 2.094, 2.078], "Total polarizability alpha": 190.858532, "Wiberg matrix": [[0.0, 1.0175253248727874, 0.0, 0.0, 0.0, 0.0, 0.0, 0.0, 0.0, 0.0, 0.0, 0.0, 0.0, 0.0, 0.0, 0.0, 0.0, 0.0, 0.0, 0.0, 0.0, 0.0, 0.0, 0.9856254498203374, 0.9870997060115021, 0.9871281699847444, 0.0, 0.0, 0.0, 0.0, 0.0, 0.0, 0.0, 0.0, 0.0, 0.0, 0.0, 0.0, 0.0], [1.0175253248727874, 0.0, 0.9995979426031893, 0.0, 0.0, 0.0, 0.0, 0.0, 0.0, 0.0, 0.0, 0.0, 0.0, 0.0, 0.0, 0.0, 0.0, 0.0, 0.0, 0.0, 0.0, 0.0, 0.0, 0.0, 0.0, 0.0, 0.974625794227828, 0.9763876257578286, 0.0, 0.0, 0.0, 0.0, 0.0, 0.0, 0.0, 0.0, 0.0, 0.0, 0.0], [0.0, 0.9995979426031893, 0.0, 0.9605608558249669, 0.0, 0.0, 0.0, 0.0, 0.0, 0.0, 0.0, 0.0, 0.0, 0.0, 0.0, 0.0, 0.0, 0.0, 0.0, 0.0, 0.0, 0.0, 0.0, 0.0, 0.0, 0.0, 0.0, 0.0, 0.9717569275309142, 0.9678077102732083, 0.0, 0.0, 0.0, 0.0, 0.0, 0.0, 0.0, 0.0, 0.0], [0.0, 0.0, 0.9605608558249669, 0.0, 0.9556664278814769, 0.0, 0.0, 1.0649467256020058, 0.0, 0.0, 0.0, 0.0, 0.0, 0.0, 0.0, 0.0, 0.0, 0.0, 0.0, 0.0, 0.0, 0.0, 0.0, 0.0, 0.0, 0.0, 0.0, 0.0, 0.0, 0.0, 0.0, 0.0, 0.0, 0.0, 0.0, 0.0, 0.0, 0.0, 0.0], [0.0, 0.0, 0.0, 0.9556664278814769, 0.0, 1.001199250673336, 0.0, 0.0, 0.0, 0.0, 0.0, 0.0, 0.0, 0.0, 0.0, 0.0, 0.0, 0.0, 0.0, 0.0, 0.0, 0.0, 0.0, 0.0, 0.0, 0.0, 0.0, 0.0, 0.0, 0.0, 0.9726932859577695, 0.9676409476802934, 0.0, 0.0, 0.0, 0.0, 0.0, 0.0, 0.0], [0.0, 0.0, 0.0, 0.0, 1.001199250673336, 0.0, 1.0172038175586453, 0.0, 0.0, 0.0, 0.0, 0.0, 0.0, 0.0, 0.0, 0.0, 0.0, 0.0, 0.0, 0.0, 0.0, 0.0, 0.0, 0.0, 0.0, 0.0, 0.0, 0.0, 0.0, 0.0, 0.0, 0.0, 0.9751265819579004, 0.975094836047104, 0.0, 0.0, 0.0, 0.0, 0.0], [0.0, 0.0, 0.0, 0.0, 0.0, 1.0172038175586453, 0.0, 0.0, 0.0, 0.0, 0.0, 0.0, 0.0, 0.0, 0.0, 0.0, 0.0, 0.0, 0.0, 0.0, 0.0, 0.0, 0.0, 0.0, 0.0, 0.0, 0.0, 0.0, 0.0, 0.0, 0.0, 0.0, 0.0, 0.0, 0.9855636100836437, 0.986849292669239, 0.9871986896736995, 0.0, 0.0], [0.0, 0.0, 0.0, 1.0649467256020058, 0.0, 0.0, 0.0, 0.0, 1.3378943955131413, 0.0, 0.0, 0.0, 1.3419487685057594, 0.0, 0.0, 0.0, 0.0, 0.0, 0.0, 0.0, 0.0, 0.0, 0.0, 0.0, 0.0, 0.0, 0.0, 0.0, 0.0, 0.0, 0.0, 0.0, 0.0, 0.0, 0.0, 0.0, 0.0, 0.0, 0.0], [0.0, 0.0, 0.0, 0.0, 0.0, 0.0, 0.0, 1.3378943955131413, 0.0, 1.406393166212186, 0.0, 0.10311734439074564, 0.0, 0.0, 0.0, 0.0, 0.0, 0.0, 0.0, 0.0, 0.9350624517502436, 0.0, 0.0, 0.0, 0.0, 0.0, 0.0, 0.0, 0.0, 0.0, 0.0, 0.0, 0.0, 0.0, 0.0, 0.0, 0.0, 0.0, 0.0], [0.0, 0.0, 0.0, 0.0, 0.0, 0.0, 0.0, 0.0, 1.406393166212186, 0.0, 1.4095221618809626, 0.0, 0.1030981900624196, 0.0, 0.0, 0.0, 0.0, 0.0, 0.0, 0.0, 0.0, 0.0, 0.0, 0.0, 0.0, 0.0, 0.0, 0.0, 0.0, 0.0, 0.0, 0.0, 0.0, 0.0, 0.0, 0.0, 0.0, 0.9598255626073904, 0.0], [0.0, 0.0, 0.0, 0.0, 0.0, 0.0, 0.0, 0.0, 0.0, 1.4095221618809626, 0.0, 1.4105488821320853, 0.0, 0.0, 0.0, 0.0, 0.9533323672055666, 0.0, 0.0, 0.0, 0.0, 0.0, 0.0, 0.0, 0.0, 0.0, 0.0, 0.0, 0.0, 0.0, 0.0, 0.0, 0.0, 0.0, 0.0, 0.0, 0.0, 0.0, 0.0], [0.0, 0.0, 0.0, 0.0, 0.0, 0.0, 0.0, 0.0, 0.10311734439074564, 0.0, 1.4105488821320853, 0.0, 1.4086121983682554, 0.0, 0.0, 0.0, 0.0, 0.0, 0.0, 0.0, 0.0, 0.0, 0.0, 0.0, 0.0, 0.0, 0.0, 0.0, 0.0, 0.0, 0.0, 0.0, 0.0, 0.0, 0.0, 0.0, 0.0, 0.0, 0.9589066440473405], [0.0, 0.0, 0.0, 0.0, 0.0, 0.0, 0.0, 1.3419487685057594, 0.0, 0.1030981900624196, 0.0, 1.4086121983682554, 0.0, 0.9353569384530631, 0.0, 0.0, 0.0, 0.0, 0.0, 0.0, 0.0, 0.0, 0.0, 0.0, 0.0, 0.0, 0.0, 0.0, 0.0, 0.0, 0.0, 0.0, 0.0, 0.0, 0.0, 0.0, 0.0, 0.0, 0.0], [0.0, 0.0, 0.0, 0.0, 0.0, 0.0, 0.0, 0.0, 0.0, 0.0, 0.0, 0.0, 0.9353569384530631, 0.0, 1.4729572978754482, 1.4695641134574082, 0.0, 0.0, 0.0, 0.0, 0.0, 0.0, 0.0, 0.0, 0.0, 0.0, 0.0, 0.0, 0.0, 0.0, 0.0, 0.0, 0.0, 0.0, 0.0, 0.0, 0.0, 0.0, 0.0], [0.0, 0.0, 0.0, 0.0, 0.0, 0.0, 0.0, 0.0, 0.0, 0.0, 0.0, 0.0, 0.0, 1.4729572978754482, 0.0, 0.4039665287313271, 0.0, 0.0, 0.0, 0.0, 0.0, 0.0, 0.0, 0.0, 0.0, 0.0, 0.0, 0.0, 0.0, 0.0, 0.0, 0.0, 0.0, 0.0, 0.0, 0.0, 0.0, 0.0, 0.0], [0.0, 0.0, 0.0, 0.0, 0.0, 0.0, 0.0, 0.0, 0.0, 0.0, 0.0, 0.0, 0.0, 1.4695641134574082, 0.4039665287313271, 0.0, 0.0, 0.0, 0.0, 0.0, 0.0, 0.0, 0.0, 0.0, 0.0, 0.0, 0.0, 0.0, 0.0, 0.0, 0.0, 0.0, 0.0, 0.0, 0.0, 0.0, 0.0, 0.0, 0.0], [0.0, 0.0, 0.0, 0.0, 0.0, 0.0, 0.0, 0.0, 0.0, 0.0, 0.9533323672055666, 0.0, 0.0, 0.0, 0.0, 0.0, 0.0, 0.9486799745334535, 0.9540147389013179, 0.9531711808807124, 0.0, 0.0, 0.0, 0.0, 0.0, 0.0, 0.0, 0.0, 0.0, 0.0, 0.0, 0.0, 0.0, 0.0, 0.0, 0.0, 0.0, 0.0, 0.0], [0.0, 0.0, 0.0, 0.0, 0.0, 0.0, 0.0, 0.0, 0.0, 0.0, 0.0, 0.0, 0.0, 0.0, 0.0, 0.0, 0.9486799745334535, 0.0, 0.0, 0.0, 0.0, 0.0, 0.0, 0.0, 0.0, 0.0, 0.0, 0.0, 0.0, 0.0, 0.0, 0.0, 0.0, 0.0, 0.0, 0.0, 0.0, 0.0, 0.0], [0.0, 0.0, 0.0, 0.0, 0.0, 0.0, 0.0, 0.0, 0.0, 0.0, 0.0, 0.0, 0.0, 0.0, 0.0, 0.0, 0.9540147389013179, 0.0, 0.0, 0.0, 0.0, 0.0, 0.0, 0.0, 0.0, 0.0, 0.0, 0.0, 0.0, 0.0, 0.0, 0.0, 0.0, 0.0, 0.0, 0.0, 0.0, 0.0, 0.0], [0.0, 0.0, 0.0, 0.0, 0.0, 0.0, 0.0, 0.0, 0.0, 0.0, 0.0, 0.0, 0.0, 0.0, 0.0, 0.0, 0.9531711808807124, 0.0, 0.0, 0.0, 0.0, 0.0, 0.0, 0.0, 0.0, 0.0, 0.0, 0.0, 0.0, 0.0, 0.0, 0.0, 0.0, 0.0, 0.0, 0.0, 0.0, 0.0, 0.0], [0.0, 0.0, 0.0, 0.0, 0.0, 0.0, 0.0, 0.0, 0.9350624517502436, 0.0, 0.0, 0.0, 0.0, 0.0, 0.0, 0.0, 0.0, 0.0, 0.0, 0.0, 0.0, 1.4656387000781979, 1.4656834612416743, 0.0, 0.0, 0.0, 0.0, 0.0, 0.0, 0.0, 0.0, 0.0, 0.0, 0.0, 0.0, 0.0, 0.0, 0.0, 0.0], [0.0, 0.0, 0.0, 0.0, 0.0, 0.0, 0.0, 0.0, 0.0, 0.0, 0.0, 0.0, 0.0, 0.0, 0.0, 0.0, 0.0, 0.0, 0.0, 0.0, 1.4656387000781979, 0.0, 0.3995972112689564, 0.0, 0.0, 0.0, 0.0, 0.0, 0.0, 0.0, 0.0, 0.0, 0.0, 0.0, 0.0, 0.0, 0.0, 0.0, 0.0], [0.0, 0.0, 0.0, 0.0, 0.0, 0.0, 0.0, 0.0, 0.0, 0.0, 0.0, 0.0, 0.0, 0.0, 0.0, 0.0, 0.0, 0.0, 0.0, 0.0, 1.4656834612416743, 0.3995972112689564, 0.0, 0.0, 0.0, 0.0, 0.0, 0.0, 0.0, 0.0, 0.0, 0.0, 0.0, 0.0, 0.0, 0.0, 0.0, 0.0, 0.0], [0.9856254498203374, 0.0, 0.0, 0.0, 0.0, 0.0, 0.0, 0.0, 0.0, 0.0, 0.0, 0.0, 0.0, 0.0, 0.0, 0.0, 0.0, 0.0, 0.0, 0.0, 0.0, 0.0, 0.0, 0.0, 0.0, 0.0, 0.0, 0.0, 0.0, 0.0, 0.0, 0.0, 0.0, 0.0, 0.0, 0.0, 0.0, 0.0, 0.0], [0.9870997060115021, 0.0, 0.0, 0.0, 0.0, 0.0, 0.0, 0.0, 0.0, 0.0, 0.0, 0.0, 0.0, 0.0, 0.0, 0.0, 0.0, 0.0, 0.0, 0.0, 0.0, 0.0, 0.0, 0.0, 0.0, 0.0, 0.0, 0.0, 0.0, 0.0, 0.0, 0.0, 0.0, 0.0, 0.0, 0.0, 0.0, 0.0, 0.0], [0.9871281699847444, 0.0, 0.0, 0.0, 0.0, 0.0, 0.0, 0.0, 0.0, 0.0, 0.0, 0.0, 0.0, 0.0, 0.0, 0.0, 0.0, 0.0, 0.0, 0.0, 0.0, 0.0, 0.0, 0.0, 0.0, 0.0, 0.0, 0.0, 0.0, 0.0, 0.0, 0.0, 0.0, 0.0, 0.0, 0.0, 0.0, 0.0, 0.0], [0.0, 0.974625794227828, 0.0, 0.0, 0.0, 0.0, 0.0, 0.0, 0.0, 0.0, 0.0, 0.0, 0.0, 0.0, 0.0, 0.0, 0.0, 0.0, 0.0, 0.0, 0.0, 0.0, 0.0, 0.0, 0.0, 0.0, 0.0, 0.0, 0.0, 0.0, 0.0, 0.0, 0.0, 0.0, 0.0, 0.0, 0.0, 0.0, 0.0], [0.0, 0.9763876257578286, 0.0, 0.0, 0.0, 0.0, 0.0, 0.0, 0.0, 0.0, 0.0, 0.0, 0.0, 0.0, 0.0, 0.0, 0.0, 0.0, 0.0, 0.0, 0.0, 0.0, 0.0, 0.0, 0.0, 0.0, 0.0, 0.0, 0.0, 0.0, 0.0, 0.0, 0.0, 0.0, 0.0, 0.0, 0.0, 0.0, 0.0], [0.0, 0.0, 0.9717569275309142, 0.0, 0.0, 0.0, 0.0, 0.0, 0.0, 0.0, 0.0, 0.0, 0.0, 0.0, 0.0, 0.0, 0.0, 0.0, 0.0, 0.0, 0.0, 0.0, 0.0, 0.0, 0.0, 0.0, 0.0, 0.0, 0.0, 0.0, 0.0, 0.0, 0.0, 0.0, 0.0, 0.0, 0.0, 0.0, 0.0], [0.0, 0.0, 0.9678077102732083, 0.0, 0.0, 0.0, 0.0, 0.0, 0.0, 0.0, 0.0, 0.0, 0.0, 0.0, 0.0, 0.0, 0.0, 0.0, 0.0, 0.0, 0.0, 0.0, 0.0, 0.0, 0.0, 0.0, 0.0, 0.0, 0.0, 0.0, 0.0, 0.0, 0.0, 0.0, 0.0, 0.0, 0.0, 0.0, 0.0], [0.0, 0.0, 0.0, 0.0, 0.9726932859577695, 0.0, 0.0, 0.0, 0.0, 0.0, 0.0, 0.0, 0.0, 0.0, 0.0, 0.0, 0.0, 0.0, 0.0, 0.0, 0.0, 0.0, 0.0, 0.0, 0.0, 0.0, 0.0, 0.0, 0.0, 0.0, 0.0, 0.0, 0.0, 0.0, 0.0, 0.0, 0.0, 0.0, 0.0], [0.0, 0.0, 0.0, 0.0, 0.9676409476802934, 0.0, 0.0, 0.0, 0.0, 0.0, 0.0, 0.0, 0.0, 0.0, 0.0, 0.0, 0.0, 0.0, 0.0, 0.0, 0.0, 0.0, 0.0, 0.0, 0.0, 0.0, 0.0, 0.0, 0.0, 0.0, 0.0, 0.0, 0.0, 0.0, 0.0, 0.0, 0.0, 0.0, 0.0], [0.0, 0.0, 0.0, 0.0, 0.0, 0.9751265819579004, 0.0, 0.0, 0.0, 0.0, 0.0, 0.0, 0.0, 0.0, 0.0, 0.0, 0.0, 0.0, 0.0, 0.0, 0.0, 0.0, 0.0, 0.0, 0.0, 0.0, 0.0, 0.0, 0.0, 0.0, 0.0, 0.0, 0.0, 0.0, 0.0, 0.0, 0.0, 0.0, 0.0], [0.0, 0.0, 0.0, 0.0, 0.0, 0.975094836047104, 0.0, 0.0, 0.0, 0.0, 0.0, 0.0, 0.0, 0.0, 0.0, 0.0, 0.0, 0.0, 0.0, 0.0, 0.0, 0.0, 0.0, 0.0, 0.0, 0.0, 0.0, 0.0, 0.0, 0.0, 0.0, 0.0, 0.0, 0.0, 0.0, 0.0, 0.0, 0.0, 0.0], [0.0, 0.0, 0.0, 0.0, 0.0, 0.0, 0.9855636100836437, 0.0, 0.0, 0.0, 0.0, 0.0, 0.0, 0.0, 0.0, 0.0, 0.0, 0.0, 0.0, 0.0, 0.0, 0.0, 0.0, 0.0, 0.0, 0.0, 0.0, 0.0, 0.0, 0.0, 0.0, 0.0, 0.0, 0.0, 0.0, 0.0, 0.0, 0.0, 0.0], [0.0, 0.0, 0.0, 0.0, 0.0, 0.0, 0.986849292669239, 0.0, 0.0, 0.0, 0.0, 0.0, 0.0, 0.0, 0.0, 0.0, 0.0, 0.0, 0.0, 0.0, 0.0, 0.0, 0.0, 0.0, 0.0, 0.0, 0.0, 0.0, 0.0, 0.0, 0.0, 0.0, 0.0, 0.0, 0.0, 0.0, 0.0, 0.0, 0.0], [0.0, 0.0, 0.0, 0.0, 0.0, 0.0, 0.9871986896736995, 0.0, 0.0, 0.0, 0.0, 0.0, 0.0, 0.0, 0.0, 0.0, 0.0, 0.0, 0.0, 0.0, 0.0, 0.0, 0.0, 0.0, 0.0, 0.0, 0.0, 0.0, 0.0, 0.0, 0.0, 0.0, 0.0, 0.0, 0.0, 0.0, 0.0, 0.0, 0.0], [0.0, 0.0, 0.0, 0.0, 0.0, 0.0, 0.0, 0.0, 0.0, 0.9598255626073904, 0.0, 0.0, 0.0, 0.0, 0.0, 0.0, 0.0, 0.0, 0.0, 0.0, 0.0, 0.0, 0.0, 0.0, 0.0, 0.0, 0.0, 0.0, 0.0, 0.0, 0.0, 0.0, 0.0, 0.0, 0.0, 0.0, 0.0, 0.0, 0.0], [0.0, 0.0, 0.0, 0.0, 0.0, 0.0, 0.0, 0.0, 0.0, 0.0, 0.0, 0.9589066440473405, 0.0, 0.0, 0.0, 0.0, 0.0, 0.0, 0.0, 0.0, 0.0, 0.0, 0.0, 0.0, 0.0, 0.0, 0.0, 0.0, 0.0, 0.0, 0.0, 0.0, 0.0, 0.0, 0.0, 0.0, 0.0, 0.0, 0.0]], "Born radii": [], "Atomic SASAs": [], "Solvent H bonds": [], "Total SASA": NaN, "Total FOD": 0.0, "FOD": [0.0, 0.0, 0.0, 0.0, 0.0, 0.0, 0.0, 0.0, 0.0, 0.0, 0.0, 0.0, 0.0, 0.0, 0.0, 0.0, 0.0, 0.0, 0.0, 0.0, 0.0, 0.0, 0.0, 0.0, 0.0, 0.0, 0.0, 0.0, 0.0, 0.0, 0.0, 0.0, 0.0, 0.0, 0.0, 0.0, 0.0, 0.0, 0.0], "FOD s proportion": [0.0, 0.0, 0.0, 0.0, 0.0, 0.0, 0.0, 0.0, 0.0, 0.0, 0.0, 0.0, 0.0, 0.0, 0.0, 0.0, 0.0, 0.0, 0.0, 0.0, 0.0, 0.0, 0.0, 0.0, 0.0, 0.0, 0.0, 0.0, 0.0, 0.0, 0.0, 0.0, 0.0, 0.0, 0.0, 0.0, 0.0, 0.0, 0.0], "FOD p proportion": [0.0, 0.0, 0.0, 0.0, 0.0, 0.0, 0.0, 0.0, 0.0, 0.0, 0.0, 0.0, 0.0, 0.0, 0.0, 0.0, 0.0, 0.0, 0.0, 0.0, 0.0, 0.0, 0.0, 0.0, 0.0, 0.0, 0.0, 0.0, 0.0, 0.0, 0.0, 0.0, 0.0, 0.0, 0.0, 0.0, 0.0, 0.0, 0.0], "FOD d proportion": [0.0, 0.0, 0.0, 0.0, 0.0, 0.0, 0.0, 0.0, 0.0, 0.0, 0.0, 0.0, 0.0, 0.0, 0.0, 0.0, 0.0, 0.0, 0.0, 0.0, 0.0, 0.0, 0.0, 0.0, 0.0, 0.0, 0.0, 0.0, 0.0, 0.0, 0.0, 0.0, 0.0, 0.0, 0.0, 0.0, 0.0, 0.0, 0.0], "coordinates": [["-2.52900", "3.28820", "0.14820"], ["-1.85090", "2.07000", "-0.45780"], ["-1.23840", "1.17550", "0.62210"], ["-0.65960", "-0.03320", "-0.00190"], ["-1.34970", "-1.31400", "0.26190"], ["-2.64800", "-1.39990", "-0.54240"], ["-3.31280", "-2.75780", "-0.38150"], ["0.74170", "-0.11050", "0.00640"], ["1.54470", "-0.29820", "1.14740"], ["2.95360", "-0.34540", "1.10590"], ["3.62870", "-0.20100", "-0.11360"], ["2.86730", "-0.03850", "-1.27740"], ["1.46130", "-0.00090", "-1.19930"], ["0.74630", "0.14080", "-2.45290"], ["0.24110", "-0.88310", "-2.93290"], ["0.77070", "1.25970", "-2.98360"], ["5.13750", "-0.26920", "-0.17690"], ["5.58270", "-1.54220", "-0.34290"], ["5.65650", "0.45410", "-1.20450"], ["5.73230", "0.19820", "0.95320"], ["0.94460", "-0.48100", "2.45120"], ["0.69550", "-1.64420", "2.79290"], ["0.77390", "0.53340", "3.13900"], ["-2.95290", "3.91760", "-0.64060"], ["-1.81520", "3.89200", "0.71760"], ["-3.34140", "2.99140", "0.81920"], ["-2.58140", "1.51020", "-1.05200"], ["-1.07050", "2.40350", "-1.15090"], ["-0.48170", "1.75600", "1.16340"], ["-2.00490", "0.89660", "1.35560"], ["-0.70750", "-2.15700", "-0.02650"], ["-1.56750", "-1.42030", "1.33100"], ["-2.44430", "-1.22010", "-1.60450"], ["-3.34810", "-0.62300", "-0.21540"], ["-4.24230", "-2.79530", "-0.95820"], ["-2.65910", "-3.55980", "-0.73910"], ["-3.55540", "-2.95350", "0.66780"], ["3.52070", "-0.49570", "2.02620"], ["3.36130", "0.05650", "-2.24570"]], "bond_dist": [[0.0, 1.5202193427265684, 2.520660798282863, 3.8142999790262957, 4.7522543092726, 4.7401868075003115, 6.119562119138918, 4.718977370151292, 5.518668072098556, 6.646739126067759, 7.082395440103581, 6.4976397206985865, 5.343821586655004, 5.234447254486379, 5.8793175547847385, 4.981064502694179, 8.457896134382356, 9.453762227811739, 8.767230483453712, 8.856929642376077, 5.619303746906728, 6.4591336957830485, 5.238602493986349, 1.0945505972772571, 1.0946694660946747, 1.0946803186318828, 2.145812153940787, 2.14419615473958, 2.751309719024741, 2.729880240962962, 5.744439518351638, 4.949087829085276, 4.8377577729770636, 4.012557190869683, 6.416267614431306, 6.90647024897668, 6.34683385712908, 7.378594263137118, 7.132340162246891], [1.5202193427265684, 0.0, 1.5301864298182755, 2.4597745303177687, 3.4958011284968715, 3.5612822943428677, 5.044861359839337, 3.419303532885023, 4.44017315428126, 5.60022634364005, 5.941542796277748, 5.232487711404587, 3.9760681457942844, 3.8010109826202814, 4.384447926478315, 3.729482308578498, 7.374855660282444, 8.265567119683924, 7.715552375559381, 7.937221080453789, 4.773332405144229, 5.553961207102549, 4.7103805408905135, 2.159038119163254, 2.168530297228978, 2.1682474974042982, 1.0954815972895209, 1.0957344660089872, 2.1451326485791036, 2.165410612331989, 4.400103663551576, 3.932215036083352, 3.5343744085764315, 3.0907304314676165, 5.444294096574872, 5.69446792685673, 5.422900318095475, 6.450361156555499, 5.8666683475376376], [2.520660798282863, 1.5301864298182755, 0.0, 1.4782899343498217, 2.5178844254651565, 3.158435937295547, 4.5586398421020276, 2.440016086012549, 3.19270690637271, 4.485539348840895, 5.11122971015782, 4.683873262589414, 3.4626283384157763, 3.8033226499996027, 4.3663233057115685, 4.128516069969936, 6.586171869910472, 7.4057088452085384, 7.169137432773904, 7.046658852960033, 3.294706065797069, 4.050067893258087, 3.2857920369372127, 3.4717479675229885, 2.778703067979736, 2.7854892245348934, 2.1721611128090843, 2.163262214804299, 1.09662246466138, 1.0969638599334073, 3.4362905901567755, 2.7109082721479156, 3.485805750468606, 2.8960045908112786, 5.223793252034388, 5.127798749951094, 4.734893714752212, 5.2357844741738555, 5.534769907593269], [3.8142999790262957, 2.4597745303177687, 1.4782899343498217, 0.0, 1.4786064689429708, 2.4725985723525765, 3.821912029338195, 1.4034549761214288, 2.5000107959766895, 3.7920843766983876, 4.293035129136494, 3.750460231758231, 2.4357805443019696, 2.8309418591698416, 3.1818786117638114, 3.550758142988621, 5.804540413331619, 6.431148520287803, 6.448009557995398, 6.467004529146397, 2.9650770799424424, 3.4989318441490114, 3.4987441489768867, 4.612589643573337, 4.154550114031602, 4.124858980619822, 2.679199285234303, 2.7251691140184313, 2.1426173573459164, 2.1253626467029103, 2.124482527581717, 2.127193275186813, 2.676231017681396, 2.760702544643302, 4.623791235555515, 4.120481968168288, 4.166810269258729, 4.669261606506964, 4.605466462802655], [4.7522543092726, 3.4958011284968715, 2.5178844254651565, 1.4786064689429708, 0.0, 1.5296601550671314, 2.5203737044335313, 2.426447291823995, 3.192727869706405, 4.490981279186099, 5.115098807452306, 4.666844087817805, 3.4294399032495084, 3.725560102857019, 3.5948666859843357, 4.653310445263672, 6.585432128569848, 6.96247283944433, 7.373150277188171, 7.274569989353323, 3.278831496127851, 3.270754665211073, 4.024955668078841, 5.545664527358286, 5.246597825257811, 4.776392083989756, 3.3495557526334743, 3.986698224094721, 3.3152716706176584, 2.551904992353751, 1.0982915824133406, 1.0962259529859708, 2.1657366714353805, 2.167694362681234, 3.4713150908553376, 2.7857040402741995, 2.7780978294509358, 5.244346054561999, 5.509977224090859], [4.7401868075003115, 3.5612822943428677, 3.158435937295547, 2.4725985723525765, 1.5296601550671314, 0.0, 1.5204408110807868, 3.6679421873851834, 4.652730404826826, 5.933530626869638, 6.40454475665523, 5.728190730937649, 4.390337697717569, 4.188679891087406, 3.785296725489298, 4.971965334754458, 7.875663971374097, 8.234347091907166, 8.53465949291476, 8.66141853624451, 4.765794050313127, 4.728942887157763, 5.385142009269579, 5.3271393355158265, 5.503213738353255, 4.649545548760653, 2.9551327770508045, 4.162286638375593, 4.190741478545294, 3.0479327190737, 2.1459015517958884, 2.1627584169296394, 1.0963020295520756, 1.0957383903103879, 2.159125584582796, 2.168866549606038, 2.1683246435900694, 6.743006991691467, 6.413580773639636], [6.119562119138918, 5.044861359839337, 4.5586398421020276, 3.821912029338195, 2.5203737044335313, 1.5204408110807868, 0.0, 4.857739592650063, 5.655304909551739, 6.877485113033688, 7.40225768938099, 6.811084004033426, 5.573268812824302, 5.400821486588869, 4.759658313366622, 6.291756742754761, 8.811501643306888, 8.978256711077044, 9.562529639169753, 9.60901629200409, 5.5976300601236595, 5.2329140266203495, 6.318784264397702, 6.6901140483552295, 6.904394731618407, 5.873312446141445, 4.381819280846712, 5.679692187081973, 5.547633158383853, 4.252382647410743, 2.6971417704673963, 2.7870476476013106, 2.148148630798158, 2.1415429811236577, 1.0945133119336647, 1.0947170639028152, 1.0946157956104963, 7.590180363469633, 7.479247083764515], [4.718977370151292, 3.419303532885023, 2.440016086012549, 1.4034549761214288, 2.426447291823995, 3.6679421873851834, 4.857739592650063, 0.0, 1.407807263086819, 2.4812456287115148, 2.8909097616494357, 2.4842507522389927, 1.408385178138424, 2.472110300937238, 3.0800966884174272, 3.2891319584352345, 4.402481370772624, 5.0603415279998645, 5.093163163496729, 5.08898951561113, 2.4810251308682867, 3.1810300815930677, 3.1982537125750357, 5.504022871500445, 4.802452425584245, 5.191736998346507, 3.8457603487476963, 3.3081124723926787, 2.5137976867679708, 3.2215528258900243, 2.5078726642315794, 2.966908465052469, 3.7385568030992924, 4.127749450972043, 5.742722368354577, 4.900906179473343, 5.194724956145417, 3.4569946601057975, 3.4586337721707396], [5.518668072098556, 4.44017315428126, 3.19270690637271, 2.5000107959766895, 3.192727869706405, 4.652730404826826, 5.655304909551739, 1.407807263086819, 0.0, 1.4103011380552735, 2.437749954363654, 2.7742332075728604, 2.3669270668949647, 3.713801778501378, 4.323231321592681, 4.482330801045367, 3.8292066188702854, 4.4803988762162685, 4.796278571976403, 4.221388439838249, 1.4468691336814121, 2.2892197120416378, 2.291759533633492, 6.418591699119053, 5.388082413066823, 5.8994200231887195, 5.0132197368557465, 4.406885160745626, 2.8855312509137723, 3.7510737716019396, 3.1473136942478424, 3.3133979854523963, 4.933049180780585, 5.08942145238533, 6.645180868117888, 5.645250326602001, 5.769892049250142, 2.171605786048656, 3.8650970569961105], [6.646739126067759, 5.60022634364005, 4.485539348840895, 3.7920843766983876, 4.490981279186099, 5.933530626869638, 6.877485113033688, 2.4812456287115148, 1.4103011380552735, 0.0, 1.4013534957318943, 2.404527851782965, 2.767595812252938, 4.215877271695655, 4.894760768413509, 4.905650687727368, 2.533930048363609, 3.2316433110725575, 3.6445598938692174, 2.835487954479793, 2.421631774238189, 3.1035247783769986, 3.107551631107679, 7.490672433099714, 6.391227510423956, 7.130459741839933, 6.223825894897768, 5.370565916176805, 4.0274649967442295, 5.117776503521817, 4.238853327257266, 4.652571894124796, 6.10317070546122, 6.444712432684642, 7.876769365037927, 6.725979010523301, 7.0257525020455995, 1.091395707339918, 3.400141976447454], [7.082395440103581, 5.941542796277748, 5.11122971015782, 4.293035129136494, 5.115098807452306, 6.40454475665523, 7.40225768938099, 2.8909097616494357, 2.437749954363654, 1.4013534957318943, 0.0, 1.4002023603750995, 2.4323665965474857, 3.7279191903795335, 4.459769798991871, 4.3056600527677515, 1.5116664876883397, 2.381073692685718, 2.3939907393304596, 2.392186414140838, 3.7230353006653054, 4.374269165243493, 4.389605125748784, 7.78190551985823, 6.861456816886629, 7.722941642275954, 6.509542380997299, 5.471918509992633, 4.7282096146427355, 5.9245863450539735, 4.757746614732651, 5.529381167002325, 6.335824857112135, 6.9902922313734495, 8.330449126547741, 7.156061523631557, 7.7329253856480475, 2.162696495118998, 2.164176383754337], [6.4976397206985865, 5.232487711404587, 4.683873262589414, 3.750460231758231, 4.666844087817805, 5.728190730937649, 6.811084004033426, 2.4842507522389927, 2.7742332075728604, 2.404527851782965, 1.4002023603750995, 0.0, 1.4086693614897714, 2.431581736236724, 3.217290140786187, 2.9986952562739684, 2.5334030038665385, 3.241573861567865, 2.8333029859159082, 3.638657479071093, 4.218416705352851, 4.884908373756871, 4.920770481337247, 7.066184931771883, 6.4307590142999445, 7.2196939865897365, 5.669004192977812, 4.635259980842499, 4.515920270553943, 5.616532190773948, 4.339583862537974, 5.327342005165428, 5.451262929817273, 6.332509882345231, 7.632053920144957, 6.574984223555218, 7.316563628507581, 3.3984903060035347, 1.0911763789598816], [5.343821586655004, 3.9760681457942844, 3.4626283384157763, 2.4357805443019696, 3.4294399032495084, 4.390337697717569, 5.573268812824302, 1.408385178138424, 2.3669270668949647, 2.767595812252938, 2.4323665965474857, 1.4086693614897714, 0.0, 1.4501092545046392, 2.296199869349356, 2.291237047972121, 3.825144845623496, 4.482740747578427, 4.21980509976468, 4.786892317568885, 3.718013602718527, 4.38458040979978, 4.424798542306757, 5.9289079584692495, 5.437336505128223, 6.007838948407323, 4.318395974201532, 3.49191826364822, 3.527647643968995, 4.398586443392922, 3.275350437739449, 4.194132078273167, 4.11148963758879, 4.94827201960442, 6.3559305793880405, 5.463995736638161, 6.113197858731549, 3.858731093248142, 2.169849699864025], [5.234447254486379, 3.8010109826202814, 3.8033226499996027, 2.8309418591698416, 3.725560102857019, 4.188679891087406, 5.400821486588869, 2.472110300937238, 3.713801778501378, 4.215877271695655, 3.7279191903795335, 2.431581736236724, 1.4501092545046392, 0.0, 1.2385468299583993, 1.2386182059052742, 4.962954104160143, 5.538533556818086, 5.076093329520253, 6.03862633137703, 4.947338167135939, 5.541409863924523, 5.605732969915709, 5.58862506972869, 5.53939111635927, 5.961698588489694, 3.8615235930912037, 3.180531013840299, 4.146622810191445, 4.75867705670389, 3.6442881664325064, 4.701978611180617, 3.570960617256931, 4.727991968055783, 5.978372793662168, 5.313031146153766, 6.149640954559868, 5.3070485601697674, 2.6245501195443004], [5.8793175547847385, 4.384447926478315, 4.3663233057115685, 3.1818786117638114, 3.5948666859843357, 3.785296725489298, 4.759658313366622, 3.0800966884174272, 4.323231321592681, 4.894760768413509, 4.459769798991871, 3.217290140786187, 2.296199869349356, 1.2385468299583993, 0.0, 2.207858349170073, 5.65218030232582, 5.97287228810394, 5.839694132401114, 6.8135350839340365, 5.444734104618884, 5.794008820324663, 6.257660721068217, 6.2050782251314125, 6.352645114438552, 6.474898525073579, 4.151165613415104, 3.9620144017910888, 4.92615086451887, 5.157817400800458, 3.3120724826005845, 4.662666727313887, 3.0148944790821455, 4.509414030669617, 5.258975612227157, 4.51537831969814, 5.627167040349877, 5.9580640924716475, 3.330276270821987], [4.981064502694179, 3.729482308578498, 4.128516069969936, 3.550758142988621, 4.653310445263672, 4.971965334754458, 6.291756742754761, 3.2891319584352345, 4.482330801045367, 4.905650687727368, 4.3056600527677515, 2.9986952562739684, 2.291237047972121, 1.2386182059052742, 2.207858349170073, 0.0, 5.411473213460454, 6.162733492533975, 5.2616755705763545, 6.422044148867244, 5.709407039264235, 6.465774702230198, 6.165529392517726, 5.139968712939798, 5.226352795210059, 5.862545448864341, 3.8769063981478844, 2.8385005143561277, 4.360324351467447, 5.163763512206964, 4.754298532906827, 5.5915429355411375, 4.288070644240834, 5.3077305856646495, 6.758360685846828, 6.3268387477475665, 7.056834801098861, 5.9784634480776075, 2.9501516927100546], [8.457896134382356, 7.374855660282444, 6.586171869910472, 5.804540413331619, 6.585432128569848, 7.875663971374097, 8.811501643306888, 4.402481370772624, 3.8292066188702854, 2.533930048363609, 1.5116664876883397, 2.5334030038665385, 3.825144845623496, 4.962954104160143, 5.65218030232582, 5.411473213460454, 0.0, 1.3587818220744639, 1.3595902507741073, 1.3599175747081145, 4.952996997778214, 5.517399844129479, 5.538985875591307, 9.121342230724599, 8.152039804858658, 9.138680034884688, 7.969534589924307, 6.828708903592245, 6.121539656818373, 7.397399789791005, 6.144138182039855, 6.9682005295485006, 7.773412623166225, 8.493059757825797, 9.745371154553323, 8.481219768405957, 9.137039727942524, 2.742078427033041, 2.746069986362329], [9.453762227811739, 8.265567119683924, 7.4057088452085384, 6.431148520287803, 6.96247283944433, 8.234347091907166, 8.978256711077044, 5.0603415279998645, 4.4803988762162685, 3.2316433110725575, 2.381073692685718, 3.241573861567865, 4.482740747578427, 5.538533556818086, 5.97287228810394, 6.162733492533975, 1.3587818220744639, 0.0, 2.1755492846635307, 2.17514310563696, 5.517708932156534, 5.807613062179676, 6.289379970235539, 10.13678986119373, 9.240352498687482, 10.076882761052646, 8.744855480795552, 7.777305621486146, 7.06569248481704, 8.14888467521783, 6.328088498116948, 7.34453271896858, 8.131919328793174, 8.978884871185285, 9.9236827186282, 8.494407068183158, 9.301513521465203, 3.3105348601094655, 3.3333327901666223], [8.767230483453712, 7.715552375559381, 7.169137432773904, 6.448009557995398, 7.373150277188171, 8.53465949291476, 9.562529639169753, 5.093163163496729, 4.796278571976403, 3.6445598938692174, 2.3939907393304596, 2.8333029859159082, 4.21980509976468, 5.076093329520253, 5.839694132401114, 5.2616755705763545, 1.3595902507741073, 2.1755492846635307, 0.0, 2.174143449729111, 6.036601370804602, 6.707726190744521, 6.53544669475622, 9.297073938611009, 8.446296567727183, 9.565325785878912, 8.306720163217248, 7.003967612717808, 6.706667820907787, 8.089930050377445, 6.978970067997141, 7.882151458199721, 8.281660840676826, 9.122570053444369, 10.42139652301936, 9.245387700361732, 9.998817263056665, 3.9876288907068567, 2.5514949029931455], [8.856929642376077, 7.937221080453789, 7.046658852960033, 6.467004529146397, 7.274569989353323, 8.66141853624451, 9.60901629200409, 5.08898951561113, 4.221388439838249, 2.835487954479793, 2.392186414140838, 3.638657479071093, 4.786892317568885, 6.03862633137703, 6.8135350839340365, 6.422044148867244, 1.3599175747081145, 2.17514310563696, 2.174143449729111, 0.0, 5.062350040248106, 5.669946039425772, 5.429163033101879, 9.581588273350093, 8.406213300291636, 9.494838278243606, 8.652154571550373, 7.454439800548395, 6.409736412677202, 7.7790714201632065, 6.926601126815373, 7.486611725607253, 8.683904176118022, 9.192043274484734, 10.588065799285534, 9.348905671253721, 9.81203533116346, 2.554212358046997, 3.9843043432950758], [5.619303746906728, 4.773332405144229, 3.294706065797069, 2.9650770799424424, 3.278831496127851, 4.765794050313127, 5.5976300601236595, 2.4810251308682867, 1.4468691336814121, 2.421631774238189, 3.7230353006653054, 4.218416705352851, 3.718013602718527, 4.947338167135939, 5.444734104618884, 5.709407039264235, 4.952996997778214, 5.517708932156534, 6.036601370804602, 5.062350040248106, 0.0, 1.2376768318103075, 1.2374225995996677, 6.6405884867231455, 5.453897138744001, 5.752458757783493, 5.354434020510478, 5.035483360115491, 2.949055701406808, 3.434773845539179, 3.417222219873914, 2.906506311708268, 5.336629508406968, 5.055511136373848, 6.624494279565799, 5.713464554891367, 5.435418273693387, 2.610963864169706, 5.309445804413111], [6.4591336957830485, 5.553961207102549, 4.050067893258087, 3.4989318441490114, 3.270754665211073, 4.728942887157763, 5.2329140266203495, 3.1810300815930677, 2.2892197120416378, 3.1035247783769986, 4.374269165243493, 4.884908373756871, 4.38458040979978, 5.541409863924523, 5.794008820324663, 6.465774702230198, 5.517399844129479, 5.807613062179676, 6.707726190744521, 5.669946039425772, 1.2376768318103075, 0.0, 2.206325798697917, 7.485543670970065, 6.423394353455189, 6.456070063126639, 5.955801287820137, 5.920826777570849, 3.949991155686301, 3.9766387930009435, 3.1906722175742215, 2.7034148442294237, 5.4199014391407525, 5.142316529541914, 6.3069526127916955, 5.234299238675603, 4.9295504166201605, 3.1446201964625238, 5.9486435504239115], [5.238602493986349, 4.7103805408905135, 3.2857920369372127, 3.4987441489768867, 4.024955668078841, 5.385142009269579, 6.318784264397702, 3.1982537125750357, 2.291759533633492, 3.107551631107679, 4.389605125748784, 4.920770481337247, 4.424798542306757, 5.605732969915709, 6.257660721068217, 6.165529392517726, 5.538985875591307, 6.289379970235539, 6.53544669475622, 5.429163033101879, 1.2374225995996677, 2.206325798697917, 0.0, 6.295015809352666, 4.883319642415392, 5.32531033180227, 5.456799183587389, 5.030141884678801, 2.6408857377781416, 3.3217704977918032, 4.410576874967718, 3.5451321061421672, 5.994361161958795, 5.438763124093565, 7.282139381390609, 6.601472172932337, 6.083431559572278, 3.137240967793198, 5.993084886767415], [1.0945505972772571, 2.159038119163254, 3.4717479675229885, 4.612589643573337, 5.545664527358286, 5.3271393355158265, 6.6901140483552295, 5.504022871500445, 6.418591699119053, 7.490672433099714, 7.78190551985