{"total energy": -49.2599608, "HOMO-LUMO gap/eV": 4.73771279, "electronic energy": -49.87821486, "dipole": [0.3127738, -0.66464297, -0.28418035], "partial charges": [-0.10000131, -0.0518267, -0.05821776, -0.05813079, -0.05842847, -0.05774986, -0.057671, -0.0593806, -0.05986768, -0.05781797, -0.08890589, 0.35008873, -0.4018078, -0.26995251, 0.03407134, 0.03237582, 0.03095553, 0.03205092, 0.02841592, 0.02811582, 0.02965384, 0.03008255, 0.02763885, 0.02838572, 0.0319083, 0.0295611, 0.02841053, 0.02976387, 0.02950702, 0.02816335, 0.03323351, 0.03482591, 0.03060127, 0.0309552, 0.04700465, 0.04716279, 0.06938242, 0.06940393, 0.06197063, 0.06196265, 0.06410614], "atomic dipole moments": [[0.05350087, -0.01136499, -0.08480146], [0.03945105, -0.0248586, 0.09961906], [-0.03765726, 0.02396664, -0.10042686], [0.03758041, -0.02365615, 0.09789371], [-0.0392263, 0.02464523, -0.10175915], [0.03852132, -0.03181692, 0.0984488], [-0.02352108, 0.09975441, 0.04326308], [0.03408385, -0.09950925, -0.04794739], [-0.01748931, 0.09953961, 0.05370982], [0.06079157, -0.11267152, -0.04697582], [-0.00461079, 0.08612385, 0.04958701], [0.15515004, -0.04210461, 0.02601217], [0.03558445, -0.15317488, -0.07924413], [-0.01652037, 0.19939526, 0.11293859], [-0.19584239, -0.11515025, -0.13280272], [0.05554133, 0.08079594, 0.07906175], [-0.11321991, 0.04464859, -0.02632236], [-0.01515012, -0.10977858, 0.0596962], [0.0049939, 0.10960977, -0.05670127], [-0.06328877, -0.0745193, -0.07532267], [-0.00762539, -0.1088249, 0.05902196], [0.06067792, 0.07533813, 0.07777679], [-0.06047664, -0.0753117, -0.07748368], [0.00788539, 0.10888738, -0.05908475], [0.05802801, 0.07704937, 0.07844517], [-0.00852147, -0.10884445, 0.05908036], [-0.06097271, -0.0685447, -0.07972497], [0.01233445, 0.10946001, -0.0577464], [-0.0130673, -0.1125566, 0.05068766], [0.04543463, -0.02254415, -0.11027424], [0.009096, 0.11426435, -0.04942214], [-0.04278928, 0.01607788, 0.11610369], [0.04446498, -0.01647222, -0.1140688], [-0.00920542, -0.11336072, 0.04869564], [-0.04623937, 0.01905973, 0.11684913], [0.00806268, 0.11727963, -0.04848487], [0.04654485, -0.01007524, -0.12392104], [-0.01344059, -0.11841062, 0.05849796], [0.02292965, 0.11465713, -0.05752711], [-0.03703288, 0.00642063, 0.12477473], [0.10776437, -0.0653736, -0.00334902]], "atomic quadrupole moments": [[-0.00964117, -0.02867855, -0.12133332, -0.154176, 0.03063796, 0.13097449], [0.14051018, -0.12973604, -0.18831145, -0.09606166, 0.00706459, 0.04780127], [0.15051915, -0.13710167, -0.1933827, -0.08984015, 0.00420493, 0.04286356], [0.14976246, -0.13612056, -0.19211774, -0.08687028, 0.00550349, 0.04235527], [0.14850845, -0.1333695, -0.19386206, -0.07944525, -0.00122528, 0.04535361], [0.1325272, -0.14556554, -0.15912429, -0.08724638, 0.00904676, 0.0265971], [0.16755961, -0.0211481, -0.05103641, 0.14120648, 0.08769633, -0.11652321], [0.1865255, -0.02514049, -0.04561726, 0.1225903, 0.11077795, -0.14090823], [0.17966931, -0.00806699, -0.0490779, 0.13465855, 0.1151971, -0.1305914], [0.21425661, -0.03426595, -0.06157306, 0.13590562, 0.10782997, -0.15268355], [0.18030572, -0.02642423, -0.03283381, 0.13205116, 0.13163143, -0.14747191], [-0.03212536, 0.02117706, -0.17069203, -0.15544627, -0.37853366, 0.20281739], [-0.08578234, 0.03732265, -0.02540115, -0.07609258, -0.12922779, 0.11118349], [0.04152118, 0.03193649, -0.01200919, 0.05838209, 0.0498845, -0.02951199], [0.17355457, 0.24947284, -0.09343382, 0.30482259, 0.20645281, -0.08012075], [-0.00615462, 0.04763049, 0.00262514, 0.02708435, 0.04473306, 0.00352948], [0.05794022, -0.04438998, -0.03725156, 0.02461386, -0.0126239, -0.02068866], [-0.0482078, 0.00210687, 0.06268376, -0.01153894, -0.04094442, -0.01447596], [-0.0207826, 0.007523, 0.04230013, -0.01384357, -0.03106778, -0.02151753], [-0.00310063, 0.02539997, 0.00984932, 0.01555134, 0.04003089, -0.00674869], [-0.02292178, 0.00723257, 0.04490138, -0.0104394, -0.0299714, -0.0219796], [-0.0031717, 0.02749102, 0.01117024, 0.01778722, 0.03727386, -0.00799853], [-0.00266784, 0.02726497, 0.01083124, 0.01770058, 0.03724572, -0.0081634], [-0.02267059, 0.00721414, 0.04454619, -0.01051572, -0.02962502, -0.0218756], [0.00087157, 0.02821246, 0.00815676, 0.01834314, 0.03547229, -0.00902833], [-0.02305734, 0.00642032, 0.04580523, -0.01014672, -0.03016293, -0.02274789], [0.01031661, 0.02703203, -0.00179986, 0.01864314, 0.04157332, -0.00851674], [-0.0236333, 0.00994593, 0.04885101, -0.01705082, -0.02450055, -0.02521771], [-0.02077124, 0.01674213, 0.02556281, 0.00256828, -0.04419587, -0.00479157], [0.00260984, -0.00015177, -0.0465855, -0.02814922, 0.00734495, 0.04397566], [-0.02115152, 0.01035406, 0.03179092, 0.00019461, -0.04080588, -0.0106394], [-0.00717245, 0.00133831, -0.03682911, -0.02734197, 0.00102779, 0.04400155], [-0.01014563, 0.00096898, -0.03689794, -0.02657063, 7.132e-05, 0.04704356], [-0.0216187, 0.01018462, 0.03184725, -0.000313, -0.04063442, -0.01022855], [-0.00909793, 0.0026366, -0.0368727, -0.02288319, -0.002007, 0.04597063], [-0.01821308, 0.01223266, 0.0273354, -1.389e-05, -0.03972144, -0.00912232], [0.00024216, -0.01767034, -0.0480357, -0.02487518, 0.00668194, 0.04779354], [-0.00621622, 0.00089741, 0.04008432, -0.00163345, -0.04326672, -0.0338681], [-0.02761007, 0.01839114, 0.04202692, 0.01846873, -0.03608897, -0.01441685], [-0.00546574, 0.01461439, -0.04372199, -0.0256497, 0.01725976, 0.04918773], [0.04331926, -0.05441343, 0.00256449, 0.00036916, 0.01689526, -0.04588376]], "number of molecular orbitals": 86, "number of electrons": 90, "number of unpaired electrons": 0, "orbital energies/eV": [-20.13870677, -19.35476917, -18.31258091, -17.2872269, -16.97612108, -16.87017821, -16.71870943, -16.54742545, -16.46521858, -16.09262529, -15.89294396, -15.73414308, -15.39062141, -15.2413253, -15.13650188, -15.0809271, -15.03841506, -14.86006371, -14.38937968, -14.13759055, -13.99345735, -13.85139946, -13.70077664, -13.5698702, -13.47641471, -13.31658291, -13.21114212, -13.01984357, -12.88904778, -12.82624752, -12.75552383, -12.42921495, -12.31829742, -12.21529639, -12.18358773, -12.01824411, -11.92196069, -11.75881674, -11.71814905, -11.62503338, -11.47708359, -11.41325089, -11.35004111, -11.25321861, -11.2040994, -6.46638661, 0.01543361, 1.37566304, 1.81510486, 2.645019, 2.71459395, 2.79697527, 2.97077965, 3.13921355, 3.17068774, 3.43442032, 3.55840059, 3.60389544, 3.71117685, 3.76116657, 3.88558045, 4.22379559, 4.36061432, 4.41611912, 4.51119361, 4.80637954, 4.92496988, 4.97364118, 5.20508863, 5.34677679, 5.43120013, 5.75549183, 6.01824367, 6.06970552, 6.25472256, 6.58059144, 6.7514331, 6.86538938, 7.14238089, 7.31964948, 7.39767695, 7.63837811, 7.98478699, 8.37768113, 8.57946642, 16.15524397], "fractional occupation": [2.0, 2.0, 2.0, 2.0, 2.0, 2.0, 2.0, 2.0, 2.0, 2.0, 2.0, 2.0, 2.0, 2.0, 2.0, 2.0, 2.0, 2.0, 2.0, 2.0, 2.0, 2.0, 2.0, 2.0, 2.0, 2.0, 2.0, 2.0, 2.0, 2.0, 2.0, 2.0, 2.0, 2.0, 2.0, 2.0, 2.0, 2.0, 2.0, 2.0, 2.0, 2.0, 2.0, 2.0, 2.0, 0.0, 0.0, 0.0, 0.0, 0.0, 0.0, 0.0, 0.0, 0.0, 0.0, 0.0, 0.0, 0.0, 0.0, 0.0, 0.0, 0.0, 0.0, 0.0, 0.0, 0.0, 0.0, 0.0, 0.0, 0.0, 0.0, 0.0, 0.0, 0.0, 0.0, 0.0, 0.0, 0.0, 0.0, 0.0, 0.0, 0.0, 0.0, 0.0, 0.0, 0.0], "program call": "xtb /home/svss/Project-DBcg-Debug/aqme2_20220329/End-to-End-workflows-final/example-3/QDESCP/mol_818_rdkit_conf_4/mol_818_rdkit_conf_4.xyz --pop --wbo --acc 0.2 --gfn 2 --chrg 0 --uhf 0 --etemp 300 --input /home/svss/Project-DBcg-Debug/aqme2_20220329/End-to-End-workflows-final/example-3/QDESCP/mol_818_rdkit_conf_4/mol_818_rdkit_conf_4_xtb.inp", "method": "GFN2-xTB", "xtb version": "6.3.3 (7355c4f)", "Dipole module/D": 2.002, "Total charge": 0, "Transition dipole module/D": NaN, "HOMO": -11.2041, "LUMO": -6.4664, "HOMO occupancy": 2.0, "LUMO occupancy": 0, "mulliken charges": [-0.08348, -0.03847, -0.0466, -0.04528, -0.04691, -0.04552, -0.04569, -0.04606, -0.04778, -0.04062, -0.07796, 0.57367, -0.52754, -0.41887, 0.17544, 0.02688, 0.02795, 0.02653, 0.02207, 0.02175, 0.02254, 0.02312, 0.02207, 0.02269, 0.02369, 0.02275, 0.02423, 0.02356, 0.02301, 0.02379, 0.02548, 0.0256, 0.02256, 0.02276, 0.03731, 0.03734, 0.05539, 0.05539, 0.04364, 0.04363, 0.03595], "cm5 charges": [-0.23381, -0.15098, -0.15726, -0.15606, -0.15779, -0.1561, -0.15627, -0.15693, -0.15844, -0.14891, -0.17667, 0.62277, -0.57709, -0.50575, 0.05579, 0.07817, 0.07874, 0.07782, 0.07677, 0.07647, 0.07789, 0.07846, 0.07742, 0.07805, 0.07966, 0.07821, 0.07915, 0.07876, 0.07821, 0.07872, 0.08095, 0.08158, 0.07794, 0.07814, 0.09462, 0.09465, 0.11422, 0.11421, 0.10486, 0.10485, 0.09498], "FUKUI+": [0.002, 0.001, 0.0, 0.002, 0.001, 0.004, 0.003, 0.004, 0.007, 0.015, 0.029, -0.188, -0.283, -0.125, 0.047, -0.0, -0.005, -0.002, -0.002, -0.003, -0.001, 0.002, -0.006, -0.003, 0.005, -0.002, -0.012, -0.005, -0.008, -0.006, -0.01, -0.01, -0.018, -0.018, -0.023, -0.023, -0.098, -0.098, -0.048, -0.048, -0.076], "FUKUI-": [0.013, 0.003, 0.003, 0.005, 0.002, 0.003, 0.003, 0.001, 0.001, 0.003, -0.006, -0.012, -0.087, -0.043, 0.014, -0.039, -0.045, -0.042, -0.054, -0.053, -0.045, -0.043, -0.038, -0.034, -0.033, -0.029, -0.044, -0.03, -0.031, -0.047, -0.03, -0.034, -0.033, -0.028, -0.021, -0.021, -0.032, -0.03, -0.018, -0.018, -0.032], "FUKUIrad": [0.007, 0.002, 0.002, 0.004, 0.001, 0.003, 0.003, 0.002, 0.004, 0.009, 0.011, -0.1, -0.185, -0.084, 0.031, -0.02, -0.025, -0.022, -0.028, -0.028, -0.023, -0.021, -0.022, -0.018, -0.014, -0.015, -0.028, -0.017, -0.019, -0.027, -0.02, -0.022, -0.025, -0.023, -0.022, -0.022, -0.065, -0.064, -0.033, -0.033, -0.054], "s proportion": [1.007, 1.027, 1.032, 1.033, 1.032, 1.032, 1.032, 1.032, 1.033, 1.031, 1.039, 0.991, 1.731, 1.698, 0.973, 0.973, 0.972, 0.973, 0.978, 0.978, 0.977, 0.977, 0.978, 0.977, 0.976, 0.977, 0.976, 0.976, 0.977, 0.976, 0.975, 0.974, 0.977, 0.977, 0.963, 0.963, 0.945, 0.945, 0.956, 0.956, 0.964], "p proportion": [3.076, 3.011, 3.014, 3.013, 3.015, 3.013, 3.014, 3.014, 3.015, 3.01, 3.039, 2.435, 4.797, 4.721, 2.852, 0.0, 0.0, 0.0, 0.0, 0.0, 0.0, 0.0, 0.0, 0.0, 0.0, 0.0, 0.0, 0.0, 0.0, 0.0, 0.0, 0.0, 0.0, 0.0, 0.0, 0.0, 0.0, 0.0, 0.0, 0.0, 0.0], "d proportion": [0.0, 0.0, 0.0, 0.0, 0.0, 0.0, 0.0, 0.0, 0.0, 0.0, 0.0, 0.0, 0.0, 0.0, 0.0, 0.0, 0.0, 0.0, 0.0, 0.0, 0.0, 0.0, 0.0, 0.0, 0.0, 0.0, 0.0, 0.0, 0.0, 0.0, 0.0, 0.0, 0.0, 0.0, 0.0, 0.0, 0.0, 0.0, 0.0, 0.0, 0.0], "Fermi-level/eV": -8.8352, "Coordination numbers": [3.75, 3.8, 3.802, 3.802, 3.801, 3.8, 3.8, 3.801, 3.802, 3.802, 3.803, 2.722, 0.856, 1.703, 3.655, 0.924, 0.924, 0.924, 0.924, 0.924, 0.924, 0.924, 0.924, 0.924, 0.924, 0.924, 0.924, 0.924, 0.924, 0.924, 0.924, 0.924, 0.924, 0.924, 0.924, 0.924, 0.924, 0.924, 0.924, 0.924, 0.924], "Dispersion coefficient C6": [22.473, 21.505, 21.62, 21.619, 21.626, 21.613, 21.612, 21.643, 21.651, 21.613, 22.194, 21.055, 21.718, 18.477, 20.295, 2.553, 2.573, 2.558, 2.609, 2.614, 2.592, 2.585, 2.62, 2.61, 2.56, 2.593, 2.609, 2.59, 2.594, 2.613, 2.541, 2.519, 2.578, 2.573, 2.358, 2.356, 2.092, 2.092, 2.176, 2.176, 2.152], "Total dispersion C6": 12107.501836, "Total dispersion C8": 256357.15602, "Polarizability alpha": [6.761, 6.603, 6.62, 6.62, 6.621, 6.619, 6.619, 6.624, 6.625, 6.619, 6.707, 7.512, 6.248, 5.804, 6.468, 2.499, 2.508, 2.501, 2.526, 2.528, 2.518, 2.515, 2.532, 2.526, 2.502, 2.518, 2.526, 2.517, 2.519, 2.528, 2.493, 2.482, 2.511, 2.509, 2.401, 2.4, 2.262, 2.262, 2.307, 2.307, 2.294], "Total polarizability alpha": 163.056997, "Wiberg matrix": [[0.0, 1.0200650740484583, 0.0, 0.0, 0.0, 0.0, 0.0, 0.0, 0.0, 0.0, 0.0, 0.0, 0.0, 0.0, 0.0, 0.9877165610265433, 0.9874269214366522, 0.9877345044999881, 0.0, 0.0, 0.0, 0.0, 0.0, 0.0, 0.0, 0.0, 0.0, 0.0, 0.0, 0.0, 0.0, 0.0, 0.0, 0.0, 0.0, 0.0, 0.0, 0.0, 0.0, 0.0, 0.0], [1.0200650740484583, 0.0, 1.007716187503275, 0.0, 0.0, 0.0, 0.0, 0.0, 0.0, 0.0, 0.0, 0.0, 0.0, 0.0, 0.0, 0.0, 0.0, 0.0, 0.978110642811237, 0.9781279853439504, 0.0, 0.0, 0.0, 0.0, 0.0, 0.0, 0.0, 0.0, 0.0, 0.0, 0.0, 0.0, 0.0, 0.0, 0.0, 0.0, 0.0, 0.0, 0.0, 0.0, 0.0], [0.0, 1.007716187503275, 0.0, 1.0071621308385872, 0.0, 0.0, 0.0, 0.0, 0.0, 0.0, 0.0, 0.0, 0.0, 0.0, 0.0, 0.0, 0.0, 0.0, 0.0, 0.0, 0.9772522338141938, 0.9772024539045656, 0.0, 0.0, 0.0, 0.0, 0.0, 0.0, 0.0, 0.0, 0.0, 0.0, 0.0, 0.0, 0.0, 0.0, 0.0, 0.0, 0.0, 0.0, 0.0], [0.0, 0.0, 1.0071621308385872, 0.0, 1.0066609389760872, 0.0, 0.0, 0.0, 0.0, 0.0, 0.0, 0.0, 0.0, 0.0, 0.0, 0.0, 0.0, 0.0, 0.0, 0.0, 0.0, 0.0, 0.9772823997584503, 0.9774679661659671, 0.0, 0.0, 0.0, 0.0, 0.0, 0.0, 0.0, 0.0, 0.0, 0.0, 0.0, 0.0, 0.0, 0.0, 0.0, 0.0, 0.0], [0.0, 0.0, 0.0, 1.0066609389760872, 0.0, 1.0079692537511553, 0.0, 0.0, 0.0, 0.0, 0.0, 0.0, 0.0, 0.0, 0.0, 0.0, 0.0, 0.0, 0.0, 0.0, 0.0, 0.0, 0.0, 0.0, 0.9754127275416626, 0.9771973005865763, 0.0, 0.0, 0.0, 0.0, 0.0, 0.0, 0.0, 0.0, 0.0, 0.0, 0.0, 0.0, 0.0, 0.0, 0.0], [0.0, 0.0, 0.0, 0.0, 1.0079692537511553, 0.0, 1.006094146277343, 0.0, 0.0, 0.0, 0.0, 0.0, 0.0, 0.0, 0.0, 0.0, 0.0, 0.0, 0.0, 0.0, 0.0, 0.0, 0.0, 0.0, 0.0, 0.0, 0.9768650149556772, 0.9772417243414798, 0.0, 0.0, 0.0, 0.0, 0.0, 0.0, 0.0, 0.0, 0.0, 0.0, 0.0, 0.0, 0.0], [0.0, 0.0, 0.0, 0.0, 0.0, 1.006094146277343, 0.0, 1.0079736196312712, 0.0, 0.0, 0.0, 0.0, 0.0, 0.0, 0.0, 0.0, 0.0, 0.0, 0.0, 0.0, 0.0, 0.0, 0.0, 0.0, 0.0, 0.0, 0.0, 0.0, 0.977235894162778, 0.9769266675017453, 0.0, 0.0, 0.0, 0.0, 0.0, 0.0, 0.0, 0.0, 0.0, 0.0, 0.0], [0.0, 0.0, 0.0, 0.0, 0.0, 0.0, 1.0079736196312712, 0.0, 1.0066830682445065, 0.0, 0.0, 0.0, 0.0, 0.0, 0.0, 0.0, 0.0, 0.0, 0.0, 0.0, 0.0, 0.0, 0.0, 0.0, 0.0, 0.0, 0.0, 0.0, 0.0, 0.0, 0.9768883727856164, 0.9751258661843991, 0.0, 0.0, 0.0, 0.0, 0.0, 0.0, 0.0, 0.0, 0.0], [0.0, 0.0, 0.0, 0.0, 0.0, 0.0, 0.0, 1.0066830682445065, 0.0, 1.0072323358138742, 0.0, 0.0, 0.0, 0.0, 0.0, 0.0, 0.0, 0.0, 0.0, 0.0, 0.0, 0.0, 0.0, 0.0, 0.0, 0.0, 0.0, 0.0, 0.0, 0.0, 0.0, 0.0, 0.9768887273749207, 0.9770860969688969, 0.0, 0.0, 0.0, 0.0, 0.0, 0.0, 0.0], [0.0, 0.0, 0.0, 0.0, 0.0, 0.0, 0.0, 0.0, 1.0072323358138742, 0.0, 1.0064660879185432, 0.0, 0.0, 0.0, 0.0, 0.0, 0.0, 0.0, 0.0, 0.0, 0.0, 0.0, 0.0, 0.0, 0.0, 0.0, 0.0, 0.0, 0.0, 0.0, 0.0, 0.0, 0.0, 0.0, 0.9759482837574659, 0.9759645650353301, 0.0, 0.0, 0.0, 0.0, 0.0], [0.0, 0.0, 0.0, 0.0, 0.0, 0.0, 0.0, 0.0, 0.0, 1.0064660879185432, 0.0, 0.9791630717321482, 0.0, 0.0, 0.0, 0.0, 0.0, 0.0, 0.0, 0.0, 0.0, 0.0, 0.0, 0.0, 0.0, 0.0, 0.0, 0.0, 0.0, 0.0, 0.0, 0.0, 0.0, 0.0, 0.0, 0.0, 0.9526428943598255, 0.9526493544588401, 0.0, 0.0, 0.0], [0.0, 0.0, 0.0, 0.0, 0.0, 0.0, 0.0, 0.0, 0.0, 0.0, 0.9791630717321482, 0.0, 1.7650738140338642, 1.1106579865562605, 0.0, 0.0, 0.0, 0.0, 0.0, 0.0, 0.0, 0.0, 0.0, 0.0, 0.0, 0.0, 0.0, 0.0, 0.0, 0.0, 0.0, 0.0, 0.0, 0.0, 0.0, 0.0, 0.0, 0.0, 0.0, 0.0, 0.0], [0.0, 0.0, 0.0, 0.0, 0.0, 0.0, 0.0, 0.0, 0.0, 0.0, 0.0, 1.7650738140338642, 0.0, 0.1685612804145309, 0.0, 0.0, 0.0, 0.0, 0.0, 0.0, 0.0, 0.0, 0.0, 0.0, 0.0, 0.0, 0.0, 0.0, 0.0, 0.0, 0.0, 0.0, 0.0, 0.0, 0.0, 0.0, 0.0, 0.0, 0.0, 0.0, 0.0], [0.0, 0.0, 0.0, 0.0, 0.0, 0.0, 0.0, 0.0, 0.0, 0.0, 0.0, 1.1106579865562605, 0.1685612804145309, 0.0, 0.9605327114952982, 0.0, 0.0, 0.0, 0.0, 0.0, 0.0, 0.0, 0.0, 0.0, 0.0, 0.0, 0.0, 0.0, 0.0, 0.0, 0.0, 0.0, 0.0, 0.0, 0.0, 0.0, 0.0, 0.0, 0.0, 0.0, 0.0], [0.0, 0.0, 0.0, 0.0, 0.0, 0.0, 0.0, 0.0, 0.0, 0.0, 0.0, 0.0, 0.0, 0.9605327114952982, 0.0, 0.0, 0.0, 0.0, 0.0, 0.0, 0.0, 0.0, 0.0, 0.0, 0.0, 0.0, 0.0, 0.0, 0.0, 0.0, 0.0, 0.0, 0.0, 0.0, 0.0, 0.0, 0.0, 0.0, 0.9781803822005289, 0.9781785600330417, 0.9818487977845051], [0.9877165610265433, 0.0, 0.0, 0.0, 0.0, 0.0, 0.0, 0.0, 0.0, 0.0, 0.0, 0.0, 0.0, 0.0, 0.0, 0.0, 0.0, 0.0, 0.0, 0.0, 0.0, 0.0, 0.0, 0.0, 0.0, 0.0, 0.0, 0.0, 0.0, 0.0, 0.0, 0.0, 0.0, 0.0, 0.0, 0.0, 0.0, 0.0, 0.0, 0.0, 0.0], [0.9874269214366522, 0.0, 0.0, 0.0, 0.0, 0.0, 0.0, 0.0, 0.0, 0.0, 0.0, 0.0, 0.0, 0.0, 0.0, 0.0, 0.0, 0.0, 0.0, 0.0, 0.0, 0.0, 0.0, 0.0, 0.0, 0.0, 0.0, 0.0, 0.0, 0.0, 0.0, 0.0, 0.0, 0.0, 0.0, 0.0, 0.0, 0.0, 0.0, 0.0, 0.0], [0.9877345044999881, 0.0, 0.0, 0.0, 0.0, 0.0, 0.0, 0.0, 0.0, 0.0, 0.0, 0.0, 0.0, 0.0, 0.0, 0.0, 0.0, 0.0, 0.0, 0.0, 0.0, 0.0, 0.0, 0.0, 0.0, 0.0, 0.0, 0.0, 0.0, 0.0, 0.0, 0.0, 0.0, 0.0, 0.0, 0.0, 0.0, 0.0, 0.0, 0.0, 0.0], [0.0, 0.978110642811237, 0.0, 0.0, 0.0, 0.0, 0.0, 0.0, 0.0, 0.0, 0.0, 0.0, 0.0, 0.0, 0.0, 0.0, 0.0, 0.0, 0.0, 0.0, 0.0, 0.0, 0.0, 0.0, 0.0, 0.0, 0.0, 0.0, 0.0, 0.0, 0.0, 0.0, 0.0, 0.0, 0.0, 0.0, 0.0, 0.0, 0.0, 0.0, 0.0], [0.0, 0.9781279853439504, 0.0, 0.0, 0.0, 0.0, 0.0, 0.0, 0.0, 0.0, 0.0, 0.0, 0.0, 0.0, 0.0, 0.0, 0.0, 0.0, 0.0, 0.0, 0.0, 0.0, 0.0, 0.0, 0.0, 0.0, 0.0, 0.0, 0.0, 0.0, 0.0, 0.0, 0.0, 0.0, 0.0, 0.0, 0.0, 0.0, 0.0, 0.0, 0.0], [0.0, 0.0, 0.9772522338141938, 0.0, 0.0, 0.0, 0.0, 0.0, 0.0, 0.0, 0.0, 0.0, 0.0, 0.0, 0.0, 0.0, 0.0, 0.0, 0.0, 0.0, 0.0, 0.0, 0.0, 0.0, 0.0, 0.0, 0.0, 0.0, 0.0, 0.0, 0.0, 0.0, 0.0, 0.0, 0.0, 0.0, 0.0, 0.0, 0.0, 0.0, 0.0], [0.0, 0.0, 0.9772024539045656, 0.0, 0.0, 0.0, 0.0, 0.0, 0.0, 0.0, 0.0, 0.0, 0.0, 0.0, 0.0, 0.0, 0.0, 0.0, 0.0, 0.0, 0.0, 0.0, 0.0, 0.0, 0.0, 0.0, 0.0, 0.0, 0.0, 0.0, 0.0, 0.0, 0.0, 0.0, 0.0, 0.0, 0.0, 0.0, 0.0, 0.0, 0.0], [0.0, 0.0, 0.0, 0.9772823997584503, 0.0, 0.0, 0.0, 0.0, 0.0, 0.0, 0.0, 0.0, 0.0, 0.0, 0.0, 0.0, 0.0, 0.0, 0.0, 0.0, 0.0, 0.0, 0.0, 0.0, 0.0, 0.0, 0.0, 0.0, 0.0, 0.0, 0.0, 0.0, 0.0, 0.0, 0.0, 0.0, 0.0, 0.0, 0.0, 0.0, 0.0], [0.0, 0.0, 0.0, 0.9774679661659671, 0.0, 0.0, 0.0, 0.0, 0.0, 0.0, 0.0, 0.0, 0.0, 0.0, 0.0, 0.0, 0.0, 0.0, 0.0, 0.0, 0.0, 0.0, 0.0, 0.0, 0.0, 0.0, 0.0, 0.0, 0.0, 0.0, 0.0, 0.0, 0.0, 0.0, 0.0, 0.0, 0.0, 0.0, 0.0, 0.0, 0.0], [0.0, 0.0, 0.0, 0.0, 0.9754127275416626, 0.0, 0.0, 0.0, 0.0, 0.0, 0.0, 0.0, 0.0, 0.0, 0.0, 0.0, 0.0, 0.0, 0.0, 0.0, 0.0, 0.0, 0.0, 0.0, 0.0, 0.0, 0.0, 0.0, 0.0, 0.0, 0.0, 0.0, 0.0, 0.0, 0.0, 0.0, 0.0, 0.0, 0.0, 0.0, 0.0], [0.0, 0.0, 0.0, 0.0, 0.9771973005865763, 0.0, 0.0, 0.0, 0.0, 0.0, 0.0, 0.0, 0.0, 0.0, 0.0, 0.0, 0.0, 0.0, 0.0, 0.0, 0.0, 0.0, 0.0, 0.0, 0.0, 0.0, 0.0, 0.0, 0.0, 0.0, 0.0, 0.0, 0.0, 0.0, 0.0, 0.0, 0.0, 0.0, 0.0, 0.0, 0.0], [0.0, 0.0, 0.0, 0.0, 0.0, 0.9768650149556772, 0.0, 0.0, 0.0, 0.0, 0.0, 0.0, 0.0, 0.0, 0.0, 0.0, 0.0, 0.0, 0.0, 0.0, 0.0, 0.0, 0.0, 0.0, 0.0, 0.0, 0.0, 0.0, 0.0, 0.0, 0.0, 0.0, 0.0, 0.0, 0.0, 0.0, 0.0, 0.0, 0.0, 0.0, 0.0], [0.0, 0.0, 0.0, 0.0, 0.0, 0.9772417243414798, 0.0, 0.0, 0.0, 0.0, 0.0, 0.0, 0.0, 0.0, 0.0, 0.0, 0.0, 0.0, 0.0, 0.0, 0.0, 0.0, 0.0, 0.0, 0.0, 0.0, 0.0, 0.0, 0.0, 0.0, 0.0, 0.0, 0.0, 0.0, 0.0, 0.0, 0.0, 0.0, 0.0, 0.0, 0.0], [0.0, 0.0, 0.0, 0.0, 0.0, 0.0, 0.977235894162778, 0.0, 0.0, 0.0, 0.0, 0.0, 0.0, 0.0, 0.0, 0.0, 0.0, 0.0, 0.0, 0.0, 0.0, 0.0, 0.0, 0.0, 0.0, 0.0, 0.0, 0.0, 0.0, 0.0, 0.0, 0.0, 0.0, 0.0, 0.0, 0.0, 0.0, 0.0, 0.0, 0.0, 0.0], [0.0, 0.0, 0.0, 0.0, 0.0, 0.0, 0.9769266675017453, 0.0, 0.0, 0.0, 0.0, 0.0, 0.0, 0.0, 0.0, 0.0, 0.0, 0.0, 0.0, 0.0, 0.0, 0.0, 0.0, 0.0, 0.0, 0.0, 0.0, 0.0, 0.0, 0.0, 0.0, 0.0, 0.0, 0.0, 0.0, 0.0, 0.0, 0.0, 0.0, 0.0, 0.0], [0.0, 0.0, 0.0, 0.0, 0.0, 0.0, 0.0, 0.9768883727856164, 0.0, 0.0, 0.0, 0.0, 0.0, 0.0, 0.0, 0.0, 0.0, 0.0, 0.0, 0.0, 0.0, 0.0, 0.0, 0.0, 0.0, 0.0, 0.0, 0.0, 0.0, 0.0, 0.0, 0.0, 0.0, 0.0, 0.0, 0.0, 0.0, 0.0, 0.0, 0.0, 0.0], [0.0, 0.0, 0.0, 0.0, 0.0, 0.0, 0.0, 0.9751258661843991, 0.0, 0.0, 0.0, 0.0, 0.0, 0.0, 0.0, 0.0, 0.0, 0.0, 0.0, 0.0, 0.0, 0.0, 0.0, 0.0, 0.0, 0.0, 0.0, 0.0, 0.0, 0.0, 0.0, 0.0, 0.0, 0.0, 0.0, 0.0, 0.0, 0.0, 0.0, 0.0, 0.0], [0.0, 0.0, 0.0, 0.0, 0.0, 0.0, 0.0, 0.0, 0.9768887273749207, 0.0, 0.0, 0.0, 0.0, 0.0, 0.0, 0.0, 0.0, 0.0, 0.0, 0.0, 0.0, 0.0, 0.0, 0.0, 0.0, 0.0, 0.0, 0.0, 0.0, 0.0, 0.0, 0.0, 0.0, 0.0, 0.0, 0.0, 0.0, 0.0, 0.0, 0.0, 0.0], [0.0, 0.0, 0.0, 0.0, 0.0, 0.0, 0.0, 0.0, 0.9770860969688969, 0.0, 0.0, 0.0, 0.0, 0.0, 0.0, 0.0, 0.0, 0.0, 0.0, 0.0, 0.0, 0.0, 0.0, 0.0, 0.0, 0.0, 0.0, 0.0, 0.0, 0.0, 0.0, 0.0, 0.0, 0.0, 0.0, 0.0, 0.0, 0.0, 0.0, 0.0, 0.0], [0.0, 0.0, 0.0, 0.0, 0.0, 0.0, 0.0, 0.0, 0.0, 0.9759482837574659, 0.0, 0.0, 0.0, 0.0, 0.0, 0.0, 0.0, 0.0, 0.0, 0.0, 0.0, 0.0, 0.0, 0.0, 0.0, 0.0, 0.0, 0.0, 0.0, 0.0, 0.0, 0.0, 0.0, 0.0, 0.0, 0.0, 0.0, 0.0, 0.0, 0.0, 0.0], [0.0, 0.0, 0.0, 0.0, 0.0, 0.0, 0.0, 0.0, 0.0, 0.9759645650353301, 0.0, 0.0, 0.0, 0.0, 0.0, 0.0, 0.0, 0.0, 0.0, 0.0, 0.0, 0.0, 0.0, 0.0, 0.0, 0.0, 0.0, 0.0, 0.0, 0.0, 0.0, 0.0, 0.0, 0.0, 0.0, 0.0, 0.0, 0.0, 0.0, 0.0, 0.0], [0.0, 0.0, 0.0, 0.0, 0.0, 0.0, 0.0, 0.0, 0.0, 0.0, 0.9526428943598255, 0.0, 0.0, 0.0, 0.0, 0.0, 0.0, 0.0, 0.0, 0.0, 0.0, 0.0, 0.0, 0.0, 0.0, 0.0, 0.0, 0.0, 0.0, 0.0, 0.0, 0.0, 0.0, 0.0, 0.0, 0.0, 0.0, 0.0, 0.0, 0.0, 0.0], [0.0, 0.0, 0.0, 0.0, 0.0, 0.0, 0.0, 0.0, 0.0, 0.0, 0.9526493544588401, 0.0, 0.0, 0.0, 0.0, 0.0, 0.0, 0.0, 0.0, 0.0, 0.0, 0.0, 0.0, 0.0, 0.0, 0.0, 0.0, 0.0, 0.0, 0.0, 0.0, 0.0, 0.0, 0.0, 0.0, 0.0, 0.0, 0.0, 0.0, 0.0, 0.0], [0.0, 0.0, 0.0, 0.0, 0.0, 0.0, 0.0, 0.0, 0.0, 0.0, 0.0, 0.0, 0.0, 0.0, 0.9781803822005289, 0.0, 0.0, 0.0, 0.0, 0.0, 0.0, 0.0, 0.0, 0.0, 0.0, 0.0, 0.0, 0.0, 0.0, 0.0, 0.0, 0.0, 0.0, 0.0, 0.0, 0.0, 0.0, 0.0, 0.0, 0.0, 0.0], [0.0, 0.0, 0.0, 0.0, 0.0, 0.0, 0.0, 0.0, 0.0, 0.0, 0.0, 0.0, 0.0, 0.0, 0.9781785600330417, 0.0, 0.0, 0.0, 0.0, 0.0, 0.0, 0.0, 0.0, 0.0, 0.0, 0.0, 0.0, 0.0, 0.0, 0.0, 0.0, 0.0, 0.0, 0.0, 0.0, 0.0, 0.0, 0.0, 0.0, 0.0, 0.0], [0.0, 0.0, 0.0, 0.0, 0.0, 0.0, 0.0, 0.0, 0.0, 0.0, 0.0, 0.0, 0.0, 0.0, 0.9818487977845051, 0.0, 0.0, 0.0, 0.0, 0.0, 0.0, 0.0, 0.0, 0.0, 0.0, 0.0, 0.0, 0.0, 0.0, 0.0, 0.0, 0.0, 0.0, 0.0, 0.0, 0.0, 0.0, 0.0, 0.0, 0.0, 0.0]], "Born radii": [], "Atomic SASAs": [], "Solvent H bonds": [], "Total SASA": NaN, "Total FOD": 0.0, "FOD": [0.0, 0.0, 0.0, 0.0, 0.0, 0.0, 0.0, 0.0, 0.0, 0.0, 0.0, 0.0, 0.0, 0.0, 0.0, 0.0, 0.0, 0.0, 0.0, 0.0, 0.0, 0.0, 0.0, 0.0, 0.0, 0.0, 0.0, 0.0, 0.0, 0.0, 0.0, 0.0, 0.0, 0.0, 0.0, 0.0, 0.0, 0.0, 0.0, 0.0, 0.0], "FOD s proportion": [0.0, 0.0, 0.0, 0.0, 0.0, 0.0, 0.0, 0.0, 0.0, 0.0, 0.0, 0.0, 0.0, 0.0, 0.0, 0.0, 0.0, 0.0, 0.0, 0.0, 0.0, 0.0, 0.0, 0.0, 0.0, 0.0, 0.0, 0.0, 0.0, 0.0, 0.0, 0.0, 0.0, 0.0, 0.0, 0.0, 0.0, 0.0, 0.0, 0.0, 0.0], "FOD p proportion": [0.0, 0.0, 0.0, 0.0, 0.0, 0.0, 0.0, 0.0, 0.0, 0.0, 0.0, 0.0, 0.0, 0.0, 0.0, 0.0, 0.0, 0.0, 0.0, 0.0, 0.0, 0.0, 0.0, 0.0, 0.0, 0.0, 0.0, 0.0, 0.0, 0.0, 0.0, 0.0, 0.0, 0.0, 0.0, 0.0, 0.0, 0.0, 0.0, 0.0, 0.0], "FOD d proportion": [0.0, 0.0, 0.0, 0.0, 0.0, 0.0, 0.0, 0.0, 0.0, 0.0, 0.0, 0.0, 0.0, 0.0, 0.0, 0.0, 0.0, 0.0, 0.0, 0.0, 0.0, 0.0, 0.0, 0.0, 0.0, 0.0, 0.0, 0.0, 0.0, 0.0, 0.0, 0.0, 0.0, 0.0, 0.0, 0.0, 0.0, 0.0, 0.0, 0.0, 0.0], "coordinates": [["-6.69870", "1.13270", "1.42000"], ["-5.90300", "0.96800", "0.13490"], ["-4.50250", "0.42080", "0.40970"], ["-3.70540", "0.25670", "-0.88550"], ["-2.30320", "-0.29170", "-0.61060"], ["-1.50690", "-0.45090", "-1.90760"], ["-0.13650", "-1.10370", "-1.70480"], ["0.83000", "-0.24730", "-0.88370"], ["2.21590", "-0.89240", "-0.81050"], ["3.18310", "-0.04090", "0.01290"], ["4.56670", "-0.68410", "0.08590"], ["5.53350", "0.14660", "0.89710"], ["5.27460", "1.20940", "1.44290"], ["6.74730", "-0.47470", "0.92750"], ["7.74080", "0.23030", "1.67280"], ["-6.20210", "1.83010", "2.10220"], ["-7.69650", "1.52500", "1.20020"], ["-6.81640", "0.17350", "1.93420"], ["-5.83130", "1.93820", "-0.37040"], ["-6.44230", "0.29080", "-0.53750"], ["-4.57980", "-0.54760", "0.91880"], ["-3.96910", "1.09970", "1.08610"], ["-4.23970", "-0.42190", "-1.56150"], ["-3.62740", "1.22520", "-1.39430"], ["-1.78040", "0.38910", "0.07030"], ["-2.38130", "-1.26190", "-0.10540"], ["-2.08080", "-1.07310", "-2.60560"], ["-1.38090", "0.52720", "-2.38760"], ["-0.26270", "-2.08250", "-1.22620"], ["0.30190", "-1.29000", "-2.69310"], ["0.91250", "0.74910", "-1.33430"], ["0.44370", "-0.11420", "0.13290"], ["2.61450", "-1.02360", "-1.82380"], ["2.13300", "-1.89050", "-0.36340"], ["2.78540", "0.09480", "1.02650"], ["3.26400", "0.95960", "-0.43020"], ["4.97650", "-0.79570", "-0.92420"], ["4.49090", "-1.67270", "0.55250"], ["7.92760", "1.21310", "1.22890"], ["7.43720", "0.32800", "2.71980"], ["8.66770", "-0.34870", "1.63400"]], "bond_dist": [[0.0, 1.5204428927125149, 2.5200797884194057, 3.8784727844861817, 5.047045865652501, 6.366749402952813, 7.60449398974054, 7.993294526038685, 9.40990188152884, 10.05023574897624, 11.488682353081227, 12.28301813317883, 11.973567563178486, 13.550690277989531, 14.469878847108568, 1.0947032291904504, 1.0944478836381388, 1.0946778384529396, 2.1463329587927404, 2.1462392271133246, 2.7503357504130292, 2.7501444271165103, 4.165669743270582, 4.16674026428334, 5.1540572309589265, 5.167291077537629, 6.511221806235754, 6.5683669850275574, 7.665636404108924, 8.473220595499681, 8.103313081079861, 7.36378053583891, 10.094927556451308, 9.503640286227167, 9.548834037200562, 10.134524899569787, 12.063345109877275, 11.568490548468281, 14.627769312509683, 14.218322367283701, 15.439125328852018], [1.5204428927125149, 0.0, 1.5285101013732287, 2.5251949647502463, 3.8860229515534255, 5.050819603787092, 6.3975744802229535, 6.917209628889383, 8.382804216370559, 9.142755406331288, 10.59936099489021, 11.49126533720286, 11.25645946645747, 12.756946662113155, 13.750004223272077, 2.1686277942514707, 2.159109848988699, 2.1686425016585837, 1.096246787908635, 1.0961597009560244, 2.15925931976685, 2.1591886300182295, 2.7524828537158954, 2.753717458273451, 4.163547661550183, 4.17523280668276, 5.126952535376156, 5.196797023167251, 6.55523665095319, 7.183100445490093, 6.975493251376564, 6.438304258886806, 8.96385979921596, 8.543806010204118, 8.777569330970847, 9.184405128803933, 11.072301059400436, 10.732233852278842, 13.875965060852526, 13.603390902638944, 14.706675293552923], [2.5200797884194057, 1.5285101013732287, 0.0, 1.5296536405343533, 2.526972265380054, 3.886304097725756, 5.0849942477843575, 5.527639407559072, 6.953436620837211, 7.709673436015303, 9.141993168341354, 10.05156905164562, 9.863116982475672, 11.297257947395908, 12.30975656745494, 2.7819638567026708, 3.470703659202266, 2.781976051298788, 2.16258368855404, 2.1626169055105438, 1.0967938092458398, 1.0967851795132904, 2.1598232728628517, 2.1603877823205724, 2.743360286218345, 2.7561380117838805, 4.145889794724408, 4.192921989496108, 5.18831222460638, 5.969628450749679, 5.698380637514486, 4.982743991015393, 7.597795904734478, 7.0689215266545435, 7.321216063605828, 7.830342246670959, 9.64938352745915, 9.234954122788052, 12.482235935119956, 12.161480581738392, 13.249347485065067], [3.8784727844861817, 2.5251949647502463, 1.5296536405343533, 0.0, 1.530515406652282, 2.525626342117931, 3.9062754459971205, 4.563318134866339, 6.032234204670771, 6.953209371937538, 8.381906764573321, 9.409944632143167, 9.325743072270436, 10.633948102656888, 11.728644009006329, 4.199458267443552, 4.678419454260167, 4.199517987817173, 2.7590253840803998, 2.759146320875354, 2.160317647939765, 2.160415064287416, 1.0967909782634064, 1.0967924552986315, 2.1533017438343376, 2.1605422421234906, 2.714118127495559, 2.78078674299199, 4.176136542307974, 4.660273805260802, 4.665713194142992, 4.288325568330837, 6.516188378952838, 6.242593276035208, 6.768488771505793, 7.019537225487162, 8.745537779919538, 8.542234019856867, 11.862212159626887, 11.711567211095192, 12.641518620007647], [5.047045865652501, 3.8860229515534255, 2.526972265380054, 1.530515406652282, 0.0, 1.5302442060011205, 2.559532482700698, 3.1453930135994135, 4.563229701647726, 5.527308619934298, 6.9162573708617865, 7.992442246898004, 7.993323232548525, 9.182090767357945, 10.313502584476334, 5.202186106820862, 5.972192262477825, 5.202056547174395, 4.180626706607515, 4.180526123587796, 2.7545338498555427, 2.754996852992758, 2.1612947739723056, 2.1607121372362403, 1.0956428660836524, 1.0966379028649338, 2.154082802493906, 2.163091190865517, 2.7838046357458346, 3.4813725956869366, 3.4565492648015304, 2.8512730682977385, 5.117744145617285, 4.721984722550465, 5.359414951279663, 5.70894138085162, 7.303861516348732, 7.029918734949929, 10.503211505534868, 10.312661364070866, 11.198309022794469], [6.366749402952813, 5.050819603787092, 3.886304097725756, 2.525626342117931, 1.5302442060011205, 0.0, 1.5314280394455364, 2.5594776381129023, 3.9061221819088043, 5.08453736833549, 6.396642982846549, 7.602011608778298, 7.744106700582063, 8.727552697635232, 9.939982539723095, 6.582276208121321, 7.202343355464248, 6.583319288170672, 5.174091032249046, 5.175467714129806, 4.17619471049902, 4.174808844725708, 2.7547816701147116, 2.7512376033341797, 2.166215746411239, 2.1610694574677605, 1.0971317377598735, 1.0967933305778257, 2.16204952764732, 2.143095074885853, 2.760827638589559, 2.842859036252061, 4.1618440251888345, 4.207834812584734, 5.22786482132046, 5.189769534382042, 6.566615426534433, 6.596854711906273, 10.080491977081277, 10.100318845462255, 10.77385077676501], [7.60449398974054, 6.3975744802229535, 5.0849942477843575, 3.9062754459971205, 2.559532482700698, 1.5314280394455364, 0.0, 1.5302772363202688, 2.52551102551543, 3.8858437037534075, 5.050025830627008, 6.362549308256872, 6.673713367384009, 7.396711886372214, 8.674075919082101, 7.738987970012616, 8.51485106681262, 7.713275883177005, 6.59276315439892, 6.562799187846601, 5.1899363252356, 5.228089242734864, 4.161927002002798, 4.207917331649947, 2.842857551830552, 2.760839481027465, 2.143053776740098, 2.162078169262157, 1.0968289930522443, 1.0971048901540816, 2.161143005448737, 2.166306437233662, 2.754737375867253, 2.751188552244284, 4.175392382758775, 4.176746616686246, 5.181406118033983, 5.179960912014685, 8.888411935773455, 8.887507059912807, 9.446245184198851], [7.993294526038685, 6.917209628889383, 5.527639407559072, 4.563318134866339, 3.1453930135994135, 2.5594776381129023, 1.5302772363202688, 0.0, 1.5304349251111593, 2.526573199018782, 3.8850798305826353, 5.044731717346325, 5.223936409452167, 6.192462796820018, 7.383965780662855, 7.917172473806541, 8.95460154054886, 8.15996727995891, 7.029424217530194, 7.300394053748057, 5.710089524692235, 5.359653146426549, 5.1177882029251665, 4.722010522012842, 2.851194332205365, 3.456531750179651, 3.481327604521011, 2.7838182896877446, 2.163159397732862, 2.154075500069577, 1.0966583652168072, 1.0956362808888722, 2.161219551549541, 2.1607006571943277, 2.7549021053387723, 2.7543830271042546, 4.182803492874127, 4.1828966530384175, 7.547964803839509, 7.547931781620711, 8.232778178719501], [9.40990188152884, 8.382804216370559, 6.953436620837211, 6.032234204670771, 4.563229701647726, 3.9061221819088043, 2.52551102551543, 1.5304349251111593, 0.0, 1.5292206021369188, 2.5245162883213887, 3.8732271454176295, 4.341776190685098, 4.871211681912417, 6.160499508156786, 9.3144270645059, 10.399154341099088, 9.50010337785858, 8.54186233850675, 8.742935346895802, 7.020748109710246, 6.769030873766201, 6.516144765887265, 6.242532105644311, 4.288177302770957, 4.665612939368203, 4.66011452541673, 4.176060201912803, 2.7807557354071935, 2.713975777342163, 2.160495371436838, 2.153204969342213, 1.0967553464651998, 1.096801910100452, 2.161819393473932, 2.1617228545768765, 2.7646321527465454, 2.764464159651921, 6.419953231916881, 6.419841737924697, 6.920759581144255], [10.05023574897624, 9.142755406331288, 7.709673436015303, 6.953209371937538, 5.527308619934298, 5.08453736833549, 3.8858437037534075, 2.526573199018782, 1.5292206021369188, 0.0, 1.52754188158623, 2.5182029405907698, 2.825335792432468, 3.7051581936538147, 4.858132021672528, 9.795294509610214, 11.055651055455757, 10.184663043027001, 9.237053808439137, 9.646827986960275, 7.831986728155251, 7.321659063354426, 7.5974901250347155, 7.068672527426915, 4.982421801694433, 5.6980157291815186, 5.969139159041276, 5.187989385108647, 4.192497705425729, 4.145358880724322, 2.755843282917227, 2.743006607720805, 2.1592758369416356, 2.159937929663721, 1.0972532706718172, 1.097215872105394, 2.159667337809228, 2.159694478392719, 5.055833487171033, 5.055765187387562, 5.727437752608055], [11.488682353081227, 10.59936099489021, 9.141993168341354, 8.381906764573321, 6.9162573708617865, 6.396642982846549, 5.050025830627008, 3.8850798305826353, 2.5245162883213887, 1.52754188158623, 0.0, 1.510897140774315, 2.434730716116261, 2.3467328948987785, 3.6645995388309487, 11.240717093228525, 12.510310209583135, 11.564024224291472, 10.733269351879697, 11.069649433021807, 9.185358834035826, 8.77737000017659, 8.962999306035899, 8.542815305272613, 6.43721057679489, 6.974607697211364, 7.18225239740292, 6.554341744218103, 5.196174874847843, 5.126253490610858, 4.174231416680201, 4.162466097159231, 2.751962786812351, 2.7532103334107982, 2.1597322195124096, 2.1598926339056765, 1.0957612011747815, 1.0958061689915786, 4.025104427216765, 4.0251143921632835, 4.396283404194957], [12.28301813317883, 11.49126533720286, 10.05156905164562, 9.409944632143167, 7.992442246898004, 7.602011608778298, 6.362549308256872, 5.044731717346325, 3.8732271454176295, 2.5182029405907698, 1.510897140774315, 0.0, 1.2224854559462046, 1.3639091941914607, 2.3411299558119367, 11.916826155482841, 13.30506505696233, 12.393398647263792, 11.57475986143989, 12.06228238933246, 10.137120963074278, 9.552147788324886, 10.093727975827365, 9.504524224283928, 7.3644781009926295, 8.101415773801515, 8.469600927434538, 7.664400681723262, 6.563019437728339, 6.505612512285065, 5.1667971907168955, 5.153453436289107, 4.158512456395917, 4.15957172194446, 2.7516324627391646, 2.7519673944289385, 2.1249263469588775, 2.1249979788225684, 2.6418229123088475, 2.6418203837505683, 3.257537926103087], [11.973567563178486, 11.25645946645747, 9.863116982475672, 9.325743072270436, 7.993323232548525, 7.744106700582063, 6.673713367384009, 5.223936409452167, 4.341776190685098, 2.825335792432468, 2.434730716116261, 1.2224854559462046, 0.0, 2.295795125876871, 2.6633875534739584, 11.512366736253671, 12.97720855423076, 12.145235506156315, 11.276534092530381, 11.918538321874877, 10.0235188017981, 9.251233972827626, 10.109869610435142, 9.343209163879402, 7.233944142029299, 8.192518623109747, 8.700693516036525, 7.709332483425526, 6.972975814528543, 6.934063862555638, 5.191592466671475, 5.177413617821161, 4.767992229439977, 4.768831120935192, 2.7589560996869817, 2.759241926689286, 3.1164807122778733, 3.116648562157755, 2.6616195614700455, 2.661611979609349, 3.7386257408304453], [13.550690277989531, 12.756946662113155, 11.297257947395908, 10.633948102656888, 9.182090767357945, 8.727552697635232, 7.396711886372214, 6.192462796820018, 4.871211681912417, 3.7051581936538147, 2.3467328948987785, 1.3639091941914607, 2.295795125876871, 0.0, 1.4281244133478008, 13.20526347673533, 14.584118890766078, 13.616444683543499, 12.873531325164825, 13.292771095975436, 11.327337926891737, 10.832595177518636, 11.26552607914961, 10.766374289425388, 8.614093659230782, 9.220515398284416, 9.527655943620129, 8.835232133905707, 7.507565819225296, 7.437515688050681, 6.376387434903874, 6.363703510535355, 4.995095468557132, 4.996266299948393, 4.003846008527301, 4.004240835664109, 2.5821631493768944, 2.5820863579671385, 2.081494388654459, 2.081496718709881, 2.0501108287114627], [14.469878847108568, 13.750004223272077, 12.30975656745494, 11.728644009006329, 10.313502584476334, 9.939982539723095, 8.674075919082101, 7.383965780662855, 6.160499508156786, 4.858132021672528, 3.6645995388309487, 2.3411299558119367, 2.6633875534739584, 1.4281244133478008, 0.0, 14.040947432776749, 15.498704143895386, 14.559657552291538, 13.830888874544542, 14.354421338040764, 12.368137643558141, 11.756778098611884, 12.426521700781759, 11.81663656291417, 9.656421341780815, 10.38487190532459, 10.792005591177203, 9.989014398828346, 8.820955565583585, 8.758403285416811, 7.479136630654637, 7.465764573705763, 6.3306736181862995, 6.331770993963696, 4.999205246836741, 4.999622558753812, 3.929177966190893, 3.929164173205289, 1.0944575322962515, 1.0944986295103345, 1.093567579073191], [1.0947032291904504, 2.1686277942514707, 2.7819638567026708, 4.199458267443552, 5.202186106820862, 6.582276208121321, 7.738987970012616, 7.917172473806541, 9.3144270645059, 9.795294509610214, 11.240717093228525, 11.916826155482841, 11.512366736253671, 13.20526347673533, 14.040947432776749, 0.0, 1.7719823277899815, 1.7747991576513664, 2.5025844661069883, 3.065151973393815, 3.112193782527046, 2.5597328708285163, 4.7270726089198165, 4.3841186514509385, 5.075089112518124, 5.388179135849141, 6.897612976240403, 6.715640095329706, 7.8525892341316315, 8.662098019533143, 7.974686602619565, 7.198965385386986, 10.064269235766698, 9.45494260849848, 9.216482671279755, 9.837574356516955, 11.874974549867463, 11.358319723004808, 14.170101057508376, 13.735655741900347, 15.035868206392339], [1.0944478836381388, 2.159109848988699, 3.470703659202266, 4.678419454260167, 5.972192262477825, 7.202343355464248, 8.51485106681262, 8.95460154054886, 10.399154341099088, 11.055651055455757, 12.510310209583135, 13.30506505696233, 12.97720855423076, 14.584118890766078, 15.498704143895386, 1.7719823277899815, 0.0, 1.771971856435649, 2.473153784138787, 2.4730282186016397, 3.7534884587540702, 3.753319818507344, 4.833929327162324, 4.835171672236675, 6.129207292138194, 6.141885216283353, 7.264318532388293, 7.331760841707808, 8.611785857184328, 9.330402587777229, 9.007807283684526, 8.371915071833923, 11.043398886212524, 10.522811195683405, 10.58044759639213, 11.095514479734591, 13.057704731307107, 12.616557348975988, 15.627239235066442, 15.256830235995944, 16.476831484542167], [1.0946778384529396, 2.1686425016585837, 2.781976051298788, 4.199517987817173, 5.202056547174395, 6.583319288170672, 7.713275883177005, 8.15996727995891, 9.50010337785858, 10.184663043027001, 11.564024224291472, 12.393398647263792, 12.145235506156315, 13.616444683543499, 14.559657552291538, 1.7747991576513664, 1.771971856435649, 0.0, 3.065251908081944, 2.502600845120931, 2.5599613141608217, 3.111950729044404, 4.383355169273875, 4.72807636782656, 5.374188549911511, 5.0882662400861065, 6.677552168272443, 6.953252417394322, 7.617653697169491, 8.61533124319663, 8.411319921391648, 7.4857534684225335, 10.222401245304352, 9.467355603335074, 9.644930078543858, 10.383776034275776, 12.173014811869736, 11.540042574444863, 14.79742383829023, 14.276069156809235, 15.495811230458377], [2.1463329587927404, 1.096246787908635, 2.16258368855404, 2.7590253840803998, 4.180626706607515, 5.174091032249046, 6.59276315439892, 7.029424217530194, 8.54186233850675, 9.237053808439137, 10.733269351879697, 11.57475986143989, 11.276534092530381, 12.873531325164825, 13.830888874544542, 2.5025844661069883, 2.473153784138787, 3.065251908081944, 0.0, 1.76498446735375, 3.067163270841642, 2.5084384265913324, 3.0857708566904316, 2.5325709111493793, 4.359325419144572, 4.713105665057808, 5.303800239450954, 5.0858703286654885, 6.921540875412063, 7.3097436870248735, 6.9153380582586115, 6.6212749263265, 9.067313187488342, 8.836801863796653, 8.921713515911616, 9.147989729443294, 11.161964186020308, 10.97443192425011, 13.8705032248293, 13.718424557142122, 14.814470357390437], [2.1462392271133246, 1.0961597009560244, 2.1626169055105438, 2.759146320875354, 4.180526123587796, 5.175467714129806, 6.562799187846601, 7.300394053748057, 8.742935346895802, 9.646827986960275, 11.069649433021807, 12.06228238933246, 11.918538321874877, 13.292771095975436, 14.354421338040764, 3.065151973393815, 2.4730282186016397, 2.502600845120931, 1.76498446735375, 0.0, 2.5085116104973486, 3.0671019562446897, 2.5313956723515196, 3.087210975945765, 4.702381879430892, 4.369131343871456, 5.01596880672119, 5.39411947680064, 6.655397564383364, 7.254638077809258, 7.4120180902369635, 6.9304009378967395, 9.24163628855843, 8.850093253181008, 9.361354564912068, 9.729905776522196, 11.476890370653544, 11.16146471078057, 14.507406117566298, 14.256644323963476, 15.278627965233003], [2.7503357504130292, 2.15925931976685, 1.0967938092458398, 2.160317647939765, 2.7545338498555427, 4.17619471049902, 5.1899363252356, 5.710089524692235, 7.020748109710246, 7.831986728155251, 9.185358834035826, 10.137120963074278, 10.0235188017981, 11.327337926891737, 12.368137643558141, 3.112193782527046, 3.7534884587540702, 2.5599613141608217, 3.067163270841642, 2.5085116104973486, 0.0, 1.7648062414894161, 2.5066624403776427, 3.0659936741617715, 3.0714816457208394, 2.528361599929883, 4.35230359809607, 4.724450995618432, 5.0590804915518, 6.11784065336782, 6.076450426852834, 5.103040918903159, 7.714038063815864, 6.964847528122923, 7.393946719445576, 8.100410562434474, 9.735557112975098, 9.147547441254403, 12.634527346125775, 12.182715844999423, 13.268282801478115], [2.7501444271165103, 2.15