{"total energy": -49.43168707, "HOMO-LUMO gap/eV": 3.38245104, "electronic energy": -49.92209906, "dipole": [-0.99735084, 0.6359409, 0.22339472], "partial charges": [-0.10989228, 0.05521227, -0.11006953, -0.125108, 0.04197076, -0.11068991, -0.11097213, 0.29714339, -0.43727041, -0.15610526, 0.00198416, 0.08020949, 0.0287496, -0.12599654, -0.13899075, 0.03760562, 0.06052429, 0.03971304, 0.04679468, 0.06094309, 0.03991953, 0.03784898, 0.06404443, 0.04605214, 0.04810869, 0.04451801, 0.04778705, 0.04562805, 0.04440371, 0.08277935, 0.08547935, 0.08767515], "atomic dipole moments": [[-0.04131197, -0.02730143, 0.11400509], [0.14613106, -0.03587859, 0.04162694], [0.02758964, 0.12159219, -0.00143842], [-0.02722074, 0.01766973, -0.00098139], [-0.05277505, -0.06034989, -0.11573002], [0.09635572, 0.03921098, -0.06527026], [0.01922004, -0.11009237, 0.04910776], [0.04625708, 0.01886587, 0.04810282], [-0.03797628, 0.12407522, 0.13433816], [0.0822411, -0.33563069, -0.3919505], [-0.03029649, 0.10141848, 0.11256274], [-0.09635939, -0.148677, 0.14903497], [0.02632976, 0.1509759, -0.19719412], [-0.00934309, -0.01092957, 0.04006873], [0.02718333, 0.03989623, 0.02058095], [0.04128354, 0.12030275, -0.00446487], [0.09459041, -0.07229463, -0.05775927], [-0.09716731, -0.00690853, -0.08041776], [-0.10049936, 0.06299085, 0.01940311], [0.08707171, -0.09030651, -0.04234611], [-0.10176512, -0.0187033, -0.07257506], [-0.03275457, -0.03667097, 0.11716423], [0.08859526, 0.02071521, 0.08997667], [0.0177561, -0.11876011, 0.0471502], [-0.01858121, 0.07683576, 0.10189437], [-0.11260259, -0.0031246, -0.0583357], [-0.0154989, 0.08791228, 0.09299081], [0.10029471, 0.03952643, -0.07109257], [-0.10151746, 0.01300555, -0.07515326], [0.01696369, 0.03126044, -0.12781233], [-0.03989144, -0.12807775, -0.00581435], [0.12994148, 0.01270515, 0.08661868]], "atomic quadrupole moments": [[-0.08599419, 0.04534673, -0.09139685, -0.07522981, -0.0969441, 0.17739104], [-0.0383554, 0.12025143, -0.04184394, 0.1127613, -0.00945281, 0.08019935], [-0.08880427, 0.11068899, 0.19346805, 0.01040423, -0.02404408, -0.10466379], [-0.03823289, 0.02379063, 0.0007692, 0.02239315, 0.04008347, 0.03746369], [-0.08426311, -0.0338021, 0.08709526, -0.13244938, 0.04320296, -0.00283215], [0.09214007, 0.0917257, -0.0787098, -0.14806868, -0.05426569, -0.01343027], [-0.11738035, -0.0489624, 0.17399967, 0.01836733, -0.12315043, -0.05661932], [-0.15250789, 0.23334349, 0.0864796, -0.00667451, -0.275193, 0.06602829], [-0.04555272, 0.05935931, 0.03666397, -0.02154156, -0.09235807, 0.00888875], [0.29239209, -0.23416087, -0.21988422, 0.14356692, 0.3259794, -0.07250787], [0.21561074, -0.2082667, -0.10566097, -0.02474392, 0.13731713, -0.10994977], [-0.29682486, -0.31237955, 0.10377957, -0.03913583, 0.0414444, 0.1930453], [-0.4055398, -0.29185076, 0.19779702, -0.17265314, 0.00747617, 0.20774278], [-0.24495446, 0.0228214, 0.03525723, -0.07322742, -0.31194265, 0.20969723], [-0.2412664, -0.00617865, 0.01007307, -0.00401681, -0.32709293, 0.23119333], [-0.03786402, 0.03989735, 0.0698007, -0.00359174, 0.01447707, -0.03193668], [0.02085836, -0.05778381, 0.00887299, -0.02058623, 0.00975802, -0.02973135], [0.05323139, 0.01314745, -0.05414461, 0.05126925, 0.00416735, 0.00091322], [-0.00361895, -0.01586453, 0.00104587, -0.00918247, 0.0228238, 0.00257308], [0.03902118, -0.04251683, -0.00580547, -0.03390281, 0.01680342, -0.03321571], [0.03472814, 0.00101214, -0.03041928, 0.0680266, -0.00062092, -0.00430886], [-0.04736527, 0.0063881, -0.02761093, -0.02875695, -0.01703095, 0.07497621], [0.03387212, -0.01608016, -0.01536192, 0.00937371, -0.00542137, -0.0185102], [-0.02349114, -0.02757757, 0.06130906, 0.00378963, -0.0376863, -0.03781792], [-0.03302347, 0.00558641, 0.01094, -0.00847897, 0.06491571, 0.02208347], [0.03428323, 0.00060499, -0.04724872, 0.05871642, -0.00563247, 0.01296549], [-0.04936375, -0.01344547, 0.00469647, -0.00755874, 0.05233768, 0.04466728], [0.04461097, 0.01284454, -0.03308395, -0.05296911, -0.02052725, -0.01152701], [0.04027499, 0.01241536, -0.03383737, 0.06106509, 0.00377711, -0.00643762], [-0.01008935, -0.01222573, -0.01667166, -0.02750966, -0.02911193, 0.02676101], [-0.00778414, 0.0103465, 0.04083929, -0.01165859, -0.00925291, -0.03305515], [-0.00307653, 0.0278625, -0.01342231, 0.00655782, -0.05253375, 0.01649884]], "number of molecular orbitals": 92, "number of electrons": 88, "number of unpaired electrons": 0, "orbital energies/eV": [-29.08298748, -29.06308522, -19.8854214, -19.07330235, -18.23200729, -17.99071487, -17.52816121, -17.35922014, -17.12235145, -16.56645058, -16.28672529, -16.19627612, -15.98033293, -15.77625182, -15.35914114, -15.08138367, -14.97076382, -14.67436832, -14.56066933, -14.54560352, -14.21967053, -14.03845692, -13.79842645, -13.70937808, -13.65173492, -13.47210441, -13.39207494, -13.22098514, -13.13349654, -13.02172842, -12.84080856, -12.62766827, -12.58393725, -12.56486449, -12.34048031, -12.20941897, -12.08909781, -11.94012282, -11.91328164, -11.69106296, -10.99719571, -10.89761807, -10.8645193, -10.40707135, -7.02462031, -6.15669017, -5.62970549, -5.05606663, -3.88247715, -3.34417249, -1.51984609, -0.59059286, -0.31273156, -0.00462538, 0.14097999, 0.1464899, 0.15636363, 0.16607388, 0.17654154, 0.33829086, 0.55481057, 0.81199389, 1.09161903, 2.00215195, 2.30405927, 2.46300762, 2.82289126, 2.87900619, 3.30743735, 3.42904895, 3.73677439, 4.227106, 4.50578972, 4.62114363, 4.70792671, 4.85032405, 5.28708092, 5.38547743, 5.41356976, 5.8216986, 5.85278989, 6.10630692, 6.33622316, 6.46336, 6.61129082, 6.7991144, 7.32580446, 8.48434408, 9.30360325, 13.19700954, 15.1905054, 15.94296052], "fractional occupation": [2.0, 2.0, 2.0, 2.0, 2.0, 2.0, 2.0, 2.0, 2.0, 2.0, 2.0, 2.0, 2.0, 2.0, 2.0, 2.0, 2.0, 2.0, 2.0, 2.0, 2.0, 2.0, 2.0, 2.0, 2.0, 2.0, 2.0, 2.0, 2.0, 2.0, 2.0, 2.0, 2.0, 2.0, 2.0, 2.0, 2.0, 2.0, 2.0, 2.0, 2.0, 2.0, 2.0, 2.0, 0.0, 0.0, 0.0, 0.0, 0.0, 0.0, 0.0, 0.0, 0.0, 0.0, 0.0, 0.0, 0.0, 0.0, 0.0, 0.0, 0.0, 0.0, 0.0, 0.0, 0.0, 0.0, 0.0, 0.0, 0.0, 0.0, 0.0, 0.0, 0.0, 0.0, 0.0, 0.0, 0.0, 0.0, 0.0, 0.0, 0.0, 0.0, 0.0, 0.0, 0.0, 0.0, 0.0, 0.0, 0.0, 0.0, 0.0, 0.0], "program call": "xtb /home/svss/Project-DBcg-Debug/aqme2_20220329/End-to-End-workflows-final/example-3/QDESCP/mol_1057_rdkit_conf_1/mol_1057_rdkit_conf_1.xyz --pop --wbo --acc 0.2 --gfn 2 --chrg 0 --uhf 0 --etemp 300 --input /home/svss/Project-DBcg-Debug/aqme2_20220329/End-to-End-workflows-final/example-3/QDESCP/mol_1057_rdkit_conf_1/mol_1057_rdkit_conf_1_xtb.inp", "method": "GFN2-xTB", "xtb version": "6.3.3 (7355c4f)", "Dipole module/D": 3.06, "Total charge": 0, "Transition dipole module/D": NaN, "HOMO": -10.4071, "LUMO": -7.0246, "HOMO occupancy": 2.0, "LUMO occupancy": 0, "mulliken charges": [-0.09709, 0.13893, -0.09678, -0.30411, 0.1257, -0.09927, -0.09968, 0.50147, -0.55478, -0.11479, 0.028, 0.07626, 0.03854, -0.09181, -0.10882, 0.02947, 0.05473, 0.02839, 0.02051, 0.05468, 0.02834, 0.02939, 0.03214, 0.04109, 0.03647, 0.03507, 0.03614, 0.04051, 0.03517, 0.05419, 0.05674, 0.04518], "cm5 charges": [-0.23989, 0.12411, -0.2395, -0.54181, 0.10937, -0.24326, -0.24332, 0.60946, -0.60684, -0.14696, -0.05437, 0.06668, -0.01119, -0.09683, -0.11096, 0.08366, 0.11243, 0.08013, 0.09129, 0.11228, 0.08009, 0.08354, 0.10417, 0.09482, 0.0881, 0.08889, 0.08781, 0.0943, 0.08909, 0.11513, 0.11682, 0.10275], "FUKUI+": [0.01, 0.009, 0.01, -0.036, 0.001, 0.009, 0.009, -0.013, -0.068, -0.195, 0.034, -0.064, -0.058, -0.143, -0.133, -0.007, -0.002, -0.024, -0.023, -0.002, -0.024, -0.009, 0.005, -0.006, -0.019, -0.018, -0.02, -0.003, -0.018, -0.052, -0.06, -0.089], "FUKUI-": [0.007, 0.003, 0.007, -0.075, 0.006, 0.009, 0.009, 0.018, -0.057, -0.221, 0.04, -0.011, -0.01, -0.135, -0.126, -0.021, -0.018, -0.037, -0.033, -0.019, -0.037, -0.022, -0.012, -0.015, -0.031, -0.022, -0.032, -0.013, -0.022, -0.042, -0.045, -0.046], "FUKUIrad": [0.009, 0.006, 0.008, -0.056, 0.003, 0.009, 0.009, 0.003, -0.062, -0.208, 0.037, -0.037, -0.034, -0.139, -0.13, -0.014, -0.01, -0.03, -0.028, -0.01, -0.03, -0.015, -0.004, -0.01, -0.025, -0.02, -0.026, -0.008, -0.02, -0.047, -0.052, -0.067], "s proportion": [1.015, 1.03, 1.014, 1.458, 1.034, 1.017, 1.017, 0.997, 1.729, 1.925, 1.036, 1.091, 1.058, 1.941, 1.947, 0.971, 0.945, 0.972, 0.979, 0.945, 0.972, 0.971, 0.968, 0.959, 0.964, 0.965, 0.964, 0.959, 0.965, 0.946, 0.943, 0.955], "p proportion": [3.083, 2.831, 3.082, 3.846, 2.841, 3.083, 3.083, 2.501, 4.826, 4.188, 2.936, 2.833, 2.904, 5.158, 5.17, 0.0, 0.0, 0.0, 0.0, 0.0, 0.0, 0.0, 0.0, 0.0, 0.0, 0.0, 0.0, 0.0, 0.0, 0.0, 0.0, 0.0], "d proportion": [0.0, 0.0, 0.0, 0.0, 0.0, 0.0, 0.0, 0.0, 0.0, 0.002, 0.0, 0.0, 0.0, -0.007, -0.009, 0.0, 0.0, 0.0, 0.0, 0.0, 0.0, 0.0, 0.0, 0.0, 0.0, 0.0, 0.0, 0.0, 0.0, 0.0, 0.0, 0.0], "Fermi-level/eV": -8.7158, "Coordination numbers": [3.749, 3.786, 3.75, 2.754, 3.783, 3.75, 3.75, 2.745, 0.884, 2.049, 3.82, 2.929, 2.859, 0.924, 0.974, 0.924, 0.924, 0.924, 0.924, 0.924, 0.924, 0.924, 0.924, 0.924, 0.924, 0.924, 0.924, 0.924, 0.924, 0.924, 0.924, 0.925], "Dispersion coefficient C6": [22.666, 19.665, 22.669, 23.715, 19.888, 22.682, 22.687, 21.957, 22.427, 147.641, 20.532, 26.211, 27.355, 103.072, 103.5, 2.481, 2.193, 2.453, 2.36, 2.188, 2.45, 2.478, 2.152, 2.37, 2.344, 2.39, 2.348, 2.375, 2.391, 1.951, 1.924, 1.902], "Total dispersion C6": 13224.905558, "Total dispersion C8": 364698.20644, "Polarizability alpha": [6.79, 6.316, 6.79, 7.233, 6.353, 6.792, 6.793, 7.673, 6.35, 20.451, 6.449, 8.396, 8.573, 15.532, 15.564, 2.463, 2.316, 2.449, 2.403, 2.313, 2.448, 2.462, 2.294, 2.407, 2.394, 2.417, 2.396, 2.41, 2.418, 2.184, 2.169, 2.156], "Total polarizability alpha": 176.155014, "Wiberg matrix": [[0.0, 1.0021592340688903, 0.0, 0.0, 0.0, 0.0, 0.0, 0.0, 0.0, 0.0, 0.0, 0.0, 0.0, 0.0, 0.0, 0.9857689257190689, 0.9830685354211952, 0.9840947210163078, 0.0, 0.0, 0.0, 0.0, 0.0, 0.0, 0.0, 0.0, 0.0, 0.0, 0.0, 0.0, 0.0, 0.0], [1.0021592340688903, 0.0, 1.0022982809678862, 0.9581040431471683, 0.0, 0.0, 0.0, 0.0, 0.0, 0.0, 0.0, 0.0, 0.0, 0.0, 0.0, 0.0, 0.0, 0.0, 0.9591595661284761, 0.0, 0.0, 0.0, 0.0, 0.0, 0.0, 0.0, 0.0, 0.0, 0.0, 0.0, 0.0, 0.0], [0.0, 1.0022982809678862, 0.0, 0.0, 0.0, 0.0, 0.0, 0.0, 0.0, 0.0, 0.0, 0.0, 0.0, 0.0, 0.0, 0.0, 0.0, 0.0, 0.0, 0.9830088987792676, 0.9840611047203125, 0.9856614980589966, 0.0, 0.0, 0.0, 0.0, 0.0, 0.0, 0.0, 0.0, 0.0, 0.0], [0.0, 0.9581040431471683, 0.0, 0.0, 0.9678151408846898, 0.0, 0.0, 1.2162977955672691, 0.1722683102661767, 0.0, 0.0, 0.0, 0.0, 0.0, 0.0, 0.0, 0.0, 0.0, 0.0, 0.0, 0.0, 0.0, 0.0, 0.0, 0.0, 0.0, 0.0, 0.0, 0.0, 0.0, 0.0, 0.0], [0.0, 0.0, 0.0, 0.9678151408846898, 0.0, 1.001503736098066, 1.0013420446757921, 0.0, 0.0, 0.0, 0.0, 0.0, 0.0, 0.0, 0.0, 0.0, 0.0, 0.0, 0.0, 0.0, 0.0, 0.0, 0.9511850955415817, 0.0, 0.0, 0.0, 0.0, 0.0, 0.0, 0.0, 0.0, 0.0], [0.0, 0.0, 0.0, 0.0, 1.001503736098066, 0.0, 0.0, 0.0, 0.0, 0.0, 0.0, 0.0, 0.0, 0.0, 0.0, 0.0, 0.0, 0.0, 0.0, 0.0, 0.0, 0.0, 0.0, 0.9852641680320865, 0.9830424752183239, 0.9819109976490267, 0.0, 0.0, 0.0, 0.0, 0.0, 0.0], [0.0, 0.0, 0.0, 0.0, 1.0013420446757921, 0.0, 0.0, 0.0, 0.0, 0.0, 0.0, 0.0, 0.0, 0.0, 0.0, 0.0, 0.0, 0.0, 0.0, 0.0, 0.0, 0.0, 0.0, 0.0, 0.0, 0.0, 0.9830993186216312, 0.9854237163207681, 0.9826423799063518, 0.0, 0.0, 0.0], [0.0, 0.0, 0.0, 1.2162977955672691, 0.0, 0.0, 0.0, 0.0, 1.6622837687358982, 1.012343880947474, 0.0, 0.0, 0.0, 0.0, 0.0, 0.0, 0.0, 0.0, 0.0, 0.0, 0.0, 0.0, 0.0, 0.0, 0.0, 0.0, 0.0, 0.0, 0.0, 0.0, 0.0, 0.0], [0.0, 0.0, 0.0, 0.1722683102661767, 0.0, 0.0, 0.0, 1.6622837687358982, 0.0, 0.16036725441048613, 0.0, 0.0, 0.0, 0.0, 0.0, 0.0, 0.0, 0.0, 0.0, 0.0, 0.0, 0.0, 0.0, 0.0, 0.0, 0.0, 0.0, 0.0, 0.0, 0.0, 0.0, 0.0], [0.0, 0.0, 0.0, 0.0, 0.0, 0.0, 0.0, 1.012343880947474, 0.16036725441048613, 0.0, 0.9645885330084262, 0.0, 0.0, 0.0, 0.0, 0.0, 0.0, 0.0, 0.0, 0.0, 0.0, 0.0, 0.0, 0.0, 0.0, 0.0, 0.0, 0.0, 0.0, 0.0, 0.0, 0.0], [0.0, 0.0, 0.0, 0.0, 0.0, 0.0, 0.0, 0.0, 0.0, 0.9645885330084262, 0.0, 1.028026345860291, 0.0, 0.0, 0.0, 0.0, 0.0, 0.0, 0.0, 0.0, 0.0, 0.0, 0.0, 0.0, 0.0, 0.0, 0.0, 0.0, 0.0, 0.9597779252054466, 0.959529055615818, 0.0], [0.0, 0.0, 0.0, 0.0, 0.0, 0.0, 0.0, 0.0, 0.0, 0.0, 1.028026345860291, 0.0, 1.8014374323744824, 0.0, 0.9808491593886569, 0.0, 0.0, 0.0, 0.0, 0.0, 0.0, 0.0, 0.0, 0.0, 0.0, 0.0, 0.0, 0.0, 0.0, 0.0, 0.0, 0.0], [0.0, 0.0, 0.0, 0.0, 0.0, 0.0, 0.0, 0.0, 0.0, 0.0, 0.0, 1.8014374323744824, 0.0, 1.012843941779119, 0.0, 0.0, 0.0, 0.0, 0.0, 0.0, 0.0, 0.0, 0.0, 0.0, 0.0, 0.0, 0.0, 0.0, 0.0, 0.0, 0.0, 0.9608621380419481], [0.0, 0.0, 0.0, 0.0, 0.0, 0.0, 0.0, 0.0, 0.0, 0.0, 0.0, 0.0, 1.012843941779119, 0.0, 0.0, 0.0, 0.0, 0.0, 0.0, 0.0, 0.0, 0.0, 0.0, 0.0, 0.0, 0.0, 0.0, 0.0, 0.0, 0.0, 0.0, 0.0], [0.0, 0.0, 0.0, 0.0, 0.0, 0.0, 0.0, 0.0, 0.0, 0.0, 0.0, 0.9808491593886569, 0.0, 0.0, 0.0, 0.0, 0.0, 0.0, 0.0, 0.0, 0.0, 0.0, 0.0, 0.0, 0.0, 0.0, 0.0, 0.0, 0.0, 0.0, 0.0, 0.0], [0.9857689257190689, 0.0, 0.0, 0.0, 0.0, 0.0, 0.0, 0.0, 0.0, 0.0, 0.0, 0.0, 0.0, 0.0, 0.0, 0.0, 0.0, 0.0, 0.0, 0.0, 0.0, 0.0, 0.0, 0.0, 0.0, 0.0, 0.0, 0.0, 0.0, 0.0, 0.0, 0.0], [0.9830685354211952, 0.0, 0.0, 0.0, 0.0, 0.0, 0.0, 0.0, 0.0, 0.0, 0.0, 0.0, 0.0, 0.0, 0.0, 0.0, 0.0, 0.0, 0.0, 0.0, 0.0, 0.0, 0.0, 0.0, 0.0, 0.0, 0.0, 0.0, 0.0, 0.0, 0.0, 0.0], [0.9840947210163078, 0.0, 0.0, 0.0, 0.0, 0.0, 0.0, 0.0, 0.0, 0.0, 0.0, 0.0, 0.0, 0.0, 0.0, 0.0, 0.0, 0.0, 0.0, 0.0, 0.0, 0.0, 0.0, 0.0, 0.0, 0.0, 0.0, 0.0, 0.0, 0.0, 0.0, 0.0], [0.0, 0.9591595661284761, 0.0, 0.0, 0.0, 0.0, 0.0, 0.0, 0.0, 0.0, 0.0, 0.0, 0.0, 0.0, 0.0, 0.0, 0.0, 0.0, 0.0, 0.0, 0.0, 0.0, 0.0, 0.0, 0.0, 0.0, 0.0, 0.0, 0.0, 0.0, 0.0, 0.0], [0.0, 0.0, 0.9830088987792676, 0.0, 0.0, 0.0, 0.0, 0.0, 0.0, 0.0, 0.0, 0.0, 0.0, 0.0, 0.0, 0.0, 0.0, 0.0, 0.0, 0.0, 0.0, 0.0, 0.0, 0.0, 0.0, 0.0, 0.0, 0.0, 0.0, 0.0, 0.0, 0.0], [0.0, 0.0, 0.9840611047203125, 0.0, 0.0, 0.0, 0.0, 0.0, 0.0, 0.0, 0.0, 0.0, 0.0, 0.0, 0.0, 0.0, 0.0, 0.0, 0.0, 0.0, 0.0, 0.0, 0.0, 0.0, 0.0, 0.0, 0.0, 0.0, 0.0, 0.0, 0.0, 0.0], [0.0, 0.0, 0.9856614980589966, 0.0, 0.0, 0.0, 0.0, 0.0, 0.0, 0.0, 0.0, 0.0, 0.0, 0.0, 0.0, 0.0, 0.0, 0.0, 0.0, 0.0, 0.0, 0.0, 0.0, 0.0, 0.0, 0.0, 0.0, 0.0, 0.0, 0.0, 0.0, 0.0], [0.0, 0.0, 0.0, 0.0, 0.9511850955415817, 0.0, 0.0, 0.0, 0.0, 0.0, 0.0, 0.0, 0.0, 0.0, 0.0, 0.0, 0.0, 0.0, 0.0, 0.0, 0.0, 0.0, 0.0, 0.0, 0.0, 0.0, 0.0, 0.0, 0.0, 0.0, 0.0, 0.0], [0.0, 0.0, 0.0, 0.0, 0.0, 0.9852641680320865, 0.0, 0.0, 0.0, 0.0, 0.0, 0.0, 0.0, 0.0, 0.0, 0.0, 0.0, 0.0, 0.0, 0.0, 0.0, 0.0, 0.0, 0.0, 0.0, 0.0, 0.0, 0.0, 0.0, 0.0, 0.0, 0.0], [0.0, 0.0, 0.0, 0.0, 0.0, 0.9830424752183239, 0.0, 0.0, 0.0, 0.0, 0.0, 0.0, 0.0, 0.0, 0.0, 0.0, 0.0, 0.0, 0.0, 0.0, 0.0, 0.0, 0.0, 0.0, 0.0, 0.0, 0.0, 0.0, 0.0, 0.0, 0.0, 0.0], [0.0, 0.0, 0.0, 0.0, 0.0, 0.9819109976490267, 0.0, 0.0, 0.0, 0.0, 0.0, 0.0, 0.0, 0.0, 0.0, 0.0, 0.0, 0.0, 0.0, 0.0, 0.0, 0.0, 0.0, 0.0, 0.0, 0.0, 0.0, 0.0, 0.0, 0.0, 0.0, 0.0], [0.0, 0.0, 0.0, 0.0, 0.0, 0.0, 0.9830993186216312, 0.0, 0.0, 0.0, 0.0, 0.0, 0.0, 0.0, 0.0, 0.0, 0.0, 0.0, 0.0, 0.0, 0.0, 0.0, 0.0, 0.0, 0.0, 0.0, 0.0, 0.0, 0.0, 0.0, 0.0, 0.0], [0.0, 0.0, 0.0, 0.0, 0.0, 0.0, 0.9854237163207681, 0.0, 0.0, 0.0, 0.0, 0.0, 0.0, 0.0, 0.0, 0.0, 0.0, 0.0, 0.0, 0.0, 0.0, 0.0, 0.0, 0.0, 0.0, 0.0, 0.0, 0.0, 0.0, 0.0, 0.0, 0.0], [0.0, 0.0, 0.0, 0.0, 0.0, 0.0, 0.9826423799063518, 0.0, 0.0, 0.0, 0.0, 0.0, 0.0, 0.0, 0.0, 0.0, 0.0, 0.0, 0.0, 0.0, 0.0, 0.0, 0.0, 0.0, 0.0, 0.0, 0.0, 0.0, 0.0, 0.0, 0.0, 0.0], [0.0, 0.0, 0.0, 0.0, 0.0, 0.0, 0.0, 0.0, 0.0, 0.0, 0.9597779252054466, 0.0, 0.0, 0.0, 0.0, 0.0, 0.0, 0.0, 0.0, 0.0, 0.0, 0.0, 0.0, 0.0, 0.0, 0.0, 0.0, 0.0, 0.0, 0.0, 0.0, 0.0], [0.0, 0.0, 0.0, 0.0, 0.0, 0.0, 0.0, 0.0, 0.0, 0.0, 0.959529055615818, 0.0, 0.0, 0.0, 0.0, 0.0, 0.0, 0.0, 0.0, 0.0, 0.0, 0.0, 0.0, 0.0, 0.0, 0.0, 0.0, 0.0, 0.0, 0.0, 0.0, 0.0], [0.0, 0.0, 0.0, 0.0, 0.0, 0.0, 0.0, 0.0, 0.0, 0.0, 0.0, 0.0, 0.9608621380419481, 0.0, 0.0, 0.0, 0.0, 0.0, 0.0, 0.0, 0.0, 0.0, 0.0, 0.0, 0.0, 0.0, 0.0, 0.0, 0.0, 0.0, 0.0, 0.0]], "Born radii": [], "Atomic SASAs": [], "Solvent H bonds": [], "Total SASA": NaN, "Total FOD": 0.0, "FOD": [0.0, 0.0, 0.0, 0.0, 0.0, 0.0, 0.0, 0.0, 0.0, 0.0, 0.0, 0.0, 0.0, 0.0, 0.0, 0.0, 0.0, 0.0, 0.0, 0.0, 0.0, 0.0, 0.0, 0.0, 0.0, 0.0, 0.0, 0.0, 0.0, 0.0, 0.0, 0.0], "FOD s proportion": [0.0, 0.0, 0.0, 0.0, 0.0, 0.0, 0.0, 0.0, 0.0, 0.0, 0.0, 0.0, 0.0, 0.0, 0.0, 0.0, 0.0, 0.0, 0.0, 0.0, 0.0, 0.0, 0.0, 0.0, 0.0, 0.0, 0.0, 0.0, 0.0, 0.0, 0.0, 0.0], "FOD p proportion": [0.0, 0.0, 0.0, 0.0, 0.0, 0.0, 0.0, 0.0, 0.0, 0.0, 0.0, 0.0, 0.0, 0.0, 0.0, 0.0, 0.0, 0.0, 0.0, 0.0, 0.0, 0.0, 0.0, 0.0, 0.0, 0.0, 0.0, 0.0, 0.0, 0.0, 0.0, 0.0], "FOD d proportion": [0.0, 0.0, 0.0, 0.0, 0.0, 0.0, 0.0, 0.0, 0.0, 0.0, 0.0, 0.0, 0.0, 0.0, 0.0, 0.0, 0.0, 0.0, 0.0, 0.0, 0.0, 0.0, 0.0, 0.0, 0.0, 0.0, 0.0, 0.0, 0.0, 0.0, 0.0, 0.0], "coordinates": [["-1.45980", "0.25090", "-2.47960"], ["-1.85050", "-0.17760", "-1.06190"], ["-2.33060", "-1.63070", "-1.02150"], ["-0.78940", "0.10100", "-0.06450"], ["-1.10600", "1.07760", "1.01240"], ["-2.28820", "0.62290", "1.87350"], ["-1.32370", "2.48450", "0.45030"], ["0.44340", "-0.55010", "-0.21850"], ["0.67440", "-1.36090", "-1.10850"], ["1.71590", "-0.16580", "0.93270"], ["3.04090", "-1.21170", "0.26110"], ["4.28040", "-1.07160", "1.10000"], ["5.35030", "-0.31430", "0.83020"], ["5.51350", "0.71290", "-0.53110"], ["4.32130", "-2.06490", "2.53040"], ["-1.10820", "1.28800", "-2.48870"], ["-0.66870", "-0.37320", "-2.90430"], ["-2.32360", "0.18240", "-3.14980"], ["-2.72000", "0.43400", "-0.79910"], ["-1.57030", "-2.33340", "-1.37380"], ["-3.21350", "-1.75870", "-1.65720"], ["-2.60530", "-1.92040", "-0.00170"], ["-0.26590", "1.16080", "1.70260"], ["-2.11650", "-0.38690", "2.26130"], ["-2.41970", "1.29490", "2.72850"], ["-3.23070", "0.61230", "1.31800"], ["-1.45320", "3.20780", "1.26250"], ["-0.46170", "2.79870", "-0.14800"], ["-2.21090", "2.54180", "-0.18800"], ["3.23300", "-0.92320", "-0.77730"], ["2.71680", "-2.25880", "0.24490"], ["6.22670", "-0.26860", "1.46500"]], "bond_dist": [[0.0, 1.5317088594116048, 2.5347123722426574, 2.510899078019664, 3.6059217032542454, 4.4468089873526155, 3.68670668483404, 3.0620817183739564, 3.0054324297844395, 4.680010755329522, 5.468723410449646, 6.8929266969843805, 7.592870938584429, 7.2551367416472585, 7.992755898311922, 1.0951172448646769, 1.0934853039707484, 1.095450012551919, 2.108485214555701, 2.813114000533928, 2.79111046180548, 3.4880800377858305, 4.443434714272282, 4.828475591737003, 5.397744864292865, 4.20576539169745, 4.7693410005995585, 3.5949752446991896, 3.3262297846059883, 5.128226588207663, 5.582605296812591, 8.655173693231118], [1.5317088594116048, 0.0, 1.530891171834236, 1.4826860524062402, 2.536242847205291, 3.0739152070283264, 3.1066128645198137, 2.4722574744552803, 2.7888152430736604, 4.086291394406424, 5.171603790895045, 6.562086742797599, 7.446492458869478, 7.43661447770422, 7.386314088907945, 2.1759482737418185, 2.197577839349496, 2.1708869201319536, 1.0950564597316435, 2.196193818860257, 2.1707206867766287, 2.1751089443979583, 3.456115155778233, 3.3403923018112707, 4.106017176047855, 2.8623099168329067, 4.125726094883178, 3.4091553704693487, 2.8790147151412753, 5.145764158023567, 5.186458229852044, 8.463726392671255], [2.5347123722426574, 1.530891171834236, 0.0, 2.5079735504984897, 3.6015667785007124, 3.668996554917979, 4.484965316476817, 3.08343661520713, 3.0183416042588687, 4.726414275113852, 5.538378463954951, 6.965534872499025, 8.009864334681332, 8.20139365778768, 7.553297085379338, 3.4879431317038416, 2.8085857117061606, 2.795897262060965, 2.112837005071617, 1.0935989529987673, 1.0954500901455984, 1.0951612757945746, 4.413182428814834, 3.517051761063519, 4.757055199385435, 3.3637017198318877, 5.421952509013704, 4.886243323863436, 4.256619150217693, 5.613718451258489, 5.241614763601003, 9.014731385349204], [2.510899078019664, 1.4826860524062402, 2.5079735504984897, 0.0, 1.4878497000705413, 2.5049201683886055, 2.496310834010861, 1.4026557132810604, 2.3172824709128577, 2.7096343240371015, 4.0620677911625265, 5.332346861373517, 6.218430531090623, 6.349699644865101, 6.127306366585565, 2.7179676377764324, 2.881648516040775, 3.4466609479320707, 2.0923055512998094, 2.872346542463148, 3.4454953475516406, 2.71799459344569, 2.1259987535273863, 2.7218718669327546, 3.4473358264027603, 2.8517853407996894, 3.4429298104957065, 2.718813128922251, 2.8272635427211235, 4.211504628989502, 4.237667145966044, 7.190384803332851], [3.6059217032542454, 2.536242847205291, 3.6015667785007124, 1.4878497000705413, 0.0, 1.5316142268861306, 1.530593776937565, 2.562257297774757, 3.6897592360477938, 3.0847228822051425, 4.796053147120036, 5.800003393102456, 6.607147049975503, 6.806847918824101, 6.452535589983212, 3.5074170282417234, 4.199594125626904, 4.428074258636592, 2.510129321369718, 4.188609068652743, 4.428647434601223, 3.502042732463441, 1.0904431622051651, 2.1738495141108545, 2.172101790892867, 2.196416522429204, 2.1727516862264773, 2.1734387177926138, 2.1921783253193614, 5.10226888060596, 5.131707420537534, 7.468975196772312], [4.4468089873526155, 3.0739152070283264, 3.668996554917979, 2.5049201683886055, 1.5316142268861306, 0.0, 2.5340309883661645, 3.635110941910852, 4.648094792492942, 4.1880746340054635, 5.862158111992546, 6.827601222977218, 7.766176728609773, 8.16435692813586, 7.165282736919737, 4.56766317168856, 5.142214338201005, 5.042701289983375, 2.713839569687199, 4.449724417309459, 4.3582153618195605, 3.1757365035531526, 2.099581032015673, 1.0952468991054027, 1.0954000410808828, 1.0940744307404322, 2.784286984130767, 3.486641670719835, 2.8174340719881985, 6.316709213664977, 6.000546462614883, 8.57118232859388], [3.68670668483404, 3.1066128645198137, 4.484965316476817, 2.496310834010861, 1.530593776937565, 2.5340309883661645, 0.0, 3.574735376220176, 4.605362332108083, 4.061522868333995, 5.722536521508622, 6.668875025819572, 7.2470601936233425, 7.130849623992922, 7.542538125193667, 3.1805303802982294, 4.455200943840805, 4.388642663740122, 2.7776256587236516, 5.157549105922308, 5.100749604714977, 4.609766433345621, 2.1069831086176274, 3.4861426821058257, 2.794022082947807, 2.8097482324934386, 1.0952634294999537, 1.0953211994661658, 1.0944560384044668, 5.820905079109262, 6.234318270669215, 8.100476273652063], [3.0620817183739564, 2.4722574744552803, 3.08343661520713, 1.4026557132810604, 2.562257297774757, 3.635110941910852, 3.574735376220176, 0.0, 1.2259109429318265, 1.7584664284540663, 2.7230014634590267, 4.0905957390091725, 5.023250037575275, 5.234386475032198, 4.988905557334194, 3.307549275521077, 2.9123155151871853, 4.096994622891272, 3.3634281217234303, 2.927433119645947, 4.1113853212755425, 3.3495217598934928, 2.6685034213955956, 3.5677906735121105, 4.504017718659641, 4.148616253644099, 4.462316099291936, 3.4696740048598227, 4.07505636157342, 2.869377843714557, 2.881448040482424, 6.029923166177162], [3.0054324297844395, 2.7888152430736604, 3.0183416042588687, 2.3172824709128577, 3.6897592360477938, 4.648094792492942, 4.605362332108083, 1.2259109429318265, 0.0, 2.5844697135002375, 2.7383182886582054, 4.2384434336204135, 5.168942837757059, 5.296312491724784, 5.199720071311532, 3.4784027958245436, 2.4503808969219456, 3.941660129945249, 3.852187135900851, 2.460654065487467, 3.9465279601188685, 3.506348325537553, 3.891711473118222, 4.482560746939186, 5.599044333634089, 5.0031216755141985, 5.569680641652625, 4.417641409168472, 4.939974051551283, 2.616812696774456, 2.609466177209431, 6.216434414517699], [4.680010755329522, 4.086291394406424, 4.726414275113852, 2.7096343240371015, 3.0847228822051425, 4.1880746340054635, 4.061522868333995, 1.7584664284540663, 2.5844697135002375, 0.0, 1.8167493965872124, 2.724907921380097, 3.6388764557209137, 4.163723080369299, 3.598240578393835, 4.668517238910017, 4.5223777949216055, 5.7537474518786444, 4.79959374218277, 4.562624513369471, 5.791709314183508, 4.756521203568844, 2.5060217098022117, 4.0621857330752364, 4.739380707434252, 5.022225329472982, 4.640381429365479, 3.8338120063456422, 4.89967595765271, 2.408183375492822, 2.4198178960409398, 4.543261798531976], [5.468723410449646, 5.171603790895045, 5.538378463954951, 4.0620677911625265, 4.796053147120036, 5.862158111992546, 5.722536521508622, 2.7230014634590267, 2.7383182886582054, 1.8167493965872124, 0.0, 1.503243649579136, 2.5421506505319464, 3.2319369981483237, 2.7417324614192395, 5.570002777378123, 4.948128087469038, 6.508119073127043, 6.084432704862468, 5.019389837420481, 6.564800320649517, 5.6965686136480445, 4.317592470347335, 5.592840945351477, 6.495325910221903, 6.616417472469524, 6.382140473226832, 5.340306894739291, 6.470846644759865, 1.0947187858075698, 1.0962306600346479, 3.53385546676714], [6.8929266969843805, 6.562086742797599, 6.965534872499025, 5.332346861373517, 5.800003393102456, 6.827601222977218, 6.668875025819572, 4.0905957390091725, 4.2384434336204135, 2.724907921380097, 1.503243649579136, 0.0, 1.3382755097512617, 2.713938663639987, 1.7419419795159654, 6.890826496872491, 6.404355694369263, 7.952743680013835, 7.40803700922181, 6.476304206103973, 8.014536509368462, 7.024746886543315, 5.100547050072179, 6.537412438419348, 7.289970816814016, 7.700627664028434, 7.15638453201056, 6.246938330094192, 7.5400649367230255, 2.154837490392257, 2.141374514184756, 2.1368476057033177], [7.592870938584429, 7.446492458869478, 8.009864334681332, 6.218430531090623, 6.607147049975503, 7.766176728609773, 7.2470601936233425, 5.023250037575275, 5.168942837757059, 3.6388764557209137, 2.5421506505319464, 1.3382755097512617, 0.0, 1.7131584194113516, 2.6484186602574753, 7.436039587710652, 7.083665750160717, 8.658859745948076, 8.267061961180646, 7.538506826288613, 9.033942691870479, 8.158626488570244, 5.871856964368257, 7.603053347833355, 8.158796941338839, 8.644657159193764, 7.673309843216289, 6.665357322754723, 8.146519740969145, 2.727228400776143, 3.3255042610106513, 1.0831142552842707], [7.2551367416472585, 7.43661447770422, 8.20139365778768, 6.349699644865101, 6.806847918824101, 8.16435692813586, 7.130849623992922, 5.234386475032198, 5.296312491724784, 4.163723080369299, 3.2319369981483237, 2.713938663639987, 1.7131584194113516, 0.0, 4.302359344592221, 6.928913959633212, 6.710535618711818, 8.28004567318321, 8.242580388446328, 7.756952328073185, 9.139881660612462, 8.551575684632628, 6.212205281540525, 8.199021758722195, 8.59647476585606, 8.938138777732195, 7.6142258871141975, 6.340373986603629, 7.945372752741056, 2.817466574779548, 4.153878642907132, 2.3358963375971977], [7.992755898311922, 7.386314088907945, 7.553297085379338, 6.127306366585565, 6.452535589983212, 7.165282736919737, 7.542538125193667, 4.988905557334194, 5.199720071311532, 3.598240578393835, 2.7417324614192395, 1.7419419795159654, 2.6484186602574753, 4.302359344592221, 0.0, 8.11866820790208, 7.569538491876504, 9.02605812855202, 8.179851902693594, 7.072893357742644, 8.6257152306345, 7.376326878602928, 5.668579819496238, 6.6583306954521255, 7.534492726786588, 8.103703943259527, 7.921728722318128, 7.328405046120199, 8.442808791510085, 3.6645265819748123, 2.7992012628605325, 2.827069155503629], [1.0951172448646769, 2.1759482737418185, 3.4879431317038416, 2.7179676377764324, 3.5074170282417234, 4.56766317168856, 3.1805303802982294, 3.307549275521077, 3.4784027958245436, 4.668517238910017, 5.570002777378123, 6.890826496872491, 7.436039587710652, 6.928913959633212, 8.11866820790208, 0.0, 1.7678996153628181, 1.7710453777359854, 2.4863554452249987, 3.817207929888023, 3.7955317453553197, 4.326697120206128, 4.276990158978625, 5.136580467587361, 5.379521883959578, 4.410503557418359, 4.228020633819092, 2.85990440924168, 2.8427420248766855, 5.163749881626724, 5.8892261121475045, 8.47676266389475], [1.0934853039707484, 2.197577839349496, 2.8085857117061606, 2.881648516040775, 4.199594125626904, 5.142214338201005, 4.455200943840805, 2.9123155151871853, 2.4503808969219456, 4.5223777949216055, 4.948128087469038, 6.404355694369263, 7.083665750160717, 6.710535618711818, 7.569538491876504, 1.7678996153628181, 0.0, 1.7628543955755394, 3.0481585539469567, 2.6453160208186848, 3.154500863845182, 3.816979717001389, 4.872261430793713, 5.364674816799243, 6.13000770391033, 5.0361564252910185, 5.549884997907615, 4.207254247130781, 4.272457317516467, 4.4777105634464585, 4.993451536762923, 8.1638388525252], [1.095450012551919, 2.1708869201319536, 2.795897262060965, 3.4466609479320707, 4.428074258636592, 5.042701289983375, 4.388642663740122, 4.096994622891272, 3.941660129945249, 5.7537474518786444, 6.508119073127043, 7.952743680013835, 8.658859745948076, 8.28004567318321, 9.02605812855202, 1.7710453777359854, 1.7628543955755394, 0.0, 2.397128701175638, 3.1703133173236995, 2.6053111100212196, 3.7962687391700816, 5.360707193085628, 5.44490551892317, 5.983418951569411, 4.579179103289148, 5.42024285526027, 4.395736632238106, 3.7883675758827833, 6.14222363399445, 6.548975316032272, 9.726634059632346], [2.108485214555701, 1.0950564597316435, 2.112837005071617, 2.0923055512998094, 2.510129321369718, 2.713839569687199, 2.7776256587236516, 3.3634281217234303, 3.852187135900851, 4.79959374218277, 6.084432704862468, 7.40803700922181, 8.267061961180646, 8.242580388446328, 8.179851902693594, 2.4863554452249987, 3.0481585539469567, 2.397128701175638, 0.0, 3.0513264230494914, 2.405787012601074, 2.488413593034727, 3.5790149398961724, 3.225544484269284, 3.643527227838431, 2.18511276368063, 3.680888919812713, 3.334015025461043, 2.252875242884079, 6.1057903730802945, 6.1562896358114925, 9.255443612274886], [2.813114000533928, 2.196193818860257, 1.0935989529987673, 2.872346542463148, 4.188609068652743, 4.449724417309459, 5.157549105922308, 2.927433119645947, 2.460654065487467, 4.562624513369471, 5.019389837420481, 6.476304206103973, 7.538506826288613, 7.756952328073185, 7.072893357742644, 3.817207929888023, 2.6453160208186848, 3.1703133173236995, 3.0513264230494914, 0.0, 1.7637182002803053, 1.7676120643399105, 4.834783341577986, 4.159464953572755, 5.542103079156865, 4.322020810917041, 6.137482182458863, 5.391663009684489, 5.058069299643886, 5.04144494961514, 4.583119162753682, 8.550753971434332], [2.79111046180548, 2.1707206867766287, 1.0954500901455984, 3.4454953475516406, 4.428647434601223, 4.3582153618195605, 5.100749604714977, 4.1113853212755425, 3.9465279601188685, 5.791709314183508, 6.564800320649517, 8.014536509368462, 9.033942691870479, 9.139881660612462, 8.6257152306345, 3.7955317453553197, 3.154500863845182, 2.6053111100212196, 2.405787012601074, 1.7637182002803053, 0.0, 1.7710828269733745, 5.338546810696708, 4.294168893977041, 5.402680435672648, 3.8044384447642203, 6.0240705864058395, 5.533532564284772, 4.653821617767488, 6.559698659999558, 6.247923055704191, 10.054148740196755], [3.4880800377858305, 2.1751089443979583, 1.0951612757945746, 2.71799459344569, 3.502042732463441, 3.1757365035531526, 4.609766433345621, 3.3495217598934928, 3.506348325537553, 4.756521203568844, 5.6965686136480445, 7.024746886543315, 8.158626488570244, 8.551575684632628, 7.376326878602928, 4.326697120206128, 3.816979717001389, 3.7962687391700816, 2.488413593034727, 1.7676120643399105, 1.7710828269733745, 0.0, 4.227437082914422, 2.776997783578518, 4.2221550764982565, 2.923577011128662, 5.4059200225308555, 5.185202933347932, 4.483468288055577, 5.973416952632722, 5.338546106385147, 9.104058223122259], [4.443434714272282, 3.456115155778233, 4.413182428814834, 2.1259987535273863, 1.0904431622051651, 2.099581032015673, 2.1069831086176274, 2.6685034213955956, 3.891711473118222, 2.5060217098022117, 4.317592470347335, 5.100547050072179, 5.871856964368257, 6.212205281540525, 5.668579819496238, 4.276990158978625, 4.872261430793713, 5.360707193085628, 3.5790149398961724, 4.834783341577986, 5.338546810696708, 4.227437082914422, 0.0, 2.476336273610674, 2.3894158407443444, 3.03954082880951, 2.4069853136236623, 2.4790672459616743, 3.0437730467299953, 4.768150712802606, 4.7660311308257315, 6.6523298835821425], [4.828475591737003, 3.3403923018112707, 3.517051761063519, 2.7218718669327546, 2.1738495141108545, 1.0952468991054027, 3.4861426821058257, 3.5677906735121105, 4.482560746939186, 4.0621857330752364, 5.592840945351477, 6.537412438419348, 7.603053347833355, 8.199021758722195, 6.6583306954521255, 5.136580467587361, 5.364674816799243, 5.44490551892317, 3.225544484269284, 4.159464953572755, 4.294168893977041, 2.776997783578518, 2.476336273610674, 0.0, 1.7716256150778584, 1.7690837091556746, 3.7893847020327724, 4.323324749541722, 3.8190660559880345, 6.175585632148582, 5.5615346317361, 8.381949344871991], [5.397744864292865, 4.106017176047855, 4.757055199385435, 3.4473358264027603, 2.172101790892867, 1.0954000410808828, 2.794022082947807, 4.504017718659641, 5.599044333634089, 4.739380707434252, 6.495325910221903, 7.289970816814016, 8.158796941338839, 8.59647476585606, 7.534492726786588, 5.379521883959578, 6.13000770391033, 5.983418951569411, 3.643527227838431, 5.542103079156865, 5.402680435672648, 4.2221550764982565, 2.3894158407443444, 1.7716256150778584, 0.0, 1.7644188873393982, 2.5966256295430807, 3.7907031920212377, 3.1787307687188613, 7.011677298621208, 6.721657898167683, 8.877003856031605], [4.20576539169745, 2.8623099168329067, 3.3637017198318877, 2.8517853407996894, 2.196416522429204, 1.0940744307404322, 2.8097482324934386, 4.148616253644099, 5.0031216755141985, 5.022225329472982, 6.616417472469524, 7.700627664028434, 8.644657159193764, 8.938138777732195, 8.103703943259527, 4.410503557418359, 5.0361564252910185, 4.579179103289148, 2.18511276368063, 4.322020810917041, 3.8044384447642203, 2.923577011128662, 3.03954082880951, 1.7690837091556746, 1.7644188873393982, 0.0, 3.146300486285441, 3.820583981539995, 2.651602966131996, 6.966165374867295, 6.6908530898533405, 9.499474120707944], [4.7693410005995585, 4.125726094883178, 5.421952509013704, 3.4429298104957065, 2.1727516862264773, 2.784286984130767, 1.0952634294999537, 4.462316099291936, 5.569680641652625, 4.640381429365479, 6.382140473226832, 7.15638453201056, 7.673309843216289, 7.6142258871141975, 7.921728722318128, 4.228020633819092, 5.549884997907615, 5.42024285526027, 3.680888919812713, 6.137482182458863, 6.0240705864058395, 5.4059200225308555, 2.4069853136236623, 3.7893847020327724, 2.5966256295430807, 3.146300486285441, 0.0, 1.7719890829234812, 1.766809423791938, 6.571637199359077, 6.950404687498419, 8.432510137556907], [3.5949752446991896, 3.4091553704693487, 4.886243323863436, 2.718813128922251, 2.1734387177926138, 3.486641670719835, 1.0953211994661658, 3.4696740048598227, 4.417641409168472, 3.8338120063456422, 5.340306894739291, 6.246938330094192, 6.665357322754723, 6.340373986603629, 7.328405046120199, 2.85990440924168, 4.207254247130781, 4.395736632238106, 3.334015025461043, 5.391663009684489, 5.533532564284772, 5.185202933347932, 2.4790672459616743, 4.323324749541722, 3.7907031920212377, 3.820583981539995, 1.7719890829234812, 0.0, 1.7684168767572879, 5.281985061508599, 5.98627922085163, 7.5329139680471595], [3.3262297846059883, 2.8790147151412753, 4.256619150217693, 2.8272635427211235, 2.1921783253193614, 2.8174340719881985, 1.0944560384044668, 4.07505636157342, 4.939974051551283, 4.89967595765271, 6.470846644759865, 7.5400649367230255, 8.146519740969145, 7.945372752741056, 8.442808791510085, 2.8427420248766855, 4.272457317516467, 3.7883675758827833, 2.252875242884079, 5.058069299643886, 4.653821617767488, 4.483468288055577, 3.0437730467299953, 3.8190660559880345, 3.1787307687188613, 2.651602966131996, 1.766809423791938, 1.7684168767572879, 0.0, 6.479934158616119, 6.893140797923686, 9.045653703298617], [5.128226588207663, 5.145764158023567, 5.613718451258489, 4.211504628989502, 5.10226888060596, 6.316709213664977, 5.820905079109262, 2.869377843714557, 2.616812696774456, 2.408183375492822, 1.0947187858075698, 2.154837490392257, 2.727228400776143, 2.817466574779548, 3.6645265819748123, 5.163749881626724, 4.4777105634464585, 6.14222363399445, 6.1057903730802945, 5.04144494961514, 6.559698659999558, 5.973416952632722, 4.768150712802606, 6.175585632148582, 7.011677298621208, 6.966165374867295, 6.571637199359077, 5.281985061508599, 6.479934158616119, 0.0, 1.759313115963159, 3.79718976876321], [5.582605296812591, 5.186458229852044, 5.241614763601003, 4.237667145966044, 5.131707420537534, 6.000546462614883, 6.234318270669215, 2.881448040482424, 2.609466177209431, 2.4198178960409398, 1.0962306600346479, 2.141374514184756, 3.3255042610106513, 4.153878642907132, 2.7992012628605325, 5.8892261121475045, 4.993451536762923, 6.548975316032272, 6.1562896358114925, 4.583119162753682, 6.247923055704191, 5.338546106385147, 4.7660311308257315, 5.5615346317361, 6.721657898167683, 6.6908530898533405, 6.950404687498419, 5.98627922085163, 6.893140797923686, 1.759313115963159, 0.0, 4.215321821640669], [8.655173693231118, 8.463726392671255, 9.014731385349204, 7.190384803332851, 7.468975196772312, 8.57118232859388, 8.100476273652063, 6.029923166177162, 6.216434414517699, 4.543261798531976, 3.53385546676714, 2.1368476057033177, 1.0831142552842707, 2.3358963375971977, 2.827069155503629, 8.47676266389475, 8.1638388525252, 9.726634059632346, 9.255443612274886, 8.550753971434332, 10.054148740196755, 9.104058223122259, 6.6523298835821425, 8.381949344871991, 8.877003856031605, 9.499474120707944, 8.432510137556907, 7.5329139680471595, 9.045653703298617, 3.79718976876321, 4.215321821640669, 0.0]]}