{"total energy": -57.59464942, "HOMO-LUMO gap/eV": 2.87304053, "electronic energy": -58.19695453, "dipole": [-0.73274522, -0.55246201, 1.15223501], "partial charges": [-0.11537226, 0.09177619, -0.27505174, 0.50828626, -0.39792328, -0.2691505, 0.09178918, -0.11402653, -0.25945302, 0.15352426, -0.05187903, -0.03496613, -0.02321542, -0.02247034, -0.04844828, 0.38960435, -0.12400222, -0.50180694, 0.06050191, 0.06076057, 0.05273472, 0.04912168, 0.04648435, 0.04355894, 0.05493431, 0.06093, 0.05628563, 0.0575496, 0.06612231, 0.0535613, 0.07921094, 0.06055929, 0.06909829, 0.07306102, 0.05831057], "atomic dipole moments": [[0.11319316, -0.05456071, -0.07637843], [-0.07911826, 0.12106977, -0.24020025], [-0.0086203, -0.18438693, 0.06714851], [0.06437432, -0.19757222, 0.22904474], [0.03906023, -0.18556592, 0.43822863], [0.0560946, -0.06908581, -0.15962579], [0.07315546, 0.18415924, 0.20321808], [0.08910344, 0.07919716, -0.0908035], [0.04653222, 0.1430186, -0.01982139], [-0.32664661, -0.02659465, 0.02594467], [-0.02306752, -0.04328805, -0.00216986], [-0.01220618, -0.0163616, 0.00100296], [0.12710347, 0.00041851, 0.00594335], [-0.02330479, 0.0259664, 0.00554852], [-0.03726036, 0.05097382, 0.00279132], [-0.19684702, -0.22287565, -0.29890488], [0.00466226, -0.03167344, 0.12666611], [-0.06836, 0.14375067, -0.02139689], [-0.00172182, 0.12908326, 0.00433008], [-0.11547413, -0.02982084, -0.05102088], [0.00565656, -0.04606075, 0.11855038], [0.10630343, 0.03383352, 0.04692793], [-0.00301287, -0.12249394, -0.01230182], [0.10032162, -0.06004352, -0.03618339], [-0.06142606, 0.05214133, -0.0928611], [-0.09812003, 0.0676502, 0.04891543], [0.05975581, -0.04449846, 0.10356209], [-0.04661346, -0.0996829, -0.06825664], [-0.07719404, 0.13725128, 0.00655485], [0.05766362, 0.14054403, -0.00657033], [0.08821214, -0.12870777, -0.00334995], [-0.0561471, -0.1444529, 0.00956745], [-0.061135, -0.10149497, -0.06719714], [0.12623068, 0.00872798, -0.03830079], [-0.05940094, 0.11310925, -0.02199493]], "atomic quadrupole moments": [[0.08803792, -0.10821035, -0.10802433, -0.18404588, 0.07312856, 0.01998641], [-0.19885539, -0.10555481, -0.2335974, -0.04837178, -0.20477762, 0.43245279], [-0.10634941, 0.0020411, -0.00971032, 0.01632018, -0.01790811, 0.11605973], [0.5261059, 0.12035955, 0.01370389, 0.02752923, 0.65886244, -0.53980979], [-0.34636018, -0.07079056, -0.09952335, 0.13606136, -0.4256675, 0.44588353], [-0.02737634, 0.10488372, 0.03060164, 0.00056339, 0.07301443, -0.0032253], [-0.16805225, 0.34123523, 0.18706035, 0.04519859, 0.25344979, -0.0190081], [0.01061511, 0.1574597, 0.00282584, -0.1382144, -0.13356282, -0.01344095], [0.08042851, -0.04357991, -0.00296454, -0.01314696, -0.00607545, -0.07746397], [0.22312885, 0.06561195, -0.51131609, 0.00296072, 0.01107551, 0.28818725], [-0.21760567, 0.00945297, -0.26327513, 0.06682646, 0.00750349, 0.48088081], [-0.23793175, -0.00547231, -0.28249117, 0.06711649, 0.01458049, 0.52042291], [0.09782099, 0.0268088, -0.40743579, 0.05610005, 0.01512974, 0.30961481], [-0.24659904, 0.02052107, -0.30313344, 0.0728377, 0.02553051, 0.54973248], [-0.21989306, -0.03278402, -0.25494224, 0.06074678, 0.02794836, 0.4748353], [0.17007135, 0.0496762, -0.3235904, -0.12506624, -0.1357341, 0.15351906], [-0.21331694, -0.02058805, -0.17873412, 0.01038225, -0.13239278, 0.39205105], [-0.05019534, -0.11036572, 0.14697798, -0.01229075, -0.04019388, -0.09678264], [-0.02828266, 0.01432712, 0.07704438, -0.00705284, 0.00382127, -0.04876173], [0.04373988, 0.0288867, -0.02508899, 0.04058546, 0.02900412, -0.0186509], [-0.04114329, -0.01287, -0.02748432, 0.00807786, -0.04816639, 0.06862761], [0.02646864, 0.03002234, -0.03122162, 0.01642586, 0.00998712, 0.00475299], [-0.04261179, 0.00824644, 0.02578561, -0.00188082, 0.00110406, 0.01682618], [0.01877008, -0.00516204, 0.0175184, -0.00807303, 0.02327777, -0.03628848], [-0.00711768, 0.00404477, 0.0045829, 0.03674883, -0.01308033, 0.00253478], [0.0248552, -0.05659874, 0.00549417, -0.03047483, 0.00881963, -0.03034937], [0.0095954, -0.02271276, -0.03535465, 0.04709447, -0.03804272, 0.02575924], [-0.03207231, 0.03728607, 0.02709224, 0.01913703, 0.05482755, 0.00498008], [0.05007064, 0.00162536, 0.00561279, -0.0104941, -0.00245858, -0.05568343], [0.04134912, -0.00574346, 0.02631893, -0.0111994, -0.00160095, -0.06766805], [0.033132, 0.01096603, 0.02734837, -0.01074788, -0.00348853, -0.06048037], [0.03685541, 0.00475511, 0.02199254, -0.00844884, -0.00262583, -0.05884795], [-0.02063574, 0.04513407, 0.01741256, 0.02086596, 0.04181267, 0.00322319], [0.0685373, 0.01001549, -0.05178152, -0.03837941, -0.00268961, -0.01675578], [-0.02043184, -0.0580216, 0.05205439, 0.01137797, -0.02421107, -0.03162254]], "number of molecular orbitals": 104, "number of electrons": 102, "number of unpaired electrons": 0, "orbital energies/eV": [-20.83021032, -20.52486917, -20.35915944, -20.05292114, -19.17574828, -18.66853266, -18.47038378, -18.12270279, -18.08680211, -17.6210978, -17.39699007, -17.17187935, -16.96790163, -16.81255324, -16.77083276, -16.64569477, -16.42370125, -16.30230286, -15.96525337, -15.86119094, -15.52346962, -15.51928907, -15.40537845, -15.0222397, -14.7999343, -14.69299614, -14.20437059, -14.12810579, -14.08290242, -13.9558776, -13.8019149, -13.73749883, -13.68443699, -13.64512865, -13.49587636, -13.3476567, -13.26508261, -13.21784652, -12.93304737, -12.82158746, -12.71319332, -12.62849911, -12.47310664, -12.28738647, -12.12006583, -11.81001782, -11.51681875, -11.10133483, -10.49036263, -10.08873252, -9.99841293, -7.1253724, -7.01410008, -5.23927537, -4.85740226, -4.53864632, -4.22076373, -3.61631921, -3.39562156, -1.83312937, -1.46646408, 0.19217357, 0.65118952, 0.7187843, 0.81835455, 1.16237384, 1.26262588, 1.76364284, 2.46353257, 2.52361067, 2.66566663, 2.82560859, 2.94713838, 3.09727719, 3.33342231, 3.53374077, 3.62657428, 3.75113443, 3.96926776, 4.02933019, 4.18169997, 4.30767548, 4.47952881, 5.04598618, 5.62640419, 5.84340084, 5.93756719, 6.10120286, 6.28549476, 6.54378808, 6.83952696, 8.19337418, 9.70522579, 9.74368645, 10.40584183, 11.37767906, 11.75052653, 12.10517209, 15.58049086, 16.49861256, 22.20436688, 27.48364254, 28.88857064, 37.14128337], "fractional occupation": [2.0, 2.0, 2.0, 2.0, 2.0, 2.0, 2.0, 2.0, 2.0, 2.0, 2.0, 2.0, 2.0, 2.0, 2.0, 2.0, 2.0, 2.0, 2.0, 2.0, 2.0, 2.0, 2.0, 2.0, 2.0, 2.0, 2.0, 2.0, 2.0, 2.0, 2.0, 2.0, 2.0, 2.0, 2.0, 2.0, 2.0, 2.0, 2.0, 2.0, 2.0, 2.0, 2.0, 2.0, 2.0, 2.0, 2.0, 2.0, 2.0, 2.0, 2.0, 0.0, 0.0, 0.0, 0.0, 0.0, 0.0, 0.0, 0.0, 0.0, 0.0, 0.0, 0.0, 0.0, 0.0, 0.0, 0.0, 0.0, 0.0, 0.0, 0.0, 0.0, 0.0, 0.0, 0.0, 0.0, 0.0, 0.0, 0.0, 0.0, 0.0, 0.0, 0.0, 0.0, 0.0, 0.0, 0.0, 0.0, 0.0, 0.0, 0.0, 0.0, 0.0, 0.0, 0.0, 0.0, 0.0, 0.0, 0.0, 0.0, 0.0, 0.0, 0.0, 0.0], "program call": "xtb /home/svss/Project-DBcg-Debug/aqme2_20220329/End-to-End-workflows-final/example-3/QDESCP/mol_749_rdkit_conf_13/mol_749_rdkit_conf_13.xyz --pop --wbo --acc 0.2 --gfn 2 --chrg 0 --uhf 0 --etemp 300 --input /home/svss/Project-DBcg-Debug/aqme2_20220329/End-to-End-workflows-final/example-3/QDESCP/mol_749_rdkit_conf_13/mol_749_rdkit_conf_13_xtb.inp", "method": "GFN2-xTB", "xtb version": "6.3.3 (7355c4f)", "Dipole module/D": 3.744, "Total charge": 0, "Transition dipole module/D": NaN, "HOMO": -9.9984, "LUMO": -7.1254, "HOMO occupancy": 2.0, "LUMO occupancy": 0, "mulliken charges": [-0.09733, 0.21162, -0.36241, 0.4439, -0.18148, -0.36147, 0.20826, -0.0963, -0.34508, 0.26242, -0.06684, -0.03688, 0.02127, -0.01372, -0.06414, 0.26956, -0.04061, -0.48586, 0.04166, 0.04877, 0.03032, 0.02459, 0.03764, 0.0325, 0.02883, 0.04333, 0.04154, 0.03377, 0.06209, 0.03804, 0.06544, 0.05312, 0.05579, 0.05886, 0.03881], "cm5 charges": [-0.24346, 0.13405, -0.42404, 0.40398, -0.15024, -0.425, 0.13044, -0.24276, -0.39326, 0.28446, -0.11551, -0.08799, 0.02548, -0.06399, -0.11343, 0.2651, -0.17098, -0.53174, 0.09506, 0.10369, 0.08162, 0.08825, 0.10835, 0.0999, 0.0932, 0.09665, 0.09492, 0.08499, 0.12548, 0.09486, 0.12535, 0.11185, 0.11017, 0.11245, 0.09208], "FUKUI+": [0.007, 0.005, 0.006, -0.06, -0.073, -0.012, 0.006, 0.006, -0.019, -0.073, -0.022, -0.036, -0.039, -0.026, -0.032, -0.188, 0.029, -0.023, -0.011, -0.009, -0.015, -0.002, -0.0, 0.002, -0.011, -0.012, -0.005, -0.014, -0.063, -0.065, -0.062, -0.069, -0.033, -0.051, -0.032], "FUKUI-": [0.009, 0.008, 0.007, -0.121, -0.302, -0.004, 0.011, 0.008, -0.003, -0.005, -0.002, -0.007, 0.005, -0.007, -0.012, -0.198, 0.028, -0.082, -0.013, -0.008, -0.021, -0.017, -0.007, -0.006, -0.007, -0.014, -0.012, -0.019, -0.015, -0.025, -0.024, -0.033, -0.037, -0.04, -0.035], "FUKUIrad": [0.008, 0.007, 0.007, -0.091, -0.188, -0.008, 0.008, 0.007, -0.011, -0.039, -0.012, -0.022, -0.017, -0.017, -0.022, -0.193, 0.028, -0.053, -0.012, -0.008, -0.018, -0.009, -0.004, -0.002, -0.009, -0.013, -0.008, -0.017, -0.039, -0.045, -0.043, -0.051, -0.035, -0.045, -0.034], "s proportion": [1.013, 0.992, 1.648, 1.43, 1.89, 1.65, 0.993, 1.012, 1.638, 1.018, 1.064, 1.065, 1.094, 1.067, 1.063, 1.878, 1.025, 1.742, 0.958, 0.951, 0.97, 0.975, 0.962, 0.967, 0.971, 0.957, 0.958, 0.966, 0.938, 0.962, 0.935, 0.947, 0.944, 0.941, 0.961], "p proportion": [3.085, 2.796, 4.714, 1.93, 4.306, 4.711, 2.799, 3.084, 4.707, 2.72, 3.003, 2.972, 2.885, 2.946, 3.001, 3.448, 3.016, 4.744, 0.0, 0.0, 0.0, 0.0, 0.0, 0.0, 0.0, 0.0, 0.0, 0.0, 0.0, 0.0, 0.0, 0.0, 0.0, 0.0, 0.0], "d proportion": [0.0, 0.0, 0.0, 1.197, -0.014, 0.0, 0.0, 0.0, 0.0, 0.0, 0.0, 0.0, 0.0, 0.0, 0.0, 0.404, 0.0, 0.0, 0.0, 0.0, 0.0, 0.0, 0.0, 0.0, 0.0, 0.0, 0.0, 0.0, 0.0, 0.0, 0.0, 0.0, 0.0, 0.0, 0.0], "Fermi-level/eV": -8.5619, "Coordination numbers": [3.748, 3.899, 1.658, 4.006, 0.924, 1.658, 3.92, 3.749, 1.663, 3.024, 2.913, 2.941, 2.954, 2.936, 2.914, 2.853, 3.742, 0.859, 0.924, 0.924, 0.924, 0.924, 0.924, 0.924, 0.924, 0.924, 0.924, 0.924, 0.925, 0.925, 0.925, 0.925, 0.924, 0.924, 0.924], "Dispersion coefficient C6": [22.775, 19.013, 18.579, 139.588, 156.525, 18.478, 19.007, 22.748, 18.313, 24.651, 29.288, 28.87, 28.583, 28.566, 29.203, 126.176, 22.956, 23.824, 2.193, 2.19, 2.286, 2.331, 2.364, 2.402, 2.259, 2.188, 2.243, 2.228, 2.129, 2.276, 1.987, 2.192, 2.096, 2.052, 2.219], "Total dispersion C6": 17684.498114, "Total dispersion C8": 510037.575236, "Polarizability alpha": [6.807, 6.198, 5.819, 21.223, 21.161, 5.803, 6.196, 6.803, 5.777, 8.144, 8.874, 8.812, 8.769, 8.766, 8.861, 18.906, 6.835, 6.544, 2.316, 2.314, 2.365, 2.388, 2.405, 2.424, 2.351, 2.313, 2.342, 2.334, 2.282, 2.359, 2.204, 2.316, 2.264, 2.24, 2.329], "Total polarizability alpha": 209.84426, "Wiberg matrix": [[0.0, 1.0171719896958753, 0.0, 0.0, 0.0, 0.0, 0.0, 0.0, 0.0, 0.0, 0.0, 0.0, 0.0, 0.0, 0.0, 0.0, 0.0, 0.0, 0.9844179214003546, 0.9833752708656496, 0.9822926708281043, 0.0, 0.0, 0.0, 0.0, 0.0, 0.0, 0.0, 0.0, 0.0, 0.0, 0.0, 0.0, 0.0, 0.0], [1.0171719896958753, 0.0, 0.9188059907784206, 0.0, 0.0, 0.0, 0.0, 0.0, 0.0, 0.0, 0.0, 0.0, 0.0, 0.0, 0.0, 0.0, 0.0, 0.0, 0.0, 0.0, 0.0, 0.9702700122199787, 0.9659915116815306, 0.0, 0.0, 0.0, 0.0, 0.0, 0.0, 0.0, 0.0, 0.0, 0.0, 0.0, 0.0], [0.0, 0.9188059907784206, 0.0, 1.2272772107702936, 0.0, 0.0, 0.0, 0.0, 0.0, 0.0, 0.0, 0.0, 0.0, 0.0, 0.0, 0.0, 0.0, 0.0, 0.0, 0.0, 0.0, 0.0, 0.0, 0.0, 0.0, 0.0, 0.0, 0.0, 0.0, 0.0, 0.0, 0.0, 0.0, 0.0, 0.0], [0.0, 0.0, 1.2272772107702936, 0.0, 1.5978048999123433, 1.2310627496963444, 0.0, 0.0, 1.1665890839797732, 0.0, 0.0, 0.0, 0.0, 0.0, 0.0, 0.0, 0.0, 0.0, 0.0, 0.0, 0.0, 0.0, 0.0, 0.0, 0.0, 0.0, 0.0, 0.0, 0.0, 0.0, 0.0, 0.0, 0.0, 0.0, 0.0], [0.0, 0.0, 0.0, 1.5978048999123433, 0.0, 0.0, 0.0, 0.0, 0.0, 0.0, 0.0, 0.0, 0.0, 0.0, 0.0, 0.0, 0.0, 0.0, 0.0, 0.0, 0.0, 0.0, 0.0, 0.0, 0.0, 0.0, 0.0, 0.0, 0.0, 0.0, 0.0, 0.0, 0.0, 0.0, 0.0], [0.0, 0.0, 0.0, 1.2310627496963444, 0.0, 0.0, 0.9218312735180293, 0.0, 0.0, 0.0, 0.0, 0.0, 0.0, 0.0, 0.0, 0.0, 0.0, 0.0, 0.0, 0.0, 0.0, 0.0, 0.0, 0.0, 0.0, 0.0, 0.0, 0.0, 0.0, 0.0, 0.0, 0.0, 0.0, 0.0, 0.0], [0.0, 0.0, 0.0, 0.0, 0.0, 0.9218312735180293, 0.0, 1.0165096695576576, 0.0, 0.0, 0.0, 0.0, 0.0, 0.0, 0.0, 0.0, 0.0, 0.0, 0.0, 0.0, 0.0, 0.0, 0.0, 0.9707041586370758, 0.9703970263762234, 0.0, 0.0, 0.0, 0.0, 0.0, 0.0, 0.0, 0.0, 0.0, 0.0], [0.0, 0.0, 0.0, 0.0, 0.0, 0.0, 1.0165096695576576, 0.0, 0.0, 0.0, 0.0, 0.0, 0.0, 0.0, 0.0, 0.0, 0.0, 0.0, 0.0, 0.0, 0.0, 0.0, 0.0, 0.0, 0.0, 0.9841493117933526, 0.9849722435915904, 0.9818629412109056, 0.0, 0.0, 0.0, 0.0, 0.0, 0.0, 0.0], [0.0, 0.0, 0.0, 1.1665890839797732, 0.0, 0.0, 0.0, 0.0, 0.0, 0.9813612092979185, 0.0, 0.0, 0.0, 0.0, 0.0, 0.0, 0.0, 0.0, 0.0, 0.0, 0.0, 0.0, 0.0, 0.0, 0.0, 0.0, 0.0, 0.0, 0.0, 0.0, 0.0, 0.0, 0.0, 0.0, 0.0], [0.0, 0.0, 0.0, 0.0, 0.0, 0.0, 0.0, 0.0, 0.9813612092979185, 0.0, 1.3844020009795956, 0.0, 0.0, 0.0, 1.3740822587616734, 0.0, 0.0, 0.0, 0.0, 0.0, 0.0, 0.0, 0.0, 0.0, 0.0, 0.0, 0.0, 0.0, 0.0, 0.0, 0.0, 0.0, 0.0, 0.0, 0.0], [0.0, 0.0, 0.0, 0.0, 0.0, 0.0, 0.0, 0.0, 0.0, 1.3844020009795956, 0.0, 1.441102447347641, 0.0, 0.1062701419033928, 0.0, 0.0, 0.0, 0.0, 0.0, 0.0, 0.0, 0.0, 0.0, 0.0, 0.0, 0.0, 0.0, 0.0, 0.9544145409540191, 0.0, 0.0, 0.0, 0.0, 0.0, 0.0], [0.0, 0.0, 0.0, 0.0, 0.0, 0.0, 0.0, 0.0, 0.0, 0.0, 1.441102447347641, 0.0, 1.412874590509358, 0.0, 0.11031278474927021, 0.0, 0.0, 0.0, 0.0, 0.0, 0.0, 0.0, 0.0, 0.0, 0.0, 0.0, 0.0, 0.0, 0.0, 0.968006845182505, 0.0, 0.0, 0.0, 0.0, 0.0], [0.0, 0.0, 0.0, 0.0, 0.0, 0.0, 0.0, 0.0, 0.0, 0.0, 0.0, 1.412874590509358, 0.0, 1.4099652002895695, 0.0, 0.9309387250054207, 0.0, 0.0, 0.0, 0.0, 0.0, 0.0, 0.0, 0.0, 0.0, 0.0, 0.0, 0.0, 0.0, 0.0, 0.0, 0.0, 0.0, 0.0, 0.0], [0.0, 0.0, 0.0, 0.0, 0.0, 0.0, 0.0, 0.0, 0.0, 0.0, 0.1062701419033928, 0.0, 1.4099652002895695, 0.0, 1.4455073097541413, 0.0, 0.0, 0.0, 0.0, 0.0, 0.0, 0.0, 0.0, 0.0, 0.0, 0.0, 0.0, 0.0, 0.0, 0.0, 0.9618411944614587, 0.0, 0.0, 0.0, 0.0], [0.0, 0.0, 0.0, 0.0, 0.0, 0.0, 0.0, 0.0, 0.0, 1.3740822587616734, 0.0, 0.11031278474927021, 0.0, 1.4455073097541413, 0.0, 0.0, 0.0, 0.0, 0.0, 0.0, 0.0, 0.0, 0.0, 0.0, 0.0, 0.0, 0.0, 0.0, 0.0, 0.0, 0.0, 0.9657642751087578, 0.0, 0.0, 0.0], [0.0, 0.0, 0.0, 0.0, 0.0, 0.0, 0.0, 0.0, 0.0, 0.0, 0.0, 0.0, 0.9309387250054207, 0.0, 0.0, 0.0, 0.9458622665593103, 1.7889183540766533, 0.0, 0.0, 0.0, 0.0, 0.0, 0.0, 0.0, 0.0, 0.0, 0.0, 0.0, 0.0, 0.0, 0.0, 0.0, 0.0, 0.0], [0.0, 0.0, 0.0, 0.0, 0.0, 0.0, 0.0, 0.0, 0.0, 0.0, 0.0, 0.0, 0.0, 0.0, 0.0, 0.9458622665593103, 0.0, 0.0, 0.0, 0.0, 0.0, 0.0, 0.0, 0.0, 0.0, 0.0, 0.0, 0.0, 0.0, 0.0, 0.0, 0.0, 0.9790796763971013, 0.9750978960774083, 0.9809770718723246], [0.0, 0.0, 0.0, 0.0, 0.0, 0.0, 0.0, 0.0, 0.0, 0.0, 0.0, 0.0, 0.0, 0.0, 0.0, 1.7889183540766533, 0.0, 0.0, 0.0, 0.0, 0.0, 0.0, 0.0, 0.0, 0.0, 0.0, 0.0, 0.0, 0.0, 0.0, 0.0, 0.0, 0.0, 0.0, 0.0], [0.9844179214003546, 0.0, 0.0, 0.0, 0.0, 0.0, 0.0, 0.0, 0.0, 0.0, 0.0, 0.0, 0.0, 0.0, 0.0, 0.0, 0.0, 0.0, 0.0, 0.0, 0.0, 0.0, 0.0, 0.0, 0.0, 0.0, 0.0, 0.0, 0.0, 0.0, 0.0, 0.0, 0.0, 0.0, 0.0], [0.9833752708656496, 0.0, 0.0, 0.0, 0.0, 0.0, 0.0, 0.0, 0.0, 0.0, 0.0, 0.0, 0.0, 0.0, 0.0, 0.0, 0.0, 0.0, 0.0, 0.0, 0.0, 0.0, 0.0, 0.0, 0.0, 0.0, 0.0, 0.0, 0.0, 0.0, 0.0, 0.0, 0.0, 0.0, 0.0], [0.9822926708281043, 0.0, 0.0, 0.0, 0.0, 0.0, 0.0, 0.0, 0.0, 0.0, 0.0, 0.0, 0.0, 0.0, 0.0, 0.0, 0.0, 0.0, 0.0, 0.0, 0.0, 0.0, 0.0, 0.0, 0.0, 0.0, 0.0, 0.0, 0.0, 0.0, 0.0, 0.0, 0.0, 0.0, 0.0], [0.0, 0.9702700122199787, 0.0, 0.0, 0.0, 0.0, 0.0, 0.0, 0.0, 0.0, 0.0, 0.0, 0.0, 0.0, 0.0, 0.0, 0.0, 0.0, 0.0, 0.0, 0.0, 0.0, 0.0, 0.0, 0.0, 0.0, 0.0, 0.0, 0.0, 0.0, 0.0, 0.0, 0.0, 0.0, 0.0], [0.0, 0.9659915116815306, 0.0, 0.0, 0.0, 0.0, 0.0, 0.0, 0.0, 0.0, 0.0, 0.0, 0.0, 0.0, 0.0, 0.0, 0.0, 0.0, 0.0, 0.0, 0.0, 0.0, 0.0, 0.0, 0.0, 0.0, 0.0, 0.0, 0.0, 0.0, 0.0, 0.0, 0.0, 0.0, 0.0], [0.0, 0.0, 0.0, 0.0, 0.0, 0.0, 0.9707041586370758, 0.0, 0.0, 0.0, 0.0, 0.0, 0.0, 0.0, 0.0, 0.0, 0.0, 0.0, 0.0, 0.0, 0.0, 0.0, 0.0, 0.0, 0.0, 0.0, 0.0, 0.0, 0.0, 0.0, 0.0, 0.0, 0.0, 0.0, 0.0], [0.0, 0.0, 0.0, 0.0, 0.0, 0.0, 0.9703970263762234, 0.0, 0.0, 0.0, 0.0, 0.0, 0.0, 0.0, 0.0, 0.0, 0.0, 0.0, 0.0, 0.0, 0.0, 0.0, 0.0, 0.0, 0.0, 0.0, 0.0, 0.0, 0.0, 0.0, 0.0, 0.0, 0.0, 0.0, 0.0], [0.0, 0.0, 0.0, 0.0, 0.0, 0.0, 0.0, 0.9841493117933526, 0.0, 0.0, 0.0, 0.0, 0.0, 0.0, 0.0, 0.0, 0.0, 0.0, 0.0, 0.0, 0.0, 0.0, 0.0, 0.0, 0.0, 0.0, 0.0, 0.0, 0.0, 0.0, 0.0, 0.0, 0.0, 0.0, 0.0], [0.0, 0.0, 0.0, 0.0, 0.0, 0.0, 0.0, 0.9849722435915904, 0.0, 0.0, 0.0, 0.0, 0.0, 0.0, 0.0, 0.0, 0.0, 0.0, 0.0, 0.0, 0.0, 0.0, 0.0, 0.0, 0.0, 0.0, 0.0, 0.0, 0.0, 0.0, 0.0, 0.0, 0.0, 0.0, 0.0], [0.0, 0.0, 0.0, 0.0, 0.0, 0.0, 0.0, 0.9818629412109056, 0.0, 0.0, 0.0, 0.0, 0.0, 0.0, 0.0, 0.0, 0.0, 0.0, 0.0, 0.0, 0.0, 0.0, 0.0, 0.0, 0.0, 0.0, 0.0, 0.0, 0.0, 0.0, 0.0, 0.0, 0.0, 0.0, 0.0], [0.0, 0.0, 0.0, 0.0, 0.0, 0.0, 0.0, 0.0, 0.0, 0.0, 0.9544145409540191, 0.0, 0.0, 0.0, 0.0, 0.0, 0.0, 0.0, 0.0, 0.0, 0.0, 0.0, 0.0, 0.0, 0.0, 0.0, 0.0, 0.0, 0.0, 0.0, 0.0, 0.0, 0.0, 0.0, 0.0], [0.0, 0.0, 0.0, 0.0, 0.0, 0.0, 0.0, 0.0, 0.0, 0.0, 0.0, 0.968006845182505, 0.0, 0.0, 0.0, 0.0, 0.0, 0.0, 0.0, 0.0, 0.0, 0.0, 0.0, 0.0, 0.0, 0.0, 0.0, 0.0, 0.0, 0.0, 0.0, 0.0, 0.0, 0.0, 0.0], [0.0, 0.0, 0.0, 0.0, 0.0, 0.0, 0.0, 0.0, 0.0, 0.0, 0.0, 0.0, 0.0, 0.9618411944614587, 0.0, 0.0, 0.0, 0.0, 0.0, 0.0, 0.0, 0.0, 0.0, 0.0, 0.0, 0.0, 0.0, 0.0, 0.0, 0.0, 0.0, 0.0, 0.0, 0.0, 0.0], [0.0, 0.0, 0.0, 0.0, 0.0, 0.0, 0.0, 0.0, 0.0, 0.0, 0.0, 0.0, 0.0, 0.0, 0.9657642751087578, 0.0, 0.0, 0.0, 0.0, 0.0, 0.0, 0.0, 0.0, 0.0, 0.0, 0.0, 0.0, 0.0, 0.0, 0.0, 0.0, 0.0, 0.0, 0.0, 0.0], [0.0, 0.0, 0.0, 0.0, 0.0, 0.0, 0.0, 0.0, 0.0, 0.0, 0.0, 0.0, 0.0, 0.0, 0.0, 0.0, 0.9790796763971013, 0.0, 0.0, 0.0, 0.0, 0.0, 0.0, 0.0, 0.0, 0.0, 0.0, 0.0, 0.0, 0.0, 0.0, 0.0, 0.0, 0.0, 0.0], [0.0, 0.0, 0.0, 0.0, 0.0, 0.0, 0.0, 0.0, 0.0, 0.0, 0.0, 0.0, 0.0, 0.0, 0.0, 0.0, 0.9750978960774083, 0.0, 0.0, 0.0, 0.0, 0.0, 0.0, 0.0, 0.0, 0.0, 0.0, 0.0, 0.0, 0.0, 0.0, 0.0, 0.0, 0.0, 0.0], [0.0, 0.0, 0.0, 0.0, 0.0, 0.0, 0.0, 0.0, 0.0, 0.0, 0.0, 0.0, 0.0, 0.0, 0.0, 0.0, 0.9809770718723246, 0.0, 0.0, 0.0, 0.0, 0.0, 0.0, 0.0, 0.0, 0.0, 0.0, 0.0, 0.0, 0.0, 0.0, 0.0, 0.0, 0.0, 0.0]], "Born radii": [], "Atomic SASAs": [], "Solvent H bonds": [], "Total SASA": NaN, "Total FOD": 0.0, "FOD": [0.0, 0.0, 0.0, 0.0, 0.0, 0.0, 0.0, 0.0, 0.0, 0.0, 0.0, 0.0, 0.0, 0.0, 0.0, 0.0, 0.0, 0.0, 0.0, 0.0, 0.0, 0.0, 0.0, 0.0, 0.0, 0.0, 0.0, 0.0, 0.0, 0.0, 0.0, 0.0, 0.0, 0.0, 0.0], "FOD s proportion": [0.0, 0.0, 0.0, 0.0, 0.0, 0.0, 0.0, 0.0, 0.0, 0.0, 0.0, 0.0, 0.0, 0.0, 0.0, 0.0, 0.0, 0.0, 0.0, 0.0, 0.0, 0.0, 0.0, 0.0, 0.0, 0.0, 0.0, 0.0, 0.0, 0.0, 0.0, 0.0, 0.0, 0.0, 0.0], "FOD p proportion": [0.0, 0.0, 0.0, 0.0, 0.0, 0.0, 0.0, 0.0, 0.0, 0.0, 0.0, 0.0, 0.0, 0.0, 0.0, 0.0, 0.0, 0.0, 0.0, 0.0, 0.0, 0.0, 0.0, 0.0, 0.0, 0.0, 0.0, 0.0, 0.0, 0.0, 0.0, 0.0, 0.0, 0.0, 0.0], "FOD d proportion": [0.0, 0.0, 0.0, 0.0, 0.0, 0.0, 0.0, 0.0, 0.0, 0.0, 0.0, 0.0, 0.0, 0.0, 0.0, 0.0, 0.0, 0.0, 0.0, 0.0, 0.0, 0.0, 0.0, 0.0, 0.0, 0.0, 0.0, 0.0, 0.0, 0.0, 0.0, 0.0, 0.0, 0.0, 0.0], "coordinates": [["-2.60840", "1.53170", "3.00600"], ["-1.46570", "1.01970", "2.15350"], ["-1.56370", "1.59130", "0.85970"], ["-1.83390", "0.63730", "-0.42110"], ["-2.08630", "1.56880", "-2.10300"], ["-3.10620", "-0.22550", "0.09500"], ["-3.56970", "-1.29290", "-0.71510"], ["-4.48430", "-2.16640", "0.11880"], ["-0.64250", "-0.45060", "-0.33290"], ["0.69360", "-0.20110", "-0.46690"], ["1.25840", "1.06960", "-0.54240"], ["2.64430", "1.21140", "-0.67420"], ["3.47050", "0.08420", "-0.73080"], ["2.89950", "-1.18740", "-0.63810"], ["1.51610", "-1.32770", "-0.50820"], ["5.25760", "0.29190", "-0.90090"], ["5.27150", "0.64520", "-2.67780"], ["5.85050", "-1.07440", "-0.71430"], ["-2.59260", "2.62550", "3.05590"], ["-3.57240", "1.24690", "2.57220"], ["-2.54700", "1.13120", "4.02170"], ["-0.50820", "1.32650", "2.58520"], ["-1.48010", "-0.07410", "2.11450"], ["-2.72480", "-1.88250", "-1.08410"], ["-4.11920", "-0.88570", "-1.56900"], ["-5.32850", "-1.58460", "0.50340"], ["-3.94960", "-2.56410", "0.98780"], ["-4.87080", "-3.00220", "-0.47110"], ["0.65630", "1.97230", "-0.49690"], ["3.06850", "2.21160", "-0.72800"], ["3.52750", "-2.07590", "-0.66670"], ["1.08440", "-2.32340", "-0.43970"], ["4.77970", "-0.16280", "-3.22520"], ["6.31100", "0.72220", "-3.00590"], ["4.76440", "1.59370", "-2.86950"]], "bond_dist": [[0.0, 1.5148146883364972, 2.3877926920065735, 3.625578025639498, 5.1357419931301065, 3.4364920602265325, 4.769596215614064, 5.052807957957635, 4.352301610642351, 5.0957663064548, 5.268474277245738, 6.421629187363593, 7.280930963825986, 7.142123775880673, 6.126766704388213, 8.86988881835618, 9.756243575270146, 9.60132170641105, 1.095051638051832, 1.0948011143582197, 1.0935340415368882, 2.1517480614607276, 2.15555718550912, 5.329092662921147, 5.390451224155543, 4.834591653904185, 4.758941722694238, 6.145317516613767, 4.808607164242053, 6.828778340230411, 8.009542549983738, 6.353850512877997, 9.812400588031453, 10.786747805525073, 9.4278059001021], [1.5148146883364972, 0.0, 1.4178325006854653, 2.6287575316107037, 4.336409507876304, 2.9119041089980966, 4.24308858262469, 4.837683666797572, 3.0036020525362543, 3.608244072952937, 3.8328954629626932, 4.992467944814468, 5.793135349704855, 5.631988282125594, 4.635306342627206, 7.420364889275999, 8.298889912512395, 8.132423629521522, 2.159357082559529, 2.159887594297444, 2.1614377576048773, 1.0942108480544321, 1.094589786175625, 4.5266048435886255, 4.952637444836842, 4.94231042529706, 4.513561580393027, 5.887181904782627, 3.5263225774168765, 5.502966245580651, 6.516771719187346, 4.9400418884863715, 8.326688483424848, 9.3372896227974, 8.023350360666047], [2.3877926920065735, 1.4178325006854653, 0.0, 1.6197446341939212, 3.008522610850715, 2.502965157568119, 3.85001827008652, 4.81654922740337, 2.5377666973147868, 3.173006241720933, 3.1941045239628583, 4.494934617989454, 5.49037433150054, 5.466693037842897, 4.458349408693761, 7.1636782737641145, 7.7542872335244315, 8.034537580346488, 2.6365696065152537, 2.6619810855826906, 3.3431743747522353, 2.039987632315451, 2.0868802457256623, 4.14654049660678, 4.308676471957485, 4.938320518151895, 4.793357652001362, 5.814480312117326, 2.6294342661492798, 4.935872792120964, 6.457443010975783, 4.901606885501937, 7.746095686215088, 8.815276414270855, 7.345188085406663], [3.625578025639498, 2.6287575316107037, 1.6197446341939212, 0.0, 1.9391198054787642, 1.621582665176216, 2.612491087066136, 3.8957471504192878, 1.615778329474684, 2.663319066503298, 3.1247265912396243, 4.521938263621033, 5.3421431148931235, 5.0775677888138535, 3.8847537129141148, 7.11610015738958, 7.455163744680594, 7.878190559386083, 4.076529642968391, 3.5148028820973733, 4.526689812655601, 3.357129252799183, 2.657166114491151, 2.7536637140362656, 2.976541533390724, 4.243084847136574, 4.087804748272598, 4.740382037346779, 2.8264937077587846, 5.15811340123499, 6.013849313044018, 4.15723048915982, 7.227920986009739, 8.545630173369311, 7.1025999753611355], [5.1357419931301065, 4.336409507876304, 3.008522610850715, 1.9391198054787642, 0.0, 3.0151140111113546, 3.5094257165524962, 4.9637202056522085, 3.0488996064154033, 3.679295208324551, 3.7244719209573858, 4.954571682799634, 5.913120685391091, 5.882242097193892, 4.889824644095124, 7.55038974027169, 7.43778547956312, 8.479845999191259, 5.290293355760151, 4.916259539527994, 6.1575716268672025, 4.952608215879791, 4.566607613973419, 3.654765539675562, 3.2314715935622895, 5.220068329054707, 5.486874696947252, 5.595585658356058, 3.2037827985055416, 5.373618881163791, 6.845549373132881, 5.288584519509922, 7.169360320140144, 8.488027289070176, 6.893492057730972], [3.4364920602265325, 2.9119041089980966, 2.502965157568119, 1.621582665176216, 3.0151140111113546, 0.0, 1.417898804569635, 2.3805081096270184, 2.5106943481833865, 3.8411986423511086, 4.597096467336747, 5.97700598125851, 6.635574023398428, 6.126264743708028, 4.79002634335136, 8.438759980589564, 8.86749094276391, 9.03316514794233, 4.1423320448752055, 2.919216340047445, 4.191934209884502, 3.9191075565745828, 2.5972106999625577, 2.0691524279279183, 2.05692222507318, 2.636770877418059, 2.6414892314753056, 3.3383147335145025, 4.397394307996498, 6.689073590565438, 6.928935180819632, 4.716801549779256, 8.556580984248322, 9.959787745730326, 8.604887753480577], [4.769596215614064, 4.24308858262469, 3.85001827008652, 2.612491087066136, 3.5094257165524962, 1.417898804569635, 0.0, 1.51488765920117, 3.0698609040150333, 4.407874473031192, 5.377897465552872, 6.699775167869442, 7.173636939516803, 6.470518363315262, 5.0901257636722494, 8.970358854025854, 9.261492338710863, 9.422733729125536, 5.525307590532856, 4.154146436995211, 5.418436152618207, 5.208264461411305, 3.722705704188823, 1.094369759267863, 1.0940325863519789, 2.1594463596023865, 2.158736171930234, 2.1619675529480085, 5.344924534546769, 7.506489585685175, 7.140425715599876, 4.774769336837121, 8.791484992878052, 10.341016639576596, 9.079158646592756], [5.052807957957635, 4.837683666797572, 4.81654922740337, 3.8957471504192878, 4.9637202056522085, 2.3805081096270184, 1.51488765920117, 0.0, 4.231717118381143, 5.569209727600497, 6.624762994251191, 7.928134698653903, 8.310587437720633, 7.486777748137046, 6.091087493214984, 10.098893136873963, 10.530987596612201, 10.42567075300194, 5.9302100224191046, 4.301319571945335, 5.4644236164484905, 5.838908338037172, 4.169622934990644, 2.1502111221924234, 2.1499207752845217, 1.0950260453523466, 1.0950937768063518, 1.0935839702555998, 6.628249583411899, 8.770903150759333, 8.050722932755791, 5.598838356302135, 10.050793250286267, 11.603717599976312, 10.421455780743877], [4.352301610642351, 3.0036020525362543, 2.5377666973147868, 1.615778329474684, 3.0488996064154033, 2.5106943481833865, 3.0698609040150333, 4.231717118381143, 0.0, 1.3657852905929249, 2.4430143470720753, 3.6988895536363344, 4.166665867333256, 3.6306728412237863, 2.3365762260196004, 5.97370155431287, 6.455596769470658, 6.534037144063386, 4.9748614714381745, 4.461549761013543, 5.0091668618643554, 3.4192730967268465, 2.6140185098809074, 2.6364013996354956, 3.715467414740708, 4.893255530830165, 4.14101933707149, 4.940473933743604, 2.7539465953427635, 4.584204821994759, 4.4879753263582005, 2.549699921559398, 6.152111911368324, 7.54132290052614, 6.312532745261604], [5.0957663064548, 3.608244072952937, 3.173006241720933, 2.663319066503298, 3.679295208324551, 3.8411986423511086, 4.407874473031192, 5.569209727600497, 1.3657852905929249, 0.0, 1.3926154458428215, 2.417304289906424, 2.8039637854294766, 2.422414485590771, 1.3955068971524291, 4.611019518501304, 5.153782194660539, 5.236170094639784, 5.585597357490065, 5.434297453213248, 5.69421123686152, 3.6184526264689443, 3.3770884871439186, 3.859209810310914, 4.98461085843218, 6.254697654563328, 5.409179912888829, 6.229665015873647, 2.173927057193962, 3.3955035723733227, 3.4037896953249036, 2.158152397306548, 4.930101316403142, 6.233312654600281, 5.056204746645452], [5.268474277245738, 3.8328954629626932, 3.1941045239628583, 3.1247265912396243, 3.7244719209573858, 4.597096467336747, 5.377897465552872, 6.624762994251191, 2.4430143470720753, 1.3926154458428215, 0.0, 1.3993560268923702, 2.4289697672058415, 2.792206421452397, 2.4113536074163826, 4.089858210256194, 4.565634690817914, 5.070864622527405, 5.495342455206955, 5.7505475469732446, 5.942715922034302, 3.601215757213111, 3.9832837646846104, 4.9874056923414605, 5.813405835652626, 7.178142300762782, 6.5321169409311715, 7.358786011972356, 1.0860303632956123, 2.148272182475954, 3.8805200102563573, 3.3990104868917363, 4.595190887221118, 5.631898948844874, 4.240531950121352], [6.421629187363593, 4.992467944814468, 4.494934617989454, 4.521938263621033, 4.954571682799634, 5.97700598125851, 6.699775167869442, 7.928134698653903, 3.6988895536363344, 2.417304289906424, 1.3993560268923702, 0.0, 1.398710062879366, 2.4126068245779293, 2.7834187701458077, 2.779606092596575, 3.352189618741756, 3.9377922862944414, 6.583194242159349, 7.0133966164762125, 7.000536018048904, 4.53598860448304, 5.141987290921672, 6.210271333041737, 7.137466476278541, 8.530527392840375, 7.777927838441291, 8.618143801306637, 2.136012195658068, 1.087768412852662, 3.4038859822267846, 3.8707995685646135, 3.5994388173713974, 4.37273717710086, 3.075763220730751], [7.280930963825986, 5.793135349704855, 5.49037433150054, 5.3421431148931235, 5.913120685391091, 6.635574023398428, 7.173636939516803, 8.310587437720633, 4.166665867333256, 2.8039637854294766, 2.4289697672058415, 1.398710062879366, 0.0, 1.3969970830320297, 2.4212995952587115, 1.8071523759771893, 2.7109280698683245, 2.647078806911498, 7.586730797253847, 7.8653747971727315, 7.739042027279605, 5.326276277100166, 5.712200218829868, 6.5095677175984585, 7.697196329833351, 9.040494681155451, 8.063805730546836, 8.897785945953073, 3.3969622400020874, 2.1650502534583347, 2.161802447033493, 3.402168452619594, 2.827904701364599, 3.6948023303013113, 2.9200693741758945], [7.142123775880673, 5.631988282125594, 5.466693037842897, 5.0775677888138535, 5.882242097193892, 6.126264743708028, 6.470518363315262, 7.486777748137046, 3.6306728412237863, 2.422414485590771, 2.792206421452397, 2.4126068245779293, 1.3969970830320297, 0.0, 1.3965506292290304, 2.7960736649809497, 3.6256286144612218, 2.954145636220395, 7.638521114718477, 7.623472449612447, 7.533525353378722, 5.321820683751004, 5.291232352675509, 5.684613487300609, 7.086589263531506, 8.316295695199877, 7.172797537223534, 7.981162204215625, 3.877574985735286, 3.404385996035115, 1.0884090269746935, 2.1504526430498303, 3.3582798587967617, 4.570709053308906, 4.023868186210875], [6.126766704388213, 4.635306342627206, 4.458349408693761, 3.8847537129141148, 4.889824644095124, 4.79002634335136, 5.0901257636722494, 6.091087493214984, 2.3365762260196004, 1.3955068971524291, 2.4113536074163826, 2.7834187701458077, 2.4212995952587115, 1.3965506292290304, 0.0, 4.095868613615432, 4.764716962212971, 4.346683961366412, 6.723988008615126, 6.4815323473697175, 6.563152049891881, 4.551009963733325, 4.1745997041632625, 4.315633981236129, 5.7512839201347035, 6.9237187500648805, 5.80004977995879, 6.602864398880231, 3.410188225010461, 3.8710337495299623, 2.1518957804689336, 1.087416953150906, 4.4034266168519265, 5.7820118739068675, 4.966061672996018], [8.86988881835618, 7.420364889275999, 7.1636782737641145, 7.11610015738958, 7.55038974027169, 8.438759980589564, 8.970358854025854, 10.098893136873963, 5.97370155431287, 4.611019518501304, 4.089858210256194, 2.779606092596575, 1.8071523759771893, 2.7960736649809497, 4.095868613615432, 0.0, 1.8117361038517723, 1.5010415250751727, 9.095471138979002, 9.536422212234523, 9.265430179435816, 6.816725020858624, 7.390750601258306, 8.275281708800009, 9.474042305689794, 10.842454701311876, 9.823260941764705, 10.659282781219382, 4.915172616500869, 2.9167278429774695, 2.941865477889837, 4.946523806674744, 2.4160941600028756, 2.3928716325787307, 2.4110817986953488], [9.756243575270146, 8.298889912512395, 7.7542872335244315, 7.455163744680594, 7.43778547956312, 8.86749094276391, 9.261492338710863, 10.530987596612201, 6.455596769470658, 5.153782194660539, 4.565634690817914, 3.352189618741756, 2.7109280698683245, 3.6256286144612218, 4.764716962212971, 1.8117361038517723, 0.0, 2.6734990948193715, 9.931816177819643, 10.30238370960818, 10.30768831989016, 7.846545149299786, 8.310693974632924, 8.536390377085622, 9.579057299129179, 11.289465951939444, 10.429041905179977, 11.001786261330473, 5.27423835828454, 3.3329473443185385, 3.806631637025048, 5.599418182275726, 1.0928760222458904, 1.092766608201404, 1.0924978489681336], [9.60132170641105, 8.132423629521522, 8.034537580346488, 7.878190559386083, 8.479845999191259, 9.03316514794233, 9.422733729125536, 10.42567075300194, 6.534037144063386, 5.236170094639784, 5.070864622527405, 3.9377922862944414, 2.647078806911498, 2.954145636220395, 4.346683961366412, 1.5010415250751727, 2.6734990948193715, 0.0, 9.959397856296334, 10.246002164258995, 9.89001383264958, 7.555401164067995, 7.920884160874972, 8.621226579785501, 10.00804865445807, 11.25669304591717, 10.057748779423754, 10.89595488105563, 6.02572462779374, 4.30552060615206, 2.5301377452621034, 4.9346849311784835, 2.8778891587411772, 2.948094701667502, 3.5976739513191016], [1.095051638051832, 2.159357082559529, 2.6365696065152537, 4.076529642968391, 5.290293355760151, 4.1423320448752055, 5.525307590532856, 5.9302100224191046, 4.9748614714381745, 5.585597357490065, 5.495342455206955, 6.583194242159349, 7.586730797253847, 7.638521114718477, 6.723988008615126, 9.095471138979002, 9.931816177819643, 9.959397856296334, 0.0, 1.7591224204130878, 1.7798262527561506, 2.5007364615248844, 3.0678543593202074, 6.1220209767690275, 6.0040597107290665, 5.632525816185844, 5.74895075383326, 7.021462207403812, 4.858436918392581, 6.821822749822807, 8.56834504032138, 7.087394413322854, 10.078573380692328, 10.938101439006681, 9.502653597811507], [1.0948011143582197, 2.159887594297444, 2.6619810855826906, 3.5148028820973733, 4.916259539527994, 2.919216340047445, 4.154146436995211, 4.301319571945335, 4.461549761013543, 5.434297453213248, 5.7505475469732446, 7.0133966164762125, 7.8653747971727315, 7.623472449612447, 6.4815323473697175, 9.536422212234523, 10.30238370960818, 10.246002164258995, 1.7591224204130878, 0.0, 1.7792925279447445, 3.0652612939193293, 2.5163961492579023, 4.886726901515983, 4.690043756725516, 3.9218889453935333, 4.144432916576163, 5.385384690066254, 5.275176173361417, 7.478202921825537, 8.481748231349478, 6.595784255113261, 10.264242556565, 11.360990505233248, 9.961656657905852], [1.0935340415368882, 2.1614377576048773, 3.3431743747522353, 4.526689812655601, 6.1575716268672025, 4.191934209884502, 5.418436152618207, 5.4644236164484905, 5.0091668618643554, 5.69421123686152, 5.942715922034302, 7.000536018048904, 7.739042027279605, 7.533525353378722, 6.563152049891881, 9.265430179435816, 10.30768831989016, 9.89001383264958, 1.7798262527561506, 1.7792925279447445, 0.0, 2.50167539461058, 2.4956833813607044, 5.9315423095515385, 6.147814647498736, 5.243161906712398, 4.982677800139198, 6.5322502891423255, 5.6023500479709405, 7.43375776441498, 8.316618015756164, 6.710098142352317, 10.386170059266313, 11.314530779488825, 10.057788705774247], [2.1517480614607276, 1.0942108480544321, 2.039987632315451, 3.357129252799183, 4.952608215879791, 3.9191075565745828, 5.208264461411305, 5.838908338037172, 3.4192730967268465, 3.6184526264689443, 3.601215757213111, 4.53598860448304, 5.326276277100166, 5.321820683751004, 4.551009963733325, 6.816725020858624, 7.846545149299786, 7.555401164067995, 2.5007364615248844, 3.0652612939193293, 2.50167539461058, 0.0, 1.7685667813232273, 5.35488179608103, 5.932160439502627, 6.003639441205642, 5.43430667886898, 6.863737476040296, 3.3574481827721483, 4.95514673243891, 6.199843051239282, 5.000816411347251, 7.996289705857336, 8.838951653901043, 7.5911434375856714], [2.15555718550912, 1.094589786175625, 2.0868802457256623, 2.657166114491151, 4.566607613973419, 2.5972106999625577, 3.722705704188823, 4.169622934990644, 2.6140185098809074, 3.3770884871439186, 3.9832837646846104, 5.141987290921672, 5.712200218829868, 5.291232352675509, 4.1745997041632625, 7.390750601258306, 8.310693974632924, 7.920884160874972, 3.0678543593202074, 2.5163961492579023, 2.4956833813607044, 1.7685667813232273, 0.0, 3.879514223456334, 4.603446059203909, 4.437052627589625, 3.683474330031363, 5.172614760447563, 3.9460572575673556, 5.830436750364417, 6.067811338530558, 4.2614490939116, 8.228326671930327, 9.357020308837637, 8.161837604975977], [5.329092662921147, 4.5266048435886255, 4.14654049660678, 2.7536637140362656, 3.654765539675562, 2.0691524279279183, 1.094369759267863, 2.1502111221924234, 2.6364013996354956, 3.859209810310914, 4.9874056923414605, 6.210271333041737, 6.5095677175984585, 5.684613487300609, 4.315633981236129, 8.275281708800009, 8.536390377085622, 8.621226579785501, 6.1220209767690275, 4.886726901515983, 5.9315423095515385, 5.35488179608103, 3.879514223456334, 0.0, 1.7813168190976023, 3.064009521852045, 2.501496194280535, 2.496960770616951, 5.161019675412989, 7.102871736839967, 6.26920103442217, 3.888399260621265, 7.991195001374951, 9.598096632666293, 8.44746922101525], [5.390451224155543, 4.952637444836842, 4.308676471957485, 2.976541533390724, 3.2314715935622895, 2.05692222507318, 1.0940325863519789, 2.1499207752845217, 3.715467414740708, 4.98461085843218, 5.813405835652626, 7.137466476278541, 7.697196329833351, 7.086589263531506, 5.7512839201347035, 9.474042305689794, 9.579057299129179, 10.00804865445807, 6.0040597107290665, 4.690043756725516, 6.147814647498736, 5.932160439502627, 4.603446059203909, 1.7813168190976023, 0.0, 2.4991417446795605, 3.0631710628040345, 2.499971843841446, 5.667712295097555, 7.871694835294366, 7.791196456257537, 5.515410477924558, 9.080528842528942, 10.650779129246835, 9.314347726491642], [4.834591653904185, 4.94231042529706, 4.938320518151895, 4.243084847136574, 5.220068329054707, 2.636770877418059, 2.1594463596023865, 1.0950260453523466, 4.893255530830165, 6.254697654563328, 7.178142300762782, 8.530527392840375, 9.040494681155451, 8.316295695199877, 6.9237187500648805, 10.842454701311876, 11.289465951939444, 11.25669304591717, 5.632525816185844, 3.9218889453935333, 5.243161906712398, 6.003639441205642, 4.437052627589625, 3.064009521852045, 2.4991417446795605, 0.0, 1.7593830793775411, 1.7800924975966839, 7.033489087216955, 9.297154908895516, 8.946465542324521, 6.523844683926804, 10.86736768679518, 12.37394330761217, 11.106064816576572], [4.758941722694238, 4.513561580393027, 4.793357652001362, 4.087804748272598, 5.486874696947252, 2.6414892314753056, 2.158736171930234, 1.0950937768063518, 4.14101933707149, 5.409179912888829, 6.5321169409311715, 7.777927838441291, 8.063805730546836, 7.172797537223534, 5.80004977995879, 9.823260941764705, 10.429041905179977, 10.057748779423754, 5.74895075383326, 4.144432916576163, 4.982677800139198, 5.43430667886898, 3.683474330031363, 2.501496194280535, 3.0631710628040345, 1.7593830793775411, 0.0, 1.7801489432067195, 6.633066701006406, 8.660543155022092, 7.6735085782189625, 5.238019543682517, 9.985804383223217, 11.490401200132222, 10.397108258068682], [6.145317516613767, 5.887181904782627, 5.814480312117326, 4.740382037346779, 5.595585658356058, 3.3383147335145025, 2.1619675529480085, 1.0935839702555998, 4.940473933743604, 6.229665015873647, 7.358786011972356, 8.618143801306637, 8.897785945953073, 7.981162204215625, 6.602864398880231, 10.659282781219382, 11.001786261330473, 10.89595488105563, 7.021462207403812, 5.385384690066254, 6.5322502891423255, 6.863737476040296, 5.172614760447563, 2.496960770616951, 2.499971843841446, 1.7800924975966839, 1.7801489432067195, 0.0, 7.43607089127047, 9.50169419314261, 8.451493000647872, 5.993843711676173, 10.42973678574872, 12.055248551564583, 10.941284129845089], [4.808607164242053, 3.5263225774168765, 2.6294342661492798, 2.8264937077587846, 3.2037827985055416, 4.397394307996498, 5.344924534546769, 6.628249583411899, 2.7539465953427635, 2.173927057193962, 1.0860303632956123, 2.136012195658068, 3.3969622400020874, 3.877574985735286, 3.410188225010461, 4.915172616500869, 5.27423835828454, 6.02572462779374, 4.858436918392581, 5.275176173361417, 5.6023500479709405, 3.3574481827721483, 3.9460572575673556, 5.161019675412989, 5.667712295097555, 7.033489087216955, 6.633066701006406, 7.43607089127047, 0.0, 2.4350319381889016, 4.965938453102293, 4.317357981451156, 5.385601216206043, 6.311375689974414, 4.759102260931152], [6.828778340230411, 5.502966245580651, 4.935872792120964, 5.15811340123499, 5.373618881163791, 6.689073590565438, 7.506489585685175, 8.770903150759333, 4.584204821994759, 3.3955035723733227, 2.148272182475954, 1.087768412852662, 2.1650502534583347, 3.404385996035115, 3.8710337495299623, 2.9167278429774695, 3.3329473443185385, 4.30552060615206, 6.821822749822807, 7.478202921825537, 7.43375776441498, 4.95514673243891, 5.830436750364417, 7.102871736839967, 7.871694835294366, 9.297154908895516, 8.660543155022092, 9.50169419314261, 2.4350319381889016, 0.0, 4.312434920088649, 4.95842663553672, 3.847335264829412, 4.233313952449074, 2.8006962473642156], [8.009542549983738, 6.516771719187346, 6.457443010975783, 6.013849313044018, 6.845549373132881, 6.928935180819632, 7.140425715599876, 8.050722932755791