{"total energy": -27.22143144, "HOMO-LUMO gap/eV": 11.60811892, "electronic energy": -27.56456073, "dipole": [0.2905197, 0.45769723, 0.43702141], "partial charges": [-0.09962141, -0.0517194, -0.057006, -0.07162061, 0.1492942, -0.11664038, -0.1097541, -0.45356444, 0.033141, 0.02971744, 0.03211426, 0.02817625, 0.02644741, 0.03928204, 0.03409248, 0.02628757, 0.03395302, 0.04580904, 0.02936993, 0.0351506, 0.0476458, 0.03678438, 0.05090406, 0.28175687], "atomic dipole moments": [[-0.04141895, -0.08996855, 0.01578999], [-0.05227728, 0.08501504, -0.04497062], [0.0308293, 0.07469164, 0.08947805], [-0.04146071, -0.07071054, -0.06888928], [-0.0361485, -0.1310444, 0.03707746], [0.06128593, -0.05638525, -0.05540638], [0.02953636, -0.00538958, 0.11298847], [0.08679696, 0.19546268, 0.08629473], [-0.00666627, 0.03541611, -0.12118165], [0.1206798, -0.00423609, 0.03064467], [-0.05158215, 0.08973641, 0.07158589], [0.06608323, -0.08355167, -0.05863737], [0.01060955, -0.03032635, 0.11904382], [-0.03222626, -0.12017963, 0.0091812], [-0.00464118, 0.02454955, -0.12309127], [0.02226013, -0.01935889, 0.11869053], [0.03163781, 0.12026693, -0.01939877], [-0.12621567, -0.02104595, -0.0137272], [0.01425574, -0.02123278, 0.12213828], [0.02326233, 0.12477894, -0.02183647], [-0.12418776, -0.01495153, -0.02651863], [0.03416628, 0.11675366, -0.04074322], [0.05039345, -0.08857198, -0.07971313], [0.01844981, -0.00615412, 0.07508659]], "atomic quadrupole moments": [[-0.04245022, 0.12188526, 0.16011317, -0.01692878, -0.051482, -0.11766294], [0.11985742, 0.12804803, 0.0548463, 0.07584669, -0.03775188, -0.17470372], [0.18947912, -0.08855416, -0.10114604, 0.01050452, 0.12062922, -0.08833308], [0.18152753, -0.04395542, -0.08386947, -0.02723024, 0.1207106, -0.09765806], [-0.11857974, 0.08977157, 0.2154501, -0.0149194, -0.06901506, -0.09687036], [-0.02528498, -0.11623015, 0.0212429, -0.09292172, 0.11602177, 0.00404207], [-0.09157793, -0.01688518, -0.11010662, 0.05644323, -0.05901609, 0.20168456], [-0.08974191, 0.06957133, 0.13788045, 0.00730629, -0.03411636, -0.04813854], [-0.04763015, 0.00503748, -0.0274356, 0.01794212, -0.021312, 0.07506575], [0.07256295, -0.0086211, -0.02620396, 0.03357831, -0.00677818, -0.04635899], [-0.00951333, -0.03413494, 0.01396884, -0.04650672, 0.03992577, -0.00445551], [0.0061167, -0.01457841, 0.00844121, -0.02824112, 0.04105326, -0.0145579], [-0.02837551, 0.01658123, -0.02911152, -0.00108158, -0.01120162, 0.05748703], [-0.00287817, 0.02300534, 0.04341338, -0.01027946, -0.01811834, -0.0405352], [-0.01914567, -0.01322551, -0.02546974, 0.00080082, -0.03127472, 0.04461541], [-0.01991932, -0.01730093, -0.03688743, 0.00196702, -0.02275534, 0.05680675], [-0.01617923, 0.01552948, 0.04861241, -0.01669541, -0.02455207, -0.03243319], [0.06761601, 0.02228593, -0.03935436, 0.03043428, 0.01609815, -0.02826165], [-0.0308582, -0.01736894, -0.0415886, 0.03188181, -0.02538541, 0.0724468], [-0.03551117, 0.02829214, 0.07050005, -0.016326, -0.02674233, -0.03498888], [0.08274581, 0.00819681, -0.05315435, 0.00285077, 0.0013361, -0.02959146], [-0.03590474, 0.0431841, 0.06734222, -0.00265282, -0.02335534, -0.03143748], [-0.00324957, -0.0540892, 0.01142015, -0.02800301, 0.03975583, -0.00817059], [-0.07948049, 0.00392482, -0.04392927, 0.04471646, -0.04475945, 0.12340976]], "number of molecular orbitals": 48, "number of electrons": 50, "number of unpaired electrons": 0, "orbital energies/eV": [-18.40306937, -17.1254579, -16.83151091, -16.3349373, -16.24519825, -15.75216953, -15.4583681, -15.01140182, -14.50910029, -14.14780812, -14.02802573, -13.66307277, -13.38926467, -13.15693138, -12.95976066, -12.61233131, -12.53231308, -12.44800258, -12.22790078, -12.18724439, -11.90874539, -11.6277368, -11.47025968, -11.45255333, -10.85107541, 0.75704351, 1.56717605, 2.1439769, 2.53008641, 2.94961549, 3.53125274, 3.73456554, 3.86800078, 3.93345804, 4.4930107, 4.64539494, 5.12850127, 5.3142131, 5.63637825, 5.82976181, 6.12299361, 6.41061699, 6.52917671, 6.87117903, 7.22311249, 7.53003312, 7.86657633, 8.16117255], "fractional occupation": [2.0, 2.0, 2.0, 2.0, 2.0, 2.0, 2.0, 2.0, 2.0, 2.0, 2.0, 2.0, 2.0, 2.0, 2.0, 2.0, 2.0, 2.0, 2.0, 2.0, 2.0, 2.0, 2.0, 2.0, 2.0, 0.0, 0.0, 0.0, 0.0, 0.0, 0.0, 0.0, 0.0, 0.0, 0.0, 0.0, 0.0, 0.0, 0.0, 0.0, 0.0, 0.0, 0.0, 0.0, 0.0, 0.0, 0.0, 0.0], "program call": "xtb /home/svss/Project-DBcg-Debug/aqme2_20220329/End-to-End-workflows-final/example-3/QDESCP/mol_897_rdkit_conf_4/mol_897_rdkit_conf_4.xyz --pop --wbo --acc 0.2 --gfn 2 --chrg 0 --uhf 0 --etemp 300 --input /home/svss/Project-DBcg-Debug/aqme2_20220329/End-to-End-workflows-final/example-3/QDESCP/mol_897_rdkit_conf_4/mol_897_rdkit_conf_4_xtb.inp", "method": "GFN2-xTB", "xtb version": "6.3.3 (7355c4f)", "Dipole module/D": 1.77, "Total charge": 0, "Transition dipole module/D": NaN, "HOMO": -10.8511, "LUMO": 0.757, "HOMO occupancy": 2.0, "LUMO occupancy": 0, "mulliken charges": [-0.08529, -0.04007, -0.04246, -0.0766, 0.25159, -0.11434, -0.09688, -0.56947, 0.02696, 0.02816, 0.02543, 0.02443, 0.02108, 0.03345, 0.02315, 0.02325, 0.02538, 0.04164, 0.0279, 0.02972, 0.04089, 0.02466, 0.04323, 0.3342], "cm5 charges": [-0.23578, -0.15261, -0.15237, -0.18112, 0.23995, -0.25839, -0.23985, -0.77623, 0.07838, 0.07894, 0.0772, 0.07865, 0.0757, 0.09135, 0.07932, 0.08138, 0.08222, 0.09548, 0.08158, 0.082, 0.09465, 0.07705, 0.09775, 0.50477], "FUKUI+": [0.02, -0.005, -0.016, -0.003, -0.052, 0.026, 0.03, -0.106, -0.027, -0.048, -0.016, -0.059, -0.039, -0.038, -0.046, -0.054, -0.08, -0.073, -0.049, -0.075, -0.056, -0.081, -0.047, -0.104], "FUKUI-": [0.022, 0.004, 0.003, -0.01, -0.022, 0.001, 0.023, -0.107, -0.051, -0.064, -0.068, -0.11, -0.069, -0.036, -0.049, -0.043, -0.047, -0.06, -0.046, -0.055, -0.067, -0.044, -0.056, -0.049], "FUKUIrad": [0.021, -0.001, -0.006, -0.007, -0.037, 0.014, 0.027, -0.107, -0.039, -0.056, -0.042, -0.085, -0.054, -0.037, -0.048, -0.049, -0.064, -0.067, -0.048, -0.065, -0.062, -0.062, -0.051, -0.077], "s proportion": [1.007, 1.028, 1.03, 1.044, 1.045, 1.024, 1.015, 1.701, 0.973, 0.972, 0.975, 0.976, 0.979, 0.967, 0.977, 0.977, 0.975, 0.958, 0.972, 0.97, 0.959, 0.975, 0.957, 0.666], "p proportion": [3.078, 3.012, 3.012, 3.032, 2.704, 3.091, 3.082, 4.868, 0.0, 0.0, 0.0, 0.0, 0.0, 0.0, 0.0, 0.0, 0.0, 0.0, 0.0, 0.0, 0.0, 0.0, 0.0, 0.0], "d proportion": [0.0, 0.0, 0.0, 0.0, 0.0, 0.0, 0.0, 0.0, 0.0, 0.0, 0.0, 0.0, 0.0, 0.0, 0.0, 0.0, 0.0, 0.0, 0.0, 0.0, 0.0, 0.0, 0.0, 0.0], "Fermi-level/eV": -5.047, "Coordination numbers": [3.749, 3.799, 3.799, 3.801, 3.771, 3.753, 3.752, 1.654, 0.924, 0.924, 0.924, 0.924, 0.924, 0.924, 0.924, 0.923, 0.924, 0.924, 0.924, 0.924, 0.924, 0.924, 0.924, 0.804], "Dispersion coefficient C6": [22.468, 21.504, 21.601, 21.87, 18.212, 22.792, 22.659, 21.918, 2.542, 2.591, 2.557, 2.613, 2.638, 2.459, 2.529, 2.64, 2.531, 2.373, 2.596, 2.515, 2.35, 2.492, 2.309, 0.779], "Total dispersion C6": 3810.553075, "Total dispersion C8": 79019.394098, "Polarizability alpha": [6.76, 6.603, 6.618, 6.658, 6.081, 6.808, 6.788, 6.32, 2.493, 2.517, 2.501, 2.528, 2.54, 2.452, 2.487, 2.541, 2.488, 2.409, 2.519, 2.48, 2.397, 2.469, 2.376, 1.386], "Total polarizability alpha": 91.219282, "Wiberg matrix": [[0.0, 1.020948816479498, 0.0, 0.0, 0.0, 0.0, 0.0, 0.0, 0.9873638089935197, 0.9873048568420764, 0.986242936100441, 0.0, 0.0, 0.0, 0.0, 0.0, 0.0, 0.0, 0.0, 0.0, 0.0, 0.0, 0.0, 0.0], [1.020948816479498, 0.0, 1.0062790451986932, 0.0, 0.0, 0.0, 0.0, 0.0, 0.0, 0.0, 0.0, 0.9780225328995896, 0.9778386068360485, 0.0, 0.0, 0.0, 0.0, 0.0, 0.0, 0.0, 0.0, 0.0, 0.0, 0.0], [0.0, 1.0062790451986932, 0.0, 1.0078078323142616, 0.0, 0.0, 0.0, 0.0, 0.0, 0.0, 0.0, 0.0, 0.0, 0.9757867991700385, 0.9757979630706344, 0.0, 0.0, 0.0, 0.0, 0.0, 0.0, 0.0, 0.0, 0.0], [0.0, 0.0, 1.0078078323142616, 0.0, 0.9754529693099817, 0.0, 0.0, 0.0, 0.0, 0.0, 0.0, 0.0, 0.0, 0.0, 0.0, 0.974070247447995, 0.9744074201865258, 0.0, 0.0, 0.0, 0.0, 0.0, 0.0, 0.0], [0.0, 0.0, 0.0, 0.9754529693099817, 0.0, 0.9903180993945804, 0.9968501043914055, 0.9711747913717492, 0.0, 0.0, 0.0, 0.0, 0.0, 0.0, 0.0, 0.0, 0.0, 0.0, 0.0, 0.0, 0.0, 0.0, 0.0, 0.0], [0.0, 0.0, 0.0, 0.0, 0.9903180993945804, 0.0, 0.0, 0.0, 0.0, 0.0, 0.0, 0.0, 0.0, 0.0, 0.0, 0.0, 0.0, 0.9845040702220331, 0.9845069480453688, 0.9859029630323105, 0.0, 0.0, 0.0, 0.0], [0.0, 0.0, 0.0, 0.0, 0.9968501043914055, 0.0, 0.0, 0.0, 0.0, 0.0, 0.0, 0.0, 0.0, 0.0, 0.0, 0.0, 0.0, 0.0, 0.0, 0.0, 0.9840411371497503, 0.9860811898860574, 0.982275828217627, 0.0], [0.0, 0.0, 0.0, 0.0, 0.9711747913717492, 0.0, 0.0, 0.0, 0.0, 0.0, 0.0, 0.0, 0.0, 0.0, 0.0, 0.0, 0.0, 0.0, 0.0, 0.0, 0.0, 0.0, 0.0, 0.9016976599605058], [0.9873638089935197, 0.0, 0.0, 0.0, 0.0, 0.0, 0.0, 0.0, 0.0, 0.0, 0.0, 0.0, 0.0, 0.0, 0.0, 0.0, 0.0, 0.0, 0.0, 0.0, 0.0, 0.0, 0.0, 0.0], [0.9873048568420764, 0.0, 0.0, 0.0, 0.0, 0.0, 0.0, 0.0, 0.0, 0.0, 0.0, 0.0, 0.0, 0.0, 0.0, 0.0, 0.0, 0.0, 0.0, 0.0, 0.0, 0.0, 0.0, 0.0], [0.986242936100441, 0.0, 0.0, 0.0, 0.0, 0.0, 0.0, 0.0, 0.0, 0.0, 0.0, 0.0, 0.0, 0.0, 0.0, 0.0, 0.0, 0.0, 0.0, 0.0, 0.0, 0.0, 0.0, 0.0], [0.0, 0.9780225328995896, 0.0, 0.0, 0.0, 0.0, 0.0, 0.0, 0.0, 0.0, 0.0, 0.0, 0.0, 0.0, 0.0, 0.0, 0.0, 0.0, 0.0, 0.0, 0.0, 0.0, 0.0, 0.0], [0.0, 0.9778386068360485, 0.0, 0.0, 0.0, 0.0, 0.0, 0.0, 0.0, 0.0, 0.0, 0.0, 0.0, 0.0, 0.0, 0.0, 0.0, 0.0, 0.0, 0.0, 0.0, 0.0, 0.0, 0.0], [0.0, 0.0, 0.9757867991700385, 0.0, 0.0, 0.0, 0.0, 0.0, 0.0, 0.0, 0.0, 0.0, 0.0, 0.0, 0.0, 0.0, 0.0, 0.0, 0.0, 0.0, 0.0, 0.0, 0.0, 0.0], [0.0, 0.0, 0.9757979630706344, 0.0, 0.0, 0.0, 0.0, 0.0, 0.0, 0.0, 0.0, 0.0, 0.0, 0.0, 0.0, 0.0, 0.0, 0.0, 0.0, 0.0, 0.0, 0.0, 0.0, 0.0], [0.0, 0.0, 0.0, 0.974070247447995, 0.0, 0.0, 0.0, 0.0, 0.0, 0.0, 0.0, 0.0, 0.0, 0.0, 0.0, 0.0, 0.0, 0.0, 0.0, 0.0, 0.0, 0.0, 0.0, 0.0], [0.0, 0.0, 0.0, 0.9744074201865258, 0.0, 0.0, 0.0, 0.0, 0.0, 0.0, 0.0, 0.0, 0.0, 0.0, 0.0, 0.0, 0.0, 0.0, 0.0, 0.0, 0.0, 0.0, 0.0, 0.0], [0.0, 0.0, 0.0, 0.0, 0.0, 0.9845040702220331, 0.0, 0.0, 0.0, 0.0, 0.0, 0.0, 0.0, 0.0, 0.0, 0.0, 0.0, 0.0, 0.0, 0.0, 0.0, 0.0, 0.0, 0.0], [0.0, 0.0, 0.0, 0.0, 0.0, 0.9845069480453688, 0.0, 0.0, 0.0, 0.0, 0.0, 0.0, 0.0, 0.0, 0.0, 0.0, 0.0, 0.0, 0.0, 0.0, 0.0, 0.0, 0.0, 0.0], [0.0, 0.0, 0.0, 0.0, 0.0, 0.9859029630323105, 0.0, 0.0, 0.0, 0.0, 0.0, 0.0, 0.0, 0.0, 0.0, 0.0, 0.0, 0.0, 0.0, 0.0, 0.0, 0.0, 0.0, 0.0], [0.0, 0.0, 0.0, 0.0, 0.0, 0.0, 0.9840411371497503, 0.0, 0.0, 0.0, 0.0, 0.0, 0.0, 0.0, 0.0, 0.0, 0.0, 0.0, 0.0, 0.0, 0.0, 0.0, 0.0, 0.0], [0.0, 0.0, 0.0, 0.0, 0.0, 0.0, 0.9860811898860574, 0.0, 0.0, 0.0, 0.0, 0.0, 0.0, 0.0, 0.0, 0.0, 0.0, 0.0, 0.0, 0.0, 0.0, 0.0, 0.0, 0.0], [0.0, 0.0, 0.0, 0.0, 0.0, 0.0, 0.982275828217627, 0.0, 0.0, 0.0, 0.0, 0.0, 0.0, 0.0, 0.0, 0.0, 0.0, 0.0, 0.0, 0.0, 0.0, 0.0, 0.0, 0.0], [0.0, 0.0, 0.0, 0.0, 0.0, 0.0, 0.0, 0.9016976599605058, 0.0, 0.0, 0.0, 0.0, 0.0, 0.0, 0.0, 0.0, 0.0, 0.0, 0.0, 0.0, 0.0, 0.0, 0.0, 0.0]], "Born radii": [], "Atomic SASAs": [], "Solvent H bonds": [], "Total SASA": NaN, "Total FOD": 0.0, "FOD": [0.0, 0.0, 0.0, 0.0, 0.0, 0.0, 0.0, 0.0, 0.0, 0.0, 0.0, 0.0, 0.0, 0.0, 0.0, 0.0, 0.0, 0.0, 0.0, 0.0, 0.0, 0.0, 0.0, 0.0], "FOD s proportion": [0.0, 0.0, 0.0, 0.0, 0.0, 0.0, 0.0, 0.0, 0.0, 0.0, 0.0, 0.0, 0.0, 0.0, 0.0, 0.0, 0.0, 0.0, 0.0, 0.0, 0.0, 0.0, 0.0, 0.0], "FOD p proportion": [0.0, 0.0, 0.0, 0.0, 0.0, 0.0, 0.0, 0.0, 0.0, 0.0, 0.0, 0.0, 0.0, 0.0, 0.0, 0.0, 0.0, 0.0, 0.0, 0.0, 0.0, 0.0, 0.0, 0.0], "FOD d proportion": [0.0, 0.0, 0.0, 0.0, 0.0, 0.0, 0.0, 0.0, 0.0, 0.0, 0.0, 0.0, 0.0, 0.0, 0.0, 0.0, 0.0, 0.0, 0.0, 0.0, 0.0, 0.0, 0.0, 0.0], "coordinates": [["3.00370", "0.64270", "-0.09820"], ["2.36960", "-0.71990", "0.13480"], ["0.91600", "-0.80770", "-0.33990"], ["-0.03160", "0.11040", "0.44460"], ["-1.52760", "-0.09740", "0.12480"], ["-2.38110", "0.82410", "1.00230"], ["-1.84870", "0.15200", "-1.34950"], ["-1.89440", "-1.44660", "0.42030"], ["2.92770", "0.93710", "-1.14970"], ["4.06480", "0.61350", "0.16950"], ["2.52970", "1.41570", "0.51360"], ["2.95620", "-1.47360", "-0.40400"], ["2.43070", "-0.97360", "1.19950"], ["0.58890", "-1.84890", "-0.23560"], ["0.87540", "-0.56580", "-1.40800"], ["0.12880", "-0.07660", "1.51470"], ["0.23310", "1.15800", "0.25780"], ["-3.44920", "0.64520", "0.83340"], ["-2.20110", "0.62890", "2.06570"], ["-2.16950", "1.87970", "0.80350"], ["-2.92460", "0.05040", "-1.53440"], ["-1.53880", "1.15330", "-1.66550"], ["-1.36460", "-0.58740", "-1.99620"], ["-1.69320", "-1.61350", "1.35700"]], "bond_dist": [[0.0, 1.5208716481018376, 2.5535407457097685, 3.129060756840621, 4.596755018488586, 5.499097857830865, 5.035109128906741, 5.350271053881289, 1.0945773659271416, 1.0947370186487713, 1.0938483624342084, 2.1388070459955006, 2.150530162541321, 3.4724931043848017, 2.7759159173144994, 3.3740019131589123, 2.8405095405578202, 6.519800857388207, 5.636718610148994, 5.394926332212517, 6.128477022882602, 4.832333587408882, 4.919105091375869, 5.410075331268502], [1.5208716481018376, 0.0, 1.5316663768588774, 2.5595186207566454, 3.9466155234580427, 5.0700732479915915, 4.5560301787850355, 4.334893209757307, 2.1695771154766543, 2.1570495335063584, 2.1748353523887736, 1.0965713337489722, 1.0962130221813642, 2.1407311017500543, 2.153279426827833, 2.709085369640462, 2.8471511480776712, 6.017472343933123, 5.141880467299877, 5.273377348531016, 5.604296955908029, 4.693138490392117, 4.301507513651464, 4.335739572437441], [2.5535407457097685, 1.5316663768588774, 0.0, 1.5350223516287962, 2.5868229819606907, 3.916010787778808, 3.09578460814056, 2.9806786827835032, 2.7833504935598756, 3.492025091547883, 2.876803347467463, 2.1470788667396454, 2.166008139412223, 1.0963440792014156, 1.0959021762912964, 2.1432993747957845, 2.165080642839892, 4.747896622716211, 4.191305683197063, 4.24850474520154, 4.112587290259016, 3.4100996173132536, 2.827189088122689, 3.2150750986563286], [3.129060756840621, 2.5595186207566454, 1.5350223516287962, 0.0, 1.5438487231591054, 2.518044326456546, 2.553894629776256, 2.4279339632700068, 3.461601055869957, 4.136336855237977, 2.8755567773911195, 3.4865637524645954, 2.794253263396144, 2.1648438234662564, 2.170719281712861, 1.0980943356560948, 1.096551909395994, 3.4809720251676826, 2.757451306913687, 2.7981865752662025, 3.505636889354059, 2.7949623002824207, 2.867284164501314, 2.5622684344150986], [4.596755018488586, 3.9466155234580427, 2.5868229819606907, 1.5438487231591054, 0.0, 1.5321980126602437, 1.5293351692810835, 1.429056727355496, 4.7480773572047035, 5.637580567938697, 4.34767988011997, 4.719959567623435, 4.194144182070998, 2.770778349128635, 2.8884742339165848, 2.1623865542497254, 2.1665139394889663, 2.178558073589042, 2.179038033169683, 2.186685553526158, 2.174028169090732, 2.183929948510254, 2.182959000989254, 1.960688504071975], [5.499097857830865, 5.0700732479915915, 3.916010787778808, 2.518044326456546, 1.5321980126602437, 0.0, 2.5032242029031275, 2.3940926005482748, 5.729505252637438, 6.502886667473146, 4.970389812680692, 5.978618257590963, 5.14043114631448, 4.18308802321921, 4.283241803821026, 2.715402780436081, 2.7385782990449625, 1.0960702669081028, 1.0960486303079806, 1.0948001461454049, 2.7071850380053446, 2.8169129858765602, 3.466497764314871, 2.5575207252337173], [5.035109128906741, 4.5560301787850355, 3.09578460814056, 2.553894629776256, 1.5293351692810835, 2.5032242029031275, 0.0, 2.3853306877663734, 4.8446154656484355, 6.122893556154639, 4.92325764712756, 5.159807130116396, 5.106627137357886, 3.3445878340985455, 2.8176905259449625, 3.4880375356351885, 2.815908473299514, 2.751344925668172, 3.466296353458544, 2.779076992456308, 1.0963901586570357, 1.09475828382342, 1.0951191989915985, 3.2351681177336054], [5.350271053881289, 4.334893209757307, 2.9806786827835032, 2.4279339632700068, 1.429056727355496, 2.3940926005482748, 2.3853306877663734, 0.0, 5.603532287762783, 6.310227990334422, 5.270116411427741, 4.920215427194219, 4.4201099137917375, 2.599774796015993, 3.4336979439082875, 2.677302672467198, 3.366987326973477, 2.6388789077939894, 2.6662907380854026, 3.359582405597457, 2.668927336965171, 3.3520878583354583, 2.6188518342968545, 0.9724936709305618], [1.0945773659271416, 2.1695771154766543, 2.7833504935598756, 3.461601055869957, 4.7480773572047035, 5.729505252637438, 4.8446154656484355, 5.603532287762783, 0.0, 1.7714406594633643, 1.775958572151952, 2.5235600309879693, 3.0686355485785533, 3.7506479773500474, 2.556826664050577, 3.995053974604098, 3.04806860487096, 6.684515302548122, 6.061218841124282, 5.539398238076046, 5.93158041924747, 4.501379158657933, 4.632979795984437, 5.8431003807910065], [1.0947370186487713, 2.1570495335063584, 3.492025091547883, 4.136336855237977, 5.637580567938697, 6.502886667473146, 6.122893556154639, 6.310227990334422, 1.7714406594633643, 0.0, 1.765916662812829, 2.4318475733482967, 2.500013843961669, 4.2789485367318925, 3.748536661151922, 4.216384357479759, 3.8712016261104254, 7.5433390550869435, 6.546549809632552, 6.393099008305753, 7.216097919235852, 5.921059195785835, 5.967478668583576, 6.286831415745136], [1.0938483624342084, 2.1748353523887736, 2.876803347467463, 2.8755567773911195, 4.34767988011997, 4.970389812680692, 4.92325764712756, 5.270116411427741, 1.775958572151952, 1.765916662812829, 0.0, 3.0613635034082445, 2.487772959898069, 3.871126249555806, 3.218011389041375, 2.9989133548670592, 2.325126768587038, 6.03681931980741, 5.040688176231496, 4.730942680904093, 5.983956599107316, 4.62277220074708, 5.047482356581348, 5.265003381765296], [2.1388070459955006, 1.0965713337489722, 2.1470788667396454, 3.4865637524645954, 4.719959567623435, 5.978618257590963, 5.159807130116396, 4.920215427194219, 2.5235600309879693, 2.4318475733482967, 3.0613635034082445, 0.0, 1.7599325271157416, 2.4027729688840767, 2.482306483897587, 3.6915050385987556, 3.8442907551328633, 6.859272655318493, 6.092427072193806, 6.243034328753927, 6.1793356277192135, 5.356959105686733, 4.689324463075678, 4.97369212657961], [2.150530162541321, 1.0962130221813642, 2.166008139412223, 2.794253263396144, 4.194144182070998, 5.14043114631448, 5.106627137357886, 4.4201099137917375, 3.0686355485785533, 2.500013843961669, 2.487772959898069, 1.7599325271157416, 0.0, 2.4935695979859873, 3.063382963326655, 2.490522766408691, 3.2031177327722435, 6.109645379234378, 4.977135715449198, 5.427704572837398, 6.099346137087155, 5.337495560653892, 4.976540065145663, 4.176221913404507], [3.4724931043848017, 2.1407311017500543, 1.0963440792014156, 2.1648438234662564, 2.770778349128635, 4.18308802321921, 3.3445878340985455, 2.599774796015993, 3.7506479773500474, 4.2789485367318925, 3.871126249555806, 2.4027729688840767, 2.4935695979859873, 0.0, 1.7615191228028153, 2.5330395555537617, 3.0678143376025866, 4.865135909715164, 4.384013518455435, 4.7529945644824805, 4.199869543212027, 3.947774834004594, 2.91672022312734, 2.792806532862597], [2.7759159173144994, 2.153279426827833, 1.0959021762912964, 2.170719281712861, 2.8884742339165848, 4.283241803821026, 2.8176905259449625, 3.4336979439082875, 2.556826664050577, 3.748536661151922, 3.218011389041375, 2.482306483897587, 3.063382963326655, 1.7615191228028153, 0.0, 3.0559619582056317, 2.481718229372545, 5.019219074716704, 4.79152919536133, 4.488052863993471, 3.8517112300898155, 2.97489036772786, 2.3160409754579043, 3.9167085990663124], [3.3740019131589123, 2.709085369640462, 2.1432993747957845, 1.0980943356560948, 2.1623865542497254, 2.715402780436081, 3.4880375356351885, 2.677302672467198, 3.995053974604098, 4.216384357479759, 2.9989133548670592, 3.6915050385987556, 2.490522766408691, 2.5330395555537617, 3.0559619582056317, 0.0, 1.7649116861758267, 3.71311849124156, 2.4959497711292187, 3.1008221522686528, 4.316988692364157, 3.7956838395735755, 3.849360857337228, 2.3888522139303636], [2.8405095405578202, 2.8471511480776712, 2.165080642839892, 1.096551909395994, 2.1665139394889663, 2.7385782990449625, 2.815908473299514, 3.366987326973477, 3.04806860487096, 3.8712016261104254, 2.325126768587038, 3.8442907551328633, 3.2031177327722435, 3.0678143376025866, 2.481718229372545, 1.7649116861758267, 0.0, 3.762128717893634, 3.07795043169964, 2.5673188621595098, 3.7960279095391276, 2.615097434131279, 3.2679630429366857, 3.5496597836975865], [6.519800857388207, 6.017472343933123, 4.747896622716211, 3.4809720251676826, 2.178558073589042, 1.0960702669081028, 2.751344925668172, 2.6388789077939894, 6.684515302548122, 7.5433390550869435, 6.03681931980741, 6.859272655318493, 6.109645379234378, 4.865135909715164, 5.019219074716704, 3.71311849124156, 3.762128717893634, 0.0, 1.7540189822233967, 1.7783465213506615, 2.497092116843109, 3.1862666209845023, 3.7244457413150753, 2.9085079766093127], [5.636718610148994, 5.141880467299877, 4.191305683197063, 2.757451306913687, 2.179038033169683, 1.0960486303079806, 3.466296353458544, 2.6662907380854026, 6.061218841124282, 6.546549809632552, 5.040688176231496, 6.092427072193806, 4.977135715449198, 4.384013518455435, 4.79152919536133, 2.4959497711292187, 3.07795043169964, 1.7540189822233967, 0.0, 1.7772585743216995, 3.717369299652646, 3.8256359066173564, 4.32182248015811, 2.4059459387110094], [5.394926332212517, 5.273377348531016, 4.24850474520154, 2.7981865752662025, 2.186685553526158, 1.0948001461454049, 2.779076992456308, 3.359582405597457, 5.539398238076046, 6.393099008305753, 4.730942680904093, 6.243034328753927, 5.427704572837398, 4.7529945644824805, 4.488052863993471, 3.1008221522686528, 2.5673188621595098, 1.7783465213506615, 1.7772585743216995, 0.0, 3.0630525477046584, 2.6497925296143467, 3.8174293064836187, 3.568707073997528], [6.128477022882602, 5.604296955908029, 4.112587290259016, 3.505636889354059, 2.174028169090732, 2.7071850380053446, 1.0963901586570357, 2.668927336965171, 5.93158041924747, 7.216097919235852, 5.983956599107316, 6.1793356277192135, 6.099346137087155, 4.199869543212027, 3.8517112300898155, 4.316988692364157, 3.7960279095391276, 2.497092116843109, 3.717369299652646, 3.0630525477046584, 0.0, 1.7759553091223887, 1.747469049797449, 3.5559953782309672], [4.832333587408882, 4.693138490392117, 3.4100996173132536, 2.7949623002824207, 2.183929948510254, 2.8169129858765602, 1.09475828382342, 3.3520878583354583, 4.501379158657933, 5.921059195785835, 4.62277220074708, 5.356959105686733, 5.337495560653892, 3.947774834004594, 2.97489036772786, 3.7956838395735755, 2.615097434131279, 3.1862666209845023, 3.8256359066173564, 2.6497925296143467, 1.7759553091223887, 0.0, 1.7803776621829426, 4.10055213965144], [4.919105091375869, 4.301507513651464, 2.827189088122689, 2.867284164501314, 2.182959000989254, 3.466497764314871, 1.0951191989915985, 2.6188518342968545, 4.632979795984437, 5.967478668583576, 5.047482356581348, 4.689324463075678, 4.976540065145663, 2.91672022312734, 2.3160409754579043, 3.849360857337228, 3.2679630429366857, 3.7244457413150753, 4.32182248015811, 3.8174293064836187, 1.747469049797449, 1.7803776621829426, 0.0, 3.5220461964602343], [5.410075331268502, 4.335739572437441, 3.2150750986563286, 2.5622684344150986, 1.960688504071975, 2.5575207252337173, 3.2351681177336054, 0.9724936709305618, 5.8431003807910065, 6.286831415745136, 5.265003381765296, 4.97369212657961, 4.176221913404507, 2.792806532862597, 3.9167085990663124, 2.3888522139303636, 3.5496597836975865, 2.9085079766093127, 2.4059459387110094, 3.568707073997528, 3.5559953782309672, 4.10055213965144, 3.5220461964602343, 0.0]]}