{"total energy": -59.86153307, "HOMO-LUMO gap/eV": 2.3429599, "electronic energy": -60.67974446, "dipole": [0.92761345, -0.55617963, -0.79719774], "partial charges": [-0.1077256, 0.00549535, -0.10661775, 0.05442645, -0.09038553, 0.13721817, -0.26969935, 0.03516679, -0.07214519, -0.0036966, -0.10929269, 0.03265666, -0.15906647, 0.26691579, -0.44826554, -0.03420709, -0.00336809, -0.04566638, 0.06168248, -0.2626913, 0.14734951, 0.03995952, 0.04581432, 0.0428708, 0.05992855, 0.04056038, 0.04618294, 0.04222228, 0.04312364, 0.06028066, 0.05323004, 0.04920096, 0.04829215, 0.05247989, 0.20011925, 0.06237594, 0.04167212, 0.04360292], "atomic dipole moments": [[-0.07048531, 0.05099732, -0.08489804], [0.04708366, 0.14330185, 0.07340846], [0.02747718, -0.01642689, -0.1317409], [-0.12943141, -0.06721436, 0.00249132], [0.0025325, 0.02801907, 0.03021459], [0.20320405, -0.07997773, -0.14388772], [-0.18754801, -0.15223731, -0.04060973], [-0.0185037, 0.18225344, 0.14691137], [-0.0130736, -0.03824384, -0.02070258], [-0.02728205, 0.05075787, 0.05757747], [-0.01492927, -0.0694526, -0.03915402], [-0.12688258, 0.04195464, 0.05792057], [0.00469257, -0.00809067, -0.03688415], [0.04835416, -0.00550206, 0.0351851], [0.12496295, -0.09300635, -0.13892002], [0.02697971, 0.02787904, 0.04495049], [0.02413055, -0.01508048, 0.00579], [0.00144047, 0.00895762, 0.01157977], [0.04009112, 0.00595155, 0.03216843], [-0.10770988, 0.22745864, 0.12857559], [0.06980798, -0.0707116, 0.01474964], [0.12277698, 0.03074402, -0.00230963], [-0.04120562, 0.02452627, 0.12023452], [-0.00265597, -0.12571981, -0.01422025], [-0.10870481, -0.06973161, 0.01350917], [0.03454198, -0.03037786, -0.11699459], [-0.00758895, -0.12410898, -0.08942964], [-0.01487231, -0.10417125, 0.06840734], [-0.08290813, 0.01904661, -0.09320481], [0.1123084, -0.01239674, -0.05653479], [0.13374133, 0.07690569, 0.00167246], [-0.08402618, 0.09125241, -0.03899642], [-0.00753741, -0.02704812, 0.12629298], [0.11691045, 0.05732247, -0.01425361], [0.01498732, 0.09547963, 0.0934169], [-0.06865203, 0.12348729, 0.0641793], [-0.13579022, 0.04965899, -0.05139107], [-0.06230959, -0.07671804, -0.11074093]], "atomic quadrupole moments": [[-0.00293703, -0.08714711, -0.03803507, 0.15269369, -0.10980967, 0.04097211], [-0.09576708, -0.13234641, 0.22125988, 0.13860141, -0.02638282, -0.12549281], [-0.00312876, -0.02597431, 0.04759856, 0.00864905, 0.03151308, -0.0444698], [-0.03936703, 0.0083096, -0.04961705, 0.22436111, -0.27380069, 0.08898407], [-0.1484906, -0.09326841, -0.00332082, 0.14909374, -0.25376552, 0.15181142], [-0.03499748, -0.26690879, -0.13547556, -0.05358055, -0.21112476, 0.17047303], [-0.0281904, -0.00104789, 0.03877043, -0.03259985, 0.11049633, -0.01058003], [-0.21440591, 0.00706645, 0.20553724, -0.02419686, 0.36970378, 0.00886867], [-0.2102411, -0.13139334, 0.02425712, 0.15140837, -0.23997312, 0.18598398], [-0.25979869, -0.11331161, 0.06632152, 0.15537966, -0.19570482, 0.19347717], [-0.06762198, 0.00415527, 0.0793192, -0.02129467, 0.14990928, -0.01169722], [-0.05382859, -0.20673452, -0.12868462, -0.02111647, -0.20236057, 0.18251321], [0.05332594, -0.02297481, -0.02564493, -0.04720279, -0.05290777, -0.02768101], [-0.22676156, -0.01740949, 0.28550719, -0.00533619, -0.34196799, -0.05874563], [-0.08371995, -0.01347464, 0.0876863, -0.03676597, -0.11949932, -0.00396634], [-0.10994608, 0.22967861, -0.0204294, -0.1673328, -0.13152335, 0.13037548], [-0.09906823, 0.26215853, -0.01277793, -0.25774122, -0.33447164, 0.11184615], [-0.10687353, 0.21665478, 0.01059849, -0.24056904, -0.27060459, 0.09627504], [-0.02886908, 0.23960024, -0.06124833, -0.22652536, -0.37086965, 0.09011741], [-0.03854327, 0.12155923, -0.02159816, -0.12305537, -0.16673561, 0.06014143], [0.02558327, 0.15055122, -0.05365202, -0.16678136, -0.32884945, 0.02806876], [0.06169889, 0.04428017, -0.03099385, -0.01361077, -0.01515522, -0.03070504], [-0.01033831, -0.02161923, -0.04043692, -0.03794136, 0.02839019, 0.05077522], [-0.03919086, 0.008597, 0.07975684, 0.01528654, 0.02285204, -0.04056598], [0.05206748, -0.00249669, -0.01556252, -0.00396552, -0.01470281, -0.03650495], [-0.01139543, -0.00947233, -0.01251209, -0.03699313, -0.00604936, 0.02390752], [0.01985954, 0.01791996, 0.0052779, -0.03086104, 0.03694722, -0.02513744], [-0.04591886, 0.02077302, 0.03497957, -0.01849967, -0.03230836, 0.01093929], [0.01463851, -0.02008366, -0.01865563, 0.05232244, 0.0058991, 0.00401711], [0.05903808, 0.00422542, -0.03356965, -0.04485077, 0.01460965, -0.02546843], [0.02069487, 0.01577655, 0.00307575, -0.01895227, 0.04098595, -0.02377062], [0.02906359, -0.05023752, 0.01003735, 0.03148059, -0.01444981, -0.03910094], [-0.04512249, 0.01515319, -0.02609042, -0.01969474, -0.02736002, 0.07121291], [0.06121796, 0.03200813, -0.02422024, -0.02871037, 0.00772856, -0.03699772], [0.03208907, 0.01412672, -0.02435654, 0.00718095, 0.045035, -0.00773253], [0.01248144, -0.01729044, -0.00499006, 0.03706426, 0.03656426, -0.00749138], [0.006871, -0.02639481, 0.00353256, 0.02907169, 0.03856696, -0.01040356], [0.01900338, -0.03413176, -0.00201394, 0.03752774, 0.03298386, -0.01698944]], "number of molecular orbitals": 101, "number of electrons": 108, "number of unpaired electrons": 0, "orbital energies/eV": [-19.51840534, -18.89978306, -18.30073039, -18.18885338, -18.03824018, -17.88676217, -17.72221802, -17.47756167, -17.38841951, -17.20481571, -17.15305659, -16.8124157, -16.70468556, -16.52476412, -16.29832763, -16.11257597, -16.03050123, -15.69622369, -15.43805025, -15.26897799, -15.17111877, -15.13455926, -15.08200606, -14.86111962, -14.63952398, -14.55500872, -14.36181058, -14.11439831, -14.02605523, -13.8750278, -13.73827033, -13.63916272, -13.58287505, -13.40632373, -13.26587186, -13.18367443, -13.09100545, -13.01169895, -12.84863251, -12.77911578, -12.67546351, -12.52358879, -12.43510301, -12.30018653, -12.24750798, -11.93397246, -11.76781515, -11.75822416, -11.41473986, -11.08320745, -10.88520158, -10.35584431, -10.18330802, -9.69628839, -7.35332849, -6.78129674, -6.275797, -5.92391373, -5.03788582, -2.98692395, -2.75000472, -0.7064559, 0.0583022, 0.5172868, 1.91429197, 2.02402002, 2.58204766, 2.89006151, 2.93106548, 3.20450175, 3.33581844, 3.53258965, 3.62597107, 3.85109575, 4.06989691, 4.297267, 4.51532683, 4.67148856, 4.86157001, 5.11757192, 5.24579954, 5.31095602, 5.66054433, 5.89309333, 6.12170787, 6.76210254, 7.03605302, 7.49183812, 8.05821183, 9.72859304, 10.07023145, 10.42953604, 10.94076572, 11.5058942, 11.84377796, 12.85240059, 14.65541465, 15.9690376, 16.24367015, 17.01580886, 17.10805775], "fractional occupation": [2.0, 2.0, 2.0, 2.0, 2.0, 2.0, 2.0, 2.0, 2.0, 2.0, 2.0, 2.0, 2.0, 2.0, 2.0, 2.0, 2.0, 2.0, 2.0, 2.0, 2.0, 2.0, 2.0, 2.0, 2.0, 2.0, 2.0, 2.0, 2.0, 2.0, 2.0, 2.0, 2.0, 2.0, 2.0, 2.0, 2.0, 2.0, 2.0, 2.0, 2.0, 2.0, 2.0, 2.0, 2.0, 2.0, 2.0, 2.0, 2.0, 2.0, 2.0, 2.0, 2.0, 2.0, 0.0, 0.0, 0.0, 0.0, 0.0, 0.0, 0.0, 0.0, 0.0, 0.0, 0.0, 0.0, 0.0, 0.0, 0.0, 0.0, 0.0, 0.0, 0.0, 0.0, 0.0, 0.0, 0.0, 0.0, 0.0, 0.0, 0.0, 0.0, 0.0, 0.0, 0.0, 0.0, 0.0, 0.0, 0.0, 0.0, 0.0, 0.0, 0.0, 0.0, 0.0, 0.0, 0.0, 0.0, 0.0, 0.0, 0.0], "program call": "xtb /home/svss/Project-DBcg-Debug/aqme2_20220329/End-to-End-workflows-final/example-3/QDESCP/mol_289_rdkit_conf_3/mol_289_rdkit_conf_3.xyz --pop --wbo --acc 0.2 --gfn 2 --chrg 0 --uhf 0 --etemp 300 --input /home/svss/Project-DBcg-Debug/aqme2_20220329/End-to-End-workflows-final/example-3/QDESCP/mol_289_rdkit_conf_3/mol_289_rdkit_conf_3_xtb.inp", "method": "GFN2-xTB", "xtb version": "6.3.3 (7355c4f)", "Dipole module/D": 3.415, "Total charge": 0, "Transition dipole module/D": NaN, "HOMO": -9.6963, "LUMO": -7.3533, "HOMO occupancy": 2.0, "LUMO occupancy": 0, "mulliken charges": [-0.09559, 0.09916, -0.28908, 0.12699, -0.1324, 0.2562, -0.41873, 0.16961, -0.08986, -0.01428, -0.08489, 0.08279, -0.31827, 0.46829, -0.56259, -0.07134, 0.02106, -0.06391, 0.14902, -0.3652, 0.28702, 0.02907, 0.03847, 0.03263, 0.03866, 0.02681, 0.0442, 0.02577, 0.02726, 0.03991, 0.0506, 0.04138, 0.04006, 0.04164, 0.24456, 0.05664, 0.0403, 0.02803], "cm5 charges": [-0.24042, 0.05061, -0.51907, 0.1887, -0.17757, 0.27191, -0.50732, 0.04817, -0.13721, -0.02363, -0.22727, 0.14521, -0.6602, 0.56744, -0.60612, -0.05821, -0.02711, -0.11393, 0.17012, -0.54628, 0.41814, 0.08324, 0.09204, 0.08376, 0.10807, 0.09209, 0.10817, 0.08493, 0.08639, 0.09894, 0.11055, 0.09515, 0.09336, 0.09364, 0.44662, 0.11689, 0.09643, 0.09374], "FUKUI+": [0.009, 0.011, -0.019, -0.014, -0.011, -0.033, -0.033, 0.014, -0.015, -0.026, 0.016, -0.013, -0.026, -0.041, -0.108, -0.039, -0.036, -0.018, -0.046, -0.065, -0.017, -0.008, -0.009, -0.024, -0.013, -0.017, -0.033, -0.014, -0.011, -0.027, -0.042, -0.018, -0.024, -0.029, -0.035, -0.055, -0.061, -0.07], "FUKUI-": [0.01, 0.016, -0.07, -0.015, -0.009, -0.027, -0.063, 0.019, -0.029, -0.022, 0.018, -0.033, -0.04, -0.005, -0.075, -0.017, -0.011, -0.024, -0.011, -0.064, 0.0, -0.01, -0.016, -0.03, -0.029, -0.039, -0.033, -0.026, -0.025, -0.035, -0.047, -0.026, -0.029, -0.031, -0.037, -0.04, -0.047, -0.051], "FUKUIrad": [0.009, 0.014, -0.044, -0.015, -0.01, -0.03, -0.048, 0.017, -0.022, -0.024, 0.017, -0.023, -0.033, -0.023, -0.091, -0.028, -0.024, -0.021, -0.028, -0.065, -0.008, -0.009, -0.013, -0.027, -0.021, -0.028, -0.033, -0.02, -0.018, -0.031, -0.044, -0.022, -0.026, -0.03, -0.036, -0.047, -0.054, -0.061], "s proportion": [1.012, 1.006, 1.447, 1.043, 1.056, 1.012, 1.684, 0.971, 1.057, 1.086, 1.009, 1.039, 1.424, 0.993, 1.732, 1.083, 1.07, 1.058, 1.032, 1.554, 1.024, 0.971, 0.962, 0.967, 0.961, 0.973, 0.956, 0.974, 0.973, 0.96, 0.949, 0.959, 0.96, 0.958, 0.755, 0.943, 0.96, 0.972], "p proportion": [3.084, 2.894, 3.842, 2.83, 3.076, 2.732, 4.735, 2.859, 3.033, 2.928, 3.076, 2.878, 3.894, 2.539, 4.831, 2.988, 2.909, 3.006, 2.819, 3.811, 2.689, 0.0, 0.0, 0.0, 0.0, 0.0, 0.0, 0.0, 0.0, 0.0, 0.0, 0.0, 0.0, 0.0, 0.0, 0.0, 0.0, 0.0], "d proportion": [0.0, 0.0, 0.0, 0.0, 0.0, 0.0, 0.0, 0.0, 0.0, 0.0, 0.0, 0.0, 0.0, 0.0, 0.0, 0.0, 0.0, 0.0, 0.0, 0.0, 0.0, 0.0, 0.0, 0.0, 0.0, 0.0, 0.0, 0.0, 0.0, 0.0, 0.0, 0.0, 0.0, 0.0, 0.0, 0.0, 0.0, 0.0], "Fermi-level/eV": -8.5248, "Coordination numbers": [3.748, 3.748, 2.735, 2.898, 2.917, 2.853, 1.704, 3.642, 2.919, 2.961, 3.754, 2.898, 2.691, 2.756, 0.861, 2.964, 2.934, 2.904, 2.876, 1.835, 2.876, 0.924, 0.924, 0.924, 0.923, 0.924, 0.925, 0.924, 0.924, 0.924, 0.925, 0.924, 0.924, 0.924, 0.86, 0.925, 0.925, 0.925], "Dispersion coefficient C6": [22.626, 20.55, 23.334, 26.778, 30.268, 25.001, 18.472, 20.328, 29.799, 28.114, 22.647, 27.27, 24.441, 22.495, 22.667, 28.849, 28.109, 29.133, 26.615, 27.676, 24.797, 2.449, 2.373, 2.411, 2.2, 2.442, 2.368, 2.42, 2.408, 2.196, 2.28, 2.33, 2.341, 2.289, 1.105, 2.171, 2.427, 2.401], "Total dispersion C6": 17047.895464, "Total dispersion C8": 403907.826053, "Polarizability alpha": [6.784, 6.466, 7.174, 8.485, 9.022, 8.195, 5.803, 6.482, 8.952, 8.697, 6.786, 8.562, 7.342, 7.767, 6.383, 8.81, 8.695, 8.85, 8.457, 7.796, 8.163, 2.448, 2.409, 2.428, 2.32, 2.444, 2.406, 2.433, 2.427, 2.317, 2.361, 2.387, 2.393, 2.366, 1.647, 2.304, 2.436, 2.423], "Total polarizability alpha": 203.620969, "Wiberg matrix": [[0.0, 1.0158626597252278, 0.0, 0.0, 0.0, 0.0, 0.0, 0.0, 0.0, 0.0, 0.0, 0.0, 0.0, 0.0, 0.0, 0.0, 0.0, 0.0, 0.0, 0.0, 0.0, 0.9855207245459129, 0.9866026111452322, 0.984554171719511, 0.0, 0.0, 0.0, 0.0, 0.0, 0.0, 0.0, 0.0, 0.0, 0.0, 0.0, 0.0, 0.0, 0.0], [1.0158626597252278, 0.0, 0.9776233930751562, 0.0, 0.0, 0.0, 0.0, 0.0, 0.0, 0.0, 0.0, 0.0, 0.0, 0.0, 0.0, 0.0, 0.0, 0.0, 0.0, 0.0, 0.0, 0.0, 0.0, 0.0, 0.9712447946586897, 0.9655813545331176, 0.0, 0.0, 0.0, 0.0, 0.0, 0.0, 0.0, 0.0, 0.0, 0.0, 0.0, 0.0], [0.0, 0.9776233930751562, 0.0, 1.0464423310619848, 0.0, 0.0, 0.0, 0.0, 0.0, 0.0, 0.0, 0.0, 0.0, 0.0, 0.0, 0.0, 0.0, 0.0, 0.0, 0.0, 1.0846892655148193, 0.0, 0.0, 0.0, 0.0, 0.0, 0.0, 0.0, 0.0, 0.0, 0.0, 0.0, 0.0, 0.0, 0.0, 0.0, 0.0, 0.0], [0.0, 0.0, 1.0464423310619848, 0.0, 1.3720407770596765, 0.0, 0.0, 0.0, 0.0, 0.0, 0.0, 1.3262657782110954, 0.0, 0.0, 0.0, 0.0, 0.0, 0.0, 0.0, 0.0, 0.0, 0.0, 0.0, 0.0, 0.0, 0.0, 0.0, 0.0, 0.0, 0.0, 0.0, 0.0, 0.0, 0.0, 0.0, 0.0, 0.0, 0.0], [0.0, 0.0, 0.0, 1.3720407770596765, 0.0, 1.3742482495037174, 0.0, 0.0, 0.0, 0.0, 0.0, 0.0, 0.0, 0.0, 0.0, 0.0, 0.0, 0.0, 0.0, 0.0, 0.0, 0.0, 0.0, 0.0, 0.0, 0.0, 0.9594516525260096, 0.0, 0.0, 0.0, 0.0, 0.0, 0.0, 0.0, 0.0, 0.0, 0.0, 0.0], [0.0, 0.0, 0.0, 0.0, 1.3742482495037174, 0.0, 1.058457017504859, 0.0, 1.3534646131147892, 0.0, 0.0, 0.0, 0.0, 0.0, 0.0, 0.0, 0.0, 0.0, 0.0, 0.0, 0.0, 0.0, 0.0, 0.0, 0.0, 0.0, 0.0, 0.0, 0.0, 0.0, 0.0, 0.0, 0.0, 0.0, 0.0, 0.0, 0.0, 0.0], [0.0, 0.0, 0.0, 0.0, 0.0, 1.058457017504859, 0.0, 0.9820806924348676, 0.0, 0.0, 0.0, 0.0, 0.0, 0.0, 0.0, 0.0, 0.0, 0.0, 0.0, 0.0, 0.0, 0.0, 0.0, 0.0, 0.0, 0.0, 0.0, 0.0, 0.0, 0.0, 0.0, 0.0, 0.0, 0.0, 0.0, 0.0, 0.0, 0.0], [0.0, 0.0, 0.0, 0.0, 0.0, 0.0, 0.9820806924348676, 0.0, 0.0, 0.0, 0.0, 0.0, 0.0, 0.0, 0.0, 0.0, 0.0, 0.0, 0.0, 0.0, 0.0, 0.0, 0.0, 0.0, 0.0, 0.0, 0.0, 0.9778004135915879, 0.9779534322661835, 0.9801111941906303, 0.0, 0.0, 0.0, 0.0, 0.0, 0.0, 0.0, 0.0], [0.0, 0.0, 0.0, 0.0, 0.0, 1.3534646131147892, 0.0, 0.0, 0.0, 1.4293850838459574, 0.0, 0.0, 0.0, 0.0, 0.0, 0.0, 0.0, 0.0, 0.0, 0.0, 0.0, 0.0, 0.0, 0.0, 0.0, 0.0, 0.0, 0.0, 0.0, 0.0, 0.9651299329837935, 0.0, 0.0, 0.0, 0.0, 0.0, 0.0, 0.0], [0.0, 0.0, 0.0, 0.0, 0.0, 0.0, 0.0, 0.0, 1.4293850838459574, 0.0, 1.0259990133252204, 1.3391480662004123, 0.0, 0.0, 0.0, 0.0, 0.0, 0.0, 0.0, 0.0, 0.0, 0.0, 0.0, 0.0, 0.0, 0.0, 0.0, 0.0, 0.0, 0.0, 0.0, 0.0, 0.0, 0.0, 0.0, 0.0, 0.0, 0.0], [0.0, 0.0, 0.0, 0.0, 0.0, 0.0, 0.0, 0.0, 0.0, 1.0259990133252204, 0.0, 0.0, 0.0, 0.0, 0.0, 0.0, 0.0, 0.0, 0.0, 0.0, 0.0, 0.0, 0.0, 0.0, 0.0, 0.0, 0.0, 0.0, 0.0, 0.0, 0.0, 0.9723622432416428, 0.9688578161255221, 0.9825549134605396, 0.0, 0.0, 0.0, 0.0], [0.0, 0.0, 0.0, 1.3262657782110954, 0.0, 0.0, 0.0, 0.0, 0.0, 1.3391480662004123, 0.0, 0.0, 1.0661218102675267, 0.0, 0.0, 0.0, 0.0, 0.0, 0.0, 0.0, 0.0, 0.0, 0.0, 0.0, 0.0, 0.0, 0.0, 0.0, 0.0, 0.0, 0.0, 0.0, 0.0, 0.0, 0.0, 0.0, 0.0, 0.0], [0.0, 0.0, 0.0, 0.0, 0.0, 0.0, 0.0, 0.0, 0.0, 0.0, 0.0, 1.0661218102675267, 0.0, 1.2032702267001314, 0.167667382013121, 0.0, 0.0, 0.0, 0.0, 0.0, 0.0, 0.0, 0.0, 0.0, 0.0, 0.0, 0.0, 0.0, 0.0, 0.0, 0.0, 0.0, 0.0, 0.0, 0.9194460006882488, 0.0, 0.0, 0.0], [0.0, 0.0, 0.0, 0.0, 0.0, 0.0, 0.0, 0.0, 0.0, 0.0, 0.0, 0.0, 1.2032702267001314, 0.0, 1.6486590286536909, 1.009442896930506, 0.0, 0.0, 0.0, 0.0, 0.0, 0.0, 0.0, 0.0, 0.0, 0.0, 0.0, 0.0, 0.0, 0.0, 0.0, 0.0, 0.0, 0.0, 0.0, 0.0, 0.0, 0.0], [0.0, 0.0, 0.0, 0.0, 0.0, 0.0, 0.0, 0.0, 0.0, 0.0, 0.0, 0.0, 0.167667382013121, 1.6486590286536909, 0.0, 0.0, 0.0, 0.0, 0.0, 0.0, 0.0, 0.0, 0.0, 0.0, 0.0, 0.0, 0.0, 0.0, 0.0, 0.0, 0.0, 0.0, 0.0, 0.0, 0.0, 0.0, 0.0, 0.0], [0.0, 0.0, 0.0, 0.0, 0.0, 0.0, 0.0, 0.0, 0.0, 0.0, 0.0, 0.0, 0.0, 1.009442896930506, 0.0, 0.0, 1.3966474580296122, 0.0, 0.10049776594296753, 0.0, 1.3314802375216033, 0.0, 0.0, 0.0, 0.0, 0.0, 0.0, 0.0, 0.0, 0.0, 0.0, 0.0, 0.0, 0.0, 0.0, 0.0, 0.0, 0.0], [0.0, 0.0, 0.0, 0.0, 0.0, 0.0, 0.0, 0.0, 0.0, 0.0, 0.0, 0.0, 0.0, 0.0, 0.0, 1.3966474580296122, 0.0, 1.4323949117864554, 0.0, 0.10023327847688634, 0.0, 0.0, 0.0, 0.0, 0.0, 0.0, 0.0, 0.0, 0.0, 0.0, 0.0, 0.0, 0.0, 0.0, 0.0, 0.9655940018765499, 0.0, 0.0], [0.0, 0.0, 0.0, 0.0, 0.0, 0.0, 0.0, 0.0, 0.0, 0.0, 0.0, 0.0, 0.0, 0.0, 0.0, 0.0, 1.4323949117864554, 0.0, 1.4346717924645165, 0.0, 0.0, 0.0, 0.0, 0.0, 0.0, 0.0, 0.0, 0.0, 0.0, 0.0, 0.0, 0.0, 0.0, 0.0, 0.0, 0.0, 0.9678792558778335, 0.0], [0.0, 0.0, 0.0, 0.0, 0.0, 0.0, 0.0, 0.0, 0.0, 0.0, 0.0, 0.0, 0.0, 0.0, 0.0, 0.10049776594296753, 0.0, 1.4346717924645165, 0.0, 1.4256054777148144, 0.0, 0.0, 0.0, 0.0, 0.0, 0.0, 0.0, 0.0, 0.0, 0.0, 0.0, 0.0, 0.0, 0.0, 0.0, 0.0, 0.0, 0.9634177078792642], [0.0, 0.0, 0.0, 0.0, 0.0, 0.0, 0.0, 0.0, 0.0, 0.0, 0.0, 0.0, 0.0, 0.0, 0.0, 0.0, 0.10023327847688634, 0.0, 1.4256054777148144, 0.0, 1.3520007396712592, 0.0, 0.0, 0.0, 0.0, 0.0, 0.0, 0.0, 0.0, 0.0, 0.0, 0.0, 0.0, 0.0, 0.0, 0.0, 0.0, 0.0], [0.0, 0.0, 1.0846892655148193, 0.0, 0.0, 0.0, 0.0, 0.0, 0.0, 0.0, 0.0, 0.0, 0.0, 0.0, 0.0, 1.3314802375216033, 0.0, 0.0, 0.0, 1.3520007396712592, 0.0, 0.0, 0.0, 0.0, 0.0, 0.0, 0.0, 0.0, 0.0, 0.0, 0.0, 0.0, 0.0, 0.0, 0.0, 0.0, 0.0, 0.0], [0.9855207245459129, 0.0, 0.0, 0.0, 0.0, 0.0, 0.0, 0.0, 0.0, 0.0, 0.0, 0.0, 0.0, 0.0, 0.0, 0.0, 0.0, 0.0, 0.0, 0.0, 0.0, 0.0, 0.0, 0.0, 0.0, 0.0, 0.0, 0.0, 0.0, 0.0, 0.0, 0.0, 0.0, 0.0, 0.0, 0.0, 0.0, 0.0], [0.9866026111452322, 0.0, 0.0, 0.0, 0.0, 0.0, 0.0, 0.0, 0.0, 0.0, 0.0, 0.0, 0.0, 0.0, 0.0, 0.0, 0.0, 0.0, 0.0, 0.0, 0.0, 0.0, 0.0, 0.0, 0.0, 0.0, 0.0, 0.0, 0.0, 0.0, 0.0, 0.0, 0.0, 0.0, 0.0, 0.0, 0.0, 0.0], [0.984554171719511, 0.0, 0.0, 0.0, 0.0, 0.0, 0.0, 0.0, 0.0, 0.0, 0.0, 0.0, 0.0, 0.0, 0.0, 0.0, 0.0, 0.0, 0.0, 0.0, 0.0, 0.0, 0.0, 0.0, 0.0, 0.0, 0.0, 0.0, 0.0, 0.0, 0.0, 0.0, 0.0, 0.0, 0.0, 0.0, 0.0, 0.0], [0.0, 0.9712447946586897, 0.0, 0.0, 0.0, 0.0, 0.0, 0.0, 0.0, 0.0, 0.0, 0.0, 0.0, 0.0, 0.0, 0.0, 0.0, 0.0, 0.0, 0.0, 0.0, 0.0, 0.0, 0.0, 0.0, 0.0, 0.0, 0.0, 0.0, 0.0, 0.0, 0.0, 0.0, 0.0, 0.0, 0.0, 0.0, 0.0], [0.0, 0.9655813545331176, 0.0, 0.0, 0.0, 0.0, 0.0, 0.0, 0.0, 0.0, 0.0, 0.0, 0.0, 0.0, 0.0, 0.0, 0.0, 0.0, 0.0, 0.0, 0.0, 0.0, 0.0, 0.0, 0.0, 0.0, 0.0, 0.0, 0.0, 0.0, 0.0, 0.0, 0.0, 0.0, 0.0, 0.0, 0.0, 0.0], [0.0, 0.0, 0.0, 0.0, 0.9594516525260096, 0.0, 0.0, 0.0, 0.0, 0.0, 0.0, 0.0, 0.0, 0.0, 0.0, 0.0, 0.0, 0.0, 0.0, 0.0, 0.0, 0.0, 0.0, 0.0, 0.0, 0.0, 0.0, 0.0, 0.0, 0.0, 0.0, 0.0, 0.0, 0.0, 0.0, 0.0, 0.0, 0.0], [0.0, 0.0, 0.0, 0.0, 0.0, 0.0, 0.0, 0.9778004135915879, 0.0, 0.0, 0.0, 0.0, 0.0, 0.0, 0.0, 0.0, 0.0, 0.0, 0.0, 0.0, 0.0, 0.0, 0.0, 0.0, 0.0, 0.0, 0.0, 0.0, 0.0, 0.0, 0.0, 0.0, 0.0, 0.0, 0.0, 0.0, 0.0, 0.0], [0.0, 0.0, 0.0, 0.0, 0.0, 0.0, 0.0, 0.9779534322661835, 0.0, 0.0, 0.0, 0.0, 0.0, 0.0, 0.0, 0.0, 0.0, 0.0, 0.0, 0.0, 0.0, 0.0, 0.0, 0.0, 0.0, 0.0, 0.0, 0.0, 0.0, 0.0, 0.0, 0.0, 0.0, 0.0, 0.0, 0.0, 0.0, 0.0], [0.0, 0.0, 0.0, 0.0, 0.0, 0.0, 0.0, 0.9801111941906303, 0.0, 0.0, 0.0, 0.0, 0.0, 0.0, 0.0, 0.0, 0.0, 0.0, 0.0, 0.0, 0.0, 0.0, 0.0, 0.0, 0.0, 0.0, 0.0, 0.0, 0.0, 0.0, 0.0, 0.0, 0.0, 0.0, 0.0, 0.0, 0.0, 0.0], [0.0, 0.0, 0.0, 0.0, 0.0, 0.0, 0.0, 0.0, 0.9651299329837935, 0.0, 0.0, 0.0, 0.0, 0.0, 0.0, 0.0, 0.0, 0.0, 0.0, 0.0, 0.0, 0.0, 0.0, 0.0, 0.0, 0.0, 0.0, 0.0, 0.0, 0.0, 0.0, 0.0, 0.0, 0.0, 0.0, 0.0, 0.0, 0.0], [0.0, 0.0, 0.0, 0.0, 0.0, 0.0, 0.0, 0.0, 0.0, 0.0, 0.9723622432416428, 0.0, 0.0, 0.0, 0.0, 0.0, 0.0, 0.0, 0.0, 0.0, 0.0, 0.0, 0.0, 0.0, 0.0, 0.0, 0.0, 0.0, 0.0, 0.0, 0.0, 0.0, 0.0, 0.0, 0.0, 0.0, 0.0, 0.0], [0.0, 0.0, 0.0, 0.0, 0.0, 0.0, 0.0, 0.0, 0.0, 0.0, 0.9688578161255221, 0.0, 0.0, 0.0, 0.0, 0.0, 0.0, 0.0, 0.0, 0.0, 0.0, 0.0, 0.0, 0.0, 0.0, 0.0, 0.0, 0.0, 0.0, 0.0, 0.0, 0.0, 0.0, 0.0, 0.0, 0.0, 0.0, 0.0], [0.0, 0.0, 0.0, 0.0, 0.0, 0.0, 0.0, 0.0, 0.0, 0.0, 0.9825549134605396, 0.0, 0.0, 0.0, 0.0, 0.0, 0.0, 0.0, 0.0, 0.0, 0.0, 0.0, 0.0, 0.0, 0.0, 0.0, 0.0, 0.0, 0.0, 0.0, 0.0, 0.0, 0.0, 0.0, 0.0, 0.0, 0.0, 0.0], [0.0, 0.0, 0.0, 0.0, 0.0, 0.0, 0.0, 0.0, 0.0, 0.0, 0.0, 0.0, 0.9194460006882488, 0.0, 0.0, 0.0, 0.0, 0.0, 0.0, 0.0, 0.0, 0.0, 0.0, 0.0, 0.0, 0.0, 0.0, 0.0, 0.0, 0.0, 0.0, 0.0, 0.0, 0.0, 0.0, 0.0, 0.0, 0.0], [0.0, 0.0, 0.0, 0.0, 0.0, 0.0, 0.0, 0.0, 0.0, 0.0, 0.0, 0.0, 0.0, 0.0, 0.0, 0.0, 0.9655940018765499, 0.0, 0.0, 0.0, 0.0, 0.0, 0.0, 0.0, 0.0, 0.0, 0.0, 0.0, 0.0, 0.0, 0.0, 0.0, 0.0, 0.0, 0.0, 0.0, 0.0, 0.0], [0.0, 0.0, 0.0, 0.0, 0.0, 0.0, 0.0, 0.0, 0.0, 0.0, 0.0, 0.0, 0.0, 0.0, 0.0, 0.0, 0.0, 0.9678792558778335, 0.0, 0.0, 0.0, 0.0, 0.0, 0.0, 0.0, 0.0, 0.0, 0.0, 0.0, 0.0, 0.0, 0.0, 0.0, 0.0, 0.0, 0.0, 0.0, 0.0], [0.0, 0.0, 0.0, 0.0, 0.0, 0.0, 0.0, 0.0, 0.0, 0.0, 0.0, 0.0, 0.0, 0.0, 0.0, 0.0, 0.0, 0.0, 0.9634177078792642, 0.0, 0.0, 0.0, 0.0, 0.0, 0.0, 0.0, 0.0, 0.0, 0.0, 0.0, 0.0, 0.0, 0.0, 0.0, 0.0, 0.0, 0.0, 0.0]], "Born radii": [], "Atomic SASAs": [], "Solvent H bonds": [], "Total SASA": NaN, "Total FOD": 0.0, "FOD": [0.0, 0.0, 0.0, 0.0, 0.0, 0.0, 0.0, 0.0, 0.0, 0.0, 0.0, 0.0, 0.0, 0.0, 0.0, 0.0, 0.0, 0.0, 0.0, 0.0, 0.0, 0.0, 0.0, 0.0, 0.0, 0.0, 0.0, 0.0, 0.0, 0.0, 0.0, 0.0, 0.0, 0.0, 0.0, 0.0, 0.0, 0.0], "FOD s proportion": [0.0, 0.0, 0.0, 0.0, 0.0, 0.0, 0.0, 0.0, 0.0, 0.0, 0.0, 0.0, 0.0, 0.0, 0.0, 0.0, 0.0, 0.0, 0.0, 0.0, 0.0, 0.0, 0.0, 0.0, 0.0, 0.0, 0.0, 0.0, 0.0, 0.0, 0.0, 0.0, 0.0, 0.0, 0.0, 0.0, 0.0, 0.0], "FOD p proportion": [0.0, 0.0, 0.0, 0.0, 0.0, 0.0, 0.0, 0.0, 0.0, 0.0, 0.0, 0.0, 0.0, 0.0, 0.0, 0.0, 0.0, 0.0, 0.0, 0.0, 0.0, 0.0, 0.0, 0.0, 0.0, 0.0, 0.0, 0.0, 0.0, 0.0, 0.0, 0.0, 0.0, 0.0, 0.0, 0.0, 0.0, 0.0], "FOD d proportion": [0.0, 0.0, 0.0, 0.0, 0.0, 0.0, 0.0, 0.0, 0.0, 0.0, 0.0, 0.0, 0.0, 0.0, 0.0, 0.0, 0.0, 0.0, 0.0, 0.0, 0.0, 0.0, 0.0, 0.0, 0.0, 0.0, 0.0, 0.0, 0.0, 0.0, 0.0, 0.0, 0.0, 0.0, 0.0, 0.0, 0.0, 0.0], "coordinates": [["0.16770", "-3.05590", "0.96930"], ["-0.68930", "-2.36750", "-0.09110"], ["-0.79130", "-0.91430", "0.15000"], ["0.37720", "-0.11560", "0.11190"], ["1.50570", "-0.50700", "-0.64370"], ["2.69930", "0.21260", "-0.61720"], ["3.84220", "-0.09100", "-1.30390"], ["3.80350", "-1.22760", "-2.15760"], ["2.78500", "1.34960", "0.17730"], ["1.68420", "1.79780", "0.92060"], ["1.84670", "3.05160", "1.74010"], ["0.46480", "1.08080", "0.86020"], ["-0.60960", "1.57590", "1.62160"], ["-1.96220", "1.43700", "1.46410"], ["-2.70260", "2.00830", "2.26910"], ["-2.56830", "0.75170", "0.31080"], ["-3.80920", "1.23160", "-0.14220"], ["-4.47010", "0.58740", "-1.17830"], ["-3.87250", "-0.53140", "-1.71660"], ["-2.68890", "-1.02490", "-1.29150"], ["-2.02840", "-0.38490", "-0.28180"], ["1.21690", "-2.75260", "0.92130"], ["-0.20140", "-2.82900", "1.97530"], ["0.13250", "-4.14150", "0.83140"], ["-1.67800", "-2.84020", "-0.00470"], ["-0.32820", "-2.59350", "-1.10130"], ["1.43720", "-1.39040", "-1.26580"], ["3.62690", "-2.14430", "-1.58550"], ["3.05580", "-1.10300", "-2.94790"], ["4.78280", "-1.31850", "-2.63750"], ["3.72470", "1.89830", "0.20320"], ["1.10850", "3.80240", "1.44010"], ["1.73280", "2.82570", "2.80510"], ["2.83730", "3.49900", "1.60370"], ["-0.40350", "2.25870", "2.33810"], ["-4.26070", "2.10550", "0.32320"], ["-5.42630", "0.94350", "-1.54370"], ["-4.34100", "-1.08420", "-2.52590"]], "bond_dist": [[0.0, 1.5273479367845426, 2.485434378534263, 3.0699167904032834, 3.2998339670353114, 4.428213303353848, 5.2402309586505815, 5.132175575718352, 5.185166683916728, 5.085326698453109, 6.380809501152655, 4.148789957324906, 4.741651802905819, 4.996744085902338, 5.964413111949909, 4.734673801857948, 5.952631528156266, 6.276544390825258, 5.469037858709702, 4.170892134783636, 3.677274455354128, 1.0932133963687054, 1.0953330178534744, 1.0948894053738942, 2.0980493273514806, 2.178787490784725, 3.062873244194085, 4.395916541518958, 5.2439866380455245, 6.109559150216978, 6.14680859064279, 6.938518297878878, 6.357115557389215, 7.106049643085812, 5.517685750384848, 6.831414328673089, 7.321420993222558, 6.035925746726843], [1.5273479367845426, 0.0, 1.476591835951967, 2.499936971205474, 2.92999181056876, 4.2914225124077445, 5.214194888954574, 5.074942965196752, 5.095059514863394, 4.899669706214899, 6.257094713203565, 3.7586821347381854, 4.300011272078249, 4.302690053908136, 5.363911499083481, 3.66354653989819, 4.763392491701686, 4.920151063737779, 4.01824286224713, 2.6910843688000567, 2.4000537618978455, 2.1924539242592993, 2.1727948867760163, 2.161813472527174, 1.0992897434252717, 1.0963454063387141, 2.6185199540962065, 4.573033133490289, 4.877093447946225, 6.12604541037691, 6.145490877871352, 6.606385115174561, 6.420581678477426, 7.051601013245149, 5.233012585499868, 5.738838859037602, 5.959189270362203, 4.572747841287556], [2.485434378534263, 1.476591835951967, 0.0, 1.4158974362573018, 2.4641554293509977, 3.7473707862980414, 4.925542645232097, 5.151248556418143, 4.2327190067378675, 3.7519876092545936, 5.0215361016326465, 2.462233794748175, 2.898226611222801, 2.9370865343057226, 4.084757429762507, 2.441135317838812, 3.7145643163095188, 4.189636406658697, 3.622789175483442, 2.3855901513042843, 1.4131992110102525, 2.8296851096897693, 2.7103096114650818, 3.4252784178808007, 2.1258550726707592, 2.1447437935567035, 2.6827920344298026, 4.9036059680606465, 4.942951598994269, 6.245328229965179, 5.320507964471062, 5.246032495133823, 5.235287653988078, 5.895523601852511, 3.8737707017839864, 4.602817250337015, 5.272880193025441, 4.448558970048616], [3.0699167904032834, 2.499936971205474, 1.4158974362573018, 0.0, 1.4133780704397534, 2.4559011502908663, 3.7431697530301773, 4.2575469392597425, 2.819324216900213, 2.454250241927257, 3.8524824892528717, 1.4138598268569624, 2.472678826697879, 3.116376735890576, 4.318521864017826, 3.0769694099876914, 4.405162835809818, 5.06509055496543, 4.645024432659101, 3.4924672167394784, 2.4524342070685603, 2.8833996341124832, 3.3420917222601774, 4.097002459115689, 3.4148042052217282, 2.8477064121850764, 2.1556373373088524, 4.190148033184507, 4.184761971725513, 5.330617237243732, 3.9076700410858645, 4.20114733495506, 4.21215185979803, 4.619836838027941, 3.3470523479623084, 5.146654185973642, 6.127260107095177, 5.491592304605287], [3.2998339670353114, 2.92999181056876, 2.4641554293509977, 1.4133780704397534, 0.0, 1.393989730952133, 2.4633619892334138, 2.8444757706825348, 2.3995026672208555, 2.791236245823703, 4.296791523916421, 2.4220439426236675, 3.7342402962316177, 4.499809690420252, 5.702712233665662, 4.369539099264361, 5.614480761388358, 6.098663309283437, 5.484226929112251, 4.2758080417623985, 3.5546790051986408, 2.7523353356740525, 3.894231042195622, 4.155861944290257, 3.998510839049958, 2.8153275511030684, 1.0826339270501364, 2.8402865999754314, 2.840310484788591, 3.920861525226312, 3.3803355898490315, 4.8032196118853445, 4.80132118692345, 4.782468120123751, 4.492802284766157, 6.404015991547803, 7.139087774358851, 6.1692574569392065], [4.428213303353848, 4.2914225124077445, 3.7473707862980414, 2.4559011502908663, 1.393989730952133, 0.0, 1.3674612462516078, 2.3803919509190075, 1.389727937403577, 2.43066161569232, 3.7873092097160486, 2.815931861746658, 4.221330541428851, 5.249814025277467, 6.382459540804, 5.375818316312411, 6.604888965758622, 7.201083571935547, 6.704533660143709, 5.569451138128423, 4.777096053043104, 3.6547097080342783, 4.938263591587635, 5.257859926814331, 5.3717315066931635, 4.156237032460973, 2.1408380064825083, 2.711646042535788, 2.700010759237822, 3.2812880931122153, 2.1368401461035873, 4.432808587114946, 4.412997977565818, 3.9688620245606923, 4.748440916764154, 7.273858850019018, 8.210846023400999, 7.408822444896355], [5.2402309586505815, 5.214194888954574, 4.925542645232097, 3.7431697530301773, 2.4633619892334138, 1.3674612462516078, 0.0, 1.4220270531885109, 2.3209811804493374, 3.62945308414367, 4.808730706745804, 4.178908327542015, 5.581722771689759, 6.609664693462143, 7.746469939914567, 6.664226108859152, 7.851289041297615, 8.34088323920195, 7.73827303343582, 6.597544253735628, 5.96615537678998, 4.350612564915428, 5.88221876505796, 5.893040847474247, 6.302271758659729, 4.867832081121944, 2.7338465520215287, 2.0836730885625987, 2.0845395079009656, 2.042051314242617, 2.498493776258008, 5.491922727970596, 5.46265395664049, 4.727796714115361, 6.067225278494281, 8.551552787067386, 9.329136430559904, 8.333336215466169], [5.132175575718352, 5.074942965196752, 5.151248556418143, 4.2575469392597425, 2.8444757706825348, 2.3803919509190075, 1.4220270531885109, 0.0, 3.6236804632859116, 4.8083045754194895, 6.110047804231977, 5.057938818333017, 6.451156214199126, 7.311641439512744, 8.508587362776503, 7.11410305590241, 8.250012308475666, 8.526764359943343, 7.720113434399782, 6.553050759760678, 6.183835908236893, 4.300668525938729, 5.9736561986776575, 5.558882550477209, 6.105923306102035, 4.477990329377678, 2.534006071421298, 1.094908608058225, 1.0950591490873907, 1.0943469787960307, 3.918014406558506, 6.745915081736503, 6.733901593430067, 6.117325207147321, 7.075624013470472, 9.071672717310738, 9.501566000402251, 8.154084172977369], [5.185166683916728, 5.095059514863394, 4.2327190067378675, 2.819324216900213, 2.3995026672208555, 1.389727937403577, 2.3209811804493374, 3.6236804632859116, 0.0, 1.4018340736335384, 2.493903512568199, 2.4335023916158374, 3.6960145210753708, 4.91928865182762, 5.909591076377452, 5.3882397450373345, 6.602990071929535, 7.419910795285885, 7.1726790294840335, 6.1448519022023635, 5.136933192090393, 4.454269687614346, 5.441698900159766, 6.1331706539114, 6.124207462194598, 5.18409778167812, 3.37738100456552, 4.002948495796567, 3.9818908121644925, 4.36268970819608, 1.0884753511219258, 3.2282416158026335, 3.1923860809745426, 2.5801691049231636, 3.957531010617605, 7.087634309838509, 8.399536052663864, 8.000659265335576], [5.085326698453109, 4.899669706214899, 3.7519876092545936, 2.454250241927257, 2.791236245823703, 2.43066161569232, 3.62945308414367, 4.8083045754194895, 1.4018340736335384, 0.0, 1.5066522292818605, 1.4158649370614416, 2.408767122409304, 3.704295054392941, 4.594211220655837, 4.421531126205039, 5.623839421605137, 6.614065153897412, 6.576998659723142, 5.65553050650423, 4.471391708405784, 4.5743316386112625, 5.106384013174098, 6.139300776147068, 5.802724612628106, 5.236539798378315, 3.8737544062575777, 5.059127682713691, 5.026054063577112, 5.654442789524004, 2.165272098374705, 2.149356159411464, 2.1471564032459303, 2.165720817649403, 2.5651951875052315, 5.982758733226671, 7.57375819722283, 7.515804766623465], [6.380809501152655, 6.257094713203565, 5.0215361016326465, 3.8524824892528717, 4.296791523916421, 3.7873092097160486, 4.808730706745804, 6.110047804231977, 2.493903512568199, 1.5066522292818605, 0.0, 2.5627961799565724, 2.8679509113651163, 4.146182385038072, 4.697280743153426, 5.17925317975478, 6.232548283005917, 7.381822433518705, 7.582605919471221, 6.810295013433706, 5.560037038545697, 5.895406611931021, 6.231491716274684, 7.450161403620728, 7.08386507282571, 6.683629102516088, 5.379078830060032, 6.420755735114053, 6.379652652770369, 6.847031399080918, 2.6868283346726862, 1.0948241319956369, 1.0946364784712777, 1.095472537309813, 2.459612662595475, 6.340587163662368, 8.253723829278517, 8.578533029020754], [4.148789957324906, 3.7586821347381854, 2.462233794748175, 1.4138598268569624, 2.4220439426236675, 2.815931861746658, 4.178908327542015, 5.057938818333017, 2.4335023916158374, 1.4158649370614416, 2.5627961799565724, 0.0, 1.4068366394148257, 2.5262427931614178, 3.5885482050545177, 3.0999746418317677, 4.392564444604085, 5.362104420840758, 5.296343868179256, 4.36000104013749, 3.1094190341605614, 3.9069608623583627, 4.119927971457754, 5.232940857682227, 4.551250910464066, 4.2399070437923525, 3.4018035216631777, 5.13630167630368, 5.097439460160365, 6.052740683359894, 3.424456637190782, 2.856175810415038, 2.9043305631418748, 3.468319440305348, 2.0798032863710936, 4.8650518332285015, 6.364168893893374, 6.264871255660407], [4.741651802905819, 4.300011272078249, 2.898226611222801, 2.472678826697879, 3.7342402962316177, 4.221330541428851, 5.581722771689759, 6.451156214199126, 3.6960145210753708, 2.408767122409304, 2.8679509113651163, 1.4068366394148257, 0.0, 1.3688046683146575, 2.233131211998077, 2.496799545418094, 3.6697374688116313, 4.870321602317449, 5.121602184863638, 4.424228829977039, 3.0790683071344813, 4.7499931147318515, 4.437890821099591, 5.819260366232121, 4.82579210700171, 4.987711572454847, 4.617943772936176, 6.486394275712818, 6.441427840160905, 7.456236445419364, 4.571865790899817, 2.8181753156963105, 2.906804095566125, 3.947119662488078, 1.010972452641515, 3.9111187568264913, 5.798245660542506, 6.180714701391741], [4.996744085902338, 4.302690053908136, 2.9370865343057226, 3.116376735890576, 4.499809690420252, 5.249814025277467, 6.609664693462143, 7.311641439512744, 4.91928865182762, 3.704295054392941, 4.146182385038072, 2.5262427931614178, 1.3688046683146575, 0.0, 1.2339371337308882, 1.4721053596804814, 2.456379011879071, 3.7408101168062515, 4.200082992037181, 3.76594952966712, 2.524256100319459, 5.28715961646705, 4.643328340748692, 5.9923067035992075, 4.531289322036279, 5.049372575875145, 5.196389624537406, 7.305053638406771, 7.14826328558203, 8.361275489421455, 5.843243800321872, 3.8761955123548657, 4.168907973318673, 5.225565271815099, 1.966878893068915, 2.6517253458833174, 4.614151265400822, 5.2853797290261], [5.964413111949909, 5.363911499083481, 4.084757429762507, 4.318521864017826, 5.702712233665662, 6.382459540804, 7.746469939914567, 8.508587362776503, 5.909591076377452, 4.594211220655837, 4.697280743153426, 3.5885482050545177, 2.233131211998077, 1.2339371337308882, 0.0, 2.3306692043273753, 2.764451869720289, 4.12644881465892, 4.868731517551568, 4.677431163576862, 3.562168256834593, 6.3123065435702665, 5.453603503189428, 6.922774973953725, 5.452331964398352, 6.178505867926323, 6.4175247362203445, 8.494974877537896, 8.369972953958692, 9.54848338533403, 6.7520536209363735, 4.293078035628982, 4.541829138133665, 5.775416492340616, 2.3137246962419704, 2.494724485789964, 4.8051830943263765, 5.936323425319749], [4.734673801857948, 3.66354653989819, 2.441135317838812, 3.0769694099876914, 4.369539099264361, 5.375818316312411, 6.664226108859152, 7.11410305590241, 5.3882397450373345, 4.421531126205039, 5.17925317975478, 3.0999746418317677, 2.496799545418094, 1.4721053596804814, 2.3306692043273753, 0.0, 1.4054699641045343, 2.421003209415469, 2.7308668971592156, 2.3954576201636297, 1.3908725067381265, 5.1942822199029575, 4.603714625169549, 5.613265648443871, 3.714016686823041, 4.266431466694385, 4.808148315100107, 7.096708584266372, 6.75940371556545, 8.18638333698099, 6.397508758884195, 4.9092715569623975, 5.387250662443693, 6.19998056932439, 3.326763191151423, 2.1672900036681755, 3.412348383445044, 3.8157385903649117], [5.952631528156266, 4.763392491701686, 3.7145643163095188, 4.405162835809818, 5.614480761388358, 6.604888965758622, 7.851289041297615, 8.250012308475666, 6.602990071929535, 5.623839421605137, 6.232548283005917, 4.392564444604085, 3.6697374688116313, 2.456379011879071, 2.764451869720289, 1.4054699641045343, 0.0, 1.3875466334505662, 2.364510784496446, 2.76907111320746, 2.409109596925802, 6.50127395977127, 5.8299656474116555, 6.734619474031179, 4.597877219978803, 5.260097320392466, 5.971773096828111, 8.293093446356432, 7.7749941897084405, 9.303332526573476, 7.571224422773374, 5.770308416367361, 6.476225451603734, 7.236382509237609, 4.336544129834262, 1.0881868497643223, 2.1592165870982005, 3.365674757013815], [6.276544390825258, 4.920151063737779, 4.189636406658697, 5.06509055496543, 6.098663309283437, 7.201083571935547, 8.34088323920195, 8.526764359943343, 7.419910795285885, 6.614065153897412, 7.381822433518705, 5.362104420840758, 4.870321602317449, 3.7408101168062515, 4.12644881465892, 2.421003209415469, 1.3875466334505662, 0.0, 1.3778991581389404, 2.4052024800419614, 2.7768648562722675, 6.921408033052234, 6.31179701907468, 6.898211076793751, 4.574013678379198, 5.222967491761748, 6.230212065411577, 8.555080696872475, 7.913792209175068, 9.559177676976196, 8.41318893761456, 6.950756902668947, 7.704117785963556, 8.343562387853284, 5.6298799463221245, 2.1454552477271576, 1.08380939744957, 2.1510321080820716], [5.469037858709702, 4.01824286224713, 3.622789175483442, 4.645024432659101, 5.484226929112251, 6.704533660143709, 7.73827303343582, 7.720113434399782, 7.1726790294840335, 6.576998659723142, 7.582605919471221, 5.296343868179256, 5.121602184863638, 4.200082992037181, 4.868731517551568, 2.7308668971592156, 2.364510784496446, 1.3778991581389404, 0.0, 1.3509852774919497, 2.3411147131227894, 6.147701864111499, 5.690875730500536, 5.9636524890372336, 3.616212009824645, 4.146433767709308, 5.3975935128536685, 7.672003257298578, 7.060040165608124, 8.739668260866656, 8.20405521495315, 7.318260608231986, 7.9457711639588515, 8.502348633759967, 6.021562181029105, 3.356296305453379, 2.149306599813065, 1.0862994890912911], [4.170892134783636, 2.6910843688000567, 2.3855901513042843, 3.4924672167394784, 4.2758080417623985, 5.569451138128423, 6.597544253735628, 6.553050759760678, 6.1448519022023635, 5.65553050650423, 6.810295013433706, 4.36000104013749, 4.424228829977039, 3.76594952966712, 4.677431163576862, 2.3954576201636297, 2.76907111320746, 2.4052024800419614, 1.3509852774919497, 0.0, 1.3657797553046391, 4.810062865493548, 4.484909731533066, 4.709585749298976, 2.4439900040712117, 2.8407017601290008, 4.1423365326829735, 6.4209673726004866, 5.97924231487569, 7.597645546483463, 7.205101754312704, 6.7219573496117935, 7.152669628187786, 7.706279302620688, 5.401766218562221, 3.857099362215083, 3.3810593251228234, 2.0631757705052665], [3.677274455354128, 2.4000537618978455, 1.4131992110102525, 2.4524342070685603, 3.5546790051986408, 4.777096053043104, 5.96615537678998, 6.183835908236893, 5.136933192090393, 4.471391708405784, 5.560037038545697, 3.1094190341605614, 3.0790683071344813, 2.524256100319459, 3.562168256834593, 1.3908725067381265, 2.409109596925802, 2.7768648562722675, 2.3411147131227894, 1.3657797553046391, 0.0, 4.193497942052672, 3.7955308219009365, 4.474454895291715, 2.495608675253394, 2.905197798773777, 3.7402766755950023, 6.064448873558091, 5.7855722672869625, 7.26728125849, 6.208573656646106, 5.508045253082077, 5.8295393823182975, 6.504984700212599, 4.061132475061606, 3.398717471341212, 3.86040963888549, 3.297442048012368], [1.0932133963687054, 2.1924539242592993, 2.8296851096897693, 2.8833996341124832, 2.7523353356740525, 3.6547097080342783, 4.350612564915428, 4.300668525938729, 4.454269687614346, 4.5743316386112625, 5.895406611931021, 3.9069608623583627, 4.7499931147318515, 5.28715961646705, 6.3123065435702665, 5.1942822199029575, 6.50127395977127, 6.921408033052234, 6.147701864111499, 4.810062865493548, 4.193497942052672, 0.0, 1.7687079606311495, 1.7643833427007858, 3.0406571279905923, 2.550207360196421, 2.5860253943068696, 3.530180608694122, 4.5905818814176484, 5.238066729242766, 5.332504032816103, 6.576391791856686, 5.910354146749584, 6.4941410887044935, 5.454002758525156, 7.345948609948207, 7.991838740239946, 6.749592492143507], [1.0953330178534744, 2.1727948867760163, 2.7103096114650818, 3.3420917222601774, 3.894231042195622, 4.938263591587635, 5.88221876505796, 5.9736561986776575, 5.441698900159766, 5.106384013174098, 6.231491716274684, 4.119927971457754, 4.437890821099591, 4.643328340748692, 5.453603503189428, 4.603714625169549, 5.8299656474116555, 6.31179701907468, 5.690875730500536, 4.484909731533066, 3.7955308219009365, 1.7687079606311495, 0.0, 1.772752850794492, 2.4699945344069083, 3.0882043407132245, 3.906316568072793, 5.272949043941161, 6.150311055548329, 6.957139047769564, 6.395464401433253, 6.780688977530233, 6.033682935819548, 7.029606550156275, 5.104621390465702, 6.599745536761247, 7.3426628180790114, 6.359356621545925], [1.0948894053738942, 2.161813472527174, 3.4252784178808007, 4.097002459115689, 4.155861944290257, 5.257859926814331, 5.893040847474247, 5.558882550477209, 6.1331706539114, 6.139300776147068, 7.450161403620728, 5.232940857682227, 5.819260366232121, 5.9923067035992075, 6.922774973953725, 5.613265648443871, 6.734619474031179, 6.898211076793751, 5.9636524890372336, 4.709585749298976, 4.474454895291715, 1.7643833427007858, 1.772752850794492, 0.0, 2.381250753280721, 2.5187055762831827, 3.6971666367638876, 4.69478911240963, 5.662267534301077, 6.451967630110987, 7.055332743393468, 8.026745224560202, 7.416085734401943, 8.14184442125984, 6.596969071475172, 7.65398474521605, 7.899277337199904, 6.374225351366235], [2.0980493273514806, 1.0992897434252717, 2.1258550726707592, 3.4148042052217282, 3.998510839049958, 5.3717315066931635, 6.302271758659729, 6.105923306102035, 6.124207462194598, 5.802724612628106, 7.08386507282571, 4.551250910464066, 4.82579210700171, 4.531289322036279, 5.452331964398352, 3.714016686823041, 4.597877219978803, 4.574013678379198, 3.616212009824645, 2.4439900040712117, 2.495608675253394, 3.0406571279905923, 2.4699945344069083, 2.381250753280721, 0.0, 1.7565171476532757, 3.6601590525549565, 5.578993588453028, 5.838591655527899, 7.140668271947661, 7.189281740897347, 7.346847218365168, 7.185468355646694, 7.947348066493627, 5.754289122037578, 5.589079189812934, 5.543884881560944, 4.0659014