{"total energy": -20.89140272, "HOMO-LUMO gap/eV": 11.79563907, "electronic energy": -21.14353051, "dipole": [-0.1084468, 0.7662892, -0.13515693], "partial charges": [-0.10728465, -0.0218305, -0.10342025, 0.10922003, -0.1148938, -0.44996282, 0.03402381, 0.03818192, 0.03488581, 0.02577835, 0.03182573, 0.03605494, 0.04334424, 0.04415478, 0.04743462, 0.03156289, 0.03812417, 0.28280073], "atomic dipole moments": [[0.01794368, -0.07419028, -0.07158602], [0.01042163, -0.04181912, 0.08392861], [0.07842986, 0.07613988, -0.00027647], [0.01610179, -0.04191039, -0.17831621], [-0.08454216, -0.06158118, 0.00460736], [-0.03066031, 0.22555267, 0.0502503], [0.07981758, 0.09646788, -0.00971511], [-0.11416088, 0.05240787, -0.01079085], [0.00802586, -0.04531348, 0.11926606], [-0.01079683, 0.05382029, -0.10989364], [-0.11170647, 0.05388027, -0.01596483], [-0.00637304, -0.0655383, 0.11000998], [0.00863985, -0.085915, -0.09470959], [0.00695815, -0.0639809, 0.11280808], [0.11164602, -0.06341844, -0.00269602], [0.00590497, 0.06695476, -0.10562313], [0.00307287, 0.0803368, 0.10018981], [-0.00209842, 0.04289136, -0.06527006]], "atomic quadrupole moments": [[-0.08455308, -0.02266503, 0.03991558, -0.03444631, 0.17240013, 0.0446375], [0.08519841, -0.01142328, 0.05621258, -0.01022395, 0.1280208, -0.14141099], [0.08133642, 0.16309311, 0.04895002, -0.01555371, -0.00394269, -0.13028644], [-0.04115555, -0.01250547, 0.0637236, -0.03367897, 0.3120734, -0.02256804], [0.073149, 0.17026385, 0.0436314, -0.00884278, 0.00489935, -0.1167804], [-0.10351491, -0.0230531, 0.0562142, -0.01868705, 0.10969473, 0.04730071], [0.02178123, 0.06217225, 0.01336719, -0.02116845, -0.00341649, -0.03514842], [0.0646285, -0.03709444, -0.02846136, 0.02516156, 0.00507345, -0.03616714], [-0.04898862, -0.01034519, -0.0047882, 0.00905484, -0.04792091, 0.05377682], [-0.02207148, 0.01054192, -0.00359516, -0.00338995, -0.02242413, 0.02566664], [0.0477819, -0.05140525, 0.00489103, 0.01296111, -0.0092999, -0.05267293], [-0.03716456, 0.00576812, -0.01966707, 0.01232454, -0.04898479, 0.05683163], [-0.03201672, -0.00695775, 0.00743196, -0.02577212, 0.05803074, 0.02458476], [-0.0130664, 0.00602785, -0.00627709, -0.00235206, -0.01911043, 0.01934349], [0.03943592, -0.05418071, 0.0101483, 0.00503538, -0.0069372, -0.04958422], [-0.03412347, -0.00278357, -0.01386287, 0.01728454, -0.06180491, 0.04798634], [-0.03834806, 0.00018275, 0.00301527, -0.01366252, 0.06298599, 0.03533279], [-0.09212174, -0.00662304, -0.01206473, -7.287e-05, -0.07478098, 0.10418647]], "number of molecular orbitals": 36, "number of electrons": 38, "number of unpaired electrons": 0, "orbital energies/eV": [-18.44384092, -17.1802776, -16.65447795, -16.12307032, -15.83143039, -15.46687198, -14.50767931, -14.35553427, -13.91057104, -13.6139828, -13.18269644, -12.76233604, -12.64583728, -12.5553955, -12.31520929, -12.02040378, -11.8113348, -11.56006595, -10.94102704, 0.85461203, 1.61396658, 2.62661423, 2.86314383, 3.24518085, 3.9022493, 4.32066137, 4.65612772, 4.92920673, 5.2441805, 5.90477015, 5.97178384, 6.13265506, 6.57472778, 6.97903192, 7.54211053, 7.85425182], "fractional occupation": [2.0, 2.0, 2.0, 2.0, 2.0, 2.0, 2.0, 2.0, 2.0, 2.0, 2.0, 2.0, 2.0, 2.0, 2.0, 2.0, 2.0, 2.0, 2.0, 0.0, 0.0, 0.0, 0.0, 0.0, 0.0, 0.0, 0.0, 0.0, 0.0, 0.0, 0.0, 0.0, 0.0, 0.0, 0.0, 0.0], "program call": "xtb /home/svss/Project-DBcg-Debug/aqme2_20220329/End-to-End-workflows-final/example-3/QDESCP/mol_471_rdkit_conf_3/mol_471_rdkit_conf_3.xyz --pop --wbo --acc 0.2 --gfn 2 --chrg 0 --uhf 0 --etemp 300 --input /home/svss/Project-DBcg-Debug/aqme2_20220329/End-to-End-workflows-final/example-3/QDESCP/mol_471_rdkit_conf_3/mol_471_rdkit_conf_3_xtb.inp", "method": "GFN2-xTB", "xtb version": "6.3.3 (7355c4f)", "Dipole module/D": 1.997, "Total charge": 0, "Transition dipole module/D": NaN, "HOMO": -10.941, "LUMO": 0.8546, "HOMO occupancy": 2.0, "LUMO occupancy": 0, "mulliken charges": [-0.0933, -0.02526, -0.0844, 0.21575, -0.11036, -0.56487, 0.02785, 0.03318, 0.02869, 0.01858, 0.02547, 0.02873, 0.03785, 0.02931, 0.04347, 0.02638, 0.0304, 0.33252], "cm5 charges": [-0.24157, -0.09542, -0.23176, 0.16819, -0.25637, -0.77616, 0.07987, 0.08465, 0.08069, 0.07907, 0.07695, 0.08106, 0.09212, 0.09616, 0.09714, 0.07992, 0.08265, 0.50282], "FUKUI+": [0.01, -0.026, 0.015, -0.046, 0.031, -0.149, -0.054, -0.065, -0.057, -0.054, -0.081, -0.051, -0.043, -0.089, -0.08, -0.056, -0.09, -0.116], "FUKUI-": [0.027, -0.023, 0.022, -0.018, 0.015, -0.145, -0.062, -0.103, -0.067, -0.079, -0.092, -0.078, -0.053, -0.077, -0.079, -0.06, -0.066, -0.063], "FUKUIrad": [0.018, -0.025, 0.018, -0.032, 0.023, -0.147, -0.058, -0.084, -0.062, -0.066, -0.086, -0.064, -0.048, -0.083, -0.079, -0.058, -0.078, -0.09], "s proportion": [1.013, 1.061, 1.011, 1.022, 1.019, 1.7, 0.972, 0.967, 0.971, 0.981, 0.975, 0.971, 0.962, 0.971, 0.957, 0.974, 0.97, 0.667], "p proportion": [3.081, 2.964, 3.073, 2.763, 3.091, 4.865, 0.0, 0.0, 0.0, 0.0, 0.0, 0.0, 0.0, 0.0, 0.0, 0.0, 0.0, 0.0], "d proportion": [0.0, 0.0, 0.0, 0.0, 0.0, 0.0, 0.0, 0.0, 0.0, 0.0, 0.0, 0.0, 0.0, 0.0, 0.0, 0.0, 0.0, 0.0], "Fermi-level/eV": -5.0432, "Coordination numbers": [3.752, 3.847, 3.752, 3.724, 3.749, 1.653, 0.924, 0.924, 0.924, 0.923, 0.924, 0.924, 0.924, 0.924, 0.924, 0.924, 0.924, 0.804], "Dispersion coefficient C6": [22.611, 20.93, 22.536, 18.888, 22.765, 21.844, 2.53, 2.473, 2.518, 2.647, 2.561, 2.502, 2.405, 2.394, 2.352, 2.564, 2.474, 0.775], "Total dispersion C6": 2117.459627, "Total dispersion C8": 43588.980897, "Polarizability alpha": [6.781, 6.507, 6.77, 6.206, 6.805, 6.309, 2.487, 2.459, 2.482, 2.545, 2.503, 2.474, 2.425, 2.42, 2.399, 2.504, 2.46, 1.383], "Total polarizability alpha": 67.918699, "Wiberg matrix": [[0.0, 1.0087726979004605, 0.0, 0.0, 0.0, 0.0, 0.9849984379221185, 0.9854195240229293, 0.9870688005885269, 0.0, 0.0, 0.0, 0.0, 0.0, 0.0, 0.0, 0.0, 0.0], [1.0087726979004605, 0.0, 1.0080971313708804, 0.975761256893773, 0.0, 0.0, 0.0, 0.0, 0.0, 0.9671392243032029, 0.0, 0.0, 0.0, 0.0, 0.0, 0.0, 0.0, 0.0], [0.0, 1.0080971313708804, 0.0, 0.0, 0.0, 0.0, 0.0, 0.0, 0.0, 0.0, 0.9862067292871628, 0.9871171504927597, 0.985517124797531, 0.0, 0.0, 0.0, 0.0, 0.0], [0.0, 0.975761256893773, 0.0, 0.0, 1.0039015885224039, 0.9824359557306155, 0.0, 0.0, 0.0, 0.0, 0.0, 0.0, 0.0, 0.9632503413630042, 0.0, 0.0, 0.0, 0.0], [0.0, 0.0, 0.0, 1.0039015885224039, 0.0, 0.0, 0.0, 0.0, 0.0, 0.0, 0.0, 0.0, 0.0, 0.0, 0.9843053179476368, 0.9853450207452386, 0.9836108893307481, 0.0], [0.0, 0.0, 0.0, 0.9824359557306155, 0.0, 0.0, 0.0, 0.0, 0.0, 0.0, 0.0, 0.0, 0.0, 0.0, 0.0, 0.0, 0.0, 0.9023907720189361], [0.9849984379221185, 0.0, 0.0, 0.0, 0.0, 0.0, 0.0, 0.0, 0.0, 0.0, 0.0, 0.0, 0.0, 0.0, 0.0, 0.0, 0.0, 0.0], [0.9854195240229293, 0.0, 0.0, 0.0, 0.0, 0.0, 0.0, 0.0, 0.0, 0.0, 0.0, 0.0, 0.0, 0.0, 0.0, 0.0, 0.0, 0.0], [0.9870688005885269, 0.0, 0.0, 0.0, 0.0, 0.0, 0.0, 0.0, 0.0, 0.0, 0.0, 0.0, 0.0, 0.0, 0.0, 0.0, 0.0, 0.0], [0.0, 0.9671392243032029, 0.0, 0.0, 0.0, 0.0, 0.0, 0.0, 0.0, 0.0, 0.0, 0.0, 0.0, 0.0, 0.0, 0.0, 0.0, 0.0], [0.0, 0.0, 0.9862067292871628, 0.0, 0.0, 0.0, 0.0, 0.0, 0.0, 0.0, 0.0, 0.0, 0.0, 0.0, 0.0, 0.0, 0.0, 0.0], [0.0, 0.0, 0.9871171504927597, 0.0, 0.0, 0.0, 0.0, 0.0, 0.0, 0.0, 0.0, 0.0, 0.0, 0.0, 0.0, 0.0, 0.0, 0.0], [0.0, 0.0, 0.985517124797531, 0.0, 0.0, 0.0, 0.0, 0.0, 0.0, 0.0, 0.0, 0.0, 0.0, 0.0, 0.0, 0.0, 0.0, 0.0], [0.0, 0.0, 0.0, 0.9632503413630042, 0.0, 0.0, 0.0, 0.0, 0.0, 0.0, 0.0, 0.0, 0.0, 0.0, 0.0, 0.0, 0.0, 0.0], [0.0, 0.0, 0.0, 0.0, 0.9843053179476368, 0.0, 0.0, 0.0, 0.0, 0.0, 0.0, 0.0, 0.0, 0.0, 0.0, 0.0, 0.0, 0.0], [0.0, 0.0, 0.0, 0.0, 0.9853450207452386, 0.0, 0.0, 0.0, 0.0, 0.0, 0.0, 0.0, 0.0, 0.0, 0.0, 0.0, 0.0, 0.0], [0.0, 0.0, 0.0, 0.0, 0.9836108893307481, 0.0, 0.0, 0.0, 0.0, 0.0, 0.0, 0.0, 0.0, 0.0, 0.0, 0.0, 0.0, 0.0], [0.0, 0.0, 0.0, 0.0, 0.0, 0.9023907720189361, 0.0, 0.0, 0.0, 0.0, 0.0, 0.0, 0.0, 0.0, 0.0, 0.0, 0.0, 0.0]], "Born radii": [], "Atomic SASAs": [], "Solvent H bonds": [], "Total SASA": NaN, "Total FOD": 0.0, "FOD": [0.0, 0.0, 0.0, 0.0, 0.0, 0.0, 0.0, 0.0, 0.0, 0.0, 0.0, 0.0, 0.0, 0.0, 0.0, 0.0, 0.0, 0.0], "FOD s proportion": [0.0, 0.0, 0.0, 0.0, 0.0, 0.0, 0.0, 0.0, 0.0, 0.0, 0.0, 0.0, 0.0, 0.0, 0.0, 0.0, 0.0, 0.0], "FOD p proportion": [0.0, 0.0, 0.0, 0.0, 0.0, 0.0, 0.0, 0.0, 0.0, 0.0, 0.0, 0.0, 0.0, 0.0, 0.0, 0.0, 0.0, 0.0], "FOD d proportion": [0.0, 0.0, 0.0, 0.0, 0.0, 0.0, 0.0, 0.0, 0.0, 0.0, 0.0, 0.0, 0.0, 0.0, 0.0, 0.0, 0.0, 0.0], "coordinates": [["-0.82220", "1.20150", "0.87600"], ["-0.57080", "0.13240", "-0.18880"], ["-1.71470", "-0.88920", "-0.16800"], ["0.79290", "-0.56860", "-0.00930"], ["1.98370", "0.38260", "-0.05580"], ["0.97190", "-1.53930", "-1.04260"], ["-0.10570", "2.02410", "0.79190"], ["-1.82260", "1.63390", "0.76490"], ["-0.74610", "0.78160", "1.88470"], ["-0.59210", "0.61480", "-1.17490"], ["-2.68170", "-0.39250", "-0.30240"], ["-1.74270", "-1.43200", "0.78300"], ["-1.60890", "-1.62160", "-0.97480"], ["0.81050", "-1.11120", "0.94280"], ["2.92260", "-0.18210", "-0.04600"], ["1.98010", "0.96950", "-0.98080"], ["1.99140", "1.06840", "0.79570"], ["0.95430", "-1.07210", "-1.89540"]], "bond_dist": [[0.0, 1.5296979473085528, 2.501503296020215, 2.5545171970452656, 3.067885796440278, 3.7962883728715866, 1.0941278810084312, 1.0954967503374895, 1.0952547237971633, 2.1455427541766676, 2.7179409136329657, 2.7912885017496847, 3.46615797966567, 2.8317402458558942, 4.097311313532327, 3.369631364110917, 2.8178908176151896, 4.000733329028567], [1.5296979473085528, 0.0, 1.533820853294152, 1.5437936844021614, 2.5701671716057692, 2.4297075173773486, 2.180967535292536, 2.1750975104578645, 2.17981489581111, 1.0979784424113253, 2.178146868326376, 2.182909116294126, 2.184482458157996, 2.1760168220857117, 3.510433826466467, 2.7991232948907414, 2.900035360129252, 2.5863553158837242], [2.501503296020215, 1.533820853294152, 0.0, 2.5329879214082327, 3.9125728926117143, 2.899202429979666, 3.4637560393307143, 2.6922069812701994, 2.8183924300920196, 2.12981087658036, 1.0953826956821988, 1.0953615111003308, 1.0947737848523775, 2.7676335884650625, 4.69248608948391, 4.215086780838563, 4.3007083904863865, 3.184481774166717], [2.5545171970452656, 1.5437936844021614, 2.5329879214082327, 0.0, 1.5247781248430867, 1.4289885863784915, 2.858582986376292, 3.5058853575095688, 2.7890494868323867, 2.1627029199591883, 3.4913842498355865, 2.7932894962749564, 2.794573758196409, 1.096001336678017, 2.16479819613746, 2.172327714687634, 2.1827038850929825, 1.9588096946870566], [3.067885796440278, 2.5701671716057692, 3.9125728926117143, 1.5247781248430867, 0.0, 2.3856263517156244, 2.789033864979054, 4.089892403230188, 3.372914065018556, 2.81798638925031, 4.735773297994743, 4.228760522895569, 4.2152287482413096, 2.145935376473392, 1.0956803092143257, 1.0954859971720314, 1.0933586694218873, 2.561238881869475], [3.7962883728715866, 2.4297075173773486, 2.899202429979666, 1.4289885863784915, 2.3856263517156244, 0.0, 4.150232712752382, 4.5984219836809235, 4.111834882385235, 2.665285369336649, 3.9002357928720155, 3.2731302769672945, 2.583001891211077, 2.0374328774219777, 2.576903934957607, 2.7045080735690177, 3.3494516610932004, 0.9725499678679753], [1.0941278810084312, 2.180967535292536, 3.4637560393307143, 2.858582986376292, 2.789033864979054, 4.150232712752382, 0.0, 1.7608891645983855, 1.7742971143526103, 2.4679979112632977, 3.697732284792938, 3.8241960488447764, 4.321107221534777, 3.269908154673461, 3.839270209297595, 2.9334634973014406, 2.304605246023709, 4.234576216104747], [1.0954967503374895, 2.1750975104578645, 2.6922069812701994, 3.5058853575095688, 4.089892403230188, 4.5984219836809235, 1.7608891645983855, 0.0, 1.7717842927399488, 2.513069656814152, 2.446115095411497, 3.0669943641943656, 3.6973644708089024, 3.80794406865437, 5.145127583452135, 4.2366759540942, 3.8558183165185573, 4.702212851413683], [1.0952547237971633, 2.17981489581111, 2.8183924300920196, 2.7890494868323867, 3.372914065018556, 4.111834882385235, 1.7742971143526103, 1.7717842927399488, 0.0, 3.0680108213629236, 3.1477713671739247, 2.665891860147369, 3.833605917409874, 2.6254277765728005, 4.2562518569746315, 3.959616534463912, 2.960081331652899, 4.540563826222466], [2.1455427541766676, 1.0979784424113253, 2.12981087658036, 2.1627029199591883, 2.81798638925031, 2.665285369336649, 2.4679979112632977, 2.513069656814152, 3.0680108213629236, 0.0, 2.4783740032529393, 3.057227994442024, 2.4648341140936845, 3.0709959378025884, 3.7765832322351907, 2.603785655540794, 3.2807757573476426, 2.3991883669274494], [2.7179409136329657, 2.178146868326376, 1.0953826956821988, 3.4913842498355865, 4.735773297994743, 3.9002357928720155, 3.697732284792938, 2.446115095411497, 3.1477713671739247, 2.4783740032529393, 0.0, 1.7721101574112146, 1.7645703188028523, 3.7765743167585093, 5.614106127425808, 4.903840311429401, 5.017760061023245, 4.02740625713374], [2.7912885017496847, 2.182909116294126, 1.0953615111003308, 2.7932894962749564, 4.228760522895569, 3.2731302769672945, 3.8241960488447764, 3.0669943641943656, 2.665891860147369, 3.057227994442024, 1.7721101574112146, 0.0, 1.7730514487741185, 2.5782317428811554, 4.9004607028319285, 4.768378396268484, 4.493958640219111, 3.818005182028961], [3.46615797966567, 2.184482458157996, 1.0947737848523775, 2.794573758196409, 4.2152287482413096, 2.583001891211077, 4.321107221534777, 3.6973644708089024, 3.833605917409874, 2.4648341140936845, 1.7645703188028523, 1.7730514487741185, 0.0, 3.129088410384085, 4.844514623778114, 4.426596458906097, 4.83041720144337, 2.7783896145069362], [2.8317402458558942, 2.1760168220857117, 2.7676335884650625, 1.096001336678017, 2.145935376473392, 2.0374328774219777, 3.269908154673461, 3.80794406865437, 2.6254277765728005, 3.0709959378025884, 3.7765743167585093, 2.5782317428811554, 3.129088410384085, 0.0, 2.5103622567271042, 3.0655364310345425, 2.48330815244504, 2.8421095140757684], [4.097311313532327, 3.510433826466467, 4.69248608948391, 2.16479819613746, 1.0956803092143257, 2.576903934957607, 3.839270209297595, 5.145127583452135, 4.2562518569746315, 3.7765832322351907, 5.614106127425808, 4.9004607028319285, 4.844514623778114, 2.5103622567271042, 0.0, 1.7573673065127848, 1.7718190031715995, 2.8436921862255065], [3.369631364110917, 2.7991232948907414, 4.215086780838563, 2.172327714687634, 1.0954859971720314, 2.7045080735690177, 2.9334634973014406, 4.2366759540942, 3.959616534463912, 2.603785655540794, 4.903840311429401, 4.768378396268484, 4.426596458906097, 3.0655364310345425, 1.7573673065127848, 0.0, 1.77928669696595, 2.461074838358232], [2.8178908176151896, 2.900035360129252, 4.3007083904863865, 2.1827038850929825, 1.0933586694218873, 3.3494516610932004, 2.304605246023709, 3.8558183165185573, 2.960081331652899, 3.2807757573476426, 5.017760061023245, 4.493958640219111, 4.83041720144337, 2.48330815244504, 1.7718190031715995, 1.77928669696595, 0.0, 3.5915645434824084], [4.000733329028567, 2.5863553158837242, 3.184481774166717, 1.9588096946870566, 2.561238881869475, 0.9725499678679753, 4.234576216104747, 4.702212851413683, 4.540563826222466, 2.3991883669274494, 4.02740625713374, 3.818005182028961, 2.7783896145069362, 2.8421095140757684, 2.8436921862255065, 2.461074838358232, 3.5915645434824084, 0.0]]}