{"total energy": -35.68166918, "HOMO-LUMO gap/eV": 3.85055962, "electronic energy": -36.1605603, "dipole": [0.10089046, 0.69320281, 1.11258422], "partial charges": [-0.10013473, -0.05227981, -0.05802785, -0.05742158, -0.05893158, -0.05899993, -0.05473961, -0.08361603, 0.23389207, -0.36557652, -0.136519, 0.03211006, 0.03106935, 0.03120875, 0.03142122, 0.0288246, 0.03035402, 0.02900412, 0.02825382, 0.02721173, 0.03376948, 0.03242286, 0.02803408, 0.02774471, 0.04514119, 0.04497143, 0.05724727, 0.05725762, 0.06880933, 0.06375314, 0.06374577], "atomic dipole moments": [[0.09260083, 0.00939436, 0.03563375], [-0.06439578, 0.08815667, -0.02947673], [0.06327384, -0.08332338, 0.03659979], [-0.01111196, -0.05230816, -0.09588631], [0.01734947, 0.05902005, 0.09553199], [-0.00799814, -0.05863592, -0.09305589], [0.03346412, 0.0656884, 0.10740024], [-0.01338968, -0.04402482, -0.07110304], [-0.00150318, -0.00952752, -0.01532307], [0.02115682, 0.08482527, 0.13649958], [-0.07895865, -0.0053878, -0.01616341], [-0.00949375, 0.04816921, -0.11613281], [-0.08384308, 0.0576056, 0.07382971], [-0.03187113, -0.12037554, -0.00618636], [0.07362194, -0.06611008, -0.07462127], [0.00320556, -0.05525414, 0.11058529], [-0.00227801, 0.0536493, -0.11237182], [-0.07993829, 0.06474153, 0.06495561], [-8.304e-05, -0.04665589, 0.11500313], [0.01513128, 0.11915098, 0.016712], [-0.01122279, -0.12401528, -0.01013038], [-0.00325209, 0.04447242, -0.11663899], [0.00317515, -0.04370273, 0.11539539], [0.0134107, 0.12205761, 0.0106004], [-0.00407461, 0.04336632, -0.11987613], [-0.014381, -0.12602495, -0.01297543], [0.01337109, 0.13055096, 0.00489896], [0.00220724, -0.05244898, 0.12036439], [0.09071084, -0.05598016, -0.07999124], [0.0227991, 0.13296592, 3.413e-05], [0.01112486, -0.05868392, 0.12099065]], "atomic quadrupole moments": [[0.18425468, 0.03123429, -0.10188945, 0.11995726, 0.01301705, -0.08236523], [0.10855682, 0.09726764, 0.07913333, 0.12672341, 0.01917327, -0.18769015], [0.08078249, 0.10868127, 0.0813667, 0.13512345, 0.03521585, -0.16214919], [0.21857771, -0.05090194, -0.15839002, 0.00209714, 0.09467321, -0.06018769], [0.2251432, -0.02609956, -0.16823434, -0.00304141, 0.11907055, -0.05690886], [0.225034, -0.03836567, -0.16420517, -0.01526507, 0.11638143, -0.06082882], [0.24945013, -0.03028863, -0.18079629, 0.00093315, 0.12010161, -0.06865384], [0.19351967, -0.02442587, -0.15983109, 0.00374296, 0.13343842, -0.03368859], [-0.28612933, 0.04363225, 0.35027185, -0.0192293, -0.43509797, -0.06414252], [-0.13244937, 0.0199528, 0.15421478, -0.00749807, -0.18496657, -0.02176542], [0.14964973, 0.06043313, -0.10840376, 0.12364963, 0.05408639, -0.04124597], [-0.02782635, 0.00374609, -0.02930454, -0.00164201, -0.05047724, 0.05713089], [0.00795211, -0.03643619, -0.01960373, -0.03767957, 0.04478965, 0.01165161], [-0.026186, 0.02281252, 0.07755479, 0.00977232, 0.00236898, -0.05136879], [0.0142214, -0.01394598, -0.01613711, -0.03588612, 0.02817802, 0.00191571], [-0.02731608, 0.01041724, -0.02178766, 0.00419347, -0.02650217, 0.04910373], [-0.03229515, 0.01475758, -0.01916474, -0.0045794, -0.02283929, 0.05145989], [0.01875279, -0.01377463, -0.01331818, -0.03626377, 0.0335381, -0.00543461], [-0.01831809, -0.00615727, -0.01177271, -0.00471114, -0.04522912, 0.03009081], [-0.00874298, 0.01386963, 0.05591171, -0.00225114, 0.00211442, -0.04716872], [-0.01714513, 0.01086421, 0.05393162, -0.00192532, -0.00374364, -0.03678649], [-0.02023399, -0.00259672, -0.01557668, 0.00046957, -0.03978766, 0.03581067], [-0.02110824, -0.00233111, -0.01491771, 0.00014751, -0.03980915, 0.03602595], [-0.01970782, 0.00841418, 0.05659871, -0.00143998, -0.00472074, -0.0368909], [-0.01734775, -0.00224899, -0.01391574, -0.00127645, -0.03948172, 0.03126349], [-0.01652041, 0.00633273, 0.05307167, -0.00213637, -0.00688926, -0.03655127], [-0.00911227, 0.01122378, 0.06137104, 0.01690217, 0.00495537, -0.05225877], [-0.00885993, 0.01034928, -0.03687262, 0.01085051, -0.04169504, 0.04573255], [0.01751576, -0.03131283, -0.02356851, -0.04316273, 0.03744647, 0.00605275], [-0.03082436, 0.01148016, 0.08361753, -0.00584035, 0.01593878, -0.05279317], [-0.03278336, -0.00844081, -0.03824057, -0.00161294, -0.04375601, 0.07102393]], "number of molecular orbitals": 64, "number of electrons": 66, "number of unpaired electrons": 0, "orbital energies/eV": [-19.09395567, -17.43249065, -17.11811974, -16.94284288, -16.73066577, -16.40955543, -15.93069523, -15.43682429, -15.27620528, -15.23454963, -14.93805598, -14.81821762, -14.55124597, -14.13008124, -14.03273719, -13.8239634, -13.56121761, -13.47828091, -13.23226807, -13.07363971, -12.95924722, -12.87940732, -12.63927284, -12.5409799, -12.3036092, -12.10358207, -12.0138805, -11.80002625, -11.61201481, -11.55206965, -11.4096464, -11.29360235, -10.73252803, -6.88196841, 0.90037245, 2.19088713, 2.59230423, 2.74549109, 2.80875735, 3.29986679, 3.38919095, 3.5304291, 3.6198216, 3.96537782, 4.22211092, 4.40244652, 4.46215997, 4.6875557, 4.71472657, 4.87993358, 5.18509666, 5.33079848, 5.66104953, 5.84532448, 6.10583631, 6.40380333, 6.73148504, 7.0237381, 7.20431208, 7.40342097, 7.66399636, 8.27202252, 8.4300133, 15.13890458], "fractional occupation": [2.0, 2.0, 2.0, 2.0, 2.0, 2.0, 2.0, 2.0, 2.0, 2.0, 2.0, 2.0, 2.0, 2.0, 2.0, 2.0, 2.0, 2.0, 2.0, 2.0, 2.0, 2.0, 2.0, 2.0, 2.0, 2.0, 2.0, 2.0, 2.0, 2.0, 2.0, 2.0, 2.0, 0.0, 0.0, 0.0, 0.0, 0.0, 0.0, 0.0, 0.0, 0.0, 0.0, 0.0, 0.0, 0.0, 0.0, 0.0, 0.0, 0.0, 0.0, 0.0, 0.0, 0.0, 0.0, 0.0, 0.0, 0.0, 0.0, 0.0, 0.0, 0.0, 0.0, 0.0], "program call": "xtb /home/svss/Project-DBcg-Debug/aqme2_20220329/End-to-End-workflows-final/example-3/QDESCP/mol_245_rdkit_conf_9/mol_245_rdkit_conf_9.xyz --pop --wbo --acc 0.2 --gfn 2 --chrg 0 --uhf 0 --etemp 300 --input /home/svss/Project-DBcg-Debug/aqme2_20220329/End-to-End-workflows-final/example-3/QDESCP/mol_245_rdkit_conf_9/mol_245_rdkit_conf_9_xtb.inp", "method": "GFN2-xTB", "xtb version": "6.3.3 (7355c4f)", "Dipole module/D": 3.342, "Total charge": 0, "Transition dipole module/D": NaN, "HOMO": -10.7325, "LUMO": -6.882, "HOMO occupancy": 2.0, "LUMO occupancy": 0, "mulliken charges": [-0.08324, -0.04006, -0.04676, -0.04589, -0.04589, -0.0486, -0.03416, -0.08455, 0.39814, -0.49346, -0.12682, 0.02705, 0.02617, 0.02848, 0.02328, 0.02199, 0.02363, 0.02408, 0.02244, 0.02323, 0.02567, 0.02565, 0.02149, 0.02132, 0.03833, 0.0383, 0.04525, 0.04525, 0.06438, 0.05264, 0.05264], "cm5 charges": [-0.23366, -0.15272, -0.15726, -0.15644, -0.15674, -0.15926, -0.14251, -0.18675, 0.41329, -0.54401, -0.26857, 0.07835, 0.07744, 0.07925, 0.07858, 0.07681, 0.07882, 0.079, 0.07764, 0.07816, 0.08165, 0.08111, 0.07686, 0.07668, 0.0957, 0.09567, 0.10173, 0.10172, 0.11905, 0.10522, 0.1052], "FUKUI+": [0.004, 0.001, 0.004, 0.003, 0.004, 0.006, 0.015, 0.03, -0.194, -0.297, 0.051, -0.004, -0.007, -0.007, 0.005, -0.003, -0.005, -0.013, -0.008, -0.006, -0.01, -0.01, -0.017, -0.017, -0.021, -0.022, -0.096, -0.096, -0.077, -0.107, -0.107], "FUKUI-": [0.016, 0.003, 0.007, 0.006, -0.001, 0.002, 0.004, -0.008, -0.026, -0.131, -0.0, -0.042, -0.058, -0.045, -0.069, -0.053, -0.045, -0.07, -0.033, -0.049, -0.04, -0.032, -0.03, -0.035, -0.023, -0.023, -0.044, -0.043, -0.044, -0.049, -0.048], "FUKUIrad": [0.01, 0.002, 0.006, 0.005, 0.001, 0.004, 0.009, 0.011, -0.11, -0.214, 0.025, -0.023, -0.032, -0.026, -0.032, -0.028, -0.025, -0.041, -0.02, -0.028, -0.025, -0.021, -0.023, -0.026, -0.022, -0.022, -0.07, -0.07, -0.06, -0.078, -0.078], "s proportion": [1.008, 1.027, 1.032, 1.032, 1.032, 1.033, 1.029, 1.042, 1.075, 1.739, 1.022, 0.973, 0.974, 0.972, 0.977, 0.978, 0.976, 0.976, 0.978, 0.977, 0.974, 0.974, 0.979, 0.979, 0.962, 0.962, 0.955, 0.955, 0.936, 0.947, 0.947], "p proportion": [3.076, 3.013, 3.015, 3.014, 3.014, 3.015, 3.005, 3.043, 2.527, 4.754, 3.105, 0.0, 0.0, 0.0, 0.0, 0.0, 0.0, 0.0, 0.0, 0.0, 0.0, 0.0, 0.0, 0.0, 0.0, 0.0, 0.0, 0.0, 0.0, 0.0, 0.0], "d proportion": [0.0, 0.0, 0.0, 0.0, 0.0, 0.0, 0.0, 0.0, 0.0, 0.0, 0.0, 0.0, 0.0, 0.0, 0.0, 0.0, 0.0, 0.0, 0.0, 0.0, 0.0, 0.0, 0.0, 0.0, 0.0, 0.0, 0.0, 0.0, 0.0, 0.0, 0.0], "Fermi-level/eV": -8.8072, "Coordination numbers": [3.75, 3.799, 3.801, 3.8, 3.801, 3.802, 3.802, 3.803, 2.81, 0.857, 3.751, 0.924, 0.924, 0.924, 0.924, 0.924, 0.924, 0.924, 0.924, 0.924, 0.924, 0.924, 0.924, 0.924, 0.924, 0.924, 0.924, 0.924, 0.924, 0.924, 0.924], "Dispersion coefficient C6": [22.476, 21.514, 21.618, 21.607, 21.635, 21.635, 21.557, 22.094, 23.105, 21.005, 23.19, 2.557, 2.571, 2.569, 2.566, 2.603, 2.582, 2.601, 2.612, 2.627, 2.534, 2.552, 2.615, 2.619, 2.382, 2.384, 2.232, 2.232, 2.099, 2.156, 2.156], "Total dispersion C6": 6844.099385, "Total dispersion C8": 145481.434278, "Polarizability alpha": [6.761, 6.604, 6.62, 6.618, 6.622, 6.622, 6.61, 6.692, 7.875, 6.145, 6.868, 2.501, 2.508, 2.507, 2.505, 2.523, 2.513, 2.522, 2.527, 2.534, 2.489, 2.498, 2.529, 2.531, 2.413, 2.415, 2.336, 2.336, 2.266, 2.296, 2.296], "Total polarizability alpha": 123.082877, "Wiberg matrix": [[0.0, 1.0198255486384975, 0.0, 0.0, 0.0, 0.0, 0.0, 0.0, 0.0, 0.0, 0.0, 0.9878139976594538, 0.987674092588466, 0.9874745713034141, 0.0, 0.0, 0.0, 0.0, 0.0, 0.0, 0.0, 0.0, 0.0, 0.0, 0.0, 0.0, 0.0, 0.0, 0.0, 0.0, 0.0], [1.0198255486384975, 0.0, 1.008827392628522, 0.0, 0.0, 0.0, 0.0, 0.0, 0.0, 0.0, 0.0, 0.0, 0.0, 0.0, 0.9762725577309592, 0.9779730244194448, 0.0, 0.0, 0.0, 0.0, 0.0, 0.0, 0.0, 0.0, 0.0, 0.0, 0.0, 0.0, 0.0, 0.0, 0.0], [0.0, 1.008827392628522, 0.0, 1.006321610335561, 0.0, 0.0, 0.0, 0.0, 0.0, 0.0, 0.0, 0.0, 0.0, 0.0, 0.0, 0.0, 0.977164359310416, 0.9768153211221092, 0.0, 0.0, 0.0, 0.0, 0.0, 0.0, 0.0, 0.0, 0.0, 0.0, 0.0, 0.0, 0.0], [0.0, 0.0, 1.006321610335561, 0.0, 1.0079569332740201, 0.0, 0.0, 0.0, 0.0, 0.0, 0.0, 0.0, 0.0, 0.0, 0.0, 0.0, 0.0, 0.0, 0.977333669165551, 0.9770890607846987, 0.0, 0.0, 0.0, 0.0, 0.0, 0.0, 0.0, 0.0, 0.0, 0.0, 0.0], [0.0, 0.0, 0.0, 1.0079569332740201, 0.0, 1.0066458040652446, 0.0, 0.0, 0.0, 0.0, 0.0, 0.0, 0.0, 0.0, 0.0, 0.0, 0.0, 0.0, 0.0, 0.0, 0.9752969953056064, 0.9769803406852022, 0.0, 0.0, 0.0, 0.0, 0.0, 0.0, 0.0, 0.0, 0.0], [0.0, 0.0, 0.0, 0.0, 1.0066458040652446, 0.0, 1.0068464503273575, 0.0, 0.0, 0.0, 0.0, 0.0, 0.0, 0.0, 0.0, 0.0, 0.0, 0.0, 0.0, 0.0, 0.0, 0.0, 0.9773156764659934, 0.9771119155999204, 0.0, 0.0, 0.0, 0.0, 0.0, 0.0, 0.0], [0.0, 0.0, 0.0, 0.0, 0.0, 1.0068464503273575, 0.0, 1.007663367850298, 0.0, 0.0, 0.0, 0.0, 0.0, 0.0, 0.0, 0.0, 0.0, 0.0, 0.0, 0.0, 0.0, 0.0, 0.0, 0.0, 0.9759577196091602, 0.975944178129295, 0.0, 0.0, 0.0, 0.0, 0.0], [0.0, 0.0, 0.0, 0.0, 0.0, 0.0, 1.007663367850298, 0.0, 0.9926254585015069, 0.0, 0.0, 0.0, 0.0, 0.0, 0.0, 0.0, 0.0, 0.0, 0.0, 0.0, 0.0, 0.0, 0.0, 0.0, 0.0, 0.0, 0.95185900124528, 0.951866942948564, 0.0, 0.0, 0.0], [0.0, 0.0, 0.0, 0.0, 0.0, 0.0, 0.0, 0.9926254585015069, 0.0, 1.8573990618835032, 1.0077237869858728, 0.0, 0.0, 0.0, 0.0, 0.0, 0.0, 0.0, 0.0, 0.0, 0.0, 0.0, 0.0, 0.0, 0.0, 0.0, 0.0, 0.0, 0.0, 0.0, 0.0], [0.0, 0.0, 0.0, 0.0, 0.0, 0.0, 0.0, 0.0, 1.8573990618835032, 0.0, 0.0, 0.0, 0.0, 0.0, 0.0, 0.0, 0.0, 0.0, 0.0, 0.0, 0.0, 0.0, 0.0, 0.0, 0.0, 0.0, 0.0, 0.0, 0.0, 0.0, 0.0], [0.0, 0.0, 0.0, 0.0, 0.0, 0.0, 0.0, 0.0, 1.0077237869858728, 0.0, 0.0, 0.0, 0.0, 0.0, 0.0, 0.0, 0.0, 0.0, 0.0, 0.0, 0.0, 0.0, 0.0, 0.0, 0.0, 0.0, 0.0, 0.0, 0.982822819183802, 0.9632689641290059, 0.9632750947928683], [0.9878139976594538, 0.0, 0.0, 0.0, 0.0, 0.0, 0.0, 0.0, 0.0, 0.0, 0.0, 0.0, 0.0, 0.0, 0.0, 0.0, 0.0, 0.0, 0.0, 0.0, 0.0, 0.0, 0.0, 0.0, 0.0, 0.0, 0.0, 0.0, 0.0, 0.0, 0.0], [0.987674092588466, 0.0, 0.0, 0.0, 0.0, 0.0, 0.0, 0.0, 0.0, 0.0, 0.0, 0.0, 0.0, 0.0, 0.0, 0.0, 0.0, 0.0, 0.0, 0.0, 0.0, 0.0, 0.0, 0.0, 0.0, 0.0, 0.0, 0.0, 0.0, 0.0, 0.0], [0.9874745713034141, 0.0, 0.0, 0.0, 0.0, 0.0, 0.0, 0.0, 0.0, 0.0, 0.0, 0.0, 0.0, 0.0, 0.0, 0.0, 0.0, 0.0, 0.0, 0.0, 0.0, 0.0, 0.0, 0.0, 0.0, 0.0, 0.0, 0.0, 0.0, 0.0, 0.0], [0.0, 0.9762725577309592, 0.0, 0.0, 0.0, 0.0, 0.0, 0.0, 0.0, 0.0, 0.0, 0.0, 0.0, 0.0, 0.0, 0.0, 0.0, 0.0, 0.0, 0.0, 0.0, 0.0, 0.0, 0.0, 0.0, 0.0, 0.0, 0.0, 0.0, 0.0, 0.0], [0.0, 0.9779730244194448, 0.0, 0.0, 0.0, 0.0, 0.0, 0.0, 0.0, 0.0, 0.0, 0.0, 0.0, 0.0, 0.0, 0.0, 0.0, 0.0, 0.0, 0.0, 0.0, 0.0, 0.0, 0.0, 0.0, 0.0, 0.0, 0.0, 0.0, 0.0, 0.0], [0.0, 0.0, 0.977164359310416, 0.0, 0.0, 0.0, 0.0, 0.0, 0.0, 0.0, 0.0, 0.0, 0.0, 0.0, 0.0, 0.0, 0.0, 0.0, 0.0, 0.0, 0.0, 0.0, 0.0, 0.0, 0.0, 0.0, 0.0, 0.0, 0.0, 0.0, 0.0], [0.0, 0.0, 0.9768153211221092, 0.0, 0.0, 0.0, 0.0, 0.0, 0.0, 0.0, 0.0, 0.0, 0.0, 0.0, 0.0, 0.0, 0.0, 0.0, 0.0, 0.0, 0.0, 0.0, 0.0, 0.0, 0.0, 0.0, 0.0, 0.0, 0.0, 0.0, 0.0], [0.0, 0.0, 0.0, 0.977333669165551, 0.0, 0.0, 0.0, 0.0, 0.0, 0.0, 0.0, 0.0, 0.0, 0.0, 0.0, 0.0, 0.0, 0.0, 0.0, 0.0, 0.0, 0.0, 0.0, 0.0, 0.0, 0.0, 0.0, 0.0, 0.0, 0.0, 0.0], [0.0, 0.0, 0.0, 0.9770890607846987, 0.0, 0.0, 0.0, 0.0, 0.0, 0.0, 0.0, 0.0, 0.0, 0.0, 0.0, 0.0, 0.0, 0.0, 0.0, 0.0, 0.0, 0.0, 0.0, 0.0, 0.0, 0.0, 0.0, 0.0, 0.0, 0.0, 0.0], [0.0, 0.0, 0.0, 0.0, 0.9752969953056064, 0.0, 0.0, 0.0, 0.0, 0.0, 0.0, 0.0, 0.0, 0.0, 0.0, 0.0, 0.0, 0.0, 0.0, 0.0, 0.0, 0.0, 0.0, 0.0, 0.0, 0.0, 0.0, 0.0, 0.0, 0.0, 0.0], [0.0, 0.0, 0.0, 0.0, 0.9769803406852022, 0.0, 0.0, 0.0, 0.0, 0.0, 0.0, 0.0, 0.0, 0.0, 0.0, 0.0, 0.0, 0.0, 0.0, 0.0, 0.0, 0.0, 0.0, 0.0, 0.0, 0.0, 0.0, 0.0, 0.0, 0.0, 0.0], [0.0, 0.0, 0.0, 0.0, 0.0, 0.9773156764659934, 0.0, 0.0, 0.0, 0.0, 0.0, 0.0, 0.0, 0.0, 0.0, 0.0, 0.0, 0.0, 0.0, 0.0, 0.0, 0.0, 0.0, 0.0, 0.0, 0.0, 0.0, 0.0, 0.0, 0.0, 0.0], [0.0, 0.0, 0.0, 0.0, 0.0, 0.9771119155999204, 0.0, 0.0, 0.0, 0.0, 0.0, 0.0, 0.0, 0.0, 0.0, 0.0, 0.0, 0.0, 0.0, 0.0, 0.0, 0.0, 0.0, 0.0, 0.0, 0.0, 0.0, 0.0, 0.0, 0.0, 0.0], [0.0, 0.0, 0.0, 0.0, 0.0, 0.0, 0.9759577196091602, 0.0, 0.0, 0.0, 0.0, 0.0, 0.0, 0.0, 0.0, 0.0, 0.0, 0.0, 0.0, 0.0, 0.0, 0.0, 0.0, 0.0, 0.0, 0.0, 0.0, 0.0, 0.0, 0.0, 0.0], [0.0, 0.0, 0.0, 0.0, 0.0, 0.0, 0.975944178129295, 0.0, 0.0, 0.0, 0.0, 0.0, 0.0, 0.0, 0.0, 0.0, 0.0, 0.0, 0.0, 0.0, 0.0, 0.0, 0.0, 0.0, 0.0, 0.0, 0.0, 0.0, 0.0, 0.0, 0.0], [0.0, 0.0, 0.0, 0.0, 0.0, 0.0, 0.0, 0.95185900124528, 0.0, 0.0, 0.0, 0.0, 0.0, 0.0, 0.0, 0.0, 0.0, 0.0, 0.0, 0.0, 0.0, 0.0, 0.0, 0.0, 0.0, 0.0, 0.0, 0.0, 0.0, 0.0, 0.0], [0.0, 0.0, 0.0, 0.0, 0.0, 0.0, 0.0, 0.951866942948564, 0.0, 0.0, 0.0, 0.0, 0.0, 0.0, 0.0, 0.0, 0.0, 0.0, 0.0, 0.0, 0.0, 0.0, 0.0, 0.0, 0.0, 0.0, 0.0, 0.0, 0.0, 0.0, 0.0], [0.0, 0.0, 0.0, 0.0, 0.0, 0.0, 0.0, 0.0, 0.0, 0.0, 0.982822819183802, 0.0, 0.0, 0.0, 0.0, 0.0, 0.0, 0.0, 0.0, 0.0, 0.0, 0.0, 0.0, 0.0, 0.0, 0.0, 0.0, 0.0, 0.0, 0.0, 0.0], [0.0, 0.0, 0.0, 0.0, 0.0, 0.0, 0.0, 0.0, 0.0, 0.0, 0.9632689641290059, 0.0, 0.0, 0.0, 0.0, 0.0, 0.0, 0.0, 0.0, 0.0, 0.0, 0.0, 0.0, 0.0, 0.0, 0.0, 0.0, 0.0, 0.0, 0.0, 0.0], [0.0, 0.0, 0.0, 0.0, 0.0, 0.0, 0.0, 0.0, 0.0, 0.0, 0.9632750947928683, 0.0, 0.0, 0.0, 0.0, 0.0, 0.0, 0.0, 0.0, 0.0, 0.0, 0.0, 0.0, 0.0, 0.0, 0.0, 0.0, 0.0, 0.0, 0.0, 0.0]], "Born radii": [], "Atomic SASAs": [], "Solvent H bonds": [], "Total SASA": NaN, "Total FOD": 0.0, "FOD": [0.0, 0.0, 0.0, 0.0, 0.0, 0.0, 0.0, 0.0, 0.0, 0.0, 0.0, 0.0, 0.0, 0.0, 0.0, 0.0, 0.0, 0.0, 0.0, 0.0, 0.0, 0.0, 0.0, 0.0, 0.0, 0.0, 0.0, 0.0, 0.0, 0.0, 0.0], "FOD s proportion": [0.0, 0.0, 0.0, 0.0, 0.0, 0.0, 0.0, 0.0, 0.0, 0.0, 0.0, 0.0, 0.0, 0.0, 0.0, 0.0, 0.0, 0.0, 0.0, 0.0, 0.0, 0.0, 0.0, 0.0, 0.0, 0.0, 0.0, 0.0, 0.0, 0.0, 0.0], "FOD p proportion": [0.0, 0.0, 0.0, 0.0, 0.0, 0.0, 0.0, 0.0, 0.0, 0.0, 0.0, 0.0, 0.0, 0.0, 0.0, 0.0, 0.0, 0.0, 0.0, 0.0, 0.0, 0.0, 0.0, 0.0, 0.0, 0.0, 0.0, 0.0, 0.0, 0.0, 0.0], "FOD d proportion": [0.0, 0.0, 0.0, 0.0, 0.0, 0.0, 0.0, 0.0, 0.0, 0.0, 0.0, 0.0, 0.0, 0.0, 0.0, 0.0, 0.0, 0.0, 0.0, 0.0, 0.0, 0.0, 0.0, 0.0, 0.0, 0.0, 0.0, 0.0, 0.0, 0.0, 0.0], "coordinates": [["-5.05800", "-0.98370", "-0.60630"], ["-3.64490", "-0.85430", "-0.05830"], ["-3.21340", "0.61010", "0.02970"], ["-1.84120", "0.80250", "0.68170"], ["-0.68990", "0.21850", "-0.14000"], ["0.66380", "0.53830", "0.49840"], ["1.81630", "-0.04720", "-0.31840"], ["3.16700", "0.27220", "0.31810"], ["4.33210", "-0.29730", "-0.47200"], ["4.18420", "-0.94240", "-1.50880"], ["5.70580", "-0.02910", "0.08600"], ["-5.12970", "-0.55510", "-1.61100"], ["-5.77800", "-0.47030", "0.03900"], ["-5.34660", "-2.03790", "-0.66500"], ["-2.96510", "-1.41360", "-0.70970"], ["-3.60100", "-1.31650", "0.93460"], ["-3.21050", "1.05670", "-0.97210"], ["-3.95260", "1.16580", "0.62010"], ["-1.84460", "0.35690", "1.68400"], ["-1.67530", "1.87870", "0.81560"], ["-0.79920", "-0.86870", "-0.22060"], ["-0.72080", "0.62580", "-1.15780"], ["0.69340", "0.13440", "1.51770"], ["0.78550", "1.62550", "0.57740"], ["1.78580", "0.35260", "-1.33970"], ["1.69540", "-1.13450", "-0.40150"], ["3.30240", "1.35760", "0.38170"], ["3.21080", "-0.14540", "1.33010"], ["6.46200", "-0.48300", "-0.56040"], ["5.87930", "1.04890", "0.12930"], ["5.78700", "-0.46520", "1.08470"]], "bond_dist": [[0.0, 1.5211508702295113, 2.519373652319163, 3.8983658986811385, 4.55445036639988, 6.022942912729624, 6.9437683681125195, 8.37152466221058, 9.416111695386796, 9.286251815452777, 10.828200722650093, 1.0946510585570182, 1.0947107608861801, 1.0945653429558238, 2.1390970010731163, 2.1466200525477253, 2.7767423449070674, 2.7104088935066604, 4.16756787707171, 4.653793362408777, 4.277775932654724, 4.65896408442907, 6.232184654677684, 6.508115132663219, 7.011502812521721, 6.75818727470614, 8.738084335253353, 8.533782589801545, 11.530967318486338, 11.148860991599097, 10.988282315721596], [1.5211508702295113, 0.0, 1.5291839686577935, 2.5584995466093012, 3.144773398831782, 4.562252222313011, 5.526641643891885, 6.914669971878628, 8.00711718972565, 7.962821024611817, 9.388150404632427, 2.1691078742192604, 2.169571132735684, 2.159809422148167, 1.0951102638547405, 1.0960868852422239, 2.1623262473549176, 2.1530698688152223, 2.782749507232011, 3.4802750422919164, 2.8503608789063883, 3.456870994121707, 4.7203972904830795, 5.116831704287332, 5.708861187662562, 5.358647438486694, 7.3041822882510266, 7.030705246275085, 10.126173794183073, 9.71430644153251, 9.50886877709436], [2.519373652319163, 1.5291839686577935, 0.0, 1.5313571105395372, 2.559336027175799, 3.9060868871544576, 5.084397603453136, 6.395846709388836, 7.61640649519181, 7.713736076636275, 8.942252231401215, 2.778811476153069, 2.7828984548488287, 3.4705985550045972, 2.1688077231511325, 2.163530755501294, 1.096842381566285, 1.0971742295551787, 2.1620435171383576, 2.1430670498143543, 2.842157836926021, 2.7610609373934505, 4.207555196310561, 4.161996355116136, 5.189755605999188, 5.227416191580693, 6.567976087806655, 6.597891030473298, 9.75481679889479, 9.103826606982363, 9.125595610698515], [3.8983658986811385, 2.5584995466093012, 1.5313571105395372, 0.0, 1.5302740212131942, 2.5255544995109487, 3.8858070397280406, 5.049305921609424, 6.375752239540052, 6.644427094942046, 7.616011163988666, 4.232467755340848, 4.187060707704153, 4.708428847290781, 2.8478490795686486, 2.76604689945778, 2.162094949348895, 2.1433131852344864, 1.0968938918601014, 1.0971136951109488, 2.1662914693087814, 2.1610828998444274, 2.7512634861096097, 2.754588967523104, 4.176553240412481, 4.175264159307768, 5.182157559356913, 5.180891908735406, 8.493435871306735, 7.744157731477323, 7.743313730567811], [4.55445036639988, 3.144773398831782, 2.559336027175799, 1.5302740212131942, 0.0, 1.5304673436568321, 2.5265513036548453, 3.8843811489090507, 5.059323832292216, 5.194049774501588, 6.4044797017400255, 4.740687924763662, 5.137630587148126, 5.2011364959977735, 2.8574190347234683, 3.462007130264177, 2.7835937221512768, 3.4814279527228478, 2.163206566650536, 2.154170039713671, 1.0956489811979018, 1.0967064055616706, 2.1606853056380055, 2.161276687515969, 2.754333565492749, 2.75474995961521, 4.184277594758742, 4.184384985873073, 7.198507624501067, 6.62695067810226, 6.627033226867057], [6.022942912729624, 4.562252222313011, 3.9060868871544576, 2.5255544995109487, 1.5304673436568321, 0.0, 1.529126790034103, 2.5237526701323167, 3.8853993887372757, 4.314457148935425, 5.090557977275183, 6.261767655382942, 6.536444718652487, 6.641928497055655, 4.29398817301585, 4.671089007929521, 4.176279360866559, 4.6604416207050585, 2.7803999496475322, 2.714530679509812, 2.1533645766567258, 2.1605026845620903, 1.0968062089539794, 1.0968389717729763, 2.1614763704468296, 2.1615453754200953, 2.7653356649781236, 2.7652087769280635, 5.981908923579495, 5.25341673770509, 5.2533739805957085], [6.9437683681125195, 5.526641643891885, 5.084397603453136, 3.8858070397280406, 2.5265513036548453, 1.529126790034103, 0.0, 1.5269378179873598, 2.5328625327877545, 2.797389070186698, 3.910508562834251, 7.083480300671415, 7.614469177821918, 7.442456211493622, 4.988181092342177, 5.703356097947944, 5.187931875034598, 5.969284585274856, 4.192265661906458, 4.145638354946075, 2.7432220726729364, 2.7557934919002913, 2.1598949465193904, 2.1593822195248342, 1.097189126814516, 1.097152546367186, 2.161503240802567, 2.161440663076366, 4.67236707997135, 4.232001831285048, 4.232005682888434], [8.37152466221058, 6.914669971878628, 6.395846709388836, 5.049305921609424, 3.8843811489090507, 2.5237526701323167, 1.5269378179873598, 0.0, 1.5185671766504107, 2.418163065221202, 2.567130214850817, 8.558100431170459, 8.980101784501109, 8.876059518727892, 6.442122700632145, 6.979245227100133, 6.55382045375062, 7.181812384071307, 5.195093017454066, 5.126033338752295, 4.162041919539013, 4.173524003764684, 2.7525853229282466, 2.7513995765791637, 2.1592772957635615, 2.1592210655697115, 1.0956602028001199, 1.0956514956864705, 3.492723047995647, 2.827627913994343, 2.827690633715082], [9.416111695386796, 8.00711718972565, 7.61640649519181, 6.375752239540052, 5.059323832292216, 3.8853993887372757, 2.5328625327877545, 1.5185671766504107, 0.0, 1.2300336011670574, 1.5067670456975095, 9.533595391036899, 10.124483789803802, 9.835861479809482, 7.385915977047126, 8.12104474867612, 7.679468130671551, 8.483489736541205, 6.574795550433488, 6.517802123415531, 5.1691333519266065, 5.182107067593258, 4.169581354284864, 4.168545520922136, 2.7674748399940325, 2.767320180246586, 2.1278580286287894, 2.127898425677316, 2.1398067809968264, 2.1372047094277145, 2.137343984949545], [9.286251815452777, 7.962821024611817, 7.713736076636275, 6.644427094942046, 5.194049774501588, 4.314457148935425, 2.797389070186698, 2.418163065221202, 1.2300336011670574, 0.0, 2.3859527426166682, 9.322509283449389, 10.092769297373243, 9.63059018596472, 7.209235794451448, 8.168200132832201, 7.678934547839303, 8.670884423748248, 6.944680105663615, 6.906169764782791, 5.147734112208982, 5.161538262959986, 4.743931400220707, 4.743153227548104, 2.7309233548380663, 2.730776655092832, 3.1050863901025356, 3.1051682353779158, 2.5097577094213697, 3.085775641552704, 3.0859244854662276], [10.828200722650093, 9.388150404632427, 8.942252231401215, 7.616011163988666, 6.4044797017400255, 5.090557977275183, 3.910508562834251, 2.567130214850817, 1.5067670456975095, 2.3859527426166682, 0.0, 10.980188762038656, 11.49236828856437, 11.258544497402848, 8.816716256634326, 9.433665616291474, 9.044276805803767, 9.746678376759952, 7.727298373946744, 7.658502086570193, 6.5661218934771535, 6.578534792033861, 5.215424325977704, 5.214261904622743, 4.188641233144706, 4.1884213696809445, 2.790467154438482, 2.7904005984804403, 1.0934791310308576, 1.0927310465068703, 1.0927846722936776], [1.0946510585570182, 2.1691078742192604, 2.778811476153069, 4.232467755340848, 4.740687924763662, 6.261767655382942, 7.083480300671415, 8.558100431170459, 9.533595391036899, 9.322509283449389, 10.980188762038656, 0.0, 1.774819407714486, 1.772190015207173, 2.4969695833149426, 3.0654091097274434, 2.5863915190860025, 3.053664754029165, 4.741376488953393, 4.872848177400974, 4.55903360044648, 4.586754218398888, 6.646252143125478, 6.673357622666419, 6.980090488668467, 6.955615330076844, 8.87296934458809, 8.853353237615677, 11.639435882378491, 11.260530231299057, 11.244964179133696], [1.0947107608861801, 2.169571132735684, 2.7828984548488287, 4.187060707704153, 5.137630587148126, 6.536444718652487, 7.614469177821918, 8.980101784501109, 10.124483789803802, 10.092769297373243, 11.49236828856437, 1.774819407714486, 0.0, 1.7717482101021014, 3.0598648646631434, 2.501496112329579, 3.153745148232494, 2.5192430569518294, 4.34303124557031, 4.79093475743513, 5.001456203947006, 5.311218060859486, 6.665675790195619, 6.910990120814817, 7.732337844403851, 7.515777368309947, 9.268890217280598, 9.086860000022009, 12.254674277597099, 11.75622243835153, 11.612180652228934], [1.0945653429558238, 2.159809422148167, 3.4705985550045972, 4.708428847290781, 5.2011364959977735, 6.641928497055655, 7.442456211493622, 8.876059518727892, 9.835861479809482, 9.63059018596472, 11.258544497402848, 1.772190015207173, 1.7717482101021014, 0.0, 2.4623750384537275, 2.4751277704393364, 3.7727685828844573, 3.722688772916694, 4.849419763229411, 5.568696042162832, 4.716287391582493, 5.360613320320726, 6.779724668450776, 7.250290182468561, 7.552538652665076, 7.1045990604678035, 9.35041187007289, 8.988385562491187, 11.910990266556343, 11.669621996448726, 11.379450089525415], [2.1390970010731163, 1.0951102638547405, 2.1688077231511325, 2.8478490795686486, 2.8574190347234683, 4.29398817301585, 4.988181092342177, 6.442122700632145, 7.385915977047126, 7.209235794451448, 8.816716256634326, 2.4969695833149426, 3.0598648646631434, 2.4623750384537275, 0.0, 1.7656499398238596, 2.496288647172037, 3.065424709563097, 3.18119320224346, 3.850891250087439, 2.286319669250125, 3.0654246785722856, 4.554364611007776, 4.995973937081738, 5.1075838955420005, 4.679011038670458, 6.939182923803061, 6.62652669880685, 9.47409738497552, 9.219069291962176, 8.984352415728138], [2.1466200525477253, 1.0960868852422239, 2.163530755501294, 2.76604689945778, 3.462007130264177, 4.671089007929521, 5.703356097947944, 6.979245227100133, 8.12104474867612, 8.168200132832201, 9.433665616291474, 3.0654091097274434, 2.501496112329579, 2.4751277704393364, 1.7656499398238596, 0.0, 3.069213804869253, 2.5267263603326735, 2.5390566909779704, 3.7325305799149184, 3.063510261122035, 4.055393826744821, 4.570228416611143, 5.2938018559443645, 6.080785273301467, 5.465358192287126, 7.423842723280175, 6.923042300896333, 10.20753232911853, 9.804066163587432, 9.427713704817302], [2.7767423449070674, 2.1623262473549176, 1.096842381566285, 2.162094949348895, 2.7835937221512768, 4.176279360866559, 5.187931875034598, 6.55382045375062, 7.679468130671551, 7.678934547839303, 9.044276805803767, 2.5863915190860025, 3.153745148232494, 3.7727685828844573, 2.496288647172037, 3.069213804869253, 0.0, 1.7600329712820721, 3.067616348241742, 2.495675125091405, 3.1758912292457375, 2.533528249299778, 4.7212473500124945, 4.323482356850783, 5.059041436873195, 5.403220947731085, 6.658917454061133, 6.926634315452203, 9.802929624862152, 9.15628783077509, 9.354229636907574], [2.7104088935066604, 2.1530698688152223, 1.0971742295551787, 2.1433131852344864, 3.4814279527228478, 4.6604416207050585, 5.969284585274856, 7.181812384071307, 8.483489736541205, 8.670884423748248, 9.746678376759952, 3.053664754029165, 2.5192430569518294, 3.722688772916694, 3.065424709563097, 2.5267263603326735, 1.7600329712820721, 0.0, 2.4959700358778343, 2.3942727392676044, 3.8457636822873034, 3.727876023957878, 4.843014321680249, 4.760539779268734, 6.118116118544989, 6.183441650893133, 7.261449359459859, 7.316942325862627, 10.61018448708598, 9.844836609106318, 9.886142944546169], [4.16756787707171, 2.782749507232011, 2.1620435171383576, 1.0968938918601014, 2.163206566650536, 2.7803999496475322, 4.192265661906458, 5.195093017454066, 6.574795550433488, 6.944680105663615, 7.727298373946744, 4.741376488953393, 4.34303124557031, 4.849419763229411, 3.18119320224346, 2.5390566909779704, 3.067616348241742, 2.4959700358778343, 0.0, 1.7603000568084974, 2.4944854539563863, 3.0677452452900975, 2.5531560743518993, 3.122712847829592, 4.724678226080586, 4.370947747342674, 5.402684034810846, 5.0926044083553155, 8.645366789789776, 7.909145800906694, 7.699112121537132], [4.653793362408777, 3.4802750422919164, 2.1430670498143543, 1.0971136951109488, 2.154170039713671, 2.714530679509812, 4.145638354946075, 5.126033338752295, 6.517802123415531, 6.906169764782791, 7.658502086570193, 4.872848177400974, 4.79093475743513, 5.568696042162832, 3.850891250087439, 3.7325305799149184, 2.495675125091405, 2.3942727392676044, 1.7603000568084974, 0.0, 3.064223949061165, 2.5249032100260793, 3.024279515851668, 2.485233614773468, 4.353563196968663, 4.682128270348859, 5.023675119869915, 5.3137241431975, 8.584093090128974, 7.630960417273831, 7.826378684295821], [4.277775932654724, 2.8503608789063883, 2.842157836926021, 2.1662914693087814, 1.0956489811979018, 2.1533645766567258, 2.7432220726729364, 4.162041919539013, 5.1691333519266065, 5.147734112208982, 6.5661218934771535, 4.55903360044648, 5.001456203947006, 4.716287391582493, 2.286319669250125, 3.063510261122035, 3.1758912292457375, 3.8457636822873034, 2.4944854539563863, 3.064223949061165, 0.0, 1.7657917912370076, 2.5011499875057472, 3.0609004769838566, 3.070209031971602, 2.5152343051890815, 4.705560491588648, 4.359808869663898, 7.279371811495824, 6.957153298584127, 6.72641440739418], [4.65896408442907, 3.456870994121707, 2.7610609373934505, 2.1610828998444274, 1.0967064055616706, 2.1605026845620903, 2.7557934919002913, 4.173524003764684, 5.182107067593258, 5.161538262959986, 6.578534792033861, 4.586754218398888, 5.311218060859486, 5.360613320320726, 3.0654246785722856, 4.055393826744821, 2.533528249299778, 3.727876023957878, 3.0677452452900975, 2.5249032100260793, 1.7657917912370076, 0.0, 3.065898864933415, 2.50584493135549, 2.5279971143179734, 3.083612851834679, 4.369408395881529, 4.716129176559947, 7.292389185993846, 6.737726621791656, 6.969257355701537], [6.232184654677684, 4.7203972904830795, 4.207555196310561, 2.7512634861096097, 2.1606853056380055, 1.0968062089539794, 2.1598949465193904, 2.7525853229282466, 4.169581354284864, 4.743931400220707, 5.215424325977704, 6.646252143125478, 6.665675790195619, 6.779724668450776, 4.554364611007776, 4.570228416611143, 4.7212473500124945, 4.843014321680249, 2.5531560743518993, 3.024279515851668, 2.5011499875057472, 3.065898864933415, 0.0, 1.7652268154546031, 3.0668687223290148, 2.509470033692373, 3.0973529408189826, 2.5398394752424807, 6.162501791480469, 5.445872163391279, 5.1470156518122225], [6.508115132663219, 5.116831704287332, 4.161996355116136, 2.754588967523104, 2.161276687515969, 1.0968389717729763, 2.1593822195248342, 2.7513995765791637, 4.168545520922136, 4.743153227548104, 5.214261904622743, 6.673357622666419, 6.910990120814817, 7.250290182468561, 4.995973937081738, 5.2938018559443645, 4.323482356850783, 4.760539779268734, 3.122712847829592, 2.485233614773468, 3.0609004769838566, 2.50584493135549, 1.7652268154546031, 0.0, 2.5092124083066385, 3.0665555954523307, 2.53867180037121, 3.095920572301557, 6.161413258336109, 5.14587792412529, 5.444573631607897], [7.011502812521721, 5.708861187662562, 5.189755605999188, 4.176553240412481, 2.754333565492749, 2.1614763704468296, 1.097189126814516, 2.1592772957635615, 2.7674748399940325, 2.7309233548380663, 4.188641233144706, 6.980090488668467, 7.732337844403851, 7.552538652665076, 5.1075838955420005, 6.080785273301467, 5.059041436873195, 6.118116118544989, 4.724678226080586, 4.353563196968663, 3.070209031971602, 2.5279971143179734, 3.0668687223290148, 2.5092124083066385, 0.0, 1.7606413064562583, 2.5046593620690216, 3.066995441796417, 4.8137700703294914, 4.404490542616705, 4.749327704001904], [6.75818727470614, 5.358647438486694, 5.227416191580693, 4.175264159307768, 2.75474995961521, 2.1615453754200953, 1.097152546367186, 2.1592210655697115, 2.767320180246586, 2.730776655092832, 4.1884213696809445, 6.955615330076844, 7.515777368309947, 7.1045990604678035, 4.679011038670458, 5.465358192287126, 5.403220947731085, 6.183441650893133, 4.370947747342674, 4.682128270348859, 2.5152343051890815, 3.083612851834679, 2.509470033692373, 3.0665555954523307, 1.7606413064562583, 0.0, 3.066987715984529, 2.504634610077885, 4.8135410063694275, 4.749105537888161, 4.404309649649988], [8.738084335253353, 7.3041822882510266, 6.567976087806655, 5.182157559356913, 4.184277594758742, 2.7653356649781236, 2.161503240802567, 1.0956602028001199, 2.1278580286287894, 3.1050863901025356, 2.790467154438482, 8.87296934458809, 9.268890217280598, 9.35041187007289, 6.939182923803061, 7.423842723280175, 6.658917454061133, 7.261449359459859, 5.402684034810846, 5.023675119869915, 4.705560491588648, 4.369408395881529, 3.0973529408189826, 2.53867180037121, 2.5046593620690216, 3.066987715984529, 0.0, 1.7795679588034845, 3.776034021298007, 2.607568802543856, 3.1607034027254124], [8.533782589801545, 7.030705246275085, 6.597891030473298, 5.180891908735406, 4.184384985873073, 2.7652087769280635, 2.161440663076366, 1.0956514956864705, 2.127898425677316, 3.1051682353779158, 2.7904005984804403, 8.853353237615677, 9.086860000022009, 8.988385562491187, 6.62652669880685, 6.923042300896333, 6.926634315452203, 7.316942325862627, 5.0926044083553155, 5.3137241431975, 4.359808869663898, 4.716129176559947, 2.5398394752424807, 3.095920572301557, 3.066995441796417, 2.504634610077885, 1.7795679588034845, 0.0, 3.7760118445259145, 3.160564092056986, 2.607546670723268], [11.530967318486338, 10.126173794183073, 9.75481679889479, 8.493435871306735, 7.198507624501067, 5.981908923579495, 4.67236707997135, 3.492723047995647, 2.1398067809968264, 2.5097577094213697, 1.0934791310308576, 11.639435882378491, 12.254674277597099, 11.910990266556343, 9.47409738497552, 10.20753232911853, 9.802929624862152, 10.61018448708598, 8.645366789789776, 8.584093090128974, 7.279371811495824, 7.292389185993846, 6.162501791480469, 6.161413258336109, 4.8137700703294914, 4.8135410063694275, 3.776034021298007, 3.7760118445259145, 0.0, 1.7781853081161139, 1.7782845244785774], [11.148860991599097, 9.71430644153251, 9.103826606982363, 7.744157731477323, 6.62695067810226, 5.25341673770509, 4.232001831285048, 2.827627913994343, 2.1372047094277145, 3.085775641552704, 1.0927310465068703, 11.260530231299057, 11.75622243835153, 11.669621996448726, 9.219069291962176, 9.804066163587432, 9.15628783077509, 9.844836609106318, 7.909145800906694, 7.630960417273831, 6.957153298584127, 6.737726621791656, 5.445872163391279, 5.14587792412529, 4.404490542616705, 4.749105537888161, 2.607568802543856, 3.160564092056986, 1.7781853081161139, 0.0, 1.79270947451058], [10.988282315721596, 9.50886877709436, 9.125595610698515, 7.743313730567811, 6.627033226867057, 5.2533739805957085, 4.232005682888434, 2.827690633715082, 2.137343984949545, 3.0859244854662276, 1.0927846722936776, 11.244964179133696, 11.612180652228934, 11.379450089525415, 8.984352415728138, 9.427713704817302, 9.354229636907574, 9.886142944546169, 7.699112121537132, 7.826378684295821, 6.72641440739418, 6.969257355701537, 5.1470156518122225, 5.444573631607897, 4.749327704001904, 4.404309649649988, 3.1607034027254124, 2.607546670723268, 1.7782845244785774, 1.79270947451058, 0.0]]}