{"total energy": -61.12546541, "HOMO-LUMO gap/eV": 3.54322962, "electronic energy": -61.65873875, "dipole": [-0.94501486, 0.31418588, 0.60691483], "partial charges": [-0.20749706, 0.47833093, -0.20848641, -0.20506085, -0.02053127, -0.02643861, -0.02206853, -0.03689335, 0.07887621, -0.0428308, -0.08225432, -0.00689221, -0.02730156, 0.02207702, -0.18962342, 0.03768812, -0.15933468, 0.26569904, -0.37975443, 0.06263922, 0.06318777, 0.08747112, 0.05858699, 0.07039107, 0.07465199, 0.07230845, 0.07789318, 0.0839185, 0.08124787], "atomic dipole moments": [[-0.03404921, 0.19758876, -0.17642184], [0.10654671, -0.16420964, -0.07985223], [0.12930242, 0.10520613, 0.2093942], [-0.24261557, -0.06865259, 0.08692627], [0.08209522, -0.1407589, -0.07529361], [-0.03130252, -0.02615749, -0.0123003], [-0.00380839, -0.01513349, -0.00909494], [-0.01178646, -0.05746861, -0.03545767], [-0.16464506, -0.01117932, -0.00189373], [0.01678223, 0.03800065, 0.02348792], [-0.0166065, -0.03703681, -0.03358371], [-0.0130547, 0.15855625, 0.09829591], [0.00860646, 0.04967239, -0.10019696], [0.11191354, -0.14868354, 0.08746058], [-0.05738276, 0.06560218, -0.04008009], [0.00779935, 0.01151073, -0.18319266], [0.03386053, 0.1077326, 0.1105989], [0.00373011, -0.03500302, -0.00949781], [-0.04306798, -0.16232188, -0.0679786], [0.15576811, 0.00887515, -0.00045448], [0.07501493, 0.12103321, 0.0602074], [-0.06055497, 0.12676944, 0.06969171], [-0.06799944, -0.12455428, -0.06493306], [0.00651145, 0.00808037, -0.12898309], [0.04647701, -0.11084703, 0.05079211], [0.00506109, -0.03995569, 0.12228912], [-0.12121172, 0.0291365, 0.04573062], [-0.00320629, 0.01892685, -0.13359167], [-0.08133096, 0.0389767, 0.10709616]], "atomic quadrupole moments": [[-0.03913566, -0.00221037, 0.01536999, 0.01184964, -0.0673532, 0.02376567], [0.06048285, 0.20561608, -0.1270539, 0.10643006, -0.13707081, 0.06657105], [-0.00204844, 0.02854786, -0.03195097, 0.05408152, 0.02761964, 0.03399941], [0.05699357, 0.04377808, -0.02979965, -0.02776892, -0.01598684, -0.02719393], [-0.27998977, -0.14824492, 0.02036567, -0.04888902, -0.17163978, 0.2596241], [-0.28255362, -0.00130709, -0.08729744, 0.02224994, -0.32453403, 0.36985107], [-0.26979116, -0.04470244, -0.10627815, 0.00304648, -0.340082, 0.37606931], [-0.24651335, -0.01477387, -0.11428178, 0.02627478, -0.34435053, 0.36079513], [-0.05253554, -0.00728997, -0.18489354, 0.01563024, -0.30246704, 0.23742908], [-0.2296678, 0.01315177, -0.09738932, 0.03048963, -0.30803098, 0.32705711], [-0.03088695, 0.06269156, 0.03402923, 0.02841661, 0.03671377, -0.00314228], [0.19184489, 0.14741661, 0.04749046, -0.04522464, 0.20536759, -0.23933534], [0.12722723, 0.01536776, 0.10607018, 0.00039537, 0.12027219, -0.23329741], [-0.15843942, 0.01922643, 0.43396782, 0.13945522, -0.02428098, -0.2755284], [-0.2806302, -0.09916639, 0.56464774, 0.0206089, -0.09696769, -0.28401754], [-0.10820048, -0.00390262, 0.06173115, 0.22351294, -0.15287563, 0.04646933], [-0.21401174, -0.09462745, -0.16368411, 0.24492845, -0.28407813, 0.37769585], [-0.21034719, 0.05616778, -0.1783865, -0.01565635, -0.26675519, 0.3887337], [-0.10637338, 0.01082099, -0.06527278, -0.00716141, -0.10439046, 0.17164615], [0.02280124, -0.0070506, 0.01695607, -0.00651815, 0.04247356, -0.03975731], [0.03984158, -0.00705309, 0.00682047, -0.00712053, 0.0387278, -0.04666204], [0.05468433, -0.00144686, -0.00724303, -0.00408456, 0.02819348, -0.0474413], [0.04747682, 0.00380867, 0.00016226, -0.00427102, 0.03334556, -0.04763909], [-0.02376269, 0.01268902, -0.01637245, 0.00940266, 0.004117, 0.04013513], [-0.00462894, -0.02440204, 0.02175289, 0.0020029, -0.01667927, -0.01712395], [-0.00950879, -0.01008428, -0.00932053, -0.00655837, -0.01413512, 0.01882933], [0.02295857, -0.00818679, -0.00152035, -0.03210211, 0.00951011, -0.02143822], [-0.03703646, 0.00593634, 0.0036061, -0.01340389, -0.01211517, 0.03343036], [-0.00017162, -0.0279645, 0.00015099, -0.01221752, -0.01108004, 2.063e-05]], "number of molecular orbitals": 96, "number of electrons": 104, "number of unpaired electrons": 0, "orbital energies/eV": [-29.33065395, -29.1613982, -23.83030382, -23.49701662, -23.48356408, -20.05669747, -19.59645353, -19.04923574, -18.94587548, -18.50626832, -18.32666844, -18.08962472, -17.86878618, -17.63738465, -17.26477907, -17.10951473, -16.90861506, -16.85789478, -16.8274916, -16.4276623, -16.30334041, -16.13595872, -15.74386825, -15.56230487, -15.21286943, -15.06022395, -14.95532852, -14.87957439, -14.8231632, -14.81686879, -14.62469487, -14.54120197, -14.50591166, -14.47962164, -14.47203726, -14.30101294, -14.17305607, -14.08033294, -14.01578726, -13.7161618, -13.65687574, -13.43973556, -12.91449889, -12.8341577, -12.68205066, -12.30255514, -12.07183087, -12.06907719, -11.90426731, -11.79826636, -11.51490268, -11.29129662, -7.74806699, -7.46719955, -6.63002987, -5.01316285, -4.75159087, -3.81027258, -1.80418776, -0.88116648, -0.47843435, -0.25809718, -0.11961607, -0.07999232, -0.02602206, 0.07478082, 0.12842716, 0.14037725, 0.18700968, 0.68593624, 0.84222445, 1.18650896, 1.52444405, 2.0480463, 2.1673367, 2.57639214, 2.82928714, 3.10355586, 3.285656, 3.52872494, 3.7186099, 4.06619524, 4.26762537, 4.37039412, 4.61316471, 5.16033302, 5.67198416, 6.01566636, 6.72362365, 8.99438126, 9.64403064, 10.52631637, 10.77900975, 15.18039747, 15.42499637, 16.19620938], "fractional occupation": [2.0, 2.0, 2.0, 2.0, 2.0, 2.0, 2.0, 2.0, 2.0, 2.0, 2.0, 2.0, 2.0, 2.0, 2.0, 2.0, 2.0, 2.0, 2.0, 2.0, 2.0, 2.0, 2.0, 2.0, 2.0, 2.0, 2.0, 2.0, 2.0, 2.0, 2.0, 2.0, 2.0, 2.0, 2.0, 2.0, 2.0, 2.0, 2.0, 2.0, 2.0, 2.0, 2.0, 2.0, 2.0, 2.0, 2.0, 2.0, 2.0, 2.0, 2.0, 2.0, 0.0, 0.0, 0.0, 0.0, 0.0, 0.0, 0.0, 0.0, 0.0, 0.0, 0.0, 0.0, 0.0, 0.0, 0.0, 0.0, 0.0, 0.0, 0.0, 0.0, 0.0, 0.0, 0.0, 0.0, 0.0, 0.0, 0.0, 0.0, 0.0, 0.0, 0.0, 0.0, 0.0, 0.0, 0.0, 0.0, 0.0, 0.0, 0.0, 0.0, 0.0, 0.0, 0.0, 0.0], "program call": "xtb /home/svss/Project-DBcg-Debug/aqme2_20220329/End-to-End-workflows-final/example-3/QDESCP/mol_657_rdkit_conf_8/mol_657_rdkit_conf_8.xyz --pop --wbo --acc 0.2 --gfn 2 --chrg 0 --uhf 0 --etemp 300 --input /home/svss/Project-DBcg-Debug/aqme2_20220329/End-to-End-workflows-final/example-3/QDESCP/mol_657_rdkit_conf_8/mol_657_rdkit_conf_8_xtb.inp", "method": "GFN2-xTB", "xtb version": "6.3.3 (7355c4f)", "Dipole module/D": 2.964, "Total charge": 0, "Transition dipole module/D": NaN, "HOMO": -11.2913, "LUMO": -7.7481, "HOMO occupancy": 2.0, "LUMO occupancy": 0, "mulliken charges": [-0.24953, 0.63366, -0.25096, -0.24704, -0.02325, -0.02385, -0.0153, -0.03894, 0.15316, -0.05476, -0.25885, 0.07801, -0.04087, 0.06157, -0.14039, 0.04645, -0.10742, 0.46408, -0.51104, 0.0534, 0.04795, 0.07401, 0.05092, 0.04706, 0.04954, 0.05178, 0.0467, 0.04141, 0.06251], "cm5 charges": [-0.2695, 0.68524, -0.27192, -0.26809, -0.02605, -0.07478, -0.07034, -0.0859, 0.20641, -0.09888, -0.50008, 0.03531, -0.09735, -0.03822, -0.1501, 0.00102, -0.11154, 0.55677, -0.55712, 0.11078, 0.10326, 0.14005, 0.11266, 0.11408, 0.11566, 0.11391, 0.10243, 0.09851, 0.1238], "FUKUI+": [-0.028, -0.003, -0.024, -0.025, -0.047, -0.043, -0.023, -0.033, -0.03, -0.022, -0.046, 0.026, 0.008, 0.014, -0.034, 0.006, -0.113, -0.06, -0.123, -0.064, -0.058, -0.042, -0.051, -0.032, -0.035, -0.032, -0.021, -0.013, -0.052], "FUKUI-": [-0.02, -0.001, -0.016, -0.021, -0.027, -0.036, -0.018, -0.018, -0.017, -0.018, -0.067, 0.025, 0.007, 0.025, -0.175, 0.01, -0.13, -0.01, -0.097, -0.05, -0.045, -0.031, -0.032, -0.043, -0.04, -0.033, -0.041, -0.038, -0.044], "FUKUIrad": [-0.024, -0.002, -0.02, -0.023, -0.037, -0.039, -0.02, -0.026, -0.023, -0.02, -0.057, 0.025, 0.008, 0.019, -0.104, 0.008, -0.122, -0.035, -0.11, -0.057, -0.051, -0.037, -0.042, -0.038, -0.037, -0.032, -0.031, -0.026, -0.048], "s proportion": [1.826, 1.03, 1.826, 1.825, 1.074, 1.061, 1.064, 1.068, 1.041, 1.062, 1.449, 1.014, 1.068, 1.045, 1.949, 1.08, 1.951, 1.007, 1.728, 0.947, 0.952, 0.926, 0.949, 0.953, 0.95, 0.948, 0.953, 0.959, 0.937], "p proportion": [5.424, 2.336, 5.425, 5.422, 2.949, 2.963, 2.952, 2.971, 2.806, 2.993, 3.81, 2.908, 2.973, 2.893, 5.207, 2.874, 5.171, 2.528, 4.783, 0.0, 0.0, 0.0, 0.0, 0.0, 0.0, 0.0, 0.0, 0.0, 0.0], "d proportion": [0.0, 0.0, 0.0, 0.0, 0.0, 0.0, 0.0, 0.0, 0.0, 0.0, 0.0, 0.0, 0.0, 0.0, -0.016, 0.0, -0.014, 0.0, 0.0, 0.0, 0.0, 0.0, 0.0, 0.0, 0.0, 0.0, 0.0, 0.0, 0.0], "Fermi-level/eV": -9.5197, "Coordination numbers": [0.788, 3.331, 0.788, 0.788, 2.96, 2.913, 2.908, 2.917, 2.891, 2.92, 2.753, 3.787, 3.929, 3.714, 0.917, 3.794, 0.951, 2.844, 0.856, 0.925, 0.925, 0.925, 0.925, 0.924, 0.924, 0.923, 0.924, 0.924, 0.924], "Dispersion coefficient C6": [11.313, 17.454, 11.323, 11.288, 28.517, 28.662, 28.556, 28.918, 26.238, 29.064, 22.84, 20.715, 20.995, 20.328, 105.101, 19.947, 104.141, 22.527, 21.281, 2.168, 2.162, 1.904, 2.216, 2.081, 2.035, 2.061, 2.001, 1.939, 1.966], "Total dispersion C6": 12723.215194, "Total dispersion C8": 338780.800724, "Polarizability alpha": [3.973, 6.627, 3.975, 3.969, 8.759, 8.779, 8.762, 8.818, 8.398, 8.841, 7.098, 6.483, 6.512, 6.442, 15.684, 6.36, 15.612, 7.779, 6.185, 2.303, 2.299, 2.158, 2.328, 2.256, 2.231, 2.245, 2.212, 2.178, 2.193], "Total polarizability alpha": 171.457549, "Wiberg matrix": [[0.0, 0.940638171881587, 0.0, 0.0, 0.0, 0.0, 0.0, 0.0, 0.0, 0.0, 0.0, 0.0, 0.0, 0.0, 0.0, 0.0, 0.0, 0.0, 0.0, 0.0, 0.0, 0.0, 0.0, 0.0, 0.0, 0.0, 0.0, 0.0, 0.0], [0.940638171881587, 0.0, 0.9435561245109627, 0.9481188394099239, 0.9552047343441333, 0.0, 0.0, 0.0, 0.0, 0.0, 0.0, 0.0, 0.0, 0.0, 0.0, 0.0, 0.0, 0.0, 0.0, 0.0, 0.0, 0.0, 0.0, 0.0, 0.0, 0.0, 0.0, 0.0, 0.0], [0.0, 0.9435561245109627, 0.0, 0.0, 0.0, 0.0, 0.0, 0.0, 0.0, 0.0, 0.0, 0.0, 0.0, 0.0, 0.0, 0.0, 0.0, 0.0, 0.0, 0.0, 0.0, 0.0, 0.0, 0.0, 0.0, 0.0, 0.0, 0.0, 0.0], [0.0, 0.9481188394099239, 0.0, 0.0, 0.0, 0.0, 0.0, 0.0, 0.0, 0.0, 0.0, 0.0, 0.0, 0.0, 0.0, 0.0, 0.0, 0.0, 0.0, 0.0, 0.0, 0.0, 0.0, 0.0, 0.0, 0.0, 0.0, 0.0, 0.0], [0.0, 0.9552047343441333, 0.0, 0.0, 0.0, 1.4093102756244211, 0.0, 0.10557756617571329, 0.0, 1.4126467154925622, 0.0, 0.0, 0.0, 0.0, 0.0, 0.0, 0.0, 0.0, 0.0, 0.0, 0.0, 0.0, 0.0, 0.0, 0.0, 0.0, 0.0, 0.0, 0.0], [0.0, 0.0, 0.0, 0.0, 1.4093102756244211, 0.0, 1.4339434240879365, 0.0, 0.0, 0.0, 0.0, 0.0, 0.0, 0.0, 0.0, 0.0, 0.0, 0.0, 0.0, 0.9666913337815703, 0.0, 0.0, 0.0, 0.0, 0.0, 0.0, 0.0, 0.0, 0.0], [0.0, 0.0, 0.0, 0.0, 0.0, 1.4339434240879365, 0.0, 1.4485121621922286, 0.0, 0.10623060759936392, 0.0, 0.0, 0.0, 0.0, 0.0, 0.0, 0.0, 0.0, 0.0, 0.0, 0.9680638643667375, 0.0, 0.0, 0.0, 0.0, 0.0, 0.0, 0.0, 0.0], [0.0, 0.0, 0.0, 0.0, 0.10557756617571329, 0.0, 1.4485121621922286, 0.0, 1.3689902942083776, 0.0, 0.0, 0.0, 0.0, 0.0, 0.0, 0.0, 0.0, 0.0, 0.0, 0.0, 0.0, 0.9591882000338922, 0.0, 0.0, 0.0, 0.0, 0.0, 0.0, 0.0], [0.0, 0.0, 0.0, 0.0, 0.0, 0.0, 0.0, 1.3689902942083776, 0.0, 1.3727852383215813, 1.0661596339090647, 0.0, 0.0, 0.0, 0.0, 0.0, 0.0, 0.0, 0.0, 0.0, 0.0, 0.0, 0.0, 0.0, 0.0, 0.0, 0.0, 0.0, 0.0], [0.0, 0.0, 0.0, 0.0, 1.4126467154925622, 0.0, 0.10623060759936392, 0.0, 1.3727852383215813, 0.0, 0.0, 0.0, 0.0, 0.0, 0.0, 0.0, 0.0, 0.0, 0.0, 0.0, 0.0, 0.0, 0.9633105302488878, 0.0, 0.0, 0.0, 0.0, 0.0, 0.0], [0.0, 0.0, 0.0, 0.0, 0.0, 0.0, 0.0, 0.0, 1.0661596339090647, 0.0, 0.0, 0.9872817763986723, 0.0, 0.0, 0.0, 0.0, 0.0, 1.1665763635842066, 0.17642923415415607, 0.0, 0.0, 0.0, 0.0, 0.0, 0.0, 0.0, 0.0, 0.0, 0.0], [0.0, 0.0, 0.0, 0.0, 0.0, 0.0, 0.0, 0.0, 0.0, 0.0, 0.9872817763986723, 0.0, 0.9910569677991345, 0.0, 0.0, 0.0, 0.0, 0.0, 0.0, 0.0, 0.0, 0.0, 0.0, 0.9617597930701062, 0.9656446596297519, 0.0, 0.0, 0.0, 0.0], [0.0, 0.0, 0.0, 0.0, 0.0, 0.0, 0.0, 0.0, 0.0, 0.0, 0.0, 0.9910569677991345, 0.0, 1.006246668932065, 0.0, 0.984851988963921, 0.0, 0.0, 0.0, 0.0, 0.0, 0.0, 0.0, 0.0, 0.0, 0.9565908677496349, 0.0, 0.0, 0.0], [0.0, 0.0, 0.0, 0.0, 0.0, 0.0, 0.0, 0.0, 0.0, 0.0, 0.0, 0.0, 1.006246668932065, 0.0, 0.957000959229909, 0.0, 0.0, 0.0, 0.0, 0.0, 0.0, 0.0, 0.0, 0.0, 0.0, 0.0, 0.975046865941692, 0.9733113831873206, 0.0], [0.0, 0.0, 0.0, 0.0, 0.0, 0.0, 0.0, 0.0, 0.0, 0.0, 0.0, 0.0, 0.0, 0.957000959229909, 0.0, 0.0, 0.0, 0.0, 0.0, 0.0, 0.0, 0.0, 0.0, 0.0, 0.0, 0.0, 0.0, 0.0, 0.0], [0.0, 0.0, 0.0, 0.0, 0.0, 0.0, 0.0, 0.0, 0.0, 0.0, 0.0, 0.0, 0.984851988963921, 0.0, 0.0, 0.0, 0.9347415656007937, 0.9525416335531397, 0.0, 0.0, 0.0, 0.0, 0.0, 0.0, 0.0, 0.0, 0.0, 0.0, 0.9625861120504862], [0.0, 0.0, 0.0, 0.0, 0.0, 0.0, 0.0, 0.0, 0.0, 0.0, 0.0, 0.0, 0.0, 0.0, 0.0, 0.9347415656007937, 0.0, 0.0, 0.0, 0.0, 0.0, 0.0, 0.0, 0.0, 0.0, 0.0, 0.0, 0.0, 0.0], [0.0, 0.0, 0.0, 0.0, 0.0, 0.0, 0.0, 0.0, 0.0, 0.0, 1.1665763635842066, 0.0, 0.0, 0.0, 0.0, 0.9525416335531397, 0.0, 0.0, 1.7364403160172202, 0.0, 0.0, 0.0, 0.0, 0.0, 0.0, 0.0, 0.0, 0.0, 0.0], [0.0, 0.0, 0.0, 0.0, 0.0, 0.0, 0.0, 0.0, 0.0, 0.0, 0.17642923415415607, 0.0, 0.0, 0.0, 0.0, 0.0, 0.0, 1.7364403160172202, 0.0, 0.0, 0.0, 0.0, 0.0, 0.0, 0.0, 0.0, 0.0, 0.0, 0.0], [0.0, 0.0, 0.0, 0.0, 0.0, 0.9666913337815703, 0.0, 0.0, 0.0, 0.0, 0.0, 0.0, 0.0, 0.0, 0.0, 0.0, 0.0, 0.0, 0.0, 0.0, 0.0, 0.0, 0.0, 0.0, 0.0, 0.0, 0.0, 0.0, 0.0], [0.0, 0.0, 0.0, 0.0, 0.0, 0.0, 0.9680638643667375, 0.0, 0.0, 0.0, 0.0, 0.0, 0.0, 0.0, 0.0, 0.0, 0.0, 0.0, 0.0, 0.0, 0.0, 0.0, 0.0, 0.0, 0.0, 0.0, 0.0, 0.0, 0.0], [0.0, 0.0, 0.0, 0.0, 0.0, 0.0, 0.0, 0.9591882000338922, 0.0, 0.0, 0.0, 0.0, 0.0, 0.0, 0.0, 0.0, 0.0, 0.0, 0.0, 0.0, 0.0, 0.0, 0.0, 0.0, 0.0, 0.0, 0.0, 0.0, 0.0], [0.0, 0.0, 0.0, 0.0, 0.0, 0.0, 0.0, 0.0, 0.0, 0.9633105302488878, 0.0, 0.0, 0.0, 0.0, 0.0, 0.0, 0.0, 0.0, 0.0, 0.0, 0.0, 0.0, 0.0, 0.0, 0.0, 0.0, 0.0, 0.0, 0.0], [0.0, 0.0, 0.0, 0.0, 0.0, 0.0, 0.0, 0.0, 0.0, 0.0, 0.0, 0.9617597930701062, 0.0, 0.0, 0.0, 0.0, 0.0, 0.0, 0.0, 0.0, 0.0, 0.0, 0.0, 0.0, 0.0, 0.0, 0.0, 0.0, 0.0], [0.0, 0.0, 0.0, 0.0, 0.0, 0.0, 0.0, 0.0, 0.0, 0.0, 0.0, 0.9656446596297519, 0.0, 0.0, 0.0, 0.0, 0.0, 0.0, 0.0, 0.0, 0.0, 0.0, 0.0, 0.0, 0.0, 0.0, 0.0, 0.0, 0.0], [0.0, 0.0, 0.0, 0.0, 0.0, 0.0, 0.0, 0.0, 0.0, 0.0, 0.0, 0.0, 0.9565908677496349, 0.0, 0.0, 0.0, 0.0, 0.0, 0.0, 0.0, 0.0, 0.0, 0.0, 0.0, 0.0, 0.0, 0.0, 0.0, 0.0], [0.0, 0.0, 0.0, 0.0, 0.0, 0.0, 0.0, 0.0, 0.0, 0.0, 0.0, 0.0, 0.0, 0.975046865941692, 0.0, 0.0, 0.0, 0.0, 0.0, 0.0, 0.0, 0.0, 0.0, 0.0, 0.0, 0.0, 0.0, 0.0, 0.0], [0.0, 0.0, 0.0, 0.0, 0.0, 0.0, 0.0, 0.0, 0.0, 0.0, 0.0, 0.0, 0.0, 0.9733113831873206, 0.0, 0.0, 0.0, 0.0, 0.0, 0.0, 0.0, 0.0, 0.0, 0.0, 0.0, 0.0, 0.0, 0.0, 0.0], [0.0, 0.0, 0.0, 0.0, 0.0, 0.0, 0.0, 0.0, 0.0, 0.0, 0.0, 0.0, 0.0, 0.0, 0.0, 0.9625861120504862, 0.0, 0.0, 0.0, 0.0, 0.0, 0.0, 0.0, 0.0, 0.0, 0.0, 0.0, 0.0, 0.0]], "Born radii": [], "Atomic SASAs": [], "Solvent H bonds": [], "Total SASA": NaN, "Total FOD": 0.0, "FOD": [0.0, 0.0, 0.0, 0.0, 0.0, 0.0, 0.0, 0.0, 0.0, 0.0, 0.0, 0.0, 0.0, 0.0, 0.0, 0.0, 0.0, 0.0, 0.0, 0.0, 0.0, 0.0, 0.0, 0.0, 0.0, 0.0, 0.0, 0.0, 0.0], "FOD s proportion": [0.0, 0.0, 0.0, 0.0, 0.0, 0.0, 0.0, 0.0, 0.0, 0.0, 0.0, 0.0, 0.0, 0.0, 0.0, 0.0, 0.0, 0.0, 0.0, 0.0, 0.0, 0.0, 0.0, 0.0, 0.0, 0.0, 0.0, 0.0, 0.0], "FOD p proportion": [0.0, 0.0, 0.0, 0.0, 0.0, 0.0, 0.0, 0.0, 0.0, 0.0, 0.0, 0.0, 0.0, 0.0, 0.0, 0.0, 0.0, 0.0, 0.0, 0.0, 0.0, 0.0, 0.0, 0.0, 0.0, 0.0, 0.0, 0.0, 0.0], "FOD d proportion": [0.0, 0.0, 0.0, 0.0, 0.0, 0.0, 0.0, 0.0, 0.0, 0.0, 0.0, 0.0, 0.0, 0.0, 0.0, 0.0, 0.0, 0.0, 0.0, 0.0, 0.0, 0.0, 0.0, 0.0, 0.0, 0.0, 0.0, 0.0, 0.0], "coordinates": [["3.86250", "-2.63160", "-0.04710"], ["3.68070", "-1.61490", "-0.93380"], ["3.03490", "-2.16260", "-2.00160"], ["4.92230", "-1.28070", "-1.38250"], ["2.93000", "-0.45530", "-0.32790"], ["3.61690", "0.63230", "0.21980"], ["2.90820", "1.68490", "0.78870"], ["1.50960", "1.65820", "0.82270"], ["0.78730", "0.58180", "0.29400"], ["1.52140", "-0.47170", "-0.27710"], ["-0.63500", "0.54020", "0.32750"], ["-1.39530", "-0.59330", "-0.15540"], ["-2.78990", "-0.38270", "0.41770"], ["-3.88640", "-1.12700", "-0.32830"], ["-3.69460", "-2.88890", "-0.13770"], ["-2.92150", "1.13850", "0.44040"], ["-3.44580", "1.85390", "-1.10290"], ["-1.49470", "1.59120", "0.70350"], ["-1.21240", "2.70000", "1.13410"], ["4.70510", "0.66610", "0.20270"], ["3.43920", "2.53480", "1.21220"], ["1.01480", "2.50570", "1.28740"], ["1.01770", "-1.33100", "-0.71440"], ["-1.38690", "-0.58060", "-1.25140"], ["-0.97250", "-1.53340", "0.21300"], ["-2.78000", "-0.72010", "1.46540"], ["-4.87330", "-0.86320", "0.06370"], ["-3.87290", "-0.92580", "-1.40300"], ["-3.58940", "1.47530", "1.23830"]], "bond_dist": [[0.0, 1.3612373121539096, 2.1736957031746647, 2.1751781559219467, 2.384258077473997, 3.283991196699528, 4.49904683016303, 4.969413898036668, 4.460845638441214, 3.1935587077741348, 5.516171376054229, 5.640111401382068, 7.0376143692305275, 7.898629362743893, 7.562021691320384, 7.776500900790792, 8.639772727334904, 6.862582024282115, 7.454917974733188, 3.4127994505977055, 5.334482949640012, 6.023465516627451, 3.1983959557878383, 5.763084230687593, 4.964969310076347, 7.075612676652107, 8.913681441469626, 8.036456408766242, 8.60521320944461], [1.3612373121539096, 0.0, 1.362802175666006, 1.361834017052005, 1.5084221756524263, 2.5268104875514505, 3.8016368237905107, 4.30257493485006, 3.8346769472799136, 2.5299679088873837, 4.986040532326226, 5.235966875372685, 6.724100939902671, 7.606949393153605, 7.526745731058011, 7.2841390733565765, 7.92768380423942, 6.304331341228822, 6.843756280727711, 2.74663223056892, 4.677996188540559, 5.3870304073765904, 2.6870624425197116, 5.181815898891044, 4.793126613182673, 6.9496382761982645, 8.644707926818581, 7.599465797672885, 8.192783926114492], [2.1736957031746647, 1.362802175666006, 0.0, 2.1733180117046835, 2.3931462533660577, 3.6172929063043813, 4.754480332276073, 4.990162644643959, 4.225306672893696, 2.8502149585601435, 5.118398251406391, 5.049537500603397, 6.553575477554218, 7.195609351542092, 7.020527412523934, 7.234592329219388, 7.677200429192923, 6.475017884917385, 7.177537916305284, 3.9560144362729517, 5.705921107936913, 6.057338516213205, 2.5332860556991976, 4.755821619867591, 4.621644789466192, 6.921990845125411, 8.276081904500463, 7.0431311957111795, 8.222689274805415], [2.1751781559219467, 1.361834017052005, 2.1733180117046835, 0.0, 2.4005677682581674, 2.8162037302013503, 4.191120567342343, 5.014634736448907, 4.835057755601271, 3.6664030015807048, 6.092894230166809, 6.472276487450146, 7.97026680105503, 8.87288887679768, 8.85363201686178, 8.40837032307688, 8.94030150106807, 7.333286753564189, 7.73393768658631, 2.519933554679567, 4.846658018676375, 6.060837171546518, 3.9616649101103945, 6.349278058173228, 6.112130936097492, 8.231052913206183, 9.910579198513073, 8.802381342568612, 9.32272307483173], [2.384258077473997, 1.5084221756524263, 2.3931462533660577, 2.4005677682581674, 0.0, 1.3980989449963832, 2.4140685242966904, 2.7943333319416275, 2.460386008332839, 1.4096111378674618, 3.758961879295932, 4.330937582094667, 5.768747362296255, 6.84941530424313, 7.060021965971494, 6.113144491994279, 6.825236646446774, 4.982962803393178, 5.408589451049137, 2.165653326365972, 3.4017481770407403, 3.8787505887850022, 2.1384863876115743, 4.416353467511404, 4.0846515971377535, 5.99083833282121, 7.823760212327573, 6.90338023507325, 6.977304290340217], [3.283991196699528, 2.5268104875514505, 3.6172929063043813, 2.8162037302013503, 1.3980989449963832, 0.0, 1.390636422649716, 2.4200563030640416, 2.831023145436999, 2.4200921180814583, 4.254260841791439, 5.173491977378529, 6.489720768261142, 7.726257890466768, 8.123095957822978, 6.561674889843292, 7.288591986110897, 5.223208732187523, 5.33230403015432, 1.0888590771996163, 2.1531236146584805, 3.3793966517708456, 3.388674839815706, 5.354770797149024, 5.074731036222511, 6.6558872233534725, 8.62231891662562, 7.820374638724157, 7.326578392401189], [4.49904683016303, 3.8016368237905107, 4.754480332276073, 4.191120567342343, 2.4140685242966904, 1.390636422649716, 0.0, 1.399267969332536, 2.44126494055848, 2.7767008193177745, 3.7519741163819345, 4.960003256047318, 6.072969156022448, 7.437812835101459, 8.085470378400998, 5.86560039041188, 6.63174393052084, 4.404721005920806, 4.2578249764404354, 2.147137408271767, 1.0879537030590962, 2.123058616713161, 3.8638002885760026, 5.267103783864525, 5.0743194489507655, 6.212694031577605, 8.220108324103766, 7.589639028965738, 6.5165081201514665], [4.969413898036668, 4.30257493485006, 4.990162644643959, 5.014634736448907, 2.7943333319416275, 2.4200563030640416, 1.399267969332536, 0.0, 1.399956406464144, 2.397117704661163, 2.4686952424307056, 3.8032059988909355, 4.776504795349838, 6.180530401187264, 6.9772619421948034, 4.477821857778623, 5.319983365575498, 3.0074102031482166, 2.9311433264171853, 3.4029226644165744, 2.154876787660956, 1.0858311931419176, 3.397051465609551, 4.207591769646861, 4.088870878372171, 4.946720362017647, 6.904705016870743, 6.371977929968057, 5.119177352856609], [4.460845638441214, 3.8346769472799136, 4.225306672893696, 4.835057755601271, 2.460386008332839, 2.831023145436999, 2.44126494055848, 1.399956406464144, 0.0, 1.4053185653082365, 1.4233025328439486, 2.5192386012444317, 3.707009816550261, 5.015049991774758, 5.685028670991906, 3.753204669345918, 4.63559096879783, 2.5286562854607184, 3.0317221739466826, 3.9197702764320255, 3.419045751375667, 2.1771520433814446, 2.174570891003556, 2.909738916122888, 2.75273102209424, 3.974009418710529, 5.846661906592514, 5.183640689708344, 4.565692458981441], [3.1935587077741348, 2.5299679088873837, 2.8502149585601435, 3.6664030015807048, 1.4096111378674618, 2.4200921180814583, 2.7767008193177745, 2.397117704661163, 1.4053185653082365, 0.0, 2.457548316920748, 2.9217693851500326, 4.367834215031518, 5.447599505286709, 5.750560337914907, 4.77984421294251, 5.546479679941142, 3.7833836680939457, 4.418690843451259, 3.4147829462500248, 3.8645845287689076, 3.4013548138940166, 1.0878149980580338, 3.0690924700960056, 2.7544404350067184, 4.647585477428038, 6.415731055772211, 5.529225091276354, 5.675167204585254], [5.516171376054229, 4.986040532326226, 5.118398251406391, 6.092894230166809, 3.758961879295932, 4.254260841791439, 3.7519741163819345, 2.4686952424307056, 1.4233025328439486, 2.457548316920748, 0.0, 1.4477813198131824, 2.3459485203217905, 3.712308101437703, 4.619122212065838, 2.366176567798777, 3.416496522755439, 1.4089219602234893, 2.3767057790143067, 5.343041630008136, 4.621712765847744, 2.739788002747658, 2.705247186487771, 2.0771305832806948, 2.1040041492354526, 2.7357261376095376, 4.472394089299377, 3.9531990412828946, 3.2299300317499138], [5.640111401382068, 5.235966875372685, 5.049537500603397, 6.472276487450146, 4.330937582094667, 5.173491977378529, 4.960003256047318, 3.8032059988909355, 2.5192386012444317, 2.9217693851500326, 1.4477813198131824, 0.0, 1.5224011068046421, 2.5534896338148703, 3.2491342139099144, 2.383987273455964, 3.3303294641821855, 2.3493892440376927, 3.541480982583417, 6.239327217737501, 5.918422899725906, 4.182589490973265, 2.5844247503071167, 1.096105765882107, 1.0946535570672578, 2.1355245187072893, 3.495330430731836, 2.793843905804331, 3.3219844159778953], [7.0376143692305275, 6.724100939902671, 6.553575477554218, 7.97026680105503, 5.768747362296255, 6.489720768261142, 6.072969156022448, 4.776504795349838, 3.707009816550261, 4.367834215031518, 2.3459485203217905, 1.5224011068046421, 0.0, 1.520792799825144, 2.7217622397997956, 1.5270505197929767, 2.782949645609852, 2.3781307554463864, 3.5362090577340024, 7.571078618004174, 6.9242128296290835, 4.855406753300901, 4.083961442031499, 2.189399054535285, 2.1607765594804103, 1.1007325106491588, 2.167199070228668, 2.186960241979721, 2.1828304125607194], [7.898629362743893, 7.606949393153605, 7.195609351542092, 8.87288887679768, 6.84941530424313, 7.726257890466768, 7.437812835101459, 6.180530401187264, 5.015049991774758, 5.447599505286709, 3.712308101437703, 2.5534896338148703, 1.520792799825144, 0.0, 1.782528319550632, 2.5796166284934667, 3.1112534981900786, 3.7647644507990137, 4.8923224300939125, 8.792669723127327, 8.333446756894773, 6.311002869592122, 4.923503429469711, 2.719957135691664, 2.9914845578742333, 2.1464035641043835, 1.0941782533024502, 1.0934549739243953, 3.051951809907883], [7.562021691320384, 7.526745731058011, 7.020527412523934, 8.85363201686178, 7.060021965971494, 8.123095957822978, 8.085470378400998, 6.9772619421948034, 5.685028670991906, 5.750560337914907, 4.619122212065838, 3.2491342139099144, 2.7217622397997956, 1.782528319550632, 0.0, 4.141477270250315, 4.846407362160139, 5.061469496104862, 6.246166447510025, 9.127368583003536, 9.062552297228413, 7.301442838918894, 4.996539461467306, 3.448775995915072, 3.0610781025645193, 2.847826576531654, 2.3523086829750897, 2.3423357124887114, 4.57719178973309], [7.776500900790792, 7.2841390733565765, 7.234592329219388, 8.40837032307688, 6.113144491994279, 6.561674889843292, 5.86560039041188, 4.477821857778623, 3.753204669345918, 4.77984421294251, 2.366176567798777, 2.383987273455964, 1.5270505197929767, 2.5796166284934667, 4.141477270250315, 0.0, 1.7800175673290417, 1.5198411561738945, 2.416717763827626, 7.644912727428614, 6.5577308133225465, 4.252187969739814, 4.790541715714414, 2.8587565846010747, 3.3150205685636402, 2.1272144250169047, 2.8210333248651995, 2.9265372046157214, 1.0936951403384765], [8.639772727334904, 7.92768380423942, 7.677200429192923, 8.94030150106807, 6.825236646446774, 7.288591986110897, 6.63174393052084, 5.319983365575498, 4.63559096879783, 5.546479679941142, 3.416496522755439, 3.3303294641821855, 2.782949645609852, 3.1112534981900786, 4.846407362160139, 1.7800175673290417, 0.0, 2.6718689077123527, 3.2723278824103192, 8.339822001098105, 7.295651980460691, 5.102482698647787, 5.497031245135869, 3.191850828281297, 4.395748740544664, 3.696610681421564, 3.283495731685973, 2.8282868507278396, 2.375957987844061], [6.862582024282115, 6.304331341228822, 6.475017884917385, 7.333286753564189, 4.982962803393178, 5.223208732187523, 4.404721005920806, 3.0074102031482166, 2.5286562854607184, 3.7833836680939457, 1.4089219602234893, 2.3493892440376927, 2.3781307554463864, 3.7647644507990137, 5.061469496104862, 1.5198411561738945, 2.6718689077123527, 0.0, 1.2225167033623714, 6.288412414115347, 5.049012364809577, 2.734015309028097, 4.106317938250764, 2.9240331889361313, 3.2056837414192936, 2.752198283191093, 4.224732105116252, 4.05320447177292, 2.1649969838316174], [7.454917974733188, 6.843756280727711, 7.177537916305284, 7.73393768658631, 5.408589451049137, 5.33230403015432, 4.2578249764404354, 2.9311433264171853, 3.0317221739466826, 4.418690843451259, 2.3767057790143067, 3.541480982583417, 3.5362090577340024, 4.8923224300939125, 6.246166447510025, 2.416717763827626, 3.2723278824103192, 1.2225167033623714, 0.0, 6.3262201526662025, 4.655187773871211, 2.240909016448459, 4.9637948446727735, 4.059974982681544, 4.339084325062144, 3.776799367189102, 5.219611020947826, 5.163483543113117, 2.67598145172944], [3.4127994505977055, 2.74663223056892, 3.9560144362729517, 2.519933554679567, 2.165653326365972, 1.0888590771996163, 2.147137408271767, 3.4029226644165744, 3.9197702764320255, 3.4147829462500248, 5.343041630008136, 6.239327217737501, 7.571078618004174, 8.792669723127327, 9.127368583003536, 7.644912727428614, 8.339822001098105, 6.288412414115347, 6.3262201526662025, 0.0, 2.4725761363403955, 4.263685769378414, 4.292598231840478, 6.3860106247954205, 6.088764086413597, 7.716390590165845, 9.700712656810325, 8.870992171115923, 8.397976080580367], [5.334482949640012, 4.677996188540559, 5.705921107936913, 4.846658018676375, 3.4017481770407403, 2.1531236146584805, 1.0879537030590962, 2.154876787660956, 3.419045751375667, 3.8645845287689076, 4.621712765847744, 5.918422899725906, 6.9242128296290835, 8.333446756894773, 9.062552297228413, 6.5577308133225465, 7.295651980460691, 5.049012364809577, 4.655187773871211, 2.4725761363403955, 0.0, 2.4257405487809285, 4.95175316933306, 6.250302659071799, 6.083728196591297, 7.02402540499392, 9.053348137567669, 8.501872135594606, 7.108054545373157], [6.023465516627451, 5.3870304073765904, 6.057338516213205, 6.060837171546518, 3.8787505887850022, 3.3793966517708456, 2.123058616713161, 1.0858311931419176, 2.1771520433814446, 3.4013548138940166, 2.739788002747658, 4.182589490973265, 4.855406753300901, 6.311002869592122, 7.301442838918894, 4.252187969739814, 5.102482698647787, 2.734015309028097, 2.240909016448459, 4.263685769378414, 2.4257405487809285, 0.0, 4.327525683343774, 4.662501047721062, 4.627961263882835, 4.983771331030347, 6.893232225161141, 6.550042419709967, 4.718346385122652], [3.1983959557878383, 2.6870624425197116, 2.5332860556991976, 3.9616649101103945, 2.1384863876115743, 3.388674839815706, 3.8638002885760026, 3.397051465609551, 2.174570891003556, 1.0878149980580338, 2.705247186487771, 2.5844247503071167, 4.083961442031499, 4.923503429469711, 4.996539461467306, 4.790541715714414, 5.497031245135869, 4.106317938250764, 4.9637948446727735, 4.292598231840478, 4.95175316933306, 4.327525683343774, 0.0, 2.575571843300047, 2.204979038449119, 4.421227447214179, 5.9605500962578954, 4.955433922473389, 5.737048665472519], [5.763084230687593, 5.181815898891044, 4.755821619867591, 6.349278058173228, 4.416353467511404, 5.354770797149024, 5.267103783864525, 4.207591769646861, 2.909738916122888, 3.0690924700960056, 2.0771305832806948, 1.096105765882107, 2.189399054535285, 2.719957135691664, 3.448775995915072, 2.8587565846010747, 3.191850828281297, 2.9240331889361313, 4.059974982681544, 6.3860106247954205, 6.250302659071799, 4.662501047721062, 2.575571843300047, 0.0, 1.7955563371835486, 3.056336058093089, 3.736888509174445, 2.514426694099472, 3.908495509783784], [4.964969310076347, 4.793126613182673, 4.621644789466192, 6.112130936097492, 4.0846515971377535, 5.074731036222511, 5.0743194489507655, 4.088870878372171, 2.75273102209424, 2.7544404350067184, 2.1040041492354526, 1.0946535570672578, 2.1607765594804103, 2.9914845578742333, 3.0610781025645193, 3.3150205685636402, 4.395748740544664, 3.2056837414192936, 4.339084325062144, 6.088764086413597, 6.083728196591297, 4.627961263882835, 2.204979038449119, 1.7955563371835486, 0.0, 2.344572221109855, 3.960770022356764, 3.3753450075510796, 4.117241963985114], [7.075612676652107, 6.9496382761982645, 6.921990845125411, 8.231052913206183, 5.99083833282121, 6.6558872233534725, 6.212694031577605, 4.946720362017647, 3.974009418710529, 4.647585477428038, 2.7357261376095376, 2.1355245187072893, 1.1007325106491588, 2.1464035641043835, 2.847826576531654, 2.1272144250169047, 3.696610681421564, 2.752198283191093, 3.776799367189102, 7.716390590165845, 7.02402540499392, 4.983771331030347, 4.421227447214179, 3.056336058093089, 2.344572221109855, 0.0, 2.523320310622495, 3.0764364872364913, 2.350847491863307], [8.913681441469626, 8.644707926818581, 8.276081904500463, 9.910579198513073, 7.823760212327573, 8.62231891662562, 8.220108324103766, 6.904705016870743, 5.846661906592514, 6.415731055772211, 4.472394089299377, 3.495330430731836, 2.167199070228668, 1.0941782533024502, 2.3523086829750897, 2.8210333248651995, 3.283495731685973, 4.224732105116252, 5.219611020947826, 9.700712656810325, 9.053348137567669, 6.893232225161141, 5.9605500962578954, 3.736888509174445, 3.960770022356764, 2.523320310622495, 0.0, 1.7764931212926216, 2.914904221411057], [8.036456408766242, 7.599465797672885, 7.0431311957111795, 8.802381342568612, 6.90338023507325, 7.820374638724157, 7.589639028965738, 6.371977929968057, 5.183640689708344, 5.529225091276354, 3.9531990412828946, 2.793843905804331, 2.186960241979721, 1.0934549739243953, 2.3423357124887114, 2.9265372046157214, 2.8282868507278396, 4.05320447177292, 5.163483543113117, 8.870992171115923, 8.501872135594606, 6.550042419709967, 4.955433922473389, 2.514426694099472, 3.3753450075510796, 3.0764364872364913, 1.7764931212926216, 0.0, 3.5807986748768776], [8.60521320944461, 8.192783926114492, 8.222689274805415, 9.32272307483173, 6.977304290340217, 7.326578392401189, 6.5165081201514665, 5.119177352856609, 4.565692458981441, 5.675167204585254, 3.2299300317499138, 3.3219844159778953, 2.1828304125607194, 3.051951809907883, 4.57719178973309, 1.0936951403384765, 2.375957987844061, 2.1649969838316174, 2.67598145172944, 8.397976080580367, 7.108054545373157, 4.718346385122652, 5.737048665472519, 3.908495509783784, 4.117241963985114, 2.350847491863307, 2.914904221411057, 3.5807986748768776, 0.0]]}