{"total energy": -20.88684981, "HOMO-LUMO gap/eV": 11.92051318, "electronic energy": -21.13928364, "dipole": [0.66428051, 0.38066167, -0.19998033], "partial charges": [-0.09955111, -0.05844051, -0.02408356, -0.10340631, 0.07539195, -0.44331056, 0.03754814, 0.03322829, 0.03337918, 0.0268808, 0.03258462, 0.02750599, 0.03566074, 0.04509326, 0.03481786, 0.01519426, 0.04721898, 0.28428798], "atomic dipole moments": [[-0.08390983, 0.00852509, 0.06740175], [-0.01786028, 0.00149146, -0.10858807], [-0.01068768, -0.06385218, 0.06774443], [0.02536979, 0.09088355, 0.05960698], [-0.118958, 0.02724756, -0.15638173], [0.22636469, 0.07312403, 0.02848686], [0.00311366, -0.10941539, -0.06320314], [0.00240816, 0.09554173, -0.08246777], [0.10648944, 0.00505932, 0.06514725], [0.0197527, 0.09690748, 0.07095558], [0.00601122, -0.09695418, 0.07923455], [0.00205337, 0.09277271, -0.08093098], [-0.00044611, -0.10785675, 0.06915005], [-0.11366674, 0.00512639, -0.05955538], [0.08109071, -0.0168306, -0.09424379], [0.01220426, 0.0966751, 0.06478131], [-0.013734, -0.09819362, 0.08329466], [0.01616, 0.06385738, -0.04288009]], "atomic quadrupole moments": [[0.09913289, -0.0127, -0.12931651, -0.16223607, 0.01523871, 0.03018362], [0.21469607, -0.04104172, -0.21431032, -0.0307997, 0.01522978, -0.00038574], [0.12479952, -0.01311485, -0.1105124, -0.0073158, 0.14063613, -0.01428711], [-0.08822289, 0.05022889, 0.12057687, 0.0221731, 0.15250076, -0.03235398], [0.35073869, -0.11719601, -0.32368407, 0.16895655, -0.01692024, -0.02705462], [0.12413026, -0.01050054, -0.08178607, 0.09890326, -0.03864667, -0.04234419], [-0.03528995, 0.02003536, 0.04900223, -0.00411492, 0.0509982, -0.01371228], [-0.03707208, -0.01631147, 0.03205063, -0.00245249, -0.06051534, 0.00502145], [0.04488011, 0.00200819, -0.05418286, 0.05125912, 0.00897492, 0.00930275], [-0.00837443, 0.00478836, 0.03095292, -0.0010559, 0.04575349, -0.0225785], [-0.01733289, 0.00091385, 0.03407376, -0.01002085, -0.04237141, -0.01674087], [-0.02974246, 0.00637455, 0.0245266, 0.00082745, -0.02111855, 0.00521586], [-0.05109826, 5.945e-05, 0.03289388, 0.00661622, -0.05598501, 0.01820437], [0.05953321, -0.02188835, -0.03030961, 0.04290135, 0.00041201, -0.0292236], [0.02675735, 0.00487714, -0.03651179, -0.06541778, 0.01017758, 0.00975443], [0.00195046, 0.01117655, 0.02035644, 0.02552165, 0.03345519, -0.0223069], [-0.01618013, 0.0059996, 0.03289434, -0.00364492, -0.0378779, -0.01671421], [-0.05081767, 0.02127086, 0.05173906, 0.00777911, -0.10753162, -0.00092138]], "number of molecular orbitals": 36, "number of electrons": 38, "number of unpaired electrons": 0, "orbital energies/eV": [-18.54148282, -17.23300627, -16.66615182, -16.26947001, -15.82775686, -15.3157991, -14.80437207, -14.31571459, -14.17710172, -13.79159429, -13.19922542, -12.89527449, -12.80416301, -12.44789523, -12.32269023, -11.82530532, -11.69227424, -11.63997062, -11.02065635, 0.89985683, 1.88238255, 2.31808205, 3.1021093, 3.25903605, 3.76667113, 3.96537605, 4.63154553, 4.8523895, 5.18519786, 5.41298549, 5.72773913, 6.30838248, 6.81803631, 7.15716702, 7.63608563, 7.85433283], "fractional occupation": [2.0, 2.0, 2.0, 2.0, 2.0, 2.0, 2.0, 2.0, 2.0, 2.0, 2.0, 2.0, 2.0, 2.0, 2.0, 2.0, 2.0, 2.0, 2.0, 0.0, 0.0, 0.0, 0.0, 0.0, 0.0, 0.0, 0.0, 0.0, 0.0, 0.0, 0.0, 0.0, 0.0, 0.0, 0.0, 0.0], "program call": "xtb /home/svss/Project-DBcg-Debug/aqme2_20220329/End-to-End-workflows-final/example-3/QDESCP/mol_17_rdkit_conf_5/mol_17_rdkit_conf_5.xyz --pop --wbo --acc 0.2 --gfn 2 --chrg 0 --uhf 0 --etemp 300 --input /home/svss/Project-DBcg-Debug/aqme2_20220329/End-to-End-workflows-final/example-3/QDESCP/mol_17_rdkit_conf_5/mol_17_rdkit_conf_5_xtb.inp", "method": "GFN2-xTB", "xtb version": "6.3.3 (7355c4f)", "Dipole module/D": 2.011, "Total charge": 0, "Transition dipole module/D": NaN, "HOMO": -11.0207, "LUMO": 0.8999, "HOMO occupancy": 2.0, "LUMO occupancy": 0, "mulliken charges": [-0.08192, -0.04805, -0.0302, -0.08623, 0.18948, -0.56318, 0.0293, 0.02736, 0.02967, 0.02189, 0.0245, 0.01927, 0.028, 0.03948, 0.02644, 0.0104, 0.03031, 0.33348], "cm5 charges": [-0.23246, -0.15822, -0.10053, -0.23371, 0.10427, -0.77826, 0.08106, 0.07881, 0.08043, 0.07695, 0.0797, 0.07992, 0.0803, 0.09373, 0.07849, 0.07321, 0.09355, 0.50273], "FUKUI+": [0.016, -0.035, -0.029, 0.026, -0.021, -0.156, -0.05, -0.049, -0.092, -0.062, -0.063, -0.054, -0.044, -0.04, -0.055, -0.095, -0.093, -0.105], "FUKUI-": [0.017, 0.01, -0.016, 0.015, 0.012, -0.145, -0.084, -0.075, -0.072, -0.09, -0.079, -0.056, -0.054, -0.053, -0.089, -0.113, -0.07, -0.06], "FUKUIrad": [0.017, -0.012, -0.023, 0.021, -0.005, -0.151, -0.067, -0.062, -0.082, -0.076, -0.071, -0.055, -0.049, -0.047, -0.072, -0.104, -0.082, -0.083], "s proportion": [1.007, 1.031, 1.063, 1.01, 0.997, 1.696, 0.971, 0.973, 0.97, 0.978, 0.976, 0.981, 0.972, 0.961, 0.974, 0.99, 0.97, 0.667], "p proportion": [3.075, 3.017, 2.967, 3.076, 2.814, 4.867, 0.0, 0.0, 0.0, 0.0, 0.0, 0.0, 0.0, 0.0, 0.0, 0.0, 0.0, 0.0], "d proportion": [0.0, 0.0, 0.0, 0.0, 0.0, 0.0, 0.0, 0.0, 0.0, 0.0, 0.0, 0.0, 0.0, 0.0, 0.0, 0.0, 0.0, 0.0], "Fermi-level/eV": -5.0604, "Coordination numbers": [3.749, 3.801, 3.847, 3.751, 3.677, 1.653, 0.924, 0.924, 0.924, 0.924, 0.924, 0.924, 0.924, 0.924, 0.924, 0.924, 0.924, 0.804], "Dispersion coefficient C6": [22.467, 21.625, 20.97, 22.538, 19.536, 21.709, 2.482, 2.541, 2.539, 2.631, 2.55, 2.622, 2.508, 2.382, 2.519, 2.808, 2.355, 0.77], "Total dispersion C6": 2125.288399, "Total dispersion C8": 43660.23526, "Polarizability alpha": [6.76, 6.621, 6.514, 6.77, 6.332, 6.29, 2.464, 2.493, 2.492, 2.537, 2.497, 2.532, 2.476, 2.414, 2.482, 2.62, 2.4, 1.379], "Total polarizability alpha": 68.073468, "Wiberg matrix": [[0.0, 1.0205118655289571, 0.0, 0.0, 0.0, 0.0, 0.985693199635168, 0.9874039184204535, 0.9867755254245253, 0.0, 0.0, 0.0, 0.0, 0.0, 0.0, 0.0, 0.0, 0.0], [1.0205118655289571, 0.0, 0.9944254477870483, 0.0, 0.0, 0.0, 0.0, 0.0, 0.0, 0.9769936605532097, 0.977331502612947, 0.0, 0.0, 0.0, 0.0, 0.0, 0.0, 0.0], [0.0, 0.9944254477870483, 0.0, 1.0099552706879726, 0.9872323429307354, 0.0, 0.0, 0.0, 0.0, 0.0, 0.0, 0.9663076892418052, 0.0, 0.0, 0.0, 0.0, 0.0, 0.0], [0.0, 0.0, 1.0099552706879726, 0.0, 0.0, 0.0, 0.0, 0.0, 0.0, 0.0, 0.0, 0.0, 0.986961770814912, 0.9843440582887755, 0.9843540981824962, 0.0, 0.0, 0.0], [0.0, 0.0, 0.9872323429307354, 0.0, 0.0, 0.9950166349110956, 0.0, 0.0, 0.0, 0.0, 0.0, 0.0, 0.0, 0.0, 0.0, 0.9721522770289189, 0.9727647664400472, 0.0], [0.0, 0.0, 0.0, 0.0, 0.9950166349110956, 0.0, 0.0, 0.0, 0.0, 0.0, 0.0, 0.0, 0.0, 0.0, 0.0, 0.0, 0.0, 0.904290188578246], [0.985693199635168, 0.0, 0.0, 0.0, 0.0, 0.0, 0.0, 0.0, 0.0, 0.0, 0.0, 0.0, 0.0, 0.0, 0.0, 0.0, 0.0, 0.0], [0.9874039184204535, 0.0, 0.0, 0.0, 0.0, 0.0, 0.0, 0.0, 0.0, 0.0, 0.0, 0.0, 0.0, 0.0, 0.0, 0.0, 0.0, 0.0], [0.9867755254245253, 0.0, 0.0, 0.0, 0.0, 0.0, 0.0, 0.0, 0.0, 0.0, 0.0, 0.0, 0.0, 0.0, 0.0, 0.0, 0.0, 0.0], [0.0, 0.9769936605532097, 0.0, 0.0, 0.0, 0.0, 0.0, 0.0, 0.0, 0.0, 0.0, 0.0, 0.0, 0.0, 0.0, 0.0, 0.0, 0.0], [0.0, 0.977331502612947, 0.0, 0.0, 0.0, 0.0, 0.0, 0.0, 0.0, 0.0, 0.0, 0.0, 0.0, 0.0, 0.0, 0.0, 0.0, 0.0], [0.0, 0.0, 0.9663076892418052, 0.0, 0.0, 0.0, 0.0, 0.0, 0.0, 0.0, 0.0, 0.0, 0.0, 0.0, 0.0, 0.0, 0.0, 0.0], [0.0, 0.0, 0.0, 0.986961770814912, 0.0, 0.0, 0.0, 0.0, 0.0, 0.0, 0.0, 0.0, 0.0, 0.0, 0.0, 0.0, 0.0, 0.0], [0.0, 0.0, 0.0, 0.9843440582887755, 0.0, 0.0, 0.0, 0.0, 0.0, 0.0, 0.0, 0.0, 0.0, 0.0, 0.0, 0.0, 0.0, 0.0], [0.0, 0.0, 0.0, 0.9843540981824962, 0.0, 0.0, 0.0, 0.0, 0.0, 0.0, 0.0, 0.0, 0.0, 0.0, 0.0, 0.0, 0.0, 0.0], [0.0, 0.0, 0.0, 0.0, 0.9721522770289189, 0.0, 0.0, 0.0, 0.0, 0.0, 0.0, 0.0, 0.0, 0.0, 0.0, 0.0, 0.0, 0.0], [0.0, 0.0, 0.0, 0.0, 0.9727647664400472, 0.0, 0.0, 0.0, 0.0, 0.0, 0.0, 0.0, 0.0, 0.0, 0.0, 0.0, 0.0, 0.0], [0.0, 0.0, 0.0, 0.0, 0.0, 0.904290188578246, 0.0, 0.0, 0.0, 0.0, 0.0, 0.0, 0.0, 0.0, 0.0, 0.0, 0.0, 0.0]], "Born radii": [], "Atomic SASAs": [], "Solvent H bonds": [], "Total SASA": NaN, "Total FOD": 0.0, "FOD": [0.0, 0.0, 0.0, 0.0, 0.0, 0.0, 0.0, 0.0, 0.0, 0.0, 0.0, 0.0, 0.0, 0.0, 0.0, 0.0, 0.0, 0.0], "FOD s proportion": [0.0, 0.0, 0.0, 0.0, 0.0, 0.0, 0.0, 0.0, 0.0, 0.0, 0.0, 0.0, 0.0, 0.0, 0.0, 0.0, 0.0, 0.0], "FOD p proportion": [0.0, 0.0, 0.0, 0.0, 0.0, 0.0, 0.0, 0.0, 0.0, 0.0, 0.0, 0.0, 0.0, 0.0, 0.0, 0.0, 0.0, 0.0], "FOD d proportion": [0.0, 0.0, 0.0, 0.0, 0.0, 0.0, 0.0, 0.0, 0.0, 0.0, 0.0, 0.0, 0.0, 0.0, 0.0, 0.0, 0.0, 0.0], "coordinates": [["2.20990", "0.01640", "-0.32350"], ["1.02140", "0.10840", "0.62300"], ["-0.33560", "0.20950", "-0.09580"], ["-0.64120", "-1.03740", "-0.93260"], ["-1.44780", "0.45220", "0.93530"], ["-2.69760", "0.67380", "0.29420"], ["2.20810", "-0.92410", "-0.88190"], ["2.20930", "0.84580", "-1.03760"], ["3.14500", "0.05950", "0.24440"], ["1.15910", "0.99510", "1.25440"], ["1.02870", "-0.75980", "1.29350"], ["-0.31320", "1.06580", "-0.78250"], ["-0.63610", "-1.94010", "-0.31240"], ["-1.62320", "-0.96220", "-1.41130"], ["0.09360", "-1.16940", "-1.73250"], ["-1.22740", "1.33030", "1.55170"], ["-1.55910", "-0.40820", "1.60350"], ["-2.59380", "1.44430", "-0.28980"]], "bond_dist": [[0.0, 1.5221230239372903, 2.5629485265997833, 3.100043299697603, 3.8927199192852293, 4.989717857755086, 1.0937797081679657, 1.0944603830198698, 1.094888135838543, 2.1334954276960616, 2.1476519457304994, 2.770912299225654, 3.4536547974573257, 4.102879770356426, 2.8053749000802015, 4.130101637974543, 4.2542890310838075, 5.011543453867282], [1.5221230239372903, 0.0, 1.5389423803378737, 2.5489189394721836, 2.512504401986193, 3.7760756878007626, 2.176932968651079, 2.1708195526114094, 2.157639017537456, 1.0972074279733983, 1.0969935186681825, 2.1617590453147177, 2.7961816214259043, 3.5040647839330825, 2.8358360195892853, 2.722613586243924, 2.808422343594353, 3.9607453452601566], [2.5629485265997833, 1.5389423803378737, 0.0, 1.5324441947425036, 1.53592296030758, 2.438589446790911, 2.8936848238880475, 2.7871815405531084, 3.500401748371178, 2.1620211585458637, 2.1750888418637064, 1.0978653560432627, 2.1812831017545613, 2.1820483266875645, 2.182742481375208, 2.183061183292855, 2.1831459021329747, 2.5810529401777096], [3.100043299697603, 2.5489189394721836, 1.5324441947425036, 0.0, 2.5216189501984636, 2.9431317741480756, 2.852002431625892, 3.418013676099029, 4.113858170865885, 3.486417264183965, 2.7966317204809075, 2.1339082103033395, 1.095235746312181, 1.0950491906759259, 1.09416408732877, 3.4815772603807034, 2.7695191387675946, 3.2225259486930433], [3.8927199192852293, 2.512504401986193, 1.53592296030758, 2.5216189501984636, 0.0, 1.4220111849067854, 4.308366551258144, 4.173923307872343, 4.661047944400487, 2.6818823296334235, 2.78034233323884, 2.14817572837978, 2.8175719103511803, 2.7455098032970127, 3.4817606695463716, 1.0952555546537988, 1.09506487935647, 1.9489608564565888], [4.989717857755086, 3.7760756878007626, 2.438589446790911, 2.9431317741480756, 1.4220111849067854, 0.0, 5.291728272502283, 5.087331604092661, 5.87501653529588, 3.987399230074661, 4.115716358059676, 2.64543195905697, 3.383817226151555, 2.596066565017161, 3.9109713077444073, 2.0429847135991985, 2.044791612854474, 0.9723685978064079], [1.0937797081679657, 2.176932968651079, 2.8936848238880475, 2.852002431625892, 4.308366551258144, 5.291728272502283, 0.0, 1.7767357541289026, 1.7645969114786528, 3.0573693479852904, 2.4799887116678576, 3.2134928131240623, 3.0734443040341564, 3.867890337121775, 2.2923356429633075, 4.7757081747108465, 4.542594171836177, 5.386849225660581], [1.0944603830198698, 2.1708195526114094, 2.7871815405531084, 3.418013676099029, 4.173923307872343, 5.087331604092661, 1.7767357541289026, 0.0, 1.7712498920254027, 2.525564200332274, 3.066886846624766, 2.5448933690824846, 4.0476480837642, 4.254006574983165, 3.003348721011265, 4.330141063522065, 4.769566413207809, 4.8976705381232], [1.094888135838543, 2.157639017537456, 3.500401748371178, 4.113858170865885, 4.661047944400487, 5.87501653529588, 1.7645969114786528, 1.7712498920254027, 0.0, 2.416453221148715, 2.500117795224857, 3.7451716302460696, 4.313368012354151, 5.149848990019028, 3.837886238543295, 4.737282732748806, 4.918785714991048, 5.927635795154759], [2.1334954276960616, 1.0972074279733983, 2.1620211585458637, 3.486417264183965, 2.6818823296334235, 3.987399230074661, 3.0573693479852904, 2.525564200332274, 2.416453221148715, 0.0, 1.7601724290534722, 2.514284667654003, 3.78060898798064, 4.321825201231536, 3.8395210782075413, 2.4281945103306692, 3.0789174948348323, 4.082963714019511], [2.1476519457304994, 1.0969935186681825, 2.1750888418637064, 2.7966317204809075, 2.78034233323884, 4.115716358059676, 2.4799887116678576, 3.066886846624766, 2.500117795224857, 1.7601724290534722, 0.0, 3.072993161398183, 2.596840761386805, 3.793347124901701, 3.193565432240273, 3.0862878122430515, 2.629910911038623, 4.526301133375904], [2.770912299225654, 2.1617590453147177, 1.0978653560432627, 2.1339082103033395, 2.14817572837978, 2.64543195905697, 3.2134928131240623, 2.5448933690824846, 3.7451716302460696, 2.514284667654003, 3.072993161398183, 0.0, 3.0595250007149803, 2.494849382227312, 2.4625404118511436, 2.520756142509624, 3.068866046278332, 2.36371569779447], [3.4536547974573257, 2.7961816214259043, 2.1812831017545613, 1.095235746312181, 2.8175719103511803, 3.383817226151555, 3.0734443040341564, 4.0476480837642, 4.313368012354151, 3.78060898798064, 2.596840761386805, 3.0595250007149803, 0.0, 1.7715067118134211, 1.772885949518468, 3.8105144875725117, 2.6209386524678515, 3.909893017718004], [4.102879770356426, 3.5040647839330825, 2.1820483266875645, 1.0950491906759259, 2.7455098032970127, 2.596066565017161, 3.867890337121775, 4.254006574983165, 5.149848990019028, 4.321825201231536, 3.793347124901701, 2.494849382227312, 1.7715067118134211, 0.0, 1.7588358422547568, 3.7671717361967985, 3.0659490944893393, 2.82684786644064], [2.8053749000802015, 2.8358360195892853, 2.182742481375208, 1.09416408732877, 3.4817606695463716, 3.9109713077444073, 2.2923356429633075, 3.003348721011265, 3.837886238543295, 3.8395210782075413, 3.193565432240273, 2.4625404118511436, 1.772885949518468, 1.7588358422547568, 0.0, 4.333533284745831, 3.7999656222129166, 4.01683080798781], [4.130101637974543, 2.722613586243924, 2.183061183292855, 3.4815772603807034, 1.0952555546537988, 2.0429847135991985, 4.7757081747108465, 4.330141063522065, 4.737282732748806, 2.4281945103306692, 3.0862878122430515, 2.520756142509624, 3.8105144875725117, 3.7671717361967985, 4.333533284745831, 0.0, 1.7706186432995674, 2.295902264905891], [4.2542890310838075, 2.808422343594353, 2.1831459021329747, 2.7695191387675946, 1.09506487935647, 2.044791612854474, 4.542594171836177, 4.769566413207809, 4.918785714991048, 3.0789174948348323, 2.629910911038623, 3.068866046278332, 2.6209386524678515, 3.0659490944893393, 3.7999656222129166, 1.7706186432995674, 0.0, 2.84375547999472], [5.011543453867282, 3.9607453452601566, 2.5810529401777096, 3.2225259486930433, 1.9489608564565888, 0.9723685978064079, 5.386849225660581, 4.8976705381232, 5.927635795154759, 4.082963714019511, 4.526301133375904, 2.36371569779447, 3.909893017718004, 2.82684786644064, 4.01683080798781, 2.295902264905891, 2.84375547999472, 0.0]]}