{"total energy": -46.67037686, "HOMO-LUMO gap/eV": 3.25389202, "electronic energy": -47.22562755, "dipole": [-0.22464781, -1.91212844, -0.49077374], "partial charges": [-0.11724533, 0.05127159, -0.11108143, -0.18761117, 0.26192317, -0.3269052, 0.28180039, -0.12280387, -0.32694181, 0.26189739, -0.18761103, 0.05126985, -0.11107653, -0.11723587, -0.34145748, 0.04404683, 0.05050686, 0.04760537, 0.06667399, 0.03562522, 0.04046134, 0.04622665, 0.18974916, 0.18976842, 0.06670207, 0.03561452, 0.04044203, 0.04625717, 0.05050319, 0.04402572, 0.04759881], "atomic dipole moments": [[0.11621583, 0.00479906, 0.05660686], [-0.02762981, 0.12303643, 0.10095174], [-0.0010464, 0.0695014, -0.09030776], [0.05533207, -0.10805999, 0.08151455], [-0.0129654, 0.01715854, 0.00845532], [0.20943254, -0.13322884, -0.12442686], [0.01475078, 0.08975329, 0.07360394], [-0.02465112, -0.13488413, -0.14044311], [-0.24839831, -0.08929336, -0.08613278], [0.01717394, 0.01420965, 0.00588608], [-0.06052011, -0.09693625, 0.09120837], [0.06655543, 0.11397684, 0.09307972], [-0.00073022, 0.06942486, -0.09040154], [-0.10234877, 0.02579096, 0.07489747], [0.03711172, 0.23223691, 0.17752782], [-0.09529404, 0.0384829, 0.07535617], [-0.00825784, 0.07413872, -0.10471029], [-0.02815743, -0.11941426, -0.03653973], [0.08180979, -0.0510916, -0.09336499], [0.11481413, -0.00139602, 0.05658878], [-0.08105883, 0.03362505, 0.09261934], [-0.02559653, -0.12147147, -0.02763704], [-0.06281935, 0.05546418, 0.10393112], [0.08837068, 0.04095689, 0.09128885], [-0.10419218, -0.03324661, -0.07778562], [-0.10210326, 0.01944739, 0.07473087], [0.10007805, 0.0162697, 0.07748993], [-0.0027015, -0.12365, -0.02953228], [0.00479996, 0.07287282, -0.10581107], [0.11195678, 0.01858737, 0.0580132], [-0.00128574, -0.12198206, -0.03878073]], "atomic quadrupole moments": [[0.18211784, 0.02615576, -0.11737753, 0.15115273, 0.0079102, -0.06474031], [-0.06279496, 0.11426162, 0.15295535, 0.15937935, -0.0026572, -0.0901604], [-0.11694958, 0.00265262, 0.01009797, 0.02221063, -0.16550369, 0.10685161], [-0.00220476, 0.06215388, 0.06759168, 0.05726629, 0.00649131, -0.06538692], [-0.18277231, 0.07739324, 0.0422668, 0.05699998, -0.34211761, 0.14050551], [-0.13047196, 0.02961423, 0.05000134, 0.03362645, -0.126194, 0.08047061], [-0.4898066, 0.05980999, 0.2256623, 0.05265729, -0.11721894, 0.2641443], [-0.23737329, 0.06568127, 0.1706331, 0.05558201, 0.30456732, 0.06674019], [-0.14769431, -0.01266752, 0.05825709, -0.01930874, -0.11744861, 0.08943722], [-0.23373185, -0.08154514, 0.0732229, -0.06031314, -0.3171916, 0.16050895], [-0.04203029, -0.04009019, 0.0876011, -0.05951891, 0.02657627, -0.04557081], [-0.14860012, -0.05752164, 0.18668816, -0.14811533, 0.04192411, -0.03808804], [-0.12469922, -0.00465936, 0.01155319, -0.01494149, -0.16129798, 0.11314603], [0.10745333, -0.07056977, -0.09808626, -0.17670863, 0.04808216, -0.00936708], [-0.07131437, -0.00569386, -0.00049143, -0.00234075, -0.1485164, 0.0718058], [0.01148184, -0.02571651, -0.03819167, -0.05062364, 0.03019106, 0.02670983], [-0.02904314, 0.00602586, -0.00421211, -0.00356287, -0.06260649, 0.03325524], [-0.03290446, 0.01217245, 0.07496172, 0.01069519, 0.02953921, -0.04205727], [0.01920993, -0.00281431, -0.01780269, -0.013307, -0.00233389, -0.00140724], [0.06625428, 0.0148282, -0.04478938, 0.03589172, -0.00340209, -0.0214649], [0.01720801, -0.04081526, -0.02460602, -0.05226038, 0.02338567, 0.00739801], [-0.044761, 0.02815505, 0.06616522, 0.01422059, 0.03456979, -0.02140422], [0.05213683, -0.00403627, -0.01241249, -0.03551685, 0.02914057, -0.03972434], [0.06197275, -0.00506154, -0.01232299, 0.02341866, 0.02349599, -0.04964976], [0.02248555, -0.00522101, -0.01740258, 0.00858942, -0.00425738, -0.00508297], [0.0428334, -0.03278476, -0.03543293, -0.04713623, 0.00871914, -0.00740047], [0.04846487, 0.03089011, -0.03863485, 0.04939031, 0.00736972, -0.00983002], [-0.05286642, 0.00089181, 0.07150608, -0.00207734, 0.03849146, -0.01863965], [-0.03143137, -0.01118082, -0.00087369, 0.00215038, -0.0617008, 0.03230506], [0.03749183, 0.01672271, -0.04655828, 0.05392462, 0.01640541, 0.00906644], [-0.03533574, 0.01408184, 0.07463015, -0.00574227, 0.03097962, -0.03929441]], "number of molecular orbitals": 81, "number of electrons": 84, "number of unpaired electrons": 0, "orbital energies/eV": [-28.69044036, -19.02696803, -18.4209514, -18.16669947, -17.9177983, -17.77063824, -17.45053381, -17.32401926, -16.62019834, -16.51552293, -16.48896441, -16.36141378, -16.15698132, -15.65079247, -15.53650248, -15.22501492, -15.19455729, -14.66333944, -14.4480431, -14.17978195, -14.05529036, -14.03871021, -13.76569156, -13.65787226, -13.6014563, -13.14424492, -13.14379079, -13.00509045, -12.98387174, -12.79910919, -12.78597813, -12.52754895, -12.45149116, -12.41991923, -12.19816547, -12.16448687, -11.52451884, -11.47760331, -10.90080474, -10.88099111, -10.61907701, -10.35097101, -7.09707899, -6.59036198, -3.7151152, -3.51054792, 0.20617334, 0.28934663, 0.51916797, 0.52117367, 0.67891272, 0.91682802, 1.86396129, 2.07469851, 2.54491289, 2.79715427, 2.8480866, 3.01876277, 3.28931741, 3.90491629, 4.02884733, 4.54798373, 4.63094212, 4.72507399, 5.01023118, 5.14911176, 5.38125487, 5.51913071, 5.73053828, 5.9978841, 6.33987075, 6.51850062, 6.5856307, 6.68533669, 6.9863475, 7.42684407, 8.19630601, 11.34388753, 12.17181323, 12.627747, 17.3332478], "fractional occupation": [2.0, 2.0, 2.0, 2.0, 2.0, 2.0, 2.0, 2.0, 2.0, 2.0, 2.0, 2.0, 2.0, 2.0, 2.0, 2.0, 2.0, 2.0, 2.0, 2.0, 2.0, 2.0, 2.0, 2.0, 2.0, 2.0, 2.0, 2.0, 2.0, 2.0, 2.0, 2.0, 2.0, 2.0, 2.0, 2.0, 2.0, 2.0, 2.0, 2.0, 2.0, 2.0, 0.0, 0.0, 0.0, 0.0, 0.0, 0.0, 0.0, 0.0, 0.0, 0.0, 0.0, 0.0, 0.0, 0.0, 0.0, 0.0, 0.0, 0.0, 0.0, 0.0, 0.0, 0.0, 0.0, 0.0, 0.0, 0.0, 0.0, 0.0, 0.0, 0.0, 0.0, 0.0, 0.0, 0.0, 0.0, 0.0, 0.0, 0.0, 0.0], "program call": "xtb /home/svss/Project-DBcg-Debug/aqme2_20220329/End-to-End-workflows-final/example-3/QDESCP/mol_895_rdkit_conf_3/mol_895_rdkit_conf_3.xyz --pop --wbo --acc 0.2 --gfn 2 --chrg 0 --uhf 0 --etemp 300 --input /home/svss/Project-DBcg-Debug/aqme2_20220329/End-to-End-workflows-final/example-3/QDESCP/mol_895_rdkit_conf_3/mol_895_rdkit_conf_3_xtb.inp", "method": "GFN2-xTB", "xtb version": "6.3.3 (7355c4f)", "Dipole module/D": 5.05, "Total charge": 0, "Transition dipole module/D": NaN, "HOMO": -10.351, "LUMO": -7.0971, "HOMO occupancy": 2.0, "LUMO occupancy": 0, "mulliken charges": [-0.10007, 0.1351, -0.10458, -0.35385, 0.44445, -0.42244, 0.41597, -0.0981, -0.42247, 0.44442, -0.35385, 0.1351, -0.10458, -0.10006, -0.43667, 0.03096, 0.03909, 0.03178, 0.03419, 0.03855, 0.03136, 0.03283, 0.22204, 0.22206, 0.03421, 0.03854, 0.03135, 0.03284, 0.03909, 0.03095, 0.03177], "cm5 charges": [-0.24229, 0.12331, -0.24667, -0.69368, 0.66311, -0.59782, 0.57544, -0.08311, -0.59781, 0.66305, -0.69373, 0.12328, -0.24666, -0.24227, -0.61315, 0.08492, 0.09274, 0.08354, 0.10574, 0.09397, 0.08543, 0.08467, 0.42346, 0.42352, 0.10578, 0.09395, 0.08541, 0.08471, 0.09273, 0.08489, 0.08354], "FUKUI+": [0.012, 0.01, 0.013, -0.054, -0.03, -0.1, -0.071, -0.188, -0.1, -0.03, -0.054, 0.01, 0.013, 0.012, -0.121, -0.018, -0.015, -0.027, -0.015, 0.003, -0.018, -0.032, -0.04, -0.04, -0.015, 0.003, -0.018, -0.032, -0.015, -0.018, -0.027], "FUKUI-": [0.013, 0.002, 0.007, -0.066, 0.003, -0.094, 0.006, -0.144, -0.094, 0.003, -0.066, 0.002, 0.007, 0.013, -0.108, -0.032, -0.03, -0.035, -0.026, -0.012, -0.028, -0.037, -0.041, -0.041, -0.026, -0.012, -0.028, -0.037, -0.03, -0.032, -0.035], "FUKUIrad": [0.012, 0.006, 0.01, -0.06, -0.013, -0.097, -0.032, -0.166, -0.097, -0.013, -0.06, 0.006, 0.01, 0.012, -0.114, -0.025, -0.023, -0.031, -0.02, -0.005, -0.023, -0.035, -0.04, -0.04, -0.02, -0.005, -0.023, -0.035, -0.023, -0.025, -0.031], "s proportion": [1.016, 1.028, 1.018, 1.448, 0.976, 1.537, 1.01, 1.941, 1.537, 0.976, 1.448, 1.028, 1.018, 1.016, 1.526, 0.969, 0.961, 0.968, 0.966, 0.961, 0.969, 0.967, 0.778, 0.778, 0.966, 0.961, 0.969, 0.967, 0.961, 0.969, 0.968], "p proportion": [3.084, 2.837, 3.087, 3.906, 2.58, 3.885, 2.574, 5.169, 3.885, 2.58, 3.906, 2.837, 3.087, 3.084, 3.911, 0.0, 0.0, 0.0, 0.0, 0.0, 0.0, 0.0, 0.0, 0.0, 0.0, 0.0, 0.0, 0.0, 0.0, 0.0, 0.0], "d proportion": [0.0, 0.0, 0.0, 0.0, 0.0, 0.0, 0.0, -0.012, 0.0, 0.0, 0.0, 0.0, 0.0, 0.0, 0.0, 0.0, 0.0, 0.0, 0.0, 0.0, 0.0, 0.0, 0.0, 0.0, 0.0, 0.0, 0.0, 0.0, 0.0, 0.0, 0.0], "Fermi-level/eV": -8.724, "Coordination numbers": [3.754, 3.79, 3.752, 2.702, 2.951, 1.913, 2.979, 1.03, 1.913, 2.951, 2.702, 3.79, 3.752, 3.754, 1.843, 0.924, 0.924, 0.924, 0.924, 0.924, 0.924, 0.924, 0.86, 0.86, 0.924, 0.924, 0.924, 0.924, 0.924, 0.924, 0.924], "Dispersion coefficient C6": [22.802, 19.726, 22.685, 25.066, 22.6, 29.325, 22.24, 103.0, 29.326, 22.601, 25.066, 19.726, 22.684, 22.802, 29.719, 2.396, 2.314, 2.35, 2.123, 2.508, 2.443, 2.368, 1.16, 1.16, 2.122, 2.508, 2.443, 2.367, 2.314, 2.396, 2.35], "Total dispersion C6": 10430.241576, "Total dispersion C8": 247483.665484, "Polarizability alpha": [6.809, 6.325, 6.792, 7.436, 7.797, 8.029, 7.736, 15.527, 8.029, 7.797, 7.436, 6.325, 6.792, 6.809, 8.079, 2.421, 2.379, 2.397, 2.278, 2.477, 2.444, 2.406, 1.687, 1.687, 2.278, 2.477, 2.444, 2.406, 2.379, 2.421, 2.397], "Total polarizability alpha": 154.696976, "Wiberg matrix": [[0.0, 1.0054577592719354, 0.0, 0.0, 0.0, 0.0, 0.0, 0.0, 0.0, 0.0, 0.0, 0.0, 0.0, 0.0, 0.0, 0.9855326977370917, 0.9855176924956914, 0.9848642315816497, 0.0, 0.0, 0.0, 0.0, 0.0, 0.0, 0.0, 0.0, 0.0, 0.0, 0.0, 0.0, 0.0], [1.0054577592719354, 0.0, 0.9987994547026666, 0.9774487322262694, 0.0, 0.0, 0.0, 0.0, 0.0, 0.0, 0.0, 0.0, 0.0, 0.0, 0.0, 0.0, 0.0, 0.0, 0.9606828730778508, 0.0, 0.0, 0.0, 0.0, 0.0, 0.0, 0.0, 0.0, 0.0, 0.0, 0.0, 0.0], [0.0, 0.9987994547026666, 0.0, 0.0, 0.0, 0.0, 0.0, 0.0, 0.0, 0.0, 0.0, 0.0, 0.0, 0.0, 0.0, 0.0, 0.0, 0.0, 0.0, 0.985434741680984, 0.9853788140473118, 0.9838832500632497, 0.0, 0.0, 0.0, 0.0, 0.0, 0.0, 0.0, 0.0, 0.0], [0.0, 0.9774487322262694, 0.0, 0.0, 1.2075452550131542, 0.0, 0.0, 0.0, 0.0, 0.0, 0.0, 0.0, 0.0, 0.0, 0.0, 0.0, 0.0, 0.0, 0.0, 0.0, 0.0, 0.0, 0.930345885927172, 0.0, 0.0, 0.0, 0.0, 0.0, 0.0, 0.0, 0.0], [0.0, 0.0, 0.0, 1.2075452550131542, 0.0, 1.2906146538851089, 0.0, 0.0, 0.0, 0.0, 0.0, 0.0, 0.0, 0.0, 1.3343272861967188, 0.0, 0.0, 0.0, 0.0, 0.0, 0.0, 0.0, 0.0, 0.0, 0.0, 0.0, 0.0, 0.0, 0.0, 0.0, 0.0], [0.0, 0.0, 0.0, 0.0, 1.2906146538851089, 0.0, 1.401319297492096, 0.0, 0.0, 0.0, 0.0, 0.0, 0.0, 0.0, 0.0, 0.0, 0.0, 0.0, 0.0, 0.0, 0.0, 0.0, 0.0, 0.0, 0.0, 0.0, 0.0, 0.0, 0.0, 0.0, 0.0], [0.0, 0.0, 0.0, 0.0, 0.0, 1.401319297492096, 0.0, 1.0033307584899718, 1.4011570146565784, 0.0, 0.0, 0.0, 0.0, 0.0, 0.0, 0.0, 0.0, 0.0, 0.0, 0.0, 0.0, 0.0, 0.0, 0.0, 0.0, 0.0, 0.0, 0.0, 0.0, 0.0, 0.0], [0.0, 0.0, 0.0, 0.0, 0.0, 0.0, 1.0033307584899718, 0.0, 0.0, 0.0, 0.0, 0.0, 0.0, 0.0, 0.0, 0.0, 0.0, 0.0, 0.0, 0.0, 0.0, 0.0, 0.0, 0.0, 0.0, 0.0, 0.0, 0.0, 0.0, 0.0, 0.0], [0.0, 0.0, 0.0, 0.0, 0.0, 0.0, 1.4011570146565784, 0.0, 0.0, 1.2906834338275313, 0.0, 0.0, 0.0, 0.0, 0.0, 0.0, 0.0, 0.0, 0.0, 0.0, 0.0, 0.0, 0.0, 0.0, 0.0, 0.0, 0.0, 0.0, 0.0, 0.0, 0.0], [0.0, 0.0, 0.0, 0.0, 0.0, 0.0, 0.0, 0.0, 1.2906834338275313, 0.0, 1.2075783508103792, 0.0, 0.0, 0.0, 1.3342235413768677, 0.0, 0.0, 0.0, 0.0, 0.0, 0.0, 0.0, 0.0, 0.0, 0.0, 0.0, 0.0, 0.0, 0.0, 0.0, 0.0], [0.0, 0.0, 0.0, 0.0, 0.0, 0.0, 0.0, 0.0, 0.0, 1.2075783508103792, 0.0, 0.9774324350057191, 0.0, 0.0, 0.0, 0.0, 0.0, 0.0, 0.0, 0.0, 0.0, 0.0, 0.0, 0.9303449270354153, 0.0, 0.0, 0.0, 0.0, 0.0, 0.0, 0.0], [0.0, 0.0, 0.0, 0.0, 0.0, 0.0, 0.0, 0.0, 0.0, 0.0, 0.9774324350057191, 0.0, 0.9988126912594768, 1.0054597282085922, 0.0, 0.0, 0.0, 0.0, 0.0, 0.0, 0.0, 0.0, 0.0, 0.0, 0.9606856744994414, 0.0, 0.0, 0.0, 0.0, 0.0, 0.0], [0.0, 0.0, 0.0, 0.0, 0.0, 0.0, 0.0, 0.0, 0.0, 0.0, 0.0, 0.9988126912594768, 0.0, 0.0, 0.0, 0.0, 0.0, 0.0, 0.0, 0.0, 0.0, 0.0, 0.0, 0.0, 0.0, 0.9854311829020794, 0.9853758648068246, 0.9838812995657411, 0.0, 0.0, 0.0], [0.0, 0.0, 0.0, 0.0, 0.0, 0.0, 0.0, 0.0, 0.0, 0.0, 0.0, 1.0054597282085922, 0.0, 0.0, 0.0, 0.0, 0.0, 0.0, 0.0, 0.0, 0.0, 0.0, 0.0, 0.0, 0.0, 0.0, 0.0, 0.0, 0.9855168402038588, 0.9855308981977322, 0.9848632283334379], [0.0, 0.0, 0.0, 0.0, 1.3343272861967188, 0.0, 0.0, 0.0, 0.0, 1.3342235413768677, 0.0, 0.0, 0.0, 0.0, 0.0, 0.0, 0.0, 0.0, 0.0, 0.0, 0.0, 0.0, 0.0, 0.0, 0.0, 0.0, 0.0, 0.0, 0.0, 0.0, 0.0], [0.9855326977370917, 0.0, 0.0, 0.0, 0.0, 0.0, 0.0, 0.0, 0.0, 0.0, 0.0, 0.0, 0.0, 0.0, 0.0, 0.0, 0.0, 0.0, 0.0, 0.0, 0.0, 0.0, 0.0, 0.0, 0.0, 0.0, 0.0, 0.0, 0.0, 0.0, 0.0], [0.9855176924956914, 0.0, 0.0, 0.0, 0.0, 0.0, 0.0, 0.0, 0.0, 0.0, 0.0, 0.0, 0.0, 0.0, 0.0, 0.0, 0.0, 0.0, 0.0, 0.0, 0.0, 0.0, 0.0, 0.0, 0.0, 0.0, 0.0, 0.0, 0.0, 0.0, 0.0], [0.9848642315816497, 0.0, 0.0, 0.0, 0.0, 0.0, 0.0, 0.0, 0.0, 0.0, 0.0, 0.0, 0.0, 0.0, 0.0, 0.0, 0.0, 0.0, 0.0, 0.0, 0.0, 0.0, 0.0, 0.0, 0.0, 0.0, 0.0, 0.0, 0.0, 0.0, 0.0], [0.0, 0.9606828730778508, 0.0, 0.0, 0.0, 0.0, 0.0, 0.0, 0.0, 0.0, 0.0, 0.0, 0.0, 0.0, 0.0, 0.0, 0.0, 0.0, 0.0, 0.0, 0.0, 0.0, 0.0, 0.0, 0.0, 0.0, 0.0, 0.0, 0.0, 0.0, 0.0], [0.0, 0.0, 0.985434741680984, 0.0, 0.0, 0.0, 0.0, 0.0, 0.0, 0.0, 0.0, 0.0, 0.0, 0.0, 0.0, 0.0, 0.0, 0.0, 0.0, 0.0, 0.0, 0.0, 0.0, 0.0, 0.0, 0.0, 0.0, 0.0, 0.0, 0.0, 0.0], [0.0, 0.0, 0.9853788140473118, 0.0, 0.0, 0.0, 0.0, 0.0, 0.0, 0.0, 0.0, 0.0, 0.0, 0.0, 0.0, 0.0, 0.0, 0.0, 0.0, 0.0, 0.0, 0.0, 0.0, 0.0, 0.0, 0.0, 0.0, 0.0, 0.0, 0.0, 0.0], [0.0, 0.0, 0.9838832500632497, 0.0, 0.0, 0.0, 0.0, 0.0, 0.0, 0.0, 0.0, 0.0, 0.0, 0.0, 0.0, 0.0, 0.0, 0.0, 0.0, 0.0, 0.0, 0.0, 0.0, 0.0, 0.0, 0.0, 0.0, 0.0, 0.0, 0.0, 0.0], [0.0, 0.0, 0.0, 0.930345885927172, 0.0, 0.0, 0.0, 0.0, 0.0, 0.0, 0.0, 0.0, 0.0, 0.0, 0.0, 0.0, 0.0, 0.0, 0.0, 0.0, 0.0, 0.0, 0.0, 0.0, 0.0, 0.0, 0.0, 0.0, 0.0, 0.0, 0.0], [0.0, 0.0, 0.0, 0.0, 0.0, 0.0, 0.0, 0.0, 0.0, 0.0, 0.9303449270354153, 0.0, 0.0, 0.0, 0.0, 0.0, 0.0, 0.0, 0.0, 0.0, 0.0, 0.0, 0.0, 0.0, 0.0, 0.0, 0.0, 0.0, 0.0, 0.0, 0.0], [0.0, 0.0, 0.0, 0.0, 0.0, 0.0, 0.0, 0.0, 0.0, 0.0, 0.0, 0.9606856744994414, 0.0, 0.0, 0.0, 0.0, 0.0, 0.0, 0.0, 0.0, 0.0, 0.0, 0.0, 0.0, 0.0, 0.0, 0.0, 0.0, 0.0, 0.0, 0.0], [0.0, 0.0, 0.0, 0.0, 0.0, 0.0, 0.0, 0.0, 0.0, 0.0, 0.0, 0.0, 0.9854311829020794, 0.0, 0.0, 0.0, 0.0, 0.0, 0.0, 0.0, 0.0, 0.0, 0.0, 0.0, 0.0, 0.0, 0.0, 0.0, 0.0, 0.0, 0.0], [0.0, 0.0, 0.0, 0.0, 0.0, 0.0, 0.0, 0.0, 0.0, 0.0, 0.0, 0.0, 0.9853758648068246, 0.0, 0.0, 0.0, 0.0, 0.0, 0.0, 0.0, 0.0, 0.0, 0.0, 0.0, 0.0, 0.0, 0.0, 0.0, 0.0, 0.0, 0.0], [0.0, 0.0, 0.0, 0.0, 0.0, 0.0, 0.0, 0.0, 0.0, 0.0, 0.0, 0.0, 0.9838812995657411, 0.0, 0.0, 0.0, 0.0, 0.0, 0.0, 0.0, 0.0, 0.0, 0.0, 0.0, 0.0, 0.0, 0.0, 0.0, 0.0, 0.0, 0.0], [0.0, 0.0, 0.0, 0.0, 0.0, 0.0, 0.0, 0.0, 0.0, 0.0, 0.0, 0.0, 0.0, 0.9855168402038588, 0.0, 0.0, 0.0, 0.0, 0.0, 0.0, 0.0, 0.0, 0.0, 0.0, 0.0, 0.0, 0.0, 0.0, 0.0, 0.0, 0.0], [0.0, 0.0, 0.0, 0.0, 0.0, 0.0, 0.0, 0.0, 0.0, 0.0, 0.0, 0.0, 0.0, 0.9855308981977322, 0.0, 0.0, 0.0, 0.0, 0.0, 0.0, 0.0, 0.0, 0.0, 0.0, 0.0, 0.0, 0.0, 0.0, 0.0, 0.0, 0.0], [0.0, 0.0, 0.0, 0.0, 0.0, 0.0, 0.0, 0.0, 0.0, 0.0, 0.0, 0.0, 0.0, 0.9848632283334379, 0.0, 0.0, 0.0, 0.0, 0.0, 0.0, 0.0, 0.0, 0.0, 0.0, 0.0, 0.0, 0.0, 0.0, 0.0, 0.0, 0.0]], "Born radii": [], "Atomic SASAs": [], "Solvent H bonds": [], "Total SASA": NaN, "Total FOD": 0.0, "FOD": [0.0, 0.0, 0.0, 0.0, 0.0, 0.0, 0.0, 0.0, 0.0, 0.0, 0.0, 0.0, 0.0, 0.0, 0.0, 0.0, 0.0, 0.0, 0.0, 0.0, 0.0, 0.0, 0.0, 0.0, 0.0, 0.0, 0.0, 0.0, 0.0, 0.0, 0.0], "FOD s proportion": [0.0, 0.0, 0.0, 0.0, 0.0, 0.0, 0.0, 0.0, 0.0, 0.0, 0.0, 0.0, 0.0, 0.0, 0.0, 0.0, 0.0, 0.0, 0.0, 0.0, 0.0, 0.0, 0.0, 0.0, 0.0, 0.0, 0.0, 0.0, 0.0, 0.0, 0.0], "FOD p proportion": [0.0, 0.0, 0.0, 0.0, 0.0, 0.0, 0.0, 0.0, 0.0, 0.0, 0.0, 0.0, 0.0, 0.0, 0.0, 0.0, 0.0, 0.0, 0.0, 0.0, 0.0, 0.0, 0.0, 0.0, 0.0, 0.0, 0.0, 0.0, 0.0, 0.0, 0.0], "FOD d proportion": [0.0, 0.0, 0.0, 0.0, 0.0, 0.0, 0.0, 0.0, 0.0, 0.0, 0.0, 0.0, 0.0, 0.0, 0.0, 0.0, 0.0, 0.0, 0.0, 0.0, 0.0, 0.0, 0.0, 0.0, 0.0, 0.0, 0.0, 0.0, 0.0, 0.0, 0.0], "coordinates": [["-3.88040", "-0.31350", "-0.91470"], ["-2.49950", "-0.22310", "-0.26410"], ["-2.44310", "-1.11810", "0.97380"], ["-2.25740", "1.16790", "0.09180"], ["-0.96420", "1.54680", "0.40610"], ["-0.85600", "2.55500", "1.24890"], ["0.39870", "2.88740", "1.50920"], ["0.61470", "4.18250", "2.60520"], ["1.50790", "2.32820", "1.05120"], ["1.28350", "1.33110", "0.21810"], ["2.41220", "0.71980", "-0.29870"], ["2.32520", "-0.68610", "-0.66760"], ["2.30540", "-1.57380", "0.57660"], ["3.53790", "-1.02530", "-1.53510"], ["0.07210", "0.90630", "-0.12300"], ["-4.66850", "0.01860", "-0.22940"], ["-3.93050", "0.32020", "-1.80720"], ["-4.10290", "-1.34200", "-1.21760"], ["-1.76730", "-0.57320", "-1.00250"], ["-1.44850", "-1.10210", "1.43180"], ["-3.16170", "-0.79240", "1.73420"], ["-2.67160", "-2.15690", "0.71270"], ["-2.88480", "1.57450", "0.77670"], ["3.20900", "0.98970", "0.26710"], ["1.42880", "-0.87990", "-1.26970"], ["1.42090", "-1.37740", "1.19180"], ["3.18780", "-1.40160", "1.20320"], ["2.28750", "-2.63270", "0.29800"], ["3.55930", "-0.39850", "-2.43360"], ["4.47650", "-0.85890", "-0.99420"], ["3.50930", "-2.07240", "-1.85420"]], "bond_dist": [[0.0, 1.529162296814828, 2.505921926158116, 2.4169644618818866, 3.7026276034729713, 4.696429768451775, 5.8678572605338655, 7.267023876388463, 6.314833219492024, 5.536588138014241, 6.406557550666348, 6.221684701911533, 6.486636525966289, 7.4781501917252236, 4.211526704177476, 1.0959142804070034, 1.0957380845804348, 1.095019136819079, 2.1308084240494263, 3.470171439568944, 2.7861346180685524, 2.740027693290708, 2.7233430411903674, 7.304421526719278, 5.351115640686529, 5.802844746329165, 7.45847928602071, 6.700173157463917, 7.593643282377702, 8.375055762202422, 7.654022181180297], [1.529162296814828, 0.0, 1.5285949005541006, 1.4560763098134657, 2.4369776650597355, 3.5648423331193766, 4.606448347696954, 6.110682080586422, 4.929340781483869, 4.11814806436097, 5.001505219431446, 4.863631497142849, 5.061445543518175, 6.221668956156378, 2.8122197869298904, 2.182701074357183, 2.1734979871166202, 2.1753140049197497, 1.0972335257364312, 2.180210726053791, 2.1807829373873964, 2.1733244327527355, 2.112601829498403, 5.860036649202802, 4.1078167546763815, 4.3383855822183435, 5.990593695953683, 5.388645244400489, 6.437899723512319, 7.042859053679833, 6.48490600857098], [2.505921926158116, 1.5285949005541006, 0.0, 2.4572758270084374, 3.100180722151533, 4.010764270061256, 4.9402945914186125, 6.333085121802801, 5.243412576748086, 4.522964811934756, 5.345191367013907, 5.061373612963184, 4.786823850947515, 6.486567046597144, 3.4098968664755827, 2.773478373811485, 3.4662698466795687, 2.7581336461455233, 2.1585604786523818, 1.0951023513809108, 1.0957529876755987, 1.0952127190642007, 2.735697728185627, 6.073588736488502, 4.48125441143437, 3.878821533661996, 5.6426971759966005, 5.012912841851532, 6.939524816585067, 7.198685491115721, 6.658779035979494], [2.4169644618818866, 1.4560763098134657, 2.4572758270084374, 0.0, 1.383732611453528, 2.2862302552455214, 3.467069399363099, 4.863532782864736, 4.055148399257417, 3.5469083354380615, 4.707276072209915, 5.0014225096466305, 5.345193520350783, 6.40643675844849, 2.3539634342954434, 2.6902533598157627, 2.669093460334426, 3.3793485496468105, 2.1140292594947687, 2.7573210204834693, 2.7125656379155143, 3.4075465499388264, 1.013924223006828, 5.472112415694692, 4.431166610498866, 4.606348117543875, 6.122723515724028, 5.928169600306658, 6.531864435978444, 7.1156674634218255, 6.895019142830569], [3.7026276034729713, 2.4369776650597355, 3.100180722151533, 1.383732611453528, 0.0, 1.3185167120670107, 2.207155268665981, 3.778343619894834, 2.6717070161228382, 2.265838868940155, 3.5469351558775357, 4.118109573578634, 4.522996658190231, 5.53650252957587, 1.3281960510406587, 4.0572273759305135, 3.898997324954199, 4.564318658901896, 2.66899298800128, 2.8815409401915497, 3.4734295012278573, 4.089818090086648, 1.9562249384976156, 4.21251464685881, 3.797845116641804, 3.854474301380151, 5.154370472715364, 5.296551590421829, 5.684200949122049, 6.111419562589366, 6.182213760458303], [4.696429768451775, 3.5648423331193766, 4.010764270061256, 2.2862302552455214, 1.3185167120670107, 0.0, 1.323827005314516, 2.579004542454317, 2.382970150883137, 2.671692366272734, 4.0551394599939465, 4.92927326286543, 5.2434174628766685, 6.314709914160745, 2.3370260824389617, 4.811844978799712, 4.8771537293794625, 5.640265140930876, 3.9604172621076184, 3.7092976518473146, 4.093513813339342, 5.077983399933482, 2.3022559653522454, 4.465234633252771, 4.833445459504017, 4.544370559274409, 5.657657685827236, 6.139872502747919, 6.463655512943121, 6.717273782569831, 7.077987317027348], [5.8678572605338655, 4.606448347696954, 4.9402945914186125, 3.467069399363099, 2.207155268665981, 1.323827005314516, 0.0, 1.7103087469810825, 1.3239309951806402, 2.2072335490382526, 3.4671565323763507, 4.606491369795454, 4.940400094121933, 5.867841206099565, 2.5875667353712832, 6.076944893612249, 6.027520007432576, 6.75186382860318, 4.793322986196528, 4.397072759234262, 5.125231819147306, 5.9587009347675775, 3.6113203831839673, 3.611352072285393, 4.793322491758717, 4.397062046412354, 5.125254706841408, 5.958697415543098, 6.027620012077736, 6.077024608309563, 6.751881808799677], [7.267023876388463, 6.110682080586422, 6.333085121802801, 4.863532782864736, 3.778343619894834, 2.579004542454317, 1.7103087469810825, 0.0, 2.5789824989712513, 3.778362318518434, 4.863530893291417, 6.110670671047492, 6.333140937954879, 7.266936298743784, 4.297787388878143, 7.299672774172826, 7.419263985733355, 8.209119919333618, 6.426982634176009, 5.793156217469024, 6.306303827916952, 7.387104730542271, 4.731973848194852, 4.731920956651749, 6.426935706851284, 5.79311194523289, 6.306236628925369, 7.387041540427399, 7.41928133986035, 7.299650235456491, 8.20906398622888], [6.314833219492024, 4.929340781483869, 5.243412576748086, 4.055148399257417, 2.6717070161228382, 2.382970150883137, 1.3239309951806402, 2.5789824989712513, 0.0, 1.3185671693167549, 2.286249999453253, 3.5648642638956116, 4.010842232000655, 4.696361351088734, 2.3371065208928754, 6.717298972057147, 6.463645188281919, 7.078057510362571, 4.833501907520054, 4.544459858993145, 5.657720169821056, 6.139944992424606, 4.465336183312517, 2.302202482406793, 3.960396347589468, 3.7092868209401115, 4.093479699473297, 5.077953840869371, 4.877188318078358, 4.811845127391362, 5.640233282409514], [5.536588138014241, 4.11814806436097, 4.522964811934756, 3.5469083354380615, 2.265838868940155, 2.671692366272734, 2.2072335490382526, 3.778362318518434, 1.3185671693167549, 0.0, 1.3837389999562777, 2.4369446485302038, 3.100200940261776, 3.7025194881323715, 1.3282673714279063, 6.111400535065592, 5.684149443848217, 6.182232853912897, 3.7978419516878272, 3.8545238266224278, 5.15437818752175, 5.296563902191684, 4.212600433224115, 1.9561454981672504, 2.668928985567057, 2.881482725958981, 3.4733888048993307, 4.08975677149632, 3.899012014600622, 4.057218294595448, 4.564255161578941], [6.406557550666348, 5.001505219431446, 5.345191367013907, 4.707276072209915, 3.5469351558775357, 4.0551394599939465, 3.4671565323763507, 4.863530893291417, 2.286249999453253, 1.3837389999562777, 0.0, 1.4560944406184648, 2.45726622285824, 2.416869764799088, 2.3540859691183753, 7.115672590837777, 6.531852394229373, 6.895065225217235, 4.431185359472114, 4.606403624303888, 6.122727534359177, 5.9281831356664405, 5.4722213268470785, 1.0138372107986569, 2.1139906929785663, 2.7572656346460342, 2.7124890654157485, 3.407470796646686, 2.6691255702945114, 2.690232040177947, 3.379288312648094], [6.221684701911533, 4.863631497142849, 5.061373612963184, 5.0014225096466305, 4.118109573578634, 4.92927326286543, 4.606491369795454, 6.110670671047492, 3.5648642638956116, 2.4369446485302038, 1.4560944406184648, 0.0, 1.5285407976236682, 1.5291351084845315, 2.812256483679965, 7.042759474808153, 6.437787689882294, 6.484841896299401, 4.107731815734811, 4.338357759567553, 5.990493680824645, 5.388551843491904, 5.860069526038065, 2.112598440309942, 1.0970942575731586, 2.18014277972797, 2.1808052755805596, 2.1732593517571708, 2.1735851881166286, 2.1828007444565336, 2.175302291636728], [6.486636525966289, 5.061445543518175, 4.786823850947515, 5.345193520350783, 4.522996658190231, 5.2434174628766685, 4.940400094121933, 6.333140937954879, 4.010842232000655, 3.100200940261776, 2.45726622285824, 1.5285407976236682, 0.0, 2.5058302795680314, 3.4099802140188444, 7.198656469786568, 6.939465919651165, 6.658768187134916, 4.481254563177593, 3.8788700854759233, 5.642677212990303, 5.012889168932423, 6.073714591582321, 2.7356563124778672, 2.1584134126714467, 1.0951640288102966, 1.0958604655703208, 1.0950833666894952, 3.4662514825096, 2.773476132942196, 2.7580365860517513], [7.4781501917252236, 6.221668956156378, 6.486567046597144, 6.40643675844849, 5.53650252957587, 6.314709914160745, 5.867841206099565, 7.266936298743784, 4.696361351088734, 3.7025194881323715, 2.416869764799088, 1.5291351084845315, 2.5058302795680314, 0.0, 4.211516901307651, 8.374937651111201, 7.593510862572068, 7.653948639754516, 5.3510002999439275, 5.8028078384520025, 7.458364771181415, 6.700075645095359, 7.3044133624816165, 2.7232930525376813, 2.1306996808560323, 3.4701076381000058, 2.7861189116762404, 2.739980023649807, 1.0957364874822781, 1.0960071760713974, 1.0950165204233222], [4.211526704177476, 2.8122197869298904, 3.4098968664755827, 2.3539634342954434, 1.3281960510406587, 2.3370260824389617, 2.5875667353712832, 4.297787388878143, 2.3371065208928754, 1.3282673714279063, 2.3540859691183753, 2.812256483679965, 3.4099802140188444, 4.211516901307651, 0.0, 4.82417045822388, 4.381877407002619, 4.866582687060808, 2.5190936584414643, 2.9602868036729144, 4.097833082252131, 4.196364905486652, 3.162152580126392, 3.1621630539869385, 2.5191399762617404, 2.9602780561967488, 4.097901333609681, 4.196398355733163, 4.38200173893165, 4.824278167767692, 4.8666262410421455], [1.0959142804070034, 2.182701074357183, 2.773478373811485, 2.6902533598157627, 4.0572273759305135, 4.811844978799712, 6.076944893612249, 7.299672774172826, 6.717298972057147, 6.111400535065592, 7.115672590837777, 7.042759474808153, 7.198656469786568, 8.374937651111201, 4.82417045822388, 0.0, 1.7677837537436527, 1.7741688082028721, 3.060207883461514, 3.7926183475272066, 2.604590601226995, 3.09967131644631, 2.571895742443694, 7.952644447603577, 6.250327481820452, 6.4069819572088695, 8.111150380186524, 7.4628063387709584, 8.528139474117435, 9.218782473298738, 8.59585184144073], [1.0957380845804348, 2.1734979871166202, 3.4662698466795687, 2.669093460334426, 3.898997324954199, 4.8771537293794625, 6.027520007432576, 7.419263985733355, 6.463645188281919, 5.684149443848217, 6.531852394229373, 6.437787689882294, 6.939465919651165, 7.593510862572068, 4.381877407002619, 1.7677837537436527, 0.0, 1.7720775265207784, 2.474901996039439, 4.321386616585006, 3.790837131821941, 3.751099789395105, 3.05668058357428, 7.46481151737939, 5.518264469015598, 6.3650081476774245, 7.918162557689757, 7.198264335935434, 7.550232492446838, 8.528123756723984, 7.81520107226935], [1.095019136819079, 2.1753140049197497, 2.7581336461455233, 3.3793485496468105, 4.564318658901896, 5.640265140930876, 6.75186382860318, 8.209119919333618, 7.078057510362571, 6.182232853912897, 6.895065225217235, 6.484841896299401, 6.658768187134916, 7.653948639754516, 4.866582687060808, 1.7741688082028721, 1.7720775265207784, 0.0, 2.468268382895183, 3.758019655350408, 3.1465919404968927, 2.5374671997880087, 3.7372412753259594, 7.816971318228052, 5.551212093768351, 6.0265104297594965, 7.682325903657043, 6.69329231469835, 7.815251569207482, 8.59589422515191, 7.673612744985245], [2.1308084240494263, 1.0972335257364312, 2.1585604786523818, 2.1140292594947687, 2.66899298800128, 3.9604172621076184, 4.793322986196528, 6.426982634176009, 4.833501907520054, 3.7978419516878272, 4.431185359472114, 4.107731815734811, 4.481254563177593, 5.3510002999439275, 2.5190936584414643, 3.060207883461514, 2.474901996039439, 2.468268382895183, 0.0, 2.5114109858802482, 3.0792737601583915, 2.5035525199204427, 3.0044923331571343, 5.368249459553831, 3.2218808078512158, 3.953012695400813, 5.4867453977745315, 4.730142021123679, 5.518263754116869, 6.250338536431447, 5.551171145803379], [3.470171439568944, 2.180210726053791, 1.0951023513809108, 2.7573210204834693, 2.8815409401915497, 3.7092976518473146, 4.397072759234262, 5.793156217469024, 4.544459858993145, 3.8545238266224278, 4.606403624303888, 4.338357759567553, 3.8788700854759233, 5.8028078384520025, 2.9602868036729144, 3.7926183475272066, 4.321386616585006, 3.758019655350408, 2.5114109858802482, 0.0, 1.767035395797153, 1.7679596884544624, 3.107458971571467, 5.236836791422853, 3.95301535286672, 2.8925501637828166, 4.651584235505147, 4.1935587273817925, 6.365094732994946, 6.4070466862666136, 6.026529592559884], [2.7861346180685524, 2.1807829373873964, 1.0957529876755987, 2.7125656379155143, 3.4734295012278573, 4.093513813339342, 5.125231819147306, 6.306303827916952, 5.657720169821056, 5.15437818752175, 6.122727534359177, 5.990493680824645, 5.642677212990303, 7.458364771181415, 4.097833082252131, 2.604590601226995, 3.790837131821941, 3.1465919404968927, 3.0792737601583915, 1.767035395797153, 0.0, 1.7735615326229872, 2.568208611075043, 6.775993012835831, 5.48668950369893, 4.6515207749724174, 6.400721513235832, 5.928166256946578, 7.918178771030621, 8.11114591472746, 7.682268907035213], [2.740027693290708, 2.1733244327527355, 1.0952127190642007, 3.4075465499388264, 4.089818090086648, 5.077983399933482, 5.9587009347675775, 7.387104730542271, 6.139944992424606, 5.296563902191684, 5.9281831356664405, 5.388551843491904, 5.012889168932423, 6.700075645095359, 4.196364905486652, 3.09967131644631, 3.751099789395105, 2.5374671997880087, 2.5035525199204427, 1.7679596884544624, 1.7735615326229872, 0.0, 3.73803373446522, 6.684392813113245, 4.730107707018943, 4.19353231894068, 5.928206870546945, 4.999103373606111, 7.198283757952308, 7.462817512173268, 6.693253369625268], [2.7233430411903674, 2.112601829498403, 2.735697728185627, 1.013924223006828, 1.9562249384976156, 2.3022559653522454, 3.6113203831839673, 4.731973848194852, 4.465336183312517, 4.212600433224115, 5.4722213268470785, 5.860069526038065, 6.073714591582321, 7.3044133624816165, 3.162152580126392, 2.571895742443694, 3.05668058357428, 3.7372412753259594, 3.0044923331571343, 3.107458971571467, 2.568208611075043, 3.73803373446522, 0.0, 6.142970099227246, 5.368330958500976, 5.236895464872294, 6.776100959991667, 6.684487476239297, 7.464929999671798, 7.952751728804314, 7.817034554740052], [7.304421526719278, 5.860036649202802, 6.073588736488502, 5.472112415694692, 4.21251464685881, 4.465234633252771, 3.611352072285393, 4.731920956651749, 2.302202482406793, 1.9561454981672504, 1.0138372107986569, 2.112598440309942, 2.7356563124778672, 2.7232930525376813, 3.1621630539869385, 7.952644447603577, 7.46481151737939, 7.816971318228052, 5.368249459553831, 5.236836791422853, 6.775993012835831, 6.684392813113245, 6.142970099227246, 0.0, 3.0043752162471318, 3.1073355322526726, 2.5680826193874684, 3.737900322373511, 3.0567286140578465, 2.571916775480886, 3.7371847947352026], [5.351115640686529, 4.1078167546763815, 4.48125441143437, 4.431166610498866, 3.797845116641804, 4.833445459504017, 4.793322491758717, 6.426935706851284, 3.960396347589468, 2.668928985567057, 2.1139906929785663, 1.0970942575731586, 2.1584134126714467, 2.1306996808560323, 2.5191399762617404, 6.250327481820452, 5.518264469015598, 5.551212093768351, 3.2218808078512158, 3.95301535286672, 5.48668950369893, 4.730107707018943, 5.368330958500976, 3.0043752162471318, 0.0, 2.5112847130502747, 3.0792022181078007, 2.5034689572670956, 2.474962508806951, 3.060198774589651, 2.468233528254569], [5.802844746329165, 4.3383855822183435, 3.878821533661996, 4.606348117543875, 3.854474301380151, 4.544370559274409, 4.397062046412354, 5.79311194523289, 3.7092868209401115, 2.881482725958981, 2.7572656346460342, 2.18014277972797, 1.0951640288102966, 3.4701076381000058, 2.9602780561967488, 6.4069819572088695, 6.3650081476774245, 6.0265104297594965, 3.953012695400813, 2.8925501637828166, 4.6515207749724174, 4.19353231894068, 5.236895464872294, 3.1073355322526726, 2.5112847130502747, 0.0, 1.76710248995354, 1.7679513822500887, 4.321403120515372, 3.792641508236706, 3.7579988770620996], [7.45847928602071, 5.990593695953683, 5.6426971759966005, 6.122723515724028, 5.154370472715364, 5.657657685827236, 5.125254706841408, 6.306236628925369, 4.093479699473297, 3.4733888048993307, 2.7124890654157485, 2.1808052755805596, 1.0958604655703208, 2.7861189116762404, 4.097901333609681, 8.111150380186524, 7.918162557689757, 7.682325903657043, 5.4867453977745315, 4.651584235505147, 6.400721513235832, 5.928206870546945, 6.776100959991667, 2.5680826193874684, 3.0792022181078007, 1.76710248995354, 0.0, 1.7735654315530622, 3.790848994618488, 2.6045801465879292, 3.14659016238213], [6.700173157463917, 5.388645244400489, 5.012912841851532, 5.928169600306658, 5.296551590421829, 6.139872502747919, 5.958697415543098, 7.387041540427399, 5.077953840869371, 4.08975677149632, 3.407470796646686, 2.1732593517571708, 1.0950833666894952, 2.739980023649807, 4.196398355733163, 7.4628063387709584, 7.198264335935434, 6.69329231469835, 4.730142021123679, 4.1935587273817925, 5.928166256946578, 4.999103373606111, 6.684487476239297, 3.737900322373511, 2.5034689572670956, 1.7679513822500887, 1.7735654315530622, 0.0, 3.7511016301881237, 3.0996561551243063, 2.537458604588457], [7.593643282377702, 6.437899723512319, 6.939524816585067, 6.531864435978444, 5.684200949122049, 6.463655512943121, 6.027620012077736, 7.41928133986035, 4.877188318078358, 3.899012014600622, 2.6691255702945114, 2.1735851881166286, 3.4662514825096, 1.0957364874822781, 4.38200173893165, 8.528139474117435, 7.550232492446838, 7.815251569207482, 5.518263754116869, 6.365094732994946, 7.918178771030621, 7.198283757952308, 7.464929999671798, 3.0567286140578465, 2.474962508806951, 4.321403120515372, 3.790848994618488, 3.7511016301881237, 0.0, 1.767794207480045, 1.772045589142672], [8.375055762202422, 7.042859053679833, 7.198685491115721, 7.1156674634218255, 6.111419562589366, 6.717273782569831, 6.077024608309563, 7.299650235456491, 4.811845127391362, 4.057218294595448, 2.690232040177947, 2.1828007444565336, 2.773476132942196, 1.0960071760713974, 4.824278167767692, 9.218782473298738, 8.528123756723984, 8.59589422515191, 6.250338536431447, 6.4070466862666136, 8.11114591472746, 7.462817512173268, 7.952751728804314, 2.571916775480886, 3.060198774589651, 3.792641508236706, 2.6045801465879292, 3.0996561551243063, 1.767794207480045, 0.0, 1.7741640538574779], [7.654022181180297, 6.48490600857098, 6.658779035979494, 6.895019142830569, 6.182213760458303, 7.077987317027348, 6.751881808799677, 8.20906398622888, 5.640233282409514, 4.564255161578941, 3.379288312648094, 2.175302291636728, 2.7580365860517513, 1.0950165204233222, 4.8666262410421455, 8.59585184144073, 7.81520107226935, 7.673612744985245, 5.551171145803379, 6.026529592559884, 7.682268907035213, 6.693253369625268, 7.817034554740052, 3.7371847947352026, 2.468233528254569, 3.7579988770620996, 3.14659016238213, 2.537458604588457, 1.772045589142672, 1.7741640538574779, 0.0]]}