{"total energy": -21.15705049, "HOMO-LUMO gap/eV": 3.58659249, "electronic energy": -21.55260999, "dipole": [-0.0062753, 0.00418406, -0.00170785], "partial charges": [-0.0850698, -0.03110587, 0.01611862, -0.03392932, -0.03082713, -0.02973007, -0.03080034, -0.03175163, 0.03536803, 0.03857021, 0.03373186, 0.0296268, 0.02866261, 0.02839849, 0.02917258, 0.03356497], "atomic dipole moments": [[0.04518794, -0.04731826, 0.02137452], [-0.10082564, 0.03769057, -0.01135506], [0.04267248, -0.00157508, -0.0029089], [0.01050739, -0.00938277, 0.00411245], [-0.00589583, 6.662e-05, 0.0004542], [-0.00100622, -0.00030473, 0.00026568], [-0.00512513, -0.00033434, 0.00063875], [0.00877256, 0.01189629, -0.00712937], [0.1430597, 0.03298315, -0.03005986], [-0.03306457, -0.1298049, 0.07227579], [0.05589939, 0.11809638, -0.06804236], [0.0566706, 0.12099897, -0.06980215], [-0.08450194, 0.11323375, -0.05335584], [-0.14988363, -0.00426009, 0.01528473], [-0.06573272, -0.11741173, 0.06865335], [0.07323355, -0.11833846, 0.05709626]], "atomic quadrupole moments": [[-0.31054352, 0.07334337, -0.1177999, 0.04399725, 0.40283298, 0.42834342], [-0.20559498, 0.0832402, -0.14856962, 0.0213736, 0.36774108, 0.3541646], [-0.14436759, 0.02462514, -0.12715414, 0.03709204, 0.2995408, 0.27152173], [-0.24202226, 0.03475248, -0.09536803, 0.04713335, 0.32450004, 0.33739029], [-0.26677363, 0.03570893, -0.08321341, 0.04993932, 0.32488644, 0.34998704], [-0.26549481, 0.02800237, -0.08323782, 0.05384839, 0.32523061, 0.34873263], [-0.26596007, 0.0190595, -0.08259488, 0.05875551, 0.32598475, 0.34855495], [-0.24549741, 0.01236755, -0.09572857, 0.06021057, 0.33140816, 0.34122598], [0.04742042, -0.00520735, 0.0013914, -0.00736854, -0.03744333, -0.04881182], [0.01810966, 0.00863641, 0.01840767, -0.01144391, -0.04293235, -0.03651733], [0.04040307, -0.01736643, 0.01152445, -0.00083309, -0.04545404, -0.05192752], [0.04170348, -0.0034355, 0.00512084, -0.00772725, -0.03917213, -0.04682433], [0.03587093, 0.00197661, 0.00974182, -0.0101904, -0.0425797, -0.04561275], [0.02846738, -0.00416838, 0.01576228, -0.00622946, -0.04505021, -0.04422967], [0.03797219, -0.00936078, 0.00907921, -0.00432605, -0.04140026, -0.0470514], [0.04450369, -0.00412731, 0.00287538, -0.0075807, -0.03782402, -0.04737906]], "number of molecular orbitals": 40, "number of electrons": 40, "number of unpaired electrons": 0, "orbital energies/eV": [-17.42028609, -16.921394, -16.58310243, -16.41596827, -15.63199371, -15.45514971, -14.80937958, -14.26680623, -13.74530963, -13.38124588, -13.21013243, -12.97864654, -12.90289023, -12.66867552, -12.00450963, -11.7498421, -11.45296998, -11.39296661, -10.89178597, -10.41437115, -6.82777866, -6.10468675, -4.7439705, -2.24505707, 2.50914742, 3.01842811, 3.35466347, 3.80906681, 4.55080574, 4.79553623, 5.01801796, 5.93442729, 9.22052014, 10.40397842, 10.94219626, 11.58570768, 12.28061424, 14.96139061, 17.11556409, 17.82731649], "fractional occupation": [2.0, 2.0, 2.0, 2.0, 2.0, 2.0, 2.0, 2.0, 2.0, 2.0, 2.0, 2.0, 2.0, 2.0, 2.0, 2.0, 2.0, 2.0, 2.0, 2.0, 0.0, 0.0, 0.0, 0.0, 0.0, 0.0, 0.0, 0.0, 0.0, 0.0, 0.0, 0.0, 0.0, 0.0, 0.0, 0.0, 0.0, 0.0, 0.0, 0.0], "program call": "xtb /home/svss/Project-DBcg-Debug/aqme2_20220329/End-to-End-workflows-final/example-3/QDESCP/mol_840_rdkit_conf_2/mol_840_rdkit_conf_2.xyz --pop --wbo --acc 0.2 --gfn 2 --chrg 0 --uhf 0 --etemp 300 --input /home/svss/Project-DBcg-Debug/aqme2_20220329/End-to-End-workflows-final/example-3/QDESCP/mol_840_rdkit_conf_2/mol_840_rdkit_conf_2_xtb.inp", "method": "GFN2-xTB", "xtb version": "6.3.3 (7355c4f)", "Dipole module/D": 0.02, "Total charge": 0, "Transition dipole module/D": NaN, "HOMO": -10.4144, "LUMO": -6.8278, "HOMO occupancy": 2.0, "LUMO occupancy": 0, "mulliken charges": [-0.07215, -0.02556, 0.00836, -0.03548, -0.02787, -0.02844, -0.02773, -0.03425, 0.03298, 0.03214, 0.02847, 0.02988, 0.02944, 0.02931, 0.02957, 0.03134], "cm5 charges": [-0.17382, -0.08261, -0.00259, -0.0884, -0.08325, -0.08384, -0.08315, -0.0871, 0.08526, 0.08563, 0.08499, 0.0861, 0.08482, 0.08472, 0.08495, 0.08828], "FUKUI+": [-0.071, -0.044, -0.062, -0.032, -0.029, -0.066, -0.027, -0.032, -0.099, -0.085, -0.082, -0.07, -0.077, -0.086, -0.075, -0.063], "FUKUI-": [-0.071, -0.043, -0.061, -0.036, -0.033, -0.068, -0.032, -0.034, -0.096, -0.08, -0.077, -0.07, -0.076, -0.084, -0.075, -0.063], "FUKUIrad": [-0.071, -0.044, -0.062, -0.034, -0.031, -0.067, -0.03, -0.033, -0.097, -0.082, -0.08, -0.07, -0.076, -0.085, -0.075, -0.063], "s proportion": [1.05, 1.068, 1.081, 1.066, 1.06, 1.06, 1.061, 1.063, 0.967, 0.968, 0.972, 0.97, 0.971, 0.971, 0.97, 0.969], "p proportion": [3.022, 2.958, 2.911, 2.969, 2.968, 2.969, 2.967, 2.971, 0.0, 0.0, 0.0, 0.0, 0.0, 0.0, 0.0, 0.0], "d proportion": [0.0, 0.0, 0.0, 0.0, 0.0, 0.0, 0.0, 0.0, 0.0, 0.0, 0.0, 0.0, 0.0, 0.0, 0.0, 0.0], "Fermi-level/eV": -8.6211, "Coordination numbers": [2.834, 2.892, 2.961, 2.92, 2.91, 2.912, 2.911, 2.916, 0.925, 0.925, 0.925, 0.925, 0.925, 0.925, 0.925, 0.925], "Dispersion coefficient C6": [30.12, 28.774, 27.649, 28.845, 28.769, 28.742, 28.768, 28.792, 2.511, 2.468, 2.534, 2.592, 2.605, 2.609, 2.598, 2.536], "Total dispersion C6": 3104.037927, "Total dispersion C8": 75805.022596, "Polarizability alpha": [8.994, 8.795, 8.625, 8.807, 8.795, 8.791, 8.795, 8.799, 2.478, 2.457, 2.489, 2.518, 2.524, 2.526, 2.521, 2.49], "Total polarizability alpha": 90.403889, "Wiberg matrix": [[0.0, 1.902792949322989, 0.0, 0.0, 0.0, 0.0, 0.0, 0.0, 0.9785192026334913, 0.9741122397664851, 0.0, 0.0, 0.0, 0.0, 0.0, 0.0], [1.902792949322989, 0.0, 1.0860901621437038, 0.0, 0.0, 0.0, 0.0, 0.0, 0.0, 0.0, 0.9658539107327959, 0.0, 0.0, 0.0, 0.0, 0.0], [0.0, 1.0860901621437038, 0.0, 1.3784646625597752, 0.0, 0.0, 0.0, 1.3795040803367409, 0.0, 0.0, 0.0, 0.0, 0.0, 0.0, 0.0, 0.0], [0.0, 0.0, 1.3784646625597752, 0.0, 1.4506653270168943, 0.0, 0.10757215289343336, 0.0, 0.0, 0.0, 0.0, 0.9695810966765661, 0.0, 0.0, 0.0, 0.0], [0.0, 0.0, 0.0, 1.4506653270168943, 0.0, 1.4345023078108745, 0.0, 0.1083422782205264, 0.0, 0.0, 0.0, 0.0, 0.9715217211741057, 0.0, 0.0, 0.0], [0.0, 0.0, 0.0, 0.0, 1.4345023078108745, 0.0, 1.4326472443984932, 0.0, 0.0, 0.0, 0.0, 0.0, 0.0, 0.9712967574673499, 0.0, 0.0], [0.0, 0.0, 0.0, 0.10757215289343336, 0.0, 1.4326472443984932, 0.0, 1.4521330194577249, 0.0, 0.0, 0.0, 0.0, 0.0, 0.0, 0.9715662879782271, 0.0], [0.0, 0.0, 1.3795040803367409, 0.0, 0.1083422782205264, 0.0, 1.4521330194577249, 0.0, 0.0, 0.0, 0.0, 0.0, 0.0, 0.0, 0.0, 0.9672908379239453], [0.9785192026334913, 0.0, 0.0, 0.0, 0.0, 0.0, 0.0, 0.0, 0.0, 0.0, 0.0, 0.0, 0.0, 0.0, 0.0, 0.0], [0.9741122397664851, 0.0, 0.0, 0.0, 0.0, 0.0, 0.0, 0.0, 0.0, 0.0, 0.0, 0.0, 0.0, 0.0, 0.0, 0.0], [0.0, 0.9658539107327959, 0.0, 0.0, 0.0, 0.0, 0.0, 0.0, 0.0, 0.0, 0.0, 0.0, 0.0, 0.0, 0.0, 0.0], [0.0, 0.0, 0.0, 0.9695810966765661, 0.0, 0.0, 0.0, 0.0, 0.0, 0.0, 0.0, 0.0, 0.0, 0.0, 0.0, 0.0], [0.0, 0.0, 0.0, 0.0, 0.9715217211741057, 0.0, 0.0, 0.0, 0.0, 0.0, 0.0, 0.0, 0.0, 0.0, 0.0, 0.0], [0.0, 0.0, 0.0, 0.0, 0.0, 0.9712967574673499, 0.0, 0.0, 0.0, 0.0, 0.0, 0.0, 0.0, 0.0, 0.0, 0.0], [0.0, 0.0, 0.0, 0.0, 0.0, 0.0, 0.9715662879782271, 0.0, 0.0, 0.0, 0.0, 0.0, 0.0, 0.0, 0.0, 0.0], [0.0, 0.0, 0.0, 0.0, 0.0, 0.0, 0.0, 0.9672908379239453, 0.0, 0.0, 0.0, 0.0, 0.0, 0.0, 0.0, 0.0]], "Born radii": [], "Atomic SASAs": [], "Solvent H bonds": [], "Total SASA": NaN, "Total FOD": 0.0, "FOD": [0.0, 0.0, 0.0, 0.0, 0.0, 0.0, 0.0, 0.0, 0.0, 0.0, 0.0, 0.0, 0.0, 0.0, 0.0, 0.0], "FOD s proportion": [0.0, 0.0, 0.0, 0.0, 0.0, 0.0, 0.0, 0.0, 0.0, 0.0, 0.0, 0.0, 0.0, 0.0, 0.0, 0.0], "FOD p proportion": [0.0, 0.0, 0.0, 0.0, 0.0, 0.0, 0.0, 0.0, 0.0, 0.0, 0.0, 0.0, 0.0, 0.0, 0.0, 0.0], "FOD d proportion": [0.0, 0.0, 0.0, 0.0, 0.0, 0.0, 0.0, 0.0, 0.0, 0.0, 0.0, 0.0, 0.0, 0.0, 0.0, 0.0], "coordinates": [["2.80580", "-0.63190", "0.09420"], ["1.88560", "0.25780", "-0.30160"], ["0.42640", "0.15610", "-0.12060"], ["-0.37890", "1.19710", "-0.60880"], ["-1.76940", "1.15980", "-0.46810"], ["-2.37670", "0.07900", "0.16420"], ["-1.59390", "-0.96250", "0.65470"], ["-0.20260", "-0.92410", "0.51330"], ["3.85860", "-0.44550", "-0.09690"], ["2.56300", "-1.55390", "0.60830"], ["2.23610", "1.15370", "-0.81130"], ["0.06890", "2.05410", "-1.10720"], ["-2.37520", "1.97590", "-0.85300"], ["-3.45730", "0.04800", "0.27460"], ["-2.06370", "-1.80870", "1.14920"], ["0.37330", "-1.75510", "0.90890"]], "bond_dist": [[0.0, 1.3397730292851846, 2.5156763305322087, 3.7392197167323564, 4.9455864384317465, 5.231499312816546, 4.447563006861173, 3.0514744321393223, 1.0861178619284373, 1.0832057283821943, 2.081551272488862, 4.018529528322518, 5.877122568059986, 6.302478066602056, 5.119561845509829, 2.8004232858623355], [1.3397730292851846, 0.0, 1.4738956984807303, 2.4707522295851523, 3.7683353420310146, 4.291403077083298, 3.8092731629537933, 2.534073570360577, 2.104581188740411, 2.1375326102775603, 1.088706181667028, 2.6788213714243807, 4.627129370354798, 5.3779738647561315, 4.687452760295297, 2.7935869326011677], [2.5156763305322087, 1.4738956984807303, 0.0, 1.4037550819142206, 2.4392022425375064, 2.818585648867176, 2.4359737560162675, 1.401535675607296, 3.484606303443762, 2.8320407429978824, 2.1788268265284416, 2.168776108776561, 3.420094203380954, 3.9052521480693154, 3.416640029327058, 2.171491492039515], [3.7392197167323564, 2.4707522295851523, 1.4037550819142206, 0.0, 1.3980980044331657, 2.4163777539946025, 2.7814617398051698, 2.406175292866253, 4.573465056169118, 4.207625104497786, 2.623187909776957, 1.0878310530592514, 2.156705072558601, 3.4025538834822293, 3.868326340938675, 3.4036308510177777], [4.9455864384317465, 3.7683353420310146, 2.4392022425375064, 1.3980980044331657, 0.0, 1.3916699393175094, 2.4074130056971947, 2.7857938563361073, 5.864227274756666, 5.2242218951725246, 4.020180804391762, 2.1418609175200896, 1.086812246894559, 2.1533018692231702, 3.393267456302258, 3.8709087176010755], [5.231499312816546, 4.291403077083298, 2.818585648867176, 2.4163777539946025, 1.3916699393175094, 0.0, 1.3921524126330422, 2.4196675866738393, 6.262766126081989, 5.221515422748458, 4.83575270045936, 3.3909345806134334, 2.1524236804123857, 1.0866671615540795, 2.1521164675732583, 3.3883625691475228], [4.447563006861173, 3.8092731629537933, 2.4359737560162675, 2.7814617398051698, 2.4074130056971947, 1.3921524126330422, 0.0, 1.3989939992723344, 5.528286154858485, 4.199014709428869, 4.614797768050081, 3.8689883703624646, 3.393786018593394, 2.153565838324893, 1.0868747535939915, 2.1360496810701757], [3.0514744321393223, 2.534073570360577, 1.401535675607296, 2.406175292866253, 2.7857938563361073, 2.4196675866738393, 1.3989939992723344, 0.0, 4.134579475593618, 2.837995137416553, 3.4668538604908052, 3.4013832098133254, 3.872591696783951, 3.405147308120458, 2.15652015525012, 1.085689260331887], [1.0861178619284373, 2.104581188740411, 3.484606303443762, 4.573465056169118, 5.864227274756666, 6.262766126081989, 5.528286154858485, 4.134579475593618, 0.0, 1.84511163889885, 2.387533088775944, 4.650863612276757, 6.730165496479266, 7.341930761727463, 6.203605140561414, 3.8566827572409945], [1.0832057283821943, 2.1375326102775603, 2.8320407429978824, 4.207625104497786, 5.2242218951725246, 5.221515422748458, 4.199014709428869, 2.837995137416553, 1.84511163889885, 0.0, 3.0746098175215666, 4.709685664670202, 6.243452968510294, 6.238705906676481, 4.665174031051789, 2.219375563080751], [2.081551272488862, 1.088706181667028, 2.1788268265284416, 2.623187909776957, 4.020180804391762, 4.83575270045936, 4.614797768050081, 3.4668538604908052, 2.387533088775944, 3.0746098175215666, 0.0, 2.365382169967466, 4.6842117181015634, 5.900555470462082, 5.577423603241912, 3.8587859904379256], [4.018529528322518, 2.6788213714243807, 2.168776108776561, 1.0878310530592514, 2.1418609175200896, 3.3909345806134334, 3.8689883703624646, 3.4013832098133254, 4.650863612276757, 4.709685664670202, 2.365382169967466, 0.0, 2.4585275450968616, 4.285778212880364, 4.955859921345638, 4.32056977839729], [5.877122568059986, 4.627129370354798, 3.420094203380954, 2.156705072558601, 1.086812246894559, 2.1524236804123857, 3.393786018593394, 3.872591696783951, 6.730165496479266, 6.243452968510294, 4.6842117181015634, 2.4585275450968616, 0.0, 2.4817777055973407, 4.292905106102394, 4.957711655592729], [6.302478066602056, 5.3779738647561315, 3.9052521480693154, 3.4025538834822293, 2.1533018692231702, 1.0866671615540795, 2.153565838324893, 3.405147308120458, 7.341930761727463, 6.238705906676481, 5.900555470462082, 4.285778212880364, 2.4817777055973407, 0.0, 2.4808024931461192, 4.281004842323821], [5.119561845509829, 4.687452760295297, 3.416640029327058, 3.868326340938675, 3.393267456302258, 2.1521164675732583, 1.0868747535939915, 2.15652015525012, 6.203605140561414, 4.665174031051789, 5.577423603241912, 4.955859921345638, 4.292905106102394, 2.4808024931461192, 0.0, 2.4494052441358085], [2.8004232858623355, 2.7935869326011677, 2.171491492039515, 3.4036308510177777, 3.8709087176010755, 3.3883625691475228, 2.1360496810701757, 1.085689260331887, 3.8566827572409945, 2.219375563080751, 3.8587859904379256, 4.32056977839729, 4.957711655592729, 4.281004842323821, 2.4494052441358085, 0.0]]}