{"total energy": -57.94775813, "HOMO-LUMO gap/eV": 3.31239817, "electronic energy": -58.73808875, "dipole": [0.90082991, 0.04561291, 0.36206346], "partial charges": [-0.09744533, -0.00108958, -0.04913772, -0.05511997, -0.0224252, -0.02124509, -0.05688982, -0.06011498, 0.00544345, -0.0666514, 0.14174099, -0.39698025, -0.07688273, -0.04293718, -0.0099025, -0.02972448, -0.06287569, -0.08562854, 0.23186587, -0.36859487, 0.03392642, 0.05017797, 0.04049012, 0.04476597, 0.03084478, 0.03459818, 0.03444386, 0.03832916, 0.03599272, 0.02832846, 0.03207972, 0.04327317, 0.04162148, 0.046894, 0.29733997, 0.024731, 0.03164874, 0.0325415, 0.03674295, 0.03465595, 0.06387813, 0.06729074], "atomic dipole moments": [[0.02832261, -0.07063992, 0.08763135], [0.00534792, -0.01223369, -0.01028258], [0.02624265, 0.1106225, 0.03534181], [-0.06499068, 0.00254235, 0.09859238], [-0.00934227, 0.05999027, -0.06348378], [-0.01846385, -0.070446, 0.07071044], [0.05080473, 0.00569071, -0.0999459], [-0.04656232, -0.0773185, -0.0244222], [-0.04498895, 0.05004408, 0.04846084], [0.01476568, -0.01997558, -0.01919045], [0.2453252, 0.04045309, -0.00496318], [-0.13553138, -0.12937237, -0.07495082], [0.02217618, 0.01585498, 0.00762598], [-0.00085873, 0.00577987, 0.00228061], [-0.08110199, -0.01125332, 0.00203514], [0.01600502, -0.08398571, -0.0165443], [-0.07972295, 0.02969664, -0.10066032], [0.05891218, 0.02248569, -0.04506223], [0.00260901, -0.00010357, 0.00327136], [0.12416956, 0.05603863, 0.08988742], [-0.08269526, 0.08934153, 0.03956351], [-0.05976988, -0.05111158, -0.1025791], [0.09967203, 0.06301931, -0.04576539], [-0.04131713, -0.04344443, -0.11234019], [-0.00794608, -0.10516716, 0.0655485], [0.05202647, -0.10191471, -0.04479994], [0.01687903, 0.0826138, -0.0947015], [-0.00850105, -0.0927144, 0.08282434], [0.00993407, 0.09069504, -0.08258078], [-0.06658377, 0.09235214, 0.04841654], [0.00547997, -0.08777702, 0.09088369], [-0.00965001, 0.10947875, -0.06247509], [0.05220035, 0.02352804, 0.11368371], [0.06291969, 0.11964711, 0.07663595], [0.02695436, -0.05912599, -0.04724567], [0.08140431, -0.09880065, -0.07963477], [-0.04363939, -0.12244621, -0.07438862], [-0.0555325, 0.10956773, 0.02351589], [0.06566278, -0.10873236, 0.00788612], [0.0066583, 0.05642982, 0.11379861], [-0.02475589, -0.12794159, 0.04868429], [-0.0819492, 0.09999885, 0.04940908]], "atomic quadrupole moments": [[-0.1084446, -0.05284974, 0.04314678, 0.04636808, -0.15078511, 0.06529781], [-0.00378629, 0.02952626, -0.02521936, 0.02365363, 0.0112566, 0.02900565], [0.18691037, -0.06342078, -0.03185919, -0.09592338, 0.07215144, -0.15505117], [0.15398666, 0.08987456, -0.16997694, 0.0539817, 0.08179979, 0.01599028], [0.03490458, -0.02778153, -0.0273158, 0.01829955, 0.16947829, -0.00758878], [0.1016763, -0.01334561, -0.06052057, 0.04028832, 0.16547778, -0.04115573], [0.12672735, 0.15363105, -0.14697539, 0.05017515, 0.08329404, 0.02024804], [0.1956966, 0.03529136, -0.05348754, -0.11647717, 0.08307981, -0.14220906], [-0.23555134, -0.16687752, 0.03271218, -0.03177731, -0.28839968, 0.20283915], [-0.20925932, -0.0891371, -0.00587583, 0.03085165, -0.31303299, 0.21513515], [0.16551772, 0.05945325, -0.19715741, 0.06168684, -0.3624334, 0.03163969], [0.09758793, 0.03061191, -0.03992448, -0.00150326, 0.01786164, -0.05766346], [-0.20006289, -0.01544541, -0.00564917, 0.06877295, -0.29839007, 0.20571206], [-0.23015635, -0.00953185, -0.03143836, 0.09032569, -0.35762739, 0.26159471], [-0.07362462, 0.01421204, -0.07001404, 0.0338123, -0.35416212, 0.14363867], [0.05352984, 0.17557287, -0.13361027, 0.03903216, -0.05978688, 0.08008042], [0.13241043, 0.15269062, -0.11097733, 0.04145757, -0.12560032, -0.0214331], [0.12695297, 0.11861527, -0.24840105, 0.10977976, 0.02516864, 0.12144807], [-0.14099567, -0.35420581, 0.46256718, 0.04163655, 0.03051151, -0.32157151], [-0.06528108, -0.15766813, 0.1988886, -0.0014274, 0.00996376, -0.13360753], [-0.00437495, -0.05207052, 0.00927457, -0.03836698, 0.02921791, -0.00489961], [-0.02857841, 0.02574787, 0.00323299, 0.04051913, 0.04322866, 0.02534542], [0.06101429, 0.04106589, -0.02574006, -0.02358406, -0.02067271, -0.03527423], [-0.00782295, -0.00380856, -0.03596716, 0.02816297, 0.00973155, 0.04379011], [-0.0113489, -0.00816791, 0.00051057, -0.01765082, -0.05265923, 0.01083833], [0.00642989, -0.03444987, 0.03116971, -0.00477935, 0.01667458, -0.0375996], [-0.02648971, 0.01336843, 0.02886735, 0.00917339, -0.04260685, -0.00237764], [-0.01707702, 0.00709267, 0.01036493, -0.00888924, -0.02501659, 0.00671209], [-0.00871056, 0.00320667, 0.0007584, -0.00685309, -0.02518797, 0.00795216], [0.00764695, -0.03391916, 0.02551179, -0.01457964, 0.0207689, -0.03315875], [-0.02149091, 0.00519661, 0.02581982, 0.01472619, -0.04014047, -0.00432891], [-0.00756472, -0.0130383, 0.02100931, -0.01030492, -0.04806428, -0.0134446], [0.01263823, 0.00715752, -0.04804083, 0.02859025, 0.01199041, 0.0354026], [0.02581608, 0.00554565, -0.00015231, -0.0078653, 0.04268528, -0.02566377], [0.00808618, -0.05956102, 0.01220557, -0.05675755, 0.08168817, -0.02029176], [0.03713125, -5.469e-05, -0.00442778, -0.01297431, 0.04076076, -0.03270347], [0.04681211, 0.00966221, -0.0078683, -0.0046969, 0.04351887, -0.03894381], [-0.00634579, -0.01529907, 0.01872909, -0.00812663, -0.00381955, -0.0123833], [0.00581081, -0.02925756, 0.03093429, -0.0100136, 0.00794487, -0.0367451], [-0.02260548, -0.00221617, -0.00616792, 0.0088935, 0.03917667, 0.0287734], [-0.00067259, 0.02307817, 0.03143011, 0.00239427, -0.03289308, -0.03075752], [0.02004296, -0.02990384, 0.00799046, -0.00257345, 0.03904372, -0.02803342]], "number of molecular orbitals": 102, "number of electrons": 106, "number of unpaired electrons": 0, "orbital energies/eV": [-19.24281801, -19.09486446, -17.97010587, -17.64141383, -17.48747693, -17.32904991, -17.06907533, -17.02691595, -16.90070728, -16.6615927, -16.51906144, -16.17440071, -16.15305764, -16.0179921, -15.910016, -15.60554179, -15.49514662, -15.17977731, -14.99018038, -14.80991884, -14.7343147, -14.49589113, -14.43423819, -14.22129991, -14.15153799, -14.13334237, -13.90495752, -13.84432493, -13.68623788, -13.59552992, -13.36655777, -13.26438185, -13.13103826, -13.09325581, -12.98273484, -12.94149427, -12.70582691, -12.66981702, -12.57820187, -12.46269195, -12.34455121, -12.23074557, -12.18139522, -12.09130635, -11.96616899, -11.79858574, -11.62739133, -11.46286397, -11.31955997, -11.07192029, -10.68235339, -10.4620854, -10.18727208, -6.87487391, -6.11508213, -5.73896681, -2.58603615, 0.35899858, 0.91487601, 1.3086459, 1.35966557, 1.62259769, 1.82978502, 1.87686347, 2.38312959, 2.70000852, 2.87945376, 2.9233058, 2.99618922, 3.28500739, 3.36820237, 3.4864372, 3.78277154, 3.95164578, 4.11567566, 4.38879874, 4.47834095, 4.60838083, 4.94397414, 5.07442143, 5.19456737, 5.3488045, 5.46341029, 5.71340277, 5.78462273, 6.28529781, 6.51840142, 6.74047444, 6.97604433, 7.30445169, 7.37221294, 7.48104396, 7.7835874, 8.19159468, 8.40379617, 10.34755596, 10.39612024, 11.89301098, 12.21378234, 15.69189745, 16.5433505, 17.08254335], "fractional occupation": [2.0, 2.0, 2.0, 2.0, 2.0, 2.0, 2.0, 2.0, 2.0, 2.0, 2.0, 2.0, 2.0, 2.0, 2.0, 2.0, 2.0, 2.0, 2.0, 2.0, 2.0, 2.0, 2.0, 2.0, 2.0, 2.0, 2.0, 2.0, 2.0, 2.0, 2.0, 2.0, 2.0, 2.0, 2.0, 2.0, 2.0, 2.0, 2.0, 2.0, 2.0, 2.0, 2.0, 2.0, 2.0, 2.0, 2.0, 2.0, 2.0, 2.0, 2.0, 2.0, 2.0, 0.0, 0.0, 0.0, 0.0, 0.0, 0.0, 0.0, 0.0, 0.0, 0.0, 0.0, 0.0, 0.0, 0.0, 0.0, 0.0, 0.0, 0.0, 0.0, 0.0, 0.0, 0.0, 0.0, 0.0, 0.0, 0.0, 0.0, 0.0, 0.0, 0.0, 0.0, 0.0, 0.0, 0.0, 0.0, 0.0, 0.0, 0.0, 0.0, 0.0, 0.0, 0.0, 0.0, 0.0, 0.0, 0.0, 0.0, 0.0, 0.0], "program call": "xtb /home/svss/Project-DBcg-Debug/aqme2_20220329/End-to-End-workflows-final/example-3/QDESCP/mol_625_rdkit_conf_1/mol_625_rdkit_conf_1.xyz --pop --wbo --acc 0.2 --gfn 2 --chrg 0 --uhf 0 --etemp 300 --input /home/svss/Project-DBcg-Debug/aqme2_20220329/End-to-End-workflows-final/example-3/QDESCP/mol_625_rdkit_conf_1/mol_625_rdkit_conf_1_xtb.inp", "method": "GFN2-xTB", "xtb version": "6.3.3 (7355c4f)", "Dipole module/D": 2.471, "Total charge": 0, "Transition dipole module/D": NaN, "HOMO": -10.1873, "LUMO": -6.8749, "HOMO occupancy": 2.0, "LUMO occupancy": 0, "mulliken charges": [-0.082, -0.01703, -0.04249, -0.04883, -0.01802, -0.01957, -0.04874, -0.04492, 0.00229, -0.0822, 0.25968, -0.51937, -0.10059, -0.03218, -0.02796, -0.03468, -0.05916, -0.08774, 0.38964, -0.49461, 0.03562, 0.04815, 0.03088, 0.04433, 0.03056, 0.03156, 0.02828, 0.02967, 0.02739, 0.02773, 0.02632, 0.03611, 0.03514, 0.04796, 0.35076, 0.03167, 0.03042, 0.02932, 0.03056, 0.03276, 0.06135, 0.06194], "cm5 charges": [-0.22602, -0.03761, -0.14598, -0.15569, -0.07804, -0.08286, -0.15553, -0.14786, -0.0099, -0.13025, 0.27118, -0.71687, -0.15272, -0.08549, -0.03821, -0.09609, -0.16561, -0.18875, 0.41264, -0.54283, 0.08861, 0.10185, 0.08369, 0.10066, 0.08831, 0.08741, 0.0846, 0.09109, 0.08905, 0.08295, 0.08289, 0.09188, 0.09052, 0.10737, 0.5219, 0.08967, 0.08744, 0.09018, 0.08766, 0.08781, 0.11812, 0.11882], "FUKUI+": [0.014, -0.005, 0.002, 0.006, 0.004, 0.002, 0.009, 0.012, -0.044, -0.038, -0.019, -0.032, -0.036, -0.038, -0.014, 0.004, 0.011, 0.012, -0.086, -0.146, -0.018, -0.019, -0.026, -0.023, -0.013, -0.018, -0.017, -0.019, -0.015, -0.024, -0.015, -0.032, -0.031, -0.053, -0.025, -0.053, -0.048, -0.021, -0.018, -0.031, -0.047, -0.054], "FUKUI-": [0.015, -0.018, 0.007, 0.005, 0.002, 0.0, 0.009, 0.011, -0.024, -0.017, -0.035, -0.074, -0.026, -0.015, -0.042, 0.002, 0.009, -0.005, -0.018, -0.11, -0.024, -0.022, -0.028, -0.026, -0.02, -0.024, -0.025, -0.047, -0.02, -0.027, -0.017, -0.036, -0.037, -0.044, -0.037, -0.047, -0.04, -0.026, -0.017, -0.032, -0.037, -0.04], "FUKUIrad": [0.014, -0.011, 0.004, 0.005, 0.003, 0.001, 0.009, 0.011, -0.034, -0.027, -0.027, -0.053, -0.031, -0.026, -0.028, 0.003, 0.01, 0.004, -0.052, -0.128, -0.021, -0.021, -0.027, -0.024, -0.016, -0.021, -0.021, -0.033, -0.018, -0.025, -0.016, -0.034, -0.034, -0.049, -0.031, -0.05, -0.044, -0.024, -0.018, -0.032, -0.042, -0.047], "s proportion": [1.013, 1.093, 1.035, 1.034, 1.059, 1.061, 1.032, 1.029, 1.091, 1.057, 1.014, 1.691, 1.057, 1.061, 1.089, 1.071, 1.036, 1.04, 1.085, 1.738, 0.964, 0.952, 0.969, 0.956, 0.969, 0.968, 0.972, 0.97, 0.973, 0.972, 0.974, 0.964, 0.965, 0.952, 0.649, 0.968, 0.97, 0.971, 0.969, 0.967, 0.939, 0.938], "p proportion": [3.069, 2.924, 3.007, 3.015, 2.959, 2.959, 3.017, 3.016, 2.906, 3.025, 2.727, 4.828, 3.044, 2.971, 2.939, 2.964, 3.024, 3.048, 2.526, 4.757, 0.0, 0.0, 0.0, 0.0, 0.0, 0.0, 0.0, 0.0, 0.0, 0.0, 0.0, 0.0, 0.0, 0.0, 0.0, 0.0, 0.0, 0.0, 0.0, 0.0, 0.0, 0.0], "d proportion": [0.0, 0.0, 0.0, 0.0, 0.0, 0.0, 0.0, 0.0, 0.0, 0.0, 0.0, 0.0, 0.0, 0.0, 0.0, 0.0, 0.0, 0.0, 0.0, 0.0, 0.0, 0.0, 0.0, 0.0, 0.0, 0.0, 0.0, 0.0, 0.0, 0.0, 0.0, 0.0, 0.0, 0.0, 0.0, 0.0, 0.0, 0.0, 0.0, 0.0, 0.0, 0.0], "Fermi-level/eV": -8.5311, "Coordination numbers": [3.753, 3.914, 3.806, 3.802, 3.854, 3.855, 3.804, 3.808, 2.965, 2.915, 2.842, 1.659, 2.91, 2.915, 2.958, 3.89, 3.836, 3.817, 2.868, 0.856, 0.924, 0.924, 0.924, 0.924, 0.923, 0.924, 0.924, 0.923, 0.923, 0.924, 0.924, 0.924, 0.924, 0.925, 0.804, 0.925, 0.925, 0.923, 0.924, 0.924, 0.924, 0.924], "Dispersion coefficient C6": [22.419, 20.54, 21.45, 21.564, 20.937, 20.916, 21.594, 21.65, 27.898, 29.659, 24.907, 20.79, 29.92, 29.066, 28.263, 21.05, 21.68, 22.119, 23.15, 21.064, 2.531, 2.318, 2.442, 2.387, 2.575, 2.522, 2.524, 2.471, 2.503, 2.61, 2.557, 2.406, 2.428, 2.359, 0.729, 2.663, 2.563, 2.551, 2.493, 2.521, 2.154, 2.116], "Total dispersion C6": 16982.378222, "Total dispersion C8": 395262.811543, "Polarizability alpha": [6.752, 6.442, 6.593, 6.611, 6.508, 6.504, 6.616, 6.623, 8.664, 8.931, 8.179, 6.155, 8.969, 8.841, 8.72, 6.523, 6.624, 6.693, 7.887, 6.153, 2.488, 2.381, 2.444, 2.416, 2.509, 2.484, 2.485, 2.458, 2.474, 2.527, 2.501, 2.426, 2.437, 2.402, 1.341, 2.552, 2.504, 2.498, 2.469, 2.483, 2.295, 2.275], "Total polarizability alpha": 197.835258, "Wiberg matrix": [[0.0, 0.9919331621432003, 0.0, 0.0, 0.0, 0.0, 0.0, 0.0, 0.0, 0.0, 0.0, 0.0, 0.0, 0.0, 0.0, 0.0, 0.0, 0.0, 0.0, 0.0, 0.9856196823845658, 0.9830443713488144, 0.9813308113802145, 0.0, 0.0, 0.0, 0.0, 0.0, 0.0, 0.0, 0.0, 0.0, 0.0, 0.0, 0.0, 0.0, 0.0, 0.0, 0.0, 0.0, 0.0, 0.0], [0.9919331621432003, 0.0, 0.9633909719081467, 0.0, 0.0, 0.0, 0.0, 0.0, 0.0, 0.0, 0.0, 0.0, 0.0, 0.0, 0.0, 0.9681947322739923, 0.0, 0.0, 0.9566120274389565, 0.0, 0.0, 0.0, 0.0, 0.0, 0.0, 0.0, 0.0, 0.0, 0.0, 0.0, 0.0, 0.0, 0.0, 0.0, 0.0, 0.0, 0.0, 0.0, 0.0, 0.0, 0.0, 0.0], [0.0, 0.9633909719081467, 0.0, 1.003923536956076, 0.0, 0.0, 0.0, 0.0, 0.0, 0.0, 0.0, 0.0, 0.0, 0.0, 0.0, 0.0, 0.0, 0.0, 0.0, 0.0, 0.0, 0.0, 0.0, 0.9728355027796729, 0.9744656422565192, 0.0, 0.0, 0.0, 0.0, 0.0, 0.0, 0.0, 0.0, 0.0, 0.0, 0.0, 0.0, 0.0, 0.0, 0.0, 0.0, 0.0], [0.0, 0.0, 1.003923536956076, 0.0, 0.9912608091165163, 0.0, 0.0, 0.0, 0.0, 0.0, 0.0, 0.0, 0.0, 0.0, 0.0, 0.0, 0.0, 0.0, 0.0, 0.0, 0.0, 0.0, 0.0, 0.0, 0.0, 0.9701190370232674, 0.976178540730411, 0.0, 0.0, 0.0, 0.0, 0.0, 0.0, 0.0, 0.0, 0.0, 0.0, 0.0, 0.0, 0.0, 0.0, 0.0], [0.0, 0.0, 0.0, 0.9912608091165163, 0.0, 0.9835523303818486, 0.0, 0.0, 0.0, 0.0, 0.0, 0.0, 0.0, 0.0, 0.9932601122018442, 0.0, 0.0, 0.0, 0.0, 0.0, 0.0, 0.0, 0.0, 0.0, 0.0, 0.0, 0.0, 0.948941482856212, 0.0, 0.0, 0.0, 0.0, 0.0, 0.0, 0.0, 0.0, 0.0, 0.0, 0.0, 0.0, 0.0, 0.0], [0.0, 0.0, 0.0, 0.0, 0.9835523303818486, 0.0, 0.9965592512424462, 0.0, 0.0, 0.0, 0.0, 0.0, 0.0, 0.0, 0.0, 0.9863063952837389, 0.0, 0.0, 0.0, 0.0, 0.0, 0.0, 0.0, 0.0, 0.0, 0.0, 0.0, 0.0, 0.9637886578070003, 0.0, 0.0, 0.0, 0.0, 0.0, 0.0, 0.0, 0.0, 0.0, 0.0, 0.0, 0.0, 0.0], [0.0, 0.0, 0.0, 0.0, 0.0, 0.9965592512424462, 0.0, 1.0065492733744672, 0.0, 0.0, 0.0, 0.0, 0.0, 0.0, 0.0, 0.0, 0.0, 0.0, 0.0, 0.0, 0.0, 0.0, 0.0, 0.0, 0.0, 0.0, 0.0, 0.0, 0.0, 0.975968163253927, 0.9768828618808929, 0.0, 0.0, 0.0, 0.0, 0.0, 0.0, 0.0, 0.0, 0.0, 0.0, 0.0], [0.0, 0.0, 0.0, 0.0, 0.0, 0.0, 1.0065492733744672, 0.0, 1.0122774302553896, 0.0, 0.0, 0.0, 0.0, 0.0, 0.0, 0.0, 0.0, 0.0, 0.0, 0.0, 0.0, 0.0, 0.0, 0.0, 0.0, 0.0, 0.0, 0.0, 0.0, 0.0, 0.0, 0.9597993443558428, 0.967908342005585, 0.0, 0.0, 0.0, 0.0, 0.0, 0.0, 0.0, 0.0, 0.0], [0.0, 0.0, 0.0, 0.0, 0.0, 0.0, 0.0, 1.0122774302553896, 0.0, 1.4170904641517748, 0.0, 0.0, 0.10272021060717454, 0.0, 1.3836706263103082, 0.0, 0.0, 0.0, 0.0, 0.0, 0.0, 0.0, 0.0, 0.0, 0.0, 0.0, 0.0, 0.0, 0.0, 0.0, 0.0, 0.0, 0.0, 0.0, 0.0, 0.0, 0.0, 0.0, 0.0, 0.0, 0.0, 0.0], [0.0, 0.0, 0.0, 0.0, 0.0, 0.0, 0.0, 0.0, 1.4170904641517748, 0.0, 1.3783942990127689, 0.0, 0.0, 0.10905853509643826, 0.0, 0.0, 0.0, 0.0, 0.0, 0.0, 0.0, 0.0, 0.0, 0.0, 0.0, 0.0, 0.0, 0.0, 0.0, 0.0, 0.0, 0.0, 0.0, 0.9667861223717095, 0.0, 0.0, 0.0, 0.0, 0.0, 0.0, 0.0, 0.0], [0.0, 0.0, 0.0, 0.0, 0.0, 0.0, 0.0, 0.0, 0.0, 1.3783942990127689, 0.0, 1.0636464140308872, 1.371501534343647, 0.0, 0.0, 0.0, 0.0, 0.0, 0.0, 0.0, 0.0, 0.0, 0.0, 0.0, 0.0, 0.0, 0.0, 0.0, 0.0, 0.0, 0.0, 0.0, 0.0, 0.0, 0.0, 0.0, 0.0, 0.0, 0.0, 0.0, 0.0, 0.0], [0.0, 0.0, 0.0, 0.0, 0.0, 0.0, 0.0, 0.0, 0.0, 0.0, 1.0636464140308872, 0.0, 0.0, 0.0, 0.0, 0.0, 0.0, 0.0, 0.0, 0.0, 0.0, 0.0, 0.0, 0.0, 0.0, 0.0, 0.0, 0.0, 0.0, 0.0, 0.0, 0.0, 0.0, 0.0, 0.890292714877276, 0.0, 0.0, 0.0, 0.0, 0.0, 0.0, 0.0], [0.0, 0.0, 0.0, 0.0, 0.0, 0.0, 0.0, 0.0, 0.10272021060717454, 0.0, 1.371501534343647, 0.0, 0.0, 1.4440232084830111, 0.0, 0.0, 0.0, 0.0, 0.0, 0.0, 0.0, 0.0, 0.0, 0.0, 0.0, 0.0, 0.0, 0.0, 0.0, 0.0, 0.0, 0.0, 0.0, 0.0, 0.0, 0.9663782599344927, 0.0, 0.0, 0.0, 0.0, 0.0, 0.0], [0.0, 0.0, 0.0, 0.0, 0.0, 0.0, 0.0, 0.0, 0.0, 0.10905853509643826, 0.0, 0.0, 1.4440232084830111, 0.0, 1.411002376513862, 0.0, 0.0, 0.0, 0.0, 0.0, 0.0, 0.0, 0.0, 0.0, 0.0, 0.0, 0.0, 0.0, 0.0, 0.0, 0.0, 0.0, 0.0, 0.0, 0.0, 0.0, 0.9664549800510696, 0.0, 0.0, 0.0, 0.0, 0.0], [0.0, 0.0, 0.0, 0.0, 0.9932601122018442, 0.0, 0.0, 0.0, 1.3836706263103082, 0.0, 0.0, 0.0, 0.0, 1.411002376513862, 0.0, 0.0, 0.0, 0.0, 0.0, 0.0, 0.0, 0.0, 0.0, 0.0, 0.0, 0.0, 0.0, 0.0, 0.0, 0.0, 0.0, 0.0, 0.0, 0.0, 0.0, 0.0, 0.0, 0.0, 0.0, 0.0, 0.0, 0.0], [0.0, 0.9681947322739923, 0.0, 0.0, 0.0, 0.9863063952837389, 0.0, 0.0, 0.0, 0.0, 0.0, 0.0, 0.0, 0.0, 0.0, 0.0, 0.9943261568925585, 0.0, 0.0, 0.0, 0.0, 0.0, 0.0, 0.0, 0.0, 0.0, 0.0, 0.0, 0.0, 0.0, 0.0, 0.0, 0.0, 0.0, 0.0, 0.0, 0.0, 0.9658979961688561, 0.0, 0.0, 0.0, 0.0], [0.0, 0.0, 0.0, 0.0, 0.0, 0.0, 0.0, 0.0, 0.0, 0.0, 0.0, 0.0, 0.0, 0.0, 0.0, 0.9943261568925585, 0.0, 1.0053726358278465, 0.0, 0.0, 0.0, 0.0, 0.0, 0.0, 0.0, 0.0, 0.0, 0.0, 0.0, 0.0, 0.0, 0.0, 0.0, 0.0, 0.0, 0.0, 0.0, 0.0, 0.9749033526835609, 0.9789754829497604, 0.0, 0.0], [0.0, 0.0, 0.0, 0.0, 0.0, 0.0, 0.0, 0.0, 0.0, 0.0, 0.0, 0.0, 0.0, 0.0, 0.0, 0.0, 1.0053726358278465, 0.0, 0.9932427416485129, 0.0, 0.0, 0.0, 0.0, 0.0, 0.0, 0.0, 0.0, 0.0, 0.0, 0.0, 0.0, 0.0, 0.0, 0.0, 0.0, 0.0, 0.0, 0.0, 0.0, 0.0, 0.9602110618497341, 0.9470677773830452], [0.0, 0.9566120274389565, 0.0, 0.0, 0.0, 0.0, 0.0, 0.0, 0.0, 0.0, 0.0, 0.0, 0.0, 0.0, 0.0, 0.0, 0.0, 0.9932427416485129, 0.0, 1.8618333551107742, 0.0, 0.0, 0.0, 0.0, 0.0, 0.0, 0.0, 0.0, 0.0, 0.0, 0.0, 0.0, 0.0, 0.0, 0.0, 0.0, 0.0, 0.0, 0.0, 0.0, 0.0, 0.0], [0.0, 0.0, 0.0, 0.0, 0.0, 0.0, 0.0, 0.0, 0.0, 0.0, 0.0, 0.0, 0.0, 0.0, 0.0, 0.0, 0.0, 0.0, 1.8618333551107742, 0.0, 0.0, 0.0, 0.0, 0.0, 0.0, 0.0, 0.0, 0.0, 0.0, 0.0, 0.0, 0.0, 0.0, 0.0, 0.0, 0.0, 0.0, 0.0, 0.0, 0.0, 0.0, 0.0], [0.9856196823845658, 0.0, 0.0, 0.0, 0.0, 0.0, 0.0, 0.0, 0.0, 0.0, 0.0, 0.0, 0.0, 0.0, 0.0, 0.0, 0.0, 0.0, 0.0, 0.0, 0.0, 0.0, 0.0, 0.0, 0.0, 0.0, 0.0, 0.0, 0.0, 0.0, 0.0, 0.0, 0.0, 0.0, 0.0, 0.0, 0.0, 0.0, 0.0, 0.0, 0.0, 0.0], [0.9830443713488144, 0.0, 0.0, 0.0, 0.0, 0.0, 0.0, 0.0, 0.0, 0.0, 0.0, 0.0, 0.0, 0.0, 0.0, 0.0, 0.0, 0.0, 0.0, 0.0, 0.0, 0.0, 0.0, 0.0, 0.0, 0.0, 0.0, 0.0, 0.0, 0.0, 0.0, 0.0, 0.0, 0.0, 0.0, 0.0, 0.0, 0.0, 0.0, 0.0, 0.0, 0.0], [0.9813308113802145, 0.0, 0.0, 0.0, 0.0, 0.0, 0.0, 0.0, 0.0, 0.0, 0.0, 0.0, 0.0, 0.0, 0.0, 0.0, 0.0, 0.0, 0.0, 0.0, 0.0, 0.0, 0.0, 0.0, 0.0, 0.0, 0.0, 0.0, 0.0, 0.0, 0.0, 0.0, 0.0, 0.0, 0.0, 0.0, 0.0, 0.0, 0.0, 0.0, 0.0, 0.0], [0.0, 0.0, 0.9728355027796729, 0.0, 0.0, 0.0, 0.0, 0.0, 0.0, 0.0, 0.0, 0.0, 0.0, 0.0, 0.0, 0.0, 0.0, 0.0, 0.0, 0.0, 0.0, 0.0, 0.0, 0.0, 0.0, 0.0, 0.0, 0.0, 0.0, 0.0, 0.0, 0.0, 0.0, 0.0, 0.0, 0.0, 0.0, 0.0, 0.0, 0.0, 0.0, 0.0], [0.0, 0.0, 0.9744656422565192, 0.0, 0.0, 0.0, 0.0, 0.0, 0.0, 0.0, 0.0, 0.0, 0.0, 0.0, 0.0, 0.0, 0.0, 0.0, 0.0, 0.0, 0.0, 0.0, 0.0, 0.0, 0.0, 0.0, 0.0, 0.0, 0.0, 0.0, 0.0, 0.0, 0.0, 0.0, 0.0, 0.0, 0.0, 0.0, 0.0, 0.0, 0.0, 0.0], [0.0, 0.0, 0.0, 0.9701190370232674, 0.0, 0.0, 0.0, 0.0, 0.0, 0.0, 0.0, 0.0, 0.0, 0.0, 0.0, 0.0, 0.0, 0.0, 0.0, 0.0, 0.0, 0.0, 0.0, 0.0, 0.0, 0.0, 0.0, 0.0, 0.0, 0.0, 0.0, 0.0, 0.0, 0.0, 0.0, 0.0, 0.0, 0.0, 0.0, 0.0, 0.0, 0.0], [0.0, 0.0, 0.0, 0.976178540730411, 0.0, 0.0, 0.0, 0.0, 0.0, 0.0, 0.0, 0.0, 0.0, 0.0, 0.0, 0.0, 0.0, 0.0, 0.0, 0.0, 0.0, 0.0, 0.0, 0.0, 0.0, 0.0, 0.0, 0.0, 0.0, 0.0, 0.0, 0.0, 0.0, 0.0, 0.0, 0.0, 0.0, 0.0, 0.0, 0.0, 0.0, 0.0], [0.0, 0.0, 0.0, 0.0, 0.948941482856212, 0.0, 0.0, 0.0, 0.0, 0.0, 0.0, 0.0, 0.0, 0.0, 0.0, 0.0, 0.0, 0.0, 0.0, 0.0, 0.0, 0.0, 0.0, 0.0, 0.0, 0.0, 0.0, 0.0, 0.0, 0.0, 0.0, 0.0, 0.0, 0.0, 0.0, 0.0, 0.0, 0.0, 0.0, 0.0, 0.0, 0.0], [0.0, 0.0, 0.0, 0.0, 0.0, 0.9637886578070003, 0.0, 0.0, 0.0, 0.0, 0.0, 0.0, 0.0, 0.0, 0.0, 0.0, 0.0, 0.0, 0.0, 0.0, 0.0, 0.0, 0.0, 0.0, 0.0, 0.0, 0.0, 0.0, 0.0, 0.0, 0.0, 0.0, 0.0, 0.0, 0.0, 0.0, 0.0, 0.0, 0.0, 0.0, 0.0, 0.0], [0.0, 0.0, 0.0, 0.0, 0.0, 0.0, 0.975968163253927, 0.0, 0.0, 0.0, 0.0, 0.0, 0.0, 0.0, 0.0, 0.0, 0.0, 0.0, 0.0, 0.0, 0.0, 0.0, 0.0, 0.0, 0.0, 0.0, 0.0, 0.0, 0.0, 0.0, 0.0, 0.0, 0.0, 0.0, 0.0, 0.0, 0.0, 0.0, 0.0, 0.0, 0.0, 0.0], [0.0, 0.0, 0.0, 0.0, 0.0, 0.0, 0.9768828618808929, 0.0, 0.0, 0.0, 0.0, 0.0, 0.0, 0.0, 0.0, 0.0, 0.0, 0.0, 0.0, 0.0, 0.0, 0.0, 0.0, 0.0, 0.0, 0.0, 0.0, 0.0, 0.0, 0.0, 0.0, 0.0, 0.0, 0.0, 0.0, 0.0, 0.0, 0.0, 0.0, 0.0, 0.0, 0.0], [0.0, 0.0, 0.0, 0.0, 0.0, 0.0, 0.0, 0.9597993443558428, 0.0, 0.0, 0.0, 0.0, 0.0, 0.0, 0.0, 0.0, 0.0, 0.0, 0.0, 0.0, 0.0, 0.0, 0.0, 0.0, 0.0, 0.0, 0.0, 0.0, 0.0, 0.0, 0.0, 0.0, 0.0, 0.0, 0.0, 0.0, 0.0, 0.0, 0.0, 0.0, 0.0, 0.0], [0.0, 0.0, 0.0, 0.0, 0.0, 0.0, 0.0, 0.967908342005585, 0.0, 0.0, 0.0, 0.0, 0.0, 0.0, 0.0, 0.0, 0.0, 0.0, 0.0, 0.0, 0.0, 0.0, 0.0, 0.0, 0.0, 0.0, 0.0, 0.0, 0.0, 0.0, 0.0, 0.0, 0.0, 0.0, 0.0, 0.0, 0.0, 0.0, 0.0, 0.0, 0.0, 0.0], [0.0, 0.0, 0.0, 0.0, 0.0, 0.0, 0.0, 0.0, 0.0, 0.9667861223717095, 0.0, 0.0, 0.0, 0.0, 0.0, 0.0, 0.0, 0.0, 0.0, 0.0, 0.0, 0.0, 0.0, 0.0, 0.0, 0.0, 0.0, 0.0, 0.0, 0.0, 0.0, 0.0, 0.0, 0.0, 0.0, 0.0, 0.0, 0.0, 0.0, 0.0, 0.0, 0.0], [0.0, 0.0, 0.0, 0.0, 0.0, 0.0, 0.0, 0.0, 0.0, 0.0, 0.0, 0.890292714877276, 0.0, 0.0, 0.0, 0.0, 0.0, 0.0, 0.0, 0.0, 0.0, 0.0, 0.0, 0.0, 0.0, 0.0, 0.0, 0.0, 0.0, 0.0, 0.0, 0.0, 0.0, 0.0, 0.0, 0.0, 0.0, 0.0, 0.0, 0.0, 0.0, 0.0], [0.0, 0.0, 0.0, 0.0, 0.0, 0.0, 0.0, 0.0, 0.0, 0.0, 0.0, 0.0, 0.9663782599344927, 0.0, 0.0, 0.0, 0.0, 0.0, 0.0, 0.0, 0.0, 0.0, 0.0, 0.0, 0.0, 0.0, 0.0, 0.0, 0.0, 0.0, 0.0, 0.0, 0.0, 0.0, 0.0, 0.0, 0.0, 0.0, 0.0, 0.0, 0.0, 0.0], [0.0, 0.0, 0.0, 0.0, 0.0, 0.0, 0.0, 0.0, 0.0, 0.0, 0.0, 0.0, 0.0, 0.9664549800510696, 0.0, 0.0, 0.0, 0.0, 0.0, 0.0, 0.0, 0.0, 0.0, 0.0, 0.0, 0.0, 0.0, 0.0, 0.0, 0.0, 0.0, 0.0, 0.0, 0.0, 0.0, 0.0, 0.0, 0.0, 0.0, 0.0, 0.0, 0.0], [0.0, 0.0, 0.0, 0.0, 0.0, 0.0, 0.0, 0.0, 0.0, 0.0, 0.0, 0.0, 0.0, 0.0, 0.0, 0.9658979961688561, 0.0, 0.0, 0.0, 0.0, 0.0, 0.0, 0.0, 0.0, 0.0, 0.0, 0.0, 0.0, 0.0, 0.0, 0.0, 0.0, 0.0, 0.0, 0.0, 0.0, 0.0, 0.0, 0.0, 0.0, 0.0, 0.0], [0.0, 0.0, 0.0, 0.0, 0.0, 0.0, 0.0, 0.0, 0.0, 0.0, 0.0, 0.0, 0.0, 0.0, 0.0, 0.0, 0.9749033526835609, 0.0, 0.0, 0.0, 0.0, 0.0, 0.0, 0.0, 0.0, 0.0, 0.0, 0.0, 0.0, 0.0, 0.0, 0.0, 0.0, 0.0, 0.0, 0.0, 0.0, 0.0, 0.0, 0.0, 0.0, 0.0], [0.0, 0.0, 0.0, 0.0, 0.0, 0.0, 0.0, 0.0, 0.0, 0.0, 0.0, 0.0, 0.0, 0.0, 0.0, 0.0, 0.9789754829497604, 0.0, 0.0, 0.0, 0.0, 0.0, 0.0, 0.0, 0.0, 0.0, 0.0, 0.0, 0.0, 0.0, 0.0, 0.0, 0.0, 0.0, 0.0, 0.0, 0.0, 0.0, 0.0, 0.0, 0.0, 0.0], [0.0, 0.0, 0.0, 0.0, 0.0, 0.0, 0.0, 0.0, 0.0, 0.0, 0.0, 0.0, 0.0, 0.0, 0.0, 0.0, 0.0, 0.9602110618497341, 0.0, 0.0, 0.0, 0.0, 0.0, 0.0, 0.0, 0.0, 0.0, 0.0, 0.0, 0.0, 0.0, 0.0, 0.0, 0.0, 0.0, 0.0, 0.0, 0.0, 0.0, 0.0, 0.0, 0.0], [0.0, 0.0, 0.0, 0.0, 0.0, 0.0, 0.0, 0.0, 0.0, 0.0, 0.0, 0.0, 0.0, 0.0, 0.0, 0.0, 0.0, 0.9470677773830452, 0.0, 0.0, 0.0, 0.0, 0.0, 0.0, 0.0, 0.0, 0.0, 0.0, 0.0, 0.0, 0.0, 0.0, 0.0, 0.0, 0.0, 0.0, 0.0, 0.0, 0.0, 0.0, 0.0, 0.0]], "Born radii": [], "Atomic SASAs": [], "Solvent H bonds": [], "Total SASA": NaN, "Total FOD": 0.0, "FOD": [0.0, 0.0, 0.0, 0.0, 0.0, 0.0, 0.0, 0.0, 0.0, 0.0, 0.0, 0.0, 0.0, 0.0, 0.0, 0.0, 0.0, 0.0, 0.0, 0.0, 0.0, 0.0, 0.0, 0.0, 0.0, 0.0, 0.0, 0.0, 0.0, 0.0, 0.0, 0.0, 0.0, 0.0, 0.0, 0.0, 0.0, 0.0, 0.0, 0.0, 0.0, 0.0], "FOD s proportion": [0.0, 0.0, 0.0, 0.0, 0.0, 0.0, 0.0, 0.0, 0.0, 0.0, 0.0, 0.0, 0.0, 0.0, 0.0, 0.0, 0.0, 0.0, 0.0, 0.0, 0.0, 0.0, 0.0, 0.0, 0.0, 0.0, 0.0, 0.0, 0.0, 0.0, 0.0, 0.0, 0.0, 0.0, 0.0, 0.0, 0.0, 0.0, 0.0, 0.0, 0.0, 0.0], "FOD p proportion": [0.0, 0.0, 0.0, 0.0, 0.0, 0.0, 0.0, 0.0, 0.0, 0.0, 0.0, 0.0, 0.0, 0.0, 0.0, 0.0, 0.0, 0.0, 0.0, 0.0, 0.0, 0.0, 0.0, 0.0, 0.0, 0.0, 0.0, 0.0, 0.0, 0.0, 0.0, 0.0, 0.0, 0.0, 0.0, 0.0, 0.0, 0.0, 0.0, 0.0, 0.0, 0.0], "FOD d proportion": [0.0, 0.0, 0.0, 0.0, 0.0, 0.0, 0.0, 0.0, 0.0, 0.0, 0.0, 0.0, 0.0, 0.0, 0.0, 0.0, 0.0, 0.0, 0.0, 0.0, 0.0, 0.0, 0.0, 0.0, 0.0, 0.0, 0.0, 0.0, 0.0, 0.0, 0.0, 0.0, 0.0, 0.0, 0.0, 0.0, 0.0, 0.0, 0.0, 0.0, 0.0, 0.0], "coordinates": [["-2.81560", "0.81400", "-1.84180"], ["-2.48200", "-0.21960", "-0.76550"], ["-1.62130", "-1.36440", "-1.32110"], ["-0.14150", "-1.00690", "-1.45780"], ["0.45220", "-0.51880", "-0.12180"], ["-0.35500", "0.71390", "0.35400"], ["0.25290", "1.26110", "1.64790"], ["1.65640", "1.79050", "1.37380"], ["2.50750", "0.83650", "0.57300"], ["3.89390", "1.06550", "0.53880"], ["4.72850", "0.22440", "-0.18290"], ["6.06500", "0.49150", "-0.17530"], ["4.20840", "-0.85570", "-0.87860"], ["2.82990", "-1.08560", "-0.86010"], ["1.95280", "-0.23340", "-0.16280"], ["-1.86400", "0.44170", "0.48870"], ["-2.27850", "-0.48250", "1.64110"], ["-3.73070", "-0.83090", "1.33470"], ["-3.75470", "-0.81440", "-0.17320"], ["-4.69510", "-1.23520", "-0.83610"], ["-3.50660", "1.57470", "-1.46060"], ["-3.30470", "0.34380", "-2.70250"], ["-1.91850", "1.32580", "-2.20370"], ["-2.00650", "-1.68530", "-2.29750"], ["-1.70270", "-2.24880", "-0.67430"], ["0.37510", "-1.90340", "-1.81590"], ["-0.00740", "-0.24220", "-2.23320"], ["0.33460", "-1.32490", "0.61560"], ["-0.24970", "1.49870", "-0.41100"], ["-0.36280", "2.07070", "2.05690"], ["0.29820", "0.47290", "2.41010"], ["1.58680", "2.73370", "0.81720"], ["2.14160", "2.00840", "2.33300"], ["4.32730", "1.90170", "1.08230"], ["6.51470", "-0.17200", "-0.72330"], ["4.85090", "-1.53110", "-1.43410"], ["2.45720", "-1.95440", "-1.39560"], ["-2.36000", "1.40890", "0.66430"], ["-1.67420", "-1.39580", "1.66630"], ["-2.18740", "0.00320", "2.61770"], ["-4.00250", "-1.81410", "1.72440"], ["-4.41270", "-0.06180", "1.70830"]], "bond_dist": [[0.0, 1.529064946298881, 2.5382883090775956, 3.25790478989181, 3.9259741058748716, 3.2994105549325017, 4.668361248875241, 5.59396278232167, 5.845268077684718, 7.123755951743434, 7.746807224915307, 9.041365209966912, 7.283696062439728, 6.036877114866593, 5.162724699226175, 2.544676816415004, 3.754994150461489, 3.6923239660138165, 2.513527666448094, 2.956885757008546, 1.0961108201272354, 1.0959522526095744, 1.0943944718427627, 2.6662343839205134, 3.4615526140736326, 4.191121575425843, 3.025680029348774, 4.531828329714179, 3.0165950241953263, 4.774451216632127, 5.281169686726606, 5.489686225095201, 6.590096982594415, 7.7945155404296935, 9.448689662593434, 8.027511167852712, 5.972064370048267, 2.615724484726937, 4.3003227332375875, 4.575934017225336, 4.586221065321645, 3.9901082767263345], [1.529064946298881, 0.0, 1.5362496183888867, 2.564578099805112, 3.0188408321738334, 2.578532819259821, 3.9365784712107543, 5.0738014407345515, 5.272763953563633, 6.633609975722118, 7.247611262340166, 8.596813842930416, 6.721522668264982, 5.382860463545382, 4.475588092083542, 1.546693030306919, 2.4294551282129087, 2.5186860503048014, 1.5245890003538658, 2.436029418952078, 2.1800187292773425, 2.1785829913042103, 2.184997173911216, 2.1728784457488644, 2.1756099305711953, 3.4787272112081453, 2.87720336611787, 3.326012757041079, 2.839258429590375, 4.207424923869706, 4.277090559013217, 5.270868393348481, 5.99519501017273, 7.3675535301754005, 8.996924890761289, 7.479203207561619, 5.272784244590328, 2.170535484621249, 2.81951033337351, 3.403302989743934, 3.3247484882318545, 3.142004100888476], [2.5382883090775956, 1.5362496183888867, 0.0, 1.5284963787984582, 2.540228749542057, 2.9544553795919817, 4.384157489187632, 5.287645724705845, 5.0476296476663185, 6.30722387901365, 6.6437748848075815, 7.989770343382844, 5.868558939807966, 4.483685078147215, 3.92364762689006, 2.5683217360759145, 3.1597924441330005, 3.433287673644607, 2.4842644726357133, 3.1145086418245818, 3.494585118436808, 2.767679309457655, 2.8468380073337505, 1.0975941007494527, 1.0986990306721856, 2.1262551587239007, 2.1670100276648467, 2.7528007465125404, 3.302561154619245, 4.97941947017923, 4.580611856510001, 5.626602537055554, 6.235995755290409, 7.199276542125604, 8.244615127463502, 6.47533248026694, 4.121627409167402, 3.4897970915226573, 2.9880333214340165, 4.2077243742906925, 3.8919678544407326, 4.320410290701568], [3.25790478989181, 2.564578099805112, 1.5284963787984582, 0.0, 1.5413037662965727, 2.507858474874529, 3.86584374360889, 4.3675908382081765, 3.8130661153460217, 4.956380380882807, 5.182506121559337, 6.512346048852135, 4.390895590878927, 3.0319394683931273, 2.5809726344926633, 2.975619340574328, 3.800650677186737, 4.550976696270813, 3.8395921202648595, 4.60151113657242, 4.24129277579372, 3.6578002706544814, 3.0258197401695957, 2.154889243093482, 2.1432529715364916, 1.0949079504688968, 1.0972666312250638, 2.150995762431902, 2.7176329479898493, 4.676933989271177, 4.164588159710393, 4.7068815844463305, 5.354880422567809, 5.906118472397925, 6.748447725218, 5.019900904400405, 2.7667429913166854, 3.90655094680717, 3.501487299705655, 4.670728965589847, 5.06806567439689, 5.400051171979762], [3.9259741058748716, 3.0188408321738334, 2.540228749542057, 1.5413037662965727, 0.0, 1.5483884428656782, 2.517856745329249, 3.0032954383476826, 2.558093669121598, 3.8459976261043116, 4.340831848851093, 5.703252771883778, 3.846464128261175, 2.5533911607899014, 1.5280492531328957, 2.5807078370090637, 3.250516357442306, 4.440208448935703, 4.21758567547833, 5.245774560539178, 4.674101531845452, 4.638791745702754, 3.654733267969087, 3.4841926511029784, 2.818111115623371, 2.1893004316447753, 2.178474163261984, 1.0988110529112818, 2.155598872703361, 3.480871864921201, 2.723545942333266, 3.570405356538666, 3.9072823343085923, 4.724942017633656, 6.102129033378432, 4.700579141978145, 2.775524959354536, 3.4989211680173646, 2.9134185367022014, 3.839900052084689, 4.99305604014215, 5.2177933094364715], [3.2994105549325017, 2.578532819259821, 2.9544553795919817, 2.507858474874529, 1.5483884428656782, 0.0, 1.5307342878501153, 2.4989576947199406, 2.873481861783714, 4.267426016933393, 5.135157651912938, 6.445620237804892, 4.9807194741322265, 3.854325760752456, 2.547626418845589, 1.5392588898557644, 2.605350575258539, 3.8397304618944283, 3.7645186704278677, 4.904263128136581, 3.7371556510265935, 4.263788966400659, 3.0595396957712446, 3.9387898065268727, 3.413398229038036, 3.4773224340000457, 2.78002820309435, 2.16810704532779, 1.1010105040370866, 2.177345973886557, 2.170782911762482, 2.8398474466069477, 3.438776353588584, 4.885204501348945, 7.0098624943717684, 5.944638039443612, 4.253162810191963, 2.144606278550914, 2.813050660759596, 2.997852888318571, 4.644678289182147, 4.347501382403461], [4.668361248875241, 3.9365784712107543, 4.384157489187632, 3.86584374360889, 2.517856745329249, 1.5307342878501153, 0.0, 1.5248630823782183, 2.5335580376221896, 3.811199702193523, 4.945459623735695, 6.139775957638845, 5.148788667249803, 4.2939485197193505, 2.898590131425966, 2.5488088610172404, 3.0737880798779864, 4.510391025177307, 4.866719965233258, 6.073258901940539, 4.8882468697888, 5.694202069649443, 4.421988988000762, 5.4177802170261575, 4.64073078404684, 4.693282809505518, 4.17020433432224, 2.7856263532641994, 2.13263445766029, 1.0962753531845912, 1.0973878849340375, 2.1535789885676353, 2.143596741460483, 4.163052615569494, 6.847372071824344, 6.199734578189617, 4.945833700196561, 2.7958111899768907, 3.282250840505643, 2.911681393971531, 5.2508224546255615, 4.849900610321825], [5.59396278232167, 5.0738014407345515, 5.287645724705845, 4.3675908382081765, 3.0032954383476826, 2.4989576947199406, 1.5248630823782183, 0.0, 1.5085648312220457, 2.4958478018501045, 3.7833559851010587, 4.850037708100835, 4.311424845686168, 3.8261420086034446, 2.5583517604113784, 3.872451369610728, 4.552078239661529, 5.991169600336816, 6.201509188899102, 7.374284422911826, 5.893807088800922, 6.581920372505277, 5.078815053730545, 6.243113465251132, 5.638635553926145, 5.0458708851891965, 4.462123791424887, 3.4681031760892007, 2.627522690672718, 2.149954950690828, 2.1574741458474076, 1.097394168018037, 1.0967971963859138, 2.6890601518002533, 5.643785391915607, 5.396495086627987, 4.7260060315238706, 4.096398145932595, 4.618545257978966, 4.4177513442927046, 6.71857207522551, 6.354280474609222], [5.845268077684718, 5.272763953563633, 5.0476296476663185, 3.8130661153460217, 2.558093669121598, 2.873481861783714, 2.5335580376221896, 1.5085648312220457, 0.0, 1.4056015082518944, 2.4246426994507875, 3.65168237118181, 2.804236832009736, 2.419129136693616, 1.4120126557506487, 4.390100884945585, 5.078030583799195, 6.501965002212793, 6.519005605918743, 7.625939316569468, 6.391390068678331, 6.689792401861212, 5.247756985608232, 5.914003845957491, 5.366620670403304, 4.214383107881864, 3.9195757602067087, 3.0651197578561264, 3.001485745426754, 3.458877121263489, 2.8962299390759703, 2.1228965989892203, 2.145887326958245, 2.1692647533208116, 4.33071792893511, 3.8891520579684205, 3.415704738410508, 4.901890829057701, 4.864677077669184, 5.188185905497218, 7.122605023444723, 7.070008275808451], [7.123755951743434, 6.633609975722118, 6.30722387901365, 4.956380380882807, 3.8459976261043116, 4.267426016933393, 3.811199702193523, 2.4958478018501045, 1.4056015082518944, 0.0, 1.3873922516721797, 2.356499526840606, 2.408099343880979, 2.777813604257852, 2.4386990343213735, 5.791808772741034, 6.45831952213577, 7.897108010531451, 7.908353176863057, 8.997471394786427, 7.682726420353649, 7.927592228413366, 6.432189059721426, 7.101142055331662, 6.6165041872578, 5.171163576991159, 4.961270500587526, 4.288184568089391, 4.273078894661319, 4.629746163668155, 4.096583569268422, 2.8606132576774512, 2.679322552437463, 1.0874089617066802, 3.161154108865938, 3.3986048564079936, 3.863393101924783, 6.2645781198736765, 6.191364272113215, 6.514024577018419, 8.488278770163006, 8.463931657332779], [7.746807224915307, 7.247611262340166, 6.6437748848075815, 5.182506121559337, 4.340831848851093, 5.135157651912938, 4.945459623735695, 3.7833559851010587, 2.4246426994507875, 1.3873922516721797, 0.0, 1.3629498963644995, 1.3860441948220845, 2.404034483945686, 2.8132712880204074, 6.630182659625601, 7.274938667095415, 8.658800869058025, 8.546571345867301, 9.558312579111442, 8.442315996810354, 8.419913465113522, 7.034154078494443, 7.3129140737465255, 6.907859700370297, 5.113346594941516, 5.181717327296038, 4.726974714338971, 5.14376762111198, 5.860619712965516, 5.139353980803425, 4.14331574828663, 4.025476421493487, 2.138931455189717, 1.9077933745560602, 2.1592275123293514, 3.3729237198608573, 7.236547542854949, 6.85850974848035, 7.464714502913022, 9.166440778186484, 9.339169412747582], [9.041365209966912, 8.596813842930416, 7.989770343382844, 6.512346048852135, 5.703252771883778, 6.445620237804892, 6.139775957638845, 4.850037708100835, 3.65168237118181, 2.356499526840606, 1.3629498963644995, 0.0, 2.3992795356106384, 3.6636139889458885, 4.17562272002632, 7.956910018342548, 8.594299111038668, 9.999228982776623, 9.90615401202707, 10.917779148709688, 9.718067960762571, 9.705659854950616, 8.279295579939154, 8.625039323388618, 8.251994206250997, 6.38765030194985, 6.453472697703152, 6.063193542185504, 6.3988625879917125, 6.985213119153918, 6.319859283243575, 5.105564839466834, 4.8975118233650035, 2.567065073191562, 0.9709615543367307, 2.6738599458460794, 4.526342865934926, 8.516288858417147, 8.176099833661524, 8.72590348617265, 10.50139075075297, 10.660032229782422], [7.283696062439728, 6.721522668264982, 5.868558939807966, 4.390895590878927, 3.846464128261175, 4.9807194741322265, 5.148788667249803, 4.311424845686168, 2.804236832009736, 2.408099343880979, 1.3860441948220845, 2.3992795356106384, 0.0, 1.3976618010091, 2.4469079038656116, 6.358207122294775, 6.969077266037449, 8.24188211150827, 7.994389061085282, 8.911685516780762, 8.10967281460849, 7.823815122432277, 6.637298838382976, 6.4285686882851305, 6.076476718461119, 4.082939562374149, 4.470379519682864, 4.178409831502889, 5.063250411543952, 6.170643941275498, 5.279241393420081, 4.757343435153699, 4.773793628761093, 3.385634472296146, 2.4105151876725444, 1.0851505241209625, 2.130993226174124, 7.1170803093684425, 6.432200772674933, 7.3394877573302075, 8.666776700134832, 9.03580068560612], [6.036877114866593, 5.382860463545382, 4.483685078147215, 3.0319394683931273, 2.5533911607899014, 3.854325760752456, 4.2939485197193505, 3.8261420086034446, 2.419129136693616, 2.777813604257852, 2.404034483945686, 3.6636139889458885, 1.3976618010091, 0.0, 1.4077558524119156, 5.117089401212373, 5.719744890290126, 6.9226795021869965, 6.625883956877, 7.526525171684474, 6.898480165224801, 6.5628453646265354, 5.492487003170786, 5.080996340286026, 4.683163315537907, 2.7583316551857933, 3.2629738675018527, 2.9088618169311515, 4.04527297719202, 5.3539193101876315, 4.419574094864799, 4.352664171516107, 4.499164422423346, 3.865111358033556, 3.7988327470421757, 2.1476469099924227, 1.0864984951669283, 5.956625522894653, 5.173571088716187, 6.201119057879795, 7.341119959515714, 7.752425411443827], [5.162724699226175, 4.475588092083542, 3.92364762689006, 2.5809726344926633, 1.5280492531328957, 2.547626418845589, 2.898590131425966, 2.5583517604113784, 1.4120126557506487, 2.4386990343213735, 2.8132712880204074, 4.17562272002632, 2.4469079038656116, 1.4077558524119156, 0.0, 3.930416580974592, 4.606517742286466, 5.907764784586468, 5.737004916330473, 6.756590156284455, 5.89563896537093, 5.867243149895869, 4.6457874617765285, 4.72662820517967, 4.205490418488669, 2.830331588347909, 2.8511432163256902, 2.101392407428941, 2.812966387996842, 3.949423788351916, 3.139486464375981, 3.1461148119545794, 3.360108676813891, 3.4274153920994173, 4.596614169146678, 3.4204111726516158, 2.1762481935661655, 4.688441909632666, 4.225152017383516, 4.992836453359954, 6.444046432172878, 6.637021321345894], [2.544676816415004, 1.546693030306919, 2.5683217360759145, 2.975619340574328, 2.5807078370090637, 1.5392588898557644, 2.5488088610172404, 3.872451369610728, 4.390100884945585, 5.791808772741034, 6.630182659625601, 7.956910018342548, 6.358207122294775, 5.117089401212373, 3.930416580974592, 0.0, 1.5342690930863465, 2.412425263091066, 2.364454548093492, 3.5471419283699377, 2.789550904715668, 3.502707287227981, 2.8343642708727472, 3.508182676258464, 2.935536908301444, 3.9779698314592586, 3.3650293282525787, 2.8232642685373963, 2.1290076514658183, 2.714128530486351, 2.8927254000336777, 4.155622322829638, 4.679831486282386, 6.3887523547246685, 8.488120250090711, 7.258028774398735, 5.288161413950977, 1.1010573100433962, 2.1907012690004084, 2.197614800186784, 3.344961939992741, 2.869983989502381], [3.754994150461489, 2.4294551282129087, 3.1597924441330005, 3.800650677186737, 3.250516357442306, 2.605350575258539, 3.0737880798779864, 4.552078239661529, 5.078030583799195, 6.45831952213577, 7.274938667095415, 8.594299111038668, 6.969077266037449, 5.719744890290126, 4.606517742286466, 1.5342690930863465, 0.0, 1.5245157788622588, 2.36241582707194, 3.541614418595, 3.9192913058357886, 4.539021820833208, 4.264039860273353, 4.127139663253474, 2.9685751615884683, 4.583819234001271, 4.497314731036733, 2.9307984611706073, 3.5003281689007393, 3.2189480222582034, 2.853687623058978, 5.095419289911283, 5.120604693783733, 7.045087701370367, 9.110826738007919, 7.834842778256626, 5.815057264550367, 2.1302991456600644, 1.095413355770323, 1.0945095979478665, 2.1799709745774143, 2.1763074162443137], [3.6923239660138165, 2.5186860503048014, 3.433287673644607, 4.550976696270813, 4.440208448935703, 3.8397304618944283, 4.510391025177307, 5.991169600336816, 6.501965002212793, 7.897108010531451, 8.658800869058025, 9.999228982776623, 8.24188211150827, 6.9226795021869965, 5.907764784586468, 2.412425263091066, 1.5245157788622588, 0.0, 1.5081812424241328, 2.4095432118972258, 3.6947035415578338, 4.226154271911994, 4.5227976176256215, 4.110443022351727, 3.1873665321076583, 5.2852748509420024, 5.190321858035396, 4.157860615749403, 4.537826092965662, 4.50373243099543, 4.369029046596051, 6.422615172964981, 6.598646427109123, 8.51247158703041, 10.47080390275742, 9.044356916884693, 6.856157579140083, 2.7101584252585678, 2.1583009104385793, 2.1733813977302745, 1.091981487938326, 1.093716494343941], [2.513527666448094, 1.5245890003538658, 2.4842644726357133, 3.8395921202648595, 4.21758567547833, 3.7645186704278677, 4.866719965233258, 6.201509188899102, 6.519005605918743, 7.908353176863057, 8.546571345867301, 9.90615401202707, 7.994389061085282, 6.625883956877, 5.737004916330473, 2.364454548093492, 2.36241582707194, 1.5081812424241328, 0.0, 1.225096408451188, 2.7252066306979366, 2.818028695737501, 3.474912478034519, 2.885709711665399, 2.5532936709278076, 4.575984301765032, 4.3143099251212815, 4.195853927390704, 4.20618656861533, 4.980174056195225, 4.975598314775822, 6.488569027143042, 7.001113623560183, 8.618132248927258, 10.304167318614349, 8.726962762611057, 6.432850330141375, 2.754933253274932, 2.837299148838557, 3.303637670810769, 2.159094877489176, 2.130589826785062], [2.956885757008546, 2.436029418952078, 3.1145086418245818, 4.6015111365