{"total energy": -33.54057584, "HOMO-LUMO gap/eV": 11.7051867, "electronic energy": -33.97649047, "dipole": [0.02158039, 0.58124234, 0.37322571], "partial charges": [-0.09965384, -0.05145601, -0.05717654, -0.05819109, -0.0581964, -0.05829926, -0.06042352, -0.06298791, 0.0863237, -0.44690612, 0.03290452, 0.02984917, 0.03360002, 0.02713353, 0.02884584, 0.02654916, 0.02966856, 0.02976644, 0.03329918, 0.02847891, 0.02900764, 0.03237913, 0.03227904, 0.03025824, 0.03024159, 0.04755096, 0.0475489, 0.01689835, 0.01690214, 0.28380567], "atomic dipole moments": [[-0.02310679, 0.00591173, 0.09872166], [-0.0643384, 0.04255528, -0.08043818], [0.00228625, -0.09543915, -0.05355177], [-0.00651919, 0.09415492, 0.06227696], [-0.00199767, -0.09138312, -0.05996676], [-0.01102732, 0.09518348, 0.06145251], [-0.00655996, -0.09220524, -0.060614], [-0.01691193, 0.11135499, 0.07147679], [-0.09617097, -0.13755977, -0.09676891], [0.07558637, 0.19043667, 0.12978652], [0.00522324, 0.11367676, -0.05464629], [0.11228962, -0.05207018, -0.01272474], [-0.08028198, -0.07273997, -0.0645822], [0.08990553, 0.05638017, 0.0576584], [-0.00206823, -0.11392051, 0.04872116], [-0.00889566, 0.01471795, 0.12042744], [0.0069139, 0.11599665, -0.04402623], [-0.00431876, -0.11704236, 0.04192212], [0.00556632, -0.00839853, -0.12404791], [-0.00803106, 0.00903267, 0.12329251], [0.00401261, 0.11677287, -0.04148967], [-0.00362271, -0.11711184, 0.04163897], [0.00829005, -0.00911096, -0.12365207], [0.00394784, 0.11653143, -0.04146229], [-0.00793045, 0.00904677, 0.12317067], [0.00613043, -0.01415199, -0.12523736], [-0.0056083, -0.12038149, 0.03745906], [-0.00972625, 0.10714695, -0.0474336], [-0.02152662, 0.00068782, 0.11558882], [-0.05676598, 0.0474272, 0.02685507]], "atomic quadrupole moments": [[-0.08443915, -0.01447148, -0.12321303, -0.07441126, 0.01703095, 0.20765218], [0.03650852, -0.13737594, -0.13955013, -0.10693732, 0.04636066, 0.10304161], [0.22155768, -0.02211166, -0.06418024, 0.04135393, 0.0942479, -0.15737744], [0.22567501, -0.01383515, -0.06029706, 0.02050384, 0.11805719, -0.16537795], [0.23184188, -0.00751131, -0.0678246, 0.02991631, 0.11494674, -0.16401728], [0.23690696, -0.01512302, -0.06805766, 0.02497972, 0.11568192, -0.1688493], [0.2340207, -0.00158319, -0.06874914, 0.03325379, 0.11241925, -0.16527155], [0.25778474, -0.02844138, -0.07802637, 0.01847641, 0.11373274, -0.17975837], [0.31203755, 0.16781069, -0.08466651, 0.15867566, 0.19662273, -0.22737104], [0.07875383, 0.09120552, -0.01028426, 0.07453967, 0.08383279, -0.06846957], [-0.05281295, -0.00236089, 0.06967338, -0.00260377, -0.03446338, -0.01686043], [0.05799705, -0.05270616, -0.03144728, -0.00335692, 0.00388942, -0.02654976], [0.02232932, 0.05599943, -0.0120525, 0.03030706, 0.02458022, -0.01027682], [0.02413486, 0.03379766, -0.01413691, 0.01352108, 0.03443545, -0.00999795], [-0.03293588, 0.01019182, 0.04927053, -0.01862138, -0.02177672, -0.01633465], [-0.0100864, -0.00027122, -0.04686534, -0.01117874, 0.00072447, 0.05695174], [-0.01696848, 0.00660288, 0.0315634, 0.00317169, -0.04484381, -0.01459492], [-0.02031596, 0.00236582, 0.03759948, -0.00032669, -0.03907028, -0.01728352], [-0.01801138, 0.00015835, -0.03713392, -0.00860903, -0.00508415, 0.0551453], [-0.0194331, 4.78e-05, -0.03690976, -0.00553429, -0.00607562, 0.05634287], [-0.02017343, 0.0029235, 0.03704913, -0.00050875, -0.03872938, -0.0168757], [-0.01968415, 0.00344707, 0.03681155, -0.00051902, -0.03850299, -0.0171274], [-0.01946354, 0.00038457, -0.03693128, -0.00478067, -0.00601452, 0.05639482], [-0.02035689, 0.00281053, 0.03723229, -0.00048224, -0.03870531, -0.01687539], [-0.0200045, 0.00023679, -0.03669201, -0.00548976, -0.00611345, 0.05669651], [-0.02470652, -0.00029982, -0.03344394, -0.00679237, -0.0101625, 0.05815045], [-0.02507487, 0.00184906, 0.03612318, -0.0016602, -0.04084219, -0.01104831], [-0.00759064, 0.01469258, 0.03177584, 0.00705318, -0.02876045, -0.0241852], [-0.00772023, 0.01028697, -0.03780986, 0.00541466, 0.00178614, 0.04553009], [0.08724593, -0.07261885, -0.01962328, -0.03437659, 0.04262155, -0.06762265]], "number of molecular orbitals": 60, "number of electrons": 62, "number of unpaired electrons": 0, "orbital energies/eV": [-18.59755074, -17.13790024, -16.94220194, -16.79499912, -16.4836711, -16.05655658, -15.65343511, -15.52826477, -15.13268311, -15.02715146, -14.83493336, -14.5268505, -14.11209587, -13.90475252, -13.69988477, -13.67575423, -13.34544637, -13.07530253, -12.88081822, -12.77849647, -12.50955624, -12.26584094, -12.15005408, -11.965791, -11.86072546, -11.76620259, -11.53926337, -11.4875229, -11.36998067, -11.25710769, -11.06744215, 0.63774455, 1.77436856, 2.5767859, 2.77002663, 2.83045693, 3.07092446, 3.33562396, 3.51732979, 3.63265138, 3.73215093, 3.91730341, 4.05141633, 4.32051231, 4.52345941, 4.725926, 5.02607791, 5.24829316, 5.50502806, 5.6784129, 6.07093741, 6.32858876, 6.54889495, 6.90217727, 7.10956231, 7.29572407, 7.3957003, 7.95600023, 8.05336919, 8.52499278], "fractional occupation": [2.0, 2.0, 2.0, 2.0, 2.0, 2.0, 2.0, 2.0, 2.0, 2.0, 2.0, 2.0, 2.0, 2.0, 2.0, 2.0, 2.0, 2.0, 2.0, 2.0, 2.0, 2.0, 2.0, 2.0, 2.0, 2.0, 2.0, 2.0, 2.0, 2.0, 2.0, 0.0, 0.0, 0.0, 0.0, 0.0, 0.0, 0.0, 0.0, 0.0, 0.0, 0.0, 0.0, 0.0, 0.0, 0.0, 0.0, 0.0, 0.0, 0.0, 0.0, 0.0, 0.0, 0.0, 0.0, 0.0, 0.0, 0.0, 0.0, 0.0], "program call": "xtb /home/svss/Project-DBcg-Debug/aqme2_20220329/End-to-End-workflows-final/example-3/QDESCP/mol_614_rdkit_conf_3/mol_614_rdkit_conf_3.xyz --pop --wbo --acc 0.2 --gfn 2 --chrg 0 --uhf 0 --etemp 300 --input /home/svss/Project-DBcg-Debug/aqme2_20220329/End-to-End-workflows-final/example-3/QDESCP/mol_614_rdkit_conf_3/mol_614_rdkit_conf_3_xtb.inp", "method": "GFN2-xTB", "xtb version": "6.3.3 (7355c4f)", "Dipole module/D": 1.757, "Total charge": 0, "Transition dipole module/D": NaN, "HOMO": -11.0674, "LUMO": 0.6377, "HOMO occupancy": 2.0, "LUMO occupancy": 0, "mulliken charges": [-0.08494, -0.03872, -0.04683, -0.04641, -0.04557, -0.04397, -0.05037, -0.0534, 0.19973, -0.56935, 0.02685, 0.02801, 0.02696, 0.02311, 0.02246, 0.02305, 0.02274, 0.02312, 0.0237, 0.02215, 0.02237, 0.02444, 0.02443, 0.02154, 0.02154, 0.03674, 0.03673, 0.00747, 0.00747, 0.33496], "cm5 charges": [-0.23539, -0.15111, -0.15733, -0.15721, -0.15634, -0.15466, -0.16074, -0.16059, 0.11261, -0.78321, 0.07826, 0.07878, 0.07871, 0.07733, 0.07706, 0.07795, 0.07793, 0.07857, 0.07966, 0.07748, 0.07772, 0.0798, 0.07979, 0.07696, 0.07697, 0.09397, 0.09396, 0.06999, 0.06999, 0.50309], "FUKUI+": [0.013, -0.006, -0.014, -0.013, -0.015, -0.011, -0.019, -0.008, -0.014, -0.095, -0.018, -0.03, -0.009, -0.043, -0.027, -0.032, -0.033, -0.036, -0.036, -0.039, -0.039, -0.041, -0.041, -0.044, -0.044, -0.046, -0.047, -0.059, -0.059, -0.098], "FUKUI-": [0.015, 0.005, 0.005, -0.001, 0.006, 0.005, 0.01, 0.009, 0.017, -0.093, -0.04, -0.049, -0.061, -0.089, -0.048, -0.042, -0.037, -0.039, -0.048, -0.047, -0.039, -0.031, -0.031, -0.032, -0.033, -0.052, -0.053, -0.08, -0.08, -0.045], "FUKUIrad": [0.014, -0.0, -0.004, -0.007, -0.005, -0.003, -0.005, 0.0, 0.001, -0.094, -0.029, -0.039, -0.035, -0.066, -0.038, -0.037, -0.035, -0.038, -0.042, -0.043, -0.039, -0.036, -0.036, -0.038, -0.038, -0.049, -0.05, -0.069, -0.07, -0.072], "s proportion": [1.007, 1.027, 1.032, 1.032, 1.033, 1.032, 1.032, 1.033, 0.991, 1.695, 0.973, 0.972, 0.973, 0.977, 0.978, 0.977, 0.977, 0.977, 0.976, 0.978, 0.978, 0.976, 0.976, 0.978, 0.978, 0.963, 0.963, 0.993, 0.993, 0.665], "p proportion": [3.078, 3.012, 3.015, 3.015, 3.013, 3.012, 3.018, 3.02, 2.809, 4.874, 0.0, 0.0, 0.0, 0.0, 0.0, 0.0, 0.0, 0.0, 0.0, 0.0, 0.0, 0.0, 0.0, 0.0, 0.0, 0.0, 0.0, 0.0, 0.0, 0.0], "d proportion": [0.0, 0.0, 0.0, 0.0, 0.0, 0.0, 0.0, 0.0, 0.0, 0.0, 0.0, 0.0, 0.0, 0.0, 0.0, 0.0, 0.0, 0.0, 0.0, 0.0, 0.0, 0.0, 0.0, 0.0, 0.0, 0.0, 0.0, 0.0, 0.0, 0.0], "Fermi-level/eV": -5.2148, "Coordination numbers": [3.749, 3.799, 3.801, 3.801, 3.802, 3.802, 3.802, 3.801, 3.675, 1.653, 0.924, 0.924, 0.924, 0.924, 0.924, 0.924, 0.924, 0.924, 0.924, 0.924, 0.924, 0.924, 0.924, 0.924, 0.924, 0.924, 0.924, 0.924, 0.924, 0.804], "Dispersion coefficient C6": [22.468, 21.499, 21.603, 21.621, 21.62, 21.622, 21.661, 21.71, 19.365, 21.782, 2.546, 2.589, 2.536, 2.628, 2.603, 2.636, 2.591, 2.59, 2.54, 2.608, 2.601, 2.553, 2.554, 2.583, 2.583, 2.351, 2.351, 2.781, 2.781, 0.772], "Total dispersion C6": 6020.74615, "Total dispersion C8": 125097.388737, "Polarizability alpha": [6.76, 6.602, 6.617, 6.62, 6.62, 6.62, 6.626, 6.634, 6.306, 6.3, 2.495, 2.516, 2.49, 2.535, 2.523, 2.539, 2.517, 2.517, 2.492, 2.526, 2.522, 2.499, 2.499, 2.513, 2.513, 2.398, 2.398, 2.608, 2.608, 1.38], "Total polarizability alpha": 114.795581, "Wiberg matrix": [[0.0, 1.0210068889752404, 0.0, 0.0, 0.0, 0.0, 0.0, 0.0, 0.0, 0.0, 0.9874168148479062, 0.9873572418566399, 0.9861097877553073, 0.0, 0.0, 0.0, 0.0, 0.0, 0.0, 0.0, 0.0, 0.0, 0.0, 0.0, 0.0, 0.0, 0.0, 0.0, 0.0, 0.0], [1.0210068889752404, 0.0, 1.006879817151517, 0.0, 0.0, 0.0, 0.0, 0.0, 0.0, 0.0, 0.0, 0.0, 0.0, 0.9781525468606646, 0.9778580424937873, 0.0, 0.0, 0.0, 0.0, 0.0, 0.0, 0.0, 0.0, 0.0, 0.0, 0.0, 0.0, 0.0, 0.0, 0.0], [0.0, 1.006879817151517, 0.0, 1.0079055414117986, 0.0, 0.0, 0.0, 0.0, 0.0, 0.0, 0.0, 0.0, 0.0, 0.0, 0.0, 0.9772347590968535, 0.9771935347561492, 0.0, 0.0, 0.0, 0.0, 0.0, 0.0, 0.0, 0.0, 0.0, 0.0, 0.0, 0.0, 0.0], [0.0, 0.0, 1.0079055414117986, 0.0, 1.006653080536579, 0.0, 0.0, 0.0, 0.0, 0.0, 0.0, 0.0, 0.0, 0.0, 0.0, 0.0, 0.0, 0.9772003701463216, 0.9755704653030831, 0.0, 0.0, 0.0, 0.0, 0.0, 0.0, 0.0, 0.0, 0.0, 0.0, 0.0], [0.0, 0.0, 0.0, 1.006653080536579, 0.0, 1.007008868939192, 0.0, 0.0, 0.0, 0.0, 0.0, 0.0, 0.0, 0.0, 0.0, 0.0, 0.0, 0.0, 0.0, 0.9771892257454766, 0.977364858429321, 0.0, 0.0, 0.0, 0.0, 0.0, 0.0, 0.0, 0.0, 0.0], [0.0, 0.0, 0.0, 0.0, 1.007008868939192, 0.0, 1.0070989733898006, 0.0, 0.0, 0.0, 0.0, 0.0, 0.0, 0.0, 0.0, 0.0, 0.0, 0.0, 0.0, 0.0, 0.0, 0.9771059612564889, 0.9770882281565079, 0.0, 0.0, 0.0, 0.0, 0.0, 0.0, 0.0], [0.0, 0.0, 0.0, 0.0, 0.0, 1.0070989733898006, 0.0, 1.0067039172008783, 0.0, 0.0, 0.0, 0.0, 0.0, 0.0, 0.0, 0.0, 0.0, 0.0, 0.0, 0.0, 0.0, 0.0, 0.0, 0.9770448415747313, 0.9770503862426543, 0.0, 0.0, 0.0, 0.0, 0.0], [0.0, 0.0, 0.0, 0.0, 0.0, 0.0, 1.0067039172008783, 0.0, 1.0063114438409493, 0.0, 0.0, 0.0, 0.0, 0.0, 0.0, 0.0, 0.0, 0.0, 0.0, 0.0, 0.0, 0.0, 0.0, 0.0, 0.0, 0.9751442338960743, 0.9751424330021786, 0.0, 0.0, 0.0], [0.0, 0.0, 0.0, 0.0, 0.0, 0.0, 0.0, 1.0063114438409493, 0.0, 0.9884336484900147, 0.0, 0.0, 0.0, 0.0, 0.0, 0.0, 0.0, 0.0, 0.0, 0.0, 0.0, 0.0, 0.0, 0.0, 0.0, 0.0, 0.0, 0.9734890016878641, 0.9734940962397862, 0.0], [0.0, 0.0, 0.0, 0.0, 0.0, 0.0, 0.0, 0.0, 0.9884336484900147, 0.0, 0.0, 0.0, 0.0, 0.0, 0.0, 0.0, 0.0, 0.0, 0.0, 0.0, 0.0, 0.0, 0.0, 0.0, 0.0, 0.0, 0.0, 0.0, 0.0, 0.9066568633224881], [0.9874168148479062, 0.0, 0.0, 0.0, 0.0, 0.0, 0.0, 0.0, 0.0, 0.0, 0.0, 0.0, 0.0, 0.0, 0.0, 0.0, 0.0, 0.0, 0.0, 0.0, 0.0, 0.0, 0.0, 0.0, 0.0, 0.0, 0.0, 0.0, 0.0, 0.0], [0.9873572418566399, 0.0, 0.0, 0.0, 0.0, 0.0, 0.0, 0.0, 0.0, 0.0, 0.0, 0.0, 0.0, 0.0, 0.0, 0.0, 0.0, 0.0, 0.0, 0.0, 0.0, 0.0, 0.0, 0.0, 0.0, 0.0, 0.0, 0.0, 0.0, 0.0], [0.9861097877553073, 0.0, 0.0, 0.0, 0.0, 0.0, 0.0, 0.0, 0.0, 0.0, 0.0, 0.0, 0.0, 0.0, 0.0, 0.0, 0.0, 0.0, 0.0, 0.0, 0.0, 0.0, 0.0, 0.0, 0.0, 0.0, 0.0, 0.0, 0.0, 0.0], [0.0, 0.9781525468606646, 0.0, 0.0, 0.0, 0.0, 0.0, 0.0, 0.0, 0.0, 0.0, 0.0, 0.0, 0.0, 0.0, 0.0, 0.0, 0.0, 0.0, 0.0, 0.0, 0.0, 0.0, 0.0, 0.0, 0.0, 0.0, 0.0, 0.0, 0.0], [0.0, 0.9778580424937873, 0.0, 0.0, 0.0, 0.0, 0.0, 0.0, 0.0, 0.0, 0.0, 0.0, 0.0, 0.0, 0.0, 0.0, 0.0, 0.0, 0.0, 0.0, 0.0, 0.0, 0.0, 0.0, 0.0, 0.0, 0.0, 0.0, 0.0, 0.0], [0.0, 0.0, 0.9772347590968535, 0.0, 0.0, 0.0, 0.0, 0.0, 0.0, 0.0, 0.0, 0.0, 0.0, 0.0, 0.0, 0.0, 0.0, 0.0, 0.0, 0.0, 0.0, 0.0, 0.0, 0.0, 0.0, 0.0, 0.0, 0.0, 0.0, 0.0], [0.0, 0.0, 0.9771935347561492, 0.0, 0.0, 0.0, 0.0, 0.0, 0.0, 0.0, 0.0, 0.0, 0.0, 0.0, 0.0, 0.0, 0.0, 0.0, 0.0, 0.0, 0.0, 0.0, 0.0, 0.0, 0.0, 0.0, 0.0, 0.0, 0.0, 0.0], [0.0, 0.0, 0.0, 0.9772003701463216, 0.0, 0.0, 0.0, 0.0, 0.0, 0.0, 0.0, 0.0, 0.0, 0.0, 0.0, 0.0, 0.0, 0.0, 0.0, 0.0, 0.0, 0.0, 0.0, 0.0, 0.0, 0.0, 0.0, 0.0, 0.0, 0.0], [0.0, 0.0, 0.0, 0.9755704653030831, 0.0, 0.0, 0.0, 0.0, 0.0, 0.0, 0.0, 0.0, 0.0, 0.0, 0.0, 0.0, 0.0, 0.0, 0.0, 0.0, 0.0, 0.0, 0.0, 0.0, 0.0, 0.0, 0.0, 0.0, 0.0, 0.0], [0.0, 0.0, 0.0, 0.0, 0.9771892257454766, 0.0, 0.0, 0.0, 0.0, 0.0, 0.0, 0.0, 0.0, 0.0, 0.0, 0.0, 0.0, 0.0, 0.0, 0.0, 0.0, 0.0, 0.0, 0.0, 0.0, 0.0, 0.0, 0.0, 0.0, 0.0], [0.0, 0.0, 0.0, 0.0, 0.977364858429321, 0.0, 0.0, 0.0, 0.0, 0.0, 0.0, 0.0, 0.0, 0.0, 0.0, 0.0, 0.0, 0.0, 0.0, 0.0, 0.0, 0.0, 0.0, 0.0, 0.0, 0.0, 0.0, 0.0, 0.0, 0.0], [0.0, 0.0, 0.0, 0.0, 0.0, 0.9771059612564889, 0.0, 0.0, 0.0, 0.0, 0.0, 0.0, 0.0, 0.0, 0.0, 0.0, 0.0, 0.0, 0.0, 0.0, 0.0, 0.0, 0.0, 0.0, 0.0, 0.0, 0.0, 0.0, 0.0, 0.0], [0.0, 0.0, 0.0, 0.0, 0.0, 0.9770882281565079, 0.0, 0.0, 0.0, 0.0, 0.0, 0.0, 0.0, 0.0, 0.0, 0.0, 0.0, 0.0, 0.0, 0.0, 0.0, 0.0, 0.0, 0.0, 0.0, 0.0, 0.0, 0.0, 0.0, 0.0], [0.0, 0.0, 0.0, 0.0, 0.0, 0.0, 0.9770448415747313, 0.0, 0.0, 0.0, 0.0, 0.0, 0.0, 0.0, 0.0, 0.0, 0.0, 0.0, 0.0, 0.0, 0.0, 0.0, 0.0, 0.0, 0.0, 0.0, 0.0, 0.0, 0.0, 0.0], [0.0, 0.0, 0.0, 0.0, 0.0, 0.0, 0.9770503862426543, 0.0, 0.0, 0.0, 0.0, 0.0, 0.0, 0.0, 0.0, 0.0, 0.0, 0.0, 0.0, 0.0, 0.0, 0.0, 0.0, 0.0, 0.0, 0.0, 0.0, 0.0, 0.0, 0.0], [0.0, 0.0, 0.0, 0.0, 0.0, 0.0, 0.0, 0.9751442338960743, 0.0, 0.0, 0.0, 0.0, 0.0, 0.0, 0.0, 0.0, 0.0, 0.0, 0.0, 0.0, 0.0, 0.0, 0.0, 0.0, 0.0, 0.0, 0.0, 0.0, 0.0, 0.0], [0.0, 0.0, 0.0, 0.0, 0.0, 0.0, 0.0, 0.9751424330021786, 0.0, 0.0, 0.0, 0.0, 0.0, 0.0, 0.0, 0.0, 0.0, 0.0, 0.0, 0.0, 0.0, 0.0, 0.0, 0.0, 0.0, 0.0, 0.0, 0.0, 0.0, 0.0], [0.0, 0.0, 0.0, 0.0, 0.0, 0.0, 0.0, 0.0, 0.9734890016878641, 0.0, 0.0, 0.0, 0.0, 0.0, 0.0, 0.0, 0.0, 0.0, 0.0, 0.0, 0.0, 0.0, 0.0, 0.0, 0.0, 0.0, 0.0, 0.0, 0.0, 0.0], [0.0, 0.0, 0.0, 0.0, 0.0, 0.0, 0.0, 0.0, 0.9734940962397862, 0.0, 0.0, 0.0, 0.0, 0.0, 0.0, 0.0, 0.0, 0.0, 0.0, 0.0, 0.0, 0.0, 0.0, 0.0, 0.0, 0.0, 0.0, 0.0, 0.0, 0.0], [0.0, 0.0, 0.0, 0.0, 0.0, 0.0, 0.0, 0.0, 0.0, 0.9066568633224881, 0.0, 0.0, 0.0, 0.0, 0.0, 0.0, 0.0, 0.0, 0.0, 0.0, 0.0, 0.0, 0.0, 0.0, 0.0, 0.0, 0.0, 0.0, 0.0, 0.0]], "Born radii": [], "Atomic SASAs": [], "Solvent H bonds": [], "Total SASA": NaN, "Total FOD": 0.0, "FOD": [0.0, 0.0, 0.0, 0.0, 0.0, 0.0, 0.0, 0.0, 0.0, 0.0, 0.0, 0.0, 0.0, 0.0, 0.0, 0.0, 0.0, 0.0, 0.0, 0.0, 0.0, 0.0, 0.0, 0.0, 0.0, 0.0, 0.0, 0.0, 0.0, 0.0], "FOD s proportion": [0.0, 0.0, 0.0, 0.0, 0.0, 0.0, 0.0, 0.0, 0.0, 0.0, 0.0, 0.0, 0.0, 0.0, 0.0, 0.0, 0.0, 0.0, 0.0, 0.0, 0.0, 0.0, 0.0, 0.0, 0.0, 0.0, 0.0, 0.0, 0.0, 0.0], "FOD p proportion": [0.0, 0.0, 0.0, 0.0, 0.0, 0.0, 0.0, 0.0, 0.0, 0.0, 0.0, 0.0, 0.0, 0.0, 0.0, 0.0, 0.0, 0.0, 0.0, 0.0, 0.0, 0.0, 0.0, 0.0, 0.0, 0.0, 0.0, 0.0, 0.0, 0.0], "FOD d proportion": [0.0, 0.0, 0.0, 0.0, 0.0, 0.0, 0.0, 0.0, 0.0, 0.0, 0.0, 0.0, 0.0, 0.0, 0.0, 0.0, 0.0, 0.0, 0.0, 0.0, 0.0, 0.0, 0.0, 0.0, 0.0, 0.0, 0.0, 0.0, 0.0, 0.0], "coordinates": [["4.52360", "-0.44780", "-1.08200"], ["4.16690", "-0.35700", "0.39360"], ["2.86040", "0.39310", "0.66160"], ["1.62580", "-0.32270", "0.10910"], ["0.34020", "0.41230", "0.49550"], ["-0.89550", "-0.29920", "-0.05820"], ["-2.18030", "0.43520", "0.32840"], ["-3.41400", "-0.27500", "-0.22450"], ["-4.69720", "0.44980", "0.15600"], ["-5.80310", "-0.25860", "-0.38640"], ["4.55370", "0.54540", "-1.54110"], ["5.51050", "-0.90630", "-1.20190"], ["3.80490", "-1.06240", "-1.63170"], ["4.97870", "0.16280", "0.91630"], ["4.11190", "-1.36610", "0.81840"], ["2.75050", "0.51160", "1.74680"], ["2.92300", "1.40320", "0.23860"], ["1.59200", "-1.34860", "0.49530"], ["1.68680", "-0.38770", "-0.98300"], ["0.26770", "0.47670", "1.58810"], ["0.37550", "1.43950", "0.11250"], ["-0.93010", "-1.32650", "0.32450"], ["-0.82370", "-0.36330", "-1.15080"], ["-2.14560", "1.46250", "-0.05430"], ["-2.25220", "0.49930", "1.42090"], ["-3.35060", "-0.35150", "-1.31720"], ["-3.45630", "-1.30690", "0.14610"], ["-4.70480", "1.46790", "-0.24610"], ["-4.81250", "0.49520", "1.24360"], ["-6.60600", "0.22540", "-0.12850"]], "bond_dist": [[0.0, 1.520813890651976, 2.552153602352335, 3.135540473347458, 4.5529236562894395, 5.516964129845327, 6.90732888821721, 7.985653376524678, 9.346736457181192, 10.351830219338026, 1.0945889913570297, 1.09479215835701, 1.0938157705939333, 2.1384927542547345, 2.1504166898533876, 3.473678368818852, 2.7806664165268007, 3.448709104868081, 2.8391631249366425, 5.108504582556426, 4.711206337022398, 5.700280662388477, 5.348410135731926, 7.013105019889549, 7.285119934496618, 7.87830047472169, 8.119426484056618, 9.462135163904605, 9.667493344709372, 11.19063700823148], [1.520813890651976, 0.0, 1.5301687031174047, 2.5572066693953386, 3.9045920388691058, 5.082849381990382, 6.396778855017578, 7.606498302109848, 8.903911994735799, 10.000949082962075, 2.1695631103980357, 2.1569913537147065, 2.1749651146627618, 1.0965521282638595, 1.0962494469781958, 2.142849775415906, 2.16092948751226, 2.761109099619209, 2.836699853703243, 4.162408747348103, 4.204895173485303, 5.188845156679856, 5.224107522821482, 6.584743799875588, 6.556938293899067, 7.709712909051802, 7.686139765838246, 9.08000754349907, 9.059711319904183, 10.80125699073955], [2.552153602352335, 1.5301687031174047, 0.0, 1.5303146898595725, 2.525740661667385, 3.8864091575643447, 5.0518760020412214, 6.37178359488142, 7.574705539491287, 8.75095704137553, 2.782507406998228, 3.49057339415747, 2.8757234550630906, 2.1459508545164776, 2.16463002150483, 1.0971687655051066, 1.0968818395798154, 2.161021318728716, 2.166032031157434, 2.754538890631243, 2.751579869820245, 4.175949092122652, 4.174868564398166, 5.1687682449496615, 5.169767276193388, 6.560990748355008, 6.561740557199744, 7.694892161037735, 7.695618416995479, 9.500795243557247], [3.135540473347458, 2.5572066693953386, 1.5303146898595725, 0.0, 1.53045657239923, 2.52695374512475, 3.8870171224217676, 5.051054176110171, 6.370187191912023, 7.445682256851953, 3.4712182386015433, 4.141280484342977, 2.8854839351484873, 3.4827030450499223, 2.7879173696506867, 2.154777916630853, 2.16292138091055, 1.0967058356733586, 1.0957319060792199, 2.1612304296395606, 2.16069676030673, 2.7543849422330204, 2.754822429849155, 4.175774965201071, 4.17557028919404, 5.176844414312642, 5.176655199064354, 6.588543978755852, 6.588456385982986, 8.253447680212192], [4.5529236562894395, 3.9045920388691058, 2.525740661667385, 1.53045657239923, 0.0, 1.529630814935421, 2.526136787666099, 3.883915412312683, 5.048966751722574, 6.242434565936595, 4.681777164709999, 5.599274489610239, 4.324796644930256, 4.664226103010016, 4.182426551656347, 2.7175647683173993, 2.778261373593205, 2.160502740104719, 2.1539019963777366, 1.0968948764580861, 1.0968477241622925, 2.1601686346209177, 2.16021347556208, 2.753979251918939, 2.7539919970835065, 4.182257329481293, 4.1822411754943065, 5.20733011436763, 5.207383537823962, 6.976675572935866], [5.516964129845327, 5.082849381990382, 3.8864091575643447, 2.52695374512475, 1.529630814935421, 0.0, 1.5295469786835576, 2.524100548710372, 3.880696526398321, 4.918729649004914, 5.7101770734365145, 6.535553235954857, 5.015190589598764, 5.972379750987039, 5.1943005236509, 4.148341552958242, 4.191324164270762, 2.7559497201509315, 2.744332447062491, 2.1599441520557887, 2.160476146593616, 1.096814359862233, 1.0968312586719984, 2.1601740925212485, 2.1600865607655635, 2.759589154203937, 2.7595098151664548, 4.203417099218206, 4.2034085692447265, 5.7349766782437746], [6.90732888821721, 6.396778855017578, 5.0518760020412214, 3.8870171224217676, 2.526136787666099, 1.5295469786835576, 0.0, 1.5271208662054228, 2.522839774936173, 3.7572566215258707, 6.9895586620329615, 7.955491498329943, 6.473593809469358, 7.188261901878645, 6.56327376619321, 5.131323821393462, 5.195070637633332, 4.176128032041164, 4.165500783819396, 2.753410674054998, 2.7545135577811193, 2.1602319643964165, 2.1600922318271505, 1.0968175190066942, 1.0967381957422655, 2.1671405907324055, 2.1670998361866025, 2.787403772330087, 2.7874123986234975, 4.454165930901093], [7.985653376524678, 7.606498302109848, 6.37178359488142, 5.051054176110171, 3.883915412312683, 2.524100548710372, 1.5271208662054228, 0.0, 1.522076716200599, 2.394635542206788, 8.117310823788875, 9.000030594392443, 7.3968052434818095, 8.481185457823688, 7.675761228047678, 6.519649031964835, 6.57178711234623, 5.170180364358675, 5.15811827898508, 4.171988319734369, 4.1729353577547785, 2.7526010353845325, 2.752359473251995, 2.157941808761302, 2.157929769478145, 1.097207865447564, 1.0972471280436324, 2.168947120148391, 2.1689462648945455, 3.2324108897230253], [9.346736457181192, 8.903911994735799, 7.574705539491287, 6.370187191912023, 5.048966751722574, 3.880696526398321, 2.522839774936173, 1.522076716200599, 0.0, 1.4209303747897009, 9.405766240982178, 10.386531611178006, 8.818635072390737, 9.709967348039847, 9.018675589020818, 7.615950312994432, 7.68005484095003, 6.550068983606202, 6.538668308608412, 5.16738483471088, 5.168528187985434, 4.16829417747836, 4.168076306883068, 2.7532616911583245, 2.753261204462809, 2.1507513780072296, 2.1507965291956372, 1.094655096365974, 1.0946364739035515, 1.9428878119953301], [10.351830219338026, 10.000949082962075, 8.75095704137553, 7.445682256851953, 6.242434565936595, 4.918729649004914, 3.7572566215258707, 2.394635542206788, 1.4209303747897009, 0.0, 10.451940218447481, 11.36143038970006, 9.721652664542177, 10.868386103281388, 10.04914545073361, 8.849170765670644, 8.904887728096295, 7.526818644022186, 7.514732222774142, 6.4260352457794685, 6.4270944274998785, 5.039039414412234, 5.038818691915795, 4.055833067324147, 4.055815147414882, 2.624838147391187, 2.624873212176161, 2.051036135712874, 2.0509516815371343, 0.9723254702001796], [1.0945889913570297, 2.1695631103980357, 2.782507406998228, 3.4712182386015433, 4.681777164709999, 5.7101770734365145, 6.9895586620329615, 8.117310823788875, 9.405766240982178, 10.451940218447481, 0.0, 1.7714276078914433, 1.775930922080023, 2.5230581681760724, 3.068592468869074, 3.75006121150042, 2.5617055685616954, 4.062736497731548, 3.066148533584112, 5.3072034377815225, 4.5816113988421145, 6.087407938523588, 5.467586354142018, 6.923313306502892, 7.4226574769418, 7.958173113849686, 8.392720603594523, 9.394032866665945, 9.771528875769645, 11.253299198457313], [1.09479215835701, 2.1569913537147065, 3.49057339415747, 4.141280484342977, 5.599274489610239, 6.535553235954857, 7.955491498329943, 9.000030594392443, 10.386531611178006, 11.36143038970006, 1.7714276078914433, 0.0, 1.7658331206543842, 2.4315750636161737, 2.49982201166403, 4.2805224097065535, 3.755527492909618, 4.29310602943836, 3.864912011935072, 6.097847229965671, 5.796434248742929, 6.63232940677708, 6.357637127895866, 8.095929002282567, 8.313501217297079, 8.879199870483827, 9.076402734563954, 10.531036671192442, 10.700887883722547, 12.216484956811431], [1.0938157705939333, 2.1749651146627618, 2.8757234550630906, 2.8854839351484873, 4.324796644930256, 5.015190589598764, 6.473593809469358, 7.3968052434818095, 8.818635072390737, 9.721652664542177, 1.775930922080023, 1.7658331206543842, 0.0, 3.06124573989087, 2.4878650887859655, 3.873434859398051, 3.2179112883981125, 3.0826880883410825, 2.315681193515204, 5.02471140365295, 4.589392292014271, 5.129979751422027, 4.705735179544212, 6.653702805205534, 6.9602969807329345, 7.197601635961802, 7.479664332709056, 8.985393677519086, 9.216997917434938, 10.597399581501115], [2.1384927542547345, 1.0965521282638595, 2.1459508545164776, 3.4827030450499223, 4.664226103010016, 5.972379750987039, 7.188261901878645, 8.481185457823688, 9.709967348039847, 10.868386103281388, 2.5230581681760724, 2.4315750636161737, 3.06124573989087, 0.0, 1.7602448295620696, 2.4033865544268984, 2.494748873133326, 3.7324667245670122, 3.8401818121021303, 4.7690008859298825, 4.844120928507049, 6.122267485989158, 6.182032787036962, 7.306636362923777, 7.2562916300270075, 8.638881017238285, 8.596653484350757, 9.839950813901458, 9.802306488271013, 11.631887202427643], [2.1504166898533876, 1.0962494469781958, 2.16463002150483, 2.7879173696506867, 4.182426551656347, 5.1943005236509, 6.56327376619321, 7.675761228047678, 9.018675589020818, 10.04914545073361, 3.068592468869074, 2.49982201166403, 2.4878650887859655, 1.7602448295620696, 0.0, 2.498218126985712, 3.068985783609954, 2.5405896697420465, 3.175439895510542, 4.331999950369345, 4.725502209289506, 5.066287533292994, 5.407726309642529, 6.922347109181971, 6.659166030367467, 7.8280972637033575, 7.598232897851974, 9.321958760904277, 9.126343632035779, 10.876712383344518], [3.473678368818852, 2.142849775415906, 1.0971687655051066, 2.154777916630853, 2.7175647683173993, 4.148341552958242, 5.131323821393462, 6.519649031964835, 7.615950312994432, 8.849170765670644, 3.75006121150042, 4.2805224097065535, 3.873434859398051, 2.4033865544268984, 2.498218126985712, 0.0, 1.7605039193367336, 2.523632013586767, 3.064638024302381, 2.4881116413858924, 3.0286234331788426, 4.3529720031261405, 4.683635490727262, 5.3028263435643455, 5.013319198894083, 6.881602925191194, 6.662848413403985, 7.776095304842913, 7.579739322694417, 9.546871360817638], [2.7806664165268007, 2.16092948751226, 1.0968818395798154, 2.16292138091055, 2.778261373593205, 4.191324164270762, 5.195070637633332, 6.57178711234623, 7.68005484095003, 8.904887728096295, 2.5617055685616954, 3.755527492909618, 3.2179112883981125, 2.494748873133326, 3.068985783609954, 1.7605039193367336, 0.0, 3.0675493687958797, 2.4955600193143024, 3.1193221362982055, 2.5508773294692157, 4.722819127385676, 4.369063457996462, 5.077402176310244, 5.384938582750968, 6.697577374693032, 6.931714560626397, 7.643458184617745, 7.853180836450922, 9.60852830822702], [3.448709104868081, 2.761109099619209, 2.161021318728716, 1.0967058356733586, 2.160502740104719, 2.7559497201509315, 4.176128032041164, 5.170180364358675, 6.550068983606202, 7.526818644022186, 4.062736497731548, 4.29310602943836, 3.0826880883410825, 3.7324667245670122, 2.5405896697420465, 2.523632013586767, 3.0675493687958797, 0.0, 1.7656972390531736, 2.505933442851186, 3.065927217009562, 2.5279733898915944, 3.084812440003444, 4.708927386358808, 4.364555350777442, 5.358046231603457, 5.06053479584915, 6.937725596331985, 6.706502186684204, 8.371009881728726], [2.8391631249366425, 2.836699853703243, 2.166032031157434, 1.0957319060792199, 2.1539019963777366, 2.744332447062491, 4.165500783819396, 5.15811827898508, 6.538668308608412, 7.514732222774142, 3.066148533584112, 3.864912011935072, 2.315681193515204, 3.8401818121021303, 3.175439895510542, 3.064638024302381, 2.4955600193143024, 1.7656972390531736, 0.0, 3.061304849243211, 2.5016570068656496, 3.072306511401491, 2.516219873143045, 4.355802278570504, 4.699066418981541, 5.048603652496401, 5.345210291466557, 6.696179771332307, 6.926626917916108, 8.359222075049805], [5.108504582556426, 4.162408747348103, 2.754538890631243, 2.1612304296395606, 1.0968948764580861, 2.1599441520557887, 2.753410674054998, 4.171988319734369, 5.16738483471088, 6.4260352457794685, 5.3072034377815225, 6.097847229965671, 5.02471140365295, 4.7690008859298825, 4.331999950369345, 2.4881116413858924, 3.1193221362982055, 2.505933442851186, 3.061304849243211, 0.0, 1.7652195444193337, 2.506579350429585, 3.0656691227201938, 3.081119324206708, 2.5255420428098203, 4.713679902157125, 4.373644814110995, 5.391894224667245, 5.091900876882817, 7.089260817602918], [4.711206337022398, 4.204895173485303, 2.751579869820245, 2.16069676030673, 1.0968477241622925, 2.160476146593616, 2.7545135577811193, 4.1729353577547785, 5.168528187985434, 6.4270944274998785, 4.5816113988421145, 5.796434248742929, 4.589392292014271, 4.844120928507049, 4.725502209289506, 3.0286234331788426, 2.5508773294692157, 3.065927217009562, 2.5016570068656496, 1.7652195444193337, 0.0, 3.0659894585598297, 2.5068097993266263, 2.526716535347802, 3.0823195632510267, 4.374419310034191, 4.714502429737416, 5.093019596467306, 5.3931840039071535, 7.090378132370657], [5.700280662388477, 5.188845156679856, 4.175949092122652, 2.7543849422330204, 2.1601686346209177, 1.096814359862233, 2.1602319643964165, 2.7526010353845325, 4.16829417747836, 5.039039414412234, 6.087407938523588, 6.63232940677708, 5.129979751422027, 6.122267485989158, 5.066287533292994, 4.3529720031261405, 4.722819127385676, 2.5279733898915944, 3.072306511401491, 2.506579350429585, 3.0659894585598297, 0.0, 1.7651020622049027, 3.065852359458948, 2.506708401469944, 3.0829570447867094, 2.532567306114489, 4.731026929747917, 4.385928118426019, 5.901647517431043], [5.348410135731926, 5.224107522821482, 4.174868564398166, 2.754822429849155, 2.16021347556208, 1.0968312586719984, 2.1600922318271505, 2.752359473251995, 4.168076306883068, 5.038818691915795, 5.467586354142018, 6.357637127895866, 4.705735179544212, 6.182032787036962, 5.407726309642529, 4.683635490727262, 4.369063457996462, 3.084812440003444, 2.516219873143045, 3.0656691227201938, 2.5068097993266263, 1.7651020622049027, 0.0, 2.506646664370549, 3.065669894166689, 2.532400404754351, 3.082679569789893, 4.385739702718345, 4.730824352055358, 5.901411548943185], [7.013105019889549, 6.584743799875588, 5.1687682449496615, 4.175774965201071, 2.753979251918939, 2.1601740925212485, 1.0968175190066942, 2.157941808761302, 2.7532616911583245, 4.055833067324147, 6.923313306502892, 8.095929002282567, 6.653702805205534, 7.306636362923777, 6.922347109181971, 5.3028263435643455, 5.077402176310244, 4.708927386358808, 4.355802278570504, 3.081119324206708, 2.526716535347802, 3.065852359458948, 2.506646664370549, 0.0, 1.765030549310691, 2.5174466051934448, 3.070451271393181, 2.5663828708904677, 3.119706606397467, 4.629372550357122], [7.285119934496618, 6.556938293899067, 5.169767276193388, 4.17557028919404, 2.7539919970835065, 2.1600865607655635, 1.0967381957422655, 2.157929769478145, 2.753261204462809, 4.055815147414882, 7.4226574769418, 8.313501217297079, 6.9602969807329345, 7.2562916300270075, 6.659166030367467, 5.013319198894083, 5.384938582750968, 4.364555350777442, 4.699066418981541, 2.5255420428098203, 3.0823195632510267, 2.506708401469944, 3.065669894166689, 1.765030549310691, 0.0, 3.0704290921628528, 2.5174054679371776, 3.1196669245289628, 2.566434918325419, 4.629388297604771], [7.87830047472169, 7.709712909051802, 6.560990748355008, 5.176844414312642, 4.182257329481293, 2.759589154203937, 2.1671405907324055, 1.097207865447564, 2.1507513780072296, 2.624838147391187, 7.958173113849686, 8.879199870483827, 7.197601635961802, 8.638881017238285, 7.8280972637033575, 6.881602925191194, 6.697577374693032, 5.358046231603457, 5.048603652496401, 4.713679902157125, 4.374419310034191, 3.0829570447867094, 2.532400404754351, 2.5174466051934448, 3.0704290921628528, 0.0, 1.7507736975406043, 2.508252222165865, 3.0678574184599907, 3.513324701760428], [8.119426484056618, 7.686139765838246, 6.561740557199744, 5.176655199064354, 4.1822411754943065, 2.7595098151664548, 2.1670998361866025, 1.0972471280436324, 2.1507965291956372, 2.624873212176161, 8.392720603594523, 9.076402734563954, 7.479664332709056, 8.596653484350757, 7.598232897851974, 6.662848413403985, 6.931714560626397, 5.06053479584915, 5.345210291466557, 4.373644814110995, 4.714502429737416, 2.532567306114489, 3.082679569789893, 3.070451271393181, 2.5174054679371776, 1.7507736975406043, 0.0, 3.0679126666187875, 2.5082561870749966, 3.5133970085943886], [9.462135163904605, 9.08000754349907, 7.694892161037735, 6.588543978755852, 5.20733011436763, 4.203417099218206, 2.787403772330087, 2.168947120148391, 1.094655096365974, 2.051036135712874, 9.394032866665945, 10.531036671192442, 8.985393677519086, 9.839950813901458, 9.321958760904277, 7.776095304842913, 7.643458184617745, 6.937725596331985, 6.696179771332307, 5.391894224667245, 5.093019596467306, 4.731026929747917, 4.385739702718345, 2.5663828708904677, 3.1196669245289628, 2.508252222165865, 3.0679126666187875, 0.0, 1.7824002552737699, 2.2742465675471517], [9.667493344709372, 9.059711319904183, 7.695618416995479, 6.588456385982986, 5.207383537823962, 4.2034085692447265, 2.7874123986234975, 2.1689462648945455, 1.0946364739035515, 2.0509516815371343, 9.771528875769645, 10.700887883722547, 9.216997917434938, 9.802306488271013, 9.126343632035779, 7.579739322694417, 7.853180836450922, 6.706502186684204, 6.926626917916108, 5.091900876882817, 5.3931840039071535, 4.385928118426019, 4.730824352055358, 3.119706606397467, 2.566434918325419, 3.0678574184599907, 2.5082561870749966, 1.7824002552737699, 0.0, 2.274223537825603], [11.19063700823148, 10.80125699073955, 9.500795243557247, 8.253447680212192, 6.976675572935866, 5.7349766782437746, 4.454165930901093, 3.2324108897230253, 1.9428878119953301, 0.9723254702001796, 11.253299198457313, 12.216484956811431, 10.597399581501115, 11.631887202427643, 10.876712383344518, 9.546871360817638, 9.60852830822702, 8.371009881728726, 8.359222075049805, 7.089260817602918, 7.090378132370657, 5.901647517431043, 5.901411548943185, 4.629372550357122, 4.629388297604771, 3.513324701760428, 3.5133970085943886, 2.2742465675471517, 2.274223537825603, 0.0]]}