{"total energy": -52.95456384, "HOMO-LUMO gap/eV": 3.22432978, "electronic energy": -53.59700576, "dipole": [0.70418258, -0.19682561, -0.01547478], "partial charges": [-0.38627924, 0.28093816, -0.16832428, 0.33909362, -0.42311914, -0.17149603, 0.2830467, -0.38702472, -0.02329967, -0.01205737, -0.10726593, -0.06678824, -0.05277621, -0.10280763, -0.05777445, -0.037827, -0.09055104, 0.23214557, 0.23200335, 0.06070806, 0.03824883, 0.02902086, 0.0540209, 0.04807004, 0.04568807, 0.03205897, 0.0347418, 0.03567517, 0.03767736, 0.03649965, 0.0714562, 0.06496048, 0.03719902, 0.04328734, 0.05085079], "atomic dipole moments": [[-0.00985402, 0.1302474, -0.13854617], [-0.05941088, 0.05965085, 0.00791076], [0.01634794, 0.01616921, -0.04269218], [0.05267318, -0.07192531, -0.01914488], [0.12703437, -0.17050426, -0.04146798], [-0.05610185, -0.0463746, 0.02399292], [-0.04240264, 0.0780284, 0.02446509], [-0.02628353, 0.01882447, 0.18705747], [-0.0083391, 0.0131235, 0.01177739], [-0.08360834, 0.07647522, -0.07548346], [-0.03826666, -0.09687484, -0.03610019], [0.02498733, 0.0265182, 0.12905767], [-0.05751528, -0.03313652, -0.10196246], [-0.05579975, 0.04081386, 0.08218535], [-0.0317573, 0.14508902, 0.05184307], [0.1580096, 0.04768788, -0.02883448], [-0.0479084, -0.03815371, 0.0343967], [-0.06975049, 0.01080706, 0.11959173], [-0.03641279, 0.09177832, -0.0932273], [0.02835321, -0.08286497, 0.09241663], [0.00596037, 0.09455908, -0.08641212], [-0.06932576, 0.04287696, 0.09835069], [0.11659902, -0.00481025, 0.05431896], [-0.01225737, 0.07892545, -0.10045403], [-0.0304972, -0.11260663, -0.04377504], [0.02070488, -0.07123595, 0.09928046], [0.04799937, 0.11204118, 0.02431992], [-0.03596327, -0.11763462, -0.02825692], [-0.01077919, 0.0713751, -0.10448947], [0.12209839, -0.00456714, 0.03030889], [0.05167501, -0.02998542, -0.11391536], [0.03982893, -0.1017506, 0.07081003], [-0.06247757, 0.06571266, -0.12261652], [-0.14595566, -0.00511423, -0.0404725], [0.05141709, -0.07734263, 0.12322965]], "atomic quadrupole moments": [[0.09540548, 0.1227504, -0.02401913, 0.10727975, 0.03977008, -0.07138636], [0.26636305, 0.25458251, -0.05076584, 0.26014844, 0.18455217, -0.21559722], [-0.0121334, -0.02078221, 0.07540046, 0.0717995, -0.04611543, -0.06326706], [0.13088982, 0.23852248, -0.1069432, 0.22934432, 0.12248171, -0.02394662], [0.06786317, 0.05770731, -0.01442071, 0.09187701, 0.07422718, -0.05344246], [0.02454894, -0.00625156, -0.04010159, -0.05234005, 0.09566849, 0.01555265], [0.44585513, 0.23495406, -0.11515925, 0.04542689, 0.08346351, -0.33069588], [0.17177093, 0.11018812, -0.08046313, 0.02532427, 0.03007394, -0.09130781], [-0.08517083, -0.04989828, 0.02582115, -0.02055205, -0.01749307, 0.05934968], [0.13113847, 0.03362404, -0.05810266, -0.00411087, 0.14434583, -0.07303582], [-0.06809831, 0.0655359, 0.15286577, 0.0041813, 0.10526597, -0.08476746], [0.18057308, -0.03805769, -0.21604914, -0.04935004, 0.08315741, 0.03547606], [0.16699499, -0.08018098, -0.1804314, -0.03939066, 0.10986845, 0.01343641], [-0.00956405, -0.07075204, -0.07721156, -0.14031748, 0.1107635, 0.0867756], [0.06840032, 0.09412739, 0.08228965, 0.04764326, 0.11104459, -0.15068997], [-0.09850758, -0.176089, 0.18588352, -0.01417412, 0.45451671, -0.08737593], [-0.28113473, -0.16853909, 0.27698839, -0.08206245, 0.46284838, 0.00414633], [-0.02036738, -0.0210829, 0.00201237, -0.03267329, -0.01162147, 0.01835501], [-0.03687822, -0.02003269, 0.01937688, -0.02138451, -0.02499537, 0.01750134], [-0.01609269, 0.00369357, 0.01063805, -0.00368671, -0.01889298, 0.00545464], [-0.04939436, -0.00140733, 0.01136754, 0.0081142, -0.05480391, 0.03802682], [0.02230045, -0.0108975, -0.03319112, -0.06451052, 0.01987216, 0.01089067], [0.06229997, -0.02595176, -0.02235908, 0.03581979, -0.00327313, -0.03994089], [-0.01225967, -0.01128815, 0.01402314, 0.00510569, -0.04603383, -0.00176346], [-0.00196198, 0.02787853, 0.04003845, -0.00207673, 0.02054102, -0.03807647], [-0.02245187, -0.0092402, 0.0021708, -0.00364758, -0.04492558, 0.02028107], [-0.01431337, 0.0146734, 0.04749913, -0.00528838, 0.01802795, -0.03318576], [-0.02670026, 0.04382084, 0.05894873, -0.00439976, 0.02076558, -0.03224848], [-0.04297812, -0.02079426, 0.00859781, 0.00911096, -0.05310029, 0.03438031], [0.07127214, -0.00397467, -0.0496681, 0.03238513, 0.00922669, -0.02160404], [0.00377795, 0.00632515, -0.0411586, -0.03584124, -0.00403713, 0.03738065], [-0.0196423, 0.00193724, 0.00603702, 0.02274697, -0.04444283, 0.01360528], [0.03344537, 0.01893634, -0.02554467, -0.01079216, -0.05096356, -0.0079007], [0.04354606, 0.01840418, -0.03375255, 0.01104417, -0.03770003, -0.00979351], [0.01426324, 0.00671514, -0.02330988, 0.01522783, -0.04579914, 0.00904664]], "number of molecular orbitals": 86, "number of electrons": 94, "number of unpaired electrons": 0, "orbital energies/eV": [-20.54998674, -20.19882443, -20.11002241, -19.70670029, -19.32867719, -18.65557318, -18.18162456, -18.04458554, -17.60089232, -17.31328146, -17.04119877, -16.95274918, -16.85882947, -16.66483677, -16.40458673, -16.23811105, -15.84392815, -15.63688937, -15.60450506, -15.4456644, -15.28462066, -15.16986942, -15.13367806, -14.83486916, -14.55074352, -14.41837666, -14.25440953, -14.0095954, -13.92002353, -13.78245723, -13.52714698, -13.33159713, -13.09930504, -12.9846224, -12.8633404, -12.73466795, -12.63751539, -12.50882157, -12.42064978, -12.352319, -12.21705711, -12.11734113, -12.08430374, -11.80289517, -11.72566357, -11.57097772, -11.24482011, -8.02049034, -7.15741053, -6.06229949, -5.55157247, -0.72083229, -0.09352461, 0.02762857, 0.82585085, 1.70828771, 1.87913151, 2.50415433, 2.85905954, 3.06122832, 3.19648196, 3.28383623, 3.59209519, 3.64390809, 4.01884879, 4.15388065, 4.30311479, 4.37510931, 4.44435545, 4.70553597, 4.78659559, 5.17154324, 5.47733707, 5.90492948, 6.49924954, 6.7336768, 6.92363143, 7.06890059, 7.62976497, 7.95737957, 10.72587939, 11.89744544, 14.13485712, 14.18221354, 14.99164687, 16.37105567], "fractional occupation": [2.0, 2.0, 2.0, 2.0, 2.0, 2.0, 2.0, 2.0, 2.0, 2.0, 2.0, 2.0, 2.0, 2.0, 2.0, 2.0, 2.0, 2.0, 2.0, 2.0, 2.0, 2.0, 2.0, 2.0, 2.0, 2.0, 2.0, 2.0, 2.0, 2.0, 2.0, 2.0, 2.0, 2.0, 2.0, 2.0, 2.0, 2.0, 2.0, 2.0, 2.0, 2.0, 2.0, 2.0, 2.0, 2.0, 2.0, 0.0, 0.0, 0.0, 0.0, 0.0, 0.0, 0.0, 0.0, 0.0, 0.0, 0.0, 0.0, 0.0, 0.0, 0.0, 0.0, 0.0, 0.0, 0.0, 0.0, 0.0, 0.0, 0.0, 0.0, 0.0, 0.0, 0.0, 0.0, 0.0, 0.0, 0.0, 0.0, 0.0, 0.0, 0.0, 0.0, 0.0, 0.0, 0.0], "program call": "xtb /home/svss/Project-DBcg-Debug/aqme2_20220329/End-to-End-workflows-final/example-3/QDESCP/mol_426_rdkit_conf_10/mol_426_rdkit_conf_10.xyz --pop --wbo --acc 0.2 --gfn 2 --chrg 0 --uhf 0 --etemp 300 --input /home/svss/Project-DBcg-Debug/aqme2_20220329/End-to-End-workflows-final/example-3/QDESCP/mol_426_rdkit_conf_10/mol_426_rdkit_conf_10_xtb.inp", "method": "GFN2-xTB", "xtb version": "6.3.3 (7355c4f)", "Dipole module/D": 1.859, "Total charge": 0, "Transition dipole module/D": NaN, "HOMO": -11.2448, "LUMO": -8.0205, "HOMO occupancy": 2.0, "LUMO occupancy": 0, "mulliken charges": [-0.51505, 0.47457, -0.31872, 0.57453, -0.53909, -0.32295, 0.47354, -0.51321, -0.05952, 0.00271, -0.10102, -0.05643, -0.03738, -0.08222, -0.03318, -0.03661, -0.07211, 0.28147, 0.27925, 0.04859, 0.03417, 0.03343, 0.04615, 0.04154, 0.03293, 0.02505, 0.02452, 0.02972, 0.0319, 0.03214, 0.05567, 0.05028, 0.03665, 0.037, 0.04169], "cm5 charges": [-0.56026, 0.57352, -0.66302, 0.74304, -0.57575, -0.6679, 0.57317, -0.55986, -0.05949, -0.06083, -0.24726, -0.16467, -0.15054, -0.23279, -0.13087, -0.09883, -0.17353, 0.48376, 0.48226, 0.11125, 0.08902, 0.08987, 0.09838, 0.10097, 0.09034, 0.07993, 0.07994, 0.08099, 0.08319, 0.08291, 0.11528, 0.10923, 0.09385, 0.08928, 0.09541], "FUKUI+": [-0.139, -0.055, -0.033, -0.056, -0.146, -0.034, -0.054, -0.137, -0.003, -0.004, 0.014, 0.005, 0.003, 0.008, 0.011, 0.009, -0.01, -0.048, -0.047, -0.027, -0.011, 0.001, -0.035, -0.004, -0.015, -0.012, -0.011, -0.01, -0.008, -0.019, -0.033, -0.031, -0.014, -0.036, -0.021], "FUKUI-": [-0.061, -0.001, -0.017, -0.001, -0.076, -0.018, -0.0, -0.056, -0.012, 0.004, 0.012, 0.008, 0.007, 0.016, 0.008, -0.031, -0.039, -0.026, -0.026, -0.033, -0.021, -0.023, -0.024, -0.048, -0.045, -0.063, -0.072, -0.051, -0.049, -0.039, -0.042, -0.029, -0.044, -0.059, -0.049], "FUKUIrad": [-0.1, -0.028, -0.025, -0.028, -0.111, -0.026, -0.027, -0.097, -0.007, -0.0, 0.013, 0.007, 0.005, 0.012, 0.009, -0.011, -0.025, -0.037, -0.036, -0.03, -0.016, -0.011, -0.03, -0.026, -0.03, -0.037, -0.041, -0.03, -0.029, -0.029, -0.037, -0.03, -0.029, -0.047, -0.035], "s proportion": [1.73, 1.011, 1.423, 0.936, 1.72, 1.43, 1.011, 1.73, 1.111, 1.072, 1.016, 1.039, 1.028, 1.008, 1.036, 1.072, 1.053, 0.719, 0.721, 0.951, 0.966, 0.967, 0.954, 0.958, 0.967, 0.975, 0.975, 0.97, 0.968, 0.968, 0.944, 0.95, 0.963, 0.963, 0.958], "p proportion": [4.785, 2.514, 3.896, 2.49, 4.819, 3.893, 2.515, 4.783, 2.949, 2.925, 3.085, 3.018, 3.009, 3.074, 2.997, 2.964, 3.019, 0.0, 0.0, 0.0, 0.0, 0.0, 0.0, 0.0, 0.0, 0.0, 0.0, 0.0, 0.0, 0.0, 0.0, 0.0, 0.0, 0.0, 0.0], "d proportion": [0.0, 0.0, 0.0, 0.0, 0.0, 0.0, 0.0, 0.0, 0.0, 0.0, 0.0, 0.0, 0.0, 0.0, 0.0, 0.0, 0.0, 0.0, 0.0, 0.0, 0.0, 0.0, 0.0, 0.0, 0.0, 0.0, 0.0, 0.0, 0.0, 0.0, 0.0, 0.0, 0.0, 0.0, 0.0], "Fermi-level/eV": -9.6327, "Coordination numbers": [0.859, 2.763, 2.697, 2.702, 0.86, 2.697, 2.765, 0.859, 3.897, 3.844, 3.748, 3.799, 3.798, 3.75, 3.809, 2.882, 2.833, 0.86, 0.86, 0.923, 0.924, 0.924, 0.924, 0.924, 0.924, 0.924, 0.924, 0.924, 0.924, 0.924, 0.924, 0.923, 0.925, 0.925, 0.925], "Dispersion coefficient C6": [21.408, 22.245, 24.642, 21.238, 22.147, 24.711, 22.207, 21.423, 20.934, 20.76, 22.617, 21.781, 21.524, 22.528, 21.606, 28.938, 30.262, 0.956, 0.957, 2.191, 2.472, 2.6, 2.27, 2.344, 2.375, 2.558, 2.52, 2.507, 2.48, 2.496, 2.07, 2.142, 2.486, 2.405, 2.309], "Total dispersion C6": 11624.404645, "Total dispersion C8": 260335.399496, "Polarizability alpha": [6.203, 7.724, 7.373, 7.543, 6.31, 7.383, 7.718, 6.206, 6.504, 6.481, 6.783, 6.645, 6.606, 6.769, 6.617, 8.819, 9.015, 1.532, 1.532, 2.315, 2.459, 2.522, 2.356, 2.394, 2.41, 2.501, 2.483, 2.476, 2.463, 2.471, 2.25, 2.289, 2.466, 2.425, 2.376], "Total polarizability alpha": 162.41655, "Wiberg matrix": [[0.0, 1.744550971720382, 0.13596134933401147, 0.0, 0.0, 0.0, 0.0, 0.0, 0.0, 0.0, 0.0, 0.0, 0.0, 0.0, 0.0, 0.0, 0.0, 0.0, 0.0, 0.0, 0.0, 0.0, 0.0, 0.0, 0.0, 0.0, 0.0, 0.0, 0.0, 0.0, 0.0, 0.0, 0.0, 0.0, 0.0], [1.744550971720382, 0.0, 1.1515148742108279, 0.0, 0.0, 0.0, 0.0, 0.0, 0.9549346697142831, 0.0, 0.0, 0.0, 0.0, 0.0, 0.0, 0.0, 0.0, 0.0, 0.0, 0.0, 0.0, 0.0, 0.0, 0.0, 0.0, 0.0, 0.0, 0.0, 0.0, 0.0, 0.0, 0.0, 0.0, 0.0, 0.0], [0.13596134933401147, 1.1515148742108279, 0.0, 1.1298546116683834, 0.11636475791627314, 0.0, 0.0, 0.0, 0.0, 0.0, 0.0, 0.0, 0.0, 0.0, 0.0, 0.0, 0.0, 0.909673592140267, 0.0, 0.0, 0.0, 0.0, 0.0, 0.0, 0.0, 0.0, 0.0, 0.0, 0.0, 0.0, 0.0, 0.0, 0.0, 0.0, 0.0], [0.0, 0.0, 1.1298546116683834, 0.0, 1.650281078065477, 1.1237763031135128, 0.0, 0.0, 0.0, 0.0, 0.0, 0.0, 0.0, 0.0, 0.0, 0.0, 0.0, 0.0, 0.0, 0.0, 0.0, 0.0, 0.0, 0.0, 0.0, 0.0, 0.0, 0.0, 0.0, 0.0, 0.0, 0.0, 0.0, 0.0, 0.0], [0.0, 0.0, 0.11636475791627314, 1.650281078065477, 0.0, 0.11656955556848811, 0.0, 0.0, 0.0, 0.0, 0.0, 0.0, 0.0, 0.0, 0.0, 0.0, 0.0, 0.0, 0.0, 0.0, 0.0, 0.0, 0.0, 0.0, 0.0, 0.0, 0.0, 0.0, 0.0, 0.0, 0.0, 0.0, 0.0, 0.0, 0.0], [0.0, 0.0, 0.0, 1.1237763031135128, 0.11656955556848811, 0.0, 1.1405473216015114, 0.1328348181625878, 0.0, 0.0, 0.0, 0.0, 0.0, 0.0, 0.0, 0.0, 0.0, 0.0, 0.908810701133328, 0.0, 0.0, 0.0, 0.0, 0.0, 0.0, 0.0, 0.0, 0.0, 0.0, 0.0, 0.0, 0.0, 0.0, 0.0, 0.0], [0.0, 0.0, 0.0, 0.0, 0.0, 1.1405473216015114, 0.0, 1.7463451137096824, 0.9637152004200529, 0.0, 0.0, 0.0, 0.0, 0.0, 0.0, 0.0, 0.0, 0.0, 0.0, 0.0, 0.0, 0.0, 0.0, 0.0, 0.0, 0.0, 0.0, 0.0, 0.0, 0.0, 0.0, 0.0, 0.0, 0.0, 0.0], [0.0, 0.0, 0.0, 0.0, 0.0, 0.1328348181625878, 1.7463451137096824, 0.0, 0.0, 0.0, 0.0, 0.0, 0.0, 0.0, 0.0, 0.0, 0.0, 0.0, 0.0, 0.0, 0.0, 0.0, 0.0, 0.0, 0.0, 0.0, 0.0, 0.0, 0.0, 0.0, 0.0, 0.0, 0.0, 0.0, 0.0], [0.0, 0.9549346697142831, 0.0, 0.0, 0.0, 0.0, 0.9637152004200529, 0.0, 0.0, 0.9102970391094356, 0.0, 0.0, 0.0, 0.0, 0.943310725883331, 0.0, 0.0, 0.0, 0.0, 0.0, 0.0, 0.0, 0.0, 0.0, 0.0, 0.0, 0.0, 0.0, 0.0, 0.0, 0.0, 0.0, 0.0, 0.0, 0.0], [0.0, 0.0, 0.0, 0.0, 0.0, 0.0, 0.0, 0.0, 0.9102970391094356, 0.0, 1.0095088058501676, 0.994179583079679, 0.0, 0.0, 0.0, 0.0, 0.0, 0.0, 0.0, 0.9623789783766854, 0.0, 0.0, 0.0, 0.0, 0.0, 0.0, 0.0, 0.0, 0.0, 0.0, 0.0, 0.0, 0.0, 0.0, 0.0], [0.0, 0.0, 0.0, 0.0, 0.0, 0.0, 0.0, 0.0, 0.0, 1.0095088058501676, 0.0, 0.0, 0.0, 0.0, 0.0, 0.0, 0.0, 0.0, 0.0, 0.0, 0.986351858966475, 0.9844390138189314, 0.9807413419224125, 0.0, 0.0, 0.0, 0.0, 0.0, 0.0, 0.0, 0.0, 0.0, 0.0, 0.0, 0.0], [0.0, 0.0, 0.0, 0.0, 0.0, 0.0, 0.0, 0.0, 0.0, 0.994179583079679, 0.0, 0.0, 1.003672921852727, 0.0, 0.0, 0.0, 0.0, 0.0, 0.0, 0.0, 0.0, 0.0, 0.0, 0.9752907188432961, 0.9708667433798215, 0.0, 0.0, 0.0, 0.0, 0.0, 0.0, 0.0, 0.0, 0.0, 0.0], [0.0, 0.0, 0.0, 0.0, 0.0, 0.0, 0.0, 0.0, 0.0, 0.0, 0.0, 1.003672921852727, 0.0, 1.0191673148505243, 0.0, 0.0, 0.0, 0.0, 0.0, 0.0, 0.0, 0.0, 0.0, 0.0, 0.0, 0.9777509557910562, 0.97627823075435, 0.0, 0.0, 0.0, 0.0, 0.0, 0.0, 0.0, 0.0], [0.0, 0.0, 0.0, 0.0, 0.0, 0.0, 0.0, 0.0, 0.0, 0.0, 0.0, 0.0, 1.0191673148505243, 0.0, 0.0, 0.0, 0.0, 0.0, 0.0, 0.0, 0.0, 0.0, 0.0, 0.0, 0.0, 0.0, 0.0, 0.9872440608357228, 0.9874314009457471, 0.9865136410672827, 0.0, 0.0, 0.0, 0.0, 0.0], [0.0, 0.0, 0.0, 0.0, 0.0, 0.0, 0.0, 0.0, 0.943310725883331, 0.0, 0.0, 0.0, 0.0, 0.0, 0.0, 1.0204204250151736, 0.0, 0.0, 0.0, 0.0, 0.0, 0.0, 0.0, 0.0, 0.0, 0.0, 0.0, 0.0, 0.0, 0.0, 0.956194316283635, 0.969885748760619, 0.0, 0.0, 0.0], [0.0, 0.0, 0.0, 0.0, 0.0, 0.0, 0.0, 0.0, 0.0, 0.0, 0.0, 0.0, 0.0, 0.0, 1.0204204250151736, 0.0, 1.9807361077182577, 0.0, 0.0, 0.0, 0.0, 0.0, 0.0, 0.0, 0.0, 0.0, 0.0, 0.0, 0.0, 0.0, 0.0, 0.0, 0.9675010751639057, 0.0, 0.0], [0.0, 0.0, 0.0, 0.0, 0.0, 0.0, 0.0, 0.0, 0.0, 0.0, 0.0, 0.0, 0.0, 0.0, 0.0, 1.9807361077182577, 0.0, 0.0, 0.0, 0.0, 0.0, 0.0, 0.0, 0.0, 0.0, 0.0, 0.0, 0.0, 0.0, 0.0, 0.0, 0.0, 0.0, 0.9769962750986486, 0.975077189167076], [0.0, 0.0, 0.909673592140267, 0.0, 0.0, 0.0, 0.0, 0.0, 0.0, 0.0, 0.0, 0.0, 0.0, 0.0, 0.0, 0.0, 0.0, 0.0, 0.0, 0.0, 0.0, 0.0, 0.0, 0.0, 0.0, 0.0, 0.0, 0.0, 0.0, 0.0, 0.0, 0.0, 0.0, 0.0, 0.0], [0.0, 0.0, 0.0, 0.0, 0.0, 0.908810701133328, 0.0, 0.0, 0.0, 0.0, 0.0, 0.0, 0.0, 0.0, 0.0, 0.0, 0.0, 0.0, 0.0, 0.0, 0.0, 0.0, 0.0, 0.0, 0.0, 0.0, 0.0, 0.0, 0.0, 0.0, 0.0, 0.0, 0.0, 0.0, 0.0], [0.0, 0.0, 0.0, 0.0, 0.0, 0.0, 0.0, 0.0, 0.0, 0.9623789783766854, 0.0, 0.0, 0.0, 0.0, 0.0, 0.0, 0.0, 0.0, 0.0, 0.0, 0.0, 0.0, 0.0, 0.0, 0.0, 0.0, 0.0, 0.0, 0.0, 0.0, 0.0, 0.0, 0.0, 0.0, 0.0], [0.0, 0.0, 0.0, 0.0, 0.0, 0.0, 0.0, 0.0, 0.0, 0.0, 0.986351858966475, 0.0, 0.0, 0.0, 0.0, 0.0, 0.0, 0.0, 0.0, 0.0, 0.0, 0.0, 0.0, 0.0, 0.0, 0.0, 0.0, 0.0, 0.0, 0.0, 0.0, 0.0, 0.0, 0.0, 0.0], [0.0, 0.0, 0.0, 0.0, 0.0, 0.0, 0.0, 0.0, 0.0, 0.0, 0.9844390138189314, 0.0, 0.0, 0.0, 0.0, 0.0, 0.0, 0.0, 0.0, 0.0, 0.0, 0.0, 0.0, 0.0, 0.0, 0.0, 0.0, 0.0, 0.0, 0.0, 0.0, 0.0, 0.0, 0.0, 0.0], [0.0, 0.0, 0.0, 0.0, 0.0, 0.0, 0.0, 0.0, 0.0, 0.0, 0.9807413419224125, 0.0, 0.0, 0.0, 0.0, 0.0, 0.0, 0.0, 0.0, 0.0, 0.0, 0.0, 0.0, 0.0, 0.0, 0.0, 0.0, 0.0, 0.0, 0.0, 0.0, 0.0, 0.0, 0.0, 0.0], [0.0, 0.0, 0.0, 0.0, 0.0, 0.0, 0.0, 0.0, 0.0, 0.0, 0.0, 0.9752907188432961, 0.0, 0.0, 0.0, 0.0, 0.0, 0.0, 0.0, 0.0, 0.0, 0.0, 0.0, 0.0, 0.0, 0.0, 0.0, 0.0, 0.0, 0.0, 0.0, 0.0, 0.0, 0.0, 0.0], [0.0, 0.0, 0.0, 0.0, 0.0, 0.0, 0.0, 0.0, 0.0, 0.0, 0.0, 0.9708667433798215, 0.0, 0.0, 0.0, 0.0, 0.0, 0.0, 0.0, 0.0, 0.0, 0.0, 0.0, 0.0, 0.0, 0.0, 0.0, 0.0, 0.0, 0.0, 0.0, 0.0, 0.0, 0.0, 0.0], [0.0, 0.0, 0.0, 0.0, 0.0, 0.0, 0.0, 0.0, 0.0, 0.0, 0.0, 0.0, 0.9777509557910562, 0.0, 0.0, 0.0, 0.0, 0.0, 0.0, 0.0, 0.0, 0.0, 0.0, 0.0, 0.0, 0.0, 0.0, 0.0, 0.0, 0.0, 0.0, 0.0, 0.0, 0.0, 0.0], [0.0, 0.0, 0.0, 0.0, 0.0, 0.0, 0.0, 0.0, 0.0, 0.0, 0.0, 0.0, 0.97627823075435, 0.0, 0.0, 0.0, 0.0, 0.0, 0.0, 0.0, 0.0, 0.0, 0.0, 0.0, 0.0, 0.0, 0.0, 0.0, 0.0, 0.0, 0.0, 0.0, 0.0, 0.0, 0.0], [0.0, 0.0, 0.0, 0.0, 0.0, 0.0, 0.0, 0.0, 0.0, 0.0, 0.0, 0.0, 0.0, 0.9872440608357228, 0.0, 0.0, 0.0, 0.0, 0.0, 0.0, 0.0, 0.0, 0.0, 0.0, 0.0, 0.0, 0.0, 0.0, 0.0, 0.0, 0.0, 0.0, 0.0, 0.0, 0.0], [0.0, 0.0, 0.0, 0.0, 0.0, 0.0, 0.0, 0.0, 0.0, 0.0, 0.0, 0.0, 0.0, 0.9874314009457471, 0.0, 0.0, 0.0, 0.0, 0.0, 0.0, 0.0, 0.0, 0.0, 0.0, 0.0, 0.0, 0.0, 0.0, 0.0, 0.0, 0.0, 0.0, 0.0, 0.0, 0.0], [0.0, 0.0, 0.0, 0.0, 0.0, 0.0, 0.0, 0.0, 0.0, 0.0, 0.0, 0.0, 0.0, 0.9865136410672827, 0.0, 0.0, 0.0, 0.0, 0.0, 0.0, 0.0, 0.0, 0.0, 0.0, 0.0, 0.0, 0.0, 0.0, 0.0, 0.0, 0.0, 0.0, 0.0, 0.0, 0.0], [0.0, 0.0, 0.0, 0.0, 0.0, 0.0, 0.0, 0.0, 0.0, 0.0, 0.0, 0.0, 0.0, 0.0, 0.956194316283635, 0.0, 0.0, 0.0, 0.0, 0.0, 0.0, 0.0, 0.0, 0.0, 0.0, 0.0, 0.0, 0.0, 0.0, 0.0, 0.0, 0.0, 0.0, 0.0, 0.0], [0.0, 0.0, 0.0, 0.0, 0.0, 0.0, 0.0, 0.0, 0.0, 0.0, 0.0, 0.0, 0.0, 0.0, 0.969885748760619, 0.0, 0.0, 0.0, 0.0, 0.0, 0.0, 0.0, 0.0, 0.0, 0.0, 0.0, 0.0, 0.0, 0.0, 0.0, 0.0, 0.0, 0.0, 0.0, 0.0], [0.0, 0.0, 0.0, 0.0, 0.0, 0.0, 0.0, 0.0, 0.0, 0.0, 0.0, 0.0, 0.0, 0.0, 0.0, 0.9675010751639057, 0.0, 0.0, 0.0, 0.0, 0.0, 0.0, 0.0, 0.0, 0.0, 0.0, 0.0, 0.0, 0.0, 0.0, 0.0, 0.0, 0.0, 0.0, 0.0], [0.0, 0.0, 0.0, 0.0, 0.0, 0.0, 0.0, 0.0, 0.0, 0.0, 0.0, 0.0, 0.0, 0.0, 0.0, 0.0, 0.9769962750986486, 0.0, 0.0, 0.0, 0.0, 0.0, 0.0, 0.0, 0.0, 0.0, 0.0, 0.0, 0.0, 0.0, 0.0, 0.0, 0.0, 0.0, 0.0], [0.0, 0.0, 0.0, 0.0, 0.0, 0.0, 0.0, 0.0, 0.0, 0.0, 0.0, 0.0, 0.0, 0.0, 0.0, 0.0, 0.975077189167076, 0.0, 0.0, 0.0, 0.0, 0.0, 0.0, 0.0, 0.0, 0.0, 0.0, 0.0, 0.0, 0.0, 0.0, 0.0, 0.0, 0.0, 0.0]], "Born radii": [], "Atomic SASAs": [], "Solvent H bonds": [], "Total SASA": NaN, "Total FOD": 0.0, "FOD": [0.0, 0.0, 0.0, 0.0, 0.0, 0.0, 0.0, 0.0, 0.0, 0.0, 0.0, 0.0, 0.0, 0.0, 0.0, 0.0, 0.0, 0.0, 0.0, 0.0, 0.0, 0.0, 0.0, 0.0, 0.0, 0.0, 0.0, 0.0, 0.0, 0.0, 0.0, 0.0, 0.0, 0.0, 0.0], "FOD s proportion": [0.0, 0.0, 0.0, 0.0, 0.0, 0.0, 0.0, 0.0, 0.0, 0.0, 0.0, 0.0, 0.0, 0.0, 0.0, 0.0, 0.0, 0.0, 0.0, 0.0, 0.0, 0.0, 0.0, 0.0, 0.0, 0.0, 0.0, 0.0, 0.0, 0.0, 0.0, 0.0, 0.0, 0.0, 0.0], "FOD p proportion": [0.0, 0.0, 0.0, 0.0, 0.0, 0.0, 0.0, 0.0, 0.0, 0.0, 0.0, 0.0, 0.0, 0.0, 0.0, 0.0, 0.0, 0.0, 0.0, 0.0, 0.0, 0.0, 0.0, 0.0, 0.0, 0.0, 0.0, 0.0, 0.0, 0.0, 0.0, 0.0, 0.0, 0.0, 0.0], "FOD d proportion": [0.0, 0.0, 0.0, 0.0, 0.0, 0.0, 0.0, 0.0, 0.0, 0.0, 0.0, 0.0, 0.0, 0.0, 0.0, 0.0, 0.0, 0.0, 0.0, 0.0, 0.0, 0.0, 0.0, 0.0, 0.0, 0.0, 0.0, 0.0, 0.0, 0.0, 0.0, 0.0, 0.0, 0.0, 0.0], "coordinates": [["-1.41950", "-0.64890", "2.49250"], ["-1.48220", "0.18210", "1.58630"], ["-2.20630", "1.32570", "1.76700"], ["-2.28350", "2.37870", "0.91360"], ["-3.00310", "3.34410", "1.14630"], ["-1.55250", "2.29730", "-0.22680"], ["-1.06760", "1.12820", "-0.73550"], ["-0.88830", "1.02110", "-1.94750"], ["-0.73810", "0.02740", "0.26340"], ["0.80930", "0.04690", "0.59650"], ["1.26780", "1.39520", "1.18470"], ["1.71100", "-0.36260", "-0.59780"], ["3.20370", "-0.44290", "-0.25470"], ["4.00870", "-1.01490", "-1.41280"], ["-1.17720", "-1.33780", "-0.33980"], ["-2.66030", "-1.45710", "-0.60860"], ["-3.49740", "-2.19570", "0.13040"], ["-2.71980", "1.40540", "2.63360"], ["-1.75740", "3.01570", "-0.90850"], ["0.97830", "-0.70270", "1.38360"], ["1.29110", "2.17910", "0.42100"], ["0.61970", "1.72810", "2.00020"], ["2.27260", "1.31540", "1.61170"], ["1.57930", "0.34050", "-1.42790"], ["1.40770", "-1.34980", "-0.96110"], ["3.35070", "-1.07270", "0.63010"], ["3.59680", "0.55230", "-0.02230"], ["3.68080", "-2.03070", "-1.65550"], ["3.90110", "-0.39510", "-2.30870"], ["5.07100", "-1.05490", "-1.15230"], ["-0.68370", "-1.51730", "-1.30230"], ["-0.85670", "-2.15390", "0.32200"], ["-3.04990", "-0.93280", "-1.48060"], ["-4.55160", "-2.26420", "-0.12110"], ["-3.15440", "-2.74950", "1.00050"]], "bond_dist": [[0.0, 1.231133920416459, 2.2459852292479576, 3.522184403179368, 4.501565549894837, 4.011530372563569, 3.701608031653271, 4.773329387335427, 2.4270505680764054, 3.0077405273726656, 3.6208102601489633, 4.408168784200533, 5.3817768515612014, 6.697064978779884, 2.9249300487362087, 3.4365088520182803, 3.5056775464951135, 2.435331145860866, 5.011014924144609, 2.64234715546614, 4.431258129470682, 3.170303602180712, 4.273860730065967, 5.034009332530085, 4.517928021781667, 5.138379923672441, 5.738498598936834, 6.717762672944021, 7.171103139684996, 7.454930803837149, 3.9618212024269854, 2.7005257062283263, 4.303989658444825, 4.387499226210758, 3.106197413236963], [1.231133920416459, 0.0, 1.3655746995313, 2.4330348415096728, 3.5362382286831298, 2.786816237214072, 2.5412110518412283, 3.6802691002153636, 1.5256740510344928, 2.499791057268587, 3.032390833979024, 3.906855147046023, 5.073220358904194, 6.370038667072595, 2.4724445838076936, 2.9820265357638926, 3.440146608794457, 2.0309982619391875, 3.785373302595135, 2.6225976778758877, 3.6106960520099167, 2.641857834933591, 3.9221852442229195, 4.299217888174545, 4.145779345310119, 5.0838729222906425, 5.34049464001229, 6.485547014708937, 6.669640449829361, 7.209336252388287, 3.4452246037087337, 2.72884604549249, 3.620298455928737, 4.280282094675536, 3.4254478597695805], [2.2459852292479576, 1.3655746995313, 0.0, 1.3575936063491163, 2.2570106978036235, 2.3122931129076174, 2.7564742316952646, 3.953152591287111, 2.4702240971215548, 3.4783966205710355, 3.5232476992116237, 4.877281539956455, 6.040142121672304, 7.363135296869127, 3.548504656894225, 3.6869455108531235, 4.092145736652105, 1.010460241672081, 3.196233949509954, 3.795138901278845, 3.8434118072358574, 2.864015363087286, 4.48160343961846, 5.050620992511713, 5.259451098736445, 6.158336883445076, 6.121740901083613, 7.591895258761149, 7.54140689062724, 8.194428847698905, 4.452141310650416, 4.002132096770421, 4.044674148803584, 4.68537466057945, 4.253665583940514], [3.522184403179368, 2.4330348415096728, 1.3575936063491163, 0.0, 1.226364794830641, 1.3570184670814176, 2.400352863643177, 3.4605713415561885, 2.88784225504095, 3.8862907109479083, 3.6949288423459525, 5.074946886421571, 6.279786245566005, 7.518007632345155, 4.075203491851664, 4.143963407174344, 4.797091911773215, 2.0238751394293075, 2.0006495495213543, 4.511680972763921, 3.6138981834025157, 3.1674201110683127, 4.730327442154508, 4.955613517012802, 5.571460291521425, 6.613376130993911, 6.228127636778167, 7.849583279384963, 7.5050956616155124, 8.375334143781966, 4.759032343869918, 4.788550047770202, 4.157594839567703, 5.269857883283001, 5.202350782098415], [4.501565549894837, 3.5362382286831298, 2.2570106978036235, 1.226364794830641, 0.0, 2.2550907320992652, 3.492498289190705, 4.409116292410532, 4.112205770629675, 5.070325595067835, 4.694706868378472, 6.245338142166523, 7.40462937897637, 8.643796217519245, 5.240476278927328, 5.123349225848263, 5.653827848458069, 2.4598532212308926, 2.4252459854620936, 5.681940468713131, 4.508152474129508, 4.057743344520449, 5.67143997058948, 6.0536359619653375, 6.777092932076408, 7.755343907268071, 7.260747427779044, 9.022919565750323, 8.578264351254278, 9.477650224079806, 5.916795440101001, 5.959404957711802, 5.0194289974059805, 5.954593512574976, 6.097221522136128], [4.011530372563569, 2.786816237214072, 2.3122931129076174, 1.3570184670814176, 2.2550907320992652, 0.0, 1.3640742318510382, 2.242912519471056, 2.4608919947856305, 3.3645538025123036, 3.2802757124973505, 4.226480954647731, 5.489163223115159, 6.580593459559707, 3.6561689102118904, 3.9330028527830994, 4.908897722503496, 3.215581294260806, 1.0113344946159009, 4.2424446725915, 2.918848581204582, 3.162589205066001, 4.3560991575031895, 3.883281948300947, 4.754294788925062, 6.011035505634616, 5.440784478363391, 6.939754792498074, 6.428458472293339, 7.480945618035196, 4.057423671494018, 4.538557096699346, 3.7746214657896493, 5.460133290497587, 5.43530488013322], [3.701608031653271, 2.5412110518412283, 2.7564742316952646, 2.400352863643177, 3.492498289190705, 1.3640742318510382, 0.0, 1.2298629598455268, 1.5225413294883001, 2.5428698944303068, 3.0352183117528795, 3.1562737349602616, 4.576409896414437, 5.5516154937099165, 2.4999493294865003, 3.039173076677273, 4.207377099809333, 3.762637305135854, 2.0170298188177584, 3.4682108399000198, 2.829372501103381, 3.269696589899436, 4.086725794569536, 2.847098287730861, 3.509770569424731, 5.121542644555447, 4.753624134279025, 5.776880799358769, 5.429860110536919, 6.528557100156205, 2.7326382307213666, 3.454701936491772, 2.9550648554642587, 4.901440718809114, 4.733390701178173], [4.773329387335427, 3.6802691002153636, 3.953152591287111, 3.4605713415561885, 4.409116292410532, 2.242912519471056, 1.2298629598455268, 0.0, 2.4285960018084523, 3.209804885035849, 3.8209154478998877, 3.239240076005482, 4.664046723608158, 5.330272890762723, 2.8692458434229717, 3.3277789064179126, 4.633883194470918, 4.948591309655709, 2.4110754799466565, 4.189499875880174, 3.420605298773888, 4.284652645197742, 4.769256329869469, 2.61194377427999, 3.4446723748420545, 5.384899367676242, 4.903293840878803, 5.50231061009827, 5.007438490885335, 6.36045403489405, 2.6270932149430863, 3.9028520097487682, 2.9509719381925676, 5.248685544019569, 5.295596054270001], [2.4270505680764054, 1.5256740510344928, 2.4702240971215548, 2.88784225504095, 4.112205770629675, 2.4608919947856305, 1.5225413294883001, 2.4285960018084523, 0.0, 1.5829663988853333, 2.596787503820827, 2.625234513333999, 4.003423152753154, 5.140831252822836, 1.5557731486306094, 2.5804993877154865, 3.545927114310163, 3.38287849767029, 3.367827042768081, 2.1757580311238653, 2.9618074363469344, 2.7843267714117177, 3.541351631792584, 2.8859781807907003, 2.828522181281243, 4.250055804339515, 4.375900194245752, 5.23876226125981, 5.321313869713006, 6.0762836166525345, 2.200107710999623, 2.1853076694140805, 3.0508915549393096, 4.465652590607559, 3.7540638926368843], [3.0077405273726656, 2.499791057268587, 3.4783966205710355, 3.8862907109479083, 5.070325595067835, 3.3645538025123036, 2.5428698944303068, 3.209804885035849, 1.5829663988853333, 0.0, 1.5408161408811891, 1.5514849757570972, 2.587971568622809, 3.924393722602257, 2.5961960692520893, 3.9689301039448903, 4.8779266968662, 4.295328330872973, 4.2031829998228725, 1.0999943499854896, 2.1929907272945774, 2.198352858391937, 2.186542974651996, 2.185702706225163, 2.175998899356339, 2.7772913206935996, 2.899741169483925, 4.1992187380511625, 4.265533762614006, 4.736491483155015, 2.877709519739614, 2.7738829986140368, 4.4908330118141775, 5.881783894364022, 4.867646931526566], [3.6208102601489633, 3.032390833979024, 3.5232476992116237, 3.6949288423459525, 4.694706868378472, 3.2802757124973505, 3.0352183117528795, 3.8209154478998877, 2.596787503820827, 1.5408161408811891, 0.0, 2.5423597955442894, 3.0328522515941985, 4.479745647913506, 3.9713239920711585, 5.1750854862504445, 6.059145347324159, 4.242684175141958, 4.019868347346714, 2.1271003431902313, 1.09465966857284, 1.0935704229723844, 1.0946780713981623, 2.834625742492296, 3.4869836033454478, 3.2766726995536186, 2.7552804594088056, 5.0622224220198, 4.726868576552558, 5.09204175650593, 4.298392432061084, 4.225383100974396, 5.582646449489705, 6.997266491995285, 6.063688693361492], [4.408168784200533, 3.906855147046023, 4.877281539956455, 5.074946886421571, 6.245338142166523, 4.226480954647731, 3.1562737349602616, 3.239240076005482, 2.625234513333999, 1.5514849757570972, 2.5423597955442894, 0.0, 1.5337271563091006, 2.5237166203835164, 3.0592937551010038, 4.506252387516704, 5.569377111491015, 5.761923168526287, 4.851725872305647, 2.1397343900587287, 2.7702902988676112, 3.5087841455410165, 2.8307187797448194, 1.0957921837647866, 1.0947792562886822, 2.168085909275737, 2.1735877944081303, 2.7895158970688803, 2.7793475979085454, 3.4751042487959976, 2.750316423613836, 3.2631075710126387, 4.875513582177779, 6.562277364604456, 5.6501302338972685], [5.3817768515612014, 5.073220358904194, 6.040142121672304, 6.279786245566005, 7.40462937897637, 5.489163223115159, 4.576409896414437, 4.664046723608158, 4.003423152753154, 2.587971568622809, 3.0328522515941985, 1.5337271563091006, 0.0, 1.5219739189618198, 4.472177638466523, 5.961572179383556, 6.9372437653581125, 6.844438766619218, 6.082917195721145, 2.775595087544291, 3.315040459783259, 4.058924858875808, 2.728005692809309, 2.1514620982020576, 2.132389403931655, 1.0959598897769935, 1.0949705064521145, 2.1704778022361806, 2.1696929736716206, 2.160333087743647, 4.166974907531841, 4.443754274259548, 6.391427522862166, 7.967412424369659, 6.8790527116747695], [6.697064978779884, 6.370038667072595, 7.363135296869127, 7.518007632345155, 8.643796217519245, 6.580593459559707, 5.5516154937099165, 5.330272890762723, 5.140831252822836, 3.924393722602257, 4.479745647913506, 2.5237166203835164, 1.5219739189618198, 0.0, 5.305577463386997, 6.731852603852821, 7.753534167719905, 8.21607675840483, 7.053223664396302, 4.135292729662557, 4.577096044436909, 5.536961170172679, 4.194274853893101, 2.7819636104737246, 2.66108848030275, 2.1470317300869124, 2.135244178074255, 1.0946558089189498, 1.0946993240155034, 1.0945051575940605, 4.72051202413467, 5.289515025028288, 7.059403034959826, 8.746883757659067, 7.755182503332852], [2.9249300487362087, 2.4724445838076936, 3.548504656894225, 4.075203491851664, 5.240476278927328, 3.6561689102118904, 2.4999493294865003, 2.8692458434229717, 1.5557731486306094, 2.5961960692520893, 3.9713239920711585, 3.0592937551010038, 4.472177638466523, 5.305577463386997, 0.0, 1.5119760381699174, 2.518016777148238, 4.329649935040938, 4.4286582595635, 2.831896858997516, 4.363474205263508, 4.254902163387544, 4.769585152819897, 3.405722353627788, 2.658545786703701, 4.638196031864112, 5.144352268264685, 5.0804862857801325, 5.527601775634711, 6.307154025390533, 1.0964345625708816, 1.0985074874574137, 2.229900206287268, 3.506083571451199, 2.7746388629873975], [3.4365088520182803, 2.9820265357638926, 3.6869455108531235, 4.143963407174344, 5.123349225848263, 3.9330028527830994, 3.039173076677273, 3.3277789064179126, 2.5804993877154865, 3.9689301039448903, 5.1750854862504445, 4.506252387516704, 5.961572179383556, 6.731852603852821, 1.5119760381699174, 0.0, 1.3388007207945474, 4.325425683097561, 4.5728665254957965, 4.216324247493307, 5.467685850522138, 5.264003844983399, 6.078650405312022, 4.677266980833999, 4.084653417366031, 6.149330211494581, 6.597934257023178, 6.452485240587536, 6.860769196671756, 7.760823037539252, 2.09566010841453, 2.1458144281367857, 1.0895240474629277, 2.113310755662782, 2.1221770378552303], [3.5056775464951135, 3.440146608794457, 4.092145736652105, 4.797091911773215, 5.653827848458069, 4.908897722503496, 4.207377099809333, 4.633883194470918, 3.545927114310163, 4.8779266968662, 6.059145347324159, 5.569377111491015, 6.9372437653581125, 7.753534167719905, 2.518016777148238, 1.3388007207945474, 0.0, 4.454053570625302, 5.591565359539311, 4.881746586007922, 6.492538459647352, 5.986891588295215, 6.914837156433982, 5.885022703439639, 5.0957752177661835, 6.957535677235151, 7.609368891701861, 7.398866065148092, 7.995571988294521, 8.73866251150598, 3.229514443379995, 2.6479717313445774, 2.095350486195567, 1.0859475770036044, 1.086930287552978], [2.435331145860866, 2.0309982619391875, 1.010460241672081, 2.0238751394293075, 2.4598532212308926, 3.215581294260806, 3.762637305135854, 4.948591309655709, 3.38287849767029, 4.295328330872973, 4.242684175141958, 5.761923168526287, 6.844438766619218, 8.21607675840483, 4.329649935040938, 4.325425683097561, 4.454053570625302, 0.0, 4.008210605744164, 4.436499658514582, 4.645592455220324, 3.4143214699263456, 5.096708483913908, 6.009330667387175, 6.127744395778923, 6.856089418174183, 6.905144457576539, 8.43628131228446, 8.456030176743694, 9.004592136238042, 5.30840722910366, 4.63500298381781, 4.743710245156211, 4.940630272546206, 4.485430501077906], [5.011014924144609, 3.785373302595135, 3.196233949509954, 2.0006495495213543, 2.4252459854620936, 1.0113344946159009, 2.0170298188177584, 2.4110754799466565, 3.367827042768081, 4.2031829998228725, 4.019868347346714, 4.851725872305647, 6.082917195721145, 7.053223664396302, 4.4286582595635, 4.5728665254957965, 5.591565359539311, 4.008210605744164, 0.0, 5.154054274064253, 3.4294054965839194, 3.971026801722698, 5.048101438164649, 4.308136289626873, 5.392421999435875, 6.721234271322493, 5.959962050214751, 7.456418791886625, 6.753720376947805, 7.9533810018130024, 4.675040013732502, 5.389819560987177, 4.193865390066782, 6.025354463432006, 6.231646735815501], [2.64234715546614, 2.6225976778758877, 3.795138901278845, 4.511680972763921, 5.681940468713131, 4.2424446725915, 3.4682108399000198, 4.189499875880174, 2.1757580311238653, 1.0999943499854896, 2.1271003431902313, 2.1397343900587287, 2.775595087544291, 4.135292729662557, 2.831896858997516, 4.216324247493307, 4.881746586007922, 4.436499658514582, 5.154054274064253, 0.0, 3.054376178534661, 2.533293934781355, 2.408312627131287, 3.058430886909168, 2.469967785215022, 2.5165341265319645, 3.226162125498345, 4.278226158117404, 4.719158493841884, 4.827528036169236, 3.2618822740865436, 2.5690856350071325, 4.948028182013518, 5.939882014821507, 4.627673836821259], [4.431258129470682, 3.6106960520099167, 3.8434118072358574, 3.6138981834025157, 4.508152474129508, 2.918848581204582, 2.829372501103381, 3.420605298773888, 2.9618074363469344, 2.1929907272945774, 1.09465966857284, 2.7702902988676112, 3.315040459783259, 4.577096044436909, 4.363474205263508, 5.467685850522138, 6.492538459647352, 4.645592455220324, 3.4294054965839194, 3.054376178534661, 0.0, 1.7742749505079531, 1.7683569860183777, 2.6233452708326443, 3.791692389949375, 3.854851256533772, 2.856439325453982, 5.267346047109492, 4.570543483000682, 5.2174393048697745, 4.531332131945307, 4.837120511213257, 5.669593033895819, 7.360294191810542, 6.662536188269448], [3.170303602180712, 2.641857834933591, 2.864015363087286, 3.1674201110683127, 4.057743344520449, 3.162589205066001, 3.269696589899436, 4.284652645197742, 2.7843267714117177, 2.198352858391937, 1.0935704229723844, 3.5087841455410165, 4.058924858875808, 5.536961170172679, 4.254902163387544, 5.264003844983399, 5.986891588295215, 3.4143214699263456, 3.971026801722698, 2.533293934781355, 1.7742749505079531, 0.0, 1.7473785937798372, 3.820750650068648, 4.3432372834096915, 4.144878243085072, 3.7863090602854914, 6.071495132172964, 5.8174034938278085, 6.123513447360102, 4.810195315161329, 4.47951294227397, 5.715095940577026, 6.868822072961272, 5.940718193956013], [4.273860730065967, 3.9221852442229195, 4.48160343961846, 4.730327442154508, 5.67143997058948, 4.3560991575031895, 4.086725794569536, 4.769256329869469, 3.541351631792584, 2.186542974651996, 1.0946780713981623, 2.8307187797448194, 2.728005692809309, 4.194274853893101, 4.769585152819897, 6.078650405312022, 6.914837156433982, 5.096708483913908, 5.048101438164649, 2.408312627131287, 1.7683569860183777, 1.7473785937798372, 0.0, 3.2665368603461373, 3.804029822438305, 2.798009967816412, 2.2373607777915474, 4.884056540418015, 4.576828449920316, 4.592282727576777, 5.0254646531440255, 4.846843000345689, 6.553299076037961, 7.898470588664617, 6.80803249478144], [5.034009332530085, 4.299217888174545, 5.050620992511713, 4.955613517012802, 6.0536359619653375, 3.883281948300947, 2.847098287730861, 2.61194377427999, 2.8859781807907003, 2.185702706225163, 2.834625742492296, 1.0957921837647866, 2.1514620982020576, 2.7819636104737246, 3.405722353627788, 4.677266980833999, 5.885022703439639, 6.009330667387175, 4.308136289626873, 3.058430886909168, 2.6233452708326443, 3.820750650068648, 3.2665368603461373, 0.0, 1.7619486059474039, 3.061103755183741, 2.4679701882316167, 3.1765851869578436, 2.589917226476553, 3.7702871787172922, 2.9305912713989986, 3.901061056943354, 4.801412585895947, 6.788234169502404, 6.152490735466409], [4.517928021781667, 4.145779345310119, 5.259451098736445, 5.571460291521425, 6.777092932076408, 4.754294788925062, 3.509770569424731, 3.4446723748420545, 2.828522181281243, 2.175998899356339, 3.4869836033454478, 1.0947792562886822, 2.132389403931655, 2.66108848030275, 2.658545786703701, 4.084653417366031, 5.0957752177661835, 6.127744395778923, 5.392421999435875, 2.469967785215022, 3.791692389949375, 4.3432372834096915, 3.804029822438305, 1.7619486059474039, 0.0, 2.526648145270726, 3.048194327794736, 2.472407688873338, 2.9907392748282158, 3.6801209681204767, 2.1256593447681125, 2.724046581833725, 4.507101841538529, 6.087280497069278, 5.1594370875125515], [5.138379923672441, 5.0838729222906425, 6.158336883445076, 6.613376130993911, 7.755343907268071, 6.011035505634616, 5.121542644555447, 5.384899367676242, 4.250055804339515, 2.7772913206935996, 3.2766726995536186, 2.168085909275737, 1.0959598897769935, 2.1470317300869124, 4.638196031864112, 6.149330211494581, 6.957535677235151, 6.856089418174183, 6.721234271322493, 2.5165341265319645, 3.854851256533772, 4.144878243085072, 2.798009967816412, 3.061103755183741, 2.526648145270726, 0.0, 1.7682805122491172, 2.500139470109618, 3.065718082276973, 2.4772360989619053, 4.495355634429828, 4.355012492519395, 6.741090925065467, 8.026849878999855, 6.727940279907365], [5.738498598936834, 5.34049464001229, 6.121740901083613, 6.228127636778167, 7.260747427779044, 5.440784478363391, 4.753624134279025, 4.903293840878803, 4.375900194245752, 2.899741169483925, 2.7552804594088056, 2.1735877944081303, 1.0949705064521145, 2.135244178074255, 5.144352268264685, 6.597934257023178, 7.609368891701861, 6.905144457576539, 5.959962050214751, 3.226162125498345, 2.856439325453982, 3.7863090602854914, 2.2373607777915474, 2.4679701882316167, 3.048194327794736, 1.7682805122491172, 0.0, 3.0571698088264583, 2.493549720779596, 2.4562690162113756, 4.923852598321766, 5.222616507077655, 6.964968182985476, 8.621998390744455, 7.584636083557338], [6.717762672944021, 6.485547014708937, 7.591895258761149, 7.849583279384963, 9.022919565750323, 6.939754792498074, 5.776880799358769, 5.50231061009827, 5.23876226125981, 4.1992187380511625, 5.0622224220198, 2.7895158970688803, 2.1704778022361806, 1.0946558089189498, 5.0804862857801325, 6.452485240587536, 7.398866065148092, 8.43628131228446, 7.456418791886625, 4.278226158117404, 5.267346047109492, 6.071495132172964, 4.884056540418015, 3.1765851869578436, 2.472407688873338, 2.500139470109618, 3.0571698088264583, 0.0, 1.7749337142552677, 1.7714547468112187, 4.408762870692866, 4.951221136245078, 6.821898336240435, 8.3774289236018, 7.368240528104386], [7.171103139684996, 6.669640449829361, 7.54140689062724, 7.5050956616155124, 8.578264351254278, 6.428458472293339, 5.429860110536919, 5.007438490885335, 5.321313869713006, 4.265533762614006, 4.726868576552558, 2.7793475979085454, 2.1696929736716206, 1.0946993240155034, 5.527601775634711, 6.860769196671756, 7.995571988294521, 8.456030176743694, 6.753720376947805, 4.719158493841884, 4.570543483000682, 5.8174034938278085, 4.576828449920316, 2.589917226476553, 2.9907392748282158, 3.065718082276973, 2.493549720779596, 1.7749337142552677, 0.0, 1.7723608577262133, 4.8262371305189715, 5.714072170527775, 7.020774309148529, 8.929012591546726, 8.140889647329708], [7.454930803837149, 7.209336252388287, 8.194428847698905, 8.375334143781966, 9.477650224079806, 7.480945618035196, 6.528557100156205, 6.36045403489405, 6.0762836166525345, 4.736491483155015, 5.09204175650593, 3.4751042487959976, 2.160333087743647, 1.0945051575940605, 6.307154025390533, 7.760823037539252, 8.73866251150598, 9.004592136238042, 7.9533810018130024, 4.827528036169236, 5.2174393048697745, 6.123513447360102, 4.592282727576777, 3.7702871787172922, 3.6801209681204767, 2.4772360989619053, 2.4562690162113756, 1.7714547468112187, 1.7723608577262133, 0.0, 5.775195741271459, 6.206366793865796, 8.128450412594026, 9.752959073532503, 8.669684086516648], [3.9618212024269854, 3.4452246037087337, 4.452141310650416, 4.759032343869918, 5.916795440101001, 4.057423671494018, 2.7326382307213666, 2.6270932149430863, 2.200107710999623, 2.877709519739614, 4.298392432061084, 2.750316423613836, 4.166974907531841, 4.72051202413467, 1.0964345625708816, 2.09566010841453, 3.229514443379995, 5.30840722910366, 4.675040013732502, 3.2618822740865436, 4.531332131945307, 4.810195315161329, 5.025