{"total energy": -30.38329798, "HOMO-LUMO gap/eV": 11.8805692, "electronic energy": -30.77342702, "dipole": [0.18232051, 0.47653383, -0.57856785], "partial charges": [-0.09945024, -0.05146176, -0.05758792, -0.05801307, -0.0579815, -0.07037896, 0.11321575, -0.11655832, -0.44966685, 0.03310828, 0.03264628, 0.02969759, 0.0284747, 0.02757117, 0.03104045, 0.02771991, 0.03117759, 0.02801977, 0.04164898, 0.03082233, 0.02942668, 0.03135942, 0.04298204, 0.04728695, 0.03400719, 0.03602128, 0.28487227], "atomic dipole moments": [[-0.0283936, -0.09712405, -0.00190696], [-0.06528504, 0.08218598, 0.03693981], [0.01790107, 0.05712052, -0.09241594], [-0.02051227, -0.06466235, 0.08904958], [0.01090755, 0.06597351, -0.09651747], [-0.02851084, -0.06318649, 0.08130516], [-0.00734306, 0.13553841, 0.12115333], [0.07988664, -0.04028767, 0.05601337], [0.04525172, 0.05619784, -0.22293308], [-0.00763172, 0.04994461, 0.11571473], [-0.06641439, 0.07132029, -0.0796674], [0.11877473, 0.00872126, -0.03607817], [0.0110032, -0.04413689, -0.11519281], [0.07875939, -0.06456266, 0.06528666], [-0.00671732, 0.03926281, 0.11802519], [-0.01656649, -0.12065499, 0.00796077], [0.01247659, 0.12325046, -0.00198916], [0.00944408, -0.03705491, -0.11793648], [-0.00808279, 0.03709566, 0.12094189], [-0.01521374, -0.12433535, 0.00208579], [0.02019261, 0.12194124, 0.00211277], [0.01356645, -0.03433798, -0.11961945], [-0.01670679, -0.12895739, 0.0002088], [-0.11638076, -0.02585225, 0.04611843], [0.00026103, 0.1254907, -0.0023871], [0.00848705, -0.04283569, -0.12060175], [0.00978197, 0.07689005, -0.00678718]], "atomic quadrupole moments": [[-0.0730876, 0.08917, 0.19931837, -0.00450284, 0.0077947, -0.12623078], [0.08009745, 0.11839224, 0.09468356, -0.10500652, -0.01390496, -0.17478101], [0.2195188, -0.0468459, -0.14554185, 0.01001887, -0.10418038, -0.07397695], [0.22025915, -0.02293625, -0.15178656, 0.0170109, -0.12420492, -0.06847259], [0.22917356, -0.03871328, -0.1450631, 0.02491146, -0.13249671, -0.08411045], [0.2160337, -0.02194053, -0.14900952, 0.01109421, -0.11331996, -0.06702418], [-0.02721314, -0.05321041, -0.26247698, -0.03288691, 0.13213907, 0.28969012], [0.04924196, -0.0960147, -0.07219098, 0.152579, -0.07952996, 0.02294902], [-0.10458938, -0.00150996, -0.03968547, -0.0352407, 0.06011077, 0.14427485], [-0.05005827, 0.00022905, -0.01976033, -0.01699783, 0.03138399, 0.0698186], [0.00420969, -0.03007597, -0.00494229, 0.0560454, -0.03174159, 0.0007326], [0.07064858, 0.00097234, -0.02655582, -0.03878174, -0.00081729, -0.04409276], [-0.03267096, 0.01628749, -0.01989532, 0.00060115, 0.02101141, 0.05256628], [0.01342671, -0.01135194, -0.00570904, 0.0353511, -0.03765602, -0.00771767], [-0.01849477, -0.00909255, -0.01765336, 0.00144082, 0.04153426, 0.03614814], [-0.00924087, 0.01400057, 0.0551057, 0.0053251, 0.0050655, -0.04586483], [-0.01797137, 0.01122578, 0.05414667, 0.00355872, 0.01025324, -0.03617529], [-0.02031839, -0.00455863, -0.02006813, -0.00420491, 0.03649118, 0.04038652], [-0.01888019, -0.00479975, -0.01844823, -0.00482671, 0.03451384, 0.03732842], [-0.01850784, 0.00796175, 0.05437779, 0.00348173, 0.01037685, -0.03586995], [-0.02186283, 0.00267835, 0.06161601, 0.01242664, 0.00976417, -0.03975318], [-0.01966745, -0.01077934, -0.02781447, -0.00386893, 0.03535716, 0.04748191], [-0.0122093, 0.00088281, 0.02768655, 0.00105776, -0.00334246, -0.01547725], [0.05294021, 0.029723, -0.02872308, -0.03841725, -0.02502445, -0.02421713], [-0.03335855, 0.02260494, 0.0835428, 0.00764255, 0.00122333, -0.05018425], [-0.03846238, -0.01400781, -0.02869211, -0.01113028, 0.04351263, 0.06715449], [-0.08897941, 0.02519786, 0.13808892, -0.00692546, 0.00730333, -0.04910952]], "number of molecular orbitals": 54, "number of electrons": 56, "number of unpaired electrons": 0, "orbital energies/eV": [-18.47800113, -17.14367642, -16.908317, -16.68788566, -16.27505789, -16.01454892, -15.75851935, -15.24126506, -14.94816373, -14.57099118, -14.43846813, -13.96638893, -13.92082119, -13.55692346, -13.49616103, -13.232986, -12.93909856, -12.75413676, -12.64085004, -12.3210655, -12.29894375, -12.0936582, -11.76350611, -11.68869126, -11.60506132, -11.48658858, -11.3445332, -10.93415764, 0.94641156, 1.50563506, 2.57221221, 2.79429152, 2.88590125, 3.25664455, 3.3091876, 3.50643931, 3.8000257, 4.03514917, 4.27029595, 4.41293166, 4.73280374, 5.0047292, 5.07993652, 5.42687728, 5.72274302, 5.94237048, 6.41085896, 6.57816675, 6.80111556, 7.23683258, 7.37585513, 7.61199103, 7.96242745, 8.44427871], "fractional occupation": [2.0, 2.0, 2.0, 2.0, 2.0, 2.0, 2.0, 2.0, 2.0, 2.0, 2.0, 2.0, 2.0, 2.0, 2.0, 2.0, 2.0, 2.0, 2.0, 2.0, 2.0, 2.0, 2.0, 2.0, 2.0, 2.0, 2.0, 2.0, 0.0, 0.0, 0.0, 0.0, 0.0, 0.0, 0.0, 0.0, 0.0, 0.0, 0.0, 0.0, 0.0, 0.0, 0.0, 0.0, 0.0, 0.0, 0.0, 0.0, 0.0, 0.0, 0.0, 0.0, 0.0, 0.0], "program call": "xtb /home/svss/Project-DBcg-Debug/aqme2_20220329/End-to-End-workflows-final/example-3/QDESCP/mol_1113_rdkit_conf_15/mol_1113_rdkit_conf_15.xyz --pop --wbo --acc 0.2 --gfn 2 --chrg 0 --uhf 0 --etemp 300 --input /home/svss/Project-DBcg-Debug/aqme2_20220329/End-to-End-workflows-final/example-3/QDESCP/mol_1113_rdkit_conf_15/mol_1113_rdkit_conf_15_xtb.inp", "method": "GFN2-xTB", "xtb version": "6.3.3 (7355c4f)", "Dipole module/D": 1.961, "Total charge": 0, "Transition dipole module/D": NaN, "HOMO": -10.9342, "LUMO": 0.9464, "HOMO occupancy": 2.0, "LUMO occupancy": 0, "mulliken charges": [-0.08492, -0.03887, -0.04658, -0.04805, -0.04038, -0.07229, 0.22326, -0.111, -0.56508, 0.02707, 0.02609, 0.02779, 0.02195, 0.02346, 0.02407, 0.02393, 0.0221, 0.02119, 0.03253, 0.02371, 0.02296, 0.02481, 0.0292, 0.04248, 0.02755, 0.02987, 0.33314], "cm5 charges": [-0.23539, -0.15126, -0.15711, -0.15889, -0.15023, -0.17879, 0.17381, -0.25693, -0.77584, 0.07849, 0.07784, 0.07857, 0.07654, 0.07768, 0.07929, 0.07885, 0.07808, 0.07666, 0.09044, 0.07954, 0.08064, 0.08064, 0.09549, 0.09576, 0.08108, 0.0816, 0.50343], "FUKUI+": [0.017, -0.008, -0.017, -0.014, -0.018, -0.005, -0.032, 0.02, -0.079, -0.024, -0.013, -0.038, -0.035, -0.054, -0.041, -0.04, -0.044, -0.046, -0.044, -0.048, -0.049, -0.073, -0.062, -0.067, -0.043, -0.064, -0.078], "FUKUI-": [0.018, 0.003, -0.0, -0.007, 0.001, -0.009, -0.01, 0.005, -0.105, -0.043, -0.065, -0.06, -0.058, -0.102, -0.046, -0.046, -0.041, -0.041, -0.032, -0.041, -0.037, -0.046, -0.048, -0.059, -0.039, -0.047, -0.045], "FUKUIrad": [0.017, -0.003, -0.009, -0.011, -0.008, -0.007, -0.021, 0.013, -0.092, -0.034, -0.039, -0.049, -0.047, -0.078, -0.043, -0.043, -0.042, -0.044, -0.038, -0.044, -0.043, -0.06, -0.055, -0.063, -0.041, -0.056, -0.061], "s proportion": [1.007, 1.027, 1.032, 1.032, 1.031, 1.042, 1.016, 1.02, 1.698, 0.973, 0.974, 0.972, 0.978, 0.977, 0.976, 0.976, 0.978, 0.979, 0.967, 0.976, 0.977, 0.975, 0.971, 0.958, 0.972, 0.97, 0.667], "p proportion": [3.078, 3.012, 3.015, 3.016, 3.009, 3.031, 2.761, 3.091, 4.867, 0.0, 0.0, 0.0, 0.0, 0.0, 0.0, 0.0, 0.0, 0.0, 0.0, 0.0, 0.0, 0.0, 0.0, 0.0, 0.0, 0.0, 0.0], "d proportion": [0.0, 0.0, 0.0, 0.0, 0.0, 0.0, 0.0, 0.0, 0.0, 0.0, 0.0, 0.0, 0.0, 0.0, 0.0, 0.0, 0.0, 0.0, 0.0, 0.0, 0.0, 0.0, 0.0, 0.0, 0.0, 0.0, 0.0], "Fermi-level/eV": -4.9939, "Coordination numbers": [3.749, 3.799, 3.801, 3.801, 3.801, 3.801, 3.724, 3.75, 1.653, 0.924, 0.924, 0.924, 0.924, 0.924, 0.924, 0.924, 0.924, 0.924, 0.924, 0.924, 0.924, 0.924, 0.924, 0.924, 0.924, 0.924, 0.804], "Dispersion coefficient C6": [22.464, 21.499, 21.61, 21.618, 21.617, 21.846, 18.826, 22.795, 21.838, 2.543, 2.549, 2.591, 2.608, 2.621, 2.572, 2.619, 2.57, 2.615, 2.427, 2.575, 2.595, 2.567, 2.41, 2.354, 2.53, 2.503, 0.768], "Total dispersion C6": 4849.382814, "Total dispersion C8": 100706.120231, "Polarizability alpha": [6.76, 6.602, 6.619, 6.62, 6.62, 6.655, 6.196, 6.809, 6.308, 2.494, 2.497, 2.517, 2.526, 2.532, 2.508, 2.531, 2.507, 2.529, 2.436, 2.509, 2.519, 2.506, 2.428, 2.399, 2.488, 2.474, 1.377], "Total polarizability alpha": 102.964014, "Wiberg matrix": [[0.0, 1.020958535250074, 0.0, 0.0, 0.0, 0.0, 0.0, 0.0, 0.0, 0.9874076143873532, 0.9861809957984324, 0.9873745950191742, 0.0, 0.0, 0.0, 0.0, 0.0, 0.0, 0.0, 0.0, 0.0, 0.0, 0.0, 0.0, 0.0, 0.0, 0.0], [1.020958535250074, 0.0, 1.0069071542153636, 0.0, 0.0, 0.0, 0.0, 0.0, 0.0, 0.0, 0.0, 0.0, 0.9778653365076542, 0.9781148990641781, 0.0, 0.0, 0.0, 0.0, 0.0, 0.0, 0.0, 0.0, 0.0, 0.0, 0.0, 0.0, 0.0], [0.0, 1.0069071542153636, 0.0, 1.0078675698927977, 0.0, 0.0, 0.0, 0.0, 0.0, 0.0, 0.0, 0.0, 0.0, 0.0, 0.9771210505609537, 0.9771550353657302, 0.0, 0.0, 0.0, 0.0, 0.0, 0.0, 0.0, 0.0, 0.0, 0.0, 0.0], [0.0, 0.0, 1.0078675698927977, 0.0, 1.0065598144226229, 0.0, 0.0, 0.0, 0.0, 0.0, 0.0, 0.0, 0.0, 0.0, 0.0, 0.0, 0.9757519857465384, 0.9772467639274678, 0.0, 0.0, 0.0, 0.0, 0.0, 0.0, 0.0, 0.0, 0.0], [0.0, 0.0, 0.0, 1.0065598144226229, 0.0, 1.0066055536059662, 0.0, 0.0, 0.0, 0.0, 0.0, 0.0, 0.0, 0.0, 0.0, 0.0, 0.0, 0.0, 0.9763115785827458, 0.9771712836737633, 0.0, 0.0, 0.0, 0.0, 0.0, 0.0, 0.0], [0.0, 0.0, 0.0, 0.0, 1.0066055536059662, 0.0, 0.9887594207309115, 0.0, 0.0, 0.0, 0.0, 0.0, 0.0, 0.0, 0.0, 0.0, 0.0, 0.0, 0.0, 0.0, 0.9747412111404932, 0.9754589282797718, 0.0, 0.0, 0.0, 0.0, 0.0], [0.0, 0.0, 0.0, 0.0, 0.0, 0.9887594207309115, 0.0, 1.002422852619287, 0.9845830363597783, 0.0, 0.0, 0.0, 0.0, 0.0, 0.0, 0.0, 0.0, 0.0, 0.0, 0.0, 0.0, 0.0, 0.9631599909129422, 0.0, 0.0, 0.0, 0.0], [0.0, 0.0, 0.0, 0.0, 0.0, 0.0, 1.002422852619287, 0.0, 0.0, 0.0, 0.0, 0.0, 0.0, 0.0, 0.0, 0.0, 0.0, 0.0, 0.0, 0.0, 0.0, 0.0, 0.0, 0.9851201545527952, 0.9849493403156736, 0.9856479283766264, 0.0], [0.0, 0.0, 0.0, 0.0, 0.0, 0.0, 0.9845830363597783, 0.0, 0.0, 0.0, 0.0, 0.0, 0.0, 0.0, 0.0, 0.0, 0.0, 0.0, 0.0, 0.0, 0.0, 0.0, 0.0, 0.0, 0.0, 0.0, 0.9008141775605456], [0.9874076143873532, 0.0, 0.0, 0.0, 0.0, 0.0, 0.0, 0.0, 0.0, 0.0, 0.0, 0.0, 0.0, 0.0, 0.0, 0.0, 0.0, 0.0, 0.0, 0.0, 0.0, 0.0, 0.0, 0.0, 0.0, 0.0, 0.0], [0.9861809957984324, 0.0, 0.0, 0.0, 0.0, 0.0, 0.0, 0.0, 0.0, 0.0, 0.0, 0.0, 0.0, 0.0, 0.0, 0.0, 0.0, 0.0, 0.0, 0.0, 0.0, 0.0, 0.0, 0.0, 0.0, 0.0, 0.0], [0.9873745950191742, 0.0, 0.0, 0.0, 0.0, 0.0, 0.0, 0.0, 0.0, 0.0, 0.0, 0.0, 0.0, 0.0, 0.0, 0.0, 0.0, 0.0, 0.0, 0.0, 0.0, 0.0, 0.0, 0.0, 0.0, 0.0, 0.0], [0.0, 0.9778653365076542, 0.0, 0.0, 0.0, 0.0, 0.0, 0.0, 0.0, 0.0, 0.0, 0.0, 0.0, 0.0, 0.0, 0.0, 0.0, 0.0, 0.0, 0.0, 0.0, 0.0, 0.0, 0.0, 0.0, 0.0, 0.0], [0.0, 0.9781148990641781, 0.0, 0.0, 0.0, 0.0, 0.0, 0.0, 0.0, 0.0, 0.0, 0.0, 0.0, 0.0, 0.0, 0.0, 0.0, 0.0, 0.0, 0.0, 0.0, 0.0, 0.0, 0.0, 0.0, 0.0, 0.0], [0.0, 0.0, 0.9771210505609537, 0.0, 0.0, 0.0, 0.0, 0.0, 0.0, 0.0, 0.0, 0.0, 0.0, 0.0, 0.0, 0.0, 0.0, 0.0, 0.0, 0.0, 0.0, 0.0, 0.0, 0.0, 0.0, 0.0, 0.0], [0.0, 0.0, 0.9771550353657302, 0.0, 0.0, 0.0, 0.0, 0.0, 0.0, 0.0, 0.0, 0.0, 0.0, 0.0, 0.0, 0.0, 0.0, 0.0, 0.0, 0.0, 0.0, 0.0, 0.0, 0.0, 0.0, 0.0, 0.0], [0.0, 0.0, 0.0, 0.9757519857465384, 0.0, 0.0, 0.0, 0.0, 0.0, 0.0, 0.0, 0.0, 0.0, 0.0, 0.0, 0.0, 0.0, 0.0, 0.0, 0.0, 0.0, 0.0, 0.0, 0.0, 0.0, 0.0, 0.0], [0.0, 0.0, 0.0, 0.9772467639274678, 0.0, 0.0, 0.0, 0.0, 0.0, 0.0, 0.0, 0.0, 0.0, 0.0, 0.0, 0.0, 0.0, 0.0, 0.0, 0.0, 0.0, 0.0, 0.0, 0.0, 0.0, 0.0, 0.0], [0.0, 0.0, 0.0, 0.0, 0.9763115785827458, 0.0, 0.0, 0.0, 0.0, 0.0, 0.0, 0.0, 0.0, 0.0, 0.0, 0.0, 0.0, 0.0, 0.0, 0.0, 0.0, 0.0, 0.0, 0.0, 0.0, 0.0, 0.0], [0.0, 0.0, 0.0, 0.0, 0.9771712836737633, 0.0, 0.0, 0.0, 0.0, 0.0, 0.0, 0.0, 0.0, 0.0, 0.0, 0.0, 0.0, 0.0, 0.0, 0.0, 0.0, 0.0, 0.0, 0.0, 0.0, 0.0, 0.0], [0.0, 0.0, 0.0, 0.0, 0.0, 0.9747412111404932, 0.0, 0.0, 0.0, 0.0, 0.0, 0.0, 0.0, 0.0, 0.0, 0.0, 0.0, 0.0, 0.0, 0.0, 0.0, 0.0, 0.0, 0.0, 0.0, 0.0, 0.0], [0.0, 0.0, 0.0, 0.0, 0.0, 0.9754589282797718, 0.0, 0.0, 0.0, 0.0, 0.0, 0.0, 0.0, 0.0, 0.0, 0.0, 0.0, 0.0, 0.0, 0.0, 0.0, 0.0, 0.0, 0.0, 0.0, 0.0, 0.0], [0.0, 0.0, 0.0, 0.0, 0.0, 0.0, 0.9631599909129422, 0.0, 0.0, 0.0, 0.0, 0.0, 0.0, 0.0, 0.0, 0.0, 0.0, 0.0, 0.0, 0.0, 0.0, 0.0, 0.0, 0.0, 0.0, 0.0, 0.0], [0.0, 0.0, 0.0, 0.0, 0.0, 0.0, 0.0, 0.9851201545527952, 0.0, 0.0, 0.0, 0.0, 0.0, 0.0, 0.0, 0.0, 0.0, 0.0, 0.0, 0.0, 0.0, 0.0, 0.0, 0.0, 0.0, 0.0, 0.0], [0.0, 0.0, 0.0, 0.0, 0.0, 0.0, 0.0, 0.9849493403156736, 0.0, 0.0, 0.0, 0.0, 0.0, 0.0, 0.0, 0.0, 0.0, 0.0, 0.0, 0.0, 0.0, 0.0, 0.0, 0.0, 0.0, 0.0, 0.0], [0.0, 0.0, 0.0, 0.0, 0.0, 0.0, 0.0, 0.9856479283766264, 0.0, 0.0, 0.0, 0.0, 0.0, 0.0, 0.0, 0.0, 0.0, 0.0, 0.0, 0.0, 0.0, 0.0, 0.0, 0.0, 0.0, 0.0, 0.0], [0.0, 0.0, 0.0, 0.0, 0.0, 0.0, 0.0, 0.0, 0.9008141775605456, 0.0, 0.0, 0.0, 0.0, 0.0, 0.0, 0.0, 0.0, 0.0, 0.0, 0.0, 0.0, 0.0, 0.0, 0.0, 0.0, 0.0, 0.0]], "Born radii": [], "Atomic SASAs": [], "Solvent H bonds": [], "Total SASA": NaN, "Total FOD": 0.0, "FOD": [0.0, 0.0, 0.0, 0.0, 0.0, 0.0, 0.0, 0.0, 0.0, 0.0, 0.0, 0.0, 0.0, 0.0, 0.0, 0.0, 0.0, 0.0, 0.0, 0.0, 0.0, 0.0, 0.0, 0.0, 0.0, 0.0, 0.0], "FOD s proportion": [0.0, 0.0, 0.0, 0.0, 0.0, 0.0, 0.0, 0.0, 0.0, 0.0, 0.0, 0.0, 0.0, 0.0, 0.0, 0.0, 0.0, 0.0, 0.0, 0.0, 0.0, 0.0, 0.0, 0.0, 0.0, 0.0, 0.0], "FOD p proportion": [0.0, 0.0, 0.0, 0.0, 0.0, 0.0, 0.0, 0.0, 0.0, 0.0, 0.0, 0.0, 0.0, 0.0, 0.0, 0.0, 0.0, 0.0, 0.0, 0.0, 0.0, 0.0, 0.0, 0.0, 0.0, 0.0, 0.0], "FOD d proportion": [0.0, 0.0, 0.0, 0.0, 0.0, 0.0, 0.0, 0.0, 0.0, 0.0, 0.0, 0.0, 0.0, 0.0, 0.0, 0.0, 0.0, 0.0, 0.0, 0.0, 0.0, 0.0, 0.0, 0.0, 0.0, 0.0, 0.0], "coordinates": [["3.85360", "0.88320", "-0.03040"], ["3.41850", "-0.57390", "-0.05440"], ["2.01140", "-0.80080", "0.50240"], ["0.91250", "-0.15670", "-0.34590"], ["-0.47790", "-0.50250", "0.19340"], ["-1.57920", "0.14370", "-0.65380"], ["-2.98050", "-0.22080", "-0.15270"], ["-4.06390", "0.37640", "-1.04070"], ["-3.16520", "0.25660", "1.17720"], ["3.77080", "1.30180", "0.97750"], ["3.25150", "1.49320", "-0.70990"], ["4.89800", "0.96810", "-0.34760"], ["3.48040", "-0.95630", "-1.07990"], ["4.12690", "-1.15830", "0.54480"], ["1.95690", "-0.42060", "1.52970"], ["1.83510", "-1.88230", "0.55620"], ["1.03310", "0.93240", "-0.35280"], ["0.99970", "-0.50100", "-1.38340"], ["-0.55880", "-0.16370", "1.23310"], ["-0.61030", "-1.59130", "0.19600"], ["-1.44920", "1.23300", "-0.62420"], ["-1.46960", "-0.17280", "-1.69810"], ["-3.09640", "-1.30980", "-0.12910"], ["-5.05670", "0.12240", "-0.65390"], ["-4.00250", "1.47020", "-1.05520"], ["-3.98430", "0.00740", "-2.06770"], ["-3.05370", "1.22260", "1.16600"]], "bond_dist": [[0.0, 1.5208643660760812, 2.552142762464514, 3.135442786912241, 4.553256327069673, 5.5182246828123995, 6.92377758886, 7.9977721010291365, 7.149439052121503, 1.0945063773226724, 1.0937754157047048, 1.09480373126876, 2.1504624479399777, 2.138520558704078, 2.7805174590352784, 3.473677022982995, 2.839292631977197, 3.4483856875355463, 4.707622077015103, 5.108895224997279, 5.347396218721782, 5.677395312112765, 7.288449127900942, 8.964430544100388, 7.94437481807096, 8.145568938999903, 7.0183586834814875], [1.5208643660760812, 0.0, 1.530176545369847, 2.5571593790767126, 3.904924552408151, 5.0844110189873515, 6.409488552138931, 7.606718578993179, 6.749198063473912, 2.169604431687952, 2.174964749139627, 2.157000345387084, 1.0962260806968607, 1.0965375324173816, 2.160821200377301, 2.142871550046806, 2.836920057033683, 2.7608239440427926, 4.200575624840004, 4.162815436696659, 5.223414873432897, 5.1726349677896275, 6.556756127079915, 8.524860642849243, 7.762163773716708, 7.6936814607832575, 6.826870531217067], [2.552142762464514, 1.530176545369847, 0.0, 1.5303786818954321, 2.52607964640864, 3.888609912295138, 5.067999765193365, 6.377791744796941, 5.32640942474384, 2.7824692505039477, 2.8757529970426874, 3.4905539345496437, 2.1646742341516423, 2.145913385950141, 1.096753199220317, 1.0970954288483752, 2.1661994760409304, 2.1609392795726583, 2.7469523002775276, 2.7553733140901255, 4.169091311065279, 4.165806674582967, 5.171797955256953, 7.221313283607076, 6.614420002539905, 6.573204678085112, 5.49452004546348], [3.135442786912241, 2.5571593790767126, 1.5303786818954321, 0.0, 1.530893298045295, 2.5285591667983565, 3.8983181052859197, 5.05287043273425, 4.372446430775339, 3.471093300388222, 2.8854093314467533, 4.141181978614318, 2.7878713331142095, 3.482659387594486, 2.1629354890980914, 2.1546857149013636, 1.0957786181524076, 1.0966095841273686, 2.1582431952863885, 2.1611692691688913, 2.754331837306464, 2.7391795231419205, 4.177070870837602, 5.983653520216557, 5.225622938942304, 5.193281649400502, 4.463076577877642], [4.553256327069673, 3.904924552408151, 2.52607964640864, 1.530893298045295, 0.0, 1.5323785335223148, 2.542075305729553, 3.8929248669862613, 2.9606885246509806, 4.682068238503151, 4.32518135342323, 5.599611251685245, 4.182746253360345, 4.664519122053204, 2.778606906347136, 2.7176167647407534, 2.1541572482063605, 2.160926248163042, 1.0964973050582478, 1.0968235774271082, 2.150314790908531, 2.1610051434459843, 2.759036387944168, 4.698279125381974, 4.227688778753706, 4.203262087950263, 3.2491024006639124], [5.5182246828123995, 5.0844110189873515, 3.888609912295138, 2.5285591667983565, 1.5323785335223148, 0.0, 1.5321890059649952, 2.5253861071131283, 2.4250161669564188, 5.711815411933407, 5.015970489347001, 6.536628614201667, 5.195297235962539, 5.97422992275992, 4.194056502957489, 4.150448227601448, 2.745316007311362, 2.7565702349114924, 2.167049268013997, 2.1612848609102873, 1.0974291093277964, 1.0966981809048466, 2.1656103481466835, 3.47756523303302, 2.7916137089504347, 2.793241291045226, 2.5787298229942586], [6.92377758886, 6.409488552138931, 5.067999765193365, 3.8983181052859197, 2.542075305729553, 1.5321890059649952, 0.0, 1.5228090490931554, 1.425011880652228, 7.012539803095595, 6.487379427781298, 7.970083529675207, 6.568400787101835, 7.202815231560504, 5.219991241371963, 5.143260135361617, 4.180776866803584, 4.1755390753769746, 2.7907584882966856, 2.7600199238411305, 2.16349864340147, 2.1618010939954675, 1.0954043865166874, 2.1632369541961878, 2.172204237635126, 2.1741468855622426, 1.9564589160010493], [7.9977721010291365, 7.606718578993179, 6.377791744796941, 5.05287043273425, 3.8929248669862613, 2.5253861071131283, 1.5228090490931554, 0.0, 2.3960580418679345, 8.14321929521734, 7.407546695094132, 9.008115680318499, 7.6612067208762875, 8.482824941020533, 6.5948614693562755, 6.515367702593615, 5.173176143337862, 5.15046784379827, 4.212790103957234, 4.162766284575679, 2.7827849180272626, 2.732066596918897, 2.147170521872914, 1.0953456440777039, 1.0956179306674385, 1.0941783035684813, 2.5702302173151725], [7.149439052121503, 6.749198063473912, 5.32640942474384, 4.372446430775339, 2.9606885246509806, 2.4250161669564188, 1.425011880652228, 2.3960580418679345, 0.0, 7.017151781884157, 6.801791297886169, 8.23689513894647, 7.122473319009345, 7.4549711052424605, 5.178683664793593, 5.473895715119169, 4.519217690043266, 4.947425808438162, 2.6406623903861695, 3.302272226815954, 2.6726494195834967, 3.3655302420272504, 2.0407748748943377, 2.6360404207826558, 2.6753515675514503, 3.355950157555979, 0.9724781180057472], [1.0945063773226724, 2.169604431687952, 2.7824692505039477, 3.471093300388222, 4.682068238503151, 5.711815411933407, 7.012539803095595, 8.14321929521734, 7.017151781884157, 0.0, 1.7758449284777091, 1.7713908490223156, 3.068589664650522, 2.5231188061603445, 2.5616049285555333, 3.7500561315798993, 3.066130417969856, 4.06238007330678, 4.578040822229527, 5.307994637337155, 5.460638820687557, 6.065894219321666, 7.429902688461, 9.054126494035746, 8.036443289167169, 8.431505821026278, 6.827562166688781], [1.0937754157047048, 2.174964749139627, 2.8757529970426874, 2.8854093314467533, 4.32518135342323, 5.015970489347001, 6.487379427781298, 7.407546695094132, 6.801791297886169, 1.7758449284777091, 0.0, 1.765772791159723, 2.4878395165283473, 3.061216996555455, 3.217829666094836, 3.8733962384450162, 2.315883332553693, 3.082375566020468, 4.586823813926146, 5.024768084200504, 4.708675930662462, 5.103026597030433, 6.963474136521224, 8.420713501835815, 7.262250139591724, 7.510527552708931, 6.583902506112921], [1.09480373126876, 2.157000345387084, 3.4905539345496437, 4.141181978614318, 5.599611251685245, 6.536628614201667, 7.970083529675207, 9.008115680318499, 8.23689513894647, 1.7713908490223156, 1.765772791159723, 0.0, 2.499833676467296, 2.4315735501933724, 3.755371112153897, 4.280536299343811, 3.8650683745569103, 4.292770590189976, 5.792775670609038, 6.098147112853214, 6.35874416925229, 6.608466752583385, 8.315467636880081, 9.995252886745787, 8.942689887276646, 9.098183433521223, 8.098474430409718], [2.1504624479399777, 1.0962260806968607, 2.1646742341516423, 2.7878713331142095, 4.182746253360345, 5.195297235962539, 6.568400787101835, 7.6612067208762875, 7.122473319009345, 3.068589664650522, 2.4878395165283473, 2.499833676467296, 0.0, 1.7602318994950636, 3.0688823535613095, 2.4982616556317714, 3.1757108479834875, 2.540331244149077, 4.7215802863024585, 4.331855526215065, 5.413100141323824, 5.049608251141865, 6.654568440552701, 8.615517749967207, 7.866530667962848, 7.59119309595007, 7.244731522285695], [2.138520558704078, 1.0965375324173816, 2.145913385950141, 3.482659387594486, 4.664519122053204, 5.97422992275992, 7.202815231560504, 8.482824941020533, 7.4549711052424605, 2.5231188061603445, 3.061216996555455, 2.4315735501933724, 1.7602318994950636, 0.0, 2.4946200712733795, 2.4034669126077026, 3.8403529382076327, 3.732208243118275, 4.839294425843503, 4.769718469679316, 6.178816059731831, 6.109224411494473, 7.256249468561566, 9.349630107121886, 8.692304447613418, 8.600905660452275, 7.590493436529671], [2.7805174590352784, 2.160821200377301, 1.096753199220317, 2.1629354890980914, 2.778606906347136, 4.194056502957489, 5.219991241371963, 6.5948614693562755, 5.178683664793593, 2.5616049285555333, 3.217829666094836, 3.755371112153897, 3.0688823535613095, 2.4946200712733795, 0.0, 1.7604273288040038, 2.495560395983235, 3.0673844900827154, 2.546117762398275, 3.120866869957769, 4.356052729249269, 4.713915562459727, 5.392414576977553, 7.365700436482602, 6.76544758386317, 6.9586153938840445, 5.285687872926285], [3.473677022982995, 2.142871550046806, 1.0970954288483752, 2.1546857149013636, 2.7176167647407534, 4.150448227601448, 5.143260135361617, 6.515367702593615, 5.473895715119169, 3.7500561315798993, 3.8733962384450162, 4.280536299343811, 2.4982616556317714, 2.4034669126077026, 1.7604273288040038, 0.0, 3.0646404503628157, 2.5234759776942597, 3.0236628085816712, 2.4888564040538776, 4.6781475756970305, 4.350321922570788, 5.011694782206914, 7.278741054605528, 6.921953479329373, 6.657419444499498, 5.823454772727268], [2.839292631977197, 2.836920057033683, 2.1661994760409304, 1.0957786181524076, 2.1541572482063605, 2.745316007311362, 4.180776866803584, 5.173176143337862, 4.519217690043266, 3.066130417969856, 2.315883332553693, 3.8650683745569103, 3.1757108479834875, 3.8403529382076327, 2.495560395983235, 3.0646404503628157, 0.0, 1.7657540825381093, 2.5001319225192895, 3.061210004230353, 2.5151205955182347, 3.0487384964932627, 4.704282387357289, 6.150806877963249, 5.112715712808606, 5.382453879969619, 4.369542735801997], [3.4483856875355463, 2.7608239440427926, 2.1609392795726583, 1.0966095841273686, 2.160926248163042, 2.7565702349114924, 4.1755390753769746, 5.15046784379827, 4.947425808438162, 4.06238007330678, 3.082375566020468, 4.292770590189976, 2.540331244149077, 3.732208243118275, 3.0673844900827154, 2.5234759776942597, 1.7657540825381093, 0.0, 3.0641092979853055, 2.5050665560020553, 3.09519819236184, 2.5108153695562723, 4.359525334253719, 6.131947388065231, 5.386589785754991, 5.0563814185640705, 5.0892326415678815], [4.707622077015103, 4.200575624840004, 2.7469523002775276, 2.1582431952863885, 1.0964973050582478, 2.167049268013997, 2.7907584882966856, 4.212790103957234, 2.6406623903861695, 4.578040822229527, 4.586823813926146, 5.792775670609038, 4.7215802863024585, 4.839294425843503, 2.546117762398275, 3.0236628085816712, 2.5001319225192895, 3.0641092979853055, 0.0, 1.7652961281326145, 2.4886032910048157, 3.0694580775765616, 3.099765766957239, 4.886074766108272, 4.4457862960335826, 4.760105681599937, 2.8549704219133343], [5.108895224997279, 4.162815436696659, 2.7553733140901255, 2.1611692691688913, 1.0968235774271082, 2.1612848609102873, 2.7600199238411305, 4.162766284575679, 3.302272226815954, 5.307994637337155, 5.024768084200504, 6.098147112853214, 4.331855526215065, 4.769718469679316, 3.120866869957769, 2.4888564040538776, 3.061210004230353, 2.5050665560020553, 1.7652961281326145, 0.0, 3.058292291459402, 2.517568976214952, 2.523019118040924, 4.840410174768251, 4.737647573427133, 4.366240417109438, 3.850861821722509], [5.347396218721782, 5.223414873432897, 4.169091311065279, 2.754331837306464, 2.150314790908531, 1.0974291093277964, 2.16349864340147, 2.7827849180272626, 2.6726494195834967, 5.460638820687557, 4.708675930662462, 6.35874416925229, 5.413100141323824, 6.178816059731831, 4.356052729249269, 4.6781475756970305, 2.5151205955182347, 3.09519819236184, 2.4886032910048157, 3.058292291459402, 0.0, 1.76916675584864, 3.069889849815462, 3.7747014054094397, 2.600262627120576, 3.164256566715158, 2.4040267157417365], [5.677395312112765, 5.1726349677896275, 4.165806674582967, 2.7391795231419205, 2.1610051434459843, 1.0966981809048466, 2.1618010939954675, 2.732066596918897, 3.3655302420272504, 6.065894219321666, 5.103026597030433, 6.608466752583385, 5.049608251141865, 6.109224411494473, 4.713915562459727, 4.350321922570788, 3.0487384964932627, 2.5108153695562723, 3.0694580775765616, 2.517568976214952, 1.76916675584864, 0.0, 2.530021391213916, 3.7476370008313244, 3.0868028476078617, 2.548095816487285, 3.558030744667617], [7.288449127900942, 6.556756127079915, 5.171797955256953, 4.177070870837602, 2.759036387944168, 2.1656103481466835, 1.0954043865166874, 2.147170521872914, 2.0407748748943377, 7.429902688461, 6.963474136521224, 8.315467636880081, 6.654568440552701, 7.256249468561566, 5.392414576977553, 5.011694782206914, 4.704282387357289, 4.359525334253719, 3.099765766957239, 2.523019118040924, 3.069889849815462, 2.530021391213916, 0.0, 2.483825269619423, 3.067096089137085, 2.506302497704537, 2.844671696347401], [8.964430544100388, 8.524860642849243, 7.221313283607076, 5.983653520216557, 4.698279125381974, 3.47756523303302, 2.1632369541961878, 1.0953456440777039, 2.6360404207826558, 9.054126494035746, 8.420713501835815, 9.995252886745787, 8.615517749967207, 9.349630107121886, 7.365700436482602, 7.278741054605528, 6.150806877963249, 6.131947388065231, 4.886074766108272, 4.840410174768251, 3.7747014054094397, 3.7476370008313244, 2.483825269619423, 0.0, 1.757539237115348, 1.7782286692098965, 2.9213840983342125], [7.94437481807096, 7.762163773716708, 6.614420002539905, 5.225622938942304, 4.227688778753706, 2.7916137089504347, 2.172204237635126, 1.0956179306674385, 2.6753515675514503, 8.036443289167169, 7.262250139591724, 8.942689887276646, 7.866530667962848, 8.692304447613418, 6.76544758386317, 6.921953479329373, 5.112715712808606, 5.386589785754991, 4.4457862960335826, 4.737647573427133, 2.600262627120576, 3.0868028476078617, 3.067096089137085, 1.757539237115348, 0.0, 1.7791209430502468, 2.428014958767758], [8.145568938999903, 7.6936814607832575, 6.573204678085112, 5.193281649400502, 4.203262087950263, 2.793241291045226, 2.1741468855622426, 1.0941783035684813, 3.355950157555979, 8.431505821026278, 7.510527552708931, 9.098183433521223, 7.59119309595007, 8.600905660452275, 6.9586153938840445, 6.657419444499498, 5.382453879969619, 5.0563814185640705, 4.760105681599937, 4.366240417109438, 3.164256566715158, 2.548095816487285, 2.506302497704537, 1.7782286692098965, 1.7791209430502468, 0.0, 3.5776449083160835], [7.0183586834814875, 6.826870531217067, 5.49452004546348, 4.463076577877642, 3.2491024006639124, 2.5787298229942586, 1.9564589160010493, 2.5702302173151725, 0.9724781180057472, 6.827562166688781, 6.583902506112921, 8.098474430409718, 7.244731522285695, 7.590493436529671, 5.285687872926285, 5.823454772727268, 4.369542735801997, 5.0892326415678815, 2.8549704219133343, 3.850861821722509, 2.4040267157417365, 3.558030744667617, 2.844671696347401, 2.9213840983342125, 2.428014958767758, 3.5776449083160835, 0.0]]}