{"total energy": -61.56234096, "HOMO-LUMO gap/eV": 3.95740229, "electronic energy": -62.12956187, "dipole": [0.56986852, 1.48437734, -1.62554804], "partial charges": [-0.10827174, 0.00498414, -0.09647532, -0.00106849, -0.1135879, 0.26093503, -0.41905267, 0.06532584, -0.04927751, 0.08965951, -0.29635839, 0.6875559, -0.50004746, -0.29001048, 0.03409238, -0.28849907, 0.03388175, -0.13090757, 0.03924733, 0.05558483, 0.04693224, 0.06844216, 0.04686135, 0.05588958, 0.05559941, 0.04917055, 0.05563994, 0.04485601, 0.07905755, 0.05486933, 0.07373013, 0.06723783, 0.07080703, 0.05774941, 0.05723546, 0.07163592, 0.066576], "atomic dipole moments": [[0.099039, 0.05214085, 0.06014016], [0.07869452, -0.13815333, -0.07923437], [-0.01114435, 0.03422366, -0.02546938], [-0.03636021, 0.02017926, 0.1614331], [-0.08082472, -0.09211538, -0.0327091], [0.00505616, 0.00336812, -0.0021893], [0.11753455, 0.04492234, -0.15179873], [-0.12187938, -0.1468832, -0.15954324], [0.02995517, 0.11544105, 0.12159388], [0.21741045, 0.12782546, -0.102248], [-0.13491044, 0.01871354, 0.14646695], [-0.02131221, 0.04310004, -0.26858944], [-0.00583493, 0.02787079, -0.13699448], [0.11702237, 0.06581901, 0.14683961], [0.02507295, -0.26921759, -0.14138214], [0.03020906, -0.16930043, 0.1011746], [-0.26980502, 0.13382447, -0.04560655], [-0.01870793, -0.03265415, 0.13283076], [0.01648928, -0.00607496, -0.12422898], [-0.02828816, -0.12270623, 0.03810411], [-0.1041262, 0.07100448, 0.02091968], [-0.02856059, 0.00722043, 0.12600334], [0.01832691, 0.11780384, -0.03531298], [-0.07086957, 0.03629815, -0.09567252], [0.0695998, -0.09586062, -0.05004843], [0.071794, 0.03316779, -0.10008686], [0.08249763, -0.03477576, 0.09572349], [-0.05691274, 0.10608883, 0.04070522], [0.11334726, -0.09389412, -0.02798581], [-0.08946364, 0.0903907, 0.01930489], [0.0311907, -0.05079732, 0.1080102], [-0.02642455, -0.0316115, 0.11775435], [-0.08740405, 0.07349379, -0.04680725], [0.11416841, 0.04673342, -0.01780194], [-0.02214346, -0.11357192, -0.04609637], [0.09437883, 0.05535668, -0.05771029], [0.01410535, 0.00497925, 0.12357339]], "atomic quadrupole moments": [[0.12246176, 0.10134158, -0.08633459, 0.14614479, 0.0791624, -0.03612717], [0.22213799, -0.13713321, -0.0426195, 0.05046855, 0.07904255, -0.17951849], [0.04315526, 0.00290746, -0.04574177, -0.04817512, 0.01996775, 0.00258651], [0.00272794, 0.18145729, -0.04910979, -0.15549648, -0.03874734, 0.04638185], [0.02789017, 0.18747976, 0.07416517, 0.04472438, 0.07238307, -0.10205534], [0.0181391, 0.22830202, -0.00098882, 0.24942489, 0.32762074, -0.01715028], [-0.01226153, 0.10481044, -0.00500698, 0.07049033, 0.09471019, 0.01726851], [-0.32556684, 0.07626787, 0.18421812, -0.31805728, -0.06398308, 0.14134871], [-0.31056062, 0.23278293, 0.1565531, -0.22450844, -0.22250821, 0.15400752], [0.18288472, 0.40940012, 0.01076128, -0.10550513, 0.05008482, -0.19364599], [0.03111632, 0.12245121, 0.01940232, -0.04532523, 0.03750935, -0.05051864], [0.824718, 0.04887387, 0.78357483, -0.09931754, 0.53359036, -1.60829283], [-0.04524148, -0.00082053, -0.03967562, 0.00471857, -0.026639, 0.0849171], [-0.0522083, -0.05760772, 0.09284997, 0.03970532, 0.07803094, -0.04064167], [-0.28282357, -0.05387601, 0.39224254, -0.00473549, 0.35727247, -0.10941897], [0.11870481, -0.05210056, -0.03014313, -0.00671507, -0.05707985, -0.08856168], [0.37962724, -0.34731628, -0.09871053, 0.10109318, -0.07395298, -0.28091671], [-0.2439627, 0.05295317, 0.12594903, 0.02602036, 0.33246028, 0.11801367], [-0.03048095, 0.01144572, -0.04508975, -0.03006702, 0.00060354, 0.0755707], [-0.03986843, 0.01463115, 0.05560472, 0.00604427, -0.04109775, -0.01573629], [0.03645519, -0.05744802, 0.00298103, -0.01459512, 0.02396068, -0.03943622], [-0.00202813, -0.0029844, -0.03696115, -0.00657941, -0.00825736, 0.03898928], [-0.00627669, 0.01209787, 0.02895636, -0.00759756, -0.03724887, -0.02267967], [0.01676803, -0.01166322, -0.01852021, 0.02615983, -0.03023884, 0.00175218], [0.00295837, -0.02397735, 0.040887, -0.01264452, 0.00490306, -0.04384537], [-0.01082005, 0.02203104, -0.0362735, -0.0551593, -0.0152612, 0.04709355], [-0.00974812, -0.02195613, -0.00828992, 0.05162987, -0.03223545, 0.01803805], [0.00813254, -0.05079393, 0.0291831, -0.01623082, 0.03351873, -0.03731564], [0.02523403, -0.02356434, -0.01801849, 0.02490837, 0.03602355, -0.00721554], [0.04405119, 0.00046233, 0.00741846, 0.00484738, -0.0017565, -0.05146965], [-0.01157058, 0.01689469, 0.00213688, 0.01210331, -0.03788858, 0.0094337], [-0.05597879, -0.00126008, 0.00399798, -0.02431619, -0.00196036, 0.0519808], [0.01677595, -0.04693846, -0.00160598, 0.04981821, -0.01478939, -0.01516998], [0.03504097, 0.02893618, 0.0141056, -0.01807129, 0.02046049, -0.04914657], [0.00380041, -0.00695024, 0.04340443, 0.01293463, 0.03521364, -0.04720484], [0.02406524, 0.03334631, -0.00508319, -0.03971003, -0.04396341, -0.01898205], [-0.00260865, -0.02577703, -0.04946263, 0.01737927, 0.00070189, 0.05207127]], "number of molecular orbitals": 101, "number of electrons": 106, "number of unpaired electrons": 0, "orbital energies/eV": [-29.03115744, -20.29139325, -19.85887594, -19.79291256, -19.16569889, -18.82014646, -18.24899919, -18.18923785, -17.96584738, -17.73529229, -17.64917305, -17.51514334, -17.36666874, -16.65457245, -16.60038302, -16.41109639, -16.23449005, -16.162224, -15.98936467, -15.67268846, -15.4377597, -15.41208773, -15.313607, -15.18619098, -15.12978034, -15.06081149, -14.95990755, -14.75124591, -14.43255764, -14.29732139, -14.04210724, -13.92523594, -13.79239254, -13.67258327, -13.47706796, -13.29396777, -13.22893907, -13.14010266, -13.08074494, -12.97133403, -12.892152, -12.67456701, -12.40129869, -12.36301144, -12.31789669, -12.26082118, -12.18130496, -11.96555626, -11.80007984, -11.79151778, -11.26809161, -10.90849963, -10.82942132, -6.87201903, -6.37687242, -4.0245632, -2.07124612, -1.85105732, -1.67333122, -1.05538643, -0.02656825, 0.16454119, 0.17051896, 0.4729437, 0.59523487, 1.58261954, 1.86086146, 1.91332506, 2.20083748, 2.60944859, 3.03018431, 3.13736671, 3.25465233, 3.43684498, 3.47883657, 3.70992251, 3.93007769, 4.10472471, 4.32934516, 4.38945478, 4.57711263, 4.61914555, 4.73803154, 4.78884643, 5.04070719, 5.09546627, 5.4409203, 5.94318653, 6.04881379, 6.44820826, 6.7341939, 7.12870037, 8.84163246, 10.14601268, 12.18050915, 12.5306102, 14.66900027, 15.41637121, 26.82250772, 27.19205697, 31.65657843], "fractional occupation": [2.0, 2.0, 2.0, 2.0, 2.0, 2.0, 2.0, 2.0, 2.0, 2.0, 2.0, 2.0, 2.0, 2.0, 2.0, 2.0, 2.0, 2.0, 2.0, 2.0, 2.0, 2.0, 2.0, 2.0, 2.0, 2.0, 2.0, 2.0, 2.0, 2.0, 2.0, 2.0, 2.0, 2.0, 2.0, 2.0, 2.0, 2.0, 2.0, 2.0, 2.0, 2.0, 2.0, 2.0, 2.0, 2.0, 2.0, 2.0, 2.0, 2.0, 2.0, 2.0, 2.0, 0.0, 0.0, 0.0, 0.0, 0.0, 0.0, 0.0, 0.0, 0.0, 0.0, 0.0, 0.0, 0.0, 0.0, 0.0, 0.0, 0.0, 0.0, 0.0, 0.0, 0.0, 0.0, 0.0, 0.0, 0.0, 0.0, 0.0, 0.0, 0.0, 0.0, 0.0, 0.0, 0.0, 0.0, 0.0, 0.0, 0.0, 0.0, 0.0, 0.0, 0.0, 0.0, 0.0, 0.0, 0.0, 0.0, 0.0, 0.0], "program call": "xtb /home/svss/Project-DBcg-Debug/aqme2_20220329/End-to-End-workflows-final/example-3/QDESCP/mol_293_rdkit_conf_6/mol_293_rdkit_conf_6.xyz --pop --wbo --acc 0.2 --gfn 2 --chrg 0 --uhf 0 --etemp 300 --input /home/svss/Project-DBcg-Debug/aqme2_20220329/End-to-End-workflows-final/example-3/QDESCP/mol_293_rdkit_conf_6/mol_293_rdkit_conf_6_xtb.inp", "method": "GFN2-xTB", "xtb version": "6.3.3 (7355c4f)", "Dipole module/D": 5.78, "Total charge": 0, "Transition dipole module/D": NaN, "HOMO": -10.8294, "LUMO": -6.872, "HOMO occupancy": 2.0, "LUMO occupancy": 0, "mulliken charges": [-0.0936, 0.10195, -0.27971, 0.08955, -0.09778, 0.45368, -0.54831, 0.07034, -0.06751, 0.21282, -0.34336, 0.52957, -0.42566, -0.3365, 0.18072, -0.3353, 0.18063, -0.08068, 0.02801, 0.05037, 0.03443, 0.05454, 0.0251, 0.03467, 0.03109, 0.03684, 0.05092, 0.03731, 0.05214, 0.05239, 0.05655, 0.04681, 0.03372, 0.04219, 0.04203, 0.03471, 0.04532], "cm5 charges": [-0.23788, 0.05193, -0.53531, 0.03787, -0.24271, 0.54977, -0.59201, 0.07037, -0.11986, 0.14302, -0.40366, 0.52393, -0.44151, -0.40285, 0.06633, -0.39966, 0.06629, -0.08176, 0.08151, 0.10502, 0.08568, 0.12349, 0.09027, 0.09976, 0.09802, 0.08813, 0.10906, 0.0912, 0.11159, 0.12509, 0.12326, 0.10943, 0.09324, 0.10547, 0.10533, 0.0942, 0.10796], "FUKUI+": [0.013, 0.02, -0.067, 0.019, 0.013, -0.054, -0.128, -0.071, -0.085, 0.013, -0.007, -0.045, -0.008, 0.012, 0.009, -0.009, 0.009, -0.17, -0.019, -0.007, -0.034, -0.021, -0.039, -0.042, -0.008, -0.032, 0.0, -0.024, -0.089, -0.03, -0.057, -0.009, -0.01, -0.013, 0.001, -0.017, -0.013], "FUKUI-": [0.006, 0.013, -0.077, 0.015, 0.007, -0.007, -0.112, -0.011, -0.029, 0.012, -0.004, -0.074, -0.055, -0.001, 0.013, -0.024, 0.015, -0.144, -0.027, -0.018, -0.038, -0.034, -0.041, -0.041, -0.027, -0.035, -0.009, -0.023, -0.049, -0.019, -0.043, -0.02, -0.021, -0.018, -0.017, -0.033, -0.031], "FUKUIrad": [0.01, 0.016, -0.072, 0.017, 0.01, -0.03, -0.12, -0.041, -0.057, 0.013, -0.006, -0.06, -0.031, 0.006, 0.011, -0.016, 0.012, -0.157, -0.023, -0.013, -0.036, -0.027, -0.04, -0.042, -0.018, -0.033, -0.004, -0.023, -0.069, -0.024, -0.05, -0.015, -0.016, -0.015, -0.008, -0.025, -0.022], "s proportion": [1.012, 1.004, 1.451, 1.006, 1.013, 0.998, 1.732, 1.095, 1.067, 0.994, 1.644, 1.309, 1.671, 1.64, 0.973, 1.639, 0.973, 1.945, 0.972, 0.95, 0.966, 0.945, 0.975, 0.965, 0.969, 0.963, 0.949, 0.963, 0.948, 0.948, 0.943, 0.953, 0.966, 0.958, 0.958, 0.965, 0.955], "p proportion": [3.082, 2.894, 3.829, 2.904, 3.085, 2.548, 4.816, 2.834, 3.0, 2.793, 4.7, 1.858, 4.755, 4.696, 2.846, 4.696, 2.846, 5.144, 0.0, 0.0, 0.0, 0.0, 0.0, 0.0, 0.0, 0.0, 0.0, 0.0, 0.0, 0.0, 0.0, 0.0, 0.0, 0.0, 0.0, 0.0, 0.0], "d proportion": [0.0, 0.0, 0.0, 0.0, 0.0, 0.0, 0.0, 0.0, 0.0, 0.0, 0.0, 1.303, 0.0, 0.0, 0.0, 0.0, 0.0, -0.008, 0.0, 0.0, 0.0, 0.0, 0.0, 0.0, 0.0, 0.0, 0.0, 0.0, 0.0, 0.0, 0.0, 0.0, 0.0, 0.0, 0.0, 0.0, 0.0], "Fermi-level/eV": -8.8507, "Coordination numbers": [3.749, 3.743, 2.729, 3.736, 3.749, 2.785, 0.858, 2.855, 2.935, 3.996, 1.659, 4.155, 0.808, 1.657, 3.925, 1.657, 3.925, 0.961, 0.924, 0.924, 0.924, 0.924, 0.924, 0.924, 0.924, 0.924, 0.924, 0.924, 0.925, 0.924, 0.924, 0.924, 0.924, 0.924, 0.924, 0.924, 0.924], "Dispersion coefficient C6": [22.635, 20.566, 23.128, 20.683, 22.739, 22.606, 22.065, 26.531, 29.224, 19.027, 18.945, 133.153, 23.812, 18.835, 19.94, 18.809, 19.943, 103.241, 2.459, 2.252, 2.359, 2.103, 2.36, 2.248, 2.251, 2.33, 2.251, 2.385, 1.989, 2.26, 2.045, 2.116, 2.077, 2.226, 2.232, 2.068, 2.124], "Total dispersion C6": 15405.006812, "Total dispersion C8": 390839.846485, "Polarizability alpha": [6.785, 6.47, 7.143, 6.49, 6.801, 7.788, 6.298, 8.442, 8.866, 6.197, 5.876, 20.728, 6.541, 5.859, 6.346, 5.855, 6.347, 15.545, 2.452, 2.347, 2.402, 2.268, 2.402, 2.345, 2.346, 2.387, 2.346, 2.415, 2.205, 2.351, 2.236, 2.275, 2.254, 2.333, 2.336, 2.249, 2.279], "Total polarizability alpha": 188.604191, "Wiberg matrix": [[0.0, 1.0107298903689486, 0.0, 0.0, 0.0, 0.0, 0.0, 0.0, 0.0, 0.0, 0.0, 0.0, 0.0, 0.0, 0.0, 0.0, 0.0, 0.0, 0.9859194316853117, 0.9854063365990369, 0.9834680620288812, 0.0, 0.0, 0.0, 0.0, 0.0, 0.0, 0.0, 0.0, 0.0, 0.0, 0.0, 0.0, 0.0, 0.0, 0.0, 0.0], [1.0107298903689486, 0.0, 0.9798841294313939, 0.0, 0.0, 0.0, 0.0, 0.0, 0.0, 0.0, 0.0, 0.0, 0.0, 0.0, 0.0, 0.0, 0.0, 0.0, 0.0, 0.0, 0.0, 0.9673246018486794, 0.9704583465189642, 0.0, 0.0, 0.0, 0.0, 0.0, 0.0, 0.0, 0.0, 0.0, 0.0, 0.0, 0.0, 0.0, 0.0], [0.0, 0.9798841294313939, 0.0, 0.9832069373563064, 0.0, 1.2439108777303345, 0.21425019504430692, 0.0, 0.0, 0.0, 0.0, 0.0, 0.0, 0.0, 0.0, 0.0, 0.0, 0.0, 0.0, 0.0, 0.0, 0.0, 0.0, 0.0, 0.0, 0.0, 0.0, 0.0, 0.0, 0.0, 0.0, 0.0, 0.0, 0.0, 0.0, 0.0, 0.0], [0.0, 0.0, 0.9832069373563064, 0.0, 1.0106811346979319, 0.0, 0.0, 0.0, 0.0, 0.0, 0.0, 0.0, 0.0, 0.0, 0.0, 0.0, 0.0, 0.0, 0.0, 0.0, 0.0, 0.0, 0.0, 0.9687657585296144, 0.9686531849331497, 0.0, 0.0, 0.0, 0.0, 0.0, 0.0, 0.0, 0.0, 0.0, 0.0, 0.0, 0.0], [0.0, 0.0, 0.0, 1.0106811346979319, 0.0, 0.0, 0.0, 0.0, 0.0, 0.0, 0.0, 0.0, 0.0, 0.0, 0.0, 0.0, 0.0, 0.0, 0.0, 0.0, 0.0, 0.0, 0.0, 0.0, 0.0, 0.9827344954916934, 0.9824548875143406, 0.9846190633930161, 0.0, 0.0, 0.0, 0.0, 0.0, 0.0, 0.0, 0.0, 0.0], [0.0, 0.0, 1.2439108777303345, 0.0, 0.0, 0.0, 1.6660489196696766, 0.9606983029141533, 0.0, 0.0, 0.0, 0.0, 0.0, 0.0, 0.0, 0.0, 0.0, 0.0, 0.0, 0.0, 0.0, 0.0, 0.0, 0.0, 0.0, 0.0, 0.0, 0.0, 0.0, 0.0, 0.0, 0.0, 0.0, 0.0, 0.0, 0.0, 0.0], [0.0, 0.0, 0.21425019504430692, 0.0, 0.0, 1.6660489196696766, 0.0, 0.0, 0.0, 0.0, 0.0, 0.0, 0.0, 0.0, 0.0, 0.0, 0.0, 0.0, 0.0, 0.0, 0.0, 0.0, 0.0, 0.0, 0.0, 0.0, 0.0, 0.0, 0.0, 0.0, 0.0, 0.0, 0.0, 0.0, 0.0, 0.0, 0.0], [0.0, 0.0, 0.0, 0.0, 0.0, 0.9606983029141533, 0.0, 0.0, 1.84855415191279, 0.0, 0.0, 0.0, 0.0, 0.0, 0.0, 0.0, 0.0, 0.9843703466402521, 0.0, 0.0, 0.0, 0.0, 0.0, 0.0, 0.0, 0.0, 0.0, 0.0, 0.0, 0.0, 0.0, 0.0, 0.0, 0.0, 0.0, 0.0, 0.0], [0.0, 0.0, 0.0, 0.0, 0.0, 0.0, 0.0, 1.84855415191279, 0.0, 1.0144555118553833, 0.0, 0.0, 0.0, 0.0, 0.0, 0.0, 0.0, 0.0, 0.0, 0.0, 0.0, 0.0, 0.0, 0.0, 0.0, 0.0, 0.0, 0.0, 0.9576288952678954, 0.0, 0.0, 0.0, 0.0, 0.0, 0.0, 0.0, 0.0], [0.0, 0.0, 0.0, 0.0, 0.0, 0.0, 0.0, 0.0, 1.0144555118553833, 0.0, 0.9277257383200679, 0.0, 0.0, 0.0, 0.0, 0.0, 0.0, 0.0, 0.0, 0.0, 0.0, 0.0, 0.0, 0.0, 0.0, 0.0, 0.0, 0.0, 0.0, 0.9663078194688606, 0.9519957969980404, 0.0, 0.0, 0.0, 0.0, 0.0, 0.0], [0.0, 0.0, 0.0, 0.0, 0.0, 0.0, 0.0, 0.0, 0.0, 0.9277257383200679, 0.0, 1.1630822573807298, 0.0, 0.0, 0.0, 0.0, 0.0, 0.0, 0.0, 0.0, 0.0, 0.0, 0.0, 0.0, 0.0, 0.0, 0.0, 0.0, 0.0, 0.0, 0.0, 0.0, 0.0, 0.0, 0.0, 0.0, 0.0], [0.0, 0.0, 0.0, 0.0, 0.0, 0.0, 0.0, 0.0, 0.0, 0.0, 1.1630822573807298, 0.0, 1.8204746992321665, 1.1724376122711717, 0.0, 1.1724810850351137, 0.0, 0.0, 0.0, 0.0, 0.0, 0.0, 0.0, 0.0, 0.0, 0.0, 0.0, 0.0, 0.0, 0.0, 0.0, 0.0, 0.0, 0.0, 0.0, 0.0, 0.0], [0.0, 0.0, 0.0, 0.0, 0.0, 0.0, 0.0, 0.0, 0.0, 0.0, 0.0, 1.8204746992321665, 0.0, 0.0, 0.0, 0.0, 0.0, 0.0, 0.0, 0.0, 0.0, 0.0, 0.0, 0.0, 0.0, 0.0, 0.0, 0.0, 0.0, 0.0, 0.0, 0.0, 0.0, 0.0, 0.0, 0.0, 0.0], [0.0, 0.0, 0.0, 0.0, 0.0, 0.0, 0.0, 0.0, 0.0, 0.0, 0.0, 1.1724376122711717, 0.0, 0.0, 0.9467794159432693, 0.0, 0.0, 0.0, 0.0, 0.0, 0.0, 0.0, 0.0, 0.0, 0.0, 0.0, 0.0, 0.0, 0.0, 0.0, 0.0, 0.0, 0.0, 0.0, 0.0, 0.0, 0.0], [0.0, 0.0, 0.0, 0.0, 0.0, 0.0, 0.0, 0.0, 0.0, 0.0, 0.0, 0.0, 0.0, 0.9467794159432693, 0.0, 0.0, 0.0, 0.0, 0.0, 0.0, 0.0, 0.0, 0.0, 0.0, 0.0, 0.0, 0.0, 0.0, 0.0, 0.0, 0.0, 0.979019851235541, 0.9784612582400204, 0.9812057628228078, 0.0, 0.0, 0.0], [0.0, 0.0, 0.0, 0.0, 0.0, 0.0, 0.0, 0.0, 0.0, 0.0, 0.0, 1.1724810850351137, 0.0, 0.0, 0.0, 0.0, 0.9471609049752011, 0.0, 0.0, 0.0, 0.0, 0.0, 0.0, 0.0, 0.0, 0.0, 0.0, 0.0, 0.0, 0.0, 0.0, 0.0, 0.0, 0.0, 0.0, 0.0, 0.0], [0.0, 0.0, 0.0, 0.0, 0.0, 0.0, 0.0, 0.0, 0.0, 0.0, 0.0, 0.0, 0.0, 0.0, 0.0, 0.9471609049752011, 0.0, 0.0, 0.0, 0.0, 0.0, 0.0, 0.0, 0.0, 0.0, 0.0, 0.0, 0.0, 0.0, 0.0, 0.0, 0.0, 0.0, 0.0, 0.9811139143710378, 0.9783235492346486, 0.9790721344582836], [0.0, 0.0, 0.0, 0.0, 0.0, 0.0, 0.0, 0.9843703466402521, 0.0, 0.0, 0.0, 0.0, 0.0, 0.0, 0.0, 0.0, 0.0, 0.0, 0.0, 0.0, 0.0, 0.0, 0.0, 0.0, 0.0, 0.0, 0.0, 0.0, 0.0, 0.0, 0.0, 0.0, 0.0, 0.0, 0.0, 0.0, 0.0], [0.9859194316853117, 0.0, 0.0, 0.0, 0.0, 0.0, 0.0, 0.0, 0.0, 0.0, 0.0, 0.0, 0.0, 0.0, 0.0, 0.0, 0.0, 0.0, 0.0, 0.0, 0.0, 0.0, 0.0, 0.0, 0.0, 0.0, 0.0, 0.0, 0.0, 0.0, 0.0, 0.0, 0.0, 0.0, 0.0, 0.0, 0.0], [0.9854063365990369, 0.0, 0.0, 0.0, 0.0, 0.0, 0.0, 0.0, 0.0, 0.0, 0.0, 0.0, 0.0, 0.0, 0.0, 0.0, 0.0, 0.0, 0.0, 0.0, 0.0, 0.0, 0.0, 0.0, 0.0, 0.0, 0.0, 0.0, 0.0, 0.0, 0.0, 0.0, 0.0, 0.0, 0.0, 0.0, 0.0], [0.9834680620288812, 0.0, 0.0, 0.0, 0.0, 0.0, 0.0, 0.0, 0.0, 0.0, 0.0, 0.0, 0.0, 0.0, 0.0, 0.0, 0.0, 0.0, 0.0, 0.0, 0.0, 0.0, 0.0, 0.0, 0.0, 0.0, 0.0, 0.0, 0.0, 0.0, 0.0, 0.0, 0.0, 0.0, 0.0, 0.0, 0.0], [0.0, 0.9673246018486794, 0.0, 0.0, 0.0, 0.0, 0.0, 0.0, 0.0, 0.0, 0.0, 0.0, 0.0, 0.0, 0.0, 0.0, 0.0, 0.0, 0.0, 0.0, 0.0, 0.0, 0.0, 0.0, 0.0, 0.0, 0.0, 0.0, 0.0, 0.0, 0.0, 0.0, 0.0, 0.0, 0.0, 0.0, 0.0], [0.0, 0.9704583465189642, 0.0, 0.0, 0.0, 0.0, 0.0, 0.0, 0.0, 0.0, 0.0, 0.0, 0.0, 0.0, 0.0, 0.0, 0.0, 0.0, 0.0, 0.0, 0.0, 0.0, 0.0, 0.0, 0.0, 0.0, 0.0, 0.0, 0.0, 0.0, 0.0, 0.0, 0.0, 0.0, 0.0, 0.0, 0.0], [0.0, 0.0, 0.0, 0.9687657585296144, 0.0, 0.0, 0.0, 0.0, 0.0, 0.0, 0.0, 0.0, 0.0, 0.0, 0.0, 0.0, 0.0, 0.0, 0.0, 0.0, 0.0, 0.0, 0.0, 0.0, 0.0, 0.0, 0.0, 0.0, 0.0, 0.0, 0.0, 0.0, 0.0, 0.0, 0.0, 0.0, 0.0], [0.0, 0.0, 0.0, 0.9686531849331497, 0.0, 0.0, 0.0, 0.0, 0.0, 0.0, 0.0, 0.0, 0.0, 0.0, 0.0, 0.0, 0.0, 0.0, 0.0, 0.0, 0.0, 0.0, 0.0, 0.0, 0.0, 0.0, 0.0, 0.0, 0.0, 0.0, 0.0, 0.0, 0.0, 0.0, 0.0, 0.0, 0.0], [0.0, 0.0, 0.0, 0.0, 0.9827344954916934, 0.0, 0.0, 0.0, 0.0, 0.0, 0.0, 0.0, 0.0, 0.0, 0.0, 0.0, 0.0, 0.0, 0.0, 0.0, 0.0, 0.0, 0.0, 0.0, 0.0, 0.0, 0.0, 0.0, 0.0, 0.0, 0.0, 0.0, 0.0, 0.0, 0.0, 0.0, 0.0], [0.0, 0.0, 0.0, 0.0, 0.9824548875143406, 0.0, 0.0, 0.0, 0.0, 0.0, 0.0, 0.0, 0.0, 0.0, 0.0, 0.0, 0.0, 0.0, 0.0, 0.0, 0.0, 0.0, 0.0, 0.0, 0.0, 0.0, 0.0, 0.0, 0.0, 0.0, 0.0, 0.0, 0.0, 0.0, 0.0, 0.0, 0.0], [0.0, 0.0, 0.0, 0.0, 0.9846190633930161, 0.0, 0.0, 0.0, 0.0, 0.0, 0.0, 0.0, 0.0, 0.0, 0.0, 0.0, 0.0, 0.0, 0.0, 0.0, 0.0, 0.0, 0.0, 0.0, 0.0, 0.0, 0.0, 0.0, 0.0, 0.0, 0.0, 0.0, 0.0, 0.0, 0.0, 0.0, 0.0], [0.0, 0.0, 0.0, 0.0, 0.0, 0.0, 0.0, 0.0, 0.9576288952678954, 0.0, 0.0, 0.0, 0.0, 0.0, 0.0, 0.0, 0.0, 0.0, 0.0, 0.0, 0.0, 0.0, 0.0, 0.0, 0.0, 0.0, 0.0, 0.0, 0.0, 0.0, 0.0, 0.0, 0.0, 0.0, 0.0, 0.0, 0.0], [0.0, 0.0, 0.0, 0.0, 0.0, 0.0, 0.0, 0.0, 0.0, 0.9663078194688606, 0.0, 0.0, 0.0, 0.0, 0.0, 0.0, 0.0, 0.0, 0.0, 0.0, 0.0, 0.0, 0.0, 0.0, 0.0, 0.0, 0.0, 0.0, 0.0, 0.0, 0.0, 0.0, 0.0, 0.0, 0.0, 0.0, 0.0], [0.0, 0.0, 0.0, 0.0, 0.0, 0.0, 0.0, 0.0, 0.0, 0.9519957969980404, 0.0, 0.0, 0.0, 0.0, 0.0, 0.0, 0.0, 0.0, 0.0, 0.0, 0.0, 0.0, 0.0, 0.0, 0.0, 0.0, 0.0, 0.0, 0.0, 0.0, 0.0, 0.0, 0.0, 0.0, 0.0, 0.0, 0.0], [0.0, 0.0, 0.0, 0.0, 0.0, 0.0, 0.0, 0.0, 0.0, 0.0, 0.0, 0.0, 0.0, 0.0, 0.979019851235541, 0.0, 0.0, 0.0, 0.0, 0.0, 0.0, 0.0, 0.0, 0.0, 0.0, 0.0, 0.0, 0.0, 0.0, 0.0, 0.0, 0.0, 0.0, 0.0, 0.0, 0.0, 0.0], [0.0, 0.0, 0.0, 0.0, 0.0, 0.0, 0.0, 0.0, 0.0, 0.0, 0.0, 0.0, 0.0, 0.0, 0.9784612582400204, 0.0, 0.0, 0.0, 0.0, 0.0, 0.0, 0.0, 0.0, 0.0, 0.0, 0.0, 0.0, 0.0, 0.0, 0.0, 0.0, 0.0, 0.0, 0.0, 0.0, 0.0, 0.0], [0.0, 0.0, 0.0, 0.0, 0.0, 0.0, 0.0, 0.0, 0.0, 0.0, 0.0, 0.0, 0.0, 0.0, 0.9812057628228078, 0.0, 0.0, 0.0, 0.0, 0.0, 0.0, 0.0, 0.0, 0.0, 0.0, 0.0, 0.0, 0.0, 0.0, 0.0, 0.0, 0.0, 0.0, 0.0, 0.0, 0.0, 0.0], [0.0, 0.0, 0.0, 0.0, 0.0, 0.0, 0.0, 0.0, 0.0, 0.0, 0.0, 0.0, 0.0, 0.0, 0.0, 0.0, 0.9811139143710378, 0.0, 0.0, 0.0, 0.0, 0.0, 0.0, 0.0, 0.0, 0.0, 0.0, 0.0, 0.0, 0.0, 0.0, 0.0, 0.0, 0.0, 0.0, 0.0, 0.0], [0.0, 0.0, 0.0, 0.0, 0.0, 0.0, 0.0, 0.0, 0.0, 0.0, 0.0, 0.0, 0.0, 0.0, 0.0, 0.0, 0.9783235492346486, 0.0, 0.0, 0.0, 0.0, 0.0, 0.0, 0.0, 0.0, 0.0, 0.0, 0.0, 0.0, 0.0, 0.0, 0.0, 0.0, 0.0, 0.0, 0.0, 0.0], [0.0, 0.0, 0.0, 0.0, 0.0, 0.0, 0.0, 0.0, 0.0, 0.0, 0.0, 0.0, 0.0, 0.0, 0.0, 0.0, 0.9790721344582836, 0.0, 0.0, 0.0, 0.0, 0.0, 0.0, 0.0, 0.0, 0.0, 0.0, 0.0, 0.0, 0.0, 0.0, 0.0, 0.0, 0.0, 0.0, 0.0, 0.0]], "Born radii": [], "Atomic SASAs": [], "Solvent H bonds": [], "Total SASA": NaN, "Total FOD": 0.0, "FOD": [0.0, 0.0, 0.0, 0.0, 0.0, 0.0, 0.0, 0.0, 0.0, 0.0, 0.0, 0.0, 0.0, 0.0, 0.0, 0.0, 0.0, 0.0, 0.0, 0.0, 0.0, 0.0, 0.0, 0.0, 0.0, 0.0, 0.0, 0.0, 0.0, 0.0, 0.0, 0.0, 0.0, 0.0, 0.0, 0.0, 0.0], "FOD s proportion": [0.0, 0.0, 0.0, 0.0, 0.0, 0.0, 0.0, 0.0, 0.0, 0.0, 0.0, 0.0, 0.0, 0.0, 0.0, 0.0, 0.0, 0.0, 0.0, 0.0, 0.0, 0.0, 0.0, 0.0, 0.0, 0.0, 0.0, 0.0, 0.0, 0.0, 0.0, 0.0, 0.0, 0.0, 0.0, 0.0, 0.0], "FOD p proportion": [0.0, 0.0, 0.0, 0.0, 0.0, 0.0, 0.0, 0.0, 0.0, 0.0, 0.0, 0.0, 0.0, 0.0, 0.0, 0.0, 0.0, 0.0, 0.0, 0.0, 0.0, 0.0, 0.0, 0.0, 0.0, 0.0, 0.0, 0.0, 0.0, 0.0, 0.0, 0.0, 0.0, 0.0, 0.0, 0.0, 0.0], "FOD d proportion": [0.0, 0.0, 0.0, 0.0, 0.0, 0.0, 0.0, 0.0, 0.0, 0.0, 0.0, 0.0, 0.0, 0.0, 0.0, 0.0, 0.0, 0.0, 0.0, 0.0, 0.0, 0.0, 0.0, 0.0, 0.0, 0.0, 0.0, 0.0, 0.0, 0.0, 0.0, 0.0, 0.0, 0.0, 0.0, 0.0, 0.0], "coordinates": [["-4.38570", "-0.42460", "-1.81600"], ["-3.17990", "0.15070", "-1.08940"], ["-1.97930", "-0.65350", "-1.31490"], ["-1.12680", "-0.27230", "-2.44590"], ["-0.15290", "0.83650", "-2.07890"], ["-1.74060", "-1.71510", "-0.44900"], ["-2.46480", "-1.98360", "0.50960"], ["-0.52170", "-2.54000", "-0.67520"], ["0.58740", "-2.38240", "0.06200"], ["0.77730", "-1.38190", "1.15520"], ["1.91740", "-0.61330", "0.82430"], ["2.20090", "0.65530", "1.77260"], ["2.26030", "0.35120", "3.23540"], ["1.06290", "1.70570", "1.33320"], ["1.04080", "2.93590", "2.02660"], ["3.54450", "1.28670", "1.14920"], ["4.74300", "0.57960", "1.39150"], ["-0.64700", "-3.79590", "-1.85130"], ["-4.21410", "-0.46150", "-2.89660"], ["-4.60140", "-1.44340", "-1.47790"], ["-5.27070", "0.19190", "-1.63110"], ["-3.39420", "0.19440", "-0.01550"], ["-2.99240", "1.17790", "-1.41980"], ["-1.77250", "0.05110", "-3.27010"], ["-0.56160", "-1.13210", "-2.81070"], ["0.45420", "1.11010", "-2.94730"], ["0.52180", "0.52010", "-1.27970"], ["-0.67840", "1.73290", "-1.73520"], ["1.43410", "-3.04000", "-0.11740"], ["-0.08550", "-0.72330", "1.28730"], ["0.96090", "-1.90590", "2.09880"], ["0.81440", "2.76750", "3.08290"], ["0.26100", "3.56810", "1.59480"], ["2.00320", "3.44550", "1.92900"], ["4.66460", "-0.44340", "1.01370"], ["5.56050", "1.08610", "0.87230"], ["4.96040", "0.56490", "2.46280"]], "bond_dist": [[0.0, 1.5208127070747404, 2.4686549738673484, 3.3227095133339595, 4.424487027893742, 3.2450937212968136, 3.3954017685687803, 4.550476656351508, 5.664943817020606, 6.033325926054385, 6.836363169844036, 7.578095640066836, 8.383783370292914, 6.644010888762901, 7.450197128935582, 8.63765192456839, 9.727776600025312, 5.034360681357663, 1.0947623166696958, 1.094893392070662, 1.0942966965133358, 2.146633061331163, 2.160154063950069, 3.0281201330198244, 4.0141904725610615, 5.201901170725949, 5.026294065213455, 4.290152465822165, 6.602698778529882, 5.31144167058248, 6.790142876994563, 7.824944960189816, 7.011920622768058, 8.355880696850573, 9.482377635382383, 10.413263936921988, 10.326510780510521], [1.5208127070747404, 0.0, 1.4625417088069659, 2.496846182687271, 3.2576311777118048, 2.441906281985449, 2.761051520707283, 3.804925146438495, 4.683467397132172, 4.800679510236025, 5.498037011516019, 6.115445511162698, 6.952688065058004, 5.127218310156103, 5.939789855710385, 7.1777002807305905, 8.313312482398338, 4.750971014434839, 2.170329541797743, 2.1708867566043146, 2.1602270644541046, 1.0959449758085484, 1.095198726259303, 2.5973346742381893, 3.3858447129187716, 4.1927226929526356, 3.7249501124176145, 3.0295076712231643, 5.693359859520562, 3.9984859947235027, 5.616088268537096, 6.341148320296569, 5.542864350676462, 6.843315805221909, 8.143228147976698, 9.006543854886846, 8.891241227747676], [2.4686549738673484, 1.4625417088069659, 0.0, 1.4667074316304531, 2.4778080958782907, 1.3905952178833352, 2.3094753754911523, 2.4683387328322666, 3.3871666197575814, 3.772373805709079, 4.4454542591280815, 5.35907508157891, 6.299909550144352, 4.672605171636055, 5.7593765825825285, 6.3520493771695445, 7.35081314277543, 3.455058032797713, 2.744625644782909, 2.7433409230352686, 3.4129162837667137, 2.099837322270466, 2.0955671261021442, 2.0885484049932863, 2.11573837938437, 3.420078503484971, 2.762983389381847, 2.750254144620093, 4.333669122118116, 3.2191295904327926, 4.676176802688282, 6.232868162411267, 5.595284151855024, 6.57152908081521, 7.043289514140392, 8.04105938542926, 7.994682729164429], [3.3227095133339595, 2.496846182687271, 1.4667074316304531, 0.0, 1.5207260272646088, 2.5389036787558523, 3.6679383773449628, 2.9400659499405792, 3.69872492353784, 4.2219344120912154, 4.480808261909898, 5.4525013801006965, 6.643671300568685, 4.7946706769078515, 5.915597455033599, 6.097234512465467, 7.064412531130951, 3.605483900948665, 3.1257556558374806, 3.7922743004693102, 4.248680723471699, 3.3564498819437185, 2.576125891721909, 1.0958200992863745, 1.0916895712609882, 2.1591648200172213, 2.1692860945481582, 2.174162848086592, 4.431736042455597, 3.9018571129655686, 5.2613152671171495, 6.601232530368856, 5.744729540195952, 6.539012681590394, 6.748216159104568, 7.587864198178563, 7.864492569136295], [4.424487027893742, 3.2576311777118048, 2.4778080958782907, 1.5207260272646088, 0.0, 3.4187757838150192, 4.471932230032114, 3.675206032319821, 3.9360912222660693, 4.030629406184597, 3.849237894700716, 4.517439554659254, 5.856691456786843, 3.7250643873629885, 4.76314290148847, 4.928902150580797, 6.006622227175603, 4.664232662507307, 4.341288141784648, 5.034709252777166, 5.177635641873615, 3.8956305856690263, 2.9349151640209294, 2.158451935994869, 2.1396151266057175, 1.094324417163393, 1.092725807327712, 1.0944463897331838, 4.625289558503337, 3.7106362311603656, 5.120008348626006, 5.595409683839066, 4.596631751619875, 5.245846987856203, 5.866057024952962, 6.435434807377043, 6.844460704832778], [3.2450937212968136, 2.441906281985449, 1.3905952178833352, 2.5389036787558523, 3.4187757838150192, 0.0, 1.2310450235470676, 1.4890747664237682, 2.4750746029160413, 3.0040473182025615, 4.026936817234659, 5.107810193223707, 5.8182127719773185, 4.768408720946643, 5.957900831668818, 6.284690007470535, 7.119702051350182, 2.737176444805851, 3.698710717263517, 3.05231596333014, 4.182776042295356, 2.5629095692201083, 3.2983184928081153, 3.328525989082855, 2.703249320724968, 4.363531250031333, 3.2870405062913353, 3.830311120522718, 3.4560148523986407, 2.5957197344859866, 3.7183049538734716, 6.252683053697828, 6.00797164107821, 6.804609819820679, 6.692032517852853, 7.930864791433529, 7.653782087308208], [3.3954017685687803, 2.761051520707283, 2.3094753754911523, 3.6679383773449628, 4.471932230032114, 1.2310450235470676, 0.0, 2.3428550125861394, 3.1105163622781347, 3.360067657056923, 4.602220661810991, 5.5070608040950475, 5.9336200324928114, 5.170485348591561, 6.228322455525244, 6.8713635284417895, 7.700657289478607, 3.4875029663069825, 4.120562745548234, 2.967664376239335, 4.145898159627175, 2.4255305337183453, 3.741126617744981, 4.348035817469769, 3.920665068582115, 5.481030769846124, 4.288343239527359, 4.694967971136757, 4.08785165704432, 2.8025420371512717, 3.7771701603184358, 6.320441182385926, 6.279252946808243, 7.173064001526823, 7.311270560579741, 8.60000287616231, 8.089711832321347], [4.550476656351508, 3.804925146438495, 2.4683387328322666, 2.9400659499405792, 3.675206032319821, 1.4890747664237682, 2.3428550125861394, 0.0, 1.3410460133791087, 2.5256604621365875, 3.4510696819971627, 4.8594462328541095, 5.602798747054903, 4.956873632643867, 6.302904909642855, 5.874185108591659, 6.459119068417922, 1.7251655311882395, 4.7842029607866765, 4.300094294314952, 5.561476730150005, 4.020373577169167, 4.52565664406835, 3.8745071764032133, 2.558150634735961, 4.408860309649196, 3.289152551950122, 4.405204796601402, 2.094348223194987, 2.7096264650316657, 3.208623002161519, 6.639129089722537, 6.563109392658331, 6.998799032691252, 5.8434426890318685, 7.248207661208391, 7.038527432638165], [5.664943817020606, 4.683467397132172, 3.3871666197575814, 3.69872492353784, 3.9360912222660693, 2.4750746029160413, 3.1105163622781347, 1.3410460133791087, 0.0, 1.4940376501280013, 2.3408793433237864, 3.8415043797970605, 4.510169722970523, 4.307506390012672, 5.6876655676999865, 4.836190552490669, 5.273521177543521, 2.6800079290927483, 5.957983972788111, 5.493328540147585, 6.6189835858687545, 4.743315617793106, 5.261790129794232, 4.753308392057052, 3.3370430593565916, 4.612069489936161, 3.198275863649038, 4.665605166535205, 1.0869788452403293, 2.1695085411216986, 2.124878523586702, 5.974850275948344, 6.153410684327839, 6.281289441667212, 4.614001921325998, 6.117090971205187, 5.794268455120112], [6.033325926054385, 4.800679510236025, 3.772373805709079, 4.2219344120912154, 4.030629406184597, 3.0040473182025615, 3.360067657056923, 2.5256604621365875, 1.4940376501280013, 0.0, 1.4142378795662347, 2.560859925884272, 3.0870951799385775, 3.105885561317416, 4.412727846808592, 3.8443280036958343, 4.430586465695034, 4.110361144717092, 6.494481762234767, 5.988940770286512, 6.8424131803041535, 4.610495898490747, 5.233912411380229, 5.304549851778188, 4.193258406060853, 4.810921310934113, 3.100261643797181, 4.491709439623182, 2.1909341865971235, 1.0934478542664938, 1.094836024252034, 4.575469818499516, 4.996229963682616, 5.040375780633821, 4.001487947001715, 5.389810632109444, 4.795641105212106], [6.836363169844036, 5.498037011516019, 4.4454542591280815, 4.480808261909898, 3.849237894700716, 4.026936817234659, 4.602220661810991, 3.4510696819971627, 2.3408793433237864, 1.4142378795662347, 0.0, 1.609034213433636, 2.6193976158651435, 2.523273758433674, 3.8484767752969486, 2.522501619424654, 3.119093074917772, 4.88507169650559, 7.173801802391812, 6.963041310375805, 7.638463052866067, 5.4378982971364955, 5.687751602346924, 5.551657475925546, 4.4303294956470225, 4.397275106244775, 2.7675098771278126, 4.335189999296455, 2.647498946175428, 2.0586591291420735, 2.0518424062290945, 4.212800921002557, 4.563051300391001, 4.20732470460743, 2.7589574498349916, 4.020253968345782, 3.651395142955635], [7.578095640066836, 6.115445511162698, 5.35907508157891, 5.4525013801006965, 4.517439554659254, 5.107810193223707, 5.5070608040950475, 4.8594462328541095, 3.8415043797970605, 2.560859925884272, 1.609034213433636, 0.0, 1.4952554999062868, 1.609800149086836, 2.5712806867395868, 1.6101411366709442, 2.571622077600051, 6.40752425356315, 8.012546154625257, 7.82569979171192, 8.223425065628067, 5.8919329960548605, 6.118406116792183, 6.4483942567122865, 5.642060253134488, 5.053242517433731, 3.4862861529140146, 4.664359665591838, 4.220820338512408, 2.713609959076654, 2.864219244401517, 2.8461653465672017, 3.5041730393917474, 2.8015642576960467, 2.8023005888019936, 3.5047169486279492, 2.8459424537400615], [8.383783370292914, 6.952688065058004, 6.299909550144352, 6.643671300568685, 5.856691456786843, 5.8182127719773185, 5.9336200324928114, 5.602798747054903, 4.510169722970523, 3.0870951799385775, 2.6193976158651435, 1.4952554999062868, 0.0, 2.6242716799142576, 3.1030713462632473, 2.622319646801282, 3.100956797506215, 7.178115949885457, 8.954315197154944, 8.515791973739143, 8.967951814098914, 6.524285960930897, 7.067190192714499, 7.6599651500512715, 6.835102318912278, 6.485653838280301, 4.841181412630599, 5.937332476794609, 4.839846249624052, 3.2330204917383374, 2.841619314756992, 2.8199980053184435, 4.127616074685241, 3.368601172593752, 3.3686790497166688, 4.125001776969315, 2.8165792124490303], [6.644010888762901, 5.127218310156103, 4.672605171636055, 4.7946706769078515, 3.7250643873629885, 4.768408720946643, 5.170485348591561, 4.956873632643867, 4.307506390012672, 3.105885561317416, 2.523273758433674, 1.609800149086836, 2.6242716799142576, 0.0, 1.4123328255053766, 2.523441213898196, 3.8489785800910874, 6.582735056190549, 7.101738722313009, 7.064234460293627, 7.154939125527204, 4.895790006730273, 4.929811348317499, 5.653986665177059, 5.2786377314606465, 4.364394035831321, 2.919877220021417, 3.528164408017291, 4.9763137250378415, 2.6871863296020244, 3.6932643988753364, 2.061703562590898, 2.044507747600874, 2.0654408173559466, 4.2062993176900765, 4.56341305713169, 4.215201899079094], [7.450197128935582, 5.939789855710385, 5.7593765825825285, 5.915597455033599, 4.76314290148847, 5.957900831668818, 6.228322455525244, 6.302904909642855, 5.6876655676999865, 4.412727846808592, 3.8484767752969486, 2.5712806867395868, 3.1030713462632473, 1.4123328255053766, 0.0, 3.1238125888087462, 4.434161311905556, 7.950088583783202, 7.962047413197186, 7.955765807262051, 7.79380122533286, 5.599573167661978, 5.588822702501843, 6.6552053927733885, 6.520412644150676, 5.330790411374283, 4.127598615417929, 4.307435069736978, 6.361037784827253, 3.89934107510487, 4.842997428246272, 1.093336732210164, 1.0928019582705732, 1.0933579834619584, 5.057426355370882, 5.018152709912284, 4.60164922609275], [8.63765192456839, 7.1777002807305905, 6.3520493771695445, 6.097234512465467, 4.928902150580797, 6.284690007470535, 6.8713635284417895, 5.874185108591659, 4.836190552490669, 3.8443280036958343, 2.522501619424654, 1.6101411366709442, 2.622319646801282, 2.523441213898196, 3.1238125888087462, 0.0, 1.4124807786302793, 7.23909491994683, 8.923036189548936, 8.983918255972727, 9.307867971238098, 7.120056395141826, 7.024433076768545, 7.023347410601301, 6.196084139196304, 5.134438031566843, 3.9527137589256323, 5.133394803636284, 4.977790334073945, 4.151634811733807, 4.215379446740234, 3.6586077051249974, 4.023023436421916, 2.764798576750213, 2.06548548046216, 2.0447909355237277, 2.0618712399177594], [9.727776600025312, 8.313312482398338, 7.35081314277543, 7.064412531130951, 6.006622227175603, 7.119702051350182, 7.700657289478607, 6.459119068417922, 5.273521177543521, 4.430586465695034, 3.119093074917772, 2.571622077600051, 3.100956797506215, 3.8489785800910874, 4.434161311905556, 1.4124807786302793, 0.0, 7.662431212741815, 9.98505539443823, 9.982173947592779, 10.467120412988473, 8.26692517687199, 8.252138131417821, 8.028796115234213, 6.980485863462515, 6.123758741981921, 4.99573609491134, 6.363798530751898, 5.130994307149444, 5.002281309562668, 4.5806401244804205, 4.804335368185698, 5.390805796910143, 4.001098986528576, 1.093347337308689, 1.0928939289793862, 1.093234896991493], [5.034360681357663, 4.750971014434839, 3.455058032797713, 3.605483900948665, 4.664232662507307, 2.737176444805851, 3.4875029663069825, 1.7251655311882395, 2.6800079290927483, 4.110361144717092, 4.88507169650559, 6.40752425356315, 7.178115949885457, 6.582735056190549, 7.950088583783202, 7.23909491994683, 7.662431212741815, 0.0, 4.993503565634053, 4.616379877133164, 6.109798570329467, 5.180710720547905, 5.515956839026208, 4.251958688651619, 2.8325910329590474, 5.146133834248776, 4.507846048835297, 5.530108010699249, 2.8122537634431213, 4.427975041709246, 4.664840020836728, 8.340278122460905, 8.18098803385019, 8.587904406198291, 6.903663940980905, 8.353740312578552, 8.31089466964899], [1.0947623166696958, 2.170329541797743, 2.744625644782909, 3.1257556558374806, 4.341288141784648, 3.698710717263517, 4.120562745548234, 4.7842029607866765, 5.957983972788111, 6.494481762234767, 7.173801802391812, 8.012546154625257, 8.954315197154944, 7.101738722313009, 7.962047413197186, 8.923036189548936, 9.98505539443823, 4.993503565634053, 0.0, 1.7682869082815715, 1.7733655488928386, 3.066460179099021, 2.522126382638269, 2.5226318736589373, 3.71454430852561, 4.92600466301038, 5.099671850227228, 4.320349037982927, 6.802556734787296, 5.883782491730979, 7.3362754528439025, 8.45379639570294, 7.512447679019136, 8.786687865743268, 9.701653848184854, 10.589734563717826, 10.674648264462864], [1.094893392070662, 2.1708867566043146, 2.7433409230352686, 3.7922743004693102, 5.034709252777166, 3.05231596333014, 2.967664376239335, 4.300094294314952, 5.493328540147585, 5.988940770286512, 6.963041310375805, 7.82569979171192, 8.515791973739143, 7.064234460293627, 7.955765807262051, 8.983918255972727, 9.982173947592779, 4.616379877133164, 1.7682869082815715, 0.0, 1.7735948860999795, 2.5056604797937005, 3.0762753940439076, 3.6671768841985246, 4.265354331119514, 5.8513750495075945, 5.490154253752803, 5.054207552129216, 6.389628475897483, 5.343989882101201, 6.629168155206202, 8.237928446521007, 7.628863041109075, 8.895451195976513, 9.647114934528354, 10.732475105957619, 10.535198366428608], [1.0942966965133358, 2.1602270644541046, 3.4129162837667137, 4.248680723471699, 5.177635641873615, 4.182776042295356, 4.145898159627175, 5.561476730150005, 6.6189835858687545, 6.8424131803041535, 7.638463052866067, 8.223425065628067, 8.967951814098914, 7.154939125527204, 7.79380122533286, 9.307867971238098, 10.467120412988473, 6.109798570329467, 1.7733655488928386, 1.7735948860999795, 0.0, 2.476170805901725, 2.491484412955457, 3.8656886682711527, 5.031903712314057, 5.945582703991258, 5.812422339266134, 4.845073487574775, 7.595446553034258, 6.020045567933851, 7.559481292390371, 8.116893086027437, 7.239120260086857, 8.727533797127341, 10.300910601495383, 11.152645365114052, 11.0260851357134], [2.146633061331163, 1.0959449758085484, 2.099837322270466, 3.3564498819437185, 3.8956305856690263, 2.5629095692201083, 2.4255305337183453, 4.020373577169167, 4.743315617793106, 4.610495898490747, 5.4378982971364955, 5.8919329960548605, 6.524285960930897, 4.895790006730273, 5.599573167661978, 7.120056395141826, 8.26692517687199, 5.180710720547905, 3.066460179099021, 2.5056604797937005, 2.476170805901725, 0.0, 1.7609014679987065, 3.6390750115929182, 4.19480250429028, 4.923833901544609, 4.127873318065854, 3.5636947091466746, 5.812418417491982, 3.672459233265905, 5.2771602770808475, 5.825224470353053, 5.228327153115038, 6.594138171133511, 8.149251433107215, 9.04267492614879, 8.72230372665387], [2.160154063950069, 1.095198726259303, 2.0955671261021442, 2.576125891721909, 2.9349151640209294, 3.2983184928081153, 3.741126617744981, 4.52565664406835, 5.261790129794232, 5.233912411380229, 5.687751602346924, 6.118406116792183, 7.067190192714499, 4.929811348317499, 5.588822702501843, 7.024433076768545, 8.252138131417821, 5.515956839026208, 2.522126382638269, 3.0762753940439076, 2.491484412955457, 1.7609014679987065, 0.0, 2.486251061337129, 3.6303569314875914, 3.770531083282566, 3.57797854800724, 2.400437076867461, 6.251466101643678, 4.403750612829932, 6.125271364600919, 6.106788164821177, 5.038400615274653, 6.427479331744288, 8.196351928754646, 8.855181989095426, 8.871154355550352], [3.0281201330198244, 2.5973346742381893, 2.0885484049932863, 1.0958200992863745, 2.158451935994869, 3.328525989082855, 4.348035817469769, 3.8745071764032133, 4.753308392057052, 5.304549851778188, 5.551657475925546, 6.4483942567122865, 7.6599651500512715, 5.653986665177059, 6.6552053927733885, 7.023347410601301, 8.028796115234213, 4.251958688651619, 2.5226318736589373, 3.6671768841985246, 3.8656886682711527, 3.6390750115929182, 2.486251061337129, 0.0, 1.7542204564991253, 2.486739578242965, 3.0733476292147617, 2.526148067710996, 5.456803098884913, 4.920930716846153, 6.334541164914788, 7.37776995914077, 6.338111963353124, 7.266945896317104, 7.748014526315758, 8.48549301808681, 8.857882097883218], [4.0141904725610615, 3.3858447129187716, 2.11573837938437, 1.0916895712609882, 2.1396151266057175, 2.703249320724968, 3.920665068582115, 2.558150634735961, 3.3370430593565916, 4.193258406060853, 4.4303294956470225, 5.642060253134488, 6.835102318912278, 5.2786377314606465, 6.520412644150676, 6.196084139196304, 6.980485863462515, 2.8325910329590474, 3.71454430852561, 4.265354331119514, 5.031903712314057, 4.19480250429028, 3.6303569314875914, 1.7542204564991253, 0.0, 2.465353938078669, 2.499496229243005, 3.062444691745469, 3.8570410666727417, 4.145768041026899, 5.1980730025654704, 7.199637290864034, 6.494380728753127, 7.070882327545835, 6.51256550754002, 7.480976450303798, 7.821898442833428], [5.201901170725949, 4.1927226929526356, 3.420078503484971, 2.1591648200172213, 1.094324417163393, 4.363531250031333, 5.481030769846124, 4.408860309649196, 4.612069489936161, 4.810921310934113, 4.397275106244775, 5.053242517433731, 6.485653838280301, 4.364394035831321, 5.330790411374283, 5.134438031566843, 6.123758741981921, 5.146133834248776, 4.92600466301038, 5.8513750495075945, 5.945582703991258, 4.923833901544609, 3.770531083282566, 2.486739578242965, 2.465353938078669, 0.0, 1.77018629528081, 1.7719619098614958, 5.1177991392785245, 4.64590882497709, 5.900519138177589, 6.264186366959399, 5.168148861052669, 5.6242151319095175, 5.985845922674589, 6.376850307949842, 7.062029700447315], [5.026294065213455, 3.7249501124176145, 2.762983389381847, 2.1692860945481582, 1.092725807327712, 3.2870405062913353, 4.288343239527359, 3.289152551950122, 3.198275863649038, 3.100261643797181, 2.7675098771278126, 3.4862861529140146, 4.841181412630599, 2.919877220021417, 4.127598615417929, 3.9527137589256323, 4.99573609491134, 4.507846048835297, 5.099671850227228, 5.490154253752803, 5.812422339266134, 4.127873318065854, 3.57797854800724, 3.0733476292147617, 2.499496229243005, 1.77018629528081, 0.0, 1.7660249516923594, 3.854548558521478, 2.9162211593087384, 4.182409241095376, 4.916167234747004, 4.19774592966272