{"total energy": -30.27834488, "HOMO-LUMO gap/eV": 4.82424128, "electronic energy": -30.62560414, "dipole": [0.15012694, -0.70193675, 0.33103717], "partial charges": [-0.10671852, -0.05736715, 0.07719469, -0.27878782, 0.35388988, -0.40544311, -0.08786971, -0.05052036, -0.10246026, 0.03676688, 0.04427873, 0.04185967, 0.04952295, 0.04316944, 0.05148575, 0.05476, 0.06768134, 0.06765867, 0.05185755, 0.03583711, 0.03763936, 0.04333769, 0.03222724], "atomic dipole moments": [[-0.10948932, -0.04088685, -0.00275809], [0.06713684, -0.02891377, -0.11498562], [-0.23362785, -0.03824682, 0.07740429], [0.06768364, 0.20537265, -0.05965127], [0.13809239, -0.07609753, 0.03512016], [-0.02727788, -0.16868712, 0.05109047], [0.02956753, 0.09625777, -0.01537569], [0.09921948, -0.03675675, 0.08652752], [0.00675218, -0.05934334, -0.09556328], [0.08256074, -0.09398206, -0.01467272], [0.02604047, 0.05627131, 0.10978007], [0.01993972, 0.08545097, -0.09225644], [-0.07824921, 0.09647993, 0.0273589], [-0.01867123, -0.07521842, 0.09771893], [0.07449067, -0.09585332, -0.02025923], [0.0187552, 0.07395767, -0.10552412], [-0.01636005, -0.07799488, -0.10448343], [-0.00548945, -0.07120672, 0.1114266], [0.00439442, 0.08420458, -0.09727209], [-0.10288173, -0.06056185, -0.01524441], [-0.09998537, 0.07518241, -0.00370889], [0.10274148, 0.07535286, 0.02200646], [-0.01473786, -0.07500551, 0.0986716]], "atomic quadrupole moments": [[0.21004924, 0.11809991, -0.08717822, 0.00256676, 0.0080025, -0.12287101], [0.09426185, 0.15073819, -0.13298543, 0.07253432, 0.14920814, 0.03872358], [0.3757027, 0.24170243, -0.21792471, 0.0324277, 0.11074483, -0.15777799], [0.08335872, 0.03199053, -0.01884304, 0.00572835, -0.00965201, -0.06451568], [-0.17188988, -0.16194966, -0.23992414, -0.00633243, 0.21824891, 0.41181402], [-0.11004281, -0.01117404, -0.06948127, -0.02217858, 0.08934391, 0.17952408], [0.21506066, -0.02657274, 0.02613411, -0.00416739, -0.01397487, -0.24119478], [0.00385834, -0.18489708, -0.0048008, -0.00540529, 0.14562611, 0.00094247], [-0.11969528, -0.02632413, -0.02667256, -0.0178644, 0.15368823, 0.14636785], [0.00674232, -0.04974478, 0.04376981, -0.01237165, 0.01315301, -0.05051213], [-0.02724079, 0.01389124, -0.02755507, 0.01100744, 0.05089004, 0.05479586], [-0.02684733, 0.00568893, 0.00269575, -0.00229649, -0.06438709, 0.02415158], [0.00624444, -0.0385507, 0.02725857, 0.00723712, 0.00179234, -0.03350301], [-0.02984548, 0.00797761, 0.01968089, 0.00277613, -0.0435733, 0.0101646], [0.00448262, -0.03828259, 0.02956185, 0.00664807, 0.00810342, -0.03404447], [-0.01113638, 0.00674967, 0.00885872, 0.0108119, -0.03304343, 0.00227765], [-0.01447403, -0.01163442, -0.00536297, 0.01297946, 0.05458614, 0.019837], [-0.01025985, -0.01359729, -0.01605439, -0.00685348, -0.04980751, 0.02631424], [-0.03069601, 0.00575924, 0.01150395, -0.02186183, -0.03301766, 0.01919206], [0.03388803, 0.03771573, 0.0028018, -0.00568931, 0.02052456, -0.03668983], [0.03606735, -0.06314299, -0.00401839, 0.01418836, 0.00245663, -0.03204896], [0.04579657, 0.05426901, -0.01635223, -8.267e-05, 0.00904112, -0.02944434], [-0.0534792, 0.01065088, 0.0251804, -0.00687401, -0.05508982, 0.0282988]], "number of molecular orbitals": 50, "number of electrons": 54, "number of unpaired electrons": 0, "orbital energies/eV": [-19.99474357, -19.25974082, -18.24201357, -17.29386542, -17.03001339, -16.39132509, -16.28813089, -15.9808813, -15.56683806, -15.33017146, -15.1774141, -14.93465908, -14.18418816, -14.03934487, -13.74650726, -13.5636507, -13.33371702, -13.01895771, -12.93878275, -12.68101066, -12.59978823, -12.19630374, -12.08418082, -11.90270728, -11.8692676, -11.76921601, -11.19479656, -6.37055527, -0.16523332, 2.41198139, 2.64473597, 2.83227111, 3.23300756, 3.44617127, 3.68995332, 3.8289863, 4.01137242, 4.09849787, 4.49148932, 4.71913702, 4.98990585, 5.46235648, 5.69403873, 6.33141045, 6.70197844, 6.82872776, 6.99197685, 7.76207706, 7.81828706, 16.29752443], "fractional occupation": [2.0, 2.0, 2.0, 2.0, 2.0, 2.0, 2.0, 2.0, 2.0, 2.0, 2.0, 2.0, 2.0, 2.0, 2.0, 2.0, 2.0, 2.0, 2.0, 2.0, 2.0, 2.0, 2.0, 2.0, 2.0, 2.0, 2.0, 0.0, 0.0, 0.0, 0.0, 0.0, 0.0, 0.0, 0.0, 0.0, 0.0, 0.0, 0.0, 0.0, 0.0, 0.0, 0.0, 0.0, 0.0, 0.0, 0.0, 0.0, 0.0, 0.0], "program call": "xtb /home/svss/Project-DBcg-Debug/aqme2_20220329/End-to-End-workflows-final/example-3/QDESCP/mol_329_rdkit_conf_6/mol_329_rdkit_conf_6.xyz --pop --wbo --acc 0.2 --gfn 2 --chrg 0 --uhf 0 --etemp 300 --input /home/svss/Project-DBcg-Debug/aqme2_20220329/End-to-End-workflows-final/example-3/QDESCP/mol_329_rdkit_conf_6/mol_329_rdkit_conf_6_xtb.inp", "method": "GFN2-xTB", "xtb version": "6.3.3 (7355c4f)", "Dipole module/D": 2.009, "Total charge": 0, "Transition dipole module/D": NaN, "HOMO": -11.1948, "LUMO": -6.3706, "HOMO occupancy": 2.0, "LUMO occupancy": 0, "mulliken charges": [-0.08678, -0.05337, 0.19747, -0.42325, 0.57396, -0.52927, -0.07927, -0.03225, -0.08597, 0.02712, 0.03574, 0.033, 0.04459, 0.03283, 0.03101, 0.04365, 0.05847, 0.05227, 0.04077, 0.02422, 0.03137, 0.03996, 0.02374], "cm5 charges": [-0.23678, -0.16207, 0.11663, -0.50624, 0.62313, -0.58112, -0.17788, -0.14244, -0.23553, 0.07849, 0.08656, 0.08441, 0.1031, 0.08952, 0.09419, 0.1102, 0.11628, 0.11181, 0.09804, 0.07859, 0.08221, 0.0937, 0.0752], "FUKUI+": [0.014, 0.005, 0.031, -0.12, -0.19, -0.28, 0.028, 0.02, 0.02, -0.024, -0.031, -0.016, 0.002, -0.025, -0.065, -0.03, -0.1, -0.091, -0.025, -0.056, -0.044, 0.004, -0.025], "FUKUI-": [0.017, 0.005, 0.019, -0.052, -0.013, -0.098, 0.0, 0.009, 0.018, -0.072, -0.046, -0.064, -0.069, -0.072, -0.069, -0.044, -0.055, -0.052, -0.067, -0.108, -0.054, -0.072, -0.061], "FUKUIrad": [0.015, 0.005, 0.025, -0.086, -0.102, -0.189, 0.014, 0.014, 0.019, -0.048, -0.038, -0.04, -0.033, -0.049, -0.067, -0.037, -0.078, -0.071, -0.046, -0.082, -0.049, -0.034, -0.043], "s proportion": [1.008, 1.031, 0.998, 1.699, 0.991, 1.731, 1.039, 1.025, 1.008, 0.973, 0.964, 0.967, 0.955, 0.967, 0.969, 0.956, 0.942, 0.948, 0.959, 0.976, 0.969, 0.96, 0.976], "p proportion": [3.079, 3.022, 2.804, 4.724, 2.435, 4.798, 3.04, 3.007, 3.078, 0.0, 0.0, 0.0, 0.0, 0.0, 0.0, 0.0, 0.0, 0.0, 0.0, 0.0, 0.0, 0.0, 0.0], "d proportion": [0.0, 0.0, 0.0, 0.0, 0.0, 0.0, 0.0, 0.0, 0.0, 0.0, 0.0, 0.0, 0.0, 0.0, 0.0, 0.0, 0.0, 0.0, 0.0, 0.0, 0.0, 0.0, 0.0], "Fermi-level/eV": -8.7827, "Coordination numbers": [3.75, 3.799, 3.696, 1.702, 2.711, 0.856, 3.802, 3.8, 3.749, 0.924, 0.924, 0.924, 0.924, 0.924, 0.924, 0.924, 0.924, 0.924, 0.924, 0.924, 0.924, 0.924, 0.924], "Dispersion coefficient C6": [22.603, 21.608, 19.454, 18.627, 20.991, 21.791, 22.174, 21.481, 22.522, 2.492, 2.393, 2.424, 2.326, 2.407, 2.302, 2.262, 2.111, 2.112, 2.297, 2.505, 2.481, 2.405, 2.555], "Total dispersion C6": 3947.031889, "Total dispersion C8": 83641.855117, "Polarizability alpha": [6.78, 6.619, 6.309, 5.827, 7.5, 6.259, 6.704, 6.599, 6.768, 2.469, 2.419, 2.435, 2.385, 2.426, 2.372, 2.352, 2.272, 2.272, 2.37, 2.475, 2.463, 2.425, 2.5], "Total polarizability alpha": 93.001563, "Wiberg matrix": [[0.0, 1.0195615928961275, 0.0, 0.0, 0.0, 0.0, 0.0, 0.0, 0.0, 0.9872067623138574, 0.9862070218374672, 0.9868841703482418, 0.0, 0.0, 0.0, 0.0, 0.0, 0.0, 0.0, 0.0, 0.0, 0.0, 0.0], [1.0195615928961275, 0.0, 1.0000501684760246, 0.0, 0.0, 0.0, 0.0, 0.0, 0.0, 0.0, 0.0, 0.0, 0.9753445952181788, 0.9764177319826213, 0.0, 0.0, 0.0, 0.0, 0.0, 0.0, 0.0, 0.0, 0.0], [0.0, 1.0000501684760246, 0.0, 0.941920548513973, 0.0, 0.0, 0.0, 0.0, 0.0, 0.0, 0.0, 0.0, 0.0, 0.0, 0.9710204822692241, 0.9685544157075596, 0.0, 0.0, 0.0, 0.0, 0.0, 0.0, 0.0], [0.0, 0.0, 0.941920548513973, 0.0, 1.1158971286746173, 0.1698074255848284, 0.0, 0.0, 0.0, 0.0, 0.0, 0.0, 0.0, 0.0, 0.0, 0.0, 0.0, 0.0, 0.0, 0.0, 0.0, 0.0, 0.0], [0.0, 0.0, 0.0, 1.1158971286746173, 0.0, 1.7595986329792157, 0.9781086525101765, 0.0, 0.0, 0.0, 0.0, 0.0, 0.0, 0.0, 0.0, 0.0, 0.0, 0.0, 0.0, 0.0, 0.0, 0.0, 0.0], [0.0, 0.0, 0.0, 0.1698074255848284, 1.7595986329792157, 0.0, 0.0, 0.0, 0.0, 0.0, 0.0, 0.0, 0.0, 0.0, 0.0, 0.0, 0.0, 0.0, 0.0, 0.0, 0.0, 0.0, 0.0], [0.0, 0.0, 0.0, 0.0, 0.9781086525101765, 0.0, 0.0, 1.0055348663050836, 0.0, 0.0, 0.0, 0.0, 0.0, 0.0, 0.0, 0.0, 0.9474474809441631, 0.9608787906848503, 0.0, 0.0, 0.0, 0.0, 0.0], [0.0, 0.0, 0.0, 0.0, 0.0, 0.0, 1.0055348663050836, 0.0, 1.0214006789030818, 0.0, 0.0, 0.0, 0.0, 0.0, 0.0, 0.0, 0.0, 0.0, 0.9755779065510134, 0.97767717300078, 0.0, 0.0, 0.0], [0.0, 0.0, 0.0, 0.0, 0.0, 0.0, 0.0, 1.0214006789030818, 0.0, 0.0, 0.0, 0.0, 0.0, 0.0, 0.0, 0.0, 0.0, 0.0, 0.0, 0.0, 0.9869714744268767, 0.9868467334354964, 0.987392683420737], [0.9872067623138574, 0.0, 0.0, 0.0, 0.0, 0.0, 0.0, 0.0, 0.0, 0.0, 0.0, 0.0, 0.0, 0.0, 0.0, 0.0, 0.0, 0.0, 0.0, 0.0, 0.0, 0.0, 0.0], [0.9862070218374672, 0.0, 0.0, 0.0, 0.0, 0.0, 0.0, 0.0, 0.0, 0.0, 0.0, 0.0, 0.0, 0.0, 0.0, 0.0, 0.0, 0.0, 0.0, 0.0, 0.0, 0.0, 0.0], [0.9868841703482418, 0.0, 0.0, 0.0, 0.0, 0.0, 0.0, 0.0, 0.0, 0.0, 0.0, 0.0, 0.0, 0.0, 0.0, 0.0, 0.0, 0.0, 0.0, 0.0, 0.0, 0.0, 0.0], [0.0, 0.9753445952181788, 0.0, 0.0, 0.0, 0.0, 0.0, 0.0, 0.0, 0.0, 0.0, 0.0, 0.0, 0.0, 0.0, 0.0, 0.0, 0.0, 0.0, 0.0, 0.0, 0.0, 0.0], [0.0, 0.9764177319826213, 0.0, 0.0, 0.0, 0.0, 0.0, 0.0, 0.0, 0.0, 0.0, 0.0, 0.0, 0.0, 0.0, 0.0, 0.0, 0.0, 0.0, 0.0, 0.0, 0.0, 0.0], [0.0, 0.0, 0.9710204822692241, 0.0, 0.0, 0.0, 0.0, 0.0, 0.0, 0.0, 0.0, 0.0, 0.0, 0.0, 0.0, 0.0, 0.0, 0.0, 0.0, 0.0, 0.0, 0.0, 0.0], [0.0, 0.0, 0.9685544157075596, 0.0, 0.0, 0.0, 0.0, 0.0, 0.0, 0.0, 0.0, 0.0, 0.0, 0.0, 0.0, 0.0, 0.0, 0.0, 0.0, 0.0, 0.0, 0.0, 0.0], [0.0, 0.0, 0.0, 0.0, 0.0, 0.0, 0.9474474809441631, 0.0, 0.0, 0.0, 0.0, 0.0, 0.0, 0.0, 0.0, 0.0, 0.0, 0.0, 0.0, 0.0, 0.0, 0.0, 0.0], [0.0, 0.0, 0.0, 0.0, 0.0, 0.0, 0.9608787906848503, 0.0, 0.0, 0.0, 0.0, 0.0, 0.0, 0.0, 0.0, 0.0, 0.0, 0.0, 0.0, 0.0, 0.0, 0.0, 0.0], [0.0, 0.0, 0.0, 0.0, 0.0, 0.0, 0.0, 0.9755779065510134, 0.0, 0.0, 0.0, 0.0, 0.0, 0.0, 0.0, 0.0, 0.0, 0.0, 0.0, 0.0, 0.0, 0.0, 0.0], [0.0, 0.0, 0.0, 0.0, 0.0, 0.0, 0.0, 0.97767717300078, 0.0, 0.0, 0.0, 0.0, 0.0, 0.0, 0.0, 0.0, 0.0, 0.0, 0.0, 0.0, 0.0, 0.0, 0.0], [0.0, 0.0, 0.0, 0.0, 0.0, 0.0, 0.0, 0.0, 0.9869714744268767, 0.0, 0.0, 0.0, 0.0, 0.0, 0.0, 0.0, 0.0, 0.0, 0.0, 0.0, 0.0, 0.0, 0.0], [0.0, 0.0, 0.0, 0.0, 0.0, 0.0, 0.0, 0.0, 0.9868467334354964, 0.0, 0.0, 0.0, 0.0, 0.0, 0.0, 0.0, 0.0, 0.0, 0.0, 0.0, 0.0, 0.0, 0.0], [0.0, 0.0, 0.0, 0.0, 0.0, 0.0, 0.0, 0.0, 0.987392683420737, 0.0, 0.0, 0.0, 0.0, 0.0, 0.0, 0.0, 0.0, 0.0, 0.0, 0.0, 0.0, 0.0, 0.0]], "Born radii": [], "Atomic SASAs": [], "Solvent H bonds": [], "Total SASA": NaN, "Total FOD": 0.0, "FOD": [0.0, 0.0, 0.0, 0.0, 0.0, 0.0, 0.0, 0.0, 0.0, 0.0, 0.0, 0.0, 0.0, 0.0, 0.0, 0.0, 0.0, 0.0, 0.0, 0.0, 0.0, 0.0, 0.0], "FOD s proportion": [0.0, 0.0, 0.0, 0.0, 0.0, 0.0, 0.0, 0.0, 0.0, 0.0, 0.0, 0.0, 0.0, 0.0, 0.0, 0.0, 0.0, 0.0, 0.0, 0.0, 0.0, 0.0, 0.0], "FOD p proportion": [0.0, 0.0, 0.0, 0.0, 0.0, 0.0, 0.0, 0.0, 0.0, 0.0, 0.0, 0.0, 0.0, 0.0, 0.0, 0.0, 0.0, 0.0, 0.0, 0.0, 0.0, 0.0, 0.0], "FOD d proportion": [0.0, 0.0, 0.0, 0.0, 0.0, 0.0, 0.0, 0.0, 0.0, 0.0, 0.0, 0.0, 0.0, 0.0, 0.0, 0.0, 0.0, 0.0, 0.0, 0.0, 0.0, 0.0, 0.0], "coordinates": [["3.65350", "0.54970", "0.80730"], ["2.22150", "0.04540", "0.80590"], ["1.86740", "-0.64600", "-0.50610"], ["0.52510", "-1.15370", "-0.44760"], ["-0.45730", "-0.27480", "-0.79700"], ["-0.27600", "0.87980", "-1.15510"], ["-1.80080", "-0.96180", "-0.70070"], ["-2.97480", "0.01530", "-0.69940"], ["-3.08310", "0.79800", "0.60190"], ["4.36010", "-0.27510", "0.67050"], ["3.88260", "1.03880", "1.75920"], ["3.81370", "1.27660", "0.00460"], ["1.53670", "0.88210", "0.98640"], ["2.07100", "-0.65140", "1.63910"], ["2.52440", "-1.50810", "-0.66510"], ["2.00030", "0.01940", "-1.36760"], ["-1.88650", "-1.62830", "-1.56620"], ["-1.82770", "-1.57050", "0.21020"], ["-2.89390", "0.71510", "-1.53920"], ["-3.90310", "-0.55040", "-0.84210"], ["-3.95580", "1.45820", "0.57230"], ["-2.19820", "1.41840", "0.77240"], ["-3.19900", "0.12330", "1.45620"]], "bond_dist": [[0.0, 1.518204350540467, 2.518902788914253, 3.776669449395856, 4.489126349302278, 4.404650953253844, 5.857310367395602, 6.818364110254013, 6.744302900226235, 1.0946656293133532, 1.0944492816023956, 1.0947031287065914, 2.1502113407756, 2.153796345990029, 2.7708066352598477, 2.782890285296925, 6.408493290157992, 5.907226920476308, 6.957144972616281, 7.812358410236949, 7.666944876546329, 5.915931929121565, 6.896350079571077], [1.518204350540467, 0.0, 1.5247179312908992, 2.426288527772408, 3.1381182084172674, 3.283176908118111, 4.411710857479215, 5.410024749481281, 5.361604603101575, 2.166717187359717, 2.157516549183343, 2.166341609719021, 1.096174338323973, 1.0965412577737328, 2.1607757079345373, 2.184881619218762, 5.030287675670249, 4.400228623605824, 5.667037079462247, 6.37036943983628, 6.341104642725902, 4.628174514860043, 5.459924793438092], [2.518902788914253, 1.5247179312908992, 0.0, 1.43629761191753, 2.372054455530058, 2.709876417846393, 3.6869079239926776, 4.89096957872363, 5.274490520419958, 2.781278062330338, 3.468597147262853, 2.7830359214354385, 2.161482905322177, 2.154846899433925, 1.0955119396884727, 1.096632034914173, 4.0224980435048066, 3.8757644342761597, 5.05864275374334, 5.781064401128913, 6.284923423558954, 4.7355478004133795, 5.48733566861004], [3.776669449395856, 2.426288527772408, 1.43629761191753, 0.0, 1.3636918016912765, 2.297267879460295, 2.3474871735538834, 3.698548938435181, 4.2343465115646834, 4.090147988765199, 4.57709828821711, 4.114089557848735, 2.687782022411788, 2.645076367517581, 2.0420837641977374, 2.0973265482513685, 2.7004306471376003, 2.478324216078276, 4.046426200982788, 4.486485972339599, 5.285894666941444, 3.939601667681645, 4.373111506696348], [4.489126349302278, 3.1381182084172674, 2.372054455530058, 1.3636918016912765, 0.0, 1.2223773803535471, 1.5120300724522644, 2.5360382528660725, 3.1626961109154954, 5.035960593571002, 5.205231542400396, 4.614200420441227, 2.914613039495981, 3.5311062940670594, 3.229390250496214, 2.540066093628274, 2.1133488897955304, 2.1380567087895495, 2.7327243567546287, 3.4570980619589022, 4.137363138521926, 2.8914832543177558, 3.5710380479630848], [4.404650953253844, 3.283176908118111, 2.709876417846393, 2.297267879460295, 1.2223773803535471, 0.0, 2.433718340317959, 2.8702864282158327, 3.3126350010226, 5.114687925963812, 5.080588494456129, 4.269426240140471, 2.8056922193996976, 3.9573395204354154, 3.712735725849606, 2.4427415131364185, 3.008866741814931, 3.2055868526683224, 2.6510487189035206, 3.911431381220946, 4.106018187977253, 2.7749232511909225, 3.9918803764642043], [5.857310367395602, 4.411710857479215, 3.6869079239926776, 2.3474871735538834, 1.5120300724522644, 2.433718340317959, 0.0, 1.5274168062451061, 2.5373127694472357, 6.348892434117938, 6.5080368722065485, 6.085268515028732, 4.169553917387327, 4.534517332638613, 4.359709404306667, 3.9819430257099357, 1.0957449475128782, 1.0958914681664422, 2.1702404175574648, 2.146837024554961, 3.4815160490797683, 2.8272428990095637, 2.790093700935508], [6.818364110254013, 5.410024749481281, 4.89096957872363, 3.698548938435181, 2.5360382528660725, 2.8702864282158327, 1.5274168062451061, 0.0, 1.522409232105481, 7.467376793760979, 7.356371454052603, 6.940477356781736, 4.893556593113029, 5.601175660519852, 5.706410841325745, 5.019773706054886, 2.153406624397724, 2.1582335855972588, 1.0961427324942676, 1.096412636738559, 2.159060513278866, 2.1766929985645658, 2.169917279529337], [6.744302900226235, 5.361604603101575, 5.274490520419958, 4.2343465115646834, 3.1626961109154954, 3.3126350010226, 2.5373127694472357, 1.522409232105481, 0.0, 7.520470451374701, 7.065288700400006, 6.939140832264466, 4.636535894393572, 5.453557647077731, 6.194145821660966, 5.506914178557715, 3.466906525996915, 2.7091050736359414, 2.1510412036964794, 2.139092929257633, 1.0946896774885566, 1.094081541750888, 1.0947517481146125], [1.0946656293133532, 2.166717187359717, 2.781278062330338, 4.090147988765199, 5.035960593571002, 5.114687925963812, 6.348892434117938, 7.467376793760979, 7.520470451374701, 0.0, 1.7718936621592165, 1.7747531264939358, 3.067652556923617, 2.513914568954164, 2.583391346660432, 3.13197029040826, 6.77155733122005, 6.33867542077996, 7.647469263096125, 8.405011784048847, 8.495184809055067, 6.774188124786615, 7.610258856307057], [1.0944492816023956, 2.157516549183343, 3.468597147262853, 4.57709828821711, 5.205231542400396, 5.080588494456129, 6.5080368722065485, 7.356371454052603, 7.065288700400006, 1.7718936621592165, 0.0, 1.7719811539629875, 2.4748780858862527, 2.480543208654104, 3.769434618082664, 3.7893413530586026, 7.173159860201082, 6.466480772414003, 7.543551981659569, 8.361186687307011, 7.938837605720375, 6.17203362272112, 7.14695794097041], [1.0947031287065914, 2.166341609719021, 2.7830359214354385, 4.114089557848735, 4.614200420441227, 4.269426240140471, 6.085268515028732, 6.940477356781736, 6.939140832264466, 1.7747531264939358, 1.7719811539629875, 0.0, 2.51083462020102, 3.070142918497443, 3.1409149415417157, 2.598442656669567, 6.587726215470706, 6.322471330895855, 6.905830757410725, 7.975201071446412, 7.792329054910348, 6.062389437342342, 7.253633898950236], [2.1502113407756, 1.096174338323973, 2.161482905322177, 2.687782022411788, 2.914613039495981, 2.8056922193996976, 4.169553917387327, 4.893556593113029, 4.636535894393572, 3.067652556923617, 2.4748780858862527, 2.51083462020102, 0.0, 1.750175999721171, 3.0685598543942403, 2.549606293136256, 4.953400161505225, 4.235200179448428, 5.102622925515857, 5.914971896805596, 5.538133825576987, 3.779271318653901, 4.8190604862358795], [2.153796345990029, 1.0965412577737328, 2.154846899433925, 2.645076367517581, 3.5311062940670594, 3.9573395204354154, 4.534517332638613, 5.601175660519852, 5.453557647077731, 2.513914568954164, 2.480543208654104, 3.070142918497443, 1.750175999721171, 0.0, 2.4997688073099877, 3.0814308397236503, 5.185565345263717, 4.252806333469701, 6.051375475873233, 6.469654183184755, 6.473854542697109, 4.822997985693131, 5.329776027189134], [2.7708066352598477, 2.1607757079345373, 1.0955119396884727, 2.0420837641977374, 3.229390250496214, 3.712735725849606, 4.359709404306667, 5.706410841325745, 6.194145821660966, 2.583391346660432, 3.769434618082664, 3.1409149415417157, 3.0685598543942403, 2.4997688073099877, 0.0, 1.7610915109669911, 4.503606117324205, 4.4396867299394, 5.921540672831692, 6.500867214456853, 7.233469878972332, 5.7387942339833025, 6.318123709615063], [2.782890285296925, 2.184881619218762, 1.096632034914173, 2.0973265482513685, 2.540066093628274, 2.4427415131364185, 3.9819430257099357, 5.019773706054886, 5.506914178557715, 3.13197029040826, 3.7893413530586026, 2.598442656669567, 2.549606293136256, 3.0814308397236503, 1.7610915109669911, 0.0, 4.2262952440642385, 4.435179686326136, 4.946376319084507, 5.954070359846279, 6.427167701250684, 4.915709841925172, 5.917546969817815], [6.408493290157992, 5.030287675670249, 4.0224980435048066, 2.7004306471376003, 2.1133488897955304, 3.008866741814931, 1.0957449475128782, 2.153406624397724, 3.466906525996915, 6.77155733122005, 7.173159860201082, 6.587726215470706, 4.953400161505225, 5.185565345263717, 4.503606117324205, 4.2262952440642385, 0.0, 1.7783124697307837, 2.550903236110692, 2.3985130351949304, 4.287384632850195, 3.853386528756232, 3.731710140136825], [5.907226920476308, 4.400228623605824, 3.8757644342761597, 2.478324216078276, 2.1380567087895495, 3.2055868526683224, 1.0958914681664422, 2.1582335855972588, 2.7091050736359414, 6.33867542077996, 6.466480772414003, 6.322471330895855, 4.235200179448428, 4.252806333469701, 4.4396867299394, 4.435179686326136, 1.7783124697307837, 0.0, 3.0693892161145024, 2.540713376199684, 3.719267361994832, 3.0637986715840193, 2.5103661346504813], [6.957144972616281, 5.667037079462247, 5.05864275374334, 4.046426200982788, 2.7327243567546287, 2.6510487189035206, 2.1702404175574648, 1.0961427324942676, 2.1510412036964794, 7.647469263096125, 7.543551981659569, 6.905830757410725, 5.102622925515857, 6.051375475873233, 5.921540672831692, 4.946376319084507, 2.550903236110692, 3.0693892161145024, 0.0, 1.762362987582297, 2.4775515070326994, 2.5143834114947543, 3.0685068697984037], [7.812358410236949, 6.37036943983628, 5.781064401128913, 4.486485972339599, 3.4570980619589022, 3.911431381220946, 2.146837024554961, 1.096412636738559, 2.139092929257633, 8.405011784048847, 8.361186687307011, 7.975201071446412, 5.914971896805596, 6.469654183184755, 6.500867214456853, 5.954070359846279, 2.3985130351949304, 2.540713376199684, 1.762362987582297, 0.0, 2.4571891685419747, 3.0642238332080116, 2.4963596275376667], [7.666944876546329, 6.341104642725902, 6.284923423558954, 5.285894666941444, 4.137363138521926, 4.106018187977253, 3.4815160490797683, 2.159060513278866, 1.0946896774885566, 8.495184809055067, 7.938837605720375, 7.792329054910348, 5.538133825576987, 6.473854542697109, 7.233469878972332, 6.427167701250684, 4.287384632850195, 3.719267361994832, 2.4775515070326994, 2.4571891685419747, 0.0, 1.7694015400694099, 1.7708708196816616], [5.915931929121565, 4.628174514860043, 4.7355478004133795, 3.939601667681645, 2.8914832543177558, 2.7749232511909225, 2.8272428990095637, 2.1766929985645658, 1.094081541750888, 6.774188124786615, 6.17203362272112, 6.062389437342342, 3.779271318653901, 4.822997985693131, 5.7387942339833025, 4.915709841925172, 3.853386528756232, 3.0637986715840193, 2.5143834114947543, 3.0642238332080116, 1.7694015400694099, 0.0, 1.7738283710663783], [6.896350079571077, 5.459924793438092, 5.48733566861004, 4.373111506696348, 3.5710380479630848, 3.9918803764642043, 2.790093700935508, 2.169917279529337, 1.0947517481146125, 7.610258856307057, 7.14695794097041, 7.253633898950236, 4.8190604862358795, 5.329776027189134, 6.318123709615063, 5.917546969817815, 3.731710140136825, 2.5103661346504813, 3.0685068697984037, 2.4963596275376667, 1.7708708196816616, 1.7738283710663783, 0.0]]}