{"total energy": -45.56944804, "HOMO-LUMO gap/eV": 3.18607516, "electronic energy": -46.1302969, "dipole": [-0.1995516, -0.48434831, 0.18913271], "partial charges": [-0.38361418, 0.28092177, -0.16767131, 0.33803881, -0.42068044, -0.16890964, 0.28190219, -0.38622476, -0.0139412, -0.05829621, -0.03700688, -0.09018782, -0.05610576, -0.03890416, -0.08889876, 0.23380057, 0.23340229, 0.06744456, 0.06811579, 0.03890824, 0.05223033, 0.04379654, 0.06881459, 0.06756753, 0.036802, 0.0503058, 0.04839011], "atomic dipole moments": [[-0.04110021, 0.13052781, 0.13369642], [-0.03138923, 0.07361115, -0.02239421], [0.02169841, 0.02345375, 0.04233541], [0.03207603, -0.07931604, 0.03191191], [0.08214645, -0.1853403, 0.07741131], [0.02443223, -0.01291721, -0.05303633], [-0.03687478, 0.06804555, -0.03591], [-0.07723195, -0.01719229, -0.17425634], [-0.01786105, 0.00565973, -0.00341508], [-0.10820129, 0.11272409, -0.03526017], [-0.11477728, -0.06895729, 0.10407955], [0.03783406, -0.00050652, -0.0587878], [0.03155603, 0.14047551, -0.06219594], [0.15951149, -0.00228517, 0.05371446], [-0.0479355, -0.02508239, -0.04159233], [-0.02743703, 0.01720689, -0.13438622], [-0.00649306, 0.11553255, 0.07473065], [0.03432772, -0.03517435, 0.11853459], [0.01787065, -0.11414263, -0.06011813], [0.04608294, 0.11335579, 0.09104742], [-0.03280235, -0.11392966, -0.09893398], [0.10646874, 0.10310894, -0.03172205], [0.01318411, -0.11604357, -0.05750208], [0.026851, -0.03444452, 0.12080627], [-0.05714725, 0.09232365, 0.1066225], [0.04078445, -0.10092276, -0.10926398], [-0.14480755, 0.0448768, 0.01434165]], "atomic quadrupole moments": [[0.14113207, 0.12266059, -0.03171453, -0.06272305, -0.01038269, -0.10941754], [0.36665239, 0.28679717, -0.05737077, -0.10468691, -0.11175368, -0.30928162], [0.01210288, -0.01980182, 0.08845964, -0.03810282, 0.04363971, -0.10056252], [0.33291051, 0.20365732, -0.1745799, -0.12204644, -0.01280891, -0.15833061], [0.13438572, 0.05676145, -0.03414649, -0.04203523, -0.04420612, -0.10023923], [0.02488075, -0.00397055, -0.06486401, 0.04117841, -0.09052119, 0.03998326], [0.30154041, 0.21132586, -0.11785107, -0.26791389, -0.17993513, -0.18368934], [0.12372609, 0.10733759, -0.07952259, -0.09341762, -0.05878936, -0.04420349], [-0.06354708, -0.03058973, 0.0278712, 0.02554361, 0.01780799, 0.03567588], [0.22792281, -0.01372625, -0.06244803, -0.04001904, -0.05863457, -0.16547478], [0.17447573, -0.2322021, 0.07919079, 0.26692311, -0.29575656, -0.25366651], [0.14327685, -0.37348903, 0.02017954, 0.32083462, -0.25302262, -0.1634564], [0.16718517, 0.10010865, -0.007795, -0.06712052, -0.09899649, -0.15939017], [-0.12944221, 0.00625103, 0.18397727, -0.14785759, -0.46075162, -0.05453506], [-0.29847082, 0.10529007, 0.24256307, -0.1337908, -0.47923853, 0.05590775], [-0.03601464, -0.02257432, 0.00250535, 0.01847034, 0.00454124, 0.03350929], [-0.03670157, -0.02409639, 0.01748509, 0.0130101, 0.02018672, 0.01921648], [-0.02369873, 0.00981634, -0.0347534, 0.00706132, -0.0095194, 0.05845213], [-0.01432439, 0.00805479, 0.01196299, -0.00757943, 0.04981423, 0.0023614], [-0.02296724, 0.0307986, -0.00532354, -0.04586566, 0.01655315, 0.02829078], [-0.01895647, 0.03272707, 0.00589253, -0.01874171, 0.03271296, 0.01306395], [-0.0063606, 0.04492688, -0.00097813, -0.03452061, 0.01386845, 0.00733873], [-0.00938507, 0.00186749, 0.00929459, -0.01170731, 0.04953528, 9.048e-05], [-0.0088379, -0.00160073, -0.04143093, 0.02334326, -0.00081979, 0.05026883], [0.02798019, -0.00680048, -0.02255182, 0.03300645, 0.04562544, -0.00542837], [0.01403427, -0.01451038, -0.01589521, 0.0015637, 0.04872767, 0.00186094], [0.04329407, -0.01437452, -0.02934663, 0.0123735, 0.0391178, -0.01394744]], "number of molecular orbitals": 72, "number of electrons": 80, "number of unpaired electrons": 0, "orbital energies/eV": [-20.58505089, -20.25430669, -20.16519884, -19.75248919, -19.37162671, -18.80172336, -18.24424833, -18.09819763, -17.68440125, -17.34039136, -17.09246267, -17.04875014, -16.81200514, -16.56213819, -16.22076754, -15.69106641, -15.64338226, -15.59604287, -15.45243905, -15.23858295, -15.10257258, -14.88819077, -14.71621911, -14.44547245, -14.15669296, -13.906953, -13.82590149, -13.55989038, -13.29290592, -12.96863956, -12.78478009, -12.689947, -12.49105686, -12.43182145, -12.35369514, -12.15914715, -12.00849412, -11.68284838, -11.5625299, -11.29740523, -8.11133006, -7.1727582, -6.39891697, -6.05365925, -5.50034347, -0.58523358, -0.01969745, 0.48359208, 1.5070604, 2.30629763, 2.60013872, 2.78490255, 3.16531878, 3.29355831, 3.52783593, 3.93020611, 4.20172644, 4.31979171, 4.43703046, 4.6143505, 5.4904521, 5.6424526, 6.53112744, 7.69425513, 10.45995503, 10.74477051, 11.93826974, 14.08566028, 14.1056183, 14.68188527, 14.98777404, 16.40606654], "fractional occupation": [2.0, 2.0, 2.0, 2.0, 2.0, 2.0, 2.0, 2.0, 2.0, 2.0, 2.0, 2.0, 2.0, 2.0, 2.0, 2.0, 2.0, 2.0, 2.0, 2.0, 2.0, 2.0, 2.0, 2.0, 2.0, 2.0, 2.0, 2.0, 2.0, 2.0, 2.0, 2.0, 2.0, 2.0, 2.0, 2.0, 2.0, 2.0, 2.0, 2.0, 0.0, 0.0, 0.0, 0.0, 0.0, 0.0, 0.0, 0.0, 0.0, 0.0, 0.0, 0.0, 0.0, 0.0, 0.0, 0.0, 0.0, 0.0, 0.0, 0.0, 0.0, 0.0, 0.0, 0.0, 0.0, 0.0, 0.0, 0.0, 0.0, 0.0, 0.0, 0.0], "program call": "xtb /home/svss/Project-DBcg-Debug/aqme2_20220329/End-to-End-workflows-final/example-3/QDESCP/mol_773_rdkit_conf_2/mol_773_rdkit_conf_2.xyz --pop --wbo --acc 0.2 --gfn 2 --chrg 0 --uhf 0 --etemp 300 --input /home/svss/Project-DBcg-Debug/aqme2_20220329/End-to-End-workflows-final/example-3/QDESCP/mol_773_rdkit_conf_2/mol_773_rdkit_conf_2_xtb.inp", "method": "GFN2-xTB", "xtb version": "6.3.3 (7355c4f)", "Dipole module/D": 1.416, "Total charge": 0, "Transition dipole module/D": NaN, "HOMO": -11.2974, "LUMO": -8.1113, "HOMO occupancy": 2.0, "LUMO occupancy": 0, "mulliken charges": [-0.51442, 0.474, -0.3182, 0.57425, -0.5386, -0.31989, 0.47297, -0.51494, -0.04786, -0.03259, -0.03616, -0.07144, -0.03377, -0.04089, -0.06905, 0.28172, 0.28131, 0.05371, 0.05175, 0.03746, 0.04236, 0.0371, 0.05541, 0.0575, 0.03499, 0.04171, 0.04157], "cm5 charges": [-0.559, 0.57387, -0.66088, 0.74295, -0.57503, -0.66298, 0.57266, -0.55914, -0.04878, -0.12993, -0.09829, -0.17286, -0.13097, -0.1027, -0.1704, 0.4843, 0.48385, 0.1121, 0.11105, 0.09465, 0.09618, 0.08936, 0.11385, 0.11509, 0.09218, 0.09502, 0.09382], "FUKUI+": [-0.13, -0.049, -0.03, -0.05, -0.14, -0.031, -0.05, -0.133, -0.002, 0.012, 0.011, -0.008, 0.005, -0.001, -0.018, -0.045, -0.046, -0.031, -0.029, -0.013, -0.017, -0.033, -0.036, -0.038, -0.024, -0.031, -0.043], "FUKUI-": [-0.075, -0.001, -0.019, -0.001, -0.09, -0.019, 0.0, -0.079, -0.018, 0.012, -0.039, -0.044, 0.011, -0.03, -0.037, -0.029, -0.031, -0.052, -0.037, -0.054, -0.057, -0.068, -0.036, -0.051, -0.047, -0.05, -0.06], "FUKUIrad": [-0.102, -0.025, -0.024, -0.026, -0.115, -0.025, -0.025, -0.106, -0.01, 0.012, -0.014, -0.026, 0.008, -0.015, -0.027, -0.037, -0.038, -0.041, -0.033, -0.033, -0.037, -0.051, -0.036, -0.045, -0.035, -0.04, -0.052], "s proportion": [1.73, 1.009, 1.423, 0.935, 1.72, 1.425, 1.009, 1.73, 1.102, 1.035, 1.072, 1.054, 1.04, 1.072, 1.054, 0.718, 0.719, 0.946, 0.948, 0.963, 0.958, 0.963, 0.945, 0.942, 0.965, 0.958, 0.958], "p proportion": [4.784, 2.517, 3.895, 2.491, 4.819, 3.895, 2.518, 4.785, 2.946, 2.997, 2.965, 3.018, 2.994, 2.969, 3.015, 0.0, 0.0, 0.0, 0.0, 0.0, 0.0, 0.0, 0.0, 0.0, 0.0, 0.0, 0.0], "d proportion": [0.0, 0.0, 0.0, 0.0, 0.0, 0.0, 0.0, 0.0, 0.0, 0.0, 0.0, 0.0, 0.0, 0.0, 0.0, 0.0, 0.0, 0.0, 0.0, 0.0, 0.0, 0.0, 0.0, 0.0, 0.0, 0.0, 0.0], "Fermi-level/eV": -9.7044, "Coordination numbers": [0.859, 2.763, 2.697, 2.698, 0.86, 2.697, 2.764, 0.859, 3.904, 3.81, 2.883, 2.834, 3.812, 2.882, 2.834, 0.86, 0.86, 0.923, 0.923, 0.925, 0.925, 0.925, 0.923, 0.923, 0.925, 0.925, 0.925], "Dispersion coefficient C6": [21.356, 22.245, 24.627, 21.255, 22.097, 24.654, 22.227, 21.407, 20.767, 21.615, 28.918, 30.253, 21.573, 28.964, 30.219, 0.949, 0.951, 2.114, 2.107, 2.463, 2.292, 2.399, 2.099, 2.113, 2.492, 2.316, 2.34], "Total dispersion C6": 8156.509745, "Total dispersion C8": 188718.37573, "Polarizability alpha": [6.196, 7.724, 7.37, 7.546, 6.303, 7.374, 7.721, 6.203, 6.478, 6.618, 8.816, 9.013, 6.611, 8.823, 9.008, 1.526, 1.527, 2.274, 2.27, 2.454, 2.368, 2.422, 2.266, 2.273, 2.469, 2.38, 2.392], "Total polarizability alpha": 138.424789, "Wiberg matrix": [[0.0, 1.7452187418056724, 0.13754414612465182, 0.0, 0.0, 0.0, 0.0, 0.0, 0.0, 0.0, 0.0, 0.0, 0.0, 0.0, 0.0, 0.0, 0.0, 0.0, 0.0, 0.0, 0.0, 0.0, 0.0, 0.0, 0.0, 0.0, 0.0], [1.7452187418056724, 0.0, 1.1517528100310221, 0.0, 0.0, 0.0, 0.0, 0.0, 0.9588718623923769, 0.0, 0.0, 0.0, 0.0, 0.0, 0.0, 0.0, 0.0, 0.0, 0.0, 0.0, 0.0, 0.0, 0.0, 0.0, 0.0, 0.0, 0.0], [0.13754414612465182, 1.1517528100310221, 0.0, 1.129398981791767, 0.11651574465231773, 0.0, 0.0, 0.0, 0.0, 0.0, 0.0, 0.0, 0.0, 0.0, 0.0, 0.9093234251473985, 0.0, 0.0, 0.0, 0.0, 0.0, 0.0, 0.0, 0.0, 0.0, 0.0, 0.0], [0.0, 0.0, 1.129398981791767, 0.0, 1.6511754524850817, 1.1266183367953868, 0.0, 0.0, 0.0, 0.0, 0.0, 0.0, 0.0, 0.0, 0.0, 0.0, 0.0, 0.0, 0.0, 0.0, 0.0, 0.0, 0.0, 0.0, 0.0, 0.0, 0.0], [0.0, 0.0, 0.11651574465231773, 1.6511754524850817, 0.0, 0.11628180426628454, 0.0, 0.0, 0.0, 0.0, 0.0, 0.0, 0.0, 0.0, 0.0, 0.0, 0.0, 0.0, 0.0, 0.0, 0.0, 0.0, 0.0, 0.0, 0.0, 0.0, 0.0], [0.0, 0.0, 0.0, 1.1266183367953868, 0.11628180426628454, 0.0, 1.149357108233698, 0.13711917611190894, 0.0, 0.0, 0.0, 0.0, 0.0, 0.0, 0.0, 0.0, 0.9092805758136612, 0.0, 0.0, 0.0, 0.0, 0.0, 0.0, 0.0, 0.0, 0.0, 0.0], [0.0, 0.0, 0.0, 0.0, 0.0, 1.149357108233698, 0.0, 1.743325959434765, 0.9616888180862231, 0.0, 0.0, 0.0, 0.0, 0.0, 0.0, 0.0, 0.0, 0.0, 0.0, 0.0, 0.0, 0.0, 0.0, 0.0, 0.0, 0.0, 0.0], [0.0, 0.0, 0.0, 0.0, 0.0, 0.13711917611190894, 1.743325959434765, 0.0, 0.0, 0.0, 0.0, 0.0, 0.0, 0.0, 0.0, 0.0, 0.0, 0.0, 0.0, 0.0, 0.0, 0.0, 0.0, 0.0, 0.0, 0.0, 0.0], [0.0, 0.9588718623923769, 0.0, 0.0, 0.0, 0.0, 0.9616888180862231, 0.0, 0.0, 0.9432495422033799, 0.0, 0.0, 0.9146687532436243, 0.0, 0.0, 0.0, 0.0, 0.0, 0.0, 0.0, 0.0, 0.0, 0.0, 0.0, 0.0, 0.0, 0.0], [0.0, 0.0, 0.0, 0.0, 0.0, 0.0, 0.0, 0.0, 0.9432495422033799, 0.0, 1.0210404797896098, 0.0, 0.0, 0.0, 0.0, 0.0, 0.0, 0.9620685641668871, 0.9686325696159118, 0.0, 0.0, 0.0, 0.0, 0.0, 0.0, 0.0, 0.0], [0.0, 0.0, 0.0, 0.0, 0.0, 0.0, 0.0, 0.0, 0.0, 1.0210404797896098, 0.0, 1.9819134880323026, 0.0, 0.0, 0.0, 0.0, 0.0, 0.0, 0.0, 0.9672724793922131, 0.0, 0.0, 0.0, 0.0, 0.0, 0.0, 0.0], [0.0, 0.0, 0.0, 0.0, 0.0, 0.0, 0.0, 0.0, 0.0, 0.0, 1.9819134880323026, 0.0, 0.0, 0.0, 0.0, 0.0, 0.0, 0.0, 0.0, 0.0, 0.9748826181351329, 0.9770534202993916, 0.0, 0.0, 0.0, 0.0, 0.0], [0.0, 0.0, 0.0, 0.0, 0.0, 0.0, 0.0, 0.0, 0.9146687532436243, 0.0, 0.0, 0.0, 0.0, 1.0230378489449459, 0.0, 0.0, 0.0, 0.0, 0.0, 0.0, 0.0, 0.0, 0.9667471884231309, 0.9599536613779299, 0.0, 0.0, 0.0], [0.0, 0.0, 0.0, 0.0, 0.0, 0.0, 0.0, 0.0, 0.0, 0.0, 0.0, 0.0, 1.0230378489449459, 0.0, 1.9792100341963743, 0.0, 0.0, 0.0, 0.0, 0.0, 0.0, 0.0, 0.0, 0.0, 0.9674425987014709, 0.0, 0.0], [0.0, 0.0, 0.0, 0.0, 0.0, 0.0, 0.0, 0.0, 0.0, 0.0, 0.0, 0.0, 0.0, 1.9792100341963743, 0.0, 0.0, 0.0, 0.0, 0.0, 0.0, 0.0, 0.0, 0.0, 0.0, 0.0, 0.9750796318696806, 0.9766087280333053], [0.0, 0.0, 0.9093234251473985, 0.0, 0.0, 0.0, 0.0, 0.0, 0.0, 0.0, 0.0, 0.0, 0.0, 0.0, 0.0, 0.0, 0.0, 0.0, 0.0, 0.0, 0.0, 0.0, 0.0, 0.0, 0.0, 0.0, 0.0], [0.0, 0.0, 0.0, 0.0, 0.0, 0.9092805758136612, 0.0, 0.0, 0.0, 0.0, 0.0, 0.0, 0.0, 0.0, 0.0, 0.0, 0.0, 0.0, 0.0, 0.0, 0.0, 0.0, 0.0, 0.0, 0.0, 0.0, 0.0], [0.0, 0.0, 0.0, 0.0, 0.0, 0.0, 0.0, 0.0, 0.0, 0.9620685641668871, 0.0, 0.0, 0.0, 0.0, 0.0, 0.0, 0.0, 0.0, 0.0, 0.0, 0.0, 0.0, 0.0, 0.0, 0.0, 0.0, 0.0], [0.0, 0.0, 0.0, 0.0, 0.0, 0.0, 0.0, 0.0, 0.0, 0.9686325696159118, 0.0, 0.0, 0.0, 0.0, 0.0, 0.0, 0.0, 0.0, 0.0, 0.0, 0.0, 0.0, 0.0, 0.0, 0.0, 0.0, 0.0], [0.0, 0.0, 0.0, 0.0, 0.0, 0.0, 0.0, 0.0, 0.0, 0.0, 0.9672724793922131, 0.0, 0.0, 0.0, 0.0, 0.0, 0.0, 0.0, 0.0, 0.0, 0.0, 0.0, 0.0, 0.0, 0.0, 0.0, 0.0], [0.0, 0.0, 0.0, 0.0, 0.0, 0.0, 0.0, 0.0, 0.0, 0.0, 0.0, 0.9748826181351329, 0.0, 0.0, 0.0, 0.0, 0.0, 0.0, 0.0, 0.0, 0.0, 0.0, 0.0, 0.0, 0.0, 0.0, 0.0], [0.0, 0.0, 0.0, 0.0, 0.0, 0.0, 0.0, 0.0, 0.0, 0.0, 0.0, 0.9770534202993916, 0.0, 0.0, 0.0, 0.0, 0.0, 0.0, 0.0, 0.0, 0.0, 0.0, 0.0, 0.0, 0.0, 0.0, 0.0], [0.0, 0.0, 0.0, 0.0, 0.0, 0.0, 0.0, 0.0, 0.0, 0.0, 0.0, 0.0, 0.9667471884231309, 0.0, 0.0, 0.0, 0.0, 0.0, 0.0, 0.0, 0.0, 0.0, 0.0, 0.0, 0.0, 0.0, 0.0], [0.0, 0.0, 0.0, 0.0, 0.0, 0.0, 0.0, 0.0, 0.0, 0.0, 0.0, 0.0, 0.9599536613779299, 0.0, 0.0, 0.0, 0.0, 0.0, 0.0, 0.0, 0.0, 0.0, 0.0, 0.0, 0.0, 0.0, 0.0], [0.0, 0.0, 0.0, 0.0, 0.0, 0.0, 0.0, 0.0, 0.0, 0.0, 0.0, 0.0, 0.0, 0.9674425987014709, 0.0, 0.0, 0.0, 0.0, 0.0, 0.0, 0.0, 0.0, 0.0, 0.0, 0.0, 0.0, 0.0], [0.0, 0.0, 0.0, 0.0, 0.0, 0.0, 0.0, 0.0, 0.0, 0.0, 0.0, 0.0, 0.0, 0.0, 0.9750796318696806, 0.0, 0.0, 0.0, 0.0, 0.0, 0.0, 0.0, 0.0, 0.0, 0.0, 0.0, 0.0], [0.0, 0.0, 0.0, 0.0, 0.0, 0.0, 0.0, 0.0, 0.0, 0.0, 0.0, 0.0, 0.0, 0.0, 0.9766087280333053, 0.0, 0.0, 0.0, 0.0, 0.0, 0.0, 0.0, 0.0, 0.0, 0.0, 0.0, 0.0]], "Born radii": [], "Atomic SASAs": [], "Solvent H bonds": [], "Total SASA": NaN, "Total FOD": 0.0, "FOD": [0.0, 0.0, 0.0, 0.0, 0.0, 0.0, 0.0, 0.0, 0.0, 0.0, 0.0, 0.0, 0.0, 0.0, 0.0, 0.0, 0.0, 0.0, 0.0, 0.0, 0.0, 0.0, 0.0, 0.0, 0.0, 0.0, 0.0], "FOD s proportion": [0.0, 0.0, 0.0, 0.0, 0.0, 0.0, 0.0, 0.0, 0.0, 0.0, 0.0, 0.0, 0.0, 0.0, 0.0, 0.0, 0.0, 0.0, 0.0, 0.0, 0.0, 0.0, 0.0, 0.0, 0.0, 0.0, 0.0], "FOD p proportion": [0.0, 0.0, 0.0, 0.0, 0.0, 0.0, 0.0, 0.0, 0.0, 0.0, 0.0, 0.0, 0.0, 0.0, 0.0, 0.0, 0.0, 0.0, 0.0, 0.0, 0.0, 0.0, 0.0, 0.0, 0.0, 0.0, 0.0], "FOD d proportion": [0.0, 0.0, 0.0, 0.0, 0.0, 0.0, 0.0, 0.0, 0.0, 0.0, 0.0, 0.0, 0.0, 0.0, 0.0, 0.0, 0.0, 0.0, 0.0, 0.0, 0.0, 0.0, 0.0, 0.0, 0.0, 0.0, 0.0], "coordinates": [["0.11780", "-0.90170", "-2.00100"], ["-0.13360", "-0.06400", "-1.13440"], ["-0.80360", "1.07790", "-1.47090"], ["-1.02070", "2.14980", "-0.66650"], ["-1.48120", "3.19920", "-1.10370"], ["-0.66050", "2.02270", "0.63690"], ["0.07690", "1.00220", "1.16530"], ["0.55730", "1.11540", "2.29270"], ["0.20950", "-0.25610", "0.33120"], ["1.65880", "-0.79610", "0.44110"], ["2.72000", "0.17540", "-0.01690"], ["3.37450", "0.07350", "-1.18020"], ["-0.75680", "-1.32670", "0.90610"], ["-2.21760", "-0.94850", "0.91500"], ["-3.12140", "-1.44580", "0.06170"], ["-1.02690", "1.19740", "-2.44880"], ["-0.74210", "2.85760", "1.20050"], ["1.88690", "-1.05950", "1.48280"], ["1.75340", "-1.73270", "-0.12550"], ["2.98040", "0.98400", "0.66550"], ["3.16060", "-0.72300", "-1.88830"], ["4.14470", "0.78920", "-1.45190"], ["-0.63230", "-2.26640", "0.34980"], ["-0.47890", "-1.55790", "1.94360"], ["-2.55040", "-0.25500", "1.68620"], ["-2.84820", "-2.15530", "-0.71500"], ["-4.16640", "-1.15560", "0.12480"]], "bond_dist": [[0.0, 1.2312346689400846, 2.246953521993724, 3.519762030308299, 4.492140814800889, 4.014521473351463, 3.694856385571704, 4.764211618935498, 2.421645120574028, 2.8895821099252395, 3.4450315034844023, 3.4972592940758624, 3.0654168672466064, 3.736219934639822, 3.8785554965734343, 2.432505650558699, 5.012121980758249, 3.9104319569582073, 2.6235945971129, 4.342875257246057, 3.0501257056062463, 4.401883373057492, 2.81980792608291, 4.043082795343177, 4.597059491675085, 3.4673426366599536, 4.78934864986879], [1.2312346689400846, 0.0, 1.3660409437494911, 2.430388294079775, 3.530643353554703, 2.7873722733068864, 2.5435630088519527, 3.6896262114203386, 1.5174331550351732, 2.4961707513709874, 3.0739472295405466, 3.511092351391515, 2.4791994232009658, 3.0537577850903634, 3.5024242018921696, 2.028980583938644, 3.789165715563256, 3.4529952707757943, 2.713523152655971, 3.746323532478208, 3.4430219066976613, 4.374083604596511, 2.7022429739014955, 3.438757522710783, 3.7192993426181764, 3.452315919784862, 4.363559446140273], [2.246953521993724, 1.3660409437494911, 0.0, 1.3576307966453913, 2.2569650617588213, 2.3142915741107473, 2.780388674268402, 4.002266860168123, 2.4603845268575397, 3.63744879826507, 3.917190218766508, 4.306953152751954, 3.3814819827998495, 3.434852510661848, 3.753681032000455, 1.0101641203289689, 3.2105283521563863, 4.5311822629419805, 4.030858781947093, 4.34645581709972, 4.374053635930863, 4.956751111363169, 3.8116446148611494, 4.325700172226457, 3.846454609117336, 3.899404596858346, 4.34087601527618], [3.519762030308299, 2.430388294079775, 1.3576307966453913, 0.0, 1.2265579684629666, 1.3582157450125514, 2.4242942808165844, 3.5095486889342338, 2.880477762455388, 4.133379346249265, 4.279377525996042, 4.888015182054982, 3.82475701450432, 3.678746355757624, 4.227476208093902, 2.020816045561792, 2.0160078868893345, 4.834587339163498, 4.802303411905582, 4.375170265258256, 5.2181457214225055, 5.399022381876186, 4.548246111414817, 4.566531346656891, 3.6957059433888944, 4.677178049850144, 4.631117936308684], [4.492140814800889, 3.530643353554703, 2.2569650617588213, 1.2265579684629666, 0.0, 2.255524129775605, 3.5217673986224587, 4.475850494598763, 4.105667130930124, 5.311160808147311, 5.289100312907668, 5.775264083139401, 5.004779936220972, 4.671279261615601, 5.062058691876261, 2.454156828729574, 2.443828351173625, 6.014200325064007, 5.978557519167981, 5.286119014929573, 6.127442960974831, 6.130260520565174, 5.71892269750169, 5.737651347894885, 4.567080937535484, 5.5398959322355505, 5.261539159789653], [4.014521473351463, 2.7873722733068864, 2.3142915741107473, 1.3582157450125514, 2.255524129775605, 0.0, 1.3654250510372217, 2.246754051960294, 2.458308754001417, 3.6555606368927873, 3.907397085017083, 4.83554113311013, 3.3615803857709547, 3.3659960576328665, 4.291547052054772, 3.2151070806428828, 1.0106243268396027, 4.08714453010901, 4.528928806020249, 3.786273690582866, 5.340066361010881, 5.382801754662715, 4.298790581082079, 3.8159061584373375, 3.140170344105555, 4.906052272448796, 4.759744962705461], [3.694856385571704, 2.5435630088519527, 2.780388674268402, 2.4242942808165844, 3.5217673986224587, 1.3654250510372217, 0.0, 1.2307027098369452, 1.5154617976049414, 2.502150303239196, 3.011174636250777, 4.151869422320504, 2.487170187180604, 3.0220209843745294, 4.1760938507174385, 3.78393925559066, 2.02842530057185, 2.761795274816727, 3.457816493106596, 2.9462592435154105, 4.67011709596237, 4.841704418900435, 3.4426371940708482, 2.732906244275497, 2.9588163072417997, 4.696971827677913, 4.872816021562891], [4.764211618935498, 3.6896262114203386, 4.002266860168123, 3.5095486889342338, 4.475850494598763, 2.246754051960294, 1.2307027098369452, 0.0, 2.4185655542077003, 2.880200871467127, 3.3007761890197886, 4.591645223664389, 3.1005436265274513, 3.722608025296244, 5.006989128208688, 4.999823585887807, 2.432406635412755, 2.6746895483401434, 3.9230116058966735, 2.92172199396178, 5.257151933319029, 5.195947878876385, 4.077570331704899, 2.888271825850192, 3.4501648801180504, 5.598318321603372, 5.671910886112369], [2.421645120574028, 1.5174331550351732, 2.4603845268575397, 2.880477762455388, 4.105667130930124, 2.458308754001417, 1.5154617976049414, 2.4185655542077003, 0.0, 1.5505316830042526, 2.5709873803657617, 3.522810116937897, 1.5525559764465822, 2.5905703252372825, 3.547239934089601, 3.371905575486953, 3.3699188031761245, 2.18753397230763, 2.184616593363696, 3.0540941881350023, 3.7219842920141404, 4.444985572530017, 2.17951354434883, 2.1836692881478186, 3.0745852110488006, 3.748469603718296, 4.472158541465185], [2.8895821099252395, 2.4961707513709874, 3.63744879826507, 4.133379346249265, 5.311160808147311, 3.6555606368927873, 2.502150303239196, 2.880200871467127, 1.5505316830042526, 0.0, 1.5098747265915806, 2.5156399464152255, 2.5165223464137965, 3.908232839788336, 4.839046030985859, 4.420243064583666, 4.437401588767913, 1.0984298156914714, 1.098728483293302, 2.2283935760991596, 2.7725171252852525, 3.503758539054882, 2.7238313071847897, 2.721691896596674, 4.422717248479717, 4.847374634789434, 5.8448473872292], [3.4450315034844023, 3.0739472295405466, 3.917190218766508, 4.279377525996042, 5.289100312907668, 3.907397085017083, 3.011174636250777, 3.3007761890197886, 2.5709873803657617, 1.5098747265915806, 0.0, 1.3386637927425988, 3.8982523840818724, 5.1489302364666, 6.062707428204003, 4.582344511273678, 4.5455908317841365, 2.1137960426682607, 2.1417177988708036, 1.0896384170907336, 2.1221189599077617, 2.113231064034409, 4.163504703972364, 4.1328985409758126, 5.555439670269132, 6.076541560789328, 7.015279385028083], [3.4972592940758624, 3.511092351391515, 4.306953152751954, 4.888015182054982, 5.775264083139401, 4.83554113311013, 4.151869422320504, 4.591645223664389, 3.522810116937897, 2.5156399464152255, 1.3386637927425988, 0.0, 4.835374589419107, 6.058541858401244, 6.785816451245937, 4.7164413629345585, 5.510475556610336, 3.253953251047101, 2.646264487914993, 2.095455451685862, 1.0870009521614965, 1.085935274314266, 4.885742343799968, 5.221904246536889, 6.590038028721836, 6.626156938225957, 7.75105700017746], [3.0654168672466064, 2.4791994232009658, 3.3814819827998495, 3.82475701450432, 5.004779936220972, 3.3615803857709547, 2.487170187180604, 3.1005436265274513, 1.5525559764465822, 2.5165223464137965, 3.8982523840818724, 4.835374589419107, 0.0, 1.508990089430676, 2.5136685004192576, 4.207064158056066, 4.194669705709855, 2.7190307868797663, 2.744109801010157, 4.400441647153158, 4.849654401088803, 5.836257281854528, 1.0990932762964205, 1.098675611816336, 2.230268562303652, 2.7728139371403917, 3.5021532033878815], [3.736219934639822, 3.0537577850903634, 3.434852510661848, 3.678746355757624, 4.671279261615601, 3.3659960576328665, 3.0220209843745294, 3.722608025296244, 2.5905703252372825, 3.908232839788336, 5.1489302364666, 6.058541858401244, 1.508990089430676, 0.0, 1.3387615993895254, 4.163868842795123, 4.092066435188951, 4.145073954708167, 4.179288323387129, 5.551217028724423, 6.069133083068783, 7.007187609162466, 2.1376359699443683, 2.110086256530761, 1.0892417224840405, 2.1238932647381317, 2.1130849225717365], [3.8785554965734343, 3.5024242018921696, 3.753681032000455, 4.227476208093902, 5.062058691876261, 4.291547052054772, 4.1760938507174385, 5.006989128208688, 3.547239934089601, 4.839046030985859, 6.062707428204003, 6.785816451245937, 2.5136685004192576, 1.3387615993895254, 0.0, 4.2042890885380375, 5.047492990584534, 5.220327747373722, 4.8868221258809905, 6.595488285184047, 6.617285231875682, 7.751285001211089, 2.636665466076423, 3.246062271429801, 2.0935725184478327, 1.086872292406058, 1.086380527255529], [2.432505650558699, 2.028980583938644, 1.0101641203289689, 2.020816045561792, 2.454156828729574, 3.2151070806428828, 3.78393925559066, 4.999823585887807, 3.371905575486953, 4.420243064583666, 4.582344511273678, 4.7164413629345585, 4.207064158056066, 4.163868842795123, 4.2042890885380375, 0.0, 4.019299139153492, 5.388998664872724, 4.65975074333381, 5.07965130102451, 4.640824566819996, 5.282601954529604, 4.470546002447576, 5.213938995615504, 4.639907651020653, 4.190917968655555, 4.692172866593898], [5.012121980758249, 3.789165715563256, 3.2105283521563863, 2.0160078868893345, 2.443828351173625, 1.0106243268396027, 2.02842530057185, 2.432406635412755, 3.3699188031761245, 4.437401588767913, 4.5455908317841365, 5.510475556610336, 4.194669705709855, 4.092066435188951, 5.047492990584534, 4.019299139153492, 0.0, 4.72599266821268, 5.3904220929348385, 4.201619712682241, 6.1312681469660095, 5.932479967096391, 5.1952981175289645, 4.485321850213204, 3.632372797497525, 5.764890620818403, 5.384118796980617], [3.9104319569582073, 3.4529952707757943, 4.5311822629419805, 4.834587339163498, 6.014200325064007, 4.08714453010901, 2.761795274816727, 2.6746895483401434, 2.18753397230763, 1.0984298156914714, 2.1137960426682607, 3.253953251047101, 2.7190307868797663, 4.145073954708167, 5.220327747373722, 5.388998664872724, 4.72599266821268, 0.0, 1.7486135593663912, 2.457562570922661, 3.6193727564316998, 4.13857664179365, 3.0144096022272753, 2.461249446927312, 4.514224529196571, 5.334067349593553, 6.204501599645212], [2.6235945971129, 2.713523152655971, 4.030858781947093, 4.802303411905582, 5.978557519167981, 4.528928806020249, 3.457816493106596, 3.9230116058966735, 2.184616593363696, 1.098728483293302, 2.1417177988708036, 2.646264487914993, 2.744109801010157, 4.179288323387129, 4.8868221258809905, 4.65975074333381, 5.3904220929348385, 1.7486135593663912, 0.0, 3.084099364482279, 2.471268858299315, 3.719896807708515, 2.490443789769205, 3.048752718735975, 4.897810594541197, 4.658414276339106, 5.95312745873965], [4.342875257246057, 3.746323532478208, 4.34645581709972, 4.375170265258256, 5.286119014929573, 3.786273690582866, 2.9462592435154105, 2.92172199396178, 3.0540941881350023, 2.2283935760991596, 1.0896384170907336, 2.095455451685862, 4.400441647153158, 5.551217028724423, 6.595488285184047, 5.07965130102451, 4.201619712682241, 2.457562570922661, 3.084099364482279, 0.0, 3.077046551484069, 2.4242368469272964, 4.8699453734102605, 4.479012358768392, 5.7590535793652755, 6.762659439894929, 7.479772382231963], [3.0501257056062463, 3.4430219066976613, 4.374053635930863, 5.2181457214225055, 6.127442960974831, 5.340066361010881, 4.67011709596237, 5.257151933319029, 3.7219842920141404, 2.7725171252852525, 2.1221189599077617, 1.0870009521614965, 4.849654401088803, 6.069133083068783, 6.617285231875682, 4.640824566819996, 6.1312681469660095, 3.6193727564316998, 2.471268858299315, 3.077046551484069, 0.0, 1.8562452989839464, 4.666611788010655, 5.350371563732747, 6.753635706047521, 6.28759044626795, 7.610824092698503], [4.401883373057492, 4.374083604596511, 4.956751111363169, 5.399022381876186, 6.130260520565174, 5.382801754662715, 4.841704418900435, 5.195947878876385, 4.444985572530017, 3.503758539054882, 2.113231064034409, 1.085935274314266, 5.836257281854528, 7.007187609162466, 7.751285001211089, 5.282601954529604, 5.932479967096391, 4.13857664179365, 3.719896807708515, 2.4242368469272964, 1.8562452989839464, 0.0, 5.950003634452672, 6.198062247186616, 7.467421861660154, 7.623237650106416, 8.680012277641087], [2.81980792608291, 2.7022429739014955, 3.8116446148611494, 4.548246111414817, 5.71892269750169, 4.298790581082079, 3.4426371940708482, 4.077570331704899, 2.17951354434883, 2.7238313071847897, 4.163504703972364, 4.885742343799968, 1.0990932762964205, 2.1376359699443683, 2.636665466076423, 4.470546002447576, 5.1952981175289645, 3.0144096022272753, 2.490443789769205, 4.8699453734102605, 4.666611788010655, 5.950003634452672, 0.0, 1.7509146895265912, 3.083958905368228, 2.4609662858316446, 3.7113830912477903], [4.043082795343177, 3.438757522710783, 4.325700172226457, 4.566531346656891, 5.737651347894885, 3.8159061584373375, 2.732906244275497, 2.888271825850192, 2.1836692881478186, 2.721691896596674, 4.1328985409758126, 5.221904246536889, 1.098675611816336, 2.110086256530761, 3.246062271429801, 5.213938995615504, 4.485321850213204, 2.461249446927312, 3.048752718735975, 4.479012358768392, 5.350371563732747, 6.198062247186616, 1.7509146895265912, 0.0, 2.4606737735831623, 3.610903378657479, 4.131287327214122], [4.597059491675085, 3.7192993426181764, 3.846454609117336, 3.6957059433888944, 4.567080937535484, 3.140170344105555, 2.9588163072417997, 3.4501648801180504, 3.0745852110488006, 4.422717248479717, 5.555439670269132, 6.590038028721836, 2.230268562303652, 1.0892417224840405, 2.0935725184478327, 4.639907651020653, 3.632372797497525, 4.514224529196571, 4.897810594541197, 5.7590535793652755, 6.753635706047521, 7.467421861660154, 3.083958905368228, 2.4606737735831623, 0.0, 3.0766193085918183, 2.4208482645552163], [3.4673426366599536, 3.452315919784862, 3.899404596858346, 4.677178049850144, 5.5398959322355505, 4.906052272448796, 4.696971827677913, 5.598318321603372, 3.748469603718296, 4.847374634789434, 6.076541560789328, 6.626156938225957, 2.7728139371403917, 2.1238932647381317, 1.086872292406058, 4.190917968655555, 5.764890620818403, 5.334067349593553, 4.658414276339106, 6.762659439894929, 6.28759044626795, 7.623237650106416, 2.4609662858316446, 3.610903378657479, 3.0766193085918183, 0.0, 1.855347776024754], [4.78934864986879, 4.363559446140273, 4.34087601527618, 4.631117936308684, 5.261539159789653, 4.759744962705461, 4.872816021562891, 5.671910886112369, 4.472158541465185, 5.8448473872292, 7.015279385028083, 7.75105700017746, 3.5021532033878815, 2.1130849225717365, 1.086380527255529, 4.692172866593898, 5.384118796980617, 6.204501599645212, 5.95312745873965, 7.479772382231963, 7.610824092698503, 8.680012277641087, 3.7113830912477903, 4.131287327214122, 2.4208482645552163, 1.855347776024754, 0.0]]}