{"total energy": -24.04838253, "HOMO-LUMO gap/eV": 11.86419808, "electronic energy": -24.34591262, "dipole": [-0.12319372, -0.79699217, 0.12527824], "partial charges": [-0.09949571, -0.05774942, -0.03233856, -0.05477473, -0.09914071, 0.07780699, -0.44671218, 0.03453604, 0.03275775, 0.03605594, 0.02875758, 0.03121824, 0.04210324, 0.03095602, 0.03530188, 0.02957842, 0.03644576, 0.02751426, 0.01717526, 0.0417893, 0.28821464], "atomic dipole moments": [[-0.07000957, 0.0714973, 0.03784232], [0.00929667, -0.01505494, -0.10926421], [-0.06938665, -0.03646734, 0.06320339], [-0.01695928, 0.0117681, 0.10845545], [0.06567386, 0.05875768, -0.04685695], [-0.05787427, 0.04358756, -0.18362535], [0.02065998, -0.20668008, 0.11767288], [0.07713957, 0.05176461, -0.08635751], [0.07175656, -0.04069111, 0.0937021], [-0.05427799, -0.10236392, -0.04914202], [0.06305303, 0.08147934, 0.06577567], [-0.06985794, -0.05638794, 0.0862006], [0.0771704, 0.05982981, -0.07645244], [-0.05414602, 0.05627234, -0.09404865], [0.07617514, -0.07500392, -0.06325022], [-0.05581992, -0.07460343, -0.08268652], [0.05074024, -0.07680271, 0.08782247], [-0.09175187, 0.06717525, 0.05232324], [-0.08648715, -0.03769648, 0.07407689], [0.06652542, 0.08237195, 0.06762356], [-0.05635327, -0.05124512, -0.01905301]], "atomic quadrupole moments": [[0.03596677, -0.15746179, 0.0232231, -0.07342901, 0.08382118, -0.05918987], [0.0001729, -0.21546101, 0.00588047, 0.03331547, -0.01473275, -0.00605337], [-0.0294273, -0.1267603, 0.02398417, 0.11286201, 0.09250772, 0.00544313], [0.02366037, 0.21050173, 0.02263323, -0.01917141, 0.01108108, -0.04629361], [0.03591741, 0.13130061, -0.01132763, -0.10869188, -0.07599226, -0.02458977], [-0.05484644, -0.28451998, -0.03848834, 0.19166145, -0.17846372, 0.09333478], [-0.0365276, -0.04904176, 0.01161422, 0.10112931, -0.09670153, 0.02491338], [-0.0091478, 0.02587814, -0.00183606, -0.05099873, -0.04053989, 0.01098386], [-0.00983907, -0.03018297, -0.03035687, 0.05169463, -0.01840575, 0.04019594], [0.00646195, 0.04387515, 0.02054291, 0.02371056, 0.04354637, -0.02700485], [-0.001113, 0.02154208, 0.02879134, 0.02730759, 0.0262522, -0.02767834], [0.01898122, 0.02357898, 8.553e-05, -0.03472573, -0.0285065, -0.01906675], [0.00098915, 0.027105, -0.00822008, -0.01547224, -0.00450425, 0.00723093], [0.00041703, -0.01384666, 0.01111087, 0.03392314, -0.04004093, -0.01152791], [0.02587178, -0.02861175, 0.01409729, -0.02151953, 0.01949596, -0.03996907], [-0.02243818, 0.03921815, -0.00553738, 0.02770119, 0.04781088, 0.02797556], [0.00319307, -0.02696897, -0.01695567, 0.03974772, -0.04903164, 0.0137626], [0.0043965, -0.04742364, 0.02076711, -0.04104584, 0.02858824, -0.02516361], [0.01429024, 0.01837623, -0.00570475, -0.01199538, -0.04205536, -0.00858548], [0.01081158, 0.02389972, 0.0120359, 0.02918987, 0.02138776, -0.02284748], [0.03047124, 0.08824755, 0.00151361, 0.07333806, 0.01913167, -0.03198485]], "number of molecular orbitals": 42, "number of electrons": 44, "number of unpaired electrons": 0, "orbital energies/eV": [-18.51121995, -17.22916444, -16.68789606, -16.61444909, -16.03277886, -15.62570544, -15.18934433, -14.91683094, -14.24770232, -14.1680454, -13.83325094, -13.50265571, -13.2230202, -13.13162161, -12.62699202, -12.49289734, -12.36211521, -11.98580711, -11.86234902, -11.58135673, -11.45312324, -10.95147413, 0.91272395, 1.78974478, 2.08556339, 2.40659421, 3.00152275, 3.35117255, 3.54441799, 3.73437171, 4.1107285, 4.82904937, 5.13326147, 5.22801355, 5.41614906, 5.77690575, 6.76084223, 7.02380997, 7.34439953, 7.4667711, 7.62792901, 7.89654849], "fractional occupation": [2.0, 2.0, 2.0, 2.0, 2.0, 2.0, 2.0, 2.0, 2.0, 2.0, 2.0, 2.0, 2.0, 2.0, 2.0, 2.0, 2.0, 2.0, 2.0, 2.0, 2.0, 2.0, 0.0, 0.0, 0.0, 0.0, 0.0, 0.0, 0.0, 0.0, 0.0, 0.0, 0.0, 0.0, 0.0, 0.0, 0.0, 0.0, 0.0, 0.0, 0.0, 0.0], "program call": "xtb /home/svss/Project-DBcg-Debug/aqme2_20220329/End-to-End-workflows-final/example-3/QDESCP/mol_1100_rdkit_conf_12/mol_1100_rdkit_conf_12.xyz --pop --wbo --acc 0.2 --gfn 2 --chrg 0 --uhf 0 --etemp 300 --input /home/svss/Project-DBcg-Debug/aqme2_20220329/End-to-End-workflows-final/example-3/QDESCP/mol_1100_rdkit_conf_12/mol_1100_rdkit_conf_12_xtb.inp", "method": "GFN2-xTB", "xtb version": "6.3.3 (7355c4f)", "Dipole module/D": 2.074, "Total charge": 0, "Transition dipole module/D": NaN, "HOMO": -10.9515, "LUMO": 0.9127, "HOMO occupancy": 2.0, "LUMO occupancy": 0, "mulliken charges": [-0.08218, -0.04848, -0.03846, -0.04684, -0.08914, 0.1904, -0.5644, 0.02911, 0.02983, 0.02803, 0.02476, 0.02191, 0.03503, 0.02676, 0.02754, 0.03016, 0.02913, 0.02348, 0.00904, 0.03031, 0.33402], "cm5 charges": [-0.23285, -0.15883, -0.10644, -0.15702, -0.23981, 0.10516, -0.77964, 0.08059, 0.08062, 0.07999, 0.07982, 0.07755, 0.09584, 0.08406, 0.08302, 0.08098, 0.08124, 0.07595, 0.07226, 0.09356, 0.50395], "FUKUI+": [0.013, -0.032, -0.025, 0.011, 0.018, -0.025, -0.149, -0.05, -0.088, -0.049, -0.06, -0.059, -0.068, -0.03, -0.045, -0.049, -0.026, -0.018, -0.086, -0.089, -0.097], "FUKUI-": [0.016, 0.008, -0.015, 0.011, 0.023, 0.008, -0.13, -0.063, -0.065, -0.064, -0.078, -0.066, -0.058, -0.057, -0.097, -0.063, -0.045, -0.064, -0.08, -0.069, -0.05], "FUKUIrad": [0.014, -0.012, -0.02, 0.011, 0.02, -0.009, -0.14, -0.057, -0.076, -0.056, -0.069, -0.062, -0.063, -0.044, -0.071, -0.056, -0.035, -0.041, -0.083, -0.079, -0.073], "s proportion": [1.007, 1.031, 1.068, 1.031, 1.007, 0.996, 1.695, 0.971, 0.97, 0.972, 0.975, 0.978, 0.965, 0.973, 0.972, 0.97, 0.971, 0.977, 0.991, 0.97, 0.666], "p proportion": [3.075, 3.017, 2.971, 3.016, 3.082, 2.814, 4.869, 0.0, 0.0, 0.0, 0.0, 0.0, 0.0, 0.0, 0.0, 0.0, 0.0, 0.0, 0.0, 0.0, 0.0], "d proportion": [0.0, 0.0, 0.0, 0.0, 0.0, 0.0, 0.0, 0.0, 0.0, 0.0, 0.0, 0.0, 0.0, 0.0, 0.0, 0.0, 0.0, 0.0, 0.0, 0.0, 0.0], "Fermi-level/eV": -5.0194, "Coordination numbers": [3.749, 3.8, 3.846, 3.798, 3.748, 3.675, 1.653, 0.924, 0.924, 0.924, 0.924, 0.924, 0.923, 0.924, 0.924, 0.924, 0.924, 0.924, 0.924, 0.924, 0.804], "Dispersion coefficient C6": [22.466, 21.613, 21.118, 21.561, 22.46, 19.502, 21.778, 2.523, 2.548, 2.502, 2.604, 2.569, 2.421, 2.573, 2.513, 2.593, 2.497, 2.622, 2.777, 2.425, 0.758], "Total dispersion C6": 2912.800218, "Total dispersion C8": 60095.536496, "Polarizability alpha": [6.76, 6.619, 6.537, 6.612, 6.759, 6.328, 6.3, 2.484, 2.496, 2.474, 2.524, 2.507, 2.433, 2.509, 2.479, 2.518, 2.471, 2.532, 2.606, 2.435, 1.367], "Total polarizability alpha": 79.749402, "Wiberg matrix": [[0.0, 1.0205903260844689, 0.0, 0.0, 0.0, 0.0, 0.0, 0.9872858194519754, 0.9866783883754864, 0.9857369078361029, 0.0, 0.0, 0.0, 0.0, 0.0, 0.0, 0.0, 0.0, 0.0, 0.0, 0.0], [1.0205903260844689, 0.0, 0.9944592692231108, 0.0, 0.0, 0.0, 0.0, 0.0, 0.0, 0.0, 0.9768728846519177, 0.975796905447143, 0.0, 0.0, 0.0, 0.0, 0.0, 0.0, 0.0, 0.0, 0.0], [0.0, 0.9944592692231108, 0.0, 0.9949333472633318, 0.0, 0.9853508373757325, 0.0, 0.0, 0.0, 0.0, 0.0, 0.0, 0.96690466107145, 0.0, 0.0, 0.0, 0.0, 0.0, 0.0, 0.0, 0.0], [0.0, 0.0, 0.9949333472633318, 0.0, 1.0211141744737908, 0.0, 0.0, 0.0, 0.0, 0.0, 0.0, 0.0, 0.0, 0.9733271195408968, 0.9745103542535061, 0.0, 0.0, 0.0, 0.0, 0.0, 0.0], [0.0, 0.0, 0.0, 1.0211141744737908, 0.0, 0.0, 0.0, 0.0, 0.0, 0.0, 0.0, 0.0, 0.0, 0.0, 0.0, 0.9868492132491467, 0.9855098977191528, 0.9857105314619443, 0.0, 0.0, 0.0], [0.0, 0.0, 0.9853508373757325, 0.0, 0.0, 0.0, 0.9956039436196895, 0.0, 0.0, 0.0, 0.0, 0.0, 0.0, 0.0, 0.0, 0.0, 0.0, 0.0, 0.9719538409252068, 0.972687135483647, 0.0], [0.0, 0.0, 0.0, 0.0, 0.0, 0.9956039436196895, 0.0, 0.0, 0.0, 0.0, 0.0, 0.0, 0.0, 0.0, 0.0, 0.0, 0.0, 0.0, 0.0, 0.0, 0.9008600894743918], [0.9872858194519754, 0.0, 0.0, 0.0, 0.0, 0.0, 0.0, 0.0, 0.0, 0.0, 0.0, 0.0, 0.0, 0.0, 0.0, 0.0, 0.0, 0.0, 0.0, 0.0, 0.0], [0.9866783883754864, 0.0, 0.0, 0.0, 0.0, 0.0, 0.0, 0.0, 0.0, 0.0, 0.0, 0.0, 0.0, 0.0, 0.0, 0.0, 0.0, 0.0, 0.0, 0.0, 0.0], [0.9857369078361029, 0.0, 0.0, 0.0, 0.0, 0.0, 0.0, 0.0, 0.0, 0.0, 0.0, 0.0, 0.0, 0.0, 0.0, 0.0, 0.0, 0.0, 0.0, 0.0, 0.0], [0.0, 0.9768728846519177, 0.0, 0.0, 0.0, 0.0, 0.0, 0.0, 0.0, 0.0, 0.0, 0.0, 0.0, 0.0, 0.0, 0.0, 0.0, 0.0, 0.0, 0.0, 0.0], [0.0, 0.975796905447143, 0.0, 0.0, 0.0, 0.0, 0.0, 0.0, 0.0, 0.0, 0.0, 0.0, 0.0, 0.0, 0.0, 0.0, 0.0, 0.0, 0.0, 0.0, 0.0], [0.0, 0.0, 0.96690466107145, 0.0, 0.0, 0.0, 0.0, 0.0, 0.0, 0.0, 0.0, 0.0, 0.0, 0.0, 0.0, 0.0, 0.0, 0.0, 0.0, 0.0, 0.0], [0.0, 0.0, 0.0, 0.9733271195408968, 0.0, 0.0, 0.0, 0.0, 0.0, 0.0, 0.0, 0.0, 0.0, 0.0, 0.0, 0.0, 0.0, 0.0, 0.0, 0.0, 0.0], [0.0, 0.0, 0.0, 0.9745103542535061, 0.0, 0.0, 0.0, 0.0, 0.0, 0.0, 0.0, 0.0, 0.0, 0.0, 0.0, 0.0, 0.0, 0.0, 0.0, 0.0, 0.0], [0.0, 0.0, 0.0, 0.0, 0.9868492132491467, 0.0, 0.0, 0.0, 0.0, 0.0, 0.0, 0.0, 0.0, 0.0, 0.0, 0.0, 0.0, 0.0, 0.0, 0.0, 0.0], [0.0, 0.0, 0.0, 0.0, 0.9855098977191528, 0.0, 0.0, 0.0, 0.0, 0.0, 0.0, 0.0, 0.0, 0.0, 0.0, 0.0, 0.0, 0.0, 0.0, 0.0, 0.0], [0.0, 0.0, 0.0, 0.0, 0.9857105314619443, 0.0, 0.0, 0.0, 0.0, 0.0, 0.0, 0.0, 0.0, 0.0, 0.0, 0.0, 0.0, 0.0, 0.0, 0.0, 0.0], [0.0, 0.0, 0.0, 0.0, 0.0, 0.9719538409252068, 0.0, 0.0, 0.0, 0.0, 0.0, 0.0, 0.0, 0.0, 0.0, 0.0, 0.0, 0.0, 0.0, 0.0, 0.0], [0.0, 0.0, 0.0, 0.0, 0.0, 0.972687135483647, 0.0, 0.0, 0.0, 0.0, 0.0, 0.0, 0.0, 0.0, 0.0, 0.0, 0.0, 0.0, 0.0, 0.0, 0.0], [0.0, 0.0, 0.0, 0.0, 0.0, 0.0, 0.9008600894743918, 0.0, 0.0, 0.0, 0.0, 0.0, 0.0, 0.0, 0.0, 0.0, 0.0, 0.0, 0.0, 0.0, 0.0]], "Born radii": [], "Atomic SASAs": [], "Solvent H bonds": [], "Total SASA": NaN, "Total FOD": 0.0, "FOD": [0.0, 0.0, 0.0, 0.0, 0.0, 0.0, 0.0, 0.0, 0.0, 0.0, 0.0, 0.0, 0.0, 0.0, 0.0, 0.0, 0.0, 0.0, 0.0, 0.0, 0.0], "FOD s proportion": [0.0, 0.0, 0.0, 0.0, 0.0, 0.0, 0.0, 0.0, 0.0, 0.0, 0.0, 0.0, 0.0, 0.0, 0.0, 0.0, 0.0, 0.0, 0.0, 0.0, 0.0], "FOD p proportion": [0.0, 0.0, 0.0, 0.0, 0.0, 0.0, 0.0, 0.0, 0.0, 0.0, 0.0, 0.0, 0.0, 0.0, 0.0, 0.0, 0.0, 0.0, 0.0, 0.0, 0.0], "FOD d proportion": [0.0, 0.0, 0.0, 0.0, 0.0, 0.0, 0.0, 0.0, 0.0, 0.0, 0.0, 0.0, 0.0, 0.0, 0.0, 0.0, 0.0, 0.0, 0.0, 0.0, 0.0], "coordinates": [["2.11500", "-1.05750", "0.40260"], ["1.09590", "-0.05750", "0.92950"], ["0.27140", "0.63650", "-0.17350"], ["-0.50070", "-0.34130", "-1.08670"], ["-1.54060", "-1.19960", "-0.38020"], ["-0.63610", "1.70000", "0.46860"], ["-1.33320", "2.45000", "-0.51660"], ["2.76540", "-0.59800", "-0.34820"], ["2.74570", "-1.41630", "1.22240"], ["1.62930", "-1.93020", "-0.04340"], ["1.63900", "0.70830", "1.49800"], ["0.43450", "-0.55920", "1.64540"], ["0.97200", "1.16970", "-0.83170"], ["-0.99760", "0.22140", "-1.88620"], ["0.20900", "-1.00150", "-1.59880"], ["-2.03300", "-1.85710", "-1.10440"], ["-1.08620", "-1.83470", "0.38530"], ["-2.31600", "-0.58780", "0.08940"], ["-1.36380", "1.26040", "1.15850"], ["-0.03120", "2.40970", "1.04310"], ["-2.03890", "1.88470", "-0.87320"]], "bond_dist": [[0.0, 1.5219028944055533, 2.5691220621060418, 3.0940011990947904, 3.7411735605288348, 3.8957301574929444, 5.0037554026950595, 1.0944683869349539, 1.0948022515504794, 1.093812497642992, 2.1317895768579036, 2.148705419549176, 2.791122593151365, 4.069701390765667, 2.764339696925832, 4.485121309396213, 3.294240514898692, 4.4668191512529365, 4.2480695215591755, 4.127697969813199, 5.247770163602823], [1.5219028944055533, 0.0, 1.5420911938014563, 2.587418876022976, 3.1576634953712213, 2.5101910405385484, 3.778794552499514, 2.1706883217081168, 2.1573057015638737, 2.1767074355549023, 1.0975424820935178, 1.0962051176673095, 2.150161968317736, 3.519757655009788, 2.840779558501504, 4.143105668456936, 2.866383416432631, 3.55359644726297, 2.7998974088348305, 2.7148361294929018, 4.104733751414336], [2.5691220621060418, 1.5420911938014563, 0.0, 1.5447218163798944, 2.5879204199511237, 1.538467064970843, 2.4456575843727593, 2.7882873488935824, 3.504951517496355, 2.9066763338906516, 2.1608788142790423, 2.182818661730745, 1.0992587684435362, 2.171637699985889, 2.1721919459384798, 3.5206356144878153, 2.8743981352624064, 2.8744852860990604, 2.199398610984375, 2.1716170380617297, 2.7175484209117595], [3.0940011990947904, 2.587418876022976, 1.5447218163798944, 0.0, 1.5222395179471593, 2.569863214258689, 2.968067713176369, 3.3583755522573706, 4.1263398757252165, 2.8548166491037565, 3.5157716564077366, 2.8959367845310435, 2.1253214556861746, 1.096695559396499, 1.0962593397549687, 2.155436433764633, 2.1771168572219546, 2.176990479997558, 2.8898628929414625, 3.5106237750576463, 2.7141697607187356], [3.7411735605288348, 3.1576634953712213, 2.5879204199511237, 1.5222395179471593, 0.0, 3.1537694668443983, 3.6580322415200226, 4.3479400363850464, 4.581228365842506, 3.270393953333451, 4.156630102619188, 2.9007218980798557, 3.482900156478793, 2.1405901055550083, 2.141338303491534, 1.0950934435015123, 1.0935362911216069, 1.0936491942117452, 2.906966792035987, 4.1630659062762865, 3.162950897500623], [3.8957301574929444, 2.5101910405385484, 1.538467064970843, 2.569863214258689, 3.1537694668443983, 0.0, 1.420938932537215, 4.185471119240939, 4.660054867702739, 4.3095861982329575, 2.686859367365549, 2.763155305081493, 2.134943509791301, 2.803929965245209, 3.505201708889233, 4.132628584811367, 3.5642156205818973, 2.8635442182721746, 1.0948778288010037, 1.0952754676335994, 1.9499715818442074], [5.0037554026950595, 3.778794552499514, 2.4456575843727593, 2.968067713176369, 3.6580322415200226, 1.420938932537215, 0.0, 5.110497482633173, 5.883011295246678, 5.309093757883732, 3.9907524215365706, 4.105397901543771, 2.655636108355209, 2.637250363541543, 3.932224552336756, 4.402992083799379, 4.385554320721612, 3.249824715273118, 2.0547614289741767, 2.0321151985062262, 0.9719774380097514], [1.0944683869349539, 2.1706883217081168, 2.7882873488935824, 3.3583755522573706, 4.3479400363850464, 4.185471119240939, 5.110497482633173, 0.0, 1.7710977782155337, 1.7771840338017895, 2.5265888248783184, 3.0674160477509407, 2.564141006263111, 4.1469301127460545, 2.874368377574454, 5.018148444396599, 4.111237246863771, 5.100218011026588, 4.772220456978072, 4.336236448811342, 5.433297597223992], [1.0948022515504794, 2.1573057015638737, 3.504951517496355, 4.1263398757252165, 4.581228365842506, 4.660054867702739, 5.883011295246678, 1.7710977782155337, 0.0, 1.7642822364916562, 2.4113617335439326, 2.501038754197943, 3.7486977072044634, 5.133979951265879, 3.8165528124211776, 5.333317595080945, 3.944521844279735, 5.25270484036558, 4.904772813291152, 4.730919371538686, 6.179040177891708], [1.093812497642992, 2.1767074355549023, 2.9066763338906516, 2.8548166491037565, 3.270393953333451, 4.3095861982329575, 5.309093757883732, 1.7771840338017895, 1.7642822364916562, 0.0, 3.055763456159524, 2.4817803045394653, 3.265400463955378, 3.8634049761835736, 2.301956763277712, 3.813594878851187, 2.7507897393294165, 4.16954022525266, 4.536864509768834, 4.772051394316704, 5.357025414350766], [2.1317895768579036, 1.0975424820935178, 2.1608788142790423, 3.5157716564077366, 4.156630102619188, 2.686859367365549, 3.9907524215365706, 2.5265888248783184, 2.4113617335439326, 3.055763456159524, 0.0, 1.7547373763614884, 2.466836243044925, 4.31758506690951, 3.815558449296774, 5.180477479924027, 3.8899441294188275, 4.3938655156934425, 3.0719509273424275, 2.4271926190560156, 4.5313855287318034], [2.148705419549176, 1.0962051176673095, 2.182818661730745, 2.8959367845310435, 2.9007218980798557, 2.763155305081493, 4.105397901543771, 3.0674160477509407, 2.501038754197943, 2.4817803045394653, 1.7547373763614884, 0.0, 3.0682284579216064, 3.890044386636225, 3.2819678822316347, 3.9159290979281023, 2.351016960806536, 3.160253820502397, 2.604207875727281, 3.064964761624512, 4.293448582433474], [2.791122593151365, 2.150161968317736, 1.0992587684435362, 2.1253214556861746, 3.482900156478793, 2.134943509791301, 2.655636108355209, 2.564141006263111, 3.7486977072044634, 3.265400463955378, 2.466836243044925, 3.0682284579216064, 0.0, 2.4270490930345847, 2.4258443581565574, 4.273863419670778, 3.839752023243168, 3.8403353317125837, 3.070029994967476, 2.4614803025821677, 3.0949097014291063], [4.069701390765667, 3.519757655009788, 2.171637699985889, 1.096695559396499, 2.1405901055550083, 2.803929965245209, 2.637250363541543, 4.1469301127460545, 5.133979951265879, 3.8634049761835736, 4.31758506690951, 3.890044386636225, 2.4270490930345847, 0.0, 1.741828559301977, 2.4501891049468, 3.0651442739290427, 2.50917886169958, 3.2378729947297193, 3.7819815361791496, 2.208402495017609], [2.764339696925832, 2.840779558501504, 2.1721919459384798, 1.0962593397549687, 2.141338303491534, 3.505201708889233, 3.932224552336756, 2.874368377574454, 3.8165528124211776, 2.301956763277712, 3.815558449296774, 3.2819678822316347, 2.4258443581565574, 1.741828559301977, 0.0, 2.4501115729696883, 2.511656443465149, 3.065418720175108, 3.897767917667751, 4.32129807928127, 3.729571049061809], [4.485121309396213, 4.143105668456936, 3.5206356144878153, 2.155436433764633, 1.0950934435015123, 4.132628584811367, 4.402992083799379, 5.018148444396599, 5.333317595080945, 3.813594878851187, 5.180477479924027, 3.9159290979281023, 4.273863419670778, 2.4501891049468, 2.4501115729696883, 0.0, 1.7652586467710616, 1.7653243129804788, 3.9099042571398086, 5.179241424185592, 3.7489405823512327], [3.294240514898692, 2.866383416432631, 2.8743981352624064, 2.1771168572219546, 1.0935362911216069, 3.5642156205818973, 4.385554320721612, 4.111237246863771, 3.944521844279735, 2.7507897393294165, 3.8899441294188275, 2.351016960806536, 3.839752023243168, 3.0651442739290427, 2.511656443465149, 1.7652586467710616, 0.0, 1.776154402072072, 3.20227169521888, 4.422743175903389, 4.040469762292499], [4.4668191512529365, 3.55359644726297, 2.8744852860990604, 2.176990479997558, 1.0936491942117452, 2.8635442182721746, 3.249824715273118, 5.100218011026588, 5.25270484036558, 4.16954022525266, 4.3938655156934425, 3.160253820502397, 3.8403353317125837, 2.50917886169958, 3.065418720175108, 1.7653243129804788, 1.776154402072072, 0.0, 2.3378415023264516, 3.887783556218118, 2.667703023201796], [4.2480695215591755, 2.7998974088348305, 2.199398610984375, 2.8898628929414625, 2.906966792035987, 1.0948778288010037, 2.0547614289741767, 4.772220456978072, 4.904772813291152, 4.536864509768834, 3.0719509273424275, 2.604207875727281, 3.070029994967476, 3.2378729947297193, 3.897767917667751, 3.9099042571398086, 3.20227169521888, 2.3378415023264516, 0.0, 1.7635278307982554, 2.230093134826436], [4.127697969813199, 2.7148361294929018, 2.1716170380617297, 3.5106237750576463, 4.1630659062762865, 1.0952754676335994, 2.0321151985062262, 4.336236448811342, 4.730919371538686, 4.772051394316704, 2.4271926190560156, 3.064964761624512, 2.4614803025821677, 3.7819815361791496, 4.32129807928127, 5.179241424185592, 4.422743175903389, 3.887783556218118, 1.7635278307982554, 0.0, 2.8246574978216383], [5.247770163602823, 4.104733751414336, 2.7175484209117595, 2.7141697607187356, 3.162950897500623, 1.9499715818442074, 0.9719774380097514, 5.433297597223992, 6.179040177891708, 5.357025414350766, 4.5313855287318034, 4.293448582433474, 3.0949097014291063, 2.208402495017609, 3.729571049061809, 3.7489405823512327, 4.040469762292499, 2.667703023201796, 2.230093134826436, 2.8246574978216383, 0.0]]}