{"total energy": -29.50779443, "HOMO-LUMO gap/eV": 2.76182825, "electronic energy": -29.86783986, "dipole": [2.20341501, 1.01741844, 0.11097785], "partial charges": [-0.11450017, 0.02878931, -0.02772591, -0.02542001, -0.02356895, 0.0097892, -0.03007609, 0.51993634, -0.3819417, -0.38262989, 0.0527448, 0.06176002, 0.05533646, 0.05138173, 0.05294891, 0.07597557, 0.07720036], "atomic dipole moments": [[-0.07581444, 0.04419014, -0.0057734], [0.05751522, -0.03895486, 0.00159559], [-0.00820364, -0.01252096, -0.00301106], [-0.00794239, -0.01262059, -0.00077762], [0.01244079, -0.04223515, -0.00430221], [-0.15197234, -0.08790904, -0.01166081], [-0.02501368, 0.03203199, 0.00254667], [-0.08179782, -0.04783973, -0.00652241], [0.21649094, -0.13659656, -0.01723026], [-0.01832984, 0.25456691, 0.03348213], [0.09273732, 0.05740506, 0.07192674], [0.03815704, -0.00600869, -0.12822107], [-0.00627531, -0.1204504, 0.0515762], [0.12848218, 0.08338544, 0.00875073], [-0.00073504, 0.15275215, 0.01897202], [-0.13321476, 0.08703511, 0.01077532], [0.00821151, -0.15799982, -0.02239689]], "atomic quadrupole moments": [[0.14091392, -0.11603482, -0.00922427, -0.02508141, 0.02351699, -0.13168965], [-0.16337902, -0.10471941, -0.28414595, -0.01249814, -0.09646352, 0.44752497], [-0.26896592, -0.02333573, -0.27186902, 0.00158964, -0.09750786, 0.54083494], [-0.25502177, 0.00419451, -0.28131254, 0.00134005, -0.10369782, 0.53633431], [-0.28702014, 0.0138438, -0.25949528, 0.00175631, -0.10607303, 0.54651542], [-0.04416287, 0.19145919, -0.23506476, 0.02457365, -0.06858212, 0.27922762], [-0.25189705, -0.01433355, -0.27860029, -0.00699132, -0.11512057, 0.53049734], [-0.17736254, -0.08613735, -0.07669018, -0.01284659, -0.04463709, 0.25405272], [-0.01068761, -0.13084422, -0.11951939, -0.01773895, -0.03389881, 0.130207], [-0.20882422, -0.02456287, 0.07601413, -0.00452875, -0.00769489, 0.13281008], [0.01713442, 0.03513653, 0.00574441, 0.04243634, 0.04139713, -0.02287883], [-0.0296544, -0.00523401, -0.04246114, -0.02383821, 9.667e-05, 0.07211554], [-0.01995102, 0.01755268, 0.0630301, -0.00872914, -0.04002452, -0.04307908], [0.03447673, -0.00719814, 0.02936217, -0.00045525, 0.01186906, -0.0638389], [0.0431889, -0.00068772, 0.02208733, -0.00018728, 0.01112408, -0.06527623], [0.03545682, 0.01310949, 0.01944712, 0.0013981, 0.00990814, -0.05490394], [0.03227725, 0.00830159, 0.0208336, 0.00165909, 0.00944751, -0.05311085]], "number of molecular orbitals": 47, "number of electrons": 52, "number of unpaired electrons": 0, "orbital energies/eV": [-20.68659193, -20.20342221, -18.95459136, -18.33573465, -17.72272439, -17.33221529, -17.19665667, -16.95525763, -16.64652012, -16.3272911, -15.83148728, -15.66606435, -14.78287429, -14.51193427, -14.22692253, -14.06926723, -13.69749714, -13.43751841, -13.1561622, -12.78730929, -12.66261779, -12.41771928, -12.16313405, -12.01457301, -11.87979857, -11.64073364, -8.87890538, -7.03069829, -6.62016645, -3.54733357, -1.29548992, 2.11457442, 2.40434085, 3.18415394, 3.65983871, 4.02748696, 4.33393169, 4.4517126, 5.33145971, 5.48380837, 7.71625599, 9.09585674, 9.67124635, 10.71264592, 11.91283898, 15.60009175, 15.82043808], "fractional occupation": [2.0, 2.0, 2.0, 2.0, 2.0, 2.0, 2.0, 2.0, 2.0, 2.0, 2.0, 2.0, 2.0, 2.0, 2.0, 2.0, 2.0, 2.0, 2.0, 2.0, 2.0, 2.0, 2.0, 2.0, 2.0, 2.0, 0.0, 0.0, 0.0, 0.0, 0.0, 0.0, 0.0, 0.0, 0.0, 0.0, 0.0, 0.0, 0.0, 0.0, 0.0, 0.0, 0.0, 0.0, 0.0, 0.0, 0.0], "program call": "xtb /home/svss/Project-DBcg-Debug/aqme2_20220329/End-to-End-workflows-final/example-3/QDESCP/mol_1123_rdkit_conf_1/mol_1123_rdkit_conf_1.xyz --pop --wbo --acc 0.2 --gfn 2 --chrg 0 --uhf 0 --etemp 300 --input /home/svss/Project-DBcg-Debug/aqme2_20220329/End-to-End-workflows-final/example-3/QDESCP/mol_1123_rdkit_conf_1/mol_1123_rdkit_conf_1_xtb.inp", "method": "GFN2-xTB", "xtb version": "6.3.3 (7355c4f)", "Dipole module/D": 6.175, "Total charge": 0, "Transition dipole module/D": NaN, "HOMO": -11.6407, "LUMO": -8.8789, "HOMO occupancy": 2.0, "LUMO occupancy": 0, "mulliken charges": [-0.08719, 0.02409, -0.02347, -0.01839, -0.01505, 0.04126, -0.0251, 0.67372, -0.46788, -0.4684, 0.04291, 0.0514, 0.04625, 0.04376, 0.04686, 0.0679, 0.06731], "cm5 charges": [-0.23051, 0.00684, -0.07654, -0.07328, -0.06143, 0.09361, -0.06952, 0.51348, -0.42995, -0.43056, 0.09472, 0.10309, 0.09808, 0.09968, 0.10213, 0.12994, 0.13023], "FUKUI+": [0.024, -0.038, -0.052, -0.025, -0.029, -0.023, -0.029, -0.12, -0.169, -0.169, -0.039, -0.043, -0.035, -0.075, -0.069, -0.055, -0.054], "FUKUI-": [0.019, -0.057, -0.027, -0.03, -0.05, -0.031, -0.032, -0.036, -0.12, -0.113, -0.076, -0.111, -0.073, -0.068, -0.074, -0.065, -0.058], "FUKUIrad": [0.021, -0.048, -0.039, -0.028, -0.04, -0.027, -0.03, -0.078, -0.144, -0.141, -0.057, -0.077, -0.054, -0.072, -0.071, -0.06, -0.056], "s proportion": [1.009, 1.089, 1.071, 1.064, 1.068, 1.074, 1.072, 1.334, 1.747, 1.747, 0.957, 0.949, 0.954, 0.956, 0.953, 0.932, 0.933], "p proportion": [3.078, 2.887, 2.952, 2.955, 2.947, 2.885, 2.954, 2.993, 4.721, 4.721, 0.0, 0.0, 0.0, 0.0, 0.0, 0.0, 0.0], "d proportion": [0.0, 0.0, 0.0, 0.0, 0.0, 0.0, 0.0, 0.0, 0.0, 0.0, 0.0, 0.0, 0.0, 0.0, 0.0, 0.0, 0.0], "Fermi-level/eV": -10.2598, "Coordination numbers": [3.754, 2.959, 2.914, 2.91, 2.91, 2.897, 2.913, 2.755, 0.926, 0.926, 0.924, 0.924, 0.924, 0.925, 0.925, 0.925, 0.925], "Dispersion coefficient C6": [22.748, 27.357, 28.694, 28.637, 28.593, 27.798, 28.751, 13.807, 21.291, 21.305, 2.286, 2.179, 2.255, 2.303, 2.283, 2.021, 2.008], "Total dispersion C6": 3581.177285, "Total dispersion C8": 85006.019566, "Polarizability alpha": [6.801, 8.579, 8.784, 8.775, 8.768, 8.645, 8.792, 5.519, 6.188, 6.19, 2.364, 2.308, 2.348, 2.373, 2.363, 2.223, 2.216], "Total polarizability alpha": 93.23685, "Wiberg matrix": [[0.0, 1.0293728779514104, 0.0, 0.0, 0.0, 0.0, 0.0, 0.0, 0.0, 0.0, 0.9803655528982893, 0.9632067420109441, 0.9797882259096535, 0.0, 0.0, 0.0, 0.0], [1.0293728779514104, 0.0, 1.3996719805239515, 0.0, 0.10187842010724545, 0.0, 1.4177157252052441, 0.0, 0.0, 0.0, 0.0, 0.0, 0.0, 0.0, 0.0, 0.0, 0.0], [0.0, 1.3996719805239515, 0.0, 1.4362667892195422, 0.0, 0.0, 0.0, 0.0, 0.0, 0.0, 0.0, 0.0, 0.0, 0.9681622221783555, 0.0, 0.0, 0.0], [0.0, 0.0, 1.4362667892195422, 0.0, 1.4471840273469265, 0.0, 0.10408740508701447, 0.0, 0.0, 0.0, 0.0, 0.0, 0.0, 0.0, 0.9690921745122739, 0.0, 0.0], [0.0, 0.10187842010724545, 0.0, 1.4471840273469265, 0.0, 1.379452221802869, 0.0, 0.0, 0.0, 0.0, 0.0, 0.0, 0.0, 0.0, 0.0, 0.9625599396730776, 0.0], [0.0, 0.0, 0.0, 0.0, 1.379452221802869, 0.0, 1.384297480074954, 0.9587045010447984, 0.0, 0.0, 0.0, 0.0, 0.0, 0.0, 0.0, 0.0, 0.0], [0.0, 1.4177157252052441, 0.0, 0.10408740508701447, 0.0, 1.384297480074954, 0.0, 0.0, 0.0, 0.0, 0.0, 0.0, 0.0, 0.0, 0.0, 0.0, 0.960764998336765], [0.0, 0.0, 0.0, 0.0, 0.0, 0.9587045010447984, 0.0, 0.0, 1.4474478273501428, 1.4465720364854502, 0.0, 0.0, 0.0, 0.0, 0.0, 0.0, 0.0], [0.0, 0.0, 0.0, 0.0, 0.0, 0.0, 0.0, 1.4474478273501428, 0.0, 0.36500088145686493, 0.0, 0.0, 0.0, 0.0, 0.0, 0.0, 0.0], [0.0, 0.0, 0.0, 0.0, 0.0, 0.0, 0.0, 1.4465720364854502, 0.36500088145686493, 0.0, 0.0, 0.0, 0.0, 0.0, 0.0, 0.0, 0.0], [0.9803655528982893, 0.0, 0.0, 0.0, 0.0, 0.0, 0.0, 0.0, 0.0, 0.0, 0.0, 0.0, 0.0, 0.0, 0.0, 0.0, 0.0], [0.9632067420109441, 0.0, 0.0, 0.0, 0.0, 0.0, 0.0, 0.0, 0.0, 0.0, 0.0, 0.0, 0.0, 0.0, 0.0, 0.0, 0.0], [0.9797882259096535, 0.0, 0.0, 0.0, 0.0, 0.0, 0.0, 0.0, 0.0, 0.0, 0.0, 0.0, 0.0, 0.0, 0.0, 0.0, 0.0], [0.0, 0.0, 0.9681622221783555, 0.0, 0.0, 0.0, 0.0, 0.0, 0.0, 0.0, 0.0, 0.0, 0.0, 0.0, 0.0, 0.0, 0.0], [0.0, 0.0, 0.0, 0.9690921745122739, 0.0, 0.0, 0.0, 0.0, 0.0, 0.0, 0.0, 0.0, 0.0, 0.0, 0.0, 0.0, 0.0], [0.0, 0.0, 0.0, 0.0, 0.9625599396730776, 0.0, 0.0, 0.0, 0.0, 0.0, 0.0, 0.0, 0.0, 0.0, 0.0, 0.0, 0.0], [0.0, 0.0, 0.0, 0.0, 0.0, 0.0, 0.960764998336765, 0.0, 0.0, 0.0, 0.0, 0.0, 0.0, 0.0, 0.0, 0.0, 0.0]], "Born radii": [], "Atomic SASAs": [], "Solvent H bonds": [], "Total SASA": NaN, "Total FOD": 0.0, "FOD": [0.0, 0.0, 0.0, 0.0, 0.0, 0.0, 0.0, 0.0, 0.0, 0.0, 0.0, 0.0, 0.0, 0.0, 0.0, 0.0, 0.0], "FOD s proportion": [0.0, 0.0, 0.0, 0.0, 0.0, 0.0, 0.0, 0.0, 0.0, 0.0, 0.0, 0.0, 0.0, 0.0, 0.0, 0.0, 0.0], "FOD p proportion": [0.0, 0.0, 0.0, 0.0, 0.0, 0.0, 0.0, 0.0, 0.0, 0.0, 0.0, 0.0, 0.0, 0.0, 0.0, 0.0, 0.0], "FOD d proportion": [0.0, 0.0, 0.0, 0.0, 0.0, 0.0, 0.0, 0.0, 0.0, 0.0, 0.0, 0.0, 0.0, 0.0, 0.0, 0.0, 0.0], "coordinates": [["2.37900", "-0.89410", "-0.12730"], ["1.06570", "-0.17810", "-0.00170"], ["1.03020", "1.21330", "0.16450"], ["-0.18820", "1.89160", "0.25110"], ["-1.38930", "1.18840", "0.16210"], ["-1.36060", "-0.20000", "-0.01890"], ["-0.13980", "-0.88520", "-0.10630"], ["-2.62140", "-0.94520", "-0.12150"], ["-3.67930", "-0.30400", "-0.04080"], ["-2.55590", "-2.17250", "-0.28300"], ["3.15960", "-0.38150", "0.44450"], ["2.68130", "-0.93880", "-1.17810"], ["2.30640", "-1.91390", "0.26480"], ["1.95760", "1.78040", "0.22880"], ["-0.19880", "2.97110", "0.38550"], ["-2.32920", "1.73190", "0.23080"], ["-0.11740", "-1.96360", "-0.25440"]], "bond_dist": [[0.0, 1.501062373787312, 2.5190362125225594, 3.8070758975885943, 4.315164365351568, 3.8050142614713023, 2.5189032633271173, 5.00066445684971, 6.087585658534917, 5.1001751989515025, 1.0950115798474462, 1.0943326825056445, 1.0949909634330321, 2.730812227158799, 4.6741617130775435, 5.402893562712484, 2.71882283718524], [1.501062373787312, 0.0, 1.401740578709199, 2.4330703113555927, 2.8144586850760485, 2.426459795669403, 1.4014855760941674, 3.7679571202443376, 4.746831008156915, 4.144001400820226, 2.1505541634657797, 2.1383977202569215, 2.1502000790624116, 2.164333179064628, 3.4156031282922785, 3.9022432343461113, 2.1567552364605493], [2.5190362125225594, 1.401740578709199, 0.0, 1.3971717897237976, 2.419629314585191, 2.783339197798213, 2.4178368203830467, 4.251482189778055, 4.952144750509621, 4.952172361701479, 2.6750946525310093, 3.0265889017175756, 3.379071820781559, 1.0889479601890992, 2.15618710690886, 3.399839703574273, 3.403697486557817], [3.8070758975885943, 2.4330703113555927, 1.3971717897237976, 0.0, 1.3946513722074059, 2.412926090869756, 2.8001242043880836, 3.7558923360501164, 4.134446054793798, 4.733727380194174, 4.051191430924982, 4.276424563814963, 4.550279892490131, 2.1487950972579957, 1.0878860096535847, 2.14704382349313, 3.888844292331592], [4.315164365351568, 2.8144586850760485, 2.419629314585191, 1.3946513722074059, 0.0, 1.4004425193487948, 2.4357967423411995, 2.4800702268282646, 2.7408987887187664, 3.585347734878724, 4.820459208415729, 4.784443566393066, 4.826283359895065, 3.3995076849449832, 2.15527657157962, 1.0878988693807896, 3.42436941056306], [3.8050142614713023, 2.426459795669403, 2.783339197798213, 2.412926090869756, 1.4004425193487948, 0.0, 1.4026726061344466, 1.468150687089033, 2.321134485547961, 2.3214752098611777, 4.54751468936605, 4.269253528428594, 4.057687506449948, 3.8721816447579003, 3.401351762167506, 2.1754938887526207, 2.170550955402798], [2.5189032633271173, 1.4014855760941674, 2.4178368203830467, 2.8001242043880836, 2.4357967423411995, 1.4026726061344466, 0.0, 2.4823717690950318, 3.587498284320147, 2.7433380014136057, 3.382770268581655, 3.0183163204011603, 2.6795211027345913, 3.4083430182421486, 3.887981215232399, 3.428749215092874, 1.088752464979988], [5.00066445684971, 3.7679571202443376, 4.251482189778055, 3.7558923360501164, 2.4800702268282646, 1.468150687089033, 2.4823717690950318, 0.0, 1.2396783211785225, 1.2396119513783332, 5.835929633743025, 5.406946625406986, 5.03694552481958, 5.340303966067849, 4.632865792357901, 2.7159456069663843, 2.7064399069626504], [6.087585658534917, 4.746831008156915, 4.952144750509621, 4.134446054793798, 2.7408987887187664, 2.321134485547961, 3.587498284320147, 1.2396783211785225, 0.0, 2.193622722803536, 6.856535243838539, 6.492584592440825, 6.205946653009514, 6.015982806657612, 4.798113374025253, 2.4579311178306034, 3.9353562392749146], [5.1001751989515025, 4.144001400820226, 4.952172361701479, 4.733727380194174, 3.585347734878724, 2.3214752098611777, 2.7433380014136057, 1.2396119513783332, 2.193622722803536, 0.0, 6.033562587725432, 5.454492051511304, 4.899889803862939, 6.021547965432144, 5.697318107671363, 3.9445814340687657, 2.4475987048533914], [1.0950115798474462, 2.1505541634657797, 2.6750946525310093, 4.051191430924982, 4.820459208415729, 4.54751468936605, 3.382770268581655, 5.835929633743025, 6.856535243838539, 6.033562587725432, 0.0, 1.7810628680650213, 1.7630916283619522, 2.4829704186719583, 4.745762143217884, 5.88549511001411, 3.7054325820341143], [1.0943326825056445, 2.1383977202569215, 3.0265889017175756, 4.276424563814963, 4.784443566393066, 4.269253528428594, 3.0183163204011603, 5.406946625406986, 6.492584592440825, 5.454492051511304, 1.7810628680650213, 0.0, 1.7813844138759045, 3.1459748791114017, 5.101680015445893, 5.850021192269306, 3.1202817853520854], [1.0949909634330321, 2.1502000790624116, 3.379071820781559, 4.550279892490131, 4.826283359895065, 4.057687506449948, 2.6795211027345913, 5.03694552481958, 6.205946653009514, 4.899889803862939, 1.7630916283619522, 1.7813844138759045, 0.0, 3.7109041930505295, 5.491249450717022, 5.897609770067871, 2.4792831968131432], [2.730812227158799, 2.164333179064628, 1.0889479601890992, 2.1487950972579957, 3.3995076849449832, 3.8721816447579003, 3.4083430182421486, 5.340303966067849, 6.015982806657612, 6.021547965432144, 2.4829704186719583, 3.1459748791114017, 3.7109041930505295, 0.0, 2.4682751750969745, 4.287074817401722, 4.307742243913858], [4.6741617130775435, 3.4156031282922785, 2.15618710690886, 1.0878860096535847, 2.15527657157962, 3.401351762167506, 3.887981215232399, 4.632865792357901, 4.798113374025253, 5.697318107671363, 4.745762143217884, 5.101680015445893, 5.491249450717022, 2.4682751750969745, 0.0, 2.469443842244646, 4.976681832305537], [5.402893562712484, 3.9022432343461113, 3.399839703574273, 2.14704382349313, 1.0878988693807896, 2.1754938887526207, 3.428749215092874, 2.7159456069663843, 2.4579311178306034, 3.9445814340687657, 5.88549511001411, 5.850021192269306, 5.897609770067871, 4.287074817401722, 2.469443842244646, 0.0, 4.334074126038917], [2.71882283718524, 2.1567552364605493, 3.403697486557817, 3.888844292331592, 3.42436941056306, 2.170550955402798, 1.088752464979988, 2.7064399069626504, 3.9353562392749146, 2.4475987048533914, 3.7054325820341143, 3.1202817853520854, 2.4792831968131432, 4.307742243913858, 4.976681832305537, 4.334074126038917, 0.0]]}