{"total energy": -52.91321622, "HOMO-LUMO gap/eV": 3.59331609, "electronic energy": -53.52616136, "dipole": [-2.8513559, 0.76475919, 0.80779908], "partial charges": [-0.10295487, -0.05378371, -0.06436182, -0.00473055, -0.13710494, -0.04141425, 0.31426668, -0.45869348, -0.17980256, 0.08316259, -0.06046716, -0.04057454, 0.07999321, -0.15310982, 0.0883235, -0.13976963, -0.05524243, 0.03589848, 0.03863399, 0.03784337, 0.03023246, 0.03475986, 0.03269708, 0.04420459, 0.05320727, 0.04209401, 0.04617878, 0.08141139, 0.0479185, 0.18306377, 0.04582473, 0.06831653, 0.10397898], "atomic dipole moments": [[0.06178512, -0.07908281, 0.0446787], [0.01246721, 0.01821061, -0.11383882], [0.01616114, -0.0393961, 0.11379106], [0.04807161, 0.00259956, -0.14042748], [-0.03177218, -0.03672534, 0.03167575], [0.06381518, 0.1353444, 0.08009619], [-0.00496972, 0.04760924, 0.02939425], [-0.12699746, 0.12745024, 0.10855453], [0.03332348, -0.01626106, -0.04420372], [-0.12738037, -0.06676295, -0.02195239], [0.00651172, -0.03914076, -0.00965172], [0.03766215, -0.03256781, -0.01206967], [0.21163071, 0.06545642, 0.01307512], [0.02968282, -0.02567531, -0.01160186], [0.19335636, -0.11193835, -0.04095245], [0.01423914, -0.03366596, -0.02468885], [0.01283886, 0.06595912, 0.0150259], [0.0716163, 0.08982177, -0.05272985], [-0.07141352, 0.055278, 0.08820263], [-0.07791743, -0.04594096, -0.0890911], [0.06738937, 0.05109622, 0.08993023], [-0.07712743, -0.08041342, 0.05596673], [0.06910676, 0.08432623, -0.05936965], [-0.07218874, -0.04567592, -0.09295054], [-0.07240169, -0.0894987, 0.05348005], [0.06830444, 0.04347149, 0.09650171], [-0.00184436, -0.08780798, 0.08650679], [0.07377843, -0.04256745, -0.10660253], [-0.11325676, 0.02765527, -0.04126829], [-0.09840534, 0.08413318, 0.01895293], [-0.1144023, 0.0920063, 0.0319321], [0.01083083, 0.14831979, 0.04517117], [-0.00831814, -0.15430979, -0.0437969]], "atomic quadrupole moments": [[-0.01061987, -0.15466631, 0.06645366, 0.07785031, -0.1076959, -0.05583379], [-0.01665992, -0.22926109, 0.01158649, -0.05579014, 0.00098181, 0.00507342], [-0.01557174, -0.24117193, 0.02194924, -0.05459105, -0.01594895, -0.00637749], [0.00667828, -0.2168669, -0.01332403, -0.11034533, 0.06272386, 0.00664575], [-0.01138965, -0.00229939, 0.04001081, -0.03367819, 0.08028311, -0.02862116], [-0.05073647, 0.17891383, 0.15316071, 0.08178757, 0.18302023, -0.10242424], [-0.22441963, -0.0566155, -0.03174689, 0.15950926, -0.24807476, 0.25616652], [-0.04631972, -0.0492942, -0.03341336, 0.03089043, -0.07504775, 0.07973308], [-0.01175705, 0.04771306, 0.01318321, -0.00761141, 0.02698065, -0.00142616], [-0.09460009, 0.11594428, -0.23360414, 0.0471853, -0.19355549, 0.32820423], [-0.22091188, 0.02046151, -0.1639008, 0.02805191, -0.19457762, 0.38481268], [-0.22625784, -0.01735153, -0.21343331, 0.01848869, -0.22191409, 0.43969115], [0.09049357, 0.23114408, -0.2847148, 0.07600655, -0.17029697, 0.19422123], [0.32253233, 0.26710562, -0.1144742, 0.06660831, 0.02279981, -0.20805813], [-0.05894344, -0.29228392, -0.18493788, -0.07875676, -0.13363011, 0.24388132], [0.19410927, -0.31900473, -0.01045549, -0.10482825, 0.06606437, -0.18365378], [-0.20353462, 0.00674574, -0.22321291, 0.02293317, -0.20174715, 0.42674753], [0.01887625, 0.04647249, 0.00867123, -0.02623551, -0.03927645, -0.02754748], [-0.00934782, -0.03660661, -0.02120349, -0.04674942, 0.02884385, 0.03055131], [-0.00825467, 0.0268232, -0.00422523, 0.05354196, 0.03451236, 0.0124799], [0.01080803, 0.01547988, -0.00998692, 0.03726017, 0.02841084, -0.00082111], [0.00764844, 0.03078174, 0.02067044, -0.02076306, -0.02016413, -0.02831888], [0.01264988, 0.03765898, 0.01394088, -0.02340422, -0.0170966, -0.02659076], [0.00528917, 0.02234879, -0.00660653, 0.03247367, 0.02787095, 0.00131735], [0.01255444, 0.02599559, 0.01721792, -0.01942156, -0.00713454, -0.02977236], [0.01468344, 0.01315757, -0.00685937, 0.02973301, 0.03129908, -0.00782407], [-0.04961659, 0.02072392, 0.03304681, 0.01094979, -0.04483237, 0.01656977], [0.01116606, 0.00089984, -0.02586561, -0.04940404, 0.02041877, 0.01469955], [0.05561098, -0.02460607, -0.01719247, 0.03871936, 0.00289989, -0.03841851], [0.03022934, -0.00392912, 0.02503418, -0.01233586, 0.03596904, -0.05526351], [0.04158442, 0.00184836, 0.01678335, -0.00276447, 0.02585527, -0.05836777], [0.03847151, 0.00616337, 0.01641838, -0.00146065, 0.02444734, -0.05488989], [0.03609344, 0.00556243, 0.01121722, 0.00041924, 0.0194804, -0.04731066]], "number of molecular orbitals": 94, "number of electrons": 94, "number of unpaired electrons": 0, "orbital energies/eV": [-28.6855488, -28.62607896, -19.04702902, -18.45135415, -18.36613735, -18.18411748, -17.792883, -17.67184446, -17.35443615, -17.24353727, -16.9559238, -16.60420379, -16.51962798, -16.22138423, -15.88994752, -15.79808856, -15.46855643, -15.25706148, -15.0619353, -14.8387463, -14.53125942, -14.41287594, -14.30142537, -14.25274971, -13.98599898, -13.85354687, -13.81724303, -13.68533584, -13.66756939, -13.47451256, -13.37801452, -13.02975653, -12.93181851, -12.78925251, -12.74138701, -12.67690851, -12.44671435, -12.38501223, -12.31216704, -12.17272856, -11.607444, -11.37937482, -11.33936373, -11.007067, -10.98377176, -10.62820521, -10.37663232, -6.78331623, -6.67400233, -5.19079849, -4.02672894, -3.64050778, -3.22522927, -1.28706213, -0.06625024, 0.38398283, 0.5275801, 0.57720284, 0.5772641, 0.61102848, 0.61151276, 0.78701263, 1.06941977, 1.59330334, 1.98655095, 2.2064345, 2.72099365, 3.0222955, 3.27792738, 3.39446674, 3.48424719, 3.67415532, 3.88595566, 4.06082383, 4.26969534, 4.42508466, 4.6088502, 4.89100309, 4.96156724, 5.36258885, 5.54723474, 6.11266779, 6.15992281, 6.5755079, 6.86578944, 7.66949063, 8.89959554, 9.70868208, 9.95380634, 11.00598842, 11.95320274, 15.71968573, 15.95925005, 16.89627423], "fractional occupation": [2.0, 2.0, 2.0, 2.0, 2.0, 2.0, 2.0, 2.0, 2.0, 2.0, 2.0, 2.0, 2.0, 2.0, 2.0, 2.0, 2.0, 2.0, 2.0, 2.0, 2.0, 2.0, 2.0, 2.0, 2.0, 2.0, 2.0, 2.0, 2.0, 2.0, 2.0, 2.0, 2.0, 2.0, 2.0, 2.0, 2.0, 2.0, 2.0, 2.0, 2.0, 2.0, 2.0, 2.0, 2.0, 2.0, 2.0, 0.0, 0.0, 0.0, 0.0, 0.0, 0.0, 0.0, 0.0, 0.0, 0.0, 0.0, 0.0, 0.0, 0.0, 0.0, 0.0, 0.0, 0.0, 0.0, 0.0, 0.0, 0.0, 0.0, 0.0, 0.0, 0.0, 0.0, 0.0, 0.0, 0.0, 0.0, 0.0, 0.0, 0.0, 0.0, 0.0, 0.0, 0.0, 0.0, 0.0, 0.0, 0.0, 0.0, 0.0, 0.0, 0.0, 0.0], "program call": "xtb /home/svss/Project-DBcg-Debug/aqme2_20220329/End-to-End-workflows-final/example-3/QDESCP/mol_370_rdkit_conf_5/mol_370_rdkit_conf_5.xyz --pop --wbo --acc 0.2 --gfn 2 --chrg 0 --uhf 0 --etemp 300 --input /home/svss/Project-DBcg-Debug/aqme2_20220329/End-to-End-workflows-final/example-3/QDESCP/mol_370_rdkit_conf_5/mol_370_rdkit_conf_5_xtb.inp", "method": "GFN2-xTB", "xtb version": "6.3.3 (7355c4f)", "Dipole module/D": 7.779, "Total charge": 0, "Transition dipole module/D": NaN, "HOMO": -10.3766, "LUMO": -6.7833, "HOMO occupancy": 2.0, "LUMO occupancy": 0, "mulliken charges": [-0.08251, -0.04066, -0.06204, 0.08412, -0.30846, 0.0672, 0.55913, -0.57196, -0.34286, 0.1556, -0.07835, -0.04157, 0.07815, -0.1114, 0.09347, -0.09594, -0.07005, 0.02973, 0.03378, 0.03116, 0.02276, 0.02612, 0.02628, 0.03522, 0.03663, 0.02889, 0.03231, 0.06309, 0.02474, 0.22305, 0.03302, 0.04333, 0.07801], "cm5 charges": [-0.23284, -0.15298, -0.16727, 0.03511, -0.56627, -0.01953, 0.71845, -0.61586, -0.68711, 0.208, -0.12597, -0.09307, 0.07427, -0.11241, 0.08971, -0.09702, -0.11362, 0.08103, 0.08456, 0.08246, 0.0776, 0.0809, 0.08501, 0.0928, 0.10216, 0.09815, 0.09442, 0.129, 0.08662, 0.42752, 0.09182, 0.09987, 0.14448], "FUKUI+": [0.005, 0.003, 0.003, 0.013, -0.042, 0.019, -0.033, -0.068, -0.02, -0.053, -0.041, -0.037, -0.047, -0.121, -0.042, -0.119, -0.032, -0.001, -0.013, -0.009, -0.001, -0.011, 0.003, -0.013, -0.028, -0.006, -0.026, -0.013, -0.03, -0.037, -0.071, -0.072, -0.059], "FUKUI-": [0.006, 0.002, -0.002, 0.015, -0.083, 0.024, -0.001, -0.054, -0.044, -0.021, -0.026, -0.015, -0.026, -0.178, -0.015, -0.129, -0.011, -0.009, -0.026, -0.013, -0.009, -0.016, -0.009, -0.018, -0.036, -0.022, -0.055, -0.03, -0.048, -0.03, -0.043, -0.044, -0.031], "FUKUIrad": [0.006, 0.002, 0.0, 0.014, -0.063, 0.022, -0.017, -0.061, -0.032, -0.037, -0.034, -0.026, -0.037, -0.15, -0.028, -0.124, -0.022, -0.005, -0.019, -0.011, -0.005, -0.013, -0.003, -0.016, -0.032, -0.014, -0.041, -0.022, -0.039, -0.034, -0.057, -0.058, -0.045], "s proportion": [1.008, 1.027, 1.038, 1.012, 1.441, 0.982, 0.942, 1.723, 1.418, 1.038, 1.058, 1.062, 1.075, 1.945, 1.082, 1.945, 1.064, 0.97, 0.966, 0.969, 0.977, 0.974, 0.974, 0.965, 0.963, 0.971, 0.968, 0.937, 0.975, 0.777, 0.967, 0.957, 0.922], "p proportion": [3.075, 3.013, 3.024, 2.904, 3.868, 2.951, 2.499, 4.849, 3.925, 2.807, 3.021, 2.98, 2.846, 5.175, 2.825, 5.161, 3.006, 0.0, 0.0, 0.0, 0.0, 0.0, 0.0, 0.0, 0.0, 0.0, 0.0, 0.0, 0.0, 0.0, 0.0, 0.0, 0.0], "d proportion": [0.0, 0.0, 0.0, 0.0, 0.0, 0.0, 0.0, 0.0, 0.0, 0.0, 0.0, 0.0, 0.0, -0.009, 0.0, -0.01, 0.0, 0.0, 0.0, 0.0, 0.0, 0.0, 0.0, 0.0, 0.0, 0.0, 0.0, 0.0, 0.0, 0.0, 0.0, 0.0, 0.0], "Fermi-level/eV": -8.58, "Coordination numbers": [3.75, 3.8, 3.801, 3.739, 2.733, 3.694, 2.689, 0.858, 2.695, 2.895, 2.919, 2.955, 2.9, 0.966, 2.898, 0.964, 2.955, 0.924, 0.924, 0.924, 0.924, 0.924, 0.924, 0.924, 0.924, 0.924, 0.924, 0.924, 0.924, 0.86, 0.925, 0.925, 0.925], "Dispersion coefficient C6": [22.53, 21.54, 21.734, 20.742, 23.968, 21.495, 21.659, 22.889, 24.894, 26.146, 29.503, 29.007, 26.215, 103.947, 26.034, 103.522, 29.371, 2.504, 2.467, 2.478, 2.583, 2.52, 2.549, 2.394, 2.28, 2.421, 2.368, 1.965, 2.346, 1.197, 2.373, 2.104, 1.749], "Total dispersion C6": 14002.417932, "Total dispersion C8": 362297.363126, "Polarizability alpha": [6.769, 6.608, 6.637, 6.499, 7.271, 6.633, 7.617, 6.414, 7.41, 8.384, 8.907, 8.834, 8.395, 15.598, 8.366, 15.566, 8.889, 2.475, 2.456, 2.462, 2.513, 2.483, 2.497, 2.42, 2.362, 2.433, 2.407, 2.192, 2.395, 1.714, 2.409, 2.268, 2.068], "Total polarizability alpha": 182.349792, "Wiberg matrix": [[0.0, 1.0202669397269246, 0.0, 0.0, 0.0, 0.0, 0.0, 0.0, 0.0, 0.0, 0.0, 0.0, 0.0, 0.0, 0.0, 0.0, 0.0, 0.9874009683140255, 0.9866185193136592, 0.987297982856465, 0.0, 0.0, 0.0, 0.0, 0.0, 0.0, 0.0, 0.0, 0.0, 0.0, 0.0, 0.0, 0.0], [1.0202669397269246, 0.0, 1.0060255478118245, 0.0, 0.0, 0.0, 0.0, 0.0, 0.0, 0.0, 0.0, 0.0, 0.0, 0.0, 0.0, 0.0, 0.0, 0.0, 0.0, 0.0, 0.9776866658668596, 0.9775119952992726, 0.0, 0.0, 0.0, 0.0, 0.0, 0.0, 0.0, 0.0, 0.0, 0.0, 0.0], [0.0, 1.0060255478118245, 0.0, 0.9969952582951034, 0.0, 0.0, 0.0, 0.0, 0.0, 0.0, 0.0, 0.0, 0.0, 0.0, 0.0, 0.0, 0.0, 0.0, 0.0, 0.0, 0.0, 0.0, 0.9734413751210018, 0.9745377735851548, 0.0, 0.0, 0.0, 0.0, 0.0, 0.0, 0.0, 0.0, 0.0], [0.0, 0.0, 0.9969952582951034, 0.0, 0.9873524972089719, 0.0, 0.0, 0.0, 0.0, 0.0, 0.0, 0.0, 0.0, 0.0, 0.0, 0.0, 0.0, 0.0, 0.0, 0.0, 0.0, 0.0, 0.0, 0.0, 0.9682565950600881, 0.9672012903385327, 0.0, 0.0, 0.0, 0.0, 0.0, 0.0, 0.0], [0.0, 0.0, 0.0, 0.9873524972089719, 0.0, 0.9989133629694517, 1.1600878091988067, 0.1625989847868642, 0.0, 0.0, 0.0, 0.0, 0.0, 0.0, 0.0, 0.0, 0.0, 0.0, 0.0, 0.0, 0.0, 0.0, 0.0, 0.0, 0.0, 0.0, 0.0, 0.0, 0.0, 0.0, 0.0, 0.0, 0.0], [0.0, 0.0, 0.0, 0.0, 0.9989133629694517, 0.0, 0.0, 0.0, 0.0, 0.0, 0.0, 0.0, 0.0, 0.0, 0.0, 0.0, 0.0, 0.0, 0.0, 0.0, 0.0, 0.0, 0.0, 0.0, 0.0, 0.0, 0.9772518298758339, 0.9765508991824914, 0.9798075619401638, 0.0, 0.0, 0.0, 0.0], [0.0, 0.0, 0.0, 0.0, 1.1600878091988067, 0.0, 0.0, 1.615292195407059, 1.114907209196369, 0.0, 0.0, 0.0, 0.0, 0.0, 0.0, 0.0, 0.0, 0.0, 0.0, 0.0, 0.0, 0.0, 0.0, 0.0, 0.0, 0.0, 0.0, 0.0, 0.0, 0.0, 0.0, 0.0, 0.0], [0.0, 0.0, 0.0, 0.0, 0.1625989847868642, 0.0, 1.615292195407059, 0.0, 0.11665969453941605, 0.0, 0.0, 0.0, 0.0, 0.0, 0.0, 0.0, 0.0, 0.0, 0.0, 0.0, 0.0, 0.0, 0.0, 0.0, 0.0, 0.0, 0.0, 0.0, 0.0, 0.0, 0.0, 0.0, 0.0], [0.0, 0.0, 0.0, 0.0, 0.0, 0.0, 1.114907209196369, 0.11665969453941605, 0.0, 1.0934264494014145, 0.0, 0.0, 0.0, 0.0, 0.0, 0.0, 0.0, 0.0, 0.0, 0.0, 0.0, 0.0, 0.0, 0.0, 0.0, 0.0, 0.0, 0.0, 0.0, 0.9266028901823079, 0.0, 0.0, 0.0], [0.0, 0.0, 0.0, 0.0, 0.0, 0.0, 0.0, 0.0, 1.0934264494014145, 0.0, 1.353423469243009, 0.0, 0.0, 0.0, 0.0, 0.0, 1.3700947147829783, 0.0, 0.0, 0.0, 0.0, 0.0, 0.0, 0.0, 0.0, 0.0, 0.0, 0.0, 0.0, 0.0, 0.0, 0.0, 0.0], [0.0, 0.0, 0.0, 0.0, 0.0, 0.0, 0.0, 0.0, 0.0, 1.353423469243009, 0.0, 1.4533090010933964, 0.0, 0.0, 0.0, 0.0, 0.0, 0.0, 0.0, 0.0, 0.0, 0.0, 0.0, 0.0, 0.0, 0.0, 0.0, 0.0, 0.0, 0.0, 0.9661768221527666, 0.0, 0.0], [0.0, 0.0, 0.0, 0.0, 0.0, 0.0, 0.0, 0.0, 0.0, 0.0, 1.4533090010933964, 0.0, 1.3899513416323999, 0.0, 0.0, 0.0, 0.10209042069799071, 0.0, 0.0, 0.0, 0.0, 0.0, 0.0, 0.0, 0.0, 0.0, 0.0, 0.0, 0.0, 0.0, 0.0, 0.9659135463131994, 0.0], [0.0, 0.0, 0.0, 0.0, 0.0, 0.0, 0.0, 0.0, 0.0, 0.0, 0.0, 1.3899513416323999, 0.0, 0.9851344639021176, 1.3613665387759972, 0.0, 0.0, 0.0, 0.0, 0.0, 0.0, 0.0, 0.0, 0.0, 0.0, 0.0, 0.0, 0.0, 0.0, 0.0, 0.0, 0.0, 0.0], [0.0, 0.0, 0.0, 0.0, 0.0, 0.0, 0.0, 0.0, 0.0, 0.0, 0.0, 0.0, 0.9851344639021176, 0.0, 0.0, 0.0, 0.0, 0.0, 0.0, 0.0, 0.0, 0.0, 0.0, 0.0, 0.0, 0.0, 0.0, 0.0, 0.0, 0.0, 0.0, 0.0, 0.0], [0.0, 0.0, 0.0, 0.0, 0.0, 0.0, 0.0, 0.0, 0.0, 0.0, 0.0, 0.0, 1.3613665387759972, 0.0, 0.0, 0.9955332446577955, 1.4027192727779956, 0.0, 0.0, 0.0, 0.0, 0.0, 0.0, 0.0, 0.0, 0.0, 0.0, 0.0, 0.0, 0.0, 0.0, 0.0, 0.0], [0.0, 0.0, 0.0, 0.0, 0.0, 0.0, 0.0, 0.0, 0.0, 0.0, 0.0, 0.0, 0.0, 0.0, 0.9955332446577955, 0.0, 0.0, 0.0, 0.0, 0.0, 0.0, 0.0, 0.0, 0.0, 0.0, 0.0, 0.0, 0.0, 0.0, 0.0, 0.0, 0.0, 0.0], [0.0, 0.0, 0.0, 0.0, 0.0, 0.0, 0.0, 0.0, 0.0, 1.3700947147829783, 0.0, 0.10209042069799071, 0.0, 0.0, 1.4027192727779956, 0.0, 0.0, 0.0, 0.0, 0.0, 0.0, 0.0, 0.0, 0.0, 0.0, 0.0, 0.0, 0.0, 0.0, 0.0, 0.0, 0.0, 0.9539682282376228], [0.9874009683140255, 0.0, 0.0, 0.0, 0.0, 0.0, 0.0, 0.0, 0.0, 0.0, 0.0, 0.0, 0.0, 0.0, 0.0, 0.0, 0.0, 0.0, 0.0, 0.0, 0.0, 0.0, 0.0, 0.0, 0.0, 0.0, 0.0, 0.0, 0.0, 0.0, 0.0, 0.0, 0.0], [0.9866185193136592, 0.0, 0.0, 0.0, 0.0, 0.0, 0.0, 0.0, 0.0, 0.0, 0.0, 0.0, 0.0, 0.0, 0.0, 0.0, 0.0, 0.0, 0.0, 0.0, 0.0, 0.0, 0.0, 0.0, 0.0, 0.0, 0.0, 0.0, 0.0, 0.0, 0.0, 0.0, 0.0], [0.987297982856465, 0.0, 0.0, 0.0, 0.0, 0.0, 0.0, 0.0, 0.0, 0.0, 0.0, 0.0, 0.0, 0.0, 0.0, 0.0, 0.0, 0.0, 0.0, 0.0, 0.0, 0.0, 0.0, 0.0, 0.0, 0.0, 0.0, 0.0, 0.0, 0.0, 0.0, 0.0, 0.0], [0.0, 0.9776866658668596, 0.0, 0.0, 0.0, 0.0, 0.0, 0.0, 0.0, 0.0, 0.0, 0.0, 0.0, 0.0, 0.0, 0.0, 0.0, 0.0, 0.0, 0.0, 0.0, 0.0, 0.0, 0.0, 0.0, 0.0, 0.0, 0.0, 0.0, 0.0, 0.0, 0.0, 0.0], [0.0, 0.9775119952992726, 0.0, 0.0, 0.0, 0.0, 0.0, 0.0, 0.0, 0.0, 0.0, 0.0, 0.0, 0.0, 0.0, 0.0, 0.0, 0.0, 0.0, 0.0, 0.0, 0.0, 0.0, 0.0, 0.0, 0.0, 0.0, 0.0, 0.0, 0.0, 0.0, 0.0, 0.0], [0.0, 0.0, 0.9734413751210018, 0.0, 0.0, 0.0, 0.0, 0.0, 0.0, 0.0, 0.0, 0.0, 0.0, 0.0, 0.0, 0.0, 0.0, 0.0, 0.0, 0.0, 0.0, 0.0, 0.0, 0.0, 0.0, 0.0, 0.0, 0.0, 0.0, 0.0, 0.0, 0.0, 0.0], [0.0, 0.0, 0.9745377735851548, 0.0, 0.0, 0.0, 0.0, 0.0, 0.0, 0.0, 0.0, 0.0, 0.0, 0.0, 0.0, 0.0, 0.0, 0.0, 0.0, 0.0, 0.0, 0.0, 0.0, 0.0, 0.0, 0.0, 0.0, 0.0, 0.0, 0.0, 0.0, 0.0, 0.0], [0.0, 0.0, 0.0, 0.9682565950600881, 0.0, 0.0, 0.0, 0.0, 0.0, 0.0, 0.0, 0.0, 0.0, 0.0, 0.0, 0.0, 0.0, 0.0, 0.0, 0.0, 0.0, 0.0, 0.0, 0.0, 0.0, 0.0, 0.0, 0.0, 0.0, 0.0, 0.0, 0.0, 0.0], [0.0, 0.0, 0.0, 0.9672012903385327, 0.0, 0.0, 0.0, 0.0, 0.0, 0.0, 0.0, 0.0, 0.0, 0.0, 0.0, 0.0, 0.0, 0.0, 0.0, 0.0, 0.0, 0.0, 0.0, 0.0, 0.0, 0.0, 0.0, 0.0, 0.0, 0.0, 0.0, 0.0, 0.0], [0.0, 0.0, 0.0, 0.0, 0.0, 0.9772518298758339, 0.0, 0.0, 0.0, 0.0, 0.0, 0.0, 0.0, 0.0, 0.0, 0.0, 0.0, 0.0, 0.0, 0.0, 0.0, 0.0, 0.0, 0.0, 0.0, 0.0, 0.0, 0.0, 0.0, 0.0, 0.0, 0.0, 0.0], [0.0, 0.0, 0.0, 0.0, 0.0, 0.9765508991824914, 0.0, 0.0, 0.0, 0.0, 0.0, 0.0, 0.0, 0.0, 0.0, 0.0, 0.0, 0.0, 0.0, 0.0, 0.0, 0.0, 0.0, 0.0, 0.0, 0.0, 0.0, 0.0, 0.0, 0.0, 0.0, 0.0, 0.0], [0.0, 0.0, 0.0, 0.0, 0.0, 0.9798075619401638, 0.0, 0.0, 0.0, 0.0, 0.0, 0.0, 0.0, 0.0, 0.0, 0.0, 0.0, 0.0, 0.0, 0.0, 0.0, 0.0, 0.0, 0.0, 0.0, 0.0, 0.0, 0.0, 0.0, 0.0, 0.0, 0.0, 0.0], [0.0, 0.0, 0.0, 0.0, 0.0, 0.0, 0.0, 0.0, 0.9266028901823079, 0.0, 0.0, 0.0, 0.0, 0.0, 0.0, 0.0, 0.0, 0.0, 0.0, 0.0, 0.0, 0.0, 0.0, 0.0, 0.0, 0.0, 0.0, 0.0, 0.0, 0.0, 0.0, 0.0, 0.0], [0.0, 0.0, 0.0, 0.0, 0.0, 0.0, 0.0, 0.0, 0.0, 0.0, 0.9661768221527666, 0.0, 0.0, 0.0, 0.0, 0.0, 0.0, 0.0, 0.0, 0.0, 0.0, 0.0, 0.0, 0.0, 0.0, 0.0, 0.0, 0.0, 0.0, 0.0, 0.0, 0.0, 0.0], [0.0, 0.0, 0.0, 0.0, 0.0, 0.0, 0.0, 0.0, 0.0, 0.0, 0.0, 0.9659135463131994, 0.0, 0.0, 0.0, 0.0, 0.0, 0.0, 0.0, 0.0, 0.0, 0.0, 0.0, 0.0, 0.0, 0.0, 0.0, 0.0, 0.0, 0.0, 0.0, 0.0, 0.0], [0.0, 0.0, 0.0, 0.0, 0.0, 0.0, 0.0, 0.0, 0.0, 0.0, 0.0, 0.0, 0.0, 0.0, 0.0, 0.0, 0.9539682282376228, 0.0, 0.0, 0.0, 0.0, 0.0, 0.0, 0.0, 0.0, 0.0, 0.0, 0.0, 0.0, 0.0, 0.0, 0.0, 0.0]], "Born radii": [], "Atomic SASAs": [], "Solvent H bonds": [], "Total SASA": NaN, "Total FOD": 0.0, "FOD": [0.0, 0.0, 0.0, 0.0, 0.0, 0.0, 0.0, 0.0, 0.0, 0.0, 0.0, 0.0, 0.0, 0.0, 0.0, 0.0, 0.0, 0.0, 0.0, 0.0, 0.0, 0.0, 0.0, 0.0, 0.0, 0.0, 0.0, 0.0, 0.0, 0.0, 0.0, 0.0, 0.0], "FOD s proportion": [0.0, 0.0, 0.0, 0.0, 0.0, 0.0, 0.0, 0.0, 0.0, 0.0, 0.0, 0.0, 0.0, 0.0, 0.0, 0.0, 0.0, 0.0, 0.0, 0.0, 0.0, 0.0, 0.0, 0.0, 0.0, 0.0, 0.0, 0.0, 0.0, 0.0, 0.0, 0.0, 0.0], "FOD p proportion": [0.0, 0.0, 0.0, 0.0, 0.0, 0.0, 0.0, 0.0, 0.0, 0.0, 0.0, 0.0, 0.0, 0.0, 0.0, 0.0, 0.0, 0.0, 0.0, 0.0, 0.0, 0.0, 0.0, 0.0, 0.0, 0.0, 0.0, 0.0, 0.0, 0.0, 0.0, 0.0, 0.0], "FOD d proportion": [0.0, 0.0, 0.0, 0.0, 0.0, 0.0, 0.0, 0.0, 0.0, 0.0, 0.0, 0.0, 0.0, 0.0, 0.0, 0.0, 0.0, 0.0, 0.0, 0.0, 0.0, 0.0, 0.0, 0.0, 0.0, 0.0, 0.0, 0.0, 0.0, 0.0, 0.0, 0.0, 0.0], "coordinates": [["-4.20120", "1.86020", "0.15070"], ["-3.35730", "0.76420", "0.78140"], ["-2.47610", "0.06940", "-0.25540"], ["-1.63260", "-1.03440", "0.38410"], ["-0.75970", "-1.68520", "-0.59620"], ["-1.30910", "-2.85590", "-1.26490"], ["0.59330", "-1.40020", "-0.78890"], ["1.32290", "-2.15120", "-1.43060"], ["1.01120", "-0.21760", "-0.21720"], ["2.33120", "0.26970", "-0.12080"], ["2.49200", "1.59850", "0.29090"], ["3.76780", "2.15430", "0.42290"], ["4.89940", "1.38360", "0.15150"], ["6.44490", "2.13250", "0.33670"], ["4.74880", "0.05280", "-0.24940"], ["6.10570", "-0.96450", "-0.58860"], ["3.46800", "-0.50020", "-0.38150"], ["-3.56900", "2.62660", "-0.30900"], ["-4.82350", "2.34390", "0.91010"], ["-4.86220", "1.45180", "-0.62040"], ["-2.73200", "1.20060", "1.56890"], ["-4.01800", "0.03170", "1.25960"], ["-1.82510", "0.80660", "-0.74040"], ["-3.10460", "-0.35750", "-1.04660"], ["-2.27910", "-1.79980", "0.83060"], ["-1.02860", "-0.62690", "1.20220"], ["-1.36390", "-3.67560", "-0.54230"], ["-0.69370", "-3.16970", "-2.11230"], ["-2.31290", "-2.62470", "-1.63280"], ["0.28010", "0.44570", "-0.02090"], ["1.62880", "2.22250", "0.51030"], ["3.87120", "3.18980", "0.73870"], ["3.38340", "-1.54090", "-0.68080"]], "bond_dist": [[0.0, 1.5202518541347023, 2.5194943659393245, 3.8769692647737095, 4.997163497425315, 5.71049603624764, 5.87369445664311, 7.007675824408547, 5.623319038610561, 6.728718470853124, 6.6997812777731784, 7.979069410025206, 9.113071302255898, 10.65120596458448, 9.139435145018536, 10.712501210735054, 8.041850137872503, 1.0947008221427441, 1.094491361318124, 1.09467199196837, 2.1459058786442613, 2.1463069910895785, 2.7477233084865005, 2.7484999799890852, 4.1895503839911035, 4.166138430249288, 6.259041614336815, 6.536330718377093, 5.1827480307265565, 4.7023724331447845, 5.852304968984442, 8.202269315256602, 8.353743509349565], [1.5202518541347023, 0.0, 1.5278137059209802, 2.523370630723913, 3.8268613614814946, 4.635470951262665, 4.770504146314098, 5.941108751739864, 4.587474844617679, 5.780789508363021, 5.928824270460375, 7.268283860031885, 8.303825941094864, 9.907226040623076, 8.20228601122882, 9.716669835391135, 7.038164807675365, 2.1684839888733323, 2.1591105159301134, 2.1685389113409976, 1.0961757614543388, 1.096246313562787, 2.159932832289004, 2.159549068671513, 2.781911551433654, 2.745009205813343, 5.043575050497415, 5.562718207854862, 4.289962262071777, 3.7384229696491005, 5.20205029868032, 7.624734152742638, 7.272451535761514], [2.5194943659393245, 1.5278137059209802, 0.0, 1.5293223793562951, 2.4780627030000675, 3.3073190562750368, 3.4446426186180767, 4.5546196767677545, 3.4992984339721587, 4.813353357068229, 5.2267205884761045, 6.617642035498748, 7.502712142952041, 9.175576549732448, 7.224921561511931, 8.650275295619208, 5.972660226398285, 2.7814699728740555, 3.470162425593361, 2.781677186518953, 2.1617513131717994, 2.1619671366604996, 1.0965809774020339, 1.096929031432754, 2.1707403437537156, 2.169029206811195, 3.9171833566990455, 4.137244998788445, 3.0301880816213367, 2.791635789281976, 4.69812091266285, 7.142362932531503, 6.091614851580819], [3.8769692647737095, 2.523370630723913, 1.5293223793562951, 0.0, 1.4650880997400804, 2.4782484742252944, 2.54251242868152, 3.6435365484649664, 2.831678366269729, 4.203250082971509, 4.8941979741322275, 6.271653154472112, 6.96906383670002, 8.676261212065944, 6.504274905783119, 7.799507560737408, 5.18532866460748, 4.199161055496681, 4.676690036767457, 4.197681127718016, 2.75819803494963, 2.755576640197111, 2.16583413492354, 2.161453237985962, 1.0968872594756491, 1.0955180783537988, 2.8118239791992674, 3.416584882598411, 2.6570185904505825, 2.452170936129861, 4.61086261018478, 6.947044064924304, 5.15274783586389], [4.997163497425315, 3.8268613614814946, 2.4780627030000675, 1.4650880997400804, 0.0, 1.4558635032172489, 1.3960541859111346, 2.291419237066845, 2.3310035542658443, 3.687994303140936, 4.705654576145597, 6.023170370328237, 6.480895118731672, 8.206789680502357, 5.786578133059295, 6.903128523358086, 4.395880842334106, 5.154247721054936, 5.917521182049119, 5.164480698966741, 4.1116258268475745, 4.124106950601548, 2.7138419334957593, 2.732069446408711, 2.0874548522063896, 2.1039364676719683, 2.0807823072104394, 2.1228884709282303, 2.090366008621457, 2.4398542866327078, 4.711623264863183, 6.855130766075874, 4.146475281489087], [5.71049603624764, 4.635470951262665, 3.3073190562750368, 2.4782484742252944, 1.4558635032172489, 0.0, 2.442286684646174, 2.729740386923269, 3.666346174326696, 4.932557577971087, 6.058923519074985, 7.329780794130204, 7.6501647995320985, 9.358085975240877, 6.796317263783379, 7.682059274048854, 5.399111265754763, 6.0065546755190695, 6.642255068875329, 5.621047869392326, 5.148811425950654, 4.695686661181727, 3.735674303255036, 3.084392598227405, 2.539166686139372, 3.33672049473731, 1.094103235531273, 1.0932860375949196, 1.093809073833272, 3.8695807524846924, 6.129660513437918, 8.209775242964938, 4.908151796756086], [5.87369445664311, 4.770504146314098, 3.4446426186180767, 2.54251242868152, 1.3960541859111346, 2.442286684646174, 0.0, 1.2280456221167029, 1.378413602660682, 2.5010437881012795, 3.709882938854001, 4.917354953631068, 5.213098100937676, 6.927349219578871, 4.435138047456922, 5.533218623911402, 3.039716244980771, 5.811210161403561, 6.800485868671443, 6.1583095488940796, 4.835390529212713, 5.245071739261533, 3.2742903124188607, 3.8507268132133183, 3.3216174027121186, 2.681982794501113, 3.011459539824502, 2.557124715378583, 3.2645927617392037, 2.023676122802263, 3.9854907075540895, 5.843482708967316, 2.795736058715128], [7.007675824408547, 5.941108751739864, 4.5546196767677545, 3.6435365484649664, 2.291419237066845, 2.729740386923269, 1.2280456221167029, 0.0, 2.3039760003090306, 2.93138222345705, 4.2884271184199925, 5.286807024093087, 5.271546613660928, 6.907120889343113, 4.241419603151757, 4.9992396151814935, 2.9030786796089423, 6.929361082379817, 7.966368900571954, 7.203713976137586, 6.055887837468591, 6.3661166546019246, 4.374341193825648, 4.792449471825447, 4.26742444572836, 3.845084989957959, 3.214306533297657, 2.35981624284604, 3.6720741727258175, 3.1334606332296566, 4.794780423543918, 6.302854621518729, 2.276033035788365], [5.623319038610561, 4.587474844617679, 3.4992984339721587, 2.831678366269729, 2.3310035542658443, 3.666346174326696, 1.378413602660682, 2.3039760003090306, 0.0, 1.4103737979698856, 2.39773923936695, 3.692489834786279, 4.221123117133638, 5.9459962083741695, 3.74750673915338, 5.162337437634235, 2.4784518333023944, 5.392228938018118, 6.47115226447346, 6.119337722335645, 4.383262562293069, 5.247469997055724, 3.0606080392627866, 4.200867292595661, 3.7983306556959997, 2.518532685910588, 4.20767798435194, 3.9003823440785905, 4.341393161186856, 1.0064828811261521, 2.620071376890332, 4.55013401670764, 2.755608950849158], [6.728718470853124, 5.780789508363021, 4.813353357068229, 4.203250082971509, 3.687994303140936, 4.932557577971087, 2.5010437881012795, 2.93138222345705, 1.4103737979698856, 0.0, 1.4003795806851798, 2.431284929826202, 2.812573863918955, 4.538926941469756, 2.430714571890332, 3.99861685211274, 1.3975066153689577, 6.356316298769281, 7.520292051509702, 7.306980507022034, 5.4182704934323835, 6.501883480961497, 4.236389436772781, 5.5496312598225845, 5.142261982824291, 3.7205478897603235, 5.421883284431711, 4.994553495558938, 5.677266963072989, 2.061059732273667, 2.169119823799506, 3.4113522626665223, 2.1677170479562133], [6.6997812777731784, 5.928824270460375, 5.2267205884761045, 4.8941979741322275, 4.705654576145597, 6.058923519074985, 3.709882938854001, 4.2884271184199925, 2.39773923936695, 1.4003795806851798, 0.0, 1.3978566736257332, 2.42098928746081, 3.9890690705978002, 2.7882357898857837, 4.516781701610118, 2.410236388821644, 6.176778336641197, 7.379401740656217, 7.411898961804592, 5.392752952806201, 6.765599894318315, 4.508662518973892, 6.077563147347792, 5.882441176076476, 4.263507618147292, 6.586221819829636, 6.21769941135787, 6.680052689911959, 2.5136962207076654, 1.0874863677306488, 2.1528941381312734, 3.4050884291013648], [7.979069410025206, 7.268283860031885, 6.617642035498748, 6.271653154472112, 6.023170370328237, 7.329780794130204, 4.917354953631068, 5.286807024093087, 3.692489834786279, 2.431284929826202, 1.3978566736257332, 0.0, 1.3957632356528096, 2.678576131081586, 2.4146740028417915, 4.026887395992095, 2.7898583566195616, 7.388327222044244, 8.6071916261926, 8.721174298223834, 6.668602532015235, 8.113210171689133, 5.869420123828248, 7.4631395035869454, 7.23644427256923, 5.598913724107562, 7.826473659318096, 7.394403105728007, 8.002478114934148, 3.909005460472011, 2.1418709111428726, 1.0875115861451774, 3.8756186719025902], [9.113071302255898, 8.303825941094864, 7.502712142952041, 6.96906383670002, 6.480895118731672, 7.6501647995320985, 5.213098100937676, 5.271546613660928, 4.221123117133638, 2.812573863918955, 2.42098928746081, 1.3957632356528096, 0.0, 1.72734492791683, 1.3980092310138728, 2.741620197985126, 2.425221103322334, 8.571517240838986, 9.799613995459207, 9.792308992775911, 7.764069662232559, 9.087108559932583, 6.807886225547545, 8.27833853016413, 7.882009554675761, 6.347224963714458, 8.081199785304161, 7.559107020012351, 8.442006080902809, 4.716705487943889, 3.395484502983337, 2.159712369738156, 3.397599084647864], [10.65120596458448, 9.907226040623076, 9.175576549732448, 8.676261212065944, 8.206789680502357, 9.358085975240877, 6.927349219578871, 6.907120889343113, 5.9459962083741695, 4.538926941469756, 3.9890690705978002, 2.678576131081586, 1.72734492791683, 0.0, 2.746892882876942, 3.250022419922669, 4.038422233991883, 10.046853065014936, 11.284959728771742, 11.367933115126952, 9.306032885177228, 10.71155364361305, 8.444587332723843, 9.965268141901651, 9.58201943746724, 8.01352487111633, 9.771592707946846, 9.223369004870184, 10.159180229231096, 6.401400709219819, 4.820068066946773, 2.8113020079671265, 4.888962677296688], [9.139435145018536, 8.20228601122882, 7.224921561511931, 6.504274905783119, 5.786578133059295, 6.796317263783379, 4.435138047456922, 4.241419603151757, 3.74750673915338, 2.430714571890332, 2.7882357898857837, 2.4146740028417915, 1.3980092310138728, 2.746892882876942, 0.0, 1.7294893870735373, 1.4013236778132312, 8.70711177371693, 9.910726852759085, 9.719370504307365, 7.78370274162625, 8.8957466493825, 6.635168170438486, 7.904414304045558, 7.34778233006395, 5.995622187062825, 7.166021089837791, 6.593611219203025, 7.6779169505797595, 4.491754929868725, 3.8754538031048704, 3.404011217666593, 2.142499197199383], [10.712501210735054, 9.716669835391135, 8.650275295619208, 7.799507560737408, 6.903128523358086, 7.682059274048854, 5.533218623911402, 4.9992396151814935, 5.162337437634235, 3.99861685211274, 4.516781701610118, 4.026887395992095, 2.741620197985126, 3.250022419922669, 1.7294893870735373, 0.0, 2.6862476040007923, 10.323468189518481, 11.516901705319881, 11.230954872137987, 9.351331752750513, 10.33912759230681, 8.1275720292102, 9.241636169531887, 8.54498249091243, 7.3633670891787, 7.946516913717606, 7.3086530284314355, 8.644040932341772, 6.020677926114301, 5.6042112576169005, 4.900298361324543, 2.784179428485168], [8.041850137872503, 7.038164807675365, 5.972660226398285, 5.18532866460748, 4.395880842334106, 5.399111265754763, 3.039716244980771, 2.9030786796089423, 2.4784518333023944, 1.3975066153689577, 2.410236388821644, 2.7898583566195616, 2.425221103322334, 4.038422233991883, 1.4013236778132312, 2.6862476040007923, 0.0, 7.700746943641247, 8.860367239567443, 8.559182744281138, 6.718391236002858, 7.682208199469732, 5.463830438437855, 6.607707019836759, 6.0155884982269185, 4.769021926978319, 5.784140334570039, 5.238477429559088, 6.28474794641758, 3.3447668947177767, 3.4045644611315558, 3.8773081229120803, 1.0861832902415687], [1.0947008221427441, 2.1684839888733323, 2.7814699728740555, 4.199161055496681, 5.154247721054936, 6.0065546755190695, 5.811210161403561, 6.929361082379817, 5.392228938018118, 6.356316298769281, 6.176778336641197, 7.388327222044244, 8.571517240838986, 10.046853065014936, 8.70711177371693, 10.323468189518481, 7.700746943641247, 0.0, 1.7719747035440434, 1.7746806022493171, 2.5021097917557493, 3.0652264141495325, 2.557282379793049, 3.10878978543098, 4.749268062554481, 4.395750203321385, 6.680914588587404, 6.716869409926026, 5.559351161781382, 4.433384399079331, 5.277468535197533, 7.5346828446856335, 8.114318039736919], [1.094491361318124, 2.1591105159301134, 3.470162425593361, 4.676690036767457, 5.917521182049119, 6.642255068875329, 6.800485868671443, 7.966368900571954, 6.47115226447346, 7.520292051509702, 7.379401740656217, 8.6071916261926, 9.799613995459207, 11.284959728771742, 9.910726852759085, 11.516901705319881, 8.860367239567443, 1.7719747035440434, 0.0, 1.7719397139857778, 2.4729586692866503, 2.473307368686715, 3.7520453222209356, 3.7524464100104082, 4.8631822194937335, 4.82827516407257, 7.093143038879169, 7.522628181692885, 6.120166560641957, 5.5241883747750675, 6.465814201629985, 8.737432852960875, 9.21823418339977], [1.09467199196837, 2.1685389113409976, 2.781677186518953, 4.197681127718016, 5.164480698966741, 5.621047869392326, 6.1583095488940796, 7.203713976137586, 6.119337722335645, 7.306980507022034, 7.411898961804592, 8.721174298223834, 9.792308992775911, 11.367933115126952, 9.719370504307365, 11.230954872137987, 8.559182744281138, 1.7746806022493171, 1.7719397139857778, 0.0, 3.0649450190827237, 2.502750017480771, 3.107194787907575, 2.558196765301684, 4.398944097166956, 4.726452518538613, 6.2076109140312585, 6.400032821009592, 4.913424111553978, 5.273982058179568, 6.6336673100178905, 9.007778436995439, 8.772104696707625], [2.1459058786442613, 1.0961757614543388, 2.1617513131717994, 2.75819803494963, 4.1116258268475745, 5.148811425950654, 4.835390529212713, 6.055887837468591, 4.383262562293069, 5.4182704934323835, 5.392752952806201, 6.668602532015235, 7.764069662232559, 9.306032885177228, 7.78370274162625, 9.351331752750513, 6.718391236002858, 2.5021097917557493, 2.4729586692866503, 3.0649450190827237, 0.0, 1.765159964422488, 2.5120848114663645, 3.067139810963954, 3.1229161788302933, 2.525033999771092, 5.486910741938491, 6.06674726851218, 5.005941249155846, 3.4885648137880425, 4.60233529960606, 6.946106745508595, 7.069306154071983], [2.1463069910895785, 1.096246313562787, 2.1619671366604996, 2.755576640197111, 4.124106950601548, 4.695686661181727, 5.245071739261533, 6.3661166546019246, 5.247469997055724, 6.501883480961497, 6.765599894318315, 8.113210171689133, 9.087108559932583, 10.71155364361305, 8.8957466493825, 10.33912759230681, 7.682208199469732, 3.0652264141495325, 2.473307368686715, 2.502750017480771, 1.765159964422488, 0.0, 3.0674550396053077, 2.51084341208288, 2.561680397707723, 3.0616271948099754, 4.902567053085557, 5.715736353261931, 4.281332120964222, 4.503858330365199, 6.103065243793482, 8.513777602216303, 7.811462403417173], [2.7477233084865005, 2.159932832289004, 1.0965809774020339, 2.16583413492354, 2.7138419334957593, 3.735674303255036, 3.2742903124188607, 4.374341193825648, 3.0606080392627866, 4.236389436772781, 4.508662518973892, 5.869420123828248, 6.807886225547545, 8.444587332723843, 6.635168170438486, 8.1275720292102, 5.463830438437855, 2.557282379793049, 3.7520453222209356, 3.107194787907575, 2.5120848114663645, 3.0674550396053077, 0.0, 1.7567035891122895, 3.076926706959397, 2.5422488587862517, 4.510217942627607, 4.355816486033359, 3.57884706155488, 2.2538403004649643, 3.936806892647898, 6.34942617407274, 5.713386094077662], [2.7484999799890852, 2.159549068671513, 1.096929031432754, 2.161453237985962, 2.732069446408711, 3.084392598227405, 3.8507268132133183, 4.792449471825447, 4.200867292595661, 5.5496312598225845, 6.077563147347792, 7.4631395035869454, 8.27833853016413, 9.965268141901651, 7.904414304045558, 9.241636169531887, 6.607707019836759, 3.10878978543098, 3.7524464100104082, 2.558196765301684, 3.067139810963954, 2.51084341208288, 1.7567035891122895, 0.0, 2.5071017889188307, 3.072369411382687, 3.7807595255450988, 3.85442915877306, 2.4719658513013485, 3.626759548136601, 5.611186431584678, 8.026980691393247, 6.6051789680522655], [4.1895503839911035, 2.781911551433654, 2.1707403437537156, 1.0968872594756491, 2.0874548522063896, 2.539166686139372, 3.3216174027121186, 4.26742444572836, 3.7983306556959997, 5.142261982824291, 5.882441176076476, 7.23644427256923, 7.882009554675761, 9.58201943746724, 7.34778233006395, 8.54498249091243, 6.0155884982269185, 4.749268062554481, 4.8631822194937335, 4.398944097166956, 3.1229161788302933, 2.561680397707723, 3.076926706959397, 2.5071017889188307, 0.0, 1.7542893774973387, 2.4982135797405314, 3.612586273018265, 2.5980650511486427, 3.509533749659633, 5.617221002417477, 7.920274228838292, 5.866452541357511], [4.166138430249288, 2.745009205813343, 2.169029206811195, 1.0955180783537988, 2.1039364676719683, 3.33672049473731, 2.681982794501113, 3.845084989957959, 2.518532685910588, 3.7205478897603235, 4.263507618147292, 5.598913724107562, 6.347224963714458, 8.01352487111633, 5.995622187062825, 7.3633670891787, 4.769021926978319, 4.395750203321385, 4.82827516407257, 4.726452518538613, 2.525033999771092, 3.0616271948099754, 2.5422488587862517, 3.072369411382687, 1.7542893774973387, 0.0, 3.528495150910654, 4.190930696158074, 3.698358599432997, 2.0878553733436616, 3.957218812499506, 6.22816756197198, 4.8833215130687435], [6.259041614336815, 5.043575050497415, 3.9171833566990455, 2.8118239791992674, 2.0807823072104394, 1.094103235531273, 3.011459539824502, 3.214306533297657, 4.20767798435194, 5.421883284431711, 6.586221819829636, 7.826473659318096, 8.081199785304161, 9.771592707946846, 7.166021089837791, 7.946516913717606, 5.784140334570039, 6.680914588587404, 7.093143038879169, 6.2076109140312585, 5.486910741938491, 4.902567053085557, 4.510217942627607, 3.7807595255450988, 2.4982135797405314, 3.528495150910654, 0.0, 1.7804501818360432, 1.7872274785264468, 4.467628862159434, 6.697148920249571, 8.728169921008643, 5.207012927773466], [6.536330718377093, 5.562718207854862, 4.137244998788445, 3.416584882598411, 2.1228884709282303, 1.0932860375949196, 2.557124715378583, 2.35981624284604, 3.9003823440785905, 4.994553495558938, 6.21769941135787, 7.394403105728007, 7.559107020012351, 9.223369004870184, 6.593611219203025, 7.3086530284314355, 5.238477429559088, 6.716869409926026, 7.522628181692885, 6.400032821009592, 6.06674726851218, 5.715736353261931, 4.355816486033359, 3.85442915877306, 3.612586273018265, 4.190930696158074, 1.7804501818360432, 0.0, 1.77447284848205, 4.288747784610329, 6.430229999774504, 8.33125160225041, 4.6178919541279875], [5.1827480307265565, 4.289962262071777, 3.0301880816213367, 2.6570185904505825, 2.090366008621457, 1.093809073833272, 3.2645927617392037, 3.6720741727258175, 4.341393161186856, 5.677266963072989, 6.680052689911959, 8.002478114934148, 8.442006080902809, 10.159180229231096, 7.6779169505797595, 8.644040932341772, 6.28474794641758, 5.559351161781382, 6.120166560641957, 4.913424111553978, 5.005941249155846, 4.281332120964222, 3.57884706155488, 2.4719658513013485, 2.5980650511486427, 3.698358599432997, 1.7872274785264468, 1.77447284848205, 0.0, 4.330037733091941, 6.6049393895780755, 8.813371392946062, 5.876117777070163], [4.7023724331447845, 3.7384229696491005, 2.791635789281976, 2.452170936129861, 2.4398542866327078, 3.8695807524846924, 2.023676122802263, 3.1334606332296566, 1.0064828811261521, 2.061059732273667, 2.5136962207076654, 3.909005460472011, 4.716705487943889, 6.401400709219819, 4.491754929868725, 6.020677926114301, 3.3447668947177767, 4.433384399079331, 5.5241883747750675, 5.273982058179568, 3.4885648137880425, 4.503858330365199, 2.2538403004649643, 3.626759548136601, 3.509533749659633, 2.0878553733436616, 4.467628862159434, 4.288747784610329, 4.330037733091941, 0.0, 2.293072909874433, 4.582911321420042, 3.7433298625688867], [5.852304968984442, 5.20205029868032, 4.69812091266285, 4.61086261018478, 4.711623264863183, 6.129660513437918, 3.9854907075540895, 4.794780423543918, 2.620071376890332, 2.169119823799506, 1.0874863677306488, 2.1418709111428726, 3.395484502983337, 4.820068066946773, 3.8754538031048704, 5.6042112576169005, 3.4045644611315558, 5.277468535197533, 6.465814201629985, 6.6336673100178905, 4.60233529960606, 6.103065243793482, 3.936806892647898, 5.611186431584678, 5.617221002417477, 3.957218812499506, 6.697148920249571, 6.430229999774504, 6.6049393895780755, 2.293072909874433, 0.0, 2.4527930222503485, 4.319782393824948], [8.202269315256602, 7.624734152742638, 7.142362932531503, 6.947044064924304, 6.855130766075874, 8.209775242964938, 5.843482708967316, 6.302854621518729, 4.55013401670764, 3.4113522626665223, 2.1528941381312734, 1.0875115861451774, 2.159712369738156, 2.8113020079671265, 3.404011217666593, 4.900298361324543, 3.8773081229120803, 7.5346828446856335, 8.737432852960875, 9.007778436995439, 6.946106745508595, 8.513777602216303, 6.34942617407274, 8.026980691393247, 7.920274228838292, 6.22816756197198, 8.728169921008643, 8.33125160225041, 8.813371392946062, 4.582911321420042, 2.4527930222503485, 0.0, 4.963109063883243], [8.353743509349565, 7.272451535761514, 6.091614851580819, 5.15274783586389, 4.146475281489087, 4.908151796756086, 2.795736058715128, 2.276033035788365, 2.755608950849158, 2.1677170479562133, 3.4050884291013648, 3.8756186719025902, 3.397599084647864, 4.888962677296688, 2.142499197199383, 2.784179428485168, 1.0861832902415687, 8.114318039736919, 9.21823418339977, 8.772104696707625, 7.069306154071983, 7.811462403417173, 5.713386094077662, 6.6051789680522655, 5.866452541357511, 4.8833215130687435, 5.207012927773466, 4.6178919541279875, 5.876117777070163, 3.7433298625688867, 4.319782393824948, 4.963109063883243, 0.0]]}