{"total energy": -29.52418267, "HOMO-LUMO gap/eV": 2.86054398, "electronic energy": -29.99745964, "dipole": [-0.70592261, 0.34155796, -0.06607177], "partial charges": [-0.17928422, 0.09830011, -0.04071204, -0.03469418, 0.0161191, -0.03405142, -0.02896107, -0.02764863, -0.03455223, 0.02071945, -0.04849492, 0.05269031, 0.04523511, 0.03573909, 0.03450858, 0.03524065, 0.03708183, 0.0527645], "atomic dipole moments": [[0.01631483, -0.0203452, 0.00375307], [0.23695518, -0.09942213, 0.0194358], [0.01129565, -0.05817938, 0.01051271], [-0.02836405, -0.01477239, 0.00244817], [0.01054819, -0.02511615, 0.00458398], [0.04741539, -0.01028631, 0.00216795], [-0.01127704, -0.02317102, 0.00407229], [-0.01210973, 0.0219547, -0.00400014], [0.0493341, 0.01359908, -0.00208156], [0.0145686, 0.01684664, -0.00294068], [-0.00965774, 0.02692162, -0.00487641], [0.13101541, 0.08126768, -0.01367189], [0.00593303, 0.14993772, -0.02681195], [-0.0107106, 0.14892987, -0.02674759], [-0.13181851, 0.07319379, -0.01401663], [-0.13058589, -0.07585492, 0.01266744], [-0.00809698, -0.14936203, 0.02667703], [0.00545259, -0.15233433, 0.0273029]], "atomic quadrupole moments": [[0.28149927, -0.28207262, -0.08066334, 0.0538513, -0.02430136, -0.20083593], [0.0046743, -0.29724275, -0.26935416, 0.05131182, 0.09660266, 0.26467985], [-0.29120421, 9.12e-06, -0.19570726, -0.00548027, 0.12632076, 0.48691148], [-0.2369301, 0.01085804, -0.25777862, -0.00715483, 0.1393212, 0.49470871], [-0.19063864, 0.00535211, -0.19060441, -0.00502974, 0.10581521, 0.38124305], [-0.24310334, -0.02186931, -0.24699447, -0.00130725, 0.13623091, 0.49009781], [-0.30088986, -0.00563314, -0.20897748, -0.0047446, 0.132966, 0.50986734], [-0.30364756, 0.00184727, -0.20998231, -0.0061462, 0.13386788, 0.51362987], [-0.24203429, 0.02098244, -0.24505533, -0.00891929, 0.13557878, 0.48708962], [-0.19169261, -0.01425829, -0.19375446, -0.00154905, 0.10703984, 0.38544707], [-0.215709, -0.01693423, -0.24492678, -0.00181061, 0.13037987, 0.46063578], [0.03401159, -0.00729654, 0.02518186, 0.00197463, -0.01565903, -0.05919346], [0.03698493, -0.00448043, 0.02591677, 0.00151013, -0.01646525, -0.0629017], [0.03656727, 0.00735796, 0.02695994, -0.00060787, -0.01668548, -0.06352721], [0.03072685, 0.00600025, 0.0347824, -0.00038859, -0.0185117, -0.06550925], [0.03074333, -0.00592458, 0.03463563, 0.00173839, -0.01855032, -0.06537895], [0.03689105, -0.00733767, 0.02632347, 0.00202168, -0.01662221, -0.06321453], [0.03117355, 1.533e-05, 0.02573575, 0.00062451, -0.01529241, -0.0569093]], "number of molecular orbitals": 56, "number of electrons": 54, "number of unpaired electrons": 0, "orbital energies/eV": [-28.71142263, -18.04290508, -17.68995349, -17.25619143, -17.04049139, -16.77317649, -16.10701729, -15.95390485, -15.75883951, -14.64281488, -14.51506324, -14.44748, -13.79437363, -13.70726084, -13.67044186, -13.23029862, -13.15767259, -12.94203856, -12.88824687, -12.47022423, -11.99824794, -11.74721737, -11.69983513, -11.66546437, -11.31994467, -10.96680078, -10.3969398, -7.53639582, -6.46575688, -5.52981827, -4.41840984, -3.63080703, -1.91215832, 0.42902234, 0.58019193, 0.58290732, 0.95551796, 2.51983908, 3.04675379, 3.33474371, 3.62014776, 4.17632122, 4.32844275, 4.471494, 5.36847116, 5.86676969, 7.87239808, 9.03013705, 10.21841878, 10.6742422, 12.08314023, 12.94003577, 13.97288373, 14.36488365, 17.47305569, 18.50759667], "fractional occupation": [2.0, 2.0, 2.0, 2.0, 2.0, 2.0, 2.0, 2.0, 2.0, 2.0, 2.0, 2.0, 2.0, 2.0, 2.0, 2.0, 2.0, 2.0, 2.0, 2.0, 2.0, 2.0, 2.0, 2.0, 2.0, 2.0, 2.0, 0.0, 0.0, 0.0, 0.0, 0.0, 0.0, 0.0, 0.0, 0.0, 0.0, 0.0, 0.0, 0.0, 0.0, 0.0, 0.0, 0.0, 0.0, 0.0, 0.0, 0.0, 0.0, 0.0, 0.0, 0.0, 0.0, 0.0, 0.0, 0.0], "program call": "xtb /home/svss/Project-DBcg-Debug/aqme2_20220329/End-to-End-workflows-final/example-3/QDESCP/mol_12_rdkit_conf_1/mol_12_rdkit_conf_1.xyz --pop --wbo --acc 0.2 --gfn 2 --chrg 0 --uhf 0 --etemp 300 --input /home/svss/Project-DBcg-Debug/aqme2_20220329/End-to-End-workflows-final/example-3/QDESCP/mol_12_rdkit_conf_1/mol_12_rdkit_conf_1_xtb.inp", "method": "GFN2-xTB", "xtb version": "6.3.3 (7355c4f)", "Dipole module/D": 2.0, "Total charge": 0, "Transition dipole module/D": NaN, "HOMO": -10.3969, "LUMO": -7.5364, "HOMO occupancy": 2.0, "LUMO occupancy": 0, "mulliken charges": [-0.11762, 0.11401, -0.04851, -0.02956, 0.00418, -0.03443, -0.02801, -0.02504, -0.03697, 0.01511, -0.06218, 0.04112, 0.03636, 0.03247, 0.03188, 0.03218, 0.03353, 0.04147], "cm5 charges": [-0.11968, 0.10671, -0.10041, -0.08199, -0.0031, -0.08701, -0.0833, -0.08033, -0.08954, 0.00792, -0.11142, 0.09765, 0.09251, 0.08864, 0.08725, 0.08755, 0.08969, 0.09887], "FUKUI+": [-0.115, -0.035, -0.032, -0.057, -0.018, -0.052, -0.033, -0.034, -0.051, -0.019, -0.053, -0.072, -0.073, -0.07, -0.072, -0.072, -0.07, -0.07], "FUKUI-": [-0.219, -0.026, -0.019, -0.042, -0.02, -0.044, -0.04, -0.026, -0.048, -0.021, -0.05, -0.059, -0.062, -0.064, -0.069, -0.065, -0.063, -0.063], "FUKUIrad": [-0.167, -0.031, -0.025, -0.049, -0.019, -0.048, -0.037, -0.03, -0.05, -0.02, -0.052, -0.065, -0.067, -0.067, -0.07, -0.069, -0.066, -0.067], "s proportion": [1.944, 1.078, 1.062, 1.066, 1.071, 1.065, 1.06, 1.061, 1.064, 1.071, 1.065, 0.959, 0.964, 0.968, 0.968, 0.968, 0.966, 0.959], "p proportion": [5.184, 2.808, 2.986, 2.964, 2.925, 2.97, 2.968, 2.964, 2.973, 2.914, 2.997, 0.0, 0.0, 0.0, 0.0, 0.0, 0.0, 0.0], "d proportion": [-0.01, 0.0, 0.0, 0.0, 0.0, 0.0, 0.0, 0.0, 0.0, 0.0, 0.0, 0.0, 0.0, 0.0, 0.0, 0.0, 0.0, 0.0], "Fermi-level/eV": -8.9667, "Coordination numbers": [0.966, 2.877, 2.947, 2.918, 2.982, 2.918, 2.91, 2.91, 2.918, 2.983, 2.954, 0.925, 0.925, 0.925, 0.925, 0.925, 0.925, 0.925], "Dispersion coefficient C6": [104.785, 25.818, 29.011, 28.864, 27.645, 28.848, 28.723, 28.692, 28.86, 27.538, 29.203, 2.287, 2.38, 2.506, 2.523, 2.513, 2.488, 2.286], "Total dispersion C6": 5524.499262, "Total dispersion C8": 152162.637767, "Polarizability alpha": [15.661, 8.33, 8.834, 8.81, 8.625, 8.808, 8.788, 8.783, 8.81, 8.608, 8.864, 2.365, 2.413, 2.476, 2.484, 2.479, 2.467, 2.364], "Total polarizability alpha": 119.966479, "Wiberg matrix": [[0.0, 0.974730912798382, 0.0, 0.0, 0.0, 0.0, 0.0, 0.0, 0.0, 0.0, 0.0, 0.0, 0.0, 0.0, 0.0, 0.0, 0.0, 0.0], [0.974730912798382, 0.0, 1.3288071185426187, 0.0, 0.0, 0.0, 0.0, 0.0, 0.0, 0.0, 1.4754274081670888, 0.0, 0.0, 0.0, 0.0, 0.0, 0.0, 0.0], [0.0, 1.3288071185426187, 0.0, 1.5205325289550227, 0.0, 0.0, 0.0, 0.0, 0.0, 0.0, 0.0, 0.9679578638581757, 0.0, 0.0, 0.0, 0.0, 0.0, 0.0], [0.0, 0.0, 1.5205325289550227, 0.0, 1.2939513836850969, 0.0, 0.0, 0.0, 0.0, 0.0, 0.12619933639506573, 0.0, 0.9678879875825175, 0.0, 0.0, 0.0, 0.0, 0.0], [0.0, 0.0, 0.0, 1.2939513836850969, 0.0, 1.299872122868042, 0.0, 0.0, 0.0, 1.225783222422586, 0.0, 0.0, 0.0, 0.0, 0.0, 0.0, 0.0, 0.0], [0.0, 0.0, 0.0, 0.0, 1.299872122868042, 0.0, 1.5168372412434583, 0.0, 0.13011638840911063, 0.0, 0.0, 0.0, 0.0, 0.9692794593695445, 0.0, 0.0, 0.0, 0.0], [0.0, 0.0, 0.0, 0.0, 0.0, 1.5168372412434583, 0.0, 1.3605384385464152, 0.0, 0.0, 0.0, 0.0, 0.0, 0.0, 0.9710091051097294, 0.0, 0.0, 0.0], [0.0, 0.0, 0.0, 0.0, 0.0, 0.0, 1.3605384385464152, 0.0, 1.5183254760340805, 0.0, 0.0, 0.0, 0.0, 0.0, 0.0, 0.9709050178743136, 0.0, 0.0], [0.0, 0.0, 0.0, 0.0, 0.0, 0.13011638840911063, 0.0, 1.5183254760340805, 0.0, 1.2962275197203743, 0.0, 0.0, 0.0, 0.0, 0.0, 0.0, 0.969135911662603, 0.0], [0.0, 0.0, 0.0, 0.0, 1.225783222422586, 0.0, 0.0, 0.0, 1.2962275197203743, 0.0, 1.2954088110062405, 0.0, 0.0, 0.0, 0.0, 0.0, 0.0, 0.0], [0.0, 1.4754274081670888, 0.0, 0.12619933639506573, 0.0, 0.0, 0.0, 0.0, 0.0, 1.2954088110062405, 0.0, 0.0, 0.0, 0.0, 0.0, 0.0, 0.0, 0.9662481471775212], [0.0, 0.0, 0.9679578638581757, 0.0, 0.0, 0.0, 0.0, 0.0, 0.0, 0.0, 0.0, 0.0, 0.0, 0.0, 0.0, 0.0, 0.0, 0.0], [0.0, 0.0, 0.0, 0.9678879875825175, 0.0, 0.0, 0.0, 0.0, 0.0, 0.0, 0.0, 0.0, 0.0, 0.0, 0.0, 0.0, 0.0, 0.0], [0.0, 0.0, 0.0, 0.0, 0.0, 0.9692794593695445, 0.0, 0.0, 0.0, 0.0, 0.0, 0.0, 0.0, 0.0, 0.0, 0.0, 0.0, 0.0], [0.0, 0.0, 0.0, 0.0, 0.0, 0.0, 0.9710091051097294, 0.0, 0.0, 0.0, 0.0, 0.0, 0.0, 0.0, 0.0, 0.0, 0.0, 0.0], [0.0, 0.0, 0.0, 0.0, 0.0, 0.0, 0.0, 0.9709050178743136, 0.0, 0.0, 0.0, 0.0, 0.0, 0.0, 0.0, 0.0, 0.0, 0.0], [0.0, 0.0, 0.0, 0.0, 0.0, 0.0, 0.0, 0.0, 0.969135911662603, 0.0, 0.0, 0.0, 0.0, 0.0, 0.0, 0.0, 0.0, 0.0], [0.0, 0.0, 0.0, 0.0, 0.0, 0.0, 0.0, 0.0, 0.0, 0.0, 0.9662481471775212, 0.0, 0.0, 0.0, 0.0, 0.0, 0.0, 0.0]], "Born radii": [], "Atomic SASAs": [], "Solvent H bonds": [], "Total SASA": NaN, "Total FOD": 0.0, "FOD": [0.0, 0.0, 0.0, 0.0, 0.0, 0.0, 0.0, 0.0, 0.0, 0.0, 0.0, 0.0, 0.0, 0.0, 0.0, 0.0, 0.0, 0.0], "FOD s proportion": [0.0, 0.0, 0.0, 0.0, 0.0, 0.0, 0.0, 0.0, 0.0, 0.0, 0.0, 0.0, 0.0, 0.0, 0.0, 0.0, 0.0, 0.0], "FOD p proportion": [0.0, 0.0, 0.0, 0.0, 0.0, 0.0, 0.0, 0.0, 0.0, 0.0, 0.0, 0.0, 0.0, 0.0, 0.0, 0.0, 0.0, 0.0], "FOD d proportion": [0.0, 0.0, 0.0, 0.0, 0.0, 0.0, 0.0, 0.0, 0.0, 0.0, 0.0, 0.0, 0.0, 0.0, 0.0, 0.0, 0.0, 0.0], "coordinates": [["3.90350", "-1.47110", "0.29030"], ["2.40430", "-0.64060", "0.13130"], ["2.39770", "0.72910", "-0.11400"], ["1.18180", "1.40320", "-0.24310"], ["-0.03570", "0.71260", "-0.12780"], ["-1.26660", "1.37550", "-0.25500"], ["-2.46880", "0.67590", "-0.13800"], ["-2.45610", "-0.69400", "0.10740"], ["-1.24120", "-1.36890", "0.23660"], ["-0.02270", "-0.68060", "0.12170"], ["1.20730", "-1.34570", "0.24930"], ["3.33110", "1.27770", "-0.20590"], ["1.19130", "2.47400", "-0.43480"], ["-1.29860", "2.44580", "-0.44690"], ["-3.41480", "1.20180", "-0.23870"], ["-3.39220", "-1.23910", "0.19850"], ["-1.25340", "-2.43970", "0.42820"], ["1.23300", "-2.41560", "0.44100"]], "bond_dist": [[0.0, 1.721223951146393, 2.696622363253706, 3.994216686660853, 4.523344994580891, 5.92709183833016, 6.737897088854949, 6.409512382389163, 5.145995202096481, 4.008536222862405, 2.6994259760178645, 2.851272985878413, 4.842067002840833, 6.553427642081661, 7.809081271186772, 7.299965049916335, 5.248887499270679, 2.8366108280834013], [1.721223951146393, 0.0, 1.3915077218614347, 2.4107675230100476, 2.8021211697569397, 4.205876093039357, 5.054977581552662, 4.860752095098042, 3.7190293397605783, 2.4273485864209947, 1.3942377881839239, 2.156974030905333, 3.390069522885925, 4.855064223056169, 6.115003071953439, 5.82770369356576, 4.087013544141981, 2.149065559725901], [2.696622363253706, 1.3915077218614347, 0.0, 1.3962415371274413, 2.4334950688259056, 3.7235478310342676, 4.866849955566742, 5.062964152549373, 4.2149872562084925, 2.8108974972417617, 2.4194697952237387, 1.0865740333727842, 2.1454579021737996, 4.089072632027952, 5.833022512385838, 6.123267877530755, 4.864751328690913, 3.399071811539144], [3.994216686660853, 2.4107675230100476, 1.3962415371274413, 0.0, 1.4044674079522104, 2.4485856039763036, 3.723827555083613, 4.213717420520745, 3.7128936828301455, 2.434362694834112, 2.7927690953603737, 2.153282280612554, 1.0878656994316902, 2.6983204702184653, 4.601012158210409, 5.300776910038754, 4.598774090994251, 3.8799288253781152], [4.523344994580891, 2.8021211697569397, 2.4334950688259056, 1.4044674079522104, 0.0, 1.4038272899470219, 2.433398146625414, 2.8093021838171843, 2.432829599458211, 1.4154241378470271, 2.433896526148965, 3.414788406329153, 2.168480564819524, 2.168115186054468, 3.416128255789001, 3.896369698835058, 3.4247517545071795, 3.423268667516472], [5.92709183833016, 4.205876093039357, 3.7235478310342676, 2.4485856039763036, 1.4038272899470219, 0.0, 1.3958560097660502, 2.4143475847524525, 2.788197819380827, 2.43243444104872, 3.7120653469463596, 4.599002167862068, 2.698203606105366, 1.0878380853785183, 2.155272748401, 3.399995701467871, 3.875911185772966, 4.594002108184105], [6.737897088854949, 5.054977581552662, 4.866849955566742, 3.723827555083613, 2.433398146625414, 1.3958560097660502, 0.0, 1.3917645131271308, 2.4142356885772354, 2.809081976375912, 4.213143607806408, 5.831433242351317, 4.088714450777897, 2.144139281856475, 1.0870268165965367, 2.1524694678438534, 3.391864230773396, 4.857564872443805], [6.409512382389163, 4.860752095098042, 5.062964152549373, 4.213717420520745, 2.8093021838171843, 2.4143475847524525, 1.3917645131271308, 0.0, 1.395766692538549, 2.4334789109421107, 3.7236202894495034, 6.121882195861009, 4.861453650915537, 3.3919609048454555, 2.1524285214612817, 1.0870678129721254, 2.14403088130745, 4.084685340390371], [5.145995202096481, 3.7190293397605783, 4.2149872562084925, 3.7128936828301455, 2.432829599458211, 2.788197819380827, 2.4142356885772354, 1.395766692538549, 0.0, 1.4041727635871593, 2.448642844516121, 5.301530448842108, 4.597359526945875, 3.875874494872093, 3.399844928816607, 2.155249556315927, 1.0878750112030335, 2.6942579479329742], [4.008536222862405, 2.4273485864209947, 2.8108974972417617, 2.434362694834112, 1.4154241378470271, 2.43243444104872, 2.809081976375912, 2.4334789109421107, 1.4041727635871593, 0.0, 1.4041152979723566, 3.8974652134432195, 3.425637080894589, 3.4242668894231945, 3.896108357066061, 3.4163358646362627, 2.168639562029615, 2.165400651149805], [2.6994259760178645, 1.3942377881839239, 2.4194697952237387, 2.7927690953603737, 2.433896526148965, 3.7120653469463596, 4.213143607806408, 3.7236202894495034, 2.448642844516121, 1.4041152979723566, 0.0, 3.40587155365554, 3.880509876292032, 4.597793111917934, 5.300161191888412, 4.601015588975982, 2.6988674847053904, 1.0872421027535681], [2.851272985878413, 2.156974030905333, 1.0865740333727842, 2.153282280612554, 3.414788406329153, 4.599002167862068, 5.831433242351317, 6.121882195861009, 5.301530448842108, 3.8974652134432195, 3.40587155365554, 0.0, 2.462168341117236, 4.780864011870658, 6.746406707277586, 7.190311849287206, 5.936226564072501, 4.296622872675702], [4.842067002840833, 3.390069522885925, 2.1454579021737996, 1.0878656994316902, 2.168480564819524, 2.698203606105366, 4.088714450777897, 4.861453650915537, 4.597359526945875, 3.425637080894589, 3.880509876292032, 2.462168341117236, 0.0, 2.490089086759749, 4.782583534032625, 5.932676693533872, 5.555697506164281, 4.967590229678772], [6.553427642081661, 4.855064223056169, 4.089072632027952, 2.6983204702184653, 2.168115186054468, 1.0878380853785183, 2.144139281856475, 3.3919609048454555, 3.875874494872093, 3.4242668894231945, 4.597793111917934, 4.780864011870658, 2.490089086759749, 0.0, 2.463571732261921, 4.286979138041145, 4.96346182618543, 5.552528696909183], [7.809081271186772, 6.115003071953439, 5.833022512385838, 4.601012158210409, 3.416128255789001, 2.155272748401, 1.0870268165965367, 2.1524285214612817, 3.399844928816607, 3.896108357066061, 5.300161191888412, 6.746406707277586, 4.782583534032625, 2.463571732261921, 0.0, 2.479848263503233, 4.286831909464144, 5.928711469619684], [7.299965049916335, 5.82770369356576, 6.123267877530755, 5.300776910038754, 3.896369698835058, 3.399995701467871, 2.1524694678438534, 1.0870678129721254, 2.155249556315927, 3.4163358646362627, 4.601015588975982, 7.190311849287206, 5.932676693533872, 4.286979138041145, 2.479848263503233, 0.0, 2.4634666407321206, 4.778643483249195], [5.248887499270679, 4.087013544141981, 4.864751328690913, 4.598774090994251, 3.4247517545071795, 3.875911185772966, 3.391864230773396, 2.14403088130745, 1.0878750112030335, 2.168639562029615, 2.6988674847053904, 5.936226564072501, 5.555697506164281, 4.96346182618543, 4.286831909464144, 2.4634666407321206, 0.0, 2.486549740101734], [2.8366108280834013, 2.149065559725901, 3.399071811539144, 3.8799288253781152, 3.423268667516472, 4.594002108184105, 4.857564872443805, 4.084685340390371, 2.6942579479329742, 2.165400651149805, 1.0872421027535681, 4.296622872675702, 4.967590229678772, 5.552528696909183, 5.928711469619684, 4.778643483249195, 2.486549740101734, 0.0]]}