{"total energy": -65.29657925, "HOMO-LUMO gap/eV": 3.71919878, "electronic energy": -66.15083497, "dipole": [0.26581154, -0.14648164, -0.24363225], "partial charges": [-0.1120889, 0.08507522, -0.29914015, 0.39906554, -0.46806117, -0.19507077, 0.00325902, 0.07107142, -0.28062323, 0.13745004, -0.05470358, -0.05188994, 0.13449689, -0.27184337, 0.14397029, -0.05338115, -0.03029853, -0.03739886, -0.03029724, -0.05045556, -0.05550955, -0.06721889, 0.05004645, 0.05834531, 0.04715047, 0.05570017, 0.05151486, 0.19206291, 0.06935858, 0.07815061, 0.04382956, 0.05333223, 0.05319843, 0.05537531, 0.03609718, 0.03685515, 0.03463396, 0.03789, 0.04762155, 0.04199985, 0.0404299], "atomic dipole moments": [[-0.12788234, -0.00830046, -0.03901437], [-0.01536524, -0.2215909, 0.1297803], [0.00448508, 0.19530834, 0.1325683], [0.05033833, -0.02115971, -0.13390437], [0.00424719, -0.1663818, -0.12712268], [-0.07511955, 0.05058261, 0.04746859], [-0.03256127, 0.08015502, -0.15701866], [-0.02684633, -0.15413003, -0.14393669], [-0.09596586, 0.18575478, 0.13090132], [0.247812, -0.02416019, 0.05598167], [0.01779677, 0.03368466, 0.03236271], [-0.01613869, 0.01526349, 0.02653642], [-0.24211981, 0.02824048, -0.05777165], [0.12716524, 0.179308, 0.00785855], [0.11945525, -0.22588829, 0.04924281], [-0.00573147, -0.0180098, 0.01616351], [0.00447827, -0.00761233, 0.00081191], [0.00462708, -0.00864131, 0.00187183], [0.00561744, -0.00772184, 0.00269364], [0.02518243, -0.01527163, -0.0255099], [-0.00207715, -0.0098196, -0.01261478], [0.01171909, -0.02175442, -0.0154634], [0.07011313, -0.09881256, -0.04029255], [0.0199505, -6.736e-05, 0.12890466], [0.04775142, 0.10835738, -0.04846022], [-0.07227947, 0.10068843, 0.03847235], [-0.01107501, 0.00163988, -0.12146897], [-0.01153328, -0.08101567, -0.11290697], [0.01505971, -0.12531114, 0.01201451], [0.06202216, 0.06207162, 0.09673134], [-0.0503048, -0.01884406, 0.11113525], [-0.00991885, 0.12419583, -0.0398145], [0.0793478, -0.11183835, -0.06966022], [-0.06360908, -0.09838422, -0.10139422], [0.13236296, -0.03015778, -0.07430996], [0.06517107, 0.09918675, -0.09419021], [-0.06627759, 0.13247897, -0.02862603], [-0.13270409, 0.03397793, 0.06396353], [-0.07188537, -0.09984888, 0.09408986], [-0.07993638, 0.10939708, 0.07518671], [0.05414682, 0.100402, 0.10391077]], "atomic quadrupole moments": [[0.23911199, 0.05671085, -0.11758432, 0.08593583, 0.00368953, -0.12152767], [-0.00480875, 0.2611538, 0.19855143, -0.03294504, -0.24794939, -0.19374269], [-0.06569392, 0.06030783, 0.04972323, -0.05568329, -0.03941922, 0.01597069], [0.29815224, -0.14344549, -0.29404763, 0.11624576, -0.11050086, -0.00410461], [0.09192938, -0.05297161, -0.04368013, 0.07469353, 0.01032176, -0.04824925], [-0.00453114, 0.02107807, -0.01117748, -0.0710098, -0.06774413, 0.01570862], [0.12898505, -0.03371251, -0.22502623, -0.17523872, -0.12093115, 0.09604118], [0.1566458, 0.08426824, -0.10816105, 0.22324484, 0.29043681, -0.04848475], [0.02970189, 0.02957662, -0.0192433, 0.07277151, 0.09166446, -0.01045859], [0.15500951, 0.06010303, -0.14646505, 0.0065677, -0.36567145, -0.00854445], [-0.18711813, 0.12307275, 0.02939491, -0.0938222, -0.33472982, 0.15772323], [-0.18360764, 0.07977997, 0.03047928, -0.14673311, -0.35179401, 0.15312836], [0.18814987, 0.04470957, -0.14899247, -0.00285754, -0.37713962, -0.0391574], [0.05978876, -0.04975142, 0.01954901, 0.01681806, -0.00717758, -0.07933777], [-0.16363307, -0.09381467, 0.15817271, 0.36003036, 0.15476499, 0.00546036], [-0.06149346, 0.14758504, -0.11602861, 0.28677689, 0.21930163, 0.17752207], [-0.07446236, 0.15440919, -0.12950227, 0.30719431, 0.25207754, 0.20396462], [-0.07324018, 0.15153947, -0.13333017, 0.29041845, 0.24091494, 0.20657035], [-0.08325864, 0.14948299, -0.13456357, 0.3083, 0.24665832, 0.21782221], [-0.06867774, 0.11510465, -0.12919764, 0.27232425, 0.24546454, 0.19787538], [-0.19388858, 0.11377202, 0.05585613, -0.10672509, -0.34933468, 0.13803246], [-0.17105875, 0.10792029, 0.03624971, -0.10607673, -0.33252853, 0.13480905], [-0.00989302, -0.04469746, 0.03038888, -0.0142084, 0.04761405, -0.02049585], [-0.02840087, -0.00393993, -0.04956107, -0.0018944, 0.00618971, 0.07796194], [-0.02369477, 0.03732761, 0.05085482, -0.011577, -0.05009931, -0.02716005], [0.00053502, -0.00900757, 0.01236524, -0.02569405, 0.02130468, -0.01290026], [-0.02318665, 0.01522057, -0.03265271, 0.00188336, 0.00865791, 0.05583936], [-0.04354204, 0.03292441, 0.03643217, -0.01771422, 0.01314779, 0.00710987], [-0.02841439, 0.00531197, 0.0510355, -0.02654439, -0.01786323, -0.02262111], [0.00210645, 0.02419612, -0.02141256, 0.01030246, 0.03692804, 0.01930611], [-0.00084683, 0.01823777, -0.03535252, -0.0210633, -0.00123878, 0.03619935], [-0.01599207, 0.00795118, 0.02899914, 0.01631276, -0.01716499, -0.01300707], [0.03152747, -0.01571778, -0.00817308, 0.01483059, 0.0401993, -0.02335439], [0.02851857, -0.01220889, -0.00853299, 0.01877626, 0.03995005, -0.01998558], [0.01006856, -0.02528458, 0.01794838, -0.02926005, -0.02637462, -0.02801693], [0.01245168, -0.02551822, 0.0161086, -0.03847311, -0.02903028, -0.02856029], [0.01129642, -0.0173964, 0.01502226, -0.04196695, -0.03173899, -0.02631868], [0.00563187, -0.01806964, 0.02262545, -0.03737134, -0.03476566, -0.02825732], [0.00519611, -0.01931097, 0.01981233, -0.02992757, -0.03059493, -0.02500844], [0.03166377, -0.0167391, -0.00899306, 0.01666602, 0.0384402, -0.02267071], [0.04707658, -0.01188466, -0.02083252, 0.02646461, 0.03769229, -0.02624407]], "number of molecular orbitals": 107, "number of electrons": 116, "number of unpaired electrons": 0, "orbital energies/eV": [-19.98965927, -19.56975163, -19.44910964, -19.16475376, -18.51500237, -18.34061941, -18.06770446, -17.83549068, -17.61654365, -17.37065455, -17.02856071, -16.89559251, -16.85736368, -16.79988193, -16.55811159, -16.40512113, -16.17138331, -16.11188143, -15.89685954, -15.85551141, -15.66650456, -15.51979721, -15.45631374, -15.23612105, -15.06538174, -15.00771792, -14.90669455, -14.65643955, -14.30520621, -14.26966517, -14.09423007, -14.02552199, -13.87117589, -13.61778639, -13.47516423, -13.40934999, -13.37291191, -13.30997673, -13.1529829, -13.09570953, -13.02364479, -13.01267291, -12.90034362, -12.76985821, -12.52060814, -12.5137877, -12.12696888, -12.06770933, -11.93782219, -11.91600483, -11.65382561, -11.46342741, -11.37842589, -11.1508781, -11.06917215, -11.06210199, -10.75274331, -10.10926698, -6.3900682, -6.25721141, -6.19028134, -5.77813598, -5.38282282, -2.81890368, -2.65695203, -0.7694898, 0.00554293, 1.10211298, 1.24323725, 2.09439401, 2.64496121, 2.95687686, 3.06348246, 3.21060033, 3.2258833, 3.45294218, 3.74973092, 3.82269635, 4.02356488, 4.16271758, 4.2355796, 4.36715074, 4.51384615, 4.68222127, 4.83111174, 4.84346664, 5.15547421, 5.38145982, 5.71734416, 5.90826025, 6.38712544, 6.48100474, 7.49531145, 9.17705663, 9.85249826, 10.28887176, 10.55460493, 10.66665579, 11.25804857, 11.33766877, 11.65425065, 12.52622905, 16.0519883, 16.2283852, 17.14249294, 17.37104416, 17.53746407], "fractional occupation": [2.0, 2.0, 2.0, 2.0, 2.0, 2.0, 2.0, 2.0, 2.0, 2.0, 2.0, 2.0, 2.0, 2.0, 2.0, 2.0, 2.0, 2.0, 2.0, 2.0, 2.0, 2.0, 2.0, 2.0, 2.0, 2.0, 2.0, 2.0, 2.0, 2.0, 2.0, 2.0, 2.0, 2.0, 2.0, 2.0, 2.0, 2.0, 2.0, 2.0, 2.0, 2.0, 2.0, 2.0, 2.0, 2.0, 2.0, 2.0, 2.0, 2.0, 2.0, 2.0, 2.0, 2.0, 2.0, 2.0, 2.0, 2.0, 0.0, 0.0, 0.0, 0.0, 0.0, 0.0, 0.0, 0.0, 0.0, 0.0, 0.0, 0.0, 0.0, 0.0, 0.0, 0.0, 0.0, 0.0, 0.0, 0.0, 0.0, 0.0, 0.0, 0.0, 0.0, 0.0, 0.0, 0.0, 0.0, 0.0, 0.0, 0.0, 0.0, 0.0, 0.0, 0.0, 0.0, 0.0, 0.0, 0.0, 0.0, 0.0, 0.0, 0.0, 0.0, 0.0, 0.0, 0.0, 0.0], "program call": "xtb /home/svss/Project-DBcg-Debug/aqme2_20220329/End-to-End-workflows-final/example-3/QDESCP/mol_518_rdkit_conf_9/mol_518_rdkit_conf_9.xyz --pop --wbo --acc 0.2 --gfn 2 --chrg 0 --uhf 0 --etemp 300 --input /home/svss/Project-DBcg-Debug/aqme2_20220329/End-to-End-workflows-final/example-3/QDESCP/mol_518_rdkit_conf_9/mol_518_rdkit_conf_9_xtb.inp", "method": "GFN2-xTB", "xtb version": "6.3.3 (7355c4f)", "Dipole module/D": 0.989, "Total charge": 0, "Transition dipole module/D": NaN, "HOMO": -10.1093, "LUMO": -6.3901, "HOMO occupancy": 2.0, "LUMO occupancy": 0, "mulliken charges": [-0.09914, 0.2064, -0.43632, 0.65387, -0.58153, -0.35385, 0.09457, 0.18404, -0.43399, 0.24711, -0.06531, -0.06073, 0.23722, -0.41315, 0.2521, -0.07598, -0.02351, -0.04352, -0.02545, -0.06384, -0.06984, -0.08829, 0.0375, 0.05029, 0.03233, 0.04188, 0.02883, 0.24254, 0.0429, 0.05108, 0.02727, 0.04331, 0.04766, 0.04961, 0.03994, 0.03256, 0.0311, 0.03256, 0.04678, 0.04234, 0.03866], "cm5 charges": [-0.24561, 0.12417, -0.51391, 0.77724, -0.627, -0.70923, 0.04955, 0.10739, -0.51623, 0.26301, -0.11475, -0.11055, 0.25355, -0.48036, 0.26834, -0.12648, -0.0787, -0.09877, -0.08059, -0.11388, -0.12029, -0.14002, 0.09083, 0.10526, 0.08359, 0.10792, 0.09147, 0.44317, 0.11077, 0.11911, 0.09065, 0.11067, 0.10659, 0.10819, 0.09872, 0.08795, 0.08643, 0.08794, 0.10533, 0.10113, 0.09741], "FUKUI+": [0.006, 0.007, -0.025, -0.03, -0.054, -0.019, 0.009, 0.008, -0.026, -0.019, -0.032, -0.033, -0.011, -0.03, -0.015, -0.024, -0.031, -0.021, -0.031, -0.03, -0.027, -0.03, -0.01, -0.003, -0.015, -0.005, -0.015, -0.018, -0.02, -0.02, -0.018, -0.007, -0.05, -0.048, -0.034, -0.049, -0.05, -0.053, -0.047, -0.037, -0.045], "FUKUI-": [0.006, 0.006, -0.021, -0.001, -0.049, -0.029, 0.009, 0.011, -0.062, -0.028, -0.021, -0.018, -0.025, -0.079, -0.013, -0.015, -0.014, -0.031, -0.017, -0.017, -0.019, -0.017, -0.017, -0.013, -0.019, -0.013, -0.02, -0.018, -0.025, -0.026, -0.033, -0.023, -0.044, -0.042, -0.025, -0.04, -0.045, -0.043, -0.036, -0.036, -0.039], "FUKUIrad": [0.006, 0.006, -0.023, -0.016, -0.051, -0.024, 0.009, 0.01, -0.044, -0.023, -0.026, -0.025, -0.018, -0.054, -0.014, -0.02, -0.023, -0.026, -0.024, -0.024, -0.023, -0.023, -0.013, -0.008, -0.017, -0.009, -0.018, -0.018, -0.022, -0.023, -0.025, -0.015, -0.047, -0.045, -0.03, -0.045, -0.048, -0.048, -0.042, -0.036, -0.042], "s proportion": [1.012, 0.992, 1.691, 0.917, 1.723, 1.417, 1.006, 1.002, 1.688, 1.016, 1.059, 1.062, 1.014, 1.675, 1.02, 1.062, 1.06, 1.058, 1.061, 1.061, 1.061, 1.057, 0.963, 0.95, 0.968, 0.958, 0.971, 0.757, 0.957, 0.949, 0.973, 0.957, 0.952, 0.95, 0.96, 0.967, 0.969, 0.967, 0.953, 0.958, 0.961], "p proportion": [3.087, 2.802, 4.745, 2.429, 4.859, 3.937, 2.899, 2.814, 4.746, 2.737, 3.006, 2.999, 2.748, 4.738, 2.728, 3.014, 2.963, 2.985, 2.964, 3.003, 3.008, 3.031, 0.0, 0.0, 0.0, 0.0, 0.0, 0.0, 0.0, 0.0, 0.0, 0.0, 0.0, 0.0, 0.0, 0.0, 0.0, 0.0, 0.0, 0.0, 0.0], "d proportion": [0.0, 0.0, 0.0, 0.0, 0.0, 0.0, 0.0, 0.0, 0.0, 0.0, 0.0, 0.0, 0.0, 0.0, 0.0, 0.0, 0.0, 0.0, 0.0, 0.0, 0.0, 0.0, 0.0, 0.0, 0.0, 0.0, 0.0, 0.0, 0.0, 0.0, 0.0, 0.0, 0.0, 0.0, 0.0, 0.0, 0.0, 0.0, 0.0, 0.0, 0.0], "Fermi-level/eV": -8.2497, "Coordination numbers": [3.748, 3.698, 1.707, 2.653, 0.857, 2.686, 3.738, 3.691, 1.703, 2.856, 2.916, 2.911, 2.87, 1.708, 2.871, 2.911, 2.912, 2.912, 2.912, 2.912, 2.911, 2.912, 0.924, 0.924, 0.924, 0.924, 0.924, 0.86, 0.924, 0.924, 0.924, 0.924, 0.925, 0.925, 0.925, 0.925, 0.925, 0.925, 0.925, 0.925, 0.925], "Dispersion coefficient C6": [22.711, 19.324, 18.977, 20.265, 23.089, 25.235, 20.605, 19.567, 18.658, 24.997, 29.359, 29.288, 25.059, 18.507, 24.865, 29.326, 28.756, 28.93, 28.756, 29.253, 29.379, 29.674, 2.319, 2.219, 2.356, 2.25, 2.301, 1.147, 2.093, 1.998, 2.399, 2.279, 2.28, 2.254, 2.501, 2.491, 2.522, 2.477, 2.35, 2.422, 2.443], "Total dispersion C6": 18845.04264, "Total dispersion C8": 442344.133177, "Polarizability alpha": [6.797, 6.288, 5.882, 7.365, 6.442, 7.461, 6.477, 6.33, 5.832, 8.195, 8.885, 8.874, 8.206, 5.808, 8.174, 8.88, 8.793, 8.82, 8.793, 8.869, 8.888, 8.932, 2.382, 2.329, 2.4, 2.346, 2.372, 1.678, 2.262, 2.211, 2.422, 2.361, 2.361, 2.348, 2.473, 2.468, 2.483, 2.461, 2.397, 2.434, 2.444], "Total polarizability alpha": 213.625267, "Wiberg matrix": [[0.0, 1.0159456972178849, 0.0, 0.0, 0.0, 0.0, 0.0, 0.0, 0.0, 0.0, 0.0, 0.0, 0.0, 0.0, 0.0, 0.0, 0.0, 0.0, 0.0, 0.0, 0.0, 0.0, 0.9858302341864337, 0.9844951516248064, 0.9839954668636456, 0.0, 0.0, 0.0, 0.0, 0.0, 0.0, 0.0, 0.0, 0.0, 0.0, 0.0, 0.0, 0.0, 0.0, 0.0, 0.0], [1.0159456972178849, 0.0, 0.9411624656696513, 0.0, 0.0, 0.0, 0.0, 0.0, 0.0, 0.0, 0.0, 0.0, 0.0, 0.0, 0.0, 0.0, 0.0, 0.0, 0.0, 0.0, 0.0, 0.0, 0.0, 0.0, 0.0, 0.9693942381391638, 0.9720625081288256, 0.0, 0.0, 0.0, 0.0, 0.0, 0.0, 0.0, 0.0, 0.0, 0.0, 0.0, 0.0, 0.0, 0.0], [0.0, 0.9411624656696513, 0.0, 1.0655582606157714, 0.13368754326367696, 0.0, 0.0, 0.0, 0.0, 0.0, 0.0, 0.0, 0.0, 0.0, 0.0, 0.0, 0.0, 0.0, 0.0, 0.0, 0.0, 0.0, 0.0, 0.0, 0.0, 0.0, 0.0, 0.0, 0.0, 0.0, 0.0, 0.0, 0.0, 0.0, 0.0, 0.0, 0.0, 0.0, 0.0, 0.0, 0.0], [0.0, 0.0, 1.0655582606157714, 0.0, 1.6332979251519966, 1.199549083931786, 0.0, 0.0, 0.0, 0.0, 0.0, 0.0, 0.0, 0.0, 0.0, 0.0, 0.0, 0.0, 0.0, 0.0, 0.0, 0.0, 0.0, 0.0, 0.0, 0.0, 0.0, 0.0, 0.0, 0.0, 0.0, 0.0, 0.0, 0.0, 0.0, 0.0, 0.0, 0.0, 0.0, 0.0, 0.0], [0.0, 0.0, 0.13368754326367696, 1.6332979251519966, 0.0, 0.1625456486013302, 0.0, 0.0, 0.0, 0.0, 0.0, 0.0, 0.0, 0.0, 0.0, 0.0, 0.0, 0.0, 0.0, 0.0, 0.0, 0.0, 0.0, 0.0, 0.0, 0.0, 0.0, 0.0, 0.0, 0.0, 0.0, 0.0, 0.0, 0.0, 0.0, 0.0, 0.0, 0.0, 0.0, 0.0, 0.0], [0.0, 0.0, 0.0, 1.199549083931786, 0.1625456486013302, 0.0, 1.000266631392904, 0.0, 0.0, 0.0, 0.0, 0.0, 0.0, 0.0, 0.0, 0.0, 0.0, 0.0, 0.0, 0.0, 0.0, 0.0, 0.0, 0.0, 0.0, 0.0, 0.0, 0.9353092895273496, 0.0, 0.0, 0.0, 0.0, 0.0, 0.0, 0.0, 0.0, 0.0, 0.0, 0.0, 0.0, 0.0], [0.0, 0.0, 0.0, 0.0, 0.0, 1.000266631392904, 0.0, 0.9927631510919038, 0.0, 0.0, 0.0, 0.0, 0.0, 0.0, 0.0, 0.0, 0.0, 0.0, 0.0, 0.0, 0.0, 0.0, 0.0, 0.0, 0.0, 0.0, 0.0, 0.0, 0.9708811949738003, 0.9657189328679023, 0.0, 0.0, 0.0, 0.0, 0.0, 0.0, 0.0, 0.0, 0.0, 0.0, 0.0], [0.0, 0.0, 0.0, 0.0, 0.0, 0.0, 0.9927631510919038, 0.0, 0.9658901151132325, 0.0, 0.0, 0.0, 0.0, 0.0, 0.0, 0.0, 0.0, 0.0, 0.0, 0.0, 0.0, 0.0, 0.0, 0.0, 0.0, 0.0, 0.0, 0.0, 0.0, 0.0, 0.9668693851263495, 0.9668799546126188, 0.0, 0.0, 0.0, 0.0, 0.0, 0.0, 0.0, 0.0, 0.0], [0.0, 0.0, 0.0, 0.0, 0.0, 0.0, 0.0, 0.9658901151132325, 0.0, 1.054477534458525, 0.0, 0.0, 0.0, 0.0, 0.0, 0.0, 0.0, 0.0, 0.0, 0.0, 0.0, 0.0, 0.0, 0.0, 0.0, 0.0, 0.0, 0.0, 0.0, 0.0, 0.0, 0.0, 0.0, 0.0, 0.0, 0.0, 0.0, 0.0, 0.0, 0.0, 0.0], [0.0, 0.0, 0.0, 0.0, 0.0, 0.0, 0.0, 0.0, 1.054477534458525, 0.0, 1.3556068145281799, 0.0, 0.0, 0.0, 0.0, 0.0, 0.0, 0.0, 0.0, 0.0, 0.0, 1.3753119335221653, 0.0, 0.0, 0.0, 0.0, 0.0, 0.0, 0.0, 0.0, 0.0, 0.0, 0.0, 0.0, 0.0, 0.0, 0.0, 0.0, 0.0, 0.0, 0.0], [0.0, 0.0, 0.0, 0.0, 0.0, 0.0, 0.0, 0.0, 0.0, 1.3556068145281799, 0.0, 1.461505962181745, 0.0, 0.0, 0.0, 0.0, 0.0, 0.0, 0.0, 0.0, 0.11120188308807838, 0.0, 0.0, 0.0, 0.0, 0.0, 0.0, 0.0, 0.0, 0.0, 0.0, 0.0, 0.9681177538036244, 0.0, 0.0, 0.0, 0.0, 0.0, 0.0, 0.0, 0.0], [0.0, 0.0, 0.0, 0.0, 0.0, 0.0, 0.0, 0.0, 0.0, 0.0, 1.461505962181745, 0.0, 1.3720470716838968, 0.0, 0.0, 0.0, 0.0, 0.0, 0.0, 0.0, 0.0, 0.10405682768720491, 0.0, 0.0, 0.0, 0.0, 0.0, 0.0, 0.0, 0.0, 0.0, 0.0, 0.0, 0.9679186077526656, 0.0, 0.0, 0.0, 0.0, 0.0, 0.0, 0.0], [0.0, 0.0, 0.0, 0.0, 0.0, 0.0, 0.0, 0.0, 0.0, 0.0, 0.0, 1.3720470716838968, 0.0, 1.0086897315126848, 0.0, 0.0, 0.0, 0.0, 0.0, 0.0, 1.3863297515587636, 0.0, 0.0, 0.0, 0.0, 0.0, 0.0, 0.0, 0.0, 0.0, 0.0, 0.0, 0.0, 0.0, 0.0, 0.0, 0.0, 0.0, 0.0, 0.0, 0.0], [0.0, 0.0, 0.0, 0.0, 0.0, 0.0, 0.0, 0.0, 0.0, 0.0, 0.0, 0.0, 1.0086897315126848, 0.0, 1.0110162429977727, 0.0, 0.0, 0.0, 0.0, 0.0, 0.0, 0.0, 0.0, 0.0, 0.0, 0.0, 0.0, 0.0, 0.0, 0.0, 0.0, 0.0, 0.0, 0.0, 0.0, 0.0, 0.0, 0.0, 0.0, 0.0, 0.0], [0.0, 0.0, 0.0, 0.0, 0.0, 0.0, 0.0, 0.0, 0.0, 0.0, 0.0, 0.0, 0.0, 1.0110162429977727, 0.0, 1.3813753291780138, 0.0, 0.0, 0.0, 1.3816234187122574, 0.0, 0.0, 0.0, 0.0, 0.0, 0.0, 0.0, 0.0, 0.0, 0.0, 0.0, 0.0, 0.0, 0.0, 0.0, 0.0, 0.0, 0.0, 0.0, 0.0, 0.0], [0.0, 0.0, 0.0, 0.0, 0.0, 0.0, 0.0, 0.0, 0.0, 0.0, 0.0, 0.0, 0.0, 0.0, 1.3813753291780138, 0.0, 1.4458194681033105, 0.0, 0.10991261001286157, 0.0, 0.0, 0.0, 0.0, 0.0, 0.0, 0.0, 0.0, 0.0, 0.0, 0.0, 0.0, 0.0, 0.0, 0.0, 0.9689121850875715, 0.0, 0.0, 0.0, 0.0, 0.0, 0.0], [0.0, 0.0, 0.0, 0.0, 0.0, 0.0, 0.0, 0.0, 0.0, 0.0, 0.0, 0.0, 0.0, 0.0, 0.0, 1.4458194681033105, 0.0, 1.4361325578859996, 0.0, 0.11001340097507385, 0.0, 0.0, 0.0, 0.0, 0.0, 0.0, 0.0, 0.0, 0.0, 0.0, 0.0, 0.0, 0.0, 0.0, 0.0, 0.9710098477263998, 0.0, 0.0, 0.0, 0.0, 0.0], [0.0, 0.0, 0.0, 0.0, 0.0, 0.0, 0.0, 0.0, 0.0, 0.0, 0.0, 0.0, 0.0, 0.0, 0.0, 0.0, 1.4361325578859996, 0.0, 1.4362307816498845, 0.0, 0.0, 0.0, 0.0, 0.0, 0.0, 0.0, 0.0, 0.0, 0.0, 0.0, 0.0, 0.0, 0.0, 0.0, 0.0, 0.0, 0.9713181055204602, 0.0, 0.0, 0.0, 0.0], [0.0, 0.0, 0.0, 0.0, 0.0, 0.0, 0.0, 0.0, 0.0, 0.0, 0.0, 0.0, 0.0, 0.0, 0.0, 0.10991261001286157, 0.0, 1.4362307816498845, 0.0, 1.4462310613707676, 0.0, 0.0, 0.0, 0.0, 0.0, 0.0, 0.0, 0.0, 0.0, 0.0, 0.0, 0.0, 0.0, 0.0, 0.0, 0.0, 0.0, 0.9710226367377585, 0.0, 0.0, 0.0], [0.0, 0.0, 0.0, 0.0, 0.0, 0.0, 0.0, 0.0, 0.0, 0.0, 0.0, 0.0, 0.0, 0.0, 1.3816234187122574, 0.0, 0.11001340097507385, 0.0, 1.4462310613707676, 0.0, 0.0, 0.0, 0.0, 0.0, 0.0, 0.0, 0.0, 0.0, 0.0, 0.0, 0.0, 0.0, 0.0, 0.0, 0.0, 0.0, 0.0, 0.0, 0.9686523573789655, 0.0, 0.0], [0.0, 0.0, 0.0, 0.0, 0.0, 0.0, 0.0, 0.0, 0.0, 0.0, 0.11120188308807838, 0.0, 1.3863297515587636, 0.0, 0.0, 0.0, 0.0, 0.0, 0.0, 0.0, 0.0, 1.436414699587129, 0.0, 0.0, 0.0, 0.0, 0.0, 0.0, 0.0, 0.0, 0.0, 0.0, 0.0, 0.0, 0.0, 0.0, 0.0, 0.0, 0.0, 0.968843431321144, 0.0], [0.0, 0.0, 0.0, 0.0, 0.0, 0.0, 0.0, 0.0, 0.0, 1.3753119335221653, 0.0, 0.10405682768720491, 0.0, 0.0, 0.0, 0.0, 0.0, 0.0, 0.0, 0.0, 1.436414699587129, 0.0, 0.0, 0.0, 0.0, 0.0, 0.0, 0.0, 0.0, 0.0, 0.0, 0.0, 0.0, 0.0, 0.0, 0.0, 0.0, 0.0, 0.0, 0.0, 0.9662580742127123], [0.9858302341864337, 0.0, 0.0, 0.0, 0.0, 0.0, 0.0, 0.0, 0.0, 0.0, 0.0, 0.0, 0.0, 0.0, 0.0, 0.0, 0.0, 0.0, 0.0, 0.0, 0.0, 0.0, 0.0, 0.0, 0.0, 0.0, 0.0, 0.0, 0.0, 0.0, 0.0, 0.0, 0.0, 0.0, 0.0, 0.0, 0.0, 0.0, 0.0, 0.0, 0.0], [0.9844951516248064, 0.0, 0.0, 0.0, 0.0, 0.0, 0.0, 0.0, 0.0, 0.0, 0.0, 0.0, 0.0, 0.0, 0.0, 0.0, 0.0, 0.0, 0.0, 0.0, 0.0, 0.0, 0.0, 0.0, 0.0, 0.0, 0.0, 0.0, 0.0, 0.0, 0.0, 0.0, 0.0, 0.0, 0.0, 0.0, 0.0, 0.0, 0.0, 0.0, 0.0], [0.9839954668636456, 0.0, 0.0, 0.0, 0.0, 0.0, 0.0, 0.0, 0.0, 0.0, 0.0, 0.0, 0.0, 0.0, 0.0, 0.0, 0.0, 0.0, 0.0, 0.0, 0.0, 0.0, 0.0, 0.0, 0.0, 0.0, 0.0, 0.0, 0.0, 0.0, 0.0, 0.0, 0.0, 0.0, 0.0, 0.0, 0.0, 0.0, 0.0, 0.0, 0.0], [0.0, 0.9693942381391638, 0.0, 0.0, 0.0, 0.0, 0.0, 0.0, 0.0, 0.0, 0.0, 0.0, 0.0, 0.0, 0.0, 0.0, 0.0, 0.0, 0.0, 0.0, 0.0, 0.0, 0.0, 0.0, 0.0, 0.0, 0.0, 0.0, 0.0, 0.0, 0.0, 0.0, 0.0, 0.0, 0.0, 0.0, 0.0, 0.0, 0.0, 0.0, 0.0], [0.0, 0.9720625081288256, 0.0, 0.0, 0.0, 0.0, 0.0, 0.0, 0.0, 0.0, 0.0, 0.0, 0.0, 0.0, 0.0, 0.0, 0.0, 0.0, 0.0, 0.0, 0.0, 0.0, 0.0, 0.0, 0.0, 0.0, 0.0, 0.0, 0.0, 0.0, 0.0, 0.0, 0.0, 0.0, 0.0, 0.0, 0.0, 0.0, 0.0, 0.0, 0.0], [0.0, 0.0, 0.0, 0.0, 0.0, 0.9353092895273496, 0.0, 0.0, 0.0, 0.0, 0.0, 0.0, 0.0, 0.0, 0.0, 0.0, 0.0, 0.0, 0.0, 0.0, 0.0, 0.0, 0.0, 0.0, 0.0, 0.0, 0.0, 0.0, 0.0, 0.0, 0.0, 0.0, 0.0, 0.0, 0.0, 0.0, 0.0, 0.0, 0.0, 0.0, 0.0], [0.0, 0.0, 0.0, 0.0, 0.0, 0.0, 0.9708811949738003, 0.0, 0.0, 0.0, 0.0, 0.0, 0.0, 0.0, 0.0, 0.0, 0.0, 0.0, 0.0, 0.0, 0.0, 0.0, 0.0, 0.0, 0.0, 0.0, 0.0, 0.0, 0.0, 0.0, 0.0, 0.0, 0.0, 0.0, 0.0, 0.0, 0.0, 0.0, 0.0, 0.0, 0.0], [0.0, 0.0, 0.0, 0.0, 0.0, 0.0, 0.9657189328679023, 0.0, 0.0, 0.0, 0.0, 0.0, 0.0, 0.0, 0.0, 0.0, 0.0, 0.0, 0.0, 0.0, 0.0, 0.0, 0.0, 0.0, 0.0, 0.0, 0.0, 0.0, 0.0, 0.0, 0.0, 0.0, 0.0, 0.0, 0.0, 0.0, 0.0, 0.0, 0.0, 0.0, 0.0], [0.0, 0.0, 0.0, 0.0, 0.0, 0.0, 0.0, 0.9668693851263495, 0.0, 0.0, 0.0, 0.0, 0.0, 0.0, 0.0, 0.0, 0.0, 0.0, 0.0, 0.0, 0.0, 0.0, 0.0, 0.0, 0.0, 0.0, 0.0, 0.0, 0.0, 0.0, 0.0, 0.0, 0.0, 0.0, 0.0, 0.0, 0.0, 0.0, 0.0, 0.0, 0.0], [0.0, 0.0, 0.0, 0.0, 0.0, 0.0, 0.0, 0.9668799546126188, 0.0, 0.0, 0.0, 0.0, 0.0, 0.0, 0.0, 0.0, 0.0, 0.0, 0.0, 0.0, 0.0, 0.0, 0.0, 0.0, 0.0, 0.0, 0.0, 0.0, 0.0, 0.0, 0.0, 0.0, 0.0, 0.0, 0.0, 0.0, 0.0, 0.0, 0.0, 0.0, 0.0], [0.0, 0.0, 0.0, 0.0, 0.0, 0.0, 0.0, 0.0, 0.0, 0.0, 0.9681177538036244, 0.0, 0.0, 0.0, 0.0, 0.0, 0.0, 0.0, 0.0, 0.0, 0.0, 0.0, 0.0, 0.0, 0.0, 0.0, 0.0, 0.0, 0.0, 0.0, 0.0, 0.0, 0.0, 0.0, 0.0, 0.0, 0.0, 0.0, 0.0, 0.0, 0.0], [0.0, 0.0, 0.0, 0.0, 0.0, 0.0, 0.0, 0.0, 0.0, 0.0, 0.0, 0.9679186077526656, 0.0, 0.0, 0.0, 0.0, 0.0, 0.0, 0.0, 0.0, 0.0, 0.0, 0.0, 0.0, 0.0, 0.0, 0.0, 0.0, 0.0, 0.0, 0.0, 0.0, 0.0, 0.0, 0.0, 0.0, 0.0, 0.0, 0.0, 0.0, 0.0], [0.0, 0.0, 0.0, 0.0, 0.0, 0.0, 0.0, 0.0, 0.0, 0.0, 0.0, 0.0, 0.0, 0.0, 0.0, 0.9689121850875715, 0.0, 0.0, 0.0, 0.0, 0.0, 0.0, 0.0, 0.0, 0.0, 0.0, 0.0, 0.0, 0.0, 0.0, 0.0, 0.0, 0.0, 0.0, 0.0, 0.0, 0.0, 0.0, 0.0, 0.0, 0.0], [0.0, 0.0, 0.0, 0.0, 0.0, 0.0, 0.0, 0.0, 0.0, 0.0, 0.0, 0.0, 0.0, 0.0, 0.0, 0.0, 0.9710098477263998, 0.0, 0.0, 0.0, 0.0, 0.0, 0.0, 0.0, 0.0, 0.0, 0.0, 0.0, 0.0, 0.0, 0.0, 0.0, 0.0, 0.0, 0.0, 0.0, 0.0, 0.0, 0.0, 0.0, 0.0], [0.0, 0.0, 0.0, 0.0, 0.0, 0.0, 0.0, 0.0, 0.0, 0.0, 0.0, 0.0, 0.0, 0.0, 0.0, 0.0, 0.0, 0.9713181055204602, 0.0, 0.0, 0.0, 0.0, 0.0, 0.0, 0.0, 0.0, 0.0, 0.0, 0.0, 0.0, 0.0, 0.0, 0.0, 0.0, 0.0, 0.0, 0.0, 0.0, 0.0, 0.0, 0.0], [0.0, 0.0, 0.0, 0.0, 0.0, 0.0, 0.0, 0.0, 0.0, 0.0, 0.0, 0.0, 0.0, 0.0, 0.0, 0.0, 0.0, 0.0, 0.9710226367377585, 0.0, 0.0, 0.0, 0.0, 0.0, 0.0, 0.0, 0.0, 0.0, 0.0, 0.0, 0.0, 0.0, 0.0, 0.0, 0.0, 0.0, 0.0, 0.0, 0.0, 0.0, 0.0], [0.0, 0.0, 0.0, 0.0, 0.0, 0.0, 0.0, 0.0, 0.0, 0.0, 0.0, 0.0, 0.0, 0.0, 0.0, 0.0, 0.0, 0.0, 0.0, 0.9686523573789655, 0.0, 0.0, 0.0, 0.0, 0.0, 0.0, 0.0, 0.0, 0.0, 0.0, 0.0, 0.0, 0.0, 0.0, 0.0, 0.0, 0.0, 0.0, 0.0, 0.0, 0.0], [0.0, 0.0, 0.0, 0.0, 0.0, 0.0, 0.0, 0.0, 0.0, 0.0, 0.0, 0.0, 0.0, 0.0, 0.0, 0.0, 0.0, 0.0, 0.0, 0.0, 0.968843431321144, 0.0, 0.0, 0.0, 0.0, 0.0, 0.0, 0.0, 0.0, 0.0, 0.0, 0.0, 0.0, 0.0, 0.0, 0.0, 0.0, 0.0, 0.0, 0.0, 0.0], [0.0, 0.0, 0.0, 0.0, 0.0, 0.0, 0.0, 0.0, 0.0, 0.0, 0.0, 0.0, 0.0, 0.0, 0.0, 0.0, 0.0, 0.0, 0.0, 0.0, 0.0, 0.9662580742127123, 0.0, 0.0, 0.0, 0.0, 0.0, 0.0, 0.0, 0.0, 0.0, 0.0, 0.0, 0.0, 0.0, 0.0, 0.0, 0.0, 0.0, 0.0, 0.0]], "Born radii": [], "Atomic SASAs": [], "Solvent H bonds": [], "Total SASA": NaN, "Total FOD": 0.0, "FOD": [0.0, 0.0, 0.0, 0.0, 0.0, 0.0, 0.0, 0.0, 0.0, 0.0, 0.0, 0.0, 0.0, 0.0, 0.0, 0.0, 0.0, 0.0, 0.0, 0.0, 0.0, 0.0, 0.0, 0.0, 0.0, 0.0, 0.0, 0.0, 0.0, 0.0, 0.0, 0.0, 0.0, 0.0, 0.0, 0.0, 0.0, 0.0, 0.0, 0.0, 0.0], "FOD s proportion": [0.0, 0.0, 0.0, 0.0, 0.0, 0.0, 0.0, 0.0, 0.0, 0.0, 0.0, 0.0, 0.0, 0.0, 0.0, 0.0, 0.0, 0.0, 0.0, 0.0, 0.0, 0.0, 0.0, 0.0, 0.0, 0.0, 0.0, 0.0, 0.0, 0.0, 0.0, 0.0, 0.0, 0.0, 0.0, 0.0, 0.0, 0.0, 0.0, 0.0, 0.0], "FOD p proportion": [0.0, 0.0, 0.0, 0.0, 0.0, 0.0, 0.0, 0.0, 0.0, 0.0, 0.0, 0.0, 0.0, 0.0, 0.0, 0.0, 0.0, 0.0, 0.0, 0.0, 0.0, 0.0, 0.0, 0.0, 0.0, 0.0, 0.0, 0.0, 0.0, 0.0, 0.0, 0.0, 0.0, 0.0, 0.0, 0.0, 0.0, 0.0, 0.0, 0.0, 0.0], "FOD d proportion": [0.0, 0.0, 0.0, 0.0, 0.0, 0.0, 0.0, 0.0, 0.0, 0.0, 0.0, 0.0, 0.0, 0.0, 0.0, 0.0, 0.0, 0.0, 0.0, 0.0, 0.0, 0.0, 0.0, 0.0, 0.0, 0.0, 0.0, 0.0, 0.0, 0.0, 0.0, 0.0, 0.0, 0.0, 0.0, 0.0, 0.0, 0.0, 0.0, 0.0, 0.0], "coordinates": [["6.80170", "1.50920", "-1.05240"], ["5.33820", "1.34010", "-1.41510"], ["4.84780", "0.08380", "-0.92600"], ["4.39280", "0.08670", "0.34930"], ["4.36540", "1.05220", "1.09710"], ["3.94970", "-1.16040", "0.66630"], ["3.23060", "-1.43290", "1.89430"], ["1.76500", "-0.99610", "1.82200"], ["1.09250", "-1.83970", "0.88040"], ["-0.23720", "-1.59970", "0.67010"], ["-0.84490", "-2.45780", "-0.25150"], ["-2.19960", "-2.32490", "-0.56190"], ["-2.95080", "-1.31800", "0.03940"], ["-4.28740", "-1.25780", "-0.28140"], ["-4.81760", "-0.01620", "-0.55000"], ["-4.21320", "0.88840", "-1.42680"], ["-4.82300", "2.11730", "-1.68280"], ["-6.03980", "2.43300", "-1.07680"], ["-6.65310", "1.51830", "-0.22000"], ["-6.04540", "0.28920", "0.03790"], ["-2.35880", "-0.47080", "0.97820"], ["-1.00070", "-0.60700", "1.28710"], ["7.39120", "0.66760", "-1.43080"], ["6.93770", "1.53040", "0.03350"], ["7.20060", "2.43680", "-1.47240"], ["4.73370", "2.17640", "-1.04520"], ["5.22930", "1.32330", "-2.50450"], ["3.86710", "-1.80240", "-0.11010"], ["3.30180", "-2.51180", "2.06550"], ["3.73230", "-0.90860", "2.71460"], ["1.31380", "-1.12160", "2.81330"], ["1.69860", "0.05220", "1.50800"], ["-0.25900", "-3.23900", "-0.72930"], ["-2.66410", "-3.00130", "-1.27380"], ["-3.27540", "0.64220", "-1.91680"], ["-4.35260", "2.82560", "-2.35980"], ["-6.51470", "3.38980", "-1.27940"], ["-7.60600", "1.76080", "0.24310"], ["-6.52500", "-0.42770", "0.69840"], ["-2.94610", "0.29500", "1.47790"], ["-0.57560", "0.07570", "2.01510"]], "bond_dist": [[0.0, 1.517227191293381, 2.421872690708576, 3.129068287845441, 3.2809689026261735, 4.267856353018456, 5.485594635953335, 6.3172027306395675, 6.8953471043885814, 7.885326795383943, 8.651532891343592, 9.79613774658156, 10.212558118806474, 11.45508048029345, 11.72976484887911, 11.038731358720531, 11.657651558525844, 12.874708697675453, 13.480527274925118, 12.950873812218234, 9.589499288805438, 8.415997175023291, 1.094982817216782, 1.0945886213550733, 1.0936009189827882, 2.172977606879556, 2.1483935812601938, 4.523991711972957, 6.175681453896404, 5.427454486220958, 7.209839910844067, 5.892378702188107, 8.514885867702516, 10.487850010845884, 10.151197996788358, 11.307546692806534, 13.450453312806971, 14.468014449121899, 13.580052103729205, 10.143781571485064, 8.11720603348221], [1.517227191293381, 0.0, 1.4345733372679137, 2.3617578368664303, 2.7093126600671247, 3.5373236295255768, 4.804543174954306, 5.357649213041107, 5.779828438630337, 6.638943307485009, 7.349063544425235, 8.424880063241256, 8.825451085355354, 10.03426805801001, 10.282422931391219, 9.562081977268338, 10.194394958505386, 11.435373247078559, 12.052024516237923, 11.523972785892893, 8.26141953298584, 7.160637992525526, 2.1603961997744774, 2.1663463019563616, 2.1620749154458085, 1.0961952152787384, 1.094958359938861, 3.707083282042636, 5.576615006435355, 4.968902151381128, 6.335229183699671, 4.842508459466023, 7.2640984499110415, 9.10519219676334, 8.656377548374378, 9.849404701808124, 12.02958532078309, 13.056757996148967, 12.178978336872104, 8.836928736840646, 6.952554195401858], [2.421872690708576, 1.4345733372679137, 0.0, 1.3540396966115877, 2.2942192419208762, 2.2113427007137543, 3.5874512986241363, 4.268646606361319, 4.589685316010239, 5.5891799452155775, 6.270686892199292, 7.456557601199095, 7.982180301145797, 9.255661983888565, 9.673227649549037, 9.110428244599701, 9.911217943825067, 11.139179280359931, 11.61149977651466, 10.937691649063801, 7.474532919186322, 6.291261280538268, 2.6579181778226357, 2.716794769576826, 3.37206610255493, 2.0990955695251228, 2.04293043200203, 2.277106879353712, 4.25162646642435, 3.934865483088336, 5.2843646401436, 3.9803034055207402, 6.0958261925681585, 8.128188510363179, 8.202430946981512, 9.706730131202784, 11.83895830763839, 12.620469810985643, 11.49960379534878, 8.158934848373285, 6.169554471758881], [3.129068287845441, 2.3617578368664303, 1.3540396966115877, 0.0, 1.2215342197417147, 1.3609133036310581, 2.4590481898490726, 3.2010363899837193, 3.858116672678523, 4.937991251511083, 5.853968071317096, 7.078547715456893, 7.48315983124776, 8.806323567755161, 9.254771583350937, 8.823859138721561, 9.653172349543958, 10.787864833228122, 11.152824210037563, 10.44480710448977, 6.80370663829651, 5.518199958319742, 3.5350535186896392, 2.9428753524401947, 4.089657900118296, 2.535288770534828, 3.2207275963670075, 2.0139780684009447, 3.299670542645129, 2.6498163011801403, 4.124503108254375, 2.933000098874871, 5.819183936773266, 7.8721048786204575, 8.015302907563758, 9.556297252597368, 11.512458015124311, 12.115489700792123, 10.935485129156364, 7.428093972211176, 5.240229880453719], [3.2809689026261735, 2.7093126600671247, 2.2942192419208762, 1.2215342197417147, 0.0, 2.2921592200368632, 2.845877876859793, 3.388671282376029, 4.372861638561184, 5.329055204255253, 6.425422013377799, 7.566789967350752, 7.762947878866636, 9.061308409385479, 9.390522135110485, 8.943672601901302, 9.658621877887136, 10.719171464716851, 11.106725164061636, 10.492322444530572, 6.895544347620426, 5.619970983021176, 3.961522587339368, 2.824295928191662, 4.069128463197003, 2.447226965363041, 3.7136694764073988, 3.1391680251302256, 3.843324019647576, 2.6195149360139176, 4.121044945156507, 2.8776137770729417, 6.567740080118884, 8.45375060609195, 8.223959985919192, 9.544560187352795, 11.37931026117137, 12.022722150993925, 10.997721484925865, 7.360461448170217, 5.119546586368758], [4.267856353018456, 3.5373236295255768, 2.2113427007137543, 1.3609133036310581, 2.2921592200368632, 0.0, 1.4489116812283627, 2.477004454981864, 2.9446356548816017, 4.209884860658305, 5.051117971301007, 6.377964093658728, 6.930710037218409, 8.292010519771427, 8.924916168793967, 8.672461326520864, 9.655146471700988, 10.758300582341061, 10.971796991377484, 10.119202079709646, 6.353739215611545, 5.019771345390146, 4.4253061656793875, 4.070501747942139, 5.299267528630725, 3.8312037912384667, 4.226122867357266, 1.0108331810936955, 2.0503211967884445, 2.0751382821392887, 3.3998651811505702, 2.6918968888127943, 4.897084133441043, 7.134090780190563, 7.881867949921515, 9.694001366824743, 11.575566331285915, 11.926722524231037, 10.500343793895512, 7.094289348483046, 4.881141745534542], [5.485594635953335, 4.804543174954306, 3.5874512986241363, 2.4590481898490726, 2.845877876859793, 1.4489116812283627, 0.0, 1.5310143337016804, 2.401031249276027, 3.6813210563600673, 4.718535567313231, 6.026247130677599, 6.454731751203918, 7.828451602967218, 8.529663804629113, 8.475157658710545, 9.500528270048987, 10.474394215418856, 10.529357607185732, 9.61540562690935, 5.745108178267838, 4.353699844959457, 5.725293234411667, 5.097677308343478, 6.486150397577903, 4.891524951382749, 5.562452837552873, 2.135247493851708, 1.0947164427375702, 1.0952102400909152, 2.148392638695264, 2.1683573736817463, 4.724678013367684, 6.873443406328447, 7.820393802104853, 9.681792773035374, 11.327033109777688, 11.417446329630808, 9.879895506026369, 6.427336171385468, 4.096049931336287], [6.3172027306395675, 5.357649213041107, 4.268646606361319, 3.2010363899837193, 3.388671282376029, 2.477004454981864, 1.5310143337016804, 0.0, 1.4319663997454688, 2.387469666823015, 3.6397180041865878, 4.813184165394048, 5.051737523862458, 6.412824978899705, 7.065211303988012, 7.060093266381117, 8.085705077480876, 9.004258508616909, 9.01977710201311, 8.11402224916841, 4.241894030972485, 2.8436971199479033, 6.708407558429945, 6.0281638821452095, 7.223823165748176, 5.205648065322895, 6.0082936928881905, 2.966808809141567, 2.1721862212987175, 2.162096274452181, 1.0963609715782479, 1.0963292616727878, 3.9542771905874274, 5.763829585440568, 6.486006821612201, 8.33773781609856, 9.869560925390754, 9.894900899958524, 8.385085301891689, 4.896918135929985, 2.581559840484043], [6.8953471043885814, 5.779828438630337, 4.589685316010239, 3.858116672678523, 4.372861638561184, 2.9446356548816017, 2.401031249276027, 1.4319663997454688, 0.0, 1.3674531728728412, 2.327394246791892, 3.6267851797425226, 4.162658619199994, 5.534592203586458, 6.348265780510454, 6.396573609363063, 7.5644552672350445, 8.541446037996142, 8.513598740838095, 7.496108181583294, 3.714151819729506, 2.4630144985362956, 7.162528912332571, 6.800086518567245, 7.818759856908255, 5.75285424897937, 6.2108961712461435, 2.9463344514837417, 2.595609159715692, 3.346607370158621, 2.0738234519842815, 2.0833925650246523, 2.525020164275921, 4.4835182346010365, 5.750017900841701, 7.868483598508673, 9.48060642205972, 9.435764610777444, 7.749398315353265, 4.606977349629581, 2.7818804539375876], [7.885326795383943, 6.638943307485009, 5.5891799452155775, 4.937991251511083, 5.329055204255253, 4.209884860658305, 3.6813210563600673, 2.387469666823015, 1.3674531728728412, 0.0, 1.3982065155047736, 2.4279112010120967, 2.8001361288337394, 4.174490136531646, 4.997617474357156, 5.137723933805708, 6.354666714313191, 7.279044968950254, 7.18873944582776, 6.140261174412697, 2.4229171219833336, 1.3960925972155285, 8.230851514879854, 7.85378733987622, 8.729519307499125, 6.473873037834461, 6.964527005475677, 4.1827117782606065, 3.911980134152013, 4.518244095885038, 2.6883985660612155, 2.679211014459294, 2.1554814056261304, 3.4107291566467133, 4.576988798325816, 6.760184262281613, 8.252433989436087, 8.110148129966555, 6.396156168356117, 3.4030233822293963, 2.174972349249525], [8.651532891343592, 7.349063544425235, 6.270686892199292, 5.853968071317096, 6.425422013377799, 5.051117971301007, 4.718535567313231, 3.6397180041865878, 2.327394246791892, 1.3982065155047736, 0.0, 1.396145644264953, 2.4121736380285728, 3.6457784161959155, 4.672564402980445, 4.891199180160219, 6.229401199954937, 7.182480820719259, 7.038860042648952, 5.888544948457132, 2.7842816488279345, 2.411850791404808, 8.887756570698818, 8.74961867740532, 9.496197987615886, 7.295652629477365, 7.50124202049234, 4.7594629024712445, 4.750423758992454, 5.669967344703142, 3.979750641685984, 3.9831309920714384, 1.0871269889024002, 2.1563808058874945, 4.276745765181746, 6.683053474273567, 8.209606337090714, 7.984590680178916, 6.106320662231881, 3.870887965312352, 3.410076289469196], [9.79613774658156, 8.424880063241256, 7.456557601199095, 7.078547715456893, 7.566789967350752, 6.377964093658728, 6.026247130677599, 4.813184165394048, 3.6267851797425226, 2.4279112010120967, 1.396145644264953, 0.0, 1.3927349855589897, 2.3614172651185554, 3.490581799643148, 3.889464469563901, 5.2793735622704325, 6.135949026841732, 5.892431085723446, 4.688651884070729, 2.4155619346230806, 2.7941622393841055, 10.084318920978255, 9.935194539615216, 10.576698784592477, 8.280454665656954, 8.501271270227765, 6.105897016819069, 6.099472463254507, 6.92306258457917, 5.018354858915419, 5.013088235808342, 2.1516342463346323, 1.0863143283598904, 3.4346443862501976, 5.864767997116339, 7.196713857727012, 6.824231125189122, 4.888436262241741, 3.4032223406648, 3.8782967086080458], [10.212558118806474, 8.825451085355354, 7.982180301145797, 7.48315983124776, 7.762947878866636, 6.930710037218409, 6.454731751203918, 5.051737523862458, 4.162658619199994, 2.8001361288337394, 2.4121736380285728, 1.3927349855589897, 0.0, 1.3758765351585873, 2.3509610460405335, 2.9345522929401002, 4.274621827717629, 4.985762172426599, 4.671071754961596, 3.487068001917944, 1.3962654761899687, 2.421810541722866, 10.633017417459637, 10.290570908360722, 10.92863139830418, 8.511094451949173, 8.964481519307181, 6.836720999134014, 6.680213051243201, 7.210279398886009, 5.091159723481478, 5.06469686753314, 3.3951329767771985, 2.1541100296874345, 2.7882732362521434, 4.989050494833661, 6.050123758238339, 5.584925260914419, 3.7419006841443565, 2.16126660548855, 3.3893015829223576], [11.45508048029345, 10.03426805801001, 9.255661983888565, 8.806323567755161, 9.061308409385479, 8.292010519771427, 7.828451602967218, 6.412824978899705, 5.534592203586458, 4.174490136531646, 3.6457784161959155, 2.3614172651185554, 1.3758765351585873, 0.0, 1.3765277185730769, 2.433849058590117, 3.6935199106001857, 4.1623997357293785, 3.6478812562911096, 2.3634139480844234, 2.4342265958616096, 3.699476960328311, 11.891929342205158, 11.57048362256306, 12.126116202642955, 9.682838699988759, 10.108008196969372, 8.1744604164434, 8.042164649520675, 8.568170442399008, 6.400715582651678, 6.383592120428747, 4.51151575526452, 2.580649705016161, 2.703456520826625, 4.582374183761077, 5.249481407720196, 4.516652761725214, 2.5799084886871477, 2.702852200916654, 4.563944975566643], [11.72976484887911, 10.282422931391219, 9.673227649549037, 9.254771583350937, 9.390522135110485, 8.924916168793967, 8.529663804629113, 7.065211303988012, 6.348265780510454, 4.997617474357156, 4.672564402980445, 3.490581799643148, 2.3509610460405335, 1.3765277185730769, 0.0, 1.3972754774918223, 2.4155925256549375, 2.787448962761471, 2.4150880936313697, 1.3951302483997687, 2.9304869629466017, 4.276997388355527, 12.259616165280217, 11.870952864029071, 12.300616326022043, 9.812239779479503, 10.322525374635802, 8.877389060979585, 8.887829654645728, 9.19536736242767, 7.080096186493514, 6.833806040560413, 5.585644303927704, 3.751302533787431, 2.1633339178222117, 3.4010922186850507, 3.8746624072298226, 3.4002810427963155, 2.1547736702493845, 2.7770012783576457, 4.958099194247731], [11.038731358720531, 9.562081977268338, 9.110428244599701, 8.823859138721561, 8.943672601901302, 8.672461326520864, 8.475157658710545, 7.060093266381117, 6.396573609363063, 5.137723933805708, 4.891199180160219, 3.889464469563901, 2.9345522929401002, 2.433849058590117, 1.3972754774918223, 0.0, 1.3955598339017936, 2.417593166767312, 2.7939671186325734, 2.4210211833026163, 3.3271983710022464, 4.46336539171957, 11.606501109292154, 11.26442235092417, 11.518439666899331, 9.047186422860976, 9.513746977400649, 8.617734715109302, 8.957273264225, 9.138455734422529, 7.250260478769021, 6.652943763477938, 5.758266635889657, 4.189616438291219, 1.0863624073024616, 2.154684478061695, 3.402297895540601, 3.8808168740614395, 3.4048514637205547, 3.2241197341289913, 5.073390450182205], [11.657651558525844, 10.194394958505386, 9.911217943825067, 9.653172349543958, 9.658621877887136, 9.655146471700988, 9.500528270048987, 8.085705077480876, 7.5644552672350445, 6.354666714313191, 6.229401199954937, 5.2793735622704325, 4.274621827717629, 3.6935199106001857, 2.4155925256549375, 1.3955598339017936, 0.0, 1.3955302683926272, 2.418233001594346, 2.7923144271374594, 4.4554982044660285, 5.554466112057936, 12.302512577924887, 11.899756375237267, 12.029684342076479, 9.578128285839567, 10.117033269689292, 9.662053166382393, 10.074259016920303, 10.083965274632792, 8.268355499130404, 7.548318303436866, 7.101352543001932, 5.570295878137894, 2.150753767868373, 1.086873520700546, 2.1549563104620013, 3.4031268063356084, 3.8786521421751656, 4.102871602914233, 5.990242209627254], [12.874708697675453, 11.435373247078559, 11.139179280359931, 10.787864833228122, 10.719171464716851, 10.758300582341061, 10.474394215418856, 9.004258508616909, 8.541446037996142, 7.279044968950254, 7.182480820719259, 6.135949026841732, 4.985762172426599, 4.1623997357293785, 2.787448962761471, 2.417593166767312, 1.3955302683926272, 0.0, 1.3953204721496781, 2.4162917642536463, 5.11906636409414, 6.342093662190743, 13.551151765071486, 13.05614641079059, 13.24630914481464, 10.77660170786691, 11.413254408362235, 10.817568565070435, 11.026812181677894, 11.001588200346347, 9.046739309276022, 8.498954891043956, 8.10616980392096, 6.400451232530407, 3.3991869616130264, 2.155659435068536, 1.087218014015589, 2.155683485579458, 3.401522978020287, 4.5462639364647535, 6.706279933018006], [13.480527274925118, 12.052024516237923, 11.61149977651466, 11.152824210037563, 11.106725164061636, 10.971796991377484, 10.529357607185732, 9.01977710201311, 8.513598740838095, 7.18873944582776, 7.038860042648952, 5.892431085723446, 4.671071754961596, 3.6478812562911096, 2.4150880936313697, 2.7939671186325734, 2.418233001594346, 1.3953204721496781, 0.0, 1.3951697065231887, 4.881927338664515, 6.223975920583241, 14.122042685815675, 13.593169361852299, 13.940486063979261, 11.435613883390783, 12.101586466657999, 11.032394778106882, 10.980220866175689, 11.061566522423487, 8.924207332306887, 8.653688583488547, 7.985975493951881, 6.1195914569520085, 3.8801467420704596, 3.402951304382712, 2.154993078875197, 1.0868699416213512, 2.155640083594662, 4.256897497004127, 6.634212313455155], [12.950873812218234, 11.523972785892893, 10.937691649063801, 10.44480710448977, 10.492322444530572, 10.119202079709646, 9.61540562690935, 8.11402224916841, 7.496108181583294, 6.140261174412697, 5.888544948457132, 4.688651884070729, 3.487068001917944, 2.3634139480844234, 1.3951302483997687, 2.4210211833026163, 2.7923144271374594, 2.4162917642536463, 1.3951697065231887, 0.0, 3.879791701882976, 5.27377219549726, 13.521926113168938, 13.042295902562556, 13.50369237838303, 10.99652791839315, 11.603965729870112, 10.13184834124554, 9.96628870743769, 10.207980457465618, 7.990683727942184, 7.885867042373971, 6.820499691371593, 4.897053892903365, 3.4085717082085862, 3.879157394331919, 3.40135886668843, 2.1548053183524494, 1.0863802373018392, 3.4174982267734975, 5.82010430576635], [9.589499288805438, 8.26141953298584, 7.474532919186322, 6.80370663829651, 6.895544347620426, 6.353739215611