{"total energy": -17.71895042, "HOMO-LUMO gap/eV": 11.87556396, "electronic energy": -17.92797792, "dipole": [-0.11365474, 0.68612866, 0.13426556], "partial charges": [-0.10258438, -0.05554649, -0.06245142, 0.08705414, -0.44880263, 0.03738085, 0.03116117, 0.03411607, 0.03056181, 0.03524947, 0.04632369, 0.0475386, 0.02010225, 0.01676454, 0.28313233], "atomic dipole moments": [[0.04439793, -0.06884242, 0.0668966], [0.05776281, 0.0299385, -0.09635091], [-0.00225823, 0.13059624, 0.02959065], [0.11992033, -0.14873967, -0.04963748], [-0.10572947, 0.20924313, 0.05849192], [-0.01516201, -0.04659464, -0.11675002], [0.06941099, 0.10540886, -0.00681213], [-0.11235574, 0.03427375, 0.04069534], [0.01051227, 0.05026586, 0.112713], [-0.07986561, -0.09052777, 0.01400126], [0.03193472, -0.09561286, 0.07296587], [-0.01179127, -0.06038873, -0.11033644], [-0.01284446, 0.08078556, -0.08563759], [0.02677442, 0.04880869, 0.10392244], [0.04711538, 0.06313565, 0.0008788]], "atomic quadrupole moments": [[-0.05278391, -0.09373268, 0.03451509, 0.0757295, -0.15272789, 0.01826882], [0.07697638, -0.18797503, -0.02521913, -0.01977507, -0.10169217, -0.05175726], [0.20988902, 0.06707252, -0.00849988, -0.10488881, 0.0249356, -0.20138913], [0.3377222, -0.1545188, -0.02275282, -0.17418751, 0.09264141, -0.31496938], [0.10227035, -0.09546871, 0.00484914, -0.06577106, 0.04258, -0.1071195], [-0.05067217, -0.00270776, -0.00579029, 0.00893209, 0.04602843, 0.05646245], [0.01298752, 0.05983523, 0.02654267, 0.00978018, -0.00874892, -0.0395302], [0.05647638, -0.03121924, -0.03368947, -0.04438931, -0.00230726, -0.02278692], [-0.02641151, -0.00437389, -0.00441576, 0.02446274, 0.03687129, 0.03082727], [0.01779026, 0.03233971, 0.03025616, 0.00544704, -0.0068395, -0.04804641], [-0.01071917, -0.0149771, -0.0005964, 0.01851735, -0.04745738, 0.01131557], [-0.02158785, 0.01195578, -0.03199391, 0.01096056, 0.02236172, 0.05358177], [0.00328892, -0.02433848, -0.00399167, 0.00860249, -0.03621779, 0.00070275], [-0.00611778, -0.00471271, -0.0272804, -0.00253413, 0.03193671, 0.03339818], [0.05559148, 0.09060947, 0.03355881, -0.01608867, 0.00252436, -0.08915029]], "number of molecular orbitals": 30, "number of electrons": 32, "number of unpaired electrons": 0, "orbital energies/eV": [-18.57746492, -17.12339428, -16.61638003, -15.90868588, -15.45262034, -14.9874141, -14.40510029, -14.07434455, -13.46657928, -13.22493032, -12.89528577, -12.41345214, -11.92423288, -11.84134872, -11.61420775, -11.02899508, 0.84656887, 2.77107254, 3.14277786, 3.38873657, 3.59197852, 3.79880179, 4.18238789, 4.79306754, 5.33854018, 5.96010326, 6.37187894, 7.11517902, 7.6860233, 7.87492546], "fractional occupation": [2.0, 2.0, 2.0, 2.0, 2.0, 2.0, 2.0, 2.0, 2.0, 2.0, 2.0, 2.0, 2.0, 2.0, 2.0, 2.0, 0.0, 0.0, 0.0, 0.0, 0.0, 0.0, 0.0, 0.0, 0.0, 0.0, 0.0, 0.0, 0.0, 0.0], "program call": "xtb /home/svss/Project-DBcg-Debug/aqme2_20220329/End-to-End-workflows-final/example-3/QDESCP/mol_521_rdkit_conf_4/mol_521_rdkit_conf_4.xyz --pop --wbo --acc 0.2 --gfn 2 --chrg 0 --uhf 0 --etemp 300 --input /home/svss/Project-DBcg-Debug/aqme2_20220329/End-to-End-workflows-final/example-3/QDESCP/mol_521_rdkit_conf_4/mol_521_rdkit_conf_4_xtb.inp", "method": "GFN2-xTB", "xtb version": "6.3.3 (7355c4f)", "Dipole module/D": 1.8, "Total charge": 0, "Transition dipole module/D": NaN, "HOMO": -11.029, "LUMO": 0.8466, "HOMO occupancy": 2.0, "LUMO occupancy": 0, "mulliken charges": [-0.08663, -0.04448, -0.05513, 0.1986, -0.5698, 0.02952, 0.02404, 0.02981, 0.02168, 0.02738, 0.03861, 0.03616, 0.00818, 0.00744, 0.33463], "cm5 charges": [-0.23698, -0.15655, -0.16214, 0.11133, -0.78383, 0.08095, 0.07585, 0.08058, 0.07635, 0.08163, 0.09556, 0.09315, 0.07134, 0.07006, 0.50271], "FUKUI+": [0.029, -0.027, -0.02, -0.022, -0.161, -0.046, -0.029, -0.071, -0.061, -0.081, -0.072, -0.074, -0.097, -0.1, -0.169], "FUKUI-": [0.019, 0.011, 0.016, 0.021, -0.142, -0.074, -0.087, -0.069, -0.084, -0.107, -0.097, -0.09, -0.129, -0.119, -0.068], "FUKUIrad": [0.024, -0.008, -0.002, -0.0, -0.152, -0.06, -0.058, -0.07, -0.072, -0.094, -0.085, -0.082, -0.113, -0.109, -0.118], "s proportion": [1.008, 1.027, 1.032, 0.991, 1.695, 0.97, 0.976, 0.97, 0.978, 0.973, 0.961, 0.964, 0.992, 0.993, 0.665], "p proportion": [3.079, 3.017, 3.023, 2.811, 4.875, 0.0, 0.0, 0.0, 0.0, 0.0, 0.0, 0.0, 0.0, 0.0, 0.0], "d proportion": [0.0, 0.0, 0.0, 0.0, 0.0, 0.0, 0.0, 0.0, 0.0, 0.0, 0.0, 0.0, 0.0, 0.0, 0.0], "Fermi-level/eV": -5.0912, "Coordination numbers": [3.749, 3.799, 3.8, 3.674, 1.653, 0.924, 0.924, 0.924, 0.924, 0.924, 0.924, 0.924, 0.924, 0.924, 0.804], "Dispersion coefficient C6": [22.525, 21.574, 21.701, 19.357, 21.82, 2.484, 2.57, 2.529, 2.579, 2.513, 2.367, 2.351, 2.732, 2.783, 0.774], "Total dispersion C6": 1464.341299, "Total dispersion C8": 29866.447578, "Polarizability alpha": [6.769, 6.613, 6.633, 6.305, 6.306, 2.465, 2.507, 2.487, 2.511, 2.479, 2.406, 2.398, 2.585, 2.609, 1.382], "Total polarizability alpha": 56.453921, "Wiberg matrix": [[0.0, 1.0208255084180065, 0.0, 0.0, 0.0, 0.9871465085176512, 0.9867028494129235, 0.9870835623898653, 0.0, 0.0, 0.0, 0.0, 0.0, 0.0, 0.0], [1.0208255084180065, 0.0, 1.0072391543840773, 0.0, 0.0, 0.0, 0.0, 0.0, 0.9776363781533564, 0.9778334009597671, 0.0, 0.0, 0.0, 0.0, 0.0], [0.0, 1.0072391543840773, 0.0, 1.00715952334816, 0.0, 0.0, 0.0, 0.0, 0.0, 0.0, 0.9749468280204867, 0.9751479609751487, 0.0, 0.0, 0.0], [0.0, 0.0, 1.00715952334816, 0.0, 0.9871456697939787, 0.0, 0.0, 0.0, 0.0, 0.0, 0.0, 0.0, 0.9725873203841497, 0.9735836882934467, 0.0], [0.0, 0.0, 0.0, 0.9871456697939787, 0.0, 0.0, 0.0, 0.0, 0.0, 0.0, 0.0, 0.0, 0.0, 0.0, 0.9071594175891842], [0.9871465085176512, 0.0, 0.0, 0.0, 0.0, 0.0, 0.0, 0.0, 0.0, 0.0, 0.0, 0.0, 0.0, 0.0, 0.0], [0.9867028494129235, 0.0, 0.0, 0.0, 0.0, 0.0, 0.0, 0.0, 0.0, 0.0, 0.0, 0.0, 0.0, 0.0, 0.0], [0.9870835623898653, 0.0, 0.0, 0.0, 0.0, 0.0, 0.0, 0.0, 0.0, 0.0, 0.0, 0.0, 0.0, 0.0, 0.0], [0.0, 0.9776363781533564, 0.0, 0.0, 0.0, 0.0, 0.0, 0.0, 0.0, 0.0, 0.0, 0.0, 0.0, 0.0, 0.0], [0.0, 0.9778334009597671, 0.0, 0.0, 0.0, 0.0, 0.0, 0.0, 0.0, 0.0, 0.0, 0.0, 0.0, 0.0, 0.0], [0.0, 0.0, 0.9749468280204867, 0.0, 0.0, 0.0, 0.0, 0.0, 0.0, 0.0, 0.0, 0.0, 0.0, 0.0, 0.0], [0.0, 0.0, 0.9751479609751487, 0.0, 0.0, 0.0, 0.0, 0.0, 0.0, 0.0, 0.0, 0.0, 0.0, 0.0, 0.0], [0.0, 0.0, 0.0, 0.9725873203841497, 0.0, 0.0, 0.0, 0.0, 0.0, 0.0, 0.0, 0.0, 0.0, 0.0, 0.0], [0.0, 0.0, 0.0, 0.9735836882934467, 0.0, 0.0, 0.0, 0.0, 0.0, 0.0, 0.0, 0.0, 0.0, 0.0, 0.0], [0.0, 0.0, 0.0, 0.0, 0.9071594175891842, 0.0, 0.0, 0.0, 0.0, 0.0, 0.0, 0.0, 0.0, 0.0, 0.0]], "Born radii": [], "Atomic SASAs": [], "Solvent H bonds": [], "Total SASA": NaN, "Total FOD": 0.0, "FOD": [0.0, 0.0, 0.0, 0.0, 0.0, 0.0, 0.0, 0.0, 0.0, 0.0, 0.0, 0.0, 0.0, 0.0, 0.0], "FOD s proportion": [0.0, 0.0, 0.0, 0.0, 0.0, 0.0, 0.0, 0.0, 0.0, 0.0, 0.0, 0.0, 0.0, 0.0, 0.0], "FOD p proportion": [0.0, 0.0, 0.0, 0.0, 0.0, 0.0, 0.0, 0.0, 0.0, 0.0, 0.0, 0.0, 0.0, 0.0, 0.0], "FOD d proportion": [0.0, 0.0, 0.0, 0.0, 0.0, 0.0, 0.0, 0.0, 0.0, 0.0, 0.0, 0.0, 0.0, 0.0, 0.0], "coordinates": [["-1.66650", "0.73100", "-0.42260"], ["-1.06670", "-0.29290", "0.52860"], ["0.26360", "-0.86660", "0.04400"], ["1.38370", "0.16280", "-0.02370"], ["2.58760", "-0.49670", "-0.39480"], ["-1.77970", "0.31410", "-1.42830"], ["-1.04620", "1.62960", "-0.48770"], ["-2.65660", "1.03690", "-0.06940"], ["-0.93910", "0.16010", "1.51870"], ["-1.77910", "-1.11800", "0.64720"], ["0.56800", "-1.67780", "0.71770"], ["0.13750", "-1.33570", "-0.93980"], ["1.17340", "0.93290", "-0.77140"], ["1.53510", "0.63990", "0.94960"], ["3.28500", "0.18020", "-0.42700"]], "bond_dist": [[0.0, 1.5208263181573365, 2.5485932060648677, 3.128209150616372, 4.427797075296021, 1.0945557729051545, 1.0938427949207326, 1.0948164503696498, 2.150275159136616, 2.1391474469984533, 3.4778717313897594, 2.7916233144892595, 2.8683544167344457, 3.484461882414557, 4.982042979541626], [1.5208263181573365, 0.0, 1.5276344261635373, 2.5528724880024853, 3.7746669376250934, 2.1693952175664073, 2.1746935853126526, 2.1572561391730933, 1.096261269041281, 1.096526210357053, 2.150802387482402, 2.166501336256223, 2.8654203269328566, 2.7958397808172055, 4.4804338919350215], [2.5485932060648677, 1.5276344261635373, 0.0, 1.5227841803748816, 2.39381441427693, 2.7815094229572543, 2.868674845638662, 3.487655351378631, 2.162253516588654, 2.144685405834618, 1.0975319995334987, 1.097186611292719, 2.175043321407645, 2.169416018194758, 3.2321029067775675], [3.128209150616372, 2.5528724880024853, 1.5227841803748816, 0.0, 1.4219812481182725, 3.4645190734068705, 2.8759715315002685, 4.134025083378184, 2.78826198374543, 3.4776226491671003, 2.145425088414881, 2.1535449612209168, 1.0937711780806807, 1.0944675691860404, 1.9436808740119866], [4.427797075296021, 3.7746669376250934, 2.39381441427693, 1.4219812481182725, 0.0, 4.560573229321069, 4.211209391611868, 5.4735224271030445, 4.065769469608428, 4.5320907515185525, 2.5906442480587724, 2.6464950425043305, 2.045860542656806, 2.0511038905916004, 0.9724182279245901], [1.0945557729051545, 2.1693952175664073, 2.7815094229572543, 3.4645190734068705, 4.560573229321069, 0.0, 1.775750787695165, 1.771440842929845, 3.068408929722373, 2.5216286443487275, 3.7529557551348773, 2.576068347307579, 3.087916880358019, 4.092487396437526, 5.164466767247128], [1.0938427949207326, 2.1746935853126526, 2.868674845638662, 2.8759715315002685, 4.211209391611868, 1.775750787695165, 0.0, 1.7662548910052593, 2.4892853633121295, 3.0617717387160006, 3.8726638842016743, 3.2246773776612137, 2.3436084869277973, 3.1158381007363007, 4.567684127651561], [1.0948164503696498, 2.1572561391730933, 3.487655351378631, 4.134025083378184, 5.4735224271030445, 1.771440842929845, 1.7662548910052593, 0.0, 2.4981285195121568, 2.4345668649679766, 4.288026079678153, 3.767468875783847, 3.895191907980915, 4.332010952202221, 6.013686324543374], [2.150275159136616, 1.096261269041281, 2.162253516588654, 2.78826198374543, 4.065769469608428, 3.068408929722373, 2.4892853633121295, 2.4981285195121568, 0.0, 1.7602987984998455, 2.5081522720919476, 3.0725734246718988, 3.210052040076609, 2.58374698645204, 4.650717504858793], [2.1391474469984533, 1.096526210357053, 2.144685405834618, 3.4776226491671003, 4.5320907515185525, 2.5216286443487275, 3.0617717387160006, 2.4345668649679766, 1.7602987984998455, 0.0, 2.4139645192090122, 2.497862656352426, 3.86469572152841, 3.7637188803097392, 5.337072014691201], [3.4778717313897594, 2.150802387482402, 1.0975319995334987, 2.145425088414881, 2.5906442480587724, 3.7529557551348773, 3.8726638842016743, 4.288026079678153, 2.5081522720919476, 2.4139645192090122, 0.0, 1.746330126293422, 3.0658901578497555, 2.522061321617696, 3.4849090504631537], [2.7916233144892595, 2.166501336256223, 1.097186611292719, 2.1535449612209168, 2.6464950425043305, 2.576068347307579, 3.2246773776612137, 3.767468875783847, 3.0725734246718988, 2.497862656352426, 1.746330126293422, 0.0, 2.499598633781032, 3.070197628818054, 3.5309592039557747], [2.8683544167344457, 2.8654203269328566, 2.175043321407645, 1.0937711780806807, 2.045860542656806, 3.087916880358019, 2.3436084869277973, 3.895191907980915, 3.210052040076609, 3.86469572152841, 3.0658901578497555, 2.499598633781032, 0.0, 1.7828395581206964, 2.2680439171232996], [3.484461882414557, 2.7958397808172055, 2.169416018194758, 1.0944675691860404, 2.0511038905916004, 4.092487396437526, 3.1158381007363007, 4.332010952202221, 2.58374698645204, 3.7637188803097392, 2.522061321617696, 3.070197628818054, 1.7828395581206964, 0.0, 2.27343389171535], [4.982042979541626, 4.4804338919350215, 3.2321029067775675, 1.9436808740119866, 0.9724182279245901, 5.164466767247128, 4.567684127651561, 6.013686324543374, 4.650717504858793, 5.337072014691201, 3.4849090504631537, 3.5309592039557747, 2.2680439171232996, 2.27343389171535, 0.0]]}