{"total energy": -39.87489361, "HOMO-LUMO gap/eV": 11.94451239, "electronic energy": -40.40121835, "dipole": [-0.50974018, 0.15792936, 0.43275562], "partial charges": [-0.09992885, -0.05185912, -0.05824784, -0.05809435, -0.05772618, -0.05816571, -0.05873621, -0.05795746, -0.06336693, 0.12064365, -0.11613853, -0.44939023, 0.03196518, 0.0321175, 0.0308351, 0.02846286, 0.02820389, 0.02945096, 0.02979362, 0.02892782, 0.02831753, 0.02922002, 0.02837559, 0.02880367, 0.03092019, 0.02738509, 0.03051369, 0.02815221, 0.04778255, 0.03188369, 0.0477018, 0.01162468, 0.03209082, 0.04772332, 0.03641134, 0.28230467], "atomic dipole moments": [[-0.08470712, -0.05308012, 0.01286018], [0.00033585, 0.10579143, -0.03071624], [-0.00267226, -0.10518556, 0.03063184], [0.00077591, 0.10383071, -0.03001883], [-0.00188096, -0.10470415, 0.03063151], [0.00053608, 0.10565569, -0.03006079], [-0.00258698, -0.10563008, 0.03090333], [-0.00675371, 0.11735104, -0.02862498], [-0.02354669, -0.10438666, 0.04701402], [-0.00964462, -0.07537947, -0.16167039], [0.08395938, -0.05954613, 0.02196449], [-0.11003924, 0.11032177, 0.18073703], [0.00429392, 0.09894335, 0.07763951], [0.01047095, 0.0419321, -0.11824775], [0.09935585, -0.07107451, 0.02383129], [0.00559037, -0.0988271, -0.07382882], [-0.0003772, -0.04367716, 0.11541715], [-0.00216716, 0.09978687, 0.0736459], [0.0038394, 0.04471955, -0.11572338], [0.0019394, -0.09979695, -0.07373809], [-0.00403502, -0.04454899, 0.11557278], [0.0040482, 0.04462803, -0.11560943], [-0.001952, 0.09950603, 0.07354395], [-0.00405486, -0.04450495, 0.11551538], [0.00198055, -0.09998358, -0.07390806], [-0.00193061, 0.0989262, 0.07326396], [0.00408905, 0.04465687, -0.1157282], [-0.00401554, -0.04412779, 0.11532708], [0.00355554, -0.10283965, -0.07575791], [0.00220411, 0.10204103, 0.07096427], [0.00878225, 0.04052685, -0.12021809], [-0.00377873, -0.05268211, 0.10673418], [-0.10503174, -0.06418926, 0.01430609], [-0.01065921, 0.04273484, -0.12121176], [-0.00170203, 0.10026909, 0.08020351], [-0.06679692, -0.03437354, 0.02227466]], "atomic quadrupole moments": [[0.13779838, 0.14951046, -0.0160651, -0.035133, -0.02798902, -0.12173328], [0.23218742, 0.01284886, -0.01539032, 0.01101283, -0.06393718, -0.21679709], [0.23683605, 0.00172163, -0.01306299, 0.01468018, -0.0669037, -0.22377305], [0.2361054, 0.00076202, -0.01373555, 0.01485524, -0.06690465, -0.22236985], [0.23584165, 0.00090421, -0.01296848, 0.01485804, -0.06632321, -0.22287316], [0.23608785, 0.00095028, -0.01319859, 0.0148897, -0.06808225, -0.22288927], [0.23404953, 0.00272172, -0.01034256, 0.01469606, -0.06486967, -0.22370698], [0.23849294, -0.00302348, -0.01652518, 0.02068309, -0.08311437, -0.22196776], [0.23588265, 0.01050412, -0.01084146, 0.00123074, -0.06619994, -0.22504119], [-0.02318437, 0.00225649, 0.13841167, 0.01381474, 0.29157581, -0.11522729], [0.11698243, -0.16005987, 0.01750465, 0.03261323, -0.01483678, -0.13448707], [-0.06268142, 0.01134632, 0.04681825, -0.02441845, 0.1403408, 0.01586317], [-0.03523064, 0.00148209, 0.0286314, -0.01427703, 0.06157353, 0.00659924], [-0.03652274, 0.01096326, -0.03311558, 0.00571945, -0.03529672, 0.06963832], [0.03756314, -0.05139133, 0.01085299, 0.01788751, -0.02079223, -0.04841613], [-0.01700651, 0.00087789, 0.01047363, 0.00102376, 0.04833519, 0.00653288], [-0.0167056, 0.0017952, -0.03444656, -0.00494404, -0.02234018, 0.05115216], [-0.02035472, -0.0013754, 0.01116078, -0.00072678, 0.047469, 0.00919394], [-0.02025775, 0.00064487, -0.03236151, -0.00253907, -0.0209537, 0.05261926], [-0.01986392, -0.00137302, 0.01084491, -0.0007334, 0.04727084, 0.00901901], [-0.01985719, 0.00067891, -0.03257366, -0.00251542, -0.02102418, 0.05243085], [-0.0198855, 0.00062925, -0.03254919, -0.00247716, -0.02087919, 0.05243468], [-0.0200229, -0.00140213, 0.01101552, -0.00072824, 0.04757315, 0.00900737], [-0.01986099, 0.00067883, -0.03261831, -0.00254455, -0.021163, 0.0524793], [-0.01980902, -0.00131811, 0.01079521, -0.00069885, 0.04705379, 0.00901381], [-0.02039075, -0.00111174, 0.01133475, -0.00080172, 0.04777899, 0.009056], [-0.02022374, 0.0004623, -0.03222102, -0.00246563, -0.0206772, 0.05244476], [-0.02016257, 0.00041875, -0.03314297, -0.00278225, -0.02204171, 0.05330554], [-0.01791704, 9.423e-05, 0.00921997, 0.00042387, 0.04348466, 0.00869707], [-0.01811467, -0.00450198, 0.01621432, 0.0040207, 0.05421224, 0.00190034], [-0.01740345, -0.00903371, -0.03581384, 8.009e-05, -0.02260863, 0.05321729], [-0.02156241, 0.00306075, -0.00289361, 0.0026288, 0.00125946, 0.02445602], [0.04084159, 0.05591956, 0.00450512, -0.0172991, -0.02410704, -0.04534671], [-0.03300695, -0.00140348, -0.03371666, -0.01345777, -0.04066059, 0.06672361], [-0.03658052, -0.00020308, 0.02955482, 0.00962867, 0.06596567, 0.0070257], [0.06706033, 0.09942257, -0.00970443, -0.0361436, 0.00249939, -0.0573559]], "number of molecular orbitals": 72, "number of electrons": 74, "number of unpaired electrons": 0, "orbital energies/eV": [-18.48994199, -17.12748929, -16.87583633, -16.7720181, -16.60119383, -16.36044209, -16.04582529, -15.68159135, -15.31896883, -15.14528018, -15.07234642, -14.92317787, -14.89981188, -14.16355756, -14.10936276, -13.86961045, -13.82537266, -13.41305253, -13.37992688, -13.29464883, -12.95146476, -12.85129382, -12.8343772, -12.67973486, -12.48465305, -12.29173209, -12.17189601, -12.03561505, -11.77294799, -11.74549093, -11.70967118, -11.60873506, -11.43467906, -11.3108826, -11.2760905, -11.12744044, -10.98096751, 0.96354489, 1.09725647, 2.24101153, 2.69410165, 2.85299742, 2.94330806, 3.05834361, 3.25111967, 3.44826136, 3.71477079, 3.83794305, 3.8487077, 4.13810104, 4.30590847, 4.49951853, 4.57540059, 4.78617826, 5.02147976, 5.12708864, 5.26730791, 5.44891979, 5.55471411, 5.67501819, 6.19927792, 6.26853815, 6.54254356, 6.67789922, 6.95960157, 7.10996826, 7.32755064, 7.43369511, 7.5257981, 7.9170032, 8.37553281, 8.68610933], "fractional occupation": [2.0, 2.0, 2.0, 2.0, 2.0, 2.0, 2.0, 2.0, 2.0, 2.0, 2.0, 2.0, 2.0, 2.0, 2.0, 2.0, 2.0, 2.0, 2.0, 2.0, 2.0, 2.0, 2.0, 2.0, 2.0, 2.0, 2.0, 2.0, 2.0, 2.0, 2.0, 2.0, 2.0, 2.0, 2.0, 2.0, 2.0, 0.0, 0.0, 0.0, 0.0, 0.0, 0.0, 0.0, 0.0, 0.0, 0.0, 0.0, 0.0, 0.0, 0.0, 0.0, 0.0, 0.0, 0.0, 0.0, 0.0, 0.0, 0.0, 0.0, 0.0, 0.0, 0.0, 0.0, 0.0, 0.0, 0.0, 0.0, 0.0, 0.0, 0.0, 0.0], "program call": "xtb /home/svss/Project-DBcg-Debug/aqme2_20220329/End-to-End-workflows-final/example-3/QDESCP/mol_20_rdkit_conf_1/mol_20_rdkit_conf_1.xyz --pop --wbo --acc 0.2 --gfn 2 --chrg 0 --uhf 0 --etemp 300 --input /home/svss/Project-DBcg-Debug/aqme2_20220329/End-to-End-workflows-final/example-3/QDESCP/mol_20_rdkit_conf_1/mol_20_rdkit_conf_1_xtb.inp", "method": "GFN2-xTB", "xtb version": "6.3.3 (7355c4f)", "Dipole module/D": 1.746, "Total charge": 0, "Transition dipole module/D": NaN, "HOMO": -10.981, "LUMO": 0.9635, "HOMO occupancy": 2.0, "LUMO occupancy": 0, "mulliken charges": [-0.0835, -0.0385, -0.04662, -0.04549, -0.04539, -0.04507, -0.04676, -0.04033, -0.05445, 0.22645, -0.11155, -0.57008, 0.02633, 0.02652, 0.02768, 0.022, 0.02171, 0.0222, 0.02258, 0.02275, 0.02207, 0.02272, 0.02175, 0.02178, 0.02415, 0.01977, 0.02364, 0.01877, 0.03811, 0.01961, 0.03651, 0.00757, 0.02814, 0.04023, 0.03009, 0.33462], "cm5 charges": [-0.23383, -0.15101, -0.15725, -0.15618, -0.15609, -0.15579, -0.15748, -0.14995, -0.1599, 0.17701, -0.25754, -0.78089, 0.07763, 0.0778, 0.07846, 0.0767, 0.07642, 0.07753, 0.07792, 0.0781, 0.07743, 0.07807, 0.0771, 0.07714, 0.07952, 0.07513, 0.07901, 0.0746, 0.09606, 0.07548, 0.09437, 0.07355, 0.08129, 0.09386, 0.08184, 0.5039], "FUKUI+": [0.005, -0.01, -0.012, -0.013, -0.012, -0.011, -0.008, -0.008, 0.0, -0.025, 0.018, -0.065, -0.023, -0.023, -0.042, -0.026, -0.026, -0.03, -0.03, -0.033, -0.033, -0.034, -0.034, -0.033, -0.033, -0.033, -0.032, -0.032, -0.031, -0.055, -0.038, -0.046, -0.042, -0.036, -0.05, -0.063], "FUKUI-": [0.013, 0.001, 0.0, 0.001, -0.0, -0.002, -0.0, -0.002, 0.004, -0.002, 0.004, -0.081, -0.042, -0.043, -0.052, -0.054, -0.054, -0.047, -0.047, -0.034, -0.034, -0.029, -0.03, -0.032, -0.032, -0.038, -0.035, -0.028, -0.031, -0.032, -0.031, -0.061, -0.037, -0.034, -0.037, -0.042], "FUKUIrad": [0.009, -0.004, -0.006, -0.006, -0.006, -0.006, -0.004, -0.005, 0.002, -0.014, 0.011, -0.073, -0.033, -0.033, -0.047, -0.04, -0.04, -0.039, -0.039, -0.033, -0.034, -0.031, -0.032, -0.033, -0.033, -0.035, -0.034, -0.03, -0.031, -0.043, -0.034, -0.053, -0.039, -0.035, -0.044, -0.052], "s proportion": [1.007, 1.027, 1.032, 1.032, 1.032, 1.032, 1.033, 1.031, 1.036, 1.014, 1.02, 1.697, 0.974, 0.973, 0.972, 0.978, 0.978, 0.978, 0.977, 0.977, 0.978, 0.977, 0.978, 0.978, 0.976, 0.98, 0.976, 0.981, 0.962, 0.98, 0.963, 0.992, 0.972, 0.96, 0.97, 0.665], "p proportion": [3.076, 3.011, 3.014, 3.013, 3.013, 3.013, 3.014, 3.009, 3.019, 2.759, 3.092, 4.873, 0.0, 0.0, 0.0, 0.0, 0.0, 0.0, 0.0, 0.0, 0.0, 0.0, 0.0, 0.0, 0.0, 0.0, 0.0, 0.0, 0.0, 0.0, 0.0, 0.0, 0.0, 0.0, 0.0, 0.0], "d proportion": [0.0, 0.0, 0.0, 0.0, 0.0, 0.0, 0.0, 0.0, 0.0, 0.0, 0.0, 0.0, 0.0, 0.0, 0.0, 0.0, 0.0, 0.0, 0.0, 0.0, 0.0, 0.0, 0.0, 0.0, 0.0, 0.0, 0.0, 0.0, 0.0, 0.0, 0.0, 0.0, 0.0, 0.0, 0.0, 0.0], "Fermi-level/eV": -5.0087, "Coordination numbers": [3.75, 3.8, 3.802, 3.802, 3.802, 3.802, 3.802, 3.801, 3.802, 3.724, 3.75, 1.653, 0.924, 0.924, 0.924, 0.924, 0.924, 0.924, 0.924, 0.924, 0.924, 0.924, 0.924, 0.924, 0.924, 0.924, 0.924, 0.924, 0.924, 0.924, 0.924, 0.924, 0.924, 0.924, 0.924, 0.804], "Dispersion coefficient C6": [22.472, 21.505, 21.621, 21.618, 21.612, 21.62, 21.63, 21.617, 21.716, 18.711, 22.787, 21.832, 2.559, 2.557, 2.575, 2.609, 2.612, 2.594, 2.59, 2.602, 2.611, 2.598, 2.61, 2.604, 2.574, 2.624, 2.579, 2.613, 2.348, 2.56, 2.349, 2.864, 2.557, 2.349, 2.497, 0.777], "Total dispersion C6": 8696.723381, "Total dispersion C8": 181397.860189, "Polarizability alpha": [6.761, 6.603, 6.62, 6.62, 6.619, 6.62, 6.622, 6.62, 6.635, 6.177, 6.808, 6.308, 2.502, 2.501, 2.509, 2.526, 2.528, 2.519, 2.517, 2.523, 2.527, 2.521, 2.526, 2.523, 2.509, 2.533, 2.512, 2.528, 2.396, 2.502, 2.397, 2.647, 2.501, 2.397, 2.471, 1.385], "Total polarizability alpha": 138.005635, "Wiberg matrix": [[0.0, 1.020046123245037, 0.0, 0.0, 0.0, 0.0, 0.0, 0.0, 0.0, 0.0, 0.0, 0.0, 0.9877416507670831, 0.9877322005788405, 0.9874426183550339, 0.0, 0.0, 0.0, 0.0, 0.0, 0.0, 0.0, 0.0, 0.0, 0.0, 0.0, 0.0, 0.0, 0.0, 0.0, 0.0, 0.0, 0.0, 0.0, 0.0, 0.0], [1.020046123245037, 0.0, 1.0077631587836449, 0.0, 0.0, 0.0, 0.0, 0.0, 0.0, 0.0, 0.0, 0.0, 0.0, 0.0, 0.0, 0.9780973626277301, 0.978111232997243, 0.0, 0.0, 0.0, 0.0, 0.0, 0.0, 0.0, 0.0, 0.0, 0.0, 0.0, 0.0, 0.0, 0.0, 0.0, 0.0, 0.0, 0.0, 0.0], [0.0, 1.0077631587836449, 0.0, 1.0070702847591437, 0.0, 0.0, 0.0, 0.0, 0.0, 0.0, 0.0, 0.0, 0.0, 0.0, 0.0, 0.0, 0.0, 0.9772363788250601, 0.9772233636117957, 0.0, 0.0, 0.0, 0.0, 0.0, 0.0, 0.0, 0.0, 0.0, 0.0, 0.0, 0.0, 0.0, 0.0, 0.0, 0.0, 0.0], [0.0, 0.0, 1.0070702847591437, 0.0, 1.006914817876855, 0.0, 0.0, 0.0, 0.0, 0.0, 0.0, 0.0, 0.0, 0.0, 0.0, 0.0, 0.0, 0.0, 0.0, 0.9773267946818932, 0.9773588255510574, 0.0, 0.0, 0.0, 0.0, 0.0, 0.0, 0.0, 0.0, 0.0, 0.0, 0.0, 0.0, 0.0, 0.0, 0.0], [0.0, 0.0, 0.0, 1.006914817876855, 0.0, 1.006854359640851, 0.0, 0.0, 0.0, 0.0, 0.0, 0.0, 0.0, 0.0, 0.0, 0.0, 0.0, 0.0, 0.0, 0.0, 0.0, 0.9773046278566735, 0.9773365657171853, 0.0, 0.0, 0.0, 0.0, 0.0, 0.0, 0.0, 0.0, 0.0, 0.0, 0.0, 0.0, 0.0], [0.0, 0.0, 0.0, 0.0, 1.006854359640851, 0.0, 1.0069287857748186, 0.0, 0.0, 0.0, 0.0, 0.0, 0.0, 0.0, 0.0, 0.0, 0.0, 0.0, 0.0, 0.0, 0.0, 0.0, 0.0, 0.9772914586086388, 0.9771936142319899, 0.0, 0.0, 0.0, 0.0, 0.0, 0.0, 0.0, 0.0, 0.0, 0.0, 0.0], [0.0, 0.0, 0.0, 0.0, 0.0, 1.0069287857748186, 0.0, 1.00689529156371, 0.0, 0.0, 0.0, 0.0, 0.0, 0.0, 0.0, 0.0, 0.0, 0.0, 0.0, 0.0, 0.0, 0.0, 0.0, 0.0, 0.0, 0.9772347625814968, 0.977276995814577, 0.0, 0.0, 0.0, 0.0, 0.0, 0.0, 0.0, 0.0, 0.0], [0.0, 0.0, 0.0, 0.0, 0.0, 0.0, 1.00689529156371, 0.0, 1.006494975453423, 0.0, 0.0, 0.0, 0.0, 0.0, 0.0, 0.0, 0.0, 0.0, 0.0, 0.0, 0.0, 0.0, 0.0, 0.0, 0.0, 0.0, 0.0, 0.977371311492072, 0.9761601153749219, 0.0, 0.0, 0.0, 0.0, 0.0, 0.0, 0.0], [0.0, 0.0, 0.0, 0.0, 0.0, 0.0, 0.0, 1.006494975453423, 0.0, 0.9938109603221936, 0.0, 0.0, 0.0, 0.0, 0.0, 0.0, 0.0, 0.0, 0.0, 0.0, 0.0, 0.0, 0.0, 0.0, 0.0, 0.0, 0.0, 0.0, 0.0, 0.9755214948473863, 0.9750284316554058, 0.0, 0.0, 0.0, 0.0, 0.0], [0.0, 0.0, 0.0, 0.0, 0.0, 0.0, 0.0, 0.0, 0.9938109603221936, 0.0, 1.0025633894323067, 0.9795851425424523, 0.0, 0.0, 0.0, 0.0, 0.0, 0.0, 0.0, 0.0, 0.0, 0.0, 0.0, 0.0, 0.0, 0.0, 0.0, 0.0, 0.0, 0.0, 0.0, 0.9637664739163533, 0.0, 0.0, 0.0, 0.0], [0.0, 0.0, 0.0, 0.0, 0.0, 0.0, 0.0, 0.0, 0.0, 1.0025633894323067, 0.0, 0.0, 0.0, 0.0, 0.0, 0.0, 0.0, 0.0, 0.0, 0.0, 0.0, 0.0, 0.0, 0.0, 0.0, 0.0, 0.0, 0.0, 0.0, 0.0, 0.0, 0.0, 0.9846794738153946, 0.9854935322503133, 0.9855877507492108, 0.0], [0.0, 0.0, 0.0, 0.0, 0.0, 0.0, 0.0, 0.0, 0.0, 0.9795851425424523, 0.0, 0.0, 0.0, 0.0, 0.0, 0.0, 0.0, 0.0, 0.0, 0.0, 0.0, 0.0, 0.0, 0.0, 0.0, 0.0, 0.0, 0.0, 0.0, 0.0, 0.0, 0.0, 0.0, 0.0, 0.0, 0.9042676046639576], [0.9877416507670831, 0.0, 0.0, 0.0, 0.0, 0.0, 0.0, 0.0, 0.0, 0.0, 0.0, 0.0, 0.0, 0.0, 0.0, 0.0, 0.0, 0.0, 0.0, 0.0, 0.0, 0.0, 0.0, 0.0, 0.0, 0.0, 0.0, 0.0, 0.0, 0.0, 0.0, 0.0, 0.0, 0.0, 0.0, 0.0], [0.9877322005788405, 0.0, 0.0, 0.0, 0.0, 0.0, 0.0, 0.0, 0.0, 0.0, 0.0, 0.0, 0.0, 0.0, 0.0, 0.0, 0.0, 0.0, 0.0, 0.0, 0.0, 0.0, 0.0, 0.0, 0.0, 0.0, 0.0, 0.0, 0.0, 0.0, 0.0, 0.0, 0.0, 0.0, 0.0, 0.0], [0.9874426183550339, 0.0, 0.0, 0.0, 0.0, 0.0, 0.0, 0.0, 0.0, 0.0, 0.0, 0.0, 0.0, 0.0, 0.0, 0.0, 0.0, 0.0, 0.0, 0.0, 0.0, 0.0, 0.0, 0.0, 0.0, 0.0, 0.0, 0.0, 0.0, 0.0, 0.0, 0.0, 0.0, 0.0, 0.0, 0.0], [0.0, 0.9780973626277301, 0.0, 0.0, 0.0, 0.0, 0.0, 0.0, 0.0, 0.0, 0.0, 0.0, 0.0, 0.0, 0.0, 0.0, 0.0, 0.0, 0.0, 0.0, 0.0, 0.0, 0.0, 0.0, 0.0, 0.0, 0.0, 0.0, 0.0, 0.0, 0.0, 0.0, 0.0, 0.0, 0.0, 0.0], [0.0, 0.978111232997243, 0.0, 0.0, 0.0, 0.0, 0.0, 0.0, 0.0, 0.0, 0.0, 0.0, 0.0, 0.0, 0.0, 0.0, 0.0, 0.0, 0.0, 0.0, 0.0, 0.0, 0.0, 0.0, 0.0, 0.0, 0.0, 0.0, 0.0, 0.0, 0.0, 0.0, 0.0, 0.0, 0.0, 0.0], [0.0, 0.0, 0.9772363788250601, 0.0, 0.0, 0.0, 0.0, 0.0, 0.0, 0.0, 0.0, 0.0, 0.0, 0.0, 0.0, 0.0, 0.0, 0.0, 0.0, 0.0, 0.0, 0.0, 0.0, 0.0, 0.0, 0.0, 0.0, 0.0, 0.0, 0.0, 0.0, 0.0, 0.0, 0.0, 0.0, 0.0], [0.0, 0.0, 0.9772233636117957, 0.0, 0.0, 0.0, 0.0, 0.0, 0.0, 0.0, 0.0, 0.0, 0.0, 0.0, 0.0, 0.0, 0.0, 0.0, 0.0, 0.0, 0.0, 0.0, 0.0, 0.0, 0.0, 0.0, 0.0, 0.0, 0.0, 0.0, 0.0, 0.0, 0.0, 0.0, 0.0, 0.0], [0.0, 0.0, 0.0, 0.9773267946818932, 0.0, 0.0, 0.0, 0.0, 0.0, 0.0, 0.0, 0.0, 0.0, 0.0, 0.0, 0.0, 0.0, 0.0, 0.0, 0.0, 0.0, 0.0, 0.0, 0.0, 0.0, 0.0, 0.0, 0.0, 0.0, 0.0, 0.0, 0.0, 0.0, 0.0, 0.0, 0.0], [0.0, 0.0, 0.0, 0.9773588255510574, 0.0, 0.0, 0.0, 0.0, 0.0, 0.0, 0.0, 0.0, 0.0, 0.0, 0.0, 0.0, 0.0, 0.0, 0.0, 0.0, 0.0, 0.0, 0.0, 0.0, 0.0, 0.0, 0.0, 0.0, 0.0, 0.0, 0.0, 0.0, 0.0, 0.0, 0.0, 0.0], [0.0, 0.0, 0.0, 0.0, 0.9773046278566735, 0.0, 0.0, 0.0, 0.0, 0.0, 0.0, 0.0, 0.0, 0.0, 0.0, 0.0, 0.0, 0.0, 0.0, 0.0, 0.0, 0.0, 0.0, 0.0, 0.0, 0.0, 0.0, 0.0, 0.0, 0.0, 0.0, 0.0, 0.0, 0.0, 0.0, 0.0], [0.0, 0.0, 0.0, 0.0, 0.9773365657171853, 0.0, 0.0, 0.0, 0.0, 0.0, 0.0, 0.0, 0.0, 0.0, 0.0, 0.0, 0.0, 0.0, 0.0, 0.0, 0.0, 0.0, 0.0, 0.0, 0.0, 0.0, 0.0, 0.0, 0.0, 0.0, 0.0, 0.0, 0.0, 0.0, 0.0, 0.0], [0.0, 0.0, 0.0, 0.0, 0.0, 0.9772914586086388, 0.0, 0.0, 0.0, 0.0, 0.0, 0.0, 0.0, 0.0, 0.0, 0.0, 0.0, 0.0, 0.0, 0.0, 0.0, 0.0, 0.0, 0.0, 0.0, 0.0, 0.0, 0.0, 0.0, 0.0, 0.0, 0.0, 0.0, 0.0, 0.0, 0.0], [0.0, 0.0, 0.0, 0.0, 0.0, 0.9771936142319899, 0.0, 0.0, 0.0, 0.0, 0.0, 0.0, 0.0, 0.0, 0.0, 0.0, 0.0, 0.0, 0.0, 0.0, 0.0, 0.0, 0.0, 0.0, 0.0, 0.0, 0.0, 0.0, 0.0, 0.0, 0.0, 0.0, 0.0, 0.0, 0.0, 0.0], [0.0, 0.0, 0.0, 0.0, 0.0, 0.0, 0.9772347625814968, 0.0, 0.0, 0.0, 0.0, 0.0, 0.0, 0.0, 0.0, 0.0, 0.0, 0.0, 0.0, 0.0, 0.0, 0.0, 0.0, 0.0, 0.0, 0.0, 0.0, 0.0, 0.0, 0.0, 0.0, 0.0, 0.0, 0.0, 0.0, 0.0], [0.0, 0.0, 0.0, 0.0, 0.0, 0.0, 0.977276995814577, 0.0, 0.0, 0.0, 0.0, 0.0, 0.0, 0.0, 0.0, 0.0, 0.0, 0.0, 0.0, 0.0, 0.0, 0.0, 0.0, 0.0, 0.0, 0.0, 0.0, 0.0, 0.0, 0.0, 0.0, 0.0, 0.0, 0.0, 0.0, 0.0], [0.0, 0.0, 0.0, 0.0, 0.0, 0.0, 0.0, 0.977371311492072, 0.0, 0.0, 0.0, 0.0, 0.0, 0.0, 0.0, 0.0, 0.0, 0.0, 0.0, 0.0, 0.0, 0.0, 0.0, 0.0, 0.0, 0.0, 0.0, 0.0, 0.0, 0.0, 0.0, 0.0, 0.0, 0.0, 0.0, 0.0], [0.0, 0.0, 0.0, 0.0, 0.0, 0.0, 0.0, 0.9761601153749219, 0.0, 0.0, 0.0, 0.0, 0.0, 0.0, 0.0, 0.0, 0.0, 0.0, 0.0, 0.0, 0.0, 0.0, 0.0, 0.0, 0.0, 0.0, 0.0, 0.0, 0.0, 0.0, 0.0, 0.0, 0.0, 0.0, 0.0, 0.0], [0.0, 0.0, 0.0, 0.0, 0.0, 0.0, 0.0, 0.0, 0.9755214948473863, 0.0, 0.0, 0.0, 0.0, 0.0, 0.0, 0.0, 0.0, 0.0, 0.0, 0.0, 0.0, 0.0, 0.0, 0.0, 0.0, 0.0, 0.0, 0.0, 0.0, 0.0, 0.0, 0.0, 0.0, 0.0, 0.0, 0.0], [0.0, 0.0, 0.0, 0.0, 0.0, 0.0, 0.0, 0.0, 0.9750284316554058, 0.0, 0.0, 0.0, 0.0, 0.0, 0.0, 0.0, 0.0, 0.0, 0.0, 0.0, 0.0, 0.0, 0.0, 0.0, 0.0, 0.0, 0.0, 0.0, 0.0, 0.0, 0.0, 0.0, 0.0, 0.0, 0.0, 0.0], [0.0, 0.0, 0.0, 0.0, 0.0, 0.0, 0.0, 0.0, 0.0, 0.9637664739163533, 0.0, 0.0, 0.0, 0.0, 0.0, 0.0, 0.0, 0.0, 0.0, 0.0, 0.0, 0.0, 0.0, 0.0, 0.0, 0.0, 0.0, 0.0, 0.0, 0.0, 0.0, 0.0, 0.0, 0.0, 0.0, 0.0], [0.0, 0.0, 0.0, 0.0, 0.0, 0.0, 0.0, 0.0, 0.0, 0.0, 0.9846794738153946, 0.0, 0.0, 0.0, 0.0, 0.0, 0.0, 0.0, 0.0, 0.0, 0.0, 0.0, 0.0, 0.0, 0.0, 0.0, 0.0, 0.0, 0.0, 0.0, 0.0, 0.0, 0.0, 0.0, 0.0, 0.0], [0.0, 0.0, 0.0, 0.0, 0.0, 0.0, 0.0, 0.0, 0.0, 0.0, 0.9854935322503133, 0.0, 0.0, 0.0, 0.0, 0.0, 0.0, 0.0, 0.0, 0.0, 0.0, 0.0, 0.0, 0.0, 0.0, 0.0, 0.0, 0.0, 0.0, 0.0, 0.0, 0.0, 0.0, 0.0, 0.0, 0.0], [0.0, 0.0, 0.0, 0.0, 0.0, 0.0, 0.0, 0.0, 0.0, 0.0, 0.9855877507492108, 0.0, 0.0, 0.0, 0.0, 0.0, 0.0, 0.0, 0.0, 0.0, 0.0, 0.0, 0.0, 0.0, 0.0, 0.0, 0.0, 0.0, 0.0, 0.0, 0.0, 0.0, 0.0, 0.0, 0.0, 0.0], [0.0, 0.0, 0.0, 0.0, 0.0, 0.0, 0.0, 0.0, 0.0, 0.0, 0.0, 0.9042676046639576, 0.0, 0.0, 0.0, 0.0, 0.0, 0.0, 0.0, 0.0, 0.0, 0.0, 0.0, 0.0, 0.0, 0.0, 0.0, 0.0, 0.0, 0.0, 0.0, 0.0, 0.0, 0.0, 0.0, 0.0]], "Born radii": [], "Atomic SASAs": [], "Solvent H bonds": [], "Total SASA": NaN, "Total FOD": 0.0, "FOD": [0.0, 0.0, 0.0, 0.0, 0.0, 0.0, 0.0, 0.0, 0.0, 0.0, 0.0, 0.0, 0.0, 0.0, 0.0, 0.0, 0.0, 0.0, 0.0, 0.0, 0.0, 0.0, 0.0, 0.0, 0.0, 0.0, 0.0, 0.0, 0.0, 0.0, 0.0, 0.0, 0.0, 0.0, 0.0, 0.0], "FOD s proportion": [0.0, 0.0, 0.0, 0.0, 0.0, 0.0, 0.0, 0.0, 0.0, 0.0, 0.0, 0.0, 0.0, 0.0, 0.0, 0.0, 0.0, 0.0, 0.0, 0.0, 0.0, 0.0, 0.0, 0.0, 0.0, 0.0, 0.0, 0.0, 0.0, 0.0, 0.0, 0.0, 0.0, 0.0, 0.0, 0.0], "FOD p proportion": [0.0, 0.0, 0.0, 0.0, 0.0, 0.0, 0.0, 0.0, 0.0, 0.0, 0.0, 0.0, 0.0, 0.0, 0.0, 0.0, 0.0, 0.0, 0.0, 0.0, 0.0, 0.0, 0.0, 0.0, 0.0, 0.0, 0.0, 0.0, 0.0, 0.0, 0.0, 0.0, 0.0, 0.0, 0.0, 0.0], "FOD d proportion": [0.0, 0.0, 0.0, 0.0, 0.0, 0.0, 0.0, 0.0, 0.0, 0.0, 0.0, 0.0, 0.0, 0.0, 0.0, 0.0, 0.0, 0.0, 0.0, 0.0, 0.0, 0.0, 0.0, 0.0, 0.0, 0.0, 0.0, 0.0, 0.0, 0.0, 0.0, 0.0, 0.0, 0.0, 0.0, 0.0], "coordinates": [["6.47760", "0.36850", "0.34570"], ["5.20830", "-0.44510", "0.54240"], ["3.95910", "0.38900", "0.26010"], ["2.68460", "-0.43300", "0.45910"], ["1.43430", "0.40170", "0.17660"], ["0.15990", "-0.42040", "0.37570"], ["-1.09040", "0.41430", "0.09310"], ["-2.36530", "-0.40790", "0.29250"], ["-3.61700", "0.43030", "0.01030"], ["-4.90650", "-0.36350", "0.23870"], ["-6.13610", "0.50920", "0.02500"], ["-4.95240", "-1.45450", "-0.67660"], ["6.49950", "1.23050", "1.02000"], ["6.55330", "0.73460", "-0.68320"], ["7.35840", "-0.24730", "0.55280"], ["5.23290", "-1.31610", "-0.12280"], ["5.17940", "-0.82300", "1.57100"], ["3.94150", "1.26110", "0.92520"], ["3.99510", "0.76800", "-0.76860"], ["2.70220", "-1.30490", "-0.20610"], ["2.64870", "-0.81170", "1.48780"], ["1.47020", "0.78050", "-0.85210"], ["1.41670", "1.27360", "0.84180"], ["0.12390", "-0.79910", "1.40440"], ["0.17760", "-1.29220", "-0.28950"], ["-1.10770", "1.28630", "0.75820"], ["-1.05470", "0.79280", "-0.93570"], ["-2.40140", "-0.78430", "1.32200"], ["-2.34230", "-1.28070", "-0.37080"], ["-3.61320", "1.31800", "0.65430"], ["-3.57820", "0.77650", "-1.03040"], ["-4.91800", "-0.77300", "1.25510"], ["-7.05080", "-0.07240", "0.18250"], ["-6.17610", "0.88520", "-1.00330"], ["-6.14390", "1.36090", "0.71180"], ["-5.76900", "-1.95200", "-0.49960"]], "bond_dist": [[0.0, 1.5204467567133018, 2.520037670353362, 3.8784160181703045, 5.046243349264877, 6.366835674022064, 7.572352897217614, 8.877077650330653, 10.10035947677111, 11.408111404172033, 12.618560641768934, 11.619523496684364, 1.0946250956377712, 1.0947122498629493, 1.0944901507094524, 2.1463102059115315, 2.146242199752861, 2.750337837430158, 2.750285619712978, 4.166340835793442, 4.166262072889799, 5.165125709990028, 5.1650779306802335, 6.546269100793215, 6.546098344051974, 7.6517507264677675, 7.652291143180583, 9.00659483545252, 9.001325952325024, 10.140070455869623, 10.157717698873109, 11.488678338695014, 13.536566536976798, 12.735890372486724, 12.665747084953182, 12.493136671789035], [1.5204467567133018, 0.0, 1.5283706160483463, 2.5251033622408414, 3.8850940632113407, 5.051211888250185, 6.372916172365678, 7.577813062487093, 8.884558270392514, 10.119687311868882, 11.396218785632366, 10.283222931065922, 2.168625039051242, 2.168596885084916, 2.1592042538861387, 1.0962377479360943, 1.0962032567001432, 2.1592675887902364, 2.159209774431378, 2.753188242746943, 2.753130741537714, 4.173741393522124, 4.173703464550399, 5.169089219582112, 5.168904962368723, 6.552569847014224, 6.553040898697336, 7.657046877876613, 7.651386930485217, 8.996660795539643, 9.009361167696632, 10.156643706953592, 12.270043443688373, 11.565614983216413, 11.496207078858662, 11.12913414871076], [2.520037670353362, 1.5283706160483463, 0.0, 1.529586627164346, 2.5262122990754357, 3.8861822345330124, 5.052324152308519, 6.3744909388907285, 7.580329606290218, 8.897504007866477, 10.098652538334013, 9.14826384567039, 2.781942202850376, 2.781928807500293, 3.4707047511996754, 2.162532048317435, 2.162529745460164, 1.0969166695788701, 1.0968868173152597, 2.1601938014909683, 2.1601101684867836, 2.754066865564451, 2.7540315557378783, 4.174896781957609, 4.1747138644462805, 5.169691783849401, 5.170220741902612, 6.554404988250269, 6.549318656165692, 7.6392513985337605, 7.656790305996371, 9.007950566582835, 11.019837100883116, 10.225686922647299, 10.159686584732817, 10.034607849836485], [3.8784160181703045, 2.5251033622408414, 1.529586627164346, 0.0, 1.5296340836945286, 2.5261085507159033, 3.8861932903549716, 5.052709726473509, 6.376274060138884, 7.594616884346439, 8.881493801157552, 7.788263332733428, 4.199440804440515, 4.199402188407298, 4.678426083631118, 2.759040795276503, 2.7590666265967556, 2.1603290559542083, 2.160337598617401, 1.0968183122103679, 1.0967799186710157, 2.160230323368321, 2.1602113924336206, 2.754052612060997, 2.75384741770491, 4.174564958172288, 4.174975110105448, 5.17062898494951, 5.164983340728216, 6.5396015841945605, 6.550127047622817, 7.651715020830299, 9.746001902318714, 9.076798416291947, 9.012455090040671, 8.642327212620453], [5.046243349264877, 3.8850940632113407, 2.5262122990754357, 1.5296340836945286, 0.0, 1.5295700637760925, 2.5261118542139025, 3.886623872977677, 5.0541176618674, 6.387106707265818, 7.572680831119188, 6.705472807341776, 5.201392509703532, 5.201368997677439, 5.971405885551575, 4.179693668201056, 4.179714758210182, 2.7540918938917054, 2.754137863288619, 2.16021139243362, 2.160174150386954, 1.0968144510353608, 1.096818312210368, 2.1602225903827597, 2.1600558580740454, 2.7536411748809972, 2.754140791608156, 4.1750606762057965, 4.170470486647759, 5.152189750969969, 5.169379101013969, 6.549412006432332, 8.498336756683628, 7.7164839415371045, 7.65738982421556, 7.6081982768589835], [6.366835674022064, 5.051211888250185, 3.8861822345330124, 2.5261085507159033, 1.5295700637760925, 0.0, 1.5296525553209788, 2.526601181429313, 3.8887248887006653, 5.068571353941858, 6.37391266413339, 5.320931252139986, 6.582637880059938, 6.582617850825004, 7.202758518095688, 5.175529899440249, 5.175539498448447, 4.174912102068737, 4.174982166428977, 2.753928245252588, 2.7539076854535267, 2.1602175214547263, 2.1601924567038004, 1.0967831964431258, 1.09674042963684, 2.1600789105956295, 2.160295664949592, 2.754662336839127, 2.749251385377481, 4.163644572967294, 4.169301911591435, 5.165533808813954, 7.221677418024153, 6.614463573110068, 6.559259664016969, 6.185774313697518], [7.572352897217614, 6.372916172365678, 5.052324152308519, 3.8861932903549716, 2.5261118542139025, 1.5296525553209788, 0.0, 1.5300794783278415, 2.528007001572583, 3.897280001488218, 5.047051823589689, 4.358886959993342, 7.689727437302313, 7.689693327435107, 8.487123192813923, 6.559345993313662, 6.559381963264527, 5.170055924262329, 5.170100659561668, 4.174803473218829, 4.174821301564894, 2.7539386049801475, 2.753996839141251, 2.160178636131744, 2.160173374986369, 1.096832393759411, 1.0967981491596344, 2.1599903171079267, 2.157656557471554, 2.7379077723692595, 2.7536502918853003, 4.172582779286709, 5.980906069317591, 5.223809362907494, 5.1784846721796916, 5.276359250468073], [8.877077650330653, 7.577813062487093, 6.3744909388907285, 5.052709726473509, 3.886623872977677, 2.526601181429313, 1.5300794783278415, 0.0, 1.5326346498758274, 2.542157202062847, 3.8899307577384974, 2.9542533371395217, 9.044240700578463, 9.04426463013992, 9.728509142720686, 7.663546474707386, 7.663508879749537, 6.554509633069434, 6.554644321395327, 5.1703739913085585, 5.170299075488766, 4.175339982564294, 4.175248105202852, 2.7541742301459435, 2.754460183048577, 2.160728555372007, 2.1605157000123834, 1.0967453761014907, 1.096483346886764, 2.1602973082425483, 2.15034745564525, 2.7524850698959296, 4.698783938424919, 4.227694630646825, 4.193123405052611, 3.820581226724541], [10.10035947677111, 8.884558270392514, 7.580329606290218, 6.376274060138884, 5.0541176618674, 3.8887248887006653, 2.528007001572583, 1.5326346498758274, 0.0, 1.531370383022997, 2.520378168053358, 2.409895393995349, 10.198205056773471, 10.19845786528532, 11.009670892901386, 9.021549677300458, 9.021263677556489, 7.658863682035345, 7.6592945438858795, 6.556678781212329, 6.55626164365029, 5.171651345556852, 5.171139413127439, 4.177232574324776, 4.178022911617408, 2.7547553248882197, 2.755304618367995, 2.161826406074271, 2.167398971117224, 1.096704942087889, 1.0974590516278955, 2.1656543884008825, 3.474671577286118, 2.789858738359346, 2.7826861519043073, 3.2506084507365696], [11.408111404172033, 10.119687311868882, 8.897504007866477, 7.594616884346439, 6.387106707265818, 5.068571353941858, 3.897280001488218, 2.542157202062847, 1.531370383022997, 0.0, 1.5228884200754824, 1.4248374995065227, 11.543314155388826, 11.549144525028684, 12.269471596609204, 10.190464237217066, 10.183886406966645, 9.022068022909162, 9.029586264054407, 7.6796091495596315, 7.67086573275794, 6.5696943254614215, 6.559472864491475, 5.18203898190664, 5.195146941136507, 4.174039018744315, 4.1895833074424, 2.7615462226803302, 2.7906751387433117, 2.161663826777883, 2.1620813351953254, 1.095851933428965, 2.1646986256751766, 2.1711056745354425, 2.1745201148759237, 1.9525177054254848], [12.618560641768934, 11.396218785632366, 10.098652538334013, 8.881493801157552, 7.572680831119188, 6.37391266413339, 5.047051823589689, 3.8899307577384974, 2.520378168053358, 1.5228884200754824, 0.0, 2.3978127408119256, 12.695222961807328, 12.71114569029873, 13.525989625162367, 11.515542797888425, 11.498061275275933, 10.145626417821623, 10.165529589745928, 9.025514550982676, 9.003181198332067, 7.661508192908234, 7.635198585498611, 6.542323230321167, 6.573184912962665, 5.140649103955647, 5.179189068763565, 4.159727796382835, 4.213468653022115, 2.723086546549705, 2.7799587874643037, 2.154286531545885, 1.0953268461970609, 1.0956171274674378, 1.0941425729766665, 2.5431226887431126], [11.619523496684364, 10.283222931065922, 9.14826384567039, 7.788263332733428, 6.705472807341776, 5.320931252139986, 4.358886959993342, 2.9542533371395217, 2.409895393995349, 1.4248374995065227, 2.3978127408119256, 0.0, 11.884178144491104, 11.71210206837355, 12.430790515490155, 10.201283502089334, 10.397301056043343, 9.436191170700178, 9.219855015129035, 7.670505300826015, 7.9293467833107165, 6.802633020382622, 7.093201180003285, 5.525299254339081, 5.147143644780083, 4.93481040871886, 4.506612407341017, 3.309255354305557, 2.6336936211336353, 3.354326713365888, 2.6440425639539162, 2.048680184899537, 2.655472797827159, 2.6605207516574643, 3.3576485775018208, 0.972456070987271], [1.0946250956377712, 2.168625039051242, 2.781942202850376, 4.199440804440515, 5.201392509703532, 6.582637880059938, 7.689727437302313, 9.044240700578463, 10.198205056773471, 11.543314155388826, 12.695222961807328, 11.884178144491104, 0.0, 1.774739837271931, 1.7719700590021263, 3.0651980294917327, 2.50262407484624, 2.559938944584421, 3.1120757654658733, 4.727690943790637, 4.383842871271734, 5.385268507697643, 5.0861054540778055, 6.701888903883741, 6.93146630591248, 7.611908086675772, 7.815515428940051, 9.13108119830286, 9.296121627861803, 10.11968843542132, 10.294187362293343, 11.594334414273206, 13.638533086442983, 12.84070910580876, 12.647828072835273, 12.765327362038155], [1.0947122498629493, 2.168596885084916, 2.781928807500293, 4.199402188407298, 5.201368997677439, 6.582617850825004, 7.689693327435107, 9.04426463013992, 10.19845786528532, 11.549144525028684, 12.71114569029873, 11.71210206837355, 1.774739837271931, 0.0, 1.7720072291048925, 2.5025736372782323, 3.065148709279861, 3.1121780235070102, 2.559842956120551, 4.383851716242236, 4.727598317327732, 5.086112427974828, 5.385239600983414, 6.931629953337094, 6.701676538001517, 7.814917008516469, 7.612411410978784, 9.301319064519827, 9.126375359911513, 10.270685666497636, 10.13753400487515, 11.731180176776759, 13.655483232020753, 12.734314615635975, 12.788946967205705, 12.613112455298257], [1.0944901507094524, 2.1592042538861387, 3.4707047511996754, 4.678426083631118, 5.971405885551575, 7.202758518095688, 8.487123192813923, 9.728509142720686, 11.009670892901386, 12.269471596609204, 13.525989625162367, 12.430790515490155, 1.7719700590021263, 1.7720072291048925, 0.0, 2.4731597299810617, 2.4730957785738905, 3.7535527077690007, 3.753494230713563, 4.834733230489558, 4.834671286654347, 6.140115315692368, 6.1400697634473165, 7.305319708951827, 7.305147085445987, 8.606332978103973, 8.606839830623084, 9.804781164309585, 9.799210836082668, 11.083161683382588, 11.097923600385794, 12.307704202652905, 14.415018443970162, 13.670650815158726, 13.598665137799372, 13.279389240849895], [2.1463102059115315, 1.0962377479360943, 2.162532048317435, 2.759040795276503, 4.179693668201056, 5.175529899440249, 6.559345993313662, 7.663546474707386, 9.021549677300458, 10.190464237217066, 11.515542797888425, 10.201283502089334, 3.0651980294917327, 2.5025736372782323, 2.4731597299810617, 0.0, 1.7649272789551416, 3.067242703145612, 2.508521335368707, 2.53209534180686, 3.0865095755561813, 4.368697899832397, 4.711728100177258, 5.357379008433135, 5.058104209088619, 6.910271711011081, 6.681480328490086, 7.7879904192288265, 7.579341145508625, 9.262605056354287, 9.101549084084533, 10.258378859741923, 12.350274631359417, 11.652737143692892, 11.71727205453556, 11.026701712660952], [2.146242199752861, 1.0962032567001432, 2.162529745460164, 2.7590666265967556, 4.179714758210182, 5.175539498448447, 6.559381963264527, 7.663508879749537, 9.021263677556489, 10.183886406966645, 11.498061275275933, 10.397301056043343, 2.50262407484624, 3.065148709279861, 2.4730957785738905, 1.7649272789551416, 0.0, 2.5085706806865145, 3.0671771468240956, 3.086556634827879, 2.532092498310439, 4.7117714821497865, 4.368681207183697, 5.058300803629614, 5.3572018937128, 6.681123912935608, 6.910742169984349, 7.584986969665802, 7.781776623625224, 9.095825121999654, 9.274763607230106, 10.102464034580871, 12.33163106202906, 11.768277188271867, 11.563942525799753, 11.199530700882068], [2.750337837430158, 2.1592675887902364, 1.0969166695788701, 2.1603290559542083, 2.7540918938917054, 4.174912102068737, 5.170055924262329, 6.554509633069434, 7.658863682035345, 9.022068022909162, 10.145626417821623, 9.436191170700178, 2.559938944584421, 3.1121780235070102, 3.7535527077690007, 3.067242703145612, 2.5085706806865145, 0.0, 1.7649303130718788, 3.0659517576113293, 2.5068606742298227, 3.081735767388243, 2.5262079981664214, 4.364415933432559, 4.707629997142936, 5.052023820213043, 5.352034018950179, 6.67633820368621, 6.901195960121695, 7.55976960693909, 7.7849275276010115, 9.09599566127865, 11.097769362804401, 10.306611607118995, 10.088151107115714, 10.327045894155791], [2.750285619712978, 2.159209774431378, 1.0968868173152597, 2.160337598617401, 2.754137863288619, 4.174982166428977, 5.170100659561668, 6.554644321395327, 7.6592945438858795, 9.029586264054407, 10.165529589745928, 9.219855015129035, 3.1120757654658733, 2.559842956120551, 3.753494230713563, 2.508521335368707, 3.0671771468240956, 1.7649303130718788, 0.0, 2.5069724908742015, 3.0658744282830632, 2.5263112456702554, 3.081747244664948, 4.707857352341933, 4.364317483868469, 5.35147839106167, 5.0526248119170685, 6.906189680279567, 6.672185196020866, 7.75972765630341, 7.577828473909923, 9.268947852911893, 11.118577704904526, 10.174582515759552, 10.263646309669873, 10.139448200469293], [4.166340835793442, 2.753188242746943, 2.1601938014909683, 1.0968183122103679, 2.16021139243362, 2.753928245252588, 4.174803473218829, 5.1703739913085585, 6.556678781212329, 7.6796091495596315, 9.025514550982676, 7.670505300826015, 4.727690943790637, 4.383851716242236, 4.834733230489558, 2.53209534180686, 3.086556634827879, 3.0659517576113293, 2.5069724908742015, 0.0, 1.7650511890593996, 2.5067973910948607, 3.0658223872233696, 3.0817486562015404, 2.526009107267826, 4.707390990771851, 4.364282192984317, 5.352835410322271, 5.0472459797398415, 6.892326873415103, 6.66746733100358, 7.777240583266021, 9.838245535155139, 9.179121784789654, 9.2845309660747, 8.500947600120824], [4.166262072889799, 2.753130741537714, 2.1601101684867836, 1.0967799186710157, 2.160174150386954, 2.7539076854535267, 4.174821301564894, 5.170299075488766, 6.55626164365029, 7.67086573275794, 9.003181198332067, 7.9293467833107165, 4.383842871271734, 4.727598317327732, 4.834671286654347, 3.0865095755561813, 2.532092498310439, 2.5068606742298227, 3.0658744282830632, 1.7650511890593996, 0.0, 3.0657943668811187, 2.506714201898573, 2.5262084949584027, 3.0815597917288575, 4.363996003664531, 4.707753610799953, 5.052895250250098, 5.3464414295866, 6.666463526488388, 6.90202825914238, 7.570376203994092, 9.814819042142346, 9.32534953017848, 9.090224503278233, 8.723973643930844], [5.165125709990028, 4.173741393522124, 2.754066865564451, 2.160230323368321, 1.0968144510353608, 2.1602175214547263, 2.7539386049801475, 4.175339982564294, 5.171651345556852, 6.5696943254614215, 7.661508192908234, 6.802633020382622, 5.385268507697643, 5.086112427974828, 6.140115315692368, 4.368697899832397, 4.7117714821497865, 3.081735767388243, 2.5263112456702554, 2.5067973910948607, 3.0657943668811187, 0.0, 1.7650232491386622, 3.0658525894113047, 2.5066748512720993, 3.0813094846185116, 2.5263135711942013, 4.7079290999334305, 4.360659512046315, 5.3290808560201075, 5.051549212865297, 6.903821646740304, 8.625849324559292, 7.648511438181942, 7.794688331165013, 7.745762011577686], [5.1650779306802335, 4.173703464550399, 2.7540315557378783, 2.1602113924336206, 1.096818312210368, 2.1601924567038004, 2.753996839141251, 4.175248105202852, 5.171139413127439, 6.559472864491475, 7.635198585498611, 7.093201180003285, 5.0861054540778055, 5.385239600983414, 6.1400697634473165, 4.711728100177258, 4.368681207183697, 2.5262079981664214, 3.081747244664948, 3.0658223872233696, 2.506714201898573, 1.7650232491386622, 0.0, 2.5067779897709332, 3.065703531002305, 2.5258158305783107, 3.081962499771858, 4.3638780986640775, 4.703714303611561, 5.033589337639692, 5.357356368583295, 6.669918480761215, 8.59912488221912, 7.82341743805097, 7.562221475862765, 7.989876958376769], [6.546269100793215, 5.169089219582112, 4.174896781957609, 2.754052612060997, 2.1602225903827597, 1.0967831964431258, 2.160178636131744, 2.7541742301459435, 4.177232574324776, 5.18203898190664, 6.542323230321167, 5.525299254339081, 6.701888903883741, 6.931629953337094, 7.305319708951827, 5.357379008433135, 5.058300803629614, 4.364415933432559, 4.707857352341933, 3.0817486562015404, 2.5262084949584027, 3.0658525894113047, 2.5067779897709332, 0.0, 1.7650293227026004, 2.506652381164967, 3.0658296723725535, 2.526687335227689, 3.0765916271094538, 4.360123717281425, 4.7027981893761925, 5.044177565272658, 7.314195279728318, 6.951538375064904, 6.665629122596006, 6.299259069128686], [6.546098344051974, 5.168904962368723, 4.1747138644462805, 2.75384741770491, 2.1600558580740454, 1.09674042963684, 2.160173374986369, 2.754460183048577, 4.178022911617408, 5.195146941136507, 6.573184912962665, 5.147143644780083, 6.93146630591248, 6.701676538001517, 7.305147085445987, 5.058104209088619, 5.3572018937128, 4.707629997142936, 4.364317483868469, 2.526009107267826, 3.0815597917288575, 2.5066748512720993, 3.065703531002305, 1.7650293227026004, 0.0, 3.0656701763236045, 2.506663665113451, 3.083202176309559, 2.5212373846982357, 4.6983047070193305, 4.351377499137485, 5.349812815417003, 7.345778556422729, 6.754264200488459, 6.928412772778482, 5.986779569184088], [7.6517507264677675, 6.552569847014224, 5.169691783849401, 4.174564958172288, 2.7536411748809972, 2.1600789105956295, 1.096832393759411, 2.160728555372007, 2.7547553248882197, 4.174039018744315, 5.140649103955647, 4.93481040871886, 7.611908086675772, 7.814917008516469, 8.606332978103973, 6.910271711011081, 6.681123912935608, 5.052023820213043, 5.35147839106167, 4.707390990771851, 4.363996003664531, 3.0813094846185116, 2.5258158305783107, 2.506652381164967, 3.0656701763236045, 0.0, 1.7651199562635962, 2.5057762250448463, 3.0640442490277455, 2.507853733773164, 3.092305976128494, 4.359588534483501, 6.123555649293962, 5.380747347720389, 5.036966205961681, 5.8134641497131465], [7.652291143180583, 6.553040898697336, 5.170220741902612, 4.174975110105448, 2.754140791608156, 2.160295664949592, 1.0967981491596344, 2.1605157000123834, 2.755304618367995, 4.1895833074424, 5.179189068763565, 4.506612407341017, 7.815515428940051, 7.612411410978784, 8.606839830623084, 6.681480328490086, 6.910742169984349, 5.352034018950179, 5.0526248119170685, 4.364282192984317, 4.707753610799953, 2.5263135711942013, 3.081962499771858, 3.0658296723725535, 2.506663665113451, 1.7651199562635962, 0.0, 3.065624665545344, 2.505280028260314, 3.0577536346147967, 2.525328895411447, 4.709184767027091, 6.160532240805173, 5.122679521500442, 5.379307622733617, 5.472543717504685], [9.00659483545252, 7.657046877876613, 6.554404988250269, 5.17062898494951, 4.1750606762057965, 2.754662336839127, 2.1599903171079267, 1.0967453761014907, 2.161826406074271, 2.7615462226803302, 4.159727796382835, 3.309255354305557, 9.13108119830286, 9.301319064519827, 9.804781164309585, 7.7879904192288265, 7.584986969665802, 6.67633820368621, 6.906189680279567, 5.352835410322271, 5.052895250250098, 4.7079290999334305, 4.3638780986640775, 2.526687335227689, 3.083202176309559, 2.5057762250448463, 3.065624665545344, 0.0, 1.7650715594558766, 2.5167335615833473, 3.0585520495816314, 2.5175144210113274, 4.8396469106743725, 4.737363236020646, 4.356665391099023, 4.002808964964479], [9.001325952325024, 7.651386930485217, 6.549318656165692, 5.164983340728216, 4.170470486647759, 2.749251385377481, 2.157656557471554, 1.096483346886764, 2.167398971117224, 2.7906751387433117, 4.213468653022115, 2.6336936211336353, 9.296121627861803, 9.126375359911513, 9.799210836082668, 7.579341145508625, 7.781776623625224, 6.901195960121695, 6.672185196020866, 5.0472459797398415, 5.3464414295866, 4.360659512046315, 4.703714303611561, 3.0765916271094538, 2.5212373846982357, 3.0640442490277455, 2.505280028260314, 1.7650715594558766, 0.0, 3.0690810530189654, 2.488893892876914, 3.087967064267364, 4.892453579749122, 4.4485055355703444, 4.75418088423232, 3.4942103571479497], [10.140070455869623, 8.996660795539643, 7.6392513985337605, 6.5396015841945605, 5.152189750969969, 4.163644572967294, 2.7379077723692595, 2.1602973082425483, 1.096704942087889, 2.161663826777883, 2.723086546549705, 3.354326713365888, 10.11968843542132, 10.270685666497636, 11.083161683382588, 9