{"total energy": -52.91257582, "HOMO-LUMO gap/eV": 3.59276158, "electronic energy": -53.52499823, "dipole": [-1.37589428, -1.15149074, -2.33828427], "partial charges": [-0.1015126, -0.05345695, -0.06259815, 0.00018997, -0.13609548, -0.04553073, 0.31441738, -0.45815425, -0.17924515, 0.08293644, -0.0603938, -0.04051307, 0.08012475, -0.15281844, 0.08832208, -0.1394489, -0.05508602, 0.03729926, 0.03576607, 0.03282793, 0.02949992, 0.03736714, 0.04485888, 0.03116226, 0.03947218, 0.07296603, 0.04323582, 0.05090461, 0.0646772, 0.18028548, 0.04562604, 0.06846557, 0.10444853], "atomic dipole moments": [[0.05240565, -0.08505381, 0.04010722], [0.05248611, 0.062656, -0.08334765], [-0.03181356, -0.08326525, 0.08517616], [0.11198597, 0.05433442, -0.11601736], [-0.0357145, 0.01794188, -0.05008496], [0.0007502, 0.07275707, 0.12931427], [0.03601678, -0.01864544, -0.0409188], [0.0202134, -0.09466015, -0.18740725], [-0.00325693, 0.04268828, 0.03497128], [-0.13812955, -0.04173711, -0.0238423], [-0.0197171, -0.00243638, 0.03526023], [0.00510265, 0.01128342, 0.0495003], [0.19446502, 0.07451231, 0.07605586], [0.00357885, 0.01010324, 0.038777], [0.06525528, 0.05833689, 0.20938658], [-0.01711775, 0.01387014, 0.03677116], [0.05045689, 0.01240824, -0.04595652], [0.06279634, 0.1083133, 0.0205458], [-0.11284624, 0.01079875, 0.05360163], [-0.01786146, -0.01232124, -0.12358224], [-0.06957028, -0.09970786, -0.01743982], [0.00759629, 0.01590231, 0.12399212], [0.0680409, 0.10761729, 0.01504222], [-0.01025742, -0.01040159, -0.12179427], [-0.0625295, -0.10528052, -0.013799], [0.00776227, 0.01221807, 0.12943285], [-0.01763939, 0.08855979, -0.08256164], [0.11322132, -0.05756092, -0.01521574], [-0.09112372, -0.0942791, -0.00627887], [-0.01836119, -0.01815024, -0.1293331], [-0.02169106, -0.033029, -0.14497236], [0.10488138, 0.01209473, -0.11408214], [-0.10528701, -0.01472993, 0.12037884]], "atomic quadrupole moments": [[-0.02815903, -0.14222657, 0.09614961, 0.05930541, -0.11171888, -0.06799059], [0.12959714, -0.15835977, -0.00805679, -0.06946292, -0.10020298, -0.12154035], [0.12507044, -0.17586896, -0.01327086, -0.06419284, -0.11244223, -0.11179958], [0.22494466, -0.12225444, -0.07714937, -0.11629267, -0.05958043, -0.14779529], [0.00601335, -0.01317676, -0.06640523, -0.04906174, 0.05816468, 0.06039188], [-0.11670275, -0.00058975, -0.09698523, -0.02935416, 0.2029878, 0.21368799], [-0.13654497, -0.17668032, 0.22303263, 0.049964, -0.27601234, -0.08648766], [-0.07380937, -0.05292092, 0.07674203, 0.03499142, -0.06150854, -0.00293266], [0.04067663, 0.01421626, -0.0034671, -0.03219033, 0.01665285, -0.03720952], [-0.01895292, -0.10813566, 0.33878708, 0.09679544, -0.09414766, -0.31983416], [-0.14327468, -0.17478253, 0.3724097, 0.03167619, -0.1177971, -0.22913502], [-0.19546157, -0.20725204, 0.42354527, 0.06575327, -0.11336282, -0.2280837], [0.15600698, 0.00137344, 0.2382516, 0.1720722, -0.06169938, -0.39425857], [0.3572177, 0.2001833, -0.14384873, 0.13375992, 0.04147606, -0.21336896], [-0.36722455, -0.17556757, 0.23132441, 0.15204741, 0.02136552, 0.13590014], [-0.21467476, 0.01966263, -0.17584488, 0.13285647, 0.14194741, 0.39051964], [-0.15739006, -0.19867935, 0.40509802, 0.06638097, -0.09692236, -0.24770796], [0.00064295, 0.051545, 0.03817834, 0.02401289, 0.0129737, -0.03882129], [0.05450863, -0.01054443, -0.03679048, -0.05197378, -0.00899844, -0.01771815], [-0.04910146, -0.00675835, -0.02712665, 0.01159357, 0.02134217, 0.07622811], [0.00030136, 0.03017949, 0.03349462, 0.0126501, 0.02055771, -0.03379598], [-0.02034015, -0.00680671, -0.02781922, 0.01620801, 0.01733639, 0.04815937], [0.00123257, 0.03301453, 0.02297964, 0.0142515, 0.02100398, -0.02421221], [-0.02600558, -0.00294812, -0.02762413, 0.01270116, 0.0232408, 0.05362971], [0.00893917, 0.02728158, 0.02542227, 0.01154345, 0.02670167, -0.03436144], [-0.01186256, -0.00837769, -0.02401978, 0.01338318, 0.01970138, 0.03588234], [-0.05655703, -0.01556088, 0.02000748, 0.01319361, -0.03725296, 0.03654955], [0.05637369, -0.04017282, -0.03054521, 0.00236938, 0.01374162, -0.02582848], [0.0162345, 0.05672869, 0.0023069, -0.01103279, 0.00827466, -0.0185414], [0.01861508, 0.02321525, -0.05685106, -0.00656372, 0.02572696, 0.03823598], [0.02690058, 0.02926511, -0.05420923, 0.00265778, 0.01796254, 0.02730865], [0.02914891, 0.02858132, -0.05076724, 0.00101859, 0.01590618, 0.02161833], [0.02668515, 0.02453779, -0.04375967, 0.00428783, 0.01295778, 0.01707452]], "number of molecular orbitals": 94, "number of electrons": 94, "number of unpaired electrons": 0, "orbital energies/eV": [-28.69131864, -28.63141085, -19.04813932, -18.45854075, -18.36471349, -18.18672058, -17.76741285, -17.42071801, -17.36326249, -17.14362919, -16.89498219, -16.62205409, -16.37313, -16.01979569, -15.81222588, -15.55506378, -15.45526266, -15.22707144, -15.09475883, -14.61002427, -14.45861618, -14.35022798, -14.30643989, -14.18911517, -13.95677806, -13.85130163, -13.74860045, -13.67028556, -13.6138822, -13.44795366, -13.21009615, -13.029227, -12.92362163, -12.79947278, -12.42945835, -12.38537077, -12.31847861, -12.19292069, -12.06111757, -11.70323475, -11.61149961, -11.385234, -11.34338173, -11.01245175, -10.97256617, -10.63484251, -10.38379724, -6.79103566, -6.68320032, -5.19659266, -4.0331164, -3.64699884, -3.2349585, -1.24794797, 0.05577508, 0.39698003, 0.53865591, 0.57099859, 0.57160002, 0.60504597, 0.6055197, 0.7809553, 1.0634597, 1.66383642, 1.89205607, 2.50521877, 2.88711692, 3.09727176, 3.26420446, 3.50015539, 3.81704458, 3.9411253, 4.02712419, 4.09688042, 4.53733964, 4.62299534, 4.69608768, 4.90762965, 5.24541387, 5.31811932, 5.57668778, 6.18089982, 6.51761256, 6.80572635, 7.09158871, 7.88807136, 8.83719385, 9.61422394, 9.94254488, 10.99343447, 11.92490444, 15.696146, 15.92886285, 16.82934235], "fractional occupation": [2.0, 2.0, 2.0, 2.0, 2.0, 2.0, 2.0, 2.0, 2.0, 2.0, 2.0, 2.0, 2.0, 2.0, 2.0, 2.0, 2.0, 2.0, 2.0, 2.0, 2.0, 2.0, 2.0, 2.0, 2.0, 2.0, 2.0, 2.0, 2.0, 2.0, 2.0, 2.0, 2.0, 2.0, 2.0, 2.0, 2.0, 2.0, 2.0, 2.0, 2.0, 2.0, 2.0, 2.0, 2.0, 2.0, 2.0, 0.0, 0.0, 0.0, 0.0, 0.0, 0.0, 0.0, 0.0, 0.0, 0.0, 0.0, 0.0, 0.0, 0.0, 0.0, 0.0, 0.0, 0.0, 0.0, 0.0, 0.0, 0.0, 0.0, 0.0, 0.0, 0.0, 0.0, 0.0, 0.0, 0.0, 0.0, 0.0, 0.0, 0.0, 0.0, 0.0, 0.0, 0.0, 0.0, 0.0, 0.0, 0.0, 0.0, 0.0, 0.0, 0.0, 0.0], "program call": "xtb /home/svss/Project-DBcg-Debug/aqme2_20220329/End-to-End-workflows-final/example-3/QDESCP/mol_370_rdkit_conf_22/mol_370_rdkit_conf_22.xyz --pop --wbo --acc 0.2 --gfn 2 --chrg 0 --uhf 0 --etemp 300 --input /home/svss/Project-DBcg-Debug/aqme2_20220329/End-to-End-workflows-final/example-3/QDESCP/mol_370_rdkit_conf_22/mol_370_rdkit_conf_22_xtb.inp", "method": "GFN2-xTB", "xtb version": "6.3.3 (7355c4f)", "Dipole module/D": 7.491, "Total charge": 0, "Transition dipole module/D": NaN, "HOMO": -10.3838, "LUMO": -6.791, "HOMO occupancy": 2.0, "LUMO occupancy": 0, "mulliken charges": [-0.08257, -0.03901, -0.05905, 0.09541, -0.3071, 0.05588, 0.55859, -0.5719, -0.34317, 0.15535, -0.07835, -0.04149, 0.07827, -0.11108, 0.09344, -0.09568, -0.06979, 0.03101, 0.03069, 0.02582, 0.02005, 0.02954, 0.04107, 0.01977, 0.02224, 0.05662, 0.0302, 0.03386, 0.04412, 0.22273, 0.03297, 0.04346, 0.07814], "cm5 charges": [-0.23289, -0.15127, -0.16376, 0.04717, -0.56432, -0.03192, 0.71764, -0.61636, -0.68643, 0.2076, -0.12599, -0.09301, 0.07439, -0.1121, 0.08968, -0.09676, -0.11337, 0.08231, 0.08147, 0.07711, 0.07483, 0.08437, 0.0998, 0.07754, 0.08755, 0.1269, 0.0928, 0.09845, 0.10551, 0.42661, 0.09176, 0.10002, 0.14466], "FUKUI+": [0.005, 0.002, 0.002, 0.013, -0.042, 0.019, -0.033, -0.069, -0.02, -0.053, -0.041, -0.036, -0.047, -0.121, -0.042, -0.119, -0.032, -0.003, -0.013, -0.006, -0.01, -0.005, 0.002, -0.01, -0.026, -0.011, -0.023, -0.01, -0.032, -0.036, -0.071, -0.072, -0.059], "FUKUI-": [0.007, 0.002, -0.004, 0.011, -0.075, 0.024, -0.0, -0.049, -0.042, -0.02, -0.025, -0.014, -0.025, -0.171, -0.014, -0.123, -0.011, -0.019, -0.033, -0.02, -0.025, -0.022, -0.015, -0.024, -0.036, -0.031, -0.04, -0.027, -0.036, -0.029, -0.041, -0.042, -0.029], "FUKUIrad": [0.006, 0.002, -0.001, 0.012, -0.059, 0.021, -0.017, -0.059, -0.031, -0.037, -0.033, -0.025, -0.036, -0.146, -0.028, -0.121, -0.021, -0.011, -0.023, -0.013, -0.017, -0.014, -0.007, -0.017, -0.031, -0.021, -0.032, -0.018, -0.034, -0.033, -0.056, -0.057, -0.044], "s proportion": [1.008, 1.027, 1.036, 1.01, 1.441, 0.985, 0.943, 1.723, 1.418, 1.038, 1.058, 1.062, 1.075, 1.945, 1.082, 1.945, 1.064, 0.969, 0.969, 0.974, 0.98, 0.97, 0.959, 0.98, 0.978, 0.943, 0.97, 0.966, 0.956, 0.777, 0.967, 0.957, 0.922], "p proportion": [3.075, 3.012, 3.023, 2.895, 3.866, 2.96, 2.499, 4.849, 3.926, 2.807, 3.021, 2.98, 2.846, 5.175, 2.825, 5.161, 3.005, 0.0, 0.0, 0.0, 0.0, 0.0, 0.0, 0.0, 0.0, 0.0, 0.0, 0.0, 0.0, 0.0, 0.0, 0.0, 0.0], "d proportion": [0.0, 0.0, 0.0, 0.0, 0.0, 0.0, 0.0, 0.0, 0.0, 0.0, 0.0, 0.0, 0.0, -0.009, 0.0, -0.01, 0.0, 0.0, 0.0, 0.0, 0.0, 0.0, 0.0, 0.0, 0.0, 0.0, 0.0, 0.0, 0.0, 0.0, 0.0, 0.0, 0.0], "Fermi-level/eV": -8.5874, "Coordination numbers": [3.75, 3.8, 3.801, 3.745, 2.732, 3.687, 2.689, 0.858, 2.694, 2.895, 2.919, 2.955, 2.9, 0.966, 2.898, 0.964, 2.955, 0.924, 0.924, 0.924, 0.924, 0.924, 0.924, 0.924, 0.924, 0.924, 0.924, 0.924, 0.924, 0.86, 0.925, 0.925, 0.925], "Dispersion coefficient C6": [22.502, 21.535, 21.702, 20.646, 23.947, 21.592, 21.657, 22.878, 24.881, 26.15, 29.502, 29.005, 26.212, 103.938, 26.034, 103.512, 29.367, 2.485, 2.506, 2.547, 2.594, 2.484, 2.385, 2.57, 2.456, 2.053, 2.406, 2.309, 2.145, 1.212, 2.375, 2.102, 1.745], "Total dispersion C6": 14005.582928, "Total dispersion C8": 362325.443817, "Polarizability alpha": [6.765, 6.607, 6.633, 6.482, 7.268, 6.652, 7.616, 6.413, 7.408, 8.384, 8.907, 8.834, 8.395, 15.597, 8.366, 15.565, 8.888, 2.465, 2.476, 2.496, 2.519, 2.465, 2.415, 2.507, 2.451, 2.241, 2.426, 2.376, 2.29, 1.725, 2.41, 2.267, 2.066], "Total polarizability alpha": 182.374137, "Wiberg matrix": [[0.0, 1.0202341420612133, 0.0, 0.0, 0.0, 0.0, 0.0, 0.0, 0.0, 0.0, 0.0, 0.0, 0.0, 0.0, 0.0, 0.0, 0.0, 0.9873765750318526, 0.9869125080877152, 0.9876235203484642, 0.0, 0.0, 0.0, 0.0, 0.0, 0.0, 0.0, 0.0, 0.0, 0.0, 0.0, 0.0, 0.0], [1.0202341420612133, 0.0, 1.0063200369357683, 0.0, 0.0, 0.0, 0.0, 0.0, 0.0, 0.0, 0.0, 0.0, 0.0, 0.0, 0.0, 0.0, 0.0, 0.0, 0.0, 0.0, 0.9778912823046905, 0.977359082609263, 0.0, 0.0, 0.0, 0.0, 0.0, 0.0, 0.0, 0.0, 0.0, 0.0, 0.0], [0.0, 1.0063200369357683, 0.0, 0.9970535419466923, 0.0, 0.0, 0.0, 0.0, 0.0, 0.0, 0.0, 0.0, 0.0, 0.0, 0.0, 0.0, 0.0, 0.0, 0.0, 0.0, 0.0, 0.0, 0.9758857824355602, 0.9764587927542099, 0.0, 0.0, 0.0, 0.0, 0.0, 0.0, 0.0, 0.0, 0.0], [0.0, 0.0, 0.9970535419466923, 0.0, 0.9828234317762067, 0.0, 0.0, 0.0, 0.0, 0.0, 0.0, 0.0, 0.0, 0.0, 0.0, 0.0, 0.0, 0.0, 0.0, 0.0, 0.0, 0.0, 0.0, 0.0, 0.9704507855977588, 0.9664248170755051, 0.0, 0.0, 0.0, 0.0, 0.0, 0.0, 0.0], [0.0, 0.0, 0.0, 0.9828234317762067, 0.0, 1.0042703295131574, 1.1597784253500079, 0.1628528035553772, 0.0, 0.0, 0.0, 0.0, 0.0, 0.0, 0.0, 0.0, 0.0, 0.0, 0.0, 0.0, 0.0, 0.0, 0.0, 0.0, 0.0, 0.0, 0.0, 0.0, 0.0, 0.0, 0.0, 0.0, 0.0], [0.0, 0.0, 0.0, 0.0, 1.0042703295131574, 0.0, 0.0, 0.0, 0.0, 0.0, 0.0, 0.0, 0.0, 0.0, 0.0, 0.0, 0.0, 0.0, 0.0, 0.0, 0.0, 0.0, 0.0, 0.0, 0.0, 0.0, 0.9761575787270664, 0.9757819788592171, 0.9763596829275528, 0.0, 0.0, 0.0, 0.0], [0.0, 0.0, 0.0, 0.0, 1.1597784253500079, 0.0, 0.0, 1.6140008035361202, 1.116066099599944, 0.0, 0.0, 0.0, 0.0, 0.0, 0.0, 0.0, 0.0, 0.0, 0.0, 0.0, 0.0, 0.0, 0.0, 0.0, 0.0, 0.0, 0.0, 0.0, 0.0, 0.0, 0.0, 0.0, 0.0], [0.0, 0.0, 0.0, 0.0, 0.1628528035553772, 0.0, 1.6140008035361202, 0.0, 0.11691228962462613, 0.0, 0.0, 0.0, 0.0, 0.0, 0.0, 0.0, 0.0, 0.0, 0.0, 0.0, 0.0, 0.0, 0.0, 0.0, 0.0, 0.0, 0.0, 0.0, 0.0, 0.0, 0.0, 0.0, 0.0], [0.0, 0.0, 0.0, 0.0, 0.0, 0.0, 1.116066099599944, 0.11691228962462613, 0.0, 1.0921080364100972, 0.0, 0.0, 0.0, 0.0, 0.0, 0.0, 0.0, 0.0, 0.0, 0.0, 0.0, 0.0, 0.0, 0.0, 0.0, 0.0, 0.0, 0.0, 0.0, 0.928089655099571, 0.0, 0.0, 0.0], [0.0, 0.0, 0.0, 0.0, 0.0, 0.0, 0.0, 0.0, 1.0921080364100972, 0.0, 1.3539051542975222, 0.0, 0.0, 0.0, 0.0, 0.0, 1.3706586871968311, 0.0, 0.0, 0.0, 0.0, 0.0, 0.0, 0.0, 0.0, 0.0, 0.0, 0.0, 0.0, 0.0, 0.0, 0.0, 0.0], [0.0, 0.0, 0.0, 0.0, 0.0, 0.0, 0.0, 0.0, 0.0, 1.3539051542975222, 0.0, 1.4532024444439329, 0.0, 0.0, 0.0, 0.0, 0.0, 0.0, 0.0, 0.0, 0.0, 0.0, 0.0, 0.0, 0.0, 0.0, 0.0, 0.0, 0.0, 0.0, 0.9661697917016683, 0.0, 0.0], [0.0, 0.0, 0.0, 0.0, 0.0, 0.0, 0.0, 0.0, 0.0, 0.0, 1.4532024444439329, 0.0, 1.389985278475256, 0.0, 0.0, 0.0, 0.10214697117294932, 0.0, 0.0, 0.0, 0.0, 0.0, 0.0, 0.0, 0.0, 0.0, 0.0, 0.0, 0.0, 0.0, 0.0, 0.9658886545434868, 0.0], [0.0, 0.0, 0.0, 0.0, 0.0, 0.0, 0.0, 0.0, 0.0, 0.0, 0.0, 1.389985278475256, 0.0, 0.985299908399395, 1.3615417192079164, 0.0, 0.0, 0.0, 0.0, 0.0, 0.0, 0.0, 0.0, 0.0, 0.0, 0.0, 0.0, 0.0, 0.0, 0.0, 0.0, 0.0, 0.0], [0.0, 0.0, 0.0, 0.0, 0.0, 0.0, 0.0, 0.0, 0.0, 0.0, 0.0, 0.0, 0.985299908399395, 0.0, 0.0, 0.0, 0.0, 0.0, 0.0, 0.0, 0.0, 0.0, 0.0, 0.0, 0.0, 0.0, 0.0, 0.0, 0.0, 0.0, 0.0, 0.0, 0.0], [0.0, 0.0, 0.0, 0.0, 0.0, 0.0, 0.0, 0.0, 0.0, 0.0, 0.0, 0.0, 1.3615417192079164, 0.0, 0.0, 0.9957204840743767, 1.4023877765942934, 0.0, 0.0, 0.0, 0.0, 0.0, 0.0, 0.0, 0.0, 0.0, 0.0, 0.0, 0.0, 0.0, 0.0, 0.0, 0.0], [0.0, 0.0, 0.0, 0.0, 0.0, 0.0, 0.0, 0.0, 0.0, 0.0, 0.0, 0.0, 0.0, 0.0, 0.9957204840743767, 0.0, 0.0, 0.0, 0.0, 0.0, 0.0, 0.0, 0.0, 0.0, 0.0, 0.0, 0.0, 0.0, 0.0, 0.0, 0.0, 0.0, 0.0], [0.0, 0.0, 0.0, 0.0, 0.0, 0.0, 0.0, 0.0, 0.0, 1.3706586871968311, 0.0, 0.10214697117294932, 0.0, 0.0, 1.4023877765942934, 0.0, 0.0, 0.0, 0.0, 0.0, 0.0, 0.0, 0.0, 0.0, 0.0, 0.0, 0.0, 0.0, 0.0, 0.0, 0.0, 0.0, 0.9538013799861902], [0.9873765750318526, 0.0, 0.0, 0.0, 0.0, 0.0, 0.0, 0.0, 0.0, 0.0, 0.0, 0.0, 0.0, 0.0, 0.0, 0.0, 0.0, 0.0, 0.0, 0.0, 0.0, 0.0, 0.0, 0.0, 0.0, 0.0, 0.0, 0.0, 0.0, 0.0, 0.0, 0.0, 0.0], [0.9869125080877152, 0.0, 0.0, 0.0, 0.0, 0.0, 0.0, 0.0, 0.0, 0.0, 0.0, 0.0, 0.0, 0.0, 0.0, 0.0, 0.0, 0.0, 0.0, 0.0, 0.0, 0.0, 0.0, 0.0, 0.0, 0.0, 0.0, 0.0, 0.0, 0.0, 0.0, 0.0, 0.0], [0.9876235203484642, 0.0, 0.0, 0.0, 0.0, 0.0, 0.0, 0.0, 0.0, 0.0, 0.0, 0.0, 0.0, 0.0, 0.0, 0.0, 0.0, 0.0, 0.0, 0.0, 0.0, 0.0, 0.0, 0.0, 0.0, 0.0, 0.0, 0.0, 0.0, 0.0, 0.0, 0.0, 0.0], [0.0, 0.9778912823046905, 0.0, 0.0, 0.0, 0.0, 0.0, 0.0, 0.0, 0.0, 0.0, 0.0, 0.0, 0.0, 0.0, 0.0, 0.0, 0.0, 0.0, 0.0, 0.0, 0.0, 0.0, 0.0, 0.0, 0.0, 0.0, 0.0, 0.0, 0.0, 0.0, 0.0, 0.0], [0.0, 0.977359082609263, 0.0, 0.0, 0.0, 0.0, 0.0, 0.0, 0.0, 0.0, 0.0, 0.0, 0.0, 0.0, 0.0, 0.0, 0.0, 0.0, 0.0, 0.0, 0.0, 0.0, 0.0, 0.0, 0.0, 0.0, 0.0, 0.0, 0.0, 0.0, 0.0, 0.0, 0.0], [0.0, 0.0, 0.9758857824355602, 0.0, 0.0, 0.0, 0.0, 0.0, 0.0, 0.0, 0.0, 0.0, 0.0, 0.0, 0.0, 0.0, 0.0, 0.0, 0.0, 0.0, 0.0, 0.0, 0.0, 0.0, 0.0, 0.0, 0.0, 0.0, 0.0, 0.0, 0.0, 0.0, 0.0], [0.0, 0.0, 0.9764587927542099, 0.0, 0.0, 0.0, 0.0, 0.0, 0.0, 0.0, 0.0, 0.0, 0.0, 0.0, 0.0, 0.0, 0.0, 0.0, 0.0, 0.0, 0.0, 0.0, 0.0, 0.0, 0.0, 0.0, 0.0, 0.0, 0.0, 0.0, 0.0, 0.0, 0.0], [0.0, 0.0, 0.0, 0.9704507855977588, 0.0, 0.0, 0.0, 0.0, 0.0, 0.0, 0.0, 0.0, 0.0, 0.0, 0.0, 0.0, 0.0, 0.0, 0.0, 0.0, 0.0, 0.0, 0.0, 0.0, 0.0, 0.0, 0.0, 0.0, 0.0, 0.0, 0.0, 0.0, 0.0], [0.0, 0.0, 0.0, 0.9664248170755051, 0.0, 0.0, 0.0, 0.0, 0.0, 0.0, 0.0, 0.0, 0.0, 0.0, 0.0, 0.0, 0.0, 0.0, 0.0, 0.0, 0.0, 0.0, 0.0, 0.0, 0.0, 0.0, 0.0, 0.0, 0.0, 0.0, 0.0, 0.0, 0.0], [0.0, 0.0, 0.0, 0.0, 0.0, 0.9761575787270664, 0.0, 0.0, 0.0, 0.0, 0.0, 0.0, 0.0, 0.0, 0.0, 0.0, 0.0, 0.0, 0.0, 0.0, 0.0, 0.0, 0.0, 0.0, 0.0, 0.0, 0.0, 0.0, 0.0, 0.0, 0.0, 0.0, 0.0], [0.0, 0.0, 0.0, 0.0, 0.0, 0.9757819788592171, 0.0, 0.0, 0.0, 0.0, 0.0, 0.0, 0.0, 0.0, 0.0, 0.0, 0.0, 0.0, 0.0, 0.0, 0.0, 0.0, 0.0, 0.0, 0.0, 0.0, 0.0, 0.0, 0.0, 0.0, 0.0, 0.0, 0.0], [0.0, 0.0, 0.0, 0.0, 0.0, 0.9763596829275528, 0.0, 0.0, 0.0, 0.0, 0.0, 0.0, 0.0, 0.0, 0.0, 0.0, 0.0, 0.0, 0.0, 0.0, 0.0, 0.0, 0.0, 0.0, 0.0, 0.0, 0.0, 0.0, 0.0, 0.0, 0.0, 0.0, 0.0], [0.0, 0.0, 0.0, 0.0, 0.0, 0.0, 0.0, 0.0, 0.928089655099571, 0.0, 0.0, 0.0, 0.0, 0.0, 0.0, 0.0, 0.0, 0.0, 0.0, 0.0, 0.0, 0.0, 0.0, 0.0, 0.0, 0.0, 0.0, 0.0, 0.0, 0.0, 0.0, 0.0, 0.0], [0.0, 0.0, 0.0, 0.0, 0.0, 0.0, 0.0, 0.0, 0.0, 0.0, 0.9661697917016683, 0.0, 0.0, 0.0, 0.0, 0.0, 0.0, 0.0, 0.0, 0.0, 0.0, 0.0, 0.0, 0.0, 0.0, 0.0, 0.0, 0.0, 0.0, 0.0, 0.0, 0.0, 0.0], [0.0, 0.0, 0.0, 0.0, 0.0, 0.0, 0.0, 0.0, 0.0, 0.0, 0.0, 0.9658886545434868, 0.0, 0.0, 0.0, 0.0, 0.0, 0.0, 0.0, 0.0, 0.0, 0.0, 0.0, 0.0, 0.0, 0.0, 0.0, 0.0, 0.0, 0.0, 0.0, 0.0, 0.0], [0.0, 0.0, 0.0, 0.0, 0.0, 0.0, 0.0, 0.0, 0.0, 0.0, 0.0, 0.0, 0.0, 0.0, 0.0, 0.0, 0.9538013799861902, 0.0, 0.0, 0.0, 0.0, 0.0, 0.0, 0.0, 0.0, 0.0, 0.0, 0.0, 0.0, 0.0, 0.0, 0.0, 0.0]], "Born radii": [], "Atomic SASAs": [], "Solvent H bonds": [], "Total SASA": NaN, "Total FOD": 0.0, "FOD": [0.0, 0.0, 0.0, 0.0, 0.0, 0.0, 0.0, 0.0, 0.0, 0.0, 0.0, 0.0, 0.0, 0.0, 0.0, 0.0, 0.0, 0.0, 0.0, 0.0, 0.0, 0.0, 0.0, 0.0, 0.0, 0.0, 0.0, 0.0, 0.0, 0.0, 0.0, 0.0, 0.0], "FOD s proportion": [0.0, 0.0, 0.0, 0.0, 0.0, 0.0, 0.0, 0.0, 0.0, 0.0, 0.0, 0.0, 0.0, 0.0, 0.0, 0.0, 0.0, 0.0, 0.0, 0.0, 0.0, 0.0, 0.0, 0.0, 0.0, 0.0, 0.0, 0.0, 0.0, 0.0, 0.0, 0.0, 0.0], "FOD p proportion": [0.0, 0.0, 0.0, 0.0, 0.0, 0.0, 0.0, 0.0, 0.0, 0.0, 0.0, 0.0, 0.0, 0.0, 0.0, 0.0, 0.0, 0.0, 0.0, 0.0, 0.0, 0.0, 0.0, 0.0, 0.0, 0.0, 0.0, 0.0, 0.0, 0.0, 0.0, 0.0, 0.0], "FOD d proportion": [0.0, 0.0, 0.0, 0.0, 0.0, 0.0, 0.0, 0.0, 0.0, 0.0, 0.0, 0.0, 0.0, 0.0, 0.0, 0.0, 0.0, 0.0, 0.0, 0.0, 0.0, 0.0, 0.0, 0.0, 0.0, 0.0, 0.0, 0.0, 0.0, 0.0, 0.0, 0.0, 0.0], "coordinates": [["-4.91010", "1.54830", "-0.18200"], ["-4.17480", "0.35240", "0.40160"], ["-2.79210", "0.18440", "-0.22650"], ["-2.05680", "-1.02110", "0.36240"], ["-0.72470", "-1.18470", "-0.22410"], ["-0.65950", "-1.87270", "-1.50650"], ["0.33340", "-0.50110", "0.38100"], ["0.19810", "0.05130", "1.46990"], ["1.50370", "-0.49220", "-0.34760"], ["2.76550", "-0.01370", "0.06550"], ["3.75500", "0.10810", "-0.91810"], ["5.03490", "0.56420", "-0.58950"], ["5.34270", "0.89700", "0.73050"], ["6.94340", "1.45230", "1.06670"], ["4.36510", "0.76770", "1.72130"], ["4.67980", "1.14790", "3.37880"], ["3.08290", "0.31090", "1.38740"], ["-4.35460", "2.47480", "-0.00510"], ["-5.89640", "1.64980", "0.28150"], ["-5.05210", "1.43310", "-1.26130"], ["-4.77120", "-0.55240", "0.23620"], ["-4.07800", "0.48400", "1.48560"], ["-2.19990", "1.09390", "-0.06620"], ["-2.89290", "0.06270", "-1.31190"], ["-2.62630", "-1.94320", "0.19810"], ["-1.96660", "-0.90020", "1.44820"], ["-0.81710", "-1.14230", "-2.30490"], ["0.31140", "-2.35680", "-1.64020"], ["-1.43060", "-2.64680", "-1.55660"], ["1.40590", "-0.67370", "-1.33240"], ["3.54500", "-0.14500", "-1.95460"], ["5.78740", "0.65670", "-1.36910"], ["2.34960", "0.20660", "2.18190"]], "bond_dist": [[0.0, 1.5203393897416455, 2.5195490588595413, 3.878080531654803, 4.99886332779763, 5.614725426056024, 5.657853091942208, 5.573463003375909, 6.732599353147342, 7.836831988118668, 8.814759058533589, 10.001876526932334, 10.313910789802286, 11.919476915536185, 9.500590628482, 10.237470332557745, 8.239066944745625, 1.0946579876838247, 1.0944963179472098, 1.0946796472027789, 2.1464214264677848, 2.146162775746518, 2.7504677856684667, 2.748231651444252, 4.189366384072895, 4.16135753570875, 5.338415661036521, 6.681333362435974, 5.620970505170793, 6.793567557623902, 8.803300043733598, 10.800030704585982, 7.751865981168663], [1.5203393897416455, 0.0, 1.5279374659978728, 2.524670847853241, 3.8284940786162913, 4.577035034823308, 4.588328001570943, 4.511560762086664, 5.789646971102815, 6.958071321134902, 8.042575372354307, 9.26529613881823, 9.538740515393004, 11.192252197837574, 8.651241193609156, 9.375525651930138, 7.324461289405522, 2.1684821165967683, 2.159068625588357, 2.1685949806268576, 1.0962267831064885, 1.0962412143319553, 2.1607612316033444, 2.159461958451688, 2.776516497339787, 2.746001740713214, 4.564364099192789, 5.624473514916752, 4.512247945315062, 5.933283214207797, 8.086680236042476, 10.122914887521281, 6.764504497004936], [2.5195490588595413, 1.5279374659978728, 0.0, 1.5299344920616698, 2.4796337088368516, 3.2276993617745755, 3.2569489940740555, 3.440462848222605, 4.350442553350176, 5.568790296823898, 6.583969217728771, 7.84461254874962, 8.22183792104904, 9.90251972479732, 7.440408293232301, 8.351994369610171, 6.093956059900662, 2.7814306336847587, 3.4701786193220654, 2.7816654597560797, 2.1618978560514837, 2.1620789486047913, 1.0970812093915383, 1.0968430562300153, 2.1758806401087356, 2.1592655001180376, 3.159193639206056, 4.252993931338252, 3.4115306975022226, 4.425218008188976, 6.576752266886749, 8.668126804563947, 5.6778483856122826], [3.878080531654803, 2.524670847853241, 1.5299344920616698, 0.0, 1.4646629714715944, 2.4840404706848074, 2.4461811053149765, 2.7315146018280774, 3.6689229291441925, 4.93534007541527, 6.057375019758971, 7.3288129045569175, 7.652921368340328, 9.360413777713035, 6.803470751021128, 7.6931794155602535, 5.407528556558901, 4.1995544882761076, 4.677903352999076, 4.198966708608203, 2.7574577947812733, 2.7590131732197296, 2.162729888358692, 2.162629450460712, 1.096172043978499, 1.096227389732623, 2.9438129729994738, 3.3768139554911816, 2.5918309995059476, 3.870830025976341, 6.125047220226143, 8.206374274306528, 4.922823224532849], [4.99886332779763, 3.8284940786162913, 2.4796337088368516, 1.4646629714715944, 0.0, 1.4567583190083384, 1.3975087048029433, 2.291046014378585, 2.3367873373501493, 3.692777437106114, 4.713881620278558, 6.030353267429695, 6.485220027878777, 8.210949473112107, 5.7881353612368125, 6.901487623693895, 4.396768059609239, 5.159076977522239, 5.919164003472112, 5.162853032965398, 4.121388313420613, 4.117311582817118, 2.7190375889273763, 2.7277109157680184, 2.0903726103257285, 2.1023423008634916, 2.0832820644358265, 2.110132893919243, 2.100377935039311, 2.4553831167457347, 4.722916940832223, 6.863616056423902, 4.144378382821723], [5.614725426056024, 4.577035034823308, 3.2276993617745755, 2.4840404706848074, 1.4567583190083384, 0.0, 2.535703693257554, 3.6463969504155744, 2.8157172620843873, 4.202105424665117, 4.8741761816741915, 6.26143449778084, 6.978668349334277, 8.687984326067813, 6.5297021494092675, 7.84208549685605, 5.210405351793659, 5.899891712565578, 6.559731081378261, 5.503032931029943, 4.656852184684415, 5.117894054198465, 3.6397818354950893, 2.961708608219249, 2.603638540581238, 3.3740952491001197, 1.0935101645618113, 1.0931035220874552, 1.0937714706464052, 2.394533142389138, 4.567664737040143, 6.926706485047565, 5.194464925283451], [5.657853091942208, 4.588328001570943, 3.2569489940740555, 2.4461811053149765, 1.3975087048029433, 2.535703693257554, 0.0, 1.2284767234262113, 1.3786004714927382, 2.5004418449546066, 3.710273845688482, 4.917401406230734, 5.212477371653521, 6.926619381054512, 4.434057106082419, 5.531473474581615, 3.038409980565493, 5.566183433915918, 6.591409492665434, 5.953309094948792, 5.106910992958464, 4.653064917879398, 3.02681709556425, 3.6868404549152927, 3.297412456760604, 2.5667482638544823, 2.9914622678549705, 2.743967188214903, 3.3867415387064894, 2.028740143537363, 3.9870050326027933, 5.843754516575794, 2.794484306629758], [5.573463003375909, 4.511560762086664, 3.440462848222605, 2.7315146018280774, 2.291046014378585, 3.6463969504155744, 1.2284767234262113, 0.0, 2.302887287732511, 2.927132918061631, 4.2845428986065714, 5.281934211063216, 5.265817126524619, 6.901046538750481, 4.235601482670436, 4.993201944644339, 2.8976316967482254, 5.364331695560967, 6.411741343816046, 6.077287612084853, 5.155619445808623, 4.297965447743851, 3.0326592241793344, 4.158463923133157, 3.6841200916908234, 2.364687977302714, 4.08710497051397, 3.9350355157228254, 4.369451859215295, 3.1364456204436255, 4.792439206708834, 6.298150891333107, 2.2715664947344156], [6.732599353147342, 5.789646971102815, 4.350442553350176, 3.6689229291441925, 2.3367873373501493, 2.8157172620843873, 1.3786004714927382, 2.302887287732511, 0.0, 1.4112948309974072, 2.398787616693066, 3.693760957344154, 4.222569981658089, 5.947407908492573, 3.749040567932014, 5.16368048779163, 2.479731285845303, 6.575718526518604, 7.72951556179299, 6.893485433363881, 6.302286608049495, 5.955582555048666, 4.038756260286079, 4.535182472624448, 4.41135914316665, 3.9286567335413767, 3.104797246198212, 2.5630308640357806, 3.835896068717191, 1.0061501528102057, 2.6210498907880404, 4.551210734518892, 2.757215715173552], [7.836831988118668, 6.958071321134902, 5.568790296823898, 4.93534007541527, 3.692777437106114, 4.202105424665117, 2.5004418449546066, 2.927132918061631, 1.4112948309974072, 0.0, 1.400505069608818, 2.4317010034130435, 2.813104926944603, 4.539427921005024, 2.431250657583459, 3.9989768616484893, 1.3976864920288812, 7.542774066615014, 8.822834003878798, 8.060303855314638, 7.557855719051535, 7.006988051224292, 5.089137432807253, 5.824135839761982, 5.7281812340393, 5.00904301738366, 4.441571442631538, 3.7976488660749035, 5.21264608716149, 2.058697785008766, 2.169254238211833, 3.411655453002252, 2.168099135187319], [8.814759058533589, 8.042575372354307, 6.583969217728771, 6.057375019758971, 4.713881620278558, 4.8741761816741915, 3.710273845688482, 4.2845428986065714, 2.398787616693066, 1.400505069608818, 0.0, 1.3979088596900733, 2.4209577567566103, 3.9890098069571094, 2.7881403354207266, 4.516612523783726, 2.4100158713170337, 8.497084797152493, 9.84710114754591, 8.91282343873141, 8.629296331683134, 8.202131643664346, 6.09576650307408, 6.659708252618878, 6.795198585766276, 6.273177116900175, 4.938705580412746, 4.29599131516813, 5.906572916675117, 2.5102044817106037, 1.0874244157641484, 2.1529079683070522, 3.405121350260516], [10.001876526932334, 9.26529613881823, 7.84461254874962, 7.3288129045569175, 6.030353267429695, 6.26143449778084, 4.917401406230734, 5.281934211063216, 3.693760957344154, 2.4317010034130435, 1.3979088596900733, 0.0, 1.395670691818095, 2.6784496075155118, 2.4145063532738944, 4.026686800584322, 2.789730901001027, 9.599720098523706, 11.019550265323899, 10.146618720046595, 9.903947357493376, 9.346519055776863, 7.27301560702299, 7.976426320727849, 8.099466276243145, 7.437586362523799, 6.332506881954413, 5.652226440969965, 7.283439686027475, 3.9056289915966165, 2.141556597430944, 1.0874689236939137, 3.875483429199511], [10.313910789802286, 9.538740515393004, 8.22183792104904, 7.652921368340328, 6.485220027878777, 6.978668349334277, 5.212477371653521, 5.265817126524619, 4.222569981658089, 2.813104926944603, 2.4209577567566103, 1.395670691818095, 0.0, 1.7273184477681003, 1.3978930180811404, 2.7415105525968704, 2.425227176987756, 9.85231888897228, 11.273228359702468, 10.597477883440003, 10.229177193694516, 9.459933060016862, 7.587115081504959, 8.52599329169335, 8.47674152018333, 7.561143274664222, 7.163486140839528, 6.443711090668172, 7.979156455415572, 4.713920782109093, 3.3951805990256245, 2.1595884654257627, 3.39733156021016], [11.919476915536185, 11.192252197837574, 9.90251972479732, 9.360413777713035, 8.210949473112107, 8.687984326067813, 6.926619381054512, 6.901046538750481, 5.947407908492573, 4.539427921005024, 3.9890098069571094, 2.6784496075155118, 1.7273184477681003, 0.0, 2.7467816094476816, 3.24997703530348, 4.038453008269379, 11.39469462030466, 12.865302535502225, 12.219327841170315, 11.913874495729758, 11.071781250548622, 9.220186975327561, 10.214769885318024, 10.191322009435282, 9.223226035395642, 8.850141014130791, 8.112951030297175, 9.685463318809274, 6.398395350398411, 4.819620684244767, 2.8111273539276014, 4.888602864827536], [9.500590628482, 8.651241193609156, 7.440408293232301, 6.803470751021128, 5.7881353612368125, 6.5297021494092675, 4.434057106082419, 4.235601482670436, 3.749040567932014, 2.431250657583459, 2.7881403354207266, 2.4145063532738944, 1.3978930180811404, 2.7467816094476816, 0.0, 1.7294202438967805, 1.4014964466597837, 9.051398536137937, 10.399495502186632, 9.900621988541932, 9.349875063871174, 8.451152453363981, 6.8118123645620186, 7.897840922682604, 7.651718173717587, 6.553388353363472, 6.834733592467229, 6.12328883770805, 7.482885616525219, 4.489942348182213, 3.875284003786045, 3.4037964759955903, 2.1422478428043754], [10.237470332557745, 9.375525651930138, 8.351994369610171, 7.6931794155602535, 6.901487623693895, 7.84208549685605, 5.531473474581615, 4.993201944644339, 5.16368048779163, 3.9989768616484893, 4.516612523783726, 4.026686800584322, 2.7415105525968704, 3.24997703530348, 1.7294202438967805, 0.0, 2.686323243766468, 9.7381633884424, 11.031825657614428, 10.785255892189115, 10.103878257877021, 8.984655268289373, 7.694232456197304, 8.973634203598897, 8.546978934687976, 7.217794880017026, 8.231972506027946, 7.520385738112108, 8.723239616679116, 6.019306705094865, 5.603973323455421, 4.900062204707201, 2.7836033014781396], [8.239066944745625, 7.324461289405522, 6.093956059900662, 5.407528556558901, 4.396768059609239, 5.210405351793659, 3.038409980565493, 2.8976316967482254, 2.479731285845303, 1.3976864920288812, 2.4100158713170337, 2.789730901001027, 2.425227176987756, 4.038453008269379, 1.4014964466597837, 2.686323243766468, 0.0, 7.870065165549775, 9.145681850469105, 8.628625008076316, 7.984825304288129, 7.163664960060598, 5.534800610681472, 6.561860206526804, 6.252228877768311, 5.193063652604309, 5.563710050856352, 4.895324024004949, 6.1470974890593695, 3.3435128532727374, 3.4044596076323184, 3.8771368482425275, 1.0862033096985113], [1.0946579876838247, 2.1684821165967683, 2.7814306336847587, 4.1995544882761076, 5.159076977522239, 5.899891712565578, 5.566183433915918, 5.364331695560967, 6.575718526518604, 7.542774066615014, 8.497084797152493, 9.599720098523706, 9.85231888897228, 11.39469462030466, 9.051398536137937, 9.7381633884424, 7.870065165549775, 0.0, 1.7719796274223925, 1.7747347914547686, 3.065244050642624, 2.5023945911866097, 2.5599511928941143, 3.108459351511613, 4.7483718399047055, 4.382379478091782, 5.557553301588748, 6.912992591490316, 6.098173071502645, 6.697621801057447, 8.547957794116673, 10.393562796750688, 7.407698554881941], [1.0944963179472098, 2.159068625588357, 3.4701786193220654, 4.677903352999076, 5.919164003472112, 6.559731081378261, 6.591409492665434, 6.411741343816046, 7.72951556179299, 8.822834003878798, 9.84710114754591, 11.019550265323899, 11.273228359702468, 12.865302535502225, 10.399495502186632, 11.031825657614428, 9.145681850469105, 1.7719796274223925, 0.0, 1.772013888207426, 2.4734211064838916, 2.472958756227042, 3.7542019591385865, 3.75217566486432, 4.859028562377463, 4.827734140360258, 6.347013144779204, 7.634301231285022, 6.463957983310226, 7.831150027294841, 9.867192316459633, 11.841533279520858, 8.584338203961911], [1.0946796472027789, 2.1685949806268576, 2.7816654597560797, 4.198966708608203, 5.162853032965398, 5.503032931029943, 5.953309094948792, 6.077287612084853, 6.893485433363881, 8.060303855314638, 8.91282343873141, 10.146618720046595, 10.597477883440003, 12.219327841170315, 9.900621988541932, 10.785255892189115, 8.628625008076316, 1.7747347914547686, 1.772013888207426, 0.0, 2.5027227792945825, 3.065146200428293, 3.111007150425727, 2.5578704345607504, 4.406104366671312, 4.72292170060017, 5.065275029058146, 6.578300652144138, 5.4633367414063, 6.793336842082836, 8.768192111832406, 10.867804656415206, 8.255004020592601], [2.1464214264677848, 1.0962267831064885, 2.1618978560514837, 2.7574577947812733, 4.121388313420613, 4.656852184684415, 5.106910992958464, 5.155619445808623, 6.302286608049495, 7.557855719051535, 8.629296331683134, 9.903947357493376, 10.229177193694516, 11.913874495729758, 9.349875063871174, 10.103878257877021, 7.984825304288129, 3.065244050642624, 2.4734211064838916, 2.5027227792945825, 0.0, 1.765120834390666, 3.0681155682275074, 2.5105721479375975, 2.556632992824743, 3.075010569087528, 4.7370959489966005, 5.7104780080129895, 4.331310605347993, 6.374306555226223, 8.609573847758087, 10.748160068588485, 7.420756169690526], [2.146162775746518, 1.0962412143319553, 2.1620789486047913, 2.7590131732197296, 4.117311582817118, 5.117894054198465, 4.653064917879398, 4.297965447743851, 5.955582555048666, 7.006988051224292, 8.202131643664346, 9.346519055776863, 9.459933060016862, 11.071781250548622, 8.451152453363981, 8.984655268289373, 7.163664960060598, 2.5023945911866097, 2.472958756227042, 3.065146200428293, 1.765120834390666, 0.0, 2.51143800640191, 3.067240119390721, 3.1074730859655086, 2.5249590808565596, 5.25796640822286, 6.091600991529238, 5.1054496609015745, 6.273320691627362, 8.38693901492076, 10.271575075907299, 6.471153391011529], [2.7504677856684667, 2.1607612316033444, 1.0970812093915383, 2.162729888358692, 2.7190375889273763, 3.6397818354950893, 3.02681709556425, 3.0326592241793344, 4.038756260286079, 5.089137432807253, 6.09576650307408, 7.27301560702299, 7.587115081504959, 9.220186975327561, 6.8118123645620186, 7.694232456197304, 5.534800610681472, 2.5599511928941143, 3.7542019591385865, 3.111007150425727, 3.0681155682275074, 2.51143800640191, 0.0, 1.759372311365619, 3.078254027854102, 2.514810342749528, 3.453187508665002, 4.548783813284602, 4.099506206849796, 4.210637224934012, 6.172908858876825, 8.104668626168499, 5.1516216039224], [2.748231651444252, 2.159461958451688, 1.0968430562300153, 2.162629450460712, 2.7277109157680184, 2.961708608219249, 3.6868404549152927, 4.158463923133157, 4.535182472624448, 5.824135839761982, 6.659708252618878, 7.976426320727849, 8.52599329169335, 10.214769885318024, 7.897840922682604, 8.973634203598897, 6.561860206526804, 3.108459351511613, 3.75217566486432, 2.5578704345607504, 2.5105721479375975, 3.067240119390721, 1.759372311365619, 0.0, 2.5248386819755435, 3.066489867910866, 2.5975025774770657, 4.028560491043916, 3.088622610485133, 4.361466112444301, 6.473234044123539, 8.70078823613125, 6.301678498622411], [4.189366384072895, 2.776516497339787, 2.1758806401087356, 1.096172043978499, 2.0903726103257285, 2.603638540581238, 3.297412456760604, 3.6841200916908234, 4.41135914316665, 5.7281812340393, 6.795198585766276, 8.099466276243145, 8.47674152018333, 10.191322009435282, 7.651718173717587, 8.546978934687976, 6.252228877768311, 4.7483718399047055, 4.859028562377463, 4.406104366671312, 2.556632992824743, 3.1074730859655086, 3.078254027854102, 2.5248386819755435, 0.0, 1.7566454110035983, 3.1905570751829533, 3.490056323327748, 2.2369004314005574, 4.4958533494766035, 6.778833544202129, 8.944604157814922, 5.772060575738962], [4.16135753570875, 2.746001740713214, 2.1592655001180376, 1.096227389732623, 2.1023423008634916, 3.3740952491001197, 2.5667482638544823, 2.364687977302714, 3.9286567335413767, 5.00904301738366, 6.273177116900175, 7.437586362523799, 7.561143274664222, 9.223226035395642, 6.553388353363472, 7.217794880017026, 5.193063652604309, 4.382379478091782, 4.827734140360258, 4.72292170060017, 3.075010569087528, 2.5249590808565596, 2.514810342749528, 3.066489867910866, 1.7566454110035983, 0.0, 3.932648251496693, 4.104775526140254, 3.516636262111849, 4.376847593873928, 6.521281272878819, 8.395572219926406, 4.515850348494733], [5.338415661036521, 4.564364099192789, 3.159193639206056, 2.9438129729994738, 2.0832820644358265, 1.0935101645618113, 2.9914622678549705, 4.08710497051397, 3.104797246198212, 4.441571442631538, 4.938705580412746, 6.332506881954413, 7.163486140839528, 8.850141014130791, 6.834733592467229, 8.231972506027946, 5.563710050856352, 5.557553301588748, 6.347013144779204, 5.065275029058146, 4.7370959489966005, 5.25796640822286, 3.453187508665002, 2.5975025774770657, 3.1905570751829533, 3.932648251496693, 0.0, 1.7861546937485564, 1.7888139618193948, 2.471248917045792, 4.488344214741112, 6.908801841853622, 5.654988447379889], [6.681333362435974, 5.624473514916752, 4.252993931338252, 3.3768139554911816, 2.110132893919243, 1.0931035220874552, 2.743967188214903, 3.9350355157228254, 2.5630308640357806, 3.7976488660749035, 4.29599131516813, 5.652226440969965, 6.443711090668172, 8.112951030297175, 6.12328883770805, 7.520385738112108, 4.895324024004949, 6.912992591490316, 7.634301231285022, 6.578300652144138, 5.7104780080129895, 6.091600991529238, 4.548783813284602, 4.028560491043916, 3.490056323327748, 4.104775526140254, 1.7861546937485564, 0.0, 1.7679516282975618, 2.031131876565379, 3.9302767790576785, 6.256297104517975, 5.033262084374307], [5.620970505170793, 4.512247945315062, 3.4115306975022226, 2.5918309995059476, 2.100377935039311, 1.0937714706464052, 3.3867415387064894, 4.369451859215295, 3.835896068717191, 5.21264608716149, 5.906572916675117, 7.283439686027475, 7.979156455415572, 9.685463318809274, 7.482885616525219, 8.723239616679116, 6.1470974890593695, 6.098173071502645, 6.463957983310226, 5.4633367414063, 4.331310605347993, 5.1054496609015745, 4.099506206849796, 3.088622610485133, 2.2369004314005574, 3.516636262111849, 1.7888139618193948, 1.7679516282975618, 0.0, 3.4625310828929754, 5.5833683919297314, 7.940264006945865, 6.033919609176112], [6.793567557623902, 5.933283214207797, 4.425218008188976, 3.870830025976341, 2.4553831167457347, 2.394533142389138, 2.028740143537363, 3.1364456204436255, 1.0061501528102057, 2.058697785008766, 2.5102044817106037, 3.9056289915966165, 4.713920782109093, 6.398395350398411, 4.489942348182213, 6.019306705094865, 3.3435128532727374, 6.697621801057447, 7.831150027294841, 6.793336842082836, 6.374306555226223, 6.273320691627362, 4.210637224934012, 4.361466112444301, 4.4958533494766035, 4.376847593873928, 2.471248917045792, 2.031131876565379, 3.4625310828929754, 0.0, 2.289629957001786, 4.579176050339187, 3.7437684583852144], [8.803300043733598, 8.086680236042476, 6.576752266886749, 6.125047220226143, 4.722916940832223, 4.567664737040143, 3.9870050326027933, 4.792439206708834, 2.6210498907880404, 2.169254238211833, 1.0874244157641484, 2.141556597430944, 3.3951805990256245, 4.819620684244767, 3.875284003786045, 5.603973323455421, 3.4044596076323184, 8.547957794116673, 9.867192316459633, 8.768192111832406, 8.609573847758087, 8.38693901492076, 6.172908858876825, 6.473234044123539, 6.778833544202129, 6.521281272878819, 4.488344214741112, 3.9302767790576785, 5.5833683919297314, 2.289629957001786, 0.0, 2.4523235716356844, 4.320096754703533], [10.800030704585982, 10.122914887521281, 8.668126804563947, 8.206374274306528, 6.863616056423902, 6.926706485047565, 5.843754516575794, 6.298150891333107, 4.551210734518892, 3.411655453002252, 2.1529079683070522, 1.0874689236939137, 2.1595884654257627, 2.8111273539276014, 3.4037964759955903, 4.900062204707201, 3.8771368482425275, 10.393562796750688, 11.841533279520858, 10.867804656415206, 10.748160068588485, 10.271575075907299, 8.104668626168499, 8.70078823613125, 8.944604157814922, 8.395572219926406, 6.908801841853622, 6.256297104517975, 7.940264006945865, 4.579176050339187, 2.4523235716356844, 0.0, 4.962928555802511], [7.751865981168663, 6.764504497004936, 5.6778483856122826, 4.922823224532849, 4.144378382821723, 5.194464925283451, 2.794484306629758, 2.2715664947344156, 2.757215715173552, 2.168099135187319, 3.405121350260516, 3.875483429199511, 3.39733156021016, 4.888602864827536, 2.1422478428043754, 2.7836033014781396, 1.0862033096985113, 7.407698554881941, 8.584338203961911, 8.255004020592601, 7.420756169690526, 6.471153391011529, 5.1516216039224, 6.301678498622411, 5.772060575738962, 4.515850348494733, 5.654988447379889, 5.033262084374307, 6.033919609176112, 3.7437684583852144, 4.320096754703533, 4.962928555802511, 0.0]]}