{"total energy": -68.50206445, "HOMO-LUMO gap/eV": 3.28725385, "electronic energy": -69.22551457, "dipole": [-1.03014792, 0.53216569, 0.30832073], "partial charges": [-0.11854229, 0.12460366, -0.11308288, -0.28956084, 0.13850531, -0.06971151, 0.05419237, 0.08276666, -0.12613324, -0.05474307, 0.07416013, -0.1329508, 0.01559165, -0.21151667, 0.2175961, -0.22228213, 0.37793255, -0.42176057, 0.02875615, -0.10829155, -0.11842048, -0.10828055, 0.04477959, 0.0575854, 0.04477143, 0.02321281, 0.05245546, 0.05582655, 0.04445769, 0.11141291, 0.09186508, 0.04279844, 0.0515781, 0.05362925, 0.05318974, 0.05278473, 0.05245813, 0.05417186, 0.04320735, 0.05098749], "atomic dipole moments": [[0.02812409, -0.05340219, 0.10851867], [-0.12278682, -0.17321428, -0.03166837], [-0.11922322, 0.06282268, -0.001719], [-0.0504916, 0.21583261, 0.11419878], [0.18173717, -0.03021202, -0.08640005], [-0.0275, -0.00058557, 0.06510648], [-0.14846008, 0.04010755, -0.061575], [-0.17007022, 0.03904535, 0.08632333], [-0.05909903, -0.00635788, -0.05647351], [-0.00567685, 0.00342153, -0.05333365], [0.18325229, -0.06189944, 0.09872626], [-0.01956856, -0.0535382, -0.03052267], [-0.05511719, 0.0014823, 0.01332035], [0.14729977, 0.03000748, -0.28365967], [0.13603189, 0.02324826, -0.23771915], [0.10182866, -0.04211769, 0.16229431], [-0.17783035, 0.01571912, 0.0346568], [-0.13969837, -0.00624185, 0.14344911], [0.04242068, -0.00454185, -0.0140757], [0.03165429, -0.11861427, 0.05050102], [0.04349087, 0.01206214, -0.1313817], [0.0596272, 0.08943552, 0.07805864], [0.08516386, 0.0946377, -0.0203682], [-0.00171704, -0.07705842, -0.10531957], [-0.11572512, 0.05287753, -0.00221504], [-0.0056525, 0.08314647, 0.09817859], [0.02385593, -0.06901253, 0.10447968], [0.01921256, -0.08652175, -0.09442833], [0.0901184, 0.09099087, -0.00948798], [0.01598935, -0.00396144, -0.15957288], [0.00312393, -0.01003069, 0.15790284], [0.06028318, 0.09430991, 0.06424512], [0.03379398, 0.01923174, -0.12353399], [-0.12576602, 0.02798261, 0.00511001], [0.02669882, -0.115373, 0.05315978], [-0.12568277, 0.01539395, 0.01395883], [0.05446041, 0.08625262, 0.08019365], [-0.12884843, 0.00545866, 0.00125698], [0.0311325, -0.11992383, 0.03609686], [0.03294129, 0.00487848, -0.12503561]], "atomic quadrupole moments": [[-0.09443233, -0.02952514, -0.03676186, 0.05552267, -0.17175798, 0.13119418], [0.14185864, 0.21530928, 0.0717962, -0.01125775, -0.15446013, -0.21365484], [0.21036827, -0.13024108, -0.07780525, -0.00352275, -0.0164783, -0.13256302], [0.07208436, 0.05091672, 0.01309954, -0.08860472, 0.01693401, -0.0851839], [-0.01612449, 0.1135245, 0.30237818, -0.24754191, 0.10383541, -0.28625369], [-0.14565821, 0.14871693, 0.44117694, 0.0172559, 0.00580995, -0.29551873], [-0.03641999, 0.09803199, 0.32867556, 0.14302591, -0.00931244, -0.29225557], [0.02421028, 0.08303549, 0.24510166, -0.28213166, 0.10208032, -0.26931194], [0.17999014, -0.10651832, -0.18762601, -0.31697658, 0.08870042, 0.00763587], [-0.1498586, 0.16410475, 0.43399072, -0.0159267, 0.05041873, -0.28413212], [0.02873985, 0.04745052, 0.24283357, 0.24113585, -0.02031147, -0.27157342], [0.22955446, -0.14348253, -0.16082891, 0.29779387, -0.09356672, -0.06872555], [0.1295354, -0.0181618, -0.040484, -0.05689428, 0.0203864, -0.0890514], [0.02676051, 0.03999885, 0.13462122, -0.12928147, 0.07594593, -0.16138172], [-0.13153847, 0.09858531, 0.26190213, -0.22286071, 0.10516459, -0.13036366], [0.03064538, -0.00807683, -0.05100606, -0.01970595, -0.01086256, 0.02036068], [0.03695127, 0.03001193, 0.28539129, 0.01176356, 0.11240883, -0.32234255], [-0.06533275, 0.03232377, 0.14019059, -0.01887304, 0.04418899, -0.07485785], [0.01715852, -0.00349495, -0.01746777, -0.00299937, -0.00268535, 0.00030925], [-0.1145033, -0.07574882, 0.1856406, 0.02765951, -0.11439801, -0.0711373], [-0.08910136, 0.01011315, -0.12101092, -0.11068509, -0.0297964, 0.21011228], [-0.06146525, 0.11830578, 0.06090825, 0.09121394, 0.14256392, 0.000557], [0.02367527, 0.0651334, 0.01723724, 0.00099177, -0.01292732, -0.04091251], [-0.04569056, -0.01396022, 0.02265547, -0.005049, 0.057289, 0.02303509], [0.0594081, -0.04930728, -0.03027537, -0.01385377, 0.0022921, -0.02913273], [-0.00305089, -0.00475054, -0.00673848, -0.01217024, 0.00669236, 0.00978938], [-0.0363226, -0.01360519, -0.02005707, 0.00563889, -0.051047, 0.05637967], [-0.03665744, -0.00801006, -0.00427251, 0.00341421, 0.05988708, 0.04092995], [0.01235603, 0.0579463, 0.03926883, -0.00645198, -0.01070006, -0.05162486], [0.02816906, -0.01910649, -0.0487832, 0.01554361, -0.00980715, 0.02061414], [0.02985814, -0.02313338, -0.05119037, -0.00586722, -0.00366694, 0.02133223], [-0.01373785, 0.03487793, 0.01141207, 0.04440805, 0.03997181, 0.00232579], [-0.03488067, -0.00722367, -0.03178135, -0.03744688, 0.00183299, 0.06666202], [0.07929136, -0.00555198, -0.03407546, -0.01602482, -0.00817567, -0.0452159], [-0.03794444, -0.03218173, 0.06259323, 0.00138119, -0.02732957, -0.02464879], [0.08058509, -0.01959773, -0.04975403, 0.00914344, -0.00441226, -0.03083106], [-0.01494387, 0.04850645, 0.02074802, 0.0221035, 0.03999699, -0.00580416], [0.07525944, -0.02106051, -0.03556192, -0.0141798, 0.01369136, -0.03969752], [-0.03232601, -0.02895277, 0.05109818, 0.02438328, -0.03878026, -0.01877217], [-0.02809191, 0.01686359, -0.03326702, -0.03738356, -0.01734346, 0.06135893]], "number of molecular orbitals": 116, "number of electrons": 120, "number of unpaired electrons": 0, "orbital energies/eV": [-28.95352402, -28.90635777, -21.50954811, -20.09060852, -19.97297955, -19.45715197, -18.9745513, -18.89081563, -18.60783351, -18.27240599, -17.97439596, -17.8092806, -17.64821289, -17.36181857, -17.26391924, -16.92732533, -16.69185607, -16.59374797, -16.48388332, -16.34319855, -16.20017927, -15.96350809, -15.73877946, -15.57727618, -15.18116195, -15.06689941, -15.00353209, -14.82093302, -14.7829301, -14.59364565, -14.5317975, -14.51971812, -14.0218642, -13.98091406, -13.96943202, -13.90806933, -13.89835014, -13.48682998, -13.33870423, -13.13218041, -13.12178969, -13.04799398, -12.99317577, -12.81382805, -12.76334735, -12.75381669, -12.72508797, -12.49693283, -12.471477, -12.37891786, -12.34153441, -12.31482924, -12.02801874, -11.96469615, -11.70004879, -11.59758553, -11.44978252, -11.32829732, -11.17864531, -10.7689633, -7.48170945, -7.13634605, -6.73857047, -5.88883973, -4.49503242, -3.92779536, -3.7170489, -1.72270453, 0.0163438, 0.08679919, 0.24825443, 0.26622972, 0.28450472, 0.30317911, 0.32287214, 0.38494854, 0.57243263, 0.69353389, 1.00040023, 1.78329956, 1.9376113, 2.09649135, 2.2673706, 2.89819089, 3.10225515, 3.22252203, 3.42168402, 3.59188971, 3.78675793, 3.96797176, 4.11277887, 4.30858022, 4.71286371, 4.73210579, 4.8786772, 4.9926126, 5.23375245, 5.29515536, 5.43789083, 5.81264047, 5.81759946, 6.24461913, 6.25943114, 6.32829204, 6.44600119, 6.5074198, 7.44396281, 8.13451077, 8.84362348, 9.31655539, 10.78092826, 10.95464499, 12.18683489, 15.24783165, 15.51956075, 16.99873515], "fractional occupation": [2.0, 2.0, 2.0, 2.0, 2.0, 2.0, 2.0, 2.0, 2.0, 2.0, 2.0, 2.0, 2.0, 2.0, 2.0, 2.0, 2.0, 2.0, 2.0, 2.0, 2.0, 2.0, 2.0, 2.0, 2.0, 2.0, 2.0, 2.0, 2.0, 2.0, 2.0, 2.0, 2.0, 2.0, 2.0, 2.0, 2.0, 2.0, 2.0, 2.0, 2.0, 2.0, 2.0, 2.0, 2.0, 2.0, 2.0, 2.0, 2.0, 2.0, 2.0, 2.0, 2.0, 2.0, 2.0, 2.0, 2.0, 2.0, 2.0, 2.0, 0.0, 0.0, 0.0, 0.0, 0.0, 0.0, 0.0, 0.0, 0.0, 0.0, 0.0, 0.0, 0.0, 0.0, 0.0, 0.0, 0.0, 0.0, 0.0, 0.0, 0.0, 0.0, 0.0, 0.0, 0.0, 0.0, 0.0, 0.0, 0.0, 0.0, 0.0, 0.0, 0.0, 0.0, 0.0, 0.0, 0.0, 0.0, 0.0, 0.0, 0.0, 0.0, 0.0, 0.0, 0.0, 0.0, 0.0, 0.0, 0.0, 0.0, 0.0, 0.0, 0.0, 0.0, 0.0, 0.0], "program call": "xtb /home/svss/Project-DBcg-Debug/aqme2_20220329/End-to-End-workflows-final/example-3/QDESCP/mol_196_rdkit_conf_2/mol_196_rdkit_conf_2.xyz --pop --wbo --acc 0.2 --gfn 2 --chrg 0 --uhf 0 --etemp 300 --input /home/svss/Project-DBcg-Debug/aqme2_20220329/End-to-End-workflows-final/example-3/QDESCP/mol_196_rdkit_conf_2/mol_196_rdkit_conf_2_xtb.inp", "method": "GFN2-xTB", "xtb version": "6.3.3 (7355c4f)", "Dipole module/D": 3.05, "Total charge": 0, "Transition dipole module/D": NaN, "HOMO": -10.769, "LUMO": -7.4817, "HOMO occupancy": 2.0, "LUMO occupancy": 0, "mulliken charges": [-0.10693, 0.23027, -0.09672, -0.44356, 0.23786, -0.08586, 0.11286, 0.08456, -0.09359, -0.07261, 0.07409, -0.08559, -0.08787, -0.25977, 0.36133, -0.36285, 0.63268, -0.53677, 0.02701, -0.09127, -0.09579, -0.09128, 0.03169, 0.04741, 0.03962, 0.01184, 0.03931, 0.044, 0.02897, 0.08852, 0.05502, 0.03736, 0.04723, 0.03814, 0.04009, 0.03755, 0.03996, 0.03853, 0.03755, 0.047], "cm5 charges": [-0.25206, 0.18433, -0.2415, -0.52171, 0.25638, -0.12706, 0.17588, 0.08646, -0.08977, -0.12042, 0.07141, -0.0867, -0.24864, -0.37865, 0.47812, -0.41499, 0.76661, -0.57735, 0.00463, -0.23488, -0.2384, -0.2349, 0.08348, 0.10128, 0.09345, 0.07836, 0.09326, 0.09783, 0.08073, 0.15855, 0.11305, 0.0904, 0.10176, 0.09023, 0.09442, 0.08964, 0.09419, 0.09062, 0.09058, 0.10138], "FUKUI+": [0.008, 0.004, 0.008, -0.028, -0.031, -0.025, -0.052, -0.025, -0.089, -0.019, -0.052, -0.114, -0.022, -0.068, -0.045, -0.052, -0.023, -0.085, -0.005, 0.01, 0.011, 0.01, -0.022, -0.013, 0.005, -0.005, -0.004, -0.015, -0.02, -0.045, -0.054, -0.01, -0.013, -0.029, -0.007, -0.027, -0.006, -0.029, -0.01, -0.013], "FUKUI-": [0.004, 0.002, 0.011, -0.057, -0.022, -0.01, -0.023, -0.02, -0.142, -0.009, -0.021, -0.144, -0.042, -0.023, -0.022, -0.039, -0.007, -0.075, -0.007, 0.006, 0.009, 0.006, -0.036, -0.023, -0.012, -0.02, -0.019, -0.025, -0.028, -0.029, -0.038, -0.012, -0.014, -0.026, -0.008, -0.022, -0.007, -0.026, -0.013, -0.014], "FUKUIrad": [0.006, 0.003, 0.01, -0.043, -0.027, -0.017, -0.038, -0.023, -0.115, -0.014, -0.036, -0.129, -0.032, -0.045, -0.033, -0.045, -0.015, -0.08, -0.006, 0.008, 0.01, 0.008, -0.029, -0.018, -0.003, -0.013, -0.012, -0.02, -0.024, -0.037, -0.046, -0.011, -0.013, -0.027, -0.008, -0.024, -0.007, -0.027, -0.011, -0.013], "s proportion": [1.018, 1.019, 1.015, 1.687, 1.015, 1.073, 1.039, 1.08, 1.946, 1.068, 1.081, 1.944, 1.421, 1.561, 1.009, 1.692, 0.921, 1.716, 1.08, 1.017, 1.017, 1.017, 0.968, 0.953, 0.96, 0.988, 0.961, 0.956, 0.971, 0.911, 0.945, 0.963, 0.953, 0.962, 0.96, 0.962, 0.96, 0.961, 0.962, 0.953], "p proportion": [3.089, 2.751, 3.082, 4.757, 2.747, 3.012, 2.848, 2.835, 5.155, 3.005, 2.845, 5.152, 3.667, 3.698, 2.63, 4.671, 2.447, 4.82, 2.893, 3.074, 3.079, 3.074, 0.0, 0.0, 0.0, 0.0, 0.0, 0.0, 0.0, 0.0, 0.0, 0.0, 0.0, 0.0, 0.0, 0.0, 0.0, 0.0, 0.0, 0.0], "d proportion": [0.0, 0.0, 0.0, 0.0, 0.0, 0.0, 0.0, 0.0, -0.007, 0.0, 0.0, -0.01, 0.0, 0.0, 0.0, 0.0, 0.0, 0.0, 0.0, 0.0, 0.0, 0.0, 0.0, 0.0, 0.0, 0.0, 0.0, 0.0, 0.0, 0.0, 0.0, 0.0, 0.0, 0.0, 0.0, 0.0, 0.0, 0.0, 0.0, 0.0], "Fermi-level/eV": -9.1253, "Coordination numbers": [3.751, 3.757, 3.751, 1.702, 2.901, 2.918, 2.903, 2.878, 0.969, 3.016, 2.875, 0.961, 3.006, 1.946, 3.177, 1.717, 2.888, 0.856, 3.9, 3.758, 3.757, 3.758, 0.924, 0.924, 0.924, 0.923, 0.924, 0.924, 0.924, 0.925, 0.925, 0.924, 0.924, 0.924, 0.924, 0.924, 0.924, 0.924, 0.924, 0.924], "Dispersion coefficient C6": [22.833, 18.601, 22.725, 18.812, 24.979, 29.737, 26.784, 26.153, 103.092, 29.338, 26.34, 103.306, 20.976, 26.423, 23.077, 17.686, 20.615, 22.121, 20.036, 22.621, 22.821, 22.621, 2.386, 2.228, 2.386, 2.685, 2.29, 2.249, 2.39, 1.684, 1.861, 2.412, 2.3, 2.275, 2.281, 2.286, 2.29, 2.269, 2.407, 2.308], "Total dispersion C6": 20560.650818, "Total dispersion C8": 523281.877183, "Polarizability alpha": [6.815, 6.149, 6.798, 5.856, 8.195, 8.942, 8.486, 8.384, 15.534, 8.885, 8.413, 15.55, 6.802, 7.622, 7.844, 5.678, 7.444, 6.306, 6.363, 6.781, 6.811, 6.781, 2.416, 2.334, 2.416, 2.563, 2.366, 2.345, 2.418, 2.03, 2.133, 2.429, 2.372, 2.359, 2.362, 2.364, 2.366, 2.355, 2.426, 2.376], "Total polarizability alpha": 218.867464, "Wiberg matrix": [[0.0, 1.0026915115706883, 0.0, 0.0, 0.0, 0.0, 0.0, 0.0, 0.0, 0.0, 0.0, 0.0, 0.0, 0.0, 0.0, 0.0, 0.0, 0.0, 0.0, 0.0, 0.0, 0.0, 0.9832433622254019, 0.9845178533756094, 0.9840342437606192, 0.0, 0.0, 0.0, 0.0, 0.0, 0.0, 0.0, 0.0, 0.0, 0.0, 0.0, 0.0, 0.0, 0.0, 0.0], [1.0026915115706883, 0.0, 1.004645354509062, 0.9174593962799619, 0.0, 0.0, 0.0, 0.0, 0.0, 0.0, 0.0, 0.0, 0.0, 0.0, 0.0, 0.0, 0.0, 0.0, 0.0, 0.0, 0.0, 0.0, 0.0, 0.0, 0.0, 0.9651630595335741, 0.0, 0.0, 0.0, 0.0, 0.0, 0.0, 0.0, 0.0, 0.0, 0.0, 0.0, 0.0, 0.0, 0.0], [0.0, 1.004645354509062, 0.0, 0.0, 0.0, 0.0, 0.0, 0.0, 0.0, 0.0, 0.0, 0.0, 0.0, 0.0, 0.0, 0.0, 0.0, 0.0, 0.0, 0.0, 0.0, 0.0, 0.0, 0.0, 0.0, 0.0, 0.984304217920458, 0.9846848657830467, 0.98408882485393, 0.0, 0.0, 0.0, 0.0, 0.0, 0.0, 0.0, 0.0, 0.0, 0.0, 0.0], [0.0, 0.9174593962799619, 0.0, 0.0, 1.0398214469584193, 0.0, 0.0, 0.0, 0.0, 0.0, 0.0, 0.0, 0.0, 0.0, 0.0, 0.0, 0.0, 0.0, 0.0, 0.0, 0.0, 0.0, 0.0, 0.0, 0.0, 0.0, 0.0, 0.0, 0.0, 0.0, 0.0, 0.0, 0.0, 0.0, 0.0, 0.0, 0.0, 0.0, 0.0, 0.0], [0.0, 0.0, 0.0, 1.0398214469584193, 0.0, 1.3919402076178393, 0.0, 0.0, 0.0, 0.0, 1.3375788739972478, 0.0, 0.0, 0.0, 0.0, 0.0, 0.0, 0.0, 0.0, 0.0, 0.0, 0.0, 0.0, 0.0, 0.0, 0.0, 0.0, 0.0, 0.0, 0.0, 0.0, 0.0, 0.0, 0.0, 0.0, 0.0, 0.0, 0.0, 0.0, 0.0], [0.0, 0.0, 0.0, 0.0, 1.3919402076178393, 0.0, 1.370446534129589, 0.0, 0.0, 0.10078042027656253, 0.0, 0.0, 0.0, 0.0, 0.0, 0.0, 0.0, 0.0, 0.0, 0.0, 0.0, 0.0, 0.0, 0.0, 0.0, 0.0, 0.0, 0.0, 0.0, 0.9504602006980352, 0.0, 0.0, 0.0, 0.0, 0.0, 0.0, 0.0, 0.0, 0.0, 0.0], [0.0, 0.0, 0.0, 0.0, 0.0, 1.370446534129589, 0.0, 1.335070400156636, 0.0, 0.0, 0.0, 0.0, 1.044113643373441, 0.0, 0.0, 0.0, 0.0, 0.0, 0.0, 0.0, 0.0, 0.0, 0.0, 0.0, 0.0, 0.0, 0.0, 0.0, 0.0, 0.0, 0.0, 0.0, 0.0, 0.0, 0.0, 0.0, 0.0, 0.0, 0.0, 0.0], [0.0, 0.0, 0.0, 0.0, 0.0, 0.0, 1.335070400156636, 0.0, 0.9996257828871826, 1.3989132865881135, 0.0, 0.0, 0.0, 0.0, 0.0, 0.0, 0.0, 0.0, 0.0, 0.0, 0.0, 0.0, 0.0, 0.0, 0.0, 0.0, 0.0, 0.0, 0.0, 0.0, 0.0, 0.0, 0.0, 0.0, 0.0, 0.0, 0.0, 0.0, 0.0, 0.0], [0.0, 0.0, 0.0, 0.0, 0.0, 0.0, 0.0, 0.9996257828871826, 0.0, 0.0, 0.0, 0.0, 0.0, 0.0, 0.0, 0.0, 0.0, 0.0, 0.0, 0.0, 0.0, 0.0, 0.0, 0.0, 0.0, 0.0, 0.0, 0.0, 0.0, 0.0, 0.0, 0.0, 0.0, 0.0, 0.0, 0.0, 0.0, 0.0, 0.0, 0.0], [0.0, 0.0, 0.0, 0.0, 0.0, 0.10078042027656253, 0.0, 1.3989132865881135, 0.0, 0.0, 1.4062039923549385, 0.0, 0.0, 0.0, 0.0, 0.0, 0.0, 0.0, 0.0, 0.0, 0.0, 0.0, 0.0, 0.0, 0.0, 0.0, 0.0, 0.0, 0.0, 0.0, 0.9611367011748029, 0.0, 0.0, 0.0, 0.0, 0.0, 0.0, 0.0, 0.0, 0.0], [0.0, 0.0, 0.0, 0.0, 1.3375788739972478, 0.0, 0.0, 0.0, 0.0, 1.4062039923549385, 0.0, 0.9958322490791234, 0.0, 0.0, 0.0, 0.0, 0.0, 0.0, 0.0, 0.0, 0.0, 0.0, 0.0, 0.0, 0.0, 0.0, 0.0, 0.0, 0.0, 0.0, 0.0, 0.0, 0.0, 0.0, 0.0, 0.0, 0.0, 0.0, 0.0, 0.0], [0.0, 0.0, 0.0, 0.0, 0.0, 0.0, 0.0, 0.0, 0.0, 0.0, 0.9958322490791234, 0.0, 0.0, 0.0, 0.0, 0.0, 0.0, 0.0, 0.0, 0.0, 0.0, 0.0, 0.0, 0.0, 0.0, 0.0, 0.0, 0.0, 0.0, 0.0, 0.0, 0.0, 0.0, 0.0, 0.0, 0.0, 0.0, 0.0, 0.0, 0.0], [0.0, 0.0, 0.0, 0.0, 0.0, 0.0, 1.044113643373441, 0.0, 0.0, 0.0, 0.0, 0.0, 0.0, 1.0929828130516015, 0.0, 0.0, 1.1297430004445728, 0.15340778931601906, 0.0, 0.0, 0.0, 0.0, 0.0, 0.0, 0.0, 0.0, 0.0, 0.0, 0.0, 0.0, 0.0, 0.0, 0.0, 0.0, 0.0, 0.0, 0.0, 0.0, 0.0, 0.0], [0.0, 0.0, 0.0, 0.0, 0.0, 0.0, 0.0, 0.0, 0.0, 0.0, 0.0, 0.0, 1.0929828130516015, 0.0, 1.6617011303200562, 0.0, 0.0, 0.0, 0.0, 0.0, 0.0, 0.0, 0.0, 0.0, 0.0, 0.0, 0.0, 0.0, 0.0, 0.0, 0.0, 0.0, 0.0, 0.0, 0.0, 0.0, 0.0, 0.0, 0.0, 0.0], [0.0, 0.0, 0.0, 0.0, 0.0, 0.0, 0.0, 0.0, 0.0, 0.0, 0.0, 0.0, 0.0, 1.6617011303200562, 0.0, 1.07954801048237, 0.0, 0.0, 0.9812145594166329, 0.0, 0.0, 0.0, 0.0, 0.0, 0.0, 0.0, 0.0, 0.0, 0.0, 0.0, 0.0, 0.0, 0.0, 0.0, 0.0, 0.0, 0.0, 0.0, 0.0, 0.0], [0.0, 0.0, 0.0, 0.0, 0.0, 0.0, 0.0, 0.0, 0.0, 0.0, 0.0, 0.0, 0.0, 0.0, 1.07954801048237, 0.0, 1.0412479071833525, 0.12748128613431584, 0.0, 0.0, 0.0, 0.0, 0.0, 0.0, 0.0, 0.0, 0.0, 0.0, 0.0, 0.0, 0.0, 0.0, 0.0, 0.0, 0.0, 0.0, 0.0, 0.0, 0.0, 0.0], [0.0, 0.0, 0.0, 0.0, 0.0, 0.0, 0.0, 0.0, 0.0, 0.0, 0.0, 0.0, 1.1297430004445728, 0.0, 0.0, 1.0412479071833525, 0.0, 1.6502781312305232, 0.0, 0.0, 0.0, 0.0, 0.0, 0.0, 0.0, 0.0, 0.0, 0.0, 0.0, 0.0, 0.0, 0.0, 0.0, 0.0, 0.0, 0.0, 0.0, 0.0, 0.0, 0.0], [0.0, 0.0, 0.0, 0.0, 0.0, 0.0, 0.0, 0.0, 0.0, 0.0, 0.0, 0.0, 0.15340778931601906, 0.0, 0.0, 0.12748128613431584, 1.6502781312305232, 0.0, 0.0, 0.0, 0.0, 0.0, 0.0, 0.0, 0.0, 0.0, 0.0, 0.0, 0.0, 0.0, 0.0, 0.0, 0.0, 0.0, 0.0, 0.0, 0.0, 0.0, 0.0, 0.0], [0.0, 0.0, 0.0, 0.0, 0.0, 0.0, 0.0, 0.0, 0.0, 0.0, 0.0, 0.0, 0.0, 0.0, 0.9812145594166329, 0.0, 0.0, 0.0, 0.0, 0.9810184410788331, 0.9956084771243203, 0.9795244372200557, 0.0, 0.0, 0.0, 0.0, 0.0, 0.0, 0.0, 0.0, 0.0, 0.0, 0.0, 0.0, 0.0, 0.0, 0.0, 0.0, 0.0, 0.0], [0.0, 0.0, 0.0, 0.0, 0.0, 0.0, 0.0, 0.0, 0.0, 0.0, 0.0, 0.0, 0.0, 0.0, 0.0, 0.0, 0.0, 0.0, 0.9810184410788331, 0.0, 0.0, 0.0, 0.0, 0.0, 0.0, 0.0, 0.0, 0.0, 0.0, 0.0, 0.0, 0.985772942743147, 0.9841234853510548, 0.9823662002130712, 0.0, 0.0, 0.0, 0.0, 0.0, 0.0], [0.0, 0.0, 0.0, 0.0, 0.0, 0.0, 0.0, 0.0, 0.0, 0.0, 0.0, 0.0, 0.0, 0.0, 0.0, 0.0, 0.0, 0.0, 0.9956084771243203, 0.0, 0.0, 0.0, 0.0, 0.0, 0.0, 0.0, 0.0, 0.0, 0.0, 0.0, 0.0, 0.0, 0.0, 0.0, 0.9846407041970132, 0.9845435987337988, 0.9847846205084771, 0.0, 0.0, 0.0], [0.0, 0.0, 0.0, 0.0, 0.0, 0.0, 0.0, 0.0, 0.0, 0.0, 0.0, 0.0, 0.0, 0.0, 0.0, 0.0, 0.0, 0.0, 0.9795244372200557, 0.0, 0.0, 0.0, 0.0, 0.0, 0.0, 0.0, 0.0, 0.0, 0.0, 0.0, 0.0, 0.0, 0.0, 0.0, 0.0, 0.0, 0.0, 0.9820701162776032, 0.9856636467648471, 0.9842396313231012], [0.9832433622254019, 0.0, 0.0, 0.0, 0.0, 0.0, 0.0, 0.0, 0.0, 0.0, 0.0, 0.0, 0.0, 0.0, 0.0, 0.0, 0.0, 0.0, 0.0, 0.0, 0.0, 0.0, 0.0, 0.0, 0.0, 0.0, 0.0, 0.0, 0.0, 0.0, 0.0, 0.0, 0.0, 0.0, 0.0, 0.0, 0.0, 0.0, 0.0, 0.0], [0.9845178533756094, 0.0, 0.0, 0.0, 0.0, 0.0, 0.0, 0.0, 0.0, 0.0, 0.0, 0.0, 0.0, 0.0, 0.0, 0.0, 0.0, 0.0, 0.0, 0.0, 0.0, 0.0, 0.0, 0.0, 0.0, 0.0, 0.0, 0.0, 0.0, 0.0, 0.0, 0.0, 0.0, 0.0, 0.0, 0.0, 0.0, 0.0, 0.0, 0.0], [0.9840342437606192, 0.0, 0.0, 0.0, 0.0, 0.0, 0.0, 0.0, 0.0, 0.0, 0.0, 0.0, 0.0, 0.0, 0.0, 0.0, 0.0, 0.0, 0.0, 0.0, 0.0, 0.0, 0.0, 0.0, 0.0, 0.0, 0.0, 0.0, 0.0, 0.0, 0.0, 0.0, 0.0, 0.0, 0.0, 0.0, 0.0, 0.0, 0.0, 0.0], [0.0, 0.9651630595335741, 0.0, 0.0, 0.0, 0.0, 0.0, 0.0, 0.0, 0.0, 0.0, 0.0, 0.0, 0.0, 0.0, 0.0, 0.0, 0.0, 0.0, 0.0, 0.0, 0.0, 0.0, 0.0, 0.0, 0.0, 0.0, 0.0, 0.0, 0.0, 0.0, 0.0, 0.0, 0.0, 0.0, 0.0, 0.0, 0.0, 0.0, 0.0], [0.0, 0.0, 0.984304217920458, 0.0, 0.0, 0.0, 0.0, 0.0, 0.0, 0.0, 0.0, 0.0, 0.0, 0.0, 0.0, 0.0, 0.0, 0.0, 0.0, 0.0, 0.0, 0.0, 0.0, 0.0, 0.0, 0.0, 0.0, 0.0, 0.0, 0.0, 0.0, 0.0, 0.0, 0.0, 0.0, 0.0, 0.0, 0.0, 0.0, 0.0], [0.0, 0.0, 0.9846848657830467, 0.0, 0.0, 0.0, 0.0, 0.0, 0.0, 0.0, 0.0, 0.0, 0.0, 0.0, 0.0, 0.0, 0.0, 0.0, 0.0, 0.0, 0.0, 0.0, 0.0, 0.0, 0.0, 0.0, 0.0, 0.0, 0.0, 0.0, 0.0, 0.0, 0.0, 0.0, 0.0, 0.0, 0.0, 0.0, 0.0, 0.0], [0.0, 0.0, 0.98408882485393, 0.0, 0.0, 0.0, 0.0, 0.0, 0.0, 0.0, 0.0, 0.0, 0.0, 0.0, 0.0, 0.0, 0.0, 0.0, 0.0, 0.0, 0.0, 0.0, 0.0, 0.0, 0.0, 0.0, 0.0, 0.0, 0.0, 0.0, 0.0, 0.0, 0.0, 0.0, 0.0, 0.0, 0.0, 0.0, 0.0, 0.0], [0.0, 0.0, 0.0, 0.0, 0.0, 0.9504602006980352, 0.0, 0.0, 0.0, 0.0, 0.0, 0.0, 0.0, 0.0, 0.0, 0.0, 0.0, 0.0, 0.0, 0.0, 0.0, 0.0, 0.0, 0.0, 0.0, 0.0, 0.0, 0.0, 0.0, 0.0, 0.0, 0.0, 0.0, 0.0, 0.0, 0.0, 0.0, 0.0, 0.0, 0.0], [0.0, 0.0, 0.0, 0.0, 0.0, 0.0, 0.0, 0.0, 0.0, 0.9611367011748029, 0.0, 0.0, 0.0, 0.0, 0.0, 0.0, 0.0, 0.0, 0.0, 0.0, 0.0, 0.0, 0.0, 0.0, 0.0, 0.0, 0.0, 0.0, 0.0, 0.0, 0.0, 0.0, 0.0, 0.0, 0.0, 0.0, 0.0, 0.0, 0.0, 0.0], [0.0, 0.0, 0.0, 0.0, 0.0, 0.0, 0.0, 0.0, 0.0, 0.0, 0.0, 0.0, 0.0, 0.0, 0.0, 0.0, 0.0, 0.0, 0.0, 0.985772942743147, 0.0, 0.0, 0.0, 0.0, 0.0, 0.0, 0.0, 0.0, 0.0, 0.0, 0.0, 0.0, 0.0, 0.0, 0.0, 0.0, 0.0, 0.0, 0.0, 0.0], [0.0, 0.0, 0.0, 0.0, 0.0, 0.0, 0.0, 0.0, 0.0, 0.0, 0.0, 0.0, 0.0, 0.0, 0.0, 0.0, 0.0, 0.0, 0.0, 0.9841234853510548, 0.0, 0.0, 0.0, 0.0, 0.0, 0.0, 0.0, 0.0, 0.0, 0.0, 0.0, 0.0, 0.0, 0.0, 0.0, 0.0, 0.0, 0.0, 0.0, 0.0], [0.0, 0.0, 0.0, 0.0, 0.0, 0.0, 0.0, 0.0, 0.0, 0.0, 0.0, 0.0, 0.0, 0.0, 0.0, 0.0, 0.0, 0.0, 0.0, 0.9823662002130712, 0.0, 0.0, 0.0, 0.0, 0.0, 0.0, 0.0, 0.0, 0.0, 0.0, 0.0, 0.0, 0.0, 0.0, 0.0, 0.0, 0.0, 0.0, 0.0, 0.0], [0.0, 0.0, 0.0, 0.0, 0.0, 0.0, 0.0, 0.0, 0.0, 0.0, 0.0, 0.0, 0.0, 0.0, 0.0, 0.0, 0.0, 0.0, 0.0, 0.0, 0.9846407041970132, 0.0, 0.0, 0.0, 0.0, 0.0, 0.0, 0.0, 0.0, 0.0, 0.0, 0.0, 0.0, 0.0, 0.0, 0.0, 0.0, 0.0, 0.0, 0.0], [0.0, 0.0, 0.0, 0.0, 0.0, 0.0, 0.0, 0.0, 0.0, 0.0, 0.0, 0.0, 0.0, 0.0, 0.0, 0.0, 0.0, 0.0, 0.0, 0.0, 0.9845435987337988, 0.0, 0.0, 0.0, 0.0, 0.0, 0.0, 0.0, 0.0, 0.0, 0.0, 0.0, 0.0, 0.0, 0.0, 0.0, 0.0, 0.0, 0.0, 0.0], [0.0, 0.0, 0.0, 0.0, 0.0, 0.0, 0.0, 0.0, 0.0, 0.0, 0.0, 0.0, 0.0, 0.0, 0.0, 0.0, 0.0, 0.0, 0.0, 0.0, 0.9847846205084771, 0.0, 0.0, 0.0, 0.0, 0.0, 0.0, 0.0, 0.0, 0.0, 0.0, 0.0, 0.0, 0.0, 0.0, 0.0, 0.0, 0.0, 0.0, 0.0], [0.0, 0.0, 0.0, 0.0, 0.0, 0.0, 0.0, 0.0, 0.0, 0.0, 0.0, 0.0, 0.0, 0.0, 0.0, 0.0, 0.0, 0.0, 0.0, 0.0, 0.0, 0.9820701162776032, 0.0, 0.0, 0.0, 0.0, 0.0, 0.0, 0.0, 0.0, 0.0, 0.0, 0.0, 0.0, 0.0, 0.0, 0.0, 0.0, 0.0, 0.0], [0.0, 0.0, 0.0, 0.0, 0.0, 0.0, 0.0, 0.0, 0.0, 0.0, 0.0, 0.0, 0.0, 0.0, 0.0, 0.0, 0.0, 0.0, 0.0, 0.0, 0.0, 0.9856636467648471, 0.0, 0.0, 0.0, 0.0, 0.0, 0.0, 0.0, 0.0, 0.0, 0.0, 0.0, 0.0, 0.0, 0.0, 0.0, 0.0, 0.0, 0.0], [0.0, 0.0, 0.0, 0.0, 0.0, 0.0, 0.0, 0.0, 0.0, 0.0, 0.0, 0.0, 0.0, 0.0, 0.0, 0.0, 0.0, 0.0, 0.0, 0.0, 0.0, 0.9842396313231012, 0.0, 0.0, 0.0, 0.0, 0.0, 0.0, 0.0, 0.0, 0.0, 0.0, 0.0, 0.0, 0.0, 0.0, 0.0, 0.0, 0.0, 0.0]], "Born radii": [], "Atomic SASAs": [], "Solvent H bonds": [], "Total SASA": NaN, "Total FOD": 0.0, "FOD": [0.0, 0.0, 0.0, 0.0, 0.0, 0.0, 0.0, 0.0, 0.0, 0.0, 0.0, 0.0, 0.0, 0.0, 0.0, 0.0, 0.0, 0.0, 0.0, 0.0, 0.0, 0.0, 0.0, 0.0, 0.0, 0.0, 0.0, 0.0, 0.0, 0.0, 0.0, 0.0, 0.0, 0.0, 0.0, 0.0, 0.0, 0.0, 0.0, 0.0], "FOD s proportion": [0.0, 0.0, 0.0, 0.0, 0.0, 0.0, 0.0, 0.0, 0.0, 0.0, 0.0, 0.0, 0.0, 0.0, 0.0, 0.0, 0.0, 0.0, 0.0, 0.0, 0.0, 0.0, 0.0, 0.0, 0.0, 0.0, 0.0, 0.0, 0.0, 0.0, 0.0, 0.0, 0.0, 0.0, 0.0, 0.0, 0.0, 0.0, 0.0, 0.0], "FOD p proportion": [0.0, 0.0, 0.0, 0.0, 0.0, 0.0, 0.0, 0.0, 0.0, 0.0, 0.0, 0.0, 0.0, 0.0, 0.0, 0.0, 0.0, 0.0, 0.0, 0.0, 0.0, 0.0, 0.0, 0.0, 0.0, 0.0, 0.0, 0.0, 0.0, 0.0, 0.0, 0.0, 0.0, 0.0, 0.0, 0.0, 0.0, 0.0, 0.0, 0.0], "FOD d proportion": [0.0, 0.0, 0.0, 0.0, 0.0, 0.0, 0.0, 0.0, 0.0, 0.0, 0.0, 0.0, 0.0, 0.0, 0.0, 0.0, 0.0, 0.0, 0.0, 0.0, 0.0, 0.0, 0.0, 0.0, 0.0, 0.0, 0.0, 0.0, 0.0, 0.0, 0.0, 0.0, 0.0, 0.0, 0.0, 0.0, 0.0, 0.0, 0.0, 0.0], "coordinates": [["4.48650", "0.61570", "-1.52470"], ["4.74960", "-0.14420", "-0.22690"], ["6.16370", "-0.71760", "-0.23400"], ["3.83960", "-1.25530", "-0.12880"], ["2.73750", "-0.96150", "0.63150"], ["1.55500", "-0.64220", "-0.04780"], ["0.35290", "-0.36740", "0.63390"], ["0.38950", "-0.44510", "2.04730"], ["-0.94620", "-0.09040", "3.09660"], ["1.57180", "-0.79750", "2.72280"], ["2.74050", "-1.06560", "2.01870"], ["4.14600", "-1.53110", "2.90070"], ["-0.80950", "-0.04360", "-0.12190"], ["-2.03680", "0.02170", "0.46750"], ["-2.83300", "0.30420", "-0.51140"], ["-2.25200", "0.43140", "-1.71920"], ["-0.92660", "0.20710", "-1.48110"], ["-0.08040", "0.25410", "-2.35850"], ["-4.32750", "0.49680", "-0.44340"], ["-4.67680", "1.89470", "-0.97010"], ["-4.81670", "0.36870", "1.00710"], ["-5.00480", "-0.57860", "-1.30200"], ["5.22310", "1.41110", "-1.67460"], ["4.51480", "-0.05880", "-2.38750"], ["3.49190", "1.07280", "-1.51350"], ["4.65410", "0.54180", "0.62520"], ["6.35600", "-1.28150", "0.68440"], ["6.29940", "-1.41810", "-1.06560"], ["6.91360", "0.07500", "-0.31730"], ["1.60700", "-0.63650", "-1.13320"], ["1.57510", "-0.86360", "3.80910"], ["-4.16010", "2.67270", "-0.39610"], ["-4.38140", "2.01560", "-2.01860"], ["-5.75380", "2.08570", "-0.90520"], ["-4.58240", "-0.61880", "1.42160"], ["-5.90150", "0.50870", "1.07380"], ["-4.34350", "1.11620", "1.65460"], ["-6.09620", "-0.49220", "-1.25860"], ["-4.73140", "-1.58440", "-0.96250"], ["-4.70680", "-0.49990", "-2.35380"]], "bond_dist": [[0.0, 1.5267463640041852, 2.5013186962080622, 2.422324796553922, 3.193079905044658, 3.515286370980322, 4.765783097246453, 5.538040234595629, 7.167232394027698, 5.341710080114794, 4.293130472044846, 4.930401165219722, 5.518164579821809, 6.846542173243367, 7.395869752098126, 6.743825249070442, 5.428674472649838, 4.656452792630889, 8.88087512016693, 9.268737187449, 9.644716194891377, 9.568736775039849, 1.0943997121710143, 1.0955249791766504, 1.09466662048315, 2.157688805180209, 3.4604220696325467, 2.7629190469501634, 2.7642332861030376, 3.1643004503365355, 6.254118714095536, 8.959278906251328, 8.9912906542943, 10.36380356529397, 9.615072602429999, 10.708603795546832, 9.398263070376355, 10.64386165402388, 9.49348140884049, 9.297781190154994], [1.5267463640041852, 0.0, 1.5259478300387603, 1.4395370158491931, 2.3352465094717516, 3.2381398935191172, 4.485729123565086, 4.926763487321063, 6.594746722202454, 4.384739880540236, 3.1509014789421776, 3.474148288429842, 5.561001543786874, 6.823850755255423, 7.601172644401651, 7.181968895087196, 5.823716662922399, 5.294455727456789, 9.102279805631115, 9.672976605471556, 9.659188273348853, 9.82307806799885, 2.1769234322777637, 2.1749980597692495, 2.1721505127407723, 1.0980849967101818, 2.1689720929509444, 2.174423817934305, 2.176951262660696, 3.307517761101216, 5.185005555445432, 9.345924691543368, 9.552491085052107, 10.75890126639333, 9.488362419827777, 10.750071167671402, 9.370865382663439, 10.900315891294161, 9.617933478663698, 9.699161152388386], [2.5013186962080622, 1.5259478300387603, 0.0, 2.3878084387153007, 3.542234309020227, 4.6130761201176815, 5.8856849295557785, 6.214496888727196, 7.876354119134056, 5.462105442043389, 4.112670608011296, 3.8156571688242646, 7.00659408343312, 8.26358681142759, 9.058787826745917, 8.622646144310922, 7.25828372206543, 6.666819777825107, 10.563327750287785, 11.175079183164655, 11.10358325316652, 11.220309142354324, 2.7370459276380443, 2.7911379220669126, 3.4613823322482022, 2.145508135617295, 1.094724193575715, 1.0957523899129766, 1.0943051037073706, 4.6452828482235615, 6.117452375785201, 10.867440220217455, 11.038764125118357, 12.261150295955108, 10.873336103055033, 12.197672055355481, 10.83193815713513, 12.304704723397471, 10.953778275097592, 11.077396606603918], [2.422324796553922, 1.4395370158491931, 2.3878084387153007, 0.0, 1.3707658224510852, 2.366822716216827, 3.677928029475291, 4.158728803372492, 5.887620810650088, 3.6720730167032354, 2.4198684158441344, 3.05741996624605, 4.8044141484680525, 6.0430439060129295, 6.863090686418183, 6.517815555076716, 5.16565499138299, 4.755654576396397, 8.358848603725276, 9.119175107979888, 8.880268830390216, 8.947498672254723, 3.378351498882258, 2.6437157524968526, 2.730995970337562, 2.112225049562664, 2.644664371900525, 2.637179197551809, 3.3548034726344254, 2.5251209000758754, 4.559434784049444, 8.916043594554706, 9.047373754300194, 10.188150053861595, 8.587139011917765, 9.97231026242164, 8.70446169616479, 10.028902795919402, 8.617737725180548, 8.863532429003687], [3.193079905044658, 2.3352465094717516, 3.542234309020227, 1.3707658224510852, 0.0, 1.4006095922847308, 2.4574941973481845, 2.7900291396327743, 4.5172091948458615, 2.3998516995847887, 1.3911037524210765, 2.730857932958066, 3.7405027696821715, 4.877244993846424, 5.825691988940027, 5.688679209623267, 4.38797601748232, 4.284663787276663, 7.293577578938884, 8.105235683803402, 7.679612297505649, 7.989258035011763, 4.13830101974228, 3.6177373564149184, 3.0509868649340333, 2.4358378722731118, 3.6330071098196326, 3.971871546261284, 4.406173498626671, 2.1208067663038044, 3.3849519834112862, 7.863857651305751, 8.158731006106281, 9.151450727616904, 7.370389223779162, 8.774362559753271, 7.450109522684884, 9.04582645146368, 7.662460937583956, 8.033846721216431], [3.515286370980322, 3.2381398935191172, 4.6130761201176815, 2.366822716216827, 1.4006095922847308, 0.0, 1.4089976366197354, 2.4055524666903443, 4.055580851123548, 2.7749999441441435, 2.419731402449454, 4.024559163436413, 2.4402198712411143, 3.6888107216283137, 4.512775412093981, 4.294117362159539, 2.9889794144490187, 2.9693806323878387, 6.0048002972621815, 6.791305481275304, 6.537070728545011, 6.678924961399103, 4.507491180246501, 3.8177176021806543, 2.9733958868606782, 3.385144872823023, 4.898410183927026, 4.913987078737591, 5.413095237477353, 1.0866598593856311, 3.8633016423779285, 6.616059469956417, 6.796234136637731, 7.848256533141612, 6.310892383807539, 7.627709329805377, 6.386112946855857, 7.747864097930473, 6.422090149631971, 6.674430652123071], [4.765783097246453, 4.485729123565086, 5.8856849295557785, 3.677928029475291, 2.4574941973481845, 1.4089976366197354, 0.0, 1.4160072069025635, 2.7980852560277714, 2.456462177604206, 2.847066567539298, 4.569484384479281, 1.4238166454989911, 2.4268815092624525, 3.4514804736518503, 3.6000923682594586, 2.537793431309964, 3.0868218121556676, 4.879914045349569, 5.743500195873594, 5.235063095130755, 5.700637117024728, 5.675480820159645, 5.152232868378525, 4.066795273922699, 4.396253151264153, 6.072506786328032, 6.273207551962553, 6.644041216759571, 2.1835347558488736, 3.438296427011493, 5.538075208048371, 5.9268914061251365, 6.758573319125865, 5.004084265877225, 6.330764770547079, 5.029818128918778, 6.722203663978056, 5.4662316498662955, 5.877454519602853], [5.538040234595629, 4.926763487321063, 6.214496888727196, 4.158728803372492, 2.7900291396327743, 2.4055524666903443, 1.4160072069025635, 0.0, 1.7352051953587508, 1.4065273904193976, 2.4316741578591485, 4.002371773086553, 2.510822950747424, 2.932678292960208, 4.182451724766229, 4.683193007980773, 3.821922371006507, 4.4856170467395, 5.41671958845942, 6.344033613561643, 5.371108351169244, 6.350913731897167, 6.3766532766020765, 6.069166237630998, 4.960665561192369, 4.602515961949507, 6.1770691772069375, 6.750095808208947, 6.958858956754333, 3.410941286507289, 2.164423445169637, 6.032390948869279, 6.734097869054176, 7.270649199349395, 5.014126223979607, 6.436933873359273, 4.999315951207725, 7.279800664166568, 6.0481829783828465, 6.733866492588044], [7.167232394027698, 6.594746722202454, 7.876354119134056, 5.887620810650088, 4.5172091948458615, 4.055580851123548, 2.7980852560277714, 1.7352051953587508, 0.0, 2.641976693689784, 3.9629080660545233, 5.2957052542602865, 3.2217416687251634, 2.8485332330868114, 4.090646330349276, 5.016903279912819, 4.587398794523973, 5.534112928012944, 4.930475994262623, 5.864814341477486, 4.422392260982736, 6.00485263432834, 7.942236094450983, 7.739436179076613, 6.504059337060202, 6.153930036163882, 7.782001856206409, 8.460816478922114, 8.570794969546291, 4.97074073856201, 2.7317481911772177, 5.492069565291393, 6.511613170328839, 6.622902098778148, 4.038165672678623, 5.385688325553197, 3.882897738802813, 6.756604937392742, 5.747701092610853, 6.634505465368162], [5.341710080114794, 4.384739880540236, 5.462105442043389, 3.6720730167032354, 2.3998516995847887, 2.7749999441441435, 2.456462177604206, 1.4065273904193976, 2.641976693689784, 0.0, 1.390501387989239, 2.6825963188672275, 3.7856667827477897, 4.333527511162241, 5.574590170586533, 5.98857292265862, 4.992394108040751, 5.445662226947242, 6.819221027360824, 7.741476164789244, 6.71688775996741, 7.713533548899623, 6.1275633338220175, 5.943239249769439, 5.013087251385119, 3.9615935606773185, 5.222824925267934, 6.089936016084241, 6.207921673152778, 3.8595201826133776, 1.0883141963605916, 7.3908391174480315, 8.113876743579484, 8.66831250013519, 6.292792128300441, 7.763734431959919, 6.308254356000558, 8.645402133504259, 7.343771370351885, 8.0796813848072], [4.293130472044846, 3.1509014789421776, 4.112670608011296, 2.4198684158441344, 1.3911037524210765, 2.419731402449454, 2.847066567539298, 2.4316741578591485, 3.9629080660545233, 1.390501387989239, 0.0, 1.7233817046725313, 4.269561143724259, 5.139167055078089, 6.272293065538312, 6.413888185804302, 5.2264699119003835, 5.3720540522224836, 7.645891326065262, 8.5271707394657, 7.758338925955736, 8.441201903757545, 5.0929176843927095, 4.855551994366861, 4.196879002306357, 2.86137064533765, 3.8598976087455994, 4.722598008511841, 4.9165666851981165, 3.3768954188721922, 2.14580831389945, 8.211237804984094, 8.74728782766407, 9.520137361929185, 7.360775982191008, 8.8348978771687, 7.4213122862469545, 9.442285196921347, 8.061389240695426, 8.65453927312136], [4.930401165219722, 3.474148288429842, 3.8156571688242646, 3.05741996624605, 2.730857932958066, 4.024559163436413, 4.569484384479281, 4.002371773086553, 5.2957052542602865, 2.6825963188672275, 1.7233817046725313, 0.0, 5.992140457299044, 6.823391086549268, 7.982305024239552, 8.131991530984276, 6.924794671324197, 6.9791532896190205, 9.332501565496788, 10.225507230450724, 9.355477127864726, 10.114696445272097, 5.545273243042222, 5.501703369866464, 5.166556266992551, 3.1197724708702714, 3.1398066580603334, 4.514580406859535, 4.538137389943147, 4.84965765492782, 2.8071825056451174, 9.875835250245926, 10.463992743690145, 11.205898316957905, 8.899718796681164, 10.413961969394741, 8.979564173722464, 11.103231535908813, 9.68170366671073, 10.34626558377466], [5.518164579821809, 5.561001543786874, 7.00659408343312, 4.8044141484680525, 3.7405027696821715, 2.4402198712411143, 1.4238166454989911, 2.510822950747424, 3.2217416687251634, 3.7856667827477897, 4.269561143724259, 5.992140457299044, 0.0, 1.3630560296627574, 2.089791219236984, 2.2040414106817505, 1.3870787793056314, 2.371200468117362, 3.5737541059787534, 4.408226334933359, 4.1835731295150085, 4.3908317093689675, 6.396818907863501, 5.7863066709257645, 4.6567092973472155, 5.545428435206787, 7.31620846818897, 7.301799719932066, 7.72648178215674, 2.685838854064033, 4.67027602610381, 4.322035595642405, 4.5383086210613754, 5.439998149815862, 4.1167975053432, 5.2595815213760115, 4.121922402229329, 5.426096731537321, 4.296739765217344, 4.514259030007029], [6.846542173243367, 6.823850755255423, 8.26358681142759, 6.0430439060129295, 4.877244993846424, 3.6888107216283137, 2.4268815092624525, 2.932678292960208, 2.8485332330868114, 4.333527511162241, 5.139167055078089, 6.823391086549268, 1.3630560296627574, 0.0, 1.2930529378180928, 2.235133557530735, 2.2503242344160097, 3.444965416372129, 2.5105308821044203, 3.5418106612296483, 2.852967081829021, 3.5072089102304704, 7.695789288955357, 7.1470950609321, 5.966212860768546, 6.71293647444991, 8.496144283732473, 8.59742113019945, 8.984899114069117, 4.033949202704466, 4.999586808927313, 3.504569709679064, 3.9564478487653547, 4.467716451387666, 2.7929601536720856, 3.942166254738631, 2.8156707105057577, 4.4409731793830955, 3.4475101696731802, 3.9192729236428536], [7.395869752098126, 7.601172644401651, 9.058787826745917, 6.863090686418183, 5.825691988940027, 4.512775412093981, 3.4514804736518503, 4.182451724766229, 4.090646330349276, 5.574590170586533, 6.272293065538312, 7.982305024239552, 2.089791219236984, 1.2930529378180928, 0.0, 1.3462992535094123, 2.1410528858484557, 3.3152820664311506, 1.5083928566524036, 2.4778406688082266, 2.499013443341192, 2.4740855765312566, 8.214560795319493, 7.592212131520036, 6.449752737896236, 7.576607402393237, 9.401175624888623, 9.309897136381261, 9.751226538748856, 4.5809553294045555, 6.281864587843326, 2.7174033101473913, 2.756462290690733, 3.443819584414956, 2.765649717516663, 3.4598224723242668, 2.762699811778326, 3.441080504725223, 2.7155521961472218, 2.7481159018498476], [6.743825249070442, 7.181968895087196, 8.622646144310922, 6.517815555076716, 5.688679209623267, 4.294117362159539, 3.6000923682594586, 4.683193007980773, 5.016903279912819, 5.98857292265862, 6.413888185804302, 8.131991530984276, 2.2040414106817505, 2.235133557530735, 1.3462992535094123, 0.0, 1.3651693155063218, 2.270679708809677, 2.437138291111114, 2.92951407916057, 3.743571699593852, 2.9617669861081244, 7.539159187867039, 6.817367759626878, 5.783259778014472, 7.2940123889393, 9.099944141037351, 8.773499026614182, 9.27903917062537, 4.0466884498315405, 6.84732212620379, 3.2272069828258614, 2.670893925261728, 3.957512821204753, 4.0494825397820895, 4.596267457404976, 4.028132288046161, 3.9803345286545952, 3.2838192535521804, 2.7011256709009306], [5.428674472649838, 5.823716662922399, 7.25828372206543, 5.16565499138299, 4.38797601748232, 2.9889794144490187, 2.537793431309964, 3.821922371006507, 4.587398794523973, 4.992394108040751, 5.2264699119003835, 6.924794671324197, 1.3870787793056314, 2.2503242344160097, 2.1410528858484557, 1.3651693155063218, 0.0, 1.2198746656931603, 3.5674736425094995, 4.144045704381167, 4.620620284117707, 4.157056234885451, 6.269439236486784, 5.522779891503915, 4.5026246234835074, 5.974339818758219, 7.742194971066022, 7.41815282196316, 7.927207382805119, 2.6929211518349363, 5.949043403775098, 4.208554456104851, 3.9363970251995672, 5.211780752295707, 4.740532854015464, 5.600723755015954, 4.725916092145522, 5.221426136602911, 4.2373247751382, 3.9435220717018944], [4.656452792630889, 5.294455727456789, 6.666819777825107, 4.755654576396397, 4.284663787276663, 2.9693806323878387, 3.0868218121556676, 4.4856170467395, 5.534112928012944, 5.445662226947242, 5.3720540522224836, 6.9791532896190205, 2.371200468117362, 3.444965416372129, 3.3152820664311506, 2.270679708809677, 1.2198746656931603, 0.0, 4.665229866791131, 5.0740630543973335, 5.811448546618992, 5.104830741562349, 5.471149829788981, 4.605932093507242, 3.7610666013778586, 5.603635179952385, 7.283169140559623, 6.720840073234893, 7.28797710273571, 2.2675641578575014, 6.482994932899454, 5.132698297192228, 4.660151849457269, 6.136310537285413, 5.942988677424853, 6.762448495922169, 5.917956541746483, 6.160892251938837, 5.192369329121341, 4.687442271644527], [8.88087512016693, 9.102279805631115, 10.563327750287785, 8.358848603725276, 7.293577578938884, 6.0048002972621815, 4.879914045349569, 5.41671958845942, 4.930475994262623, 6.819221027360824, 7.645891326065262, 9.332501565496788, 3.5737541059787534, 2.5105308821044203, 1.5083928566524036, 2.437138291111114, 3.5674736425094995, 4.665229866791131, 0.0, 1.5341276967710347, 1.536123855683519, 1.5337582632214246, 9.672939485492504, 9.070528400264232, 7.913274061347805, 9.045057740003655, 10.88905211577206, 10.815959433170965, 11.249717581343987, 6.080993601377985, 7.401022305735877, 2.1828423809336304, 2.188815590679124, 2.1845352228792287, 2.188095603487197, 2.186209836680826, 2.187582309308612, 2.1842554177568156, 2.1826574307481232, 2.1879002582384786], [9.268737187449, 9.672976605471556, 11.175079183164655, 9.119175107979888, 8.105235683803402, 6.791305481275304, 5.743500195873594, 6.344033613561643, 5.864814341477486, 7.741476164789244, 8.5271707394657, 10.225507230450724, 4.408226334933359, 3.5418106612296483, 2.4778406688082266, 2.92951407916057, 4.144045704381167, 5.0740630543973335, 1.5341276967710347, 0.0, 2.5015131120983556, 2.5169335509703075, 9.936710180940167, 9.503193966767174, 8.22790756267959, 9.562479558670962, 11.59949535669548, 11.4656325830719, 11.75052458786415, 6.776408893359373, 8.338778396144125, 1.0962385187540165, 1.0960064872070787, 1.0957289856529304, 3.4708532812552018, 2.756521957104641, 2.757934232355804, 2.7919921597311124, 3.479536711977616, 2.765797326269588], [9.644716194891377, 9.659188273348853, 11.10358325316652, 8.880268830390216, 7.679612297505649, 6.537070728545011, 5.235063095130755, 5.371108351169244, 4.422392260982736, 6.71688775996741, 7.758338925955736, 9.355477127864726, 4.1835731295150085, 2.852967081829021, 2.499013443341192, 3.743571699593852, 4.620620284117707, 5.811448546618992, 1.536123855683519, 2.5015131120983556, 0.0, 2.502938614908484, 10.443931093702219, 9.938961598678203, 8.711028362369165, 9.480077207491508, 11.298518514389396, 11.447987541048427, 11.808481407022665, 6.845088225874083, 7.086951003781528, 2.776420321204986, 3.4722652822041122, 2.7355322516833906, 1.0962951199380575, 1.0958284217887402, 1.0963260190290114, 2.7407417882755754, 2.775103576445391, 3.4730667687218455], [9.568736775039849, 9.82307806799885, 11.220309142354324, 8.947498672254723, 7.989258035011763, 6.678924961399103, 5.700637117024728, 6.350913731897167, 6.00485263432834, 7.713533548899623, 8.441201903757545, 10.114696445272097, 4.3908317093689675, 3.5072089102304704, 2.4740855765312566, 2.9617669861081244, 4.157056234885451, 5.104830741562349, 1.5337582632214246, 2.5169335509703075, 2.502938614908484, 0.0, 10.426297293862286, 9.595378390141788, 8.658277259362858, 9.912