{"total energy": -24.04998832, "HOMO-LUMO gap/eV": 11.76596532, "electronic energy": -24.34766042, "dipole": [-0.56217871, 0.52759289, -0.28043628], "partial charges": [-0.09991919, -0.05613981, -0.0172667, -0.10626431, -0.07240134, 0.07936814, -0.44700088, 0.0325336, 0.03509479, 0.03238777, 0.03253278, 0.0277353, 0.02887704, 0.03891034, 0.03684254, 0.03159554, 0.04411256, 0.02774705, 0.04969666, 0.01761747, 0.28394063], "atomic dipole moments": [[0.09276539, -5.505e-05, 0.0460974], [-0.0178343, -0.06164689, -0.09368299], [0.00273673, -0.02654906, 0.09198138], [0.03320083, 0.09948608, -0.00597272], [-0.00255125, -0.05868236, -0.09842238], [0.11399556, 0.10031238, 0.13025998], [-0.19151996, 0.07949538, -0.11901167], [0.00925205, 0.02980281, -0.12249523], [-0.06158168, -0.10941907, 0.01168853], [-0.07321317, 0.08588326, 0.05309157], [-0.01786227, -0.02942488, 0.12020164], [0.03753544, 0.11563349, 0.00378687], [0.00912339, 0.03397448, -0.11936165], [-0.10860901, -0.02192059, -0.05933697], [-0.0124632, -0.04612806, 0.11800328], [0.07970009, -0.07651375, -0.06133426], [0.00016854, -0.03111083, 0.12300338], [0.0247781, 0.11804285, 0.01120767], [-0.01054064, -0.12797065, 0.00520612], [0.01806913, 0.03249727, -0.11249642], [0.00259137, 0.07748108, -0.01268148]], "atomic quadrupole moments": [[0.15296727, -0.00850051, -0.10927756, 0.1416591, 0.01227425, -0.04368971], [0.18738069, -0.10551451, -0.1055505, 0.0448839, 0.09821452, -0.08183019], [0.09888685, -0.00285755, 0.06820228, 0.03333913, 0.08994724, -0.16708913], [-0.05794125, 0.07409652, 0.18506962, -0.00715953, -0.01764735, -0.12712836], [0.22760731, -0.0911956, -0.12390568, 0.00759382, 0.10887698, -0.10370163], [0.3490614, 0.06586697, -0.22867797, 0.18729503, 0.16894959, -0.12038342], [0.10661912, 0.03672618, -0.04826894, 0.1176533, 0.01774783, -0.05835018], [-0.02516837, 0.0092955, -0.04601069, -0.0196189, -0.02739314, 0.07117906], [-0.02228417, 0.03782782, 0.06407143, 0.00774724, -0.01750306, -0.04178726], [0.00307891, -0.04474526, 0.01541222, -0.02180164, 0.05001859, -0.01849113], [-0.01508514, 0.00024625, -0.02398306, -0.00897259, -0.03948219, 0.0390682], [0.00459046, 0.0242712, 0.04478658, -0.0017064, -0.00935923, -0.04937704], [-0.02201678, 0.00441866, -0.00758274, -0.00359237, -0.01229288, 0.02959952], [0.05628286, -0.00123552, -0.03048255, 0.05523965, -0.00415411, -0.0258003], [-0.05059581, 0.00723487, -0.0270953, -0.00548882, -0.02369639, 0.07769111], [0.03057789, -0.03711391, -0.00636108, -0.04917155, 0.02662856, -0.0242168], [-0.02396137, -0.00202349, -0.01293755, -0.01157576, -0.04117975, 0.03689892], [-0.01778124, 0.01458488, 0.06033338, -0.00438426, -0.01342858, -0.04255215], [-0.0141658, 0.01288758, 0.04577934, -0.0021856, -0.0134125, -0.03161354], [-0.00818815, 0.00709211, -0.02891255, 0.01310894, -0.0268778, 0.0371007], [-0.05710912, 0.03263631, 0.13016697, 0.02294668, -0.01651438, -0.07305784]], "number of molecular orbitals": 42, "number of electrons": 44, "number of unpaired electrons": 0, "orbital energies/eV": [-18.55765418, -17.21974043, -16.84504118, -16.38099106, -16.11142859, -15.61628775, -15.12686476, -15.00056488, -14.32381714, -13.99784126, -13.9289617, -13.45657138, -13.3164472, -12.82704996, -12.68537107, -12.596287, -12.26216276, -12.04325099, -11.67083841, -11.60107842, -11.54209616, -11.05597044, 0.70999488, 1.75120857, 2.19464654, 2.76170912, 3.23574583, 3.37253813, 3.80451816, 3.89821321, 4.02864448, 4.62725066, 5.05218107, 5.20092559, 5.33262548, 6.10477532, 6.40555281, 6.59126437, 7.27381748, 7.39298775, 7.74250205, 8.00169225], "fractional occupation": [2.0, 2.0, 2.0, 2.0, 2.0, 2.0, 2.0, 2.0, 2.0, 2.0, 2.0, 2.0, 2.0, 2.0, 2.0, 2.0, 2.0, 2.0, 2.0, 2.0, 2.0, 2.0, 0.0, 0.0, 0.0, 0.0, 0.0, 0.0, 0.0, 0.0, 0.0, 0.0, 0.0, 0.0, 0.0, 0.0, 0.0, 0.0, 0.0, 0.0, 0.0, 0.0], "program call": "xtb /home/svss/Project-DBcg-Debug/aqme2_20220329/End-to-End-workflows-final/example-3/QDESCP/mol_551_rdkit_conf_8/mol_551_rdkit_conf_8.xyz --pop --wbo --acc 0.2 --gfn 2 --chrg 0 --uhf 0 --etemp 300 --input /home/svss/Project-DBcg-Debug/aqme2_20220329/End-to-End-workflows-final/example-3/QDESCP/mol_551_rdkit_conf_8/mol_551_rdkit_conf_8_xtb.inp", "method": "GFN2-xTB", "xtb version": "6.3.3 (7355c4f)", "Dipole module/D": 2.085, "Total charge": 0, "Transition dipole module/D": NaN, "HOMO": -11.056, "LUMO": 0.71, "HOMO occupancy": 2.0, "LUMO occupancy": 0, "mulliken charges": [-0.08354, -0.04501, -0.00905, -0.0936, -0.07728, 0.19598, -0.56448, 0.02703, 0.02792, 0.02972, 0.02483, 0.02349, 0.01848, 0.03202, 0.03079, 0.02865, 0.03644, 0.0243, 0.0309, 0.00943, 0.33297], "cm5 charges": [-0.23417, -0.15548, -0.08118, -0.24213, -0.18346, 0.1085, -0.77856, 0.07847, 0.07967, 0.08048, 0.07998, 0.07851, 0.07732, 0.08411, 0.08281, 0.08078, 0.09388, 0.08204, 0.09444, 0.07199, 0.50199], "FUKUI+": [0.008, -0.01, -0.049, 0.029, -0.018, -0.023, -0.135, -0.041, -0.043, -0.073, -0.049, -0.047, -0.057, -0.052, -0.042, -0.032, -0.066, -0.056, -0.083, -0.08, -0.082], "FUKUI-": [0.018, -0.003, -0.012, 0.021, -0.0, 0.01, -0.14, -0.068, -0.068, -0.084, -0.074, -0.071, -0.063, -0.051, -0.046, -0.063, -0.06, -0.046, -0.058, -0.087, -0.056], "FUKUIrad": [0.013, -0.007, -0.03, 0.025, -0.009, -0.007, -0.137, -0.055, -0.055, -0.078, -0.061, -0.059, -0.06, -0.051, -0.044, -0.048, -0.063, -0.051, -0.07, -0.084, -0.069], "s proportion": [1.007, 1.032, 1.057, 1.012, 1.045, 0.993, 1.696, 0.973, 0.972, 0.97, 0.975, 0.977, 0.982, 0.968, 0.969, 0.971, 0.964, 0.976, 0.969, 0.991, 0.667], "p proportion": [3.076, 3.013, 2.952, 3.082, 3.032, 2.811, 4.869, 0.0, 0.0, 0.0, 0.0, 0.0, 0.0, 0.0, 0.0, 0.0, 0.0, 0.0, 0.0, 0.0, 0.0], "d proportion": [0.0, 0.0, 0.0, 0.0, 0.0, 0.0, 0.0, 0.0, 0.0, 0.0, 0.0, 0.0, 0.0, 0.0, 0.0, 0.0, 0.0, 0.0, 0.0, 0.0, 0.0], "Fermi-level/eV": -5.173, "Coordination numbers": [3.748, 3.801, 3.847, 3.75, 3.801, 3.673, 1.653, 0.924, 0.924, 0.924, 0.924, 0.924, 0.924, 0.924, 0.924, 0.924, 0.924, 0.923, 0.924, 0.924, 0.804], "Dispersion coefficient C6": [22.474, 21.583, 20.85, 22.594, 21.884, 19.482, 21.784, 2.551, 2.515, 2.553, 2.551, 2.619, 2.603, 2.464, 2.491, 2.564, 2.395, 2.619, 2.324, 2.77, 0.772], "Total dispersion C6": 2910.159028, "Total dispersion C8": 60068.17453, "Polarizability alpha": [6.761, 6.614, 6.495, 6.779, 6.66, 6.326, 6.301, 2.498, 2.48, 2.499, 2.498, 2.531, 2.523, 2.455, 2.468, 2.504, 2.42, 2.531, 2.384, 2.603, 1.38], "Total polarizability alpha": 79.708622, "Wiberg matrix": [[0.0, 1.0203441481419941, 0.0, 0.0, 0.0, 0.0, 0.0, 0.9873702012625004, 0.9855531367371593, 0.9867775526416, 0.0, 0.0, 0.0, 0.0, 0.0, 0.0, 0.0, 0.0, 0.0, 0.0, 0.0], [1.0203441481419941, 0.0, 0.9944315660182589, 0.0, 0.0, 0.0, 0.0, 0.0, 0.0, 0.0, 0.9775642866983343, 0.9770724822930319, 0.0, 0.0, 0.0, 0.0, 0.0, 0.0, 0.0, 0.0, 0.0], [0.0, 0.9944315660182589, 0.0, 1.0106714367835241, 0.993447302776919, 0.0, 0.0, 0.0, 0.0, 0.0, 0.0, 0.0, 0.9682797631032705, 0.0, 0.0, 0.0, 0.0, 0.0, 0.0, 0.0, 0.0], [0.0, 0.0, 1.0106714367835241, 0.0, 0.0, 0.0, 0.0, 0.0, 0.0, 0.0, 0.0, 0.0, 0.0, 0.9831863054778353, 0.9867890922468693, 0.9839683071679487, 0.0, 0.0, 0.0, 0.0, 0.0], [0.0, 0.0, 0.993447302776919, 0.0, 0.0, 1.0015596985513606, 0.0, 0.0, 0.0, 0.0, 0.0, 0.0, 0.0, 0.0, 0.0, 0.0, 0.9756590208324885, 0.9731241387729735, 0.0, 0.0, 0.0], [0.0, 0.0, 0.0, 0.0, 1.0015596985513606, 0.0, 0.9921101486264882, 0.0, 0.0, 0.0, 0.0, 0.0, 0.0, 0.0, 0.0, 0.0, 0.0, 0.0, 0.971246058707377, 0.9731324179294885, 0.0], [0.0, 0.0, 0.0, 0.0, 0.0, 0.9921101486264882, 0.0, 0.0, 0.0, 0.0, 0.0, 0.0, 0.0, 0.0, 0.0, 0.0, 0.0, 0.0, 0.0, 0.0, 0.9044308443303937], [0.9873702012625004, 0.0, 0.0, 0.0, 0.0, 0.0, 0.0, 0.0, 0.0, 0.0, 0.0, 0.0, 0.0, 0.0, 0.0, 0.0, 0.0, 0.0, 0.0, 0.0, 0.0], [0.9855531367371593, 0.0, 0.0, 0.0, 0.0, 0.0, 0.0, 0.0, 0.0, 0.0, 0.0, 0.0, 0.0, 0.0, 0.0, 0.0, 0.0, 0.0, 0.0, 0.0, 0.0], [0.9867775526416, 0.0, 0.0, 0.0, 0.0, 0.0, 0.0, 0.0, 0.0, 0.0, 0.0, 0.0, 0.0, 0.0, 0.0, 0.0, 0.0, 0.0, 0.0, 0.0, 0.0], [0.0, 0.9775642866983343, 0.0, 0.0, 0.0, 0.0, 0.0, 0.0, 0.0, 0.0, 0.0, 0.0, 0.0, 0.0, 0.0, 0.0, 0.0, 0.0, 0.0, 0.0, 0.0], [0.0, 0.9770724822930319, 0.0, 0.0, 0.0, 0.0, 0.0, 0.0, 0.0, 0.0, 0.0, 0.0, 0.0, 0.0, 0.0, 0.0, 0.0, 0.0, 0.0, 0.0, 0.0], [0.0, 0.0, 0.9682797631032705, 0.0, 0.0, 0.0, 0.0, 0.0, 0.0, 0.0, 0.0, 0.0, 0.0, 0.0, 0.0, 0.0, 0.0, 0.0, 0.0, 0.0, 0.0], [0.0, 0.0, 0.0, 0.9831863054778353, 0.0, 0.0, 0.0, 0.0, 0.0, 0.0, 0.0, 0.0, 0.0, 0.0, 0.0, 0.0, 0.0, 0.0, 0.0, 0.0, 0.0], [0.0, 0.0, 0.0, 0.9867890922468693, 0.0, 0.0, 0.0, 0.0, 0.0, 0.0, 0.0, 0.0, 0.0, 0.0, 0.0, 0.0, 0.0, 0.0, 0.0, 0.0, 0.0], [0.0, 0.0, 0.0, 0.9839683071679487, 0.0, 0.0, 0.0, 0.0, 0.0, 0.0, 0.0, 0.0, 0.0, 0.0, 0.0, 0.0, 0.0, 0.0, 0.0, 0.0, 0.0], [0.0, 0.0, 0.0, 0.0, 0.9756590208324885, 0.0, 0.0, 0.0, 0.0, 0.0, 0.0, 0.0, 0.0, 0.0, 0.0, 0.0, 0.0, 0.0, 0.0, 0.0, 0.0], [0.0, 0.0, 0.0, 0.0, 0.9731241387729735, 0.0, 0.0, 0.0, 0.0, 0.0, 0.0, 0.0, 0.0, 0.0, 0.0, 0.0, 0.0, 0.0, 0.0, 0.0, 0.0], [0.0, 0.0, 0.0, 0.0, 0.0, 0.971246058707377, 0.0, 0.0, 0.0, 0.0, 0.0, 0.0, 0.0, 0.0, 0.0, 0.0, 0.0, 0.0, 0.0, 0.0, 0.0], [0.0, 0.0, 0.0, 0.0, 0.0, 0.9731324179294885, 0.0, 0.0, 0.0, 0.0, 0.0, 0.0, 0.0, 0.0, 0.0, 0.0, 0.0, 0.0, 0.0, 0.0, 0.0], [0.0, 0.0, 0.0, 0.0, 0.0, 0.0, 0.9044308443303937, 0.0, 0.0, 0.0, 0.0, 0.0, 0.0, 0.0, 0.0, 0.0, 0.0, 0.0, 0.0, 0.0, 0.0]], "Born radii": [], "Atomic SASAs": [], "Solvent H bonds": [], "Total SASA": NaN, "Total FOD": 0.0, "FOD": [0.0, 0.0, 0.0, 0.0, 0.0, 0.0, 0.0, 0.0, 0.0, 0.0, 0.0, 0.0, 0.0, 0.0, 0.0, 0.0, 0.0, 0.0, 0.0, 0.0, 0.0], "FOD s proportion": [0.0, 0.0, 0.0, 0.0, 0.0, 0.0, 0.0, 0.0, 0.0, 0.0, 0.0, 0.0, 0.0, 0.0, 0.0, 0.0, 0.0, 0.0, 0.0, 0.0, 0.0], "FOD p proportion": [0.0, 0.0, 0.0, 0.0, 0.0, 0.0, 0.0, 0.0, 0.0, 0.0, 0.0, 0.0, 0.0, 0.0, 0.0, 0.0, 0.0, 0.0, 0.0, 0.0, 0.0], "FOD d proportion": [0.0, 0.0, 0.0, 0.0, 0.0, 0.0, 0.0, 0.0, 0.0, 0.0, 0.0, 0.0, 0.0, 0.0, 0.0, 0.0, 0.0, 0.0, 0.0, 0.0, 0.0], "coordinates": [["-2.58600", "0.91840", "-0.14390"], ["-1.22870", "0.90210", "0.54550"], ["-0.18910", "-0.00650", "-0.14370"], ["-0.61830", "-1.47650", "-0.11310"], ["1.18290", "0.19800", "0.52970"], ["2.33290", "-0.51270", "-0.17690"], ["3.56330", "-0.17620", "0.45360"], ["-2.48560", "1.16740", "-1.20490"], ["-3.09390", "-0.04630", "-0.05850"], ["-3.23200", "1.67080", "0.32040"], ["-1.36030", "0.59740", "1.59100"], ["-0.84920", "1.93150", "0.56300"], ["-0.10520", "0.30350", "-1.19350"], ["-1.57860", "-1.62300", "-0.61620"], ["-0.71460", "-1.83850", "0.91590"], ["0.10330", "-2.11460", "-0.63180"], ["1.14610", "-0.12980", "1.57680"], ["1.41360", "1.27080", "0.56940"], ["2.22670", "-1.59910", "-0.12210"], ["2.39400", "-0.22280", "-1.23060"], ["3.67870", "0.78620", "0.37620"]], "bond_dist": [[0.0, 1.5224327045882848, 2.569157383267907, 3.0997319142145177, 3.895808045835934, 5.122959439620813, 6.274475747024607, 1.0944414831319216, 1.0935728873742254, 1.0949868720674238, 2.148315502899888, 2.1313266901158068, 2.762993089025016, 2.774281169960968, 3.496542808260754, 4.082826214768392, 4.241238279087842, 4.077963071191303, 5.431423642103422, 5.223375759985108, 6.287642399182701], [1.5224327045882848, 0.0, 1.5431522154343684, 2.5424555217348446, 2.512333777586091, 3.8998096568935257, 4.91268159969685, 2.171193648664255, 2.177900273198936, 2.1574940532942386, 1.0969188210619782, 1.0972651730552645, 2.1551554955501473, 2.8014472884564507, 2.812895897469368, 3.5015336896851355, 2.787126179418506, 2.6680067822252624, 4.317578066462724, 4.1885422893889945, 4.911687088974622], [2.569157383267907, 1.5431522154343684, 0.0, 1.5316817554570532, 1.5419701067141347, 2.5725133002571625, 3.8034288661680002, 2.788924326689414, 2.9063217509422454, 3.5054193058748337, 2.1784372242504486, 2.1658718567819286, 1.0978247811012467, 2.1833549299186332, 2.180625233734582, 2.183534973386046, 2.1813028629697437, 2.1699433610119874, 2.893601727950825, 2.8107904422066046, 3.9822790133289256], [3.0997319142145177, 2.5424555217348446, 1.5316817554570532, 0.0, 2.5419408982114433, 3.105247545687783, 4.41562085555361, 3.4159982055030413, 2.8595539092662685, 4.113981919017146, 2.784884561341816, 3.4820812770525618, 2.1445129447032953, 1.0939597570294806, 1.0950610439605641, 1.0940419827410646, 2.789707916610626, 3.484548916287444, 2.8476546068650954, 3.448843462669769, 4.880925606890561], [3.895808045835934, 2.512333777586091, 1.5419701067141347, 2.5419408982114433, 0.0, 1.5254107807407158, 2.4108340901024277, 4.1721056757948976, 4.323965768828425, 4.658786144480127, 2.7845545945447, 2.6712471899844834, 2.1540079154914915, 3.5007156496922165, 2.8101581699256717, 2.8040572693866292, 1.0978276230811466, 1.098042995515203, 2.1780564937576803, 2.177726323485116, 2.568766071482571], [5.122959439620813, 3.8998096568935257, 2.5725133002571625, 3.105247545687783, 1.5254107807407158, 0.0, 1.4229007906386166, 5.205522285035384, 5.448091937550247, 5.998590797012246, 4.242348248317199, 4.080113486166776, 2.764776593144553, 4.089692265929064, 3.4984587649420704, 2.782828377748078, 2.151876004792098, 2.1407822005052264, 1.0929530822501026, 1.0945587741185943, 1.950445708037012], [6.274475747024607, 4.91268159969685, 3.8034288661680002, 4.41562085555361, 2.4108340901024277, 1.4229007906386166, 0.0, 6.414442642973745, 6.678130895692297, 7.043099696156515, 5.112139735961841, 4.8912701724603185, 4.0498077423502465, 5.447645169245148, 4.612742241877385, 4.111822919338818, 2.6658182683746467, 2.5939214964990747, 2.0353315356472024, 2.0508446284397066, 0.9723793909786448], [1.0944414831319216, 2.171193648664255, 2.788924326689414, 3.4159982055030413, 4.1721056757948976, 5.205522285035384, 6.414442642973745, 0.0, 1.7768875991463278, 1.7711760527965597, 3.0672881996969243, 2.5272760395334735, 2.5323422616226265, 2.9925823046325726, 4.082850529960655, 4.219285581706932, 4.75497924495996, 4.285159587459958, 5.570614811670252, 5.073836092149608, 6.375247849299665], [1.0935728873742254, 2.177900273198936, 2.9063217509422454, 2.8595539092662685, 4.323965768828425, 5.448091937550247, 6.678130895692297, 1.7768875991463278, 0.0, 1.7638223351573707, 2.4780171306913923, 3.0555904797600086, 3.2160399142423595, 2.256800006646579, 3.1340875370672086, 3.8507954528902206, 4.545192882595853, 4.737780817007051, 5.542924964312616, 5.614447174032364, 6.837406752563431], [1.0949868720674238, 2.1574940532942386, 3.5054193058748337, 4.113981919017146, 4.658786144480127, 5.998590797012246, 7.043099696156515, 1.7711760527965597, 1.7638223351573707, 0.0, 2.5039714075843595, 2.409264429239763, 3.7334006937375475, 3.8026398146550773, 4.359714382846656, 5.134215041269697, 4.897801642573941, 4.66943255224872, 6.378515340578872, 6.135405280827014, 6.967309759871453], [2.148315502899888, 1.0969188210619782, 2.1784372242504486, 2.784884561341816, 2.7845545945447, 4.242348248317199, 5.112139735961841, 3.0672881996969243, 2.4780171306913923, 2.5039714075843595, 0.0, 1.7600653453778354, 3.068402429604044, 3.138401327109074, 2.608888136735648, 3.799724832142454, 2.60980122614731, 3.031774287442916, 4.541573830733131, 4.76748603458888, 5.18680108351959], [2.1313266901158068, 1.0972651730552645, 2.1658718567819286, 3.4820812770525618, 2.6712471899844834, 4.080113486166776, 4.8912701724603185, 2.5272760395334735, 3.0555904797600086, 2.409264429239763, 1.7600653453778354, 0.0, 2.5078301876323286, 3.8153646287085063, 3.788872598808252, 4.325011965301368, 3.0426912791145933, 2.3572927883485324, 4.732405221449237, 4.286765177846811, 4.674236273446176], [2.762993089025016, 2.1551554955501473, 1.0978247811012467, 2.1445129447032953, 2.1540079154914915, 2.764776593144553, 4.0498077423502465, 2.5323422616226265, 3.2160399142423595, 3.7334006937375475, 3.068402429604044, 2.5078301876323286, 0.0, 2.4931075187404175, 3.067425748082584, 2.4912219391294705, 3.070515049629296, 2.519968083131213, 3.194611452117456, 2.5542843890217077, 4.12490685834238], [2.774281169960968, 2.8014472884564507, 2.1833549299186332, 1.0939597570294806, 3.5007156496922165, 4.089692265929064, 5.447645169245148, 2.9925823046325726, 2.256800006646579, 3.8026398146550773, 3.138401327109074, 3.8153646287085063, 2.4931075187404175, 0.0, 1.7720797555414938, 1.7523417275177806, 3.8030100354850496, 4.3281620394805, 3.837318609393804, 4.2567121302714375, 5.867563863308178], [3.496542808260754, 2.812895897469368, 2.180625233734582, 1.0950610439605641, 2.8101581699256717, 3.4984587649420704, 4.612742241877385, 4.082850529960655, 3.1340875370672086, 4.359714382846656, 2.608888136735648, 3.788872598808252, 3.067425748082584, 1.7720797555414938, 0.0, 1.7721644703582113, 2.6112542943957027, 3.783786989247677, 3.128258629013912, 4.108691117618846, 5.146009237263376], [4.082826214768392, 3.5015336896851355, 2.183534973386046, 1.0940419827410646, 2.8040572693866292, 2.782828377748078, 4.111822919338818, 4.219285581706932, 3.8507954528902206, 5.134215041269697, 3.799724832142454, 4.325011965301368, 2.4912219391294705, 1.7523417275177806, 1.7721644703582113, 0.0, 3.14718554267142, 3.8237024845037304, 2.2437383760144587, 3.0306393995327126, 4.713193163875209], [4.241238279087842, 2.787126179418506, 2.1813028629697437, 2.789707916610626, 1.0978276230811466, 2.151876004792098, 2.6658182683746467, 4.75497924495996, 4.545192882595853, 4.897801642573941, 2.60980122614731, 3.0426912791145933, 3.070515049629296, 3.8030100354850496, 2.6112542943957027, 3.14718554267142, 0.0, 1.7458783949634062, 2.492548908246336, 3.0736620129741006, 2.9486537809651376], [4.077963071191303, 2.6680067822252624, 2.1699433610119874, 3.484548916287444, 1.098042995515203, 2.1407822005052264, 2.5939214964990747, 4.285159587459958, 4.737780817007051, 4.66943255224872, 3.031774287442916, 2.3572927883485324, 2.519968083131213, 4.3281620394805, 3.783786989247677, 3.8237024845037304, 1.7458783949634062, 0.0, 3.0619650340916698, 2.53614374986908, 2.3244013014107527], [5.431423642103422, 4.317578066462724, 2.893601727950825, 2.8476546068650954, 2.1780564937576803, 1.0929530822501026, 2.0353315356472024, 5.570614811670252, 5.542924964312616, 6.378515340578872, 4.541573830733131, 4.732405221449237, 3.194611452117456, 3.837318609393804, 3.128258629013912, 2.2437383760144587, 2.492548908246336, 3.0619650340916698, 0.0, 1.7750952734994254, 2.8365935521325576], [5.223375759985108, 4.1885422893889945, 2.8107904422066046, 3.448843462669769, 2.177726323485116, 1.0945587741185943, 2.0508446284397066, 5.073836092149608, 5.614447174032364, 6.135405280827014, 4.76748603458888, 4.286765177846811, 2.5542843890217077, 4.2567121302714375, 4.108691117618846, 3.0306393995327126, 3.0736620129741006, 2.53614374986908, 1.7750952734994254, 0.0, 2.2913623305797794], [6.287642399182701, 4.911687088974622, 3.9822790133289256, 4.880925606890561, 2.568766071482571, 1.950445708037012, 0.9723793909786448, 6.375247849299665, 6.837406752563431, 6.967309759871453, 5.18680108351959, 4.674236273446176, 4.12490685834238, 5.867563863308178, 5.146009237263376, 4.713193163875209, 2.9486537809651376, 2.3244013014107527, 2.8365935521325576, 2.2913623305797794, 0.0]]}