{"total energy": -48.03127148, "HOMO-LUMO gap/eV": 3.46168506, "electronic energy": -48.48042364, "dipole": [-0.9786877, 1.17781174, 0.61493192], "partial charges": [-0.03452039, -0.19026032, 0.27107085, -0.43889396, -0.1085116, 0.15066364, -0.13259806, -0.30034534, 0.71022992, -0.48362206, -0.28460592, 0.03166573, -0.29211921, 0.03464443, 0.07702575, 0.04602741, 0.05045954, 0.18218213, 0.08606724, 0.08875449, 0.06670329, 0.07391699, 0.07567778, 0.06533817, 0.05694967, 0.07207015, 0.07295091, 0.05307877], "atomic dipole moments": [[-0.0727453, -0.14828375, -0.02215733], [0.06320403, 0.05963578, -0.02216236], [-0.00312359, 0.04992493, 0.01000644], [-0.2038974, 0.00751513, -0.0327069], [0.01590539, 0.06328842, 0.00633859], [-0.31520601, 0.18090681, -0.01333603], [0.0341208, 0.10423158, 0.02718767], [-0.07518039, -0.13415884, -0.00438339], [0.17613733, 0.1846608, 0.24434025], [0.05306837, 0.06066803, 0.0968704], [0.10969141, 0.16345795, 0.02206749], [-0.08212951, -0.13198004, -0.26350057], [0.05042728, -0.05290754, -0.18503202], [0.0014908, -0.1777783, 0.24597725], [0.10115904, -0.00937566, 0.08743835], [-0.09110094, 0.07611613, 0.03958116], [0.04073962, 0.02691798, -0.1140078], [-0.13202518, -0.01045257, -0.04028317], [0.09656423, -0.11766827, -0.00458743], [-0.05635857, -0.00706721, -0.12465299], [0.08518916, -0.0954166, 0.00080996], [-0.08957223, -0.03905075, 0.09360297], [-0.0254109, -0.0684224, 0.10227541], [-0.06512178, 0.10728486, 0.00064172], [0.12241642, 0.01310812, -0.01360629], [-0.09266222, -0.04858924, -0.07182378], [-0.02039545, 0.12032336, 0.02412842], [0.11475478, -0.019639, -0.04241995]], "atomic quadrupole moments": [[-0.09377207, 0.19200837, 0.29208674, 0.0105327, 0.05631317, -0.19831467], [-0.04283665, 0.05448796, 0.07226271, -0.019899, 0.00254512, -0.02942606], [-0.24454404, -0.01197481, -0.2098105, -0.12102362, -0.09081546, 0.45435454], [-0.04471944, 0.00313872, -0.11934756, -0.03564075, -0.03195588, 0.164067], [-0.27216895, 0.10030962, -0.1240766, -0.07043038, -0.07330425, 0.39624555], [-0.35677312, -0.26962058, 0.04840674, -0.12873118, -0.07504592, 0.30836638], [0.00841467, 0.09824759, 0.13824873, 0.02968071, 0.05627981, -0.1466634], [0.07858778, -0.02158802, -0.00291286, -0.00502657, 0.00498286, -0.07567492], [0.20706414, -0.50392368, 0.10742175, -0.46039514, -0.73150678, -0.31448588], [-0.01652649, 0.0255917, -0.01076021, 0.04018495, 0.04470676, 0.0272867], [-0.07339258, 0.06065512, -0.02937995, 0.01935611, 0.04219138, 0.10277254], [-0.22264591, 0.12794138, -0.11754813, 0.20850198, 0.32221257, 0.34019404], [-0.11524137, -0.02777429, 0.05266567, -0.01506009, -0.0751838, 0.0625757], [-0.30689317, 0.00299272, 0.01038777, -0.03220555, -0.40381904, 0.29650539], [0.01477132, 0.000783, -0.01754431, 0.05313121, -0.0137473, 0.002773], [0.02117029, -0.03877272, 0.02519948, -0.03039455, 0.03057468, -0.04636977], [-0.03833644, 0.03007696, -0.0064346, -0.03411358, -0.02004412, 0.04477104], [0.0179336, -0.0126763, 0.04279024, 0.01664884, 0.00930935, -0.06072384], [0.02484439, -5.222e-05, 0.0411131, 0.012073, 0.01755813, -0.06595748], [-0.01618469, -0.01204957, -0.02957294, 0.04654832, -0.00938044, 0.04575763], [0.04256692, -0.05782926, 0.01622974, 0.00798272, 0.00134323, -0.05879666], [0.01637953, 0.00433419, -0.02847316, -0.06011272, -0.00728319, 0.01209363], [-0.04385831, 0.02933661, 0.01156013, -0.01573436, -0.04534485, 0.03229818], [-0.02740696, -0.04340644, 0.0312387, 0.01868109, 0.01856304, -0.00383174], [0.05411428, 0.01915566, -0.05111078, -0.00495299, 0.02168389, -0.0030035], [-0.00319551, 0.03254164, -0.01339259, 0.04405121, -0.01009022, 0.0165881], [-0.05301758, -0.02200304, 0.06491128, -0.0094448, 0.02911021, -0.0118937], [0.03496365, -0.01753127, -0.02662031, -0.03753085, -0.0297029, -0.00834334]], "number of molecular orbitals": 75, "number of electrons": 82, "number of unpaired electrons": 0, "orbital energies/eV": [-20.73677071, -20.35086841, -20.12029171, -19.21961338, -18.6734321, -18.39292134, -18.14097825, -17.88917309, -17.84944184, -17.47110415, -17.35129431, -16.80459809, -16.63512279, -16.47178825, -16.11043523, -15.78866743, -15.74193941, -15.62601258, -15.47234826, -15.43099414, -15.23796766, -15.13621453, -14.58825694, -14.50966606, -14.15203034, -13.8951223, -13.6387694, -13.48033051, -13.44215469, -13.3746922, -13.24556713, -13.19404426, -12.92820396, -12.88200992, -12.65724531, -12.58739018, -12.17319335, -12.03906368, -11.22772196, -10.79574082, -10.55354802, -7.09186296, -4.18414957, -2.99816196, -2.53729161, -1.97161408, 0.04667559, 0.30945529, 1.36302211, 1.9481258, 2.36100579, 2.86310655, 3.16302022, 3.38403455, 3.54136968, 3.93277872, 4.18865064, 4.39611517, 4.6447917, 4.83684053, 5.00304189, 5.14406349, 5.38563294, 5.53992838, 5.57240241, 6.05359054, 9.12637671, 9.81775701, 11.07306673, 11.49045136, 14.2120256, 17.98768219, 26.47654174, 27.94304258, 32.72365569], "fractional occupation": [2.0, 2.0, 2.0, 2.0, 2.0, 2.0, 2.0, 2.0, 2.0, 2.0, 2.0, 2.0, 2.0, 2.0, 2.0, 2.0, 2.0, 2.0, 2.0, 2.0, 2.0, 2.0, 2.0, 2.0, 2.0, 2.0, 2.0, 2.0, 2.0, 2.0, 2.0, 2.0, 2.0, 2.0, 2.0, 2.0, 2.0, 2.0, 2.0, 2.0, 2.0, 0.0, 0.0, 0.0, 0.0, 0.0, 0.0, 0.0, 0.0, 0.0, 0.0, 0.0, 0.0, 0.0, 0.0, 0.0, 0.0, 0.0, 0.0, 0.0, 0.0, 0.0, 0.0, 0.0, 0.0, 0.0, 0.0, 0.0, 0.0, 0.0, 0.0, 0.0, 0.0, 0.0, 0.0], "program call": "xtb /home/svss/Project-DBcg-Debug/aqme2_20220329/End-to-End-workflows-final/example-3/QDESCP/mol_805_rdkit_conf_5/mol_805_rdkit_conf_5.xyz --pop --wbo --acc 0.2 --gfn 2 --chrg 0 --uhf 0 --etemp 300 --input /home/svss/Project-DBcg-Debug/aqme2_20220329/End-to-End-workflows-final/example-3/QDESCP/mol_805_rdkit_conf_5/mol_805_rdkit_conf_5_xtb.inp", "method": "GFN2-xTB", "xtb version": "6.3.3 (7355c4f)", "Dipole module/D": 4.194, "Total charge": 0, "Transition dipole module/D": NaN, "HOMO": -10.5535, "LUMO": -7.0919, "HOMO occupancy": 2.0, "LUMO occupancy": 0, "mulliken charges": [0.07454, -0.35951, 0.47386, -0.56477, -0.14423, 0.26797, -0.10365, -0.34263, 0.52898, -0.39295, -0.32197, 0.17866, -0.338, 0.18047, 0.05594, 0.02325, 0.03557, 0.23754, 0.06828, 0.07318, 0.04432, 0.06778, 0.04236, 0.04635, 0.03935, 0.05284, 0.03794, 0.03854], "cm5 charges": [-0.01222, -0.72295, 0.56965, -0.60793, -0.18584, 0.28153, -0.24279, -0.40073, 0.526, -0.40821, -0.38623, 0.06404, -0.40398, 0.06597, 0.12005, 0.08468, 0.09786, 0.44854, 0.12951, 0.1301, 0.09656, 0.12581, 0.10193, 0.10965, 0.10415, 0.1154, 0.09744, 0.10202], "FUKUI+": [0.031, -0.063, -0.058, -0.156, -0.058, -0.125, 0.038, -0.016, -0.084, -0.01, -0.002, 0.011, -0.008, 0.013, -0.033, -0.047, -0.044, -0.038, -0.087, -0.072, -0.052, -0.071, -0.024, -0.021, 0.013, -0.02, -0.024, 0.004], "FUKUI-": [0.029, -0.089, -0.013, -0.157, -0.033, -0.035, 0.017, -0.012, -0.084, -0.057, -0.012, 0.013, -0.018, 0.015, -0.053, -0.063, -0.078, -0.042, -0.053, -0.06, -0.044, -0.047, -0.031, -0.025, 0.001, -0.032, -0.033, -0.005], "FUKUIrad": [0.03, -0.076, -0.035, -0.156, -0.046, -0.08, 0.027, -0.014, -0.084, -0.034, -0.007, 0.012, -0.013, 0.014, -0.043, -0.055, -0.061, -0.04, -0.07, -0.066, -0.048, -0.059, -0.027, -0.023, 0.007, -0.026, -0.028, -0.001], "s proportion": [0.975, 1.423, 0.983, 1.729, 1.077, 1.04, 1.018, 1.637, 1.307, 1.673, 1.636, 0.973, 1.642, 0.974, 0.944, 0.977, 0.964, 0.762, 0.932, 0.927, 0.956, 0.932, 0.958, 0.954, 0.961, 0.947, 0.962, 0.961], "p proportion": [2.95, 3.937, 2.543, 4.836, 3.068, 2.692, 3.086, 4.706, 1.852, 4.72, 4.686, 2.848, 4.696, 2.845, 0.0, 0.0, 0.0, 0.0, 0.0, 0.0, 0.0, 0.0, 0.0, 0.0, 0.0, 0.0, 0.0, 0.0], "d proportion": [0.0, 0.0, 0.0, 0.0, 0.0, 0.0, 0.0, 0.0, 1.312, 0.0, 0.0, 0.0, 0.0, 0.0, 0.0, 0.0, 0.0, 0.0, 0.0, 0.0, 0.0, 0.0, 0.0, 0.0, 0.0, 0.0, 0.0, 0.0], "Fermi-level/eV": -8.8227, "Coordination numbers": [3.689, 2.683, 2.753, 0.858, 2.895, 2.962, 3.759, 1.66, 3.943, 0.808, 1.657, 3.88, 1.657, 3.92, 0.924, 0.924, 0.924, 0.86, 0.925, 0.924, 0.924, 0.924, 0.924, 0.924, 0.924, 0.924, 0.924, 0.924], "Dispersion coefficient C6": [21.385, 25.127, 22.42, 22.473, 30.742, 24.73, 23.099, 19.014, 132.367, 23.45, 18.742, 19.994, 18.872, 19.932, 2.01, 2.37, 2.314, 1.202, 1.918, 1.891, 2.122, 2.043, 2.024, 2.138, 2.235, 2.063, 2.053, 2.282], "Total dispersion C6": 8516.137561, "Total dispersion C8": 210250.923599, "Polarizability alpha": [6.619, 7.445, 7.753, 6.356, 9.091, 8.157, 6.852, 5.886, 20.667, 6.491, 5.844, 6.357, 5.864, 6.345, 2.217, 2.408, 2.379, 1.717, 2.166, 2.151, 2.278, 2.235, 2.225, 2.286, 2.338, 2.246, 2.241, 2.362], "Total polarizability alpha": 140.977679, "Wiberg matrix": [[0.0, 1.0087955786607958, 0.0, 0.0, 0.0, 0.0, 0.0, 0.0, 0.0, 0.0, 0.0, 0.0, 0.0, 0.0, 0.976618085685822, 0.9845049672064796, 0.9738663989180082, 0.0, 0.0, 0.0, 0.0, 0.0, 0.0, 0.0, 0.0, 0.0, 0.0, 0.0], [1.0087955786607958, 0.0, 1.2280747423341123, 0.1975315571344226, 0.0, 0.0, 0.0, 0.0, 0.0, 0.0, 0.0, 0.0, 0.0, 0.0, 0.0, 0.0, 0.0, 0.9215984821780769, 0.0, 0.0, 0.0, 0.0, 0.0, 0.0, 0.0, 0.0, 0.0, 0.0], [0.0, 1.2280747423341123, 0.0, 1.6530806611242703, 1.0235914738452836, 0.0, 0.0, 0.0, 0.0, 0.0, 0.0, 0.0, 0.0, 0.0, 0.0, 0.0, 0.0, 0.0, 0.0, 0.0, 0.0, 0.0, 0.0, 0.0, 0.0, 0.0, 0.0, 0.0], [0.0, 0.1975315571344226, 1.6530806611242703, 0.0, 0.0, 0.0, 0.0, 0.0, 0.0, 0.0, 0.0, 0.0, 0.0, 0.0, 0.0, 0.0, 0.0, 0.0, 0.0, 0.0, 0.0, 0.0, 0.0, 0.0, 0.0, 0.0, 0.0, 0.0], [0.0, 0.0, 1.0235914738452836, 0.0, 0.0, 1.772097263038443, 0.0, 0.0, 0.0, 0.0, 0.0, 0.0, 0.0, 0.0, 0.0, 0.0, 0.0, 0.0, 0.9572928081272848, 0.0, 0.0, 0.0, 0.0, 0.0, 0.0, 0.0, 0.0, 0.0], [0.0, 0.0, 0.0, 0.0, 1.772097263038443, 0.0, 1.0288557798832985, 0.9713386919160003, 0.0, 0.0, 0.0, 0.0, 0.0, 0.0, 0.0, 0.0, 0.0, 0.0, 0.0, 0.0, 0.0, 0.0, 0.0, 0.0, 0.0, 0.0, 0.0, 0.0], [0.0, 0.0, 0.0, 0.0, 0.0, 1.0288557798832985, 0.0, 0.0, 0.0, 0.0, 0.0, 0.0, 0.0, 0.0, 0.0, 0.0, 0.0, 0.0, 0.0, 0.9571941510551536, 0.9807431197457434, 0.9576380533466304, 0.0, 0.0, 0.0, 0.0, 0.0, 0.0], [0.0, 0.0, 0.0, 0.0, 0.0, 0.9713386919160003, 0.0, 0.0, 1.1000815392661727, 0.0, 0.0, 0.0, 0.0, 0.0, 0.0, 0.0, 0.0, 0.0, 0.0, 0.0, 0.0, 0.0, 0.0, 0.0, 0.0, 0.0, 0.0, 0.0], [0.0, 0.0, 0.0, 0.0, 0.0, 0.0, 0.0, 1.1000815392661727, 0.0, 1.8474186436820832, 1.1892260316973866, 0.0, 1.1745107221270799, 0.0, 0.0, 0.0, 0.0, 0.0, 0.0, 0.0, 0.0, 0.0, 0.0, 0.0, 0.0, 0.0, 0.0, 0.0], [0.0, 0.0, 0.0, 0.0, 0.0, 0.0, 0.0, 0.0, 1.8474186436820832, 0.0, 0.0, 0.0, 0.0, 0.0, 0.0, 0.0, 0.0, 0.0, 0.0, 0.0, 0.0, 0.0, 0.0, 0.0, 0.0, 0.0, 0.0, 0.0], [0.0, 0.0, 0.0, 0.0, 0.0, 0.0, 0.0, 0.0, 1.1892260316973866, 0.0, 0.0, 0.9457527243790123, 0.0, 0.0, 0.0, 0.0, 0.0, 0.0, 0.0, 0.0, 0.0, 0.0, 0.0, 0.0, 0.0, 0.0, 0.0, 0.0], [0.0, 0.0, 0.0, 0.0, 0.0, 0.0, 0.0, 0.0, 0.0, 0.0, 0.9457527243790123, 0.0, 0.0, 0.0, 0.0, 0.0, 0.0, 0.0, 0.0, 0.0, 0.0, 0.0, 0.9773017980503742, 0.9808242635826191, 0.9790388488790852, 0.0, 0.0, 0.0], [0.0, 0.0, 0.0, 0.0, 0.0, 0.0, 0.0, 0.0, 1.1745107221270799, 0.0, 0.0, 0.0, 0.0, 0.9459382625068149, 0.0, 0.0, 0.0, 0.0, 0.0, 0.0, 0.0, 0.0, 0.0, 0.0, 0.0, 0.0, 0.0, 0.0], [0.0, 0.0, 0.0, 0.0, 0.0, 0.0, 0.0, 0.0, 0.0, 0.0, 0.0, 0.0, 0.9459382625068149, 0.0, 0.0, 0.0, 0.0, 0.0, 0.0, 0.0, 0.0, 0.0, 0.0, 0.0, 0.0, 0.9791424776194688, 0.9781211752283242, 0.9815809142710653], [0.976618085685822, 0.0, 0.0, 0.0, 0.0, 0.0, 0.0, 0.0, 0.0, 0.0, 0.0, 0.0, 0.0, 0.0, 0.0, 0.0, 0.0, 0.0, 0.0, 0.0, 0.0, 0.0, 0.0, 0.0, 0.0, 0.0, 0.0, 0.0], [0.9845049672064796, 0.0, 0.0, 0.0, 0.0, 0.0, 0.0, 0.0, 0.0, 0.0, 0.0, 0.0, 0.0, 0.0, 0.0, 0.0, 0.0, 0.0, 0.0, 0.0, 0.0, 0.0, 0.0, 0.0, 0.0, 0.0, 0.0, 0.0], [0.9738663989180082, 0.0, 0.0, 0.0, 0.0, 0.0, 0.0, 0.0, 0.0, 0.0, 0.0, 0.0, 0.0, 0.0, 0.0, 0.0, 0.0, 0.0, 0.0, 0.0, 0.0, 0.0, 0.0, 0.0, 0.0, 0.0, 0.0, 0.0], [0.0, 0.9215984821780769, 0.0, 0.0, 0.0, 0.0, 0.0, 0.0, 0.0, 0.0, 0.0, 0.0, 0.0, 0.0, 0.0, 0.0, 0.0, 0.0, 0.0, 0.0, 0.0, 0.0, 0.0, 0.0, 0.0, 0.0, 0.0, 0.0], [0.0, 0.0, 0.0, 0.0, 0.9572928081272848, 0.0, 0.0, 0.0, 0.0, 0.0, 0.0, 0.0, 0.0, 0.0, 0.0, 0.0, 0.0, 0.0, 0.0, 0.0, 0.0, 0.0, 0.0, 0.0, 0.0, 0.0, 0.0, 0.0], [0.0, 0.0, 0.0, 0.0, 0.0, 0.0, 0.9571941510551536, 0.0, 0.0, 0.0, 0.0, 0.0, 0.0, 0.0, 0.0, 0.0, 0.0, 0.0, 0.0, 0.0, 0.0, 0.0, 0.0, 0.0, 0.0, 0.0, 0.0, 0.0], [0.0, 0.0, 0.0, 0.0, 0.0, 0.0, 0.9807431197457434, 0.0, 0.0, 0.0, 0.0, 0.0, 0.0, 0.0, 0.0, 0.0, 0.0, 0.0, 0.0, 0.0, 0.0, 0.0, 0.0, 0.0, 0.0, 0.0, 0.0, 0.0], [0.0, 0.0, 0.0, 0.0, 0.0, 0.0, 0.9576380533466304, 0.0, 0.0, 0.0, 0.0, 0.0, 0.0, 0.0, 0.0, 0.0, 0.0, 0.0, 0.0, 0.0, 0.0, 0.0, 0.0, 0.0, 0.0, 0.0, 0.0, 0.0], [0.0, 0.0, 0.0, 0.0, 0.0, 0.0, 0.0, 0.0, 0.0, 0.0, 0.0, 0.9773017980503742, 0.0, 0.0, 0.0, 0.0, 0.0, 0.0, 0.0, 0.0, 0.0, 0.0, 0.0, 0.0, 0.0, 0.0, 0.0, 0.0], [0.0, 0.0, 0.0, 0.0, 0.0, 0.0, 0.0, 0.0, 0.0, 0.0, 0.0, 0.9808242635826191, 0.0, 0.0, 0.0, 0.0, 0.0, 0.0, 0.0, 0.0, 0.0, 0.0, 0.0, 0.0, 0.0, 0.0, 0.0, 0.0], [0.0, 0.0, 0.0, 0.0, 0.0, 0.0, 0.0, 0.0, 0.0, 0.0, 0.0, 0.9790388488790852, 0.0, 0.0, 0.0, 0.0, 0.0, 0.0, 0.0, 0.0, 0.0, 0.0, 0.0, 0.0, 0.0, 0.0, 0.0, 0.0], [0.0, 0.0, 0.0, 0.0, 0.0, 0.0, 0.0, 0.0, 0.0, 0.0, 0.0, 0.0, 0.0, 0.9791424776194688, 0.0, 0.0, 0.0, 0.0, 0.0, 0.0, 0.0, 0.0, 0.0, 0.0, 0.0, 0.0, 0.0, 0.0], [0.0, 0.0, 0.0, 0.0, 0.0, 0.0, 0.0, 0.0, 0.0, 0.0, 0.0, 0.0, 0.0, 0.9781211752283242, 0.0, 0.0, 0.0, 0.0, 0.0, 0.0, 0.0, 0.0, 0.0, 0.0, 0.0, 0.0, 0.0, 0.0], [0.0, 0.0, 0.0, 0.0, 0.0, 0.0, 0.0, 0.0, 0.0, 0.0, 0.0, 0.0, 0.0, 0.9815809142710653, 0.0, 0.0, 0.0, 0.0, 0.0, 0.0, 0.0, 0.0, 0.0, 0.0, 0.0, 0.0, 0.0, 0.0]], "Born radii": [], "Atomic SASAs": [], "Solvent H bonds": [], "Total SASA": NaN, "Total FOD": 0.0, "FOD": [0.0, 0.0, 0.0, 0.0, 0.0, 0.0, 0.0, 0.0, 0.0, 0.0, 0.0, 0.0, 0.0, 0.0, 0.0, 0.0, 0.0, 0.0, 0.0, 0.0, 0.0, 0.0, 0.0, 0.0, 0.0, 0.0, 0.0, 0.0], "FOD s proportion": [0.0, 0.0, 0.0, 0.0, 0.0, 0.0, 0.0, 0.0, 0.0, 0.0, 0.0, 0.0, 0.0, 0.0, 0.0, 0.0, 0.0, 0.0, 0.0, 0.0, 0.0, 0.0, 0.0, 0.0, 0.0, 0.0, 0.0, 0.0], "FOD p proportion": [0.0, 0.0, 0.0, 0.0, 0.0, 0.0, 0.0, 0.0, 0.0, 0.0, 0.0, 0.0, 0.0, 0.0, 0.0, 0.0, 0.0, 0.0, 0.0, 0.0, 0.0, 0.0, 0.0, 0.0, 0.0, 0.0, 0.0, 0.0], "FOD d proportion": [0.0, 0.0, 0.0, 0.0, 0.0, 0.0, 0.0, 0.0, 0.0, 0.0, 0.0, 0.0, 0.0, 0.0, 0.0, 0.0, 0.0, 0.0, 0.0, 0.0, 0.0, 0.0, 0.0, 0.0, 0.0, 0.0, 0.0, 0.0], "coordinates": [["2.59680", "2.36360", "0.28840"], ["1.96290", "1.08190", "0.12560"], ["2.68330", "-0.07850", "0.09480"], ["3.89370", "-0.14230", "0.28010"], ["1.92250", "-1.32290", "-0.19800"], ["0.60110", "-1.48170", "-0.38800"], ["0.01120", "-2.83470", "-0.66670"], ["-0.27290", "-0.40710", "-0.34160"], ["-1.89120", "-0.45700", "-0.33760"], ["-2.51320", "-1.16590", "-1.49980"], ["-2.26990", "-1.05350", "1.11050"], ["-1.82030", "-0.37400", "2.26410"], ["-2.28960", "1.10290", "-0.22250"], ["-2.23090", "1.85540", "-1.41750"], ["3.42050", "2.29590", "1.00410"], ["1.85050", "3.07740", "0.64460"], ["2.98300", "2.68670", "-0.68180"], ["0.99080", "1.04440", "-0.15160"], ["2.57830", "-2.18970", "-0.24200"], ["-0.45590", "-2.85090", "-1.65570"], ["0.77130", "-3.62340", "-0.65280"], ["-0.73830", "-3.09420", "0.08660"], ["-2.04960", "-0.98580", "3.14030"], ["-2.33760", "0.58380", "2.36220"], ["-0.74030", "-0.21140", "2.22500"], ["-3.00000", "1.51190", "-2.11420"], ["-2.41310", "2.90630", "-1.17960"], ["-1.24290", "1.76300", "-1.87710"]], "bond_dist": [[0.0, 1.4391274926148827, 2.451288563184677, 2.8216224605712226, 3.779093502415625, 4.384822406894036, 5.883864908374427, 4.03842253609005, 5.337584131421255, 6.462749375459333, 6.003098342522801, 5.559551839851841, 5.072207434638296, 5.145391077459516, 1.0932938626005362, 1.0924067786314766, 1.0930837525093857, 2.1244115985373453, 4.584125576377681, 6.347402015785671, 6.329492609206524, 6.399312157568186, 6.398503491442354, 5.640623887479115, 4.638672328371556, 6.149963405582183, 5.248680338904247, 4.448978163578689], [1.4391274926148827, 0.0, 1.3661818912575296, 2.291402306449044, 2.426811109254282, 2.9479364240091748, 4.447092054365414, 2.7265726617862214, 4.175745952521537, 5.265928333162159, 4.842164496379692, 4.583168041867983, 4.266775229608422, 4.535131563692502, 2.0904918105555925, 2.064949154337704, 2.0658852364059337, 1.0115455995653386, 3.3492108742209714, 4.948791667669998, 4.9158585425132, 4.973712260475067, 5.428071078200801, 4.872861933196959, 3.6588789936263266, 5.461866022706892, 4.917454463439393, 3.8408147755391693], [2.451288563184677, 1.3661818912575296, 0.0, 1.2261625870984647, 1.4876423763794846, 2.556877572352654, 3.913647799687652, 3.006250382120558, 4.610453585060802, 5.543356399330644, 5.149413726823666, 5.007553863913998, 5.1211443701579045, 5.493303390492828, 2.6472751443701505, 3.3099155110062854, 2.887777465456783, 2.046014081085465, 2.1404730038007957, 4.539276225346944, 4.09645771002216, 4.560905643619477, 5.700754857911362, 5.548799947736447, 4.034408433711193, 6.301503951438894, 6.042054233454049, 4.7638805925421766], [2.8216224605712226, 2.291402306449044, 1.2261625870984647, 0.0, 2.346918279361256, 3.6168445819526167, 4.818636140029666, 4.221040806483633, 5.826290191022071, 6.7278650833678295, 6.285683300962592, 6.05307664663186, 6.327426703645013, 6.662084974690731, 2.5870665781923745, 3.8306650310357337, 3.1237584893842225, 3.1656674162015186, 2.48891790342711, 5.47748626287643, 4.76841078138199, 5.496051297067741, 6.649439914759738, 6.609951687417995, 5.026068724162057, 7.482790242950821, 7.155446337580906, 5.8879826332963985], [3.779093502415625, 2.426811109254282, 1.4876423763794846, 2.346918279361256, 0.0, 1.3444015025281697, 2.481589534955368, 2.383084505425689, 3.913256784316613, 4.625447732922727, 4.400109813402389, 4.579399464995383, 4.86075017872756, 5.370242331589889, 4.096921020717876, 4.48082568841949, 4.175597544064801, 2.544469913361131, 1.0878197828684677, 3.180638277138726, 2.6123561644615005, 3.2091054033795774, 5.199563607650165, 5.323399378216893, 3.767872753955473, 5.994907816639052, 6.135723148904292, 4.728838417624353], [4.384822406894036, 2.9479364240091748, 2.556877572352654, 3.6168445819526167, 1.3444015025281697, 0.0, 1.5020867817806003, 1.3859271698036661, 2.695201205847163, 3.321850895208874, 3.266725958815645, 3.7581659968660244, 3.8811974827364812, 4.496257405887701, 4.914999545269562, 4.838662617914169, 4.809919397453558, 2.5668915559485566, 2.105207790219293, 2.144532799935688, 2.164709211418476, 2.149277499533273, 4.440836429097564, 4.523919537303907, 3.2001226617115788, 4.990924624756419, 5.382060590517352, 4.01818776315891], [5.883864908374427, 4.447092054365414, 3.913647799687652, 4.818636140029666, 2.481589534955368, 1.5020867817806003, 0.0, 2.46569352921242, 3.062823837572119, 3.1387170006230254, 3.3962524184753993, 4.242525825495939, 4.5821051973956255, 5.252404312312601, 6.382629198849014, 6.328938188195552, 6.27038126512256, 4.033901458885678, 2.6807456984951035, 1.0938765241104684, 1.0954418788781082, 1.0938699145693696, 4.707289756324758, 5.135877617311379, 3.9759758588301315, 5.4822908760845595, 6.252949536018982, 4.916978773596648], [4.03842253609005, 2.7265726617862214, 3.006250382120558, 4.221040806483633, 2.383084505425689, 1.3859271698036661, 2.46569352921242, 0.0, 1.6190740872486349, 2.6336569195702006, 2.552339391617032, 3.03071193946241, 2.5221743992039882, 3.179658953409941, 4.770568210391715, 4.197994550973119, 4.504244585943352, 1.9338795050364435, 3.3640636676495883, 2.7807384360993037, 3.3958481665115716, 2.7605178517807127, 3.951605267483077, 3.543360458660677, 2.6161415882937225, 3.77647271537873, 4.032532653308588, 2.829839970740395], [5.337584131421255, 4.175745952521537, 4.610453585060802, 5.826290191022071, 3.913256784316613, 2.695201205847163, 3.062823837572119, 1.6190740872486349, 0.0, 1.496707068868187, 1.6112788554437127, 2.603988997672609, 1.614081342436, 2.574640530248834, 6.131294658552955, 5.239944569363305, 5.810262383920368, 3.254953449743944, 4.7945613876558095, 3.0867832625566702, 4.14901750418096, 2.9092864915645555, 3.521435560960899, 2.927705183245062, 2.8198951984072034, 2.874423804869421, 3.5061560860862997, 2.7782644114626667], [6.462749375459333, 5.265928333162159, 5.543356399330644, 6.7278650833678295, 4.625447732922727, 3.321850895208874, 3.1387170006230254, 2.6336569195702006, 1.496707068868187, 0.0, 2.624022625664649, 3.908216886253883, 2.6132251510346363, 3.035575772402989, 7.311796642412862, 6.4533653189634315, 6.761646633771984, 4.356728741842898, 5.343556823876771, 2.663834285386386, 4.188634085235902, 3.0635397598203293, 4.666678581175267, 4.243504383172003, 4.234191741052831, 2.7901746253594952, 4.085995703619865, 3.2147274519000826], [6.003098342522801, 4.842164496379692, 5.149413726823666, 6.285683300962592, 4.400109813402389, 3.266725958815645, 3.3962524184753993, 2.552339391617032, 1.6112788554437127, 2.624022625664649, 0.0, 1.4123219781622036, 2.5352195269838074, 3.854089284124072, 6.603821127195982, 5.853126837853423, 6.692861401523269, 4.077529314425587, 5.159966078376873, 3.764718475530408, 4.354596461211992, 2.749295593420249, 2.042841995847941, 2.062059036497258, 2.0714533110837907, 4.184855225691805, 4.57657954044284, 4.232393532033617], [5.559551839851841, 4.583168041867983, 5.007553863913998, 6.05307664663186, 4.579399464995383, 3.7581659968660244, 4.242525825495939, 3.03071193946241, 2.603988997672609, 3.908216886253883, 1.4123219781622036, 0.0, 2.9299583034575765, 4.323539670223925, 6.015143443842383, 5.29242050955893, 6.412324242425675, 3.968595250211339, 5.3781953906491715, 4.8333687020545, 5.077725527241503, 3.648522754485711, 1.092979492030843, 1.0929792953208217, 1.0928712504224822, 4.910989899195476, 4.792791422542817, 4.69571051066822], [5.072207434638296, 4.266775229608422, 5.1211443701579045, 6.327426703645013, 4.86075017872756, 3.8811974827364812, 4.5821051973956255, 2.5221743992039882, 1.614081342436, 2.6132251510346363, 2.5352195269838074, 2.9299583034575765, 0.0, 1.4134096858306866, 5.960959534336733, 4.668076763507645, 5.52446284176118, 3.281687556730531, 5.87690781108569, 4.587924625579632, 5.647316051895804, 4.485278465156874, 3.965941443087631, 2.636748546979784, 3.180875858941999, 2.0616687537041445, 2.0453714137046113, 2.0661592533006745], [5.145391077459516, 4.535131563692502, 5.493303390492828, 6.662084974690731, 5.370242331589889, 4.496257405887701, 5.252404312312601, 3.179658953409941, 2.574640530248834, 3.035575772402989, 3.854089284124072, 4.323539670223925, 1.4134096858306866, 0.0, 6.164130820318466, 4.73321945086006, 5.330766116610258, 3.5552179539375643, 6.393202554275908, 5.035536111478102, 6.294062310622608, 5.384116615564712, 5.373902489811292, 3.98929612087145, 4.445374770477738, 1.093113877873664, 1.0927872894575594, 1.0935784928389918], [1.0932938626005362, 2.0904918105555925, 2.6472751443701505, 2.5870665781923745, 4.096921020717876, 4.914999545269562, 6.382629198849014, 4.770568210391715, 6.131294658552955, 7.311796642412862, 6.603821127195982, 6.015143443842383, 5.960959534336733, 6.164130820318466, 0.0, 1.790218562075592, 1.7850461338576098, 2.9673787810119556, 4.731033017217276, 6.970693167827717, 6.693406512382166, 6.869541593148702, 6.727176178754352, 6.158850349700016, 5.008932694696546, 7.180617740835395, 6.258755691828848, 5.507503555150918], [1.0924067786314766, 2.064949154337704, 3.3099155110062854, 3.8306650310357337, 4.48082568841949, 4.838662617914169, 6.328938188195552, 4.197994550973119, 5.239944569363305, 6.4533653189634315, 5.853126837853423, 5.29242050955893, 4.668076763507645, 4.73321945086006, 1.790218562075592, 0.0, 1.7873275301410203, 2.346509648392693, 5.3905560761390845, 6.764288723879252, 6.9100390765899435, 6.715794517404474, 6.160267262059334, 5.1680143507927685, 4.475054663353286, 5.795611955609175, 4.640610499707986, 4.201873607094816], [1.0930837525093857, 2.0658852364059337, 2.887777465456783, 3.1237584893842225, 4.175597544064801, 4.809919397453558, 6.27038126512256, 4.504244585943352, 5.810262383920368, 6.761646633771984, 6.692861401523269, 6.412324242425675, 5.52446284176118, 5.330766116610258, 1.7850461338576098, 1.7873275301410203, 0.0, 2.635739397209064, 4.912889484814411, 6.590867027941013, 6.686540204021808, 6.9178983123489175, 7.3090880019329365, 6.480502200447123, 5.541789669411859, 6.263243073679961, 5.423460538254151, 4.487782814486459], [2.1244115985373453, 1.0115455995653386, 2.046014081085465, 3.1656674162015186, 2.544469913361131, 2.5668915559485566, 4.033901458885678, 1.9338795050364435, 3.254953449743944, 4.356728741842898, 4.077529314425587, 3.968595250211339, 3.281687556730531, 3.5552179539375643, 2.9673787810119556, 2.346509648392693, 2.635739397209064, 0.0, 3.6038495001872652, 4.419119798104596, 4.6997594119273804, 4.491607285816515, 4.919588378106445, 4.196378124049357, 3.1971813226653256, 4.4717826031684496, 4.0137253045020405, 2.9125850888858165], [4.584125576377681, 3.3492108742209714, 2.1404730038007957, 2.48891790342711, 1.0878197828684677, 2.105207790219293, 2.6807456984951035, 3.3640636676495883, 4.7945613876558095, 5.343556823876771, 5.159966078376873, 5.3781953906491715, 5.87690781108569, 6.393202554275908, 4.731033017217276, 5.3905560761390845, 4.912889484814411, 3.6038495001872652, 0.0, 3.4120525743311756, 2.3429684867705753, 3.453394528576195, 5.857199579150432, 6.216126824639279, 4.583979259333533, 6.951575813439713, 7.194607961522296, 5.735761391480647], [6.347402015785671, 4.948791667669998, 4.539276225346944, 5.47748626287643, 3.180638277138726, 2.144532799935688, 1.0938765241104684, 2.7807384360993037, 3.0867832625566702, 2.663834285386386, 3.764718475530408, 4.8333687020545, 4.587924625579632, 5.035536111478102, 6.970693167827717, 6.764288723879252, 6.590867027941013, 4.419119798104596, 3.4120525743311756, 0.0, 1.7631178349730343, 1.7817277962696771, 5.387030137283436, 5.610835890489046, 4.701880060146154, 5.071162677335445, 6.099397912089357, 4.685772099665113], [6.329492609206524, 4.9158585425132, 4.09645771002216, 4.76841078138199, 2.6123561644615005, 2.164709211418476, 1.0954418788781082, 3.3958481665115716, 4.14901750418096, 4.188634085235902, 4.354596461211992, 5.077725527241503, 5.647316051895804, 6.294062310622608, 6.693406512382166, 6.9100390765899435, 6.686540204021808, 4.6997594119273804, 2.3429684867705753, 1.7631178349730343, 0.0, 1.7622874793858123, 5.413133859420068, 6.037881751906045, 4.712580121334809, 6.53679583129227, 7.2838797141358675, 5.879559259842527], [6.399312157568186, 4.973712260475067, 4.560905643619477, 5.496051297067741, 3.2091054033795774, 2.149277499533273, 1.0938699145693696, 2.7605178517807127, 2.9092864915645555, 3.0635397598203293, 2.749295593420249, 3.648522754485711, 4.485278465156874, 5.384116615564712, 6.869541593148702, 6.715794517404474, 6.9178983123489175, 4.491607285816515, 3.453394528576195, 1.7817277962696771, 1.7622874793858123, 0.0, 3.935726354816859, 4.611268789606609, 3.5893306339762017, 5.583454552514956, 6.357217766444689, 5.263376358384416], [6.398503491442354, 5.428071078200801, 5.700754857911362, 6.649439914759738, 5.199563607650165, 4.440836429097564, 4.707289756324758, 3.951605267483077, 3.521435560960899, 4.666678581175267, 2.042841995847941, 1.092979492030843, 3.965941443087631, 5.373902489811292, 6.727176178754352, 6.160267262059334, 7.3090880019329365, 4.919588378106445, 5.857199579150432, 5.387030137283436, 5.413133859420068, 3.935726354816859, 0.0, 1.7753951025053547, 1.7753129132634615, 5.895043316210662, 5.825985811002289, 5.777626596622527], [5.640623887479115, 4.872861933196959, 5.548799947736447, 6.609951687417995, 5.323399378216893, 4.523919537303907, 5.135877617311379, 3.543360458660677, 2.927705183245062, 4.243504383172003, 2.062059036497258, 1.0929792953208217, 2.636748546979784, 3.98929612087145, 6.158850349700016, 5.1680143507927685, 6.480502200447123, 4.196378124049357, 6.216126824639279, 5.610835890489046, 6.037881751906045, 4.611268789606609, 1.7753951025053547, 0.0, 1.7895625638686121, 4.619339815384878, 4.23604222594629, 4.534373740661438], [4.638672328371556, 3.6588789936263266, 4.034408433711193, 5.026068724162057, 3.767872753955473, 3.2001226617115788, 3.9759758588301315, 2.6161415882937225, 2.8198951984072034, 4.234191741052831, 2.0714533110837907, 1.0928712504224822, 3.180875858941999, 4.445374770477738, 5.008932694696546, 4.475054663353286, 5.541789669411859, 3.1971813226653256, 4.583979259333533, 4.701880060146154, 4.712580121334809, 3.5893306339762017, 1.7753129132634615, 1.7895625638686121, 0.0, 5.186970562862296, 4.910154202262898, 4.58018411529493], [6.149963405582183, 5.461866022706892, 6.301503951438894, 7.482790242950821, 5.994907816639052, 4.990924624756419, 5.4822908760845595, 3.77647271537873, 2.874423804869421, 2.7901746253594952, 4.184855225691805, 4.910989899195476, 2.0616687537041445, 1.093113877873664, 7.180617740835395, 5.795611955609175, 6.263243073679961, 4.4717826031684496, 6.951575813439713, 5.071162677335445, 6.53679583129227, 5.583454552514956, 5.895043316210662, 4.619339815384878, 5.186970562862296, 0.0, 1.7782801044829804, 1.7907171831419946], [5.248680338904247, 4.917454463439393, 6.042054233454049, 7.155446337580906, 6.135723148904292, 5.382060590517352, 6.252949536018982, 4.032532653308588, 3.5061560860862997, 4.085995703619865, 4.57657954044284, 4.792791422542817, 2.0453714137046113, 1.0927872894575594, 6.258755691828848, 4.640610499707986, 5.423460538254151, 4.0137253045020405, 7.194607961522296, 6.099397912089357, 7.2838797141358675, 6.357217766444689, 5.825985811002289, 4.23604222594629, 4.910154202262898, 1.7782801044829804, 0.0, 1.7784850800611178], [4.448978163578689, 3.8408147755391693, 4.7638805925421766, 5.8879826332963985, 4.728838417624353, 4.01818776315891, 4.916978773596648, 2.829839970740395, 2.7782644114626667, 3.2147274519000826, 4.232393532033617, 4.69571051066822, 2.0661592533006745, 1.0935784928389918, 5.507503555150918, 4.201873607094816, 4.487782814486459, 2.9125850888858165, 5.735761391480647, 4.685772099665113, 5.879559259842527, 5.263376358384416, 5.777626596622527, 4.534373740661438, 4.58018411529493, 1.7907171831419946, 1.7784850800611178, 0.0]]}