{"total energy": -72.02319347, "HOMO-LUMO gap/eV": 3.73728946, "electronic energy": -72.97821812, "dipole": [-1.53302524, -1.09833392, -0.61393621], "partial charges": [-0.44054133, 0.33044662, -0.09588838, 0.15615033, -0.26888222, 0.35416139, -0.39421572, -0.08312704, -0.10497426, 0.27370083, -0.38331822, 0.05414366, -0.2069447, 0.00521609, -0.03539592, -0.02791079, -0.02752411, -0.02576848, -0.02840989, 0.00767579, -0.02980075, -0.0255483, -0.02635656, -0.02677633, -0.03203156, 0.08468346, 0.08843207, 0.07498924, 0.07607759, 0.05418371, 0.05452125, 0.04582557, 0.19513059, 0.03727853, 0.03977093, 0.03855931, 0.04220799, 0.04851088, 0.04491849, 0.04271663, 0.03993967, 0.04067534, 0.03349859], "atomic dipole moments": [[-0.09913932, 0.04914937, -0.18682664], [0.01773721, 0.05776603, -0.10492841], [0.06365004, -0.00021841, 0.00735326], [-0.01262812, -0.23646152, -0.09156894], [0.0454788, 0.21504617, 0.0776908], [-0.18676753, -0.0014698, 0.03074007], [-0.06600097, -0.15675143, -0.05046587], [0.01437034, 0.10315383, 0.03791867], [-0.14100824, -0.0322631, 0.01038031], [0.05436516, 0.00412785, 0.08482881], [-0.03658255, -0.07414518, 0.16368296], [0.05384093, -0.01688229, 0.09059248], [0.04160111, -0.00582344, -0.06534011], [0.10701708, -0.08669956, 0.00899718], [0.0094786, -0.0029853, -0.01958209], [0.00666143, -0.00430814, -0.000782], [0.00564352, -0.00432277, -0.00190077], [0.00743716, -0.00453268, 0.0015971], [0.00842051, -0.00130996, 0.0264332], [0.03002138, 0.11319251, 0.07015737], [-0.01549923, 0.00666213, 0.01260801], [0.00080191, 0.01049488, 0.00517923], [0.00027743, 0.00615123, 0.00381812], [0.00188055, 0.00582945, 0.00032504], [0.0172786, 0.01025096, -0.00673094], [0.00523727, 0.10361983, -0.08043268], [0.04075659, 0.0246864, 0.12401518], [-0.041665, -0.02580665, -0.1235273], [-0.00852136, -0.10584097, 0.08056969], [0.0216294, 0.10280192, -0.07602121], [0.05285042, 0.02818103, 0.11519235], [0.06234075, -0.09674401, -0.04798376], [-0.07202132, -0.09692853, 0.09113394], [0.04025399, -0.03715846, 0.14251012], [-0.0653217, 0.05535193, 0.12569702], [-0.11244425, 0.1002992, -0.00962189], [-0.04876817, 0.0482438, -0.1360757], [0.06132232, -0.04703536, -0.13508561], [0.13366497, 0.06552611, -0.04673155], [0.09391122, -0.05540798, -0.10651283], [-0.03247242, -0.12916368, -0.0715066], [-0.12768494, -0.07621396, 0.03252142], [-0.10214102, 0.04651452, 0.10277178]], "atomic quadrupole moments": [[-0.06055918, -0.08339249, 0.07644959, 0.008319, 0.07943903, -0.01589041], [-0.17487703, -0.16331727, 0.24090686, -0.09732657, 0.18931169, -0.06602983], [0.02648343, 0.02903614, -0.03093199, -0.02275456, -0.03366022, 0.00444856], [0.32654964, -0.12060833, 0.01913745, -0.17832887, 0.20575371, -0.34568709], [0.03742048, -0.05572763, 0.0290703, -0.04376846, 0.05827245, -0.06649078], [-0.0233724, -0.01868226, -0.32006864, 0.07381256, -0.30817771, 0.34344103], [-0.1004668, -0.01111833, -0.06532955, 0.04710922, -0.10770564, 0.16579635], [0.18763695, -0.03791187, 0.01770753, -0.08841899, 0.11774944, -0.20534447], [0.25808296, 0.07416955, -0.1142207, -0.03769095, 0.00191359, -0.14386226], [-0.18836209, -0.26784613, 0.31290954, -0.07031131, 0.19909164, -0.12454745], [-0.07933392, -0.10673706, 0.14409423, -0.03931821, 0.0845717, -0.0647603], [-0.04217047, 0.03216394, -0.16339417, 0.02939678, -0.09845151, 0.20556464], [-0.00048543, -0.02339672, -0.07654755, 0.08084064, 0.00157499, 0.07703299], [0.16236421, 0.22780679, 0.19395393, 0.03706895, -0.00465044, -0.35631814], [0.07964299, 0.387011, 0.18012598, 0.02920226, -0.00720121, -0.25976897], [0.08246928, 0.39672063, 0.18318979, 0.02084502, 0.00154387, -0.26565907], [0.07889132, 0.40398604, 0.18009172, 0.009393, 0.01484524, -0.25898303], [0.08677861, 0.39905055, 0.18692634, 0.00134352, 0.02550895, -0.27370495], [0.08713969, 0.40266064, 0.18792118, 0.00923432, 0.0187803, -0.27506088], [-0.16657731, -0.14087929, 0.04662967, 0.32252863, -0.14810103, 0.11994764], [-0.07509243, -0.18199164, -0.04498055, 0.29374234, -0.2987815, 0.12007298], [-0.07065581, -0.19097639, -0.05139514, 0.28645391, -0.29675903, 0.12205095], [-0.06805502, -0.20735043, -0.06529092, 0.27339706, -0.29661089, 0.13334594], [-0.08125766, -0.21479836, -0.05764218, 0.2728163, -0.28402598, 0.13889984], [-0.07410476, -0.21243483, -0.06259083, 0.26604178, -0.27542988, 0.13669559], [-0.00051049, -0.00989067, 0.01032251, -0.01874671, -0.02633454, -0.00981203], [0.00705277, -0.01304184, -0.02807185, 0.00886271, 0.01672526, 0.02101909], [0.00995142, 0.01009493, -0.0508391, 0.02399371, 0.02212302, 0.04088768], [8.81e-06, 0.00817184, 0.01647992, -0.01198458, -0.0529845, -0.01648873], [-0.02567571, 0.0045705, 0.02795401, 0.00095674, -0.06155027, -0.0022783], [-0.01914662, 0.01203267, -0.04542445, 0.0263152, 0.01929715, 0.06457107], [-0.00839264, -0.03876837, 0.0430713, -0.02289889, 0.04498113, -0.03467865], [0.01736648, 0.02713783, -0.01750469, -0.00257578, -0.01856032, 0.00013822], [-0.00419214, -0.05670436, -0.01519769, 0.00251958, -0.0049692, 0.01938983], [-0.01034781, -0.0514071, -0.02331406, 0.00482036, -0.00739655, 0.03366186], [-0.01336712, -0.048378, -0.02621299, -0.00233847, -0.00110807, 0.03958011], [-0.00829062, -0.0524705, -0.02207243, -0.00704903, 0.00335679, 0.03036305], [-0.00297299, -0.05308283, -0.01640257, 0.00190337, -0.00253992, 0.01937556], [-0.00422096, 0.0278486, 0.02400013, -0.02189536, 0.0435976, -0.01977917], [0.01119891, 0.03248406, 0.01039196, -0.03162085, 0.03455346, -0.02159087], [0.01327595, 0.02535698, 0.00296557, -0.03852905, 0.03454798, -0.01624153], [0.00484436, 0.02014948, 0.00751227, -0.03693493, 0.04095308, -0.01235663], [0.00090448, 0.02580594, 0.01416994, -0.02920101, 0.04156713, -0.01507442]], "number of molecular orbitals": 118, "number of electrons": 128, "number of unpaired electrons": 0, "orbital energies/eV": [-20.5968266, -20.05651621, -19.91607884, -19.67204133, -19.43463998, -19.31322433, -18.56095814, -18.13678053, -17.97507709, -17.81207462, -17.72723573, -17.69263835, -17.32372834, -17.23855858, -17.14467433, -17.02794061, -16.99054741, -16.86414256, -16.37146892, -16.31759205, -16.27019615, -16.08259653, -15.98409355, -15.85349357, -15.81174934, -15.69039091, -15.54504527, -15.39658457, -15.13006325, -14.94876393, -14.77694971, -14.7299034, -14.65347539, -14.52031708, -14.34873872, -14.15297449, -14.0790297, -13.85351647, -13.78118884, -13.70551556, -13.67422459, -13.59746004, -13.57715152, -13.39914594, -13.32944319, -13.25490604, -13.20715102, -13.10511501, -12.64114296, -12.61948418, -12.37823898, -12.31208421, -12.23283563, -12.18837504, -12.10081088, -11.9131007, -11.79799769, -11.69492883, -11.53637989, -11.44286688, -11.37169253, -11.31926198, -11.30945564, -11.13230593, -7.39501647, -6.78634338, -6.71784657, -6.64988237, -6.54277653, -6.50851929, -5.35279069, -3.32497115, -3.1884126, -1.4282779, -0.3485192, 0.15684213, 0.87783955, 1.06318375, 2.44516697, 2.56346315, 2.65361263, 2.80808821, 3.16868817, 3.35575515, 3.60347193, 3.64941148, 3.74149322, 3.83451492, 4.00610904, 4.02608301, 4.08367582, 4.27468219, 4.42528004, 4.67399647, 4.70359341, 4.88529023, 5.08967304, 5.33818834, 5.99955743, 6.71630555, 7.13641494, 7.18788467, 9.50113042, 9.65873615, 9.84099782, 10.0604118, 10.21536794, 10.79885377, 10.98911193, 11.1013233, 11.26479596, 15.24632201, 15.63896289, 15.80120717, 15.93253302, 16.49427708, 16.62097176, 17.72549493], "fractional occupation": [2.0, 2.0, 2.0, 2.0, 2.0, 2.0, 2.0, 2.0, 2.0, 2.0, 2.0, 2.0, 2.0, 2.0, 2.0, 2.0, 2.0, 2.0, 2.0, 2.0, 2.0, 2.0, 2.0, 2.0, 2.0, 2.0, 2.0, 2.0, 2.0, 2.0, 2.0, 2.0, 2.0, 2.0, 2.0, 2.0, 2.0, 2.0, 2.0, 2.0, 2.0, 2.0, 2.0, 2.0, 2.0, 2.0, 2.0, 2.0, 2.0, 2.0, 2.0, 2.0, 2.0, 2.0, 2.0, 2.0, 2.0, 2.0, 2.0, 2.0, 2.0, 2.0, 2.0, 2.0, 0.0, 0.0, 0.0, 0.0, 0.0, 0.0, 0.0, 0.0, 0.0, 0.0, 0.0, 0.0, 0.0, 0.0, 0.0, 0.0, 0.0, 0.0, 0.0, 0.0, 0.0, 0.0, 0.0, 0.0, 0.0, 0.0, 0.0, 0.0, 0.0, 0.0, 0.0, 0.0, 0.0, 0.0, 0.0, 0.0, 0.0, 0.0, 0.0, 0.0, 0.0, 0.0, 0.0, 0.0, 0.0, 0.0, 0.0, 0.0, 0.0, 0.0, 0.0, 0.0, 0.0, 0.0], "program call": "xtb /home/svss/Project-DBcg-Debug/aqme2_20220329/End-to-End-workflows-final/example-3/QDESCP/mol_594_rdkit_conf_1/mol_594_rdkit_conf_1.xyz --pop --wbo --acc 0.2 --gfn 2 --chrg 0 --uhf 0 --etemp 300 --input /home/svss/Project-DBcg-Debug/aqme2_20220329/End-to-End-workflows-final/example-3/QDESCP/mol_594_rdkit_conf_1/mol_594_rdkit_conf_1_xtb.inp", "method": "GFN2-xTB", "xtb version": "6.3.3 (7355c4f)", "Dipole module/D": 5.041, "Total charge": 0, "Transition dipole module/D": NaN, "HOMO": -11.1323, "LUMO": -7.395, "HOMO occupancy": 2.0, "LUMO occupancy": 0, "mulliken charges": [-0.55677, 0.56677, -0.25149, 0.33145, -0.41526, 0.57625, -0.52557, -0.06916, -0.07783, 0.46692, -0.51527, 0.10749, -0.37738, -0.00836, -0.03572, -0.02341, -0.02551, -0.02115, -0.0267, -0.0044, -0.02988, -0.02073, -0.02408, -0.02247, -0.03568, 0.07476, 0.07666, 0.05886, 0.05977, 0.04345, 0.04383, 0.03154, 0.25552, 0.03371, 0.03537, 0.0345, 0.03698, 0.04406, 0.0501, 0.03755, 0.03525, 0.03559, 0.03044], "cm5 charges": [-0.59264, 0.73921, -0.49823, 0.32003, -0.48892, 0.62603, -0.57538, -0.16963, -0.22571, 0.57685, -0.55775, 0.16538, -0.71801, -0.01108, -0.08618, -0.07873, -0.08089, -0.07645, -0.07793, -0.00668, -0.081, -0.07608, -0.07947, -0.0778, -0.08692, 0.15379, 0.15567, 0.11707, 0.11797, 0.09656, 0.09694, 0.08247, 0.45317, 0.09467, 0.09072, 0.0899, 0.09235, 0.10255, 0.11117, 0.09288, 0.09066, 0.09096, 0.08848], "FUKUI+": [-0.066, -0.014, -0.027, 0.015, -0.022, -0.032, -0.069, 0.005, 0.01, -0.039, -0.086, -0.004, -0.013, -0.016, -0.01, -0.014, -0.027, -0.014, -0.007, -0.015, -0.006, -0.018, -0.023, -0.014, -0.013, -0.02, -0.026, -0.022, -0.024, -0.011, -0.012, -0.02, -0.027, -0.025, -0.038, -0.043, -0.036, -0.02, -0.013, -0.037, -0.042, -0.038, -0.026], "FUKUI-": [-0.057, -0.001, -0.023, 0.011, -0.02, -0.011, -0.075, -0.004, 0.01, -0.005, -0.053, -0.007, -0.016, -0.023, -0.012, -0.019, -0.033, -0.015, -0.014, -0.013, -0.007, -0.018, -0.023, -0.014, -0.013, -0.016, -0.021, -0.027, -0.029, -0.023, -0.024, -0.044, -0.022, -0.029, -0.041, -0.045, -0.039, -0.026, -0.021, -0.035, -0.041, -0.039, -0.023], "FUKUIrad": [-0.062, -0.008, -0.025, 0.013, -0.021, -0.022, -0.072, 0.0, 0.01, -0.022, -0.07, -0.006, -0.015, -0.019, -0.011, -0.016, -0.03, -0.014, -0.01, -0.014, -0.007, -0.018, -0.023, -0.014, -0.013, -0.018, -0.023, -0.024, -0.026, -0.017, -0.018, -0.032, -0.024, -0.027, -0.039, -0.044, -0.038, -0.023, -0.017, -0.036, -0.041, -0.038, -0.025], "s proportion": [1.718, 0.935, 1.425, 0.972, 1.697, 0.991, 1.73, 1.034, 1.006, 1.015, 1.73, 1.081, 1.426, 1.092, 1.063, 1.061, 1.061, 1.061, 1.064, 1.092, 1.066, 1.062, 1.061, 1.06, 1.064, 0.925, 0.923, 0.941, 0.94, 0.957, 0.956, 0.968, 0.744, 0.966, 0.965, 0.966, 0.963, 0.956, 0.95, 0.962, 0.965, 0.964, 0.97], "p proportion": [4.838, 2.498, 3.826, 2.696, 4.718, 2.433, 4.795, 3.035, 3.072, 2.518, 4.785, 2.812, 3.951, 2.916, 2.973, 2.963, 2.964, 2.96, 2.962, 2.913, 2.964, 2.959, 2.963, 2.962, 2.972, 0.0, 0.0, 0.0, 0.0, 0.0, 0.0, 0.0, 0.0, 0.0, 0.0, 0.0, 0.0, 0.0, 0.0, 0.0, 0.0, 0.0, 0.0], "d proportion": [0.0, 0.0, 0.0, 0.0, 0.0, 0.0, 0.0, 0.0, 0.0, 0.0, 0.0, 0.0, 0.0, 0.0, 0.0, 0.0, 0.0, 0.0, 0.0, 0.0, 0.0, 0.0, 0.0, 0.0, 0.0, 0.0, 0.0, 0.0, 0.0, 0.0, 0.0, 0.0, 0.0, 0.0, 0.0, 0.0, 0.0, 0.0, 0.0, 0.0, 0.0, 0.0, 0.0], "Fermi-level/eV": -9.2637, "Coordination numbers": [0.858, 2.815, 2.773, 3.658, 1.704, 2.731, 0.856, 3.801, 3.751, 2.88, 0.857, 3.869, 2.751, 2.958, 2.913, 2.91, 2.912, 2.909, 2.914, 2.959, 2.913, 2.91, 2.912, 2.909, 2.915, 0.924, 0.924, 0.924, 0.924, 0.924, 0.924, 0.924, 0.86, 0.925, 0.925, 0.925, 0.925, 0.925, 0.925, 0.925, 0.925, 0.925, 0.925], "Dispersion coefficient C6": [22.508, 21.392, 23.113, 18.336, 18.458, 20.988, 21.566, 22.086, 22.568, 22.387, 21.351, 19.627, 25.497, 27.904, 28.881, 28.698, 28.689, 28.646, 28.71, 27.847, 28.744, 28.641, 28.66, 28.67, 28.799, 1.932, 1.894, 2.032, 2.02, 2.268, 2.264, 2.373, 1.131, 2.485, 2.452, 2.468, 2.42, 2.339, 2.384, 2.413, 2.45, 2.44, 2.537], "Total dispersion C6": 22774.943119, "Total dispersion C8": 544507.433708, "Polarizability alpha": [6.361, 7.578, 7.14, 6.146, 5.801, 7.5, 6.226, 6.691, 6.775, 7.757, 6.195, 6.3, 7.499, 8.664, 8.812, 8.784, 8.783, 8.776, 8.786, 8.655, 8.791, 8.775, 8.779, 8.78, 8.8, 2.173, 2.152, 2.229, 2.223, 2.355, 2.353, 2.409, 1.666, 2.465, 2.449, 2.457, 2.433, 2.391, 2.415, 2.429, 2.448, 2.443, 2.491], "Total polarizability alpha": 235.137197, "Wiberg matrix": [[0.0, 1.6367851349586566, 0.0, 0.0, 0.0, 0.0, 0.0, 0.0, 0.0, 0.0, 0.0, 0.0, 0.17373352878575782, 0.0, 0.0, 0.0, 0.0, 0.0, 0.0, 0.0, 0.0, 0.0, 0.0, 0.0, 0.0, 0.0, 0.0, 0.0, 0.0, 0.0, 0.0, 0.0, 0.0, 0.0, 0.0, 0.0, 0.0, 0.0, 0.0, 0.0, 0.0, 0.0, 0.0], [1.6367851349586566, 0.0, 1.0759073287334422, 0.0, 0.0, 0.0, 0.0, 0.0, 0.0, 0.0, 0.0, 0.0, 1.186995350677243, 0.0, 0.0, 0.0, 0.0, 0.0, 0.0, 0.0, 0.0, 0.0, 0.0, 0.0, 0.0, 0.0, 0.0, 0.0, 0.0, 0.0, 0.0, 0.0, 0.0, 0.0, 0.0, 0.0, 0.0, 0.0, 0.0, 0.0, 0.0, 0.0, 0.0], [0.0, 1.0759073287334422, 0.0, 0.9875174764625887, 0.0, 0.0, 0.0, 0.0, 0.0, 1.1568368543411627, 0.14743411992554034, 0.0, 0.0, 0.0, 0.0, 0.0, 0.0, 0.0, 0.0, 0.0, 0.0, 0.0, 0.0, 0.0, 0.0, 0.0, 0.0, 0.0, 0.0, 0.0, 0.0, 0.0, 0.0, 0.0, 0.0, 0.0, 0.0, 0.0, 0.0, 0.0, 0.0, 0.0, 0.0], [0.0, 0.0, 0.9875174764625887, 0.0, 0.9480946969230197, 0.0, 0.0, 0.0, 0.0, 0.0, 0.0, 0.0, 0.0, 0.0, 0.0, 0.0, 0.0, 0.0, 0.0, 0.0, 0.0, 0.0, 0.0, 0.0, 0.0, 0.9582589115709135, 0.9576341865874258, 0.0, 0.0, 0.0, 0.0, 0.0, 0.0, 0.0, 0.0, 0.0, 0.0, 0.0, 0.0, 0.0, 0.0, 0.0, 0.0], [0.0, 0.0, 0.0, 0.9480946969230197, 0.0, 1.0932439713978312, 0.16400024513523678, 0.0, 0.0, 0.0, 0.0, 0.0, 0.0, 0.0, 0.0, 0.0, 0.0, 0.0, 0.0, 0.0, 0.0, 0.0, 0.0, 0.0, 0.0, 0.0, 0.0, 0.0, 0.0, 0.0, 0.0, 0.0, 0.0, 0.0, 0.0, 0.0, 0.0, 0.0, 0.0, 0.0, 0.0, 0.0, 0.0], [0.0, 0.0, 0.0, 0.0, 1.0932439713978312, 0.0, 1.7713854671712992, 0.980186583799144, 0.0, 0.0, 0.0, 0.0, 0.0, 0.0, 0.0, 0.0, 0.0, 0.0, 0.0, 0.0, 0.0, 0.0, 0.0, 0.0, 0.0, 0.0, 0.0, 0.0, 0.0, 0.0, 0.0, 0.0, 0.0, 0.0, 0.0, 0.0, 0.0, 0.0, 0.0, 0.0, 0.0, 0.0, 0.0], [0.0, 0.0, 0.0, 0.0, 0.16400024513523678, 1.7713854671712992, 0.0, 0.0, 0.0, 0.0, 0.0, 0.0, 0.0, 0.0, 0.0, 0.0, 0.0, 0.0, 0.0, 0.0, 0.0, 0.0, 0.0, 0.0, 0.0, 0.0, 0.0, 0.0, 0.0, 0.0, 0.0, 0.0, 0.0, 0.0, 0.0, 0.0, 0.0, 0.0, 0.0, 0.0, 0.0, 0.0, 0.0], [0.0, 0.0, 0.0, 0.0, 0.0, 0.980186583799144, 0.0, 0.0, 1.019882023662093, 0.0, 0.0, 0.0, 0.0, 0.0, 0.0, 0.0, 0.0, 0.0, 0.0, 0.0, 0.0, 0.0, 0.0, 0.0, 0.0, 0.0, 0.0, 0.9517982071959685, 0.9514967141955678, 0.0, 0.0, 0.0, 0.0, 0.0, 0.0, 0.0, 0.0, 0.0, 0.0, 0.0, 0.0, 0.0, 0.0], [0.0, 0.0, 0.0, 0.0, 0.0, 0.0, 0.0, 1.019882023662093, 0.0, 0.0, 0.0, 0.0, 0.0, 0.0, 0.0, 0.0, 0.0, 0.0, 0.0, 0.0, 0.0, 0.0, 0.0, 0.0, 0.0, 0.0, 0.0, 0.0, 0.0, 0.9860572013469322, 0.9860265158900625, 0.9863330833069067, 0.0, 0.0, 0.0, 0.0, 0.0, 0.0, 0.0, 0.0, 0.0, 0.0, 0.0], [0.0, 0.0, 1.1568368543411627, 0.0, 0.0, 0.0, 0.0, 0.0, 0.0, 0.0, 1.7465723792189554, 0.9170562847121289, 0.0, 0.0, 0.0, 0.0, 0.0, 0.0, 0.0, 0.0, 0.0, 0.0, 0.0, 0.0, 0.0, 0.0, 0.0, 0.0, 0.0, 0.0, 0.0, 0.0, 0.0, 0.0, 0.0, 0.0, 0.0, 0.0, 0.0, 0.0, 0.0, 0.0, 0.0], [0.0, 0.0, 0.14743411992554034, 0.0, 0.0, 0.0, 0.0, 0.0, 0.0, 1.7465723792189554, 0.0, 0.0, 0.0, 0.0, 0.0, 0.0, 0.0, 0.0, 0.0, 0.0, 0.0, 0.0, 0.0, 0.0, 0.0, 0.0, 0.0, 0.0, 0.0, 0.0, 0.0, 0.0, 0.0, 0.0, 0.0, 0.0, 0.0, 0.0, 0.0, 0.0, 0.0, 0.0, 0.0], [0.0, 0.0, 0.0, 0.0, 0.0, 0.0, 0.0, 0.0, 0.0, 0.9170562847121289, 0.0, 0.0, 0.9747407532279995, 0.9495638524135441, 0.0, 0.0, 0.0, 0.0, 0.0, 0.9465592300908132, 0.0, 0.0, 0.0, 0.0, 0.0, 0.0, 0.0, 0.0, 0.0, 0.0, 0.0, 0.0, 0.0, 0.0, 0.0, 0.0, 0.0, 0.0, 0.0, 0.0, 0.0, 0.0, 0.0], [0.17373352878575782, 1.186995350677243, 0.0, 0.0, 0.0, 0.0, 0.0, 0.0, 0.0, 0.0, 0.0, 0.9747407532279995, 0.0, 0.0, 0.0, 0.0, 0.0, 0.0, 0.0, 0.0, 0.0, 0.0, 0.0, 0.0, 0.0, 0.0, 0.0, 0.0, 0.0, 0.0, 0.0, 0.0, 0.9323292734890969, 0.0, 0.0, 0.0, 0.0, 0.0, 0.0, 0.0, 0.0, 0.0, 0.0], [0.0, 0.0, 0.0, 0.0, 0.0, 0.0, 0.0, 0.0, 0.0, 0.0, 0.0, 0.9495638524135441, 0.0, 0.0, 1.4132735134453946, 0.0, 0.10863325867244143, 0.0, 1.4065180764349838, 0.0, 0.0, 0.0, 0.0, 0.0, 0.0, 0.0, 0.0, 0.0, 0.0, 0.0, 0.0, 0.0, 0.0, 0.0, 0.0, 0.0, 0.0, 0.0, 0.0, 0.0, 0.0, 0.0, 0.0], [0.0, 0.0, 0.0, 0.0, 0.0, 0.0, 0.0, 0.0, 0.0, 0.0, 0.0, 0.0, 0.0, 1.4132735134453946, 0.0, 1.439219954183873, 0.0, 0.1102018338584046, 0.0, 0.0, 0.0, 0.0, 0.0, 0.0, 0.0, 0.0, 0.0, 0.0, 0.0, 0.0, 0.0, 0.0, 0.0, 0.9680635416824388, 0.0, 0.0, 0.0, 0.0, 0.0, 0.0, 0.0, 0.0, 0.0], [0.0, 0.0, 0.0, 0.0, 0.0, 0.0, 0.0, 0.0, 0.0, 0.0, 0.0, 0.0, 0.0, 0.0, 1.439219954183873, 0.0, 1.4404115393399697, 0.0, 0.11253874913794609, 0.0, 0.0, 0.0, 0.0, 0.0, 0.0, 0.0, 0.0, 0.0, 0.0, 0.0, 0.0, 0.0, 0.0, 0.0, 0.9703179848148913, 0.0, 0.0, 0.0, 0.0, 0.0, 0.0, 0.0, 0.0], [0.0, 0.0, 0.0, 0.0, 0.0, 0.0, 0.0, 0.0, 0.0, 0.0, 0.0, 0.0, 0.0, 0.10863325867244143, 0.0, 1.4404115393399697, 0.0, 1.4370887399141759, 0.0, 0.0, 0.0, 0.0, 0.0, 0.0, 0.0, 0.0, 0.0, 0.0, 0.0, 0.0, 0.0, 0.0, 0.0, 0.0, 0.0, 0.9705227692582604, 0.0, 0.0, 0.0, 0.0, 0.0, 0.0, 0.0], [0.0, 0.0, 0.0, 0.0, 0.0, 0.0, 0.0, 0.0, 0.0, 0.0, 0.0, 0.0, 0.0, 0.0, 0.1102018338584046, 0.0, 1.4370887399141759, 0.0, 1.445734234776115, 0.0, 0.0, 0.0, 0.0, 0.0, 0.0, 0.0, 0.0, 0.0, 0.0, 0.0, 0.0, 0.0, 0.0, 0.0, 0.0, 0.0, 0.9700759038553939, 0.0, 0.0, 0.0, 0.0, 0.0, 0.0], [0.0, 0.0, 0.0, 0.0, 0.0, 0.0, 0.0, 0.0, 0.0, 0.0, 0.0, 0.0, 0.0, 1.4065180764349838, 0.0, 0.11253874913794609, 0.0, 1.445734234776115, 0.0, 0.0, 0.0, 0.0, 0.0, 0.0, 0.0, 0.0, 0.0, 0.0, 0.0, 0.0, 0.0, 0.0, 0.0, 0.0, 0.0, 0.0, 0.0, 0.9686074555939039, 0.0, 0.0, 0.0, 0.0, 0.0], [0.0, 0.0, 0.0, 0.0, 0.0, 0.0, 0.0, 0.0, 0.0, 0.0, 0.0, 0.9465592300908132, 0.0, 0.0, 0.0, 0.0, 0.0, 0.0, 0.0, 0.0, 1.4201019732470677, 0.0, 0.10971323521346978, 0.0, 1.4055604232425076, 0.0, 0.0, 0.0, 0.0, 0.0, 0.0, 0.0, 0.0, 0.0, 0.0, 0.0, 0.0, 0.0, 0.0, 0.0, 0.0, 0.0, 0.0], [0.0, 0.0, 0.0, 0.0, 0.0, 0.0, 0.0, 0.0, 0.0, 0.0, 0.0, 0.0, 0.0, 0.0, 0.0, 0.0, 0.0, 0.0, 0.0, 1.4201019732470677, 0.0, 1.4364937992476643, 0.0, 0.11009715406924209, 0.0, 0.0, 0.0, 0.0, 0.0, 0.0, 0.0, 0.0, 0.0, 0.0, 0.0, 0.0, 0.0, 0.0, 0.9677897194534464, 0.0, 0.0, 0.0, 0.0], [0.0, 0.0, 0.0, 0.0, 0.0, 0.0, 0.0, 0.0, 0.0, 0.0, 0.0, 0.0, 0.0, 0.0, 0.0, 0.0, 0.0, 0.0, 0.0, 0.0, 1.4364937992476643, 0.0, 1.442947003764345, 0.0, 0.11315886560456585, 0.0, 0.0, 0.0, 0.0, 0.0, 0.0, 0.0, 0.0, 0.0, 0.0, 0.0, 0.0, 0.0, 0.0, 0.9701936531755929, 0.0, 0.0, 0.0], [0.0, 0.0, 0.0, 0.0, 0.0, 0.0, 0.0, 0.0, 0.0, 0.0, 0.0, 0.0, 0.0, 0.0, 0.0, 0.0, 0.0, 0.0, 0.0, 0.10971323521346978, 0.0, 1.442947003764345, 0.0, 1.4357289335245735, 0.0, 0.0, 0.0, 0.0, 0.0, 0.0, 0.0, 0.0, 0.0, 0.0, 0.0, 0.0, 0.0, 0.0, 0.0, 0.0, 0.9703992302693334, 0.0, 0.0], [0.0, 0.0, 0.0, 0.0, 0.0, 0.0, 0.0, 0.0, 0.0, 0.0, 0.0, 0.0, 0.0, 0.0, 0.0, 0.0, 0.0, 0.0, 0.0, 0.0, 0.11009715406924209, 0.0, 1.4357289335245735, 0.0, 1.4469243414776292, 0.0, 0.0, 0.0, 0.0, 0.0, 0.0, 0.0, 0.0, 0.0, 0.0, 0.0, 0.0, 0.0, 0.0, 0.0, 0.0, 0.970039204914957, 0.0], [0.0, 0.0, 0.0, 0.0, 0.0, 0.0, 0.0, 0.0, 0.0, 0.0, 0.0, 0.0, 0.0, 0.0, 0.0, 0.0, 0.0, 0.0, 0.0, 1.4055604232425076, 0.0, 0.11315886560456585, 0.0, 1.4469243414776292, 0.0, 0.0, 0.0, 0.0, 0.0, 0.0, 0.0, 0.0, 0.0, 0.0, 0.0, 0.0, 0.0, 0.0, 0.0, 0.0, 0.0, 0.0, 0.9695851711457367], [0.0, 0.0, 0.0, 0.9582589115709135, 0.0, 0.0, 0.0, 0.0, 0.0, 0.0, 0.0, 0.0, 0.0, 0.0, 0.0, 0.0, 0.0, 0.0, 0.0, 0.0, 0.0, 0.0, 0.0, 0.0, 0.0, 0.0, 0.0, 0.0, 0.0, 0.0, 0.0, 0.0, 0.0, 0.0, 0.0, 0.0, 0.0, 0.0, 0.0, 0.0, 0.0, 0.0, 0.0], [0.0, 0.0, 0.0, 0.9576341865874258, 0.0, 0.0, 0.0, 0.0, 0.0, 0.0, 0.0, 0.0, 0.0, 0.0, 0.0, 0.0, 0.0, 0.0, 0.0, 0.0, 0.0, 0.0, 0.0, 0.0, 0.0, 0.0, 0.0, 0.0, 0.0, 0.0, 0.0, 0.0, 0.0, 0.0, 0.0, 0.0, 0.0, 0.0, 0.0, 0.0, 0.0, 0.0, 0.0], [0.0, 0.0, 0.0, 0.0, 0.0, 0.0, 0.0, 0.9517982071959685, 0.0, 0.0, 0.0, 0.0, 0.0, 0.0, 0.0, 0.0, 0.0, 0.0, 0.0, 0.0, 0.0, 0.0, 0.0, 0.0, 0.0, 0.0, 0.0, 0.0, 0.0, 0.0, 0.0, 0.0, 0.0, 0.0, 0.0, 0.0, 0.0, 0.0, 0.0, 0.0, 0.0, 0.0, 0.0], [0.0, 0.0, 0.0, 0.0, 0.0, 0.0, 0.0, 0.9514967141955678, 0.0, 0.0, 0.0, 0.0, 0.0, 0.0, 0.0, 0.0, 0.0, 0.0, 0.0, 0.0, 0.0, 0.0, 0.0, 0.0, 0.0, 0.0, 0.0, 0.0, 0.0, 0.0, 0.0, 0.0, 0.0, 0.0, 0.0, 0.0, 0.0, 0.0, 0.0, 0.0, 0.0, 0.0, 0.0], [0.0, 0.0, 0.0, 0.0, 0.0, 0.0, 0.0, 0.0, 0.9860572013469322, 0.0, 0.0, 0.0, 0.0, 0.0, 0.0, 0.0, 0.0, 0.0, 0.0, 0.0, 0.0, 0.0, 0.0, 0.0, 0.0, 0.0, 0.0, 0.0, 0.0, 0.0, 0.0, 0.0, 0.0, 0.0, 0.0, 0.0, 0.0, 0.0, 0.0, 0.0, 0.0, 0.0, 0.0], [0.0, 0.0, 0.0, 0.0, 0.0, 0.0, 0.0, 0.0, 0.9860265158900625, 0.0, 0.0, 0.0, 0.0, 0.0, 0.0, 0.0, 0.0, 0.0, 0.0, 0.0, 0.0, 0.0, 0.0, 0.0, 0.0, 0.0, 0.0, 0.0, 0.0, 0.0, 0.0, 0.0, 0.0, 0.0, 0.0, 0.0, 0.0, 0.0, 0.0, 0.0, 0.0, 0.0, 0.0], [0.0, 0.0, 0.0, 0.0, 0.0, 0.0, 0.0, 0.0, 0.9863330833069067, 0.0, 0.0, 0.0, 0.0, 0.0, 0.0, 0.0, 0.0, 0.0, 0.0, 0.0, 0.0, 0.0, 0.0, 0.0, 0.0, 0.0, 0.0, 0.0, 0.0, 0.0, 0.0, 0.0, 0.0, 0.0, 0.0, 0.0, 0.0, 0.0, 0.0, 0.0, 0.0, 0.0, 0.0], [0.0, 0.0, 0.0, 0.0, 0.0, 0.0, 0.0, 0.0, 0.0, 0.0, 0.0, 0.0, 0.9323292734890969, 0.0, 0.0, 0.0, 0.0, 0.0, 0.0, 0.0, 0.0, 0.0, 0.0, 0.0, 0.0, 0.0, 0.0, 0.0, 0.0, 0.0, 0.0, 0.0, 0.0, 0.0, 0.0, 0.0, 0.0, 0.0, 0.0, 0.0, 0.0, 0.0, 0.0], [0.0, 0.0, 0.0, 0.0, 0.0, 0.0, 0.0, 0.0, 0.0, 0.0, 0.0, 0.0, 0.0, 0.0, 0.9680635416824388, 0.0, 0.0, 0.0, 0.0, 0.0, 0.0, 0.0, 0.0, 0.0, 0.0, 0.0, 0.0, 0.0, 0.0, 0.0, 0.0, 0.0, 0.0, 0.0, 0.0, 0.0, 0.0, 0.0, 0.0, 0.0, 0.0, 0.0, 0.0], [0.0, 0.0, 0.0, 0.0, 0.0, 0.0, 0.0, 0.0, 0.0, 0.0, 0.0, 0.0, 0.0, 0.0, 0.0, 0.9703179848148913, 0.0, 0.0, 0.0, 0.0, 0.0, 0.0, 0.0, 0.0, 0.0, 0.0, 0.0, 0.0, 0.0, 0.0, 0.0, 0.0, 0.0, 0.0, 0.0, 0.0, 0.0, 0.0, 0.0, 0.0, 0.0, 0.0, 0.0], [0.0, 0.0, 0.0, 0.0, 0.0, 0.0, 0.0, 0.0, 0.0, 0.0, 0.0, 0.0, 0.0, 0.0, 0.0, 0.0, 0.9705227692582604, 0.0, 0.0, 0.0, 0.0, 0.0, 0.0, 0.0, 0.0, 0.0, 0.0, 0.0, 0.0, 0.0, 0.0, 0.0, 0.0, 0.0, 0.0, 0.0, 0.0, 0.0, 0.0, 0.0, 0.0, 0.0, 0.0], [0.0, 0.0, 0.0, 0.0, 0.0, 0.0, 0.0, 0.0, 0.0, 0.0, 0.0, 0.0, 0.0, 0.0, 0.0, 0.0, 0.0, 0.9700759038553939, 0.0, 0.0, 0.0, 0.0, 0.0, 0.0, 0.0, 0.0, 0.0, 0.0, 0.0, 0.0, 0.0, 0.0, 0.0, 0.0, 0.0, 0.0, 0.0, 0.0, 0.0, 0.0, 0.0, 0.0, 0.0], [0.0, 0.0, 0.0, 0.0, 0.0, 0.0, 0.0, 0.0, 0.0, 0.0, 0.0, 0.0, 0.0, 0.0, 0.0, 0.0, 0.0, 0.0, 0.9686074555939039, 0.0, 0.0, 0.0, 0.0, 0.0, 0.0, 0.0, 0.0, 0.0, 0.0, 0.0, 0.0, 0.0, 0.0, 0.0, 0.0, 0.0, 0.0, 0.0, 0.0, 0.0, 0.0, 0.0, 0.0], [0.0, 0.0, 0.0, 0.0, 0.0, 0.0, 0.0, 0.0, 0.0, 0.0, 0.0, 0.0, 0.0, 0.0, 0.0, 0.0, 0.0, 0.0, 0.0, 0.0, 0.9677897194534464, 0.0, 0.0, 0.0, 0.0, 0.0, 0.0, 0.0, 0.0, 0.0, 0.0, 0.0, 0.0, 0.0, 0.0, 0.0, 0.0, 0.0, 0.0, 0.0, 0.0, 0.0, 0.0], [0.0, 0.0, 0.0, 0.0, 0.0, 0.0, 0.0, 0.0, 0.0, 0.0, 0.0, 0.0, 0.0, 0.0, 0.0, 0.0, 0.0, 0.0, 0.0, 0.0, 0.0, 0.9701936531755929, 0.0, 0.0, 0.0, 0.0, 0.0, 0.0, 0.0, 0.0, 0.0, 0.0, 0.0, 0.0, 0.0, 0.0, 0.0, 0.0, 0.0, 0.0, 0.0, 0.0, 0.0], [0.0, 0.0, 0.0, 0.0, 0.0, 0.0, 0.0, 0.0, 0.0, 0.0, 0.0, 0.0, 0.0, 0.0, 0.0, 0.0, 0.0, 0.0, 0.0, 0.0, 0.0, 0.0, 0.9703992302693334, 0.0, 0.0, 0.0, 0.0, 0.0, 0.0, 0.0, 0.0, 0.0, 0.0, 0.0, 0.0, 0.0, 0.0, 0.0, 0.0, 0.0, 0.0, 0.0, 0.0], [0.0, 0.0, 0.0, 0.0, 0.0, 0.0, 0.0, 0.0, 0.0, 0.0, 0.0, 0.0, 0.0, 0.0, 0.0, 0.0, 0.0, 0.0, 0.0, 0.0, 0.0, 0.0, 0.0, 0.970039204914957, 0.0, 0.0, 0.0, 0.0, 0.0, 0.0, 0.0, 0.0, 0.0, 0.0, 0.0, 0.0, 0.0, 0.0, 0.0, 0.0, 0.0, 0.0, 0.0], [0.0, 0.0, 0.0, 0.0, 0.0, 0.0, 0.0, 0.0, 0.0, 0.0, 0.0, 0.0, 0.0, 0.0, 0.0, 0.0, 0.0, 0.0, 0.0, 0.0, 0.0, 0.0, 0.0, 0.0, 0.9695851711457367, 0.0, 0.0, 0.0, 0.0, 0.0, 0.0, 0.0, 0.0, 0.0, 0.0, 0.0, 0.0, 0.0, 0.0, 0.0, 0.0, 0.0, 0.0]], "Born radii": [], "Atomic SASAs": [], "Solvent H bonds": [], "Total SASA": NaN, "Total FOD": 0.0, "FOD": [0.0, 0.0, 0.0, 0.0, 0.0, 0.0, 0.0, 0.0, 0.0, 0.0, 0.0, 0.0, 0.0, 0.0, 0.0, 0.0, 0.0, 0.0, 0.0, 0.0, 0.0, 0.0, 0.0, 0.0, 0.0, 0.0, 0.0, 0.0, 0.0, 0.0, 0.0, 0.0, 0.0, 0.0, 0.0, 0.0, 0.0, 0.0, 0.0, 0.0, 0.0, 0.0, 0.0], "FOD s proportion": [0.0, 0.0, 0.0, 0.0, 0.0, 0.0, 0.0, 0.0, 0.0, 0.0, 0.0, 0.0, 0.0, 0.0, 0.0, 0.0, 0.0, 0.0, 0.0, 0.0, 0.0, 0.0, 0.0, 0.0, 0.0, 0.0, 0.0, 0.0, 0.0, 0.0, 0.0, 0.0, 0.0, 0.0, 0.0, 0.0, 0.0, 0.0, 0.0, 0.0, 0.0, 0.0, 0.0], "FOD p proportion": [0.0, 0.0, 0.0, 0.0, 0.0, 0.0, 0.0, 0.0, 0.0, 0.0, 0.0, 0.0, 0.0, 0.0, 0.0, 0.0, 0.0, 0.0, 0.0, 0.0, 0.0, 0.0, 0.0, 0.0, 0.0, 0.0, 0.0, 0.0, 0.0, 0.0, 0.0, 0.0, 0.0, 0.0, 0.0, 0.0, 0.0, 0.0, 0.0, 0.0, 0.0, 0.0, 0.0], "FOD d proportion": [0.0, 0.0, 0.0, 0.0, 0.0, 0.0, 0.0, 0.0, 0.0, 0.0, 0.0, 0.0, 0.0, 0.0, 0.0, 0.0, 0.0, 0.0, 0.0, 0.0, 0.0, 0.0, 0.0, 0.0, 0.0, 0.0, 0.0, 0.0, 0.0, 0.0, 0.0, 0.0, 0.0, 0.0, 0.0, 0.0, 0.0, 0.0, 0.0, 0.0, 0.0, 0.0, 0.0], "coordinates": [["0.91180", "-0.23200", "3.13670"], ["0.38070", "0.06820", "2.08080"], ["0.92730", "0.74840", "1.04700"], ["2.28250", "1.22030", "1.01090"], ["3.09240", "0.17830", "0.46680"], ["4.40730", "0.51850", "0.38720"], ["4.87230", "1.59480", "0.73250"], ["5.19120", "-0.63460", "-0.19110"], ["6.67140", "-0.31600", "-0.30770"], ["0.06180", "0.79370", "-0.00910"], ["0.31350", "1.29170", "-1.10210"], ["-1.27100", "0.09050", "0.40100"], ["-0.90840", "-0.26690", "1.76110"], ["-2.42270", "1.10570", "0.34670"], ["-3.03550", "1.61850", "1.50500"], ["-4.08020", "2.54250", "1.41580"], ["-4.52990", "2.97350", "0.17080"], ["-3.93480", "2.48440", "-0.98800"], ["-2.89090", "1.56120", "-0.90170"], ["-1.57250", "-1.20810", "-0.36320"], ["-0.71180", "-1.73580", "-1.34140"], ["-1.01730", "-2.93200", "-1.99780"], ["-2.18370", "-3.62560", "-1.68810"], ["-3.04910", "-3.12590", "-0.72070"], ["-2.74650", "-1.93180", "-0.06330"], ["2.33430", "2.10750", "0.36960"], ["2.60910", "1.45660", "2.02990"], ["4.78990", "-0.86330", "-1.18400"], ["5.05760", "-1.50540", "0.45940"], ["6.83720", "0.55010", "-0.95710"], ["7.10270", "-0.08670", "0.67240"], ["7.21290", "-1.16850", "-0.72910"], ["-1.43670", "-0.89790", "2.34570"], ["-2.70940", "1.31340", "2.49690"], ["-4.54140", "2.92910", "2.32140"], ["-5.34100", "3.69380", "0.10360"], ["-4.27950", "2.82290", "-1.96190"], ["-2.43830", "1.19970", "-1.82510"], ["0.21100", "-1.23180", "-1.62120"], ["-0.34070", "-3.32130", "-2.75500"], ["-2.41800", "-4.55410", "-2.20210"], ["-3.96230", "-3.66360", "-0.47840"], ["-3.44530", "-1.56190", "0.68560"]], "bond_dist": [[0.0, 1.2194720414999272, 2.3083046809292744, 2.916679519590728, 3.4715599461913373, 4.510157508336045, 4.980254625016677, 5.435954742269291, 6.711478191873978, 3.4162286413529177, 4.543902509957712, 3.5146374749040614, 2.2818022285027246, 4.548893441266788, 4.654886940624874, 5.964847949445149, 6.97738432007296, 6.919646711357452, 5.829645623020321, 4.401569914246506, 4.995084684967813, 6.113470132420702, 6.661631650729421, 6.2404263299873985, 5.149026988664946, 3.8927636596639155, 2.6376511312150437, 5.840089707358954, 5.096777461298462, 7.244393971202836, 6.664917808195386, 7.451530252236784, 2.5660389825565786, 3.988821209329894, 6.355679156471006, 7.981798612468245, 7.8916241458903755, 6.155679827606371, 4.9120599640069535, 6.769391378107784, 7.633537966762201, 6.9714903270391195, 5.173088596766926], [1.2194720414999272, 0.0, 1.3528436864619653, 2.467562291007058, 3.1575995471243656, 4.391418746828865, 4.931824308508972, 5.366224715756879, 6.739840382382954, 2.235112853974045, 3.4106187854991945, 2.355915579981592, 1.369773306061992, 3.455801009896258, 3.7954443969053213, 5.144318642930276, 6.016881289339187, 5.820575240472371, 4.672014748478434, 3.3789152001788976, 4.019878740708481, 5.252673795316058, 5.867274751534992, 5.460238557059572, 4.286787217719116, 3.3020452586238123, 2.6260258814413846, 5.564859021574581, 5.194087843885584, 7.151744980772175, 6.869706585437256, 7.490255118485618, 2.0752021540081347, 3.357436560830301, 5.6982195096363215, 7.056355014453285, 6.7564235672432496, 4.948040830470177, 3.9272894074666818, 5.949293222728226, 6.895042522711517, 6.271960210332971, 4.3865801086951555], [2.3083046809292744, 1.3528436864619653, 0.0, 1.4354650326636316, 2.3128562558014707, 3.549449260096558, 4.047014728166924, 4.650421896989562, 5.996902888991951, 1.3661952825273553, 2.3001208968225995, 2.3838354179766688, 2.2159800066787607, 3.441014876457235, 4.0829672849534315, 5.331966288340539, 5.9581732343059635, 5.549318643761592, 4.363109759105311, 3.473550968389553, 3.8160651212996877, 5.157288081928331, 6.024198619733582, 5.8263814447734195, 4.6811371022434285, 2.0701866027003457, 2.0727013508945276, 4.7428490013914635, 4.741757721562754, 6.243609349566963, 6.242858506325448, 6.807187685086992, 3.1599717372153817, 3.955631668899419, 6.023805071547385, 6.989776077243104, 6.361430318725498, 4.447459213978246, 3.3990541287246363, 5.711872380402069, 7.061458004548353, 6.760235004790883, 4.958601295728464], [2.916679519590728, 2.467562291007058, 1.4354650326636316, 0.0, 1.4274966970189458, 2.3229937516058885, 2.631505434157414, 3.653216897475429, 4.8333597900425325, 2.4807047486551075, 2.8890877383700206, 3.7783314174381264, 3.599500894568579, 4.753230673973229, 5.3557279663926165, 6.511229387757737, 7.0843681447254, 6.651944776529643, 5.5261486706385305, 4.7588131261901845, 4.820547167075539, 6.0977496685252675, 7.121396650236526, 7.093225751377154, 6.031623417455702, 1.0959346558987904, 1.095840430902237, 3.930143728923918, 3.9287113345217914, 5.006743865028448, 5.005712665545237, 5.748287536301572, 4.483403943434051, 5.209215797027419, 7.1556284769403735, 8.06592510441301, 7.380088793503774, 5.507201921121107, 4.151127204748127, 6.456726075187022, 8.109362774595795, 8.066475112463932, 6.376060678036244], [3.4715599461913373, 3.1575995471243656, 2.3128562558014707, 1.4274966970189458, 0.0, 1.3605271809118702, 2.2902211137791917, 2.3449094353513957, 3.695053956304292, 3.1288551148942645, 3.3798508813259796, 4.364779265896502, 4.22845316516572, 5.593820052522248, 6.379905460898304, 7.6115854721601846, 8.12405171881617, 7.537644200279024, 6.291667787637869, 4.936830660454134, 4.626586613260363, 5.712954869417402, 6.852042062772236, 7.074313828209772, 6.231073842444816, 2.0750845982754536, 2.0762734381578936, 2.586808352004454, 2.58783915458438, 4.023587142090998, 4.02430148597244, 4.496950889213712, 5.020081519258427, 6.250651266868117, 8.323541568346974, 9.14400842355255, 8.19984161188495, 6.073278032496125, 3.8276091715325378, 5.8662910778446715, 7.738420066783659, 8.088410890898162, 6.768876625408384], [4.510157508336045, 4.391418746828865, 3.549449260096558, 2.3229937516058885, 1.3605271809118702, 0.0, 1.2222433391105063, 1.5094931964073242, 2.511060546860629, 4.372202989340729, 4.424370143873589, 5.694424056039382, 5.546270896737735, 6.855315024854802, 7.606230911561915, 8.785912030631767, 9.270781941130965, 8.6802402190262, 7.484130526654382, 6.269151119569538, 5.854494961992879, 6.857146666799537, 8.05740131183746, 8.372991981962004, 7.57520790341757, 2.6120030168435875, 2.6099843179605506, 2.127069213730479, 2.127034118203091, 2.7771487284623415, 2.7771905300140998, 3.458827265129035, 6.324100506000834, 7.465260811920773, 9.467383677130657, 10.256330334968743, 9.289188576511945, 7.226378352259173, 4.970528577525735, 6.867385884017295, 8.88934560808612, 9.396245416654462, 8.128987235812344], [4.980254625016677, 4.931824308508972, 4.047014728166924, 2.631505434157414, 2.2902211137791917, 1.2222433391105063, 0.0, 2.43412377047676, 2.8231070631486865, 4.932812789879624, 4.923442313056993, 6.333478162115979, 6.159580938667825, 7.321549388619871, 7.945477882418401, 9.028415720933546, 9.519332194014453, 9.017567234016058, 7.933411173007485, 7.112823204607296, 6.824670715866078, 7.914154692069141, 9.104889703889882, 9.33516880886468, 8.433049189943102, 2.6145748602784358, 2.6123591330443063, 3.1180150127925943, 3.117717071833171, 2.7940970384007784, 2.7938751618495767, 3.905190111889561, 6.972764769444041, 7.789381760448, 9.639642492852108, 10.44570787931579, 9.618911799678797, 7.755146299716079, 5.9377848512724, 7.969069234233067, 9.97844288754513, 10.352159510459641, 8.896596217655379], [5.435954742269291, 5.366224715756879, 4.650421896989562, 3.653216897475429, 2.3449094353513957, 1.5094931964073242, 2.43412377047676, 0.0, 1.518582747169215, 5.327655136173887, 5.32282913308327, 6.5296539923643735, 6.414936343409809, 7.8287512503591525, 8.696654972459239, 9.931512975372886, 10.37541047043441, 9.677142481641987, 8.405166887694737, 6.790151570473224, 6.1140199975139105, 6.862046626189596, 8.097915781853995, 8.62494034414152, 8.044012802699907, 3.9994217719565417, 3.9966484521408683, 1.095077983524461, 1.095121842536254, 2.167852875542988, 2.167869670898137, 2.1591118776015295, 7.101671601813196, 8.569686596369788, 10.664713624847131, 11.390747626472987, 10.23641526023637, 8.015228177662816, 5.215767047136979, 6.662871581382911, 8.79241297312632, 9.645928910167232, 8.730270352629407], [6.711478191873978, 6.739840382382954, 5.996902888991951, 4.8333597900425325, 3.695053956304292, 2.511060546860629, 2.8231070631486865, 1.518582747169215, 0.0, 6.708756085147231, 6.605956634735048, 7.984310596413444, 7.857207664940517, 9.227790908987915, 10.062409212012797, 11.257814044475952, 11.684130014254377, 10.990747321724761, 9.762904134016681, 8.292213809954493, 7.589203513544752, 8.295541073371888, 9.55362508841539, 10.126906105025366, 9.558628636472912, 5.014232139620184, 5.010864776662808, 2.1465044211461572, 2.1465006894944154, 1.0951434654875132, 1.0950772529826374, 1.0943292283403565, 8.551048168499578, 9.925730913136826, 11.965355183194522, 12.67065181788214, 11.511354466786262, 9.358765054215219, 6.655880110849353, 8.011906876018967, 10.20624491818612, 11.149490568631377, 10.2414125290411], [3.4162286413529177, 2.235112853974045, 1.3661952825273553, 2.4807047486551075, 3.1288551148942645, 4.372202989340729, 4.932812789879624, 5.327655136173887, 6.708756085147231, 0.0, 1.2271943163166947, 1.5617388033855084, 2.280300076744287, 2.529165453267144, 3.5448640509898257, 4.716439912688383, 5.086020147423719, 4.448541700377777, 3.17871488183511, 2.608357057613087, 2.961730997237933, 4.358924751587254, 5.23369121557625, 5.054437409840981, 3.913800809954436, 2.6521199784323484, 3.32951868893989, 5.145966247460238, 5.519363251318036, 6.8457351774663335, 7.128381248221786, 7.450292615058821, 3.26375486977806, 3.772223950138698, 5.583960391156084, 6.1329869672126325, 5.174743101836071, 3.1165994304690487, 2.593024739565745, 4.9633857456377495, 6.289485025023909, 6.023383317538408, 4.281496217445485], [4.543902509957712, 3.4106187854991945, 2.3001208968225995, 2.8890877383700206, 3.3798508813259796, 4.424370143873589, 4.923442313056993, 5.32282913308327, 6.605956634735048, 1.2271943163166947, 0.0, 2.492555174915893, 3.4814060105078237, 3.101678236052218, 4.256708781441361, 5.216217090957775, 5.282731226363878, 4.414023673475257, 3.221951236440427, 3.2174476297214225, 3.2053487844538853, 4.518069147323888, 5.54610161554943, 5.564866079251144, 4.564390177230689, 2.6296507695889964, 3.8866946587042315, 4.968791560329333, 5.724380793588072, 6.567317355663574, 7.151368641735649, 7.334400684445867, 4.443520343151363, 4.700127264234449, 6.162100698625429, 6.260764102727398, 4.917263312046651, 2.8466816190083497, 2.578376099408308, 4.943665143393107, 6.545568721662008, 6.574683674520015, 5.046531649558933], [3.5146374749040614, 2.355915579981592, 2.3838354179766688, 3.7783314174381264, 4.364779265896502, 5.694424056039382, 6.333478162115979, 6.5296539923643735, 7.984310596413444, 1.5617388033855084, 2.492555174915893, 0.0, 1.4522690969651597, 1.5362266824918775, 2.582065113431495, 3.8644181554277997, 4.357190637325845, 3.8413420376217475, 2.5463820981934346, 1.5366410934242258, 2.5853498970158757, 3.867054613009752, 4.359674220627041, 3.8425355509090613, 2.5460502803361917, 4.131278621686027, 4.424332766644028, 6.336913148371217, 6.526981333664131, 8.233989009587031, 8.37997073324245, 8.650940192834534, 2.187749789166942, 2.8208643675299245, 4.737204057247271, 5.443998314658079, 4.701103957582729, 2.747441562617847, 2.834447764556616, 4.739849504994858, 5.446471130007025, 4.702096007101514, 2.745724569216658], [2.2818022285027246, 1.369773306061992, 2.2159800066787607, 3.599500894568579, 4.22845316516572, 5.546270896737735, 6.159580938667825, 6.414936343409809, 7.857207664940517, 2.280300076744287, 3.4814060105078237, 1.4522690969651597, 0.0, 2.4854904163967317, 2.8539227004248033, 4.251149925608364, 5.113170102783595, 4.928113174430961, 3.7898231752945937, 2.4165133436420336, 3.4382880943865075, 4.609115580021833, 4.980385167835918, 4.349230820501483, 3.078788557208825, 4.2531342442956115, 3.9262592807913235, 6.442043919440476, 6.230687052003174, 8.249267822055483, 8.086746128078955, 8.54221823006179, 1.0094647344013559, 2.5064617950409698, 4.871041068395955, 6.171093379620827, 5.896771001997619, 4.165614001560874, 3.6910759488257616, 5.4814963157882355, 6.0304170867362075, 5.087163880788587, 3.0445996222820497], [4.548893441266788, 3.455801009896258, 3.441014876457235, 4.753230673973229, 5.593820052522248, 6.855315024854802, 7.321549388619871, 7.8287512503591525, 9.227790908987915, 2.529165453267144, 3.101678236052218, 1.5362266824918775, 2.4854904163967317, 0.0, 1.4071768083648906, 2.440220338412087, 2.8213311556781133, 2.443089067144299, 1.408969144445683, 2.565242384259234, 3.7216908348222586, 4.875946133828798, 5.155844424534162, 4.408872676773509, 3.082101992147567, 4.861396574030964, 5.317452800918876, 7.6316185865123005, 7.923725928501061, 9.367728316406277, 9.605266441385163, 9.958620318096278, 2.997100258583286, 2.179150343597247, 3.422443182873896, 3.908175291616281, 3.4243416943990854, 2.1738892796092446, 4.033969800333165, 5.792546580736317, 6.207232843224104, 5.0791121921060185, 2.876917400621714], [4.654886940624874, 3.7954443969053213, 4.0829672849534315, 5.3557279663926165, 6.379905460898304, 7.606230911561915, 7.945477882418401, 8.696654972459239, 10.062409212012797, 3.5448640509898257, 4.256708781441361, 2.582065113431495, 2.8539227004248033, 1.4071768083648906, 0.0, 1.3975445359629866, 2.4185421228500443, 2.788112677063106, 2.4117208254688185, 3.6905565704917733, 4.975228953525657, 6.08685381211016, 6.198551093602439, 5.2405397441484975, 3.8920066777948876, 5.510263714197352, 5.671264478050729, 8.638688407391482, 8.737865768023676, 10.23101267030786, 10.314263378448311, 10.853030653693004, 3.097613095594735, 1.0877926410856071, 2.156830111529418, 3.4038393469727684, 3.8752433433269706, 3.409047856806941, 5.332644632825255, 7.0577029605956065, 7.226678865149606, 5.717815510315106, 3.3097275658277376], [5.964847949445149, 5.144318642930276, 5.331966288340539, 6.511229387757737, 7.6115854721601846, 8.785912030631767, 9.028415720933546, 9.931512975372886, 11.257814044475952, 4.716439912688383, 5.216217090957775, 3.8644181554277997, 4.251149925608364, 2.440220338412087, 1.3975445359629866, 0.0, 1.3921264633645896, 2.408894188211678, 2.7835571540746202, 4.849783567335763, 6.103451588240869, 7.14172049439069, 7.160751711238143, 6.144799266046044, 4.897535399565785, 6.513798407227537, 6.8046331355922485, 9.850741479198406, 10.039899611549908, 11.348565324744799, 11.511845577925374, 12.079164897458764, 4.437246716151807, 2.1350776707183274, 1.0873253239026492, 2.1533641517402486, 3.3951733298905378, 3.8732906242625273, 6.471715918518055, 8.10947491086815, 8.137188753494662, 6.489805178894048, 4.216917050405426], [6.97738432007296, 6.016881289339187, 5.9581732343059635, 7.0843681447254, 8.12405171881617, 9.270781941130965, 9.519332194014453, 10.37541047043441, 11.684130014254377, 5.086020147423719, 5.282731226363878, 4.357190637325845, 5.113170102783595, 2.8213311556781133, 2.4185421228500443, 1.3921264633645896, 0.0, 1.3914669453494033, 2.4147812613154014, 5.14948049030191, 6.24837122296683, 7.205283823001007, 7.246260032596125, 6.339575794167935, 5.224680512720371, 6.921467985911658, 7.5314380711787035, 10.16932590292985, 10.586028122955275, 11.677156690735979, 12.038845848336129, 12.484363654187584, 5.41163692518262, 3.3883467163205125, 2.151089019543357, 1.0868445795052764, 2.1526239360371333, 3.3918687784169954, 6.585737992055257, 8.107663616603737, 8.170406218787411, 6.692886283958513, 4.6916126609088264], [6.919646711357452, 5.820575240472371, 5.549318643761592, 6.65194477652964