{"total energy": -41.75980366, "HOMO-LUMO gap/eV": 4.14269645, "electronic energy": -42.23361689, "dipole": [1.14039729, 0.85219153, 0.05679586], "partial charges": [0.00934664, -0.13399605, 0.32204378, -0.46869977, -0.20411322, 0.00990606, -0.01381106, -0.10766792, -0.10881422, 0.32314781, -0.45343282, -0.20188438, 0.00621144, 0.06476886, 0.07603223, 0.20760685, 0.03756621, 0.06530096, 0.03782783, 0.03724062, 0.03731236, 0.04330308, 0.03461746, 0.03838064, 0.04444673, 0.18714418, 0.04892406, 0.06129164], "atomic dipole moments": [[-0.09388274, 0.15710294, 0.0583266], [0.03589144, -0.0440928, 0.01752977], [0.05609751, 0.0547175, 0.01103413], [-0.0122983, 0.19761132, 0.07785444], [-0.01780471, -0.11819057, 0.03659601], [0.08279706, 0.14853093, 0.00735522], [0.09409479, 0.03630536, 0.00198857], [0.00291359, -0.0680479, 0.08984386], [0.00450295, -0.06108048, -0.09218231], [0.01856621, -0.04871822, -0.02153295], [0.15427593, -0.10872679, -0.08793724], [0.00888522, -0.00949596, -0.11124802], [-0.15725226, 0.00055742, 0.08497102], [0.02059344, -0.09297418, 0.08150635], [-0.00039664, -0.04423852, -0.12547908], [0.02215158, 0.09803951, 0.08512248], [0.01332502, -0.07187646, 0.09493258], [-0.00438464, -0.07943335, -0.10074013], [-0.10015859, -0.06922009, -0.00229006], [0.00276936, -0.06640413, -0.10803937], [-0.1071598, 0.06524893, -0.00233194], [0.09472908, 0.08734752, -0.0064385], [0.00540512, -0.0733471, 0.10282529], [-0.10951136, 0.06233528, 0.00798341], [0.09074019, 0.08951686, 0.01190041], [0.03034316, 0.14165964, 0.04774772], [0.00793984, 0.0701174, -0.09759242], [0.11007844, -0.02980698, 0.05694188]], "atomic quadrupole moments": [[0.30487698, 0.01389754, 0.00465893, -0.09366986, 0.11764903, -0.30953591], [0.07750088, -0.04695692, 0.0031959, -0.03210237, 0.04223616, -0.08069678], [-0.17787419, 0.02133273, -0.16154935, 0.06235563, -0.23039764, 0.33942353], [-0.10414017, -0.01692488, -0.00432698, 0.02139487, -0.05335527, 0.10846715], [0.05480958, 0.04363423, 0.00769208, -0.01748926, -0.03314733, -0.06250166], [0.28592596, 0.0803001, -0.01525486, -0.02515981, -0.00341899, -0.27067109], [-0.09218444, -0.1608527, 0.00473082, -0.00572038, -0.00207465, 0.08745362], [-0.12246818, -0.01922456, 0.00662553, 0.00310793, -0.161329, 0.11584265], [-0.11966413, -0.01798858, -0.01762381, -0.00413556, 0.14890664, 0.13728794], [-0.19428744, -0.04950245, -0.04540122, 0.03990071, -0.29392838, 0.23968866], [-0.05482928, -0.03458854, -0.022669, 0.00187893, -0.09054134, 0.07749828], [0.06755695, -0.0660039, -0.0798972, -0.08565337, 0.0416029, 0.01234025], [0.02159544, 0.01282746, 0.08278318, -0.17350067, 0.24710173, -0.10437862], [0.00523095, -0.01858201, 0.00109567, 0.01035811, -0.03317682, -0.00632662], [-0.02569428, -0.00115127, -0.01443252, -0.00820357, 0.01077098, 0.0401268], [0.0271975, -0.00509195, 0.00634601, -0.02237933, 0.03082168, -0.03354351], [0.00206627, 0.0144593, -0.02514253, -0.00306857, -0.04388154, 0.02307626], [-0.00464517, 0.00560625, -0.02319365, 0.00061082, 0.03713689, 0.02783882], [0.01413041, 0.0244297, 0.00351332, -0.00101778, 0.00312657, -0.01764372], [-0.05270878, -0.00448207, 0.01307697, -0.00633377, 0.05361801, 0.03963181], [0.05213641, -0.0539296, -0.01461685, -0.01528841, -0.00591938, -0.03751956], [0.03615852, 0.05956, -0.00183797, 0.0139203, 5.7e-07, -0.03432055], [-0.05252226, -0.007606, 0.02047257, 0.00814322, -0.05507977, 0.03204969], [0.05338695, -0.05225014, -0.01694787, 0.01058869, 0.00892605, -0.03643909], [0.03236135, 0.06130842, 0.00083358, -0.01037742, 0.00146168, -0.03319493], [0.01490003, 0.02543573, 0.00783869, -0.00482033, 0.02026043, -0.02273872], [-0.03044039, -0.00109198, -0.00635508, -0.01909946, -0.01339052, 0.03679547], [0.03333046, -0.02317623, -0.01576232, 0.01816369, -0.01591235, -0.01756815]], "number of molecular orbitals": 67, "number of electrons": 74, "number of unpaired electrons": 0, "orbital energies/eV": [-19.58532624, -19.23879914, -18.95860981, -18.32598979, -17.92929815, -17.75178848, -17.47354384, -17.07109254, -16.98280756, -16.36136127, -15.99892824, -15.95022928, -15.86992643, -15.54674022, -15.20756371, -15.12514905, -14.78539716, -14.62658356, -14.43857294, -14.36092021, -14.04425611, -13.90866293, -13.78542928, -13.56866676, -13.50087842, -13.40637466, -13.15703412, -12.58455346, -12.40169365, -11.95700316, -11.86034518, -11.6652366, -11.61537565, -11.43715243, -11.06125717, -10.97060273, -10.43093772, -6.28824127, -4.62609189, -1.23753056, 0.14752925, 1.04741443, 1.49289125, 1.76562975, 2.17889043, 2.67123433, 2.81836842, 3.21500056, 3.3469434, 3.43922979, 4.23902791, 4.39609799, 5.05799887, 5.31968015, 5.64939525, 6.08921186, 6.31271673, 6.55901898, 6.82222397, 6.93437393, 7.1831922, 7.3645079, 7.48945923, 8.06419402, 10.4290156, 16.54083559, 17.05957085], "fractional occupation": [2.0, 2.0, 2.0, 2.0, 2.0, 2.0, 2.0, 2.0, 2.0, 2.0, 2.0, 2.0, 2.0, 2.0, 2.0, 2.0, 2.0, 2.0, 2.0, 2.0, 2.0, 2.0, 2.0, 2.0, 2.0, 2.0, 2.0, 2.0, 2.0, 2.0, 2.0, 2.0, 2.0, 2.0, 2.0, 2.0, 2.0, 0.0, 0.0, 0.0, 0.0, 0.0, 0.0, 0.0, 0.0, 0.0, 0.0, 0.0, 0.0, 0.0, 0.0, 0.0, 0.0, 0.0, 0.0, 0.0, 0.0, 0.0, 0.0, 0.0, 0.0, 0.0, 0.0, 0.0, 0.0, 0.0, 0.0], "program call": "xtb /home/svss/Project-DBcg-Debug/aqme2_20220329/End-to-End-workflows-final/example-3/QDESCP/mol_516_rdkit_conf_3/mol_516_rdkit_conf_3.xyz --pop --wbo --acc 0.2 --gfn 2 --chrg 0 --uhf 0 --etemp 300 --input /home/svss/Project-DBcg-Debug/aqme2_20220329/End-to-End-workflows-final/example-3/QDESCP/mol_516_rdkit_conf_3/mol_516_rdkit_conf_3_xtb.inp", "method": "GFN2-xTB", "xtb version": "6.3.3 (7355c4f)", "Dipole module/D": 3.621, "Total charge": 0, "Transition dipole module/D": NaN, "HOMO": -10.4309, "LUMO": -6.2882, "HOMO occupancy": 2.0, "LUMO occupancy": 0, "mulliken charges": [0.09008, -0.29006, 0.56668, -0.58231, -0.36818, 0.09558, -0.0108, -0.08957, -0.09385, 0.55968, -0.56531, -0.37297, 0.0856, 0.05091, 0.05541, 0.25051, 0.03108, 0.04778, 0.02365, 0.03143, 0.0292, 0.03349, 0.02965, 0.03154, 0.03743, 0.2504, 0.03549, 0.03746], "cm5 charges": [0.0544, -0.5262, 0.73045, -0.62064, -0.72112, 0.04968, -0.08021, -0.23619, -0.24121, 0.71928, -0.61297, -0.72009, 0.04698, 0.11935, 0.12201, 0.46389, 0.09785, 0.11656, 0.08187, 0.08345, 0.08063, 0.0877, 0.08159, 0.08294, 0.09161, 0.44422, 0.10231, 0.10188], "FUKUI+": [0.025, -0.049, -0.065, -0.151, -0.059, 0.019, 0.003, 0.01, 0.01, -0.096, -0.159, -0.072, 0.024, -0.043, -0.048, -0.03, -0.033, -0.026, -0.028, -0.01, -0.025, 0.006, -0.01, -0.025, 0.008, -0.064, -0.052, -0.059], "FUKUI-": [0.017, -0.054, -0.001, -0.091, -0.084, 0.015, -0.004, 0.012, 0.016, -0.0, -0.051, -0.068, 0.017, -0.058, -0.048, -0.038, -0.093, -0.06, -0.056, -0.027, -0.05, -0.024, -0.028, -0.043, -0.026, -0.046, -0.067, -0.059], "FUKUIrad": [0.021, -0.052, -0.033, -0.121, -0.072, 0.017, -0.0, 0.011, 0.013, -0.048, -0.105, -0.07, 0.021, -0.051, -0.048, -0.034, -0.063, -0.043, -0.042, -0.019, -0.037, -0.009, -0.019, -0.034, -0.009, -0.055, -0.06, -0.059], "s proportion": [1.009, 1.438, 0.938, 1.726, 1.431, 1.005, 1.055, 1.011, 1.013, 0.954, 1.722, 1.425, 1.007, 0.949, 0.945, 0.749, 0.969, 0.952, 0.976, 0.969, 0.971, 0.967, 0.97, 0.968, 0.963, 0.75, 0.965, 0.963], "p proportion": [2.901, 3.852, 2.495, 4.857, 3.937, 2.899, 2.956, 3.078, 3.081, 2.487, 4.843, 3.948, 2.908, 0.0, 0.0, 0.0, 0.0, 0.0, 0.0, 0.0, 0.0, 0.0, 0.0, 0.0, 0.0, 0.0, 0.0, 0.0], "d proportion": [0.0, 0.0, 0.0, 0.0, 0.0, 0.0, 0.0, 0.0, 0.0, 0.0, 0.0, 0.0, 0.0, 0.0, 0.0, 0.0, 0.0, 0.0, 0.0, 0.0, 0.0, 0.0, 0.0, 0.0, 0.0, 0.0, 0.0, 0.0], "Fermi-level/eV": -8.3596, "Coordination numbers": [3.796, 2.771, 2.692, 0.858, 2.688, 3.74, 3.848, 3.752, 3.751, 2.762, 0.857, 2.716, 3.792, 0.924, 0.924, 0.86, 0.924, 0.924, 0.923, 0.924, 0.924, 0.924, 0.924, 0.924, 0.924, 0.86, 0.924, 0.924], "Dispersion coefficient C6": [20.425, 23.9, 21.526, 23.102, 25.438, 20.486, 20.788, 22.619, 22.642, 21.51, 22.778, 25.385, 20.483, 2.144, 2.021, 1.068, 2.482, 2.138, 2.478, 2.486, 2.485, 2.405, 2.522, 2.471, 2.391, 1.174, 2.333, 2.184], "Total dispersion C6": 6942.14854, "Total dispersion C8": 150338.512002, "Polarizability alpha": [6.435, 7.261, 7.593, 6.444, 7.491, 6.458, 6.485, 6.782, 6.786, 7.595, 6.399, 7.483, 6.445, 2.29, 2.223, 1.619, 2.464, 2.287, 2.462, 2.466, 2.465, 2.425, 2.483, 2.458, 2.418, 1.697, 2.389, 2.311], "Total polarizability alpha": 124.114976, "Wiberg matrix": [[0.0, 0.9827880765898236, 0.0, 0.0, 0.0, 0.0, 0.0, 0.0, 0.0, 0.0, 0.0, 0.0, 1.0015504042257095, 0.9671766425473902, 0.9690083504198707, 0.0, 0.0, 0.0, 0.0, 0.0, 0.0, 0.0, 0.0, 0.0, 0.0, 0.0, 0.0, 0.0], [0.9827880765898236, 0.0, 1.0642177260102035, 0.10256148070484383, 0.0, 0.0, 0.0, 0.0, 0.0, 1.0931534407826515, 0.12108653447569828, 0.0, 0.0, 0.0, 0.0, 0.0, 0.0, 0.0, 0.0, 0.0, 0.0, 0.0, 0.0, 0.0, 0.0, 0.0, 0.0, 0.0], [0.0, 1.0642177260102035, 0.0, 1.6093722188598325, 1.224541144399497, 0.0, 0.0, 0.0, 0.0, 0.0, 0.0, 0.0, 0.0, 0.0, 0.0, 0.0, 0.0, 0.0, 0.0, 0.0, 0.0, 0.0, 0.0, 0.0, 0.0, 0.0, 0.0, 0.0], [0.0, 0.10256148070484383, 1.6093722188598325, 0.0, 0.17528851001907875, 0.0, 0.0, 0.0, 0.0, 0.0, 0.0, 0.0, 0.0, 0.0, 0.0, 0.0, 0.0, 0.0, 0.0, 0.0, 0.0, 0.0, 0.0, 0.0, 0.0, 0.0, 0.0, 0.0], [0.0, 0.0, 1.224541144399497, 0.17528851001907875, 0.0, 0.9931586789562421, 0.0, 0.0, 0.0, 0.0, 0.0, 0.0, 0.0, 0.0, 0.0, 0.8983086033856059, 0.0, 0.0, 0.0, 0.0, 0.0, 0.0, 0.0, 0.0, 0.0, 0.0, 0.0, 0.0], [0.0, 0.0, 0.0, 0.0, 0.9931586789562421, 0.0, 0.9919307350043657, 0.0, 0.0, 0.0, 0.0, 0.0, 0.0, 0.0, 0.0, 0.0, 0.9646700188716665, 0.9677902837852483, 0.0, 0.0, 0.0, 0.0, 0.0, 0.0, 0.0, 0.0, 0.0, 0.0], [0.0, 0.0, 0.0, 0.0, 0.0, 0.9919307350043657, 0.0, 1.0091615963678755, 1.009270365406375, 0.0, 0.0, 0.0, 0.0, 0.0, 0.0, 0.0, 0.0, 0.0, 0.9668547391387685, 0.0, 0.0, 0.0, 0.0, 0.0, 0.0, 0.0, 0.0, 0.0], [0.0, 0.0, 0.0, 0.0, 0.0, 0.0, 1.0091615963678755, 0.0, 0.0, 0.0, 0.0, 0.0, 0.0, 0.0, 0.0, 0.0, 0.0, 0.0, 0.0, 0.986399578195947, 0.9865423554037931, 0.9859954017847393, 0.0, 0.0, 0.0, 0.0, 0.0, 0.0], [0.0, 0.0, 0.0, 0.0, 0.0, 0.0, 1.009270365406375, 0.0, 0.0, 0.0, 0.0, 0.0, 0.0, 0.0, 0.0, 0.0, 0.0, 0.0, 0.0, 0.0, 0.0, 0.0, 0.9863860869013896, 0.9860856324255047, 0.9828862726223749, 0.0, 0.0, 0.0], [0.0, 1.0931534407826515, 0.0, 0.0, 0.0, 0.0, 0.0, 0.0, 0.0, 0.0, 1.6221596949241133, 1.1757900671800305, 0.0, 0.0, 0.0, 0.0, 0.0, 0.0, 0.0, 0.0, 0.0, 0.0, 0.0, 0.0, 0.0, 0.0, 0.0, 0.0], [0.0, 0.12108653447569828, 0.0, 0.0, 0.0, 0.0, 0.0, 0.0, 0.0, 1.6221596949241133, 0.0, 0.15850853684332977, 0.0, 0.0, 0.0, 0.0, 0.0, 0.0, 0.0, 0.0, 0.0, 0.0, 0.0, 0.0, 0.0, 0.0, 0.0, 0.0], [0.0, 0.0, 0.0, 0.0, 0.0, 0.0, 0.0, 0.0, 0.0, 1.1757900671800305, 0.15850853684332977, 0.0, 1.0027353971969575, 0.0, 0.0, 0.0, 0.0, 0.0, 0.0, 0.0, 0.0, 0.0, 0.0, 0.0, 0.0, 0.9373099313962592, 0.0, 0.0], [1.0015504042257095, 0.0, 0.0, 0.0, 0.0, 0.0, 0.0, 0.0, 0.0, 0.0, 0.0, 1.0027353971969575, 0.0, 0.0, 0.0, 0.0, 0.0, 0.0, 0.0, 0.0, 0.0, 0.0, 0.0, 0.0, 0.0, 0.0, 0.9682555248897633, 0.9709620964411659], [0.9671766425473902, 0.0, 0.0, 0.0, 0.0, 0.0, 0.0, 0.0, 0.0, 0.0, 0.0, 0.0, 0.0, 0.0, 0.0, 0.0, 0.0, 0.0, 0.0, 0.0, 0.0, 0.0, 0.0, 0.0, 0.0, 0.0, 0.0, 0.0], [0.9690083504198707, 0.0, 0.0, 0.0, 0.0, 0.0, 0.0, 0.0, 0.0, 0.0, 0.0, 0.0, 0.0, 0.0, 0.0, 0.0, 0.0, 0.0, 0.0, 0.0, 0.0, 0.0, 0.0, 0.0, 0.0, 0.0, 0.0, 0.0], [0.0, 0.0, 0.0, 0.0, 0.8983086033856059, 0.0, 0.0, 0.0, 0.0, 0.0, 0.0, 0.0, 0.0, 0.0, 0.0, 0.0, 0.0, 0.0, 0.0, 0.0, 0.0, 0.0, 0.0, 0.0, 0.0, 0.0, 0.0, 0.0], [0.0, 0.0, 0.0, 0.0, 0.0, 0.9646700188716665, 0.0, 0.0, 0.0, 0.0, 0.0, 0.0, 0.0, 0.0, 0.0, 0.0, 0.0, 0.0, 0.0, 0.0, 0.0, 0.0, 0.0, 0.0, 0.0, 0.0, 0.0, 0.0], [0.0, 0.0, 0.0, 0.0, 0.0, 0.9677902837852483, 0.0, 0.0, 0.0, 0.0, 0.0, 0.0, 0.0, 0.0, 0.0, 0.0, 0.0, 0.0, 0.0, 0.0, 0.0, 0.0, 0.0, 0.0, 0.0, 0.0, 0.0, 0.0], [0.0, 0.0, 0.0, 0.0, 0.0, 0.0, 0.9668547391387685, 0.0, 0.0, 0.0, 0.0, 0.0, 0.0, 0.0, 0.0, 0.0, 0.0, 0.0, 0.0, 0.0, 0.0, 0.0, 0.0, 0.0, 0.0, 0.0, 0.0, 0.0], [0.0, 0.0, 0.0, 0.0, 0.0, 0.0, 0.0, 0.986399578195947, 0.0, 0.0, 0.0, 0.0, 0.0, 0.0, 0.0, 0.0, 0.0, 0.0, 0.0, 0.0, 0.0, 0.0, 0.0, 0.0, 0.0, 0.0, 0.0, 0.0], [0.0, 0.0, 0.0, 0.0, 0.0, 0.0, 0.0, 0.9865423554037931, 0.0, 0.0, 0.0, 0.0, 0.0, 0.0, 0.0, 0.0, 0.0, 0.0, 0.0, 0.0, 0.0, 0.0, 0.0, 0.0, 0.0, 0.0, 0.0, 0.0], [0.0, 0.0, 0.0, 0.0, 0.0, 0.0, 0.0, 0.9859954017847393, 0.0, 0.0, 0.0, 0.0, 0.0, 0.0, 0.0, 0.0, 0.0, 0.0, 0.0, 0.0, 0.0, 0.0, 0.0, 0.0, 0.0, 0.0, 0.0, 0.0], [0.0, 0.0, 0.0, 0.0, 0.0, 0.0, 0.0, 0.0, 0.9863860869013896, 0.0, 0.0, 0.0, 0.0, 0.0, 0.0, 0.0, 0.0, 0.0, 0.0, 0.0, 0.0, 0.0, 0.0, 0.0, 0.0, 0.0, 0.0, 0.0], [0.0, 0.0, 0.0, 0.0, 0.0, 0.0, 0.0, 0.0, 0.9860856324255047, 0.0, 0.0, 0.0, 0.0, 0.0, 0.0, 0.0, 0.0, 0.0, 0.0, 0.0, 0.0, 0.0, 0.0, 0.0, 0.0, 0.0, 0.0, 0.0], [0.0, 0.0, 0.0, 0.0, 0.0, 0.0, 0.0, 0.0, 0.9828862726223749, 0.0, 0.0, 0.0, 0.0, 0.0, 0.0, 0.0, 0.0, 0.0, 0.0, 0.0, 0.0, 0.0, 0.0, 0.0, 0.0, 0.0, 0.0, 0.0], [0.0, 0.0, 0.0, 0.0, 0.0, 0.0, 0.0, 0.0, 0.0, 0.0, 0.0, 0.9373099313962592, 0.0, 0.0, 0.0, 0.0, 0.0, 0.0, 0.0, 0.0, 0.0, 0.0, 0.0, 0.0, 0.0, 0.0, 0.0, 0.0], [0.0, 0.0, 0.0, 0.0, 0.0, 0.0, 0.0, 0.0, 0.0, 0.0, 0.0, 0.0, 0.9682555248897633, 0.0, 0.0, 0.0, 0.0, 0.0, 0.0, 0.0, 0.0, 0.0, 0.0, 0.0, 0.0, 0.0, 0.0, 0.0], [0.0, 0.0, 0.0, 0.0, 0.0, 0.0, 0.0, 0.0, 0.0, 0.0, 0.0, 0.0, 0.9709620964411659, 0.0, 0.0, 0.0, 0.0, 0.0, 0.0, 0.0, 0.0, 0.0, 0.0, 0.0, 0.0, 0.0, 0.0, 0.0]], "Born radii": [], "Atomic SASAs": [], "Solvent H bonds": [], "Total SASA": NaN, "Total FOD": 0.0, "FOD": [0.0, 0.0, 0.0, 0.0, 0.0, 0.0, 0.0, 0.0, 0.0, 0.0, 0.0, 0.0, 0.0, 0.0, 0.0, 0.0, 0.0, 0.0, 0.0, 0.0, 0.0, 0.0, 0.0, 0.0, 0.0, 0.0, 0.0, 0.0], "FOD s proportion": [0.0, 0.0, 0.0, 0.0, 0.0, 0.0, 0.0, 0.0, 0.0, 0.0, 0.0, 0.0, 0.0, 0.0, 0.0, 0.0, 0.0, 0.0, 0.0, 0.0, 0.0, 0.0, 0.0, 0.0, 0.0, 0.0, 0.0, 0.0], "FOD p proportion": [0.0, 0.0, 0.0, 0.0, 0.0, 0.0, 0.0, 0.0, 0.0, 0.0, 0.0, 0.0, 0.0, 0.0, 0.0, 0.0, 0.0, 0.0, 0.0, 0.0, 0.0, 0.0, 0.0, 0.0, 0.0, 0.0, 0.0, 0.0], "FOD d proportion": [0.0, 0.0, 0.0, 0.0, 0.0, 0.0, 0.0, 0.0, 0.0, 0.0, 0.0, 0.0, 0.0, 0.0, 0.0, 0.0, 0.0, 0.0, 0.0, 0.0, 0.0, 0.0, 0.0, 0.0, 0.0, 0.0, 0.0, 0.0], "coordinates": [["3.18210", "-0.79720", "-0.50580"], ["1.87280", "-0.29730", "-0.15090"], ["0.74010", "-1.06750", "-0.34010"], ["0.79020", "-2.20960", "-0.79280"], ["-0.43660", "-0.45430", "0.00950"], ["-1.68740", "-1.18120", "0.03220"], ["-2.92600", "-0.27440", "0.07000"], ["-3.00060", "0.63720", "-1.15540"], ["-3.00260", "0.54700", "1.35770"], ["2.00840", "0.88620", "0.59450"], ["1.12120", "1.54700", "1.11110"], ["3.35720", "1.21920", "0.63320"], ["4.10190", "0.38820", "-0.26990"], ["3.42130", "-1.62990", "0.16590"], ["3.20380", "-1.16120", "-1.53750"], ["-0.33420", "0.35050", "0.62360"], ["-1.66700", "-1.83530", "0.91180"], ["-1.72960", "-1.83100", "-0.85010"], ["-3.80600", "-0.93060", "0.04890"], ["-2.96450", "0.05010", "-2.07910"], ["-3.93750", "1.20460", "-1.15710"], ["-2.17490", "1.35620", "-1.17610"], ["-2.94230", "-0.10210", "2.23750"], ["-3.95210", "1.09080", "1.40950"], ["-2.19570", "1.28400", "1.42100"], ["3.62850", "2.14160", "0.95020"], ["4.26480", "0.95740", "-1.19080"], ["5.06450", "0.11160", "0.16650"]], "bond_dist": [[0.0, 1.4457249081343242, 2.4624951939039397, 2.7925666276742622, 3.6712537626810815, 4.914156107614002, 6.157414318526893, 6.380067617980236, 6.597728395440358, 2.3285333023171475, 3.5152450924508805, 2.3224663549769673, 1.518833108014175, 1.0962603796543957, 1.0942448446303048, 3.8674442904843507, 5.157616908999737, 5.031111390140353, 7.011350031199413, 6.401084419065257, 7.424291150675598, 5.81239044197824, 6.746638737919794, 7.624285391431776, 6.079858922705362, 3.309947794150234, 2.1725757639263126, 2.195753740745988], [1.4457249081343242, 0.0, 1.382755932910794, 2.2893120495030814, 2.320281345009695, 3.67285023653293, 4.803936163189515, 5.062838932851805, 5.172836901546384, 1.4052333507286254, 2.3577508456153717, 2.2623059961022074, 2.3351569668868084, 2.0673744822842326, 2.107259777531, 2.427003108774276, 4.003118700463427, 3.9772354833476986, 5.717495812853735, 5.219014589939369, 6.085041342505406, 4.490987929175494, 5.378451971524892, 6.187982690667453, 4.639404223604579, 3.200490104655848, 2.8943614321642697, 3.2334023659297335], [2.4624951939039397, 1.382755932910794, 0.0, 1.2295689122615292, 1.3721724709379648, 2.4585140288393723, 3.7732583836784888, 4.190889245732938, 4.415533759354581, 2.5097820104542943, 3.0144367467240043, 3.609088830993219, 3.6641083185408148, 2.7858864298459833, 2.740869230736848, 2.0232553422640454, 2.81973418250728, 2.634853001592309, 4.564765910755995, 4.242312096015568, 5.264016448492539, 3.882066806483371, 4.5974002088136725, 5.4530816874497665, 4.153305563042527, 4.506223636261298, 4.153001395376601, 4.51080433293221], [2.7925666276742622, 2.2893120495030814, 1.2295689122615292, 0.0, 2.286875952035877, 2.8065518559257012, 4.277799121043437, 4.754567660681674, 5.15837432240042, 3.6045235704597633, 4.224504677474035, 4.514380847912591, 4.241384931835355, 2.85969316361039, 2.734809976945382, 3.1344180209410486, 3.013900046451442, 2.5487277787162754, 4.844517966733119, 4.567119865954911, 5.842997811055555, 4.653350034115207, 5.249364779666203, 6.183217183635069, 5.1011518512979, 5.47968405384836, 4.718171060909089, 4.957606924716803], [3.6712537626810815, 2.320281345009695, 1.3721724709379648, 2.286875952035877, 0.0, 1.4468585072494131, 2.496625045937015, 3.020341083387769, 3.066692180509808, 2.849068312624322, 2.7650434155723485, 4.193151843184313, 4.624484064195702, 4.036073429708631, 4.01813747524895, 1.017500668304449, 2.0579578348450194, 2.0751057924838436, 3.4031265639114863, 3.3176720347255544, 4.0458874897851524, 2.7758322175520624, 3.3714331270247673, 4.087306479822623, 2.8475343632693884, 4.914127726260277, 5.053392814733484, 5.5323587211965926], [4.914156107614002, 3.67285023653293, 2.4585140288393723, 2.8065518559257012, 1.4468585072494131, 0.0, 1.5355276096508328, 2.538004444440553, 2.5442831072818923, 4.271915459135398, 4.061444867285533, 5.618817519727794, 6.0058534164596455, 5.130109459845862, 5.136944182098926, 2.1276769233133117, 1.0963389667434063, 1.0965738324435796, 2.133435072834418, 2.757656938417105, 3.488470458524767, 2.8523751331127536, 2.757277445234701, 3.4911037481003055, 2.874777447038292, 6.33581223285539, 6.441895978669634, 6.875865177561294], [6.157414318526893, 4.803936163189515, 3.7732583836784888, 4.277799121043437, 2.496625045937015, 1.5355276096508328, 0.0, 1.5291124484484455, 1.5292929117732807, 5.096115772821493, 4.558641794438339, 6.482795495771867, 7.0672448082686365, 6.491131977552144, 6.398821651679316, 2.722939626580068, 2.174883226750347, 2.168169857275947, 1.0979269784461987, 2.173801580181595, 2.1717153726950498, 2.1853541543649166, 2.17439859041529, 2.170463660142689, 2.187955586843572, 7.040829375151765, 7.40368506353424, 8.000399896255185], [6.380067617980236, 5.062838932851805, 4.190889245732938, 4.754567660681674, 3.020341083387769, 2.538004444440553, 1.5291124484484455, 0.0, 2.514719000206583, 5.311707071177778, 4.791032616252993, 6.630191158631853, 7.161816634067085, 6.937317616341347, 6.471075824775969, 3.2181868886066884, 3.4878447571530478, 2.7929662242855713, 2.1347141471400803, 1.0950850697548569, 1.0953206197273928, 1.0950661989121937, 3.4730006896054597, 2.773051968499689, 2.7756172664832595, 7.116300831892929, 7.272538646167512, 8.189597852153668], [6.597728395440358, 5.172836901546384, 4.415533759354581, 5.15837432240042, 3.066692180509808, 2.5442831072818923, 1.5292929117732807, 2.514719000206583, 0.0, 5.080123215041147, 4.250475032275805, 6.43613308827591, 7.290282535677201, 6.886637209843422, 7.05829520776795, 2.7745042115664558, 2.7673105102246836, 3.4856554390817234, 2.131128987180269, 3.4727446580478674, 2.762371229577951, 2.7856838244854707, 1.0949954063830587, 1.0954231739378166, 1.094652227878791, 6.8322977555138795, 7.712222972010081, 8.166188401573894], [2.3285333023171475, 1.4052333507286254, 2.5097820104542943, 3.6045235704597633, 2.849068312624322, 4.271915459135398, 5.096115772821493, 5.311707071177778, 5.080123215041147, 0.0, 1.22092425645492, 1.389837447329723, 2.319037216173988, 2.917317874349657, 3.188456040154859, 2.4032469827298235, 4.58430002290426, 4.8417650707154305, 6.1160190450978815, 5.707620745985143, 6.206706689541564, 4.566828576813454, 5.309012750031779, 6.019439044462532, 4.3029994073901525, 2.0802104845423695, 2.8781428890866416, 3.1816562306446623], [3.5152450924508805, 2.3577508456153717, 3.0144367467240043, 4.224504677474035, 2.7650434155723485, 4.061444867285533, 4.558641794438339, 4.791032616252993, 4.250475032275805, 1.22092425645492, 0.0, 2.3098781894290443, 3.483468232954048, 4.034421477733828, 4.322806028495843, 1.9461391676856, 4.387907590184643, 4.835726427332299, 5.616410814746372, 5.395463848456405, 5.554494998647492, 4.0164615882639785, 4.527730117840505, 5.102502708475518, 3.3417110317919474, 2.581858102220182, 3.9406335442413316, 4.301425020850648], [2.3224663549769673, 2.2623059961022074, 3.609088830993219, 4.514380847912591, 4.193151843184313, 5.618817519727794, 6.482795495771867, 6.630191158631853, 6.43613308827591, 1.389837447329723, 2.3098781894290443, 0.0, 1.4355238416689566, 2.887879656426147, 3.225178167171544, 3.7922507577954283, 5.886439828113424, 6.11387219117312, 7.501631873799194, 6.977625454981085, 7.51119400228752, 5.822067150076508, 6.633499259817551, 7.351530095157062, 5.608879236532019, 1.0123805855507106, 2.0540820334154137, 2.087931976861315], [1.518833108014175, 2.3351569668868084, 3.6641083185408148, 4.241384931835355, 4.624484064195702, 6.0058534164596455, 7.0672448082686365, 7.161816634067085, 7.290282535677201, 2.319037216173988, 3.483468232954048, 1.4355238416689566, 0.0, 2.173905612026428, 2.1940906385106334, 4.5253449316046614, 6.2944876161606675, 6.266408295826246, 8.023449961830634, 7.302158941710322, 8.129304100598034, 6.415328571476289, 7.493210426112428, 8.257175492866796, 6.581896855010719, 2.18795866734269, 1.094797634268544, 1.0924977253980899], [1.0962603796543957, 2.0673744822842326, 2.7858864298459833, 2.85969316361039, 4.036073429708631, 5.130109459845862, 6.491131977552144, 6.937317616341347, 6.886637209843422, 2.917317874349657, 4.034421477733828, 2.887879656426147, 2.173905612026428, 0.0, 1.7800442410232393, 4.270275600005227, 5.146780824942908, 5.253995433953098, 7.261995234093726, 6.974300440904449, 7.996040063056213, 6.483456767034079, 6.864481361326579, 7.957121150893708, 6.451106743807608, 3.8577546033930146, 3.040764448292567, 2.394353534881597], [1.0942448446303048, 2.107259777531, 2.740869230736848, 2.734809976945382, 4.01813747524895, 5.136944182098926, 6.398821651679316, 6.471075824775969, 7.05829520776795, 3.188456040154859, 4.322806028495843, 3.225178167171544, 2.1940906385106334, 1.7800442410232393, 0.0, 4.412826089933752, 5.493466477553131, 5.025891598512647, 7.190767508409656, 6.309398001394428, 7.5325878348679085, 5.949649267814029, 7.29018950508147, 8.059976290908057, 6.624675504505862, 4.15662233309691, 2.394658190640159, 2.8259229165000237], [3.8674442904843507, 2.427003108774276, 2.0232553422640454, 3.1344180209410486, 1.017500668304449, 2.1276769233133117, 2.722939626580068, 3.2181868886066884, 2.7745042115664558, 2.4032469827298235, 1.9461391676856, 3.7922507577954283, 4.5253449316046614, 4.270275600005227, 4.412826089933752, 0.0, 2.5762641013684915, 2.9795763289434287, 3.744982315045026, 3.7832929492705163, 4.109032756014486, 2.763788897510083, 3.100275081343589, 3.7755639724417334, 2.229899383380335, 4.360928577722868, 4.9810818071981116, 5.423280862171901], [5.157616908999737, 4.003118700463427, 2.81973418250728, 3.013900046451442, 2.0579578348450194, 1.0963389667434063, 2.174883226750347, 3.4878447571530478, 2.7673105102246836, 4.58430002290426, 4.387907590184643, 5.886439828113424, 6.2944876161606675, 5.146780824942908, 5.493466477553131, 2.5762641013684915, 0.0, 1.7630169766624484, 2.477579363007369, 3.766128279812041, 4.32163273196601, 3.8474616398347625, 2.527420190629172, 3.7458575133072, 3.204503209547464, 6.62265267245686, 6.885227032567626, 7.046913079498001], [5.031111390140353, 3.9772354833476986, 2.634853001592309, 2.5487277787162754, 2.0751057924838436, 1.0965738324435796, 2.168169857275947, 2.7929662242855713, 3.4856554390817234, 4.8417650707154305, 4.835726427332299, 6.11387219117312, 6.266408295826246, 5.253995433953098, 5.025891598512647, 2.9795763289434287, 1.7630169766624484, 0.0, 2.4352326623959364, 2.563972741664778, 3.766157029386852, 3.2346270155923693, 3.7407232268640245, 4.310709181793641, 3.8830876142574997, 6.908825259043682, 6.619976012796422, 7.139115150353018], [7.011350031199413, 5.717495812853735, 4.564765910755995, 4.844517966733119, 3.4031265639114863, 2.133435072834418, 1.0979269784461987, 2.1347141471400803, 2.131128987180269, 6.1160190450978815, 5.616410814746372, 7.501631873799194, 8.023449961830634, 7.261995234093726, 7.190767508409656, 3.744982315045026, 2.477579363007369, 2.4352326623959364, 0.0, 2.4896342582797177, 2.455770203011674, 3.064403114800662, 2.4944658546470424, 2.4410316528058376, 3.0627075701085147, 8.094599729449257, 8.380883767837375, 8.932288668085015], [6.401084419065257, 5.219014589939369, 4.242312096015568, 4.567119865954911, 3.3176720347255544, 2.757656938417105, 2.173801580181595, 1.0950850697548569, 3.4727446580478674, 5.707620745985143, 5.395463848456405, 6.977625454981085, 7.302158941710322, 6.974300440904449, 6.309398001394428, 3.7832929492705163, 3.766128279812041, 2.563972741664778, 2.4896342582797177, 0.0, 1.7690910801877893, 1.7733511693965187, 4.319339444868856, 3.7721002385938793, 3.7900214590421517, 7.551071429936284, 7.339962443364407, 8.33734625705326], [7.424291150675598, 6.085041342505406, 5.264016448492539, 5.842997811055555, 4.0458874897851524, 3.488470458524767, 2.1717153726950498, 1.0953206197273928, 2.762371229577951, 6.206706689541564, 5.554494998647492, 7.51119400228752, 8.129304100598034, 7.996040063056213, 7.5325878348679085, 4.109032756014486, 4.32163273196601, 3.766157029386852, 2.455770203011674, 1.7690910801877893, 0.0, 1.7692095184008025, 3.7711002492641317, 2.5691631244434445, 3.11235782165226, 7.909680037144359, 8.206093395763908, 9.164200453940321], [5.81239044197824, 4.490987929175494, 3.882066806483371, 4.653350034115207, 2.7758322175520624, 2.8523751331127536, 2.1853541543649166, 1.0950661989121937, 2.7856838244854707, 4.566828576813454, 4.0164615882639785, 5.822067150076508, 6.415328571476289, 6.483456767034079, 5.949649267814029, 2.763788897510083, 3.8474616398347625, 3.2346270155923693, 3.064403114800662, 1.7733511693965187, 1.7692095184008025, 0.0, 3.7905417304126856, 3.148682956412093, 2.598186654187878, 6.2303656722539165, 6.4520534421221285, 7.467296450523442], [6.746638737919794, 5.378451971524892, 4.5974002088136725, 5.249364779666203, 3.3714331270247673, 2.757277445234701, 2.17439859041529, 3.4730006896054597, 1.0949954063830587, 5.309012750031779, 4.527730117840505, 6.633499259817551, 7.493210426112428, 6.864481361326579, 7.29018950508147, 3.100275081343589, 2.527420190629172, 3.7407232268640245, 2.4944658546470424, 4.319339444868856, 3.7711002492641317, 3.7905417304126856, 0.0, 1.7686973879100971, 1.7735154411507106, 7.06163887635158, 8.050967118924286, 8.273062004481774], [7.624285391431776, 6.187982690667453, 5.4530816874497665, 6.183217183635069, 4.087306479822623, 3.4911037481003055, 2.170463660142689, 2.773051968499689, 1.0954231739378166, 6.019439044462532, 5.102502708475518, 7.351530095157062, 8.257175492866796, 7.957121150893708, 8.059976290908057, 3.7755639724417334, 3.7458575133072, 4.310709181793641, 2.4410316528058376, 3.7721002385938793, 2.5691631244434445, 3.148682956412093, 1.7686973879100971, 0.0, 1.7670312532606776, 7.666852906506033, 8.619559226549812, 9.154395512539319], [6.079858922705362, 4.639404223604579, 4.153305563042527, 5.1011518512979, 2.8475343632693884, 2.874777447038292, 2.187955586843572, 2.7756172664832595, 1.094652227878791, 4.3029994073901525, 3.3417110317919474, 5.608879236532019, 6.581896855010719, 6.451106743807608, 6.624675504505862, 2.229899383380335, 3.204503209547464, 3.8830876142574997, 3.0627075701085147, 3.7900214590421517, 3.11235782165226, 2.598186654187878, 1.7735154411507106, 1.7670312532606776, 0.0, 5.905796816687821, 6.976118336869007, 7.460482293390957], [3.309947794150234, 3.200490104655848, 4.506223636261298, 5.47968405384836, 4.914127726260277, 6.33581223285539, 7.040829375151765, 7.116300831892929, 6.8322977555138795, 2.0802104845423695, 2.581858102220182, 1.0123805855507106, 2.18795866734269, 3.8577546033930146, 4.15662233309691, 4.360928577722868, 6.62265267245686, 6.908825259043682, 8.094599729449257, 7.551071429936284, 7.909680037144359, 6.2303656722539165, 7.06163887635158, 7.666852906506033, 5.905796816687821, 0.0, 2.528060191134697, 2.6071405198032576], [2.1725757639263126, 2.8943614321642697, 4.153001395376601, 4.718171060909089, 5.053392814733484, 6.441895978669634, 7.40368506353424, 7.272538646167512, 7.712222972010081, 2.8781428890866416, 3.9406335442413316, 2.0540820334154137, 1.094797634268544, 3.040764448292567, 2.394658190640159, 4.9810818071981116, 6.885227032567626, 6.619976012796422, 8.380883767837375, 7.339962443364407, 8.206093395763908, 6.4520534421221285, 8.050967118924286, 8.619559226549812, 6.976118336869007, 2.528060191134697, 0.0, 1.7880606868895697], [2.195753740745988, 3.2334023659297335, 4.51080433293221, 4.957606924716803, 5.5323587211965926, 6.875865177561294, 8.000399896255185, 8.189597852153668, 8.166188401573894, 3.1816562306446623, 4.301425020850648, 2.087931976861315, 1.0924977253980899, 2.394353534881597, 2.8259229165000237, 5.423280862171901, 7.046913079498001, 7.139115150353018, 8.932288668085015, 8.33734625705326, 9.164200453940321, 7.467296450523442, 8.273062004481774, 9.154395512539319, 7.460482293390957, 2.6071405198032576, 1.7880606868895697, 0.0]]}