{"total energy": -26.31945571, "HOMO-LUMO gap/eV": 11.97495281, "electronic energy": -26.69853541, "dipole": [-0.00095368, 0.00282396, -0.00071751], "partial charges": [-0.10071627, -0.01439118, -0.10118869, -0.02345702, -0.1012101, -0.01329006, -0.10235431, -0.10245058, 0.02848973, 0.03067433, 0.03439844, 0.03139297, 0.03283976, 0.02926547, 0.02986042, 0.02852417, 0.03078458, 0.03096841, 0.03453657, 0.02941146, 0.03240106, 0.0309671, 0.03098193, 0.03095709, 0.03128211, 0.03132263], "atomic dipole moments": [[0.04823173, 0.0630057, 0.05834671], [-0.03027102, 0.0475767, -0.07685318], [0.06147261, -0.07074338, -0.02577882], [-0.03753785, -0.06278874, -0.06115294], [0.02256539, -0.05011732, 0.08507925], [0.03879314, 0.06163567, 0.0682602], [-0.08167166, -0.04212477, 0.03615032], [-0.02156816, 0.05138147, -0.08037161], [-0.09854921, -0.04729031, 0.06046697], [0.06941005, -0.10040379, -0.02947116], [-0.04677674, 0.04771201, -0.1081496], [0.02673495, -0.0543278, 0.10626094], [-0.0628247, 0.05559277, -0.09460488], [0.05807341, 0.0892233, 0.06711536], [-0.08951184, -0.04535094, 0.07467952], [0.04783412, 0.08355384, 0.07624426], [-0.03616598, -0.07369289, -0.09704097], [0.09623162, 0.06907293, -0.04128429], [-0.08777641, 0.0895151, 0.01350136], [-0.03649774, -0.08134564, -0.08709231], [-0.0149817, 0.04735329, -0.11541284], [0.09177885, -0.08461342, -0.01556314], [0.04772237, 0.09082494, 0.07462443], [-0.09318456, -0.07546989, 0.03626512], [0.09500603, -0.07964535, -0.01955768], [0.03361709, 0.07237081, 0.0988161]], "atomic quadrupole moments": [[-0.02429505, 0.09300601, 0.0230264, 0.07386735, 0.1286469, 0.00126865], [0.06861935, 0.02837285, 0.06638471, -0.04130728, 0.11573086, -0.13500406], [0.0120614, -0.13448149, 0.07889929, -0.05722518, 0.06182355, -0.09096069], [0.01061922, -0.06820856, -0.01291626, -0.07904807, -0.11907084, 0.00229703], [-0.05190937, -0.04020852, -0.06123942, 0.04487568, -0.12008161, 0.11314879], [0.03510401, -0.04005423, -0.0082366, -0.06963576, -0.1407954, -0.02686741], [0.11192081, 0.10254905, -0.03140065, -0.08274527, -0.07108789, -0.08052016], [-0.06509541, -0.03856015, -0.04816802, 0.03778812, -0.13911798, 0.11326343], [0.02784777, 0.03494929, -0.03445947, -0.05431848, -0.01168281, 0.0066117], [0.0219984, -0.05875526, 0.01837213, -0.00911952, 0.0260903, -0.04037053], [-0.03946526, -0.00997551, -0.00039086, 0.03078136, -0.05157512, 0.03985612], [0.00217967, -0.01555853, -0.00704255, 0.01611355, -0.01979368, 0.00486288], [-0.02960162, -0.02405434, -0.02457505, 0.03338388, -0.0352867, 0.05417667], [0.00546918, 0.04071244, 0.01495513, 0.0351881, 0.0461987, -0.02042431], [0.01444291, 0.02875938, -0.00374569, -0.05183399, -0.038369, -0.01069722], [-0.01077093, 0.01831204, -0.00107722, 0.01084766, 0.01918467, 0.01184815], [-0.03982127, 0.02593218, 0.02748118, 0.0278597, 0.05058647, 0.01234009], [0.05880225, 0.04463088, -0.0286636, -0.01783382, -0.02029308, -0.03013865], [0.02616245, -0.06050827, -0.00525541, -0.03407953, 0.01608762, -0.02090704], [-0.00731229, 0.02017744, -0.00100465, 0.01525728, 0.01520918, 0.00831694], [-0.02024278, -0.00828221, -0.02778701, 0.03176302, -0.04904762, 0.04802979], [0.01006559, -0.05622487, 0.03787071, -0.01099843, -0.00480385, -0.0479363], [-0.02879162, 0.02712824, 0.01380886, 0.01394893, 0.06087463, 0.01498276], [0.05068679, 0.04982549, -0.01942569, -0.01693144, -0.02171378, -0.03126109], [0.02902709, -0.05739806, -0.00727086, -0.03432858, 0.0106638, -0.02175623], [-0.04276836, 0.01781259, 0.02251508, 0.02477849, 0.05395137, 0.02025328]], "number of molecular orbitals": 50, "number of electrons": 50, "number of unpaired electrons": 0, "orbital energies/eV": [-16.94059432, -16.62178231, -16.16420636, -15.82227626, -15.77930005, -15.43469121, -14.96345849, -14.49960598, -13.98448502, -13.65337887, -13.47769581, -13.33356217, -12.90395248, -12.82850448, -12.68366121, -12.46607235, -12.3929735, -12.20850698, -12.10212344, -11.8752676, -11.80254724, -11.59443772, -11.25400259, -11.11533151, -11.07855098, 0.89640183, 1.71479107, 2.28412116, 2.75976036, 2.90688423, 3.34677752, 3.56990252, 3.79321179, 3.88466074, 4.35847286, 4.85647676, 5.03674575, 5.33115519, 5.68209716, 5.93352781, 6.13929947, 6.21504051, 6.59927344, 6.76446514, 7.00030992, 7.21649729, 7.55636361, 7.89766312, 8.11672273, 8.24376239], "fractional occupation": [2.0, 2.0, 2.0, 2.0, 2.0, 2.0, 2.0, 2.0, 2.0, 2.0, 2.0, 2.0, 2.0, 2.0, 2.0, 2.0, 2.0, 2.0, 2.0, 2.0, 2.0, 2.0, 2.0, 2.0, 2.0, 0.0, 0.0, 0.0, 0.0, 0.0, 0.0, 0.0, 0.0, 0.0, 0.0, 0.0, 0.0, 0.0, 0.0, 0.0, 0.0, 0.0, 0.0, 0.0, 0.0, 0.0, 0.0, 0.0, 0.0, 0.0], "program call": "xtb /home/svss/Project-DBcg-Debug/aqme2_20220329/End-to-End-workflows-final/example-3/QDESCP/mol_122_rdkit_conf_1/mol_122_rdkit_conf_1.xyz --pop --wbo --acc 0.2 --gfn 2 --chrg 0 --uhf 0 --etemp 300 --input /home/svss/Project-DBcg-Debug/aqme2_20220329/End-to-End-workflows-final/example-3/QDESCP/mol_122_rdkit_conf_1/mol_122_rdkit_conf_1_xtb.inp", "method": "GFN2-xTB", "xtb version": "6.3.3 (7355c4f)", "Dipole module/D": 0.008, "Total charge": 0, "Transition dipole module/D": NaN, "HOMO": -11.0786, "LUMO": 0.8964, "HOMO occupancy": 2.0, "LUMO occupancy": 0, "mulliken charges": [-0.0914, -0.00655, -0.08986, -0.02085, -0.09119, -0.00583, -0.09027, -0.09123, 0.02835, 0.02866, 0.02767, 0.02125, 0.0276, 0.0283, 0.02863, 0.02103, 0.02707, 0.02887, 0.03025, 0.01971, 0.02861, 0.02894, 0.0271, 0.02858, 0.02934, 0.02721], "cm5 charges": [-0.24009, -0.07918, -0.23891, -0.08883, -0.24018, -0.0782, -0.23918, -0.24021, 0.07978, 0.08096, 0.08009, 0.0809, 0.07987, 0.07986, 0.07989, 0.08056, 0.0795, 0.08099, 0.08273, 0.07882, 0.0806, 0.08039, 0.07903, 0.08078, 0.08083, 0.07921], "FUKUI+": [0.026, -0.041, 0.011, -0.07, 0.03, -0.048, 0.015, 0.029, -0.055, -0.03, -0.038, -0.056, -0.051, -0.047, -0.084, -0.066, -0.043, -0.046, -0.047, -0.064, -0.049, -0.086, -0.051, -0.036, -0.061, -0.042], "FUKUI-": [0.024, -0.012, 0.02, -0.014, 0.017, -0.01, 0.015, 0.018, -0.065, -0.041, -0.06, -0.089, -0.062, -0.042, -0.069, -0.06, -0.044, -0.061, -0.052, -0.071, -0.058, -0.058, -0.058, -0.054, -0.061, -0.052], "FUKUIrad": [0.025, -0.027, 0.016, -0.042, 0.024, -0.029, 0.015, 0.024, -0.06, -0.036, -0.049, -0.073, -0.056, -0.045, -0.077, -0.063, -0.044, -0.053, -0.049, -0.067, -0.053, -0.072, -0.055, -0.045, -0.061, -0.047], "s proportion": [1.011, 1.058, 1.013, 1.068, 1.012, 1.058, 1.014, 1.013, 0.972, 0.971, 0.972, 0.979, 0.972, 0.972, 0.971, 0.979, 0.973, 0.971, 0.97, 0.98, 0.971, 0.971, 0.973, 0.971, 0.971, 0.973], "p proportion": [3.08, 2.949, 3.077, 2.953, 3.079, 2.947, 3.077, 3.078, 0.0, 0.0, 0.0, 0.0, 0.0, 0.0, 0.0, 0.0, 0.0, 0.0, 0.0, 0.0, 0.0, 0.0, 0.0, 0.0, 0.0, 0.0], "d proportion": [0.0, 0.0, 0.0, 0.0, 0.0, 0.0, 0.0, 0.0, 0.0, 0.0, 0.0, 0.0, 0.0, 0.0, 0.0, 0.0, 0.0, 0.0, 0.0, 0.0, 0.0, 0.0, 0.0, 0.0, 0.0, 0.0], "Fermi-level/eV": -5.0911, "Coordination numbers": [3.751, 3.845, 3.751, 3.843, 3.749, 3.845, 3.752, 3.752, 0.924, 0.924, 0.924, 0.924, 0.924, 0.924, 0.924, 0.923, 0.924, 0.924, 0.924, 0.924, 0.924, 0.924, 0.924, 0.924, 0.924, 0.924], "Dispersion coefficient C6": [22.486, 20.8, 22.495, 20.962, 22.499, 20.781, 22.516, 22.518, 2.608, 2.577, 2.525, 2.567, 2.547, 2.597, 2.589, 2.608, 2.575, 2.573, 2.523, 2.595, 2.553, 2.573, 2.573, 2.573, 2.568, 2.568], "Total dispersion C6": 4379.606264, "Total dispersion C8": 90695.704845, "Polarizability alpha": [6.762, 6.487, 6.764, 6.513, 6.765, 6.485, 6.767, 6.767, 2.526, 2.51, 2.485, 2.506, 2.496, 2.52, 2.516, 2.525, 2.51, 2.508, 2.484, 2.519, 2.499, 2.508, 2.508, 2.508, 2.506, 2.506], "Total polarizability alpha": 98.451085, "Wiberg matrix": [[0.0, 1.0106949879463223, 0.0, 0.0, 0.0, 0.0, 0.0, 0.0, 0.9862395234608048, 0.9842279803559744, 0.9854561652977075, 0.0, 0.0, 0.0, 0.0, 0.0, 0.0, 0.0, 0.0, 0.0, 0.0, 0.0, 0.0, 0.0, 0.0, 0.0], [1.0106949879463223, 0.0, 1.0075382588165605, 0.980690571852585, 0.0, 0.0, 0.0, 0.0, 0.0, 0.0, 0.0, 0.9659632559192851, 0.0, 0.0, 0.0, 0.0, 0.0, 0.0, 0.0, 0.0, 0.0, 0.0, 0.0, 0.0, 0.0, 0.0], [0.0, 1.0075382588165605, 0.0, 0.0, 0.0, 0.0, 0.0, 0.0, 0.0, 0.0, 0.0, 0.0, 0.9841413567203514, 0.9866577874800216, 0.9865208747020522, 0.0, 0.0, 0.0, 0.0, 0.0, 0.0, 0.0, 0.0, 0.0, 0.0, 0.0], [0.0, 0.980690571852585, 0.0, 0.0, 1.0098837828797644, 0.9807129800599015, 0.0, 0.0, 0.0, 0.0, 0.0, 0.0, 0.0, 0.0, 0.0, 0.9682222724772538, 0.0, 0.0, 0.0, 0.0, 0.0, 0.0, 0.0, 0.0, 0.0, 0.0], [0.0, 0.0, 0.0, 1.0098837828797644, 0.0, 0.0, 0.0, 0.0, 0.0, 0.0, 0.0, 0.0, 0.0, 0.0, 0.0, 0.0, 0.9862052453524117, 0.98378534808909, 0.9821896841876125, 0.0, 0.0, 0.0, 0.0, 0.0, 0.0, 0.0], [0.0, 0.0, 0.0, 0.9807129800599015, 0.0, 0.0, 1.0081712774755551, 1.009331234961892, 0.0, 0.0, 0.0, 0.0, 0.0, 0.0, 0.0, 0.0, 0.0, 0.0, 0.0, 0.9677780834578835, 0.0, 0.0, 0.0, 0.0, 0.0, 0.0], [0.0, 0.0, 0.0, 0.0, 0.0, 1.0081712774755551, 0.0, 0.0, 0.0, 0.0, 0.0, 0.0, 0.0, 0.0, 0.0, 0.0, 0.0, 0.0, 0.0, 0.0, 0.9846087667723042, 0.9852179202813633, 0.9872792219521637, 0.0, 0.0, 0.0], [0.0, 0.0, 0.0, 0.0, 0.0, 1.009331234961892, 0.0, 0.0, 0.0, 0.0, 0.0, 0.0, 0.0, 0.0, 0.0, 0.0, 0.0, 0.0, 0.0, 0.0, 0.0, 0.0, 0.0, 0.9839892104563326, 0.9849301013359153, 0.9872764978071853], [0.9862395234608048, 0.0, 0.0, 0.0, 0.0, 0.0, 0.0, 0.0, 0.0, 0.0, 0.0, 0.0, 0.0, 0.0, 0.0, 0.0, 0.0, 0.0, 0.0, 0.0, 0.0, 0.0, 0.0, 0.0, 0.0, 0.0], [0.9842279803559744, 0.0, 0.0, 0.0, 0.0, 0.0, 0.0, 0.0, 0.0, 0.0, 0.0, 0.0, 0.0, 0.0, 0.0, 0.0, 0.0, 0.0, 0.0, 0.0, 0.0, 0.0, 0.0, 0.0, 0.0, 0.0], [0.9854561652977075, 0.0, 0.0, 0.0, 0.0, 0.0, 0.0, 0.0, 0.0, 0.0, 0.0, 0.0, 0.0, 0.0, 0.0, 0.0, 0.0, 0.0, 0.0, 0.0, 0.0, 0.0, 0.0, 0.0, 0.0, 0.0], [0.0, 0.9659632559192851, 0.0, 0.0, 0.0, 0.0, 0.0, 0.0, 0.0, 0.0, 0.0, 0.0, 0.0, 0.0, 0.0, 0.0, 0.0, 0.0, 0.0, 0.0, 0.0, 0.0, 0.0, 0.0, 0.0, 0.0], [0.0, 0.0, 0.9841413567203514, 0.0, 0.0, 0.0, 0.0, 0.0, 0.0, 0.0, 0.0, 0.0, 0.0, 0.0, 0.0, 0.0, 0.0, 0.0, 0.0, 0.0, 0.0, 0.0, 0.0, 0.0, 0.0, 0.0], [0.0, 0.0, 0.9866577874800216, 0.0, 0.0, 0.0, 0.0, 0.0, 0.0, 0.0, 0.0, 0.0, 0.0, 0.0, 0.0, 0.0, 0.0, 0.0, 0.0, 0.0, 0.0, 0.0, 0.0, 0.0, 0.0, 0.0], [0.0, 0.0, 0.9865208747020522, 0.0, 0.0, 0.0, 0.0, 0.0, 0.0, 0.0, 0.0, 0.0, 0.0, 0.0, 0.0, 0.0, 0.0, 0.0, 0.0, 0.0, 0.0, 0.0, 0.0, 0.0, 0.0, 0.0], [0.0, 0.0, 0.0, 0.9682222724772538, 0.0, 0.0, 0.0, 0.0, 0.0, 0.0, 0.0, 0.0, 0.0, 0.0, 0.0, 0.0, 0.0, 0.0, 0.0, 0.0, 0.0, 0.0, 0.0, 0.0, 0.0, 0.0], [0.0, 0.0, 0.0, 0.0, 0.9862052453524117, 0.0, 0.0, 0.0, 0.0, 0.0, 0.0, 0.0, 0.0, 0.0, 0.0, 0.0, 0.0, 0.0, 0.0, 0.0, 0.0, 0.0, 0.0, 0.0, 0.0, 0.0], [0.0, 0.0, 0.0, 0.0, 0.98378534808909, 0.0, 0.0, 0.0, 0.0, 0.0, 0.0, 0.0, 0.0, 0.0, 0.0, 0.0, 0.0, 0.0, 0.0, 0.0, 0.0, 0.0, 0.0, 0.0, 0.0, 0.0], [0.0, 0.0, 0.0, 0.0, 0.9821896841876125, 0.0, 0.0, 0.0, 0.0, 0.0, 0.0, 0.0, 0.0, 0.0, 0.0, 0.0, 0.0, 0.0, 0.0, 0.0, 0.0, 0.0, 0.0, 0.0, 0.0, 0.0], [0.0, 0.0, 0.0, 0.0, 0.0, 0.9677780834578835, 0.0, 0.0, 0.0, 0.0, 0.0, 0.0, 0.0, 0.0, 0.0, 0.0, 0.0, 0.0, 0.0, 0.0, 0.0, 0.0, 0.0, 0.0, 0.0, 0.0], [0.0, 0.0, 0.0, 0.0, 0.0, 0.0, 0.9846087667723042, 0.0, 0.0, 0.0, 0.0, 0.0, 0.0, 0.0, 0.0, 0.0, 0.0, 0.0, 0.0, 0.0, 0.0, 0.0, 0.0, 0.0, 0.0, 0.0], [0.0, 0.0, 0.0, 0.0, 0.0, 0.0, 0.9852179202813633, 0.0, 0.0, 0.0, 0.0, 0.0, 0.0, 0.0, 0.0, 0.0, 0.0, 0.0, 0.0, 0.0, 0.0, 0.0, 0.0, 0.0, 0.0, 0.0], [0.0, 0.0, 0.0, 0.0, 0.0, 0.0, 0.9872792219521637, 0.0, 0.0, 0.0, 0.0, 0.0, 0.0, 0.0, 0.0, 0.0, 0.0, 0.0, 0.0, 0.0, 0.0, 0.0, 0.0, 0.0, 0.0, 0.0], [0.0, 0.0, 0.0, 0.0, 0.0, 0.0, 0.0, 0.9839892104563326, 0.0, 0.0, 0.0, 0.0, 0.0, 0.0, 0.0, 0.0, 0.0, 0.0, 0.0, 0.0, 0.0, 0.0, 0.0, 0.0, 0.0, 0.0], [0.0, 0.0, 0.0, 0.0, 0.0, 0.0, 0.0, 0.9849301013359153, 0.0, 0.0, 0.0, 0.0, 0.0, 0.0, 0.0, 0.0, 0.0, 0.0, 0.0, 0.0, 0.0, 0.0, 0.0, 0.0, 0.0, 0.0], [0.0, 0.0, 0.0, 0.0, 0.0, 0.0, 0.0, 0.9872764978071853, 0.0, 0.0, 0.0, 0.0, 0.0, 0.0, 0.0, 0.0, 0.0, 0.0, 0.0, 0.0, 0.0, 0.0, 0.0, 0.0, 0.0, 0.0]], "Born radii": [], "Atomic SASAs": [], "Solvent H bonds": [], "Total SASA": NaN, "Total FOD": 0.0, "FOD": [0.0, 0.0, 0.0, 0.0, 0.0, 0.0, 0.0, 0.0, 0.0, 0.0, 0.0, 0.0, 0.0, 0.0, 0.0, 0.0, 0.0, 0.0, 0.0, 0.0, 0.0, 0.0, 0.0, 0.0, 0.0, 0.0], "FOD s proportion": [0.0, 0.0, 0.0, 0.0, 0.0, 0.0, 0.0, 0.0, 0.0, 0.0, 0.0, 0.0, 0.0, 0.0, 0.0, 0.0, 0.0, 0.0, 0.0, 0.0, 0.0, 0.0, 0.0, 0.0, 0.0, 0.0], "FOD p proportion": [0.0, 0.0, 0.0, 0.0, 0.0, 0.0, 0.0, 0.0, 0.0, 0.0, 0.0, 0.0, 0.0, 0.0, 0.0, 0.0, 0.0, 0.0, 0.0, 0.0, 0.0, 0.0, 0.0, 0.0, 0.0, 0.0], "FOD d proportion": [0.0, 0.0, 0.0, 0.0, 0.0, 0.0, 0.0, 0.0, 0.0, 0.0, 0.0, 0.0, 0.0, 0.0, 0.0, 0.0, 0.0, 0.0, 0.0, 0.0, 0.0, 0.0, 0.0, 0.0, 0.0, 0.0], "coordinates": [["-1.90160", "-1.05980", "-0.17580"], ["-1.15000", "-0.03710", "0.68050"], ["-2.11620", "1.06970", "1.12360"], ["0.13290", "0.53410", "-0.00370"], ["-0.20030", "1.32420", "-1.28170"], ["1.22430", "-0.55020", "-0.28990"], ["2.51700", "0.06550", "-0.84630"], ["1.58200", "-1.37010", "0.95650"], ["-2.76420", "-1.45620", "0.37140"], ["-1.26630", "-1.91100", "-0.43620"], ["-2.27660", "-0.61500", "-1.10280"], ["-0.84480", "-0.54130", "1.60500"], ["-2.61800", "1.54430", "0.27500"], ["-1.59140", "1.84300", "1.69390"], ["-2.89730", "0.65480", "1.77060"], ["0.57120", "1.25190", "0.70470"], ["-0.51850", "0.66010", "-2.09150"], ["0.66700", "1.89120", "-1.63350"], ["-0.99030", "2.06080", "-1.11340"], ["0.84710", "-1.24570", "-1.05010"], ["2.36100", "0.50090", "-1.83750"], ["3.29650", "-0.69640", "-0.95840"], ["2.90190", "0.84620", "-0.18160"], ["0.74700", "-1.99950", "1.27740"], ["2.42100", "-2.04510", "0.75410"], ["1.86660", "-0.71930", "1.78990"]], "bond_dist": [[0.0, 1.5310347938567563, 2.503849789823663, 2.5902366436293036, 3.1306377145878765, 3.1692210052314116, 4.608676198215709, 3.6761200116427104, 1.0957369939908026, 1.0935975905240465, 1.0944409714552907, 2.134693685286018, 2.7382086133090735, 3.466734770645138, 2.778442839073714, 3.4977102481480653, 2.922486631278234, 4.1750444608411055, 3.3834458485396217, 2.890382498909098, 4.833920783380712, 5.269228210089215, 5.167831449457306, 3.1638439104987466, 4.529944906949752, 4.263712933582654], [1.5310347938567563, 0.0, 1.5345638761550462, 1.562124031567276, 2.570077162265756, 2.6157691526585447, 3.973478828432335, 3.052357941002333, 2.1714118126232993, 2.1845012680243516, 2.187088214956132, 1.0963872171819589, 2.1955136551613608, 2.1809606896961715, 2.172579321912091, 2.150496705414821, 2.9272622174994845, 3.517730218478955, 2.7649169445030353, 2.9058731441685475, 4.3539509643541, 4.784561834692912, 4.23572058922682, 2.7939062922725237, 4.097501917022126, 3.2857329106304425], [2.503849789823663, 1.5345638761550462, 0.0, 2.5721826257091465, 3.085597373281226, 3.9725304920163924, 5.133757482585247, 4.433647447643982, 2.7140154107889662, 3.4698528124403203, 2.7965691856272747, 2.107967011127072, 1.094152804684976, 1.0948287628665956, 1.095841329755362, 2.725948057098668, 3.6134866071427467, 4.002832109894193, 2.6933434649149373, 4.343638536987165, 5.397866846264365, 6.062273047298348, 5.1898773492251244, 4.2001853911464435, 5.515858331211925, 4.416692487597478], [2.5902366436293036, 1.562124031567276, 2.5721826257091465, 0.0, 1.539014051267889, 1.564854910207333, 2.571671349531273, 2.5783429736945394, 3.534852544307895, 2.8501457682020406, 2.88689138521005, 2.16801709864106, 2.943743966448169, 2.751049883226402, 3.513519748058917, 1.099624613220348, 2.190686376458301, 2.1870599580258423, 2.196320837218461, 2.184656183476018, 2.885888821489837, 3.5261802704910026, 2.7922062638709195, 2.904731481565895, 3.530146610269891, 2.791724952426367], [3.1306377145878765, 2.570077162265756, 3.085597373281226, 1.539014051267889, 0.0, 2.554706981240706, 3.0261556701531402, 3.9300617068946893, 4.127583673288768, 3.509664555196123, 2.846668849725939, 3.4969282792187775, 2.8839265229891002, 3.325433507078438, 4.127764606902869, 2.132187726256767, 1.0945574859275322, 1.0942858538791407, 1.0931625908345015, 2.7847928702149467, 2.747179320685128, 4.051537669823643, 3.3260109515754754, 4.300389725362109, 4.729469084368772, 4.228793494603396], [3.1692210052314116, 2.6157691526585447, 3.9725304920163924, 1.564854910207333, 2.554706981240706, 0.0, 1.5361447653134779, 1.5341767368852912, 4.143221686079566, 2.8418776697810197, 3.594621852156357, 2.805690651158819, 4.412404282247945, 4.194166802834622, 4.76290581578095, 2.15947520939695, 2.783512257921635, 2.8418793447294695, 3.521352923238453, 1.0972256513589171, 2.1890554721157707, 2.1822647708286915, 2.1854069666769163, 2.187399156532708, 2.1809981430528547, 2.1832801331940894], [4.608676198215709, 3.973478828432335, 5.133757482585247, 2.571671349531273, 3.0261556701531402, 1.5361447653134779, 0.0, 2.4870183352761996, 5.629337227418517, 4.288133993941887, 4.848450624684137, 4.204613795582182, 5.460072172599919, 5.146947915998373, 6.042357535763669, 2.7566798145595364, 3.334416358225229, 2.71576220056175, 4.043973020434236, 2.132919569510299, 1.0937945876626012, 1.0957546577587522, 1.0952016207073472, 3.450684959540642, 2.6504959007702698, 2.8263902136824632], [3.6761200116427104, 3.052357941002333, 4.433647447643982, 2.5783429736945394, 3.9300617068946893, 1.5341767368852912, 2.4870183352761996, 0.0, 4.386252347961754, 3.216364250205502, 4.438432883349708, 2.6451502660529513, 5.157341331538955, 4.575831938565926, 4.98268073530705, 2.821347883547862, 4.221861709009428, 4.263965606099561, 4.761542618731875, 2.140559957114026, 3.4516543859430655, 2.6571081931302687, 2.8194668485371484, 1.0937761059741615, 1.0956786755249002, 1.0950312141669751], [1.0957369939908026, 2.1714118126232993, 2.7140154107889662, 3.534852544307895, 4.127583673288768, 4.143221686079566, 5.629337227418517, 4.386252347961754, 0.0, 1.7614667780006528, 1.7659662624183963, 2.458232562228399, 3.0056060370580835, 3.742884813883537, 2.536098824967197, 4.309267647756403, 3.9481350774764534, 5.195944977576264, 4.209589202048105, 3.8867029974002385, 5.914148684299373, 6.251219766573561, 6.140972558968165, 3.666679196493743, 5.232548283580382, 4.898925647527221], [1.0935975905240465, 2.1845012680243516, 3.4698528124403203, 2.8501457682020406, 3.509664555196123, 2.8418776697810197, 4.288133993941887, 3.216364250205502, 1.7614667780006528, 0.0, 1.7733238987844269, 2.494040452759337, 3.7778295911806294, 4.328456078095283, 3.7567881068806637, 3.8317092100001533, 3.1479800094663877, 4.4303387026275995, 4.03856052077965, 2.2991208885136944, 4.575828732590415, 4.750483116484049, 5.004084755477269, 2.645304160205401, 3.8769805506347326, 4.023770931601351], [1.0944409714552907, 2.187088214956132, 2.7965691856272747, 2.88689138521005, 2.846668849725939, 3.594621852156357, 4.848450624684137, 4.438432883349708, 1.7659662624183963, 1.7733238987844269, 0.0, 3.0639294655719476, 2.5840788087827353, 3.785867658806895, 3.2022005074635786, 3.8551701259477515, 2.3862781292213193, 3.902238061676914, 2.9689367945444713, 3.187171390120086, 4.826214941338606, 5.575564628806665, 5.458990486344522, 4.0895414473996965, 5.249829461992075, 5.054176294907015], [2.134693685286018, 1.0963872171819589, 2.107967011127072, 2.16801709864106, 3.4969282792187775, 2.805690651158819, 4.204613795582182, 2.6451502660529513, 2.458232562228399, 2.494040452759337, 3.0639294655719476, 0.0, 3.043495621813838, 2.500040251675961, 2.3813514692291857, 2.45584248884166, 3.90050585180948, 4.323248517029757, 3.765872172551798, 3.226183655652604, 4.818105512543285, 4.872929433102843, 4.376626177776667, 2.1834596950711043, 3.6947117465372044, 2.7235201431236016], [2.7382086133090735, 2.1955136551613608, 1.094152804684976, 2.943743966448169, 2.8839265229891002, 4.412404282247945, 5.460072172599919, 5.157341331538955, 3.0056060370580835, 3.7778295911806294, 2.5840788087827353, 3.043495621813838, 0.0, 1.7766278338470327, 1.7623955571891345, 3.2312747469071708, 3.2848184333384394, 3.814962235723966, 2.2008712138605473, 4.6418647136684195, 5.508337390719635, 6.443859270654505, 5.5825731683516695, 4.9886420196281875, 6.2052276485234605, 5.246946171822235], [3.466734770645138, 2.1809606896961715, 1.0948287628665956, 2.751049883226402, 3.325433507078438, 4.194166802834622, 5.146947915998373, 4.575831938565926, 3.742884813883537, 4.328456078095283, 3.785867658806895, 2.500040251675961, 1.7766278338470327, 0.0, 1.767222945754157, 2.450460081290858, 4.108481468864135, 4.021726564549112, 2.8791824082541204, 4.79748746116131, 5.467493404659945, 6.113494422995739, 4.969995511064371, 4.517343584453147, 5.66567731255496, 4.304922913363258], [2.778442839073714, 2.172579321912091, 1.095841329755362, 3.513519748058917, 4.127764606902869, 4.76290581578095, 6.042357535763669, 4.98268073530705, 2.536098824967197, 3.7567881068806637, 3.2022005074635786, 2.3813514692291857, 1.7623955571891345, 1.767222945754157, 0.0, 3.6773854122188503, 4.535915997899432, 5.081418725119984, 3.7324175811396025, 5.058535371033793, 6.3790116562050585, 6.901908495481521, 6.121963691496381, 4.535358554734124, 6.05037578585, 4.958151521484594], [3.4977102481480653, 2.150496705414821, 2.725948057098668, 1.099624613220348, 2.132187726256767, 2.15947520939695, 2.7566798145595364, 2.821347883547862, 4.309267647756403, 3.8317092100001533, 3.8551701259477515, 2.45584248884166, 3.2312747469071708, 2.450460081290858, 3.6773854122188503, 0.0, 3.0588245732633963, 2.4259145430125932, 2.5294444192351806, 3.064873506362049, 3.198463049653692, 3.740191785189631, 2.5263180065067026, 3.3061295936487434, 3.780794810618529, 2.5964109150902908], [2.922486631278234, 2.9272622174994845, 3.6134866071427467, 2.190686376458301, 1.0945574859275322, 2.783512257921635, 3.334416358225229, 4.221861709009428, 3.9481350774764534, 3.1479800094663877, 2.3862781292213193, 3.90050585180948, 3.2848184333384394, 4.108481468864135, 4.535915997899432, 3.0588245732633963, 0.0, 1.7694014411659102, 1.7723530517365889, 2.565433873636193, 2.8950614656687343, 4.204549067379284, 3.9219239385791256, 4.474868670698616, 4.9047126980079065, 4.759906756439668], [4.1750444608411055, 3.517730218478955, 4.002832109894193, 2.1870599580258423, 1.0942858538791407, 2.8418793447294695, 2.71576220056175, 4.263965606099561, 5.195944977576264, 4.4303387026275995, 3.902238061676914, 4.323248517029757, 3.814962235723966, 4.021726564549112, 5.081418725119984, 2.4259145430125932, 1.7694014411659102, 0.0, 1.7452539815167305, 3.1957680109795197, 2.2009511784680735, 3.750427178335823, 2.8626590121773146, 4.859761856305306, 4.926622316557258, 4.4691630055302305], [3.3834458485396217, 2.7649169445030353, 2.6933434649149373, 2.196320837218461, 1.0931625908345015, 3.521352923238453, 4.043973020434236, 4.761542618731875, 4.209589202048105, 4.03856052077965, 2.9689367945444713, 3.765872172551798, 2.2008712138605473, 2.8791824082541204, 3.7324175811396025, 2.5294444192351806, 1.7723530517365889, 1.7452539815167305, 0.0, 3.7832509697348917, 3.7668050799052506, 5.099297116270045, 4.182430542160861, 5.021968938573794, 5.655346032737519, 4.931529631868798], [2.890382498909098, 2.9058731441685475, 4.343638536987165, 2.184656183476018, 2.7847928702149467, 1.0972256513589171, 2.132919569510299, 2.140559957114026, 3.8867029974002385, 2.2991208885136944, 3.187171390120086, 3.226183655652604, 4.6418647136684195, 4.79748746116131, 5.058535371033793, 3.064873506362049, 2.565433873636193, 3.1957680109795197, 3.7832509697348917, 0.0, 2.4418238122354365, 2.511911570895759, 3.0581924236385127, 2.4485691127676996, 2.5241511860425474, 3.063017664003915], [4.833920783380712, 4.3539509643541, 5.397866846264365, 2.885888821489837, 2.747179320685128, 2.1890554721157707, 1.0937945876626012, 3.4516543859430655, 5.914148684299373, 4.575828732590415, 4.826214941338606, 4.818105512543285, 5.508337390719635, 5.467493404659945, 6.3790116562050585, 3.198463049653692, 2.8950614656687343, 2.2009511784680735, 3.7668050799052506, 2.4418238122354365, 0.0, 1.7554214166404598, 1.775896874821283, 4.308085209231591, 3.6334703191301836, 3.8589312199105077], [5.269228210089215, 4.784561834692912, 6.062273047298348, 3.5261802704910026, 4.051537669823643, 2.1822647708286915, 1.0957546577587522, 2.6571081931302687, 6.251219766573561, 4.750483116484049, 5.575564628806665, 4.872929433102843, 6.443859270654505, 6.113494422995739, 6.901908495481521, 3.740191785189631, 4.204549067379284, 3.750427178335823, 5.099297116270045, 2.511911570895759, 1.7554214166404598, 0.0, 1.771649559026841, 3.6327429719152993, 2.349073900497811, 3.0981109260321844], [5.167831449457306, 4.23572058922682, 5.1898773492251244, 2.7922062638709195, 3.3260109515754754, 2.1854069666769163, 1.0952016207073472, 2.8194668485371484, 6.140972558968165, 5.004084755477269, 5.458990486344522, 4.376626177776667, 5.5825731683516695, 4.969995511064371, 6.121963691496381, 2.5263180065067026, 3.9219239385791256, 2.8626590121773146, 4.182430542160861, 3.0581924236385127, 1.775896874821283, 1.771649559026841, 0.0, 3.8562006560862465, 3.076753969689485, 2.7220302331164508], [3.1638439104987466, 2.7939062922725237, 4.2001853911464435, 2.904731481565895, 4.300389725362109, 2.187399156532708, 3.450684959540642, 1.0937761059741615, 3.666679196493743, 2.645304160205401, 4.0895414473996965, 2.1834596950711043, 4.9886420196281875, 4.517343584453147, 4.535358554734124, 3.3061295936487434, 4.474868670698616, 4.859761856305306, 5.021968938573794, 2.4485691127676996, 4.308085209231591, 3.6327429719152993, 3.8562006560862465, 0.0, 1.7544794812137303, 1.776252361011802], [4.529944906949752, 4.097501917022126, 5.515858331211925, 3.530146610269891, 4.729469084368772, 2.1809981430528547, 2.6504959007702698, 1.0956786755249002, 5.232548283580382, 3.8769805506347326, 5.249829461992075, 3.6947117465372044, 6.2052276485234605, 5.66567731255496, 6.05037578585, 3.780794810618529, 4.9047126980079065, 4.926622316557258, 5.655346032737519, 2.5241511860425474, 3.6334703191301836, 2.349073900497811, 3.076753969689485, 1.7544794812137303, 0.0, 1.7714363211812048], [4.263712933582654, 3.2857329106304425, 4.416692487597478, 2.791724952426367, 4.228793494603396, 2.1832801331940894, 2.8263902136824632, 1.0950312141669751, 4.898925647527221, 4.023770931601351, 5.054176294907015, 2.7235201431236016, 5.246946171822235, 4.304922913363258, 4.958151521484594, 2.5964109150902908, 4.759906756439668, 4.4691630055302305, 4.931529631868798, 3.063017664003915, 3.8589312199105077, 3.0981109260321844, 2.7220302331164508, 1.776252361011802, 1.7714363211812048, 0.0]]}