{"total energy": -45.3055591, "HOMO-LUMO gap/eV": 12.40666572, "electronic energy": -45.96354032, "dipole": [0.00218345, 0.00729131, 0.00313255], "partial charges": [-0.0995251, -0.05133638, -0.05699226, -0.056682, -0.05655321, -0.05720678, -0.05765575, -0.05762818, -0.0571723, -0.05708466, -0.05807103, -0.05830749, -0.0515936, -0.09986168, 0.03060882, 0.03020628, 0.03093266, 0.03220433, 0.02788495, 0.02748025, 0.03082267, 0.02701309, 0.02669016, 0.0297357, 0.0263813, 0.03249515, 0.02852812, 0.02724294, 0.02682487, 0.03067384, 0.02920238, 0.02852913, 0.02739765, 0.0286233, 0.02742448, 0.03058128, 0.02899101, 0.02920148, 0.02883469, 0.02807171, 0.02825345, 0.03200468, 0.03199043, 0.03083965], "atomic dipole moments": [[0.01832572, -0.09158476, -0.02951335], [-0.00187949, 0.03243725, 0.10876], [-0.00812134, -0.03565881, -0.10392871], [0.06582272, 0.07959751, -0.04006271], [0.0165051, 0.04412676, 0.09816186], [-0.01644381, -0.05507731, -0.09647978], [0.01796664, 0.05142647, 0.09162065], [-0.01761671, -0.05316247, -0.09591164], [0.01932504, 0.04605296, 0.09706062], [-0.07170581, 0.07950222, -0.02263862], [0.07382219, -0.08055749, 0.01598242], [-0.07231047, 0.0797029, -0.01538827], [0.0730676, -0.08102795, 0.01578202], [-0.09538421, -0.01629756, -0.02698829], [-0.10097015, 0.00497061, 0.07501485], [-0.02251255, 0.07318344, -0.09822549], [0.0980976, 0.04847837, 0.06207871], [0.09517531, 0.00622306, -0.07882157], [-0.09765603, -0.0384971, -0.0658818], [-0.09063956, 0.00432289, 0.08082342], [0.09755947, 0.03921953, 0.06663175], [0.01378801, -0.06698234, 0.10018402], [-0.10362039, -0.04297468, -0.04638362], [-0.02345229, 0.05145262, -0.11082087], [-0.00274767, -0.11880434, -0.02473122], [0.00629729, 0.12270261, 0.01744582], [0.02062261, -0.05130742, 0.11134932], [-0.02021486, 0.05084278, -0.11128607], [-0.00366779, -0.12242667, -0.01828347], [0.00068227, 0.12270189, 0.01816996], [0.01968642, -0.05113633, 0.11148327], [-0.01676509, 0.0539669, -0.1106155], [-0.00612048, -0.11894513, -0.02414622], [0.01939351, -0.06019809, 0.10690705], [0.07780318, -0.05197785, -0.07749284], [-0.0737881, 0.05154005, 0.08553976], [-0.02352216, 0.06013747, -0.10611844], [0.02393993, -0.06013155, 0.10599735], [0.07597497, -0.0501616, -0.08423204], [-0.07280086, 0.05181571, 0.08502096], [-0.02092272, 0.06155554, -0.10488942], [0.02646133, -0.05441606, 0.11042808], [0.08028981, -0.04437791, -0.08628968], [0.0210784, 0.1221111, 0.01204884]], "atomic quadrupole moments": [[-0.11492507, -0.06379754, 0.19010574, -0.01844953, 0.09297124, -0.07518067], [-0.21059141, -0.09986277, 0.19093049, 0.02563607, -0.03471718, 0.01966092], [-0.20235331, -0.06505879, 0.1970957, 0.02897192, -0.0627823, 0.00525761], [-0.03475487, -0.05934893, 0.0850514, -0.15345764, 0.10805541, -0.05029653], [0.21236047, 0.03788712, -0.1734928, -0.05779145, 0.07258011, -0.03886767], [0.21494224, 0.01230178, -0.18256573, -0.04915322, 0.10849456, -0.03237651], [0.22270152, 0.018375, -0.18112022, -0.04889545, 0.1053248, -0.0415813], [0.21686627, 0.02406744, -0.18170832, -0.04503543, 0.10634971, -0.03515795], [0.22169629, -0.00222893, -0.17733307, -0.03547998, 0.0871645, -0.04436322], [0.08461438, 0.10368809, 0.09624865, 0.10951326, 0.05383002, -0.18086303], [0.10604452, 0.09607115, 0.10770363, 0.09668946, 0.04193811, -0.21374815], [0.10179343, 0.10395093, 0.11203856, 0.09880737, 0.04827872, -0.21383199], [0.10991963, 0.10422864, 0.09609486, 0.09954641, 0.04572911, -0.20601448], [0.19835821, 0.05528508, -0.09576475, 0.09226767, 0.01676852, -0.10259346], [0.03280232, 0.00994625, -0.02853327, -0.06285823, 0.00081138, -0.00426905], [-0.05028996, -0.01637965, 0.0040814, 0.01712203, -0.04901297, 0.04620856], [0.04347483, 0.02174473, -0.02449419, 0.05040412, 0.02490208, -0.01898064], [0.03048979, -0.00697735, -0.01797524, -0.04214378, -0.00399249, -0.01251456], [0.02935064, 0.02426264, -0.00764525, 0.03498627, 0.00953615, -0.02170539], [0.02774021, -0.00734442, -0.01719506, -0.04623876, -0.00454009, -0.01054515], [0.04067353, 0.02294793, -0.01222463, 0.03234629, -0.00093732, -0.0284489], [-0.03616571, -0.02867765, -0.00281192, 0.01347311, -0.02799859, 0.03897763], [0.03967123, 0.00705034, -0.02901152, 0.03201434, 0.02919596, -0.01065971], [-0.01286015, -0.00680369, -0.00426041, 0.0101171, -0.04970385, 0.01712056], [-0.01610032, -0.00378595, 0.0575527, -0.00743656, 0.00851152, -0.04145238], [-0.01927748, -0.00328988, 0.05631158, -0.0044198, 0.00344042, -0.03703409], [-0.0193341, -0.00762875, -0.01053021, 0.00824223, -0.04220337, 0.02986431], [-0.01877997, -0.00764316, -0.01030308, 0.00889862, -0.04190044, 0.02908305], [-0.02022227, 0.00041531, 0.05697923, -0.00313898, 0.00147623, -0.03675696], [-0.01951262, 0.00428292, 0.05647339, -0.00317673, 0.00169599, -0.03696077], [-0.01844435, -0.00806162, -0.01067141, 0.00996473, -0.04249065, 0.02911576], [-0.01670565, -0.01179175, -0.00692887, 0.00369399, -0.04689728, 0.02363452], [-0.0115201, 0.00816667, 0.05706151, -0.00583251, 0.00793105, -0.04554142], [-0.03435443, 0.01051123, -0.01299236, 0.00784365, -0.02875839, 0.04734679], [0.01234518, -0.00415514, -0.01961892, -0.04136253, 0.02957552, 0.00727374], [0.00409911, -0.0076479, -0.02079642, -0.03871331, 0.02370903, 0.01669732], [-0.02801038, 0.00430828, -0.01503334, 0.01185849, -0.03204901, 0.04304371], [-0.02813933, 0.00415067, -0.01416238, 0.01095776, -0.03202947, 0.04230171], [0.00074518, -0.00859416, -0.02015051, -0.03782782, 0.02552871, 0.01940532], [0.00424456, -0.00633623, -0.02087443, -0.03869551, 0.02590085, 0.01662987], [-0.02681829, 0.00615564, -0.01511075, 0.01457089, -0.03107366, 0.04192904], [-0.0268447, -0.002382, -0.02157886, 0.01226321, -0.05581118, 0.04842356], [0.00485799, -0.02573675, -0.03144326, -0.0427064, 0.04107366, 0.02658527], [-0.027937, 0.01321703, 0.08021594, 0.00807248, 0.010513, -0.05227894]], "number of molecular orbitals": 86, "number of electrons": 86, "number of unpaired electrons": 0, "orbital energies/eV": [-16.93250048, -16.89638175, -16.80460165, -16.68021418, -16.51414913, -16.30177025, -16.03666635, -15.71134785, -15.42096459, -15.22607879, -15.10722935, -15.02326378, -14.89966207, -14.68863084, -14.12560928, -14.04346836, -13.93771659, -13.69349467, -13.59272781, -13.50632384, -13.34231116, -13.27659196, -13.20369247, -12.95219646, -12.8846512, -12.74262456, -12.56286169, -12.44757371, -12.30264505, -12.13762212, -12.09468613, -12.00477895, -11.87680844, -11.77494911, -11.69157295, -11.56674924, -11.4613813, -11.44389281, -11.38477762, -11.34818819, -11.22550129, -11.21299226, -11.10854284, 1.29812288, 1.77941216, 2.17712869, 2.61116784, 2.79574344, 2.87026523, 3.02954254, 3.07696085, 3.2251168, 3.49276314, 3.56885426, 3.72147533, 3.73408119, 3.86649926, 3.97850234, 4.18809198, 4.27637376, 4.44763289, 4.53690057, 4.67146865, 4.74312092, 4.82153094, 5.08396969, 5.18311467, 5.26626612, 5.57762411, 5.68975894, 6.0948654, 6.20280093, 6.41525772, 6.61949074, 6.81405547, 6.89577571, 7.03690219, 7.24728793, 7.39183247, 7.58170011, 7.75530098, 7.80496412, 7.98221054, 8.30391521, 8.50324658, 8.61182104], "fractional occupation": [2.0, 2.0, 2.0, 2.0, 2.0, 2.0, 2.0, 2.0, 2.0, 2.0, 2.0, 2.0, 2.0, 2.0, 2.0, 2.0, 2.0, 2.0, 2.0, 2.0, 2.0, 2.0, 2.0, 2.0, 2.0, 2.0, 2.0, 2.0, 2.0, 2.0, 2.0, 2.0, 2.0, 2.0, 2.0, 2.0, 2.0, 2.0, 2.0, 2.0, 2.0, 2.0, 2.0, 0.0, 0.0, 0.0, 0.0, 0.0, 0.0, 0.0, 0.0, 0.0, 0.0, 0.0, 0.0, 0.0, 0.0, 0.0, 0.0, 0.0, 0.0, 0.0, 0.0, 0.0, 0.0, 0.0, 0.0, 0.0, 0.0, 0.0, 0.0, 0.0, 0.0, 0.0, 0.0, 0.0, 0.0, 0.0, 0.0, 0.0, 0.0, 0.0, 0.0, 0.0, 0.0, 0.0], "program call": "xtb /home/svss/Project-DBcg-Debug/aqme2_20220329/End-to-End-workflows-final/example-3/QDESCP/mol_15_rdkit_conf_13/mol_15_rdkit_conf_13.xyz --pop --wbo --acc 0.2 --gfn 2 --chrg 0 --uhf 0 --etemp 300 --input /home/svss/Project-DBcg-Debug/aqme2_20220329/End-to-End-workflows-final/example-3/QDESCP/mol_15_rdkit_conf_13/mol_15_rdkit_conf_13_xtb.inp", "method": "GFN2-xTB", "xtb version": "6.3.3 (7355c4f)", "Dipole module/D": 0.021, "Total charge": 0, "Transition dipole module/D": NaN, "HOMO": -11.1085, "LUMO": 1.2981, "HOMO occupancy": 2.0, "LUMO occupancy": 0, "mulliken charges": [-0.08334, -0.03979, -0.04804, -0.04599, -0.04672, -0.0466, -0.04513, -0.04674, -0.04559, -0.04557, -0.04693, -0.04651, -0.03847, -0.08346, 0.0262, 0.0277, 0.02638, 0.02272, 0.02193, 0.02363, 0.02284, 0.02364, 0.02363, 0.02276, 0.0235, 0.0235, 0.02267, 0.02236, 0.02204, 0.02293, 0.02277, 0.02277, 0.02368, 0.02277, 0.02371, 0.02277, 0.0226, 0.02248, 0.02229, 0.02185, 0.02188, 0.02651, 0.02651, 0.02784], "cm5 charges": [-0.23377, -0.1525, -0.15869, -0.15643, -0.15743, -0.15755, -0.15603, -0.15764, -0.15616, -0.15613, -0.15779, -0.15723, -0.151, -0.23378, 0.07747, 0.07848, 0.07768, 0.07824, 0.07678, 0.07852, 0.07852, 0.07835, 0.07833, 0.07846, 0.07841, 0.07971, 0.07817, 0.07771, 0.07739, 0.07891, 0.07823, 0.07797, 0.07861, 0.07797, 0.07864, 0.07874, 0.07806, 0.07782, 0.07762, 0.07655, 0.0766, 0.0778, 0.0778, 0.07862], "FUKUI+": [0.006, -0.005, 0.0, -0.004, -0.01, -0.012, -0.013, -0.006, -0.016, -0.015, -0.007, -0.013, -0.01, 0.006, -0.021, -0.029, -0.013, -0.008, -0.021, -0.035, -0.015, -0.036, -0.044, -0.03, -0.034, -0.029, -0.033, -0.034, -0.035, -0.028, -0.034, -0.038, -0.042, -0.038, -0.043, -0.025, -0.032, -0.031, -0.032, -0.024, -0.027, -0.024, -0.025, -0.043], "FUKUI-": [0.014, 0.005, 0.007, 0.006, 0.002, 0.002, 0.003, 0.001, 0.003, 0.003, 0.004, 0.004, 0.003, 0.012, -0.039, -0.032, -0.025, -0.044, -0.045, -0.054, -0.044, -0.037, -0.046, -0.033, -0.036, -0.021, -0.029, -0.023, -0.029, -0.026, -0.025, -0.027, -0.041, -0.027, -0.039, -0.031, -0.029, -0.041, -0.047, -0.045, -0.043, -0.033, -0.037, -0.039], "FUKUIrad": [0.01, 0.0, 0.004, 0.001, -0.004, -0.005, -0.005, -0.003, -0.007, -0.006, -0.002, -0.005, -0.004, 0.009, -0.03, -0.031, -0.019, -0.026, -0.033, -0.044, -0.029, -0.037, -0.045, -0.032, -0.035, -0.025, -0.031, -0.029, -0.032, -0.027, -0.03, -0.032, -0.042, -0.032, -0.041, -0.028, -0.031, -0.036, -0.039, -0.034, -0.035, -0.028, -0.031, -0.041], "s proportion": [1.008, 1.026, 1.031, 1.032, 1.031, 1.032, 1.033, 1.032, 1.032, 1.032, 1.032, 1.032, 1.027, 1.007, 0.974, 0.972, 0.974, 0.977, 0.978, 0.976, 0.977, 0.976, 0.976, 0.977, 0.977, 0.976, 0.977, 0.978, 0.978, 0.977, 0.977, 0.977, 0.976, 0.977, 0.976, 0.977, 0.977, 0.978, 0.978, 0.978, 0.978, 0.973, 0.973, 0.972], "p proportion": [3.076, 3.014, 3.017, 3.014, 3.015, 3.015, 3.012, 3.015, 3.013, 3.013, 3.015, 3.014, 3.011, 3.076, 0.0, 0.0, 0.0, 0.0, 0.0, 0.0, 0.0, 0.0, 0.0, 0.0, 0.0, 0.0, 0.0, 0.0, 0.0, 0.0, 0.0, 0.0, 0.0, 0.0, 0.0, 0.0, 0.0, 0.0, 0.0, 0.0, 0.0, 0.0, 0.0, 0.0], "d proportion": [0.0, 0.0, 0.0, 0.0, 0.0, 0.0, 0.0, 0.0, 0.0, 0.0, 0.0, 0.0, 0.0, 0.0, 0.0, 0.0, 0.0, 0.0, 0.0, 0.0, 0.0, 0.0, 0.0, 0.0, 0.0, 0.0, 0.0, 0.0, 0.0, 0.0, 0.0, 0.0, 0.0, 0.0, 0.0, 0.0, 0.0, 0.0, 0.0, 0.0, 0.0, 0.0, 0.0, 0.0], "Fermi-level/eV": -4.9052, "Coordination numbers": [3.75, 3.799, 3.8, 3.799, 3.8, 3.801, 3.802, 3.801, 3.8, 3.8, 3.801, 3.802, 3.8, 3.75, 0.924, 0.924, 0.924, 0.924, 0.924, 0.924, 0.924, 0.924, 0.924, 0.924, 0.924, 0.924, 0.924, 0.924, 0.924, 0.924, 0.924, 0.924, 0.924, 0.924, 0.924, 0.924, 0.924, 0.924, 0.924, 0.924, 0.924, 0.924, 0.924, 0.924], "Dispersion coefficient C6": [22.464, 21.497, 21.6, 21.595, 21.592, 21.603, 21.61, 21.611, 21.603, 21.601, 21.619, 21.622, 21.501, 22.47, 2.578, 2.584, 2.573, 2.555, 2.617, 2.623, 2.575, 2.629, 2.634, 2.59, 2.639, 2.551, 2.608, 2.626, 2.632, 2.577, 2.598, 2.608, 2.624, 2.606, 2.624, 2.578, 2.601, 2.598, 2.603, 2.614, 2.612, 2.558, 2.558, 2.575], "Total dispersion C6": 12863.100447, "Total dispersion C8": 268566.649643, "Polarizability alpha": [6.759, 6.601, 6.617, 6.617, 6.616, 6.618, 6.618, 6.619, 6.618, 6.617, 6.62, 6.62, 6.602, 6.76, 2.511, 2.514, 2.509, 2.5, 2.53, 2.533, 2.509, 2.536, 2.538, 2.517, 2.54, 2.498, 2.525, 2.534, 2.537, 2.51, 2.521, 2.525, 2.533, 2.525, 2.533, 2.511, 2.522, 2.521, 2.523, 2.528, 2.527, 2.501, 2.501, 2.509], "Total polarizability alpha": 168.525267, "Wiberg matrix": [[0.0, 1.0197531036658416, 0.0, 0.0, 0.0, 0.0, 0.0, 0.0, 0.0, 0.0, 0.0, 0.0, 0.0, 0.0, 0.9876976064530856, 0.9875531587531476, 0.9878636650383581, 0.0, 0.0, 0.0, 0.0, 0.0, 0.0, 0.0, 0.0, 0.0, 0.0, 0.0, 0.0, 0.0, 0.0, 0.0, 0.0, 0.0, 0.0, 0.0, 0.0, 0.0, 0.0, 0.0, 0.0, 0.0, 0.0, 0.0], [1.0197531036658416, 0.0, 1.0088930692972462, 0.0, 0.0, 0.0, 0.0, 0.0, 0.0, 0.0, 0.0, 0.0, 0.0, 0.0, 0.0, 0.0, 0.0, 0.9762090515221158, 0.9780677406079384, 0.0, 0.0, 0.0, 0.0, 0.0, 0.0, 0.0, 0.0, 0.0, 0.0, 0.0, 0.0, 0.0, 0.0, 0.0, 0.0, 0.0, 0.0, 0.0, 0.0, 0.0, 0.0, 0.0, 0.0, 0.0], [0.0, 1.0088930692972462, 0.0, 1.0069502940364272, 0.0, 0.0, 0.0, 0.0, 0.0, 0.0, 0.0, 0.0, 0.0, 0.0, 0.0, 0.0, 0.0, 0.0, 0.0, 0.9765706766449321, 0.9756890776298089, 0.0, 0.0, 0.0, 0.0, 0.0, 0.0, 0.0, 0.0, 0.0, 0.0, 0.0, 0.0, 0.0, 0.0, 0.0, 0.0, 0.0, 0.0, 0.0, 0.0, 0.0, 0.0, 0.0], [0.0, 0.0, 1.0069502940364272, 0.0, 1.0066869325929928, 0.0, 0.0, 0.0, 0.0, 0.0, 0.0, 0.0, 0.0, 0.0, 0.0, 0.0, 0.0, 0.0, 0.0, 0.0, 0.0, 0.9775072886249216, 0.9774394065982837, 0.0, 0.0, 0.0, 0.0, 0.0, 0.0, 0.0, 0.0, 0.0, 0.0, 0.0, 0.0, 0.0, 0.0, 0.0, 0.0, 0.0, 0.0, 0.0, 0.0, 0.0], [0.0, 0.0, 0.0, 1.0066869325929928, 0.0, 1.0079650695083286, 0.0, 0.0, 0.0, 0.0, 0.0, 0.0, 0.0, 0.0, 0.0, 0.0, 0.0, 0.0, 0.0, 0.0, 0.0, 0.0, 0.0, 0.9758580966954782, 0.9766636150210494, 0.0, 0.0, 0.0, 0.0, 0.0, 0.0, 0.0, 0.0, 0.0, 0.0, 0.0, 0.0, 0.0, 0.0, 0.0, 0.0, 0.0, 0.0, 0.0], [0.0, 0.0, 0.0, 0.0, 1.0079650695083286, 0.0, 1.0066228885672892, 0.0, 0.0, 0.0, 0.0, 0.0, 0.0, 0.0, 0.0, 0.0, 0.0, 0.0, 0.0, 0.0, 0.0, 0.0, 0.0, 0.0, 0.0, 0.9753518082905515, 0.9773208075348015, 0.0, 0.0, 0.0, 0.0, 0.0, 0.0, 0.0, 0.0, 0.0, 0.0, 0.0, 0.0, 0.0, 0.0, 0.0, 0.0, 0.0], [0.0, 0.0, 0.0, 0.0, 0.0, 1.0066228885672892, 0.0, 1.006628144397375, 0.0, 0.0, 0.0, 0.0, 0.0, 0.0, 0.0, 0.0, 0.0, 0.0, 0.0, 0.0, 0.0, 0.0, 0.0, 0.0, 0.0, 0.0, 0.0, 0.9775896363626319, 0.9772174435620549, 0.0, 0.0, 0.0, 0.0, 0.0, 0.0, 0.0, 0.0, 0.0, 0.0, 0.0, 0.0, 0.0, 0.0, 0.0], [0.0, 0.0, 0.0, 0.0, 0.0, 0.0, 1.006628144397375, 0.0, 1.0078957880003572, 0.0, 0.0, 0.0, 0.0, 0.0, 0.0, 0.0, 0.0, 0.0, 0.0, 0.0, 0.0, 0.0, 0.0, 0.0, 0.0, 0.0, 0.0, 0.0, 0.0, 0.9754596247814546, 0.9772381426313038, 0.0, 0.0, 0.0, 0.0, 0.0, 0.0, 0.0, 0.0, 0.0, 0.0, 0.0, 0.0, 0.0], [0.0, 0.0, 0.0, 0.0, 0.0, 0.0, 0.0, 1.0078957880003572, 0.0, 1.0060484395282132, 0.0, 0.0, 0.0, 0.0, 0.0, 0.0, 0.0, 0.0, 0.0, 0.0, 0.0, 0.0, 0.0, 0.0, 0.0, 0.0, 0.0, 0.0, 0.0, 0.0, 0.0, 0.9773104138761383, 0.9769645917744948, 0.0, 0.0, 0.0, 0.0, 0.0, 0.0, 0.0, 0.0, 0.0, 0.0, 0.0], [0.0, 0.0, 0.0, 0.0, 0.0, 0.0, 0.0, 0.0, 1.0060484395282132, 0.0, 1.008013135645817, 0.0, 0.0, 0.0, 0.0, 0.0, 0.0, 0.0, 0.0, 0.0, 0.0, 0.0, 0.0, 0.0, 0.0, 0.0, 0.0, 0.0, 0.0, 0.0, 0.0, 0.0, 0.0, 0.9773138400659156, 0.9769645856594145, 0.0, 0.0, 0.0, 0.0, 0.0, 0.0, 0.0, 0.0, 0.0], [0.0, 0.0, 0.0, 0.0, 0.0, 0.0, 0.0, 0.0, 0.0, 1.008013135645817, 0.0, 1.0067891634076136, 0.0, 0.0, 0.0, 0.0, 0.0, 0.0, 0.0, 0.0, 0.0, 0.0, 0.0, 0.0, 0.0, 0.0, 0.0, 0.0, 0.0, 0.0, 0.0, 0.0, 0.0, 0.0, 0.0, 0.9755001743926928, 0.977247274285107, 0.0, 0.0, 0.0, 0.0, 0.0, 0.0, 0.0], [0.0, 0.0, 0.0, 0.0, 0.0, 0.0, 0.0, 0.0, 0.0, 0.0, 1.0067891634076136, 0.0, 1.0078131206033478, 0.0, 0.0, 0.0, 0.0, 0.0, 0.0, 0.0, 0.0, 0.0, 0.0, 0.0, 0.0, 0.0, 0.0, 0.0, 0.0, 0.0, 0.0, 0.0, 0.0, 0.0, 0.0, 0.0, 0.0, 0.9773701995634151, 0.9771728356190132, 0.0, 0.0, 0.0, 0.0, 0.0], [0.0, 0.0, 0.0, 0.0, 0.0, 0.0, 0.0, 0.0, 0.0, 0.0, 0.0, 1.0078131206033478, 0.0, 1.0200549679856923, 0.0, 0.0, 0.0, 0.0, 0.0, 0.0, 0.0, 0.0, 0.0, 0.0, 0.0, 0.0, 0.0, 0.0, 0.0, 0.0, 0.0, 0.0, 0.0, 0.0, 0.0, 0.0, 0.0, 0.0, 0.0, 0.9781038584180388, 0.9781260597909591, 0.0, 0.0, 0.0], [0.0, 0.0, 0.0, 0.0, 0.0, 0.0, 0.0, 0.0, 0.0, 0.0, 0.0, 0.0, 1.0200549679856923, 0.0, 0.0, 0.0, 0.0, 0.0, 0.0, 0.0, 0.0, 0.0, 0.0, 0.0, 0.0, 0.0, 0.0, 0.0, 0.0, 0.0, 0.0, 0.0, 0.0, 0.0, 0.0, 0.0, 0.0, 0.0, 0.0, 0.0, 0.0, 0.9877332341352019, 0.987735124029581, 0.9874277858746], [0.9876976064530856, 0.0, 0.0, 0.0, 0.0, 0.0, 0.0, 0.0, 0.0, 0.0, 0.0, 0.0, 0.0, 0.0, 0.0, 0.0, 0.0, 0.0, 0.0, 0.0, 0.0, 0.0, 0.0, 0.0, 0.0, 0.0, 0.0, 0.0, 0.0, 0.0, 0.0, 0.0, 0.0, 0.0, 0.0, 0.0, 0.0, 0.0, 0.0, 0.0, 0.0, 0.0, 0.0, 0.0], [0.9875531587531476, 0.0, 0.0, 0.0, 0.0, 0.0, 0.0, 0.0, 0.0, 0.0, 0.0, 0.0, 0.0, 0.0, 0.0, 0.0, 0.0, 0.0, 0.0, 0.0, 0.0, 0.0, 0.0, 0.0, 0.0, 0.0, 0.0, 0.0, 0.0, 0.0, 0.0, 0.0, 0.0, 0.0, 0.0, 0.0, 0.0, 0.0, 0.0, 0.0, 0.0, 0.0, 0.0, 0.0], [0.9878636650383581, 0.0, 0.0, 0.0, 0.0, 0.0, 0.0, 0.0, 0.0, 0.0, 0.0, 0.0, 0.0, 0.0, 0.0, 0.0, 0.0, 0.0, 0.0, 0.0, 0.0, 0.0, 0.0, 0.0, 0.0, 0.0, 0.0, 0.0, 0.0, 0.0, 0.0, 0.0, 0.0, 0.0, 0.0, 0.0, 0.0, 0.0, 0.0, 0.0, 0.0, 0.0, 0.0, 0.0], [0.0, 0.9762090515221158, 0.0, 0.0, 0.0, 0.0, 0.0, 0.0, 0.0, 0.0, 0.0, 0.0, 0.0, 0.0, 0.0, 0.0, 0.0, 0.0, 0.0, 0.0, 0.0, 0.0, 0.0, 0.0, 0.0, 0.0, 0.0, 0.0, 0.0, 0.0, 0.0, 0.0, 0.0, 0.0, 0.0, 0.0, 0.0, 0.0, 0.0, 0.0, 0.0, 0.0, 0.0, 0.0], [0.0, 0.9780677406079384, 0.0, 0.0, 0.0, 0.0, 0.0, 0.0, 0.0, 0.0, 0.0, 0.0, 0.0, 0.0, 0.0, 0.0, 0.0, 0.0, 0.0, 0.0, 0.0, 0.0, 0.0, 0.0, 0.0, 0.0, 0.0, 0.0, 0.0, 0.0, 0.0, 0.0, 0.0, 0.0, 0.0, 0.0, 0.0, 0.0, 0.0, 0.0, 0.0, 0.0, 0.0, 0.0], [0.0, 0.0, 0.9765706766449321, 0.0, 0.0, 0.0, 0.0, 0.0, 0.0, 0.0, 0.0, 0.0, 0.0, 0.0, 0.0, 0.0, 0.0, 0.0, 0.0, 0.0, 0.0, 0.0, 0.0, 0.0, 0.0, 0.0, 0.0, 0.0, 0.0, 0.0, 0.0, 0.0, 0.0, 0.0, 0.0, 0.0, 0.0, 0.0, 0.0, 0.0, 0.0, 0.0, 0.0, 0.0], [0.0, 0.0, 0.9756890776298089, 0.0, 0.0, 0.0, 0.0, 0.0, 0.0, 0.0, 0.0, 0.0, 0.0, 0.0, 0.0, 0.0, 0.0, 0.0, 0.0, 0.0, 0.0, 0.0, 0.0, 0.0, 0.0, 0.0, 0.0, 0.0, 0.0, 0.0, 0.0, 0.0, 0.0, 0.0, 0.0, 0.0, 0.0, 0.0, 0.0, 0.0, 0.0, 0.0, 0.0, 0.0], [0.0, 0.0, 0.0, 0.9775072886249216, 0.0, 0.0, 0.0, 0.0, 0.0, 0.0, 0.0, 0.0, 0.0, 0.0, 0.0, 0.0, 0.0, 0.0, 0.0, 0.0, 0.0, 0.0, 0.0, 0.0, 0.0, 0.0, 0.0, 0.0, 0.0, 0.0, 0.0, 0.0, 0.0, 0.0, 0.0, 0.0, 0.0, 0.0, 0.0, 0.0, 0.0, 0.0, 0.0, 0.0], [0.0, 0.0, 0.0, 0.9774394065982837, 0.0, 0.0, 0.0, 0.0, 0.0, 0.0, 0.0, 0.0, 0.0, 0.0, 0.0, 0.0, 0.0, 0.0, 0.0, 0.0, 0.0, 0.0, 0.0, 0.0, 0.0, 0.0, 0.0, 0.0, 0.0, 0.0, 0.0, 0.0, 0.0, 0.0, 0.0, 0.0, 0.0, 0.0, 0.0, 0.0, 0.0, 0.0, 0.0, 0.0], [0.0, 0.0, 0.0, 0.0, 0.9758580966954782, 0.0, 0.0, 0.0, 0.0, 0.0, 0.0, 0.0, 0.0, 0.0, 0.0, 0.0, 0.0, 0.0, 0.0, 0.0, 0.0, 0.0, 0.0, 0.0, 0.0, 0.0, 0.0, 0.0, 0.0, 0.0, 0.0, 0.0, 0.0, 0.0, 0.0, 0.0, 0.0, 0.0, 0.0, 0.0, 0.0, 0.0, 0.0, 0.0], [0.0, 0.0, 0.0, 0.0, 0.9766636150210494, 0.0, 0.0, 0.0, 0.0, 0.0, 0.0, 0.0, 0.0, 0.0, 0.0, 0.0, 0.0, 0.0, 0.0, 0.0, 0.0, 0.0, 0.0, 0.0, 0.0, 0.0, 0.0, 0.0, 0.0, 0.0, 0.0, 0.0, 0.0, 0.0, 0.0, 0.0, 0.0, 0.0, 0.0, 0.0, 0.0, 0.0, 0.0, 0.0], [0.0, 0.0, 0.0, 0.0, 0.0, 0.9753518082905515, 0.0, 0.0, 0.0, 0.0, 0.0, 0.0, 0.0, 0.0, 0.0, 0.0, 0.0, 0.0, 0.0, 0.0, 0.0, 0.0, 0.0, 0.0, 0.0, 0.0, 0.0, 0.0, 0.0, 0.0, 0.0, 0.0, 0.0, 0.0, 0.0, 0.0, 0.0, 0.0, 0.0, 0.0, 0.0, 0.0, 0.0, 0.0], [0.0, 0.0, 0.0, 0.0, 0.0, 0.9773208075348015, 0.0, 0.0, 0.0, 0.0, 0.0, 0.0, 0.0, 0.0, 0.0, 0.0, 0.0, 0.0, 0.0, 0.0, 0.0, 0.0, 0.0, 0.0, 0.0, 0.0, 0.0, 0.0, 0.0, 0.0, 0.0, 0.0, 0.0, 0.0, 0.0, 0.0, 0.0, 0.0, 0.0, 0.0, 0.0, 0.0, 0.0, 0.0], [0.0, 0.0, 0.0, 0.0, 0.0, 0.0, 0.9775896363626319, 0.0, 0.0, 0.0, 0.0, 0.0, 0.0, 0.0, 0.0, 0.0, 0.0, 0.0, 0.0, 0.0, 0.0, 0.0, 0.0, 0.0, 0.0, 0.0, 0.0, 0.0, 0.0, 0.0, 0.0, 0.0, 0.0, 0.0, 0.0, 0.0, 0.0, 0.0, 0.0, 0.0, 0.0, 0.0, 0.0, 0.0], [0.0, 0.0, 0.0, 0.0, 0.0, 0.0, 0.9772174435620549, 0.0, 0.0, 0.0, 0.0, 0.0, 0.0, 0.0, 0.0, 0.0, 0.0, 0.0, 0.0, 0.0, 0.0, 0.0, 0.0, 0.0, 0.0, 0.0, 0.0, 0.0, 0.0, 0.0, 0.0, 0.0, 0.0, 0.0, 0.0, 0.0, 0.0, 0.0, 0.0, 0.0, 0.0, 0.0, 0.0, 0.0], [0.0, 0.0, 0.0, 0.0, 0.0, 0.0, 0.0, 0.9754596247814546, 0.0, 0.0, 0.0, 0.0, 0.0, 0.0, 0.0, 0.0, 0.0, 0.0, 0.0, 0.0, 0.0, 0.0, 0.0, 0.0, 0.0, 0.0, 0.0, 0.0, 0.0, 0.0, 0.0, 0.0, 0.0, 0.0, 0.0, 0.0, 0.0, 0.0, 0.0, 0.0, 0.0, 0.0, 0.0, 0.0], [0.0, 0.0, 0.0, 0.0, 0.0, 0.0, 0.0, 0.9772381426313038, 0.0, 0.0, 0.0, 0.0, 0.0, 0.0, 0.0, 0.0, 0.0, 0.0, 0.0, 0.0, 0.0, 0.0, 0.0, 0.0, 0.0, 0.0, 0.0, 0.0, 0.0, 0.0, 0.0, 0.0, 0.0, 0.0, 0.0, 0.0, 0.0, 0.0, 0.0, 0.0, 0.0, 0.0, 0.0, 0.0], [0.0, 0.0, 0.0, 0.0, 0.0, 0.0, 0.0, 0.0, 0.9773104138761383, 0.0, 0.0, 0.0, 0.0, 0.0, 0.0, 0.0, 0.0, 0.0, 0.0, 0.0, 0.0, 0.0, 0.0, 0.0, 0.0, 0.0, 0.0, 0.0, 0.0, 0.0, 0.0, 0.0, 0.0, 0.0, 0.0, 0.0, 0.0, 0.0, 0.0, 0.0, 0.0, 0.0, 0.0, 0.0], [0.0, 0.0, 0.0, 0.0, 0.0, 0.0, 0.0, 0.0, 0.9769645917744948, 0.0, 0.0, 0.0, 0.0, 0.0, 0.0, 0.0, 0.0, 0.0, 0.0, 0.0, 0.0, 0.0, 0.0, 0.0, 0.0, 0.0, 0.0, 0.0, 0.0, 0.0, 0.0, 0.0, 0.0, 0.0, 0.0, 0.0, 0.0, 0.0, 0.0, 0.0, 0.0, 0.0, 0.0, 0.0], [0.0, 0.0, 0.0, 0.0, 0.0, 0.0, 0.0, 0.0, 0.0, 0.9773138400659156, 0.0, 0.0, 0.0, 0.0, 0.0, 0.0, 0.0, 0.0, 0.0, 0.0, 0.0, 0.0, 0.0, 0.0, 0.0, 0.0, 0.0, 0.0, 0.0, 0.0, 0.0, 0.0, 0.0, 0.0, 0.0, 0.0, 0.0, 0.0, 0.0, 0.0, 0.0, 0.0, 0.0, 0.0], [0.0, 0.0, 0.0, 0.0, 0.0, 0.0, 0.0, 0.0, 0.0, 0.9769645856594145, 0.0, 0.0, 0.0, 0.0, 0.0, 0.0, 0.0, 0.0, 0.0, 0.0, 0.0, 0.0, 0.0, 0.0, 0.0, 0.0, 0.0, 0.0, 0.0, 0.0, 0.0, 0.0, 0.0, 0.0, 0.0, 0.0, 0.0, 0.0, 0.0, 0.0, 0.0, 0.0, 0.0, 0.0], [0.0, 0.0, 0.0, 0.0, 0.0, 0.0, 0.0, 0.0, 0.0, 0.0, 0.9755001743926928, 0.0, 0.0, 0.0, 0.0, 0.0, 0.0, 0.0, 0.0, 0.0, 0.0, 0.0, 0.0, 0.0, 0.0, 0.0, 0.0, 0.0, 0.0, 0.0, 0.0, 0.0, 0.0, 0.0, 0.0, 0.0, 0.0, 0.0, 0.0, 0.0, 0.0, 0.0, 0.0, 0.0], [0.0, 0.0, 0.0, 0.0, 0.0, 0.0, 0.0, 0.0, 0.0, 0.0, 0.977247274285107, 0.0, 0.0, 0.0, 0.0, 0.0, 0.0, 0.0, 0.0, 0.0, 0.0, 0.0, 0.0, 0.0, 0.0, 0.0, 0.0, 0.0, 0.0, 0.0, 0.0, 0.0, 0.0, 0.0, 0.0, 0.0, 0.0, 0.0, 0.0, 0.0, 0.0, 0.0, 0.0, 0.0], [0.0, 0.0, 0.0, 0.0, 0.0, 0.0, 0.0, 0.0, 0.0, 0.0, 0.0, 0.9773701995634151, 0.0, 0.0, 0.0, 0.0, 0.0, 0.0, 0.0, 0.0, 0.0, 0.0, 0.0, 0.0, 0.0, 0.0, 0.0, 0.0, 0.0, 0.0, 0.0, 0.0, 0.0, 0.0, 0.0, 0.0, 0.0, 0.0, 0.0, 0.0, 0.0, 0.0, 0.0, 0.0], [0.0, 0.0, 0.0, 0.0, 0.0, 0.0, 0.0, 0.0, 0.0, 0.0, 0.0, 0.9771728356190132, 0.0, 0.0, 0.0, 0.0, 0.0, 0.0, 0.0, 0.0, 0.0, 0.0, 0.0, 0.0, 0.0, 0.0, 0.0, 0.0, 0.0, 0.0, 0.0, 0.0, 0.0, 0.0, 0.0, 0.0, 0.0, 0.0, 0.0, 0.0, 0.0, 0.0, 0.0, 0.0], [0.0, 0.0, 0.0, 0.0, 0.0, 0.0, 0.0, 0.0, 0.0, 0.0, 0.0, 0.0, 0.9781038584180388, 0.0, 0.0, 0.0, 0.0, 0.0, 0.0, 0.0, 0.0, 0.0, 0.0, 0.0, 0.0, 0.0, 0.0, 0.0, 0.0, 0.0, 0.0, 0.0, 0.0, 0.0, 0.0, 0.0, 0.0, 0.0, 0.0, 0.0, 0.0, 0.0, 0.0, 0.0], [0.0, 0.0, 0.0, 0.0, 0.0, 0.0, 0.0, 0.0, 0.0, 0.0, 0.0, 0.0, 0.9781260597909591, 0.0, 0.0, 0.0, 0.0, 0.0, 0.0, 0.0, 0.0, 0.0, 0.0, 0.0, 0.0, 0.0, 0.0, 0.0, 0.0, 0.0, 0.0, 0.0, 0.0, 0.0, 0.0, 0.0, 0.0, 0.0, 0.0, 0.0, 0.0, 0.0, 0.0, 0.0], [0.0, 0.0, 0.0, 0.0, 0.0, 0.0, 0.0, 0.0, 0.0, 0.0, 0.0, 0.0, 0.0, 0.9877332341352019, 0.0, 0.0, 0.0, 0.0, 0.0, 0.0, 0.0, 0.0, 0.0, 0.0, 0.0, 0.0, 0.0, 0.0, 0.0, 0.0, 0.0, 0.0, 0.0, 0.0, 0.0, 0.0, 0.0, 0.0, 0.0, 0.0, 0.0, 0.0, 0.0, 0.0], [0.0, 0.0, 0.0, 0.0, 0.0, 0.0, 0.0, 0.0, 0.0, 0.0, 0.0, 0.0, 0.0, 0.987735124029581, 0.0, 0.0, 0.0, 0.0, 0.0, 0.0, 0.0, 0.0, 0.0, 0.0, 0.0, 0.0, 0.0, 0.0, 0.0, 0.0, 0.0, 0.0, 0.0, 0.0, 0.0, 0.0, 0.0, 0.0, 0.0, 0.0, 0.0, 0.0, 0.0, 0.0], [0.0, 0.0, 0.0, 0.0, 0.0, 0.0, 0.0, 0.0, 0.0, 0.0, 0.0, 0.0, 0.0, 0.9874277858746, 0.0, 0.0, 0.0, 0.0, 0.0, 0.0, 0.0, 0.0, 0.0, 0.0, 0.0, 0.0, 0.0, 0.0, 0.0, 0.0, 0.0, 0.0, 0.0, 0.0, 0.0, 0.0, 0.0, 0.0, 0.0, 0.0, 0.0, 0.0, 0.0, 0.0]], "Born radii": [], "Atomic SASAs": [], "Solvent H bonds": [], "Total SASA": NaN, "Total FOD": 0.0, "FOD": [0.0, 0.0, 0.0, 0.0, 0.0, 0.0, 0.0, 0.0, 0.0, 0.0, 0.0, 0.0, 0.0, 0.0, 0.0, 0.0, 0.0, 0.0, 0.0, 0.0, 0.0, 0.0, 0.0, 0.0, 0.0, 0.0, 0.0, 0.0, 0.0, 0.0, 0.0, 0.0, 0.0, 0.0, 0.0, 0.0, 0.0, 0.0, 0.0, 0.0, 0.0, 0.0, 0.0, 0.0], "FOD s proportion": [0.0, 0.0, 0.0, 0.0, 0.0, 0.0, 0.0, 0.0, 0.0, 0.0, 0.0, 0.0, 0.0, 0.0, 0.0, 0.0, 0.0, 0.0, 0.0, 0.0, 0.0, 0.0, 0.0, 0.0, 0.0, 0.0, 0.0, 0.0, 0.0, 0.0, 0.0, 0.0, 0.0, 0.0, 0.0, 0.0, 0.0, 0.0, 0.0, 0.0, 0.0, 0.0, 0.0, 0.0], "FOD p proportion": [0.0, 0.0, 0.0, 0.0, 0.0, 0.0, 0.0, 0.0, 0.0, 0.0, 0.0, 0.0, 0.0, 0.0, 0.0, 0.0, 0.0, 0.0, 0.0, 0.0, 0.0, 0.0, 0.0, 0.0, 0.0, 0.0, 0.0, 0.0, 0.0, 0.0, 0.0, 0.0, 0.0, 0.0, 0.0, 0.0, 0.0, 0.0, 0.0, 0.0, 0.0, 0.0, 0.0, 0.0], "FOD d proportion": [0.0, 0.0, 0.0, 0.0, 0.0, 0.0, 0.0, 0.0, 0.0, 0.0, 0.0, 0.0, 0.0, 0.0, 0.0, 0.0, 0.0, 0.0, 0.0, 0.0, 0.0, 0.0, 0.0, 0.0, 0.0, 0.0, 0.0, 0.0, 0.0, 0.0, 0.0, 0.0, 0.0, 0.0, 0.0, 0.0, 0.0, 0.0, 0.0, 0.0, 0.0, 0.0, 0.0, 0.0], "coordinates": [["-5.21570", "2.50990", "0.39760"], ["-4.93600", "1.09090", "-0.07370"], ["-4.64980", "0.15890", "1.10380"], ["-4.47560", "-1.30660", "0.69370"], ["-3.34000", "-1.59390", "-0.29320"], ["-1.96070", "-1.18860", "0.23010"], ["-0.85500", "-1.60370", "-0.74330"], ["0.52560", "-1.19460", "-0.22450"], ["1.62870", "-1.60720", "-1.20160"], ["3.04070", "-1.32450", "-0.68070"], ["3.34490", "0.16720", "-0.52540"], ["4.80150", "0.39550", "-0.11480"], ["5.10730", "1.88460", "0.04490"], ["6.55370", "2.11570", "0.45230"], ["-6.08940", "2.53990", "1.05660"], ["-5.41450", "3.16140", "-0.45910"], ["-4.35880", "2.91770", "0.94330"], ["-4.08170", "1.11270", "-0.75870"], ["-5.79990", "0.72310", "-0.63920"], ["-5.48410", "0.21380", "1.81480"], ["-3.76300", "0.50590", "1.64650"], ["-4.31530", "-1.90250", "1.60090"], ["-5.41470", "-1.66480", "0.25350"], ["-3.53690", "-1.09500", "-1.24900"], ["-3.34050", "-2.67090", "-0.50430"], ["-1.91870", "-0.10350", "0.37650"], ["-1.78530", "-1.65670", "1.20610"], ["-1.03260", "-1.13860", "-1.72070"], ["-0.88470", "-2.69000", "-0.89130"], ["0.54360", "-0.10960", "-0.07370"], ["0.70430", "-1.66250", "0.75110"], ["1.48240", "-1.09830", "-2.16220"], ["1.54740", "-2.68330", "-1.39930"], ["3.18760", "-1.83460", "0.27920"], ["3.75810", "-1.76450", "-1.38460"], ["2.68700", "0.60820", "0.23160"], ["3.14530", "0.68380", "-1.47190"], ["5.00250", "-0.12450", "0.82980"], ["5.46880", "-0.03700", "-0.87030"], ["4.44630", "2.32150", "0.80250"], ["4.91120", "2.40830", "-0.89790"], ["6.77400", "1.63110", "1.40890"], ["7.24170", "1.71860", "-0.30090"], ["6.75030", "3.18690", "0.56100"]], "bond_dist": [[0.0, 1.5211563956411585, 2.5191590362658727, 3.898858226455535, 4.56471571623031, 4.929704200050952, 6.102381687505297, 6.8609659924824, 8.145782001134084, 9.166978521301335, 8.923230617326888, 10.25073348400006, 10.347933435232372, 11.776126786426852, 1.0947751778333308, 1.0944901004577428, 1.0946994747418128, 2.1389608528442032, 2.146834441683848, 2.711562208395743, 2.772382459185601, 4.66132221692515, 4.181923708055899, 4.304063778570201, 5.583053581150731, 4.207197852490419, 5.457276973912905, 5.941133961627191, 6.888961040679501, 6.344559908299392, 7.251226379723639, 8.027217879813653, 8.714223858726605, 9.460663280129992, 10.098307711691104, 8.129986849927864, 8.759908244953255, 10.561177559344411, 11.05679927781996, 9.672315264196055, 10.209933712811264, 12.0643243996504, 12.502034742392935, 11.986249812180624], [1.5211563956411585, 0.0, 1.5287382673302843, 2.559077406019599, 3.1310616873514325, 3.7604288026766306, 4.93596944074819, 5.9224425239929515, 7.186597811899592, 8.356455531503773, 8.344492758100996, 9.762385805734171, 10.075311436377538, 11.547298261065226, 2.1696798496552434, 2.159737405334269, 2.1690198431549677, 1.095229989545575, 1.09607951353905, 2.1531721412836458, 2.16269323760907, 3.4856846113783733, 2.8160426168650217, 2.8490296084807545, 4.108792505104146, 3.276182334669424, 4.371968011090658, 4.7874639225794695, 5.601491431752797, 5.609564725537981, 6.3304415872828335, 7.095793644829309, 7.618154406416294, 8.641525653494295, 9.244411435023867, 7.644366316445071, 8.211461705445627, 10.053222948885598, 10.496027487101966, 9.503139275523642, 9.969061953865069, 11.81583762583085, 12.195983126423222, 11.8897295082773], [2.5191590362658727, 1.5287382673302843, 0.0, 1.531736889939, 2.596053327649492, 3.1321504992576585, 4.573734164771713, 5.511906049634736, 6.917625359904944, 8.032976164535782, 8.159018912835048, 9.532472775203715, 9.964954094726178, 11.391748361862634, 2.78277505379073, 3.4702202739883816, 2.778744085013947, 2.1682661967572154, 2.163122892948988, 1.0975388375816137, 1.0960595467400485, 2.146711117034614, 2.1526643468037463, 2.889027424584267, 3.508278800209584, 2.8384372918914376, 3.3929675654211606, 4.769218210566591, 5.125683684153754, 5.3319791878813625, 5.666417039011513, 7.060537138206979, 7.262843677926712, 8.128889602522598, 8.9768805567413, 7.4021103457054735, 8.226380401488859, 9.660346104048239, 10.311232398699973, 9.354499220161387, 10.023937562155902, 11.52231162961669, 12.075330986353956, 11.807865846544836], [3.898858226455535, 2.559077406019599, 1.531736889939, 0.0, 1.531698488606684, 2.559994330071846, 3.9066586451851664, 5.086023660975242, 6.39882809114294, 7.640946372014399, 8.050994441682343, 9.466541135494, 10.121100300362604, 11.5505787621227, 4.187076438280056, 4.708875136378114, 4.233279212383704, 2.849146444112692, 2.7658768935005043, 2.141390580907649, 2.1681288822392455, 1.0971803589200821, 1.0972657335395104, 2.1679519228986606, 2.1412544220619836, 2.8435546521915134, 2.760948724623476, 4.208538981641966, 4.1618004961795085, 5.216711646238461, 5.19242944872629, 6.610394670517034, 6.523226263897336, 7.692543694383542, 8.504282391242663, 7.428514939744013, 8.168820742922446, 9.55250036534938, 10.14638218874097, 9.631990794223176, 10.219867259901179, 11.648823652626904, 12.142330233114237, 12.092558966157657], [4.56471571623031, 3.1310616873514325, 2.596053327649492, 1.531698488606684, 0.0, 1.5298952480480483, 2.525452642596966, 3.8867754681741005, 5.051073860081636, 6.398129812687454, 6.916883551137752, 8.38293273085261, 9.141725829951367, 10.592554087659877, 5.144848184349078, 5.190756317724808, 4.787632008623887, 2.8447306902411693, 3.3969564333385263, 3.508362595285727, 2.8897275182964917, 2.152686428628192, 2.14669229047854, 1.0960038594822559, 1.0974937175218817, 2.1656139868406834, 2.1607721814203362, 2.7512086616612703, 2.754570186072593, 4.163373115635927, 4.177514923970948, 5.195606039722412, 5.128053074023317, 6.557067943067237, 7.183542436013029, 6.438119946847836, 6.973977851269676, 8.54503198414143, 8.963924333683323, 8.783927557761391, 9.190515130829175, 10.751314589853653, 11.088060715472295, 11.19820790885756], [4.929704200050952, 3.7604288026766306, 3.1321504992576585, 2.559994330071846, 1.5298952480480483, 0.0, 1.5304862168605113, 2.5275254400302285, 3.887001827887402, 5.0854721914488925, 5.527962124508452, 6.953824678549208, 7.709441048480753, 9.135796554761933, 5.6241424404081375, 5.596984105748381, 4.808454797541513, 3.282125550615028, 4.37604113554706, 4.110030098429937, 2.8505796778900954, 2.816538125074823, 3.486750636337505, 2.1635397407951626, 2.154159857113673, 1.09573672476558, 1.0965668105500914, 2.1609003331944767, 2.160906272840171, 2.743729930222725, 2.7564918302073744, 4.1935892729259985, 4.146786473885531, 5.1889035161583035, 5.970225317356122, 4.9829316451261905, 5.698589453540236, 7.069519300489956, 7.598324352776736, 7.327898250521769, 7.837925951423629, 9.253932224735602, 9.665295577477185, 9.753769325752994], [6.102381687505297, 4.93596944074819, 4.573734164771713, 3.9066586451851664, 2.525452642596966, 1.5304862168605113, 0.0, 1.5305465069706308, 2.525631966459088, 3.9061937855155113, 4.563192657558959, 6.03223052775671, 6.952590698437526, 8.375692891337408, 6.914333252743897, 6.601211093428236, 5.963580464787911, 4.217897463191821, 5.465973935173859, 5.5924725006029306, 4.314860391716052, 4.190254308511597, 4.667784007427935, 2.776165663284524, 2.7154644335730125, 2.15313951475514, 2.1606544031843686, 1.09689130272785, 1.096737789993579, 2.153318585346813, 2.1605798504105325, 2.7806735029485212, 2.7142951055476634, 4.176294508293207, 4.660237541156031, 4.2882042418709485, 4.665395406608105, 6.242834492440113, 6.516220095269957, 6.7749888833857135, 7.026315364399751, 8.56139806807276, 8.762987272614287, 9.082490569221637], [6.8609659924824, 5.9224425239929515, 5.511906049634736, 5.086023660975242, 3.8867754681741005, 2.5275254400302285, 1.5305465069706308, 0.0, 1.5302917303573198, 2.5594375280518182, 3.1453922712437636, 4.563307233794367, 5.5268457450882424, 6.910436595469204, 7.7036311217503135, 7.369841325971679, 6.490926859085688, 5.180368347907318, 6.622801494080885, 6.500679129137201, 4.978396449661275, 5.221831132849855, 5.9780210881193785, 4.190874211903765, 4.147828219683163, 2.743410778574729, 2.756884397286183, 2.1609575840353736, 2.1609695717432023, 1.0955773090019711, 1.0966583150644507, 2.163196990567433, 2.154172223848409, 2.783802739060367, 3.4813322550426014, 2.851274278283308, 3.456475287051826, 4.722213052161032, 5.117843455988078, 5.365591924475807, 5.7155790021659225, 7.049473640634456, 7.32110445288141, 7.652544844037178], [8.145782001134084, 7.186597811899592, 6.917625359904944, 6.39882809114294, 5.051073860081636, 3.887001827887402, 2.525631966459088, 1.5302917303573198, 0.0, 1.5313393157625126, 2.559508593460862, 3.90622597528612, 5.084003093036038, 6.391478281274215, 9.048036983788252, 8.538004359919244, 7.805477068699901, 6.340558696203356, 7.80581128454948, 7.9376718123137335, 6.453471477429803, 6.578171808337025, 7.1923652111110155, 5.191148135046813, 5.1293892053537915, 4.163599411566872, 4.1779020500725, 2.7516483169184243, 2.754255160655962, 2.166196246880693, 2.161159582261338, 1.096875225356102, 1.097126332743864, 2.16209357105561, 2.1430297828075098, 2.8428961096037257, 2.7607641424069533, 4.208029430743088, 4.161929329049209, 5.233542801965032, 5.195313290842045, 6.6162987561022355, 6.5861958010675625, 7.2333215143528635], [9.166978521301335, 8.356455531503773, 8.032976164535782, 7.640946372014399, 6.398129812687454, 5.0854721914488925, 3.9061937855155113, 2.5594375280518182, 1.5313393157625126, 0.0, 1.5303021335670939, 2.525679997545215, 3.8853125652899543, 5.045773879198314, 10.065312943967516, 9.574069793457745, 8.682524810790925, 7.528254087104127, 9.07472293626643, 9.01477133265176, 7.420010626003173, 7.723374816749476, 8.513655084039993, 6.60609240777027, 6.524080269279342, 5.215760845744368, 5.192364305400769, 4.2080793362292965, 4.161455006364961, 2.8425234247055906, 2.760988989474605, 2.162014703927797, 2.143051163644956, 1.0969000091166012, 1.0971499305017525, 2.16626966696208, 2.1610662854248597, 2.7514122719069203, 2.7548637026176084, 4.17958246718497, 4.180878129053752, 5.1999546546099795, 5.2012601021290985, 5.9712378122128085], [8.923230617326888, 8.344492758100996, 8.159018912835048, 8.050994441682343, 6.916883551137752, 5.527962124508452, 4.563192657558959, 3.1453922712437636, 2.559508593460862, 1.5303021335670939, 0.0, 1.5304890754265446, 2.5260163518868994, 3.879297227591616, 9.85588381526487, 9.25725216735506, 8.31079560752158, 7.490179350322661, 9.162387368475532, 9.13399959492007, 7.440034254625445, 8.2148325497237, 8.982956159861851, 7.033911930071345, 7.262907818498043, 5.347166264480655, 5.713462654117904, 4.721902368749273, 5.117322621254203, 2.8509529669919145, 3.456880486797309, 2.7837943063380237, 3.4813873254781633, 2.1631753719936806, 2.1541642857498124, 1.095610519299628, 1.096621160656678, 2.1608548516732915, 2.1613895669221685, 2.75996537297119, 2.759453052689971, 4.200386471504736, 4.200272901848164, 4.67927368402405], [10.25073348400006, 9.762385805734171, 9.532472775203715, 9.466541135494, 8.38293273085261, 6.953824678549208, 6.03223052775671, 4.563307233794367, 3.90622597528612, 2.525679997545215, 1.5304890754265446, 0.0, 1.5285406569666378, 2.5200982699093304, 11.161645583425413, 10.589400422120226, 9.55992492334537, 8.93533576817346, 10.619416136492628, 10.466610645763028, 8.74442828891632, 9.557220973169972, 10.428385465641362, 8.546163727076612, 8.709000126880238, 6.756586766260018, 7.024402884943318, 6.2425235626307405, 6.515837086668143, 4.287951449118799, 4.666068436060491, 4.176087883414333, 4.6602700029075566, 2.780873103901003, 2.7141620437991536, 2.1532172440327524, 2.1605174704223056, 1.096845549747092, 1.0968709085393777, 2.162656313425691, 2.162554864043916, 2.78192834199589, 2.7820501181682546, 3.4707983289151216], [10.347933435232372, 10.075311436377538, 9.964954094726178, 10.121100300362604, 9.141725829951367, 7.709441048480753, 6.952590698437526, 5.5268457450882424, 5.084003093036038, 3.8853125652899543, 2.5260163518868994, 1.5285406569666378, 0.0, 1.5203469768444304, 11.261396266449378, 10.61096176036838, 9.56459447023239, 9.256312633549063, 10.990181386128254, 10.867468546538333, 9.118561199005029, 10.273687418351797, 11.106495321207316, 9.234413192509853, 9.61350746241974, 7.309389589425372, 7.83563181179412, 7.0679172045235505, 7.596545241094797, 4.981792577978333, 5.697986122306723, 5.187377259270816, 5.9686105636069104, 4.191967702642758, 4.144845196144241, 2.7426093305463692, 2.755366922934222, 2.1595216738898455, 2.1588932002301546, 1.0962483158481935, 1.0961700324311008, 2.1685587702434996, 2.1685933228708416, 2.1591186859457263], [11.776126786426852, 11.547298261065226, 11.391748361862634, 11.5505787621227, 10.592554087659877, 9.135796554761933, 8.375692891337408, 6.910436595469204, 6.391478281274215, 5.045773879198314, 3.879297227591616, 2.5200982699093304, 1.5203469768444304, 0.0, 12.664639818802588, 12.04831729703364, 10.952942127574671, 10.751012192347288, 12.479669064923156, 12.263044430319903, 10.50960839279942, 11.644757369735103, 12.5528602417935, 10.724888089859027, 11.032761066931522, 8.758547598774582, 9.183579759549106, 8.536061455964337, 8.95710935570176, 6.430391753229348, 6.9699036607402265, 6.548548689595276, 7.177873170375748, 5.192828026230023, 5.123039430845716, 4.1560358071123495, 4.167742051758961, 2.7508587259254154, 2.7496174388449024, 2.146189283357831, 2.1462667704644733, 1.0947386948491407, 1.094688380316517, 1.0945029419786867], [1.0947751778333308, 2.1696798496552434, 2.78277505379073, 4.187076438280056, 5.144848184349078, 5.6241424404081375, 6.914333252743897, 7.7036311217503135, 9.048036983788252, 10.065312943967516, 9.85588381526487, 11.161645583425413, 11.261396266449378, 12.664639818802588, 0.0, 1.7717501940172042, 1.7749777716918045, 3.059913923625958, 2.502061176310443, 2.5203167539021756, 3.1459934790142214, 4.814417001050075, 4.333554175269994, 5.004352667428626, 6.094694139987666, 4.984459655770122, 6.013241939253733, 6.842220676067091, 7.63119063514993, 7.2314671637227255, 7.994238906862867, 8.996072916556423, 9.572563778319788, 10.28607456758894, 11.020915254641967, 9.024261014066472, 9.752851047257925, 11.409676209691492, 11.997722469702321, 10.541026508836794, 11.173656034172522, 12.900274892032341, 13.4251840639151, 12.865540192700811], [1.0944901004577428, 2.159737405334269, 3.4702202739883816, 4.708875136378114, 5.190756317724808, 5.596984105748381, 6.601211093428236, 7.369841325971679, 8.538004359919244, 9.574069793457745, 9.25725216735506, 10.589400422120226, 10.61096176036838, 12.04831729703364, 1.7717501940172042, 0.0, 1.77217886794759, 2.4623744008578394, 2.4751315237780798, 3.723413907961348, 3.769971334108524, 5.576282260610559, 4.878524904107798, 4.718714309004096, 6.190253817897938, 4.855761218387906, 6.257641032369946, 6.267589821454496, 7.4124737328371015, 6.807857942848102, 7.885068718153318, 8.283285779809846, 9.13851988781553, 9.975030190430504, 10.452637553268554, 8.522335300843308, 8.968525053764415, 10.998740428794564, 11.350994092589424, 9.976594770261045, 10.362421798981165, 12.425408417432404, 12.739156075659015, 12.207522815870549], [1.0946994747418128, 2.1690198431549677, 2.778744085013947, 4.233279212383704, 4.787632008623887, 4.808454797541513, 5.963580464787911, 6.490926859085688, 7.805477068699901, 8.682524810790925, 8.31079560752158, 9.55992492334537, 9.56459447023239, 10.952942127574671, 1.7749777716918045, 1.77217886794759, 0.0, 2.4963199734809636, 3.0655088680348004, 3.0556321031825804, 2.5819076513306976, 4.86504450647679, 4.752899651791525, 4.645800274441423, 5.862160916419814, 3.924665551355936, 5.255197565268122, 5.883372513278417, 6.847001333430569, 5.8508426786233105, 6.830091836132219, 7.738992420851696, 8.470075218083958, 8.942792464325672, 9.655370570827408, 7.448731756480428, 8.193596100614187, 9.843871229348746, 10.421186055819174, 8.826384599030341, 9.464798244019784, 11.216566264236127, 11.728489872954661, 11.118935413968371], [2.1389608528442032, 1.095229989545575, 2.1682661967572154