{"total energy": -64.63698672, "HOMO-LUMO gap/eV": 2.57312073, "electronic energy": -65.18062821, "dipole": [-2.11179432, -1.72396333, 0.20164953], "partial charges": [-0.11205275, 0.07911472, -0.26225239, 0.35442913, -0.40289999, -0.08682949, 0.01142728, -0.08903931, 0.39849063, -0.38368518, -0.25915276, 0.045246, -0.2681622, 0.04636833, 0.35811404, -0.40110366, -0.24599688, 0.08473896, -0.11068909, 0.05260031, 0.05562486, 0.05532599, 0.06047613, 0.05895621, 0.10119993, 0.0947501, 0.09140997, 0.06739034, 0.05839716, 0.0709419, 0.06653242, 0.05887132, 0.07097351, 0.05620616, 0.05845035, 0.05430103, 0.05063516, 0.06089175], "atomic dipole moments": [[-0.01021041, 0.13745029, -0.00665868], [0.26385499, 0.01293074, -0.00718], [-0.09881984, -0.05047011, 0.19725177], [-0.07793452, -0.02481701, -0.10972583], [0.06104048, 0.0325682, -0.16816816], [-0.01024483, -0.03015665, 0.13251696], [0.09989077, -0.02088468, -0.10316531], [-0.08270217, -0.22471716, 0.46567509], [-0.20180412, -0.181084, -0.0148835], [-0.38235591, -0.18553721, -0.04892312], [0.16428811, -0.07630283, 0.08306222], [-0.06807678, 0.04947097, -0.28524759], [0.1033803, 0.04905852, -0.14214948], [-0.17941935, 0.16481594, 0.17386653], [-0.03361009, -0.0204069, 0.13594775], [-0.05719855, 0.13245835, 0.11469643], [0.06282536, -0.18154122, -0.11441047], [-0.09021353, 0.21351362, -0.13047508], [0.12278857, 0.06474381, 0.02338145], [-0.11922761, -0.04879031, 0.00808967], [0.06891098, -0.04410847, 0.1010045], [0.06034918, -0.05184262, -0.10129427], [-0.06804557, 0.03412247, -0.09774528], [-0.06224256, 0.05353569, 0.1011283], [0.04954111, -0.07929149, -0.1009368], [-0.01455877, 0.12776573, -0.04001655], [-0.05062059, 0.07222928, 0.10377902], [0.0753645, 0.09317231, 0.0357021], [0.05444863, -0.11403989, -0.00449377], [-0.10009941, -0.00283809, 0.07548982], [0.11689597, 0.01726221, 0.03992051], [-0.02294714, 0.04655657, -0.11521217], [-0.02661288, -0.123498, 0.00284481], [0.10377417, -0.06139017, -0.0470035], [0.02227678, 0.00568625, 0.12154655], [-0.02966406, -0.0107912, -0.12637924], [0.00675185, -0.11776902, 0.04974682], [-0.10339824, 0.06148583, 0.04924609]], "atomic quadrupole moments": [[-0.12575919, 0.00711667, 0.26978695, 0.00157206, -0.02185385, -0.14402776], [0.32865598, 0.24248355, 0.01555236, -0.03151301, -0.04058416, -0.34420834], [0.06243416, 0.04903217, -0.03961357, 0.00059408, -0.00445324, -0.02282059], [-0.13907282, -0.23729194, 0.37869276, 0.12277701, 0.08841078, -0.23961994], [-0.07499705, -0.10186928, 0.16903476, -0.00563178, 0.01489636, -0.09403772], [0.17173505, 0.11991392, -0.23446913, 0.11600686, -0.06239481, 0.06273408], [0.17207901, 0.17537614, -0.0465247, 0.02363579, -0.1532681, -0.12555431], [0.29983962, 0.29683149, -0.39403291, 0.21667588, -0.25509044, 0.09419329], [-0.55063759, -0.70056496, -0.11915761, -0.01614762, 0.11365225, 0.6697952], [0.41115403, 0.45712543, -0.10392004, 0.13905084, 0.05823881, -0.307234], [-0.00304959, -0.03096357, -0.1002421, 0.00356429, -0.02405744, 0.10329169], [-0.220486, -0.048601, -0.27126815, 0.18729481, -0.15542164, 0.49175415], [-0.03032371, -0.05612527, 0.04973102, -0.08664862, 0.03656471, -0.01940732], [0.00327972, -0.27096241, -0.03104358, -0.31935447, 0.27819452, 0.02776387], [0.41987806, 0.18613339, -0.3171831, 0.1648624, -0.04668092, -0.10269495], [0.17367992, 0.06290464, -0.09158469, 0.07074587, 0.02371893, -0.08209523], [-0.04424899, -0.00708589, 0.05810529, -0.00294851, -0.03455899, -0.01385631], [-0.15641033, 0.06365095, 0.35929267, 0.06947132, -0.2616943, -0.20288234], [0.14203759, 0.18601392, -0.01135555, 0.05488945, 0.02017795, -0.13068204], [0.07429685, 0.03665333, -0.02217772, -0.00648445, -0.00413067, -0.05211914], [-0.01813271, -0.01366245, -0.02590816, 0.05395756, -0.01239977, 0.04404087], [-0.02895381, -0.01941299, -0.02169163, -0.04642549, 0.02315802, 0.05064544], [-0.01427402, 0.0029726, -0.01570757, 0.03651102, -0.02162864, 0.02998159], [-0.0140132, 0.01010436, -0.01014135, -0.017031, 0.02140346, 0.02415455], [0.00470935, -0.02098785, -0.02081682, -0.01036059, 0.03900892, 0.01610747], [-0.02670663, 0.00097287, 0.0489901, 0.0235726, -0.02465954, -0.02228347], [0.01043691, 0.00627442, -0.00628929, -0.01485928, 0.01153288, -0.00414763], [-0.01191723, 0.05350021, 0.00968678, 0.02622889, 0.00552017, 0.00223045], [-0.03736922, -0.04700195, 0.02899007, 0.00492484, -0.00157324, 0.00837915], [0.05318614, -0.00327401, -0.05663104, -0.04124037, -0.00370486, 0.0034449], [0.05676998, 0.00414485, -0.03394862, 0.01816309, 0.03082103, -0.02282137], [-0.03309255, -0.03230763, -0.01569391, -0.00260279, -0.01661514, 0.04878646], [-0.02349801, 0.02858815, 0.06507008, -0.02111451, -0.00547356, -0.04157207], [0.00355534, -0.01012797, 0.00262089, -0.03283703, 0.0091674, -0.00617623], [-0.03454191, 0.01319288, -0.01875425, 0.00530566, 0.0090024, 0.05329617], [-0.02981985, 0.00667541, -0.04817333, 0.00438001, 0.0059048, 0.07799318], [-0.03699531, -0.00964198, 0.06369807, 0.01236859, -0.05168821, -0.02670276], [0.02341731, -0.03924191, -0.00912799, -0.03524165, 0.03988384, -0.01428933]], "number of molecular orbitals": 110, "number of electrons": 112, "number of unpaired electrons": 0, "orbital energies/eV": [-20.59675667, -20.57951476, -20.51981356, -20.3446265, -20.09553758, -19.9547528, -19.93127445, -18.9613416, -18.92544091, -18.7954223, -18.50875404, -18.16168394, -17.93818096, -17.34864506, -17.21159442, -17.09464555, -17.01165941, -16.66917058, -16.5677269, -16.27359094, -16.24771037, -16.13453371, -16.03411038, -15.92200397, -15.80130941, -15.72368635, -15.5407578, -15.41194536, -15.32539776, -15.09162976, -14.78633009, -14.66322875, -14.44962738, -14.38594661, -14.18757053, -13.91647, -13.86307662, -13.75175495, -13.59107631, -13.42979488, -13.37518409, -13.17722332, -13.16841208, -13.11509065, -13.00001693, -12.5745901, -12.5321664, -12.53121812, -12.49665601, -12.47695553, -12.16309543, -11.99647031, -11.90331597, -11.13797517, -10.06532171, -9.98626783, -7.41314711, -7.01906124, -6.61551259, -6.03076755, -4.64374228, -3.81136582, -3.02752527, -1.11771305, -0.99630335, -0.64085759, -0.22068638, -0.03164155, 0.23529942, 0.5337884, 0.76693797, 0.84251858, 1.94313276, 2.2552407, 2.44244851, 2.49936945, 2.75378942, 2.80500258, 2.96317909, 3.19771899, 3.34006316, 3.37979332, 3.5523472, 3.6380137, 3.7605345, 3.8004589, 3.84044039, 4.08387471, 4.37524008, 4.51598068, 4.63902643, 4.71798007, 4.90767334, 4.98806593, 5.31004807, 5.61147555, 6.00694719, 6.24774061, 6.35617732, 6.72538224, 6.99446096, 7.16905102, 9.03704888, 11.0419513, 11.35561129, 15.34677558, 15.66232262, 25.66433096, 26.81079841, 35.70264602], "fractional occupation": [2.0, 2.0, 2.0, 2.0, 2.0, 2.0, 2.0, 2.0, 2.0, 2.0, 2.0, 2.0, 2.0, 2.0, 2.0, 2.0, 2.0, 2.0, 2.0, 2.0, 2.0, 2.0, 2.0, 2.0, 2.0, 2.0, 2.0, 2.0, 2.0, 2.0, 2.0, 2.0, 2.0, 2.0, 2.0, 2.0, 2.0, 2.0, 2.0, 2.0, 2.0, 2.0, 2.0, 2.0, 2.0, 2.0, 2.0, 2.0, 2.0, 2.0, 2.0, 2.0, 2.0, 2.0, 2.0, 2.0, 0.0, 0.0, 0.0, 0.0, 0.0, 0.0, 0.0, 0.0, 0.0, 0.0, 0.0, 0.0, 0.0, 0.0, 0.0, 0.0, 0.0, 0.0, 0.0, 0.0, 0.0, 0.0, 0.0, 0.0, 0.0, 0.0, 0.0, 0.0, 0.0, 0.0, 0.0, 0.0, 0.0, 0.0, 0.0, 0.0, 0.0, 0.0, 0.0, 0.0, 0.0, 0.0, 0.0, 0.0, 0.0, 0.0, 0.0, 0.0, 0.0, 0.0, 0.0, 0.0, 0.0, 0.0], "program call": "xtb /home/svss/Project-DBcg-Debug/aqme2_20220329/End-to-End-workflows-final/example-3/QDESCP/mol_355_rdkit_conf_5/mol_355_rdkit_conf_5.xyz --pop --wbo --acc 0.2 --gfn 2 --chrg 0 --uhf 0 --etemp 300 --input /home/svss/Project-DBcg-Debug/aqme2_20220329/End-to-End-workflows-final/example-3/QDESCP/mol_355_rdkit_conf_5/mol_355_rdkit_conf_5_xtb.inp", "method": "GFN2-xTB", "xtb version": "6.3.3 (7355c4f)", "Dipole module/D": 6.948, "Total charge": 0, "Transition dipole module/D": NaN, "HOMO": -9.9863, "LUMO": -7.4131, "HOMO occupancy": 2.0, "LUMO occupancy": 0, "mulliken charges": [-0.09818, 0.20473, -0.41776, 0.57644, -0.52648, -0.0774, 0.03608, -0.06479, 0.37726, -0.21274, -0.36802, 0.18362, -0.37082, 0.17674, 0.57999, -0.53681, -0.39344, 0.2073, -0.09764, 0.03493, 0.05138, 0.04225, 0.03353, 0.04415, 0.07493, 0.06767, 0.07273, 0.02903, 0.03775, 0.0338, 0.02835, 0.03233, 0.0394, 0.04236, 0.03184, 0.04913, 0.02965, 0.04672], "cm5 charges": [-0.2447, 0.12209, -0.50079, 0.62666, -0.57744, -0.16899, -0.00057, -0.06357, 0.3179, -0.1832, -0.43344, 0.0684, -0.43956, 0.06124, 0.63649, -0.58675, -0.47631, 0.12484, -0.24411, 0.08619, 0.10648, 0.09556, 0.09606, 0.10997, 0.1378, 0.12696, 0.1431, 0.08985, 0.10234, 0.09352, 0.08893, 0.09528, 0.09974, 0.10936, 0.09481, 0.1045, 0.08093, 0.10045], "FUKUI+": [0.008, 0.013, -0.045, -0.037, -0.073, 0.016, 0.015, -0.209, -0.058, -0.095, -0.002, 0.016, 0.002, 0.02, -0.038, -0.099, -0.052, 0.017, 0.011, -0.025, 0.002, -0.012, -0.029, -0.016, -0.033, -0.046, -0.048, -0.021, -0.014, -0.024, -0.025, -0.002, -0.02, -0.018, -0.033, -0.002, -0.029, -0.013], "FUKUI-": [0.006, 0.007, -0.026, -0.004, -0.04, 0.002, 0.014, -0.128, -0.115, -0.355, 0.0, 0.023, -0.0, 0.024, 0.006, -0.036, -0.013, 0.008, 0.007, -0.024, -0.02, -0.021, -0.037, -0.021, -0.017, -0.021, -0.026, -0.014, -0.017, -0.035, -0.016, -0.01, -0.034, -0.009, -0.02, -0.009, -0.021, -0.012], "FUKUIrad": [0.007, 0.01, -0.036, -0.02, -0.056, 0.009, 0.014, -0.168, -0.087, -0.225, -0.001, 0.02, 0.001, 0.022, -0.016, -0.067, -0.032, 0.012, 0.009, -0.024, -0.009, -0.017, -0.033, -0.018, -0.025, -0.034, -0.037, -0.017, -0.015, -0.03, -0.02, -0.006, -0.027, -0.013, -0.026, -0.005, -0.025, -0.013], "s proportion": [1.013, 0.994, 1.697, 0.987, 1.73, 1.044, 1.074, 1.916, 1.516, 1.891, 1.648, 0.972, 1.655, 0.973, 0.988, 1.732, 1.693, 0.993, 1.013, 0.965, 0.949, 0.958, 0.966, 0.956, 0.925, 0.932, 0.927, 0.971, 0.962, 0.966, 0.972, 0.968, 0.961, 0.958, 0.968, 0.951, 0.97, 0.953], "p proportion": [3.086, 2.802, 4.721, 2.437, 4.797, 3.034, 2.89, 4.155, 2.024, 4.336, 4.72, 2.845, 4.716, 2.851, 2.432, 4.805, 4.7, 2.8, 3.085, 0.0, 0.0, 0.0, 0.0, 0.0, 0.0, 0.0, 0.0, 0.0, 0.0, 0.0, 0.0, 0.0, 0.0, 0.0, 0.0, 0.0, 0.0, 0.0], "d proportion": [0.0, 0.0, 0.0, 0.0, 0.0, 0.0, 0.0, -0.005, 1.083, -0.014, 0.0, 0.0, 0.0, 0.0, 0.0, 0.0, 0.0, 0.0, 0.0, 0.0, 0.0, 0.0, 0.0, 0.0, 0.0, 0.0, 0.0, 0.0, 0.0, 0.0, 0.0, 0.0, 0.0, 0.0, 0.0, 0.0, 0.0, 0.0], "Fermi-level/eV": -8.6997, "Coordination numbers": [3.748, 3.695, 1.702, 2.714, 0.856, 3.847, 3.85, 1.975, 3.924, 0.926, 1.657, 3.849, 1.657, 3.856, 2.755, 0.856, 1.702, 3.695, 3.748, 0.924, 0.924, 0.924, 0.924, 0.924, 0.924, 0.924, 0.924, 0.924, 0.924, 0.924, 0.924, 0.924, 0.924, 0.924, 0.924, 0.924, 0.924, 0.924], "Dispersion coefficient C6": [22.711, 19.427, 18.347, 20.983, 21.739, 22.12, 20.35, 144.764, 143.734, 155.858, 18.31, 19.783, 18.462, 19.761, 20.924, 21.704, 18.077, 19.336, 22.684, 2.288, 2.251, 2.255, 2.194, 2.211, 1.774, 1.834, 1.865, 2.115, 2.218, 2.075, 2.124, 2.212, 2.075, 2.244, 2.217, 2.267, 2.312, 2.189], "Total dispersion C6": 18406.343851, "Total dispersion C8": 515119.688725, "Polarizability alpha": [6.797, 6.305, 5.783, 7.498, 6.251, 6.69, 6.416, 20.25, 21.536, 21.116, 5.777, 6.326, 5.8, 6.322, 7.491, 6.246, 5.74, 6.291, 6.793, 2.365, 2.346, 2.348, 2.316, 2.326, 2.083, 2.118, 2.136, 2.274, 2.329, 2.253, 2.279, 2.326, 2.253, 2.343, 2.329, 2.355, 2.378, 2.314], "Total polarizability alpha": 208.899704, "Wiberg matrix": [[0.0, 1.014447207574742, 0.0, 0.0, 0.0, 0.0, 0.0, 0.0, 0.0, 0.0, 0.0, 0.0, 0.0, 0.0, 0.0, 0.0, 0.0, 0.0, 0.0, 0.9829732806903781, 0.9845008090255629, 0.9851852711316424, 0.0, 0.0, 0.0, 0.0, 0.0, 0.0, 0.0, 0.0, 0.0, 0.0, 0.0, 0.0, 0.0, 0.0, 0.0, 0.0], [1.014447207574742, 0.0, 0.9356810424825411, 0.0, 0.0, 0.0, 0.0, 0.0, 0.0, 0.0, 0.0, 0.0, 0.0, 0.0, 0.0, 0.0, 0.0, 0.0, 0.0, 0.0, 0.0, 0.0, 0.9706487755605406, 0.9688851459155863, 0.0, 0.0, 0.0, 0.0, 0.0, 0.0, 0.0, 0.0, 0.0, 0.0, 0.0, 0.0, 0.0, 0.0], [0.0, 0.9356810424825411, 0.0, 1.13406164698584, 0.17564045355670055, 0.0, 0.0, 0.0, 0.0, 0.0, 0.0, 0.0, 0.0, 0.0, 0.0, 0.0, 0.0, 0.0, 0.0, 0.0, 0.0, 0.0, 0.0, 0.0, 0.0, 0.0, 0.0, 0.0, 0.0, 0.0, 0.0, 0.0, 0.0, 0.0, 0.0, 0.0, 0.0, 0.0], [0.0, 0.0, 1.13406164698584, 0.0, 1.753159473017353, 0.9742187670508136, 0.0, 0.0, 0.0, 0.0, 0.0, 0.0, 0.0, 0.0, 0.0, 0.0, 0.0, 0.0, 0.0, 0.0, 0.0, 0.0, 0.0, 0.0, 0.0, 0.0, 0.0, 0.0, 0.0, 0.0, 0.0, 0.0, 0.0, 0.0, 0.0, 0.0, 0.0, 0.0], [0.0, 0.0, 0.17564045355670055, 1.753159473017353, 0.0, 0.0, 0.0, 0.0, 0.0, 0.0, 0.0, 0.0, 0.0, 0.0, 0.0, 0.0, 0.0, 0.0, 0.0, 0.0, 0.0, 0.0, 0.0, 0.0, 0.0, 0.0, 0.0, 0.0, 0.0, 0.0, 0.0, 0.0, 0.0, 0.0, 0.0, 0.0, 0.0, 0.0], [0.0, 0.0, 0.0, 0.9742187670508136, 0.0, 0.0, 0.9904228759099158, 0.0, 0.0, 0.0, 0.0, 0.0, 0.0, 0.0, 0.0, 0.0, 0.0, 0.0, 0.0, 0.0, 0.0, 0.0, 0.0, 0.0, 0.9521548648253082, 0.9431163353962676, 0.0, 0.0, 0.0, 0.0, 0.0, 0.0, 0.0, 0.0, 0.0, 0.0, 0.0, 0.0], [0.0, 0.0, 0.0, 0.0, 0.0, 0.9904228759099158, 0.0, 0.9340208630952098, 0.0, 0.0, 0.0, 0.0, 0.0, 0.0, 0.95878472672911, 0.0, 0.0, 0.0, 0.0, 0.0, 0.0, 0.0, 0.0, 0.0, 0.0, 0.0, 0.9596578247241689, 0.0, 0.0, 0.0, 0.0, 0.0, 0.0, 0.0, 0.0, 0.0, 0.0, 0.0], [0.0, 0.0, 0.0, 0.0, 0.0, 0.0, 0.9340208630952098, 0.0, 1.0301168851041527, 0.11834379183067796, 0.0, 0.0, 0.0, 0.0, 0.0, 0.0, 0.0, 0.0, 0.0, 0.0, 0.0, 0.0, 0.0, 0.0, 0.0, 0.0, 0.0, 0.0, 0.0, 0.0, 0.0, 0.0, 0.0, 0.0, 0.0, 0.0, 0.0, 0.0], [0.0, 0.0, 0.0, 0.0, 0.0, 0.0, 0.0, 1.0301168851041527, 0.0, 1.5827137194170886, 1.2378380258550292, 0.0, 1.2203088740075787, 0.0, 0.0, 0.0, 0.0, 0.0, 0.0, 0.0, 0.0, 0.0, 0.0, 0.0, 0.0, 0.0, 0.0, 0.0, 0.0, 0.0, 0.0, 0.0, 0.0, 0.0, 0.0, 0.0, 0.0, 0.0], [0.0, 0.0, 0.0, 0.0, 0.0, 0.0, 0.0, 0.11834379183067796, 1.5827137194170886, 0.0, 0.0, 0.0, 0.0, 0.0, 0.0, 0.0, 0.0, 0.0, 0.0, 0.0, 0.0, 0.0, 0.0, 0.0, 0.0, 0.0, 0.0, 0.0, 0.0, 0.0, 0.0, 0.0, 0.0, 0.0, 0.0, 0.0, 0.0, 0.0], [0.0, 0.0, 0.0, 0.0, 0.0, 0.0, 0.0, 0.0, 1.2378380258550292, 0.0, 0.0, 0.9342853573456873, 0.0, 0.0, 0.0, 0.0, 0.0, 0.0, 0.0, 0.0, 0.0, 0.0, 0.0, 0.0, 0.0, 0.0, 0.0, 0.0, 0.0, 0.0, 0.0, 0.0, 0.0, 0.0, 0.0, 0.0, 0.0, 0.0], [0.0, 0.0, 0.0, 0.0, 0.0, 0.0, 0.0, 0.0, 0.0, 0.0, 0.9342853573456873, 0.0, 0.0, 0.0, 0.0, 0.0, 0.0, 0.0, 0.0, 0.0, 0.0, 0.0, 0.0, 0.0, 0.0, 0.0, 0.0, 0.9784384167131639, 0.9788436679470878, 0.9757307823985719, 0.0, 0.0, 0.0, 0.0, 0.0, 0.0, 0.0, 0.0], [0.0, 0.0, 0.0, 0.0, 0.0, 0.0, 0.0, 0.0, 1.2203088740075787, 0.0, 0.0, 0.0, 0.0, 0.9407359167118331, 0.0, 0.0, 0.0, 0.0, 0.0, 0.0, 0.0, 0.0, 0.0, 0.0, 0.0, 0.0, 0.0, 0.0, 0.0, 0.0, 0.0, 0.0, 0.0, 0.0, 0.0, 0.0, 0.0, 0.0], [0.0, 0.0, 0.0, 0.0, 0.0, 0.0, 0.0, 0.0, 0.0, 0.0, 0.0, 0.0, 0.9407359167118331, 0.0, 0.0, 0.0, 0.0, 0.0, 0.0, 0.0, 0.0, 0.0, 0.0, 0.0, 0.0, 0.0, 0.0, 0.0, 0.0, 0.0, 0.9787685772709213, 0.9758360696742387, 0.976802858789877, 0.0, 0.0, 0.0, 0.0, 0.0], [0.0, 0.0, 0.0, 0.0, 0.0, 0.0, 0.95878472672911, 0.0, 0.0, 0.0, 0.0, 0.0, 0.0, 0.0, 0.0, 1.7463760404263102, 1.1486854593682267, 0.0, 0.0, 0.0, 0.0, 0.0, 0.0, 0.0, 0.0, 0.0, 0.0, 0.0, 0.0, 0.0, 0.0, 0.0, 0.0, 0.0, 0.0, 0.0, 0.0, 0.0], [0.0, 0.0, 0.0, 0.0, 0.0, 0.0, 0.0, 0.0, 0.0, 0.0, 0.0, 0.0, 0.0, 0.0, 1.7463760404263102, 0.0, 0.1810519572950504, 0.0, 0.0, 0.0, 0.0, 0.0, 0.0, 0.0, 0.0, 0.0, 0.0, 0.0, 0.0, 0.0, 0.0, 0.0, 0.0, 0.0, 0.0, 0.0, 0.0, 0.0], [0.0, 0.0, 0.0, 0.0, 0.0, 0.0, 0.0, 0.0, 0.0, 0.0, 0.0, 0.0, 0.0, 0.0, 1.1486854593682267, 0.1810519572950504, 0.0, 0.9351464540411648, 0.0, 0.0, 0.0, 0.0, 0.0, 0.0, 0.0, 0.0, 0.0, 0.0, 0.0, 0.0, 0.0, 0.0, 0.0, 0.0, 0.0, 0.0, 0.0, 0.0], [0.0, 0.0, 0.0, 0.0, 0.0, 0.0, 0.0, 0.0, 0.0, 0.0, 0.0, 0.0, 0.0, 0.0, 0.0, 0.0, 0.9351464540411648, 0.0, 1.0133169621437943, 0.0, 0.0, 0.0, 0.0, 0.0, 0.0, 0.0, 0.0, 0.0, 0.0, 0.0, 0.0, 0.0, 0.0, 0.9683468492614358, 0.9704742865024463, 0.0, 0.0, 0.0], [0.0, 0.0, 0.0, 0.0, 0.0, 0.0, 0.0, 0.0, 0.0, 0.0, 0.0, 0.0, 0.0, 0.0, 0.0, 0.0, 0.0, 1.0133169621437943, 0.0, 0.0, 0.0, 0.0, 0.0, 0.0, 0.0, 0.0, 0.0, 0.0, 0.0, 0.0, 0.0, 0.0, 0.0, 0.0, 0.0, 0.9846641914609678, 0.9831697574562108, 0.9844799647407997], [0.9829732806903781, 0.0, 0.0, 0.0, 0.0, 0.0, 0.0, 0.0, 0.0, 0.0, 0.0, 0.0, 0.0, 0.0, 0.0, 0.0, 0.0, 0.0, 0.0, 0.0, 0.0, 0.0, 0.0, 0.0, 0.0, 0.0, 0.0, 0.0, 0.0, 0.0, 0.0, 0.0, 0.0, 0.0, 0.0, 0.0, 0.0, 0.0], [0.9845008090255629, 0.0, 0.0, 0.0, 0.0, 0.0, 0.0, 0.0, 0.0, 0.0, 0.0, 0.0, 0.0, 0.0, 0.0, 0.0, 0.0, 0.0, 0.0, 0.0, 0.0, 0.0, 0.0, 0.0, 0.0, 0.0, 0.0, 0.0, 0.0, 0.0, 0.0, 0.0, 0.0, 0.0, 0.0, 0.0, 0.0, 0.0], [0.9851852711316424, 0.0, 0.0, 0.0, 0.0, 0.0, 0.0, 0.0, 0.0, 0.0, 0.0, 0.0, 0.0, 0.0, 0.0, 0.0, 0.0, 0.0, 0.0, 0.0, 0.0, 0.0, 0.0, 0.0, 0.0, 0.0, 0.0, 0.0, 0.0, 0.0, 0.0, 0.0, 0.0, 0.0, 0.0, 0.0, 0.0, 0.0], [0.0, 0.9706487755605406, 0.0, 0.0, 0.0, 0.0, 0.0, 0.0, 0.0, 0.0, 0.0, 0.0, 0.0, 0.0, 0.0, 0.0, 0.0, 0.0, 0.0, 0.0, 0.0, 0.0, 0.0, 0.0, 0.0, 0.0, 0.0, 0.0, 0.0, 0.0, 0.0, 0.0, 0.0, 0.0, 0.0, 0.0, 0.0, 0.0], [0.0, 0.9688851459155863, 0.0, 0.0, 0.0, 0.0, 0.0, 0.0, 0.0, 0.0, 0.0, 0.0, 0.0, 0.0, 0.0, 0.0, 0.0, 0.0, 0.0, 0.0, 0.0, 0.0, 0.0, 0.0, 0.0, 0.0, 0.0, 0.0, 0.0, 0.0, 0.0, 0.0, 0.0, 0.0, 0.0, 0.0, 0.0, 0.0], [0.0, 0.0, 0.0, 0.0, 0.0, 0.9521548648253082, 0.0, 0.0, 0.0, 0.0, 0.0, 0.0, 0.0, 0.0, 0.0, 0.0, 0.0, 0.0, 0.0, 0.0, 0.0, 0.0, 0.0, 0.0, 0.0, 0.0, 0.0, 0.0, 0.0, 0.0, 0.0, 0.0, 0.0, 0.0, 0.0, 0.0, 0.0, 0.0], [0.0, 0.0, 0.0, 0.0, 0.0, 0.9431163353962676, 0.0, 0.0, 0.0, 0.0, 0.0, 0.0, 0.0, 0.0, 0.0, 0.0, 0.0, 0.0, 0.0, 0.0, 0.0, 0.0, 0.0, 0.0, 0.0, 0.0, 0.0, 0.0, 0.0, 0.0, 0.0, 0.0, 0.0, 0.0, 0.0, 0.0, 0.0, 0.0], [0.0, 0.0, 0.0, 0.0, 0.0, 0.0, 0.9596578247241689, 0.0, 0.0, 0.0, 0.0, 0.0, 0.0, 0.0, 0.0, 0.0, 0.0, 0.0, 0.0, 0.0, 0.0, 0.0, 0.0, 0.0, 0.0, 0.0, 0.0, 0.0, 0.0, 0.0, 0.0, 0.0, 0.0, 0.0, 0.0, 0.0, 0.0, 0.0], [0.0, 0.0, 0.0, 0.0, 0.0, 0.0, 0.0, 0.0, 0.0, 0.0, 0.0, 0.9784384167131639, 0.0, 0.0, 0.0, 0.0, 0.0, 0.0, 0.0, 0.0, 0.0, 0.0, 0.0, 0.0, 0.0, 0.0, 0.0, 0.0, 0.0, 0.0, 0.0, 0.0, 0.0, 0.0, 0.0, 0.0, 0.0, 0.0], [0.0, 0.0, 0.0, 0.0, 0.0, 0.0, 0.0, 0.0, 0.0, 0.0, 0.0, 0.9788436679470878, 0.0, 0.0, 0.0, 0.0, 0.0, 0.0, 0.0, 0.0, 0.0, 0.0, 0.0, 0.0, 0.0, 0.0, 0.0, 0.0, 0.0, 0.0, 0.0, 0.0, 0.0, 0.0, 0.0, 0.0, 0.0, 0.0], [0.0, 0.0, 0.0, 0.0, 0.0, 0.0, 0.0, 0.0, 0.0, 0.0, 0.0, 0.9757307823985719, 0.0, 0.0, 0.0, 0.0, 0.0, 0.0, 0.0, 0.0, 0.0, 0.0, 0.0, 0.0, 0.0, 0.0, 0.0, 0.0, 0.0, 0.0, 0.0, 0.0, 0.0, 0.0, 0.0, 0.0, 0.0, 0.0], [0.0, 0.0, 0.0, 0.0, 0.0, 0.0, 0.0, 0.0, 0.0, 0.0, 0.0, 0.0, 0.0, 0.9787685772709213, 0.0, 0.0, 0.0, 0.0, 0.0, 0.0, 0.0, 0.0, 0.0, 0.0, 0.0, 0.0, 0.0, 0.0, 0.0, 0.0, 0.0, 0.0, 0.0, 0.0, 0.0, 0.0, 0.0, 0.0], [0.0, 0.0, 0.0, 0.0, 0.0, 0.0, 0.0, 0.0, 0.0, 0.0, 0.0, 0.0, 0.0, 0.9758360696742387, 0.0, 0.0, 0.0, 0.0, 0.0, 0.0, 0.0, 0.0, 0.0, 0.0, 0.0, 0.0, 0.0, 0.0, 0.0, 0.0, 0.0, 0.0, 0.0, 0.0, 0.0, 0.0, 0.0, 0.0], [0.0, 0.0, 0.0, 0.0, 0.0, 0.0, 0.0, 0.0, 0.0, 0.0, 0.0, 0.0, 0.0, 0.976802858789877, 0.0, 0.0, 0.0, 0.0, 0.0, 0.0, 0.0, 0.0, 0.0, 0.0, 0.0, 0.0, 0.0, 0.0, 0.0, 0.0, 0.0, 0.0, 0.0, 0.0, 0.0, 0.0, 0.0, 0.0], [0.0, 0.0, 0.0, 0.0, 0.0, 0.0, 0.0, 0.0, 0.0, 0.0, 0.0, 0.0, 0.0, 0.0, 0.0, 0.0, 0.0, 0.9683468492614358, 0.0, 0.0, 0.0, 0.0, 0.0, 0.0, 0.0, 0.0, 0.0, 0.0, 0.0, 0.0, 0.0, 0.0, 0.0, 0.0, 0.0, 0.0, 0.0, 0.0], [0.0, 0.0, 0.0, 0.0, 0.0, 0.0, 0.0, 0.0, 0.0, 0.0, 0.0, 0.0, 0.0, 0.0, 0.0, 0.0, 0.0, 0.9704742865024463, 0.0, 0.0, 0.0, 0.0, 0.0, 0.0, 0.0, 0.0, 0.0, 0.0, 0.0, 0.0, 0.0, 0.0, 0.0, 0.0, 0.0, 0.0, 0.0, 0.0], [0.0, 0.0, 0.0, 0.0, 0.0, 0.0, 0.0, 0.0, 0.0, 0.0, 0.0, 0.0, 0.0, 0.0, 0.0, 0.0, 0.0, 0.0, 0.9846641914609678, 0.0, 0.0, 0.0, 0.0, 0.0, 0.0, 0.0, 0.0, 0.0, 0.0, 0.0, 0.0, 0.0, 0.0, 0.0, 0.0, 0.0, 0.0, 0.0], [0.0, 0.0, 0.0, 0.0, 0.0, 0.0, 0.0, 0.0, 0.0, 0.0, 0.0, 0.0, 0.0, 0.0, 0.0, 0.0, 0.0, 0.0, 0.9831697574562108, 0.0, 0.0, 0.0, 0.0, 0.0, 0.0, 0.0, 0.0, 0.0, 0.0, 0.0, 0.0, 0.0, 0.0, 0.0, 0.0, 0.0, 0.0, 0.0], [0.0, 0.0, 0.0, 0.0, 0.0, 0.0, 0.0, 0.0, 0.0, 0.0, 0.0, 0.0, 0.0, 0.0, 0.0, 0.0, 0.0, 0.0, 0.9844799647407997, 0.0, 0.0, 0.0, 0.0, 0.0, 0.0, 0.0, 0.0, 0.0, 0.0, 0.0, 0.0, 0.0, 0.0, 0.0, 0.0, 0.0, 0.0, 0.0]], "Born radii": [], "Atomic SASAs": [], "Solvent H bonds": [], "Total SASA": NaN, "Total FOD": 0.0, "FOD": [0.0, 0.0, 0.0, 0.0, 0.0, 0.0, 0.0, 0.0, 0.0, 0.0, 0.0, 0.0, 0.0, 0.0, 0.0, 0.0, 0.0, 0.0, 0.0, 0.0, 0.0, 0.0, 0.0, 0.0, 0.0, 0.0, 0.0, 0.0, 0.0, 0.0, 0.0, 0.0, 0.0, 0.0, 0.0, 0.0, 0.0, 0.0], "FOD s proportion": [0.0, 0.0, 0.0, 0.0, 0.0, 0.0, 0.0, 0.0, 0.0, 0.0, 0.0, 0.0, 0.0, 0.0, 0.0, 0.0, 0.0, 0.0, 0.0, 0.0, 0.0, 0.0, 0.0, 0.0, 0.0, 0.0, 0.0, 0.0, 0.0, 0.0, 0.0, 0.0, 0.0, 0.0, 0.0, 0.0, 0.0, 0.0], "FOD p proportion": [0.0, 0.0, 0.0, 0.0, 0.0, 0.0, 0.0, 0.0, 0.0, 0.0, 0.0, 0.0, 0.0, 0.0, 0.0, 0.0, 0.0, 0.0, 0.0, 0.0, 0.0, 0.0, 0.0, 0.0, 0.0, 0.0, 0.0, 0.0, 0.0, 0.0, 0.0, 0.0, 0.0, 0.0, 0.0, 0.0, 0.0, 0.0], "FOD d proportion": [0.0, 0.0, 0.0, 0.0, 0.0, 0.0, 0.0, 0.0, 0.0, 0.0, 0.0, 0.0, 0.0, 0.0, 0.0, 0.0, 0.0, 0.0, 0.0, 0.0, 0.0, 0.0, 0.0, 0.0, 0.0, 0.0, 0.0, 0.0, 0.0, 0.0, 0.0, 0.0, 0.0, 0.0, 0.0, 0.0, 0.0, 0.0], "coordinates": [["-4.10830", "-1.36660", "-2.38190"], ["-4.13090", "0.14870", "-2.45880"], ["-2.79810", "0.65660", "-2.62230"], ["-2.08570", "0.83480", "-1.47650"], ["-2.49590", "0.61810", "-0.34580"], ["-0.71160", "1.35780", "-1.80820"], ["0.19740", "1.29790", "-0.58220"], ["1.80840", "2.06580", "-0.99320"], ["2.97130", "1.76530", "0.73950"], ["4.63230", "2.77210", "0.91580"], ["1.94370", "2.03960", "1.96960"], ["2.34800", "1.74350", "3.29230"], ["3.17770", "0.16330", "0.91500"], ["4.01540", "-0.52480", "0.00470"], ["0.41810", "-0.15060", "-0.17340"], ["0.80320", "-1.03080", "-0.93360"], ["0.13450", "-0.32130", "1.14620"], ["0.27280", "-1.65610", "1.65230"], ["-1.00720", "-2.43610", "1.41810"], ["-5.12400", "-1.76670", "-2.31660"], ["-3.54160", "-1.70820", "-1.50990"], ["-3.61800", "-1.78890", "-3.26530"], ["-4.70350", "0.46450", "-3.33710"], ["-4.61830", "0.58840", "-1.58110"], ["-0.30520", "0.75040", "-2.62650"], ["-0.83100", "2.39130", "-2.15410"], ["-0.24500", "1.85730", "0.24940"], ["3.02350", "2.51930", "3.66090"], ["2.83400", "0.76640", "3.34950"], ["1.45950", "1.72610", "3.92890"], ["5.06090", "-0.39930", "0.29680"], ["3.87020", "-0.16790", "-1.01770"], ["3.76770", "-1.58870", "0.04250"], ["1.13830", "-2.16250", "1.21020"], ["0.46330", "-1.57250", "2.72720"], ["-1.21930", "-2.53150", "0.34840"], ["-0.93580", "-3.43780", "1.85090"], ["-1.86090", "-1.91710", "1.86620"]], "bond_dist": [[0.0, 1.5174183536520178, 2.422344822687307, 3.123591183237653, 3.268726213680185, 4.391931003556409, 5.3737819857154605, 6.979770507688629, 8.347015737974859, 10.217717521051364, 8.195392284082562, 9.14073724269547, 8.142231857420912, 8.508759515346522, 5.181160604536401, 5.131585211218849, 5.616181401984805, 5.962601537919501, 5.020025045754253, 1.0936135469168256, 1.094633934244686, 1.0950465469558817, 2.1493248451548688, 2.1733397433443304, 4.3594825117208575, 4.991432714161336, 5.678235446861992, 10.12315276433187, 9.251711422758493, 8.966124400765361, 9.601319264559429, 8.182565953293626, 8.243689693941663, 6.408076995480001, 6.8589229606403945, 4.1422036526467405, 5.6807764900583795, 4.837376419093308], [1.5174183536520178, 0.0, 1.4356359218130479, 2.370335322269826, 2.7126242570617847, 3.6846730736932414, 4.855560636013106, 6.410814321129569, 7.955109256949272, 9.750068048993299, 7.751580131173256, 8.808784448492311, 8.049743695298627, 8.537250036750711, 5.099611225377871, 5.297433161447155, 5.604512660347909, 6.288960163651858, 5.609727831187534, 2.1622270024213464, 2.166970998883003, 2.160509759292931, 1.094993739708132, 1.09601648710227, 3.8763573970933067, 4.001429352119065, 5.03526364850938, 9.708548388404932, 9.089979878415575, 8.633856276890414, 9.611598337425468, 8.136006758846749, 8.465396766247876, 6.824051221964853, 7.138893407244571, 4.851933474399664, 6.453306156537128, 5.303400290379749], [2.422344822687307, 1.4356359218130479, 0.0, 1.3609285947469838, 2.296793273239888, 2.34689635476303, 3.6805290312671084, 5.085238804618717, 6.768817569561171, 8.49731345897043, 6.744101263326344, 7.914934616280794, 6.961754220022422, 7.397338522063189, 4.1222112379158835, 4.32069301617229, 4.874220288415369, 5.749018460572205, 5.394158716611887, 3.3727801870267204, 2.7170765631465006, 2.6582240800955814, 2.0441112029437147, 2.098064994226823, 2.4946676111257786, 2.6641842541385907, 4.025749742594539, 8.765801736863548, 8.20944588203126, 7.886013533465435, 8.449849147765894, 6.908021880393838, 7.433186447950837, 6.175000082591093, 6.650020076661423, 4.634830044348983, 6.343641768731901, 5.258222872796474], [3.123591183237653, 2.370335322269826, 1.3609285947469838, 0.0, 1.2221724182782066, 1.5072175357260145, 2.49535162051363, 4.112536285554207, 5.599083429455218, 7.389705987385425, 5.437206324023395, 6.574563469919505, 5.820100004295459, 6.423852956754225, 2.9896650665250113, 3.481515040898143, 3.6255221058490323, 4.642897209717226, 4.498961904706462, 4.087155141415603, 2.9304623133560344, 3.5258403849295274, 3.2329292120304767, 2.5467070659971864, 2.1212740534876677, 2.1109490993389683, 2.7225748015435682, 7.438705777889054, 6.8919084911220345, 6.52542779363928, 7.466022184537092, 6.0571156122365695, 6.5148296071347875, 5.157163966755372, 5.473900618389047, 3.9259246885288053, 5.536151328314645, 4.335565930763826], [3.268726213680185, 2.7126242570617847, 2.296793273239888, 1.2221724182782066, 0.0, 2.422704344322683, 2.7878087972456074, 4.587151680509376, 5.690713467571531, 7.552654222192355, 5.204977192072987, 6.161628354582902, 5.829768146333095, 6.620128272926439, 3.018611841558964, 3.7347611516668637, 3.166629204690691, 4.102449139233782, 3.828277489942441, 4.0593390213186185, 2.8036206929611573, 3.9466742530895553, 3.720882477316369, 2.455896972594738, 3.1651638614770006, 3.0308545230677106, 2.6375045952566603, 7.080394246791628, 6.487300593467209, 5.928398877437314, 7.652010439093768, 6.449532914870657, 6.652325013857937, 4.833247562457359, 4.795719132726603, 3.468659879550026, 4.869263569575999, 3.423946267101749], [4.391931003556409, 3.6846730736932414, 2.34689635476303, 1.5072175357260145, 2.422704344322683, 0.0, 1.527398117715221, 2.74151217396531, 4.496730362163158, 6.162603970725362, 4.667680598541422, 5.9602866457914585, 4.895845481630318, 5.401418162853159, 2.4948073452673656, 2.9605665268660997, 3.5019625040825324, 4.693367322083367, 4.988994714368817, 5.430492111217914, 4.183089634468762, 4.52460188966941, 4.36701107280483, 3.9882145955301853, 1.0971374617612872, 1.096369198764723, 2.1681636400419593, 6.72392066208399, 6.286724314776337, 6.145212486969022, 6.390632336475006, 4.893418230644096, 5.671955679481285, 4.992532489628886, 5.526020381793756, 4.476085046108932, 6.0363116064365, 5.054411524599081], [5.3737819857154605, 4.855560636013106, 3.6805290312671084, 2.49535162051363, 2.7878087972456074, 1.527398117715221, 0.0, 1.8313689988639645, 3.108033921951303, 4.907709002171991, 3.179837388924157, 4.45369396905535, 3.5229409716882856, 4.271277431869768, 1.5211765775214923, 2.4317317471300157, 2.3692048476229317, 3.70469855858746, 4.403977435228296, 6.381004190564366, 4.886449170921559, 5.593267114129272, 5.683559657468196, 4.969120440279144, 2.1752070016437517, 2.1734764157910713, 1.0955385342378423, 5.242380831263596, 4.7636558125036705, 4.703857444693663, 5.225587152655671, 3.9784029119735975, 4.633546345942814, 4.009034638164155, 4.388852621130038, 4.1877630794972145, 5.44343387394391, 4.535139077250002], [6.979770507688629, 6.410814321129569, 5.085238804618717, 4.112536285554207, 4.587151680509376, 2.74151217396531, 1.8313689988639645, 0.0, 2.1082898164151906, 3.4810274201735325, 2.9660034339157466, 4.3313457146711345, 3.022534694589956, 3.5465281290298543, 2.7417941370569743, 3.2562111049500455, 3.616243904937829, 4.817600774244375, 5.8317299886054395, 8.031040628087993, 6.56753796258537, 7.0332757275682, 7.103722299611662, 6.620484125802281, 2.9774571382305406, 2.901735932161988, 2.4091447797921983, 4.831436336122002, 4.647508903703144, 4.946129366484464, 4.28013717770821, 3.0399071005542257, 4.273979554232799, 4.814823616707054, 5.374746232149012, 5.665864906613994, 6.775629226130958, 6.124003858587941], [8.347015737974859, 7.955109256949272, 6.768817569561171, 5.599083429455218, 5.690713467571531, 4.496730362163158, 3.108033921951303, 2.1082898164151906, 0.0, 1.9502945751860152, 1.6261452149177822, 2.6278824117528545, 1.6247477373426313, 2.621952299337271, 3.320073713037107, 3.9138339808939264, 3.544959617541503, 4.452087605831673, 5.8258666454013515, 9.346050144312303, 7.716402595769612, 8.490561534433397, 8.787110061903173, 8.023235390414516, 4.805770516785004, 4.81895032657528, 3.254726977797062, 3.017584928382298, 2.7979907969827207, 3.5297801971227614, 3.0410367656442436, 2.762794833135461, 3.5170126471197114, 4.359938110799281, 4.6240592697326015, 6.014696817795556, 6.6009764414062255, 6.178970746815364], [10.217717521051364, 9.750068048993299, 8.49731345897043, 7.389705987385425, 7.552654222192355, 6.162603970725362, 4.907709002171991, 3.4810274201735325, 1.9502945751860152, 0.0, 2.979197987714143, 3.4530850988644923, 2.9869213648839166, 3.4756608623397076, 5.242901255030462, 5.704764287856248, 5.463736135649305, 6.257525688321223, 7.69295864931042, 11.235412982618842, 9.631705445558435, 10.312699370194013, 10.515195566892704, 9.827342248034306, 6.404222546882642, 6.2782912914263544, 5.006895574105775, 3.1918206857528824, 3.630373406414277, 4.498838455646079, 3.2595455081958895, 3.600391459272172, 4.530647049815291, 6.053510099107789, 6.287867692628399, 7.917786198174335, 8.392914132171256, 8.06557518345716], [8.195392284082562, 7.751580131173256, 6.744101263326344, 5.437206324023395, 5.204977192072987, 4.667680598541422, 3.179837388924157, 2.9660034339157466, 1.6261452149177822, 2.979197987714143, 0.0, 1.414450066280178, 2.4810156891886037, 3.83782754432765, 3.4229929009567046, 4.376832947463269, 3.086266516359208, 4.0682655505755765, 5.389234968898647, 9.10009963791606, 7.4994293902936375, 8.54365830016627, 8.650275876525557, 7.600874681903392, 5.276715177077497, 4.982725626602372, 2.7897542938402298, 2.063147066982865, 2.0779307832553036, 2.042446665154319, 4.296909225245514, 4.18430636904135, 4.49502517234331, 4.345457620320326, 3.976532199039761, 5.790320686283273, 6.18930696443471, 5.490095409917755], [9.14073724269547, 8.808784448492311, 7.914934616280794, 6.574563469919505, 6.161628354582902, 5.9602866457914585, 4.45369396905535, 4.3313457146711345, 2.6278824117528545, 3.4530850988644923, 1.414450066280178, 0.0, 2.9727074225358945, 4.328246921098656, 4.395816796682955, 5.285960493609464, 3.710623465133588, 4.307358262322743, 5.677944068058438, 9.98058351250066, 8.346421142621548, 9.54322395839058, 9.76260403837009, 8.57983795068415, 6.561852733032036, 6.339476224421069, 3.999479947443167, 1.0927176442247097, 1.0927910367494786, 1.09315807182676, 4.5743238298135385, 4.954456862260485, 4.86624135961216, 4.588610955398159, 3.8558122490598525, 6.298237967876412, 6.301336849431238, 5.757481461542017], [8.142231857420912, 8.049743695298627, 6.961754220022422, 5.820100004295459, 5.829768146333095, 4.895845481630318, 3.5229409716882856, 3.022534694589956, 1.6247477373426313, 2.9869213648839166, 2.4810156891886037, 2.9727074225358945, 0.0, 1.415580795998589, 2.983042059710188, 3.2375062965189736, 3.09020336547613, 3.5060336079393193, 4.952108437827266, 9.115172047196916, 7.384554472004388, 8.213862150048538, 8.960155650991785, 8.196879968622207, 5.001749800819709, 5.51842681386643, 3.8765364244387026, 3.621392059691963, 2.5315310683457946, 3.8050162010167576, 2.060371869347861, 2.0795622087352905, 2.04422607604932, 3.1073527382645185, 3.6966251960403023, 5.1881202376197875, 5.546594655281743, 5.533564453406141], [8.508759515346522, 8.537250036750711, 7.397338522063189, 6.423852956754225, 6.620128272926439, 5.401418162853159, 4.271277431869768, 3.5465281290298543, 2.621952299337271, 3.4756608623397076, 3.83782754432765, 4.328246921098656, 1.415580795998589, 0.0, 3.62109272734074, 3.384475104059712, 4.050409770628152, 4.242815127954551, 5.5567326739730785, 9.511013703070772, 7.79760846157333, 8.399978831520945, 9.389651694285577, 8.848432153212228, 5.216985033522715, 6.054060588563679, 4.887257580688785, 4.859856876493381, 3.7749954225137805, 5.19601012893547, 1.0927684612945239, 1.0925943483287839, 1.093008389720774, 3.52320818998821, 4.596422081358499, 5.616676835104545, 6.0339377590425975, 6.319381554392803], [5.181160604536401, 5.099611225377871, 4.1222112379158835, 2.9896650665250113, 3.018611841558964, 2.4948073452673656, 1.5211765775214923, 2.7417941370569743, 3.320073713037107, 5.242901255030462, 3.4229929009567046, 4.395816796682955, 2.983042059710188, 3.62109272734074, 0.0, 1.225135947558474, 1.3604821241015996, 2.370827456817556, 3.128555991188267, 6.157918305726375, 4.459997096411611, 5.3417202949986065, 6.051291784404384, 5.2813885721465335, 2.7115795212384977, 3.4561074795208553, 2.156414584443353, 5.349610421329762, 4.3690143304869125, 4.6298360813316055, 4.6731714680717635, 3.5538902895278013, 3.6516523082024115, 2.5457373411253568, 3.2306846039191135, 2.936330841373295, 4.091029154137135, 3.5319019536221554], [5.131585211218849, 5.297433161447155, 4.32069301617229, 3.481515040898143, 3.7347611516668637, 2.9605665268660997, 2.4317317471300157, 3.2562111049500455, 3.9138339808939264, 5.704764287856248, 4.376832947463269, 5.285960493609464, 3.2375062965189736, 3.384475104059712, 1.225135947558474, 0.0, 2.296980187115248, 2.712785111283236, 3.283734023942865, 6.130737121260379, 4.434893402326599, 5.055546453154198, 6.191645922531423, 5.695061644969262, 2.6957623059164546, 3.9838421529975308, 3.2923143607498964, 6.216298927014369, 5.069420291315369, 5.628066590757434, 4.476682443506575, 3.1871865681192872, 3.170533688513655, 2.447226050041148, 3.7162383588785044, 2.825974299246191, 4.070775141173976, 3.965077116526235], [5.616181401984805, 5.604512660347909, 4.874220288415369, 3.6255221058490323, 3.166629204690691, 3.5019625040825324, 2.3692048476229317, 3.616243904937829, 3.544959617541503, 5.463736135649305, 3.086266516359208, 3.710623465133588, 3.09020336547613, 4.050409770628152, 1.3604821241015996, 2.296980187115248, 0.0, 1.434208889945952, 2.4186334033912624, 6.460029972840683, 4.742580524355913, 5.974649634915842, 6.6425676157642535, 5.554712163559873, 3.946535476845483, 4.379768155964423, 2.3863294931756593, 4.7685475199477665, 3.650331824642795, 3.70012041020289, 4.999698122887021, 4.319889959246647, 4.003073655330364, 2.098029523147851, 2.0428342761956975, 2.711870815507258, 3.3696760126160497, 2.6545430491894457], [5.962601537919501, 6.288960163651858, 5.749018460572205, 4.642897209717226, 4.102449139233782, 4.693367322083367, 3.70469855858746, 4.817600774244375, 4.452087605831673, 6.257525688321223, 4.0682655505755765, 4.307358262322743, 3.5060336079393193, 4.242815127954551, 2.370827456817556, 2.712785111283236, 1.434208889945952, 0.0, 1.5171188615266769, 6.69998879178167, 4.954984420762592, 6.272061083886221, 7.3589821585597015, 6.278177683054216, 4.943020907299503, 5.664671407945918, 3.8184060561967477, 5.388393973161205, 3.912638435889521, 4.246226712035051, 5.132526483126998, 4.720691262940206, 3.848418481662305, 1.0958939820986338, 1.0948466650631947, 2.1662970202629186, 2.162084829510628, 2.1602198730684803], [5.020025045754253, 5.609727831187534, 5.394158716611887, 4.498961904706462, 3.828277489942441, 4.988994714368817, 4.403977435228296, 5.8317299886054395, 5.8258666454013515, 7.69295864931042, 5.389234968898647, 5.677944068058438, 4.952108437827266, 5.5567326739730785, 3.128555991188267, 3.283734023942865, 2.4186334033912624, 1.5171188615266769, 0.0, 5.598582203558326, 3.940330667596312, 5.400868452388004, 6.684911449675306, 5.584160106945358, 5.1966696460329285, 6.007948904576337, 4.514431535642112, 6.769984009582297, 5.361075419167315, 5.450929679421668, 6.498284815241634, 5.904818679688649, 5.040836451423514, 2.1728436713210644, 2.149864651553674, 1.0946897551361296, 1.0935340369645565, 1.0949695429554194], [1.0936135469168256, 2.1622270024213464, 3.3727801870267204, 4.087155141415603, 4.0593390213186185, 5.430492111217914, 6.381004190564366, 8.031040628087993, 9.346050144312303, 11.235412982618842, 9.10009963791606, 9.98058351250066, 9.115172047196916, 9.511013703070772, 6.157918305726375, 6.130737121260379, 6.460029972840683, 6.69998879178167, 5.598582203558326, 0.0, 1.7771260225431396, 1.7800450921254773, 2.4892757862478794, 2.5185687900075315, 5.44542595762719, 5.9787305717852846, 6.597148853861037, 10.976431956697038, 10.092128062009518, 9.723599865276235, 10.603387681774159, 9.227076259032435, 9.20105242350026, 7.198012029025792, 7.529644969718028, 4.788927450901715, 6.14016699284311, 5.307189238193792], [1.094633934244686, 2.166970998883003, 2.7170765631465006, 2.9304623133560344, 2.8036206929611573, 4.183089634468762, 4.886449170921559, 6.56753796258537, 7.716402595769612, 9.631705445558435, 7.4994293902936375, 8.346421142621548, 7.384554472004388, 7.79760846157333, 4.459997096411611, 4.434893402326599, 4.742580524355913, 4.954984420762592, 3.940330667596312, 1.7771260225431396, 0.0, 1.7589140428116432, 3.0674576997898435, 2.53746406674065, 4.21494892970247, 4.956636586436411, 5.164832843374508, 9.365333250877942, 8.389617922170235, 8.147758166514272, 8.887091219853659, 7.586142904665057, 7.473291945321018, 5.4320158790268644, 5.831865474271504, 3.086126871986957, 4.5909352467661755, 3.7770945063633237], [1.0950465469558817, 2.160509759292931, 2.6582240800955814, 3.5258403849295274, 3.9466742530895553, 4.52460188966941, 5.593267114129272, 7.0332757275682, 8.490561534433397, 10.312699370194013, 8.54365830016627, 9.54322395839058, 8.213862150048538, 8.399978831520945, 5.3417202949986065, 5.055546453154198, 5.974649634915842, 6.272061083886221, 5.400868452388004, 1.7800450921254773, 1.7589140428116432, 0.0, 2.5022543935419517, 3.0803709224702143, 4.222647720329036, 5.145503520550735, 6.084818775444343, 10.518667022489113, 9.587149791778575, 9.481178454706988, 9.48382042111722, 7.984515389176727, 8.095071671702481, 6.5415645605619455, 7.253543609850291, 4.400459537366523, 6.007376339967391, 5.425507156017767], [2.1493248451548688, 1.094993739708132, 2.0441112029437147, 3.2329292120304767, 3.720882477316369, 4.36701107280483, 5.683559657468196, 7.103722299611662, 8.787110061903173, 10.515195566892704, 8.650275876525557, 9.76260403837009, 8.960155650991785, 9.389651694285577, 6.051291784404384, 6.191645922531423, 6.6425676157642535, 7.3589821585597015, 6.684911449675306, 2.4892757862478794, 3.0674576997898435, 2.5022543935419517, 0.0, 1.7624262395913197, 4.464497066859828, 4.484228304848004, 5.889065829144721, 10.625475802993483, 10.080459782172637, 9.61087714831482, 10.454419496557424, 8.904374082999883, 9.348719475949633, 7.855297163697883, 8.22319437505888, 5.890549710341133, 7.5059211679846465, 6.389579345309048], [2.1733397433443304, 1.09601648710227, 2.098064994226823, 2.5467070659971864, 2.455896972594738, 3.9882145955301853, 4.969120440279144, 6.620484125802281, 8.023235390414516, 9.827342248034306, 7.600874681903392, 8.57983795068415, 8.196879968622207, 8.848432153212228, 5.2813885721465335, 5.695061644969262, 5.554712163559873, 6.278177683054216, 5.584160106945358, 2.5185687900075315, 2.53746406674065, 3.0803709224702143, 1.7624262395913197, 0.0, 4.440938726215438, 4.233487770148864, 4.907809119148787, 9.465941371569972, 8.937520665710373, 8.282156369569462, 9.909034884387077, 8.540728393995444, 8.814807846459274, 6.963996701607489, 7.003827258006868, 5.000994627071699, 6.445906971869824, 5.075890296292858], [4.3594825117208575, 3.8763573970933067, 2.4946676111257786, 2.1212740534876677, 3.1651638614770006, 1.0971374617612872, 2.1752070016437517, 2.9774571382305406, 4.805770516785004, 6.404222546882642, 5.276715177077497, 6.561852733032036, 5.001749800819709, 5.216985033522715, 2.7115795212384977, 2.6957623059164546, 3.946535476845483, 4.943020907299503, 5.1966696460329285, 5.44542595762719, 4.21494892970247, 4.222647720329036, 4.464497066859828, 4.440938726215438, 0.0, 1.7866673473257413, 3.0821506225361537, 7.330801433676949, 6.750363593170371, 6.858529415260971, 6.217919442225028, 4.567874504624662, 5.402172176078803, 5.028811544490408, 5.886302774237832, 4.52288364099719, 6.1632610167021165, 5.4