{"total energy": -32.51718681, "HOMO-LUMO gap/eV": 3.70311854, "electronic energy": -32.95074192, "dipole": [-0.33582257, 0.28890341, 1.16658583], "partial charges": [-0.10070384, -0.0491459, -0.0530295, -0.08100484, 0.23180479, -0.36644263, -0.08289963, -0.04911557, -0.05229332, -0.1014301, 0.03679531, 0.0308854, 0.03259108, 0.03664019, 0.02415853, 0.03087555, 0.05221449, 0.050511, 0.06017096, 0.04302977, 0.05953124, 0.03863388, 0.03318325, 0.03717519, 0.03740748, 0.03240544, 0.03596901, 0.03208276], "atomic dipole moments": [[-0.08584365, -0.04308979, 0.03722227], [0.1024436, -0.05326255, 0.00734805], [-0.12074146, 0.039867, 0.01303658], [0.02264921, 0.00405329, -0.08459961], [0.00151508, 0.00118236, -0.01533491], [-0.0443099, 0.02613791, 0.15447891], [0.02974071, 0.1055394, -0.01404684], [0.04997172, -0.06505024, -0.0902507], [-0.03469059, 0.03857525, 0.10925156], [0.05431948, -0.08780955, -0.00712047], [0.05113169, -0.06861431, -0.09400662], [0.08604788, 0.01419987, 0.08989095], [-0.02576236, 0.11349545, -0.04563007], [-0.08317752, -0.0019902, -0.094202], [-0.04687556, 0.07462876, 0.08399373], [0.08220764, 0.00708975, 0.08889091], [0.05585684, -0.07485613, -0.08987291], [-0.05325631, 0.0821236, 0.08205169], [0.03914019, -0.10528595, 0.06819544], [-0.00046531, -0.06116677, 0.10859086], [-0.05796432, -0.0859816, -0.0792721], [-0.10711337, -0.02042875, 0.05576429], [0.05840121, 0.08196018, 0.07308651], [-0.06306704, -0.07664812, -0.0766265], [0.10748876, 0.02780371, -0.05955754], [-0.11318321, -0.01928022, 0.05085268], [-0.01773386, 0.05012015, -0.11411878], [0.0608731, 0.0851362, 0.06979742]], "atomic quadrupole moments": [[0.12940414, 0.12319648, -0.04750712, -0.10113239, -0.06313861, -0.08189703], [0.0416024, 0.05521373, 0.10510108, -0.08531938, -0.15873989, -0.14670349], [0.05140743, 0.0747332, 0.08771404, -0.08098231, -0.17128927, -0.13912146], [0.12085057, 0.14445965, -0.14736507, 0.01572549, -0.00126411, 0.0265145], [-0.28055175, -0.15611603, 0.56617984, 0.02851013, -0.21779118, -0.28562809], [-0.12025221, -0.07189942, 0.23740575, 0.01521549, -0.09376612, -0.11715354], [0.12173045, -0.09702263, 0.00424545, -0.11363796, 0.00564457, -0.1259759], [-0.13400861, -0.18366184, 0.09903372, 0.02780969, -0.08091755, 0.03497489], [-0.13620908, -0.18532068, 0.07815371, 0.02272433, -0.09079922, 0.05805537], [-0.02805483, -0.16198702, 0.13715119, -0.01511337, 0.02052163, -0.10909636], [-0.02034729, -0.01505018, 0.00504958, -0.03220242, 0.05703133, 0.0152977], [0.01259229, 0.01030414, -0.05086115, 0.05416044, 0.00090054, 0.03826886], [-0.02104472, -0.02720156, 0.0569254, 0.00610641, -0.04487395, -0.03588069], [-0.00020792, 0.01809953, -0.02090624, 0.0390711, 0.00628736, 0.02111416], [-0.02755484, -0.01004308, 0.00235639, -0.02825733, 0.03420418, 0.02519845], [-0.00059765, 0.0197148, -0.02101378, 0.0467023, 0.00016745, 0.02161143], [-0.02963561, -0.00868036, 0.00726366, -0.02091873, 0.03237161, 0.02237195], [0.00458348, -0.00950148, 0.00808125, -0.0328412, 0.04940937, -0.01266473], [-0.00855365, -0.01616987, 0.03370527, 0.00538346, -0.04973403, -0.02515162], [-0.02709917, -0.00461123, -0.02908232, 0.00207073, -0.03444254, 0.05618149], [-0.00396946, 0.01448484, -0.01343501, 0.02959053, 0.03685567, 0.01740447], [0.04327404, 0.00968477, -0.02041624, -0.02581708, -0.02154989, -0.02285781], [-0.00050988, 0.03183597, 0.00774885, 0.03367699, 0.01994543, -0.00723896], [-0.00549439, 0.02803908, 0.01645831, 0.03052228, 0.02253866, -0.01096393], [0.04308884, 0.00881118, -0.01892987, -0.02375959, -0.01340823, -0.02415897], [0.04967108, 0.02388201, -0.02043452, -0.0499552, -0.01218963, -0.02923655], [-0.04523087, -0.01607196, -0.02079778, 0.00916275, -0.03690364, 0.06602865], [0.00266537, 0.03182988, 0.00585929, 0.04234084, 0.04676012, -0.00852466]], "number of molecular orbitals": 58, "number of electrons": 60, "number of unpaired electrons": 0, "orbital energies/eV": [-19.01280671, -17.46277815, -17.23341214, -16.86309706, -16.63851254, -16.18049448, -15.80666499, -15.46135775, -15.28861481, -15.07716662, -14.72722482, -14.47963266, -14.24143208, -13.82741943, -13.73273798, -13.55217281, -13.43410857, -13.273903, -13.1399545, -12.7099558, -12.62052334, -12.44049179, -12.24816111, -12.16850486, -12.01832276, -11.82888244, -11.74236965, -11.66915737, -11.51542394, -10.57997474, -6.8768562, 1.38379223, 1.97585726, 2.25167712, 2.76649566, 2.98797371, 3.20024942, 3.58320528, 3.68073463, 3.92519616, 4.08083137, 4.31285831, 4.60847555, 4.66994994, 4.82817973, 4.86661821, 5.16891805, 5.65144068, 6.05018171, 6.33249269, 6.49314262, 6.76913989, 6.87838553, 7.31821355, 7.47798695, 7.89404542, 8.48081165, 15.11687101], "fractional occupation": [2.0, 2.0, 2.0, 2.0, 2.0, 2.0, 2.0, 2.0, 2.0, 2.0, 2.0, 2.0, 2.0, 2.0, 2.0, 2.0, 2.0, 2.0, 2.0, 2.0, 2.0, 2.0, 2.0, 2.0, 2.0, 2.0, 2.0, 2.0, 2.0, 2.0, 0.0, 0.0, 0.0, 0.0, 0.0, 0.0, 0.0, 0.0, 0.0, 0.0, 0.0, 0.0, 0.0, 0.0, 0.0, 0.0, 0.0, 0.0, 0.0, 0.0, 0.0, 0.0, 0.0, 0.0, 0.0, 0.0, 0.0, 0.0], "program call": "xtb /home/svss/Project-DBcg-Debug/aqme2_20220329/End-to-End-workflows-final/example-3/QDESCP/mol_179_rdkit_conf_5/mol_179_rdkit_conf_5.xyz --pop --wbo --acc 0.2 --gfn 2 --chrg 0 --uhf 0 --etemp 300 --input /home/svss/Project-DBcg-Debug/aqme2_20220329/End-to-End-workflows-final/example-3/QDESCP/mol_179_rdkit_conf_5/mol_179_rdkit_conf_5_xtb.inp", "method": "GFN2-xTB", "xtb version": "6.3.3 (7355c4f)", "Dipole module/D": 3.172, "Total charge": 0, "Transition dipole module/D": NaN, "HOMO": -10.58, "LUMO": -6.8769, "HOMO occupancy": 2.0, "LUMO occupancy": 0, "mulliken charges": [-0.08255, -0.03981, -0.03357, -0.08406, 0.39133, -0.49629, -0.08493, -0.03555, -0.0403, -0.08444, 0.03185, 0.02457, 0.02893, 0.03371, 0.01634, 0.02283, 0.04353, 0.03608, 0.05537, 0.03618, 0.05612, 0.03032, 0.0227, 0.03052, 0.03516, 0.02656, 0.03293, 0.02647], "cm5 charges": [-0.2329, -0.15169, -0.14202, -0.18641, 0.40805, -0.54887, -0.18691, -0.14482, -0.15219, -0.23482, 0.08318, 0.07587, 0.07971, 0.09094, 0.07124, 0.07781, 0.10162, 0.09308, 0.11148, 0.09206, 0.11447, 0.08529, 0.07877, 0.08558, 0.09216, 0.07785, 0.08371, 0.07777], "FUKUI+": [0.012, 0.006, 0.02, 0.026, -0.19, -0.289, 0.021, 0.008, 0.007, 0.013, -0.014, -0.021, -0.026, 0.012, -0.018, -0.053, -0.021, -0.085, -0.095, -0.083, -0.065, -0.059, -0.03, -0.019, 0.01, -0.022, -0.028, -0.015], "FUKUI-": [0.017, 0.007, 0.014, -0.0, -0.023, -0.128, -0.002, 0.013, 0.007, 0.017, -0.047, -0.058, -0.039, -0.055, -0.051, -0.08, -0.043, -0.043, -0.058, -0.054, -0.048, -0.079, -0.042, -0.051, -0.05, -0.052, -0.037, -0.036], "FUKUIrad": [0.015, 0.007, 0.017, 0.013, -0.106, -0.208, 0.009, 0.01, 0.007, 0.015, -0.03, -0.04, -0.032, -0.022, -0.035, -0.066, -0.032, -0.064, -0.076, -0.068, -0.057, -0.069, -0.036, -0.035, -0.02, -0.037, -0.032, -0.026], "s proportion": [1.007, 1.027, 1.029, 1.042, 1.081, 1.74, 1.042, 1.031, 1.028, 1.008, 0.968, 0.975, 0.971, 0.966, 0.984, 0.977, 0.956, 0.964, 0.945, 0.964, 0.944, 0.97, 0.977, 0.969, 0.965, 0.973, 0.967, 0.974], "p proportion": [3.075, 3.012, 3.005, 3.042, 2.527, 4.756, 3.043, 3.004, 3.012, 3.076, 0.0, 0.0, 0.0, 0.0, 0.0, 0.0, 0.0, 0.0, 0.0, 0.0, 0.0, 0.0, 0.0, 0.0, 0.0, 0.0, 0.0, 0.0], "d proportion": [0.0, 0.0, 0.0, 0.0, 0.0, 0.0, 0.0, 0.0, 0.0, 0.0, 0.0, 0.0, 0.0, 0.0, 0.0, 0.0, 0.0, 0.0, 0.0, 0.0, 0.0, 0.0, 0.0, 0.0, 0.0, 0.0, 0.0, 0.0], "Fermi-level/eV": -8.7284, "Coordination numbers": [3.75, 3.8, 3.801, 3.801, 2.811, 0.856, 3.802, 3.802, 3.8, 3.75, 0.924, 0.924, 0.924, 0.924, 0.924, 0.924, 0.924, 0.924, 0.924, 0.924, 0.924, 0.924, 0.924, 0.924, 0.924, 0.924, 0.924, 0.924], "Dispersion coefficient C6": [22.487, 21.457, 21.526, 22.046, 23.145, 21.022, 22.081, 21.453, 21.514, 22.501, 2.492, 2.574, 2.55, 2.494, 2.671, 2.574, 2.293, 2.314, 2.197, 2.409, 2.205, 2.467, 2.542, 2.487, 2.484, 2.553, 2.503, 2.557], "Total dispersion C6": 5612.626055, "Total dispersion C8": 119238.797945, "Polarizability alpha": [6.763, 6.595, 6.606, 6.685, 7.882, 6.147, 6.69, 6.594, 6.604, 6.765, 2.469, 2.509, 2.497, 2.47, 2.556, 2.509, 2.368, 2.379, 2.318, 2.427, 2.322, 2.456, 2.493, 2.466, 2.465, 2.499, 2.474, 2.501], "Total polarizability alpha": 111.508885, "Wiberg matrix": [[0.0, 1.0203635172590217, 0.0, 0.0, 0.0, 0.0, 0.0, 0.0, 0.0, 0.0, 0.9874954716327751, 0.9876862236036774, 0.9872747841803596, 0.0, 0.0, 0.0, 0.0, 0.0, 0.0, 0.0, 0.0, 0.0, 0.0, 0.0, 0.0, 0.0, 0.0, 0.0], [1.0203635172590217, 0.0, 1.0083768409800253, 0.0, 0.0, 0.0, 0.0, 0.0, 0.0, 0.0, 0.0, 0.0, 0.0, 0.976886893270414, 0.9780613475444405, 0.0, 0.0, 0.0, 0.0, 0.0, 0.0, 0.0, 0.0, 0.0, 0.0, 0.0, 0.0, 0.0], [0.0, 1.0083768409800253, 0.0, 1.004245875199174, 0.0, 0.0, 0.0, 0.0, 0.0, 0.0, 0.0, 0.0, 0.0, 0.0, 0.0, 0.9765971345039799, 0.9744618849811535, 0.0, 0.0, 0.0, 0.0, 0.0, 0.0, 0.0, 0.0, 0.0, 0.0, 0.0], [0.0, 0.0, 1.004245875199174, 0.0, 0.9937141749858853, 0.0, 0.0, 0.0, 0.0, 0.0, 0.0, 0.0, 0.0, 0.0, 0.0, 0.0, 0.0, 0.9616787106869482, 0.9428346446038571, 0.0, 0.0, 0.0, 0.0, 0.0, 0.0, 0.0, 0.0, 0.0], [0.0, 0.0, 0.0, 0.9937141749858853, 0.0, 1.8570842045017344, 0.9902455014072898, 0.0, 0.0, 0.0, 0.0, 0.0, 0.0, 0.0, 0.0, 0.0, 0.0, 0.0, 0.0, 0.0, 0.0, 0.0, 0.0, 0.0, 0.0, 0.0, 0.0, 0.0], [0.0, 0.0, 0.0, 0.0, 1.8570842045017344, 0.0, 0.0, 0.0, 0.0, 0.0, 0.0, 0.0, 0.0, 0.0, 0.0, 0.0, 0.0, 0.0, 0.0, 0.0, 0.0, 0.0, 0.0, 0.0, 0.0, 0.0, 0.0, 0.0], [0.0, 0.0, 0.0, 0.0, 0.9902455014072898, 0.0, 0.0, 0.98377300741723, 0.0, 0.0, 0.0, 0.0, 0.0, 0.0, 0.0, 0.0, 0.0, 0.0, 0.0, 0.9641200206554221, 0.9705432196330354, 0.0, 0.0, 0.0, 0.0, 0.0, 0.0, 0.0], [0.0, 0.0, 0.0, 0.0, 0.0, 0.0, 0.98377300741723, 0.0, 1.0081513572947587, 0.0, 0.0, 0.0, 0.0, 0.0, 0.0, 0.0, 0.0, 0.0, 0.0, 0.0, 0.0, 0.9742266468473721, 0.974513613077507, 0.0, 0.0, 0.0, 0.0, 0.0], [0.0, 0.0, 0.0, 0.0, 0.0, 0.0, 0.0, 1.0081513572947587, 0.0, 1.0199258686257555, 0.0, 0.0, 0.0, 0.0, 0.0, 0.0, 0.0, 0.0, 0.0, 0.0, 0.0, 0.0, 0.0, 0.9773057676321857, 0.976801337023024, 0.0, 0.0, 0.0], [0.0, 0.0, 0.0, 0.0, 0.0, 0.0, 0.0, 0.0, 1.0199258686257555, 0.0, 0.0, 0.0, 0.0, 0.0, 0.0, 0.0, 0.0, 0.0, 0.0, 0.0, 0.0, 0.0, 0.0, 0.0, 0.0, 0.9875199939304603, 0.986940648766913, 0.9876933053132779], [0.9874954716327751, 0.0, 0.0, 0.0, 0.0, 0.0, 0.0, 0.0, 0.0, 0.0, 0.0, 0.0, 0.0, 0.0, 0.0, 0.0, 0.0, 0.0, 0.0, 0.0, 0.0, 0.0, 0.0, 0.0, 0.0, 0.0, 0.0, 0.0], [0.9876862236036774, 0.0, 0.0, 0.0, 0.0, 0.0, 0.0, 0.0, 0.0, 0.0, 0.0, 0.0, 0.0, 0.0, 0.0, 0.0, 0.0, 0.0, 0.0, 0.0, 0.0, 0.0, 0.0, 0.0, 0.0, 0.0, 0.0, 0.0], [0.9872747841803596, 0.0, 0.0, 0.0, 0.0, 0.0, 0.0, 0.0, 0.0, 0.0, 0.0, 0.0, 0.0, 0.0, 0.0, 0.0, 0.0, 0.0, 0.0, 0.0, 0.0, 0.0, 0.0, 0.0, 0.0, 0.0, 0.0, 0.0], [0.0, 0.976886893270414, 0.0, 0.0, 0.0, 0.0, 0.0, 0.0, 0.0, 0.0, 0.0, 0.0, 0.0, 0.0, 0.0, 0.0, 0.0, 0.0, 0.0, 0.0, 0.0, 0.0, 0.0, 0.0, 0.0, 0.0, 0.0, 0.0], [0.0, 0.9780613475444405, 0.0, 0.0, 0.0, 0.0, 0.0, 0.0, 0.0, 0.0, 0.0, 0.0, 0.0, 0.0, 0.0, 0.0, 0.0, 0.0, 0.0, 0.0, 0.0, 0.0, 0.0, 0.0, 0.0, 0.0, 0.0, 0.0], [0.0, 0.0, 0.9765971345039799, 0.0, 0.0, 0.0, 0.0, 0.0, 0.0, 0.0, 0.0, 0.0, 0.0, 0.0, 0.0, 0.0, 0.0, 0.0, 0.0, 0.0, 0.0, 0.0, 0.0, 0.0, 0.0, 0.0, 0.0, 0.0], [0.0, 0.0, 0.9744618849811535, 0.0, 0.0, 0.0, 0.0, 0.0, 0.0, 0.0, 0.0, 0.0, 0.0, 0.0, 0.0, 0.0, 0.0, 0.0, 0.0, 0.0, 0.0, 0.0, 0.0, 0.0, 0.0, 0.0, 0.0, 0.0], [0.0, 0.0, 0.0, 0.9616787106869482, 0.0, 0.0, 0.0, 0.0, 0.0, 0.0, 0.0, 0.0, 0.0, 0.0, 0.0, 0.0, 0.0, 0.0, 0.0, 0.0, 0.0, 0.0, 0.0, 0.0, 0.0, 0.0, 0.0, 0.0], [0.0, 0.0, 0.0, 0.9428346446038571, 0.0, 0.0, 0.0, 0.0, 0.0, 0.0, 0.0, 0.0, 0.0, 0.0, 0.0, 0.0, 0.0, 0.0, 0.0, 0.0, 0.0, 0.0, 0.0, 0.0, 0.0, 0.0, 0.0, 0.0], [0.0, 0.0, 0.0, 0.0, 0.0, 0.0, 0.9641200206554221, 0.0, 0.0, 0.0, 0.0, 0.0, 0.0, 0.0, 0.0, 0.0, 0.0, 0.0, 0.0, 0.0, 0.0, 0.0, 0.0, 0.0, 0.0, 0.0, 0.0, 0.0], [0.0, 0.0, 0.0, 0.0, 0.0, 0.0, 0.9705432196330354, 0.0, 0.0, 0.0, 0.0, 0.0, 0.0, 0.0, 0.0, 0.0, 0.0, 0.0, 0.0, 0.0, 0.0, 0.0, 0.0, 0.0, 0.0, 0.0, 0.0, 0.0], [0.0, 0.0, 0.0, 0.0, 0.0, 0.0, 0.0, 0.9742266468473721, 0.0, 0.0, 0.0, 0.0, 0.0, 0.0, 0.0, 0.0, 0.0, 0.0, 0.0, 0.0, 0.0, 0.0, 0.0, 0.0, 0.0, 0.0, 0.0, 0.0], [0.0, 0.0, 0.0, 0.0, 0.0, 0.0, 0.0, 0.974513613077507, 0.0, 0.0, 0.0, 0.0, 0.0, 0.0, 0.0, 0.0, 0.0, 0.0, 0.0, 0.0, 0.0, 0.0, 0.0, 0.0, 0.0, 0.0, 0.0, 0.0], [0.0, 0.0, 0.0, 0.0, 0.0, 0.0, 0.0, 0.0, 0.9773057676321857, 0.0, 0.0, 0.0, 0.0, 0.0, 0.0, 0.0, 0.0, 0.0, 0.0, 0.0, 0.0, 0.0, 0.0, 0.0, 0.0, 0.0, 0.0, 0.0], [0.0, 0.0, 0.0, 0.0, 0.0, 0.0, 0.0, 0.0, 0.976801337023024, 0.0, 0.0, 0.0, 0.0, 0.0, 0.0, 0.0, 0.0, 0.0, 0.0, 0.0, 0.0, 0.0, 0.0, 0.0, 0.0, 0.0, 0.0, 0.0], [0.0, 0.0, 0.0, 0.0, 0.0, 0.0, 0.0, 0.0, 0.0, 0.9875199939304603, 0.0, 0.0, 0.0, 0.0, 0.0, 0.0, 0.0, 0.0, 0.0, 0.0, 0.0, 0.0, 0.0, 0.0, 0.0, 0.0, 0.0, 0.0], [0.0, 0.0, 0.0, 0.0, 0.0, 0.0, 0.0, 0.0, 0.0, 0.986940648766913, 0.0, 0.0, 0.0, 0.0, 0.0, 0.0, 0.0, 0.0, 0.0, 0.0, 0.0, 0.0, 0.0, 0.0, 0.0, 0.0, 0.0, 0.0], [0.0, 0.0, 0.0, 0.0, 0.0, 0.0, 0.0, 0.0, 0.0, 0.9876933053132779, 0.0, 0.0, 0.0, 0.0, 0.0, 0.0, 0.0, 0.0, 0.0, 0.0, 0.0, 0.0, 0.0, 0.0, 0.0, 0.0, 0.0, 0.0]], "Born radii": [], "Atomic SASAs": [], "Solvent H bonds": [], "Total SASA": NaN, "Total FOD": 0.0, "FOD": [0.0, 0.0, 0.0, 0.0, 0.0, 0.0, 0.0, 0.0, 0.0, 0.0, 0.0, 0.0, 0.0, 0.0, 0.0, 0.0, 0.0, 0.0, 0.0, 0.0, 0.0, 0.0, 0.0, 0.0, 0.0, 0.0, 0.0, 0.0], "FOD s proportion": [0.0, 0.0, 0.0, 0.0, 0.0, 0.0, 0.0, 0.0, 0.0, 0.0, 0.0, 0.0, 0.0, 0.0, 0.0, 0.0, 0.0, 0.0, 0.0, 0.0, 0.0, 0.0, 0.0, 0.0, 0.0, 0.0, 0.0, 0.0], "FOD p proportion": [0.0, 0.0, 0.0, 0.0, 0.0, 0.0, 0.0, 0.0, 0.0, 0.0, 0.0, 0.0, 0.0, 0.0, 0.0, 0.0, 0.0, 0.0, 0.0, 0.0, 0.0, 0.0, 0.0, 0.0, 0.0, 0.0, 0.0, 0.0], "FOD d proportion": [0.0, 0.0, 0.0, 0.0, 0.0, 0.0, 0.0, 0.0, 0.0, 0.0, 0.0, 0.0, 0.0, 0.0, 0.0, 0.0, 0.0, 0.0, 0.0, 0.0, 0.0, 0.0, 0.0, 0.0, 0.0, 0.0, 0.0, 0.0], "coordinates": [["3.33490", "1.49660", "-0.50490"], ["2.06350", "0.85620", "0.03000"], ["2.33790", "-0.53650", "0.60290"], ["1.07990", "-1.18410", "1.17870"], ["0.07660", "-1.60280", "0.11600"], ["0.40460", "-1.82330", "-1.05000"], ["-1.36210", "-1.77630", "0.56160"], ["-2.10400", "-0.44640", "0.65710"], ["-2.34010", "0.19400", "-0.71260"], ["-3.12980", "1.48810", "-0.59140"], ["3.77020", "0.89280", "-1.30760"], ["4.08240", "1.60650", "0.28720"], ["3.11790", "2.49110", "-0.90730"], ["1.32790", "0.79740", "-0.77980"], ["1.63720", "1.50060", "0.80770"], ["3.08230", "-0.45180", "1.40430"], ["2.77600", "-1.17760", "-0.17140"], ["0.59970", "-0.49550", "1.88140"], ["1.35420", "-2.08940", "1.73190"], ["-1.35550", "-2.27770", "1.53620"], ["-1.86580", "-2.45450", "-0.13670"], ["-3.07230", "-0.62390", "1.14080"], ["-1.55230", "0.25300", "1.29590"], ["-2.88720", "-0.50140", "-1.35970"], ["-1.38330", "0.40890", "-1.20120"], ["-4.11030", "1.30880", "-0.13890"], ["-3.28790", "1.92950", "-1.58040"], ["-2.59450", "2.21770", "0.02470"]], "bond_dist": [[0.0, 1.5207524880795036, 2.520858078115466, 3.886603459320233, 4.5396383181923206, 4.461561174073488, 5.823324279138163, 5.891275431517355, 5.826279348778258, 6.465284262118721, 1.0947090115642604, 1.0946491081620628, 1.0945524245096714, 2.1430118175129134, 2.145954344807923, 2.739546305503888, 2.7522603619570587, 4.140556622001443, 4.667530688704682, 6.356986853848292, 6.541715596080282, 6.946730207802804, 5.354824501325884, 6.590691576003235, 4.891762077206945, 7.456556033451368, 6.723509686168377, 5.996519467991412], [1.5207524880795036, 0.0, 1.5307263177981882, 2.5396465777741595, 3.1625699375665985, 3.3313765112937923, 4.352859998897277, 4.411131081706823, 4.514604806624828, 5.268377402958144, 2.1687181029354647, 2.169114828680123, 2.15944174730415, 1.0956006754287804, 1.096266546055292, 2.1534897097502, 2.16438458920775, 2.7198318495818814, 3.4750725834146254, 4.87642580687946, 5.140809456690648, 5.459030526567881, 3.8781906464226332, 5.318249179946347, 3.687324364630809, 6.192671508323367, 5.6905925007858364, 4.852903701908786], [2.520858078115466, 1.5307263177981882, 0.0, 1.5275782794999408, 2.5470659571357785, 2.85054056978672, 3.902410758749007, 4.44314429880462, 4.9140466522002, 5.951562898936715, 2.782874777994871, 2.7812579420111323, 3.472098184095605, 2.1705410615788865, 2.1639546991561533, 1.0970630838743962, 1.0965770880334862, 2.1581432969105645, 2.1572679713007377, 4.188559405093832, 4.679404433258574, 5.437576593483534, 4.029542814017491, 5.581639613948575, 4.242155986052375, 6.747939135024856, 6.519016837683425, 5.678776509073058], [3.886603459320233, 2.5396465777741595, 1.5275782794999408, 0.0, 1.520280194569409, 2.4148934593476374, 2.5874460863948454, 3.309605272536289, 4.143980610475874, 5.29107559386558, 4.211046828283912, 4.1949048690047785, 4.691687866855594, 2.7970642645459542, 2.7669185712629853, 2.1440066254561807, 2.167848580966853, 1.094782759272359, 1.0958279153224744, 2.693499651011672, 3.467180671669707, 4.189991084716052, 3.0012445901658866, 4.7589322604970965, 3.7774233612344807, 5.906673870292823, 6.031982643376885, 5.1385965593729965], [4.5396383181923206, 3.1625699375665985, 2.5470659571357785, 1.520280194569409, 0.0, 1.231162154226648, 1.516086837882316, 2.5268689182464534, 3.123380714866505, 4.509443261645499, 4.679459079851004, 5.135693679533467, 5.2016022329663, 2.851169824826294, 3.5418939580399633, 3.46680694299524, 2.7477543849478248, 2.1485772176023836, 2.116642182798028, 2.126821210163186, 2.135923205548364, 3.4531190914881575, 2.7366901286042595, 3.4892524829825655, 2.8130518551921506, 5.106125750507913, 5.164762966487427, 4.662545565460996], [4.461561174073488, 3.3313765112937923, 2.85054056978672, 2.4148934593476374, 1.231162154226648, 0.0, 2.3917969081843053, 3.3321341479598328, 3.422968907249962, 4.864942680032314, 4.332530476522929, 5.203637643033957, 5.098667231738114, 2.7916947218490775, 4.002332227589309, 3.8826122688210836, 2.610058315440481, 3.224007259607211, 2.951527906017492, 3.1611488117455018, 2.5273002374074984, 4.281004392663012, 3.6937414785011686, 3.5607977954385444, 2.863942158982964, 5.569961905614795, 5.291444816871853, 5.1458004139297895], [5.823324279138163, 4.352859998897277, 3.902410758749007, 2.5874460863948454, 1.516086837882316, 2.3917969081843053, 0.0, 1.5258341554703774, 2.5420762636081555, 3.8872200413663234, 6.079350848569278, 6.415700386551729, 6.359148525549628, 3.9571941637983854, 4.449094212308838, 4.713505585018438, 4.244950211722158, 2.6890481438605742, 2.97420903602958, 1.0960340688135566, 1.0960345888702598, 2.1420276468804036, 2.1664327868641577, 2.7645422243112874, 2.807670265540453, 4.1906020450527155, 4.693593855458736, 4.214155593947617], [5.891275431517355, 4.411131081706823, 4.44314429880462, 3.309605272536289, 2.5268689182464534, 3.3321341479598328, 1.5258341554703774, 0.0, 1.5303376947589051, 2.5205769458598164, 6.337170375648741, 6.528611596656674, 6.1922930502359135, 3.922965416620442, 4.2201974835308365, 5.239851590455593, 5.003545312076228, 2.9683859233596968, 3.976655790988202, 2.1648853895760856, 2.1724003521450643, 1.0968485902803538, 1.0961745709511785, 2.164234155538628, 2.168922651917306, 2.7820105553358347, 3.471732459450181, 2.7817168835091755], [5.826279348778258, 4.514604806624828, 4.9140466522002, 4.143980610475874, 3.123380714866505, 3.422968907249962, 2.5420762636081555, 1.5303376947589051, 0.0, 1.5208584220761643, 6.17884394769766, 6.651560910042092, 5.924891602383963, 3.7179068573593934, 4.453923095429467, 5.8566837894836015, 5.3243462706702305, 3.980787646936219, 4.983708288012051, 3.4836531816471052, 2.7515765571759037, 2.154105106534962, 2.158282208146099, 1.0961924922202304, 1.0956177298674936, 2.1692207748405874, 2.1594818660965873, 2.168799746403526], [6.465284262118721, 5.268377402958144, 5.951562898936715, 5.29107559386558, 4.509443261645499, 4.864942680032314, 3.8872200413663234, 2.5205769458598164, 1.5208584220761643, 0.0, 6.962565944391479, 7.266483699837218, 6.335578671281732, 4.5148256156799675, 4.968090786207514, 6.807071096293911, 6.493137156259676, 4.8947501519485135, 6.188900155924315, 4.675047795477603, 4.165158202277555, 2.7320993924087027, 2.75243157044821, 2.146450535185938, 2.1416794648126034, 1.0946620437377006, 1.0945092827381595, 1.0947335109514094], [1.0947090115642604, 2.1687181029354647, 2.782874777994871, 4.211046828283912, 4.679459079851004, 4.332530476522929, 6.079350848569278, 6.337170375648741, 6.17884394769766, 6.962565944391479, 0.0, 1.774886917524607, 1.7720886744178461, 2.5005006078783505, 3.064898681849043, 3.104119388812228, 2.5624090696061788, 4.706290273665661, 4.895828131174541, 6.664238079480654, 6.658822726278272, 7.423937479532003, 5.959577379311389, 6.8020204946765634, 5.177262058269796, 7.9775432270843885, 7.139043517166708, 6.636248141080922], [1.0946491081620628, 2.169114828680123, 2.7812579420111323, 4.1949048690047785, 5.135693679533467, 5.203637643033957, 6.415700386551729, 6.528611596656674, 6.651560910042092, 7.266483699837218, 1.774886917524607, 0.0, 1.7718938060730387, 3.062744204141116, 2.5022266284251713, 2.546509632811154, 3.109374170150643, 4.36910482021203, 4.815590321030227, 6.798365027710707, 7.214741537297091, 7.542748120545986, 5.882115438343589, 7.465309516691186, 5.789944456555693, 8.209172905354105, 7.610097295698656, 6.709952704751353], [1.0945524245096714, 2.15944174730415, 3.472098184095605, 4.691687866855594, 5.2016022329663, 5.098667231738114, 6.359148525549628, 6.1922930502359135, 5.924891602383963, 6.335578671281732, 1.7720886744178461, 1.7718938060730387, 0.0, 2.4675850421008794, 2.472809685357933, 3.742381905952411, 3.7573666456708747, 4.799787337997382, 5.572880276840693, 6.980218710756848, 7.0632888522274095, 7.226099546089854, 5.627961432881359, 6.724652260154424, 4.968172248422954, 7.364451581075131, 6.465503213981106, 5.794383946546863], [2.1430118175129134, 1.0956006754287804, 2.1705410615788865, 2.7970642645459542, 2.851169824826294, 2.7916947218490775, 3.9571941637983854, 3.922965416620442, 3.7179068573593934, 4.5148256156799675, 2.5005006078783505, 3.062744204141116, 2.4675850421008794, 0.0, 1.763607943960335, 3.067362516886454, 2.523443910611052, 3.046941267894739, 3.8266098337823786, 4.692625232212775, 4.603058864494349, 5.007050837568958, 3.5917201853707934, 4.448621523573341, 2.771121731357177, 5.499663808815954, 4.819566413070786, 4.248493156402632], [2.145954344807923, 1.096266546055292, 2.1639546991561533, 2.7669185712629853, 3.5418939580399633, 4.002332227589309, 4.449094212308838, 4.2201974835308365, 4.453923095429467, 4.968090786207514, 3.064898681849043, 2.5022266284251713, 2.472809685357933, 1.763607943960335, 0.0, 2.5012219673591547, 3.07054677378476, 2.4927200304085493, 3.7178400503518167, 4.874681161881257, 5.367095710903617, 5.177243099372483, 3.459444355673321, 5.401464812437456, 3.788259277029491, 5.828086740088894, 5.490317552746836, 4.362866752491989], [2.739546305503888, 2.1534897097502, 1.0970630838743962, 2.1440066254561807, 3.46680694299524, 3.8826122688210836, 4.713505585018438, 5.239851590455593, 5.8566837894836015, 6.807071096293911, 3.104119388812228, 2.546509632811154, 3.742381905952411, 3.067362516886454, 2.5012219673591547, 0.0, 1.7616571232791018, 2.5284059919245565, 2.403203097950733, 4.800560098571832, 5.556004130668011, 6.162641626770131, 4.689137528373421, 6.578532238273215, 5.241280196669512, 7.564038164895785, 7.426874969999159, 6.423051039031217], [2.7522603619570587, 2.16438458920775, 1.0965770880334862, 2.167848580966853, 2.7477543849478248, 2.610058315440481, 4.244950211722158, 5.003545312076228, 5.3243462706702305, 6.493137156259676, 2.5624090696061788, 3.109374170150643, 3.7573666456708747, 2.523443910611052, 3.07054677378476, 1.7616571232791018, 0.0, 3.0684735521102344, 2.5446896411939903, 4.603847306329783, 4.814351975084498, 6.019224652727292, 4.788921229254037, 5.82590229664041, 4.569162590672387, 7.321500454141896, 6.957746375084392, 6.3567906643211085], [4.140556622001443, 2.7198318495818814, 2.1581432969105645, 1.094782759272359, 2.1485772176023836, 3.224007259607211, 2.6890481438605742, 2.9683859233596968, 3.980787646936219, 4.8947501519485135, 4.706290273665661, 4.36910482021203, 4.799787337997382, 3.046941267894739, 2.4927200304085493, 2.5284059919245565, 3.0684735521102344, 0.0, 1.7697846507414396, 2.6679967990985296, 3.7402003769851686, 3.748140728414556, 2.3524809244710148, 4.7605919411350515, 3.775268350726873, 5.433342486904355, 5.742657747071473, 4.583852394002233], [4.667530688704682, 3.4750725834146254, 2.1572679713007377, 1.0958279153224744, 2.116642182798028, 2.951527906017492, 2.97420903602958, 3.976655790988202, 4.983708288012051, 6.188900155924315, 4.895828131174541, 4.815590321030227, 5.572880276840693, 3.8266098337823786, 3.7178400503518167, 2.403203097950733, 2.5446896411939903, 1.7697846507414396, 0.0, 2.723275503873965, 3.740770504855918, 4.700105499879763, 3.7582809913576183, 5.4835397801055485, 4.726360624201247, 6.701374197133003, 6.976530721640951, 6.087517880055877], [6.356986853848292, 4.87642580687946, 4.188559405093832, 2.693499651011672, 2.126821210163186, 3.1611488117455018, 1.0960340688135566, 2.1648853895760856, 3.4836531816471052, 4.675047795477603, 6.664238079480654, 6.798365027710707, 6.980218710756848, 4.692625232212775, 4.874681161881257, 4.800560098571832, 4.603847306329783, 2.6679967990985296, 2.723275503873965, 0.0, 1.7579131776057657, 2.4163604532436795, 2.5496895536515813, 3.7266048073279787, 3.835616138249499, 4.822640905147303, 5.581030116385326, 4.9018745812189035], [6.541715596080282, 5.140809456690648, 4.679404433258574, 3.467180671669707, 2.135923205548364, 2.5273002374074984, 1.0960345888702598, 2.1724003521450643, 2.7515765571759037, 4.165158202277555, 6.658822726278272, 7.214741537297091, 7.0632888522274095, 4.603058864494349, 5.367095710903617, 5.556004130668011, 4.814351975084498, 3.7402003769851686, 3.740770504855918, 1.7579131776057657, 0.0, 2.5374681988155046, 3.0791526853990208, 2.520632176657277, 3.092737631937116, 4.381804648772009, 4.82970952542697, 4.731438099563388], [6.946730207802804, 5.459030526567881, 5.437576593483534, 4.189991084716052, 3.4531190914881575, 4.281004392663012, 2.1420276468804036, 1.0968485902803538, 2.154105106534962, 2.7320993924087027, 7.423937479532003, 7.542748120545986, 7.226099546089854, 5.007050837568958, 5.177243099372483, 6.162641626770131, 6.019224652727292, 3.748140728414556, 4.700105499879763, 2.4163604532436795, 2.5374681988155046, 0.0, 1.7616496870831044, 2.5103323505066015, 3.0666530354769512, 2.539764827695667, 3.7378154529082894, 3.090091035875804], [5.354824501325884, 3.8781906464226332, 4.029542814017491, 3.0012445901658866, 2.7366901286042595, 3.6937414785011686, 2.1664327868641577, 1.0961745709511785, 2.158282208146099, 2.75243157044821, 5.959577379311389, 5.882115438343589, 5.627961432881359, 3.5917201853707934, 3.459444355673321, 4.689137528373421, 4.788921229254037, 2.3524809244710148, 3.7582809913576183, 2.5496895536515813, 3.0791526853990208, 1.7616496870831044, 0.0, 3.0664782291743076, 2.5076630993815736, 3.1171667712844626, 3.75447217328881, 2.5616745246029984], [6.590691576003235, 5.318249179946347, 5.581639613948575, 4.7589322604970965, 3.4892524829825655, 3.5607977954385444, 2.7645422243112874, 2.164234155538628, 1.0961924922202304, 2.146450535185938, 6.8020204946765634, 7.465309516691186, 6.724652260154424, 4.448621523573341, 5.401464812437456, 6.578532238273215, 5.82590229664041, 4.7605919411350515, 5.4835397801055485, 3.7266048073279787, 2.520632176657277, 2.5103323505066015, 3.0664782291743076, 0.0, 1.7650732421064006, 2.502628676012484, 2.4735690388586287, 3.0652473733778804], [4.891762077206945, 3.687324364630809, 4.242155986052375, 3.7774233612344807, 2.8130518551921506, 2.863942158982964, 2.807670265540453, 2.168922651917306, 1.0956177298674936, 2.1416794648126034, 5.177262058269796, 5.789944456555693, 4.968172248422954, 2.771121731357177, 3.788259277029491, 5.241280196669512, 4.569162590672387, 3.775268350726873, 4.726360624201247, 3.835616138249499, 3.092737631937116, 3.0666530354769512, 2.5076630993815736, 1.7650732421064006, 0.0, 3.0618344664596084, 2.4664788991596907, 2.4983181722911114], [7.456556033451368, 6.192671508323367, 6.747939135024856, 5.906673870292823, 5.106125750507913, 5.569961905614795, 4.1906020450527155, 2.7820105553358347, 2.1692207748405874, 1.0946620437377006, 7.9775432270843885, 8.209172905354105, 7.364451581075131, 5.499663808815954, 5.828086740088894, 7.564038164895785, 7.321500454141896, 5.433342486904355, 6.701374197133003, 4.822640905147303, 4.381804648772009, 2.539764827695667, 3.1171667712844626, 2.502628676012484, 3.0618344664596084, 0.0, 1.7718725970001339, 1.7749686785968923], [6.723509686168377, 5.6905925007858364, 6.519016837683425, 6.031982643376885, 5.164762966487427, 5.291444816871853, 4.693593855458736, 3.471732459450181, 2.1594818660965873, 1.0945092827381595, 7.139043517166708, 7.610097295698656, 6.465503213981106, 4.819566413070786, 5.490317552746836, 7.426874969999159, 6.957746375084392, 5.742657747071473, 6.976530721640951, 5.581030116385326, 4.82970952542697, 3.7378154529082894, 3.75447217328881, 2.4735690388586287, 2.4664788991596907, 1.7718725970001339, 0.0, 1.7720634328375493], [5.996519467991412, 4.852903701908786, 5.678776509073058, 5.1385965593729965, 4.662545565460996, 5.1458004139297895, 4.214155593947617, 2.7817168835091755, 2.168799746403526, 1.0947335109514094, 6.636248141080922, 6.709952704751353, 5.794383946546863, 4.248493156402632, 4.362866752491989, 6.423051039031217, 6.3567906643211085, 4.583852394002233, 6.087517880055877, 4.9018745812189035, 4.731438099563388, 3.090091035875804, 2.5616745246029984, 3.0652473733778804, 2.4983181722911114, 1.7749686785968923, 1.7720634328375493, 0.0]]}