{"total energy": -58.95848175, "HOMO-LUMO gap/eV": 3.9964775, "electronic energy": -59.67410239, "dipole": [-0.92317122, 0.62853597, -1.07421443], "partial charges": [-0.09499034, -0.05799628, -0.00019823, -0.04292662, -0.03432679, -0.04313729, 0.00815713, -0.10638619, 0.04124564, -0.10882155, 0.04917931, -0.11107653, 0.07710669, -0.32640704, 0.03893879, 0.26192277, -0.42437753, 0.00986462, -0.16784765, 0.02763197, 0.03654703, 0.03970502, 0.04563237, 0.04141504, 0.03865018, 0.03771869, 0.04102245, 0.04880619, 0.05517458, 0.05003385, 0.0611712, 0.04233924, 0.05706949, 0.05712847, 0.05570088, 0.02619422, 0.0357285, 0.03107276, 0.05753222, 0.06708256, 0.07872018], "atomic dipole moments": [[0.02795578, -0.05571061, -0.08520088], [-0.05008478, -0.03098007, 0.10050807], [0.05104872, 0.0613386, 0.00588882], [0.01560102, 0.00169094, 0.0079704], [0.00012069, 0.0019931, -0.00103113], [0.01990006, 0.00465088, 0.00951352], [0.04997864, -0.03568228, 0.04405711], [-0.044754, 0.05829347, -0.04099903], [0.16083613, 0.03702535, 0.07826741], [0.02927751, -0.03365065, -0.03193137], [-0.03148148, -0.0034381, 0.15041294], [-0.07186249, 0.11360543, -0.00074329], [0.0464928, -0.01008799, -0.20705263], [0.03072262, 0.12103479, 0.25555317], [-0.14250289, -0.16518676, -0.02656252], [-0.02729996, -0.00832581, 0.00205018], [-0.17229216, -0.00752685, -0.08323942], [0.06865445, -0.16379668, 0.08265862], [0.09997516, 0.1306071, -0.03957781], [0.06119888, -0.04363705, 0.10248891], [-0.12408591, -0.00515136, 0.0269438], [0.03070904, 0.1212589, -0.01091409], [0.12160083, 0.01705749, -0.03211292], [-0.04941147, 0.05948965, -0.09620728], [-0.08880251, 0.10228485, -0.06816241], [-0.13235943, -0.03383335, -0.06466361], [-0.05738664, -0.14100621, -0.00332763], [0.03882285, -0.08083975, -0.09499593], [-0.07529401, -0.06470487, 0.08710791], [0.1097799, 0.02587629, 0.06597271], [-0.03704743, 0.01414943, -0.12261711], [-0.06545557, -0.09718297, -0.04505501], [0.04821855, -0.0410884, 0.11498297], [0.10344695, 0.01002123, -0.08030592], [0.08608617, -0.02646603, 0.08937656], [-0.06212246, 0.096247, 0.0355577], [0.0832001, -0.03764728, 0.08035211], [-0.06511435, 0.09487896, 0.03652963], [0.06075744, 0.03303709, -0.10604921], [-0.12151073, 0.00113145, -0.05731668], [-0.00364025, 0.10825871, 0.0797835]], "atomic quadrupole moments": [[-0.10614762, -0.04054513, -0.03089897, -0.06566003, 0.1425352, 0.13704659], [-0.1273722, 0.04271387, 0.10350773, -0.03691622, 0.12925569, 0.02386447], [-0.14635595, 0.02267011, -0.09234344, -0.32427872, 0.12289938, 0.23869939], [-0.1117039, -0.04771686, -0.19516696, -0.31189724, 0.12191242, 0.30687087], [-0.10938146, -0.07459782, -0.21967846, -0.32882728, 0.12342193, 0.32905992], [-0.08675812, -0.09211623, -0.2314346, -0.30156631, 0.10104235, 0.31819272], [-0.1061416, -0.16688575, -0.20205179, -0.24869899, 0.03549437, 0.3081934], [-0.01454653, -0.09048445, 0.08393723, 0.07020324, -0.07604696, -0.0693907], [0.13949317, 0.02362191, -0.39447188, -0.14481758, 0.16079911, 0.25497871], [0.05788549, 0.00277355, 0.00284737, 0.01333118, -0.00168722, -0.06073286], [0.09556209, 0.05746717, 0.0319721, -0.15234014, 0.03531783, -0.12753419], [-0.01139057, -0.15167633, 0.15177866, -0.00695748, 0.00940685, -0.14038809], [-0.07780594, 0.25088702, -0.07732631, -0.26382222, -0.06705379, 0.15513226], [-0.0322913, 0.12929293, -0.01986235, -0.05344015, 0.01679191, 0.05215365], [0.03636605, 0.36081963, 0.16870908, 0.06454122, 0.09620098, -0.20507514], [-0.23003554, -0.05071265, 0.5169907, -0.02418201, 0.00922655, -0.28695516], [-0.08759204, -0.01870448, 0.18684077, 0.01857158, -0.00505594, -0.09924873], [-0.13351155, -0.02175036, 0.10976048, -0.07177969, -0.33459077, 0.02375106], [-0.28644789, -0.01388202, 0.28827462, 0.00535935, -0.42123922, -0.00182673], [-0.00776683, -0.03881928, -0.01799127, 0.04186063, -0.03441907, 0.0257581], [0.07721878, 0.01660521, -0.0460431, -0.01099704, 0.00758045, -0.03117568], [-0.04329696, 0.03247947, 0.06880529, -0.0139386, -0.01515285, -0.02550833], [0.06520847, -0.01066869, -0.02519332, 0.00217325, 0.00749006, -0.04001515], [-0.0067131, -0.01801347, -0.00563728, 0.04824779, -0.0137872, 0.01235038], [0.00698606, 0.01669937, 0.03901806, 0.03672865, -0.01557041, -0.04600412], [0.00766576, 0.00681007, 0.03654712, 0.03909445, -0.01950037, -0.04421288], [0.01153755, -0.0010417, 0.02943528, 0.04276686, -0.02119322, -0.04097283], [-0.03413349, -0.02465827, -0.0038797, -0.007647, 0.05504094, 0.03801319], [0.02573219, 0.02930963, -0.02009704, -0.03962798, -0.04323818, -0.00563515], [0.03272048, 0.0435181, -0.01074674, 0.04609526, 0.0198059, -0.02197374], [0.00470926, -0.0132306, -0.01550644, 0.01998885, -0.00943872, 0.01079717], [0.01225651, 0.05120872, 0.02337469, 0.03466962, 0.02784629, -0.0356312], [-0.03596986, -0.0107015, -0.03268308, 0.03221654, -0.01180909, 0.06865293], [0.02582849, 0.01858355, -0.02629123, -0.05900709, -0.02086715, 0.00046274], [0.00098685, -0.01140178, -0.01490812, 0.0160232, -0.02868059, 0.01392127], [0.00874227, -0.03574016, 0.0097505, -0.0316941, 0.00439527, -0.01849277], [0.00656858, -0.00729568, -0.0095746, 0.05914859, -0.02134957, 0.00300602], [0.00675314, -0.03249025, 0.0337641, -0.01583738, 0.03766068, -0.04051724], [-0.02001469, 0.02329504, -0.03315137, -0.04545723, -0.01507729, 0.05316606], [0.01474284, 0.02131292, -0.01827673, 0.04244876, -0.01033526, 0.00353389], [-0.03293182, 0.01019985, 0.02203682, 0.00542983, 0.02997292, 0.010895]], "number of molecular orbitals": 103, "number of electrons": 106, "number of unpaired electrons": 0, "orbital energies/eV": [-28.622785, -19.10407015, -18.92078069, -18.27403046, -17.92602899, -17.80954366, -17.45192926, -17.4124853, -17.17865991, -16.94900537, -16.9009405, -16.53138881, -16.45331979, -16.22742736, -16.16984177, -15.89749223, -15.55522425, -15.50674665, -15.15706893, -15.03746477, -14.94774979, -14.87522977, -14.65213842, -14.3526239, -14.23678386, -14.23477575, -13.92295473, -13.82546933, -13.78337295, -13.72266772, -13.65485247, -13.54929296, -13.36634737, -13.35962011, -13.21728785, -13.17003311, -12.81118936, -12.76681697, -12.73732128, -12.55798526, -12.49542366, -12.38340993, -12.20190647, -12.1224759, -11.99029444, -11.81241477, -11.55273136, -11.36620424, -11.24108607, -10.95887669, -10.93300718, -10.78870079, -10.69828239, -6.70180489, -6.46909788, -6.35816016, -4.1180379, -3.24030421, -1.60121511, 0.24989948, 0.47096408, 0.66178943, 0.67047358, 0.7518881, 1.38592799, 1.52587401, 2.15216689, 2.46444613, 2.768868, 2.92843226, 3.13425012, 3.20292689, 3.36450072, 3.52300952, 3.63195964, 3.80459484, 3.95938513, 4.04537971, 4.19068005, 4.36261321, 4.51932482, 4.56161163, 4.73660783, 5.00739847, 5.14773464, 5.34188265, 5.53368494, 5.71447407, 5.87230008, 5.93390977, 6.48601027, 6.54578997, 6.61954345, 6.71596055, 7.51653633, 8.16084509, 9.63799459, 10.36375926, 11.33961709, 11.57878647, 14.70437604, 15.92253058, 16.28735729], "fractional occupation": [2.0, 2.0, 2.0, 2.0, 2.0, 2.0, 2.0, 2.0, 2.0, 2.0, 2.0, 2.0, 2.0, 2.0, 2.0, 2.0, 2.0, 2.0, 2.0, 2.0, 2.0, 2.0, 2.0, 2.0, 2.0, 2.0, 2.0, 2.0, 2.0, 2.0, 2.0, 2.0, 2.0, 2.0, 2.0, 2.0, 2.0, 2.0, 2.0, 2.0, 2.0, 2.0, 2.0, 2.0, 2.0, 2.0, 2.0, 2.0, 2.0, 2.0, 2.0, 2.0, 2.0, 0.0, 0.0, 0.0, 0.0, 0.0, 0.0, 0.0, 0.0, 0.0, 0.0, 0.0, 0.0, 0.0, 0.0, 0.0, 0.0, 0.0, 0.0, 0.0, 0.0, 0.0, 0.0, 0.0, 0.0, 0.0, 0.0, 0.0, 0.0, 0.0, 0.0, 0.0, 0.0, 0.0, 0.0, 0.0, 0.0, 0.0, 0.0, 0.0, 0.0, 0.0, 0.0, 0.0, 0.0, 0.0, 0.0, 0.0, 0.0, 0.0, 0.0], "program call": "xtb /home/svss/Project-DBcg-Debug/aqme2_20220329/End-to-End-workflows-final/example-3/QDESCP/mol_481_rdkit_conf_13/mol_481_rdkit_conf_13.xyz --pop --wbo --acc 0.2 --gfn 2 --chrg 0 --uhf 0 --etemp 300 --input /home/svss/Project-DBcg-Debug/aqme2_20220329/End-to-End-workflows-final/example-3/QDESCP/mol_481_rdkit_conf_13/mol_481_rdkit_conf_13_xtb.inp", "method": "GFN2-xTB", "xtb version": "6.3.3 (7355c4f)", "Dipole module/D": 3.939, "Total charge": 0, "Transition dipole module/D": NaN, "HOMO": -10.6983, "LUMO": -6.7018, "HOMO occupancy": 2.0, "LUMO occupancy": 0, "mulliken charges": [-0.07881, -0.04002, -0.01206, -0.04346, -0.02576, -0.04344, -0.00307, -0.08707, 0.10254, -0.28551, 0.12714, -0.0954, 0.18668, -0.47585, 0.17237, 0.45709, -0.54722, 0.03124, -0.11542, 0.02577, 0.02923, 0.03519, 0.03851, 0.03249, 0.03482, 0.03484, 0.03589, 0.04294, 0.04195, 0.04305, 0.04047, 0.02825, 0.0494, 0.0466, 0.03955, 0.01885, 0.01917, 0.01453, 0.0328, 0.0335, 0.05824], "cm5 charges": [-0.2276, -0.14458, -0.02025, -0.09663, -0.08112, -0.0966, -0.01338, -0.2297, 0.15703, -0.52534, 0.11757, -0.23795, 0.10996, -0.5813, 0.04961, 0.54646, -0.59451, -0.05896, -0.12261, 0.07994, 0.0809, 0.08608, 0.09818, 0.08796, 0.0911, 0.09024, 0.09206, 0.09508, 0.09443, 0.10166, 0.11376, 0.08262, 0.10604, 0.10038, 0.10851, 0.08648, 0.07813, 0.0735, 0.09172, 0.0948, 0.11633], "FUKUI+": [0.011, 0.012, -0.043, -0.021, -0.042, -0.029, -0.03, 0.022, -0.036, -0.042, 0.01, 0.012, 0.006, -0.009, 0.008, -0.053, -0.121, 0.018, -0.098, -0.001, -0.016, -0.032, -0.025, -0.033, -0.058, -0.064, -0.058, -0.04, -0.031, -0.017, -0.018, -0.008, -0.008, -0.031, -0.01, -0.004, -0.01, -0.007, -0.017, -0.034, -0.053], "FUKUI-": [0.009, 0.007, -0.02, -0.021, -0.023, -0.016, -0.023, 0.017, -0.012, -0.037, 0.006, 0.011, 0.015, -0.08, 0.022, -0.006, -0.077, 0.018, -0.129, -0.002, -0.017, -0.024, -0.01, -0.027, -0.042, -0.044, -0.041, -0.04, -0.035, -0.014, -0.024, -0.019, -0.015, -0.029, -0.042, -0.04, -0.045, -0.042, -0.037, -0.034, -0.039], "FUKUIrad": [0.01, 0.01, -0.031, -0.021, -0.033, -0.023, -0.027, 0.019, -0.024, -0.04, 0.008, 0.012, 0.011, -0.045, 0.015, -0.029, -0.099, 0.018, -0.113, -0.001, -0.016, -0.028, -0.018, -0.03, -0.05, -0.054, -0.049, -0.04, -0.033, -0.016, -0.021, -0.013, -0.012, -0.03, -0.026, -0.022, -0.028, -0.025, -0.027, -0.034, -0.046], "s proportion": [1.008, 1.026, 1.096, 1.063, 1.06, 1.063, 1.094, 1.009, 1.053, 1.454, 1.041, 1.016, 1.005, 1.697, 0.971, 1.011, 1.733, 1.05, 1.949, 0.974, 0.971, 0.965, 0.961, 0.968, 0.965, 0.965, 0.964, 0.957, 0.958, 0.957, 0.96, 0.972, 0.951, 0.953, 0.96, 0.981, 0.981, 0.985, 0.967, 0.967, 0.942], "p proportion": [3.071, 3.014, 2.916, 2.98, 2.966, 2.981, 2.909, 3.078, 2.845, 3.831, 2.832, 3.08, 2.808, 4.779, 2.856, 2.531, 4.814, 2.919, 5.182, 0.0, 0.0, 0.0, 0.0, 0.0, 0.0, 0.0, 0.0, 0.0, 0.0, 0.0, 0.0, 0.0, 0.0, 0.0, 0.0, 0.0, 0.0, 0.0, 0.0, 0.0, 0.0], "d proportion": [0.0, 0.0, 0.0, 0.0, 0.0, 0.0, 0.0, 0.0, 0.0, 0.0, 0.0, 0.0, 0.0, 0.0, 0.0, 0.0, 0.0, 0.0, -0.015, 0.0, 0.0, 0.0, 0.0, 0.0, 0.0, 0.0, 0.0, 0.0, 0.0, 0.0, 0.0, 0.0, 0.0, 0.0, 0.0, 0.0, 0.0, 0.0, 0.0, 0.0, 0.0], "Fermi-level/eV": -8.7, "Coordination numbers": [3.75, 3.804, 2.96, 2.915, 2.906, 2.917, 2.957, 3.755, 2.904, 2.731, 3.785, 3.75, 3.699, 1.696, 3.649, 2.784, 0.857, 3.713, 0.923, 0.924, 0.924, 0.924, 0.924, 0.924, 0.925, 0.925, 0.925, 0.924, 0.924, 0.924, 0.923, 0.924, 0.924, 0.924, 0.924, 0.924, 0.924, 0.924, 0.924, 0.925, 0.924], "Dispersion coefficient C6": [22.377, 21.614, 28.032, 29.066, 28.854, 29.071, 27.836, 22.588, 27.075, 23.379, 19.766, 22.689, 19.449, 19.462, 20.237, 22.588, 22.174, 20.539, 104.403, 2.62, 2.495, 2.453, 2.375, 2.43, 2.467, 2.479, 2.435, 2.335, 2.256, 2.32, 2.186, 2.418, 2.234, 2.233, 2.25, 2.641, 2.507, 2.571, 2.228, 2.118, 1.992], "Total dispersion C6": 17213.831569, "Total dispersion C8": 411100.709142, "Polarizability alpha": [6.746, 6.619, 8.684, 8.841, 8.808, 8.842, 8.654, 6.777, 8.532, 7.181, 6.333, 6.793, 6.307, 5.956, 6.463, 7.785, 6.313, 6.476, 15.632, 2.531, 2.47, 2.449, 2.41, 2.438, 2.456, 2.462, 2.44, 2.39, 2.349, 2.382, 2.312, 2.432, 2.337, 2.337, 2.346, 2.542, 2.476, 2.508, 2.334, 2.276, 2.207], "Total polarizability alpha": 200.625562, "Wiberg matrix": [[0.0, 1.0045981895245752, 0.0, 0.0, 0.0, 0.0, 0.0, 0.0, 0.0, 0.0, 0.0, 0.0, 0.0, 0.0, 0.0, 0.0, 0.0, 0.0, 0.0, 0.9865915929016966, 0.9875380254634147, 0.9853200964011404, 0.0, 0.0, 0.0, 0.0, 0.0, 0.0, 0.0, 0.0, 0.0, 0.0, 0.0, 0.0, 0.0, 0.0, 0.0, 0.0, 0.0, 0.0, 0.0], [1.0045981895245752, 0.0, 1.0106434432255784, 0.0, 0.0, 0.0, 0.0, 0.0, 0.0, 0.0, 0.0, 0.0, 0.0, 0.0, 0.0, 0.0, 0.0, 0.0, 0.0, 0.0, 0.0, 0.0, 0.9655932560266824, 0.9733869651758449, 0.0, 0.0, 0.0, 0.0, 0.0, 0.0, 0.0, 0.0, 0.0, 0.0, 0.0, 0.0, 0.0, 0.0, 0.0, 0.0, 0.0], [0.0, 1.0106434432255784, 0.0, 1.414397200216501, 0.0, 0.1077972068430792, 0.0, 0.0, 1.3686708185154137, 0.0, 0.0, 0.0, 0.0, 0.0, 0.0, 0.0, 0.0, 0.0, 0.0, 0.0, 0.0, 0.0, 0.0, 0.0, 0.0, 0.0, 0.0, 0.0, 0.0, 0.0, 0.0, 0.0, 0.0, 0.0, 0.0, 0.0, 0.0, 0.0, 0.0, 0.0, 0.0], [0.0, 0.0, 1.414397200216501, 0.0, 1.4368500698159625, 0.0, 0.10526640697187395, 0.0, 0.0, 0.0, 0.0, 0.0, 0.0, 0.0, 0.0, 0.0, 0.0, 0.0, 0.0, 0.0, 0.0, 0.0, 0.0, 0.0, 0.9682315645255315, 0.0, 0.0, 0.0, 0.0, 0.0, 0.0, 0.0, 0.0, 0.0, 0.0, 0.0, 0.0, 0.0, 0.0, 0.0, 0.0], [0.0, 0.0, 0.0, 1.4368500698159625, 0.0, 1.4475224619068594, 0.0, 0.0, 0.0, 0.0, 0.0, 0.0, 0.0, 0.0, 0.0, 0.0, 0.0, 0.0, 0.0, 0.0, 0.0, 0.0, 0.0, 0.0, 0.0, 0.9700441444526997, 0.0, 0.0, 0.0, 0.0, 0.0, 0.0, 0.0, 0.0, 0.0, 0.0, 0.0, 0.0, 0.0, 0.0, 0.0], [0.0, 0.0, 0.1077972068430792, 0.0, 1.4475224619068594, 0.0, 1.4033540240594025, 0.0, 0.0, 0.0, 0.0, 0.0, 0.0, 0.0, 0.0, 0.0, 0.0, 0.0, 0.0, 0.0, 0.0, 0.0, 0.0, 0.0, 0.0, 0.0, 0.9689572028558646, 0.0, 0.0, 0.0, 0.0, 0.0, 0.0, 0.0, 0.0, 0.0, 0.0, 0.0, 0.0, 0.0, 0.0], [0.0, 0.0, 0.0, 0.10526640697187395, 0.0, 1.4033540240594025, 0.0, 1.0273004011641076, 1.373237539757861, 0.0, 0.0, 0.0, 0.0, 0.0, 0.0, 0.0, 0.0, 0.0, 0.0, 0.0, 0.0, 0.0, 0.0, 0.0, 0.0, 0.0, 0.0, 0.0, 0.0, 0.0, 0.0, 0.0, 0.0, 0.0, 0.0, 0.0, 0.0, 0.0, 0.0, 0.0, 0.0], [0.0, 0.0, 0.0, 0.0, 0.0, 0.0, 1.0273004011641076, 0.0, 0.0, 0.0, 0.0, 0.0, 0.0, 0.0, 0.0, 0.0, 0.0, 0.0, 0.0, 0.0, 0.0, 0.0, 0.0, 0.0, 0.0, 0.0, 0.0, 0.9680840065339936, 0.9721636590928131, 0.9807161627326346, 0.0, 0.0, 0.0, 0.0, 0.0, 0.0, 0.0, 0.0, 0.0, 0.0, 0.0], [0.0, 0.0, 1.3686708185154137, 0.0, 0.0, 0.0, 1.373237539757861, 0.0, 0.0, 0.997871598480644, 0.0, 0.0, 0.0, 0.0, 0.0, 0.0, 0.0, 0.0, 0.0, 0.0, 0.0, 0.0, 0.0, 0.0, 0.0, 0.0, 0.0, 0.0, 0.0, 0.0, 0.0, 0.0, 0.0, 0.0, 0.0, 0.0, 0.0, 0.0, 0.0, 0.0, 0.0], [0.0, 0.0, 0.0, 0.0, 0.0, 0.0, 0.0, 0.0, 0.997871598480644, 0.0, 0.9512585598746666, 0.0, 0.0, 0.0, 0.0, 1.2172244835629187, 0.19847125464420468, 0.0, 0.0, 0.0, 0.0, 0.0, 0.0, 0.0, 0.0, 0.0, 0.0, 0.0, 0.0, 0.0, 0.0, 0.0, 0.0, 0.0, 0.0, 0.0, 0.0, 0.0, 0.0, 0.0, 0.0], [0.0, 0.0, 0.0, 0.0, 0.0, 0.0, 0.0, 0.0, 0.0, 0.9512585598746666, 0.0, 1.000601560404908, 0.9838065139070128, 0.0, 0.0, 0.0, 0.0, 0.0, 0.0, 0.0, 0.0, 0.0, 0.0, 0.0, 0.0, 0.0, 0.0, 0.0, 0.0, 0.0, 0.9605821450269991, 0.0, 0.0, 0.0, 0.0, 0.0, 0.0, 0.0, 0.0, 0.0, 0.0], [0.0, 0.0, 0.0, 0.0, 0.0, 0.0, 0.0, 0.0, 0.0, 0.0, 1.000601560404908, 0.0, 0.0, 0.0, 0.0, 0.0, 0.0, 0.0, 0.0, 0.0, 0.0, 0.0, 0.0, 0.0, 0.0, 0.0, 0.0, 0.0, 0.0, 0.0, 0.0, 0.9842097447281104, 0.9839015462882699, 0.980554959678908, 0.0, 0.0, 0.0, 0.0, 0.0, 0.0, 0.0], [0.0, 0.0, 0.0, 0.0, 0.0, 0.0, 0.0, 0.0, 0.0, 0.0, 0.9838065139070128, 0.0, 0.0, 0.9764259337036361, 0.0, 0.0, 0.0, 0.0, 0.0, 0.0, 0.0, 0.0, 0.0, 0.0, 0.0, 0.0, 0.0, 0.0, 0.0, 0.0, 0.0, 0.0, 0.0, 0.0, 0.9665759333995476, 0.96701959648198, 0.0, 0.0, 0.0, 0.0, 0.0], [0.0, 0.0, 0.0, 0.0, 0.0, 0.0, 0.0, 0.0, 0.0, 0.0, 0.0, 0.0, 0.9764259337036361, 0.0, 0.9936390218373663, 0.0, 0.0, 0.0, 0.0, 0.0, 0.0, 0.0, 0.0, 0.0, 0.0, 0.0, 0.0, 0.0, 0.0, 0.0, 0.0, 0.0, 0.0, 0.0, 0.0, 0.0, 0.0, 0.0, 0.0, 0.0, 0.0], [0.0, 0.0, 0.0, 0.0, 0.0, 0.0, 0.0, 0.0, 0.0, 0.0, 0.0, 0.0, 0.0, 0.9936390218373663, 0.0, 0.0, 0.0, 0.0, 0.0, 0.0, 0.0, 0.0, 0.0, 0.0, 0.0, 0.0, 0.0, 0.0, 0.0, 0.0, 0.0, 0.0, 0.0, 0.0, 0.0, 0.0, 0.9783942749132547, 0.9787538411453579, 0.9801125307249033, 0.0, 0.0], [0.0, 0.0, 0.0, 0.0, 0.0, 0.0, 0.0, 0.0, 0.0, 1.2172244835629187, 0.0, 0.0, 0.0, 0.0, 0.0, 0.0, 1.688549921933828, 0.9699381317401867, 0.0, 0.0, 0.0, 0.0, 0.0, 0.0, 0.0, 0.0, 0.0, 0.0, 0.0, 0.0, 0.0, 0.0, 0.0, 0.0, 0.0, 0.0, 0.0, 0.0, 0.0, 0.0, 0.0], [0.0, 0.0, 0.0, 0.0, 0.0, 0.0, 0.0, 0.0, 0.0, 0.19847125464420468, 0.0, 0.0, 0.0, 0.0, 0.0, 1.688549921933828, 0.0, 0.0, 0.0, 0.0, 0.0, 0.0, 0.0, 0.0, 0.0, 0.0, 0.0, 0.0, 0.0, 0.0, 0.0, 0.0, 0.0, 0.0, 0.0, 0.0, 0.0, 0.0, 0.0, 0.0, 0.0], [0.0, 0.0, 0.0, 0.0, 0.0, 0.0, 0.0, 0.0, 0.0, 0.0, 0.0, 0.0, 0.0, 0.0, 0.0, 0.9699381317401867, 0.0, 0.0, 0.9556695257863569, 0.0, 0.0, 0.0, 0.0, 0.0, 0.0, 0.0, 0.0, 0.0, 0.0, 0.0, 0.0, 0.0, 0.0, 0.0, 0.0, 0.0, 0.0, 0.0, 0.0, 0.9743114378608945, 0.9637410158944975], [0.0, 0.0, 0.0, 0.0, 0.0, 0.0, 0.0, 0.0, 0.0, 0.0, 0.0, 0.0, 0.0, 0.0, 0.0, 0.0, 0.0, 0.9556695257863569, 0.0, 0.0, 0.0, 0.0, 0.0, 0.0, 0.0, 0.0, 0.0, 0.0, 0.0, 0.0, 0.0, 0.0, 0.0, 0.0, 0.0, 0.0, 0.0, 0.0, 0.0, 0.0, 0.0], [0.9865915929016966, 0.0, 0.0, 0.0, 0.0, 0.0, 0.0, 0.0, 0.0, 0.0, 0.0, 0.0, 0.0, 0.0, 0.0, 0.0, 0.0, 0.0, 0.0, 0.0, 0.0, 0.0, 0.0, 0.0, 0.0, 0.0, 0.0, 0.0, 0.0, 0.0, 0.0, 0.0, 0.0, 0.0, 0.0, 0.0, 0.0, 0.0, 0.0, 0.0, 0.0], [0.9875380254634147, 0.0, 0.0, 0.0, 0.0, 0.0, 0.0, 0.0, 0.0, 0.0, 0.0, 0.0, 0.0, 0.0, 0.0, 0.0, 0.0, 0.0, 0.0, 0.0, 0.0, 0.0, 0.0, 0.0, 0.0, 0.0, 0.0, 0.0, 0.0, 0.0, 0.0, 0.0, 0.0, 0.0, 0.0, 0.0, 0.0, 0.0, 0.0, 0.0, 0.0], [0.9853200964011404, 0.0, 0.0, 0.0, 0.0, 0.0, 0.0, 0.0, 0.0, 0.0, 0.0, 0.0, 0.0, 0.0, 0.0, 0.0, 0.0, 0.0, 0.0, 0.0, 0.0, 0.0, 0.0, 0.0, 0.0, 0.0, 0.0, 0.0, 0.0, 0.0, 0.0, 0.0, 0.0, 0.0, 0.0, 0.0, 0.0, 0.0, 0.0, 0.0, 0.0], [0.0, 0.9655932560266824, 0.0, 0.0, 0.0, 0.0, 0.0, 0.0, 0.0, 0.0, 0.0, 0.0, 0.0, 0.0, 0.0, 0.0, 0.0, 0.0, 0.0, 0.0, 0.0, 0.0, 0.0, 0.0, 0.0, 0.0, 0.0, 0.0, 0.0, 0.0, 0.0, 0.0, 0.0, 0.0, 0.0, 0.0, 0.0, 0.0, 0.0, 0.0, 0.0], [0.0, 0.9733869651758449, 0.0, 0.0, 0.0, 0.0, 0.0, 0.0, 0.0, 0.0, 0.0, 0.0, 0.0, 0.0, 0.0, 0.0, 0.0, 0.0, 0.0, 0.0, 0.0, 0.0, 0.0, 0.0, 0.0, 0.0, 0.0, 0.0, 0.0, 0.0, 0.0, 0.0, 0.0, 0.0, 0.0, 0.0, 0.0, 0.0, 0.0, 0.0, 0.0], [0.0, 0.0, 0.0, 0.9682315645255315, 0.0, 0.0, 0.0, 0.0, 0.0, 0.0, 0.0, 0.0, 0.0, 0.0, 0.0, 0.0, 0.0, 0.0, 0.0, 0.0, 0.0, 0.0, 0.0, 0.0, 0.0, 0.0, 0.0, 0.0, 0.0, 0.0, 0.0, 0.0, 0.0, 0.0, 0.0, 0.0, 0.0, 0.0, 0.0, 0.0, 0.0], [0.0, 0.0, 0.0, 0.0, 0.9700441444526997, 0.0, 0.0, 0.0, 0.0, 0.0, 0.0, 0.0, 0.0, 0.0, 0.0, 0.0, 0.0, 0.0, 0.0, 0.0, 0.0, 0.0, 0.0, 0.0, 0.0, 0.0, 0.0, 0.0, 0.0, 0.0, 0.0, 0.0, 0.0, 0.0, 0.0, 0.0, 0.0, 0.0, 0.0, 0.0, 0.0], [0.0, 0.0, 0.0, 0.0, 0.0, 0.9689572028558646, 0.0, 0.0, 0.0, 0.0, 0.0, 0.0, 0.0, 0.0, 0.0, 0.0, 0.0, 0.0, 0.0, 0.0, 0.0, 0.0, 0.0, 0.0, 0.0, 0.0, 0.0, 0.0, 0.0, 0.0, 0.0, 0.0, 0.0, 0.0, 0.0, 0.0, 0.0, 0.0, 0.0, 0.0, 0.0], [0.0, 0.0, 0.0, 0.0, 0.0, 0.0, 0.0, 0.9680840065339936, 0.0, 0.0, 0.0, 0.0, 0.0, 0.0, 0.0, 0.0, 0.0, 0.0, 0.0, 0.0, 0.0, 0.0, 0.0, 0.0, 0.0, 0.0, 0.0, 0.0, 0.0, 0.0, 0.0, 0.0, 0.0, 0.0, 0.0, 0.0, 0.0, 0.0, 0.0, 0.0, 0.0], [0.0, 0.0, 0.0, 0.0, 0.0, 0.0, 0.0, 0.9721636590928131, 0.0, 0.0, 0.0, 0.0, 0.0, 0.0, 0.0, 0.0, 0.0, 0.0, 0.0, 0.0, 0.0, 0.0, 0.0, 0.0, 0.0, 0.0, 0.0, 0.0, 0.0, 0.0, 0.0, 0.0, 0.0, 0.0, 0.0, 0.0, 0.0, 0.0, 0.0, 0.0, 0.0], [0.0, 0.0, 0.0, 0.0, 0.0, 0.0, 0.0, 0.9807161627326346, 0.0, 0.0, 0.0, 0.0, 0.0, 0.0, 0.0, 0.0, 0.0, 0.0, 0.0, 0.0, 0.0, 0.0, 0.0, 0.0, 0.0, 0.0, 0.0, 0.0, 0.0, 0.0, 0.0, 0.0, 0.0, 0.0, 0.0, 0.0, 0.0, 0.0, 0.0, 0.0, 0.0], [0.0, 0.0, 0.0, 0.0, 0.0, 0.0, 0.0, 0.0, 0.0, 0.0, 0.9605821450269991, 0.0, 0.0, 0.0, 0.0, 0.0, 0.0, 0.0, 0.0, 0.0, 0.0, 0.0, 0.0, 0.0, 0.0, 0.0, 0.0, 0.0, 0.0, 0.0, 0.0, 0.0, 0.0, 0.0, 0.0, 0.0, 0.0, 0.0, 0.0, 0.0, 0.0], [0.0, 0.0, 0.0, 0.0, 0.0, 0.0, 0.0, 0.0, 0.0, 0.0, 0.0, 0.9842097447281104, 0.0, 0.0, 0.0, 0.0, 0.0, 0.0, 0.0, 0.0, 0.0, 0.0, 0.0, 0.0, 0.0, 0.0, 0.0, 0.0, 0.0, 0.0, 0.0, 0.0, 0.0, 0.0, 0.0, 0.0, 0.0, 0.0, 0.0, 0.0, 0.0], [0.0, 0.0, 0.0, 0.0, 0.0, 0.0, 0.0, 0.0, 0.0, 0.0, 0.0, 0.9839015462882699, 0.0, 0.0, 0.0, 0.0, 0.0, 0.0, 0.0, 0.0, 0.0, 0.0, 0.0, 0.0, 0.0, 0.0, 0.0, 0.0, 0.0, 0.0, 0.0, 0.0, 0.0, 0.0, 0.0, 0.0, 0.0, 0.0, 0.0, 0.0, 0.0], [0.0, 0.0, 0.0, 0.0, 0.0, 0.0, 0.0, 0.0, 0.0, 0.0, 0.0, 0.980554959678908, 0.0, 0.0, 0.0, 0.0, 0.0, 0.0, 0.0, 0.0, 0.0, 0.0, 0.0, 0.0, 0.0, 0.0, 0.0, 0.0, 0.0, 0.0, 0.0, 0.0, 0.0, 0.0, 0.0, 0.0, 0.0, 0.0, 0.0, 0.0, 0.0], [0.0, 0.0, 0.0, 0.0, 0.0, 0.0, 0.0, 0.0, 0.0, 0.0, 0.0, 0.0, 0.9665759333995476, 0.0, 0.0, 0.0, 0.0, 0.0, 0.0, 0.0, 0.0, 0.0, 0.0, 0.0, 0.0, 0.0, 0.0, 0.0, 0.0, 0.0, 0.0, 0.0, 0.0, 0.0, 0.0, 0.0, 0.0, 0.0, 0.0, 0.0, 0.0], [0.0, 0.0, 0.0, 0.0, 0.0, 0.0, 0.0, 0.0, 0.0, 0.0, 0.0, 0.0, 0.96701959648198, 0.0, 0.0, 0.0, 0.0, 0.0, 0.0, 0.0, 0.0, 0.0, 0.0, 0.0, 0.0, 0.0, 0.0, 0.0, 0.0, 0.0, 0.0, 0.0, 0.0, 0.0, 0.0, 0.0, 0.0, 0.0, 0.0, 0.0, 0.0], [0.0, 0.0, 0.0, 0.0, 0.0, 0.0, 0.0, 0.0, 0.0, 0.0, 0.0, 0.0, 0.0, 0.0, 0.9783942749132547, 0.0, 0.0, 0.0, 0.0, 0.0, 0.0, 0.0, 0.0, 0.0, 0.0, 0.0, 0.0, 0.0, 0.0, 0.0, 0.0, 0.0, 0.0, 0.0, 0.0, 0.0, 0.0, 0.0, 0.0, 0.0, 0.0], [0.0, 0.0, 0.0, 0.0, 0.0, 0.0, 0.0, 0.0, 0.0, 0.0, 0.0, 0.0, 0.0, 0.0, 0.9787538411453579, 0.0, 0.0, 0.0, 0.0, 0.0, 0.0, 0.0, 0.0, 0.0, 0.0, 0.0, 0.0, 0.0, 0.0, 0.0, 0.0, 0.0, 0.0, 0.0, 0.0, 0.0, 0.0, 0.0, 0.0, 0.0, 0.0], [0.0, 0.0, 0.0, 0.0, 0.0, 0.0, 0.0, 0.0, 0.0, 0.0, 0.0, 0.0, 0.0, 0.0, 0.9801125307249033, 0.0, 0.0, 0.0, 0.0, 0.0, 0.0, 0.0, 0.0, 0.0, 0.0, 0.0, 0.0, 0.0, 0.0, 0.0, 0.0, 0.0, 0.0, 0.0, 0.0, 0.0, 0.0, 0.0, 0.0, 0.0, 0.0], [0.0, 0.0, 0.0, 0.0, 0.0, 0.0, 0.0, 0.0, 0.0, 0.0, 0.0, 0.0, 0.0, 0.0, 0.0, 0.0, 0.0, 0.9743114378608945, 0.0, 0.0, 0.0, 0.0, 0.0, 0.0, 0.0, 0.0, 0.0, 0.0, 0.0, 0.0, 0.0, 0.0, 0.0, 0.0, 0.0, 0.0, 0.0, 0.0, 0.0, 0.0, 0.0], [0.0, 0.0, 0.0, 0.0, 0.0, 0.0, 0.0, 0.0, 0.0, 0.0, 0.0, 0.0, 0.0, 0.0, 0.0, 0.0, 0.0, 0.9637410158944975, 0.0, 0.0, 0.0, 0.0, 0.0, 0.0, 0.0, 0.0, 0.0, 0.0, 0.0, 0.0, 0.0, 0.0, 0.0, 0.0, 0.0, 0.0, 0.0, 0.0, 0.0, 0.0, 0.0]], "Born radii": [], "Atomic SASAs": [], "Solvent H bonds": [], "Total SASA": NaN, "Total FOD": 0.0, "FOD": [0.0, 0.0, 0.0, 0.0, 0.0, 0.0, 0.0, 0.0, 0.0, 0.0, 0.0, 0.0, 0.0, 0.0, 0.0, 0.0, 0.0, 0.0, 0.0, 0.0, 0.0, 0.0, 0.0, 0.0, 0.0, 0.0, 0.0, 0.0, 0.0, 0.0, 0.0, 0.0, 0.0, 0.0, 0.0, 0.0, 0.0, 0.0, 0.0, 0.0, 0.0], "FOD s proportion": [0.0, 0.0, 0.0, 0.0, 0.0, 0.0, 0.0, 0.0, 0.0, 0.0, 0.0, 0.0, 0.0, 0.0, 0.0, 0.0, 0.0, 0.0, 0.0, 0.0, 0.0, 0.0, 0.0, 0.0, 0.0, 0.0, 0.0, 0.0, 0.0, 0.0, 0.0, 0.0, 0.0, 0.0, 0.0, 0.0, 0.0, 0.0, 0.0, 0.0, 0.0], "FOD p proportion": [0.0, 0.0, 0.0, 0.0, 0.0, 0.0, 0.0, 0.0, 0.0, 0.0, 0.0, 0.0, 0.0, 0.0, 0.0, 0.0, 0.0, 0.0, 0.0, 0.0, 0.0, 0.0, 0.0, 0.0, 0.0, 0.0, 0.0, 0.0, 0.0, 0.0, 0.0, 0.0, 0.0, 0.0, 0.0, 0.0, 0.0, 0.0, 0.0, 0.0, 0.0], "FOD d proportion": [0.0, 0.0, 0.0, 0.0, 0.0, 0.0, 0.0, 0.0, 0.0, 0.0, 0.0, 0.0, 0.0, 0.0, 0.0, 0.0, 0.0, 0.0, 0.0, 0.0, 0.0, 0.0, 0.0, 0.0, 0.0, 0.0, 0.0, 0.0, 0.0, 0.0, 0.0, 0.0, 0.0, 0.0, 0.0, 0.0, 0.0, 0.0, 0.0, 0.0, 0.0], "coordinates": [["-1.67200", "2.58180", "0.40750"], ["-1.31570", "1.83370", "-0.86800"], ["-1.73290", "0.37900", "-0.82380"], ["-2.96690", "0.04570", "-1.41030"], ["-3.44420", "-1.25990", "-1.38300"], ["-2.69470", "-2.25700", "-0.76940"], ["-1.45960", "-1.96700", "-0.16460"], ["-0.70790", "-3.13630", "0.41510"], ["-0.97890", "-0.63640", "-0.18580"], ["0.25680", "-0.30140", "0.44090"], ["1.42870", "-0.15960", "-0.46590"], ["2.26630", "-1.44160", "-0.54740"], ["2.32970", "1.04430", "-0.10600"], ["3.05660", "1.45540", "-1.27170"], ["3.93610", "2.53440", "-0.98170"], ["0.43180", "-0.34610", "1.82800"], ["1.55270", "-0.26460", "2.34170"], ["-0.80710", "-0.40780", "2.71630"], ["-0.73130", "-1.84600", "3.75630"], ["-1.13630", "2.18180", "1.27280"], ["-2.74510", "2.52030", "0.61770"], ["-1.40560", "3.63910", "0.31040"], ["-0.24730", "1.92650", "-1.07590"], ["-1.80760", "2.32840", "-1.71560"], ["-3.57010", "0.81210", "-1.89390"], ["-4.39800", "-1.50170", "-1.84520"], ["-3.07540", "-3.27730", "-0.76990"], ["-0.40620", "-3.81490", "-0.39000"], ["-1.34830", "-3.68370", "1.11520"], ["0.19440", "-2.85110", "0.95710"], ["1.04520", "0.01610", "-1.48050"], ["1.67100", "-2.27190", "-0.93840"], ["2.65170", "-1.73970", "0.43260"], ["3.12050", "-1.30810", "-1.21970"], ["3.04200", "0.78470", "0.68510"], ["1.72010", "1.88820", "0.23700"], ["4.68020", "2.23290", "-0.23830"], ["3.37340", "3.40160", "-0.62300"], ["4.45560", "2.81160", "-1.90290"], ["-1.75380", "-0.42370", "2.17850"], ["-0.80770", "0.47820", "3.35890"]], "bond_dist": [[0.0, 1.5210205619911916, 2.52430908170929, 3.3783081653395683, 4.5940441856821534, 5.083797236318538, 4.589552659028982, 5.798811445460181, 3.3450267173820896, 3.469038373958985, 4.229945863719771, 5.710498092110704, 4.317544601969966, 5.142776250236831, 5.777794476268605, 3.875099108410003, 4.716122633053556, 3.8750893680017238, 5.6307007352548935, 1.0934891769011705, 1.0952213931438701, 1.0946600659565509, 2.1586254283687105, 2.142464125720662, 3.468582370364008, 5.401916839419133, 6.138799160259277, 6.56932468218766, 6.313644845095422, 5.7707808423124165, 4.186948331422302, 6.045287379438632, 6.113131272105973, 6.383350068733501, 5.052566295458179, 3.466481446654518, 6.394468992027408, 5.2144092138995, 6.552727520658859, 3.4894358412213284, 3.725977644860474], [1.5210205619911916, 0.0, 1.5139886294156901, 2.4934904712069788, 3.7902636069276237, 4.318007578733506, 3.867919241659526, 5.168816735965786, 2.584613141265052, 2.9571316287916574, 3.4156493760337874, 4.864267514230689, 3.8069328231530433, 4.4071636990245775, 5.299557662673368, 3.8824863541292713, 4.788815671958987, 4.257957573767029, 5.938507046388007, 2.1763231860181063, 2.1729952623050055, 2.1578178166842537, 1.0923885801307152, 1.097779331195482, 2.679264214294663, 4.645469436989118, 5.406337827032269, 5.74128524025762, 5.863091996549261, 5.249642183996925, 3.041820971063222, 5.077527391358908, 5.4955446208724394, 5.447427885708997, 4.743634671852376, 3.2311107826875882, 6.0420774192325615, 4.950352938932738, 5.94434269789352, 3.8169292133860697, 4.467899714631026], [2.52430908170929, 1.5139886294156901, 0.0, 1.40635242382555, 2.434593506111441, 2.8065128896906923, 2.452132445444169, 3.8655959825103294, 1.4165440903833526, 2.4538370646805383, 3.227057007553477, 4.402792518391027, 4.17882515666784, 4.929357120355554, 6.066979690917055, 3.499105505697135, 4.6075783845747, 3.742788785117322, 5.1895224799590185, 2.8287366367337907, 2.7726587925671633, 3.4672448630000163, 2.159934725865576, 2.145005289037768, 2.1697911097614906, 3.4180474630993642, 3.895348655768826, 4.420080603337455, 4.518093563661558, 4.161686690513836, 2.877636340818624, 4.315893786922936, 5.029129925742623, 5.153497334820306, 5.02404634831328, 3.9148678496214915, 6.701313831630332, 5.937232612084522, 6.736433167485594, 3.10782389945119, 4.284952154925421], [3.3783081653395683, 2.4934904712069788, 1.40635242382555, 0.0, 1.3903783441926878, 2.4056751526338713, 2.8061865707753646, 4.308165521425564, 2.432448285164558, 3.733585614392685, 4.500593162017647, 5.508451682641866, 5.545482126019341, 6.187811915370408, 7.350424113614126, 4.710759579940373, 5.8822252804529676, 4.679660869122889, 5.938871257233987, 3.8875500228292883, 3.207120889520693, 4.279134227854976, 3.323470499342517, 2.5783529374389373, 1.0886175453298557, 2.1521226684369084, 3.3858844354171334, 4.7436725160997355, 4.7860673386403585, 4.897943516415843, 4.012823271712823, 5.206157487053192, 6.176779057890933, 6.239033704028213, 6.406535832257554, 5.298714234604466, 8.03962475803442, 7.216738196027344, 7.936394888108831, 3.8172546954585043, 5.253043834768563], [4.5940441856821534, 3.7902636069276237, 2.434593506111441, 1.3903783441926878, 0.0, 1.3901307924076785, 2.4337473430904857, 3.773775067488787, 2.8106483558068946, 4.235886502256641, 5.079063585937864, 5.774171152641736, 6.346494138498828, 7.045966393618409, 8.308223773466866, 5.115557392894737, 6.311340728403118, 4.9481947526345404, 5.840868437997898, 4.921887335159147, 4.333757415915201, 5.569891787099638, 4.524115933527787, 3.957900859041317, 2.13776837379544, 1.0871202877326869, 2.14051578130132, 4.091884406969483, 4.063078449894857, 4.609489712538688, 4.668232493139132, 5.233267067521014, 6.3786055066918825, 6.566907660383235, 7.108320280488211, 6.261383880581033, 8.917166886965838, 8.293783937986328, 8.9024855124847, 4.0300080458976755, 5.697169426127329], [5.083797236318538, 4.318007578733506, 2.8065128896906923, 2.4056751526338713, 1.3901307924076785, 0.0, 1.405473247699863, 2.474587436321457, 2.4312348631919543, 3.7417308428052385, 4.636121932175641, 5.032462832450927, 6.048411081432874, 6.863794194175697, 8.183525761552902, 4.491439392889545, 5.629299044286064, 4.374091778872501, 4.950335448229746, 5.128560893662081, 4.97485495868975, 6.131210488965454, 4.856478277517568, 4.765305237862523, 3.383814448222597, 2.151523790247275, 1.0890109411755236, 2.7943208512982185, 2.720290978921189, 3.4176974515015224, 4.433903340173306, 4.3689952506268535, 5.5042162248589035, 5.909292033738052, 6.654114218286307, 6.138891026887511, 8.65045774684785, 8.298374812576254, 8.837551600980897, 3.596720187893409, 5.299523462538873], [4.589552659028982, 3.867919241659526, 2.452132445444169, 2.8061865707753646, 2.4337473430904857, 1.405473247699863, 0.0, 1.5061100457801877, 1.4149269557118487, 2.4671608318064715, 3.4204902192522053, 3.782183471223997, 4.840470652736157, 5.773608456589344, 7.07416658412848, 3.1898535279852585, 4.272429840266543, 3.3401265993970948, 3.989801837184398, 4.402633653848568, 4.732902368526103, 5.6264463216136695, 4.17845440683514, 4.580083641157659, 3.894622645391977, 3.4168867423430935, 2.1665834440427165, 2.1389696421408138, 2.144139599000028, 2.1853054019976246, 3.4551847215452893, 3.239195395464744, 4.160661103718975, 4.746019514287736, 5.343991536295692, 5.013416169639221, 7.439202627970285, 7.2380857635151035, 7.800403572251887, 2.8210718069556475, 4.33809046701426], [5.798811445460181, 5.168816735965786, 3.8655959825103294, 4.308165521425564, 3.773775067488787, 2.474587436321457, 1.5061100457801877, 0.0, 2.5853475240284425, 2.994656865151665, 3.768549250043045, 3.5558796351957698, 5.19384013327326, 6.172557280414658, 7.461543052881221, 3.3287262639033566, 4.131435683875522, 3.5707246225381195, 3.5817648010443115, 5.403828592766428, 6.015675702695417, 6.812032922703764, 5.29784646814156, 5.967593205807514, 5.395695729004741, 4.6257660187259795, 2.651256730307346, 1.0953113073459986, 1.09539898210652, 1.090526629661101, 4.074835546374847, 2.870246473737055, 3.638366387542629, 4.546595741871053, 5.432208667752003, 5.583234175636913, 7.634583276774181, 7.776811538799175, 8.210503678825068, 3.400247804204864, 4.662673989246943], [3.3450267173820896, 2.584613141265052, 1.4165440903833526, 2.432448285164558, 2.8106483558068946, 2.4312348631919543, 1.4149269557118487, 2.5853475240284425, 0.0, 1.4254586560121623, 2.4702898635585258, 3.3630974770291746, 3.711866712316055, 4.673335671658949, 5.902936087236588, 2.4758309756524173, 3.5965942292674606, 2.9161545929528496, 4.130930927769187, 3.1771905765943593, 3.7053784664997447, 4.325296241877544, 2.809977398485618, 3.437596656095651, 3.4249197508846834, 3.8977682409296732, 3.4221101487240295, 3.2361312056219234, 3.3339308106198002, 2.7545869726694057, 2.489776124473845, 3.2036287269282626, 3.844599564323962, 4.280795540550845, 4.352657674341046, 3.719807253071051, 6.345159694601863, 5.953075098635999, 6.661150550768238, 2.497123503153178, 3.7197500843470657], [3.469038373958985, 2.9571316287916574, 2.4538370646805383, 3.733585614392685, 4.235886502256641, 3.7417308428052385, 2.4671608318064715, 2.994656865151665, 1.4254586560121623, 0.0, 1.4885372316472305, 2.5129431310716126, 2.531189939534368, 3.7226637022433278, 4.858271389084805, 1.3988100299897768, 2.300815440229833, 2.5140901594811593, 3.78866835840774, 2.966322211089011, 4.123669814619013, 4.278801731793611, 2.741958690425514, 3.9784529216769675, 4.6191272877027325, 5.32298190303142, 4.628776759576984, 3.670782758486261, 3.804074104167793, 2.6021772210977483, 2.1009899499997613, 2.790215113570995, 2.79362162613336, 3.4600310605542255, 2.999430927692784, 2.6414333722431844, 5.143000747618068, 4.955531028053402, 5.728358305832483, 2.660211158912014, 3.202446004228643], [4.229945863719771, 3.4156493760337874, 3.227057007553477, 4.500593162017647, 5.079063585937864, 4.636121932175641, 3.4204902192522053, 3.768549250043045, 2.4702898635585258, 1.4885372316472305, 0.0, 1.5335383953458748, 1.5461902276240138, 2.4305548852062566, 3.71628045228021, 2.508100689765066, 2.812297772285147, 3.8970247266344105, 5.033539291591952, 3.8838713482812484, 5.077071932718701, 4.802709638318769, 2.744610939641537, 4.269137123588325, 5.28879819335168, 6.136296422924824, 5.486290741475519, 4.0907012736204535, 4.757193187164044, 3.285208933994914, 1.0987974790651824, 2.178021310731371, 2.1908325495117147, 2.1793241911198065, 2.1952768344789684, 2.184597722694043, 4.043279641578109, 4.060626052716502, 4.4782945470346185, 4.146191797300265, 4.47631196857413], [5.710498092110704, 4.864267514230689, 4.402792518391027, 5.508451682641866, 5.774171152641736, 5.032462832450927, 3.782183471223997, 3.5558796351957698, 3.3630974770291746, 2.5129431310716126, 1.5335383953458748, 0.0, 2.52557960278428, 3.0889793751334764, 4.334215561090611, 3.1950016682311766, 3.2002269872619973, 4.600681220210764, 5.260321169852655, 5.293377216862596, 6.493707691296245, 6.327099093581513, 4.23575197810259, 5.672235225200026, 6.39967115561417, 6.789756353507834, 5.652703745111714, 3.57765061178422, 4.566900954695646, 2.922837681090074, 2.1181714071339934, 1.0939200976305354, 1.09443902068594, 1.0952018900641103, 2.6602966808234, 3.4642727721702284, 4.407312817352542, 4.9686992271619745, 4.971933726428782, 4.9626459907996665, 5.32862906665495], [4.317544601969966, 3.8069328231530433, 4.17882515666784, 5.545482126019341, 6.346494138498828, 6.048411081432874, 4.840470652736157, 5.19384013327326, 3.711866712316055, 2.531189939534368, 1.5461902276240138, 2.52557960278428, 0.0, 1.433960707271995, 2.359612141857217, 3.0455857515427143, 2.8823919754259655, 4.462452906194081, 5.713222941562844, 3.8997630299801553, 5.334408376755571, 4.567148135324713, 2.891351215262511, 4.621360866671202, 6.169128243925555, 7.400599970948301, 6.95212886675729, 5.583693172981482, 6.113345846588429, 4.567694041855256, 2.143918314675258, 3.481947427805308, 2.853844768027862, 2.7201981710897463, 1.095720155879228, 1.0960968798422883, 2.6372568134332313, 2.629346302790867, 3.297218480780429, 4.903971502772014, 4.708426486630114], [5.142776250236831, 4.4071636990245775, 4.929357120355554, 6.187811915370408, 7.045966393618409, 6.863794194175697, 5.773608456589344, 6.172557280414658, 4.673335671658949, 3.7226637022433278, 2.4305548852062566, 3.0889793751334764, 1.433960707271995, 0.0, 1.4219216750580885, 4.443322785933968, 4.275134473908394, 5.856947663245763, 7.108319940042092, 4.958079025187073, 6.193833002269273, 5.213714121430135, 3.343056694104962, 4.961815983085225, 6.686861791602993, 8.040174365024678, 7.762195342169636, 6.367451673943039, 7.177101394713606, 5.630779744404855, 2.4821184278756725, 3.9904563072410655, 3.6437956185823595, 2.764727737047538, 2.068602883590758, 2.0614858185299263, 2.075692359190061, 2.075781387815201, 2.0481437644852956, 6.210865077426815, 6.109843753321357], [5.777794476268605, 5.299557662673368, 6.066979690917055, 7.350424113614126, 8.308223773466866, 8.183525761552902, 7.07416658412848, 7.461543052881221, 5.902936087236588, 4.858271389084805, 3.71628045228021, 4.334215561090611, 2.359612141857217, 1.4219216750580885, 0.0, 5.335898502595416, 4.955803075183678, 6.695497821670918, 7.963741012865749, 5.5620444775280244, 6.8699863617040755, 5.605679565405072, 4.22838640736629, 5.794060312078224, 7.755092815047412, 9.300159045414222, 9.109437325104114, 7.7148745077285605, 8.425357000151388, 6.838338583311009, 3.86625647623124, 5.3134802709711835, 4.681651274924266, 3.9353085787521165, 2.5766426100645003, 2.6102605482978136, 1.0941803416256393, 1.0942270422540288, 1.0933112685781663, 7.149278401349328, 6.750733681608245], [3.875099108410003, 3.8824863541292713, 3.499105505697135, 4.710759579940373, 5.115557392894737, 4.491439392889545, 3.1898535279852585, 3.3287262639033566, 2.4758309756524173, 1.3988100299897768, 2.508100689765066, 3.1950016682311766, 3.0455857515427143, 4.443322785933968, 5.335898502595416, 0.0, 1.2356968681679175, 1.5256988529850837, 2.7057055475420824, 3.0261300467759145, 4.446770587741176, 4.643378894727416, 3.7494696664995173, 4.9724202929760475, 5.586516845047547, 6.176955369759441, 5.257515543486296, 4.201706967412173, 3.849209478581284, 2.662677331183785, 3.3843198208798175, 3.59127988884186, 2.9693800918710287, 4.176485002966011, 3.0656276828734437, 3.030362087276041, 5.382354433702782, 5.357766964883785, 6.331007071548727, 2.214885859361606, 2.13529519036596], [4.716122633053556, 4.788815671958987, 4.6075783845747, 5.8822252804529676, 6.311340728403118, 5.629299044286064, 4.272429840266543, 4.131435683875522, 3.5965942292674606, 2.300815440229833, 2.812297772285147, 3.2002269872619973, 2.8823919754259655, 4.275134473908394, 4.955803075183678, 1.2356968681679175, 0.0, 2.393634775816895, 3.11746293001216, 3.7892137931238454, 5.403603320933171, 5.302508111262066, 4.44082300593032, 5.871707450137481, 6.733696614044918, 7.38047278363656, 6.338590179211778, 4.889182364158653, 4.648693156146144, 3.232967414002189, 3.8659489882821783, 3.8473762735141985, 2.651109922277837, 4.028704388510033, 2.4623908178841147, 3.015349513738001, 4.761844443070353, 5.054247423702168, 5.992200264510524, 3.314345983750037, 2.675431897843785], [3.8750893680017238, 4.257957573767029, 3.742788785117322, 4.679660869122889, 4.9481947526345404, 4.374091778872501, 3.3401265993970948, 3.5707246225381195, 2.9161545929528496, 2.5140901594811593, 3.8970247266344105, 4.600681220210764, 4.462452906194081, 5.856947663245763, 6.695497821670918, 1.5256988529850837, 2.393634775816895, 0.0, 1.7764472635009463, 2.9829671553672865, 4.090688886972462, 4.745941073169789, 4.488107994467157, 5.303727773934103, 5.511467050613657, 5.907492045699257, 5.052999661587164, 4.627974817347217, 3.6861822336938257, 3.1729326781386336, 4.6069335506386455, 4.792982423293455, 4.353451589256506, 5.632821482170369, 4.512582464620453, 4.219630828638923, 6.768561068646718, 6.568031143348819, 7.706981010097274, 1.0889088758936625, 1.0945003974416823], [5.6307007352548935, 5.938507046388007, 5.1895224799590185, 5.938871257233987, 5.840868437997898, 4.950335448229746, 3.989801837184398, 3.5817648010443115, 4.130930927769187, 3.78866835840774, 5.033539291591952, 5.260321169852655, 5.713222941562844, 7.108319940042092, 7.963741012865749, 2.7057055475420824, 3.11746293001216, 1.7764472635009463, 0.0, 4.749207311752142, 5.7420184682740265, 6.512697544796626, 6.149485270329542, 6.96604096025856, 6.859230356971546, 6.703732813142242, 5.294328185898566, 4.601528105966539, 3.2761623128288377, 3.114910454571688, 5.83501867177818, 5.2908075177613485, 4.74372958546332, 6.3155582215668, 5.530881016619324, 5.686746353583919, 7.866294338505266, 7.972711981502907, 8.979070887903715, 2.357519115511049, 2.359167090309629], [1.0934891769011705, 2.1763231860181063, 2.8287366367337907, 3.8875500228292883, 4.921887335159147, 5.128560893662081, 4.402633653848568, 5.403828592766428, 3.1771905765943593, 2.966322211089011, 3.8838713482812484, 5.293377216862596, 3.8997630299801553, 4.958079025187073, 5.5620444775280244, 3.0261300467759145, 3.7892137931238454, 2.9829671553672865, 4.749207311752142, 0.0, 1.7697388790440243, 1.7670482562737215, 2.524260442188959, 3.0663773104430576, 4.222256437025113, 5.824841898283592, 6.142841761758151, 6.265649267234802, 5.871445478755636, 5.2154109512098845, 4.126725048994662, 5.7101473203412185, 5.516615111642283, 6.042541228655375, 4.44471265550429, 3.052556888904775, 6.009800884388767, 5.04176197077966, 6.461506336760801, 2.8266993101495603, 2.7133087052526847], [1.0952213931438701, 2.1729952623050055, 2.7726587925671633, 3.207120889520693, 4.333757415915201, 4.97485495868975, 4.732902368526103, 6.015675702695417, 3.7053784664997447, 4.123669814619013, 5.077071932718701, 6.493707691296245, 5.334408376755571, 6.193833002269273, 6.8699863617040755, 4.446770587741176, 5.403603320933171, 4.090688886972462, 5.7420184682740265, 1.7697388790440243, 0.0, 1.772119346996697, 3.075