{"total energy": -65.29001883, "HOMO-LUMO gap/eV": 4.15270972, "electronic energy": -66.10395305, "dipole": [-0.74597715, -0.00643998, 1.66945726], "partial charges": [-0.10392445, -0.05495295, -0.06247025, 0.08542145, -0.32246247, 0.15758094, -0.09656705, 0.26497839, -0.4101219, 0.00768411, -0.16758302, 0.04155387, 0.0037977, -0.05511266, -0.09489913, -0.03943369, -0.03376453, -0.04089576, 0.00453921, -0.05442934, -0.09269761, 0.03287648, 0.0360556, 0.04031548, 0.03126716, 0.0375923, 0.04584252, 0.05207666, 0.01707534, 0.03180754, 0.04881374, 0.0290589, 0.06559345, 0.08656061, 0.0481829, 0.03811556, 0.02806277, 0.04035673, 0.03818314, 0.04140051, 0.03834136, 0.04043432, 0.04571383, 0.03651041, 0.0329689, 0.04285148, 0.03770147], "atomic dipole moments": [[-0.08959314, 0.04169038, 0.04688168], [-0.00889476, -0.02447096, -0.11696777], [0.0233572, -0.13869373, 0.01304803], [-0.15505879, 0.10947374, -0.10021712], [0.07002598, -0.26898801, 0.03340562], [-0.0098931, 0.20079714, -0.00523894], [0.03416419, -0.03468064, 0.04294798], [-0.02935651, 0.00503455, 0.01649026], [-0.17974496, 0.02393723, 0.06413734], [-0.01325974, -0.18259869, -0.07926096], [0.12060794, 0.10011044, 0.07716266], [0.18987106, 0.00071468, -0.06292145], [0.05279819, -0.04618571, -0.03386557], [-0.01345758, -0.00143594, 0.11147079], [-0.01235609, 0.08117384, -0.07321748], [0.02077867, 0.00307269, -0.0071876], [0.00068518, 0.00035734, -0.00242002], [0.02049378, -0.00244252, -0.00624448], [0.06216326, 0.04375891, 0.00104321], [-0.0241135, -0.06331961, 0.08917875], [-0.02634053, -0.01025477, -0.11255967], [-0.02314228, -0.11757713, -0.04146613], [0.09246991, -0.00953768, 0.08261775], [0.04347356, 0.06997863, -0.09697471], [-0.03631053, -0.07119465, 0.09428581], [0.03458439, 0.10426131, 0.05185501], [-0.08571089, 0.06746804, 0.05722122], [0.03358104, 0.08111966, -0.09158737], [-0.04011925, -0.07097262, 0.08462372], [0.07843927, -0.05544762, -0.07264663], [0.08126563, -0.06909402, -0.06060013], [-0.04614439, -0.06284437, 0.091051], [-0.10759748, 0.05819606, 0.05544275], [0.05279075, 0.1009111, -0.07211252], [-0.07879564, -0.043107, -0.08913327], [0.10627439, 0.01236398, -0.06899663], [0.08288973, 0.03495149, 0.08809895], [0.04610777, -0.1039646, -0.05484246], [-0.10460061, -0.03500466, 0.06164902], [-0.09081909, -0.12059325, -0.01652142], [-0.14421438, -0.00160195, 0.04455003], [-0.06767174, 0.11843271, 0.06610237], [0.10547495, 0.01549099, -0.07292468], [-0.06349663, 0.09764704, -0.03921137], [-0.09936998, 0.01311699, 0.07361429], [0.06551854, -0.09975043, 0.04862167], [0.0702041, 0.10385951, 0.01582734]], "atomic quadrupole moments": [[0.11022988, -0.11868014, -0.06756987, -0.11404249, 0.07173542, -0.04266], [0.16393425, -0.15199368, -0.15313013, 0.04797297, 0.02403219, -0.01080412], [0.0100294, 0.07064794, 0.03934964, 0.21408171, 0.09089784, -0.04937904], [0.14319202, -0.04834507, -0.06247963, 0.38959833, -0.01268003, -0.08071239], [0.01344377, 0.01927605, 0.054264, 0.14456743, 0.02901045, -0.06770778], [0.00928538, 0.14076138, 0.07450216, 0.33357969, 0.08734942, -0.08378755], [0.0784349, -0.02037375, -0.01611728, 0.02376357, 0.01938572, -0.06231762], [-0.2234184, 0.14218468, 0.421076, 0.08785018, 0.2065088, -0.1976576], [-0.07263779, 0.06351985, 0.14990441, 0.00381769, 0.0875456, -0.07726662], [-0.10466804, 0.07651458, 0.04886666, 0.22253677, 0.25566956, 0.05580138], [-0.20055776, 0.19916918, 0.15814211, 0.18038425, 0.39293698, 0.04241565], [0.11177262, -0.0840459, -0.35694883, 0.0629447, -0.24446533, 0.24517622], [-0.24884992, -0.15656705, -0.10297699, 0.15125283, -0.14314161, 0.35182692], [-0.13538949, -0.09894794, 0.14424001, -0.01588166, -0.06736696, -0.00885052], [-0.10899391, -0.04241845, 0.05783802, 0.04132401, -0.17234079, 0.0511559], [-0.2112737, -0.08824889, -0.1594062, 0.18386037, -0.21889523, 0.3706799], [-0.22235806, -0.07303933, -0.16045128, 0.20390659, -0.23811286, 0.38280934], [-0.20245327, -0.04913232, -0.15448574, 0.19515423, -0.23430462, 0.35693901], [-0.20981054, 0.04141521, -0.08867554, 0.21624044, -0.22010205, 0.29848608], [-0.08906636, 0.10740357, 0.00259796, 0.08213463, 0.0739803, 0.0864684], [-0.09026765, 0.01602231, -0.12364469, 0.07881511, 0.04317583, 0.21391235], [-0.01785067, 0.03550256, 0.05129658, 0.00389493, 0.04000033, -0.03344591], [0.0236361, -0.01330637, -0.04793607, 0.05893311, 0.00491951, 0.02429997], [-0.0337702, 0.00817074, 0.00861274, -0.0285966, -0.0565827, 0.02515746], [-0.00592008, 0.01208528, 0.00850576, -0.02384026, -0.04537251, -0.00258568], [-0.00360254, 0.01438464, 0.04152485, 0.01422037, 0.03018558, -0.03792231], [0.02644767, -0.02253146, -0.02381729, -0.03260561, 0.02796955, -0.00263038], [-0.01574837, 0.02661262, -0.01368321, -0.02613028, -0.02797193, 0.02943157], [-0.01284109, 0.01390952, -0.01035478, -0.0098663, -0.03521221, 0.02319587], [0.02404712, -0.02432803, -0.02290988, -0.01857502, 0.01488472, -0.00113724], [0.01003526, -0.01210364, -0.01001528, -0.00836062, 0.02680056, -1.998e-05], [-0.00049044, 0.03311494, -0.01282825, -0.01977511, -0.0145397, 0.01331869], [0.03133073, -0.0031559, -0.03124819, -0.03099455, 0.0231856, -8.254e-05], [-0.00961297, 0.02960623, -0.00056652, -0.01698204, -0.02311319, 0.01017949], [0.02525288, 0.01622047, -0.01259474, 0.04041362, 0.01692783, -0.01265814], [0.04095756, 0.0212462, -0.0099137, -0.02848526, -0.01742289, -0.03104386], [0.00709289, 0.03815474, -0.01602489, 0.05314764, 0.02196882, 0.008932], [-0.03665669, -0.03864717, 0.03505534, -0.0239248, 0.04036267, 0.00160136], [0.06002311, 0.01402125, -0.04159763, -0.04079083, -0.01891598, -0.01842548], [0.02132199, 0.00097572, 0.02609233, -0.02663232, 0.03481436, -0.04741433], [0.0213402, 0.00991566, 0.02866247, -0.02322298, 0.03365737, -0.05000267], [0.02452103, 0.01803089, 0.02650929, -0.02156381, 0.02977825, -0.05103032], [0.036614, -0.01059279, -0.03095641, -0.03278531, 0.02262544, -0.00565759], [0.01419793, -0.04323285, 0.01796724, 0.01825679, -0.00732332, -0.03216516], [0.05841689, -0.01169002, -0.05397458, -0.04546138, 0.00299273, -0.00444231], [-0.0162456, -0.05570176, 0.04102477, 0.01465878, -0.01662528, -0.02477917], [-0.01266841, 0.06276659, 0.03764903, 0.0033318, 0.00190668, -0.02498062]], "number of molecular orbitals": 115, "number of electrons": 118, "number of unpaired electrons": 0, "orbital energies/eV": [-28.68183624, -19.16867995, -19.0997753, -18.41426496, -18.03406375, -17.81516122, -17.42670107, -17.35472818, -17.21102779, -17.04560625, -16.95689563, -16.71924066, -16.5814931, -16.37414894, -16.16589196, -16.08486385, -15.80835367, -15.70677723, -15.4560869, -15.38383674, -15.24390694, -15.20959379, -14.99924282, -14.90493156, -14.73795756, -14.28316438, -14.25351566, -14.1356964, -13.9814658, -13.90205834, -13.80470984, -13.66677757, -13.61204697, -13.56624662, -13.4898167, -13.41305267, -13.30164272, -13.26454271, -13.16079186, -13.01306984, -12.94992247, -12.62961556, -12.57896264, -12.54104815, -12.45946124, -12.15250437, -12.05274392, -11.95607557, -11.87876936, -11.81718617, -11.7394476, -11.73150401, -11.62094663, -11.34559249, -11.25598233, -11.07412782, -10.94610465, -10.90320688, -10.763568, -6.61085828, -6.49527446, -6.43969966, -4.04036219, -3.21154001, -0.91247093, 0.27661895, 0.41011718, 0.58349062, 0.60668698, 0.6264822, 1.41131182, 1.80661229, 2.19931464, 2.62232414, 2.90473076, 3.01918069, 3.07442265, 3.18954361, 3.38914121, 3.47756955, 3.59565042, 3.62518719, 3.70338133, 3.75817351, 3.96934924, 4.00974342, 4.14957226, 4.16626909, 4.36685007, 4.39696241, 4.69348471, 4.7435305, 4.80135522, 4.929589, 4.99229931, 5.19651007, 5.32816897, 5.57950963, 5.90298883, 6.246844, 6.63322431, 6.69859576, 7.01351451, 7.03991416, 7.11257497, 7.58837596, 7.74897338, 8.34119385, 9.78042376, 10.55672736, 11.41931658, 11.64380855, 14.7418499, 15.96300769, 16.3865805], "fractional occupation": [2.0, 2.0, 2.0, 2.0, 2.0, 2.0, 2.0, 2.0, 2.0, 2.0, 2.0, 2.0, 2.0, 2.0, 2.0, 2.0, 2.0, 2.0, 2.0, 2.0, 2.0, 2.0, 2.0, 2.0, 2.0, 2.0, 2.0, 2.0, 2.0, 2.0, 2.0, 2.0, 2.0, 2.0, 2.0, 2.0, 2.0, 2.0, 2.0, 2.0, 2.0, 2.0, 2.0, 2.0, 2.0, 2.0, 2.0, 2.0, 2.0, 2.0, 2.0, 2.0, 2.0, 2.0, 2.0, 2.0, 2.0, 2.0, 2.0, 0.0, 0.0, 0.0, 0.0, 0.0, 0.0, 0.0, 0.0, 0.0, 0.0, 0.0, 0.0, 0.0, 0.0, 0.0, 0.0, 0.0, 0.0, 0.0, 0.0, 0.0, 0.0, 0.0, 0.0, 0.0, 0.0, 0.0, 0.0, 0.0, 0.0, 0.0, 0.0, 0.0, 0.0, 0.0, 0.0, 0.0, 0.0, 0.0, 0.0, 0.0, 0.0, 0.0, 0.0, 0.0, 0.0, 0.0, 0.0, 0.0, 0.0, 0.0, 0.0, 0.0, 0.0, 0.0, 0.0], "program call": "xtb /home/svss/Project-DBcg-Debug/aqme2_20220329/End-to-End-workflows-final/example-3/QDESCP/mol_376_rdkit_conf_11/mol_376_rdkit_conf_11.xyz --pop --wbo --acc 0.2 --gfn 2 --chrg 0 --uhf 0 --etemp 300 --input /home/svss/Project-DBcg-Debug/aqme2_20220329/End-to-End-workflows-final/example-3/QDESCP/mol_376_rdkit_conf_11/mol_376_rdkit_conf_11_xtb.inp", "method": "GFN2-xTB", "xtb version": "6.3.3 (7355c4f)", "Dipole module/D": 4.648, "Total charge": 0, "Transition dipole module/D": NaN, "HOMO": -10.7636, "LUMO": -6.6109, "HOMO occupancy": 2.0, "LUMO occupancy": 0, "mulliken charges": [-0.08678, -0.04406, -0.05338, 0.19543, -0.46476, 0.32177, -0.2692, 0.46246, -0.54008, 0.03154, -0.123, 0.10076, -0.01318, -0.04176, -0.0783, -0.04191, -0.02581, -0.04331, -0.00538, -0.0367, -0.0733, 0.02561, 0.0308, 0.03263, 0.02142, 0.02864, 0.03501, 0.04132, 0.00804, 0.02132, 0.0471, 0.02012, 0.03463, 0.06166, 0.03643, 0.0339, 0.02387, 0.035, 0.02985, 0.03501, 0.03417, 0.03517, 0.04223, 0.02683, 0.02243, 0.03352, 0.03226], "cm5 charges": [-0.23714, -0.15617, -0.16041, 0.11198, -0.5616, 0.3034, -0.51724, 0.5537, -0.58316, -0.0579, -0.12991, 0.15736, -0.02097, -0.14573, -0.22734, -0.095, -0.08113, -0.09644, -0.01335, -0.14037, -0.22205, 0.0774, 0.08158, 0.08406, 0.0761, 0.08289, 0.09226, 0.09843, 0.07141, 0.08533, 0.12436, 0.09424, 0.09546, 0.12007, 0.09196, 0.09538, 0.07598, 0.08582, 0.08154, 0.09143, 0.08956, 0.09161, 0.10486, 0.08218, 0.07411, 0.08807, 0.08337], "FUKUI+": [0.004, 0.003, 0.001, 0.005, -0.005, 0.016, -0.046, -0.05, -0.12, 0.015, -0.109, -0.025, -0.036, 0.01, 0.011, -0.029, -0.033, -0.029, -0.038, 0.01, 0.011, 0.001, -0.012, -0.003, -0.006, -0.011, -0.001, -0.004, -0.01, -0.01, -0.024, -0.025, -0.038, -0.054, -0.026, -0.012, -0.012, -0.029, -0.017, -0.057, -0.06, -0.058, -0.015, -0.03, -0.017, -0.012, -0.029], "FUKUI-": [0.009, 0.005, 0.006, 0.01, -0.045, 0.016, -0.024, -0.006, -0.08, 0.015, -0.12, -0.006, -0.019, 0.007, 0.008, -0.022, -0.018, -0.02, -0.021, 0.007, 0.007, -0.031, -0.029, -0.023, -0.026, -0.045, -0.023, -0.02, -0.034, -0.04, -0.031, -0.029, -0.032, -0.036, -0.03, -0.01, -0.01, -0.024, -0.017, -0.039, -0.041, -0.038, -0.012, -0.035, -0.021, -0.009, -0.024], "FUKUIrad": [0.007, 0.004, 0.004, 0.008, -0.025, 0.016, -0.035, -0.028, -0.1, 0.015, -0.115, -0.015, -0.028, 0.009, 0.009, -0.025, -0.025, -0.024, -0.03, 0.008, 0.009, -0.015, -0.02, -0.013, -0.016, -0.028, -0.012, -0.012, -0.022, -0.025, -0.028, -0.027, -0.035, -0.045, -0.028, -0.011, -0.011, -0.026, -0.017, -0.048, -0.05, -0.048, -0.013, -0.033, -0.019, -0.01, -0.027], "s proportion": [1.008, 1.028, 1.033, 0.996, 1.695, 0.975, 1.434, 1.007, 1.733, 1.05, 1.949, 1.05, 1.097, 1.026, 1.008, 1.062, 1.061, 1.063, 1.098, 1.025, 1.007, 0.974, 0.969, 0.967, 0.979, 0.971, 0.965, 0.959, 0.992, 0.979, 0.953, 0.98, 0.965, 0.938, 0.964, 0.966, 0.976, 0.965, 0.97, 0.965, 0.966, 0.965, 0.958, 0.973, 0.978, 0.966, 0.968], "p proportion": [3.079, 3.017, 3.02, 2.809, 4.77, 2.704, 3.835, 2.53, 4.807, 2.919, 5.188, 2.849, 2.916, 3.015, 3.07, 2.98, 2.965, 2.98, 2.908, 3.012, 3.066, 0.0, 0.0, 0.0, 0.0, 0.0, 0.0, 0.0, 0.0, 0.0, 0.0, 0.0, 0.0, 0.0, 0.0, 0.0, 0.0, 0.0, 0.0, 0.0, 0.0, 0.0, 0.0, 0.0, 0.0, 0.0, 0.0], "d proportion": [0.0, 0.0, 0.0, 0.0, 0.0, 0.0, 0.0, 0.0, 0.0, 0.0, -0.014, 0.0, 0.0, 0.0, 0.0, 0.0, 0.0, 0.0, 0.0, 0.0, 0.0, 0.0, 0.0, 0.0, 0.0, 0.0, 0.0, 0.0, 0.0, 0.0, 0.0, 0.0, 0.0, 0.0, 0.0, 0.0, 0.0, 0.0, 0.0, 0.0, 0.0, 0.0, 0.0, 0.0, 0.0, 0.0, 0.0], "Fermi-level/eV": -8.6872, "Coordination numbers": [3.749, 3.799, 3.8, 3.702, 1.698, 3.65, 2.734, 2.794, 0.857, 3.714, 0.927, 2.909, 2.96, 3.804, 3.75, 2.915, 2.906, 2.915, 2.96, 3.804, 3.75, 0.924, 0.924, 0.924, 0.924, 0.924, 0.924, 0.924, 0.924, 0.924, 0.924, 0.924, 0.925, 0.924, 0.924, 0.924, 0.924, 0.924, 0.924, 0.925, 0.925, 0.925, 0.924, 0.924, 0.924, 0.924, 0.924], "Dispersion coefficient C6": [22.551, 21.563, 21.701, 19.309, 19.391, 18.343, 23.129, 22.534, 21.884, 20.575, 104.396, 27.068, 27.938, 21.562, 22.376, 28.98, 28.84, 29.016, 27.92, 21.549, 22.333, 2.546, 2.502, 2.445, 2.569, 2.481, 2.373, 2.294, 2.778, 2.561, 2.335, 2.6, 2.135, 1.913, 2.343, 2.474, 2.614, 2.444, 2.473, 2.43, 2.471, 2.443, 2.374, 2.496, 2.545, 2.411, 2.48], "Total dispersion C6": 21642.286267, "Total dispersion C8": 509637.574152, "Polarizability alpha": [6.773, 6.612, 6.633, 6.283, 5.945, 6.152, 7.143, 7.776, 6.272, 6.481, 15.631, 8.531, 8.67, 6.611, 6.746, 8.828, 8.806, 8.833, 8.667, 6.609, 6.74, 2.495, 2.474, 2.445, 2.506, 2.463, 2.409, 2.369, 2.607, 2.503, 2.39, 2.522, 2.285, 2.163, 2.394, 2.46, 2.529, 2.445, 2.459, 2.438, 2.458, 2.444, 2.41, 2.471, 2.495, 2.428, 2.463], "Total polarizability alpha": 224.263164, "Wiberg matrix": [[0.0, 1.020920795640685, 0.0, 0.0, 0.0, 0.0, 0.0, 0.0, 0.0, 0.0, 0.0, 0.0, 0.0, 0.0, 0.0, 0.0, 0.0, 0.0, 0.0, 0.0, 0.0, 0.9865039969987354, 0.9868843119957912, 0.9869068997648085, 0.0, 0.0, 0.0, 0.0, 0.0, 0.0, 0.0, 0.0, 0.0, 0.0, 0.0, 0.0, 0.0, 0.0, 0.0, 0.0, 0.0, 0.0, 0.0, 0.0, 0.0, 0.0, 0.0], [1.020920795640685, 0.0, 1.006899643015956, 0.0, 0.0, 0.0, 0.0, 0.0, 0.0, 0.0, 0.0, 0.0, 0.0, 0.0, 0.0, 0.0, 0.0, 0.0, 0.0, 0.0, 0.0, 0.0, 0.0, 0.0, 0.9774930809444917, 0.9773981969060058, 0.0, 0.0, 0.0, 0.0, 0.0, 0.0, 0.0, 0.0, 0.0, 0.0, 0.0, 0.0, 0.0, 0.0, 0.0, 0.0, 0.0, 0.0, 0.0, 0.0, 0.0], [0.0, 1.006899643015956, 0.0, 1.0030109401774476, 0.0, 0.0, 0.0, 0.0, 0.0, 0.0, 0.0, 0.0, 0.0, 0.0, 0.0, 0.0, 0.0, 0.0, 0.0, 0.0, 0.0, 0.0, 0.0, 0.0, 0.0, 0.0, 0.9747017667941811, 0.9749176261255572, 0.0, 0.0, 0.0, 0.0, 0.0, 0.0, 0.0, 0.0, 0.0, 0.0, 0.0, 0.0, 0.0, 0.0, 0.0, 0.0, 0.0, 0.0, 0.0], [0.0, 0.0, 1.0030109401774476, 0.0, 0.9668233035201893, 0.0, 0.0, 0.0, 0.0, 0.0, 0.0, 0.0, 0.0, 0.0, 0.0, 0.0, 0.0, 0.0, 0.0, 0.0, 0.0, 0.0, 0.0, 0.0, 0.0, 0.0, 0.0, 0.0, 0.9696669967364897, 0.9677007943876216, 0.0, 0.0, 0.0, 0.0, 0.0, 0.0, 0.0, 0.0, 0.0, 0.0, 0.0, 0.0, 0.0, 0.0, 0.0, 0.0, 0.0], [0.0, 0.0, 0.0, 0.9668233035201893, 0.0, 0.9775157419177011, 0.0, 0.0, 0.0, 0.0, 0.0, 0.0, 0.0, 0.0, 0.0, 0.0, 0.0, 0.0, 0.0, 0.0, 0.0, 0.0, 0.0, 0.0, 0.0, 0.0, 0.0, 0.0, 0.0, 0.0, 0.0, 0.0, 0.0, 0.0, 0.0, 0.0, 0.0, 0.0, 0.0, 0.0, 0.0, 0.0, 0.0, 0.0, 0.0, 0.0, 0.0], [0.0, 0.0, 0.0, 0.0, 0.9775157419177011, 0.0, 0.9849765818021213, 0.0, 0.0, 0.0, 0.0, 0.0, 0.0, 0.0, 0.0, 0.0, 0.0, 0.0, 0.0, 0.0, 0.0, 0.0, 0.0, 0.0, 0.0, 0.0, 0.0, 0.0, 0.0, 0.0, 0.9573154311551312, 0.9617973470801049, 0.0, 0.0, 0.0, 0.0, 0.0, 0.0, 0.0, 0.0, 0.0, 0.0, 0.0, 0.0, 0.0, 0.0, 0.0], [0.0, 0.0, 0.0, 0.0, 0.0, 0.9849765818021213, 0.0, 1.2058594675065448, 0.19608407245553708, 0.0, 0.0, 0.9891552442359318, 0.0, 0.0, 0.0, 0.0, 0.0, 0.0, 0.0, 0.0, 0.0, 0.0, 0.0, 0.0, 0.0, 0.0, 0.0, 0.0, 0.0, 0.0, 0.0, 0.0, 0.0, 0.0, 0.0, 0.0, 0.0, 0.0, 0.0, 0.0, 0.0, 0.0, 0.0, 0.0, 0.0, 0.0, 0.0], [0.0, 0.0, 0.0, 0.0, 0.0, 0.0, 1.2058594675065448, 0.0, 1.7012910066438374, 0.9727541512343253, 0.0, 0.0, 0.0, 0.0, 0.0, 0.0, 0.0, 0.0, 0.0, 0.0, 0.0, 0.0, 0.0, 0.0, 0.0, 0.0, 0.0, 0.0, 0.0, 0.0, 0.0, 0.0, 0.0, 0.0, 0.0, 0.0, 0.0, 0.0, 0.0, 0.0, 0.0, 0.0, 0.0, 0.0, 0.0, 0.0, 0.0], [0.0, 0.0, 0.0, 0.0, 0.0, 0.0, 0.19608407245553708, 1.7012910066438374, 0.0, 0.0, 0.0, 0.0, 0.0, 0.0, 0.0, 0.0, 0.0, 0.0, 0.0, 0.0, 0.0, 0.0, 0.0, 0.0, 0.0, 0.0, 0.0, 0.0, 0.0, 0.0, 0.0, 0.0, 0.0, 0.0, 0.0, 0.0, 0.0, 0.0, 0.0, 0.0, 0.0, 0.0, 0.0, 0.0, 0.0, 0.0, 0.0], [0.0, 0.0, 0.0, 0.0, 0.0, 0.0, 0.0, 0.9727541512343253, 0.0, 0.0, 0.9501232067196737, 0.0, 0.0, 0.0, 0.0, 0.0, 0.0, 0.0, 0.0, 0.0, 0.0, 0.0, 0.0, 0.0, 0.0, 0.0, 0.0, 0.0, 0.0, 0.0, 0.0, 0.0, 0.9743710623800885, 0.9689228132809464, 0.0, 0.0, 0.0, 0.0, 0.0, 0.0, 0.0, 0.0, 0.0, 0.0, 0.0, 0.0, 0.0], [0.0, 0.0, 0.0, 0.0, 0.0, 0.0, 0.0, 0.0, 0.0, 0.9501232067196737, 0.0, 0.0, 0.0, 0.0, 0.0, 0.0, 0.0, 0.0, 0.0, 0.0, 0.0, 0.0, 0.0, 0.0, 0.0, 0.0, 0.0, 0.0, 0.0, 0.0, 0.0, 0.0, 0.0, 0.0, 0.0, 0.0, 0.0, 0.0, 0.0, 0.0, 0.0, 0.0, 0.0, 0.0, 0.0, 0.0, 0.0], [0.0, 0.0, 0.0, 0.0, 0.0, 0.0, 0.9891552442359318, 0.0, 0.0, 0.0, 0.0, 0.0, 1.374168559682781, 0.0, 0.0, 0.0, 0.0, 0.0, 1.3737525097102092, 0.0, 0.0, 0.0, 0.0, 0.0, 0.0, 0.0, 0.0, 0.0, 0.0, 0.0, 0.0, 0.0, 0.0, 0.0, 0.0, 0.0, 0.0, 0.0, 0.0, 0.0, 0.0, 0.0, 0.0, 0.0, 0.0, 0.0, 0.0], [0.0, 0.0, 0.0, 0.0, 0.0, 0.0, 0.0, 0.0, 0.0, 0.0, 0.0, 1.374168559682781, 0.0, 1.0111799012552587, 0.0, 1.409014565834638, 0.0, 0.1073240543761938, 0.0, 0.0, 0.0, 0.0, 0.0, 0.0, 0.0, 0.0, 0.0, 0.0, 0.0, 0.0, 0.0, 0.0, 0.0, 0.0, 0.0, 0.0, 0.0, 0.0, 0.0, 0.0, 0.0, 0.0, 0.0, 0.0, 0.0, 0.0, 0.0], [0.0, 0.0, 0.0, 0.0, 0.0, 0.0, 0.0, 0.0, 0.0, 0.0, 0.0, 0.0, 1.0111799012552587, 0.0, 1.0045107923414212, 0.0, 0.0, 0.0, 0.0, 0.0, 0.0, 0.0, 0.0, 0.0, 0.0, 0.0, 0.0, 0.0, 0.0, 0.0, 0.0, 0.0, 0.0, 0.0, 0.967454354867102, 0.9740772949313203, 0.0, 0.0, 0.0, 0.0, 0.0, 0.0, 0.0, 0.0, 0.0, 0.0, 0.0], [0.0, 0.0, 0.0, 0.0, 0.0, 0.0, 0.0, 0.0, 0.0, 0.0, 0.0, 0.0, 0.0, 1.0045107923414212, 0.0, 0.0, 0.0, 0.0, 0.0, 0.0, 0.0, 0.0, 0.0, 0.0, 0.0, 0.0, 0.0, 0.0, 0.0, 0.0, 0.0, 0.0, 0.0, 0.0, 0.0, 0.0, 0.9864098076118416, 0.9855117693213078, 0.9868459047684957, 0.0, 0.0, 0.0, 0.0, 0.0, 0.0, 0.0, 0.0], [0.0, 0.0, 0.0, 0.0, 0.0, 0.0, 0.0, 0.0, 0.0, 0.0, 0.0, 0.0, 1.409014565834638, 0.0, 0.0, 0.0, 1.4425833772596146, 0.0, 0.10726352496492558, 0.0, 0.0, 0.0, 0.0, 0.0, 0.0, 0.0, 0.0, 0.0, 0.0, 0.0, 0.0, 0.0, 0.0, 0.0, 0.0, 0.0, 0.0, 0.0, 0.0, 0.9682685520515568, 0.0, 0.0, 0.0, 0.0, 0.0, 0.0, 0.0], [0.0, 0.0, 0.0, 0.0, 0.0, 0.0, 0.0, 0.0, 0.0, 0.0, 0.0, 0.0, 0.0, 0.0, 0.0, 1.4425833772596146, 0.0, 1.4425096312137657, 0.0, 0.0, 0.0, 0.0, 0.0, 0.0, 0.0, 0.0, 0.0, 0.0, 0.0, 0.0, 0.0, 0.0, 0.0, 0.0, 0.0, 0.0, 0.0, 0.0, 0.0, 0.0, 0.9701383754247206, 0.0, 0.0, 0.0, 0.0, 0.0, 0.0], [0.0, 0.0, 0.0, 0.0, 0.0, 0.0, 0.0, 0.0, 0.0, 0.0, 0.0, 0.0, 0.1073240543761938, 0.0, 0.0, 0.0, 1.4425096312137657, 0.0, 1.4088763756592164, 0.0, 0.0, 0.0, 0.0, 0.0, 0.0, 0.0, 0.0, 0.0, 0.0, 0.0, 0.0, 0.0, 0.0, 0.0, 0.0, 0.0, 0.0, 0.0, 0.0, 0.0, 0.0, 0.9684029868635777, 0.0, 0.0, 0.0, 0.0, 0.0], [0.0, 0.0, 0.0, 0.0, 0.0, 0.0, 0.0, 0.0, 0.0, 0.0, 0.0, 1.3737525097102092, 0.0, 0.0, 0.0, 0.10726352496492558, 0.0, 1.4088763756592164, 0.0, 1.0114948135177437, 0.0, 0.0, 0.0, 0.0, 0.0, 0.0, 0.0, 0.0, 0.0, 0.0, 0.0, 0.0, 0.0, 0.0, 0.0, 0.0, 0.0, 0.0, 0.0, 0.0, 0.0, 0.0, 0.0, 0.0, 0.0, 0.0, 0.0], [0.0, 0.0, 0.0, 0.0, 0.0, 0.0, 0.0, 0.0, 0.0, 0.0, 0.0, 0.0, 0.0, 0.0, 0.0, 0.0, 0.0, 0.0, 1.0114948135177437, 0.0, 1.0038767881388766, 0.0, 0.0, 0.0, 0.0, 0.0, 0.0, 0.0, 0.0, 0.0, 0.0, 0.0, 0.0, 0.0, 0.0, 0.0, 0.0, 0.0, 0.0, 0.0, 0.0, 0.0, 0.9733735659371776, 0.9683180356813934, 0.0, 0.0, 0.0], [0.0, 0.0, 0.0, 0.0, 0.0, 0.0, 0.0, 0.0, 0.0, 0.0, 0.0, 0.0, 0.0, 0.0, 0.0, 0.0, 0.0, 0.0, 0.0, 1.0038767881388766, 0.0, 0.0, 0.0, 0.0, 0.0, 0.0, 0.0, 0.0, 0.0, 0.0, 0.0, 0.0, 0.0, 0.0, 0.0, 0.0, 0.0, 0.0, 0.0, 0.0, 0.0, 0.0, 0.0, 0.0, 0.9872564493710185, 0.9859272673765918, 0.9855748495779557], [0.9865039969987354, 0.0, 0.0, 0.0, 0.0, 0.0, 0.0, 0.0, 0.0, 0.0, 0.0, 0.0, 0.0, 0.0, 0.0, 0.0, 0.0, 0.0, 0.0, 0.0, 0.0, 0.0, 0.0, 0.0, 0.0, 0.0, 0.0, 0.0, 0.0, 0.0, 0.0, 0.0, 0.0, 0.0, 0.0, 0.0, 0.0, 0.0, 0.0, 0.0, 0.0, 0.0, 0.0, 0.0, 0.0, 0.0, 0.0], [0.9868843119957912, 0.0, 0.0, 0.0, 0.0, 0.0, 0.0, 0.0, 0.0, 0.0, 0.0, 0.0, 0.0, 0.0, 0.0, 0.0, 0.0, 0.0, 0.0, 0.0, 0.0, 0.0, 0.0, 0.0, 0.0, 0.0, 0.0, 0.0, 0.0, 0.0, 0.0, 0.0, 0.0, 0.0, 0.0, 0.0, 0.0, 0.0, 0.0, 0.0, 0.0, 0.0, 0.0, 0.0, 0.0, 0.0, 0.0], [0.9869068997648085, 0.0, 0.0, 0.0, 0.0, 0.0, 0.0, 0.0, 0.0, 0.0, 0.0, 0.0, 0.0, 0.0, 0.0, 0.0, 0.0, 0.0, 0.0, 0.0, 0.0, 0.0, 0.0, 0.0, 0.0, 0.0, 0.0, 0.0, 0.0, 0.0, 0.0, 0.0, 0.0, 0.0, 0.0, 0.0, 0.0, 0.0, 0.0, 0.0, 0.0, 0.0, 0.0, 0.0, 0.0, 0.0, 0.0], [0.0, 0.9774930809444917, 0.0, 0.0, 0.0, 0.0, 0.0, 0.0, 0.0, 0.0, 0.0, 0.0, 0.0, 0.0, 0.0, 0.0, 0.0, 0.0, 0.0, 0.0, 0.0, 0.0, 0.0, 0.0, 0.0, 0.0, 0.0, 0.0, 0.0, 0.0, 0.0, 0.0, 0.0, 0.0, 0.0, 0.0, 0.0, 0.0, 0.0, 0.0, 0.0, 0.0, 0.0, 0.0, 0.0, 0.0, 0.0], [0.0, 0.9773981969060058, 0.0, 0.0, 0.0, 0.0, 0.0, 0.0, 0.0, 0.0, 0.0, 0.0, 0.0, 0.0, 0.0, 0.0, 0.0, 0.0, 0.0, 0.0, 0.0, 0.0, 0.0, 0.0, 0.0, 0.0, 0.0, 0.0, 0.0, 0.0, 0.0, 0.0, 0.0, 0.0, 0.0, 0.0, 0.0, 0.0, 0.0, 0.0, 0.0, 0.0, 0.0, 0.0, 0.0, 0.0, 0.0], [0.0, 0.0, 0.9747017667941811, 0.0, 0.0, 0.0, 0.0, 0.0, 0.0, 0.0, 0.0, 0.0, 0.0, 0.0, 0.0, 0.0, 0.0, 0.0, 0.0, 0.0, 0.0, 0.0, 0.0, 0.0, 0.0, 0.0, 0.0, 0.0, 0.0, 0.0, 0.0, 0.0, 0.0, 0.0, 0.0, 0.0, 0.0, 0.0, 0.0, 0.0, 0.0, 0.0, 0.0, 0.0, 0.0, 0.0, 0.0], [0.0, 0.0, 0.9749176261255572, 0.0, 0.0, 0.0, 0.0, 0.0, 0.0, 0.0, 0.0, 0.0, 0.0, 0.0, 0.0, 0.0, 0.0, 0.0, 0.0, 0.0, 0.0, 0.0, 0.0, 0.0, 0.0, 0.0, 0.0, 0.0, 0.0, 0.0, 0.0, 0.0, 0.0, 0.0, 0.0, 0.0, 0.0, 0.0, 0.0, 0.0, 0.0, 0.0, 0.0, 0.0, 0.0, 0.0, 0.0], [0.0, 0.0, 0.0, 0.9696669967364897, 0.0, 0.0, 0.0, 0.0, 0.0, 0.0, 0.0, 0.0, 0.0, 0.0, 0.0, 0.0, 0.0, 0.0, 0.0, 0.0, 0.0, 0.0, 0.0, 0.0, 0.0, 0.0, 0.0, 0.0, 0.0, 0.0, 0.0, 0.0, 0.0, 0.0, 0.0, 0.0, 0.0, 0.0, 0.0, 0.0, 0.0, 0.0, 0.0, 0.0, 0.0, 0.0, 0.0], [0.0, 0.0, 0.0, 0.9677007943876216, 0.0, 0.0, 0.0, 0.0, 0.0, 0.0, 0.0, 0.0, 0.0, 0.0, 0.0, 0.0, 0.0, 0.0, 0.0, 0.0, 0.0, 0.0, 0.0, 0.0, 0.0, 0.0, 0.0, 0.0, 0.0, 0.0, 0.0, 0.0, 0.0, 0.0, 0.0, 0.0, 0.0, 0.0, 0.0, 0.0, 0.0, 0.0, 0.0, 0.0, 0.0, 0.0, 0.0], [0.0, 0.0, 0.0, 0.0, 0.0, 0.9573154311551312, 0.0, 0.0, 0.0, 0.0, 0.0, 0.0, 0.0, 0.0, 0.0, 0.0, 0.0, 0.0, 0.0, 0.0, 0.0, 0.0, 0.0, 0.0, 0.0, 0.0, 0.0, 0.0, 0.0, 0.0, 0.0, 0.0, 0.0, 0.0, 0.0, 0.0, 0.0, 0.0, 0.0, 0.0, 0.0, 0.0, 0.0, 0.0, 0.0, 0.0, 0.0], [0.0, 0.0, 0.0, 0.0, 0.0, 0.9617973470801049, 0.0, 0.0, 0.0, 0.0, 0.0, 0.0, 0.0, 0.0, 0.0, 0.0, 0.0, 0.0, 0.0, 0.0, 0.0, 0.0, 0.0, 0.0, 0.0, 0.0, 0.0, 0.0, 0.0, 0.0, 0.0, 0.0, 0.0, 0.0, 0.0, 0.0, 0.0, 0.0, 0.0, 0.0, 0.0, 0.0, 0.0, 0.0, 0.0, 0.0, 0.0], [0.0, 0.0, 0.0, 0.0, 0.0, 0.0, 0.0, 0.0, 0.0, 0.9743710623800885, 0.0, 0.0, 0.0, 0.0, 0.0, 0.0, 0.0, 0.0, 0.0, 0.0, 0.0, 0.0, 0.0, 0.0, 0.0, 0.0, 0.0, 0.0, 0.0, 0.0, 0.0, 0.0, 0.0, 0.0, 0.0, 0.0, 0.0, 0.0, 0.0, 0.0, 0.0, 0.0, 0.0, 0.0, 0.0, 0.0, 0.0], [0.0, 0.0, 0.0, 0.0, 0.0, 0.0, 0.0, 0.0, 0.0, 0.9689228132809464, 0.0, 0.0, 0.0, 0.0, 0.0, 0.0, 0.0, 0.0, 0.0, 0.0, 0.0, 0.0, 0.0, 0.0, 0.0, 0.0, 0.0, 0.0, 0.0, 0.0, 0.0, 0.0, 0.0, 0.0, 0.0, 0.0, 0.0, 0.0, 0.0, 0.0, 0.0, 0.0, 0.0, 0.0, 0.0, 0.0, 0.0], [0.0, 0.0, 0.0, 0.0, 0.0, 0.0, 0.0, 0.0, 0.0, 0.0, 0.0, 0.0, 0.0, 0.967454354867102, 0.0, 0.0, 0.0, 0.0, 0.0, 0.0, 0.0, 0.0, 0.0, 0.0, 0.0, 0.0, 0.0, 0.0, 0.0, 0.0, 0.0, 0.0, 0.0, 0.0, 0.0, 0.0, 0.0, 0.0, 0.0, 0.0, 0.0, 0.0, 0.0, 0.0, 0.0, 0.0, 0.0], [0.0, 0.0, 0.0, 0.0, 0.0, 0.0, 0.0, 0.0, 0.0, 0.0, 0.0, 0.0, 0.0, 0.9740772949313203, 0.0, 0.0, 0.0, 0.0, 0.0, 0.0, 0.0, 0.0, 0.0, 0.0, 0.0, 0.0, 0.0, 0.0, 0.0, 0.0, 0.0, 0.0, 0.0, 0.0, 0.0, 0.0, 0.0, 0.0, 0.0, 0.0, 0.0, 0.0, 0.0, 0.0, 0.0, 0.0, 0.0], [0.0, 0.0, 0.0, 0.0, 0.0, 0.0, 0.0, 0.0, 0.0, 0.0, 0.0, 0.0, 0.0, 0.0, 0.9864098076118416, 0.0, 0.0, 0.0, 0.0, 0.0, 0.0, 0.0, 0.0, 0.0, 0.0, 0.0, 0.0, 0.0, 0.0, 0.0, 0.0, 0.0, 0.0, 0.0, 0.0, 0.0, 0.0, 0.0, 0.0, 0.0, 0.0, 0.0, 0.0, 0.0, 0.0, 0.0, 0.0], [0.0, 0.0, 0.0, 0.0, 0.0, 0.0, 0.0, 0.0, 0.0, 0.0, 0.0, 0.0, 0.0, 0.0, 0.9855117693213078, 0.0, 0.0, 0.0, 0.0, 0.0, 0.0, 0.0, 0.0, 0.0, 0.0, 0.0, 0.0, 0.0, 0.0, 0.0, 0.0, 0.0, 0.0, 0.0, 0.0, 0.0, 0.0, 0.0, 0.0, 0.0, 0.0, 0.0, 0.0, 0.0, 0.0, 0.0, 0.0], [0.0, 0.0, 0.0, 0.0, 0.0, 0.0, 0.0, 0.0, 0.0, 0.0, 0.0, 0.0, 0.0, 0.0, 0.9868459047684957, 0.0, 0.0, 0.0, 0.0, 0.0, 0.0, 0.0, 0.0, 0.0, 0.0, 0.0, 0.0, 0.0, 0.0, 0.0, 0.0, 0.0, 0.0, 0.0, 0.0, 0.0, 0.0, 0.0, 0.0, 0.0, 0.0, 0.0, 0.0, 0.0, 0.0, 0.0, 0.0], [0.0, 0.0, 0.0, 0.0, 0.0, 0.0, 0.0, 0.0, 0.0, 0.0, 0.0, 0.0, 0.0, 0.0, 0.0, 0.9682685520515568, 0.0, 0.0, 0.0, 0.0, 0.0, 0.0, 0.0, 0.0, 0.0, 0.0, 0.0, 0.0, 0.0, 0.0, 0.0, 0.0, 0.0, 0.0, 0.0, 0.0, 0.0, 0.0, 0.0, 0.0, 0.0, 0.0, 0.0, 0.0, 0.0, 0.0, 0.0], [0.0, 0.0, 0.0, 0.0, 0.0, 0.0, 0.0, 0.0, 0.0, 0.0, 0.0, 0.0, 0.0, 0.0, 0.0, 0.0, 0.9701383754247206, 0.0, 0.0, 0.0, 0.0, 0.0, 0.0, 0.0, 0.0, 0.0, 0.0, 0.0, 0.0, 0.0, 0.0, 0.0, 0.0, 0.0, 0.0, 0.0, 0.0, 0.0, 0.0, 0.0, 0.0, 0.0, 0.0, 0.0, 0.0, 0.0, 0.0], [0.0, 0.0, 0.0, 0.0, 0.0, 0.0, 0.0, 0.0, 0.0, 0.0, 0.0, 0.0, 0.0, 0.0, 0.0, 0.0, 0.0, 0.9684029868635777, 0.0, 0.0, 0.0, 0.0, 0.0, 0.0, 0.0, 0.0, 0.0, 0.0, 0.0, 0.0, 0.0, 0.0, 0.0, 0.0, 0.0, 0.0, 0.0, 0.0, 0.0, 0.0, 0.0, 0.0, 0.0, 0.0, 0.0, 0.0, 0.0], [0.0, 0.0, 0.0, 0.0, 0.0, 0.0, 0.0, 0.0, 0.0, 0.0, 0.0, 0.0, 0.0, 0.0, 0.0, 0.0, 0.0, 0.0, 0.0, 0.9733735659371776, 0.0, 0.0, 0.0, 0.0, 0.0, 0.0, 0.0, 0.0, 0.0, 0.0, 0.0, 0.0, 0.0, 0.0, 0.0, 0.0, 0.0, 0.0, 0.0, 0.0, 0.0, 0.0, 0.0, 0.0, 0.0, 0.0, 0.0], [0.0, 0.0, 0.0, 0.0, 0.0, 0.0, 0.0, 0.0, 0.0, 0.0, 0.0, 0.0, 0.0, 0.0, 0.0, 0.0, 0.0, 0.0, 0.0, 0.9683180356813934, 0.0, 0.0, 0.0, 0.0, 0.0, 0.0, 0.0, 0.0, 0.0, 0.0, 0.0, 0.0, 0.0, 0.0, 0.0, 0.0, 0.0, 0.0, 0.0, 0.0, 0.0, 0.0, 0.0, 0.0, 0.0, 0.0, 0.0], [0.0, 0.0, 0.0, 0.0, 0.0, 0.0, 0.0, 0.0, 0.0, 0.0, 0.0, 0.0, 0.0, 0.0, 0.0, 0.0, 0.0, 0.0, 0.0, 0.0, 0.9872564493710185, 0.0, 0.0, 0.0, 0.0, 0.0, 0.0, 0.0, 0.0, 0.0, 0.0, 0.0, 0.0, 0.0, 0.0, 0.0, 0.0, 0.0, 0.0, 0.0, 0.0, 0.0, 0.0, 0.0, 0.0, 0.0, 0.0], [0.0, 0.0, 0.0, 0.0, 0.0, 0.0, 0.0, 0.0, 0.0, 0.0, 0.0, 0.0, 0.0, 0.0, 0.0, 0.0, 0.0, 0.0, 0.0, 0.0, 0.9859272673765918, 0.0, 0.0, 0.0, 0.0, 0.0, 0.0, 0.0, 0.0, 0.0, 0.0, 0.0, 0.0, 0.0, 0.0, 0.0, 0.0, 0.0, 0.0, 0.0, 0.0, 0.0, 0.0, 0.0, 0.0, 0.0, 0.0], [0.0, 0.0, 0.0, 0.0, 0.0, 0.0, 0.0, 0.0, 0.0, 0.0, 0.0, 0.0, 0.0, 0.0, 0.0, 0.0, 0.0, 0.0, 0.0, 0.0, 0.9855748495779557, 0.0, 0.0, 0.0, 0.0, 0.0, 0.0, 0.0, 0.0, 0.0, 0.0, 0.0, 0.0, 0.0, 0.0, 0.0, 0.0, 0.0, 0.0, 0.0, 0.0, 0.0, 0.0, 0.0, 0.0, 0.0, 0.0]], "Born radii": [], "Atomic SASAs": [], "Solvent H bonds": [], "Total SASA": NaN, "Total FOD": 0.0, "FOD": [0.0, 0.0, 0.0, 0.0, 0.0, 0.0, 0.0, 0.0, 0.0, 0.0, 0.0, 0.0, 0.0, 0.0, 0.0, 0.0, 0.0, 0.0, 0.0, 0.0, 0.0, 0.0, 0.0, 0.0, 0.0, 0.0, 0.0, 0.0, 0.0, 0.0, 0.0, 0.0, 0.0, 0.0, 0.0, 0.0, 0.0, 0.0, 0.0, 0.0, 0.0, 0.0, 0.0, 0.0, 0.0, 0.0, 0.0], "FOD s proportion": [0.0, 0.0, 0.0, 0.0, 0.0, 0.0, 0.0, 0.0, 0.0, 0.0, 0.0, 0.0, 0.0, 0.0, 0.0, 0.0, 0.0, 0.0, 0.0, 0.0, 0.0, 0.0, 0.0, 0.0, 0.0, 0.0, 0.0, 0.0, 0.0, 0.0, 0.0, 0.0, 0.0, 0.0, 0.0, 0.0, 0.0, 0.0, 0.0, 0.0, 0.0, 0.0, 0.0, 0.0, 0.0, 0.0, 0.0], "FOD p proportion": [0.0, 0.0, 0.0, 0.0, 0.0, 0.0, 0.0, 0.0, 0.0, 0.0, 0.0, 0.0, 0.0, 0.0, 0.0, 0.0, 0.0, 0.0, 0.0, 0.0, 0.0, 0.0, 0.0, 0.0, 0.0, 0.0, 0.0, 0.0, 0.0, 0.0, 0.0, 0.0, 0.0, 0.0, 0.0, 0.0, 0.0, 0.0, 0.0, 0.0, 0.0, 0.0, 0.0, 0.0, 0.0, 0.0, 0.0], "FOD d proportion": [0.0, 0.0, 0.0, 0.0, 0.0, 0.0, 0.0, 0.0, 0.0, 0.0, 0.0, 0.0, 0.0, 0.0, 0.0, 0.0, 0.0, 0.0, 0.0, 0.0, 0.0, 0.0, 0.0, 0.0, 0.0, 0.0, 0.0, 0.0, 0.0, 0.0, 0.0, 0.0, 0.0, 0.0, 0.0, 0.0, 0.0, 0.0, 0.0, 0.0, 0.0, 0.0, 0.0, 0.0, 0.0, 0.0, 0.0], "coordinates": [["5.43380", "0.43480", "2.01060"], ["4.21690", "1.06350", "2.67140"], ["3.07090", "1.33760", "1.69940"], ["2.46050", "0.07480", "1.10110"], ["1.35130", "0.46120", "0.29360"], ["0.69880", "-0.67020", "-0.27410"], ["-0.31310", "-0.18940", "-1.19500"], ["0.06310", "0.13960", "-2.49360"], ["1.22380", "-0.00530", "-2.89470"], ["-0.99560", "0.69000", "-3.43620"], ["-1.52660", "-0.59440", "-4.54110"], ["-1.65730", "-0.21260", "-0.75120"], ["-2.43460", "-1.37970", "-0.93340"], ["-1.89310", "-2.65520", "-1.54450"], ["-1.64020", "-3.73370", "-0.49940"], ["-3.77640", "-1.37090", "-0.51660"], ["-4.33510", "-0.24190", "0.07460"], ["-3.56020", "0.89820", "0.26440"], ["-2.21510", "0.93320", "-0.14010"], ["-1.43290", "2.20500", "0.10860"], ["-1.06630", "2.37620", "1.57680"], ["5.21390", "-0.57030", "1.63890"], ["6.25120", "0.34870", "2.73380"], ["5.78560", "1.04520", "1.17290"], ["3.86910", "0.41690", "3.48540"], ["4.52000", "2.01300", "3.12850"], ["2.28540", "1.89630", "2.22410"], ["3.40940", "1.99820", "0.89130"], ["2.11760", "-0.59470", "1.89820"], ["3.19170", "-0.45120", "0.47840"], ["1.42090", "-1.29430", "-0.81340"], ["0.24100", "-1.26480", "0.52460"], ["-1.86710", "1.10550", "-2.93060"], ["-0.54790", "1.49250", "-4.03060"], ["-2.61180", "-3.02500", "-2.28690"], ["-0.96670", "-2.47550", "-2.09750"], ["-0.91830", "-3.39890", "0.25200"], ["-1.23990", "-4.63390", "-0.97670"], ["-2.56190", "-4.01230", "0.02210"], ["-4.39710", "-2.25490", "-0.65270"], ["-5.37490", "-0.25210", "0.39170"], ["-4.01290", "1.76980", "0.73370"], ["-0.52660", "2.24490", "-0.50310"], ["-2.03790", "3.06050", "-0.21840"], ["-1.95980", "2.48240", "2.20110"], ["-0.50010", "1.51840", "1.95270"], ["-0.45570", "3.27470", "1.71100"]], "bond_dist": [[0.0, 1.5207780705941283, 2.548566202789325, 3.1300643986985315, 4.428949334774558, 5.372253166968213, 6.610019410712801, 7.0156524407926595, 6.479178659367251, 8.430299024352577, 9.614114295659274, 7.637431846504425, 8.59483942898295, 8.710355883659403, 8.585916855525682, 9.71982902987496, 9.98185484266326, 9.173657394954315, 7.961129584424561, 7.34185132851381, 6.797684635962454, 1.0939574534688268, 1.0947941404665993, 1.094574204885169, 2.1502654580307055, 2.139029240099349, 3.477641019426818, 2.79199702900988, 3.4741454272957544, 2.85650927707228, 5.202704029636896, 5.662332381625085, 8.841291576460986, 8.56712096447809, 9.755531848648745, 8.143262979297672, 7.624900265577249, 8.896850716405215, 9.362801351625484, 10.53443153615799, 10.950829398269338, 9.625634498566834, 6.717255232608032, 8.227335071576944, 7.674260679049154, 6.032305577472016, 6.545303844742428], [1.5207780705941283, 0.0, 1.5274916726450591, 2.555055917196334, 3.7720500381092505, 4.904968251681146, 6.086025580787514, 6.692149927340242, 6.409559287501755, 8.038186129967382, 9.367848254001556, 6.9172861448692435, 7.950236570693982, 8.302688871684882, 8.208088747692731, 8.943293143467903, 9.032394112304887, 8.142742627640885, 7.020835729455576, 6.308027118679817, 5.552795034034662, 2.174710944010721, 2.15712987323434, 2.169483078984485, 1.0961990695124673, 1.0965218967261892, 2.1504244650766045, 2.1666740294746694, 2.784694950977575, 2.8556260486975527, 5.051798479749563, 5.0830612764356875, 8.270382336990231, 8.234328390342469, 9.377191201527246, 7.882679567888067, 7.220580943386758, 8.69170101936324, 8.873255635334756, 9.811341160616116, 9.946379375933736, 8.484288362614747, 5.828717565639976, 7.17366545637584, 6.355004499605016, 4.793073408576171, 5.257847882927006], [2.548566202789325, 1.5274916726450591, 0.0, 1.5248655317764908, 2.3877551717041676, 3.6814156923661856, 4.707519130072654, 5.297481839515828, 5.130391177093614, 6.582567536303748, 7.988333399401906, 5.546569718303377, 6.680260876642468, 7.148890476850236, 7.262731465502494, 7.689742878666361, 7.744910024654902, 6.798807584422433, 5.611514555803986, 4.854610369535335, 4.267334596677415, 2.8698765931656363, 3.487436689031071, 2.7807006491170525, 2.1620841172350347, 2.14438400945353, 1.0974816763846218, 1.0972694381964716, 2.163812750678764, 2.1691563060323706, 3.99544258499606, 4.020071493145364, 6.773080127239009, 6.778835257623539, 8.198533145630382, 6.727435988547197, 6.359490203624816, 7.836027060953784, 7.947527989255526, 8.614490969291221, 8.6930295651171, 7.162373612846513, 4.314650135294865, 5.722427691985282, 5.183648562547426, 3.584534911254178, 4.02360516576863], [3.1300643986985315, 2.555055917196334, 1.5248655317764908, 0.0, 1.4253721794675243, 2.3557985758549056, 3.610364775199315, 4.321295394901857, 4.1835703101537565, 5.736740323563549, 6.941124972942066, 4.524366352319405, 5.4969777614612925, 5.7797865289299395, 5.820825799661075, 6.603478128229093, 6.879984047946623, 6.134075557082745, 4.913111372643613, 4.547677632594465, 4.23804798108752, 2.8786445438782464, 4.136440134946957, 3.4645521225693803, 2.7903535367404606, 3.479728473602502, 2.1470098416169408, 2.154969793291776, 1.0959831522427708, 1.0950272736329447, 2.5730357984295513, 2.6557599025514333, 6.003754586923087, 6.115119683211441, 6.84218761289107, 5.336737944662451, 4.919741043998149, 6.338932772162834, 6.564535716255948, 7.451845025897949, 7.874236796667979, 6.701709880321588, 4.02561275584227, 5.55797510789676, 5.152241245322273, 3.402110503790258, 4.372134542760549], [4.428949334774558, 3.7720500381092505, 2.3877551717041676, 1.4253721794675243, 0.0, 1.4241156905251764, 2.325819786655879, 3.087291635074341, 3.224769044443338, 4.412674595979178, 5.724589405363497, 3.255347514475221, 4.384915121185357, 4.859700806634087, 5.2129748953932245, 5.505117777123392, 5.733886602471312, 4.9309891391078935, 3.623546418910623, 3.2904153354857804, 3.3404516161740765, 4.218234595183155, 5.475057287371521, 4.55820589486697, 4.0655708787327764, 4.526080085460264, 2.5804815577717273, 2.6373073199761916, 2.0680622959669277, 2.0624492624062296, 2.0765532523872343, 2.065236812087176, 4.600944108549896, 4.834174797212032, 5.8752644451122364, 4.440122757312009, 4.478078464028963, 5.855597624495726, 5.949709971082624, 6.427813427597288, 6.7646276275934065, 5.53902190011919, 2.709764748091612, 4.301764885485956, 4.322868133542822, 2.701474895311818, 3.6318113951580693], [5.372253166968213, 4.904968251681146, 3.6814156923661856, 2.3557985758549056, 1.4241156905251764, 0.0, 1.4502300024478876, 2.446644800538076, 2.7541353216572344, 3.8366667577468854, 4.813048908955736, 2.447085895509187, 3.2796741149083695, 3.5031538319063293, 3.8609213071493698, 4.536210067887068, 5.064107205618775, 4.570442189766763, 3.328612439140369, 3.5996359843739754, 3.9776829662505784, 4.904658705761289, 6.396465069083079, 5.559850753392576, 5.036509580056411, 5.777440474812354, 3.917298182421144, 3.9781739630136843, 2.595685069495142, 2.6131910875402893, 1.0962544002192192, 1.095925038494878, 4.098041672555319, 4.5103020331237245, 4.5339297789004185, 3.059049836141935, 3.215213415933692, 4.468010982529027, 4.678624941155253, 5.350028865342691, 6.124371717980549, 5.400868238533505, 3.1704659231728067, 4.62717536624667, 4.809745914286949, 3.344543228902865, 4.564616990504242], [6.610019410712801, 6.086025580787514, 4.707519130072654, 3.610364775199315, 2.325819786655879, 1.4502300024478876, 0.0, 1.3914486695527073, 2.298898542780868, 2.502424434423545, 3.5823166331300196, 1.415757860652732, 2.4466325633408874, 2.949359233799776, 3.848001593035013, 3.7216415329797687, 4.217952632498378, 3.722415953382964, 2.4475801866333207, 2.9472828774992066, 3.8512970334680756, 6.222845251169275, 7.669097439725225, 6.657727034055992, 6.305913152747982, 6.8485088610587335, 4.774158726938182, 4.795336036191833, 3.954801742186326, 3.892612212897658, 2.0912146159588687, 2.1025071058143894, 2.665331005710173, 3.3052300994030652, 3.8101042846620357, 2.5432169431647, 3.5722494719714075, 4.545348543291262, 4.599238878336283, 4.60862620962039, 5.305032273228882, 4.609432543166241, 2.5397095011044075, 3.8066432207392387, 4.624243866839205, 3.586023581907961, 4.523843451093329], [7.0156524407926595, 6.692149927340242, 5.297481839515828, 4.321295394901857, 3.087291635074341, 2.446644800538076, 1.3914486695527073, 0.0, 1.2365685221612266, 1.5206184958759381, 2.6940969433188555, 2.4738186594817333, 3.3137594692433545, 3.5409626219433608, 4.67766153328776, 4.575139287497158, 5.107382571337299, 4.616312473175966, 3.370305394174243, 3.6435337242847083, 4.779757324383739, 6.641705722177098, 8.103210177454363, 6.8564086707255125, 7.09302278933319, 7.4149574226693975, 5.502845215886051, 5.109761800710479, 4.9038835610156974, 4.355452513803818, 2.5928289743058643, 3.333694498600614, 2.2021816114934754, 2.1368267150145797, 4.148795977148069, 2.8383324787628386, 4.5850242714733795, 5.175432045732993, 5.518844543924026, 5.386643398258326, 6.16848676581218, 5.448558830553268, 2.9567083775712475, 4.25704038623079, 5.623259227529884, 4.6891222387564175, 5.270357351261866], [6.479178659367251, 6.409559287501755, 5.130391177093614, 4.1835703101537565, 3.224769044443338, 2.7541353216572344, 2.298898542780868, 1.2365685221612266, 0.0, 2.3879699956238984, 3.2591980501344193, 3.5969852307175243, 4.372592321495339, 4.308140626766958, 5.276450004501132, 5.702825879333859, 6.306670378258245, 5.803695465821755, 4.504956894355373, 4.578568757810676, 5.559713347826486, 6.0657771117969705, 7.555135935904794, 6.201527170786241, 6.91964890294298, 7.15663381555882, 5.562840152296307, 4.808810207317398, 4.9110244562616465, 3.930554773820103, 2.4560494905437062, 3.774102354202917, 3.2846351791332933, 2.5831365701410367, 4.91933291107646, 3.3964254930735636, 5.099689623888889, 5.583232007538285, 6.2366093135613365, 6.456142886429946, 7.375918714980528, 6.613568889790141, 3.721162554901358, 5.2154001016221185, 6.503163683162219, 5.365704022772781, 5.898439856436616], [8.430299024352577, 8.038186129967382, 6.582567536303748, 5.736740323563549, 4.412674595979178, 3.8366667577468854, 2.502424434423545, 1.5206184958759381, 2.3879699956238984, 0.0, 1.7755135510606501, 2.908910216902543, 3.552236891030777, 3.946441204427097, 5.3487779062137175, 4.528158743904635, 4.934208599157518, 4.507212082873403, 3.522868390956438, 3.879698871046566, 5.28946480563015, 8.118059272387704, 9.523733297924716, 8.206987467396305, 8.46453993197504, 8.675682016418074, 6.652752571680386, 6.312104917537413, 6.30858872411255, 5.844648140820797, 4.081176127049652, 4.586759121645696, 1.0898549720031558, 1.094418978271119, 4.211201482949967, 3.437054429304255, 5.507077059566172, 5.869645129818327, 6.043571780826301, 5.290605873621659, 5.892252481861245, 5.25910005038885, 3.3527228665668147, 4.13036274193926, 5.993457323615477, 5.474669854886228, 5.784966200419843], [9.614114295659274, 9.367848254001556, 7.988333399401906, 6.941124972942066, 5.724589405363497, 4.813048908955736, 3.5823166331300196, 2.6940969433188555, 3.2591980501344193, 1.7755135510606501, 0.0, 3.8113246699802423, 3.802191391816041, 3.65524697523984, 5.118930390228021, 4.675591143374279, 5.414481968757491, 5.427357917992879, 4.7091819894754545, 5.428179265647, 6.816527038015766, 9.144797486002629, 10.691481677485118, 9.423712272772338, 9.724248476360525, 10.108544429342931, 8.154928664924054, 7.784384402121982, 7.398971429867803, 6.890445659026708, 4.803474112556453, 5.406955003511681, 2.366286227403608, 2.3608505988308535, 3.488107372200575, 3.1341994480249658, 5.586506667856041, 5.394877616776863, 5.794538872076017, 5.110448616315401, 6.265708102042418, 6.292427541895099, 5.036573089909448, 5.683788964238556, 7.423720180610259, 6.90558212824958, 7.430041455469816], [7.637431846504425, 6.9172861448692435, 5.546569718303377, 4.524366352319405, 3.255347514475221, 2.447085895509187, 1.415757860652732, 2.4738186594817333, 3.5969852307175243, 2.908910216902543, 3.8113246699802423, 0.0, 1.4140419159275301, 2.578996178748623, 3.5301332637734792, 2.4263719541735562, 2.802394863326722, 2.4261797975418062, 1.413308773764601, 2.575733130586319, 3.531394970829516, 7.283811964898599, 8.660522786760625, 7.789799872910728, 6.99186289696816, 7.62655903668227, 5.3707311038628625, 5.766878859487167, 4.627654997944423, 5.008158056611234, 3.2633202371204697, 2.517604688985147, 2.5556189093837918, 3.859092993178578, 3.3435069163978115, 2.722162460251041, 3.421262768335691, 4.446680413521978, 3.981709951766954, 3.418654059714144, 3.8895154479703513, 3.418141180524877, 2.7164944965893083, 3.3379508399615476, 4.008816102043096, 3.412703920647087, 4.4348092055916], [8.59483942898295, 7.950236570693982, 6.680260876642468, 5.4969777614612925, 4.384915121185357, 3.2796741149083695, 2.4466325633408874, 3.3137594692433545, 4.372592321495339, 3.552236891030777, 3.802191391816041, 1.4140419159275301, 0.0, 1.5144522805291687, 2.522051418984157, 1.4050718558137874, 2.433629612328055, 2.809008474533318, 2.454997260690936, 3.865131431141766, 4.720183655325289, 8.109957330343978, 9.585345274949672, 8.82543640507369, 7.905074236843067, 8.739330984692133, 6.555942514238513, 6.992286786166597, 5.418183127211557, 5.874567488760344, 3.858312248898474, 3.0492296354981203, 3.2383766195425756, 4.626209849325903, 2.1378433478625136, 2.1704