{"total energy": -75.03192946, "HOMO-LUMO gap/eV": 0.90810422, "electronic energy": -75.68375208, "dipole": [-0.54510994, -0.35594426, 0.2458233], "partial charges": [-0.1038196, -0.05300682, -0.06412554, 0.00336697, -0.16501828, 0.01186406, -0.11290144, 0.10553565, 0.01641281, -0.01413945, -0.00542868, -0.01444686, 0.01050085, 0.54272297, -0.35122303, -0.35494045, 0.48213997, -0.19432795, -0.19382707, -0.19244191, 0.55312576, -0.34783709, -0.34707727, 0.03243251, 0.03792889, 0.04256223, 0.03023102, 0.04159826, 0.04303681, 0.03758771, 0.02473632, 0.05608273, 0.03790274, 0.04681062, 0.04685086, 0.05928367, 0.0499098, 0.10205073, 0.09988752], "atomic dipole moments": [[0.05524448, -0.09336443, 0.01319528], [0.03716785, 0.09590331, 0.068665], [-0.00119871, -0.11033241, -0.04305273], [0.0510104, 0.02804068, -0.13688293], [0.14524626, -0.08121142, 0.16249878], [-0.05909073, 0.14086995, 0.00891912], [0.11337477, 0.02465261, 0.06403651], [-0.06064943, -0.03764839, 0.02260619], [-0.1247265, 0.00949229, -0.09689167], [-0.00182615, -0.0334328, 0.0391595], [0.13018043, 0.08099696, -0.02407016], [-0.03945414, 0.00570593, -0.03238408], [-0.00466485, -0.10811138, 0.12621454], [0.00446915, -0.04341676, 0.04831394], [-0.02463744, 0.23762964, 0.06437258], [0.0169021, -0.10192306, -0.22755172], [0.15126434, 0.09935473, -0.02468421], [-0.2196582, 0.13742726, -0.07909609], [-0.03476579, -0.06256196, 0.26108125], [0.0038307, -0.23212757, -0.13856658], [-0.04537537, 0.00374895, -0.03288085], [0.11908081, -0.21726754, -0.02433912], [0.03359698, 0.18203018, 0.16324784], [-0.04892572, 0.03776144, 0.10927125], [-0.09558494, -0.01724377, -0.08014864], [0.07259075, 0.09484659, -0.04621822], [-0.07825676, -0.08662723, 0.03770979], [0.03556846, -0.03538277, -0.11451549], [-0.0450283, 0.03575334, 0.11028681], [0.07298079, 0.09881639, -0.03479658], [0.06703655, 0.0155264, 0.10241245], [-0.08305996, -0.09205045, 0.04254521], [0.0114641, -0.07461188, 0.10012003], [0.09408612, -0.03810156, -0.08393433], [-0.10272027, 0.01510057, 0.07258307], [-0.02166992, 0.07045849, -0.10629665], [0.00039982, -0.12379893, -0.03665534], [0.01108482, 0.10493265, -0.12503938], [0.13021947, -0.01919343, 0.09733884]], "atomic quadrupole moments": [[-0.02223457, -0.16549368, 0.13731609, 0.02875823, -0.02462158, -0.11508152], [0.05425099, -0.11145781, 0.03888873, 0.1885327, 0.00396624, -0.09313972], [0.03716901, -0.14163463, 0.04925703, 0.17040524, -0.00776921, -0.08642604], [-0.04588917, -0.17795537, -0.00770406, -0.15726646, 0.05961198, 0.05359323], [-0.00791014, 0.0629085, 0.05786851, -0.08425971, 0.05763895, -0.04995837], [-0.01592537, 0.06897827, 0.19467921, 0.10697358, 0.14602619, -0.17875384], [0.15100926, 0.07858884, -0.09168369, 0.15456993, 0.05651201, -0.05932557], [-0.15399181, -0.10741221, 0.20010883, -0.17912614, 0.36199071, -0.04611702], [-0.04969486, -0.27147221, 0.03394329, 0.11367152, 0.30108562, 0.01575157], [-0.16079695, -0.21653537, 0.16639907, -0.14428415, 0.39331369, -0.00560211], [-0.03629215, -0.03607129, 0.12916666, -0.18439474, 0.29033951, -0.09287451], [-0.22434354, -0.1982913, 0.19883835, -0.18888396, 0.35674414, 0.02550519], [-0.39709411, -0.17795693, 0.20762568, -0.1635406, 0.09465951, 0.18946843], [0.27860539, 0.05244561, -0.13124999, 0.00588841, 0.05506401, -0.14735539], [0.15747612, 0.01054555, 0.04526106, -0.0009885, 0.07439317, -0.20273719], [0.15414075, 0.03090613, -0.1709314, -0.00925983, 0.10960034, 0.01679064], [-0.1692842, -0.20370188, 0.01676195, 0.07315414, 0.0142582, 0.15252224], [0.02370533, -0.06066796, -0.00057788, 0.03168871, -0.02219591, -0.02312745], [-0.04606091, -0.00632261, -0.03640413, -0.0034922, -0.02253283, 0.08246505], [-0.04813625, -0.01579931, 0.04870618, -0.00296341, 0.05854722, -0.00056993], [0.02250914, 0.12604281, -0.019759, -0.20029348, -0.09501624, -0.00275013], [0.0148403, -0.01168379, 0.06249238, -0.17049877, -0.07280015, -0.07733268], [-0.0464796, 0.13826123, 0.00522133, -0.12946214, 0.03876267, 0.04125827], [-0.03589919, -0.01744237, -0.02696502, -0.03799619, 0.01970724, 0.06286421], [0.02309397, 0.010662, -0.02566502, 0.06392811, 0.01933292, 0.00257105], [0.0155163, 0.04429728, 0.01943961, -0.03154093, -0.02829438, -0.03495591], [0.00628407, 0.03175478, 0.00933076, -0.0177829, -0.03343703, -0.01561483], [-0.00903054, -0.01685412, -0.02789011, -0.03216289, 0.01111805, 0.03692065], [-0.00438463, -0.01575744, -0.04023781, -0.02639342, 0.01413388, 0.04462244], [0.0143428, 0.03521533, 0.00014149, -0.01609239, -0.03372218, -0.01448428], [0.03731036, -0.00833794, -0.03398103, 0.03815761, 0.02209765, -0.00332933], [0.00743023, 0.02895953, 0.03471475, -0.01065619, 0.01315645, -0.04214498], [-0.02904638, 0.01087614, -0.00468176, 0.01319365, -0.01695652, 0.03372815], [0.02744463, 0.01795127, -0.02964265, -0.03369807, 0.00989244, 0.00219802], [0.02549095, -0.01461445, -0.04793506, -0.05312198, 0.01660607, 0.0224441], [-0.02798567, 0.00168644, -0.00356215, 0.00566415, -0.06129111, 0.03154782], [-0.03134315, -0.01180962, 0.07330384, 0.00224478, 0.03338501, -0.04196069], [0.02560079, 0.01844653, -0.02238075, 0.02228473, -0.02670888, -0.00322004], [0.0085349, 0.02020064, -0.00901732, 0.00678962, -0.04073182, 0.00048243]], "number of molecular orbitals": 108, "number of electrons": 128, "number of unpaired electrons": 0, "orbital energies/eV": [-24.5492942, -24.21877318, -24.19651518, -21.95922401, -21.76505806, -21.41209598, -21.21608548, -20.58920505, -20.35606353, -20.14097437, -19.47770304, -19.28620215, -18.96776798, -18.42205341, -18.3592309, -18.32186891, -17.91592215, -17.85221648, -17.78787983, -17.67848495, -17.58429315, -17.5142206, -17.33988233, -17.03024404, -16.98053203, -16.85836719, -16.8193015, -16.59279025, -16.34833354, -16.26451388, -15.97640513, -15.71548306, -15.62156257, -15.48937447, -15.4673699, -15.42815032, -15.1907707, -15.1641263, -15.16205161, -15.12191303, -14.97977521, -14.64931476, -14.45399568, -14.34678808, -14.18279777, -13.98696691, -13.84199117, -13.80677908, -13.76640511, -13.66215578, -13.62404862, -13.39724527, -13.2264199, -13.11766522, -13.10171055, -13.01802424, -12.81672871, -12.73860087, -12.65723024, -12.51265688, -12.35133259, -12.06241288, -11.80502563, -10.68815516, -9.78005094, -9.63790686, -8.85702018, -8.79238195, -5.6871063, -2.6793178, -1.68383847, -1.53919554, -0.45058761, -0.26993695, 0.61368312, 0.86183006, 1.52400337, 1.78077247, 2.04571409, 2.24357791, 2.3081627, 2.66411299, 3.00056692, 3.19378971, 3.45195616, 3.59290884, 3.71750267, 3.97685502, 4.01233472, 4.0758323, 4.50665136, 4.72295324, 5.02180692, 5.37419338, 5.98393468, 6.20591389, 6.65836868, 6.78942009, 6.91412714, 7.05342561, 7.87430834, 8.14407836, 8.30583158, 8.63355597, 9.29168801, 9.57965646, 13.34041401, 13.78647793], "fractional occupation": [2.0, 2.0, 2.0, 2.0, 2.0, 2.0, 2.0, 2.0, 2.0, 2.0, 2.0, 2.0, 2.0, 2.0, 2.0, 2.0, 2.0, 2.0, 2.0, 2.0, 2.0, 2.0, 2.0, 2.0, 2.0, 2.0, 2.0, 2.0, 2.0, 2.0, 2.0, 2.0, 2.0, 2.0, 2.0, 2.0, 2.0, 2.0, 2.0, 2.0, 2.0, 2.0, 2.0, 2.0, 2.0, 2.0, 2.0, 2.0, 2.0, 2.0, 2.0, 2.0, 2.0, 2.0, 2.0, 2.0, 2.0, 2.0, 2.0, 2.0, 2.0, 2.0, 2.0, 1.99999995, 5e-08, 0.0, 0.0, 0.0, 0.0, 0.0, 0.0, 0.0, 0.0, 0.0, 0.0, 0.0, 0.0, 0.0, 0.0, 0.0, 0.0, 0.0, 0.0, 0.0, 0.0, 0.0, 0.0, 0.0, 0.0, 0.0, 0.0, 0.0, 0.0, 0.0, 0.0, 0.0, 0.0, 0.0, 0.0, 0.0, 0.0, 0.0, 0.0, 0.0, 0.0, 0.0, 0.0, 0.0], "program call": "xtb /home/svss/Project-DBcg-Debug/aqme2_20220329/End-to-End-workflows-final/example-3/QDESCP/mol_834_rdkit_conf_1/mol_834_rdkit_conf_1.xyz --pop --wbo --acc 0.2 --gfn 2 --chrg 0 --uhf 0 --etemp 300 --input /home/svss/Project-DBcg-Debug/aqme2_20220329/End-to-End-workflows-final/example-3/QDESCP/mol_834_rdkit_conf_1/mol_834_rdkit_conf_1_xtb.inp", "method": "GFN2-xTB", "xtb version": "6.3.3 (7355c4f)", "Dipole module/D": 1.769, "Total charge": 0, "Transition dipole module/D": NaN, "HOMO": -10.6882, "LUMO": -9.7801, "HOMO occupancy": 2.0, "LUMO occupancy": 0, "mulliken charges": [-0.08212, -0.03686, -0.05744, 0.0861, -0.34798, 0.10092, -0.09195, 0.17898, 0.04284, 0.00075, -0.01251, 0.00088, 0.03426, 0.68963, -0.44468, -0.44567, 0.63894, -0.23681, -0.23627, -0.2348, 0.69337, -0.44547, -0.44241, 0.02486, 0.03316, 0.03658, 0.02013, 0.03165, 0.03287, 0.02687, 0.0296, 0.04162, 0.03651, 0.0327, 0.03274, 0.04689, 0.03875, 0.09196, 0.09138], "cm5 charges": [-0.23241, -0.14804, -0.16211, 0.0356, -0.59534, 0.0496, -0.23694, 0.24843, 0.10597, -0.04034, -0.01455, -0.04005, 0.09645, 0.52144, -0.40696, -0.40772, 0.69098, -0.25784, -0.25735, -0.25484, 0.52788, -0.40802, -0.40315, 0.07618, 0.08403, 0.08874, 0.07537, 0.09219, 0.0882, 0.08714, 0.10011, 0.1069, 0.10439, 0.09912, 0.08663, 0.10266, 0.08997, 0.1541, 0.15357], "FUKUI+": [0.007, 0.003, 0.005, 0.007, -0.001, 0.007, 0.008, -0.03, -0.006, -0.021, -0.035, -0.021, -0.004, -0.089, -0.119, -0.121, -0.002, -0.021, -0.022, -0.023, -0.083, -0.116, -0.114, -0.015, -0.014, 0.002, -0.015, 0.013, -0.022, 0.007, 0.002, -0.025, -0.011, -0.004, -0.017, -0.003, -0.025, -0.042, -0.041], "FUKUI-": [0.013, 0.001, 0.004, 0.023, -0.14, 0.023, 0.01, 0.024, -0.007, -0.009, -0.022, -0.01, -0.009, 0.005, -0.022, -0.029, -0.001, -0.015, -0.015, -0.015, 0.008, -0.019, -0.022, -0.069, -0.063, -0.047, -0.05, -0.047, -0.046, -0.036, -0.084, -0.04, -0.083, -0.049, -0.022, -0.032, -0.044, -0.031, -0.035], "FUKUIrad": [0.01, 0.002, 0.004, 0.015, -0.07, 0.015, 0.009, -0.003, -0.007, -0.015, -0.028, -0.015, -0.007, -0.042, -0.07, -0.075, -0.001, -0.018, -0.018, -0.019, -0.038, -0.068, -0.068, -0.042, -0.039, -0.023, -0.033, -0.017, -0.034, -0.015, -0.041, -0.032, -0.047, -0.026, -0.02, -0.017, -0.034, -0.037, -0.038], "s proportion": [1.008, 1.027, 1.035, 1.015, 1.456, 1.012, 1.013, 1.054, 1.074, 1.071, 1.076, 1.071, 1.075, 1.325, 1.746, 1.746, 1.023, 1.823, 1.823, 1.823, 1.325, 1.747, 1.746, 0.975, 0.967, 0.963, 0.98, 0.968, 0.967, 0.973, 0.97, 0.958, 0.963, 0.967, 0.967, 0.953, 0.961, 0.908, 0.909], "p proportion": [3.075, 3.01, 3.022, 2.899, 3.892, 2.887, 3.079, 2.767, 2.883, 2.928, 2.937, 2.928, 2.891, 2.985, 4.699, 4.699, 2.338, 5.414, 5.414, 5.412, 2.982, 4.699, 4.696, 0.0, 0.0, 0.0, 0.0, 0.0, 0.0, 0.0, 0.0, 0.0, 0.0, 0.0, 0.0, 0.0, 0.0, 0.0, 0.0], "d proportion": [0.0, 0.0, 0.0, 0.0, 0.0, 0.0, 0.0, 0.0, 0.0, 0.0, 0.0, 0.0, 0.0, 0.0, 0.0, 0.0, 0.0, 0.0, 0.0, 0.0, 0.0, 0.0, 0.0, 0.0, 0.0, 0.0, 0.0, 0.0, 0.0, 0.0, 0.0, 0.0, 0.0, 0.0, 0.0, 0.0, 0.0, 0.0, 0.0], "Fermi-level/eV": -10.2342, "Coordination numbers": [3.75, 3.8, 3.801, 3.741, 2.728, 3.744, 3.749, 2.902, 2.915, 2.912, 2.959, 2.913, 2.911, 2.759, 0.927, 0.927, 3.331, 0.788, 0.788, 0.788, 2.758, 0.927, 0.927, 0.924, 0.924, 0.924, 0.924, 0.924, 0.924, 0.924, 0.924, 0.924, 0.924, 0.924, 0.924, 0.924, 0.924, 0.924, 0.924], "Dispersion coefficient C6": [22.547, 21.527, 21.731, 20.599, 24.567, 20.447, 22.725, 25.666, 27.645, 28.366, 28.156, 28.373, 27.782, 13.558, 20.699, 20.769, 17.408, 11.177, 11.172, 11.158, 13.446, 20.634, 20.62, 2.552, 2.477, 2.415, 2.583, 2.428, 2.409, 2.481, 2.663, 2.246, 2.477, 2.36, 2.36, 2.207, 2.321, 1.766, 1.786], "Total dispersion C6": 16402.620388, "Total dispersion C8": 367063.928162, "Polarizability alpha": [6.772, 6.606, 6.637, 6.475, 7.361, 6.451, 6.799, 8.307, 8.622, 8.733, 8.703, 8.735, 8.643, 5.469, 6.101, 6.112, 6.619, 3.949, 3.948, 3.946, 5.446, 6.092, 6.09, 2.498, 2.461, 2.43, 2.514, 2.437, 2.427, 2.463, 2.552, 2.343, 2.461, 2.403, 2.402, 2.323, 2.383, 2.078, 2.09], "Total polarizability alpha": 190.882588, "Wiberg matrix": [[0.0, 1.020382859526563, 0.0, 0.0, 0.0, 0.0, 0.0, 0.0, 0.0, 0.0, 0.0, 0.0, 0.0, 0.0, 0.0, 0.0, 0.0, 0.0, 0.0, 0.0, 0.0, 0.0, 0.0, 0.9875863713947937, 0.9867735870168626, 0.9866627199136839, 0.0, 0.0, 0.0, 0.0, 0.0, 0.0, 0.0, 0.0, 0.0, 0.0, 0.0, 0.0, 0.0], [1.020382859526563, 0.0, 1.0081265419665386, 0.0, 0.0, 0.0, 0.0, 0.0, 0.0, 0.0, 0.0, 0.0, 0.0, 0.0, 0.0, 0.0, 0.0, 0.0, 0.0, 0.0, 0.0, 0.0, 0.0, 0.0, 0.0, 0.0, 0.9773333731926952, 0.9761827370681123, 0.0, 0.0, 0.0, 0.0, 0.0, 0.0, 0.0, 0.0, 0.0, 0.0, 0.0], [0.0, 1.0081265419665386, 0.0, 1.0016313206894467, 0.0, 0.0, 0.0, 0.0, 0.0, 0.0, 0.0, 0.0, 0.0, 0.0, 0.0, 0.0, 0.0, 0.0, 0.0, 0.0, 0.0, 0.0, 0.0, 0.0, 0.0, 0.0, 0.0, 0.0, 0.9722689893454326, 0.9752860525750712, 0.0, 0.0, 0.0, 0.0, 0.0, 0.0, 0.0, 0.0, 0.0], [0.0, 0.0, 1.0016313206894467, 0.0, 0.9632653427866631, 0.0, 0.0, 0.0, 0.0, 0.0, 0.0, 0.0, 0.0, 0.0, 0.0, 0.0, 0.0, 0.0, 0.0, 0.0, 0.0, 0.0, 0.0, 0.0, 0.0, 0.0, 0.0, 0.0, 0.0, 0.0, 0.9694385435212598, 0.9682835141490768, 0.0, 0.0, 0.0, 0.0, 0.0, 0.0, 0.0], [0.0, 0.0, 0.0, 0.9632653427866631, 0.0, 0.9514209995820249, 0.0, 1.0657420445977026, 0.0, 0.0, 0.0, 0.0, 0.0, 0.0, 0.0, 0.0, 0.0, 0.0, 0.0, 0.0, 0.0, 0.0, 0.0, 0.0, 0.0, 0.0, 0.0, 0.0, 0.0, 0.0, 0.0, 0.0, 0.0, 0.0, 0.0, 0.0, 0.0, 0.0, 0.0], [0.0, 0.0, 0.0, 0.0, 0.9514209995820249, 0.0, 1.0160142109200763, 0.0, 0.0, 0.0, 0.0, 0.0, 0.0, 0.0, 0.0, 0.0, 0.0, 0.0, 0.0, 0.0, 0.0, 0.0, 0.0, 0.0, 0.0, 0.0, 0.0, 0.0, 0.0, 0.0, 0.0, 0.0, 0.968985041538858, 0.9738318626678628, 0.0, 0.0, 0.0, 0.0, 0.0], [0.0, 0.0, 0.0, 0.0, 0.0, 1.0160142109200763, 0.0, 0.0, 0.0, 0.0, 0.0, 0.0, 0.0, 0.0, 0.0, 0.0, 0.0, 0.0, 0.0, 0.0, 0.0, 0.0, 0.0, 0.0, 0.0, 0.0, 0.0, 0.0, 0.0, 0.0, 0.0, 0.0, 0.0, 0.0, 0.983995039515998, 0.982976777328063, 0.9807667688525379, 0.0, 0.0], [0.0, 0.0, 0.0, 0.0, 1.0657420445977026, 0.0, 0.0, 0.0, 1.3412656153036753, 0.0, 0.0, 0.0, 1.3386498963028555, 0.0, 0.0, 0.0, 0.0, 0.0, 0.0, 0.0, 0.0, 0.0, 0.0, 0.0, 0.0, 0.0, 0.0, 0.0, 0.0, 0.0, 0.0, 0.0, 0.0, 0.0, 0.0, 0.0, 0.0, 0.0, 0.0], [0.0, 0.0, 0.0, 0.0, 0.0, 0.0, 0.0, 1.3412656153036753, 0.0, 1.4077954207302892, 0.0, 0.10320355127188224, 0.0, 0.0, 0.0, 0.0, 0.0, 0.0, 0.0, 0.0, 0.9365609761739859, 0.0, 0.0, 0.0, 0.0, 0.0, 0.0, 0.0, 0.0, 0.0, 0.0, 0.0, 0.0, 0.0, 0.0, 0.0, 0.0, 0.0, 0.0], [0.0, 0.0, 0.0, 0.0, 0.0, 0.0, 0.0, 0.0, 1.4077954207302892, 0.0, 1.4105238014806942, 0.0, 0.10251444724918256, 0.0, 0.0, 0.0, 0.0, 0.0, 0.0, 0.0, 0.0, 0.0, 0.0, 0.0, 0.0, 0.0, 0.0, 0.0, 0.0, 0.0, 0.0, 0.0, 0.0, 0.0, 0.0, 0.0, 0.0, 0.9588547072312877, 0.0], [0.0, 0.0, 0.0, 0.0, 0.0, 0.0, 0.0, 0.0, 0.0, 1.4105238014806942, 0.0, 1.4107515932123298, 0.0, 0.0, 0.0, 0.0, 0.9531839789083487, 0.0, 0.0, 0.0, 0.0, 0.0, 0.0, 0.0, 0.0, 0.0, 0.0, 0.0, 0.0, 0.0, 0.0, 0.0, 0.0, 0.0, 0.0, 0.0, 0.0, 0.0, 0.0], [0.0, 0.0, 0.0, 0.0, 0.0, 0.0, 0.0, 0.0, 0.10320355127188224, 0.0, 1.4107515932123298, 0.0, 1.4033438507156517, 0.0, 0.0, 0.0, 0.0, 0.0, 0.0, 0.0, 0.0, 0.0, 0.0, 0.0, 0.0, 0.0, 0.0, 0.0, 0.0, 0.0, 0.0, 0.0, 0.0, 0.0, 0.0, 0.0, 0.0, 0.0, 0.9595251581384253], [0.0, 0.0, 0.0, 0.0, 0.0, 0.0, 0.0, 1.3386498963028555, 0.0, 0.10251444724918256, 0.0, 1.4033438507156517, 0.0, 0.9365829748543923, 0.0, 0.0, 0.0, 0.0, 0.0, 0.0, 0.0, 0.0, 0.0, 0.0, 0.0, 0.0, 0.0, 0.0, 0.0, 0.0, 0.0, 0.0, 0.0, 0.0, 0.0, 0.0, 0.0, 0.0, 0.0], [0.0, 0.0, 0.0, 0.0, 0.0, 0.0, 0.0, 0.0, 0.0, 0.0, 0.0, 0.0, 0.9365829748543923, 0.0, 1.4662081050277207, 1.463177966784049, 0.0, 0.0, 0.0, 0.0, 0.0, 0.0, 0.0, 0.0, 0.0, 0.0, 0.0, 0.0, 0.0, 0.0, 0.0, 0.0, 0.0, 0.0, 0.0, 0.0, 0.0, 0.0, 0.0], [0.0, 0.0, 0.0, 0.0, 0.0, 0.0, 0.0, 0.0, 0.0, 0.0, 0.0, 0.0, 0.0, 1.4662081050277207, 0.0, 0.3978736467128503, 0.0, 0.0, 0.0, 0.0, 0.0, 0.0, 0.0, 0.0, 0.0, 0.0, 0.0, 0.0, 0.0, 0.0, 0.0, 0.0, 0.0, 0.0, 0.0, 0.0, 0.0, 0.0, 0.0], [0.0, 0.0, 0.0, 0.0, 0.0, 0.0, 0.0, 0.0, 0.0, 0.0, 0.0, 0.0, 0.0, 1.463177966784049, 0.3978736467128503, 0.0, 0.0, 0.0, 0.0, 0.0, 0.0, 0.0, 0.0, 0.0, 0.0, 0.0, 0.0, 0.0, 0.0, 0.0, 0.0, 0.0, 0.0, 0.0, 0.0, 0.0, 0.0, 0.0, 0.0], [0.0, 0.0, 0.0, 0.0, 0.0, 0.0, 0.0, 0.0, 0.0, 0.0, 0.9531839789083487, 0.0, 0.0, 0.0, 0.0, 0.0, 0.0, 0.9527765724327443, 0.9535472104496463, 0.949464944995192, 0.0, 0.0, 0.0, 0.0, 0.0, 0.0, 0.0, 0.0, 0.0, 0.0, 0.0, 0.0, 0.0, 0.0, 0.0, 0.0, 0.0, 0.0, 0.0], [0.0, 0.0, 0.0, 0.0, 0.0, 0.0, 0.0, 0.0, 0.0, 0.0, 0.0, 0.0, 0.0, 0.0, 0.0, 0.0, 0.9527765724327443, 0.0, 0.0, 0.0, 0.0, 0.0, 0.0, 0.0, 0.0, 0.0, 0.0, 0.0, 0.0, 0.0, 0.0, 0.0, 0.0, 0.0, 0.0, 0.0, 0.0, 0.0, 0.0], [0.0, 0.0, 0.0, 0.0, 0.0, 0.0, 0.0, 0.0, 0.0, 0.0, 0.0, 0.0, 0.0, 0.0, 0.0, 0.0, 0.9535472104496463, 0.0, 0.0, 0.0, 0.0, 0.0, 0.0, 0.0, 0.0, 0.0, 0.0, 0.0, 0.0, 0.0, 0.0, 0.0, 0.0, 0.0, 0.0, 0.0, 0.0, 0.0, 0.0], [0.0, 0.0, 0.0, 0.0, 0.0, 0.0, 0.0, 0.0, 0.0, 0.0, 0.0, 0.0, 0.0, 0.0, 0.0, 0.0, 0.949464944995192, 0.0, 0.0, 0.0, 0.0, 0.0, 0.0, 0.0, 0.0, 0.0, 0.0, 0.0, 0.0, 0.0, 0.0, 0.0, 0.0, 0.0, 0.0, 0.0, 0.0, 0.0, 0.0], [0.0, 0.0, 0.0, 0.0, 0.0, 0.0, 0.0, 0.0, 0.9365609761739859, 0.0, 0.0, 0.0, 0.0, 0.0, 0.0, 0.0, 0.0, 0.0, 0.0, 0.0, 0.0, 1.4699875950018484, 1.4707242074333444, 0.0, 0.0, 0.0, 0.0, 0.0, 0.0, 0.0, 0.0, 0.0, 0.0, 0.0, 0.0, 0.0, 0.0, 0.0, 0.0], [0.0, 0.0, 0.0, 0.0, 0.0, 0.0, 0.0, 0.0, 0.0, 0.0, 0.0, 0.0, 0.0, 0.0, 0.0, 0.0, 0.0, 0.0, 0.0, 0.0, 1.4699875950018484, 0.0, 0.4031261662483282, 0.0, 0.0, 0.0, 0.0, 0.0, 0.0, 0.0, 0.0, 0.0, 0.0, 0.0, 0.0, 0.0, 0.0, 0.0, 0.0], [0.0, 0.0, 0.0, 0.0, 0.0, 0.0, 0.0, 0.0, 0.0, 0.0, 0.0, 0.0, 0.0, 0.0, 0.0, 0.0, 0.0, 0.0, 0.0, 0.0, 1.4707242074333444, 0.4031261662483282, 0.0, 0.0, 0.0, 0.0, 0.0, 0.0, 0.0, 0.0, 0.0, 0.0, 0.0, 0.0, 0.0, 0.0, 0.0, 0.0, 0.0], [0.9875863713947937, 0.0, 0.0, 0.0, 0.0, 0.0, 0.0, 0.0, 0.0, 0.0, 0.0, 0.0, 0.0, 0.0, 0.0, 0.0, 0.0, 0.0, 0.0, 0.0, 0.0, 0.0, 0.0, 0.0, 0.0, 0.0, 0.0, 0.0, 0.0, 0.0, 0.0, 0.0, 0.0, 0.0, 0.0, 0.0, 0.0, 0.0, 0.0], [0.9867735870168626, 0.0, 0.0, 0.0, 0.0, 0.0, 0.0, 0.0, 0.0, 0.0, 0.0, 0.0, 0.0, 0.0, 0.0, 0.0, 0.0, 0.0, 0.0, 0.0, 0.0, 0.0, 0.0, 0.0, 0.0, 0.0, 0.0, 0.0, 0.0, 0.0, 0.0, 0.0, 0.0, 0.0, 0.0, 0.0, 0.0, 0.0, 0.0], [0.9866627199136839, 0.0, 0.0, 0.0, 0.0, 0.0, 0.0, 0.0, 0.0, 0.0, 0.0, 0.0, 0.0, 0.0, 0.0, 0.0, 0.0, 0.0, 0.0, 0.0, 0.0, 0.0, 0.0, 0.0, 0.0, 0.0, 0.0, 0.0, 0.0, 0.0, 0.0, 0.0, 0.0, 0.0, 0.0, 0.0, 0.0, 0.0, 0.0], [0.0, 0.9773333731926952, 0.0, 0.0, 0.0, 0.0, 0.0, 0.0, 0.0, 0.0, 0.0, 0.0, 0.0, 0.0, 0.0, 0.0, 0.0, 0.0, 0.0, 0.0, 0.0, 0.0, 0.0, 0.0, 0.0, 0.0, 0.0, 0.0, 0.0, 0.0, 0.0, 0.0, 0.0, 0.0, 0.0, 0.0, 0.0, 0.0, 0.0], [0.0, 0.9761827370681123, 0.0, 0.0, 0.0, 0.0, 0.0, 0.0, 0.0, 0.0, 0.0, 0.0, 0.0, 0.0, 0.0, 0.0, 0.0, 0.0, 0.0, 0.0, 0.0, 0.0, 0.0, 0.0, 0.0, 0.0, 0.0, 0.0, 0.0, 0.0, 0.0, 0.0, 0.0, 0.0, 0.0, 0.0, 0.0, 0.0, 0.0], [0.0, 0.0, 0.9722689893454326, 0.0, 0.0, 0.0, 0.0, 0.0, 0.0, 0.0, 0.0, 0.0, 0.0, 0.0, 0.0, 0.0, 0.0, 0.0, 0.0, 0.0, 0.0, 0.0, 0.0, 0.0, 0.0, 0.0, 0.0, 0.0, 0.0, 0.0, 0.0, 0.0, 0.0, 0.0, 0.0, 0.0, 0.0, 0.0, 0.0], [0.0, 0.0, 0.9752860525750712, 0.0, 0.0, 0.0, 0.0, 0.0, 0.0, 0.0, 0.0, 0.0, 0.0, 0.0, 0.0, 0.0, 0.0, 0.0, 0.0, 0.0, 0.0, 0.0, 0.0, 0.0, 0.0, 0.0, 0.0, 0.0, 0.0, 0.0, 0.0, 0.0, 0.0, 0.0, 0.0, 0.0, 0.0, 0.0, 0.0], [0.0, 0.0, 0.0, 0.9694385435212598, 0.0, 0.0, 0.0, 0.0, 0.0, 0.0, 0.0, 0.0, 0.0, 0.0, 0.0, 0.0, 0.0, 0.0, 0.0, 0.0, 0.0, 0.0, 0.0, 0.0, 0.0, 0.0, 0.0, 0.0, 0.0, 0.0, 0.0, 0.0, 0.0, 0.0, 0.0, 0.0, 0.0, 0.0, 0.0], [0.0, 0.0, 0.0, 0.9682835141490768, 0.0, 0.0, 0.0, 0.0, 0.0, 0.0, 0.0, 0.0, 0.0, 0.0, 0.0, 0.0, 0.0, 0.0, 0.0, 0.0, 0.0, 0.0, 0.0, 0.0, 0.0, 0.0, 0.0, 0.0, 0.0, 0.0, 0.0, 0.0, 0.0, 0.0, 0.0, 0.0, 0.0, 0.0, 0.0], [0.0, 0.0, 0.0, 0.0, 0.0, 0.968985041538858, 0.0, 0.0, 0.0, 0.0, 0.0, 0.0, 0.0, 0.0, 0.0, 0.0, 0.0, 0.0, 0.0, 0.0, 0.0, 0.0, 0.0, 0.0, 0.0, 0.0, 0.0, 0.0, 0.0, 0.0, 0.0, 0.0, 0.0, 0.0, 0.0, 0.0, 0.0, 0.0, 0.0], [0.0, 0.0, 0.0, 0.0, 0.0, 0.9738318626678628, 0.0, 0.0, 0.0, 0.0, 0.0, 0.0, 0.0, 0.0, 0.0, 0.0, 0.0, 0.0, 0.0, 0.0, 0.0, 0.0, 0.0, 0.0, 0.0, 0.0, 0.0, 0.0, 0.0, 0.0, 0.0, 0.0, 0.0, 0.0, 0.0, 0.0, 0.0, 0.0, 0.0], [0.0, 0.0, 0.0, 0.0, 0.0, 0.0, 0.983995039515998, 0.0, 0.0, 0.0, 0.0, 0.0, 0.0, 0.0, 0.0, 0.0, 0.0, 0.0, 0.0, 0.0, 0.0, 0.0, 0.0, 0.0, 0.0, 0.0, 0.0, 0.0, 0.0, 0.0, 0.0, 0.0, 0.0, 0.0, 0.0, 0.0, 0.0, 0.0, 0.0], [0.0, 0.0, 0.0, 0.0, 0.0, 0.0, 0.982976777328063, 0.0, 0.0, 0.0, 0.0, 0.0, 0.0, 0.0, 0.0, 0.0, 0.0, 0.0, 0.0, 0.0, 0.0, 0.0, 0.0, 0.0, 0.0, 0.0, 0.0, 0.0, 0.0, 0.0, 0.0, 0.0, 0.0, 0.0, 0.0, 0.0, 0.0, 0.0, 0.0], [0.0, 0.0, 0.0, 0.0, 0.0, 0.0, 0.9807667688525379, 0.0, 0.0, 0.0, 0.0, 0.0, 0.0, 0.0, 0.0, 0.0, 0.0, 0.0, 0.0, 0.0, 0.0, 0.0, 0.0, 0.0, 0.0, 0.0, 0.0, 0.0, 0.0, 0.0, 0.0, 0.0, 0.0, 0.0, 0.0, 0.0, 0.0, 0.0, 0.0], [0.0, 0.0, 0.0, 0.0, 0.0, 0.0, 0.0, 0.0, 0.0, 0.9588547072312877, 0.0, 0.0, 0.0, 0.0, 0.0, 0.0, 0.0, 0.0, 0.0, 0.0, 0.0, 0.0, 0.0, 0.0, 0.0, 0.0, 0.0, 0.0, 0.0, 0.0, 0.0, 0.0, 0.0, 0.0, 0.0, 0.0, 0.0, 0.0, 0.0], [0.0, 0.0, 0.0, 0.0, 0.0, 0.0, 0.0, 0.0, 0.0, 0.0, 0.0, 0.9595251581384253, 0.0, 0.0, 0.0, 0.0, 0.0, 0.0, 0.0, 0.0, 0.0, 0.0, 0.0, 0.0, 0.0, 0.0, 0.0, 0.0, 0.0, 0.0, 0.0, 0.0, 0.0, 0.0, 0.0, 0.0, 0.0, 0.0, 0.0]], "Born radii": [], "Atomic SASAs": [], "Solvent H bonds": [], "Total SASA": NaN, "Total FOD": 0.0, "FOD": [0.0, 0.0, 0.0, 0.0, 0.0, 0.0, 0.0, 0.0, 0.0, 0.0, 0.0, 0.0, 0.0, 0.0, 0.0, 0.0, 0.0, 0.0, 0.0, 0.0, 0.0, 0.0, 0.0, 0.0, 0.0, 0.0, 0.0, 0.0, 0.0, 0.0, 0.0, 0.0, 0.0, 0.0, 0.0, 0.0, 0.0, 0.0, 0.0], "FOD s proportion": [0.0, 0.0, 0.0, 0.0, 0.0, 0.0, 0.0, 0.0, 0.0, 0.0, 0.0, 0.0, 0.0, 0.0, 0.0, 0.0, 0.0, 0.0, 0.0, 0.0, 0.0, 0.0, 0.0, 0.0, 0.0, 0.0, 0.0, 0.0, 0.0, 0.0, 0.0, 0.0, 0.0, 0.0, 0.0, 0.0, 0.0, 0.0, 0.0], "FOD p proportion": [0.0, 0.0, 0.0, 0.0, 0.0, 0.0, 0.0, 0.0, 0.0, 0.0, 0.0, 0.0, 0.0, 0.0, 0.0, 0.0, 0.0, 0.0, 0.0, 0.0, 0.0, 0.0, 0.0, 0.0, 0.0, 0.0, 0.0, 0.0, 0.0, 0.0, 0.0, 0.0, 0.0, 0.0, 0.0, 0.0, 0.0, 0.0, 0.0], "FOD d proportion": [0.0, 0.0, 0.0, 0.0, 0.0, 0.0, 0.0, 0.0, 0.0, 0.0, 0.0, 0.0, 0.0, 0.0, 0.0, 0.0, 0.0, 0.0, 0.0, 0.0, 0.0, 0.0, 0.0, 0.0, 0.0, 0.0, 0.0, 0.0, 0.0, 0.0, 0.0, 0.0, 0.0, 0.0, 0.0, 0.0, 0.0, 0.0, 0.0], "coordinates": [["-3.91040", "1.80500", "0.10990"], ["-3.12230", "0.51340", "0.26160"], ["-1.95330", "0.68370", "1.23410"], ["-1.14730", "-0.60550", "1.41990"], ["-0.39440", "-0.95700", "0.19500"], ["-0.39020", "-2.38930", "-0.17080"], ["-1.68900", "-2.76000", "-0.87330"], ["0.83680", "-0.30660", "0.00280"], ["0.99750", "0.59420", "-1.07120"], ["2.17830", "1.32450", "-1.31470"], ["3.28870", "1.15900", "-0.48050"], ["3.18410", "0.25850", "0.58680"], ["1.98640", "-0.45750", "0.80400"], ["2.01780", "-1.39840", "1.90480"], ["2.15790", "-2.59470", "1.62150"], ["1.96250", "-0.92340", "3.04670"], ["4.55640", "1.95020", "-0.70730"], ["5.67180", "1.27740", "-0.31610"], ["4.74990", "2.27480", "-2.01350"], ["4.55670", "3.12130", "-0.01840"], ["-0.08700", "0.80280", "-2.01090"], ["-0.68410", "1.88590", "-1.93990"], ["-0.27070", "-0.07560", "-2.86430"], ["-4.32350", "2.12790", "1.07080"], ["-4.74240", "1.66150", "-0.58640"], ["-3.27640", "2.60800", "-0.27930"], ["-3.79280", "-0.27490", "0.62310"], ["-2.76050", "0.20120", "-0.72330"], ["-2.35170", "0.98250", "2.21180"], ["-1.30110", "1.49850", "0.89990"], ["-0.48110", "-0.48280", "2.27830"], ["-1.83640", "-1.41500", "1.68990"], ["-0.26830", "-3.01400", "0.72120"], ["0.43920", "-2.61900", "-0.85200"], ["-2.55490", "-2.61790", "-0.21950"], ["-1.84250", "-2.14910", "-1.76820"], ["-1.66680", "-3.81110", "-1.17780"], ["2.22600", "2.01590", "-2.15760"], ["4.03710", "0.10520", "1.25080"]], "bond_dist": [[0.0, 1.520639687763015, 2.5201943853599866, 3.8937554956622535, 4.4719282205777855, 5.482951123254702, 5.171124171783153, 5.196752140520077, 5.1911960336708525, 6.271573415021146, 7.252098246025077, 7.27674557133888, 6.35396972765845, 6.973305730426567, 7.646342886635415, 7.110549571587276, 8.507385092964817, 9.606164406254974, 8.929184491878303, 8.569765982219119, 4.485597512037833, 3.8232494739422904, 5.062601909097732, 1.09464370002298, 1.0943719386022286, 1.0946422429268845, 2.1455041388913703, 2.142117338055971, 2.74299754830368, 2.743444685062923, 4.6579057407809366, 4.1432204865297715, 6.071354140552171, 6.278220111623995, 4.637664177147802, 4.841319740525304, 6.18324279484479, 6.545337273204491, 8.20693177137473], [1.520639687763015, 0.0, 1.5301370330790638, 2.548376169249744, 3.0996693581735455, 4.009614377967038, 3.749332535265444, 4.051401023102996, 4.330777819283736, 5.589182879455637, 6.48601825236408, 6.319921677521012, 5.228351581521656, 5.7250077283790635, 6.276155324719107, 5.972969721168859, 7.871822860049634, 8.84610807643678, 8.38153582644613, 8.114590772799328, 3.80276934614762, 3.5602215858005244, 4.2719778054198745, 2.1689389871547795, 2.159157618146484, 2.168794314821026, 1.0962068189899203, 1.0947127888172314, 2.1487575968452095, 2.1667067960386337, 3.4692118370027507, 2.722555097697749, 4.560602911896628, 4.871993120890053, 3.2184529917337614, 3.5842547802855758, 4.784522218571046, 6.059236567423325, 7.238933087133765], [2.5201943853599866, 1.5301370330790638, 0.0, 1.531729179718138, 2.490340239806601, 3.722949720315868, 4.045992948585057, 3.206470300813653, 3.7456159680351644, 4.89664422232206, 5.535731862184078, 5.19544715014983, 4.124143491684062, 4.5337196770422405, 5.272565861134406, 4.60453893565903, 6.910083233941543, 7.803701028358275, 7.61652120130969, 7.063338446513801, 3.7453017902433445, 3.6235934484983274, 4.494948476901599, 2.7803288600451563, 3.4712234010504135, 2.7827870310176452, 2.1624049597612376, 2.1715876335068773, 1.0972243571849836, 1.0958802489323367, 2.1490576376635415, 2.150804719169084, 4.095763262201564, 4.580796519165635, 3.65724460215611, 4.129266008626715, 5.109067517659167, 5.544811468390968, 6.018291559903026], [3.8937554956622535, 2.548376169249744, 1.531729179718138, 0.0, 1.4801319772236528, 2.507083831865221, 3.1928162145666947, 2.4564540358003852, 3.4992894050078225, 4.718320942877879, 5.138392395487133, 4.494616509781452, 3.1970787447293194, 3.2987386119545756, 3.8628883286991353, 3.5239742748777267, 6.602179641603217, 7.284170043319968, 7.406843557818674, 6.9637174791917005, 3.857192453067386, 4.208311328787356, 4.404950761359315, 4.204948609674083, 4.699922627022705, 4.212710493257281, 2.782598938043354, 2.801157862384768, 2.144627932765961, 2.1727564152476915, 1.0934936168080729, 1.0968359312130507, 2.657384981518485, 3.4253020465354584, 2.9527485297600267, 3.6097071363200643, 4.158581116198167, 5.572198587631277, 5.235617696127172], [4.4719282205777855, 3.0996693581735455, 2.490340239806601, 1.4801319772236528, 0.0, 1.4782795980463235, 2.463343875710413, 1.405636667136995, 2.4386204071154656, 3.7554256256781335, 4.301044275521934, 3.799553886971469, 2.507706101200856, 2.989474676260028, 3.35129808134102, 3.6997701901604647, 5.811744812876766, 6.484793675206637, 6.46419569474811, 6.418057467801298, 2.8385534361713183, 3.567044225966367, 3.186139378621092, 5.071632918498735, 5.13539017115545, 4.608699327359076, 3.4925137909534443, 2.789826399617008, 3.4146984903502093, 2.7108059963781987, 2.138345486585365, 2.126935356328443, 2.12697829090943, 2.133856124484498, 2.7564758859819545, 2.7151888074312627, 3.413131759835826, 4.608617724437556, 4.6777317932946945], [5.482951123254702, 4.009614377967038, 3.722949720315868, 2.507083831865221, 1.4782795980463235, 0.0, 1.5224342941486835, 2.4234903032609805, 3.411407876522536, 4.658112267861306, 5.120610529028741, 4.51225255166419, 3.2140805590401746, 3.329934259110831, 3.1220733591637466, 4.246924340037152, 6.602116634837649, 7.086158690009701, 7.181225529810354, 7.406872331153009, 3.6969447737287067, 4.63610041521967, 3.552805960082819, 6.116985801029784, 5.960146712959338, 5.771908694704032, 4.083950456359626, 3.554471633027896, 4.570918972154287, 4.13414152394424, 3.105011412217353, 2.550090080761854, 1.0957982022252089, 1.0975882151335263, 2.1772817318849667, 2.172224226455455, 2.1599240264416713, 5.495240096665476, 5.276785205027773], [5.171124171783153, 3.749332535265444, 4.045992948585057, 3.1928162145666947, 2.463343875710413, 1.5224342941486835, 0.0, 3.6285518337209957, 4.3019884123507355, 5.642161243707947, 6.347468009371926, 5.915263127706155, 4.650097493601613, 4.828266812221545, 4.588026889633495, 5.663298668620612, 7.824229112187346, 8.4138247687957, 8.252799542579476, 8.621444901523178, 4.068670741163507, 4.871534294244473, 3.630655484895255, 5.883169338885292, 5.381005985872902, 5.629218308077952, 3.5834214669781725, 3.1526683444345998, 4.895234371304402, 4.62920370042192, 4.071516278980105, 2.898404043607447, 2.1506591408217157, 2.132972088424975, 1.0942712917736623, 1.0943523518501708, 1.0945429639808575, 6.30760432335447, 6.746065005616236], [5.196752140520077, 4.051401023102996, 3.206470300813653, 2.4564540358003852, 1.405636667136995, 2.4234903032609805, 3.6285518337209957, 0.0, 1.4109362600769744, 2.4891596393160484, 2.897132351136206, 2.483991002399163, 1.4093517694316064, 2.4908617464644642, 3.0985313472676053, 3.303478460653255, 4.408266372396295, 5.097840543798913, 5.103081741457802, 5.058517950941758, 2.477733337145061, 3.3006478682222373, 3.0822361460472174, 5.804835082928713, 5.945422347487183, 5.049048208326001, 4.671078370141096, 3.704814346225732, 4.087541077469437, 2.93833130024509, 2.635489916505089, 3.349754499959661, 3.0112056273193963, 2.49719093382945, 4.110371500241797, 3.702687637379097, 4.4657977529216435, 3.4628328071103867, 3.459624738320617], [5.1911960336708525, 4.330777819283736, 3.7456159680351644, 3.4992894050078225, 2.4386204071154656, 3.411407876522536, 4.3019884123507355, 1.4109362600769744, 0.0, 1.409581136366403, 2.432595932332372, 2.7645755641689376, 2.3665103295781322, 3.723982122674597, 4.332002384579214, 4.493488084995886, 3.8258238877397375, 4.783933396275497, 4.218157347705275, 4.490270246878244, 1.4500656192048689, 2.2914857931045525, 2.2961208352349405, 5.937460794817933, 5.858379668474894, 4.790481944439411, 5.154896836019127, 3.794475907157667, 4.705954369732032, 3.160151208407598, 3.8164561061277777, 4.437515865887129, 4.223038555353242, 3.2687003181692873, 4.864414153831888, 4.00962640279615, 5.149419980929891, 2.1704165729186644, 3.8561604167876626], [6.271573415021146, 5.589182879455637, 4.89664422232206, 4.718320942877879, 3.7554256256781335, 4.658112267861306, 5.642161243707947, 2.4891596393160484, 1.409581136366403, 0.0, 1.398666525659351, 2.4007690205432093, 2.7751106824773673, 4.219611938318499, 4.897123159570321, 4.911357654457675, 2.532941937747488, 3.63372572162512, 2.8292257050295584, 3.2504877310951357, 2.4266127461958162, 2.9831826561576813, 3.2185619723721337, 6.972048841624677, 6.9670710043747945, 5.698524151041216, 6.478208425946173, 5.099343319487325, 5.751005672923649, 4.1280689819817695, 4.821658495787523, 5.714043883275662, 5.3808291758798665, 4.334714794539544, 6.256609548309691, 5.3327658724155516, 6.417002647654121, 1.0912330915070343, 3.39464581068482], [7.252098246025077, 6.48601825236408, 5.535731862184078, 5.138392395487133, 4.301044275521934, 5.120610529028741, 6.347468009371926, 2.897132351136206, 2.432595932332372, 1.398666525659351, 0.0, 1.4003466356584715, 2.4411058539112966, 3.7209054892593016, 4.448300386664552, 4.305384540316927, 1.5114559107033192, 2.3916963707795356, 2.3937844681591534, 2.3815922614922984, 3.72348668454716, 4.29434183664971, 4.45825839986872, 7.8288497073324885, 8.047501989437468, 6.726114810943982, 7.309011179359353, 6.12936810119934, 6.252498996401359, 4.804896299609389, 4.951552960435746, 6.13210911269524, 5.613400118466525, 4.746677416888576, 6.9628123319532325, 6.2394639465261745, 7.053020739371181, 2.162469262209292, 2.1605547181221767], [7.27674557133888, 6.319921677521012, 5.19544715014983, 4.494616509781452, 3.799553886971469, 4.51225255166419, 5.915263127706155, 2.483991002399163, 2.7645755641689376, 2.4007690205432093, 1.4003466356584715, 0.0, 1.412202935133616, 2.4171672056355558, 3.2038165943137256, 2.990033809173401, 2.5337227531835445, 2.8358485343896636, 3.644002664653252, 3.232015105162722, 4.212410591336035, 4.898531911705792, 4.8946253237607475, 7.751965564938998, 8.134753191707786, 6.928805070861785, 6.997354275724505, 6.087521208176608, 5.8146266122598105, 4.663973697395816, 4.104191635389361, 5.405816507244766, 4.758821846844027, 4.229022073718698, 6.469924083789547, 6.050559504706982, 6.573179453658633, 3.396784027576672, 1.0917902225244551], [6.35396972765845, 5.228351581521656, 4.124143491684062, 3.1970787447293194, 2.507706101200856, 3.2140805590401746, 4.650097493601613, 1.4093517694316064, 2.3665103295781322, 2.7751106824773673, 2.4411058539112966, 1.412202935133616, 0.0, 1.4484610488376966, 2.294633378123834, 2.2907067271914143, 3.832224808123866, 4.224532539820235, 4.800073102568335, 4.482253148808086, 3.7163161410192216, 4.489106929000466, 4.3239765158936745, 6.824244530349128, 7.19027973030257, 6.186104830990177, 5.784913154922898, 5.029869838276136, 4.782741102129615, 3.8265897428389155, 2.8745011445466497, 4.039235682650865, 3.409724355428162, 3.1318119499740082, 5.132083991908161, 4.913064075503188, 5.340415193596843, 3.8660302999329943, 2.1729316648251964], [6.973305730426567, 5.7250077283790635, 4.5337196770422405, 3.2987386119545756, 2.989474676260028, 3.329934259110831, 4.828266812221545, 2.4908617464644642, 3.723982122674597, 4.219611938318499, 3.7209054892593016, 2.4171672056355558, 1.4484610488376966, 0.0, 1.237344167966213, 1.2379897818641314, 4.947795299929051, 5.0442064242058935, 6.025764975503111, 5.529231369729431, 4.9606623519445465, 5.733115051174186, 5.452645862331424, 7.303590444432109, 7.827475294755008, 6.989283755149736, 6.0554173679441785, 5.683113641306146, 4.985525454753993, 4.518512015033267, 2.6874387099987973, 3.8602221710673597, 3.039296880859124, 3.403202691583327, 5.187428653003335, 5.381114715372642, 5.375855393330442, 5.310733046388229, 2.601173091126386], [7.646342886635415, 6.276155324719107, 5.272565861134406, 3.8628883286991353, 3.35129808134102, 3.1220733591637466, 4.588026889633495, 3.0985313472676053, 4.332002384579214, 4.897123159570321, 4.448300386664552, 3.2038165943137256, 2.294633378123834, 1.237344167966213, 0.0, 2.205134891565593, 5.642005645158466, 5.57628419110791, 6.606339322953371, 6.412189130866307, 5.456822520478378, 6.390329437517286, 5.689144435677477, 8.03833112094793, 8.402630596426336, 7.759687134156892, 6.464449326122064, 6.12419810342546, 5.786303318181653, 5.407372171397119, 3.443229421633127, 4.16542952647143, 2.6216023764102747, 3.012096019385836, 5.05967420690305, 5.262302310776149, 4.893264711825838, 5.961867725805395, 3.3103279505209144], [7.110549571587276, 5.972969721168859, 4.60453893565903, 3.5239742748777267, 3.6997701901604647, 4.246924340037152, 5.663298668620612, 3.303478460653255, 4.493488084995886, 4.911357654457675, 4.305384540316927, 2.990033809173401, 2.2907067271914143, 1.2379897818641314, 2.205134891565593, 0.0, 5.39244009424305, 5.469081364360929, 6.603310233511674, 5.699500832529109, 5.723594539273375, 6.305778112969089, 6.37541120869862, 7.261432950871336, 8.052130626734765, 7.139967448805352, 6.278365018060036, 6.1468979298504705, 4.789763507731879, 4.5962413785614, 2.5991821559867634, 4.0637689415123, 3.841227310378806, 4.516122666624546, 5.826344947735244, 6.2580849706599535, 6.273518154114165, 5.982779891488571, 2.930399278255439], [8.507385092964817, 7.871822860049634, 6.910083233941543, 6.602179641603217, 5.811744812876766, 6.602116634837649, 7.824229112187346, 4.408266372396295, 3.8258238877397375, 2.532941937747488, 1.5114559107033192, 2.5337227531835445, 3.832224808123866, 4.947795299929051, 5.642005645158466, 5.39244009424305, 0.0, 1.3600788359503284, 1.3597668366304572, 1.358697357765886, 4.957525923280683, 5.383890554236777, 5.661926266739968, 9.057915925310853, 9.30406609714269, 7.8720163033367765, 8.742435290581223, 7.5230500868995955, 7.56170838567582, 6.09076604213296, 6.341112095681639, 7.611769224037208, 7.0683536965831015, 6.152224196987623, 8.466172342918611, 7.673049622542526, 8.49365446554073, 2.7456239254493684, 2.740046185742131], [9.606164406254974, 8.84610807643678, 7.803701028358275, 7.284170043319968, 6.484793675206637, 7.086158690009701, 8.4138247687957, 5.097840543798913, 4.783933396275497, 3.63372572162512, 2.3916963707795356, 2.8358485343896636, 4.224532539820235, 5.0442064242058935, 5.57628419110791, 5.469081364360929, 1.3600788359503284, 0.0, 2.173907341631653, 2.1753253802592387, 6.02174141258158, 6.588206394763297, 6.605848809199315, 10.126838793522882, 10.424785683168745, 9.046664238270369, 9.636928197823206, 8.510446614015036, 8.417469730863308, 7.081587083415695, 6.905605969790052, 8.224726196050542, 7.401141348467815, 6.545931906917457, 9.10281750558584, 8.385356351998405, 8.971644726581632, 3.976184369467794, 2.5497985292959915], [8.929184491878303, 8.38153582644613, 7.61652120130969, 7.406843557818674, 6.46419569474811, 7.181225529810354, 8.252799542579476, 5.103081741457802, 4.218157347705275, 2.8292257050295584, 2.3937844681591534, 3.644002664653252, 4.800073102568335, 6.025764975503111, 6.606339322953371, 6.603310233511674, 1.3597668366304572, 2.173907341631653, 0.0, 2.175847536019011, 5.055926460106002, 5.448395742785211, 5.608445877424511, 9.584418274470286, 9.618550337238975, 8.218270108118862, 9.296792615735816, 7.8975022101927905, 8.363965682617309, 6.760557835711488, 7.306659017635899, 8.408872890584089, 7.786675848524838, 6.6242354411660225, 8.97312946134179, 7.942971802795223, 8.883164536920388, 2.54123301371598, 3.983830128155567], [8.569765982219119, 8.114590772799328, 7.063338446513801, 6.9637174791917005, 6.418057467801298, 7.406872331153009, 8.621444901523178, 5.058517950941758, 4.490270246878244, 3.2504877310951357, 2.3815922614922984, 3.232015105162722, 4.482253148808086, 5.529231369729431, 6.412189130866307, 5.699500832529109, 1.358697357765886, 2.1753253802592387, 2.175847536019011, 0.0, 5.559626623254479, 5.717023705565685, 6.451597258043933, 9.001730513629033, 9.430106089010875, 7.854234610068635, 9.036583809161515, 7.9098219866189154, 7.567975161164313, 6.147403969969763, 6.606345172635169, 8.022969162972023, 7.840251223653487, 7.1133493728341515, 9.140771981074684, 8.472819887145011, 9.387988622170353, 3.3511562616505968, 3.313263045699813], [4.485597512037833, 3.80276934614762, 3.7453017902433445, 3.857192453067386, 2.8385534361713183, 3.6969447737287067, 4.068670741163507, 2.477733337145061, 1.4500656192048689, 2.4266127461958162, 3.72348668454716, 4.212410591336035, 3.7163161410192216, 4.9606623519445465, 5.456822520478378, 5.723594539273375, 4.957525923280683, 6.02174141258158, 5.055926460106002, 5.559626623254479, 0.0, 1.2388200111396328, 1.2383956597146166, 5.40376694075531, 4.943613567017552, 4.053326776858732, 4.672509703574729, 3.0277778270540256, 4.795034251181111, 3.2296739680655073, 4.495032681749934, 4.655637210951902, 4.697361210296692, 3.650842490439707, 4.5826665665308886, 3.443021514600221, 4.947514210186768, 2.6159322430063052, 5.304105340205829], [3.8232494739422904, 3.5602215858005244, 3.6235934484983274, 4.208311328787356, 3.567044225966367, 4.63610041521967, 4.871534294244473, 3.3006478682222373, 2.2914857931045525, 2.9831826561576813, 4.29434183664971, 4.898531911705792, 4.489106929000466, 5.733115051174186, 6.390329437517286, 6.305778112969089, 5.383890554236777, 6.588206394763297, 5.448395742785211, 5.717023705565685, 1.2388200111396328, 0.0, 2.207463967995854, 4.729493720262244, 4.283937032683838, 3.1621258766848612, 4.571875034381408, 2.9376464406051315, 4.564387605144857, 2.931762575653083, 4.842020232299737, 5.039760325650417, 5.591365026538689, 4.76859028539882, 5.1714488530778295, 4.201499309770264, 5.831149517890962, 2.921125690551504, 5.970024155730025], [5.062601909097732, 4.2719778054198745, 4.494948476901599, 4.404950761359315, 3.186139378621092, 3.552805960082819, 3.630655484895255, 3.0822361460472174, 2.2961208352349405, 3.2185619723721337, 4.45825839986872, 4.8946253237607475, 4.3239765158936745, 5.452645862331424, 5.689144435677477, 6.37541120869862, 5.661926266739968, 6.605848809199315, 5.608445877424511, 6.451597258043933, 1.2383956597146166, 2.207463967995854, 0.0, 6.063465354069404, 5.310597490866729, 4.7872921834790905, 4.960530985690948, 3.2953912180498386, 5.587211094991848, 4.208172597458427, 5.162985062926292, 4.998614457027067, 4.635731934657136, 3.3199688040703035, 4.321553652333845, 2.823365491749164, 4.329819593239423, 3.3327628223442485, 5.960191061534856], [1.09464370002298, 2.1689389871547795, 2.7803288600451563, 4.204948609674083, 5.071632918498735, 6.116985801029784, 5.883169338885292, 5.804835082928713, 5.937460794817933, 6.972048841624677, 7.8288497073324885, 7.751965564938