{"total energy": -24.051895, "HOMO-LUMO gap/eV": 11.82479294, "electronic energy": -24.35103589, "dipole": [-0.38839956, -0.18975932, 0.50321162], "partial charges": [-0.10115607, -0.05196094, -0.06302431, 0.11580657, -0.44759311, -0.06375588, -0.09924181, 0.03254579, 0.03369966, 0.03059084, 0.02675719, 0.04633298, 0.03188414, 0.05151081, 0.00847871, 0.28141291, 0.02560997, 0.02964773, 0.03668753, 0.03056754, 0.04519977], "atomic dipole moments": [[-0.07594017, -0.06821629, -0.00456298], [-0.02219365, 0.11225805, 0.04037373], [-0.0042384, -0.11876281, -0.01345302], [-0.04821486, 0.02059998, -0.16831575], [-0.06640116, -0.03126213, 0.2259109], [0.05528771, 0.03722889, -0.08371157], [0.04076687, -0.08763138, 0.05845279], [0.10770237, -0.05312957, -0.03424676], [-0.02050271, 0.09768693, -0.07693762], [0.01490048, 0.04373978, 0.11620171], [0.02963041, -0.09506677, 0.0720307], [-0.00345975, -0.0454077, -0.11880746], [0.01142149, 0.04883137, 0.11422717], [-0.02041104, 0.09766141, -0.08014898], [0.02876077, -0.10012035, 0.05220798], [-0.05629687, -0.05357726, 0.00973366], [-0.0858951, -0.08408439, -0.0025581], [0.0130447, 0.03078405, 0.11985294], [0.07413459, 0.10327177, 0.00935649], [-0.10921096, 0.03131822, 0.04958442], [-0.02235057, -0.02386115, -0.12446833]], "atomic quadrupole moments": [[0.08409619, 0.17063069, 0.04005123, 0.00812517, 0.0176317, -0.12414742], [0.21577066, 0.04990833, 0.00892658, -0.06435998, 0.04548332, -0.22469724], [0.20296109, 0.05657012, 0.00998928, -0.0724295, 0.06009861, -0.21295038], [-0.04012041, 0.08040272, -0.2054542, 0.01367237, 0.20614649, 0.2455746], [-0.07356086, 0.03930052, -0.0818665, 0.01651191, 0.05527201, 0.15542736], [0.05406052, -0.17218154, 0.01850726, -0.05904782, -0.07055071, -0.07256778], [-0.05758899, -0.10534425, 0.10222166, 0.04913076, -0.1451655, -0.04463267], [0.0480844, -0.04224485, -0.00504702, -0.03050139, 0.02175156, -0.04303738], [-0.02889149, -0.01495885, 0.02621077, 0.02826406, -0.05690838, 0.00268072], [-0.04197309, 0.01334667, -0.02886806, -0.00037116, 0.0338732, 0.07084116], [-0.0148032, -0.00919362, 0.00980347, 0.00932186, -0.04822284, 0.00499973], [-0.01491051, 0.00729777, -0.03043991, 0.00900679, 0.02077314, 0.04535041], [-0.01670648, 0.00229767, -0.03756642, 0.00608939, 0.03085938, 0.05427291], [-0.00907109, -0.02283821, 0.00488571, 0.00883153, -0.04626038, 0.00418538], [-0.01529105, -0.00748284, 0.00240029, 0.01178345, -0.01254777, 0.01289076], [0.02782954, 0.11611988, 0.01761065, 0.00757012, 0.00726413, -0.0454402], [0.01810778, 0.0333881, 0.03377878, 0.01407671, 0.00095506, -0.05188656], [-0.03004059, -0.0078874, -0.01745987, 0.02348596, 0.02833995, 0.04750046], [0.01848156, 0.05775842, 0.02313862, 0.0180348, 8.15e-06, -0.04162018], [0.05094688, -0.02692462, -0.03217577, -0.05224995, -0.00151053, -0.01877111], [-0.0490523, -0.00171775, -0.0184712, 0.01156064, 0.03247386, 0.0675235]], "number of molecular orbitals": 42, "number of electrons": 44, "number of unpaired electrons": 0, "orbital energies/eV": [-18.45587424, -17.13908077, -16.7421216, -16.3600169, -15.83884026, -15.49465118, -15.08587371, -14.8182533, -14.24827363, -14.03029041, -13.61257477, -13.29662601, -12.95070242, -12.85081361, -12.51241225, -12.46490584, -12.18805683, -11.88147633, -11.7635206, -11.50021956, -11.35083437, -10.90536868, 0.91942427, 1.65033343, 2.49437417, 3.05360349, 3.53945318, 3.6485928, 4.0230351, 4.22907534, 4.48411628, 4.8096107, 4.96977749, 5.07092266, 5.15411543, 6.09006959, 6.5320642, 6.96792301, 7.19197356, 7.38620132, 7.71386414, 8.35990242], "fractional occupation": [2.0, 2.0, 2.0, 2.0, 2.0, 2.0, 2.0, 2.0, 2.0, 2.0, 2.0, 2.0, 2.0, 2.0, 2.0, 2.0, 2.0, 2.0, 2.0, 2.0, 2.0, 2.0, 0.0, 0.0, 0.0, 0.0, 0.0, 0.0, 0.0, 0.0, 0.0, 0.0, 0.0, 0.0, 0.0, 0.0, 0.0, 0.0, 0.0, 0.0, 0.0, 0.0], "program call": "xtb /home/svss/Project-DBcg-Debug/aqme2_20220329/End-to-End-workflows-final/example-3/QDESCP/mol_389_rdkit_conf_6/mol_389_rdkit_conf_6.xyz --pop --wbo --acc 0.2 --gfn 2 --chrg 0 --uhf 0 --etemp 300 --input /home/svss/Project-DBcg-Debug/aqme2_20220329/End-to-End-workflows-final/example-3/QDESCP/mol_389_rdkit_conf_6/mol_389_rdkit_conf_6_xtb.inp", "method": "GFN2-xTB", "xtb version": "6.3.3 (7355c4f)", "Dipole module/D": 1.686, "Total charge": 0, "Transition dipole module/D": NaN, "HOMO": -10.9054, "LUMO": 0.9194, "HOMO occupancy": 2.0, "LUMO occupancy": 0, "mulliken charges": [-0.08497, -0.0337, -0.05577, 0.21887, -0.56946, -0.06503, -0.07873, 0.02793, 0.02761, 0.02364, 0.01757, 0.03695, 0.01978, 0.03782, 0.00786, 0.33463, 0.02211, 0.02426, 0.0273, 0.02536, 0.03598], "cm5 charges": [-0.23534, -0.14526, -0.16133, 0.17132, -0.78109, -0.17333, -0.22835, 0.07872, 0.07891, 0.07493, 0.07269, 0.0941, 0.07578, 0.09634, 0.07427, 0.50421, 0.07875, 0.07926, 0.07944, 0.07621, 0.08976], "FUKUI+": [0.014, 0.002, 0.009, -0.038, -0.127, 0.007, 0.019, -0.053, -0.031, -0.031, -0.04, -0.033, -0.099, -0.061, -0.099, -0.132, -0.061, -0.093, -0.04, -0.075, -0.036], "FUKUI-": [0.02, 0.002, 0.012, -0.003, -0.103, -0.002, 0.018, -0.07, -0.067, -0.085, -0.078, -0.089, -0.061, -0.055, -0.085, -0.055, -0.061, -0.057, -0.05, -0.089, -0.041], "FUKUIrad": [0.017, 0.002, 0.01, -0.02, -0.115, 0.002, 0.019, -0.062, -0.049, -0.058, -0.059, -0.061, -0.08, -0.058, -0.092, -0.093, -0.061, -0.075, -0.045, -0.082, -0.038], "s proportion": [1.008, 1.026, 1.035, 1.019, 1.698, 1.037, 1.005, 0.972, 0.972, 0.976, 0.982, 0.963, 0.98, 0.962, 0.992, 0.665, 0.978, 0.976, 0.973, 0.975, 0.964], "p proportion": [3.077, 3.007, 3.021, 2.762, 4.872, 3.028, 3.074, 0.0, 0.0, 0.0, 0.0, 0.0, 0.0, 0.0, 0.0, 0.0, 0.0, 0.0, 0.0, 0.0, 0.0], "d proportion": [0.0, 0.0, 0.0, 0.0, 0.0, 0.0, 0.0, 0.0, 0.0, 0.0, 0.0, 0.0, 0.0, 0.0, 0.0, 0.0, 0.0, 0.0, 0.0, 0.0, 0.0], "Fermi-level/eV": -4.993, "Coordination numbers": [3.75, 3.799, 3.801, 3.724, 1.653, 3.799, 3.748, 0.924, 0.924, 0.924, 0.924, 0.924, 0.924, 0.924, 0.924, 0.804, 0.924, 0.924, 0.924, 0.924, 0.924], "Dispersion coefficient C6": [22.496, 21.508, 21.71, 18.786, 21.796, 21.726, 22.461, 2.551, 2.535, 2.578, 2.633, 2.366, 2.56, 2.301, 2.915, 0.78, 2.65, 2.592, 2.494, 2.578, 2.381], "Total dispersion C6": 2911.77094, "Total dispersion C8": 60072.69369, "Polarizability alpha": [6.764, 6.603, 6.634, 6.189, 6.302, 6.637, 6.76, 2.498, 2.49, 2.511, 2.538, 2.406, 2.502, 2.372, 2.67, 1.387, 2.546, 2.518, 2.469, 2.511, 2.413], "Total polarizability alpha": 79.719363, "Wiberg matrix": [[0.0, 1.020254052238286, 0.0, 0.0, 0.0, 0.0, 0.0, 0.9873115305635703, 0.9876486508007578, 0.9876487565062456, 0.0, 0.0, 0.0, 0.0, 0.0, 0.0, 0.0, 0.0, 0.0, 0.0, 0.0], [1.020254052238286, 0.0, 1.006940222441494, 0.0, 0.0, 0.0, 0.0, 0.0, 0.0, 0.0, 0.978095082108043, 0.9771511864033846, 0.0, 0.0, 0.0, 0.0, 0.0, 0.0, 0.0, 0.0, 0.0], [0.0, 1.006940222441494, 0.0, 0.9942763493075787, 0.0, 0.0, 0.0, 0.0, 0.0, 0.0, 0.0, 0.0, 0.9755702997926828, 0.9732335637615752, 0.0, 0.0, 0.0, 0.0, 0.0, 0.0, 0.0], [0.0, 0.0, 0.9942763493075787, 0.0, 0.9809114981990424, 0.9871160168389572, 0.0, 0.0, 0.0, 0.0, 0.0, 0.0, 0.0, 0.0, 0.96325553409036, 0.0, 0.0, 0.0, 0.0, 0.0, 0.0], [0.0, 0.0, 0.0, 0.9809114981990424, 0.0, 0.0, 0.0, 0.0, 0.0, 0.0, 0.0, 0.0, 0.0, 0.0, 0.0, 0.9045731311816733, 0.0, 0.0, 0.0, 0.0, 0.0], [0.0, 0.0, 0.0, 0.9871160168389572, 0.0, 0.0, 1.0207141096578116, 0.0, 0.0, 0.0, 0.0, 0.0, 0.0, 0.0, 0.0, 0.0, 0.9758758829234998, 0.97673774585023, 0.0, 0.0, 0.0], [0.0, 0.0, 0.0, 0.0, 0.0, 1.0207141096578116, 0.0, 0.0, 0.0, 0.0, 0.0, 0.0, 0.0, 0.0, 0.0, 0.0, 0.0, 0.0, 0.9862925682305022, 0.9870869513244764, 0.9862507686148636], [0.9873115305635703, 0.0, 0.0, 0.0, 0.0, 0.0, 0.0, 0.0, 0.0, 0.0, 0.0, 0.0, 0.0, 0.0, 0.0, 0.0, 0.0, 0.0, 0.0, 0.0, 0.0], [0.9876486508007578, 0.0, 0.0, 0.0, 0.0, 0.0, 0.0, 0.0, 0.0, 0.0, 0.0, 0.0, 0.0, 0.0, 0.0, 0.0, 0.0, 0.0, 0.0, 0.0, 0.0], [0.9876487565062456, 0.0, 0.0, 0.0, 0.0, 0.0, 0.0, 0.0, 0.0, 0.0, 0.0, 0.0, 0.0, 0.0, 0.0, 0.0, 0.0, 0.0, 0.0, 0.0, 0.0], [0.0, 0.978095082108043, 0.0, 0.0, 0.0, 0.0, 0.0, 0.0, 0.0, 0.0, 0.0, 0.0, 0.0, 0.0, 0.0, 0.0, 0.0, 0.0, 0.0, 0.0, 0.0], [0.0, 0.9771511864033846, 0.0, 0.0, 0.0, 0.0, 0.0, 0.0, 0.0, 0.0, 0.0, 0.0, 0.0, 0.0, 0.0, 0.0, 0.0, 0.0, 0.0, 0.0, 0.0], [0.0, 0.0, 0.9755702997926828, 0.0, 0.0, 0.0, 0.0, 0.0, 0.0, 0.0, 0.0, 0.0, 0.0, 0.0, 0.0, 0.0, 0.0, 0.0, 0.0, 0.0, 0.0], [0.0, 0.0, 0.9732335637615752, 0.0, 0.0, 0.0, 0.0, 0.0, 0.0, 0.0, 0.0, 0.0, 0.0, 0.0, 0.0, 0.0, 0.0, 0.0, 0.0, 0.0, 0.0], [0.0, 0.0, 0.0, 0.96325553409036, 0.0, 0.0, 0.0, 0.0, 0.0, 0.0, 0.0, 0.0, 0.0, 0.0, 0.0, 0.0, 0.0, 0.0, 0.0, 0.0, 0.0], [0.0, 0.0, 0.0, 0.0, 0.9045731311816733, 0.0, 0.0, 0.0, 0.0, 0.0, 0.0, 0.0, 0.0, 0.0, 0.0, 0.0, 0.0, 0.0, 0.0, 0.0, 0.0], [0.0, 0.0, 0.0, 0.0, 0.0, 0.9758758829234998, 0.0, 0.0, 0.0, 0.0, 0.0, 0.0, 0.0, 0.0, 0.0, 0.0, 0.0, 0.0, 0.0, 0.0, 0.0], [0.0, 0.0, 0.0, 0.0, 0.0, 0.97673774585023, 0.0, 0.0, 0.0, 0.0, 0.0, 0.0, 0.0, 0.0, 0.0, 0.0, 0.0, 0.0, 0.0, 0.0, 0.0], [0.0, 0.0, 0.0, 0.0, 0.0, 0.0, 0.9862925682305022, 0.0, 0.0, 0.0, 0.0, 0.0, 0.0, 0.0, 0.0, 0.0, 0.0, 0.0, 0.0, 0.0, 0.0], [0.0, 0.0, 0.0, 0.0, 0.0, 0.0, 0.9870869513244764, 0.0, 0.0, 0.0, 0.0, 0.0, 0.0, 0.0, 0.0, 0.0, 0.0, 0.0, 0.0, 0.0, 0.0], [0.0, 0.0, 0.0, 0.0, 0.0, 0.0, 0.9862507686148636, 0.0, 0.0, 0.0, 0.0, 0.0, 0.0, 0.0, 0.0, 0.0, 0.0, 0.0, 0.0, 0.0, 0.0]], "Born radii": [], "Atomic SASAs": [], "Solvent H bonds": [], "Total SASA": NaN, "Total FOD": 0.0, "FOD": [0.0, 0.0, 0.0, 0.0, 0.0, 0.0, 0.0, 0.0, 0.0, 0.0, 0.0, 0.0, 0.0, 0.0, 0.0, 0.0, 0.0, 0.0, 0.0, 0.0, 0.0], "FOD s proportion": [0.0, 0.0, 0.0, 0.0, 0.0, 0.0, 0.0, 0.0, 0.0, 0.0, 0.0, 0.0, 0.0, 0.0, 0.0, 0.0, 0.0, 0.0, 0.0, 0.0, 0.0], "FOD p proportion": [0.0, 0.0, 0.0, 0.0, 0.0, 0.0, 0.0, 0.0, 0.0, 0.0, 0.0, 0.0, 0.0, 0.0, 0.0, 0.0, 0.0, 0.0, 0.0, 0.0, 0.0], "FOD d proportion": [0.0, 0.0, 0.0, 0.0, 0.0, 0.0, 0.0, 0.0, 0.0, 0.0, 0.0, 0.0, 0.0, 0.0, 0.0, 0.0, 0.0, 0.0, 0.0, 0.0, 0.0], "coordinates": [["2.99600", "0.60530", "-0.17010"], ["1.87040", "-0.41470", "-0.24510"], ["0.52980", "0.19930", "0.17210"], ["-0.60830", "-0.82700", "0.12730"], ["-0.81370", "-1.23340", "-1.22380"], ["-1.92170", "-0.29330", "0.71440"], ["-2.50190", "0.90420", "-0.02730"], ["3.94350", "0.14670", "-0.46980"], ["2.80270", "1.45230", "-0.83610"], ["3.11130", "0.98820", "0.84890"], ["2.11030", "-1.26170", "0.40820"], ["1.80760", "-0.80130", "-1.26860"], ["0.61760", "0.60820", "1.18570"], ["0.31100", "1.03180", "-0.50740"], ["-0.31170", "-1.71690", "0.69530"], ["-1.52170", "-1.89980", "-1.22520"], ["-2.66970", "-1.09530", "0.68560"], ["-1.77420", "-0.02840", "1.76780"], ["-1.84480", "1.77580", "0.04430"], ["-3.46690", "1.18170", "0.40940"], ["-2.66560", "0.67840", "-1.08540"]], "bond_dist": [[0.0, 1.520855141030861, 2.522712682807933, 3.8898468530264787, 4.359462750156261, 5.076770183886602, 5.507870501382544, 1.0944817495052164, 1.094682552158387, 1.09465405494156, 2.145829531906018, 2.144182914305587, 2.737697684186477, 2.7395069884926375, 4.1330871379635825, 5.27241645832345, 5.97699082649455, 5.18766230011168, 4.9849154706975725, 6.514378989589106, 5.735576018151969], [1.520855141030861, 0.0, 1.5324034064175138, 2.5402021061325017, 2.9719549441403044, 3.9134895707028527, 4.572082822959357, 2.1594915281148936, 2.1689060122559485, 2.1690544529817593, 1.0962490136825664, 1.095881220753417, 2.159402901266922, 2.143103333952892, 2.709545609507247, 3.8304647798929046, 4.6842210515730365, 4.181399677141615, 4.322586453733459, 5.609245448364691, 4.740914226180431], [2.522712682807933, 1.5324034064175138, 0.0, 1.53315698478662, 2.4095971343774463, 2.558631724183846, 3.118950025248882, 3.473924302571948, 2.7843402539919575, 2.782905621827661, 2.1652354283079704, 2.1701589089280997, 1.0964912265950877, 1.0966539745972748, 2.157239655207553, 3.2507415077178927, 3.4894801417976296, 2.8118537977640305, 2.853140418906858, 4.122503115826596, 3.4671925559449392], [3.8898468530264787, 2.5402021061325017, 1.53315698478662, 0.0, 1.4257704338356858, 1.534451582813873, 2.570345416476159, 4.692920555475023, 4.214056128007789, 4.201319050012746, 2.7674274805313326, 2.7902992868149465, 2.1639871556920114, 2.1686618039703656, 1.0965936211742253, 1.953063145420547, 2.1524529588355703, 2.165254031285937, 2.8827745472027466, 3.5051462251951775, 2.823004381859865], [4.359462750156261, 2.9719549441403044, 2.4095971343774463, 1.4257704338356858, 0.0, 2.42241021505442, 2.975057184324362, 5.010403561590623, 4.5212437160586685, 4.963589109706806, 3.348731235856351, 2.6570530931842518, 3.35347588331868, 2.628556655276808, 2.041744611845468, 0.9722936387738017, 2.6663863129711722, 3.365153162933301, 3.4244020587541995, 3.9420198490114173, 2.6652706072742407], [5.076770183886602, 3.9134895707028527, 2.558631724183846, 1.534451582813873, 2.42241021505442, 0.0, 1.5234031574077822, 5.999708382913289, 5.269831588390658, 5.195326890581573, 4.157953943948875, 4.2541781215647285, 2.73548358247678, 2.8694310481348038, 2.149209568655416, 2.5500765498313966, 1.0970585399148034, 1.0961659637116998, 2.176263410067816, 2.157844535641991, 2.1764347313898478], [5.507870501382544, 4.572082822959357, 3.118950025248882, 2.570345416476159, 2.975057184324362, 1.5234031574077822, 0.0, 6.50482848813095, 5.393825378152319, 5.681795198702607, 5.114017197859233, 4.798056501334681, 3.360098994077407, 2.8564285707855537, 3.4913166585115136, 3.202838186671315, 2.1294091903624346, 2.14980791234938, 1.093889176287982, 1.0949603371812149, 1.0942389775547203], [1.0944817495052164, 2.1594915281148936, 3.473924302571948, 4.692920555475023, 5.010403561590623, 5.999708382913289, 6.50482848813095, 0.0, 1.772058602304111, 1.7719054094392286, 2.472872176235561, 2.469585845845412, 3.7436978123240663, 3.7389667048530932, 4.789278652365092, 5.884488291262036, 6.827292830983596, 6.142443085613411, 6.035120753555805, 7.5338068597489265, 6.658969219030825], [1.094682552158387, 2.1689060122559485, 2.7843402539919575, 4.214056128007789, 4.5212437160586685, 5.269831588390658, 5.393825378152319, 1.772058602304111, 0.0, 1.7747810484676694, 3.0648811151494932, 2.5011983567882017, 3.094324168538261, 2.5482215033234454, 4.699840631340599, 5.485290200162614, 6.225190632422432, 5.46998915081191, 4.741203714248102, 6.397841727489045, 5.528415377845627], [1.09465405494156, 2.1690544529817593, 2.782905621827661, 4.201319050012746, 4.963589109706806, 5.195326890581573, 5.681795198702607, 1.7719054094392286, 1.7747810484676694, 0.0, 2.501652953548913, 3.063617174191318, 2.544872085194067, 3.1117729255201123, 4.365557005698127, 5.840130461727718, 6.147161958172243, 5.074047991495548, 5.082383508748626, 6.595704491561155, 6.100005421309066], [2.145829531906018, 1.0962490136825664, 2.1652354283079704, 2.7674274805313326, 3.348731235856351, 4.157953943948875, 5.114017197859233, 2.472872176235561, 3.0648811151494932, 2.501652953548913, 0.0, 1.765008127460041, 2.5157872624687485, 3.055478047703829, 2.48107183491329, 4.033186230513042, 4.790933074047268, 4.2963800227633495, 5.0001645442925176, 6.08895433058912, 5.3669404487100465], [2.144182914305587, 1.095881220753417, 2.1701589089280997, 2.7902992868149465, 2.6570530931842518, 4.2541781215647285, 4.798056501334681, 2.469585845845412, 2.5011983567882017, 3.063617174191318, 1.765008127460041, 0.0, 3.070240827687626, 2.485858525741157, 3.0309501909467267, 3.5061124197606666, 4.894031970676122, 4.758822397400433, 4.6588814730576695, 5.8794832468508655, 4.715145021099564], [2.737697684186477, 2.159402901266922, 1.0964912265950877, 2.1639871556920114, 3.35347588331868, 2.73548358247678, 3.360098994077407, 3.7436978123240663, 3.094324168538261, 2.544872085194067, 2.5157872624687485, 3.070240827687626, 0.0, 1.772012451987852, 2.551505567307271, 4.084006280602418, 3.7360880008372397, 2.5425985152988666, 2.9545723006892217, 4.196985131019646, 3.9927716551288026], [2.7395069884926375, 2.143103333952892, 1.0966539745972748, 2.1686618039703656, 2.628556655276808, 2.8694310481348038, 2.8564285707855537, 3.7389667048530932, 2.5482215033234454, 3.1117729255201123, 3.055478047703829, 2.485858525741157, 1.772012451987852, 0.0, 3.0642444860030347, 3.5310486671808987, 3.8512823708474038, 3.2632220457701004, 2.3463551585384512, 3.8904396486772543, 3.05272388531947], [4.1330871379635825, 2.709545609507247, 2.157239655207553, 1.0965936211742253, 2.041744611845468, 2.149209568655416, 3.4913166585115136, 4.789278652365092, 4.699840631340599, 4.365557005698127, 2.48107183491329, 3.0309501909467267, 2.551505567307271, 3.0642444860030347, 0.0, 2.2772511192224716, 2.4385743068440626, 2.4779416357129964, 3.869515460622945, 4.294054937934539, 3.801210305942043], [5.27241645832345, 3.8304647798929046, 3.2507415077178927, 1.953063145420547, 0.9722936387738017, 2.5500765498313966, 3.202838186671315, 5.884488291262036, 5.485290200162614, 5.840130461727718, 4.033186230513042, 3.5061124197606666, 4.084006280602418, 3.5310486671808987, 2.2772511192224716, 0.0, 2.3698693824765957, 3.538918367241607, 3.9020583311888104, 3.9939156788795627, 2.8240337267816047], [5.97699082649455, 4.6842210515730365, 3.4894801417976296, 2.1524529588355703, 2.6663863129711722, 1.0970585399148034, 2.1294091903624346, 6.827292830983596, 6.225190632422432, 6.147161958172243, 4.790933074047268, 4.894031970676122, 3.7360880008372397, 3.8512823708474038, 2.4385743068440626, 2.3698693824765957, 0.0, 1.7639026900597436, 3.05531355346714, 2.4282799014940597, 2.5064854876898846], [5.18766230011168, 4.181399677141615, 2.8118537977640305, 2.165254031285937, 3.365153162933301, 1.0961659637116998, 2.14980791234938, 6.142443085613411, 5.46998915081191, 5.074047991495548, 4.2963800227633495, 4.758822397400433, 2.5425985152988666, 3.2632220457701004, 2.4779416357129964, 3.538918367241607, 1.7639026900597436, 0.0, 2.4961118264212443, 2.484919688843082, 3.071629932137008], [4.9849154706975725, 4.322586453733459, 2.853140418906858, 2.8827745472027466, 3.4244020587541995, 2.176263410067816, 1.093889176287982, 6.035120753555805, 4.741203714248102, 5.082383508748626, 5.0001645442925176, 4.6588814730576695, 2.9545723006892217, 2.3463551585384512, 3.869515460622945, 3.9020583311888104, 3.05531355346714, 2.4961118264212443, 0.0, 1.7656333792721521, 1.776012806823194], [6.514378989589106, 5.609245448364691, 4.122503115826596, 3.5051462251951775, 3.9420198490114173, 2.157844535641991, 1.0949603371812149, 7.5338068597489265, 6.397841727489045, 6.595704491561155, 6.08895433058912, 5.8794832468508655, 4.196985131019646, 3.8904396486772543, 4.294054937934539, 3.9939156788795627, 2.4282799014940597, 2.484919688843082, 1.7656333792721521, 0.0, 1.769129622158874], [5.735576018151969, 4.740914226180431, 3.4671925559449392, 2.823004381859865, 2.6652706072742407, 2.1764347313898478, 1.0942389775547203, 6.658969219030825, 5.528415377845627, 6.100005421309066, 5.3669404487100465, 4.715145021099564, 3.9927716551288026, 3.05272388531947, 3.801210305942043, 2.8240337267816047, 2.5064854876898846, 3.071629932137008, 1.776012806823194, 1.769129622158874, 0.0]]}