{"total energy": -49.85585857, "HOMO-LUMO gap/eV": 3.61659016, "electronic energy": -50.46447451, "dipole": [-0.92955815, 0.41995344, -0.26982109], "partial charges": [-0.11195743, 0.01528492, -0.20025013, 0.25692057, -0.35535098, 0.26372072, -0.2014108, 0.09698509, -0.11621379, -0.11709571, -0.11247089, -0.36866084, 0.32918033, -0.25802772, 0.03522195, -0.33261693, 0.05059113, 0.03942122, 0.04609299, 0.07043011, 0.03000264, 0.18196144, 0.18254803, 0.04268874, 0.05923254, 0.04728307, 0.04712834, 0.04698275, 0.03642045, 0.04537055, 0.04337116, 0.03296824, 0.05616139, 0.06292998, 0.05515686], "atomic dipole moments": [[-0.07122893, -0.10215081, 0.0307374], [-0.131627, 0.10958773, 0.02902239], [0.01096155, -0.12531814, -0.12320458], [0.02957573, 0.00222795, -0.00221113], [0.08942129, -0.2542733, 0.11218136], [-0.01395725, -0.01609303, 0.00236172], [0.04204318, 0.08562132, 0.11438978], [0.05747527, -0.09029625, 0.00653708], [-0.03956742, -0.0755301, 0.09867438], [0.11819106, 0.01909537, 0.00661805], [-0.02722182, -0.0520142, -0.09320043], [0.18596832, 0.20214249, -0.07899003], [0.03213884, -0.12582649, 0.05341908], [-0.22936467, 0.0226592, -0.02408586], [0.1745831, 0.19346762, -0.06251367], [-0.27986662, 0.04862334, -0.03040024], [0.02125887, 0.07989221, 0.09798885], [-0.05483564, 0.06834308, -0.09004851], [0.11290095, -0.03798035, -0.0445802], [0.07267783, -0.0663028, 0.08763967], [-0.01734883, -0.07067211, -0.09836897], [-0.08232191, 0.05776058, -0.08147812], [-0.03564267, -0.09403984, 0.08000525], [-0.06675816, 0.10660828, -0.00391934], [0.12223416, 0.04529501, -0.00224331], [-0.01731152, -0.05570372, -0.11568868], [-0.03977458, -0.05794249, -0.10757843], [-0.06894605, 0.10911538, 0.00964825], [-0.0422272, -0.07469133, 0.0928658], [0.1254351, 0.03446469, 0.01415991], [-0.06272827, 0.10822893, 0.02053597], [-0.02433844, -0.07328989, 0.1017515], [-0.06075648, -0.03381022, -0.10766073], [0.0498337, -0.10368032, 0.04272908], [-0.07349715, 0.04349233, 0.0950479]], "atomic quadrupole moments": [[0.00506019, 0.16745032, 0.10645481, -0.06648412, -0.08900421, -0.111515], [0.23607847, 0.0322199, -0.01287681, -0.22222057, -0.03238443, -0.22320165], [0.08019194, 0.02275488, -0.01668499, -0.09302952, 0.01104961, -0.06350694], [-0.22659177, 0.08220878, -0.12121527, -0.10439664, 0.21355417, 0.34780705], [-0.05383605, 0.01455628, -0.0768815, -0.02414908, 0.10061829, 0.13071755], [-0.13442883, -0.06235421, -0.19848795, -0.01832037, 0.26060224, 0.33291679], [0.04456503, -0.06719431, 0.01881748, 0.01310771, 0.034041, -0.06338251], [0.00526291, -0.06793194, 0.06986312, 0.00160165, -0.00305796, -0.07512602], [-0.08598934, 0.03642718, -0.0020831, -0.06785359, -0.15245091, 0.08807243], [0.21933451, 0.05400071, -0.10154842, 0.0062465, -0.00880271, -0.11778608], [-0.09000916, 0.02415237, -0.04614667, 0.06659959, 0.1164174, 0.13615583], [-0.08575609, -0.04953076, -0.04370025, 0.00535184, 0.082532, 0.12945634], [-0.41980405, -0.1286708, 0.08367048, 0.00409654, 0.10875766, 0.33613357], [0.03033003, 0.06193612, 0.04374062, -0.01609743, -0.04897066, -0.07407065], [0.12199723, 0.35387687, 0.13039438, -0.10891244, -0.14146968, -0.25239162], [-0.12953177, 0.00904452, -0.02623674, -0.0203923, 0.08314039, 0.15576851], [-0.0477597, 0.01342896, -0.00035489, 0.00809268, 0.04831841, 0.04811459], [-0.0068885, -0.02045693, -0.00972926, 0.05321399, -0.04235684, 0.01661776], [0.053435, -0.03664869, -0.01700982, -0.04201832, 0.01224122, -0.03642518], [-0.00721403, -0.00512656, -0.01355377, 0.01631997, -0.03193882, 0.0207678], [0.00598236, 0.01639637, -0.01800264, 0.0034252, 0.03396662, 0.01202028], [-0.01059487, -0.01472473, 0.03110702, -0.01108362, -0.06317337, -0.02051215], [0.04950881, 0.0215714, 0.01209144, -0.03241971, -0.02860426, -0.06160025], [0.00892829, -0.06286526, 0.03460228, -0.02008049, 0.00410332, -0.04353057], [0.07316318, 0.0232801, -0.04284555, 0.01858577, -0.00169711, -0.03031763], [-0.04293544, 0.0202656, 0.00275811, 0.01577222, 0.05332989, 0.04017733], [-0.03041663, 0.01125307, -0.02592619, 0.01302713, 0.04887659, 0.05634282], [-0.01514908, -0.03839381, 0.0650326, -0.00399955, 0.00959083, -0.04988352], [-0.02979161, 0.014866, -0.00588945, -0.01247398, -0.06252645, 0.03568107], [0.07621979, 0.01942124, -0.04423852, -0.01111774, 0.00155369, -0.03198127], [-0.00199062, -0.06287352, 0.0420174, 0.00751668, 0.00716768, -0.04002678], [-0.03938524, 0.02920185, 0.02024705, -0.01760768, -0.05595161, 0.01913819], [-0.0084278, 0.02671036, -0.03082847, 0.03718974, -0.00123163, 0.03925627], [0.00139728, -0.04389703, 0.0401192, 0.02043986, -0.04029077, -0.04151648], [0.00272205, -0.00915727, 0.00059105, -0.04779487, 0.03216138, -0.00331311]], "number of molecular orbitals": 83, "number of electrons": 90, "number of unpaired electrons": 0, "orbital energies/eV": [-19.38646311, -18.57318217, -18.00727685, -17.93518117, -17.67614099, -17.48465281, -17.26077244, -16.99651435, -16.90894042, -16.35202191, -16.28443702, -16.1882103, -16.00754423, -15.78121653, -15.58533854, -15.30993212, -15.26408414, -14.88965984, -14.57887517, -14.49229841, -14.32911307, -14.15978205, -13.95142232, -13.84036078, -13.74596943, -13.5260562, -13.31091936, -13.11429884, -12.96337858, -12.73993072, -12.67287732, -12.58621335, -12.57209269, -12.4587544, -12.39118406, -12.33894285, -12.17445132, -12.13229918, -12.034127, -11.79447573, -11.30792869, -10.53934018, -10.52509347, -10.11475428, -9.95781869, -6.34122853, -6.22148515, -2.97417578, 0.05432328, 0.67691596, 1.21682734, 1.60804702, 2.11269517, 2.51920185, 2.67011763, 3.00275149, 3.61401547, 3.79248787, 3.8683769, 4.07142757, 4.2949117, 4.4758231, 4.88931383, 4.90561659, 5.13139217, 5.28045876, 5.52957337, 5.61094551, 5.64016125, 5.84922615, 6.09529012, 6.25212309, 6.65919077, 6.71466423, 6.85713609, 7.07252235, 7.36360295, 7.57731136, 8.0849793, 12.00727596, 12.67800268, 12.8270261, 17.75695896], "fractional occupation": [2.0, 2.0, 2.0, 2.0, 2.0, 2.0, 2.0, 2.0, 2.0, 2.0, 2.0, 2.0, 2.0, 2.0, 2.0, 2.0, 2.0, 2.0, 2.0, 2.0, 2.0, 2.0, 2.0, 2.0, 2.0, 2.0, 2.0, 2.0, 2.0, 2.0, 2.0, 2.0, 2.0, 2.0, 2.0, 2.0, 2.0, 2.0, 2.0, 2.0, 2.0, 2.0, 2.0, 2.0, 2.0, 0.0, 0.0, 0.0, 0.0, 0.0, 0.0, 0.0, 0.0, 0.0, 0.0, 0.0, 0.0, 0.0, 0.0, 0.0, 0.0, 0.0, 0.0, 0.0, 0.0, 0.0, 0.0, 0.0, 0.0, 0.0, 0.0, 0.0, 0.0, 0.0, 0.0, 0.0, 0.0, 0.0, 0.0, 0.0, 0.0, 0.0, 0.0], "program call": "xtb /home/svss/Project-DBcg-Debug/aqme2_20220329/End-to-End-workflows-final/example-3/QDESCP/mol_1011_rdkit_conf_8/mol_1011_rdkit_conf_8.xyz --pop --wbo --acc 0.2 --gfn 2 --chrg 0 --uhf 0 --etemp 300 --input /home/svss/Project-DBcg-Debug/aqme2_20220329/End-to-End-workflows-final/example-3/QDESCP/mol_1011_rdkit_conf_8/mol_1011_rdkit_conf_8_xtb.inp", "method": "GFN2-xTB", "xtb version": "6.3.3 (7355c4f)", "Dipole module/D": 2.682, "Total charge": 0, "Transition dipole module/D": NaN, "HOMO": -9.9578, "LUMO": -6.3412, "HOMO occupancy": 2.0, "LUMO occupancy": 0, "mulliken charges": [-0.0955, 0.10393, -0.35908, 0.43729, -0.44345, 0.44521, -0.36328, 0.16814, -0.09818, -0.10509, -0.10744, -0.4538, 0.53215, -0.40841, 0.17471, -0.41446, 0.03614, 0.02834, 0.03234, 0.03798, 0.02344, 0.21548, 0.21787, 0.02663, 0.03719, 0.03607, 0.03648, 0.033, 0.03004, 0.04331, 0.03134, 0.03201, 0.02874, 0.03307, 0.02779], "cm5 charges": [-0.23998, 0.05534, -0.69981, 0.65418, -0.62373, 0.66385, -0.69865, 0.19244, -0.23748, -0.24574, -0.24733, -0.63522, 0.71249, -0.47995, 0.05851, -0.58636, 0.08957, 0.08171, 0.08353, 0.10532, 0.08911, 0.41695, 0.42106, 0.07905, 0.09588, 0.0908, 0.09071, 0.08532, 0.08418, 0.10039, 0.08374, 0.08649, 0.09108, 0.09238, 0.09016], "FUKUI+": [0.013, 0.015, -0.058, -0.054, -0.1, -0.05, -0.054, 0.004, 0.013, 0.014, 0.012, -0.098, -0.061, -0.074, 0.028, -0.099, -0.019, -0.018, -0.03, -0.023, -0.025, -0.044, -0.041, -0.031, 0.002, -0.014, -0.017, -0.028, -0.015, 0.004, -0.034, -0.013, -0.028, -0.049, -0.029], "FUKUI-": [0.015, 0.015, -0.069, 0.003, -0.09, 0.0, -0.064, -0.003, 0.011, 0.011, 0.004, -0.085, -0.003, -0.056, 0.021, -0.11, -0.033, -0.031, -0.035, -0.044, -0.06, -0.039, -0.038, -0.038, -0.015, -0.026, -0.027, -0.032, -0.023, -0.014, -0.038, -0.024, -0.023, -0.039, -0.022], "FUKUIrad": [0.014, 0.015, -0.064, -0.025, -0.095, -0.025, -0.059, 0.001, 0.012, 0.013, 0.008, -0.092, -0.032, -0.065, 0.024, -0.105, -0.026, -0.024, -0.032, -0.034, -0.042, -0.042, -0.039, -0.035, -0.006, -0.02, -0.022, -0.03, -0.019, -0.005, -0.036, -0.018, -0.025, -0.044, -0.025], "s proportion": [1.012, 1.001, 1.457, 0.98, 1.528, 0.974, 1.451, 1.062, 1.017, 1.023, 1.02, 1.534, 0.959, 1.691, 0.97, 1.526, 0.964, 0.972, 0.968, 0.962, 0.977, 0.785, 0.782, 0.973, 0.963, 0.964, 0.964, 0.967, 0.97, 0.957, 0.969, 0.968, 0.971, 0.967, 0.972], "p proportion": [3.084, 2.895, 3.902, 2.583, 3.916, 2.581, 3.912, 2.77, 3.081, 3.083, 3.088, 3.92, 2.509, 4.717, 2.856, 3.889, 0.0, 0.0, 0.0, 0.0, 0.0, 0.0, 0.0, 0.0, 0.0, 0.0, 0.0, 0.0, 0.0, 0.0, 0.0, 0.0, 0.0, 0.0, 0.0], "d proportion": [0.0, 0.0, 0.0, 0.0, 0.0, 0.0, 0.0, 0.0, 0.0, 0.0, 0.0, 0.0, 0.0, 0.0, 0.0, 0.0, 0.0, 0.0, 0.0, 0.0, 0.0, 0.0, 0.0, 0.0, 0.0, 0.0, 0.0, 0.0, 0.0, 0.0, 0.0, 0.0, 0.0, 0.0, 0.0], "Fermi-level/eV": -8.1495, "Coordination numbers": [3.751, 3.748, 2.697, 2.948, 1.849, 2.928, 2.704, 3.832, 3.754, 3.759, 3.754, 1.847, 2.928, 1.703, 3.656, 1.837, 0.924, 0.924, 0.924, 0.924, 0.924, 0.86, 0.86, 0.924, 0.924, 0.924, 0.924, 0.924, 0.924, 0.924, 0.924, 0.924, 0.924, 0.924, 0.924], "Dispersion coefficient C6": [22.703, 20.381, 25.35, 22.691, 30.098, 22.569, 25.375, 18.961, 22.782, 22.792, 22.71, 30.465, 21.423, 18.276, 20.273, 29.48, 2.313, 2.457, 2.369, 2.081, 2.587, 1.203, 1.2, 2.414, 2.208, 2.354, 2.356, 2.358, 2.497, 2.379, 2.405, 2.545, 2.245, 2.165, 2.257], "Total dispersion C6": 11119.296873, "Total dispersion C8": 241797.260338, "Polarizability alpha": [6.795, 6.439, 7.478, 7.813, 8.131, 7.791, 7.482, 6.195, 6.806, 6.806, 6.795, 8.18, 7.591, 5.772, 6.464, 8.046, 2.378, 2.451, 2.407, 2.256, 2.515, 1.718, 1.716, 2.429, 2.324, 2.399, 2.401, 2.401, 2.471, 2.412, 2.425, 2.495, 2.343, 2.301, 2.349], "Total polarizability alpha": 158.775825, "Wiberg matrix": [[0.0, 1.0193131549700127, 0.0, 0.0, 0.0, 0.0, 0.0, 0.0, 0.0, 0.0, 0.0, 0.0, 0.0, 0.0, 0.0, 0.0, 0.9863991902129984, 0.9863689279638396, 0.9851380092427471, 0.0, 0.0, 0.0, 0.0, 0.0, 0.0, 0.0, 0.0, 0.0, 0.0, 0.0, 0.0, 0.0, 0.0, 0.0, 0.0], [1.0193131549700127, 0.0, 0.9871742818600902, 0.0, 0.0, 0.0, 0.0, 0.0, 0.0, 0.0, 0.0, 0.0, 0.0, 0.0, 0.0, 0.0, 0.0, 0.0, 0.0, 0.9695365399552895, 0.9700058078160609, 0.0, 0.0, 0.0, 0.0, 0.0, 0.0, 0.0, 0.0, 0.0, 0.0, 0.0, 0.0, 0.0, 0.0], [0.0, 0.9871742818600902, 0.0, 1.1755450966779886, 0.0, 0.0, 0.0, 0.0, 0.0, 0.0, 0.0, 0.0, 0.0, 0.0, 0.0, 0.0, 0.0, 0.0, 0.0, 0.0, 0.0, 0.9328284064513748, 0.0, 0.0, 0.0, 0.0, 0.0, 0.0, 0.0, 0.0, 0.0, 0.0, 0.0, 0.0, 0.0], [0.0, 0.0, 1.1755450966779886, 0.0, 1.3310657266091261, 0.0, 0.0, 0.0, 0.0, 0.0, 0.0, 0.0, 0.0, 0.0, 0.0, 1.3294686700120866, 0.0, 0.0, 0.0, 0.0, 0.0, 0.0, 0.0, 0.0, 0.0, 0.0, 0.0, 0.0, 0.0, 0.0, 0.0, 0.0, 0.0, 0.0, 0.0], [0.0, 0.0, 0.0, 1.3310657266091261, 0.0, 1.338387371396202, 0.0, 0.0, 0.0, 0.0, 0.0, 0.0, 0.0, 0.0, 0.0, 0.0, 0.0, 0.0, 0.0, 0.0, 0.0, 0.0, 0.0, 0.0, 0.0, 0.0, 0.0, 0.0, 0.0, 0.0, 0.0, 0.0, 0.0, 0.0, 0.0], [0.0, 0.0, 0.0, 0.0, 1.338387371396202, 0.0, 1.196511771020109, 0.0, 0.0, 0.0, 0.0, 1.3020995718779027, 0.0, 0.0, 0.0, 0.0, 0.0, 0.0, 0.0, 0.0, 0.0, 0.0, 0.0, 0.0, 0.0, 0.0, 0.0, 0.0, 0.0, 0.0, 0.0, 0.0, 0.0, 0.0, 0.0], [0.0, 0.0, 0.0, 0.0, 0.0, 1.196511771020109, 0.0, 0.9630278203468438, 0.0, 0.0, 0.0, 0.0, 0.0, 0.0, 0.0, 0.0, 0.0, 0.0, 0.0, 0.0, 0.0, 0.0, 0.9319795772963588, 0.0, 0.0, 0.0, 0.0, 0.0, 0.0, 0.0, 0.0, 0.0, 0.0, 0.0, 0.0], [0.0, 0.0, 0.0, 0.0, 0.0, 0.0, 0.9630278203468438, 0.0, 0.994923117507812, 0.9934460216938283, 0.989571894782743, 0.0, 0.0, 0.0, 0.0, 0.0, 0.0, 0.0, 0.0, 0.0, 0.0, 0.0, 0.0, 0.0, 0.0, 0.0, 0.0, 0.0, 0.0, 0.0, 0.0, 0.0, 0.0, 0.0, 0.0], [0.0, 0.0, 0.0, 0.0, 0.0, 0.0, 0.0, 0.994923117507812, 0.0, 0.0, 0.0, 0.0, 0.0, 0.0, 0.0, 0.0, 0.0, 0.0, 0.0, 0.0, 0.0, 0.0, 0.0, 0.9843434500597482, 0.980957740502001, 0.9850479235540294, 0.0, 0.0, 0.0, 0.0, 0.0, 0.0, 0.0, 0.0, 0.0], [0.0, 0.0, 0.0, 0.0, 0.0, 0.0, 0.0, 0.9934460216938283, 0.0, 0.0, 0.0, 0.0, 0.0, 0.0, 0.0, 0.0, 0.0, 0.0, 0.0, 0.0, 0.0, 0.0, 0.0, 0.0, 0.0, 0.0, 0.9856144322741722, 0.9847409905180757, 0.9849128813235049, 0.0, 0.0, 0.0, 0.0, 0.0, 0.0], [0.0, 0.0, 0.0, 0.0, 0.0, 0.0, 0.0, 0.989571894782743, 0.0, 0.0, 0.0, 0.0, 0.0, 0.0, 0.0, 0.0, 0.0, 0.0, 0.0, 0.0, 0.0, 0.0, 0.0, 0.0, 0.0, 0.0, 0.0, 0.0, 0.0, 0.9836403700447044, 0.9840506290910026, 0.9858170060492916, 0.0, 0.0, 0.0], [0.0, 0.0, 0.0, 0.0, 0.0, 1.3020995718779027, 0.0, 0.0, 0.0, 0.0, 0.0, 0.0, 1.3570554151213803, 0.0, 0.0, 0.0, 0.0, 0.0, 0.0, 0.0, 0.0, 0.0, 0.0, 0.0, 0.0, 0.0, 0.0, 0.0, 0.0, 0.0, 0.0, 0.0, 0.0, 0.0, 0.0], [0.0, 0.0, 0.0, 0.0, 0.0, 0.0, 0.0, 0.0, 0.0, 0.0, 0.0, 1.3570554151213803, 0.0, 1.088630304956042, 0.0, 1.3527486590663262, 0.0, 0.0, 0.0, 0.0, 0.0, 0.0, 0.0, 0.0, 0.0, 0.0, 0.0, 0.0, 0.0, 0.0, 0.0, 0.0, 0.0, 0.0, 0.0], [0.0, 0.0, 0.0, 0.0, 0.0, 0.0, 0.0, 0.0, 0.0, 0.0, 0.0, 0.0, 1.088630304956042, 0.0, 0.9737217041026661, 0.0, 0.0, 0.0, 0.0, 0.0, 0.0, 0.0, 0.0, 0.0, 0.0, 0.0, 0.0, 0.0, 0.0, 0.0, 0.0, 0.0, 0.0, 0.0, 0.0], [0.0, 0.0, 0.0, 0.0, 0.0, 0.0, 0.0, 0.0, 0.0, 0.0, 0.0, 0.0, 0.0, 0.9737217041026661, 0.0, 0.0, 0.0, 0.0, 0.0, 0.0, 0.0, 0.0, 0.0, 0.0, 0.0, 0.0, 0.0, 0.0, 0.0, 0.0, 0.0, 0.0, 0.9776980723024361, 0.9804417981608899, 0.9777694402422588], [0.0, 0.0, 0.0, 1.3294686700120866, 0.0, 0.0, 0.0, 0.0, 0.0, 0.0, 0.0, 0.0, 1.3527486590663262, 0.0, 0.0, 0.0, 0.0, 0.0, 0.0, 0.0, 0.0, 0.0, 0.0, 0.0, 0.0, 0.0, 0.0, 0.0, 0.0, 0.0, 0.0, 0.0, 0.0, 0.0, 0.0], [0.9863991902129984, 0.0, 0.0, 0.0, 0.0, 0.0, 0.0, 0.0, 0.0, 0.0, 0.0, 0.0, 0.0, 0.0, 0.0, 0.0, 0.0, 0.0, 0.0, 0.0, 0.0, 0.0, 0.0, 0.0, 0.0, 0.0, 0.0, 0.0, 0.0, 0.0, 0.0, 0.0, 0.0, 0.0, 0.0], [0.9863689279638396, 0.0, 0.0, 0.0, 0.0, 0.0, 0.0, 0.0, 0.0, 0.0, 0.0, 0.0, 0.0, 0.0, 0.0, 0.0, 0.0, 0.0, 0.0, 0.0, 0.0, 0.0, 0.0, 0.0, 0.0, 0.0, 0.0, 0.0, 0.0, 0.0, 0.0, 0.0, 0.0, 0.0, 0.0], [0.9851380092427471, 0.0, 0.0, 0.0, 0.0, 0.0, 0.0, 0.0, 0.0, 0.0, 0.0, 0.0, 0.0, 0.0, 0.0, 0.0, 0.0, 0.0, 0.0, 0.0, 0.0, 0.0, 0.0, 0.0, 0.0, 0.0, 0.0, 0.0, 0.0, 0.0, 0.0, 0.0, 0.0, 0.0, 0.0], [0.0, 0.9695365399552895, 0.0, 0.0, 0.0, 0.0, 0.0, 0.0, 0.0, 0.0, 0.0, 0.0, 0.0, 0.0, 0.0, 0.0, 0.0, 0.0, 0.0, 0.0, 0.0, 0.0, 0.0, 0.0, 0.0, 0.0, 0.0, 0.0, 0.0, 0.0, 0.0, 0.0, 0.0, 0.0, 0.0], [0.0, 0.9700058078160609, 0.0, 0.0, 0.0, 0.0, 0.0, 0.0, 0.0, 0.0, 0.0, 0.0, 0.0, 0.0, 0.0, 0.0, 0.0, 0.0, 0.0, 0.0, 0.0, 0.0, 0.0, 0.0, 0.0, 0.0, 0.0, 0.0, 0.0, 0.0, 0.0, 0.0, 0.0, 0.0, 0.0], [0.0, 0.0, 0.9328284064513748, 0.0, 0.0, 0.0, 0.0, 0.0, 0.0, 0.0, 0.0, 0.0, 0.0, 0.0, 0.0, 0.0, 0.0, 0.0, 0.0, 0.0, 0.0, 0.0, 0.0, 0.0, 0.0, 0.0, 0.0, 0.0, 0.0, 0.0, 0.0, 0.0, 0.0, 0.0, 0.0], [0.0, 0.0, 0.0, 0.0, 0.0, 0.0, 0.9319795772963588, 0.0, 0.0, 0.0, 0.0, 0.0, 0.0, 0.0, 0.0, 0.0, 0.0, 0.0, 0.0, 0.0, 0.0, 0.0, 0.0, 0.0, 0.0, 0.0, 0.0, 0.0, 0.0, 0.0, 0.0, 0.0, 0.0, 0.0, 0.0], [0.0, 0.0, 0.0, 0.0, 0.0, 0.0, 0.0, 0.0, 0.9843434500597482, 0.0, 0.0, 0.0, 0.0, 0.0, 0.0, 0.0, 0.0, 0.0, 0.0, 0.0, 0.0, 0.0, 0.0, 0.0, 0.0, 0.0, 0.0, 0.0, 0.0, 0.0, 0.0, 0.0, 0.0, 0.0, 0.0], [0.0, 0.0, 0.0, 0.0, 0.0, 0.0, 0.0, 0.0, 0.980957740502001, 0.0, 0.0, 0.0, 0.0, 0.0, 0.0, 0.0, 0.0, 0.0, 0.0, 0.0, 0.0, 0.0, 0.0, 0.0, 0.0, 0.0, 0.0, 0.0, 0.0, 0.0, 0.0, 0.0, 0.0, 0.0, 0.0], [0.0, 0.0, 0.0, 0.0, 0.0, 0.0, 0.0, 0.0, 0.9850479235540294, 0.0, 0.0, 0.0, 0.0, 0.0, 0.0, 0.0, 0.0, 0.0, 0.0, 0.0, 0.0, 0.0, 0.0, 0.0, 0.0, 0.0, 0.0, 0.0, 0.0, 0.0, 0.0, 0.0, 0.0, 0.0, 0.0], [0.0, 0.0, 0.0, 0.0, 0.0, 0.0, 0.0, 0.0, 0.0, 0.9856144322741722, 0.0, 0.0, 0.0, 0.0, 0.0, 0.0, 0.0, 0.0, 0.0, 0.0, 0.0, 0.0, 0.0, 0.0, 0.0, 0.0, 0.0, 0.0, 0.0, 0.0, 0.0, 0.0, 0.0, 0.0, 0.0], [0.0, 0.0, 0.0, 0.0, 0.0, 0.0, 0.0, 0.0, 0.0, 0.9847409905180757, 0.0, 0.0, 0.0, 0.0, 0.0, 0.0, 0.0, 0.0, 0.0, 0.0, 0.0, 0.0, 0.0, 0.0, 0.0, 0.0, 0.0, 0.0, 0.0, 0.0, 0.0, 0.0, 0.0, 0.0, 0.0], [0.0, 0.0, 0.0, 0.0, 0.0, 0.0, 0.0, 0.0, 0.0, 0.9849128813235049, 0.0, 0.0, 0.0, 0.0, 0.0, 0.0, 0.0, 0.0, 0.0, 0.0, 0.0, 0.0, 0.0, 0.0, 0.0, 0.0, 0.0, 0.0, 0.0, 0.0, 0.0, 0.0, 0.0, 0.0, 0.0], [0.0, 0.0, 0.0, 0.0, 0.0, 0.0, 0.0, 0.0, 0.0, 0.0, 0.9836403700447044, 0.0, 0.0, 0.0, 0.0, 0.0, 0.0, 0.0, 0.0, 0.0, 0.0, 0.0, 0.0, 0.0, 0.0, 0.0, 0.0, 0.0, 0.0, 0.0, 0.0, 0.0, 0.0, 0.0, 0.0], [0.0, 0.0, 0.0, 0.0, 0.0, 0.0, 0.0, 0.0, 0.0, 0.0, 0.9840506290910026, 0.0, 0.0, 0.0, 0.0, 0.0, 0.0, 0.0, 0.0, 0.0, 0.0, 0.0, 0.0, 0.0, 0.0, 0.0, 0.0, 0.0, 0.0, 0.0, 0.0, 0.0, 0.0, 0.0, 0.0], [0.0, 0.0, 0.0, 0.0, 0.0, 0.0, 0.0, 0.0, 0.0, 0.0, 0.9858170060492916, 0.0, 0.0, 0.0, 0.0, 0.0, 0.0, 0.0, 0.0, 0.0, 0.0, 0.0, 0.0, 0.0, 0.0, 0.0, 0.0, 0.0, 0.0, 0.0, 0.0, 0.0, 0.0, 0.0, 0.0], [0.0, 0.0, 0.0, 0.0, 0.0, 0.0, 0.0, 0.0, 0.0, 0.0, 0.0, 0.0, 0.0, 0.0, 0.9776980723024361, 0.0, 0.0, 0.0, 0.0, 0.0, 0.0, 0.0, 0.0, 0.0, 0.0, 0.0, 0.0, 0.0, 0.0, 0.0, 0.0, 0.0, 0.0, 0.0, 0.0], [0.0, 0.0, 0.0, 0.0, 0.0, 0.0, 0.0, 0.0, 0.0, 0.0, 0.0, 0.0, 0.0, 0.0, 0.9804417981608899, 0.0, 0.0, 0.0, 0.0, 0.0, 0.0, 0.0, 0.0, 0.0, 0.0, 0.0, 0.0, 0.0, 0.0, 0.0, 0.0, 0.0, 0.0, 0.0, 0.0], [0.0, 0.0, 0.0, 0.0, 0.0, 0.0, 0.0, 0.0, 0.0, 0.0, 0.0, 0.0, 0.0, 0.0, 0.9777694402422588, 0.0, 0.0, 0.0, 0.0, 0.0, 0.0, 0.0, 0.0, 0.0, 0.0, 0.0, 0.0, 0.0, 0.0, 0.0, 0.0, 0.0, 0.0, 0.0, 0.0]], "Born radii": [], "Atomic SASAs": [], "Solvent H bonds": [], "Total SASA": NaN, "Total FOD": 0.0, "FOD": [0.0, 0.0, 0.0, 0.0, 0.0, 0.0, 0.0, 0.0, 0.0, 0.0, 0.0, 0.0, 0.0, 0.0, 0.0, 0.0, 0.0, 0.0, 0.0, 0.0, 0.0, 0.0, 0.0, 0.0, 0.0, 0.0, 0.0, 0.0, 0.0, 0.0, 0.0, 0.0, 0.0, 0.0, 0.0], "FOD s proportion": [0.0, 0.0, 0.0, 0.0, 0.0, 0.0, 0.0, 0.0, 0.0, 0.0, 0.0, 0.0, 0.0, 0.0, 0.0, 0.0, 0.0, 0.0, 0.0, 0.0, 0.0, 0.0, 0.0, 0.0, 0.0, 0.0, 0.0, 0.0, 0.0, 0.0, 0.0, 0.0, 0.0, 0.0, 0.0], "FOD p proportion": [0.0, 0.0, 0.0, 0.0, 0.0, 0.0, 0.0, 0.0, 0.0, 0.0, 0.0, 0.0, 0.0, 0.0, 0.0, 0.0, 0.0, 0.0, 0.0, 0.0, 0.0, 0.0, 0.0, 0.0, 0.0, 0.0, 0.0, 0.0, 0.0, 0.0, 0.0, 0.0, 0.0, 0.0, 0.0], "FOD d proportion": [0.0, 0.0, 0.0, 0.0, 0.0, 0.0, 0.0, 0.0, 0.0, 0.0, 0.0, 0.0, 0.0, 0.0, 0.0, 0.0, 0.0, 0.0, 0.0, 0.0, 0.0, 0.0, 0.0, 0.0, 0.0, 0.0, 0.0, 0.0, 0.0, 0.0, 0.0, 0.0, 0.0, 0.0, 0.0], "coordinates": [["4.57480", "1.71280", "-1.11620"], ["3.73190", "0.51610", "-0.70380"], ["2.45580", "0.98160", "-0.19170"], ["1.56250", "-0.02900", "0.14930"], ["0.28230", "0.25970", "-0.04000"], ["-0.59150", "-0.67900", "0.29100"], ["-1.95060", "-0.48390", "0.12790"], ["-2.57180", "0.83850", "0.25890"], ["-2.21100", "1.75140", "-0.92220"], ["-4.09810", "0.60790", "0.22290"], ["-2.21890", "1.50040", "1.59890"], ["-0.25610", "-1.86130", "0.78090"], ["1.05070", "-2.05210", "0.92340"], ["1.51740", "-3.25270", "1.41900"], ["0.48270", "-4.18290", "1.70720"], ["2.00160", "-1.18040", "0.62730"], ["4.75030", "2.38090", "-0.26630"], ["4.07700", "2.29280", "-1.90070"], ["5.54530", "1.38220", "-1.49890"], ["4.27760", "-0.04690", "0.06270"], ["3.58590", "-0.13560", "-1.57390"], ["1.94370", "1.61220", "-0.80000"], ["-2.40260", "-1.22150", "0.65860"], ["-2.82330", "2.66080", "-0.91640"], ["-1.16730", "2.07750", "-0.89590"], ["-2.37460", "1.24340", "-1.87960"], ["-4.40250", "0.12210", "-0.71180"], ["-4.64790", "1.55220", "0.30610"], ["-4.42130", "-0.04010", "1.04630"], ["-1.15640", "1.75660", "1.66440"], ["-2.78370", "2.42910", "1.73950"], ["-2.44870", "0.83700", "2.44080"], ["-0.07820", "-4.44770", "0.80400"], ["0.95120", "-5.09670", "2.08560"], ["-0.18590", "-3.80530", "2.48880"]], "bond_dist": [[0.0, 1.520738327260808, 2.424771059296114, 3.702608375186336, 4.6578173321846785, 5.864433030566553, 6.996722151121909, 7.330019922210307, 6.788682316915412, 8.84495264147864, 7.319237764958862, 6.301648516856521, 5.545603752523254, 6.358547322305623, 7.71207808959427, 4.246381604378015, 1.0952113357704074, 1.095283109520091, 1.094360955078351, 2.1388494897958577, 2.145692209987257, 2.651940800621311, 7.7745830942887215, 7.461267161146289, 5.757885947984729, 7.006944860636481, 9.126104379197074, 9.333109071472379, 9.41694641962032, 6.37026751714557, 7.925631232274183, 7.921415712484732, 7.955459590117972, 8.351723801108367, 8.130788221322703], [1.520738327260808, 0.0, 1.4516776053931535, 2.39399456557445, 3.522231048639484, 4.5945270278887245, 5.829453760001876, 6.384932790562481, 6.073855864276004, 7.885182314315884, 6.456260095442252, 4.8744752384231065, 4.053672966582282, 4.859438602349041, 6.2008727321240835, 2.7647563274183855, 2.169337191402019, 2.1698678554234587, 2.161187816919205, 1.0964851754583822, 1.0968604742627934, 2.099606841768239, 6.51977589875603, 6.900404617846696, 5.145583835678902, 6.2610552768682695, 8.143940284653368, 8.503790287865758, 8.357444507144514, 5.571596573694115, 7.216808661035707, 6.941995558195064, 6.436585530387987, 6.856862889835264, 6.649537544822196], [2.424771059296114, 1.4516776053931535, 0.0, 1.3912506064688706, 2.295267903753285, 3.50380206918142, 4.654696055598045, 5.0497801665023, 4.785942386824146, 6.577624955863628, 5.032715160825218, 4.047521807229703, 3.5243566377425535, 4.626472256482255, 5.845597067024036, 2.3561202516000748, 2.6885564714173293, 2.695962885501208, 3.3785000295989343, 2.107483534929751, 2.106119343722003, 1.014855487249293, 5.401917276301073, 5.586931137932523, 3.85016208230251, 5.123505617250752, 6.931487802052312, 7.143944490965758, 7.061941609784096, 4.134455351071045, 5.768635015322082, 5.568221049850662, 6.073703399080334, 6.6630058787307105, 6.089176524785597], [3.702608375186336, 2.39399456557445, 1.3912506064688706, 0.0, 1.3259314537335631, 2.2543945728288115, 3.5424939774119584, 4.22575495030178, 4.307811353808335, 5.696793039070315, 4.3289017637271465, 2.6577335852188044, 2.2257815840733337, 3.465027242317151, 4.565950685235223, 1.321746863056614, 4.017761840876087, 3.9894818573343582, 4.535498265901994, 2.7165397070538098, 2.6598739368624225, 1.9339134856554467, 4.1717455279534965, 5.254139527077673, 3.602997825422602, 4.608274447122263, 6.028727014884651, 6.410448333775103, 6.050668942356704, 3.588357922504387, 5.240271566436228, 4.7000695409749, 4.758722335879663, 5.459352403902866, 4.773950617675051], [4.6578173321846785, 3.522231048639484, 2.295267903753285, 1.3259314537335631, 0.0, 1.3244791919845327, 2.3594435318523725, 2.9274967907753546, 3.03644374556816, 4.402074943705524, 3.237488399979218, 2.337176152967508, 2.619732306935195, 3.998888191735298, 4.77802917111229, 2.339908072980646, 4.951133721684358, 4.689930510146179, 5.575622338358293, 4.0083628752896105, 3.663725461876204, 2.27312696741735, 3.1449456926948676, 4.022202074734684, 2.477559648121514, 3.378004064532783, 4.734722804980245, 5.108543187641659, 4.8367117642050985, 2.6861769599190595, 4.156112680137534, 3.7344350215260134, 4.796030755739583, 5.801432885934301, 4.810225117393156], [5.864433030566553, 4.5945270278887245, 3.50380206918142, 2.2543945728288115, 1.3244791919845327, 0.0, 1.3826852244816965, 2.495080108934381, 3.162511446619601, 3.7359058847888553, 3.018081763305958, 1.3229997959183515, 2.232073970548467, 3.5133708742459855, 3.928974839573295, 2.6624551188705508, 6.181294244735482, 5.952313531728651, 6.716591523235576, 4.915262567757698, 4.606930250177444, 3.587076453046408, 1.926011220112697, 4.194402226777972, 3.0559073120760716, 3.4039053644306856, 4.021329388398817, 4.629563954628989, 3.955507469339427, 2.8526280742501293, 4.069911387241742, 3.2201068118930465, 3.837935067194337, 5.01164501336637, 3.842992049172103], [6.996722151121909, 5.829453760001876, 4.654696055598045, 3.5424939774119584, 2.3594435318523725, 1.3826852244816965, 0.0, 1.4668988376844534, 2.483361483956776, 2.4109766672450403, 2.4846070876498763, 2.279247685092605, 3.47848719704414, 4.621711441663142, 4.700823159830627, 4.044057053257284, 7.2982555100517, 6.93954195966852, 7.894132267703652, 6.243852599157029, 5.80260875641293, 4.518872216604493, 1.0148892796753743, 3.4265588963273346, 2.867489370512121, 2.682050995040922, 2.6616058498583146, 3.3842112434066527, 2.672971284918714, 2.8304462792994327, 3.431745790410473, 2.709683898538721, 4.4356175905954744, 5.790592056948927, 4.440688331779207], [7.330019922210307, 6.384932790562481, 5.0497801665023, 4.22575495030178, 2.9274967907753546, 2.495080108934381, 1.4668988376844534, 0.0, 1.5357604826274183, 1.5440414664120905, 1.535659473972013, 3.5949785159302414, 4.681840969106063, 5.899602197606208, 6.0532636734244445, 5.012750076554784, 7.501198651548965, 7.140406297263483, 8.323027270170392, 6.909175635341744, 6.498099409827462, 4.702086893072054, 2.1052289020436707, 2.1829703685574846, 2.2002964095775823, 2.185409366686251, 2.1924757558522736, 2.1958567211910704, 2.1937609190611447, 2.195835836304709, 2.1833658259668716, 2.185370327884956, 5.870186147815076, 7.139675127763168, 5.677134070990397], [6.788682316915412, 6.073855864276004, 4.785942386824146, 4.307811353808335, 3.03644374556816, 3.162511446619601, 2.483361483956776, 1.5357604826274183, 0.0, 2.485959104651563, 2.5335762510727795, 4.446772414909493, 5.339619696195601, 6.665073203649005, 7.027494613302809, 5.361193920200985, 7.020411152489574, 6.386667379001352, 7.7864678269418155, 6.804839517578647, 6.131030215224844, 4.158826946387647, 3.3725025737573575, 1.096336303330324, 1.0937744694405698, 1.0961038819382039, 2.738897387636127, 2.7362169394987674, 3.459752966614813, 2.793332733492378, 2.8056923334535453, 3.493193045052048, 6.779191920133255, 8.120519890376478, 6.827361562126324], [8.84495264147864, 7.885182314315884, 6.577624955863628, 5.696793039070315, 4.402074943705524, 3.7359058847888553, 2.4109766672450403, 1.5440414664120905, 2.485959104651563, 0.0, 2.494258384770912, 4.601008219944841, 5.837503035545249, 6.918722990552519, 6.79254295312146, 6.3692932370868265, 9.03753440933975, 8.612829092696547, 9.826459143048424, 8.402783917845323, 7.926231039403279, 6.209532199771573, 2.5320464253247805, 2.6716133590023836, 3.4642497369560408, 2.791920262113515, 1.0965058549775282, 1.0958580063128618, 1.096517122529329, 3.47145975491579, 2.7100723901770594, 2.7734612995316876, 6.485087862165015, 7.842674476223019, 6.317906764902438], [7.319237764958862, 6.456260095442252, 5.032715160825218, 4.3289017637271465, 3.237488399979218, 3.018081763305958, 2.4846070876498763, 1.535659473972013, 2.5335762510727795, 2.494258384770912, 0.0, 3.9777801258993692, 4.875124681482515, 6.04849248242899, 6.293669068198613, 5.093458103292889, 7.268012103044408, 7.246616778193808, 8.360211583446917, 6.852631609826987, 6.814606289434482, 4.805669486138222, 2.88559342077154, 2.835235723886111, 2.7682005003250763, 3.4914543875010025, 3.465134101301131, 2.7521003034046556, 2.7439155909028976, 1.0949132111724655, 1.0960160080947723, 1.0962222448025765, 6.371370033987981, 7.335403145703718, 5.751127150394086], [6.301648516856521, 4.8744752384231065, 4.047521807229703, 2.6577335852188044, 2.337176152967508, 1.3229997959183515, 2.279247685092605, 3.5949785159302414, 4.446772414909493, 4.601008219944841, 3.9777801258993692, 0.0, 1.3283211697477384, 2.342747920711915, 2.6064695835555036, 2.363139238386092, 6.645068068876346, 6.574441495670944, 7.026665087365414, 4.935817489535042, 4.825358798058441, 4.40494802466499, 2.2431592854721663, 5.469984601440848, 4.376766971178612, 4.604939151606675, 4.83266611820018, 5.582591202121108, 4.553690551629524, 3.8314896254590067, 5.071016454321559, 3.8527374242219, 2.59261392806565, 3.691561802272854, 2.5886263635372333], [5.545603752523254, 4.053672966582282, 3.5243566377425535, 2.2257815840733337, 2.619732306935195, 2.232073970548467, 3.47848719704414, 4.681840969106063, 5.339619696195601, 5.837503035545249, 4.875124681482515, 1.3283211697477384, 0.0, 1.3801697757884719, 2.340357895707407, 1.3235357607560136, 5.89524513909303, 6.001015623209125, 6.153322918553845, 3.8954480024767366, 4.041870678287469, 4.146643347335288, 3.561642358519451, 6.37213986428421, 5.028217641470981, 5.5181345887899464, 6.094129545718568, 6.770973322942574, 5.831469146793113, 4.463918357228322, 5.953973128088504, 4.784893094939531, 2.6509566065856305, 3.2603984802474684, 2.655817569035946], [6.358547322305623, 4.859438602349041, 4.626472256482255, 3.465027242317151, 3.998888191735298, 3.5133708742459855, 4.621711441663142, 5.899602197606208, 6.665073203649005, 6.918722990552519, 6.04849248242899, 2.342747920711915, 1.3801697757884719, 0.0, 1.4208924554659301, 2.270609129727087, 6.7103895162650575, 6.951584747379551, 6.798559908539454, 4.4424551061321935, 4.7908720573607475, 5.364041824967439, 4.4799979464281, 7.698392812788914, 6.401359866465874, 6.800245669826937, 7.13966383592393, 7.895348916292427, 6.762237923942044, 5.683530072938824, 7.133374566080208, 5.787889990315987, 2.086190154324385, 2.0409002915380263, 2.0859217842479136], [7.71207808959427, 6.2008727321240835, 5.845597067024036, 4.565950685235223, 4.77802917111229, 3.928974839573295, 4.700823159830627, 6.0532636734244445, 7.027494613302809, 6.79254295312146, 6.293669068198613, 2.6064695835555036, 2.340357895707407, 1.4208924554659301, 0.0, 3.533871456349255, 8.07406851903054, 8.238363028539103, 8.177978599874177, 5.849114656082577, 6.064330526941948, 6.481030539196679, 4.265490359853132, 8.040469056591164, 6.977910702352101, 7.104507669078837, 6.9462050819134324, 7.821605307096491, 6.453587889693608, 6.161667055270026, 7.374886863538992, 5.859238084427019, 1.0956724373643796, 1.0943990360010376, 1.0956761747888835], [4.246381604378015, 2.7647563274183855, 2.3561202516000748, 1.321746863056614, 2.339908072980646, 2.6624551188705508, 4.044057053257284, 5.012750076554784, 5.361193920200985, 6.3692932370868265, 5.093458103292889, 2.363139238386092, 1.3235357607560136, 2.270609129727087, 3.533871456349255, 0.0, 4.5865815527471, 4.770868621121315, 4.862659240580199, 2.6045674132185557, 2.9063542402811122, 3.136742332420692, 4.4045029844467125, 6.357474902821088, 4.793326387802107, 5.595576868384528, 6.670996317642515, 7.19625753082809, 6.53677974999923, 4.43559572210994, 6.096275517067777, 5.211895538093603, 3.877117514339745, 4.308988830340594, 3.8910716403068193], [1.0952113357704074, 2.169337191402019, 2.6885564714173293, 4.017761840876087, 4.951133721684358, 6.181294244735482, 7.2982555100517, 7.501198651548965, 7.020411152489574, 9.03753440933975, 7.268012103044408, 6.645068068876346, 5.89524513909303, 6.7103895162650575, 8.07406851903054, 4.5865815527471, 0.0, 1.769846846481356, 1.7744659619164296, 2.495175170203487, 3.0656838339920185, 2.958502820684814, 8.06205334762801, 7.606601802381929, 5.958727840739162, 7.393297177173389, 9.43792326362108, 9.45201294381255, 9.576137338196439, 6.245515020396637, 7.796583410699844, 7.8445916796223365, 8.431472724263537, 8.710860817393423, 8.38007857302066], [1.095283109520091, 2.1698678554234587, 2.695962885501208, 3.9894818573343582, 4.689930510146179, 5.952313531728651, 6.93954195966852, 7.140406297263483, 6.386667379001352, 8.612829092696547, 7.246616778193808, 6.574441495670944, 6.001015623209125, 6.951584747379551, 8.238363028539103, 4.770868621121315, 1.769846846481356, 0.0, 1.77384906065877, 3.060943646982087, 2.4990206101591084, 2.495140424905981, 7.802918501432653, 6.979857489949203, 5.344030278731586, 6.5364231908590495, 8.833308663802029, 9.030079435420266, 9.29238044313727, 6.354992054282994, 7.767807813019063, 7.9719970132959785, 8.367522296355116, 8.959125157067515, 8.638683364379089], [1.094360955078351, 2.161187816919205, 3.3785000295989343, 4.535498265901994, 5.575622338358293, 6.716591523235576, 7.894132267703652, 8.323027270170392, 7.7864678269418155, 9.826459143048424, 8.360211583446917, 7.026665087365414, 6.153322918553845, 6.798559908539454, 8.177978599874177, 4.862659240580199, 1.7744659619164296, 1.77384906065877, 0.0, 2.467384173573301, 2.479635094121714, 3.6759874550928493, 8.63731291259035, 8.485728617508341, 6.775400346105018, 7.930259386678346, 10.05813617227367, 10.353175901142606, 10.384319712431816, 7.4202038476041885, 8.997526058311808, 8.92874655984814, 8.421094624216023, 8.713813187692287, 8.698192972106334], [2.1388494897958577, 1.0964851754583822, 2.107483534929751, 2.7165397070538098, 4.0083628752896105, 4.915262567757698, 6.243852599157029, 6.909175635341744, 6.804839517578647, 8.402783917845323, 6.852631609826987, 4.935817489535042, 3.8954480024767366, 4.4424551061321935, 5.849114656082577, 2.6045674132185557, 2.495175170203487, 3.060943646982087, 2.467384173573301, 0.0, 1.778981770564274, 2.990644296802948, 6.80880709155429, 7.662444577939862, 5.922746434720973, 7.049054420275104, 8.716223222244826, 9.070882791658152, 8.754334721153857, 5.945284782077305, 7.668389135274761, 7.18886294972995, 6.236149450582467, 6.376326639217912, 6.319364210108482], [2.145692209987257, 1.0968604742627934, 2.106119343722003, 2.6598739368624225, 3.663725461876204, 4.606930250177444, 5.80260875641293, 6.498099409827462, 6.131030215224844, 7.926231039403279, 6.814606289434482, 4.825358798058441, 4.041870678287469, 4.7908720573607475, 6.064330526941948, 2.9063542402811122, 3.0656838339920185, 2.4990206101591084, 2.479635094121714, 1.778981770564274, 0.0, 2.5200291446727356, 6.482697533434674, 7.023532149139776, 5.286814338521829, 6.125573747821504, 8.038915365893587, 8.612695935652205, 8.42554568737242, 6.0461902897609825, 7.624179287634834, 7.313013333093274, 6.137934801706516, 6.70418507724839, 6.648210632944777], [2.651940800621311, 2.099606841768239, 1.014855487249293, 1.9339134856554467, 2.27312696741735, 3.587076453046408, 4.518872216604493, 4.702086893072054, 4.158826946387647, 6.209532199771573, 4.805669486138222, 4.40494802466499, 4.146643347335288, 5.364041824967439, 6.481030539196679, 3.136742332420692, 2.958502820684814, 2.495140424905981, 3.6759874550928493, 2.990644296802948, 2.5200291446727356, 0.0, 5.389591203421648, 4.882355980466808, 3.147065601477033, 4.466459950564876, 6.51938890464436, 6.684029306488714, 6.83023747610579, 3.962920479898632, 5.428139333141699, 5.513338139457801, 6.5865987899673994, 7.370283767942724, 6.685858796744065], [7.7745830942887215, 6.51977589875603, 5.401917276301073, 4.1717455279534965, 3.1449456926948676, 1.926011220112697, 1.0148892796753743, 2.1052289020436707, 3.3725025737573575, 2.5320464253247805, 2.88559342077154, 2.2431592854721663, 3.561642358519451, 4.4799979464281, 4.265490359853132, 4.4045029844467125, 8.06205334762801, 7.802918501432653, 8.63731291259035, 6.80880709155429, 6.482697533434674, 5.389591203421648, 0.0, 4.210684835035745, 3.8504333963853994, 3.538216393891137, 2.7717967331678564, 3.58595036636036, 2.370900027415749, 3.3813795542647975, 3.8262857159391532, 2.723193768353622, 3.9789876803026174, 5.31991339027244, 3.865153731742115], [7.461267161146289, 6.900404617846696, 5.586931137932523, 5.254139527077673, 4.022202074734684, 4.194402226777972, 3.4265588963273346, 2.1829703685574846, 1.096336303330324, 2.6716133590023836, 2.835235723886111, 5.469984601440848, 6.37213986428421, 7.698392812788914, 8.040469056591164, 6.357474902821088, 7.606601802381929, 6.979857489949203, 8.485728617508341, 7.662444577939862, 7.023532149139776, 4.882355980466808, 4.210684835035745, 0.0, 1.755845989829404, 1.7714707702923016, 2.996786860956248, 2.4602165290884455, 3.7014397334010445, 3.2026023621423874, 2.666281654289359, 3.8389273814439364, 7.811921813484823, 9.134421738676183, 7.769280211834298], [5.757885947984729, 5.145583835678902, 3.85016208230251, 3.602997825422602, 2.477559648121514, 3.0559073120760716, 2.867489370512121, 2.2002964095775823, 1.0937744694405698, 3.4642497369560408, 2.7682005003250763, 4.376766971178612, 5.028217641470981, 6.401359866465874, 6.977910702352101, 4.793326387802107, 5.958727840739162, 5.344030278731586, 6.775400346105018, 5.922746434720973, 5.286814338521829, 3.147065601477033, 3.8504333963853994, 1.755845989829404, 0.0, 1.7666244054693685, 3.784706198636824, 3.7195860589587113, 4.341069752952605, 2.5803549581404495, 3.11154377761265, 3.7834366784710434, 6.830375821285385, 8.052734326922751, 6.857599863654921], [7.006944860636481, 6.2610552768682695, 5.123505617250752, 4.608274447122263, 3.378004064532783, 3.4039053644306856, 2.682050995040922, 2.185409366686251, 1.0961038819382039, 2.791920262113515, 3.4914543875010025, 4.604939151606675, 5.5181345887899464, 6.800245669826937, 7.104507669078837, 5.595576868384528, 7.393297177173389, 6.5364231908590495, 7.930259386678346, 7.049054420275104, 6.125573747821504, 4.466459950564876, 3.538216393891137, 1.7714707702923016, 1.7666244054693685, 0.0, 2.5948890034065037, 3.168680296274775, 3.794370033352045, 3.782502013218235, 3.8302913870879327, 4.340104598969936, 6.6980430821248085, 8.184169150866813, 7.025859231439241], [9.126104379197074, 8.143940284653368, 6.931487802052312, 6.028727014884651, 4.734722804980245, 4.021329388398817, 2.6616058498583146, 2.1924757558522736, 2.738897387636127, 1.0965058549775282, 3.465134101301131, 4.83266611820018, 6.094129545718568, 7.13966383592393, 6.9462050819134324, 6.670996317642515, 9.43792326362108, 8.833308663802029, 10.05813617227367, 8.716223222244826, 8.038915365893587, 6.51938890464436, 2.7717967331678564, 2.996786860956248, 3.784706198636824, 2.5948890034065037, 0.0, 1.772435493889693, 1.7656664152664852, 4.342243878457311, 3.735188633790802, 3.7772083884795125, 6.47149844858206, 7.982695277285736, 6.591511714318651], [9.333109071472379, 8.503790287865758, 7.143944490965758, 6.410448333775103, 5.108543187641659, 4.629563954628989, 3.3842112434066527, 2.1958567211910704, 2.7362169394987674, 1.0958580063128618, 2.7521003034046556, 5.582591202121108, 6.770973322942574, 7.895348916292427, 7.821605307096491, 7.19625753082809, 9.45201294381255, 9.030079435420266, 10.353175901142606, 9.070882791658152, 8.612695935652205, 6.684029306488714, 3.58595036636036, 2.4602165290884455, 3.7195860589587113, 3.168680296274775, 1.772435493889693, 0.0, 1.7704979214898842, 3.751976878926628, 2.509747160572156, 3.1472107921141856, 7.558363745547048, 8.872677852260837, 7.305917433149652], [9.41694641962032, 8.357444507144514, 7.061941609784096, 6.050668942356704, 4.8367117642050985, 3.955507469339427, 2.672971284918714, 2.1937609190611447, 3.459752966614813, 1.096517122529329, 2.7439155909028976, 4.553690551629524, 5.831469146793113, 6.762237923942044, 6.453587889693608, 6.53677974999923, 9.576137338196439, 9.29238044313727, 10.384319712431816, 8.754334721153857, 8.42554568737242, 6.83023747610579, 2.370900027415749, 3.7014397334010445, 4.341069752952605, 3.794370033352045, 1.7656664152664852, 1.7704979214898842, 0.0, 3.777532330768328, 3.0428947796465122, 2.5700360736767873, 6.19258949551801, 7.450711663995595, 5.847747468042716], [6.37026751714557, 5.571596573694115, 4.134455351071045, 3.588357922504387, 2.6861769599190595, 2.8526280742501293, 2.8304462792994327, 2.195835836304709, 2.793332733492378, 3.47145975491579, 1.0949132111724655, 3.8314896254590067, 4.463918357228322, 5.683530072938824, 6.161667055270026, 4.43559572210994, 6.245515020396637, 6.354992054282994, 7.4202038476041885, 5.945284782077305, 6.0461902897609825, 3.962920479898632, 3.3813795542647975, 3.2026023621423874, 2.5803549581404495, 3.782502013218235, 4.342243878457311, 3.751976878926628, 3.777532330768328, 0.0, 1.7623851877498289, 1.7659276344176733, 6.355795928914017, 7.182416591231672, 5.7058073241216265], [7.925631232274183, 7.216808661035707, 5.768635015322082, 5.240271566436228, 4.156112680137534, 4.069911387241742, 3.431745790410473, 2.1833658259668716, 2.8056923334535453, 2.7100723901770594, 1.0960160080947723, 5.071016454321559, 5.953973128088504, 7.133374566080208, 7.374886863538992, 6.096275517067777, 7.796583410699844, 7.767807813019063, 8.997526058311808, 7.668389135274761, 7.624179287634834, 5.428139333141699, 3.8262857159391532, 2.666281654289359, 3.11154377761265, 3.8302913870879327, 3.735188633790802, 2.509747160572156, 3.0428947796465122, 1.7623851877498289, 0.0, 1.7716740953121146, 7.448843449824946, 8.408741217328549, 6.795421891979923], [7.921415712484732, 6.941995558195064, 5.568221049850662, 4.7000