{"total energy": -28.54480208, "HOMO-LUMO gap/eV": 4.58182464, "electronic energy": -29.02300941, "dipole": [-0.20742422, 0.02233546, 0.02503032], "partial charges": [-0.10368162, -0.0039919, -0.10186456, -0.06579286, 0.01422866, -0.03787317, -0.03183299, -0.03391663, -0.03153592, -0.03786086, 0.03401108, 0.03059734, 0.03341684, 0.03007714, 0.03220509, 0.03398089, 0.03235439, 0.03565088, 0.03662985, 0.02824448, 0.02664408, 0.02587451, 0.02669235, 0.02774292], "atomic dipole moments": [[0.09236552, -0.03087901, -0.02546532], [-0.01975523, -0.038749, 0.08616316], [0.00046855, 0.09909038, 0.00965702], [0.00371044, -0.03972445, -0.09648493], [-0.08152738, 0.0166051, 0.02225259], [-0.00255569, 0.0040599, 0.00020436], [0.00313686, -0.00191661, 0.00115736], [0.00109621, 0.00077536, -0.00013938], [0.00404432, 0.00135449, -0.00187024], [-0.00458526, -0.00251507, 0.00283438], [-0.041725, -0.0490937, 0.10930043], [-0.00471283, 0.12465515, 0.01155657], [-0.08476047, -0.03022971, -0.08852688], [0.02514127, 0.05160698, -0.1116664], [-0.08507048, -0.03590644, -0.08536588], [-0.02655924, -0.06459128, 0.10561754], [0.11069527, -0.04427464, -0.04449022], [-0.02452596, -0.05143591, 0.11251303], [-0.01155902, 0.12043996, 0.03051813], [-0.06012447, -0.09164742, 0.10389122], [0.07837681, -0.11053684, 0.06552005], [0.14369375, -0.02324835, -0.03797475], [0.06562657, 0.08722503, -0.1037086], [-0.07359446, 0.11245504, -0.06916638]], "atomic quadrupole moments": [[0.17157519, -0.09181686, -0.07143435, -0.07288502, 0.04093134, -0.10014084], [0.08450218, -0.03394194, 0.04088616, 0.06095702, 0.11780669, -0.12538834], [-0.09853257, -0.0057262, 0.21254413, 0.0077979, 0.03816126, -0.11401155], [0.16651226, -0.01497478, -0.141065, 0.06807831, 0.05035977, -0.02544726], [-0.04448545, 0.09762009, -0.03346771, 0.09349242, 0.3847817, 0.07795316], [-0.17762491, 0.14457262, 0.04263865, 0.14559134, 0.3545047, 0.13498626], [-0.19821777, 0.14785914, 0.05368947, 0.16485507, 0.35717954, 0.1445283], [-0.19279303, 0.14289876, 0.05280711, 0.16269007, 0.35288279, 0.13998592], [-0.20011967, 0.14365103, 0.05617025, 0.16747689, 0.35738399, 0.14394942], [-0.17955555, 0.13113646, 0.0441358, 0.16125869, 0.35652844, 0.13541975], [-0.02979192, 0.00411251, -0.01910448, -0.02283784, -0.0528683, 0.04889641], [-0.03022085, 0.00824632, 0.08098838, -0.00583958, 0.0118033, -0.05076753], [0.00816249, 0.01677337, -0.03703173, 0.04970964, 0.03518756, 0.02886924], [-0.01113762, 0.00581224, -0.00309072, -0.01693967, -0.01751165, 0.01422834], [0.01769254, 0.01036304, -0.02703006, 0.06663449, 0.01410916, 0.00933752], [-0.04631309, 0.00956791, -0.01586229, -0.02615154, -0.03785793, 0.06217538], [0.06392881, -0.02309705, -0.02438275, -0.03849554, 0.00627575, -0.03954606], [-0.01367577, 0.0113313, -0.0032088, -0.00966275, -0.05177978, 0.01688457], [-0.016162, -0.00799269, 0.06207486, -0.00088088, 0.00120787, -0.04591286], [0.03122448, -0.01998466, -0.01090584, -0.02204769, -0.04272295, -0.02031863], [0.02776067, -0.01576229, -0.00986974, -0.02571311, -0.04660949, -0.01789094], [0.02123488, -0.01853804, -0.00420764, -0.02027082, -0.05011918, -0.01702724], [0.02880564, -0.02337622, -0.00700883, -0.01927647, -0.04559118, -0.02179681], [0.03106274, -0.01909628, -0.01021747, -0.02347922, -0.04288555, -0.02084528]], "number of molecular orbitals": 54, "number of electrons": 54, "number of unpaired electrons": 0, "orbital energies/eV": [-17.30548956, -17.01934701, -16.62107358, -16.46173935, -15.98917727, -15.92008377, -15.39104379, -15.21686789, -14.88950536, -14.22770336, -13.85461217, -13.57099987, -13.48733658, -13.30501264, -13.07192098, -12.82921452, -12.68215954, -12.57408577, -12.46529907, -12.21634449, -11.96409748, -11.82464563, -11.57862628, -11.30540379, -11.24055459, -10.77318846, -10.54843432, -5.96660968, -5.92836359, -2.56005993, 1.9525949, 2.37464216, 2.76429961, 3.18353635, 3.49819158, 3.63559767, 4.36426714, 4.46804265, 4.56624197, 4.98741841, 5.14272982, 5.26562487, 5.75447937, 5.92041229, 6.22755123, 6.82735206, 6.93071651, 7.86368778, 10.5850418, 10.84640933, 11.66047089, 12.00899718, 16.50836392, 17.35324779], "fractional occupation": [2.0, 2.0, 2.0, 2.0, 2.0, 2.0, 2.0, 2.0, 2.0, 2.0, 2.0, 2.0, 2.0, 2.0, 2.0, 2.0, 2.0, 2.0, 2.0, 2.0, 2.0, 2.0, 2.0, 2.0, 2.0, 2.0, 2.0, 0.0, 0.0, 0.0, 0.0, 0.0, 0.0, 0.0, 0.0, 0.0, 0.0, 0.0, 0.0, 0.0, 0.0, 0.0, 0.0, 0.0, 0.0, 0.0, 0.0, 0.0, 0.0, 0.0, 0.0, 0.0, 0.0, 0.0], "program call": "xtb /home/svss/Project-DBcg-Debug/aqme2_20220329/End-to-End-workflows-final/example-3/QDESCP/mol_1075_rdkit_conf_1/mol_1075_rdkit_conf_1.xyz --pop --wbo --acc 0.2 --gfn 2 --chrg 0 --uhf 0 --etemp 300 --input /home/svss/Project-DBcg-Debug/aqme2_20220329/End-to-End-workflows-final/example-3/QDESCP/mol_1075_rdkit_conf_1/mol_1075_rdkit_conf_1_xtb.inp", "method": "GFN2-xTB", "xtb version": "6.3.3 (7355c4f)", "Dipole module/D": 0.534, "Total charge": 0, "Transition dipole module/D": NaN, "HOMO": -10.5484, "LUMO": -5.9666, "HOMO occupancy": 2.0, "LUMO occupancy": 0, "mulliken charges": [-0.09114, 0.00575, -0.09139, -0.05637, 0.00957, -0.04178, -0.02706, -0.03386, -0.02689, -0.04224, 0.02813, 0.02846, 0.0302, 0.02101, 0.02941, 0.02755, 0.03005, 0.02846, 0.03242, 0.02802, 0.02796, 0.02778, 0.02798, 0.02798], "cm5 charges": [-0.23957, -0.06742, -0.23915, -0.15803, -0.00629, -0.0954, -0.08246, -0.08926, -0.08227, -0.0957, 0.07997, 0.07984, 0.08157, 0.07967, 0.08083, 0.07953, 0.08239, 0.08478, 0.0884, 0.08427, 0.08336, 0.0832, 0.08338, 0.08435], "FUKUI+": [0.014, -0.002, 0.013, 0.018, -0.083, -0.052, -0.057, -0.061, -0.054, -0.055, -0.019, -0.016, -0.028, -0.009, -0.031, -0.016, 0.01, -0.043, -0.047, -0.095, -0.097, -0.098, -0.096, -0.096], "FUKUI-": [0.02, -0.015, 0.016, -0.001, -0.053, -0.029, -0.029, -0.06, -0.029, -0.028, -0.048, -0.041, -0.069, -0.051, -0.063, -0.047, -0.023, -0.053, -0.072, -0.059, -0.067, -0.075, -0.067, -0.058], "FUKUIrad": [0.017, -0.009, 0.015, 0.008, -0.068, -0.04, -0.043, -0.061, -0.041, -0.042, -0.033, -0.029, -0.048, -0.03, -0.047, -0.031, -0.007, -0.048, -0.06, -0.077, -0.082, -0.087, -0.081, -0.077], "s proportion": [1.013, 1.053, 1.012, 1.036, 1.09, 1.063, 1.06, 1.058, 1.06, 1.062, 0.972, 0.972, 0.97, 0.979, 0.971, 0.972, 0.97, 0.972, 0.968, 0.972, 0.972, 0.972, 0.972, 0.972], "p proportion": [3.078, 2.941, 3.079, 3.021, 2.901, 2.979, 2.967, 2.975, 2.967, 2.98, 0.0, 0.0, 0.0, 0.0, 0.0, 0.0, 0.0, 0.0, 0.0, 0.0, 0.0, 0.0, 0.0, 0.0], "d proportion": [0.0, 0.0, 0.0, 0.0, 0.0, 0.0, 0.0, 0.0, 0.0, 0.0, 0.0, 0.0, 0.0, 0.0, 0.0, 0.0, 0.0, 0.0, 0.0, 0.0, 0.0, 0.0, 0.0, 0.0], "Fermi-level/eV": -8.2575, "Coordination numbers": [3.753, 3.848, 3.752, 3.807, 2.961, 2.915, 2.911, 2.912, 2.911, 2.915, 0.924, 0.924, 0.924, 0.924, 0.924, 0.924, 0.924, 0.923, 0.923, 0.925, 0.925, 0.925, 0.925, 0.925], "Dispersion coefficient C6": [22.539, 20.617, 22.506, 21.756, 27.693, 28.942, 28.794, 28.845, 28.786, 28.941, 2.53, 2.578, 2.539, 2.586, 2.555, 2.531, 2.553, 2.508, 2.494, 2.611, 2.635, 2.646, 2.634, 2.619], "Total dispersion C6": 5355.625833, "Total dispersion C8": 123146.441025, "Polarizability alpha": [6.77, 6.459, 6.765, 6.64, 8.632, 8.822, 8.799, 8.807, 8.798, 8.822, 2.488, 2.511, 2.492, 2.515, 2.5, 2.488, 2.499, 2.477, 2.47, 2.527, 2.538, 2.544, 2.538, 2.531], "Total polarizability alpha": 114.427856, "Wiberg matrix": [[0.0, 1.0077747370187544, 0.0, 0.0, 0.0, 0.0, 0.0, 0.0, 0.0, 0.0, 0.9870319016712658, 0.9867910582513253, 0.9860275134418689, 0.0, 0.0, 0.0, 0.0, 0.0, 0.0, 0.0, 0.0, 0.0, 0.0, 0.0], [1.0077747370187544, 0.0, 1.0097462832630233, 0.980552481401104, 0.0, 0.0, 0.0, 0.0, 0.0, 0.0, 0.0, 0.0, 0.0, 0.968581062887693, 0.0, 0.0, 0.0, 0.0, 0.0, 0.0, 0.0, 0.0, 0.0, 0.0], [0.0, 1.0097462832630233, 0.0, 0.0, 0.0, 0.0, 0.0, 0.0, 0.0, 0.0, 0.0, 0.0, 0.0, 0.0, 0.9861216481868069, 0.9867343063289122, 0.9864336599456487, 0.0, 0.0, 0.0, 0.0, 0.0, 0.0, 0.0], [0.0, 0.980552481401104, 0.0, 0.0, 1.0119081440059772, 0.0, 0.0, 0.0, 0.0, 0.0, 0.0, 0.0, 0.0, 0.0, 0.0, 0.0, 0.0, 0.9743384513104014, 0.9661812409562348, 0.0, 0.0, 0.0, 0.0, 0.0], [0.0, 0.0, 0.0, 1.0119081440059772, 0.0, 1.4131820341558972, 0.0, 0.10913873632385523, 0.0, 1.4096252119479977, 0.0, 0.0, 0.0, 0.0, 0.0, 0.0, 0.0, 0.0, 0.0, 0.0, 0.0, 0.0, 0.0, 0.0], [0.0, 0.0, 0.0, 0.0, 1.4131820341558972, 0.0, 1.4420348730468595, 0.0, 0.11043871763104553, 0.0, 0.0, 0.0, 0.0, 0.0, 0.0, 0.0, 0.0, 0.0, 0.0, 0.9695805138859558, 0.0, 0.0, 0.0, 0.0], [0.0, 0.0, 0.0, 0.0, 0.0, 1.4420348730468595, 0.0, 1.4396826726340861, 0.0, 0.11192434546824676, 0.0, 0.0, 0.0, 0.0, 0.0, 0.0, 0.0, 0.0, 0.0, 0.0, 0.9715778968787688, 0.0, 0.0, 0.0], [0.0, 0.0, 0.0, 0.0, 0.10913873632385523, 0.0, 1.4396826726340861, 0.0, 1.4366375729860497, 0.0, 0.0, 0.0, 0.0, 0.0, 0.0, 0.0, 0.0, 0.0, 0.0, 0.0, 0.0, 0.9717034556922173, 0.0, 0.0], [0.0, 0.0, 0.0, 0.0, 0.0, 0.11043871763104553, 0.0, 1.4366375729860497, 0.0, 1.446422631377054, 0.0, 0.0, 0.0, 0.0, 0.0, 0.0, 0.0, 0.0, 0.0, 0.0, 0.0, 0.0, 0.9715780763779679, 0.0], [0.0, 0.0, 0.0, 0.0, 1.4096252119479977, 0.0, 0.11192434546824676, 0.0, 1.446422631377054, 0.0, 0.0, 0.0, 0.0, 0.0, 0.0, 0.0, 0.0, 0.0, 0.0, 0.0, 0.0, 0.0, 0.0, 0.9698983935787953], [0.9870319016712658, 0.0, 0.0, 0.0, 0.0, 0.0, 0.0, 0.0, 0.0, 0.0, 0.0, 0.0, 0.0, 0.0, 0.0, 0.0, 0.0, 0.0, 0.0, 0.0, 0.0, 0.0, 0.0, 0.0], [0.9867910582513253, 0.0, 0.0, 0.0, 0.0, 0.0, 0.0, 0.0, 0.0, 0.0, 0.0, 0.0, 0.0, 0.0, 0.0, 0.0, 0.0, 0.0, 0.0, 0.0, 0.0, 0.0, 0.0, 0.0], [0.9860275134418689, 0.0, 0.0, 0.0, 0.0, 0.0, 0.0, 0.0, 0.0, 0.0, 0.0, 0.0, 0.0, 0.0, 0.0, 0.0, 0.0, 0.0, 0.0, 0.0, 0.0, 0.0, 0.0, 0.0], [0.0, 0.968581062887693, 0.0, 0.0, 0.0, 0.0, 0.0, 0.0, 0.0, 0.0, 0.0, 0.0, 0.0, 0.0, 0.0, 0.0, 0.0, 0.0, 0.0, 0.0, 0.0, 0.0, 0.0, 0.0], [0.0, 0.0, 0.9861216481868069, 0.0, 0.0, 0.0, 0.0, 0.0, 0.0, 0.0, 0.0, 0.0, 0.0, 0.0, 0.0, 0.0, 0.0, 0.0, 0.0, 0.0, 0.0, 0.0, 0.0, 0.0], [0.0, 0.0, 0.9867343063289122, 0.0, 0.0, 0.0, 0.0, 0.0, 0.0, 0.0, 0.0, 0.0, 0.0, 0.0, 0.0, 0.0, 0.0, 0.0, 0.0, 0.0, 0.0, 0.0, 0.0, 0.0], [0.0, 0.0, 0.9864336599456487, 0.0, 0.0, 0.0, 0.0, 0.0, 0.0, 0.0, 0.0, 0.0, 0.0, 0.0, 0.0, 0.0, 0.0, 0.0, 0.0, 0.0, 0.0, 0.0, 0.0, 0.0], [0.0, 0.0, 0.0, 0.9743384513104014, 0.0, 0.0, 0.0, 0.0, 0.0, 0.0, 0.0, 0.0, 0.0, 0.0, 0.0, 0.0, 0.0, 0.0, 0.0, 0.0, 0.0, 0.0, 0.0, 0.0], [0.0, 0.0, 0.0, 0.9661812409562348, 0.0, 0.0, 0.0, 0.0, 0.0, 0.0, 0.0, 0.0, 0.0, 0.0, 0.0, 0.0, 0.0, 0.0, 0.0, 0.0, 0.0, 0.0, 0.0, 0.0], [0.0, 0.0, 0.0, 0.0, 0.0, 0.9695805138859558, 0.0, 0.0, 0.0, 0.0, 0.0, 0.0, 0.0, 0.0, 0.0, 0.0, 0.0, 0.0, 0.0, 0.0, 0.0, 0.0, 0.0, 0.0], [0.0, 0.0, 0.0, 0.0, 0.0, 0.0, 0.9715778968787688, 0.0, 0.0, 0.0, 0.0, 0.0, 0.0, 0.0, 0.0, 0.0, 0.0, 0.0, 0.0, 0.0, 0.0, 0.0, 0.0, 0.0], [0.0, 0.0, 0.0, 0.0, 0.0, 0.0, 0.0, 0.9717034556922173, 0.0, 0.0, 0.0, 0.0, 0.0, 0.0, 0.0, 0.0, 0.0, 0.0, 0.0, 0.0, 0.0, 0.0, 0.0, 0.0], [0.0, 0.0, 0.0, 0.0, 0.0, 0.0, 0.0, 0.0, 0.9715780763779679, 0.0, 0.0, 0.0, 0.0, 0.0, 0.0, 0.0, 0.0, 0.0, 0.0, 0.0, 0.0, 0.0, 0.0, 0.0], [0.0, 0.0, 0.0, 0.0, 0.0, 0.0, 0.0, 0.0, 0.0, 0.9698983935787953, 0.0, 0.0, 0.0, 0.0, 0.0, 0.0, 0.0, 0.0, 0.0, 0.0, 0.0, 0.0, 0.0, 0.0]], "Born radii": [], "Atomic SASAs": [], "Solvent H bonds": [], "Total SASA": NaN, "Total FOD": 0.0, "FOD": [0.0, 0.0, 0.0, 0.0, 0.0, 0.0, 0.0, 0.0, 0.0, 0.0, 0.0, 0.0, 0.0, 0.0, 0.0, 0.0, 0.0, 0.0, 0.0, 0.0, 0.0, 0.0, 0.0, 0.0], "FOD s proportion": [0.0, 0.0, 0.0, 0.0, 0.0, 0.0, 0.0, 0.0, 0.0, 0.0, 0.0, 0.0, 0.0, 0.0, 0.0, 0.0, 0.0, 0.0, 0.0, 0.0, 0.0, 0.0, 0.0, 0.0], "FOD p proportion": [0.0, 0.0, 0.0, 0.0, 0.0, 0.0, 0.0, 0.0, 0.0, 0.0, 0.0, 0.0, 0.0, 0.0, 0.0, 0.0, 0.0, 0.0, 0.0, 0.0, 0.0, 0.0, 0.0, 0.0], "FOD d proportion": [0.0, 0.0, 0.0, 0.0, 0.0, 0.0, 0.0, 0.0, 0.0, 0.0, 0.0, 0.0, 0.0, 0.0, 0.0, 0.0, 0.0, 0.0, 0.0, 0.0, 0.0, 0.0, 0.0, 0.0], "coordinates": [["-3.08630", "0.60620", "0.12050"], ["-1.68000", "0.13160", "-0.25400"], ["-1.68510", "-1.38570", "-0.45650"], ["-0.67630", "0.56630", "0.83180"], ["0.76800", "0.33560", "0.45540"], ["1.50770", "-0.68900", "1.06090"], ["2.84120", "-0.90300", "0.70820"], ["3.44820", "-0.09530", "-0.25150"], ["2.72260", "0.92720", "-0.85930"], ["1.38900", "1.14250", "-0.50800"], ["-3.41650", "0.16430", "1.06680"], ["-3.11370", "1.69580", "0.22670"], ["-3.80980", "0.32930", "-0.65370"], ["-1.41300", "0.60130", "-1.20920"], ["-2.43660", "-1.67480", "-1.19930"], ["-1.91480", "-1.91050", "0.47710"], ["-0.71580", "-1.74240", "-0.81850"], ["-0.90220", "0.05360", "1.77610"], ["-0.79780", "1.63740", "1.04260"], ["1.04830", "-1.33010", "1.80970"], ["3.40620", "-1.70100", "1.18260"], ["4.48630", "-0.26270", "-0.52550"], ["3.19500", "1.55810", "-1.60750"], ["0.83560", "1.94520", "-0.98990"]], "bond_dist": [[0.0, 1.5307433161702846, 2.5027896535665954, 2.51309365125934, 3.8782742115533813, 4.864846472397665, 6.144780889502896, 6.582566102972305, 5.899692216548249, 4.550927381314714, 1.0953498710457767, 1.0951060953167961, 1.0952221235895485, 2.137301801337378, 2.714211327439336, 2.7988130877212933, 3.4665419671482414, 2.795830990957787, 2.6741118338618524, 4.868015148908228, 6.971641449472283, 7.64961266797215, 6.583830746609454, 4.290362312206278], [1.5307433161702846, 0.0, 1.5307617548135959, 1.5412136191975463, 2.556866903067111, 3.5445419534828475, 4.7368212379189485, 5.133217811470695, 4.514670996872308, 3.2411719809352912, 2.1819748348686336, 2.175612516051514, 2.175981024733442, 1.097412470313692, 2.1746532160323864, 2.181699030572274, 2.1817923572145905, 2.175399469063096, 2.1741393791567276, 3.7200867557087967, 5.593896026920772, 6.184855732351402, 5.25666144049624, 3.1873087597532814], [2.5027896535665954, 1.5307617548135959, 0.0, 2.547096058259288, 3.1324327462852253, 3.603035593773672, 4.69860799279957, 5.2969732914184116, 4.993953698223483, 3.9805198529840298, 2.7786127563948164, 3.4645782499461606, 2.7376016748241514, 2.1421402148318864, 1.0954829528568666, 1.0953474745486018, 1.0944502638311164, 2.7692994890405047, 3.4890880914645876, 3.5510884753832874, 5.35792857268553, 6.273122664192053, 5.814304382297164, 4.21109710883043], [2.51309365125934, 1.5412136191975463, 2.547096058259288, 0.0, 1.510265519701751, 2.5294507111228715, 3.814043222093845, 4.315408868230217, 3.8134746924556873, 2.528346212447971, 2.7794828727660836, 2.753694794271871, 3.475874206584583, 2.1701688620934543, 3.499507466773003, 2.791815284004298, 2.8381589155648066, 1.0979957149278863, 1.0983870447160236, 2.7435135374187603, 4.683002901985008, 5.402031381804441, 4.681967046018158, 2.739671095222928], [3.8782742115533813, 2.556866903067111, 3.1324327462852253, 1.510265519701751, 0.0, 1.401282091514767, 2.4282084012703686, 2.8051478499358997, 2.428762608819561, 1.4017375538951649, 4.232398126358152, 4.1194711578065455, 4.710243660364079, 2.7564924541888374, 4.129067862120942, 3.4989786995636316, 2.8535184684876316, 2.147868834449627, 2.1192490934290853, 2.1650064826692783, 3.411254701719003, 3.891771137926792, 3.411801820153099, 2.1643183707578695], [4.864846472397665, 3.5445419534828475, 3.603035593773672, 2.5294507111228715, 1.401282091514767, 0.0, 1.3958565613987708, 2.4166947883421273, 2.7884139739285483, 2.4145246219494223, 4.997589552974514, 5.2669249700370715, 5.679136756585458, 3.917743813727488, 4.6516457485496465, 3.680542207338479, 3.0960859435745642, 2.621179850754236, 3.2753323648142945, 1.0875472449507655, 2.1548218348624557, 3.401537095196817, 3.875151385429994, 3.4053646926577477], [6.144780889502896, 4.7368212379189485, 4.69860799279957, 3.814043222093845, 2.4282084012703686, 1.3958565613987708, 0.0, 1.393503634727947, 2.412623934640457, 2.7878481899127867, 6.3581862618202685, 6.51509306917407, 6.899937383773856, 4.902811325148052, 5.6647510386600395, 4.867031894286291, 3.9607643517381845, 4.008558036251939, 4.450592827927534, 2.1471392758738315, 1.0867770516531898, 2.1536837720519695, 3.3977425064298203, 3.87533459329643], [6.582566102972305, 5.133217811470695, 5.2969732914184116, 4.315408868230217, 2.8051478499358997, 2.4166947883421273, 1.393503634727947, 0.0, 1.3933493639428698, 2.416246206411921, 6.9949562643378975, 6.818742263790295, 7.281525526975786, 5.003369493651253, 6.166361660655334, 5.708553056598492, 4.513681802032571, 4.802011362960317, 4.765024669400988, 3.3959971275017296, 2.1532949867586653, 1.086623380017198, 2.1532714180985173, 3.3962558163365726], [5.899692216548249, 4.514670996872308, 4.993953698223483, 3.8134746924556873, 2.428762608819561, 2.7884139739285483, 2.412623934640457, 1.3933493639428698, 0.0, 1.3957989611688353, 6.479230388711302, 5.98602870440829, 6.562926597943939, 4.163151231939575, 5.788207722602913, 5.598569907574611, 4.353277312554301, 4.565926539049878, 4.063843477546841, 3.875854071040343, 3.397660932170837, 2.1535835577009776, 1.0867381515342138, 2.148057112834759], [4.550927381314714, 3.2411719809352912, 3.9805198529840298, 2.528346212447971, 1.4017375538951649, 2.4145246219494223, 2.7878481899127867, 2.416246206411921, 1.3957989611688353, 0.0, 5.150699033141036, 4.595675387796662, 5.26403307075478, 2.9386702571060948, 4.801071790756726, 4.6050326220342885, 3.5845838391645968, 3.4135631618588804, 2.7260558706673637, 3.4061063606411355, 3.8746246850501533, 3.40119987357403, 2.15482240799561, 1.0875690598761993], [1.0953498710457767, 2.1819748348686336, 2.7786127563948164, 2.7794828727660836, 4.232398126358152, 4.997589552974514, 6.3581862618202685, 6.9949562643378975, 6.479230388711302, 5.150699033141036, 0.0, 1.772836174044291, 1.772577259247111, 3.0635204014336184, 3.0785876680711888, 2.6282397188993247, 3.805737966544728, 2.6147782831437163, 3.0046961476994642, 4.766505093881681, 7.074036260862677, 8.072917448481682, 7.2668074957301565, 5.04796732457729], [1.0951060953167961, 2.175612516051514, 3.4645782499461606, 2.753694794271871, 4.1194711578065455, 5.2669249700370715, 6.51509306917407, 6.818742263790295, 5.98602870440829, 4.595675387796662, 1.772836174044291, 0.0, 1.768327350916679, 2.4803466592393897, 3.721946368501298, 3.80860355773609, 4.320137346196299, 3.160410329371805, 2.456114040511963, 5.383697967939881, 7.413574782788665, 7.884258182606655, 6.571373267438093, 4.139962126638358], [1.0952221235895485, 2.175981024733442, 2.7376016748241514, 3.475874206584583, 4.710243660364079, 5.679136756585458, 6.899937383773856, 7.281525526975786, 6.562926597943939, 5.26403307075478, 1.772577259247111, 1.768327350916679, 0.0, 2.4753210882630965, 2.489934619623576, 3.1442706117635617, 3.7271887435438527, 3.799220484520476, 3.696038866137638, 5.694127108697171, 7.7178216991583835, 8.318183362369455, 7.1754377511062, 4.929899026349323], [2.137301801337378, 1.097412470313692, 2.1421402148318864, 2.1701688620934543, 2.7564924541888374, 3.917743813727488, 4.902811325148052, 5.003369493651253, 4.163151231939575, 2.9386702571060948, 3.0635204014336184, 2.4803466592393897, 2.4753210882630965, 0.0, 2.4956935268578153, 3.0666839044805383, 2.4762197034996714, 3.07780896418215, 2.5539337285842016, 4.347650038814072, 5.852006593468603, 6.001306706043276, 4.723110535441659, 2.6287566756929026], [2.714211327439336, 2.1746532160323864, 1.0954829528568666, 3.499507466773003, 4.129067862120942, 4.6516457485496465, 5.6647510386600395, 6.166361660655334, 5.788207722602913, 4.801071790756726, 3.0785876680711888, 3.721946368501298, 2.489934619623576, 2.4956935268578153, 0.0, 1.7714814958107805, 1.763726464052745, 3.76759274338403, 4.322319966175572, 4.617079932164917, 6.309710444228008, 7.097505002463895, 6.506395946297766, 4.884213467898388], [2.7988130877212933, 2.181699030572274, 1.0953474745486018, 2.791815284004298, 3.4989786995636316, 3.680542207338479, 4.867031894286291, 5.708553056598492, 5.598569907574611, 4.6050326220342885, 2.6282397188993247, 3.80860355773609, 3.1442706117635617, 3.0666839044805383, 1.7714814958107805, 0.0, 1.7732563181897874, 2.563288624014081, 3.7623229074602302, 3.300401268027874, 5.371653516376498, 6.6853969822292525, 6.518189868360694, 4.95814598917781], [3.4665419671482414, 2.1817923572145905, 1.0944502638311164, 2.8381589155648066, 2.8535184684876316, 3.0960859435745642, 3.9607643517381845, 4.513681802032571, 4.353277312554301, 3.5845838391645968, 3.805737966544728, 4.320137346196299, 3.7271887435438527, 2.4762197034996714, 1.763726464052745, 1.7732563181897874, 0.0, 3.1610615495431276, 3.859205261449564, 3.1920957598418003, 4.582248265862512, 5.41638306437054, 5.177854564392476, 4.004324372475336], [2.795830990957787, 2.175399469063096, 2.7692994890405047, 1.0979957149278863, 2.147868834449627, 2.621179850754236, 4.008558036251939, 4.802011362960317, 4.565926539049878, 3.4135631618588804, 2.6147782831437163, 3.160410329371805, 3.799220484520476, 3.07780896418215, 3.76759274338403, 2.563288624014081, 3.1610615495431276, 0.0, 1.7485262508752906, 2.3916949847336304, 4.689688046128441, 5.867992885135427, 5.522618676859738, 3.7747656086173085], [2.6741118338618524, 2.1741393791567276, 3.4890880914645876, 1.0983870447160236, 2.1192490934290853, 3.2753323648142945, 4.450592827927534, 4.765024669400988, 4.063843477546841, 2.7260558706673637, 3.0046961476994642, 2.456114040511963, 3.696038866137638, 2.5539337285842016, 4.322319966175572, 3.7623229074602302, 3.859205261449564, 1.7485262508752906, 0.0, 3.5780698525881243, 5.370114576058876, 5.830182709829941, 4.792887474164191, 2.625603292578679], [4.868015148908228, 3.7200867557087967, 3.5510884753832874, 2.7435135374187603, 2.1650064826692783, 1.0875472449507655, 2.1471392758738315, 3.3959971275017296, 3.875854071040343, 3.4061063606411355, 4.766505093881681, 5.383697967939881, 5.694127108697171, 4.347650038814072, 4.617079932164917, 3.300401268027874, 3.1920957598418003, 2.3916949847336304, 3.5780698525881243, 0.0, 2.467896600346133, 4.290960941327711, 4.962587628445466, 4.313999483078319], [6.971641449472283, 5.593896026920772, 5.35792857268553, 4.683002901985008, 3.411254701719003, 2.1548218348624557, 1.0867770516531898, 2.1532949867586653, 3.397660932170837, 3.8746246850501533, 7.074036260862677, 7.413574782788665, 7.7178216991583835, 5.852006593468603, 6.309710444228008, 5.371653516376498, 4.582248265862512, 4.689688046128441, 5.370114576058876, 2.467896600346133, 0.0, 2.4805097278583688, 4.295462287111831, 4.962107924058081], [7.64961266797215, 6.184855732351402, 6.273122664192053, 5.402031381804441, 3.891771137926792, 3.401537095196817, 2.1536837720519695, 1.086623380017198, 2.1535835577009776, 3.40119987357403, 8.072917448481682, 7.884258182606655, 8.318183362369455, 6.001306706043276, 7.097505002463895, 6.6853969822292525, 5.41638306437054, 5.867992885135427, 5.830182709829941, 4.290960941327711, 2.4805097278583688, 0.0, 2.4806233752829145, 4.2916314217322995], [6.583830746609454, 5.25666144049624, 5.814304382297164, 4.681967046018158, 3.411801820153099, 3.875151385429994, 3.3977425064298203, 2.1532714180985173, 1.0867381515342138, 2.15482240799561, 7.2668074957301565, 6.571373267438093, 7.1754377511062, 4.723110535441659, 6.506395946297766, 6.518189868360694, 5.177854564392476, 5.522618676859738, 4.792887474164191, 4.962587628445466, 4.295462287111831, 2.4806233752829145, 0.0, 2.469421901984349], [4.290362312206278, 3.1873087597532814, 4.21109710883043, 2.739671095222928, 2.1643183707578695, 3.4053646926577477, 3.87533459329643, 3.3962558163365726, 2.148057112834759, 1.0875690598761993, 5.04796732457729, 4.139962126638358, 4.929899026349323, 2.6287566756929026, 4.884213467898388, 4.95814598917781, 4.004324372475336, 3.7747656086173085, 2.625603292578679, 4.313999483078319, 4.962107924058081, 4.2916314217322995, 2.469421901984349, 0.0]]}