{"total energy": -19.8608348, "HOMO-LUMO gap/eV": 3.86871097, "electronic energy": -20.11301981, "dipole": [-0.11992143, -1.16666729, -0.64357367], "partial charges": [-0.10286204, -0.04884279, -0.0839153, 0.23358062, -0.36609998, -0.1363657, 0.03267109, 0.03699189, 0.03267936, 0.04478993, 0.04480068, 0.05822993, 0.05822621, 0.06372657, 0.06371776, 0.06867176], "atomic dipole moments": [[0.09026253, 0.04604073, 0.02542407], [0.01099311, -0.11498303, -0.06340439], [0.00239451, 0.07505928, 0.04141767], [0.00250152, 0.01664671, 0.00918008], [-0.00778525, -0.14151313, -0.07806057], [-0.07477577, 0.02656245, 0.01459618], [-0.0110684, -0.1127825, 0.05396326], [-0.09754971, 0.07042145, 0.03878586], [-0.0110002, -0.0145107, -0.12417948], [0.00117194, 0.11680237, -0.0502659], [0.00112821, 0.0198034, 0.12560319], [-0.00534262, -0.1172941, 0.05908152], [-0.00525427, -0.01258231, -0.13072909], [0.00415156, -0.00901993, -0.13454151], [0.00406059, -0.11860464, 0.06416751], [0.10676226, 0.0699245, 0.03862964]], "atomic quadrupole moments": [[0.15025987, 0.13445171, -0.04724272, 0.07425171, 0.04433145, -0.10301716], [0.24600536, -0.01335219, -0.05422963, -0.00719682, 0.10903018, -0.19177573], [0.19448484, -0.01368298, -0.01758822, -0.00735261, 0.12632164, -0.17689663], [-0.29277321, -0.01350623, -0.11021196, -0.00778052, -0.40687369, 0.40298517], [-0.13520439, -0.00416945, -0.04151144, -0.00245426, -0.1730167, 0.17671583], [0.09750203, -0.1372334, -0.00062154, -0.07559614, 0.07616224, -0.09688048], [-0.03591253, 0.00380622, 0.05381571, 0.01147439, -0.05191861, -0.01790319], [0.03081923, -0.04691929, 0.00500835, -0.02585111, 0.03234633, -0.03582758], [-0.03591084, 0.01172166, -0.04435948, -0.00299591, 0.01000709, 0.08027031], [-0.01356283, 0.00415145, 0.02592429, -0.00351038, -0.04209713, -0.01236146], [-0.01357878, -0.00077838, -0.03946242, 0.00531, -0.00086537, 0.0530412], [-0.01573174, -0.00995829, 0.0440148, -0.01801734, -0.04264526, -0.02828306], [-0.01574667, -0.02057353, -0.04617917, 0.00114703, 0.01424226, 0.06192584], [-0.03014473, 0.00556339, -0.05209584, 0.00615088, 0.0228712, 0.08224057], [-0.03013483, 0.00823682, 0.06464195, 0.00140863, -0.05075029, -0.03450712], [0.03673823, 0.04572462, -0.00201253, 0.02524684, 0.02596113, -0.0347257]], "number of molecular orbitals": 34, "number of electrons": 36, "number of unpaired electrons": 0, "orbital energies/eV": [-19.10050398, -17.43909399, -17.10243203, -16.49338722, -15.52265944, -15.2938207, -14.819323, -14.60512221, -14.04204443, -13.87222736, -13.17370694, -13.05336203, -12.97596341, -12.77203118, -12.40538911, -12.0587177, -11.72356183, -10.75638417, -6.88767319, 1.36043861, 3.08347792, 3.45310456, 3.47914367, 4.04102751, 4.2561833, 4.50637916, 4.68226414, 5.33095711, 5.65631442, 5.80124325, 6.80541452, 7.21896864, 7.8748006, 15.13492965], "fractional occupation": [2.0, 2.0, 2.0, 2.0, 2.0, 2.0, 2.0, 2.0, 2.0, 2.0, 2.0, 2.0, 2.0, 2.0, 2.0, 2.0, 2.0, 2.0, 0.0, 0.0, 0.0, 0.0, 0.0, 0.0, 0.0, 0.0, 0.0, 0.0, 0.0, 0.0, 0.0, 0.0, 0.0, 0.0], "program call": "xtb /home/svss/Project-DBcg-Debug/aqme2_20220329/End-to-End-workflows-final/example-3/QDESCP/mol_60_rdkit_conf_1/mol_60_rdkit_conf_1.xyz --pop --wbo --acc 0.2 --gfn 2 --chrg 0 --uhf 0 --etemp 300 --input /home/svss/Project-DBcg-Debug/aqme2_20220329/End-to-End-workflows-final/example-3/QDESCP/mol_60_rdkit_conf_1/mol_60_rdkit_conf_1_xtb.inp", "method": "GFN2-xTB", "xtb version": "6.3.3 (7355c4f)", "Dipole module/D": 3.4, "Total charge": 0, "Transition dipole module/D": NaN, "HOMO": -10.7564, "LUMO": -6.8877, "HOMO occupancy": 2.0, "LUMO occupancy": 0, "mulliken charges": [-0.08744, -0.02716, -0.08581, 0.39806, -0.49373, -0.12687, 0.02644, 0.03404, 0.02644, 0.03793, 0.03794, 0.04535, 0.04535, 0.05259, 0.05259, 0.06428], "cm5 charges": [-0.23764, -0.13728, -0.18795, 0.41324, -0.54423, -0.26862, 0.07775, 0.08483, 0.07776, 0.09462, 0.09463, 0.10181, 0.10181, 0.10517, 0.10516, 0.11895], "FUKUI+": [0.018, 0.015, 0.03, -0.194, -0.297, 0.051, -0.024, -0.04, -0.024, -0.024, -0.024, -0.097, -0.097, -0.108, -0.108, -0.078], "FUKUI-": [0.016, 0.006, -0.01, -0.036, -0.196, -0.002, -0.082, -0.096, -0.082, -0.077, -0.077, -0.074, -0.074, -0.074, -0.074, -0.068], "FUKUIrad": [0.017, 0.01, 0.01, -0.115, -0.247, 0.025, -0.053, -0.068, -0.053, -0.05, -0.05, -0.086, -0.085, -0.091, -0.091, -0.073], "s proportion": [1.009, 1.024, 1.042, 1.075, 1.739, 1.022, 0.974, 0.966, 0.974, 0.962, 0.962, 0.955, 0.955, 0.947, 0.947, 0.936], "p proportion": [3.079, 3.004, 3.044, 2.527, 4.754, 3.105, 0.0, 0.0, 0.0, 0.0, 0.0, 0.0, 0.0, 0.0, 0.0, 0.0], "d proportion": [0.0, 0.0, 0.0, 0.0, 0.0, 0.0, 0.0, 0.0, 0.0, 0.0, 0.0, 0.0, 0.0, 0.0, 0.0, 0.0], "Fermi-level/eV": -8.822, "Coordination numbers": [3.75, 3.8, 3.803, 2.81, 0.857, 3.751, 0.924, 0.924, 0.924, 0.924, 0.924, 0.924, 0.924, 0.924, 0.924, 0.924], "Dispersion coefficient C6": [22.528, 21.45, 22.099, 23.111, 21.015, 23.187, 2.549, 2.489, 2.549, 2.386, 2.386, 2.22, 2.22, 2.156, 2.156, 2.1], "Total dispersion C6": 1884.587563, "Total dispersion C8": 40228.337997, "Polarizability alpha": [6.769, 6.594, 6.693, 7.876, 6.146, 6.867, 2.497, 2.467, 2.497, 2.416, 2.416, 2.33, 2.33, 2.296, 2.296, 2.266], "Total polarizability alpha": 64.756661, "Wiberg matrix": [[0.0, 1.0202056504867183, 0.0, 0.0, 0.0, 0.0, 0.9874996162503742, 0.9869633379653227, 0.9874994966336854, 0.0, 0.0, 0.0, 0.0, 0.0, 0.0, 0.0], [1.0202056504867183, 0.0, 1.0085121251000406, 0.0, 0.0, 0.0, 0.0, 0.0, 0.0, 0.9767212201384311, 0.9767216779709468, 0.0, 0.0, 0.0, 0.0, 0.0], [0.0, 1.0085121251000406, 0.0, 0.9929674641216995, 0.0, 0.0, 0.0, 0.0, 0.0, 0.0, 0.0, 0.9517026006523958, 0.9516994558525951, 0.0, 0.0, 0.0], [0.0, 0.0, 0.9929674641216995, 0.0, 1.8571705817768096, 1.0077887749464494, 0.0, 0.0, 0.0, 0.0, 0.0, 0.0, 0.0, 0.0, 0.0, 0.0], [0.0, 0.0, 0.0, 1.8571705817768096, 0.0, 0.0, 0.0, 0.0, 0.0, 0.0, 0.0, 0.0, 0.0, 0.0, 0.0, 0.0], [0.0, 0.0, 0.0, 1.0077887749464494, 0.0, 0.0, 0.0, 0.0, 0.0, 0.0, 0.0, 0.0, 0.0, 0.9632722919464034, 0.963264504793012, 0.9828524783817003], [0.9874996162503742, 0.0, 0.0, 0.0, 0.0, 0.0, 0.0, 0.0, 0.0, 0.0, 0.0, 0.0, 0.0, 0.0, 0.0, 0.0], [0.9869633379653227, 0.0, 0.0, 0.0, 0.0, 0.0, 0.0, 0.0, 0.0, 0.0, 0.0, 0.0, 0.0, 0.0, 0.0, 0.0], [0.9874994966336854, 0.0, 0.0, 0.0, 0.0, 0.0, 0.0, 0.0, 0.0, 0.0, 0.0, 0.0, 0.0, 0.0, 0.0, 0.0], [0.0, 0.9767212201384311, 0.0, 0.0, 0.0, 0.0, 0.0, 0.0, 0.0, 0.0, 0.0, 0.0, 0.0, 0.0, 0.0, 0.0], [0.0, 0.9767216779709468, 0.0, 0.0, 0.0, 0.0, 0.0, 0.0, 0.0, 0.0, 0.0, 0.0, 0.0, 0.0, 0.0, 0.0], [0.0, 0.0, 0.9517026006523958, 0.0, 0.0, 0.0, 0.0, 0.0, 0.0, 0.0, 0.0, 0.0, 0.0, 0.0, 0.0, 0.0], [0.0, 0.0, 0.9516994558525951, 0.0, 0.0, 0.0, 0.0, 0.0, 0.0, 0.0, 0.0, 0.0, 0.0, 0.0, 0.0, 0.0], [0.0, 0.0, 0.0, 0.0, 0.0, 0.9632722919464034, 0.0, 0.0, 0.0, 0.0, 0.0, 0.0, 0.0, 0.0, 0.0, 0.0], [0.0, 0.0, 0.0, 0.0, 0.0, 0.963264504793012, 0.0, 0.0, 0.0, 0.0, 0.0, 0.0, 0.0, 0.0, 0.0, 0.0], [0.0, 0.0, 0.0, 0.0, 0.0, 0.9828524783817003, 0.0, 0.0, 0.0, 0.0, 0.0, 0.0, 0.0, 0.0, 0.0, 0.0]], "Born radii": [], "Atomic SASAs": [], "Solvent H bonds": [], "Total SASA": NaN, "Total FOD": 0.0, "FOD": [0.0, 0.0, 0.0, 0.0, 0.0, 0.0, 0.0, 0.0, 0.0, 0.0, 0.0, 0.0, 0.0, 0.0, 0.0, 0.0], "FOD s proportion": [0.0, 0.0, 0.0, 0.0, 0.0, 0.0, 0.0, 0.0, 0.0, 0.0, 0.0, 0.0, 0.0, 0.0, 0.0, 0.0], "FOD p proportion": [0.0, 0.0, 0.0, 0.0, 0.0, 0.0, 0.0, 0.0, 0.0, 0.0, 0.0, 0.0, 0.0, 0.0, 0.0, 0.0], "FOD d proportion": [0.0, 0.0, 0.0, 0.0, 0.0, 0.0, 0.0, 0.0, 0.0, 0.0, 0.0, 0.0, 0.0, 0.0, 0.0, 0.0], "coordinates": [["-2.46510", "-0.10930", "-0.06140"], ["-1.15660", "0.56760", "0.31260"], ["0.04740", "-0.25340", "-0.13970"], ["1.36830", "0.40230", "0.22250"], ["1.43960", "1.47750", "0.81560"], ["2.61250", "-0.34210", "-0.18760"], ["-2.54520", "-1.09480", "0.40840"], ["-3.31390", "0.49590", "0.27200"], ["-2.54450", "-0.23760", "-1.14560"], ["-1.12210", "1.56460", "-0.14280"], ["-1.12270", "0.71430", "1.39880"], ["0.02260", "-1.24270", "0.33060"], ["0.02330", "-0.38330", "-1.22740"], ["2.62960", "-0.45630", "-1.27420"], ["2.62890", "-1.32210", "0.29560"], ["3.49790", "0.21970", "0.12270"]], "bond_dist": [[0.0, 1.5199479793729784, 2.5178466891373668, 3.877794389856172, 4.305083661207991, 5.084500372701334, 1.0946863934479134, 1.094478889700482, 1.0946482951158332, 2.1476070799846045, 2.1476821831919173, 2.7616862330829695, 2.761660109426937, 5.2485484593361615, 5.248539686427073, 5.974906092149064], [1.5199479793729784, 0.0, 1.5258546097187637, 2.5319087878515685, 2.796637525672571, 3.9094589062938105, 2.1681700486816062, 2.158872979125914, 2.168169894173425, 1.0966259207222853, 1.0965858561918442, 2.1605607443439308, 2.160549656916036, 4.231030121613411, 4.230988695328787, 4.67134527411537], [2.5178466891373668, 1.5258546097187637, 0.0, 1.518521695597399, 2.4180226922012125, 2.5670800747152396, 2.7802773836435817, 3.4683259751643876, 2.780293160801573, 2.1616807951221664, 2.161610406618177, 1.0956786116375548, 1.0956943506288606, 2.8277226702772675, 2.827675375639856, 3.4926533781639426], [3.877794389856172, 2.5319087878515685, 1.518521695597399, 0.0, 1.2300025772330725, 1.5067670722444129, 4.1942042713725805, 4.683397063030211, 4.194183288794137, 2.772449736244104, 2.7723828541527236, 2.128055238944704, 2.128004316255021, 2.137330704406784, 2.1372906517364454, 2.1397427321993643], [4.305083661207991, 2.796637525672571, 2.4180226922012125, 1.2300025772330725, 0.0, 2.3860110666130616, 4.760375003085366, 4.884137771398346, 4.760349384236413, 2.7364984670194867, 2.7364169583599645, 3.1052539413065725, 3.105210351972955, 3.0859271669953583, 3.085870160910857, 2.509735073668135], [5.084500372701334, 3.9094589062938105, 2.5670800747152396, 1.5067670722444129, 2.3860110666130616, 0.0, 5.246297988105518, 6.002973689764098, 5.2462685072344515, 4.193417352231948, 4.193371550435281, 2.79055435532082, 2.7904906593644063, 1.0927184495559688, 1.092772254406196, 1.0935440046015525], [1.0946863934479134, 2.1681700486816062, 2.7802773836435817, 4.1942042713725805, 4.760375003085366, 5.246297988105518, 0.0, 1.7719568674208748, 1.7747417643138956, 3.0661773285314076, 2.5054423202301024, 2.573232226208898, 3.1271818207453177, 5.478811919567963, 5.180318517234244, 6.191008992886378], [1.094478889700482, 2.158872979125914, 3.4683259751643876, 4.683397063030211, 4.884137771398346, 6.002973689764098, 1.7719568674208748, 0.0, 1.7718883627362079, 2.473492666251509, 2.473607535564201, 3.7627644319037565, 3.7627246564158794, 6.214709287649745, 6.214704562567716, 6.819031908562974], [1.0946482951158332, 2.168169894173425, 2.780293160801573, 4.194183288794137, 4.760349384236413, 5.2462685072344515, 1.7747417643138956, 1.7718883627362079, 0.0, 2.5053451738233594, 3.0662028977221976, 3.1272024015084154, 2.573230765011176, 5.180316444002239, 5.4788014428340075, 6.190985861718634], [2.1476070799846045, 1.0966259207222853, 2.1616807951221664, 2.772449736244104, 2.7364984670194867, 4.193417352231948, 3.0661773285314076, 2.473492666251509, 2.5053451738233594, 0.0, 1.7605513369396533, 3.068448946943716, 2.506514059406011, 4.409008466764382, 4.75344427231455, 4.819091850131101], [2.1476821831919173, 1.0965858561918442, 2.161610406618177, 2.7723828541527236, 2.7364169583599645, 4.193371550435281, 2.5054423202301024, 2.473607535564201, 3.0662028977221976, 1.7605513369396533, 0.0, 2.506513979613918, 3.0683820166335223, 4.753418627682607, 4.408908908108671, 4.819025288375232], [2.7616862330829695, 2.1605607443439308, 1.0956786116375548, 2.128055238944704, 3.1052539413065725, 2.79055435532082, 2.573232226208898, 3.7627644319037565, 3.1272024015084154, 3.068448946943716, 2.506513979613918, 0.0, 1.7793068453754681, 3.1607367811951694, 2.607744053775216, 3.7761814389671478], [2.761660109426937, 2.160549656916036, 1.0956943506288606, 2.128004316255021, 3.105210351972955, 2.7904906593644063, 3.1271818207453177, 3.7627246564158794, 2.573230765011176, 2.506514059406011, 3.0683820166335223, 1.7793068453754681, 0.0, 2.6077421134000196, 3.1607002072325687, 3.776138791146322], [5.2485484593361615, 4.231030121613411, 2.8277226702772675, 2.137330704406784, 3.0859271669953583, 1.0927184495559688, 5.478811919567963, 6.214709287649745, 5.180316444002239, 4.409008466764382, 4.753418627682607, 3.1607367811951694, 2.6077421134000196, 0.0, 1.7927303673447381, 1.778271773379986], [5.248539686427073, 4.230988695328787, 2.827675375639856, 2.1372906517364454, 3.085870160910857, 1.092772254406196, 5.180318517234244, 6.214704562567716, 5.4788014428340075, 4.75344427231455, 4.408908908108671, 2.607744053775216, 3.1607002072325687, 1.7927303673447381, 0.0, 1.7782583192551076], [5.974906092149064, 4.67134527411537, 3.4926533781639426, 2.1397427321993643, 2.509735073668135, 1.0935440046015525, 6.191008992886378, 6.819031908562974, 6.190985861718634, 4.819091850131101, 4.819025288375232, 3.7761814389671478, 3.776138791146322, 1.778271773379986, 1.7782583192551076, 0.0]]}