{"total energy": -61.12577185, "HOMO-LUMO gap/eV": 3.567078, "electronic energy": -61.65833161, "dipole": [-0.34700771, -0.34070241, 0.46920222], "partial charges": [-0.20835606, 0.47826155, -0.20892622, -0.20430634, -0.02085444, -0.02663393, -0.02195161, -0.03679191, 0.07805117, -0.04387743, -0.08408265, -0.01034504, -0.03089819, 0.01827262, -0.18319734, 0.04089404, -0.15663708, 0.26528068, -0.3787989, 0.06293639, 0.0637722, 0.08800219, 0.05545383, 0.07376253, 0.06496983, 0.08538772, 0.07683683, 0.06981007, 0.09396547], "atomic dipole moments": [[0.01611528, 0.14866087, -0.22137234], [0.12232934, 0.07311482, 0.15691329], [0.07146114, -0.24847415, -0.0691671], [-0.25768187, -0.01062606, 0.06745707], [0.09717682, 0.0716703, 0.13313318], [-0.02755456, 0.0234338, 0.02308343], [-0.00108056, 0.0121455, 0.01376875], [-0.0024668, 0.04629003, 0.05133114], [-0.15698075, 0.04481576, 0.00361432], [0.01011304, -0.03063543, -0.03205583], [-0.00751686, 0.04682481, 0.03338186], [-0.03299716, -0.11476515, -0.1358326], [0.07728213, -0.10547877, -0.04846503], [-0.17314401, 0.06182471, -0.07793582], [0.05258509, -0.01411605, 0.02400434], [0.05551153, 0.17299757, -0.02123294], [-0.01414402, -0.11022384, -0.09229714], [0.01501826, 0.01226782, 0.03262897], [-0.02793742, 0.09279423, 0.15180146], [0.15101809, -0.03942266, -0.00261376], [0.05835189, -0.09279686, -0.10913191], [-0.07527774, -0.06925029, -0.11901873], [-0.04986778, 0.0968201, 0.11117473], [0.03237385, 0.12024037, -0.0262697], [0.03708192, -0.03843688, 0.11865118], [-0.06718715, 0.10755126, 0.0475365], [0.02511443, 0.00752326, 0.12781736], [0.05545851, -0.11561847, -0.04036661], [-0.10660974, -0.08561357, -0.04441167]], "atomic quadrupole moments": [[-0.0405719, 0.00404306, 0.00646287, -0.01685456, -0.06435214, 0.03410904], [0.011824, -0.12192854, 0.09180289, -0.21758453, -0.11280919, -0.1036269], [-0.02658622, -0.04038958, 0.06678435, -0.01448084, 0.01912778, -0.04019813], [0.06615357, -0.00384423, -0.03636376, -0.04502331, -0.00313371, -0.02978981], [-0.22337314, 0.18752766, 0.14299077, 0.07403088, -0.21850128, 0.08038237], [-0.25095714, 0.12924614, 0.24660466, -0.10007156, -0.35936415, 0.00435248], [-0.2300125, 0.1505117, 0.23710071, -0.06424977, -0.38723869, -0.00708821], [-0.21986421, 0.11494458, 0.23528885, -0.09015109, -0.38498439, -0.01542464], [-0.04171811, 0.04947651, 0.1394377, -0.07373127, -0.33957369, -0.09771959], [-0.20641331, 0.09684965, 0.21616404, -0.10657305, -0.33524973, -0.00975073], [-0.0392217, -0.02600874, 0.02353459, -0.04781963, 0.05686153, 0.01568711], [0.18843419, -0.07644745, -0.17638157, -0.08041133, 0.23837716, -0.01205262], [0.04744931, 0.12927594, -0.12067305, 0.0460705, -0.07417984, 0.07322374], [0.39482146, 0.15768729, -0.13229636, 0.02725038, -0.13421664, -0.26252509], [0.56955443, 0.11080514, -0.27585763, 0.06337051, -0.00047202, -0.2936968], [-0.21039256, -0.1530388, 0.13391292, -0.03897028, -0.15773183, 0.07647964], [-0.30062026, -0.06586926, 0.41351372, 0.02433683, -0.34924027, -0.11289346], [-0.16974069, 0.15091591, 0.29567264, -0.12635176, -0.29055499, -0.12593195], [-0.08640674, 0.0696447, 0.12991785, -0.04319126, -0.1200718, -0.04351111], [0.02161745, -0.0073181, -0.02729114, 0.01888259, 0.04535668, 0.00567369], [0.03759136, -0.01269204, -0.03393668, 0.01878006, 0.04118335, -0.00365468], [0.05003409, -0.02009461, -0.03485075, 0.01173492, 0.03056134, -0.01518334], [0.04358277, -0.01891156, -0.03445616, 0.00733826, 0.03822083, -0.00912661], [-0.01807843, 0.00437413, 0.03935679, -0.01502278, 0.00021452, -0.02127836], [-0.01127194, -0.00586945, -0.01965306, 0.01877325, -0.02051854, 0.03092501], [0.00078674, -0.0152335, 0.01530781, -0.02225058, -0.0014268, -0.01609455], [-0.00566151, 0.01703298, -0.03238965, 0.00732998, 0.01462798, 0.03805116], [0.00540019, -0.01098877, 0.0116401, -0.01856786, 0.03178784, -0.01704029], [0.00831058, 0.012377, -0.00186861, 0.01588565, -0.01559694, -0.00644197]], "number of molecular orbitals": 96, "number of electrons": 104, "number of unpaired electrons": 0, "orbital energies/eV": [-29.19685692, -29.1929046, -23.8971591, -23.56456464, -23.54894615, -20.03606581, -19.62496826, -19.10476933, -18.97310851, -18.51328148, -18.35436824, -18.10431701, -17.87464037, -17.69731962, -17.29339391, -17.26711163, -16.98980531, -16.92750424, -16.87582141, -16.46284672, -16.27450303, -16.14815133, -15.77663753, -15.4969073, -15.27645407, -15.08541279, -14.99828049, -14.96663262, -14.92720603, -14.83002832, -14.72419403, -14.57783226, -14.56459011, -14.54410222, -14.49263923, -14.34118679, -14.15709812, -14.07973551, -13.96739756, -13.77153227, -13.71926651, -13.60004039, -12.9252606, -12.9042204, -12.72288318, -12.22010053, -12.12143322, -11.99660792, -11.88964991, -11.80510716, -11.48557185, -11.32235854, -7.75528054, -7.5201648, -6.66510025, -4.98053482, -4.697962, -3.86119324, -1.7912538, -0.72176057, -0.44343295, -0.26675104, -0.09507998, 0.01904047, 0.04753493, 0.06129863, 0.08647599, 0.09747157, 0.14072902, 0.61899983, 0.96397277, 1.23882923, 1.446672, 1.74184597, 2.10083573, 2.61378176, 2.85471245, 2.96681814, 3.15108834, 3.51338928, 3.63266378, 3.81554167, 4.25154029, 4.34993, 4.57900154, 5.05894373, 5.67204486, 6.09167357, 6.64915833, 8.93765526, 9.61046485, 10.47591125, 10.73062085, 15.13660679, 15.42199527, 16.19242433], "fractional occupation": [2.0, 2.0, 2.0, 2.0, 2.0, 2.0, 2.0, 2.0, 2.0, 2.0, 2.0, 2.0, 2.0, 2.0, 2.0, 2.0, 2.0, 2.0, 2.0, 2.0, 2.0, 2.0, 2.0, 2.0, 2.0, 2.0, 2.0, 2.0, 2.0, 2.0, 2.0, 2.0, 2.0, 2.0, 2.0, 2.0, 2.0, 2.0, 2.0, 2.0, 2.0, 2.0, 2.0, 2.0, 2.0, 2.0, 2.0, 2.0, 2.0, 2.0, 2.0, 2.0, 0.0, 0.0, 0.0, 0.0, 0.0, 0.0, 0.0, 0.0, 0.0, 0.0, 0.0, 0.0, 0.0, 0.0, 0.0, 0.0, 0.0, 0.0, 0.0, 0.0, 0.0, 0.0, 0.0, 0.0, 0.0, 0.0, 0.0, 0.0, 0.0, 0.0, 0.0, 0.0, 0.0, 0.0, 0.0, 0.0, 0.0, 0.0, 0.0, 0.0, 0.0, 0.0, 0.0, 0.0], "program call": "xtb /home/svss/Project-DBcg-Debug/aqme2_20220329/End-to-End-workflows-final/example-3/QDESCP/mol_657_rdkit_conf_7/mol_657_rdkit_conf_7.xyz --pop --wbo --acc 0.2 --gfn 2 --chrg 0 --uhf 0 --etemp 300 --input /home/svss/Project-DBcg-Debug/aqme2_20220329/End-to-End-workflows-final/example-3/QDESCP/mol_657_rdkit_conf_7/mol_657_rdkit_conf_7_xtb.inp", "method": "GFN2-xTB", "xtb version": "6.3.3 (7355c4f)", "Dipole module/D": 1.718, "Total charge": 0, "Transition dipole module/D": NaN, "HOMO": -11.3224, "LUMO": -7.7553, "HOMO occupancy": 2.0, "LUMO occupancy": 0, "mulliken charges": [-0.25039, 0.63365, -0.25123, -0.2463, -0.02338, -0.02401, -0.01505, -0.03871, 0.15303, -0.05603, -0.2629, 0.07688, -0.04072, 0.0557, -0.13102, 0.04802, -0.10501, 0.46225, -0.51049, 0.05359, 0.04836, 0.07429, 0.0494, 0.05086, 0.04481, 0.05249, 0.04281, 0.04341, 0.0657], "cm5 charges": [-0.27036, 0.68523, -0.27218, -0.26737, -0.02618, -0.07493, -0.07009, -0.08563, 0.20632, -0.10018, -0.50481, 0.03409, -0.09737, -0.04371, -0.14084, 0.0032, -0.10892, 0.55487, -0.55665, 0.11097, 0.10367, 0.14025, 0.11115, 0.11739, 0.11068, 0.11263, 0.09858, 0.10156, 0.12863], "FUKUI+": [-0.028, -0.003, -0.025, -0.026, -0.048, -0.042, -0.024, -0.034, -0.03, -0.023, -0.046, 0.024, 0.01, 0.015, -0.035, 0.007, -0.11, -0.06, -0.121, -0.064, -0.059, -0.043, -0.052, -0.029, -0.034, -0.039, -0.024, -0.007, -0.053], "FUKUI-": [-0.02, -0.001, -0.017, -0.02, -0.027, -0.036, -0.017, -0.018, -0.016, -0.018, -0.067, 0.022, 0.008, 0.024, -0.168, 0.015, -0.143, -0.009, -0.091, -0.05, -0.044, -0.03, -0.034, -0.048, -0.042, -0.035, -0.042, -0.035, -0.042], "FUKUIrad": [-0.024, -0.002, -0.021, -0.023, -0.038, -0.039, -0.02, -0.026, -0.023, -0.021, -0.057, 0.023, 0.009, 0.02, -0.102, 0.011, -0.126, -0.034, -0.106, -0.057, -0.051, -0.037, -0.043, -0.039, -0.038, -0.037, -0.033, -0.021, -0.047], "s proportion": [1.826, 1.03, 1.826, 1.825, 1.074, 1.061, 1.064, 1.068, 1.041, 1.061, 1.449, 1.015, 1.069, 1.049, 1.949, 1.081, 1.952, 1.009, 1.728, 0.946, 0.952, 0.926, 0.951, 0.949, 0.955, 0.948, 0.957, 0.957, 0.934], "p proportion": [5.424, 2.336, 5.426, 5.422, 2.949, 2.963, 2.951, 2.971, 2.806, 2.995, 3.814, 2.908, 2.971, 2.895, 5.198, 2.871, 5.168, 2.528, 4.782, 0.0, 0.0, 0.0, 0.0, 0.0, 0.0, 0.0, 0.0, 0.0, 0.0], "d proportion": [0.0, 0.0, 0.0, 0.0, 0.0, 0.0, 0.0, 0.0, 0.0, 0.0, 0.0, 0.0, 0.0, 0.0, -0.016, 0.0, -0.015, 0.0, 0.0, 0.0, 0.0, 0.0, 0.0, 0.0, 0.0, 0.0, 0.0, 0.0, 0.0], "Fermi-level/eV": -9.5388, "Coordination numbers": [0.788, 3.331, 0.788, 0.788, 2.96, 2.913, 2.908, 2.917, 2.891, 2.92, 2.752, 3.791, 3.93, 3.716, 0.914, 3.796, 0.958, 2.84, 0.856, 0.925, 0.925, 0.925, 0.925, 0.924, 0.924, 0.924, 0.924, 0.924, 0.924], "Dispersion coefficient C6": [11.322, 17.455, 11.328, 11.28, 28.525, 28.667, 28.553, 28.915, 26.256, 29.09, 22.877, 20.771, 21.059, 20.389, 104.892, 19.892, 104.057, 22.534, 21.262, 2.165, 2.155, 1.898, 2.253, 2.045, 2.142, 1.924, 2.012, 2.088, 1.841], "Total dispersion C6": 12723.594791, "Total dispersion C8": 338784.388517, "Polarizability alpha": [3.975, 6.627, 3.976, 3.967, 8.76, 8.78, 8.762, 8.818, 8.401, 8.845, 7.104, 6.491, 6.522, 6.451, 15.668, 6.351, 15.606, 7.779, 6.182, 2.301, 2.296, 2.155, 2.347, 2.236, 2.289, 2.169, 2.218, 2.26, 2.122], "Total polarizability alpha": 171.456959, "Wiberg matrix": [[0.0, 0.9398261360706206, 0.0, 0.0, 0.0, 0.0, 0.0, 0.0, 0.0, 0.0, 0.0, 0.0, 0.0, 0.0, 0.0, 0.0, 0.0, 0.0, 0.0, 0.0, 0.0, 0.0, 0.0, 0.0, 0.0, 0.0, 0.0, 0.0, 0.0], [0.9398261360706206, 0.0, 0.9431520809261872, 0.949023454969978, 0.955167509037227, 0.0, 0.0, 0.0, 0.0, 0.0, 0.0, 0.0, 0.0, 0.0, 0.0, 0.0, 0.0, 0.0, 0.0, 0.0, 0.0, 0.0, 0.0, 0.0, 0.0, 0.0, 0.0, 0.0, 0.0], [0.0, 0.9431520809261872, 0.0, 0.0, 0.0, 0.0, 0.0, 0.0, 0.0, 0.0, 0.0, 0.0, 0.0, 0.0, 0.0, 0.0, 0.0, 0.0, 0.0, 0.0, 0.0, 0.0, 0.0, 0.0, 0.0, 0.0, 0.0, 0.0, 0.0], [0.0, 0.949023454969978, 0.0, 0.0, 0.0, 0.0, 0.0, 0.0, 0.0, 0.0, 0.0, 0.0, 0.0, 0.0, 0.0, 0.0, 0.0, 0.0, 0.0, 0.0, 0.0, 0.0, 0.0, 0.0, 0.0, 0.0, 0.0, 0.0, 0.0], [0.0, 0.955167509037227, 0.0, 0.0, 0.0, 1.4095694547605608, 0.0, 0.10564534240842967, 0.0, 1.4121143505129659, 0.0, 0.0, 0.0, 0.0, 0.0, 0.0, 0.0, 0.0, 0.0, 0.0, 0.0, 0.0, 0.0, 0.0, 0.0, 0.0, 0.0, 0.0, 0.0], [0.0, 0.0, 0.0, 0.0, 1.4095694547605608, 0.0, 1.4335984247872593, 0.0, 0.0, 0.0, 0.0, 0.0, 0.0, 0.0, 0.0, 0.0, 0.0, 0.0, 0.0, 0.966639870101911, 0.0, 0.0, 0.0, 0.0, 0.0, 0.0, 0.0, 0.0, 0.0], [0.0, 0.0, 0.0, 0.0, 0.0, 1.4335984247872593, 0.0, 1.4487558737326067, 0.0, 0.10615747691721202, 0.0, 0.0, 0.0, 0.0, 0.0, 0.0, 0.0, 0.0, 0.0, 0.0, 0.9679998095265523, 0.0, 0.0, 0.0, 0.0, 0.0, 0.0, 0.0, 0.0], [0.0, 0.0, 0.0, 0.0, 0.10564534240842967, 0.0, 1.4487558737326067, 0.0, 1.3685356508184008, 0.0, 0.0, 0.0, 0.0, 0.0, 0.0, 0.0, 0.0, 0.0, 0.0, 0.0, 0.0, 0.95913042581039, 0.0, 0.0, 0.0, 0.0, 0.0, 0.0, 0.0], [0.0, 0.0, 0.0, 0.0, 0.0, 0.0, 0.0, 1.3685356508184008, 0.0, 1.3725419508893943, 1.0672315835110506, 0.0, 0.0, 0.0, 0.0, 0.0, 0.0, 0.0, 0.0, 0.0, 0.0, 0.0, 0.0, 0.0, 0.0, 0.0, 0.0, 0.0, 0.0], [0.0, 0.0, 0.0, 0.0, 1.4121143505129659, 0.0, 0.10615747691721202, 0.0, 1.3725419508893943, 0.0, 0.0, 0.0, 0.0, 0.0, 0.0, 0.0, 0.0, 0.0, 0.0, 0.0, 0.0, 0.0, 0.9636483124910789, 0.0, 0.0, 0.0, 0.0, 0.0, 0.0], [0.0, 0.0, 0.0, 0.0, 0.0, 0.0, 0.0, 0.0, 1.0672315835110506, 0.0, 0.0, 0.9895881188153882, 0.0, 0.0, 0.0, 0.0, 0.0, 1.1581978638616313, 0.1733437898530903, 0.0, 0.0, 0.0, 0.0, 0.0, 0.0, 0.0, 0.0, 0.0, 0.0], [0.0, 0.0, 0.0, 0.0, 0.0, 0.0, 0.0, 0.0, 0.0, 0.0, 0.9895881188153882, 0.0, 0.9871590650507376, 0.0, 0.0, 0.0, 0.0, 0.0, 0.0, 0.0, 0.0, 0.0, 0.0, 0.9615462347857978, 0.9647685087289145, 0.0, 0.0, 0.0, 0.0], [0.0, 0.0, 0.0, 0.0, 0.0, 0.0, 0.0, 0.0, 0.0, 0.0, 0.0, 0.9871590650507376, 0.0, 0.9983803883143935, 0.0, 0.9909472962345174, 0.0, 0.0, 0.0, 0.0, 0.0, 0.0, 0.0, 0.0, 0.0, 0.9605262169673385, 0.0, 0.0, 0.0], [0.0, 0.0, 0.0, 0.0, 0.0, 0.0, 0.0, 0.0, 0.0, 0.0, 0.0, 0.0, 0.9983803883143935, 0.0, 0.9612630262375157, 0.0, 0.0, 0.0, 0.0, 0.0, 0.0, 0.0, 0.0, 0.0, 0.0, 0.0, 0.9744857942155103, 0.9769496018264519, 0.0], [0.0, 0.0, 0.0, 0.0, 0.0, 0.0, 0.0, 0.0, 0.0, 0.0, 0.0, 0.0, 0.0, 0.9612630262375157, 0.0, 0.0, 0.0, 0.0, 0.0, 0.0, 0.0, 0.0, 0.0, 0.0, 0.0, 0.0, 0.0, 0.0, 0.0], [0.0, 0.0, 0.0, 0.0, 0.0, 0.0, 0.0, 0.0, 0.0, 0.0, 0.0, 0.0, 0.9909472962345174, 0.0, 0.0, 0.0, 0.9354540339214082, 0.9559073271319609, 0.0, 0.0, 0.0, 0.0, 0.0, 0.0, 0.0, 0.0, 0.0, 0.0, 0.9580760060947812], [0.0, 0.0, 0.0, 0.0, 0.0, 0.0, 0.0, 0.0, 0.0, 0.0, 0.0, 0.0, 0.0, 0.0, 0.0, 0.9354540339214082, 0.0, 0.0, 0.0, 0.0, 0.0, 0.0, 0.0, 0.0, 0.0, 0.0, 0.0, 0.0, 0.0], [0.0, 0.0, 0.0, 0.0, 0.0, 0.0, 0.0, 0.0, 0.0, 0.0, 1.1581978638616313, 0.0, 0.0, 0.0, 0.0, 0.9559073271319609, 0.0, 0.0, 1.7408819293272706, 0.0, 0.0, 0.0, 0.0, 0.0, 0.0, 0.0, 0.0, 0.0, 0.0], [0.0, 0.0, 0.0, 0.0, 0.0, 0.0, 0.0, 0.0, 0.0, 0.0, 0.1733437898530903, 0.0, 0.0, 0.0, 0.0, 0.0, 0.0, 1.7408819293272706, 0.0, 0.0, 0.0, 0.0, 0.0, 0.0, 0.0, 0.0, 0.0, 0.0, 0.0], [0.0, 0.0, 0.0, 0.0, 0.0, 0.966639870101911, 0.0, 0.0, 0.0, 0.0, 0.0, 0.0, 0.0, 0.0, 0.0, 0.0, 0.0, 0.0, 0.0, 0.0, 0.0, 0.0, 0.0, 0.0, 0.0, 0.0, 0.0, 0.0, 0.0], [0.0, 0.0, 0.0, 0.0, 0.0, 0.0, 0.9679998095265523, 0.0, 0.0, 0.0, 0.0, 0.0, 0.0, 0.0, 0.0, 0.0, 0.0, 0.0, 0.0, 0.0, 0.0, 0.0, 0.0, 0.0, 0.0, 0.0, 0.0, 0.0, 0.0], [0.0, 0.0, 0.0, 0.0, 0.0, 0.0, 0.0, 0.95913042581039, 0.0, 0.0, 0.0, 0.0, 0.0, 0.0, 0.0, 0.0, 0.0, 0.0, 0.0, 0.0, 0.0, 0.0, 0.0, 0.0, 0.0, 0.0, 0.0, 0.0, 0.0], [0.0, 0.0, 0.0, 0.0, 0.0, 0.0, 0.0, 0.0, 0.0, 0.9636483124910789, 0.0, 0.0, 0.0, 0.0, 0.0, 0.0, 0.0, 0.0, 0.0, 0.0, 0.0, 0.0, 0.0, 0.0, 0.0, 0.0, 0.0, 0.0, 0.0], [0.0, 0.0, 0.0, 0.0, 0.0, 0.0, 0.0, 0.0, 0.0, 0.0, 0.0, 0.9615462347857978, 0.0, 0.0, 0.0, 0.0, 0.0, 0.0, 0.0, 0.0, 0.0, 0.0, 0.0, 0.0, 0.0, 0.0, 0.0, 0.0, 0.0], [0.0, 0.0, 0.0, 0.0, 0.0, 0.0, 0.0, 0.0, 0.0, 0.0, 0.0, 0.9647685087289145, 0.0, 0.0, 0.0, 0.0, 0.0, 0.0, 0.0, 0.0, 0.0, 0.0, 0.0, 0.0, 0.0, 0.0, 0.0, 0.0, 0.0], [0.0, 0.0, 0.0, 0.0, 0.0, 0.0, 0.0, 0.0, 0.0, 0.0, 0.0, 0.0, 0.9605262169673385, 0.0, 0.0, 0.0, 0.0, 0.0, 0.0, 0.0, 0.0, 0.0, 0.0, 0.0, 0.0, 0.0, 0.0, 0.0, 0.0], [0.0, 0.0, 0.0, 0.0, 0.0, 0.0, 0.0, 0.0, 0.0, 0.0, 0.0, 0.0, 0.0, 0.9744857942155103, 0.0, 0.0, 0.0, 0.0, 0.0, 0.0, 0.0, 0.0, 0.0, 0.0, 0.0, 0.0, 0.0, 0.0, 0.0], [0.0, 0.0, 0.0, 0.0, 0.0, 0.0, 0.0, 0.0, 0.0, 0.0, 0.0, 0.0, 0.0, 0.9769496018264519, 0.0, 0.0, 0.0, 0.0, 0.0, 0.0, 0.0, 0.0, 0.0, 0.0, 0.0, 0.0, 0.0, 0.0, 0.0], [0.0, 0.0, 0.0, 0.0, 0.0, 0.0, 0.0, 0.0, 0.0, 0.0, 0.0, 0.0, 0.0, 0.0, 0.0, 0.9580760060947812, 0.0, 0.0, 0.0, 0.0, 0.0, 0.0, 0.0, 0.0, 0.0, 0.0, 0.0, 0.0, 0.0]], "Born radii": [], "Atomic SASAs": [], "Solvent H bonds": [], "Total SASA": NaN, "Total FOD": 0.0, "FOD": [0.0, 0.0, 0.0, 0.0, 0.0, 0.0, 0.0, 0.0, 0.0, 0.0, 0.0, 0.0, 0.0, 0.0, 0.0, 0.0, 0.0, 0.0, 0.0, 0.0, 0.0, 0.0, 0.0, 0.0, 0.0, 0.0, 0.0, 0.0, 0.0], "FOD s proportion": [0.0, 0.0, 0.0, 0.0, 0.0, 0.0, 0.0, 0.0, 0.0, 0.0, 0.0, 0.0, 0.0, 0.0, 0.0, 0.0, 0.0, 0.0, 0.0, 0.0, 0.0, 0.0, 0.0, 0.0, 0.0, 0.0, 0.0, 0.0, 0.0], "FOD p proportion": [0.0, 0.0, 0.0, 0.0, 0.0, 0.0, 0.0, 0.0, 0.0, 0.0, 0.0, 0.0, 0.0, 0.0, 0.0, 0.0, 0.0, 0.0, 0.0, 0.0, 0.0, 0.0, 0.0, 0.0, 0.0, 0.0, 0.0, 0.0, 0.0], "FOD d proportion": [0.0, 0.0, 0.0, 0.0, 0.0, 0.0, 0.0, 0.0, 0.0, 0.0, 0.0, 0.0, 0.0, 0.0, 0.0, 0.0, 0.0, 0.0, 0.0, 0.0, 0.0, 0.0, 0.0, 0.0, 0.0, 0.0, 0.0, 0.0, 0.0], "coordinates": [["3.68730", "-0.19320", "2.76120"], ["3.75850", "0.55330", "1.62480"], ["3.40680", "1.81850", "1.98920"], ["5.07820", "0.61380", "1.29580"], ["2.88840", "-0.00050", "0.52410"], ["3.42300", "-0.84510", "-0.45330"], ["2.60150", "-1.35810", "-1.45120"], ["1.23920", "-1.03940", "-1.47800"], ["0.66580", "-0.20590", "-0.51050"], ["1.51230", "0.30340", "0.48880"], ["-0.72000", "0.11710", "-0.52220"], ["-1.34970", "0.90830", "0.51160"], ["-2.84440", "0.67500", "0.32130"], ["-3.28740", "-0.57520", "1.08970"], ["-5.04800", "-0.80990", "0.97310"], ["-2.95920", "0.49210", "-1.19050"], ["-3.07250", "2.06370", "-2.02740"], ["-1.63050", "-0.14430", "-1.56640"], ["-1.44340", "-0.74390", "-2.61480"], ["4.48080", "-1.10340", "-0.44470"], ["3.01490", "-2.01170", "-2.21640"], ["0.64910", "-1.47870", "-2.27700"], ["1.13030", "0.96890", "1.25940"], ["-1.08840", "1.96030", "0.34770"], ["-1.02230", "0.60180", "1.51020"], ["-3.41700", "1.53420", "0.69100"], ["-3.05120", "-0.47860", "2.15410"], ["-2.80740", "-1.48560", "0.71670"], ["-3.79440", "-0.13690", "-1.50610"]], "bond_dist": [[0.0, 1.3615199778189082, 2.172924559205864, 2.1756031278705223, 2.3832731505221973, 3.2905680892514595, 4.503361789818802, 4.967903450148765, 4.453497999325923, 3.1844996969696826, 5.504661201200307, 5.6254218872898765, 7.026378024273957, 7.182358689177255, 8.937733862115161, 7.76283010441424, 8.58598763160069, 6.856348139498169, 7.4517601263057305, 3.425770146988849, 5.341869127000399, 6.022178071927132, 3.184984874375387, 5.768002686372468, 4.937343228903576, 7.598731294762304, 6.771809641447403, 6.930469399687152, 8.613295180707556], [1.3615199778189082, 0.0, 1.362795395501467, 1.3614364987027485, 1.508412722035982, 2.5271688546672144, 3.8018252142885265, 4.302433453291289, 3.8341471046374838, 2.5294980628575305, 4.985663615808833, 5.240128479340941, 6.731434583355913, 7.155735536616763, 8.935181552716205, 7.284034103434718, 7.891922072600565, 6.301723906995609, 6.8349615660953065, 2.747581196252442, 4.678352637414157, 5.3871546849891, 2.6858286914842506, 5.206061180969735, 4.78241926748377, 7.3021878570740695, 6.907748561579236, 6.934897377034501, 8.205194041581223], [2.172924559205864, 1.362795395501467, 0.0, 2.1738637514802988, 2.3924919163917773, 3.6139775386684403, 4.751383778437604, 4.988743129286173, 4.226082873063424, 2.8523426196724686, 5.121754597791659, 5.0632063013470034, 6.5701586053915015, 7.165976107970219, 8.912047397203406, 7.238493285898661, 7.627222763889882, 6.470646527975393, 7.16150471618919, 3.9515623264729105, 5.701849613064168, 6.05614560343458, 2.5371007961844954, 4.787635379809119, 4.618086909099914, 6.952006629024458, 6.856356497440896, 7.152105613034528, 8.240023828242245], [2.1756031278705223, 1.3614364987027485, 2.1738637514802988, 0.0, 2.4016888682758224, 2.815568692111773, 4.191472473964251, 5.016468646368678, 4.837757904236217, 3.6692287977175804, 6.096799006855974, 6.482252563731222, 7.982542605586267, 8.452186792185795, 10.230883804442312, 8.414053561750128, 8.920749897850516, 7.333045761482741, 7.7244681506237045, 2.5169431558936726, 4.846236269518852, 6.0630341331712785, 3.9640049672017312, 6.382704083693682, 6.104278139960531, 8.566291043386281, 8.247251724665619, 8.18080219355046, 9.334732179339694], [2.3832731505221973, 1.508412722035982, 2.3924919163917773, 2.4016888682758224, 0.0, 1.3980189841343358, 2.413959291288898, 2.7942044055508894, 2.4601904560419707, 1.4096994395969658, 3.7588727046815507, 4.334462515699034, 5.776021462044613, 6.228217167857909, 7.990192383165752, 6.113667776384321, 6.804660366249001, 4.9810968571189225, 5.400909924262762, 2.165802301688684, 3.401656646400397, 3.8788788251246005, 2.1380640916492655, 4.437430770164195, 4.077834350485562, 6.491627597143878, 6.177728366479057, 5.889376402472507, 6.985709186618063], [3.2905680892514595, 2.5271688546672144, 3.6139775386684403, 2.815568692111773, 1.3980189841343358, 0.0, 1.3906241979772969, 2.4200712840740866, 2.8309009731885713, 2.4202022952637656, 4.253824755440685, 5.175336593884499, 6.495460871254634, 6.890802795756094, 8.59032577961977, 6.562320056199637, 7.289062251071806, 5.2218746154996865, 5.325802535768671, 1.08891399568561, 2.1531425359227847, 3.379623035191943, 3.388275458105495, 5.372578535489268, 5.070457962551311, 7.33185453892806, 6.989143198561608, 6.371579428210873, 7.328082821584373], [4.503361789818802, 3.8018252142885265, 4.751383778437604, 4.191472473964251, 2.413959291288898, 1.3906241979772969, 0.0, 1.3993388510292997, 2.441191475488967, 2.776785711933854, 3.7512155749836618, 4.959953048164872, 6.077259141257677, 6.461288449682462, 8.043171263873472, 5.866224426323972, 6.650939608807165, 4.40413504334279, 4.253518850316759, 2.1470171936898876, 1.087944649327345, 2.1232889016805983, 3.8635101656395316, 5.278558683959098, 5.073758410685318, 7.01261451813801, 6.76200603593342, 5.828571511957282, 6.511672616156313], [4.967903450148765, 4.302433453291289, 4.988743129286173, 5.016468646368678, 2.7942044055508894, 2.4200712840740866, 1.3993388510292997, 0.0, 1.399845012849637, 2.397081077060182, 2.4676933622312154, 3.8019004011152107, 4.780422241810863, 5.224813153596978, 6.751995653138411, 4.478248659911595, 5.340583007500211, 3.0073570888738836, 2.9284769505666253, 3.402906911744722, 2.1549274558555327, 1.0860955298683446, 3.3968348296612834, 4.212968352598913, 4.09111952037581, 5.745274266734357, 5.649263598912694, 4.6250161178097535, 5.113944154955155], [4.453497999325923, 3.8341471046374838, 4.226082873063424, 4.837757904236217, 2.4601904560419707, 2.8309009731885713, 2.441191475488967, 1.399845012849637, 0.0, 1.405186546334685, 1.42299245605871, 2.5195972495619214, 3.713405457258876, 4.280749089820612, 5.934087579400897, 3.7536953792229864, 4.628926080636846, 2.5281837472778754, 3.0275810691045084, 3.919701632777679, 3.4189587976458564, 2.1773426418457893, 2.174502540812496, 2.9165300135606356, 2.7541404085485546, 4.597913233196119, 4.58154422111148, 3.899585897246014, 4.570488420289456], [3.1844996969696826, 2.5294980628575305, 2.8523426196724686, 3.6692287977175804, 1.4096994395969658, 2.4202022952637656, 2.776785711933854, 2.397081077060182, 1.405186546334685, 0.0, 2.4576395138425, 2.9253150001324646, 4.375725962626087, 4.916313543703248, 6.671695396973695, 4.780164058900071, 5.518179914609526, 3.781728992141029, 4.411953392772865, 3.4150403716500928, 3.8646606332251214, 3.4015649765953317, 1.0874918896249295, 3.086886345494437, 2.748908452458903, 5.084658490990323, 4.920394327693666, 4.6810541013750315, 5.6863481242358], [5.504661201200307, 4.985663615808833, 5.121754597791659, 6.096799006855974, 3.7588727046815507, 4.253824755440685, 3.7512155749836618, 2.4676933622312154, 1.42299245605871, 2.4576395138425, 0.0, 1.4461196250656443, 2.3528323399681494, 3.1095085881855993, 4.671919850553945, 2.366699501415421, 3.404281840564908, 1.409855967820827, 2.3756269319907957, 5.342653567282834, 4.620777108885473, 2.7386740386544726, 2.7061544468119334, 2.0711906744672253, 2.111153509340332, 3.279304141125065, 3.598879495065096, 2.9087384310040667, 3.2379793961666894], [5.6254218872898765, 5.240128479340941, 5.0632063013470034, 6.482252563731222, 4.334462515699034, 5.175336593884499, 4.959953048164872, 3.8019004011152107, 2.5195972495619214, 2.9253150001324646, 1.4461196250656443, 0.0, 1.5247199972453958, 2.5079180907677188, 4.103975679752501, 2.379255576855921, 3.2786445370000084, 2.3462522029824506, 3.53736080856901, 6.241488350545887, 5.91761076448933, 4.179624432888678, 2.590999266692293, 1.0962868693914016, 1.0946848724633038, 2.1674096197996353, 2.741605389183498, 2.810286908840448, 3.337680994343228], [7.026378024273957, 6.731434583355913, 6.5701586053915015, 7.982542605586267, 5.776021462044613, 6.495460871254634, 6.077259141257677, 4.780422241810863, 3.713405457258876, 4.375725962626087, 2.3528323399681494, 1.5247199972453958, 0.0, 1.5328690746440155, 2.735986880451001, 1.5271446198706917, 2.738048390733809, 2.3891875167093937, 3.549191657265073, 7.576807876672076, 6.92745802369094, 4.8573788023994995, 4.094465644012659, 2.176287906045521, 2.1768991386832783, 1.0967103035897858, 2.1754804159081735, 2.1967936908139554, 2.2138365725590496], [7.182358689177255, 7.155735536616763, 7.165976107970219, 8.452186792185795, 6.228217167857909, 6.890802795756094, 6.461288449682462, 5.224813153596978, 4.280749089820612, 4.916313543703248, 3.1095085881855993, 2.5079180907677188, 1.5328690746440155, 0.0, 1.7799977556165627, 2.5389282325422275, 4.08977843287384, 3.1600410804291768, 4.141511311103713, 7.935887463919836, 7.26035913367927, 5.258042733755594, 4.68285342392862, 3.4372845750679413, 2.5870499144778787, 2.150657157707848, 1.0945635477211912, 1.094695007753301, 2.680920276696045], [8.937733862115161, 8.935181552716205, 8.912047397203406, 10.230883804442312, 7.990192383165752, 8.59032577961977, 8.043171263873472, 6.751995653138411, 5.934087579400897, 6.671695396973695, 4.671919850553945, 4.103975679752501, 2.735986880451001, 1.7799977556165627, 0.0, 3.2771106786314066, 4.600345363122208, 4.309453545404568, 5.086307459247818, 9.63817039328523, 8.75371863267263, 6.592980498985265, 6.435642005270338, 4.872736947548062, 4.299724850499158, 2.8695899044985507, 2.343444245122977, 2.354272671123717, 2.8584741734009076], [7.76283010441424, 7.284034103434718, 7.238493285898661, 8.414053561750128, 6.113667776384321, 6.562320056199637, 5.866224426323972, 4.478248659911595, 3.7536953792229864, 4.780164058900071, 2.366699501415421, 2.379255576855921, 1.5271446198706917, 2.5389282325422275, 3.2771106786314066, 0.0, 1.7841426680621706, 1.5204438365161668, 2.4194991485842685, 7.645615599152236, 6.558304358597579, 4.252571431498829, 4.790966343025174, 2.8322364166855847, 3.32526633369419, 2.198998749431204, 3.483830025991509, 2.75168173486688, 1.0921553918742517], [8.58598763160069, 7.891922072600565, 7.627222763889882, 8.920749897850516, 6.804660366249001, 7.289062251071806, 6.650939608807165, 5.340583007500211, 4.628926080636846, 5.518179914609526, 3.404281840564908, 3.2786445370000084, 2.738048390733809, 4.08977843287384, 4.600345363122208, 1.7841426680621706, 0.0, 2.677153152137546, 3.2987305634137503, 8.34193038750624, 7.3280996799989015, 5.144045536345882, 5.44657407183635, 3.0965213353051517, 4.342244282626209, 2.790833040509589, 4.893739391303955, 4.494206638551458, 2.3739278969673867], [6.856348139498169, 6.301723906995609, 6.470646527975393, 7.333045761482741, 4.9810968571189225, 5.2218746154996865, 4.40413504334279, 3.0073570888738836, 2.5281837472778754, 3.781728992141029, 1.409855967820827, 2.3462522029824506, 2.3891875167093937, 3.1600410804291768, 4.309453545404568, 1.5204438365161668, 2.677153152137546, 0.0, 1.2221575716739637, 6.286976331274041, 5.048705172616044, 2.735352240571587, 4.104433763626842, 2.8960304521879596, 3.223668719021854, 3.33238642117027, 3.9965316500685946, 2.897710287451111, 2.1647526556168026], [7.4517601263057305, 6.8349615660953065, 7.16150471618919, 7.7244681506237045, 5.400909924262762, 5.325802535768671, 4.253518850316759, 2.9284769505666253, 3.0275810691045084, 4.411953392772865, 2.3756269319907957, 3.53736080856901, 3.549191657265073, 4.141511311103713, 5.086307459247818, 2.4194991485842685, 3.2987305634137503, 1.2221575716739637, 0.0, 6.319392367941716, 4.652147707242323, 2.243344853115544, 4.956515022674703, 4.02680132238977, 4.3593415443160675, 4.473605951578659, 5.03962420622808, 3.675528144362385, 2.669244404321193], [3.425770146988849, 2.747581196252442, 3.9515623264729105, 2.5169431558936726, 2.165802301688684, 1.08891399568561, 2.1470171936898876, 3.402906911744722, 3.919701632777679, 3.4150403716500928, 5.342653567282834, 6.241488350545887, 7.576807876672076, 7.935887463919836, 9.63817039328523, 7.645615599152236, 8.34193038750624, 6.286976331274041, 6.319392367941716, 0.0, 2.4724062348246902, 4.263812644805117, 4.292346019369828, 6.40547766290696, 6.083868067274306, 8.403689254726165, 7.992193721375878, 7.39004641663366, 8.398787248763954], [5.341869127000399, 4.678352637414157, 5.701849613064168, 4.846236269518852, 3.401656646400397, 2.1531425359227847, 1.087944649327345, 2.1549274558555327, 3.4189587976458564, 3.8646606332251214, 4.620777108885473, 5.91761076448933, 6.92745802369094, 7.26035913367927, 8.75371863267263, 6.558304358597579, 7.3280996799989015, 5.048705172616044, 4.652147707242323, 2.4724062348246902, 0.0, 2.425854694741629, 4.951452227377338, 6.260068985242894, 6.084152664915633, 7.8990960989216985, 7.63211864884188, 6.5405683323393236, 7.098307377114632], [6.022178071927132, 5.3871546849891, 6.05614560343458, 6.0630341331712785, 3.8788788251246005, 3.379623035191943, 2.1232889016805983, 1.0860955298683446, 2.1773426418457893, 3.4015649765953317, 2.7386740386544726, 4.179624432888678, 4.8573788023994995, 5.258042733755594, 6.592980498985265, 4.252571431498829, 5.144045536345882, 2.735352240571587, 2.243344853115544, 4.263812644805117, 2.425854694741629, 0.0, 4.327634938393025, 4.662046475529818, 4.633027309438182, 5.866835571242815, 5.858930560264391, 4.5727103068093, 4.705253053768735], [3.184984874375387, 2.6858286914842506, 2.5371007961844954, 3.9640049672017312, 2.1380640916492655, 3.388275458105495, 3.8635101656395316, 3.3968348296612834, 2.174502540812496, 1.0874918896249295, 2.7061544468119334, 2.590999266692293, 4.094465644012659, 4.68285342392862, 6.435642005270338, 4.790966343025174, 5.44657407183635, 4.104433763626842, 4.956515022674703, 4.292346019369828, 4.951452227377338, 4.327634938393025, 0.0, 2.5955154671086054, 2.198033168539547, 4.617421351793661, 4.514497379554007, 4.671677945877691, 5.755297905408546], [5.768002686372468, 5.206061180969735, 4.787635379809119, 6.382704083693682, 4.437430770164195, 5.372578535489268, 5.278558683959098, 4.212968352598913, 2.9165300135606356, 3.086886345494437, 2.0711906744672253, 1.0962868693914016, 2.176287906045521, 3.4372845750679413, 4.872736947548062, 2.8322364166855847, 3.0965213353051517, 2.8960304521879596, 4.02680132238977, 6.40547766290696, 6.260068985242894, 4.662046475529818, 2.5955154671086054, 0.0, 1.7892170662052158, 2.392027186300356, 3.614401473273272, 3.868507310320093, 3.8932323691246586], [4.937343228903576, 4.78241926748377, 4.618086909099914, 6.104278139960531, 4.077834350485562, 5.070457962551311, 5.073758410685318, 4.09111952037581, 2.7541404085485546, 2.748908452458903, 2.111153509340332, 1.0946848724633038, 2.1768991386832783, 2.5870499144778787, 4.299724850499158, 3.32526633369419, 4.342244282626209, 3.223668719021854, 4.3593415443160675, 6.083868067274306, 6.084152664915633, 4.633027309438182, 2.198033168539547, 1.7892170662052158, 0.0, 2.697229409968681, 2.387112603125374, 2.8589269000798185, 4.162725283993648], [7.598731294762304, 7.3021878570740695, 6.952006629024458, 8.566291043386281, 6.491627597143878, 7.33185453892806, 7.01261451813801, 5.745274266734357, 4.597913233196119, 5.084658490990323, 3.279304141125065, 2.1674096197996353, 1.0967103035897858, 2.150657157707848, 2.8695899044985507, 2.198998749431204, 2.790833040509589, 3.33238642117027, 4.473605951578659, 8.403689254726165, 7.8990960989216985, 5.866835571242815, 4.617421351793661, 2.392027186300356, 2.697229409968681, 0.0, 2.5151212873338733, 3.080822080224692, 2.786082263681387], [6.771809641447403, 6.907748561579236, 6.856356497440896, 8.247251724665619, 6.177728366479057, 6.989143198561608, 6.76200603593342, 5.649263598912694, 4.58154422111148, 4.920394327693666, 3.598879495065096, 2.741605389183498, 2.1754804159081735, 1.0945635477211912, 2.343444245122977, 3.483830025991509, 4.893739391303955, 3.9965316500685946, 5.03962420622808, 7.992193721375878, 7.63211864884188, 5.858930560264391, 4.514497379554007, 3.614401473273272, 2.387112603125374, 2.5151212873338733, 0.0, 1.7718933940844186, 3.750489190758987], [6.930469399687152, 6.934897377034501, 7.152105613034528, 8.18080219355046, 5.889376402472507, 6.371579428210873, 5.828571511957282, 4.6250161178097535, 3.899585897246014, 4.6810541013750315, 2.9087384310040667, 2.810286908840448, 2.1967936908139554, 1.094695007753301, 2.354272671123717, 2.75168173486688, 4.494206638551458, 2.897710287451111, 3.675528144362385, 7.39004641663366, 6.5405683323393236, 4.5727103068093, 4.671677945877691, 3.868507310320093, 2.8589269000798185, 3.080822080224692, 1.7718933940844186, 0.0, 2.7810071071466176], [8.613295180707556, 8.205194041581223, 8.240023828242245, 9.334732179339694, 6.985709186618063, 7.328082821584373, 6.511672616156313, 5.113944154955155, 4.570488420289456, 5.6863481242358, 3.2379793961666894, 3.337680994343228, 2.2138365725590496, 2.680920276696045, 2.8584741734009076, 1.0921553918742517, 2.3739278969673867, 2.1647526556168026, 2.669244404321193, 8.398787248763954, 7.098307377114632, 4.705253053768735, 5.755297905408546, 3.8932323691246586, 4.162725283993648, 2.786082263681387, 3.750489190758987, 2.7810071071466176, 0.0]]}