{"total energy": -55.1861746, "HOMO-LUMO gap/eV": 2.49623234, "electronic energy": -55.68824942, "dipole": [-1.37021032, -0.01317388, 1.79890722], "partial charges": [-0.11483144, 0.09202969, -0.26295619, 0.32885406, -0.39891323, -0.05758734, -0.10184596, -0.19956764, 0.14678821, -0.05895991, 0.08517344, -0.1111395, 0.08335133, -0.1149677, -0.0502398, 0.07461923, -0.11872841, 0.05795101, 0.06155552, 0.05688088, 0.05615453, 0.03634748, 0.07488709, 0.06343317, 0.05941586, 0.05025047, 0.05513257, 0.10512632, 0.10178625], "atomic dipole moments": [[0.02188702, -0.08992032, -0.115322], [0.2041403, -0.13524718, 0.12711331], [-0.12540999, -0.01754559, -0.13282061], [0.03953117, 0.02428138, 0.2501385], [0.00667979, -0.05953479, 0.40415073], [0.0785355, -0.00713321, -0.06309958], [-0.0227377, 0.14292947, 0.03867742], [0.04454601, 0.13606247, -0.06666312], [-0.25039777, -0.11493697, -0.0156051], [0.03382836, -0.04012488, 0.01605674], [0.04301695, 0.18279527, -0.05577062], [0.01457372, 0.00239234, -0.02936186], [0.17518427, 0.08612684, 0.0046359], [0.00394974, 0.01681384, -0.01586633], [-0.04459398, 0.03403492, -0.02197468], [-0.07061885, -0.17323575, 0.04716952], [-0.01359799, 0.03605159, -0.03594033], [-0.10104241, 0.07625809, -0.02880467], [0.102016, 0.07386175, 0.02889018], [-0.02397364, -0.06176946, 0.10952728], [0.0342862, 0.06073861, -0.10099354], [-0.0914168, -0.07632619, -0.01925392], [-0.00403116, 0.00707671, 0.11837897], [-0.10870737, 0.02634891, -0.04035867], [0.00198509, -0.0154683, -0.12705303], [-0.09032361, -0.07473543, 0.04845985], [0.11398643, -0.03786491, 0.04454352], [-0.11156119, 0.10006106, -0.05371138], [0.1186128, -0.08984799, 0.05454238]], "atomic quadrupole moments": [[-0.12450671, -0.06683248, 0.03248211, -0.06637852, 0.20183408, 0.0920246], [0.12654985, -0.41009337, 0.02029387, 0.12947491, 0.04009367, -0.14684372], [0.0119273, -0.10369683, 0.03446287, 0.04937687, 0.03034616, -0.04639018], [0.81780191, -0.31971956, 0.4265944, 0.26107267, 0.11196089, -1.24439632], [-0.32743751, 0.00554995, -0.33967728, -0.06835501, -0.08151365, 0.66711479], [-0.04883463, 0.09008963, 0.19676132, -0.10318089, -0.00260996, -0.14792669], [-0.13334315, -0.05913664, 0.2577654, -0.01898292, 0.09583454, -0.12442225], [0.07706102, 0.01473968, -0.03503365, 0.03942281, -0.02858452, -0.04202737], [0.12943451, 0.18026638, -0.3136531, -0.08733912, 0.23864829, 0.18421859], [-0.20037942, 0.0083195, -0.16404911, -0.13041882, 0.21016118, 0.36442853], [-0.3941232, 0.05527386, 0.16277574, -0.15283939, 0.05086491, 0.23134746], [-0.2413012, 0.09482378, 0.39552496, -0.03803336, -0.18126802, -0.15422376], [0.10012635, 0.17056736, -0.27538175, -0.09247827, 0.22233574, 0.1752554], [0.37753245, 0.2362037, -0.16273422, 0.03869993, 0.03103204, -0.21479823], [-0.22638795, 0.00470201, -0.15495586, -0.14344122, 0.22373165, 0.38134381], [-0.36944174, 0.04334515, 0.1682484, -0.13859153, 0.03768173, 0.20119334], [-0.23921568, 0.10231456, 0.39228779, -0.04116935, -0.19172564, -0.1530721], [0.03212492, -0.05951995, -0.00495698, 0.03092369, -0.01412884, -0.02716794], [0.039089, 0.05929809, -0.00837225, 0.00220274, 0.01270891, -0.03071675], [-0.04493892, 0.02166095, 0.00781551, -0.02321877, -0.04871631, 0.03712342], [-0.01061349, -0.01252286, 0.00296663, -0.01976234, -0.03036838, 0.00764686], [0.02977731, 0.00849202, 0.0131669, 0.00454186, 0.00756351, -0.0429442], [-0.05865622, 0.00198088, -0.01726549, -0.01119742, -0.00461026, 0.07592171], [0.06053878, -0.01919909, -0.02211382, 0.04444788, 0.00053169, -0.03842496], [-0.05144059, -0.00442836, -0.02241453, 0.00400514, 0.00656175, 0.07385513], [0.02522526, 0.04164911, 0.00184974, -0.0459952, -0.01916773, -0.027075], [0.04482343, -0.02352858, -0.01485818, 0.04623414, -0.00320273, -0.02996525], [0.03648241, 0.01319335, 0.00739615, 0.01244399, -0.01867955, -0.04387855], [0.02478655, 0.00931125, 0.01973221, 0.01298398, -0.02453368, -0.04451877]], "number of molecular orbitals": 105, "number of electrons": 96, "number of unpaired electrons": 0, "orbital energies/eV": [-29.22766136, -29.1771655, -29.15415215, -20.85359148, -20.37666117, -19.53632397, -19.12011538, -18.64799329, -18.37012164, -18.20546941, -17.89289574, -17.55431881, -17.22600693, -17.04182332, -16.85511205, -16.46534335, -16.31604974, -16.0881901, -15.85844473, -15.73253568, -15.33969221, -15.23598163, -14.85203123, -14.65470727, -14.59345355, -14.4974162, -14.45699383, -14.31174913, -13.90851956, -13.74381518, -13.59958901, -13.494543, -13.36982089, -13.32962685, -13.12312586, -13.03446699, -12.87181327, -12.79217659, -12.57014611, -12.11057943, -12.03037571, -11.96705842, -11.91191283, -11.86322503, -11.65211905, -11.11891045, -10.08723234, -10.04895771, -7.55272537, -7.37200745, -4.8544744, -4.70278191, -4.55698874, -4.47081968, -4.125337, -3.95627052, -3.89805555, -1.75782864, -0.27672702, -0.2148271, -0.03381027, -0.01121646, -0.00789203, 0.0383014, 0.03921135, 0.04431115, 0.04696031, 0.22109084, 0.23564721, 0.30676001, 0.34725629, 0.5296217, 0.75667266, 0.9506185, 2.22107398, 2.4523607, 2.58585561, 2.93129928, 3.04622379, 3.2652, 3.29402203, 3.44750714, 3.58910112, 3.85945574, 3.91745406, 4.15591754, 4.26120244, 4.33549922, 4.46293195, 5.2632998, 5.89801163, 6.11384705, 6.17019716, 6.32419536, 7.90512039, 8.92055804, 9.89561429, 10.56000379, 10.64261591, 11.05232932, 14.80948849, 15.51584714, 26.79508619, 28.25609067, 34.11742182], "fractional occupation": [2.0, 2.0, 2.0, 2.0, 2.0, 2.0, 2.0, 2.0, 2.0, 2.0, 2.0, 2.0, 2.0, 2.0, 2.0, 2.0, 2.0, 2.0, 2.0, 2.0, 2.0, 2.0, 2.0, 2.0, 2.0, 2.0, 2.0, 2.0, 2.0, 2.0, 2.0, 2.0, 2.0, 2.0, 2.0, 2.0, 2.0, 2.0, 2.0, 2.0, 2.0, 2.0, 2.0, 2.0, 2.0, 2.0, 2.0, 2.0, 0.0, 0.0, 0.0, 0.0, 0.0, 0.0, 0.0, 0.0, 0.0, 0.0, 0.0, 0.0, 0.0, 0.0, 0.0, 0.0, 0.0, 0.0, 0.0, 0.0, 0.0, 0.0, 0.0, 0.0, 0.0, 0.0, 0.0, 0.0, 0.0, 0.0, 0.0, 0.0, 0.0, 0.0, 0.0, 0.0, 0.0, 0.0, 0.0, 0.0, 0.0, 0.0, 0.0, 0.0, 0.0, 0.0, 0.0, 0.0, 0.0, 0.0, 0.0, 0.0, 0.0, 0.0, 0.0, 0.0, 0.0], "program call": "xtb /home/svss/Project-DBcg-Debug/aqme2_20220329/End-to-End-workflows-final/example-3/QDESCP/mol_185_rdkit_conf_2/mol_185_rdkit_conf_2.xyz --pop --wbo --acc 0.2 --gfn 2 --chrg 0 --uhf 0 --etemp 300 --input /home/svss/Project-DBcg-Debug/aqme2_20220329/End-to-End-workflows-final/example-3/QDESCP/mol_185_rdkit_conf_2/mol_185_rdkit_conf_2_xtb.inp", "method": "GFN2-xTB", "xtb version": "6.3.3 (7355c4f)", "Dipole module/D": 5.748, "Total charge": 0, "Transition dipole module/D": NaN, "HOMO": -10.049, "LUMO": -7.5527, "HOMO occupancy": 2.0, "LUMO occupancy": 0, "mulliken charges": [-0.09563, 0.20634, -0.38105, 0.36117, -0.22504, -0.03414, -0.07722, -0.33456, 0.24792, -0.08027, 0.08591, -0.08928, 0.08306, -0.09326, -0.06773, 0.07578, -0.08432, 0.0346, 0.04507, 0.04248, 0.03031, 0.02244, 0.05281, 0.03809, 0.03444, 0.03021, 0.04161, 0.07319, 0.05708], "cm5 charges": [-0.24216, 0.12731, -0.44749, 0.27213, -0.19648, -0.1034, -0.22294, -0.37965, 0.27335, -0.12522, 0.08213, -0.09037, 0.07929, -0.09427, -0.11582, 0.07427, -0.08394, 0.08582, 0.0984, 0.0958, 0.09451, 0.0876, 0.11471, 0.09799, 0.08738, 0.08123, 0.09613, 0.1388, 0.11487], "FUKUI+": [0.006, 0.007, 0.009, -0.042, -0.05, 0.011, 0.008, -0.019, -0.053, -0.044, -0.05, -0.132, -0.042, -0.125, -0.045, -0.051, -0.133, -0.017, -0.0, -0.008, -0.005, -0.012, -0.015, -0.023, -0.009, -0.02, 0.004, -0.073, -0.076], "FUKUI-": [0.008, 0.012, 0.002, -0.122, -0.305, 0.024, 0.016, -0.007, -0.007, 0.0, -0.014, -0.117, -0.015, -0.124, -0.008, -0.015, -0.108, -0.022, -0.01, -0.013, -0.005, -0.012, -0.032, -0.026, -0.008, -0.033, -0.011, -0.016, -0.034], "FUKUIrad": [0.007, 0.01, 0.006, -0.082, -0.178, 0.018, 0.012, -0.013, -0.03, -0.022, -0.032, -0.125, -0.028, -0.125, -0.027, -0.033, -0.121, -0.019, -0.005, -0.011, -0.005, -0.012, -0.023, -0.025, -0.009, -0.026, -0.003, -0.044, -0.055], "s proportion": [1.012, 0.993, 1.654, 1.513, 1.887, 1.022, 1.007, 1.637, 1.013, 1.067, 1.079, 1.945, 1.077, 1.945, 1.065, 1.078, 1.944, 0.965, 0.955, 0.958, 0.97, 0.978, 0.947, 0.962, 0.966, 0.97, 0.958, 0.927, 0.943], "p proportion": [3.084, 2.8, 4.728, 2.096, 4.352, 3.012, 3.071, 4.698, 2.739, 3.013, 2.835, 5.154, 2.84, 5.158, 3.002, 2.846, 5.15, 0.0, 0.0, 0.0, 0.0, 0.0, 0.0, 0.0, 0.0, 0.0, 0.0, 0.0, 0.0], "d proportion": [0.0, 0.0, 0.0, 1.029, -0.014, 0.0, 0.0, 0.0, 0.0, 0.0, 0.0, -0.01, 0.0, -0.01, 0.0, 0.0, -0.01, 0.0, 0.0, 0.0, 0.0, 0.0, 0.0, 0.0, 0.0, 0.0, 0.0, 0.0, 0.0], "Fermi-level/eV": -8.8008, "Coordination numbers": [3.749, 3.897, 1.657, 3.939, 0.924, 3.75, 3.819, 1.662, 3.035, 2.957, 2.899, 0.965, 2.9, 0.966, 2.996, 2.879, 0.96, 0.924, 0.924, 0.924, 0.924, 0.924, 0.926, 0.926, 0.924, 0.924, 0.924, 0.925, 0.925], "Dispersion coefficient C6": [22.764, 19.01, 18.374, 146.448, 156.572, 21.673, 22.427, 17.341, 24.78, 29.464, 26.102, 102.619, 26.142, 102.74, 29.235, 26.33, 102.856, 2.223, 2.181, 2.236, 2.245, 2.498, 2.032, 2.159, 2.206, 2.317, 2.257, 1.739, 1.769], "Total dispersion C6": 17002.200407, "Total dispersion C8": 545084.919328, "Polarizability alpha": [6.805, 6.198, 5.787, 21.739, 21.164, 6.639, 6.74, 5.622, 8.165, 8.903, 8.377, 15.498, 8.383, 15.507, 8.869, 8.412, 15.516, 2.332, 2.309, 2.338, 2.343, 2.472, 2.229, 2.298, 2.323, 2.38, 2.349, 2.062, 2.08], "Total polarizability alpha": 205.839468, "Wiberg matrix": [[0.0, 1.0162305355719468, 0.0, 0.0, 0.0, 0.0, 0.0, 0.0, 0.0, 0.0, 0.0, 0.0, 0.0, 0.0, 0.0, 0.0, 0.0, 0.9814768657244355, 0.9840718426283258, 0.9848276437251887, 0.0, 0.0, 0.0, 0.0, 0.0, 0.0, 0.0, 0.0, 0.0], [1.0162305355719468, 0.0, 0.9231925823833925, 0.0, 0.0, 0.0, 0.0, 0.0, 0.0, 0.0, 0.0, 0.0, 0.0, 0.0, 0.0, 0.0, 0.0, 0.0, 0.0, 0.0, 0.969804998025059, 0.9691375257803445, 0.0, 0.0, 0.0, 0.0, 0.0, 0.0, 0.0], [0.0, 0.9231925823833925, 0.0, 1.2430605382687852, 0.0, 0.0, 0.0, 0.0, 0.0, 0.0, 0.0, 0.0, 0.0, 0.0, 0.0, 0.0, 0.0, 0.0, 0.0, 0.0, 0.0, 0.0, 0.0, 0.0, 0.0, 0.0, 0.0, 0.0, 0.0], [0.0, 0.0, 1.2430605382687852, 0.0, 1.6327237242496944, 0.9507572693403238, 0.0, 1.2103805925058035, 0.0, 0.0, 0.0, 0.0, 0.0, 0.0, 0.0, 0.0, 0.0, 0.0, 0.0, 0.0, 0.0, 0.0, 0.0, 0.0, 0.0, 0.0, 0.0, 0.0, 0.0], [0.0, 0.0, 0.0, 1.6327237242496944, 0.0, 0.0, 0.0, 0.0, 0.0, 0.0, 0.0, 0.0, 0.0, 0.0, 0.0, 0.0, 0.0, 0.0, 0.0, 0.0, 0.0, 0.0, 0.0, 0.0, 0.0, 0.0, 0.0, 0.0, 0.0], [0.0, 0.0, 0.0, 0.9507572693403238, 0.0, 0.0, 1.009191593033106, 0.0, 0.0, 0.0, 0.0, 0.0, 0.0, 0.0, 0.0, 0.0, 0.0, 0.0, 0.0, 0.0, 0.0, 0.0, 0.942720032261086, 0.944710757752875, 0.0, 0.0, 0.0, 0.0, 0.0], [0.0, 0.0, 0.0, 0.0, 0.0, 1.009191593033106, 0.0, 0.0, 0.0, 0.0, 0.0, 0.0, 0.0, 0.0, 0.0, 0.0, 0.0, 0.0, 0.0, 0.0, 0.0, 0.0, 0.0, 0.0, 0.981963337277745, 0.9835250988565998, 0.9826302517314982, 0.0, 0.0], [0.0, 0.0, 0.0, 1.2103805925058035, 0.0, 0.0, 0.0, 0.0, 1.0079515050391699, 0.0, 0.0, 0.0, 0.0, 0.0, 0.0, 0.0, 0.0, 0.0, 0.0, 0.0, 0.0, 0.0, 0.0, 0.0, 0.0, 0.0, 0.0, 0.0, 0.0], [0.0, 0.0, 0.0, 0.0, 0.0, 0.0, 0.0, 1.0079515050391699, 0.0, 1.3857192857076184, 0.0, 0.0, 0.0, 0.0, 0.0, 1.3243999043973824, 0.0, 0.0, 0.0, 0.0, 0.0, 0.0, 0.0, 0.0, 0.0, 0.0, 0.0, 0.0, 0.0], [0.0, 0.0, 0.0, 0.0, 0.0, 0.0, 0.0, 0.0, 1.3857192857076184, 0.0, 1.3904105572809615, 0.0, 0.0, 0.0, 0.0, 0.0, 0.0, 0.0, 0.0, 0.0, 0.0, 0.0, 0.0, 0.0, 0.0, 0.0, 0.0, 0.9441063641178484, 0.0], [0.0, 0.0, 0.0, 0.0, 0.0, 0.0, 0.0, 0.0, 0.0, 1.3904105572809615, 0.0, 1.0107576757071504, 1.3553562941799442, 0.0, 0.0, 0.0, 0.0, 0.0, 0.0, 0.0, 0.0, 0.0, 0.0, 0.0, 0.0, 0.0, 0.0, 0.0, 0.0], [0.0, 0.0, 0.0, 0.0, 0.0, 0.0, 0.0, 0.0, 0.0, 0.0, 1.0107576757071504, 0.0, 0.0, 0.0, 0.0, 0.0, 0.0, 0.0, 0.0, 0.0, 0.0, 0.0, 0.0, 0.0, 0.0, 0.0, 0.0, 0.0, 0.0], [0.0, 0.0, 0.0, 0.0, 0.0, 0.0, 0.0, 0.0, 0.0, 0.0, 1.3553562941799442, 0.0, 0.0, 1.0061579015550868, 1.3923799976164792, 0.0, 0.0, 0.0, 0.0, 0.0, 0.0, 0.0, 0.0, 0.0, 0.0, 0.0, 0.0, 0.0, 0.0], [0.0, 0.0, 0.0, 0.0, 0.0, 0.0, 0.0, 0.0, 0.0, 0.0, 0.0, 0.0, 1.0061579015550868, 0.0, 0.0, 0.0, 0.0, 0.0, 0.0, 0.0, 0.0, 0.0, 0.0, 0.0, 0.0, 0.0, 0.0, 0.0, 0.0], [0.0, 0.0, 0.0, 0.0, 0.0, 0.0, 0.0, 0.0, 0.0, 0.0, 0.0, 0.0, 1.3923799976164792, 0.0, 0.0, 1.4073410647043898, 0.0, 0.0, 0.0, 0.0, 0.0, 0.0, 0.0, 0.0, 0.0, 0.0, 0.0, 0.0, 0.9585126036975994], [0.0, 0.0, 0.0, 0.0, 0.0, 0.0, 0.0, 0.0, 1.3243999043973824, 0.0, 0.0, 0.0, 0.0, 0.0, 1.4073410647043898, 0.0, 1.0021416400339112, 0.0, 0.0, 0.0, 0.0, 0.0, 0.0, 0.0, 0.0, 0.0, 0.0, 0.0, 0.0], [0.0, 0.0, 0.0, 0.0, 0.0, 0.0, 0.0, 0.0, 0.0, 0.0, 0.0, 0.0, 0.0, 0.0, 0.0, 1.0021416400339112, 0.0, 0.0, 0.0, 0.0, 0.0, 0.0, 0.0, 0.0, 0.0, 0.0, 0.0, 0.0, 0.0], [0.9814768657244355, 0.0, 0.0, 0.0, 0.0, 0.0, 0.0, 0.0, 0.0, 0.0, 0.0, 0.0, 0.0, 0.0, 0.0, 0.0, 0.0, 0.0, 0.0, 0.0, 0.0, 0.0, 0.0, 0.0, 0.0, 0.0, 0.0, 0.0, 0.0], [0.9840718426283258, 0.0, 0.0, 0.0, 0.0, 0.0, 0.0, 0.0, 0.0, 0.0, 0.0, 0.0, 0.0, 0.0, 0.0, 0.0, 0.0, 0.0, 0.0, 0.0, 0.0, 0.0, 0.0, 0.0, 0.0, 0.0, 0.0, 0.0, 0.0], [0.9848276437251887, 0.0, 0.0, 0.0, 0.0, 0.0, 0.0, 0.0, 0.0, 0.0, 0.0, 0.0, 0.0, 0.0, 0.0, 0.0, 0.0, 0.0, 0.0, 0.0, 0.0, 0.0, 0.0, 0.0, 0.0, 0.0, 0.0, 0.0, 0.0], [0.0, 0.969804998025059, 0.0, 0.0, 0.0, 0.0, 0.0, 0.0, 0.0, 0.0, 0.0, 0.0, 0.0, 0.0, 0.0, 0.0, 0.0, 0.0, 0.0, 0.0, 0.0, 0.0, 0.0, 0.0, 0.0, 0.0, 0.0, 0.0, 0.0], [0.0, 0.9691375257803445, 0.0, 0.0, 0.0, 0.0, 0.0, 0.0, 0.0, 0.0, 0.0, 0.0, 0.0, 0.0, 0.0, 0.0, 0.0, 0.0, 0.0, 0.0, 0.0, 0.0, 0.0, 0.0, 0.0, 0.0, 0.0, 0.0, 0.0], [0.0, 0.0, 0.0, 0.0, 0.0, 0.942720032261086, 0.0, 0.0, 0.0, 0.0, 0.0, 0.0, 0.0, 0.0, 0.0, 0.0, 0.0, 0.0, 0.0, 0.0, 0.0, 0.0, 0.0, 0.0, 0.0, 0.0, 0.0, 0.0, 0.0], [0.0, 0.0, 0.0, 0.0, 0.0, 0.944710757752875, 0.0, 0.0, 0.0, 0.0, 0.0, 0.0, 0.0, 0.0, 0.0, 0.0, 0.0, 0.0, 0.0, 0.0, 0.0, 0.0, 0.0, 0.0, 0.0, 0.0, 0.0, 0.0, 0.0], [0.0, 0.0, 0.0, 0.0, 0.0, 0.0, 0.981963337277745, 0.0, 0.0, 0.0, 0.0, 0.0, 0.0, 0.0, 0.0, 0.0, 0.0, 0.0, 0.0, 0.0, 0.0, 0.0, 0.0, 0.0, 0.0, 0.0, 0.0, 0.0, 0.0], [0.0, 0.0, 0.0, 0.0, 0.0, 0.0, 0.9835250988565998, 0.0, 0.0, 0.0, 0.0, 0.0, 0.0, 0.0, 0.0, 0.0, 0.0, 0.0, 0.0, 0.0, 0.0, 0.0, 0.0, 0.0, 0.0, 0.0, 0.0, 0.0, 0.0], [0.0, 0.0, 0.0, 0.0, 0.0, 0.0, 0.9826302517314982, 0.0, 0.0, 0.0, 0.0, 0.0, 0.0, 0.0, 0.0, 0.0, 0.0, 0.0, 0.0, 0.0, 0.0, 0.0, 0.0, 0.0, 0.0, 0.0, 0.0, 0.0, 0.0], [0.0, 0.0, 0.0, 0.0, 0.0, 0.0, 0.0, 0.0, 0.0, 0.9441063641178484, 0.0, 0.0, 0.0, 0.0, 0.0, 0.0, 0.0, 0.0, 0.0, 0.0, 0.0, 0.0, 0.0, 0.0, 0.0, 0.0, 0.0, 0.0, 0.0], [0.0, 0.0, 0.0, 0.0, 0.0, 0.0, 0.0, 0.0, 0.0, 0.0, 0.0, 0.0, 0.0, 0.0, 0.9585126036975994, 0.0, 0.0, 0.0, 0.0, 0.0, 0.0, 0.0, 0.0, 0.0, 0.0, 0.0, 0.0, 0.0, 0.0]], "Born radii": [], "Atomic SASAs": [], "Solvent H bonds": [], "Total SASA": NaN, "Total FOD": 0.0, "FOD": [0.0, 0.0, 0.0, 0.0, 0.0, 0.0, 0.0, 0.0, 0.0, 0.0, 0.0, 0.0, 0.0, 0.0, 0.0, 0.0, 0.0, 0.0, 0.0, 0.0, 0.0, 0.0, 0.0, 0.0, 0.0, 0.0, 0.0, 0.0, 0.0], "FOD s proportion": [0.0, 0.0, 0.0, 0.0, 0.0, 0.0, 0.0, 0.0, 0.0, 0.0, 0.0, 0.0, 0.0, 0.0, 0.0, 0.0, 0.0, 0.0, 0.0, 0.0, 0.0, 0.0, 0.0, 0.0, 0.0, 0.0, 0.0, 0.0, 0.0], "FOD p proportion": [0.0, 0.0, 0.0, 0.0, 0.0, 0.0, 0.0, 0.0, 0.0, 0.0, 0.0, 0.0, 0.0, 0.0, 0.0, 0.0, 0.0, 0.0, 0.0, 0.0, 0.0, 0.0, 0.0, 0.0, 0.0, 0.0, 0.0, 0.0, 0.0], "FOD d proportion": [0.0, 0.0, 0.0, 0.0, 0.0, 0.0, 0.0, 0.0, 0.0, 0.0, 0.0, 0.0, 0.0, 0.0, 0.0, 0.0, 0.0, 0.0, 0.0, 0.0, 0.0, 0.0, 0.0, 0.0, 0.0, 0.0, 0.0, 0.0, 0.0], "coordinates": [["-2.64800", "2.64730", "0.70940"], ["-2.33380", "1.68030", "-0.41350"], ["-1.21740", "0.89320", "-0.02950"], ["-0.87260", "-0.46230", "-0.85310"], ["-0.70410", "-0.28840", "-2.78130"], ["-2.13280", "-1.60770", "-0.23900"], ["-1.88430", "-3.06040", "-0.60040"], ["0.43020", "-0.99780", "-0.06130"], ["1.67010", "-0.41970", "-0.02290"], ["1.91570", "0.89480", "-0.42110"], ["3.21030", "1.42400", "-0.34370"], ["3.43780", "3.06110", "-0.84920"], ["4.26360", "0.63710", "0.13590"], ["5.88170", "1.22910", "0.25890"], ["4.02090", "-0.67640", "0.54070"], ["2.72890", "-1.19910", "0.46340"], ["2.47450", "-2.82870", "0.97940"], ["-3.50000", "3.28230", "0.45100"], ["-1.78370", "3.28480", "0.92280"], ["-2.87870", "2.10420", "1.63190"], ["-2.08570", "2.23480", "-1.32340"], ["-3.19970", "1.04210", "-0.61060"], ["-2.17390", "-1.51610", "0.85220"], ["-3.11130", "-1.30440", "-0.62550"], ["-1.87490", "-3.19720", "-1.68550"], ["-2.66690", "-3.69930", "-0.18030"], ["-0.91840", "-3.39780", "-0.21280"], ["1.11720", "1.53160", "-0.78940"], ["4.83520", "-1.29150", "0.91600"]], "bond_dist": [[0.0, 1.5148316903207433, 2.381062027751482, 3.906797098647433, 4.958030676589244, 4.3897515419440305, 5.905645859683765, 4.832809507936352, 5.3468439195473065, 5.017633325582889, 6.0766077205954305, 6.295826080825296, 7.220804723159324, 8.658523175461275, 7.4531650048821545, 6.6156150560624365, 7.503298091506162, 1.0935719272183242, 1.09497045622245, 1.095073673320658, 2.1490959448102824, 2.150218577261391, 4.192739225136712, 4.196729415866598, 6.363286090535298, 6.408685891819009, 6.354935326972258, 4.203322372837944, 8.45902543086377], [1.5148316903207433, 0.0, 1.4189190850784974, 2.6304160051216234, 3.483988894930637, 3.298756621819803, 4.765628851473854, 3.8647070328810176, 4.538037413904826, 4.321494910329064, 5.5504600295831334, 5.950446175708172, 6.701924601187335, 8.255310015377981, 6.844468176564196, 5.889892126346627, 6.73728434163202, 2.1618942365434997, 2.1593350712661525, 2.158765475914417, 1.0940483855844767, 1.0935860551415237, 3.441589379923177, 3.0915828211451815, 5.061479967361325, 5.394945227710843, 5.275484552152532, 3.474595444076907, 7.873609495650645], [2.381062027751482, 1.4189190850784974, 0.0, 1.623140243478671, 3.038430300336014, 2.671394433624507, 4.049893255383406, 2.5082818820858237, 3.1719719765470815, 3.157478223202814, 4.470458317667216, 5.200248603672714, 5.489472230551859, 7.112891407859395, 5.498050480852282, 4.493768283968366, 5.338590116313482, 3.3390031176984545, 2.635777217444601, 2.6432345052983854, 2.056213184472855, 2.0710774273310015, 2.7380674991679808, 2.961675027750344, 4.461615672601126, 4.818178819844693, 4.305308454687074, 2.536801082071671, 6.503910446800448], [3.906797098647433, 2.6304160051216234, 1.623140243478671, 0.0, 1.9433447198065503, 1.8102939015530046, 2.799556713124419, 1.6158574596789161, 2.675139265533666, 3.1309681090678647, 4.526332782728199, 5.567217521347626, 5.344843477595953, 7.0510954078072166, 5.092627956173512, 3.904721339609268, 4.490098397585514, 4.756672863462443, 4.245548542885831, 4.0971434512352625, 2.9945186775173065, 2.7816218326724425, 2.3899632256585037, 2.4026468446278155, 3.0293849309719625, 3.7616939442224697, 3.0048697109858193, 2.817622923671654, 6.032931981217756], [4.958030676589244, 3.483988894930637, 3.038430300336014, 1.9433447198065503, 0.0, 3.2007851333696236, 3.7192984351890885, 3.031218377154638, 3.641817662926029, 3.7193895090458056, 4.919017674292297, 5.666347701121067, 5.834779291455676, 7.410693889913414, 5.788942304082845, 4.810711130383948, 5.540711735869319, 5.569085974376765, 5.258673902230485, 5.470809278342648, 3.2250316603097096, 3.5651350745799237, 4.107296139798054, 3.3873797366105856, 3.3215459834239844, 4.717205067622141, 4.038747961930777, 3.255333976721897, 6.734989338521629], [4.3897515419440305, 3.298756621819803, 2.671394433624507, 1.8102939015530046, 3.2007851333696236, 0.0, 1.5174648266104886, 2.64055378661371, 3.9899989498745487, 4.7629842441477805, 6.144174850213818, 7.293944189531478, 6.789227497293045, 8.516310756424991, 6.272421818564183, 4.929142583654889, 4.919609013935966, 5.124200995277215, 5.040655344298002, 4.2231309747626815, 3.9928621338583676, 2.8805906009011415, 1.095808929512805, 1.0949134166681855, 2.1645749952357853, 2.1595136165349826, 2.1633103822614084, 4.551993480882853, 7.070150736724076], [5.905645859683765, 4.765628851473854, 4.049893255383406, 2.799556713124419, 3.7192984351890885, 1.5174648266104886, 0.0, 3.1467217576392104, 4.465485651079846, 5.487782387267192, 6.79195755360706, 8.11538120484799, 7.21181796428612, 8.913414763153344, 6.469694911663146, 5.08701507467788, 4.642045925020562, 6.629160711583331, 6.526241003824484, 5.713587997922146, 5.3481243441042015, 4.308234841556342, 2.1398077974434995, 2.1423573488099503, 1.0937296786683628, 1.0941389217096702, 1.0940910976696594, 5.489188214116911, 7.11197275163509], [4.832809507936352, 3.8647070328810176, 2.5082818820858237, 1.6158574596789161, 3.031218377154638, 2.64055378661371, 3.1467217576392104, 0.0, 1.3685854668233182, 2.4327147489995617, 3.6978130036549985, 5.11283809444422, 4.172138709343207, 5.897496409494456, 3.6549731120762026, 2.366400952924081, 2.9350321616636506, 5.833367752850835, 4.920413476528167, 4.841296257202196, 4.286298167416728, 4.1998924402893945, 2.8079269844495602, 3.599242621719186, 3.576153241962654, 4.1114829027979685, 2.7571133835952417, 2.72028729548921, 4.521658985372515], [5.3468439195473065, 4.538037413904826, 3.1719719765470815, 2.675139265533666, 3.641817662926029, 3.9899989498745487, 4.465485651079846, 1.3685854668233182, 0.0, 1.3952751879109726, 2.4237075669312915, 3.9904264960026516, 2.80504651120084, 4.531614198053493, 2.431008122158378, 1.401787961854431, 2.7303746354667155, 6.376466044761785, 5.152320174445684, 5.458939062675091, 4.77950877601454, 5.1183202879460366, 4.091971281668531, 4.899755790853254, 4.800601005082593, 5.43968013030178, 3.9503764213046835, 2.168131073067309, 3.4145902331026496], [5.017633325582889, 4.321494910329064, 3.157478223202814, 3.1309681090678647, 3.7193895090458056, 4.7629842441477805, 5.487782387267192, 2.4327147489995617, 1.3952751879109726, 0.0, 1.4007257261862511, 2.6819607957611913, 2.4267864965834964, 4.037736059972222, 2.797426624596256, 2.414135808110223, 4.017226647825587, 5.982517960691802, 4.604750543731983, 5.3538517648511705, 4.315199560854631, 5.12102769959312, 4.915135792630759, 5.490809503160714, 5.719424771775567, 6.493378335658566, 5.148002181429219, 1.0857077783639575, 3.884742507554394], [6.0766077205954305, 5.5504600295831334, 4.470458317667216, 4.526332782728199, 4.919017674292297, 6.144174850213818, 6.79195755360706, 3.6978130036549985, 2.4237075669312915, 1.4007257261862511, 0.0, 1.7284047298014436, 1.399524440658326, 2.745449094410603, 2.4188666519674045, 2.786361423074903, 4.514139180397521, 7.008063432218632, 5.4778312213868, 6.437514147557271, 5.446542456458042, 6.426910861370336, 6.250117955686917, 6.89102346244736, 7.00108389608352, 7.798485897275189, 6.349256156432815, 2.142730468351071, 3.4060364575265485], [6.295826080825296, 5.950446175708172, 5.200248603672714, 5.567217521347626, 5.666347701121067, 7.293944189531478, 8.11538120484799, 5.11283809444422, 3.9904264960026516, 2.6819607957611913, 1.7284047298014436, 0.0, 2.7437462801797112, 3.249116313707467, 4.029979388284759, 4.513841159145945, 6.241912278300617, 7.062047742687669, 5.5185222605331585, 6.853443446180904, 5.605059284253826, 6.941879947823932, 7.438864072558391, 7.873902637828334, 8.251696666140848, 9.133334410827189, 7.816576783349602, 2.779951555333294, 4.900386164375212], [7.220804723159324, 6.701924601187335, 5.489472230551859, 5.344843477595953, 5.834779291455676, 6.789227497293045, 7.21181796428612, 4.172138709343207, 2.80504651120084, 2.4267864965834964, 1.399524440658326, 2.7437462801797112, 0.0, 1.7273796947978752, 1.3957251090383092, 2.4154069594997862, 3.990506321257993, 8.207914230180528, 6.648260237836663, 7.443308921440787, 6.707891790272112, 7.511466843433445, 6.82574261014873, 7.664091741361138, 7.4632792189492685, 8.18145327249383, 6.576863515384823, 3.399432790922627, 2.157494039389217], [8.658523175461275, 8.255310015377981, 7.112891407859395, 7.0510954078072166, 7.410693889913414, 8.516310756424991, 8.913414763153344, 5.897496409494456, 4.531614198053493, 4.037736059972222, 2.745449094410603, 3.249116313707467, 1.7273796947978752, 0.0, 2.678230410177586, 3.984736293658591, 5.347323903598884, 9.60566642872841, 7.9639828515636575, 8.910417339833192, 8.185020985923005, 9.124846585559672, 8.531167522092156, 9.384819370131744, 9.139894234070765, 9.87727620146364, 8.238450370670446, 4.88783176776779, 2.8071991414931716], [7.4531650048821545, 6.844468176564196, 5.498050480852282, 5.092627956173512, 5.788942304082845, 6.272421818564183, 6.469694911663146, 3.6549731120762026, 2.431008122158378, 2.797426624596256, 2.4188666519674045, 4.029979388284759, 1.3957251090383092, 2.678230410177586, 0.0, 1.3958705455736218, 2.6862996742731444, 8.499605202007913, 7.037789923690534, 7.518439596086411, 7.017158813223483, 7.511045087070108, 6.259207248525967, 7.254149383628656, 6.787551599803865, 7.3745802761919945, 5.6895047851284914, 3.8827701065090117, 1.0873281887268444], [6.6156150560624365, 5.889892126346627, 4.493768283968366, 3.904721339609268, 4.810711130383948, 4.929142583654889, 5.08701507467788, 2.366400952924081, 1.401787961854431, 2.414135808110223, 2.786361423074903, 4.513841159145945, 2.4154069594997862, 3.984736293658591, 1.3958705455736218, 0.0, 1.728169991638554, 7.673479975213332, 6.378084848134274, 6.612288628001655, 6.17775821880397, 6.428433043907356, 4.9283975367253, 5.941778129482789, 5.459409240934407, 5.981639187547172, 4.312113799518746, 3.4093705020135316, 2.1563590169542737], [7.503298091506162, 6.73728434163202, 5.338590116313482, 4.490098397585514, 5.540711735869319, 4.919609013935966, 4.642045925020562, 2.9350321616636506, 2.7303746354667155, 4.017226647825587, 4.514139180397521, 6.241912278300617, 3.990506321257993, 5.347323903598884, 2.6862996742731444, 1.728169991638554, 0.0, 8.562603448134219, 7.450527031693799, 7.308625650558386, 7.192867587409071, 7.050371499431785, 4.831844488391571, 6.008357191445929, 5.114172916513481, 5.341988619418802, 3.6410144273265383, 4.89725768364296, 2.81778421636576], [1.0935719272183242, 2.1618942365434997, 3.3390031176984545, 4.756672863462443, 5.569085974376765, 5.124200995277215, 6.629160711583331, 5.833367752850835, 6.376466044761785, 5.982517960691802, 7.008063432218632, 7.062047742687669, 8.207914230180528, 9.60566642872841, 8.499605202007913, 7.673479975213332, 8.562603448134219, 0.0, 1.7799683087066467, 1.7800163229588655, 2.499199091709182, 2.497132493481273, 4.994411397752492, 4.7273414124643045, 7.013522831644593, 7.059414555046332, 7.192289274632938, 5.091372947447477, 9.51900364954232], [1.09497045622245, 2.1593350712661525, 2.635777217444601, 4.245548542885831, 5.258673902230485, 5.040655344298002, 6.526241003824484, 4.920413476528167, 5.152320174445684, 4.604750543731983, 5.4778312213868, 5.5185222605331585, 6.648260237836663, 7.9639828515636575, 7.037789923690534, 6.378084848134274, 7.450527031693799, 1.7799683087066467, 0.0, 1.7594499623461872, 2.497822739907698, 3.063670160118416, 4.817248302713906, 5.022002717044267, 6.9876942069612635, 7.1256245101745295, 6.8334086816171045, 3.7974412293016466, 8.046887916455653], [1.095073673320658, 2.158765475914417, 2.6432345052983854, 4.0971434512352625, 5.470809278342648, 4.2231309747626815, 5.713587997922146, 4.841296257202196, 5.458939062675091, 5.3538517648511705, 6.437514147557271, 6.853443446180904, 7.443308921440787, 8.910417339833192, 7.518439596086411, 6.612288628001655, 7.308625650558386, 1.7800163229588655, 1.7594499623461872, 0.0, 3.0626301523363866, 2.501979947961214, 3.7697807920355264, 4.0949372986652675, 6.33384552700806, 6.083546690048495, 6.125169236845624, 4.707205249402239, 8.458578161251452], [2.1490959448102824, 1.0940483855844767, 2.056213184472855, 2.9945186775173065, 3.2250316603097096, 3.9928621338583676, 5.3481243441042015, 4.286298167416728, 4.77950877601454, 4.315199560854631, 5.446542456458042, 5.605059284253826, 6.707891790272112, 8.185020985923005, 7.017158813223483, 6.17775821880397, 7.192867587409071, 2.499199091709182, 2.497822739907698, 3.0626301523363866, 0.0, 1.7809023358960479, 4.337080286321663, 3.750314174839223, 5.448135190136163, 6.071080123009414, 5.858515546621004, 3.32238087070101, 8.083845672698112], [2.150218577261391, 1.0935860551415237, 2.0710774273310015, 2.7816218326724425, 3.5651350745799237, 2.8805906009011415, 4.308234841556342, 4.1998924402893945, 5.1183202879460366, 5.12102769959312, 6.426910861370336, 6.941879947823932, 7.511466843433445, 9.124846585559672, 7.511045087070108, 6.428433043907356, 7.050371499431785, 2.497132493481273, 3.063670160118416, 2.501979947961214, 1.7809023358960479, 0.0, 3.120326380364721, 2.34821183456689, 4.5697012528173, 4.790606213205173, 5.007522994455442, 4.34824163312022, 8.505046415511206], [4.192739225136712, 3.441589379923177, 2.7380674991679808, 2.3899632256585037, 4.107296139798054, 1.095808929512805, 2.1398077974434995, 2.8079269844495602, 4.091971281668531, 4.915135792630759, 6.250117955686917, 7.438864072558391, 6.82574261014873, 8.531167522092156, 6.259207248525967, 4.9283975367253, 4.831844488391571, 4.994411397752492, 4.817248302713906, 3.7697807920355264, 4.337080286321663, 3.120326380364721, 0.0, 1.762706141136406, 3.058663024917913, 2.464846342066783, 2.5002600144784943, 4.7764699370978985, 7.012987837576792], [4.196729415866598, 3.0915828211451815, 2.961675027750344, 2.4026468446278155, 3.3873797366105856, 1.0949134166681855, 2.1423573488099503, 3.599242621719186, 4.899755790853254, 5.490809503160714, 6.89102346244736, 7.873902637828334, 7.664091741361138, 9.384819370131744, 7.254149383628656, 5.941778129482789, 6.008357191445929, 4.7273414124643045, 5.022002717044267, 4.0949372986652675, 3.750314174839223, 2.34821183456689, 1.762706141136406, 0.0, 2.4969935522543905, 2.4761341663972893, 3.0596495322177013, 5.094111449507166, 8.09464334668304], [6.363286090535298, 5.061479967361325, 4.461615672601126, 3.0293849309719625, 3.3215459834239844, 2.1645749952357853, 1.0937296786683628, 3.576153241962654, 4.800601005082593, 5.719424771775567, 7.00108389608352, 8.251696666140848, 7.4632792189492685, 9.139894234070765, 6.787551599803865, 5.459409240934407, 5.114172916513481, 7.013522831644593, 6.9876942069612635, 6.33384552700806, 5.448135190136163, 4.5697012528173, 3.058663024917913, 2.4969935522543905, 0.0, 1.7734135022605417, 1.7674778357874819, 5.667204518984646, 7.444792592812778], [6.408685891819009, 5.394945227710843, 4.818178819844693, 3.7616939442224697, 4.717205067622141, 2.1595136165349826, 1.0941389217096702, 4.1114829027979685, 5.43968013030178, 6.493378335658566, 7.798485897275189, 9.133334410827189, 8.18145327249383, 9.87727620146364, 7.3745802761919945, 5.981639187547172, 5.341988619418802, 7.059414555046332, 7.1256245101745295, 6.083546690048495, 6.071080123009414, 4.790606213205173, 2.464846342066783, 2.4761341663972893, 1.7734135022605417, 0.0, 1.7746015750021187, 6.4848076633004315, 7.9549279657329395], [6.354935326972258, 5.275484552152532, 4.305308454687074, 3.0048697109858193, 4.038747961930777, 2.1633103822614084, 1.0940910976696594, 2.7571133835952417, 3.9503764213046835, 5.148002181429219, 6.349256156432815, 7.816576783349602, 6.576863515384823, 8.238450370670446, 5.6895047851284914, 4.312113799518746, 3.6410144273265383, 7.192289274632938, 6.8334086816171045, 6.125169236845624, 5.858515546621004, 5.007522994455442, 2.5002600144784943, 3.0596495322177013, 1.7674778357874819, 1.7746015750021187, 0.0, 5.364244520899471, 6.230136602836249], [4.203322372837944, 3.474595444076907, 2.536801082071671, 2.817622923671654, 3.255333976721897, 4.551993480882853, 5.489188214116911, 2.72028729548921, 2.168131073067309, 1.0857077783639575, 2.142730468351071, 2.779951555333294, 3.399432790922627, 4.88783176776779, 3.8827701065090117, 3.4093705020135316, 4.89725768364296, 5.091372947447477, 3.7974412293016466, 4.707205249402239, 3.32238087070101, 4.34824163312022, 4.7764699370978985, 5.094111449507166, 5.667204518984646, 6.4848076633004315, 5.364244520899471, 0.0, 4.970091223508881], [8.45902543086377, 7.873609495650645, 6.503910446800448, 6.032931981217756, 6.734989338521629, 7.070150736724076, 7.11197275163509, 4.521658985372515, 3.4145902331026496, 3.884742507554394, 3.4060364575265485, 4.900386164375212, 2.157494039389217, 2.8071991414931716, 1.0873281887268444, 2.1563590169542737, 2.81778421636576, 9.51900364954232, 8.046887916455653, 8.458578161251452, 8.083845672698112, 8.505046415511206, 7.012987837576792, 8.09464334668304, 7.444792592812778, 7.9549279657329395, 6.230136602836249, 4.970091223508881, 0.0]]}