{"total energy": -20.88332244, "HOMO-LUMO gap/eV": 11.86723802, "electronic energy": -21.13775503, "dipole": [0.25868288, 0.156565, -0.61856003], "partial charges": [-0.10153201, -0.05159446, -0.0596734, -0.06278774, 0.08636218, -0.44710129, 0.03183989, 0.03389874, 0.03638473, 0.02963417, 0.03204322, 0.03127265, 0.02736949, 0.05091698, 0.04741491, 0.01629089, 0.01580793, 0.28345312], "atomic dipole moments": [[0.06262622, -0.06274802, -0.05608457], [0.04257643, 0.09691753, 0.04659779], [-0.03654515, -0.02983114, 0.10054577], [0.06946193, 0.03187777, -0.11295774], [0.02102152, -0.01747639, 0.19207488], [0.02425676, 0.03582784, -0.23842858], [-0.11678927, -0.04297915, -0.00507862], [-0.0018788, 0.11781054, -0.04554672], [0.03106261, 0.00399017, 0.12268511], [-0.04617408, -0.01192567, -0.11106629], [-0.00370611, -0.11454118, 0.04801361], [0.00134456, 0.11169072, -0.05401111], [0.05804824, -0.07164301, -0.07908124], [-0.05520663, 0.07687176, 0.08392877], [-0.00538388, -0.11101657, 0.06039728], [0.01292832, 0.11028357, -0.03880014], [0.06464362, -0.07654394, -0.06147846], [0.07163978, 0.02278686, -0.02395893]], "atomic quadrupole moments": [[0.01905467, -0.11701454, 0.00972484, -0.10780294, 0.11804463, -0.0287795], [0.17850297, -0.0049179, -0.06172302, -0.1194955, 0.10198229, -0.11677995], [0.13939353, 0.10571458, -0.18435627, 0.10351703, 0.0015967, 0.04496275], [0.1911592, 0.10926485, -0.22373743, 0.08948134, -0.01239203, 0.03257823], [0.06644558, 0.08882804, -0.34128534, 0.25187093, -0.00682045, 0.27483975], [-0.02100442, 0.01881933, -0.1222018, 0.08912445, -0.0083688, 0.14320622], [0.06416447, 0.04303204, -0.0218546, 0.00313424, 0.01701393, -0.04230988], [-0.04469133, 0.00466624, 0.05974712, -0.01485491, -0.04490858, -0.0150558], [-0.02261686, -0.01310821, -0.03929261, 0.04283922, 0.00297461, 0.06190947], [0.00017398, -0.00704593, -0.04911281, 0.02209088, 0.00304525, 0.04893883], [-0.02106102, -0.01238899, 0.03213247, -0.00891612, -0.04184236, -0.01107145], [-0.02677378, -0.00154512, 0.0521683, 0.01437097, -0.02371162, -0.02539453], [0.006377, -0.03001317, 0.00082997, -0.01557186, 0.04129579, -0.00720697], [-0.00575564, -0.02999476, 0.0170631, -0.01827934, 0.03449639, -0.01130747], [-0.02684777, -0.00126621, 0.05278608, 0.00377744, -0.02566367, -0.02593832], [-0.02379101, 0.00086987, 0.0311099, 0.01961565, -0.02711037, -0.00731889], [-0.00796921, -0.02241848, -0.00040494, -0.00184979, 0.03641048, 0.00837415], [0.11731092, 0.05999492, -0.0749316, -0.01444968, -0.01019781, -0.04237932]], "number of molecular orbitals": 36, "number of electrons": 38, "number of unpaired electrons": 0, "orbital energies/eV": [-18.5928495, -17.12175819, -16.78914265, -16.1453879, -15.63679716, -15.39689458, -14.83694246, -14.471793, -14.02657196, -13.69378419, -13.4044481, -13.02235706, -12.65268344, -12.34052607, -12.16379828, -11.70905996, -11.57498757, -11.53843458, -11.05714071, 0.81009731, 2.46872368, 2.84148967, 3.21213925, 3.61296328, 3.68475042, 3.90903002, 4.05988604, 4.62630851, 4.99618659, 5.48493799, 6.14203705, 6.43046443, 6.77119576, 7.21372572, 7.88824149, 8.15940602], "fractional occupation": [2.0, 2.0, 2.0, 2.0, 2.0, 2.0, 2.0, 2.0, 2.0, 2.0, 2.0, 2.0, 2.0, 2.0, 2.0, 2.0, 2.0, 2.0, 2.0, 0.0, 0.0, 0.0, 0.0, 0.0, 0.0, 0.0, 0.0, 0.0, 0.0, 0.0, 0.0, 0.0, 0.0, 0.0, 0.0, 0.0], "program call": "xtb /home/svss/Project-DBcg-Debug/aqme2_20220329/End-to-End-workflows-final/example-3/QDESCP/mol_461_rdkit_conf_5/mol_461_rdkit_conf_5.xyz --pop --wbo --acc 0.2 --gfn 2 --chrg 0 --uhf 0 --etemp 300 --input /home/svss/Project-DBcg-Debug/aqme2_20220329/End-to-End-workflows-final/example-3/QDESCP/mol_461_rdkit_conf_5/mol_461_rdkit_conf_5_xtb.inp", "method": "GFN2-xTB", "xtb version": "6.3.3 (7355c4f)", "Dipole module/D": 1.75, "Total charge": 0, "Transition dipole module/D": NaN, "HOMO": -11.0571, "LUMO": 0.8101, "HOMO occupancy": 2.0, "LUMO occupancy": 0, "mulliken charges": [-0.08538, -0.03724, -0.05182, -0.05461, 0.19971, -0.56943, 0.02861, 0.0269, 0.02935, 0.02322, 0.02395, 0.02191, 0.02174, 0.03727, 0.03657, 0.0073, 0.00713, 0.33481], "cm5 charges": [-0.23582, -0.14959, -0.162, -0.16191, 0.11251, -0.78332, 0.07939, 0.07831, 0.0811, 0.07744, 0.07855, 0.07719, 0.07672, 0.09514, 0.09391, 0.06982, 0.06966, 0.5029], "FUKUI+": [0.023, -0.005, -0.033, -0.011, -0.022, -0.144, -0.052, -0.034, -0.021, -0.075, -0.051, -0.06, -0.058, -0.065, -0.068, -0.088, -0.087, -0.15], "FUKUI-": [0.019, 0.009, 0.018, 0.008, 0.023, -0.12, -0.062, -0.07, -0.086, -0.105, -0.079, -0.056, -0.061, -0.082, -0.075, -0.109, -0.113, -0.06], "FUKUIrad": [0.021, 0.002, -0.007, -0.002, 0.001, -0.132, -0.057, -0.052, -0.053, -0.09, -0.065, -0.058, -0.059, -0.074, -0.071, -0.099, -0.1, -0.105], "s proportion": [1.007, 1.026, 1.032, 1.032, 0.991, 1.695, 0.971, 0.973, 0.971, 0.977, 0.976, 0.978, 0.978, 0.963, 0.963, 0.993, 0.993, 0.665], "p proportion": [3.078, 3.011, 3.02, 3.022, 2.809, 4.874, 0.0, 0.0, 0.0, 0.0, 0.0, 0.0, 0.0, 0.0, 0.0, 0.0, 0.0, 0.0], "d proportion": [0.0, 0.0, 0.0, 0.0, 0.0, 0.0, 0.0, 0.0, 0.0, 0.0, 0.0, 0.0, 0.0, 0.0, 0.0, 0.0, 0.0, 0.0], "Fermi-level/eV": -5.1235, "Coordination numbers": [3.749, 3.799, 3.801, 3.8, 3.675, 1.653, 0.924, 0.924, 0.924, 0.924, 0.924, 0.924, 0.924, 0.924, 0.924, 0.924, 0.924, 0.804], "Dispersion coefficient C6": [22.505, 21.502, 21.648, 21.707, 19.365, 21.786, 2.561, 2.532, 2.498, 2.592, 2.558, 2.569, 2.624, 2.309, 2.353, 2.79, 2.798, 0.773], "Total dispersion C6": 2128.985481, "Total dispersion C8": 43687.154539, "Polarizability alpha": [6.766, 6.602, 6.624, 6.634, 6.305, 6.301, 2.502, 2.488, 2.471, 2.518, 2.501, 2.506, 2.533, 2.376, 2.399, 2.612, 2.616, 1.381], "Total polarizability alpha": 68.137178, "Wiberg matrix": [[0.0, 1.0211693903385721, 0.0, 0.0, 0.0, 0.0, 0.9872120798100367, 0.9873416569108162, 0.9859624174552926, 0.0, 0.0, 0.0, 0.0, 0.0, 0.0, 0.0, 0.0, 0.0], [1.0211693903385721, 0.0, 1.0072111700991593, 0.0, 0.0, 0.0, 0.0, 0.0, 0.0, 0.9779546312774359, 0.9776851835382467, 0.0, 0.0, 0.0, 0.0, 0.0, 0.0, 0.0], [0.0, 1.0072111700991593, 0.0, 1.0076856969546755, 0.0, 0.0, 0.0, 0.0, 0.0, 0.0, 0.0, 0.9769010693962045, 0.9770982647807398, 0.0, 0.0, 0.0, 0.0, 0.0], [0.0, 0.0, 1.0076856969546755, 0.0, 1.0060184682231896, 0.0, 0.0, 0.0, 0.0, 0.0, 0.0, 0.0, 0.0, 0.9733541460333093, 0.9751128237796578, 0.0, 0.0, 0.0], [0.0, 0.0, 0.0, 1.0060184682231896, 0.0, 0.9882988383339485, 0.0, 0.0, 0.0, 0.0, 0.0, 0.0, 0.0, 0.0, 0.0, 0.9736212114493921, 0.9734440103037552, 0.0], [0.0, 0.0, 0.0, 0.0, 0.9882988383339485, 0.0, 0.0, 0.0, 0.0, 0.0, 0.0, 0.0, 0.0, 0.0, 0.0, 0.0, 0.0, 0.9068407509029122], [0.9872120798100367, 0.0, 0.0, 0.0, 0.0, 0.0, 0.0, 0.0, 0.0, 0.0, 0.0, 0.0, 0.0, 0.0, 0.0, 0.0, 0.0, 0.0], [0.9873416569108162, 0.0, 0.0, 0.0, 0.0, 0.0, 0.0, 0.0, 0.0, 0.0, 0.0, 0.0, 0.0, 0.0, 0.0, 0.0, 0.0, 0.0], [0.9859624174552926, 0.0, 0.0, 0.0, 0.0, 0.0, 0.0, 0.0, 0.0, 0.0, 0.0, 0.0, 0.0, 0.0, 0.0, 0.0, 0.0, 0.0], [0.0, 0.9779546312774359, 0.0, 0.0, 0.0, 0.0, 0.0, 0.0, 0.0, 0.0, 0.0, 0.0, 0.0, 0.0, 0.0, 0.0, 0.0, 0.0], [0.0, 0.9776851835382467, 0.0, 0.0, 0.0, 0.0, 0.0, 0.0, 0.0, 0.0, 0.0, 0.0, 0.0, 0.0, 0.0, 0.0, 0.0, 0.0], [0.0, 0.0, 0.9769010693962045, 0.0, 0.0, 0.0, 0.0, 0.0, 0.0, 0.0, 0.0, 0.0, 0.0, 0.0, 0.0, 0.0, 0.0, 0.0], [0.0, 0.0, 0.9770982647807398, 0.0, 0.0, 0.0, 0.0, 0.0, 0.0, 0.0, 0.0, 0.0, 0.0, 0.0, 0.0, 0.0, 0.0, 0.0], [0.0, 0.0, 0.0, 0.9733541460333093, 0.0, 0.0, 0.0, 0.0, 0.0, 0.0, 0.0, 0.0, 0.0, 0.0, 0.0, 0.0, 0.0, 0.0], [0.0, 0.0, 0.0, 0.9751128237796578, 0.0, 0.0, 0.0, 0.0, 0.0, 0.0, 0.0, 0.0, 0.0, 0.0, 0.0, 0.0, 0.0, 0.0], [0.0, 0.0, 0.0, 0.0, 0.9736212114493921, 0.0, 0.0, 0.0, 0.0, 0.0, 0.0, 0.0, 0.0, 0.0, 0.0, 0.0, 0.0, 0.0], [0.0, 0.0, 0.0, 0.0, 0.9734440103037552, 0.0, 0.0, 0.0, 0.0, 0.0, 0.0, 0.0, 0.0, 0.0, 0.0, 0.0, 0.0, 0.0], [0.0, 0.0, 0.0, 0.0, 0.0, 0.9068407509029122, 0.0, 0.0, 0.0, 0.0, 0.0, 0.0, 0.0, 0.0, 0.0, 0.0, 0.0, 0.0]], "Born radii": [], "Atomic SASAs": [], "Solvent H bonds": [], "Total SASA": NaN, "Total FOD": 0.0, "FOD": [0.0, 0.0, 0.0, 0.0, 0.0, 0.0, 0.0, 0.0, 0.0, 0.0, 0.0, 0.0, 0.0, 0.0, 0.0, 0.0, 0.0, 0.0], "FOD s proportion": [0.0, 0.0, 0.0, 0.0, 0.0, 0.0, 0.0, 0.0, 0.0, 0.0, 0.0, 0.0, 0.0, 0.0, 0.0, 0.0, 0.0, 0.0], "FOD p proportion": [0.0, 0.0, 0.0, 0.0, 0.0, 0.0, 0.0, 0.0, 0.0, 0.0, 0.0, 0.0, 0.0, 0.0, 0.0, 0.0, 0.0, 0.0], "FOD d proportion": [0.0, 0.0, 0.0, 0.0, 0.0, 0.0, 0.0, 0.0, 0.0, 0.0, 0.0, 0.0, 0.0, 0.0, 0.0, 0.0, 0.0, 0.0], "coordinates": [["-2.41160", "0.25470", "0.06540"], ["-1.49540", "-0.65530", "-0.73800"], ["-0.06060", "-0.13520", "-0.84730"], ["0.67380", "-0.09830", "0.49200"], ["2.12680", "0.32480", "0.32120"], ["2.75310", "0.34260", "1.59660"], ["-3.43990", "-0.11890", "0.02620"], ["-2.40590", "1.27270", "-0.33680"], ["-2.11490", "0.29580", "1.11740"], ["-1.90580", "-0.75640", "-1.74980"], ["-1.49650", "-1.65780", "-0.29440"], ["-0.06560", "0.86620", "-1.29470"], ["0.48790", "-0.78700", "-1.53870"], ["0.18260", "0.59430", "1.18530"], ["0.63720", "-1.08360", "0.97290"], ["2.19290", "1.32740", "-0.11320"], ["2.66600", "-0.37860", "-0.32120"], ["3.67600", "0.61540", "1.45730"]], "bond_dist": [[0.0, 1.5208464748290669, 2.551909931796183, 3.1346913277067645, 4.546143663590053, 5.3876178353702855, 1.0947668655928533, 1.0945872875198213, 1.093811729686604, 2.138482613911088, 2.150469785884005, 2.7798417688782218, 3.473525003508683, 2.8459405844114176, 3.451055574748109, 4.73117358590868, 5.1315251348892374, 6.255107022265887], [1.5208464748290669, 0.0, 1.5300658613275446, 2.555108146439207, 3.899081108415161, 4.949334684581353, 2.157036589861192, 2.169598048026408, 2.1750587624245923, 1.0965348193285975, 1.0962611094077905, 2.1608343712556963, 2.1428822342816694, 2.8418773812393807, 2.7674180132390553, 4.23379631300326, 4.191364347083179, 5.759982512126231], [2.551909931796183, 1.5300658613275446, 0.0, 1.5278839811975256, 2.5222432495697156, 3.7573724515943323, 3.4904063416742757, 2.782665044521169, 2.875057491599081, 2.145963357096295, 2.1646750287283307, 1.0968107038135613, 1.0971460477074144, 2.1731956308625326, 2.167836580556754, 2.7850249226892028, 2.787538758474938, 4.453847895921009], [3.1346913277067645, 2.555108146439207, 1.5278839811975256, 0.0, 1.5229560893210283, 2.395416969965772, 4.1400388512669775, 3.4714697939057455, 2.885010859598279, 3.4803877671891676, 2.78579742623185, 2.1608492543442264, 2.1523496439937446, 1.0961920862695553, 1.0970052233239365, 2.169458997077382, 2.1699592553778517, 3.2333228450001714], [4.546143663590053, 3.899081108415161, 2.5222432495697156, 1.5229560893210283, 0.0, 1.4209903905375294, 5.592141233910317, 4.6772692567351735, 4.315877005893472, 4.660461050153729, 4.175879429533376, 2.776844347456299, 2.71685856459257, 2.144577510839839, 2.1510954441865193, 1.094659458461854, 1.0946168096644597, 1.9429853859460708], [5.3876178353702855, 4.949334684581353, 3.7573724515943323, 2.395416969965772, 1.4209903905375294, 0.0, 6.405652770014934, 5.587343068937149, 4.891752945519633, 5.840508810882833, 5.06325797486164, 4.0717124579223425, 4.029545047520873, 2.6153376130052504, 2.6268005139332526, 2.0511146043066435, 2.0507736808336507, 0.9724035890513776], [1.0947668655928533, 2.157036589861192, 3.4904063416742757, 4.1400388512669775, 5.592141233910317, 6.405652770014934, 0.0, 1.7712920594865207, 1.7658761366528515, 2.4318809715937992, 2.49956018731296, 3.755143047874475, 4.28052361983905, 3.86971230196768, 4.29530341070337, 5.81718590815181, 6.121286274958883, 7.295428466512436], [1.0945872875198213, 2.169598048026408, 2.782665044521169, 3.4714697939057455, 4.6772692567351735, 5.587343068937149, 1.7712920594865207, 0.0, 1.775869434952919, 2.5226802849350527, 3.068653836782507, 2.561214311610803, 3.7498008133766247, 3.0785300420817725, 4.065454635093103, 4.604557578095858, 5.333967065890077, 6.374978094864327], [1.093811729686604, 2.1750587624245923, 2.875057491599081, 2.885010859598279, 4.315877005893472, 4.891752945519633, 1.7658761366528515, 1.775869434952919, 0.0, 3.0613205467575586, 2.4884032551015522, 3.2160866064209155, 3.873227451364043, 2.31780476097535, 3.0818304658108624, 4.597359650930086, 5.037994653629557, 5.80966427429331], [2.138482613911088, 1.0965348193285975, 2.145963357096295, 3.4803877671891676, 4.660461050153729, 5.840508810882833, 2.4318809715937992, 2.5226802849350527, 3.0613205467575586, 0.0, 1.760181129884081, 2.4952520534006175, 2.403185232145038, 3.847157010053008, 3.739920337386881, 4.880576163733131, 4.8046837606652115, 6.58208302059462], [2.150469785884005, 1.0962611094077905, 2.1646750287283307, 2.78579742623185, 4.175879429533376, 5.06325797486164, 2.49956018731296, 3.068653836782507, 2.4884032551015522, 1.760181129884081, 0.0, 3.068982062508675, 2.498883448662622, 3.175034379341427, 2.5472398041802036, 4.749307827462861, 4.354707467787015, 5.915289289629038], [2.7798417688782218, 2.1608343712556963, 1.0968107038135613, 2.1608492543442264, 2.776844347456299, 4.0717124579223425, 3.755143047874475, 2.561214311610803, 3.2160866064209155, 2.4952520534006175, 3.068982062508675, 0.0, 1.760388732638334, 2.50717627022912, 3.0720770888765143, 2.590264453680357, 3.1557673947868845, 4.651448720560079], [3.473525003508683, 2.1428822342816694, 1.0971460477074144, 2.1523496439937446, 2.71685856459257, 4.029545047520873, 4.28052361983905, 3.7498008133766247, 3.873227451364043, 2.403185232145038, 2.498883448662622, 1.760388732638334, 0.0, 3.0694256433411122, 2.5334554683277934, 3.0675336363273993, 2.5284810499586503, 4.594205412255747], [2.8459405844114176, 2.8418773812393807, 2.1731956308625326, 1.0961920862695553, 2.144577510839839, 2.6153376130052504, 3.86971230196768, 3.0785300420817725, 2.31780476097535, 3.847157010053008, 3.175034379341427, 2.50717627022912, 3.0694256433411122, 0.0, 1.751320453258055, 2.5029670293473703, 3.0632257866504062, 3.5040366393632363], [3.451055574748109, 2.7674180132390553, 2.167836580556754, 1.0970052233239365, 2.1510954441865193, 2.6268005139332526, 4.29530341070337, 4.065454635093103, 3.0818304658108624, 3.739920337386881, 2.5472398041802036, 3.0720770888765143, 2.5334554683277934, 1.751320453258055, 0.0, 3.068018366959363, 2.5075384842510395, 3.515046201687824], [4.73117358590868, 4.23379631300326, 2.7850249226892028, 2.169458997077382, 1.094659458461854, 2.0511146043066435, 5.81718590815181, 4.604557578095858, 4.597359650930086, 4.880576163733131, 4.749307827462861, 2.590264453680357, 3.0675336363273993, 2.5029670293473703, 3.068018366959363, 0.0, 1.7825609695042692, 2.2744229729757834], [5.1315251348892374, 4.191364347083179, 2.787538758474938, 2.1699592553778517, 1.0946168096644597, 2.0507736808336507, 6.121286274958883, 5.333967065890077, 5.037994653629557, 4.8046837606652115, 4.354707467787015, 3.1557673947868845, 2.5284810499586503, 3.0632257866504062, 2.5075384842510395, 1.7825609695042692, 0.0, 2.2740268797883636], [6.255107022265887, 5.759982512126231, 4.453847895921009, 3.2333228450001714, 1.9429853859460708, 0.9724035890513776, 7.295428466512436, 6.374978094864327, 5.80966427429331, 6.58208302059462, 5.915289289629038, 4.651448720560079, 4.594205412255747, 3.5040366393632363, 3.515046201687824, 2.2744229729757834, 2.2740268797883636, 0.0]]}