{"total energy": -52.62308589, "HOMO-LUMO gap/eV": 2.48929659, "electronic energy": -53.38065778, "dipole": [-0.28250542, -0.9923126, 0.60052976], "partial charges": [-0.10725583, 0.00706907, -0.11698362, 0.0591442, -0.04837731, -0.03600231, -0.03709041, -0.04885103, 0.04542077, -0.08745826, -0.03951878, 0.26048656, -0.43502735, -0.03327838, -0.00257351, -0.04526926, 0.06144539, -0.2613393, 0.1468797, 0.0430518, 0.04026384, 0.04489871, 0.04140278, 0.05776331, 0.04389317, 0.03649846, 0.03645993, 0.04335621, 0.08103839, 0.05099442, 0.0522902, 0.06036574, 0.04213591, 0.04416679], "atomic dipole moments": [[0.02729573, 0.08688639, 0.08019292], [0.15700642, -0.0568811, -0.01809295], [-0.06109359, -0.00323973, 0.14264369], [-0.05653915, 0.12692044, -0.05479537], [0.0166782, 0.01670367, -0.03146133], [-0.00114987, 0.00338164, -1.786e-05], [0.00298826, 0.00367811, -0.00442086], [-0.02545199, 0.02788832, -0.02211734], [0.05576354, 0.11885046, -0.08127875], [0.0483217, -0.03076029, -0.01106701], [-0.12867817, 0.06108784, 0.10742633], [0.00920887, -0.05100749, -0.03311265], [-0.11232704, -0.10584522, 0.12482551], [0.03987032, -0.02941228, -0.03822104], [-0.01317483, -0.02411531, -0.00643038], [0.01203271, -0.00354838, -0.0075182], [0.01330177, -0.04479842, -0.02540797], [0.25980857, 0.08632173, -0.06325282], [-0.0683887, -0.0703279, -0.03114035], [-0.12483782, 0.00177491, -0.02183877], [0.02628485, -0.11915416, 0.03500489], [0.05772925, 0.01765213, -0.11387893], [-0.0637327, -0.01204918, 0.10842469], [-0.05776976, 0.10274169, -0.05296089], [-0.14396305, 0.0087659, 0.0500236], [-0.06986979, -0.09856554, 0.09141748], [0.07408741, -0.12009163, 0.05525164], [0.14796685, -0.03255624, -0.02412296], [0.02431871, 0.0681465, -0.11243417], [0.10444511, 0.00581993, 0.07235211], [-0.02925372, -0.11862815, -0.04352551], [0.13991856, 0.05765704, -0.03297319], [0.03973656, 0.13987045, 0.04914166], [-0.1026357, 0.07695087, 0.0748036]], "atomic quadrupole moments": [[-0.08909455, 0.05959595, 0.06306575, 0.06570887, 0.17552638, 0.0260288], [0.19030592, 0.09819864, -0.0431026, 0.11141982, 0.15884804, -0.14720332], [0.05957563, 0.02029966, 0.00207414, 0.00379695, 0.00487117, -0.06164976], [-0.20393725, -0.04348632, 0.07739905, 0.22126366, 0.24700459, 0.1265382], [-0.17334404, 0.0791567, -0.04212859, 0.18433227, 0.31419005, 0.21547263], [-0.17357765, 0.10250029, -0.04945959, 0.17588548, 0.34388332, 0.22303724], [-0.17477484, 0.12370233, -0.05891923, 0.15790147, 0.33475299, 0.23369407], [-0.1867831, 0.12422893, -0.06147223, 0.1368556, 0.30271679, 0.24825533], [-0.22006533, 0.20425958, -0.0119742, 0.03468905, 0.18113753, 0.23203953], [0.0410334, -0.00743071, -0.04238323, -0.02198221, -0.00506783, 0.00134983], [0.10046325, -0.16273706, -0.04180193, -0.2174861, 0.08785677, -0.05866132], [0.15390566, 0.061808, -0.26638206, 0.3651903, 0.05564457, 0.1124764], [0.04190845, 0.02813059, -0.10097837, 0.12548986, 0.00265899, 0.05906992], [-0.10957635, -0.15724358, -0.14104099, 0.06108984, -0.21133265, 0.25061734], [-0.20954862, -0.13914295, -0.14507944, 0.23917535, -0.29261041, 0.35462805], [-0.15560943, -0.11185473, -0.1489059, 0.19170446, -0.26583137, 0.30451533], [-0.28241707, -0.11905063, -0.06700744, 0.25307438, -0.26592711, 0.3494245], [-0.11918274, -0.06408094, -0.06063097, 0.11118531, -0.14047056, 0.17981371], [-0.24876547, -0.04196332, -0.00454166, 0.24095961, -0.18797219, 0.25330713], [0.08185835, -0.01225466, -0.03466742, 0.01559933, 0.01009648, -0.04719092], [-0.04100903, -0.03288095, 0.05044487, 0.01870822, -0.04023264, -0.00943583], [-0.01705252, 0.0212819, -0.02191533, -0.05457358, -0.01914135, 0.03896785], [-0.01208144, 0.01772617, -0.02295742, -0.0086366, -0.02228992, 0.03503886], [-0.02418348, 0.00760938, 0.04633107, 0.01733956, -0.01873279, -0.02214759], [0.02304905, -0.02979525, 0.00874312, -0.00621031, -0.04467624, -0.03179217], [0.03216929, -0.01960944, 0.00224009, -0.02128305, -0.04094655, -0.03440938], [0.03128159, -0.01247938, 0.00129808, -0.02721604, -0.04120896, -0.03257966], [0.01766161, 0.00227912, 0.00172699, -0.0351985, -0.05082732, -0.01938859], [-0.03103276, -0.01006111, 0.01187247, -0.01278005, -0.04883553, 0.01916029], [0.03918122, -0.01371255, -0.04733071, 0.03864861, 0.01025843, 0.00814949], [-0.01857748, 0.03072509, 0.05731005, -0.00855011, 0.02247275, -0.03873257], [0.0173732, 0.00321329, 0.01930949, -0.02601321, 0.03809494, -0.03668269], [0.02640151, 0.01276064, 0.01160752, -0.02650498, 0.03336538, -0.03800903], [0.01818725, 0.01898844, 0.02564352, -0.02162987, 0.04127412, -0.04383078]], "number of molecular orbitals": 91, "number of electrons": 96, "number of unpaired electrons": 0, "orbital energies/eV": [-18.8469657, -18.27975305, -18.16508296, -17.92053643, -17.78877606, -17.5521656, -17.32791849, -17.17650014, -17.11308667, -16.97894774, -16.69949649, -16.42244904, -16.170944, -16.10157768, -16.00136532, -15.59017883, -15.37091492, -15.0288877, -14.91757863, -14.79240368, -14.75181836, -14.51270466, -14.18573546, -14.10711874, -13.96788997, -13.90658126, -13.69021228, -13.62341452, -13.44286578, -13.39754677, -13.36327703, -13.16749905, -13.01491997, -12.84687579, -12.6994702, -12.5909028, -12.4234091, -12.30235656, -12.18243995, -12.02591072, -11.76923574, -11.73026634, -11.64212323, -11.23491235, -10.89568468, -10.58049326, -10.19513304, -9.81468641, -7.32538982, -6.76116545, -6.40750354, -6.20575593, -5.27983764, -3.11768287, -2.91422378, -0.89809761, -0.41964846, 1.75161958, 2.10845183, 2.36628252, 2.88875102, 3.05329734, 3.33608106, 3.46823619, 3.56411387, 3.94594051, 4.11500244, 4.35436242, 4.50122624, 4.69617456, 4.80140494, 5.09781847, 5.30343759, 5.64175889, 5.65481465, 6.69265658, 7.05031997, 7.42366426, 7.75103877, 9.71797024, 10.16679125, 10.45293726, 10.72768249, 11.24251347, 11.51095832, 11.79627016, 14.44441923, 15.87125422, 16.08096774, 16.78381085, 16.94419956], "fractional occupation": [2.0, 2.0, 2.0, 2.0, 2.0, 2.0, 2.0, 2.0, 2.0, 2.0, 2.0, 2.0, 2.0, 2.0, 2.0, 2.0, 2.0, 2.0, 2.0, 2.0, 2.0, 2.0, 2.0, 2.0, 2.0, 2.0, 2.0, 2.0, 2.0, 2.0, 2.0, 2.0, 2.0, 2.0, 2.0, 2.0, 2.0, 2.0, 2.0, 2.0, 2.0, 2.0, 2.0, 2.0, 2.0, 2.0, 2.0, 2.0, 0.0, 0.0, 0.0, 0.0, 0.0, 0.0, 0.0, 0.0, 0.0, 0.0, 0.0, 0.0, 0.0, 0.0, 0.0, 0.0, 0.0, 0.0, 0.0, 0.0, 0.0, 0.0, 0.0, 0.0, 0.0, 0.0, 0.0, 0.0, 0.0, 0.0, 0.0, 0.0, 0.0, 0.0, 0.0, 0.0, 0.0, 0.0, 0.0, 0.0, 0.0, 0.0, 0.0], "program call": "xtb /home/svss/Project-DBcg-Debug/aqme2_20220329/End-to-End-workflows-final/example-3/QDESCP/mol_301_rdkit_conf_2/mol_301_rdkit_conf_2.xyz --pop --wbo --acc 0.2 --gfn 2 --chrg 0 --uhf 0 --etemp 300 --input /home/svss/Project-DBcg-Debug/aqme2_20220329/End-to-End-workflows-final/example-3/QDESCP/mol_301_rdkit_conf_2/mol_301_rdkit_conf_2_xtb.inp", "method": "GFN2-xTB", "xtb version": "6.3.3 (7355c4f)", "Dipole module/D": 3.034, "Total charge": 0, "Transition dipole module/D": NaN, "HOMO": -9.8147, "LUMO": -7.3254, "HOMO occupancy": 2.0, "LUMO occupancy": 0, "mulliken charges": [-0.09519, 0.099, -0.29409, 0.12223, -0.06049, -0.03239, -0.03465, -0.05944, 0.10378, -0.25314, 0.06568, 0.46158, -0.55385, -0.06723, 0.02094, -0.06333, 0.14818, -0.36279, 0.28529, 0.03297, 0.0294, 0.03741, 0.02803, 0.0378, 0.04079, 0.03425, 0.03412, 0.03771, 0.06426, 0.0383, 0.03103, 0.05537, 0.0402, 0.02829], "cm5 charges": [-0.2399, 0.05073, -0.52439, 0.18388, -0.10902, -0.08776, -0.08999, -0.10761, 0.16255, -0.49, -0.0207, 0.55873, -0.59942, -0.054, -0.02725, -0.11335, 0.16928, -0.54365, 0.41626, 0.0841, 0.08346, 0.09098, 0.09359, 0.10671, 0.10058, 0.08969, 0.08958, 0.09744, 0.13039, 0.10058, 0.09273, 0.11548, 0.09632, 0.09401], "FUKUI+": [0.009, 0.012, -0.019, -0.01, -0.017, -0.033, -0.016, -0.021, -0.022, -0.035, 0.024, -0.039, -0.105, -0.035, -0.037, -0.017, -0.043, -0.067, -0.013, -0.024, -0.007, -0.01, -0.016, -0.015, -0.04, -0.051, -0.047, -0.041, -0.024, -0.028, -0.03, -0.054, -0.06, -0.069], "FUKUI-": [0.011, 0.017, -0.083, -0.013, -0.014, -0.025, -0.027, -0.013, -0.019, -0.053, 0.023, -0.004, -0.077, -0.019, -0.012, -0.026, -0.011, -0.075, 0.0, -0.032, -0.014, -0.018, -0.049, -0.031, -0.037, -0.05, -0.049, -0.04, -0.033, -0.041, -0.033, -0.044, -0.051, -0.057], "FUKUIrad": [0.01, 0.014, -0.051, -0.012, -0.016, -0.029, -0.022, -0.017, -0.02, -0.044, 0.023, -0.022, -0.091, -0.027, -0.024, -0.022, -0.027, -0.071, -0.007, -0.028, -0.011, -0.014, -0.033, -0.023, -0.038, -0.05, -0.048, -0.041, -0.029, -0.034, -0.032, -0.049, -0.056, -0.063], "s proportion": [1.011, 1.006, 1.453, 1.049, 1.062, 1.057, 1.056, 1.061, 1.051, 1.447, 0.983, 1.001, 1.734, 1.084, 1.069, 1.059, 1.032, 1.554, 1.025, 0.967, 0.971, 0.963, 0.972, 0.962, 0.959, 0.966, 0.966, 0.962, 0.936, 0.962, 0.969, 0.945, 0.96, 0.972], "p proportion": [3.084, 2.895, 3.841, 2.829, 2.998, 2.975, 2.979, 2.998, 2.845, 3.806, 2.951, 2.538, 4.82, 2.983, 2.91, 3.005, 2.82, 3.808, 2.69, 0.0, 0.0, 0.0, 0.0, 0.0, 0.0, 0.0, 0.0, 0.0, 0.0, 0.0, 0.0, 0.0, 0.0, 0.0], "d proportion": [0.0, 0.0, 0.0, 0.0, 0.0, 0.0, 0.0, 0.0, 0.0, 0.0, 0.0, 0.0, 0.0, 0.0, 0.0, 0.0, 0.0, 0.0, 0.0, 0.0, 0.0, 0.0, 0.0, 0.0, 0.0, 0.0, 0.0, 0.0, 0.0, 0.0, 0.0, 0.0, 0.0, 0.0], "Fermi-level/eV": -8.57, "Coordination numbers": [3.748, 3.749, 2.736, 2.906, 2.915, 2.91, 2.91, 2.915, 2.898, 2.73, 3.696, 2.767, 0.86, 2.966, 2.932, 2.904, 2.877, 1.834, 2.884, 0.924, 0.924, 0.924, 0.924, 0.923, 0.925, 0.925, 0.925, 0.925, 0.924, 0.924, 0.924, 0.925, 0.925, 0.925], "Dispersion coefficient C6": [22.617, 20.521, 23.547, 26.674, 29.201, 28.895, 28.922, 29.213, 26.98, 22.946, 21.455, 22.612, 22.392, 28.826, 28.09, 29.123, 26.62, 27.643, 24.807, 2.409, 2.445, 2.385, 2.43, 2.226, 2.398, 2.496, 2.496, 2.405, 1.968, 2.308, 2.292, 2.195, 2.42, 2.394], "Total dispersion C6": 14218.102217, "Total dispersion C8": 340294.787752, "Polarizability alpha": [6.783, 6.461, 7.207, 8.468, 8.861, 8.814, 8.818, 8.863, 8.517, 7.114, 6.626, 7.788, 6.344, 8.807, 8.692, 8.849, 8.458, 7.791, 8.165, 2.427, 2.445, 2.415, 2.438, 2.333, 2.421, 2.471, 2.471, 2.425, 2.194, 2.376, 2.367, 2.317, 2.433, 2.42], "Total polarizability alpha": 187.380099, "Wiberg matrix": [[0.0, 1.0163609258493438, 0.0, 0.0, 0.0, 0.0, 0.0, 0.0, 0.0, 0.0, 0.0, 0.0, 0.0, 0.0, 0.0, 0.0, 0.0, 0.0, 0.0, 0.9847098494530119, 0.9856955386294945, 0.9867324524139827, 0.0, 0.0, 0.0, 0.0, 0.0, 0.0, 0.0, 0.0, 0.0, 0.0, 0.0, 0.0], [1.0163609258493438, 0.0, 0.978196982580499, 0.0, 0.0, 0.0, 0.0, 0.0, 0.0, 0.0, 0.0, 0.0, 0.0, 0.0, 0.0, 0.0, 0.0, 0.0, 0.0, 0.0, 0.0, 0.0, 0.9652585486742914, 0.9719517076360067, 0.0, 0.0, 0.0, 0.0, 0.0, 0.0, 0.0, 0.0, 0.0, 0.0], [0.0, 0.978196982580499, 0.0, 1.0410456205097876, 0.0, 0.0, 0.0, 0.0, 0.0, 0.0, 0.0, 0.0, 0.0, 0.0, 0.0, 0.0, 0.0, 0.0, 1.0752540382425282, 0.0, 0.0, 0.0, 0.0, 0.0, 0.0, 0.0, 0.0, 0.0, 0.0, 0.0, 0.0, 0.0, 0.0, 0.0], [0.0, 0.0, 1.0410456205097876, 0.0, 1.3820374160132272, 0.0, 0.0, 0.0, 1.325434156774554, 0.0, 0.0, 0.0, 0.0, 0.0, 0.0, 0.0, 0.0, 0.0, 0.0, 0.0, 0.0, 0.0, 0.0, 0.0, 0.0, 0.0, 0.0, 0.0, 0.0, 0.0, 0.0, 0.0, 0.0, 0.0], [0.0, 0.0, 0.0, 1.3820374160132272, 0.0, 1.4370896341243, 0.0, 0.10283391778047826, 0.0, 0.0, 0.0, 0.0, 0.0, 0.0, 0.0, 0.0, 0.0, 0.0, 0.0, 0.0, 0.0, 0.0, 0.0, 0.0, 0.9650495508075212, 0.0, 0.0, 0.0, 0.0, 0.0, 0.0, 0.0, 0.0, 0.0], [0.0, 0.0, 0.0, 0.0, 1.4370896341243, 0.0, 1.4347537357598306, 0.0, 0.0, 0.0, 0.0, 0.0, 0.0, 0.0, 0.0, 0.0, 0.0, 0.0, 0.0, 0.0, 0.0, 0.0, 0.0, 0.0, 0.0, 0.9700699820515593, 0.0, 0.0, 0.0, 0.0, 0.0, 0.0, 0.0, 0.0], [0.0, 0.0, 0.0, 0.0, 0.0, 1.4347537357598306, 0.0, 1.437386858358302, 0.0, 0.0, 0.0, 0.0, 0.0, 0.0, 0.0, 0.0, 0.0, 0.0, 0.0, 0.0, 0.0, 0.0, 0.0, 0.0, 0.0, 0.0, 0.9702418253711588, 0.0, 0.0, 0.0, 0.0, 0.0, 0.0, 0.0], [0.0, 0.0, 0.0, 0.0, 0.10283391778047826, 0.0, 1.437386858358302, 0.0, 1.3838706402711243, 0.0, 0.0, 0.0, 0.0, 0.0, 0.0, 0.0, 0.0, 0.0, 0.0, 0.0, 0.0, 0.0, 0.0, 0.0, 0.0, 0.0, 0.0, 0.9668074983498081, 0.0, 0.0, 0.0, 0.0, 0.0, 0.0], [0.0, 0.0, 0.0, 1.325434156774554, 0.0, 0.0, 0.0, 1.3838706402711243, 0.0, 1.0456597593016368, 0.0, 0.0, 0.0, 0.0, 0.0, 0.0, 0.0, 0.0, 0.0, 0.0, 0.0, 0.0, 0.0, 0.0, 0.0, 0.0, 0.0, 0.0, 0.0, 0.0, 0.0, 0.0, 0.0, 0.0], [0.0, 0.0, 0.0, 0.0, 0.0, 0.0, 0.0, 0.0, 1.0456597593016368, 0.0, 0.9917248292329814, 1.1773972976757676, 0.17067121819493672, 0.0, 0.0, 0.0, 0.0, 0.0, 0.0, 0.0, 0.0, 0.0, 0.0, 0.0, 0.0, 0.0, 0.0, 0.0, 0.0, 0.0, 0.0, 0.0, 0.0, 0.0], [0.0, 0.0, 0.0, 0.0, 0.0, 0.0, 0.0, 0.0, 0.0, 0.9917248292329814, 0.0, 0.0, 0.0, 0.0, 0.0, 0.0, 0.0, 0.0, 0.0, 0.0, 0.0, 0.0, 0.0, 0.0, 0.0, 0.0, 0.0, 0.0, 0.9734223070931927, 0.9751482270666796, 0.9806731537325214, 0.0, 0.0, 0.0], [0.0, 0.0, 0.0, 0.0, 0.0, 0.0, 0.0, 0.0, 0.0, 1.1773972976757676, 0.0, 0.0, 1.6636633947107917, 1.0076400778417818, 0.0, 0.0, 0.0, 0.0, 0.0, 0.0, 0.0, 0.0, 0.0, 0.0, 0.0, 0.0, 0.0, 0.0, 0.0, 0.0, 0.0, 0.0, 0.0, 0.0], [0.0, 0.0, 0.0, 0.0, 0.0, 0.0, 0.0, 0.0, 0.0, 0.17067121819493672, 0.0, 1.6636633947107917, 0.0, 0.0, 0.0, 0.0, 0.0, 0.0, 0.0, 0.0, 0.0, 0.0, 0.0, 0.0, 0.0, 0.0, 0.0, 0.0, 0.0, 0.0, 0.0, 0.0, 0.0, 0.0], [0.0, 0.0, 0.0, 0.0, 0.0, 0.0, 0.0, 0.0, 0.0, 0.0, 0.0, 1.0076400778417818, 0.0, 0.0, 1.3975850803856942, 0.0, 0.1013952389593776, 0.0, 1.3330070991221592, 0.0, 0.0, 0.0, 0.0, 0.0, 0.0, 0.0, 0.0, 0.0, 0.0, 0.0, 0.0, 0.0, 0.0, 0.0], [0.0, 0.0, 0.0, 0.0, 0.0, 0.0, 0.0, 0.0, 0.0, 0.0, 0.0, 0.0, 0.0, 1.3975850803856942, 0.0, 1.4335300132896498, 0.0, 0.10113758180711785, 0.0, 0.0, 0.0, 0.0, 0.0, 0.0, 0.0, 0.0, 0.0, 0.0, 0.0, 0.0, 0.0, 0.9659553162830655, 0.0, 0.0], [0.0, 0.0, 0.0, 0.0, 0.0, 0.0, 0.0, 0.0, 0.0, 0.0, 0.0, 0.0, 0.0, 0.0, 1.4335300132896498, 0.0, 1.4340157261187185, 0.0, 0.0, 0.0, 0.0, 0.0, 0.0, 0.0, 0.0, 0.0, 0.0, 0.0, 0.0, 0.0, 0.0, 0.0, 0.9678709623274327, 0.0], [0.0, 0.0, 0.0, 0.0, 0.0, 0.0, 0.0, 0.0, 0.0, 0.0, 0.0, 0.0, 0.0, 0.1013952389593776, 0.0, 1.4340157261187185, 0.0, 1.4260851043625056, 0.0, 0.0, 0.0, 0.0, 0.0, 0.0, 0.0, 0.0, 0.0, 0.0, 0.0, 0.0, 0.0, 0.0, 0.0, 0.9634359571941329], [0.0, 0.0, 0.0, 0.0, 0.0, 0.0, 0.0, 0.0, 0.0, 0.0, 0.0, 0.0, 0.0, 0.0, 0.10113758180711785, 0.0, 1.4260851043625056, 0.0, 1.3548034730204581, 0.0, 0.0, 0.0, 0.0, 0.0, 0.0, 0.0, 0.0, 0.0, 0.0, 0.0, 0.0, 0.0, 0.0, 0.0], [0.0, 0.0, 1.0752540382425282, 0.0, 0.0, 0.0, 0.0, 0.0, 0.0, 0.0, 0.0, 0.0, 0.0, 1.3330070991221592, 0.0, 0.0, 0.0, 1.3548034730204581, 0.0, 0.0, 0.0, 0.0, 0.0, 0.0, 0.0, 0.0, 0.0, 0.0, 0.0, 0.0, 0.0, 0.0, 0.0, 0.0], [0.9847098494530119, 0.0, 0.0, 0.0, 0.0, 0.0, 0.0, 0.0, 0.0, 0.0, 0.0, 0.0, 0.0, 0.0, 0.0, 0.0, 0.0, 0.0, 0.0, 0.0, 0.0, 0.0, 0.0, 0.0, 0.0, 0.0, 0.0, 0.0, 0.0, 0.0, 0.0, 0.0, 0.0, 0.0], [0.9856955386294945, 0.0, 0.0, 0.0, 0.0, 0.0, 0.0, 0.0, 0.0, 0.0, 0.0, 0.0, 0.0, 0.0, 0.0, 0.0, 0.0, 0.0, 0.0, 0.0, 0.0, 0.0, 0.0, 0.0, 0.0, 0.0, 0.0, 0.0, 0.0, 0.0, 0.0, 0.0, 0.0, 0.0], [0.9867324524139827, 0.0, 0.0, 0.0, 0.0, 0.0, 0.0, 0.0, 0.0, 0.0, 0.0, 0.0, 0.0, 0.0, 0.0, 0.0, 0.0, 0.0, 0.0, 0.0, 0.0, 0.0, 0.0, 0.0, 0.0, 0.0, 0.0, 0.0, 0.0, 0.0, 0.0, 0.0, 0.0, 0.0], [0.0, 0.9652585486742914, 0.0, 0.0, 0.0, 0.0, 0.0, 0.0, 0.0, 0.0, 0.0, 0.0, 0.0, 0.0, 0.0, 0.0, 0.0, 0.0, 0.0, 0.0, 0.0, 0.0, 0.0, 0.0, 0.0, 0.0, 0.0, 0.0, 0.0, 0.0, 0.0, 0.0, 0.0, 0.0], [0.0, 0.9719517076360067, 0.0, 0.0, 0.0, 0.0, 0.0, 0.0, 0.0, 0.0, 0.0, 0.0, 0.0, 0.0, 0.0, 0.0, 0.0, 0.0, 0.0, 0.0, 0.0, 0.0, 0.0, 0.0, 0.0, 0.0, 0.0, 0.0, 0.0, 0.0, 0.0, 0.0, 0.0, 0.0], [0.0, 0.0, 0.0, 0.0, 0.9650495508075212, 0.0, 0.0, 0.0, 0.0, 0.0, 0.0, 0.0, 0.0, 0.0, 0.0, 0.0, 0.0, 0.0, 0.0, 0.0, 0.0, 0.0, 0.0, 0.0, 0.0, 0.0, 0.0, 0.0, 0.0, 0.0, 0.0, 0.0, 0.0, 0.0], [0.0, 0.0, 0.0, 0.0, 0.0, 0.9700699820515593, 0.0, 0.0, 0.0, 0.0, 0.0, 0.0, 0.0, 0.0, 0.0, 0.0, 0.0, 0.0, 0.0, 0.0, 0.0, 0.0, 0.0, 0.0, 0.0, 0.0, 0.0, 0.0, 0.0, 0.0, 0.0, 0.0, 0.0, 0.0], [0.0, 0.0, 0.0, 0.0, 0.0, 0.0, 0.9702418253711588, 0.0, 0.0, 0.0, 0.0, 0.0, 0.0, 0.0, 0.0, 0.0, 0.0, 0.0, 0.0, 0.0, 0.0, 0.0, 0.0, 0.0, 0.0, 0.0, 0.0, 0.0, 0.0, 0.0, 0.0, 0.0, 0.0, 0.0], [0.0, 0.0, 0.0, 0.0, 0.0, 0.0, 0.0, 0.9668074983498081, 0.0, 0.0, 0.0, 0.0, 0.0, 0.0, 0.0, 0.0, 0.0, 0.0, 0.0, 0.0, 0.0, 0.0, 0.0, 0.0, 0.0, 0.0, 0.0, 0.0, 0.0, 0.0, 0.0, 0.0, 0.0, 0.0], [0.0, 0.0, 0.0, 0.0, 0.0, 0.0, 0.0, 0.0, 0.0, 0.0, 0.9734223070931927, 0.0, 0.0, 0.0, 0.0, 0.0, 0.0, 0.0, 0.0, 0.0, 0.0, 0.0, 0.0, 0.0, 0.0, 0.0, 0.0, 0.0, 0.0, 0.0, 0.0, 0.0, 0.0, 0.0], [0.0, 0.0, 0.0, 0.0, 0.0, 0.0, 0.0, 0.0, 0.0, 0.0, 0.9751482270666796, 0.0, 0.0, 0.0, 0.0, 0.0, 0.0, 0.0, 0.0, 0.0, 0.0, 0.0, 0.0, 0.0, 0.0, 0.0, 0.0, 0.0, 0.0, 0.0, 0.0, 0.0, 0.0, 0.0], [0.0, 0.0, 0.0, 0.0, 0.0, 0.0, 0.0, 0.0, 0.0, 0.0, 0.9806731537325214, 0.0, 0.0, 0.0, 0.0, 0.0, 0.0, 0.0, 0.0, 0.0, 0.0, 0.0, 0.0, 0.0, 0.0, 0.0, 0.0, 0.0, 0.0, 0.0, 0.0, 0.0, 0.0, 0.0], [0.0, 0.0, 0.0, 0.0, 0.0, 0.0, 0.0, 0.0, 0.0, 0.0, 0.0, 0.0, 0.0, 0.0, 0.9659553162830655, 0.0, 0.0, 0.0, 0.0, 0.0, 0.0, 0.0, 0.0, 0.0, 0.0, 0.0, 0.0, 0.0, 0.0, 0.0, 0.0, 0.0, 0.0, 0.0], [0.0, 0.0, 0.0, 0.0, 0.0, 0.0, 0.0, 0.0, 0.0, 0.0, 0.0, 0.0, 0.0, 0.0, 0.0, 0.9678709623274327, 0.0, 0.0, 0.0, 0.0, 0.0, 0.0, 0.0, 0.0, 0.0, 0.0, 0.0, 0.0, 0.0, 0.0, 0.0, 0.0, 0.0, 0.0], [0.0, 0.0, 0.0, 0.0, 0.0, 0.0, 0.0, 0.0, 0.0, 0.0, 0.0, 0.0, 0.0, 0.0, 0.0, 0.0, 0.9634359571941329, 0.0, 0.0, 0.0, 0.0, 0.0, 0.0, 0.0, 0.0, 0.0, 0.0, 0.0, 0.0, 0.0, 0.0, 0.0, 0.0, 0.0]], "Born radii": [], "Atomic SASAs": [], "Solvent H bonds": [], "Total SASA": NaN, "Total FOD": 0.0, "FOD": [0.0, 0.0, 0.0, 0.0, 0.0, 0.0, 0.0, 0.0, 0.0, 0.0, 0.0, 0.0, 0.0, 0.0, 0.0, 0.0, 0.0, 0.0, 0.0, 0.0, 0.0, 0.0, 0.0, 0.0, 0.0, 0.0, 0.0, 0.0, 0.0, 0.0, 0.0, 0.0, 0.0, 0.0], "FOD s proportion": [0.0, 0.0, 0.0, 0.0, 0.0, 0.0, 0.0, 0.0, 0.0, 0.0, 0.0, 0.0, 0.0, 0.0, 0.0, 0.0, 0.0, 0.0, 0.0, 0.0, 0.0, 0.0, 0.0, 0.0, 0.0, 0.0, 0.0, 0.0, 0.0, 0.0, 0.0, 0.0, 0.0, 0.0], "FOD p proportion": [0.0, 0.0, 0.0, 0.0, 0.0, 0.0, 0.0, 0.0, 0.0, 0.0, 0.0, 0.0, 0.0, 0.0, 0.0, 0.0, 0.0, 0.0, 0.0, 0.0, 0.0, 0.0, 0.0, 0.0, 0.0, 0.0, 0.0, 0.0, 0.0, 0.0, 0.0, 0.0, 0.0, 0.0], "FOD d proportion": [0.0, 0.0, 0.0, 0.0, 0.0, 0.0, 0.0, 0.0, 0.0, 0.0, 0.0, 0.0, 0.0, 0.0, 0.0, 0.0, 0.0, 0.0, 0.0, 0.0, 0.0, 0.0, 0.0, 0.0, 0.0, 0.0, 0.0, 0.0, 0.0, 0.0, 0.0, 0.0, 0.0, 0.0], "coordinates": [["-2.88630", "-0.98370", "-1.38640"], ["-2.49590", "0.08370", "-0.36670"], ["-1.03190", "0.17100", "-0.21040"], ["-0.32030", "-0.93530", "0.31110"], ["-0.94340", "-1.87670", "1.16000"], ["-0.26360", "-2.98790", "1.65970"], ["1.06460", "-3.18550", "1.32470"], ["1.70980", "-2.26540", "0.49940"], ["1.04620", "-1.12620", "-0.00580"], ["1.76320", "-0.23900", "-0.87470"], ["2.84580", "-0.79800", "-1.67970"], ["1.60500", "1.15140", "-0.94740"], ["2.30710", "1.84560", "-1.69240"], ["0.67610", "1.89500", "-0.07440"], ["1.07330", "3.16580", "0.37330"], ["0.18880", "3.95770", "1.09230"], ["-1.07640", "3.45840", "1.31950"], ["-1.49220", "2.24690", "0.88960"], ["-0.61620", "1.45980", "0.19970"], ["-3.96640", "-0.95530", "-1.56320"], ["-2.63320", "-1.99310", "-1.05080"], ["-2.38050", "-0.81180", "-2.34260"], ["-3.00850", "-0.07750", "0.58910"], ["-2.88810", "1.02670", "-0.77340"], ["-1.97820", "-1.75200", "1.46520"], ["-0.77510", "-3.69070", "2.31220"], ["1.60520", "-4.04580", "1.71030"], ["2.76040", "-2.44220", "0.28510"], ["3.01640", "-0.20130", "-2.58150"], ["3.76720", "-0.79680", "-1.08870"], ["2.60020", "-1.81270", "-2.00960"], ["2.06850", "3.53970", "0.14230"], ["0.47510", "4.94100", "1.44710"], ["-1.81710", "4.03430", "1.86700"]], "bond_dist": [[0.0, 1.5269390983271076, 2.4809489011263413, 3.0770448176781566, 3.3251259179164934, 4.491558542421551, 5.273290932615041, 5.130607346114103, 4.170242062518674, 4.736482368804934, 5.742602179326024, 4.992308954782345, 5.921991054535629, 4.76434165966296, 5.9994438492246935, 6.325948755720362, 5.507257505328764, 4.190521109599616, 3.693204498805881, 1.094842824335987, 1.0934236736050669, 1.0953089472838244, 2.1768627724319236, 2.101780292989731, 3.089749675944639, 5.046251717859504, 6.256163325073923, 6.0668241601351856, 6.073078384147532, 6.662778635824545, 5.583663805244725, 6.8809966058704015, 7.377655610015962, 6.0752056919910125], [1.5269390983271076, 0.0, 1.4749057529211822, 2.496198950404394, 2.92988690908028, 4.303973374685303, 5.1210997695807485, 4.894518618822489, 3.760396153332784, 4.30141047797115, 5.570917588692189, 4.277215985895498, 5.284939081957331, 3.664400493941676, 4.773481858140868, 4.933981261618248, 4.030738242555574, 2.6953919232645926, 2.397442858547415, 2.161828739747902, 2.190877070946702, 2.1724222011386276, 1.096493429072879, 1.099306476829824, 2.6445539113430834, 4.937990806998328, 6.179459560511744, 5.868023836011575, 5.94743771131737, 6.365766714230109, 5.680289480299397, 5.747761682603063, 5.975790720063747, 4.5888370520209145], [2.4809489011263413, 1.4749057529211822, 0.0, 1.4150040635984054, 2.4655432869856493, 3.750494382078181, 4.244753998761294, 3.735877392260083, 2.458269433971793, 2.902064523748568, 4.25844581743152, 2.908194417503754, 4.018647802433052, 2.4306246110825094, 3.7069394073817827, 4.186434362318368, 3.6262339996199917, 2.3940001879699175, 1.414918351001216, 3.4219745440315594, 2.820241596033928, 2.7075624905069136, 2.1466019798742386, 2.120063661779995, 2.720486730348082, 4.619760155029696, 5.331490142539889, 4.632048551127244, 4.706320791233849, 4.973872589843853, 4.512686200036515, 4.591842455921152, 5.269843949302484, 4.456143701677495], [3.0770448176781566, 2.496198950404394, 1.4150040635984054, 0.0, 1.4124867362209104, 2.4566447871029298, 2.8299704963126384, 2.4343230907174176, 1.4156944126470232, 2.496382899316529, 3.7425025237132443, 3.1056270268659114, 4.318639579775094, 3.0252307845848723, 4.331859994274977, 4.9810546323042875, 4.57090335273018, 3.4401175415965075, 2.415878883553561, 4.0996884881659, 2.8849989358750205, 3.3618149830114095, 2.835405452488233, 3.408691991072235, 2.178893781256902, 3.4356183446360857, 3.9166977340611826, 3.4295970754594487, 4.476545280682415, 4.322762836427647, 3.8320750906003918, 5.075478684813876, 6.037719673022257, 5.418317008998273], [3.3251259179164934, 2.92988690908028, 2.4655432869856493, 1.4124867362209104, 0.0, 1.3952037736474194, 2.4025294025255968, 2.7616933736387175, 2.4250459892546368, 3.7613493509643585, 4.8564932224806, 4.48384510548703, 5.705913888239113, 4.286285629773173, 5.487511460580288, 5.943625450009447, 5.339140498245013, 4.16873776579914, 3.487329663223711, 4.171729281724787, 2.7850690547991803, 3.932871111541796, 2.797800110801342, 3.9936981871443415, 1.0860516424185362, 2.1555708594244822, 3.39163483588667, 3.847515393081619, 5.699631869691235, 5.330345960629572, 4.754740909870905, 6.280497102936995, 6.969619928661822, 6.016902998220928], [4.491558542421551, 4.303973374685303, 3.750494382078181, 2.4566447871029298, 1.3952037736474194, 0.0, 1.3839747107516092, 2.400543667588657, 2.820530655745475, 4.252946368107644, 5.06118787736634, 5.236644045569642, 6.419329805361304, 5.266198943260688, 6.427297274904903, 6.983406609957635, 6.506240355996695, 5.431909701937247, 4.694460783732247, 5.313122905598929, 3.73516284116235, 5.023453205714173, 4.141387271193072, 5.3781957030216, 2.1225296747042193, 1.0868837748351938, 2.1480517242375705, 3.3662872203660816, 6.042459515793217, 5.348081002565313, 4.80064661998777, 7.095826585395108, 7.96607379202578, 7.194972437751239], [5.273290932615041, 5.1210997695807485, 4.244753998761294, 2.8299704963126384, 2.4025294025255968, 1.3839747107516092, 0.0, 1.3942693929079846, 2.4517922628151028, 3.7426280298741954, 4.230750412160944, 4.925766151574798, 5.996554499877409, 5.2839278297493815, 6.422168585454605, 7.200440378199101, 6.980352086392204, 6.019759796702855, 5.066510212167741, 6.214878876534924, 4.553959030338327, 5.563475082176606, 5.175994104517509, 6.1456073532239275, 3.366495854742732, 2.1482270317636356, 1.086762076077372, 2.123440766774529, 5.288985849858175, 4.339865667275889, 3.919209574646398, 6.90175340112931, 8.148772561557967, 7.792547479483202], [5.130607346114103, 4.894518618822489, 3.735877392260083, 2.4343230907174176, 2.7616933736387175, 2.400543667588657, 1.3942693929079846, 0.0, 1.4118670758963112, 2.448938408780425, 2.862208163289316, 3.7119719179972255, 4.696921920790253, 4.325125465232194, 5.469823296963075, 6.433657204110273, 6.418517031994229, 5.546702743973215, 4.401955375739286, 6.1797999328457225, 4.6194064910981805, 5.188494102338366, 5.2016639059054945, 5.796432235435863, 3.8467769885970773, 3.39005190815716, 2.1557003803868473, 1.0867120547780817, 3.9318770555550184, 2.9852541483096546, 2.7005241065393215, 5.827123828270684, 7.372572165804822, 7.34816803427902], [4.170242062518674, 3.760396153332784, 2.458269433971793, 1.4156944126470232, 2.4250459892546368, 2.820530655745475, 2.4517922628151028, 1.4118670758963112, 0.0, 1.4339456230973335, 2.4795597613286113, 2.5271188654275845, 3.6422635283570575, 3.044557342209209, 4.308795100721314, 5.271337361618966, 5.223065001510129, 4.315439645041974, 3.0811036999750594, 5.251748311752954, 3.9219287308669952, 4.15953777359937, 4.230161910612879, 4.550044467914572, 3.4208861425075225, 3.9072903577799276, 3.432425435461053, 2.1805871800962238, 3.3721445016487657, 2.947035420554019, 2.627053994496497, 4.778875778883565, 6.264821582455482, 6.191657853919255], [4.736482368804934, 4.30141047797115, 2.902064523748568, 2.496382899316529, 3.7613493509643585, 4.252946368107644, 3.7426280298741954, 2.448938408780425, 1.4339456230973335, 0.0, 1.4603180338542696, 1.4012582524288664, 2.3043475562510096, 2.525118314059759, 3.6913586997201993, 4.8949070726623605, 5.1525341881447035, 4.459829868952402, 3.1147714458688616, 5.815103962957155, 4.736687764672694, 4.433179439183575, 4.993787498482489, 4.821498716166997, 4.6650160739272915, 5.339806306412246, 4.60422797437312, 2.6820950989851204, 2.117804941442908, 2.0911606442356354, 2.1130780155971527, 3.9250567868503503, 5.820855336632237, 6.2126129663773515], [5.742602179326024, 5.570917588692189, 4.25844581743152, 3.7425025237132443, 4.8564932224806, 5.06118787736634, 4.230750412160944, 2.862208163289316, 2.4795597613286113, 1.4603180338542696, 0.0, 2.4240479141304117, 2.6979584763298345, 3.8127201811829834, 4.8029444812531406, 6.112308523790336, 6.51887984549493, 5.889903437239019, 4.540401876486266, 6.8150116933135205, 5.642979728831214, 5.268191201921206, 6.319762826245935, 6.085106325283068, 5.837078722271955, 6.116689930836777, 4.855861736087633, 2.5634207301962744, 1.0947138849946136, 1.094650811903047, 1.094883308850765, 4.768597338840846, 6.952209557399719, 7.594263663450197], [4.992308954782345, 4.277215985895498, 2.908194417503754, 3.1056270268659114, 4.48384510548703, 5.236644045569642, 4.925766151574798, 3.7119719179972255, 2.5271188654275845, 1.4012582524288664, 2.4240479141304117, 0.0, 1.2368844125462977, 1.4757795126644089, 2.4667307797974227, 3.747174698356083, 4.201308197454693, 3.7639523230242964, 2.5188645080670775, 5.988145997719161, 5.278343589612181, 4.656709946947523, 5.015516893601297, 4.498196716463165, 5.204775937540443, 6.303633918621862, 5.837315921722928, 3.9708898713008907, 2.5479658671183176, 2.91385616837894, 3.3022084564727283, 2.665756033473431, 4.6229181714583705, 5.286088173687609], [5.921991054535629, 5.284939081957331, 4.018647802433052, 4.318639579775094, 5.705913888239113, 6.419329805361304, 5.996554499877409, 4.696921920790253, 3.6422635283570575, 2.3043475562510096, 2.6979584763298345, 1.2368844125462977, 0.0, 2.297939372568389, 2.7445048679133364, 4.086895568766102, 4.808402822143752, 4.61112200879569, 3.503507805043397, 6.8715744702360615, 6.2891837578496625, 5.427534298371591, 6.095831298518685, 5.339031864486294, 6.424714749309887, 7.4958252174126905, 6.839563206813722, 4.743544664067158, 2.3416671219453886, 3.0787373158488203, 3.683704974614552, 2.5085910109063216, 4.774325649764582, 5.871010278478484], [4.76434165966296, 3.664400493941676, 2.4306246110825094, 3.0252307845848723, 4.286285629773173, 5.266198943260688, 5.2839278297493815, 4.325125465232194, 3.044557342209209, 2.525118314059759, 3.8127201811829834, 1.4757795126644089, 2.297939372568389, 0.0, 1.4046835123970096, 2.4193762563933703, 2.731013185614452, 2.3988860956702385, 1.390887896273456, 5.647436744222993, 5.1982828953414995, 4.670578234009147, 4.231697727862897, 3.734443402971854, 4.766160472539715, 6.245148956590226, 6.272279134413582, 4.825437864069954, 4.019580598768981, 4.222498187092565, 4.603715797049162, 2.16581964623096, 3.4107886551353483, 3.815977553655157], [5.9994438492246935, 4.773481858140868, 3.7069394073817827, 4.331859994274977, 5.487511460580288, 6.427297274904903, 6.422168585454605, 5.469823296963075, 4.308795100721314, 3.6913586997201993, 4.8029444812531406, 2.4667307797974227, 2.7445048679133364, 1.4046835123970096, 0.0, 1.3879505971035138, 2.366879652622837, 2.7735776805418664, 2.4072771361021146, 6.792059595586599, 6.510027056011365, 5.926731730895199, 5.217916803667916, 4.645789454979638, 5.88970752244965, 7.361216476914669, 7.3537515031445, 5.856940297629813, 4.883015775112753, 5.009664656441587, 5.726700469729494, 1.0879270425906324, 2.1592185438255203, 3.3674685002238696], [6.325948755720362, 4.933981261618248, 4.186434362318368, 4.9810546323042875, 5.943625450009447, 6.983406609957635, 7.200440378199101, 6.433657204110273, 5.271337361618966, 4.8949070726623605, 6.112308523790336, 3.747174698356083, 4.086895568766102, 2.4193762563933703, 1.3879505971035138, 0.0, 1.3790037599658675, 2.4070074636361225, 2.7720505352536415, 6.960958000878902, 6.925935478330707, 6.414668405303582, 5.172888609858132, 4.641003242834463, 6.11846528959673, 7.804824263236169, 8.15132659203396, 6.94430834640859, 6.228114417703002, 6.337742327516953, 6.980984868197323, 2.1472065783244982, 1.083849445264424, 2.1516650436348126], [5.507257505328764, 4.030738242555574, 3.6262339996199917, 4.57090335273018, 5.339140498245013, 6.506240355996695, 6.980352086392204, 6.418517031994229, 5.223065001510129, 5.1525341881447035, 6.51887984549493, 4.201308197454693, 4.808402822143752, 2.731013185614452, 2.366879652622837, 1.3790037599658675, 0.0, 1.351086932806324, 2.3366938267560857, 6.011888803030209, 6.144981739598581, 5.774622174653507, 4.095007128198925, 3.6845151906322764, 5.28987144361751, 7.223978529176288, 7.978516205410627, 7.113936881924102, 6.735147877366911, 6.8823408256203065, 7.23773373232257, 3.3589887674715433, 2.1497759813524753, 1.0863026972257779], [4.190521109599616, 2.6953919232645926, 2.3940001879699175, 3.4401175415965075, 4.16873776579914, 5.431909701937247, 6.019759796702855, 5.546702743973215, 4.315439645041974, 4.459829868952402, 5.889903437239019, 3.7639523230242964, 4.61112200879569, 2.3988860956702385, 2.7735776805418664, 2.4070074636361225, 1.351086932806324, 0.0, 1.364867913023088, 4.7320163059735965, 4.800482596572974, 4.537823202814319, 2.7914693800935737, 2.490581026587973, 4.069239802469252, 6.147610668381659, 7.06155142585537, 6.359063281647699, 6.194327438067832, 6.390545277204442, 6.45239882214359, 3.8611363120200766, 3.3821960839076137, 2.0629274175307284], [3.693204498805881, 2.397442858547415, 1.414918351001216, 2.415878883553561, 3.487329663223711, 4.694460783732247, 5.066510212167741, 4.401955375739286, 3.0811036999750594, 3.1147714458688616, 4.540401876486266, 2.5188645080670775, 3.503507805043397, 1.390887896273456, 2.4072771361021146, 2.7720505352536415, 2.3366938267560857, 1.364867913023088, 0.0, 4.49047485907671, 4.189815945838194, 3.8387771933260204, 2.8701956274790748, 2.509188878900909, 3.711090606546814, 5.569161131624762, 6.126023316965092, 5.16084534935896, 4.867248648877515, 5.095725039677867, 5.092690025909686, 3.396600191367833, 3.85560577471297, 3.2939490509113827], [1.094842824335987, 2.161828739747902, 3.4219745440315594, 4.0996884881659, 4.171729281724787, 5.313122905598929, 6.214878876534924, 6.1797999328457225, 5.251748311752954, 5.815103962957155, 6.8150116933135205, 5.988145997719161, 6.8715744702360615, 5.647436744222993, 6.792059595586599, 6.960958000878902, 6.011888803030209, 4.7320163059735965, 4.49047485907671, 0.0, 1.7655041319691098, 1.7728890038578278, 2.514060568085025, 2.390572929236839, 3.709295983067407, 5.7171263769484755, 7.1630802773667135, 7.13280609157434, 7.096826525285792, 7.7497639615668295, 6.63736719490492, 7.71581319499118, 7.972150401867743, 6.4250969401247175], [1.0934236736050669, 2.190877070946702, 2.820241596033928, 2.8849989358750205, 2.7850690547991803, 3.73516284116235, 4.553959030338327, 4.6194064910981805, 3.9219287308669952, 4.736687764672694, 5.642979728831214, 5.278343589612181, 6.2891837578496625, 5.1982828953414995, 6.510027056011365, 6.925935478330707, 6.144981739598581, 4.800482596572974, 4.189815945838194, 1.7655041319691098, 0.0, 1.7686362599471948, 2.5494402248336794, 3.043208308676881, 2.6110170834370274, 4.200494062607397, 5.459055326702598, 5.574696456310424, 6.121402608062959, 6.511350878274031, 5.323562450089225, 7.358080343404793, 7.998923434437912, 6.746045271861138], [1.0953089472838244, 2.1724222011386276, 2.7075624905069136, 3.3618149830114095, 3.932871111541796, 5.023453205714173, 5.563475082176606, 5.188494102338366, 4.15953777359937, 4.433179439183575, 5.268191201921206, 4.656709946947523, 5.427534298371591, 4.670578234009147, 5.926731730895199, 6.414668405303582, 5.774622174653507, 4.537823202814319, 3.8387771933260204, 1.7728890038578278, 1.7686362599471948, 0.0, 3.0868180024096015, 2.469843851339594, 3.9427353664683107, 5.70373013123868, 6.539920404714418, 5.999321983357786, 5.436571812272878, 6.2742892426154535, 5.091174942977309, 6.70103583485419, 7.4572773376078745, 6.44382160910744], [2.1768627724319236, 1.096493429072879, 2.1466019798742386, 2.835405452488233, 2.797800110801342, 4.141387271193072, 5.175994104517509, 5.2016639059054945, 4.230161910612879, 4.993787498482489, 6.319762826245935, 5.015516893601297, 6.095831298518685, 4.231697727862897, 5.217916803667916, 5.172888609858132, 4.095007128198925, 2.7914693800935737, 2.8701956274790748, 2.514060568085025, 2.5494402248336794, 3.0868180024096015, 0.0, 1.757885107167132, 2.1524450167193585, 4.583924455093038, 6.187949742846979, 6.242149413463283, 6.809364934412019, 7.01730117780333, 6.420410922986161, 6.249775602371656, 6.169033571800368, 4.4675901345132365], [2.101780292989731, 1.099306476829824, 2.120063661779995, 3.408691991072235, 3.9936981871443415, 5.3781957030216, 6.1456073532239275, 5.796432235435863, 4.550044467914572, 4.821498716166997, 6.085106325283068, 4.498196716463165, 5.339031864486294, 3.734443402971854, 4.645789454979638, 4.641003242834463, 3.6845151906322764, 2.490581026587973, 2.509188878900909, 2.390572929236839, 3.043208308676881, 2.469843851339594, 1.757885107167132, 0.0, 3.682447781028266, 6.019930159063309, 7.217254798744464, 6.712618096540276, 6.296056691294957, 6.907791574012639, 6.30173148348928, 5.632189543152823, 5.618138390961903, 4.142995404293855], [3.089749675944639, 2.6445539113430834, 2.720486730348082, 2.178893781256902, 1.0860516424185362, 2.1225296747042193, 3.366495854742732, 3.8467769885970773, 3.4208861425075225, 4.6650160739272915, 5.837078722271955, 5.204775937540443, 6.424714749309887, 4.766160472539715, 5.88970752244965, 6.11846528959673, 5.28987144361751, 4.069239802469252, 3.711090606546814, 3.709295983067407, 2.6110170834370274, 3.9427353664683107, 2.1524450167193585, 3.682447781028266, 0.0, 2.43380695619024, 4.261730635551713, 4.931870031742523, 6.612600134591537, 6.359593808569852, 5.748014099669555, 6.79175486822073, 7.12848213156209, 5.80247052039043], [5.046251717859504, 4.937990806998328, 4.619760155029696, 3.4356183446360857, 2.1555708594244822, 1.0868837748351938, 2.1482270317636356, 3.39005190815716, 3.9072903577799276, 5.339806306412246, 6.116689930836777, 6.303633918621862, 7.4958252174126905, 6.245148956590226, 7.361216476914669, 7.804824263236169, 7.223978529176288, 6.147610668381659, 5.569161131624762, 5.7171263769484755, 4.200494062607397, 5.70373013123868, 4.583924455093038, 6.019930159063309, 2.43380695619024, 0.0, 2.4807675646863814, 4.262352274272975, 7.106312989166745, 6.369714853115483, 5.796334128567814, 8.066796832076534, 8.764567470217798, 7.807662392803623], [6.256163325073923, 6.179459560511744, 5.331490142539889, 3.9166977340611826, 3.39163483588667, 2.1480517242375705, 1.086762076077372, 2.1557003803868473, 3.432425435461053, 4.60422797437312, 4.855861736087633, 5.837315921722928, 6.839563206813722, 6.272279134413582, 7.3537515031445, 8.15132659203396, 7.978516205410627, 7.06155142585537, 6.126023316965092, 7.1630802773667135, 5.459055326702598, 6.539920404714418, 6.187949742846979, 7.217254798744464, 4.261730635551713, 2.4807675646863814, 0.0, 2.43664011294241, 5.932218213282448, 4.802566605472536, 4.451338744692432, 7.759708830877612, 9.06140024996137, 8.776372154255995], [6.0668241601351856, 5.868023836011575, 4.632048551127244, 3.4295970754594487, 3.847515393081619, 3.3662872203660816, 2.123440766774529, 1.0867120547780817, 2.1805871800962238, 2.6820950989851204, 2.5634207301962744, 3.9708898713008907, 4.743544664067158, 4.825437864069954, 5.856940297629813, 6.94430834640859, 7.113936881924102, 6.359063281647699, 5.16084534935896, 7.13280609157434, 5.574696456310424, 5.999321983357786, 6.242149413463283, 6.712618096540276, 4.931870031742523, 4.262352274272975, 2.43664011294241, 0.0, 3.647542236904187, 2.368187881060116, 2.3848652750207924, 6.023474500651596, 7.815656231564948, 8.087086379531259], [6.073078384147532, 5.94743771131737, 4.706320791233849, 4.476545280682415, 5.699631869691235, 6.042459515793217, 5.288985849858175, 3.9318770555550184, 3.3721445016487657, 2.117804941442908, 1.0947138849946136, 2.5479658671183176, 2.3416671219453886, 4.019580598768981, 4.883015775112753, 6.228114417703002, 6.735147877366911, 6.194327438067832, 4.867248648877515, 7.096826525285792, 6.121402608062959, 5.436571812272878, 6.809364934412019, 6.296056691294957, 6.612600134591537, 7.106312989166745, 5.932218213282448, 3.647542236904187, 0.0, 1.7739145216159657, 1.7598016962146616, 4.723630155928806, 7.009356100242019, 7.816148786966635], [6.662778635824545, 6.365766714230109, 4.973872589843853, 4.322762836427647, 5.330345960629572, 5.348081002565313, 4.339865667275889, 2.9852541483096546, 2.947035420554019, 2.0911606442356354, 1.094650811903047, 2.91385616837894, 3.0787373158488203, 4.222498187092565, 5.009664656441587, 6.337742327516953, 6.8823408256203065, 6.390545277204442, 5.095725039677867, 7.7497639615668295, 6.511350878274031, 6.2742892426154535, 7.01730117780333, 6.907791574012639, 6.359593808569852, 6.369714853115483, 4.802566605472536, 2.368187881060116, 1.7739145216159657, 0.0, 1.800555086633008, 4.817278789939398, 7.084529122672869, 7.953621576992458], [5.583663805244725, 5.680289480299397, 4.512686200036515, 3.8320750906003918, 4.754740909870905, 4.80064661998777, 3.919209574646398, 2.7005241065393215, 2.627053994496497, 2.1130780155971527, 1.094883308850765, 3.3022084564727283, 3.683704974614552, 4.603715797049162, 5.726700469729494, 6.980984868197323, 7.23773373232257, 6.45239882214359, 5.092690025909686, 6.63736719490492, 5.323562450089225, 5.091174942977309, 6.420410922986161, 6.30173148348928, 5.748014099669555, 5.796334128567814, 4.451338744692432, 2.3848652750207924, 1.7598016962146616, 1.800555086633008, 0.0, 5.793234352242277, 7.878914175823976, 8.290233763290393], [6.8809966058704015, 5.747761682603063, 4.591842455921152, 5.075478684813876, 6.280497102936995, 7.095826585395108, 6.90175340112931, 5.827123828270684, 4.778875778883565, 3.9250567868503503, 4.768597338840846, 2.665756033473431, 2.5085910109063216, 2.16581964623096, 1.0879270425906324, 2.1472065783244982, 3.3589887674715433, 3.8611363120200766, 3.396600191367833, 7.71581319499118, 7.358080343404793, 6.70103583485419, 6.249775602371656, 5.632189543152823, 6.79175486822073, 8.066796832076534, 7.759708830877612, 6.023474500651596, 4.723630155928806, 4.817278789939398, 5.793234352242277, 0.0, 2.49099744881443, 4.279848900370198], [7.377655610015962, 5.975790720063747, 5.269843949302484, 6.037719673022257, 6.969619928661822, 7.96607379202578, 8.148772561557967, 7.372572165804822, 6.264821582455482, 5.820855336632237, 6.952209557399719, 4.6229181714583705, 4.774325649764582, 3.4