{"total energy": -27.21191014, "HOMO-LUMO gap/eV": 11.75818559, "electronic energy": -27.55708075, "dipole": [-0.07638922, -0.67486286, 0.12587751], "partial charges": [-0.10014487, -0.05168589, -0.05745781, -0.05845257, -0.06046218, -0.06275441, 0.0864266, -0.44693883, 0.03035929, 0.03411451, 0.03315266, 0.02949571, 0.02773822, 0.03023129, 0.02701748, 0.03244582, 0.03597465, 0.0297858, 0.02924296, 0.04737176, 0.04727172, 0.01679141, 0.01674377, 0.2837329], "atomic dipole moments": [[-0.03104694, -0.06871273, -0.06894917], [-0.06406728, 0.03213382, 0.08633056], [0.01544899, 0.10625061, -0.02621908], [-0.02775261, -0.11192545, 0.01949634], [0.00689066, 0.10809143, -0.01855987], [-0.03564905, -0.12638192, 0.02340525], [-0.07251786, 0.17781658, -0.02592132], [0.04309519, -0.23570463, 0.03738992], [0.11831002, 0.03100915, -0.02332752], [-0.06632255, 0.10728151, -0.00467553], [-0.0040347, -0.04547475, 0.11770817], [0.00770733, 0.04931569, -0.1135067], [0.07831267, -0.09199584, -0.00117], [-0.00334954, -0.0546123, 0.11155959], [-0.01930805, -0.09128791, -0.07804875], [0.00640483, 0.05651415, -0.11094975], [0.01571615, 0.08978143, 0.0851358], [-0.00655531, -0.05636086, 0.11001368], [-0.01803177, -0.08904193, -0.08391358], [0.00574546, 0.0620683, -0.10972121], [0.01693348, 0.09445784, 0.08183042], [-0.01865425, -0.04361963, 0.10758017], [-0.0298822, -0.07619795, -0.08446425], [-0.06377786, -0.04477792, 0.01131311]], "atomic quadrupole moments": [[-0.06937583, 0.07332532, 0.03068577, 0.06366338, 0.16102522, 0.03869006], [0.08337647, 0.16217347, -0.0255206, 0.00373435, 0.12902624, -0.05785587], [0.21561432, -0.04389744, -0.00525187, -0.03881735, -0.03574569, -0.21036244], [0.22498459, -0.02878034, 0.01298811, -0.0190875, -0.04337975, -0.2379727], [0.22267046, -0.05166797, 0.01042333, -0.01860794, -0.03777784, -0.23309379], [0.25622304, -0.02691303, -0.00935499, -0.02530019, -0.03971733, -0.24686804], [0.24495958, -0.25690601, 0.11143802, 0.00770754, -0.06604456, -0.3563976], [0.04624825, -0.1168531, 0.0781092, 0.00956886, -0.02816949, -0.12435745], [0.06897385, 0.02778187, -0.03461118, -0.03035915, 0.007923, -0.03436267], [0.00473599, -0.06038971, 0.02992882, 0.01762149, -0.00152299, -0.03466481], [-0.05061036, 0.01092404, -0.0072638, -0.00877689, -0.04457084, 0.05787416], [-0.03174338, 0.01008067, -0.00529254, 0.01400587, -0.03615598, 0.03703592], [0.01417635, -0.03291248, 0.03134567, 0.01539408, 0.0014054, -0.04552203], [-0.01907938, -0.00838007, -0.03270696, -0.00325095, -0.02589546, 0.05178633], [-0.00854325, 0.00806257, 0.00037233, 0.01452903, 0.05046484, 0.00817091], [-0.02057078, -0.00176673, -0.02652149, -0.00383181, -0.02962678, 0.04709227], [-0.01671416, 0.00672842, -0.00055329, 0.01150625, 0.04449163, 0.01726744], [-0.02102003, -0.00170277, -0.026175, -0.00349696, -0.02926881, 0.04719503], [-0.018934, 0.00532928, -0.00023493, 0.00938896, 0.04530991, 0.01916893], [-0.02508362, 0.00024933, -0.02678576, -0.00309455, -0.02602079, 0.05186938], [-0.0235285, 0.00677729, -0.00217825, 0.00950333, 0.0443489, 0.02570675], [-0.01206358, -0.01627615, -0.01879592, -0.00023433, -0.03048236, 0.03085951], [-0.01092807, -0.0104026, 0.00600321, 0.00832731, 0.04059755, 0.00492486], [0.10742998, 0.06235943, -0.01855951, -0.02228075, -0.0162368, -0.08887047]], "number of molecular orbitals": 48, "number of electrons": 50, "number of unpaired electrons": 0, "orbital energies/eV": [-18.59735932, -17.13318787, -16.9141381, -16.60708256, -16.09270355, -15.62300022, -15.51726474, -14.9798486, -14.9206527, -14.51817582, -13.99491258, -13.93595289, -13.52999653, -13.45495826, -13.11108821, -12.78056355, -12.54133359, -12.35904975, -12.124767, -11.98358276, -11.70008964, -11.5929302, -11.43843121, -11.35604097, -11.06699265, 0.69119294, 2.13607042, 2.65046992, 2.87704957, 3.05449853, 3.51548993, 3.54274415, 3.67522163, 3.96689005, 4.11687092, 4.42377077, 4.68864327, 4.99849108, 5.27930062, 5.61402477, 6.05177689, 6.46221179, 6.60814378, 6.97201025, 7.31566773, 7.6187293, 7.94019071, 8.41296336], "fractional occupation": [2.0, 2.0, 2.0, 2.0, 2.0, 2.0, 2.0, 2.0, 2.0, 2.0, 2.0, 2.0, 2.0, 2.0, 2.0, 2.0, 2.0, 2.0, 2.0, 2.0, 2.0, 2.0, 2.0, 2.0, 2.0, 0.0, 0.0, 0.0, 0.0, 0.0, 0.0, 0.0, 0.0, 0.0, 0.0, 0.0, 0.0, 0.0, 0.0, 0.0, 0.0, 0.0, 0.0, 0.0, 0.0, 0.0, 0.0, 0.0], "program call": "xtb /home/svss/Project-DBcg-Debug/aqme2_20220329/End-to-End-workflows-final/example-3/QDESCP/mol_26_rdkit_conf_6/mol_26_rdkit_conf_6.xyz --pop --wbo --acc 0.2 --gfn 2 --chrg 0 --uhf 0 --etemp 300 --input /home/svss/Project-DBcg-Debug/aqme2_20220329/End-to-End-workflows-final/example-3/QDESCP/mol_26_rdkit_conf_6/mol_26_rdkit_conf_6_xtb.inp", "method": "GFN2-xTB", "xtb version": "6.3.3 (7355c4f)", "Dipole module/D": 1.756, "Total charge": 0, "Transition dipole module/D": NaN, "HOMO": -11.067, "LUMO": 0.6912, "HOMO occupancy": 2.0, "LUMO occupancy": 0, "mulliken charges": [-0.08503, -0.03865, -0.04713, -0.04514, -0.05034, -0.05339, 0.19975, -0.56934, 0.02824, 0.02739, 0.0269, 0.02278, 0.02322, 0.0227, 0.02296, 0.02442, 0.02498, 0.02144, 0.0212, 0.03667, 0.03666, 0.00742, 0.0074, 0.33491], "cm5 charges": [-0.23548, -0.15104, -0.15764, -0.15592, -0.16078, -0.1606, 0.11265, -0.78317, 0.07902, 0.07913, 0.07831, 0.07738, 0.07744, 0.07789, 0.07787, 0.07988, 0.08095, 0.07687, 0.07662, 0.0939, 0.09388, 0.06995, 0.06991, 0.50298], "FUKUI+": [0.017, -0.008, -0.018, -0.012, -0.025, -0.01, -0.017, -0.113, -0.039, -0.013, -0.024, -0.035, -0.054, -0.042, -0.04, -0.047, -0.045, -0.051, -0.051, -0.056, -0.055, -0.07, -0.07, -0.119], "FUKUI-": [0.016, 0.006, 0.009, 0.003, 0.013, 0.011, 0.019, -0.105, -0.052, -0.072, -0.052, -0.063, -0.097, -0.046, -0.051, -0.043, -0.052, -0.043, -0.05, -0.06, -0.058, -0.09, -0.09, -0.051], "FUKUIrad": [0.016, -0.001, -0.005, -0.005, -0.006, 0.0, 0.001, -0.109, -0.046, -0.043, -0.038, -0.049, -0.075, -0.044, -0.046, -0.045, -0.049, -0.047, -0.051, -0.058, -0.057, -0.08, -0.08, -0.085], "s proportion": [1.007, 1.027, 1.032, 1.032, 1.033, 1.033, 0.991, 1.695, 0.972, 0.973, 0.973, 0.977, 0.977, 0.977, 0.977, 0.976, 0.975, 0.979, 0.979, 0.963, 0.963, 0.993, 0.993, 0.665], "p proportion": [3.078, 3.012, 3.015, 3.014, 3.018, 3.02, 2.809, 4.874, 0.0, 0.0, 0.0, 0.0, 0.0, 0.0, 0.0, 0.0, 0.0, 0.0, 0.0, 0.0, 0.0, 0.0, 0.0, 0.0], "d proportion": [0.0, 0.0, 0.0, 0.0, 0.0, 0.0, 0.0, 0.0, 0.0, 0.0, 0.0, 0.0, 0.0, 0.0, 0.0, 0.0, 0.0, 0.0, 0.0, 0.0, 0.0, 0.0, 0.0, 0.0], "Fermi-level/eV": -5.1879, "Coordination numbers": [3.749, 3.799, 3.801, 3.801, 3.802, 3.801, 3.675, 1.653, 0.924, 0.924, 0.924, 0.924, 0.924, 0.924, 0.924, 0.924, 0.924, 0.924, 0.924, 0.924, 0.924, 0.924, 0.924, 0.804], "Dispersion coefficient C6": [22.478, 21.503, 21.608, 21.626, 21.662, 21.705, 19.363, 21.782, 2.581, 2.529, 2.542, 2.594, 2.619, 2.583, 2.629, 2.552, 2.503, 2.59, 2.597, 2.353, 2.354, 2.783, 2.783, 0.772], "Total dispersion C6": 3827.540816, "Total dispersion C8": 79158.961879, "Polarizability alpha": [6.762, 6.603, 6.618, 6.621, 6.626, 6.633, 6.305, 6.3, 2.513, 2.487, 2.493, 2.519, 2.531, 2.514, 2.536, 2.498, 2.474, 2.517, 2.52, 2.399, 2.4, 2.609, 2.609, 1.38], "Total polarizability alpha": 91.466457, "Wiberg matrix": [[0.0, 1.0210255205666898, 0.0, 0.0, 0.0, 0.0, 0.0, 0.0, 0.9873196897838905, 0.9860789514728614, 0.9874010298358458, 0.0, 0.0, 0.0, 0.0, 0.0, 0.0, 0.0, 0.0, 0.0, 0.0, 0.0, 0.0, 0.0], [1.0210255205666898, 0.0, 1.006929863086313, 0.0, 0.0, 0.0, 0.0, 0.0, 0.0, 0.0, 0.0, 0.9778179829866118, 0.9781061018861261, 0.0, 0.0, 0.0, 0.0, 0.0, 0.0, 0.0, 0.0, 0.0, 0.0, 0.0], [0.0, 1.006929863086313, 0.0, 1.007934716066398, 0.0, 0.0, 0.0, 0.0, 0.0, 0.0, 0.0, 0.0, 0.0, 0.9771311734749266, 0.9771885568693148, 0.0, 0.0, 0.0, 0.0, 0.0, 0.0, 0.0, 0.0, 0.0], [0.0, 0.0, 1.007934716066398, 0.0, 1.0069054436662854, 0.0, 0.0, 0.0, 0.0, 0.0, 0.0, 0.0, 0.0, 0.0, 0.0, 0.9770410433398767, 0.9753901558067799, 0.0, 0.0, 0.0, 0.0, 0.0, 0.0, 0.0], [0.0, 0.0, 0.0, 1.0069054436662854, 0.0, 1.0067881405898746, 0.0, 0.0, 0.0, 0.0, 0.0, 0.0, 0.0, 0.0, 0.0, 0.0, 0.0, 0.9771731279040419, 0.9769936017133605, 0.0, 0.0, 0.0, 0.0, 0.0], [0.0, 0.0, 0.0, 0.0, 1.0067881405898746, 0.0, 1.0062578326296372, 0.0, 0.0, 0.0, 0.0, 0.0, 0.0, 0.0, 0.0, 0.0, 0.0, 0.0, 0.0, 0.9751742190023689, 0.9751569258165101, 0.0, 0.0, 0.0], [0.0, 0.0, 0.0, 0.0, 0.0, 1.0062578326296372, 0.0, 0.9884223905103838, 0.0, 0.0, 0.0, 0.0, 0.0, 0.0, 0.0, 0.0, 0.0, 0.0, 0.0, 0.0, 0.0, 0.9734971391597834, 0.9734933258457883, 0.0], [0.0, 0.0, 0.0, 0.0, 0.0, 0.0, 0.9884223905103838, 0.0, 0.0, 0.0, 0.0, 0.0, 0.0, 0.0, 0.0, 0.0, 0.0, 0.0, 0.0, 0.0, 0.0, 0.0, 0.0, 0.9066856212738922], [0.9873196897838905, 0.0, 0.0, 0.0, 0.0, 0.0, 0.0, 0.0, 0.0, 0.0, 0.0, 0.0, 0.0, 0.0, 0.0, 0.0, 0.0, 0.0, 0.0, 0.0, 0.0, 0.0, 0.0, 0.0], [0.9860789514728614, 0.0, 0.0, 0.0, 0.0, 0.0, 0.0, 0.0, 0.0, 0.0, 0.0, 0.0, 0.0, 0.0, 0.0, 0.0, 0.0, 0.0, 0.0, 0.0, 0.0, 0.0, 0.0, 0.0], [0.9874010298358458, 0.0, 0.0, 0.0, 0.0, 0.0, 0.0, 0.0, 0.0, 0.0, 0.0, 0.0, 0.0, 0.0, 0.0, 0.0, 0.0, 0.0, 0.0, 0.0, 0.0, 0.0, 0.0, 0.0], [0.0, 0.9778179829866118, 0.0, 0.0, 0.0, 0.0, 0.0, 0.0, 0.0, 0.0, 0.0, 0.0, 0.0, 0.0, 0.0, 0.0, 0.0, 0.0, 0.0, 0.0, 0.0, 0.0, 0.0, 0.0], [0.0, 0.9781061018861261, 0.0, 0.0, 0.0, 0.0, 0.0, 0.0, 0.0, 0.0, 0.0, 0.0, 0.0, 0.0, 0.0, 0.0, 0.0, 0.0, 0.0, 0.0, 0.0, 0.0, 0.0, 0.0], [0.0, 0.0, 0.9771311734749266, 0.0, 0.0, 0.0, 0.0, 0.0, 0.0, 0.0, 0.0, 0.0, 0.0, 0.0, 0.0, 0.0, 0.0, 0.0, 0.0, 0.0, 0.0, 0.0, 0.0, 0.0], [0.0, 0.0, 0.9771885568693148, 0.0, 0.0, 0.0, 0.0, 0.0, 0.0, 0.0, 0.0, 0.0, 0.0, 0.0, 0.0, 0.0, 0.0, 0.0, 0.0, 0.0, 0.0, 0.0, 0.0, 0.0], [0.0, 0.0, 0.0, 0.9770410433398767, 0.0, 0.0, 0.0, 0.0, 0.0, 0.0, 0.0, 0.0, 0.0, 0.0, 0.0, 0.0, 0.0, 0.0, 0.0, 0.0, 0.0, 0.0, 0.0, 0.0], [0.0, 0.0, 0.0, 0.9753901558067799, 0.0, 0.0, 0.0, 0.0, 0.0, 0.0, 0.0, 0.0, 0.0, 0.0, 0.0, 0.0, 0.0, 0.0, 0.0, 0.0, 0.0, 0.0, 0.0, 0.0], [0.0, 0.0, 0.0, 0.0, 0.9771731279040419, 0.0, 0.0, 0.0, 0.0, 0.0, 0.0, 0.0, 0.0, 0.0, 0.0, 0.0, 0.0, 0.0, 0.0, 0.0, 0.0, 0.0, 0.0, 0.0], [0.0, 0.0, 0.0, 0.0, 0.9769936017133605, 0.0, 0.0, 0.0, 0.0, 0.0, 0.0, 0.0, 0.0, 0.0, 0.0, 0.0, 0.0, 0.0, 0.0, 0.0, 0.0, 0.0, 0.0, 0.0], [0.0, 0.0, 0.0, 0.0, 0.0, 0.9751742190023689, 0.0, 0.0, 0.0, 0.0, 0.0, 0.0, 0.0, 0.0, 0.0, 0.0, 0.0, 0.0, 0.0, 0.0, 0.0, 0.0, 0.0, 0.0], [0.0, 0.0, 0.0, 0.0, 0.0, 0.9751569258165101, 0.0, 0.0, 0.0, 0.0, 0.0, 0.0, 0.0, 0.0, 0.0, 0.0, 0.0, 0.0, 0.0, 0.0, 0.0, 0.0, 0.0, 0.0], [0.0, 0.0, 0.0, 0.0, 0.0, 0.0, 0.9734971391597834, 0.0, 0.0, 0.0, 0.0, 0.0, 0.0, 0.0, 0.0, 0.0, 0.0, 0.0, 0.0, 0.0, 0.0, 0.0, 0.0, 0.0], [0.0, 0.0, 0.0, 0.0, 0.0, 0.0, 0.9734933258457883, 0.0, 0.0, 0.0, 0.0, 0.0, 0.0, 0.0, 0.0, 0.0, 0.0, 0.0, 0.0, 0.0, 0.0, 0.0, 0.0, 0.0], [0.0, 0.0, 0.0, 0.0, 0.0, 0.0, 0.0, 0.9066856212738922, 0.0, 0.0, 0.0, 0.0, 0.0, 0.0, 0.0, 0.0, 0.0, 0.0, 0.0, 0.0, 0.0, 0.0, 0.0, 0.0]], "Born radii": [], "Atomic SASAs": [], "Solvent H bonds": [], "Total SASA": NaN, "Total FOD": 0.0, "FOD": [0.0, 0.0, 0.0, 0.0, 0.0, 0.0, 0.0, 0.0, 0.0, 0.0, 0.0, 0.0, 0.0, 0.0, 0.0, 0.0, 0.0, 0.0, 0.0, 0.0, 0.0, 0.0, 0.0, 0.0], "FOD s proportion": [0.0, 0.0, 0.0, 0.0, 0.0, 0.0, 0.0, 0.0, 0.0, 0.0, 0.0, 0.0, 0.0, 0.0, 0.0, 0.0, 0.0, 0.0, 0.0, 0.0, 0.0, 0.0, 0.0, 0.0], "FOD p proportion": [0.0, 0.0, 0.0, 0.0, 0.0, 0.0, 0.0, 0.0, 0.0, 0.0, 0.0, 0.0, 0.0, 0.0, 0.0, 0.0, 0.0, 0.0, 0.0, 0.0, 0.0, 0.0, 0.0, 0.0], "FOD d proportion": [0.0, 0.0, 0.0, 0.0, 0.0, 0.0, 0.0, 0.0, 0.0, 0.0, 0.0, 0.0, 0.0, 0.0, 0.0, 0.0, 0.0, 0.0, 0.0, 0.0, 0.0, 0.0, 0.0, 0.0], "coordinates": [["3.40170", "0.64260", "0.65040"], ["2.92920", "-0.37770", "-0.37370"], ["1.52800", "-0.92370", "-0.09100"], ["0.42930", "0.13500", "-0.20940"], ["-0.95810", "-0.48340", "-0.02290"], ["-2.05660", "0.57130", "-0.13740"], ["-3.44010", "-0.03610", "0.04650"], ["-4.41280", "0.99290", "-0.07080"], ["4.44150", "0.92100", "0.45050"], ["2.80200", "1.55660", "0.61270"], ["3.34950", "0.23480", "1.66480"], ["2.96120", "0.06830", "-1.37460"], ["3.63420", "-1.21760", "-0.37860"], ["1.50340", "-1.37260", "0.90950"], ["1.32550", "-1.73200", "-0.80470"], ["0.48710", "0.61640", "-1.19310"], ["0.57760", "0.91600", "0.54470"], ["-1.01490", "-0.96810", "0.95930"], ["-1.11790", "-1.26270", "-0.77800"], ["-2.00530", "1.06880", "-1.11400"], ["-1.90460", "1.36080", "0.60930"], ["-3.53680", "-0.49540", "1.03540"], ["-3.63950", "-0.79270", "-0.71910"], ["-5.28360", "0.57740", "0.05050"]], "bond_dist": [[0.0, 1.5208711812642122, 2.552199314316968, 3.1356140642623735, 4.552918287208765, 5.5153197024288625, 6.901851645754204, 7.855523520428157, 1.0948290323150913, 1.093826942436508, 1.0945469565075774, 2.1504617504154777, 2.1385138040237197, 2.7805946738063065, 3.473708049044997, 3.448778312678274, 2.8392711846528504, 4.71127681844317, 5.108549579870983, 5.703543004133484, 5.354840813693718, 7.041736380325522, 7.315334153680199, 8.706237254979902], [1.5208711812642122, 0.0, 1.5301623214548183, 2.557216414384985, 3.9045274259505462, 5.080810991367421, 6.392279803794574, 7.474975369190188, 2.157076405693595, 2.175012940191391, 2.1696291365115834, 1.0962393944754951, 1.0965769558038325, 2.160864153527472, 2.142835313317381, 2.7610692819992764, 2.8367482810429268, 4.204924014771254, 4.162415392533522, 5.195160882013184, 5.230133238264585, 6.618804431315371, 6.590853195907188, 8.27902442863892], [2.552199314316968, 1.5301623214548183, 0.0, 1.5303613756234178, 2.5257068139433763, 3.884138916156321, 5.048639184968559, 6.242344770997513, 3.490647875395053, 2.8757882015197156, 2.782591982307144, 2.1646605276578588, 2.1459658454877606, 1.0968667284588407, 1.0971430307849566, 2.1610194885747793, 2.1660726534444774, 2.7516253124290015, 2.754573798249014, 4.183395049478354, 4.182356166086289, 5.20619024719612, 5.20718031759992, 6.976476045970487], [3.1356140642623735, 2.557216414384985, 1.5303613756234178, 0.0, 1.530385431843887, 2.5249238602381654, 3.881625481676459, 4.919464887566534, 4.1413781341481, 2.8855675802171055, 3.4713331329620325, 2.7879486257820463, 3.4827488295884903, 2.1629807627438575, 2.154819140902549, 1.096700729460868, 1.0957283878772148, 2.1606487312841947, 2.1611800225802567, 2.759992891295193, 2.7604247028310698, 4.204388232549416, 4.204230585969327, 5.7358950635450086], [4.552918287208765, 3.9045274259505462, 2.5257068139433763, 1.530385431843887, 0.0, 1.5271557189756386, 2.5229382969070016, 3.7572208066601567, 5.5992970165905644, 4.324805125089453, 4.681833005351643, 4.182389062485698, 4.664203192400605, 2.7783139941338524, 2.717543405357125, 2.160446972272173, 2.1538023609421546, 1.0967575712070559, 1.0968229301031227, 2.1671298738192872, 2.1671669824911968, 2.787442659499922, 2.7875198456692645, 4.454282708809578], [5.5153197024288625, 5.080810991367421, 3.884138916156321, 2.5249238602381654, 1.5271557189756386, 0.0, 1.5221124202896448, 2.394548090976667, 6.534004905875109, 5.013926610950742, 5.7085089384181575, 5.192493589789013, 5.970221544465498, 4.189074697352626, 4.145971609888326, 2.754441175628915, 2.7428248467592677, 2.1581571166159335, 2.157563915623359, 1.097217161732353, 1.0972580097679852, 2.168940010696469, 2.168972867511256, 3.2324715961629114], [6.901851645754204, 6.392279803794574, 5.048639184968559, 3.881625481676459, 2.5229382969070016, 1.5221124202896448, 0.0, 1.4208256684055223, 7.949772007422602, 6.466922617443324, 6.985051886707787, 6.5579772994422605, 7.184871101836135, 5.193187219810201, 5.129479662694843, 4.1695640359634725, 4.158919443797872, 2.7538015324274916, 2.752627953429232, 2.1508638497124823, 2.1507751393393035, 1.0946371956040961, 1.0946904950715521, 1.9429077435637543], [7.855523520428157, 7.474975369190188, 6.242344770997513, 4.919464887566534, 3.7572208066601567, 2.394548090976667, 1.4208256684055223, 0.0, 8.869924001365511, 7.268993670378315, 7.990014033779915, 7.545240592585501, 8.350764042289782, 6.446549525133581, 6.394667787305295, 5.040865952393497, 5.028801648504343, 4.056149827114378, 4.055148481868451, 2.6248968170196707, 2.6246816302172724, 2.050875747089521, 2.051012710833358, 0.9724436127611719], [1.0948290323150913, 2.157076405693595, 3.490647875395053, 4.1413781341481, 5.5992970165905644, 6.534004905875109, 7.949772007422602, 8.869924001365511, 0.0, 1.7658585588885647, 1.7714002737947174, 2.4998750748787426, 2.431614702209213, 3.7554911223433876, 4.2805831425169165, 4.293190128564072, 3.8650513385982337, 5.796540106822344, 6.097924753553457, 6.6355659389384405, 6.363303127307389, 8.124134899175418, 8.343098516138953, 9.739385554027521], [1.093826942436508, 2.175012940191391, 2.8757882015197156, 2.8855675802171055, 4.324805125089453, 5.013926610950742, 6.466922617443324, 7.268993670378315, 1.7658585588885647, 0.0, 1.7759014330756087, 2.4879193757033207, 3.0612772122106158, 3.217866504378328, 3.8734951878116486, 3.0827993269105276, 2.31580390361533, 4.589440843937309, 5.024750241554301, 5.131235233352687, 4.710672219545741, 6.676059071787787, 6.984684959251919, 8.164057131108281], [1.0945469565075774, 2.1696291365115834, 2.782591982307144, 3.4713331329620325, 4.681833005351643, 5.7085089384181575, 6.985051886707787, 7.990014033779915, 1.7714002737947174, 1.7759014330756087, 0.0, 3.0686237143058124, 2.523094015291543, 2.5616982765345337, 3.7501077971173045, 4.062824723022149, 3.06628228641787, 4.581777604816716, 5.307300712226508, 6.090251922539823, 5.476086473020674, 6.95344979776226, 7.4555252303241515, 8.7894115195501], [2.1504617504154777, 1.0962393944754951, 2.1646605276578588, 2.7879486257820463, 4.182389062485698, 5.192493589789013, 6.5579772994422605, 7.545240592585501, 2.4998750748787426, 2.4879193757033207, 3.0686237143058124, 0.0, 1.7602510644791556, 3.068955271749655, 2.498275523235978, 2.5405760508199706, 3.1755088946498007, 4.7255248787833075, 4.332037554084682, 5.072971009181898, 5.411323784435746, 6.953406480999079, 6.688814673766944, 8.382530635792511], [2.1385138040237197, 1.0965769558038325, 2.1459658454877606, 3.4827488295884903, 4.664203192400605, 5.970221544465498, 7.184871101836135, 8.350764042289782, 2.431614702209213, 3.0612772122106158, 2.523094015291543, 1.7602510644791556, 0.0, 2.494701435041877, 2.403385998960633, 3.7324529012433634, 3.840251998241782, 4.8442086526077714, 4.769067915222008, 6.129632808741483, 6.188893149021076, 7.344672207797975, 7.294051819804957, 9.106772680263848], [2.7805946738063065, 2.160864153527472, 1.0968667284588407, 2.1629807627438575, 2.7783139941338524, 4.189074697352626, 5.193187219810201, 6.446549525133581, 3.7554911223433876, 3.217866504378328, 2.5616982765345337, 3.068955271749655, 2.494701435041877, 0.0, 1.7604824367201168, 3.0675582227563343, 2.4955710048003046, 2.5510654989631294, 3.1194467378046378, 4.72926652875475, 4.379047796039682, 5.117513721525327, 5.4256835864248485, 7.1136312808579], [3.473708049044997, 2.142835313317381, 1.0971430307849566, 2.154819140902549, 2.717543405357125, 4.145971609888326, 5.129479662694843, 6.394667787305295, 4.2805831425169165, 3.8734951878116486, 3.7501077971173045, 2.498275523235978, 2.403385998960633, 1.7604824367201168, 0.0, 2.5236385795117333, 3.0646596499448355, 3.0286484394858375, 2.4882039586818436, 4.362840332856567, 4.690240276361116, 5.343885184021079, 5.053794302303963, 7.053006324256345], [3.448778312678274, 2.7610692819992764, 2.1610194885747793, 1.096700729460868, 2.160446972272173, 2.754441175628915, 4.1695640359634725, 5.040865952393497, 4.293190128564072, 3.0827993269105276, 4.062824723022149, 2.5405760508199706, 3.7324529012433634, 3.0675582227563343, 2.5236385795117333, 0.0, 1.7657574153886486, 3.065855510293986, 2.505863088837856, 2.534359944838144, 3.0859368123796704, 4.732238656280979, 4.386236013941795, 5.903307585582848], [2.8392711846528504, 2.8367482810429268, 2.1660726534444774, 1.0957283878772148, 2.1538023609421546, 2.7428248467592677, 4.158919443797872, 5.028801648504343, 3.8650513385982337, 2.31580390361533, 3.06628228641787, 3.1755088946498007, 3.840251998241782, 2.4955710048003046, 3.0646596499448355, 1.7657574153886486, 0.0, 2.5015559597978214, 3.0612071524155304, 3.073435527223566, 2.522565567036861, 4.3773420942393795, 4.72237001303371, 5.891735655984576], [4.71127681844317, 4.204924014771254, 2.7516253124290015, 2.1606487312841947, 1.0967575712070559, 2.1581571166159335, 2.7538015324274916, 4.056149827114378, 5.796540106822344, 4.589440843937309, 4.581777604816716, 4.7255248787833075, 4.8442086526077714, 2.5510654989631294, 3.0286484394858375, 3.065855510293986, 2.5015559597978214, 0.0, 1.765108905988523, 3.070574320872238, 2.517506961261478, 2.566946845963118, 3.120307177186246, 4.6299338418599465], [5.108549579870983, 4.162415392533522, 2.754573798249014, 2.1611800225802567, 1.0968229301031227, 2.157563915623359, 2.752627953429232, 4.055148481868451, 6.097924753553457, 5.024750241554301, 5.307300712226508, 4.332037554084682, 4.769067915222008, 3.1194467378046378, 2.4882039586818436, 2.505863088837856, 3.0612071524155304, 1.765108905988523, 0.0, 2.517194273392501, 3.0702199318615597, 3.119013635750892, 2.5657037572564767, 4.628761902496174], [5.703543004133484, 5.195160882013184, 4.183395049478354, 2.759992891295193, 2.1671298738192872, 1.097217161732353, 2.1508638497124823, 2.6248968170196707, 6.6355659389384405, 5.131235233352687, 6.090251922539823, 5.072971009181898, 6.129632808741483, 4.72926652875475, 4.362840332856567, 2.534359944838144, 3.073435527223566, 3.070574320872238, 2.517194273392501, 0.0, 1.750761942698093, 3.067920183120806, 2.508333689922455, 3.513514636371962], [5.354840813693718, 5.230133238264585, 4.182356166086289, 2.7604247028310698, 2.1671669824911968, 1.0972580097679852, 2.1507751393393035, 2.6246816302172724, 6.363303127307389, 4.710672219545741, 5.476086473020674, 5.411323784435746, 6.188893149021076, 4.379047796039682, 4.690240276361116, 3.0859368123796704, 2.522565567036861, 2.517506961261478, 3.0702199318615597, 1.750761942698093, 0.0, 2.508209817778409, 3.06791245311857, 3.5133479759340656], [7.041736380325522, 6.618804431315371, 5.20619024719612, 4.204388232549416, 2.787442659499922, 2.168940010696469, 1.0946371956040961, 2.050875747089521, 8.124134899175418, 6.676059071787787, 6.95344979776226, 6.953406480999079, 7.344672207797975, 5.117513721525327, 5.343885184021079, 4.732238656280979, 4.3773420942393795, 2.566946845963118, 3.119013635750892, 3.067920183120806, 2.508209817778409, 0.0, 1.78247155096512, 2.2742555023567603], [7.315334153680199, 6.590853195907188, 5.20718031759992, 4.204230585969327, 2.7875198456692645, 2.168972867511256, 1.0946904950715521, 2.051012710833358, 8.343098516138953, 6.984684959251919, 7.4555252303241515, 6.688814673766944, 7.294051819804957, 5.4256835864248485, 5.053794302303963, 4.386236013941795, 4.72237001303371, 3.120307177186246, 2.5657037572564767, 2.508333689922455, 3.06791245311857, 1.78247155096512, 0.0, 2.274318135178102], [8.706237254979902, 8.27902442863892, 6.976476045970487, 5.7358950635450086, 4.454282708809578, 3.2324715961629114, 1.9429077435637543, 0.9724436127611719, 9.739385554027521, 8.164057131108281, 8.7894115195501, 8.382530635792511, 9.106772680263848, 7.1136312808579, 7.053006324256345, 5.903307585582848, 5.891735655984576, 4.6299338418599465, 4.628761902496174, 3.513514636371962, 3.5133479759340656, 2.2742555023567603, 2.274318135178102, 0.0]]}