{"total energy": -63.13539873, "HOMO-LUMO gap/eV": 3.22087169, "electronic energy": -63.92324527, "dipole": [2.33152965, 0.79514519, 0.19222336], "partial charges": [-0.10283838, -0.05387146, -0.06391728, 0.0118091, -0.19282113, 0.32478635, -0.44703123, -0.10618608, 0.22035411, -0.17292546, 0.40345765, -0.40961785, -0.28613618, 0.03357482, -0.27184245, 0.07670909, -0.03976231, -0.03537488, -0.03591651, -0.05701027, 0.02958725, 0.03579042, 0.03910383, 0.03757485, 0.03104259, 0.03659787, 0.05489302, 0.03936678, 0.04487985, 0.05775565, 0.18542094, 0.24690126, 0.06518398, 0.06768435, 0.06574629, 0.05722701, 0.04106996, 0.03710166, 0.0316328], "atomic dipole moments": [[-0.06892277, 0.08519304, 0.01893102], [-0.03586641, -0.07984206, -0.08075455], [0.00174399, 0.11088202, 0.07692071], [-0.10001441, -0.07846151, -0.11836281], [0.0105043, 0.00701812, 0.08908336], [-0.01132517, 0.00082812, -0.0360474], [0.00218939, 0.12199222, -0.1685924], [-0.00437861, -0.00578651, 0.02094492], [0.11605262, -0.03580958, 0.09132088], [-0.05696442, 0.00906189, -0.03699151], [0.07043677, -0.04367933, 0.09979874], [0.17085006, -0.02457675, 0.09384854], [-0.2153967, 0.0277053, -0.11342434], [0.22730477, 0.09392689, -0.11893987], [0.29290531, 0.03580654, -0.00528203], [-0.012607, -0.04913016, 0.10997931], [0.01460989, -0.01115206, 0.03400598], [0.0099913, -0.00139214, 0.00730372], [-0.00977921, -0.0051116, 0.01058759], [-0.01241997, -0.0142547, 0.02371805], [0.02497864, -0.06861541, 0.18308699], [0.03671211, -0.00316443, -0.12064141], [-0.05361235, -0.11174744, 0.02825397], [0.10331602, 0.01131288, 0.07060032], [0.0608832, 0.10437478, -0.02269635], [-0.02592517, 0.00086754, 0.12200393], [-0.05768515, -0.11349163, 0.02172114], [0.02908845, -0.00558297, -0.12111847], [0.05005718, 0.1092623, -0.03007451], [-0.0388319, 0.00409949, 0.1211715], [-0.02287556, 0.1175647, -0.07651369], [0.09349206, -0.03591578, 0.09011471], [-0.07703817, 0.10251885, 0.0222085], [0.02100944, -0.05443344, 0.11102603], [-0.04953265, -0.09166154, -0.07824657], [-0.15252984, 8.624e-05, -0.03085127], [-0.04905498, 0.04833363, -0.13511887], [0.09635531, 0.04302383, -0.10787449], [0.15289527, -0.01171849, 0.01516403]], "atomic quadrupole moments": [[0.02468852, -0.1758868, 0.08610462, -0.03140412, 0.05462318, -0.11079315], [0.13624144, -0.13739634, -0.02115125, 0.12574804, 0.07084837, -0.1150902], [0.13847602, -0.17179255, -0.01702911, 0.11595802, 0.08474279, -0.12144691], [0.20705042, -0.08155516, -0.09045626, 0.23043074, 0.07246019, -0.11659416], [0.06100766, 0.01426781, -0.0818124, 0.05094001, 0.0389834, 0.02080474], [-0.08860664, -0.22043864, 0.10481921, -0.10461679, 0.30705879, -0.01621257], [-0.04896155, -0.08027152, 0.04716023, -0.04217437, 0.06825893, 0.00180133], [0.03678578, -0.02879725, -0.01611127, 0.08487638, -0.01789378, -0.02067451], [-0.20861801, 0.01097549, 0.21869522, -0.17021226, 0.15824237, -0.01007721], [0.00298998, 0.03160406, 0.00989361, -0.05778959, 0.00849142, -0.01288359], [-0.34421461, -0.04972919, 0.29486234, -0.10408658, 0.15835696, 0.04935227], [-0.08375275, -0.03832846, 0.11264213, 0.00469887, 0.10515971, -0.02888937], [0.06107196, 0.04139698, -0.07163506, -0.03267407, -0.06831898, 0.0105631], [0.31617378, 0.23030697, -0.20320329, -0.2748694, -0.14004821, -0.11297048], [-0.10152635, -0.00677776, 0.14792228, -0.04555765, 0.11400417, -0.04639593], [-0.20070983, -0.01935855, 0.23913574, -0.07901059, 0.14081945, -0.03842591], [-0.29155765, -0.06265967, 0.42323834, 0.01205781, 0.26521686, -0.13168069], [-0.25305014, -0.03241525, 0.41678781, -0.01071065, 0.26926214, -0.16373767], [-0.25126076, -0.01602038, 0.41315117, -0.01060398, 0.25617559, -0.16189041], [-0.21007479, 0.01064942, 0.38906849, -0.00208852, 0.24921024, -0.1789937], [-0.25988366, -0.036208, 0.24256135, 0.05964863, 0.05727837, 0.0173223], [-0.04088087, -0.00910328, -0.03305931, -0.02731042, -0.0086998, 0.07394018], [-0.0031544, 0.04542635, 0.04433724, -0.02328106, -0.02049613, -0.04118284], [0.03729906, 0.00567939, -0.03304875, 0.05959124, 0.01904833, -0.00425032], [-0.00320324, 0.02773653, 0.03271546, -0.00934033, -0.02731365, -0.02951221], [-0.01274169, -0.00621052, -0.03344486, -0.02419986, -0.00875799, 0.04618654], [-0.0007104, 0.03145779, 0.02241514, -0.01248459, -0.0244572, -0.02170474], [-0.02021972, -0.0008206, -0.03174525, -0.02265805, -0.01244741, 0.05196497], [0.01049358, 0.02807562, 0.02311858, 0.00196083, -0.02739482, -0.03361216], [-0.00266381, -0.01043608, -0.03529417, -0.0100968, -0.01105192, 0.03795798], [0.01876195, 0.03272992, -0.00043073, 0.02795919, -0.03537079, -0.01833122], [0.01928254, 0.00791833, -0.02831281, 0.0054424, -0.02641728, 0.00903027], [0.0119796, -0.03520409, 0.03377061, -0.01953151, -0.00343168, -0.04575021], [-0.01960277, -0.00859611, -0.0311533, 0.02670364, -0.05177178, 0.05075607], [-0.00716238, 0.03523963, -0.00617078, 0.00721179, 0.04325919, 0.01333316], [0.02953415, 0.0042582, -0.04590134, 0.00268522, -0.03076438, 0.01636718], [0.03845898, 0.00551692, -0.05428185, -0.00236261, -0.0348549, 0.01582286], [0.03912438, 0.00060583, -0.0570176, 0.00558162, -0.03368753, 0.01789322], [0.02361564, 0.00151381, -0.05414859, 0.0154265, -0.03013912, 0.03053295]], "number of molecular orbitals": 102, "number of electrons": 112, "number of unpaired electrons": 0, "orbital energies/eV": [-20.13856543, -19.8720829, -19.2644088, -19.24883052, -18.85987707, -18.73553757, -18.45614948, -18.30050001, -17.74077881, -17.63282307, -17.24330652, -17.22724541, -16.91346438, -16.71551886, -16.52835323, -16.4926388, -16.37466629, -16.18006503, -16.10183805, -16.05298524, -15.84874772, -15.67006074, -15.52672975, -15.42616744, -15.24161514, -14.86211748, -14.81809075, -14.6970449, -14.60448816, -14.43529223, -14.22910195, -14.10233907, -13.95064696, -13.91316725, -13.67450266, -13.55038982, -13.44682803, -13.29468283, -13.2742209, -13.04731397, -12.90265626, -12.70680584, -12.49983321, -12.44008642, -12.24373043, -12.14374323, -12.09428949, -12.03080326, -11.96469168, -11.89010467, -11.73610869, -11.51705489, -11.4202754, -10.83981327, -10.4624711, -10.40305472, -7.18218303, -6.61914674, -5.67502165, -5.54680246, -4.35865151, -2.50849344, -1.37794855, -0.46693554, 0.32272457, 1.53584982, 1.92601153, 2.1824767, 2.51594627, 2.8288685, 2.85436488, 3.2590326, 3.55592938, 3.62437922, 3.6544117, 3.75417685, 3.89460036, 4.20058814, 4.27414003, 4.44375008, 4.55148166, 5.11110208, 5.18808165, 5.46206005, 5.50936606, 6.06779195, 6.1795548, 6.44767609, 6.65165484, 6.80494838, 7.58115661, 8.86847083, 9.0860811, 9.97735991, 10.82725453, 11.49707577, 12.89026751, 13.67563567, 15.90981249, 16.47658647, 17.81053865, 17.92373848], "fractional occupation": [2.0, 2.0, 2.0, 2.0, 2.0, 2.0, 2.0, 2.0, 2.0, 2.0, 2.0, 2.0, 2.0, 2.0, 2.0, 2.0, 2.0, 2.0, 2.0, 2.0, 2.0, 2.0, 2.0, 2.0, 2.0, 2.0, 2.0, 2.0, 2.0, 2.0, 2.0, 2.0, 2.0, 2.0, 2.0, 2.0, 2.0, 2.0, 2.0, 2.0, 2.0, 2.0, 2.0, 2.0, 2.0, 2.0, 2.0, 2.0, 2.0, 2.0, 2.0, 2.0, 2.0, 2.0, 2.0, 2.0, 0.0, 0.0, 0.0, 0.0, 0.0, 0.0, 0.0, 0.0, 0.0, 0.0, 0.0, 0.0, 0.0, 0.0, 0.0, 0.0, 0.0, 0.0, 0.0, 0.0, 0.0, 0.0, 0.0, 0.0, 0.0, 0.0, 0.0, 0.0, 0.0, 0.0, 0.0, 0.0, 0.0, 0.0, 0.0, 0.0, 0.0, 0.0, 0.0, 0.0, 0.0, 0.0, 0.0, 0.0, 0.0, 0.0], "program call": "xtb /home/svss/Project-DBcg-Debug/aqme2_20220329/End-to-End-workflows-final/example-3/QDESCP/mol_991_rdkit_conf_10/mol_991_rdkit_conf_10.xyz --pop --wbo --acc 0.2 --gfn 2 --chrg 0 --uhf 0 --etemp 300 --input /home/svss/Project-DBcg-Debug/aqme2_20220329/End-to-End-workflows-final/example-3/QDESCP/mol_991_rdkit_conf_10/mol_991_rdkit_conf_10_xtb.inp", "method": "GFN2-xTB", "xtb version": "6.3.3 (7355c4f)", "Dipole module/D": 6.28, "Total charge": 0, "Transition dipole module/D": NaN, "HOMO": -10.4031, "LUMO": -7.1822, "HOMO occupancy": 2.0, "LUMO occupancy": 0, "mulliken charges": [-0.08216, -0.03998, -0.05654, 0.10138, -0.35497, 0.56643, -0.56383, -0.24458, 0.40315, -0.31, 0.66126, -0.54249, -0.43194, 0.17769, -0.37569, 0.13578, -0.04535, -0.03782, -0.03641, -0.07111, 0.08355, 0.02846, 0.0324, 0.03184, 0.02114, 0.02766, 0.04641, 0.02703, 0.02776, 0.04709, 0.23248, 0.28059, 0.04225, 0.03459, 0.04284, 0.04819, 0.03314, 0.03093, 0.02884], "cm5 charges": [-0.23246, -0.15216, -0.16081, 0.05273, -0.70976, 0.72713, -0.61305, -0.46382, 0.61367, -0.64204, 0.78755, -0.58197, -0.51261, 0.0585, -0.54463, 0.21204, -0.09269, -0.09259, -0.09115, -0.11972, 0.15329, 0.07976, 0.0837, 0.08261, 0.07593, 0.08247, 0.10573, 0.08459, 0.09317, 0.11503, 0.43162, 0.49826, 0.10374, 0.09369, 0.10433, 0.10592, 0.08849, 0.08618, 0.08933], "FUKUI+": [0.005, 0.003, 0.002, 0.014, -0.04, -0.039, -0.085, -0.025, -0.049, -0.019, -0.031, -0.08, -0.041, 0.018, -0.065, -0.024, -0.032, -0.018, -0.038, -0.022, -0.01, -0.006, -0.004, -0.014, -0.01, -0.007, 0.0, -0.007, -0.027, -0.019, -0.025, -0.028, -0.02, -0.03, -0.02, -0.052, -0.055, -0.059, -0.043], "FUKUI-": [0.01, 0.004, 0.005, 0.01, -0.02, 0.002, -0.032, -0.021, -0.017, -0.048, -0.001, -0.053, -0.038, 0.014, -0.086, -0.024, -0.028, -0.019, -0.038, -0.018, -0.025, -0.032, -0.033, -0.029, -0.042, -0.04, -0.021, -0.024, -0.023, -0.023, -0.01, -0.03, -0.025, -0.027, -0.024, -0.048, -0.051, -0.053, -0.041], "FUKUIrad": [0.008, 0.003, 0.003, 0.012, -0.03, -0.019, -0.059, -0.023, -0.033, -0.033, -0.016, -0.066, -0.039, 0.016, -0.075, -0.024, -0.03, -0.018, -0.038, -0.02, -0.018, -0.019, -0.019, -0.022, -0.026, -0.024, -0.01, -0.016, -0.025, -0.021, -0.018, -0.029, -0.023, -0.029, -0.022, -0.05, -0.053, -0.056, -0.042], "s proportion": [1.008, 1.027, 1.036, 1.005, 1.425, 0.948, 1.722, 1.445, 0.969, 1.416, 0.916, 1.721, 1.693, 0.973, 1.542, 1.039, 1.063, 1.059, 1.056, 1.057, 1.042, 0.972, 0.968, 0.968, 0.979, 0.972, 0.954, 0.973, 0.972, 0.953, 0.768, 0.719, 0.958, 0.965, 0.957, 0.952, 0.967, 0.969, 0.971], "p proportion": [3.075, 3.013, 3.021, 2.893, 3.93, 2.486, 4.842, 3.799, 2.628, 3.894, 2.423, 4.822, 4.739, 2.85, 3.834, 2.825, 2.982, 2.979, 2.981, 3.014, 2.875, 0.0, 0.0, 0.0, 0.0, 0.0, 0.0, 0.0, 0.0, 0.0, 0.0, 0.0, 0.0, 0.0, 0.0, 0.0, 0.0, 0.0, 0.0], "d proportion": [0.0, 0.0, 0.0, 0.0, 0.0, 0.0, 0.0, 0.0, 0.0, 0.0, 0.0, 0.0, 0.0, 0.0, 0.0, 0.0, 0.0, 0.0, 0.0, 0.0, 0.0, 0.0, 0.0, 0.0, 0.0, 0.0, 0.0, 0.0, 0.0, 0.0, 0.0, 0.0, 0.0, 0.0, 0.0, 0.0, 0.0, 0.0, 0.0], "Fermi-level/eV": -8.7926, "Coordination numbers": [3.75, 3.801, 3.802, 3.74, 2.686, 2.689, 0.858, 2.837, 3.076, 2.69, 2.666, 0.856, 1.708, 3.654, 1.883, 3.194, 2.911, 2.91, 2.913, 2.906, 3.035, 0.924, 0.924, 0.924, 0.924, 0.924, 0.924, 0.924, 0.924, 0.924, 0.86, 0.86, 0.924, 0.924, 0.924, 0.925, 0.925, 0.925, 0.925], "Dispersion coefficient C6": [22.528, 21.542, 21.726, 20.454, 25.184, 21.48, 22.643, 23.32, 23.301, 24.743, 20.194, 21.874, 18.752, 20.306, 27.909, 25.802, 28.988, 28.88, 28.894, 29.416, 27.307, 2.506, 2.461, 2.482, 2.572, 2.495, 2.26, 2.457, 2.385, 2.226, 1.183, 0.895, 2.139, 2.111, 2.133, 2.232, 2.435, 2.488, 2.563], "Total dispersion C6": 16677.637234, "Total dispersion C8": 382150.252094, "Polarizability alpha": [6.769, 6.608, 6.636, 6.453, 7.453, 7.585, 6.38, 7.172, 7.914, 7.388, 7.353, 6.271, 5.847, 6.47, 7.831, 8.283, 8.829, 8.812, 8.814, 8.893, 8.571, 2.476, 2.453, 2.463, 2.508, 2.47, 2.351, 2.452, 2.415, 2.333, 1.704, 1.482, 2.287, 2.272, 2.284, 2.336, 2.44, 2.467, 2.504], "Total polarizability alpha": 198.029308, "Wiberg matrix": [[0.0, 1.0203821606391263, 0.0, 0.0, 0.0, 0.0, 0.0, 0.0, 0.0, 0.0, 0.0, 0.0, 0.0, 0.0, 0.0, 0.0, 0.0, 0.0, 0.0, 0.0, 0.0, 0.9874334726664313, 0.9872297642051246, 0.9867444478447784, 0.0, 0.0, 0.0, 0.0, 0.0, 0.0, 0.0, 0.0, 0.0, 0.0, 0.0, 0.0, 0.0, 0.0, 0.0], [1.0203821606391263, 0.0, 1.0060823367241014, 0.0, 0.0, 0.0, 0.0, 0.0, 0.0, 0.0, 0.0, 0.0, 0.0, 0.0, 0.0, 0.0, 0.0, 0.0, 0.0, 0.0, 0.0, 0.0, 0.0, 0.0, 0.9777542304990547, 0.9774869605784374, 0.0, 0.0, 0.0, 0.0, 0.0, 0.0, 0.0, 0.0, 0.0, 0.0, 0.0, 0.0, 0.0], [0.0, 1.0060823367241014, 0.0, 0.9977525307049424, 0.0, 0.0, 0.0, 0.0, 0.0, 0.0, 0.0, 0.0, 0.0, 0.0, 0.0, 0.0, 0.0, 0.0, 0.0, 0.0, 0.0, 0.0, 0.0, 0.0, 0.0, 0.0, 0.9743421388753317, 0.9761994189551473, 0.0, 0.0, 0.0, 0.0, 0.0, 0.0, 0.0, 0.0, 0.0, 0.0, 0.0], [0.0, 0.0, 0.9977525307049424, 0.0, 0.9857601723583018, 0.0, 0.0, 0.0, 0.0, 0.0, 0.0, 0.0, 0.0, 0.0, 0.0, 0.0, 0.0, 0.0, 0.0, 0.0, 0.0, 0.0, 0.0, 0.0, 0.0, 0.0, 0.0, 0.0, 0.9752467382426457, 0.9666305726372486, 0.0, 0.0, 0.0, 0.0, 0.0, 0.0, 0.0, 0.0, 0.0], [0.0, 0.0, 0.0, 0.9857601723583018, 0.0, 1.2200473070715177, 0.17242887905368437, 0.0, 0.0, 0.0, 0.0, 0.0, 0.0, 0.0, 0.0, 0.0, 0.0, 0.0, 0.0, 0.0, 0.0, 0.0, 0.0, 0.0, 0.0, 0.0, 0.0, 0.0, 0.0, 0.0, 0.9311595851622783, 0.0, 0.0, 0.0, 0.0, 0.0, 0.0, 0.0, 0.0], [0.0, 0.0, 0.0, 0.0, 1.2200473070715177, 0.0, 1.622426369108041, 1.04152932978496, 0.0, 0.0, 0.0, 0.0, 0.0, 0.0, 0.0, 0.0, 0.0, 0.0, 0.0, 0.0, 0.0, 0.0, 0.0, 0.0, 0.0, 0.0, 0.0, 0.0, 0.0, 0.0, 0.0, 0.0, 0.0, 0.0, 0.0, 0.0, 0.0, 0.0, 0.0], [0.0, 0.0, 0.0, 0.0, 0.17242887905368437, 1.622426369108041, 0.0, 0.0, 0.0, 0.0, 0.0, 0.0, 0.0, 0.0, 0.0, 0.0, 0.0, 0.0, 0.0, 0.0, 0.0, 0.0, 0.0, 0.0, 0.0, 0.0, 0.0, 0.0, 0.0, 0.0, 0.0, 0.0, 0.0, 0.0, 0.0, 0.0, 0.0, 0.0, 0.0], [0.0, 0.0, 0.0, 0.0, 0.0, 1.04152932978496, 0.0, 0.0, 1.0970817165910607, 0.0, 0.0, 0.0, 0.0, 0.0, 0.0, 0.0, 0.0, 0.0, 0.0, 0.0, 1.0777667742033523, 0.0, 0.0, 0.0, 0.0, 0.0, 0.0, 0.0, 0.0, 0.0, 0.0, 0.0, 0.0, 0.0, 0.0, 0.0, 0.0, 0.0, 0.0], [0.0, 0.0, 0.0, 0.0, 0.0, 0.0, 0.0, 1.0970817165910607, 0.0, 1.1376347260267008, 0.0, 0.0, 0.0, 0.0, 1.5355976879366422, 0.0, 0.0, 0.0, 0.0, 0.0, 0.0, 0.0, 0.0, 0.0, 0.0, 0.0, 0.0, 0.0, 0.0, 0.0, 0.0, 0.0, 0.0, 0.0, 0.0, 0.0, 0.0, 0.0, 0.0], [0.0, 0.0, 0.0, 0.0, 0.0, 0.0, 0.0, 0.0, 1.1376347260267008, 0.0, 1.1351352136603885, 0.12903590408575785, 0.0, 0.0, 0.0, 0.0, 0.0, 0.0, 0.0, 0.0, 0.0, 0.0, 0.0, 0.0, 0.0, 0.0, 0.0, 0.0, 0.0, 0.0, 0.0, 0.8813117128493746, 0.0, 0.0, 0.0, 0.0, 0.0, 0.0, 0.0], [0.0, 0.0, 0.0, 0.0, 0.0, 0.0, 0.0, 0.0, 0.0, 1.1351352136603885, 0.0, 1.6896904187918897, 1.0618117517889543, 0.0, 0.0, 0.0, 0.0, 0.0, 0.0, 0.0, 0.0, 0.0, 0.0, 0.0, 0.0, 0.0, 0.0, 0.0, 0.0, 0.0, 0.0, 0.0, 0.0, 0.0, 0.0, 0.0, 0.0, 0.0, 0.0], [0.0, 0.0, 0.0, 0.0, 0.0, 0.0, 0.0, 0.0, 0.0, 0.12903590408575785, 1.6896904187918897, 0.0, 0.1470806688639075, 0.0, 0.0, 0.0, 0.0, 0.0, 0.0, 0.0, 0.0, 0.0, 0.0, 0.0, 0.0, 0.0, 0.0, 0.0, 0.0, 0.0, 0.0, 0.0, 0.0, 0.0, 0.0, 0.0, 0.0, 0.0, 0.0], [0.0, 0.0, 0.0, 0.0, 0.0, 0.0, 0.0, 0.0, 0.0, 0.0, 1.0618117517889543, 0.1470806688639075, 0.0, 0.9581820173516549, 0.0, 0.0, 0.0, 0.0, 0.0, 0.0, 0.0, 0.0, 0.0, 0.0, 0.0, 0.0, 0.0, 0.0, 0.0, 0.0, 0.0, 0.0, 0.0, 0.0, 0.0, 0.0, 0.0, 0.0, 0.0], [0.0, 0.0, 0.0, 0.0, 0.0, 0.0, 0.0, 0.0, 0.0, 0.0, 0.0, 0.0, 0.9581820173516549, 0.0, 0.0, 0.0, 0.0, 0.0, 0.0, 0.0, 0.0, 0.0, 0.0, 0.0, 0.0, 0.0, 0.0, 0.0, 0.0, 0.0, 0.0, 0.0, 0.9783147270389658, 0.9813831262439188, 0.9782684734479568, 0.0, 0.0, 0.0, 0.0], [0.0, 0.0, 0.0, 0.0, 0.0, 0.0, 0.0, 0.0, 1.5355976879366422, 0.0, 0.0, 0.0, 0.0, 0.0, 0.0, 1.1887553577991052, 0.0, 0.0, 0.0, 0.0, 0.0, 0.0, 0.0, 0.0, 0.0, 0.0, 0.0, 0.0, 0.0, 0.0, 0.0, 0.0, 0.0, 0.0, 0.0, 0.0, 0.0, 0.0, 0.0], [0.0, 0.0, 0.0, 0.0, 0.0, 0.0, 0.0, 0.0, 0.0, 0.0, 0.0, 0.0, 0.0, 0.0, 1.1887553577991052, 0.0, 1.331855983021646, 0.0, 0.0, 0.0, 1.279655624239268, 0.0, 0.0, 0.0, 0.0, 0.0, 0.0, 0.0, 0.0, 0.0, 0.0, 0.0, 0.0, 0.0, 0.0, 0.0, 0.0, 0.0, 0.0], [0.0, 0.0, 0.0, 0.0, 0.0, 0.0, 0.0, 0.0, 0.0, 0.0, 0.0, 0.0, 0.0, 0.0, 0.0, 1.331855983021646, 0.0, 1.4758786250283875, 0.0, 0.11673547374647812, 0.0, 0.0, 0.0, 0.0, 0.0, 0.0, 0.0, 0.0, 0.0, 0.0, 0.0, 0.0, 0.0, 0.0, 0.0, 0.968364019989457, 0.0, 0.0, 0.0], [0.0, 0.0, 0.0, 0.0, 0.0, 0.0, 0.0, 0.0, 0.0, 0.0, 0.0, 0.0, 0.0, 0.0, 0.0, 0.0, 1.4758786250283875, 0.0, 1.408491126687153, 0.0, 0.0, 0.0, 0.0, 0.0, 0.0, 0.0, 0.0, 0.0, 0.0, 0.0, 0.0, 0.0, 0.0, 0.0, 0.0, 0.0, 0.9703530510010133, 0.0, 0.0], [0.0, 0.0, 0.0, 0.0, 0.0, 0.0, 0.0, 0.0, 0.0, 0.0, 0.0, 0.0, 0.0, 0.0, 0.0, 0.0, 0.0, 1.408491126687153, 0.0, 1.455559064762986, 0.0, 0.0, 0.0, 0.0, 0.0, 0.0, 0.0, 0.0, 0.0, 0.0, 0.0, 0.0, 0.0, 0.0, 0.0, 0.0, 0.0, 0.9706036658827509, 0.0], [0.0, 0.0, 0.0, 0.0, 0.0, 0.0, 0.0, 0.0, 0.0, 0.0, 0.0, 0.0, 0.0, 0.0, 0.0, 0.0, 0.11673547374647812, 0.0, 1.455559064762986, 0.0, 1.3606354216620835, 0.0, 0.0, 0.0, 0.0, 0.0, 0.0, 0.0, 0.0, 0.0, 0.0, 0.0, 0.0, 0.0, 0.0, 0.0, 0.0, 0.0, 0.9647448222562242], [0.0, 0.0, 0.0, 0.0, 0.0, 0.0, 0.0, 1.0777667742033523, 0.0, 0.0, 0.0, 0.0, 0.0, 0.0, 0.0, 1.279655624239268, 0.0, 0.0, 0.0, 1.3606354216620835, 0.0, 0.0, 0.0, 0.0, 0.0, 0.0, 0.0, 0.0, 0.0, 0.0, 0.0, 0.0, 0.0, 0.0, 0.0, 0.0, 0.0, 0.0, 0.0], [0.9874334726664313, 0.0, 0.0, 0.0, 0.0, 0.0, 0.0, 0.0, 0.0, 0.0, 0.0, 0.0, 0.0, 0.0, 0.0, 0.0, 0.0, 0.0, 0.0, 0.0, 0.0, 0.0, 0.0, 0.0, 0.0, 0.0, 0.0, 0.0, 0.0, 0.0, 0.0, 0.0, 0.0, 0.0, 0.0, 0.0, 0.0, 0.0, 0.0], [0.9872297642051246, 0.0, 0.0, 0.0, 0.0, 0.0, 0.0, 0.0, 0.0, 0.0, 0.0, 0.0, 0.0, 0.0, 0.0, 0.0, 0.0, 0.0, 0.0, 0.0, 0.0, 0.0, 0.0, 0.0, 0.0, 0.0, 0.0, 0.0, 0.0, 0.0, 0.0, 0.0, 0.0, 0.0, 0.0, 0.0, 0.0, 0.0, 0.0], [0.9867444478447784, 0.0, 0.0, 0.0, 0.0, 0.0, 0.0, 0.0, 0.0, 0.0, 0.0, 0.0, 0.0, 0.0, 0.0, 0.0, 0.0, 0.0, 0.0, 0.0, 0.0, 0.0, 0.0, 0.0, 0.0, 0.0, 0.0, 0.0, 0.0, 0.0, 0.0, 0.0, 0.0, 0.0, 0.0, 0.0, 0.0, 0.0, 0.0], [0.0, 0.9777542304990547, 0.0, 0.0, 0.0, 0.0, 0.0, 0.0, 0.0, 0.0, 0.0, 0.0, 0.0, 0.0, 0.0, 0.0, 0.0, 0.0, 0.0, 0.0, 0.0, 0.0, 0.0, 0.0, 0.0, 0.0, 0.0, 0.0, 0.0, 0.0, 0.0, 0.0, 0.0, 0.0, 0.0, 0.0, 0.0, 0.0, 0.0], [0.0, 0.9774869605784374, 0.0, 0.0, 0.0, 0.0, 0.0, 0.0, 0.0, 0.0, 0.0, 0.0, 0.0, 0.0, 0.0, 0.0, 0.0, 0.0, 0.0, 0.0, 0.0, 0.0, 0.0, 0.0, 0.0, 0.0, 0.0, 0.0, 0.0, 0.0, 0.0, 0.0, 0.0, 0.0, 0.0, 0.0, 0.0, 0.0, 0.0], [0.0, 0.0, 0.9743421388753317, 0.0, 0.0, 0.0, 0.0, 0.0, 0.0, 0.0, 0.0, 0.0, 0.0, 0.0, 0.0, 0.0, 0.0, 0.0, 0.0, 0.0, 0.0, 0.0, 0.0, 0.0, 0.0, 0.0, 0.0, 0.0, 0.0, 0.0, 0.0, 0.0, 0.0, 0.0, 0.0, 0.0, 0.0, 0.0, 0.0], [0.0, 0.0, 0.9761994189551473, 0.0, 0.0, 0.0, 0.0, 0.0, 0.0, 0.0, 0.0, 0.0, 0.0, 0.0, 0.0, 0.0, 0.0, 0.0, 0.0, 0.0, 0.0, 0.0, 0.0, 0.0, 0.0, 0.0, 0.0, 0.0, 0.0, 0.0, 0.0, 0.0, 0.0, 0.0, 0.0, 0.0, 0.0, 0.0, 0.0], [0.0, 0.0, 0.0, 0.9752467382426457, 0.0, 0.0, 0.0, 0.0, 0.0, 0.0, 0.0, 0.0, 0.0, 0.0, 0.0, 0.0, 0.0, 0.0, 0.0, 0.0, 0.0, 0.0, 0.0, 0.0, 0.0, 0.0, 0.0, 0.0, 0.0, 0.0, 0.0, 0.0, 0.0, 0.0, 0.0, 0.0, 0.0, 0.0, 0.0], [0.0, 0.0, 0.0, 0.9666305726372486, 0.0, 0.0, 0.0, 0.0, 0.0, 0.0, 0.0, 0.0, 0.0, 0.0, 0.0, 0.0, 0.0, 0.0, 0.0, 0.0, 0.0, 0.0, 0.0, 0.0, 0.0, 0.0, 0.0, 0.0, 0.0, 0.0, 0.0, 0.0, 0.0, 0.0, 0.0, 0.0, 0.0, 0.0, 0.0], [0.0, 0.0, 0.0, 0.0, 0.9311595851622783, 0.0, 0.0, 0.0, 0.0, 0.0, 0.0, 0.0, 0.0, 0.0, 0.0, 0.0, 0.0, 0.0, 0.0, 0.0, 0.0, 0.0, 0.0, 0.0, 0.0, 0.0, 0.0, 0.0, 0.0, 0.0, 0.0, 0.0, 0.0, 0.0, 0.0, 0.0, 0.0, 0.0, 0.0], [0.0, 0.0, 0.0, 0.0, 0.0, 0.0, 0.0, 0.0, 0.0, 0.8813117128493746, 0.0, 0.0, 0.0, 0.0, 0.0, 0.0, 0.0, 0.0, 0.0, 0.0, 0.0, 0.0, 0.0, 0.0, 0.0, 0.0, 0.0, 0.0, 0.0, 0.0, 0.0, 0.0, 0.0, 0.0, 0.0, 0.0, 0.0, 0.0, 0.0], [0.0, 0.0, 0.0, 0.0, 0.0, 0.0, 0.0, 0.0, 0.0, 0.0, 0.0, 0.0, 0.0, 0.9783147270389658, 0.0, 0.0, 0.0, 0.0, 0.0, 0.0, 0.0, 0.0, 0.0, 0.0, 0.0, 0.0, 0.0, 0.0, 0.0, 0.0, 0.0, 0.0, 0.0, 0.0, 0.0, 0.0, 0.0, 0.0, 0.0], [0.0, 0.0, 0.0, 0.0, 0.0, 0.0, 0.0, 0.0, 0.0, 0.0, 0.0, 0.0, 0.0, 0.9813831262439188, 0.0, 0.0, 0.0, 0.0, 0.0, 0.0, 0.0, 0.0, 0.0, 0.0, 0.0, 0.0, 0.0, 0.0, 0.0, 0.0, 0.0, 0.0, 0.0, 0.0, 0.0, 0.0, 0.0, 0.0, 0.0], [0.0, 0.0, 0.0, 0.0, 0.0, 0.0, 0.0, 0.0, 0.0, 0.0, 0.0, 0.0, 0.0, 0.9782684734479568, 0.0, 0.0, 0.0, 0.0, 0.0, 0.0, 0.0, 0.0, 0.0, 0.0, 0.0, 0.0, 0.0, 0.0, 0.0, 0.0, 0.0, 0.0, 0.0, 0.0, 0.0, 0.0, 0.0, 0.0, 0.0], [0.0, 0.0, 0.0, 0.0, 0.0, 0.0, 0.0, 0.0, 0.0, 0.0, 0.0, 0.0, 0.0, 0.0, 0.0, 0.0, 0.968364019989457, 0.0, 0.0, 0.0, 0.0, 0.0, 0.0, 0.0, 0.0, 0.0, 0.0, 0.0, 0.0, 0.0, 0.0, 0.0, 0.0, 0.0, 0.0, 0.0, 0.0, 0.0, 0.0], [0.0, 0.0, 0.0, 0.0, 0.0, 0.0, 0.0, 0.0, 0.0, 0.0, 0.0, 0.0, 0.0, 0.0, 0.0, 0.0, 0.0, 0.9703530510010133, 0.0, 0.0, 0.0, 0.0, 0.0, 0.0, 0.0, 0.0, 0.0, 0.0, 0.0, 0.0, 0.0, 0.0, 0.0, 0.0, 0.0, 0.0, 0.0, 0.0, 0.0], [0.0, 0.0, 0.0, 0.0, 0.0, 0.0, 0.0, 0.0, 0.0, 0.0, 0.0, 0.0, 0.0, 0.0, 0.0, 0.0, 0.0, 0.0, 0.9706036658827509, 0.0, 0.0, 0.0, 0.0, 0.0, 0.0, 0.0, 0.0, 0.0, 0.0, 0.0, 0.0, 0.0, 0.0, 0.0, 0.0, 0.0, 0.0, 0.0, 0.0], [0.0, 0.0, 0.0, 0.0, 0.0, 0.0, 0.0, 0.0, 0.0, 0.0, 0.0, 0.0, 0.0, 0.0, 0.0, 0.0, 0.0, 0.0, 0.0, 0.9647448222562242, 0.0, 0.0, 0.0, 0.0, 0.0, 0.0, 0.0, 0.0, 0.0, 0.0, 0.0, 0.0, 0.0, 0.0, 0.0, 0.0, 0.0, 0.0, 0.0]], "Born radii": [], "Atomic SASAs": [], "Solvent H bonds": [], "Total SASA": NaN, "Total FOD": 0.0, "FOD": [0.0, 0.0, 0.0, 0.0, 0.0, 0.0, 0.0, 0.0, 0.0, 0.0, 0.0, 0.0, 0.0, 0.0, 0.0, 0.0, 0.0, 0.0, 0.0, 0.0, 0.0, 0.0, 0.0, 0.0, 0.0, 0.0, 0.0, 0.0, 0.0, 0.0, 0.0, 0.0, 0.0, 0.0, 0.0, 0.0, 0.0, 0.0, 0.0], "FOD s proportion": [0.0, 0.0, 0.0, 0.0, 0.0, 0.0, 0.0, 0.0, 0.0, 0.0, 0.0, 0.0, 0.0, 0.0, 0.0, 0.0, 0.0, 0.0, 0.0, 0.0, 0.0, 0.0, 0.0, 0.0, 0.0, 0.0, 0.0, 0.0, 0.0, 0.0, 0.0, 0.0, 0.0, 0.0, 0.0, 0.0, 0.0, 0.0, 0.0], "FOD p proportion": [0.0, 0.0, 0.0, 0.0, 0.0, 0.0, 0.0, 0.0, 0.0, 0.0, 0.0, 0.0, 0.0, 0.0, 0.0, 0.0, 0.0, 0.0, 0.0, 0.0, 0.0, 0.0, 0.0, 0.0, 0.0, 0.0, 0.0, 0.0, 0.0, 0.0, 0.0, 0.0, 0.0, 0.0, 0.0, 0.0, 0.0, 0.0, 0.0], "FOD d proportion": [0.0, 0.0, 0.0, 0.0, 0.0, 0.0, 0.0, 0.0, 0.0, 0.0, 0.0, 0.0, 0.0, 0.0, 0.0, 0.0, 0.0, 0.0, 0.0, 0.0, 0.0, 0.0, 0.0, 0.0, 0.0, 0.0, 0.0, 0.0, 0.0, 0.0, 0.0, 0.0, 0.0, 0.0, 0.0, 0.0, 0.0, 0.0, 0.0], "coordinates": [["5.57140", "-1.16460", "1.14020"], ["4.62950", "-0.00260", "1.41200"], ["3.35860", "-0.10350", "0.57030"], ["2.41690", "1.06670", "0.84550"], ["1.22430", "0.99880", "0.02390"], ["0.17630", "0.17550", "0.36940"], ["0.12310", "-0.55230", "1.35280"], ["-0.94210", "0.28550", "-0.48270"], ["-2.23750", "-0.10400", "-0.12610"], ["-2.50650", "-0.73120", "1.06890"], ["-3.75310", "-1.11060", "1.46460"], ["-4.81830", "-0.96140", "0.88680"], ["-3.63720", "-1.71920", "2.67970"], ["-4.87700", "-2.17580", "3.22230"], ["-3.10870", "0.24440", "-1.04310"], ["-2.38700", "0.76420", "-2.07530"], ["-2.84710", "1.23440", "-3.31500"], ["-1.91780", "1.66400", "-4.26590"], ["-0.55300", "1.61000", "-3.99360"], ["-0.07670", "1.15140", "-2.75900"], ["-1.02320", "0.76420", "-1.79220"], ["5.87520", "-1.18570", "0.08870"], ["5.09460", "-2.12050", "1.37970"], ["6.47380", "-1.07230", "1.75270"], ["5.14730", "0.93860", "1.19370"], ["4.37040", "0.00870", "2.47720"], ["2.84970", "-1.05170", "0.78270"], ["3.61920", "-0.12060", "-0.49550"], ["2.91210", "2.01590", "0.61400"], ["2.11950", "1.08500", "1.90000"], ["1.04730", "1.78310", "-0.59080"], ["-1.73570", "-0.95780", "1.68990"], ["-5.55770", "-1.33450", "3.38630"], ["-4.67060", "-2.64580", "4.18790"], ["-5.33220", "-2.92330", "2.56490"], ["-3.91120", "1.23960", "-3.52790"], ["-2.26620", "2.01980", "-5.23270"], ["0.15610", "1.91830", "-4.76000"], ["0.99330", "1.07770", "-2.59390"]], "bond_dist": [[0.0, 1.5202943300558611, 2.5193656066557706, 3.8751023251005896, 4.982339175527896, 5.612228136845472, 5.486718777192795, 6.867479644673145, 7.9816857404936705, 8.089832362910865, 9.330297509190155, 10.394775990371317, 9.352858139093097, 10.701716143217403, 9.060696214971562, 8.797490565496503, 9.82217645382122, 9.659969555335048, 8.459467061227912, 7.243524711768435, 7.4704744400874565, 1.0947108750715873, 1.0947343513382592, 1.0945324572620037, 2.146199734414297, 2.146299813632755, 2.74739941581125, 2.7525506952643033, 4.179036154426041, 4.189702830750648, 5.670341885636174, 7.330664822510984, 11.354765432627834, 10.788002258527758, 11.13603559351352, 10.839328300683581, 10.591611375517893, 8.581497919361164, 6.319051488158646], [1.5202943300558611, 0.0, 1.5276866530804019, 2.5218888754265123, 3.811169191993449, 4.577086913092212, 4.540188948711275, 5.891995948742667, 7.0378777035410325, 7.1813001308955196, 8.455673451594498, 9.510838938810814, 8.537687493695234, 9.918342935188317, 8.122084969390556, 7.8727705275843025, 8.931642937332414, 8.825148228783469, 7.660241273615342, 6.393533877285706, 6.542774424508306, 2.168551818610752, 2.168608242629359, 2.1591148811492173, 1.0961884737580487, 1.0963172624746906, 2.159703067553501, 2.1617553839414856, 2.767780520561556, 2.778689935923042, 4.47572219535574, 6.442468974702168, 10.461876597437001, 10.05902515455648, 10.44486159745547, 9.944306378023558, 9.787380565810242, 7.860963577704707, 5.516904325797213], [2.5193656066557706, 1.5276866530804019, 0.0, 1.5270566361468063, 2.4635045646395706, 3.2008178798550846, 3.3588968337833776, 4.444789138980611, 5.639264882943521, 5.919628979927712, 7.238114380831516, 8.227870822393847, 7.48339979487933, 8.89677686861933, 6.674583377260336, 6.3846708615245, 7.442865374974883, 7.372467948387432, 6.250270395750891, 4.9457353942563484, 5.053165421792562, 2.7814332564345317, 2.7815667096080943, 3.4700308701796874, 2.1619545924926364, 2.16161876611025, 1.0968938918601014, 1.0973305837349108, 2.166362919734364, 2.171636053762232, 3.2014872262746885, 5.285378429213939, 9.431098700045505, 9.166153592974537, 9.351989405468762, 8.452760075265358, 8.355931242536647, 6.53879037590287, 4.123352903887806], [3.8751023251005896, 2.5218888754265123, 1.5270566361468063, 0.0, 1.4498040315849587, 2.4578846616552212, 2.8530742594611866, 3.6955743369603593, 4.89673201329213, 5.246162362146258, 6.572124473866879, 7.514187536919743, 6.912138255272388, 8.32850296872133, 5.897053722834819, 5.630278332373987, 6.711749365105941, 6.7285066203430315, 5.7037154303138236, 4.383792342253451, 4.3454868024192645, 4.195937426845163, 4.196866780111087, 4.675122506416276, 2.7554921538628996, 2.7564417534205217, 2.163071482868747, 2.157194376962818, 1.0953519662647253, 1.0957882550931088, 2.1099741254337694, 4.696349472728792, 8.707219489595975, 8.671040898300504, 8.883973613760904, 7.694242755463334, 7.732033397496418, 6.103938847170735, 3.7223957769157217], [4.982339175527896, 3.811169191993449, 2.4635045646395706, 1.4498040315849587, 0.0, 1.3767705473316896, 2.320458545201788, 2.33639239212937, 3.636306791237505, 4.2430877483266825, 5.594613088498614, 6.4109277963489815, 6.170492678060642, 7.585097851049781, 4.525759313087694, 4.183678463983579, 5.270679133660102, 5.3588867771207855, 4.435388030375696, 3.0757796036127165, 2.899053745621147, 5.138784885554172, 5.152421587952601, 5.902156800695826, 4.094140334673447, 4.110586832801371, 2.7243811866183485, 2.694137845396928, 2.0570316623717777, 2.0805202930997813, 1.012082793055983, 3.919877492983677, 7.9212086609304775, 8.085286090794808, 8.05153660241323, 6.248730121392666, 6.39201649012266, 4.987206703155586, 2.6291563380674035], [5.612228136845472, 4.577086913092212, 3.2008178798550846, 2.4578846616552212, 1.3767705473316896, 0.0, 1.224581005895486, 1.4103166204792457, 2.4799336563706698, 2.9169883407377544, 4.277113583948876, 5.148424373534101, 4.844600750319885, 6.2612691197551955, 3.5764687136895237, 3.5907704841718857, 4.882317086179471, 5.2997068928385085, 4.650315875292773, 3.286833791051808, 2.541236411670508, 5.865928668164999, 5.521050351156019, 6.567269598547024, 5.096335261734652, 4.696926430124278, 2.970505729669613, 3.5622026374141047, 3.3062823472897773, 2.635517567765391, 2.0651883207107287, 2.5853110335122156, 6.652859656568745, 6.784770854642034, 6.690766319338914, 5.747078592641657, 6.383633224896305, 5.417425979189748, 3.203529417689184], [5.486718777192795, 4.540188948711275, 3.3588968337833776, 2.8530742594611866, 2.320458545201788, 1.224581005895486, 0.0, 2.281582812435262, 2.8214447469337403, 2.6509244764798563, 3.9177958816150698, 4.9801558981622245, 4.154777407996727, 5.579586231074845, 4.101170435375735, 4.448105649599614, 5.814012536106196, 6.375503759704013, 5.806603607962232, 4.455268002039832, 3.5969710785604048, 5.923326664974675, 5.213040101514662, 6.384489838663697, 5.243155658570514, 4.429283649756471, 2.829975605901931, 3.9781016817069927, 3.862641282852965, 2.6392787063893044, 3.175817967075569, 1.9321501235670069, 6.084278735396661, 5.949797807488923, 6.070512787236347, 6.580859715113216, 7.462791913888529, 6.593275149726424, 4.357819286064992], [6.867479644673145, 5.891995948742667, 4.444789138980611, 3.6955743369603593, 2.33639239212937, 1.4103166204792457, 2.281582812435262, 0.0, 1.3989049181413296, 2.4266208624340146, 3.6936152344281883, 4.2959534797295005, 4.613367518418622, 5.93872551142078, 2.238279010758042, 2.203012587344884, 3.5427897905464274, 4.143048995606979, 3.7725479281249696, 2.584616346771799, 1.3966105935442419, 6.997607211754601, 6.760112177323687, 7.863600117630601, 6.349618014495046, 6.087715704597251, 4.2151023997051364, 4.579360079749135, 4.364847384502693, 3.9610420472395895, 2.4924292828483616, 2.6259829797620546, 6.236771950296083, 6.656480774403244, 6.2335576687795236, 4.358796239789147, 5.227192104753756, 4.708224120621277, 2.971618993074314], [7.9816857404936705, 7.0378777035410325, 5.639264882943521, 4.89673201329213, 3.636306791237505, 2.4799336563706698, 2.8214447469337403, 1.3989049181413296, 0.0, 1.3761416496858163, 2.4167361068184503, 2.9020044469297424, 3.527115644545838, 4.740368978254752, 1.3119683685211316, 2.1390423394594134, 3.5116961614012108, 4.51286783874733, 4.553338610294648, 3.6300479624930575, 2.237003562804494, 8.187314286138037, 7.75199305340246, 8.964052767582306, 7.57391298075176, 7.10311302106337, 5.253918211201997, 5.8683615098253785, 5.617838034333136, 4.949974869633177, 3.8166744084346518, 2.0684858423494226, 4.987465493614968, 5.566984717959984, 4.976655662189218, 4.022284909103282, 5.53070643679449, 5.593929518683623, 4.23373598255725], [8.089832362910865, 7.1813001308955196, 5.919628979927712, 5.246162362146258, 4.2430877483266825, 2.9169883407377544, 2.6509244764798563, 2.4266208624340146, 1.3761416496858163, 0.0, 1.3618129129950265, 2.330358704148355, 2.202113332687489, 3.513299157487162, 2.4031196807483393, 3.4837472712583497, 4.816447957779674, 5.877383922290598, 5.9098465242339415, 4.909269722677702, 3.5527866893468287, 8.451050655391908, 7.733270481497462, 9.012753172033504, 7.834823643197082, 7.058506535379846, 5.373407590161014, 6.351722617526681, 6.0921850250956755, 5.0387682671462475, 4.658948703302065, 1.0154413818630792, 3.8786769767538, 4.251727057326234, 3.876583405526057, 5.194978822863478, 6.880109566714763, 6.934361125583235, 5.379295780118435], [9.330297509190155, 8.455673451594498, 7.238114380831516, 6.572124473866879, 5.594613088498614, 4.277113583948876, 3.9177958816150698, 3.6936152344281883, 2.4167361068184503, 1.3618129129950265, 0.0, 1.2209686810070108, 1.3639262370084388, 2.342501129135267, 2.9222997193990903, 4.2322566391938, 5.400410832520059, 6.626112095339167, 6.887252834766558, 6.039152086178985, 4.644779358591752, 9.726402300439766, 8.905554520073412, 10.23102888814219, 9.13727134378749, 8.262532511282483, 6.638179318156448, 7.692392300188544, 7.411033237680155, 6.284716642777143, 5.970092881187025, 2.035684329654281, 2.6456838926825705, 3.258068166874352, 2.6438793826496703, 5.520280056301492, 7.54082906980393, 7.949951258341148, 6.617279811221526], [10.394775990371317, 9.510838938810814, 8.227870822393847, 7.514187536919743, 6.4109277963489815, 5.148424373534101, 4.9801558981622245, 4.2959534797295005, 2.9020044469297424, 2.330358704148355, 1.2209686810070108, 0.0, 2.276784675809287, 2.633016008306824, 2.8462606714775793, 4.2027314284879065, 5.134422101853334, 6.4696168897392985, 6.973032784233844, 6.343386480421952, 4.9555544967238525, 10.725586993260555, 9.992599743310047, 11.325793748342763, 10.149747335278844, 9.375642583844588, 7.669238221622797, 8.591222507885591, 8.288414763391128, 7.303930177650933, 6.642352397306244, 3.1854992277506518, 2.633138093606182, 3.7089459230352766, 2.6323306080353963, 5.015656238220478, 7.269735077704001, 8.057523049299952, 7.074453749937164], [9.352858139093097, 8.537687493695234, 7.48339979487933, 6.912138255272388, 6.170492678060642, 4.844600750319885, 4.154777407996727, 4.613367518418622, 3.527115644545838, 2.202113332687489, 1.3639262370084388, 2.276784675809287, 0.0, 1.4282865118735806, 4.24196617737577, 5.508203028211651, 6.7293713718296155, 7.914779716454527, 8.070241332822706, 7.106121466735563, 5.74440259470034, 9.873381234916435, 8.837158645741289, 10.173992805678605, 9.297286544470921, 8.194406776576326, 6.791467945886222, 8.08039342854047, 7.817379291680813, 6.4506638898643605, 6.701254792201234, 2.2748925798815205, 2.0822098597403667, 2.049675671905192, 2.082321024722173, 6.882141469048714, 8.85809436391372, 9.108768699994528, 7.554802235664412], [10.701716143217403, 9.918342935188317, 8.89677686861933, 8.32850296872133, 7.585097851049781, 6.2612691197551955, 5.579586231074845, 5.93872551142078, 4.740368978254752, 3.513299157487162, 2.342501129135267, 2.633016008306824, 1.4282865118735806, 0.0, 5.213241802372109, 6.550440119564486, 7.647630308795006, 8.920429805788508, 9.224883221483077, 8.359969474824654, 6.974280227378306, 11.243200247705277, 10.140564057782978, 11.498612831554944, 10.691178410727229, 9.53108708490275, 8.180289839608374, 9.499015650055536, 9.221911764379444, 7.831494504882194, 8.081457251634758, 3.7012888903731898, 1.094547477270858, 1.0935649592045271, 1.094594925075025, 7.626462275524609, 9.793179310111707, 10.28644076977066, 8.881096034837142], [9.060696214971562, 8.122084969390556, 6.674583377260336, 5.897053722834819, 4.525759313087694, 3.5764687136895237, 4.101170435375735, 2.238279010758042, 1.3119683685211316, 2.4031196807483393, 2.9222997193990903, 2.8462606714775793, 4.24196617737577, 5.213241802372109, 0.0, 1.362526979549396, 2.4920000341091493, 3.7175189051301407, 4.135446299977791, 3.5999980291661267, 2.276104808658863, 9.167148763928727, 8.87450521099627, 10.068490590947581, 8.581766943934099, 8.269522561188161, 6.365214168431412, 6.760009553987332, 6.491088144525539, 6.058260576271047, 4.454717609456294, 3.286290133265777, 5.301896884134959, 6.177066346575857, 5.291118930812273, 2.794398026409266, 4.627591119578306, 5.222662717426811, 4.463829469188983], [8.797490565496503, 7.8727705275843025, 6.3846708615245, 5.630278332373987, 4.183678463983579, 3.5907704841718857, 4.448105649599614, 2.203012587344884, 2.1390423394594134, 3.4837472712583497, 4.2322566391938, 4.2027314284879065, 5.508203028211651, 6.550440119564486, 1.362526979549396, 0.0, 1.4034372590180155, 2.4142321843600714, 2.7854637908255064, 2.4402572856155964, 1.392873307232212, 8.760648083903382, 8.731142975006193, 9.825481814649091, 8.214770407625522, 8.182816829185413, 6.236079192890354, 6.273203130777769, 6.072853381236863, 6.017845543049439, 3.877668623025954, 4.19120588017339, 6.654844456484313, 7.488030662330383, 6.6184073106752805, 2.1585267105134465, 3.400043935010253, 3.873876419040752, 3.4341893220962643], [9.82217645382122, 8.931642937332414, 7.442865374974883, 6.711749365105941, 5.270679133660102, 4.882317086179471, 5.814012536106196, 3.5427897905464274, 3.5116961614012108, 4.816447957779674, 5.400410832520059, 5.134422101853334, 6.7293713718296155, 7.647630308795006, 2.4920000341091493, 1.4034372590180155, 0.0, 1.3972707182217772, 2.4216663952741304, 2.8268606545070454, 2.4221104619731944, 9.670603651789271, 9.816626762284486, 10.857330472542502, 9.182935515944779, 9.335107261301287, 7.380442313303451, 7.183219399405813, 7.0154235716740585, 7.203170199294196, 4.784212441980394, 5.575838484927626, 7.671637456241007, 8.641447372980988, 7.618097880048537, 1.0852014835964792, 2.152178259345634, 3.40219847304651, 3.9106536870451722], [9.659969555335048, 8.825148228783469, 7.372467948387432, 6.7285066203430315, 5.3588867771207855, 5.2997068928385085, 6.375503759704013, 4.143048995606979, 4.51286783874733, 5.877383922290598, 6.626112095339167, 6.4696168897392985, 7.914779716454527, 8.920429805788508, 3.7175189051301407, 2.4142321843600714, 1.3972707182217772, 0.0, 1.3927463265074511, 2.4337533934234177, 2.7801332504036567, 9.370922059754845, 9.765704960216645, 10.683156565828286, 8.958184823389166, 9.367543698323482, 7.456034113387626, 6.9324658181631165, 6.874968482109573, 7.392790751806791, 4.723596387287974, 6.50988089675994, 8.98866169682673, 9.8802337178834, 8.908494670257147, 2.16757996853634, 1.087510202250995, 2.1470595031344613, 3.4079077012149255], [8.459467061227912, 7.660241273615342, 6.250270395750891, 5.7037154303138236, 4.435388030375696, 4.650315875292773, 5.806603607962232, 3.7725479281249696, 4.553338610294648, 5.9098465242339415, 6.887252834766558, 6.973032784233844, 8.070241332822706, 9.224883221483077, 4.135446299977791, 2.7854637908255064, 2.4216663952741304, 1.3927463265074511, 0.0, 1.4005044841056382, 2.4047094710172368, 8.111896635189579, 8.642011854886569, 9.465231915806395, 7.7364254885573605, 8.28705507945977, 6.440190670314039, 5.71304934426441, 5.779416110646472, 6.492488137070409, 3.7643022646966067, 6.3477987034876895, 9.390422053880219, 10.099673541753713, 9.295455006614791, 3.410510209631398, 2.153685002501527, 1.0886875860411012, 2.152567552946945], [7.243524711768435, 6.393533877285706, 4.9457353942563484, 4.383792342253451, 3.0757796036127165, 3.286833791051808, 4.455268002039832, 2.584616346771799, 3.6300479624930575, 4.909269722677702, 6.039152086178985, 6.343386480421952, 7.106121466735563, 8.359969474824654, 3.5999980291661267, 2.4402572856155964, 2.8268606545070454, 2.4337533934234177, 1.4005044841056382, 0.0, 1.4072982377591468, 6.999753232078971, 7.387591690801542, 8.258893922917279, 6.55433422477066, 6.964212241165543, 5.095204162739703, 4.516756918409491, 4.588835875252023, 5.151114869618032, 2.5226002715452163, 5.195547791138101, 8.601498235772649, 9.153254320732053, 8.51864845794214, 3.9118252389389787, 3.415731327256288, 2.155535304744508, 1.0851680515017017], [7.4704744400874565, 6.542774424508306, 5.053165421792562, 4.3454868024192645, 2.899053745621147, 2.541236411670508, 3.5969710785604048, 1.3966105935442419, 2.237003562804494, 3.5527866893468287, 4.644779358591752, 4.9555544967238525, 5.74440259470034, 6.974280227378306, 2.276104808658863, 1.392873307232212, 2.4221104619731944, 2.7801332504036567, 2.4047094710172368, 1.4072982377591468, 0.0, 7.411330338070218, 7.470603760071873, 8.49376578791763, 6.857192167352466, 6.92022236420189, 4.992690379945466, 4.900630540042782, 4.779449489219443, 4.85919919019585, 2.6016320685292915, 3.9494253582008607, 7.196047122552769, 7.790585521640848, 7.151884902597356, 3.40282289430408, 3.8676376006549527, 3.3956637259893676, 2.19255043043484], [1.0947108750715873, 2.168551818610752, 2.7814332564345317, 4.195937426845163, 5.138784885554172, 5.865928668164999, 5.923326664974675, 6.997607211754601, 8.187314286138037, 8.451050655391908, 9.726402300439766, 10.725586993260555, 9.873381234916435, 11.243200247705277, 9.167148763928727, 8.760648083903382, 9.670603651789271, 9.370922059754845, 8.111896635189579, 6.999753232078971, 7.411330338070218, 0.0, 1.7747868604426844, 1.7720263880653693, 2.502701320573432, 3.0652808435769794, 3.106966728177179, 2.5622770439591425, 4.393875767474542, 4.747859377656419, 5.708249477729578, 7.780846911487207, 11.899895361304655, 11.408296555139158, 11.608472550684695, 10.711465847866014, 10.240845774153618, 8.114974584063711, 6.0126757712353], [1.0947343513382592, 2.168608242629359, 2.7815667096080943, 4.196866780111087, 5.152421587952601, 5.521050351156019, 5.213040101514662, 6.760112177323687, 7.75199305340246, 7.733270481497462, 8.905554520073412, 9.992599743310047, 8.837158645741289, 10.140564057782978, 8.87450521099627, 8.731142975006193, 9.816626762284486, 9.765704960216645, 8.642011854886569, 7.387591690801542, 7.470603760071873, 1.7747868604426844, 0.0, 1.7720171782463057, 3.0652024566086986, 2.502491664321781, 2.5570135803315552, 3.1133230172919735, 4.739135754544282, 4.40422096970622, 5.958321953369086, 6.935495182032787, 10.868106313889278, 10.174529884471323, 10.524606649181717, 10.792554999164935, 10.726010185059494, 8.854185664418834, 6.545123519842846], [1.0945324572620037, 2.1591148811492173, 3.4700308701796874, 4.675122506416276, 5.902156800695826, 6.567269598547024, 6.384489838663697, 7.863600117630601, 8.964052767582306, 9.012753172033504, 10.23102888814219, 11.325793748342763, 10.173992805678605, 11.498612831554944, 10.0684905909475