{"total energy": -23.12358764, "HOMO-LUMO gap/eV": 4.24236393, "electronic energy": -23.47757249, "dipole": [0.58914968, -0.51998758, -0.09132305], "partial charges": [-0.10630633, 0.0167489, -0.0523784, -0.03297469, -0.05735678, 0.14427681, -0.39602527, -0.08066572, 0.04822677, 0.04035974, 0.04253825, 0.03059746, 0.03455978, 0.04654196, 0.2971517, 0.02470582], "atomic dipole moments": [[-0.06504645, 0.02851683, -0.00900172], [0.07906977, -0.03926523, 0.0024422], [-0.00491057, -0.01053065, -0.0037767], [-0.00842477, -0.00161094, 7.419e-05], [0.0066795, -0.04028858, -0.00654727], [-0.19439327, -0.14927338, -0.03979412], [0.19943264, -0.00890812, 0.00982139], [-0.01987021, 0.00119532, -0.00233997], [0.04581909, 0.00723586, -0.12304007], [0.00406903, -0.12095112, 0.04251979], [0.07865841, 0.06251305, 0.08140061], [0.11453518, 0.09644642, 0.02267456], [-0.02206051, 0.14696633, 0.02651458], [-0.14261839, 0.06022518, 0.00361833], [0.03521479, -0.07105123, -0.01158206], [0.028501, -0.14564321, -0.02882069]], "atomic quadrupole moments": [[0.154663, -0.08672136, -0.0282375, -0.01290487, 0.01775561, -0.1264255], [-0.10657817, -0.08935938, -0.30253999, -0.04658572, -0.14867948, 0.40911816], [-0.22028446, 0.00058841, -0.23207024, -0.03376445, -0.1292477, 0.4523547], [-0.26389691, 0.01839159, -0.2409113, -0.03859557, -0.14583487, 0.50480821], [-0.25967874, 0.02326278, -0.17727421, -0.03387472, -0.1224959, 0.43695295], [-0.08604584, 0.32281712, -0.20791612, 0.041968, -0.08374904, 0.29396196], [0.05530001, 0.0610845, 0.00910208, 0.0190101, 0.01884826, -0.06440209], [-0.18198564, 0.00592168, -0.20152058, -0.03346178, -0.12600209, 0.38350623], [-0.02458024, -0.00223595, -0.0439603, -0.03203105, -0.01148518, 0.06854054], [-0.02374149, 0.00918028, 0.07325784, -0.00228337, -0.03432682, -0.04951635], [0.00397923, 0.02977736, 0.00666339, 0.04147639, 0.05087906, -0.01064263], [0.03824661, -0.0051078, 0.02568502, 0.0052486, 0.01757487, -0.06393163], [0.03950267, 0.000776, 0.02617564, 0.00598729, 0.01823657, -0.06567831], [0.03364217, 0.00233922, 0.02242572, 0.00512551, 0.01604671, -0.05606789], [-0.03780385, -0.03670806, 0.11862035, -0.00410132, 0.03780528, -0.08081649], [0.0200751, 0.00158748, 0.03621535, 0.00519277, 0.01861935, -0.05629045]], "number of molecular orbitals": 40, "number of electrons": 42, "number of unpaired electrons": 0, "orbital energies/eV": [-19.21067066, -17.56473141, -17.06472216, -16.69216592, -16.49236516, -15.88913925, -15.4907159, -14.96300165, -14.29762411, -14.10254567, -13.83349731, -13.35178765, -13.27487984, -13.13360868, -12.82502711, -12.36276256, -12.11777301, -11.71606488, -11.48275801, -10.71679766, -10.26759306, -6.02522913, -5.71546689, -2.46489551, 1.81088976, 2.90214142, 3.17581482, 3.82779391, 4.58468719, 4.87156845, 5.0680532, 5.28420489, 5.74776432, 6.0304261, 10.44159878, 10.83416314, 11.7726846, 12.38356314, 16.67484979, 17.38535697], "fractional occupation": [2.0, 2.0, 2.0, 2.0, 2.0, 2.0, 2.0, 2.0, 2.0, 2.0, 2.0, 2.0, 2.0, 2.0, 2.0, 2.0, 2.0, 2.0, 2.0, 2.0, 2.0, 0.0, 0.0, 0.0, 0.0, 0.0, 0.0, 0.0, 0.0, 0.0, 0.0, 0.0, 0.0, 0.0, 0.0, 0.0, 0.0, 0.0, 0.0, 0.0], "program call": "xtb /home/svss/Project-DBcg-Debug/aqme2_20220329/End-to-End-workflows-final/example-3/QDESCP/mol_343_rdkit_conf_1/mol_343_rdkit_conf_1.xyz --pop --wbo --acc 0.2 --gfn 2 --chrg 0 --uhf 0 --etemp 300 --input /home/svss/Project-DBcg-Debug/aqme2_20220329/End-to-End-workflows-final/example-3/QDESCP/mol_343_rdkit_conf_1/mol_343_rdkit_conf_1_xtb.inp", "method": "GFN2-xTB", "xtb version": "6.3.3 (7355c4f)", "Dipole module/D": 2.011, "Total charge": 0, "Transition dipole module/D": NaN, "HOMO": -10.2676, "LUMO": -6.0252, "HOMO occupancy": 2.0, "LUMO occupancy": 0, "mulliken charges": [-0.08648, 0.02421, -0.06568, -0.02239, -0.07375, 0.26127, -0.51938, -0.11447, 0.04064, 0.0338, 0.03565, 0.02903, 0.0306, 0.04671, 0.34996, 0.0303], "cm5 charges": [-0.22978, 0.00675, -0.11895, -0.0775, -0.12393, 0.27277, -0.71677, -0.16453, 0.09233, 0.08561, 0.08746, 0.08509, 0.08602, 0.10524, 0.52112, 0.08906], "FUKUI+": [0.036, -0.092, -0.03, -0.072, -0.067, -0.045, -0.058, -0.065, -0.065, -0.055, -0.057, -0.091, -0.101, -0.099, -0.044, -0.096], "FUKUI-": [0.026, -0.054, -0.075, -0.027, -0.066, -0.053, -0.127, -0.021, -0.09, -0.065, -0.064, -0.088, -0.081, -0.085, -0.06, -0.07], "FUKUIrad": [0.031, -0.073, -0.052, -0.049, -0.067, -0.049, -0.092, -0.043, -0.078, -0.06, -0.06, -0.089, -0.091, -0.092, -0.052, -0.083], "s proportion": [1.007, 1.085, 1.058, 1.061, 1.054, 1.017, 1.692, 1.06, 0.959, 0.966, 0.964, 0.971, 0.969, 0.953, 0.65, 0.97], "p proportion": [3.079, 2.891, 3.008, 2.961, 3.02, 2.722, 4.827, 3.054, 0.0, 0.0, 0.0, 0.0, 0.0, 0.0, 0.0, 0.0], "d proportion": [0.0, 0.0, 0.0, 0.0, 0.0, 0.0, 0.0, 0.0, 0.0, 0.0, 0.0, 0.0, 0.0, 0.0, 0.0, 0.0], "Fermi-level/eV": -8.1464, "Coordination numbers": [3.755, 2.961, 2.915, 2.912, 2.913, 2.842, 1.659, 2.914, 0.924, 0.924, 0.924, 0.925, 0.925, 0.925, 0.804, 0.925], "Dispersion coefficient C6": [22.588, 27.635, 29.301, 28.821, 29.425, 24.855, 20.771, 30.017, 2.342, 2.444, 2.415, 2.578, 2.523, 2.363, 0.73, 2.663], "Total dispersion C6": 2810.313487, "Total dispersion C8": 66861.52239, "Polarizability alpha": [6.777, 8.623, 8.876, 8.803, 8.895, 8.17, 6.153, 8.984, 2.393, 2.445, 2.43, 2.511, 2.484, 2.404, 1.342, 2.552], "Total polarizability alpha": 83.842164, "Wiberg matrix": [[0.0, 1.0267473661539324, 0.0, 0.0, 0.0, 0.0, 0.0, 0.0, 0.9676938853822333, 0.9820683633763445, 0.982008758487741, 0.0, 0.0, 0.0, 0.0, 0.0], [1.0267473661539324, 0.0, 1.408352862750438, 0.0, 0.10635489918375303, 0.0, 0.0, 1.4142797043956294, 0.0, 0.0, 0.0, 0.0, 0.0, 0.0, 0.0, 0.0], [0.0, 1.408352862750438, 0.0, 1.437439402822049, 0.0, 0.0, 0.0, 0.0, 0.0, 0.0, 0.0, 0.9702002174486315, 0.0, 0.0, 0.0, 0.0], [0.0, 0.0, 1.437439402822049, 0.0, 1.447900293545942, 0.0, 0.0, 0.10563583187757107, 0.0, 0.0, 0.0, 0.0, 0.9714094533394537, 0.0, 0.0, 0.0], [0.0, 0.10635489918375303, 0.0, 1.447900293545942, 0.0, 1.3692942747496828, 0.0, 0.0, 0.0, 0.0, 0.0, 0.0, 0.0, 0.9684780036646636, 0.0, 0.0], [0.0, 0.0, 0.0, 0.0, 1.3692942747496828, 0.0, 1.0658709379145743, 1.379230351129421, 0.0, 0.0, 0.0, 0.0, 0.0, 0.0, 0.0, 0.0], [0.0, 0.0, 0.0, 0.0, 0.0, 1.0658709379145743, 0.0, 0.0, 0.0, 0.0, 0.0, 0.0, 0.0, 0.0, 0.8901718304953429, 0.0], [0.0, 1.4142797043956294, 0.0, 0.10563583187757107, 0.0, 1.379230351129421, 0.0, 0.0, 0.0, 0.0, 0.0, 0.0, 0.0, 0.0, 0.0, 0.9650239502309668], [0.9676938853822333, 0.0, 0.0, 0.0, 0.0, 0.0, 0.0, 0.0, 0.0, 0.0, 0.0, 0.0, 0.0, 0.0, 0.0, 0.0], [0.9820683633763445, 0.0, 0.0, 0.0, 0.0, 0.0, 0.0, 0.0, 0.0, 0.0, 0.0, 0.0, 0.0, 0.0, 0.0, 0.0], [0.982008758487741, 0.0, 0.0, 0.0, 0.0, 0.0, 0.0, 0.0, 0.0, 0.0, 0.0, 0.0, 0.0, 0.0, 0.0, 0.0], [0.0, 0.0, 0.9702002174486315, 0.0, 0.0, 0.0, 0.0, 0.0, 0.0, 0.0, 0.0, 0.0, 0.0, 0.0, 0.0, 0.0], [0.0, 0.0, 0.0, 0.9714094533394537, 0.0, 0.0, 0.0, 0.0, 0.0, 0.0, 0.0, 0.0, 0.0, 0.0, 0.0, 0.0], [0.0, 0.0, 0.0, 0.0, 0.9684780036646636, 0.0, 0.0, 0.0, 0.0, 0.0, 0.0, 0.0, 0.0, 0.0, 0.0, 0.0], [0.0, 0.0, 0.0, 0.0, 0.0, 0.0, 0.8901718304953429, 0.0, 0.0, 0.0, 0.0, 0.0, 0.0, 0.0, 0.0, 0.0], [0.0, 0.0, 0.0, 0.0, 0.0, 0.0, 0.0, 0.9650239502309668, 0.0, 0.0, 0.0, 0.0, 0.0, 0.0, 0.0, 0.0]], "Born radii": [], "Atomic SASAs": [], "Solvent H bonds": [], "Total SASA": NaN, "Total FOD": 0.0, "FOD": [0.0, 0.0, 0.0, 0.0, 0.0, 0.0, 0.0, 0.0, 0.0, 0.0, 0.0, 0.0, 0.0, 0.0, 0.0, 0.0], "FOD s proportion": [0.0, 0.0, 0.0, 0.0, 0.0, 0.0, 0.0, 0.0, 0.0, 0.0, 0.0, 0.0, 0.0, 0.0, 0.0, 0.0], "FOD p proportion": [0.0, 0.0, 0.0, 0.0, 0.0, 0.0, 0.0, 0.0, 0.0, 0.0, 0.0, 0.0, 0.0, 0.0, 0.0, 0.0], "FOD d proportion": [0.0, 0.0, 0.0, 0.0, 0.0, 0.0, 0.0, 0.0, 0.0, 0.0, 0.0, 0.0, 0.0, 0.0, 0.0, 0.0], "coordinates": [["2.23430", "-0.67190", "-0.02410"], ["0.83940", "-0.12390", "0.04170"], ["0.62570", "1.24050", "0.28130"], ["-0.67040", "1.75960", "0.31200"], ["-1.76210", "0.92170", "0.09330"], ["-1.55110", "-0.42810", "-0.15880"], ["-2.64640", "-1.21190", "-0.37480"], ["-0.26280", "-0.95760", "-0.19190"], ["2.61260", "-0.60970", "-1.04910"], ["2.25860", "-1.71770", "0.29980"], ["2.90560", "-0.11240", "0.63580"], ["1.46860", "1.90790", "0.44650"], ["-0.82880", "2.81750", "0.50340"], ["-2.77220", "1.31980", "0.11510"], ["-2.34670", "-2.12170", "-0.53310"], ["-0.10440", "-2.01200", "-0.39700"]], "bond_dist": [[0.0, 1.5001265446621497, 2.517565665479254, 3.802951163241516, 4.304016342905776, 3.7956337665796998, 4.922989232163727, 2.518985855458502, 1.0943512827241535, 1.0950796044123914, 1.0950579665022306, 2.7318727807128944, 4.672980870921686, 5.389924654389893, 4.831828022601798, 2.721110087813428], [1.5001265446621497, 0.0, 1.401664442725148, 2.429018398448229, 2.8042368248776706, 2.4181042450647157, 3.6753255488459793, 1.401595337463706, 2.1377756009459925, 2.1496378043754256, 2.1499463946805744, 2.1651713373310666, 3.4129008321367906, 3.890155756521839, 3.8043176904669775, 2.1559540208455283], [2.517565665479254, 1.401664442725148, 0.0, 1.3965251555199427, 2.416312537731822, 2.7778358860811054, 4.1414214202372595, 2.4176422605505556, 3.0234046718889616, 3.3790016129028406, 2.674687396687695, 1.087747309810509, 2.1568096021670526, 3.402886324871873, 4.561008436738525, 3.401748543029011], [3.802951163241516, 2.429018398448229, 1.3965251555199427, 0.0, 1.3934543372496997, 2.4048526815586855, 3.6340174036457227, 2.793425998661858, 4.2713305538204365, 4.546515713158814, 4.049321725919046, 2.148349166220426, 1.0866816139053792, 2.156329494766512, 4.31145745543198, 3.879175628919114], [4.304016342905776, 2.8042368248776706, 2.416312537731822, 1.3934543372496997, 0.0, 1.3892571576205752, 2.3565553377758817, 2.420951883041049, 4.773705459074742, 4.814052669009761, 4.811558203950151, 3.3962866737070354, 2.1525075005676517, 1.0859377790647127, 3.1617111949069607, 3.405137158764681], [3.7956337665796998, 2.4181042450647157, 2.7778358860811054, 2.4048526815586855, 1.3892571576205752, 0.0, 1.3640676412846982, 1.3932633455309158, 4.261691018832782, 4.04811020230428, 4.537976480767612, 3.865471792679388, 3.3903016812667275, 2.149711801614347, 1.908234998630934, 2.1583371701381595], [4.922989232163727, 3.6753255488459793, 4.1414214202372595, 3.6340174036457227, 2.3565553377758817, 1.3640676412846982, 0.0, 2.404094394985355, 5.336141520799464, 4.97694120921676, 5.749340536965957, 5.228853672651397, 4.506769281869219, 2.5817305320269193, 0.9708836284539977, 2.665035994128409], [2.518985855458502, 1.401595337463706, 2.4176422605505556, 2.793425998661858, 2.420951883041049, 1.3932633455309158, 2.404094394985355, 0.0, 3.0205548182411786, 2.6789884023638475, 3.382042118306631, 3.4082826716691206, 3.8801002693229463, 3.4026295890090656, 2.411262213032834, 1.0857789507998394], [1.0943512827241535, 2.1377756009459925, 3.0234046718889616, 4.2713305538204365, 4.773705459074742, 4.261691018832782, 5.336141520799464, 3.0205548182411786, 0.0, 1.7811544598939197, 1.7810233855848159, 3.143861498221574, 5.09894009084241, 5.837328406899855, 5.210283724520191, 3.1263027204671014], [1.0950796044123914, 2.1496378043754256, 3.3790016129028406, 4.546515713158814, 4.814052669009761, 4.04811020230428, 4.97694120921676, 2.6789884023638475, 1.7811544598939197, 0.0, 1.7630919119546775, 3.7135692063027452, 5.490130304464548, 5.879580680626808, 4.697417002992176, 2.481110987037863], [1.0950579665022306, 2.1499463946805744, 2.674687396687695, 4.049321725919046, 4.811558203950151, 4.537976480767612, 5.749340536965957, 3.382042118306631, 1.7810233855848159, 1.7630919119546775, 0.0, 2.4864463758545043, 4.748429964735712, 5.8787531135437225, 5.743715608384523, 3.706110629757293], [2.7318727807128944, 2.1651713373310666, 1.087747309810509, 2.148349166220426, 3.3962866737070354, 3.865471792679388, 5.228853672651397, 3.4082826716691206, 3.143861498221574, 3.7135692063027452, 2.4864463758545043, 0.0, 2.4715696490287296, 4.294190518596025, 5.63505158893865, 4.307137942996486], [4.672980870921686, 3.4129008321367906, 2.1568096021670526, 1.0866816139053792, 2.1525075005676517, 3.3903016812667275, 4.506769281869219, 3.8801002693229463, 5.09894009084241, 5.490130304464548, 4.748429964735712, 2.4715696490287296, 0.0, 2.4840865001042136, 5.27010904061766, 4.96583787190037], [5.389924654389893, 3.890155756521839, 3.402886324871873, 2.156329494766512, 1.0859377790647127, 2.149711801614347, 2.5817305320269193, 3.4026295890090656, 5.837328406899855, 5.879580680626808, 5.8787531135437225, 4.294190518596025, 2.4840865001042136, 0.0, 3.5277663953272196, 4.298871304191369], [4.831828022601798, 3.8043176904669775, 4.561008436738525, 4.31145745543198, 3.1617111949069607, 1.908234998630934, 0.9708836284539977, 2.411262213032834, 5.210283724520191, 4.697417002992176, 5.743715608384523, 5.63505158893865, 5.27010904061766, 3.5277663953272196, 0.0, 2.2491035080671584], [2.721110087813428, 2.1559540208455283, 3.401748543029011, 3.879175628919114, 3.405137158764681, 2.1583371701381595, 2.665035994128409, 1.0857789507998394, 3.1263027204671014, 2.481110987037863, 3.706110629757293, 4.307137942996486, 4.96583787190037, 4.298871304191369, 2.2491035080671584, 0.0]]}