{"total energy": -33.54771551, "HOMO-LUMO gap/eV": 11.66300035, "electronic energy": -33.98342228, "dipole": [0.49492517, 0.2111248, 0.62381797], "partial charges": [-0.10022579, -0.05198824, -0.05848425, -0.05838938, -0.05774744, -0.06010729, -0.07146996, 0.11292688, -0.11545343, -0.45296178, 0.03255791, 0.03229852, 0.03148867, 0.02881076, 0.02846128, 0.03060283, 0.03002824, 0.02955552, 0.02865357, 0.02980093, 0.03118937, 0.03088547, 0.03265399, 0.0422294, 0.02832403, 0.04313584, 0.03404057, 0.04707785, 0.03787325, 0.28423268], "atomic dipole moments": [[-0.09089547, 0.04372795, -0.01065824], [0.01221746, -0.10809109, 0.01964996], [-0.01638231, 0.10742427, -0.01946333], [0.01154721, -0.10649334, 0.01936906], [-0.01801914, 0.10862761, -0.0191555], [0.00773994, -0.10923212, 0.01786444], [-0.01982522, 0.10875649, -0.02352261], [-0.08422034, -0.13154139, 0.08961196], [0.03374927, -0.07140738, -0.06992324], [0.16285687, 0.12067186, 0.11894705], [0.01899333, -0.08871355, -0.08743788], [0.01235717, -0.05303753, 0.11351909], [0.09038848, 0.08497541, -0.01207906], [-0.00259369, 0.05571755, -0.110225], [-0.00899042, 0.09003846, 0.08392054], [0.01265315, -0.09081454, -0.0838773], [0.00622675, -0.05623658, 0.11043313], [-0.0062825, 0.05626036, -0.11057086], [-0.01264493, 0.09047223, 0.08369831], [0.00643041, -0.05600367, 0.11029098], [0.01298434, -0.09066955, -0.08403357], [-0.00580508, 0.05620148, -0.1114251], [-0.00994694, 0.09021986, 0.0844442], [0.01718618, -0.09880731, -0.07467764], [0.00653029, -0.05685627, 0.10878567], [-0.00549674, 0.05143054, -0.11850744], [-0.00040323, -0.04099342, 0.11835875], [-0.12220595, 0.03557448, -0.01574517], [0.07300259, 0.10553092, -0.00652614], [0.00565955, -0.02686331, 0.0729025]], "atomic quadrupole moments": [[0.17081516, -0.12981246, -0.04634976, 0.03290155, -0.0191033, -0.1244654], [0.23096655, 0.02017031, -0.0025109, 0.01177229, -0.04049993, -0.22845565], [0.23396102, 0.02917774, 0.00226732, 0.01061998, -0.04307679, -0.23622834], [0.23140044, 0.03358441, 0.00364266, 0.00952415, -0.04183433, -0.2350431], [0.23340388, 0.02760008, 0.0037257, 0.01108032, -0.04256749, -0.23712958], [0.22478947, 0.03193794, 0.00991734, 0.00530044, -0.04223781, -0.23470681], [0.24240426, 0.04627486, -0.02472896, 0.03435476, -0.04993479, -0.2176753], [0.1335535, 0.19912363, 0.144534, -0.0299734, 0.07861117, -0.27808749], [-0.09531154, -0.04733211, 0.05970094, -0.05117438, 0.1672623, 0.03561061], [0.02407078, 0.13696397, 0.03935347, 0.01487356, -0.00489697, -0.06342425], [-0.03408132, -0.01172337, 0.01330466, 0.00399636, 0.06313823, 0.02077666], [-0.0335693, -0.00951176, -0.02684685, -0.00522359, -0.04663435, 0.06041616], [0.02495143, 0.05468764, 0.0279062, -0.00706238, -0.01290113, -0.05285764], [-0.01685049, 0.00043589, -0.02887372, 0.00590182, -0.0302291, 0.04572421], [-0.01592716, -0.00481958, -0.00056483, -0.00837791, 0.04700625, 0.016492], [-0.01978174, -0.00317518, 0.00068974, -0.00642676, 0.04597906, 0.019092], [-0.02053019, 0.00116546, -0.0268554, 0.00318179, -0.02928659, 0.04738559], [-0.02003123, 0.0011215, -0.02695719, 0.00328834, -0.02893976, 0.04698842], [-0.01944723, -0.00328969, 0.00057008, -0.00653069, 0.04614972, 0.01887716], [-0.02026267, 0.00143969, -0.02695491, 0.00304859, -0.02935302, 0.04721758], [-0.0190264, -0.00305887, 0.00040801, -0.00636265, 0.04563752, 0.01861839], [-0.01989171, 0.00040963, -0.02706816, 0.00409073, -0.02905953, 0.04695987], [-0.01758548, -0.00560787, 0.00051307, -0.0093274, 0.04532533, 0.01707241], [-0.01751469, -0.00577229, -1.986e-05, -0.01093121, 0.04822214, 0.01753455], [-0.02746229, 0.005439, -0.03342353, 0.00016033, -0.02357439, 0.06088582], [-0.01705747, -0.00385769, -0.00528447, -0.00311938, -0.01398151, 0.02234194], [-0.04733215, -0.01553536, -0.01459451, 0.01170607, -0.04977008, 0.06192666], [0.06377061, -0.03234798, -0.03576509, 0.03184641, 7.892e-05, -0.02800552], [0.00768673, 0.06343807, 0.03170856, -0.01539745, -0.00420974, -0.03939529], [-0.06973275, 0.02124093, -0.03287914, 0.00646026, -0.08127386, 0.10261189]], "number of molecular orbitals": 60, "number of electrons": 62, "number of unpaired electrons": 0, "orbital energies/eV": [-18.4854717, -17.17962612, -16.98661277, -16.79977463, -16.49394393, -16.15460303, -15.95860985, -15.49902204, -15.19407962, -15.07779476, -14.57259558, -14.38232375, -14.23180773, -13.88447927, -13.81628362, -13.52082854, -13.29963331, -13.17889146, -12.94611932, -12.71109429, -12.5923457, -12.44530299, -12.2970287, -12.0019772, -11.97090451, -11.7992501, -11.72420495, -11.55789016, -11.4748959, -11.4406243, -10.95742193, 0.70557842, 1.45119258, 2.41650707, 2.66143536, 2.79124745, 3.07489789, 3.1754507, 3.35614487, 3.53348956, 3.84540417, 4.00454357, 4.19034172, 4.54449556, 4.64239536, 4.73288427, 4.88520659, 5.06320078, 5.52787786, 5.64561067, 6.07483458, 6.33719886, 6.43450442, 6.9198678, 7.14341722, 7.19934806, 7.31225174, 7.46451771, 7.99207511, 8.46855156], "fractional occupation": [2.0, 2.0, 2.0, 2.0, 2.0, 2.0, 2.0, 2.0, 2.0, 2.0, 2.0, 2.0, 2.0, 2.0, 2.0, 2.0, 2.0, 2.0, 2.0, 2.0, 2.0, 2.0, 2.0, 2.0, 2.0, 2.0, 2.0, 2.0, 2.0, 2.0, 2.0, 0.0, 0.0, 0.0, 0.0, 0.0, 0.0, 0.0, 0.0, 0.0, 0.0, 0.0, 0.0, 0.0, 0.0, 0.0, 0.0, 0.0, 0.0, 0.0, 0.0, 0.0, 0.0, 0.0, 0.0, 0.0, 0.0, 0.0, 0.0, 0.0], "program call": "xtb /home/svss/Project-DBcg-Debug/aqme2_20220329/End-to-End-workflows-final/example-3/QDESCP/mol_394_rdkit_conf_4/mol_394_rdkit_conf_4.xyz --pop --wbo --acc 0.2 --gfn 2 --chrg 0 --uhf 0 --etemp 300 --input /home/svss/Project-DBcg-Debug/aqme2_20220329/End-to-End-workflows-final/example-3/QDESCP/mol_394_rdkit_conf_4/mol_394_rdkit_conf_4_xtb.inp", "method": "GFN2-xTB", "xtb version": "6.3.3 (7355c4f)", "Dipole module/D": 2.094, "Total charge": 0, "Transition dipole module/D": NaN, "HOMO": -10.9574, "LUMO": 0.7056, "HOMO occupancy": 2.0, "LUMO occupancy": 0, "mulliken charges": [-0.08345, -0.03849, -0.04651, -0.0457, -0.04433, -0.04721, -0.07357, 0.22277, -0.11161, -0.56611, 0.02696, 0.02672, 0.02838, 0.02229, 0.02197, 0.02328, 0.02274, 0.02311, 0.02237, 0.02303, 0.02456, 0.02383, 0.02197, 0.03796, 0.02237, 0.02923, 0.02714, 0.04304, 0.03062, 0.33262], "cm5 charges": [-0.23377, -0.151, -0.15714, -0.1564, -0.15511, -0.15779, -0.17969, 0.17322, -0.25762, -0.77617, 0.07824, 0.07801, 0.07916, 0.077, 0.07669, 0.07861, 0.07807, 0.07847, 0.07772, 0.07839, 0.07991, 0.07938, 0.07801, 0.09572, 0.07981, 0.09555, 0.08066, 0.09656, 0.08281, 0.5027], "FUKUI+": [0.006, -0.011, -0.014, -0.015, -0.01, -0.02, -0.005, -0.035, 0.027, -0.108, -0.027, -0.027, -0.049, -0.031, -0.031, -0.036, -0.036, -0.039, -0.039, -0.041, -0.042, -0.044, -0.045, -0.047, -0.041, -0.058, -0.033, -0.043, -0.047, -0.059], "FUKUI-": [0.015, 0.002, 0.001, 0.002, -0.003, -0.0, -0.009, -0.008, 0.009, -0.113, -0.052, -0.052, -0.06, -0.064, -0.065, -0.054, -0.054, -0.039, -0.039, -0.03, -0.03, -0.031, -0.033, -0.043, -0.035, -0.047, -0.034, -0.048, -0.039, -0.046], "FUKUIrad": [0.01, -0.004, -0.006, -0.007, -0.007, -0.01, -0.007, -0.022, 0.018, -0.11, -0.04, -0.039, -0.055, -0.048, -0.048, -0.045, -0.045, -0.039, -0.039, -0.036, -0.036, -0.038, -0.039, -0.045, -0.038, -0.052, -0.034, -0.045, -0.043, -0.052], "s proportion": [1.007, 1.027, 1.032, 1.032, 1.033, 1.032, 1.043, 1.018, 1.019, 1.699, 0.973, 0.973, 0.972, 0.978, 0.978, 0.977, 0.977, 0.977, 0.978, 0.977, 0.975, 0.976, 0.978, 0.962, 0.978, 0.971, 0.973, 0.957, 0.969, 0.667], "p proportion": [3.076, 3.011, 3.014, 3.013, 3.012, 3.015, 3.03, 2.76, 3.093, 4.867, 0.0, 0.0, 0.0, 0.0, 0.0, 0.0, 0.0, 0.0, 0.0, 0.0, 0.0, 0.0, 0.0, 0.0, 0.0, 0.0, 0.0, 0.0, 0.0, 0.0], "d proportion": [0.0, 0.0, 0.0, 0.0, 0.0, 0.0, 0.0, 0.0, 0.0, 0.0, 0.0, 0.0, 0.0, 0.0, 0.0, 0.0, 0.0, 0.0, 0.0, 0.0, 0.0, 0.0, 0.0, 0.0, 0.0, 0.0, 0.0, 0.0, 0.0, 0.0], "Fermi-level/eV": -5.1259, "Coordination numbers": [3.75, 3.8, 3.802, 3.802, 3.802, 3.801, 3.801, 3.723, 3.749, 1.653, 0.924, 0.924, 0.924, 0.924, 0.924, 0.924, 0.924, 0.924, 0.924, 0.924, 0.924, 0.924, 0.924, 0.923, 0.924, 0.924, 0.924, 0.924, 0.924, 0.804], "Dispersion coefficient C6": [22.477, 21.508, 21.625, 21.624, 21.612, 21.656, 21.867, 18.832, 22.775, 21.906, 2.55, 2.554, 2.565, 2.604, 2.609, 2.578, 2.586, 2.593, 2.606, 2.589, 2.57, 2.574, 2.549, 2.42, 2.611, 2.408, 2.53, 2.357, 2.477, 0.771], "Total dispersion C6": 6003.084053, "Total dispersion C8": 124936.868684, "Polarizability alpha": [6.761, 6.603, 6.621, 6.621, 6.619, 6.626, 6.658, 6.197, 6.806, 6.318, 2.497, 2.499, 2.505, 2.523, 2.526, 2.511, 2.515, 2.518, 2.524, 2.516, 2.507, 2.509, 2.497, 2.433, 2.527, 2.427, 2.487, 2.401, 2.461, 1.379], "Total polarizability alpha": 114.592365, "Wiberg matrix": [[0.0, 1.0200995985073344, 0.0, 0.0, 0.0, 0.0, 0.0, 0.0, 0.0, 0.0, 0.9876974335182043, 0.987713753064756, 0.9873807825738568, 0.0, 0.0, 0.0, 0.0, 0.0, 0.0, 0.0, 0.0, 0.0, 0.0, 0.0, 0.0, 0.0, 0.0, 0.0, 0.0, 0.0], [1.0200995985073344, 0.0, 1.007731897110128, 0.0, 0.0, 0.0, 0.0, 0.0, 0.0, 0.0, 0.0, 0.0, 0.0, 0.9780813744121968, 0.9780976537513622, 0.0, 0.0, 0.0, 0.0, 0.0, 0.0, 0.0, 0.0, 0.0, 0.0, 0.0, 0.0, 0.0, 0.0, 0.0], [0.0, 1.007731897110128, 0.0, 1.0070880406292084, 0.0, 0.0, 0.0, 0.0, 0.0, 0.0, 0.0, 0.0, 0.0, 0.0, 0.0, 0.9771785617533134, 0.977206581155266, 0.0, 0.0, 0.0, 0.0, 0.0, 0.0, 0.0, 0.0, 0.0, 0.0, 0.0, 0.0, 0.0], [0.0, 0.0, 1.0070880406292084, 0.0, 1.0069374521557766, 0.0, 0.0, 0.0, 0.0, 0.0, 0.0, 0.0, 0.0, 0.0, 0.0, 0.0, 0.0, 0.9772795698609917, 0.9772880693781087, 0.0, 0.0, 0.0, 0.0, 0.0, 0.0, 0.0, 0.0, 0.0, 0.0, 0.0], [0.0, 0.0, 0.0, 1.0069374521557766, 0.0, 1.0066217347568684, 0.0, 0.0, 0.0, 0.0, 0.0, 0.0, 0.0, 0.0, 0.0, 0.0, 0.0, 0.0, 0.0, 0.9773526490371476, 0.9771266843510069, 0.0, 0.0, 0.0, 0.0, 0.0, 0.0, 0.0, 0.0, 0.0], [0.0, 0.0, 0.0, 0.0, 1.0066217347568684, 0.0, 1.0067109468084514, 0.0, 0.0, 0.0, 0.0, 0.0, 0.0, 0.0, 0.0, 0.0, 0.0, 0.0, 0.0, 0.0, 0.0, 0.9771220513043078, 0.9753943268582442, 0.0, 0.0, 0.0, 0.0, 0.0, 0.0, 0.0], [0.0, 0.0, 0.0, 0.0, 0.0, 1.0067109468084514, 0.0, 0.989130872373215, 0.0, 0.0, 0.0, 0.0, 0.0, 0.0, 0.0, 0.0, 0.0, 0.0, 0.0, 0.0, 0.0, 0.0, 0.0, 0.9746330351643138, 0.9747081196113592, 0.0, 0.0, 0.0, 0.0, 0.0], [0.0, 0.0, 0.0, 0.0, 0.0, 0.0, 0.989130872373215, 0.0, 1.0047478517635622, 0.9805071136087101, 0.0, 0.0, 0.0, 0.0, 0.0, 0.0, 0.0, 0.0, 0.0, 0.0, 0.0, 0.0, 0.0, 0.0, 0.0, 0.96375847545836, 0.0, 0.0, 0.0, 0.0], [0.0, 0.0, 0.0, 0.0, 0.0, 0.0, 0.0, 1.0047478517635622, 0.0, 0.0, 0.0, 0.0, 0.0, 0.0, 0.0, 0.0, 0.0, 0.0, 0.0, 0.0, 0.0, 0.0, 0.0, 0.0, 0.0, 0.0, 0.9849073965924097, 0.98463300705468, 0.9833564641725745, 0.0], [0.0, 0.0, 0.0, 0.0, 0.0, 0.0, 0.0, 0.9805071136087101, 0.0, 0.0, 0.0, 0.0, 0.0, 0.0, 0.0, 0.0, 0.0, 0.0, 0.0, 0.0, 0.0, 0.0, 0.0, 0.0, 0.0, 0.0, 0.0, 0.0, 0.0, 0.9017205233009824], [0.9876974335182043, 0.0, 0.0, 0.0, 0.0, 0.0, 0.0, 0.0, 0.0, 0.0, 0.0, 0.0, 0.0, 0.0, 0.0, 0.0, 0.0, 0.0, 0.0, 0.0, 0.0, 0.0, 0.0, 0.0, 0.0, 0.0, 0.0, 0.0, 0.0, 0.0], [0.987713753064756, 0.0, 0.0, 0.0, 0.0, 0.0, 0.0, 0.0, 0.0, 0.0, 0.0, 0.0, 0.0, 0.0, 0.0, 0.0, 0.0, 0.0, 0.0, 0.0, 0.0, 0.0, 0.0, 0.0, 0.0, 0.0, 0.0, 0.0, 0.0, 0.0], [0.9873807825738568, 0.0, 0.0, 0.0, 0.0, 0.0, 0.0, 0.0, 0.0, 0.0, 0.0, 0.0, 0.0, 0.0, 0.0, 0.0, 0.0, 0.0, 0.0, 0.0, 0.0, 0.0, 0.0, 0.0, 0.0, 0.0, 0.0, 0.0, 0.0, 0.0], [0.0, 0.9780813744121968, 0.0, 0.0, 0.0, 0.0, 0.0, 0.0, 0.0, 0.0, 0.0, 0.0, 0.0, 0.0, 0.0, 0.0, 0.0, 0.0, 0.0, 0.0, 0.0, 0.0, 0.0, 0.0, 0.0, 0.0, 0.0, 0.0, 0.0, 0.0], [0.0, 0.9780976537513622, 0.0, 0.0, 0.0, 0.0, 0.0, 0.0, 0.0, 0.0, 0.0, 0.0, 0.0, 0.0, 0.0, 0.0, 0.0, 0.0, 0.0, 0.0, 0.0, 0.0, 0.0, 0.0, 0.0, 0.0, 0.0, 0.0, 0.0, 0.0], [0.0, 0.0, 0.9771785617533134, 0.0, 0.0, 0.0, 0.0, 0.0, 0.0, 0.0, 0.0, 0.0, 0.0, 0.0, 0.0, 0.0, 0.0, 0.0, 0.0, 0.0, 0.0, 0.0, 0.0, 0.0, 0.0, 0.0, 0.0, 0.0, 0.0, 0.0], [0.0, 0.0, 0.977206581155266, 0.0, 0.0, 0.0, 0.0, 0.0, 0.0, 0.0, 0.0, 0.0, 0.0, 0.0, 0.0, 0.0, 0.0, 0.0, 0.0, 0.0, 0.0, 0.0, 0.0, 0.0, 0.0, 0.0, 0.0, 0.0, 0.0, 0.0], [0.0, 0.0, 0.0, 0.9772795698609917, 0.0, 0.0, 0.0, 0.0, 0.0, 0.0, 0.0, 0.0, 0.0, 0.0, 0.0, 0.0, 0.0, 0.0, 0.0, 0.0, 0.0, 0.0, 0.0, 0.0, 0.0, 0.0, 0.0, 0.0, 0.0, 0.0], [0.0, 0.0, 0.0, 0.9772880693781087, 0.0, 0.0, 0.0, 0.0, 0.0, 0.0, 0.0, 0.0, 0.0, 0.0, 0.0, 0.0, 0.0, 0.0, 0.0, 0.0, 0.0, 0.0, 0.0, 0.0, 0.0, 0.0, 0.0, 0.0, 0.0, 0.0], [0.0, 0.0, 0.0, 0.0, 0.9773526490371476, 0.0, 0.0, 0.0, 0.0, 0.0, 0.0, 0.0, 0.0, 0.0, 0.0, 0.0, 0.0, 0.0, 0.0, 0.0, 0.0, 0.0, 0.0, 0.0, 0.0, 0.0, 0.0, 0.0, 0.0, 0.0], [0.0, 0.0, 0.0, 0.0, 0.9771266843510069, 0.0, 0.0, 0.0, 0.0, 0.0, 0.0, 0.0, 0.0, 0.0, 0.0, 0.0, 0.0, 0.0, 0.0, 0.0, 0.0, 0.0, 0.0, 0.0, 0.0, 0.0, 0.0, 0.0, 0.0, 0.0], [0.0, 0.0, 0.0, 0.0, 0.0, 0.9771220513043078, 0.0, 0.0, 0.0, 0.0, 0.0, 0.0, 0.0, 0.0, 0.0, 0.0, 0.0, 0.0, 0.0, 0.0, 0.0, 0.0, 0.0, 0.0, 0.0, 0.0, 0.0, 0.0, 0.0, 0.0], [0.0, 0.0, 0.0, 0.0, 0.0, 0.9753943268582442, 0.0, 0.0, 0.0, 0.0, 0.0, 0.0, 0.0, 0.0, 0.0, 0.0, 0.0, 0.0, 0.0, 0.0, 0.0, 0.0, 0.0, 0.0, 0.0, 0.0, 0.0, 0.0, 0.0, 0.0], [0.0, 0.0, 0.0, 0.0, 0.0, 0.0, 0.9746330351643138, 0.0, 0.0, 0.0, 0.0, 0.0, 0.0, 0.0, 0.0, 0.0, 0.0, 0.0, 0.0, 0.0, 0.0, 0.0, 0.0, 0.0, 0.0, 0.0, 0.0, 0.0, 0.0, 0.0], [0.0, 0.0, 0.0, 0.0, 0.0, 0.0, 0.9747081196113592, 0.0, 0.0, 0.0, 0.0, 0.0, 0.0, 0.0, 0.0, 0.0, 0.0, 0.0, 0.0, 0.0, 0.0, 0.0, 0.0, 0.0, 0.0, 0.0, 0.0, 0.0, 0.0, 0.0], [0.0, 0.0, 0.0, 0.0, 0.0, 0.0, 0.0, 0.96375847545836, 0.0, 0.0, 0.0, 0.0, 0.0, 0.0, 0.0, 0.0, 0.0, 0.0, 0.0, 0.0, 0.0, 0.0, 0.0, 0.0, 0.0, 0.0, 0.0, 0.0, 0.0, 0.0], [0.0, 0.0, 0.0, 0.0, 0.0, 0.0, 0.0, 0.0, 0.9849073965924097, 0.0, 0.0, 0.0, 0.0, 0.0, 0.0, 0.0, 0.0, 0.0, 0.0, 0.0, 0.0, 0.0, 0.0, 0.0, 0.0, 0.0, 0.0, 0.0, 0.0, 0.0], [0.0, 0.0, 0.0, 0.0, 0.0, 0.0, 0.0, 0.0, 0.98463300705468, 0.0, 0.0, 0.0, 0.0, 0.0, 0.0, 0.0, 0.0, 0.0, 0.0, 0.0, 0.0, 0.0, 0.0, 0.0, 0.0, 0.0, 0.0, 0.0, 0.0, 0.0], [0.0, 0.0, 0.0, 0.0, 0.0, 0.0, 0.0, 0.0, 0.9833564641725745, 0.0, 0.0, 0.0, 0.0, 0.0, 0.0, 0.0, 0.0, 0.0, 0.0, 0.0, 0.0, 0.0, 0.0, 0.0, 0.0, 0.0, 0.0, 0.0, 0.0, 0.0], [0.0, 0.0, 0.0, 0.0, 0.0, 0.0, 0.0, 0.0, 0.0, 0.9017205233009824, 0.0, 0.0, 0.0, 0.0, 0.0, 0.0, 0.0, 0.0, 0.0, 0.0, 0.0, 0.0, 0.0, 0.0, 0.0, 0.0, 0.0, 0.0, 0.0, 0.0]], "Born radii": [], "Atomic SASAs": [], "Solvent H bonds": [], "Total SASA": NaN, "Total FOD": 0.0, "FOD": [0.0, 0.0, 0.0, 0.0, 0.0, 0.0, 0.0, 0.0, 0.0, 0.0, 0.0, 0.0, 0.0, 0.0, 0.0, 0.0, 0.0, 0.0, 0.0, 0.0, 0.0, 0.0, 0.0, 0.0, 0.0, 0.0, 0.0, 0.0, 0.0, 0.0], "FOD s proportion": [0.0, 0.0, 0.0, 0.0, 0.0, 0.0, 0.0, 0.0, 0.0, 0.0, 0.0, 0.0, 0.0, 0.0, 0.0, 0.0, 0.0, 0.0, 0.0, 0.0, 0.0, 0.0, 0.0, 0.0, 0.0, 0.0, 0.0, 0.0, 0.0, 0.0], "FOD p proportion": [0.0, 0.0, 0.0, 0.0, 0.0, 0.0, 0.0, 0.0, 0.0, 0.0, 0.0, 0.0, 0.0, 0.0, 0.0, 0.0, 0.0, 0.0, 0.0, 0.0, 0.0, 0.0, 0.0, 0.0, 0.0, 0.0, 0.0, 0.0, 0.0, 0.0], "FOD d proportion": [0.0, 0.0, 0.0, 0.0, 0.0, 0.0, 0.0, 0.0, 0.0, 0.0, 0.0, 0.0, 0.0, 0.0, 0.0, 0.0, 0.0, 0.0, 0.0, 0.0, 0.0, 0.0, 0.0, 0.0, 0.0, 0.0, 0.0, 0.0, 0.0, 0.0], "coordinates": [["5.12340", "0.12390", "0.08410"], ["3.76760", "0.79230", "-0.07910"], ["2.62630", "-0.21460", "0.06170"], ["1.26430", "0.46170", "-0.10310"], ["0.12200", "-0.54580", "0.03790"], ["-1.24070", "0.13080", "-0.12750"], ["-2.38070", "-0.87800", "0.01710"], ["-3.76560", "-0.27660", "-0.24410"], ["-4.17180", "0.78650", "0.76770"], ["-4.73060", "-1.32850", "-0.20440"], ["5.27320", "-0.65010", "-0.67550"], ["5.21560", "-0.34050", "1.07110"], ["5.92490", "0.86190", "-0.02030"], ["3.72030", "1.27390", "-1.06270"], ["3.66300", "1.58170", "0.67420"], ["2.73800", "-1.00430", "-0.69130"], ["2.68070", "-0.69640", "1.04560"], ["1.20990", "0.94330", "-1.08700"], ["1.15280", "1.25130", "0.65000"], ["0.17580", "-1.02710", "1.02200"], ["0.23430", "-1.33540", "-0.71510"], ["-1.29560", "0.60850", "-1.11310"], ["-1.34140", "0.92150", "0.62430"], ["-2.22540", "-1.71090", "-0.68120"], ["-2.35660", "-1.32830", "1.01800"], ["-3.80050", "0.15000", "-1.25240"], ["-4.12970", "0.39240", "1.78900"], ["-5.20730", "1.09980", "0.59490"], ["-3.53240", "1.67140", "0.70680"], ["-4.71410", "-1.71460", "0.68810"]], "bond_dist": [[0.0, 1.5203902262248337, 2.520038178282226, 3.8783766565407234, 5.0462495469407775, 6.367620511619706, 7.570984706099993, 8.904068535787447, 9.34382634470483, 9.964638177575742, 1.0947639928313317, 1.0946858910207988, 1.0945070168802025, 2.1462385352052555, 2.146198269032943, 2.7503115387170234, 2.750301370759212, 4.166338178784819, 4.1661658548358345, 5.165578686846229, 5.1644531114146055, 6.547647363748296, 6.5361778464175835, 7.612951895946803, 7.676682489851981, 9.023464116956413, 9.412684838556956, 10.389256948405887, 8.815065806901274, 10.02603134345789], [1.5203902262248337, 0.0, 1.5284756916614668, 2.525150144050844, 3.885176954785972, 5.052028671731783, 6.371871735997202, 7.610445088823649, 7.984433370001907, 8.759731501022163, 2.1686498288105436, 2.1686170431867406, 2.1592232144917305, 1.096195607544566, 1.0961543732522352, 2.1593139095555327, 2.159289093660226, 2.7532694564826015, 2.75307952119077, 4.174166361083372, 4.17322563252935, 5.170970187498667, 5.158812382709804, 6.52262091877184, 6.57315741558043, 7.685396527831209, 8.125088609362976, 9.005424046650996, 7.394623426517405, 8.877633600233791], [2.520038178282226, 1.5284756916614668, 0.0, 1.5295701128094783, 2.526218195247592, 3.8870022896828864, 5.050954139566108, 6.3995111727381175, 6.907590087722346, 7.445506029142679, 2.781942432905469, 2.781944223021015, 3.4707835152887307, 2.162578000905401, 2.162544064290945, 1.096864613341136, 1.09688185781332, 2.16019282935575, 2.1601300771018397, 2.7545022399700456, 2.7534114984869222, 4.175996678638526, 4.1653193467008025, 5.13125783702203, 5.194625086567846, 6.569897275452639, 6.999682156355387, 7.960982261002722, 6.473232245177057, 7.518234441675785], [3.8783766565407234, 2.525150144050844, 1.5295701128094783, 0.0, 1.5296360809029053, 2.5268785427875238, 3.885263070887221, 5.0857508688491615, 5.514976961873912, 6.257308026619754, 4.199407126011957, 4.199409740665943, 4.67848354063579, 2.7590645153747313, 2.759050014044689, 2.1603071378857224, 2.1603000393463865, 1.0967940235066929, 1.0968409273910233, 2.16037212072365, 2.159863979513525, 2.7558552665189073, 2.7441208592188495, 4.151192173340088, 4.191882872886598, 5.20290749677524, 5.716649447010023, 6.54033501970656, 5.0127480477279125, 6.411204698806614], [5.0462495469407775, 3.885176954785972, 2.526218195247592, 1.5296360809029053, 0.0, 1.5303908030303892, 2.5247369704585068, 3.9070994868316316, 4.554596554031981, 4.921285943734625, 5.201411297907521, 5.201385516379266, 5.971486828253077, 4.179759722759192, 4.179690770858533, 2.7541624661591775, 2.754103364073324, 2.160172500056419, 2.1602739317040327, 1.0968121717048913, 1.0968538872611977, 2.160277586330053, 2.153688419897363, 2.7175079723894098, 2.777833727925413, 4.1874834901167075, 4.692922686343767, 5.605326649714537, 4.326435300567893, 5.01764055009922], [6.367620511619706, 5.052028671731783, 3.8870022896828864, 2.5268785427875238, 1.5303908030303892, 0.0, 1.5291130108661035, 2.5602129462214664, 3.1341143469886354, 3.7834999814986126, 6.583388338841936, 6.583507829417385, 7.203597879532143, 5.176175967835715, 5.176302482467577, 4.1756887024777125, 4.175859361855952, 2.7543124114740505, 2.7547901462724886, 2.1606838986765275, 2.16116662939256, 1.0966397129413106, 1.0956962261502958, 2.1605732271783804, 2.1648038871916317, 2.796130306334095, 3.476740975396355, 4.146653870291082, 2.884682606457771, 4.016865952455969], [7.570984706099993, 6.371871735997202, 5.050954139566108, 3.885263070887221, 2.5247369704585068, 1.5291130108661035, 0.0, 1.5322713238849053, 2.5577333363742203, 2.4029237420276157, 7.68855112358629, 7.687886311594364, 8.485967365598338, 6.558875105534485, 6.558064820509172, 5.169030077296901, 5.168032582134134, 4.174754946101627, 4.173739707983716, 2.750953847304604, 2.7538258114848153, 2.1597398685952895, 2.164956484551133, 1.0979359680782848, 1.0977940198416096, 2.1643119668846262, 2.79509333833416, 3.497886967870746, 2.881239202148964, 2.568052982319485], [8.904068535787447, 7.610445088823649, 6.3995111727381175, 5.0857508688491615, 3.9070994868316316, 2.5602129462214664, 1.5322713238849053, 0.0, 1.5227998194115995, 1.4280387599781736, 9.056793784226294, 9.077212550667744, 9.759716130093128, 7.688488474336162, 7.712370046879233, 6.559447239668904, 6.587438183391173, 5.191746976692913, 5.227289142567111, 4.207242971353093, 4.164384522351413, 2.763957852428289, 2.8401246117028034, 2.1495322607488356, 2.1643128932758313, 1.095387812603372, 2.1710885334320205, 2.162613430551101, 2.1802057357047753, 1.9586967835783058], [9.34382634470483, 7.984433370001907, 6.907590087722346, 5.514976961873912, 4.554596554031981, 3.1341143469886354, 2.5577333363742203, 1.5227998194115995, 0.0, 2.3938381002064446, 9.662022086499286, 9.45967543417849, 10.127683844295298, 8.116228516373846, 7.8756064103026375, 7.285669610955469, 7.016621485444402, 5.694487968202234, 5.346144170334354, 4.717567085903495, 5.11027129025456, 3.441165366558254, 2.8372438598047927, 3.4820670484641734, 2.7982101725924737, 2.1503022927021216, 1.095509429443672, 1.095571531210993, 1.0934300069048775, 2.5604543854558317], [9.964638177575742, 8.759731501022163, 7.445506029142679, 6.257308026619754, 4.921285943734625, 3.7834999814986126, 2.4029237420276157, 1.4280387599781736, 2.3938381002064446, 0.0, 10.03783722770996, 10.076206562491661, 10.879863290501403, 8.884079888204518, 8.927134084352042, 7.4914726996766134, 7.54250741464667, 6.421027818815302, 6.480722410349019, 5.066326073201368, 4.991101492656706, 4.046841940328285, 4.151616592364955, 2.578680872073937, 2.6702317876918475, 2.036995891012056, 2.701151824685166, 2.600531536051813, 3.356392213374355, 0.9725747837570127], [1.0947639928313317, 2.1686498288105436, 2.781942432905469, 4.199407126011957, 5.201411297907521, 6.583388338841936, 7.68855112358629, 9.056793784226294, 9.662022086499286, 10.03783722770996, 0.0, 1.7747623728262891, 1.7720451264005666, 2.5026382579190307, 3.065186025349848, 2.5598723249412263, 3.112135143273827, 4.383909522332777, 4.7275753161636676, 5.385826028567949, 5.085441717294575, 6.702589138534452, 6.921874006365617, 7.573264229511605, 7.844854716946643, 9.127157570131022, 9.77625157767536, 10.70125910442318, 9.21079295717801, 10.136011370356686], [1.0946858910207988, 2.1686170431867406, 2.781944223021015, 4.199409740665943, 5.201385516379266, 6.583507829417385, 7.687886311594364, 9.077212550667744, 9.45967543417849, 10.076206562491661, 1.7747623728262891, 0.0, 1.7720119102308538, 3.0651773015602215, 2.5025885019315504, 3.1121031409643227, 2.5598892690895836, 4.727702458911728, 4.3837764872310725, 5.086591629962052, 5.384578548038834, 6.933040897037894, 6.692273398479772, 7.766404087478324, 7.636542495789571, 9.323588456704853, 9.401444299148935, 10.53271450956495, 8.983760910665422, 10.031639043546175], [1.0945070168802025, 2.1592232144917305, 3.4707835152887307, 4.67848354063579, 5.971486828253077, 7.203597879532143, 8.485967365598338, 9.759716130093128, 10.127683844295298, 10.879863290501403, 1.7720451264005666, 1.7720119102308538, 0.0, 2.4731766859648343, 2.4731829491568154, 3.7535683089561593, 3.7535683475860675, 4.834842277675664, 4.834653334004415, 6.140591266319555, 6.139527888201177, 7.307122802444201, 7.2950789584486335, 8.572250506138978, 8.628921437815968, 9.828950970474928, 10.226875275469043, 11.151723825938303, 9.519689488108316, 10.969434981347034], [2.1462385352052555, 1.096195607544566, 2.162578000905401, 2.7590645153747313, 4.179759722759192, 5.176175967835715, 6.558875105534485, 7.688488474336162, 8.116228516373846, 8.884079888204518, 2.5026382579190307, 3.0651773015602215, 2.4731766859648343, 0.0, 1.7648925576362997, 2.5085945248285944, 3.067210318840232, 2.532191740370385, 3.086407021116949, 4.712117925094829, 4.3682339967085095, 5.060093885492639, 5.347051678261582, 6.663776840501189, 6.930329785803847, 7.606679297827665, 8.398317399336607, 9.081849499413652, 7.476014565930165, 9.117869062999315], [2.146198269032943, 1.0961543732522352, 2.162544064290945, 2.759050014044689, 4.179690770858533, 5.176302482467577, 6.558064820509172, 7.712370046879233, 7.8756064103026375, 8.927134084352042, 3.065186025349848, 2.5025885019315504, 2.4731829491568154, 1.7648925576362997, 0.0, 3.067182950200395, 2.508503709385338, 3.0865967682870403, 2.5319663978812983, 4.368909030868004, 4.711221772534169, 5.359969541891073, 5.048006874995318, 6.881248322797252, 6.6949146820553285, 7.839986269120629, 7.961368401223498, 8.883734473181873, 7.196032935583327, 9.002310331798167], [2.7503115387170234, 2.1593139095555327, 1.096864613341136, 2.1603071378857224, 2.7541624661591775, 4.1756887024777125, 5.169030077296901, 6.559447239668904, 7.285669610955469, 7.4914726996766134, 2.5598723249412263, 3.1121031409643227, 3.7535683089561593, 2.5085945248285944, 3.067182950200395, 0.0, 1.7649100005382712, 2.50695310287209, 3.0658891189995767, 3.082334435131918, 2.5256102906030455, 4.364512348476058, 4.699043877215875, 5.01345441088278, 5.383459078510767, 6.663274266454893, 7.434242548504857, 8.319215067540927, 6.959308173949477, 7.611902840945882], [2.750301370759212, 2.159289093660226, 1.09688185781332, 2.1603000393463865, 2.754103364073324, 4.175859361855952, 5.168032582134134, 6.587438183391173, 7.016621485444402, 7.54250741464667, 3.112135143273827, 2.5598892690895836, 3.7535683475860675, 3.067210318840232, 2.508503709385338, 1.7649100005382712, 0.0, 3.0659177239449855, 2.5068931090096362, 2.526745626294819, 3.081113183575053, 4.708897046018314, 4.355729848142559, 5.2991382035195125, 5.076854406027418, 6.9284305870810305, 6.936834808469926, 8.102469310648452, 6.657617733844441, 7.47312548603327], [4.166338178784819, 2.7532694564826015, 2.16019282935575, 1.0967940235066929, 2.160172500056419, 2.7543124114740505, 4.174754946101627, 5.191746976692913, 5.694487968202234, 6.421027818815302, 4.383909522332777, 4.727702458911728, 4.834842277675664, 2.532191740370385, 3.0865967682870403, 2.50695310287209, 3.0659177239449855, 0.0, 1.7650193794970073, 3.0658962751534826, 2.5065072631053753, 2.527904764820067, 3.0721579744537877, 4.360130430388522, 4.72346417473447, 5.075508862173329, 6.089843591587553, 6.6357920175364145, 5.1222316757444695, 6.731210026436554], [4.1661658548358345, 2.75307952119077, 2.1601300771018397, 1.0968409273910233, 2.1602739317040327, 2.7547901462724886, 4.173739707983716, 5.227289142567111, 5.346144170334354, 6.480722410349019, 4.7275753161636676, 4.3837764872310725, 4.834653334004415, 3.086407021116949, 2.5319663978812983, 3.0658891189995767, 2.5068931090096362, 1.7650193794970073, 0.0, 2.506794678468901, 3.0656413929225317, 3.084862397255346, 2.5160409714470076, 4.686038574318398, 4.371000860214969, 5.419148303931163, 5.471730664058676, 6.36214274203275, 4.704339410586782, 6.574080166076468], [5.165578686846229, 4.174166361083372, 2.7545022399700456, 2.16037212072365, 1.0968121717048913, 2.1606838986765275, 2.750953847304604, 4.207242971353093, 4.717567085903495, 5.066326073201368, 5.385826028567949, 5.086591629962052, 6.140591266319555, 4.712117925094829, 4.368909030868004, 3.082334435131918, 2.526745626294819, 3.0658962751534826, 2.506794678468901, 0.0, 1.7652160066122218, 3.0657555887578516, 2.5014202145980993, 3.0222895493317647, 2.55025237966755, 4.729632275346573, 4.59789076642758, 5.803781838594555, 4.596955571897557, 4.949269387495492], [5.1644531114146055, 4.17322563252935, 2.7534114984869222, 2.159863979513525, 1.0968538872611977, 2.16116662939256, 2.7538258114848153, 4.164384522351413, 5.11027129025456, 4.991101492656706, 5.085441717294575, 5.384578548038834, 6.139527888201177, 4.3682339967085095, 4.711221772534169, 2.5256102906030455, 3.081113183575053, 2.5065072631053753, 3.0656413929225317, 1.7652160066122218, 0.0, 2.505542899253573, 3.061114251379716, 2.4884279274272747, 3.1171218824421993, 4.332979978028978, 5.319803158952406, 6.10387660425733, 5.0250049492512945, 5.157463081787402], [6.547647363748296, 5.170970187498667, 4.175996678638526, 2.7558552665189073, 2.160277586330053, 1.0966397129413106, 2.1597398685952895, 2.763957852428289, 3.441165366558254, 4.046841940328285, 6.702589138534452, 6.933040897037894, 7.307122802444201, 5.060093885492639, 5.359969541891073, 4.364512348476058, 4.708897046018314, 2.527904764820067, 3.084862397255346, 3.0657555887578516, 2.505542899253573, 0.0, 1.7659630233954504, 2.535878942299888, 3.068957876869606, 2.550323655930753, 4.06214308339822, 4.296514468729274, 3.0732827172259953, 4.508575972521701], [6.5361778464175835, 5.158812382709804, 4.1653193467008025, 2.7441208592188495, 2.153688419897363, 1.0956962261502958, 2.164956484551133, 2.8401246117028034, 2.8372438598047927, 4.151616592364955, 6.921874006365617, 6.692273398479772, 7.2950789584486335, 5.347051678261582, 5.048006874995318, 4.699043877215875, 4.355729848142559, 3.0721579744537877, 2.5160409714470076, 2.5014202145980993, 3.061114251379716, 1.7659630233954504, 0.0, 3.0684386925601106, 2.4994460926373265, 3.1881637269751377, 3.067749955586341, 3.870121194484741, 2.3172477769975313, 4.281144582935736], [7.612951895946803, 6.52262091877184, 5.13125783702203, 4.151192173340088, 2.7175079723894098, 2.1605732271783804, 1.0979359680782848, 2.1495322607488356, 3.4820670484641734, 2.578680872073937, 7.573264229511605, 7.766404087478324, 8.572250506138978, 6.663776840501189, 6.881248322797252, 5.01345441088278, 5.2991382035195125, 4.360130430388522, 4.686038574318398, 3.0222895493317647, 2.4884279274272747, 2.535878942299888, 3.0684386925601106, 0.0, 1.7466759401789445, 2.504028406388394, 3.7619300126397888, 4.291875267292841, 3.882621059284565, 2.8405323215904446], [7.676682489851981, 6.57315741558043, 5.194625086567846, 4.191882872886598, 2.777833727925413, 2.1648038871916317, 1.0977940198416096, 2.1643128932758313, 2.7982101725924737, 2.6702317876918475, 7.844854716946643, 7.636542495789571, 8.628921437815968, 6.930329785803847, 6.6949146820553285, 5.383459078510767, 5.076854406027418, 4.72346417473447, 4.371000860214969, 2.55025237966755, 3.1171218824421993, 3.068957876869606, 2.4994460926373265, 1.7466759401789445, 0.0, 3.07000557979949, 2.588268359347616, 3.7684444682123157, 3.236904566093971, 2.4116110693890924], [9.023464116956413, 7.685396527831209, 6.569897275452639, 5.20290749677524, 4.1874834901167075, 2.796130306334095, 2.1643119668846262, 1.095387812603372, 2.1503022927021216, 2.036995891012056, 9.127157570131022, 9.323588456704853, 9.828950970474928, 7.606679297827665, 7.839986269120629, 6.663274266454893, 6.9284305870810305, 5.075508862173329, 5.419148303931163, 4.729632275346573, 4.332979978028978, 2.550323655930753, 3.1881637269751377, 2.504028406388394, 3.07000557979949, 0.0, 3.068752899794964, 2.508729473259323, 2.4949950320591823, 2.841995490847936], [9.412684838556956, 8.125088609362976, 6.999682156355387, 5.716649447010023, 4.692922686343767, 3.476740975396355, 2.79509333833416, 2.1710885334320205, 1.095509429443672, 2.701151824685166, 9.77625157767536, 9.401444299148935, 10.226875275469043, 8.398317399336607, 7.961368401223498, 7.434242548504857, 6.936834808469926, 6.089843591587553, 5.471730664058676, 4.59789076642758, 5.319803158952406, 4.06214308339822, 3.067749955586341, 3.7619300126397888, 2.588268359347616, 3.068752899794964, 0.0, 1.757131563087978, 1.7786975937466152, 2.448050892036356], [10.389256948405887, 9.005424046650996, 7.960982261002722, 6.54033501970656, 5.605326649714537, 4.146653870291082, 3.497886967870746, 2.162613430551101, 1.095571531210993, 2.600531536051813, 10.70125910442318, 10.53271450956495, 11.151723825938303, 9.081849499413652, 8.883734473181873, 8.319215067540927, 8.102469310648452, 6.6357920175364145, 6.36214274203275, 5.803781838594555, 6.10387660425733, 4.296514468729274, 3.870121194484741, 4.291875267292841, 3.7684444682123157, 2.508729473259323, 1.757131563087978, 0.0, 1.7732845738910605, 2.8588074156892764], [8.815065806901274, 7.394623426517405, 6.473232245177057, 5.0127480477279125, 4.326435300567893, 2.884682606457771, 2.881239202148964, 2.1802057357047753, 1.0934300069048775, 3.356392213374355, 9.21079295717801, 8.983760910665422, 9.519689488108316, 7.476014565930165, 7.196032935583327, 6.959308173949477, 6.657617733844441, 5.1222316757444695, 4.704339410586782, 4.596955571897557, 5.0250049492512945, 3.0732827172259953, 2.3172477769975313, 3.882621059284565, 3.236904566093971, 2.4949950320591823, 1.7786975937466152, 1.7732845738910605, 0.0, 3.5863296808854597], [10.02603134345789, 8.877633600233791, 7.518234441675785, 6.411204698806614, 5.01764055009922, 4.016865952455969, 2.568052982319485, 1.9586967835783058, 2.5604543854558317, 0.9725747837570127, 10.136011370356686, 10.031639043546175, 10.969434981347034, 9.117869062999315, 9.002310331798167, 7.611902840945882, 7.47312548603327, 6.731210026436554, 6.574080166076468, 4.949269387495492, 5.157463081787402, 4.508575972521701, 4.281144582935736, 2.8405323215904446, 2.4116110693890924, 2.841995490847936, 2.448050892036356, 2.8588074156892764, 3.5863296808854597, 0.0]]}