{"total energy": -45.30641281, "HOMO-LUMO gap/eV": 12.21878198, "electronic energy": -45.96438114, "dipole": [0.00183207, -0.01052382, -0.00225717], "partial charges": [-0.09934788, -0.05128735, -0.05701902, -0.05765542, -0.05772298, -0.05729366, -0.05779201, -0.05792504, -0.05726253, -0.05715587, -0.05815225, -0.05833, -0.05160266, -0.09985858, 0.03329047, 0.02946747, 0.03281229, 0.02850481, 0.02679845, 0.02638275, 0.02943453, 0.02869525, 0.03220642, 0.02771812, 0.02818119, 0.02841934, 0.02849682, 0.02795258, 0.0282464, 0.02940254, 0.03093863, 0.02754802, 0.02868861, 0.02754133, 0.02872754, 0.02901942, 0.03061072, 0.02923652, 0.02888848, 0.02824542, 0.02809297, 0.03084404, 0.03199298, 0.03202114], "atomic dipole moments": [[-0.01418104, 0.07812435, 0.06287041], [-0.05822006, -0.01486327, -0.09344667], [-0.02195486, -0.10264607, 0.02916902], [0.02067896, 0.10758952, -0.02194446], [-0.02315402, -0.10274641, 0.02148788], [0.02129587, 0.10427895, -0.02217116], [-0.02044072, -0.10344737, 0.02249018], [0.02284703, 0.10644875, -0.02255595], [-0.02176934, -0.10615006, 0.015629], [0.05296775, 0.002133, 0.09588991], [-0.05488961, 0.00453647, -0.0956601], [0.05381883, -0.00488709, 0.09437443], [-0.05410893, 0.0048582, -0.09590262], [0.0949487, 0.03104357, 0.01133499], [-0.09881705, -0.07821594, -0.00369022], [0.0964958, -0.06758798, 0.03984342], [0.02678559, 0.03758739, -0.11749293], [-0.02418025, -0.04254982, 0.11377751], [0.10402905, 0.0602533, 0.01127644], [0.00301827, 0.09666753, 0.07379153], [0.02968759, 0.04633172, -0.11142951], [-0.02761348, -0.04897218, 0.11079964], [-0.00520225, -0.09411853, -0.08110632], [0.00269076, 0.09466478, 0.07989671], [0.027126, 0.04925758, -0.11056627], [-0.02700994, -0.04921545, 0.11040632], [-0.00281107, -0.09465513, -0.07980341], [0.02708272, 0.04911905, -0.11041819], [0.00267627, 0.09484249, 0.07995368], [-0.0021483, -0.09480353, -0.08015034], [-0.02418779, -0.04897863, 0.11153427], [0.02841005, 0.05379324, -0.10514475], [-0.00122579, 0.09328395, 0.08204425], [-0.0703758, 0.08754863, -0.04621477], [-0.00030382, -0.08807209, -0.08753366], [0.00438283, 0.08740554, 0.08818835], [0.06707116, -0.095302, 0.04301628], [-0.00477005, -0.08725913, -0.08821531], [-0.06933726, 0.09362574, -0.0424595], [0.00163888, 0.08583922, 0.08867801], [0.06601226, -0.09485998, 0.0431946], [-0.04444191, -0.0430494, 0.10804155], [-0.07488638, 0.09409814, -0.03739185], [-0.00815735, -0.09302361, -0.08445312]], "atomic quadrupole moments": [[-0.10041034, -0.04679374, 0.0845022, -0.01973549, 0.16510364, 0.01590813], [-0.04511767, -0.16954584, 0.10250171, 0.05142482, 0.09333514, -0.05738404], [0.20404559, -0.02948183, -0.0138453, 0.07996632, -0.06198121, -0.19020029], [0.20979622, -0.03189074, 0.00983619, 0.06145411, -0.06419966, -0.2196324], [0.21809628, -0.02862628, 0.00104457, 0.06628104, -0.06019252, -0.21914085], [0.21910128, -0.03020393, -0.00014943, 0.06593287, -0.06169279, -0.21895185], [0.21781005, -0.02957462, 0.00014635, 0.0658148, -0.06345185, -0.2179564], [0.2127494, -0.02267585, 0.00713184, 0.05939308, -0.06231137, -0.21988124], [0.20581279, -0.02360939, -0.01038999, 0.08316706, -0.04905738, -0.1954228], [0.11043264, 0.15560703, -0.13392853, -0.0586437, -0.085108, 0.0234959], [0.12996059, 0.14215467, -0.17002506, -0.0534602, -0.08863468, 0.04006447], [0.12890048, 0.14745825, -0.16662154, -0.0608499, -0.09425398, 0.03772106], [0.13603388, 0.14652082, -0.16158758, -0.05671216, -0.08620824, 0.0255537], [0.19551652, 0.10681914, -0.09209427, 0.03477, 0.00606506, -0.10342225], [0.04981655, 0.05289431, -0.01082355, -0.00909556, 0.01003336, -0.038993], [0.02978962, -0.05158526, -0.00566045, 0.04250728, -0.01104109, -0.02412917], [-0.0489082, 0.01017614, -0.01003596, -0.0215266, -0.04017824, 0.05894416], [-0.02747704, 0.00266336, -0.00509022, -0.03410489, -0.02704401, 0.03256725], [0.03972381, 0.02934585, 0.0090097, -0.0046038, 0.0072394, -0.04873351], [-0.01321097, -0.00979621, 0.01023428, 0.00160423, 0.05154239, 0.0029767], [-0.01256888, 0.00448346, -0.03911528, -0.01460004, -0.02004297, 0.05168416], [-0.01771244, 0.00213844, -0.03011864, -0.01496995, -0.02505364, 0.04783108], [-0.01990707, -0.00618103, 0.00709994, -9.675e-05, 0.04624624, 0.01280714], [-0.0207836, -0.00375629, 0.00583882, 0.00206987, 0.04656679, 0.01494478], [-0.01708103, 0.00244428, -0.02996847, -0.01548601, -0.02437826, 0.0470495], [-0.01695981, 0.00240613, -0.03016226, -0.01549496, -0.02457445, 0.04712207], [-0.02097446, -0.00349391, 0.00579194, 0.00208567, 0.04685174, 0.01518252], [-0.01667573, 0.00259521, -0.03013577, -0.01559371, -0.02451206, 0.0468115], [-0.0210282, -0.0034352, 0.00575491, 0.0020373, 0.04654817, 0.01527329], [-0.02126917, -0.00263221, 0.00568503, 0.00262974, 0.04741414, 0.01558414], [-0.01443823, 0.00330945, -0.02993231, -0.01844053, -0.02433226, 0.04437054], [-0.00519601, 0.00352385, -0.03496222, -0.02021373, -0.03236926, 0.04015823], [-0.02007603, -0.00975803, -0.00157886, 0.00369647, 0.04739564, 0.02165489], [0.01361669, -0.03621299, 0.01950108, 0.0035096, -0.02733492, -0.03311777], [-0.02931841, 0.00114289, 0.02936273, -0.01589746, 0.04106111, -4.432e-05], [-0.02613866, 0.0030095, 0.02358994, -0.00808403, 0.04379562, 0.00254872], [0.00419067, -0.03623966, 0.02531258, 0.00492491, -0.0193822, -0.02950325], [-0.02621618, 0.00221792, 0.02296669, -0.0083201, 0.04324474, 0.00324949], [0.00052188, -0.03555747, 0.02881783, 0.00534345, -0.02033215, -0.02933972], [-0.02462738, 0.00627404, 0.02306533, -0.00871258, 0.04335362, 0.00156205], [0.00478828, -0.03552489, 0.02635057, 0.00405903, -0.02118115, -0.03113886], [-0.01970021, 0.01983543, -0.03821596, -0.02884723, -0.03869133, 0.05791617], [-0.00255408, -0.04263581, 0.04234697, 0.02388274, -0.03088249, -0.03979289], [-0.02739176, -0.00319586, 0.01643555, -0.00326916, 0.06669303, 0.01095621]], "number of molecular orbitals": 86, "number of electrons": 86, "number of unpaired electrons": 0, "orbital energies/eV": [-16.93241467, -16.89289485, -16.81904533, -16.71430648, -16.52324361, -16.29068842, -16.03114515, -15.71508078, -15.43430013, -15.16997185, -15.0749083, -15.03107893, -14.85730011, -14.81213799, -14.16827544, -14.06411426, -13.84809453, -13.73717037, -13.60414006, -13.5212715, -13.38195985, -13.29986932, -13.05775518, -13.01844861, -12.91267121, -12.64746566, -12.55267101, -12.5106152, -12.31154242, -12.18308152, -12.04764165, -11.89860912, -11.87255474, -11.76885307, -11.71229095, -11.56850791, -11.50730778, -11.47166315, -11.39204383, -11.36196821, -11.31294643, -11.21224364, -11.07637901, 1.14240297, 1.71256453, 2.59625142, 2.62522031, 2.83752431, 2.86496104, 2.95050022, 3.08660156, 3.17605952, 3.42289433, 3.62713557, 3.70353514, 3.82512736, 3.97053886, 3.99590286, 4.11610766, 4.32200166, 4.37395674, 4.53487445, 4.61989254, 4.7855756, 5.00010082, 5.11163828, 5.14398651, 5.3003123, 5.47329187, 5.81346222, 5.98555768, 6.07537391, 6.46574234, 6.58271922, 6.63098467, 6.94624534, 7.08293515, 7.23461586, 7.36963213, 7.52477541, 7.60569876, 7.77003755, 7.98124499, 8.25702599, 8.52406388, 8.65144135], "fractional occupation": [2.0, 2.0, 2.0, 2.0, 2.0, 2.0, 2.0, 2.0, 2.0, 2.0, 2.0, 2.0, 2.0, 2.0, 2.0, 2.0, 2.0, 2.0, 2.0, 2.0, 2.0, 2.0, 2.0, 2.0, 2.0, 2.0, 2.0, 2.0, 2.0, 2.0, 2.0, 2.0, 2.0, 2.0, 2.0, 2.0, 2.0, 2.0, 2.0, 2.0, 2.0, 2.0, 2.0, 0.0, 0.0, 0.0, 0.0, 0.0, 0.0, 0.0, 0.0, 0.0, 0.0, 0.0, 0.0, 0.0, 0.0, 0.0, 0.0, 0.0, 0.0, 0.0, 0.0, 0.0, 0.0, 0.0, 0.0, 0.0, 0.0, 0.0, 0.0, 0.0, 0.0, 0.0, 0.0, 0.0, 0.0, 0.0, 0.0, 0.0, 0.0, 0.0, 0.0, 0.0, 0.0, 0.0], "program call": "xtb /home/svss/Project-DBcg-Debug/aqme2_20220329/End-to-End-workflows-final/example-3/QDESCP/mol_15_rdkit_conf_2/mol_15_rdkit_conf_2.xyz --pop --wbo --acc 0.2 --gfn 2 --chrg 0 --uhf 0 --etemp 300 --input /home/svss/Project-DBcg-Debug/aqme2_20220329/End-to-End-workflows-final/example-3/QDESCP/mol_15_rdkit_conf_2/mol_15_rdkit_conf_2_xtb.inp", "method": "GFN2-xTB", "xtb version": "6.3.3 (7355c4f)", "Dipole module/D": 0.028, "Total charge": 0, "Transition dipole module/D": NaN, "HOMO": -11.0764, "LUMO": 1.1424, "HOMO occupancy": 2.0, "LUMO occupancy": 0, "mulliken charges": [-0.08489, -0.03874, -0.04683, -0.04649, -0.04527, -0.04528, -0.04521, -0.04675, -0.0456, -0.04559, -0.04693, -0.04652, -0.03846, -0.08346, 0.0267, 0.02769, 0.02683, 0.02223, 0.02294, 0.02311, 0.02276, 0.02254, 0.02313, 0.02225, 0.02245, 0.02251, 0.02254, 0.02231, 0.02247, 0.02281, 0.02296, 0.0237, 0.02279, 0.02373, 0.02281, 0.0226, 0.02276, 0.02249, 0.02231, 0.02188, 0.02186, 0.02785, 0.02651, 0.02652], "cm5 charges": [-0.23534, -0.15113, -0.15735, -0.1573, -0.15606, -0.15603, -0.15601, -0.15763, -0.15617, -0.15617, -0.15779, -0.15726, -0.15098, -0.23377, 0.07844, 0.07846, 0.07824, 0.07684, 0.07715, 0.07803, 0.07796, 0.07801, 0.07909, 0.07761, 0.0778, 0.07786, 0.07789, 0.07766, 0.07783, 0.07828, 0.07892, 0.07862, 0.07799, 0.07866, 0.07802, 0.07806, 0.07873, 0.07784, 0.07765, 0.07658, 0.07655, 0.07862, 0.0778, 0.07781], "FUKUI+": [0.012, -0.005, -0.013, -0.013, -0.014, -0.013, -0.013, -0.006, -0.014, -0.013, -0.006, -0.011, -0.009, 0.005, -0.008, -0.027, -0.017, -0.025, -0.04, -0.029, -0.03, -0.032, -0.032, -0.035, -0.035, -0.033, -0.035, -0.034, -0.034, -0.033, -0.028, -0.038, -0.035, -0.04, -0.034, -0.029, -0.021, -0.027, -0.028, -0.024, -0.021, -0.038, -0.022, -0.021], "FUKUI-": [0.013, 0.002, -0.002, -0.007, -0.002, -0.005, -0.002, -0.002, 0.001, 0.003, 0.005, 0.004, 0.003, 0.012, -0.044, -0.042, -0.028, -0.036, -0.075, -0.029, -0.028, -0.026, -0.029, -0.03, -0.027, -0.023, -0.024, -0.027, -0.025, -0.024, -0.026, -0.037, -0.028, -0.043, -0.028, -0.029, -0.032, -0.04, -0.045, -0.044, -0.045, -0.038, -0.037, -0.033], "FUKUIrad": [0.013, -0.002, -0.008, -0.01, -0.008, -0.009, -0.007, -0.004, -0.007, -0.005, -0.001, -0.004, -0.003, 0.009, -0.026, -0.034, -0.022, -0.03, -0.057, -0.029, -0.029, -0.029, -0.031, -0.032, -0.031, -0.028, -0.029, -0.031, -0.03, -0.028, -0.027, -0.038, -0.031, -0.042, -0.031, -0.029, -0.027, -0.034, -0.037, -0.034, -0.033, -0.038, -0.03, -0.027], "s proportion": [1.007, 1.027, 1.032, 1.032, 1.033, 1.032, 1.033, 1.032, 1.032, 1.032, 1.032, 1.032, 1.027, 1.007, 0.973, 0.972, 0.973, 0.978, 0.977, 0.977, 0.977, 0.977, 0.977, 0.978, 0.978, 0.977, 0.977, 0.978, 0.978, 0.977, 0.977, 0.976, 0.977, 0.976, 0.977, 0.977, 0.977, 0.978, 0.978, 0.978, 0.978, 0.972, 0.973, 0.973], "p proportion": [3.078, 3.012, 3.015, 3.015, 3.013, 3.013, 3.013, 3.015, 3.013, 3.013, 3.015, 3.014, 3.011, 3.076, 0.0, 0.0, 0.0, 0.0, 0.0, 0.0, 0.0, 0.0, 0.0, 0.0, 0.0, 0.0, 0.0, 0.0, 0.0, 0.0, 0.0, 0.0, 0.0, 0.0, 0.0, 0.0, 0.0, 0.0, 0.0, 0.0, 0.0, 0.0, 0.0, 0.0], "d proportion": [0.0, 0.0, 0.0, 0.0, 0.0, 0.0, 0.0, 0.0, 0.0, 0.0, 0.0, 0.0, 0.0, 0.0, 0.0, 0.0, 0.0, 0.0, 0.0, 0.0, 0.0, 0.0, 0.0, 0.0, 0.0, 0.0, 0.0, 0.0, 0.0, 0.0, 0.0, 0.0, 0.0, 0.0, 0.0, 0.0, 0.0, 0.0, 0.0, 0.0, 0.0, 0.0, 0.0, 0.0], "Fermi-level/eV": -4.967, "Coordination numbers": [3.749, 3.799, 3.801, 3.801, 3.802, 3.802, 3.802, 3.801, 3.8, 3.8, 3.801, 3.802, 3.8, 3.75, 0.924, 0.924, 0.924, 0.924, 0.924, 0.924, 0.924, 0.924, 0.924, 0.924, 0.924, 0.924, 0.924, 0.924, 0.924, 0.924, 0.924, 0.924, 0.924, 0.924, 0.924, 0.924, 0.924, 0.924, 0.924, 0.924, 0.924, 0.924, 0.924, 0.924], "Dispersion coefficient C6": [22.462, 21.496, 21.6, 21.611, 21.612, 21.604, 21.613, 21.616, 21.604, 21.602, 21.62, 21.622, 21.501, 22.47, 2.54, 2.594, 2.547, 2.608, 2.633, 2.639, 2.595, 2.605, 2.555, 2.619, 2.613, 2.609, 2.608, 2.616, 2.612, 2.595, 2.573, 2.622, 2.605, 2.622, 2.605, 2.601, 2.578, 2.597, 2.602, 2.612, 2.614, 2.575, 2.558, 2.558], "Total dispersion C6": 12861.501584, "Total dispersion C8": 268551.291121, "Polarizability alpha": [6.76, 6.601, 6.617, 6.619, 6.619, 6.617, 6.619, 6.62, 6.618, 6.617, 6.62, 6.62, 6.602, 6.76, 2.492, 2.519, 2.496, 2.525, 2.537, 2.54, 2.519, 2.524, 2.5, 2.531, 2.528, 2.526, 2.526, 2.529, 2.527, 2.519, 2.509, 2.532, 2.524, 2.532, 2.524, 2.522, 2.511, 2.52, 2.523, 2.527, 2.528, 2.509, 2.501, 2.501], "Total polarizability alpha": 168.512991, "Wiberg matrix": [[0.0, 1.0209782418299187, 0.0, 0.0, 0.0, 0.0, 0.0, 0.0, 0.0, 0.0, 0.0, 0.0, 0.0, 0.0, 0.986129663983584, 0.9873884800434372, 0.9874296852540638, 0.0, 0.0, 0.0, 0.0, 0.0, 0.0, 0.0, 0.0, 0.0, 0.0, 0.0, 0.0, 0.0, 0.0, 0.0, 0.0, 0.0, 0.0, 0.0, 0.0, 0.0, 0.0, 0.0, 0.0, 0.0, 0.0, 0.0], [1.0209782418299187, 0.0, 1.00687153178021, 0.0, 0.0, 0.0, 0.0, 0.0, 0.0, 0.0, 0.0, 0.0, 0.0, 0.0, 0.0, 0.0, 0.0, 0.9778857067544494, 0.9781754337505444, 0.0, 0.0, 0.0, 0.0, 0.0, 0.0, 0.0, 0.0, 0.0, 0.0, 0.0, 0.0, 0.0, 0.0, 0.0, 0.0, 0.0, 0.0, 0.0, 0.0, 0.0, 0.0, 0.0, 0.0, 0.0], [0.0, 1.00687153178021, 0.0, 1.007884266791824, 0.0, 0.0, 0.0, 0.0, 0.0, 0.0, 0.0, 0.0, 0.0, 0.0, 0.0, 0.0, 0.0, 0.0, 0.0, 0.9772405645281064, 0.9772164810894711, 0.0, 0.0, 0.0, 0.0, 0.0, 0.0, 0.0, 0.0, 0.0, 0.0, 0.0, 0.0, 0.0, 0.0, 0.0, 0.0, 0.0, 0.0, 0.0, 0.0, 0.0, 0.0, 0.0], [0.0, 0.0, 1.007884266791824, 0.0, 1.006613666112624, 0.0, 0.0, 0.0, 0.0, 0.0, 0.0, 0.0, 0.0, 0.0, 0.0, 0.0, 0.0, 0.0, 0.0, 0.0, 0.0, 0.9772869310692679, 0.9756629916428468, 0.0, 0.0, 0.0, 0.0, 0.0, 0.0, 0.0, 0.0, 0.0, 0.0, 0.0, 0.0, 0.0, 0.0, 0.0, 0.0, 0.0, 0.0, 0.0, 0.0, 0.0], [0.0, 0.0, 0.0, 1.006613666112624, 0.0, 1.0068994623499212, 0.0, 0.0, 0.0, 0.0, 0.0, 0.0, 0.0, 0.0, 0.0, 0.0, 0.0, 0.0, 0.0, 0.0, 0.0, 0.0, 0.0, 0.977290018258792, 0.9774610546156435, 0.0, 0.0, 0.0, 0.0, 0.0, 0.0, 0.0, 0.0, 0.0, 0.0, 0.0, 0.0, 0.0, 0.0, 0.0, 0.0, 0.0, 0.0, 0.0], [0.0, 0.0, 0.0, 0.0, 1.0068994623499212, 0.0, 1.0068818429325357, 0.0, 0.0, 0.0, 0.0, 0.0, 0.0, 0.0, 0.0, 0.0, 0.0, 0.0, 0.0, 0.0, 0.0, 0.0, 0.0, 0.0, 0.0, 0.9773433491287022, 0.9773465484255071, 0.0, 0.0, 0.0, 0.0, 0.0, 0.0, 0.0, 0.0, 0.0, 0.0, 0.0, 0.0, 0.0, 0.0, 0.0, 0.0, 0.0], [0.0, 0.0, 0.0, 0.0, 0.0, 1.0068818429325357, 0.0, 1.006550933032282, 0.0, 0.0, 0.0, 0.0, 0.0, 0.0, 0.0, 0.0, 0.0, 0.0, 0.0, 0.0, 0.0, 0.0, 0.0, 0.0, 0.0, 0.0, 0.0, 0.9772601343712645, 0.9774624539556205, 0.0, 0.0, 0.0, 0.0, 0.0, 0.0, 0.0, 0.0, 0.0, 0.0, 0.0, 0.0, 0.0, 0.0, 0.0], [0.0, 0.0, 0.0, 0.0, 0.0, 0.0, 1.006550933032282, 0.0, 1.0079179947335193, 0.0, 0.0, 0.0, 0.0, 0.0, 0.0, 0.0, 0.0, 0.0, 0.0, 0.0, 0.0, 0.0, 0.0, 0.0, 0.0, 0.0, 0.0, 0.0, 0.0, 0.9772112079016171, 0.9754613306339492, 0.0, 0.0, 0.0, 0.0, 0.0, 0.0, 0.0, 0.0, 0.0, 0.0, 0.0, 0.0, 0.0], [0.0, 0.0, 0.0, 0.0, 0.0, 0.0, 0.0, 1.0079179947335193, 0.0, 1.006054221695751, 0.0, 0.0, 0.0, 0.0, 0.0, 0.0, 0.0, 0.0, 0.0, 0.0, 0.0, 0.0, 0.0, 0.0, 0.0, 0.0, 0.0, 0.0, 0.0, 0.0, 0.0, 0.9769479836724406, 0.9773074138692079, 0.0, 0.0, 0.0, 0.0, 0.0, 0.0, 0.0, 0.0, 0.0, 0.0, 0.0], [0.0, 0.0, 0.0, 0.0, 0.0, 0.0, 0.0, 0.0, 1.006054221695751, 0.0, 1.0079983183485102, 0.0, 0.0, 0.0, 0.0, 0.0, 0.0, 0.0, 0.0, 0.0, 0.0, 0.0, 0.0, 0.0, 0.0, 0.0, 0.0, 0.0, 0.0, 0.0, 0.0, 0.0, 0.0, 0.976961999388917, 0.9773203239096457, 0.0, 0.0, 0.0, 0.0, 0.0, 0.0, 0.0, 0.0, 0.0], [0.0, 0.0, 0.0, 0.0, 0.0, 0.0, 0.0, 0.0, 0.0, 1.0079983183485102, 0.0, 1.0068007570942938, 0.0, 0.0, 0.0, 0.0, 0.0, 0.0, 0.0, 0.0, 0.0, 0.0, 0.0, 0.0, 0.0, 0.0, 0.0, 0.0, 0.0, 0.0, 0.0, 0.0, 0.0, 0.0, 0.0, 0.9772468585931207, 0.9755018041750372, 0.0, 0.0, 0.0, 0.0, 0.0, 0.0, 0.0], [0.0, 0.0, 0.0, 0.0, 0.0, 0.0, 0.0, 0.0, 0.0, 0.0, 1.0068007570942938, 0.0, 1.007798438219801, 0.0, 0.0, 0.0, 0.0, 0.0, 0.0, 0.0, 0.0, 0.0, 0.0, 0.0, 0.0, 0.0, 0.0, 0.0, 0.0, 0.0, 0.0, 0.0, 0.0, 0.0, 0.0, 0.0, 0.0, 0.9773719612915487, 0.97717440927738, 0.0, 0.0, 0.0, 0.0, 0.0], [0.0, 0.0, 0.0, 0.0, 0.0, 0.0, 0.0, 0.0, 0.0, 0.0, 0.0, 1.007798438219801, 0.0, 1.020065651288692, 0.0, 0.0, 0.0, 0.0, 0.0, 0.0, 0.0, 0.0, 0.0, 0.0, 0.0, 0.0, 0.0, 0.0, 0.0, 0.0, 0.0, 0.0, 0.0, 0.0, 0.0, 0.0, 0.0, 0.0, 0.0, 0.9781235091812657, 0.9781024693329652, 0.0, 0.0, 0.0], [0.0, 0.0, 0.0, 0.0, 0.0, 0.0, 0.0, 0.0, 0.0, 0.0, 0.0, 0.0, 1.020065651288692, 0.0, 0.0, 0.0, 0.0, 0.0, 0.0, 0.0, 0.0, 0.0, 0.0, 0.0, 0.0, 0.0, 0.0, 0.0, 0.0, 0.0, 0.0, 0.0, 0.0, 0.0, 0.0, 0.0, 0.0, 0.0, 0.0, 0.0, 0.0, 0.9874255310448066, 0.9877320828517026, 0.9877312174640471], [0.986129663983584, 0.0, 0.0, 0.0, 0.0, 0.0, 0.0, 0.0, 0.0, 0.0, 0.0, 0.0, 0.0, 0.0, 0.0, 0.0, 0.0, 0.0, 0.0, 0.0, 0.0, 0.0, 0.0, 0.0, 0.0, 0.0, 0.0, 0.0, 0.0, 0.0, 0.0, 0.0, 0.0, 0.0, 0.0, 0.0, 0.0, 0.0, 0.0, 0.0, 0.0, 0.0, 0.0, 0.0], [0.9873884800434372, 0.0, 0.0, 0.0, 0.0, 0.0, 0.0, 0.0, 0.0, 0.0, 0.0, 0.0, 0.0, 0.0, 0.0, 0.0, 0.0, 0.0, 0.0, 0.0, 0.0, 0.0, 0.0, 0.0, 0.0, 0.0, 0.0, 0.0, 0.0, 0.0, 0.0, 0.0, 0.0, 0.0, 0.0, 0.0, 0.0, 0.0, 0.0, 0.0, 0.0, 0.0, 0.0, 0.0], [0.9874296852540638, 0.0, 0.0, 0.0, 0.0, 0.0, 0.0, 0.0, 0.0, 0.0, 0.0, 0.0, 0.0, 0.0, 0.0, 0.0, 0.0, 0.0, 0.0, 0.0, 0.0, 0.0, 0.0, 0.0, 0.0, 0.0, 0.0, 0.0, 0.0, 0.0, 0.0, 0.0, 0.0, 0.0, 0.0, 0.0, 0.0, 0.0, 0.0, 0.0, 0.0, 0.0, 0.0, 0.0], [0.0, 0.9778857067544494, 0.0, 0.0, 0.0, 0.0, 0.0, 0.0, 0.0, 0.0, 0.0, 0.0, 0.0, 0.0, 0.0, 0.0, 0.0, 0.0, 0.0, 0.0, 0.0, 0.0, 0.0, 0.0, 0.0, 0.0, 0.0, 0.0, 0.0, 0.0, 0.0, 0.0, 0.0, 0.0, 0.0, 0.0, 0.0, 0.0, 0.0, 0.0, 0.0, 0.0, 0.0, 0.0], [0.0, 0.9781754337505444, 0.0, 0.0, 0.0, 0.0, 0.0, 0.0, 0.0, 0.0, 0.0, 0.0, 0.0, 0.0, 0.0, 0.0, 0.0, 0.0, 0.0, 0.0, 0.0, 0.0, 0.0, 0.0, 0.0, 0.0, 0.0, 0.0, 0.0, 0.0, 0.0, 0.0, 0.0, 0.0, 0.0, 0.0, 0.0, 0.0, 0.0, 0.0, 0.0, 0.0, 0.0, 0.0], [0.0, 0.0, 0.9772405645281064, 0.0, 0.0, 0.0, 0.0, 0.0, 0.0, 0.0, 0.0, 0.0, 0.0, 0.0, 0.0, 0.0, 0.0, 0.0, 0.0, 0.0, 0.0, 0.0, 0.0, 0.0, 0.0, 0.0, 0.0, 0.0, 0.0, 0.0, 0.0, 0.0, 0.0, 0.0, 0.0, 0.0, 0.0, 0.0, 0.0, 0.0, 0.0, 0.0, 0.0, 0.0], [0.0, 0.0, 0.9772164810894711, 0.0, 0.0, 0.0, 0.0, 0.0, 0.0, 0.0, 0.0, 0.0, 0.0, 0.0, 0.0, 0.0, 0.0, 0.0, 0.0, 0.0, 0.0, 0.0, 0.0, 0.0, 0.0, 0.0, 0.0, 0.0, 0.0, 0.0, 0.0, 0.0, 0.0, 0.0, 0.0, 0.0, 0.0, 0.0, 0.0, 0.0, 0.0, 0.0, 0.0, 0.0], [0.0, 0.0, 0.0, 0.9772869310692679, 0.0, 0.0, 0.0, 0.0, 0.0, 0.0, 0.0, 0.0, 0.0, 0.0, 0.0, 0.0, 0.0, 0.0, 0.0, 0.0, 0.0, 0.0, 0.0, 0.0, 0.0, 0.0, 0.0, 0.0, 0.0, 0.0, 0.0, 0.0, 0.0, 0.0, 0.0, 0.0, 0.0, 0.0, 0.0, 0.0, 0.0, 0.0, 0.0, 0.0], [0.0, 0.0, 0.0, 0.9756629916428468, 0.0, 0.0, 0.0, 0.0, 0.0, 0.0, 0.0, 0.0, 0.0, 0.0, 0.0, 0.0, 0.0, 0.0, 0.0, 0.0, 0.0, 0.0, 0.0, 0.0, 0.0, 0.0, 0.0, 0.0, 0.0, 0.0, 0.0, 0.0, 0.0, 0.0, 0.0, 0.0, 0.0, 0.0, 0.0, 0.0, 0.0, 0.0, 0.0, 0.0], [0.0, 0.0, 0.0, 0.0, 0.977290018258792, 0.0, 0.0, 0.0, 0.0, 0.0, 0.0, 0.0, 0.0, 0.0, 0.0, 0.0, 0.0, 0.0, 0.0, 0.0, 0.0, 0.0, 0.0, 0.0, 0.0, 0.0, 0.0, 0.0, 0.0, 0.0, 0.0, 0.0, 0.0, 0.0, 0.0, 0.0, 0.0, 0.0, 0.0, 0.0, 0.0, 0.0, 0.0, 0.0], [0.0, 0.0, 0.0, 0.0, 0.9774610546156435, 0.0, 0.0, 0.0, 0.0, 0.0, 0.0, 0.0, 0.0, 0.0, 0.0, 0.0, 0.0, 0.0, 0.0, 0.0, 0.0, 0.0, 0.0, 0.0, 0.0, 0.0, 0.0, 0.0, 0.0, 0.0, 0.0, 0.0, 0.0, 0.0, 0.0, 0.0, 0.0, 0.0, 0.0, 0.0, 0.0, 0.0, 0.0, 0.0], [0.0, 0.0, 0.0, 0.0, 0.0, 0.9773433491287022, 0.0, 0.0, 0.0, 0.0, 0.0, 0.0, 0.0, 0.0, 0.0, 0.0, 0.0, 0.0, 0.0, 0.0, 0.0, 0.0, 0.0, 0.0, 0.0, 0.0, 0.0, 0.0, 0.0, 0.0, 0.0, 0.0, 0.0, 0.0, 0.0, 0.0, 0.0, 0.0, 0.0, 0.0, 0.0, 0.0, 0.0, 0.0], [0.0, 0.0, 0.0, 0.0, 0.0, 0.9773465484255071, 0.0, 0.0, 0.0, 0.0, 0.0, 0.0, 0.0, 0.0, 0.0, 0.0, 0.0, 0.0, 0.0, 0.0, 0.0, 0.0, 0.0, 0.0, 0.0, 0.0, 0.0, 0.0, 0.0, 0.0, 0.0, 0.0, 0.0, 0.0, 0.0, 0.0, 0.0, 0.0, 0.0, 0.0, 0.0, 0.0, 0.0, 0.0], [0.0, 0.0, 0.0, 0.0, 0.0, 0.0, 0.9772601343712645, 0.0, 0.0, 0.0, 0.0, 0.0, 0.0, 0.0, 0.0, 0.0, 0.0, 0.0, 0.0, 0.0, 0.0, 0.0, 0.0, 0.0, 0.0, 0.0, 0.0, 0.0, 0.0, 0.0, 0.0, 0.0, 0.0, 0.0, 0.0, 0.0, 0.0, 0.0, 0.0, 0.0, 0.0, 0.0, 0.0, 0.0], [0.0, 0.0, 0.0, 0.0, 0.0, 0.0, 0.9774624539556205, 0.0, 0.0, 0.0, 0.0, 0.0, 0.0, 0.0, 0.0, 0.0, 0.0, 0.0, 0.0, 0.0, 0.0, 0.0, 0.0, 0.0, 0.0, 0.0, 0.0, 0.0, 0.0, 0.0, 0.0, 0.0, 0.0, 0.0, 0.0, 0.0, 0.0, 0.0, 0.0, 0.0, 0.0, 0.0, 0.0, 0.0], [0.0, 0.0, 0.0, 0.0, 0.0, 0.0, 0.0, 0.9772112079016171, 0.0, 0.0, 0.0, 0.0, 0.0, 0.0, 0.0, 0.0, 0.0, 0.0, 0.0, 0.0, 0.0, 0.0, 0.0, 0.0, 0.0, 0.0, 0.0, 0.0, 0.0, 0.0, 0.0, 0.0, 0.0, 0.0, 0.0, 0.0, 0.0, 0.0, 0.0, 0.0, 0.0, 0.0, 0.0, 0.0], [0.0, 0.0, 0.0, 0.0, 0.0, 0.0, 0.0, 0.9754613306339492, 0.0, 0.0, 0.0, 0.0, 0.0, 0.0, 0.0, 0.0, 0.0, 0.0, 0.0, 0.0, 0.0, 0.0, 0.0, 0.0, 0.0, 0.0, 0.0, 0.0, 0.0, 0.0, 0.0, 0.0, 0.0, 0.0, 0.0, 0.0, 0.0, 0.0, 0.0, 0.0, 0.0, 0.0, 0.0, 0.0], [0.0, 0.0, 0.0, 0.0, 0.0, 0.0, 0.0, 0.0, 0.9769479836724406, 0.0, 0.0, 0.0, 0.0, 0.0, 0.0, 0.0, 0.0, 0.0, 0.0, 0.0, 0.0, 0.0, 0.0, 0.0, 0.0, 0.0, 0.0, 0.0, 0.0, 0.0, 0.0, 0.0, 0.0, 0.0, 0.0, 0.0, 0.0, 0.0, 0.0, 0.0, 0.0, 0.0, 0.0, 0.0], [0.0, 0.0, 0.0, 0.0, 0.0, 0.0, 0.0, 0.0, 0.9773074138692079, 0.0, 0.0, 0.0, 0.0, 0.0, 0.0, 0.0, 0.0, 0.0, 0.0, 0.0, 0.0, 0.0, 0.0, 0.0, 0.0, 0.0, 0.0, 0.0, 0.0, 0.0, 0.0, 0.0, 0.0, 0.0, 0.0, 0.0, 0.0, 0.0, 0.0, 0.0, 0.0, 0.0, 0.0, 0.0], [0.0, 0.0, 0.0, 0.0, 0.0, 0.0, 0.0, 0.0, 0.0, 0.976961999388917, 0.0, 0.0, 0.0, 0.0, 0.0, 0.0, 0.0, 0.0, 0.0, 0.0, 0.0, 0.0, 0.0, 0.0, 0.0, 0.0, 0.0, 0.0, 0.0, 0.0, 0.0, 0.0, 0.0, 0.0, 0.0, 0.0, 0.0, 0.0, 0.0, 0.0, 0.0, 0.0, 0.0, 0.0], [0.0, 0.0, 0.0, 0.0, 0.0, 0.0, 0.0, 0.0, 0.0, 0.9773203239096457, 0.0, 0.0, 0.0, 0.0, 0.0, 0.0, 0.0, 0.0, 0.0, 0.0, 0.0, 0.0, 0.0, 0.0, 0.0, 0.0, 0.0, 0.0, 0.0, 0.0, 0.0, 0.0, 0.0, 0.0, 0.0, 0.0, 0.0, 0.0, 0.0, 0.0, 0.0, 0.0, 0.0, 0.0], [0.0, 0.0, 0.0, 0.0, 0.0, 0.0, 0.0, 0.0, 0.0, 0.0, 0.9772468585931207, 0.0, 0.0, 0.0, 0.0, 0.0, 0.0, 0.0, 0.0, 0.0, 0.0, 0.0, 0.0, 0.0, 0.0, 0.0, 0.0, 0.0, 0.0, 0.0, 0.0, 0.0, 0.0, 0.0, 0.0, 0.0, 0.0, 0.0, 0.0, 0.0, 0.0, 0.0, 0.0, 0.0], [0.0, 0.0, 0.0, 0.0, 0.0, 0.0, 0.0, 0.0, 0.0, 0.0, 0.9755018041750372, 0.0, 0.0, 0.0, 0.0, 0.0, 0.0, 0.0, 0.0, 0.0, 0.0, 0.0, 0.0, 0.0, 0.0, 0.0, 0.0, 0.0, 0.0, 0.0, 0.0, 0.0, 0.0, 0.0, 0.0, 0.0, 0.0, 0.0, 0.0, 0.0, 0.0, 0.0, 0.0, 0.0], [0.0, 0.0, 0.0, 0.0, 0.0, 0.0, 0.0, 0.0, 0.0, 0.0, 0.0, 0.9773719612915487, 0.0, 0.0, 0.0, 0.0, 0.0, 0.0, 0.0, 0.0, 0.0, 0.0, 0.0, 0.0, 0.0, 0.0, 0.0, 0.0, 0.0, 0.0, 0.0, 0.0, 0.0, 0.0, 0.0, 0.0, 0.0, 0.0, 0.0, 0.0, 0.0, 0.0, 0.0, 0.0], [0.0, 0.0, 0.0, 0.0, 0.0, 0.0, 0.0, 0.0, 0.0, 0.0, 0.0, 0.97717440927738, 0.0, 0.0, 0.0, 0.0, 0.0, 0.0, 0.0, 0.0, 0.0, 0.0, 0.0, 0.0, 0.0, 0.0, 0.0, 0.0, 0.0, 0.0, 0.0, 0.0, 0.0, 0.0, 0.0, 0.0, 0.0, 0.0, 0.0, 0.0, 0.0, 0.0, 0.0, 0.0], [0.0, 0.0, 0.0, 0.0, 0.0, 0.0, 0.0, 0.0, 0.0, 0.0, 0.0, 0.0, 0.9781235091812657, 0.0, 0.0, 0.0, 0.0, 0.0, 0.0, 0.0, 0.0, 0.0, 0.0, 0.0, 0.0, 0.0, 0.0, 0.0, 0.0, 0.0, 0.0, 0.0, 0.0, 0.0, 0.0, 0.0, 0.0, 0.0, 0.0, 0.0, 0.0, 0.0, 0.0, 0.0], [0.0, 0.0, 0.0, 0.0, 0.0, 0.0, 0.0, 0.0, 0.0, 0.0, 0.0, 0.0, 0.9781024693329652, 0.0, 0.0, 0.0, 0.0, 0.0, 0.0, 0.0, 0.0, 0.0, 0.0, 0.0, 0.0, 0.0, 0.0, 0.0, 0.0, 0.0, 0.0, 0.0, 0.0, 0.0, 0.0, 0.0, 0.0, 0.0, 0.0, 0.0, 0.0, 0.0, 0.0, 0.0], [0.0, 0.0, 0.0, 0.0, 0.0, 0.0, 0.0, 0.0, 0.0, 0.0, 0.0, 0.0, 0.0, 0.9874255310448066, 0.0, 0.0, 0.0, 0.0, 0.0, 0.0, 0.0, 0.0, 0.0, 0.0, 0.0, 0.0, 0.0, 0.0, 0.0, 0.0, 0.0, 0.0, 0.0, 0.0, 0.0, 0.0, 0.0, 0.0, 0.0, 0.0, 0.0, 0.0, 0.0, 0.0], [0.0, 0.0, 0.0, 0.0, 0.0, 0.0, 0.0, 0.0, 0.0, 0.0, 0.0, 0.0, 0.0, 0.9877320828517026, 0.0, 0.0, 0.0, 0.0, 0.0, 0.0, 0.0, 0.0, 0.0, 0.0, 0.0, 0.0, 0.0, 0.0, 0.0, 0.0, 0.0, 0.0, 0.0, 0.0, 0.0, 0.0, 0.0, 0.0, 0.0, 0.0, 0.0, 0.0, 0.0, 0.0], [0.0, 0.0, 0.0, 0.0, 0.0, 0.0, 0.0, 0.0, 0.0, 0.0, 0.0, 0.0, 0.0, 0.9877312174640471, 0.0, 0.0, 0.0, 0.0, 0.0, 0.0, 0.0, 0.0, 0.0, 0.0, 0.0, 0.0, 0.0, 0.0, 0.0, 0.0, 0.0, 0.0, 0.0, 0.0, 0.0, 0.0, 0.0, 0.0, 0.0, 0.0, 0.0, 0.0, 0.0, 0.0]], "Born radii": [], "Atomic SASAs": [], "Solvent H bonds": [], "Total SASA": NaN, "Total FOD": 0.0, "FOD": [0.0, 0.0, 0.0, 0.0, 0.0, 0.0, 0.0, 0.0, 0.0, 0.0, 0.0, 0.0, 0.0, 0.0, 0.0, 0.0, 0.0, 0.0, 0.0, 0.0, 0.0, 0.0, 0.0, 0.0, 0.0, 0.0, 0.0, 0.0, 0.0, 0.0, 0.0, 0.0, 0.0, 0.0, 0.0, 0.0, 0.0, 0.0, 0.0, 0.0, 0.0, 0.0, 0.0, 0.0], "FOD s proportion": [0.0, 0.0, 0.0, 0.0, 0.0, 0.0, 0.0, 0.0, 0.0, 0.0, 0.0, 0.0, 0.0, 0.0, 0.0, 0.0, 0.0, 0.0, 0.0, 0.0, 0.0, 0.0, 0.0, 0.0, 0.0, 0.0, 0.0, 0.0, 0.0, 0.0, 0.0, 0.0, 0.0, 0.0, 0.0, 0.0, 0.0, 0.0, 0.0, 0.0, 0.0, 0.0, 0.0, 0.0], "FOD p proportion": [0.0, 0.0, 0.0, 0.0, 0.0, 0.0, 0.0, 0.0, 0.0, 0.0, 0.0, 0.0, 0.0, 0.0, 0.0, 0.0, 0.0, 0.0, 0.0, 0.0, 0.0, 0.0, 0.0, 0.0, 0.0, 0.0, 0.0, 0.0, 0.0, 0.0, 0.0, 0.0, 0.0, 0.0, 0.0, 0.0, 0.0, 0.0, 0.0, 0.0, 0.0, 0.0, 0.0, 0.0], "FOD d proportion": [0.0, 0.0, 0.0, 0.0, 0.0, 0.0, 0.0, 0.0, 0.0, 0.0, 0.0, 0.0, 0.0, 0.0, 0.0, 0.0, 0.0, 0.0, 0.0, 0.0, 0.0, 0.0, 0.0, 0.0, 0.0, 0.0, 0.0, 0.0, 0.0, 0.0, 0.0, 0.0, 0.0, 0.0, 0.0, 0.0, 0.0, 0.0, 0.0, 0.0, 0.0, 0.0, 0.0, 0.0], "coordinates": [["6.82330", "-1.87040", "-0.22410"], ["6.59970", "-0.69560", "0.71550"], ["5.51710", "0.27340", "0.23560"], ["4.11790", "-0.34570", "0.20870"], ["3.06040", "0.69220", "-0.17460"], ["1.66100", "0.07530", "-0.20560"], ["0.60400", "1.11280", "-0.58810"], ["-0.79610", "0.49550", "-0.61970"], ["-1.85170", "1.53660", "-0.99860"], ["-3.25700", "0.94920", "-1.15740"], ["-3.84480", "0.41500", "0.15070"], ["-5.28950", "-0.05220", "-0.04150"], ["-5.87800", "-0.59010", "1.26270"], ["-7.31350", "-1.05480", "1.07610"], ["5.94840", "-2.52590", "-0.26260"], ["7.67120", "-2.47090", "0.12110"], ["7.04360", "-1.52570", "-1.23930"], ["6.34930", "-1.07010", "1.71480"], ["7.54200", "-0.14290", "0.81140"], ["5.51250", "1.14090", "0.90720"], ["5.77540", "0.64830", "-0.76230"], ["3.88150", "-0.76320", "1.19480"], ["4.08640", "-1.17160", "-0.51080"], ["3.08040", "1.52030", "0.54420"], ["3.29870", "1.11250", "-1.15930"], ["1.42330", "-0.34550", "0.77900"], ["1.64010", "-0.75250", "-0.92480"], ["0.84260", "1.53370", "-1.57240"], ["0.62400", "1.94050", "0.13130"], ["-0.81710", "-0.32940", "-1.34190"], ["-1.02220", "0.07220", "0.36530"], ["-1.56800", "2.00370", "-1.95000"], ["-1.86990", "2.33620", "-0.24800"], ["-3.91320", "1.73640", "-1.54920"], ["-3.23910", "0.15070", "-1.90900"], ["-3.81170", "1.19950", "0.91630"], ["-3.24370", "-0.42420", "0.51790"], ["-5.32330", "-0.83390", "-0.81010"], ["-5.90130", "0.78330", "-0.40290"], ["-5.84950", "0.18900", "2.03340"], ["-5.27300", "-1.42880", "1.62650"], ["-7.71450", "-1.43550", "2.02070"], ["-7.95260", "-0.23070", "0.74320"], ["-7.37270", "-1.85730", "0.33390"]], "bond_dist": [[0.0, 1.5208550752783776, 2.5521287134468746, 3.1354768520912413, 4.552887591408336, 5.516831702163842, 6.907363515119209, 7.9880685105975395, 9.352172167469972, 10.508741177705348, 10.916587644955724, 12.249861951875214, 12.851955649627802, 14.21987474065788, 1.0938978517210822, 1.0948505377447644, 1.094523284357167, 2.1504625781445257, 2.1384681877456115, 3.4736096527963527, 2.7805760805991264, 3.448674570034117, 2.8392146695873484, 5.108466676998098, 4.7111672237355355, 5.700134175613763, 5.34848045149274, 7.012459068686248, 7.285642625053743, 7.873999618999228, 8.103885325570692, 9.402196408818526, 9.657524579828932, 11.403391096511598, 10.400751269980454, 11.12780405875301, 10.197379439836492, 12.20481953205372, 12.999597620311176, 13.035999940549248, 12.245007334011685, 14.716517722953348, 14.89803699116095, 14.20696841729438], [1.5208550752783776, 0.0, 1.530126716974774, 2.5570700987653825, 3.9044732474432453, 5.082663643209139, 6.396725882043094, 7.609161313180317, 8.907694292576501, 10.166988558073625, 10.51855558762704, 11.930636579830937, 12.490138325094723, 13.922506643560993, 2.1750561808836113, 2.1571077163646692, 2.1696442703816676, 1.0961527721992042, 1.0966327507420153, 2.142775065189998, 2.160886517149848, 2.760961696583276, 2.8367348448524408, 4.162334560075632, 4.204842642715658, 5.188614383436102, 5.224122305229845, 6.583955141858122, 6.557385404259842, 7.705577164625633, 7.668475499732655, 9.005688981416135, 9.047334836845598, 11.025631795956185, 10.217935671161765, 10.584374077384076, 9.849123173156077, 12.02100292196953, 12.637759483785093, 12.549978414722474, 11.930151236677599, 14.392613407230808, 14.559750498892486, 14.025802194883543], [2.5521287134468746, 1.530126716974774, 0.0, 1.5302839801814567, 2.5256746366070195, 3.886310365886904, 5.051893274803022, 6.37474397446674, 7.577475656179966, 8.909656864885426, 9.363355711495746, 10.815054476515593, 11.473834174764772, 12.92651739061995, 2.8758135231617508, 3.4906216566680497, 2.7824976316252275, 2.164620458648583, 2.145942995515025, 1.0970979764815902, 1.0968469856821417, 2.1609700506948264, 2.1661118276764935, 2.7545417876663265, 2.751569257714586, 4.175825572267118, 4.174940475024764, 5.167994808433925, 5.170350907820474, 6.555452976720983, 6.543680005929385, 7.6137656557054605, 7.684841039344926, 9.708575494376092, 9.015841773789068, 9.399336313804291, 8.793062929946538, 10.946865941446436, 11.447599696879692, 11.508205931421283, 11.011736723151348, 13.46039225951458, 13.488683874270313, 13.065086659490628], [3.1354768520912413, 2.5570700987653825, 1.5302839801814567, 0.0, 1.530510225382372, 2.5269038565010735, 3.887107626500712, 5.05383616671534, 6.374696129228435, 7.61131691824746, 7.999163692536864, 9.415302281392774, 10.054285860766043, 11.486170446671945, 2.885502725696166, 4.1412666769963025, 3.4711416695375603, 2.7878734781191206, 3.4826478346223873, 2.154713663111645, 2.162910828027823, 1.0966241015042484, 1.0958025871478858, 2.1612317090029936, 2.1607544700867796, 2.754289616216856, 2.754959406234509, 4.1751708539890915, 4.176127202325139, 5.172895808925596, 5.159437176669563, 6.519902212456871, 6.576846610648602, 8.480797134114221, 7.671800000651737, 8.109679214370935, 7.368508767043708, 9.50855142069495, 10.101141727547436, 10.147142304116958, 9.558884101190891, 12.019845997349549, 12.082875713173582, 11.59027600879289], [4.552887591408336, 3.9044732474432453, 2.5256746366070195, 1.530510225382372, 0.0, 1.5296558338397563, 2.5262200161506123, 3.8870808005494304, 5.051803021694333, 6.398553555296697, 6.918413616574251, 8.384072815762039, 9.14358349554484, 10.59405780142812, 4.3248648082917, 5.599296093260294, 4.681724974835664, 4.182391284899107, 4.664153360471759, 2.717428442480133, 2.7782266826160895, 2.160474653866599, 2.1539398505993614, 1.0967328982026572, 1.0968468762776324, 2.160155239791807, 2.160372703956426, 2.753289656029674, 2.754609347983848, 4.176273709899771, 4.164554570419266, 5.127783533847738, 5.197690030196106, 7.1840779338757175, 6.556299707914518, 6.976616265067185, 6.439532748577338, 8.545131195599046, 8.96507038399588, 9.193192712545518, 8.785679129697373, 11.200219613471873, 11.08964698491345, 10.752120633158837], [5.516831702163842, 5.082663643209139, 3.886310365886904, 2.5269038565010735, 1.5296558338397563, 0.0, 1.529693269907402, 2.526932381366783, 3.8862974641681762, 5.084913809495693, 5.527764414299872, 6.9536059213907135, 7.709421706587336, 9.135728276935563, 5.015106100572549, 6.535470248574313, 5.71000170315211, 5.194230858365847, 5.972274377488027, 4.148238113946691, 4.191244594389595, 2.7558705811412842, 2.7441705140169406, 2.1598429109544055, 2.1604140390212248, 1.0968186221978544, 1.0967854348048207, 2.1598266967513853, 2.1605188381497626, 2.7560731829906113, 2.743264234447714, 4.145853219784801, 4.192937082761915, 5.969608011419175, 5.188278782987668, 5.698502482231626, 4.98287412945581, 7.069123805677758, 7.597932125256188, 7.837962677890218, 7.327978112685654, 9.753918626890425, 9.665151959488274, 9.253849939349568], [6.907363515119209, 6.396725882043094, 5.051893274803022, 3.887107626500712, 2.5262200161506123, 1.529693269907402, 0.0, 1.5304698167556263, 2.525584918390193, 3.9061731208434685, 4.563394758291245, 6.032357649377232, 6.9528161956145516, 8.375849667347188, 6.473692864200464, 7.955575791229696, 6.989577372774408, 6.563297411362676, 7.188270079789712, 5.131284824485969, 5.195140407149744, 4.176136331586889, 4.165521385132958, 2.7533100987720216, 2.7545739452772002, 2.1602902096709133, 2.160142168932406, 1.0967831417376912, 1.0968243478333255, 2.1604815412310283, 2.1532176759445383, 2.7140483451847355, 2.780747521800568, 4.660223815440627, 4.1761023490810185, 4.665741392319124, 4.288402999952313, 6.242740598487174, 6.516271739269319, 7.026615895294121, 6.775198352815952, 9.082792113661966, 8.763147579494483, 8.561502257197624], [7.9880685105975395, 7.609161313180317, 6.37474397446674, 5.05383616671534, 3.8870808005494304, 2.526932381366783, 1.5304698167556263, 0.0, 1.5302763737312288, 2.5594909239925037, 3.1455632405024065, 4.563434462112938, 5.526994185812032, 6.910547770618477, 7.398963347658914, 9.002415391993416, 8.11973211934975, 7.678394022840975, 8.484074102693825, 6.522760054608786, 6.574822799893545, 5.172685733736392, 5.160415474552413, 4.175180295508207, 4.176032111945501, 2.7548827652007266, 2.754207771755791, 2.161211285367537, 2.160719789792281, 1.096573686534562, 1.0956865884001685, 2.1541111716900776, 2.163188345937542, 3.4813956210117802, 2.783779899704716, 3.4566971750501954, 2.851443075006057, 4.722191902072596, 5.117899776275421, 5.715744345227487, 5.365722555257586, 7.652759745346773, 7.321226338530998, 7.049587814900954], [9.352172167469972, 8.907694292576501, 7.577475656179966, 6.374696129228435, 5.051803021694333, 3.8862974641681762, 2.525584918390193, 1.5302763737312288, 0.0, 1.5313798646971954, 2.559555559076615, 3.906250720319934, 5.0840360217055895, 6.391478177229428, 8.825370375230719, 10.392276398845443, 9.410737477477522, 9.022961013436776, 9.712796710525758, 7.617092212255279, 7.6822893065804285, 6.555125158225433, 6.5447175408874605, 5.167795268777586, 5.170329337672795, 4.1746601262857315, 4.175894214416835, 2.7547245488433143, 2.751163337571944, 2.161066414990525, 2.166278103106801, 1.0971918975275017, 1.0968553961211112, 2.1430965097260546, 2.16204202780612, 2.7608111887631868, 2.8429162650349027, 4.207945943093851, 4.161920174630936, 5.195330076135683, 5.233549546913642, 7.23339303093645, 6.586212670419928, 6.616309731262587], [10.508741177705348, 10.166988558073625, 8.909656864885426, 7.61131691824746, 6.398553555296697, 5.084913809495693, 3.9061731208434685, 2.5594909239925037, 1.5313798646971954, 0.0, 1.530360771190898, 2.525686247339523, 3.8853532014477135, 5.045763619116536, 9.880100010121355, 11.522031136045415, 10.594064280529924, 10.227810372704415, 11.031194715442204, 9.011295816917787, 9.04604303438802, 7.708653634066068, 7.67081532563521, 6.586671126601055, 6.557733830371586, 5.2279155635874615, 5.1895543219047235, 4.161800741265734, 4.207800420647349, 2.760791593003717, 2.842899106545992, 2.1431066259054865, 2.162134077711186, 1.0971734229373218, 1.0967338875041657, 2.161151052101634, 2.16634127966948, 2.751301253952391, 2.7548349406089647, 4.180928716206484, 4.179621897971154, 5.971299686835354, 5.2012598214278825, 5.199942733338513], [10.916587644955724, 10.51855558762704, 9.363355711495746, 7.999163692536864, 6.918413616574251, 5.527764414299872, 4.563394758291245, 3.1455632405024065, 2.559555559076615, 1.530360771190898, 0.0, 1.53048187509686, 2.5259992577196058, 3.8792469488291155, 10.233595455166283, 11.872133379051972, 11.147002783259722, 10.419769941318282, 11.419588045984847, 9.415852927377317, 9.666242596272866, 7.885049888237868, 8.115344432000407, 7.023882500440907, 7.296039919024566, 5.359664051971915, 5.709981130441675, 5.11783958912352, 4.7220440542205875, 3.4567258222196333, 2.8514269690805696, 3.4814833648891677, 2.7839183069910654, 2.1541672474531777, 2.1631206785567927, 1.0966673242145952, 1.0956339215267115, 2.160752206987187, 2.1613213782313814, 2.759430626053135, 2.759952774958296, 4.679297846899682, 4.200238752737754, 4.2003556920813265], [12.249861951875214, 11.930636579830937, 10.815054476515593, 9.415302281392774, 8.384072815762039, 6.9536059213907135, 6.032357649377232, 4.563434462112938, 3.906250720319934, 2.525686247339523, 1.53048187509686, 0.0, 1.528596186047839, 2.520081847877168, 11.509060487720099, 13.185457631041858, 12.478432702066394, 11.814498531042272, 12.8601344141498, 10.909020272233432, 11.110457456828682, 9.281228350277779, 9.454141931449941, 8.536452820112112, 8.738602987320114, 6.769115819662122, 7.020683381267098, 6.516240022436252, 6.242611262925155, 4.665859166327248, 4.288450872984323, 4.660328240585635, 4.176213712203915, 2.714120656861076, 2.780802909233231, 2.160561633001938, 2.1532788950807094, 1.0967877141908546, 1.0967996398613558, 2.1626343773277994, 2.1627583799398398, 3.470851873820028, 2.782034857797436, 2.7819118264244103], [12.851955649627802, 12.490138325094723, 11.473834174764772, 10.054285860766043, 9.14358349554484, 7.709421706587336, 6.9528161956145516, 5.526994185812032, 5.0840360217055895, 3.8853532014477135, 2.5259992577196058, 1.528596186047839, 0.0, 1.5203374296517207, 12.080463513044522, 13.72667038432846, 13.194813296140268, 12.245066749511821, 13.435031058021414, 11.526761535661263, 11.892686455128633, 9.76127114007187, 10.137687697892455, 9.231628294618455, 9.642445418564733, 7.321391707865383, 7.831561633544105, 7.597024602434824, 7.068239265899252, 5.697772763106651, 4.982244643732382, 5.968696652536465, 5.187514991785567, 4.144854991432148, 4.191927807107369, 2.7554050174157703, 2.742587526406404, 2.1595440190003075, 2.1589334890172043, 1.0962607126044424, 1.0962632576165274, 2.1591659060850326, 2.1686433016980917, 2.168546372573111], [14.21987474065788, 13.922506643560993, 12.92651739061995, 11.486170446671945, 10.59405780142812, 9.135728276935563, 8.375849667347188, 6.910547770618477, 6.391478177229428, 5.045763619116536, 3.8792469488291155, 2.520081847877168, 1.5203374296517207, 0.0, 13.41022909983271, 15.081730613560236, 14.550228327418095, 13.677729183603542, 14.885815662905408, 13.013681327741201, 13.326648767788548, 11.19942611252916, 11.510413279287585, 10.721343891042764, 11.059520391499808, 8.770578609191073, 9.179430214343371, 8.957502537538016, 8.536297521759654, 6.969658680308528, 6.4308491919807915, 7.177915693988053, 6.548656562227095, 5.122991081389856, 5.192763004412969, 4.167734128996234, 4.156021612070853, 2.750898633174258, 2.749611145234904, 2.146335884711431, 2.146265689517494, 1.0945330739635053, 1.0947200692414476, 1.094701662554689], [1.0938978517210822, 2.1750561808836113, 2.8758135231617508, 2.885502725696166, 4.3248648082917, 5.015106100572549, 6.473692864200464, 7.398963347658914, 8.825370375230719, 9.880100010121355, 10.233595455166283, 11.509060487720099, 12.080463513044522, 13.41022909983271, 0.0, 1.7658682085591773, 1.7758958218318999, 2.488008281738628, 3.061327483298707, 3.8734820368758656, 3.217945731363411, 3.0827263355672687, 2.3157667693444437, 5.024747225483089, 4.589437388177335, 5.129873753807202, 4.705837363318032, 6.653203877832094, 6.960827646910962, 7.194545919653304, 7.465497061817117, 8.93649057964031, 9.206847693972135, 10.820059861664351, 9.710045147680828, 10.513227971465284, 9.461555133803323, 11.411127952135143, 12.303896895699346, 12.322042948310154, 11.4320665314719, 13.895224627907243, 14.125062041633658, 13.35120007415064], [1.0948505377447644, 2.1571077163646692, 3.4906216566680497, 4.1412666769963025, 5.599296093260294, 6.535470248574313, 7.955575791229696, 9.002415391993416, 10.392276398845443, 11.522031136045415, 11.872133379051972, 13.185457631041858, 13.72667038432846, 15.081730613560236, 1.7658682085591773, 0.0, 1.7714324599035662, 2.4999079863066958, 2.431623064950651, 4.280541804491576, 3.7555108627189457, 4.293122065583507, 3.865005710215704, 6.097879606059798, 5.796458916442003, 6.632225266077744, 6.357749018324017, 8.095340719821495, 8.314059287736647, 8.875676207478506, 9.0610261455312, 10.47255064490022, 10.690043705710469, 12.437427336069142, 11.403014454958829, 12.081439136543295, 11.11222179134308, 13.130267807245971, 13.967002179780742, 13.911911723052299, 13.07304536862012, 15.537062071382735, 15.79584220261775, 15.057912073391849], [1.094523284357167, 2.1696442703816676, 2.7824976316252275, 3.4711416695375603, 4.681724974835664, 5.71000170315211, 6.989577372774408, 8.11973211934975, 9.410737477477522, 10.594064280529924, 11.147002783259722, 12.478432702066394, 13.194813296140268, 14.550228327418095, 1.7758958218318999, 1.7714324599035662, 0.0, 3.068604024634003, 2.5230752842513438, 3.749998002666134, 2.561666691823899, 4.062650055074888, 3.0661263672588572, 5.307159550079496, 4.581569081657506, 6.0872143891931385, 5.467591859310641, 6.922664585981325, 7.423230493525039, 7.951871788453332, 8.377658098179944, 9.333885225885307, 9.764600839256051, 11.436293134578179, 10.439958541105419, 11.397844730035587, 10.49426488040015, 12.39366836291822, 13.175791512087613, 13.412038957220487, 12.645980974602168, 15.114140784378051, 15.182007301078471