{"total energy": -49.85560955, "HOMO-LUMO gap/eV": 3.6795053, "electronic energy": -50.46407469, "dipole": [-0.74027029, -0.59656755, 0.28654233], "partial charges": [-0.11227181, 0.01694369, -0.20267284, 0.25805904, -0.36005677, 0.26415356, -0.20127055, 0.09740669, -0.11749765, -0.11110934, -0.11647469, -0.35104281, 0.32795355, -0.25886083, 0.03635866, -0.34372543, 0.04144619, 0.04521073, 0.05106146, 0.06454911, 0.02835498, 0.18626927, 0.18430217, 0.04759189, 0.03717551, 0.04707753, 0.03435178, 0.0430462, 0.04164248, 0.04240702, 0.05887184, 0.04772812, 0.06298617, 0.05636712, 0.05366795], "atomic dipole moments": [[-0.11976835, 0.04728193, -0.00412138], [0.05354379, 0.10578806, -0.12465382], [-0.06005191, 0.0417867, 0.16289574], [0.02724789, 0.0044545, -0.00144807], [-0.00673155, 0.27768609, -0.08762645], [-0.01077703, -0.00192349, 0.00255571], [0.00426527, 0.01357903, -0.14989642], [0.10163892, -0.012113, 0.03213872], [0.07324806, 0.08684933, -0.03955409], [-0.0095741, 0.00406227, 0.10868219], [0.04732841, -0.11685929, -0.03105609], [0.24660741, -0.14284703, 0.03987019], [-0.01413913, 0.13311873, -0.04179461], [-0.20808856, -0.09045951, 0.04234184], [0.22835645, -0.13702183, 0.03124142], [-0.24480698, -0.13378164, 0.04791037], [0.08510846, 0.09160291, 0.01818527], [0.01063298, -0.08134802, 0.0966332], [0.03530065, -0.06137335, -0.10703125], [-0.07669772, -0.10461875, -0.01000058], [-0.02624922, 0.05797409, 0.10394139], [0.06531793, 0.11255166, 0.00674056], [0.05854303, -0.11432744, -0.00724087], [-0.01905825, -0.00136412, 0.12719963], [0.04358165, -0.11595538, -0.02612241], [-0.11756727, 0.00546038, -0.053779], [0.05807515, -0.10784561, -0.03773899], [-0.10965946, 0.00346178, -0.06339914], [0.06939047, 0.09495751, -0.05526575], [-0.11784719, 0.01283929, -0.04230656], [0.05701972, 0.10732918, -0.04692908], [-0.00701147, 0.01906362, 0.12811256], [0.01296455, 0.1157442, -0.0390546], [-0.05577593, 0.00937016, 0.11491992], [-0.06730897, -0.05825364, -0.09110599]], "atomic quadrupole moments": [[0.20953414, -0.13334779, -0.07807218, 0.02755952, -0.02521714, -0.13146196], [0.04289733, -0.15625012, -0.03331028, 0.05483637, -0.27007343, -0.00958705], [0.00085379, -0.07727257, -0.02615677, 0.02437439, -0.08909855, 0.02530298], [-0.17706721, -0.09381618, -0.19771685, 0.08717424, 0.19495419, 0.37478405], [-0.0436975, 0.00785806, -0.09719782, 0.01317385, 0.0903608, 0.14089533], [-0.19521713, 0.10507194, -0.17979494, 0.0104194, 0.20221909, 0.37501207], [0.08215946, 0.04255724, -0.06787506, 0.03552294, -0.01740914, -0.0142844], [0.09111842, -0.00925648, -0.04611976, 0.055503, -0.02049407, -0.04499867], [0.01439838, 0.14768796, 0.07935217, -0.06296767, -0.07772295, -0.09375056], [-0.09218036, -0.00150261, -0.10943258, -0.03715205, 0.02386681, 0.20161294], [-0.0447838, -0.11568424, 0.1411041, -0.03287434, 0.0832288, -0.09632029], [-0.11094445, 0.02262369, -0.03999159, 0.00629494, 0.07296602, 0.15093604], [-0.44683987, -0.02390984, 0.1030662, 0.05479807, 0.09179439, 0.34377367], [0.07040559, -0.0613367, 0.01246918, 0.0111832, -0.0314634, -0.08287478], [0.34403057, -0.30847943, -0.06020918, 0.06639959, -0.06037441, -0.28382139], [-0.11495767, -0.04214666, -0.03966114, 0.02948987, 0.0705684, 0.15461881], [0.00682658, 0.05092599, 0.04227253, 0.00723348, 0.01956985, -0.04909911], [-0.03257662, -0.00565196, 0.00256415, -0.00032035, -0.0674921, 0.03001248], [-0.02577416, -0.00949289, -0.02349356, -0.01269769, 0.0528525, 0.04926772], [0.01041874, 0.02789078, 0.01347301, 0.02134381, 0.01084315, -0.02389175], [-0.03047032, -0.02489746, 0.00874885, -0.00250461, 0.01797298, 0.02172147], [0.06093608, 0.03266257, -0.01962013, 0.01220575, -0.02783677, -0.04131594], [0.00249026, 0.02082165, 0.06363411, 0.0137888, -0.02887792, -0.06612437], [-0.04477722, 0.00663217, -0.03349542, -0.00929772, 0.01729445, 0.07827264], [-0.01176709, -0.04563578, 0.04755729, -0.0255815, 0.0279533, -0.0357902], [0.04733982, -0.01450379, -0.03221037, 0.05235919, -0.01897914, -0.01512946], [-0.02385656, -0.05351836, 0.05563585, -0.00925664, 0.00927242, -0.03177928], [0.07277949, -0.00270713, -0.05389487, 0.03815342, -0.00313918, -0.01888462], [-0.00539105, 0.05816022, 0.03491535, -0.01735305, -0.01594458, -0.0295243], [0.06516343, 0.00812743, -0.03094974, 0.05119906, 0.00863309, -0.03421369], [0.00381212, 0.04799776, 0.01725153, -0.03738741, -0.02916929, -0.02106365], [-0.04885662, -0.00598612, -0.03354216, 0.00327841, -0.00233837, 0.08239877], [-0.02163231, 0.02110864, 0.06536797, -0.00888226, -0.0418419, -0.04373565], [-0.00288888, -0.01602354, -0.04260297, -0.03152575, -0.01435258, 0.04549185], [0.00503523, 0.01088841, 0.00173724, 0.03648203, 0.04452421, -0.00677247]], "number of molecular orbitals": 83, "number of electrons": 90, "number of unpaired electrons": 0, "orbital energies/eV": [-19.42207477, -18.58763613, -18.01746239, -17.9482854, -17.69047312, -17.48424309, -17.39034575, -16.96609062, -16.82865288, -16.46129078, -16.24976664, -16.17942051, -16.08538188, -15.91080268, -15.45135791, -15.35898742, -15.30863585, -14.91849148, -14.54887422, -14.52090216, -14.42740134, -14.12350146, -14.00958302, -13.82474591, -13.76494254, -13.56831356, -13.34644567, -13.11832271, -12.98154665, -12.74753516, -12.71145115, -12.63219743, -12.59234206, -12.49235552, -12.38660295, -12.36768229, -12.22101238, -12.15421119, -12.05014525, -11.82381978, -11.33416749, -10.56340605, -10.51954208, -10.0655871, -10.04573051, -6.36622521, -6.23983603, -2.99740672, 0.06890378, 0.63490517, 1.33452956, 1.60124618, 2.02643266, 2.42649532, 2.73064965, 2.88239452, 3.5399464, 3.72016148, 3.81153822, 4.0023954, 4.30390156, 4.42756642, 4.56138285, 5.00237664, 5.0948064, 5.29735998, 5.56384367, 5.63345576, 5.74405833, 5.859898, 6.04361601, 6.2048211, 6.68508949, 6.81164557, 6.86379016, 7.02413435, 7.27313661, 7.54233881, 8.14491851, 11.82895903, 12.29177402, 13.2287696, 17.74277237], "fractional occupation": [2.0, 2.0, 2.0, 2.0, 2.0, 2.0, 2.0, 2.0, 2.0, 2.0, 2.0, 2.0, 2.0, 2.0, 2.0, 2.0, 2.0, 2.0, 2.0, 2.0, 2.0, 2.0, 2.0, 2.0, 2.0, 2.0, 2.0, 2.0, 2.0, 2.0, 2.0, 2.0, 2.0, 2.0, 2.0, 2.0, 2.0, 2.0, 2.0, 2.0, 2.0, 2.0, 2.0, 2.0, 2.0, 0.0, 0.0, 0.0, 0.0, 0.0, 0.0, 0.0, 0.0, 0.0, 0.0, 0.0, 0.0, 0.0, 0.0, 0.0, 0.0, 0.0, 0.0, 0.0, 0.0, 0.0, 0.0, 0.0, 0.0, 0.0, 0.0, 0.0, 0.0, 0.0, 0.0, 0.0, 0.0, 0.0, 0.0, 0.0, 0.0, 0.0, 0.0], "program call": "xtb /home/svss/Project-DBcg-Debug/aqme2_20220329/End-to-End-workflows-final/example-3/QDESCP/mol_1011_rdkit_conf_1/mol_1011_rdkit_conf_1.xyz --pop --wbo --acc 0.2 --gfn 2 --chrg 0 --uhf 0 --etemp 300 --input /home/svss/Project-DBcg-Debug/aqme2_20220329/End-to-End-workflows-final/example-3/QDESCP/mol_1011_rdkit_conf_1/mol_1011_rdkit_conf_1_xtb.inp", "method": "GFN2-xTB", "xtb version": "6.3.3 (7355c4f)", "Dipole module/D": 2.524, "Total charge": 0, "Transition dipole module/D": NaN, "HOMO": -10.0457, "LUMO": -6.3662, "HOMO occupancy": 2.0, "LUMO occupancy": 0, "mulliken charges": [-0.09524, 0.10435, -0.36038, 0.43771, -0.44831, 0.44518, -0.36342, 0.16798, -0.1049, -0.10756, -0.09839, -0.44053, 0.53147, -0.40835, 0.17454, -0.42088, 0.03038, 0.03126, 0.03642, 0.03176, 0.02236, 0.21855, 0.21891, 0.03679, 0.03087, 0.03293, 0.03349, 0.03125, 0.04172, 0.02676, 0.03608, 0.03696, 0.0333, 0.02932, 0.02763], "cm5 charges": [-0.23971, 0.05568, -0.70046, 0.65447, -0.62422, 0.66386, -0.69841, 0.1923, -0.24556, -0.2475, -0.23785, -0.62589, 0.71169, -0.47997, 0.05808, -0.59337, 0.08375, 0.08244, 0.08984, 0.09911, 0.08795, 0.41994, 0.42194, 0.09102, 0.08501, 0.08525, 0.08799, 0.08366, 0.0988, 0.07919, 0.09483, 0.09168, 0.09261, 0.09174, 0.0901], "FUKUI+": [0.013, 0.015, -0.057, -0.051, -0.1, -0.051, -0.055, 0.004, 0.014, 0.012, 0.013, -0.1, -0.062, -0.075, 0.028, -0.098, -0.018, -0.03, -0.019, -0.022, -0.024, -0.044, -0.041, -0.017, -0.015, -0.028, -0.013, -0.034, 0.004, -0.031, 0.002, -0.014, -0.049, -0.029, -0.029], "FUKUI-": [0.015, 0.016, -0.075, 0.003, -0.084, 0.001, -0.062, -0.003, 0.012, 0.005, 0.01, -0.099, -0.003, -0.057, 0.02, -0.102, -0.032, -0.035, -0.033, -0.042, -0.06, -0.042, -0.035, -0.026, -0.022, -0.031, -0.023, -0.038, -0.015, -0.04, -0.018, -0.027, -0.039, -0.021, -0.019], "FUKUIrad": [0.014, 0.016, -0.066, -0.024, -0.092, -0.025, -0.058, 0.001, 0.013, 0.009, 0.012, -0.1, -0.033, -0.066, 0.024, -0.1, -0.025, -0.032, -0.026, -0.032, -0.042, -0.043, -0.038, -0.022, -0.019, -0.03, -0.018, -0.036, -0.005, -0.035, -0.008, -0.021, -0.044, -0.025, -0.024], "s proportion": [1.012, 1.001, 1.459, 0.981, 1.53, 0.974, 1.452, 1.062, 1.022, 1.02, 1.017, 1.529, 0.959, 1.691, 0.97, 1.529, 0.97, 0.969, 0.964, 0.968, 0.978, 0.781, 0.781, 0.963, 0.969, 0.967, 0.967, 0.969, 0.958, 0.973, 0.964, 0.963, 0.967, 0.971, 0.972], "p proportion": [3.084, 2.895, 3.902, 2.582, 3.918, 2.581, 3.911, 2.77, 3.082, 3.088, 3.081, 3.911, 2.51, 4.717, 2.855, 3.892, 0.0, 0.0, 0.0, 0.0, 0.0, 0.0, 0.0, 0.0, 0.0, 0.0, 0.0, 0.0, 0.0, 0.0, 0.0, 0.0, 0.0, 0.0, 0.0], "d proportion": [0.0, 0.0, 0.0, 0.0, 0.0, 0.0, 0.0, 0.0, 0.0, 0.0, 0.0, 0.0, 0.0, 0.0, 0.0, 0.0, 0.0, 0.0, 0.0, 0.0, 0.0, 0.0, 0.0, 0.0, 0.0, 0.0, 0.0, 0.0, 0.0, 0.0, 0.0, 0.0, 0.0, 0.0, 0.0], "Fermi-level/eV": -8.206, "Coordination numbers": [3.751, 3.749, 2.698, 2.949, 1.852, 2.929, 2.704, 3.832, 3.759, 3.754, 3.754, 1.836, 2.931, 1.703, 3.656, 1.845, 0.924, 0.924, 0.924, 0.924, 0.924, 0.86, 0.86, 0.924, 0.924, 0.924, 0.924, 0.924, 0.924, 0.924, 0.924, 0.924, 0.924, 0.924, 0.924], "Dispersion coefficient C6": [22.709, 20.352, 25.405, 22.671, 30.228, 22.561, 25.372, 18.954, 22.8, 22.683, 22.787, 29.978, 21.444, 18.29, 20.252, 29.781, 2.43, 2.381, 2.307, 2.147, 2.61, 1.179, 1.19, 2.35, 2.487, 2.357, 2.526, 2.409, 2.427, 2.417, 2.212, 2.349, 2.164, 2.242, 2.275], "Total dispersion C6": 11121.962104, "Total dispersion C8": 241827.658572, "Polarizability alpha": [6.796, 6.434, 7.486, 7.809, 8.149, 7.79, 7.481, 6.194, 6.807, 6.791, 6.807, 8.114, 7.594, 5.774, 6.46, 8.088, 2.438, 2.413, 2.375, 2.291, 2.527, 1.701, 1.709, 2.398, 2.466, 2.401, 2.485, 2.427, 2.436, 2.431, 2.326, 2.397, 2.301, 2.342, 2.359], "Total polarizability alpha": 158.795937, "Wiberg matrix": [[0.0, 1.0191340541328473, 0.0, 0.0, 0.0, 0.0, 0.0, 0.0, 0.0, 0.0, 0.0, 0.0, 0.0, 0.0, 0.0, 0.0, 0.9862639324279603, 0.9852139619658479, 0.9863620014711445, 0.0, 0.0, 0.0, 0.0, 0.0, 0.0, 0.0, 0.0, 0.0, 0.0, 0.0, 0.0, 0.0, 0.0, 0.0, 0.0], [1.0191340541328473, 0.0, 0.9874391886900621, 0.0, 0.0, 0.0, 0.0, 0.0, 0.0, 0.0, 0.0, 0.0, 0.0, 0.0, 0.0, 0.0, 0.0, 0.0, 0.0, 0.9703770476555678, 0.9702935961215144, 0.0, 0.0, 0.0, 0.0, 0.0, 0.0, 0.0, 0.0, 0.0, 0.0, 0.0, 0.0, 0.0, 0.0], [0.0, 0.9874391886900621, 0.0, 1.1729101700484332, 0.0, 0.0, 0.0, 0.0, 0.0, 0.0, 0.0, 0.0, 0.0, 0.0, 0.0, 0.0, 0.0, 0.0, 0.0, 0.0, 0.0, 0.9316764526216909, 0.0, 0.0, 0.0, 0.0, 0.0, 0.0, 0.0, 0.0, 0.0, 0.0, 0.0, 0.0, 0.0], [0.0, 0.0, 1.1729101700484332, 0.0, 1.3407751252076117, 0.0, 0.0, 0.0, 0.0, 0.0, 0.0, 0.0, 0.0, 0.0, 0.0, 1.3228395505081672, 0.0, 0.0, 0.0, 0.0, 0.0, 0.0, 0.0, 0.0, 0.0, 0.0, 0.0, 0.0, 0.0, 0.0, 0.0, 0.0, 0.0, 0.0, 0.0], [0.0, 0.0, 0.0, 1.3407751252076117, 0.0, 1.3264030835923148, 0.0, 0.0, 0.0, 0.0, 0.0, 0.0, 0.0, 0.0, 0.0, 0.0, 0.0, 0.0, 0.0, 0.0, 0.0, 0.0, 0.0, 0.0, 0.0, 0.0, 0.0, 0.0, 0.0, 0.0, 0.0, 0.0, 0.0, 0.0, 0.0], [0.0, 0.0, 0.0, 0.0, 1.3264030835923148, 0.0, 1.1964471381425563, 0.0, 0.0, 0.0, 0.0, 1.3145072653168022, 0.0, 0.0, 0.0, 0.0, 0.0, 0.0, 0.0, 0.0, 0.0, 0.0, 0.0, 0.0, 0.0, 0.0, 0.0, 0.0, 0.0, 0.0, 0.0, 0.0, 0.0, 0.0, 0.0], [0.0, 0.0, 0.0, 0.0, 0.0, 1.1964471381425563, 0.0, 0.9629458375336302, 0.0, 0.0, 0.0, 0.0, 0.0, 0.0, 0.0, 0.0, 0.0, 0.0, 0.0, 0.0, 0.0, 0.0, 0.9309251703642862, 0.0, 0.0, 0.0, 0.0, 0.0, 0.0, 0.0, 0.0, 0.0, 0.0, 0.0, 0.0], [0.0, 0.0, 0.0, 0.0, 0.0, 0.0, 0.9629458375336302, 0.0, 0.9933784814594226, 0.9894769027291876, 0.9948672635515289, 0.0, 0.0, 0.0, 0.0, 0.0, 0.0, 0.0, 0.0, 0.0, 0.0, 0.0, 0.0, 0.0, 0.0, 0.0, 0.0, 0.0, 0.0, 0.0, 0.0, 0.0, 0.0, 0.0, 0.0], [0.0, 0.0, 0.0, 0.0, 0.0, 0.0, 0.0, 0.9933784814594226, 0.0, 0.0, 0.0, 0.0, 0.0, 0.0, 0.0, 0.0, 0.0, 0.0, 0.0, 0.0, 0.0, 0.0, 0.0, 0.9855650161524806, 0.9848527816929272, 0.9847170125355478, 0.0, 0.0, 0.0, 0.0, 0.0, 0.0, 0.0, 0.0, 0.0], [0.0, 0.0, 0.0, 0.0, 0.0, 0.0, 0.0, 0.9894769027291876, 0.0, 0.0, 0.0, 0.0, 0.0, 0.0, 0.0, 0.0, 0.0, 0.0, 0.0, 0.0, 0.0, 0.0, 0.0, 0.0, 0.0, 0.0, 0.9857330889071995, 0.9841214541365703, 0.983826786133477, 0.0, 0.0, 0.0, 0.0, 0.0, 0.0], [0.0, 0.0, 0.0, 0.0, 0.0, 0.0, 0.0, 0.9948672635515289, 0.0, 0.0, 0.0, 0.0, 0.0, 0.0, 0.0, 0.0, 0.0, 0.0, 0.0, 0.0, 0.0, 0.0, 0.0, 0.0, 0.0, 0.0, 0.0, 0.0, 0.0, 0.984375963167158, 0.9805068054426728, 0.9849696749800264, 0.0, 0.0, 0.0], [0.0, 0.0, 0.0, 0.0, 0.0, 1.3145072653168022, 0.0, 0.0, 0.0, 0.0, 0.0, 0.0, 1.3526757538060994, 0.0, 0.0, 0.0, 0.0, 0.0, 0.0, 0.0, 0.0, 0.0, 0.0, 0.0, 0.0, 0.0, 0.0, 0.0, 0.0, 0.0, 0.0, 0.0, 0.0, 0.0, 0.0], [0.0, 0.0, 0.0, 0.0, 0.0, 0.0, 0.0, 0.0, 0.0, 0.0, 0.0, 1.3526757538060994, 0.0, 1.0879641483902525, 0.0, 1.3560546766087054, 0.0, 0.0, 0.0, 0.0, 0.0, 0.0, 0.0, 0.0, 0.0, 0.0, 0.0, 0.0, 0.0, 0.0, 0.0, 0.0, 0.0, 0.0, 0.0], [0.0, 0.0, 0.0, 0.0, 0.0, 0.0, 0.0, 0.0, 0.0, 0.0, 0.0, 0.0, 1.0879641483902525, 0.0, 0.973535361762395, 0.0, 0.0, 0.0, 0.0, 0.0, 0.0, 0.0, 0.0, 0.0, 0.0, 0.0, 0.0, 0.0, 0.0, 0.0, 0.0, 0.0, 0.0, 0.0, 0.0], [0.0, 0.0, 0.0, 0.0, 0.0, 0.0, 0.0, 0.0, 0.0, 0.0, 0.0, 0.0, 0.0, 0.973535361762395, 0.0, 0.0, 0.0, 0.0, 0.0, 0.0, 0.0, 0.0, 0.0, 0.0, 0.0, 0.0, 0.0, 0.0, 0.0, 0.0, 0.0, 0.0, 0.9803885640140358, 0.9773757925491857, 0.9774617184284629], [0.0, 0.0, 0.0, 1.3228395505081672, 0.0, 0.0, 0.0, 0.0, 0.0, 0.0, 0.0, 0.0, 1.3560546766087054, 0.0, 0.0, 0.0, 0.0, 0.0, 0.0, 0.0, 0.0, 0.0, 0.0, 0.0, 0.0, 0.0, 0.0, 0.0, 0.0, 0.0, 0.0, 0.0, 0.0, 0.0, 0.0], [0.9862639324279603, 0.0, 0.0, 0.0, 0.0, 0.0, 0.0, 0.0, 0.0, 0.0, 0.0, 0.0, 0.0, 0.0, 0.0, 0.0, 0.0, 0.0, 0.0, 0.0, 0.0, 0.0, 0.0, 0.0, 0.0, 0.0, 0.0, 0.0, 0.0, 0.0, 0.0, 0.0, 0.0, 0.0, 0.0], [0.9852139619658479, 0.0, 0.0, 0.0, 0.0, 0.0, 0.0, 0.0, 0.0, 0.0, 0.0, 0.0, 0.0, 0.0, 0.0, 0.0, 0.0, 0.0, 0.0, 0.0, 0.0, 0.0, 0.0, 0.0, 0.0, 0.0, 0.0, 0.0, 0.0, 0.0, 0.0, 0.0, 0.0, 0.0, 0.0], [0.9863620014711445, 0.0, 0.0, 0.0, 0.0, 0.0, 0.0, 0.0, 0.0, 0.0, 0.0, 0.0, 0.0, 0.0, 0.0, 0.0, 0.0, 0.0, 0.0, 0.0, 0.0, 0.0, 0.0, 0.0, 0.0, 0.0, 0.0, 0.0, 0.0, 0.0, 0.0, 0.0, 0.0, 0.0, 0.0], [0.0, 0.9703770476555678, 0.0, 0.0, 0.0, 0.0, 0.0, 0.0, 0.0, 0.0, 0.0, 0.0, 0.0, 0.0, 0.0, 0.0, 0.0, 0.0, 0.0, 0.0, 0.0, 0.0, 0.0, 0.0, 0.0, 0.0, 0.0, 0.0, 0.0, 0.0, 0.0, 0.0, 0.0, 0.0, 0.0], [0.0, 0.9702935961215144, 0.0, 0.0, 0.0, 0.0, 0.0, 0.0, 0.0, 0.0, 0.0, 0.0, 0.0, 0.0, 0.0, 0.0, 0.0, 0.0, 0.0, 0.0, 0.0, 0.0, 0.0, 0.0, 0.0, 0.0, 0.0, 0.0, 0.0, 0.0, 0.0, 0.0, 0.0, 0.0, 0.0], [0.0, 0.0, 0.9316764526216909, 0.0, 0.0, 0.0, 0.0, 0.0, 0.0, 0.0, 0.0, 0.0, 0.0, 0.0, 0.0, 0.0, 0.0, 0.0, 0.0, 0.0, 0.0, 0.0, 0.0, 0.0, 0.0, 0.0, 0.0, 0.0, 0.0, 0.0, 0.0, 0.0, 0.0, 0.0, 0.0], [0.0, 0.0, 0.0, 0.0, 0.0, 0.0, 0.9309251703642862, 0.0, 0.0, 0.0, 0.0, 0.0, 0.0, 0.0, 0.0, 0.0, 0.0, 0.0, 0.0, 0.0, 0.0, 0.0, 0.0, 0.0, 0.0, 0.0, 0.0, 0.0, 0.0, 0.0, 0.0, 0.0, 0.0, 0.0, 0.0], [0.0, 0.0, 0.0, 0.0, 0.0, 0.0, 0.0, 0.0, 0.9855650161524806, 0.0, 0.0, 0.0, 0.0, 0.0, 0.0, 0.0, 0.0, 0.0, 0.0, 0.0, 0.0, 0.0, 0.0, 0.0, 0.0, 0.0, 0.0, 0.0, 0.0, 0.0, 0.0, 0.0, 0.0, 0.0, 0.0], [0.0, 0.0, 0.0, 0.0, 0.0, 0.0, 0.0, 0.0, 0.9848527816929272, 0.0, 0.0, 0.0, 0.0, 0.0, 0.0, 0.0, 0.0, 0.0, 0.0, 0.0, 0.0, 0.0, 0.0, 0.0, 0.0, 0.0, 0.0, 0.0, 0.0, 0.0, 0.0, 0.0, 0.0, 0.0, 0.0], [0.0, 0.0, 0.0, 0.0, 0.0, 0.0, 0.0, 0.0, 0.9847170125355478, 0.0, 0.0, 0.0, 0.0, 0.0, 0.0, 0.0, 0.0, 0.0, 0.0, 0.0, 0.0, 0.0, 0.0, 0.0, 0.0, 0.0, 0.0, 0.0, 0.0, 0.0, 0.0, 0.0, 0.0, 0.0, 0.0], [0.0, 0.0, 0.0, 0.0, 0.0, 0.0, 0.0, 0.0, 0.0, 0.9857330889071995, 0.0, 0.0, 0.0, 0.0, 0.0, 0.0, 0.0, 0.0, 0.0, 0.0, 0.0, 0.0, 0.0, 0.0, 0.0, 0.0, 0.0, 0.0, 0.0, 0.0, 0.0, 0.0, 0.0, 0.0, 0.0], [0.0, 0.0, 0.0, 0.0, 0.0, 0.0, 0.0, 0.0, 0.0, 0.9841214541365703, 0.0, 0.0, 0.0, 0.0, 0.0, 0.0, 0.0, 0.0, 0.0, 0.0, 0.0, 0.0, 0.0, 0.0, 0.0, 0.0, 0.0, 0.0, 0.0, 0.0, 0.0, 0.0, 0.0, 0.0, 0.0], [0.0, 0.0, 0.0, 0.0, 0.0, 0.0, 0.0, 0.0, 0.0, 0.983826786133477, 0.0, 0.0, 0.0, 0.0, 0.0, 0.0, 0.0, 0.0, 0.0, 0.0, 0.0, 0.0, 0.0, 0.0, 0.0, 0.0, 0.0, 0.0, 0.0, 0.0, 0.0, 0.0, 0.0, 0.0, 0.0], [0.0, 0.0, 0.0, 0.0, 0.0, 0.0, 0.0, 0.0, 0.0, 0.0, 0.984375963167158, 0.0, 0.0, 0.0, 0.0, 0.0, 0.0, 0.0, 0.0, 0.0, 0.0, 0.0, 0.0, 0.0, 0.0, 0.0, 0.0, 0.0, 0.0, 0.0, 0.0, 0.0, 0.0, 0.0, 0.0], [0.0, 0.0, 0.0, 0.0, 0.0, 0.0, 0.0, 0.0, 0.0, 0.0, 0.9805068054426728, 0.0, 0.0, 0.0, 0.0, 0.0, 0.0, 0.0, 0.0, 0.0, 0.0, 0.0, 0.0, 0.0, 0.0, 0.0, 0.0, 0.0, 0.0, 0.0, 0.0, 0.0, 0.0, 0.0, 0.0], [0.0, 0.0, 0.0, 0.0, 0.0, 0.0, 0.0, 0.0, 0.0, 0.0, 0.9849696749800264, 0.0, 0.0, 0.0, 0.0, 0.0, 0.0, 0.0, 0.0, 0.0, 0.0, 0.0, 0.0, 0.0, 0.0, 0.0, 0.0, 0.0, 0.0, 0.0, 0.0, 0.0, 0.0, 0.0, 0.0], [0.0, 0.0, 0.0, 0.0, 0.0, 0.0, 0.0, 0.0, 0.0, 0.0, 0.0, 0.0, 0.0, 0.0, 0.9803885640140358, 0.0, 0.0, 0.0, 0.0, 0.0, 0.0, 0.0, 0.0, 0.0, 0.0, 0.0, 0.0, 0.0, 0.0, 0.0, 0.0, 0.0, 0.0, 0.0, 0.0], [0.0, 0.0, 0.0, 0.0, 0.0, 0.0, 0.0, 0.0, 0.0, 0.0, 0.0, 0.0, 0.0, 0.0, 0.9773757925491857, 0.0, 0.0, 0.0, 0.0, 0.0, 0.0, 0.0, 0.0, 0.0, 0.0, 0.0, 0.0, 0.0, 0.0, 0.0, 0.0, 0.0, 0.0, 0.0, 0.0], [0.0, 0.0, 0.0, 0.0, 0.0, 0.0, 0.0, 0.0, 0.0, 0.0, 0.0, 0.0, 0.0, 0.0, 0.9774617184284629, 0.0, 0.0, 0.0, 0.0, 0.0, 0.0, 0.0, 0.0, 0.0, 0.0, 0.0, 0.0, 0.0, 0.0, 0.0, 0.0, 0.0, 0.0, 0.0, 0.0]], "Born radii": [], "Atomic SASAs": [], "Solvent H bonds": [], "Total SASA": NaN, "Total FOD": 0.0, "FOD": [0.0, 0.0, 0.0, 0.0, 0.0, 0.0, 0.0, 0.0, 0.0, 0.0, 0.0, 0.0, 0.0, 0.0, 0.0, 0.0, 0.0, 0.0, 0.0, 0.0, 0.0, 0.0, 0.0, 0.0, 0.0, 0.0, 0.0, 0.0, 0.0, 0.0, 0.0, 0.0, 0.0, 0.0, 0.0], "FOD s proportion": [0.0, 0.0, 0.0, 0.0, 0.0, 0.0, 0.0, 0.0, 0.0, 0.0, 0.0, 0.0, 0.0, 0.0, 0.0, 0.0, 0.0, 0.0, 0.0, 0.0, 0.0, 0.0, 0.0, 0.0, 0.0, 0.0, 0.0, 0.0, 0.0, 0.0, 0.0, 0.0, 0.0, 0.0, 0.0], "FOD p proportion": [0.0, 0.0, 0.0, 0.0, 0.0, 0.0, 0.0, 0.0, 0.0, 0.0, 0.0, 0.0, 0.0, 0.0, 0.0, 0.0, 0.0, 0.0, 0.0, 0.0, 0.0, 0.0, 0.0, 0.0, 0.0, 0.0, 0.0, 0.0, 0.0, 0.0, 0.0, 0.0, 0.0, 0.0, 0.0], "FOD d proportion": [0.0, 0.0, 0.0, 0.0, 0.0, 0.0, 0.0, 0.0, 0.0, 0.0, 0.0, 0.0, 0.0, 0.0, 0.0, 0.0, 0.0, 0.0, 0.0, 0.0, 0.0, 0.0, 0.0, 0.0, 0.0, 0.0, 0.0, 0.0, 0.0, 0.0, 0.0, 0.0, 0.0, 0.0, 0.0], "coordinates": [["4.86570", "-2.05890", "1.41240"], ["3.44620", "-1.52140", "1.32010"], ["3.35280", "-0.60230", "0.20030"], ["2.11480", "0.01890", "0.06500"], ["0.99830", "-0.64290", "0.34610"], ["-0.13830", "0.01820", "0.17470"], ["-1.27770", "-0.70230", "0.48200"], ["-2.54610", "-0.50070", "-0.22560"], ["-3.48760", "-1.63410", "0.23530"], ["-2.37190", "-0.61100", "-1.74730"], ["-3.19930", "0.83420", "0.16130"], ["-0.20840", "1.26930", "-0.24230"], ["0.96400", "1.84030", "-0.48900"], ["1.00980", "3.14820", "-0.92760"], ["-0.27460", "3.74410", "-1.05010"], ["2.15210", "1.27030", "-0.35530"], ["5.58420", "-1.24730", "1.56920"], ["4.95440", "-2.76050", "2.24760"], ["5.14770", "-2.58260", "0.49270"], ["2.76110", "-2.36730", "1.18830"], ["3.19340", "-1.01480", "2.25950"], ["4.03740", "0.14780", "0.19660"], ["-0.97420", "-1.67000", "0.54340"], ["-3.63480", "-1.60870", "1.32160"], ["-3.07490", "-2.61890", "-0.01390"], ["-4.47200", "-1.55500", "-0.23960"], ["-1.87630", "-1.54930", "-2.02210"], ["-3.34160", "-0.58180", "-2.25720"], ["-1.77010", "0.20880", "-2.15330"], ["-4.22430", "0.89540", "-0.22260"], ["-2.66150", "1.69570", "-0.24410"], ["-3.24140", "0.95360", "1.25000"], ["-0.13360", "4.77210", "-1.39790"], ["-0.78700", "3.78910", "-0.08270"], ["-0.88590", "3.22330", "-1.79550"]], "bond_dist": [[0.0, 1.5206596562018737, 2.4248167724593137, 3.7013768262634383, 4.254272493623322, 5.557540976007285, 6.359824783749943, 7.74892318196535, 8.446516461832061, 8.028883624763782, 8.659070609482292, 6.289788401846281, 5.834581860767745, 6.8889371618559565, 8.133965781831149, 4.644562507922571, 1.0952273964798356, 1.0943807792537292, 1.095277946459254, 2.1388484121133975, 2.1457657164751236, 2.652126584460101, 5.916995539967899, 8.5128975636971, 8.08709218755419, 9.496086588695368, 7.583537855776815, 9.110848580675677, 7.867052905631182, 9.69686616851032, 8.573199708976807, 8.65023701524993, 8.919268332099893, 8.269670205032362, 8.442343383800496], [1.5206596562018737, 0.0, 1.4516957015848744, 2.3917412192793774, 2.7771663003860607, 4.065827046247787, 4.867090263186004, 6.272055187097767, 7.019050845377884, 6.6398839244372345, 7.145231910162189, 4.856459760978155, 4.553590510794751, 5.726549083872416, 6.869329729311296, 3.503605123298001, 2.169844607339429, 2.1610859075936797, 2.1692944590350107, 1.0964853213791788, 1.0968243979780903, 2.0971405126981835, 4.490576912825344, 7.0815382891007514, 6.746021602396483, 8.070420329202191, 6.284909346999366, 7.7300810015160915, 6.50137564596909, 8.18885924778293, 7.078167371572956, 7.131236412432279, 7.733733528510017, 6.934640605683903, 7.140464400863574], [2.4248167724593137, 1.4516957015848744, 0.0, 1.3917038226576803, 2.359359288027154, 3.5459067697839997, 4.640138482847252, 5.9151276047098085, 6.917868775858645, 6.0469340611585976, 6.7078362875073205, 4.047335760719637, 3.4853686591234507, 4.56377668822654, 5.797648133510691, 2.292815433042965, 2.6961190941796325, 3.3785184756043587, 2.6886338278017705, 2.107481409170672, 2.106150338888466, 1.015549535965627, 4.469969787369933, 7.148196164767724, 6.740021104566365, 7.894849228452687, 5.76015256481979, 7.131249389833453, 5.69573705327063, 7.73526949175011, 6.453688855995461, 6.8561044726579246, 6.602530087776957, 6.041723843407608, 6.0485544297790685], [3.7013768262634383, 2.3917412192793774, 1.3917038226576803, 0.0, 1.3279942394453372, 2.2557690905764267, 3.49328995217975, 4.698768065142181, 5.843654408843834, 4.879721527915297, 5.377141116801752, 2.6561610813352416, 2.224579645685899, 3.4639281531232715, 4.5639670693378145, 1.320623087788488, 3.9878084758423396, 4.533446291729946, 4.0186082105624585, 2.7154110222947834, 2.6547587272669433, 1.9314048073876176, 3.5529101832160066, 6.106228416952644, 5.822130206376357, 6.779076383254581, 4.769079246563218, 5.9603485040725595, 4.477651718255899, 6.405868779486511, 5.071512865013752, 5.564779198674462, 5.457864894810057, 4.759901949620391, 4.768001688338628], [4.254272493623322, 2.7771663003860607, 2.359359288027154, 1.3279942394453372, 0.0, 1.3260055542870097, 2.280827299468331, 3.5930256177767506, 4.595438269632179, 3.9675671651529734, 4.453742382536286, 2.3364178329228698, 2.6200860176719387, 3.999360342604802, 4.776548738367484, 2.3416982384585765, 4.784532556060205, 4.873464806480087, 4.582733683076074, 2.60582425347528, 2.93562142995312, 3.14383293926379, 2.232625797127678, 4.832182270982749, 4.541490310459772, 5.576661455566404, 3.8331784931046453, 5.061189199190245, 3.825758984829023, 5.474060407047039, 4.38309502977063, 4.619621580822395, 5.800427450628099, 4.797268965776258, 4.804598072679961], [5.557540976007285, 4.065827046247787, 3.5459067697839997, 2.2557690905764267, 1.3260055542870097, 0.0, 1.3826734610890599, 2.4953953875087613, 3.7351811388472176, 3.0131288721194784, 3.1679262238884287, 1.320626449833563, 2.2306078521335837, 3.511424055849706, 3.924416331124923, 2.6635665131548714, 6.024377706452343, 6.160655922058949, 5.899752591422796, 3.889025015347677, 4.063705812432786, 4.177768095526606, 1.9195540471682477, 4.023393526614069, 3.9513903793475027, 4.628991080138306, 3.2099268667681513, 4.066358137203363, 2.8493303774746797, 4.197942725907537, 3.058747771556197, 3.4147434544925916, 5.00726053446393, 3.8349384949435628, 3.835786726344414], [6.359824783749943, 4.867090263186004, 4.640138482847252, 3.49328995217975, 2.280827299468331, 1.3826734610890599, 0.0, 1.4663488261665434, 2.4109687140234732, 2.485032760347437, 2.4811745807177696, 2.356951323213952, 3.526028169201148, 4.695314543244148, 4.808743388869902, 4.044224287796116, 6.9688378120028025, 6.796513886545072, 6.694879217730519, 4.425267238258047, 4.821607378250535, 5.3902143909124804, 1.0160342021802218, 2.6612796790266144, 2.673798834991144, 3.3839852747906574, 2.710396238559964, 3.431824602161364, 2.831495551824159, 3.4251362031311983, 2.862259186377083, 2.6810345950770573, 5.900173233050026, 4.553278658285697, 4.555309962011367], [7.74892318196535, 6.272055187097767, 5.9151276047098085, 4.698768065142181, 3.5930256177767506, 2.4953953875087613, 1.4663488261665434, 0.0, 1.5438415138867072, 1.5356049687338211, 1.5356822132199097, 2.9322380837851485, 4.227346989543205, 5.143121622127947, 4.884448744740802, 5.022583630961261, 8.359455525929903, 8.214676775747174, 8.002800818463497, 5.800834475314737, 6.2754984718347275, 6.628821715810435, 2.104636096811038, 2.192432331909015, 2.1934487844488184, 2.195640066131059, 2.185316052656915, 2.1832993427379583, 2.195812728809085, 2.1829932317806215, 2.1995073016473485, 2.185366317119398, 5.915814684386251, 4.63866761689173, 4.369098997505093], [8.446516461832061, 7.019050845377884, 6.917868775858645, 5.843654408843834, 4.595438269632179, 3.7351811388472176, 2.4109687140234732, 1.5438415138867072, 0.0, 2.494438385689252, 2.4861813650657107, 4.405790049468995, 5.693224781264131, 6.667033557737654, 6.395362178954371, 6.371072422284964, 9.177497408880049, 8.75131374423292, 8.691047871229339, 6.363335833507453, 7.008329268092361, 7.7331940554986724, 2.5324679622850117, 1.0965220882408162, 1.0964729682030467, 1.0958239730905692, 2.7747672857376706, 2.7094662832373464, 3.4715265547018364, 2.6740922852437237, 3.46407759872668, 2.790416065750769, 7.413235237060808, 6.066750580005741, 5.872591105295856], [8.028883624763782, 6.6398839244372345, 6.0469340611585976, 4.879721527915297, 3.9675671651529734, 3.0131288721194784, 2.485032760347437, 1.5356049687338211, 2.494438385689252, 0.0, 2.5329721198623565, 3.2374813265870737, 4.326709996059362, 5.122439616042341, 4.883815223777411, 5.093479134147896, 8.64312311320393, 8.617090457341154, 8.090067411338424, 6.168470316861385, 6.86950251255504, 6.740448882678364, 2.88484883139481, 3.4653237814091775, 2.744184208467063, 2.7522200675091373, 1.0961483886773724, 1.0959784395689542, 1.095021132216178, 2.8329025415640405, 2.7684550366585334, 3.4911045100369025, 5.84036239115348, 4.964240241970568, 4.1124658940835], [8.659070609482292, 7.145231910162189, 6.7078362875073205, 5.377141116801752, 4.453742382536286, 3.1679262238884287, 2.4811745807177696, 1.5356822132199097, 2.4861813650657107, 2.5329721198623565, 0.0, 3.049211009425225, 4.33222739361636, 4.925121523373814, 4.2998695398814135, 5.393935551153721, 9.135901537888858, 9.151903598159238, 9.025339727677846, 6.8432959463989285, 6.977668488112631, 7.269265295750321, 3.3716595409382606, 2.739291286081128, 3.4597788961146057, 2.7365603848627202, 3.4926546937823666, 2.8061446042568794, 2.7912561616591196, 1.0962434264341114, 1.093508230421701, 1.0960367055897353, 5.228448865581455, 3.8223240705099824, 3.8585858303269607], [6.289788401846281, 4.856459760978155, 4.047335760719637, 2.6561610813352416, 2.3364178329228698, 1.320626449833563, 2.356951323213952, 2.9322380837851485, 4.405790049468995, 3.2374813265870737, 3.049211009425225, 0.0, 1.3271863659637255, 2.3417755101631754, 2.6041425306614845, 2.3632033873536997, 6.570313734518314, 7.006667816444561, 6.638159821818092, 4.908095982150309, 4.800870680407878, 4.413299570616071, 3.1373967903343054, 4.7401354590349, 4.836019856245423, 5.11419228617775, 3.7274769496269187, 4.1597278108068565, 2.686166067092651, 4.03331651497871, 2.4898834932582687, 3.3949543119164356, 3.6892565972022053, 2.5902976971769096, 2.586416921147865], [5.834581860767745, 4.553590510794751, 3.4853686591234507, 2.224579645685899, 2.6200860176719387, 2.2306078521335837, 3.526028169201148, 4.227346989543205, 5.693224781264131, 4.326709996059362, 4.33222739361636, 1.3271863659637255, 0.0, 1.3802427358982912, 2.339533630876034, 1.3245215362537521, 5.925850912738187, 6.6767980619455605, 6.166775899122652, 4.873068998075032, 4.547094964919911, 3.574967296353912, 4.140612888208701, 6.026842855094199, 6.03513859492887, 6.414075026845258, 4.680500812947264, 5.247026873382678, 3.5926298932676044, 5.2803656937753845, 3.6366379280868752, 4.636350617673345, 3.259796958400937, 2.651207673872418, 2.65363171144754], [6.8889371618559565, 5.726549083872416, 4.56377668822654, 3.4639281531232715, 3.999360342604802, 3.511424055849706, 4.695314543244148, 5.143121622127947, 6.667033557737654, 5.122439616042341, 4.925121523373814, 2.3417755101631754, 1.3802427358982912, 0.0, 1.421191901187169, 2.271317897168954, 6.817592379278773, 7.781677190040718, 7.209822268267089, 6.161560252890497, 5.679461626774144, 4.4082408690996004, 5.414346520125951, 7.0184975179877345, 7.125943038644078, 7.255588568820589, 5.620854891384406, 5.8834869014896265, 4.227322658610293, 5.74177112483596, 4.0069155456535395, 5.2565114248900855, 2.0409793874510345, 2.086408171954855, 2.086281119600137], [8.133965781831149, 6.869329729311296, 5.797648133510691, 4.5639670693378145, 4.776548738367484, 3.924416331124923, 4.808743388869902, 4.884448744740802, 6.395362178954371, 4.883815223777411, 4.2998695398814135, 2.6041425306614845, 2.339533630876034, 1.421191901187169, 0.0, 3.5343042271428753, 8.13021179859418, 8.973688620071458, 8.47400153528426, 7.181581929491579, 6.754820898439869, 5.7516066085920725, 5.686928979686663, 6.750435005982948, 7.028738117898546, 6.808490127774292, 5.61518570040208, 5.43847315153803, 3.993985050047133, 4.939633390242641, 3.2469786217343657, 4.677526322747954, 1.094362755214193, 1.0956466218630896, 1.0956922423746551], [4.644562507922571, 3.503605123298001, 2.292815433042965, 1.320623087788488, 2.3416982384585765, 2.6635665131548714, 4.044224287796116, 5.022583630961261, 6.371072422284964, 5.093479134147896, 5.393935551153721, 2.3632033873536997, 1.3245215362537521, 2.271317897168954, 3.5343042271428753, 0.0, 4.671329620140288, 5.55655669817199, 4.9535403268773335, 3.998214066305105, 3.625350567876161, 2.2625109833987547, 4.384834942161449, 6.677488017211262, 6.524106038377978, 7.202389005739693, 5.191952711649058, 6.101494711134314, 4.443336481744321, 6.3887898901122115, 4.833639990731623, 5.636233603214118, 4.309761303135012, 3.8803315592871694, 3.8881652536897144], [1.0952273964798356, 2.169844607339429, 2.6961190941796325, 3.9878084758423396, 4.784532556060205, 6.024377706452343, 6.9688378120028025, 8.359455525929903, 9.177497408880049, 8.64312311320393, 9.135901537888858, 6.570313734518314, 5.925850912738187, 6.817592379278773, 8.13021179859418, 4.671329620140288, 0.0, 1.7738796013258622, 1.7698617431878678, 3.060944040651511, 2.499298897691111, 2.494579124822462, 6.65158263047224, 9.22940283658699, 8.908844200007092, 10.222210874854813, 8.285390753609633, 9.734173454895902, 8.370362115822708, 10.198450018507714, 8.940966076437153, 9.101486955986916, 8.816467297619836, 8.287719107812475, 8.553926844438173], [1.0943807792537292, 2.1610859075936797, 3.3785184756043587, 4.533446291729946, 4.873464806480087, 6.160655922058949, 6.796513886545072, 8.214676775747174, 8.75131374423292, 8.617090457341154, 9.151903598159238, 7.006667816444561, 6.6767980619455605, 7.781677190040718, 8.973688620071458, 5.55655669817199, 1.7738796013258622, 0.0, 1.7744540878816784, 2.467242918725272, 2.479663505397456, 3.675010053047474, 6.264326448230487, 8.715415990071845, 8.342906645768007, 9.823258677750475, 8.145907317174682, 9.688321460913649, 8.567587965699564, 10.184106565624692, 9.16887234833161, 9.053224961857515, 9.793746832035225, 9.016165050064245, 9.287713612079132], [1.095277946459254, 2.1692944590350107, 2.6886338278017705, 4.0186082105624585, 4.582733683076074, 5.899752591422796, 6.694879217730519, 8.002800818463497, 8.691047871229339, 8.090067411338424, 9.025339727677846, 6.638159821818092, 6.166775899122652, 7.209822268267089, 8.47400153528426, 4.9535403268773335, 1.7698617431878678, 1.7744540878816784, 0.0, 2.495210013205302, 3.0657572588187736, 2.9623513397299788, 6.189755153477398, 8.875126065020147, 8.238271178469423, 9.702105603424446, 7.531832707249944, 9.14512794552378, 7.915123928278067, 10.022101680286426, 8.93478202140377, 9.13538245176413, 9.249762707226601, 8.726414506542765, 8.680360764968238], [2.1388484121133975, 1.0964853213791788, 2.107481409170672, 2.7154110222947834, 2.60582425347528, 3.889025015347677, 4.425267238258047, 5.800834475314737, 6.363335833507453, 6.168470316861385, 6.8432959463989285, 4.908095982150309, 4.873068998075032, 6.161560252890497, 7.181581929491579, 3.998214066305105, 3.060944040651511, 2.467242918725272, 2.495210013205302, 0.0, 1.778653698728339, 2.9896719870246637, 3.8541652001438647, 6.442109876430236, 5.963848036293346, 7.417308495000057, 5.6992342397904645, 7.232041744210275, 6.191474397104457, 7.837835368263358, 6.925628456681748, 6.86018876926867, 8.126423007080053, 7.218428885152225, 7.311530605830765], [2.1457657164751236, 1.0968243979780903, 2.106150338888466, 2.6547587272669433, 2.93562142995312, 4.063705812432786, 4.821607378250535, 6.2754984718347275, 7.008329268092361, 6.86950251255504, 6.977668488112631, 4.800870680407878, 4.547094964919911, 5.679461626774144, 6.754820898439869, 3.625350567876161, 2.499298897691111, 2.479663505397456, 3.0657572588187736, 1.778653698728339, 0.0, 2.5138677709855783, 4.5544676977666665, 6.917852908236775, 6.858065999974046, 8.08057386637855, 6.657300271130934, 7.955771043085642, 6.753246112056039, 8.051829465407225, 6.920598039187077, 6.804435307209555, 7.611420062642713, 6.663853255437127, 7.144592717573199], [2.652126584460101, 2.0971405126981835, 1.015549535965627, 1.9314048073876176, 3.14383293926379, 4.177768095526606, 5.3902143909124804, 6.628821715810435, 7.7331940554986724, 6.740448882678364, 7.269265295750321, 4.413299570616071, 3.574967296353912, 4.4082408690996004, 5.7516066085920725, 2.2625109833987547, 2.494579124822462, 3.675010053047474, 2.9623513397299788, 2.9896719870246637, 2.5138677709855783, 0.0, 5.342359182982738, 7.9506962015914056, 7.63437950523813, 8.689055566630934, 6.540231325419614, 7.810447592807981, 6.265206082803662, 8.306041252606445, 6.889519004255667, 7.398641405014843, 6.428360735055245, 6.0507775979620995, 6.137266944658673], [5.916995539967899, 4.490576912825344, 4.469969787369933, 3.5529101832160066, 2.232625797127678, 1.9195540471682477, 1.0160342021802218, 2.104636096811038, 2.5324679622850117, 2.88484883139481, 3.3716595409382606, 3.1373967903343054, 4.140612888208701, 5.414346520125951, 5.686928979686663, 4.384834942161449, 6.65158263047224, 6.264326448230487, 6.189755153477398, 3.8541652001438647, 4.5544676977666665, 5.342359182982738, 0.0, 2.7727504918401866, 2.3714837106756606, 3.5862123250025237, 2.722157811369503, 3.8251957283255456, 3.381647104592672, 4.210841147561851, 3.846436536588118, 3.5387506778522835, 6.78055355114905, 5.498074013688793, 5.424263543560545], [8.5128975636971, 7.0815382891007514, 7.148196164767724, 6.106228416952644, 4.832182270982749, 4.023393526614069, 2.6612796790266144, 2.192432331909015, 1.0965220882408162, 3.4653237814091775, 2.739291286081128, 4.7401354590349, 6.026842855094199, 7.0184975179877345, 6.750435005982948, 6.677488017211262, 9.22940283658699, 8.715415990071845, 8.875126065020147, 6.442109876430236, 6.917852908236775, 7.9506962015914056, 2.7727504918401866, 0.0, 1.7656591686959293, 1.7723241718150777, 3.7783832918326326, 3.7347421985995233, 4.342273868608474, 3.0004300858376958, 3.783885402598763, 2.5933128253259383, 7.769729102742256, 6.262449055281808, 6.37345962723543], [8.08709218755419, 6.746021602396483, 6.740021104566365, 5.822130206376357, 4.541490310459772, 3.9513903793475027, 2.673798834991144, 2.1934487844488184, 1.0964729682030467, 2.744184208467063, 3.4597788961146057, 4.836019856245423, 6.03513859492887, 7.125943038644078, 7.028738117898546, 6.524106038377978, 8.908844200007092, 8.342906645768007, 8.238271178469423, 5.963848036293346, 6.858065999974046, 7.63437950523813, 2.3714837106756606, 1.7656591686959293, 0.0, 1.7705118214798796, 2.571682982017807, 3.041923764659463, 3.7782830346600558, 3.7033742100954368, 4.34046826506081, 3.7931414039025753, 8.074254311699626, 6.80453406560655, 6.488229373257392], [9.496086588695368, 8.070420329202191, 7.894849228452687, 6.779076383254581, 5.576661455566404, 4.628991080138306, 3.3839852747906574, 2.195640066131059, 1.0958239730905692, 2.7522200675091373, 2.7365603848627202, 5.11419228617775, 6.414075026845258, 7.255588568820589, 6.808490127774292, 7.202389005739693, 10.222210874854813, 9.823258677750475, 9.702105603424446, 7.417308495000057, 8.08057386637855, 8.689055566630934, 3.5862123250025237, 1.7723241718150777, 1.7705118214798796, 0.0, 3.148808858917924, 2.5091098341842275, 3.751466611873282, 2.4629462945829736, 3.7208844365284985, 3.166442559087406, 7.7585802734778735, 6.493323295509011, 6.173579910392349], [7.583537855776815, 6.284909346999366, 5.76015256481979, 4.769079246563218, 3.8331784931046453, 3.2099268667681513, 2.710396238559964, 2.185316052656915, 2.7747672857376706, 1.0961483886773724, 3.4926546937823666, 3.7274769496269187, 4.680500812947264, 5.620854891384406, 5.61518570040208, 5.191952711649058, 8.285390753609633, 8.145907317174682, 7.531832707249944, 5.6992342397904645, 6.657300271130934, 6.540231325419614, 2.722157811369503, 3.7783832918326326, 2.571682982017807, 3.148808858917924, 0.0, 1.7715621214058512, 1.7661844439355703, 3.837689713877348, 3.7825716172995327, 4.339889955978147, 6.586860169306769, 5.783282926677546, 4.879544085260425], [9.110848580675677, 7.7300810015160915, 7.131249389833453, 5.9603485040725595, 5.061189199190245, 4.066358137203363, 3.431824602161364, 2.1832993427379583, 2.7094662832373464, 1.0959784395689542, 2.8061446042568794, 4.1597278108068565, 5.247026873382678, 5.8834869014896265, 5.43847315153803, 6.101494711134314, 9.734173454895902, 9.688321460913649, 9.14512794552378, 7.232041744210275, 7.955771043085642, 7.810447592807981, 3.8251957283255456, 3.7347421985995233, 3.041923764659463, 2.5091098341842275, 1.7715621214058512, 0.0, 1.7622303538414041, 2.66474694670995, 3.1148216433690066, 3.829875329563614, 6.300309968565039, 5.509918168176366, 4.55218797832427], [7.867052905631182, 6.50137564596909, 5.69573705327063, 4.477651718255899, 3.825758984829023, 2.8493303774746797, 2.831495551824159, 2.195812728809085, 3.4715265547018364, 1.095021132216178, 2.7912561616591196, 2.686166067092651, 3.5926298932676044, 4.227322658610293, 3.993985050047133, 4.443336481744321, 8.370362115822708, 8.567587965699564, 7.915123928278067, 6.191474397104457, 6.753246112056039, 6.265206082803662, 3.381647104592672, 4.342273868608474, 3.7782830346600558, 3.751466611873282, 1.7661844439355703, 1.7622303538414041, 0.0, 3.197204980916926, 2.5788583152240063, 3.7817855068737045, 4.90637017559825, 4.251166670456476, 3.1618097238765017], [9.69686616851032, 8.18885924778293, 7.73526949175011, 6.405868779486511, 5.474060407047039, 4.197942725907537, 3.4251362031311983, 2.1829932317806215, 2.6740922852437237, 2.8329025415640405, 1.0962434264341114, 4.03331651497871, 5.2803656937753845, 5.74177112483596, 4.939633390242641, 6.3887898901122115, 10.198450018507714, 10.184106565624692, 10.022101680286426, 7.837835368263358, 8.051829465407225, 8.306041252606445, 4.210841147561851, 3.0004300858376958, 3.7033742100954368, 2.4629462945829736, 3.837689713877348, 2.66474694670995, 3.197204980916926, 0.0, 1.755928865301781, 1.771448675519559, 5.7570790744960245, 4.4953423662720065, 4.363261094640109], [8.573199708976807, 7.078167371572956, 6.453688855995461, 5.071512865013752, 4.38309502977063, 3.058747771556197, 2.862259186377083, 2.1995073016473485, 3.46407759872668, 2.7684550366585334, 1.093508230421701, 2.4898834932582687, 3.6366379280868752, 4.0069155456535395, 3.2469786217343657, 4.833639990731623, 8.940966076437153, 9.16887234833161, 8.93478202140377, 6.925628456681748, 6.920598039187077, 6.889519004255667, 3.846436536588118, 3.783885402598763, 4.34046826506081, 3.7208844365284985, 3.7825716172995327, 3.1148216433690066, 2.5788583152240063, 1.755928865301781, 0.0, 1.7661628548919261, 4.145572313927