{"total energy": -46.62219227, "HOMO-LUMO gap/eV": 3.33762257, "electronic energy": -47.17289211, "dipole": [0.39120304, -0.73263475, -0.46482501], "partial charges": [-0.38087181, 0.28110447, -0.17618239, 0.33929845, -0.42152937, -0.17835583, 0.28136243, -0.37687392, -0.02230563, -0.00448908, -0.10696172, -0.11213258, -0.04997874, -0.02730352, -0.08808637, 0.23346621, 0.23363548, 0.05892462, 0.04501549, 0.03349475, 0.04714342, 0.03843899, 0.05946728, 0.04258049, 0.04518853, 0.06501667, 0.04679997, 0.04402149, 0.05011222], "atomic dipole moments": [[-0.01627533, 0.05992153, -0.17500761], [0.04184155, 0.0773526, -0.01894284], [-0.07653018, 0.02868625, -0.00878772], [-0.02813303, -0.08619197, 0.00468675], [-0.06411108, -0.20464188, 0.00810305], [-0.01176961, 0.01190433, 0.08026401], [0.04672255, 0.07716045, -0.01331467], [0.16870528, 0.01107732, 0.07984818], [0.02999394, 0.02294495, -0.01737483], [0.00239834, 0.09764924, -0.09132215], [0.08029484, -0.06678374, -0.05412298], [0.07040842, 0.06829941, 0.08458118], [-0.05763417, 0.04604131, 0.12101627], [-0.04938896, 0.16749652, -0.03651207], [0.00275872, -0.0623221, -0.02405309], [0.06621322, 0.06474111, 0.09979465], [-0.05930594, 0.09721492, -0.07418072], [0.04291576, -0.07842459, 0.08952425], [-0.07656845, 0.07386992, -0.07285709], [0.05518547, 0.07819692, 0.08561686], [-0.08035376, -0.06988349, 0.06968948], [0.06979083, -0.08509156, -0.06139556], [-0.07425327, 0.05856342, -0.08990013], [-0.08278509, -0.07172394, 0.06352486], [0.09538094, 0.06447104, -0.05351083], [-0.0571653, -0.03891646, -0.1104965], [0.08469947, 0.0168357, 0.12831694], [-0.07570232, -0.03756766, -0.12663223], [0.07104181, -0.10691792, 0.08307889]], "atomic quadrupole moments": [[0.06834272, -0.14911832, 0.00911746, -0.08143659, 0.04112636, -0.07746018], [0.18902609, -0.33036196, 0.0835344, -0.20424713, 0.09872703, -0.2725605], [-0.03467879, -0.02853561, 0.04349006, -0.04835691, -0.08896609, -0.00881127], [0.17345221, -0.13458496, -0.22121519, -0.2701326, 0.08604647, 0.04776298], [0.0506572, -0.03101988, -0.03200631, -0.12890737, 0.03884959, -0.01865089], [0.04550226, 0.07695355, -0.01658739, 0.00051006, 0.07209827, -0.02891487], [-0.15137616, -0.10164218, -0.01850981, -0.28633936, 0.32345057, 0.16988598], [-0.03744198, -0.05370349, -0.02962666, -0.10424742, 0.13470907, 0.06706864], [-0.03776163, -0.01189519, -0.02190373, 0.04731819, -0.00855505, 0.05966536], [0.04856704, 0.09893675, -0.00420588, -0.10007961, 0.10877393, -0.04436117], [0.02304449, -0.11634071, 0.01784601, -0.10061379, 0.10980904, -0.0408905], [-0.02375459, 0.09997806, -0.0074247, 0.08621498, 0.14007143, 0.03117929], [-0.05176424, -0.16676293, 0.08640121, -0.08789029, 0.03527177, -0.03463697], [0.29827213, 0.02189132, -0.28891839, -0.35891109, -0.22440731, -0.00935374], [0.3512914, 0.12132544, -0.3351065, -0.4251136, -0.10085022, -0.0161849], [-0.00732167, 0.02789879, -0.00097623, 0.0388997, -0.01055428, 0.0082979], [-0.01102061, 0.01287087, 0.00725997, 0.03498283, -0.03170563, 0.00376064], [0.00721981, -0.01170801, -0.00219462, 0.0227439, -0.01044427, -0.00502519], [-0.01957501, -0.03521001, -0.01104368, 0.03580024, -0.04246629, 0.03061869], [0.01282123, 0.03568847, -0.00449175, 0.04175902, 0.04663823, -0.00832947], [-0.00310717, 0.03951286, 0.02352226, -0.04106894, -0.03688678, -0.02041509], [0.03019602, -0.04569733, -0.01046845, -0.0356456, 0.03780843, -0.01972758], [-0.02386182, -0.03100344, 0.01754559, 0.03746129, -0.04525654, 0.00631623], [-0.00113256, 0.04362826, -0.01852042, -0.04457691, -0.03172414, 0.01965298], [0.01559932, 0.04253534, 0.02437227, -0.01425495, -0.01149322, -0.03997159], [0.01023882, 0.01051522, -0.00449084, 0.04375485, 0.02693677, -0.00574798], [-0.04246755, -0.00539762, 0.04842507, 0.03198663, 0.02064814, -0.00595753], [-0.02698959, -0.00404629, 0.01305284, 0.04791128, 0.01325721, 0.01393676], [-0.03100329, -0.02077465, 0.03661148, 0.04165759, 0.00139107, -0.0056082]], "number of molecular orbitals": 74, "number of electrons": 82, "number of unpaired electrons": 0, "orbital energies/eV": [-20.64867124, -20.31830776, -20.2397743, -19.81684614, -19.41895674, -18.73018696, -18.26306021, -18.12194541, -17.6450487, -17.22684911, -17.06080611, -16.95104825, -16.61317127, -16.46422508, -16.13253147, -15.74432324, -15.67483369, -15.64121156, -15.43025719, -15.29609936, -15.20790578, -14.88413195, -14.6026499, -14.49531145, -14.24572869, -13.86384159, -13.73616902, -13.52419792, -13.07017882, -12.99339184, -12.97478415, -12.76837315, -12.62827492, -12.51458279, -12.483334, -12.34430471, -12.20319351, -12.13382177, -11.74046792, -11.48048876, -11.45148544, -8.11386287, -7.18951138, -6.27827759, -5.90030385, -0.5677883, -0.17875792, 0.34082924, 1.20094802, 1.26417513, 2.38577843, 2.71778314, 2.95684279, 3.43200638, 3.60393195, 3.64253584, 4.11400302, 4.29904325, 4.40307005, 4.56648795, 4.78131476, 5.32120338, 5.80964112, 5.95829058, 6.33324017, 6.79277505, 7.39685835, 7.71459832, 10.56632106, 11.1760132, 14.07655855, 14.19592563, 14.75098714, 16.21442647], "fractional occupation": [2.0, 2.0, 2.0, 2.0, 2.0, 2.0, 2.0, 2.0, 2.0, 2.0, 2.0, 2.0, 2.0, 2.0, 2.0, 2.0, 2.0, 2.0, 2.0, 2.0, 2.0, 2.0, 2.0, 2.0, 2.0, 2.0, 2.0, 2.0, 2.0, 2.0, 2.0, 2.0, 2.0, 2.0, 2.0, 2.0, 2.0, 2.0, 2.0, 2.0, 2.0, 0.0, 0.0, 0.0, 0.0, 0.0, 0.0, 0.0, 0.0, 0.0, 0.0, 0.0, 0.0, 0.0, 0.0, 0.0, 0.0, 0.0, 0.0, 0.0, 0.0, 0.0, 0.0, 0.0, 0.0, 0.0, 0.0, 0.0, 0.0, 0.0, 0.0, 0.0, 0.0, 0.0], "program call": "xtb /home/svss/Project-DBcg-Debug/aqme2_20220329/End-to-End-workflows-final/example-3/QDESCP/mol_650_rdkit_conf_2/mol_650_rdkit_conf_2.xyz --pop --wbo --acc 0.2 --gfn 2 --chrg 0 --uhf 0 --etemp 300 --input /home/svss/Project-DBcg-Debug/aqme2_20220329/End-to-End-workflows-final/example-3/QDESCP/mol_650_rdkit_conf_2/mol_650_rdkit_conf_2_xtb.inp", "method": "GFN2-xTB", "xtb version": "6.3.3 (7355c4f)", "Dipole module/D": 2.419, "Total charge": 0, "Transition dipole module/D": NaN, "HOMO": -11.4515, "LUMO": -8.1139, "HOMO occupancy": 2.0, "LUMO occupancy": 0, "mulliken charges": [-0.50632, 0.47438, -0.32682, 0.57505, -0.53557, -0.32774, 0.47578, -0.50411, -0.05882, 0.01155, -0.09529, -0.09285, -0.03605, -0.02314, -0.06979, 0.28016, 0.28012, 0.04177, 0.04014, 0.03718, 0.03827, 0.02642, 0.04794, 0.03598, 0.03829, 0.05245, 0.04328, 0.03468, 0.04306], "cm5 charges": [-0.5534, 0.57299, -0.67052, 0.74286, -0.57271, -0.67109, 0.57444, -0.55262, -0.05889, -0.0533, -0.24181, -0.24066, -0.13248, -0.08667, -0.17227, 0.48312, 0.48315, 0.10516, 0.09583, 0.09261, 0.08982, 0.07987, 0.10464, 0.08749, 0.09962, 0.11089, 0.10116, 0.08754, 0.09524], "FUKUI+": [-0.132, -0.049, -0.031, -0.048, -0.135, -0.032, -0.051, -0.136, -0.005, 0.007, 0.015, 0.015, -0.001, -0.01, -0.027, -0.045, -0.045, -0.021, -0.008, -0.002, -0.034, -0.011, -0.01, -0.033, -0.023, -0.035, -0.023, -0.041, -0.051], "FUKUI-": [-0.057, 0.0, -0.019, -0.002, -0.091, -0.028, -0.007, -0.086, -0.013, -0.0, 0.019, 0.015, 0.013, -0.025, -0.034, -0.03, -0.032, -0.081, -0.061, -0.04, -0.05, -0.031, -0.065, -0.055, -0.052, -0.032, -0.044, -0.05, -0.061], "FUKUIrad": [-0.094, -0.024, -0.025, -0.025, -0.113, -0.03, -0.029, -0.111, -0.009, 0.004, 0.017, 0.015, 0.006, -0.017, -0.03, -0.037, -0.039, -0.051, -0.035, -0.021, -0.042, -0.021, -0.037, -0.044, -0.037, -0.033, -0.034, -0.046, -0.056], "s proportion": [1.73, 1.015, 1.432, 0.938, 1.72, 1.432, 1.015, 1.729, 1.113, 1.057, 1.015, 1.013, 1.039, 1.07, 1.052, 0.72, 0.72, 0.958, 0.96, 0.963, 0.962, 0.974, 0.952, 0.964, 0.962, 0.948, 0.957, 0.965, 0.957], "p proportion": [4.776, 2.51, 3.895, 2.487, 4.815, 3.895, 2.51, 4.775, 2.945, 2.932, 3.081, 3.08, 2.997, 2.953, 3.017, 0.0, 0.0, 0.0, 0.0, 0.0, 0.0, 0.0, 0.0, 0.0, 0.0, 0.0, 0.0, 0.0, 0.0], "d proportion": [0.0, 0.0, 0.0, 0.0, 0.0, 0.0, 0.0, 0.0, 0.0, 0.0, 0.0, 0.0, 0.0, 0.0, 0.0, 0.0, 0.0, 0.0, 0.0, 0.0, 0.0, 0.0, 0.0, 0.0, 0.0, 0.0, 0.0, 0.0, 0.0], "Fermi-level/eV": -9.7827, "Coordination numbers": [0.859, 2.768, 2.696, 2.708, 0.86, 2.697, 2.768, 0.859, 3.897, 3.844, 3.75, 3.751, 3.81, 2.882, 2.834, 0.86, 0.86, 0.923, 0.924, 0.924, 0.924, 0.924, 0.924, 0.924, 0.923, 0.923, 0.925, 0.925, 0.925], "Dispersion coefficient C6": [21.302, 22.242, 24.814, 21.234, 22.114, 24.862, 22.238, 21.223, 20.916, 20.628, 22.607, 22.708, 21.462, 28.681, 30.198, 0.95, 0.95, 2.212, 2.383, 2.537, 2.356, 2.47, 2.205, 2.415, 2.381, 2.141, 2.36, 2.396, 2.318], "Total dispersion C6": 8491.555308, "Total dispersion C8": 191851.765611, "Polarizability alpha": [6.188, 7.724, 7.398, 7.543, 6.305, 7.405, 7.723, 6.177, 6.501, 6.461, 6.781, 6.796, 6.594, 8.78, 9.005, 1.527, 1.526, 2.326, 2.414, 2.491, 2.4, 2.458, 2.322, 2.43, 2.413, 2.288, 2.403, 2.421, 2.381], "Total polarizability alpha": 139.18191, "Wiberg matrix": [[0.0, 1.752309008366497, 0.13180853354952576, 0.0, 0.0, 0.0, 0.0, 0.0, 0.0, 0.0, 0.0, 0.0, 0.0, 0.0, 0.0, 0.0, 0.0, 0.0, 0.0, 0.0, 0.0, 0.0, 0.0, 0.0, 0.0, 0.0, 0.0, 0.0, 0.0], [1.752309008366497, 0.0, 1.1366025668208015, 0.0, 0.0, 0.0, 0.0, 0.0, 0.9492152361478793, 0.0, 0.0, 0.0, 0.0, 0.0, 0.0, 0.0, 0.0, 0.0, 0.0, 0.0, 0.0, 0.0, 0.0, 0.0, 0.0, 0.0, 0.0, 0.0, 0.0], [0.13180853354952576, 1.1366025668208015, 0.0, 1.121810950462783, 0.11505563621990793, 0.0, 0.0, 0.0, 0.0, 0.0, 0.0, 0.0, 0.0, 0.0, 0.0, 0.9084412312416149, 0.0, 0.0, 0.0, 0.0, 0.0, 0.0, 0.0, 0.0, 0.0, 0.0, 0.0, 0.0, 0.0], [0.0, 0.0, 1.121810950462783, 0.0, 1.6536924522210845, 1.1220033605845752, 0.0, 0.0, 0.0, 0.0, 0.0, 0.0, 0.0, 0.0, 0.0, 0.0, 0.0, 0.0, 0.0, 0.0, 0.0, 0.0, 0.0, 0.0, 0.0, 0.0, 0.0, 0.0, 0.0], [0.0, 0.0, 0.11505563621990793, 1.6536924522210845, 0.0, 0.11506981050133623, 0.0, 0.0, 0.0, 0.0, 0.0, 0.0, 0.0, 0.0, 0.0, 0.0, 0.0, 0.0, 0.0, 0.0, 0.0, 0.0, 0.0, 0.0, 0.0, 0.0, 0.0, 0.0, 0.0], [0.0, 0.0, 0.0, 1.1220033605845752, 0.11506981050133623, 0.0, 1.1344482282654689, 0.1323615582510249, 0.0, 0.0, 0.0, 0.0, 0.0, 0.0, 0.0, 0.0, 0.9084196750153648, 0.0, 0.0, 0.0, 0.0, 0.0, 0.0, 0.0, 0.0, 0.0, 0.0, 0.0, 0.0], [0.0, 0.0, 0.0, 0.0, 0.0, 1.1344482282654689, 0.0, 1.753743204837072, 0.9492811347660953, 0.0, 0.0, 0.0, 0.0, 0.0, 0.0, 0.0, 0.0, 0.0, 0.0, 0.0, 0.0, 0.0, 0.0, 0.0, 0.0, 0.0, 0.0, 0.0, 0.0], [0.0, 0.0, 0.0, 0.0, 0.0, 0.1323615582510249, 1.753743204837072, 0.0, 0.0, 0.0, 0.0, 0.0, 0.0, 0.0, 0.0, 0.0, 0.0, 0.0, 0.0, 0.0, 0.0, 0.0, 0.0, 0.0, 0.0, 0.0, 0.0, 0.0, 0.0], [0.0, 0.9492152361478793, 0.0, 0.0, 0.0, 0.0, 0.9492811347660953, 0.0, 0.0, 0.9584546884435421, 0.0, 0.0, 0.9150418947668504, 0.0, 0.0, 0.0, 0.0, 0.0, 0.0, 0.0, 0.0, 0.0, 0.0, 0.0, 0.0, 0.0, 0.0, 0.0, 0.0], [0.0, 0.0, 0.0, 0.0, 0.0, 0.0, 0.0, 0.0, 0.9584546884435421, 0.0, 1.0083002861864334, 1.0094428580229777, 0.0, 0.0, 0.0, 0.0, 0.0, 0.9638557554687976, 0.0, 0.0, 0.0, 0.0, 0.0, 0.0, 0.0, 0.0, 0.0, 0.0, 0.0], [0.0, 0.0, 0.0, 0.0, 0.0, 0.0, 0.0, 0.0, 0.0, 1.0083002861864334, 0.0, 0.0, 0.0, 0.0, 0.0, 0.0, 0.0, 0.0, 0.9857441429217346, 0.9859188379344985, 0.9846966516482838, 0.0, 0.0, 0.0, 0.0, 0.0, 0.0, 0.0, 0.0], [0.0, 0.0, 0.0, 0.0, 0.0, 0.0, 0.0, 0.0, 0.0, 1.0094428580229777, 0.0, 0.0, 0.0, 0.0, 0.0, 0.0, 0.0, 0.0, 0.0, 0.0, 0.0, 0.9833260126777114, 0.9831018629911553, 0.9840861307379009, 0.0, 0.0, 0.0, 0.0, 0.0], [0.0, 0.0, 0.0, 0.0, 0.0, 0.0, 0.0, 0.0, 0.9150418947668504, 0.0, 0.0, 0.0, 0.0, 1.020597218228235, 0.0, 0.0, 0.0, 0.0, 0.0, 0.0, 0.0, 0.0, 0.0, 0.0, 0.9589363762433477, 0.9658863658833798, 0.0, 0.0, 0.0], [0.0, 0.0, 0.0, 0.0, 0.0, 0.0, 0.0, 0.0, 0.0, 0.0, 0.0, 0.0, 1.020597218228235, 0.0, 1.9758138900181188, 0.0, 0.0, 0.0, 0.0, 0.0, 0.0, 0.0, 0.0, 0.0, 0.0, 0.0, 0.9659205298097343, 0.0, 0.0], [0.0, 0.0, 0.0, 0.0, 0.0, 0.0, 0.0, 0.0, 0.0, 0.0, 0.0, 0.0, 0.0, 1.9758138900181188, 0.0, 0.0, 0.0, 0.0, 0.0, 0.0, 0.0, 0.0, 0.0, 0.0, 0.0, 0.0, 0.0, 0.9748010347035944, 0.975963049378556], [0.0, 0.0, 0.9084412312416149, 0.0, 0.0, 0.0, 0.0, 0.0, 0.0, 0.0, 0.0, 0.0, 0.0, 0.0, 0.0, 0.0, 0.0, 0.0, 0.0, 0.0, 0.0, 0.0, 0.0, 0.0, 0.0, 0.0, 0.0, 0.0, 0.0], [0.0, 0.0, 0.0, 0.0, 0.0, 0.9084196750153648, 0.0, 0.0, 0.0, 0.0, 0.0, 0.0, 0.0, 0.0, 0.0, 0.0, 0.0, 0.0, 0.0, 0.0, 0.0, 0.0, 0.0, 0.0, 0.0, 0.0, 0.0, 0.0, 0.0], [0.0, 0.0, 0.0, 0.0, 0.0, 0.0, 0.0, 0.0, 0.0, 0.9638557554687976, 0.0, 0.0, 0.0, 0.0, 0.0, 0.0, 0.0, 0.0, 0.0, 0.0, 0.0, 0.0, 0.0, 0.0, 0.0, 0.0, 0.0, 0.0, 0.0], [0.0, 0.0, 0.0, 0.0, 0.0, 0.0, 0.0, 0.0, 0.0, 0.0, 0.9857441429217346, 0.0, 0.0, 0.0, 0.0, 0.0, 0.0, 0.0, 0.0, 0.0, 0.0, 0.0, 0.0, 0.0, 0.0, 0.0, 0.0, 0.0, 0.0], [0.0, 0.0, 0.0, 0.0, 0.0, 0.0, 0.0, 0.0, 0.0, 0.0, 0.9859188379344985, 0.0, 0.0, 0.0, 0.0, 0.0, 0.0, 0.0, 0.0, 0.0, 0.0, 0.0, 0.0, 0.0, 0.0, 0.0, 0.0, 0.0, 0.0], [0.0, 0.0, 0.0, 0.0, 0.0, 0.0, 0.0, 0.0, 0.0, 0.0, 0.9846966516482838, 0.0, 0.0, 0.0, 0.0, 0.0, 0.0, 0.0, 0.0, 0.0, 0.0, 0.0, 0.0, 0.0, 0.0, 0.0, 0.0, 0.0, 0.0], [0.0, 0.0, 0.0, 0.0, 0.0, 0.0, 0.0, 0.0, 0.0, 0.0, 0.0, 0.9833260126777114, 0.0, 0.0, 0.0, 0.0, 0.0, 0.0, 0.0, 0.0, 0.0, 0.0, 0.0, 0.0, 0.0, 0.0, 0.0, 0.0, 0.0], [0.0, 0.0, 0.0, 0.0, 0.0, 0.0, 0.0, 0.0, 0.0, 0.0, 0.0, 0.9831018629911553, 0.0, 0.0, 0.0, 0.0, 0.0, 0.0, 0.0, 0.0, 0.0, 0.0, 0.0, 0.0, 0.0, 0.0, 0.0, 0.0, 0.0], [0.0, 0.0, 0.0, 0.0, 0.0, 0.0, 0.0, 0.0, 0.0, 0.0, 0.0, 0.9840861307379009, 0.0, 0.0, 0.0, 0.0, 0.0, 0.0, 0.0, 0.0, 0.0, 0.0, 0.0, 0.0, 0.0, 0.0, 0.0, 0.0, 0.0], [0.0, 0.0, 0.0, 0.0, 0.0, 0.0, 0.0, 0.0, 0.0, 0.0, 0.0, 0.0, 0.9589363762433477, 0.0, 0.0, 0.0, 0.0, 0.0, 0.0, 0.0, 0.0, 0.0, 0.0, 0.0, 0.0, 0.0, 0.0, 0.0, 0.0], [0.0, 0.0, 0.0, 0.0, 0.0, 0.0, 0.0, 0.0, 0.0, 0.0, 0.0, 0.0, 0.9658863658833798, 0.0, 0.0, 0.0, 0.0, 0.0, 0.0, 0.0, 0.0, 0.0, 0.0, 0.0, 0.0, 0.0, 0.0, 0.0, 0.0], [0.0, 0.0, 0.0, 0.0, 0.0, 0.0, 0.0, 0.0, 0.0, 0.0, 0.0, 0.0, 0.0, 0.9659205298097343, 0.0, 0.0, 0.0, 0.0, 0.0, 0.0, 0.0, 0.0, 0.0, 0.0, 0.0, 0.0, 0.0, 0.0, 0.0], [0.0, 0.0, 0.0, 0.0, 0.0, 0.0, 0.0, 0.0, 0.0, 0.0, 0.0, 0.0, 0.0, 0.0, 0.9748010347035944, 0.0, 0.0, 0.0, 0.0, 0.0, 0.0, 0.0, 0.0, 0.0, 0.0, 0.0, 0.0, 0.0, 0.0], [0.0, 0.0, 0.0, 0.0, 0.0, 0.0, 0.0, 0.0, 0.0, 0.0, 0.0, 0.0, 0.0, 0.0, 0.975963049378556, 0.0, 0.0, 0.0, 0.0, 0.0, 0.0, 0.0, 0.0, 0.0, 0.0, 0.0, 0.0, 0.0, 0.0]], "Born radii": [], "Atomic SASAs": [], "Solvent H bonds": [], "Total SASA": NaN, "Total FOD": 0.0, "FOD": [0.0, 0.0, 0.0, 0.0, 0.0, 0.0, 0.0, 0.0, 0.0, 0.0, 0.0, 0.0, 0.0, 0.0, 0.0, 0.0, 0.0, 0.0, 0.0, 0.0, 0.0, 0.0, 0.0, 0.0, 0.0, 0.0, 0.0, 0.0, 0.0], "FOD s proportion": [0.0, 0.0, 0.0, 0.0, 0.0, 0.0, 0.0, 0.0, 0.0, 0.0, 0.0, 0.0, 0.0, 0.0, 0.0, 0.0, 0.0, 0.0, 0.0, 0.0, 0.0, 0.0, 0.0, 0.0, 0.0, 0.0, 0.0, 0.0, 0.0], "FOD p proportion": [0.0, 0.0, 0.0, 0.0, 0.0, 0.0, 0.0, 0.0, 0.0, 0.0, 0.0, 0.0, 0.0, 0.0, 0.0, 0.0, 0.0, 0.0, 0.0, 0.0, 0.0, 0.0, 0.0, 0.0, 0.0, 0.0, 0.0, 0.0, 0.0], "FOD d proportion": [0.0, 0.0, 0.0, 0.0, 0.0, 0.0, 0.0, 0.0, 0.0, 0.0, 0.0, 0.0, 0.0, 0.0, 0.0, 0.0, 0.0, 0.0, 0.0, 0.0, 0.0, 0.0, 0.0, 0.0, 0.0, 0.0, 0.0, 0.0, 0.0], "coordinates": [["1.05420", "0.58000", "2.24370"], ["0.92980", "0.97100", "1.08510"], ["1.64580", "2.05610", "0.66110"], ["1.22010", "2.89530", "-0.31840"], ["1.58370", "4.06560", "-0.36270"], ["0.30360", "2.40330", "-1.19250"], ["-0.51680", "1.34420", "-0.91240"], ["-1.61280", "1.27570", "-1.46110"], ["0.05360", "0.28400", "0.03220"], ["-1.06900", "-0.55790", "0.73730"], ["-2.06180", "0.31520", "1.52610"], ["-1.86400", "-1.49410", "-0.18550"], ["1.00980", "-0.58640", "-0.84490"], ["1.67080", "-1.74600", "-0.14200"], ["1.61550", "-3.01340", "-0.57050"], ["2.20560", "2.50170", "1.37660"], ["-0.09770", "3.09860", "-1.80850"], ["-0.58390", "-1.20760", "1.47930"], ["-2.67850", "0.93290", "0.86650"], ["-1.55200", "0.97820", "2.23090"], ["-2.74090", "-0.31610", "2.11030"], ["-1.21860", "-2.19950", "-0.71280"], ["-2.44930", "-0.94820", "-0.92970"], ["-2.56970", "-2.09230", "0.40270"], ["1.82190", "0.03660", "-1.24510"], ["0.46780", "-0.94400", "-1.73100"], ["2.24160", "-1.53180", "0.76110"], ["1.07290", "-3.29510", "-1.46780"], ["2.11840", "-3.80590", "-0.02340"]], "bond_dist": [[0.0, 1.2291095638713418, 2.243542852276283, 3.4572378150772334, 4.384415419414543, 3.9617286239721166, 3.60735496589953, 4.617621739597127, 2.445311556836879, 2.8411328040061767, 3.2085081891745264, 4.326522239628499, 3.3018040947336655, 3.3885153164771147, 4.598619672249489, 2.402189680270898, 4.908211936133157, 2.5422810092513375, 3.9942793517729833, 2.6364759661335815, 3.901739968270566, 4.65103562016031, 4.967934686567448, 4.864475254331139, 3.6133602491309946, 4.297054927505582, 2.8403733486990754, 5.365816056295631, 5.050582427799787], [1.2291095638713418, 0.0, 1.367433365835425, 2.3993784257594717, 3.478542684803508, 2.762439409290274, 2.494380895132097, 3.6112035791408936, 1.5324143858630406, 2.5404136454522517, 3.0942244908862055, 3.93655443376565, 2.4812889311807282, 3.071961003984263, 4.368825838826721, 2.013871986994208, 3.7356872152256004, 2.6819730218628224, 3.615116382635558, 2.7335399612956093, 4.022648373894989, 4.230855376871206, 4.377335318432894, 4.700635797421451, 2.6643531691575726, 3.436726379856273, 2.844257913762393, 4.973669191854239, 5.045821619914837], [2.243542852276283, 1.367433365835425, 0.0, 1.3582699952513126, 2.2561278997432748, 2.3147098392671164, 2.7675878703304075, 3.9662615849184735, 2.4639306930187788, 3.7694749607869795, 4.18631766233763, 5.063531143382057, 3.107304016346003, 3.886072441424632, 5.217047718777354, 1.0118674073217302, 3.197737115524039, 4.036428002578518, 4.472509126877216, 3.721836279311598, 5.1933274853411655, 5.310604478776403, 5.322246437360826, 5.920002818411492, 2.7826228454463604, 4.013779567938429, 3.638406801060046, 5.78755311509104, 5.9207208184477], [3.4572378150772334, 2.3993784257594717, 1.3582699952513126, 0.0, 1.226282814035979, 1.3587078641120762, 2.403241315390529, 3.457483168433362, 2.8814111646899687, 4.27540308509034, 4.563985524736029, 5.366206069468447, 3.5275576862753075, 4.666466879771033, 5.92727857114882, 1.9997890413741146, 1.9995813911916662, 4.829071308233085, 4.52261912280926, 4.225960400902971, 5.648114256103536, 5.662137060333316, 5.348894867166488, 6.305451848202475, 3.064816767769323, 4.159521431607247, 4.66990330842085, 6.297923495883386, 6.7675733708619665], [4.384415419414543, 3.478542684803508, 2.2561278997432748, 1.226282814035979, 0.0, 2.2562059613430683, 3.4814204428652396, 4.382651802276791, 4.098493696469473, 5.442753856275332, 5.560821508554289, 6.544333367119985, 4.712004037561937, 5.81644130547193, 7.082120662626414, 2.420270090299841, 2.4192008184522424, 5.991501648168011, 5.430570022566692, 5.107975549080085, 6.634545127587874, 6.872185482799486, 6.459471219844548, 7.467014204486288, 4.131369022491213, 5.31164474150898, 5.746881381236261, 7.4607015179539244, 7.896932368331388], [3.9617286239721166, 2.762439409290274, 2.3147098392671164, 1.3587078641120762, 2.2562059613430683, 0.0, 1.3686507881852115, 2.239691201929409, 2.4604517024318935, 3.7916835627462375, 4.164860709555603, 4.571899552702356, 3.0915773142523864, 4.493270143225311, 5.607905535937638, 3.1980558734956457, 1.0118990957600464, 4.5787302060724215, 3.9108154610004293, 4.14654421536778, 5.250962240389851, 4.871649902240513, 4.345120769322758, 5.5687462942748605, 2.8123425360364624, 3.394313064524249, 4.801813091947666, 5.756680913512577, 6.5737704926472755], [3.60735496589953, 2.494380895132097, 2.7675878703304075, 2.403241315390529, 3.4814204428652396, 1.3686507881852115, 0.0, 1.2275911127081363, 1.5302448692938004, 2.5776771209753946, 3.064661196608852, 3.2247912087451494, 2.462169809334848, 3.8637347165663436, 4.863360634376193, 3.740426313938025, 2.0140902114850765, 3.498058681611845, 2.829593573289281, 3.3295540136781083, 4.103648643585364, 3.618034423550998, 2.998325082441862, 4.213480588539598, 2.7000045814775944, 2.622098846344279, 4.32212318311267, 4.935455373114015, 5.8530445111924445], [4.617621739597127, 3.6112035791408936, 3.9662615849184735, 3.457483168433362, 4.382651802276791, 2.239691201929409, 1.2275911127081363, 0.0, 2.447509497427947, 2.9138925786651777, 3.169783129805571, 3.059746531985942, 3.274927420569806, 4.65324882850681, 5.441642037106079, 4.912819541770286, 2.395658402193434, 3.98388833427846, 2.5828182456378928, 3.704465803594359, 4.069561992401639, 3.576641101648305, 2.434717523656492, 3.9664634184623457, 3.657757359366529, 3.0543101446971623, 5.260858147678951, 5.301437731408339, 6.466180734405744], [2.445311556836879, 1.5324143858630406, 2.4639306930187788, 2.8814111646899687, 4.098493696469473, 2.4604517024318935, 1.5302448692938004, 2.447509497427947, 0.0, 1.5704115320513918, 2.5899088420251393, 2.6241613250713076, 1.5624400820511486, 2.6012653613193715, 3.698057011458855, 3.369971609672699, 3.366458278369123, 2.1737928190147287, 2.9294194151742765, 2.809652414445602, 3.5338152003182053, 2.8881291678178105, 2.9509450791229574, 3.558900789569723, 2.195355766157276, 2.188245845420482, 2.93526299503128, 4.012347106121304, 4.581896158797141], [2.8411328040061767, 2.5404136454522517, 3.7694749607869795, 4.27540308509034, 5.442753856275332, 3.7916835627462375, 2.5776771209753946, 2.9138925786651777, 1.5704115320513918, 0.0, 1.5395326855900138, 1.5362471415758598, 2.6125808178887024, 3.1130779206438115, 3.8660524233383073, 4.526904219220902, 4.5601001721453445, 1.0990887589271399, 2.1976504567378314, 2.1962998816190837, 2.1768890302447668, 2.1954545611330696, 2.1991933020996584, 2.172197276952533, 3.5553681694024326, 2.933143763950209, 3.450959288371858, 4.116122624509624, 4.613858174023124], [3.2085081891745264, 3.0942244908862055, 4.18631766233763, 4.563985524736029, 5.560821508554289, 4.164860709555603, 3.064661196608852, 3.169783129805571, 2.5899088420251393, 1.5395326855900138, 0.0, 2.4984526991720295, 3.9836227381618357, 4.578581200546737, 5.384964699048639, 4.79727373202739, 4.767028584978277, 2.1225688422286804, 1.0940495144187945, 1.0937129788020254, 1.095904256766986, 3.4709329495108374, 2.7887792042397335, 2.7048190734317146, 4.779151921627937, 4.311978804446979, 4.74509067985007, 5.641280651589672, 6.071119130769878], [4.326522239628499, 3.93655443376565, 5.063531143382057, 5.366206069468447, 6.544333367119985, 4.571899552702356, 3.2247912087451494, 3.059746531985942, 2.6241613250713076, 1.5362471415758598, 2.4984526991720295, 0.0, 3.0850371294362082, 3.544031165212857, 3.81620462501685, 5.913393121550436, 5.1813934399927595, 2.119504022171225, 2.767750575828682, 3.4711093687753487, 2.725313789272714, 1.0918679453120694, 1.0928936544787877, 1.096282340457968, 4.129364776814953, 2.851047439100234, 4.213481245953279, 3.676040791395003, 4.607624703684102], [3.3018040947336655, 2.4812889311807282, 3.107304016346003, 3.5275576862753075, 4.712004037561937, 3.0915773142523864, 2.462169809334848, 3.274927420569806, 1.5624400820511486, 2.6125808178887024, 3.9836227381618357, 3.0850371294362082, 0.0, 1.5085296052779342, 2.516445280549529, 3.987651125662825, 3.9666492421185917, 2.885771087595134, 4.34058974564517, 4.297829456830506, 4.782679125762045, 2.7541438923919714, 3.4790031747614147, 4.07885533207541, 1.0989974749743514, 1.0985513051287137, 2.233908771637732, 2.780115413071911, 3.502718438584523], [3.3885153164771147, 3.071961003984263, 3.886072441424632, 4.666466879771033, 5.81644130547193, 4.493270143225311, 3.8637347165663436, 4.65324882850681, 2.6012653613193715, 3.1130779206438115, 4.578581200546737, 3.544031165212857, 1.5085296052779342, 0.0, 1.3390194546756966, 4.542588721202922, 5.419867494690253, 2.828808996733431, 5.206725261620782, 4.841317991002037, 5.155634411980741, 2.9799508804676633, 4.2699157064279385, 4.289342843606699, 2.101742986190272, 2.1483328419963237, 1.0896255733048854, 2.1248390197847935, 2.111302851321903], [4.598619672249489, 4.368825838826721, 5.217047718777354, 5.92727857114882, 7.082120662626414, 5.607905535937638, 4.863360634376193, 5.441642037106079, 3.698057011458855, 3.8660524233383073, 5.384964699048639, 3.81620462501685, 2.516445280549529, 1.3390194546756966, 0.0, 5.878413427958262, 6.467166476904704, 3.507129030988167, 6.006387324340648, 5.814960771148847, 5.782762046807736, 2.952084909009224, 4.573475125110008, 4.394478636880603, 3.130524895285134, 2.6356008612838173, 2.088132737639061, 1.0857794159036172, 1.0864083348354796], [2.402189680270898, 2.013871986994208, 1.0118674073217302, 1.9997890413741146, 2.420270090299841, 3.1980558734956457, 3.740426313938025, 4.912819541770286, 3.369971609672699, 4.526904219220902, 4.79727373202739, 5.913393121550436, 3.987651125662825, 4.542588721202922, 5.878413427958262, 0.0, 3.975719118599804, 4.642280046485778, 5.155169081611194, 4.143722782716044, 5.739875850573774, 6.179969210279288, 6.236098436522631, 6.697522474766321, 3.6190129303444056, 4.954793143008091, 4.080350291335292, 6.555647251797492, 6.461688757592709], [4.908211936133157, 3.7356872152256004, 3.197737115524039, 1.9995813911916662, 2.4192008184522424, 1.0118990957600464, 2.0140902114850765, 2.395658402193434, 3.366458278369123, 4.5601001721453445, 4.767028584978277, 5.1813934399927595, 3.9666492421185917, 5.419867494690253, 6.467166476904704, 3.975719118599804, 0.0, 5.439611908950858, 4.301907731460544, 4.788302100953949, 5.831267081003922, 5.525109855016459, 4.762237104554959, 6.160002617694248, 3.657612297660866, 4.082696567221228, 5.789280854303063, 6.5089001021678, 7.467918148319517], [2.5422810092513375, 2.6819730218628224, 4.036428002578518, 4.829071308233085, 5.991501648168011, 4.5787302060724215, 3.498058681611845, 3.98388833427846, 2.1737928190147287, 1.0990887589271399, 2.1225688422286804, 2.119504022171225, 2.885771087595134, 2.828808996733431, 3.507129030988167, 4.642280046485778, 5.439611908950858, 0.0, 3.056896015568734, 2.5059612546885077, 2.4177638945935147, 2.4883753957150434, 3.057823820955027, 2.425935549432425, 3.8416484274332032, 3.3884486037123245, 2.9333201547052448, 3.9734167790454604, 4.038774005809189], [3.9942793517729833, 3.615116382635558, 4.472509126877216, 4.52261912280926, 5.430570022566692, 3.9108154610004293, 2.829593573289281, 2.5828182456378928, 2.9294194151742765, 2.1976504567378314, 1.0940495144187945, 2.767750575828682, 4.34058974564517, 5.206725261620782, 6.006387324340648, 5.155169081611194, 4.301907731460544, 3.056896015568734, 0.0, 1.7699270323942737, 1.7637837735958453, 3.799661334908678, 2.611015949778936, 3.0624798644236013, 5.051317492496389, 4.490986923828659, 5.503929438137811, 6.1153857155538445, 6.801352590477867], [2.6364759661335815, 2.7335399612956093, 3.721836279311598, 4.225960400902971, 5.107975549080085, 4.14654421536778, 3.3295540136781083, 3.704465803594359, 2.809652414445602, 2.1962998816190837, 1.0937129788020254, 3.4711093687753487, 4.297829456830506, 4.841317991002037, 5.814960771148847, 4.143722782716044, 4.788302100953949, 2.5059612546885077, 1.7699270323942737, 0.0, 1.7616015610801439, 4.344456529878046, 3.8086161016831297, 3.7156424451230503, 4.934813853632171, 4.844697770759287, 4.780356995037086, 6.231498583005536, 6.437493103685626], [3.901739968270566, 4.022648373894989, 5.1933274853411655, 5.648114256103536, 6.634545127587874, 5.250962240389851, 4.103648643585364, 4.069561992401639, 3.5338152003182053, 2.1768890302447668, 1.095904256766986, 2.725313789272714, 4.782679125762045, 5.155634411980741, 5.782762046807736, 5.739875850573774, 5.831267081003922, 2.4177638945935147, 1.7637837735958453, 1.7616015610801439, 0.0, 3.719473949364345, 3.1186825696117264, 2.469836763836833, 5.6747026609329945, 5.044363169915505, 5.303166354169932, 6.018497407991466, 6.3517065596578055], [4.65103562016031, 4.230855376871206, 5.310604478776403, 5.662137060333316, 6.872185482799486, 4.871649902240513, 3.618034423550998, 3.576641101648305, 2.8881291678178105, 2.1954545611330696, 3.4709329495108374, 1.0918679453120694, 2.7541438923919714, 2.9799508804676633, 2.952084909009224, 6.179969210279288, 5.525109855016459, 2.4883753957150434, 3.799661334908678, 4.344456529878046, 3.719473949364345, 0.0, 1.7684512404926522, 1.7553641502548696, 3.811577986871054, 2.336012938748414, 3.819841428645959, 2.6497804833608387, 3.7671424608050064], [4.967934686567448, 4.377335318432894, 5.322246437360826, 5.348894867166488, 6.459471219844548, 4.345120769322758, 2.998325082441862, 2.434717523656492, 2.9509450791229574, 2.1991933020996584, 2.7887792042397335, 1.0928936544787877, 3.4790031747614147, 4.2699157064279385, 4.573475125110008, 6.236098436522631, 4.762237104554959, 3.057823820955027, 2.611015949778936, 3.8086161016831297, 3.1186825696117264, 1.7684512404926522, 0.0, 1.76032688157626, 4.394594138256683, 3.0251564819030436, 5.020352219715266, 4.266542401054981, 5.463672050004466], [4.864475254331139, 4.700635797421451, 5.920002818411492, 6.305451848202475, 7.467014204486288, 5.5687462942748605, 4.213480588539598, 3.9664634184623457, 3.558900789569723, 2.172197276952533, 2.7048190734317146, 1.096282340457968, 4.07885533207541, 4.289342843606699, 4.394478636880603, 6.697522474766321, 6.160002617694248, 2.425935549432425, 3.0624798644236013, 3.7156424451230503, 2.469836763836833, 1.7553641502548696, 1.76032688157626, 0.0, 5.151078587053395, 3.885572651489096, 4.857079214919189, 4.267790160024272, 5.009617528314911], [3.6133602491309946, 2.6643531691575726, 2.7826228454463604, 3.064816767769323, 4.131369022491213, 2.8123425360364624, 2.7000045814775944, 3.657757359366529, 2.195355766157276, 3.5553681694024326, 4.779151921627937, 4.129364776814953, 1.0989974749743514, 2.101742986190272, 3.130524895285134, 3.6190129303444056, 3.657612297660866, 3.8416484274332032, 5.051317492496389, 4.934813853632171, 5.6747026609329945, 3.811577986871054, 4.394594138256683, 5.151078587053395, 0.0, 1.7410519751001117, 2.580865182453357, 3.4221077101692754, 4.042928318681893], [4.297054927505582, 3.436726379856273, 4.013779567938429, 4.159521431607247, 5.31164474150898, 3.394313064524249, 2.622098846344279, 3.0543101446971623, 2.188245845420482, 2.933143763950209, 4.311978804446979, 2.851047439100234, 1.0985513051287137, 2.1483328419963237, 2.6356008612838173, 4.954793143008091, 4.082696567221228, 3.3884486037123245, 4.490986923828659, 4.844697770759287, 5.044363169915505, 2.336012938748414, 3.0251564819030436, 3.885572651489096, 1.7410519751001117, 0.0, 3.1148736234396415, 2.4419441967416047, 3.718985040303335], [2.8403733486990754, 2.844257913762393, 3.638406801060046, 4.66990330842085, 5.746881381236261, 4.801813091947666, 4.32212318311267, 5.260858147678951, 2.93526299503128, 3.450959288371858, 4.74509067985007, 4.213481245953279, 2.233908771637732, 1.0896255733048854, 2.088132737639061, 4.080350291335292, 5.789280854303063, 2.9333201547052448, 5.503929438137811, 4.780356995037086, 5.303166354169932, 3.819841428645959, 5.020352219715266, 4.857079214919189, 2.580865182453357, 3.1148736234396415, 0.0, 3.072959776827546, 2.408765098551538], [5.365816056295631, 4.973669191854239, 5.78755311509104, 6.297923495883386, 7.4607015179539244, 5.756680913512577, 4.935455373114015, 5.301437731408339, 4.012347106121304, 4.116122624509624, 5.641280651589672, 3.676040791395003, 2.780115413071911, 2.1248390197847935, 1.0857794159036172, 6.555647251797492, 6.5089001021678, 3.9734167790454604, 6.1153857155538445, 6.231498583005536, 6.018497407991466, 2.6497804833608387, 4.266542401054981, 4.267790160024272, 3.4221077101692754, 2.4419441967416047, 3.072959776827546, 0.0, 1.8547987087552114], [5.050582427799787, 5.045821619914837, 5.9207208184477, 6.7675733708619665, 7.896932368331388, 6.5737704926472755, 5.8530445111924445, 6.466180734405744, 4.581896158797141, 4.613858174023124, 6.071119130769878, 4.607624703684102, 3.502718438584523, 2.111302851321903, 1.0864083348354796, 6.461688757592709, 7.467918148319517, 4.038774005809189, 6.801352590477867, 6.437493103685626, 6.3517065596578055, 3.7671424608050064, 5.463672050004466, 5.009617528314911, 4.042928318681893, 3.718985040303335, 2.408765098551538, 1.8547987087552114, 0.0]]}