{"total energy": -23.01169285, "HOMO-LUMO gap/eV": 3.64597962, "electronic energy": -23.30620181, "dipole": [-0.1596956, -1.17455116, 0.06551779], "partial charges": [-0.1004944, -0.05223125, -0.05859619, -0.05386198, -0.07964202, 0.20725737, -0.32894711, 0.03517924, 0.03145412, 0.0322759, 0.03312085, 0.02712513, 0.02665395, 0.04420984, 0.03236971, 0.05120854, 0.06624592, 0.06423347, 0.0224389], "atomic dipole moments": [[-0.07706943, -0.0247947, -0.06358584], [-0.01540214, 0.00791214, 0.11192974], [0.00449384, -0.018057, -0.11705156], [-0.04085714, 0.0015014, 0.12149742], [0.03220994, 0.07805537, -0.01261017], [0.05292887, 0.02063245, -0.02960794], [-0.05690476, -0.14504227, 0.0305971], [-0.02295478, 0.10761181, 0.06260499], [0.02006698, -0.09107958, 0.08409091], [0.10561142, 0.01559855, -0.06458633], [-0.00951064, 0.09083265, -0.08447283], [0.03190976, -0.10091529, -0.06201744], [0.01380322, -0.08848017, 0.08421534], [-0.02692083, 0.10543795, 0.0669641], [0.02799443, -0.10163639, -0.05990521], [-0.0097898, 0.09081014, -0.09202616], [-0.07806091, -0.0592187, -0.08573659], [0.01891769, -0.07934209, 0.10357064], [-0.11567673, -0.01077474, 0.07119785]], "atomic quadrupole moments": [[0.08911325, 0.06524238, -0.11016882, 0.15848006, 0.04874209, 0.02105557], [0.2067625, 0.09772245, -0.21141957, 0.01998112, 0.03521264, 0.00465708], [0.20802388, 0.10176568, -0.22257076, 0.02045246, 0.02398117, 0.01454687], [0.22262006, 0.10192345, -0.20950444, -0.01459171, 0.03687249, -0.01311562], [0.06944714, -0.04048303, 0.05185761, -0.15754238, 0.0558843, -0.12130475], [-0.11769556, -0.02732958, -0.28623673, 0.53903126, -0.01145617, 0.40393229], [-0.01700395, -0.00355111, -0.15740125, 0.20288577, -0.00934824, 0.1744052], [-0.02609999, -0.03306418, 0.04255122, -0.0045957, 0.04932057, -0.01645123], [-0.04117196, 0.00161645, 0.03345031, 0.01504088, -0.05856802, 0.00772165], [0.04530454, 0.01603704, -0.05189747, -0.05125452, -0.00451944, 0.00659292], [-0.01576876, -0.00708292, 0.02165689, 0.01124232, -0.04364949, -0.00588813], [-0.01450978, -0.01321654, 0.03828822, -0.00616589, 0.0358393, -0.02377844], [-0.0216591, -0.00533772, 0.02620737, 0.00879149, -0.044715, -0.00454827], [-0.01262203, -0.0182959, 0.03599392, -0.00903892, 0.02960657, -0.02337189], [-0.0059232, -0.01733778, 0.03539066, -0.0052809, 0.04003252, -0.02946746], [-0.01543099, -0.00752403, 0.02287216, 0.01196814, -0.0413051, -0.00744117], [0.02326269, 0.03420997, -0.03648154, 0.02403652, 0.0418031, 0.01321886], [-0.00655078, -0.01883373, -0.01445338, 0.00158422, -0.05793292, 0.02100416], [-0.01717275, 0.00378704, 0.0684564, -0.03790275, 0.00064691, -0.05128365]], "number of molecular orbitals": 40, "number of electrons": 42, "number of unpaired electrons": 0, "orbital energies/eV": [-19.36609613, -17.57707073, -16.93474687, -16.58301928, -16.05173555, -15.43313861, -15.22463441, -15.17607265, -14.68747493, -14.19362772, -13.88615908, -13.66710899, -13.3201713, -13.02616483, -12.89693001, -12.45435263, -11.9676624, -11.88073757, -11.7076594, -11.47463743, -10.98688682, -7.3409072, 1.54182864, 1.91055637, 2.78018931, 3.24403583, 3.59689002, 3.8538386, 4.23665606, 4.40672094, 4.65924491, 4.89050413, 5.22677073, 6.12229731, 6.31257598, 6.88641527, 7.22415155, 7.32201795, 8.30990069, 14.45076881], "fractional occupation": [2.0, 2.0, 2.0, 2.0, 2.0, 2.0, 2.0, 2.0, 2.0, 2.0, 2.0, 2.0, 2.0, 2.0, 2.0, 2.0, 2.0, 2.0, 2.0, 2.0, 2.0, 0.0, 0.0, 0.0, 0.0, 0.0, 0.0, 0.0, 0.0, 0.0, 0.0, 0.0, 0.0, 0.0, 0.0, 0.0, 0.0, 0.0, 0.0, 0.0], "program call": "xtb /home/svss/Project-DBcg-Debug/aqme2_20220329/End-to-End-workflows-final/example-3/QDESCP/mol_163_rdkit_conf_2/mol_163_rdkit_conf_2.xyz --pop --wbo --acc 0.2 --gfn 2 --chrg 0 --uhf 0 --etemp 300 --input /home/svss/Project-DBcg-Debug/aqme2_20220329/End-to-End-workflows-final/example-3/QDESCP/mol_163_rdkit_conf_2/mol_163_rdkit_conf_2_xtb.inp", "method": "GFN2-xTB", "xtb version": "6.3.3 (7355c4f)", "Dipole module/D": 3.017, "Total charge": 0, "Transition dipole module/D": NaN, "HOMO": -10.9869, "LUMO": -7.3409, "HOMO occupancy": 2.0, "LUMO occupancy": 0, "mulliken charges": [-0.08317, -0.03762, -0.04797, -0.03498, -0.08249, 0.38601, -0.47375, 0.03001, 0.02541, 0.02854, 0.02672, 0.01952, 0.01807, 0.03802, 0.02377, 0.04204, 0.05427, 0.04873, 0.01885], "cm5 charges": [-0.2335, -0.15014, -0.15791, -0.14343, -0.18633, 0.36574, -0.53028, 0.08131, 0.0767, 0.07931, 0.08147, 0.07422, 0.07355, 0.09616, 0.0788, 0.09983, 0.10974, 0.10454, 0.08022], "FUKUI+": [0.009, 0.005, 0.009, 0.024, 0.031, -0.172, -0.336, -0.006, -0.012, -0.023, -0.011, -0.019, -0.021, 0.011, -0.059, -0.025, -0.11, -0.108, -0.187], "FUKUI-": [0.022, 0.01, 0.014, 0.017, -0.001, -0.01, -0.145, -0.074, -0.072, -0.057, -0.087, -0.098, -0.071, -0.077, -0.081, -0.047, -0.066, -0.056, -0.12], "FUKUIrad": [0.016, 0.007, 0.012, 0.021, 0.015, -0.091, -0.24, -0.04, -0.042, -0.04, -0.049, -0.059, -0.046, -0.033, -0.07, -0.036, -0.088, -0.082, -0.154], "s proportion": [1.007, 1.027, 1.032, 1.028, 1.041, 1.057, 1.737, 0.97, 0.975, 0.971, 0.973, 0.98, 0.982, 0.962, 0.976, 0.958, 0.946, 0.951, 0.981], "p proportion": [3.076, 3.011, 3.016, 3.007, 3.041, 2.557, 4.736, 0.0, 0.0, 0.0, 0.0, 0.0, 0.0, 0.0, 0.0, 0.0, 0.0, 0.0, 0.0], "d proportion": [0.0, 0.0, 0.0, 0.0, 0.0, 0.0, 0.0, 0.0, 0.0, 0.0, 0.0, 0.0, 0.0, 0.0, 0.0, 0.0, 0.0, 0.0, 0.0], "Fermi-level/eV": -9.1639, "Coordination numbers": [3.75, 3.8, 3.801, 3.801, 3.801, 2.756, 0.856, 0.924, 0.924, 0.924, 0.924, 0.924, 0.924, 0.924, 0.924, 0.924, 0.924, 0.924, 0.923], "Dispersion coefficient C6": [22.483, 21.512, 21.628, 21.541, 22.02, 23.601, 20.312, 2.514, 2.566, 2.554, 2.543, 2.628, 2.635, 2.394, 2.553, 2.305, 2.127, 2.15, 2.697], "Total dispersion C6": 2649.294074, "Total dispersion C8": 56215.861229, "Polarizability alpha": [6.762, 6.604, 6.621, 6.608, 6.681, 7.955, 6.043, 2.48, 2.505, 2.499, 2.494, 2.535, 2.538, 2.42, 2.499, 2.374, 2.281, 2.293, 2.568], "Total polarizability alpha": 76.760359, "Wiberg matrix": [[0.0, 1.0203020405426426, 0.0, 0.0, 0.0, 0.0, 0.0, 0.987527772812788, 0.9877384928983364, 0.9872975747096248, 0.0, 0.0, 0.0, 0.0, 0.0, 0.0, 0.0, 0.0, 0.0], [1.0203020405426426, 0.0, 1.0079134167041623, 0.0, 0.0, 0.0, 0.0, 0.0, 0.0, 0.0, 0.9778769113880366, 0.9780616584176619, 0.0, 0.0, 0.0, 0.0, 0.0, 0.0, 0.0], [0.0, 1.0079134167041623, 0.0, 1.0075593500444793, 0.0, 0.0, 0.0, 0.0, 0.0, 0.0, 0.0, 0.0, 0.9771817409476893, 0.9762080352609488, 0.0, 0.0, 0.0, 0.0, 0.0], [0.0, 0.0, 1.0075593500444793, 0.0, 1.007064121604913, 0.0, 0.0, 0.0, 0.0, 0.0, 0.0, 0.0, 0.0, 0.0, 0.9768185969185676, 0.9744410640223367, 0.0, 0.0, 0.0], [0.0, 0.0, 0.0, 1.007064121604913, 0.0, 1.016336382697362, 0.0, 0.0, 0.0, 0.0, 0.0, 0.0, 0.0, 0.0, 0.0, 0.0, 0.9403581964077732, 0.9477952899275436, 0.0], [0.0, 0.0, 0.0, 0.0, 1.016336382697362, 0.0, 1.914961670852425, 0.0, 0.0, 0.0, 0.0, 0.0, 0.0, 0.0, 0.0, 0.0, 0.0, 0.0, 0.9378722073355539], [0.0, 0.0, 0.0, 0.0, 0.0, 1.914961670852425, 0.0, 0.0, 0.0, 0.0, 0.0, 0.0, 0.0, 0.0, 0.0, 0.0, 0.0, 0.0, 0.0], [0.987527772812788, 0.0, 0.0, 0.0, 0.0, 0.0, 0.0, 0.0, 0.0, 0.0, 0.0, 0.0, 0.0, 0.0, 0.0, 0.0, 0.0, 0.0, 0.0], [0.9877384928983364, 0.0, 0.0, 0.0, 0.0, 0.0, 0.0, 0.0, 0.0, 0.0, 0.0, 0.0, 0.0, 0.0, 0.0, 0.0, 0.0, 0.0, 0.0], [0.9872975747096248, 0.0, 0.0, 0.0, 0.0, 0.0, 0.0, 0.0, 0.0, 0.0, 0.0, 0.0, 0.0, 0.0, 0.0, 0.0, 0.0, 0.0, 0.0], [0.0, 0.9778769113880366, 0.0, 0.0, 0.0, 0.0, 0.0, 0.0, 0.0, 0.0, 0.0, 0.0, 0.0, 0.0, 0.0, 0.0, 0.0, 0.0, 0.0], [0.0, 0.9780616584176619, 0.0, 0.0, 0.0, 0.0, 0.0, 0.0, 0.0, 0.0, 0.0, 0.0, 0.0, 0.0, 0.0, 0.0, 0.0, 0.0, 0.0], [0.0, 0.0, 0.9771817409476893, 0.0, 0.0, 0.0, 0.0, 0.0, 0.0, 0.0, 0.0, 0.0, 0.0, 0.0, 0.0, 0.0, 0.0, 0.0, 0.0], [0.0, 0.0, 0.9762080352609488, 0.0, 0.0, 0.0, 0.0, 0.0, 0.0, 0.0, 0.0, 0.0, 0.0, 0.0, 0.0, 0.0, 0.0, 0.0, 0.0], [0.0, 0.0, 0.0, 0.9768185969185676, 0.0, 0.0, 0.0, 0.0, 0.0, 0.0, 0.0, 0.0, 0.0, 0.0, 0.0, 0.0, 0.0, 0.0, 0.0], [0.0, 0.0, 0.0, 0.9744410640223367, 0.0, 0.0, 0.0, 0.0, 0.0, 0.0, 0.0, 0.0, 0.0, 0.0, 0.0, 0.0, 0.0, 0.0, 0.0], [0.0, 0.0, 0.0, 0.0, 0.9403581964077732, 0.0, 0.0, 0.0, 0.0, 0.0, 0.0, 0.0, 0.0, 0.0, 0.0, 0.0, 0.0, 0.0, 0.0], [0.0, 0.0, 0.0, 0.0, 0.9477952899275436, 0.0, 0.0, 0.0, 0.0, 0.0, 0.0, 0.0, 0.0, 0.0, 0.0, 0.0, 0.0, 0.0, 0.0], [0.0, 0.0, 0.0, 0.0, 0.0, 0.9378722073355539, 0.0, 0.0, 0.0, 0.0, 0.0, 0.0, 0.0, 0.0, 0.0, 0.0, 0.0, 0.0, 0.0]], "Born radii": [], "Atomic SASAs": [], "Solvent H bonds": [], "Total SASA": NaN, "Total FOD": 0.0, "FOD": [0.0, 0.0, 0.0, 0.0, 0.0, 0.0, 0.0, 0.0, 0.0, 0.0, 0.0, 0.0, 0.0, 0.0, 0.0, 0.0, 0.0, 0.0, 0.0], "FOD s proportion": [0.0, 0.0, 0.0, 0.0, 0.0, 0.0, 0.0, 0.0, 0.0, 0.0, 0.0, 0.0, 0.0, 0.0, 0.0, 0.0, 0.0, 0.0, 0.0], "FOD p proportion": [0.0, 0.0, 0.0, 0.0, 0.0, 0.0, 0.0, 0.0, 0.0, 0.0, 0.0, 0.0, 0.0, 0.0, 0.0, 0.0, 0.0, 0.0, 0.0], "FOD d proportion": [0.0, 0.0, 0.0, 0.0, 0.0, 0.0, 0.0, 0.0, 0.0, 0.0, 0.0, 0.0, 0.0, 0.0, 0.0, 0.0, 0.0, 0.0, 0.0], "coordinates": [["2.79180", "0.44730", "0.48770"], ["1.65710", "0.09610", "-0.46130"], ["0.34060", "-0.10540", "0.28970"], ["-0.79730", "-0.46280", "-0.67160"], ["-2.12150", "-0.69230", "0.05200"], ["-2.78840", "0.57660", "0.52970"], ["-2.38330", "1.71130", "0.30240"], ["2.57790", "1.37460", "1.02880"], ["2.95110", "-0.34980", "1.22090"], ["3.72310", "0.58670", "-0.07020"], ["1.54510", "0.89810", "-1.20020"], ["1.91690", "-0.81690", "-1.00980"], ["0.46020", "-0.90680", "1.02910"], ["0.09470", "0.80810", "0.84310"], ["-0.53080", "-1.38280", "-1.20630"], ["-0.90870", "0.32470", "-1.42670"], ["-2.82840", "-1.17910", "-0.62920"], ["-1.98300", "-1.35010", "0.91650"], ["-3.71710", "0.42240", "1.10600"]], "bond_dist": [[0.0, 1.5203573691734453, 2.520528264074815, 3.879935219820042, 5.062513164427328, 5.581855832068757, 5.330449521381851, 1.0947272308662097, 1.0946812960857604, 1.0945339007997883, 2.1462730348210592, 2.1461961466743897, 2.7501016944833148, 2.744236544104753, 4.154343843496829, 4.168172065786153, 5.956449496973847, 5.119885862009035, 6.538248550644124], [1.5203573691734453, 0.0, 1.5289785806217169, 2.5259997347584977, 3.893952928580416, 4.579894267338494, 4.417798194802474, 2.16860160011008, 2.168653879714326, 2.1591673325613274, 1.096230454785854, 1.096319884887618, 2.1586269200582118, 2.1562692596241315, 2.743916292455001, 2.750924346469746, 4.666265712537168, 4.152126598503471, 5.607577607131264], [2.520528264074815, 1.5289785806217169, 0.0, 1.5318775603813775, 2.5422213337945228, 3.2114428221595355, 3.2741703361309717, 2.78247733144405, 2.7823686042650784, 3.4712874657682846, 2.1627839721063222, 2.163250838437374, 1.096931392567466, 1.095992983554183, 2.151535433126771, 2.1660483512608852, 3.4698371575622966, 2.7094784165960797, 4.172510973023318], [3.879935219820042, 2.5259997347584977, 1.5318775603813775, 0.0, 1.5263593449774535, 2.5471461010315055, 2.8619543689583873, 4.202305790872435, 4.20057469996666, 4.679438894782151, 2.760127629295428, 2.7580151721845185, 2.1612086294478834, 2.1691396681633943, 1.0969623238744346, 1.0966960472254836, 2.154124105059873, 2.1714620397326776, 3.531100797201915], [5.062513164427328, 3.893952928580416, 2.5422213337945228, 1.5263593449774535, 0.0, 1.510979850957649, 2.4307472842728837, 5.225951990785986, 5.21679060534348, 5.984155997298198, 4.18823740492346, 4.177513490103892, 2.7687378983934177, 2.7908030761771783, 2.1425301934861967, 2.1660393648315814, 1.0957715500960952, 1.095099694091821, 2.2134614182316343], [5.581855832068757, 4.579894267338494, 3.2114428221595355, 2.5471461010315055, 1.510979850957649, 0.0, 1.2260976266186963, 5.4482181031966785, 5.854727547034106, 6.539083595581264, 4.677086540785834, 5.143126538400548, 3.606005806983677, 2.9093087529514636, 3.456834118091292, 2.7247434117729323, 2.1040750224267195, 2.123783484727198, 1.103803886566812], [5.330449521381851, 4.417798194802474, 3.2741703361309717, 2.8619543689583873, 2.4307472842728837, 1.2260976266186963, 0.0, 5.02538847155123, 5.792028903588103, 6.220263409213472, 4.283856622250563, 5.1580407249264715, 3.932941996775442, 2.6923244102447983, 3.9091414338701025, 2.6621216219399146, 3.0692677840162466, 3.1479404155733315, 2.0214001607796512], [1.0947272308662097, 2.16860160011008, 2.78247733144405, 4.202305790872435, 5.225951990785986, 5.4482181031966785, 5.02538847155123, 0.0, 1.774749562614399, 1.772024393172961, 2.502432634457919, 3.065205247613934, 3.11278642698146, 2.55375977335379, 4.718362264599869, 4.391827617291007, 6.204710096370337, 5.313982516907634, 6.367077012256095], [1.0946812960857604, 2.168653879714326, 2.7823686042650784, 4.20057469996666, 5.21679060534348, 5.854727547034106, 5.792028903588103, 1.774749562614399, 0.0, 1.771991946934297, 3.0652594702569633, 2.5027533917667557, 2.5596130664614134, 3.105235290601986, 4.368296744727858, 4.728931385630373, 6.124804384631398, 5.043669523273705, 6.713746054923435], [1.0945339007997883, 2.1591673325613274, 3.4712874657682846, 4.679438894782151, 5.984155997298198, 6.539083595581264, 6.220263409213472, 1.772024393172961, 1.771991946934297, 0.0, 2.473368949429098, 2.4729131727579925, 3.7530679650120913, 3.7481223846080587, 4.823413591016221, 4.833457095082153, 6.8082804649926105, 6.106091085137856, 7.53438895797131], [2.1462730348210592, 1.096230454785854, 2.1627839721063222, 2.760127629295428, 4.18823740492346, 4.677086540785834, 4.283856622250563, 2.502432634457919, 3.0652594702569633, 2.473368949429098, 0.0, 1.765138068254152, 3.066667655615783, 2.507356187301676, 3.0841372910426665, 2.5300640802161514, 4.875274668159734, 4.6885298058133325, 5.765032330351669], [2.1461961466743897, 1.096319884887618, 2.163250838437374, 2.7580151721845185, 4.177513490103892, 5.143126538400548, 5.1580407249264715, 3.065205247613934, 2.5027533917667557, 2.4729131727579925, 1.765138068254152, 0.0, 2.5074230018088293, 3.06500836051062, 2.5199385607589724, 3.075885487140248, 4.774297570323828, 4.382254435789871, 6.144463372012238], [2.7501016944833148, 2.1586269200582118, 1.096931392567466, 2.1612086294478834, 2.7687378983934177, 3.606005806983677, 3.932941996775442, 3.11278642698146, 2.5596130664614134, 3.7530679650120913, 3.066667655615783, 2.5074230018088293, 0.0, 1.7632550184247315, 2.4911182549208695, 3.0694353063715156, 3.693101154856173, 2.485642751885315, 4.384349614252951], [2.744236544104753, 2.1562692596241315, 1.095992983554183, 2.1691396681633943, 2.7908030761771783, 2.9093087529514636, 2.6923244102447983, 2.55375977335379, 3.105235290601986, 3.7481223846080587, 2.507356187301676, 3.06500836051062, 1.7632550184247315, 0.0, 3.064528254071089, 2.5283352546685736, 3.828987430117785, 2.9966735040708055, 3.840273445993136], [4.154343843496829, 2.743916292455001, 2.151535433126771, 1.0969623238744346, 2.1425301934861967, 3.456834118091292, 3.9091414338701025, 4.718362264599869, 4.368296744727858, 4.823413591016221, 3.0841372910426665, 2.5199385607589724, 2.4911182549208695, 3.064528254071089, 0.0, 1.7626516445401228, 2.3777097930571762, 2.572204107375618, 4.3310490669120805], [4.168172065786153, 2.750924346469746, 2.1660483512608852, 1.0966960472254836, 2.1660393648315814, 2.7247434117729323, 2.6621216219399146, 4.391827617291007, 4.728931385630373, 4.833457095082153, 2.5300640802161514, 3.075885487140248, 3.0694353063715156, 2.5283352546685736, 1.7626516445401228, 0.0, 2.5656712143218976, 3.0740302161820074, 3.783017993613036], [5.956449496973847, 4.666265712537168, 3.4698371575622966, 2.154124105059873, 1.0957715500960952, 2.1040750224267195, 3.0692677840162466, 6.204710096370337, 6.124804384631398, 6.8082804649926105, 4.875274668159734, 4.774297570323828, 3.693101154856173, 3.828987430117785, 2.3777097930571762, 2.5656712143218976, 0.0, 1.7700651541680605, 2.5229960324978715], [5.119885862009035, 4.152126598503471, 2.7094784165960797, 2.1714620397326776, 1.095099694091821, 2.123783484727198, 3.1479404155733315, 5.313982516907634, 5.043669523273705, 6.106091085137856, 4.6885298058133325, 4.382254435789871, 2.485642751885315, 2.9966735040708055, 2.572204107375618, 3.0740302161820074, 1.7700651541680605, 0.0, 2.486919642851373], [6.538248550644124, 5.607577607131264, 4.172510973023318, 3.531100797201915, 2.2134614182316343, 1.103803886566812, 2.0214001607796512, 6.367077012256095, 6.713746054923435, 7.53438895797131, 5.765032330351669, 6.144463372012238, 4.384349614252951, 3.840273445993136, 4.3310490669120805, 3.783017993613036, 2.5229960324978715, 2.486919642851373, 0.0]]}