{"total energy": -32.51680611, "HOMO-LUMO gap/eV": 3.84813514, "electronic energy": -32.95010122, "dipole": [0.27905999, 1.25001052, 0.13643751], "partial charges": [-0.10006066, -0.05154839, -0.05823081, -0.05772428, -0.05764763, -0.05297182, -0.083124, 0.2350347, -0.36437861, -0.13630463, 0.03232532, 0.03011701, 0.03141956, 0.02904631, 0.02800642, 0.03249792, 0.02945691, 0.03187597, 0.0266215, 0.04218655, 0.02645007, 0.02956207, 0.04958368, 0.05396586, 0.05893157, 0.06274596, 0.06374197, 0.06842149], "atomic dipole moments": [[0.08583601, 0.01685918, 0.04727549], [-0.04272176, -0.10209597, -0.01706823], [0.04114533, 0.10088241, 0.02468681], [-0.00490578, 0.03057077, -0.10697077], [0.01259127, -0.03045233, 0.11348133], [0.01308734, 0.04993155, -0.1142432], [-0.02752321, -0.08161725, -0.01039243], [-0.00414982, -0.01396464, -0.00699009], [0.03726496, 0.15791571, 0.01397529], [-0.05149176, -0.01950299, 0.05699174], [0.01728759, -0.07116737, -0.10278046], [-0.05041026, 0.10759752, -0.0366053], [-0.0834881, -0.05749776, 0.07461902], [0.07184462, 0.06315082, -0.07808079], [-0.02360018, 0.07537868, 0.09476626], [0.024801, -0.07452902, -0.09732471], [-0.07698142, -0.06543487, 0.06807412], [0.03290155, -0.10909499, 0.0449197], [-0.02605671, 0.0670956, 0.10018924], [0.02070487, -0.06740206, -0.10639532], [-0.03081701, 0.11257598, -0.03771415], [-0.02205645, 0.06593775, 0.09894196], [0.03146317, -0.11711191, 0.04520485], [-0.04196247, 0.11043982, -0.05595407], [0.09022481, 0.02813651, 0.08993766], [-0.06168689, 0.09687419, -0.07011117], [0.10649565, 0.04212353, 0.07226162], [0.0438964, -0.09004719, -0.08791605]], "atomic quadrupole moments": [[0.14202602, 0.04811368, -0.0962119, 0.1498364, 0.02242214, -0.04581412], [0.09343262, -0.04810055, 0.03370994, 0.18526089, -0.04628634, -0.12714257], [0.06714658, -0.06287723, 0.02891726, 0.19238858, -0.05738689, -0.09606384], [0.1772766, 0.13527078, -0.1581875, 0.02870802, -0.04958798, -0.0190891], [0.18655637, 0.11376918, -0.1760163, 0.03735704, -0.08173329, -0.01054008], [0.1909806, 0.13730367, -0.17181227, 0.00366048, -0.06199295, -0.01916832], [0.00355942, 0.06077109, -0.00153093, -0.18648632, 0.06510609, -0.00202849], [0.21162375, -0.15161283, -0.28544274, 0.43382903, -0.1436778, 0.07381899], [0.09037011, -0.0632409, -0.11902609, 0.1913232, -0.06038632, 0.02865598], [0.01466615, 0.11335567, -0.00370082, -0.13749805, -0.0864676, -0.01096533], [-0.02127289, -0.01541762, -0.00809209, -0.02009243, 0.06051543, 0.02936499], [-0.01938125, -0.03496733, 0.05964525, 0.02271197, -0.02882518, -0.040264], [0.00415605, 0.03923425, -0.02312139, -0.03909754, -0.03868659, 0.01896534], [0.01801467, 0.01753893, -0.02260487, -0.03232937, -0.02777727, 0.0045902], [-0.02178534, -0.01691664, -0.01281179, -0.00876224, 0.03722432, 0.03459713], [-0.0220365, -0.02292599, -0.01427457, -0.01568194, 0.03097345, 0.03631107], [0.0220097, 0.01870254, -0.02207454, -0.02982215, -0.03436314, 6.483e-05], [-0.00241951, -0.02147226, 0.04206848, 0.00966352, -0.02371838, -0.03964897], [-0.01543942, -0.0060899, 0.00839157, -0.01940561, 0.04766309, 0.00704785], [-0.01528133, -0.00893672, 0.00251747, -0.01622436, 0.0425713, 0.01276386], [-0.0132626, -0.02222123, 0.0474761, 0.00731776, -0.01728259, -0.0342135], [-0.00812749, -0.00692868, -0.00599865, -0.01578273, 0.05084493, 0.01412614], [-0.00963588, -0.02038624, 0.04449181, 0.0071165, -0.01369143, -0.03485594], [-0.00826966, -0.02951801, 0.02596615, -0.00879101, -0.04773136, -0.01769649], [0.03225408, 0.02844177, -0.05254801, 0.03288368, 0.00779498, 0.02029393], [-0.02299659, -0.0536786, 0.03479093, 0.01491647, -0.04221854, -0.01179434], [0.02760847, 0.03695729, -0.03001758, 0.04608982, 0.03745221, 0.00240911], [-0.02947312, -0.02066556, 0.02235741, -0.03134673, 0.05073879, 0.00711571]], "number of molecular orbitals": 58, "number of electrons": 60, "number of unpaired electrons": 0, "orbital energies/eV": [-19.07972386, -17.42315913, -17.08629736, -16.8389482, -16.55354148, -16.16321834, -15.66099652, -15.318592, -15.20287844, -14.94294044, -14.6895147, -14.64305413, -13.99396336, -13.93089839, -13.65576145, -13.47583913, -13.3733255, -13.11212382, -13.00877973, -12.81884636, -12.76139194, -12.5078912, -12.22729342, -12.10572263, -11.90767918, -11.67219875, -11.50369133, -11.343351, -11.24233384, -10.72019686, -6.87206173, 1.37781896, 1.82676682, 2.43956901, 2.83460713, 3.25574325, 3.35152959, 3.66261255, 3.76889891, 4.0406148, 4.19497114, 4.46294438, 4.59174171, 4.67153791, 4.8018385, 5.07613557, 5.3843158, 5.66917382, 5.78256099, 6.31155301, 6.60965978, 6.69892696, 7.13551107, 7.36098175, 7.50722726, 8.31659274, 8.43960111, 15.17317163], "fractional occupation": [2.0, 2.0, 2.0, 2.0, 2.0, 2.0, 2.0, 2.0, 2.0, 2.0, 2.0, 2.0, 2.0, 2.0, 2.0, 2.0, 2.0, 2.0, 2.0, 2.0, 2.0, 2.0, 2.0, 2.0, 2.0, 2.0, 2.0, 2.0, 2.0, 2.0, 0.0, 0.0, 0.0, 0.0, 0.0, 0.0, 0.0, 0.0, 0.0, 0.0, 0.0, 0.0, 0.0, 0.0, 0.0, 0.0, 0.0, 0.0, 0.0, 0.0, 0.0, 0.0, 0.0, 0.0, 0.0, 0.0, 0.0, 0.0], "program call": "xtb /home/svss/Project-DBcg-Debug/aqme2_20220329/End-to-End-workflows-final/example-3/QDESCP/mol_949_rdkit_conf_13/mol_949_rdkit_conf_13.xyz --pop --wbo --acc 0.2 --gfn 2 --chrg 0 --uhf 0 --etemp 300 --input /home/svss/Project-DBcg-Debug/aqme2_20220329/End-to-End-workflows-final/example-3/QDESCP/mol_949_rdkit_conf_13/mol_949_rdkit_conf_13_xtb.inp", "method": "GFN2-xTB", "xtb version": "6.3.3 (7355c4f)", "Dipole module/D": 3.274, "Total charge": 0, "Transition dipole module/D": NaN, "HOMO": -10.7202, "LUMO": -6.8721, "HOMO occupancy": 2.0, "LUMO occupancy": 0, "mulliken charges": [-0.08325, -0.04009, -0.04671, -0.04484, -0.04802, -0.03238, -0.08484, 0.39778, -0.49367, -0.12671, 0.02727, 0.02711, 0.02641, 0.02119, 0.02089, 0.02621, 0.02418, 0.02822, 0.01995, 0.03765, 0.01733, 0.02243, 0.04221, 0.04082, 0.0513, 0.05196, 0.05337, 0.06423], "cm5 charges": [-0.23365, -0.15276, -0.15723, -0.15541, -0.15818, -0.14091, -0.187, 0.41289, -0.54547, -0.26847, 0.07855, 0.07788, 0.07768, 0.07649, 0.07571, 0.0814, 0.07909, 0.08319, 0.07515, 0.09589, 0.07346, 0.07744, 0.10023, 0.09728, 0.10735, 0.10452, 0.10597, 0.1189], "FUKUI+": [0.005, 0.002, 0.005, 0.005, 0.007, 0.022, 0.029, -0.195, -0.297, 0.051, -0.004, -0.011, -0.01, 0.007, -0.007, -0.003, -0.019, -0.008, -0.018, 0.013, -0.018, -0.054, -0.021, -0.092, -0.097, -0.107, -0.108, -0.077], "FUKUI-": [0.018, 0.004, 0.01, 0.011, 0.006, 0.013, -0.003, -0.024, -0.124, 0.002, -0.046, -0.048, -0.064, -0.071, -0.059, -0.046, -0.066, -0.053, -0.042, -0.038, -0.044, -0.061, -0.036, -0.043, -0.053, -0.047, -0.052, -0.043], "FUKUIrad": [0.012, 0.003, 0.007, 0.008, 0.007, 0.017, 0.013, -0.11, -0.211, 0.027, -0.025, -0.029, -0.037, -0.032, -0.033, -0.024, -0.042, -0.03, -0.03, -0.013, -0.031, -0.058, -0.029, -0.068, -0.075, -0.077, -0.08, -0.06], "s proportion": [1.008, 1.027, 1.032, 1.032, 1.032, 1.029, 1.042, 1.076, 1.739, 1.022, 0.973, 0.973, 0.974, 0.979, 0.979, 0.974, 0.976, 0.972, 0.98, 0.962, 0.983, 0.978, 0.958, 0.959, 0.949, 0.948, 0.947, 0.936], "p proportion": [3.076, 3.014, 3.015, 3.013, 3.016, 3.004, 3.043, 2.527, 4.754, 3.105, 0.0, 0.0, 0.0, 0.0, 0.0, 0.0, 0.0, 0.0, 0.0, 0.0, 0.0, 0.0, 0.0, 0.0, 0.0, 0.0, 0.0, 0.0], "d proportion": [0.0, 0.0, 0.0, 0.0, 0.0, 0.0, 0.0, 0.0, 0.0, 0.0, 0.0, 0.0, 0.0, 0.0, 0.0, 0.0, 0.0, 0.0, 0.0, 0.0, 0.0, 0.0, 0.0, 0.0, 0.0, 0.0, 0.0, 0.0], "Fermi-level/eV": -8.7961, "Coordination numbers": [3.75, 3.799, 3.801, 3.8, 3.8, 3.801, 3.802, 2.809, 0.857, 3.751, 0.924, 0.924, 0.924, 0.924, 0.924, 0.924, 0.924, 0.924, 0.924, 0.924, 0.924, 0.924, 0.924, 0.924, 0.924, 0.924, 0.924, 0.924], "Dispersion coefficient C6": [22.474, 21.501, 21.622, 21.613, 21.612, 21.525, 22.085, 23.084, 20.982, 23.186, 2.554, 2.585, 2.566, 2.6, 2.615, 2.551, 2.594, 2.56, 2.635, 2.42, 2.638, 2.593, 2.325, 2.271, 2.212, 2.167, 2.156, 2.103], "Total dispersion C6": 5607.605021, "Total dispersion C8": 119223.281878, "Polarizability alpha": [6.761, 6.602, 6.62, 6.619, 6.619, 6.606, 6.691, 7.872, 6.141, 6.867, 2.499, 2.514, 2.505, 2.522, 2.529, 2.498, 2.519, 2.502, 2.539, 2.433, 2.54, 2.518, 2.385, 2.357, 2.326, 2.302, 2.296, 2.268], "Total polarizability alpha": 111.448919, "Wiberg matrix": [[0.0, 1.0197695898154782, 0.0, 0.0, 0.0, 0.0, 0.0, 0.0, 0.0, 0.0, 0.9878076276844854, 0.987558952666568, 0.9876684074679632, 0.0, 0.0, 0.0, 0.0, 0.0, 0.0, 0.0, 0.0, 0.0, 0.0, 0.0, 0.0, 0.0, 0.0, 0.0], [1.0197695898154782, 0.0, 1.0087972261635667, 0.0, 0.0, 0.0, 0.0, 0.0, 0.0, 0.0, 0.0, 0.0, 0.0, 0.9764433189804731, 0.9780143361418341, 0.0, 0.0, 0.0, 0.0, 0.0, 0.0, 0.0, 0.0, 0.0, 0.0, 0.0, 0.0, 0.0], [0.0, 1.0087972261635667, 0.0, 1.0065028298844987, 0.0, 0.0, 0.0, 0.0, 0.0, 0.0, 0.0, 0.0, 0.0, 0.0, 0.0, 0.9770102691126463, 0.9767502271344717, 0.0, 0.0, 0.0, 0.0, 0.0, 0.0, 0.0, 0.0, 0.0, 0.0, 0.0], [0.0, 0.0, 1.0065028298844987, 0.0, 1.00807898008368, 0.0, 0.0, 0.0, 0.0, 0.0, 0.0, 0.0, 0.0, 0.0, 0.0, 0.0, 0.0, 0.9768633394559594, 0.9773437943103074, 0.0, 0.0, 0.0, 0.0, 0.0, 0.0, 0.0, 0.0, 0.0], [0.0, 0.0, 0.0, 1.00807898008368, 0.0, 1.007414169590496, 0.0, 0.0, 0.0, 0.0, 0.0, 0.0, 0.0, 0.0, 0.0, 0.0, 0.0, 0.0, 0.0, 0.976317338305299, 0.9755760788474649, 0.0, 0.0, 0.0, 0.0, 0.0, 0.0, 0.0], [0.0, 0.0, 0.0, 0.0, 1.007414169590496, 0.0, 1.0066293365505874, 0.0, 0.0, 0.0, 0.0, 0.0, 0.0, 0.0, 0.0, 0.0, 0.0, 0.0, 0.0, 0.0, 0.0, 0.9769743598328111, 0.9746113980189505, 0.0, 0.0, 0.0, 0.0, 0.0], [0.0, 0.0, 0.0, 0.0, 0.0, 1.0066293365505874, 0.0, 0.9923707095377702, 0.0, 0.0, 0.0, 0.0, 0.0, 0.0, 0.0, 0.0, 0.0, 0.0, 0.0, 0.0, 0.0, 0.0, 0.0, 0.9583118679968856, 0.9466769160714193, 0.0, 0.0, 0.0], [0.0, 0.0, 0.0, 0.0, 0.0, 0.0, 0.9923707095377702, 0.0, 1.8575789732174433, 1.008021222628226, 0.0, 0.0, 0.0, 0.0, 0.0, 0.0, 0.0, 0.0, 0.0, 0.0, 0.0, 0.0, 0.0, 0.0, 0.0, 0.0, 0.0, 0.0], [0.0, 0.0, 0.0, 0.0, 0.0, 0.0, 0.0, 1.8575789732174433, 0.0, 0.0, 0.0, 0.0, 0.0, 0.0, 0.0, 0.0, 0.0, 0.0, 0.0, 0.0, 0.0, 0.0, 0.0, 0.0, 0.0, 0.0, 0.0, 0.0], [0.0, 0.0, 0.0, 0.0, 0.0, 0.0, 0.0, 1.008021222628226, 0.0, 0.0, 0.0, 0.0, 0.0, 0.0, 0.0, 0.0, 0.0, 0.0, 0.0, 0.0, 0.0, 0.0, 0.0, 0.0, 0.0, 0.9642337745552811, 0.9623082686090607, 0.9828611988232987], [0.9878076276844854, 0.0, 0.0, 0.0, 0.0, 0.0, 0.0, 0.0, 0.0, 0.0, 0.0, 0.0, 0.0, 0.0, 0.0, 0.0, 0.0, 0.0, 0.0, 0.0, 0.0, 0.0, 0.0, 0.0, 0.0, 0.0, 0.0, 0.0], [0.987558952666568, 0.0, 0.0, 0.0, 0.0, 0.0, 0.0, 0.0, 0.0, 0.0, 0.0, 0.0, 0.0, 0.0, 0.0, 0.0, 0.0, 0.0, 0.0, 0.0, 0.0, 0.0, 0.0, 0.0, 0.0, 0.0, 0.0, 0.0], [0.9876684074679632, 0.0, 0.0, 0.0, 0.0, 0.0, 0.0, 0.0, 0.0, 0.0, 0.0, 0.0, 0.0, 0.0, 0.0, 0.0, 0.0, 0.0, 0.0, 0.0, 0.0, 0.0, 0.0, 0.0, 0.0, 0.0, 0.0, 0.0], [0.0, 0.9764433189804731, 0.0, 0.0, 0.0, 0.0, 0.0, 0.0, 0.0, 0.0, 0.0, 0.0, 0.0, 0.0, 0.0, 0.0, 0.0, 0.0, 0.0, 0.0, 0.0, 0.0, 0.0, 0.0, 0.0, 0.0, 0.0, 0.0], [0.0, 0.9780143361418341, 0.0, 0.0, 0.0, 0.0, 0.0, 0.0, 0.0, 0.0, 0.0, 0.0, 0.0, 0.0, 0.0, 0.0, 0.0, 0.0, 0.0, 0.0, 0.0, 0.0, 0.0, 0.0, 0.0, 0.0, 0.0, 0.0], [0.0, 0.0, 0.9770102691126463, 0.0, 0.0, 0.0, 0.0, 0.0, 0.0, 0.0, 0.0, 0.0, 0.0, 0.0, 0.0, 0.0, 0.0, 0.0, 0.0, 0.0, 0.0, 0.0, 0.0, 0.0, 0.0, 0.0, 0.0, 0.0], [0.0, 0.0, 0.9767502271344717, 0.0, 0.0, 0.0, 0.0, 0.0, 0.0, 0.0, 0.0, 0.0, 0.0, 0.0, 0.0, 0.0, 0.0, 0.0, 0.0, 0.0, 0.0, 0.0, 0.0, 0.0, 0.0, 0.0, 0.0, 0.0], [0.0, 0.0, 0.0, 0.9768633394559594, 0.0, 0.0, 0.0, 0.0, 0.0, 0.0, 0.0, 0.0, 0.0, 0.0, 0.0, 0.0, 0.0, 0.0, 0.0, 0.0, 0.0, 0.0, 0.0, 0.0, 0.0, 0.0, 0.0, 0.0], [0.0, 0.0, 0.0, 0.9773437943103074, 0.0, 0.0, 0.0, 0.0, 0.0, 0.0, 0.0, 0.0, 0.0, 0.0, 0.0, 0.0, 0.0, 0.0, 0.0, 0.0, 0.0, 0.0, 0.0, 0.0, 0.0, 0.0, 0.0, 0.0], [0.0, 0.0, 0.0, 0.0, 0.976317338305299, 0.0, 0.0, 0.0, 0.0, 0.0, 0.0, 0.0, 0.0, 0.0, 0.0, 0.0, 0.0, 0.0, 0.0, 0.0, 0.0, 0.0, 0.0, 0.0, 0.0, 0.0, 0.0, 0.0], [0.0, 0.0, 0.0, 0.0, 0.9755760788474649, 0.0, 0.0, 0.0, 0.0, 0.0, 0.0, 0.0, 0.0, 0.0, 0.0, 0.0, 0.0, 0.0, 0.0, 0.0, 0.0, 0.0, 0.0, 0.0, 0.0, 0.0, 0.0, 0.0], [0.0, 0.0, 0.0, 0.0, 0.0, 0.9769743598328111, 0.0, 0.0, 0.0, 0.0, 0.0, 0.0, 0.0, 0.0, 0.0, 0.0, 0.0, 0.0, 0.0, 0.0, 0.0, 0.0, 0.0, 0.0, 0.0, 0.0, 0.0, 0.0], [0.0, 0.0, 0.0, 0.0, 0.0, 0.9746113980189505, 0.0, 0.0, 0.0, 0.0, 0.0, 0.0, 0.0, 0.0, 0.0, 0.0, 0.0, 0.0, 0.0, 0.0, 0.0, 0.0, 0.0, 0.0, 0.0, 0.0, 0.0, 0.0], [0.0, 0.0, 0.0, 0.0, 0.0, 0.0, 0.9583118679968856, 0.0, 0.0, 0.0, 0.0, 0.0, 0.0, 0.0, 0.0, 0.0, 0.0, 0.0, 0.0, 0.0, 0.0, 0.0, 0.0, 0.0, 0.0, 0.0, 0.0, 0.0], [0.0, 0.0, 0.0, 0.0, 0.0, 0.0, 0.9466769160714193, 0.0, 0.0, 0.0, 0.0, 0.0, 0.0, 0.0, 0.0, 0.0, 0.0, 0.0, 0.0, 0.0, 0.0, 0.0, 0.0, 0.0, 0.0, 0.0, 0.0, 0.0], [0.0, 0.0, 0.0, 0.0, 0.0, 0.0, 0.0, 0.0, 0.0, 0.9642337745552811, 0.0, 0.0, 0.0, 0.0, 0.0, 0.0, 0.0, 0.0, 0.0, 0.0, 0.0, 0.0, 0.0, 0.0, 0.0, 0.0, 0.0, 0.0], [0.0, 0.0, 0.0, 0.0, 0.0, 0.0, 0.0, 0.0, 0.0, 0.9623082686090607, 0.0, 0.0, 0.0, 0.0, 0.0, 0.0, 0.0, 0.0, 0.0, 0.0, 0.0, 0.0, 0.0, 0.0, 0.0, 0.0, 0.0, 0.0], [0.0, 0.0, 0.0, 0.0, 0.0, 0.0, 0.0, 0.0, 0.0, 0.9828611988232987, 0.0, 0.0, 0.0, 0.0, 0.0, 0.0, 0.0, 0.0, 0.0, 0.0, 0.0, 0.0, 0.0, 0.0, 0.0, 0.0, 0.0, 0.0]], "Born radii": [], "Atomic SASAs": [], "Solvent H bonds": [], "Total SASA": NaN, "Total FOD": 0.0, "FOD": [0.0, 0.0, 0.0, 0.0, 0.0, 0.0, 0.0, 0.0, 0.0, 0.0, 0.0, 0.0, 0.0, 0.0, 0.0, 0.0, 0.0, 0.0, 0.0, 0.0, 0.0, 0.0, 0.0, 0.0, 0.0, 0.0, 0.0, 0.0], "FOD s proportion": [0.0, 0.0, 0.0, 0.0, 0.0, 0.0, 0.0, 0.0, 0.0, 0.0, 0.0, 0.0, 0.0, 0.0, 0.0, 0.0, 0.0, 0.0, 0.0, 0.0, 0.0, 0.0, 0.0, 0.0, 0.0, 0.0, 0.0, 0.0], "FOD p proportion": [0.0, 0.0, 0.0, 0.0, 0.0, 0.0, 0.0, 0.0, 0.0, 0.0, 0.0, 0.0, 0.0, 0.0, 0.0, 0.0, 0.0, 0.0, 0.0, 0.0, 0.0, 0.0, 0.0, 0.0, 0.0, 0.0, 0.0, 0.0], "FOD d proportion": [0.0, 0.0, 0.0, 0.0, 0.0, 0.0, 0.0, 0.0, 0.0, 0.0, 0.0, 0.0, 0.0, 0.0, 0.0, 0.0, 0.0, 0.0, 0.0, 0.0, 0.0, 0.0, 0.0, 0.0, 0.0, 0.0, 0.0, 0.0], "coordinates": [["-4.23580", "0.08440", "-0.84950"], ["-2.92540", "0.35240", "-0.12490"], ["-2.26940", "-0.94850", "0.33940"], ["-1.00450", "-0.72860", "1.17410"], ["0.14450", "-0.09800", "0.38340"], ["1.41560", "-0.00590", "1.23500"], ["2.57530", "0.64550", "0.48320"], ["3.19240", "-0.24400", "-0.58330"], ["2.93030", "-1.44100", "-0.68970"], ["4.18920", "0.41540", "-1.50080"], ["-4.07420", "-0.54040", "-1.73380"], ["-4.68740", "1.02620", "-1.17660"], ["-4.95000", "-0.42470", "-0.19430"], ["-2.25730", "0.89620", "-0.80100"], ["-3.11790", "1.00150", "0.73710"], ["-2.03260", "-1.57490", "-0.52930"], ["-2.98630", "-1.51310", "0.94860"], ["-0.67930", "-1.70170", "1.56280"], ["-1.24220", "-0.10460", "2.04430"], ["0.33610", "-0.69310", "-0.51660"], ["-0.13630", "0.90820", "0.05300"], ["1.19980", "0.59530", "2.12690"], ["1.70350", "-1.00430", "1.58570"], ["2.24240", "1.57750", "0.01330"], ["3.37220", "0.88830", "1.19530"], ["3.70520", "1.23270", "-2.04120"], ["5.03000", "0.79520", "-0.91530"], ["4.56220", "-0.31350", "-2.22580"]], "bond_dist": [[0.0, 1.5211894425087236, 2.519344077334416, 3.8983619188064105, 4.55415637193103, 6.0242523436522815, 6.962902104008069, 7.440219367733723, 7.328394804457522, 8.456617390540973, 1.094749327471819, 1.0944972407457225, 1.0947837640374467, 2.139119851714719, 2.146642117354451, 2.7766697264889104, 2.7104280307729995, 4.653819587177827, 4.167905997020567, 4.649472902383668, 4.2777392323515935, 6.218176833284818, 6.510818014658374, 6.703793455201316, 7.918909410392318, 8.111610369094413, 9.293256475531061, 8.91388411973142], [1.5211894425087236, 0.0, 1.5291341667754337, 2.55847978495043, 3.1441238938693234, 4.563111646672695, 5.541966592284728, 6.1638705664541655, 6.15016301328672, 7.246696003697132, 2.1691916674189953, 2.159797057595922, 2.16972485121962, 1.0950740888177384, 1.0960981069229159, 2.162201769030818, 2.15318399353144, 3.480319426432005, 2.783422332309633, 3.44730059466824, 2.84949835234204, 4.706047034401589, 5.117958817731928, 5.312826563139437, 6.4567702924914405, 6.957872529732058, 8.006821664056218, 7.805213474338802], [2.519344077334416, 1.5291341667754337, 0.0, 1.5313562975349662, 2.5597264424152826, 3.907661592308116, 5.102218393012984, 5.583811850340232, 5.323390193288484, 6.852742021264188, 2.7788499221800373, 3.4705071805141103, 2.782951399144441, 2.1687730771106506, 2.163473489553316, 1.096854999532755, 1.0971979812230788, 2.142996922536288, 2.1619415024463544, 2.7543774995450425, 2.84244181294886, 4.196882572815208, 4.164169994128482, 5.18105746445646, 5.994501614813362, 6.791224849760167, 7.608942248433747, 7.3249050915353155], [3.8983619188064105, 2.55847978495043, 1.5313562975349662, 0.0, 1.5307069771840722, 2.5264378302265817, 3.8962111929411627, 4.575725246340737, 4.411792746718731, 5.9530114815948405, 4.23253585218129, 4.708382518445162, 4.187104491172868, 2.8478944660924497, 2.76598528014883, 2.162125079638086, 2.1433202607170023, 1.0971628593786793, 1.0968706988519659, 2.157993303974783, 2.1655832216749373, 2.7421665777264517, 2.752941890051441, 4.1482422132754015, 4.66586732987555, 6.030433306985493, 6.565268391315011, 6.536036789217148], [4.55415637193103, 3.1441238938693234, 2.5597264424152826, 1.5307069771840722, 0.0, 1.5327753194777114, 2.5439223514093348, 3.2008622744504334, 3.2735109973849177, 4.4914794099494655, 4.740852591043092, 5.200450293003482, 5.137548095152005, 2.856550409147369, 3.4608174901314865, 2.784603977229078, 3.481934475259407, 2.1544104738883907, 2.163693430225271, 1.0958351016462284, 1.0956510575908736, 2.1526995215310474, 2.167345376261015, 2.7102506655289287, 3.471313381128244, 4.508661901274036, 5.133472331667913, 5.135215494991423], [6.0242523436522815, 4.563111646672695, 3.907661592308116, 2.5264378302265817, 1.5327753194777114, 0.0, 1.527883925565028, 2.5534143298728473, 2.838714178990199, 3.918539560856825, 6.263973797039704, 6.642864891746632, 6.537519047008582, 4.2952619035397595, 4.670693890633382, 4.179066729546204, 4.661587756333672, 2.7151052447373014, 2.7800375932709973, 2.1692548605454363, 2.1543204079245037, 1.0970399673667317, 1.0966674336370166, 2.1640944272374067, 2.1516164365425356, 4.184481396780251, 4.281289368870084, 4.6875202356896555], [6.962902104008069, 5.541966592284728, 5.102218393012984, 3.8962111929411627, 2.5439223514093348, 1.527883925565028, 0.0, 1.5196857931822616, 2.419752396424064, 2.567854205362913, 7.108958999741101, 7.459670221933408, 7.631151576269469, 5.006599933088322, 5.709967377314865, 5.214218524381194, 5.983940648101384, 4.155394705680797, 4.192014965383592, 2.7938265228893506, 2.758053279035776, 2.143891317208034, 2.1673443496592784, 1.0955603223921537, 1.0959415404117137, 2.8273792122741512, 2.829092509975593, 3.493727752701976], [7.440219367733723, 6.1638705664541655, 5.583811850340232, 4.575725246340737, 3.2008622744504334, 2.5534143298728473, 1.5196857931822616, 0.0, 1.2299700687415123, 1.5067265345775254, 7.3630821515178, 8.003540527166711, 8.15368942565266, 5.571954721639435, 6.566171829917338, 5.392108660811649, 6.491045070710879, 4.660546683598396, 5.156490209435096, 2.892159986930184, 3.579481278062507, 3.466996292181461, 2.738510598847483, 2.1392273862308326, 2.116092930379004, 2.1375404417226824, 2.137038698760507, 2.1398571307449474], [7.328394804457522, 6.15016301328672, 5.323390193288484, 4.411792746718731, 3.2735109973849177, 2.838714178990199, 2.419752396424064, 1.2299700687415123, 0.0, 2.3851485027142436, 7.1389246683236545, 8.022063371726754, 7.960993338773749, 5.690877374359774, 6.676996909539497, 4.967296425622291, 6.1396564122107025, 4.2627377235762465, 5.164346736035449, 2.7054004620388454, 3.933748783285481, 3.8825743392754246, 2.621676999555819, 3.1747059170890144, 3.0288841344627233, 3.0944618191213804, 3.075748021213702, 2.5087760103285426], [8.456617390540973, 7.246696003697132, 6.852742021264188, 5.9530114815948405, 4.4914794099494655, 3.918539560856825, 2.567854205362913, 1.5067265345775254, 2.3851485027142436, 0.0, 8.321755956527445, 8.903494248889029, 9.27025818950044, 6.502172785308, 7.664556088254557, 6.604233610344202, 7.823456580054624, 6.129441215967406, 6.506784149639513, 4.128413920623753, 4.622455681777814, 4.704155998688819, 4.2096003171322565, 2.726353876517133, 2.856585132636519, 1.0928254435178564, 1.092704411082888, 1.0936403476463368], [1.094749327471819, 2.1691916674189953, 2.7788499221800373, 4.23253585218129, 4.740852591043092, 6.263973797039704, 7.108958999741101, 7.3630821515178, 7.1389246683236545, 8.321755956527445, 0.0, 1.772208125475109, 1.7749570079300512, 2.4970104144756786, 3.0655035654847964, 2.586337383250685, 3.0536767117689454, 4.872528631008749, 4.741749176200699, 4.577732978232786, 4.56049916237247, 6.633995400963133, 6.679528482610131, 6.887473729895454, 8.12832599370867, 7.984825779564637, 9.237977443683222, 8.653378101643312], [1.0944972407457225, 2.159797057595922, 3.4705071805141103, 4.708382518445162, 5.200450293003482, 6.642864891746632, 7.459670221933408, 8.003540527166711, 8.022063371726754, 8.903494248889029, 1.772208125475109, 0.0, 1.7717174887661973, 2.4623893619815695, 2.475113740820813, 3.772622634189643, 3.7226684971939146, 5.56871766028769, 4.849980256660846, 5.350434070241405, 4.715755652066803, 6.764459394511878, 7.252367499651407, 7.05279531391632, 8.402504280272638, 8.439544429055399, 9.723656794128432, 9.40482412860549], [1.0947837640374467, 2.16972485121962, 2.782951399144441, 4.187104491172868, 5.137548095152005, 6.537519047008582, 7.631151576269469, 8.15368942565266, 7.960993338773749, 9.27025818950044, 1.7749570079300512, 1.7717174887661973, 0.0, 3.059982841455161, 2.501628031902425, 3.1537926057367818, 2.519315911115555, 4.791347190509158, 4.342991458660724, 5.302713367701483, 5.0009486490065065, 6.651947795946688, 6.911830322714817, 7.468769668425985, 8.538967736207931, 9.00391589309896, 10.080099057548988, 9.72734838123936], [2.139119851714719, 1.0950740888177384, 2.1687730771106506, 2.8478944660924497, 2.856550409147369, 4.2952619035397595, 5.006599933088322, 5.571954721639435, 5.690877374359774, 6.502172785308, 2.4970104144756786, 2.4623893619815695, 3.059982841455161, 0.0, 1.765636446157589, 2.496126236791721, 3.065496313812822, 3.8505478636162933, 3.182414294211236, 3.0549110314377406, 2.286504100149396, 4.540339153631587, 4.99961736335892, 4.6232622973394015, 5.972984710343733, 6.0994044414188515, 7.288896129044507, 7.070997764106562], [2.146642117354451, 1.0960981069229159, 2.163473489553316, 2.76598528014883, 3.4608174901314865, 4.670693890633382, 5.709967377314865, 6.566171829917338, 6.676996909539497, 7.664556088254557, 3.0655035654847964, 2.475113740820813, 2.501628031902425, 1.765636446157589, 0.0, 3.069117464353556, 2.5269079860572683, 3.7330738929198817, 2.5397794274306578, 4.04642420539419, 3.060496080703258, 4.55401754168778, 5.290487081545517, 5.439529256286798, 6.507239006675565, 7.370691822346123, 8.316324901060565, 8.336182424827326], [2.7766697264889104, 2.162201769030818, 1.096854999532755, 2.162125079638086, 2.784603977229078, 4.179066729546204, 5.214218524381194, 5.392108660811649, 4.967296425622291, 6.604233610344202, 2.586337383250685, 3.772622634189643, 3.1537926057367818, 2.496126236791721, 3.069117464353556, 0.0, 1.7599861760820736, 2.494871046767748, 3.067561117565549, 2.5275427236745176, 3.178177557972493, 4.713128073795577, 4.330964392603569, 5.339257019473777, 6.184938353775242, 6.564358933665952, 7.459670821825853, 6.925361308263995], [2.7104280307729995, 2.15318399353144, 1.0971979812230788, 2.1433202607170023, 3.481934475259407, 4.661587756333672, 5.983940648101384, 6.491045070710879, 6.1396564122107025, 7.823456580054624, 3.0536767117689454, 3.7226684971939146, 2.519315911115555, 3.065496313812822, 2.5269079860572683, 1.7599861760820736, 0.0, 2.394798655419699, 2.4952586138514783, 3.7225734109618305, 3.845424950509371, 4.8329260970968715, 4.760146834920116, 6.1453964998200075, 6.80133112706623, 7.826525022639357, 8.54771535499399, 8.27621337146403], [4.653819587177827, 3.480319426432005, 2.142996922536288, 1.0971628593786793, 2.1544104738883907, 2.7151052447373014, 4.155394705680797, 4.660546683598396, 4.2627377235762465, 6.129441215967406, 4.872528631008749, 5.56871766028769, 4.791347190509158, 3.8505478636162933, 3.7330738929198817, 2.494871046767748, 2.394798655419699, 0.0, 1.7605189774609076, 2.5243247572370713, 3.063645385810832, 3.02083343135632, 2.48286669195106, 4.657298979022069, 4.822635016254081, 6.389316051816501, 6.706086467530822, 6.614673948880625], [4.167905997020567, 2.783422332309633, 2.1619415024463544, 1.0968706988519659, 2.163693430225271, 2.7800375932709973, 4.192014965383592, 5.156490209435096, 5.164346736035449, 6.506784149639513, 4.741749176200699, 4.849980256660846, 4.342991458660724, 3.182414294211236, 2.5397794274306578, 3.067561117565549, 2.4952586138514783, 1.7605189774609076, 0.0, 3.0652197229562517, 2.4928005014441084, 2.541662206116305, 3.1139882048588428, 4.369995259722829, 4.795762584824232, 6.554116897035023, 6.993523077819933, 7.208914799052628], [4.649472902383668, 3.44730059466824, 2.7543774995450425, 2.157993303974783, 1.0958351016462284, 2.1692548605454363, 2.7938265228893506, 2.892159986930184, 2.7054004620388454, 4.128413920623753, 4.577732978232786, 5.350434070241405, 5.302713367701483, 3.0549110314377406, 4.04642420539419, 2.5275427236745176, 3.7225734109618305, 2.5243247572370713, 3.0652197229562517, 0.0, 1.764020297502271, 3.0649705545078243, 2.527111689261082, 3.0117101553768415, 3.827444418930208, 4.169405906121399, 4.940313329132071, 4.574426959740422], [4.2777392323515935, 2.84949835234204, 2.84244181294886, 2.1655832216749373, 1.0956510575908736, 2.1543204079245037, 2.758053279035776, 3.579481278062507, 3.933748783285481, 4.622455681777814, 4.56049916237247, 4.715755652066803, 5.0009486490065065, 2.286504100149396, 3.060496080703258, 3.178177557972493, 3.845424950509371, 3.063645385810832, 2.4928005014441084, 1.764020297502271, 0.0, 2.4867912719003984, 3.064586363606025, 2.471386709926231, 3.689826222195294, 4.387265223348139, 5.257473687998829, 5.362963973401276], [6.218176833284818, 4.706047034401589, 4.196882572815208, 2.7421665777264517, 2.1526995215310474, 1.0970399673667317, 2.143891317208034, 3.466996292181461, 3.8825743392754246, 4.704155998688819, 6.633995400963133, 6.764459394511878, 6.651947795946688, 4.540339153631587, 4.55401754168778, 4.713128073795577, 4.8329260970968715, 3.02083343135632, 2.541662206116305, 3.0649705545078243, 2.4867912719003984, 0.0, 1.7621950204219738, 2.553240403878961, 2.3818163909084173, 4.90472889464851, 4.895444095278793, 5.574733042038875], [6.510818014658374, 5.117958817731928, 4.164169994128482, 2.752941890051441, 2.167345376261015, 1.0966674336370166, 2.1673443496592784, 2.738510598847483, 2.621676999555819, 4.2096003171322565, 6.679528482610131, 7.252367499651407, 6.911830322714817, 4.99961736335892, 5.290487081545517, 4.330964392603569, 4.760146834920116, 2.48286669195106, 3.1139882048588428, 2.527111689261082, 3.064586363606025, 1.7621950204219738, 0.0, 3.0705937878527663, 2.5532149556980115, 4.7080118415314125, 4.534181679200779, 4.814239564043318], [6.703793455201316, 5.312826563139437, 5.18105746445646, 4.1482422132754015, 2.7102506655289287, 2.1640944272374067, 1.0955603223921537, 2.1392273862308326, 3.1747059170890144, 2.726353876517133, 6.887473729895454, 7.05279531391632, 7.468769668425985, 4.6232622973394015, 5.439529256286798, 5.339257019473777, 6.1453964998200075, 4.657298979022069, 4.369995259722829, 3.0117101553768415, 2.471386709926231, 2.553240403878961, 3.0705937878527663, 0.0, 1.7744206603846788, 2.5455139225704504, 3.0405599829636647, 3.737769635758737], [7.918909410392318, 6.4567702924914405, 5.994501614813362, 4.66586732987555, 3.471313381128244, 2.1516164365425356, 1.0959415404117137, 2.116092930379004, 3.0288841344627233, 2.856585132636519, 8.12832599370867, 8.402504280272638, 8.538967736207931, 5.972984710343733, 6.507239006675565, 6.184938353775242, 6.80133112706623, 4.822635016254081, 4.795762584824232, 3.827444418930208, 3.689826222195294, 2.3818163909084173, 2.5532149556980115, 1.7744206603846788, 0.0, 3.271762920811959, 2.6854423862745596, 3.8163265649050526], [8.111610369094413, 6.957872529732058, 6.791224849760167, 6.030433306985493, 4.508661901274036, 4.184481396780251, 2.8273792122741512, 2.1375404417226824, 3.0944618191213804, 1.0928254435178564, 7.984825779564637, 8.439544429055399, 9.00391589309896, 6.0994044414188515, 7.370691822346123, 6.564358933665952, 7.826525022639357, 6.389316051816501, 6.554116897035023, 4.169405906121399, 4.387265223348139, 4.90472889464851, 4.7080118415314125, 2.5455139225704504, 3.271762920811959, 0.0, 1.7928056503703909, 1.7774308987974747], [9.293256475531061, 8.006821664056218, 7.608942248433747, 6.565268391315011, 5.133472331667913, 4.281289368870084, 2.829092509975593, 2.137038698760507, 3.075748021213702, 1.092704411082888, 9.237977443683222, 9.723656794128432, 10.080099057548988, 7.288896129044507, 8.316324901060565, 7.459670821825853, 8.54771535499399, 6.706086467530822, 6.993523077819933, 4.940313329132071, 5.257473687998829, 4.895444095278793, 4.534181679200779, 3.0405599829636647, 2.6854423862745596, 1.7928056503703909, 0.0, 1.7791747468981232], [8.91388411973142, 7.805213474338802, 7.3249050915353155, 6.536036789217148, 5.135215494991423, 4.6875202356896555, 3.493727752701976, 2.1398571307449474, 2.5087760103285426, 1.0936403476463368, 8.653378101643312, 9.40482412860549, 9.72734838123936, 7.070997764106562, 8.336182424827326, 6.925361308263995, 8.27621337146403, 6.614673948880625, 7.208914799052628, 4.574426959740422, 5.362963973401276, 5.574733042038875, 4.814239564043318, 3.737769635758737, 3.8163265649050526, 1.7774308987974747, 1.7791747468981232, 0.0]]}