{"total energy": -33.01841721, "HOMO-LUMO gap/eV": 3.05730389, "electronic energy": -33.58455414, "dipole": [-0.00365958, 0.21871953, -0.4619328], "partial charges": [-0.02868209, -0.03406135, -0.03402365, -0.00488619, 0.04113046, -0.04181873, -0.07929096, 0.04114093, -0.04180354, -0.0286835, -0.03407639, -0.03403404, -0.00488273, 0.03534739, 0.03410933, 0.03385086, 0.03867974, 0.03867122, 0.03534358, 0.03412495, 0.03384474], "atomic dipole moments": [[0.00289487, 0.00339936, -0.0075451], [-0.01280878, -0.00476314, 0.01125971], [0.00690663, -0.00588459, 0.01178019], [0.03450963, -0.01025723, 0.01858092], [0.10944771, -0.04749948, 0.09054689], [0.02163549, -0.00109944, 0.00041891], [-0.00263765, 0.15638447, -0.33032606], [-0.1079299, -0.04059697, 0.09552653], [-0.02166279, 0.00025957, 0.00138802], [-0.00301799, 0.00362586, -0.00731761], [0.01303393, -0.00560387, 0.01060769], [-0.00672763, -0.00544001, 0.01211216], [-0.03424019, -0.0081044, 0.02020743], [-0.14922868, -0.00525566, 0.0246286], [-0.09805477, 0.05308064, -0.10335969], [0.04489937, 0.06073247, -0.13239781], [-0.0555029, -0.06015873, 0.13213564], [0.05762941, -0.06373396, 0.1295379], [0.14958611, -0.01477393, 0.01769869], [0.09636701, 0.04693123, -0.10783777], [-0.04700625, 0.06364888, -0.13029542]], "atomic quadrupole moments": [[-0.27165275, 0.03170585, 0.38452513, 0.00523285, 0.30369047, -0.11287237], [-0.28000517, 0.03360674, 0.37980461, 0.00109987, 0.29319765, -0.09979943], [-0.30087093, 0.03033884, 0.39330447, 0.01120224, 0.29624779, -0.09243353], [-0.19073024, 0.01599001, 0.26169301, 0.01568356, 0.20227744, -0.07096277], [-0.14154476, -0.08348296, 0.19356511, 0.21215624, 0.135851, -0.05202035], [-0.23900757, 0.0287615, 0.36667085, 0.0066927, 0.30165455, -0.12766328], [0.23578427, -0.02264168, -0.3081411, -0.01116948, -0.23188819, 0.07235682], [-0.14815188, 0.11108493, 0.18121763, -0.1985703, 0.14439437, -0.03306575], [-0.23890103, 0.02361266, 0.36700172, 0.0175527, 0.30142519, -0.12810069], [-0.27142715, 0.02401698, 0.38503656, 0.02142639, 0.3033557, -0.11360941], [-0.27962817, 0.02183591, 0.38061933, 0.02583775, 0.29268998, -0.10099116], [-0.30084017, 0.02745623, 0.39352023, 0.01729128, 0.29613361, -0.09268005], [-0.19100608, 0.02212895, 0.26130598, 0.00273351, 0.20255855, -0.0702999], [0.02767702, -0.00360607, -0.04854383, -0.00102908, -0.04234795, 0.0208668], [0.03377481, -0.00046936, -0.04964823, -0.00821637, -0.0395015, 0.01587342], [0.03644465, -0.00188438, -0.0474378, -0.00509735, -0.03537689, 0.01099315], [0.03580207, -0.00680943, -0.0465471, 0.00543385, -0.03538282, 0.01074503], [0.03556288, -4.038e-05, -0.04696008, -0.0088438, -0.03508679, 0.01139721], [0.02763217, -0.00317681, -0.04856155, -0.00193288, -0.04232665, 0.02092938], [0.03397952, -0.00665774, -0.04925711, 0.00484007, -0.03975931, 0.01527759], [0.03655073, -0.00507726, -0.04722372, 0.00165059, -0.03551068, 0.01067298]], "number of molecular orbitals": 65, "number of electrons": 62, "number of unpaired electrons": 0, "orbital energies/eV": [-19.82060151, -17.82171501, -17.7175033, -17.26910411, -16.85607579, -16.78598362, -16.69004817, -16.04604608, -15.74629111, -15.56619546, -15.42990236, -14.59459231, -14.30030313, -14.00494083, -13.76033407, -13.67222866, -13.56773745, -13.24709327, -13.15802495, -13.07556938, -12.93568839, -12.82951049, -12.07773732, -12.01208125, -11.80321366, -11.65372907, -11.63375149, -11.62382527, -11.19824499, -10.61453192, -10.0998606, -7.04255671, -6.52104655, -6.19692933, -5.40137268, -5.3405786, -3.38062629, -3.22792397, -2.47567462, -0.22020914, 1.12383834, 1.30136388, 2.10938509, 3.12209524, 3.44143605, 3.52453132, 3.64314706, 4.32965027, 4.76795817, 4.85975034, 5.2872073, 6.43852328, 8.71374041, 8.96949559, 8.97121696, 10.72343272, 10.91106027, 11.04609619, 12.67151797, 12.77514708, 15.72163286, 15.91692467, 16.32431824, 16.93578083, 19.34439577], "fractional occupation": [2.0, 2.0, 2.0, 2.0, 2.0, 2.0, 2.0, 2.0, 2.0, 2.0, 2.0, 2.0, 2.0, 2.0, 2.0, 2.0, 2.0, 2.0, 2.0, 2.0, 2.0, 2.0, 2.0, 2.0, 2.0, 2.0, 2.0, 2.0, 2.0, 2.0, 2.0, 0.0, 0.0, 0.0, 0.0, 0.0, 0.0, 0.0, 0.0, 0.0, 0.0, 0.0, 0.0, 0.0, 0.0, 0.0, 0.0, 0.0, 0.0, 0.0, 0.0, 0.0, 0.0, 0.0, 0.0, 0.0, 0.0, 0.0, 0.0, 0.0, 0.0, 0.0, 0.0, 0.0, 0.0], "program call": "xtb /home/svss/Project-DBcg-Debug/aqme2_20220329/End-to-End-workflows-final/example-3/QDESCP/mol_559_rdkit_conf_1/mol_559_rdkit_conf_1.xyz --pop --wbo --acc 0.2 --gfn 2 --chrg 0 --uhf 0 --etemp 300 --input /home/svss/Project-DBcg-Debug/aqme2_20220329/End-to-End-workflows-final/example-3/QDESCP/mol_559_rdkit_conf_1/mol_559_rdkit_conf_1_xtb.inp", "method": "GFN2-xTB", "xtb version": "6.3.3 (7355c4f)", "Dipole module/D": 1.299, "Total charge": 0, "Transition dipole module/D": NaN, "HOMO": -10.0999, "LUMO": -7.0426, "HOMO occupancy": 2.0, "LUMO occupancy": 0, "mulliken charges": [-0.02536, -0.03728, -0.03134, -0.02125, 0.06382, -0.05001, -0.05388, 0.06382, -0.05, -0.02537, -0.03729, -0.03135, -0.02125, 0.03105, 0.03094, 0.03102, 0.03536, 0.03535, 0.03105, 0.03095, 0.03102], "cm5 charges": [-0.08045, -0.0925, -0.08337, -0.02369, 0.07447, -0.10088, -0.09022, 0.07448, -0.10085, -0.08044, -0.09252, -0.08338, -0.02368, 0.08645, 0.08632, 0.08715, 0.09162, 0.0916, 0.08644, 0.08633, 0.08714], "FUKUI+": [-0.049, -0.017, -0.039, -0.037, -0.005, -0.03, -0.154, -0.005, -0.03, -0.049, -0.017, -0.039, -0.037, -0.069, -0.061, -0.057, -0.059, -0.059, -0.069, -0.061, -0.057], "FUKUI-": [-0.019, -0.038, -0.026, -0.018, 0.017, -0.033, -0.337, 0.017, -0.033, -0.019, -0.038, -0.026, -0.018, -0.056, -0.06, -0.049, -0.049, -0.049, -0.056, -0.06, -0.049], "FUKUIrad": [-0.034, -0.028, -0.033, -0.027, 0.006, -0.032, -0.246, 0.006, -0.032, -0.034, -0.028, -0.033, -0.027, -0.062, -0.06, -0.053, -0.054, -0.054, -0.062, -0.06, -0.053], "s proportion": [1.058, 1.056, 1.064, 1.08, 1.077, 1.058, 1.909, 1.077, 1.058, 1.058, 1.056, 1.064, 1.08, 0.969, 0.969, 0.969, 0.965, 0.965, 0.969, 0.969, 0.969], "p proportion": [2.967, 2.981, 2.967, 2.942, 2.859, 2.992, 4.133, 2.859, 2.992, 2.967, 2.981, 2.967, 2.942, 0.0, 0.0, 0.0, 0.0, 0.0, 0.0, 0.0, 0.0], "d proportion": [0.0, 0.0, 0.0, 0.0, 0.0, 0.0, 0.012, 0.0, 0.0, 0.0, 0.0, 0.0, 0.0, 0.0, 0.0, 0.0, 0.0, 0.0, 0.0, 0.0, 0.0], "Fermi-level/eV": -8.5712, "Coordination numbers": [2.912, 2.907, 2.914, 3.144, 2.995, 2.931, 2.318, 2.995, 2.931, 2.912, 2.907, 2.914, 3.144, 0.925, 0.925, 0.925, 0.925, 0.925, 0.925, 0.925, 0.925], "Dispersion coefficient C6": [28.717, 28.848, 28.847, 27.886, 27.067, 29.039, 144.355, 27.067, 29.039, 28.717, 28.848, 28.847, 27.886, 2.512, 2.529, 2.532, 2.466, 2.467, 2.512, 2.529, 2.532], "Total dispersion C6": 7849.952807, "Total dispersion C8": 222653.246286, "Polarizability alpha": [8.787, 8.807, 8.807, 8.64, 8.534, 8.838, 20.222, 8.534, 8.837, 8.787, 8.807, 8.807, 8.64, 2.478, 2.487, 2.489, 2.456, 2.456, 2.478, 2.487, 2.489], "Total polarizability alpha": 144.867818, "Wiberg matrix": [[0.0, 1.404343045322001, 0.0, 0.0, 0.0, 1.4671716572971243, 0.0, 0.0, 0.0, 0.0, 0.0, 0.0, 0.0, 0.969646665950881, 0.0, 0.0, 0.0, 0.0, 0.0, 0.0, 0.0], [1.404343045322001, 0.0, 1.4761172812897763, 0.0, 0.0, 0.0, 0.0, 0.0, 0.0, 0.0, 0.0, 0.0, 0.0, 0.0, 0.9703151860498518, 0.0, 0.0, 0.0, 0.0, 0.0, 0.0], [0.0, 1.4761172812897763, 0.0, 1.3407884668373322, 0.0, 0.118857169895719, 0.0, 0.0, 0.0, 0.0, 0.0, 0.0, 0.0, 0.0, 0.0, 0.9693648400006972, 0.0, 0.0, 0.0, 0.0, 0.0], [0.0, 0.0, 1.3407884668373322, 0.0, 1.3185920105910884, 0.0, 0.0, 0.0, 0.0, 0.0, 0.0, 0.0, 1.128333864948882, 0.0, 0.0, 0.0, 0.0, 0.0, 0.0, 0.0, 0.0], [0.0, 0.0, 0.0, 1.3185920105910884, 0.0, 1.3614798589740424, 1.1011380788789242, 0.0, 0.0, 0.0, 0.0, 0.0, 0.0, 0.0, 0.0, 0.0, 0.0, 0.0, 0.0, 0.0, 0.0], [1.4671716572971243, 0.0, 0.118857169895719, 0.0, 1.3614798589740424, 0.0, 0.0, 0.0, 0.0, 0.0, 0.0, 0.0, 0.0, 0.0, 0.0, 0.0, 0.9705846179932964, 0.0, 0.0, 0.0, 0.0], [0.0, 0.0, 0.0, 0.0, 1.1011380788789242, 0.0, 0.0, 1.1010737595651563, 0.0, 0.0, 0.0, 0.0, 0.0, 0.0, 0.0, 0.0, 0.0, 0.0, 0.0, 0.0, 0.0], [0.0, 0.0, 0.0, 0.0, 0.0, 0.0, 1.1010737595651563, 0.0, 1.3615710965023835, 0.0, 0.0, 0.0, 1.3185725047656172, 0.0, 0.0, 0.0, 0.0, 0.0, 0.0, 0.0, 0.0], [0.0, 0.0, 0.0, 0.0, 0.0, 0.0, 0.0, 1.3615710965023835, 0.0, 1.4671032806256834, 0.0, 0.11886006843742938, 0.0, 0.0, 0.0, 0.0, 0.0, 0.9705755570817662, 0.0, 0.0, 0.0], [0.0, 0.0, 0.0, 0.0, 0.0, 0.0, 0.0, 0.0, 1.4671032806256834, 0.0, 1.4043969796284397, 0.0, 0.0, 0.0, 0.0, 0.0, 0.0, 0.0, 0.9696473308740925, 0.0, 0.0], [0.0, 0.0, 0.0, 0.0, 0.0, 0.0, 0.0, 0.0, 0.0, 1.4043969796284397, 0.0, 1.476050306685207, 0.0, 0.0, 0.0, 0.0, 0.0, 0.0, 0.0, 0.9703238048107675, 0.0], [0.0, 0.0, 0.0, 0.0, 0.0, 0.0, 0.0, 0.0, 0.11886006843742938, 0.0, 1.476050306685207, 0.0, 1.340822147621645, 0.0, 0.0, 0.0, 0.0, 0.0, 0.0, 0.0, 0.9693698205816998], [0.0, 0.0, 0.0, 1.128333864948882, 0.0, 0.0, 0.0, 1.3185725047656172, 0.0, 0.0, 0.0, 1.340822147621645, 0.0, 0.0, 0.0, 0.0, 0.0, 0.0, 0.0, 0.0, 0.0], [0.969646665950881, 0.0, 0.0, 0.0, 0.0, 0.0, 0.0, 0.0, 0.0, 0.0, 0.0, 0.0, 0.0, 0.0, 0.0, 0.0, 0.0, 0.0, 0.0, 0.0, 0.0], [0.0, 0.9703151860498518, 0.0, 0.0, 0.0, 0.0, 0.0, 0.0, 0.0, 0.0, 0.0, 0.0, 0.0, 0.0, 0.0, 0.0, 0.0, 0.0, 0.0, 0.0, 0.0], [0.0, 0.0, 0.9693648400006972, 0.0, 0.0, 0.0, 0.0, 0.0, 0.0, 0.0, 0.0, 0.0, 0.0, 0.0, 0.0, 0.0, 0.0, 0.0, 0.0, 0.0, 0.0], [0.0, 0.0, 0.0, 0.0, 0.0, 0.9705846179932964, 0.0, 0.0, 0.0, 0.0, 0.0, 0.0, 0.0, 0.0, 0.0, 0.0, 0.0, 0.0, 0.0, 0.0, 0.0], [0.0, 0.0, 0.0, 0.0, 0.0, 0.0, 0.0, 0.0, 0.9705755570817662, 0.0, 0.0, 0.0, 0.0, 0.0, 0.0, 0.0, 0.0, 0.0, 0.0, 0.0, 0.0], [0.0, 0.0, 0.0, 0.0, 0.0, 0.0, 0.0, 0.0, 0.0, 0.9696473308740925, 0.0, 0.0, 0.0, 0.0, 0.0, 0.0, 0.0, 0.0, 0.0, 0.0, 0.0], [0.0, 0.0, 0.0, 0.0, 0.0, 0.0, 0.0, 0.0, 0.0, 0.0, 0.9703238048107675, 0.0, 0.0, 0.0, 0.0, 0.0, 0.0, 0.0, 0.0, 0.0, 0.0], [0.0, 0.0, 0.0, 0.0, 0.0, 0.0, 0.0, 0.0, 0.0, 0.0, 0.0, 0.9693698205816998, 0.0, 0.0, 0.0, 0.0, 0.0, 0.0, 0.0, 0.0, 0.0]], "Born radii": [], "Atomic SASAs": [], "Solvent H bonds": [], "Total SASA": NaN, "Total FOD": 0.0, "FOD": [0.0, 0.0, 0.0, 0.0, 0.0, 0.0, 0.0, 0.0, 0.0, 0.0, 0.0, 0.0, 0.0, 0.0, 0.0, 0.0, 0.0, 0.0, 0.0, 0.0, 0.0], "FOD s proportion": [0.0, 0.0, 0.0, 0.0, 0.0, 0.0, 0.0, 0.0, 0.0, 0.0, 0.0, 0.0, 0.0, 0.0, 0.0, 0.0, 0.0, 0.0, 0.0, 0.0, 0.0], "FOD p proportion": [0.0, 0.0, 0.0, 0.0, 0.0, 0.0, 0.0, 0.0, 0.0, 0.0, 0.0, 0.0, 0.0, 0.0, 0.0, 0.0, 0.0, 0.0, 0.0, 0.0, 0.0], "FOD d proportion": [0.0, 0.0, 0.0, 0.0, 0.0, 0.0, 0.0, 0.0, 0.0, 0.0, 0.0, 0.0, 0.0, 0.0, 0.0, 0.0, 0.0, 0.0, 0.0, 0.0, 0.0], "coordinates": [["-3.50860", "-0.00090", "0.31800"], ["-3.03090", "0.53910", "-0.86630"], ["-1.65520", "0.59530", "-1.10920"], ["-0.72680", "0.10370", "-0.15370"], ["-1.23720", "-0.43380", "1.02850"], ["-2.62330", "-0.49300", "1.27860"], ["0.01650", "-0.97760", "2.06490"], ["1.25320", "-0.51290", "0.97110"], ["2.64270", "-0.66020", "1.15730"], ["3.51240", "-0.22370", "0.15640"], ["3.01600", "0.34710", "-1.00560"], ["1.63680", "0.49080", "-1.18500"], ["0.72400", "0.05760", "-0.18710"], ["-4.57940", "-0.04250", "0.50270"], ["-3.72620", "0.92060", "-1.61000"], ["-1.29700", "1.02170", "-2.04270"], ["-2.99940", "-0.91580", "2.20610"], ["3.03360", "-1.10730", "2.06720"], ["4.58580", "-0.33350", "0.29160"], ["3.69910", "0.68490", "-1.78100"], ["1.26380", "0.94040", "-2.10170"]], "bond_dist": [[0.0, 1.3864933393276724, 2.414010323093089, 2.823447058118852, 2.4189813186546107, 1.3959480147913819, 4.053632014625896, 4.833572472819664, 6.243203718444562, 7.026392772966794, 6.66659029189585, 5.382928482712733, 4.263033077516523, 1.0874085202903274, 2.1479515846498964, 3.392608113236776, 2.158992417772698, 6.861792946453572, 8.10127342335759, 7.538372631410575, 5.432936180372451], [1.3864933393276724, 0.0, 1.3981092017435548, 2.45076492752773, 2.7846294439296586, 2.41494599939626, 4.492099630462352, 4.778729493285847, 6.141906414949678, 6.6665248833256445, 6.0515508838644, 4.678816716863357, 3.846092679590548, 2.147154351694353, 1.0872322796900395, 2.150169511922258, 3.3996129220839246, 6.934999312184537, 7.753469033922816, 6.7934404928577985, 4.4868366295197335], [2.414010323093089, 1.3981092017435548, 0.0, 1.4200624528519865, 2.409052116497275, 2.7969989882014614, 3.9170787725038156, 3.7436006584570425, 5.018490501136771, 5.382991187063193, 4.678936379135754, 3.2945302988438274, 2.607677575928435, 3.3994052553351155, 2.155379718286316, 1.0869896273654132, 3.883492106339345, 5.9138151104003915, 6.463357570179759, 5.397024355142378, 3.1023718764841846], [2.823447058118852, 2.45076492752773, 1.4200624528519865, 0.0, 1.395353449847027, 2.450356388364762, 2.577574545963705, 2.3591885469372724, 3.6953747387781934, 4.263117334768069, 3.8462356935060544, 2.6076869175573973, 1.4519164610954725, 3.910851845825919, 3.4328611477891156, 2.1762750377652176, 3.4311436941637994, 4.532055380288286, 5.349126535239187, 4.751261889224798, 2.908136731654824], [2.4189813186546107, 2.7846294439296586, 2.409052116497275, 1.395353449847027, 0.0, 1.4097261648987012, 1.715111392883856, 2.4923169401181706, 3.8886334887721166, 4.833570169139992, 4.778815528977866, 3.7435736148765657, 2.359123303263312, 3.4058599751017358, 3.871847441467703, 3.3991654461058527, 2.173571852964608, 4.4465978657845815, 5.870299029862108, 5.788940976551756, 4.235750072891459], [1.3959480147913819, 2.41494599939626, 2.7969989882014614, 2.450356388364762, 1.4097261648987012, 0.0, 2.7967210962124915, 3.888727878111298, 5.270049860295441, 6.243289983654451, 6.142071486070478, 5.018529606368782, 3.6953828137285045, 2.1520451366084306, 3.399803425199757, 3.88386681929234, 1.0864931200886643, 5.744542806873319, 7.278099481320655, 7.121891766237394, 5.347018801163879], [4.053632014625896, 4.492099630462352, 3.9170787725038156, 2.577574545963705, 1.715111392883856, 2.7967210962124915, 0.0, 1.7151592987241742, 2.796677843442108, 4.053647033228226, 4.492193293926698, 3.9170678651256483, 2.5775374468666796, 4.943397380344817, 5.5781588844349, 4.7534051478913515, 3.0198360038253735, 3.0198873803504656, 4.94347652871944, 5.5782072227553545, 4.753423697715154], [4.833572472819664, 4.778729493285847, 3.7436006584570425, 2.3591885469372724, 2.4923169401181706, 3.888727878111298, 1.7151592987241742, 0.0, 1.409637534971313, 2.4189579099273306, 2.7846735410097896, 2.409010141116056, 1.395331548414211, 5.870255316423639, 5.788905235016376, 4.23574168711927, 4.4465897235971745, 2.173607768204742, 3.4058959716937918, 3.87184788699143, 3.399160644923979], [6.243203718444562, 6.141906414949678, 5.018490501136771, 3.6953747387781934, 3.8886334887721166, 5.270049860295441, 2.796677843442108, 1.409637534971313, 0.0, 1.3959624457699424, 2.414982937827926, 2.796963549994887, 2.4503179161080304, 7.277965571504168, 7.121781037072117, 5.346963970329331, 5.744441244368333, 1.0865630354470928, 2.1521633279098498, 3.39983556367069, 3.8838597515873308], [7.026392772966794, 6.6665248833256445, 5.382991187063193, 4.263117334768069, 4.833570169139992, 6.243289983654451, 4.053647033228226, 2.4189579099273306, 1.3959624457699424, 0.0, 1.386531499822489, 2.414071160922975, 2.823525544421371, 8.101233509163897, 7.53836331109081, 5.432990919373968, 6.861764477158919, 2.158970828890469, 1.0874385683798418, 2.1480059613511315, 3.3926901391079025], [6.66659029189585, 6.0515508838644, 4.678936379135754, 3.8462356935060544, 4.778815528977866, 6.142071486070478, 4.492193293926698, 2.7846735410097896, 2.414982937827926, 1.386531499822489, 0.0, 1.3982226897028955, 2.4509215613723745, 7.753506188170614, 6.793486766749458, 4.48694000071318, 6.935053746006587, 3.399660124188887, 2.147141411272206, 1.0871888566389927, 2.1502662486306203], [5.382928482712733, 4.678816716863357, 3.2945302988438274, 2.6076869175573973, 3.7435736148765657, 5.018529606368782, 3.9170678651256483, 2.409010141116056, 2.796963549994887, 2.414071160922975, 1.3982226897028955, 0.0, 1.4200952397638689, 6.463271820061415, 5.396954885859246, 3.102367892433133, 5.913749505178589, 3.8835265790258213, 3.3994733489174465, 2.1554517159982964, 1.087017962133101], [4.263033077516523, 3.846092679590548, 2.607677575928435, 1.4519164610954725, 2.359123303263312, 3.6953828137285045, 2.5775374468666796, 1.395331548414211, 2.4503179161080304, 2.823525544421371, 2.4509215613723745, 1.4200952397638689, 0.0, 5.349008843701794, 4.75117811179501, 2.908123307220655, 4.531955577893499, 3.4311969719035367, 3.910960513735724, 3.4329640997249014, 2.176330177156031], [1.0874085202903274, 2.147154351694353, 3.3994052553351155, 3.910851845825919, 3.4058599751017358, 2.1520451366084306, 4.943397380344817, 5.870255316423639, 7.277965571504168, 8.101233509163897, 7.753506188170614, 6.463271820061415, 5.349008843701794, 0.0, 2.4736639100734763, 4.287858738344816, 2.482060525047687, 7.84469427638834, 9.172248102292043, 8.618466145434464, 6.472401255330204], [2.1479515846498964, 1.0872322796900395, 2.155379718286316, 3.4328611477891156, 3.871847441467703, 3.399803425199757, 5.5781588844349, 5.788905235016376, 7.121781037072117, 7.53836331109081, 6.793486766749458, 5.396954885859246, 4.75117811179501, 2.4736639100734763, 0.0, 2.469506659233783, 4.296885198606079, 7.9579566655015155, 8.618479759795227, 7.431007709590941, 5.01420591220584], [3.392608113236776, 2.150169511922258, 1.0869896273654132, 2.1762750377652176, 3.3991654461058527, 3.88386681929234, 4.7534051478913515, 4.23574168711927, 5.346963970329331, 5.432990919373968, 4.48694000071318, 3.102367892433133, 2.908123307220655, 4.287858738344816, 2.469506659233783, 0.0, 4.970349429366109, 6.338613047820477, 6.47246934098571, 5.0142732614008985, 2.56276946485633], [2.158992417772698, 3.3996129220839246, 3.883492106339345, 3.4311436941637994, 2.173571852964608, 1.0864931200886643, 3.0198360038253735, 4.4465897235971745, 5.744441244368333, 6.861764477158919, 6.935053746006587, 5.913749505178589, 4.531955577893499, 2.482060525047687, 4.296885198606079, 4.970349429366109, 0.0, 6.03763649617961, 7.844720682089325, 7.957958855761947, 6.338571883318829], [6.861792946453572, 6.934999312184537, 5.9138151104003915, 4.532055380288286, 4.4465978657845815, 5.744542806873319, 3.0198873803504656, 2.173607768204742, 1.0865630354470928, 2.158970828890469, 3.399660124188887, 3.8835265790258213, 3.4311969719035367, 7.84469427638834, 7.9579566655015155, 6.338613047820477, 6.03763649617961, 0.0, 2.482105283826615, 4.296919167263914, 4.970411908484045], [8.10127342335759, 7.753469033922816, 6.463357570179759, 5.349126535239187, 5.870299029862108, 7.278099481320655, 4.94347652871944, 3.4058959716937918, 2.1521633279098498, 1.0874385683798418, 2.147141411272206, 3.3994733489174465, 3.910960513735724, 9.172248102292043, 8.618479759795227, 6.47246934098571, 7.844720682089325, 2.482105283826615, 0.0, 2.4736705944810033, 4.287935412293427], [7.538372631410575, 6.7934404928577985, 5.397024355142378, 4.751261889224798, 5.788940976551756, 7.121891766237394, 5.5782072227553545, 3.87184788699143, 3.39983556367069, 2.1480059613511315, 1.0871888566389927, 2.1554517159982964, 3.4329640997249014, 8.618466145434464, 7.431007709590941, 5.0142732614008985, 7.957958855761947, 4.296919167263914, 2.4736705944810033, 0.0, 2.4695778647372104], [5.432936180372451, 4.4868366295197335, 3.1023718764841846, 2.908136731654824, 4.235750072891459, 5.347018801163879, 4.753423697715154, 3.399160644923979, 3.8838597515873308, 3.3926901391079025, 2.1502662486306203, 1.087017962133101, 2.176330177156031, 6.472401255330204, 5.01420591220584, 2.56276946485633, 6.338571883318829, 4.970411908484045, 4.287935412293427, 2.4695778647372104, 0.0]]}