{"total energy": -17.71760093, "HOMO-LUMO gap/eV": 11.35648481, "electronic energy": -17.92105894, "dipole": [-0.20962358, -0.44029353, -0.27472344], "partial charges": [-0.10117876, -0.05521192, 0.08472671, -0.31871067, 0.04015796, 0.05012411, 0.0341486, 0.03369877, 0.04762761, 0.03424334, 0.02107156, 0.0172739, 0.05459274, 0.02847105, 0.028965], "atomic dipole moments": [[-0.05531335, 0.01045799, -0.10386169], [-0.0745488, -0.05178908, 0.0855219], [-0.03628806, 0.14843747, 0.13236186], [-0.13148414, -0.21285062, -0.13346739], [0.20675542, 0.03417274, -0.03514667], [-0.04728583, 0.07669391, 0.09345929], [-0.00297766, -0.11865073, 0.04102483], [0.11888223, 0.03050937, -0.01514243], [0.01214238, 0.12121633, -0.03340246], [0.05730213, -0.06762433, -0.084921], [-0.01075542, -0.11178683, 0.03901893], [-0.04948585, 0.01167588, -0.10452563], [-0.05271749, 0.08097214, 0.08140693], [-0.05467534, 0.01320768, -0.10644142], [-0.00851093, -0.11054546, 0.04675631]], "atomic quadrupole moments": [[-0.02101274, -0.00954467, -0.12371145, 0.15851315, -0.05062944, 0.14472418], [0.1864669, 0.07417804, -0.21148412, 0.09499689, -0.03736185, 0.02501722], [0.11630479, -0.10254869, -0.0648192, -0.22017118, 0.27636832, -0.05148558], [0.09347993, 0.016845, -0.03276396, -0.06574146, 0.1052018, -0.06071597], [0.43833036, 0.14283981, -0.20677091, -0.09508132, 0.00141906, -0.23155945], [-0.01486384, -0.04142336, 0.000772, -0.02774381, 0.04181854, 0.01409184], [-0.04787213, 0.01572744, 0.07358877, 0.00628912, -0.02823507, -0.02571663], [0.07262743, 0.03389994, -0.04607792, -0.01790442, -0.01067483, -0.02654951], [-0.02684844, 0.00233551, 0.05114694, 0.0188869, -0.02131515, -0.02429851], [-0.00469981, -0.03044476, -0.00672244, -0.01590834, 0.04611574, 0.01142225], [-0.02645943, -0.00877156, 0.0398035, -0.0137514, -0.02289141, -0.01334407], [-0.00937069, -0.01550123, -0.0322041, 0.0212865, -0.00103764, 0.04157479], [-0.01304013, -0.02143013, 0.01071379, -0.02978069, 0.05916897, 0.00232634], [0.00337811, 0.00884196, -0.05102231, 0.03843643, -0.01342242, 0.04764419], [-0.01209752, 0.01061404, 0.05307021, -0.00083867, -0.04212018, -0.04097269]], "number of molecular orbitals": 30, "number of electrons": 32, "number of unpaired electrons": 0, "orbital energies/eV": [-18.73195105, -17.34488166, -16.52955745, -16.24487865, -15.43148265, -14.81047274, -14.74883518, -14.26791485, -13.5440947, -13.23823201, -12.93020716, -12.46583793, -12.16306853, -11.87490341, -11.7106962, -10.78638454, 0.57010027, 2.44711146, 3.10319044, 3.40208298, 3.94324036, 4.08549195, 4.28999698, 4.97480099, 5.21649146, 5.61747603, 6.13560227, 6.69490368, 7.01633591, 7.87686484], "fractional occupation": [2.0, 2.0, 2.0, 2.0, 2.0, 2.0, 2.0, 2.0, 2.0, 2.0, 2.0, 2.0, 2.0, 2.0, 2.0, 2.0, 0.0, 0.0, 0.0, 0.0, 0.0, 0.0, 0.0, 0.0, 0.0, 0.0, 0.0, 0.0, 0.0, 0.0], "program call": "xtb /home/svss/Project-DBcg-Debug/aqme2_20220329/End-to-End-workflows-final/example-3/QDESCP/mol_713_rdkit_conf_2/mol_713_rdkit_conf_2.xyz --pop --wbo --acc 0.2 --gfn 2 --chrg 0 --uhf 0 --etemp 300 --input /home/svss/Project-DBcg-Debug/aqme2_20220329/End-to-End-workflows-final/example-3/QDESCP/mol_713_rdkit_conf_2/mol_713_rdkit_conf_2_xtb.inp", "method": "GFN2-xTB", "xtb version": "6.3.3 (7355c4f)", "Dipole module/D": 1.423, "Total charge": 0, "Transition dipole module/D": NaN, "HOMO": -10.7864, "LUMO": 0.5701, "HOMO occupancy": 2.0, "LUMO occupancy": 0, "mulliken charges": [-0.07917, -0.04354, 0.19552, -0.46814, 0.17119, 0.04075, 0.02313, 0.02455, 0.03585, 0.01952, 0.01032, 0.01052, 0.03253, 0.01346, 0.01352], "cm5 charges": [-0.22837, -0.15266, 0.1121, -0.57362, 0.04858, 0.09435, 0.07484, 0.0754, 0.09257, 0.07404, 0.07326, 0.07313, 0.09147, 0.07241, 0.07248], "FUKUI+": [0.024, 0.01, -0.026, -0.203, 0.002, -0.029, -0.043, -0.056, -0.064, -0.123, -0.092, -0.098, -0.117, -0.092, -0.092], "FUKUI-": [0.017, 0.011, 0.034, -0.175, 0.044, -0.085, -0.082, -0.068, -0.09, -0.09, -0.114, -0.117, -0.076, -0.107, -0.102], "FUKUIrad": [0.02, 0.011, 0.004, -0.189, 0.023, -0.057, -0.063, -0.062, -0.077, -0.107, -0.103, -0.107, -0.097, -0.099, -0.097], "s proportion": [1.006, 1.027, 0.994, 1.693, 0.971, 0.959, 0.977, 0.975, 0.964, 0.98, 0.99, 0.989, 0.967, 0.987, 0.986], "p proportion": [3.074, 3.016, 2.81, 4.775, 2.858, 0.0, 0.0, 0.0, 0.0, 0.0, 0.0, 0.0, 0.0, 0.0, 0.0], "d proportion": [0.0, 0.0, 0.0, 0.0, 0.0, 0.0, 0.0, 0.0, 0.0, 0.0, 0.0, 0.0, 0.0, 0.0, 0.0], "Fermi-level/eV": -5.1081, "Coordination numbers": [3.75, 3.798, 3.702, 1.698, 3.65, 0.924, 0.924, 0.924, 0.924, 0.924, 0.924, 0.924, 0.924, 0.924, 0.924], "Dispersion coefficient C6": [22.497, 21.569, 19.319, 19.324, 20.211, 2.318, 2.528, 2.535, 2.35, 2.527, 2.717, 2.775, 2.263, 2.608, 2.601], "Total dispersion C6": 1479.385618, "Total dispersion C8": 29893.017518, "Polarizability alpha": [6.765, 6.613, 6.285, 5.935, 6.458, 2.381, 2.487, 2.49, 2.397, 2.486, 2.578, 2.605, 2.353, 2.526, 2.522], "Total polarizability alpha": 56.879132, "Wiberg matrix": [[0.0, 1.0207670738358026, 0.0, 0.0, 0.0, 0.9866653592229522, 0.9875637546270495, 0.9874739356372991, 0.0, 0.0, 0.0, 0.0, 0.0, 0.0, 0.0], [1.0207670738358026, 0.0, 1.0042069668347826, 0.0, 0.0, 0.0, 0.0, 0.0, 0.9764942105940431, 0.9764547893954909, 0.0, 0.0, 0.0, 0.0, 0.0], [0.0, 1.0042069668347826, 0.0, 0.9788552381385041, 0.0, 0.0, 0.0, 0.0, 0.0, 0.0, 0.9687498407618285, 0.969574343694503, 0.0, 0.0, 0.0], [0.0, 0.0, 0.9788552381385041, 0.0, 0.9971889266326931, 0.0, 0.0, 0.0, 0.0, 0.0, 0.0, 0.0, 0.0, 0.0, 0.0], [0.0, 0.0, 0.0, 0.9971889266326931, 0.0, 0.0, 0.0, 0.0, 0.0, 0.0, 0.0, 0.0, 0.9809528974823354, 0.9786315320823231, 0.9786617432081239], [0.9866653592229522, 0.0, 0.0, 0.0, 0.0, 0.0, 0.0, 0.0, 0.0, 0.0, 0.0, 0.0, 0.0, 0.0, 0.0], [0.9875637546270495, 0.0, 0.0, 0.0, 0.0, 0.0, 0.0, 0.0, 0.0, 0.0, 0.0, 0.0, 0.0, 0.0, 0.0], [0.9874739356372991, 0.0, 0.0, 0.0, 0.0, 0.0, 0.0, 0.0, 0.0, 0.0, 0.0, 0.0, 0.0, 0.0, 0.0], [0.0, 0.9764942105940431, 0.0, 0.0, 0.0, 0.0, 0.0, 0.0, 0.0, 0.0, 0.0, 0.0, 0.0, 0.0, 0.0], [0.0, 0.9764547893954909, 0.0, 0.0, 0.0, 0.0, 0.0, 0.0, 0.0, 0.0, 0.0, 0.0, 0.0, 0.0, 0.0], [0.0, 0.0, 0.9687498407618285, 0.0, 0.0, 0.0, 0.0, 0.0, 0.0, 0.0, 0.0, 0.0, 0.0, 0.0, 0.0], [0.0, 0.0, 0.969574343694503, 0.0, 0.0, 0.0, 0.0, 0.0, 0.0, 0.0, 0.0, 0.0, 0.0, 0.0, 0.0], [0.0, 0.0, 0.0, 0.0, 0.9809528974823354, 0.0, 0.0, 0.0, 0.0, 0.0, 0.0, 0.0, 0.0, 0.0, 0.0], [0.0, 0.0, 0.0, 0.0, 0.9786315320823231, 0.0, 0.0, 0.0, 0.0, 0.0, 0.0, 0.0, 0.0, 0.0, 0.0], [0.0, 0.0, 0.0, 0.0, 0.9786617432081239, 0.0, 0.0, 0.0, 0.0, 0.0, 0.0, 0.0, 0.0, 0.0, 0.0]], "Born radii": [], "Atomic SASAs": [], "Solvent H bonds": [], "Total SASA": NaN, "Total FOD": 0.0, "FOD": [0.0, 0.0, 0.0, 0.0, 0.0, 0.0, 0.0, 0.0, 0.0, 0.0, 0.0, 0.0, 0.0, 0.0, 0.0], "FOD s proportion": [0.0, 0.0, 0.0, 0.0, 0.0, 0.0, 0.0, 0.0, 0.0, 0.0, 0.0, 0.0, 0.0, 0.0, 0.0], "FOD p proportion": [0.0, 0.0, 0.0, 0.0, 0.0, 0.0, 0.0, 0.0, 0.0, 0.0, 0.0, 0.0, 0.0, 0.0, 0.0], "FOD d proportion": [0.0, 0.0, 0.0, 0.0, 0.0, 0.0, 0.0, 0.0, 0.0, 0.0, 0.0, 0.0, 0.0, 0.0, 0.0], "coordinates": [["1.95060", "-0.05260", "0.46900"], ["1.20210", "0.10970", "-0.84640"], ["-0.26520", "-0.28940", "-0.73200"], ["-0.92420", "0.58780", "0.17900"], ["-2.29860", "0.25710", "0.32480"], ["1.53160", "0.59170", "1.24820"], ["1.90670", "-1.08890", "0.81890"], ["3.00350", "0.21740", "0.33950"], ["1.27430", "1.15760", "-1.15990"], ["1.68620", "-0.50310", "-1.61480"], ["-0.35150", "-1.32390", "-0.37970"], ["-0.74050", "-0.21140", "-1.71650"], ["-2.74920", "0.96080", "1.02980"], ["-2.81740", "0.34300", "-0.63480"], ["-2.40850", "-0.75590", "0.72380"]], "bond_dist": [[0.0, 1.522127031492444, 2.531451141144146, 2.9595079320724924, 4.262910786070945, 1.0944570023532216, 1.094657439567283, 1.0946545847891926, 2.1389906357906288, 2.1482737372132075, 2.763360235293256, 3.470395784345065, 4.840412817105582, 4.910060875386374, 4.422816607095528], [1.522127031492444, 0.0, 1.5249057216759334, 2.4085631525870355, 3.694365532808036, 2.1744524391211684, 2.1694071102492494, 2.1593980781690068, 1.0961703790925934, 1.095588978586404, 2.1648766269697677, 2.152643486506765, 4.456149609247876, 4.03182138741289, 4.031280660038445], [2.531451141144146, 1.5249057216759334, 0.0, 1.4260721720866725, 2.3558871046805274, 2.8153187190796, 2.7859721229761076, 3.476975435633677, 2.155682643618954, 2.152432458870661, 1.0962450592819108, 1.0960083667563858, 3.2919895625593956, 2.6311789068780556, 2.6326243142537447], [2.9595079320724924, 2.4085631525870355, 1.4260721720866725, 0.0, 1.4211247271087786, 2.6784617768413272, 3.3518337831700427, 3.948390013663797, 2.6364232399218457, 3.349920806526626, 2.0723725220143216, 2.0652812350863985, 2.047831692302861, 2.0751876348899154, 2.0749658358633285], [4.262910786070945, 3.694365532808036, 2.3558871046805274, 1.4211247271087786, 0.0, 3.9541189612858134, 4.443016869200476, 5.302269003926526, 3.972511642525418, 4.496507893910562, 2.605202422077793, 2.610378047333374, 1.093279035745221, 1.0942414770058755, 1.0942796763167997], [1.0944570023532216, 2.1744524391211684, 2.8153187190796, 2.6784617768413272, 3.9541189612858134, 0.0, 1.7746590827536428, 1.7698377863521841, 2.4870447744260655, 3.069080839600026, 3.1409628109864656, 3.8205829542099985, 4.302229888092918, 4.745665568705827, 4.197071494506616], [1.094657439567283, 2.1694071102492494, 2.7859721229761076, 3.3518337831700427, 4.443016869200476, 1.7746590827536428, 0.0, 1.7717827998939373, 3.0597943476645617, 2.5129022225307533, 2.5673593827121284, 3.7690751186464833, 5.091478538695808, 5.145940352355437, 4.32907427171214], [1.0946545847891926, 2.1593980781690068, 3.476975435633677, 3.948390013663797, 5.302269003926526, 1.7698377863521841, 1.7717827998939373, 0.0, 2.474330018409024, 2.4644853478972033, 3.761499611856952, 4.292847707524691, 5.841465136419116, 5.903212062936584, 5.512235787772508], [2.1389906357906288, 1.0961703790925934, 2.155682643618954, 2.6364232399218457, 3.972511642525418, 2.4870447744260655, 3.0597943476645617, 2.474330018409024, 0.0, 1.7704575990404285, 3.0675364594410284, 2.4986763696005134, 4.584982942171105, 4.204915226256054, 4.5577213363697435], [2.1482737372132075, 1.095588978586404, 2.152432458870661, 3.349920806526626, 4.496507893910562, 3.069080839600026, 2.5129022225307533, 2.4644853478972033, 1.7704575990404285, 0.0, 2.5201995833663653, 2.4462838490248835, 5.367465466120858, 4.686010901609172, 4.7222373817926595], [2.763360235293256, 2.1648766269697677, 1.0962450592819108, 2.0723725220143216, 2.605202422077793, 3.1409628109864656, 2.5673593827121284, 3.761499611856952, 3.0675364594410284, 2.5201995833663653, 0.0, 1.7821367764568465, 3.5993762834691236, 2.987355758861003, 2.402412381336726], [3.470395784345065, 2.152643486506765, 1.0960083667563858, 2.0652812350863985, 2.610378047333374, 3.8205829542099985, 3.7690751186464833, 4.292847707524691, 2.4986763696005134, 2.4462838490248835, 1.7821367764568465, 0.0, 3.598762595670906, 2.4064388336294775, 3.005622787377019], [4.840412817105582, 4.456149609247876, 3.2919895625593956, 2.047831692302861, 1.093279035745221, 4.302229888092918, 5.091478538695808, 5.841465136419116, 4.584982942171105, 5.367465466120858, 3.5993762834691236, 3.598762595670906, 0.0, 1.7768571242505684, 1.776730531059789], [4.910060875386374, 4.03182138741289, 2.6311789068780556, 2.0751876348899154, 1.0942414770058755, 4.745665568705827, 5.145940352355437, 5.903212062936584, 4.204915226256054, 4.686010901609172, 2.987355758861003, 2.4064388336294775, 1.7768571242505684, 0.0, 1.7945958820859922], [4.422816607095528, 4.031280660038445, 2.6326243142537447, 2.0749658358633285, 1.0942796763167997, 4.197071494506616, 4.32907427171214, 5.512235787772508, 4.5577213363697435, 4.7222373817926595, 2.402412381336726, 3.005622787377019, 1.776730531059789, 1.7945958820859922, 0.0]]}