{"total energy": -48.88637215, "HOMO-LUMO gap/eV": 2.91458448, "electronic energy": -49.4094477, "dipole": [-1.86094874, 1.67837296, 0.4041734], "partial charges": [-0.11291085, 0.08096991, -0.26281947, 0.15020946, -0.05160738, -0.03762932, 0.07099001, -0.25551077, -0.00476979, 0.05134717, 0.0176205, -0.07637323, 1.12476997, -0.4288708, -0.56181943, -0.54864145, 0.05746498, 0.05743233, 0.05035956, 0.03767298, 0.03759145, 0.06916665, 0.06710117, 0.05533308, 0.20648568, 0.20643759], "atomic dipole moments": [[0.1211215, -0.07067697, -0.01720642], [0.09727452, 0.19068777, -0.07980119], [0.05646864, -0.2294265, 0.04402406], [-0.22080394, 0.043847, 0.05445747], [-0.03828033, -0.05505029, 0.02635044], [0.01168149, -0.04247956, 0.00771793], [0.08402138, -0.07458061, -0.0053537], [-0.17756625, -0.15200934, 0.09473095], [0.01372772, -0.1337328, 0.02932109], [0.25804505, 0.18312137, -0.13095804], [0.08753192, -0.14271306, 0.01198864], [0.02581092, 0.01784704, -0.01267787], [0.02483166, 0.07294558, -0.02798506], [-0.14974903, 0.02374331, 0.10476227], [-0.05373731, 0.03631808, -0.17336403], [0.03668116, 0.11050035, 0.13897354], [-0.04742119, 0.05101903, -0.10854342], [0.00859757, 0.10111566, 0.0795275], [-0.08493959, -0.08476262, 0.04788714], [-0.01710621, -0.09035859, -0.08354196], [0.04077652, -0.03852462, 0.1107864], [-0.05788895, 0.14257694, -0.02100424], [0.08537818, 0.11682005, -0.05721509], [-0.08191112, -0.12360082, 0.05789006], [0.04304347, 0.03922655, 0.09969983], [-0.06500928, 0.0727156, -0.06301356]], "atomic quadrupole moments": [[0.20189735, -0.15314141, -0.06652404, -0.06337935, 0.02397717, -0.13537331], [0.19863269, 0.1652654, 0.07758032, -0.21871716, -0.17330716, -0.27621301], [0.04983935, 0.05264813, 0.01952839, -0.05882476, -0.04744235, -0.06936774], [0.13337094, -0.022005, -0.39176375, 0.06591832, 0.20171816, 0.25839281], [-0.17521257, 0.09435153, -0.21453426, 0.1732189, 0.15994028, 0.38974683], [-0.24410143, 0.0317531, -0.17687049, 0.22705235, 0.18328396, 0.42097193], [-0.05904303, -0.05288605, -0.16475725, 0.12161889, 0.1404996, 0.22380027], [-0.07280178, 0.03297519, -0.1246045, 0.08846001, 0.09006086, 0.19740627], [0.14372888, -0.10968605, -0.28541252, 0.0474943, 0.16526985, 0.14168364], [0.16253324, -0.02516038, 0.07775009, -0.13330255, -0.09597855, -0.24028333], [-0.19239636, -0.15036071, 0.03645344, 0.16854135, 0.09826986, 0.15594292], [-0.1173603, 0.03498131, -0.22413731, 0.15616559, 0.16642798, 0.34149761], [0.22569159, 0.00287914, 0.1186619, -0.15828331, -0.15835852, -0.34435348], [0.01878521, 0.16404232, 0.06727912, -0.07076146, -0.07798466, -0.08606433], [-0.04946521, -0.0232896, -0.07156353, 0.07211999, -0.06465022, 0.12102874], [-0.06757426, 0.02362283, 0.02062884, 0.02251723, 0.12457247, 0.04694543], [-0.02864355, -0.02172767, -0.03266896, 0.02904874, -0.02853967, 0.06131251], [-0.02926793, 0.00697731, 0.01917985, 0.02042998, 0.06190665, 0.01008808], [0.00914941, 0.04976008, 0.02448455, -0.03160799, -0.03531829, -0.03363396], [-0.00957269, 0.00867845, 0.00581302, -0.00832388, 0.03322968, 0.00375967], [0.00411126, -0.00240069, -0.02486638, 0.01723364, -0.02208, 0.02075512], [0.02771173, -0.00870805, 0.02018417, -0.02412375, -0.01904326, -0.0478959], [0.02561916, -0.0065011, 0.02176715, -0.02400252, -0.02004694, -0.04738631], [0.03812879, -0.009401, 0.00975658, -0.02702404, -0.01606469, -0.04788537], [-0.00947571, 0.06338406, -0.00233521, 0.06649415, 0.04323199, 0.01181092], [-0.04937687, -0.01453951, 0.03208951, 0.03770199, -0.0853595, 0.01728736]], "number of molecular orbitals": 84, "number of electrons": 86, "number of unpaired electrons": 0, "orbital energies/eV": [-21.48074534, -20.79111434, -19.9276941, -18.80292047, -18.61115826, -18.45262113, -18.24543596, -17.78762299, -17.60902281, -17.38613494, -16.99394215, -16.84384821, -16.71243576, -16.1712017, -16.06962664, -15.72563205, -15.63230785, -15.29314671, -15.20059932, -15.09299326, -14.81846426, -14.74991781, -14.51882854, -14.16688721, -14.04566573, -13.92116487, -13.79482784, -13.6778262, -13.47170709, -13.05262019, -13.00476951, -12.95729583, -12.71736007, -12.53215326, -12.49135745, -12.38441825, -12.33580394, -12.27724709, -12.18091264, -11.80643416, -11.4758246, -11.29903897, -10.94986334, -8.03527886, -7.05074341, -6.22636262, -6.07225245, -4.54658294, -3.60829889, -3.46961168, -2.95246365, -2.2401854, -1.05775822, -0.62536881, -0.12175971, 0.36919505, 0.58456444, 1.43611265, 2.04055625, 2.32595959, 2.70227033, 3.3071024, 3.54101903, 3.69205735, 3.83263184, 4.03557121, 4.26034788, 4.44256386, 4.5203696, 5.98948791, 6.47026288, 6.66075674, 7.12246584, 8.49271992, 9.18801216, 10.57410342, 11.29897399, 12.48022713, 12.96704864, 15.38654414, 16.00973842, 17.30591048, 26.66425987, 30.64223803], "fractional occupation": [2.0, 2.0, 2.0, 2.0, 2.0, 2.0, 2.0, 2.0, 2.0, 2.0, 2.0, 2.0, 2.0, 2.0, 2.0, 2.0, 2.0, 2.0, 2.0, 2.0, 2.0, 2.0, 2.0, 2.0, 2.0, 2.0, 2.0, 2.0, 2.0, 2.0, 2.0, 2.0, 2.0, 2.0, 2.0, 2.0, 2.0, 2.0, 2.0, 2.0, 2.0, 2.0, 2.0, 0.0, 0.0, 0.0, 0.0, 0.0, 0.0, 0.0, 0.0, 0.0, 0.0, 0.0, 0.0, 0.0, 0.0, 0.0, 0.0, 0.0, 0.0, 0.0, 0.0, 0.0, 0.0, 0.0, 0.0, 0.0, 0.0, 0.0, 0.0, 0.0, 0.0, 0.0, 0.0, 0.0, 0.0, 0.0, 0.0, 0.0, 0.0, 0.0, 0.0, 0.0], "program call": "xtb /home/svss/Project-DBcg-Debug/aqme2_20220329/End-to-End-workflows-final/example-3/QDESCP/mol_402_rdkit_conf_1/mol_402_rdkit_conf_1.xyz --pop --wbo --acc 0.2 --gfn 2 --chrg 0 --uhf 0 --etemp 300 --input /home/svss/Project-DBcg-Debug/aqme2_20220329/End-to-End-workflows-final/example-3/QDESCP/mol_402_rdkit_conf_1/mol_402_rdkit_conf_1_xtb.inp", "method": "GFN2-xTB", "xtb version": "6.3.3 (7355c4f)", "Dipole module/D": 6.452, "Total charge": 0, "Transition dipole module/D": NaN, "HOMO": -10.9499, "LUMO": -8.0353, "HOMO occupancy": 2.0, "LUMO occupancy": 0, "mulliken charges": [-0.09095, 0.20068, -0.42052, 0.2635, -0.06353, -0.03563, 0.1199, -0.35196, 0.25816, 0.00565, 0.05237, -0.10912, 0.51671, -0.35598, -0.39598, -0.38382, 0.04487, 0.04482, 0.03353, 0.02421, 0.0241, 0.05635, 0.04997, 0.04912, 0.23485, 0.22868], "cm5 charges": [-0.23774, 0.1166, -0.50486, 0.27952, -0.11254, -0.08289, 0.185, -0.52557, 0.36752, -0.01985, 0.06883, -0.15645, 0.63809, -0.77748, -0.44185, -0.42763, 0.09809, 0.09806, 0.0847, 0.08693, 0.08683, 0.11526, 0.10781, 0.10871, 0.42551, 0.4194], "FUKUI+": [0.009, 0.011, -0.048, -0.045, -0.021, -0.046, -0.01, -0.106, -0.031, -0.24, 0.009, -0.027, -0.085, -0.011, -0.032, -0.034, -0.014, -0.014, -0.021, -0.015, -0.015, -0.06, -0.061, -0.05, -0.027, -0.016], "FUKUI-": [0.015, 0.017, -0.099, -0.026, -0.017, -0.024, -0.026, -0.055, 0.007, -0.169, 0.002, -0.035, -0.072, -0.035, -0.037, -0.037, -0.033, -0.033, -0.033, -0.056, -0.056, -0.048, -0.049, -0.043, -0.032, -0.025], "FUKUIrad": [0.012, 0.014, -0.074, -0.035, -0.019, -0.035, -0.018, -0.081, -0.012, -0.204, 0.005, -0.031, -0.079, -0.023, -0.034, -0.036, -0.024, -0.024, -0.027, -0.035, -0.035, -0.054, -0.055, -0.047, -0.029, -0.02], "s proportion": [1.01, 0.992, 1.687, 1.019, 1.059, 1.066, 1.041, 1.568, 1.06, 1.911, 1.081, 1.054, 1.706, 1.468, 1.723, 1.722, 0.955, 0.955, 0.966, 0.976, 0.976, 0.944, 0.95, 0.951, 0.765, 0.771], "p proportion": [3.081, 2.807, 4.734, 2.718, 3.004, 2.969, 2.839, 3.784, 2.682, 4.064, 2.867, 3.055, 2.809, 3.888, 4.673, 4.662, 0.0, 0.0, 0.0, 0.0, 0.0, 0.0, 0.0, 0.0, 0.0, 0.0], "d proportion": [0.0, 0.0, 0.0, 0.0, 0.0, 0.0, 0.0, 0.0, 0.0, 0.019, 0.0, 0.0, 0.968, 0.0, 0.0, 0.0, 0.0, 0.0, 0.0, 0.0, 0.0, 0.0, 0.0, 0.0, 0.0, 0.0], "Fermi-level/eV": -9.4926, "Coordination numbers": [3.748, 3.691, 1.704, 2.858, 2.912, 2.911, 3.226, 1.941, 3.019, 2.397, 2.99, 2.923, 3.779, 2.632, 0.86, 0.86, 0.924, 0.924, 0.924, 0.924, 0.924, 0.925, 0.925, 0.925, 0.862, 0.862], "Dispersion coefficient C6": [22.727, 19.407, 18.356, 24.737, 29.281, 28.935, 25.674, 27.486, 28.119, 138.974, 27.608, 29.907, 103.144, 31.191, 25.198, 24.889, 2.229, 2.229, 2.316, 2.48, 2.481, 2.095, 2.118, 2.254, 1.073, 1.074], "Total dispersion C6": 11428.319717, "Total dispersion C8": 317717.446709, "Polarizability alpha": [6.799, 6.304, 5.785, 8.152, 8.873, 8.821, 8.232, 7.774, 8.698, 19.841, 8.619, 8.968, 17.093, 8.295, 6.73, 6.689, 2.335, 2.335, 2.38, 2.463, 2.463, 2.263, 2.276, 2.348, 1.623, 1.623], "Total polarizability alpha": 167.782043, "Wiberg matrix": [[0.0, 1.0171962234203515, 0.0, 0.0, 0.0, 0.0, 0.0, 0.0, 0.0, 0.0, 0.0, 0.0, 0.0, 0.0, 0.0, 0.0, 0.9853484381767967, 0.9853532756849304, 0.9839605790296272, 0.0, 0.0, 0.0, 0.0, 0.0, 0.0, 0.0], [1.0171962234203515, 0.0, 0.9585169339426263, 0.0, 0.0, 0.0, 0.0, 0.0, 0.0, 0.0, 0.0, 0.0, 0.0, 0.0, 0.0, 0.0, 0.0, 0.0, 0.0, 0.969012341880191, 0.9690001246062154, 0.0, 0.0, 0.0, 0.0, 0.0], [0.0, 0.9585169339426263, 0.0, 1.081291998226034, 0.0, 0.0, 0.0, 0.0, 0.0, 0.0, 0.0, 0.0, 0.0, 0.0, 0.0, 0.0, 0.0, 0.0, 0.0, 0.0, 0.0, 0.0, 0.0, 0.0, 0.0, 0.0], [0.0, 0.0, 1.081291998226034, 0.0, 1.3124714481050397, 0.0, 0.0, 0.0, 0.0, 0.0, 0.0, 1.3956529175826264, 0.0, 0.0, 0.0, 0.0, 0.0, 0.0, 0.0, 0.0, 0.0, 0.0, 0.0, 0.0, 0.0, 0.0], [0.0, 0.0, 0.0, 1.3124714481050397, 0.0, 1.5141275810213362, 0.0, 0.0, 0.0, 0.0, 0.0, 0.0, 0.0, 0.0, 0.0, 0.0, 0.0, 0.0, 0.0, 0.0, 0.0, 0.9654407684784786, 0.0, 0.0, 0.0, 0.0], [0.0, 0.0, 0.0, 0.0, 1.5141275810213362, 0.0, 1.3061980234712547, 0.0, 0.0, 0.0, 0.0, 0.11016785919580012, 0.0, 0.0, 0.0, 0.0, 0.0, 0.0, 0.0, 0.0, 0.0, 0.0, 0.9661047275808534, 0.0, 0.0, 0.0], [0.0, 0.0, 0.0, 0.0, 0.0, 1.3061980234712547, 0.0, 1.1853795237416958, 0.0, 0.0, 1.2878062062867213, 0.0, 0.0, 0.0, 0.0, 0.0, 0.0, 0.0, 0.0, 0.0, 0.0, 0.0, 0.0, 0.0, 0.0, 0.0], [0.0, 0.0, 0.0, 0.0, 0.0, 0.0, 1.1853795237416958, 0.0, 1.6069402867243383, 0.18714342496339825, 0.0, 0.0, 0.0, 0.0, 0.0, 0.0, 0.0, 0.0, 0.0, 0.0, 0.0, 0.0, 0.0, 0.0, 0.0, 0.0], [0.0, 0.0, 0.0, 0.0, 0.0, 0.0, 0.0, 1.6069402867243383, 0.0, 1.189314659714845, 0.0, 0.0, 0.7561963828514657, 0.0, 0.0, 0.0, 0.0, 0.0, 0.0, 0.0, 0.0, 0.0, 0.0, 0.0, 0.0, 0.0], [0.0, 0.0, 0.0, 0.0, 0.0, 0.0, 0.0, 0.18714342496339825, 1.189314659714845, 0.0, 1.1270351079306418, 0.0, 0.0, 0.0, 0.0, 0.0, 0.0, 0.0, 0.0, 0.0, 0.0, 0.0, 0.0, 0.0, 0.0, 0.0], [0.0, 0.0, 0.0, 0.0, 0.0, 0.0, 1.2878062062867213, 0.0, 0.0, 1.1270351079306418, 0.0, 1.3553421057282062, 0.0, 0.0, 0.0, 0.0, 0.0, 0.0, 0.0, 0.0, 0.0, 0.0, 0.0, 0.0, 0.0, 0.0], [0.0, 0.0, 0.0, 1.3956529175826264, 0.0, 0.11016785919580012, 0.0, 0.0, 0.0, 0.0, 1.3553421057282062, 0.0, 0.0, 0.0, 0.0, 0.0, 0.0, 0.0, 0.0, 0.0, 0.0, 0.0, 0.0, 0.9641350703929532, 0.0, 0.0], [0.0, 0.0, 0.0, 0.0, 0.0, 0.0, 0.0, 0.0, 0.7561963828514657, 0.0, 0.0, 0.0, 0.0, 0.9624765628599176, 1.6130799298595286, 1.6231738525278694, 0.0, 0.0, 0.0, 0.0, 0.0, 0.0, 0.0, 0.0, 0.0, 0.0], [0.0, 0.0, 0.0, 0.0, 0.0, 0.0, 0.0, 0.0, 0.0, 0.0, 0.0, 0.0, 0.9624765628599176, 0.0, 0.0, 0.0, 0.0, 0.0, 0.0, 0.0, 0.0, 0.0, 0.0, 0.0, 0.9418598119409499, 0.9370327792893712], [0.0, 0.0, 0.0, 0.0, 0.0, 0.0, 0.0, 0.0, 0.0, 0.0, 0.0, 0.0, 1.6130799298595286, 0.0, 0.0, 0.11948797889323853, 0.0, 0.0, 0.0, 0.0, 0.0, 0.0, 0.0, 0.0, 0.0, 0.0], [0.0, 0.0, 0.0, 0.0, 0.0, 0.0, 0.0, 0.0, 0.0, 0.0, 0.0, 0.0, 1.6231738525278694, 0.0, 0.11948797889323853, 0.0, 0.0, 0.0, 0.0, 0.0, 0.0, 0.0, 0.0, 0.0, 0.0, 0.0], [0.9853484381767967, 0.0, 0.0, 0.0, 0.0, 0.0, 0.0, 0.0, 0.0, 0.0, 0.0, 0.0, 0.0, 0.0, 0.0, 0.0, 0.0, 0.0, 0.0, 0.0, 0.0, 0.0, 0.0, 0.0, 0.0, 0.0], [0.9853532756849304, 0.0, 0.0, 0.0, 0.0, 0.0, 0.0, 0.0, 0.0, 0.0, 0.0, 0.0, 0.0, 0.0, 0.0, 0.0, 0.0, 0.0, 0.0, 0.0, 0.0, 0.0, 0.0, 0.0, 0.0, 0.0], [0.9839605790296272, 0.0, 0.0, 0.0, 0.0, 0.0, 0.0, 0.0, 0.0, 0.0, 0.0, 0.0, 0.0, 0.0, 0.0, 0.0, 0.0, 0.0, 0.0, 0.0, 0.0, 0.0, 0.0, 0.0, 0.0, 0.0], [0.0, 0.969012341880191, 0.0, 0.0, 0.0, 0.0, 0.0, 0.0, 0.0, 0.0, 0.0, 0.0, 0.0, 0.0, 0.0, 0.0, 0.0, 0.0, 0.0, 0.0, 0.0, 0.0, 0.0, 0.0, 0.0, 0.0], [0.0, 0.9690001246062154, 0.0, 0.0, 0.0, 0.0, 0.0, 0.0, 0.0, 0.0, 0.0, 0.0, 0.0, 0.0, 0.0, 0.0, 0.0, 0.0, 0.0, 0.0, 0.0, 0.0, 0.0, 0.0, 0.0, 0.0], [0.0, 0.0, 0.0, 0.0, 0.9654407684784786, 0.0, 0.0, 0.0, 0.0, 0.0, 0.0, 0.0, 0.0, 0.0, 0.0, 0.0, 0.0, 0.0, 0.0, 0.0, 0.0, 0.0, 0.0, 0.0, 0.0, 0.0], [0.0, 0.0, 0.0, 0.0, 0.0, 0.9661047275808534, 0.0, 0.0, 0.0, 0.0, 0.0, 0.0, 0.0, 0.0, 0.0, 0.0, 0.0, 0.0, 0.0, 0.0, 0.0, 0.0, 0.0, 0.0, 0.0, 0.0], [0.0, 0.0, 0.0, 0.0, 0.0, 0.0, 0.0, 0.0, 0.0, 0.0, 0.0, 0.9641350703929532, 0.0, 0.0, 0.0, 0.0, 0.0, 0.0, 0.0, 0.0, 0.0, 0.0, 0.0, 0.0, 0.0, 0.0], [0.0, 0.0, 0.0, 0.0, 0.0, 0.0, 0.0, 0.0, 0.0, 0.0, 0.0, 0.0, 0.0, 0.9418598119409499, 0.0, 0.0, 0.0, 0.0, 0.0, 0.0, 0.0, 0.0, 0.0, 0.0, 0.0, 0.0], [0.0, 0.0, 0.0, 0.0, 0.0, 0.0, 0.0, 0.0, 0.0, 0.0, 0.0, 0.0, 0.0, 0.9370327792893712, 0.0, 0.0, 0.0, 0.0, 0.0, 0.0, 0.0, 0.0, 0.0, 0.0, 0.0, 0.0]], "Born radii": [], "Atomic SASAs": [], "Solvent H bonds": [], "Total SASA": NaN, "Total FOD": 0.0, "FOD": [0.0, 0.0, 0.0, 0.0, 0.0, 0.0, 0.0, 0.0, 0.0, 0.0, 0.0, 0.0, 0.0, 0.0, 0.0, 0.0, 0.0, 0.0, 0.0, 0.0, 0.0, 0.0, 0.0, 0.0, 0.0, 0.0], "FOD s proportion": [0.0, 0.0, 0.0, 0.0, 0.0, 0.0, 0.0, 0.0, 0.0, 0.0, 0.0, 0.0, 0.0, 0.0, 0.0, 0.0, 0.0, 0.0, 0.0, 0.0, 0.0, 0.0, 0.0, 0.0, 0.0, 0.0], "FOD p proportion": [0.0, 0.0, 0.0, 0.0, 0.0, 0.0, 0.0, 0.0, 0.0, 0.0, 0.0, 0.0, 0.0, 0.0, 0.0, 0.0, 0.0, 0.0, 0.0, 0.0, 0.0, 0.0, 0.0, 0.0, 0.0, 0.0], "FOD d proportion": [0.0, 0.0, 0.0, 0.0, 0.0, 0.0, 0.0, 0.0, 0.0, 0.0, 0.0, 0.0, 0.0, 0.0, 0.0, 0.0, 0.0, 0.0, 0.0, 0.0, 0.0, 0.0, 0.0, 0.0, 0.0, 0.0], "coordinates": [["-4.94270", "0.89200", "1.11260"], ["-3.58500", "0.25470", "0.87800"], ["-2.71420", "1.25540", "0.35200"], ["-1.42850", "0.88190", "0.06580"], ["-0.63530", "1.90700", "-0.44870"], ["0.70330", "1.68560", "-0.79180"], ["1.26260", "0.40650", "-0.61560"], ["2.56710", "0.04450", "-0.91040"], ["2.72530", "-1.23140", "-0.61380"], ["1.38100", "-2.06310", "0.01370"], ["0.45480", "-0.61120", "-0.09850"], ["-0.89300", "-0.39660", "0.24900"], ["4.23960", "-2.13540", "-0.83030"], ["5.38250", "-1.02640", "-1.40710"], ["4.67680", "-2.50920", "0.49600"], ["3.99040", "-3.09330", "-1.88250"], ["-5.34600", "1.29530", "0.17770"], ["-4.85930", "1.73070", "1.81170"], ["-5.65070", "0.16350", "1.51760"], ["-3.69470", "-0.56820", "0.16220"], ["-3.19760", "-0.12340", "1.83110"], ["-1.06320", "2.89820", "-0.58700"], ["1.30920", "2.49260", "-1.19170"], ["-1.47560", "-1.21950", "0.64570"], ["5.85660", "-0.58540", "-0.61870"], ["4.93660", "-0.34490", "-2.02440"]], "bond_dist": [[0.0, 1.518070400212059, 2.3826002958952226, 3.666809770086253, 4.692715360002139, 6.011144343633748, 6.459731695666624, 7.823546592818375, 8.141714102079488, 7.066072382165357, 5.732310153855948, 4.336630605666109, 9.86177694231623, 10.799949152195117, 10.22169933279198, 10.23003009330862, 1.0951437302929692, 1.095040665911545, 1.0936184206568575, 2.1431164690702182, 2.1430476942896073, 4.686576453019837, 6.852588741490329, 4.086222004492659, 11.036529841394895, 10.438929978690345], [1.518070400212059, 0.0, 1.4270140608977895, 2.38820872831501, 3.6319358846213134, 4.8192555171935005, 5.074752206758474, 6.410217859792286, 6.6523564651933675, 5.548005707459213, 4.245387979914203, 2.840193072662491, 8.357944248438129, 9.342320668335038, 8.720229724611618, 8.730186103972812, 2.162033637573662, 2.1619926410605563, 2.1643756813455464, 1.09616063603835, 1.0961012635701137, 3.936215503500793, 5.765851900630122, 2.5839499395305627, 9.596337293988785, 9.022256507105082], [2.3826002958952226, 1.4270140608977895, 0.0, 1.3691008655318275, 2.3211049653128573, 3.629415480487182, 4.179930526934628, 5.563457761140997, 6.058473745919842, 5.281813342025634, 3.705361900003831, 2.460992165773796, 7.826282155020991, 8.594044155111144, 8.295771824248783, 8.297942100304148, 2.6378672711112667, 2.637818831913974, 3.342738580864498, 2.0791635938521047, 2.079062723921527, 2.51123751166631, 4.483460838459504, 2.783077372262582, 8.819830824341247, 8.169637549487737], [3.666809770086253, 2.38820872831501, 1.3691008655318275, 0.0, 1.394527339280231, 2.434334136884253, 2.816439299896236, 4.197502181059588, 4.70977149021054, 4.070507297622742, 2.408975091195424, 1.3981719279115856, 6.483398191535054, 7.225009640131978, 6.997093635217411, 6.997325570530502, 3.9408409534006825, 3.9419559726105513, 4.522255481504776, 2.6921637041606514, 2.693812723631693, 2.1505947130968215, 3.4162350665608483, 2.1804550855268725, 7.4628541155512345, 6.810908330758827], [4.692715360002139, 3.6319358846213134, 2.3211049653128573, 1.394527339280231, 0.0, 1.39949474096904, 2.4251557207734105, 3.7332879476407923, 4.6011351784097805, 4.476714583263043, 2.766277153504327, 2.4206956727354227, 6.344388570224873, 6.762934493250692, 6.972351607599835, 6.961026003399212, 4.791372281507669, 4.794023972614238, 5.662187307039568, 3.9824291845555777, 3.985648440341923, 1.0884405082502213, 2.162419156870379, 3.4174285215641307, 6.9559847160556645, 6.212886101482949], [6.011144343633748, 4.8192555171935005, 3.629415480487182, 2.434334136884253, 1.39949474096904, 0.0, 1.4071104221062398, 2.4861668507966233, 3.5537384540790278, 3.893694804424199, 2.411992408777441, 2.8225866098314856, 5.206432650097377, 5.443202249595361, 5.919753215295381, 5.901909700258045, 6.138916421486776, 6.141886112587891, 6.929894138441076, 5.0331038574621125, 5.036775379148846, 2.1524088947037923, 1.0854878258184195, 3.905587980061389, 5.634173009413183, 4.854179838036494], [6.459731695666624, 5.074752206758474, 4.179930526934628, 2.816439299896236, 2.4251557207734105, 1.4071104221062398, 0.0, 1.385522027973572, 2.1959533100683175, 2.5512665893630166, 1.3984443285308144, 2.45746091118455, 3.9204439416984402, 4.433198695073345, 4.62533487328215, 4.614599493997285, 6.7151235498686095, 6.717361873533389, 7.239012925116241, 5.1117351476773525, 5.11473547116564, 3.408626188070496, 2.1646884256169523, 3.425272679656322, 4.69986289374488, 4.005945007111306], [7.823546592818375, 6.410217859792286, 5.563457761140997, 4.197502181059588, 3.7332879476407923, 2.4861668507966233, 1.385522027973572, 0.0, 1.3194391270536128, 2.5889711817631342, 2.3560423149850256, 3.6757406845423684, 2.748751765802071, 3.0528699382712, 3.598635677586716, 3.580020969212332, 8.084900361785543, 8.087305843728181, 8.569806406214788, 6.382476893025152, 6.385591495703432, 4.628959855086237, 2.766701232514996, 4.512490055390704, 3.361944846364973, 2.6471038154934536], [8.141714102079488, 6.6523564651933675, 6.058473745919842, 4.70977149021054, 4.6011351784097805, 3.5537384540790278, 2.1959533100683175, 1.3194391270536128, 0.0, 1.7007714808286265, 2.4094298869234603, 3.8122709465619042, 1.776849104454287, 2.780658506541212, 2.583172686832996, 2.5839406552782904, 8.494502270880856, 8.496072258402702, 8.754769441281706, 6.500646909346792, 6.502764367559385, 5.6041990194853, 4.025851912328619, 4.3856633101504725, 3.197245642736886, 2.76866796492465], [7.066072382165357, 5.548005707459213, 5.281813342025634, 4.070507297622742, 4.476714583263043, 3.893694804424199, 2.5512665893630166, 2.5889711817631342, 1.7007714808286265, 0.0, 1.725818324737572, 2.829074820502279, 2.981468975186561, 4.370974923286566, 3.3606422213618634, 3.3861268198341303, 7.520523622727343, 7.521108065305272, 7.527567180703205, 5.293345704750447, 5.2942380764374395, 5.563223150296957, 4.71301887223041, 3.044872496509501, 4.755472890260231, 4.443912038958468], [5.732310153855948, 4.245387979914203, 3.705361900003831, 2.408975091195424, 2.766277153504327, 2.411992408777441, 1.3984443285308144, 2.3560423149850256, 2.4094298869234603, 1.725818324737572, 0.0, 1.4083232050917858, 4.145289847525744, 5.115374110463477, 4.6670245606810346, 4.673750503610564, 6.112308019889049, 6.113347565777689, 6.363102195470382, 4.15790376752517, 4.159486838541504, 3.8547171893668155, 3.3998029413482183, 2.1564569761532457, 5.426851473921136, 4.885339060904576], [4.336630605666109, 2.840193072662491, 2.460992165773796, 1.3981719279115856, 2.4206956727354227, 2.8225866098314856, 2.45746091118455, 3.6757406845423684, 3.8122709465619042, 2.829074820502279, 1.4083232050917858, 0.0, 5.525567544605712, 6.520829356761301, 5.9621103478550275, 5.971857223678409, 4.764117788216408, 4.764343844644297, 4.955680302440826, 2.8082919524152046, 2.8087114145102197, 3.4034645701108746, 3.9080401699573146, 1.0834934517568622, 6.807763868554784, 6.257416128882592], [9.86177694231623, 8.357944248438129, 7.826282155020991, 6.483398191535054, 6.344388570224873, 5.206432650097377, 3.9204439416984402, 2.748751765802071, 1.776849104454287, 2.981468975186561, 4.145289847525744, 5.525567544605712, 0.0, 1.693753125458371, 1.4456631592456106, 1.4445753320612948, 10.230811006464737, 10.23312632678792, 10.421881294181008, 8.148269054222498, 8.151266024367013, 7.315463873877035, 5.489648269242758, 5.973354154074577, 2.249880787952997, 2.262205574212919], [10.799949152195117, 9.342320668335038, 8.594044155111144, 7.225009640131978, 6.762934493250692, 5.443202249595361, 4.433198695073345, 3.0528699382712, 2.780658506541212, 4.370974923286566, 5.115374110463477, 6.520829356761301, 1.693753125458371, 0.0, 2.513662256549197, 2.5369318437829587, 11.090653460459396, 11.08407601426479, 11.476115821130424, 9.223242898785655, 9.215175757954919, 7.590922055982396, 5.3871635440183185, 7.161341428810667, 1.020208983493088, 1.0219238474563552], [10.22169933279198, 8.720229724611618, 8.295771824248783, 6.997093635217411, 6.972351607599835, 5.919753215295381, 4.62533487328215, 3.598635677586716, 2.583172686832996, 3.3606422213618634, 4.6670245606810346, 5.9621103478550275, 1.4456631592456106, 2.513662256549197, 0.0, 2.543536911467966, 10.725299761778222, 10.518793738352322, 10.716540864476746, 8.600053237625918, 8.33550892327517, 7.959928627820729, 6.261554462751242, 6.287906005976871, 2.517040041397832, 3.3322825045304905], [10.23003009330862, 8.730186103972812, 8.297942100304148, 6.997325570530502, 6.961026003399212, 5.901909700258045, 4.614599493997285, 3.580020969212332, 2.5839406552782904, 3.3861268198341303, 4.673750503610564, 5.971857223678409, 1.4445753320612948, 2.5369318437829587, 2.543536911467966, 0.0, 10.520104512788835, 10.734769663574529, 10.72931663527552, 8.343721598303722, 8.618496096767696, 7.944511656483361, 6.234445997039352, 6.30714497058693, 3.3718622881132023, 2.9101774189901213], [1.0951437302929692, 2.162033637573662, 2.6378672711112667, 3.9408409534006825, 4.791372281507669, 6.138916421486776, 6.7151235498686095, 8.084900361785543, 8.494502270880856, 7.520523622727343, 6.112308019889049, 4.764117788216408, 10.230811006464737, 11.090653460459396, 10.725299761778222, 10.520104512788835, 0.0, 1.7596607769681065, 1.7802093528571297, 2.48991248641393, 3.059748978266027, 4.636424305431935, 6.8993094357334055, 4.639314518331346, 11.387253058134785, 10.64290201072997], [1.095040665911545, 2.1619926410605563, 2.637818831913974, 3.9419559726105513, 4.794023972614238, 6.141886112587891, 6.717361873533389, 8.087305843728181, 8.496072258402702, 7.521108065305272, 6.113347565777689, 4.764343844644297, 10.23312632678792, 11.08407601426479, 10.518793738352322, 10.734769663574529, 1.7596607769681065, 0.0, 1.7801473562601493, 3.0597523788698977, 2.4898413724572896, 4.639740633914788, 6.90299177313721, 4.6381743962468684, 11.229500264036687, 10.723032937560157], [1.0936184206568575, 2.1643756813455464, 3.342738580864498, 4.522255481504776, 5.662187307039568, 6.929894138441076, 7.239012925116241, 8.569806406214788, 8.754769441281706, 7.527567180703205, 6.363102195470382, 4.955680302440826, 10.421881294181008, 11.476115821130424, 10.716540864476746, 10.72931663527552, 1.7802093528571297, 1.7801473562601493, 0.0, 2.4896646460919185, 2.4896372165438074, 5.740477462720326, 7.823376592622906, 4.483788422751457, 11.727854969686486, 11.17565013097672], [2.1431164690702182, 1.09616063603835, 2.0791635938521047, 2.6921637041606514, 3.9824291845555777, 5.0331038574621125, 5.1117351476773525, 6.382476893025152, 6.500646909346792, 5.293345704750447, 4.15790376752517, 2.8082919524152046, 8.148269054222498, 9.223242898785655, 8.600053237625918, 8.343721598303722, 2.48991248641393, 3.0597523788698977, 2.4896646460919185, 0.0, 1.7972708922140812, 4.416109356662265, 6.0200130448363645, 2.3627036949224083, 9.583184874560233, 8.906762719417195], [2.1430476942896073, 1.0961012635701137, 2.079062723921527, 2.693812723631693, 3.985648440341923, 5.036775379148846, 5.11473547116564, 6.385591495703432, 6.502764367559385, 5.2942380764374395, 4.159486838541504, 2.8087114145102197, 8.151266024367013, 9.215175757954919, 8.33550892327517, 8.618496096767696, 3.059748978266027, 2.4898413724572896, 2.4896372165438074, 1.7972708922140812, 0.0, 4.41960830051714, 6.024286022426226, 2.360485621646529, 9.391139530429733, 9.004396267379619], [4.686576453019837, 3.936215503500793, 2.51123751166631, 2.1505947130968215, 1.0884405082502213, 2.1524088947037923, 3.408626188070496, 4.628959855086237, 5.6041990194853, 5.563223150296957, 3.8547171893668155, 3.4034645701108746, 7.315463873877035, 7.590922055982396, 7.959928627820729, 7.944511656483361, 4.636424305431935, 4.639740633914788, 5.740477462720326, 4.416109356662265, 4.41960830051714, 0.0, 2.481623502870651, 4.317994481237789, 7.7472644133268105, 6.970037045095242], [6.852588741490329, 5.765851900630122, 4.483460838459504, 3.4162350665608483, 2.162419156870379, 1.0854878258184195, 2.1646884256169523, 2.766701232514996, 4.025851912328619, 4.71301887223041, 3.3998029413482183, 3.9080401699573146, 5.489648269242758, 5.3871635440183185, 6.261554462751242, 6.234445997039352, 6.8993094357334055, 6.90299177313721, 7.823376592622906, 6.0200130448363645, 6.024286022426226, 2.481623502870651, 0.0, 4.991075656609505, 5.52098358628243, 4.68004554465018], [4.086222004492659, 2.5839499395305627, 2.783077372262582, 2.1804550855268725, 3.4174285215641307, 3.905587980061389, 3.425272679656322, 4.512490055390704, 4.3856633101504725, 3.044872496509501, 2.1564569761532457, 1.0834934517568622, 5.973354154074577, 7.161341428810667, 6.287906005976871, 6.30714497058693, 4.639314518331346, 4.6381743962468684, 4.483788422751457, 2.3627036949224083, 2.360485621646529, 4.317994481237789, 4.991075656609505, 0.0, 7.467392249641103, 7.000761959244151], [11.036529841394895, 9.596337293988785, 8.819830824341247, 7.4628541155512345, 6.9559847160556645, 5.634173009413183, 4.69986289374488, 3.361944846364973, 3.197245642736886, 4.755472890260231, 5.426851473921136, 6.807763868554784, 2.249880787952997, 1.020208983493088, 2.517040041397832, 3.3718622881132023, 11.387253058134785, 11.229500264036687, 11.727854969686486, 9.583184874560233, 9.391139530429733, 7.7472644133268105, 5.52098358628243, 7.467392249641103, 0.0, 1.6971248451425134], [10.438929978690345, 9.022256507105082, 8.169637549487737, 6.810908330758827, 6.212886101482949, 4.854179838036494, 4.005945007111306, 2.6471038154934536, 2.76866796492465, 4.443912038958468, 4.885339060904576, 6.257416128882592, 2.262205574212919, 1.0219238474563552, 3.3322825045304905, 2.9101774189901213, 10.64290201072997, 10.723032937560157, 11.17565013097672, 8.906762719417195, 9.004396267379619, 6.970037045095242, 4.68004554465018, 7.000761959244151, 1.6971248451425134, 0.0]]}