{"total energy": -29.35307551, "HOMO-LUMO gap/eV": 3.87065846, "electronic energy": -29.74126861, "dipole": [0.40193375, -1.18296175, 0.47899649], "partial charges": [-0.10015944, -0.05223966, -0.05892892, -0.05988383, -0.05451927, -0.08352894, 0.23333218, -0.36665714, -0.13620939, 0.03142508, 0.03192376, 0.03299103, 0.02814309, 0.02938418, 0.02886061, 0.03219127, 0.02852767, 0.03295161, 0.04481839, 0.04458756, 0.05704518, 0.0604196, 0.06368779, 0.06851513, 0.06332247], "atomic dipole moments": [[-0.04903579, 0.01410617, -0.0872022], [-0.0468424, 0.01539172, 0.09866859], [0.04428834, -0.01672999, -0.10111861], [-0.04777282, 0.02344084, 0.0964799], [0.01691606, -0.12017306, 0.04977329], [-0.02012652, 0.07805899, -0.03370008], [-0.00756019, 0.01566427, -0.00824012], [0.04011106, -0.14510169, 0.05940291], [0.06579206, 0.03622213, -0.02872959], [-0.05551635, -0.08855902, 0.0697328], [0.11725547, -0.03717663, -0.02207514], [0.00558811, 0.10615147, 0.06784711], [0.00428491, -0.10552867, -0.06399352], [0.063932, 0.08293525, -0.06620847], [-0.05796197, -0.08444493, 0.06877487], [-0.00096066, 0.10535534, 0.06700209], [-0.00275621, -0.10508721, -0.06543245], [0.06300239, 0.07788511, -0.07187899], [0.00314832, 0.1133913, 0.05868124], [-0.04166642, 0.02997786, -0.1145741], [-0.00050618, -0.11381909, -0.0649498], [0.03862729, -0.01551425, 0.1251484], [0.03012338, -0.01882775, 0.13019288], [-0.11920503, 0.05959702, -0.0053807], [-0.00851944, -0.11335304, -0.07231773]], "atomic quadrupole moments": [[-0.0255256, -0.03013292, -0.11958368, 0.14436146, -0.04352711, 0.14510928], [0.14158396, -0.11823242, -0.19929323, 0.09225796, -0.02663809, 0.05770927], [0.15094578, -0.11842216, -0.2064108, 0.07804816, -0.02285789, 0.05546502], [0.13763952, -0.13939502, -0.17076157, 0.08786932, -0.02398157, 0.03312205], [0.19082189, 0.01297897, -0.03781728, -0.12926624, -0.09910196, -0.15300461], [0.15940358, -0.00327077, 0.00442718, -0.0810885, -0.12530144, -0.16383076], [-0.27529016, 0.08537084, -0.16733427, 0.13416357, 0.34748823, 0.44262444], [-0.12429821, 0.03350115, -0.06720127, 0.06211122, 0.14855076, 0.19149948], [0.02687302, 0.12571976, 0.04420344, -0.09072418, -0.10851688, -0.07107646], [-0.00841092, 0.05140008, 0.01382746, -0.02192782, -0.0426334, -0.00541654], [0.06471211, -0.03771648, -0.04274605, -0.02286721, 0.00744509, -0.02196606], [-0.04903218, -0.00672482, 0.05640837, 0.00678963, 0.04581139, -0.00737618], [-0.02296308, 0.0014364, 0.03812884, 0.01217928, 0.03610491, -0.01516576], [-0.00402257, 0.02736707, 0.01767082, -0.01113038, -0.03705009, -0.01364825], [-0.00056451, 0.03176549, 0.01624099, -0.0143367, -0.03350479, -0.01567648], [-0.02440603, 0.0004517, 0.0414455, 0.00788121, 0.03460287, -0.01703947], [-0.02681203, 0.00292242, 0.04600368, 0.01646889, 0.03102234, -0.01919164], [0.00857281, 0.03005834, 0.00718442, -0.01218823, -0.03851455, -0.01575723], [-0.01913497, 0.0123076, 0.01726145, -0.00572594, 0.04516093, 0.00187352], [0.00216919, 0.00274276, -0.04514779, 0.02452566, -0.00896562, 0.0429786], [-0.0274887, 0.01448371, 0.04331331, -0.02198876, 0.04125183, -0.01582461], [-0.01216643, 0.01896569, -0.03898823, 0.02590535, -0.02216192, 0.05115465], [-0.01869574, -0.01094728, -0.04917321, 0.03346119, -0.02919469, 0.06786896], [0.0534663, -0.04584512, -0.00863201, 0.00174297, -0.00987842, -0.04483428], [-0.02953279, -0.00381975, 0.05409562, -0.00509208, 0.05970093, -0.02456283]], "number of molecular orbitals": 52, "number of electrons": 54, "number of unpaired electrons": 0, "orbital energies/eV": [-19.0836276, -17.42003478, -17.1273686, -16.92339868, -16.57181499, -15.99472331, -15.44890715, -15.23849655, -15.13122155, -14.77244351, -14.60836822, -14.18913228, -13.91418374, -13.78158839, -13.35167873, -13.23938734, -13.16277018, -12.95244435, -12.83267295, -12.61231852, -12.42389735, -12.16038458, -11.81592005, -11.73713906, -11.55153087, -11.47985723, -10.74011072, -6.86945226, 1.14780925, 1.92313326, 2.8245986, 2.94254857, 3.27356323, 3.49665605, 3.73924267, 3.89700792, 4.27772418, 4.52851112, 4.58640558, 4.63480203, 4.79270885, 4.94371085, 5.43074097, 5.6674899, 6.15003011, 6.53847905, 6.97999907, 7.23651261, 7.31650429, 7.80980983, 8.3037488, 15.14619743], "fractional occupation": [2.0, 2.0, 2.0, 2.0, 2.0, 2.0, 2.0, 2.0, 2.0, 2.0, 2.0, 2.0, 2.0, 2.0, 2.0, 2.0, 2.0, 2.0, 2.0, 2.0, 2.0, 2.0, 2.0, 2.0, 2.0, 2.0, 2.0, 0.0, 0.0, 0.0, 0.0, 0.0, 0.0, 0.0, 0.0, 0.0, 0.0, 0.0, 0.0, 0.0, 0.0, 0.0, 0.0, 0.0, 0.0, 0.0, 0.0, 0.0, 0.0, 0.0, 0.0, 0.0], "program call": "xtb /home/svss/Project-DBcg-Debug/aqme2_20220329/End-to-End-workflows-final/example-3/QDESCP/mol_979_rdkit_conf_6/mol_979_rdkit_conf_6.xyz --pop --wbo --acc 0.2 --gfn 2 --chrg 0 --uhf 0 --etemp 300 --input /home/svss/Project-DBcg-Debug/aqme2_20220329/End-to-End-workflows-final/example-3/QDESCP/mol_979_rdkit_conf_6/mol_979_rdkit_conf_6_xtb.inp", "method": "GFN2-xTB", "xtb version": "6.3.3 (7355c4f)", "Dipole module/D": 3.401, "Total charge": 0, "Transition dipole module/D": NaN, "HOMO": -10.7401, "LUMO": -6.8695, "HOMO occupancy": 2.0, "LUMO occupancy": 0, "mulliken charges": [-0.08357, -0.03812, -0.04891, -0.04975, -0.03467, -0.08573, 0.39809, -0.49374, -0.12673, 0.02607, 0.02926, 0.02771, 0.02195, 0.02364, 0.01937, 0.02509, 0.02216, 0.02913, 0.03805, 0.04036, 0.04413, 0.04669, 0.05287, 0.06431, 0.05234], "cm5 charges": [-0.23392, -0.15071, -0.15967, -0.16019, -0.14288, -0.1881, 0.41315, -0.5444, -0.2685, 0.07736, 0.08005, 0.079, 0.07666, 0.07834, 0.07534, 0.08055, 0.07739, 0.08406, 0.09509, 0.09758, 0.10074, 0.10373, 0.10545, 0.11898, 0.10491], "FUKUI+": [0.006, 0.004, 0.006, 0.01, 0.015, 0.03, -0.194, -0.296, 0.051, -0.004, -0.016, -0.007, -0.009, -0.012, 0.004, -0.008, -0.018, -0.034, -0.023, -0.019, -0.095, -0.097, -0.107, -0.077, -0.107], "FUKUI-": [0.018, 0.006, 0.01, 0.008, 0.008, -0.008, -0.029, -0.154, -0.0, -0.056, -0.054, -0.062, -0.076, -0.076, -0.053, -0.056, -0.043, -0.058, -0.031, -0.04, -0.047, -0.045, -0.054, -0.051, -0.055], "FUKUIrad": [0.012, 0.005, 0.008, 0.009, 0.011, 0.011, -0.111, -0.225, 0.025, -0.03, -0.035, -0.034, -0.043, -0.044, -0.025, -0.032, -0.031, -0.046, -0.027, -0.029, -0.071, -0.071, -0.081, -0.064, -0.081], "s proportion": [1.008, 1.027, 1.032, 1.033, 1.028, 1.041, 1.075, 1.739, 1.022, 0.974, 0.971, 0.972, 0.978, 0.976, 0.981, 0.975, 0.978, 0.971, 0.962, 0.96, 0.956, 0.953, 0.947, 0.936, 0.948], "p proportion": [3.076, 3.011, 3.017, 3.016, 3.006, 3.044, 2.527, 4.754, 3.105, 0.0, 0.0, 0.0, 0.0, 0.0, 0.0, 0.0, 0.0, 0.0, 0.0, 0.0, 0.0, 0.0, 0.0, 0.0, 0.0], "d proportion": [0.0, 0.0, 0.0, 0.0, 0.0, 0.0, 0.0, 0.0, 0.0, 0.0, 0.0, 0.0, 0.0, 0.0, 0.0, 0.0, 0.0, 0.0, 0.0, 0.0, 0.0, 0.0, 0.0, 0.0, 0.0], "Fermi-level/eV": -8.8048, "Coordination numbers": [3.75, 3.8, 3.801, 3.801, 3.8, 3.801, 2.81, 0.857, 3.751, 0.924, 0.924, 0.924, 0.924, 0.924, 0.924, 0.924, 0.924, 0.924, 0.924, 0.924, 0.924, 0.924, 0.924, 0.924, 0.924], "Dispersion coefficient C6": [22.476, 21.512, 21.634, 21.652, 21.554, 22.093, 23.116, 21.026, 23.184, 2.566, 2.559, 2.544, 2.613, 2.595, 2.603, 2.556, 2.608, 2.545, 2.386, 2.389, 2.234, 2.194, 2.156, 2.102, 2.161], "Total dispersion C6": 4488.830261, "Total dispersion C8": 95526.019387, "Polarizability alpha": [6.761, 6.604, 6.622, 6.625, 6.61, 6.692, 7.877, 6.148, 6.867, 2.505, 2.502, 2.495, 2.528, 2.519, 2.523, 2.5, 2.525, 2.495, 2.416, 2.417, 2.337, 2.316, 2.296, 2.267, 2.299], "Total polarizability alpha": 99.747073, "Wiberg matrix": [[0.0, 1.0201713755909205, 0.0, 0.0, 0.0, 0.0, 0.0, 0.0, 0.0, 0.9877369913123122, 0.9873297117461771, 0.9876735803370033, 0.0, 0.0, 0.0, 0.0, 0.0, 0.0, 0.0, 0.0, 0.0, 0.0, 0.0, 0.0, 0.0], [1.0201713755909205, 0.0, 1.0074187769240182, 0.0, 0.0, 0.0, 0.0, 0.0, 0.0, 0.0, 0.0, 0.0, 0.9781922401708577, 0.9779368949645799, 0.0, 0.0, 0.0, 0.0, 0.0, 0.0, 0.0, 0.0, 0.0, 0.0, 0.0], [0.0, 1.0074187769240182, 0.0, 1.0080547861464249, 0.0, 0.0, 0.0, 0.0, 0.0, 0.0, 0.0, 0.0, 0.0, 0.0, 0.9754256576215035, 0.9769967472550339, 0.0, 0.0, 0.0, 0.0, 0.0, 0.0, 0.0, 0.0, 0.0], [0.0, 0.0, 1.0080547861464249, 0.0, 1.0062688124782695, 0.0, 0.0, 0.0, 0.0, 0.0, 0.0, 0.0, 0.0, 0.0, 0.0, 0.0, 0.9770777133605989, 0.9764922243879699, 0.0, 0.0, 0.0, 0.0, 0.0, 0.0, 0.0], [0.0, 0.0, 0.0, 1.0062688124782695, 0.0, 1.008594272261622, 0.0, 0.0, 0.0, 0.0, 0.0, 0.0, 0.0, 0.0, 0.0, 0.0, 0.0, 0.0, 0.9760547286358976, 0.9754429700209235, 0.0, 0.0, 0.0, 0.0, 0.0], [0.0, 0.0, 0.0, 0.0, 1.008594272261622, 0.0, 0.9927373225844084, 0.0, 0.0, 0.0, 0.0, 0.0, 0.0, 0.0, 0.0, 0.0, 0.0, 0.0, 0.0, 0.0, 0.9530766879447438, 0.9481099761708223, 0.0, 0.0, 0.0], [0.0, 0.0, 0.0, 0.0, 0.0, 0.9927373225844084, 0.0, 1.8565239880630815, 1.0076276728562255, 0.0, 0.0, 0.0, 0.0, 0.0, 0.0, 0.0, 0.0, 0.0, 0.0, 0.0, 0.0, 0.0, 0.0, 0.0, 0.0], [0.0, 0.0, 0.0, 0.0, 0.0, 0.0, 1.8565239880630815, 0.0, 0.0, 0.0, 0.0, 0.0, 0.0, 0.0, 0.0, 0.0, 0.0, 0.0, 0.0, 0.0, 0.0, 0.0, 0.0, 0.0, 0.0], [0.0, 0.0, 0.0, 0.0, 0.0, 0.0, 1.0076276728562255, 0.0, 0.0, 0.0, 0.0, 0.0, 0.0, 0.0, 0.0, 0.0, 0.0, 0.0, 0.0, 0.0, 0.0, 0.0, 0.9630825500255547, 0.9828485512522152, 0.9637033471035032], [0.9877369913123122, 0.0, 0.0, 0.0, 0.0, 0.0, 0.0, 0.0, 0.0, 0.0, 0.0, 0.0, 0.0, 0.0, 0.0, 0.0, 0.0, 0.0, 0.0, 0.0, 0.0, 0.0, 0.0, 0.0, 0.0], [0.9873297117461771, 0.0, 0.0, 0.0, 0.0, 0.0, 0.0, 0.0, 0.0, 0.0, 0.0, 0.0, 0.0, 0.0, 0.0, 0.0, 0.0, 0.0, 0.0, 0.0, 0.0, 0.0, 0.0, 0.0, 0.0], [0.9876735803370033, 0.0, 0.0, 0.0, 0.0, 0.0, 0.0, 0.0, 0.0, 0.0, 0.0, 0.0, 0.0, 0.0, 0.0, 0.0, 0.0, 0.0, 0.0, 0.0, 0.0, 0.0, 0.0, 0.0, 0.0], [0.0, 0.9781922401708577, 0.0, 0.0, 0.0, 0.0, 0.0, 0.0, 0.0, 0.0, 0.0, 0.0, 0.0, 0.0, 0.0, 0.0, 0.0, 0.0, 0.0, 0.0, 0.0, 0.0, 0.0, 0.0, 0.0], [0.0, 0.9779368949645799, 0.0, 0.0, 0.0, 0.0, 0.0, 0.0, 0.0, 0.0, 0.0, 0.0, 0.0, 0.0, 0.0, 0.0, 0.0, 0.0, 0.0, 0.0, 0.0, 0.0, 0.0, 0.0, 0.0], [0.0, 0.0, 0.9754256576215035, 0.0, 0.0, 0.0, 0.0, 0.0, 0.0, 0.0, 0.0, 0.0, 0.0, 0.0, 0.0, 0.0, 0.0, 0.0, 0.0, 0.0, 0.0, 0.0, 0.0, 0.0, 0.0], [0.0, 0.0, 0.9769967472550339, 0.0, 0.0, 0.0, 0.0, 0.0, 0.0, 0.0, 0.0, 0.0, 0.0, 0.0, 0.0, 0.0, 0.0, 0.0, 0.0, 0.0, 0.0, 0.0, 0.0, 0.0, 0.0], [0.0, 0.0, 0.0, 0.9770777133605989, 0.0, 0.0, 0.0, 0.0, 0.0, 0.0, 0.0, 0.0, 0.0, 0.0, 0.0, 0.0, 0.0, 0.0, 0.0, 0.0, 0.0, 0.0, 0.0, 0.0, 0.0], [0.0, 0.0, 0.0, 0.9764922243879699, 0.0, 0.0, 0.0, 0.0, 0.0, 0.0, 0.0, 0.0, 0.0, 0.0, 0.0, 0.0, 0.0, 0.0, 0.0, 0.0, 0.0, 0.0, 0.0, 0.0, 0.0], [0.0, 0.0, 0.0, 0.0, 0.9760547286358976, 0.0, 0.0, 0.0, 0.0, 0.0, 0.0, 0.0, 0.0, 0.0, 0.0, 0.0, 0.0, 0.0, 0.0, 0.0, 0.0, 0.0, 0.0, 0.0, 0.0], [0.0, 0.0, 0.0, 0.0, 0.9754429700209235, 0.0, 0.0, 0.0, 0.0, 0.0, 0.0, 0.0, 0.0, 0.0, 0.0, 0.0, 0.0, 0.0, 0.0, 0.0, 0.0, 0.0, 0.0, 0.0, 0.0], [0.0, 0.0, 0.0, 0.0, 0.0, 0.9530766879447438, 0.0, 0.0, 0.0, 0.0, 0.0, 0.0, 0.0, 0.0, 0.0, 0.0, 0.0, 0.0, 0.0, 0.0, 0.0, 0.0, 0.0, 0.0, 0.0], [0.0, 0.0, 0.0, 0.0, 0.0, 0.9481099761708223, 0.0, 0.0, 0.0, 0.0, 0.0, 0.0, 0.0, 0.0, 0.0, 0.0, 0.0, 0.0, 0.0, 0.0, 0.0, 0.0, 0.0, 0.0, 0.0], [0.0, 0.0, 0.0, 0.0, 0.0, 0.0, 0.0, 0.0, 0.9630825500255547, 0.0, 0.0, 0.0, 0.0, 0.0, 0.0, 0.0, 0.0, 0.0, 0.0, 0.0, 0.0, 0.0, 0.0, 0.0, 0.0], [0.0, 0.0, 0.0, 0.0, 0.0, 0.0, 0.0, 0.0, 0.9828485512522152, 0.0, 0.0, 0.0, 0.0, 0.0, 0.0, 0.0, 0.0, 0.0, 0.0, 0.0, 0.0, 0.0, 0.0, 0.0, 0.0], [0.0, 0.0, 0.0, 0.0, 0.0, 0.0, 0.0, 0.0, 0.9637033471035032, 0.0, 0.0, 0.0, 0.0, 0.0, 0.0, 0.0, 0.0, 0.0, 0.0, 0.0, 0.0, 0.0, 0.0, 0.0, 0.0]], "Born radii": [], "Atomic SASAs": [], "Solvent H bonds": [], "Total SASA": NaN, "Total FOD": 0.0, "FOD": [0.0, 0.0, 0.0, 0.0, 0.0, 0.0, 0.0, 0.0, 0.0, 0.0, 0.0, 0.0, 0.0, 0.0, 0.0, 0.0, 0.0, 0.0, 0.0, 0.0, 0.0, 0.0, 0.0, 0.0, 0.0], "FOD s proportion": [0.0, 0.0, 0.0, 0.0, 0.0, 0.0, 0.0, 0.0, 0.0, 0.0, 0.0, 0.0, 0.0, 0.0, 0.0, 0.0, 0.0, 0.0, 0.0, 0.0, 0.0, 0.0, 0.0, 0.0, 0.0], "FOD p proportion": [0.0, 0.0, 0.0, 0.0, 0.0, 0.0, 0.0, 0.0, 0.0, 0.0, 0.0, 0.0, 0.0, 0.0, 0.0, 0.0, 0.0, 0.0, 0.0, 0.0, 0.0, 0.0, 0.0, 0.0, 0.0], "FOD d proportion": [0.0, 0.0, 0.0, 0.0, 0.0, 0.0, 0.0, 0.0, 0.0, 0.0, 0.0, 0.0, 0.0, 0.0, 0.0, 0.0, 0.0, 0.0, 0.0, 0.0, 0.0, 0.0, 0.0, 0.0, 0.0], "coordinates": [["3.61440", "-0.57050", "1.31120"], ["2.88820", "-0.35670", "-0.00750"], ["1.44580", "0.10040", "0.21470"], ["0.72030", "0.30990", "-1.11610"], ["-0.69350", "0.87490", "-0.95520"], ["-1.65250", "-0.08150", "-0.24850"], ["-3.07790", "0.44330", "-0.21850"], ["-3.39340", "1.54620", "-0.66240"], ["-4.10600", "-0.46590", "0.40350"], ["3.11690", "-1.33760", "1.91320"], ["4.64320", "-0.89620", "1.12880"], ["3.64930", "0.35530", "1.89430"], ["2.89840", "-1.29180", "-0.57950"], ["3.42970", "0.39130", "-0.59820"], ["0.92080", "-0.65120", "0.81480"], ["1.44140", "1.03560", "0.78750"], ["0.67710", "-0.63700", "-1.66790"], ["1.29880", "1.00850", "-1.73340"], ["-0.65160", "1.82750", "-0.41260"], ["-1.08550", "1.10640", "-1.95380"], ["-1.66160", "-1.04760", "-0.76510"], ["-1.34070", "-0.24020", "0.78880"], ["-3.84290", "-0.65650", "1.44680"], ["-5.08970", "0.01040", "0.36800"], ["-4.14880", "-1.40530", "-0.15300"]], "bond_dist": [[0.0, 1.5205415384000531, 2.520961130204113, 3.8784925241645105, 5.077770429036744, 5.51470948464196, 6.9393552884976275, 7.581871582267798, 7.77428045609367, 1.094692952384366, 1.0944312175737683, 1.0946822644036944, 2.1465498317066856, 2.1459221071604624, 2.7401471511581272, 2.752407655126689, 4.184159455613516, 4.138216224413606, 5.18851100413211, 5.963327814232587, 5.689887705394544, 4.993497357564134, 7.459028532590555, 8.77430497874333, 7.944057333629963], [1.5205415384000531, 0.0, 1.5293237100104085, 2.5245078589697436, 3.9042987513764875, 4.5554113458610965, 6.02319435266703, 6.596091341089813, 7.007116331273513, 2.1687685422838463, 2.1592273942315576, 2.168654064160534, 1.0962208034880565, 1.096199224593778, 2.152572948821944, 2.1595727656182366, 2.7792911794196735, 2.7145338844818276, 4.179117094554781, 4.66036876116043, 4.663901865391251, 4.304795134498272, 6.892936655736798, 7.995164230333233, 7.116185861119704], [2.520961130204113, 1.5293237100104085, 0.0, 1.5301206292315648, 2.5583433604580916, 3.1380096781240177, 4.557313280870649, 5.126158277891935, 5.583800172821373, 2.7830417639697758, 3.471621685898393, 2.7823447701534043, 2.163104537464614, 2.163628533274601, 1.0957406490588912, 1.096685114333189, 2.1630629232641385, 2.154378847835264, 2.788452341353533, 3.4816530470453255, 3.454540027268464, 2.865341414212275, 5.482820050849745, 6.537917186688739, 5.805332457318874], [3.8784925241645105, 2.5245078589697436, 1.5301206292315648, 0.0, 1.5309945297093652, 2.5565804427007577, 3.9050998143453386, 4.319352853148259, 5.119005908377133, 4.199357843766116, 4.677969391733982, 4.200429778010817, 2.756356664149253, 2.7596548208063996, 2.16616903080069, 2.161092006370853, 1.0967994757475041, 1.0971615651306783, 2.1633611857477706, 2.1440772327507234, 2.7639563780928236, 2.859890735675054, 5.322140510170696, 6.004028069554638, 5.251438608610026], [5.077770429036744, 3.9042987513764875, 2.5583433604580916, 1.5309945297093652, 0.0, 1.5276802185012412, 2.53266042137512, 2.7974694886629243, 3.9101108142864693, 5.2575681612319585, 5.996683925304051, 5.220109792906659, 4.211589366260675, 4.166784875656529, 2.840395342201504, 2.7605480959403694, 2.16155667517648, 2.1430593762189605, 1.0970948591621419, 1.097478113676988, 2.1608706277794605, 2.168836519888025, 4.2465880798589355, 4.671701288609963, 4.216863167094706], [5.51470948464196, 4.5554113458610965, 3.1380096781240177, 2.5565804427007577, 1.5276802185012412, 0.0, 1.5192367162493146, 2.418977740699571, 2.567592181402646, 5.384970794721175, 6.495885610907877, 5.735108483716764, 4.720707351658223, 5.116110511902573, 2.8420129960997715, 3.4486846217072387, 2.783938355998566, 3.4789653203215463, 2.161714740663069, 2.154215286362995, 1.0955854964355818, 1.0947128481935342, 2.828872434380879, 3.4932594664582246, 2.8272036325669925], [6.9393552884976275, 6.02319435266703, 4.557313280870649, 3.9050998143453386, 2.53266042137512, 1.5192367162493146, 0.0, 1.2300308410767593, 1.5068238948198291, 6.789057131885104, 7.95140633787508, 7.051729410577238, 6.233542708604794, 6.518875198222466, 4.272615221383737, 4.667646921094183, 4.1674732692604035, 4.665819964379251, 2.8001100228383886, 2.724082498750726, 2.1277828977600137, 2.1212471284600483, 2.1372901370660933, 2.1397952939475307, 2.137390703638434], [7.581871582267798, 6.596091341089813, 5.126158277891935, 4.319352853148259, 2.7974694886629243, 2.418977740699571, 1.2300308410767593, 0.0, 2.385893539116949, 7.571923394356285, 8.588402340365757, 7.586473554293852, 6.902743197454184, 6.920448631411117, 5.061917446975998, 5.07328428239538, 4.727193960480149, 4.84281974989778, 2.767489289952177, 2.680958860184169, 3.1204930652062024, 3.083955850851306, 3.082638833856474, 2.5095496588033477, 3.088926960936435], [7.77428045609367, 7.007116331273513, 5.583800172821373, 5.119005908377133, 3.9101108142864693, 2.567592181402646, 1.5068238948198291, 2.385893539116949, 0.0, 7.430298741638857, 8.789750782587639, 7.939869782937249, 7.1210967673526255, 7.650161385225805, 5.047001289875008, 5.759826821181345, 5.215171979906319, 5.996003669945508, 4.225941567272317, 4.1415469126885425, 2.7711175020197176, 2.801121323684499, 1.0927144457725448, 1.0935207496888204, 1.092701445958593], [1.094692952384366, 2.1687685422838463, 2.7830417639697758, 4.199357843766116, 5.2575681612319585, 5.384970794721175, 6.789057131885104, 7.571923394356285, 7.430298741638857, 0.0, 1.771922405185961, 1.774744313978777, 2.5026772025173365, 3.0649745529123074, 2.549604426180658, 3.1155383130367693, 4.389503572159385, 4.701846911586977, 5.443233956022834, 6.211842782942917, 5.48556771355527, 4.726389730015923, 7.00858346672136, 8.458902446535248, 7.554082486973516], [1.0944312175737683, 2.1592273942315576, 3.471621685898393, 4.677969391733982, 5.996683925304051, 6.495885610907877, 7.95140633787508, 8.588402340365757, 8.789750782587639, 1.771922405185961, 0.0, 1.7720270060018837, 2.4736845574971764, 2.4724011608151297, 3.743645650966448, 3.7549780518666154, 4.85990377888287, 4.79636135940569, 6.1505579169698095, 6.806675635727032, 6.5848524820226615, 6.02934450914857, 8.495438381861174, 9.804594974296492, 8.899520102230232], [1.0946822644036944, 2.168654064160534, 2.7823447701534043, 4.200429778010817, 5.220109792906659, 5.735108483716764, 7.051729410577238, 7.586473554293852, 7.939869782937249, 1.774744313978777, 1.7720270060018837, 0.0, 3.0653671329874994, 2.5024141164083935, 3.102108113847743, 2.5617643802660703, 4.744249252516145, 4.3716962131419885, 5.097734914645916, 6.14738609979884, 6.102966129678257, 5.145566101023288, 7.573444152431574, 8.877987874513009, 8.252364101274251], [2.1465498317066856, 1.0962208034880565, 2.163104537464614, 2.756356664149253, 4.211589366260675, 4.720707351658223, 6.233542708604794, 6.902743197454184, 7.1210967673526255, 2.5026772025173365, 2.4736845574971764, 3.0653671329874994, 0.0, 1.7650651517720246, 2.503066641142421, 3.067299913604798, 2.5588183386086634, 3.0301131101000176, 4.728677204039201, 4.84886821227387, 4.570304256830174, 4.576906844147039, 7.067858478351134, 8.148817257737468, 7.061006467919428], [2.1459221071604624, 1.096199224593778, 2.163628533274601, 2.7596548208063996, 4.166784875656529, 5.116110511902573, 6.518875198222466, 6.920448631411117, 7.650161385225805, 3.0649745529123074, 2.4724011608151297, 2.5024141164083935, 1.7650651517720246, 0.0, 3.0623446017716556, 2.5077128763078123, 3.127053843476316, 2.492057320769328, 4.33060359418869, 4.768233468487045, 5.293356639222414, 5.0079214660375815, 7.626966670964284, 8.582470717107048, 7.801258670881257], [2.7401471511581272, 2.152572948821944, 1.0957406490588912, 2.16616903080069, 2.840395342201504, 2.8420129960997715, 4.272615221383737, 5.061917446975998, 5.047001289875008, 2.549604426180658, 3.743645650966448, 3.102108113847743, 2.503066641142421, 3.0623446017716556, 0.0, 1.765520855158613, 2.494672447436737, 3.0644430701189407, 3.181651490971316, 3.8444171742931337, 3.0531961499386178, 2.2986907686768134, 4.805443765148023, 6.06328747875276, 5.215951285240306], [2.752407655126689, 2.1595727656182366, 1.096685114333189, 2.161092006370853, 2.7605480959403694, 3.4486846217072387, 4.667646921094183, 5.07328428239538, 5.759826821181345, 3.1155383130367693, 3.7549780518666154, 2.5617643802660703, 3.067299913604798, 2.5077128763078123, 1.765520855158613, 0.0, 3.06769203310893, 2.525075440457176, 2.539290180345681, 3.7289357650675616, 4.04708512388855, 3.06067766025761, 5.587638623783754, 6.624370347436804, 6.1719420849518665], [4.184159455613516, 2.7792911794196735, 2.1630629232641385, 1.0967994757475041, 2.16155667517648, 2.783938355998566, 4.1674732692604035, 4.727193960480149, 5.215171979906319, 4.389503572159385, 4.85990377888287, 4.744249252516145, 2.5588183386086634, 3.127053843476316, 2.494672447436737, 3.06769203310893, 0.0, 1.7602475365697858, 3.068384270263423, 2.4955843263652704, 2.540306652748837, 3.203801175166774, 5.489274664288534, 6.149796566554051, 5.116103762630308], [4.138216224413606, 2.7145338844818276, 2.154378847835264, 1.0971615651306783, 2.1430593762189605, 3.4789653203215463, 4.665819964379251, 4.84281974989778, 5.996003669945508, 4.701846911586977, 4.79636135940569, 4.3716962131419885, 3.0301131101000176, 2.492057320769328, 3.0644430701189407, 2.525075440457176, 1.7602475365697858, 0.0, 2.493859218159678, 2.3964655349076063, 3.732173664233753, 3.858458860737017, 6.27080345171175, 6.798898279868585, 6.164449720778003], [5.18851100413211, 4.179117094554781, 2.788452341353533, 2.1633611857477706, 1.0970948591621419, 2.161714740663069, 2.8001100228383886, 2.767489289952177, 4.225941567272317, 5.443233956022834, 6.1505579169698095, 5.097734914645916, 4.728677204039201, 4.33060359418869, 3.181651490971316, 2.539290180345681, 3.068384270263423, 2.493859218159678, 0.0, 1.7560045159395232, 3.067662996484457, 2.4886952525369592, 4.451069540009457, 4.858798244422173, 4.769569775147439], [5.963327814232587, 4.66036876116043, 3.4816530470453255, 2.1440772327507234, 1.097478113676988, 2.154215286362995, 2.724082498750726, 2.680958860184169, 4.1415469126885425, 6.211842782942917, 6.806675635727032, 6.14738609979884, 4.84886821227387, 4.768233468487045, 3.8444171742931337, 3.7289357650675616, 2.4955843263652704, 2.3964655349076063, 1.7560045159395232, 0.0, 2.5267795511282736, 3.0659930463065304, 4.719655869870175, 4.7566362988986235, 4.351473821591944], [5.689887705394544, 4.663901865391251, 3.454540027268464, 2.7639563780928236, 2.1608706277794605, 1.0955854964355818, 2.1277828977600137, 3.1204930652062024, 2.7711175020197176, 5.48556771355527, 6.5848524820226615, 6.102966129678257, 4.570304256830174, 5.293356639222414, 3.0531961499386178, 4.04708512388855, 2.540306652748837, 3.732173664233753, 3.067662996484457, 2.5267795511282736, 0.0, 1.7803024405982262, 3.131059007748018, 3.7623329491154816, 2.5862674919659794], [4.993497357564134, 4.304795134498272, 2.865341414212275, 2.859890735675054, 2.168836519888025, 1.0947128481935342, 2.1212471284600483, 3.083955850851306, 2.801121323684499, 4.726389730015923, 6.02934450914857, 5.145566101023288, 4.576906844147039, 5.0079214660375815, 2.2986907686768134, 3.06067766025761, 3.203801175166774, 3.858458860737017, 2.4886952525369592, 3.0659930463065304, 1.7803024405982262, 0.0, 2.6205485170093685, 3.7808562522264713, 3.1827458051185924], [7.459028532590555, 6.892936655736798, 5.482820050849745, 5.322140510170696, 4.2465880798589355, 2.828872434380879, 2.1372901370660933, 3.082638833856474, 1.0927144457725448, 7.00858346672136, 8.495438381861174, 7.573444152431574, 7.067858478351134, 7.626966670964284, 4.805443765148023, 5.587638623783754, 5.489274664288534, 6.27080345171175, 4.451069540009457, 4.719655869870175, 3.131059007748018, 2.6205485170093685, 0.0, 1.7785036660069047, 1.7926617890723282], [8.77430497874333, 7.995164230333233, 6.537917186688739, 6.004028069554638, 4.671701288609963, 3.4932594664582246, 2.1397952939475307, 2.5095496588033477, 1.0935207496888204, 8.458902446535248, 9.804594974296492, 8.877987874513009, 8.148817257737468, 8.582470717107048, 6.06328747875276, 6.624370347436804, 6.149796566554051, 6.798898279868585, 4.858798244422173, 4.7566362988986235, 3.7623329491154816, 3.7808562522264713, 1.7785036660069047, 0.0, 1.7779033438294671], [7.944057333629963, 7.116185861119704, 5.805332457318874, 5.251438608610026, 4.216863167094706, 2.8272036325669925, 2.137390703638434, 3.088926960936435, 1.092701445958593, 7.554082486973516, 8.899520102230232, 8.252364101274251, 7.061006467919428, 7.801258670881257, 5.215951285240306, 6.1719420849518665, 5.116103762630308, 6.164449720778003, 4.769569775147439, 4.351473821591944, 2.5862674919659794, 3.1827458051185924, 1.7926617890723282, 1.7779033438294671, 0.0]]}