{"total energy": -65.86787179, "HOMO-LUMO gap/eV": 3.54781718, "electronic energy": -66.6412473, "dipole": [0.94619609, 0.94260536, -0.44639315], "partial charges": [-0.03460813, -0.02604706, -0.03928818, 0.09940295, -0.16968189, -0.03733345, 0.01485795, 0.1169249, 0.00025443, -0.03507092, -0.03931228, 0.10064572, -0.16830363, -0.03868181, -0.02464637, -0.43898504, 0.33911329, -0.3898162, -0.27300782, 0.12346988, -0.11298994, -0.11638218, 0.05000564, 0.05279721, 0.05759068, 0.07883957, 0.04713578, 0.06002689, 0.06223919, 0.06683055, 0.30537541, 0.05411605, 0.0516755, 0.04961906, 0.05196965, 0.05429213, 0.05337077, 0.0536017], "atomic dipole moments": [[0.00347614, -0.01526915, -0.0273072], [0.00157774, -0.00532994, -0.01324958], [0.00843433, 0.00529063, -0.03748498], [-0.05596974, -0.21521014, -0.10718799], [0.0088282, 0.00979697, -0.00272925], [-0.00819858, -0.00327888, 0.04842988], [0.04499215, 0.08783744, -0.07948659], [0.02782558, -0.02066862, -0.12356841], [0.06223805, -0.09309643, -0.01634134], [-0.0122441, -0.00385093, -0.00776772], [-0.02829558, -0.01032199, -0.02007778], [-0.14455908, 0.19919517, 0.01880888], [-0.01871304, 0.01156454, 0.00773121], [0.01677385, 0.02578158, 0.02239051], [0.01209594, 0.02252176, 0.01890426], [0.08174412, 0.15072651, 0.15348226], [0.10228941, 0.02291244, -0.11190895], [-0.07256624, 0.01128924, -0.15004378], [0.12413064, -0.01074107, 0.18451863], [-0.23058923, 0.00434784, -0.05627254], [-0.00360186, -0.12167379, -0.04432781], [-0.04529816, 0.01681218, 0.12714616], [0.03647499, 0.12988882, 0.07368499], [-0.01705638, 0.02133859, 0.15023719], [-0.05387173, -0.11130385, 0.09106321], [0.01644441, -0.02734566, -0.15440788], [0.13124947, 0.00808969, 0.08088451], [0.04847297, 0.1198694, 0.0855985], [-0.13749968, -0.00033858, -0.07283607], [-0.05357704, -0.12037411, -0.08321475], [0.04733719, 0.06098757, -0.03023921], [0.06274667, -0.08523252, 0.07876802], [-0.05490601, 0.01709486, 0.11548189], [-0.06368282, 0.08564306, -0.07220202], [0.12451592, 0.0384195, 0.00931527], [-0.05708656, 0.0721859, -0.09012562], [-0.01694093, -0.11872546, -0.04554108], [0.12832483, 0.02721885, -0.00028551]], "atomic quadrupole moments": [[0.42930056, -0.24208679, -0.17122725, 0.1190547, -0.04009347, -0.25807331], [0.43392832, -0.23780609, -0.15985791, 0.12442325, -0.03434104, -0.27407042], [0.40795147, -0.23418232, -0.17563057, 0.11788748, -0.02547786, -0.23232091], [0.2222414, -0.09563263, 0.11003284, 0.17656479, 0.20217357, -0.33227423], [-0.17479595, 0.13395258, 0.29529012, 0.07056966, 0.24621329, -0.12049417], [0.41943498, -0.23340326, -0.18246229, 0.11116123, -0.05545234, -0.23697269], [0.36432723, -0.16380073, -0.13323406, 0.0610168, -0.15971384, -0.23109317], [-0.13028585, 0.04496611, -0.1587516, 0.0484987, 0.14390405, 0.28903745], [-0.14340015, -0.00351204, -0.04172707, -0.30706545, -0.20014222, 0.18512721], [-0.08977039, 0.11926423, -0.14756606, -0.29112439, -0.26248414, 0.23733645], [-0.09063375, 0.12114514, -0.14846176, -0.2666982, -0.25357142, 0.23909551], [-0.10545355, -0.18175274, 0.07328326, -0.29946794, -0.1996253, 0.0321703], [-0.00056336, -0.31815069, 0.21443005, -0.04226774, 0.0304353, -0.21386669], [-0.13406513, 0.13358376, -0.12173716, -0.2797765, -0.23253103, 0.25580229], [-0.12702923, 0.12157107, -0.14624985, -0.29984448, -0.25790696, 0.27327908], [-0.08664179, 0.03279249, -0.05373835, 0.01185212, 0.08022528, 0.14038014], [-0.2720573, -0.13783052, 0.44792294, -0.16806072, 0.12411274, -0.17586563], [-0.09592697, -0.07984785, 0.19124255, -0.02543315, 0.05582429, -0.09531558], [0.06579996, 0.03398561, -0.04950564, 0.00890916, 0.00220574, -0.01629432], [0.31097168, 0.18690907, -0.16857673, -0.06393069, 0.12294914, -0.14239495], [-0.12268198, 0.04028621, 0.2055676, 0.00270363, 0.12001309, -0.08288562], [-0.07006991, -0.01114446, -0.12184553, -0.15453583, 0.04169523, 0.19191544], [-0.05008748, 0.03143961, 0.0255051, -0.01849853, -0.00445869, 0.02458238], [-0.05375328, 0.03362609, 0.0301307, -0.01459384, 0.00379545, 0.02362258], [-0.05026343, 0.02958122, 0.02592643, -0.01192277, 0.00906102, 0.02433699], [-0.04602275, 0.02796365, 0.02497509, -0.01387236, -2.772e-05, 0.02104766], [0.01361441, -0.03004876, 0.02448327, 0.02766443, 0.02722097, -0.03809768], [0.01493, -0.02183315, 0.01761954, 0.03124833, 0.02654264, -0.03254954], [0.01040861, -0.01989418, 0.02203074, 0.02831759, 0.02937768, -0.03243935], [0.01684706, -0.0241415, 0.01720132, 0.03066009, 0.02618713, -0.03404838], [-0.0330571, 0.07441762, 0.01019812, -0.04965767, -0.0614343, 0.02285898], [-0.00250014, 0.0018002, -0.00216596, 0.00034828, -0.0090694, 0.0046661], [-0.03076715, 0.00182995, -0.0287993, -0.04823132, -0.00336987, 0.05956645], [-0.02288244, -0.03270922, -0.00055727, 0.04457039, -0.04190948, 0.02343971], [0.07988878, 0.02264157, -0.0319738, 0.00117348, 0.00791232, -0.04791498], [-0.0172495, -0.04674843, 0.01341547, 0.02933813, -0.04413704, 0.00383403], [-0.049609, 0.01592819, 0.07381862, -0.0017235, 0.02542251, -0.02420962], [0.07441088, 0.03012069, -0.04244521, 0.01194058, 0.00718342, -0.03196566]], "number of molecular orbitals": 114, "number of electrons": 116, "number of unpaired electrons": 0, "orbital energies/eV": [-28.88856798, -28.66326892, -20.52065536, -19.84463234, -19.22400556, -18.60393717, -18.26069962, -18.02733213, -17.85434947, -17.40297404, -17.33948531, -17.26311184, -17.0762209, -17.00557068, -16.7964929, -16.72698102, -16.33840959, -16.28806374, -16.08124645, -15.94704663, -15.89257198, -15.68964963, -15.45871669, -15.12769083, -14.87829054, -14.61426675, -14.47648262, -14.38547865, -14.23007926, -14.13100689, -13.9017588, -13.88286798, -13.83017764, -13.78036235, -13.69900307, -13.54683273, -13.54491844, -13.41848848, -13.30210686, -13.29388403, -13.25199785, -13.02424851, -12.7104506, -12.53019096, -12.48191052, -12.44306364, -12.2950954, -12.24713416, -12.17983632, -12.03247324, -11.84091828, -11.65411756, -11.58183615, -11.51756789, -11.32824478, -11.1536591, -10.98155424, -10.77934922, -7.23153204, -6.91753502, -6.83351715, -6.58364383, -6.51709309, -3.84614763, -3.72561931, -3.53898415, -3.28621901, -1.32397383, 0.20803049, 0.262546, 0.38244657, 0.38310633, 0.43780177, 0.60716819, 0.6101234, 0.75097517, 0.97367098, 0.99099434, 1.79635887, 1.9239633, 2.36060753, 2.64263836, 2.78074222, 3.00028694, 3.12933441, 3.39900072, 3.74091434, 3.80000199, 3.87747052, 4.16526029, 4.43079615, 4.50140955, 4.62468476, 4.71471088, 4.81962173, 5.08516325, 5.18175088, 5.38513201, 5.94460439, 6.11502264, 7.19884923, 8.92821793, 9.48480221, 9.89763236, 10.01027756, 10.72650109, 10.91247463, 11.24936415, 11.38503028, 14.96016177, 15.5158948, 15.8559747, 16.02382272, 16.31174191], "fractional occupation": [2.0, 2.0, 2.0, 2.0, 2.0, 2.0, 2.0, 2.0, 2.0, 2.0, 2.0, 2.0, 2.0, 2.0, 2.0, 2.0, 2.0, 2.0, 2.0, 2.0, 2.0, 2.0, 2.0, 2.0, 2.0, 2.0, 2.0, 2.0, 2.0, 2.0, 2.0, 2.0, 2.0, 2.0, 2.0, 2.0, 2.0, 2.0, 2.0, 2.0, 2.0, 2.0, 2.0, 2.0, 2.0, 2.0, 2.0, 2.0, 2.0, 2.0, 2.0, 2.0, 2.0, 2.0, 2.0, 2.0, 2.0, 2.0, 0.0, 0.0, 0.0, 0.0, 0.0, 0.0, 0.0, 0.0, 0.0, 0.0, 0.0, 0.0, 0.0, 0.0, 0.0, 0.0, 0.0, 0.0, 0.0, 0.0, 0.0, 0.0, 0.0, 0.0, 0.0, 0.0, 0.0, 0.0, 0.0, 0.0, 0.0, 0.0, 0.0, 0.0, 0.0, 0.0, 0.0, 0.0, 0.0, 0.0, 0.0, 0.0, 0.0, 0.0, 0.0, 0.0, 0.0, 0.0, 0.0, 0.0, 0.0, 0.0, 0.0, 0.0, 0.0, 0.0], "program call": "xtb /home/svss/Project-DBcg-Debug/aqme2_20220329/End-to-End-workflows-final/example-3/QDESCP/mol_695_rdkit_conf_9/mol_695_rdkit_conf_9.xyz --pop --wbo --acc 0.2 --gfn 2 --chrg 0 --uhf 0 --etemp 300 --input /home/svss/Project-DBcg-Debug/aqme2_20220329/End-to-End-workflows-final/example-3/QDESCP/mol_695_rdkit_conf_9/mol_695_rdkit_conf_9_xtb.inp", "method": "GFN2-xTB", "xtb version": "6.3.3 (7355c4f)", "Dipole module/D": 3.579, "Total charge": 0, "Transition dipole module/D": NaN, "HOMO": -10.7793, "LUMO": -7.2315, "HOMO occupancy": 2.0, "LUMO occupancy": 0, "mulliken charges": [-0.04014, -0.01739, -0.05009, 0.11292, -0.11503, -0.0414, 0.00556, 0.21411, -0.01883, -0.03539, -0.047, 0.11386, -0.11035, -0.04886, -0.0144, -0.56502, 0.55963, -0.51299, -0.42509, 0.23319, -0.10357, -0.10016, 0.03749, 0.03756, 0.04089, 0.05932, 0.04422, 0.04381, 0.04495, 0.05023, 0.35169, 0.04565, 0.05072, 0.03825, 0.03755, 0.04118, 0.04617, 0.03676], "cm5 charges": [-0.09146, -0.07253, -0.10207, 0.10559, -0.11711, -0.08908, 0.00062, 0.22915, -0.02488, -0.08716, -0.09897, 0.10648, -0.11237, -0.10073, -0.06548, -0.76217, 0.61559, -0.56274, -0.50911, 0.18787, -0.24815, -0.24488, 0.09622, 0.0929, 0.09745, 0.12174, 0.10421, 0.10027, 0.10144, 0.10959, 0.53346, 0.11532, 0.10628, 0.09217, 0.08938, 0.09503, 0.09963, 0.08851], "FUKUI+": [-0.008, -0.019, -0.031, -0.018, -0.071, -0.014, -0.021, -0.002, -0.028, -0.019, -0.021, -0.032, -0.088, -0.024, -0.018, -0.018, -0.041, -0.088, -0.043, 0.007, 0.008, 0.008, -0.023, -0.042, -0.047, -0.035, -0.031, -0.048, -0.049, -0.039, -0.018, -0.013, 0.002, -0.009, -0.025, -0.011, -0.01, -0.022], "FUKUI-": [-0.026, -0.015, -0.022, -0.016, -0.184, -0.011, -0.015, -0.004, -0.021, -0.009, -0.016, -0.014, -0.169, -0.014, -0.01, -0.031, -0.003, -0.043, -0.02, 0.003, 0.006, 0.006, -0.033, -0.041, -0.042, -0.032, -0.029, -0.036, -0.035, -0.026, -0.023, -0.01, -0.001, -0.007, -0.019, -0.009, -0.008, -0.019], "FUKUIrad": [-0.017, -0.017, -0.026, -0.017, -0.128, -0.012, -0.018, -0.003, -0.024, -0.014, -0.018, -0.023, -0.128, -0.019, -0.014, -0.024, -0.022, -0.066, -0.032, 0.005, 0.007, 0.007, -0.028, -0.042, -0.045, -0.033, -0.03, -0.042, -0.042, -0.032, -0.02, -0.012, 0.0, -0.008, -0.022, -0.01, -0.009, -0.021], "s proportion": [1.063, 1.06, 1.062, 1.079, 1.944, 1.065, 1.091, 1.065, 1.097, 1.067, 1.062, 1.079, 1.943, 1.063, 1.066, 1.711, 1.01, 1.733, 1.704, 1.019, 1.017, 1.016, 0.963, 0.962, 0.959, 0.941, 0.956, 0.956, 0.955, 0.95, 0.648, 0.954, 0.949, 0.962, 0.962, 0.959, 0.954, 0.963], "p proportion": [2.978, 2.957, 2.988, 2.808, 5.182, 2.976, 2.904, 2.721, 2.922, 2.968, 2.985, 2.807, 5.178, 2.986, 2.949, 4.854, 2.43, 4.78, 4.722, 2.748, 3.087, 3.085, 0.0, 0.0, 0.0, 0.0, 0.0, 0.0, 0.0, 0.0, 0.0, 0.0, 0.0, 0.0, 0.0, 0.0, 0.0, 0.0], "d proportion": [0.0, 0.0, 0.0, 0.0, -0.011, 0.0, 0.0, 0.0, 0.0, 0.0, 0.0, 0.0, -0.011, 0.0, 0.0, 0.0, 0.0, 0.0, 0.0, 0.0, 0.0, 0.0, 0.0, 0.0, 0.0, 0.0, 0.0, 0.0, 0.0, 0.0, 0.0, 0.0, 0.0, 0.0, 0.0, 0.0, 0.0, 0.0], "Fermi-level/eV": -9.0054, "Coordination numbers": [2.914, 2.91, 2.949, 2.877, 0.965, 2.949, 2.956, 3.769, 2.955, 2.913, 2.946, 2.879, 0.966, 2.946, 2.915, 1.651, 2.7, 0.856, 1.701, 3.74, 3.751, 3.751, 0.925, 0.925, 0.925, 0.925, 0.925, 0.925, 0.925, 0.925, 0.804, 0.924, 0.924, 0.924, 0.924, 0.924, 0.924, 0.924], "Dispersion coefficient C6": [28.861, 28.653, 28.976, 25.795, 104.477, 28.928, 27.679, 18.704, 28.022, 28.873, 28.976, 25.768, 104.433, 28.961, 28.619, 21.623, 21.237, 21.479, 18.529, 18.643, 22.725, 22.79, 2.32, 2.285, 2.227, 1.991, 2.356, 2.199, 2.173, 2.121, 0.705, 2.269, 2.299, 2.325, 2.296, 2.267, 2.278, 2.276], "Total dispersion C6": 20608.32607, "Total dispersion C8": 544589.877105, "Polarizability alpha": [8.809, 8.777, 8.829, 8.326, 15.638, 8.821, 8.629, 6.163, 8.682, 8.811, 8.829, 8.322, 15.634, 8.826, 8.772, 6.277, 7.543, 6.214, 5.812, 6.161, 6.798, 6.808, 2.382, 2.364, 2.334, 2.207, 2.4, 2.319, 2.305, 2.277, 1.319, 2.356, 2.371, 2.384, 2.369, 2.355, 2.361, 2.359], "Total polarizability alpha": 223.945168, "Wiberg matrix": [[0.0, 1.4421868027280493, 0.0, 0.10001394892613284, 0.0, 0.0, 1.4057558435344655, 0.0, 0.0, 0.0, 0.0, 0.0, 0.0, 0.0, 0.0, 0.0, 0.0, 0.0, 0.0, 0.0, 0.0, 0.0, 0.9683860795140149, 0.0, 0.0, 0.0, 0.0, 0.0, 0.0, 0.0, 0.0, 0.0, 0.0, 0.0, 0.0, 0.0, 0.0, 0.0], [1.4421868027280493, 0.0, 1.4369480009919597, 0.0, 0.0, 0.10800212555733942, 0.0, 0.0, 0.0, 0.0, 0.0, 0.0, 0.0, 0.0, 0.0, 0.0, 0.0, 0.0, 0.0, 0.0, 0.0, 0.0, 0.0, 0.9685557786306451, 0.0, 0.0, 0.0, 0.0, 0.0, 0.0, 0.0, 0.0, 0.0, 0.0, 0.0, 0.0, 0.0, 0.0], [0.0, 1.4369480009919597, 0.0, 1.403024304404193, 0.0, 0.0, 0.10679405899342685, 0.0, 0.0, 0.0, 0.0, 0.0, 0.0, 0.0, 0.0, 0.0, 0.0, 0.0, 0.0, 0.0, 0.0, 0.0, 0.0, 0.0, 0.9673340789537722, 0.0, 0.0, 0.0, 0.0, 0.0, 0.0, 0.0, 0.0, 0.0, 0.0, 0.0, 0.0, 0.0], [0.10001394892613284, 0.0, 1.403024304404193, 0.0, 0.9795127464109317, 1.4026499202016351, 0.0, 0.0, 0.0, 0.0, 0.0, 0.0, 0.0, 0.0, 0.0, 0.0, 0.0, 0.0, 0.0, 0.0, 0.0, 0.0, 0.0, 0.0, 0.0, 0.0, 0.0, 0.0, 0.0, 0.0, 0.0, 0.0, 0.0, 0.0, 0.0, 0.0, 0.0, 0.0], [0.0, 0.0, 0.0, 0.9795127464109317, 0.0, 0.0, 0.0, 0.0, 0.0, 0.0, 0.0, 0.0, 0.0, 0.0, 0.0, 0.0, 0.0, 0.0, 0.0, 0.0, 0.0, 0.0, 0.0, 0.0, 0.0, 0.0, 0.0, 0.0, 0.0, 0.0, 0.0, 0.0, 0.0, 0.0, 0.0, 0.0, 0.0, 0.0], [0.0, 0.10800212555733942, 0.0, 1.4026499202016351, 0.0, 0.0, 1.4149405219811821, 0.0, 0.0, 0.0, 0.0, 0.0, 0.0, 0.0, 0.0, 0.0, 0.0, 0.0, 0.0, 0.0, 0.0, 0.0, 0.0, 0.0, 0.0, 0.9616911083029871, 0.0, 0.0, 0.0, 0.0, 0.0, 0.0, 0.0, 0.0, 0.0, 0.0, 0.0, 0.0], [1.4057558435344655, 0.0, 0.10679405899342685, 0.0, 0.0, 1.4149405219811821, 0.0, 0.9634807857134982, 0.0, 0.0, 0.0, 0.0, 0.0, 0.0, 0.0, 0.0, 0.0, 0.0, 0.0, 0.0, 0.0, 0.0, 0.0, 0.0, 0.0, 0.0, 0.0, 0.0, 0.0, 0.0, 0.0, 0.0, 0.0, 0.0, 0.0, 0.0, 0.0, 0.0], [0.0, 0.0, 0.0, 0.0, 0.0, 0.0, 0.9634807857134982, 0.0, 0.9481220265825553, 0.0, 0.0, 0.0, 0.0, 0.0, 0.0, 0.9808289426720898, 0.9109567616902352, 0.0, 0.0, 0.0, 0.0, 0.0, 0.0, 0.0, 0.0, 0.0, 0.0, 0.0, 0.0, 0.0, 0.0, 0.0, 0.0, 0.0, 0.0, 0.0, 0.0, 0.0], [0.0, 0.0, 0.0, 0.0, 0.0, 0.0, 0.0, 0.9481220265825553, 0.0, 1.4125873641231423, 0.0, 0.0, 0.0, 0.0, 1.4045196404793665, 0.0, 0.0, 0.0, 0.0, 0.0, 0.0, 0.0, 0.0, 0.0, 0.0, 0.0, 0.0, 0.0, 0.0, 0.0, 0.0, 0.0, 0.0, 0.0, 0.0, 0.0, 0.0, 0.0], [0.0, 0.0, 0.0, 0.0, 0.0, 0.0, 0.0, 0.0, 1.4125873641231423, 0.0, 1.4398317591144674, 0.0, 0.0, 0.10697587241276638, 0.0, 0.0, 0.0, 0.0, 0.0, 0.0, 0.0, 0.0, 0.0, 0.0, 0.0, 0.0, 0.966443587497138, 0.0, 0.0, 0.0, 0.0, 0.0, 0.0, 0.0, 0.0, 0.0, 0.0, 0.0], [0.0, 0.0, 0.0, 0.0, 0.0, 0.0, 0.0, 0.0, 0.0, 1.4398317591144674, 0.0, 1.401924457044545, 0.0, 0.0, 0.10992840562384662, 0.0, 0.0, 0.0, 0.0, 0.0, 0.0, 0.0, 0.0, 0.0, 0.0, 0.0, 0.0, 0.9671001433674379, 0.0, 0.0, 0.0, 0.0, 0.0, 0.0, 0.0, 0.0, 0.0, 0.0], [0.0, 0.0, 0.0, 0.0, 0.0, 0.0, 0.0, 0.0, 0.0, 0.0, 1.401924457044545, 0.0, 0.9820346484726508, 1.3992097105203203, 0.0, 0.0, 0.0, 0.0, 0.0, 0.0, 0.0, 0.0, 0.0, 0.0, 0.0, 0.0, 0.0, 0.0, 0.0, 0.0, 0.0, 0.0, 0.0, 0.0, 0.0, 0.0, 0.0, 0.0], [0.0, 0.0, 0.0, 0.0, 0.0, 0.0, 0.0, 0.0, 0.0, 0.0, 0.0, 0.9820346484726508, 0.0, 0.0, 0.0, 0.0, 0.0, 0.0, 0.0, 0.0, 0.0, 0.0, 0.0, 0.0, 0.0, 0.0, 0.0, 0.0, 0.0, 0.0, 0.0, 0.0, 0.0, 0.0, 0.0, 0.0, 0.0, 0.0], [0.0, 0.0, 0.0, 0.0, 0.0, 0.0, 0.0, 0.0, 0.0, 0.10697587241276638, 0.0, 1.3992097105203203, 0.0, 0.0, 1.4460023536707172, 0.0, 0.0, 0.0, 0.0, 0.0, 0.0, 0.0, 0.0, 0.0, 0.0, 0.0, 0.0, 0.0, 0.9663652766636937, 0.0, 0.0, 0.0, 0.0, 0.0, 0.0, 0.0, 0.0, 0.0], [0.0, 0.0, 0.0, 0.0, 0.0, 0.0, 0.0, 0.0, 1.4045196404793665, 0.0, 0.10992840562384662, 0.0, 0.0, 1.4460023536707172, 0.0, 0.0, 0.0, 0.0, 0.0, 0.0, 0.0, 0.0, 0.0, 0.0, 0.0, 0.0, 0.0, 0.0, 0.0, 0.9653991957795194, 0.0, 0.0, 0.0, 0.0, 0.0, 0.0, 0.0, 0.0], [0.0, 0.0, 0.0, 0.0, 0.0, 0.0, 0.0, 0.9808289426720898, 0.0, 0.0, 0.0, 0.0, 0.0, 0.0, 0.0, 0.0, 0.0, 0.0, 0.0, 0.0, 0.0, 0.0, 0.0, 0.0, 0.0, 0.0, 0.0, 0.0, 0.0, 0.0, 0.880549137125668, 0.0, 0.0, 0.0, 0.0, 0.0, 0.0, 0.0], [0.0, 0.0, 0.0, 0.0, 0.0, 0.0, 0.0, 0.9109567616902352, 0.0, 0.0, 0.0, 0.0, 0.0, 0.0, 0.0, 0.0, 0.0, 1.775749495713611, 1.1279177854237357, 0.0, 0.0, 0.0, 0.0, 0.0, 0.0, 0.0, 0.0, 0.0, 0.0, 0.0, 0.0, 0.0, 0.0, 0.0, 0.0, 0.0, 0.0, 0.0], [0.0, 0.0, 0.0, 0.0, 0.0, 0.0, 0.0, 0.0, 0.0, 0.0, 0.0, 0.0, 0.0, 0.0, 0.0, 0.0, 1.775749495713611, 0.0, 0.17612440030108203, 0.0, 0.0, 0.0, 0.0, 0.0, 0.0, 0.0, 0.0, 0.0, 0.0, 0.0, 0.0, 0.0, 0.0, 0.0, 0.0, 0.0, 0.0, 0.0], [0.0, 0.0, 0.0, 0.0, 0.0, 0.0, 0.0, 0.0, 0.0, 0.0, 0.0, 0.0, 0.0, 0.0, 0.0, 0.0, 1.1279177854237357, 0.17612440030108203, 0.0, 0.9156358284881538, 0.0, 0.0, 0.0, 0.0, 0.0, 0.0, 0.0, 0.0, 0.0, 0.0, 0.0, 0.0, 0.0, 0.0, 0.0, 0.0, 0.0, 0.0], [0.0, 0.0, 0.0, 0.0, 0.0, 0.0, 0.0, 0.0, 0.0, 0.0, 0.0, 0.0, 0.0, 0.0, 0.0, 0.0, 0.0, 0.0, 0.9156358284881538, 0.0, 1.002764460469311, 1.0059769195325448, 0.0, 0.0, 0.0, 0.0, 0.0, 0.0, 0.0, 0.0, 0.0, 0.9606425508360225, 0.0, 0.0, 0.0, 0.0, 0.0, 0.0], [0.0, 0.0, 0.0, 0.0, 0.0, 0.0, 0.0, 0.0, 0.0, 0.0, 0.0, 0.0, 0.0, 0.0, 0.0, 0.0, 0.0, 0.0, 0.0, 1.002764460469311, 0.0, 0.0, 0.0, 0.0, 0.0, 0.0, 0.0, 0.0, 0.0, 0.0, 0.0, 0.0, 0.9836242055623019, 0.9849428232117654, 0.9829991384700876, 0.0, 0.0, 0.0], [0.0, 0.0, 0.0, 0.0, 0.0, 0.0, 0.0, 0.0, 0.0, 0.0, 0.0, 0.0, 0.0, 0.0, 0.0, 0.0, 0.0, 0.0, 0.0, 1.0059769195325448, 0.0, 0.0, 0.0, 0.0, 0.0, 0.0, 0.0, 0.0, 0.0, 0.0, 0.0, 0.0, 0.0, 0.0, 0.0, 0.9846890194917592, 0.9846837130787899, 0.9830238121954289], [0.9683860795140149, 0.0, 0.0, 0.0, 0.0, 0.0, 0.0, 0.0, 0.0, 0.0, 0.0, 0.0, 0.0, 0.0, 0.0, 0.0, 0.0, 0.0, 0.0, 0.0, 0.0, 0.0, 0.0, 0.0, 0.0, 0.0, 0.0, 0.0, 0.0, 0.0, 0.0, 0.0, 0.0, 0.0, 0.0, 0.0, 0.0, 0.0], [0.0, 0.9685557786306451, 0.0, 0.0, 0.0, 0.0, 0.0, 0.0, 0.0, 0.0, 0.0, 0.0, 0.0, 0.0, 0.0, 0.0, 0.0, 0.0, 0.0, 0.0, 0.0, 0.0, 0.0, 0.0, 0.0, 0.0, 0.0, 0.0, 0.0, 0.0, 0.0, 0.0, 0.0, 0.0, 0.0, 0.0, 0.0, 0.0], [0.0, 0.0, 0.9673340789537722, 0.0, 0.0, 0.0, 0.0, 0.0, 0.0, 0.0, 0.0, 0.0, 0.0, 0.0, 0.0, 0.0, 0.0, 0.0, 0.0, 0.0, 0.0, 0.0, 0.0, 0.0, 0.0, 0.0, 0.0, 0.0, 0.0, 0.0, 0.0, 0.0, 0.0, 0.0, 0.0, 0.0, 0.0, 0.0], [0.0, 0.0, 0.0, 0.0, 0.0, 0.9616911083029871, 0.0, 0.0, 0.0, 0.0, 0.0, 0.0, 0.0, 0.0, 0.0, 0.0, 0.0, 0.0, 0.0, 0.0, 0.0, 0.0, 0.0, 0.0, 0.0, 0.0, 0.0, 0.0, 0.0, 0.0, 0.0, 0.0, 0.0, 0.0, 0.0, 0.0, 0.0, 0.0], [0.0, 0.0, 0.0, 0.0, 0.0, 0.0, 0.0, 0.0, 0.0, 0.966443587497138, 0.0, 0.0, 0.0, 0.0, 0.0, 0.0, 0.0, 0.0, 0.0, 0.0, 0.0, 0.0, 0.0, 0.0, 0.0, 0.0, 0.0, 0.0, 0.0, 0.0, 0.0, 0.0, 0.0, 0.0, 0.0, 0.0, 0.0, 0.0], [0.0, 0.0, 0.0, 0.0, 0.0, 0.0, 0.0, 0.0, 0.0, 0.0, 0.9671001433674379, 0.0, 0.0, 0.0, 0.0, 0.0, 0.0, 0.0, 0.0, 0.0, 0.0, 0.0, 0.0, 0.0, 0.0, 0.0, 0.0, 0.0, 0.0, 0.0, 0.0, 0.0, 0.0, 0.0, 0.0, 0.0, 0.0, 0.0], [0.0, 0.0, 0.0, 0.0, 0.0, 0.0, 0.0, 0.0, 0.0, 0.0, 0.0, 0.0, 0.0, 0.9663652766636937, 0.0, 0.0, 0.0, 0.0, 0.0, 0.0, 0.0, 0.0, 0.0, 0.0, 0.0, 0.0, 0.0, 0.0, 0.0, 0.0, 0.0, 0.0, 0.0, 0.0, 0.0, 0.0, 0.0, 0.0], [0.0, 0.0, 0.0, 0.0, 0.0, 0.0, 0.0, 0.0, 0.0, 0.0, 0.0, 0.0, 0.0, 0.0, 0.9653991957795194, 0.0, 0.0, 0.0, 0.0, 0.0, 0.0, 0.0, 0.0, 0.0, 0.0, 0.0, 0.0, 0.0, 0.0, 0.0, 0.0, 0.0, 0.0, 0.0, 0.0, 0.0, 0.0, 0.0], [0.0, 0.0, 0.0, 0.0, 0.0, 0.0, 0.0, 0.0, 0.0, 0.0, 0.0, 0.0, 0.0, 0.0, 0.0, 0.880549137125668, 0.0, 0.0, 0.0, 0.0, 0.0, 0.0, 0.0, 0.0, 0.0, 0.0, 0.0, 0.0, 0.0, 0.0, 0.0, 0.0, 0.0, 0.0, 0.0, 0.0, 0.0, 0.0], [0.0, 0.0, 0.0, 0.0, 0.0, 0.0, 0.0, 0.0, 0.0, 0.0, 0.0, 0.0, 0.0, 0.0, 0.0, 0.0, 0.0, 0.0, 0.0, 0.9606425508360225, 0.0, 0.0, 0.0, 0.0, 0.0, 0.0, 0.0, 0.0, 0.0, 0.0, 0.0, 0.0, 0.0, 0.0, 0.0, 0.0, 0.0, 0.0], [0.0, 0.0, 0.0, 0.0, 0.0, 0.0, 0.0, 0.0, 0.0, 0.0, 0.0, 0.0, 0.0, 0.0, 0.0, 0.0, 0.0, 0.0, 0.0, 0.0, 0.9836242055623019, 0.0, 0.0, 0.0, 0.0, 0.0, 0.0, 0.0, 0.0, 0.0, 0.0, 0.0, 0.0, 0.0, 0.0, 0.0, 0.0, 0.0], [0.0, 0.0, 0.0, 0.0, 0.0, 0.0, 0.0, 0.0, 0.0, 0.0, 0.0, 0.0, 0.0, 0.0, 0.0, 0.0, 0.0, 0.0, 0.0, 0.0, 0.9849428232117654, 0.0, 0.0, 0.0, 0.0, 0.0, 0.0, 0.0, 0.0, 0.0, 0.0, 0.0, 0.0, 0.0, 0.0, 0.0, 0.0, 0.0], [0.0, 0.0, 0.0, 0.0, 0.0, 0.0, 0.0, 0.0, 0.0, 0.0, 0.0, 0.0, 0.0, 0.0, 0.0, 0.0, 0.0, 0.0, 0.0, 0.0, 0.9829991384700876, 0.0, 0.0, 0.0, 0.0, 0.0, 0.0, 0.0, 0.0, 0.0, 0.0, 0.0, 0.0, 0.0, 0.0, 0.0, 0.0, 0.0], [0.0, 0.0, 0.0, 0.0, 0.0, 0.0, 0.0, 0.0, 0.0, 0.0, 0.0, 0.0, 0.0, 0.0, 0.0, 0.0, 0.0, 0.0, 0.0, 0.0, 0.0, 0.9846890194917592, 0.0, 0.0, 0.0, 0.0, 0.0, 0.0, 0.0, 0.0, 0.0, 0.0, 0.0, 0.0, 0.0, 0.0, 0.0, 0.0], [0.0, 0.0, 0.0, 0.0, 0.0, 0.0, 0.0, 0.0, 0.0, 0.0, 0.0, 0.0, 0.0, 0.0, 0.0, 0.0, 0.0, 0.0, 0.0, 0.0, 0.0, 0.9846837130787899, 0.0, 0.0, 0.0, 0.0, 0.0, 0.0, 0.0, 0.0, 0.0, 0.0, 0.0, 0.0, 0.0, 0.0, 0.0, 0.0], [0.0, 0.0, 0.0, 0.0, 0.0, 0.0, 0.0, 0.0, 0.0, 0.0, 0.0, 0.0, 0.0, 0.0, 0.0, 0.0, 0.0, 0.0, 0.0, 0.0, 0.0, 0.9830238121954289, 0.0, 0.0, 0.0, 0.0, 0.0, 0.0, 0.0, 0.0, 0.0, 0.0, 0.0, 0.0, 0.0, 0.0, 0.0, 0.0]], "Born radii": [], "Atomic SASAs": [], "Solvent H bonds": [], "Total SASA": NaN, "Total FOD": 0.0, "FOD": [0.0, 0.0, 0.0, 0.0, 0.0, 0.0, 0.0, 0.0, 0.0, 0.0, 0.0, 0.0, 0.0, 0.0, 0.0, 0.0, 0.0, 0.0, 0.0, 0.0, 0.0, 0.0, 0.0, 0.0, 0.0, 0.0, 0.0, 0.0, 0.0, 0.0, 0.0, 0.0, 0.0, 0.0, 0.0, 0.0, 0.0, 0.0], "FOD s proportion": [0.0, 0.0, 0.0, 0.0, 0.0, 0.0, 0.0, 0.0, 0.0, 0.0, 0.0, 0.0, 0.0, 0.0, 0.0, 0.0, 0.0, 0.0, 0.0, 0.0, 0.0, 0.0, 0.0, 0.0, 0.0, 0.0, 0.0, 0.0, 0.0, 0.0, 0.0, 0.0, 0.0, 0.0, 0.0, 0.0, 0.0, 0.0], "FOD p proportion": [0.0, 0.0, 0.0, 0.0, 0.0, 0.0, 0.0, 0.0, 0.0, 0.0, 0.0, 0.0, 0.0, 0.0, 0.0, 0.0, 0.0, 0.0, 0.0, 0.0, 0.0, 0.0, 0.0, 0.0, 0.0, 0.0, 0.0, 0.0, 0.0, 0.0, 0.0, 0.0, 0.0, 0.0, 0.0, 0.0, 0.0, 0.0], "FOD d proportion": [0.0, 0.0, 0.0, 0.0, 0.0, 0.0, 0.0, 0.0, 0.0, 0.0, 0.0, 0.0, 0.0, 0.0, 0.0, 0.0, 0.0, 0.0, 0.0, 0.0, 0.0, 0.0, 0.0, 0.0, 0.0, 0.0, 0.0, 0.0, 0.0, 0.0, 0.0, 0.0, 0.0, 0.0, 0.0, 0.0, 0.0, 0.0], "coordinates": [["-1.05120", "-1.48260", "1.99280"], ["-1.54690", "-2.51660", "2.79170"], ["-1.87730", "-3.74260", "2.22020"], ["-1.70800", "-3.93020", "0.85190"], ["-2.11330", "-5.44580", "0.14330"], ["-1.21200", "-2.90090", "0.04940"], ["-0.87640", "-1.65110", "0.60460"], ["-0.32910", "-0.50540", "-0.26370"], ["-1.19250", "0.76540", "-0.13930"], ["-0.79480", "1.87900", "0.62410"], ["-1.61390", "3.00870", "0.72610"], ["-2.84440", "3.03840", "0.07590"], ["-3.84730", "4.42970", "0.20560"], ["-3.26800", "1.94590", "-0.67280"], ["-2.45040", "0.81750", "-0.77550"], ["-0.41110", "-0.90370", "-1.65140"], ["1.18090", "-0.23660", "0.05440"], ["1.71890", "-0.32330", "1.15190"], ["1.82000", "0.20050", "-1.08220"], ["3.21580", "0.52610", "-0.94050"], ["3.35450", "1.95820", "-0.43700"], ["3.85230", "0.37380", "-2.31640"], ["-0.79260", "-0.53950", "2.47230"], ["-1.67110", "-2.36390", "3.86110"], ["-2.26190", "-4.54450", "2.84420"], ["-1.09180", "-3.07890", "-1.01740"], ["0.15010", "1.88950", "1.16470"], ["-1.28720", "3.85860", "1.32030"], ["-4.23170", "1.96030", "-1.17520"], ["-2.80240", "-0.03450", "-1.35740"], ["0.11880", "-0.24510", "-2.13880"], ["3.70580", "-0.17280", "-0.25190"], ["2.90270", "2.06970", "0.55390"], ["2.83260", "2.65800", "-1.09910"], ["4.40580", "2.25460", "-0.37040"], ["3.36770", "1.02850", "-3.04930"], ["3.72820", "-0.65160", "-2.68130"], ["4.92100", "0.60710", "-2.28890"]], "bond_dist": [[0.0, 1.3975391586642574, 2.4169716527092326, 2.779169805895279, 4.500628944936475, 2.4112725043014116, 1.4092716310207907, 2.5628383679038365, 3.1015028776385165, 3.6386034697394547, 4.700312316218998, 5.22776365667003, 6.77993734041842, 4.8758832892102735, 3.861567756753726, 3.74500291855694, 3.2081429160808907, 3.1184200021805917, 4.531251488275618, 5.553954769351296, 6.095344548916, 6.786732486992544, 1.0891426995577762, 2.156736096512506, 3.4008687213710562, 3.407510247966982, 3.6742250489048707, 5.388540589992805, 5.6573284030538655, 4.0481520586559, 4.468828124911496, 5.42063678270367, 5.506595473611622, 6.464388324505266, 7.023548040698518, 7.159264824686959, 6.736500290952268, 7.639828127647899], [1.3975391586642574, 0.0, 1.3924268059758114, 2.405627196803362, 3.989366385781081, 2.789274778504262, 2.4458264267932015, 3.855312106691234, 4.414508393921118, 4.958371056103003, 5.89916370767925, 6.317998171098184, 7.760852856484267, 5.90583200827792, 4.965626939269603, 4.861339903771388, 4.4868813367415905, 4.262036903875892, 5.807387470283002, 6.772787566430828, 7.3805189986883715, 7.974864162479509, 2.1400722557895095, 1.0873634580948541, 2.15089740806018, 3.877181980511103, 4.994061995009674, 6.547949075092139, 6.556453329354217, 4.9952108534074915, 5.678388767071167, 6.507515400673286, 6.770586140800514, 7.816318190171125, 8.258199751761882, 8.416549659450718, 7.826789508476639, 8.797938875668551], [2.4169716527092326, 1.3924268059758114, 0.0, 1.3914385146315307, 2.696312268636554, 2.421457333921042, 2.8260106900010125, 4.364189075876526, 5.134029147755202, 5.943208562720982, 6.919665169645133, 7.177413594046256, 8.644420191661208, 6.531655819162549, 5.486089145283733, 5.0197990208772305, 5.131794313882816, 5.075975947539547, 6.334343743435464, 7.358769719864863, 8.181171292669529, 8.387717489281574, 3.391161764056678, 2.1531105266567248, 1.0864330490186682, 3.3969930379675497, 6.078238348403261, 7.676996773478547, 7.042372393590103, 5.234982080198556, 5.934458902039848, 7.072888805855779, 7.707644710286016, 8.612118836848456, 9.063937434139756, 8.834084585286696, 8.062295795863609, 9.244931356694867], [2.779169805895279, 2.405627196803362, 1.3914385146315307, 0.0, 1.7214602551322526, 1.3962380670931445, 2.4386497616509017, 3.856835958399061, 4.826683856438082, 5.8849495936668825, 6.9406781844427865, 7.103165978632346, 8.653452270048064, 6.267923204698667, 5.073484385508642, 4.136201488080579, 4.756514524312945, 4.984312512272881, 5.7662994459185, 6.8785982503704926, 7.87168495431569, 7.712293885738535, 3.867880532022674, 3.392630533966232, 2.157180796780835, 2.144457185396808, 6.11713066232854, 7.8142099178355835, 6.7213232588531255, 4.610335816402098, 5.085415100068037, 6.681740764202095, 7.57272464176534, 8.235765210349308, 8.78204524982649, 8.097579738415671, 7.265327978832064, 8.62527431042051], [4.500628944936475, 3.989366385781081, 2.696312268636554, 1.7214602551322526, 0.0, 2.7014209057457155, 4.017768956771905, 5.268450512247411, 6.285438794547282, 7.458036332038079, 8.489265365742785, 8.515908619166838, 10.026771042564002, 7.525727884397629, 6.339302543655729, 5.171953725624389, 6.164042625582662, 6.4763444202729055, 6.989520929935041, 8.07697461058285, 9.22240754521291, 8.689433330775948, 5.589299524985219, 4.849297401686146, 2.85119000769854, 2.827172147217074, 7.744214847871926, 9.414862164153016, 7.8151377479862765, 5.6576609115428615, 6.102256247487482, 7.862737236484506, 9.044975876695306, 9.57481378461221, 10.102411229998511, 9.063697713957588, 8.06757962774462, 9.593465053879125], [2.4112725043014116, 2.789274778504262, 2.421457333921042, 1.3962380670931445, 2.7014209057457155, 0.0, 1.4081457452976947, 2.572151680986174, 3.6712046565126277, 4.8323679433586175, 5.961779823173614, 6.1596035992586415, 7.791463334316604, 5.314148951619629, 4.005070926962468, 2.7428031810540108, 3.5811296960596106, 4.05582332208887, 4.482435110517496, 5.685916271807034, 6.685832784328366, 6.478256263841374, 3.409186226946249, 3.8766220734035968, 3.4080225952889456, 1.0882069104724525, 5.103640138175889, 6.878348791679584, 5.85230712539935, 3.5671707780817, 3.68951507924822, 5.631879627619894, 6.472413823296529, 6.969878809563334, 7.636431701390382, 6.783493063311851, 6.076318706256281, 7.442271151335458], [1.4092716310207907, 2.4458264267932015, 2.8260106900010125, 2.4386497616509017, 4.017768956771905, 1.4081457452976947, 0.0, 1.538216717501146, 2.548093143901926, 3.531096829598418, 4.719364844976494, 5.113116265057935, 6.779496769672511, 4.50443229719351, 3.236686263758043, 2.4217032952036055, 2.5565628449150237, 2.9661713065836235, 3.6802567519128337, 4.8860653587523775, 5.657958276622407, 5.915493614230345, 2.175081674328576, 3.4270138867533055, 3.9124393886678934, 2.1716109227944127, 3.7287079022095577, 5.571155824422792, 5.240986175329983, 3.1894067724264965, 3.239367623472211, 4.890349678703968, 5.303632711642087, 5.935285797668044, 6.641291616093967, 6.208351325432543, 5.744430365145008, 6.8616074100752815], [2.5628383679038365, 3.855312106691234, 4.364189075876526, 3.856835958399061, 5.268450512247411, 2.572151680986174, 1.538216717501146, 0.0, 1.5413849486744056, 2.5865863005127046, 3.870311859527601, 4.35896555274299, 6.078913203854781, 3.8488138055769854, 2.5518458691700014, 1.4460560777507903, 1.566378322756032, 2.4962747785450223, 2.4055909606581083, 3.753447282166089, 4.43489197275424, 4.740324449866274, 2.775192076235445, 4.719000030726849, 5.450604283930361, 2.7879521570500456, 2.8294001502085204, 4.740412177226786, 4.7054006736940055, 2.745020835986496, 1.945345858709962, 4.048602229165024, 4.21237949501229, 4.549872482828502, 5.481629584348071, 4.876345640948763, 4.725235178274199, 5.73608240003576], [3.1015028776385165, 4.414508393921118, 5.134029147755202, 4.826683856438082, 6.285438794547282, 3.6712046565126277, 2.548093143901926, 1.5413849486744056, 0.0, 1.4074977122539132, 2.4410837777511856, 2.818086877652994, 4.5380627518799255, 2.446610461434349, 1.4105946476575049, 2.383889087185056, 2.5835152892909305, 3.36581566488719, 3.206762958186963, 4.486902586417495, 4.710266036011129, 5.508459132098558, 2.9467165761233303, 5.101448481558939, 6.183844000296255, 3.9445966321032118, 2.1832525208962887, 3.4215912219316906, 3.4260197693533527, 2.171493870587711, 2.595884856845542, 4.988611118337447, 4.353434020402744, 4.5502286546941795, 5.797593185107075, 5.415971348705604, 5.716899639664842, 6.482339184275997], [3.6386034697394547, 4.958371056103003, 5.943208562720982, 5.8849495936668825, 7.458036332038079, 4.8323679433586175, 3.531096829598418, 2.5865863005127046, 1.4074977122539132, 0.0, 1.399125048021084, 2.4177658612859934, 3.999871121673798, 2.7934107216805764, 2.413850403401172, 3.615044291568224, 2.9502054064081706, 3.383398560619189, 3.5448555654638456, 4.512562900392636, 4.283561175003808, 5.701552920038539, 3.0438446625936746, 5.408167073972475, 6.952882759690401, 5.231013635998286, 1.0886664411104072, 2.1554508484305552, 3.880254088329784, 3.4085601446945306, 3.602788112004368, 5.0232120799345115, 3.7030799046199365, 4.090756653725567, 5.308139595941312, 5.616371075703599, 6.1471240852938696, 6.5401581211771935], [4.700312316218998, 5.89916370767925, 6.919665169645133, 6.9406781844427865, 8.489265365742785, 5.961779823173614, 4.719364844976494, 3.870311859527601, 2.4410837777511856, 1.399125048021084, 0.0, 1.3920389290533508, 2.6978207520144855, 2.4129881599377976, 2.784940259682423, 4.733509041926507, 4.335211646505854, 4.731921964698911, 4.790365887904597, 5.6803926281552055, 5.209736118077383, 6.788140150291536, 4.03899385614784, 6.220637234238949, 7.871282096964891, 6.3538377709853435, 2.1346368777850717, 1.0872610266168836, 3.401023535643351, 3.874863964063771, 4.6687381314440835, 6.275160104730397, 4.616389216693063, 4.819305736306838, 6.16504396983509, 6.556765647787025, 7.317527127383951, 7.587016908508904], [5.22776365667003, 6.317998171098184, 7.177413594046256, 7.103165978632346, 8.515908619166838, 6.1596035992586415, 5.113116265057935, 4.35896555274299, 2.818086877652994, 2.4177658612859934, 1.3920389290533508, 0.0, 1.7199843574870095, 1.3905196510657447, 2.410915753401599, 4.944154790254852, 5.189328216638451, 5.769099564056769, 5.5813528270482955, 6.638579990479892, 6.313181421438799, 7.594009701073603, 4.77011368942083, 6.699941583327425, 8.093402470531167, 6.456645486628487, 3.3871059770842717, 2.1554886313780455, 2.1568848161179126, 3.390992081972472, 4.946394907404786, 7.302354299813177, 5.847736493721309, 5.809789855063606, 7.30608829470326, 7.238560593101366, 8.026040281483764, 8.473779315630068], [6.77993734041842, 7.760852856484267, 8.644420191661208, 8.653452270048064, 10.026771042564002, 7.791463334316604, 6.779496769672511, 6.078913203854781, 4.5380627518799255, 3.999871121673798, 2.6978207520144855, 1.7199843574870095, 0.0, 2.6974872548355076, 3.9952316153134357, 6.610678860752502, 6.861487620771461, 7.3803167364280515, 7.187687442425415, 8.151013420428162, 7.641149798950418, 9.060609746038066, 6.257960500035136, 8.01570506256312, 9.48746376857377, 8.09120406429105, 4.832359217814835, 2.8500567204882086, 2.8552247477212718, 4.843951553225941, 6.563529203865859, 8.85672807023, 7.159148894247137, 7.032938716496824, 8.554326134769472, 8.615031076554512, 9.567758439153865, 9.885235753384945], [4.8758832892102735, 5.90583200827792, 6.531655819162549, 6.267923204698667, 7.525727884397629, 5.314148951619629, 4.50443229719351, 3.8488138055769854, 2.446610461434349, 2.7934107216805764, 2.4129881599377976, 1.3905196510657447, 2.6974872548355076, 0.0, 1.397248585613884, 4.152078483121435, 5.008476544818794, 5.774770154733433, 5.394605965221186, 6.64282754329811, 6.6267080198240205, 7.474730193124031, 4.711313227752958, 6.456060320350175, 7.450289817852726, 5.486639284662333, 3.881107421857839, 3.3991818927500774, 1.08689043146032, 2.146495907287037, 4.291858716220746, 7.30068030665636, 6.292666987851812, 6.1567961197363035, 7.685957838161747, 7.107875174762145, 7.728382297738641, 8.45363150663666], [3.861567756753726, 4.965626939269603, 5.486089145283733, 5.073484385508642, 6.339302543655729, 4.005070926962468, 3.236686263758043, 2.5518458691700014, 1.4105946476575049, 2.413850403401172, 2.784940259682423, 2.410915753401599, 3.9952316153134357, 1.397248585613884, 0.0, 2.808642864445389, 3.871201429788949, 4.732795990743738, 4.325629439746313, 5.67608680342364, 5.925592185596305, 6.503481359241371, 3.890752456787762, 5.676854235401857, 6.47215608124526, 4.133550837960022, 3.4170396968721333, 3.8721700750354446, 2.153783094928549, 1.0901447656160166, 3.096529394338119, 6.257287710342237, 5.656057709217613, 5.60377071354637, 7.016896811269209, 6.250198000863653, 6.630642986166576, 7.528093097192675], [3.74500291855694, 4.861339903771388, 5.0197990208772305, 4.136201488080579, 5.171953725624389, 2.7428031810540108, 2.4217032952036055, 1.4460560777507903, 2.383889087185056, 3.615044291568224, 4.733509041926507, 4.944154790254852, 6.610678860752502, 4.152078483121435, 2.808642864445389, 0.0, 2.4267756488806294, 3.568228559103242, 2.5536353478913156, 3.962841210545787, 4.88313243011082, 4.500090089098217, 4.157293059191281, 5.8401575569499835, 6.073821255190179, 2.365756439281103, 4.00591199229339, 5.681377772160552, 4.7985671611430005, 2.5613005153632407, 0.9757595656717898, 4.4092721247389575, 4.9684732151839155, 4.8489516258671825, 5.900707203378253, 4.468428212470242, 4.272944290533168, 5.578549390298521], [3.2081429160808907, 4.4868813367415905, 5.131794313882816, 4.756514524312945, 6.164042625582662, 3.5811296960596106, 2.5565628449150237, 1.566378322756032, 2.5835152892909305, 2.9502054064081706, 4.335211646505854, 5.189328216638451, 6.861487620771461, 5.008476544818794, 3.871201429788949, 2.4267756488806294, 0.0, 1.2253436824009825, 1.375268984599013, 2.390053411537073, 3.1278040155994424, 3.623487099466479, 3.135712210965796, 5.210592497979476, 6.18011798350161, 3.7937566896151895, 2.610673464836229, 4.946178672470294, 5.969466017157648, 4.230922185528824, 2.4368534834905438, 2.5442111036625867, 2.921149633277967, 3.526667591367238, 4.097134668277332, 4.00194027191811, 3.7609861446168606, 4.493465543430816], [3.1184200021805917, 4.262036903875892, 5.075975947539547, 4.984312512272881, 6.4763444202729055, 4.05582332208887, 2.9661713065836235, 2.4962747785450223, 3.36581566488719, 3.383398560619189, 4.731921964698911, 5.769099564056769, 7.3803167364280515, 5.774770154733433, 4.732795990743738, 3.568228559103242, 1.2253436824009825, 0.0, 2.296908892403005, 2.7093039198288555, 3.2256833105560747, 4.131155874570699, 2.845668787824753, 4.795405405176918, 6.043937240739682, 4.494355163980702, 2.7125230174138615, 5.152987810969476, 6.785268139874797, 5.179010100395635, 3.659937395639439, 2.437432317009028, 2.7359523826265693, 3.8981378092622636, 4.022735053418258, 4.711261627207727, 4.34033289276295, 4.791470881681324], [4.531251488275618, 5.807387470283002, 6.334343743435464, 5.7662994459185, 6.989520929935041, 4.482435110517496, 3.6802567519128337, 2.4055909606581083, 3.206762958186963, 3.5448555654638456, 4.790365887904597, 5.5813528270482955, 7.187687442425415, 5.394605965221186, 4.325629439746313, 2.5536353478913156, 1.375268984599013, 2.296908892403005, 0.0, 1.4402610492546135, 2.420843361310268, 2.3840146434114033, 4.473002236753297, 6.572681451279987, 7.388744789881431, 4.386028116644945, 3.269533088989925, 5.367345125851327, 6.303064169909743, 4.636544165647514, 2.0515955644327173, 2.094037396991754, 2.7097917152430737, 2.657997483068786, 3.378216643437777, 2.6363690371418036, 2.631429736854093, 3.3522603493762233], [5.553954769351296, 6.772787566430828, 7.358769719864863, 6.8785982503704926, 8.07697461058285, 5.685916271807034, 4.8860653587523775, 3.753447282166089, 4.486902586417495, 4.512562900392636, 5.6803926281552055, 6.638579990479892, 8.151013420428162, 6.64282754329811, 5.67608680342364, 3.962841210545787, 2.390053411537073, 2.7093039198288555, 1.4402610492546135, 0.0, 1.5243557163601937, 1.5236234278849872, 5.371217530504606, 7.435674426035611, 8.368998490858987, 5.617593467847242, 3.9609649190569716, 6.0410083504328975, 7.5879687650912215, 6.058614462894962, 3.4091173828426617, 1.0966910093549596, 2.1711664906220345, 2.1718641324907964, 2.1745864572373295, 2.173135248897316, 2.1633112790349887, 2.1754196376791306], [6.095344548916, 7.3805189986883715, 8.181171292669529, 7.87168495431569, 9.22240754521291, 6.685832784328366, 5.657958276622407, 4.43489197275424, 4.710266036011129, 4.283561175003808, 5.209736118077383, 6.313181421438799, 7.641149798950418, 6.6267080198240205, 5.925592185596305, 4.88313243011082, 3.1278040155994424, 3.2256833105560747, 2.420843361310268, 1.5243557163601937, 0.0, 2.508041578602715, 5.648094385719842, 7.900054897277613, 9.197571945356012, 6.743798948663875, 3.5830632062524375, 5.314602745267044, 7.622032149630439, 6.536467475632385, 4.268537058524852, 2.167679565803027, 1.0947320676768357, 1.0956623841311701, 1.094312665557701, 2.772837467288698, 3.4623099543512854, 2.776495465510434], [6.786732486992544, 7.974864162479509, 8.387717489281574, 7.712293885738535, 8.689433330775948, 6.478256263841374, 5.915493614230345, 4.740324449866274, 5.508459132098558, 5.701552920038539, 6.788140150291536, 7.594009701073603, 9.060609746038066, 7.474730193124031, 6.503481359241371, 4.500090089098217, 3.623487099466479, 4.131155874570699, 2.3840146434114033, 1.5236234278849872, 2.508041578602715, 0.0, 6.733562251141665, 8.727224936943015, 9.39174684976123, 6.168684065503761, 5.3029886422657935, 7.1961015960032135, 8.316872951416295, 6.7358312018636575, 3.7886146834958025, 2.1406527182147035, 3.4664735769943493, 2.7819376376906795, 2.7623697960265923, 1.0957242627595687, 1.0954441930103056, 1.0942142523290401], [1.0891426995577762, 2.1400722557895095, 3.391161764056678, 3.867880532022674, 5.589299524985219, 3.409186226946249, 2.175081674328576, 2.775192076235445, 2.9467165761233303, 3.0438446625936746, 4.03899385614784, 4.77011368942083, 6.257960500035136, 4.711313227752958, 3.890752456787762, 4.157293059191281, 3.135712210965796, 2.845668787824753, 4.473002236753297, 5.371217530504606, 5.648094385719842, 6.733562251141665, 0.0, 2.4553946831415923, 4.282193024607835, 4.3262083965061136, 2.915225900337742, 4.573293864382651, 5.601844794351233, 4.35441421203817, 4.709518502989451, 5.271748959311322, 4.913595963243213, 6.010073148473319, 6.550671771658232, 7.0890610555982665, 6.856368718935703, 7.525220392785849], [2.156736096512506, 1.0873634580948541, 2.1531105266567248, 3.392630533966232, 4.849297401686146, 3.8766220734035968, 3.4270138867533055, 4.719000030726849, 5.101448481558939, 5.408167073972475, 6.220637234238949, 6.699941583327425, 8.01570506256312, 6.456060320350175, 5.676854235401857, 5.8401575569499835, 5.210592497979476, 4.795405405176918, 6.572681451279987, 7.435674426035611, 7.900054897277613, 8.727224936943015, 2.4553946831415923, 0.0, 2.477528326780544, 4.964531774497973, 5.355254798793425, 6.732202470217306, 7.114751976703053, 5.825691915987319, 6.609981502243407, 7.115387678826783, 7.177327304784142, 8.372955113936776, 8.727247453235185, 9.200625596121169, 8.65375118315751, 9.492371853757101], [3.4008687213710562, 2.15089740806018, 1.0864330490186682, 2.157180796780835, 2.85119000769854, 3.4080225952889456, 3.9124393886678934, 5.450604283930361, 6.183844000296255, 6.952882759690401, 7.871282096964891, 8.093402470531167, 9.48746376857377, 7.450289817852726, 6.47215608124526, 6.073821255190179, 6.18011798350161, 6.043937240739682, 7.388744789881431, 8.368998490858987, 9.197571945356012, 9.39174684976123, 4.28