{"total energy": -39.769867, "HOMO-LUMO gap/eV": 4.82971253, "electronic energy": -40.25313699, "dipole": [-0.07491818, 0.07531503, -0.9128775], "partial charges": [-0.1003629, -0.05193601, -0.05882276, -0.05981525, -0.06004523, -0.05756718, -0.08813355, 0.3489646, -0.40708823, -0.27612319, 0.08528982, -0.11331318, 0.03239954, 0.03277828, 0.03165938, 0.02823254, 0.02913338, 0.03086016, 0.03015168, 0.03161914, 0.02970521, 0.03545676, 0.03140779, 0.04578387, 0.04696892, 0.06909022, 0.07154541, 0.05079178, 0.05086108, 0.05503538, 0.05504218, 0.05043036], "atomic dipole moments": [[-0.0904526, 0.02999837, 0.03496638], [0.03821567, -0.10329299, 0.01373033], [-0.04199318, 0.10166195, -0.01199974], [0.0362092, -0.10438639, 0.0137565], [-0.04663939, 0.10519801, -0.00191761], [-0.00805623, 0.01044067, -0.13600874], [-0.03484751, 0.00138705, 0.09602176], [-0.13479176, 0.03645606, -0.07832574], [0.03273777, 0.00103944, -0.17285153], [-0.06957858, 0.00673858, 0.21622751], [0.1983279, -0.04346675, -0.14113323], [0.07362727, -0.02493593, 0.11522077], [-0.01166734, -0.09430429, -0.0826558], [0.07516943, -0.03844188, 0.09363068], [0.05720597, 0.09430627, -0.0581212], [-0.06537429, 0.04259576, -0.09545106], [0.01832954, 0.09673504, 0.07466091], [0.06916086, -0.04265308, 0.09414763], [-0.01505984, -0.09678859, -0.07635074], [0.0159178, 0.09711994, 0.07659173], [-0.066208, 0.04232001, -0.09560188], [0.0701676, -0.04749729, 0.08912821], [-0.01905695, -0.0954816, -0.07673781], [-0.04150939, -0.09481035, 0.07045593], [0.02034329, 0.09123896, 0.08645261], [-0.01768669, -0.09968442, -0.08526105], [0.04122491, 0.11170755, -0.05925865], [0.00701481, 0.10475219, 0.07243171], [-0.04596973, -0.10186238, 0.06154848], [0.04569375, 0.09602528, -0.07160796], [-0.00418677, -0.09856835, -0.08187133], [-0.11979951, 0.0286796, 0.03848872]], "atomic quadrupole moments": [[0.16182807, -0.09005533, -0.07999624, -0.11476671, 0.02905163, -0.08183183], [0.12490363, 0.01361716, -0.00426514, -0.18166054, -0.08103191, -0.12063849], [0.12148526, 0.01756997, 0.00288364, -0.18613149, -0.08838675, -0.1243689], [0.11728815, 0.01539432, 0.01037796, -0.17784716, -0.0891241, -0.12766611], [0.10386313, 0.01624059, -0.00980647, -0.19597691, -0.07058997, -0.09405667], [0.18125941, -0.15372029, -0.18236175, 0.04026427, -0.03365609, 0.00110234], [0.18057326, -0.12497485, -0.22884062, 0.00866219, -0.03788319, 0.04826737], [-0.13572485, 0.14551934, 0.44372637, 0.16583145, -0.00319183, -0.30800153], [-0.09289157, 0.07754801, 0.18993826, 0.00657512, 0.01383329, -0.09704669], [0.08153341, -0.0401814, -0.07135602, -0.03014351, 0.00425707, -0.01017739], [0.40285996, -0.2025166, -0.35072316, -0.07886811, 0.00179973, -0.05213681], [0.0202788, -0.0524532, -0.12759107, 0.19414556, -0.06303852, 0.10731227], [-0.0232841, 0.01542585, 0.02315713, 0.01471819, 0.06358918, 0.00012697], [-0.00485987, -0.02637905, -0.03838651, 0.0439552, -0.02652274, 0.04324639], [-0.01311355, 0.03322095, 0.0381552, -0.03112618, -0.04585444, -0.02504165], [0.00767103, -0.00756402, -0.03408591, 0.03435842, -0.01951795, 0.02641488], [-0.02099852, 0.01566055, 0.00775924, 0.00194527, 0.04427332, 0.01323928], [0.00281813, -0.00751447, -0.03151936, 0.03468866, -0.01854726, 0.02870123], [-0.02204444, 0.01643812, 0.00953705, 0.00607046, 0.04333138, 0.0125074], [-0.02194952, 0.01528147, 0.00870636, 0.0052542, 0.04383076, 0.01324316], [0.00710247, -0.00777449, -0.03201418, 0.03571738, -0.01833229, 0.02491171], [0.014999, -0.0084299, -0.03639217, 0.03239708, -0.02543163, 0.02139317], [-0.02322687, 0.02413118, 0.00380859, 0.00611793, 0.04181794, 0.01941828], [0.0041077, 0.02219928, 0.02438856, -0.01218953, -0.03600462, -0.02849626], [-0.01538955, 0.00683246, 0.03124449, 0.01686396, 0.03868394, -0.01585495], [-0.02192886, -0.00641555, 0.01516084, 0.02571564, 0.04797134, 0.00676802], [-0.00567238, 0.02693195, 0.02145374, 0.00323289, -0.04623735, -0.01578135], [-0.00054018, -0.00100829, 0.01320911, 0.00777075, 0.03321595, -0.01266893], [0.00397752, 0.00789014, 0.01540995, -0.00792247, -0.02983761, -0.01938747], [-0.0235258, 0.04607063, 0.03437646, -0.01239571, -0.0430305, -0.01085066], [-0.04945732, -0.00243278, 0.05056378, 0.00860177, 0.04972287, -0.00110646], [0.06399875, -0.02774667, -0.04576369, -0.03976757, 0.00838884, -0.01823506]], "number of molecular orbitals": 68, "number of electrons": 72, "number of unpaired electrons": 0, "orbital energies/eV": [-20.02930858, -19.2876213, -18.29311821, -17.30709994, -16.98708362, -16.78121529, -16.55071334, -16.36028022, -16.13186121, -15.835101, -15.57291602, -15.29290528, -15.16522077, -15.03537543, -14.86396051, -14.39442906, -14.16391442, -13.78251027, -13.73760764, -13.50910363, -13.37703456, -13.21420531, -13.13857707, -12.85739935, -12.809974, -12.73466963, -12.60138547, -12.49994814, -12.14916741, -11.95423468, -11.86642708, -11.74765464, -11.63732339, -11.47888836, -11.43409141, -11.22686501, -6.39715248, -0.04853821, 1.52163653, 2.37853449, 2.7347422, 2.85646105, 3.16404428, 3.19536396, 3.47292803, 3.50032533, 3.7265687, 3.79529253, 3.80315105, 4.03597885, 4.30590772, 4.45791695, 4.59050496, 4.87628574, 4.99779257, 5.24063611, 5.74621627, 6.02757682, 6.38213584, 6.42764883, 6.66362436, 6.91150274, 6.96616479, 7.26941444, 7.62586096, 7.8198522, 8.40645206, 16.20929177], "fractional occupation": [2.0, 2.0, 2.0, 2.0, 2.0, 2.0, 2.0, 2.0, 2.0, 2.0, 2.0, 2.0, 2.0, 2.0, 2.0, 2.0, 2.0, 2.0, 2.0, 2.0, 2.0, 2.0, 2.0, 2.0, 2.0, 2.0, 2.0, 2.0, 2.0, 2.0, 2.0, 2.0, 2.0, 2.0, 2.0, 2.0, 0.0, 0.0, 0.0, 0.0, 0.0, 0.0, 0.0, 0.0, 0.0, 0.0, 0.0, 0.0, 0.0, 0.0, 0.0, 0.0, 0.0, 0.0, 0.0, 0.0, 0.0, 0.0, 0.0, 0.0, 0.0, 0.0, 0.0, 0.0, 0.0, 0.0, 0.0, 0.0], "program call": "xtb /home/svss/Project-DBcg-Debug/aqme2_20220329/End-to-End-workflows-final/example-3/QDESCP/mol_565_rdkit_conf_9/mol_565_rdkit_conf_9.xyz --pop --wbo --acc 0.2 --gfn 2 --chrg 0 --uhf 0 --etemp 300 --input /home/svss/Project-DBcg-Debug/aqme2_20220329/End-to-End-workflows-final/example-3/QDESCP/mol_565_rdkit_conf_9/mol_565_rdkit_conf_9_xtb.inp", "method": "GFN2-xTB", "xtb version": "6.3.3 (7355c4f)", "Dipole module/D": 2.336, "Total charge": 0, "Transition dipole module/D": NaN, "HOMO": -11.2269, "LUMO": -6.3972, "HOMO occupancy": 2.0, "LUMO occupancy": 0, "mulliken charges": [-0.08341, -0.03852, -0.04616, -0.04811, -0.04865, -0.04113, -0.07909, 0.57396, -0.52857, -0.42497, 0.20622, -0.09542, 0.0268, 0.02719, 0.02863, 0.02192, 0.02271, 0.02372, 0.02282, 0.02466, 0.02109, 0.02889, 0.02324, 0.03901, 0.03712, 0.05432, 0.05586, 0.03878, 0.03873, 0.04201, 0.04201, 0.03433], "cm5 charges": [-0.23373, -0.15104, -0.15687, -0.15891, -0.15911, -0.14928, -0.17797, 0.62302, -0.57831, -0.5083, 0.12385, -0.2421, 0.07808, 0.07848, 0.07941, 0.07663, 0.07741, 0.07905, 0.07816, 0.08014, 0.07708, 0.08382, 0.07848, 0.09614, 0.09412, 0.1135, 0.11513, 0.10358, 0.10353, 0.09524, 0.09523, 0.08553], "FUKUI+": [0.005, 0.002, 0.004, 0.006, 0.01, 0.014, 0.028, -0.188, -0.281, -0.122, 0.027, 0.017, -0.006, -0.007, -0.011, -0.002, -0.004, -0.012, -0.008, -0.008, 0.004, -0.034, -0.018, -0.02, -0.024, -0.095, -0.098, -0.039, -0.039, -0.028, -0.028, -0.044], "FUKUI-": [0.016, 0.003, 0.005, 0.005, 0.004, 0.005, -0.002, -0.009, -0.089, -0.047, 0.01, 0.01, -0.049, -0.054, -0.054, -0.065, -0.063, -0.06, -0.056, -0.038, -0.036, -0.037, -0.033, -0.052, -0.033, -0.033, -0.037, -0.046, -0.045, -0.038, -0.042, -0.039], "FUKUIrad": [0.01, 0.003, 0.005, 0.005, 0.007, 0.01, 0.013, -0.098, -0.185, -0.085, 0.018, 0.013, -0.027, -0.03, -0.032, -0.033, -0.034, -0.036, -0.032, -0.023, -0.016, -0.036, -0.026, -0.036, -0.029, -0.064, -0.068, -0.042, -0.042, -0.033, -0.035, -0.042], "s proportion": [1.007, 1.027, 1.032, 1.032, 1.033, 1.03, 1.039, 0.991, 1.731, 1.7, 0.994, 1.011, 0.973, 0.973, 0.971, 0.978, 0.977, 0.976, 0.977, 0.975, 0.979, 0.971, 0.977, 0.961, 0.963, 0.946, 0.944, 0.961, 0.961, 0.958, 0.958, 0.966], "p proportion": [3.076, 3.011, 3.014, 3.016, 3.015, 3.011, 3.04, 2.435, 4.797, 4.725, 2.8, 3.085, 0.0, 0.0, 0.0, 0.0, 0.0, 0.0, 0.0, 0.0, 0.0, 0.0, 0.0, 0.0, 0.0, 0.0, 0.0, 0.0, 0.0, 0.0, 0.0, 0.0], "d proportion": [0.0, 0.0, 0.0, 0.0, 0.0, 0.0, 0.0, 0.0, 0.0, 0.0, 0.0, 0.0, 0.0, 0.0, 0.0, 0.0, 0.0, 0.0, 0.0, 0.0, 0.0, 0.0, 0.0, 0.0, 0.0, 0.0, 0.0, 0.0, 0.0, 0.0, 0.0, 0.0], "Fermi-level/eV": -8.812, "Coordination numbers": [3.75, 3.8, 3.802, 3.801, 3.801, 3.801, 3.802, 2.72, 0.856, 1.703, 3.703, 3.748, 0.924, 0.924, 0.924, 0.924, 0.924, 0.924, 0.924, 0.924, 0.924, 0.924, 0.924, 0.924, 0.924, 0.924, 0.924, 0.924, 0.924, 0.924, 0.924, 0.924], "Dispersion coefficient C6": [22.48, 21.507, 21.632, 21.651, 21.656, 21.609, 22.18, 21.073, 21.824, 18.581, 19.309, 22.735, 2.553, 2.547, 2.563, 2.612, 2.599, 2.574, 2.584, 2.564, 2.591, 2.51, 2.567, 2.373, 2.358, 2.096, 2.069, 2.31, 2.309, 2.258, 2.258, 2.315], "Total dispersion C6": 7465.050695, "Total dispersion C8": 158163.240337, "Polarizability alpha": [6.762, 6.603, 6.622, 6.625, 6.626, 6.618, 6.705, 7.515, 6.263, 5.82, 6.283, 6.801, 2.499, 2.496, 2.504, 2.527, 2.521, 2.509, 2.514, 2.504, 2.517, 2.478, 2.505, 2.409, 2.402, 2.264, 2.249, 2.377, 2.376, 2.35, 2.35, 2.379], "Total polarizability alpha": 127.972519, "Wiberg matrix": [[0.0, 1.0201205684848784, 0.0, 0.0, 0.0, 0.0, 0.0, 0.0, 0.0, 0.0, 0.0, 0.0, 0.9876972205904617, 0.9876794726527862, 0.9873570892651717, 0.0, 0.0, 0.0, 0.0, 0.0, 0.0, 0.0, 0.0, 0.0, 0.0, 0.0, 0.0, 0.0, 0.0, 0.0, 0.0, 0.0], [1.0201205684848784, 0.0, 1.0078151651439855, 0.0, 0.0, 0.0, 0.0, 0.0, 0.0, 0.0, 0.0, 0.0, 0.0, 0.0, 0.0, 0.9780787619692606, 0.9780601973484029, 0.0, 0.0, 0.0, 0.0, 0.0, 0.0, 0.0, 0.0, 0.0, 0.0, 0.0, 0.0, 0.0, 0.0, 0.0], [0.0, 1.0078151651439855, 0.0, 1.0068465687921684, 0.0, 0.0, 0.0, 0.0, 0.0, 0.0, 0.0, 0.0, 0.0, 0.0, 0.0, 0.0, 0.0, 0.9770299017623364, 0.9772665379964518, 0.0, 0.0, 0.0, 0.0, 0.0, 0.0, 0.0, 0.0, 0.0, 0.0, 0.0, 0.0, 0.0], [0.0, 0.0, 1.0068465687921684, 0.0, 1.00788553580754, 0.0, 0.0, 0.0, 0.0, 0.0, 0.0, 0.0, 0.0, 0.0, 0.0, 0.0, 0.0, 0.0, 0.0, 0.9770554713769075, 0.9754581496003326, 0.0, 0.0, 0.0, 0.0, 0.0, 0.0, 0.0, 0.0, 0.0, 0.0, 0.0], [0.0, 0.0, 0.0, 1.00788553580754, 0.0, 1.0067230690495537, 0.0, 0.0, 0.0, 0.0, 0.0, 0.0, 0.0, 0.0, 0.0, 0.0, 0.0, 0.0, 0.0, 0.0, 0.0, 0.9762592958348764, 0.9768911253691428, 0.0, 0.0, 0.0, 0.0, 0.0, 0.0, 0.0, 0.0, 0.0], [0.0, 0.0, 0.0, 0.0, 1.0067230690495537, 0.0, 1.0072435166200184, 0.0, 0.0, 0.0, 0.0, 0.0, 0.0, 0.0, 0.0, 0.0, 0.0, 0.0, 0.0, 0.0, 0.0, 0.0, 0.0, 0.9756578492439054, 0.9760256470615838, 0.0, 0.0, 0.0, 0.0, 0.0, 0.0, 0.0], [0.0, 0.0, 0.0, 0.0, 0.0, 1.0072435166200184, 0.0, 0.9788129425056127, 0.0, 0.0, 0.0, 0.0, 0.0, 0.0, 0.0, 0.0, 0.0, 0.0, 0.0, 0.0, 0.0, 0.0, 0.0, 0.0, 0.0, 0.9545287609820152, 0.9488244230728742, 0.0, 0.0, 0.0, 0.0, 0.0], [0.0, 0.0, 0.0, 0.0, 0.0, 0.0, 0.9788129425056127, 0.0, 1.7604595797576095, 1.114829719071469, 0.0, 0.0, 0.0, 0.0, 0.0, 0.0, 0.0, 0.0, 0.0, 0.0, 0.0, 0.0, 0.0, 0.0, 0.0, 0.0, 0.0, 0.0, 0.0, 0.0, 0.0, 0.0], [0.0, 0.0, 0.0, 0.0, 0.0, 0.0, 0.0, 1.7604595797576095, 0.0, 0.16920080726987674, 0.0, 0.0, 0.0, 0.0, 0.0, 0.0, 0.0, 0.0, 0.0, 0.0, 0.0, 0.0, 0.0, 0.0, 0.0, 0.0, 0.0, 0.0, 0.0, 0.0, 0.0, 0.0], [0.0, 0.0, 0.0, 0.0, 0.0, 0.0, 0.0, 1.114829719071469, 0.16920080726987674, 0.0, 0.9413356279288355, 0.0, 0.0, 0.0, 0.0, 0.0, 0.0, 0.0, 0.0, 0.0, 0.0, 0.0, 0.0, 0.0, 0.0, 0.0, 0.0, 0.0, 0.0, 0.0, 0.0, 0.0], [0.0, 0.0, 0.0, 0.0, 0.0, 0.0, 0.0, 0.0, 0.0, 0.9413356279288355, 0.0, 1.0197326424783109, 0.0, 0.0, 0.0, 0.0, 0.0, 0.0, 0.0, 0.0, 0.0, 0.0, 0.0, 0.0, 0.0, 0.0, 0.0, 0.9698358870969438, 0.9698163791478447, 0.0, 0.0, 0.0], [0.0, 0.0, 0.0, 0.0, 0.0, 0.0, 0.0, 0.0, 0.0, 0.0, 1.0197326424783109, 0.0, 0.0, 0.0, 0.0, 0.0, 0.0, 0.0, 0.0, 0.0, 0.0, 0.0, 0.0, 0.0, 0.0, 0.0, 0.0, 0.0, 0.0, 0.9855409780813866, 0.9855396143446671, 0.9839198941421345], [0.9876972205904617, 0.0, 0.0, 0.0, 0.0, 0.0, 0.0, 0.0, 0.0, 0.0, 0.0, 0.0, 0.0, 0.0, 0.0, 0.0, 0.0, 0.0, 0.0, 0.0, 0.0, 0.0, 0.0, 0.0, 0.0, 0.0, 0.0, 0.0, 0.0, 0.0, 0.0, 0.0], [0.9876794726527862, 0.0, 0.0, 0.0, 0.0, 0.0, 0.0, 0.0, 0.0, 0.0, 0.0, 0.0, 0.0, 0.0, 0.0, 0.0, 0.0, 0.0, 0.0, 0.0, 0.0, 0.0, 0.0, 0.0, 0.0, 0.0, 0.0, 0.0, 0.0, 0.0, 0.0, 0.0], [0.9873570892651717, 0.0, 0.0, 0.0, 0.0, 0.0, 0.0, 0.0, 0.0, 0.0, 0.0, 0.0, 0.0, 0.0, 0.0, 0.0, 0.0, 0.0, 0.0, 0.0, 0.0, 0.0, 0.0, 0.0, 0.0, 0.0, 0.0, 0.0, 0.0, 0.0, 0.0, 0.0], [0.0, 0.9780787619692606, 0.0, 0.0, 0.0, 0.0, 0.0, 0.0, 0.0, 0.0, 0.0, 0.0, 0.0, 0.0, 0.0, 0.0, 0.0, 0.0, 0.0, 0.0, 0.0, 0.0, 0.0, 0.0, 0.0, 0.0, 0.0, 0.0, 0.0, 0.0, 0.0, 0.0], [0.0, 0.9780601973484029, 0.0, 0.0, 0.0, 0.0, 0.0, 0.0, 0.0, 0.0, 0.0, 0.0, 0.0, 0.0, 0.0, 0.0, 0.0, 0.0, 0.0, 0.0, 0.0, 0.0, 0.0, 0.0, 0.0, 0.0, 0.0, 0.0, 0.0, 0.0, 0.0, 0.0], [0.0, 0.0, 0.9770299017623364, 0.0, 0.0, 0.0, 0.0, 0.0, 0.0, 0.0, 0.0, 0.0, 0.0, 0.0, 0.0, 0.0, 0.0, 0.0, 0.0, 0.0, 0.0, 0.0, 0.0, 0.0, 0.0, 0.0, 0.0, 0.0, 0.0, 0.0, 0.0, 0.0], [0.0, 0.0, 0.9772665379964518, 0.0, 0.0, 0.0, 0.0, 0.0, 0.0, 0.0, 0.0, 0.0, 0.0, 0.0, 0.0, 0.0, 0.0, 0.0, 0.0, 0.0, 0.0, 0.0, 0.0, 0.0, 0.0, 0.0, 0.0, 0.0, 0.0, 0.0, 0.0, 0.0], [0.0, 0.0, 0.0, 0.9770554713769075, 0.0, 0.0, 0.0, 0.0, 0.0, 0.0, 0.0, 0.0, 0.0, 0.0, 0.0, 0.0, 0.0, 0.0, 0.0, 0.0, 0.0, 0.0, 0.0, 0.0, 0.0, 0.0, 0.0, 0.0, 0.0, 0.0, 0.0, 0.0], [0.0, 0.0, 0.0, 0.9754581496003326, 0.0, 0.0, 0.0, 0.0, 0.0, 0.0, 0.0, 0.0, 0.0, 0.0, 0.0, 0.0, 0.0, 0.0, 0.0, 0.0, 0.0, 0.0, 0.0, 0.0, 0.0, 0.0, 0.0, 0.0, 0.0, 0.0, 0.0, 0.0], [0.0, 0.0, 0.0, 0.0, 0.9762592958348764, 0.0, 0.0, 0.0, 0.0, 0.0, 0.0, 0.0, 0.0, 0.0, 0.0, 0.0, 0.0, 0.0, 0.0, 0.0, 0.0, 0.0, 0.0, 0.0, 0.0, 0.0, 0.0, 0.0, 0.0, 0.0, 0.0, 0.0], [0.0, 0.0, 0.0, 0.0, 0.9768911253691428, 0.0, 0.0, 0.0, 0.0, 0.0, 0.0, 0.0, 0.0, 0.0, 0.0, 0.0, 0.0, 0.0, 0.0, 0.0, 0.0, 0.0, 0.0, 0.0, 0.0, 0.0, 0.0, 0.0, 0.0, 0.0, 0.0, 0.0], [0.0, 0.0, 0.0, 0.0, 0.0, 0.9756578492439054, 0.0, 0.0, 0.0, 0.0, 0.0, 0.0, 0.0, 0.0, 0.0, 0.0, 0.0, 0.0, 0.0, 0.0, 0.0, 0.0, 0.0, 0.0, 0.0, 0.0, 0.0, 0.0, 0.0, 0.0, 0.0, 0.0], [0.0, 0.0, 0.0, 0.0, 0.0, 0.9760256470615838, 0.0, 0.0, 0.0, 0.0, 0.0, 0.0, 0.0, 0.0, 0.0, 0.0, 0.0, 0.0, 0.0, 0.0, 0.0, 0.0, 0.0, 0.0, 0.0, 0.0, 0.0, 0.0, 0.0, 0.0, 0.0, 0.0], [0.0, 0.0, 0.0, 0.0, 0.0, 0.0, 0.9545287609820152, 0.0, 0.0, 0.0, 0.0, 0.0, 0.0, 0.0, 0.0, 0.0, 0.0, 0.0, 0.0, 0.0, 0.0, 0.0, 0.0, 0.0, 0.0, 0.0, 0.0, 0.0, 0.0, 0.0, 0.0, 0.0], [0.0, 0.0, 0.0, 0.0, 0.0, 0.0, 0.9488244230728742, 0.0, 0.0, 0.0, 0.0, 0.0, 0.0, 0.0, 0.0, 0.0, 0.0, 0.0, 0.0, 0.0, 0.0, 0.0, 0.0, 0.0, 0.0, 0.0, 0.0, 0.0, 0.0, 0.0, 0.0, 0.0], [0.0, 0.0, 0.0, 0.0, 0.0, 0.0, 0.0, 0.0, 0.0, 0.0, 0.9698358870969438, 0.0, 0.0, 0.0, 0.0, 0.0, 0.0, 0.0, 0.0, 0.0, 0.0, 0.0, 0.0, 0.0, 0.0, 0.0, 0.0, 0.0, 0.0, 0.0, 0.0, 0.0], [0.0, 0.0, 0.0, 0.0, 0.0, 0.0, 0.0, 0.0, 0.0, 0.0, 0.9698163791478447, 0.0, 0.0, 0.0, 0.0, 0.0, 0.0, 0.0, 0.0, 0.0, 0.0, 0.0, 0.0, 0.0, 0.0, 0.0, 0.0, 0.0, 0.0, 0.0, 0.0, 0.0], [0.0, 0.0, 0.0, 0.0, 0.0, 0.0, 0.0, 0.0, 0.0, 0.0, 0.0, 0.9855409780813866, 0.0, 0.0, 0.0, 0.0, 0.0, 0.0, 0.0, 0.0, 0.0, 0.0, 0.0, 0.0, 0.0, 0.0, 0.0, 0.0, 0.0, 0.0, 0.0, 0.0], [0.0, 0.0, 0.0, 0.0, 0.0, 0.0, 0.0, 0.0, 0.0, 0.0, 0.0, 0.9855396143446671, 0.0, 0.0, 0.0, 0.0, 0.0, 0.0, 0.0, 0.0, 0.0, 0.0, 0.0, 0.0, 0.0, 0.0, 0.0, 0.0, 0.0, 0.0, 0.0, 0.0], [0.0, 0.0, 0.0, 0.0, 0.0, 0.0, 0.0, 0.0, 0.0, 0.0, 0.0, 0.9839198941421345, 0.0, 0.0, 0.0, 0.0, 0.0, 0.0, 0.0, 0.0, 0.0, 0.0, 0.0, 0.0, 0.0, 0.0, 0.0, 0.0, 0.0, 0.0, 0.0, 0.0]], "Born radii": [], "Atomic SASAs": [], "Solvent H bonds": [], "Total SASA": NaN, "Total FOD": 0.0, "FOD": [0.0, 0.0, 0.0, 0.0, 0.0, 0.0, 0.0, 0.0, 0.0, 0.0, 0.0, 0.0, 0.0, 0.0, 0.0, 0.0, 0.0, 0.0, 0.0, 0.0, 0.0, 0.0, 0.0, 0.0, 0.0, 0.0, 0.0, 0.0, 0.0, 0.0, 0.0, 0.0], "FOD s proportion": [0.0, 0.0, 0.0, 0.0, 0.0, 0.0, 0.0, 0.0, 0.0, 0.0, 0.0, 0.0, 0.0, 0.0, 0.0, 0.0, 0.0, 0.0, 0.0, 0.0, 0.0, 0.0, 0.0, 0.0, 0.0, 0.0, 0.0, 0.0, 0.0, 0.0, 0.0, 0.0], "FOD p proportion": [0.0, 0.0, 0.0, 0.0, 0.0, 0.0, 0.0, 0.0, 0.0, 0.0, 0.0, 0.0, 0.0, 0.0, 0.0, 0.0, 0.0, 0.0, 0.0, 0.0, 0.0, 0.0, 0.0, 0.0, 0.0, 0.0, 0.0, 0.0, 0.0, 0.0, 0.0, 0.0], "FOD d proportion": [0.0, 0.0, 0.0, 0.0, 0.0, 0.0, 0.0, 0.0, 0.0, 0.0, 0.0, 0.0, 0.0, 0.0, 0.0, 0.0, 0.0, 0.0, 0.0, 0.0, 0.0, 0.0, 0.0, 0.0, 0.0, 0.0, 0.0, 0.0, 0.0, 0.0, 0.0, 0.0], "coordinates": [["5.27190", "0.15750", "-1.67000"], ["3.92000", "0.62060", "-1.15120"], ["3.18100", "-0.50620", "-0.42970"], ["1.82110", "-0.03590", "0.09140"], ["1.08200", "-1.16700", "0.80980"], ["-0.23650", "-0.72200", "1.44800"], ["-1.28810", "-0.28600", "0.42830"], ["-2.61670", "0.01330", "1.08380"], ["-2.83460", "0.00770", "2.28670"], ["-3.53940", "0.30220", "0.12180"], ["-4.84240", "0.60930", "0.63210"], ["-5.75360", "0.90490", "-0.54320"], ["5.15790", "-0.66750", "-2.38050"], ["5.91200", "-0.18150", "-0.84920"], ["5.78290", "0.97870", "-2.18230"], ["3.31720", "0.98300", "-1.99200"], ["4.06700", "1.46610", "-0.46910"], ["3.79080", "-0.86770", "0.40730"], ["3.03950", "-1.35090", "-1.11500"], ["1.96310", "0.80600", "0.77960"], ["1.22210", "0.32890", "-0.75050"], ["1.72590", "-1.56950", "1.60170"], ["0.89230", "-1.98930", "0.10930"], ["-0.63140", "-1.55880", "2.03830"], ["-0.04740", "0.09260", "2.15820"], ["-1.44210", "-1.08540", "-0.30510"], ["-0.96270", "0.62110", "-0.09100"], ["-4.78600", "1.48660", "1.28620"], ["-5.23050", "-0.24720", "1.19470"], ["-5.36740", "1.74610", "-1.12830"], ["-5.80370", "0.04400", "-1.21810"], ["-6.76430", "1.14600", "-0.20240"]], "bond_dist": [[0.0, 1.5202791388426005, 2.5200604337991575, 3.8791692615816595, 5.045688288033655, 6.390454976760262, 6.9016777047323785, 8.35668702537076, 9.021821167591387, 8.992802289609173, 10.382815231910852, 11.1081022344053, 1.094728847706134, 1.0946970585509035, 1.094505244391273, 2.1461561779143654, 2.14624760454147, 2.749521329249875, 2.750800850661494, 4.16764320089904, 4.156409297699157, 5.124516161551254, 5.191873928554121, 7.179563041717789, 6.553951459997243, 6.963156498313103, 6.4481317542370356, 10.567259704388835, 10.89360793952123, 10.770877092419168, 11.085396304147181, 12.165569959932007], [1.5202791388426005, 0.0, 1.5285161072098652, 2.525950953601435, 3.8852643101853443, 5.082805096597744, 5.517340792447028, 6.9348745612303615, 7.603908467360716, 7.573939260384916, 8.942032226513165, 9.696856575715659, 2.168588598605093, 2.1685553739759564, 2.159120012875616, 1.0961962598002237, 1.0962388699549017, 2.1588542748411714, 2.159491361408978, 2.7553256450009678, 2.7430482660718893, 4.1459704810816005, 4.19134889385267, 5.96975180137332, 5.193378006654243, 5.690205411055035, 4.996477116929487, 9.082142410246604, 9.486199128207252, 9.35537671181658, 9.741010464012447, 10.739205421724645], [2.5200604337991575, 1.5285161072098652, 0.0, 1.5303775057155016, 2.525632176307548, 3.905333939626674, 4.556040698896356, 6.014473193056895, 6.620450553398915, 6.791276681891262, 8.169865791431336, 9.046057849693423, 2.7820445611096885, 2.7820444532753243, 3.4707950645349257, 2.162648461955849, 2.1625252946497526, 1.0968624754270702, 1.09689399214327, 2.160452670159659, 2.153507339202725, 2.715604695090948, 2.7799737948405197, 4.661907819766496, 4.180712189328512, 4.6609067154363855, 4.307641195596495, 8.389794613099893, 8.57082776690793, 8.867696420717165, 9.03599074202713, 10.084166907583393], [3.8791692615816595, 2.525950953601435, 1.5303775057155016, 0.0, 1.5302792490261377, 2.558283512435633, 3.1373836647754767, 4.547674926816999, 5.147502845069636, 5.371237848019765, 6.716462743140916, 7.659236377733749, 4.200409790722805, 4.20016553602355, 4.679207634845883, 2.7598963712429496, 2.7593896172885772, 2.1613426706563676, 2.160815707088413, 1.0966215618890593, 1.0957534622350047, 2.1545296679321915, 2.163044477120154, 3.482010952021834, 2.7891695430719157, 3.4506719258718292, 2.866088135420821, 6.884716675361448, 7.140516867846473, 7.505846010943736, 7.736843626440954, 8.671349330409887], [5.045688288033655, 3.8852643101853443, 2.525632176307548, 1.5302792490261377, 0.0, 1.5309364748414613, 2.557161954198443, 3.892115848738318, 4.347517597434195, 4.8978802149501375, 6.187514391094375, 7.269718424395816, 5.200045687299295, 5.201191329878185, 5.971193491254491, 4.179557665590941, 4.180792487077062, 2.7548473968624836, 2.751450617401664, 2.161013246141726, 2.166075001009891, 1.0971413172422226, 1.0967513984490742, 2.144401793041593, 2.1634045114125096, 2.760569031920774, 2.861737294022636, 6.457706552639257, 6.390761793401472, 7.337379885217883, 7.279544209632908, 8.242508206244018], [6.390454976760262, 5.082805096597744, 3.905333939626674, 2.558283512435633, 1.5309364748414613, 0.0, 1.528314970809355, 2.5176695116714582, 2.825951767104315, 3.7036388174334713, 4.863369954054492, 6.08687715170924, 6.615129164271852, 6.585842416881838, 7.2321943378202995, 5.231578030575478, 5.1945323437245055, 4.162142509573646, 4.206739855279857, 2.760395391968332, 2.839948418545661, 2.1431037539046027, 2.1615634203048497, 1.0975583538017466, 1.0971399227081293, 2.158446323168589, 2.167903376536879, 5.059846188373713, 5.022910702968947, 6.249397899798027, 6.220012946128006, 6.9875186582935145], [6.9016777047323785, 5.517340792447028, 4.556040698896356, 3.1373836647754767, 2.557161954198443, 1.528314970809355, 0.0, 1.511435972841721, 2.435481985152015, 2.346971065011241, 3.6709869272444973, 4.722578248160637, 7.041719654317402, 7.313300657705794, 7.642888161552542, 5.355091145816288, 5.705460295190915, 5.112146427871565, 4.7163448410819155, 3.4476335550635304, 2.8405590101245917, 3.4797177773491925, 2.7851635589315036, 2.1548491200081736, 2.1622276614639815, 1.0957335077472075, 1.0947091211824262, 4.014150916445469, 4.016390439187903, 4.815923842836388, 4.817694087423982, 5.695364161315763], [8.35668702537076, 6.9348745612303615, 6.014473193056895, 4.547674926816999, 3.892115848738318, 2.5176695116714582, 1.511435972841721, 0.0, 1.2224893373768133, 1.363921735291289, 2.3479755918663208, 3.6444781752673454, 8.538692422730778, 8.74718010160989, 9.063811920489082, 6.753668109997706, 7.013841453868201, 6.503066161434927, 6.219996906751643, 4.657840590874702, 4.2662214300244665, 4.650983875482692, 4.156096487089779, 2.7062861544929055, 2.786023391861597, 2.1250576603941833, 2.117850769058103, 2.6301028763149166, 2.629089100810393, 3.932217280364858, 3.931495275337362, 4.487750604701648], [9.021821167591387, 7.603908467360716, 6.620450553398915, 5.147502845069636, 4.347517597434195, 2.825951767104315, 2.435481985152015, 1.2224893373768133, 0.0, 2.2957058391701675, 2.6703716145885013, 4.1633955913412795, 9.280016547937832, 9.29369017183164, 9.755824324474073, 7.556661102629918, 7.573205844290778, 6.942218282364795, 6.922601220639537, 5.091812898172909, 5.0778507431786535, 4.8739045015264715, 4.755929285639138, 2.7147219102515825, 2.7914519698536817, 3.138686206042267, 3.0876733084962216, 2.645015580294377, 2.645330758147268, 4.593401288805497, 4.5935275703972875, 4.788933888664575], [8.992802289609173, 7.573939260384916, 6.791276681891262, 5.371237848019765, 4.8978802149501375, 3.7036388174334713, 2.346971065011241, 1.363921735291289, 2.2957058391701675, 0.0, 1.4326637777231608, 2.3891743197180064, 9.101914670551468, 9.513451983901533, 9.626619674111987, 7.207260411557224, 7.717586862484931, 7.428459349017129, 6.895240319234711, 5.564532462839983, 4.8408162978985265, 5.780722185851868, 4.989097452445683, 3.9487665479235416, 4.047829186119395, 2.550753743504065, 2.6050650548498786, 2.0766902224453214, 2.0767219313138674, 2.6437059632266218, 2.643681853022409, 3.3491915576747773], [10.382815231910852, 8.942032226513165, 8.169865791431336, 6.716462743140916, 6.187514391094375, 4.863369954054492, 3.6709869272444973, 2.3479755918663208, 2.6703716145885013, 1.4326637777231608, 0.0, 1.5162436776455164, 10.521975911871305, 10.88470181906698, 10.997922704311028, 8.579313763932403, 9.017990687509052, 8.761518491677112, 8.30777287002961, 6.809939602522183, 6.226424910813588, 6.987836467033269, 6.317659842853206, 4.940706128682417, 5.0584567903660105, 3.9131051634220104, 3.946528213506144, 1.0957568434648264, 1.095779457737733, 2.1603118756327757, 2.160301326204287, 2.162900078598178], [11.1081022344053, 9.696856575715659, 9.046057849693423, 7.659236377733749, 7.269718424395816, 6.08687715170924, 4.722578248160637, 3.6444781752673454, 4.1633955913412795, 2.3891743197180064, 1.5162436776455164, 0.0, 11.176267055685454, 11.720073562909064, 11.652593166329973, 9.186105469131084, 9.836900965751356, 9.754031595704413, 9.09583401838446, 7.829881221321304, 7.00250953444549, 8.164935493927677, 7.278058580418269, 6.242667120710506, 6.365383860381085, 4.754683790747813, 4.820554956641403, 2.1497276594955, 2.1497126389357253, 1.0950387618710125, 1.0950565419191833, 1.0935210743282462], [1.094728847706134, 2.168588598605093, 2.7820445611096885, 4.200409790722805, 5.200045687299295, 6.615129164271852, 7.041719654317402, 8.538692422730778, 9.280016547937832, 9.101914670551468, 10.521975911871305, 11.176267055685454, 0.0, 1.7747513910404467, 1.771971410604584, 2.5026503930833006, 3.065250679797657, 3.111409855676362, 2.560496899041278, 4.729078271714267, 4.374955382629633, 5.333867718644698, 5.112885940444985, 7.337315832101001, 6.947855625299074, 6.931228287251835, 6.660633946554937, 10.815081271539293, 10.994433213676821, 10.870851387540904, 11.045998396251921, 12.254458564130854], [1.0946970585509035, 2.1685553739759564, 2.7820444532753243, 4.20016553602355, 5.201191329878185, 6.585842416881838, 7.313300657705794, 8.74718010160989, 9.29369017183164, 9.513451983901533, 10.88470181906698, 11.720073562909064, 1.7747513910404467, 0.0, 1.7719724772128942, 3.0651328078894067, 2.5026159853241565, 2.559131127941669, 3.1127804692910805, 4.384285221105032, 4.718623937124042, 5.045481941301544, 5.42072423021131, 7.283590810856964, 6.6808707463922685, 7.429392090204958, 6.962796427442066, 11.035836840493792, 11.328598763748321, 11.446327049757052, 11.723675360141971, 12.76202132030816], [1.094505244391273, 2.159120012875616, 3.4707950645349257, 4.679207634845883, 5.971193491254491, 7.2321943378202995, 7.642888161552542, 9.063811920489082, 9.755824324474073, 9.626619674111987, 10.997922704311028, 11.652593166329973, 1.771971410604584, 1.7719724772128942, 0.0, 2.473036406929748, 2.473241963496495, 3.752823407782466, 3.753985749839762, 4.836687806753709, 4.824229256575603, 6.105016645349953, 6.162663622168583, 8.086755536060181, 7.322397937151463, 7.74499926726917, 7.071388322670449, 11.135084277633466, 11.584556071339119, 11.226264242836972, 11.664160719485995, 12.703551516800331], [2.1461561779143654, 1.0961962598002237, 2.162648461955849, 2.7598963712429496, 4.179557665590941, 5.231578030575478, 5.355091145816288, 6.753668109997706, 7.556661102629918, 7.207260411557224, 8.579313763932403, 9.186105469131084, 2.5026503930833006, 3.0651328078894067, 2.473036406929748, 0.0, 1.7648824493432984, 3.0669248344229114, 2.5086521281357443, 3.0897706015172064, 2.5216290508320216, 4.686381507090519, 4.3738048641886165, 6.1883363911474625, 5.416410745133718, 5.456633271532914, 4.69705403630829, 8.755687205468226, 9.204978230283873, 8.760740634215807, 9.201709570509168, 10.24040426008661], [2.14624760454147, 1.0962388699549017, 2.1625252946497526, 2.7593896172885772, 4.180792487077062, 5.1945323437245055, 5.705460295190915, 7.013841453868201, 7.573205844290778, 7.717586862484931, 9.017990687509052, 9.836900965751356, 3.065250679797657, 2.5026159853241565, 2.473241963496495, 1.7648824493432984, 0.0, 2.508183773171336, 3.0673167524727543, 2.5340439834383304, 3.076664721740086, 4.357043631867828, 4.727901840140085, 6.124707121977344, 5.071241948477709, 6.073485906791914, 5.114182896612126, 9.025359125264767, 9.599329850567694, 9.461545751091625, 10.000704370193132, 10.839310521892065], [2.749521329249875, 2.1588542748411714, 1.0968624754270702, 2.1613426706563676, 2.7548473968624836, 4.162142509573646, 5.112146427871565, 6.503066161434927, 6.942218282364795, 7.428459349017129, 8.761518491677112, 9.754031595704413, 3.111409855676362, 2.559131127941669, 3.752823407782466, 3.0669248344229114, 2.508183773171336, 0.0, 1.765030090395062, 2.50606589498361, 3.0611390184047504, 2.4865491368561368, 3.122193589449571, 4.763783480596069, 4.326616014855028, 5.285655064417275, 5.006055391223713, 8.937376121658973, 9.076831644356966, 9.646898208232532, 9.77381973948773, 10.762753262525347], [2.750800850661494, 2.159491361408978, 1.09689399214327, 2.160815707088413, 2.751450617401664, 4.206739855279857, 4.7163448410819155, 6.219996906751643, 6.922601220639537, 6.895240319234711, 8.30777287002961, 9.09583401838446, 2.560496899041278, 3.1127804692910805, 3.753985749839762, 2.5086521281357443, 3.0673167524727543, 1.765030090395062, 0.0, 3.0660012605998714, 2.5015057565394487, 3.025523063868461, 2.552828409823112, 4.843761979081961, 4.7250906975422176, 4.561925779755739, 4.57765931890961, 8.663464546011602, 8.657122372936632, 8.959216120844502, 8.953131399683576, 10.157846366725577], [4.16764320089904, 2.7553256450009678, 2.160452670159659, 1.0966215618890593, 2.161013246141726, 2.760395391968332, 3.4476335550635304, 4.657840590874702, 5.091812898172909, 5.564532462839983, 6.809939602522183, 7.829881221321304, 4.729078271714267, 4.384285221105032, 4.836687806753709, 3.0897706015172064, 2.5340439834383304, 2.50606589498361, 3.0660012605998714, 0.0, 1.7657608614985214, 2.52489851281195, 3.067509872844748, 3.7293477955267194, 2.539997592518544, 4.043433576800786, 3.058175601563782, 6.802221014492251, 7.2821301286093485, 7.632830449446653, 8.055720422780324, 8.789051983007042], [4.156409297699157, 2.7430482660718893, 2.153507339202725, 1.0957534622350047, 2.166075001009891, 2.839948418545661, 2.8405590101245917, 4.2662214300244665, 5.0778507431786535, 4.8408162978985265, 6.226424910813588, 7.00250953444549, 4.374955382629633, 4.718623937124042, 4.824229256575603, 2.5216290508320216, 3.076664721740086, 3.0611390184047504, 2.5015057565394487, 1.7657608614985214, 0.0, 3.064405625892238, 2.4944088117227294, 3.843992583239463, 3.1824524552615077, 3.0490305492074032, 2.3007981506425113, 6.448696131001987, 6.7640033271724525, 6.750755434023662, 7.047104611824633, 8.0467789195429], [5.124516161551254, 4.1459704810816005, 2.715604695090948, 2.1545296679321915, 1.0971413172422226, 2.1431037539046027, 3.4797177773491925, 4.650983875482692, 4.8739045015264715, 5.780722185851868, 6.987836467033269, 8.164935493927677, 5.333867718644698, 5.045481941301544, 6.105016645349953, 4.686381507090519, 4.357043631867828, 2.4865491368561368, 3.025523063868461, 2.52489851281195, 3.064405625892238, 0.0, 1.7602212247328457, 2.3974147200682654, 2.493363501377206, 3.7291370382435667, 3.8590842968248307, 7.2002867352627, 7.092645997792362, 8.292225771769603, 8.200581104409615, 9.094625506308658], [5.191873928554121, 4.19134889385267, 2.7799737948405197, 2.163044477120154, 1.0967513984490742, 2.1615634203048497, 2.7851635589315036, 4.156096487089779, 4.755929285639138, 4.989097452445683, 6.317659842853206, 7.278058580418269, 5.112885940444985, 5.42072423021131, 6.162663622168583, 4.3738048641886165, 4.727901840140085, 3.122193589449571, 2.552828409823112, 3.067509872844748, 2.4944088117227294, 1.7602212247328457, 0.0, 2.495602720787105, 3.0684417723007225, 2.5373580610548445, 3.208634172042678, 6.760921927518464, 6.457684214174614, 7.393829252153447, 7.122690197530706, 8.279540237235398], [7.179563041717789, 5.96975180137332, 4.661907819766496, 3.482010952021834, 2.144401793041593, 1.0975583538017466, 2.1548491200081736, 2.7062861544929055, 2.7147219102515825, 3.9487665479235416, 4.940706128682417, 6.242667120710506, 7.337315832101001, 7.283590810856964, 8.086755536060181, 6.1883363911474625, 6.124707121977344, 4.763783480596069, 4.843761979081961, 3.7293477955267194, 3.843992583239463, 2.3974147200682654, 2.495602720787105, 0.0, 1.7557203564349306, 2.5244535270034185, 3.065231180514775, 5.205844478084223, 4.856302742828128, 6.586305153118856, 6.318686262982203, 7.067470689008905], [6.553951459997243, 5.193378006654243, 4.180712189328512, 2.7891695430719157, 2.1634045114125096, 1.0971399227081293, 2.1622276614639815, 2.786023391861597, 2.7914519698536817, 4.047829186119395, 5.0584567903660105, 6.365383860381085, 6.947855625299074, 6.6808707463922685, 7.322397937151463, 5.416410745133718, 5.071241948477709, 4.326616014855028, 4.7250906975422176, 2.539997592518544, 3.1824524552615077, 2.493363501377206, 3.0684417723007225, 1.7557203564349306, 0.0, 3.066059193818671, 2.485153311166134, 5.015770126311611, 5.282832753362537, 6.468194840911953, 6.6735862427933, 7.197140371703195], [6.963156498313103, 5.690205411055035, 4.6609067154363855, 3.4506719258718292, 2.760569031920774, 2.158446323168589, 1.0957335077472075, 2.1250576603941833, 3.138686206042267, 2.550753743504065, 3.9131051634220104, 4.754683790747813, 6.931228287251835, 7.429392090204958, 7.74499926726917, 5.456633271532914, 6.073485906791914, 5.285655064417275, 4.561925779755739, 4.043433576800786, 3.0490305492074032, 3.7291370382435667, 2.5373580610548445, 2.5244535270034185, 3.066059193818671, 0.0, 1.7854426397955212, 4.508778870159857, 4.159802139525389, 4.9094837386429955, 4.597028161758421, 5.771958600856385], [6.4481317542370356, 4.996477116929487, 4.307641195596495, 2.866088135420821, 2.861737294022636, 2.167903376536879, 1.0947091211824262, 2.117850769058103, 3.0876733084962216, 2.6050650548498786, 3.946528213506144, 4.820554956641403, 6.660633946554937, 6.962796427442066, 7.071388322670449, 4.69705403630829, 5.114182896612126, 5.006055391223713, 4.57765931890961, 3.058175601563782, 2.3007981506425113, 3.8590842968248307, 3.208634172042678, 3.065231180514775, 2.485153311166134, 1.7854426397955212, 0.0, 4.154923943948914, 4.541044617706371, 4.662938813666764, 5.003866487027807, 5.826361860543852], [10.567259704388835, 9.082142410246604, 8.389794613099893, 6.884716675361448, 6.457706552639257, 5.059846188373713, 4.014150916445469, 2.6301028763149166, 2.645015580294377, 2.0766902224453214, 1.0957568434648264, 2.1497276594955, 10.815081271539293, 11.035836840493792, 11.135084277633466, 8.755687205468226, 9.025359125264767, 8.937376121658973, 8.663464546011602, 6.802221014492251, 6.448696131001987, 7.2002867352627, 6.760921927518464, 5.205844478084223, 5.015770126311611, 4.508778870159857, 4.154923943948914, 0.0, 1.7922095134219103, 2.4970335320135373, 3.064037620526223, 2.4991216877135063], [10.89360793952123, 9.486199128207252, 8.57082776690793, 7.140516867846473, 6.390761793401472, 5.022910702968947, 4.016390439187903, 2.629089100810393, 2.645330758147268, 2.0767219313138674, 1.095779457737733, 2.1497126389357253, 10.994433213676821, 11.328598763748321, 11.584556071339119, 9.204978230283873, 9.599329850567694, 9.076831644356966, 8.657122372936632, 7.2821301286093485, 6.7640033271724525, 7.092645997792362, 6.457684214174614, 4.856302742828128, 5.282832753362537, 4.159802139525389, 4.541044617706371, 1.7922095134219103, 0.0, 3.064035818981234, 2.4969900920908756, 2.4990872513779907], [10.770877092419168, 9.35537671181658, 8.867696420717165, 7.505846010943736, 7.337379885217883, 6.249397899798027, 4.815923842836388, 3.932217280364858, 4.593401288805497, 2.6437059632266218, 2.1603118756327757, 1.0950387618710125, 10.870851387540904, 11.446327049757052, 11.226264242836972, 8.760740634215807, 9.461545751091625, 9.646898208232532, 8.959216120844502, 7.632830449446653, 6.750755434023662, 8.292225771769603, 7.393829252153447, 6.586305153118856, 6.468194840911953, 4.9094837386429955, 4.662938813666764, 2.4970335320135373, 3.064035818981234, 0.0, 1.7594221039875564, 1.7800956238359784], [11.085396304147181, 9.741010464012447, 9.03599074202713, 7.736843626440954, 7.279544209632908, 6.220012946128006, 4.817694087423982, 3.931495275337362, 4.5935275703972875, 2.643681853022409, 2.160301326204287, 1.0950565419191833, 11.045998396251921, 11.723675360141971, 11.664160719485995, 9.201709570509168, 10.000704370193132, 9.77381973948773, 8.953131399683576, 8.055720422780324, 7.047104611824633, 8.200581104409615, 7.122690197530706, 6.318686262982203, 6.6735862427933, 4.597028161758421, 5.003866487027807, 3.064037620526223, 2.4969900920908756, 1.7594221039875564, 0.0, 1.780113156515619], [12.165569959932007, 10.739205421724645, 10.084166907583393, 8.671349330409887, 8.242508206244018, 6.9875186582935145, 5.695364161315763, 4.487750604701648, 4.788933888664575, 3.3491915576747773, 2.162900078598178, 1.0935210743282462, 12.254458564130854, 12.76202132030816, 12.703551516800331, 10.24040426008661, 10.839310521892065, 10.762753262525347, 10.157846366725577, 8.789051983007042, 8.0467789195429, 9.094625506308658, 8.279540237235398, 7.067470689008905, 7.197140371703195, 5.771958600856385, 5.826361860543852, 2.4991216877135063, 2.4990872513779907, 1.7800956238359784, 1.780113156515619, 0.0]]}