{"total energy": -24.91288526, "HOMO-LUMO gap/eV": 3.49056692, "electronic energy": -25.40492795, "dipole": [-1.64794054, -0.42144145, -2.02692919], "partial charges": [-0.20793144, 0.1100523, 0.03198601, -0.01646165, -0.01869739, -0.01869142, -0.01645678, 0.03197947, 0.11006382, -0.20794497, 0.05141625, 0.04963321, 0.04963669, 0.05141591], "atomic dipole moments": [[-0.00301335, -0.01840607, -0.02809957], [-0.05401029, -0.15412787, -0.26028505], [0.01057767, -0.00695538, -0.00035323], [0.01675523, -0.00624163, 0.00600561], [0.00689817, -0.00308455, 0.00177293], [-0.00042937, 0.0046973, 0.00613284], [0.00072199, 0.01072677, 0.01552034], [-0.00405434, 0.0086352, 0.0083501], [-0.26681227, 0.07204839, -0.13430576], [-0.02979636, 0.01003177, -0.01225518], [-0.10467095, 0.10521137, 0.05370495], [-0.13270503, 0.03024259, -0.0744996], [-0.03536529, -0.07318344, -0.13216742], [0.09558647, -0.10752764, -0.06487353]], "atomic quadrupole moments": [[0.30059876, -0.08523681, 0.0849534, -0.15322157, -0.42858043, -0.38555215], [0.47340378, -0.1683842, 0.11312244, -0.21383363, -0.61574701, -0.58652622], [-0.12419986, 0.25430934, 0.13181079, -0.16476938, -0.23720414, -0.00761094], [-0.10148315, 0.28287425, 0.14724121, -0.18592489, -0.31799701, -0.04575805], [-0.1155497, 0.27480194, 0.1657778, -0.21448458, -0.30736299, -0.0502281], [-0.0940781, 0.26615048, 0.16001881, -0.20771321, -0.32293563, -0.06594071], [-0.10695826, 0.28505323, 0.14874855, -0.18771502, -0.31400558, -0.04179029], [-0.04991358, 0.22430416, 0.11157196, -0.1410898, -0.29140969, -0.06165838], [-0.63222671, 0.27770859, 0.41359348, -0.56648901, 0.19056298, 0.21863323], [-0.42159321, 0.20615441, 0.28123972, -0.38357838, 0.09810047, 0.14035349], [0.00552203, -0.02224388, -0.0200142, 0.02758545, 0.03713776, 0.01449217], [0.00516757, -0.03279483, -0.01324216, 0.01606147, 0.04258101, 0.00807459], [0.01923024, -0.03848544, -0.01703824, 0.0205109, 0.03234237, -0.002192], [0.01692461, -0.02685045, -0.02310746, 0.03121926, 0.02882896, 0.00618286]], "number of molecular orbitals": 44, "number of electrons": 46, "number of unpaired electrons": 0, "orbital energies/eV": [-18.85703966, -18.18841088, -18.08486882, -17.78002143, -17.77039555, -17.01793547, -16.86641316, -16.05634157, -15.26605898, -14.96174298, -14.63384008, -14.61204764, -14.21371168, -13.71562448, -13.47625301, -13.44279961, -13.29998953, -13.02253595, -12.76549025, -12.12835251, -12.03305679, -11.97584108, -11.85967644, -8.36910951, -7.74549048, -6.29224148, -6.19679601, -5.55825815, -5.2448206, -2.75012867, 1.50914057, 1.55931608, 2.95566768, 3.26900551, 3.66108071, 4.03209973, 9.03037235, 9.12561244, 10.14029756, 10.69187163, 15.14033993, 15.53773884, 28.63334044, 29.54822056], "fractional occupation": [2.0, 2.0, 2.0, 2.0, 2.0, 2.0, 2.0, 2.0, 2.0, 2.0, 2.0, 2.0, 2.0, 2.0, 2.0, 2.0, 2.0, 2.0, 2.0, 2.0, 2.0, 2.0, 2.0, 0.0, 0.0, 0.0, 0.0, 0.0, 0.0, 0.0, 0.0, 0.0, 0.0, 0.0, 0.0, 0.0, 0.0, 0.0, 0.0, 0.0, 0.0, 0.0, 0.0, 0.0], "program call": "xtb /home/svss/Project-DBcg-Debug/aqme2_20220329/End-to-End-workflows-final/example-3/QDESCP/mol_1122_rdkit_conf_1/mol_1122_rdkit_conf_1.xyz --pop --wbo --acc 0.2 --gfn 2 --chrg 0 --uhf 0 --etemp 300 --input /home/svss/Project-DBcg-Debug/aqme2_20220329/End-to-End-workflows-final/example-3/QDESCP/mol_1122_rdkit_conf_1/mol_1122_rdkit_conf_1_xtb.inp", "method": "GFN2-xTB", "xtb version": "6.3.3 (7355c4f)", "Dipole module/D": 6.726, "Total charge": 0, "Transition dipole module/D": NaN, "HOMO": -11.8597, "LUMO": -8.3691, "HOMO occupancy": 2.0, "LUMO occupancy": 0, "mulliken charges": [-0.27277, 0.2017, 0.00875, -0.01592, -0.01622, -0.01622, -0.01592, 0.00874, 0.20172, -0.27278, 0.05008, 0.04439, 0.04439, 0.05008], "cm5 charges": [-0.39434, 0.31777, 0.00877, -0.06698, -0.07125, -0.07125, -0.06698, 0.00876, 0.31778, -0.39435, 0.10647, 0.09958, 0.09958, 0.10647], "FUKUI+": [-0.172, -0.038, -0.067, -0.021, -0.048, -0.048, -0.021, -0.068, -0.038, -0.172, -0.072, -0.082, -0.082, -0.072], "FUKUI-": [-0.201, -0.03, -0.045, -0.033, -0.035, -0.035, -0.033, -0.045, -0.03, -0.201, -0.068, -0.087, -0.087, -0.068], "FUKUIrad": [-0.186, -0.034, -0.056, -0.027, -0.042, -0.042, -0.027, -0.056, -0.034, -0.187, -0.07, -0.085, -0.085, -0.07], "s proportion": [1.678, 1.069, 1.075, 1.067, 1.065, 1.065, 1.067, 1.075, 1.069, 1.678, 0.95, 0.956, 0.956, 0.95], "p proportion": [3.594, 2.73, 2.916, 2.949, 2.952, 2.952, 2.949, 2.916, 2.73, 3.594, 0.0, 0.0, 0.0, 0.0], "d proportion": [0.0, 0.0, 0.0, 0.0, 0.0, 0.0, 0.0, 0.0, 0.0, 0.0, 0.0, 0.0, 0.0, 0.0], "Fermi-level/eV": -10.1144, "Coordination numbers": [0.911, 1.905, 2.969, 2.92, 2.91, 2.91, 2.92, 2.969, 1.905, 0.911, 0.925, 0.925, 0.925, 0.925], "Dispersion coefficient C6": [25.528, 28.386, 27.282, 28.422, 28.475, 28.475, 28.421, 27.283, 28.386, 25.528, 2.302, 2.324, 2.324, 2.302], "Total dispersion C6": 3430.748816, "Total dispersion C8": 87965.232973, "Polarizability alpha": [7.308, 8.605, 8.568, 8.742, 8.75, 8.75, 8.742, 8.568, 8.604, 7.308, 2.373, 2.384, 2.384, 2.373], "Total polarizability alpha": 93.45834, "Wiberg matrix": [[0.0, 2.8163691790465504, 0.0, 0.0, 0.0, 0.0, 0.0, 0.0, 0.0, 0.0, 0.0, 0.0, 0.0, 0.0], [2.8163691790465504, 0.0, 1.083236578181499, 0.0, 0.0, 0.0, 0.0, 0.0, 0.0, 0.0, 0.0, 0.0, 0.0, 0.0], [0.0, 1.083236578181499, 0.0, 1.3735515203311268, 0.0, 0.0, 0.0, 1.3080789211509527, 0.0, 0.0, 0.0, 0.0, 0.0, 0.0], [0.0, 0.0, 1.3735515203311268, 0.0, 1.4436316404088074, 0.0, 0.10425830803418853, 0.0, 0.0, 0.0, 0.9688250315008704, 0.0, 0.0, 0.0], [0.0, 0.0, 0.0, 1.4436316404088074, 0.0, 1.4281526467762398, 0.0, 0.0, 0.0, 0.0, 0.0, 0.9688412014895023, 0.0, 0.0], [0.0, 0.0, 0.0, 0.0, 1.4281526467762398, 0.0, 1.44369577892249, 0.0, 0.0, 0.0, 0.0, 0.0, 0.9688351614536437, 0.0], [0.0, 0.0, 0.0, 0.10425830803418853, 0.0, 1.44369577892249, 0.0, 1.3734576684673985, 0.0, 0.0, 0.0, 0.0, 0.0, 0.96882661283575], [0.0, 0.0, 1.3080789211509527, 0.0, 0.0, 0.0, 1.3734576684673985, 0.0, 1.0833205752858468, 0.0, 0.0, 0.0, 0.0, 0.0], [0.0, 0.0, 0.0, 0.0, 0.0, 0.0, 0.0, 1.0833205752858468, 0.0, 2.816307242949124, 0.0, 0.0, 0.0, 0.0], [0.0, 0.0, 0.0, 0.0, 0.0, 0.0, 0.0, 0.0, 2.816307242949124, 0.0, 0.0, 0.0, 0.0, 0.0], [0.0, 0.0, 0.0, 0.9688250315008704, 0.0, 0.0, 0.0, 0.0, 0.0, 0.0, 0.0, 0.0, 0.0, 0.0], [0.0, 0.0, 0.0, 0.0, 0.9688412014895023, 0.0, 0.0, 0.0, 0.0, 0.0, 0.0, 0.0, 0.0, 0.0], [0.0, 0.0, 0.0, 0.0, 0.0, 0.9688351614536437, 0.0, 0.0, 0.0, 0.0, 0.0, 0.0, 0.0, 0.0], [0.0, 0.0, 0.0, 0.0, 0.0, 0.0, 0.96882661283575, 0.0, 0.0, 0.0, 0.0, 0.0, 0.0, 0.0]], "Born radii": [], "Atomic SASAs": [], "Solvent H bonds": [], "Total SASA": NaN, "Total FOD": 0.0, "FOD": [0.0, 0.0, 0.0, 0.0, 0.0, 0.0, 0.0, 0.0, 0.0, 0.0, 0.0, 0.0, 0.0, 0.0], "FOD s proportion": [0.0, 0.0, 0.0, 0.0, 0.0, 0.0, 0.0, 0.0, 0.0, 0.0, 0.0, 0.0, 0.0, 0.0], "FOD p proportion": [0.0, 0.0, 0.0, 0.0, 0.0, 0.0, 0.0, 0.0, 0.0, 0.0, 0.0, 0.0, 0.0, 0.0], "FOD d proportion": [0.0, 0.0, 0.0, 0.0, 0.0, 0.0, 0.0, 0.0, 0.0, 0.0, 0.0, 0.0, 0.0, 0.0], "coordinates": [["0.47460", "1.86610", "2.71540"], ["0.26690", "1.28650", "1.73240"], ["-0.01470", "0.58330", "0.51360"], ["-1.21470", "0.85680", "-0.16030"], ["-1.52440", "0.19320", "-1.34880"], ["-0.63980", "-0.74680", "-1.87250"], ["0.55630", "-1.02520", "-1.20880"], ["0.87590", "-0.36300", "-0.01360"], ["2.11500", "-0.67730", "0.63820"], ["3.12130", "-0.94640", "1.14840"], ["-1.91640", "1.58940", "0.23730"], ["-2.45690", "0.41010", "-1.86630"], ["-0.88150", "-1.26390", "-2.79910"], ["1.23840", "-1.76280", "-1.63050"]], "bond_dist": [[0.0, 1.1598984653839317, 2.5947858428009045, 3.4845475272982, 4.82828303333597, 5.396106020085224, 4.875001150769095, 3.5464587266736936, 3.670770431394478, 4.167813112412792, 3.4546234961280513, 5.630772872350651, 6.48425920672516, 5.713068567766363], [1.1598984653839317, 0.0, 1.4350129755510923, 2.4417399411075698, 3.7279825670193256, 4.236946753264666, 3.7521149622579535, 2.477952229160199, 2.9101989090094853, 3.670762559741504, 2.6634322424270533, 4.597586876830062, 5.325209382737922, 4.64232044887037], [2.5947858428009045, 1.4350129755510923, 0.0, 1.4031904574932086, 2.428972181808594, 2.8023899139841335, 2.4248659777398007, 1.4023522702944506, 2.4779547231537546, 3.546469953347977, 2.169110829349206, 3.414419876055082, 3.890690346198217, 3.416373754436127], [3.4845475272982, 2.4417399411075698, 1.4031904574932086, 0.0, 1.395998316617896, 2.415299528008897, 2.788855903412724, 2.424879644435987, 3.752061719908136, 4.87494840280387, 1.0895739580221253, 2.157090107065535, 3.4017137107640325, 3.8783362167300557], [4.82828303333597, 3.7279825670193256, 2.428972181808594, 1.395998316617896, 0.0, 1.3929748203036552, 2.415245546523169, 2.8024199489013064, 4.236882298341554, 5.396037851053308, 2.149128113910383, 1.088305154816424, 2.1540266734653035, 3.3968153806175567], [5.396106020085224, 4.236946753264666, 2.8023899139841335, 2.415299528008897, 1.3929748203036552, 0.0, 1.3959439315387991, 2.4290241126839396, 3.727917351551668, 4.828203618324315, 3.396880044982454, 2.154137521143903, 1.0883009050809431, 2.149059152280365], [4.875001150769095, 3.7521149622579535, 2.4248659777398007, 2.788855903412724, 2.415245546523169, 1.3959439315387991, 0.0, 1.403266204253491, 2.441718472715477, 3.484512344647383, 3.8783480581299044, 3.4017299393102918, 2.157151042463184, 1.0895618660727806], [3.5464587266736936, 2.477952229160199, 1.4023522702944506, 2.424879644435987, 2.8024199489013064, 2.4290241126839396, 1.403266204253491, 0.0, 1.4349203950045453, 2.5946908717610273, 3.4163951557160366, 3.890724449251065, 3.414540352668277, 2.169150040914644], [3.670770431394478, 2.9101989090094853, 2.4779547231537546, 3.752061719908136, 4.236882298341554, 3.727917351551668, 2.441718472715477, 1.4349203950045453, 0.0, 1.1598959177443464, 4.64228776143832, 5.325150572519053, 4.597623636184241, 2.6634071224655083], [4.167813112412792, 3.670762559741504, 3.546469953347977, 4.87494840280387, 5.396037851053308, 4.828203618324315, 3.484512344647383, 2.5946908717610273, 1.1598959177443464, 0.0, 5.7130382582300285, 6.484197990499674, 5.630805478792533, 3.4545776268597588], [3.4546234961280513, 2.6634322424270533, 2.169110829349206, 1.0895739580221253, 2.149128113910383, 3.396880044982454, 3.8783480581299044, 3.4163951557160366, 4.64228776143832, 5.7130382582300285, 0.0, 2.4714412192079345, 4.293257954048417, 4.96776455963847], [5.630772872350651, 4.597586876830062, 3.414419876055082, 2.157090107065535, 1.088305154816424, 2.154137521143903, 3.4017299393102918, 3.890724449251065, 5.325150572519053, 6.484197990499674, 2.4714412192079345, 0.0, 2.4807815300828087, 4.293289897037003], [6.48425920672516, 5.325209382737922, 3.890690346198217, 3.4017137107640325, 2.1540266734653035, 1.0883009050809431, 2.157151042463184, 3.414540352668277, 4.597623636184241, 5.630805478792533, 4.293257954048417, 2.4807815300828087, 0.0, 2.471538626038444], [5.713068567766363, 4.64232044887037, 3.416373754436127, 3.8783362167300557, 3.3968153806175567, 2.149059152280365, 1.0895618660727806, 2.169150040914644, 2.6634071224655083, 3.4545776268597588, 4.96776455963847, 4.293289897037003, 2.471538626038444, 0.0]]}