{"total energy": -20.88519806, "HOMO-LUMO gap/eV": 11.72329933, "electronic energy": -21.13806039, "dipole": [-0.08090793, 0.26381803, -0.64048322], "partial charges": [-0.10565303, -0.01141416, -0.10612674, -0.06712702, 0.08699064, -0.44813722, 0.0369333, 0.03511115, 0.03383941, 0.02826365, 0.0377518, 0.03588007, 0.02903907, 0.04797109, 0.04878716, 0.01935615, 0.0156423, 0.28289238], "atomic dipole moments": [[-0.09363758, 0.02392596, -0.04544369], [0.00207139, 0.05176138, 0.08073703], [-0.00407666, -0.10026201, 0.02588912], [-0.03512182, 0.03854534, -0.12352711], [-0.07236285, -0.07251675, 0.16742179], [0.04107479, 0.09066349, -0.22074194], [0.02406066, 0.06723377, 0.10525999], [0.09613594, 0.01958604, -0.07854679], [0.00529516, -0.12162018, 0.03184771], [-0.00950737, -0.0697933, -0.1015232], [0.00593896, 0.08130874, 0.09757084], [0.09743189, 0.02666082, -0.07431435], [-0.10160548, 0.02982017, -0.06807584], [0.00737105, 0.06444921, 0.10886728], [0.0100291, -0.11646242, 0.04575482], [-0.03022378, 0.11285145, -0.01892637], [-0.02130976, -0.06880241, -0.09324064], [-0.06417979, 0.01451899, -0.04359217]], "atomic quadrupole moments": [[0.15061034, -0.06299748, -0.09391499, 0.12429398, -0.05002175, -0.05669535], [0.0974567, -0.01748321, -0.00098115, -0.02618496, -0.1468654, -0.09647555], [-0.08834491, -0.00713415, 0.19068307, 0.00041152, -0.09001389, -0.10233816], [0.2497458, -0.0037924, -0.21566956, -0.01154641, -0.06949395, -0.03407624], [0.22937842, 0.12217266, -0.28685787, -0.22650695, -0.18206189, 0.05747946], [0.04453728, 0.04976247, -0.09481966, -0.10518951, -0.07742906, 0.05028238], [-0.03440533, -0.00282569, -0.00100095, 0.00938912, 0.06171814, 0.03540628], [0.0232369, 0.01485092, -0.04599424, -0.05344496, -0.02369625, 0.02275735], [-0.03246938, 0.00941626, 0.07418517, 0.00726616, -0.03003049, -0.04171579], [-0.01801268, 0.00396642, 0.0020779, 0.00907616, 0.02049217, 0.01593478], [-0.05158347, 0.0029242, -0.00165242, 0.00477244, 0.04976871, 0.05323589], [0.04055434, 0.00427208, -0.03070082, -0.06204087, -0.01151345, -0.00985352], [0.05073488, -0.00861525, -0.02817863, 0.05557172, -0.01045507, -0.02255625], [-0.0217118, 0.00301771, 0.0126748, 0.0075555, 0.05087048, 0.009037], [-0.01925457, -0.00671465, 0.05822564, 0.00034241, -0.015, -0.03897107], [-0.01027661, 0.00367566, 0.04039735, -0.0149629, -0.02030939, -0.03012074], [-0.01241464, 0.00878668, -0.01089008, -0.01349423, 0.03652489, 0.02330472], [0.10781261, -0.01636095, -0.08375871, 0.06343958, -0.02466604, -0.0240539]], "number of molecular orbitals": 36, "number of electrons": 38, "number of unpaired electrons": 0, "orbital energies/eV": [-18.57037414, -17.14968455, -16.75325553, -15.99362031, -15.75073946, -15.42753765, -14.83852865, -14.38162715, -13.97080895, -13.64071103, -13.3815067, -12.96554408, -12.56518109, -12.35433674, -12.20508812, -11.75359949, -11.70654376, -11.54858511, -11.02270712, 0.70059221, 2.39565165, 2.43424766, 3.08218303, 3.41903452, 3.51908021, 3.97455678, 4.58239447, 4.754373, 5.2799989, 5.92110757, 6.06260468, 6.21511311, 6.63946821, 7.08849695, 7.6627479, 8.00548956], "fractional occupation": [2.0, 2.0, 2.0, 2.0, 2.0, 2.0, 2.0, 2.0, 2.0, 2.0, 2.0, 2.0, 2.0, 2.0, 2.0, 2.0, 2.0, 2.0, 2.0, 0.0, 0.0, 0.0, 0.0, 0.0, 0.0, 0.0, 0.0, 0.0, 0.0, 0.0, 0.0, 0.0, 0.0, 0.0, 0.0, 0.0], "program call": "xtb /home/svss/Project-DBcg-Debug/aqme2_20220329/End-to-End-workflows-final/example-3/QDESCP/mol_525_rdkit_conf_1/mol_525_rdkit_conf_1.xyz --pop --wbo --acc 0.2 --gfn 2 --chrg 0 --uhf 0 --etemp 300 --input /home/svss/Project-DBcg-Debug/aqme2_20220329/End-to-End-workflows-final/example-3/QDESCP/mol_525_rdkit_conf_1/mol_525_rdkit_conf_1_xtb.inp", "method": "GFN2-xTB", "xtb version": "6.3.3 (7355c4f)", "Dipole module/D": 1.773, "Total charge": 0, "Transition dipole module/D": NaN, "HOMO": -11.0227, "LUMO": 0.7006, "HOMO occupancy": 2.0, "LUMO occupancy": 0, "mulliken charges": [-0.08928, -0.00406, -0.09355, -0.06193, 0.19944, -0.56948, 0.02914, 0.02889, 0.03004, 0.01815, 0.02994, 0.03073, 0.02541, 0.03637, 0.03984, 0.00828, 0.00736, 0.33471], "cm5 charges": [-0.23771, -0.07818, -0.24192, -0.16694, 0.11205, -0.78362, 0.08098, 0.08025, 0.08142, 0.0764, 0.08189, 0.08217, 0.07737, 0.09391, 0.09764, 0.0715, 0.07001, 0.50277], "FUKUI+": [0.02, -0.045, 0.029, -0.023, -0.019, -0.137, -0.048, -0.082, -0.044, -0.058, -0.043, -0.063, -0.029, -0.07, -0.067, -0.086, -0.088, -0.148], "FUKUI-": [0.023, -0.005, 0.018, 0.016, 0.024, -0.128, -0.08, -0.062, -0.063, -0.099, -0.064, -0.062, -0.052, -0.092, -0.085, -0.115, -0.11, -0.063], "FUKUIrad": [0.021, -0.025, 0.024, -0.004, 0.002, -0.132, -0.064, -0.072, -0.053, -0.079, -0.053, -0.062, -0.041, -0.081, -0.076, -0.101, -0.099, -0.105], "s proportion": [1.013, 1.053, 1.013, 1.037, 0.991, 1.695, 0.971, 0.971, 0.97, 0.982, 0.97, 0.969, 0.975, 0.964, 0.96, 0.992, 0.993, 0.665], "p proportion": [3.076, 2.951, 3.081, 3.024, 2.809, 4.874, 0.0, 0.0, 0.0, 0.0, 0.0, 0.0, 0.0, 0.0, 0.0, 0.0, 0.0, 0.0], "d proportion": [0.0, 0.0, 0.0, 0.0, 0.0, 0.0, 0.0, 0.0, 0.0, 0.0, 0.0, 0.0, 0.0, 0.0, 0.0, 0.0, 0.0, 0.0], "Fermi-level/eV": -5.1611, "Coordination numbers": [3.753, 3.848, 3.752, 3.802, 3.673, 1.653, 0.924, 0.924, 0.924, 0.924, 0.924, 0.924, 0.924, 0.923, 0.923, 0.924, 0.924, 0.804], "Dispersion coefficient C6": [22.577, 20.746, 22.589, 21.785, 19.359, 21.807, 2.49, 2.515, 2.533, 2.611, 2.479, 2.505, 2.6, 2.346, 2.335, 2.743, 2.801, 0.775], "Total dispersion C6": 2125.96284, "Total dispersion C8": 43667.02353, "Polarizability alpha": [6.776, 6.479, 6.778, 6.645, 6.305, 6.304, 2.468, 2.48, 2.489, 2.527, 2.462, 2.475, 2.522, 2.395, 2.39, 2.59, 2.617, 1.383], "Total polarizability alpha": 68.084145, "Wiberg matrix": [[0.0, 1.0086039094026282, 0.0, 0.0, 0.0, 0.0, 0.9869002904001806, 0.9863058506324353, 0.986636802044456, 0.0, 0.0, 0.0, 0.0, 0.0, 0.0, 0.0, 0.0, 0.0], [1.0086039094026282, 0.0, 1.0095888160229718, 0.995192541632673, 0.0, 0.0, 0.0, 0.0, 0.0, 0.9689249942342766, 0.0, 0.0, 0.0, 0.0, 0.0, 0.0, 0.0, 0.0], [0.0, 1.0095888160229718, 0.0, 0.0, 0.0, 0.0, 0.0, 0.0, 0.0, 0.0, 0.9866288359391278, 0.9858275658378279, 0.9854578825439437, 0.0, 0.0, 0.0, 0.0, 0.0], [0.0, 0.995192541632673, 0.0, 0.0, 1.006609220286573, 0.0, 0.0, 0.0, 0.0, 0.0, 0.0, 0.0, 0.0, 0.9747109267221631, 0.9735880083841103, 0.0, 0.0, 0.0], [0.0, 0.0, 0.0, 1.006609220286573, 0.0, 0.9870396455029432, 0.0, 0.0, 0.0, 0.0, 0.0, 0.0, 0.0, 0.0, 0.0, 0.9724374825400852, 0.9736356820122996, 0.0], [0.0, 0.0, 0.0, 0.0, 0.9870396455029432, 0.0, 0.0, 0.0, 0.0, 0.0, 0.0, 0.0, 0.0, 0.0, 0.0, 0.0, 0.0, 0.9072143538109436], [0.9869002904001806, 0.0, 0.0, 0.0, 0.0, 0.0, 0.0, 0.0, 0.0, 0.0, 0.0, 0.0, 0.0, 0.0, 0.0, 0.0, 0.0, 0.0], [0.9863058506324353, 0.0, 0.0, 0.0, 0.0, 0.0, 0.0, 0.0, 0.0, 0.0, 0.0, 0.0, 0.0, 0.0, 0.0, 0.0, 0.0, 0.0], [0.986636802044456, 0.0, 0.0, 0.0, 0.0, 0.0, 0.0, 0.0, 0.0, 0.0, 0.0, 0.0, 0.0, 0.0, 0.0, 0.0, 0.0, 0.0], [0.0, 0.9689249942342766, 0.0, 0.0, 0.0, 0.0, 0.0, 0.0, 0.0, 0.0, 0.0, 0.0, 0.0, 0.0, 0.0, 0.0, 0.0, 0.0], [0.0, 0.0, 0.9866288359391278, 0.0, 0.0, 0.0, 0.0, 0.0, 0.0, 0.0, 0.0, 0.0, 0.0, 0.0, 0.0, 0.0, 0.0, 0.0], [0.0, 0.0, 0.9858275658378279, 0.0, 0.0, 0.0, 0.0, 0.0, 0.0, 0.0, 0.0, 0.0, 0.0, 0.0, 0.0, 0.0, 0.0, 0.0], [0.0, 0.0, 0.9854578825439437, 0.0, 0.0, 0.0, 0.0, 0.0, 0.0, 0.0, 0.0, 0.0, 0.0, 0.0, 0.0, 0.0, 0.0, 0.0], [0.0, 0.0, 0.0, 0.9747109267221631, 0.0, 0.0, 0.0, 0.0, 0.0, 0.0, 0.0, 0.0, 0.0, 0.0, 0.0, 0.0, 0.0, 0.0], [0.0, 0.0, 0.0, 0.9735880083841103, 0.0, 0.0, 0.0, 0.0, 0.0, 0.0, 0.0, 0.0, 0.0, 0.0, 0.0, 0.0, 0.0, 0.0], [0.0, 0.0, 0.0, 0.0, 0.9724374825400852, 0.0, 0.0, 0.0, 0.0, 0.0, 0.0, 0.0, 0.0, 0.0, 0.0, 0.0, 0.0, 0.0], [0.0, 0.0, 0.0, 0.0, 0.9736356820122996, 0.0, 0.0, 0.0, 0.0, 0.0, 0.0, 0.0, 0.0, 0.0, 0.0, 0.0, 0.0, 0.0], [0.0, 0.0, 0.0, 0.0, 0.0, 0.9072143538109436, 0.0, 0.0, 0.0, 0.0, 0.0, 0.0, 0.0, 0.0, 0.0, 0.0, 0.0, 0.0]], "Born radii": [], "Atomic SASAs": [], "Solvent H bonds": [], "Total SASA": NaN, "Total FOD": 0.0, "FOD": [0.0, 0.0, 0.0, 0.0, 0.0, 0.0, 0.0, 0.0, 0.0, 0.0, 0.0, 0.0, 0.0, 0.0, 0.0, 0.0, 0.0, 0.0], "FOD s proportion": [0.0, 0.0, 0.0, 0.0, 0.0, 0.0, 0.0, 0.0, 0.0, 0.0, 0.0, 0.0, 0.0, 0.0, 0.0, 0.0, 0.0, 0.0], "FOD p proportion": [0.0, 0.0, 0.0, 0.0, 0.0, 0.0, 0.0, 0.0, 0.0, 0.0, 0.0, 0.0, 0.0, 0.0, 0.0, 0.0, 0.0, 0.0], "FOD d proportion": [0.0, 0.0, 0.0, 0.0, 0.0, 0.0, 0.0, 0.0, 0.0, 0.0, 0.0, 0.0, 0.0, 0.0, 0.0, 0.0, 0.0, 0.0], "coordinates": [["2.04930", "-0.48560", "0.28870"], ["0.70770", "-0.13240", "-0.35750"], ["0.71390", "1.33370", "-0.79260"], ["-0.43980", "-0.44950", "0.61500"], ["-1.82610", "-0.26220", "0.01030"], ["-2.79800", "-0.68620", "0.95810"], ["2.22530", "0.11010", "1.19090"], ["2.87630", "-0.30200", "-0.40550"], ["2.07980", "-1.54380", "0.56930"], ["0.59200", "-0.75580", "-1.25320"], ["0.76400", "2.00420", "0.07190"], ["1.57660", "1.54450", "-1.43390"], ["-0.18390", "1.58270", "-1.36640"], ["-0.35520", "0.16700", "1.51960"], ["-0.34980", "-1.48750", "0.96210"], ["-2.02070", "0.78740", "-0.22720"], ["-1.94110", "-0.86370", "-0.89680"], ["-3.67040", "-0.56080", "0.54720"]], "bond_dist": [[0.0, 1.5304297566370044, 2.502469847970201, 2.510656031797267, 3.8918041163450146, 4.897412991570142, 1.0953535182761776, 1.0952404302252543, 1.0951958044112478, 2.1387348924071916, 2.810356271009069, 2.7040898764649075, 3.4647370953652454, 2.7789605646716184, 2.6856939475673696, 4.295530445707492, 4.179911723948246, 5.726032254537167], [1.5304297566370044, 0.0, 1.5293134603474856, 1.5372263691467172, 2.563643368333435, 3.7851592159379503, 2.1816183373816784, 2.1757513920482734, 2.1756991083327675, 1.0974026334941978, 2.180048992568745, 2.173848610184251, 2.1804581582777507, 2.1778202818414565, 2.1670132486904645, 2.882217321785434, 2.800318842560611, 4.491076514600926], [2.502469847970201, 1.5293134603474856, 0.0, 2.5479724664917396, 3.1053414015209344, 4.413432690095092, 2.7777327391237625, 2.73885645114891, 3.4641681064867513, 2.1431337382440696, 1.0951897141591496, 1.0954239453289305, 1.0942085176053054, 2.801862334234143, 3.4884952658703727, 2.845374845253258, 3.447963079848739, 4.960471830380654], [2.510656031797267, 1.5372263691467172, 2.5479724664917396, 0.0, 1.5239983825450734, 2.3947550480163935, 2.7834458823551786, 3.472707259473508, 2.747356027165027, 2.156061726852921, 2.7865275415828927, 3.4985562979606315, 2.8497837830263544, 1.0979665614216128, 1.0981905162584495, 2.1768020718475993, 2.1704844090663267, 3.233227627309899], [3.8918041163450146, 2.563643368333435, 3.1053414015209344, 1.5239983825450734, 0.0, 1.4222132224107606, 4.236303295327189, 4.720915106205576, 4.148618368806656, 2.7725946007305144, 3.4422349614748846, 4.11439495187324, 2.827680982713573, 2.1507547372957245, 2.1416687465618955, 1.0935883914892293, 1.0944668382367735, 1.9439305697477982], [4.897412991570142, 3.7851592159379503, 4.413432690095092, 2.3947550480163935, 1.4222132224107606, 0.0, 5.091348782002663, 5.848478014834287, 4.967854269199128, 4.048060257703682, 4.5509830366636175, 5.462125195379542, 4.169499522724521, 2.647735698667826, 2.57600095690976, 2.0446584898217113, 2.0509602312087867, 0.9724431757177381], [1.0953535182761776, 2.1816183373816784, 2.7777327391237625, 2.7834458823551786, 4.236303295327189, 5.091348782002663, 0.0, 1.7726027107053628, 1.7728344592770078, 3.0644863370555266, 2.64105537617067, 3.06070091482327, 3.809537857798502, 2.6019726266815337, 3.039048405340066, 4.527500292655982, 4.76084726598113, 5.968562221339408], [1.0952404302252543, 2.1757513920482734, 2.73885645114891, 3.472707259473508, 4.720915106205576, 5.848478014834287, 1.7726027107053628, 0.0, 1.7682518287845768, 2.478418088216756, 3.163586649674701, 2.481207145725645, 3.720248236341226, 3.790588774847517, 3.6991162755447418, 5.019879704733969, 4.874856443014502, 6.620717152997853], [1.0951958044112478, 2.1756991083327675, 3.4641681064867513, 2.747356027165027, 4.148618368806656, 4.967854269199128, 1.7728344592770078, 1.7682518287845768, 0.0, 2.481128591991959, 3.8166792372427634, 3.7153219739344263, 4.318133211238393, 3.1239609040447354, 2.461791561038424, 4.783618498584518, 4.333546126441947, 5.833659010432474], [2.1387348924071916, 1.0974026334941978, 2.1431337382440696, 2.156061726852921, 2.7725946007305144, 4.048060257703682, 3.0644863370555266, 2.478418088216756, 2.481128591991959, 0.0, 3.0664432181274774, 2.508678883396598, 2.466458452923949, 3.0719973177071624, 2.5159344625804545, 3.2031770993811755, 2.5603239990282485, 4.631146609642152], [2.810356271009069, 2.180048992568745, 1.0951897141591496, 2.7865275415828927, 3.4422349614748846, 4.5509830366636175, 2.64105537617067, 3.163586649674701, 3.8166792372427634, 3.0664432181274774, 0.0, 1.7717439120821044, 1.7733819526543062, 2.593019045437191, 3.771601167939155, 3.0536236081088974, 4.0596546786641845, 5.144806940012424], [2.7040898764649075, 2.173848610184251, 1.0954239453289305, 3.4985562979606315, 4.11439495187324, 5.462125195379542, 3.06070091482327, 2.481207145725645, 3.7153219739344263, 2.508678883396598, 1.7717439120821044, 0.0, 1.7622076324882943, 3.7884719531758444, 4.317969078166262, 3.8690945439469426, 4.2967565604767515, 5.990663928146863], [3.4647370953652454, 2.1804581582777507, 1.0942085176053054, 2.8497837830263544, 2.827680982713573, 4.169499522724521, 3.809537857798502, 3.720248236341226, 4.318133211238393, 2.466458452923949, 1.7733819526543062, 1.7622076324882943, 0.0, 3.219090893404534, 3.856885155147869, 2.3030659934096547, 3.0484666571901355, 4.5179795772004105], [2.7789605646716184, 2.1778202818414565, 2.801862334234143, 1.0979665614216128, 2.1507547372957245, 2.647735698667826, 2.6019726266815337, 3.790588774847517, 3.1239609040447354, 3.0719973177071624, 2.593019045437191, 3.7884719531758444, 3.219090893404534, 0.0, 1.7459111260313338, 2.4920065509544713, 3.0686169946736594, 3.5306947814842333], [2.6856939475673696, 2.1670132486904645, 3.4884952658703727, 1.0981905162584495, 2.1416687465618955, 2.57600095690976, 3.039048405340066, 3.6991162755447418, 2.461791561038424, 2.5159344625804545, 3.771601167939155, 4.317969078166262, 3.856885155147869, 1.7459111260313338, 0.0, 3.0629252863888143, 2.525246787939745, 3.472362201729537], [4.295530445707492, 2.882217321785434, 2.845374845253258, 2.1768020718475993, 1.0935883914892293, 2.0446584898217113, 4.527500292655982, 5.019879704733969, 4.783618498584518, 3.2031770993811755, 3.0536236081088974, 3.8690945439469426, 2.3030659934096547, 2.4920065509544713, 3.0629252863888143, 0.0, 1.7834885842079282, 2.2669028849952966], [4.179911723948246, 2.800318842560611, 3.447963079848739, 2.1704844090663267, 1.0944668382367735, 2.0509602312087867, 4.76084726598113, 4.874856443014502, 4.333546126441947, 2.5603239990282485, 4.0596546786641845, 4.2967565604767515, 3.0484666571901355, 3.0686169946736594, 2.525246787939745, 1.7834885842079282, 0.0, 2.273183428586439], [5.726032254537167, 4.491076514600926, 4.960471830380654, 3.233227627309899, 1.9439305697477982, 0.9724431757177381, 5.968562221339408, 6.620717152997853, 5.833659010432474, 4.631146609642152, 5.144806940012424, 5.990663928146863, 4.5179795772004105, 3.5306947814842333, 3.472362201729537, 2.2669028849952966, 2.273183428586439, 0.0]]}