{"total energy": -24.05271917, "HOMO-LUMO gap/eV": 11.6496511, "electronic energy": -24.35232634, "dipole": [-0.11711211, 0.17168665, -0.68707105], "partial charges": [-0.10074817, -0.05243227, -0.06051954, -0.06576483, 0.12069866, -0.11450355, -0.45427176, 0.03274706, 0.03293788, 0.03253153, 0.03117426, 0.03147834, 0.02998635, 0.03368105, 0.04612156, 0.04556878, 0.01161848, 0.04760466, 0.03761347, 0.03153795, 0.28294007], "atomic dipole moments": [[-0.07668791, -0.02071616, 0.06526964], [-0.02129881, 0.02200433, -0.11029842], [0.00793393, -0.02462283, 0.11040316], [-0.02922839, 0.01427888, -0.12665379], [-0.09284244, 0.02273375, 0.14818502], [0.03228579, -0.0943156, 0.03317979], [0.03111054, 0.05106231, -0.22971529], [0.00483071, -0.08431387, -0.09340348], [0.10968515, -0.00322892, 0.05959115], [-0.01245647, 0.11444294, -0.05070833], [0.02246675, -0.11058008, 0.05101756], [0.00549232, 0.0822441, 0.0924597], [-0.00165615, -0.08174442, -0.09335227], [-0.01620611, 0.11135342, -0.05184223], [0.02320655, -0.10536543, 0.06354467], [0.00024344, 0.0820036, 0.09629954], [-0.00767039, -0.0898173, -0.07739692], [-0.00710703, 0.09483846, 0.08682342], [0.07175732, 0.03864747, -0.0990502], [-0.11758327, -0.00595964, -0.04012965], [-0.06445662, -0.00737126, -0.04263415]], "atomic quadrupole moments": [[0.08560072, 0.05333965, -0.1135414, -0.16186124, -0.04806252, 0.02794068], [0.22202513, 0.04689025, -0.2227067, -0.02984825, -0.05567358, 0.00068157], [0.21714326, 0.04052602, -0.22623768, -0.02546755, -0.05570803, 0.00909441], [0.23370632, 0.07055342, -0.21975363, -0.01153647, -0.03919157, -0.01395268], [0.13068836, 0.06233364, -0.16683693, -0.18579076, -0.21622409, 0.03614856], [-0.06645343, -0.07428088, 0.13791837, 0.03773331, -0.13494796, -0.07146494], [0.03095906, 0.04552098, -0.10062716, -0.09927148, -0.06531893, 0.0696681], [-0.04025799, 0.01377261, 0.02031985, -0.00426576, 0.06009981, 0.01993814], [0.0523025, -0.00125726, -0.05319585, 0.04937527, -0.00766307, 0.00089335], [-0.03370112, -0.02597834, 0.05913876, -0.00320112, -0.04162672, -0.02543764], [-0.01609021, -0.00786681, 0.04610769, 0.00020929, -0.02834242, -0.03001749], [-0.01769629, 0.00033958, 0.01373886, -0.00539933, 0.04731536, 0.00395743], [-0.02137917, 0.00185054, 0.0171231, -0.00140488, 0.04722642, 0.00425607], [-0.01671283, -0.01423341, 0.04534603, 0.00317814, -0.02642154, -0.0286332], [-0.0165692, -0.01597, 0.04741369, 0.00411582, -0.02920251, -0.03084449], [-0.02497176, -0.00088271, 0.02981853, -0.00728586, 0.04647569, -0.00484677], [-0.0103424, -3.974e-05, -0.00514279, -0.0133083, 0.01506908, 0.01548519], [-0.04536488, 0.00148324, 0.014423, 0.01408236, 0.0587421, 0.03094188], [0.0089037, 0.01232737, -0.03188883, -0.06310841, -0.02612722, 0.02298513], [0.06546377, 0.02281342, -0.02907228, 0.04576541, 0.00587284, -0.03639149], [0.10805809, 0.02803474, -0.09013569, 0.06649718, 0.00551303, -0.0179224]], "number of molecular orbitals": 42, "number of electrons": 44, "number of unpaired electrons": 0, "orbital energies/eV": [-18.49307968, -17.14266755, -16.82077055, -16.38198393, -16.07704314, -15.31192513, -15.22564147, -14.89631095, -14.20304283, -14.05756313, -13.83770908, -13.28101099, -13.02318447, -12.9279293, -12.7596688, -12.4933054, -12.04302869, -11.87920929, -11.87579333, -11.5574886, -11.44910043, -11.00643856, 0.64321254, 2.03783253, 2.78329825, 3.11381898, 3.17192818, 3.25060275, 3.92984245, 4.15592042, 4.248935, 4.67093042, 4.84687238, 5.28073868, 5.79845445, 5.88618254, 6.33168804, 6.85452074, 7.15159135, 7.27522995, 7.63056812, 8.34352324], "fractional occupation": [2.0, 2.0, 2.0, 2.0, 2.0, 2.0, 2.0, 2.0, 2.0, 2.0, 2.0, 2.0, 2.0, 2.0, 2.0, 2.0, 2.0, 2.0, 2.0, 2.0, 2.0, 2.0, 0.0, 0.0, 0.0, 0.0, 0.0, 0.0, 0.0, 0.0, 0.0, 0.0, 0.0, 0.0, 0.0, 0.0, 0.0, 0.0, 0.0, 0.0, 0.0, 0.0], "program call": "xtb /home/svss/Project-DBcg-Debug/aqme2_20220329/End-to-End-workflows-final/example-3/QDESCP/mol_455_rdkit_conf_5/mol_455_rdkit_conf_5.xyz --pop --wbo --acc 0.2 --gfn 2 --chrg 0 --uhf 0 --etemp 300 --input /home/svss/Project-DBcg-Debug/aqme2_20220329/End-to-End-workflows-final/example-3/QDESCP/mol_455_rdkit_conf_5/mol_455_rdkit_conf_5_xtb.inp", "method": "GFN2-xTB", "xtb version": "6.3.3 (7355c4f)", "Dipole module/D": 1.824, "Total charge": 0, "Transition dipole module/D": NaN, "HOMO": -11.0064, "LUMO": 0.6432, "HOMO occupancy": 2.0, "LUMO occupancy": 0, "mulliken charges": [-0.08381, -0.03709, -0.05153, -0.05765, 0.226, -0.11175, -0.57121, 0.02658, 0.02906, 0.02651, 0.02374, 0.02377, 0.02122, 0.02174, 0.03898, 0.03537, 0.00749, 0.03988, 0.03018, 0.02866, 0.33386], "cm5 charges": [-0.23416, -0.14967, -0.16202, -0.16267, 0.17646, -0.25779, -0.78139, 0.07787, 0.07984, 0.0778, 0.07845, 0.07848, 0.07676, 0.07776, 0.09685, 0.09295, 0.07348, 0.09348, 0.0824, 0.08202, 0.50308], "FUKUI+": [0.008, -0.009, -0.023, -0.014, -0.039, 0.035, -0.129, -0.037, -0.067, -0.037, -0.044, -0.043, -0.052, -0.052, -0.06, -0.061, -0.078, -0.052, -0.068, -0.049, -0.128], "FUKUI-": [0.022, 0.01, 0.017, 0.017, 0.003, 0.011, -0.116, -0.072, -0.052, -0.073, -0.091, -0.087, -0.069, -0.074, -0.067, -0.073, -0.101, -0.05, -0.047, -0.051, -0.057], "FUKUIrad": [0.015, 0.001, -0.003, 0.002, -0.018, 0.023, -0.122, -0.054, -0.06, -0.055, -0.068, -0.065, -0.06, -0.063, -0.064, -0.067, -0.089, -0.051, -0.058, -0.05, -0.093], "s proportion": [1.008, 1.027, 1.032, 1.037, 1.016, 1.019, 1.698, 0.973, 0.971, 0.973, 0.976, 0.976, 0.979, 0.978, 0.961, 0.965, 0.993, 0.96, 0.97, 0.971, 0.666], "p proportion": [3.076, 3.01, 3.019, 3.021, 2.758, 3.093, 4.873, 0.0, 0.0, 0.0, 0.0, 0.0, 0.0, 0.0, 0.0, 0.0, 0.0, 0.0, 0.0, 0.0, 0.0], "d proportion": [0.0, 0.0, 0.0, 0.0, 0.0, 0.0, 0.0, 0.0, 0.0, 0.0, 0.0, 0.0, 0.0, 0.0, 0.0, 0.0, 0.0, 0.0, 0.0, 0.0, 0.0], "Fermi-level/eV": -5.1816, "Coordination numbers": [3.75, 3.8, 3.801, 3.801, 3.723, 3.749, 1.653, 0.924, 0.924, 0.924, 0.924, 0.924, 0.924, 0.924, 0.923, 0.923, 0.924, 0.924, 0.924, 0.924, 0.804], "Dispersion coefficient C6": [22.488, 21.516, 21.664, 21.761, 18.712, 22.757, 21.932, 2.548, 2.545, 2.551, 2.57, 2.566, 2.587, 2.535, 2.369, 2.376, 2.864, 2.35, 2.481, 2.565, 0.775], "Total dispersion C6": 2907.891752, "Total dispersion C8": 60038.508101, "Polarizability alpha": [6.763, 6.604, 6.627, 6.642, 6.177, 6.804, 6.322, 2.496, 2.495, 2.498, 2.507, 2.505, 2.515, 2.49, 2.407, 2.411, 2.647, 2.397, 2.463, 2.504, 1.383], "Total polarizability alpha": 79.656302, "Wiberg matrix": [[0.0, 1.0202302818396094, 0.0, 0.0, 0.0, 0.0, 0.0, 0.9876526688604219, 0.9872474803729707, 0.987640085244082, 0.0, 0.0, 0.0, 0.0, 0.0, 0.0, 0.0, 0.0, 0.0, 0.0, 0.0], [1.0202302818396094, 0.0, 1.0075519088770228, 0.0, 0.0, 0.0, 0.0, 0.0, 0.0, 0.0, 0.9778386622537424, 0.9779917121717012, 0.0, 0.0, 0.0, 0.0, 0.0, 0.0, 0.0, 0.0, 0.0], [0.0, 1.0075519088770228, 0.0, 1.0073584264014754, 0.0, 0.0, 0.0, 0.0, 0.0, 0.0, 0.0, 0.0, 0.9770646327320107, 0.9752970409373249, 0.0, 0.0, 0.0, 0.0, 0.0, 0.0, 0.0], [0.0, 0.0, 1.0073584264014754, 0.0, 0.9934474710106714, 0.0, 0.0, 0.0, 0.0, 0.0, 0.0, 0.0, 0.0, 0.0, 0.9740049814374213, 0.9749506840763826, 0.0, 0.0, 0.0, 0.0, 0.0], [0.0, 0.0, 0.0, 0.9934474710106714, 0.0, 1.0044479786835567, 0.9764922633755745, 0.0, 0.0, 0.0, 0.0, 0.0, 0.0, 0.0, 0.0, 0.0, 0.9645946340786077, 0.0, 0.0, 0.0, 0.0], [0.0, 0.0, 0.0, 0.0, 1.0044479786835567, 0.0, 0.0, 0.0, 0.0, 0.0, 0.0, 0.0, 0.0, 0.0, 0.0, 0.0, 0.0, 0.985389754101259, 0.9832949893646449, 0.9839940544183041, 0.0], [0.0, 0.0, 0.0, 0.0, 0.9764922633755745, 0.0, 0.0, 0.0, 0.0, 0.0, 0.0, 0.0, 0.0, 0.0, 0.0, 0.0, 0.0, 0.0, 0.0, 0.0, 0.9036815767086137], [0.9876526688604219, 0.0, 0.0, 0.0, 0.0, 0.0, 0.0, 0.0, 0.0, 0.0, 0.0, 0.0, 0.0, 0.0, 0.0, 0.0, 0.0, 0.0, 0.0, 0.0, 0.0], [0.9872474803729707, 0.0, 0.0, 0.0, 0.0, 0.0, 0.0, 0.0, 0.0, 0.0, 0.0, 0.0, 0.0, 0.0, 0.0, 0.0, 0.0, 0.0, 0.0, 0.0, 0.0], [0.987640085244082, 0.0, 0.0, 0.0, 0.0, 0.0, 0.0, 0.0, 0.0, 0.0, 0.0, 0.0, 0.0, 0.0, 0.0, 0.0, 0.0, 0.0, 0.0, 0.0, 0.0], [0.0, 0.9778386622537424, 0.0, 0.0, 0.0, 0.0, 0.0, 0.0, 0.0, 0.0, 0.0, 0.0, 0.0, 0.0, 0.0, 0.0, 0.0, 0.0, 0.0, 0.0, 0.0], [0.0, 0.9779917121717012, 0.0, 0.0, 0.0, 0.0, 0.0, 0.0, 0.0, 0.0, 0.0, 0.0, 0.0, 0.0, 0.0, 0.0, 0.0, 0.0, 0.0, 0.0, 0.0], [0.0, 0.0, 0.9770646327320107, 0.0, 0.0, 0.0, 0.0, 0.0, 0.0, 0.0, 0.0, 0.0, 0.0, 0.0, 0.0, 0.0, 0.0, 0.0, 0.0, 0.0, 0.0], [0.0, 0.0, 0.9752970409373249, 0.0, 0.0, 0.0, 0.0, 0.0, 0.0, 0.0, 0.0, 0.0, 0.0, 0.0, 0.0, 0.0, 0.0, 0.0, 0.0, 0.0, 0.0], [0.0, 0.0, 0.0, 0.9740049814374213, 0.0, 0.0, 0.0, 0.0, 0.0, 0.0, 0.0, 0.0, 0.0, 0.0, 0.0, 0.0, 0.0, 0.0, 0.0, 0.0, 0.0], [0.0, 0.0, 0.0, 0.9749506840763826, 0.0, 0.0, 0.0, 0.0, 0.0, 0.0, 0.0, 0.0, 0.0, 0.0, 0.0, 0.0, 0.0, 0.0, 0.0, 0.0, 0.0], [0.0, 0.0, 0.0, 0.0, 0.9645946340786077, 0.0, 0.0, 0.0, 0.0, 0.0, 0.0, 0.0, 0.0, 0.0, 0.0, 0.0, 0.0, 0.0, 0.0, 0.0, 0.0], [0.0, 0.0, 0.0, 0.0, 0.0, 0.985389754101259, 0.0, 0.0, 0.0, 0.0, 0.0, 0.0, 0.0, 0.0, 0.0, 0.0, 0.0, 0.0, 0.0, 0.0, 0.0], [0.0, 0.0, 0.0, 0.0, 0.0, 0.9832949893646449, 0.0, 0.0, 0.0, 0.0, 0.0, 0.0, 0.0, 0.0, 0.0, 0.0, 0.0, 0.0, 0.0, 0.0, 0.0], [0.0, 0.0, 0.0, 0.0, 0.0, 0.9839940544183041, 0.0, 0.0, 0.0, 0.0, 0.0, 0.0, 0.0, 0.0, 0.0, 0.0, 0.0, 0.0, 0.0, 0.0, 0.0], [0.0, 0.0, 0.0, 0.0, 0.0, 0.0, 0.9036815767086137, 0.0, 0.0, 0.0, 0.0, 0.0, 0.0, 0.0, 0.0, 0.0, 0.0, 0.0, 0.0, 0.0, 0.0]], "Born radii": [], "Atomic SASAs": [], "Solvent H bonds": [], "Total SASA": NaN, "Total FOD": 0.0, "FOD": [0.0, 0.0, 0.0, 0.0, 0.0, 0.0, 0.0, 0.0, 0.0, 0.0, 0.0, 0.0, 0.0, 0.0, 0.0, 0.0, 0.0, 0.0, 0.0, 0.0, 0.0], "FOD s proportion": [0.0, 0.0, 0.0, 0.0, 0.0, 0.0, 0.0, 0.0, 0.0, 0.0, 0.0, 0.0, 0.0, 0.0, 0.0, 0.0, 0.0, 0.0, 0.0, 0.0, 0.0], "FOD p proportion": [0.0, 0.0, 0.0, 0.0, 0.0, 0.0, 0.0, 0.0, 0.0, 0.0, 0.0, 0.0, 0.0, 0.0, 0.0, 0.0, 0.0, 0.0, 0.0, 0.0, 0.0], "FOD d proportion": [0.0, 0.0, 0.0, 0.0, 0.0, 0.0, 0.0, 0.0, 0.0, 0.0, 0.0, 0.0, 0.0, 0.0, 0.0, 0.0, 0.0, 0.0, 0.0, 0.0, 0.0], "coordinates": [["3.12360", "0.20540", "-0.53000"], ["1.99960", "-0.10180", "0.44670"], ["0.63470", "-0.07380", "-0.24270"], ["-0.49100", "-0.38030", "0.74590"], ["-1.87240", "-0.47430", "0.09130"], ["-2.34810", "0.84200", "-0.50910"], ["-2.79970", "-0.87440", "1.10060"], ["3.15010", "-0.52920", "-1.34120"], ["4.08970", "0.17940", "-0.01640"], ["2.99970", "1.19980", "-0.97060"], ["2.17170", "-1.08810", "0.89320"], ["2.02030", "0.63150", "1.26130"], ["0.61970", "-0.80890", "-1.05630"], ["0.48150", "0.91350", "-0.69270"], ["-0.28180", "-1.32980", "1.25620"], ["-0.51000", "0.37840", "1.53930"], ["-1.86600", "-1.25420", "-0.67840"], ["-2.36020", "1.63470", "0.24700"], ["-1.71740", "1.16070", "-1.34340"], ["-3.37540", "0.74540", "-0.87750"], ["-3.66900", "-0.97610", "0.67680"]], "bond_dist": [[0.0, 1.5204245229540336, 2.52093576673425, 3.8776666256912806, 5.08015962150797, 5.50864749825218, 6.237812700779016, 1.0947076550385495, 1.0944451425265678, 1.0946738920792802, 2.14586907801944, 2.146529242754452, 2.752328357954407, 2.7401768756779186, 4.14054327836336, 4.185090255896521, 5.2008232886726695, 5.720025343475324, 5.000949774792784, 6.530647536806745, 6.99940877860409], [1.5204245229540336, 0.0, 1.5293816953265789, 2.523919818456997, 3.9060785207161413, 4.5504733127445105, 4.904872726177511, 2.16861878162115, 2.1591787929673627, 2.1686636115359157, 1.0962519555284724, 1.0962347102696577, 2.159426641495376, 2.152601695623229, 2.71441710317335, 2.7789312621941553, 4.187688996331986, 4.697144705030919, 4.314447039888194, 5.600167718916997, 5.740241498404052], [2.52093576673425, 1.5293816953265789, 0.0, 1.5292065589710242, 2.5607629058544257, 3.131573796032915, 3.7736611678845784, 2.7823243107157727, 3.471649021718641, 2.7830056359986046, 2.163664091304378, 2.1631808639131402, 1.096604746478876, 1.0957789603747645, 2.159678091753491, 2.1657208799843066, 2.799406926475678, 3.4825571567456004, 2.8753965204820013, 4.141854861049575, 4.492377903738732], [3.8776666256912806, 2.523919818456997, 1.5292065589710242, 0.0, 1.5315361961116036, 2.553010517017116, 2.3874761967399802, 4.19949602095299, 4.677304551769105, 4.19858008736287, 2.7591030100378635, 2.756084920680058, 2.159925297319331, 2.165466381636991, 1.0980532682889295, 1.0979390921175909, 2.1640140249083415, 2.7933912812207313, 2.8712214212770144, 3.496053690949268, 3.2341052008244877], [5.08015962150797, 3.9060785207161413, 2.5607629058544257, 1.5315361961116036, 0.0, 1.5229630133394574, 1.427813639800377, 5.223081131860772, 5.9987964951313355, 5.260000078897337, 4.168277685087691, 4.212458537481408, 2.763965508106062, 2.8427961675083213, 2.1491581188921396, 2.1633157536522494, 1.0957750955374008, 2.170270105309475, 2.1807370520078755, 2.164543954277667, 1.9550920822303997], [5.50864749825218, 4.5504733127445105, 3.131573796032915, 2.553010517017116, 1.5229630133394574, 0.0, 2.3960604353813784, 5.727371394453132, 6.490536255965296, 5.379588081814442, 5.110804568754317, 4.718214171696745, 3.4398743421817026, 2.836451545505405, 3.4788784140869313, 2.790963835308512, 2.1575767286472107, 1.095539552001661, 1.0933474607827103, 1.0956255792924878, 2.5409886324027506], [6.237812700779016, 4.904872726177511, 3.7736611678845784, 2.3874761967399802, 1.427813639800377, 2.3960604353813784, 0.0, 6.4406265471613855, 7.0584712084133345, 6.498093215705666, 4.980311276416365, 5.05232216906246, 4.043365457140871, 4.144729754760858, 2.56347828740561, 2.6466377953924862, 2.044721186372362, 2.686517452018505, 3.359485273073838, 2.620698788491344, 0.9724360236025813], [1.0947076550385495, 2.16861878162115, 2.7823243107157727, 4.19949602095299, 5.223081131860772, 5.727371394453132, 6.4406265471613855, 0.0, 1.7720206432206143, 1.774656451260356, 2.5024346405051223, 3.0654002642395657, 2.561703390324493, 3.102154332073116, 4.377828768921873, 4.7452449905141885, 5.111378292593887, 6.129294293799246, 5.15250648713808, 6.664966098938539, 7.125459172572671], [1.0944451425265678, 2.1591787929673627, 3.471649021718641, 4.677304551769105, 5.9987964951313355, 6.490536255965296, 7.0584712084133345, 1.7720206432206143, 0.0, 1.7719519745184968, 2.4723778857609933, 2.473727563819427, 3.7548673611726953, 3.743713629539524, 4.796582913908608, 4.859736986710288, 6.16147834938986, 6.617287031707178, 6.03707620458778, 7.5358852976939605, 7.87484172412373], [1.0946738920792802, 2.1686636115359157, 2.7830056359986046, 4.19858008736287, 5.260000078897337, 5.379588081814442, 6.498093215705666, 1.774656451260356, 1.7719519745184968, 0.0, 3.06493406943771, 2.5027119011184644, 3.115544925049228, 2.5496131745815873, 4.703802360856587, 4.392298949297508, 5.457337567898837, 5.513639068709521, 4.731970103455854, 6.3919517347990045, 7.2055553054570325], [2.14586907801944, 1.0962519555284724, 2.163664091304378, 2.7591030100378635, 4.168277685087691, 5.110804568754317, 4.980311276416365, 2.5024346405051223, 2.4723778857609933, 3.06493406943771, 0.0, 1.7650619620851842, 2.507430336021322, 3.062394065106579, 2.4919570903207786, 3.1240330263939278, 4.335958609119787, 5.326286876427142, 5.018424036487949, 6.1047046734465376, 5.8457804825360995], [2.146529242754452, 1.0962347102696577, 2.1631808639131402, 2.756084920680058, 4.212458537481408, 4.718214171696745, 5.05232216906246, 3.0654002642395657, 2.473727563819427, 2.5027119011184644, 1.7650619620851842, 0.0, 3.0671977895140707, 2.503107157114933, 3.0242996065204917, 2.5580777353317474, 4.7351481782516585, 4.606950724720202, 4.5863837628353785, 5.8052577152095495, 5.940888191171418], [2.752328357954407, 2.159426641495376, 1.096604746478876, 2.159925297319331, 2.763965508106062, 3.4398743421817026, 4.043365457140871, 2.561703390324493, 3.7548673611726953, 3.115544925049228, 2.507430336021322, 3.0671977895140707, 0.0, 1.765776305198368, 2.5360787270903087, 3.069697499754658, 2.553390880770118, 4.068116991926363, 3.069818721032237, 4.2905293309800365, 4.628664941427496], [2.7401768756779186, 2.152601695623229, 1.0957789603747645, 2.165466381636991, 2.8427961675083213, 2.836451545505405, 4.144729754760858, 3.102154332073116, 3.743713629539524, 2.5496131745815873, 3.062394065106579, 2.503107157114933, 1.765776305198368, 0.0, 3.068099247090941, 2.5002456399322046, 3.1952909147681687, 3.0787049907388004, 2.3064430493727786, 3.8649820517047684, 4.761593080052096], [4.14054327836336, 2.71441710317335, 2.159678091753491, 1.0980532682889295, 2.1491581188921396, 3.4788784140869313, 2.56347828740561, 4.377828768921873, 4.796582913908608, 4.703802360856587, 2.4919570903207786, 3.0242996065204917, 2.5360787270903087, 3.068099247090941, 0.0, 1.7464730430212774, 2.501615909767125, 3.7585225089122454, 3.875752542410312, 4.29295838437784, 3.454552342923754], [4.185090255896521, 2.7789312621941553, 2.1657208799843066, 1.0979390921175909, 2.1633157536522494, 2.790963835308512, 2.6466377953924862, 4.7452449905141885, 4.859736986710288, 4.392298949297508, 3.1240330263939278, 2.5580777353317474, 3.069697499754658, 2.5002456399322046, 1.7464730430212774, 0.0, 3.0695784808341355, 2.582938059652225, 3.2217646313782757, 3.7664477163502483, 3.54370674576777], [5.2008232886726695, 4.187688996331986, 2.799406926475678, 2.1640140249083415, 1.0957750955374008, 2.1575767286472107, 2.044721186372362, 5.111378292593887, 6.16147834938986, 5.457337567898837, 4.335958609119787, 4.7351481782516585, 2.553390880770118, 3.1952909147681687, 2.501615909767125, 3.0695784808341355, 0.0, 3.073490200081985, 2.5091928921467956, 2.5132308548957454, 2.2726010758599933], [5.720025343475324, 4.697144705030919, 3.4825571567456004, 2.7933912812207313, 2.170270105309475, 1.095539552001661, 2.686517452018505, 6.129294293799246, 6.617287031707178, 5.513639068709521, 5.326286876427142, 4.606950724720202, 4.068116991926363, 3.0787049907388004, 3.7585225089122454, 2.582938059652225, 3.073490200081985, 0.0, 1.7796741274739034, 1.756697407068161, 2.9519420929279763], [5.000949774792784, 4.314447039888194, 2.8753965204820013, 2.8712214212770144, 2.1807370520078755, 1.0933474607827103, 3.359485273073838, 5.15250648713808, 6.03707620458778, 4.731970103455854, 5.018424036487949, 4.5863837628353785, 3.069818721032237, 2.3064430493727786, 3.875752542410312, 3.2217646313782757, 2.5091928921467956, 1.7796741274739034, 0.0, 1.7715814686319111, 3.5292867324715913], [6.530647536806745, 5.600167718916997, 4.141854861049575, 3.496053690949268, 2.164543954277667, 1.0956255792924878, 2.620698788491344, 6.664966098938539, 7.5358852976939605, 6.3919517347990045, 6.1047046734465376, 5.8052577152095495, 4.2905293309800365, 3.8649820517047684, 4.29295838437784, 3.7664477163502483, 2.5132308548957454, 1.756697407068161, 1.7715814686319111, 0.0, 2.3378647736770404], [6.99940877860409, 5.740241498404052, 4.492377903738732, 3.2341052008244877, 1.9550920822303997, 2.5409886324027506, 0.9724360236025813, 7.125459172572671, 7.87484172412373, 7.2055553054570325, 5.8457804825360995, 5.940888191171418, 4.628664941427496, 4.761593080052096, 3.454552342923754, 3.54370674576777, 2.2726010758599933, 2.9519420929279763, 3.5292867324715913, 2.3378647736770404, 0.0]]}