{"total energy": -58.9578797, "HOMO-LUMO gap/eV": 3.92933965, "electronic energy": -59.67280491, "dipole": [-1.2665199, 0.02363808, -0.91740106], "partial charges": [-0.09513619, -0.0573599, 0.00271703, -0.04210696, -0.03427722, -0.04349959, 0.00178172, -0.10910379, 0.04081745, -0.11237209, 0.04913572, -0.11089919, 0.07738861, -0.32659129, 0.0390146, 0.26330053, -0.41879948, 0.00664697, -0.17078708, 0.03547107, 0.03724094, 0.03867809, 0.04632217, 0.04002483, 0.04036599, 0.03852252, 0.04008738, 0.04728292, 0.05235377, 0.04615699, 0.06153097, 0.05660504, 0.03943978, 0.05795801, 0.05490161, 0.02853803, 0.05716921, 0.0318641, 0.03568636, 0.07139705, 0.08253329], "atomic dipole moments": [[-0.01065672, -0.04333619, -0.10056586], [-0.02871349, -0.04059158, 0.10400991], [0.06043519, 0.045929, -0.00365672], [0.01684454, -0.00301452, 0.0030671], [0.001168, 0.00013875, -0.00123962], [0.02307523, -0.00045928, 0.00568405], [0.05497434, -0.0538892, 0.02720072], [-0.04014322, 0.0678627, -0.00953916], [0.17500884, -0.00238124, 0.03626717], [0.01409634, -0.04125125, -0.04287936], [0.00495099, -0.02671894, 0.1513491], [-0.04676392, 0.11940205, 0.0342455], [-0.00266889, 0.0157848, -0.21238824], [0.10883598, 0.07136192, 0.25273103], [-0.17394544, -0.13416953, -0.01084121], [-0.0260661, 0.00618312, 0.00729591], [-0.1811252, 0.04625777, -0.03101622], [0.1320359, 0.0856806, 0.10737836], [0.08197585, -0.08824779, -0.10549129], [-0.11178569, 0.00955757, 0.06056863], [0.07776551, -0.06589752, 0.07668662], [0.04826721, 0.1163289, -0.00764593], [0.11075678, 0.00332121, -0.06241444], [-0.0603898, 0.0797418, -0.07205998], [-0.08130325, 0.12313132, -0.03552972], [-0.14803595, -0.00297551, -0.03042199], [-0.08332668, -0.12707301, 0.00361469], [0.13023913, -0.00605407, 0.0003086], [-0.0295631, -0.08842284, -0.09107935], [-0.0405946, -0.0405473, 0.11725912], [-0.06084321, 0.04134722, -0.10531684], [0.06708807, -0.06839438, 0.08944178], [-0.09288985, -0.07582412, -0.0369817], [0.07921976, 0.00847728, -0.10454681], [0.09680545, -0.05461831, 0.06134486], [-0.03286313, 0.09815889, 0.06116212], [0.04136528, 0.03957682, -0.112874], [-0.03601123, 0.09703296, 0.06243922], [0.08991051, -0.06297405, 0.05258638], [-0.11536493, 0.06743808, -0.0171807], [-0.02603167, -0.12834736, 0.04008584]], "atomic quadrupole moments": [[-0.12332666, 0.01515548, -0.06037162, 0.03137887, 0.12823854, 0.18369828], [-0.09823574, 0.11053888, 0.04636858, 0.03838012, 0.10838621, 0.05186716], [-0.24861757, 0.09106648, -0.1440098, -0.16812328, 0.10777769, 0.39262737], [-0.24090471, 0.00388373, -0.21051475, -0.14896935, 0.11825783, 0.45141946], [-0.2550977, -0.02660351, -0.22236002, -0.15767084, 0.12793703, 0.47745772], [-0.23193549, -0.05484591, -0.21875545, -0.1438206, 0.11315764, 0.45069093], [-0.2564726, -0.14145725, -0.14615818, -0.11114957, 0.05973104, 0.40263078], [-0.01945706, -0.08034191, 0.11743863, 0.03756232, -0.06498212, -0.09798157], [0.07999091, -0.0266632, -0.41738354, -0.07332408, 0.11448516, 0.33739263], [0.05199995, -0.01073987, 8.613e-05, -0.01972066, 0.00451759, -0.05208608], [0.03615343, 0.08446917, -0.00856733, -0.16813132, 0.06117094, -0.0275861], [-0.07313827, -0.09249257, 0.17945008, -0.03881501, 0.09693628, -0.10631181], [-0.0858677, 0.2579474, -0.14614085, -0.17481477, -0.13476162, 0.23200855], [-0.00106173, 0.12891304, -0.06624873, -0.0158943, -0.02381748, 0.06731046], [0.19848235, 0.36418345, 0.01594765, 0.05293388, 0.04079908, -0.21443], [-0.21467212, 0.16528527, 0.45867064, 3.304e-05, 0.13896788, -0.24399851], [-0.07553522, 0.04857913, 0.17742493, 0.02139824, 0.0386446, -0.10188971], [-0.04320004, 0.14344716, -0.2109325, 0.13101712, 0.24267692, 0.25413254], [-0.15799925, 0.16094565, -0.10141945, 0.2589038, 0.34154265, 0.25941869], [0.06636406, 0.00111122, -0.05008144, -0.03618561, 0.00658395, -0.01628262], [-0.00236359, -0.0534388, 0.00630549, 0.03450509, -0.03063734, -0.0039419], [-0.0353597, 0.04697742, 0.05799201, -0.00694308, -0.01425975, -0.0226323], [0.05362563, -0.02219293, -0.02303191, -0.02407171, 0.01501144, -0.03059372], [0.01034988, -0.0278829, 0.00586294, 0.04192148, -0.01479713, -0.01621282], [0.02660634, 0.01397924, 0.03605973, 0.01727849, -0.01579322, -0.06266607], [0.02422411, 0.00342744, 0.03814121, 0.01808583, -0.01804338, -0.06236532], [0.02584304, -0.00715562, 0.03550609, 0.02014667, -0.01901431, -0.06134913], [0.07903955, 0.02647415, -0.02789263, 0.00193736, -0.00381452, -0.05114692], [-0.01893314, 0.01371797, 0.00863128, 0.04409148, 0.05201825, 0.01030185], [-0.01793634, 0.00023209, -0.03240714, -0.04314282, -0.03248098, 0.05034349], [0.00774759, -0.02360199, -0.00477969, 0.01490953, -0.01024485, -0.0029679], [-0.01854233, -0.0231617, -0.02043249, 0.04887718, -0.02820465, 0.03897482], [0.04904171, 0.04873857, -0.001817, 0.02744745, 0.01661685, -0.04722471], [-0.00186442, 0.01457918, -0.02558405, -0.05935382, -0.02144406, 0.02744847], [0.00100605, -0.02240312, -0.00022407, 0.00926915, -0.02952035, -0.00078198], [-0.01837285, -0.02363292, 0.01677336, -0.03347118, 0.02191887, 0.00159949], [-0.02871334, 0.02182001, -0.03542713, -0.02600303, -0.02759209, 0.06414047], [-0.00981019, -0.01263501, 0.02843652, -0.017252, 0.05513226, -0.01862633], [0.02595513, -0.02449285, 0.00314277, 0.04506094, -0.0258558, -0.0290979], [0.01642907, -0.0350726, -0.01278288, 0.02997326, 0.00685786, -0.00364619], [-0.03484368, 0.01069128, 0.04113907, 0.00652592, -0.01445572, -0.00629539]], "number of molecular orbitals": 103, "number of electrons": 106, "number of unpaired electrons": 0, "orbital energies/eV": [-28.5821097, -19.12100206, -18.89905153, -18.29483181, -17.94874324, -17.83025567, -17.45649219, -17.43079845, -17.20745981, -16.95334073, -16.88479025, -16.57602587, -16.43945382, -16.29762689, -16.16102789, -15.88960667, -15.57664136, -15.50426804, -15.17298005, -15.09759896, -14.97562273, -14.86061824, -14.59298912, -14.36369155, -14.28854325, -14.21673039, -13.94341001, -13.88839961, -13.76623279, -13.72582693, -13.65493792, -13.59310874, -13.4126934, -13.33773402, -13.2371556, -13.20997426, -12.94129876, -12.76593538, -12.75078234, -12.5448083, -12.47604835, -12.40812156, -12.2067113, -12.13371001, -12.01145302, -11.79768683, -11.5177948, -11.36952658, -11.23107302, -11.00730691, -10.94209253, -10.80152536, -10.70307046, -6.77373081, -6.52416749, -6.29243896, -4.20124197, -3.29051662, -1.5692322, 0.28968712, 0.54099555, 0.71572262, 0.72267316, 0.80323434, 1.33615084, 1.44422723, 2.1075305, 2.41970538, 2.64687072, 2.90021987, 2.96533533, 3.10517195, 3.36843503, 3.42313225, 3.6533405, 3.80345606, 3.93140483, 4.00250408, 4.24504558, 4.29101009, 4.54224678, 4.57115867, 4.76519567, 5.11675602, 5.18674714, 5.35689434, 5.56562934, 5.72014534, 5.8495392, 5.9525462, 6.32355333, 6.53985147, 6.68360319, 6.75191719, 7.50429088, 8.09895304, 9.58773721, 10.26063619, 11.27448059, 11.50923709, 14.79888733, 15.86043514, 16.20968571], "fractional occupation": [2.0, 2.0, 2.0, 2.0, 2.0, 2.0, 2.0, 2.0, 2.0, 2.0, 2.0, 2.0, 2.0, 2.0, 2.0, 2.0, 2.0, 2.0, 2.0, 2.0, 2.0, 2.0, 2.0, 2.0, 2.0, 2.0, 2.0, 2.0, 2.0, 2.0, 2.0, 2.0, 2.0, 2.0, 2.0, 2.0, 2.0, 2.0, 2.0, 2.0, 2.0, 2.0, 2.0, 2.0, 2.0, 2.0, 2.0, 2.0, 2.0, 2.0, 2.0, 2.0, 2.0, 0.0, 0.0, 0.0, 0.0, 0.0, 0.0, 0.0, 0.0, 0.0, 0.0, 0.0, 0.0, 0.0, 0.0, 0.0, 0.0, 0.0, 0.0, 0.0, 0.0, 0.0, 0.0, 0.0, 0.0, 0.0, 0.0, 0.0, 0.0, 0.0, 0.0, 0.0, 0.0, 0.0, 0.0, 0.0, 0.0, 0.0, 0.0, 0.0, 0.0, 0.0, 0.0, 0.0, 0.0, 0.0, 0.0, 0.0, 0.0, 0.0, 0.0], "program call": "xtb /home/svss/Project-DBcg-Debug/aqme2_20220329/End-to-End-workflows-final/example-3/QDESCP/mol_481_rdkit_conf_3/mol_481_rdkit_conf_3.xyz --pop --wbo --acc 0.2 --gfn 2 --chrg 0 --uhf 0 --etemp 300 --input /home/svss/Project-DBcg-Debug/aqme2_20220329/End-to-End-workflows-final/example-3/QDESCP/mol_481_rdkit_conf_3/mol_481_rdkit_conf_3_xtb.inp", "method": "GFN2-xTB", "xtb version": "6.3.3 (7355c4f)", "Dipole module/D": 3.975, "Total charge": 0, "Transition dipole module/D": NaN, "HOMO": -10.7031, "LUMO": -6.7737, "HOMO occupancy": 2.0, "LUMO occupancy": 0, "mulliken charges": [-0.07909, -0.04011, -0.01009, -0.04252, -0.02588, -0.04384, -0.00795, -0.08924, 0.10291, -0.28822, 0.12704, -0.09536, 0.18631, -0.47566, 0.1723, 0.45785, -0.54246, 0.03035, -0.11668, 0.02925, 0.02967, 0.03513, 0.03876, 0.03177, 0.0355, 0.03506, 0.03517, 0.0448, 0.04365, 0.04007, 0.04028, 0.04884, 0.02734, 0.04699, 0.04011, 0.0196, 0.0327, 0.01502, 0.01933, 0.03561, 0.05569], "cm5 charges": [-0.2279, -0.1448, -0.01834, -0.09569, -0.08125, -0.09701, -0.01826, -0.23203, 0.15717, -0.52762, 0.1173, -0.2379, 0.10964, -0.58111, 0.04954, 0.54713, -0.58965, -0.05998, -0.12322, 0.08096, 0.08417, 0.08601, 0.09828, 0.08725, 0.09175, 0.09045, 0.09135, 0.10287, 0.09568, 0.09247, 0.11363, 0.10574, 0.08154, 0.10082, 0.10909, 0.08701, 0.09163, 0.07399, 0.0783, 0.09713, 0.11387], "FUKUI+": [0.011, 0.012, -0.044, -0.019, -0.046, -0.028, -0.03, 0.021, -0.038, -0.04, 0.009, 0.012, 0.006, -0.01, 0.008, -0.051, -0.119, 0.018, -0.098, -0.015, -0.001, -0.031, -0.027, -0.033, -0.057, -0.065, -0.059, -0.018, -0.039, -0.032, -0.018, -0.009, -0.008, -0.031, -0.009, -0.004, -0.018, -0.007, -0.01, -0.034, -0.049], "FUKUI-": [0.008, 0.007, -0.021, -0.017, -0.024, -0.018, -0.021, 0.017, -0.011, -0.041, 0.006, 0.011, 0.015, -0.081, 0.022, -0.007, -0.077, 0.018, -0.134, -0.017, -0.0, -0.024, -0.011, -0.029, -0.04, -0.044, -0.042, -0.013, -0.034, -0.033, -0.025, -0.017, -0.021, -0.029, -0.042, -0.038, -0.038, -0.042, -0.046, -0.031, -0.039], "FUKUIrad": [0.01, 0.01, -0.032, -0.018, -0.035, -0.023, -0.025, 0.019, -0.025, -0.04, 0.007, 0.012, 0.011, -0.045, 0.015, -0.029, -0.098, 0.018, -0.116, -0.016, -0.001, -0.028, -0.019, -0.031, -0.049, -0.054, -0.05, -0.016, -0.036, -0.032, -0.022, -0.013, -0.014, -0.03, -0.026, -0.021, -0.028, -0.024, -0.028, -0.032, -0.044], "s proportion": [1.008, 1.027, 1.097, 1.064, 1.06, 1.062, 1.094, 1.009, 1.053, 1.455, 1.041, 1.015, 1.005, 1.697, 0.971, 1.012, 1.733, 1.052, 1.949, 0.971, 0.97, 0.965, 0.961, 0.968, 0.964, 0.965, 0.965, 0.955, 0.956, 0.96, 0.96, 0.951, 0.973, 0.953, 0.96, 0.98, 0.967, 0.985, 0.981, 0.964, 0.944], "p proportion": [3.071, 3.013, 2.914, 2.979, 2.966, 2.982, 2.914, 3.08, 2.844, 3.833, 2.832, 3.08, 2.809, 4.779, 2.856, 2.53, 4.81, 2.918, 5.183, 0.0, 0.0, 0.0, 0.0, 0.0, 0.0, 0.0, 0.0, 0.0, 0.0, 0.0, 0.0, 0.0, 0.0, 0.0, 0.0, 0.0, 0.0, 0.0, 0.0, 0.0, 0.0], "d proportion": [0.0, 0.0, 0.0, 0.0, 0.0, 0.0, 0.0, 0.0, 0.0, 0.0, 0.0, 0.0, 0.0, 0.0, 0.0, 0.0, 0.0, 0.0, -0.015, 0.0, 0.0, 0.0, 0.0, 0.0, 0.0, 0.0, 0.0, 0.0, 0.0, 0.0, 0.0, 0.0, 0.0, 0.0, 0.0, 0.0, 0.0, 0.0, 0.0, 0.0, 0.0], "Fermi-level/eV": -8.7384, "Coordination numbers": [3.75, 3.804, 2.959, 2.915, 2.906, 2.917, 2.957, 3.755, 2.903, 2.73, 3.785, 3.749, 3.699, 1.696, 3.649, 2.782, 0.857, 3.713, 0.921, 0.924, 0.924, 0.924, 0.924, 0.924, 0.925, 0.925, 0.925, 0.924, 0.924, 0.924, 0.923, 0.924, 0.924, 0.924, 0.924, 0.924, 0.924, 0.924, 0.924, 0.925, 0.924], "Dispersion coefficient C6": [22.38, 21.603, 27.963, 29.046, 28.853, 29.08, 27.985, 22.641, 27.085, 23.452, 19.766, 22.686, 19.444, 19.466, 20.234, 22.563, 22.06, 20.595, 104.496, 2.51, 2.486, 2.467, 2.366, 2.449, 2.444, 2.469, 2.448, 2.354, 2.291, 2.369, 2.181, 2.239, 2.456, 2.223, 2.26, 2.607, 2.233, 2.56, 2.507, 2.07, 1.953], "Total dispersion C6": 17209.085383, "Total dispersion C8": 411069.766769, "Polarizability alpha": [6.747, 6.617, 8.674, 8.838, 8.808, 8.843, 8.677, 6.785, 8.533, 7.192, 6.333, 6.793, 6.306, 5.957, 6.462, 7.78, 6.297, 6.485, 15.639, 2.478, 2.466, 2.456, 2.406, 2.447, 2.445, 2.457, 2.447, 2.399, 2.367, 2.407, 2.31, 2.34, 2.451, 2.332, 2.351, 2.525, 2.337, 2.502, 2.476, 2.25, 2.186], "Total polarizability alpha": 200.597773, "Wiberg matrix": [[0.0, 1.0038349151845054, 0.0, 0.0, 0.0, 0.0, 0.0, 0.0, 0.0, 0.0, 0.0, 0.0, 0.0, 0.0, 0.0, 0.0, 0.0, 0.0, 0.0, 0.987628422704421, 0.986112071200304, 0.9851900965937126, 0.0, 0.0, 0.0, 0.0, 0.0, 0.0, 0.0, 0.0, 0.0, 0.0, 0.0, 0.0, 0.0, 0.0, 0.0, 0.0, 0.0, 0.0, 0.0], [1.0038349151845054, 0.0, 1.0110792517887277, 0.0, 0.0, 0.0, 0.0, 0.0, 0.0, 0.0, 0.0, 0.0, 0.0, 0.0, 0.0, 0.0, 0.0, 0.0, 0.0, 0.0, 0.0, 0.0, 0.9646008279430716, 0.9737466035178068, 0.0, 0.0, 0.0, 0.0, 0.0, 0.0, 0.0, 0.0, 0.0, 0.0, 0.0, 0.0, 0.0, 0.0, 0.0, 0.0, 0.0], [0.0, 1.0110792517887277, 0.0, 1.414098685053996, 0.0, 0.10739631032922163, 0.0, 0.0, 1.367219329473717, 0.0, 0.0, 0.0, 0.0, 0.0, 0.0, 0.0, 0.0, 0.0, 0.0, 0.0, 0.0, 0.0, 0.0, 0.0, 0.0, 0.0, 0.0, 0.0, 0.0, 0.0, 0.0, 0.0, 0.0, 0.0, 0.0, 0.0, 0.0, 0.0, 0.0, 0.0, 0.0], [0.0, 0.0, 1.414098685053996, 0.0, 1.4373958725909124, 0.0, 0.10511849926225628, 0.0, 0.0, 0.0, 0.0, 0.0, 0.0, 0.0, 0.0, 0.0, 0.0, 0.0, 0.0, 0.0, 0.0, 0.0, 0.0, 0.0, 0.9680532709981219, 0.0, 0.0, 0.0, 0.0, 0.0, 0.0, 0.0, 0.0, 0.0, 0.0, 0.0, 0.0, 0.0, 0.0, 0.0, 0.0], [0.0, 0.0, 0.0, 1.4373958725909124, 0.0, 1.4460616917878655, 0.0, 0.0, 0.0, 0.0, 0.0, 0.0, 0.0, 0.0, 0.0, 0.0, 0.0, 0.0, 0.0, 0.0, 0.0, 0.0, 0.0, 0.0, 0.0, 0.9699708434682022, 0.0, 0.0, 0.0, 0.0, 0.0, 0.0, 0.0, 0.0, 0.0, 0.0, 0.0, 0.0, 0.0, 0.0, 0.0], [0.0, 0.0, 0.10739631032922163, 0.0, 1.4460616917878655, 0.0, 1.405623474455418, 0.0, 0.0, 0.0, 0.0, 0.0, 0.0, 0.0, 0.0, 0.0, 0.0, 0.0, 0.0, 0.0, 0.0, 0.0, 0.0, 0.0, 0.0, 0.0, 0.9689787922394916, 0.0, 0.0, 0.0, 0.0, 0.0, 0.0, 0.0, 0.0, 0.0, 0.0, 0.0, 0.0, 0.0, 0.0], [0.0, 0.0, 0.0, 0.10511849926225628, 0.0, 1.405623474455418, 0.0, 1.0260815640927512, 1.3715452157240666, 0.0, 0.0, 0.0, 0.0, 0.0, 0.0, 0.0, 0.0, 0.0, 0.0, 0.0, 0.0, 0.0, 0.0, 0.0, 0.0, 0.0, 0.0, 0.0, 0.0, 0.0, 0.0, 0.0, 0.0, 0.0, 0.0, 0.0, 0.0, 0.0, 0.0, 0.0, 0.0], [0.0, 0.0, 0.0, 0.0, 0.0, 0.0, 1.0260815640927512, 0.0, 0.0, 0.0, 0.0, 0.0, 0.0, 0.0, 0.0, 0.0, 0.0, 0.0, 0.0, 0.0, 0.0, 0.0, 0.0, 0.0, 0.0, 0.0, 0.0, 0.9800219053746456, 0.9744214033065968, 0.9682972162207267, 0.0, 0.0, 0.0, 0.0, 0.0, 0.0, 0.0, 0.0, 0.0, 0.0, 0.0], [0.0, 0.0, 1.367219329473717, 0.0, 0.0, 0.0, 1.3715452157240666, 0.0, 0.0, 1.0019133052580065, 0.0, 0.0, 0.0, 0.0, 0.0, 0.0, 0.0, 0.0, 0.0, 0.0, 0.0, 0.0, 0.0, 0.0, 0.0, 0.0, 0.0, 0.0, 0.0, 0.0, 0.0, 0.0, 0.0, 0.0, 0.0, 0.0, 0.0, 0.0, 0.0, 0.0, 0.0], [0.0, 0.0, 0.0, 0.0, 0.0, 0.0, 0.0, 0.0, 1.0019133052580065, 0.0, 0.9515618467728557, 0.0, 0.0, 0.0, 0.0, 1.2077667670155798, 0.19322247574521687, 0.0, 0.0, 0.0, 0.0, 0.0, 0.0, 0.0, 0.0, 0.0, 0.0, 0.0, 0.0, 0.0, 0.0, 0.0, 0.0, 0.0, 0.0, 0.0, 0.0, 0.0, 0.0, 0.0, 0.0], [0.0, 0.0, 0.0, 0.0, 0.0, 0.0, 0.0, 0.0, 0.0, 0.9515618467728557, 0.0, 1.0005211378386432, 0.9843033431442496, 0.0, 0.0, 0.0, 0.0, 0.0, 0.0, 0.0, 0.0, 0.0, 0.0, 0.0, 0.0, 0.0, 0.0, 0.0, 0.0, 0.0, 0.9595015751495743, 0.0, 0.0, 0.0, 0.0, 0.0, 0.0, 0.0, 0.0, 0.0, 0.0], [0.0, 0.0, 0.0, 0.0, 0.0, 0.0, 0.0, 0.0, 0.0, 0.0, 1.0005211378386432, 0.0, 0.0, 0.0, 0.0, 0.0, 0.0, 0.0, 0.0, 0.0, 0.0, 0.0, 0.0, 0.0, 0.0, 0.0, 0.0, 0.0, 0.0, 0.0, 0.0, 0.9837980326815803, 0.9844266004978703, 0.9805152667457555, 0.0, 0.0, 0.0, 0.0, 0.0, 0.0, 0.0], [0.0, 0.0, 0.0, 0.0, 0.0, 0.0, 0.0, 0.0, 0.0, 0.0, 0.9843033431442496, 0.0, 0.0, 0.9765934918881405, 0.0, 0.0, 0.0, 0.0, 0.0, 0.0, 0.0, 0.0, 0.0, 0.0, 0.0, 0.0, 0.0, 0.0, 0.0, 0.0, 0.0, 0.0, 0.0, 0.0, 0.9666722840462416, 0.9672419452739027, 0.0, 0.0, 0.0, 0.0, 0.0], [0.0, 0.0, 0.0, 0.0, 0.0, 0.0, 0.0, 0.0, 0.0, 0.0, 0.0, 0.0, 0.9765934918881405, 0.0, 0.9934158895909124, 0.0, 0.0, 0.0, 0.0, 0.0, 0.0, 0.0, 0.0, 0.0, 0.0, 0.0, 0.0, 0.0, 0.0, 0.0, 0.0, 0.0, 0.0, 0.0, 0.0, 0.0, 0.0, 0.0, 0.0, 0.0, 0.0], [0.0, 0.0, 0.0, 0.0, 0.0, 0.0, 0.0, 0.0, 0.0, 0.0, 0.0, 0.0, 0.0, 0.9934158895909124, 0.0, 0.0, 0.0, 0.0, 0.0, 0.0, 0.0, 0.0, 0.0, 0.0, 0.0, 0.0, 0.0, 0.0, 0.0, 0.0, 0.0, 0.0, 0.0, 0.0, 0.0, 0.0, 0.980160526602426, 0.978723251172252, 0.9784424397408369, 0.0, 0.0], [0.0, 0.0, 0.0, 0.0, 0.0, 0.0, 0.0, 0.0, 0.0, 1.2077667670155798, 0.0, 0.0, 0.0, 0.0, 0.0, 0.0, 1.6970850910273547, 0.9695810348106515, 0.0, 0.0, 0.0, 0.0, 0.0, 0.0, 0.0, 0.0, 0.0, 0.0, 0.0, 0.0, 0.0, 0.0, 0.0, 0.0, 0.0, 0.0, 0.0, 0.0, 0.0, 0.0, 0.0], [0.0, 0.0, 0.0, 0.0, 0.0, 0.0, 0.0, 0.0, 0.0, 0.19322247574521687, 0.0, 0.0, 0.0, 0.0, 0.0, 1.6970850910273547, 0.0, 0.0, 0.0, 0.0, 0.0, 0.0, 0.0, 0.0, 0.0, 0.0, 0.0, 0.0, 0.0, 0.0, 0.0, 0.0, 0.0, 0.0, 0.0, 0.0, 0.0, 0.0, 0.0, 0.0, 0.0], [0.0, 0.0, 0.0, 0.0, 0.0, 0.0, 0.0, 0.0, 0.0, 0.0, 0.0, 0.0, 0.0, 0.0, 0.0, 0.9695810348106515, 0.0, 0.0, 0.958699483343689, 0.0, 0.0, 0.0, 0.0, 0.0, 0.0, 0.0, 0.0, 0.0, 0.0, 0.0, 0.0, 0.0, 0.0, 0.0, 0.0, 0.0, 0.0, 0.0, 0.0, 0.9738248760981999, 0.9604398872712347], [0.0, 0.0, 0.0, 0.0, 0.0, 0.0, 0.0, 0.0, 0.0, 0.0, 0.0, 0.0, 0.0, 0.0, 0.0, 0.0, 0.0, 0.958699483343689, 0.0, 0.0, 0.0, 0.0, 0.0, 0.0, 0.0, 0.0, 0.0, 0.0, 0.0, 0.0, 0.0, 0.0, 0.0, 0.0, 0.0, 0.0, 0.0, 0.0, 0.0, 0.0, 0.0], [0.987628422704421, 0.0, 0.0, 0.0, 0.0, 0.0, 0.0, 0.0, 0.0, 0.0, 0.0, 0.0, 0.0, 0.0, 0.0, 0.0, 0.0, 0.0, 0.0, 0.0, 0.0, 0.0, 0.0, 0.0, 0.0, 0.0, 0.0, 0.0, 0.0, 0.0, 0.0, 0.0, 0.0, 0.0, 0.0, 0.0, 0.0, 0.0, 0.0, 0.0, 0.0], [0.986112071200304, 0.0, 0.0, 0.0, 0.0, 0.0, 0.0, 0.0, 0.0, 0.0, 0.0, 0.0, 0.0, 0.0, 0.0, 0.0, 0.0, 0.0, 0.0, 0.0, 0.0, 0.0, 0.0, 0.0, 0.0, 0.0, 0.0, 0.0, 0.0, 0.0, 0.0, 0.0, 0.0, 0.0, 0.0, 0.0, 0.0, 0.0, 0.0, 0.0, 0.0], [0.9851900965937126, 0.0, 0.0, 0.0, 0.0, 0.0, 0.0, 0.0, 0.0, 0.0, 0.0, 0.0, 0.0, 0.0, 0.0, 0.0, 0.0, 0.0, 0.0, 0.0, 0.0, 0.0, 0.0, 0.0, 0.0, 0.0, 0.0, 0.0, 0.0, 0.0, 0.0, 0.0, 0.0, 0.0, 0.0, 0.0, 0.0, 0.0, 0.0, 0.0, 0.0], [0.0, 0.9646008279430716, 0.0, 0.0, 0.0, 0.0, 0.0, 0.0, 0.0, 0.0, 0.0, 0.0, 0.0, 0.0, 0.0, 0.0, 0.0, 0.0, 0.0, 0.0, 0.0, 0.0, 0.0, 0.0, 0.0, 0.0, 0.0, 0.0, 0.0, 0.0, 0.0, 0.0, 0.0, 0.0, 0.0, 0.0, 0.0, 0.0, 0.0, 0.0, 0.0], [0.0, 0.9737466035178068, 0.0, 0.0, 0.0, 0.0, 0.0, 0.0, 0.0, 0.0, 0.0, 0.0, 0.0, 0.0, 0.0, 0.0, 0.0, 0.0, 0.0, 0.0, 0.0, 0.0, 0.0, 0.0, 0.0, 0.0, 0.0, 0.0, 0.0, 0.0, 0.0, 0.0, 0.0, 0.0, 0.0, 0.0, 0.0, 0.0, 0.0, 0.0, 0.0], [0.0, 0.0, 0.0, 0.9680532709981219, 0.0, 0.0, 0.0, 0.0, 0.0, 0.0, 0.0, 0.0, 0.0, 0.0, 0.0, 0.0, 0.0, 0.0, 0.0, 0.0, 0.0, 0.0, 0.0, 0.0, 0.0, 0.0, 0.0, 0.0, 0.0, 0.0, 0.0, 0.0, 0.0, 0.0, 0.0, 0.0, 0.0, 0.0, 0.0, 0.0, 0.0], [0.0, 0.0, 0.0, 0.0, 0.9699708434682022, 0.0, 0.0, 0.0, 0.0, 0.0, 0.0, 0.0, 0.0, 0.0, 0.0, 0.0, 0.0, 0.0, 0.0, 0.0, 0.0, 0.0, 0.0, 0.0, 0.0, 0.0, 0.0, 0.0, 0.0, 0.0, 0.0, 0.0, 0.0, 0.0, 0.0, 0.0, 0.0, 0.0, 0.0, 0.0, 0.0], [0.0, 0.0, 0.0, 0.0, 0.0, 0.9689787922394916, 0.0, 0.0, 0.0, 0.0, 0.0, 0.0, 0.0, 0.0, 0.0, 0.0, 0.0, 0.0, 0.0, 0.0, 0.0, 0.0, 0.0, 0.0, 0.0, 0.0, 0.0, 0.0, 0.0, 0.0, 0.0, 0.0, 0.0, 0.0, 0.0, 0.0, 0.0, 0.0, 0.0, 0.0, 0.0], [0.0, 0.0, 0.0, 0.0, 0.0, 0.0, 0.0, 0.9800219053746456, 0.0, 0.0, 0.0, 0.0, 0.0, 0.0, 0.0, 0.0, 0.0, 0.0, 0.0, 0.0, 0.0, 0.0, 0.0, 0.0, 0.0, 0.0, 0.0, 0.0, 0.0, 0.0, 0.0, 0.0, 0.0, 0.0, 0.0, 0.0, 0.0, 0.0, 0.0, 0.0, 0.0], [0.0, 0.0, 0.0, 0.0, 0.0, 0.0, 0.0, 0.9744214033065968, 0.0, 0.0, 0.0, 0.0, 0.0, 0.0, 0.0, 0.0, 0.0, 0.0, 0.0, 0.0, 0.0, 0.0, 0.0, 0.0, 0.0, 0.0, 0.0, 0.0, 0.0, 0.0, 0.0, 0.0, 0.0, 0.0, 0.0, 0.0, 0.0, 0.0, 0.0, 0.0, 0.0], [0.0, 0.0, 0.0, 0.0, 0.0, 0.0, 0.0, 0.9682972162207267, 0.0, 0.0, 0.0, 0.0, 0.0, 0.0, 0.0, 0.0, 0.0, 0.0, 0.0, 0.0, 0.0, 0.0, 0.0, 0.0, 0.0, 0.0, 0.0, 0.0, 0.0, 0.0, 0.0, 0.0, 0.0, 0.0, 0.0, 0.0, 0.0, 0.0, 0.0, 0.0, 0.0], [0.0, 0.0, 0.0, 0.0, 0.0, 0.0, 0.0, 0.0, 0.0, 0.0, 0.9595015751495743, 0.0, 0.0, 0.0, 0.0, 0.0, 0.0, 0.0, 0.0, 0.0, 0.0, 0.0, 0.0, 0.0, 0.0, 0.0, 0.0, 0.0, 0.0, 0.0, 0.0, 0.0, 0.0, 0.0, 0.0, 0.0, 0.0, 0.0, 0.0, 0.0, 0.0], [0.0, 0.0, 0.0, 0.0, 0.0, 0.0, 0.0, 0.0, 0.0, 0.0, 0.0, 0.9837980326815803, 0.0, 0.0, 0.0, 0.0, 0.0, 0.0, 0.0, 0.0, 0.0, 0.0, 0.0, 0.0, 0.0, 0.0, 0.0, 0.0, 0.0, 0.0, 0.0, 0.0, 0.0, 0.0, 0.0, 0.0, 0.0, 0.0, 0.0, 0.0, 0.0], [0.0, 0.0, 0.0, 0.0, 0.0, 0.0, 0.0, 0.0, 0.0, 0.0, 0.0, 0.9844266004978703, 0.0, 0.0, 0.0, 0.0, 0.0, 0.0, 0.0, 0.0, 0.0, 0.0, 0.0, 0.0, 0.0, 0.0, 0.0, 0.0, 0.0, 0.0, 0.0, 0.0, 0.0, 0.0, 0.0, 0.0, 0.0, 0.0, 0.0, 0.0, 0.0], [0.0, 0.0, 0.0, 0.0, 0.0, 0.0, 0.0, 0.0, 0.0, 0.0, 0.0, 0.9805152667457555, 0.0, 0.0, 0.0, 0.0, 0.0, 0.0, 0.0, 0.0, 0.0, 0.0, 0.0, 0.0, 0.0, 0.0, 0.0, 0.0, 0.0, 0.0, 0.0, 0.0, 0.0, 0.0, 0.0, 0.0, 0.0, 0.0, 0.0, 0.0, 0.0], [0.0, 0.0, 0.0, 0.0, 0.0, 0.0, 0.0, 0.0, 0.0, 0.0, 0.0, 0.0, 0.9666722840462416, 0.0, 0.0, 0.0, 0.0, 0.0, 0.0, 0.0, 0.0, 0.0, 0.0, 0.0, 0.0, 0.0, 0.0, 0.0, 0.0, 0.0, 0.0, 0.0, 0.0, 0.0, 0.0, 0.0, 0.0, 0.0, 0.0, 0.0, 0.0], [0.0, 0.0, 0.0, 0.0, 0.0, 0.0, 0.0, 0.0, 0.0, 0.0, 0.0, 0.0, 0.9672419452739027, 0.0, 0.0, 0.0, 0.0, 0.0, 0.0, 0.0, 0.0, 0.0, 0.0, 0.0, 0.0, 0.0, 0.0, 0.0, 0.0, 0.0, 0.0, 0.0, 0.0, 0.0, 0.0, 0.0, 0.0, 0.0, 0.0, 0.0, 0.0], [0.0, 0.0, 0.0, 0.0, 0.0, 0.0, 0.0, 0.0, 0.0, 0.0, 0.0, 0.0, 0.0, 0.0, 0.980160526602426, 0.0, 0.0, 0.0, 0.0, 0.0, 0.0, 0.0, 0.0, 0.0, 0.0, 0.0, 0.0, 0.0, 0.0, 0.0, 0.0, 0.0, 0.0, 0.0, 0.0, 0.0, 0.0, 0.0, 0.0, 0.0, 0.0], [0.0, 0.0, 0.0, 0.0, 0.0, 0.0, 0.0, 0.0, 0.0, 0.0, 0.0, 0.0, 0.0, 0.0, 0.978723251172252, 0.0, 0.0, 0.0, 0.0, 0.0, 0.0, 0.0, 0.0, 0.0, 0.0, 0.0, 0.0, 0.0, 0.0, 0.0, 0.0, 0.0, 0.0, 0.0, 0.0, 0.0, 0.0, 0.0, 0.0, 0.0, 0.0], [0.0, 0.0, 0.0, 0.0, 0.0, 0.0, 0.0, 0.0, 0.0, 0.0, 0.0, 0.0, 0.0, 0.0, 0.9784424397408369, 0.0, 0.0, 0.0, 0.0, 0.0, 0.0, 0.0, 0.0, 0.0, 0.0, 0.0, 0.0, 0.0, 0.0, 0.0, 0.0, 0.0, 0.0, 0.0, 0.0, 0.0, 0.0, 0.0, 0.0, 0.0, 0.0], [0.0, 0.0, 0.0, 0.0, 0.0, 0.0, 0.0, 0.0, 0.0, 0.0, 0.0, 0.0, 0.0, 0.0, 0.0, 0.0, 0.0, 0.9738248760981999, 0.0, 0.0, 0.0, 0.0, 0.0, 0.0, 0.0, 0.0, 0.0, 0.0, 0.0, 0.0, 0.0, 0.0, 0.0, 0.0, 0.0, 0.0, 0.0, 0.0, 0.0, 0.0, 0.0], [0.0, 0.0, 0.0, 0.0, 0.0, 0.0, 0.0, 0.0, 0.0, 0.0, 0.0, 0.0, 0.0, 0.0, 0.0, 0.0, 0.0, 0.9604398872712347, 0.0, 0.0, 0.0, 0.0, 0.0, 0.0, 0.0, 0.0, 0.0, 0.0, 0.0, 0.0, 0.0, 0.0, 0.0, 0.0, 0.0, 0.0, 0.0, 0.0, 0.0, 0.0, 0.0]], "Born radii": [], "Atomic SASAs": [], "Solvent H bonds": [], "Total SASA": NaN, "Total FOD": 0.0, "FOD": [0.0, 0.0, 0.0, 0.0, 0.0, 0.0, 0.0, 0.0, 0.0, 0.0, 0.0, 0.0, 0.0, 0.0, 0.0, 0.0, 0.0, 0.0, 0.0, 0.0, 0.0, 0.0, 0.0, 0.0, 0.0, 0.0, 0.0, 0.0, 0.0, 0.0, 0.0, 0.0, 0.0, 0.0, 0.0, 0.0, 0.0, 0.0, 0.0, 0.0, 0.0], "FOD s proportion": [0.0, 0.0, 0.0, 0.0, 0.0, 0.0, 0.0, 0.0, 0.0, 0.0, 0.0, 0.0, 0.0, 0.0, 0.0, 0.0, 0.0, 0.0, 0.0, 0.0, 0.0, 0.0, 0.0, 0.0, 0.0, 0.0, 0.0, 0.0, 0.0, 0.0, 0.0, 0.0, 0.0, 0.0, 0.0, 0.0, 0.0, 0.0, 0.0, 0.0, 0.0], "FOD p proportion": [0.0, 0.0, 0.0, 0.0, 0.0, 0.0, 0.0, 0.0, 0.0, 0.0, 0.0, 0.0, 0.0, 0.0, 0.0, 0.0, 0.0, 0.0, 0.0, 0.0, 0.0, 0.0, 0.0, 0.0, 0.0, 0.0, 0.0, 0.0, 0.0, 0.0, 0.0, 0.0, 0.0, 0.0, 0.0, 0.0, 0.0, 0.0, 0.0, 0.0, 0.0], "FOD d proportion": [0.0, 0.0, 0.0, 0.0, 0.0, 0.0, 0.0, 0.0, 0.0, 0.0, 0.0, 0.0, 0.0, 0.0, 0.0, 0.0, 0.0, 0.0, 0.0, 0.0, 0.0, 0.0, 0.0, 0.0, 0.0, 0.0, 0.0, 0.0, 0.0, 0.0, 0.0, 0.0, 0.0, 0.0, 0.0, 0.0, 0.0, 0.0, 0.0, 0.0, 0.0], "coordinates": [["-0.99230", "2.70770", "1.01470"], ["-1.12430", "2.09990", "-0.37360"], ["-1.78110", "0.73480", "-0.34990"], ["-3.15910", "0.68180", "-0.62710"], ["-3.85830", "-0.51830", "-0.56500"], ["-3.19180", "-1.68970", "-0.22490"], ["-1.81420", "-1.68440", "0.05420"], ["-1.19420", "-3.01670", "0.38580"], ["-1.10480", "-0.45970", "0.00110"], ["0.28780", "-0.41330", "0.31090"], ["1.21050", "-0.29560", "-0.85150"], ["1.72600", "-1.65610", "-1.33740"], ["2.39110", "0.66510", "-0.58280"], ["2.90950", "1.13840", "-1.83300"], ["4.02260", "2.00180", "-1.63890"], ["0.78310", "-0.76020", "1.57410"], ["1.97530", "-1.02660", "1.75150"], ["-0.20310", "-0.76980", "2.74030"], ["0.51280", "0.07520", "4.13680"], ["-1.96500", "2.77640", "1.51300"], ["-0.32840", "2.11670", "1.65150"], ["-0.57450", "3.71720", "0.94520"], ["-0.14790", "2.05740", "-0.86100"], ["-1.71740", "2.77950", "-0.99930"], ["-3.70240", "1.58950", "-0.88490"], ["-4.92350", "-0.54000", "-0.78130"], ["-3.75400", "-2.62140", "-0.18650"], ["-0.10380", "-2.99590", "0.40510"], ["-1.48070", "-3.76050", "-0.36600"], ["-1.54410", "-3.35490", "1.36660"], ["0.63990", "0.12110", "-1.69230"], ["2.28410", "-2.18470", "-0.55860"], ["0.89560", "-2.29820", "-1.64730"], ["2.38700", "-1.53650", "-2.20230"], ["3.19370", "0.16410", "-0.03040"], ["2.05180", "1.52850", "0.00140"], ["4.37210", "2.33760", "-2.61890"], ["3.73010", "2.87820", "-1.05270"], ["4.83840", "1.46910", "-1.14090"], ["-1.13810", "-0.25480", "2.52210"], ["-0.40840", "-1.80250", "3.03210"]], "bond_dist": [[0.0, 1.521256628580464, 2.5252075182051867, 3.3903982494686375, 4.595267575451945, 5.070654313794226, 4.570407232402819, 5.76238094714329, 3.3275312124756993, 3.445958712753245, 4.165914205789648, 5.653696113163494, 4.262817914244051, 5.078990157501784, 5.717439092810697, 3.9358993800655018, 4.826439732349302, 3.961507068023481, 4.3523431241114245, 1.0950652354996941, 1.093415954703424, 1.0947498983786206, 2.1573483585179285, 2.14175658047314, 3.493349883707614, 5.406246824738951, 6.121207000257384, 5.804489415099315, 6.631928700611911, 6.097822202229251, 4.084412491411708, 6.094722931356273, 5.975738048140999, 6.30729665784003, 5.008465929803257, 3.4181624215358757, 6.489746553602844, 5.157933187818547, 6.3385963596051775, 3.3271487267629016, 4.975213162267523], [1.521256628580464, 0.0, 1.5150729157370613, 2.4931267316364, 3.7902982996065098, 4.3194601630296345, 3.870387750600707, 5.173119941582642, 2.5869542902803673, 2.962894007554101, 3.379067874429278, 4.812551976862172, 3.8026902108901792, 4.3961202269728705, 5.301055301541383, 3.9511874240536855, 4.888616616180901, 4.33360828179013, 5.2079952630546815, 2.1734047713207953, 2.175952448928974, 2.1580483706349125, 1.0921181117443297, 1.0977815174250294, 2.6774120825902012, 4.644266566423594, 5.4074950013846514, 5.254994917219236, 5.871232143255792, 5.741025267319419, 2.960915529021387, 5.478066512922236, 5.004557054325587, 5.375572187218771, 4.744494902515968, 3.248805037240616, 5.942077611408319, 4.963076370558889, 6.044869661125871, 3.732275582000879, 5.228769555067426], [2.5252075182051867, 1.5150729157370613, 0.0, 1.4066032987306694, 2.435423466257973, 2.807828296032363, 2.452941307899559, 3.8677459003921135, 1.4168320083905501, 2.4566516765711817, 3.2035913097647146, 4.357901957364346, 4.179276652723531, 4.936011236818652, 6.0786300833329205, 3.5372196199840347, 4.650693806304604, 3.781962612189602, 5.082078930910066, 2.7699000306870283, 2.832946674401055, 3.4681230269412304, 2.162830601318559, 2.1462935819686924, 2.1698227531298495, 3.418464386241284, 3.8965513483078853, 4.159505112390175, 4.505354754067653, 4.441642414693016, 2.835472879432988, 5.009280086000382, 4.248182982170142, 5.095414316814679, 5.017610365502686, 3.9299483189986097, 6.751236855569504, 5.954948936808779, 6.7069111921957045, 3.105018705257667, 4.445235717034587], [3.3903982494686375, 2.4931267316364, 1.4066032987306694, 0.0, 1.390315453413361, 2.4055864939760534, 2.80567783966727, 4.308793412313939, 2.4326541020046397, 3.7363361224600764, 4.483198666131137, 5.462097079876922, 5.550401915176955, 6.204078040289306, 7.3717673681417795, 4.739787577518639, 5.910874036891668, 4.710038356531717, 6.045292083927789, 3.2238566934651423, 3.906893709841618, 4.285549860869664, 3.318781404371189, 2.572426290489195, 1.088831952139539, 2.1516691753148294, 3.385138787405917, 4.891397777731841, 4.755967731177326, 4.783096442682292, 3.9851520083931553, 6.152230549971287, 5.134374365976833, 6.177486150530813, 6.401728830558196, 5.316520662049571, 7.964164383034795, 7.243368343526374, 8.05256716705921, 3.857346393571622, 5.208439461105408], [4.595267575451945, 3.7902982996065098, 2.435423466257973, 1.390315453413361, 0.0, 1.389988568298315, 2.433422006146899, 3.774049815516483, 2.8117015168755017, 4.238911537175551, 5.081772425050141, 5.7511387646274015, 6.360483689154465, 7.082061545199957, 8.343425557287606, 5.116332512650053, 6.29725575945586, 4.934444992093843, 6.447145158905607, 4.331018007351158, 4.931155164867558, 5.56807926757513, 4.526468231413979, 3.955698944560872, 2.1376299165196957, 1.0871557478116924, 2.1394322494531113, 4.601724244237153, 4.025474332299239, 4.139190713170873, 4.681179433647038, 6.364433021094652, 5.190277691029642, 6.5361498315139634, 7.1050806413439105, 6.280086083008736, 8.950651047828867, 8.328137733010903, 8.939463656170878, 4.122997295657614, 5.146854190668315], [5.070654313794226, 4.3194601630296345, 2.807828296032363, 2.4055864939760534, 1.389988568298315, 0.0, 1.4055983281151128, 2.4747301368027994, 2.433011508398594, 3.744849097093233, 4.660084512109196, 5.042176320796408, 6.069756820499484, 6.9144773417807945, 8.226429092261112, 4.46096416259983, 5.571784362302619, 4.30940306074983, 5.988602513107712, 4.946855957070107, 5.119435269636681, 6.119964126528848, 4.869364314774568, 4.7694128946863055, 3.3837058087251024, 2.151784361872722, 1.0888564138581356, 3.411568911805828, 2.689978635602893, 2.832080256631157, 4.484883977317585, 5.508344715066405, 4.370392747797387, 5.920860616498247, 6.651993305769332, 6.156570789814733, 8.897357163787458, 8.334486358498646, 8.677625566939382, 3.7178798662678707, 4.285800788650821], [4.570407232402819, 3.870387750600707, 2.452941307899559, 2.80567783966727, 2.433422006146899, 1.4055983281151128, 0.0, 1.506446763081922, 1.4163184881939512, 2.469816612625318, 3.4493286332270516, 3.803993623811691, 4.859060335085375, 5.817479296912023, 7.107945715183818, 3.1480484335537153, 4.204026448537165, 3.2630154121609665, 5.017842556318402, 4.695697468960281, 4.382616814187616, 5.613200481899787, 4.197048244897835, 4.5875522558331685, 3.8943072888512535, 3.416936947033117, 2.1676553070080122, 2.1837195836462153, 2.1442904420810165, 2.141475664115752, 3.5117943148766555, 4.173953380190057, 3.2580467660854717, 4.771136981894358, 5.338836185911682, 5.027073726334238, 7.84807334955529, 7.2651090053763125, 7.4585463074247915, 2.9311086264415382, 3.295164587695128], [5.76238094714329, 5.173119941582642, 3.8677459003921135, 4.308793412313939, 3.774049815516483, 2.4747301368027994, 1.506446763081922, 0.0, 2.58732206151457, 2.9966023376484245, 3.8363887433366295, 3.6535214027017826, 5.229551920575987, 6.247262051491037, 7.516631864073163, 3.227005489614172, 3.9838881447651118, 3.4021330176817015, 5.152057415246845, 5.951866941557078, 5.3575555704070865, 6.785452502228573, 5.3287657801783705, 5.9823218477444025, 5.396556695708848, 4.626428837667342, 2.6526148269207876, 1.0907691277259361, 1.0956842291463356, 1.0948871585693205, 4.186670665337793, 3.6990115233667495, 3.0028323130005115, 4.659854835721817, 5.43547398945115, 5.598492868620983, 8.28736666680074, 7.814592679724261, 7.67108058163907, 3.4921363819301217, 3.0157365551387274], [3.3275312124756993, 2.5869542902803673, 1.4168320083905501, 2.4326541020046397, 2.8117015168755017, 2.433011508398594, 1.4163184881939512, 2.58732206151457, 0.0, 1.4273975479872452, 2.472745369018007, 3.352071575906457, 3.7185253878385716, 4.693873763747807, 5.919359172241536, 2.4756404545086914, 3.5877976224976793, 2.9004209246245622, 4.472891934755411, 3.6739799754489684, 3.1566523533642403, 4.314978158693274, 2.8274841166662634, 3.4450682954043166, 3.425163120203182, 3.8988546446360366, 3.424383344487004, 2.7563612680488747, 3.342356034296765, 3.2310614014592787, 2.4997820484994286, 3.843635297475555, 3.177877431557108, 4.266982193541473, 4.343641437780057, 3.730557986414365, 6.684737908100811, 5.968947047846881, 6.3518548220185265, 2.529532348083337, 3.387483697377745], [3.445958712753245, 2.962894007554101, 2.4566516765711817, 3.7363361224600764, 4.238911537175551, 3.744849097093233, 2.469816612625318, 2.9966023376484245, 1.4273975479872452, 0.0, 1.4887586574055582, 2.515922091401083, 2.52695808038044, 3.725237038095697, 4.85624948803086, 1.4004770401545326, 2.301982080729561, 2.504008670112785, 3.8635175759921165, 4.085870573084762, 2.928789989056914, 4.2669577019229985, 2.7690327896216758, 3.9914186600756376, 4.621995404584474, 5.3260305500438125, 4.6324140153919755, 2.613818463474462, 3.8457162791864925, 3.6226193092843753, 2.1029427025004748, 2.8069737975264393, 2.785106118265514, 3.461848223131685, 2.982303012773853, 2.641604340169057, 5.729981268730291, 4.954069690668471, 5.134112713994503, 2.635852518636048, 3.133608226948608], [4.165914205789648, 3.379067874429278, 3.2035913097647146, 4.483198666131137, 5.081772425050141, 4.660084512109196, 3.4493286332270516, 3.8363887433366295, 2.472745369018007, 1.4887586574055582, 0.0, 1.5338837341858738, 1.5456262614228575, 2.4302878944684725, 3.715636140689774, 2.5064036546414465, 2.8097845184284154, 3.8889790228284857, 5.050486592398795, 5.01117196871151, 3.8016330043811433, 4.74519965122649, 2.7169743852307473, 4.248609567846874, 5.262252747635749, 6.139268311452106, 5.522484123109817, 3.255464350902955, 4.4140457292601765, 4.676227674098001, 1.098256750491432, 2.1925113865154726, 2.1778122990744633, 2.1791387518925913, 2.195133604134382, 2.1823301560488044, 4.478075430360681, 4.05732326047605, 4.044697375577066, 4.110810572137812, 4.469220712831265], [5.653696113163494, 4.812551976862172, 4.357901957364346, 5.462097079876922, 5.7511387646274015, 5.042176320796408, 3.803993623811691, 3.6535214027017826, 3.352071575906457, 2.515922091401083, 1.5338837341858738, 0.0, 2.529772442335476, 3.0749832292225596, 4.329608090809144, 3.1888131757755898, 3.162234012529749, 4.597237408487841, 5.868229679383723, 6.4339192884275445, 5.233364349058834, 6.274943497753585, 4.186709975625252, 5.625465538957643, 6.34083607815247, 6.765410310542887, 5.682145272694108, 2.8599892185111466, 3.9566453227450142, 4.570677351334264, 2.112819694152816, 1.0942682532176466, 1.0944837047667728, 1.09511514006519, 2.6787161719749255, 3.469900321334894, 4.959206302423806, 4.965616516606977, 4.4150335276190145, 5.00624117976751, 4.865144044116268], [4.262817914244051, 3.8026902108901792, 4.179276652723531, 5.550401915176955, 6.360483689154465, 6.069756820499484, 4.859060335085375, 5.229551920575987, 3.7185253878385716, 2.52695808038044, 1.5456262614228575, 2.529772442335476, 0.0, 1.4337892069617486, 2.35879340977543, 3.0445626451101315, 2.9126783241545913, 4.453291508536131, 5.113767403783633, 5.274995027485808, 3.8072193658889684, 4.521601681926438, 2.9090231229744457, 4.6393891688453985, 6.170617636833447, 7.415864172164968, 6.979999280085922, 4.539096101648433, 5.884196872981052, 5.953684523049572, 2.1432749916891205, 2.8519107068770584, 3.485803693554759, 2.733100733599111, 1.0955882073114884, 1.0962999999999998, 3.296561915086686, 2.628980528646038, 2.6357482618793475, 4.789767495401002, 5.195551175765666], [5.078990157501784, 4.3961202269728705, 4.936011236818652, 6.204078040289306, 7.082061545199957, 6.9144773417807945, 5.817479296912023, 6.247262051491037, 4.693873763747807, 3.725237038095697, 2.4302878944684725, 3.0749832292225596, 1.4337892069617486, 0.0, 1.4220147608235292, 4.442363034467129, 4.290523847970083, 5.851886780347002, 6.520205301215599, 6.135104746457064, 4.856213293297566, 5.1484813955184885, 3.3372203643151885, 4.979605256443526, 6.694744687439544, 8.079541351462966, 7.82619259538123, 5.584040203114587, 6.739819452329566, 7.08955132642398, 2.4911402891045697, 3.613615105403452, 3.9875427596453434, 2.7503597491964573, 2.068670319311417, 2.062244083516789, 2.048149948123916, 2.0758507870268517, 2.0758179375850863, 6.106633115719332, 6.582290728158396], [5.717439092810697, 5.301055301541383, 6.0786300833329205, 7.3717673681417795, 8.343425557287606, 8.226429092261112, 7.107945715183818, 7.516631864073163, 5.919359172241536, 4.85624948803086, 3.715636140689774, 4.329608090809144, 2.35879340977543, 1.4220147608235292, 0.0, 5.333514155788845, 4.985725224077235, 6.68697986313702, 7.027744594818454, 6.810714538871821, 5.456293171192325, 5.545583682535139, 4.242792714710442, 5.8276500795775315, 7.772652847644747, 9.339642938035693, 9.16291174027121, 6.795742656251781, 8.069119319355737, 8.289476101057293, 3.8707290450249805, 4.6600657280772335, 5.316784701302094, 3.9385497089664865, 2.579048031735741, 2.607422025679771, 1.0933032013124264, 1.0941954350114975, 1.094213384125784, 7.002784378374076, 7.478281921002978], [3.9358993800655018, 3.9511874240536855, 3.5372196199840347, 4.739787577518639, 5.116332512650053, 4.46096416259983, 3.1480484335537153, 3.227005489614172, 2.4756404545086914, 1.4004770401545326, 2.5064036546414465, 3.1888131757755898, 3.0445626451101315, 4.442363034467129, 5.333514155788845, 0.0, 1.2344150679572898, 1.5273195605373486, 2.708945650986745, 4.479210463909906, 3.08512181607145, 4.720773636809967, 3.8386641908351398, 5.040274188970279, 5.629163467159219, 6.177514124629744, 5.210475430323033, 2.674230188297185, 4.229725586843667, 3.491616270439809, 3.3862316651404702, 2.9716343213793985, 3.5714868346390416, 4.175683639836715, 3.039694573472802, 3.0530530080560343, 6.329181214027608, 5.368690883260089, 5.36530162991793, 2.201168462430806, 2.1521676375226906], [4.826439732349302, 4.888616616180901, 4.650693806304604, 5.910874036891668, 6.29725575945586, 5.571784362302619, 4.204026448537165, 3.9838881447651118, 3.5877976224976793, 2.301982080729561, 2.8097845184284154, 3.162234012529749, 2.9126783241545913, 4.290523847970083, 4.985725224077235, 1.2344150679572898, 0.0, 2.4060544964734274, 3.0070792440506118, 5.481391733857379, 3.8983802508221284, 5.445662326108735, 4.565543832885629, 5.9740548323563285, 6.784604738671222, 7.365140653103645, 6.254926820515169, 3.1644260553850834, 4.888962206849221, 4.237370087684106, 3.867850422392262, 2.602520904815176, 3.786100908586563, 4.007746167111884, 2.46524494929003, 3.0979409726461866, 6.013558683508459, 5.117648260675992, 4.774079791959912, 3.2989027206027157, 2.8149569907904453], [3.961507068023481, 4.33360828179013, 3.781962612189602, 4.710038356531717, 4.934444992093843, 4.30940306074983, 3.2630154121609665, 3.4021330176817015, 2.9004209246245622, 2.504008670112785, 3.8889790228284857, 4.597237408487841, 4.453291508536131, 5.851886780347002, 6.68697986313702, 1.5273195605373486, 2.4060544964734274, 0.0, 1.782343979146562, 4.1456110936748525, 3.0875666438151583, 4.847008455738447, 4.578806456927395, 5.373568938796636, 5.563584457883245, 5.893780684755753, 4.960188666774682, 3.2277764389746695, 4.497293401591673, 3.219949487181437, 4.599162376998664, 4.367018097054327, 4.77432529369334, 5.632560843879097, 4.481874377980713, 4.227094759997699, 7.701260574737099, 6.56999354946411, 6.744857959957348, 1.0895234003911984, 1.0925953596826228], [4.3523431241114245, 5.2079952630546815, 5.082078930910066, 6.045292083927789, 6.447145158905607, 5.988602513107712, 5.017842556318402, 5.152057415246845, 4.472891934755411, 3.8635175759921165, 5.050486592398795, 5.868229679383723, 5.113767403783633, 6.520205301215599, 7.027744594818454, 2.708945650986745, 3.0070792440506118, 1.782343979146562, 0.0, 4.507804423441638, 3.324463231861649, 4.963133672388847, 5.416977586256011, 6.218243621795466, 6.728929069324479, 7.356598149960347, 6.64591278079994, 4.872107927786494, 6.241942372370959, 4.865226784025592, 5.830666173774658, 5.503765334750383, 6.26381482884033, 6.803998187830447, 4.955873672724114, 4.645657655273363, 8.102600369017344, 6.71853693448209, 6.964760574492134, 2.3327294956766846, 2.3653179109794102], [1.0950652354996941, 2.1734047713207953, 2.7699000306870283, 3.2238566934651423, 4.331018007351158, 4.946855957070107, 4.695697468960281, 5.951866941557078, 3.6739799754489684, 4.085870573084762, 5.01117196871151, 6.4339192884275445, 5.274995027485808, 6.135104746457064, 6.810714538871821, 4.479210463909906, 5.481391733857379, 4.1456110936748525, 4.507804423441638, 0.0, 1.7699847174481482, 1.7722843253834863, 3.074847867781429, 2.5244735411566506, 3.190174725622407, 5.001504143755156, 5.935070858043736, 6.165302518125124, 6.818815813614561, 6.147473420845348, 4.910200626247364, 6.852655731904237, 6.627374563882745, 7.165505181074116, 5.984845907790777, 4.46954932963045, 7.5778611401898885, 6.247186866102214, 7.418791684634365, 3.300033311953078, 5.069220214194685], [1.093415954703424, 2.175952448928974, 2.832946674401055, 3.906893709841618, 4.931155164867558, 5.119435269636681, 4.382616814187616, 5.3575555704070865, 3.1566523533642403, 2.928789989056914, 3.8016330043811433, 5.233364349058834, 3.8072193658889684, 4.856213293297566, 5.456293171192325, 3.08512181607145, 3.8983802508221284, 3.0875666438151583, 3.324463231861649, 1.7699847174481482, 0.0, 1.7666423378827987, 2.5