{"total energy": -42.93403233, "HOMO-LUMO gap/eV": 4.78408042, "electronic energy": -43.46269609, "dipole": [-0.3474003, -0.12256209, 0.81435008], "partial charges": [-0.10022425, -0.05245107, -0.05818669, -0.05780445, -0.05935179, -0.05970698, -0.0577262, -0.08820783, 0.34947719, -0.40611519, -0.27594114, 0.08519323, -0.11339141, 0.03212422, 0.03119027, 0.03125416, 0.03137592, 0.02902755, 0.03050652, 0.02940309, 0.02792441, 0.0289894, 0.03308917, 0.03439502, 0.03071491, 0.03042835, 0.04668712, 0.04685146, 0.0688843, 0.06887674, 0.05097098, 0.05096798, 0.0505363, 0.05512771, 0.05511101], "atomic dipole moments": [[-0.0934326, 0.0082129, 0.03404436], [0.06009733, -0.09561078, 0.00662879], [-0.06012688, 0.09361543, 0.00197311], [0.01357254, 0.01326754, -0.10911781], [-0.02379621, -0.01904027, 0.11097155], [0.00650148, 0.02127352, -0.11211586], [-0.04956304, -0.01944578, 0.12474366], [-0.0051341, 0.01908207, -0.0973903], [-0.15420505, 0.00652789, 0.0378184], [-0.01953819, -0.0312614, 0.1722894], [-0.0038303, 0.04303088, -0.22286618], [0.15380507, -0.04968605, 0.18787338], [0.10709606, 0.00737925, -0.08849718], [0.00831279, -0.08779658, -0.09008553], [0.08020397, -0.02986961, 0.09209381], [0.03773428, 0.10822273, -0.04897966], [-0.06954406, 0.03707568, -0.09563107], [-0.00164275, 0.09211759, 0.08251996], [0.00084175, -0.09120085, -0.08478108], [0.07604436, -0.03961428, 0.08632086], [-0.02110013, -0.1040119, 0.05881827], [0.00121591, 0.08561317, 0.08990308], [0.00234192, -0.08422648, -0.09203951], [0.0173862, 0.11095797, -0.054541], [-0.00210524, 0.08329644, 0.09140815], [-0.01933717, -0.10919754, 0.05431442], [0.02051017, 0.11136237, -0.05780193], [0.00314028, -0.08418168, -0.09527837], [-0.0001692, 0.09475269, 0.09269226], [-0.01934275, -0.12064834, 0.05144355], [-0.00854381, -0.09140259, -0.08855103], [0.01009685, 0.11752329, -0.04852961], [-0.10652277, 0.02276083, -0.0691752], [-0.01122819, -0.11314866, 0.05926338], [0.00629455, 0.0836864, 0.09692873]], "atomic quadrupole moments": [[0.18903964, -0.02717421, -0.10634759, -0.11589222, 0.00156013, -0.08269205], [0.12046624, 0.04318377, 0.02649947, -0.15070936, -0.09776326, -0.14696571], [0.09426318, 0.05169892, 0.02014758, -0.16486388, -0.10056135, -0.11441076], [0.21303706, -0.06499892, -0.20578376, 0.02216041, -0.03824263, -0.00725329], [0.22239733, -0.040555, -0.23240525, 0.01460109, -0.05036789, 0.01000792], [0.22136965, -0.04842029, -0.22933351, 0.03555868, -0.05324108, 0.00796386], [0.25394333, -0.04722477, -0.24747979, 0.00764187, -0.04980226, -0.00646355], [0.22139459, -0.04743218, -0.25372202, 0.01956345, -0.05951893, 0.03232742], [-0.08599352, 0.06650179, 0.4414513, -0.08413201, 0.16737788, -0.35545778], [-0.10764321, 0.02863923, 0.19728136, -0.00138302, 0.05766303, -0.08963815], [0.065388, -0.02254312, -0.07497624, 0.04949674, -0.02179561, 0.00958824], [0.3644555, -0.10407939, -0.37510143, 0.18627312, -0.09577723, 0.01064592], [0.15211127, 0.01017199, -0.14365034, -0.19097098, -0.00899749, -0.00846093], [-0.02755824, 0.00409975, 0.01651845, 0.00184404, 0.06647798, 0.01103979], [0.00358235, -0.02152912, -0.04422237, 0.04651287, -0.02458543, 0.04064002], [-0.02354989, 0.02233022, 0.05693597, -0.01913275, -0.04448061, -0.03338608], [0.01206441, -0.00128268, -0.03290628, 0.03769816, -0.01601456, 0.02084187], [-0.02621141, 0.00827938, 0.00518281, -0.0072156, 0.04407929, 0.0210286], [-0.0309626, 0.01585348, 0.00470692, -0.00103179, 0.04126749, 0.02625569], [0.01659814, -0.00106497, -0.03512662, 0.0378703, -0.02340413, 0.01852848], [-0.00726744, 0.01672581, 0.03922535, -0.00387907, -0.03613376, -0.0319579], [-0.01902482, -0.00352102, 0.02507056, 0.00818908, 0.04689247, -0.00604574], [-0.02065084, -0.00215619, 0.01884754, 0.00191875, 0.04651319, 0.0018033], [-0.01613048, 0.01401638, 0.04333589, -0.00302144, -0.02778504, -0.02720541], [-0.02127027, -0.00189901, 0.01926575, 0.00171693, 0.04617422, 0.00200452], [-0.01862976, 0.01203824, 0.04614779, -0.00293535, -0.02795631, -0.02751803], [-0.01610916, 0.00964166, 0.0452716, -0.00084945, -0.02525228, -0.02916243], [-0.01782961, -0.00102659, 0.01946085, 0.00371561, 0.04406956, -0.00163124], [-0.00809691, 0.00382277, 0.00142044, -0.01024356, 0.05579707, 0.00667647], [-0.00779598, 0.00711455, 0.03919746, -0.01876249, -0.0398895, -0.03140148], [-0.00163687, -0.00529848, 0.00322407, 0.00697599, 0.03532855, -0.0015872], [0.00022655, 0.00614476, 0.02535717, 0.00341713, -0.02518634, -0.02558372], [0.0402802, -0.01888804, -0.04763904, 0.05558056, -0.01639086, 0.00735884], [-0.04195756, -0.00130423, 0.06693154, -0.01272813, -0.03817356, -0.02497399], [-0.03794509, 0.01932881, 0.02379067, 0.00068902, 0.05980223, 0.01415443]], "number of molecular orbitals": 74, "number of electrons": 78, "number of unpaired electrons": 0, "orbital energies/eV": [-20.03588171, -19.29762108, -18.30045962, -17.3163226, -16.97267119, -16.79868512, -16.59180738, -16.42546986, -16.24679254, -15.84156452, -15.82402399, -15.35748518, -15.31103619, -15.11153806, -14.96817335, -14.80645967, -14.45909151, -14.08466578, -13.89275178, -13.6848503, -13.55680425, -13.41908855, -13.33527528, -13.16343415, -13.01559281, -12.84411651, -12.74293101, -12.67143282, -12.59831844, -12.3234632, -12.11345948, -12.04095753, -11.91641578, -11.79255673, -11.63525584, -11.55987251, -11.42362395, -11.29769997, -11.19340892, -6.40932849, -0.08804322, 1.60149595, 2.30098476, 2.67177982, 2.79036416, 2.81388083, 3.24841356, 3.32582456, 3.42862876, 3.51013908, 3.7851614, 3.79431762, 3.93597641, 4.00215517, 4.33507476, 4.46539631, 4.69542078, 4.73297507, 4.8111561, 5.2076322, 5.47312152, 5.82604667, 6.08200012, 6.33742075, 6.39799129, 6.5959798, 6.89556087, 6.96834594, 7.09563499, 7.35194957, 7.66361392, 8.27589922, 8.42765352, 16.20668108], "fractional occupation": [2.0, 2.0, 2.0, 2.0, 2.0, 2.0, 2.0, 2.0, 2.0, 2.0, 2.0, 2.0, 2.0, 2.0, 2.0, 2.0, 2.0, 2.0, 2.0, 2.0, 2.0, 2.0, 2.0, 2.0, 2.0, 2.0, 2.0, 2.0, 2.0, 2.0, 2.0, 2.0, 2.0, 2.0, 2.0, 2.0, 2.0, 2.0, 2.0, 0.0, 0.0, 0.0, 0.0, 0.0, 0.0, 0.0, 0.0, 0.0, 0.0, 0.0, 0.0, 0.0, 0.0, 0.0, 0.0, 0.0, 0.0, 0.0, 0.0, 0.0, 0.0, 0.0, 0.0, 0.0, 0.0, 0.0, 0.0, 0.0, 0.0, 0.0, 0.0, 0.0, 0.0, 0.0], "program call": "xtb /home/svss/Project-DBcg-Debug/aqme2_20220329/End-to-End-workflows-final/example-3/QDESCP/mol_191_rdkit_conf_13/mol_191_rdkit_conf_13.xyz --pop --wbo --acc 0.2 --gfn 2 --chrg 0 --uhf 0 --etemp 300 --input /home/svss/Project-DBcg-Debug/aqme2_20220329/End-to-End-workflows-final/example-3/QDESCP/mol_191_rdkit_conf_13/mol_191_rdkit_conf_13_xtb.inp", "method": "GFN2-xTB", "xtb version": "6.3.3 (7355c4f)", "Dipole module/D": 2.272, "Total charge": 0, "Transition dipole module/D": NaN, "HOMO": -11.1934, "LUMO": -6.4093, "HOMO occupancy": 2.0, "LUMO occupancy": 0, "mulliken charges": [-0.08327, -0.04007, -0.04677, -0.04587, -0.04608, -0.04778, -0.04065, -0.07782, 0.57404, -0.52835, -0.42499, 0.2062, -0.09543, 0.02696, 0.02622, 0.0284, 0.0231, 0.02209, 0.02352, 0.02418, 0.02356, 0.02274, 0.02541, 0.02541, 0.02259, 0.02242, 0.03718, 0.03721, 0.05494, 0.05495, 0.03878, 0.03878, 0.03435, 0.04203, 0.04202], "cm5 charges": [-0.2337, -0.15274, -0.15727, -0.15643, -0.15695, -0.15844, -0.14895, -0.17654, 0.62321, -0.57799, -0.50824, 0.12383, -0.24213, 0.07826, 0.0775, 0.07918, 0.0784, 0.0769, 0.07871, 0.07909, 0.07848, 0.07795, 0.08089, 0.08139, 0.07797, 0.0778, 0.0945, 0.09452, 0.11378, 0.11379, 0.10358, 0.10358, 0.08554, 0.09527, 0.09525], "FUKUI+": [0.004, 0.001, 0.004, 0.003, 0.004, 0.006, 0.015, 0.029, -0.188, -0.281, -0.122, 0.027, 0.017, -0.004, -0.007, -0.007, 0.005, -0.003, -0.005, -0.013, -0.007, -0.008, -0.01, -0.01, -0.017, -0.017, -0.023, -0.023, -0.097, -0.097, -0.039, -0.039, -0.044, -0.028, -0.028], "FUKUI-": [0.016, 0.003, 0.008, 0.007, 0.001, 0.004, 0.005, -0.004, -0.01, -0.085, -0.046, 0.009, 0.009, -0.042, -0.057, -0.044, -0.07, -0.052, -0.044, -0.069, -0.05, -0.033, -0.035, -0.045, -0.033, -0.04, -0.026, -0.025, -0.033, -0.034, -0.039, -0.039, -0.036, -0.036, -0.036], "FUKUIrad": [0.01, 0.002, 0.006, 0.005, 0.002, 0.005, 0.01, 0.013, -0.099, -0.183, -0.084, 0.018, 0.013, -0.023, -0.032, -0.025, -0.033, -0.027, -0.024, -0.041, -0.028, -0.02, -0.022, -0.027, -0.025, -0.029, -0.024, -0.024, -0.065, -0.065, -0.039, -0.039, -0.04, -0.032, -0.032], "s proportion": [1.008, 1.027, 1.032, 1.032, 1.032, 1.033, 1.031, 1.039, 0.991, 1.731, 1.7, 0.994, 1.011, 0.973, 0.974, 0.972, 0.977, 0.978, 0.976, 0.976, 0.976, 0.977, 0.975, 0.975, 0.977, 0.978, 0.963, 0.963, 0.945, 0.945, 0.961, 0.961, 0.966, 0.958, 0.958], "p proportion": [3.076, 3.013, 3.015, 3.014, 3.014, 3.015, 3.01, 3.039, 2.435, 4.797, 4.725, 2.8, 3.085, 0.0, 0.0, 0.0, 0.0, 0.0, 0.0, 0.0, 0.0, 0.0, 0.0, 0.0, 0.0, 0.0, 0.0, 0.0, 0.0, 0.0, 0.0, 0.0, 0.0, 0.0, 0.0], "d proportion": [0.0, 0.0, 0.0, 0.0, 0.0, 0.0, 0.0, 0.0, 0.0, 0.0, 0.0, 0.0, 0.0, 0.0, 0.0, 0.0, 0.0, 0.0, 0.0, 0.0, 0.0, 0.0, 0.0, 0.0, 0.0, 0.0, 0.0, 0.0, 0.0, 0.0, 0.0, 0.0, 0.0, 0.0, 0.0], "Fermi-level/eV": -8.8014, "Coordination numbers": [3.75, 3.799, 3.801, 3.801, 3.801, 3.802, 3.802, 3.803, 2.72, 0.856, 1.703, 3.703, 3.748, 0.924, 0.924, 0.924, 0.924, 0.924, 0.924, 0.924, 0.924, 0.924, 0.924, 0.924, 0.924, 0.924, 0.924, 0.924, 0.924, 0.924, 0.924, 0.924, 0.924, 0.924, 0.924], "Dispersion coefficient C6": [22.477, 21.517, 21.621, 21.614, 21.643, 21.648, 21.611, 22.18, 21.065, 21.804, 18.578, 19.31, 22.736, 2.557, 2.57, 2.569, 2.567, 2.6, 2.579, 2.595, 2.616, 2.601, 2.543, 2.525, 2.576, 2.581, 2.362, 2.36, 2.098, 2.098, 2.308, 2.308, 2.313, 2.257, 2.257], "Total dispersion C6": 8886.342172, "Total dispersion C8": 188246.150075, "Polarizability alpha": [6.761, 6.605, 6.62, 6.619, 6.624, 6.624, 6.619, 6.705, 7.513, 6.26, 5.819, 6.283, 6.801, 2.5, 2.507, 2.506, 2.506, 2.522, 2.512, 2.519, 2.53, 2.522, 2.494, 2.485, 2.51, 2.512, 2.403, 2.402, 2.265, 2.265, 2.376, 2.376, 2.379, 2.349, 2.35], "Total polarizability alpha": 139.643861, "Wiberg matrix": [[0.0, 1.0198087118946992, 0.0, 0.0, 0.0, 0.0, 0.0, 0.0, 0.0, 0.0, 0.0, 0.0, 0.0, 0.9878179864840959, 0.9876708317702358, 0.9874817688905962, 0.0, 0.0, 0.0, 0.0, 0.0, 0.0, 0.0, 0.0, 0.0, 0.0, 0.0, 0.0, 0.0, 0.0, 0.0, 0.0, 0.0, 0.0, 0.0], [1.0198087118946992, 0.0, 1.0088348140046932, 0.0, 0.0, 0.0, 0.0, 0.0, 0.0, 0.0, 0.0, 0.0, 0.0, 0.0, 0.0, 0.0, 0.9762730356620681, 0.9779596942299065, 0.0, 0.0, 0.0, 0.0, 0.0, 0.0, 0.0, 0.0, 0.0, 0.0, 0.0, 0.0, 0.0, 0.0, 0.0, 0.0, 0.0], [0.0, 1.0088348140046932, 0.0, 1.0063674250071504, 0.0, 0.0, 0.0, 0.0, 0.0, 0.0, 0.0, 0.0, 0.0, 0.0, 0.0, 0.0, 0.0, 0.0, 0.9771418450665228, 0.9767815332725993, 0.0, 0.0, 0.0, 0.0, 0.0, 0.0, 0.0, 0.0, 0.0, 0.0, 0.0, 0.0, 0.0, 0.0, 0.0], [0.0, 0.0, 1.0063674250071504, 0.0, 1.0079697424344545, 0.0, 0.0, 0.0, 0.0, 0.0, 0.0, 0.0, 0.0, 0.0, 0.0, 0.0, 0.0, 0.0, 0.0, 0.0, 0.9770259489504152, 0.9772781821432037, 0.0, 0.0, 0.0, 0.0, 0.0, 0.0, 0.0, 0.0, 0.0, 0.0, 0.0, 0.0, 0.0], [0.0, 0.0, 0.0, 1.0079697424344545, 0.0, 1.0066630608675777, 0.0, 0.0, 0.0, 0.0, 0.0, 0.0, 0.0, 0.0, 0.0, 0.0, 0.0, 0.0, 0.0, 0.0, 0.0, 0.0, 0.9769104765067489, 0.9752167661647139, 0.0, 0.0, 0.0, 0.0, 0.0, 0.0, 0.0, 0.0, 0.0, 0.0, 0.0], [0.0, 0.0, 0.0, 0.0, 1.0066630608675777, 0.0, 1.007251808129501, 0.0, 0.0, 0.0, 0.0, 0.0, 0.0, 0.0, 0.0, 0.0, 0.0, 0.0, 0.0, 0.0, 0.0, 0.0, 0.0, 0.0, 0.977109908071524, 0.9769061887382198, 0.0, 0.0, 0.0, 0.0, 0.0, 0.0, 0.0, 0.0, 0.0], [0.0, 0.0, 0.0, 0.0, 0.0, 1.007251808129501, 0.0, 1.0064654844766967, 0.0, 0.0, 0.0, 0.0, 0.0, 0.0, 0.0, 0.0, 0.0, 0.0, 0.0, 0.0, 0.0, 0.0, 0.0, 0.0, 0.0, 0.0, 0.9759850208379836, 0.975997478012281, 0.0, 0.0, 0.0, 0.0, 0.0, 0.0, 0.0], [0.0, 0.0, 0.0, 0.0, 0.0, 0.0, 1.0064654844766967, 0.0, 0.9787360291182177, 0.0, 0.0, 0.0, 0.0, 0.0, 0.0, 0.0, 0.0, 0.0, 0.0, 0.0, 0.0, 0.0, 0.0, 0.0, 0.0, 0.0, 0.0, 0.0, 0.9529200911850171, 0.9529120808755642, 0.0, 0.0, 0.0, 0.0, 0.0], [0.0, 0.0, 0.0, 0.0, 0.0, 0.0, 0.0, 0.9787360291182177, 0.0, 1.7610486217746661, 1.115273307987774, 0.0, 0.0, 0.0, 0.0, 0.0, 0.0, 0.0, 0.0, 0.0, 0.0, 0.0, 0.0, 0.0, 0.0, 0.0, 0.0, 0.0, 0.0, 0.0, 0.0, 0.0, 0.0, 0.0, 0.0], [0.0, 0.0, 0.0, 0.0, 0.0, 0.0, 0.0, 0.0, 1.7610486217746661, 0.0, 0.16960491169684172, 0.0, 0.0, 0.0, 0.0, 0.0, 0.0, 0.0, 0.0, 0.0, 0.0, 0.0, 0.0, 0.0, 0.0, 0.0, 0.0, 0.0, 0.0, 0.0, 0.0, 0.0, 0.0, 0.0, 0.0], [0.0, 0.0, 0.0, 0.0, 0.0, 0.0, 0.0, 0.0, 1.115273307987774, 0.16960491169684172, 0.0, 0.9411871294292032, 0.0, 0.0, 0.0, 0.0, 0.0, 0.0, 0.0, 0.0, 0.0, 0.0, 0.0, 0.0, 0.0, 0.0, 0.0, 0.0, 0.0, 0.0, 0.0, 0.0, 0.0, 0.0, 0.0], [0.0, 0.0, 0.0, 0.0, 0.0, 0.0, 0.0, 0.0, 0.0, 0.0, 0.9411871294292032, 0.0, 1.0197192104739603, 0.0, 0.0, 0.0, 0.0, 0.0, 0.0, 0.0, 0.0, 0.0, 0.0, 0.0, 0.0, 0.0, 0.0, 0.0, 0.0, 0.0, 0.9697988430823817, 0.9698008462845014, 0.0, 0.0, 0.0], [0.0, 0.0, 0.0, 0.0, 0.0, 0.0, 0.0, 0.0, 0.0, 0.0, 0.0, 1.0197192104739603, 0.0, 0.0, 0.0, 0.0, 0.0, 0.0, 0.0, 0.0, 0.0, 0.0, 0.0, 0.0, 0.0, 0.0, 0.0, 0.0, 0.0, 0.0, 0.0, 0.0, 0.9839091623023544, 0.9855343514806142, 0.9855359692923034], [0.9878179864840959, 0.0, 0.0, 0.0, 0.0, 0.0, 0.0, 0.0, 0.0, 0.0, 0.0, 0.0, 0.0, 0.0, 0.0, 0.0, 0.0, 0.0, 0.0, 0.0, 0.0, 0.0, 0.0, 0.0, 0.0, 0.0, 0.0, 0.0, 0.0, 0.0, 0.0, 0.0, 0.0, 0.0, 0.0], [0.9876708317702358, 0.0, 0.0, 0.0, 0.0, 0.0, 0.0, 0.0, 0.0, 0.0, 0.0, 0.0, 0.0, 0.0, 0.0, 0.0, 0.0, 0.0, 0.0, 0.0, 0.0, 0.0, 0.0, 0.0, 0.0, 0.0, 0.0, 0.0, 0.0, 0.0, 0.0, 0.0, 0.0, 0.0, 0.0], [0.9874817688905962, 0.0, 0.0, 0.0, 0.0, 0.0, 0.0, 0.0, 0.0, 0.0, 0.0, 0.0, 0.0, 0.0, 0.0, 0.0, 0.0, 0.0, 0.0, 0.0, 0.0, 0.0, 0.0, 0.0, 0.0, 0.0, 0.0, 0.0, 0.0, 0.0, 0.0, 0.0, 0.0, 0.0, 0.0], [0.0, 0.9762730356620681, 0.0, 0.0, 0.0, 0.0, 0.0, 0.0, 0.0, 0.0, 0.0, 0.0, 0.0, 0.0, 0.0, 0.0, 0.0, 0.0, 0.0, 0.0, 0.0, 0.0, 0.0, 0.0, 0.0, 0.0, 0.0, 0.0, 0.0, 0.0, 0.0, 0.0, 0.0, 0.0, 0.0], [0.0, 0.9779596942299065, 0.0, 0.0, 0.0, 0.0, 0.0, 0.0, 0.0, 0.0, 0.0, 0.0, 0.0, 0.0, 0.0, 0.0, 0.0, 0.0, 0.0, 0.0, 0.0, 0.0, 0.0, 0.0, 0.0, 0.0, 0.0, 0.0, 0.0, 0.0, 0.0, 0.0, 0.0, 0.0, 0.0], [0.0, 0.0, 0.9771418450665228, 0.0, 0.0, 0.0, 0.0, 0.0, 0.0, 0.0, 0.0, 0.0, 0.0, 0.0, 0.0, 0.0, 0.0, 0.0, 0.0, 0.0, 0.0, 0.0, 0.0, 0.0, 0.0, 0.0, 0.0, 0.0, 0.0, 0.0, 0.0, 0.0, 0.0, 0.0, 0.0], [0.0, 0.0, 0.9767815332725993, 0.0, 0.0, 0.0, 0.0, 0.0, 0.0, 0.0, 0.0, 0.0, 0.0, 0.0, 0.0, 0.0, 0.0, 0.0, 0.0, 0.0, 0.0, 0.0, 0.0, 0.0, 0.0, 0.0, 0.0, 0.0, 0.0, 0.0, 0.0, 0.0, 0.0, 0.0, 0.0], [0.0, 0.0, 0.0, 0.9770259489504152, 0.0, 0.0, 0.0, 0.0, 0.0, 0.0, 0.0, 0.0, 0.0, 0.0, 0.0, 0.0, 0.0, 0.0, 0.0, 0.0, 0.0, 0.0, 0.0, 0.0, 0.0, 0.0, 0.0, 0.0, 0.0, 0.0, 0.0, 0.0, 0.0, 0.0, 0.0], [0.0, 0.0, 0.0, 0.9772781821432037, 0.0, 0.0, 0.0, 0.0, 0.0, 0.0, 0.0, 0.0, 0.0, 0.0, 0.0, 0.0, 0.0, 0.0, 0.0, 0.0, 0.0, 0.0, 0.0, 0.0, 0.0, 0.0, 0.0, 0.0, 0.0, 0.0, 0.0, 0.0, 0.0, 0.0, 0.0], [0.0, 0.0, 0.0, 0.0, 0.9769104765067489, 0.0, 0.0, 0.0, 0.0, 0.0, 0.0, 0.0, 0.0, 0.0, 0.0, 0.0, 0.0, 0.0, 0.0, 0.0, 0.0, 0.0, 0.0, 0.0, 0.0, 0.0, 0.0, 0.0, 0.0, 0.0, 0.0, 0.0, 0.0, 0.0, 0.0], [0.0, 0.0, 0.0, 0.0, 0.9752167661647139, 0.0, 0.0, 0.0, 0.0, 0.0, 0.0, 0.0, 0.0, 0.0, 0.0, 0.0, 0.0, 0.0, 0.0, 0.0, 0.0, 0.0, 0.0, 0.0, 0.0, 0.0, 0.0, 0.0, 0.0, 0.0, 0.0, 0.0, 0.0, 0.0, 0.0], [0.0, 0.0, 0.0, 0.0, 0.0, 0.977109908071524, 0.0, 0.0, 0.0, 0.0, 0.0, 0.0, 0.0, 0.0, 0.0, 0.0, 0.0, 0.0, 0.0, 0.0, 0.0, 0.0, 0.0, 0.0, 0.0, 0.0, 0.0, 0.0, 0.0, 0.0, 0.0, 0.0, 0.0, 0.0, 0.0], [0.0, 0.0, 0.0, 0.0, 0.0, 0.9769061887382198, 0.0, 0.0, 0.0, 0.0, 0.0, 0.0, 0.0, 0.0, 0.0, 0.0, 0.0, 0.0, 0.0, 0.0, 0.0, 0.0, 0.0, 0.0, 0.0, 0.0, 0.0, 0.0, 0.0, 0.0, 0.0, 0.0, 0.0, 0.0, 0.0], [0.0, 0.0, 0.0, 0.0, 0.0, 0.0, 0.9759850208379836, 0.0, 0.0, 0.0, 0.0, 0.0, 0.0, 0.0, 0.0, 0.0, 0.0, 0.0, 0.0, 0.0, 0.0, 0.0, 0.0, 0.0, 0.0, 0.0, 0.0, 0.0, 0.0, 0.0, 0.0, 0.0, 0.0, 0.0, 0.0], [0.0, 0.0, 0.0, 0.0, 0.0, 0.0, 0.975997478012281, 0.0, 0.0, 0.0, 0.0, 0.0, 0.0, 0.0, 0.0, 0.0, 0.0, 0.0, 0.0, 0.0, 0.0, 0.0, 0.0, 0.0, 0.0, 0.0, 0.0, 0.0, 0.0, 0.0, 0.0, 0.0, 0.0, 0.0, 0.0], [0.0, 0.0, 0.0, 0.0, 0.0, 0.0, 0.0, 0.9529200911850171, 0.0, 0.0, 0.0, 0.0, 0.0, 0.0, 0.0, 0.0, 0.0, 0.0, 0.0, 0.0, 0.0, 0.0, 0.0, 0.0, 0.0, 0.0, 0.0, 0.0, 0.0, 0.0, 0.0, 0.0, 0.0, 0.0, 0.0], [0.0, 0.0, 0.0, 0.0, 0.0, 0.0, 0.0, 0.9529120808755642, 0.0, 0.0, 0.0, 0.0, 0.0, 0.0, 0.0, 0.0, 0.0, 0.0, 0.0, 0.0, 0.0, 0.0, 0.0, 0.0, 0.0, 0.0, 0.0, 0.0, 0.0, 0.0, 0.0, 0.0, 0.0, 0.0, 0.0], [0.0, 0.0, 0.0, 0.0, 0.0, 0.0, 0.0, 0.0, 0.0, 0.0, 0.0, 0.9697988430823817, 0.0, 0.0, 0.0, 0.0, 0.0, 0.0, 0.0, 0.0, 0.0, 0.0, 0.0, 0.0, 0.0, 0.0, 0.0, 0.0, 0.0, 0.0, 0.0, 0.0, 0.0, 0.0, 0.0], [0.0, 0.0, 0.0, 0.0, 0.0, 0.0, 0.0, 0.0, 0.0, 0.0, 0.0, 0.9698008462845014, 0.0, 0.0, 0.0, 0.0, 0.0, 0.0, 0.0, 0.0, 0.0, 0.0, 0.0, 0.0, 0.0, 0.0, 0.0, 0.0, 0.0, 0.0, 0.0, 0.0, 0.0, 0.0, 0.0], [0.0, 0.0, 0.0, 0.0, 0.0, 0.0, 0.0, 0.0, 0.0, 0.0, 0.0, 0.0, 0.9839091623023544, 0.0, 0.0, 0.0, 0.0, 0.0, 0.0, 0.0, 0.0, 0.0, 0.0, 0.0, 0.0, 0.0, 0.0, 0.0, 0.0, 0.0, 0.0, 0.0, 0.0, 0.0, 0.0], [0.0, 0.0, 0.0, 0.0, 0.0, 0.0, 0.0, 0.0, 0.0, 0.0, 0.0, 0.0, 0.9855343514806142, 0.0, 0.0, 0.0, 0.0, 0.0, 0.0, 0.0, 0.0, 0.0, 0.0, 0.0, 0.0, 0.0, 0.0, 0.0, 0.0, 0.0, 0.0, 0.0, 0.0, 0.0, 0.0], [0.0, 0.0, 0.0, 0.0, 0.0, 0.0, 0.0, 0.0, 0.0, 0.0, 0.0, 0.0, 0.9855359692923034, 0.0, 0.0, 0.0, 0.0, 0.0, 0.0, 0.0, 0.0, 0.0, 0.0, 0.0, 0.0, 0.0, 0.0, 0.0, 0.0, 0.0, 0.0, 0.0, 0.0, 0.0, 0.0]], "Born radii": [], "Atomic SASAs": [], "Solvent H bonds": [], "Total SASA": NaN, "Total FOD": 0.0, "FOD": [0.0, 0.0, 0.0, 0.0, 0.0, 0.0, 0.0, 0.0, 0.0, 0.0, 0.0, 0.0, 0.0, 0.0, 0.0, 0.0, 0.0, 0.0, 0.0, 0.0, 0.0, 0.0, 0.0, 0.0, 0.0, 0.0, 0.0, 0.0, 0.0, 0.0, 0.0, 0.0, 0.0, 0.0, 0.0], "FOD s proportion": [0.0, 0.0, 0.0, 0.0, 0.0, 0.0, 0.0, 0.0, 0.0, 0.0, 0.0, 0.0, 0.0, 0.0, 0.0, 0.0, 0.0, 0.0, 0.0, 0.0, 0.0, 0.0, 0.0, 0.0, 0.0, 0.0, 0.0, 0.0, 0.0, 0.0, 0.0, 0.0, 0.0, 0.0, 0.0], "FOD p proportion": [0.0, 0.0, 0.0, 0.0, 0.0, 0.0, 0.0, 0.0, 0.0, 0.0, 0.0, 0.0, 0.0, 0.0, 0.0, 0.0, 0.0, 0.0, 0.0, 0.0, 0.0, 0.0, 0.0, 0.0, 0.0, 0.0, 0.0, 0.0, 0.0, 0.0, 0.0, 0.0, 0.0, 0.0, 0.0], "FOD d proportion": [0.0, 0.0, 0.0, 0.0, 0.0, 0.0, 0.0, 0.0, 0.0, 0.0, 0.0, 0.0, 0.0, 0.0, 0.0, 0.0, 0.0, 0.0, 0.0, 0.0, 0.0, 0.0, 0.0, 0.0, 0.0, 0.0, 0.0, 0.0, 0.0, 0.0, 0.0, 0.0, 0.0, 0.0, 0.0], "coordinates": [["6.07500", "0.40340", "-0.53430"], ["4.65160", "0.54320", "-0.01600"], ["4.14850", "-0.76710", "0.59080"], ["2.76200", "-0.64930", "1.23000"], ["1.64900", "-0.36090", "0.22020"], ["0.27480", "-0.36720", "0.89400"], ["-0.83940", "-0.07540", "-0.11190"], ["-2.21120", "-0.08220", "0.56010"], ["-3.32250", "0.20500", "-0.42230"], ["-3.17860", "0.42090", "-1.61690"], ["-4.51890", "0.18620", "0.23210"], ["-5.65050", "0.44770", "-0.60670"], ["-6.89900", "0.39440", "0.25210"], ["6.13600", "-0.36690", "-1.30960"], ["6.76250", "0.13360", "0.27380"], ["6.41510", "1.34930", "-0.96730"], ["4.00660", "0.85180", "-0.84540"], ["4.62010", "1.33930", "0.73680"], ["4.13420", "-1.55000", "-0.17730"], ["4.85370", "-1.09720", "1.36380"], ["2.54240", "-1.59320", "1.74440"], ["2.77680", "0.13270", "1.99890"], ["1.67050", "-1.11440", "-0.57620"], ["1.81190", "0.61510", "-0.25030"], ["0.25440", "0.38380", "1.69310"], ["0.09950", "-1.34330", "1.36250"], ["-0.66490", "0.89920", "-0.58470"], ["-0.81790", "-0.82320", "-0.91460"], ["-2.24270", "0.68240", "1.34430"], ["-2.39810", "-1.06380", "1.00970"], ["-5.71060", "-0.31200", "-1.39410"], ["-5.55430", "1.44150", "-1.05820"], ["-7.79310", "0.58880", "-0.34680"], ["-6.99810", "-0.58690", "0.72770"], ["-6.84480", "1.13450", "1.05730"]], "bond_dist": [[0.0, 1.5212647665676085, 2.5193893129089835, 3.89832025108251, 4.554437477889009, 6.022971466809386, 6.943817290223008, 8.372253529367109, 9.400261316048613, 9.31672914546731, 10.623806380483412, 11.725807200359386, 12.997814507062332, 1.0946109719895922, 1.094748327242385, 1.0944787891960264, 2.1391877734317766, 2.146703992170323, 2.776675206069302, 2.7103796154782454, 4.653831540784432, 4.167553715310698, 4.658872470888209, 4.27779084341439, 6.232261169110293, 6.5081035163863215, 6.758299328233399, 7.011508115947667, 8.53177075699998, 8.736706212869928, 11.83855652349559, 11.68728973329574, 13.870606584428815, 13.171153392926529, 13.037980281086485], [1.5212647665676085, 0.0, 1.5291180268376932, 2.558351111556035, 3.1446452916028544, 4.562160277763157, 5.526567087261314, 6.915275859284285, 7.991603702636912, 7.993113920118992, 9.18079914059773, 10.31946273553037, 11.554669160560158, 2.169130316509361, 2.1697131169811366, 2.1597919228481244, 1.0950631579959216, 1.0961182874124489, 2.1622226272981235, 2.1530454268314916, 3.480220935515445, 2.782661909036022, 3.4566485227746253, 2.8502565130177318, 4.720360050885949, 5.116713682628724, 5.35866848573412, 5.708761789565229, 7.028596248184982, 7.302929520404808, 10.488360953456933, 10.298228903068722, 12.449179333996279, 11.727988991724027, 11.561523322642222], [2.5193893129089835, 1.5291180268376932, 0.0, 1.5312856461157078, 2.5592661155104603, 3.906072444284668, 5.084425492619594, 6.396547083388037, 7.60178867241125, 7.744138280015408, 8.72704241653494, 9.946363470635887, 11.113552815819071, 2.7788192546475563, 2.7829382835413363, 3.47048989769456, 2.1687884313597765, 2.1634794937784823, 1.096865766627804, 1.0971791330498404, 2.1430798818522843, 2.161931206121046, 2.7609763291270717, 2.8421163962793643, 4.207570666073239, 4.16196207695361, 5.227540100276611, 5.189846368631734, 6.596684768882018, 6.566694728704845, 10.067213955707906, 10.086696327341278, 12.054848366113944, 11.14889704006634, 11.166304209540417], [3.89832025108251, 2.558351111556035, 1.5312856461157078, 0.0, 1.5302416802583834, 2.525597008629841, 3.885889702500574, 5.050058084814471, 6.362473106426463, 6.673896613673304, 7.396307826882276, 8.68026682423991, 9.76629505493255, 4.232398128720879, 4.18703368746897, 4.708255394517167, 2.84773866954115, 2.76591970418521, 2.1621023611290933, 2.143297865440079, 1.097168505745585, 1.0967908870883274, 2.161029546304261, 2.16626070914837, 2.751329674902664, 2.754650340787375, 4.175479846676308, 4.176749259890998, 5.180107283638052, 5.1814065995634815, 8.876070237441793, 8.87514222815612, 10.743804068392162, 9.773216003956936, 9.772531604962964], [4.554437477889009, 3.1446452916028544, 2.5592661155104603, 1.5302416802583834, 0.0, 1.5305135641346013, 2.526645052238244, 3.8851447514861013, 5.044686443179596, 5.224162077309624, 6.19212810187257, 7.390554635478991, 8.581363510538404, 4.74062158793549, 5.137634227930206, 5.201023889581743, 2.8573453431463265, 3.4619345473304373, 2.7835560170400737, 3.4813877606494796, 2.154045610009222, 2.1631799485941987, 1.0965753325695413, 1.0956653960037253, 2.160768765971963, 2.161228655186674, 2.7549680996338237, 2.754466906680855, 4.182989910339254, 4.182869478001914, 7.534724139608563, 7.534618982403821, 9.506664583333105, 8.664927620009298, 8.66496370505959], [6.022971466809386, 4.562160277763157, 3.906072444284668, 2.525597008629841, 1.5305135641346013, 0.0, 1.5291905342369865, 2.524462360582942, 3.873064138379327, 4.34185351894787, 4.870720979485481, 6.166469215847916, 7.242615315616314, 6.261750433385221, 6.536489881427188, 6.641844173872193, 4.293926478178218, 4.671026244841705, 4.176322292400337, 4.660465346936935, 2.714454995022021, 2.7804150805230505, 2.1605032677596214, 2.153372283187466, 1.0968035238820124, 1.0968106263161386, 2.1617952585756126, 2.161703784055531, 2.7644595312646563, 2.7646034905570094, 6.408077856112549, 6.407876976035042, 8.218547989152341, 7.27811776422998, 7.278081748647786], [6.943817290223008, 5.526567087261314, 5.084425492619594, 3.885889702500574, 2.526645052238244, 1.5291905342369865, 0.0, 1.5275684861897354, 2.518086164133388, 2.825454889039993, 3.7047929510297877, 4.864683325767464, 6.088674749073069, 7.083478149892184, 7.61454720255906, 7.4423954141123145, 4.988129718642049, 5.703315529584525, 5.1880072551992455, 5.969351165746575, 4.145616693569245, 4.192336423761815, 2.7558471474303508, 2.743234678258497, 2.159927795089456, 2.159388566238138, 1.0971942626536104, 1.097266777041937, 2.1596365828536985, 2.1597376715703227, 5.042678439083738, 5.04249455230246, 6.989297771593366, 6.236677488855745, 6.236642992027041], [8.372253529367109, 6.915275859284285, 6.396547083388037, 5.050058084814471, 3.8851447514861013, 2.524462360582942, 1.5275684861897354, 0.0, 1.5108213957976635, 2.434810335529238, 2.346295345859085, 3.670286193200743, 4.722020796226971, 8.558772109362417, 8.98085903574931, 8.876665742270575, 6.442734131562468, 6.9798671069011045, 6.554563048747033, 7.182546254637, 5.126636368029237, 5.195812876730646, 4.174231596353993, 4.162728559490757, 2.7531851299903534, 2.752008986177189, 2.159804780529944, 2.159885640491181, 1.0957075567869374, 1.0957236558548875, 4.014661385472006, 4.014582691887165, 5.694762174138617, 4.816349599022065, 4.816411079839428], [9.400261316048613, 7.991603702636912, 7.60178867241125, 6.362473106426463, 5.044686443179596, 3.873064138379327, 2.518086164133388, 1.5108213957976635, 0.0, 1.22245211767169, 1.363805616647769, 2.3478693852086407, 3.6444533156565475, 9.517226126871211, 10.10924716138645, 9.819740386079461, 7.36974020301937, 8.10648160794805, 7.664360696757427, 8.469718087988525, 6.505779287679532, 6.562689785446208, 5.1666769368715135, 5.153622936342937, 4.159459124693979, 4.158464612089419, 2.7515677640210856, 2.7518313338575093, 2.124795133654066, 2.124851241852003, 2.629582828130729, 2.629492783789299, 4.487679472734211, 3.931874994198061, 3.9318931445297447], [9.31672914546731, 7.993113920118992, 7.744138280015408, 6.673896613673304, 5.224162077309624, 4.34185351894787, 2.825454889039993, 2.434810335529238, 1.22245211767169, 0.0, 2.2957110401790555, 2.67048907318491, 4.163560905042702, 9.352905179140864, 10.123376758275867, 9.660382311792842, 7.239336026183617, 8.197748711689082, 7.709341010099371, 8.700979450038943, 6.934318820187027, 6.973080957510819, 5.191721621003961, 5.177875959309956, 4.768958524667624, 4.768140686892533, 2.759147589383359, 2.759332272489125, 3.1165680643939093, 3.1164951307518516, 2.6453366987965827, 2.645320498540772, 4.789045277505736, 4.593624957481836, 4.593647030410587], [10.623806380483412, 9.18079914059773, 8.72704241653494, 7.396307826882276, 6.19212810187257, 4.870720979485481, 3.7047929510297877, 2.346295345859085, 1.363805616647769, 2.2957110401790555, 0.0, 1.4326500793983155, 2.3892725357313256, 10.78005809399931, 11.281599691976313, 11.060909454922774, 8.619059105262012, 9.225274126008397, 8.835051692548268, 9.527512330613906, 7.43742383759323, 7.506775804564834, 6.3760161237249084, 6.363622679732041, 4.995794196121374, 4.994676462995376, 4.003604281144679, 4.003899380603864, 2.5815285626930415, 2.581657297163975, 2.0767471126740493, 2.0767054052031546, 3.3492682200743484, 2.6438108120665516, 2.643868139677166], [11.725807200359386, 10.31946273553037, 9.946363470635887, 8.68026682423991, 7.390554635478991, 6.166469215847916, 4.864683325767464, 3.670286193200743, 2.3478693852086407, 2.67048907318491, 1.4326500793983155, 0.0, 1.5162884224315636, 11.835506910141197, 12.448152797102066, 12.104611446882547, 9.668498068986723, 10.396401645280928, 9.99577629501581, 10.79850933694091, 8.764505372809124, 8.82653735334531, 7.485861851517165, 7.472781107459258, 6.337271278712945, 6.336239392573485, 5.006050699903068, 5.006397105703861, 3.9337750227993467, 3.933889547254727, 1.095789605718178, 1.0957851659882971, 2.1629128461405926, 2.160334761096067, 2.160310794770049], [12.997814507062332, 11.554669160560158, 11.113552815819071, 9.76629505493255, 8.581363510538404, 7.242615315616314, 6.088674749073069, 4.722020796226971, 3.6444533156565475, 4.163560905042702, 2.3892725357313256, 1.5162884224315636, 0.0, 13.150274125659891, 13.664006359044189, 13.403881123764117, 10.97022480945582, 11.567948604225384, 11.211448521935068, 11.899021167306158, 9.763070572826972, 9.835695337392268, 8.740645775913814, 8.728166649417275, 7.297103872085144, 7.295998334703757, 6.3102345511082225, 6.310587600216005, 4.791343708188758, 4.791493066884267, 2.149713925153763, 2.1497726833318915, 1.0935663582974742, 1.0949729951007925, 1.095003511409895], [1.0946109719895922, 2.169130316509361, 2.7788192546475563, 4.232398128720879, 4.74062158793549, 6.261750433385221, 7.083478149892184, 8.558772109362417, 9.517226126871211, 9.352905179140864, 10.78005809399931, 11.835506910141197, 13.150274125659891, 0.0, 1.7748684627318163, 1.7721197871475844, 2.497009349201561, 3.0654239853566754, 2.586316326360718, 3.053637002002694, 4.872852208922409, 4.74130752535627, 4.586646057850987, 4.5589780982145545, 6.646275373470466, 6.673290614082381, 6.955625782774689, 6.980040107334627, 8.85137443508069, 8.871058838154553, 11.847028565003125, 11.832017013594935, 13.995005292603501, 13.292989659967391, 13.27996936028092], [1.094748327242385, 2.1697131169811366, 2.7829382835413363, 4.18703368746897, 5.137634227930206, 6.536489881427188, 7.61454720255906, 8.98085903574931, 10.10924716138645, 10.123376758275867, 11.281599691976313, 12.448152797102066, 13.664006359044189, 1.7748684627318163, 0.0, 1.7717060873632513, 3.05996808643489, 2.501591343525157, 3.153721779104809, 2.5192233088791474, 4.7910068472086325, 4.343014541767043, 5.311164467421434, 5.001496118163044, 6.665761632401806, 6.911010801612164, 7.515945474123665, 7.732413915460036, 9.085195580173274, 9.26778872924928, 12.592008314006149, 12.457463170726214, 14.57593368398745, 13.786923435632767, 13.666538930907121], [1.0944787891960264, 2.1597919228481244, 3.47048989769456, 4.708255394517167, 5.201023889581743, 6.641844173872193, 7.4423954141123145, 8.876665742270575, 9.819740386079461, 9.660382311792842, 11.060909454922774, 12.104611446882547, 13.403881123764117, 1.7721197871475844, 1.7717060873632513, 0.0, 2.462364333318691, 2.4750922831280455, 3.772604577742014, 3.7225474369039278, 5.568610996469407, 4.849297360443057, 5.360410997302353, 4.716204923452754, 6.77968604730337, 7.250163181611846, 7.10460222461469, 7.552405083150664, 8.985863954567751, 9.349014645939967, 12.246414839454035, 11.970100250624471, 14.242061920241746, 13.657812038536774, 13.415293221171128], [2.1391877734317766, 1.0950631579959216, 2.1687884313597765, 2.84773866954115, 2.8573453431463265, 4.293926478178218, 4.988129718642049, 6.442734131562468, 7.36974020301937, 7.239336026183617, 8.619059105262012, 9.668498068986723, 10.97022480945582, 2.497009349201561, 3.05996808643489, 2.462364333318691, 0.0, 1.7656147201470656, 2.4962537150698445, 3.065410910465349, 3.8508402563596427, 3.181124854512944, 3.0652527285690487, 2.286236862182044, 4.554339808358616, 4.9958699772912425, 4.679008815978016, 5.107466484471533, 6.623989201380087, 6.937658211529305, 9.802013975199179, 9.581431977528203, 11.813157539371089, 11.209278450908426, 11.020574782650858], [2.146703992170323, 1.0961182874124489, 2.1634794937784823, 2.76591970418521, 3.4619345473304373, 4.671026244841705, 5.703315529584525, 6.9798671069011045, 8.10648160794805, 8.197748711689082, 9.225274126008397, 10.396401645280928, 11.567948604225384, 3.0654239853566754, 2.501591343525157, 2.4750922831280455, 1.7656147201470656, 0.0, 3.0691582086950158, 2.526703427393092, 3.732512732731129, 2.5390027294195643, 4.055213046191285, 3.063465242172661, 4.570210764286478, 5.293738528677063, 5.465462035363524, 6.0807378014513995, 6.920881280588477, 7.423240213006717, 10.676651581371381, 10.332031997627572, 12.482987360804305, 11.776795000763153, 11.471207229407026], [2.776675206069302, 2.1622226272981235, 1.096865766627804, 2.1621023611290933, 2.7835560170400737, 4.176322292400337, 5.1880072551992455, 6.554563048747033, 7.664360696757427, 7.709341010099371, 8.835051692548268, 9.99577629501581, 11.211448521935068, 2.586316326360718, 3.153721779104809, 3.772604577742014, 2.4962537150698445, 3.0691582086950158, 0.0, 1.7600276418283891, 2.4957212123953267, 3.067549590471195, 2.5335126326900363, 3.175856467159685, 4.721316197841445, 4.3234838984319115, 5.403324551607094, 5.059164351945882, 6.925585168778159, 6.657049100765293, 9.996666108258292, 10.17801991106325, 12.118732647434713, 11.21047233170842, 11.36966219419029], [2.7103796154782454, 2.1530454268314916, 1.0971791330498404, 2.143297865440079, 3.4813877606494796, 4.660465346936935, 5.969351165746575, 7.182546254637, 8.469718087988525, 8.700979450038943, 9.527512330613906, 10.79850933694091, 11.899021167306158, 3.053637002002694, 2.5192233088791474, 3.7225474369039278, 3.065410910465349, 2.526703427393092, 1.7600276418283891, 0.0, 2.3943642266789738, 2.495900564926415, 3.727822163140296, 3.8457557566751426, 4.843073402293217, 4.760565569341526, 6.183624436364162, 6.118270108453859, 7.316163569111888, 7.260516896888265, 10.946551326331047, 10.983512447755498, 12.872851222631292, 11.879822917030372, 11.913409645857058], [4.653831540784432, 3.480220935515445, 2.1430798818522843, 1.097168505745585, 2.154045610009222, 2.714454995022021, 4.145616693569245, 5.126636368029237, 6.505779287679532, 6.934318820187027, 7.43742383759323, 8.764505372809124, 9.763070572826972, 4.872852208922409, 4.7910068472086325, 5.568610996469407, 3.8508402563596427, 3.732512732731129, 2.4957212123953267, 2.3943642266789738, 0.0, 1.7602398756987638, 2.524805618260542, 3.0641552228958635, 3.0242527490274353, 2.485167606017751, 4.68225777376684, 4.353710726495273, 5.313719731035878, 5.022806854737698, 8.922088583397947, 9.089583144457176, 10.768323996332947, 9.647147704373557, 9.799590682268317], [4.167553715310698, 2.782661909036022, 2.161931206121046, 1.0967908870883274, 2.1631799485941987, 2.7804150805230505, 4.192336423761815, 5.195812876730646, 6.562689785446208, 6.973080957510819, 7.506775804564834, 8.82653735334531, 9.835695337392268, 4.74130752535627, 4.343014541767043, 4.849297360443057, 3.181124854512944, 2.5390027294195643, 3.067549590471195, 2.495900564926415, 1.7602398756987638, 0.0, 3.067620920192063, 2.4945224813579054, 2.5532462885511067, 3.122741784073733, 4.371248116956986, 4.724838108337682, 5.091763103287505, 5.402751049234085, 9.151293124471536, 8.970286788057559, 10.836656389772632, 9.8834429026529, 9.719331271234664], [4.658872470888209, 3.4566485227746253, 2.7609763291270717, 2.161029546304261, 1.0965753325695413, 2.1605032677596214, 2.7558471474303508, 4.174231596353993, 5.1666769368715135, 5.191721621003961, 6.3760161237249084, 7.485861851517165, 8.740645775913814, 4.586646057850987, 5.311164467421434, 5.360410997302353, 3.0652527285690487, 4.055213046191285, 2.5335126326900363, 3.727822163140296, 2.524805618260542, 3.067620920192063, 0.0, 1.7656089657679017, 3.065887300603204, 2.505792070384133, 3.0836261722199727, 2.528131040907492, 4.714864232403729, 4.367052224327069, 7.469500878907505, 7.678716289198345, 9.618380298158312, 8.781972296699642, 8.95746658101497], [4.27779084341439, 2.8502565130177318, 2.8421163962793643, 2.16626070914837, 1.0956653960037253, 2.153372283187466, 2.743234678258497, 4.162728559490757, 5.153622936342937, 5.177875959309956, 6.363622679732041, 7.472781107459258, 8.728166649417275, 4.5589780982145545, 5.001496118163044, 4.716204923452754, 2.286236862182044, 3.063465242172661, 3.175856467159685, 3.8457557566751426, 3.0641552228958635, 2.4945224813579054, 1.7656089657679017, 0.0, 2.5012216015379365, 3.060844354095778, 2.5153676490723975, 3.0701546247705505, 4.35741432618015, 4.70429646280929, 7.665233140616143, 7.456308859616801, 9.605520753191884, 8.94524387593765, 8.770293553239823], [6.232261169110293, 4.720360050885949, 4.207570666073239, 2.751329674902664, 2.160768765971963, 1.0968035238820124, 2.159927795089456, 2.7531851299903534, 4.159459124693979, 4.768958524667624, 4.995794196121374, 6.337271278712945, 7.297103872085144, 6.646275373470466, 6.665761632401806, 6.77968604730337, 4.554339808358616, 4.570210764286478, 4.721316197841445, 4.843073402293217, 3.0242527490274353, 2.5532462885511067, 3.065887300603204, 2.5012216015379365, 0.0, 1.7652662065535611, 2.5098052693386395, 3.0670467195659086, 2.5389627429326334, 3.098118391863035, 6.752493352829013, 6.513783590970765, 8.304545337343882, 7.380583438997219, 7.167037935577013], [6.5081035163863215, 5.116713682628724, 4.16196207695361, 2.754650340787375, 2.161228655186674, 1.0968106263161386, 2.159388566238138, 2.752008986177189, 4.158464612089419, 4.768140686892533, 4.994676462995376, 6.336239392573485, 7.295998334703757, 6.673290614082381, 6.911010801612164, 7.250163181611846, 4.9958699772912425, 5.293738528677063, 4.3234838984319115, 4.760565569341526, 2.485167606017751, 3.122741784073733, 2.505792070384133, 3.060844354095778, 1.7652662065535611, 0.0, 3.066708569460098, 2.5094443966742914, 3.0967228758802423, 2.5378325102338803, 6.513039632921022, 6.751322386762462, 8.303484308409333, 7.165963840266011, 7.37942696759037], [6.758299328233399, 5.35866848573412, 5.227540100276611, 4.175479846676308, 2.7549680996338237, 2.1617952585756126, 1.0971942626536104, 2.159804780529944, 2.7515677640210856, 2.759147589383359, 4.003604281144679, 5.006050699903068, 6.3102345511082225, 6.955625782774689, 7.515945474123665, 7.10460222461469, 4.679008815978016, 5.465462035363524, 5.403324551607094, 6.183624436364162, 4.68225777376684, 4.371248116956986, 3.0836261722199727, 2.5153676490723975, 2.5098052693386395, 3.066708569460098, 0.0, 1.7603706342699539, 2.501498766739652, 3.0658543018219246, 5.251782772544957, 4.942117349881525, 7.1389200730922875, 6.636287306167508, 6.398647833722372], [7.011508115947667, 5.708761789565229, 5.189846368631734, 4.176749259890998, 2.754466906680855, 2.161703784055531, 1.097266777041937, 2.159885640491181, 2.7518313338575093, 2.759332272489125, 4.003899380603864, 5.006397105703861, 6.310587600216005, 6.980040107334627, 7.732413915460036, 7.552405083150664, 5.107466484471533, 6.0807378014513995, 5.059164351945882, 6.118270108453859, 4.353710726495273, 4.724838108337682, 2.528131040907492, 3.0701546247705505, 3.0670467195659086, 2.5094443966742914, 1.7603706342699539, 0.0, 3.065862947034652, 2.5015696852176634, 4.942646960890491, 5.251949353335387, 7.1392965956038, 6.399051415639665, 6.636603235842866], [8.53177075699998, 7.028596248184982, 6.596684768882018, 5.180107283638052, 4.182989910339254, 2.7644595312646563, 2.1596365828536985, 1.0957075567869374, 2.124795133654066, 3.1165680643939093, 2.5815285626930415, 3.9337750227993467, 4.791343708188758, 8.85137443508069, 9.085195580173274, 8.985863954567751, 6.623989201380087, 6.920881280588477, 6.925585168778159, 7.316163569111888, 5.313719731035878, 5.091763103287505, 4.714864232403729, 4.35741432618015, 2.5389627429326334, 3.0967228758802423, 2.501498766739652, 3.065862947034652, 0.0, 1.784746693511435, 4.529237941420168, 4.161121678105556, 5.803061289526417, 4.960357568764574, 4.633150960199765], [8.736706212869928, 7.302929520404808, 6.566694728704845, 5.1814065995634815, 4.182869478001914, 2.7646034905570094, 2.1597376715703227, 1.0957236558548875, 2.124851241852003, 3.1164951307518516, 2.581657297163975, 3.933889547254727, 4.791493066884267, 8.871058838154553, 9.26778872924928, 9.349014645939967, 6.937658211529305, 7.423240213006717, 6.657049100765293, 7.260516896888265, 5.022806854737698, 5.402751049234085, 4.367052224327069, 4.70429646280929, 3.098118391863035, 2.5378325102338803, 3.0658543018219246, 2.5015696852176634, 1.784746693511435, 0.0, 4.161263501630245, 4.52927554251229, 5.803206355972533, 4.633244825173821, 4.960638017432839], [11.83855652349559, 10.488360953456933, 10.067213955707906, 8.876070237441793, 7.534724139608563, 6.408077856112549, 5.042678439083738, 4.014661385472006, 2.629582828130729, 2.6453366987965827, 2.0767471126740493, 1.095789605718178, 2.149713925153763, 11.847028565003125, 12.592008314006149, 12.246414839454035, 9.802013975199179, 10.676651581371381, 9.996666108258292, 10.946551326331047, 8.922088583397947, 9.151293124471536, 7.469500878907505, 7.665233140616143, 6.752493352829013, 6.513039632921022, 5.251782772544957, 4.942646960890491, 4.529237941420168, 4.161263501630245, 0.0, 1.7922111343254177, 2.499016642601645, 2.4970505601609267, 3.064006176560354], [11.68728973329574, 10.298228903068722, 10.086696327341278, 8.87514222815612, 7.534618982403821, 6.407876976035042, 5.04249455230246, 4.014582691887165, 2.6294