{"total energy": -47.3756556, "HOMO-LUMO gap/eV": 2.93243999, "electronic energy": -47.91863572, "dipole": [1.54480875, 0.22020901, 1.59920693], "partial charges": [-0.04701797, -0.10938246, -0.04667688, 0.38731237, -0.46195593, -0.29202368, 0.16556167, -0.07815407, 0.23366118, -0.372176, -0.09350837, 0.02738992, -0.11118353, -0.11122218, -0.07234568, 0.07317217, 0.05877546, 0.05263123, 0.05222643, 0.05603451, 0.08308961, 0.07690774, 0.0727188, 0.06742562, 0.04758832, 0.04758491, 0.04020129, 0.04219808, 0.04412473, 0.03375635, 0.07018933, 0.06309706], "atomic dipole moments": [[-0.09080003, 0.13813729, -0.04024667], [0.04436574, -0.01824186, -0.05826597], [-0.09554939, -0.13816711, 0.06180112], [-0.06091354, -0.13863506, 0.04919096], [0.10523746, -0.15759542, 0.06618703], [-0.11035867, 0.16779312, -0.06827632], [0.2645028, 0.07959217, 0.11027484], [-0.0619191, -0.01799075, -0.02407504], [-0.02516224, 0.00788924, -0.01493532], [0.07697657, 0.08783903, 0.13392373], [0.09026736, 0.02711344, -0.00693515], [0.01977225, -0.02301841, 0.00093038], [-0.00426998, -0.09354107, 0.07137313], [0.05854487, -0.03179511, -0.09189626], [-0.0379073, -0.03243346, -0.09552269], [-0.07136134, -0.08988386, 0.07150539], [0.10045928, 0.03219268, 0.06889572], [0.03096171, -0.05016285, -0.10896675], [0.04018008, -0.03710219, -0.11070373], [0.09310323, 0.02485296, 0.07915161], [-0.07343964, 0.11404433, -0.01548865], [0.08185866, -0.07694176, -0.115126], [-0.11493005, 0.03871336, -0.05511497], [-0.03088359, -0.0938553, 0.08904681], [0.05656519, 0.10416074, 0.05001417], [0.0632988, -0.01947745, -0.11469822], [-0.11481735, 0.04035281, -0.0349648], [0.05227642, 0.09913971, 0.06172054], [-0.12102813, 0.03466068, -0.0259381], [-0.00935722, -0.09163127, 0.08569262], [0.06300251, 0.11001521, 0.04351054], [-0.00229385, -0.07509487, 0.10378277]], "atomic quadrupole moments": [[0.00192007, -0.21917159, 0.17569032, 0.05815042, -0.09614958, -0.17761039], [-0.01043845, -0.01659709, 0.06023165, -0.01179434, -0.04652951, -0.04979321], [0.01976099, 0.22475071, 0.10714132, -0.10311557, -0.15510658, -0.12690231], [-0.29834627, 0.1279875, -0.01570749, -0.10563985, 0.16898899, 0.31405376], [-0.07227772, -0.02243771, -0.03910511, -0.00492081, 0.06478316, 0.11138284], [0.06418855, 0.01214406, 0.00338123, 0.01444108, -0.02666444, -0.06756978], [0.13063819, -0.03559971, 0.11950767, -0.07532119, -0.42775544, -0.25014586], [-0.10525911, 0.03336531, 0.21283425, 0.0508835, -0.38043702, -0.10757514], [-0.32103253, -0.0066715, 0.34183342, 0.01790621, -0.39831856, -0.02080089], [-0.13421854, 0.00012239, 0.13827935, 0.01498298, -0.18185725, -0.00406081], [-0.04686085, 0.05934935, 0.02113204, -0.05645415, 0.21301425, 0.02572881], [0.03685277, 0.01146195, -0.02682382, 0.02246449, 0.02533611, -0.01002895], [-0.10038095, 0.00747161, 0.08592823, -0.00175505, -0.16408983, 0.01445272], [-0.03388727, -0.0474884, -0.08082554, -0.14237675, 0.06399088, 0.11471281], [0.13702321, -0.12140391, -0.14001052, -0.03099549, 0.07788625, 0.0029873], [0.02069268, 0.02816081, -0.00129255, -0.03695301, -0.03416855, -0.01940013], [0.03193454, 0.01725247, -0.01212982, 0.0553382, 0.0184869, -0.01980472], [-0.03198658, -0.0355661, -0.01191685, -0.01900157, 0.03260831, 0.04390343], [-0.02561243, 0.00978184, -0.01925746, -0.04460413, 0.02645479, 0.04486989], [0.02427135, 0.0287338, -0.0352811, 0.0538476, -0.00165902, 0.01100975], [0.01951523, -0.04323866, 0.02436403, -0.00288378, -0.0104663, -0.04387926], [0.02562339, -0.00106179, -0.02770486, -0.00385902, 0.03207827, 0.00208147], [0.02833037, -0.02797498, -0.00910628, 0.0376761, 0.00299631, -0.01922409], [-0.04813349, 0.01509534, 0.02024877, -0.00210041, -0.03974642, 0.02788472], [-0.02187483, 0.04296842, 0.0215661, 0.03434868, 0.03944886, 0.00030874], [-0.01234585, -0.02648519, -0.01784379, -0.04954307, 0.03050574, 0.03018963], [0.07797241, -0.01906359, -0.03866595, 0.01917101, -0.01413576, -0.03930646], [-0.00744383, 0.05245621, 0.02900387, 0.01492769, 0.03743674, -0.02156004], [0.05738132, -0.02976433, -0.0420086, 0.03703922, -0.0089576, -0.01537272], [-0.04634844, -0.00713967, 0.04326078, -0.00720389, -0.05643064, 0.00308766], [0.01077145, 0.03059452, 0.03219031, 0.00999012, 0.01223524, -0.04296176], [-0.02421807, 0.00022996, 0.00683763, -0.013301, -0.05091775, 0.01738044]], "number of molecular orbitals": 77, "number of electrons": 84, "number of unpaired electrons": 0, "orbital energies/eV": [-20.22577138, -19.3018493, -18.9458925, -18.71254234, -18.16331533, -17.8017679, -17.3832776, -17.35826686, -17.07092797, -16.75642451, -16.70727094, -16.21338289, -16.12633888, -15.85832677, -15.56209705, -15.46522419, -15.19642403, -14.8381483, -14.72858921, -14.58622506, -14.40031666, -14.2958524, -14.10820966, -13.89368046, -13.79226755, -13.53259545, -13.46771405, -13.39972124, -13.34902347, -13.11177024, -13.04968795, -12.85103025, -12.76522292, -12.45655398, -12.26160915, -12.03546895, -11.91083545, -11.84390962, -11.62776748, -11.28986845, -10.78076429, -10.61205813, -7.67961815, -5.76127754, -4.8523538, -1.0822052, 0.16442763, 1.26219257, 1.65129168, 1.894094, 1.96334617, 2.46059779, 2.64199887, 2.74730874, 3.09041225, 3.65027548, 4.24091972, 4.2913877, 4.76085238, 4.96879129, 5.25229341, 5.31879068, 5.33172127, 5.36125175, 5.74959051, 5.9687382, 6.07855357, 6.1508826, 6.42447363, 6.72560543, 6.91942426, 7.70130876, 8.62955411, 9.83778189, 13.05515407, 15.87628386, 17.5372793], "fractional occupation": [2.0, 2.0, 2.0, 2.0, 2.0, 2.0, 2.0, 2.0, 2.0, 2.0, 2.0, 2.0, 2.0, 2.0, 2.0, 2.0, 2.0, 2.0, 2.0, 2.0, 2.0, 2.0, 2.0, 2.0, 2.0, 2.0, 2.0, 2.0, 2.0, 2.0, 2.0, 2.0, 2.0, 2.0, 2.0, 2.0, 2.0, 2.0, 2.0, 2.0, 2.0, 2.0, 0.0, 0.0, 0.0, 0.0, 0.0, 0.0, 0.0, 0.0, 0.0, 0.0, 0.0, 0.0, 0.0, 0.0, 0.0, 0.0, 0.0, 0.0, 0.0, 0.0, 0.0, 0.0, 0.0, 0.0, 0.0, 0.0, 0.0, 0.0, 0.0, 0.0, 0.0, 0.0, 0.0, 0.0, 0.0], "program call": "xtb /home/svss/Project-DBcg-Debug/aqme2_20220329/End-to-End-workflows-final/example-3/QDESCP/mol_830_rdkit_conf_3/mol_830_rdkit_conf_3.xyz --pop --wbo --acc 0.2 --gfn 2 --chrg 0 --uhf 0 --etemp 300 --input /home/svss/Project-DBcg-Debug/aqme2_20220329/End-to-End-workflows-final/example-3/QDESCP/mol_830_rdkit_conf_3/mol_830_rdkit_conf_3_xtb.inp", "method": "GFN2-xTB", "xtb version": "6.3.3 (7355c4f)", "Dipole module/D": 5.679, "Total charge": 0, "Transition dipole module/D": NaN, "HOMO": -10.6121, "LUMO": -7.6796, "HOMO occupancy": 2.0, "LUMO occupancy": 0, "mulliken charges": [0.06124, -0.27572, 0.06245, 0.64387, -0.57026, -0.42153, 0.28191, -0.11337, 0.3892, -0.50255, -0.10312, 0.02944, -0.09873, -0.0959, -0.07873, 0.05353, 0.03483, 0.03725, 0.03572, 0.03189, 0.06308, 0.0781, 0.06295, 0.05722, 0.04171, 0.04545, 0.03408, 0.03553, 0.03714, 0.02951, 0.06363, 0.05017], "cm5 charges": [-0.02508, -0.53806, -0.0236, 0.76468, -0.61417, -0.48339, 0.29368, -0.15924, 0.41252, -0.54981, -0.19913, -0.00211, -0.24378, -0.24219, -0.17456, 0.1199, 0.09639, 0.09947, 0.09781, 0.09348, 0.12871, 0.13986, 0.12182, 0.11497, 0.09429, 0.10023, 0.08619, 0.08751, 0.08912, 0.08148, 0.12512, 0.10789], "FUKUI+": [0.017, -0.042, 0.018, -0.018, -0.042, -0.039, -0.104, -0.044, -0.077, -0.181, 0.019, -0.004, 0.018, 0.019, 0.021, -0.006, -0.031, -0.022, -0.024, -0.03, -0.014, -0.073, -0.055, -0.06, -0.027, 0.004, -0.03, -0.029, -0.029, -0.02, -0.054, -0.061], "FUKUI-": [0.028, -0.096, 0.028, -0.003, -0.072, -0.037, -0.015, -0.018, -0.024, -0.146, -0.009, -0.01, 0.015, 0.007, 0.011, -0.034, -0.052, -0.06, -0.064, -0.055, -0.035, -0.04, -0.042, -0.048, -0.026, -0.019, -0.029, -0.036, -0.03, -0.026, -0.026, -0.037], "FUKUIrad": [0.023, -0.069, 0.023, -0.011, -0.057, -0.038, -0.06, -0.031, -0.051, -0.163, 0.005, -0.007, 0.016, 0.013, 0.016, -0.02, -0.041, -0.041, -0.044, -0.042, -0.025, -0.057, -0.049, -0.054, -0.027, -0.008, -0.029, -0.032, -0.029, -0.023, -0.04, -0.049], "s proportion": [0.982, 1.435, 0.983, 0.926, 1.725, 1.691, 1.05, 1.075, 1.061, 1.738, 1.05, 1.089, 1.018, 1.019, 1.043, 0.946, 0.965, 0.963, 0.964, 0.968, 0.937, 0.922, 0.937, 0.943, 0.958, 0.955, 0.966, 0.964, 0.963, 0.97, 0.936, 0.95], "p proportion": [2.956, 3.841, 2.955, 2.43, 4.845, 4.73, 2.668, 3.038, 2.55, 4.765, 3.053, 2.882, 3.08, 3.077, 3.035, 0.0, 0.0, 0.0, 0.0, 0.0, 0.0, 0.0, 0.0, 0.0, 0.0, 0.0, 0.0, 0.0, 0.0, 0.0, 0.0, 0.0], "d proportion": [0.0, 0.0, 0.0, 0.0, 0.0, 0.0, 0.0, 0.0, 0.0, 0.0, 0.0, 0.0, 0.0, 0.0, 0.0, 0.0, 0.0, 0.0, 0.0, 0.0, 0.0, 0.0, 0.0, 0.0, 0.0, 0.0, 0.0, 0.0, 0.0, 0.0, 0.0, 0.0], "Fermi-level/eV": -9.1458, "Coordination numbers": [3.69, 2.726, 3.694, 2.664, 0.856, 1.704, 2.852, 2.891, 2.82, 0.858, 3.807, 3.897, 3.754, 3.756, 3.808, 0.924, 0.924, 0.924, 0.924, 0.924, 0.924, 0.925, 0.924, 0.924, 0.924, 0.924, 0.924, 0.924, 0.924, 0.924, 0.924, 0.923], "Dispersion coefficient C6": [21.61, 23.391, 21.59, 20.45, 22.959, 18.854, 24.427, 29.951, 23.111, 21.133, 22.278, 20.06, 22.685, 22.682, 21.877, 2.051, 2.213, 2.287, 2.292, 2.246, 1.948, 2.011, 2.056, 2.114, 2.35, 2.35, 2.446, 2.42, 2.395, 2.534, 2.084, 2.163], "Total dispersion C6": 9246.290172, "Total dispersion C8": 205792.116686, "Polarizability alpha": [6.653, 7.183, 6.648, 7.399, 6.424, 5.863, 8.101, 8.973, 7.877, 6.163, 6.719, 6.367, 6.792, 6.79, 6.658, 2.24, 2.327, 2.365, 2.368, 2.344, 2.182, 2.218, 2.242, 2.274, 2.398, 2.398, 2.446, 2.433, 2.42, 2.489, 2.257, 2.3], "Total polarizability alpha": 144.308994, "Wiberg matrix": [[0.0, 0.9989097576460333, 0.0, 0.0, 0.0, 0.0, 0.0, 0.0, 0.0, 0.0, 0.0, 0.0, 0.0, 0.0, 0.0, 0.978005827630789, 0.9787265516828262, 0.9754019785265443, 0.0, 0.0, 0.0, 0.0, 0.0, 0.0, 0.0, 0.0, 0.0, 0.0, 0.0, 0.0, 0.0, 0.0], [0.9989097576460333, 0.0, 0.9974303042581055, 1.1996311384900424, 0.1722518284726025, 0.0, 0.0, 0.0, 0.0, 0.0, 0.0, 0.0, 0.0, 0.0, 0.0, 0.0, 0.0, 0.0, 0.0, 0.0, 0.0, 0.0, 0.0, 0.0, 0.0, 0.0, 0.0, 0.0, 0.0, 0.0, 0.0, 0.0], [0.0, 0.9974303042581055, 0.0, 0.0, 0.0, 0.0, 0.0, 0.0, 0.0, 0.0, 0.0, 0.0, 0.0, 0.0, 0.0, 0.0, 0.0, 0.0, 0.9758030075340502, 0.9786071236296794, 0.9765300864661568, 0.0, 0.0, 0.0, 0.0, 0.0, 0.0, 0.0, 0.0, 0.0, 0.0, 0.0], [0.0, 1.1996311384900424, 0.0, 0.0, 1.636053912879837, 1.0190301814731848, 0.0, 0.0, 0.0, 0.0, 0.0, 0.0, 0.0, 0.0, 0.0, 0.0, 0.0, 0.0, 0.0, 0.0, 0.0, 0.0, 0.0, 0.0, 0.0, 0.0, 0.0, 0.0, 0.0, 0.0, 0.0, 0.0], [0.0, 0.1722518284726025, 0.0, 1.636053912879837, 0.0, 0.12544710510734486, 0.0, 0.0, 0.0, 0.0, 0.0, 0.0, 0.0, 0.0, 0.0, 0.0, 0.0, 0.0, 0.0, 0.0, 0.0, 0.0, 0.0, 0.0, 0.0, 0.0, 0.0, 0.0, 0.0, 0.0, 0.0, 0.0], [0.0, 0.0, 0.0, 1.0190301814731848, 0.12544710510734486, 0.0, 0.9679813888410032, 0.0, 0.0, 0.0, 0.0, 0.0, 0.0, 0.0, 0.0, 0.0, 0.0, 0.0, 0.0, 0.0, 0.0, 0.0, 0.0, 0.0, 0.0, 0.0, 0.0, 0.0, 0.0, 0.0, 0.0, 0.0], [0.0, 0.0, 0.0, 0.0, 0.0, 0.9679813888410032, 0.0, 1.7760039623197341, 0.0, 0.0, 0.0, 0.0, 0.0, 0.0, 1.0164706156311079, 0.0, 0.0, 0.0, 0.0, 0.0, 0.0, 0.0, 0.0, 0.0, 0.0, 0.0, 0.0, 0.0, 0.0, 0.0, 0.0, 0.0], [0.0, 0.0, 0.0, 0.0, 0.0, 0.0, 1.7760039623197341, 0.0, 1.0607092749789444, 0.0, 0.0, 0.0, 0.0, 0.0, 0.0, 0.0, 0.0, 0.0, 0.0, 0.0, 0.0, 0.9597078284955614, 0.0, 0.0, 0.0, 0.0, 0.0, 0.0, 0.0, 0.0, 0.0, 0.0], [0.0, 0.0, 0.0, 0.0, 0.0, 0.0, 0.0, 1.0607092749789444, 0.0, 1.7986513808114286, 0.991398104536686, 0.0, 0.0, 0.0, 0.0, 0.0, 0.0, 0.0, 0.0, 0.0, 0.0, 0.0, 0.0, 0.0, 0.0, 0.0, 0.0, 0.0, 0.0, 0.0, 0.0, 0.0], [0.0, 0.0, 0.0, 0.0, 0.0, 0.0, 0.0, 0.0, 1.7986513808114286, 0.0, 0.0, 0.0, 0.0, 0.0, 0.0, 0.0, 0.0, 0.0, 0.0, 0.0, 0.0, 0.0, 0.0, 0.0, 0.0, 0.0, 0.0, 0.0, 0.0, 0.0, 0.0, 0.0], [0.0, 0.0, 0.0, 0.0, 0.0, 0.0, 0.0, 0.0, 0.991398104536686, 0.0, 0.0, 0.9833651546358532, 0.0, 0.0, 0.0, 0.0, 0.0, 0.0, 0.0, 0.0, 0.0, 0.0, 0.9628764566955713, 0.9417382264482577, 0.0, 0.0, 0.0, 0.0, 0.0, 0.0, 0.0, 0.0], [0.0, 0.0, 0.0, 0.0, 0.0, 0.0, 0.0, 0.0, 0.0, 0.0, 0.9833651546358532, 0.0, 0.9986103462017848, 0.9975171863031567, 0.9774464988931172, 0.0, 0.0, 0.0, 0.0, 0.0, 0.0, 0.0, 0.0, 0.0, 0.0, 0.0, 0.0, 0.0, 0.0, 0.0, 0.0, 0.0], [0.0, 0.0, 0.0, 0.0, 0.0, 0.0, 0.0, 0.0, 0.0, 0.0, 0.0, 0.9986103462017848, 0.0, 0.0, 0.0, 0.0, 0.0, 0.0, 0.0, 0.0, 0.0, 0.0, 0.0, 0.0, 0.9843543018943292, 0.984237448496918, 0.9845892114594169, 0.0, 0.0, 0.0, 0.0, 0.0], [0.0, 0.0, 0.0, 0.0, 0.0, 0.0, 0.0, 0.0, 0.0, 0.0, 0.0, 0.9975171863031567, 0.0, 0.0, 0.0, 0.0, 0.0, 0.0, 0.0, 0.0, 0.0, 0.0, 0.0, 0.0, 0.0, 0.0, 0.0, 0.9851237373553612, 0.9849049893695274, 0.9853418604752457, 0.0, 0.0], [0.0, 0.0, 0.0, 0.0, 0.0, 0.0, 1.0164706156311079, 0.0, 0.0, 0.0, 0.0, 0.9774464988931172, 0.0, 0.0, 0.0, 0.0, 0.0, 0.0, 0.0, 0.0, 0.0, 0.0, 0.0, 0.0, 0.0, 0.0, 0.0, 0.0, 0.0, 0.0, 0.9609729763072636, 0.9425903075484682], [0.978005827630789, 0.0, 0.0, 0.0, 0.0, 0.0, 0.0, 0.0, 0.0, 0.0, 0.0, 0.0, 0.0, 0.0, 0.0, 0.0, 0.0, 0.0, 0.0, 0.0, 0.0, 0.0, 0.0, 0.0, 0.0, 0.0, 0.0, 0.0, 0.0, 0.0, 0.0, 0.0], [0.9787265516828262, 0.0, 0.0, 0.0, 0.0, 0.0, 0.0, 0.0, 0.0, 0.0, 0.0, 0.0, 0.0, 0.0, 0.0, 0.0, 0.0, 0.0, 0.0, 0.0, 0.0, 0.0, 0.0, 0.0, 0.0, 0.0, 0.0, 0.0, 0.0, 0.0, 0.0, 0.0], [0.9754019785265443, 0.0, 0.0, 0.0, 0.0, 0.0, 0.0, 0.0, 0.0, 0.0, 0.0, 0.0, 0.0, 0.0, 0.0, 0.0, 0.0, 0.0, 0.0, 0.0, 0.0, 0.0, 0.0, 0.0, 0.0, 0.0, 0.0, 0.0, 0.0, 0.0, 0.0, 0.0], [0.0, 0.0, 0.9758030075340502, 0.0, 0.0, 0.0, 0.0, 0.0, 0.0, 0.0, 0.0, 0.0, 0.0, 0.0, 0.0, 0.0, 0.0, 0.0, 0.0, 0.0, 0.0, 0.0, 0.0, 0.0, 0.0, 0.0, 0.0, 0.0, 0.0, 0.0, 0.0, 0.0], [0.0, 0.0, 0.9786071236296794, 0.0, 0.0, 0.0, 0.0, 0.0, 0.0, 0.0, 0.0, 0.0, 0.0, 0.0, 0.0, 0.0, 0.0, 0.0, 0.0, 0.0, 0.0, 0.0, 0.0, 0.0, 0.0, 0.0, 0.0, 0.0, 0.0, 0.0, 0.0, 0.0], [0.0, 0.0, 0.9765300864661568, 0.0, 0.0, 0.0, 0.0, 0.0, 0.0, 0.0, 0.0, 0.0, 0.0, 0.0, 0.0, 0.0, 0.0, 0.0, 0.0, 0.0, 0.0, 0.0, 0.0, 0.0, 0.0, 0.0, 0.0, 0.0, 0.0, 0.0, 0.0, 0.0], [0.0, 0.0, 0.0, 0.0, 0.0, 0.0, 0.0, 0.9597078284955614, 0.0, 0.0, 0.0, 0.0, 0.0, 0.0, 0.0, 0.0, 0.0, 0.0, 0.0, 0.0, 0.0, 0.0, 0.0, 0.0, 0.0, 0.0, 0.0, 0.0, 0.0, 0.0, 0.0, 0.0], [0.0, 0.0, 0.0, 0.0, 0.0, 0.0, 0.0, 0.0, 0.0, 0.0, 0.9628764566955713, 0.0, 0.0, 0.0, 0.0, 0.0, 0.0, 0.0, 0.0, 0.0, 0.0, 0.0, 0.0, 0.0, 0.0, 0.0, 0.0, 0.0, 0.0, 0.0, 0.0, 0.0], [0.0, 0.0, 0.0, 0.0, 0.0, 0.0, 0.0, 0.0, 0.0, 0.0, 0.9417382264482577, 0.0, 0.0, 0.0, 0.0, 0.0, 0.0, 0.0, 0.0, 0.0, 0.0, 0.0, 0.0, 0.0, 0.0, 0.0, 0.0, 0.0, 0.0, 0.0, 0.0, 0.0], [0.0, 0.0, 0.0, 0.0, 0.0, 0.0, 0.0, 0.0, 0.0, 0.0, 0.0, 0.0, 0.9843543018943292, 0.0, 0.0, 0.0, 0.0, 0.0, 0.0, 0.0, 0.0, 0.0, 0.0, 0.0, 0.0, 0.0, 0.0, 0.0, 0.0, 0.0, 0.0, 0.0], [0.0, 0.0, 0.0, 0.0, 0.0, 0.0, 0.0, 0.0, 0.0, 0.0, 0.0, 0.0, 0.984237448496918, 0.0, 0.0, 0.0, 0.0, 0.0, 0.0, 0.0, 0.0, 0.0, 0.0, 0.0, 0.0, 0.0, 0.0, 0.0, 0.0, 0.0, 0.0, 0.0], [0.0, 0.0, 0.0, 0.0, 0.0, 0.0, 0.0, 0.0, 0.0, 0.0, 0.0, 0.0, 0.9845892114594169, 0.0, 0.0, 0.0, 0.0, 0.0, 0.0, 0.0, 0.0, 0.0, 0.0, 0.0, 0.0, 0.0, 0.0, 0.0, 0.0, 0.0, 0.0, 0.0], [0.0, 0.0, 0.0, 0.0, 0.0, 0.0, 0.0, 0.0, 0.0, 0.0, 0.0, 0.0, 0.0, 0.9851237373553612, 0.0, 0.0, 0.0, 0.0, 0.0, 0.0, 0.0, 0.0, 0.0, 0.0, 0.0, 0.0, 0.0, 0.0, 0.0, 0.0, 0.0, 0.0], [0.0, 0.0, 0.0, 0.0, 0.0, 0.0, 0.0, 0.0, 0.0, 0.0, 0.0, 0.0, 0.0, 0.9849049893695274, 0.0, 0.0, 0.0, 0.0, 0.0, 0.0, 0.0, 0.0, 0.0, 0.0, 0.0, 0.0, 0.0, 0.0, 0.0, 0.0, 0.0, 0.0], [0.0, 0.0, 0.0, 0.0, 0.0, 0.0, 0.0, 0.0, 0.0, 0.0, 0.0, 0.0, 0.0, 0.9853418604752457, 0.0, 0.0, 0.0, 0.0, 0.0, 0.0, 0.0, 0.0, 0.0, 0.0, 0.0, 0.0, 0.0, 0.0, 0.0, 0.0, 0.0, 0.0], [0.0, 0.0, 0.0, 0.0, 0.0, 0.0, 0.0, 0.0, 0.0, 0.0, 0.0, 0.0, 0.0, 0.0, 0.9609729763072636, 0.0, 0.0, 0.0, 0.0, 0.0, 0.0, 0.0, 0.0, 0.0, 0.0, 0.0, 0.0, 0.0, 0.0, 0.0, 0.0, 0.0], [0.0, 0.0, 0.0, 0.0, 0.0, 0.0, 0.0, 0.0, 0.0, 0.0, 0.0, 0.0, 0.0, 0.0, 0.9425903075484682, 0.0, 0.0, 0.0, 0.0, 0.0, 0.0, 0.0, 0.0, 0.0, 0.0, 0.0, 0.0, 0.0, 0.0, 0.0, 0.0, 0.0]], "Born radii": [], "Atomic SASAs": [], "Solvent H bonds": [], "Total SASA": NaN, "Total FOD": 0.0, "FOD": [0.0, 0.0, 0.0, 0.0, 0.0, 0.0, 0.0, 0.0, 0.0, 0.0, 0.0, 0.0, 0.0, 0.0, 0.0, 0.0, 0.0, 0.0, 0.0, 0.0, 0.0, 0.0, 0.0, 0.0, 0.0, 0.0, 0.0, 0.0, 0.0, 0.0, 0.0, 0.0], "FOD s proportion": [0.0, 0.0, 0.0, 0.0, 0.0, 0.0, 0.0, 0.0, 0.0, 0.0, 0.0, 0.0, 0.0, 0.0, 0.0, 0.0, 0.0, 0.0, 0.0, 0.0, 0.0, 0.0, 0.0, 0.0, 0.0, 0.0, 0.0, 0.0, 0.0, 0.0, 0.0, 0.0], "FOD p proportion": [0.0, 0.0, 0.0, 0.0, 0.0, 0.0, 0.0, 0.0, 0.0, 0.0, 0.0, 0.0, 0.0, 0.0, 0.0, 0.0, 0.0, 0.0, 0.0, 0.0, 0.0, 0.0, 0.0, 0.0, 0.0, 0.0, 0.0, 0.0, 0.0, 0.0, 0.0, 0.0], "FOD d proportion": [0.0, 0.0, 0.0, 0.0, 0.0, 0.0, 0.0, 0.0, 0.0, 0.0, 0.0, 0.0, 0.0, 0.0, 0.0, 0.0, 0.0, 0.0, 0.0, 0.0, 0.0, 0.0, 0.0, 0.0, 0.0, 0.0, 0.0, 0.0, 0.0, 0.0, 0.0, 0.0], "coordinates": [["4.04570", "-0.92480", "0.10930"], ["3.30430", "0.27950", "-0.22250"], ["4.06730", "1.39370", "-0.75150"], ["1.91970", "0.29870", "-0.34400"], ["1.29130", "1.26630", "-0.76410"], ["1.33740", "-0.88440", "0.05320"], ["-0.06740", "-0.90890", "-0.04860"], ["-0.65250", "-1.56900", "-1.05510"], ["-2.12780", "-1.63920", "-1.13950"], ["-2.64490", "-2.26950", "-2.05990"], ["-2.95640", "-0.99870", "-0.04350"], ["-2.25510", "0.20010", "0.62310"], ["-2.22090", "1.40210", "-0.34450"], ["-3.04820", "0.61900", "1.87420"], ["-0.82300", "-0.20130", "1.04410"], ["3.44370", "-1.62960", "0.68750"], ["4.92570", "-0.65450", "0.70030"], ["4.36180", "-1.40580", "-0.82100"], ["4.46340", "1.11230", "-1.73180"], ["4.89470", "1.61710", "-0.07170"], ["3.45230", "2.29070", "-0.86230"], ["-0.09220", "-2.07870", "-1.82820"], ["-3.91180", "-0.68150", "-0.47860"], ["-3.16860", "-1.78250", "0.69440"], ["-1.72900", "2.26480", "0.11950"], ["-1.68330", "1.17660", "-1.27090"], ["-3.23520", "1.71080", "-0.62220"], ["-2.57480", "1.47070", "2.37550"], ["-4.07230", "0.90970", "1.61440"], ["-3.10990", "-0.20080", "2.59870"], ["-0.27620", "0.69160", "1.37110"], ["-0.85770", "-0.87450", "1.91090"]], "bond_dist": [[0.0, 1.4526195957648376, 2.4732338041519646, 2.494455680103377, 3.626357143194807, 2.70918221240285, 4.116160447553035, 4.883022039679935, 6.338925070546268, 7.160850165308585, 7.004156870030825, 6.421017916966126, 6.700050269214404, 7.471385926319159, 5.010144007910352, 1.0924569922884835, 1.0939575357389335, 1.0939553464378697, 2.777390665714854, 2.6860412524754715, 3.411095186300142, 4.712494866840705, 7.982895937565514, 7.2886292119986456, 6.597030566095627, 6.256378744929051, 7.777723601414491, 7.396289809086714, 8.457697101457347, 7.610775237779657, 4.783691859850507, 5.224138609378584], [1.4526195957648376, 0.0, 1.4503281146002789, 1.3900532543755293, 2.3063550897465896, 2.3020359054541264, 3.5792312945659157, 4.445946608991161, 5.833524586388576, 6.7280324315508455, 6.39235486577521, 5.623901855473654, 5.639410412445613, 6.698183887442924, 4.343967022204473, 2.11947992913356, 2.0863493954752643, 2.077677691558534, 2.077271080047089, 2.083575427000424, 2.1156969253652567, 4.435717752517624, 7.2843124191649, 6.854997010940267, 5.4214840200815875, 5.174947799736728, 6.706223977023136, 6.537000707511053, 7.627947378554731, 7.023661379223802, 3.9407318634994692, 4.817193743249279], [2.4732338041519646, 1.4503281146002789, 0.0, 2.4448449869061233, 2.778950434966411, 3.6454952626495074, 4.784535427813238, 5.5808849020563045, 6.908566451876974, 7.757871721032774, 7.453670468299494, 6.5792817145946865, 6.301363249329465, 7.623962278894093, 5.448232598742458, 3.4058685896552148, 2.653242740496994, 2.8158055241795377, 1.0941066035812048, 1.0939041822755775, 1.0932111598405867, 5.524335697620122, 8.249058507490416, 8.03349998817452, 5.925753108255524, 5.778088709080193, 7.310525093999747, 7.3417675262841176, 8.49027838000616, 8.07950927532112, 4.885116930023273, 6.040590202952027], [2.494455680103377, 1.3900532543755293, 2.4448449869061233, 0.0, 1.2278519169671887, 1.3771589378136426, 2.3439550614292926, 3.257327023803413, 4.55747001196936, 5.51140065772758, 5.0546907145739395, 4.286485671269648, 4.285097451633977, 5.450048966752501, 3.1143578631878515, 2.6655035434228935, 3.3219254552141897, 3.0160738817210695, 3.009708206786831, 3.26541740823436, 2.566234917150026, 3.450017682563381, 5.914837398441314, 5.594681839926199, 4.170538712204935, 3.822494083710268, 5.35204780060866, 5.382359566212574, 6.333459999084229, 5.84857757920676, 2.8138790361349937, 3.7649598948727196], [3.626357143194807, 2.3063550897465896, 2.778950434966411, 1.2278519169671887, 0.0, 2.301220326261699, 2.6626116840425684, 3.4499225397101307, 4.502565959539072, 5.447444329224485, 4.867488536196054, 3.9544986079147884, 3.539781722084004, 5.119656671105983, 3.1454254863213658, 3.8892422308208063, 4.363806063518405, 4.070789391506271, 3.3199966415645665, 3.6860507267263705, 2.393524514184052, 3.7729837078895527, 5.563064326430173, 5.595811978614006, 3.3015092457844184, 3.0187973582206538, 4.550485480693241, 4.984535758724177, 5.878148583525259, 5.729866289015828, 2.710427158216948, 4.044360349919378], [2.70918221240285, 2.3020359054541264, 3.6454952626495074, 1.3771589378136426, 2.301220326261699, 0.0, 1.4086967487717148, 2.3783834972518623, 3.7416396633027076, 4.716185631418678, 4.296409410193586, 3.7956531071740476, 4.24826393130182, 4.980937654699163, 2.4730217508141736, 2.322532931951666, 3.653421589414504, 3.191093693391029, 4.11641979030322, 4.350573013983331, 3.9232897254727446, 2.647597894318546, 5.279969724345018, 4.639154777542996, 4.395982858246833, 3.8891631876278985, 5.300933781891639, 5.122975906638641, 5.909398813754239, 5.169657290382023, 2.612344037449892, 2.875693187737524], [4.116160447553035, 3.5792312945659157, 4.784535427813238, 2.3439550614292926, 2.6626116840425684, 1.4086967487717148, 0.0, 1.3383259206934608, 2.4430818774654277, 3.5411956031826306, 2.8903998079850477, 2.543048009770952, 3.1726708086405684, 3.8622282286265786, 1.5051984619976198, 3.659108485683364, 5.055355396013222, 4.523419504092009, 5.238946489514853, 5.568091775464913, 4.825747189814236, 2.129794177849118, 3.875051240951531, 3.3064584376640815, 3.586299466023439, 2.907655473057288, 4.150518267638392, 4.222062497168889, 4.702350366572019, 4.094680591938766, 2.1495920031485043, 2.113148764285184], [4.883022039679935, 4.445946608991161, 5.5808849020563045, 3.257327023803413, 3.4499225397101307, 2.3783834972518623, 1.3383259206934608, 0.0, 1.47937875136829, 2.3387990614843335, 2.5800255541370127, 2.917943935376415, 3.4339869146518303, 4.371215046185672, 2.5112375793620165, 4.451873938017563, 5.918957226572938, 5.022413915638574, 5.815472929177815, 6.472228102438912, 5.637715758177242, 1.082318709992579, 3.4268126575580404, 3.071984978804421, 4.151693612250307, 2.940652587437013, 4.197002470811758, 4.970314853205982, 4.996520387229497, 4.610969576997879, 3.3374182372007257, 3.053128443089154], [6.338925070546268, 5.833524586388576, 6.908566451876974, 4.55747001196936, 4.502565959539072, 3.7416396633027076, 2.4430818774654277, 1.47937875136829, 0.0, 1.2295554725184217, 1.5159268484989634, 2.550683935731748, 3.144868566411003, 3.87672427314608, 2.92201444383836, 5.863414824997461, 7.355702575553201, 6.501601800325823, 7.166972092871577, 7.8140381864948685, 6.830700539476167, 2.193430030796515, 2.1299375812450463, 2.1135251926579914, 4.121327266791609, 2.8536951221179887, 3.566010943617532, 4.714500186658179, 4.226338447166767, 4.124033730463416, 3.894119099359957, 3.3915866876728953], [7.160850165308585, 6.7280324315508455, 7.757871721032774, 5.51140065772758, 5.447444329224485, 4.716185631418678, 3.5411956031826306, 2.3387990614843335, 1.2295554725184217, 0.0, 2.4037125140082787, 3.667336526690726, 4.074680321203124, 4.89726719201638, 4.151094656834507, 6.710344903952404, 8.21832789562451, 7.167614372299893, 7.878588054975333, 8.712299751500748, 7.707497495296383, 2.5702853576986344, 2.5743522097801614, 2.8456280818125195, 5.1135636947240615, 3.663714067718713, 4.2729642486217925, 5.802308438027057, 5.064115311680807, 5.118427361016272, 5.113767094813763, 4.572456831944944], [7.004156870030825, 6.39235486577521, 7.453670468299494, 5.0546907145739395, 4.867488536196054, 4.296409410193586, 2.8903998079850477, 2.5800255541370127, 1.5159268484989634, 2.4037125140082787, 0.0, 1.5405514240037559, 2.5289131835632475, 2.5105684256757472, 2.5239088890053063, 6.472532411660833, 7.924595414909205, 7.370636872075573, 7.89684176934045, 8.275444162702085, 7.249966999235237, 3.5433311629030664, 1.0966845535522054, 1.0972090457155372, 3.4904887924186205, 2.8034308373847923, 2.784602912445507, 3.477803318188077, 2.763305227440501, 2.764313205843361, 3.470112287808566, 2.8704784775364542], [6.421017916966126, 5.623901855473654, 6.5792817145946865, 4.286485671269648, 3.9544986079147884, 3.7956531071740476, 2.543048009770952, 2.917943935376415, 2.550683935731748, 3.667336526690726, 1.5405514240037559, 0.0, 1.543445301913871, 1.5393946959763114, 1.5457274565718242, 5.985672133520178, 7.231887004095127, 6.960438580290756, 7.177458122483196, 7.321903856238486, 6.257110857256725, 3.984963932082698, 2.1761471319743064, 2.1840944805571025, 2.1893789667391985, 2.2062963286920456, 2.189425173418813, 2.1880443802628866, 2.188246715980627, 2.1896116573493116, 2.1718935194893882, 2.1830988891939827], [6.700050269214404, 5.639410412445613, 6.301363249329465, 4.285097451633977, 3.539781722084004, 4.24826393130182, 3.1726708086405684, 3.4339869146518303, 3.144868566411003, 4.074680321203124, 2.5289131835632475, 1.543445301913871, 0.0, 2.4940530447446383, 2.540320044797505, 6.507220762353157, 7.509667246955753, 7.172398061318124, 6.832894834548531, 7.124072444887124, 5.7656677878629115, 4.341508726237919, 2.6867293462498227, 3.481253461039572, 1.096135438711841, 1.0945688511921028, 1.0960006706202328, 2.7437840968268623, 2.739968782668883, 3.4672807284671947, 2.68885695045311, 3.4825351340654125], [7.471385926319159, 6.698183887442924, 7.623962278894093, 5.450048966752501, 5.119656671105983, 4.980937654699163, 3.8622282286265786, 4.371215046185672, 3.87672427314608, 4.89726719201638, 2.5105684256757472, 1.5393946959763114, 2.4940530447446383, 0.0, 2.5126625599152788, 6.972031587708133, 8.15983606881903, 8.140762745590857, 8.346898552755986, 8.238470175342021, 7.248414543194947, 5.451906735262444, 2.823609932338389, 2.6783626434820214, 2.7437052265139563, 3.4735462829793993, 2.73111867189985, 1.0958111789902492, 1.095802600836483, 1.0958007026827459, 2.818220071250647, 2.651448545606722], [5.010144007910352, 4.343967022204473, 5.448232598742458, 3.1143578631878515, 3.1454254863213658, 2.4730217508141736, 1.5051984619976198, 2.5112375793620165, 2.92201444383836, 4.151094656834507, 2.5239088890053063, 1.5457274565718242, 2.540320044797505, 2.5126625599152788, 0.0, 4.513527815356852, 5.77677594943754, 5.6401745806313475, 6.11368879891674, 6.102760153405999, 5.3030759988897005, 3.5083908975483333, 3.4770523105067026, 2.8503197873221175, 2.785205624366, 2.828064620902429, 3.50019870007404, 2.7635146462430775, 3.481021916047068, 2.765265451995522, 1.0969000182332025, 1.0980640099739176], [1.0924569922884835, 2.11947992913356, 3.4058685896552148, 2.6655035434228935, 3.8892422308208063, 2.322532931951666, 3.659108485683364, 4.451873938017563, 5.863414824997461, 6.710344903952404, 6.472532411660833, 5.985672133520178, 6.507220762353157, 6.972031587708133, 4.513527815356852, 0.0, 1.7740653454706787, 1.7800467128701984, 3.7961580828516612, 3.636323215832168, 4.215531531135783, 4.362685653356198, 7.507467154107303, 6.6140711600344915, 6.499676965049879, 6.164107234628548, 7.5816417390958275, 6.977359553584723, 7.987330223547791, 6.974512731366973, 4.4376721837017215, 4.535297733335707], [1.0939575357389335, 2.0863493954752643, 2.653242740496994, 3.3219254552141897, 4.363806063518405, 3.653421589414504, 5.055355396013222, 5.918957226572938, 7.355702575553201, 8.21832789562451, 7.924595414909205, 7.231887004095127, 7.509667246955753, 8.15983606881903, 5.77677594943754, 1.7740653454706787, 0.0, 1.7879565402995679, 3.0414493157046034, 2.399398166207518, 3.6451103357786034, 5.796635084253623, 8.915825282047647, 8.172521722210348, 7.290039315394671, 7.135645566450172, 8.599066178952224, 7.973723743019946, 9.178578563699284, 8.269258347034516, 5.4149535048788735, 5.912839243544509], [1.0939553464378697, 2.077677691558534, 2.8158055241795377, 3.0160738817210695, 4.070789391506271, 3.191093693391029, 4.523419504092009, 5.022413915638574, 6.501601800325823, 7.167614372299893, 7.370636872075573, 6.960438580290756, 7.172398061318124, 8.140762745590857, 5.6401745806313475, 1.7800467128701984, 1.7879565402995679, 0.0, 2.679684087723775, 3.1596451240606123, 3.806968372603061, 4.615773201750709, 8.312298431240302, 7.690595829322979, 7.173262106601152, 6.588963027669832, 8.213837470999776, 8.161389836296266, 9.078918229613041, 8.304978866920735, 5.542150590700328, 5.915127855761024], [2.777390665714854, 2.077271080047089, 1.0941066035812048, 3.009708206786831, 3.3199966415645665, 4.11641979030322, 5.238946489514853, 5.815472929177815, 7.166972092871577, 7.878588054975333, 7.89684176934045, 7.177458122483196, 6.832894834548531, 8.346898552755986, 6.11368879891674, 3.7961580828516612, 3.0414493157046034, 2.679684087723775, 0.0, 1.7879526671587254, 1.7796010845130434, 5.562846871881339, 8.656338932828358, 8.515499837355408, 6.565164560009141, 6.164291053316675, 7.801144555127792, 8.156875816757296, 9.17040215530377, 8.822263584250926, 5.680562037333982, 6.747647200321013], [2.6860412524754715, 2.083575427000424, 1.0939041822755775, 3.26541740823436, 3.6860507267263705, 4.350573013983331, 5.568091775464913, 6.472228102438912, 7.8140381864948685, 8.712299751500748, 8.275444162702085, 7.321903856238486, 7.124072444887124, 8.238470175342021, 6.102760153405999, 3.636323215832168, 2.399398166207518, 3.1596451240606123, 1.7879526671587254, 0.0, 1.7774428485889497, 6.4508450221657005, 9.110629606124924, 8.78413321051087, 6.658038331220391, 6.700910750786046, 8.149055402315042, 7.861529816136297, 9.151526483051885, 8.631883788026805, 5.447607630877981, 6.574867229077711], [3.411095186300142, 2.1156969253652567, 1.0932111598405867, 2.566234917150026, 2.393524514184052, 3.9232897254727446, 4.825747189814236, 5.637715758177242, 6.830700539476167, 7.707497495296383, 7.249966999235237, 6.257110857256725, 5.7656677878629115, 7.248414543194947, 5.3030759988897005, 4.215531531135783, 3.6451103357786034, 3.806968372603061, 1.7796010845130434, 1.7774428485889497, 0.0, 5.708598726482709, 7.950545097035801, 7.927836397151496, 5.273563476436024, 5.270916441189331, 6.716888287741579, 6.890695411204882, 8.041194503927883, 7.826146056009945, 4.6310807183636955, 6.023722211390562], [4.712494866840705, 4.435717752517624, 5.524335697620122, 3.450017682563381, 3.7729837078895527, 2.647597894318546, 2.129794177849118, 1.082318709992579, 2.193430030796515, 2.5702853576986344, 3.5433311629030664, 3.984963932082698, 4.341508726237919, 5.451906735262444, 3.5083908975483333, 4.362685653356198, 5.796635084253623, 4.615773201750709, 5.562846871881339, 6.4508450221657005, 5.708598726482709, 0.0, 4.285199197236927, 3.9894212813389363, 5.03375026992798, 3.6659460702525344, 5.068845553969859, 6.035945394882231, 6.051712594794965, 5.677188151717362, 4.236028633047704, 4.002119026215987], [7.982895937565514, 7.2843124191649, 8.249058507490416, 5.914837398441314, 5.563064326430173, 5.279969724345018, 3.875051240951531, 3.4268126575580404, 2.1299375812450463, 2.5743522097801614, 1.0966845535522054, 2.1761471319743064, 2.6867293462498227, 2.823609932338389, 3.4770523105067026, 7.507467154107303, 8.915825282047647, 8.312298431240302, 8.656338932828358, 9.110629606124924, 7.950545097035801, 4.285199197236927, 0.0, 1.7721388884621883, 3.7152420028848727, 3.0077378792042366, 2.4902826767256765, 3.8164670377195713, 2.634070365423065, 3.216192063605655, 4.303995940983216, 3.8825875469846136], [7.2886292119986456, 6.854997010940267, 8.03349998817452, 5.594681839926199, 5.595811978614006, 4.639154777542996, 3.3064584376640815, 3.071984978804421, 2.1135251926579914, 2.8456280818125195, 1.0972090457155372, 2.1840944805571025, 3.481253461039572, 2.6783626434820214, 2.8503197873221175, 6.6140711600344915, 8.172521722210348, 7.690595829322979, 8.515499837355408, 8.78413321051087, 7.927836397151496, 3.9894212813389363, 1.7721388884621883, 0.0, 4.334004552374167, 3.8502977793931734, 3.7337669999612992, 3.709717764197163, 2.985132246651729, 2.4762025502773395, 3.8658855984107965, 2.764886084452667], [6.597030566095627, 5.4214840200815875, 5.925753108255524, 4.170538712204935, 3.3015092457844184, 4.395982858246833, 3.586299466023439, 4.151693612250307, 4.121327266791609, 5.1135636947240615, 3.4904887924186205, 2.1893789667391985, 1.096135438711841, 2.7437052265139563, 2.785205624366, 6.499676965049879, 7.290039315394671, 7.173262106601152, 6.565164560009141, 6.658038331220391, 5.273563476436024, 5.03375026992798, 3.7152420028848727, 4.334004552374167, 0.0, 1.7662049399772384, 1.7679573891923979, 2.536830394409528, 3.0922608088581405, 3.7593218550690763, 2.4803404282477035, 3.7179943706251093], [6.256378744929051, 5.174947799736728, 5.778088709080193, 3.822494083710268, 3.0187973582206538, 3.8891631876278985, 2.907655473057288, 2.940652587437013, 2.8536951221179887, 3.663714067718713, 2.8034308373847923, 2.2062963286920456, 1.0945688511921028, 3.4735462829793993, 2.828064620902429, 6.164107234628548, 7.135645566450172, 6.588963027669832, 6.164291053316675, 6.700910750786046, 5.270916441189331, 3.6659460702525344, 3.0077378792042366, 3.8502977793931734, 1.7662049399772384, 0.0, 1.7648158374176042, 3.765302115368699, 3.7554643787419955, 4.348128618152872, 3.0323785070469023, 3.8745938896870213], [7.777723601414491, 6.706223977023136, 7.310525093999747, 5.35204780060866, 4.550485480693241, 5.300933781891639, 4.150518267638392, 4.197002470811758, 3.566010943617532, 4.2729642486217925, 2.784602912445507, 2.189425173418813, 1.0960006706202328, 2.73111867189985, 3.50019870007404, 7.5816417390958275, 8.599066178952224, 8.213837470999776, 7.801144555127792, 8.149055402315042, 6.716888287741579, 5.068845553969859, 2.4902826767256765, 3.7337669999612992, 1.7679573891923979, 1.7648158374176042, 0.0, 3.0789578529106243, 2.5189039640288, 3.7475473926289444, 3.7104844063814633, 4.3304593232127235], [7.396289809086714, 6.537000707511053, 7.3417675262841176, 5.382359566212574, 4.984535758724177, 5.122975906638641, 4.222062497168889, 4.970314853205982, 4.714500186658179, 5.802308438027057, 3.477803318188077, 2.1880443802628866, 2.7437840968268623, 1.0958111789902492, 2.7635146462430775, 6.977359553584723, 7.973723743019946, 8.161389836296266, 8.156875816757296, 7.861529816136297, 6.890695411204882, 6.035945394882231, 3.8164670377195713, 3.709717764197163, 2.536830394409528, 3.765302115368699, 3.0789578529106243, 0.0, 1.7710167870463567, 1.7691982647515794, 2.6266667337140435, 2.943509573621258], [8.457697101457347, 7.627947378554731, 8.49027838000616, 6.333459999084229, 5.878148583525259, 5.909398813754239, 4.702350366572019, 4.996520387229497, 4.226338447166767, 5.064115311680807, 2.763305227440501, 2.188246715980627, 2.739968782668883, 1.095802600836483, 3.481021916047068, 7.987330223547791, 9.178578563699284, 9.078918229613041, 9.17040215530377, 9.151526483051885, 8.041194503927883, 6.051712594794965, 2.634070365423065, 2.985132246651729, 3.0922608088581405, 3.7554643787419955, 2.5189039640288, 1.7710167870463567, 0.0, 1.7686917481573776, 3.8101361799809728, 3.688486823888626], [7.610775237779657, 7.023661379223802, 8.07950927532112, 5.84857757920676, 5.729866289015828, 5.169657290382023, 4.094680591938766, 4.610969576997879, 4.124033730463416, 5.118427361016272, 2.764313205843361, 2.1896116573493116, 3.4672807284671947, 1.0958007026827459, 2.765265451995522, 6.974512731366973, 8.269258347034516, 8.304978866920735, 8.822263584250926, 8.631883788026805, 7.826146056009945, 5.677188151717362, 3.216192063605655, 2.4762025502773395, 3.7593218550690763, 4.348128618152872, 3.7475473926289444, 1.7691982647515794, 1.7686917481573776, 0.0, 3.2145349912545673, 2.449356113348976], [4.783691859850507, 3.9407318634994692, 4.885116930023273, 2.8138790361349937, 2.710427158216948, 2.612344037449892, 2.1495920031485043, 3.3374182372007257, 3.894119099359957, 5.113767094813763, 3.470112287808566, 2.1718935194893882, 2.68885695045311, 2.818220071250647, 1.0969000182332025, 4.4376721837017215, 5.4149535048788735, 5.542150590700328, 5.680562037333982, 5.447607630877981, 4.6310807183636955, 4.236028633047704, 4.303995940983216, 3.8658855984107965, 2.4803404282477035, 3.0323785070469023, 3.7104844063814633, 2.6266667337140435, 3.8101361799809728, 3.2145349912545673, 0.0, 1.7556182671640213], [5.224138609378584, 4.817193743249279, 6.040590202952027, 3.7649598948727196, 4.044360349919378, 2.875693187737524, 2.113148764285184, 3.053128443089154, 3.3915866876728953, 4.572456831944944, 2.8704784775364542, 2.1830988891939827, 3.4825351340654125, 2.651448545606722, 1.0980640099739176, 4.535297733335707, 5.912839243544509, 5.915127855761024, 6.747647200321013, 6.574867229077711, 6.023722211390562, 4.002119026215987, 3.8825875469846136, 2.764886084452667, 3.7179943706251093, 3.8745938896870213, 4.3304593232127235, 2.943509573621258, 3.688486823888626, 2.449356113348976, 1.7556182671640213, 0.0]]}