{"total energy": -21.03800371, "HOMO-LUMO gap/eV": 6.84951108, "electronic energy": -21.42035921, "dipole": [0.24327279, -0.06443508, -0.1463222], "partial charges": [-0.09998575, -0.05102695, -0.05713537, -0.05066484, -0.03865145, -0.0288693, -0.11426999, 0.03183364, 0.03161555, 0.03127786, 0.02945615, 0.02908266, 0.02960966, 0.02959809, 0.03161347, 0.03125336, 0.0478077, 0.0488231, 0.06863242], "atomic dipole moments": [[-0.07698484, 0.02352791, 0.05750015], [-0.01024315, -0.03908349, -0.10494336], [0.00798489, 0.04534728, 0.09827143], [0.06607369, -0.08643415, 0.03760901], [-0.00358286, 0.05738447, -0.07260601], [0.35853522, -0.11234231, -0.20095119], [-0.28073905, 0.09086316, 0.1539364], [-0.00290765, -0.1215792, -0.03314189], [0.0023046, 0.0698581, -0.10503388], [0.107212, 0.02012625, 0.06090752], [0.01110946, -0.06738754, 0.10264983], [0.01343404, 0.11868103, 0.03402306], [-0.01242194, -0.11950549, -0.0323005], [-0.00319784, 0.0598696, -0.10759009], [0.00737288, 0.12372813, 0.02469426], [-0.09911292, -0.00653421, -0.07402842], [-0.00094692, -0.12712954, -0.02839006], [0.10188599, 0.01534619, 0.07973802], [-0.18111494, 0.05834787, 0.09960472]], "atomic quadrupole moments": [[0.1022458, -0.06403853, -0.10737657, -0.15275076, 0.05279361, 0.00513077], [0.21651702, -0.0189921, -0.20414348, -0.02995912, 0.08245096, -0.01237354], [0.22426873, -0.03995507, -0.18507217, -0.0120037, 0.08008008, -0.03919656], [-0.00385241, -0.06238082, -0.09773752, -0.16604869, -0.09682902, 0.10158993], [-0.0416583, -0.02275276, -0.05055741, -0.0882783, -0.13322223, 0.09221572], [-0.55517864, 0.33609658, 0.37506863, 0.56820086, -0.19073539, 0.18011001], [-0.643194, 0.38580548, 0.44168772, 0.66344312, -0.21996043, 0.20150629], [-0.03634174, 0.01679529, 0.07242645, -0.00894314, 0.02705063, -0.03608471], [-0.0376505, -0.01594944, -2.407e-05, 7.506e-05, -0.0574945, 0.03767457], [0.04814267, 0.01553065, -0.0481695, 0.04824742, 0.01902873, 2.684e-05], [-0.01696031, 0.00106748, -0.00245292, -0.00548356, -0.04716238, 0.01941324], [-0.01754686, 0.00153051, 0.05445215, -0.0020222, 0.01574916, -0.03690529], [-0.01588588, 0.00526041, 0.05835342, 0.00355345, 0.00804718, -0.04246754], [-0.01075797, -0.00022954, -0.01064055, -0.00470653, -0.04872431, 0.02139851], [-0.03233038, 0.02235242, 0.04243529, -0.0042838, 0.02541932, -0.01010491], [0.03354753, 0.02054288, -0.041759, 0.02839386, 0.00732343, 0.00821147], [-0.03733595, 0.01513141, 0.05220664, -0.00264723, 0.0213251, -0.0148707], [0.02094122, 0.02331987, -0.03007216, 0.03743441, 0.0063274, 0.00913094], [-0.02241224, 0.01340429, 0.01557888, 0.02345645, -0.00746011, 0.00683336]], "number of molecular orbitals": 40, "number of electrons": 40, "number of unpaired electrons": 0, "orbital energies/eV": [-17.04702872, -16.72449001, -16.36373819, -15.97767928, -15.45824273, -15.06983507, -14.27282289, -13.96329469, -13.74083443, -13.49095597, -13.17781896, -12.92488035, -12.61287262, -12.35123006, -12.08496895, -11.85368143, -11.57823205, -11.54278047, -10.86867878, -10.80674229, -3.9572312, -3.84992876, 1.04265092, 2.22751726, 3.08306058, 3.17544632, 3.65431838, 3.75991117, 4.15271082, 4.63309459, 4.76843895, 5.29287489, 5.66427573, 6.43345933, 6.69190047, 7.1268414, 7.95881025, 8.14748289, 8.54842304, 38.01707179], "fractional occupation": [2.0, 2.0, 2.0, 2.0, 2.0, 2.0, 2.0, 2.0, 2.0, 2.0, 2.0, 2.0, 2.0, 2.0, 2.0, 2.0, 2.0, 2.0, 2.0, 2.0, 0.0, 0.0, 0.0, 0.0, 0.0, 0.0, 0.0, 0.0, 0.0, 0.0, 0.0, 0.0, 0.0, 0.0, 0.0, 0.0, 0.0, 0.0, 0.0, 0.0], "program call": "xtb /home/svss/Project-DBcg-Debug/aqme2_20220329/End-to-End-workflows-final/example-3/QDESCP/mol_812_rdkit_conf_6/mol_812_rdkit_conf_6.xyz --pop --wbo --acc 0.2 --gfn 2 --chrg 0 --uhf 0 --etemp 300 --input /home/svss/Project-DBcg-Debug/aqme2_20220329/End-to-End-workflows-final/example-3/QDESCP/mol_812_rdkit_conf_6/mol_812_rdkit_conf_6_xtb.inp", "method": "GFN2-xTB", "xtb version": "6.3.3 (7355c4f)", "Dipole module/D": 0.74, "Total charge": 0, "Transition dipole module/D": NaN, "HOMO": -10.8067, "LUMO": -3.9572, "HOMO occupancy": 2.0, "LUMO occupancy": 0, "mulliken charges": [-0.08313, -0.04054, -0.04869, -0.0415, -0.0223, -0.02695, -0.10643, 0.02709, 0.0272, 0.02902, 0.02192, 0.02342, 0.02381, 0.02678, 0.02754, 0.02881, 0.0377, 0.03761, 0.05864], "cm5 charges": [-0.23354, -0.15317, -0.1591, -0.15023, -0.12496, -0.03916, -0.15789, 0.07839, 0.07848, 0.07978, 0.07721, 0.07824, 0.07901, 0.08168, 0.08277, 0.08378, 0.09315, 0.0935, 0.11206], "FUKUI+": [0.01, 0.007, 0.009, -0.007, 0.018, -0.233, -0.2, -0.014, -0.018, -0.023, -0.002, -0.014, -0.028, -0.045, -0.039, -0.036, -0.099, -0.097, -0.189], "FUKUI-": [0.021, 0.005, 0.014, 0.013, 0.005, -0.07, -0.095, -0.06, -0.08, -0.061, -0.088, -0.069, -0.057, -0.081, -0.057, -0.078, -0.078, -0.092, -0.091], "FUKUIrad": [0.015, 0.006, 0.011, 0.003, 0.011, -0.151, -0.147, -0.037, -0.049, -0.042, -0.045, -0.041, -0.042, -0.063, -0.048, -0.057, -0.089, -0.095, -0.14], "s proportion": [1.008, 1.027, 1.033, 1.032, 1.02, 1.113, 1.088, 0.973, 0.973, 0.971, 0.978, 0.977, 0.976, 0.973, 0.972, 0.971, 0.962, 0.962, 0.941], "p proportion": [3.075, 3.014, 3.016, 3.009, 3.002, 2.914, 3.018, 0.0, 0.0, 0.0, 0.0, 0.0, 0.0, 0.0, 0.0, 0.0, 0.0, 0.0, 0.0], "d proportion": [0.0, 0.0, 0.0, 0.0, 0.0, 0.0, 0.0, 0.0, 0.0, 0.0, 0.0, 0.0, 0.0, 0.0, 0.0, 0.0, 0.0, 0.0, 0.0], "Fermi-level/eV": -7.382, "Coordination numbers": [3.75, 3.799, 3.801, 3.804, 3.802, 1.965, 1.908, 0.924, 0.924, 0.924, 0.924, 0.924, 0.924, 0.924, 0.924, 0.923, 0.924, 0.924, 0.927], "Dispersion coefficient C6": [22.473, 21.491, 21.602, 21.48, 21.264, 31.838, 34.289, 2.561, 2.564, 2.568, 2.594, 2.6, 2.592, 2.592, 2.564, 2.569, 2.348, 2.335, 2.1], "Total dispersion C6": 2877.765975, "Total dispersion C8": 63758.92191, "Polarizability alpha": [6.761, 6.601, 6.617, 6.598, 6.565, 9.112, 9.457, 2.502, 2.504, 2.506, 2.519, 2.521, 2.518, 2.518, 2.504, 2.506, 2.396, 2.39, 2.266], "Total polarizability alpha": 81.362079, "Wiberg matrix": [[0.0, 1.01969494717877, 0.0, 0.0, 0.0, 0.0, 0.0, 0.9878235287711348, 0.9876503113822325, 0.987446166516572, 0.0, 0.0, 0.0, 0.0, 0.0, 0.0, 0.0, 0.0, 0.0], [1.01969494717877, 0.0, 1.0088328184314972, 0.0, 0.0, 0.0, 0.0, 0.0, 0.0, 0.0, 0.9763533785559659, 0.9779676253393867, 0.0, 0.0, 0.0, 0.0, 0.0, 0.0, 0.0], [0.0, 1.0088328184314972, 0.0, 1.0052407821882545, 0.0, 0.0, 0.0, 0.0, 0.0, 0.0, 0.0, 0.0, 0.9769840879136409, 0.9762681164154242, 0.0, 0.0, 0.0, 0.0, 0.0], [0.0, 0.0, 1.0052407821882545, 0.0, 0.9910459986580933, 0.0, 0.0, 0.0, 0.0, 0.0, 0.0, 0.0, 0.0, 0.0, 0.9777621335539832, 0.9777079026254365, 0.0, 0.0, 0.0], [0.0, 0.0, 0.0, 0.9910459986580933, 0.0, 1.0436951293716503, 0.0, 0.0, 0.0, 0.0, 0.0, 0.0, 0.0, 0.0, 0.0, 0.0, 0.9573592069699726, 0.9558532958339824, 0.0], [0.0, 0.0, 0.0, 0.0, 1.0436951293716503, 0.0, 2.902351263401999, 0.0, 0.0, 0.0, 0.0, 0.0, 0.0, 0.0, 0.0, 0.0, 0.0, 0.0, 0.0], [0.0, 0.0, 0.0, 0.0, 0.0, 2.902351263401999, 0.0, 0.0, 0.0, 0.0, 0.0, 0.0, 0.0, 0.0, 0.0, 0.0, 0.0, 0.0, 0.9707583653751127], [0.9878235287711348, 0.0, 0.0, 0.0, 0.0, 0.0, 0.0, 0.0, 0.0, 0.0, 0.0, 0.0, 0.0, 0.0, 0.0, 0.0, 0.0, 0.0, 0.0], [0.9876503113822325, 0.0, 0.0, 0.0, 0.0, 0.0, 0.0, 0.0, 0.0, 0.0, 0.0, 0.0, 0.0, 0.0, 0.0, 0.0, 0.0, 0.0, 0.0], [0.987446166516572, 0.0, 0.0, 0.0, 0.0, 0.0, 0.0, 0.0, 0.0, 0.0, 0.0, 0.0, 0.0, 0.0, 0.0, 0.0, 0.0, 0.0, 0.0], [0.0, 0.9763533785559659, 0.0, 0.0, 0.0, 0.0, 0.0, 0.0, 0.0, 0.0, 0.0, 0.0, 0.0, 0.0, 0.0, 0.0, 0.0, 0.0, 0.0], [0.0, 0.9779676253393867, 0.0, 0.0, 0.0, 0.0, 0.0, 0.0, 0.0, 0.0, 0.0, 0.0, 0.0, 0.0, 0.0, 0.0, 0.0, 0.0, 0.0], [0.0, 0.0, 0.9769840879136409, 0.0, 0.0, 0.0, 0.0, 0.0, 0.0, 0.0, 0.0, 0.0, 0.0, 0.0, 0.0, 0.0, 0.0, 0.0, 0.0], [0.0, 0.0, 0.9762681164154242, 0.0, 0.0, 0.0, 0.0, 0.0, 0.0, 0.0, 0.0, 0.0, 0.0, 0.0, 0.0, 0.0, 0.0, 0.0, 0.0], [0.0, 0.0, 0.0, 0.9777621335539832, 0.0, 0.0, 0.0, 0.0, 0.0, 0.0, 0.0, 0.0, 0.0, 0.0, 0.0, 0.0, 0.0, 0.0, 0.0], [0.0, 0.0, 0.0, 0.9777079026254365, 0.0, 0.0, 0.0, 0.0, 0.0, 0.0, 0.0, 0.0, 0.0, 0.0, 0.0, 0.0, 0.0, 0.0, 0.0], [0.0, 0.0, 0.0, 0.0, 0.9573592069699726, 0.0, 0.0, 0.0, 0.0, 0.0, 0.0, 0.0, 0.0, 0.0, 0.0, 0.0, 0.0, 0.0, 0.0], [0.0, 0.0, 0.0, 0.0, 0.9558532958339824, 0.0, 0.0, 0.0, 0.0, 0.0, 0.0, 0.0, 0.0, 0.0, 0.0, 0.0, 0.0, 0.0, 0.0], [0.0, 0.0, 0.0, 0.0, 0.0, 0.0, 0.9707583653751127, 0.0, 0.0, 0.0, 0.0, 0.0, 0.0, 0.0, 0.0, 0.0, 0.0, 0.0, 0.0]], "Born radii": [], "Atomic SASAs": [], "Solvent H bonds": [], "Total SASA": NaN, "Total FOD": 0.0, "FOD": [0.0, 0.0, 0.0, 0.0, 0.0, 0.0, 0.0, 0.0, 0.0, 0.0, 0.0, 0.0, 0.0, 0.0, 0.0, 0.0, 0.0, 0.0, 0.0], "FOD s proportion": [0.0, 0.0, 0.0, 0.0, 0.0, 0.0, 0.0, 0.0, 0.0, 0.0, 0.0, 0.0, 0.0, 0.0, 0.0, 0.0, 0.0, 0.0, 0.0], "FOD p proportion": [0.0, 0.0, 0.0, 0.0, 0.0, 0.0, 0.0, 0.0, 0.0, 0.0, 0.0, 0.0, 0.0, 0.0, 0.0, 0.0, 0.0, 0.0, 0.0], "FOD d proportion": [0.0, 0.0, 0.0, 0.0, 0.0, 0.0, 0.0, 0.0, 0.0, 0.0, 0.0, 0.0, 0.0, 0.0, 0.0, 0.0, 0.0, 0.0, 0.0], "coordinates": [["2.71140", "-0.20150", "-1.16300"], ["1.53650", "0.16540", "-0.26910"], ["0.20230", "-0.07110", "-0.97770"], ["-1.00970", "0.38850", "-0.16210"], ["-1.22200", "-0.41870", "1.11940"], ["-2.46380", "-0.01500", "1.79740"], ["-3.47660", "0.31220", "2.35340"], ["2.67050", "-1.25690", "-1.45070"], ["2.71520", "0.40400", "-2.07500"], ["3.65580", "-0.02880", "-0.63730"], ["1.59340", "-0.43320", "0.64620"], ["1.62240", "1.21840", "0.02270"], ["0.09710", "-1.13440", "-1.22550"], ["0.20060", "0.47560", "-1.92910"], ["-0.90850", "1.45430", "0.07970"], ["-1.90130", "0.30070", "-0.79690"], ["-1.26760", "-1.48790", "0.88250"], ["-0.38000", "-0.27410", "1.80470"], ["-4.37550", "0.60270", "2.84670"]], "bond_dist": [[0.0, 1.5212044011243195, 2.519310036498088, 3.898267053448237, 4.552819034400555, 5.965018478596693, 7.135846176172802, 1.0946749563226519, 1.0947094089300595, 1.094567101643385, 2.1393488565449066, 2.1466069738077342, 2.7764677469763623, 2.71099433049942, 4.170090279598273, 4.654378083052558, 4.655248243649312, 4.285938404830382, 8.18221139668244], [1.5212044011243195, 0.0, 1.5290964161883318, 2.558194099359937, 3.1429965494731293, 4.506147634066155, 5.659525430634622, 2.169117758444663, 2.1696862584253975, 2.159795677836216, 1.0951409315699967, 1.096054309785788, 2.1624184053970685, 2.153242403910902, 2.7858481024635924, 3.4807108138999427, 3.4529060601180563, 2.8577576769208406, 6.697102726552729], [2.519310036498088, 1.5290964161883318, 0.0, 1.5314631957706328, 2.5587662378576126, 3.8486902226601716, 4.977695381398906, 2.77882383032822, 2.7828858600381006, 3.470493293467083, 2.168715479264166, 2.1633988120547722, 1.0968494746317747, 1.097290180398968, 2.1630572253179063, 2.1438416079552147, 2.761932709173053, 2.8499179023263106, 6.0030237913904685], [3.898267053448237, 2.558194099359937, 1.5314631957706328, 0.0, 1.5293414857382244, 2.473228519567086, 3.5240825118036043, 4.232222012134997, 4.1873985563831875, 4.708167858095121, 2.8468701041670306, 2.7660143636648025, 2.1621864420072567, 2.143525483869973, 1.097560166915691, 1.098012040006848, 2.1630022029577316, 2.1688391111375687, 4.519664668977113], [4.552819034400555, 3.1429965494731293, 2.5587662378576126, 1.5293414857382244, 0.0, 1.471300421395984, 2.6721137644194717, 4.7391507150543335, 5.1363966445359335, 5.199129709864912, 2.854926557724384, 3.460268582061225, 2.784027174795533, 3.48093600917914, 2.1650374915922352, 2.156661897470255, 1.0960791987808178, 1.0952210964001743, 3.737831657525523], [5.965018478596693, 4.506147634066155, 3.8486902226601716, 2.473228519567086, 1.471300421395984, 0.0, 1.2008162557194169, 6.201089074509412, 6.480207076938206, 6.58615659470681, 4.238044893580057, 4.6225389224970295, 4.116939346164818, 4.6072245408705665, 2.7437736550233147, 2.673287345198791, 2.106506790874409, 2.099859171468411, 2.266534947888516], [7.135846176172802, 5.659525430634622, 4.977695381398906, 3.5240825118036043, 2.6721137644194717, 1.2008162557194169, 0.0, 7.397302888891329, 7.612985028226444, 7.741556513389281, 5.4013936164660326, 5.679186731390332, 5.26046656295808, 5.646973140541754, 3.6151406210547328, 3.5222283330301005, 3.206803364723194, 3.199023435362736, 1.0657187011589875], [1.0946749563226519, 2.169117758444663, 2.77882383032822, 4.232222012134997, 4.7391507150543335, 6.201089074509412, 7.397302888891329, 0.0, 1.7749189812495667, 1.7721922186941235, 2.4971214848300836, 3.0653762020345887, 2.586137825020159, 3.0546405385904247, 4.743624205183206, 4.8739026908628365, 4.583210103191868, 4.568268298819587, 8.460016248211346], [1.0947094089300595, 2.1696862584253975, 2.7828858600381006, 4.1873985563831875, 5.1363966445359335, 6.480207076938206, 7.612985028226444, 1.7749189812495667, 0.0, 1.7717295194244524, 3.060109233344457, 2.5015604110234877, 3.153216202546219, 2.5198465290568786, 4.344774317499127, 4.791271517040127, 5.309311414863513, 5.009206997120402, 8.633692087977193], [1.094567101643385, 2.159795677836216, 3.470493293467083, 4.708167858095121, 5.199129709864912, 6.58615659470681, 7.741556513389281, 1.7721922186941235, 1.7717295194244524, 0.0, 2.4626013420771136, 2.4750400804835464, 3.7726219383871475, 3.7231134336734892, 4.852474533678667, 5.569147405124055, 5.3552434501150366, 4.723475175122656, 8.777176535765928], [2.1393488565449066, 1.0951409315699967, 2.168715479264166, 2.8468701041670306, 2.854926557724384, 4.238044893580057, 5.4013936164660326, 2.4971214848300836, 3.060109233344457, 2.4626013420771136, 0.0, 1.7656091894867334, 2.496769116278075, 3.0656123972218015, 3.1848205773638174, 3.8515029417098985, 3.0583575297862087, 2.2938488659892133, 6.445390311687881], [2.1466069738077342, 1.096054309785788, 2.1633988120547722, 2.7660143636648025, 3.460268582061225, 4.6225389224970295, 5.679186731390332, 3.0653762020345887, 2.5015604110234877, 2.4750400804835464, 1.7656091894867334, 0.0, 3.069236251903721, 2.5264184768165387, 2.542509118961031, 3.7323423128110846, 4.051594220797536, 3.068010105915559, 6.657992708016433], [2.7764677469763623, 2.1624184053970685, 1.0968494746317747, 2.1621864420072567, 2.784027174795533, 4.116939346164818, 5.26046656295808, 2.586137825020159, 3.153216202546219, 3.7726219383871475, 2.496769116278075, 3.069236251903721, 0.0, 1.7600753421373756, 3.0685739505509724, 2.4973611132553497, 2.5359480160287196, 3.1858833217806324, 6.293209039115099], [2.71099433049942, 2.153242403910902, 1.097290180398968, 2.143525483869973, 3.48093600917914, 4.6072245408705665, 5.646973140541754, 3.0546405385904247, 2.5198465290568786, 3.7231134336734892, 3.0656123972218015, 2.5264184768165387, 1.7600753421373756, 0.0, 2.4946410443188016, 2.393835930050345, 3.730420626417348, 3.852325127763751, 6.615520482924983], [4.170090279598273, 2.7858481024635924, 2.1630572253179063, 1.097560166915691, 2.1650374915922352, 2.7437736550233147, 3.6151406210547328, 4.743624205183206, 4.344774317499127, 4.852474533678667, 3.1848205773638174, 2.542509118961031, 3.0685739505509724, 2.4946410443188016, 0.0, 1.7563804713102456, 3.0708274927126724, 2.4984602878573035, 4.516813097749341], [4.654378083052558, 3.4807108138999427, 2.1438416079552147, 1.098012040006848, 2.156661897470255, 2.673287345198791, 3.5222283330301005, 4.8739026908628365, 4.791271517040127, 5.569147405124055, 3.8515029417098985, 3.7323423128110846, 2.4973611132553497, 2.393835930050345, 1.7563804713102456, 0.0, 2.5339790863383227, 3.0680728951574796, 4.414599710052996], [4.655248243649312, 3.4529060601180563, 2.761932709173053, 2.1630022029577316, 1.0960791987808178, 2.106506790874409, 3.206803364723194, 4.583210103191868, 5.309311414863513, 5.3552434501150366, 3.0583575297862087, 4.051594220797536, 2.5359480160287196, 3.730420626417348, 3.0708274927126724, 2.5339790863383227, 0.0, 1.7639719498903603, 4.229389129649812], [4.285938404830382, 2.8577576769208406, 2.8499179023263106, 2.1688391111375687, 1.0952210964001743, 2.099859171468411, 3.199023435362736, 4.568268298819587, 5.009206997120402, 4.723475175122656, 2.2938488659892133, 3.068010105915559, 3.1858833217806324, 3.852325127763751, 2.4984602878573035, 3.0680728951574796, 1.7639719498903603, 0.0, 4.221203914761759], [8.18221139668244, 6.697102726552729, 6.0030237913904685, 4.519664668977113, 3.737831657525523, 2.266534947888516, 1.0657187011589875, 8.460016248211346, 8.633692087977193, 8.777176535765928, 6.445390311687881, 6.657992708016433, 6.293209039115099, 6.615520482924983, 4.516813097749341, 4.414599710052996, 4.229389129649812, 4.221203914761759, 0.0]]}