{"total energy": -74.02030674, "HOMO-LUMO gap/eV": 2.63999129, "electronic energy": -74.79738813, "dipole": [3.11696576, -0.0661537, 0.17308712], "partial charges": [0.03032631, -0.25243171, 0.15165995, -0.10414229, 0.2311456, -0.37729546, -0.09269006, -0.00947244, -0.10764904, 0.11256022, -0.23830066, 0.14229301, 0.03900753, -0.12945606, 0.14135781, -0.2339018, 0.02782163, -0.11490818, 0.15789836, -0.22396894, 0.02656831, -0.07039827, 0.22568539, -0.36416239, 0.07166156, 0.05604893, 0.0551096, 0.07478031, 0.08582679, 0.07613173, 0.04599162, 0.05570374, 0.04949545, 0.04532593, 0.05075352, 0.05086422, 0.07456147, 0.06289987, 0.05013472, 0.05028775, 0.07687597], "atomic dipole moments": [[0.0792189, 0.20967607, -0.11159575], [-0.23051154, -0.03689601, 0.08538431], [0.25110262, -0.11391923, -0.01794841], [-0.02339138, 0.03751917, -0.00494281], [-0.01703508, 0.03477721, -0.00725371], [0.17758978, -0.00388397, -0.04279034], [0.06302476, -0.08630884, -0.03563548], [-0.00751844, -0.10755582, 0.0555262], [0.04281107, 0.04500001, 0.11915861], [0.10772399, -0.06629461, -0.11491905], [0.05760142, 0.12206556, 0.19770097], [-0.21302413, -0.04930136, -0.04741747], [-0.00653602, -0.09394608, -0.15376951], [-0.01203387, 0.0159083, 0.05985082], [0.16630967, -0.06677882, -0.13081174], [0.05025505, 0.12454325, 0.20958948], [-0.2376622, -0.05063139, -0.06318979], [-0.05269573, -0.02344403, -0.0296511], [-0.01150557, 0.11745607, 0.19734473], [0.22226806, -0.04390575, -0.09126976], [-0.20617416, -0.08469591, -0.122633], [0.01700805, 0.00914609, 0.01453783], [-0.05534669, -0.0184034, -0.01118601], [0.05629547, -0.09073389, -0.14536793], [0.08942998, -0.09144358, 0.01111802], [-0.09182762, -0.05072793, -0.07315337], [-0.03317241, 0.03005989, 0.11991319], [-0.08597205, -0.11270963, 0.07377845], [0.04283542, 0.08065913, 0.10097604], [-0.09139125, 0.0695117, -0.0640422], [0.05608436, 0.10818931, -0.03035926], [0.09237531, -0.01531207, -0.0890521], [-0.08102372, 0.08114471, -0.05498547], [-0.06382599, -0.11428447, 0.00628704], [0.01314506, 0.12591388, -0.00071554], [0.02315582, -0.05898469, 0.11000065], [0.08879368, -0.04389478, -0.0813888], [0.13870154, 0.04637529, 0.05597148], [0.05707927, 0.08337522, -0.07560611], [0.06810818, -0.10135097, 0.03334559], [-0.02346748, 0.06329907, 0.10956399]], "atomic quadrupole moments": [[-0.12875597, 0.21028728, 0.25421438, -0.13733182, -0.29217355, -0.12545841], [0.0042461, 0.02533441, 0.0341962, -0.03211883, -0.05185452, -0.03844229], [-0.34251596, -0.03902376, 0.12536266, 0.23922103, 0.14041641, 0.2171533], [-0.1672958, -0.05863337, -0.08218691, 0.2069439, 0.21215355, 0.24948271], [-0.23364858, 0.09735348, -0.22599718, 0.17919337, 0.25158616, 0.45964576], [-0.08872493, 0.02387801, -0.09984337, 0.08459992, 0.11821106, 0.1885683], [0.08173968, 0.04324553, -0.0251956, -0.23104525, -0.04656121, -0.05654409], [0.05859361, -0.17066458, -0.1132663, 0.02803959, 0.03140771, 0.05467269], [-0.06659821, 0.0342015, -0.07592771, 0.11707959, 0.12389814, 0.14252592], [0.1133541, -0.10328078, -0.13315222, -0.20481631, 0.14077764, 0.01979813], [0.03606928, -0.01067138, -0.05485583, -0.02705688, 0.06032142, 0.01878656], [0.0006158, 0.05552907, 0.1355296, 0.12919881, -0.23980453, -0.1361454], [-0.3511678, -0.02566272, 0.16631687, 0.02645636, 0.02017887, 0.18485093], [-0.25500691, 0.02737027, -0.0343651, 0.04924805, 0.31173338, 0.28937201], [-0.03682087, -0.14577364, 0.15002542, -0.18774947, -0.29091114, -0.11320455], [0.08734603, 0.02649835, -0.06152756, 0.02631981, 0.03473964, -0.02581847], [0.39305394, 0.15993616, -0.22824297, 0.20608967, 0.08375896, -0.16481097], [-0.17263566, -0.04102263, 0.20349329, 0.00514017, -0.23046641, -0.03085763], [-0.41561665, -0.00803046, 0.27896895, 0.09302606, -0.12730697, 0.13664771], [0.05808835, 0.03669646, -0.04807671, 0.04832231, 0.04358139, -0.01001164], [0.30950352, 0.19053868, -0.20219157, 0.26345957, 0.12031348, -0.10731196], [-0.13274579, -0.06561843, 0.11453351, -0.06361465, -0.10228016, 0.01821228], [-0.32689941, -0.05549787, 0.32565917, 0.02882142, -0.32909035, 0.00124024], [-0.12969359, -0.03125674, 0.14007821, 0.00316419, -0.16580096, -0.01038462], [0.03537285, -0.05184281, 0.01195379, -0.00561894, -0.01190091, -0.04732663], [0.01963918, 0.03268624, -0.01826151, 0.04512214, -0.00080532, -0.00137767], [-0.03451373, -0.0006826, -0.00637358, -0.03833621, 0.02254352, 0.04088731], [0.0068299, -0.01658026, 0.03237303, -0.0124332, -0.03175187, -0.03920293], [0.00113736, 0.02261145, -0.02481725, 0.01911537, 0.03718495, 0.02367989], [0.01511529, -0.0333825, -0.01868258, 0.02097783, -0.03354817, 0.0035673], [-0.0034268, 0.03044393, 0.00425437, -0.00215339, 0.00094498, -0.00082757], [0.0439007, -0.00632622, -0.04429814, -0.0498086, 0.01593662, 0.00039745], [0.00164035, -0.06071222, 0.02533799, 0.02685574, -0.01686765, -0.02697835], [-0.02199155, 0.0496381, 0.0470134, -0.00993441, -0.02672235, -0.02502185], [-0.01462672, 7.731e-05, 0.06259244, 0.01139473, 0.01061693, -0.04796572], [-0.01512625, 0.00974426, -0.03009644, 0.01131931, -0.04019541, 0.04522269], [0.01341624, -0.02147524, -0.03082584, -0.04237907, 0.04048075, 0.0174096], [0.03474048, 0.00346651, -0.03983995, -0.00701402, 0.04240059, 0.00509947], [-0.00425028, 0.03569448, -0.01488541, -0.01747111, -0.04086638, 0.01913569], [0.00382008, -0.03586312, 0.03998674, 0.02119479, -0.00370137, -0.04380682], [-0.01369699, -0.01166773, -0.02340191, -0.02410231, 0.05216401, 0.0370989]], "number of molecular orbitals": 118, "number of electrons": 128, "number of unpaired electrons": 0, "orbital energies/eV": [-28.64421603, -20.15897466, -20.12800441, -20.05820756, -19.92689253, -19.46348965, -19.05046725, -18.85842103, -18.7364346, -18.64183659, -18.33972318, -18.17536044, -18.06267248, -17.88370308, -17.53528403, -17.30503363, -17.19021517, -17.06936872, -16.78152426, -16.50028349, -16.4734146, -16.20702413, -16.12476934, -16.04710961, -15.83846824, -15.70682368, -15.64437773, -15.57509554, -15.47030487, -15.41469311, -15.32095372, -15.12771861, -14.93042376, -14.82507886, -14.62491464, -14.47159079, -14.41760195, -14.30389742, -14.17628571, -14.08029369, -13.93355848, -13.72527287, -13.6832064, -13.57726088, -13.50319154, -13.42115243, -13.39528086, -13.27196852, -13.05578567, -13.01386941, -12.92226569, -12.8357055, -12.71105594, -12.62344884, -12.28156136, -12.23336544, -12.14153004, -11.81285892, -11.40080319, -11.22049921, -11.18618015, -10.77947993, -10.61557789, -10.5437037, -7.90371241, -7.46685618, -6.63393968, -5.77385887, -4.78325802, -4.00284144, -2.94199438, -1.29364126, -0.8991467, -0.26141044, 0.04305916, 0.39232527, 0.59177059, 0.60293917, 0.91524277, 0.93607632, 1.61124325, 1.65860293, 1.87748041, 1.95581154, 2.36687428, 2.53586341, 3.00089618, 3.07419315, 3.24594913, 3.39444207, 3.5193805, 3.60105739, 3.83839876, 3.92546812, 4.58415633, 4.71085979, 4.87329687, 4.95046475, 4.96841324, 5.13555191, 5.17704786, 5.46997108, 5.68730598, 5.90966537, 6.22087074, 6.44994094, 6.77381189, 7.96514342, 9.36712875, 9.64564876, 9.75025437, 11.15755859, 11.44520535, 13.09232915, 14.90648296, 16.26725001, 17.59825633, 19.04684335], "fractional occupation": [2.0, 2.0, 2.0, 2.0, 2.0, 2.0, 2.0, 2.0, 2.0, 2.0, 2.0, 2.0, 2.0, 2.0, 2.0, 2.0, 2.0, 2.0, 2.0, 2.0, 2.0, 2.0, 2.0, 2.0, 2.0, 2.0, 2.0, 2.0, 2.0, 2.0, 2.0, 2.0, 2.0, 2.0, 2.0, 2.0, 2.0, 2.0, 2.0, 2.0, 2.0, 2.0, 2.0, 2.0, 2.0, 2.0, 2.0, 2.0, 2.0, 2.0, 2.0, 2.0, 2.0, 2.0, 2.0, 2.0, 2.0, 2.0, 2.0, 2.0, 2.0, 2.0, 2.0, 2.0, 0.0, 0.0, 0.0, 0.0, 0.0, 0.0, 0.0, 0.0, 0.0, 0.0, 0.0, 0.0, 0.0, 0.0, 0.0, 0.0, 0.0, 0.0, 0.0, 0.0, 0.0, 0.0, 0.0, 0.0, 0.0, 0.0, 0.0, 0.0, 0.0, 0.0, 0.0, 0.0, 0.0, 0.0, 0.0, 0.0, 0.0, 0.0, 0.0, 0.0, 0.0, 0.0, 0.0, 0.0, 0.0, 0.0, 0.0, 0.0, 0.0, 0.0, 0.0, 0.0, 0.0, 0.0], "program call": "xtb /home/svss/Project-DBcg-Debug/aqme2_20220329/End-to-End-workflows-final/example-3/QDESCP/mol_1062_rdkit_conf_2/mol_1062_rdkit_conf_2.xyz --pop --wbo --acc 0.2 --gfn 2 --chrg 0 --uhf 0 --etemp 300 --input /home/svss/Project-DBcg-Debug/aqme2_20220329/End-to-End-workflows-final/example-3/QDESCP/mol_1062_rdkit_conf_2/mol_1062_rdkit_conf_2_xtb.inp", "method": "GFN2-xTB", "xtb version": "6.3.3 (7355c4f)", "Dipole module/D": 7.937, "Total charge": 0, "Transition dipole module/D": NaN, "HOMO": -10.5437, "LUMO": -7.9037, "HOMO occupancy": 2.0, "LUMO occupancy": 0, "mulliken charges": [0.17107, -0.40307, 0.27247, -0.15564, 0.38897, -0.5083, -0.09778, -0.01194, -0.08621, 0.1856, -0.40448, 0.25097, 0.02729, -0.0742, 0.25963, -0.40329, 0.17061, -0.17376, 0.29183, -0.38531, 0.16892, -0.12893, 0.38369, -0.49581, 0.04477, 0.03576, 0.03647, 0.07185, 0.07671, 0.06325, 0.04271, 0.04658, 0.03809, 0.03706, 0.02958, 0.02983, 0.04743, 0.04989, 0.02808, 0.02855, 0.05109], "cm5 charges": [0.04971, -0.48714, 0.29219, -0.20238, 0.41238, -0.556, -0.19502, -0.07247, -0.23189, 0.2034, -0.46717, 0.2755, 0.03072, -0.0714, 0.27891, -0.48927, 0.04917, -0.22158, 0.31201, -0.47102, 0.04759, -0.12271, 0.42074, -0.54087, 0.10379, 0.09493, 0.09565, 0.13437, 0.13707, 0.12186, 0.10443, 0.10151, 0.08978, 0.09121, 0.08873, 0.08898, 0.10651, 0.11264, 0.08724, 0.08771, 0.11018], "FUKUI+": [0.016, -0.026, -0.029, -0.018, -0.028, -0.091, 0.01, -0.002, 0.012, -0.002, -0.036, -0.016, -0.016, -0.071, -0.044, -0.043, 0.018, -0.012, -0.031, -0.029, 0.016, -0.018, -0.044, -0.105, -0.026, -0.02, -0.017, -0.043, -0.022, -0.036, -0.02, -0.015, -0.026, -0.011, -0.019, -0.018, -0.03, -0.043, -0.02, -0.019, -0.027], "FUKUI-": [0.014, -0.025, -0.012, -0.018, -0.015, -0.113, -0.005, 0.002, 0.011, -0.003, -0.031, -0.01, -0.024, -0.166, -0.015, -0.039, 0.017, -0.014, -0.018, -0.049, 0.017, -0.018, -0.003, -0.051, -0.022, -0.017, -0.017, -0.038, -0.032, -0.035, -0.031, -0.014, -0.023, -0.015, -0.022, -0.022, -0.028, -0.035, -0.026, -0.025, -0.028], "FUKUIrad": [0.015, -0.025, -0.021, -0.018, -0.021, -0.102, 0.003, 0.0, 0.011, -0.002, -0.034, -0.013, -0.02, -0.118, -0.03, -0.041, 0.017, -0.013, -0.024, -0.039, 0.017, -0.018, -0.023, -0.078, -0.024, -0.019, -0.017, -0.041, -0.027, -0.035, -0.026, -0.015, -0.024, -0.013, -0.021, -0.02, -0.029, -0.039, -0.023, -0.022, -0.027], "s proportion": [0.974, 1.686, 1.045, 1.069, 1.057, 1.737, 1.047, 1.064, 1.013, 1.067, 1.705, 1.022, 1.063, 1.944, 1.025, 1.681, 0.972, 1.054, 1.011, 1.676, 0.972, 1.063, 1.047, 1.73, 0.955, 0.964, 0.964, 0.928, 0.923, 0.937, 0.957, 0.953, 0.962, 0.963, 0.97, 0.97, 0.953, 0.95, 0.972, 0.971, 0.949], "p proportion": [2.855, 4.717, 2.682, 3.087, 2.554, 4.771, 3.051, 2.948, 3.073, 2.747, 4.7, 2.727, 2.91, 5.14, 2.715, 4.722, 2.857, 3.12, 2.697, 4.709, 2.859, 3.066, 2.569, 4.765, 0.0, 0.0, 0.0, 0.0, 0.0, 0.0, 0.0, 0.0, 0.0, 0.0, 0.0, 0.0, 0.0, 0.0, 0.0, 0.0, 0.0], "d proportion": [0.0, 0.0, 0.0, 0.0, 0.0, 0.0, 0.0, 0.0, 0.0, 0.0, 0.0, 0.0, 0.0, -0.009, 0.0, 0.0, 0.0, 0.0, 0.0, 0.0, 0.0, 0.0, 0.0, 0.0, 0.0, 0.0, 0.0, 0.0, 0.0, 0.0, 0.0, 0.0, 0.0, 0.0, 0.0, 0.0, 0.0, 0.0, 0.0, 0.0, 0.0], "Fermi-level/eV": -9.2237, "Coordination numbers": [3.634, 1.701, 2.835, 2.89, 2.818, 0.858, 3.805, 3.851, 3.75, 3.863, 1.701, 3.035, 2.879, 0.953, 2.878, 1.703, 3.638, 2.918, 2.854, 1.704, 3.641, 3.001, 2.907, 0.857, 0.924, 0.924, 0.924, 0.925, 0.924, 0.924, 0.923, 0.924, 0.924, 0.924, 0.924, 0.924, 0.924, 0.925, 0.924, 0.924, 0.924], "Dispersion coefficient C6": [20.445, 18.183, 24.704, 30.626, 23.158, 21.232, 22.264, 20.711, 22.622, 18.703, 17.95, 24.871, 27.123, 103.192, 24.919, 17.878, 20.472, 30.913, 24.581, 17.716, 20.481, 29.74, 23.269, 20.978, 2.067, 2.246, 2.257, 2.034, 1.92, 2.02, 2.371, 2.25, 2.326, 2.379, 2.311, 2.309, 2.036, 2.165, 2.318, 2.316, 2.012], "Total dispersion C6": 20825.776503, "Total dispersion C8": 513168.395568, "Polarizability alpha": [6.507, 5.757, 8.145, 9.073, 7.885, 6.178, 6.717, 6.473, 6.783, 6.15, 5.72, 8.18, 8.538, 15.541, 8.183, 5.709, 6.509, 9.117, 8.126, 5.683, 6.508, 8.946, 7.91, 6.141, 2.249, 2.344, 2.35, 2.23, 2.167, 2.222, 2.408, 2.346, 2.385, 2.412, 2.377, 2.376, 2.232, 2.301, 2.381, 2.38, 2.218], "Total polarizability alpha": 219.857352, "Wiberg matrix": [[0.0, 0.9729612704826416, 0.0, 0.0, 0.0, 0.0, 0.0, 0.0, 0.0, 0.0, 0.0, 0.0, 0.0, 0.0, 0.0, 0.0, 0.0, 0.0, 0.0, 0.0, 0.0, 0.0, 0.0, 0.0, 0.9780054125922326, 0.9760559093846214, 0.9761918198680436, 0.0, 0.0, 0.0, 0.0, 0.0, 0.0, 0.0, 0.0, 0.0, 0.0, 0.0, 0.0, 0.0, 0.0], [0.9729612704826416, 0.0, 1.0920962747357181, 0.10814267485239404, 0.0, 0.0, 0.0, 0.0, 0.0, 0.0, 0.0, 0.0, 0.0, 0.0, 0.0, 0.0, 0.0, 0.0, 0.0, 0.0, 0.0, 0.0, 0.0, 0.0, 0.0, 0.0, 0.0, 0.0, 0.0, 0.0, 0.0, 0.0, 0.0, 0.0, 0.0, 0.0, 0.0, 0.0, 0.0, 0.0, 0.0], [0.0, 1.0920962747357181, 0.0, 1.6940111942938967, 0.0, 0.0, 0.0, 0.0, 0.0, 0.9590323115392744, 0.0, 0.0, 0.0, 0.0, 0.0, 0.0, 0.0, 0.0, 0.0, 0.0, 0.0, 0.0, 0.0, 0.0, 0.0, 0.0, 0.0, 0.0, 0.0, 0.0, 0.0, 0.0, 0.0, 0.0, 0.0, 0.0, 0.0, 0.0, 0.0, 0.0, 0.0], [0.0, 0.10814267485239404, 1.6940111942938967, 0.0, 1.0748789300727168, 0.0, 0.0, 0.0, 0.0, 0.0, 0.0, 0.0, 0.0, 0.0, 0.0, 0.0, 0.0, 0.0, 0.0, 0.0, 0.0, 0.0, 0.0, 0.0, 0.0, 0.0, 0.0, 0.9556835372035928, 0.0, 0.0, 0.0, 0.0, 0.0, 0.0, 0.0, 0.0, 0.0, 0.0, 0.0, 0.0, 0.0], [0.0, 0.0, 0.0, 1.0748789300727168, 0.0, 1.7864083562754025, 0.9936155678323327, 0.0, 0.0, 0.0, 0.0, 0.0, 0.0, 0.0, 0.0, 0.0, 0.0, 0.0, 0.0, 0.0, 0.0, 0.0, 0.0, 0.0, 0.0, 0.0, 0.0, 0.0, 0.0, 0.0, 0.0, 0.0, 0.0, 0.0, 0.0, 0.0, 0.0, 0.0, 0.0, 0.0, 0.0], [0.0, 0.0, 0.0, 0.0, 1.7864083562754025, 0.0, 0.0, 0.0, 0.0, 0.0, 0.0, 0.0, 0.0, 0.0, 0.0, 0.0, 0.0, 0.0, 0.0, 0.0, 0.0, 0.0, 0.0, 0.0, 0.0, 0.0, 0.0, 0.0, 0.0, 0.0, 0.0, 0.0, 0.0, 0.0, 0.0, 0.0, 0.0, 0.0, 0.0, 0.0, 0.0], [0.0, 0.0, 0.0, 0.0, 0.9936155678323327, 0.0, 0.0, 0.9916124243664213, 0.0, 0.0, 0.0, 0.0, 0.0, 0.0, 0.0, 0.0, 0.0, 0.0, 0.0, 0.0, 0.0, 0.0, 0.0, 0.0, 0.0, 0.0, 0.0, 0.0, 0.940600645372068, 0.9618046815260844, 0.0, 0.0, 0.0, 0.0, 0.0, 0.0, 0.0, 0.0, 0.0, 0.0, 0.0], [0.0, 0.0, 0.0, 0.0, 0.0, 0.0, 0.9916124243664213, 0.0, 1.0046202030967522, 0.9429573492666097, 0.0, 0.0, 0.0, 0.0, 0.0, 0.0, 0.0, 0.0, 0.0, 0.0, 0.0, 0.0, 0.0, 0.0, 0.0, 0.0, 0.0, 0.0, 0.0, 0.0, 0.966647850802481, 0.0, 0.0, 0.0, 0.0, 0.0, 0.0, 0.0, 0.0, 0.0, 0.0], [0.0, 0.0, 0.0, 0.0, 0.0, 0.0, 0.0, 1.0046202030967522, 0.0, 0.0, 0.0, 0.0, 0.0, 0.0, 0.0, 0.0, 0.0, 0.0, 0.0, 0.0, 0.0, 0.0, 0.0, 0.0, 0.0, 0.0, 0.0, 0.0, 0.0, 0.0, 0.0, 0.984300164079358, 0.9826499189042905, 0.9864478392053133, 0.0, 0.0, 0.0, 0.0, 0.0, 0.0, 0.0], [0.0, 0.0, 0.9590323115392744, 0.0, 0.0, 0.0, 0.0, 0.9429573492666097, 0.0, 0.0, 0.9372436047150505, 0.0, 0.0, 0.0, 0.0, 0.0, 0.0, 0.0, 0.0, 0.0, 0.0, 0.0, 0.9258610621913412, 0.0, 0.0, 0.0, 0.0, 0.0, 0.0, 0.0, 0.0, 0.0, 0.0, 0.0, 0.0, 0.0, 0.0, 0.0, 0.0, 0.0, 0.0], [0.0, 0.0, 0.0, 0.0, 0.0, 0.0, 0.0, 0.0, 0.0, 0.9372436047150505, 0.0, 1.0944165933467802, 0.0, 0.0, 0.0, 0.0, 0.0, 0.0, 0.0, 0.0, 0.0, 0.0, 0.0, 0.0, 0.0, 0.0, 0.0, 0.0, 0.0, 0.0, 0.0, 0.0, 0.0, 0.0, 0.0, 0.0, 0.0, 0.0, 0.0, 0.0, 0.0], [0.0, 0.0, 0.0, 0.0, 0.0, 0.0, 0.0, 0.0, 0.0, 0.0, 1.0944165933467802, 0.0, 1.3565685201860376, 0.0, 0.0, 0.0, 0.0, 0.0, 0.0, 0.0, 0.0, 1.2883602562220862, 0.0, 0.0, 0.0, 0.0, 0.0, 0.0, 0.0, 0.0, 0.0, 0.0, 0.0, 0.0, 0.0, 0.0, 0.0, 0.0, 0.0, 0.0, 0.0], [0.0, 0.0, 0.0, 0.0, 0.0, 0.0, 0.0, 0.0, 0.0, 0.0, 0.0, 1.3565685201860376, 0.0, 0.9883722515758566, 1.3148719140093226, 0.0, 0.0, 0.0, 0.0, 0.0, 0.0, 0.0, 0.0, 0.0, 0.0, 0.0, 0.0, 0.0, 0.0, 0.0, 0.0, 0.0, 0.0, 0.0, 0.0, 0.0, 0.0, 0.0, 0.0, 0.0, 0.0], [0.0, 0.0, 0.0, 0.0, 0.0, 0.0, 0.0, 0.0, 0.0, 0.0, 0.0, 0.0, 0.9883722515758566, 0.0, 0.0, 0.0, 0.0, 0.0, 0.0, 0.0, 0.0, 0.0, 0.0, 0.0, 0.0, 0.0, 0.0, 0.0, 0.0, 0.0, 0.0, 0.0, 0.0, 0.0, 0.0, 0.0, 0.0, 0.0, 0.0, 0.0, 0.0], [0.0, 0.0, 0.0, 0.0, 0.0, 0.0, 0.0, 0.0, 0.0, 0.0, 0.0, 0.0, 1.3148719140093226, 0.0, 0.0, 1.0965743141061197, 0.0, 1.346093231184507, 0.0, 0.0, 0.0, 0.0, 0.0, 0.0, 0.0, 0.0, 0.0, 0.0, 0.0, 0.0, 0.0, 0.0, 0.0, 0.0, 0.0, 0.0, 0.0, 0.0, 0.0, 0.0, 0.0], [0.0, 0.0, 0.0, 0.0, 0.0, 0.0, 0.0, 0.0, 0.0, 0.0, 0.0, 0.0, 0.0, 0.0, 1.0965743141061197, 0.0, 0.9769381435928508, 0.0, 0.0, 0.0, 0.0, 0.0, 0.0, 0.0, 0.0, 0.0, 0.0, 0.0, 0.0, 0.0, 0.0, 0.0, 0.0, 0.0, 0.0, 0.0, 0.0, 0.0, 0.0, 0.0, 0.0], [0.0, 0.0, 0.0, 0.0, 0.0, 0.0, 0.0, 0.0, 0.0, 0.0, 0.0, 0.0, 0.0, 0.0, 0.0, 0.9769381435928508, 0.0, 0.0, 0.0, 0.0, 0.0, 0.0, 0.0, 0.0, 0.0, 0.0, 0.0, 0.0, 0.0, 0.0, 0.0, 0.0, 0.0, 0.0, 0.9765054378929089, 0.9767168179457215, 0.9775633021457275, 0.0, 0.0, 0.0, 0.0], [0.0, 0.0, 0.0, 0.0, 0.0, 0.0, 0.0, 0.0, 0.0, 0.0, 0.0, 0.0, 0.0, 0.0, 1.346093231184507, 0.0, 0.0, 0.0, 1.3718839746934994, 0.0, 0.0, 0.0, 0.0, 0.0, 0.0, 0.0, 0.0, 0.0, 0.0, 0.0, 0.0, 0.0, 0.0, 0.0, 0.0, 0.0, 0.0, 0.9581954341975749, 0.0, 0.0, 0.0], [0.0, 0.0, 0.0, 0.0, 0.0, 0.0, 0.0, 0.0, 0.0, 0.0, 0.0, 0.0, 0.0, 0.0, 0.0, 0.0, 0.0, 1.3718839746934994, 0.0, 1.1113116337876892, 0.0, 1.2801407781255523, 0.0, 0.0, 0.0, 0.0, 0.0, 0.0, 0.0, 0.0, 0.0, 0.0, 0.0, 0.0, 0.0, 0.0, 0.0, 0.0, 0.0, 0.0, 0.0], [0.0, 0.0, 0.0, 0.0, 0.0, 0.0, 0.0, 0.0, 0.0, 0.0, 0.0, 0.0, 0.0, 0.0, 0.0, 0.0, 0.0, 0.0, 1.1113116337876892, 0.0, 0.9758177645369391, 0.0, 0.0, 0.0, 0.0, 0.0, 0.0, 0.0, 0.0, 0.0, 0.0, 0.0, 0.0, 0.0, 0.0, 0.0, 0.0, 0.0, 0.0, 0.0, 0.0], [0.0, 0.0, 0.0, 0.0, 0.0, 0.0, 0.0, 0.0, 0.0, 0.0, 0.0, 0.0, 0.0, 0.0, 0.0, 0.0, 0.0, 0.0, 0.0, 0.9758177645369391, 0.0, 0.0, 0.0, 0.0, 0.0, 0.0, 0.0, 0.0, 0.0, 0.0, 0.0, 0.0, 0.0, 0.0, 0.0, 0.0, 0.0, 0.0, 0.9765361068596969, 0.976751503079116, 0.9777572663144709], [0.0, 0.0, 0.0, 0.0, 0.0, 0.0, 0.0, 0.0, 0.0, 0.0, 0.0, 1.2883602562220862, 0.0, 0.0, 0.0, 0.0, 0.0, 0.0, 1.2801407781255523, 0.0, 0.0, 0.0, 1.0963411858524181, 0.0, 0.0, 0.0, 0.0, 0.0, 0.0, 0.0, 0.0, 0.0, 0.0, 0.0, 0.0, 0.0, 0.0, 0.0, 0.0, 0.0, 0.0], [0.0, 0.0, 0.0, 0.0, 0.0, 0.0, 0.0, 0.0, 0.0, 0.9258610621913412, 0.0, 0.0, 0.0, 0.0, 0.0, 0.0, 0.0, 0.0, 0.0, 0.0, 0.0, 1.0963411858524181, 0.0, 1.776249720311905, 0.0, 0.0, 0.0, 0.0, 0.0, 0.0, 0.0, 0.0, 0.0, 0.0, 0.0, 0.0, 0.0, 0.0, 0.0, 0.0, 0.0], [0.0, 0.0, 0.0, 0.0, 0.0, 0.0, 0.0, 0.0, 0.0, 0.0, 0.0, 0.0, 0.0, 0.0, 0.0, 0.0, 0.0, 0.0, 0.0, 0.0, 0.0, 0.0, 1.776249720311905, 0.0, 0.0, 0.0, 0.0, 0.0, 0.0, 0.0, 0.0, 0.0, 0.0, 0.0, 0.0, 0.0, 0.0, 0.0, 0.0, 0.0, 0.0], [0.9780054125922326, 0.0, 0.0, 0.0, 0.0, 0.0, 0.0, 0.0, 0.0, 0.0, 0.0, 0.0, 0.0, 0.0, 0.0, 0.0, 0.0, 0.0, 0.0, 0.0, 0.0, 0.0, 0.0, 0.0, 0.0, 0.0, 0.0, 0.0, 0.0, 0.0, 0.0, 0.0, 0.0, 0.0, 0.0, 0.0, 0.0, 0.0, 0.0, 0.0, 0.0], [0.9760559093846214, 0.0, 0.0, 0.0, 0.0, 0.0, 0.0, 0.0, 0.0, 0.0, 0.0, 0.0, 0.0, 0.0, 0.0, 0.0, 0.0, 0.0, 0.0, 0.0, 0.0, 0.0, 0.0, 0.0, 0.0, 0.0, 0.0, 0.0, 0.0, 0.0, 0.0, 0.0, 0.0, 0.0, 0.0, 0.0, 0.0, 0.0, 0.0, 0.0, 0.0], [0.9761918198680436, 0.0, 0.0, 0.0, 0.0, 0.0, 0.0, 0.0, 0.0, 0.0, 0.0, 0.0, 0.0, 0.0, 0.0, 0.0, 0.0, 0.0, 0.0, 0.0, 0.0, 0.0, 0.0, 0.0, 0.0, 0.0, 0.0, 0.0, 0.0, 0.0, 0.0, 0.0, 0.0, 0.0, 0.0, 0.0, 0.0, 0.0, 0.0, 0.0, 0.0], [0.0, 0.0, 0.0, 0.9556835372035928, 0.0, 0.0, 0.0, 0.0, 0.0, 0.0, 0.0, 0.0, 0.0, 0.0, 0.0, 0.0, 0.0, 0.0, 0.0, 0.0, 0.0, 0.0, 0.0, 0.0, 0.0, 0.0, 0.0, 0.0, 0.0, 0.0, 0.0, 0.0, 0.0, 0.0, 0.0, 0.0, 0.0, 0.0, 0.0, 0.0, 0.0], [0.0, 0.0, 0.0, 0.0, 0.0, 0.0, 0.940600645372068, 0.0, 0.0, 0.0, 0.0, 0.0, 0.0, 0.0, 0.0, 0.0, 0.0, 0.0, 0.0, 0.0, 0.0, 0.0, 0.0, 0.0, 0.0, 0.0, 0.0, 0.0, 0.0, 0.0, 0.0, 0.0, 0.0, 0.0, 0.0, 0.0, 0.0, 0.0, 0.0, 0.0, 0.0], [0.0, 0.0, 0.0, 0.0, 0.0, 0.0, 0.9618046815260844, 0.0, 0.0, 0.0, 0.0, 0.0, 0.0, 0.0, 0.0, 0.0, 0.0, 0.0, 0.0, 0.0, 0.0, 0.0, 0.0, 0.0, 0.0, 0.0, 0.0, 0.0, 0.0, 0.0, 0.0, 0.0, 0.0, 0.0, 0.0, 0.0, 0.0, 0.0, 0.0, 0.0, 0.0], [0.0, 0.0, 0.0, 0.0, 0.0, 0.0, 0.0, 0.966647850802481, 0.0, 0.0, 0.0, 0.0, 0.0, 0.0, 0.0, 0.0, 0.0, 0.0, 0.0, 0.0, 0.0, 0.0, 0.0, 0.0, 0.0, 0.0, 0.0, 0.0, 0.0, 0.0, 0.0, 0.0, 0.0, 0.0, 0.0, 0.0, 0.0, 0.0, 0.0, 0.0, 0.0], [0.0, 0.0, 0.0, 0.0, 0.0, 0.0, 0.0, 0.0, 0.984300164079358, 0.0, 0.0, 0.0, 0.0, 0.0, 0.0, 0.0, 0.0, 0.0, 0.0, 0.0, 0.0, 0.0, 0.0, 0.0, 0.0, 0.0, 0.0, 0.0, 0.0, 0.0, 0.0, 0.0, 0.0, 0.0, 0.0, 0.0, 0.0, 0.0, 0.0, 0.0, 0.0], [0.0, 0.0, 0.0, 0.0, 0.0, 0.0, 0.0, 0.0, 0.9826499189042905, 0.0, 0.0, 0.0, 0.0, 0.0, 0.0, 0.0, 0.0, 0.0, 0.0, 0.0, 0.0, 0.0, 0.0, 0.0, 0.0, 0.0, 0.0, 0.0, 0.0, 0.0, 0.0, 0.0, 0.0, 0.0, 0.0, 0.0, 0.0, 0.0, 0.0, 0.0, 0.0], [0.0, 0.0, 0.0, 0.0, 0.0, 0.0, 0.0, 0.0, 0.9864478392053133, 0.0, 0.0, 0.0, 0.0, 0.0, 0.0, 0.0, 0.0, 0.0, 0.0, 0.0, 0.0, 0.0, 0.0, 0.0, 0.0, 0.0, 0.0, 0.0, 0.0, 0.0, 0.0, 0.0, 0.0, 0.0, 0.0, 0.0, 0.0, 0.0, 0.0, 0.0, 0.0], [0.0, 0.0, 0.0, 0.0, 0.0, 0.0, 0.0, 0.0, 0.0, 0.0, 0.0, 0.0, 0.0, 0.0, 0.0, 0.0, 0.9765054378929089, 0.0, 0.0, 0.0, 0.0, 0.0, 0.0, 0.0, 0.0, 0.0, 0.0, 0.0, 0.0, 0.0, 0.0, 0.0, 0.0, 0.0, 0.0, 0.0, 0.0, 0.0, 0.0, 0.0, 0.0], [0.0, 0.0, 0.0, 0.0, 0.0, 0.0, 0.0, 0.0, 0.0, 0.0, 0.0, 0.0, 0.0, 0.0, 0.0, 0.0, 0.9767168179457215, 0.0, 0.0, 0.0, 0.0, 0.0, 0.0, 0.0, 0.0, 0.0, 0.0, 0.0, 0.0, 0.0, 0.0, 0.0, 0.0, 0.0, 0.0, 0.0, 0.0, 0.0, 0.0, 0.0, 0.0], [0.0, 0.0, 0.0, 0.0, 0.0, 0.0, 0.0, 0.0, 0.0, 0.0, 0.0, 0.0, 0.0, 0.0, 0.0, 0.0, 0.9775633021457275, 0.0, 0.0, 0.0, 0.0, 0.0, 0.0, 0.0, 0.0, 0.0, 0.0, 0.0, 0.0, 0.0, 0.0, 0.0, 0.0, 0.0, 0.0, 0.0, 0.0, 0.0, 0.0, 0.0, 0.0], [0.0, 0.0, 0.0, 0.0, 0.0, 0.0, 0.0, 0.0, 0.0, 0.0, 0.0, 0.0, 0.0, 0.0, 0.0, 0.0, 0.0, 0.9581954341975749, 0.0, 0.0, 0.0, 0.0, 0.0, 0.0, 0.0, 0.0, 0.0, 0.0, 0.0, 0.0, 0.0, 0.0, 0.0, 0.0, 0.0, 0.0, 0.0, 0.0, 0.0, 0.0, 0.0], [0.0, 0.0, 0.0, 0.0, 0.0, 0.0, 0.0, 0.0, 0.0, 0.0, 0.0, 0.0, 0.0, 0.0, 0.0, 0.0, 0.0, 0.0, 0.0, 0.0, 0.9765361068596969, 0.0, 0.0, 0.0, 0.0, 0.0, 0.0, 0.0, 0.0, 0.0, 0.0, 0.0, 0.0, 0.0, 0.0, 0.0, 0.0, 0.0, 0.0, 0.0, 0.0], [0.0, 0.0, 0.0, 0.0, 0.0, 0.0, 0.0, 0.0, 0.0, 0.0, 0.0, 0.0, 0.0, 0.0, 0.0, 0.0, 0.0, 0.0, 0.0, 0.0, 0.976751503079116, 0.0, 0.0, 0.0, 0.0, 0.0, 0.0, 0.0, 0.0, 0.0, 0.0, 0.0, 0.0, 0.0, 0.0, 0.0, 0.0, 0.0, 0.0, 0.0, 0.0], [0.0, 0.0, 0.0, 0.0, 0.0, 0.0, 0.0, 0.0, 0.0, 0.0, 0.0, 0.0, 0.0, 0.0, 0.0, 0.0, 0.0, 0.0, 0.0, 0.0, 0.9777572663144709, 0.0, 0.0, 0.0, 0.0, 0.0, 0.0, 0.0, 0.0, 0.0, 0.0, 0.0, 0.0, 0.0, 0.0, 0.0, 0.0, 0.0, 0.0, 0.0, 0.0]], "Born radii": [], "Atomic SASAs": [], "Solvent H bonds": [], "Total SASA": NaN, "Total FOD": 0.0, "FOD": [0.0, 0.0, 0.0, 0.0, 0.0, 0.0, 0.0, 0.0, 0.0, 0.0, 0.0, 0.0, 0.0, 0.0, 0.0, 0.0, 0.0, 0.0, 0.0, 0.0, 0.0, 0.0, 0.0, 0.0, 0.0, 0.0, 0.0, 0.0, 0.0, 0.0, 0.0, 0.0, 0.0, 0.0, 0.0, 0.0, 0.0, 0.0, 0.0, 0.0, 0.0], "FOD s proportion": [0.0, 0.0, 0.0, 0.0, 0.0, 0.0, 0.0, 0.0, 0.0, 0.0, 0.0, 0.0, 0.0, 0.0, 0.0, 0.0, 0.0, 0.0, 0.0, 0.0, 0.0, 0.0, 0.0, 0.0, 0.0, 0.0, 0.0, 0.0, 0.0, 0.0, 0.0, 0.0, 0.0, 0.0, 0.0, 0.0, 0.0, 0.0, 0.0, 0.0, 0.0], "FOD p proportion": [0.0, 0.0, 0.0, 0.0, 0.0, 0.0, 0.0, 0.0, 0.0, 0.0, 0.0, 0.0, 0.0, 0.0, 0.0, 0.0, 0.0, 0.0, 0.0, 0.0, 0.0, 0.0, 0.0, 0.0, 0.0, 0.0, 0.0, 0.0, 0.0, 0.0, 0.0, 0.0, 0.0, 0.0, 0.0, 0.0, 0.0, 0.0, 0.0, 0.0, 0.0], "FOD d proportion": [0.0, 0.0, 0.0, 0.0, 0.0, 0.0, 0.0, 0.0, 0.0, 0.0, 0.0, 0.0, 0.0, 0.0, 0.0, 0.0, 0.0, 0.0, 0.0, 0.0, 0.0, 0.0, 0.0, 0.0, 0.0, 0.0, 0.0, 0.0, 0.0, 0.0, 0.0, 0.0, 0.0, 0.0, 0.0, 0.0, 0.0, 0.0, 0.0, 0.0, 0.0], "coordinates": [["-1.93460", "-3.41320", "1.49520"], ["-1.37650", "-2.27420", "0.84930"], ["-2.18910", "-1.17320", "0.63140"], ["-3.48140", "-1.08940", "0.99620"], ["-4.27640", "0.13990", "0.76120"], ["-5.46310", "0.15140", "1.08020"], ["-3.58930", "1.35690", "0.18750"], ["-2.43890", "0.98140", "-0.75270"], ["-2.99120", "0.47230", "-2.09530"], ["-1.47700", "-0.02890", "-0.08190"], ["-0.57950", "-0.55900", "-1.09780"], ["0.69820", "-0.22380", "-0.72180"], ["1.83780", "-0.56170", "-1.43400"], ["1.69420", "-1.45920", "-2.90370"], ["3.09300", "-0.15830", "-0.93930"], ["4.18570", "-0.51860", "-1.68760"], ["5.47600", "-0.16520", "-1.20830"], ["3.16560", "0.57940", "0.26290"], ["2.00780", "0.91750", "0.97690"], ["1.97090", "1.62700", "2.13850"], ["3.20530", "2.03570", "2.71190"], ["0.79640", "0.49650", "0.45100"], ["-0.56120", "0.67100", "0.91900"], ["-0.89560", "1.27740", "1.92180"], ["-1.15060", "-4.17210", "1.57440"], ["-2.75420", "-3.83490", "0.90470"], ["-2.26680", "-3.16420", "2.50810"], ["-4.02400", "-1.88230", "1.49410"], ["-3.23100", "1.96340", "1.02590"], ["-4.33480", "1.95350", "-0.35110"], ["-1.88360", "1.90140", "-0.98330"], ["-2.18660", "0.33310", "-2.82480"], ["-3.69150", "1.19720", "-2.52450"], ["-3.51830", "-0.48080", "-1.98790"], ["5.59440", "0.92220", "-1.16230"], ["5.67680", "-0.62820", "-0.23660"], ["6.21360", "-0.55020", "-1.91890"], ["4.13170", "0.89280", "0.63950"], ["3.73770", "2.72520", "2.04870"], ["3.82780", "1.17140", "2.96560"], ["2.98280", "2.57070", "3.64010"]], "bond_dist": [[0.0, 1.4233704437004442, 2.4142329402938727, 2.835778143649464, 4.318252291147426, 5.032783564787979, 5.215550343923447, 4.961842607338527, 5.3949239160529405, 3.7616656762662997, 4.087346651557707, 4.692440431161593, 5.5625773387881985, 6.027986948393303, 6.465131554732664, 7.481109348886702, 8.530850403681923, 6.593288867477293, 5.879295462893492, 6.408617727716328, 7.588770790450849, 4.882055789316627, 4.347289228933359, 4.823197789848556, 1.0940099862432704, 1.0946530500574145, 1.0946799760660646, 2.5902216854933475, 5.550560603218381, 6.162081841390943, 5.864344499600957, 5.723693535646366, 6.363998260527732, 4.820690931806353, 9.08536407690963, 8.287868616236626, 9.286873050171408, 7.488247737621933, 8.376234482152466, 7.509053674065727, 8.03669571279142], [1.4233704437004442, 0.0, 1.3856407073985664, 2.419903853461951, 3.7742628988982734, 4.757851377460208, 4.303411471147048, 3.7807445192713036, 4.338339255982639, 2.4328184848031715, 2.7144646709802656, 3.3131368006769657, 4.29858577092513, 4.917156951938793, 5.2585694841848385, 6.360507983644074, 7.459112213259698, 5.396069896693333, 4.653677807927832, 5.299668370756797, 6.560290238244037, 3.5435738725190986, 3.0567589404465636, 3.741040446186061, 2.0442175104425657, 2.0825251355025705, 2.082390820667437, 2.752927332858606, 4.628996821126583, 5.297730300798636, 4.588159601626779, 4.577475954060272, 5.365852159722628, 3.9816196001124973, 7.928237782130402, 7.323765131406113, 8.2610365723679, 6.3572141917667055, 7.2517309905980385, 6.590570805324831, 7.089789640038694], [2.4142329402938727, 1.3856407073985664, 0.0, 1.3454147204486802, 2.469392828206966, 3.560205415421981, 2.9255791324112224, 2.5730204060597734, 3.284193592040518, 1.5248953373920453, 2.4409396633264, 3.327012457145299, 4.566807749402201, 5.259158383239661, 5.603365141591256, 6.815008231836554, 7.946969114071099, 5.646256379230401, 4.70152808669692, 5.236226737833266, 6.612493540261495, 3.425441942290075, 2.47666021286732, 3.0567490525066003, 3.310760103057907, 2.7347171316244028, 2.737173940399112, 2.1480065432861233, 3.3285800906692935, 3.9173444614942916, 3.48622309957352, 3.770180947912182, 4.223234155241691, 3.0177678654926394, 8.257780155707707, 7.93239130464452, 8.803267937533198, 6.649882273394018, 7.234170311099954, 6.866492875551535, 7.058159286244538], [2.835778143649464, 2.419903853461951, 1.3454147204486802, 0.0, 1.4827098468682265, 2.3396101235034865, 2.57876361654185, 2.904078184209234, 3.4980816428436885, 2.5108921163602385, 3.6176212861492285, 4.601069823421505, 5.871816411469283, 6.490978925401006, 6.916346059878728, 8.143280511562892, 9.270867308402165, 6.892403886163375, 5.844598937480655, 6.19768130351989, 7.577719537565375, 4.594768186753277, 3.4106503837244886, 3.625581227886089, 3.9076825830663373, 2.8416478212473835, 2.840051022428999, 1.0821319605297686, 3.0631960580413393, 3.4355129544217995, 3.9263557824017936, 4.277856272714173, 4.203333208300289, 3.0457525145684436, 9.543364315062064, 9.252303957393531, 10.138124562758144, 7.875001164444358, 8.232516882460672, 7.900263137389792, 7.884949008078619], [4.318252291147426, 3.7742628988982734, 2.469392828206966, 1.4827098468682265, 0.0, 1.2288816623255472, 1.5107372703418684, 2.525157759428111, 3.1498922283151214, 2.9284725387136543, 4.196595265212027, 5.203672919198515, 6.534109521579816, 7.185866487766106, 7.568928580056757, 8.8338768442853, 9.953960117460788, 7.4716013772149275, 6.335799704062621, 6.567889995272455, 7.960849390611532, 5.09477059738709, 3.7562852780373324, 3.75109414038091, 5.387509988853849, 4.258722828501521, 4.243492497931392, 2.165673338710157, 2.1185087915795866, 2.128324883564537, 3.4455267144516526, 4.154995340550937, 3.500830728555724, 2.918481610358372, 10.086849764916696, 10.032535705892105, 10.84892962554371, 8.442618960370059, 8.51864021719429, 8.461762774386905, 8.178804221278316], [5.032783564787979, 4.757851377460208, 3.560205415421981, 2.3396101235034865, 1.2288816623255472, 0.0, 2.4002645645844956, 3.632383246575174, 4.036962554941525, 4.155956894627277, 5.394247039207603, 6.43036520969066, 7.754537643212521, 8.348199498095383, 8.796655134197316, 10.06026631257841, 11.180401451647432, 8.67788147994659, 7.510787369510603, 7.652564945820453, 9.01965575507181, 6.3005021149111595, 4.931996878547268, 4.778935321805475, 6.126544061703956, 4.822813198746143, 4.821663142526654, 2.52552127490544, 2.8755108937369718, 2.5630538406362047, 4.487020447914183, 5.100734470642439, 4.150436879414022, 3.6871617119405005, 11.308901146442127, 11.244514680945551, 12.076098966967768, 9.63348729640518, 9.602976586975519, 9.534985892490875, 9.150919478937622], [5.215550343923447, 4.303411471147048, 2.9255791324112224, 2.57876361654185, 1.5107372703418684, 2.4002645645844956, 0.0, 1.5324478620821007, 2.5202017002613104, 2.5406356074809313, 3.792303381851194, 4.659194697584551, 5.980276132420643, 6.738049339385992, 6.943964470675235, 8.21487219985801, 9.297564742447348, 6.7999165744882495, 5.669546113226349, 5.89874385356747, 7.28010672723965, 4.4770620835543475, 3.189818281658064, 3.2047053577513176, 6.200047604655951, 5.307217264254405, 5.251146143462397, 3.5197420771982713, 1.0950505467785494, 1.096262637327388, 2.139314231243274, 3.4770224359356674, 2.7186196736579396, 2.848604474124128, 9.292538394862838, 9.485836390640522, 10.206409739962432, 7.748130988180311, 7.682528186085619, 7.922475766450788, 7.522383638847463], [4.961842607338527, 3.7807445192713036, 2.5730204060597734, 2.904078184209234, 2.525157759428111, 3.632383246575174, 1.5324478620821007, 0.0, 1.5384384485574976, 1.5478793040802632, 2.4391175719919693, 3.360782388075729, 4.597335118304951, 5.259833169407562, 5.6511638854310355, 6.856337445750463, 8.010487184310326, 5.709944624074738, 4.7716601157249245, 5.312454502393408, 6.706116259803434, 3.4858553885667716, 2.5331179088230376, 3.1019898678106608, 5.799454590735236, 5.1032474503986185, 5.277161586497044, 3.97006674251202, 2.180633937642905, 2.168109263851802, 1.0990607126087255, 2.185759957085865, 2.1805622302516388, 2.1974649576273113, 8.043953361998067, 8.289858735828977, 8.864060990877714, 6.71705703117072, 7.00279001255928, 7.289264968431316, 7.156633092453461], [5.3949239160529405, 4.338339255982639, 3.284193592040518, 3.4980816428436885, 3.1498922283151214, 4.036962554941525, 2.5202017002613104, 1.5384384485574976, 0.0, 2.568614926375692, 2.8062221633363245, 3.997840644648058, 4.982540987287511, 5.1319758349002385, 6.2250688349607834, 7.256445115206206, 8.537367925186311, 6.593842877260574, 5.884438535663365, 6.624260784419648, 7.996874617624063, 4.564005158848969, 3.8769042005187595, 4.601827656486062, 6.198786801463654, 5.254344948706737, 5.911021838058121, 4.415270021187832, 3.4673870118577765, 2.6535726935586297, 2.1226513067388155, 1.0949557296986945, 1.0954965723360344, 1.0944262332382206, 8.647856750085538, 8.933089607744904, 9.263097011799022, 7.641443299534454, 8.2174442267654, 8.520575721158753, 8.543229583711303], [3.7616656762662997, 2.4328184848031715, 1.5248953373920453, 2.5108921163602385, 2.9284725387136543, 4.155956894627277, 2.5406356074809313, 1.5478793040802632, 2.568614926375692, 0.0, 1.4555291374616999, 2.2757313242120656, 3.619385208844176, 4.479377498045906, 4.65153513584494, 5.906289010029902, 7.044967256843711, 4.694960137210964, 3.763052144204223, 4.422690965916566, 5.830250842802563, 2.3934024170623713, 1.5265485449208618, 2.461556284142209, 4.473921421974239, 4.134036211742708, 4.142703239431953, 3.5222260801941716, 2.876281649977971, 3.4884666029646896, 2.168848452520369, 2.856234683985194, 3.5176165538614357, 2.8291262432065483, 7.216408617172396, 7.18052553926243, 7.924118313730556, 5.729525681939126, 6.270376325229611, 6.234491108342364, 6.364041184656178], [4.087346651557707, 2.7144646709802656, 2.4409396633264, 3.6176212861492285, 4.196595265212027, 5.394247039207603, 3.792303381851194, 2.4391175719919693, 2.8062221633363245, 1.4555291374616999, 0.0, 1.3734090177365228, 2.440568995132078, 3.0399583122141656, 3.697693739346189, 4.8017316917962, 6.0692972360892, 4.144059973021626, 3.630227765581658, 4.664415702957874, 5.964142287035077, 2.3250725795123044, 2.3623541499952965, 3.5482768113550556, 4.530044112368002, 4.412578288257332, 4.757789732638465, 4.509284727093644, 4.231200267063709, 4.5795736952253545, 2.786997527806582, 2.522130412964405, 3.847629832767181, 3.0716345306692983, 6.349421619328804, 6.315674450919712, 6.842549982279998, 5.226981917894877, 6.2709367505979525, 6.239374729089446, 6.703185794083288], [4.692440431161593, 3.3131368006769657, 3.327012457145299, 4.601069823421505, 5.203672919198515, 6.43036520969066, 4.659194697584551, 3.360782388075729, 3.997840644648058, 2.2757313242120656, 1.3734090177365228, 0.0, 1.3856743520755517, 2.697946769304391, 2.4055484904694815, 3.630748260345242, 4.802862589123282, 2.7753967446114802, 2.4296500859177232, 3.636831315857253, 4.814684449680996, 1.3798315730552044, 2.2536592555220056, 3.4325531081106377, 4.927440387259901, 5.254009061659487, 5.279150610656983, 5.47357359501085, 4.824615193981796, 5.4962844522459, 3.354183735277482, 3.613145118868048, 4.953628405522562, 4.409980777735885, 5.047784730948815, 5.018507383674951, 5.65324884734433, 3.8586079743866186, 5.060714524649657, 5.033676386101911, 5.661695772469588], [5.5625773387881985, 4.29858577092513, 4.566807749402201, 5.871816411469283, 6.534109521579816, 7.754537643212521, 5.980276132420643, 4.597335118304951, 4.982540987287511, 3.619385208844176, 2.440568995132078, 1.3856743520755517, 0.0, 1.7280466718234206, 1.4081856021135848, 2.361949402506328, 3.6666949668604834, 2.438161532794741, 2.8336145556514913, 4.191763298422276, 5.079865137973645, 2.3994845696524076, 3.5792959209878132, 4.702675622451542, 5.569200416576872, 6.104901303870522, 6.2578670343816025, 6.684194282783827, 6.17413730491961, 6.752769373375638, 4.4853996544343735, 4.350952429066537, 5.903903619640145, 5.385272252170729, 4.048187700687803, 4.021953506692985, 4.40259990233044, 3.4171552071862354, 5.151944381493263, 5.130323164285072, 6.072021538993418], [6.027986948393303, 4.917156951938793, 5.259158383239661, 6.490978925401006, 7.185866487766106, 8.348199498095383, 6.738049339385992, 5.259833169407562, 5.1319758349002385, 4.479377498045906, 3.0399583122141656, 2.697946769304391, 1.7280466718234206, 0.0, 2.740045548891478, 2.9276611518411757, 4.341754069497719, 4.043298589023571, 4.5613708695961135, 5.918190109315516, 6.784741157921944, 3.9855764225516994, 4.923171385397831, 6.122213149670632, 5.958698940204984, 6.319503430650228, 6.919835636776353, 7.226165628464379, 7.170323699806028, 7.383165246017456, 5.2708843053134835, 4.275414966994432, 6.017143682013917, 5.382017507403707, 4.890306734756011, 4.864677396292585, 4.713924946369001, 4.9017931912719455, 6.797893892228681, 6.776502623772826, 7.792425964357955], [6.465131554732664, 5.2585694841848385, 5.603365141591256, 6.916346059878728, 7.568928580056757, 8.796655134197316, 6.943964470675235, 5.6511638854310355, 6.2250688349607834, 4.65153513584494, 3.697693739346189, 2.4055484904694815, 1.4081856021135848, 2.740045548891478, 0.0, 1.372502193076572, 2.3981446182413606, 1.4123586265534684, 2.450882926620527, 3.7308520930211104, 4.26116283777093, 2.7633437516892463, 4.182606247305619, 5.114299332264391, 6.359042309184614, 7.1489489717020644, 7.046095203018477, 7.716560150740743, 6.9538908482949315, 7.744539451768582, 5.386171891984139, 5.627678062042996, 7.0978644351663975, 6.7017054471231425, 2.733900365777802, 2.7185686932648956, 3.2941381467691966, 2.1624796738929133, 4.202184472390521, 4.190021138371499, 5.3320248874137866], [7.481109348886702, 6.360507983644074, 6.815008231836554, 8.143280511562892, 8.8338768442853, 10.06026631257841, 8.21487219985801, 6.856337445750463, 7.256445115206206, 5.906289010029902, 4.8017316917962, 3.630748260345242, 2.361949402506328, 2.9276611518411757, 1.372502193076572, 0.0, 1.4210890682853066, 2.4598085819835656, 3.7289665954524183, 4.914059382018089, 5.180852526370539, 4.134173733649808, 5.544598392129046, 6.4863698668823995, 7.243259207014478, 8.116654297800295, 8.138664147143558, 8.909661422860019, 8.278335891953164, 8.971980322648953, 6.571821739822224, 6.528768951341439, 8.105223691546088, 7.709943250763912, 2.0823737464730008, 2.083456831806217, 2.041292889322843, 2.7221977095721757, 4.968186805062789, 4.96351313587463, 6.274960572784501], [8.530850403681923, 7.459112213259698, 7.946969114071099, 9.270867308402165, 9.953960117460788, 11.180401451647432, 9.297564742447348, 8.010487184310326, 8.537367925186311, 7.044967256843711, 6.0692972360892, 4.802862589123282, 3.6666949668604834, 4.341754069497719, 2.3981446182413606, 1.4210890682853066, 0.0, 2.8384514721939498, 4.239781783299702, 5.167085937934456, 5.0366662923008905, 5.008969908074913, 6.455417846274555, 7.244025630131357, 8.228638675990094, 9.255682531828759, 9.097064460582876, 10.025038562020596, 9.23766402290103, 10.073503768302269, 7.647559919346824, 7.847089517776638, 9.36117366840291, 9.033538177812721, 1.0947937339974139, 1.094938596451874, 1.0941805701071463, 2.5181086811335205, 4.688725631768189, 4.6823609440110445, 6.099850621941491], [6.593288867477293, 5.396069896693333, 5.646256379230401, 6.892403886163375, 7.4716013772149275, 8.67788147994659, 6.7999165744882495, 5.709944624074738, 6.593842877260574, 4.694960137210964, 4.144059973021626, 2.7753967446114802, 2.438161532794741, 4.043298589023571, 1.4123586265534684, 2.4598085819835656, 2.8384514721939498, 0.0, 1.40164490866981, 2.4581800605325883, 2.849559050098804, 2.378100641268153, 3.785220734646792, 4.442127716534047, 6.551821650503012, 7.412286001632695, 6.968962172375454, 7.698452343815607, 6.588938955552706, 7.649911566155521, 5.36610837385903, 6.183898432218951, 7.427724820562485, 7.131945308960241, 2.83686029264749, 2.8308873962063554, 3.9149139709577265, 1.0832341990539263, 2.849708351744087, 2.8449182993541307, 3.9248148198354524], [5.879295462893492, 4.653677807927832, 4.70152808669692, 5.844598937480655, 6.335799704062621, 7.510787369510603, 5.669546113226349, 4.7716601157249245, 5.884438535663365, 3.763052144204223, 3.630227765581658, 2.4296500859177232, 2.8336145556514913, 4.5613708695961135, 2.450882926620527, 3.7289665954524183, 4.239781783299702, 1.40164490866981, 0.0, 1.3616410760549198, 2.386336625457523, 1.3861103022487062, 2.5814483647750928, 3.074426057006413, 6.019678145050614, 6.728087588609411, 6.1054937138613115, 6.670006530731436, 5.342408936987134, 6.562427505123392, 4.466927043281545, 5.690996187839173, 6.69477815465158, 6.425189735719872, 4.1761104259825315, 4.162130673104822, 5.313055106998233, 2.1506743268100825, 2.721964096015963, 2.707728365253797, 3.282732014648774], [6.408617727716328, 5.299668370756797, 5.236226737833266, 6.19768130351989, 6.567889995272455, 7.652564945820453, 5.89874385356747, 5.312454502393408, 6.624260784419648, 4.422690965916566, 4.664415702957874, 3.636831315857253, 4.191763298422276, 5.918190109315516, 3.7308520930211104, 4.914059382018089, 5.167085937934456, 2.4581800605325883, 1.3616410760549198, 0.0, 1.4211145661064766, 2.3463027831036642, 2.968610223656855, 2.8958593370535115, 6.609957024822476, 7.326744438016109, 6.4070510291396925, 6.976335991048597, 5.330178921011939, 6.787235291339178, 4.967705793422151, 6.602524543687816, 7.347861648125936, 7.183405490434186, 4.951946680851885, 4.945778185483049, 6.261245713913486, 2.730404233808613, 2.082231860288378, 2.0832050739185517, 2.04188977665299], [7.588770790450849, 6.560290238244037, 6.612493540261495, 7.577719537565375, 7.960849390611532, 9.01965575507181, 7.280106727