{"total energy": -73.12686094, "HOMO-LUMO gap/eV": 2.41982851, "electronic energy": -73.88578659, "dipole": [-0.40187703, 1.38725005, 0.28712619], "partial charges": [-0.05338472, -0.16146398, -0.04188185, 0.40623233, -0.51510775, -0.09440403, 0.03900073, 0.06743805, -0.46346022, -0.20363884, 0.27669009, -0.44909896, -0.06842993, -0.01196546, -0.04419113, 0.08201583, -0.12587743, -0.14389257, 0.32736222, -0.44883531, -0.16424348, 0.27220162, -0.41890626, 0.06706008, 0.05726026, 0.06080061, 0.06455658, 0.06807419, 0.06004332, 0.06790744, 0.07860889, 0.04670793, 0.03167704, 0.32596976, 0.20867875, 0.07144883, 0.07767558, 0.07415765, 0.06469829, 0.0726243, 0.21246969, 0.22742188], "atomic dipole moments": [[-0.11378665, -0.03018874, -0.08713517], [0.35876127, -0.21129967, 0.1194958], [0.0897942, 0.10585519, -0.04382038], [-0.12608312, -0.30237676, 0.27127668], [-0.14184806, -0.00552761, -0.09907447], [0.09809033, 0.08579342, -0.02526014], [0.06272793, 0.10977979, 0.07570615], [0.07071868, -0.16927816, -0.0004319], [-0.03120858, 0.10331365, 0.22051459], [-0.02921554, -0.01096308, -0.0996076], [-0.05411529, -0.01422663, -0.01070581], [-0.0185963, 0.13259008, 0.16273273], [-0.06323478, -0.03030408, -0.07927427], [0.06398639, 0.02702903, 0.09139997], [-0.05862307, -0.03833798, 0.01422755], [0.15263387, 0.06134956, 0.05143686], [-0.01746791, -0.05765105, 0.09325883], [-0.03323491, -0.02560886, 0.02630245], [-0.06743243, -0.01322474, -0.0512462], [-0.16563896, -0.02296173, -0.14289377], [0.01344505, 0.0304567, -0.02394637], [0.07676249, -0.00873507, 0.08831414], [0.16923243, 0.08471069, -0.06605438], [0.11241214, 0.01598585, -0.06915902], [0.01141915, -0.09337246, 0.09256331], [-0.02113311, 0.11174089, 0.0623971], [-0.10022767, -0.04228728, -0.06335783], [0.00910914, -0.07102564, 0.10908958], [-0.10851249, -0.00873972, -0.07138077], [-0.02243344, -0.06070296, 0.11300497], [-0.02242063, -0.12666791, -0.0123613], [-0.10329979, 0.03113101, -0.06293553], [0.07545011, 0.09790707, -0.00651152], [0.04777084, -0.03533281, 0.04058551], [0.01990005, 0.11089632, 0.07562211], [0.13335372, -0.05333874, -0.05849761], [-0.13473254, 0.03428352, 0.0650584], [0.08773402, -0.06649166, -0.07631963], [0.04568087, 0.12135166, 0.01887754], [-0.10631936, 0.02942702, -0.07854055], [0.12159126, 0.06931478, -0.0226579], [-0.01151024, -0.05035479, 0.1301276]], "atomic quadrupole moments": [[0.13853362, 0.07132536, -0.16041904, 0.30394906, 0.08914448, 0.02188542], [-0.05352685, -0.11255474, 0.31849628, 0.36666637, 0.36254325, -0.26496942], [0.05410959, -0.08606806, 0.10629878, -0.26646539, 0.12832636, -0.16040837], [0.00388822, -0.04502492, 0.17355367, -0.24857381, 0.22833041, -0.17744189], [0.08879476, -0.01047543, -0.09604208, 0.14216381, 0.03108108, 0.00724732], [-0.07915124, 0.01792925, 0.28942623, -0.08280973, 0.16231588, -0.210275], [0.15052085, -0.07222769, -0.23839105, 0.02358452, 0.00601647, 0.0878702], [-0.17119209, -0.20111086, 0.03021006, -0.22261117, 0.11791292, 0.14098203], [-0.05560015, -0.10048045, 0.01417226, -0.05866416, 0.10426263, 0.0414279], [0.03800913, -0.00220672, -0.06304682, 0.03046302, -0.02212318, 0.02503769], [-0.17003121, 0.18176941, 0.13461946, -0.18682336, -0.31788863, 0.03541175], [-0.07450768, 0.066679, 0.06214579, -0.06313212, -0.07904506, 0.01236189], [-0.18986216, 0.13532264, 0.36930328, 0.08406279, -0.29609122, -0.17944112], [-0.2094205, 0.12833304, 0.44056562, 0.07911296, -0.37403097, -0.23114512], [-0.10445747, -0.20540979, 0.14849811, -0.0555582, 0.13919973, -0.04404063], [-0.17302328, -0.31106358, 0.15785217, 0.02001965, 0.19971034, 0.01517111], [-0.07313115, 0.06298476, -0.05163279, -0.0497114, -0.12454247, 0.12476394], [-0.04847723, -0.04903221, -0.00290933, 0.02919159, 0.00306286, 0.05138657], [-0.09549071, -0.20824093, 0.23321963, -0.11455945, 0.17218911, -0.13772892], [-0.01957796, -0.08279937, 0.06375939, 0.00881312, 0.08014981, -0.04418143], [0.09119316, 0.02490375, 0.00951822, 0.01480401, 0.05127263, -0.10071138], [-0.09364112, -0.19827982, 0.3097906, -0.02578921, 0.25669107, -0.21614947], [-0.04536818, -0.06828966, 0.13136318, -0.04639259, 0.08340318, -0.085995], [0.04356438, 0.00451514, -0.05643418, -0.03015478, 0.00205434, 0.0128698], [-0.02078587, 0.00650663, 0.02035014, 0.02038645, -0.05681687, 0.00043573], [-0.0281188, -0.02055388, 0.04951951, -0.00252937, 0.05869498, -0.02140071], [0.03096844, 0.0158824, -0.01390581, 0.04018663, 0.04358582, -0.01706263], [-0.04258589, -0.03448597, 0.00609316, -0.00572877, -0.02516758, 0.03649274], [0.02233996, 0.00276965, -0.02670181, 0.04888822, 0.018614, 0.00436185], [-0.04519413, -0.01075756, 0.01386555, -0.01725652, -0.03325903, 0.03132858], [-0.00878852, 0.011391, 0.01831808, 0.00711132, 0.0112362, -0.00952955], [0.04494241, -0.02483091, -0.03643364, 0.02260705, 0.01000736, -0.00850876], [-0.00035112, 0.02925701, 0.01992266, -1.088e-05, 0.03656864, -0.01957154], [0.01776724, -0.07465515, -0.020913, 0.05702941, -0.02852557, 0.00314576], [0.02974273, -0.02991439, -0.01080726, 0.01958657, 0.02843912, -0.01893547], [0.03255993, -0.00368389, -0.04418774, 0.00733583, 0.03316176, 0.01162782], [0.02921572, -0.00855923, -0.04851531, 0.01397033, 0.02822282, 0.01929959], [0.01156594, -0.04886148, -0.00160707, -0.03719685, 0.02940513, -0.00995886], [-0.0279748, 0.04978092, 0.04625821, 0.02399417, 0.02846133, -0.01828341], [0.0554876, 0.0020635, -0.04418244, 0.04539317, -0.00838947, -0.01130516], [0.00873432, 0.03038698, -0.02540707, 0.00130354, -0.02921043, 0.01667275], [0.00228268, 0.02088621, -0.02695921, 0.00466166, -0.02857536, 0.02467653]], "number of molecular orbitals": 121, "number of electrons": 128, "number of unpaired electrons": 0, "orbital energies/eV": [-21.25842004, -20.15192315, -19.97263322, -19.73735555, -19.48056541, -19.25183355, -19.03456141, -18.6039946, -18.57576234, -18.33060567, -18.19300708, -18.15742584, -18.00173674, -17.73690959, -17.63104944, -17.26561923, -17.22914038, -17.09428896, -16.92084409, -16.69164237, -16.55098212, -16.45857762, -16.33296414, -16.21035404, -15.94860814, -15.61237873, -15.38911755, -15.31455027, -15.09871702, -15.03938497, -15.00995976, -14.91052174, -14.85526693, -14.68447764, -14.59893418, -14.57094659, -14.47106577, -14.40029832, -14.23962635, -14.11420532, -14.01228193, -13.9214849, -13.81503343, -13.74703952, -13.64578897, -13.58983993, -13.4877854, -13.38969249, -13.33421201, -13.23893379, -12.86974352, -12.8613605, -12.70544799, -12.28894424, -12.18206239, -11.93246281, -11.89295559, -11.44220141, -11.33249622, -11.26399425, -11.10859119, -11.07749173, -10.87877185, -10.30570728, -7.88587877, -7.25725254, -6.49448816, -6.2861501, -6.05105304, -5.12073305, -4.83539656, -4.30874824, -4.03377129, -2.98984409, -1.14981152, -0.90027475, -0.75660485, -0.57142089, -0.2716581, 0.01232314, 0.33687543, 0.37882749, 0.86595333, 1.31116759, 1.72695061, 1.89066361, 1.94783885, 2.82595613, 2.90811824, 3.08684639, 3.48852852, 3.62434036, 3.82402355, 4.02024893, 4.11576509, 4.26574991, 4.40776076, 4.68051951, 4.72523206, 4.86765579, 4.94823938, 5.1025802, 5.404265, 5.63205346, 5.77023239, 6.05769119, 6.57564633, 6.89261632, 7.48032464, 7.88846928, 8.90289755, 9.4552496, 10.28830373, 11.10263854, 11.91467275, 13.34303999, 14.37285463, 15.54742681, 17.4163545, 18.39899647, 21.00782118], "fractional occupation": [2.0, 2.0, 2.0, 2.0, 2.0, 2.0, 2.0, 2.0, 2.0, 2.0, 2.0, 2.0, 2.0, 2.0, 2.0, 2.0, 2.0, 2.0, 2.0, 2.0, 2.0, 2.0, 2.0, 2.0, 2.0, 2.0, 2.0, 2.0, 2.0, 2.0, 2.0, 2.0, 2.0, 2.0, 2.0, 2.0, 2.0, 2.0, 2.0, 2.0, 2.0, 2.0, 2.0, 2.0, 2.0, 2.0, 2.0, 2.0, 2.0, 2.0, 2.0, 2.0, 2.0, 2.0, 2.0, 2.0, 2.0, 2.0, 2.0, 2.0, 2.0, 2.0, 2.0, 2.0, 0.0, 0.0, 0.0, 0.0, 0.0, 0.0, 0.0, 0.0, 0.0, 0.0, 0.0, 0.0, 0.0, 0.0, 0.0, 0.0, 0.0, 0.0, 0.0, 0.0, 0.0, 0.0, 0.0, 0.0, 0.0, 0.0, 0.0, 0.0, 0.0, 0.0, 0.0, 0.0, 0.0, 0.0, 0.0, 0.0, 0.0, 0.0, 0.0, 0.0, 0.0, 0.0, 0.0, 0.0, 0.0, 0.0, 0.0, 0.0, 0.0, 0.0, 0.0, 0.0, 0.0, 0.0, 0.0, 0.0, 0.0], "program call": "xtb /home/svss/Project-DBcg-Debug/aqme2_20220329/End-to-End-workflows-final/example-3/QDESCP/mol_512_rdkit_conf_6/mol_512_rdkit_conf_6.xyz --pop --wbo --acc 0.2 --gfn 2 --chrg 0 --uhf 0 --etemp 300 --input /home/svss/Project-DBcg-Debug/aqme2_20220329/End-to-End-workflows-final/example-3/QDESCP/mol_512_rdkit_conf_6/mol_512_rdkit_conf_6_xtb.inp", "method": "GFN2-xTB", "xtb version": "6.3.3 (7355c4f)", "Dipole module/D": 3.743, "Total charge": 0, "Transition dipole module/D": NaN, "HOMO": -10.3057, "LUMO": -7.8859, "HOMO occupancy": 2.0, "LUMO occupancy": 0, "mulliken charges": [-0.01355, -0.10899, 0.04332, 0.26168, -0.50019, -0.03113, 0.10861, 0.18362, -0.58161, -0.36241, 0.47468, -0.56224, -0.07747, 0.01276, -0.0924, 0.15726, -0.09912, -0.30459, 0.56652, -0.56209, -0.31152, 0.47141, -0.54106, 0.04596, 0.03825, 0.03969, 0.04385, 0.05451, 0.04505, 0.05867, 0.06397, 0.02359, 0.02185, 0.36559, 0.25009, 0.05496, 0.06159, 0.05915, 0.05177, 0.05527, 0.25781, 0.27687], "cm5 charges": [-0.14478, -0.15443, -0.03068, 0.25308, -0.56009, -0.11654, 0.10158, 0.10535, -0.78948, -0.71485, 0.56896, -0.62519, -0.12428, -0.03819, -0.08557, 0.2131, -0.23727, -0.64923, 0.73401, -0.59848, -0.65365, 0.57369, -0.58148, 0.10152, 0.09155, 0.09194, 0.10217, 0.11361, 0.10232, 0.11911, 0.13857, 0.08805, 0.08872, 0.55581, 0.45803, 0.11583, 0.12476, 0.11247, 0.10617, 0.10901, 0.45503, 0.47978], "FUKUI+": [0.016, -0.111, 0.015, -0.055, 0.013, 0.015, 0.007, 0.007, -0.015, -0.029, -0.023, -0.077, -0.036, -0.033, -0.021, -0.058, 0.02, -0.019, -0.011, -0.069, -0.025, -0.014, -0.056, -0.012, -0.016, -0.021, -0.022, -0.021, -0.021, -0.011, -0.018, -0.022, -0.007, 0.003, -0.015, -0.045, -0.046, -0.04, -0.039, -0.019, -0.034, -0.034], "FUKUI-": [0.042, -0.262, 0.045, -0.08, -0.009, 0.017, 0.003, 0.009, -0.057, -0.019, -0.004, -0.05, -0.014, -0.008, -0.02, -0.017, 0.01, -0.024, -0.003, -0.053, -0.013, -0.004, -0.04, -0.035, -0.034, -0.036, -0.032, -0.035, -0.022, -0.02, -0.025, -0.026, -0.026, -0.015, -0.009, -0.025, -0.016, -0.024, -0.022, -0.007, -0.023, -0.019], "FUKUIrad": [0.029, -0.187, 0.03, -0.068, 0.002, 0.016, 0.005, 0.008, -0.036, -0.024, -0.014, -0.064, -0.025, -0.021, -0.021, -0.038, 0.015, -0.021, -0.007, -0.061, -0.019, -0.009, -0.048, -0.024, -0.025, -0.028, -0.027, -0.028, -0.021, -0.015, -0.021, -0.024, -0.017, -0.006, -0.012, -0.035, -0.031, -0.032, -0.031, -0.013, -0.028, -0.027], "s proportion": [1.012, 1.93, 1.057, 1.883, 1.742, 1.058, 1.045, 0.999, 1.704, 1.438, 0.989, 1.726, 1.081, 1.067, 1.079, 1.056, 1.014, 1.422, 0.931, 1.72, 1.423, 0.992, 1.728, 0.954, 0.962, 0.96, 0.956, 0.945, 0.955, 0.941, 0.936, 0.976, 0.978, 0.634, 0.75, 0.945, 0.938, 0.941, 0.948, 0.945, 0.742, 0.723], "p proportion": [3.001, 4.178, 2.9, 3.466, 4.758, 2.973, 2.846, 2.817, 4.878, 3.925, 2.536, 4.837, 2.997, 2.92, 3.013, 2.787, 3.086, 3.882, 2.502, 4.842, 3.889, 2.537, 4.813, 0.0, 0.0, 0.0, 0.0, 0.0, 0.0, 0.0, 0.0, 0.0, 0.0, 0.0, 0.0, 0.0, 0.0, 0.0, 0.0, 0.0, 0.0, 0.0], "d proportion": [0.0, 0.002, 0.0, 0.39, 0.0, 0.0, 0.0, 0.0, 0.0, 0.0, 0.0, 0.0, 0.0, 0.0, 0.0, 0.0, 0.0, 0.0, 0.0, 0.0, 0.0, 0.0, 0.0, 0.0, 0.0, 0.0, 0.0, 0.0, 0.0, 0.0, 0.0, 0.0, 0.0, 0.0, 0.0, 0.0, 0.0, 0.0, 0.0, 0.0, 0.0, 0.0], "Fermi-level/eV": -9.0958, "Coordination numbers": [3.742, 2.041, 3.787, 2.922, 0.859, 3.793, 3.805, 3.672, 1.651, 2.685, 2.751, 0.858, 2.895, 2.895, 2.958, 2.892, 3.755, 2.707, 2.7, 0.86, 2.698, 2.768, 0.858, 0.924, 0.924, 0.924, 0.924, 0.924, 0.924, 0.924, 0.923, 0.924, 0.924, 0.802, 0.86, 0.925, 0.925, 0.924, 0.924, 0.924, 0.86, 0.86], "Dispersion coefficient C6": [21.609, 147.874, 21.338, 125.586, 24.121, 22.308, 19.916, 19.679, 22.123, 25.428, 22.319, 22.686, 29.703, 28.312, 29.096, 26.17, 22.972, 24.114, 21.436, 22.68, 24.553, 22.401, 22.062, 2.118, 2.231, 2.19, 2.146, 2.107, 2.199, 2.109, 1.994, 2.362, 2.563, 0.648, 1.063, 2.07, 2.003, 2.041, 2.145, 2.057, 1.045, 0.976], "Total dispersion C6": 22657.857738, "Total dispersion C8": 588417.332885, "Polarizability alpha": [6.632, 20.467, 6.579, 18.861, 6.585, 6.726, 6.353, 6.358, 6.349, 7.489, 7.736, 6.386, 8.936, 8.724, 8.847, 8.387, 6.834, 7.293, 7.578, 6.385, 7.359, 7.751, 6.297, 2.276, 2.336, 2.314, 2.291, 2.27, 2.319, 2.271, 2.208, 2.403, 2.504, 1.265, 1.615, 2.25, 2.213, 2.234, 2.29, 2.243, 1.601, 1.548], "Total polarizability alpha": 231.364848, "Wiberg matrix": [[0.0, 1.0101708849635924, 0.0, 0.0, 0.0, 0.0, 0.0, 0.0, 0.0, 0.0, 0.0, 0.0, 0.0, 0.0, 0.0, 0.0, 0.0, 0.0, 0.0, 0.0, 0.0, 0.0, 0.0, 0.9820512742539299, 0.9817239286262153, 0.979260840562052, 0.0, 0.0, 0.0, 0.0, 0.0, 0.0, 0.0, 0.0, 0.0, 0.0, 0.0, 0.0, 0.0, 0.0, 0.0, 0.0], [1.0101708849635924, 0.0, 1.0095786698609506, 0.0, 0.0, 0.0, 0.0, 0.0, 0.0, 0.0, 0.0, 0.0, 0.0, 0.0, 0.0, 0.0, 0.0, 0.0, 0.0, 0.0, 0.0, 0.0, 0.0, 0.0, 0.0, 0.0, 0.0, 0.0, 0.0, 0.0, 0.0, 0.0, 0.0, 0.0, 0.0, 0.0, 0.0, 0.0, 0.0, 0.0, 0.0, 0.0], [0.0, 1.0095786698609506, 0.0, 0.9343536632052137, 0.0, 0.0, 0.0, 0.0, 0.0, 0.0, 0.0, 0.0, 0.0, 0.0, 0.0, 0.0, 0.0, 0.0, 0.0, 0.0, 0.0, 0.0, 0.0, 0.0, 0.0, 0.0, 0.9674145125247776, 0.9649810856285332, 0.0, 0.0, 0.0, 0.0, 0.0, 0.0, 0.0, 0.0, 0.0, 0.0, 0.0, 0.0, 0.0, 0.0], [0.0, 0.0, 0.9343536632052137, 0.0, 1.7491104778882902, 0.9334398640687388, 0.0, 0.0, 0.0, 0.0, 0.0, 0.0, 0.0, 0.0, 0.0, 0.0, 0.0, 0.0, 0.0, 0.0, 0.0, 0.0, 0.0, 0.0, 0.0, 0.0, 0.0, 0.0, 0.0, 0.0, 0.0, 0.0, 0.0, 0.0, 0.0, 0.0, 0.0, 0.0, 0.0, 0.0, 0.0, 0.0], [0.0, 0.0, 0.0, 1.7491104778882902, 0.0, 0.0, 0.0, 0.0, 0.0, 0.0, 0.0, 0.0, 0.0, 0.0, 0.0, 0.0, 0.0, 0.0, 0.0, 0.0, 0.0, 0.0, 0.0, 0.0, 0.0, 0.0, 0.0, 0.0, 0.0, 0.0, 0.0, 0.0, 0.0, 0.0, 0.0, 0.0, 0.0, 0.0, 0.0, 0.0, 0.0, 0.0], [0.0, 0.0, 0.0, 0.9334398640687388, 0.0, 0.0, 0.9957947713609298, 0.0, 0.0, 0.0, 0.0, 0.0, 0.0, 0.0, 0.0, 0.0, 0.0, 0.0, 0.0, 0.0, 0.0, 0.0, 0.0, 0.0, 0.0, 0.0, 0.0, 0.0, 0.9701840382492528, 0.9670230249231373, 0.0, 0.0, 0.0, 0.0, 0.0, 0.0, 0.0, 0.0, 0.0, 0.0, 0.0, 0.0], [0.0, 0.0, 0.0, 0.0, 0.0, 0.9957947713609298, 0.0, 0.9741326617239747, 0.0, 0.984097197237091, 0.0, 0.0, 0.0, 0.0, 0.0, 0.0, 0.0, 0.0, 0.0, 0.0, 0.0, 0.0, 0.0, 0.0, 0.0, 0.0, 0.0, 0.0, 0.0, 0.0, 0.9512033701451733, 0.0, 0.0, 0.0, 0.0, 0.0, 0.0, 0.0, 0.0, 0.0, 0.0, 0.0], [0.0, 0.0, 0.0, 0.0, 0.0, 0.0, 0.9741326617239747, 0.0, 1.0143366078181506, 0.0, 0.0, 0.0, 0.0, 0.0, 0.0, 0.0, 0.0, 0.0, 0.0, 0.0, 0.0, 0.0, 0.0, 0.0, 0.0, 0.0, 0.0, 0.0, 0.0, 0.0, 0.0, 0.9710814685895198, 0.9681336445578673, 0.0, 0.0, 0.0, 0.0, 0.0, 0.0, 0.0, 0.0, 0.0], [0.0, 0.0, 0.0, 0.0, 0.0, 0.0, 0.0, 1.0143366078181506, 0.0, 0.0, 0.0, 0.0, 0.0, 0.0, 0.0, 0.0, 0.0, 0.0, 0.0, 0.0, 0.0, 0.0, 0.0, 0.0, 0.0, 0.0, 0.0, 0.0, 0.0, 0.0, 0.0, 0.0, 0.0, 0.8360018908891552, 0.0, 0.0, 0.0, 0.0, 0.0, 0.0, 0.0, 0.0], [0.0, 0.0, 0.0, 0.0, 0.0, 0.0, 0.984097197237091, 0.0, 0.0, 0.0, 1.2433578790858864, 0.19105593034312016, 0.0, 0.0, 0.0, 0.0, 0.0, 0.0, 0.0, 0.0, 0.0, 0.0, 0.0, 0.0, 0.0, 0.0, 0.0, 0.0, 0.0, 0.0, 0.0, 0.0, 0.0, 0.0, 0.899381677970911, 0.0, 0.0, 0.0, 0.0, 0.0, 0.0, 0.0], [0.0, 0.0, 0.0, 0.0, 0.0, 0.0, 0.0, 0.0, 0.0, 1.2433578790858864, 0.0, 1.6240067395923716, 1.0216841613067191, 0.0, 0.0, 0.0, 0.0, 0.0, 0.0, 0.0, 0.0, 0.0, 0.0, 0.0, 0.0, 0.0, 0.0, 0.0, 0.0, 0.0, 0.0, 0.0, 0.0, 0.0, 0.0, 0.0, 0.0, 0.0, 0.0, 0.0, 0.0, 0.0], [0.0, 0.0, 0.0, 0.0, 0.0, 0.0, 0.0, 0.0, 0.0, 0.19105593034312016, 1.6240067395923716, 0.0, 0.0, 0.0, 0.0, 0.0, 0.0, 0.0, 0.0, 0.0, 0.0, 0.0, 0.0, 0.0, 0.0, 0.0, 0.0, 0.0, 0.0, 0.0, 0.0, 0.0, 0.0, 0.0, 0.0, 0.0, 0.0, 0.0, 0.0, 0.0, 0.0, 0.0], [0.0, 0.0, 0.0, 0.0, 0.0, 0.0, 0.0, 0.0, 0.0, 0.0, 1.0216841613067191, 0.0, 0.0, 1.8333554544285564, 0.0, 0.0, 0.0, 0.0, 0.0, 0.0, 0.0, 0.0, 0.0, 0.0, 0.0, 0.0, 0.0, 0.0, 0.0, 0.0, 0.0, 0.0, 0.0, 0.0, 0.0, 0.9596138736021105, 0.0, 0.0, 0.0, 0.0, 0.0, 0.0], [0.0, 0.0, 0.0, 0.0, 0.0, 0.0, 0.0, 0.0, 0.0, 0.0, 0.0, 0.0, 1.8333554544285564, 0.0, 1.0754304272776134, 0.0, 0.0, 0.0, 0.0, 0.0, 0.0, 0.0, 0.0, 0.0, 0.0, 0.0, 0.0, 0.0, 0.0, 0.0, 0.0, 0.0, 0.0, 0.0, 0.0, 0.0, 0.9455233290169567, 0.0, 0.0, 0.0, 0.0, 0.0], [0.0, 0.0, 0.0, 0.0, 0.0, 0.0, 0.0, 0.0, 0.0, 0.0, 0.0, 0.0, 0.0, 1.0754304272776134, 0.0, 1.6046092128727028, 0.0, 0.0, 0.0, 0.0, 0.0, 1.0242528303783036, 0.0, 0.0, 0.0, 0.0, 0.0, 0.0, 0.0, 0.0, 0.0, 0.0, 0.0, 0.0, 0.0, 0.0, 0.0, 0.0, 0.0, 0.0, 0.0, 0.0], [0.0, 0.0, 0.0, 0.0, 0.0, 0.0, 0.0, 0.0, 0.0, 0.0, 0.0, 0.0, 0.0, 0.0, 1.6046092128727028, 0.0, 1.024816238879632, 1.150063981503234, 0.0, 0.0, 0.0, 0.0, 0.0, 0.0, 0.0, 0.0, 0.0, 0.0, 0.0, 0.0, 0.0, 0.0, 0.0, 0.0, 0.0, 0.0, 0.0, 0.0, 0.0, 0.0, 0.0, 0.0], [0.0, 0.0, 0.0, 0.0, 0.0, 0.0, 0.0, 0.0, 0.0, 0.0, 0.0, 0.0, 0.0, 0.0, 0.0, 1.024816238879632, 0.0, 0.0, 0.0, 0.0, 0.0, 0.0, 0.0, 0.0, 0.0, 0.0, 0.0, 0.0, 0.0, 0.0, 0.0, 0.0, 0.0, 0.0, 0.0, 0.0, 0.0, 0.9609032464929164, 0.9711056317102742, 0.9776894078142602, 0.0, 0.0], [0.0, 0.0, 0.0, 0.0, 0.0, 0.0, 0.0, 0.0, 0.0, 0.0, 0.0, 0.0, 0.0, 0.0, 0.0, 1.150063981503234, 0.0, 0.0, 1.1388408297333517, 0.1341606414102643, 0.0, 0.0, 0.0, 0.0, 0.0, 0.0, 0.0, 0.0, 0.0, 0.0, 0.0, 0.0, 0.0, 0.0, 0.0, 0.0, 0.0, 0.0, 0.0, 0.0, 0.9225870349552264, 0.0], [0.0, 0.0, 0.0, 0.0, 0.0, 0.0, 0.0, 0.0, 0.0, 0.0, 0.0, 0.0, 0.0, 0.0, 0.0, 0.0, 0.0, 1.1388408297333517, 0.0, 1.6235198892620792, 1.1378479358711735, 0.0, 0.0, 0.0, 0.0, 0.0, 0.0, 0.0, 0.0, 0.0, 0.0, 0.0, 0.0, 0.0, 0.0, 0.0, 0.0, 0.0, 0.0, 0.0, 0.0, 0.0], [0.0, 0.0, 0.0, 0.0, 0.0, 0.0, 0.0, 0.0, 0.0, 0.0, 0.0, 0.0, 0.0, 0.0, 0.0, 0.0, 0.0, 0.1341606414102643, 1.6235198892620792, 0.0, 0.12949883482585664, 0.0, 0.0, 0.0, 0.0, 0.0, 0.0, 0.0, 0.0, 0.0, 0.0, 0.0, 0.0, 0.0, 0.0, 0.0, 0.0, 0.0, 0.0, 0.0, 0.0, 0.0], [0.0, 0.0, 0.0, 0.0, 0.0, 0.0, 0.0, 0.0, 0.0, 0.0, 0.0, 0.0, 0.0, 0.0, 0.0, 0.0, 0.0, 0.0, 1.1378479358711735, 0.12949883482585664, 0.0, 1.1391200912543462, 0.13998729462902793, 0.0, 0.0, 0.0, 0.0, 0.0, 0.0, 0.0, 0.0, 0.0, 0.0, 0.0, 0.0, 0.0, 0.0, 0.0, 0.0, 0.0, 0.0, 0.9129751306967644], [0.0, 0.0, 0.0, 0.0, 0.0, 0.0, 0.0, 0.0, 0.0, 0.0, 0.0, 0.0, 0.0, 0.0, 1.0242528303783036, 0.0, 0.0, 0.0, 0.0, 0.0, 1.1391200912543462, 0.0, 1.6869549642810988, 0.0, 0.0, 0.0, 0.0, 0.0, 0.0, 0.0, 0.0, 0.0, 0.0, 0.0, 0.0, 0.0, 0.0, 0.0, 0.0, 0.0, 0.0, 0.0], [0.0, 0.0, 0.0, 0.0, 0.0, 0.0, 0.0, 0.0, 0.0, 0.0, 0.0, 0.0, 0.0, 0.0, 0.0, 0.0, 0.0, 0.0, 0.0, 0.0, 0.13998729462902793, 1.6869549642810988, 0.0, 0.0, 0.0, 0.0, 0.0, 0.0, 0.0, 0.0, 0.0, 0.0, 0.0, 0.0, 0.0, 0.0, 0.0, 0.0, 0.0, 0.0, 0.0, 0.0], [0.9820512742539299, 0.0, 0.0, 0.0, 0.0, 0.0, 0.0, 0.0, 0.0, 0.0, 0.0, 0.0, 0.0, 0.0, 0.0, 0.0, 0.0, 0.0, 0.0, 0.0, 0.0, 0.0, 0.0, 0.0, 0.0, 0.0, 0.0, 0.0, 0.0, 0.0, 0.0, 0.0, 0.0, 0.0, 0.0, 0.0, 0.0, 0.0, 0.0, 0.0, 0.0, 0.0], [0.9817239286262153, 0.0, 0.0, 0.0, 0.0, 0.0, 0.0, 0.0, 0.0, 0.0, 0.0, 0.0, 0.0, 0.0, 0.0, 0.0, 0.0, 0.0, 0.0, 0.0, 0.0, 0.0, 0.0, 0.0, 0.0, 0.0, 0.0, 0.0, 0.0, 0.0, 0.0, 0.0, 0.0, 0.0, 0.0, 0.0, 0.0, 0.0, 0.0, 0.0, 0.0, 0.0], [0.979260840562052, 0.0, 0.0, 0.0, 0.0, 0.0, 0.0, 0.0, 0.0, 0.0, 0.0, 0.0, 0.0, 0.0, 0.0, 0.0, 0.0, 0.0, 0.0, 0.0, 0.0, 0.0, 0.0, 0.0, 0.0, 0.0, 0.0, 0.0, 0.0, 0.0, 0.0, 0.0, 0.0, 0.0, 0.0, 0.0, 0.0, 0.0, 0.0, 0.0, 0.0, 0.0], [0.0, 0.0, 0.9674145125247776, 0.0, 0.0, 0.0, 0.0, 0.0, 0.0, 0.0, 0.0, 0.0, 0.0, 0.0, 0.0, 0.0, 0.0, 0.0, 0.0, 0.0, 0.0, 0.0, 0.0, 0.0, 0.0, 0.0, 0.0, 0.0, 0.0, 0.0, 0.0, 0.0, 0.0, 0.0, 0.0, 0.0, 0.0, 0.0, 0.0, 0.0, 0.0, 0.0], [0.0, 0.0, 0.9649810856285332, 0.0, 0.0, 0.0, 0.0, 0.0, 0.0, 0.0, 0.0, 0.0, 0.0, 0.0, 0.0, 0.0, 0.0, 0.0, 0.0, 0.0, 0.0, 0.0, 0.0, 0.0, 0.0, 0.0, 0.0, 0.0, 0.0, 0.0, 0.0, 0.0, 0.0, 0.0, 0.0, 0.0, 0.0, 0.0, 0.0, 0.0, 0.0, 0.0], [0.0, 0.0, 0.0, 0.0, 0.0, 0.9701840382492528, 0.0, 0.0, 0.0, 0.0, 0.0, 0.0, 0.0, 0.0, 0.0, 0.0, 0.0, 0.0, 0.0, 0.0, 0.0, 0.0, 0.0, 0.0, 0.0, 0.0, 0.0, 0.0, 0.0, 0.0, 0.0, 0.0, 0.0, 0.0, 0.0, 0.0, 0.0, 0.0, 0.0, 0.0, 0.0, 0.0], [0.0, 0.0, 0.0, 0.0, 0.0, 0.9670230249231373, 0.0, 0.0, 0.0, 0.0, 0.0, 0.0, 0.0, 0.0, 0.0, 0.0, 0.0, 0.0, 0.0, 0.0, 0.0, 0.0, 0.0, 0.0, 0.0, 0.0, 0.0, 0.0, 0.0, 0.0, 0.0, 0.0, 0.0, 0.0, 0.0, 0.0, 0.0, 0.0, 0.0, 0.0, 0.0, 0.0], [0.0, 0.0, 0.0, 0.0, 0.0, 0.0, 0.9512033701451733, 0.0, 0.0, 0.0, 0.0, 0.0, 0.0, 0.0, 0.0, 0.0, 0.0, 0.0, 0.0, 0.0, 0.0, 0.0, 0.0, 0.0, 0.0, 0.0, 0.0, 0.0, 0.0, 0.0, 0.0, 0.0, 0.0, 0.0, 0.0, 0.0, 0.0, 0.0, 0.0, 0.0, 0.0, 0.0], [0.0, 0.0, 0.0, 0.0, 0.0, 0.0, 0.0, 0.9710814685895198, 0.0, 0.0, 0.0, 0.0, 0.0, 0.0, 0.0, 0.0, 0.0, 0.0, 0.0, 0.0, 0.0, 0.0, 0.0, 0.0, 0.0, 0.0, 0.0, 0.0, 0.0, 0.0, 0.0, 0.0, 0.0, 0.0, 0.0, 0.0, 0.0, 0.0, 0.0, 0.0, 0.0, 0.0], [0.0, 0.0, 0.0, 0.0, 0.0, 0.0, 0.0, 0.9681336445578673, 0.0, 0.0, 0.0, 0.0, 0.0, 0.0, 0.0, 0.0, 0.0, 0.0, 0.0, 0.0, 0.0, 0.0, 0.0, 0.0, 0.0, 0.0, 0.0, 0.0, 0.0, 0.0, 0.0, 0.0, 0.0, 0.0, 0.0, 0.0, 0.0, 0.0, 0.0, 0.0, 0.0, 0.0], [0.0, 0.0, 0.0, 0.0, 0.0, 0.0, 0.0, 0.0, 0.8360018908891552, 0.0, 0.0, 0.0, 0.0, 0.0, 0.0, 0.0, 0.0, 0.0, 0.0, 0.0, 0.0, 0.0, 0.0, 0.0, 0.0, 0.0, 0.0, 0.0, 0.0, 0.0, 0.0, 0.0, 0.0, 0.0, 0.0, 0.0, 0.0, 0.0, 0.0, 0.0, 0.0, 0.0], [0.0, 0.0, 0.0, 0.0, 0.0, 0.0, 0.0, 0.0, 0.0, 0.899381677970911, 0.0, 0.0, 0.0, 0.0, 0.0, 0.0, 0.0, 0.0, 0.0, 0.0, 0.0, 0.0, 0.0, 0.0, 0.0, 0.0, 0.0, 0.0, 0.0, 0.0, 0.0, 0.0, 0.0, 0.0, 0.0, 0.0, 0.0, 0.0, 0.0, 0.0, 0.0, 0.0], [0.0, 0.0, 0.0, 0.0, 0.0, 0.0, 0.0, 0.0, 0.0, 0.0, 0.0, 0.0, 0.9596138736021105, 0.0, 0.0, 0.0, 0.0, 0.0, 0.0, 0.0, 0.0, 0.0, 0.0, 0.0, 0.0, 0.0, 0.0, 0.0, 0.0, 0.0, 0.0, 0.0, 0.0, 0.0, 0.0, 0.0, 0.0, 0.0, 0.0, 0.0, 0.0, 0.0], [0.0, 0.0, 0.0, 0.0, 0.0, 0.0, 0.0, 0.0, 0.0, 0.0, 0.0, 0.0, 0.0, 0.9455233290169567, 0.0, 0.0, 0.0, 0.0, 0.0, 0.0, 0.0, 0.0, 0.0, 0.0, 0.0, 0.0, 0.0, 0.0, 0.0, 0.0, 0.0, 0.0, 0.0, 0.0, 0.0, 0.0, 0.0, 0.0, 0.0, 0.0, 0.0, 0.0], [0.0, 0.0, 0.0, 0.0, 0.0, 0.0, 0.0, 0.0, 0.0, 0.0, 0.0, 0.0, 0.0, 0.0, 0.0, 0.0, 0.9609032464929164, 0.0, 0.0, 0.0, 0.0, 0.0, 0.0, 0.0, 0.0, 0.0, 0.0, 0.0, 0.0, 0.0, 0.0, 0.0, 0.0, 0.0, 0.0, 0.0, 0.0, 0.0, 0.0, 0.0, 0.0, 0.0], [0.0, 0.0, 0.0, 0.0, 0.0, 0.0, 0.0, 0.0, 0.0, 0.0, 0.0, 0.0, 0.0, 0.0, 0.0, 0.0, 0.9711056317102742, 0.0, 0.0, 0.0, 0.0, 0.0, 0.0, 0.0, 0.0, 0.0, 0.0, 0.0, 0.0, 0.0, 0.0, 0.0, 0.0, 0.0, 0.0, 0.0, 0.0, 0.0, 0.0, 0.0, 0.0, 0.0], [0.0, 0.0, 0.0, 0.0, 0.0, 0.0, 0.0, 0.0, 0.0, 0.0, 0.0, 0.0, 0.0, 0.0, 0.0, 0.0, 0.9776894078142602, 0.0, 0.0, 0.0, 0.0, 0.0, 0.0, 0.0, 0.0, 0.0, 0.0, 0.0, 0.0, 0.0, 0.0, 0.0, 0.0, 0.0, 0.0, 0.0, 0.0, 0.0, 0.0, 0.0, 0.0, 0.0], [0.0, 0.0, 0.0, 0.0, 0.0, 0.0, 0.0, 0.0, 0.0, 0.0, 0.0, 0.0, 0.0, 0.0, 0.0, 0.0, 0.0, 0.9225870349552264, 0.0, 0.0, 0.0, 0.0, 0.0, 0.0, 0.0, 0.0, 0.0, 0.0, 0.0, 0.0, 0.0, 0.0, 0.0, 0.0, 0.0, 0.0, 0.0, 0.0, 0.0, 0.0, 0.0, 0.0], [0.0, 0.0, 0.0, 0.0, 0.0, 0.0, 0.0, 0.0, 0.0, 0.0, 0.0, 0.0, 0.0, 0.0, 0.0, 0.0, 0.0, 0.0, 0.0, 0.0, 0.9129751306967644, 0.0, 0.0, 0.0, 0.0, 0.0, 0.0, 0.0, 0.0, 0.0, 0.0, 0.0, 0.0, 0.0, 0.0, 0.0, 0.0, 0.0, 0.0, 0.0, 0.0, 0.0]], "Born radii": [], "Atomic SASAs": [], "Solvent H bonds": [], "Total SASA": NaN, "Total FOD": 0.0, "FOD": [0.0, 0.0, 0.0, 0.0, 0.0, 0.0, 0.0, 0.0, 0.0, 0.0, 0.0, 0.0, 0.0, 0.0, 0.0, 0.0, 0.0, 0.0, 0.0, 0.0, 0.0, 0.0, 0.0, 0.0, 0.0, 0.0, 0.0, 0.0, 0.0, 0.0, 0.0, 0.0, 0.0, 0.0, 0.0, 0.0, 0.0, 0.0, 0.0, 0.0, 0.0, 0.0], "FOD s proportion": [0.0, 0.0, 0.0, 0.0, 0.0, 0.0, 0.0, 0.0, 0.0, 0.0, 0.0, 0.0, 0.0, 0.0, 0.0, 0.0, 0.0, 0.0, 0.0, 0.0, 0.0, 0.0, 0.0, 0.0, 0.0, 0.0, 0.0, 0.0, 0.0, 0.0, 0.0, 0.0, 0.0, 0.0, 0.0, 0.0, 0.0, 0.0, 0.0, 0.0, 0.0, 0.0], "FOD p proportion": [0.0, 0.0, 0.0, 0.0, 0.0, 0.0, 0.0, 0.0, 0.0, 0.0, 0.0, 0.0, 0.0, 0.0, 0.0, 0.0, 0.0, 0.0, 0.0, 0.0, 0.0, 0.0, 0.0, 0.0, 0.0, 0.0, 0.0, 0.0, 0.0, 0.0, 0.0, 0.0, 0.0, 0.0, 0.0, 0.0, 0.0, 0.0, 0.0, 0.0, 0.0, 0.0], "FOD d proportion": [0.0, 0.0, 0.0, 0.0, 0.0, 0.0, 0.0, 0.0, 0.0, 0.0, 0.0, 0.0, 0.0, 0.0, 0.0, 0.0, 0.0, 0.0, 0.0, 0.0, 0.0, 0.0, 0.0, 0.0, 0.0, 0.0, 0.0, 0.0, 0.0, 0.0, 0.0, 0.0, 0.0, 0.0, 0.0, 0.0, 0.0, 0.0, 0.0, 0.0, 0.0, 0.0], "coordinates": [["-3.40350", "3.59570", "1.47160"], ["-4.78620", "3.25710", "0.35110"], ["-4.41250", "1.53350", "-0.07710"], ["-2.92940", "1.34370", "-1.11740"], ["-1.71540", "1.41770", "-0.23200"], ["-3.19870", "-0.42820", "-1.48680"], ["-1.99150", "-1.06670", "-2.18940"], ["-1.71880", "-0.43950", "-3.57360"], ["-1.05990", "-1.35430", "-4.44680"], ["-0.80390", "-1.02110", "-1.32610"], ["0.30840", "-1.78000", "-1.55080"], ["0.40380", "-2.57440", "-2.48020"], ["1.46670", "-1.53460", "-0.65840"], ["1.38680", "-1.00250", "0.57170"], ["2.51980", "-0.82610", "1.46840"], ["3.65440", "-0.15170", "1.18290"], ["3.94070", "0.57470", "-0.10480"], ["4.65980", "-0.06130", "2.12030"], ["4.61500", "-0.61240", "3.36690"], ["5.53690", "-0.48480", "4.16480"], ["3.47980", "-1.29680", "3.66780"], ["2.38920", "-1.39810", "2.85400"], ["1.35080", "-1.92720", "3.24340"], ["-2.46950", "3.70040", "0.91530"], ["-3.30790", "2.80520", "2.22030"], ["-3.59380", "4.53930", "1.99060"], ["-5.26500", "1.14830", "-0.64400"], ["-4.30110", "0.93110", "0.82910"], ["-4.09700", "-0.50930", "-2.10710"], ["-3.38460", "-0.94010", "-0.53600"], ["-2.21600", "-2.13110", "-2.33870"], ["-2.65680", "-0.16580", "-4.06670"], ["-1.09720", "0.45850", "-3.49440"], ["-0.40870", "-1.86380", "-3.91530"], ["-0.71660", "-0.20160", "-0.72480"], ["2.41020", "-1.88570", "-1.06540"], ["0.42420", "-0.74450", "1.01070"], ["4.66450", "0.01130", "-0.70270"], ["4.36400", "1.56450", "0.10150"], ["3.04740", "0.74280", "-0.71210"], ["5.51000", "0.45100", "1.91130"], ["3.40130", "-1.67330", "4.59890"]], "bond_dist": [[0.0, 1.8116372429380005, 2.769335936646184, 3.4639855383647316, 3.239694209335196, 4.998584280573851, 6.093819718370408, 6.676458355295867, 8.06364802803297, 5.991651499378114, 7.19800346346124, 8.257262896384008, 7.3875385704576875, 6.700763937044791, 7.391739197915468, 7.996268308404864, 8.096218351798573, 8.877571040549324, 9.251843597359393, 10.189924369199215, 8.725804809872841, 7.7720294318794245, 7.49967120212613, 1.0921482408537773, 1.0929690297533594, 1.093597755118398, 3.732386953411985, 2.8841957579193545, 5.489905367126104, 4.960271828236836, 6.980313788075719, 6.736409283141873, 6.310483303995028, 8.233690478758598, 5.144228985960869, 8.383389687352008, 5.805260729717486, 9.092201485338961, 8.144753139291577, 7.383880748630764, 9.462185605345098, 9.156837299526513], [1.8116372429380005, 0.0, 1.8148839880278849, 3.043895210088547, 3.6267355307493823, 4.413555114643976, 5.741056939275206, 6.202988345144621, 7.626936872690109, 6.080683215725022, 7.412459050814379, 8.304140650302113, 7.942180906400962, 7.503251663112467, 8.44384494942914, 9.14087178774541, 9.141219731523798, 10.16704299194215, 10.604274672508252, 11.623790987023122, 10.003262472813557, 8.911888722936345, 8.538450373457705, 2.4252701746403433, 2.4255912969830673, 2.398711080976615, 2.380443422978164, 2.4236505544323004, 4.5501112997376225, 4.513082849893186, 6.547797440361148, 5.980597429187155, 6.01903258090534, 7.9742267349254625, 5.448101564765474, 8.95784779118288, 6.602737529237399, 10.04795713416414, 9.308778381721202, 8.295624611203186, 10.785182227945896, 10.458862521804175], [2.769335936646184, 1.8148839880278849, 0.0, 1.821492174015579, 2.704025158906625, 2.703485050818665, 4.133290738624613, 4.83469346908364, 6.218809668256458, 4.594341750457839, 5.952979989047502, 6.771002710825037, 6.6570368738651275, 6.362713095056227, 7.484187711435356, 8.336808421092572, 8.408092231297179, 9.469877564678434, 9.897564299361738, 11.002627452567864, 9.18277046375439, 7.965472281038959, 7.497852467873717, 3.074989816243299, 2.848755659932947, 3.7390488924324052, 1.093851406727623, 1.0938437548388709, 2.8971489588904467, 2.717694717954907, 4.834122461212583, 4.678355602132014, 4.881063242778155, 6.504140294458599, 4.133976791178199, 7.695251836034997, 5.455846380718577, 9.224987653108268, 8.778371785815407, 7.528515092632809, 10.1775020049126, 9.654222531100057], [3.4639855383647316, 3.043895210088547, 1.821492174015579, 0.0, 1.5043952805030993, 1.8299203425286032, 2.7997979516386535, 3.26776269640254, 4.675375772063674, 3.1864690458248606, 4.5198104042094505, 5.321555570507556, 5.274560370305756, 5.1949298060705305, 6.410005797189266, 7.132602869219623, 6.986772772174575, 8.369748080438264, 8.991843251525239, 10.145111373464562, 8.423076868342115, 7.1817122721534865, 6.930762980365149, 3.1460152876297345, 3.663261632752976, 4.506989096947096, 2.3910909811213794, 2.41674613892316, 2.4034152471015076, 2.4002032080638505, 3.751632749883709, 3.324345273884769, 3.129003815913301, 4.946739244189044, 2.7273743215774395, 6.2404372058374245, 4.487317885998271, 7.72104805450659, 7.3978478904340825, 6.02058860411505, 9.010738556855369, 9.047438155632788], [3.239694209335196, 3.6267355307493823, 2.704025158906625, 1.5043952805030993, 0.0, 2.67993446561665, 3.1748841443429083, 3.823021574618694, 5.087062343828705, 2.8241162334436587, 4.0075285613455085, 5.047997057249538, 4.361611245858576, 4.015836970047464, 5.085559717474567, 5.770590126668155, 5.719990913454321, 6.9544181158454945, 7.559586720185171, 8.691789906572753, 7.040387299715833, 5.856608813981006, 5.715622766593331, 2.6637723983103365, 3.2365085802450766, 4.2676368027281795, 3.5835709173951056, 2.8369979309121818, 3.5918445915713004, 2.9048004199944613, 4.1572547059327505, 4.254248500029117, 3.4562247669964985, 5.103176072800153, 1.9653462214073123, 5.350474977046431, 3.285924571562774, 6.550010951135883, 6.090310078312926, 4.834278628709769, 7.598331984060712, 7.68586330219319], [4.998584280573851, 4.413555114643976, 2.703485050818665, 1.8299203425286032, 2.67993446561665, 0.0, 1.5357932315256504, 2.558313104371707, 3.767456257211223, 2.472331276346275, 3.759150123365653, 4.309411125664387, 4.865832372780632, 5.05905653160745, 6.449245979182373, 7.359940893105052, 7.34076050351733, 8.654583078924137, 9.200339179617238, 10.40454196396939, 8.48096276197461, 7.1419799117611635, 6.731994005493469, 4.831889383046761, 4.920303914393906, 6.076550914787105, 2.7322627582280585, 2.902821913242354, 1.0946653324190003, 1.0957285521514895, 2.1427322067864663, 2.649225052727684, 3.0385846869883353, 3.9677020566065693, 2.606302355829039, 5.8104770389357885, 4.411684071870967, 7.914410104360274, 7.980475015310804, 6.401965815278929, 9.389437253637729, 9.063444074963998], [6.093819718370408, 5.741056939275206, 4.133290738624613, 2.7997979516386535, 3.1748841443429083, 1.5357932315256504, 0.0, 1.5439413104130608, 2.458952435489552, 1.4689315879236855, 2.491213933005353, 2.845204038377564, 3.8107792707004164, 4.3635657139545865, 5.812849291870554, 6.639715287570695, 6.498518905104454, 7.98900087244957, 8.644344997164332, 9.8687016273672, 8.018407668608527, 6.6885156806275035, 6.436361190921467, 5.709018173031156, 6.014147708528616, 7.174050549724333, 4.243853014655431, 4.293809410069338, 2.1795867268819564, 2.1657531553711284, 1.0980155281233503, 2.185978085434527, 2.197505979514049, 2.4737330211645716, 2.125751909325263, 4.616178060907096, 4.022444448342326, 6.904686588832256, 7.250090792534946, 5.554027255064563, 8.682836865333819, 8.690872930264256], [6.676458355295867, 6.202988345144621, 4.83469346908364, 3.26776269640254, 3.823021574618694, 2.558313104371707, 1.5439413104130608, 0.0, 1.4260036781158734, 2.4953069590733716, 3.161993031301619, 3.2029287113515346, 4.454777805906822, 5.210108679288753, 6.598253823550591, 7.181810310081992, 6.7149918339488694, 8.558625497706977, 9.397736807338243, 10.608019095948121, 8.95534919531338, 7.688213038151324, 7.622806861648798, 6.152442255722519, 6.82807396781845, 7.6983372282591, 4.866127766510041, 5.284939445253843, 2.794875583992962, 3.5003576617254413, 2.1526022414742583, 1.0944876883729666, 1.0950174427834471, 1.9651339369111713, 3.0293006932293793, 5.042935918688636, 5.069643033784529, 7.013687071719126, 7.3839577362008235, 5.683544490896504, 9.11771175789189, 9.722522445332794], [8.06364802803297, 7.626936872690109, 6.218809668256458, 4.675375772063674, 5.087062343828705, 3.767456257211223, 2.458952435489552, 1.4260036781158734, 0.0, 3.1488611798553454, 3.231142426449196, 2.738353019608684, 4.557212987122722, 5.594233314762622, 6.934178997545419, 7.440725323515174, 6.897826132920429, 8.804181932468229, 9.685494995610703, 10.882713588531125, 9.29832864013743, 8.074644877020908, 8.079533708079941, 7.502604924957732, 8.173442766668156, 9.08819503146802, 6.197351096234583, 6.600269040728567, 3.9258371718653846, 4.568385751006584, 2.526671933591696, 2.0265976092949485, 2.0480968946805223, 0.9829262128969801, 3.9115030589276034, 4.874202081366755, 5.688472123514362, 6.975091650293923, 7.656704091187017, 5.934283932371285, 9.31923439505628, 10.091023482779137], [5.991651499378114, 6.080683215725022, 4.594341750457839, 3.1864690458248606, 2.8241162334436587, 2.472331276346275, 1.4689315879236855, 2.4953069590733716, 3.1488611798553454, 0.0, 1.3651485596813264, 2.281058304822566, 2.421803026672483, 2.898474993854527, 4.346750158451714, 5.189159493598168, 5.152609095400116, 6.530766164088253, 7.180234111782149, 8.404959556119232, 6.585220830769458, 5.273637513140243, 5.132648395321853, 5.485495380546774, 5.786842027392834, 7.049970855258906, 5.007291681138617, 4.548228195682358, 3.422923874409129, 2.700153977090936, 2.0619129879798517, 3.4169672020667683, 2.6413568369305955, 2.751414721556894, 1.020178038383497, 3.338553048852152, 2.654311852439348, 5.5998103432169914, 5.952357476664183, 4.2802863105170905, 7.2465971586669555, 7.294840428686566], [7.19800346346124, 7.412459050814379, 5.952979989047502, 4.5198104042094505, 4.0075285613455085, 3.759150123365653, 2.491213933005353, 3.161993031301619, 3.231142426449196, 1.3651485596813264, 0.0, 1.2263591969728933, 1.4826522889740532, 2.5044877839590276, 3.862095779495894, 4.617379406113385, 4.563894321738837, 5.946897246463907, 6.640321273101175, 7.853842285785983, 6.125769026008082, 4.886495604213719, 4.908423294704726, 6.6206617327877435, 6.9514660281123435, 8.228136562430159, 6.360818712241373, 5.8533304596614055, 4.618625048648137, 3.9209055140362663, 2.667705564712868, 4.210440058948708, 3.280880151727582, 2.4722692207767336, 2.0552974383285743, 2.159710371785995, 2.7653123042434102, 4.785774389793151, 5.510323665629815, 3.817074603672294, 6.634767514389634, 6.884491658067428], [8.257262896384008, 8.304140650302113, 6.771002710825037, 5.321555570507556, 5.047997057249538, 4.309411125664387, 2.845204038377564, 3.2029287113515346, 2.738353019608684, 2.281058304822566, 1.2263591969728933, 0.0, 2.3515730245943884, 3.570889555838993, 4.80889289234019, 5.463897625322056, 5.298020156624548, 6.752318702490278, 7.468080600127451, 8.652812766378341, 6.992277294272589, 5.81198627751305, 5.837403001335439, 7.691449029929276, 8.050559812832894, 9.304492790582406, 7.026052886934455, 6.736177012965143, 4.965988548114062, 4.56101136701061, 2.660806114695319, 4.205426086617146, 3.532716384030849, 1.795722868373625, 3.1570405699008686, 2.5498250312521447, 3.9414886756148366, 5.291400120006046, 6.283219886332167, 4.5954993645957565, 7.38319685840761, 7.740196655770447], [7.3875385704576875, 7.942180906400962, 6.6570368738651275, 5.274560370305756, 4.361611245858576, 4.865832372780632, 3.8107792707004164, 4.454777805906822, 4.557212987122722, 2.421803026672483, 1.4826522889740532, 2.3515730245943884, 0.0, 1.342631904134562, 2.476745869079022, 3.176291767139788, 3.2979228993413416, 4.481927508338349, 5.19281097479968, 6.397801678701834, 4.777564954032545, 3.6340875415983036, 3.923214346680538, 6.736128497141366, 7.065237638607777, 8.337752842343074, 7.246650582165529, 6.446692918078229, 5.8399254678463155, 4.889122999066397, 4.091637768669167, 5.522080638672348, 4.311487773379394, 3.7726509790861913, 2.55892494028254, 1.0858694488749558, 2.120603468355175, 3.5521393750808827, 4.310013469816539, 2.772732756686082, 5.185965709489411, 5.6036700598804], [6.700763937044791, 7.503251663112467, 6.362713095056227, 5.1949298060705305, 4.015836970047464, 5.05905653160745, 4.3635657139545865, 5.210108679288753, 5.594233314762622, 2.898474993854527, 2.5044877839590276, 3.570889555838993, 1.342631904134562, 0.0, 1.4556362354654406, 2.497886274432845, 3.0769493495993725, 3.7411961188903207, 4.287959455265407, 5.513774651724534, 3.748746017003553, 2.5239251989708413, 2.8274276259526077, 6.091500558975596, 6.2655142917401445, 7.584932485526816, 7.095795259870454, 6.01309156175091, 6.123012177025291, 4.898688703112293, 4.767004715751811, 6.210114524708864, 4.983768274107455, 4.90905560571481, 2.597430387902629, 2.1230841269247906, 1.088982901610489, 3.659945776920746, 3.9590777815041727, 2.7297997893618495, 4.572523225747465, 4.552639095074417], [7.391739197915468, 8.44384494942914, 7.484187711435356, 6.410005797189266, 5.085559717474567, 6.449245979182373, 5.812849291870554, 6.598253823550591, 6.934178997545419, 4.346750158451714, 3.862095779495894, 4.80889289234019, 2.476745869079022, 1.4556362354654406, 0.0, 1.350423181821165, 2.5408966311127257, 2.364210787979786, 2.8354599238924187, 4.060782074921036, 2.4455099365980915, 1.5047018708036486, 2.393659794122799, 6.75930738685555, 6.907516238851705, 8.150847499493535, 8.304432560988138, 7.072561992658672, 7.527722413187139, 6.236389558069637, 6.214888337693607, 7.607267292530216, 6.2739357663272255, 6.215879602276736, 3.9590922507564787, 2.748619064184777, 2.1465524009443606, 3.164593506281652, 3.314280858647921, 2.7375882122773687, 3.2815302619357327, 3.360776746527505], [7.996268308404864, 9.14087178774541, 8.336808421092572, 7.132602869219623, 5.770590126668155, 7.359940893105052, 6.639715287570695, 7.181810310081992, 7.440725323515174, 5.189159493598168, 4.617379406113385, 5.463897625322056, 3.176291767139788, 2.497886274432845, 1.350423181821165, 0.0, 1.5059202966956784, 1.3775776130585162, 2.4299902983345425, 3.542102408175122, 2.741617621040542, 2.4386100979861456, 3.5643559670717515, 7.239643318562041, 7.634990351008965, 8.671462594626123, 9.196915785740348, 8.03664174453484, 8.428296371153543, 7.288601564772216, 7.126099008574045, 8.209125678779683, 6.695310440151376, 6.740304982714061, 4.769428718410622, 3.099942343012205, 3.288655761857723, 2.1453107863430887, 2.149023164137604, 2.181651725184384, 2.082562174341981, 3.7481171499834427], [8.096218351798573, 9.141219731523798, 8.408092231297179, 6.986772772174575, 5.719990913454321, 7.34076050351733, 6.498518905104454, 6.7149918339488694, 6.897826132920429, 5.152609095400116, 4.563894321738837, 5.298020156624548, 3.2979228993413416, 3.0769493495993725, 2.5408966311127257, 1.5059202966956784, 0.0, 2.423359407929414, 3.7304943090695097, 4.679730638615859, 4.236443298334111, 3.8798955565839655, 4.917065065666713, 7.204253503313164, 7.932428519690549, 8.767978362769835, 9.239300086586647, 8.302195939027214, 8.353974059093074, 7.4927012865855, 7.0863684451205335, 7.731235225369876, 6.07316449719584, 6.275625296335019, 4.762088300315314, 3.0526628981923305, 3.9179587976394035, 1.094892876038565, 1.0961052048047213, 1.0931860729079932, 2.5578630514552567, 5.24111152810165], [8.877571040549324, 10.16704299194215, 9.469877564678434, 8.369748080438264, 6.9544181158454945, 8.654583078924137, 7.98900087244957, 8.558625497706977, 8.804181932468229, 6.530766164088253, 5.946897246463907, 6.752318702490278, 4.481927508338349, 3.7411961188903207, 2.364210787979786, 1.3775776130585162, 2.423359407929414, 0.0, 1.3637191096409846, 2.264649401121507, 2.3051283044550903, 2.7351369782882897, 3.961365600395904, 8.150419030945587, 8.468238632679173, 9.450092878379555, 10.37333802061805, 9.107677201679909, 9.734123535275275, 8.517076405081733, 8.45241851069858, 9.582407046770658, 8.05841778080536, 8.084996342608944, 6.084402605022123, 4.305556875713059, 4.431510099277672, 2.8239372956919566, 2.608884190607164, 3.3569182787193372, 1.0143827334886966, 3.213382051670794], [9.251843597359393, 10.604274672508252, 9.897564299361738, 8.991843251525239, 7.559586720185171, 9.200339179617238, 8.644344997164332, 9.397736807338243, 9.685494995610703, 7.180234111782149, 6.640321273101175, 7.468080600127451, 5.19281097479968, 4.287959455265407, 2.8354599238924187, 2.4299902983345425, 3.7304943090695097, 1.3637191096409846, 0.0, 1.2258979484443229, 1.3592730446823407, 2.4154868122181914, 3.5212146952436743, 8.648741333280814, 8.704425640442912, 9.788698178000995, 10.807487372187856, 9.397854026318987, 10.28