{"total energy": -43.03288169, "HOMO-LUMO gap/eV": 11.8308938, "electronic energy": -43.60478169, "dipole": [0.48017097, -0.36447438, -0.31459869], "partial charges": [-0.09977024, -0.05187265, -0.05864875, -0.0574554, -0.05721781, -0.05810252, -0.05826023, -0.05930002, -0.05766227, -0.05992586, -0.06313463, 0.08620223, -0.44690472, 0.03062808, 0.03216665, 0.03213949, 0.02774488, 0.02735667, 0.03053129, 0.03224785, 0.0283041, 0.02712925, 0.02897982, 0.02723018, 0.0295829, 0.03198011, 0.02891502, 0.02749482, 0.03032705, 0.03366639, 0.03031511, 0.03224833, 0.0284555, 0.03060087, 0.04976563, 0.04817082, 0.0160871, 0.01638698, 0.28359801], "atomic dipole moments": [[0.03331667, -0.09383821, -0.01470376], [0.05693138, 0.07748929, 0.05205267], [-0.05820902, -0.07964955, -0.05354613], [0.05514486, 0.07337744, 0.05809911], [-0.01018228, 0.07266682, -0.08129548], [0.01189331, -0.0796608, 0.07798036], [-0.00839988, 0.07742755, -0.07535299], [0.01364469, -0.08029459, 0.07869945], [-0.00110145, 0.07641261, -0.08435976], [-0.07301844, 0.06336409, 0.05562325], [0.10537801, -0.05813794, -0.06322547], [-0.06553814, 0.17131911, 0.06285893], [0.12235941, -0.18680485, -0.09460347], [-0.11351816, 0.01322061, -0.04964524], [-0.00851866, 0.02716985, 0.12263192], [0.07544845, 0.08490107, -0.05418644], [-0.00065411, -0.022219, -0.12147742], [-0.08191266, -0.0777953, 0.04941854], [-0.00193093, 0.0253478, 0.12176339], [0.07786468, 0.08264537, -0.05076136], [0.00629109, -0.02480183, -0.12154791], [-0.08023718, -0.08085095, 0.04236918], [-0.00852993, 0.01749443, 0.12272168], [0.01983916, -0.11931133, -0.01134554], [0.00532437, -0.0148512, -0.12318856], [-0.01605945, 0.12174377, 0.01909977], [-0.00481868, 0.01469068, 0.12326186], [0.01872712, -0.12083565, -0.01830802], [0.00404506, -0.01509685, -0.12323323], [-0.02191563, 0.12114722, 0.01900942], [0.0166868, -0.11990316, -0.01144161], [-0.00220243, 0.01842148, 0.12318844], [0.0986608, -0.05366415, 0.04584875], [0.00602345, -0.02466546, -0.12136364], [-0.09866145, 0.06043634, -0.05068769], [-0.01333184, 0.02838822, 0.1224835], [0.09712544, -0.03650276, 0.05519974], [0.01035888, -0.00633713, -0.11703454], [0.0698027, 0.01778005, -0.03211893]], "atomic quadrupole moments": [[-0.06939395, -0.11093211, 0.18592101, -0.00824425, 0.0498388, -0.11652706], [0.08046661, -0.13850515, 0.09299721, 0.10413465, 0.03948817, -0.17346382], [0.09546277, -0.13095671, 0.07931661, 0.11468461, 0.04548389, -0.17477938], [0.07390681, -0.13884479, 0.07495988, 0.11751139, 0.02028598, -0.14886668], [0.21265317, 0.06501215, -0.10555841, 0.04023444, -0.1019195, -0.10709476], [0.21856333, 0.04582034, -0.10257953, 0.02754798, -0.12711255, -0.1159838], [0.22327582, 0.05431756, -0.10040146, 0.02482828, -0.12338676, -0.12287437], [0.2164607, 0.05639023, -0.1005794, 0.0275467, -0.12764534, -0.1158813], [0.22434627, 0.04499423, -0.11410416, 0.00087502, -0.10951002, -0.11024211], [-0.00323504, 0.11163185, 0.16254074, -0.10659157, -0.00530942, -0.15930571], [0.04432728, 0.1340791, 0.14737175, -0.12406879, 0.00631383, -0.19169903], [-0.12798381, 0.07793243, 0.42498494, -0.10548867, 0.09852797, -0.29700113], [-0.06781531, -0.00852225, 0.17019853, -0.03200159, 0.05675808, -0.10238322], [0.05886178, -0.00913085, -0.02947082, 0.05106036, 0.00396399, -0.02939096], [-0.05183831, -0.00560147, -0.02728943, -0.00177748, 0.01275465, 0.07912774], [0.01194892, 0.0435224, 0.01010446, -0.04484787, -0.02791813, -0.02205338], [-0.02629882, -0.01238477, -0.02818334, -0.00887589, 0.00985828, 0.05448216], [0.00736697, 0.02439234, 0.00664459, -0.0274124, -0.03256705, -0.01401156], [-0.02708738, -0.0089878, -0.02996458, -0.00728001, 0.00739382, 0.05705196], [0.01195742, 0.02611519, 0.0009782, -0.02872264, -0.02878879, -0.01293562], [-0.03001796, -0.01390892, -0.02658325, -0.01372675, 0.00249939, 0.0566012], [0.02124498, 0.02422709, 0.00426604, -0.02802166, -0.03097862, -0.02551101], [-0.01796277, 0.00551152, -0.03003414, -0.00843335, 0.0304208, 0.04799691], [-0.0070613, -0.01600427, 0.04983201, -0.0039376, 0.02100137, -0.04277071], [-0.02055985, 0.00118212, -0.03135621, -0.00407654, 0.02353676, 0.05191606], [-0.01611512, -0.01404196, 0.04666338, -0.00442738, 0.02391341, -0.03054825], [-0.02038428, 0.0010766, -0.03042233, -0.00484378, 0.02309778, 0.05080661], [-0.01801147, -0.0109632, 0.04813922, -0.00361504, 0.0250334, -0.03012775], [-0.02043443, 0.00120331, -0.03137032, -0.00628071, 0.02305693, 0.05180474], [-0.01827634, -0.006962, 0.04847165, -0.00244318, 0.02427089, -0.03019531], [-0.01084571, -0.00440263, 0.05346406, -0.00113959, 0.02180825, -0.04261835], [-0.01558977, -0.00239117, -0.03230757, -0.00321713, 0.03087878, 0.04789733], [0.0308939, -0.01475485, -0.0081078, 0.03805111, -0.02138779, -0.02278609], [-0.03832949, 0.00995536, -0.01933914, 0.00858615, 0.00602864, 0.05766864], [0.02208456, -0.01908474, -0.01805042, 0.03871214, -0.01931561, -0.00403414], [-0.03090728, 0.00500087, -0.02893436, 0.0046591, 0.00653269, 0.05984164], [0.00905544, -0.01784221, 0.01064282, 0.03215229, -0.0160811, -0.01969826], [-0.03870179, 0.00876515, -0.0022257, 0.00040714, 0.01561528, 0.04092749], [0.07201781, 0.06741654, -0.01176535, -0.0713775, -0.01974638, -0.06025246]], "number of molecular orbitals": 78, "number of electrons": 80, "number of unpaired electrons": 0, "orbital energies/eV": [-18.59434004, -17.12566229, -16.92464791, -16.85188939, -16.70798413, -16.50614088, -16.15793443, -15.82244601, -15.6162171, -15.42048623, -15.11330218, -15.06402727, -14.94634616, -14.78928294, -14.46380632, -14.12770543, -13.95100781, -13.94137958, -13.65651856, -13.4910111, -13.4070862, -13.25584947, -13.05737419, -12.87465707, -12.82969498, -12.54510725, -12.46518779, -12.34255662, -12.07615676, -12.02313583, -11.950968, -11.75324446, -11.71265079, -11.55217557, -11.53674881, -11.39649085, -11.36691885, -11.22874386, -11.18236465, -11.05484647, 0.77604733, 1.33064854, 1.99790403, 2.61558548, 2.77359609, 2.83922377, 3.07449196, 3.10550846, 3.17409403, 3.48971358, 3.60977137, 3.75364535, 3.83192646, 3.99873092, 4.09742463, 4.2964228, 4.51187098, 4.5847488, 4.76695562, 4.85006147, 5.03179697, 5.10627444, 5.42818422, 5.52111676, 5.82331901, 6.14674573, 6.32991563, 6.58120358, 6.78687954, 6.91035872, 7.1266837, 7.2636713, 7.42401384, 7.47643901, 7.94760953, 8.1855424, 8.45812669, 8.59826611], "fractional occupation": [2.0, 2.0, 2.0, 2.0, 2.0, 2.0, 2.0, 2.0, 2.0, 2.0, 2.0, 2.0, 2.0, 2.0, 2.0, 2.0, 2.0, 2.0, 2.0, 2.0, 2.0, 2.0, 2.0, 2.0, 2.0, 2.0, 2.0, 2.0, 2.0, 2.0, 2.0, 2.0, 2.0, 2.0, 2.0, 2.0, 2.0, 2.0, 2.0, 2.0, 0.0, 0.0, 0.0, 0.0, 0.0, 0.0, 0.0, 0.0, 0.0, 0.0, 0.0, 0.0, 0.0, 0.0, 0.0, 0.0, 0.0, 0.0, 0.0, 0.0, 0.0, 0.0, 0.0, 0.0, 0.0, 0.0, 0.0, 0.0, 0.0, 0.0, 0.0, 0.0, 0.0, 0.0, 0.0, 0.0, 0.0, 0.0], "program call": "xtb /home/svss/Project-DBcg-Debug/aqme2_20220329/End-to-End-workflows-final/example-3/QDESCP/mol_925_rdkit_conf_9/mol_925_rdkit_conf_9.xyz --pop --wbo --acc 0.2 --gfn 2 --chrg 0 --uhf 0 --etemp 300 --input /home/svss/Project-DBcg-Debug/aqme2_20220329/End-to-End-workflows-final/example-3/QDESCP/mol_925_rdkit_conf_9/mol_925_rdkit_conf_9_xtb.inp", "method": "GFN2-xTB", "xtb version": "6.3.3 (7355c4f)", "Dipole module/D": 1.728, "Total charge": 0, "Transition dipole module/D": NaN, "HOMO": -11.0548, "LUMO": 0.776, "HOMO occupancy": 2.0, "LUMO occupancy": 0, "mulliken charges": [-0.08344, -0.03836, -0.04811, -0.04573, -0.04555, -0.04668, -0.04501, -0.04717, -0.04408, -0.05057, -0.05486, 0.19978, -0.56929, 0.02776, 0.02666, 0.02678, 0.02172, 0.0215, 0.02298, 0.02326, 0.02254, 0.02353, 0.023, 0.02335, 0.02275, 0.02391, 0.02301, 0.02176, 0.02273, 0.02535, 0.024, 0.02449, 0.02234, 0.02203, 0.03715, 0.03687, 0.00727, 0.00739, 0.33494], "cm5 charges": [-0.23378, -0.15096, -0.15892, -0.15628, -0.15612, -0.15757, -0.1559, -0.15806, -0.15463, -0.1608, -0.16223, 0.11259, -0.7832, 0.07853, 0.07795, 0.07807, 0.07642, 0.0762, 0.07843, 0.07921, 0.07775, 0.07845, 0.0782, 0.07827, 0.07821, 0.07988, 0.07836, 0.07711, 0.0782, 0.08133, 0.07893, 0.07971, 0.07734, 0.07731, 0.09504, 0.0942, 0.06979, 0.0699, 0.50304], "FUKUI+": [0.004, -0.007, -0.004, -0.012, -0.013, -0.004, -0.01, -0.003, -0.007, -0.016, -0.0, -0.013, -0.083, -0.032, -0.018, -0.015, -0.021, -0.022, -0.023, -0.015, -0.029, -0.036, -0.031, -0.033, -0.028, -0.022, -0.029, -0.029, -0.028, -0.02, -0.039, -0.033, -0.041, -0.036, -0.03, -0.037, -0.05, -0.05, -0.083], "FUKUI-": [0.013, 0.006, 0.005, 0.008, 0.006, 0.002, 0.006, 0.002, 0.007, 0.01, 0.007, 0.015, -0.074, -0.036, -0.036, -0.033, -0.05, -0.058, -0.043, -0.05, -0.031, -0.047, -0.026, -0.041, -0.028, -0.032, -0.03, -0.04, -0.026, -0.028, -0.032, -0.022, -0.04, -0.025, -0.043, -0.041, -0.07, -0.065, -0.038], "FUKUIrad": [0.009, -0.001, 0.0, -0.002, -0.004, -0.001, -0.002, -0.0, -0.0, -0.003, 0.003, 0.001, -0.078, -0.034, -0.027, -0.024, -0.035, -0.04, -0.033, -0.032, -0.03, -0.042, -0.028, -0.037, -0.028, -0.027, -0.03, -0.035, -0.027, -0.024, -0.036, -0.028, -0.041, -0.031, -0.037, -0.039, -0.06, -0.057, -0.06], "s proportion": [1.007, 1.027, 1.032, 1.032, 1.032, 1.032, 1.033, 1.032, 1.032, 1.032, 1.033, 0.991, 1.695, 0.972, 0.973, 0.973, 0.978, 0.978, 0.977, 0.977, 0.977, 0.976, 0.977, 0.977, 0.977, 0.976, 0.977, 0.978, 0.977, 0.975, 0.976, 0.976, 0.978, 0.978, 0.963, 0.963, 0.993, 0.993, 0.665], "p proportion": [3.076, 3.011, 3.016, 3.014, 3.013, 3.015, 3.012, 3.015, 3.012, 3.018, 3.022, 2.809, 4.874, 0.0, 0.0, 0.0, 0.0, 0.0, 0.0, 0.0, 0.0, 0.0, 0.0, 0.0, 0.0, 0.0, 0.0, 0.0, 0.0, 0.0, 0.0, 0.0, 0.0, 0.0, 0.0, 0.0, 0.0, 0.0, 0.0], "d proportion": [0.0, 0.0, 0.0, 0.0, 0.0, 0.0, 0.0, 0.0, 0.0, 0.0, 0.0, 0.0, 0.0, 0.0, 0.0, 0.0, 0.0, 0.0, 0.0, 0.0, 0.0, 0.0, 0.0, 0.0, 0.0, 0.0, 0.0, 0.0, 0.0, 0.0, 0.0, 0.0, 0.0, 0.0, 0.0, 0.0, 0.0, 0.0, 0.0], "Fermi-level/eV": -5.1394, "Coordination numbers": [3.75, 3.8, 3.801, 3.8, 3.8, 3.801, 3.802, 3.801, 3.801, 3.801, 3.8, 3.675, 1.653, 0.924, 0.924, 0.924, 0.924, 0.924, 0.924, 0.924, 0.924, 0.924, 0.924, 0.924, 0.924, 0.924, 0.924, 0.924, 0.924, 0.924, 0.924, 0.924, 0.924, 0.924, 0.924, 0.924, 0.924, 0.924, 0.804], "Dispersion coefficient C6": [22.469, 21.506, 21.629, 21.608, 21.604, 21.62, 21.622, 21.642, 21.612, 21.653, 21.714, 19.367, 21.782, 2.578, 2.556, 2.556, 2.619, 2.624, 2.579, 2.555, 2.611, 2.628, 2.601, 2.626, 2.593, 2.559, 2.602, 2.622, 2.582, 2.535, 2.582, 2.555, 2.609, 2.578, 2.323, 2.343, 2.794, 2.789, 0.773], "Total dispersion C6": 10237.332393, "Total dispersion C8": 213625.297104, "Polarizability alpha": [6.76, 6.603, 6.621, 6.618, 6.618, 6.62, 6.62, 6.623, 6.619, 6.625, 6.635, 6.306, 6.3, 2.511, 2.5, 2.5, 2.531, 2.533, 2.511, 2.5, 2.527, 2.535, 2.522, 2.534, 2.518, 2.501, 2.523, 2.533, 2.513, 2.49, 2.513, 2.5, 2.526, 2.511, 2.383, 2.394, 2.614, 2.612, 1.381], "Total polarizability alpha": 149.784019, "Wiberg matrix": [[0.0, 1.0201562133697337, 0.0, 0.0, 0.0, 0.0, 0.0, 0.0, 0.0, 0.0, 0.0, 0.0, 0.0, 0.9874240807474698, 0.9877246165930461, 0.9876999683250813, 0.0, 0.0, 0.0, 0.0, 0.0, 0.0, 0.0, 0.0, 0.0, 0.0, 0.0, 0.0, 0.0, 0.0, 0.0, 0.0, 0.0, 0.0, 0.0, 0.0, 0.0, 0.0, 0.0], [1.0201562133697337, 0.0, 1.0074630384960988, 0.0, 0.0, 0.0, 0.0, 0.0, 0.0, 0.0, 0.0, 0.0, 0.0, 0.0, 0.0, 0.0, 0.9782368592399944, 0.9780398813283284, 0.0, 0.0, 0.0, 0.0, 0.0, 0.0, 0.0, 0.0, 0.0, 0.0, 0.0, 0.0, 0.0, 0.0, 0.0, 0.0, 0.0, 0.0, 0.0, 0.0, 0.0], [0.0, 1.0074630384960988, 0.0, 1.0081535865889864, 0.0, 0.0, 0.0, 0.0, 0.0, 0.0, 0.0, 0.0, 0.0, 0.0, 0.0, 0.0, 0.0, 0.0, 0.9771057826572793, 0.9753580785163736, 0.0, 0.0, 0.0, 0.0, 0.0, 0.0, 0.0, 0.0, 0.0, 0.0, 0.0, 0.0, 0.0, 0.0, 0.0, 0.0, 0.0, 0.0, 0.0], [0.0, 0.0, 1.0081535865889864, 0.0, 1.0061176705353267, 0.0, 0.0, 0.0, 0.0, 0.0, 0.0, 0.0, 0.0, 0.0, 0.0, 0.0, 0.0, 0.0, 0.0, 0.0, 0.9773459628949808, 0.9769900503529108, 0.0, 0.0, 0.0, 0.0, 0.0, 0.0, 0.0, 0.0, 0.0, 0.0, 0.0, 0.0, 0.0, 0.0, 0.0, 0.0, 0.0], [0.0, 0.0, 0.0, 1.0061176705353267, 0.0, 1.0079342767855044, 0.0, 0.0, 0.0, 0.0, 0.0, 0.0, 0.0, 0.0, 0.0, 0.0, 0.0, 0.0, 0.0, 0.0, 0.0, 0.0, 0.9772978610956495, 0.9769785322849182, 0.0, 0.0, 0.0, 0.0, 0.0, 0.0, 0.0, 0.0, 0.0, 0.0, 0.0, 0.0, 0.0, 0.0, 0.0], [0.0, 0.0, 0.0, 0.0, 1.0079342767855044, 0.0, 1.0066381207953348, 0.0, 0.0, 0.0, 0.0, 0.0, 0.0, 0.0, 0.0, 0.0, 0.0, 0.0, 0.0, 0.0, 0.0, 0.0, 0.0, 0.0, 0.9772014119578394, 0.9753829959746589, 0.0, 0.0, 0.0, 0.0, 0.0, 0.0, 0.0, 0.0, 0.0, 0.0, 0.0, 0.0, 0.0], [0.0, 0.0, 0.0, 0.0, 0.0, 1.0066381207953348, 0.0, 1.0067035212548505, 0.0, 0.0, 0.0, 0.0, 0.0, 0.0, 0.0, 0.0, 0.0, 0.0, 0.0, 0.0, 0.0, 0.0, 0.0, 0.0, 0.0, 0.0, 0.9775200816651473, 0.977153532501382, 0.0, 0.0, 0.0, 0.0, 0.0, 0.0, 0.0, 0.0, 0.0, 0.0, 0.0], [0.0, 0.0, 0.0, 0.0, 0.0, 0.0, 1.0067035212548505, 0.0, 1.007975455659347, 0.0, 0.0, 0.0, 0.0, 0.0, 0.0, 0.0, 0.0, 0.0, 0.0, 0.0, 0.0, 0.0, 0.0, 0.0, 0.0, 0.0, 0.0, 0.0, 0.9771227060154742, 0.9753014946789936, 0.0, 0.0, 0.0, 0.0, 0.0, 0.0, 0.0, 0.0, 0.0], [0.0, 0.0, 0.0, 0.0, 0.0, 0.0, 0.0, 1.007975455659347, 0.0, 1.0064289548688685, 0.0, 0.0, 0.0, 0.0, 0.0, 0.0, 0.0, 0.0, 0.0, 0.0, 0.0, 0.0, 0.0, 0.0, 0.0, 0.0, 0.0, 0.0, 0.0, 0.0, 0.9767068454416815, 0.9771000325342253, 0.0, 0.0, 0.0, 0.0, 0.0, 0.0, 0.0], [0.0, 0.0, 0.0, 0.0, 0.0, 0.0, 0.0, 0.0, 1.0064289548688685, 0.0, 1.007738639856906, 0.0, 0.0, 0.0, 0.0, 0.0, 0.0, 0.0, 0.0, 0.0, 0.0, 0.0, 0.0, 0.0, 0.0, 0.0, 0.0, 0.0, 0.0, 0.0, 0.0, 0.0, 0.9768089503289448, 0.9769793487264231, 0.0, 0.0, 0.0, 0.0, 0.0], [0.0, 0.0, 0.0, 0.0, 0.0, 0.0, 0.0, 0.0, 0.0, 1.007738639856906, 0.0, 1.0059501831318172, 0.0, 0.0, 0.0, 0.0, 0.0, 0.0, 0.0, 0.0, 0.0, 0.0, 0.0, 0.0, 0.0, 0.0, 0.0, 0.0, 0.0, 0.0, 0.0, 0.0, 0.0, 0.0, 0.9732038723534276, 0.9750096210398261, 0.0, 0.0, 0.0], [0.0, 0.0, 0.0, 0.0, 0.0, 0.0, 0.0, 0.0, 0.0, 0.0, 1.0059501831318172, 0.0, 0.9884347683683059, 0.0, 0.0, 0.0, 0.0, 0.0, 0.0, 0.0, 0.0, 0.0, 0.0, 0.0, 0.0, 0.0, 0.0, 0.0, 0.0, 0.0, 0.0, 0.0, 0.0, 0.0, 0.0, 0.0, 0.9734195288133359, 0.9736097940349526, 0.0], [0.0, 0.0, 0.0, 0.0, 0.0, 0.0, 0.0, 0.0, 0.0, 0.0, 0.0, 0.9884347683683059, 0.0, 0.0, 0.0, 0.0, 0.0, 0.0, 0.0, 0.0, 0.0, 0.0, 0.0, 0.0, 0.0, 0.0, 0.0, 0.0, 0.0, 0.0, 0.0, 0.0, 0.0, 0.0, 0.0, 0.0, 0.0, 0.0, 0.9067596470358668], [0.9874240807474698, 0.0, 0.0, 0.0, 0.0, 0.0, 0.0, 0.0, 0.0, 0.0, 0.0, 0.0, 0.0, 0.0, 0.0, 0.0, 0.0, 0.0, 0.0, 0.0, 0.0, 0.0, 0.0, 0.0, 0.0, 0.0, 0.0, 0.0, 0.0, 0.0, 0.0, 0.0, 0.0, 0.0, 0.0, 0.0, 0.0, 0.0, 0.0], [0.9877246165930461, 0.0, 0.0, 0.0, 0.0, 0.0, 0.0, 0.0, 0.0, 0.0, 0.0, 0.0, 0.0, 0.0, 0.0, 0.0, 0.0, 0.0, 0.0, 0.0, 0.0, 0.0, 0.0, 0.0, 0.0, 0.0, 0.0, 0.0, 0.0, 0.0, 0.0, 0.0, 0.0, 0.0, 0.0, 0.0, 0.0, 0.0, 0.0], [0.9876999683250813, 0.0, 0.0, 0.0, 0.0, 0.0, 0.0, 0.0, 0.0, 0.0, 0.0, 0.0, 0.0, 0.0, 0.0, 0.0, 0.0, 0.0, 0.0, 0.0, 0.0, 0.0, 0.0, 0.0, 0.0, 0.0, 0.0, 0.0, 0.0, 0.0, 0.0, 0.0, 0.0, 0.0, 0.0, 0.0, 0.0, 0.0, 0.0], [0.0, 0.9782368592399944, 0.0, 0.0, 0.0, 0.0, 0.0, 0.0, 0.0, 0.0, 0.0, 0.0, 0.0, 0.0, 0.0, 0.0, 0.0, 0.0, 0.0, 0.0, 0.0, 0.0, 0.0, 0.0, 0.0, 0.0, 0.0, 0.0, 0.0, 0.0, 0.0, 0.0, 0.0, 0.0, 0.0, 0.0, 0.0, 0.0, 0.0], [0.0, 0.9780398813283284, 0.0, 0.0, 0.0, 0.0, 0.0, 0.0, 0.0, 0.0, 0.0, 0.0, 0.0, 0.0, 0.0, 0.0, 0.0, 0.0, 0.0, 0.0, 0.0, 0.0, 0.0, 0.0, 0.0, 0.0, 0.0, 0.0, 0.0, 0.0, 0.0, 0.0, 0.0, 0.0, 0.0, 0.0, 0.0, 0.0, 0.0], [0.0, 0.0, 0.9771057826572793, 0.0, 0.0, 0.0, 0.0, 0.0, 0.0, 0.0, 0.0, 0.0, 0.0, 0.0, 0.0, 0.0, 0.0, 0.0, 0.0, 0.0, 0.0, 0.0, 0.0, 0.0, 0.0, 0.0, 0.0, 0.0, 0.0, 0.0, 0.0, 0.0, 0.0, 0.0, 0.0, 0.0, 0.0, 0.0, 0.0], [0.0, 0.0, 0.9753580785163736, 0.0, 0.0, 0.0, 0.0, 0.0, 0.0, 0.0, 0.0, 0.0, 0.0, 0.0, 0.0, 0.0, 0.0, 0.0, 0.0, 0.0, 0.0, 0.0, 0.0, 0.0, 0.0, 0.0, 0.0, 0.0, 0.0, 0.0, 0.0, 0.0, 0.0, 0.0, 0.0, 0.0, 0.0, 0.0, 0.0], [0.0, 0.0, 0.0, 0.9773459628949808, 0.0, 0.0, 0.0, 0.0, 0.0, 0.0, 0.0, 0.0, 0.0, 0.0, 0.0, 0.0, 0.0, 0.0, 0.0, 0.0, 0.0, 0.0, 0.0, 0.0, 0.0, 0.0, 0.0, 0.0, 0.0, 0.0, 0.0, 0.0, 0.0, 0.0, 0.0, 0.0, 0.0, 0.0, 0.0], [0.0, 0.0, 0.0, 0.9769900503529108, 0.0, 0.0, 0.0, 0.0, 0.0, 0.0, 0.0, 0.0, 0.0, 0.0, 0.0, 0.0, 0.0, 0.0, 0.0, 0.0, 0.0, 0.0, 0.0, 0.0, 0.0, 0.0, 0.0, 0.0, 0.0, 0.0, 0.0, 0.0, 0.0, 0.0, 0.0, 0.0, 0.0, 0.0, 0.0], [0.0, 0.0, 0.0, 0.0, 0.9772978610956495, 0.0, 0.0, 0.0, 0.0, 0.0, 0.0, 0.0, 0.0, 0.0, 0.0, 0.0, 0.0, 0.0, 0.0, 0.0, 0.0, 0.0, 0.0, 0.0, 0.0, 0.0, 0.0, 0.0, 0.0, 0.0, 0.0, 0.0, 0.0, 0.0, 0.0, 0.0, 0.0, 0.0, 0.0], [0.0, 0.0, 0.0, 0.0, 0.9769785322849182, 0.0, 0.0, 0.0, 0.0, 0.0, 0.0, 0.0, 0.0, 0.0, 0.0, 0.0, 0.0, 0.0, 0.0, 0.0, 0.0, 0.0, 0.0, 0.0, 0.0, 0.0, 0.0, 0.0, 0.0, 0.0, 0.0, 0.0, 0.0, 0.0, 0.0, 0.0, 0.0, 0.0, 0.0], [0.0, 0.0, 0.0, 0.0, 0.0, 0.9772014119578394, 0.0, 0.0, 0.0, 0.0, 0.0, 0.0, 0.0, 0.0, 0.0, 0.0, 0.0, 0.0, 0.0, 0.0, 0.0, 0.0, 0.0, 0.0, 0.0, 0.0, 0.0, 0.0, 0.0, 0.0, 0.0, 0.0, 0.0, 0.0, 0.0, 0.0, 0.0, 0.0, 0.0], [0.0, 0.0, 0.0, 0.0, 0.0, 0.9753829959746589, 0.0, 0.0, 0.0, 0.0, 0.0, 0.0, 0.0, 0.0, 0.0, 0.0, 0.0, 0.0, 0.0, 0.0, 0.0, 0.0, 0.0, 0.0, 0.0, 0.0, 0.0, 0.0, 0.0, 0.0, 0.0, 0.0, 0.0, 0.0, 0.0, 0.0, 0.0, 0.0, 0.0], [0.0, 0.0, 0.0, 0.0, 0.0, 0.0, 0.9775200816651473, 0.0, 0.0, 0.0, 0.0, 0.0, 0.0, 0.0, 0.0, 0.0, 0.0, 0.0, 0.0, 0.0, 0.0, 0.0, 0.0, 0.0, 0.0, 0.0, 0.0, 0.0, 0.0, 0.0, 0.0, 0.0, 0.0, 0.0, 0.0, 0.0, 0.0, 0.0, 0.0], [0.0, 0.0, 0.0, 0.0, 0.0, 0.0, 0.977153532501382, 0.0, 0.0, 0.0, 0.0, 0.0, 0.0, 0.0, 0.0, 0.0, 0.0, 0.0, 0.0, 0.0, 0.0, 0.0, 0.0, 0.0, 0.0, 0.0, 0.0, 0.0, 0.0, 0.0, 0.0, 0.0, 0.0, 0.0, 0.0, 0.0, 0.0, 0.0, 0.0], [0.0, 0.0, 0.0, 0.0, 0.0, 0.0, 0.0, 0.9771227060154742, 0.0, 0.0, 0.0, 0.0, 0.0, 0.0, 0.0, 0.0, 0.0, 0.0, 0.0, 0.0, 0.0, 0.0, 0.0, 0.0, 0.0, 0.0, 0.0, 0.0, 0.0, 0.0, 0.0, 0.0, 0.0, 0.0, 0.0, 0.0, 0.0, 0.0, 0.0], [0.0, 0.0, 0.0, 0.0, 0.0, 0.0, 0.0, 0.9753014946789936, 0.0, 0.0, 0.0, 0.0, 0.0, 0.0, 0.0, 0.0, 0.0, 0.0, 0.0, 0.0, 0.0, 0.0, 0.0, 0.0, 0.0, 0.0, 0.0, 0.0, 0.0, 0.0, 0.0, 0.0, 0.0, 0.0, 0.0, 0.0, 0.0, 0.0, 0.0], [0.0, 0.0, 0.0, 0.0, 0.0, 0.0, 0.0, 0.0, 0.9767068454416815, 0.0, 0.0, 0.0, 0.0, 0.0, 0.0, 0.0, 0.0, 0.0, 0.0, 0.0, 0.0, 0.0, 0.0, 0.0, 0.0, 0.0, 0.0, 0.0, 0.0, 0.0, 0.0, 0.0, 0.0, 0.0, 0.0, 0.0, 0.0, 0.0, 0.0], [0.0, 0.0, 0.0, 0.0, 0.0, 0.0, 0.0, 0.0, 0.9771000325342253, 0.0, 0.0, 0.0, 0.0, 0.0, 0.0, 0.0, 0.0, 0.0, 0.0, 0.0, 0.0, 0.0, 0.0, 0.0, 0.0, 0.0, 0.0, 0.0, 0.0, 0.0, 0.0, 0.0, 0.0, 0.0, 0.0, 0.0, 0.0, 0.0, 0.0], [0.0, 0.0, 0.0, 0.0, 0.0, 0.0, 0.0, 0.0, 0.0, 0.9768089503289448, 0.0, 0.0, 0.0, 0.0, 0.0, 0.0, 0.0, 0.0, 0.0, 0.0, 0.0, 0.0, 0.0, 0.0, 0.0, 0.0, 0.0, 0.0, 0.0, 0.0, 0.0, 0.0, 0.0, 0.0, 0.0, 0.0, 0.0, 0.0, 0.0], [0.0, 0.0, 0.0, 0.0, 0.0, 0.0, 0.0, 0.0, 0.0, 0.9769793487264231, 0.0, 0.0, 0.0, 0.0, 0.0, 0.0, 0.0, 0.0, 0.0, 0.0, 0.0, 0.0, 0.0, 0.0, 0.0, 0.0, 0.0, 0.0, 0.0, 0.0, 0.0, 0.0, 0.0, 0.0, 0.0, 0.0, 0.0, 0.0, 0.0], [0.0, 0.0, 0.0, 0.0, 0.0, 0.0, 0.0, 0.0, 0.0, 0.0, 0.9732038723534276, 0.0, 0.0, 0.0, 0.0, 0.0, 0.0, 0.0, 0.0, 0.0, 0.0, 0.0, 0.0, 0.0, 0.0, 0.0, 0.0, 0.0, 0.0, 0.0, 0.0, 0.0, 0.0, 0.0, 0.0, 0.0, 0.0, 0.0, 0.0], [0.0, 0.0, 0.0, 0.0, 0.0, 0.0, 0.0, 0.0, 0.0, 0.0, 0.9750096210398261, 0.0, 0.0, 0.0, 0.0, 0.0, 0.0, 0.0, 0.0, 0.0, 0.0, 0.0, 0.0, 0.0, 0.0, 0.0, 0.0, 0.0, 0.0, 0.0, 0.0, 0.0, 0.0, 0.0, 0.0, 0.0, 0.0, 0.0, 0.0], [0.0, 0.0, 0.0, 0.0, 0.0, 0.0, 0.0, 0.0, 0.0, 0.0, 0.0, 0.9734195288133359, 0.0, 0.0, 0.0, 0.0, 0.0, 0.0, 0.0, 0.0, 0.0, 0.0, 0.0, 0.0, 0.0, 0.0, 0.0, 0.0, 0.0, 0.0, 0.0, 0.0, 0.0, 0.0, 0.0, 0.0, 0.0, 0.0, 0.0], [0.0, 0.0, 0.0, 0.0, 0.0, 0.0, 0.0, 0.0, 0.0, 0.0, 0.0, 0.9736097940349526, 0.0, 0.0, 0.0, 0.0, 0.0, 0.0, 0.0, 0.0, 0.0, 0.0, 0.0, 0.0, 0.0, 0.0, 0.0, 0.0, 0.0, 0.0, 0.0, 0.0, 0.0, 0.0, 0.0, 0.0, 0.0, 0.0, 0.0], [0.0, 0.0, 0.0, 0.0, 0.0, 0.0, 0.0, 0.0, 0.0, 0.0, 0.0, 0.0, 0.9067596470358668, 0.0, 0.0, 0.0, 0.0, 0.0, 0.0, 0.0, 0.0, 0.0, 0.0, 0.0, 0.0, 0.0, 0.0, 0.0, 0.0, 0.0, 0.0, 0.0, 0.0, 0.0, 0.0, 0.0, 0.0, 0.0, 0.0]], "Born radii": [], "Atomic SASAs": [], "Solvent H bonds": [], "Total SASA": NaN, "Total FOD": 0.0, "FOD": [0.0, 0.0, 0.0, 0.0, 0.0, 0.0, 0.0, 0.0, 0.0, 0.0, 0.0, 0.0, 0.0, 0.0, 0.0, 0.0, 0.0, 0.0, 0.0, 0.0, 0.0, 0.0, 0.0, 0.0, 0.0, 0.0, 0.0, 0.0, 0.0, 0.0, 0.0, 0.0, 0.0, 0.0, 0.0, 0.0, 0.0, 0.0, 0.0], "FOD s proportion": [0.0, 0.0, 0.0, 0.0, 0.0, 0.0, 0.0, 0.0, 0.0, 0.0, 0.0, 0.0, 0.0, 0.0, 0.0, 0.0, 0.0, 0.0, 0.0, 0.0, 0.0, 0.0, 0.0, 0.0, 0.0, 0.0, 0.0, 0.0, 0.0, 0.0, 0.0, 0.0, 0.0, 0.0, 0.0, 0.0, 0.0, 0.0, 0.0], "FOD p proportion": [0.0, 0.0, 0.0, 0.0, 0.0, 0.0, 0.0, 0.0, 0.0, 0.0, 0.0, 0.0, 0.0, 0.0, 0.0, 0.0, 0.0, 0.0, 0.0, 0.0, 0.0, 0.0, 0.0, 0.0, 0.0, 0.0, 0.0, 0.0, 0.0, 0.0, 0.0, 0.0, 0.0, 0.0, 0.0, 0.0, 0.0, 0.0, 0.0], "FOD d proportion": [0.0, 0.0, 0.0, 0.0, 0.0, 0.0, 0.0, 0.0, 0.0, 0.0, 0.0, 0.0, 0.0, 0.0, 0.0, 0.0, 0.0, 0.0, 0.0, 0.0, 0.0, 0.0, 0.0, 0.0, 0.0, 0.0, 0.0, 0.0, 0.0, 0.0, 0.0, 0.0, 0.0, 0.0, 0.0, 0.0, 0.0, 0.0, 0.0], "coordinates": [["-5.74090", "1.61740", "-0.34360"], ["-5.24490", "0.19840", "-0.57160"], ["-3.85160", "-0.01060", "0.02330"], ["-3.35740", "-1.43950", "-0.21320"], ["-2.01540", "-1.73930", "0.46100"], ["-0.84920", "-0.93780", "-0.12150"], ["0.48110", "-1.35950", "0.50720"], ["1.64920", "-0.55690", "-0.07080"], ["2.97720", "-0.97830", "0.56210"], ["4.19410", "-0.28720", "-0.05940"], ["4.23090", "1.21950", "0.19090"], ["5.51230", "1.84390", "-0.34560"], ["5.48610", "3.24080", "-0.08670"], ["-6.73830", "1.74440", "-0.77610"], ["-5.80270", "1.84440", "0.72550"], ["-5.07230", "2.34680", "-0.81190"], ["-5.22460", "-0.00710", "-1.64820"], ["-5.95280", "-0.50620", "-0.11980"], ["-3.87750", "0.19640", "1.09990"], ["-3.15830", "0.70690", "-0.42950"], ["-3.27870", "-1.63100", "-1.29030"], ["-4.10090", "-2.14460", "0.17900"], ["-2.09450", "-1.54920", "1.53830"], ["-1.80710", "-2.81020", "0.34420"], ["-0.80560", "-1.08740", "-1.20700"], ["-1.00400", "0.13260", "0.05400"], ["0.43670", "-1.21310", "1.59330"], ["0.64770", "-2.42910", "0.33100"], ["1.69510", "-0.70610", "-1.15630"], ["1.47110", "0.50990", "0.10420"], ["3.10240", "-2.06170", "0.44260"], ["2.95300", "-0.78080", "1.64070"], ["5.09810", "-0.74200", "0.36460"], ["4.21810", "-0.48460", "-1.13800"], ["3.37330", "1.71310", "-0.28060"], ["4.14740", "1.42890", "1.26450"], ["6.39160", "1.41560", "0.14590"], ["5.59800", "1.69160", "-1.42630"], ["6.31310", "3.61160", "-0.43900"]], "bond_dist": [[0.0, 1.5203818599286167, 2.5208042565816173, 3.878493782385115, 5.078795752931987, 5.523323667865211, 6.949753826575441, 7.708150124381336, 9.141291954094891, 10.119905918535013, 9.99403871815594, 11.255479398497428, 11.346671501810565, 1.0945282134326184, 1.0946794279605332, 1.0946941170939029, 2.1465197646422918, 2.1458483194298705, 2.752306816108989, 2.7397466707708578, 4.184587469512377, 4.137070794656529, 5.183158894921127, 5.96250727798298, 5.6937324041440505, 4.9800540569355265, 7.065837078506694, 7.59232885022771, 7.832830238170619, 7.310268469078273, 9.610298753941002, 9.234322224180831, 11.115405372724828, 10.209366109607393, 9.114920138432373, 10.019979777923707, 12.144047502377452, 11.390715435827547, 12.21821798790642], [1.5203818599286167, 0.0, 1.5293370786062834, 2.5246431866701484, 3.905203490216611, 4.562424677734418, 6.031412591590796, 6.953408771243066, 8.382888940574128, 9.465351403936358, 9.56111066247013, 10.884672622086528, 11.16448327375701, 2.1592081442047215, 2.1686228925288047, 2.168676418924686, 1.0962252961868741, 1.0962238868041507, 2.1595599111856103, 2.152362474120008, 2.780139652967095, 2.7132610195113926, 4.175021428687523, 4.659273810370024, 4.6652330370518476, 4.287299594150146, 6.241770808031964, 6.514689383999825, 7.023075846094787, 6.757099517544492, 8.70712759410358, 8.547436360687339, 10.427774048184972, 9.504507717919957, 8.755133827075403, 9.648870024515825, 11.721967170232139, 10.978553581414994, 12.052173289494306], [2.5208042565816173, 1.5293370786062834, 0.0, 1.5303336564292116, 2.559612357369764, 3.1456434381537903, 4.56354902570357, 5.528661604764755, 6.918038607148705, 8.050877923555916, 8.177288182521146, 9.5528990714861, 9.888192112312543, 3.4716137818023474, 2.782247481803155, 2.782984421444001, 2.1631119943266923, 2.163593864383979, 1.0966254465404313, 1.0956728435075864, 2.1632049209448465, 2.154146926279635, 2.7838669813768044, 3.4814820436130356, 3.457058334769606, 2.85136361939336, 4.722332383473234, 5.117374525086081, 5.71323527434325, 5.348700809542445, 7.262295759606599, 7.036460186770049, 8.98602035052225, 8.166599768569535, 7.433887065997169, 8.221723583896505, 10.342737714937956, 9.710497678286114, 10.800702765098205], [3.878493782385115, 2.5246431866701484, 1.5303336564292116, 0.0, 1.531466512856223, 2.5595271086667557, 3.9063356755404417, 5.085794341103463, 6.398511755869485, 7.640458231022534, 8.050830683848718, 9.458848947414268, 10.006433060286769, 4.6780936747782205, 4.200553414730016, 4.19945132011314, 2.7563437013551115, 2.759687230466525, 2.1612275285124425, 2.1664393506396618, 1.0968182848585264, 1.097168674361422, 2.1621060912915446, 2.1431153352071375, 2.7610317075325304, 2.8427778333876184, 4.208312490773469, 4.161284394270596, 5.191827175474931, 5.216830011606665, 6.522746547275925, 6.609990851733457, 8.50387202043869, 7.691247577604039, 7.432748617436218, 8.169047612176097, 10.164819222199675, 9.564234835050842, 10.912523406618654], [5.078795752931987, 3.905203490216611, 2.559612357369764, 1.531466512856223, 0.0, 1.530271524926214, 2.525647388294732, 3.887180747019619, 5.05127676632354, 6.39822638080273, 6.916915146219447, 8.375929386641221, 9.020746839924065, 5.9976967670931804, 5.220776496844124, 5.259384491554122, 4.212861986820836, 4.166651294504977, 2.7608955268173405, 2.843080213430497, 2.1621071828195757, 2.143152430416465, 1.0967999407366869, 1.0972046026152096, 2.161206526456924, 2.166238345612043, 2.7516875076941423, 2.754056217654244, 4.177436029432408, 4.164359390110321, 5.12797788216759, 5.19571101005435, 7.1837164824344235, 6.5564926096198715, 6.442602270045855, 6.975901900829743, 8.985005899831117, 8.56135711555125, 9.940122889582403], [5.523323667865211, 4.562424677734418, 3.1456434381537903, 2.5595271086667557, 1.530271524926214, 0.0, 1.5306183946366254, 2.5277772568009236, 3.8871951546069816, 5.085470642919886, 5.528015291223424, 6.946708425578261, 7.589330345293978, 6.504167649284573, 5.74414554916569, 5.394425171415394, 4.726641570925386, 5.121817490891295, 3.4567077530505816, 2.851638984864669, 2.7837187232189966, 3.4814105445925225, 2.163219380922795, 2.1541426740120997, 1.0966272703156712, 1.0956821847597962, 2.1609877232413885, 2.160889064713874, 2.756439446097084, 2.744188016517819, 4.146866597806108, 4.193652665636486, 5.970344055412552, 5.188081705216293, 4.988195051318663, 5.699848809398369, 7.618344896366927, 7.083970302026964, 8.49095918609906], [6.949753826575441, 6.031412591590796, 4.56354902570357, 3.9063356755404417, 2.525647388294732, 1.5306183946366254, 0.0, 1.5305908564995414, 2.5256370800255525, 3.9060506717143335, 4.562048523415769, 6.025115172343181, 6.823892019954596, 7.962461331774239, 7.056824536574506, 6.8056547120758335, 6.247379243330759, 6.520453902911974, 4.665780969998485, 4.288665084848664, 4.176220125903328, 4.660345614865919, 2.7808035996812146, 2.714214201200782, 2.160582546444361, 2.153433226269159, 1.0968215579573553, 1.0967434339899191, 2.1605461832601494, 2.153407848039939, 2.7144928973935443, 2.780288752989516, 4.660292910322269, 4.175799570142226, 4.292589013637341, 4.668022444247671, 6.5395510511043495, 6.263409540338233, 7.721356982422196], [7.708150124381336, 6.953408771243066, 5.528661604764755, 5.085794341103463, 3.887180747019619, 2.5277772568009236, 1.5305908564995414, 0.0, 1.5302693782468495, 2.559176441748399, 3.1447191830114183, 4.556632231154935, 5.398572006558772, 8.726029224681751, 7.869634616041586, 7.359297870721092, 7.0738672054258975, 7.602326978629635, 5.699334370784013, 4.9837648800881444, 5.18893721970116, 5.970497578929247, 4.193942273088651, 4.14675723668507, 2.7565238489808137, 2.7441675477273613, 2.1610144608493482, 2.1609207134922834, 1.0966666312056732, 1.0956308000416928, 2.154017836509252, 2.16315924055535, 3.4811989859816976, 2.782694798212696, 2.858222673270926, 3.45939748655745, 5.140824145990601, 4.741956762772094, 6.2660934161565125], [9.141291954094891, 8.382888940574128, 6.918038607148705, 6.398511755869485, 5.05127676632354, 3.8871951546069816, 2.5256370800255525, 1.5302693782468495, 0.0, 1.5312501657142765, 2.5573185116445702, 3.900700467864714, 4.951396314172397, 10.178153800174174, 9.22393510710044, 8.816950507970429, 8.549747292756669, 8.968431636579497, 6.975389667968377, 6.439528697816324, 6.556957210474993, 7.1837678769570505, 5.1962519319217, 5.127656824515463, 4.17746256236965, 4.164398859379346, 2.7518438782023953, 2.7540512159362613, 2.1611968466569627, 2.1662753426099832, 1.0971375711368199, 1.0967998222100512, 2.1431427273982475, 2.1619233358285395, 2.8479242370540687, 2.7671909294445154, 4.190716765661931, 4.236825841358127, 5.7617368935070274], [10.119905918535013, 9.465351403936358, 8.050877923555916, 7.640458231022534, 6.39822638080273, 5.085470642919886, 3.9060506717143335, 2.559176441748399, 1.5312501657142765, 0.0, 1.5277922699110633, 2.522131814556884, 3.75723213150319, 11.142640046685525, 10.25162410596487, 9.6628350503359, 9.555869983418567, 10.149442781256514, 8.168755842232034, 7.428525733952868, 7.6917912796695145, 8.503751779067873, 6.6099757374743815, 6.52248598312024, 5.191753643038159, 5.216256819789455, 4.207940453476023, 4.161382069697519, 2.7610990239395616, 2.84198211992968, 2.1430499620867454, 2.1620153052187208, 1.097194166954965, 1.0967774250047273, 2.173440169408857, 2.167923271243703, 2.7875943356234605, 2.784780109811186, 4.453638804393549], [9.99403871815594, 9.56111066247013, 8.177288182521146, 8.050830683848718, 6.916915146219447, 5.528015291223424, 4.562048523415769, 3.1447191830114183, 2.5573185116445702, 1.5277922699110633, 0.0, 1.5230540272754605, 2.3954628968113867, 11.024244085196953, 10.067245210582685, 9.424751634393344, 9.710474582634982, 10.333553148360926, 8.223087325937868, 7.432895234025568, 8.16782687438954, 8.98533258482957, 7.035045956495238, 7.260814484615345, 5.713339152369654, 5.348296105303071, 4.720193021476982, 5.115782658596825, 3.4573349331529917, 2.8508849661114004, 3.478956536089522, 2.78139327316365, 2.1516713921972377, 2.1610404577425197, 1.096098065868196, 1.0970130218005618, 2.1700471653860434, 2.1696028807134264, 3.233337789344009], [11.255479398497428, 10.884672622086528, 9.5528990714861, 9.458848947414268, 8.375929386641221, 6.946708425578261, 6.025115172343181, 4.556632231154935, 3.900700467864714, 2.522131814556884, 1.5230540272754605, 0.0, 1.42093112429843, 12.258565611848718, 11.36558315529828, 10.6067950512867, 10.972875164240227, 11.705659898527719, 9.642202577212325, 8.745233705853721, 9.499951005136817, 10.42098611696609, 8.539649469386902, 8.701154360773058, 7.017862214378393, 6.749103165606523, 6.234284046303954, 6.5100422210612425, 4.661625288458951, 4.279389381675848, 4.656456658232739, 4.169466904773319, 2.713452503730257, 2.7793459032657304, 2.143981026035445, 2.151185491769596, 1.09461483180158, 1.0947384482149147, 1.9428760871450348], [11.346671501810565, 11.16448327375701, 9.888192112312543, 10.006433060286769, 9.020746839924065, 7.589330345293978, 6.823892019954596, 5.398572006558772, 4.951396314172397, 3.75723213150319, 2.3954628968113867, 1.42093112429843, 0.0, 12.33492767226464, 11.403797930514203, 10.620968016146175, 11.300718169656298, 12.037007012542611, 9.917328061529476, 9.014644330754265, 10.09974292940172, 10.999259004587536, 9.113189417542028, 9.486360843337133, 7.71841150885336, 7.197367695206352, 6.9394571524003235, 7.465410495076611, 5.576176536839558, 4.859473492056522, 5.837695643830706, 5.0570518021867255, 4.027022663209136, 4.073286247000081, 2.61445756133084, 2.626945134562197, 2.0507042814603964, 2.0511144312300083, 0.9723872325365034], [1.0945282134326184, 2.1592081442047215, 3.4716137818023474, 4.6780936747782205, 5.9976967670931804, 6.504167649284573, 7.962461331774239, 8.726029224681751, 10.178153800174174, 11.142640046685525, 11.024244085196953, 12.258565611848718, 12.33492767226464, 0.0, 1.772046816537306, 1.7719264657428644, 2.473782195343802, 2.4724361063534075, 3.7549775818238915, 3.743385875113598, 4.860715889660698, 4.795040747480672, 6.145659180266995, 6.805599656900191, 6.58799630692064, 6.014080290451732, 8.114276776768216, 8.55551101103844, 8.7904344517208, 8.348243330186298, 10.621252439802003, 10.302371230449813, 12.148405097378008, 11.186693594176965, 10.12378163039879, 11.079803838516275, 13.166338422279749, 12.353535751759493, 13.188597886432055], [1.0946794279605332, 2.1686228925288047, 2.782247481803155, 4.200553414730016, 5.220776496844124, 5.74414554916569, 7.056824536574506, 7.869634616041586, 9.22393510710044, 10.25162410596487, 10.067245210582685, 11.36558315529828, 11.403797930514203, 1.772046816537306, 0.0, 1.7746798809926252, 3.065404304492313, 2.502475266611041, 2.5617326948766532, 3.1017386430839076, 4.7447266306922256, 4.371144757383356, 5.091945800968427, 6.146178504566882, 6.1074557632454445, 5.138938915768507, 7.002249313613447, 7.747650783301994, 8.140222744495386, 7.421258005217174, 9.728229830241471, 9.186487281327938, 11.209244149807782, 10.455300373016549, 9.23192574168575, 9.973347043996814, 12.215594872538954, 11.602997525208735, 12.29925468189028], [1.0946941170939029, 2.168676418924686, 2.782984421444001, 4.19945132011314, 5.259384491554122, 5.394425171415394, 6.8056547120758335, 7.359297870721092, 8.816950507970429, 9.6628350503359, 9.424751634393344, 10.6067950512867, 10.620968016146175, 1.7719264657428644, 1.7746798809926252, 0.0, 2.5026861948714223, 3.0649456210510486, 3.1155651878912756, 2.5492935825439957, 4.389619614499644, 4.700869571685647, 5.437788969792778, 6.212306113674696, 5.49131701324919, 4.712062111220522, 6.986197538718756, 7.538822270089673, 7.432127052869859, 6.857807549064059, 9.371998857767748, 8.955588680259941, 10.69401112071612, 9.717751763139455, 8.485989320049844, 9.49509586365509, 11.541469468399594, 10.708037938390023, 11.461505425117592], [2.1465197646422918, 1.0962252961868741, 2.1631119943266923, 2.7563437013551115, 4.212861986820836, 4.726641570925386, 6.247379243330759, 7.0738672054258975, 8.549747292756669, 9.555869983418567, 9.710474582634982, 10.972875164240227, 11.300718169656298, 2.473782195343802, 3.065404304492313, 2.5026861948714223, 0.0, 1.7650446481604936, 3.0672698397760834, 2.5029225677195845, 2.5596231031149874, 3.0282449999958723, 4.725397408684269, 4.848333076429465, 4.570477713543738, 4.553072071689619, 6.634159776490162, 6.653361851725787, 6.972289057404319, 6.940503818167669, 8.827896397217177, 8.84808547992163, 10.542749979962533, 9.468521192879063, 8.87430573115441, 9.918684453595647, 11.839720120847451, 10.95734876966139, 12.152188100091276], [2.1458483194298705, 1.0962238868041507, 2.163593864383979, 2.759687230466525, 4.166651294504977, 5.121817490891295, 6.520453902911974, 7.602326978629635, 8.968431636579497, 10.149442781256514, 10.333553148360926, 11.705659898527719, 12.037007012542611, 2.4724361063534075, 2.502475266611041, 3.0649456210510486, 1.7650446481604936, 0.0, 2.507625358780693, 3.0621489104875352, 3.128267267993577, 2.4906163112771904, 4.327080251162439, 4.765557731262942, 5.292774803446676, 4.9928842686367165, 6.652828681846542, 6.8896563992698505, 7.72040586174069, 7.496460926330504, 9.205026944555891, 9.082292609798476, 11.064024394857414, 10.221761326209881, 9.587872044411107, 10.37665353281105, 12.495924259133457, 11.830395079201708, 12.94258352455181], [2.752306816108989, 2.1595599111856103, 1.0966254465404313, 2.1612275285124425, 2.7608955268173405, 3.4567077530505816, 4.665780969998485, 5.699334370784013, 6.975389667968377, 8.168755842232034, 8.223087325937868, 9.642202577212325, 9.917328061529476, 3.7549775818238915, 2.5617326948766532, 3.1155651878912756, 3.0672698397760834, 2.507625358780693, 0.0, 1.7654810251033568, 3.0677366640570702, 2.525518831844261, 2.533456713662185, 3.727905874616472, 4.0504937550871505, 3.0585910972210715, 4.565353814328085, 5.287900575842931, 6.079376238562637, 5.449515822529558, 7.365464201935952, 6.921207606335761, 9.054427425850848, 8.426784485792906, 7.535267731142669, 8.120663114549208, 10.385132615908187, 9.919798875481296, 10.85726174548629], [2.7397466707708578, 2.152362474120008, 1.0956728435075864, 2.1664393506396618, 2.843080213430497, 2.851638984864669, 4.288665084848664, 4.9837648800881444, 6.439528697816324, 7.428525733952868, 7.432895234025568, 8.745233705853721, 9.014644330754265, 3.743385875113598, 3.1017386430839076, 2.5492935825439957, 2.5029225677195845, 3.0621489104875352, 1.7654810251033568, 0.0, 2.49424321388272, 3.06428119793207, 3.1770889962353905, 3.846341838682568, 3.059283581167329, 2.281359513535734, 4.549960971261182, 4.989838900205096, 5.106887388615497, 4.664224378179078, 6.900874499655823, 6.621704238336231, 8.42009780109471, 7.505526061509613, 6.61032587774612, 7.534200189137531, 9.593431651916848, 8.867696094251313, 9.906805251946766], [4.184587469512377, 2.780139652967095, 2.1632049209448465, 1.0968182848585264, 2.1621071828195757, 2.7837187232189966, 4.176220125903328, 5.18893721970116, 6.556957210474993, 7.6917912796695145, 8.16782687438954, 9.499951005136817, 10.09974292940172, 4.860715889660698, 4.7447266306922256, 4.389619614499644, 2.5596231031149874, 3.128267267993577, 3.0677366640570702, 2.49424321388272, 0.0, 1.7602955121228936, 3.067572140960991, 2.4955379079469022, 2.5335081330045104, 3.176741654588865, 4.721650826776584, 4.322290395149313, 5.060838117347759, 5.3933925408781445, 6.626226838103265, 6.938853358444751, 8.5848583709925, 7.585475495313395, 7.513428172279283, 8.428342201168626, 10.240075394741975, 9.479133380747419, 10.964132144862175], [4.137070794656529, 2.7132610195113926, 2.154146926279635, 1.097168674361422, 2.143152430416465, 3.4814105445925225, 4.660345614865919, 5.970497578929247, 7.1837678769570505, 8.503751779067873, 8.98533258482957, 10.42098611696609, 10.999259004587536, 4.795040747480672, 4.371144757383356, 4.700869571685647, 3.0282449999958723, 2.4906163112771904, 2.525518831844261, 3.06428119793207, 1.7602955121228936, 0.0, 2.495563786001071, 2.394124650054796, 3.7279578766397026, 3.8460440000083205, 4.8433201938339785, 4.759542647145837, 6.119307504938774, 6.172450833340028, 7.208598217406766, 7.331713479126145, 9.30716579416097, 8.58462870484216, 8.42358279415594, 9.054427943829472, 11.080102702592606, 10.55282330658483, 11.914997206881754], [5.183158894921127, 4.175021428687523, 2.7838669813768044, 2.1621060912915446, 1.0967999407366869, 2.163219380922795, 2.7808035996812146, 4.193942273088651, 5.1962519319217, 6.6099757374743815, 7.035045956495238, 8.539649469386902, 9.113189417542028, 6.145659180266995, 5.091945800968427, 5.437788969792778, 4.725397408684269, 4.327080251162439, 2.533456713662185, 3.1770889962353905, 3.067572140960991, 2.495563786001071, 0.0, 1.7602825256191121, 3.067767028312287, 2.4941507532625207, 2.554008936945993, 3.1227324797362965, 4.725754429718074, 4.360050341452492, 5.335820869369584, 5.106679994869465, 7.3323010228713335, 6.938650705288456, 6.621769804213977, 6.92136992653911, 9.096301996415907, 8.858114587766405, 10.061377126914586], [5.96250727798298, 4.659273810370024, 3.4814820436130356, 2.1431153352071375, 1.0972046026152096, 2.1541426740120997, 2.714214201200782, 4.14675723668507, 5.127656824515463, 6.52248598312024, 7.260814484615345, 8.701154360773058, 9.486360843337133, 6.805599656900191, 6.146178504566882, 6.212306113674696, 4.848333076429465, 4.765557731262942, 3.727905874616472, 3.846341838682568, 2.4955379079469022, 2.394124650054796, 1.7602825256191121, 0.0, 2.5253244405422444, 3.0641895323233515, 3.024172227238389, 2.4842412302350994, 4.3524868638515155, 4.671965244947783, 4.967204954499059, 5.334597325009639, 7.208304546840401, 6.626338901686209, 6.9055891920965005, 7.367020506962093, 9.225800248216952, 8.845133096793965, 10.382223534484316], [5.6937324041440505, 4.6652330370518476, 3.457058334769606, 2.7610317075325304, 2.161206526456924, 1.0966272703156712, 2.160582546444361, 2.7565238489808137, 4.17746256236965, 5.191753643038159, 5.713339152369654,