{"total energy": -52.96844096, "HOMO-LUMO gap/eV": 2.82344954, "electronic energy": -53.61304485, "dipole": [0.70688389, -0.52038309, -0.00111694], "partial charges": [-0.39109051, 0.28070227, -0.16668974, 0.33876183, -0.42609317, -0.16845505, 0.28367295, -0.38754987, -0.02284204, -0.00708912, -0.1117615, -0.10508477, -0.05228463, -0.07381116, 0.01304252, -0.11004752, -0.10960018, 0.23133856, 0.23146923, 0.06014046, 0.06155096, 0.03659236, 0.04379246, 0.04801606, 0.02783124, 0.04274248, 0.06566114, 0.05911998, 0.02520884, 0.05030831, 0.03889272, 0.04876994, 0.04905308, 0.04627881, 0.04945306], "atomic dipole moments": [[-0.05603161, -0.00068325, -0.18233074], [0.016231, 0.07240222, -0.04409048], [-0.05587183, -0.00698647, -0.0202966], [-7.58e-05, -0.0813679, 0.03787005], [-0.011413, -0.19701671, 0.09149063], [0.00260763, 0.02595711, 0.05530657], [0.01297641, 0.08066116, -0.03954351], [0.14115574, 0.10578605, 0.07372624], [0.01682455, 0.01690241, -0.01569165], [-0.0192792, 0.04484384, -0.12701649], [0.04835822, 0.11235586, 0.03926753], [0.09155377, -0.05829661, -0.02143064], [-0.07239509, 0.13854266, 0.00760485], [-0.12900299, -0.06488208, 0.06354016], [0.14680867, 0.04354186, 0.02510856], [-0.04465654, -0.02185452, 0.05633876], [-0.02872069, -0.00023996, -0.06996347], [0.0574215, 0.10760742, 0.06284305], [-0.07619675, 0.03668877, -0.10826076], [0.05581511, -0.0194329, 0.11061197], [-0.07447841, -0.01013092, -0.10757341], [0.09325519, -0.08459238, -0.00938162], [-0.07330983, -0.04887502, 0.09152028], [-0.06563646, -0.04581554, 0.09922743], [0.03308739, 0.11752152, 0.03645845], [-0.08725169, 0.01252153, -0.09411967], [-0.04259421, -0.10381228, -0.0606255], [0.056785, -0.06066341, 0.09916444], [-0.04024407, -0.000992, -0.14241309], [0.10573626, -0.07467476, -0.01026109], [-0.05352955, -0.00235717, -0.11711856], [0.03504843, 0.12401835, 0.01770545], [0.0366562, 0.12091092, 0.03285847], [-0.07394652, -0.03580897, 0.10019674], [0.10267834, -0.07899674, 0.00710013]], "atomic quadrupole moments": [[0.13586883, -0.11885202, -0.07203871, -0.0755018, 0.02350768, -0.06383012], [0.34165582, -0.28507478, -0.10796022, -0.2231231, 0.01077151, -0.2336956], [-0.01205531, -0.05859573, -0.04854049, -0.00516904, -0.08070466, 0.0605958], [0.22122601, -0.13656717, -0.19763364, -0.25073958, 0.11664507, -0.02359237], [0.06311959, -0.05788015, -0.03145361, -0.12039216, 0.00776386, -0.03166598], [0.00082606, 0.06032014, 0.07705847, -0.04733682, 0.03794378, -0.07788454], [0.06043484, -0.26142824, -0.00392057, -0.34476644, 0.18802192, -0.05651427], [0.04783775, -0.09116609, -0.01843247, -0.12463744, 0.09352293, -0.02940527], [-0.04329927, 0.00727034, 0.01665019, 0.06431269, 0.01293196, 0.02664908], [0.02069249, 0.02998275, 0.08805564, -0.15339094, 0.01797385, -0.10874813], [-0.06944766, 0.09155915, 0.16654416, 0.00021177, 0.09568104, -0.0970965], [0.08257322, -0.14805194, 0.03158414, -0.05254461, 0.03707926, -0.11415736], [0.08555253, -0.09902693, 0.00048675, -0.15228111, -0.00199947, -0.08603928], [-0.23253965, -0.20010931, 0.39731906, -0.18336524, 0.00046059, -0.16477941], [-0.32593177, -0.26363379, 0.36636752, -0.08561976, 0.04040511, -0.04043575], [0.03760972, 0.07381006, -0.09352031, -0.10544938, -0.06154519, 0.05591058], [-0.01211189, 0.02424818, -0.10618983, 0.09611128, -0.00043529, 0.11830173], [-0.02242499, 0.03093848, 0.01584348, 0.02974351, -0.00172884, 0.00658151], [-0.01984296, 0.01867343, 0.00204318, 0.03587635, -0.01562852, 0.01779978], [0.00878113, 0.00597738, -0.00794245, 0.02547246, 0.00141426, -0.00083868], [-0.01793674, -0.00593637, -0.02899951, 0.05235309, -0.01578504, 0.04693625], [0.0526867, -0.04832624, -0.00268108, -0.01221881, 0.01494127, -0.05000562], [-0.00952641, 0.01998767, -0.02797441, -0.05956912, -0.01303528, 0.03750082], [-0.01584287, 0.01371399, -0.00965952, -0.0425458, -0.05016916, 0.0255024], [-0.00941581, 0.04179866, 0.05667183, 0.01219925, 0.0258838, -0.04725602], [-0.00671457, -0.00903794, -0.04241882, 0.05307324, 0.00441813, 0.0491334], [0.00358558, 0.04330314, -0.00308517, 0.01084728, 0.02620986, -0.00050041], [0.00826951, -0.00882204, -0.04899273, 0.0269014, -0.01145541, 0.04072322], [0.03399566, 0.04392466, -0.05061541, 0.00825789, -0.0188116, 0.01661974], [0.0378756, -0.06265579, -0.00407167, 0.00212313, -0.00978622, -0.03380393], [0.00339558, 0.01361467, -0.05077513, 0.05112611, 0.00381279, 0.04737955], [-0.0407195, 0.03415203, 0.06354577, 0.00506919, 0.03113125, -0.02282627], [-0.040724, 0.03897108, 0.0693509, 0.00429398, 0.01031991, -0.0286269], [0.03223566, 0.03290068, -0.03981908, -0.0480332, -0.02454446, 0.00758343], [0.03680577, -0.06469094, -0.00688321, -0.01003721, 0.00510011, -0.02992256]], "number of molecular orbitals": 86, "number of electrons": 94, "number of unpaired electrons": 0, "orbital energies/eV": [-20.46024492, -20.10335647, -20.03269563, -19.62137759, -19.23418354, -18.54763027, -18.10073648, -17.95229947, -17.51445024, -17.21956142, -17.14861252, -16.85406263, -16.58120475, -16.51674261, -16.37008686, -16.25138353, -16.01016651, -15.5553229, -15.51310676, -15.47693829, -15.30624349, -15.07444308, -14.87068166, -14.74836598, -14.50124242, -14.21586374, -14.09573353, -13.91226939, -13.76988904, -13.69225606, -13.58092762, -13.14962133, -13.00321715, -12.90016896, -12.74316143, -12.72272168, -12.64085393, -12.56730867, -12.50532325, -12.33215728, -12.28464111, -12.23011016, -12.12904993, -11.97834844, -11.62989226, -11.39337027, -10.78591111, -7.96246157, -7.0135507, -5.90081555, -5.43789056, -0.60054934, -0.06619131, 0.15732938, 1.28352585, 1.82555588, 2.06451577, 2.15888533, 2.52668717, 3.0618518, 3.61851874, 3.65846221, 3.79096094, 3.89596059, 4.13006659, 4.4590531, 4.52950495, 4.76766634, 4.96797966, 5.35836363, 5.60297657, 5.6718896, 5.72948259, 5.77169231, 6.03701931, 6.38367586, 6.68883543, 6.93727663, 7.43882849, 7.88071164, 9.67773494, 11.91388106, 14.20119208, 14.36512841, 15.925882, 16.45637113], "fractional occupation": [2.0, 2.0, 2.0, 2.0, 2.0, 2.0, 2.0, 2.0, 2.0, 2.0, 2.0, 2.0, 2.0, 2.0, 2.0, 2.0, 2.0, 2.0, 2.0, 2.0, 2.0, 2.0, 2.0, 2.0, 2.0, 2.0, 2.0, 2.0, 2.0, 2.0, 2.0, 2.0, 2.0, 2.0, 2.0, 2.0, 2.0, 2.0, 2.0, 2.0, 2.0, 2.0, 2.0, 2.0, 2.0, 2.0, 2.0, 0.0, 0.0, 0.0, 0.0, 0.0, 0.0, 0.0, 0.0, 0.0, 0.0, 0.0, 0.0, 0.0, 0.0, 0.0, 0.0, 0.0, 0.0, 0.0, 0.0, 0.0, 0.0, 0.0, 0.0, 0.0, 0.0, 0.0, 0.0, 0.0, 0.0, 0.0, 0.0, 0.0, 0.0, 0.0, 0.0, 0.0, 0.0, 0.0], "program call": "xtb /home/svss/Project-DBcg-Debug/aqme2_20220329/End-to-End-workflows-final/example-3/QDESCP/mol_1037_rdkit_conf_3/mol_1037_rdkit_conf_3.xyz --pop --wbo --acc 0.2 --gfn 2 --chrg 0 --uhf 0 --etemp 300 --input /home/svss/Project-DBcg-Debug/aqme2_20220329/End-to-End-workflows-final/example-3/QDESCP/mol_1037_rdkit_conf_3/mol_1037_rdkit_conf_3_xtb.inp", "method": "GFN2-xTB", "xtb version": "6.3.3 (7355c4f)", "Dipole module/D": 2.231, "Total charge": 0, "Transition dipole module/D": NaN, "HOMO": -10.7859, "LUMO": -7.9625, "HOMO occupancy": 2.0, "LUMO occupancy": 0, "mulliken charges": [-0.51595, 0.47345, -0.31912, 0.57424, -0.54142, -0.31976, 0.47475, -0.51295, -0.05919, 0.00988, -0.09238, -0.09605, -0.02942, -0.09712, 0.01855, -0.08793, -0.09276, 0.27907, 0.27975, 0.04474, 0.04913, 0.02831, 0.03644, 0.04016, 0.03276, 0.03952, 0.05435, 0.05004, 0.03173, 0.04139, 0.03664, 0.04098, 0.04288, 0.04381, 0.0415], "cm5 charges": [-0.56331, 0.57249, -0.6634, 0.74307, -0.57802, -0.66348, 0.5741, -0.56075, -0.05934, -0.05571, -0.24055, -0.2425, -0.12727, -0.15389, -0.00654, -0.23207, -0.23689, 0.48207, 0.48257, 0.10852, 0.10583, 0.08069, 0.08795, 0.09167, 0.08729, 0.09463, 0.11281, 0.10869, 0.09025, 0.09306, 0.08842, 0.09276, 0.09521, 0.09837, 0.09326], "FUKUI+": [-0.133, -0.051, -0.03, -0.052, -0.139, -0.031, -0.052, -0.135, -0.004, 0.005, 0.016, 0.014, 0.002, 0.009, -0.026, 0.014, 0.014, -0.045, -0.045, -0.023, -0.009, -0.018, -0.033, -0.034, -0.001, -0.008, -0.035, -0.035, -0.015, -0.032, -0.015, -0.02, -0.018, -0.001, -0.035], "FUKUI-": [-0.044, 0.003, -0.005, 0.002, -0.062, -0.014, -0.002, -0.069, -0.013, -0.0, 0.013, 0.012, 0.011, -0.048, -0.051, 0.022, 0.021, -0.023, -0.027, -0.06, -0.051, -0.036, -0.043, -0.036, -0.027, -0.037, -0.045, -0.035, -0.052, -0.064, -0.037, -0.058, -0.055, -0.029, -0.063], "FUKUIrad": [-0.089, -0.024, -0.018, -0.025, -0.101, -0.023, -0.027, -0.102, -0.008, 0.002, 0.014, 0.013, 0.006, -0.02, -0.039, 0.018, 0.018, -0.034, -0.036, -0.041, -0.03, -0.027, -0.038, -0.035, -0.014, -0.023, -0.04, -0.035, -0.034, -0.048, -0.026, -0.039, -0.036, -0.015, -0.049], "s proportion": [1.731, 1.013, 1.425, 0.935, 1.72, 1.426, 1.012, 1.729, 1.111, 1.061, 1.014, 1.015, 1.037, 1.066, 1.097, 1.01, 1.009, 0.721, 0.72, 0.955, 0.951, 0.972, 0.964, 0.96, 0.967, 0.96, 0.946, 0.95, 0.968, 0.959, 0.963, 0.959, 0.957, 0.956, 0.958], "p proportion": [4.785, 2.514, 3.895, 2.49, 4.821, 3.894, 2.514, 4.784, 2.948, 2.929, 3.078, 3.081, 2.992, 3.031, 2.885, 3.078, 3.084, 0.0, 0.0, 0.0, 0.0, 0.0, 0.0, 0.0, 0.0, 0.0, 0.0, 0.0, 0.0, 0.0, 0.0, 0.0, 0.0, 0.0, 0.0], "d proportion": [0.0, 0.0, 0.0, 0.0, 0.0, 0.0, 0.0, 0.0, 0.0, 0.0, 0.0, 0.0, 0.0, 0.0, 0.0, 0.0, 0.0, 0.0, 0.0, 0.0, 0.0, 0.0, 0.0, 0.0, 0.0, 0.0, 0.0, 0.0, 0.0, 0.0, 0.0, 0.0, 0.0, 0.0, 0.0], "Fermi-level/eV": -9.3742, "Coordination numbers": [0.859, 2.764, 2.697, 2.7, 0.86, 2.697, 2.761, 0.859, 3.896, 3.846, 3.75, 3.75, 3.807, 2.889, 2.935, 3.756, 3.753, 0.86, 0.86, 0.923, 0.924, 0.924, 0.924, 0.924, 0.924, 0.924, 0.923, 0.924, 0.924, 0.924, 0.924, 0.924, 0.924, 0.924, 0.924], "Dispersion coefficient C6": [21.503, 22.249, 24.606, 21.243, 22.208, 24.644, 22.196, 21.433, 20.926, 20.672, 22.702, 22.572, 21.507, 29.84, 27.723, 22.659, 22.654, 0.959, 0.959, 2.198, 2.181, 2.495, 2.399, 2.345, 2.618, 2.413, 2.134, 2.209, 2.656, 2.316, 2.464, 2.335, 2.332, 2.367, 2.327], "Total dispersion C6": 11607.785133, "Total dispersion C8": 260170.693734, "Polarizability alpha": [6.217, 7.725, 7.367, 7.544, 6.318, 7.373, 7.715, 6.207, 6.503, 6.467, 6.795, 6.776, 6.602, 8.956, 8.635, 6.787, 6.787, 1.534, 1.534, 2.318, 2.309, 2.47, 2.422, 2.395, 2.53, 2.429, 2.285, 2.325, 2.548, 2.38, 2.455, 2.39, 2.388, 2.406, 2.385], "Total polarizability alpha": 162.277999, "Wiberg matrix": [[0.0, 1.7401359861614245, 0.13433010686781427, 0.0, 0.0, 0.0, 0.0, 0.0, 0.0, 0.0, 0.0, 0.0, 0.0, 0.0, 0.0, 0.0, 0.0, 0.0, 0.0, 0.0, 0.0, 0.0, 0.0, 0.0, 0.0, 0.0, 0.0, 0.0, 0.0, 0.0, 0.0, 0.0, 0.0, 0.0, 0.0], [1.7401359861614245, 0.0, 1.1498791826732813, 0.0, 0.0, 0.0, 0.0, 0.0, 0.9558888085124261, 0.0, 0.0, 0.0, 0.0, 0.0, 0.0, 0.0, 0.0, 0.0, 0.0, 0.0, 0.0, 0.0, 0.0, 0.0, 0.0, 0.0, 0.0, 0.0, 0.0, 0.0, 0.0, 0.0, 0.0, 0.0, 0.0], [0.13433010686781427, 1.1498791826732813, 0.0, 1.128584497842499, 0.11569523397170044, 0.0, 0.0, 0.0, 0.0, 0.0, 0.0, 0.0, 0.0, 0.0, 0.0, 0.0, 0.0, 0.9098731095338786, 0.0, 0.0, 0.0, 0.0, 0.0, 0.0, 0.0, 0.0, 0.0, 0.0, 0.0, 0.0, 0.0, 0.0, 0.0, 0.0, 0.0], [0.0, 0.0, 1.128584497842499, 0.0, 1.646984851773897, 1.1291970114083074, 0.0, 0.0, 0.0, 0.0, 0.0, 0.0, 0.0, 0.0, 0.0, 0.0, 0.0, 0.0, 0.0, 0.0, 0.0, 0.0, 0.0, 0.0, 0.0, 0.0, 0.0, 0.0, 0.0, 0.0, 0.0, 0.0, 0.0, 0.0, 0.0], [0.0, 0.0, 0.11569523397170044, 1.646984851773897, 0.0, 0.11635523473422331, 0.0, 0.0, 0.0, 0.0, 0.0, 0.0, 0.0, 0.0, 0.0, 0.0, 0.0, 0.0, 0.0, 0.0, 0.0, 0.0, 0.0, 0.0, 0.0, 0.0, 0.0, 0.0, 0.0, 0.0, 0.0, 0.0, 0.0, 0.0, 0.0], [0.0, 0.0, 0.0, 1.1291970114083074, 0.11635523473422331, 0.0, 1.1458771103410146, 0.1345417756534584, 0.0, 0.0, 0.0, 0.0, 0.0, 0.0, 0.0, 0.0, 0.0, 0.0, 0.909829821039307, 0.0, 0.0, 0.0, 0.0, 0.0, 0.0, 0.0, 0.0, 0.0, 0.0, 0.0, 0.0, 0.0, 0.0, 0.0, 0.0], [0.0, 0.0, 0.0, 0.0, 0.0, 1.1458771103410146, 0.0, 1.742191579532239, 0.9597992190214691, 0.0, 0.0, 0.0, 0.0, 0.0, 0.0, 0.0, 0.0, 0.0, 0.0, 0.0, 0.0, 0.0, 0.0, 0.0, 0.0, 0.0, 0.0, 0.0, 0.0, 0.0, 0.0, 0.0, 0.0, 0.0, 0.0], [0.0, 0.0, 0.0, 0.0, 0.0, 0.1345417756534584, 1.742191579532239, 0.0, 0.0, 0.0, 0.0, 0.0, 0.0, 0.0, 0.0, 0.0, 0.0, 0.0, 0.0, 0.0, 0.0, 0.0, 0.0, 0.0, 0.0, 0.0, 0.0, 0.0, 0.0, 0.0, 0.0, 0.0, 0.0, 0.0, 0.0], [0.0, 0.9558888085124261, 0.0, 0.0, 0.0, 0.0, 0.9597992190214691, 0.0, 0.0, 0.9443361434260285, 0.0, 0.0, 0.9107916551464741, 0.0, 0.0, 0.0, 0.0, 0.0, 0.0, 0.0, 0.0, 0.0, 0.0, 0.0, 0.0, 0.0, 0.0, 0.0, 0.0, 0.0, 0.0, 0.0, 0.0, 0.0, 0.0], [0.0, 0.0, 0.0, 0.0, 0.0, 0.0, 0.0, 0.0, 0.9443361434260285, 0.0, 1.0104635407195082, 1.0088287253228263, 0.0, 0.0, 0.0, 0.0, 0.0, 0.0, 0.0, 0.9638452028014326, 0.0, 0.0, 0.0, 0.0, 0.0, 0.0, 0.0, 0.0, 0.0, 0.0, 0.0, 0.0, 0.0, 0.0, 0.0], [0.0, 0.0, 0.0, 0.0, 0.0, 0.0, 0.0, 0.0, 0.0, 1.0104635407195082, 0.0, 0.0, 0.0, 0.0, 0.0, 0.0, 0.0, 0.0, 0.0, 0.0, 0.982577705486739, 0.9839579442077091, 0.9825325428665834, 0.0, 0.0, 0.0, 0.0, 0.0, 0.0, 0.0, 0.0, 0.0, 0.0, 0.0, 0.0], [0.0, 0.0, 0.0, 0.0, 0.0, 0.0, 0.0, 0.0, 0.0, 1.0088287253228263, 0.0, 0.0, 0.0, 0.0, 0.0, 0.0, 0.0, 0.0, 0.0, 0.0, 0.0, 0.0, 0.0, 0.9844274333761432, 0.9860109841154102, 0.9858319188205287, 0.0, 0.0, 0.0, 0.0, 0.0, 0.0, 0.0, 0.0, 0.0], [0.0, 0.0, 0.0, 0.0, 0.0, 0.0, 0.0, 0.0, 0.9107916551464741, 0.0, 0.0, 0.0, 0.0, 1.021609729844433, 0.0, 0.0, 0.0, 0.0, 0.0, 0.0, 0.0, 0.0, 0.0, 0.0, 0.0, 0.0, 0.9597924375129239, 0.9634341909076365, 0.0, 0.0, 0.0, 0.0, 0.0, 0.0, 0.0], [0.0, 0.0, 0.0, 0.0, 0.0, 0.0, 0.0, 0.0, 0.0, 0.0, 0.0, 0.0, 1.021609729844433, 0.0, 1.8711817090468048, 0.0, 0.0, 0.0, 0.0, 0.0, 0.0, 0.0, 0.0, 0.0, 0.0, 0.0, 0.0, 0.0, 0.9660202978278394, 0.0, 0.0, 0.0, 0.0, 0.0, 0.0], [0.0, 0.0, 0.0, 0.0, 0.0, 0.0, 0.0, 0.0, 0.0, 0.0, 0.0, 0.0, 0.0, 1.8711817090468048, 0.0, 1.024449800536337, 1.0282153597935861, 0.0, 0.0, 0.0, 0.0, 0.0, 0.0, 0.0, 0.0, 0.0, 0.0, 0.0, 0.0, 0.0, 0.0, 0.0, 0.0, 0.0, 0.0], [0.0, 0.0, 0.0, 0.0, 0.0, 0.0, 0.0, 0.0, 0.0, 0.0, 0.0, 0.0, 0.0, 0.0, 1.024449800536337, 0.0, 0.0, 0.0, 0.0, 0.0, 0.0, 0.0, 0.0, 0.0, 0.0, 0.0, 0.0, 0.0, 0.0, 0.9716401044041324, 0.9847410363236134, 0.9713488385406168, 0.0, 0.0, 0.0], [0.0, 0.0, 0.0, 0.0, 0.0, 0.0, 0.0, 0.0, 0.0, 0.0, 0.0, 0.0, 0.0, 0.0, 1.0282153597935861, 0.0, 0.0, 0.0, 0.0, 0.0, 0.0, 0.0, 0.0, 0.0, 0.0, 0.0, 0.0, 0.0, 0.0, 0.0, 0.0, 0.0, 0.9700735703461625, 0.9797878045269264, 0.9701270865315352], [0.0, 0.0, 0.9098731095338786, 0.0, 0.0, 0.0, 0.0, 0.0, 0.0, 0.0, 0.0, 0.0, 0.0, 0.0, 0.0, 0.0, 0.0, 0.0, 0.0, 0.0, 0.0, 0.0, 0.0, 0.0, 0.0, 0.0, 0.0, 0.0, 0.0, 0.0, 0.0, 0.0, 0.0, 0.0, 0.0], [0.0, 0.0, 0.0, 0.0, 0.0, 0.909829821039307, 0.0, 0.0, 0.0, 0.0, 0.0, 0.0, 0.0, 0.0, 0.0, 0.0, 0.0, 0.0, 0.0, 0.0, 0.0, 0.0, 0.0, 0.0, 0.0, 0.0, 0.0, 0.0, 0.0, 0.0, 0.0, 0.0, 0.0, 0.0, 0.0], [0.0, 0.0, 0.0, 0.0, 0.0, 0.0, 0.0, 0.0, 0.0, 0.9638452028014326, 0.0, 0.0, 0.0, 0.0, 0.0, 0.0, 0.0, 0.0, 0.0, 0.0, 0.0, 0.0, 0.0, 0.0, 0.0, 0.0, 0.0, 0.0, 0.0, 0.0, 0.0, 0.0, 0.0, 0.0, 0.0], [0.0, 0.0, 0.0, 0.0, 0.0, 0.0, 0.0, 0.0, 0.0, 0.0, 0.982577705486739, 0.0, 0.0, 0.0, 0.0, 0.0, 0.0, 0.0, 0.0, 0.0, 0.0, 0.0, 0.0, 0.0, 0.0, 0.0, 0.0, 0.0, 0.0, 0.0, 0.0, 0.0, 0.0, 0.0, 0.0], [0.0, 0.0, 0.0, 0.0, 0.0, 0.0, 0.0, 0.0, 0.0, 0.0, 0.9839579442077091, 0.0, 0.0, 0.0, 0.0, 0.0, 0.0, 0.0, 0.0, 0.0, 0.0, 0.0, 0.0, 0.0, 0.0, 0.0, 0.0, 0.0, 0.0, 0.0, 0.0, 0.0, 0.0, 0.0, 0.0], [0.0, 0.0, 0.0, 0.0, 0.0, 0.0, 0.0, 0.0, 0.0, 0.0, 0.9825325428665834, 0.0, 0.0, 0.0, 0.0, 0.0, 0.0, 0.0, 0.0, 0.0, 0.0, 0.0, 0.0, 0.0, 0.0, 0.0, 0.0, 0.0, 0.0, 0.0, 0.0, 0.0, 0.0, 0.0, 0.0], [0.0, 0.0, 0.0, 0.0, 0.0, 0.0, 0.0, 0.0, 0.0, 0.0, 0.0, 0.9844274333761432, 0.0, 0.0, 0.0, 0.0, 0.0, 0.0, 0.0, 0.0, 0.0, 0.0, 0.0, 0.0, 0.0, 0.0, 0.0, 0.0, 0.0, 0.0, 0.0, 0.0, 0.0, 0.0, 0.0], [0.0, 0.0, 0.0, 0.0, 0.0, 0.0, 0.0, 0.0, 0.0, 0.0, 0.0, 0.9860109841154102, 0.0, 0.0, 0.0, 0.0, 0.0, 0.0, 0.0, 0.0, 0.0, 0.0, 0.0, 0.0, 0.0, 0.0, 0.0, 0.0, 0.0, 0.0, 0.0, 0.0, 0.0, 0.0, 0.0], [0.0, 0.0, 0.0, 0.0, 0.0, 0.0, 0.0, 0.0, 0.0, 0.0, 0.0, 0.9858319188205287, 0.0, 0.0, 0.0, 0.0, 0.0, 0.0, 0.0, 0.0, 0.0, 0.0, 0.0, 0.0, 0.0, 0.0, 0.0, 0.0, 0.0, 0.0, 0.0, 0.0, 0.0, 0.0, 0.0], [0.0, 0.0, 0.0, 0.0, 0.0, 0.0, 0.0, 0.0, 0.0, 0.0, 0.0, 0.0, 0.9597924375129239, 0.0, 0.0, 0.0, 0.0, 0.0, 0.0, 0.0, 0.0, 0.0, 0.0, 0.0, 0.0, 0.0, 0.0, 0.0, 0.0, 0.0, 0.0, 0.0, 0.0, 0.0, 0.0], [0.0, 0.0, 0.0, 0.0, 0.0, 0.0, 0.0, 0.0, 0.0, 0.0, 0.0, 0.0, 0.9634341909076365, 0.0, 0.0, 0.0, 0.0, 0.0, 0.0, 0.0, 0.0, 0.0, 0.0, 0.0, 0.0, 0.0, 0.0, 0.0, 0.0, 0.0, 0.0, 0.0, 0.0, 0.0, 0.0], [0.0, 0.0, 0.0, 0.0, 0.0, 0.0, 0.0, 0.0, 0.0, 0.0, 0.0, 0.0, 0.0, 0.9660202978278394, 0.0, 0.0, 0.0, 0.0, 0.0, 0.0, 0.0, 0.0, 0.0, 0.0, 0.0, 0.0, 0.0, 0.0, 0.0, 0.0, 0.0, 0.0, 0.0, 0.0, 0.0], [0.0, 0.0, 0.0, 0.0, 0.0, 0.0, 0.0, 0.0, 0.0, 0.0, 0.0, 0.0, 0.0, 0.0, 0.0, 0.9716401044041324, 0.0, 0.0, 0.0, 0.0, 0.0, 0.0, 0.0, 0.0, 0.0, 0.0, 0.0, 0.0, 0.0, 0.0, 0.0, 0.0, 0.0, 0.0, 0.0], [0.0, 0.0, 0.0, 0.0, 0.0, 0.0, 0.0, 0.0, 0.0, 0.0, 0.0, 0.0, 0.0, 0.0, 0.0, 0.9847410363236134, 0.0, 0.0, 0.0, 0.0, 0.0, 0.0, 0.0, 0.0, 0.0, 0.0, 0.0, 0.0, 0.0, 0.0, 0.0, 0.0, 0.0, 0.0, 0.0], [0.0, 0.0, 0.0, 0.0, 0.0, 0.0, 0.0, 0.0, 0.0, 0.0, 0.0, 0.0, 0.0, 0.0, 0.0, 0.9713488385406168, 0.0, 0.0, 0.0, 0.0, 0.0, 0.0, 0.0, 0.0, 0.0, 0.0, 0.0, 0.0, 0.0, 0.0, 0.0, 0.0, 0.0, 0.0, 0.0], [0.0, 0.0, 0.0, 0.0, 0.0, 0.0, 0.0, 0.0, 0.0, 0.0, 0.0, 0.0, 0.0, 0.0, 0.0, 0.0, 0.9700735703461625, 0.0, 0.0, 0.0, 0.0, 0.0, 0.0, 0.0, 0.0, 0.0, 0.0, 0.0, 0.0, 0.0, 0.0, 0.0, 0.0, 0.0, 0.0], [0.0, 0.0, 0.0, 0.0, 0.0, 0.0, 0.0, 0.0, 0.0, 0.0, 0.0, 0.0, 0.0, 0.0, 0.0, 0.0, 0.9797878045269264, 0.0, 0.0, 0.0, 0.0, 0.0, 0.0, 0.0, 0.0, 0.0, 0.0, 0.0, 0.0, 0.0, 0.0, 0.0, 0.0, 0.0, 0.0], [0.0, 0.0, 0.0, 0.0, 0.0, 0.0, 0.0, 0.0, 0.0, 0.0, 0.0, 0.0, 0.0, 0.0, 0.0, 0.0, 0.9701270865315352, 0.0, 0.0, 0.0, 0.0, 0.0, 0.0, 0.0, 0.0, 0.0, 0.0, 0.0, 0.0, 0.0, 0.0, 0.0, 0.0, 0.0, 0.0]], "Born radii": [], "Atomic SASAs": [], "Solvent H bonds": [], "Total SASA": NaN, "Total FOD": 0.0, "FOD": [0.0, 0.0, 0.0, 0.0, 0.0, 0.0, 0.0, 0.0, 0.0, 0.0, 0.0, 0.0, 0.0, 0.0, 0.0, 0.0, 0.0, 0.0, 0.0, 0.0, 0.0, 0.0, 0.0, 0.0, 0.0, 0.0, 0.0, 0.0, 0.0, 0.0, 0.0, 0.0, 0.0, 0.0, 0.0], "FOD s proportion": [0.0, 0.0, 0.0, 0.0, 0.0, 0.0, 0.0, 0.0, 0.0, 0.0, 0.0, 0.0, 0.0, 0.0, 0.0, 0.0, 0.0, 0.0, 0.0, 0.0, 0.0, 0.0, 0.0, 0.0, 0.0, 0.0, 0.0, 0.0, 0.0, 0.0, 0.0, 0.0, 0.0, 0.0, 0.0], "FOD p proportion": [0.0, 0.0, 0.0, 0.0, 0.0, 0.0, 0.0, 0.0, 0.0, 0.0, 0.0, 0.0, 0.0, 0.0, 0.0, 0.0, 0.0, 0.0, 0.0, 0.0, 0.0, 0.0, 0.0, 0.0, 0.0, 0.0, 0.0, 0.0, 0.0, 0.0, 0.0, 0.0, 0.0, 0.0, 0.0], "FOD d proportion": [0.0, 0.0, 0.0, 0.0, 0.0, 0.0, 0.0, 0.0, 0.0, 0.0, 0.0, 0.0, 0.0, 0.0, 0.0, 0.0, 0.0, 0.0, 0.0, 0.0, 0.0, 0.0, 0.0, 0.0, 0.0, 0.0, 0.0, 0.0, 0.0, 0.0, 0.0, 0.0, 0.0, 0.0, 0.0], "coordinates": [["0.21700", "1.07030", "2.10720"], ["-0.15140", "1.05560", "0.93280"], ["0.09800", "2.13990", "0.14160"], ["-0.51350", "2.41070", "-1.03850"], ["-0.45460", "3.52280", "-1.55280"], ["-1.25100", "1.41330", "-1.59010"], ["-1.62450", "0.25750", "-0.96460"], ["-2.52010", "-0.42490", "-1.45830"], ["-0.84130", "-0.14290", "0.28090"], ["-1.77850", "-0.80650", "1.36180"], ["-2.28450", "-2.21820", "1.03130"], ["-2.97610", "0.08750", "1.72550"], ["0.27670", "-1.13590", "-0.15720"], ["1.30750", "-0.60450", "-1.12670"], ["2.56320", "-0.19890", "-0.85440"], ["3.46960", "0.28180", "-1.95900"], ["3.19300", "-0.16740", "0.51210"], ["0.55970", "2.91970", "0.58810"], ["-1.78090", "1.66420", "-2.41340"], ["-1.19290", "-0.92270", "2.28500"], ["-2.88320", "-2.24570", "0.11790"], ["-1.45820", "-2.92700", "0.92580"], ["-2.91640", "-2.59460", "1.84420"], ["-3.52270", "-0.33440", "2.57640"], ["-2.65540", "1.09350", "2.01300"], ["-3.68310", "0.17890", "0.89510"], ["-0.17750", "-1.99960", "-0.66120"], ["0.76910", "-1.54720", "0.73140"], ["0.97840", "-0.58810", "-2.16720"], ["4.36780", "-0.34230", "-2.01070"], ["2.98430", "0.24810", "-2.94010"], ["3.77420", "1.31730", "-1.77490"], ["3.51490", "0.85140", "0.75270"], ["2.52140", "-0.49030", "1.31000"], ["4.07100", "-0.82130", "0.53600"]], "bond_dist": [[0.0, 1.2309142983977401, 2.240934742467973, 3.496531266841468, 4.456613379013262, 3.99283111213084, 3.672563318718957, 4.737101402756753, 2.4345892507772233, 2.8390173740222164, 4.26957788428786, 3.362659414808464, 3.1620230691758087, 3.8016120922577046, 3.985799498218645, 5.266414477611879, 3.5962231994135183, 2.4177238179742537, 4.9779660484981205, 2.447749956592789, 4.956249643631765, 4.492260932982411, 4.82896019552864, 4.022273837023034, 2.874037863355318, 4.180258410672718, 4.152584113537015, 3.008146655334477, 4.647635514968875, 6.015120930621429, 5.814567861844937, 5.27118404630307, 3.571936711365418, 2.895040510942809, 4.571666654514521], [1.2309142983977401, 0.0, 1.3652488015010302, 2.419387548533719, 3.5152828392605904, 2.7752646468400086, 2.5312277613837915, 3.676952426942725, 1.5288354620429239, 2.509763299596199, 3.908655050014007, 3.089420817888039, 2.4847619322582997, 3.0209040815623394, 3.4838064311898846, 4.698182061180686, 3.5857675398720428, 2.0246851878748955, 3.771301983400428, 2.6128218423765524, 4.361808677601529, 4.191524543647573, 4.66902934237942, 3.999898079951538, 2.7273218456940502, 3.6390835480928434, 3.4461230752832956, 2.768113084756474, 3.686217265707489, 5.571488607185695, 5.0481704755287335, 4.776029893122529, 3.6763962436059585, 3.110618345281208, 4.6377651525276695], [2.240934742467973, 1.3652488015010302, 0.0, 1.3564294673885553, 2.255830341581565, 2.312257219688156, 2.7810275888599163, 3.9990407174721287, 2.4724208420089004, 3.700190974801165, 5.045880294854408, 4.021340047795014, 3.2942496520452123, 3.256256516308259, 3.5410750458017692, 4.385515081492708, 3.878134672751837, 1.0102559972601006, 3.2069581693561267, 3.9547572782662654, 5.302980528910134, 5.358190337231406, 5.865231825767844, 5.0159625217898105, 3.489742466142738, 4.325505803949406, 4.2256181015326035, 3.79380358743043, 3.680712648387537, 5.387476605053613, 4.6267169591406825, 4.226593125674626, 3.7025506168045834, 3.762443110533367, 4.970813394204212], [3.496531266841468, 2.419387548533719, 1.3564294673885553, 0.0, 1.2266784868089928, 1.3575623632084088, 2.424057022844141, 3.4990431492052223, 2.8929469680586957, 4.208567562722499, 5.370961575919157, 4.370509466869967, 3.738913918506282, 3.5235282431108734, 4.038562598252007, 4.609188764847888, 4.773793273697553, 2.0141168784358072, 2.013433639333564, 4.755921800240201, 5.351149410173481, 5.765585301597748, 6.2559504305900635, 5.445949013716525, 3.9540363807127523, 4.331986191113725, 4.439143766538767, 4.521347274872833, 3.534477435208774, 5.6878178179333405, 4.530731305208906, 4.485775274130438, 4.676304148577164, 4.810599885669146, 5.826020468553126], [4.456613379013262, 3.5152828392605904, 2.255830341581565, 1.2266784868089928, 0.0, 2.2551351400747586, 3.518071821324858, 4.456406151822341, 4.116958716091284, 5.384277375841627, 6.556309008886021, 5.376476469770886, 4.917924840824634, 4.507900055458196, 4.842099781086714, 5.105724736019364, 5.584476144635233, 2.4445831771490205, 2.440102049095488, 5.919144024265671, 6.478034323774458, 6.982162341280815, 7.4177254600045694, 6.429737326672062, 4.843547126848257, 5.253293621148545, 5.600771083520554, 5.6938485517266795, 4.396643625539828, 6.1971132134244575, 4.947150148317716, 4.7745479471882994, 5.311180514725517, 5.758226415312271, 6.611758133053568], [3.99283111213084, 2.7752646468400086, 2.312257219688156, 1.3575623632084088, 2.2551351400747586, 0.0, 1.3662452708060877, 2.2376249216524204, 2.467843903086255, 3.7308821879014085, 4.596482618263665, 3.965717969044193, 3.299316647428676, 3.291227529357398, 4.205777570200308, 4.868310160620417, 5.164009423887605, 3.20818183555733, 1.0107263279444145, 4.525115647140966, 4.35541293564686, 5.021044586537746, 5.5345493095644205, 5.05715319423883, 3.880327435925994, 3.6898608117380256, 3.6963690116112593, 4.2702138716930795, 3.0510442032196123, 5.901690364632832, 4.59542785059237, 5.029513105659433, 5.340247771405368, 5.124965827203143, 6.151213081173501], [3.672563318718957, 2.5312277613837915, 2.7810275888599163, 2.424057022844141, 3.518071821324858, 1.3662452708060877, 0.0, 1.2294343455426968, 1.5247926580358395, 2.5628009989072504, 3.2478157737162374, 3.015354136747457, 2.491589805726456, 3.060383049554418, 4.213938334859683, 5.190306027586428, 5.056628239251923, 3.777421841679852, 2.02541040038803, 3.484114056686434, 3.0036880963242503, 3.707061922870995, 4.206285470578525, 4.061057725519301, 3.2600234002227655, 2.775337098444079, 2.6982144040086955, 3.4442240127494617, 2.9893769467900833, 6.112425422039929, 5.0143520069895375, 5.561090164706917, 5.451171329173208, 4.787640004219198, 5.987848532653444], [4.737101402756753, 3.676952426942725, 3.9990407174721287, 3.4990431492052223, 4.456406151822341, 2.2376249216524204, 1.2294343455426968, 0.0, 2.43366186640626, 2.940842248404358, 3.077261836438362, 3.256850042602514, 3.165512983704221, 3.846132665418602, 5.124032601379503, 6.051994007763061, 6.048825838127594, 4.985907155172467, 2.413083392674194, 4.002694039019221, 2.4354795605793944, 3.6155316109806037, 3.971291733177002, 4.158389243445111, 3.791275292035649, 2.693628593551828, 2.9330569820581394, 4.107697654404472, 3.5733283784169627, 6.9105090210490285, 5.739954668810548, 6.538632035066662, 6.552761836813543, 5.751911360582671, 6.897605719378282], [2.4345892507772233, 1.5288354620429239, 2.4724208420089004, 2.8929469680586957, 4.116958716091284, 2.467843903086255, 1.5247926580358395, 2.43366186640626, 0.0, 1.5770395080656667, 2.636815596510306, 2.5879189245414937, 1.558173485206317, 2.609933669655227, 3.5892425858389676, 4.876615723019397, 4.0409937119475945, 3.3818177952101447, 3.37753031962705, 2.179019827812496, 2.935590647552891, 2.923640612318826, 3.5722233678760906, 3.534953812993884, 2.79639306607637, 2.9251707847577038, 2.1852958014877526, 2.183665931409839, 3.0826457370252585, 5.694375622489265, 5.0162672735810245, 5.259404712512624, 4.493073132055609, 3.533763554625578, 4.965480224510012], [2.8390173740222164, 2.509763299596199, 3.700190974801165, 4.208567562722499, 5.384277375841627, 3.7308821879014085, 2.5628009989072504, 2.940842248404358, 1.5770395080656667, 0.0, 1.5356311861902259, 1.5381025485968094, 2.5767639395179374, 3.9694876558568617, 4.912339472186343, 6.305129906671233, 5.083920844191026, 4.466582291864777, 4.5118177367885774, 1.0994216843413633, 2.1997604278648164, 2.188425996007176, 2.1736668972038933, 2.177237977346528, 2.191578209875249, 2.194612314282411, 2.842396455457964, 2.726959187446706, 4.483529543785789, 7.026111412438604, 6.504059394716503, 6.721747586751529, 5.58029737379649, 4.311821620846577, 5.907521894161714], [4.26957788428786, 3.908655050014007, 5.045880294854408, 5.370961575919157, 6.556309008886021, 4.596482618263665, 3.2478157737162374, 3.077261836438362, 2.636815596510306, 1.5356311861902259, 0.0, 2.5052897417264934, 3.023847049703407, 4.490373669306376, 5.579751990008158, 6.949932438520536, 5.87182727351546, 5.889305246801188, 5.214652510954109, 2.107528054380297, 1.0924731117972655, 1.093754716561259, 1.096257716050382, 2.7329792699543107, 3.4739974942420444, 2.7786185074601373, 2.7114186711019013, 3.1408046691890914, 4.851200332907311, 7.551546868026445, 7.043784997428585, 7.555287180511407, 6.567579651591597, 5.114683461368846, 6.526027271625517], [3.362659414808464, 3.089420817888039, 4.021340047795014, 4.370509466869967, 5.376476469770886, 3.965717969044193, 3.015354136747457, 3.256850042602514, 2.5879189245414937, 1.5381025485968094, 2.5052897417264934, 0.0, 3.9524643818761986, 5.1926041443576265, 6.117332217560201, 7.427000823347202, 6.292464412295075, 4.6708582980004865, 4.587480696417153, 2.1244638217677423, 2.834930406553219, 3.4685372637467804, 2.685389020235243, 1.0958111059849684, 1.0943220458347716, 1.094425474849704, 4.229005232912346, 4.205591746710563, 5.589956967634008, 8.250865753967883, 7.570996227710062, 7.702711099995897, 6.607795702804378, 5.543374364049392, 7.2043352295683745], [3.1620230691758087, 2.4847619322582997, 3.2942496520452123, 3.738913918506282, 4.917924840824634, 3.299316647428676, 2.491589805726456, 3.165512983704221, 1.558173485206317, 2.5767639395179374, 3.023847049703407, 3.9524643818761986, 0.0, 1.5115769414753588, 2.5675161323738553, 3.9307717995325038, 3.144957937715543, 4.13321333226341, 4.143032248245238, 2.8582370860374757, 3.360402365788954, 2.7186037261800404, 4.040952271433059, 4.748727363199534, 4.275184535198452, 4.303028046620194, 1.09831294720585, 1.0960088548912368, 2.198310198766316, 4.5609606904686215, 4.122024523216717, 4.56811227751683, 3.9068169319792805, 2.758288108591994, 3.8699110958780434], [3.8016120922577046, 3.0209040815623394, 3.256256516308259, 3.5235282431108734, 4.507900055458196, 3.291227529357398, 3.060383049554418, 3.846132665418602, 2.609933669655227, 3.9694876558568617, 4.490373669306376, 5.1926041443576265, 1.5115769414753588, 0.0, 1.3473830709935464, 2.4805095020983083, 2.536105695746926, 3.9899535736647365, 4.04237691711201, 4.241809553716433, 4.669532427342164, 4.154017211086155, 5.534263820057732, 6.092350585775575, 5.3334319626296915, 5.4412755085549565, 2.0900285309057387, 2.1519975511138485, 1.0914284310022346, 3.1961916291111208, 2.6128537195947272, 3.193444436654566, 3.2441337719027556, 2.724720488417115, 3.2324148527068735], [3.985799498218645, 3.4838064311898846, 3.5410750458017692, 4.038562598252007, 4.842099781086714, 4.205777570200308, 4.213938334859683, 5.124032601379503, 3.5892425858389676, 4.912339472186343, 5.579751990008158, 6.117332217560201, 2.5675161323738553, 1.3473830709935464, 0.0, 1.5075724228042908, 1.5049792490263778, 3.977497260841295, 4.977230898803069, 4.948535744035805, 5.898985547532729, 5.175258409973361, 6.561085017739062, 6.9876267573475905, 6.093116319257331, 6.497672412487413, 3.285008861479677, 2.7479936935881057, 2.0944000381970964, 2.1480629436773957, 2.174230599545504, 2.1477205800569124, 2.1428096952366067, 2.1843279424115787, 2.1433746196127266], [5.266414477611879, 4.698182061180686, 4.385515081492708, 4.609188764847888, 5.105724736019364, 4.868310160620417, 5.190306027586428, 6.051994007763061, 4.876615723019397, 6.305129906671233, 6.949932438520536, 7.427000823347202, 3.9307717995325038, 2.4805095020983083, 1.5075724228042908, 0.0, 2.526781235089417, 4.6812127520547495, 5.448418061235756, 6.418820958711966, 7.1456166773764185, 6.5499375050453725, 7.969881002875764, 8.357141550195259, 7.345152543684849, 7.701791513018253, 4.493373922788978, 4.228024764591617, 2.6469134269937875, 1.094959789216024, 1.0950840104759085, 1.0949585471605763, 2.7712475782578503, 3.4902124075763643, 2.7934810845967797], [3.5962231994135183, 3.5857675398720428, 3.878134672751837, 4.773793273697553, 5.584476144635233, 5.164009423887605, 5.056628239251923, 6.048825838127594, 4.0409937119475945, 5.083920844191026, 5.87182727351546, 6.292464412295075, 3.144957937715543, 2.536105695746926, 1.5049792490263778, 2.526781235089417, 0.0, 4.058353274420551, 6.054171290936523, 4.790591958203078, 6.4338892568958626, 5.4240392043199686, 6.707500175922473, 7.027791258994537, 6.1681725154214035, 6.895459658354909, 4.0117153413471405, 2.797719024491202, 3.5014411518687556, 2.7884161974138655, 3.4833720415712133, 2.7879197495623864, 1.095199255843429, 1.091767090546331, 1.0950070410732524], [2.4177238179742537, 2.0246851878748955, 1.0102559972601006, 2.0141168784358072, 2.4445831771490205, 3.20818183555733, 3.777421841679852, 4.985907155172467, 3.3818177952101447, 4.466582291864777, 5.889305246801188, 4.6708582980004865, 4.13321333226341, 3.9899535736647365, 3.977497260841295, 4.6812127520547495, 4.058353274420551, 0.0, 4.007953450328484, 4.551385957046491, 6.225432162508881, 6.1943411748143165, 6.63841569276887, 5.586456252401875, 3.9626019810220656, 5.060393806809901, 5.128715903615641, 4.474100899622179, 4.480139352743394, 5.6476571292882145, 5.046219075704106, 4.299356348338668, 3.6108399424510633, 3.999688300355417, 5.130986562056073], [4.9779660484981205, 3.771301983400428, 3.2069581693561267, 2.013433639333564, 2.440102049095488, 1.0107263279444145, 2.02541040038803, 2.413083392674194, 3.37753031962705, 4.5118177367885774, 5.214652510954109, 4.587480696417153, 4.143032248245238, 4.04237691711201, 4.977230898803069, 5.448418061235756, 6.054171290936523, 4.007953450328484, 0.0, 5.395623983377641, 4.786424865178602, 5.6862561822344935, 6.128123322029347, 5.650342754205271, 4.547907837676573, 4.095198796151416, 4.366294406015243, 5.167722612524786, 3.570322985389417, 6.4803334196629105, 4.998988211628429, 5.602424285075167, 6.223369721461196, 6.0840252382776985, 7.008666365293757], [2.447749956592789, 2.6128218423765524, 3.9547572782662654, 4.755921800240201, 5.919144024265671, 4.525115647140966, 3.484114056686434, 4.002694039019221, 2.179019827812496, 1.0994216843413633, 2.107528054380297, 2.1244638217677423, 2.8582370860374757, 4.241809553716433, 4.948535744035805, 6.418820958711966, 4.790591958203078, 4.551385957046491, 5.395623983377641, 0.0, 3.05020745196126, 2.4361911296119607, 2.4413124543982483, 2.4205327698669974, 2.5055843011162087, 3.057194892380922, 3.2970964817548185, 2.5793637219283365, 4.964734201344519, 7.050623173876192, 6.7912769410472436, 6.795032775491226, 5.259159147620463, 3.864404126123457, 5.547785699718402], [4.956249643631765, 4.361808677601529, 5.302980528910134, 5.351149410173481, 6.478034323774458, 4.35541293564686, 3.0036880963242503, 2.4354795605793944, 2.935590647552891, 2.1997604278648164, 1.0924731117972655, 2.834930406553219, 3.360402365788954, 4.669532427342164, 5.898985547532729, 7.1456166773764185, 6.4338892568958626, 6.225432162508881, 4.786424865178602, 3.05020745196126, 0.0, 1.7741186826139903, 1.7615178511726757, 3.179032901685668, 3.846238875837017, 2.6688134086143975, 2.8263712618833363, 3.7687636951658297, 4.783437501420918, 7.79300138072617, 7.070923467977856, 7.784512547359661, 7.136573621844028, 5.806223620392174, 7.110880438454862], [4.492260932982411, 4.191524543647573, 5.358190337231406, 5.765585301597748, 6.982162341280815, 5.021044586537746, 3.707061922870995, 3.6155316109806037, 2.923640612318826, 2.188425996007176, 1.093754716561259, 3.4685372637467804, 2.7186037261800404, 4.154017211086155, 5.175258409973361, 6.5499375050453725, 5.4240392043199686, 6.1943411748143165, 5.6862561822344935, 2.4361911296119607, 1.7741186826139903, 0.0, 1.7550770809283562, 3.7024607182251104, 4.3335564989971, 3.8206985369170385, 2.2402750389182127, 2.62726182364834, 4.579751278180945, 7.017548171548237, 6.690459555964747, 7.258503477990488, 6.248039194819444, 4.682129076606069, 5.929415584187028], [4.82896019552864, 4.66902934237942, 5.865231825767844, 6.2559504305900635, 7.4177254600045694, 5.5345493095644205, 4.206285470578525, 3.971291733177002, 3.5722233678760906, 2.1736668972038933, 1.096257716050382, 2.685389020235243, 4.040952271433059, 5.534263820057732, 6.561085017739062, 7.969881002875764, 6.707500175922473, 6.63841569276887, 6.128123322029347, 2.4413124543982483, 1.7615178511726757, 1.7550770809283562, 0.0, 2.4519829872982397, 3.701174955335129, 3.0300036221100464, 3.7593386878545543, 3.9897720298282704, 5.940272657883643, 8.543575301944731, 8.111025229278972, 8.55365271565312, 7.377527223941637, 5.855178645438582, 7.326645814422858], [4.022273837023034, 3.999898079951538, 5.0159625217898105, 5.445949013716525, 6.429737326672062, 5.05715319423883, 4.061057725519301, 4.158389243445111, 3.534953812993884, 2.177237977346528, 2.7329792699543107, 1.0958111059849684, 4.748727363199534, 6.092350585775575, 6.9876267573475905, 8.357141550195259, 7.027791258994537, 5.586456252401875, 5.650342754205271, 2.4205327698669974, 3.179032901685668, 3.7024607182251104, 2.4519829872982397, 0.0, 1.7631016022906905, 1.7652123781573705, 4.944219639134168, 4.826433059724335, 6.544158147538918, 9.126967682094639, 8.550562993160158, 8.65486419246426, 7.366126328675065, 6.177314835751858, 7.87810786039389], [2.874037863355318, 2.7273218456940502, 3.489742466142738, 3.9540363807127523, 4.843547126848257, 3.880327435925994, 3.2600234002227655, 3.791275292035649, 2.79639306607637, 2.191578209875249, 3.4739974942420444, 1.0943220458347716, 4.275184535198452, 5.3334319626296915, 6.093116319257331, 7.345152543684849, 6.1681725154214035, 3.9626019810220656, 4.547907837676573, 2.5055843011162087, 3.846238875837017, 4.3335564989971, 3.701174955335129, 1.7631016022906905, 0.0, 1.7726705446867443, 4.781067000158019, 4.510320975274376, 5.788467244443903, 8.220524409671198, 7.5534175616074615, 7.4657905817133665, 6.3023464352572685, 5.459110704134878, 7.14789794275212], [4.180258410672718, 3.6390835480928434, 4.325505803949406, 4.331986191113725, 5.253293621148545, 3.6898608117380256, 2.775337098444079, 2.693628593551828, 2.9251707847577038, 2.194612314282411, 2.7786185074601373, 1.094425474849704, 4.303028046620194, 5.4412755085549565, 6.497672412487413, 7.701791513018253, 6.895459658354909, 5.060393806809901, 4.095198796151416, 3.057194892380922, 2.6688134086143975, 3.8206985369170385, 3.0300036221100464, 1.7652123781573705, 1.7726705446867443, 0.0, 4.411027465341834, 4.777897418321159, 5.629880330877381, 8.575098476985557, 7.6920589207311725, 8.00226079617504, 7.230749477751252, 6.254261818951937, 7.8265841629666255], [4.152584113537015, 3.4461230752832956, 4.2256181015326035, 4.439143766538767, 5.600771083520554, 3.6963690116112593, 2.6982144040086955, 2.9330569820581394, 2.1852958014877526, 2.842396455457964, 2.7114186711019013, 4.229005232912346, 1.09831294720585, 2.0900285309057387, 3.285008861479677, 4.493373922788978, 4.0117153413471405, 5.128715903615641, 4.366294406015243, 3.2970964817548185, 2.8263712618833363, 2.2402750389182127, 3.7593386878545543, 4.944219639134168, 4.781067000158019, 4.411027465341834, 0.0, 1.74357451231658, 2.365686593782025, 5.022703020286985, 4.499168783230965, 5.278075993200552, 4.874539154627851, 3.6671074622923174, 4.5685261277571785], [3.008146655334477, 2.768113084756474, 3.79380358743043, 4.521347274872833, 5.6938485517266795, 4.2702138716930795, 3.4442240127494617, 4.107697654404472, 2.183665931409839, 2.726959187446706, 3.1408046691890914, 4.205591746710563, 1.0960088548912368, 2.1519975511138485, 2.7479936935881057, 4.228024764591617, 2.797719024491202, 4.474100899622179, 5.167722612524786, 2.5793637219283365, 3.7687636951658297, 2.62726182364834, 3.9897720298282704, 4.826433059724335, 4.510320975274376, 4.777897418321159, 1.74357451231658, 0.0, 3.0603204505410866, 4.682044223413529, 4.648669205267245, 4.849487184228864, 3.6459776864374804, 2.1265866688193076, 3.3863927090637316], [4.647635514968875, 3.686217265707489, 3.680712648387537, 3.534477435208774, 4.396643625539828, 3.0510442032196123, 2.9893769467900833, 3.5733283784169627, 3.0826457370252585, 4.483529543785789, 4.851200332907311, 5.589956967634008, 2.198310198766316, 1.0914284310022346, 2.0944000381970964, 2.6469134269937875, 3.5014411518687556, 4.480139352743394, 3.570322985389417, 4.964734201344519, 4.783437501420918, 4.579751278180945, 5.940272657883643, 6.544158147538918, 5.788467244443903, 5.629880330877381, 2.365686593782025, 3.0603204505410866, 0.0, 3.401902739644389, 2.3065644712428917, 3.4060161611478006, 4.126961171370527, 3.8054347557145163, 4.114103455189234], [6.015120930621429, 5.571488607185695, 5.387476605053613, 5.6878178179333405, 6.1971132134244575, 5.901690364632832, 6.112425422039929, 6.9105090210490285, 5.694375622489265, 7.026111412438604, 7.551546868026445, 8.250865753967883, 4.5609606904686215, 3.1961916291111208, 2.1480629436773957, 1.094959789216024, 2.7884161974138655, 5.6476571292882145, 6.4803334196629105, 7.050623173876192, 7.79300138072617, 7.017548171548237, 8.543575301944731, 9.126967682094639, 8.220524409671198, 8.575098476985557, 5.022703020286985, 4.682044223413529, 3.401902739644389, 0.0, 1.7681710239679869, 1.7782673477292439, 3.128695840122526, 3.8023868096236604, 2.60829678717741], [5.814567861844937, 5.0481704755287335, 4.6267169591406825, 4.530731305208906, 4.947150148317716, 4.59542785059237, 5.0143520069895375, 5.739954668810548, 5.0162672735810245, 6.504059394716503, 7.043784997428585, 7.570996227710062, 4.122024523216717, 2.6128537195947272, 2.174230599545504, 1.0950840104759085, 3.4833720415712133, 5.046219075704106, 4.998988211