{"total energy": -58.95690919, "HOMO-LUMO gap/eV": 3.926461, "electronic energy": -59.67116573, "dipole": [-0.33763862, 0.34797423, 1.55902114], "partial charges": [-0.09599306, -0.05627064, 0.00148763, -0.04320455, -0.03444671, -0.04265692, 0.0076306, -0.10418878, 0.04337874, -0.10564284, 0.04944309, -0.1143529, 0.07570067, -0.32652214, 0.04018961, 0.26582408, -0.41981301, 0.00666278, -0.17218441, 0.03741221, 0.03531789, 0.03888995, 0.04192596, 0.0386393, 0.03810661, 0.03698583, 0.0394771, 0.04622889, 0.04129185, 0.05811346, 0.0605236, 0.05172306, 0.06677852, 0.04178519, 0.03144359, 0.04720817, 0.05573687, 0.03172379, 0.03251986, 0.07144832, 0.08167874], "atomic dipole moments": [[0.02786968, 0.03246533, 0.10115364], [-0.02836278, 0.0582695, -0.09301687], [0.03614046, -0.0670105, -0.01328551], [0.01491786, -0.00378192, -0.00728831], [0.00072297, -0.00023123, 0.00136094], [0.02071507, -0.00735938, -0.01123287], [0.06364899, 0.02947463, -0.03697106], [-0.06136801, -0.0497243, 0.02262631], [0.14667805, -0.05920268, -0.08160988], [0.04415832, 0.03315296, 0.03922969], [-0.00769378, 0.0723635, -0.12507306], [-0.04405309, 0.11519171, 0.06371742], [-0.12099911, 0.09244508, 0.12939201], [0.25413559, -0.01868943, -0.12449686], [-0.15441401, -0.14652458, -0.0473917], [-0.02762943, 0.00425801, 0.00023832], [-0.16961059, 0.01803611, 0.08320565], [0.05749731, -0.10443495, -0.14617047], [0.12813819, 0.03405969, 0.08634815], [-0.00391922, -0.12565349, -0.00519709], [-0.11610048, 0.0427832, -0.0327204], [0.0797996, 0.03665263, -0.09248901], [0.10856208, -0.05192236, 0.03620605], [-0.07081608, -0.05717683, 0.08204414], [-0.11141028, -0.08451536, 0.05745155], [-0.11970438, 0.0564768, 0.07204544], [-0.02126102, 0.1485896, 0.02178566], [0.11234246, -0.04419201, -0.04915377], [-0.05123202, 0.07293621, -0.09172099], [0.04136822, 0.07478607, 0.10048933], [-0.04580296, -0.0317819, 0.11689513], [-0.09422211, -0.07999469, -0.03531792], [0.07707266, 0.0103287, -0.10781779], [0.07173286, -0.06463879, 0.08135962], [0.09205538, -0.05761195, 0.04999826], [0.04505485, 0.05952069, -0.10329974], [-0.03605917, 0.0868558, 0.08433244], [0.09254676, -0.06206408, 0.0473727], [0.02595159, 0.05747533, -0.10305524], [-0.12285838, -0.0283693, 0.04845146], [0.01214911, 0.13468452, -0.02407681]], "atomic quadrupole moments": [[-0.10075917, 0.03181959, -0.08262504, 0.08982714, 0.09561103, 0.18338421], [-0.14119506, -0.00402577, 0.07540163, 0.04673801, 0.12250851, 0.06579343], [-0.1564639, -0.05413662, -0.08777635, 0.34055153, -0.00899631, 0.24424025], [-0.09811232, -0.01761056, -0.21055978, 0.33184573, -0.02387781, 0.3086721], [-0.08002283, -0.0012252, -0.24809406, 0.34985138, -0.03131796, 0.32811689], [-0.05347518, 0.011258, -0.2616283, 0.31886793, -0.04428136, 0.31510348], [-0.02983325, 0.09789043, -0.26498222, 0.26448523, -0.09848794, 0.29481547], [0.02553385, 0.09725158, 0.04999202, -0.07682164, -0.05911647, -0.07552587], [0.09429199, -0.16530152, -0.3712629, 0.16848231, 0.03583554, 0.27697091], [0.05257941, -0.01429054, 0.00425129, -0.01326372, 0.00291856, -0.0568307], [0.0804531, -0.05663485, 0.05525391, 0.1454009, 0.01534068, -0.13570701], [-0.08332976, -0.10070748, 0.15384071, -0.0161945, 0.12494694, -0.07051094], [-0.08812527, 0.01905261, 0.14242736, -0.08449406, 0.37037805, -0.05430209], [0.03321883, 0.05465771, 0.02380902, -0.04151451, 0.12051609, -0.05702785], [0.15999072, 0.34697227, 0.05968584, 0.08856442, 0.10723879, -0.21967656], [-0.20348903, 0.14820962, 0.44052491, 0.06523431, 0.18541738, -0.23703588], [-0.07632272, 0.06828843, 0.16130082, -0.002082, 0.06221318, -0.0849781], [-0.15343027, -0.09578373, -0.17677422, 0.0672014, 0.24250264, 0.33020449], [-0.2825871, 0.01059057, -0.1255299, 0.0390315, 0.35726354, 0.408117], [-0.05381466, 0.00189945, 0.08014345, 0.00662143, -0.00499715, -0.02632879], [0.05588803, -0.04835459, -0.0280029, 0.01448132, 0.00039117, -0.02788512], [0.02001792, 0.03959102, -0.03066138, -0.04563685, -0.02636901, 0.01064346], [0.0657355, -0.01591797, -0.02776176, 0.00525797, 0.00723226, -0.03797373], [0.0101862, 0.02317657, -0.01461265, -0.04785779, -0.00065863, 0.00442645], [0.00067375, -0.0018896, 0.04583962, -0.04040956, 0.00555063, -0.04651337], [0.00659568, 0.00558705, 0.03897258, -0.04259303, 0.00102342, -0.04556826], [0.01322156, 0.01095855, 0.03025855, -0.04564532, -0.00203457, -0.04348011], [0.0262931, -0.05173505, 0.00615915, -0.03572022, 0.02326957, -0.03245225], [0.00153, -0.03115476, -0.00988903, 0.03627476, -0.05599374, 0.00835902], [-0.02816937, 0.02146708, -0.01113314, 0.00253707, 0.05557555, 0.03930251], [0.00750196, -0.00884508, -0.01977343, -0.02035747, -0.00617626, 0.01227147], [0.05447155, 0.04796144, -0.01073153, 0.01935207, 0.01929133, -0.04374002], [-0.01618604, 0.01884764, -0.01854227, -0.04892159, -0.02644616, 0.03472831], [-0.01358917, -0.03579004, -0.0190966, 0.05034464, -0.03047429, 0.03268577], [-0.00465204, -0.04150611, 0.01836723, 0.02627662, -0.0001534, -0.01371519], [-0.03909967, -0.00073085, -0.00604519, -0.00696344, -0.01392654, 0.04514486], [-0.01623734, -0.01810903, 0.00981821, -0.03120443, 0.05931289, 0.00641913], [0.03660802, -0.0291568, 0.00311, 0.03512742, -0.02314668, -0.03971802], [-0.02139231, 0.03091295, -0.02150796, -0.01328354, -0.04075495, 0.04290026], [0.02087745, 0.02369325, -0.03649843, -0.02769328, 0.0051632, 0.01562098], [-0.03649097, 0.01520174, 0.04158143, -0.0007727, -0.00741354, -0.00509046]], "number of molecular orbitals": 103, "number of electrons": 106, "number of unpaired electrons": 0, "orbital energies/eV": [-28.49679126, -19.04887366, -18.99957638, -18.13937867, -17.88743469, -17.73075049, -17.39202246, -17.28973635, -17.13744714, -16.93087043, -16.81879037, -16.51444672, -16.41025227, -16.2627337, -16.0236242, -15.81426696, -15.48686827, -15.4535604, -15.15788087, -15.10372112, -14.91311192, -14.86250753, -14.77500235, -14.33247289, -14.16631655, -14.16296185, -13.92048378, -13.80371285, -13.66794035, -13.63622686, -13.50563166, -13.42586929, -13.30649553, -13.26764996, -13.10905262, -13.04763657, -13.03618068, -12.741867, -12.68938448, -12.59175735, -12.51375027, -12.43226397, -12.23402427, -12.05046457, -11.90483401, -11.71554101, -11.44052208, -11.25152451, -11.14242367, -11.03777244, -10.84187924, -10.71890417, -10.58528006, -6.65881907, -6.36800882, -6.16463766, -4.13612318, -3.13604804, -1.24518272, -0.12570299, 0.49792416, 0.6341614, 0.8094315, 0.82024314, 1.5207762, 1.68177006, 2.06228758, 2.45919949, 2.69271589, 2.77466277, 3.1100968, 3.23458023, 3.29463206, 3.43700798, 3.65892718, 3.72559541, 4.05470891, 4.09904058, 4.37258709, 4.40605435, 4.56729713, 4.72395529, 4.92359748, 5.28064744, 5.29331969, 5.37409732, 5.38790288, 5.67202339, 5.84425991, 5.85568725, 6.14755271, 6.45064804, 6.75905783, 6.84086124, 7.66180813, 8.06843691, 9.70999194, 10.35333532, 11.4006168, 11.65354621, 14.8858505, 16.00023658, 16.34697587], "fractional occupation": [2.0, 2.0, 2.0, 2.0, 2.0, 2.0, 2.0, 2.0, 2.0, 2.0, 2.0, 2.0, 2.0, 2.0, 2.0, 2.0, 2.0, 2.0, 2.0, 2.0, 2.0, 2.0, 2.0, 2.0, 2.0, 2.0, 2.0, 2.0, 2.0, 2.0, 2.0, 2.0, 2.0, 2.0, 2.0, 2.0, 2.0, 2.0, 2.0, 2.0, 2.0, 2.0, 2.0, 2.0, 2.0, 2.0, 2.0, 2.0, 2.0, 2.0, 2.0, 2.0, 2.0, 0.0, 0.0, 0.0, 0.0, 0.0, 0.0, 0.0, 0.0, 0.0, 0.0, 0.0, 0.0, 0.0, 0.0, 0.0, 0.0, 0.0, 0.0, 0.0, 0.0, 0.0, 0.0, 0.0, 0.0, 0.0, 0.0, 0.0, 0.0, 0.0, 0.0, 0.0, 0.0, 0.0, 0.0, 0.0, 0.0, 0.0, 0.0, 0.0, 0.0, 0.0, 0.0, 0.0, 0.0, 0.0, 0.0, 0.0, 0.0, 0.0, 0.0], "program call": "xtb /home/svss/Project-DBcg-Debug/aqme2_20220329/End-to-End-workflows-final/example-3/QDESCP/mol_481_rdkit_conf_10/mol_481_rdkit_conf_10.xyz --pop --wbo --acc 0.2 --gfn 2 --chrg 0 --uhf 0 --etemp 300 --input /home/svss/Project-DBcg-Debug/aqme2_20220329/End-to-End-workflows-final/example-3/QDESCP/mol_481_rdkit_conf_10/mol_481_rdkit_conf_10_xtb.inp", "method": "GFN2-xTB", "xtb version": "6.3.3 (7355c4f)", "Dipole module/D": 4.15, "Total charge": 0, "Transition dipole module/D": NaN, "HOMO": -10.5853, "LUMO": -6.6588, "HOMO occupancy": 2.0, "LUMO occupancy": 0, "mulliken charges": [-0.07967, -0.03888, -0.01177, -0.04394, -0.02623, -0.04378, 0.00168, -0.08418, 0.10799, -0.28041, 0.12766, -0.10024, 0.18275, -0.47379, 0.17109, 0.45897, -0.54342, 0.03087, -0.1193, 0.03375, 0.02935, 0.03092, 0.03261, 0.0301, 0.03336, 0.03329, 0.03397, 0.04741, 0.03291, 0.04671, 0.04006, 0.03857, 0.05674, 0.02993, 0.01835, 0.04005, 0.03205, 0.01594, 0.01755, 0.03585, 0.0551], "cm5 charges": [-0.22854, -0.14371, -0.02007, -0.09715, -0.08164, -0.09696, -0.00833, -0.22648, 0.16221, -0.5177, 0.11753, -0.24317, 0.1057, -0.57976, 0.04809, 0.54784, -0.59157, -0.05939, -0.12576, 0.08465, 0.08106, 0.08571, 0.09136, 0.08563, 0.08964, 0.08872, 0.0902, 0.10822, 0.08527, 0.09983, 0.11297, 0.09349, 0.11439, 0.08173, 0.08265, 0.11, 0.09106, 0.07491, 0.07664, 0.09735, 0.11337], "FUKUI+": [0.011, 0.013, -0.044, -0.018, -0.045, -0.029, -0.028, 0.021, -0.037, -0.041, 0.009, 0.014, 0.009, 0.005, 0.009, -0.053, -0.121, 0.019, -0.099, -0.032, -0.015, -0.001, -0.027, -0.033, -0.057, -0.064, -0.059, -0.017, -0.032, -0.039, -0.019, -0.009, -0.01, -0.031, -0.028, -0.004, -0.012, -0.016, -0.006, -0.035, -0.049], "FUKUI-": [0.008, 0.009, -0.024, -0.019, -0.025, -0.018, -0.019, 0.017, -0.012, -0.042, 0.007, 0.015, 0.014, -0.058, 0.02, -0.008, -0.085, 0.018, -0.144, -0.028, -0.016, -0.001, -0.022, -0.03, -0.043, -0.045, -0.042, -0.009, -0.034, -0.032, -0.024, -0.016, -0.014, -0.027, -0.058, -0.035, -0.03, -0.04, -0.034, -0.033, -0.04], "FUKUIrad": [0.009, 0.011, -0.034, -0.018, -0.035, -0.024, -0.023, 0.019, -0.025, -0.041, 0.008, 0.014, 0.011, -0.026, 0.014, -0.03, -0.103, 0.018, -0.121, -0.03, -0.015, -0.001, -0.024, -0.031, -0.05, -0.055, -0.05, -0.013, -0.033, -0.035, -0.021, -0.013, -0.012, -0.029, -0.043, -0.019, -0.021, -0.028, -0.02, -0.034, -0.045], "s proportion": [1.008, 1.026, 1.096, 1.063, 1.059, 1.062, 1.093, 1.008, 1.053, 1.455, 1.042, 1.017, 1.006, 1.697, 0.972, 1.013, 1.733, 1.052, 1.949, 0.966, 0.971, 0.969, 0.967, 0.97, 0.967, 0.967, 0.966, 0.953, 0.967, 0.953, 0.96, 0.961, 0.943, 0.97, 0.982, 0.96, 0.968, 0.984, 0.982, 0.964, 0.945], "p proportion": [3.072, 3.013, 2.916, 2.981, 2.967, 2.981, 2.905, 3.076, 2.839, 3.826, 2.83, 3.083, 2.811, 4.777, 2.857, 2.528, 4.81, 2.917, 5.185, 0.0, 0.0, 0.0, 0.0, 0.0, 0.0, 0.0, 0.0, 0.0, 0.0, 0.0, 0.0, 0.0, 0.0, 0.0, 0.0, 0.0, 0.0, 0.0, 0.0, 0.0, 0.0], "d proportion": [0.0, 0.0, 0.0, 0.0, 0.0, 0.0, 0.0, 0.0, 0.0, 0.0, 0.0, 0.0, 0.0, 0.0, 0.0, 0.0, 0.0, 0.0, -0.015, 0.0, 0.0, 0.0, 0.0, 0.0, 0.0, 0.0, 0.0, 0.0, 0.0, 0.0, 0.0, 0.0, 0.0, 0.0, 0.0, 0.0, 0.0, 0.0, 0.0, 0.0, 0.0], "Fermi-level/eV": -8.622, "Coordination numbers": [3.75, 3.805, 2.959, 2.916, 2.906, 2.917, 2.957, 3.756, 2.902, 2.73, 3.784, 3.75, 3.699, 1.697, 3.648, 2.781, 0.857, 3.713, 0.921, 0.924, 0.924, 0.924, 0.924, 0.924, 0.925, 0.925, 0.925, 0.924, 0.924, 0.924, 0.923, 0.924, 0.924, 0.924, 0.924, 0.924, 0.924, 0.924, 0.924, 0.925, 0.924], "Dispersion coefficient C6": [22.397, 21.582, 27.992, 29.073, 28.857, 29.06, 27.848, 22.545, 27.026, 23.314, 19.763, 22.753, 19.472, 19.464, 20.216, 22.517, 22.081, 20.595, 104.541, 2.484, 2.512, 2.464, 2.423, 2.467, 2.474, 2.489, 2.456, 2.368, 2.432, 2.221, 2.193, 2.299, 2.121, 2.425, 2.566, 2.355, 2.25, 2.562, 2.551, 2.07, 1.962], "Total dispersion C6": 17217.498487, "Total dispersion C8": 411146.77365, "Polarizability alpha": [6.749, 6.614, 8.678, 8.842, 8.808, 8.84, 8.656, 6.77, 8.524, 7.171, 6.332, 6.803, 6.311, 5.957, 6.46, 7.772, 6.3, 6.485, 15.642, 2.465, 2.479, 2.455, 2.434, 2.456, 2.46, 2.467, 2.451, 2.406, 2.439, 2.331, 2.316, 2.371, 2.278, 2.435, 2.505, 2.4, 2.346, 2.503, 2.498, 2.25, 2.19], "Total polarizability alpha": 200.647905, "Wiberg matrix": [[0.0, 1.0047777429577505, 0.0, 0.0, 0.0, 0.0, 0.0, 0.0, 0.0, 0.0, 0.0, 0.0, 0.0, 0.0, 0.0, 0.0, 0.0, 0.0, 0.0, 0.9853947605915039, 0.987601560220247, 0.9856760217903763, 0.0, 0.0, 0.0, 0.0, 0.0, 0.0, 0.0, 0.0, 0.0, 0.0, 0.0, 0.0, 0.0, 0.0, 0.0, 0.0, 0.0, 0.0, 0.0], [1.0047777429577505, 0.0, 1.0108389813574015, 0.0, 0.0, 0.0, 0.0, 0.0, 0.0, 0.0, 0.0, 0.0, 0.0, 0.0, 0.0, 0.0, 0.0, 0.0, 0.0, 0.0, 0.0, 0.0, 0.9635987780786638, 0.9741245397416709, 0.0, 0.0, 0.0, 0.0, 0.0, 0.0, 0.0, 0.0, 0.0, 0.0, 0.0, 0.0, 0.0, 0.0, 0.0, 0.0, 0.0], [0.0, 1.0108389813574015, 0.0, 1.4138697221101855, 0.0, 0.10728110739273687, 0.0, 0.0, 1.3688096457021202, 0.0, 0.0, 0.0, 0.0, 0.0, 0.0, 0.0, 0.0, 0.0, 0.0, 0.0, 0.0, 0.0, 0.0, 0.0, 0.0, 0.0, 0.0, 0.0, 0.0, 0.0, 0.0, 0.0, 0.0, 0.0, 0.0, 0.0, 0.0, 0.0, 0.0, 0.0, 0.0], [0.0, 0.0, 1.4138697221101855, 0.0, 1.4368317183643846, 0.0, 0.1054534288979645, 0.0, 0.0, 0.0, 0.0, 0.0, 0.0, 0.0, 0.0, 0.0, 0.0, 0.0, 0.0, 0.0, 0.0, 0.0, 0.0, 0.0, 0.9681575916790904, 0.0, 0.0, 0.0, 0.0, 0.0, 0.0, 0.0, 0.0, 0.0, 0.0, 0.0, 0.0, 0.0, 0.0, 0.0, 0.0], [0.0, 0.0, 0.0, 1.4368317183643846, 0.0, 1.4470694170704546, 0.0, 0.0, 0.0, 0.0, 0.0, 0.0, 0.0, 0.0, 0.0, 0.0, 0.0, 0.0, 0.0, 0.0, 0.0, 0.0, 0.0, 0.0, 0.0, 0.9700266183492245, 0.0, 0.0, 0.0, 0.0, 0.0, 0.0, 0.0, 0.0, 0.0, 0.0, 0.0, 0.0, 0.0, 0.0, 0.0], [0.0, 0.0, 0.10728110739273687, 0.0, 1.4470694170704546, 0.0, 1.404959237713794, 0.0, 0.0, 0.0, 0.0, 0.0, 0.0, 0.0, 0.0, 0.0, 0.0, 0.0, 0.0, 0.0, 0.0, 0.0, 0.0, 0.0, 0.0, 0.0, 0.9690501301412658, 0.0, 0.0, 0.0, 0.0, 0.0, 0.0, 0.0, 0.0, 0.0, 0.0, 0.0, 0.0, 0.0, 0.0], [0.0, 0.0, 0.0, 0.1054534288979645, 0.0, 1.404959237713794, 0.0, 1.0266988999827695, 1.3717953907921792, 0.0, 0.0, 0.0, 0.0, 0.0, 0.0, 0.0, 0.0, 0.0, 0.0, 0.0, 0.0, 0.0, 0.0, 0.0, 0.0, 0.0, 0.0, 0.0, 0.0, 0.0, 0.0, 0.0, 0.0, 0.0, 0.0, 0.0, 0.0, 0.0, 0.0, 0.0, 0.0], [0.0, 0.0, 0.0, 0.0, 0.0, 0.0, 1.0266988999827695, 0.0, 0.0, 0.0, 0.0, 0.0, 0.0, 0.0, 0.0, 0.0, 0.0, 0.0, 0.0, 0.0, 0.0, 0.0, 0.0, 0.0, 0.0, 0.0, 0.0, 0.9811388365057564, 0.9702427105781212, 0.9713893255752943, 0.0, 0.0, 0.0, 0.0, 0.0, 0.0, 0.0, 0.0, 0.0, 0.0, 0.0], [0.0, 0.0, 1.3688096457021202, 0.0, 0.0, 0.0, 1.3717953907921792, 0.0, 0.0, 1.0005423563207032, 0.0, 0.0, 0.0, 0.0, 0.0, 0.0, 0.0, 0.0, 0.0, 0.0, 0.0, 0.0, 0.0, 0.0, 0.0, 0.0, 0.0, 0.0, 0.0, 0.0, 0.0, 0.0, 0.0, 0.0, 0.0, 0.0, 0.0, 0.0, 0.0, 0.0, 0.0], [0.0, 0.0, 0.0, 0.0, 0.0, 0.0, 0.0, 0.0, 1.0005423563207032, 0.0, 0.953807321585468, 0.0, 0.0, 0.0, 0.0, 1.2087900964786316, 0.19165639499579923, 0.0, 0.0, 0.0, 0.0, 0.0, 0.0, 0.0, 0.0, 0.0, 0.0, 0.0, 0.0, 0.0, 0.0, 0.0, 0.0, 0.0, 0.0, 0.0, 0.0, 0.0, 0.0, 0.0, 0.0], [0.0, 0.0, 0.0, 0.0, 0.0, 0.0, 0.0, 0.0, 0.0, 0.953807321585468, 0.0, 1.0024445609429433, 0.9824060350021616, 0.0, 0.0, 0.0, 0.0, 0.0, 0.0, 0.0, 0.0, 0.0, 0.0, 0.0, 0.0, 0.0, 0.0, 0.0, 0.0, 0.0, 0.9607886137850469, 0.0, 0.0, 0.0, 0.0, 0.0, 0.0, 0.0, 0.0, 0.0, 0.0], [0.0, 0.0, 0.0, 0.0, 0.0, 0.0, 0.0, 0.0, 0.0, 0.0, 1.0024445609429433, 0.0, 0.0, 0.0, 0.0, 0.0, 0.0, 0.0, 0.0, 0.0, 0.0, 0.0, 0.0, 0.0, 0.0, 0.0, 0.0, 0.0, 0.0, 0.0, 0.0, 0.9813564476554414, 0.9823875992953142, 0.9839550108381211, 0.0, 0.0, 0.0, 0.0, 0.0, 0.0, 0.0], [0.0, 0.0, 0.0, 0.0, 0.0, 0.0, 0.0, 0.0, 0.0, 0.0, 0.9824060350021616, 0.0, 0.0, 0.9761516204188148, 0.0, 0.0, 0.0, 0.0, 0.0, 0.0, 0.0, 0.0, 0.0, 0.0, 0.0, 0.0, 0.0, 0.0, 0.0, 0.0, 0.0, 0.0, 0.0, 0.0, 0.9662175569612608, 0.9662147994371785, 0.0, 0.0, 0.0, 0.0, 0.0], [0.0, 0.0, 0.0, 0.0, 0.0, 0.0, 0.0, 0.0, 0.0, 0.0, 0.0, 0.0, 0.9761516204188148, 0.0, 0.9943660834023558, 0.0, 0.0, 0.0, 0.0, 0.0, 0.0, 0.0, 0.0, 0.0, 0.0, 0.0, 0.0, 0.0, 0.0, 0.0, 0.0, 0.0, 0.0, 0.0, 0.0, 0.0, 0.0, 0.0, 0.0, 0.0, 0.0], [0.0, 0.0, 0.0, 0.0, 0.0, 0.0, 0.0, 0.0, 0.0, 0.0, 0.0, 0.0, 0.0, 0.9943660834023558, 0.0, 0.0, 0.0, 0.0, 0.0, 0.0, 0.0, 0.0, 0.0, 0.0, 0.0, 0.0, 0.0, 0.0, 0.0, 0.0, 0.0, 0.0, 0.0, 0.0, 0.0, 0.0, 0.9804323406621407, 0.9784341205087209, 0.9783014156581981, 0.0, 0.0], [0.0, 0.0, 0.0, 0.0, 0.0, 0.0, 0.0, 0.0, 0.0, 1.2087900964786316, 0.0, 0.0, 0.0, 0.0, 0.0, 0.0, 1.6959927322832518, 0.9691988705024339, 0.0, 0.0, 0.0, 0.0, 0.0, 0.0, 0.0, 0.0, 0.0, 0.0, 0.0, 0.0, 0.0, 0.0, 0.0, 0.0, 0.0, 0.0, 0.0, 0.0, 0.0, 0.0, 0.0], [0.0, 0.0, 0.0, 0.0, 0.0, 0.0, 0.0, 0.0, 0.0, 0.19165639499579923, 0.0, 0.0, 0.0, 0.0, 0.0, 1.6959927322832518, 0.0, 0.0, 0.0, 0.0, 0.0, 0.0, 0.0, 0.0, 0.0, 0.0, 0.0, 0.0, 0.0, 0.0, 0.0, 0.0, 0.0, 0.0, 0.0, 0.0, 0.0, 0.0, 0.0, 0.0, 0.0], [0.0, 0.0, 0.0, 0.0, 0.0, 0.0, 0.0, 0.0, 0.0, 0.0, 0.0, 0.0, 0.0, 0.0, 0.0, 0.9691988705024339, 0.0, 0.0, 0.9589813095943714, 0.0, 0.0, 0.0, 0.0, 0.0, 0.0, 0.0, 0.0, 0.0, 0.0, 0.0, 0.0, 0.0, 0.0, 0.0, 0.0, 0.0, 0.0, 0.0, 0.0, 0.9736177753281118, 0.9602864377222491], [0.0, 0.0, 0.0, 0.0, 0.0, 0.0, 0.0, 0.0, 0.0, 0.0, 0.0, 0.0, 0.0, 0.0, 0.0, 0.0, 0.0, 0.9589813095943714, 0.0, 0.0, 0.0, 0.0, 0.0, 0.0, 0.0, 0.0, 0.0, 0.0, 0.0, 0.0, 0.0, 0.0, 0.0, 0.0, 0.0, 0.0, 0.0, 0.0, 0.0, 0.0, 0.0], [0.9853947605915039, 0.0, 0.0, 0.0, 0.0, 0.0, 0.0, 0.0, 0.0, 0.0, 0.0, 0.0, 0.0, 0.0, 0.0, 0.0, 0.0, 0.0, 0.0, 0.0, 0.0, 0.0, 0.0, 0.0, 0.0, 0.0, 0.0, 0.0, 0.0, 0.0, 0.0, 0.0, 0.0, 0.0, 0.0, 0.0, 0.0, 0.0, 0.0, 0.0, 0.0], [0.987601560220247, 0.0, 0.0, 0.0, 0.0, 0.0, 0.0, 0.0, 0.0, 0.0, 0.0, 0.0, 0.0, 0.0, 0.0, 0.0, 0.0, 0.0, 0.0, 0.0, 0.0, 0.0, 0.0, 0.0, 0.0, 0.0, 0.0, 0.0, 0.0, 0.0, 0.0, 0.0, 0.0, 0.0, 0.0, 0.0, 0.0, 0.0, 0.0, 0.0, 0.0], [0.9856760217903763, 0.0, 0.0, 0.0, 0.0, 0.0, 0.0, 0.0, 0.0, 0.0, 0.0, 0.0, 0.0, 0.0, 0.0, 0.0, 0.0, 0.0, 0.0, 0.0, 0.0, 0.0, 0.0, 0.0, 0.0, 0.0, 0.0, 0.0, 0.0, 0.0, 0.0, 0.0, 0.0, 0.0, 0.0, 0.0, 0.0, 0.0, 0.0, 0.0, 0.0], [0.0, 0.9635987780786638, 0.0, 0.0, 0.0, 0.0, 0.0, 0.0, 0.0, 0.0, 0.0, 0.0, 0.0, 0.0, 0.0, 0.0, 0.0, 0.0, 0.0, 0.0, 0.0, 0.0, 0.0, 0.0, 0.0, 0.0, 0.0, 0.0, 0.0, 0.0, 0.0, 0.0, 0.0, 0.0, 0.0, 0.0, 0.0, 0.0, 0.0, 0.0, 0.0], [0.0, 0.9741245397416709, 0.0, 0.0, 0.0, 0.0, 0.0, 0.0, 0.0, 0.0, 0.0, 0.0, 0.0, 0.0, 0.0, 0.0, 0.0, 0.0, 0.0, 0.0, 0.0, 0.0, 0.0, 0.0, 0.0, 0.0, 0.0, 0.0, 0.0, 0.0, 0.0, 0.0, 0.0, 0.0, 0.0, 0.0, 0.0, 0.0, 0.0, 0.0, 0.0], [0.0, 0.0, 0.0, 0.9681575916790904, 0.0, 0.0, 0.0, 0.0, 0.0, 0.0, 0.0, 0.0, 0.0, 0.0, 0.0, 0.0, 0.0, 0.0, 0.0, 0.0, 0.0, 0.0, 0.0, 0.0, 0.0, 0.0, 0.0, 0.0, 0.0, 0.0, 0.0, 0.0, 0.0, 0.0, 0.0, 0.0, 0.0, 0.0, 0.0, 0.0, 0.0], [0.0, 0.0, 0.0, 0.0, 0.9700266183492245, 0.0, 0.0, 0.0, 0.0, 0.0, 0.0, 0.0, 0.0, 0.0, 0.0, 0.0, 0.0, 0.0, 0.0, 0.0, 0.0, 0.0, 0.0, 0.0, 0.0, 0.0, 0.0, 0.0, 0.0, 0.0, 0.0, 0.0, 0.0, 0.0, 0.0, 0.0, 0.0, 0.0, 0.0, 0.0, 0.0], [0.0, 0.0, 0.0, 0.0, 0.0, 0.9690501301412658, 0.0, 0.0, 0.0, 0.0, 0.0, 0.0, 0.0, 0.0, 0.0, 0.0, 0.0, 0.0, 0.0, 0.0, 0.0, 0.0, 0.0, 0.0, 0.0, 0.0, 0.0, 0.0, 0.0, 0.0, 0.0, 0.0, 0.0, 0.0, 0.0, 0.0, 0.0, 0.0, 0.0, 0.0, 0.0], [0.0, 0.0, 0.0, 0.0, 0.0, 0.0, 0.0, 0.9811388365057564, 0.0, 0.0, 0.0, 0.0, 0.0, 0.0, 0.0, 0.0, 0.0, 0.0, 0.0, 0.0, 0.0, 0.0, 0.0, 0.0, 0.0, 0.0, 0.0, 0.0, 0.0, 0.0, 0.0, 0.0, 0.0, 0.0, 0.0, 0.0, 0.0, 0.0, 0.0, 0.0, 0.0], [0.0, 0.0, 0.0, 0.0, 0.0, 0.0, 0.0, 0.9702427105781212, 0.0, 0.0, 0.0, 0.0, 0.0, 0.0, 0.0, 0.0, 0.0, 0.0, 0.0, 0.0, 0.0, 0.0, 0.0, 0.0, 0.0, 0.0, 0.0, 0.0, 0.0, 0.0, 0.0, 0.0, 0.0, 0.0, 0.0, 0.0, 0.0, 0.0, 0.0, 0.0, 0.0], [0.0, 0.0, 0.0, 0.0, 0.0, 0.0, 0.0, 0.9713893255752943, 0.0, 0.0, 0.0, 0.0, 0.0, 0.0, 0.0, 0.0, 0.0, 0.0, 0.0, 0.0, 0.0, 0.0, 0.0, 0.0, 0.0, 0.0, 0.0, 0.0, 0.0, 0.0, 0.0, 0.0, 0.0, 0.0, 0.0, 0.0, 0.0, 0.0, 0.0, 0.0, 0.0], [0.0, 0.0, 0.0, 0.0, 0.0, 0.0, 0.0, 0.0, 0.0, 0.0, 0.9607886137850469, 0.0, 0.0, 0.0, 0.0, 0.0, 0.0, 0.0, 0.0, 0.0, 0.0, 0.0, 0.0, 0.0, 0.0, 0.0, 0.0, 0.0, 0.0, 0.0, 0.0, 0.0, 0.0, 0.0, 0.0, 0.0, 0.0, 0.0, 0.0, 0.0, 0.0], [0.0, 0.0, 0.0, 0.0, 0.0, 0.0, 0.0, 0.0, 0.0, 0.0, 0.0, 0.9813564476554414, 0.0, 0.0, 0.0, 0.0, 0.0, 0.0, 0.0, 0.0, 0.0, 0.0, 0.0, 0.0, 0.0, 0.0, 0.0, 0.0, 0.0, 0.0, 0.0, 0.0, 0.0, 0.0, 0.0, 0.0, 0.0, 0.0, 0.0, 0.0, 0.0], [0.0, 0.0, 0.0, 0.0, 0.0, 0.0, 0.0, 0.0, 0.0, 0.0, 0.0, 0.9823875992953142, 0.0, 0.0, 0.0, 0.0, 0.0, 0.0, 0.0, 0.0, 0.0, 0.0, 0.0, 0.0, 0.0, 0.0, 0.0, 0.0, 0.0, 0.0, 0.0, 0.0, 0.0, 0.0, 0.0, 0.0, 0.0, 0.0, 0.0, 0.0, 0.0], [0.0, 0.0, 0.0, 0.0, 0.0, 0.0, 0.0, 0.0, 0.0, 0.0, 0.0, 0.9839550108381211, 0.0, 0.0, 0.0, 0.0, 0.0, 0.0, 0.0, 0.0, 0.0, 0.0, 0.0, 0.0, 0.0, 0.0, 0.0, 0.0, 0.0, 0.0, 0.0, 0.0, 0.0, 0.0, 0.0, 0.0, 0.0, 0.0, 0.0, 0.0, 0.0], [0.0, 0.0, 0.0, 0.0, 0.0, 0.0, 0.0, 0.0, 0.0, 0.0, 0.0, 0.0, 0.9662175569612608, 0.0, 0.0, 0.0, 0.0, 0.0, 0.0, 0.0, 0.0, 0.0, 0.0, 0.0, 0.0, 0.0, 0.0, 0.0, 0.0, 0.0, 0.0, 0.0, 0.0, 0.0, 0.0, 0.0, 0.0, 0.0, 0.0, 0.0, 0.0], [0.0, 0.0, 0.0, 0.0, 0.0, 0.0, 0.0, 0.0, 0.0, 0.0, 0.0, 0.0, 0.9662147994371785, 0.0, 0.0, 0.0, 0.0, 0.0, 0.0, 0.0, 0.0, 0.0, 0.0, 0.0, 0.0, 0.0, 0.0, 0.0, 0.0, 0.0, 0.0, 0.0, 0.0, 0.0, 0.0, 0.0, 0.0, 0.0, 0.0, 0.0, 0.0], [0.0, 0.0, 0.0, 0.0, 0.0, 0.0, 0.0, 0.0, 0.0, 0.0, 0.0, 0.0, 0.0, 0.0, 0.9804323406621407, 0.0, 0.0, 0.0, 0.0, 0.0, 0.0, 0.0, 0.0, 0.0, 0.0, 0.0, 0.0, 0.0, 0.0, 0.0, 0.0, 0.0, 0.0, 0.0, 0.0, 0.0, 0.0, 0.0, 0.0, 0.0, 0.0], [0.0, 0.0, 0.0, 0.0, 0.0, 0.0, 0.0, 0.0, 0.0, 0.0, 0.0, 0.0, 0.0, 0.0, 0.9784341205087209, 0.0, 0.0, 0.0, 0.0, 0.0, 0.0, 0.0, 0.0, 0.0, 0.0, 0.0, 0.0, 0.0, 0.0, 0.0, 0.0, 0.0, 0.0, 0.0, 0.0, 0.0, 0.0, 0.0, 0.0, 0.0, 0.0], [0.0, 0.0, 0.0, 0.0, 0.0, 0.0, 0.0, 0.0, 0.0, 0.0, 0.0, 0.0, 0.0, 0.0, 0.9783014156581981, 0.0, 0.0, 0.0, 0.0, 0.0, 0.0, 0.0, 0.0, 0.0, 0.0, 0.0, 0.0, 0.0, 0.0, 0.0, 0.0, 0.0, 0.0, 0.0, 0.0, 0.0, 0.0, 0.0, 0.0, 0.0, 0.0], [0.0, 0.0, 0.0, 0.0, 0.0, 0.0, 0.0, 0.0, 0.0, 0.0, 0.0, 0.0, 0.0, 0.0, 0.0, 0.0, 0.0, 0.9736177753281118, 0.0, 0.0, 0.0, 0.0, 0.0, 0.0, 0.0, 0.0, 0.0, 0.0, 0.0, 0.0, 0.0, 0.0, 0.0, 0.0, 0.0, 0.0, 0.0, 0.0, 0.0, 0.0, 0.0], [0.0, 0.0, 0.0, 0.0, 0.0, 0.0, 0.0, 0.0, 0.0, 0.0, 0.0, 0.0, 0.0, 0.0, 0.0, 0.0, 0.0, 0.9602864377222491, 0.0, 0.0, 0.0, 0.0, 0.0, 0.0, 0.0, 0.0, 0.0, 0.0, 0.0, 0.0, 0.0, 0.0, 0.0, 0.0, 0.0, 0.0, 0.0, 0.0, 0.0, 0.0, 0.0]], "Born radii": [], "Atomic SASAs": [], "Solvent H bonds": [], "Total SASA": NaN, "Total FOD": 0.0, "FOD": [0.0, 0.0, 0.0, 0.0, 0.0, 0.0, 0.0, 0.0, 0.0, 0.0, 0.0, 0.0, 0.0, 0.0, 0.0, 0.0, 0.0, 0.0, 0.0, 0.0, 0.0, 0.0, 0.0, 0.0, 0.0, 0.0, 0.0, 0.0, 0.0, 0.0, 0.0, 0.0, 0.0, 0.0, 0.0, 0.0, 0.0, 0.0, 0.0, 0.0, 0.0], "FOD s proportion": [0.0, 0.0, 0.0, 0.0, 0.0, 0.0, 0.0, 0.0, 0.0, 0.0, 0.0, 0.0, 0.0, 0.0, 0.0, 0.0, 0.0, 0.0, 0.0, 0.0, 0.0, 0.0, 0.0, 0.0, 0.0, 0.0, 0.0, 0.0, 0.0, 0.0, 0.0, 0.0, 0.0, 0.0, 0.0, 0.0, 0.0, 0.0, 0.0, 0.0, 0.0], "FOD p proportion": [0.0, 0.0, 0.0, 0.0, 0.0, 0.0, 0.0, 0.0, 0.0, 0.0, 0.0, 0.0, 0.0, 0.0, 0.0, 0.0, 0.0, 0.0, 0.0, 0.0, 0.0, 0.0, 0.0, 0.0, 0.0, 0.0, 0.0, 0.0, 0.0, 0.0, 0.0, 0.0, 0.0, 0.0, 0.0, 0.0, 0.0, 0.0, 0.0, 0.0, 0.0], "FOD d proportion": [0.0, 0.0, 0.0, 0.0, 0.0, 0.0, 0.0, 0.0, 0.0, 0.0, 0.0, 0.0, 0.0, 0.0, 0.0, 0.0, 0.0, 0.0, 0.0, 0.0, 0.0, 0.0, 0.0, 0.0, 0.0, 0.0, 0.0, 0.0, 0.0, 0.0, 0.0, 0.0, 0.0, 0.0, 0.0, 0.0, 0.0, 0.0, 0.0, 0.0, 0.0], "coordinates": [["-2.19270", "-2.62130", "-0.83870"], ["-1.76750", "-2.16680", "0.54950"], ["-1.79440", "-0.66120", "0.70870"], ["-2.90780", "-0.11070", "1.37070"], ["-3.05150", "1.26430", "1.51430"], ["-2.08220", "2.11600", "0.99950"], ["-0.95210", "1.61010", "0.33330"], ["0.04970", "2.63060", "-0.14110"], ["-0.80860", "0.20900", "0.17890"], ["0.30500", "-0.33490", "-0.53510"], ["1.38400", "-0.94670", "0.29420"], ["1.86380", "-2.28040", "-0.29770"], ["2.59410", "-0.01380", "0.53040"], ["2.24810", "1.00270", "1.47930"], ["3.33230", "1.89240", "1.71070"], ["0.53750", "-0.02680", "-1.88290"], ["1.64630", "-0.17600", "-2.40480"], ["-0.64970", "0.48700", "-2.69580"], ["-0.68640", "-0.31890", "-4.28520"], ["-2.22770", "-3.71460", "-0.88170"], ["-3.18690", "-2.23950", "-1.09400"], ["-1.49400", "-2.28210", "-1.60810"], ["-0.78150", "-2.56410", "0.79910"], ["-2.44180", "-2.62480", "1.28490"], ["-3.68320", "-0.75960", "1.77420"], ["-3.91730", "1.67140", "2.03010"], ["-2.20250", "3.19010", "1.13080"], ["0.95720", "2.19370", "-0.55880"], ["-0.40180", "3.26090", "-0.91460"], ["0.35830", "3.26670", "0.69590"], ["0.95160", "-1.16860", "1.27870"], ["1.02300", "-2.92410", "-0.57230"], ["2.47820", "-2.14000", "-1.19210"], ["2.47570", "-2.82050", "0.43300"], ["3.42590", "-0.59260", "0.95000"], ["2.93570", "0.45540", "-0.39730"], ["3.01330", "2.63970", "2.44210"], ["4.19300", "1.35150", "2.11540"], ["3.60970", "2.40630", "0.78530"], ["-1.61260", "0.27880", "-2.22960"], ["-0.54020", "1.56160", "-2.85950"]], "bond_dist": [[0.0, 1.5213364289334559, 2.528849869011603, 3.4199311001831605, 4.622989703644169, 5.082637187523815, 4.562610910432754, 5.753038947373814, 3.310867055621533, 3.3997504629016526, 4.108592272299601, 4.106590563959353, 5.62022644561587, 6.18281526814444, 7.5761832772181545, 3.908423714235702, 4.813531167448695, 3.935885961254467, 4.410028083810804, 1.0947049328472032, 1.0951634444227951, 1.0932587479640856, 2.162671061442308, 2.138162767424407, 3.5376211710696213, 5.44348527048618, 6.136073357612343, 5.760593634340128, 6.149256903073736, 6.59781343779892, 4.059598815154029, 3.240892360137868, 4.708911557886811, 4.8426088103417975, 6.235682588137404, 5.996782754944521, 8.095937601044119, 8.080037817980804, 7.847418908150629, 3.268286834107435, 4.93062281055852], [1.5213364289334559, 0.0, 1.5142323500704902, 2.4904217996154787, 3.788395735664372, 4.317859646862089, 3.8699603628461103, 5.176310554825705, 2.5886790473135135, 2.9711060263814217, 3.389066884851935, 3.7305485508166223, 4.864085563597746, 5.199548215951074, 6.6206835085208535, 3.9760778111098376, 4.9340858900104285, 4.33867530128725, 5.287516970185533, 2.1577308265861155, 2.172803235454145, 2.177919672531565, 1.0919448017184752, 1.097842270091656, 2.673949965874455, 4.641723348068043, 5.405877569830822, 5.259874450022548, 5.78520981382698, 5.836384227413408, 2.986911563806334, 3.1014236698651794, 4.589102013466252, 4.294839016773504, 5.44149882385359, 5.467399136701107, 7.038495979255796, 7.096339757226961, 7.062798672622631, 3.705178832391225, 5.198895349014057], [2.528849869011603, 1.5142323500704902, 0.0, 1.4074636087657826, 2.4365635678143103, 2.8071753276202753, 2.4513665862126786, 3.8676623547047124, 1.417652185834029, 2.461907896327562, 3.2180035829687945, 4.125175976852382, 4.439577671355689, 4.438940619111727, 5.814458689336437, 3.5435309410247853, 4.665588685257199, 3.7708515722579166, 5.126779739758672, 3.4699240063724734, 2.7712478110049994, 2.8434344040262296, 2.15758359745341, 2.1463592802697313, 2.1708381445883984, 3.4196235362975265, 3.895795901994867, 4.1627290111175865, 4.467360077271587, 4.479138258638597, 2.850065044871783, 3.8339822860832315, 4.904589772855626, 4.792947004714322, 5.226324113562035, 4.984363306381267, 6.083962167863966, 6.471377360346095, 6.214476697196635, 3.0903491922434916, 4.3870159242929585], [3.4199311001831605, 2.4904217996154787, 1.4074636087657826, 0.0, 1.3899264908620168, 2.403663389495293, 2.8039461282271456, 4.306631070802327, 2.435002252565693, 3.742248404368689, 4.503031810902518, 5.500847499249547, 5.566542671173913, 5.275865647455401, 6.56253439000513, 4.739519412345517, 5.915952260625503, 4.689635716129772, 6.0800633228610375, 4.303944351406044, 3.268704994336442, 3.948044812308999, 3.2965208644872854, 2.5583620638994784, 1.08863612837348, 2.1516921294646223, 3.383826346017183, 4.896065217090149, 4.782292196217207, 4.746535053067658, 4.002822100718442, 5.209765560944176, 6.3003966803686255, 6.099538472704308, 6.365922697457141, 6.131295577608374, 6.616042875465666, 7.287933010806287, 7.011118912841231, 3.845960657625088, 5.1280316974449365], [4.622989703644169, 3.788395735664372, 2.4365635678143103, 1.3899264908620168, 0.0, 1.3892279942471646, 2.4334787856071403, 3.7715469359402114, 2.815590818993413, 4.24541791229085, 5.104000907131581, 6.325220642791839, 5.871490286119871, 5.306168082524337, 6.417630794148258, 5.107722393591883, 6.285151847012131, 4.908949026013613, 6.4602183012650585, 5.5864933231858425, 4.370146049046873, 4.975152356461056, 4.507888374838045, 3.9432800128826764, 2.1360627589094854, 1.0869175175697556, 2.1392940167260788, 4.6077330282905935, 4.111797278563231, 4.038083748512405, 4.69034320492648, 6.204687290266931, 7.035015390175063, 6.957351548542016, 6.761894916367748, 6.336805000155835, 6.287633659811933, 7.269917833098252, 6.797587104259864, 4.13018530698079, 5.052241227415809], [5.082637187523815, 4.317859646862089, 2.8071753276202753, 2.403663389495293, 1.3892279942471646, 0.0, 1.4060168064429386, 2.471999014967441, 2.4355882903315167, 3.7497508997265405, 4.6789017749895105, 6.048303629944515, 5.159833770578273, 4.4967925257899095, 5.465584383211003, 4.445520182160913, 5.544748392848859, 4.2849666673149285, 5.983732091262108, 6.1282934043663415, 4.957164975063873, 5.146731060585933, 4.861616671437599, 4.762977006033097, 3.3811886149695938, 2.151138658943212, 1.0887619528620571, 3.4164731141924705, 2.7925470416807663, 2.715202331318975, 4.480010294631029, 6.1249841052855, 6.6116484117049055, 6.74272993008025, 6.138251365006162, 5.466988477214855, 5.32160471098709, 6.4193323718280855, 5.703321956544274, 3.7447182550894267, 4.192493811563709], [4.562610910432754, 3.8699603628461103, 2.4513665862126786, 2.8039461282271456, 2.4334787856071403, 1.4060168064429386, 0.0, 1.506678084396265, 1.4168672556030082, 2.4733467144741352, 3.46354128891226, 4.8439079326510734, 3.9053084462049856, 3.4530465968474853, 4.509213613258968, 3.1320747452766833, 4.176006151815392, 3.2447259021371897, 5.012203082477804, 5.608547980538278, 4.674498528184601, 4.383139332715765, 4.203572247505686, 4.5890224078773025, 3.892374353784589, 3.416913661478733, 2.1670040170705733, 2.186745952322766, 2.141313881709078, 2.1431170010057783, 3.4984322974726836, 5.027932080885739, 5.306322008698681, 5.602675190478206, 4.939543519395289, 4.120934031260389, 4.607766352583429, 5.451129092215666, 4.6527688186713085, 2.962613094887687, 3.2196250868695877], [5.753038947373814, 5.176310554825705, 3.8676623547047124, 4.306631070802327, 3.7715469359402114, 2.471999014967441, 1.506678084396265, 0.0, 2.5890587961651237, 3.0024330700283723, 3.8427747618094923, 5.237690652377247, 3.7306480630046033, 3.179420879657174, 3.840516272586278, 3.21459030671095, 3.943408780484215, 3.407443823454761, 5.139548450009981, 6.78207948641123, 5.924649523811514, 5.354411263621799, 5.344134875730588, 5.988345131169378, 5.3941053512144155, 4.622906345579586, 2.6463512049612765, 1.090372023668986, 1.095186098341282, 1.0956396168448823, 4.1548978675774935, 5.655788045887151, 5.45534944893542, 5.9941269606173675, 4.793562755404376, 3.623000066243444, 3.931403058705632, 4.888233213544542, 3.68539379849698, 3.557532400414647, 2.980006974824052], [3.310867055621533, 2.5886790473135135, 1.417652185834029, 2.435002252565693, 2.815590818993413, 2.4355882903315167, 1.4168672556030082, 2.5890587961651237, 0.0, 1.430289540617563, 2.4812156979996716, 3.6832026390086114, 3.428054751604764, 3.415320591101222, 4.72517720408452, 2.4735816319660846, 3.5847265865055875, 2.8924787466807778, 4.496865581713556, 4.305038226311121, 3.643039603133625, 3.141452111683385, 2.841736451538038, 3.4526802168750006, 3.427315744135635, 3.9025082818618078, 3.4257886727000546, 2.757042803439947, 3.2673111422085284, 3.3133780194840434, 2.4911133735741533, 3.7061267665852986, 4.266203961368936, 4.475384179039828, 4.3781443580585595, 3.7963801034669857, 5.063328583056802, 5.483734225872001, 4.971641895792576, 2.5401102909125814, 3.336680967668321], [3.3997504629016526, 2.9711060263814217, 2.461907896327562, 3.742248404368689, 4.24541791229085, 3.7497508997265405, 2.4733467144741352, 3.0024330700283723, 1.430289540617563, 0.0, 1.49207195872049, 2.504233705148144, 2.5452650687109193, 3.102034611347849, 4.378244878944073, 1.4019795647583453, 2.306537012492971, 2.5011189875733626, 3.8789663532956817, 4.237578664756561, 4.01661996957641, 2.8599506709032587, 2.8160086168192024, 4.012599188805182, 4.628063938624876, 5.332289191332368, 4.635558656731679, 2.6114640510640768, 3.6842046807961144, 3.806537067992377, 2.0983368866795438, 2.6871666267650762, 2.9004884502442, 3.4390934066989223, 3.4658257472065728, 2.750299151001578, 5.00468319576774, 4.998563714708456, 4.4920680860824005, 2.6315675366594715, 3.1167147206634107], [4.108592272299601, 3.389066884851935, 3.2180035829687945, 4.503031810902518, 5.104000907131581, 4.6789017749895105, 3.46354128891226, 3.8427747618094923, 2.4812156979996716, 1.49207195872049, 0.0, 1.5360043424417789, 1.5461031207522997, 2.4395268352694957, 3.7232826846749094, 2.510486540493695, 2.8191099269095554, 3.889926911909786, 5.0647402065653875, 4.699828519212164, 4.948894612941358, 3.699313780959923, 2.7495994290077963, 4.293512750650684, 5.2822270161362805, 6.162108252051403, 5.538591522219345, 3.2820541433681436, 4.728020393357034, 4.355015836940206, 1.0979296972028763, 2.1888933299729345, 2.197800313950292, 2.1730625324642636, 2.173664201296971, 2.2026868933191572, 4.4866867352201, 4.060661729324422, 4.054322224490797, 4.105000395858689, 4.465415794749689], [4.106590563959353, 3.7305485508166223, 4.125175976852382, 5.500847499249547, 6.325220642791839, 6.048303629944515, 4.8439079326510734, 5.237690652377247, 3.6832026390086114, 2.504233705148144, 1.5360043424417789, 0.0, 2.5212225724834374, 3.752887035336929, 4.858232461502847, 3.0578822230426077, 2.985912929072112, 4.441516477510807, 5.123588443659385, 4.3747408940416115, 5.113251117439862, 3.6044378049842947, 2.877684489307332, 4.6001549408688405, 6.1134941931762725, 7.379464295597615, 6.964321804023705, 4.572490303980971, 6.01826508721575, 5.833017196957335, 2.1338334143039375, 1.0939376079100673, 1.0941439027842728, 1.095468899604183, 2.616406035002977, 2.9399815322549223, 5.747628928523483, 4.943573794331384, 5.117246593628257, 4.729386768916241, 5.206054094993636], [5.62022644561587, 4.864085563597746, 4.439577671355689, 5.566542671173913, 5.871490286119871, 5.159833770578273, 3.9053084462049856, 3.7306480630046033, 3.428054751604764, 2.5452650687109193, 1.5461031207522997, 2.5212225724834374, 0.0, 1.4329687575100862, 2.3604333860543494, 3.1707711128367495, 3.0886943390371275, 4.602326098833068, 5.8347895951782185, 6.2401684504506765, 6.404090634118166, 5.141101900371164, 4.239210438277392, 5.72248897421393, 6.442650958262446, 6.891105070306213, 5.799381598929321, 2.956155357893086, 4.667665572853308, 3.9733955428575194, 2.1427370767315344, 3.4862800504262426, 2.738825569473164, 2.8108842398789746, 1.096797538290454, 1.0942881201950425, 3.297178760698303, 2.633011640688282, 2.636911333359542, 5.039795596053474, 4.878231611967599], [6.18281526814444, 5.199548215951074, 4.438940619111727, 5.275865647455401, 5.306168082524337, 4.4967925257899095, 3.4530465968474853, 3.179420879657174, 3.415320591101222, 3.102034611347849, 2.4395268352694957, 3.752887035336929, 1.4329687575100862, 0.0, 1.4214786983982561, 3.910295570669818, 4.103380282157627, 5.108292409406494, 6.602073693923751, 6.9180940966425135, 6.831761026997358, 5.858776511354567, 4.728975622690394, 5.932260076901551, 6.194593367606949, 6.225969602399292, 4.971318876314413, 2.6904935272176367, 4.2251857308288825, 3.0513530769152233, 2.536867418687859, 4.596704342243473, 4.131087902720057, 3.970315313674721, 2.0524018661071226, 2.072186914831768, 2.0475067472416297, 2.075793983033962, 2.0750141011569054, 5.402311996728808, 5.187694241182686], [7.5761832772181545, 6.6206835085208535, 5.814458689336437, 6.56253439000513, 6.417630794148258, 5.465584383211003, 4.509213613258968, 3.840516272586278, 4.72517720408452, 4.378244878944073, 3.7232826846749094, 4.858232461502847, 2.3604333860543494, 1.4214786983982561, 0.0, 4.940465225057252, 4.904917411129365, 6.103172569246261, 7.549212819228241, 8.31099192395228, 8.212119600931297, 7.192638971893418, 6.133087089712651, 7.343475491209868, 7.5002917609917015, 7.259997074379576, 5.714395885830803, 3.2988652518707093, 4.765343130352735, 3.4297515259855196, 3.9018043889974803, 5.808926556602348, 5.04142682283498, 4.9575908725912425, 2.6005096519720903, 2.581845185134074, 1.0932356790738214, 1.0941477916625337, 1.0942619110615155, 6.52546588834851, 5.999367710850869], [3.908423714235702, 3.9760778111098376, 3.5435309410247853, 4.739519412345517, 5.107722393591883, 4.445520182160913, 3.1320747452766833, 3.21459030671095, 2.4735816319660846, 1.4019795647583453, 2.510486540493695, 3.0578822230426077, 3.1707711128367495, 3.910295570669818, 4.940465225057252, 0.0, 1.2345354146398555, 1.5278222049701988, 2.7118810648699174, 4.71684230391477, 4.403357793775109, 3.0477672778609586, 3.9205581605174533, 5.065647967437137, 5.632555791112948, 6.167713942783014, 5.190224783186178, 2.6191619174842935, 3.5537108309484045, 4.1868203126000045, 3.386871803006426, 3.2167887558868395, 2.951124424689681, 4.113972744197511, 4.085132385859729, 2.861972648366857, 5.652029094935729, 5.590062077472843, 4.741063139212555, 2.199209462511473, 2.15364793083735], [4.813531167448695, 4.9340858900104285, 4.665588685257199, 5.915952260625503, 6.285151847012131, 5.544748392848859, 4.176006151815392, 3.943408780484215, 3.5847265865055875, 2.306537012492971, 2.8191099269095554, 2.985912929072112, 3.0886943390371275, 4.103380282157627, 4.904917411129365, 1.2345354146398555, 0.0, 2.407460487733911, 2.999635621204682, 5.463460402528786, 5.4162765005121365, 3.8641780743128282, 4.675704188675755, 6.0268622964192575, 6.797661378003467, 7.350841430067717, 6.21645863896801, 3.0818911239691777, 4.2693900337167605, 4.808894652620288, 3.877632666976076, 3.361340915468111, 2.453567789974428, 3.96666023879031, 3.8203684063189507, 2.468050763254273, 5.769687608527866, 5.408432784088196, 4.549719866101648, 3.295142984758021, 2.8296268481904114], [3.935885961254467, 4.33867530128725, 3.7708515722579166, 4.689635716129772, 4.908949026013613, 4.2849666673149285, 3.2447259021371897, 3.407443823454761, 2.8924787466807778, 2.5011189875733626, 3.889926911909786, 4.441516477510807, 4.602326098833068, 5.108292409406494, 6.103172569246261, 1.5278222049701988, 2.407460487733911, 0.0, 1.7824180373862912, 4.840917823099252, 4.054250772954234, 3.092547265604844, 4.641218424077884, 5.3610534543128745, 5.544099007954314, 5.866356955555978, 4.935666622655951, 3.1720216739486506, 3.305850731657435, 4.49960275802209, 4.593672093216929, 4.352330496412239, 4.3527004376593625, 5.522415309445678, 5.573859449250582, 4.259013262482285, 6.667061024169495, 6.880897396415674, 5.826170102219811, 1.0898926965531974, 1.0924985583514517], [4.410028083810804, 5.287516970185533, 5.126779739758672, 6.0800633228610375, 6.4602183012650585, 5.983732091262108, 5.012203082477804, 5.139548450009981, 4.496865581713556, 3.8789663532956817, 5.0647402065653875, 5.123588443659385, 5.8347895951782185, 6.602073693923751, 7.549212819228241, 2.7118810648699174, 2.999635621204682, 1.7824180373862912, 0.0, 5.048781677791188, 4.486085381487962, 3.416611831917696, 5.558783458635531, 6.278902609532975, 6.774315839256389, 7.3677013369164195, 6.629079589958171, 4.785460968391655, 4.925130410456153, 6.225695355540616, 5.861912426845013, 4.847137486187079, 4.785223712638731, 6.206310515112823, 6.662825378171036, 5.369815202593102, 8.227858733595273, 8.219882047815528, 7.18283791408382, 2.3325057534762905, 2.364376277160638], [1.0947049328472032, 2.1577308265861155, 3.4699240063724734, 4.303944351406044, 5.5864933231858425, 6.1282934043663415, 5.608547980538278, 6.78207948641123, 4.305038226311121, 4.237578664756561, 4.699828519212164, 4.3747408940416115, 6.2401684504506765, 6.9180940966425135, 8.31099192395228, 4.71684230391477, 5.463460402528786, 4.840917823099252, 5.048781677791188, 0.0, 1.7723024403300922, 1.7657941272979703, 2.4980459023004364, 2.434678297024065, 4.231348491911296, 6.351560705842305, 7.192056269245952, 6.719811106720188, 7.210588982184465, 7.610175257508857, 4.610574004394681, 3.359712651403391, 4.972042651667421, 4.964858755292037, 6.713062032336659, 6.65464070555278, 8.88216504744198, 8.710531907409559, 8.62087841057975, 4.2593926773661055, 5.881975478527601], [1.0951634444227951, 2.172803235454145, 2.7712478110049994, 3.268704994336442, 4.370146049046873, 4.957164975063873, 4.674498528184601, 5.924649523811514, 3.643039603133625, 4.01661996957641, 4.948894612941358, 5.113251117439862, 6.404090634118166, 6.831761026997358, 8.212119600931297, 4.403357793775109, 5.4162765005121365, 4.054250772954234, 4.486085381487962, 1.7723024403300922, 0.0, 1.769752