{"total energy": -75.03040002, "HOMO-LUMO gap/eV": 1.03557595, "electronic energy": -75.68179574, "dipole": [-0.54474321, 0.40809686, 0.14166561], "partial charges": [-0.10232258, -0.05622, -0.06166611, 0.0093844, -0.16792984, 0.01113129, -0.11410533, 0.10246127, 0.01703802, -0.01453402, -0.00502304, -0.01486512, 0.01036644, 0.54234192, -0.35342488, -0.35305383, 0.48209189, -0.19334995, -0.19375867, -0.19297476, 0.55462576, -0.34827808, -0.34293936, 0.03246751, 0.03345502, 0.03953723, 0.04310174, 0.03920808, 0.04433833, 0.04378029, 0.0429829, 0.02676954, 0.04025996, 0.0440772, 0.05394184, 0.0533714, 0.0469004, 0.10135699, 0.09945616], "atomic dipole moments": [[0.08155128, -0.00486457, -0.06786708], [-0.09443171, 0.07806947, -0.03043259], [0.10484727, -0.06740571, -0.01697761], [0.08991724, 0.05133238, 0.10314198], [0.01175012, 0.08718728, -0.23026912], [-0.0178204, -0.14656776, 0.03979759], [0.0058772, -0.01944887, -0.13024322], [-0.06333155, 0.04106071, 0.02125617], [-0.04735896, -0.02469015, 0.15316272], [-0.02786157, 0.0333873, -0.02777623], [0.12269061, -0.07164177, -0.06015605], [-0.01146583, -0.00722147, 0.04875968], [-0.08858765, 0.10392929, -0.09403682], [-0.03039075, 0.03821145, -0.04078449], [-0.06240079, -0.24081253, -0.01625594], [0.1660554, 0.11106355, 0.14804269], [0.1486689, -0.0791164, -0.06960627], [-0.04771054, 0.23961203, -0.11667203], [0.02985545, 0.04484162, 0.26556409], [-0.2224566, -0.15059758, -0.03153278], [-0.01793867, -0.007819, 0.05186583], [-0.11826175, -0.13735357, -0.16983824], [0.15866845, 0.18587063, -0.0285113], [-0.012625, 0.11586728, 0.0466211], [-0.10817302, -0.03217023, -0.05596225], [0.01733189, -0.07864703, 0.09755532], [0.10289889, 0.02535936, 0.06682146], [0.01008865, -0.12023892, -0.03635727], [-0.01702, 0.11849847, 0.03837649], [-0.10834032, -0.02568465, -0.05559873], [-0.00564112, -0.12282927, -0.04546851], [-0.03403291, 0.06640987, -0.0959815], [0.11348779, 0.05208198, -0.0379407], [-0.08745897, 0.07414635, -0.05702247], [-0.10969984, -0.03222839, 0.05698558], [0.09314435, -0.0595108, 0.06588863], [0.01571036, 0.12539423, 0.02172563], [0.08836014, -0.10424163, 0.08989414], [0.04376148, 0.02566574, -0.15567163]], "atomic quadrupole moments": [[0.09556038, -0.02122108, -0.11949552, -0.17605188, 0.00844785, 0.02393514], [-0.0083943, -0.06036993, -0.09798615, -0.13597205, -0.15725892, 0.10638045], [-0.00979239, -0.0495863, -0.1206099, -0.1483109, -0.12334814, 0.13040228], [0.25349209, 0.08209816, -0.20334093, 0.00498658, 0.06511306, -0.05015116], [0.07478477, -0.02391609, 0.03104676, 0.0036516, 0.08407119, -0.10583153], [-0.24391628, 0.04019634, 0.19428182, -0.0112881, 0.13884753, 0.04963446], [-0.14507754, 0.00601163, -0.09415853, -0.01356604, 0.08051903, 0.23923608], [0.07770241, 0.30577898, 0.18235448, 0.09799423, 0.22386904, -0.26005689], [-0.14566017, 0.39779891, 0.02415678, 0.02763678, 0.08325937, 0.1215034], [0.00526271, 0.39779505, 0.18421185, 0.11891739, 0.19925647, -0.18947456], [0.1125519, 0.20508056, 0.12736837, 0.02013366, 0.2198868, -0.23992027], [0.02033128, 0.36046297, 0.21870854, 0.17345214, 0.18310581, -0.23903982], [-0.03634261, 0.18737465, 0.24054618, 0.32062857, -0.02389889, -0.20420358], [0.07200681, -0.01123909, -0.11862575, -0.2152772, 0.08036841, 0.04661894], [-0.01121988, 0.03349526, 0.05362068, -0.18139975, 0.05573055, -0.0424008], [0.0985235, 0.04804961, -0.15865937, -0.07279321, 0.11502297, 0.06013587], [-0.15277054, 0.15445798, 0.04986079, 0.14490491, -0.09941217, 0.10290975], [-0.04555471, -0.00591699, 0.05355428, 0.0112842, -0.0548521, -0.00799956], [-0.04261694, 0.00799972, -0.03682624, 0.02794266, 0.01184647, 0.07944318], [0.03059913, 0.06647256, 0.00591562, 0.02033604, 0.00828733, -0.03651474], [0.12092191, -0.19837422, 0.05915524, 0.014244, 0.02563955, -0.18007715], [0.05979168, -0.11300549, 0.02939153, 0.08816054, 0.11243875, -0.08918321], [0.12265027, -0.0520461, 0.09713649, -0.02523222, -0.02042696, -0.21978676], [-0.03377553, 0.00093393, 0.06954387, -0.01104384, 0.03684842, -0.03576835], [0.0418704, 0.02375231, -0.04212497, 0.04579339, 0.0240359, 0.00025457], [-0.02874163, -0.02177191, 0.00266148, 0.00872796, -0.0610064, 0.02608015], [0.03104857, 0.02862648, -0.02638948, 0.02736965, 0.00933692, -0.00465909], [-0.03484968, 0.00225468, 0.04138837, -0.00780086, 0.02851719, -0.00653869], [-0.04307691, 0.01150933, 0.04912501, -0.00200769, 0.02566902, -0.0060481], [0.02828396, 0.0306065, -0.02740141, 0.0333516, 0.00576616, -0.00088255], [-0.00299824, -0.01735154, 0.04429792, -0.01439979, 0.01542614, -0.04129968], [-0.00219001, 0.00237648, -0.0073356, -0.00133188, -0.04752264, 0.00952561], [0.03354806, 0.00499077, -0.03173796, -0.03185744, 0.02101658, -0.0018101], [0.01615797, -0.02260908, -0.01073784, 0.0342072, 0.00721443, -0.00542013], [0.06008254, 0.03973715, -0.03898303, -0.02791408, -0.00950661, -0.0210995], [0.02725045, -0.05285946, -0.01570891, 0.02759567, -0.0238562, -0.01154154], [-0.05018754, 0.01801073, 0.08141333, -0.00155835, 0.0088603, -0.03122579], [-0.00407826, -0.02929771, -0.0229566, -0.02103838, -0.01356917, 0.02703485], [0.0012243, -0.04067156, -0.01105735, -0.00549693, -0.01980855, 0.00983306]], "number of molecular orbitals": 108, "number of electrons": 128, "number of unpaired electrons": 0, "orbital energies/eV": [-24.55312698, -24.21908791, -24.20382787, -21.95614063, -21.79425871, -21.40731824, -21.24224625, -20.60392079, -20.37531192, -20.14861735, -19.50201245, -19.29787868, -18.98893944, -18.43309352, -18.36158513, -18.34105614, -17.9132984, -17.85410974, -17.76789036, -17.69228166, -17.59079796, -17.51851165, -17.38519817, -17.00899409, -16.96774421, -16.86880218, -16.84086492, -16.60684428, -16.3767869, -16.25544416, -15.97336537, -15.74789236, -15.62802343, -15.4951371, -15.48530232, -15.38389244, -15.25527835, -15.19185273, -15.16790634, -15.16236701, -14.88124877, -14.66476776, -14.47489419, -14.34358543, -14.16744833, -13.91447915, -13.89467777, -13.83565002, -13.75559829, -13.69765478, -13.67170948, -13.4369956, -13.2395816, -13.13622912, -13.12124592, -12.95904767, -12.92678966, -12.81313269, -12.6213075, -12.39840435, -12.35564375, -12.06675763, -11.79782127, -10.78724074, -9.75166479, -9.60266835, -8.88663581, -8.86569928, -5.69390676, -2.64845752, -1.70350269, -1.51503626, -0.45363218, -0.26022037, 0.43914747, 0.84678703, 1.59077029, 1.80513278, 1.90212613, 2.13102211, 2.31869303, 2.68218487, 2.79255221, 3.01758677, 3.57726861, 3.66984694, 3.80031603, 3.9739736, 4.02337103, 4.14384011, 4.46462005, 4.66518667, 4.86308672, 5.3311184, 5.97403264, 6.03502811, 6.64680924, 6.89297826, 7.07200255, 7.28842742, 7.87021942, 8.17486958, 8.5420691, 8.74604746, 9.13798679, 9.26723344, 13.32695082, 13.730602], "fractional occupation": [2.0, 2.0, 2.0, 2.0, 2.0, 2.0, 2.0, 2.0, 2.0, 2.0, 2.0, 2.0, 2.0, 2.0, 2.0, 2.0, 2.0, 2.0, 2.0, 2.0, 2.0, 2.0, 2.0, 2.0, 2.0, 2.0, 2.0, 2.0, 2.0, 2.0, 2.0, 2.0, 2.0, 2.0, 2.0, 2.0, 2.0, 2.0, 2.0, 2.0, 2.0, 2.0, 2.0, 2.0, 2.0, 2.0, 2.0, 2.0, 2.0, 2.0, 2.0, 2.0, 2.0, 2.0, 2.0, 2.0, 2.0, 2.0, 2.0, 2.0, 2.0, 2.0, 2.0, 2.0, 0.0, 0.0, 0.0, 0.0, 0.0, 0.0, 0.0, 0.0, 0.0, 0.0, 0.0, 0.0, 0.0, 0.0, 0.0, 0.0, 0.0, 0.0, 0.0, 0.0, 0.0, 0.0, 0.0, 0.0, 0.0, 0.0, 0.0, 0.0, 0.0, 0.0, 0.0, 0.0, 0.0, 0.0, 0.0, 0.0, 0.0, 0.0, 0.0, 0.0, 0.0, 0.0, 0.0, 0.0], "program call": "xtb /home/svss/Project-DBcg-Debug/aqme2_20220329/End-to-End-workflows-final/example-3/QDESCP/mol_834_rdkit_conf_8/mol_834_rdkit_conf_8.xyz --pop --wbo --acc 0.2 --gfn 2 --chrg 0 --uhf 0 --etemp 300 --input /home/svss/Project-DBcg-Debug/aqme2_20220329/End-to-End-workflows-final/example-3/QDESCP/mol_834_rdkit_conf_8/mol_834_rdkit_conf_8_xtb.inp", "method": "GFN2-xTB", "xtb version": "6.3.3 (7355c4f)", "Dipole module/D": 1.767, "Total charge": 0, "Transition dipole module/D": NaN, "HOMO": -10.7872, "LUMO": -9.7517, "HOMO occupancy": 2.0, "LUMO occupancy": 0, "mulliken charges": [-0.08337, -0.03897, -0.05288, 0.08962, -0.34675, 0.0957, -0.09478, 0.17576, 0.04416, -0.00036, -0.01189, -2e-05, 0.03487, 0.68946, -0.44512, -0.44572, 0.63888, -0.23593, -0.23644, -0.23541, 0.695, -0.44278, -0.44215, 0.0265, 0.02648, 0.03523, 0.03193, 0.02959, 0.03027, 0.03308, 0.03133, 0.03431, 0.02987, 0.03915, 0.03801, 0.04344, 0.03744, 0.09154, 0.09095], "cm5 charges": [-0.23381, -0.15003, -0.15886, 0.03957, -0.59165, 0.04388, -0.23984, 0.24419, 0.10775, -0.04144, -0.01391, -0.04102, 0.09715, 0.52093, -0.40729, -0.40737, 0.69093, -0.25701, -0.25745, -0.25545, 0.52986, -0.40374, -0.40341, 0.07783, 0.07778, 0.08604, 0.0923, 0.08605, 0.08822, 0.08837, 0.09757, 0.10364, 0.09805, 0.10478, 0.09246, 0.09985, 0.08865, 0.15346, 0.15293], "FUKUI+": [0.007, -0.0, 0.006, 0.006, 0.0, 0.008, 0.008, -0.024, -0.001, -0.021, -0.034, -0.017, -0.002, -0.095, -0.124, -0.124, -0.002, -0.021, -0.021, -0.023, -0.089, -0.119, -0.119, -0.01, -0.013, -0.011, 0.013, 0.001, -0.013, -0.021, -0.005, -0.003, -0.001, -0.016, -0.016, 0.002, -0.025, -0.04, -0.038], "FUKUI-": [0.015, -0.001, 0.005, 0.025, -0.138, 0.021, 0.006, 0.023, -0.008, -0.009, -0.022, -0.01, -0.009, 0.004, -0.026, -0.028, -0.001, -0.014, -0.014, -0.016, 0.007, -0.03, -0.016, -0.047, -0.071, -0.065, -0.053, -0.051, -0.035, -0.047, -0.047, -0.089, -0.054, -0.05, -0.017, -0.026, -0.042, -0.032, -0.035], "FUKUIrad": [0.011, -0.0, 0.006, 0.015, -0.069, 0.014, 0.007, -0.001, -0.004, -0.015, -0.028, -0.013, -0.006, -0.046, -0.075, -0.076, -0.001, -0.018, -0.018, -0.02, -0.041, -0.074, -0.067, -0.029, -0.042, -0.038, -0.02, -0.025, -0.024, -0.034, -0.026, -0.046, -0.028, -0.033, -0.016, -0.012, -0.033, -0.036, -0.037], "s proportion": [1.008, 1.027, 1.035, 1.016, 1.466, 1.012, 1.014, 1.056, 1.072, 1.07, 1.076, 1.07, 1.075, 1.325, 1.746, 1.746, 1.023, 1.822, 1.823, 1.823, 1.324, 1.746, 1.747, 0.974, 0.974, 0.965, 0.968, 0.97, 0.97, 0.967, 0.969, 0.966, 0.97, 0.961, 0.962, 0.957, 0.963, 0.908, 0.909], "p proportion": [3.076, 3.012, 3.018, 2.894, 3.881, 2.893, 3.081, 2.768, 2.884, 2.93, 2.936, 2.93, 2.891, 2.986, 4.699, 4.7, 2.338, 5.414, 5.414, 5.412, 2.981, 4.696, 4.696, 0.0, 0.0, 0.0, 0.0, 0.0, 0.0, 0.0, 0.0, 0.0, 0.0, 0.0, 0.0, 0.0, 0.0, 0.0, 0.0], "d proportion": [0.0, 0.0, 0.0, 0.0, 0.0, 0.0, 0.0, 0.0, 0.0, 0.0, 0.0, 0.0, 0.0, 0.0, 0.0, 0.0, 0.0, 0.0, 0.0, 0.0, 0.0, 0.0, 0.0, 0.0, 0.0, 0.0, 0.0, 0.0, 0.0, 0.0, 0.0, 0.0, 0.0, 0.0, 0.0, 0.0, 0.0, 0.0, 0.0], "Fermi-level/eV": -10.2695, "Coordination numbers": [3.75, 3.799, 3.801, 3.744, 2.727, 3.743, 3.75, 2.906, 2.915, 2.912, 2.959, 2.912, 2.912, 2.759, 0.927, 0.927, 3.331, 0.788, 0.788, 0.788, 2.759, 0.927, 0.927, 0.924, 0.924, 0.924, 0.924, 0.924, 0.924, 0.924, 0.923, 0.924, 0.924, 0.924, 0.924, 0.924, 0.924, 0.924, 0.924], "Dispersion coefficient C6": [22.518, 21.586, 21.685, 20.489, 24.63, 20.461, 22.748, 25.732, 27.63, 28.375, 28.146, 28.383, 27.786, 13.562, 20.74, 20.733, 17.409, 11.167, 11.171, 11.163, 13.43, 20.643, 20.542, 2.552, 2.538, 2.455, 2.408, 2.46, 2.392, 2.399, 2.41, 2.633, 2.446, 2.395, 2.271, 2.278, 2.359, 1.773, 1.79], "Total dispersion C6": 16404.053485, "Total dispersion C8": 367077.983956, "Polarizability alpha": [6.768, 6.615, 6.63, 6.457, 7.371, 6.453, 6.802, 8.318, 8.62, 8.735, 8.702, 8.736, 8.644, 5.47, 6.108, 6.107, 6.619, 3.947, 3.948, 3.947, 5.443, 6.093, 6.078, 2.498, 2.491, 2.45, 2.427, 2.453, 2.419, 2.422, 2.428, 2.538, 2.446, 2.42, 2.357, 2.36, 2.402, 2.082, 2.092], "Total polarizability alpha": 190.894444, "Wiberg matrix": [[0.0, 1.0202331273143448, 0.0, 0.0, 0.0, 0.0, 0.0, 0.0, 0.0, 0.0, 0.0, 0.0, 0.0, 0.0, 0.0, 0.0, 0.0, 0.0, 0.0, 0.0, 0.0, 0.0, 0.0, 0.987587920932854, 0.987466512636737, 0.9867089462506164, 0.0, 0.0, 0.0, 0.0, 0.0, 0.0, 0.0, 0.0, 0.0, 0.0, 0.0, 0.0, 0.0], [1.0202331273143448, 0.0, 1.0081701305745523, 0.0, 0.0, 0.0, 0.0, 0.0, 0.0, 0.0, 0.0, 0.0, 0.0, 0.0, 0.0, 0.0, 0.0, 0.0, 0.0, 0.0, 0.0, 0.0, 0.0, 0.0, 0.0, 0.0, 0.9754104937756443, 0.9767738682691155, 0.0, 0.0, 0.0, 0.0, 0.0, 0.0, 0.0, 0.0, 0.0, 0.0, 0.0], [0.0, 1.0081701305745523, 0.0, 1.0012051496990764, 0.0, 0.0, 0.0, 0.0, 0.0, 0.0, 0.0, 0.0, 0.0, 0.0, 0.0, 0.0, 0.0, 0.0, 0.0, 0.0, 0.0, 0.0, 0.0, 0.0, 0.0, 0.0, 0.0, 0.0, 0.9726561692162663, 0.970632269791337, 0.0, 0.0, 0.0, 0.0, 0.0, 0.0, 0.0, 0.0, 0.0], [0.0, 0.0, 1.0012051496990764, 0.0, 0.9594287329040458, 0.0, 0.0, 0.0, 0.0, 0.0, 0.0, 0.0, 0.0, 0.0, 0.0, 0.0, 0.0, 0.0, 0.0, 0.0, 0.0, 0.0, 0.0, 0.0, 0.0, 0.0, 0.0, 0.0, 0.0, 0.0, 0.97345841094107, 0.9672722655711617, 0.0, 0.0, 0.0, 0.0, 0.0, 0.0, 0.0], [0.0, 0.0, 0.0, 0.9594287329040458, 0.0, 0.9574621241182918, 0.0, 1.0589500188419794, 0.0, 0.0, 0.0, 0.0, 0.0, 0.0, 0.0, 0.0, 0.0, 0.0, 0.0, 0.0, 0.0, 0.0, 0.0, 0.0, 0.0, 0.0, 0.0, 0.0, 0.0, 0.0, 0.0, 0.0, 0.0, 0.0, 0.0, 0.0, 0.0, 0.0, 0.0], [0.0, 0.0, 0.0, 0.0, 0.9574621241182918, 0.0, 1.0150253157605704, 0.0, 0.0, 0.0, 0.0, 0.0, 0.0, 0.0, 0.0, 0.0, 0.0, 0.0, 0.0, 0.0, 0.0, 0.0, 0.0, 0.0, 0.0, 0.0, 0.0, 0.0, 0.0, 0.0, 0.0, 0.0, 0.9727742166909298, 0.9683299961874119, 0.0, 0.0, 0.0, 0.0, 0.0], [0.0, 0.0, 0.0, 0.0, 0.0, 1.0150253157605704, 0.0, 0.0, 0.0, 0.0, 0.0, 0.0, 0.0, 0.0, 0.0, 0.0, 0.0, 0.0, 0.0, 0.0, 0.0, 0.0, 0.0, 0.0, 0.0, 0.0, 0.0, 0.0, 0.0, 0.0, 0.0, 0.0, 0.0, 0.0, 0.9821279526550969, 0.9841947972812501, 0.9812661470144796, 0.0, 0.0], [0.0, 0.0, 0.0, 0.0, 1.0589500188419794, 0.0, 0.0, 0.0, 1.3474718890221768, 0.0, 0.0, 0.0, 1.3379853183852766, 0.0, 0.0, 0.0, 0.0, 0.0, 0.0, 0.0, 0.0, 0.0, 0.0, 0.0, 0.0, 0.0, 0.0, 0.0, 0.0, 0.0, 0.0, 0.0, 0.0, 0.0, 0.0, 0.0, 0.0, 0.0, 0.0], [0.0, 0.0, 0.0, 0.0, 0.0, 0.0, 0.0, 1.3474718890221768, 0.0, 1.4080437706914886, 0.0, 0.10393102929840033, 0.0, 0.0, 0.0, 0.0, 0.0, 0.0, 0.0, 0.0, 0.9327791182346313, 0.0, 0.0, 0.0, 0.0, 0.0, 0.0, 0.0, 0.0, 0.0, 0.0, 0.0, 0.0, 0.0, 0.0, 0.0, 0.0, 0.0, 0.0], [0.0, 0.0, 0.0, 0.0, 0.0, 0.0, 0.0, 0.0, 1.4080437706914886, 0.0, 1.4106884975786826, 0.0, 0.10352719293404679, 0.0, 0.0, 0.0, 0.0, 0.0, 0.0, 0.0, 0.0, 0.0, 0.0, 0.0, 0.0, 0.0, 0.0, 0.0, 0.0, 0.0, 0.0, 0.0, 0.0, 0.0, 0.0, 0.0, 0.0, 0.95913136061646, 0.0], [0.0, 0.0, 0.0, 0.0, 0.0, 0.0, 0.0, 0.0, 0.0, 1.4106884975786826, 0.0, 1.4105197759675243, 0.0, 0.0, 0.0, 0.0, 0.9532532707105114, 0.0, 0.0, 0.0, 0.0, 0.0, 0.0, 0.0, 0.0, 0.0, 0.0, 0.0, 0.0, 0.0, 0.0, 0.0, 0.0, 0.0, 0.0, 0.0, 0.0, 0.0, 0.0], [0.0, 0.0, 0.0, 0.0, 0.0, 0.0, 0.0, 0.0, 0.10393102929840033, 0.0, 1.4105197759675243, 0.0, 1.4058409427946519, 0.0, 0.0, 0.0, 0.0, 0.0, 0.0, 0.0, 0.0, 0.0, 0.0, 0.0, 0.0, 0.0, 0.0, 0.0, 0.0, 0.0, 0.0, 0.0, 0.0, 0.0, 0.0, 0.0, 0.0, 0.0, 0.9597506502063393], [0.0, 0.0, 0.0, 0.0, 0.0, 0.0, 0.0, 1.3379853183852766, 0.0, 0.10352719293404679, 0.0, 1.4058409427946519, 0.0, 0.9358777026717575, 0.0, 0.0, 0.0, 0.0, 0.0, 0.0, 0.0, 0.0, 0.0, 0.0, 0.0, 0.0, 0.0, 0.0, 0.0, 0.0, 0.0, 0.0, 0.0, 0.0, 0.0, 0.0, 0.0, 0.0, 0.0], [0.0, 0.0, 0.0, 0.0, 0.0, 0.0, 0.0, 0.0, 0.0, 0.0, 0.0, 0.0, 0.9358777026717575, 0.0, 1.464325474404261, 1.463748950118256, 0.0, 0.0, 0.0, 0.0, 0.0, 0.0, 0.0, 0.0, 0.0, 0.0, 0.0, 0.0, 0.0, 0.0, 0.0, 0.0, 0.0, 0.0, 0.0, 0.0, 0.0, 0.0, 0.0], [0.0, 0.0, 0.0, 0.0, 0.0, 0.0, 0.0, 0.0, 0.0, 0.0, 0.0, 0.0, 0.0, 1.464325474404261, 0.0, 0.39781342153858784, 0.0, 0.0, 0.0, 0.0, 0.0, 0.0, 0.0, 0.0, 0.0, 0.0, 0.0, 0.0, 0.0, 0.0, 0.0, 0.0, 0.0, 0.0, 0.0, 0.0, 0.0, 0.0, 0.0], [0.0, 0.0, 0.0, 0.0, 0.0, 0.0, 0.0, 0.0, 0.0, 0.0, 0.0, 0.0, 0.0, 1.463748950118256, 0.39781342153858784, 0.0, 0.0, 0.0, 0.0, 0.0, 0.0, 0.0, 0.0, 0.0, 0.0, 0.0, 0.0, 0.0, 0.0, 0.0, 0.0, 0.0, 0.0, 0.0, 0.0, 0.0, 0.0, 0.0, 0.0], [0.0, 0.0, 0.0, 0.0, 0.0, 0.0, 0.0, 0.0, 0.0, 0.0, 0.9532532707105114, 0.0, 0.0, 0.0, 0.0, 0.0, 0.0, 0.9539708524603377, 0.953178553064361, 0.9488694480655877, 0.0, 0.0, 0.0, 0.0, 0.0, 0.0, 0.0, 0.0, 0.0, 0.0, 0.0, 0.0, 0.0, 0.0, 0.0, 0.0, 0.0, 0.0, 0.0], [0.0, 0.0, 0.0, 0.0, 0.0, 0.0, 0.0, 0.0, 0.0, 0.0, 0.0, 0.0, 0.0, 0.0, 0.0, 0.0, 0.9539708524603377, 0.0, 0.0, 0.0, 0.0, 0.0, 0.0, 0.0, 0.0, 0.0, 0.0, 0.0, 0.0, 0.0, 0.0, 0.0, 0.0, 0.0, 0.0, 0.0, 0.0, 0.0, 0.0], [0.0, 0.0, 0.0, 0.0, 0.0, 0.0, 0.0, 0.0, 0.0, 0.0, 0.0, 0.0, 0.0, 0.0, 0.0, 0.0, 0.953178553064361, 0.0, 0.0, 0.0, 0.0, 0.0, 0.0, 0.0, 0.0, 0.0, 0.0, 0.0, 0.0, 0.0, 0.0, 0.0, 0.0, 0.0, 0.0, 0.0, 0.0, 0.0, 0.0], [0.0, 0.0, 0.0, 0.0, 0.0, 0.0, 0.0, 0.0, 0.0, 0.0, 0.0, 0.0, 0.0, 0.0, 0.0, 0.0, 0.9488694480655877, 0.0, 0.0, 0.0, 0.0, 0.0, 0.0, 0.0, 0.0, 0.0, 0.0, 0.0, 0.0, 0.0, 0.0, 0.0, 0.0, 0.0, 0.0, 0.0, 0.0, 0.0, 0.0], [0.0, 0.0, 0.0, 0.0, 0.0, 0.0, 0.0, 0.0, 0.9327791182346313, 0.0, 0.0, 0.0, 0.0, 0.0, 0.0, 0.0, 0.0, 0.0, 0.0, 0.0, 0.0, 1.4708384479555403, 1.4747214988853286, 0.0, 0.0, 0.0, 0.0, 0.0, 0.0, 0.0, 0.0, 0.0, 0.0, 0.0, 0.0, 0.0, 0.0, 0.0, 0.0], [0.0, 0.0, 0.0, 0.0, 0.0, 0.0, 0.0, 0.0, 0.0, 0.0, 0.0, 0.0, 0.0, 0.0, 0.0, 0.0, 0.0, 0.0, 0.0, 0.0, 1.4708384479555403, 0.0, 0.40569876008489847, 0.0, 0.0, 0.0, 0.0, 0.0, 0.0, 0.0, 0.0, 0.0, 0.0, 0.0, 0.0, 0.0, 0.0, 0.0, 0.0], [0.0, 0.0, 0.0, 0.0, 0.0, 0.0, 0.0, 0.0, 0.0, 0.0, 0.0, 0.0, 0.0, 0.0, 0.0, 0.0, 0.0, 0.0, 0.0, 0.0, 1.4747214988853286, 0.40569876008489847, 0.0, 0.0, 0.0, 0.0, 0.0, 0.0, 0.0, 0.0, 0.0, 0.0, 0.0, 0.0, 0.0, 0.0, 0.0, 0.0, 0.0], [0.987587920932854, 0.0, 0.0, 0.0, 0.0, 0.0, 0.0, 0.0, 0.0, 0.0, 0.0, 0.0, 0.0, 0.0, 0.0, 0.0, 0.0, 0.0, 0.0, 0.0, 0.0, 0.0, 0.0, 0.0, 0.0, 0.0, 0.0, 0.0, 0.0, 0.0, 0.0, 0.0, 0.0, 0.0, 0.0, 0.0, 0.0, 0.0, 0.0], [0.987466512636737, 0.0, 0.0, 0.0, 0.0, 0.0, 0.0, 0.0, 0.0, 0.0, 0.0, 0.0, 0.0, 0.0, 0.0, 0.0, 0.0, 0.0, 0.0, 0.0, 0.0, 0.0, 0.0, 0.0, 0.0, 0.0, 0.0, 0.0, 0.0, 0.0, 0.0, 0.0, 0.0, 0.0, 0.0, 0.0, 0.0, 0.0, 0.0], [0.9867089462506164, 0.0, 0.0, 0.0, 0.0, 0.0, 0.0, 0.0, 0.0, 0.0, 0.0, 0.0, 0.0, 0.0, 0.0, 0.0, 0.0, 0.0, 0.0, 0.0, 0.0, 0.0, 0.0, 0.0, 0.0, 0.0, 0.0, 0.0, 0.0, 0.0, 0.0, 0.0, 0.0, 0.0, 0.0, 0.0, 0.0, 0.0, 0.0], [0.0, 0.9754104937756443, 0.0, 0.0, 0.0, 0.0, 0.0, 0.0, 0.0, 0.0, 0.0, 0.0, 0.0, 0.0, 0.0, 0.0, 0.0, 0.0, 0.0, 0.0, 0.0, 0.0, 0.0, 0.0, 0.0, 0.0, 0.0, 0.0, 0.0, 0.0, 0.0, 0.0, 0.0, 0.0, 0.0, 0.0, 0.0, 0.0, 0.0], [0.0, 0.9767738682691155, 0.0, 0.0, 0.0, 0.0, 0.0, 0.0, 0.0, 0.0, 0.0, 0.0, 0.0, 0.0, 0.0, 0.0, 0.0, 0.0, 0.0, 0.0, 0.0, 0.0, 0.0, 0.0, 0.0, 0.0, 0.0, 0.0, 0.0, 0.0, 0.0, 0.0, 0.0, 0.0, 0.0, 0.0, 0.0, 0.0, 0.0], [0.0, 0.0, 0.9726561692162663, 0.0, 0.0, 0.0, 0.0, 0.0, 0.0, 0.0, 0.0, 0.0, 0.0, 0.0, 0.0, 0.0, 0.0, 0.0, 0.0, 0.0, 0.0, 0.0, 0.0, 0.0, 0.0, 0.0, 0.0, 0.0, 0.0, 0.0, 0.0, 0.0, 0.0, 0.0, 0.0, 0.0, 0.0, 0.0, 0.0], [0.0, 0.0, 0.970632269791337, 0.0, 0.0, 0.0, 0.0, 0.0, 0.0, 0.0, 0.0, 0.0, 0.0, 0.0, 0.0, 0.0, 0.0, 0.0, 0.0, 0.0, 0.0, 0.0, 0.0, 0.0, 0.0, 0.0, 0.0, 0.0, 0.0, 0.0, 0.0, 0.0, 0.0, 0.0, 0.0, 0.0, 0.0, 0.0, 0.0], [0.0, 0.0, 0.0, 0.97345841094107, 0.0, 0.0, 0.0, 0.0, 0.0, 0.0, 0.0, 0.0, 0.0, 0.0, 0.0, 0.0, 0.0, 0.0, 0.0, 0.0, 0.0, 0.0, 0.0, 0.0, 0.0, 0.0, 0.0, 0.0, 0.0, 0.0, 0.0, 0.0, 0.0, 0.0, 0.0, 0.0, 0.0, 0.0, 0.0], [0.0, 0.0, 0.0, 0.9672722655711617, 0.0, 0.0, 0.0, 0.0, 0.0, 0.0, 0.0, 0.0, 0.0, 0.0, 0.0, 0.0, 0.0, 0.0, 0.0, 0.0, 0.0, 0.0, 0.0, 0.0, 0.0, 0.0, 0.0, 0.0, 0.0, 0.0, 0.0, 0.0, 0.0, 0.0, 0.0, 0.0, 0.0, 0.0, 0.0], [0.0, 0.0, 0.0, 0.0, 0.0, 0.9727742166909298, 0.0, 0.0, 0.0, 0.0, 0.0, 0.0, 0.0, 0.0, 0.0, 0.0, 0.0, 0.0, 0.0, 0.0, 0.0, 0.0, 0.0, 0.0, 0.0, 0.0, 0.0, 0.0, 0.0, 0.0, 0.0, 0.0, 0.0, 0.0, 0.0, 0.0, 0.0, 0.0, 0.0], [0.0, 0.0, 0.0, 0.0, 0.0, 0.9683299961874119, 0.0, 0.0, 0.0, 0.0, 0.0, 0.0, 0.0, 0.0, 0.0, 0.0, 0.0, 0.0, 0.0, 0.0, 0.0, 0.0, 0.0, 0.0, 0.0, 0.0, 0.0, 0.0, 0.0, 0.0, 0.0, 0.0, 0.0, 0.0, 0.0, 0.0, 0.0, 0.0, 0.0], [0.0, 0.0, 0.0, 0.0, 0.0, 0.0, 0.9821279526550969, 0.0, 0.0, 0.0, 0.0, 0.0, 0.0, 0.0, 0.0, 0.0, 0.0, 0.0, 0.0, 0.0, 0.0, 0.0, 0.0, 0.0, 0.0, 0.0, 0.0, 0.0, 0.0, 0.0, 0.0, 0.0, 0.0, 0.0, 0.0, 0.0, 0.0, 0.0, 0.0], [0.0, 0.0, 0.0, 0.0, 0.0, 0.0, 0.9841947972812501, 0.0, 0.0, 0.0, 0.0, 0.0, 0.0, 0.0, 0.0, 0.0, 0.0, 0.0, 0.0, 0.0, 0.0, 0.0, 0.0, 0.0, 0.0, 0.0, 0.0, 0.0, 0.0, 0.0, 0.0, 0.0, 0.0, 0.0, 0.0, 0.0, 0.0, 0.0, 0.0], [0.0, 0.0, 0.0, 0.0, 0.0, 0.0, 0.9812661470144796, 0.0, 0.0, 0.0, 0.0, 0.0, 0.0, 0.0, 0.0, 0.0, 0.0, 0.0, 0.0, 0.0, 0.0, 0.0, 0.0, 0.0, 0.0, 0.0, 0.0, 0.0, 0.0, 0.0, 0.0, 0.0, 0.0, 0.0, 0.0, 0.0, 0.0, 0.0, 0.0], [0.0, 0.0, 0.0, 0.0, 0.0, 0.0, 0.0, 0.0, 0.0, 0.95913136061646, 0.0, 0.0, 0.0, 0.0, 0.0, 0.0, 0.0, 0.0, 0.0, 0.0, 0.0, 0.0, 0.0, 0.0, 0.0, 0.0, 0.0, 0.0, 0.0, 0.0, 0.0, 0.0, 0.0, 0.0, 0.0, 0.0, 0.0, 0.0, 0.0], [0.0, 0.0, 0.0, 0.0, 0.0, 0.0, 0.0, 0.0, 0.0, 0.0, 0.0, 0.9597506502063393, 0.0, 0.0, 0.0, 0.0, 0.0, 0.0, 0.0, 0.0, 0.0, 0.0, 0.0, 0.0, 0.0, 0.0, 0.0, 0.0, 0.0, 0.0, 0.0, 0.0, 0.0, 0.0, 0.0, 0.0, 0.0, 0.0, 0.0]], "Born radii": [], "Atomic SASAs": [], "Solvent H bonds": [], "Total SASA": NaN, "Total FOD": 0.0, "FOD": [0.0, 0.0, 0.0, 0.0, 0.0, 0.0, 0.0, 0.0, 0.0, 0.0, 0.0, 0.0, 0.0, 0.0, 0.0, 0.0, 0.0, 0.0, 0.0, 0.0, 0.0, 0.0, 0.0, 0.0, 0.0, 0.0, 0.0, 0.0, 0.0, 0.0, 0.0, 0.0, 0.0, 0.0, 0.0, 0.0, 0.0, 0.0, 0.0], "FOD s proportion": [0.0, 0.0, 0.0, 0.0, 0.0, 0.0, 0.0, 0.0, 0.0, 0.0, 0.0, 0.0, 0.0, 0.0, 0.0, 0.0, 0.0, 0.0, 0.0, 0.0, 0.0, 0.0, 0.0, 0.0, 0.0, 0.0, 0.0, 0.0, 0.0, 0.0, 0.0, 0.0, 0.0, 0.0, 0.0, 0.0, 0.0, 0.0, 0.0], "FOD p proportion": [0.0, 0.0, 0.0, 0.0, 0.0, 0.0, 0.0, 0.0, 0.0, 0.0, 0.0, 0.0, 0.0, 0.0, 0.0, 0.0, 0.0, 0.0, 0.0, 0.0, 0.0, 0.0, 0.0, 0.0, 0.0, 0.0, 0.0, 0.0, 0.0, 0.0, 0.0, 0.0, 0.0, 0.0, 0.0, 0.0, 0.0, 0.0, 0.0], "FOD d proportion": [0.0, 0.0, 0.0, 0.0, 0.0, 0.0, 0.0, 0.0, 0.0, 0.0, 0.0, 0.0, 0.0, 0.0, 0.0, 0.0, 0.0, 0.0, 0.0, 0.0, 0.0, 0.0, 0.0, 0.0, 0.0, 0.0, 0.0, 0.0, 0.0, 0.0, 0.0, 0.0, 0.0, 0.0, 0.0, 0.0, 0.0, 0.0, 0.0], "coordinates": [["-3.81450", "-0.49670", "2.67020"], ["-2.63650", "-0.59210", "1.71320"], ["-2.81010", "0.34720", "0.51940"], ["-1.67940", "0.23110", "-0.50690"], ["-0.36610", "0.64110", "0.04480"], ["-0.17830", "2.09230", "0.27880"], ["-0.22220", "2.40080", "1.76830"], ["0.73330", "0.01400", "-0.57920"], ["1.52860", "-0.89660", "0.14430"], ["2.64790", "-1.56230", "-0.39400"], ["3.01870", "-1.34400", "-1.72560"], ["2.25730", "-0.44700", "-2.48580"], ["1.14390", "0.20520", "-1.91420"], ["0.42030", "1.09450", "-2.79730"], ["0.71430", "2.29550", "-2.75460"], ["-0.40340", "0.57250", "-3.55950"], ["4.22830", "-2.03020", "-2.31790"], ["4.48530", "-3.23630", "-1.74530"], ["4.09850", "-2.26430", "-3.65130"], ["5.35730", "-1.28860", "-2.16980"], ["1.19930", "-1.20940", "1.51910"], ["1.79600", "-0.57050", "2.39600"], ["0.41960", "-2.15340", "1.70540"], ["-3.91860", "0.51970", "3.06320"], ["-4.74940", "-0.77010", "2.17070"], ["-3.67070", "-1.17530", "3.51680"], ["-1.72020", "-0.34690", "2.25990"], ["-2.54190", "-1.62620", "1.36250"], ["-2.90590", "1.38170", "0.86700"], ["-3.75310", "0.10470", "0.01310"], ["-1.63820", "-0.80960", "-0.85550"], ["-1.93670", "0.85230", "-1.37230"], ["0.78940", "2.44310", "-0.10050"], ["-0.95170", "2.67190", "-0.23910"], ["-1.17510", "2.11070", "2.21810"], ["0.57370", "1.87470", "2.30300"], ["-0.08590", "3.47430", "1.93390"], ["3.22070", "-2.25260", "0.22740"], ["2.52520", "-0.25520", "-3.52650"]], "bond_dist": [[0.0, 1.520734743471063, 2.5193108601361605, 3.896448287864218, 4.480934786403391, 5.063957484023735, 4.702504561401296, 5.612655315445623, 5.9235807101786, 7.231005376847675, 8.169063420613162, 7.965774371020058, 6.789338519325722, 7.096407875115409, 7.5983462226987255, 7.182475474375112, 9.587460336293445, 9.792279022270556, 10.28111574733015, 10.400702901727366, 5.193376834006945, 5.6176812236010685, 4.647913159687904, 1.094693916124503, 1.0946624228500763, 1.0944898172207909, 2.1393640690635145, 2.1460103215036033, 2.7578017985344774, 2.7250013449537964, 4.155087073696531, 4.657009779890956, 6.1249569582161145, 5.167172949495691, 3.737560906527143, 5.001467088765055, 5.496675054066777, 7.651437491739705, 8.868438939858581], [1.520734743471063, 0.0, 1.5289146117425916, 2.5539269096824206, 3.0755579916496454, 3.912320789505891, 3.8456899133965545, 4.120437720679685, 4.461191037155885, 5.771175204410277, 6.661230073342311, 6.4499560812458245, 5.299541698109374, 5.703793128261228, 6.287076525699366, 5.8433204652834165, 8.08970814430286, 8.347038464629236, 8.771222154865306, 8.914238031935204, 3.8899994524421206, 4.484834294597739, 3.4318312516789047, 2.1684970947640214, 2.1691787985318314, 2.15932045792189, 1.094810312337256, 1.096039442720927, 2.164374560929785, 2.1500385601193295, 2.7644400572267798, 3.4779766603587206, 4.923285238537373, 4.159774312387633, 3.113798614233104, 4.09125290345146, 4.805192796340226, 6.2667099605773995, 7.362819065412378], [2.5193108601361605, 1.5289146117425916, 0.0, 1.5314220156442835, 2.506942035628267, 3.1669596792507475, 3.5318905107604905, 3.724731904446278, 4.529023751317716, 5.854080099383677, 6.471096652036654, 5.944789604351023, 4.645071469848445, 4.689823060628194, 5.190023530775173, 4.741348984202703, 7.9524446939290305, 8.437606265997482, 8.481946987573078, 8.752945849255553, 4.415619097023654, 5.05766330037894, 4.253299713163886, 2.780188292184542, 2.7813729469454467, 3.4703091173553973, 2.1677170179707494, 2.1626503207869736, 1.0955335001724047, 1.0974492881222349, 2.1452006572812716, 2.143940871386149, 4.211113044077539, 3.0713519661543183, 2.944272225864993, 4.118809008682, 4.38187520360861, 6.573794389848224, 6.722917421774568], [3.896448287864218, 2.5539269096824206, 1.5314220156442835, 0.0, 1.482305562291392, 2.5168812327958583, 3.465193352469671, 2.4235265606136855, 3.462229445025272, 4.685568829928763, 5.102775059710158, 4.457967217241508, 3.1547087012908177, 3.2249235355276253, 3.8786211905779098, 3.326123377146434, 6.579826591939943, 7.180530858509001, 7.035509997860851, 7.388495881436222, 3.80350232548897, 4.598673301072822, 3.8711642357306415, 4.224088139468683, 4.194859139470597, 4.704614579325282, 2.826823461060135, 2.772746995309886, 2.1715855543818665, 2.1416369090020835, 1.0983059182213304, 1.0959059676815344, 3.3396224936360692, 2.561009326418004, 3.3485578462974175, 3.958966857653648, 4.360629900599224, 5.542467157322631, 5.199339670573562], [4.480934786403391, 3.0755579916496454, 2.506942035628267, 1.482305562291392, 0.0, 1.4818928031406318, 2.4673272077290433, 1.4111381115964516, 2.44219361026107, 3.759217072742674, 4.304858790947735, 3.803961820260555, 2.5115313675126574, 2.9835430162811463, 3.42650607470642, 3.6051457307576342, 5.816073103048138, 6.463340524063389, 6.483452593333277, 6.433156519936384, 2.8369680823019494, 3.416254148918081, 3.3442707874811815, 4.6632320090255, 5.071908431744406, 5.12586325607697, 2.7778406757767806, 3.407504691119295, 2.7703944195727797, 3.429358372932173, 2.1291568730368367, 2.125926200506499, 2.1455759925949955, 2.1325278919629636, 2.745439500335056, 2.739426991178995, 3.4167576867550906, 4.6121553193707605, 4.681575917359452], [5.063957484023735, 3.912320789505891, 3.1669596792507475, 2.5168812327958583, 1.4818928031406318, 0.0, 1.521745612775013, 2.426212985292099, 3.4445785039682284, 4.668636571848359, 5.10358560719814, 4.474729601886576, 3.1809759901640247, 3.288817114100448, 3.168523403732407, 4.134369231212906, 6.569321174976909, 7.364789455917935, 7.260624477963312, 6.933180664745439, 3.786469165330678, 3.933306518693909, 4.518698978688445, 4.920955009954877, 5.7155554918135465, 5.775700089166681, 3.5002727693709814, 4.53742800493848, 2.879363360189193, 4.0988224272344365, 3.440780160079978, 2.71213970326014, 1.096983327129451, 1.0964962973033698, 2.180558022617147, 2.170308595568842, 2.158197806040957, 5.51670181992828, 5.224937950827742], [4.702504561401296, 3.8456899133965545, 3.5318905107604905, 3.465193352469671, 2.4673272077290433, 1.521745612775013, 0.0, 3.4814581341730944, 4.07130487681775, 5.34968942182628, 6.060882531447049, 5.688167710256089, 4.499743861599235, 4.79206941727684, 4.620037310455404, 5.6356869297362495, 7.492512375031488, 8.141427247110913, 8.354859104736596, 7.762159765168454, 3.8879695124833478, 3.6463354508327943, 4.599630560164588, 4.344959859423329, 5.541847382416805, 5.266677862751813, 3.1678904416030553, 4.665019906709938, 3.008845657390887, 4.562900071226632, 4.3813297753079485, 3.898811467614201, 2.1254499029617233, 2.152979382158594, 1.0929302173515014, 1.0936828196511088, 1.0947160819134796, 5.990164002763196, 6.529735813951434], [5.612655315445623, 4.120437720679685, 3.724731904446278, 2.4235265606136855, 1.4111381115964516, 2.426212985292099, 3.4814581341730944, 0.0, 1.40895234128057, 2.4869085005283167, 2.8950734222122936, 2.483992866334362, 1.409742813423782, 2.487049830622619, 3.152454347012816, 3.238239835157365, 4.406456209926521, 5.099190455356614, 5.094410696047188, 5.060449695432216, 2.473201659792424, 3.212909363800977, 3.164716039394372, 5.929838434561266, 6.183588125837619, 6.13081287351033, 3.7696684031888004, 4.145767717805714, 4.147996428397691, 4.5262380339526995, 2.5256030764948005, 2.90872042314142, 2.4764546654441304, 3.165331802512969, 3.9828417919872243, 3.4343490635053393, 4.3543583155271, 3.4605256652711014, 3.4597617750359633], [5.9235807101786, 4.461191037155885, 4.529023751317716, 3.462229445025272, 2.44219361026107, 3.4445785039682284, 4.07130487681775, 1.40895234128057, 0.0, 1.4091685030541947, 2.432507097625822, 2.7659663519283813, 2.366300821958189, 3.720996998117574, 4.388189616459161, 4.4282065500606445, 3.8256839767550064, 4.217446993146446, 4.783468266854082, 4.490842515608848, 1.447880302373093, 2.2908506847893864, 2.2905153241137683, 6.3401790779125475, 6.5981499838970015, 6.2035594967728, 3.915690857307303, 4.31106688071526, 5.03763202606145, 5.37737575588688, 3.322016146860217, 4.1673769759886135, 3.429276858172871, 4.362691359699881, 4.54472148981651, 3.6403191329882056, 4.991397121047372, 2.169987101344153, 3.8573797012998345], [7.231005376847675, 5.771175204410277, 5.854080099383677, 4.685568829928763, 3.759217072742674, 4.668636571848359, 5.34968942182628, 2.4869085005283167, 1.4091685030541947, 0.0, 1.3993949013770202, 2.402517365181779, 2.774361239997416, 4.218606273403575, 4.918725664234589, 4.8875549081314675, 2.533374386070878, 2.8291918369032527, 3.6341501964008036, 3.2510345568757035, 2.4254756193373703, 3.0811525197562033, 3.118044332590542, 7.70752087833695, 7.869263893147821, 7.441023558624176, 5.2536349302173635, 5.479361231019543, 6.41108036449396, 6.627021986533619, 4.376093320531453, 5.273132011433053, 4.425312831879798, 5.559637021425049, 5.910103587078656, 4.83622617750659, 6.185476570968482, 1.0912157852597257, 3.396486706878153], [8.169063420613162, 6.661230073342311, 6.471096652036654, 5.102775059710158, 4.304858790947735, 5.10358560719814, 6.060882531447049, 2.8950734222122936, 2.432507097625822, 1.3993949013770202, 0.0, 1.4008008423755318, 2.4393576285571577, 3.7210893163158554, 4.4288893201343384, 4.3297724963328035, 1.5115627310832982, 2.394181058316183, 2.3919114991989145, 2.3810570677747314, 3.722420128088714, 4.36816713279151, 4.37975001227239, 8.633198388778055, 8.70941401645369, 8.500546441847135, 6.271809297961793, 6.366810096900959, 7.017969821109236, 7.139963908872369, 4.76753342725565, 5.431808514666178, 4.685387380996367, 5.839624236198764, 6.713842433361092, 5.70680932308063, 6.800477652341782, 2.163461799986309, 2.1615430830774574], [7.965774371020058, 6.4499560812458245, 5.944789604351023, 4.457967217241508, 3.803961820260555, 4.474729601886576, 5.688167710256089, 2.483992866334362, 2.7659663519283813, 2.402517365181779, 1.4008008423755318, 0.0, 1.4112940728281969, 2.418227346632239, 3.158228726675761, 3.0449197739842018, 2.533683810186267, 3.6458906648444627, 2.837426118861952, 3.227715377786586, 4.211869153950535, 4.905101546349474, 4.8841682700332925, 8.358687139736718, 8.41909916499384, 8.467751274689165, 6.192914883154781, 6.263564972920772, 6.422152736427249, 6.532517298867259, 4.238428612115579, 4.529646646262819, 4.024557678801485, 5.007282606364454, 6.360021561284207, 5.581881877109189, 6.356172434728308, 3.398497485654506, 1.0916108006061502], [6.789338519325722, 5.299541698109374, 4.645071469848445, 3.1547087012908177, 2.5115313675126574, 3.1809759901640247, 4.499743861599235, 1.409742813423782, 2.366300821958189, 2.774361239997416, 2.4393576285571577, 1.4112940728281969, 0.0, 1.4471755456750919, 2.293508755160965, 2.2882435775065555, 3.83060180781036, 4.799729515295628, 4.224406209161235, 4.4776678483335495, 3.7137193229968255, 4.427727288350085, 4.380537479579418, 7.10649894533166, 7.236615437481807, 7.387957390916654, 5.092248425793856, 5.260789911220558, 5.051742840842158, 5.26357241234506, 3.1449555068394845, 3.194133744851646, 2.9023050063699367, 3.6444626846765766, 5.107307954294512, 4.5713383302923445, 5.196854477470001, 3.865272259492208, 2.1724339207441963], [7.096407875115409, 5.703793128261228, 4.689823060628194, 3.2249235355276253, 2.9835430162811463, 3.288817114100448, 4.79206941727684, 2.487049830622619, 3.720996998117574, 4.218606273403575, 3.7210893163158554, 2.418227346632239, 1.4471755456750919, 0.0, 1.2371985653079298, 1.2377053486189675, 4.949185635031282, 6.032143701869178, 5.05371236617202, 5.517870138015211, 4.954402604754684, 5.624512457093504, 5.551861146498532, 7.314499880374598, 7.408343623914862, 7.8585069733378745, 5.6775563449427775, 5.786257285154195, 4.957134733896185, 5.127896231399384, 3.410807279809283, 2.7649113620512322, 3.037710817375479, 3.3037799563530257, 5.360242602718649, 5.161908919188714, 5.320144727354698, 5.309814371519969, 2.6046164285744644], [7.5983462226987255, 6.287076525699366, 5.190023530775173, 3.8786211905779098, 3.42650607470642, 3.168523403732407, 4.620037310455404, 3.152454347012816, 4.388189616459161, 4.918725664234589, 4.4288893201343384, 3.158228726675761, 2.293508755160965, 1.2371985653079298, 0.0, 2.2058663377457846, 5.590222122599423, 6.770519827162461, 5.748796097445099, 5.894507006527349, 5.548338553116599, 5.992721522814155, 6.30643792485108, 7.646177142206424, 7.969222116367443, 8.402686213348682, 6.1688149802048695, 6.55233406810123, 5.201621385683507, 5.693630712471613, 4.333876217660122, 3.3198464618111485, 2.6592616606870414, 3.040554753659272, 5.322755742094502, 5.077022627485523, 4.900196090974319, 5.988286780874811, 3.221996106453265], [7.182475474375112, 5.8433204652834165, 4.741348984202703, 3.326123377146434, 3.6051457307576342, 4.134369231212906, 5.6356869297362495, 3.238239835157365, 4.4282065500606445, 4.8875549081314675, 4.3297724963328035, 3.0449197739842018, 2.2882435775065555, 1.2377053486189675, 2.2058663377457846, 0.0, 5.456029943099653, 6.457373054888497, 5.321932458233569, 6.211330275391899, 5.615691663544215, 6.450720084610709, 5.9855686296291015, 7.49797133696842, 7.316111180128416, 7.987745352726262, 6.036942517533192, 5.799443761258488, 5.148904071741869, 4.91963389796436, 3.278192710930826, 2.685729094678017, 4.109330505082306, 3.9665059447831412, 6.028452694514572, 6.084353334578786, 6.220827360568688, 5.954485908120028, 3.0434970428768287], [9.587460336293445, 8.08970814430286, 7.9524446939290305, 6.579826591939943, 5.816073103048138, 6.569321174976909, 7.492512375031488, 4.406456209926521, 3.8256839767550064, 2.533374386070878, 1.5115627310832982, 2.533683810186267, 3.83060180781036, 4.949185635031282, 5.590222122599423, 5.456029943099653, 0.0, 1.359631188962654, 1.3600023566156054, 1.358876436619607, 4.956926733370183, 5.501605273917786, 5.541508532881638, 10.091095422698173, 10.116050576188316, 9.857422538371782, 7.692490102691066, 7.716486778320818, 8.525342178470023, 8.584527067346226, 6.168006190820499, 6.870967225216548, 6.062450730521444, 7.298188395074492, 8.180408325383274, 7.0680309832371275, 8.184720223074212, 2.7465017039863637, 2.7407824740391202], [9.792279022270556, 8.347038464629236, 8.437606265997482, 7.180530858509001, 6.463340524063389, 7.364789455917935, 8.141427247110913, 5.099190455356614, 4.217446993146446, 2.8291918369032527, 2.394181058316183, 3.6458906648444627, 4.799729515295628, 6.032143701869178, 6.770519827162461, 6.457373054888497, 1.359631188962654, 0.0, 2.174220375214987, 2.175803194225066, 5.055929881831828, 5.611522950144639, 5.441499737204809, 10.385313835412004, 10.329418305500074, 9.922588039921841, 7.930856804280355, 7.850629445464866, 9.098344504908573, 9.062311301207876, 6.646643452149363, 7.622195416020242, 6.972849360914087, 8.16923709289919, 8.737223627674869, 7.603398480284984, 8.914288218360452, 2.541342979607436, 3.987683871622724], [10.28111574733015, 8.771222154865306, 8.481946987573078, 7.035509997860851, 6.483452593333277, 7.260624477963312, 8.354859104736596, 5.094410696047188, 4.783468266854082, 3.6341501964008036, 2.3919114991989145, 2.837426118861952, 4.224406209161235, 5.05371236617202, 5.748796097445099, 5.321932458233569, 1.3600023566156054, 2.174220375214987, 0.0, 2.1751804936602395, 6.02089784085397, 6.688819176805424, 6.4992952625650116, 10.821693890514553, 10.696431743810644, 10.626760901140102, 8.513282439224016, 8.345074847477402, 9.097800297324623, 8.98262828575245, 6.545408819928668, 7.1645429442498285, 6.761504138133763, 7.843066958785956, 9.022269022812388, 8.062829809068278, 9.035219552396056, 3.976805680442533, 2.554864133373828], [10.400702901727366, 8.914238031935204, 8.752945849255553, 7.388495881436222, 6.433156519936384, 6.933180664745439, 7.762159765168454, 5.060449695432216, 4.490842515608848, 3.2510345568757035, 2.3810570677747314, 3.227715377786586, 4.4776678483335495, 5.517870138015211, 5.894507006527349, 6.211330275391899, 1.358876436619607, 2.175803194225066, 2.1751804936602395, 0.0, 5.559066454900499, 5.8348140450232, 6.336082020460278, 10.80261814098786, 11.011547002578704, 10.670287739794087, 8.40238342555254, 8.659588771414034, 9.199626653837644, 9.471310651646899, 7.133992272213365, 7.643421685344856, 6.250863763513008, 7.695235132210062, 8.572115063390132, 7.272911087728215, 8.315888187078997, 3.352748633584093, 3.3059553626750624], [5.193376834006945, 3.8899994524421206, 4.415619097023654, 3.80350232548897, 2.8369680823019494, 3.786469165330678, 3.8879695124833478, 2.473201659792424, 1.447880302373093, 2.4254756193373703, 3.722420128088714, 4.211869153950535, 3.7137193229968255, 4.954402604754684, 5.548338553116599, 5.615691663544215, 4.956926733370183, 5.055929881831828, 6.02089784085397, 5.559066454900499, 0.0, 1.2382236106616609, 1.2384570158063624, 5.6184456952078845, 6.000383216095451, 5.26392136149468, 3.133076944474872, 3.76760178893683, 4.898132364483426, 5.340520627242253, 3.721554977425431, 4.737646762898222, 4.016450973185157, 4.773107785290418, 4.141188279950575, 3.243076838435994, 4.874509592769307, 2.615877116762177, 5.30345055694875], [5.6176812236010685, 4.484834294597739, 5.05766330037894, 4.598673301072822, 3.416254148918081, 3.933306518693909, 3.6463354508327943, 3.212909363800977, 2.2908506847893864, 3.0811525197562033, 4.36816713279151, 4.905101546349474, 4.427727288350085, 5.624512457093504, 5.992721522814155, 6.450720084610709, 5.501605273917786, 5.611522950144639, 6.688819176805424, 5.8348140450232, 1.2382236106616609, 0.0, 2.208388038819265, 5.85579585026664, 6.552317254986971, 5.613090465153755, 3.5259300347567875, 4.582575820431125, 5.315711565726644, 6.0767275946844945, 4.735308933955629, 5.491583926336736, 4.04073517692016, 5.000676460240155, 4.005985154740341, 2.7352640329591584, 4.485029660994451, 3.0922575022141996, 5.975546249507236], [4.647913159687904, 3.4318312516789047, 4.253299713163886, 3.8711642357306415, 3.3442707874811815, 4.518698978688445, 4.599630560164588, 3.164716039394372, 2.2905153241137683, 3.118044332590542, 4.37975001227239, 4.8841682700332925, 4.380537479579418, 5.551861146498532, 6.30643792485108, 5.9855686296291015, 5.541508532881638, 5.441499737204809, 6.4992952625650116, 6.336082020460278, 1.2384570158063624, 2.208388038819265, 0.0, 5.273429973935371, 5.371087783680323, 4.579126953907262, 2.8547603296949466, 3.027540668595552, 4.925322001656338, 5.037292942642903, 3.5494433493154953, 4.9049586613956295, 4.952356923728337, 5.380061712471336, 4.581318389939734, 4.075102720177738, 5.654975666614313, 3.1686725690736806, 5.950587551662441], [1.094693916124503, 2.1684970947640214, 2.780188292184542, 4.224088139468683, 4.6632320090255, 4.920955009954877, 4.344959859423329, 5.929838434561266, 6.3401790779125475, 7.70752087833695, 8.633198388778055, 8.358687139736718, 7.10649894533166, 7.314499880374598, 7.6461771422064