{"total energy": -69.68192521, "HOMO-LUMO gap/eV": 2.5833482, "electronic energy": -70.49493325, "dipole": [-0.8698985, 1.39539633, 0.45309481], "partial charges": [-0.10862019, -0.00458725, -0.04312083, -0.03610313, -0.04283013, 0.01525016, -0.10349042, 0.05640151, -0.16186091, 0.27311795, -0.43151581, -0.05498781, -0.03560251, -0.11006484, 0.09814052, -0.11307079, -0.05958856, 0.1676173, -0.37719505, 1.13677004, -0.45383042, -0.56879732, -0.58374958, 0.04336098, 0.05123457, 0.04170512, 0.03690998, 0.03645151, 0.04115316, 0.04005321, 0.04254896, 0.07221715, 0.19038956, 0.08197964, 0.09980676, 0.35319788, 0.20466538, 0.20604423], "atomic dipole moments": [[-0.02960277, -0.05847264, -0.02608842], [0.07843932, 0.03648744, 0.01915483], [0.01407634, -0.00162123, -0.00230043], [0.00152504, 0.00385081, 0.00116131], [0.02257546, 0.00019565, -0.00998892], [0.05120096, -0.03456833, -0.03321861], [-0.02757708, 0.07079739, 0.03245798], [0.17826204, 0.0046661, -0.03950228], [-0.02615851, 0.02423464, -0.04371711], [-0.05119381, -0.02041616, 0.02438911], [0.0965192, 0.05027625, 0.17981071], [-0.02810576, -0.00781225, -0.02392298], [0.05193004, -0.00309013, -0.00223781], [0.09168142, -0.01159535, 0.11051054], [0.22093578, 0.01085306, 0.0488821], [-0.01474514, -0.08271244, 0.12926627], [-0.02141579, -0.00420509, 0.06453995], [-0.09433327, 0.00027436, -0.149673], [-0.02535413, -0.02259763, 0.20033541], [0.02081522, 0.06359392, -0.08261201], [-0.00057206, -0.1464563, 0.12356938], [-0.12938583, 0.1330447, 0.01763538], [0.14247364, -0.01716386, -0.13377858], [0.08002445, -0.040454, 0.09280014], [-0.07270046, 0.09323111, 0.0577925], [0.05938748, 0.06211022, -0.09667845], [-0.0709453, 0.11157681, 0.07423192], [-0.14904932, 0.00355436, 0.02331977], [-0.0952798, -0.10915098, -0.04682939], [0.1177709, -0.03639233, 0.04377459], [-0.06509502, -0.10182505, 0.03650691], [-0.00885125, 0.0071424, -0.13509505], [0.06676564, 0.09587667, 0.07127306], [-0.07332557, -0.0250613, 0.13736562], [0.07578456, 0.0126379, -0.13914923], [-0.06778243, -0.01788799, 0.01020007], [-0.04627912, 0.04569652, 0.10055192], [0.11233367, -0.03840096, -0.000704]], "atomic quadrupole moments": [[0.04996817, 0.11756332, 0.03481251, 0.04324589, 0.07597872, -0.08478068], [-0.22309522, 0.07700029, 0.00350899, 0.14320161, -0.25041761, 0.21958623], [-0.25440787, -0.01485528, -0.03841753, 0.0918351, -0.3153955, 0.2928254], [-0.27172947, -0.03787034, -0.04595219, 0.08387249, -0.33073939, 0.31768166], [-0.26186028, -0.07000684, -0.05809245, 0.06682733, -0.3054175, 0.31995273], [-0.30132763, -0.13173585, -0.04631895, 0.02085568, -0.20116089, 0.34764659], [-0.00129895, -0.06410546, 0.07759582, -0.07253484, 0.11180055, -0.07629687], [0.05408674, -0.07349834, -0.21887975, 0.02821239, -0.30261299, 0.16479301], [0.00667116, -0.04703404, -0.00145484, -0.01110396, -0.03828589, -0.00521632], [-0.27147183, -0.00859436, 0.42184433, 0.02462044, -0.22282654, -0.1503725], [-0.08079831, 0.01456623, 0.14342881, 0.02144655, -0.06907721, -0.06263051], [-0.08647421, -0.00489768, 0.30158268, 0.04461978, 0.07109502, -0.21510848], [-0.23518442, -0.07191565, 0.52066315, 0.02722551, 0.09586304, -0.28547872], [-0.29988307, -0.07390157, 0.24357372, 0.25539805, 0.0206838, 0.05630935], [0.11582878, -0.0139332, 0.3183806, -0.01773335, 0.04521597, -0.43420938], [0.43016738, 0.0554182, -0.1887717, -0.04497124, -0.00522671, -0.24139567], [-0.18571467, -0.04672116, 0.44815321, 0.06002961, 0.04342002, -0.26243854], [-0.31231711, -0.06346635, 0.37052321, 0.22102562, 0.03630019, -0.0582061], [-0.0199498, -0.00643824, -0.04089556, 0.03165871, -0.00535397, 0.06084536], [-0.05026499, 0.28501194, 0.03640797, 0.16087844, -0.01027689, 0.01385702], [-0.02567424, 0.16746055, 0.14911291, 0.01409677, 0.02850833, -0.12343866], [0.03851915, -0.12530397, 0.05077014, 0.00021416, 0.01215517, -0.0892893], [0.04118591, -0.00051622, -0.08828249, -0.1259079, 0.01666078, 0.04709658], [0.00728883, -0.0320462, -0.01095455, 0.0595805, -0.02589528, 0.00366572], [0.0256964, -0.03793207, 0.00443638, -0.03110927, 0.03731878, -0.03013277], [-0.01629023, 0.0274839, -0.01784663, -0.052185, -0.02608809, 0.03413685], [0.0296148, 0.01645885, 0.01053538, -0.00456197, 0.04604902, -0.04015018], [0.0275955, 0.0059271, 0.01313007, -0.00846379, 0.04722604, -0.04072557], [0.02707287, -0.00437566, 0.01583797, -0.01378601, 0.04583284, -0.04291084], [0.07089231, -0.00296921, -0.03081701, 0.03164263, 0.0029786, -0.0400753], [0.02354254, 0.04974005, 0.02260223, -0.03872338, -0.0178378, -0.04614477], [-0.04137361, -0.00436753, -0.02953341, 0.00144618, -0.0172149, 0.07090702], [0.03253076, 0.01449483, -0.03857769, -0.0032793, 0.0425831, 0.00604693], [0.04270725, 0.00403998, -0.06389561, 0.01323111, -0.00172711, 0.02118836], [0.02926388, 0.00615019, -0.0521773, -5.959e-05, -0.00419591, 0.02291342], [0.08940428, 0.02896447, -0.06799957, 0.00741204, 0.00253635, -0.02140471], [-0.03507208, -0.00700718, 0.02415395, -0.02586471, 0.09020571, 0.01091813], [0.11143656, 0.0216764, -0.0443622, -0.01148824, 0.01607436, -0.06707436]], "number of molecular orbitals": 117, "number of electrons": 122, "number of unpaired electrons": 0, "orbital energies/eV": [-29.05777759, -21.38589839, -19.82684369, -19.65731436, -18.98594963, -18.5827724, -18.44332794, -18.35391984, -18.04653388, -17.94846965, -17.67834731, -17.46103872, -17.39013746, -17.2315979, -17.07275147, -16.80122708, -16.74876625, -16.55761095, -16.28269027, -16.13216951, -15.88692308, -15.6740454, -15.49795405, -15.37496586, -15.30540835, -15.22970844, -14.99350043, -14.97229885, -14.852087, -14.7937356, -14.54392172, -14.27563153, -14.12340616, -14.06945184, -14.04429097, -13.99326722, -13.86178095, -13.80923636, -13.64328555, -13.48363257, -13.45612112, -13.13288964, -13.04727014, -13.03204053, -12.85641615, -12.82395058, -12.74798665, -12.5636333, -12.5078772, -12.33158903, -12.23146123, -12.07228213, -11.87346663, -11.85389077, -11.78223808, -11.65308989, -11.59242171, -11.47681472, -11.3517327, -10.82221072, -10.63820769, -8.05485949, -7.43128514, -6.50225265, -6.32967557, -5.83602505, -4.5272887, -3.91817377, -3.42377628, -2.99183935, -2.6760597, -1.90574732, -1.04537343, -0.59646786, -0.16226141, 0.03763093, 0.04560425, 0.39059625, 1.4103398, 1.48116592, 1.66525797, 1.76326166, 2.8695267, 2.94957517, 3.26670601, 3.4289856, 3.45495753, 3.7276352, 4.01981359, 4.1601553, 4.4023916, 4.68778798, 4.77234639, 5.09200889, 5.11934106, 5.16291392, 5.49703657, 5.5973254, 6.12589333, 6.28117256, 6.74598515, 7.8781325, 9.30828846, 9.53156067, 9.8305453, 10.09905297, 11.4432663, 11.56468024, 11.75944504, 13.56133577, 14.68939734, 15.82619587, 16.04818861, 16.27388727, 17.21826845, 26.56919523, 31.25884909], "fractional occupation": [2.0, 2.0, 2.0, 2.0, 2.0, 2.0, 2.0, 2.0, 2.0, 2.0, 2.0, 2.0, 2.0, 2.0, 2.0, 2.0, 2.0, 2.0, 2.0, 2.0, 2.0, 2.0, 2.0, 2.0, 2.0, 2.0, 2.0, 2.0, 2.0, 2.0, 2.0, 2.0, 2.0, 2.0, 2.0, 2.0, 2.0, 2.0, 2.0, 2.0, 2.0, 2.0, 2.0, 2.0, 2.0, 2.0, 2.0, 2.0, 2.0, 2.0, 2.0, 2.0, 2.0, 2.0, 2.0, 2.0, 2.0, 2.0, 2.0, 2.0, 2.0, 0.0, 0.0, 0.0, 0.0, 0.0, 0.0, 0.0, 0.0, 0.0, 0.0, 0.0, 0.0, 0.0, 0.0, 0.0, 0.0, 0.0, 0.0, 0.0, 0.0, 0.0, 0.0, 0.0, 0.0, 0.0, 0.0, 0.0, 0.0, 0.0, 0.0, 0.0, 0.0, 0.0, 0.0, 0.0, 0.0, 0.0, 0.0, 0.0, 0.0, 0.0, 0.0, 0.0, 0.0, 0.0, 0.0, 0.0, 0.0, 0.0, 0.0, 0.0, 0.0, 0.0, 0.0, 0.0, 0.0], "program call": "xtb /home/svss/Project-DBcg-Debug/aqme2_20220329/End-to-End-workflows-final/example-3/QDESCP/mol_947_rdkit_conf_2/mol_947_rdkit_conf_2.xyz --pop --wbo --acc 0.2 --gfn 2 --chrg 0 --uhf 0 --etemp 300 --input /home/svss/Project-DBcg-Debug/aqme2_20220329/End-to-End-workflows-final/example-3/QDESCP/mol_947_rdkit_conf_2/mol_947_rdkit_conf_2_xtb.inp", "method": "GFN2-xTB", "xtb version": "6.3.3 (7355c4f)", "Dipole module/D": 4.335, "Total charge": 0, "Transition dipole module/D": NaN, "HOMO": -10.6382, "LUMO": -8.0549, "HOMO occupancy": 2.0, "LUMO occupancy": 0, "mulliken charges": [-0.08817, -0.01832, -0.04295, -0.02937, -0.0429, 0.00699, -0.07699, 0.12231, -0.32299, 0.47454, -0.55065, -0.10401, -0.01287, 0.02796, 0.11704, -0.04936, -0.08381, 0.29375, -0.51704, 0.52423, -0.39463, -0.39519, -0.41574, 0.03737, 0.04323, 0.03629, 0.03304, 0.03328, 0.03541, 0.03727, 0.03062, 0.05916, 0.22787, 0.06716, 0.07221, 0.39176, 0.2388, 0.23471], "cm5 charges": [-0.23072, -0.02834, -0.09614, -0.08477, -0.09605, -0.00239, -0.21801, 0.17711, -0.66857, 0.56866, -0.61972, -0.10147, -0.05832, 0.04154, 0.11533, -0.04839, -0.1298, 0.30952, -0.70656, 0.63895, -0.82147, -0.44273, -0.46692, 0.09063, 0.09522, 0.09, 0.08924, 0.08873, 0.09162, 0.09478, 0.0827, 0.11539, 0.427, 0.13299, 0.13211, 0.58393, 0.42981, 0.4251], "FUKUI+": [0.012, -0.019, -0.01, -0.024, -0.011, -0.011, 0.012, -0.003, -0.028, -0.041, -0.096, -0.039, -0.03, -0.014, -0.047, -0.112, -0.027, -0.023, -0.045, -0.028, 0.001, -0.024, -0.021, -0.013, -0.025, -0.009, -0.033, -0.038, -0.032, 0.0, -0.027, -0.012, -0.027, -0.046, -0.055, -0.018, -0.021, -0.016], "FUKUI-": [0.017, -0.027, -0.024, -0.035, -0.017, -0.032, 0.016, -0.03, -0.036, -0.005, -0.04, -0.014, -0.004, -0.015, -0.007, -0.101, -0.01, -0.011, -0.04, -0.031, -0.022, -0.031, -0.024, -0.03, -0.031, -0.028, -0.048, -0.051, -0.045, -0.027, -0.041, -0.049, -0.027, -0.014, -0.029, -0.011, -0.024, -0.023], "FUKUIrad": [0.015, -0.023, -0.017, -0.029, -0.014, -0.022, 0.014, -0.017, -0.032, -0.023, -0.068, -0.026, -0.017, -0.014, -0.027, -0.107, -0.018, -0.017, -0.043, -0.029, -0.01, -0.027, -0.023, -0.022, -0.028, -0.018, -0.04, -0.044, -0.039, -0.013, -0.034, -0.03, -0.027, -0.03, -0.042, -0.014, -0.023, -0.019], "s proportion": [1.009, 1.088, 1.061, 1.058, 1.064, 1.087, 1.007, 1.043, 1.43, 0.993, 1.726, 1.088, 1.075, 1.073, 1.087, 1.945, 1.063, 1.026, 1.705, 1.704, 1.463, 1.721, 1.722, 0.963, 0.957, 0.964, 0.967, 0.967, 0.965, 0.963, 0.969, 0.941, 0.772, 0.933, 0.928, 0.608, 0.761, 0.765], "p proportion": [3.079, 2.93, 2.982, 2.971, 2.979, 2.906, 3.07, 2.835, 3.893, 2.533, 4.825, 3.016, 2.938, 2.899, 2.796, 5.117, 3.021, 2.68, 4.812, 2.806, 3.932, 4.674, 4.693, 0.0, 0.0, 0.0, 0.0, 0.0, 0.0, 0.0, 0.0, 0.0, 0.0, 0.0, 0.0, 0.0, 0.0, 0.0], "d proportion": [0.0, 0.0, 0.0, 0.0, 0.0, 0.0, 0.0, 0.0, 0.0, 0.0, 0.0, 0.0, 0.0, 0.0, 0.0, -0.012, 0.0, 0.0, 0.0, 0.966, 0.0, 0.0, 0.0, 0.0, 0.0, 0.0, 0.0, 0.0, 0.0, 0.0, 0.0, 0.0, 0.0, 0.0, 0.0, 0.0, 0.0, 0.0], "Fermi-level/eV": -9.3465, "Coordination numbers": [3.754, 2.961, 2.915, 2.907, 2.918, 2.957, 3.755, 2.895, 2.688, 2.753, 0.858, 2.963, 2.961, 2.977, 2.906, 0.968, 2.963, 2.843, 1.657, 3.7, 2.632, 0.86, 0.86, 0.924, 0.924, 0.924, 0.925, 0.925, 0.925, 0.924, 0.924, 0.924, 0.86, 0.925, 0.925, 0.802, 0.863, 0.863], "Dispersion coefficient C6": [22.634, 28.135, 29.071, 28.898, 29.064, 27.67, 22.532, 26.734, 24.502, 22.383, 22.32, 29.363, 28.884, 30.778, 25.824, 102.681, 29.479, 24.385, 20.413, 102.815, 31.917, 25.363, 25.721, 2.405, 2.305, 2.426, 2.49, 2.497, 2.434, 2.448, 2.415, 2.061, 1.156, 1.959, 1.787, 0.581, 1.082, 1.075], "Total dispersion C6": 22001.261454, "Total dispersion C8": 580423.357304, "Polarizability alpha": [6.784, 8.7, 8.841, 8.815, 8.841, 8.628, 6.768, 8.477, 7.352, 7.747, 6.334, 8.888, 8.815, 9.1, 8.333, 15.503, 8.906, 8.093, 6.099, 17.066, 8.391, 6.752, 6.8, 2.425, 2.374, 2.436, 2.468, 2.471, 2.44, 2.447, 2.43, 2.245, 1.684, 2.189, 2.09, 1.198, 1.629, 1.624], "Total polarizability alpha": 232.182995, "Wiberg matrix": [[0.0, 1.0248784831280469, 0.0, 0.0, 0.0, 0.0, 0.0, 0.0, 0.0, 0.0, 0.0, 0.0, 0.0, 0.0, 0.0, 0.0, 0.0, 0.0, 0.0, 0.0, 0.0, 0.0, 0.0, 0.9688032003839211, 0.9823589306424261, 0.9731330808573564, 0.0, 0.0, 0.0, 0.0, 0.0, 0.0, 0.0, 0.0, 0.0, 0.0, 0.0, 0.0], [1.0248784831280469, 0.0, 1.4246805594892773, 0.0, 0.10672303232262842, 0.0, 0.0, 1.343588869051431, 0.0, 0.0, 0.0, 0.0, 0.0, 0.0, 0.0, 0.0, 0.0, 0.0, 0.0, 0.0, 0.0, 0.0, 0.0, 0.0, 0.0, 0.0, 0.0, 0.0, 0.0, 0.0, 0.0, 0.0, 0.0, 0.0, 0.0, 0.0, 0.0, 0.0], [0.0, 1.4246805594892773, 0.0, 1.4288258852917923, 0.0, 0.10120627856737258, 0.0, 0.0, 0.0, 0.0, 0.0, 0.0, 0.0, 0.0, 0.0, 0.0, 0.0, 0.0, 0.0, 0.0, 0.0, 0.0, 0.0, 0.0, 0.0, 0.0, 0.9683422294518702, 0.0, 0.0, 0.0, 0.0, 0.0, 0.0, 0.0, 0.0, 0.0, 0.0, 0.0], [0.0, 0.0, 1.4288258852917923, 0.0, 1.4491271036272828, 0.0, 0.0, 0.0, 0.0, 0.0, 0.0, 0.0, 0.0, 0.0, 0.0, 0.0, 0.0, 0.0, 0.0, 0.0, 0.0, 0.0, 0.0, 0.0, 0.0, 0.0, 0.0, 0.9701317262746902, 0.0, 0.0, 0.0, 0.0, 0.0, 0.0, 0.0, 0.0, 0.0, 0.0], [0.0, 0.10672303232262842, 0.0, 1.4491271036272828, 0.0, 1.4010135451129169, 0.0, 0.0, 0.0, 0.0, 0.0, 0.0, 0.0, 0.0, 0.0, 0.0, 0.0, 0.0, 0.0, 0.0, 0.0, 0.0, 0.0, 0.0, 0.0, 0.0, 0.0, 0.0, 0.9688088077119137, 0.0, 0.0, 0.0, 0.0, 0.0, 0.0, 0.0, 0.0, 0.0], [0.0, 0.0, 0.10120627856737258, 0.0, 1.4010135451129169, 0.0, 1.0300595539796555, 1.3625857774590546, 0.0, 0.0, 0.0, 0.0, 0.0, 0.0, 0.0, 0.0, 0.0, 0.0, 0.0, 0.0, 0.0, 0.0, 0.0, 0.0, 0.0, 0.0, 0.0, 0.0, 0.0, 0.0, 0.0, 0.0, 0.0, 0.0, 0.0, 0.0, 0.0, 0.0], [0.0, 0.0, 0.0, 0.0, 0.0, 1.0300595539796555, 0.0, 0.0, 0.0, 0.0, 0.0, 0.0, 0.0, 0.0, 0.0, 0.0, 0.0, 0.0, 0.0, 0.0, 0.0, 0.0, 0.0, 0.0, 0.0, 0.0, 0.0, 0.0, 0.0, 0.9811032696515115, 0.9787215166410453, 0.9594813695238198, 0.0, 0.0, 0.0, 0.0, 0.0, 0.0], [0.0, 1.343588869051431, 0.0, 0.0, 0.0, 1.3625857774590546, 0.0, 0.0, 1.0476216610596363, 0.0, 0.0, 0.0, 0.0, 0.0, 0.0, 0.0, 0.0, 0.0, 0.0, 0.0, 0.0, 0.0, 0.0, 0.0, 0.0, 0.0, 0.0, 0.0, 0.0, 0.0, 0.0, 0.0, 0.0, 0.0, 0.0, 0.0, 0.0, 0.0], [0.0, 0.0, 0.0, 0.0, 0.0, 0.0, 0.0, 1.0476216610596363, 0.0, 1.209758483273655, 0.16792750472494686, 0.0, 0.0, 0.0, 0.0, 0.0, 0.0, 0.0, 0.0, 0.0, 0.0, 0.0, 0.0, 0.0, 0.0, 0.0, 0.0, 0.0, 0.0, 0.0, 0.0, 0.0, 0.9212268967613918, 0.0, 0.0, 0.0, 0.0, 0.0], [0.0, 0.0, 0.0, 0.0, 0.0, 0.0, 0.0, 0.0, 1.209758483273655, 0.0, 1.6278330236859553, 1.0121408313594296, 0.0, 0.0, 0.0, 0.0, 0.0, 0.0, 0.0, 0.0, 0.0, 0.0, 0.0, 0.0, 0.0, 0.0, 0.0, 0.0, 0.0, 0.0, 0.0, 0.0, 0.0, 0.0, 0.0, 0.0, 0.0, 0.0], [0.0, 0.0, 0.0, 0.0, 0.0, 0.0, 0.0, 0.0, 0.16792750472494686, 1.6278330236859553, 0.0, 0.0, 0.0, 0.0, 0.0, 0.0, 0.0, 0.0, 0.0, 0.0, 0.0, 0.0, 0.0, 0.0, 0.0, 0.0, 0.0, 0.0, 0.0, 0.0, 0.0, 0.0, 0.0, 0.0, 0.0, 0.0, 0.0, 0.0], [0.0, 0.0, 0.0, 0.0, 0.0, 0.0, 0.0, 0.0, 0.0, 1.0121408313594296, 0.0, 0.0, 1.4037250945179294, 0.0, 0.0, 0.0, 0.0, 1.2958464819467839, 0.0, 0.0, 0.0, 0.0, 0.0, 0.0, 0.0, 0.0, 0.0, 0.0, 0.0, 0.0, 0.0, 0.0, 0.0, 0.0, 0.0, 0.0, 0.0, 0.0], [0.0, 0.0, 0.0, 0.0, 0.0, 0.0, 0.0, 0.0, 0.0, 0.0, 0.0, 1.4037250945179294, 0.0, 1.4125029793923431, 0.0, 0.0, 0.10078822577987846, 0.0, 0.0, 0.0, 0.0, 0.0, 0.0, 0.0, 0.0, 0.0, 0.0, 0.0, 0.0, 0.0, 0.0, 0.0, 0.0, 0.9564142723893209, 0.0, 0.0, 0.0, 0.0], [0.0, 0.0, 0.0, 0.0, 0.0, 0.0, 0.0, 0.0, 0.0, 0.0, 0.0, 0.0, 1.4125029793923431, 0.0, 1.361406924997185, 0.0, 0.0, 0.0, 0.0, 0.7685988748758598, 0.0, 0.0, 0.0, 0.0, 0.0, 0.0, 0.0, 0.0, 0.0, 0.0, 0.0, 0.0, 0.0, 0.0, 0.0, 0.0, 0.0, 0.0], [0.0, 0.0, 0.0, 0.0, 0.0, 0.0, 0.0, 0.0, 0.0, 0.0, 0.0, 0.0, 0.0, 1.361406924997185, 0.0, 1.012057161798144, 1.414213607260451, 0.0, 0.0, 0.0, 0.0, 0.0, 0.0, 0.0, 0.0, 0.0, 0.0, 0.0, 0.0, 0.0, 0.0, 0.0, 0.0, 0.0, 0.0, 0.0, 0.0, 0.0], [0.0, 0.0, 0.0, 0.0, 0.0, 0.0, 0.0, 0.0, 0.0, 0.0, 0.0, 0.0, 0.0, 0.0, 1.012057161798144, 0.0, 0.0, 0.0, 0.0, 0.0, 0.0, 0.0, 0.0, 0.0, 0.0, 0.0, 0.0, 0.0, 0.0, 0.0, 0.0, 0.0, 0.0, 0.0, 0.0, 0.0, 0.0, 0.0], [0.0, 0.0, 0.0, 0.0, 0.0, 0.0, 0.0, 0.0, 0.0, 0.0, 0.0, 0.0, 0.10078822577987846, 0.0, 1.414213607260451, 0.0, 0.0, 1.3562260955185157, 0.0, 0.0, 0.0, 0.0, 0.0, 0.0, 0.0, 0.0, 0.0, 0.0, 0.0, 0.0, 0.0, 0.0, 0.0, 0.0, 0.9583860451576447, 0.0, 0.0, 0.0], [0.0, 0.0, 0.0, 0.0, 0.0, 0.0, 0.0, 0.0, 0.0, 0.0, 0.0, 1.2958464819467839, 0.0, 0.0, 0.0, 0.0, 1.3562260955185157, 0.0, 1.1477212957099914, 0.0, 0.0, 0.0, 0.0, 0.0, 0.0, 0.0, 0.0, 0.0, 0.0, 0.0, 0.0, 0.0, 0.0, 0.0, 0.0, 0.0, 0.0, 0.0], [0.0, 0.0, 0.0, 0.0, 0.0, 0.0, 0.0, 0.0, 0.0, 0.0, 0.0, 0.0, 0.0, 0.0, 0.0, 0.0, 0.0, 1.1477212957099914, 0.0, 0.0, 0.0, 0.0, 0.0, 0.0, 0.0, 0.0, 0.0, 0.0, 0.0, 0.0, 0.0, 0.0, 0.0, 0.0, 0.0, 0.800076416900531, 0.0, 0.0], [0.0, 0.0, 0.0, 0.0, 0.0, 0.0, 0.0, 0.0, 0.0, 0.0, 0.0, 0.0, 0.0, 0.7685988748758598, 0.0, 0.0, 0.0, 0.0, 0.0, 0.0, 0.9492657258029379, 1.6089953762128766, 1.5979955650084683, 0.0, 0.0, 0.0, 0.0, 0.0, 0.0, 0.0, 0.0, 0.0, 0.0, 0.0, 0.0, 0.0, 0.0, 0.0], [0.0, 0.0, 0.0, 0.0, 0.0, 0.0, 0.0, 0.0, 0.0, 0.0, 0.0, 0.0, 0.0, 0.0, 0.0, 0.0, 0.0, 0.0, 0.0, 0.9492657258029379, 0.0, 0.0, 0.0, 0.0, 0.0, 0.0, 0.0, 0.0, 0.0, 0.0, 0.0, 0.0, 0.0, 0.0, 0.0, 0.0, 0.939916088473115, 0.9393686093016201], [0.0, 0.0, 0.0, 0.0, 0.0, 0.0, 0.0, 0.0, 0.0, 0.0, 0.0, 0.0, 0.0, 0.0, 0.0, 0.0, 0.0, 0.0, 0.0, 1.6089953762128766, 0.0, 0.0, 0.11417790033085608, 0.0, 0.0, 0.0, 0.0, 0.0, 0.0, 0.0, 0.0, 0.0, 0.0, 0.0, 0.0, 0.0, 0.0, 0.0], [0.0, 0.0, 0.0, 0.0, 0.0, 0.0, 0.0, 0.0, 0.0, 0.0, 0.0, 0.0, 0.0, 0.0, 0.0, 0.0, 0.0, 0.0, 0.0, 1.5979955650084683, 0.0, 0.11417790033085608, 0.0, 0.0, 0.0, 0.0, 0.0, 0.0, 0.0, 0.0, 0.0, 0.0, 0.0, 0.0, 0.0, 0.0, 0.0, 0.0], [0.9688032003839211, 0.0, 0.0, 0.0, 0.0, 0.0, 0.0, 0.0, 0.0, 0.0, 0.0, 0.0, 0.0, 0.0, 0.0, 0.0, 0.0, 0.0, 0.0, 0.0, 0.0, 0.0, 0.0, 0.0, 0.0, 0.0, 0.0, 0.0, 0.0, 0.0, 0.0, 0.0, 0.0, 0.0, 0.0, 0.0, 0.0, 0.0], [0.9823589306424261, 0.0, 0.0, 0.0, 0.0, 0.0, 0.0, 0.0, 0.0, 0.0, 0.0, 0.0, 0.0, 0.0, 0.0, 0.0, 0.0, 0.0, 0.0, 0.0, 0.0, 0.0, 0.0, 0.0, 0.0, 0.0, 0.0, 0.0, 0.0, 0.0, 0.0, 0.0, 0.0, 0.0, 0.0, 0.0, 0.0, 0.0], [0.9731330808573564, 0.0, 0.0, 0.0, 0.0, 0.0, 0.0, 0.0, 0.0, 0.0, 0.0, 0.0, 0.0, 0.0, 0.0, 0.0, 0.0, 0.0, 0.0, 0.0, 0.0, 0.0, 0.0, 0.0, 0.0, 0.0, 0.0, 0.0, 0.0, 0.0, 0.0, 0.0, 0.0, 0.0, 0.0, 0.0, 0.0, 0.0], [0.0, 0.0, 0.9683422294518702, 0.0, 0.0, 0.0, 0.0, 0.0, 0.0, 0.0, 0.0, 0.0, 0.0, 0.0, 0.0, 0.0, 0.0, 0.0, 0.0, 0.0, 0.0, 0.0, 0.0, 0.0, 0.0, 0.0, 0.0, 0.0, 0.0, 0.0, 0.0, 0.0, 0.0, 0.0, 0.0, 0.0, 0.0, 0.0], [0.0, 0.0, 0.0, 0.9701317262746902, 0.0, 0.0, 0.0, 0.0, 0.0, 0.0, 0.0, 0.0, 0.0, 0.0, 0.0, 0.0, 0.0, 0.0, 0.0, 0.0, 0.0, 0.0, 0.0, 0.0, 0.0, 0.0, 0.0, 0.0, 0.0, 0.0, 0.0, 0.0, 0.0, 0.0, 0.0, 0.0, 0.0, 0.0], [0.0, 0.0, 0.0, 0.0, 0.9688088077119137, 0.0, 0.0, 0.0, 0.0, 0.0, 0.0, 0.0, 0.0, 0.0, 0.0, 0.0, 0.0, 0.0, 0.0, 0.0, 0.0, 0.0, 0.0, 0.0, 0.0, 0.0, 0.0, 0.0, 0.0, 0.0, 0.0, 0.0, 0.0, 0.0, 0.0, 0.0, 0.0, 0.0], [0.0, 0.0, 0.0, 0.0, 0.0, 0.0, 0.9811032696515115, 0.0, 0.0, 0.0, 0.0, 0.0, 0.0, 0.0, 0.0, 0.0, 0.0, 0.0, 0.0, 0.0, 0.0, 0.0, 0.0, 0.0, 0.0, 0.0, 0.0, 0.0, 0.0, 0.0, 0.0, 0.0, 0.0, 0.0, 0.0, 0.0, 0.0, 0.0], [0.0, 0.0, 0.0, 0.0, 0.0, 0.0, 0.9787215166410453, 0.0, 0.0, 0.0, 0.0, 0.0, 0.0, 0.0, 0.0, 0.0, 0.0, 0.0, 0.0, 0.0, 0.0, 0.0, 0.0, 0.0, 0.0, 0.0, 0.0, 0.0, 0.0, 0.0, 0.0, 0.0, 0.0, 0.0, 0.0, 0.0, 0.0, 0.0], [0.0, 0.0, 0.0, 0.0, 0.0, 0.0, 0.9594813695238198, 0.0, 0.0, 0.0, 0.0, 0.0, 0.0, 0.0, 0.0, 0.0, 0.0, 0.0, 0.0, 0.0, 0.0, 0.0, 0.0, 0.0, 0.0, 0.0, 0.0, 0.0, 0.0, 0.0, 0.0, 0.0, 0.0, 0.0, 0.0, 0.0, 0.0, 0.0], [0.0, 0.0, 0.0, 0.0, 0.0, 0.0, 0.0, 0.0, 0.9212268967613918, 0.0, 0.0, 0.0, 0.0, 0.0, 0.0, 0.0, 0.0, 0.0, 0.0, 0.0, 0.0, 0.0, 0.0, 0.0, 0.0, 0.0, 0.0, 0.0, 0.0, 0.0, 0.0, 0.0, 0.0, 0.0, 0.0, 0.0, 0.0, 0.0], [0.0, 0.0, 0.0, 0.0, 0.0, 0.0, 0.0, 0.0, 0.0, 0.0, 0.0, 0.0, 0.9564142723893209, 0.0, 0.0, 0.0, 0.0, 0.0, 0.0, 0.0, 0.0, 0.0, 0.0, 0.0, 0.0, 0.0, 0.0, 0.0, 0.0, 0.0, 0.0, 0.0, 0.0, 0.0, 0.0, 0.0, 0.0, 0.0], [0.0, 0.0, 0.0, 0.0, 0.0, 0.0, 0.0, 0.0, 0.0, 0.0, 0.0, 0.0, 0.0, 0.0, 0.0, 0.0, 0.9583860451576447, 0.0, 0.0, 0.0, 0.0, 0.0, 0.0, 0.0, 0.0, 0.0, 0.0, 0.0, 0.0, 0.0, 0.0, 0.0, 0.0, 0.0, 0.0, 0.0, 0.0, 0.0], [0.0, 0.0, 0.0, 0.0, 0.0, 0.0, 0.0, 0.0, 0.0, 0.0, 0.0, 0.0, 0.0, 0.0, 0.0, 0.0, 0.0, 0.0, 0.800076416900531, 0.0, 0.0, 0.0, 0.0, 0.0, 0.0, 0.0, 0.0, 0.0, 0.0, 0.0, 0.0, 0.0, 0.0, 0.0, 0.0, 0.0, 0.0, 0.0], [0.0, 0.0, 0.0, 0.0, 0.0, 0.0, 0.0, 0.0, 0.0, 0.0, 0.0, 0.0, 0.0, 0.0, 0.0, 0.0, 0.0, 0.0, 0.0, 0.0, 0.939916088473115, 0.0, 0.0, 0.0, 0.0, 0.0, 0.0, 0.0, 0.0, 0.0, 0.0, 0.0, 0.0, 0.0, 0.0, 0.0, 0.0, 0.0], [0.0, 0.0, 0.0, 0.0, 0.0, 0.0, 0.0, 0.0, 0.0, 0.0, 0.0, 0.0, 0.0, 0.0, 0.0, 0.0, 0.0, 0.0, 0.0, 0.0, 0.9393686093016201, 0.0, 0.0, 0.0, 0.0, 0.0, 0.0, 0.0, 0.0, 0.0, 0.0, 0.0, 0.0, 0.0, 0.0, 0.0, 0.0, 0.0]], "Born radii": [], "Atomic SASAs": [], "Solvent H bonds": [], "Total SASA": NaN, "Total FOD": 0.0, "FOD": [0.0, 0.0, 0.0, 0.0, 0.0, 0.0, 0.0, 0.0, 0.0, 0.0, 0.0, 0.0, 0.0, 0.0, 0.0, 0.0, 0.0, 0.0, 0.0, 0.0, 0.0, 0.0, 0.0, 0.0, 0.0, 0.0, 0.0, 0.0, 0.0, 0.0, 0.0, 0.0, 0.0, 0.0, 0.0, 0.0, 0.0, 0.0], "FOD s proportion": [0.0, 0.0, 0.0, 0.0, 0.0, 0.0, 0.0, 0.0, 0.0, 0.0, 0.0, 0.0, 0.0, 0.0, 0.0, 0.0, 0.0, 0.0, 0.0, 0.0, 0.0, 0.0, 0.0, 0.0, 0.0, 0.0, 0.0, 0.0, 0.0, 0.0, 0.0, 0.0, 0.0, 0.0, 0.0, 0.0, 0.0, 0.0], "FOD p proportion": [0.0, 0.0, 0.0, 0.0, 0.0, 0.0, 0.0, 0.0, 0.0, 0.0, 0.0, 0.0, 0.0, 0.0, 0.0, 0.0, 0.0, 0.0, 0.0, 0.0, 0.0, 0.0, 0.0, 0.0, 0.0, 0.0, 0.0, 0.0, 0.0, 0.0, 0.0, 0.0, 0.0, 0.0, 0.0, 0.0, 0.0, 0.0], "FOD d proportion": [0.0, 0.0, 0.0, 0.0, 0.0, 0.0, 0.0, 0.0, 0.0, 0.0, 0.0, 0.0, 0.0, 0.0, 0.0, 0.0, 0.0, 0.0, 0.0, 0.0, 0.0, 0.0, 0.0, 0.0, 0.0, 0.0, 0.0, 0.0, 0.0, 0.0, 0.0, 0.0, 0.0, 0.0, 0.0, 0.0, 0.0, 0.0], "coordinates": [["-2.04210", "2.20430", "1.50380"], ["-2.85400", "1.05330", "0.96760"], ["-4.24150", "1.07440", "1.18680"], ["-5.05230", "0.05770", "0.69960"], ["-4.48100", "-1.00980", "0.01680"], ["-3.09090", "-1.08040", "-0.19710"], ["-2.57940", "-2.34310", "-0.83800"], ["-2.27340", "-0.01230", "0.23310"], ["-0.87020", "0.03010", "0.02340"], ["-0.21160", "-0.34910", "-1.13160"], ["-0.73230", "-0.67950", "-2.19310"], ["1.27850", "-0.24740", "-1.10150"], ["1.99200", "-0.28750", "0.10420"], ["3.39600", "-0.17990", "0.10460"], ["4.09640", "-0.05510", "-1.09750"], ["5.81370", "0.07910", "-1.20730"], ["3.38570", "-0.03680", "-2.30110"], ["1.99430", "-0.13960", "-2.30240"], ["1.39470", "-0.12770", "-3.53370"], ["4.22880", "-0.22930", "1.66090"], ["5.02540", "1.24430", "1.72390"], ["5.22800", "-1.26780", "1.63740"], ["3.23460", "-0.14820", "2.70840"], ["-1.32920", "1.84800", "2.25430"], ["-2.67500", "2.95770", "1.98520"], ["-1.50490", "2.70370", "0.69090"], ["-4.70260", "1.89490", "1.73270"], ["-6.12610", "0.08740", "0.86420"], ["-5.12720", "-1.81300", "-0.33340"], ["-1.56430", "-2.58470", "-0.51040"], ["-3.19660", "-3.19970", "-0.54170"], ["-2.61830", "-2.26450", "-1.92800"], ["-0.36550", "0.67500", "0.61490"], ["1.46870", "-0.43160", "1.04750"], ["3.90920", "0.05110", "-3.25130"], ["0.44160", "-0.34990", "-3.41520"], ["4.71480", "1.77940", "2.53550"], ["6.03630", "1.09620", "1.69300"]], "bond_dist": [[0.0, 1.5071473219297442, 2.4928945765916377, 3.7836402101679805, 4.299981513913751, 3.8447752001905133, 5.143108524034856, 2.5654422113935835, 2.879597091608477, 4.100721274361377, 4.868156539184006, 4.881066004470744, 4.943876031010487, 6.100418173371396, 7.039377266491689, 8.577886213397797, 6.997199872806264, 6.022752743555061, 6.52887620421769, 6.72839328368965, 7.13579710053474, 8.057771489686214, 5.901599808526498, 1.094726609706734, 1.095408567613016, 1.0948929673716972, 2.688193411940443, 4.6442878646785015, 5.388120742893574, 5.217261300720906, 5.892381224937843, 5.663870683552018, 2.437188802698716, 4.413829985398169, 7.91613655390052, 6.073653293529357, 6.84840437693336, 8.156238643516998], [1.5071473219297442, 0.0, 1.404866577294798, 2.428078715775088, 2.794195993483635, 2.4424011525545923, 3.8563103453949346, 1.4184815719634851, 2.42361595967678, 3.6545374755227233, 4.182610574748741, 4.801098993980441, 5.101658573444523, 6.428689698531109, 7.334933450959184, 8.989342519895436, 7.127873020053037, 5.968410450027712, 6.301421615794329, 7.231305794253207, 7.917917342963364, 8.435334092375951, 6.4455439529957435, 2.1475940072555617, 2.166631053040642, 2.1495241008185975, 2.1704816354901513, 3.4132525221553704, 3.882745797757046, 4.133140947270006, 4.525855747811677, 4.409971733469502, 2.5416806309998905, 4.5713288341575256, 8.033952718929829, 5.660290225774647, 7.763521434246189, 8.919948411285796], [2.4928945765916377, 1.404866577294798, 0.0, 1.3886826023249514, 2.402113629701976, 2.807529627626394, 4.306007164415777, 2.4421052782384303, 3.7161439342415146, 4.862244833407713, 5.178259732767371, 6.119956873214059, 6.471732118992565, 7.8151027875518055, 8.718622204798187, 10.384092831826957, 8.460164991889933, 7.248000709161113, 7.449490928915882, 8.58314549509677, 9.28400657205713, 9.765263511549497, 7.726712659986782, 3.196795974096564, 2.5764672906908794, 3.223277037426352, 1.0880442408284692, 2.1517334686247738, 3.381205597120648, 4.841167265236764, 4.72730991897083, 4.8461335608916105, 3.9382694130798117, 5.907099502293829, 9.336904465078348, 6.718516212676725, 9.084675359086862, 10.290281168170285], [3.7836402101679805, 2.428078715775088, 1.3886826023249514, 0.0, 1.3900200646033856, 2.438530799477423, 3.774028194118322, 2.818653483491718, 4.236504291276004, 5.191450295437682, 5.2510548587878985, 6.589087634870248, 7.077840538610628, 8.47255874278839, 9.32421599599666, 11.03207512528808, 8.956169646673738, 7.66195163453803, 7.714856515191971, 9.335163838947873, 10.198884612544648, 10.407736890409943, 8.529383556858022, 4.414038942963689, 3.964129494605342, 4.425543859233573, 2.1365602121166627, 1.086748218310019, 2.1382744211162423, 4.540101514283573, 3.949063552286795, 4.268635683681613, 4.72803633869284, 6.548579227588226, 9.793780507036084, 6.8760929320363315, 10.086179757965846, 11.181340517576592], [4.299981513913751, 2.794195993483635, 2.402113629701976, 1.3900200646033856, 0.0, 1.4082313659338794, 2.4747635220359943, 2.4321368588136645, 3.7575673260768063, 4.470248696661071, 4.364115923070789, 5.916391543838187, 6.513761206092836, 7.921084007255573, 8.702005937713443, 10.42424923483701, 8.25859299759953, 6.932924835161564, 6.921560600760497, 8.89791330031935, 9.91800373966455, 9.846704492366976, 8.216906259657586, 4.8070022186389725, 4.783021096545572, 4.806419069328016, 3.3809320401333123, 2.1513457671885288, 1.0887353764804377, 3.3563952002110833, 2.5994744891996917, 2.9708871435986928, 4.487049687712406, 6.065936681172991, 9.066501114542477, 6.0370591159934825, 9.934094018580659, 10.856264630617659], [3.8447752001905133, 2.4424011525545923, 2.807529627626394, 2.438530799477423, 1.4082313659338794, 0.0, 1.5055883733610593, 1.4121670935126622, 2.4926570141116486, 3.114234806497416, 3.115723153619397, 4.539106158705698, 5.1531878007695395, 6.55605024004545, 7.315684625515237, 9.03641773326134, 6.889286212663834, 5.583605624504654, 5.671079633544216, 7.5996409980998445, 8.658452331681454, 8.520833657571306, 7.0230247998992565, 4.205766922928564, 4.608867291428557, 4.198017723878735, 3.8953966447590416, 3.420899526440378, 2.168363009276814, 2.1660062188276377, 2.1497335044139776, 2.1497577491429123, 3.3419422975269937, 4.770736081570641, 7.720740243007791, 4.834082551012136, 8.750686332511297, 9.571616656030473], [5.143108524034856, 3.8563103453949346, 4.306007164415777, 3.774028194118322, 2.4747635220359943, 1.5055883733610593, 0.0, 2.583315669832086, 3.0488445089902507, 3.1094555471979333, 2.8311904527954317, 4.398270472583513, 5.1000911913415825, 6.424432594400847, 7.061769600461346, 8.743429701209932, 6.560647781278919, 5.283806516139667, 5.288503234375488, 7.554087561711209, 8.79009405012256, 8.260712439614394, 7.155217325141145, 5.3563643023976635, 6.006502995920338, 5.3816610539869565, 5.392320532943122, 4.624272481158523, 2.6508323240069336, 1.0936728624227632, 1.0965824592797386, 1.093522368312601, 4.0151213219528, 4.857577185181929, 7.325171703789612, 4.443112319084451, 9.032212472035852, 9.615873958200577], [2.5654422113935835, 1.4184815719634851, 2.4421052782384303, 2.818653483491718, 2.4321368588136645, 1.4121670935126622, 2.583315669832086, 0.0, 1.4194161088278519, 2.4953676222152117, 2.9506933913912503, 3.8016342249090718, 4.276211806026451, 5.673332210438588, 6.507432691930052, 8.214882380776976, 6.200659860047155, 4.965705270150454, 5.258997719147632, 6.660653622580895, 7.554734253433406, 7.734296393337924, 6.040169111870958, 2.9047339241314343, 3.471604379822102, 2.859515534142104, 3.4332527783430105, 3.9053200368215664, 3.4216395455979876, 2.7699922057652073, 3.4076578525432977, 3.1403366157149453, 2.0635491125728027, 3.8525799485539554, 7.097154759479323, 4.560185484166187, 7.572725657912084, 8.509476737731879], [2.879597091608477, 2.42361595967678, 3.7161439342415146, 4.236504291276004, 3.7575673260768063, 2.4926570141116486, 3.0488445089902507, 1.4194161088278519, 0.0, 1.3825959641196701, 2.331398897657799, 2.4411714298672265, 2.8809004217431746, 4.272137156037947, 5.092228530810455, 6.796436029272989, 4.849789755236818, 3.693711409950702, 4.219909153050573, 5.361762360455748, 6.254924559896786, 6.440309282169607, 4.908197116049843, 2.9141647551228123, 3.959394403188447, 2.8278149338314202, 4.592001229311682, 5.323036045341042, 4.652566264976782, 2.7575163263342617, 4.020333693861742, 3.4826720675366496, 1.010193224091312, 2.5946870543477876, 5.793683236940038, 3.6998904308100804, 6.368902723389642, 7.184975686806462], [4.100721274361377, 3.6545374755227233, 4.862244833407713, 5.191450295437682, 4.470248696661071, 3.114234806497416, 3.1094555471979333, 2.4953676222152117, 1.3825959641196701, 0.0, 1.2276297894723798, 1.4938697767877895, 2.5272216285874096, 3.8172761021440405, 4.318155023849885, 6.040970602477716, 3.7955011302856962, 2.506124039228705, 2.8981549406475837, 5.24686196216367, 6.174056430743081, 6.172569874047599, 5.1635506436947045, 4.188149589018998, 5.168917492086714, 3.7833475891067687, 5.780037326004046, 6.257400429890994, 5.19068876065595, 2.685813487567594, 4.16942770293478, 3.1772968086094817, 2.030450262872745, 2.752942271461572, 4.651266576965892, 2.3751841697013725, 6.499811660348321, 7.007389789358089], [4.868156539184006, 4.182610574748741, 5.178259732767371, 5.2510548587878985, 4.364115923070789, 3.115723153619397, 2.8311904527954317, 2.9506933913912503, 2.331398897657799, 1.2276297894723798, 0.0, 2.328436730942028, 3.5851167038187195, 4.750987933051398, 4.990647093313651, 6.663136768819922, 4.169250686874082, 2.781687628041653, 2.574066937746569, 6.298294153975345, 7.224611043509539, 7.109430584090402, 6.3279757861420425, 5.150137145746703, 5.870391641108794, 4.512250990359468, 6.1483919108983285, 6.247263187988802, 4.9049416255445895, 2.6746009664994888, 3.892467660751981, 2.4778012450557854, 3.139120336973401, 3.925218945485716, 4.8163353132854025, 1.7263272517109844, 7.620810034372987, 8.004300697749928], [4.881066004470744, 4.801098993980441, 6.119956873214059, 6.589087634870248, 5.916391543838187, 4.539106158705698, 4.398270472583513, 3.8016342249090718, 2.4411714298672265, 1.4938697767877895, 2.328436730942028, 0.0, 1.4015715286777197, 2.4378350456911555, 2.8244567088202994, 4.548168304933316, 2.433862025670313, 1.4021951682986218, 2.437914553465728, 4.041713926046721, 4.92415613684213, 4.913383724074479, 4.283865761202141, 4.738374625333037, 5.952356268739297, 4.434975144237, 6.956701527304445, 7.668387619962883, 6.638830729880074, 3.727449844062291, 5.390359110486054, 4.465069417153557, 2.5494287046316866, 2.165249796212899, 3.410472808863897, 2.4625424970952277, 5.398503952948446, 5.6790097772411], [4.943876031010487, 5.101658573444523, 6.471732118992565, 7.077840538610628, 6.513761206092836, 5.1531878007695395, 5.1000911913415825, 4.276211806026451, 2.8809004217431746, 2.5272216285874096, 3.5851167038187195, 1.4015715286777197, 0.0, 1.408117154216935, 2.43445928493372, 4.057070211371748, 2.7911858178917432, 2.4111414848573283, 3.690070424802215, 2.7257982995812435, 3.764486006083699, 3.71259832597064, 2.8888262131876328, 4.495960375715071, 5.987518103521692, 4.638944269982126, 7.227209085808989, 8.162211564275948, 7.293946301557203, 4.2780989574809976, 5.984953267152551, 5.412322230798901, 2.5971189787916917, 1.0883118073419953, 3.879392484655297, 3.846272257654156, 4.194870098107926, 4.560183507272487], [6.100418173371396, 6.428689698531109, 7.8151027875518055, 8.47255874278839, 7.921084007255573, 6.55605024004545, 6.424432594400847, 5.673332210438588, 4.272137156037947, 3.8172761021440405, 4.750987933051398, 2.4378350456911555, 1.408117154216935, 0.0, 1.3968463086538905, 2.762867333043699, 2.409974313141117, 2.785684113462975, 4.152728430803054, 1.765804601307857, 2.7028545077380692, 2.624733557906402, 2.608990090054004, 5.573248921410205, 7.087893277977596, 5.716442727780976, 8.517207676815215, 9.556088627676075, 8.689292137452854, 5.5466984891915665, 7.280059786155606, 6.68197758227308, 3.8910335837666574, 2.160300578623262, 3.402763590083801, 4.598518391830134, 3.389301512111308, 3.335060698098312], [7.039377266491689, 7.334933450959184, 8.718622204798187, 9.32421599599666, 8.702005937713443, 7.315684625515237, 7.061769600461346, 6.507432691930052, 5.092228530810455, 4.318155023849885, 4.990647093313651, 2.8244567088202994, 2.43445928493372, 1.3968463086538905, 0.0, 1.7260315669187511, 1.397884952347653, 2.424406869731234, 3.6386156831960146, 2.7670645023201033, 3.2421874282650593, 3.198568095257626, 3.903362865530183, 6.655335319125551, 8.026945937901912, 6.494914448243333, 9.446424352102756, 10.409999010086409, 9.42066123900016, 6.22792799091319, 7.961486783258514, 7.117469683813202, 4.834657317742385, 3.412855774860696, 2.164526904429696, 4.337764789612272, 4.116612419210727, 3.588257787562092], [8.577886213397797, 8.989342519895436, 10.384092831826957, 11.03207512528808, 10.42424923483701, 9.03641773326134, 8.743429701209932, 8.214882380776976, 6.796436029272989, 6.040970602477716, 6.663136768819922, 4.548168304933316, 4.057070211371748, 2.762867333043699, 1.7260315669187511, 0.0, 2.665523447655263, 3.979307736277756, 4.998246112387824, 3.2914419043938783, 3.2513137913772643, 3.2014843729120406, 4.69426550058686, 8.132201558003835, 9.515062895220398, 8.00334894653482, 11.069475838087367, 12.118168392129233, 11.137640523468153, 7.875048193503327, 9.611402545414483, 8.781258078999842, 6.469777607460708, 4.921784486342327, 2.793893385582206, 5.823943837297883, 4.255250067857352, 3.0815228800059233], [6.997199872806264, 7.127873020053037, 8.460164991889933, 8.956169646673738, 8.25859299759953, 6.889286212663834, 6.560647781278919, 6.200659860047155, 4.849789755236818, 3.7955011302856962, 4.169250686874082, 2.433862025670313, 2.7911858178917432, 2.409974313141117, 1.397884952347653, 2.665523447655263, 0.0, 1.395192993818418, 2.3434262459057678, 4.055282710243516, 4.531054877178161, 4.518983573769659, 5.013016199854135, 6.821614340462234, 8.004466405076606, 6.35455526453268, 9.242489070591319, 10.025412159607205, 8.916063937635261, 5.848153631702916, 7.5117306967169695, 6.4148162015758485, 4.804291485744802, 3.8786438351568195, 1.0884202772826315, 3.163380348614437, 5.334584220911691, 4.9256678907534965], [6.022752743555061, 5.968410450027712, 7.248000709161113, 7.66195163453803, 6.932924835161564, 5.583605624504654, 5.283806516139667, 4.965705270150454, 3.693711409950702, 2.506124039228705, 2.781687628041653, 1.4021951682986218, 2.4111414848573283, 2.785684113462975, 2.424406869731234, 3.979307736277756, 1.395192993818418, 0.0, 1.369584411418296, 4.550690412453917, 5.226264259487842, 5.22031368501932, 5.162028156645409, 5.979943218793972, 7.055433618141412, 5.411894346714466, 8.078966014905621, 8.718932315369813, 7.575816181112105, 4.674763306307605, 6.277716090267224, 5.092293602101121, 3.8396443181628164, 3.4034319987330437, 2.1456047422579956, 1.9218291339242415, 5.872730000604489, 5.816200374815159], [6.52887620421769, 6.301421615794329, 7.449490928915882, 7.714856515191971, 6.921560600760497, 5.671079633544216, 5.288503234375488, 5.258997719147632, 4.219909153050573, 2.8981549406475837, 2.574066937746569, 2.437914553465728, 3.690070424802215, 4.152728430803054, 3.6386156831960146, 4.998246112387824, 2.3434262459057678, 1.369584411418296, 0.0, 5.918303348933713, 6.5350381980520975, 6.537147092577923, 6.50764663069531, 6.695070253552236, 7.519335639536249, 5.854207997671418, 8.30680125018048, 8.714942630906988, 7.4577031175825175, 4.892123556289232, 6.282458411322753, 4.821654874625516, 4.577500768978636, 4.591865051370739, 2.5366177185378174, 0.9858066240394209, 7.176021394895643, 7.096532580070354], [6.72839328368965, 7.231305794253207, 8.58314549509677, 9.335163838947873, 8.89791330031935, 7.5996409980998445, 7.554087561711209, 6.660653622580895, 5.361762360455748, 5.24686196216367, 6.298294153975345, 4.041713926046721, 2.7257982995812435, 1.765804601307857, 2.7670645023201033, 3.2914419043938783, 4.055282710243516, 4.550690412453917, 5.918303348933713, 0.0, 1.6763166526644067, 1.4413310306796285, 1.4464671098922366, 5.963108488867195, 7.610820844692114, 6.512964355038341, 9.18081079425995, 10.390331264690266, 9.69639490635566, 6.619853507442593, 8.295256962867395, 7.9940615872033405, 4.79786066700566, 2.834666975148932, 4.930565602443598, 6.334368114500451, 2.244102682588299, 2.2416594099015135], [7.13579710053474, 7.917917342963364, 9.28400657205713, 10.198884612544648, 9.91800373966455, 8.658452331681454, 8.79009405012256, 7.554734253433406, 6.254924559896786, 6.174056430743081, 7.224611043509539, 4.92415613684213, 3.764486006083699, 2.7028545077380692, 3.2421874282650593, 3.2513137913772643, 4.531054877178161, 5.226264259487842, 6.5350381980520975, 1.6763166526644067, 0.0, 2.5217405536652655, 2.472905404579804, 6.405210301777765, 7.893046142649871, 6.770653989829935, 9.74973547333465, 11.244263157272691, 10.800687632738946, 7.942133440077673, 9.616827094213559, 9.169198478602151, 5.533153377595817, 3.9895203546291125, 5.236625222411854, 7.06845420795806, 1.0205385490024372, 1.0221581237753772], [8.057771489686214, 8.435334092375951, 9.765263511549497, 10.407736890409943, 9.846704492366976, 8.520833657571306, 8.260712439614394, 7.734296393337924, 6.440309282169607, 6.172569874047599, 7.109430584090402, 4.913383724074479, 3.71259832597064, 2.624733557906402, 3.198568095257626, 3.2014843729120406, 4.518983573769659, 5.22031368501932, 6.537147092577923, 1.4413310306796285, 2.5217405536652655, 0.0, 2.5247155720991623, 7.2859897810798495, 8.968457174453139, 7.8740470477385385, 10.4225030458139, 11.460802419115337, 10.555162846683134, 7.244488231752468, 8.913730957348893, 8.67582340415018, 6.008928385327953, 3.896094062006203, 5.232410375725513, 7.020037900894837, 3.217978509872308, 2.498987044784346], [5.901599808526498, 6.4455439529957435, 7.726712659986782, 8.529383556858022, 8.216906259657586, 7.0230247998992565, 7.155217325141145, 6.040169111870958, 4.908197116049843, 5.1635506436947045, 6.3279757861420425, 4.283865761202141, 2.8888262131876328, 2.608990090054004, 3.903362865530183, 4.69426550058686, 5.013016199854135, 5.162028156645409, 6.50764663069531, 1.4464671098922366, 2.472905404579804, 2.5247155720991623, 0.0, 5.001928796974223, 6.715132553419925, 5.8878264334132675, 8.253810752616031, 9.54354679822968, 9.052281785273811, 6.271096148202481, 7.825288218334198, 7.760887130992178, 4.245129032196783, 2.440759549812312, 6.001069049761051, 6.733499004975051, 2.4364991709417843, 3.229410381168674], [1.094726609706734, 2.1475940072555617, 3.196795974096564, 4.414038942963689, 4.8070022186389725, 4.205766922928564, 5.3563643023976635, 2.9047339241314343, 2.9141647551228123, 4.188149589018998, 5.150137145746703, 4.738374625333037, 4.495960375715071, 5.573248921410205, 6.655335319125551, 8.132201558003835, 6.821614340462234, 5.979943218793972, 6.695070253552236, 5.963108488867195, 6.405210301777765, 7.2859897810798495, 5.001928796974223, 0.0, 1.7649437781413888, 1.7908971327242669, 3.413809269716163, 5.295501862902137, 5.875705599330177, 5.229499726551289, 6.064987555634389, 6.0055031720914105, 2.234340853585236, 3.805415458264708, 7.809053433675556, 6.333224084145452, 6.050926821570395, 7.42501523096081], [1.095408567613016, 2.166631053040642, 2.5764672906908794, 3.964129494605342, 4.783021096545572, 4.608867291428557, 6.006502995920338, 3.471604379822102, 3.959394403188447, 5.168917492086714, 5.870391641108794, 5.952356268739297, 5.987518103521692, 7.087893277977596, 8.026945937901912, 9.515062895220398, 8.004466405076606, 7.055433618141412, 7.519335639536249, 7.610820844692114, 7.893046142649871, 8.968457174453139