{"total energy": -27.21633981, "HOMO-LUMO gap/eV": 11.75812693, "electronic energy": -27.56099106, "dipole": [-0.58553989, 0.1974721, 0.33810899], "partial charges": [-0.10020782, -0.0525593, -0.05800232, -0.06232792, 0.11534013, -0.4510653, -0.065951, -0.10358387, 0.03188807, 0.03396852, 0.03079214, 0.02953681, 0.02632489, 0.0488856, 0.02893898, 0.03412359, 0.04497856, 0.01196741, 0.28068342, 0.04173947, 0.0270258, 0.03679405, 0.0336336, 0.0370765], "atomic dipole moments": [[-0.09053495, 0.0264991, -0.0386346], [0.01450748, -0.08872274, 0.06525319], [-0.0265072, 0.09853404, -0.06759383], [-0.00818977, -0.08622902, 0.07892868], [0.02760648, -0.12821275, -0.1210503], [-0.15284185, 0.13541511, 0.12179843], [0.05828508, 0.06125034, 0.07747288], [0.03980514, -0.09443436, -0.03095266], [-0.00230629, 0.00036255, 0.12572926], [0.03581723, -0.11473253, -0.03879143], [0.08710501, 0.08090489, -0.0362561], [0.01130569, 0.00449001, -0.12300191], [-0.02515017, 0.11428667, 0.03598047], [0.03147648, -0.11875018, -0.03629266], [-0.00791811, -0.00412026, 0.12346037], [-0.02089702, 0.11811994, 0.03190298], [0.01338828, -0.00100792, -0.12621469], [-0.00378856, -0.01286763, 0.11889945], [-0.05880631, -0.03958643, 0.03276439], [-0.00122525, -0.00420517, -0.12609624], [-0.08453309, -0.08243075, 0.02324864], [0.0685768, 0.09697418, -0.04417914], [-0.00504383, 0.00700504, 0.12605528], [-0.11568247, 0.01788139, -0.0423523]], "atomic quadrupole moments": [[0.1647938, -0.07181412, -0.09334062, 0.11813085, -0.04297416, -0.07145318], [0.21141977, 0.06513877, -0.05990721, 0.0574088, -0.10371088, -0.15151256], [0.2146325, 0.07749626, -0.07174158, 0.06259535, -0.12032979, -0.14289093], [0.2064819, 0.06928463, -0.05560227, 0.03400598, -0.11789238, -0.15087963], [-0.01833797, -0.07934719, 0.29737655, -0.00858091, 0.12926805, -0.27903858], [-0.04474008, -0.05006102, 0.12698658, -0.0482391, 0.07832057, -0.0822465], [0.07177694, -0.169269, 0.08565248, 0.07831867, 0.06050863, -0.15742942], [-0.06606834, -0.10555073, 0.15519511, -0.03181222, 0.10392384, -0.08912677], [-0.02979199, -0.00933348, -0.04924574, -0.01412726, 0.00119879, 0.07903773], [-0.03205188, -0.02357586, 0.05934588, 0.00350029, 0.04202615, -0.027294], [0.02035933, 0.0528098, 0.01397309, -0.01936252, -0.03616002, -0.03433242], [-0.01801028, 0.00362232, -0.0376474, -0.00439519, 0.00962781, 0.05565768], [-0.01229834, -0.01733479, 0.0366464, -0.00841987, 0.0347942, -0.02434806], [-0.01477877, -0.01238563, 0.0338402, -0.00664907, 0.03224567, -0.01906143], [-0.02094004, 0.00266854, -0.03654627, -0.00780131, 0.00919836, 0.05748632], [-0.01283154, -0.02085501, 0.04376652, -0.003391, 0.0361275, -0.03093497], [-0.01519962, -0.00287144, -0.04257988, -0.00163094, 0.01125779, 0.05777949], [-0.0230802, 0.00031369, 0.00221904, -0.006177, 0.01287638, 0.02086116], [0.02506934, 0.08982339, 0.02927812, -0.0639901, -0.02973318, -0.05434745], [-0.02939525, -0.00742468, -0.0257175, -0.0200349, -0.0117909, 0.05511274], [0.01216003, 0.03134454, 0.0181629, -0.02661864, -0.02912041, -0.03032293], [0.00907082, 0.04882898, 0.0184492, -0.0383919, -0.02140551, -0.02752002], [-0.05146352, -0.00626809, -0.02967072, 0.00312344, -0.00506085, 0.08113424], [0.06271238, -0.01179653, -0.0283297, 0.04667654, 0.00524343, -0.03438269]], "number of molecular orbitals": 48, "number of electrons": 50, "number of unpaired electrons": 0, "orbital energies/eV": [-18.4681625, -17.15297672, -16.78918515, -16.5459737, -16.07297419, -15.6231507, -15.27475969, -15.15772259, -14.9578408, -14.0473872, -13.95461585, -13.77612182, -13.54254249, -13.13148793, -13.02146188, -12.86309837, -12.49647553, -12.36283606, -12.22854285, -11.92782998, -11.78020494, -11.72026198, -11.36505746, -11.27227744, -10.92156808, 0.83655885, 1.42365092, 2.41444517, 2.98584186, 3.28227349, 3.38925737, 3.82723841, 3.9170563, 4.06565043, 4.38098019, 4.68509205, 4.9363241, 5.10978299, 5.20495629, 5.35856317, 6.04135532, 6.50570613, 6.72695803, 7.07295839, 7.39992232, 7.55682131, 7.77967843, 8.52672652], "fractional occupation": [2.0, 2.0, 2.0, 2.0, 2.0, 2.0, 2.0, 2.0, 2.0, 2.0, 2.0, 2.0, 2.0, 2.0, 2.0, 2.0, 2.0, 2.0, 2.0, 2.0, 2.0, 2.0, 2.0, 2.0, 2.0, 0.0, 0.0, 0.0, 0.0, 0.0, 0.0, 0.0, 0.0, 0.0, 0.0, 0.0, 0.0, 0.0, 0.0, 0.0, 0.0, 0.0, 0.0, 0.0, 0.0, 0.0, 0.0, 0.0], "program call": "xtb /home/svss/Project-DBcg-Debug/aqme2_20220329/End-to-End-workflows-final/example-3/QDESCP/mol_1052_rdkit_conf_3/mol_1052_rdkit_conf_3.xyz --pop --wbo --acc 0.2 --gfn 2 --chrg 0 --uhf 0 --etemp 300 --input /home/svss/Project-DBcg-Debug/aqme2_20220329/End-to-End-workflows-final/example-3/QDESCP/mol_1052_rdkit_conf_3/mol_1052_rdkit_conf_3_xtb.inp", "method": "GFN2-xTB", "xtb version": "6.3.3 (7355c4f)", "Dipole module/D": 1.79, "Total charge": 0, "Transition dipole module/D": NaN, "HOMO": -10.9216, "LUMO": 0.8366, "HOMO occupancy": 2.0, "LUMO occupancy": 0, "mulliken charges": [-0.08304, -0.04012, -0.04072, -0.05406, 0.21878, -0.57029, -0.06558, -0.08636, 0.02553, 0.02792, 0.02674, 0.02267, 0.01876, 0.03833, 0.01891, 0.01998, 0.03525, 0.00779, 0.33375, 0.03492, 0.0234, 0.0289, 0.02631, 0.03223], "cm5 charges": [-0.23338, -0.15268, -0.15026, -0.15959, 0.17109, -0.7816, -0.17353, -0.23664, 0.07682, 0.07922, 0.07753, 0.07739, 0.07347, 0.09653, 0.07479, 0.07657, 0.09311, 0.07435, 0.50308, 0.0918, 0.0804, 0.08069, 0.07781, 0.08303], "FUKUI+": [0.01, -0.008, -0.014, 0.001, -0.043, -0.119, -0.001, 0.008, -0.033, -0.033, -0.063, -0.037, -0.039, -0.041, -0.042, -0.084, -0.057, -0.074, -0.091, -0.052, -0.059, -0.034, -0.039, -0.055], "FUKUI-": [0.019, 0.007, 0.007, 0.014, -0.003, -0.097, -0.004, 0.017, -0.065, -0.066, -0.058, -0.082, -0.087, -0.067, -0.059, -0.044, -0.044, -0.076, -0.051, -0.055, -0.05, -0.036, -0.045, -0.072], "FUKUIrad": [0.014, -0.001, -0.003, 0.007, -0.023, -0.108, -0.003, 0.013, -0.049, -0.05, -0.06, -0.06, -0.063, -0.054, -0.051, -0.064, -0.051, -0.075, -0.071, -0.054, -0.055, -0.035, -0.042, -0.063], "s proportion": [1.007, 1.028, 1.031, 1.035, 1.021, 1.699, 1.038, 1.007, 0.974, 0.972, 0.973, 0.977, 0.981, 0.962, 0.981, 0.98, 0.965, 0.992, 0.666, 0.965, 0.977, 0.971, 0.974, 0.968], "p proportion": [3.076, 3.013, 3.01, 3.019, 2.761, 4.872, 3.027, 3.079, 0.0, 0.0, 0.0, 0.0, 0.0, 0.0, 0.0, 0.0, 0.0, 0.0, 0.0, 0.0, 0.0, 0.0, 0.0, 0.0], "d proportion": [0.0, 0.0, 0.0, 0.0, 0.0, 0.0, 0.0, 0.0, 0.0, 0.0, 0.0, 0.0, 0.0, 0.0, 0.0, 0.0, 0.0, 0.0, 0.0, 0.0, 0.0, 0.0, 0.0, 0.0], "Fermi-level/eV": -5.0425, "Coordination numbers": [3.75, 3.8, 3.801, 3.8, 3.724, 1.653, 3.799, 3.749, 0.924, 0.924, 0.924, 0.924, 0.924, 0.924, 0.924, 0.924, 0.924, 0.924, 0.804, 0.924, 0.924, 0.924, 0.924, 0.924], "Dispersion coefficient C6": [22.477, 21.518, 21.617, 21.698, 18.794, 21.867, 21.766, 22.544, 2.56, 2.531, 2.575, 2.593, 2.639, 2.334, 2.602, 2.529, 2.384, 2.859, 0.782, 2.426, 2.629, 2.492, 2.536, 2.488], "Total dispersion C6": 3818.825464, "Total dispersion C8": 79075.117081, "Polarizability alpha": [6.761, 6.605, 6.62, 6.632, 6.191, 6.313, 6.643, 6.772, 2.502, 2.488, 2.51, 2.518, 2.541, 2.389, 2.522, 2.487, 2.415, 2.644, 1.389, 2.436, 2.536, 2.469, 2.49, 2.467], "Total polarizability alpha": 91.337693, "Wiberg matrix": [[0.0, 1.0201779130659157, 0.0, 0.0, 0.0, 0.0, 0.0, 0.0, 0.9877351027141372, 0.9876210259951941, 0.9874034884590954, 0.0, 0.0, 0.0, 0.0, 0.0, 0.0, 0.0, 0.0, 0.0, 0.0, 0.0, 0.0, 0.0], [1.0201779130659157, 0.0, 1.0077201649559862, 0.0, 0.0, 0.0, 0.0, 0.0, 0.0, 0.0, 0.0, 0.9781104343744556, 0.9780190085430895, 0.0, 0.0, 0.0, 0.0, 0.0, 0.0, 0.0, 0.0, 0.0, 0.0, 0.0], [0.0, 1.0077201649559862, 0.0, 1.0061116595681372, 0.0, 0.0, 0.0, 0.0, 0.0, 0.0, 0.0, 0.0, 0.0, 0.9760752806296841, 0.9773634059624958, 0.0, 0.0, 0.0, 0.0, 0.0, 0.0, 0.0, 0.0, 0.0], [0.0, 0.0, 1.0061116595681372, 0.0, 0.9945735604477329, 0.0, 0.0, 0.0, 0.0, 0.0, 0.0, 0.0, 0.0, 0.0, 0.0, 0.9729006001055157, 0.9754858910345658, 0.0, 0.0, 0.0, 0.0, 0.0, 0.0, 0.0], [0.0, 0.0, 0.0, 0.9945735604477329, 0.0, 0.9774511855127793, 0.9885916171793251, 0.0, 0.0, 0.0, 0.0, 0.0, 0.0, 0.0, 0.0, 0.0, 0.0, 0.9639572957317329, 0.0, 0.0, 0.0, 0.0, 0.0, 0.0], [0.0, 0.0, 0.0, 0.0, 0.9774511855127793, 0.0, 0.0, 0.0, 0.0, 0.0, 0.0, 0.0, 0.0, 0.0, 0.0, 0.0, 0.0, 0.0, 0.9047776458804121, 0.0, 0.0, 0.0, 0.0, 0.0], [0.0, 0.0, 0.0, 0.0, 0.9885916171793251, 0.0, 0.0, 1.0201603273654463, 0.0, 0.0, 0.0, 0.0, 0.0, 0.0, 0.0, 0.0, 0.0, 0.0, 0.0, 0.976212503108957, 0.9745830472549407, 0.0, 0.0, 0.0], [0.0, 0.0, 0.0, 0.0, 0.0, 0.0, 1.0201603273654463, 0.0, 0.0, 0.0, 0.0, 0.0, 0.0, 0.0, 0.0, 0.0, 0.0, 0.0, 0.0, 0.0, 0.0, 0.9853601367680535, 0.9872366262951763, 0.9867599133393373], [0.9877351027141372, 0.0, 0.0, 0.0, 0.0, 0.0, 0.0, 0.0, 0.0, 0.0, 0.0, 0.0, 0.0, 0.0, 0.0, 0.0, 0.0, 0.0, 0.0, 0.0, 0.0, 0.0, 0.0, 0.0], [0.9876210259951941, 0.0, 0.0, 0.0, 0.0, 0.0, 0.0, 0.0, 0.0, 0.0, 0.0, 0.0, 0.0, 0.0, 0.0, 0.0, 0.0, 0.0, 0.0, 0.0, 0.0, 0.0, 0.0, 0.0], [0.9874034884590954, 0.0, 0.0, 0.0, 0.0, 0.0, 0.0, 0.0, 0.0, 0.0, 0.0, 0.0, 0.0, 0.0, 0.0, 0.0, 0.0, 0.0, 0.0, 0.0, 0.0, 0.0, 0.0, 0.0], [0.0, 0.9781104343744556, 0.0, 0.0, 0.0, 0.0, 0.0, 0.0, 0.0, 0.0, 0.0, 0.0, 0.0, 0.0, 0.0, 0.0, 0.0, 0.0, 0.0, 0.0, 0.0, 0.0, 0.0, 0.0], [0.0, 0.9780190085430895, 0.0, 0.0, 0.0, 0.0, 0.0, 0.0, 0.0, 0.0, 0.0, 0.0, 0.0, 0.0, 0.0, 0.0, 0.0, 0.0, 0.0, 0.0, 0.0, 0.0, 0.0, 0.0], [0.0, 0.0, 0.9760752806296841, 0.0, 0.0, 0.0, 0.0, 0.0, 0.0, 0.0, 0.0, 0.0, 0.0, 0.0, 0.0, 0.0, 0.0, 0.0, 0.0, 0.0, 0.0, 0.0, 0.0, 0.0], [0.0, 0.0, 0.9773634059624958, 0.0, 0.0, 0.0, 0.0, 0.0, 0.0, 0.0, 0.0, 0.0, 0.0, 0.0, 0.0, 0.0, 0.0, 0.0, 0.0, 0.0, 0.0, 0.0, 0.0, 0.0], [0.0, 0.0, 0.0, 0.9729006001055157, 0.0, 0.0, 0.0, 0.0, 0.0, 0.0, 0.0, 0.0, 0.0, 0.0, 0.0, 0.0, 0.0, 0.0, 0.0, 0.0, 0.0, 0.0, 0.0, 0.0], [0.0, 0.0, 0.0, 0.9754858910345658, 0.0, 0.0, 0.0, 0.0, 0.0, 0.0, 0.0, 0.0, 0.0, 0.0, 0.0, 0.0, 0.0, 0.0, 0.0, 0.0, 0.0, 0.0, 0.0, 0.0], [0.0, 0.0, 0.0, 0.0, 0.9639572957317329, 0.0, 0.0, 0.0, 0.0, 0.0, 0.0, 0.0, 0.0, 0.0, 0.0, 0.0, 0.0, 0.0, 0.0, 0.0, 0.0, 0.0, 0.0, 0.0], [0.0, 0.0, 0.0, 0.0, 0.0, 0.9047776458804121, 0.0, 0.0, 0.0, 0.0, 0.0, 0.0, 0.0, 0.0, 0.0, 0.0, 0.0, 0.0, 0.0, 0.0, 0.0, 0.0, 0.0, 0.0], [0.0, 0.0, 0.0, 0.0, 0.0, 0.0, 0.976212503108957, 0.0, 0.0, 0.0, 0.0, 0.0, 0.0, 0.0, 0.0, 0.0, 0.0, 0.0, 0.0, 0.0, 0.0, 0.0, 0.0, 0.0], [0.0, 0.0, 0.0, 0.0, 0.0, 0.0, 0.9745830472549407, 0.0, 0.0, 0.0, 0.0, 0.0, 0.0, 0.0, 0.0, 0.0, 0.0, 0.0, 0.0, 0.0, 0.0, 0.0, 0.0, 0.0], [0.0, 0.0, 0.0, 0.0, 0.0, 0.0, 0.0, 0.9853601367680535, 0.0, 0.0, 0.0, 0.0, 0.0, 0.0, 0.0, 0.0, 0.0, 0.0, 0.0, 0.0, 0.0, 0.0, 0.0, 0.0], [0.0, 0.0, 0.0, 0.0, 0.0, 0.0, 0.0, 0.9872366262951763, 0.0, 0.0, 0.0, 0.0, 0.0, 0.0, 0.0, 0.0, 0.0, 0.0, 0.0, 0.0, 0.0, 0.0, 0.0, 0.0], [0.0, 0.0, 0.0, 0.0, 0.0, 0.0, 0.0, 0.9867599133393373, 0.0, 0.0, 0.0, 0.0, 0.0, 0.0, 0.0, 0.0, 0.0, 0.0, 0.0, 0.0, 0.0, 0.0, 0.0, 0.0]], "Born radii": [], "Atomic SASAs": [], "Solvent H bonds": [], "Total SASA": NaN, "Total FOD": 0.0, "FOD": [0.0, 0.0, 0.0, 0.0, 0.0, 0.0, 0.0, 0.0, 0.0, 0.0, 0.0, 0.0, 0.0, 0.0, 0.0, 0.0, 0.0, 0.0, 0.0, 0.0, 0.0, 0.0, 0.0, 0.0], "FOD s proportion": [0.0, 0.0, 0.0, 0.0, 0.0, 0.0, 0.0, 0.0, 0.0, 0.0, 0.0, 0.0, 0.0, 0.0, 0.0, 0.0, 0.0, 0.0, 0.0, 0.0, 0.0, 0.0, 0.0, 0.0], "FOD p proportion": [0.0, 0.0, 0.0, 0.0, 0.0, 0.0, 0.0, 0.0, 0.0, 0.0, 0.0, 0.0, 0.0, 0.0, 0.0, 0.0, 0.0, 0.0, 0.0, 0.0, 0.0, 0.0, 0.0, 0.0], "FOD d proportion": [0.0, 0.0, 0.0, 0.0, 0.0, 0.0, 0.0, 0.0, 0.0, 0.0, 0.0, 0.0, 0.0, 0.0, 0.0, 0.0, 0.0, 0.0, 0.0, 0.0, 0.0, 0.0, 0.0, 0.0], "coordinates": [["3.70930", "0.30400", "0.43720"], ["2.36470", "0.70150", "-0.15060"], ["1.26020", "-0.26830", "0.27110"], ["-0.09360", "0.13820", "-0.32430"], ["-1.22720", "-0.79390", "0.12200"], ["-0.91740", "-2.12060", "-0.30770"], ["-2.58920", "-0.40890", "-0.46800"], ["-3.10680", "0.93860", "0.00770"], ["3.67410", "0.30210", "1.53130"], ["4.00460", "-0.69500", "0.10090"], ["4.48390", "1.01070", "0.12340"], ["2.44260", "0.72450", "-1.24380"], ["2.11490", "1.71680", "0.17860"], ["1.52430", "-1.28150", "-0.05420"], ["1.18740", "-0.28790", "1.36530"], ["-0.31470", "1.16910", "-0.02730"], ["-0.01330", "0.11840", "-1.41850"], ["-1.28510", "-0.80620", "1.21670"], ["-1.61430", "-2.70880", "0.02960"], ["-2.53740", "-0.41960", "-1.56390"], ["-3.32240", "-1.18130", "-0.20270"], ["-2.48720", "1.76100", "-0.36090"], ["-3.13350", "0.98570", "1.10090"], ["-4.12410", "1.10140", "-0.36280"]], "bond_dist": [[0.0, 1.5203500419311335, 2.5205569444073266, 3.8819351231054853, 5.06692882326168, 5.276354239434649, 6.403023949666283, 6.85903831597404, 1.0946677395447444, 1.0946692559855693, 1.094486404666591, 2.1464179788661855, 2.1459238476702756, 2.743995118435891, 2.7516712794227436, 4.142068838153223, 4.163630700482453, 5.175344978839575, 6.1305642937661124, 6.599186242257449, 7.215288836214389, 6.415327338491779, 6.908626811458267, 7.914417370849228], [1.5203500419311335, 0.0, 1.5291380513217243, 2.5279868413423356, 3.900291980095849, 4.33140961235485, 5.086733345674806, 5.478922115708527, 2.168602390942148, 2.1685793759971066, 2.159094550963436, 1.096213323217703, 1.0961782564893359, 2.15588824385681, 2.159375016063676, 2.7226892973675865, 2.757255885840123, 4.178960231923726, 5.243573126218418, 5.223491792852746, 5.990889471522572, 4.9706840525223495, 5.645991952704149, 6.504573336507169], [2.5205569444073266, 1.5291380513217243, 0.0, 1.533791983940456, 2.5466929398731994, 2.9168418692140308, 3.9222337423973093, 4.538356108768901, 2.7821526575657205, 2.782583743573587, 3.4712962967744483, 2.163017246810575, 2.1632591962129735, 1.096422883745136, 1.0967942560024646, 2.153014475102293, 2.150834094020271, 2.7680404368433638, 3.778506682540075, 4.220412592389517, 4.696624128030686, 4.308188627486034, 4.643886705121045, 5.591832775575464], [3.8819351231054853, 2.5279868413423356, 1.533791983940456, 0.0, 1.5339631873027462, 2.4043916985383222, 2.5589035659828996, 3.135321099983222, 4.203055776455982, 4.203600899229136, 4.68136708558515, 2.7607133824430234, 2.760861934251693, 2.169355321287871, 2.162699787302898, 1.095376200216163, 1.0973211790537902, 2.164773570145386, 3.2470267476570007, 2.7964097410787283, 3.49013126543974, 2.8920823570569354, 3.4627219495651107, 4.144172624300295], [5.06692882326168, 3.900291980095849, 2.5466929398731994, 1.5339631873027462, 0.0, 1.428548571102852, 1.533417425230325, 2.55881161870115, 5.216328611197726, 5.23277724158023, 5.989427880023267, 4.199807167001838, 4.180484476708411, 2.799920079216548, 2.762629915497188, 2.1698653737040923, 2.163096102811893, 1.096299133448531, 1.9558185447530658, 2.1677138510421528, 2.1553124808249966, 2.8893435967361167, 2.785534250372808, 3.4956004834648944], [5.276354239434649, 4.33140961235485, 2.9168418692140308, 2.4043916985383222, 1.428548571102852, 0.0, 2.39802590061075, 3.7751363101217947, 5.507564665076571, 5.140561576326073, 6.258188922523831, 4.501163985015432, 4.914974032484811, 2.594272528089522, 3.253905550258028, 3.3561879476572822, 2.657892859014449, 2.0461295193608837, 0.972327177445946, 2.6638016893154792, 2.5840538868220224, 4.187352485759946, 4.067474998079275, 4.546124162404719], [6.403023949666283, 5.086733345674806, 3.9222337423973093, 2.5589035659828996, 1.533417425230325, 2.39802590061075, 0.0, 1.5198541048403296, 6.612990880078393, 6.624477251829007, 7.238353523419535, 5.215886544011479, 5.202427208524883, 4.2253453645826395, 4.199802072717238, 2.8031501458180936, 2.795846267232875, 2.167195927921608, 2.547072001338007, 1.0971757106316198, 1.0975281727591326, 2.1749345783264378, 2.1685522497740286, 2.1559200217076704], [6.85903831597404, 5.478922115708527, 4.538356108768901, 3.135321099983222, 2.55881161870115, 3.7751363101217947, 1.5198541048403296, 0.0, 6.97904678448282, 7.297214890627793, 7.59192409011049, 5.6927964499005235, 5.282135263319182, 5.136123326985052, 4.667711821653089, 2.8018168498315514, 3.503786056539411, 2.797248456966238, 3.9410103552261826, 2.153799006407051, 2.1411976858758277, 1.093668999286347, 1.0945398759296072, 1.0948394311496097], [1.0946677395447444, 2.168602390942148, 2.7821526575657205, 4.203055776455982, 5.216328611197726, 5.507564665076571, 6.612990880078393, 6.97904678448282, 0.0, 1.7746782299898762, 1.7720249462126656, 3.0653211936108753, 2.5024543991849284, 3.1053565415262705, 2.5611194603141803, 4.369376202617486, 4.725672913988018, 5.091263761582187, 6.267997787172552, 6.977381040189793, 7.359228479263299, 6.608360442651415, 6.855360740325779, 8.0646400130446], [1.0946692559855693, 2.1685793759971066, 2.782583743573587, 4.203600899229136, 5.23277724158023, 5.140561576326073, 6.624477251829007, 7.297214890627793, 1.7746782299898762, 0.0, 1.7719049720569102, 2.5026071085969526, 3.0649278327556098, 2.5534146451369777, 3.114651442778148, 4.706129677346343, 4.371923641830905, 5.407245247813345, 5.969297390815774, 6.756120795249298, 7.349393828745334, 6.956195977687805, 7.401163699040847, 8.337735564288423], [1.094486404666591, 2.159094550963436, 3.4712962967744483, 4.68136708558515, 5.989427880023267, 6.258188922523831, 7.238353523419535, 7.59192409011049, 1.7720249462126656, 1.7719049720569102, 0.0, 2.473469621806583, 2.472606974430025, 3.74765990452709, 3.754409383644783, 4.803578146548675, 4.837195751672658, 6.146364087816472, 7.143635064167262, 7.361480358596361, 8.114772017746402, 7.028067429243974, 7.6799032552500295, 8.62219698974687], [2.1464179788661855, 1.096213323217703, 2.163017246810575, 2.7607133824430234, 4.199807167001838, 4.501163985015432, 5.215886544011479, 5.6927964499005235, 3.0653211936108753, 2.5026071085969526, 2.473469621806583, 0.0, 1.7650122775776944, 2.506483403096857, 3.067227348926062, 3.0463494054359552, 2.535610796238256, 4.721530475386133, 5.465119766299729, 5.119748902045881, 6.16045354255675, 5.114369237745746, 6.054645715481626, 6.636246190430251], [2.1459238476702756, 1.0961782564893359, 2.1632591962129735, 2.760861934251693, 4.180484476708411, 4.914974032484811, 5.202427208524883, 5.282135263319182, 2.5024543991849284, 3.0649278327556098, 2.472606974430025, 1.7650122775776944, 0.0, 3.0647686845829005, 2.507455927828045, 2.4990650771838654, 3.104004866297732, 4.359263769261961, 5.789220068368451, 5.407809769213411, 6.173216713351315, 4.633825449884792, 5.378740285605915, 6.292610914397935], [2.743995118435891, 2.15588824385681, 1.096422883745136, 2.169355321287871, 2.799920079216548, 2.594272528089522, 4.2253453645826395, 5.136123326985052, 3.1053565415262705, 2.5534146451369777, 3.74765990452709, 2.506483403096857, 3.0647686845829005, 0.0, 1.7651410198621524, 3.0639982000647454, 2.48701593481023, 3.1199078928711983, 3.448915436771392, 4.418084719649455, 4.850009606176054, 5.044105806780821, 5.307499664625519, 6.138230113803164], [2.7516712794227436, 2.159375016063676, 1.0967942560024646, 2.162699787302898, 2.762629915497188, 3.253905550258028, 4.199802072717238, 4.667711821653089, 2.5611194603141803, 3.114651442778148, 3.754409383644783, 3.067227348926062, 2.507455927828045, 1.7651410198621524, 0.0, 2.513660313168826, 3.058807385240202, 2.5306072591376165, 3.9362893935786785, 4.740431686038731, 4.857477081778153, 4.547575487004036, 4.512442922630712, 5.755737689471264], [4.142068838153223, 2.7226892973675865, 2.153014475102293, 1.095376200216163, 2.1698653737040923, 3.3561879476572822, 2.8031501458180936, 2.8018168498315514, 4.369376202617486, 4.706129677346343, 4.803578146548675, 3.0463494054359552, 2.4990650771838654, 3.0639982000647454, 2.513660313168826, 0.0, 1.7692512229754145, 2.5280471217918388, 4.090269695264605, 3.1345657657800063, 3.8211784321070374, 2.2762668604537564, 3.0417271804026087, 3.824744684289397], [4.163630700482453, 2.757255885840123, 2.150834094020271, 1.0973211790537902, 2.163096102811893, 2.657892859014449, 2.795846267232875, 3.503786056539411, 4.725672913988018, 4.371923641830905, 4.837195751672658, 2.535610796238256, 3.104004866297732, 2.48701593481023, 3.058807385240202, 1.7692512229754145, 0.0, 3.0686543370018073, 3.557141331181543, 2.584891868144584, 3.757330507155313, 3.1522743741622494, 4.1030761252991645, 4.356543139921835], [5.175344978839575, 4.178960231923726, 2.7680404368433638, 2.164773570145386, 1.096299133448531, 2.0461295193608837, 2.167195927921608, 2.797248456966238, 5.091263761582187, 5.407245247813345, 6.146364087816472, 4.721530475386133, 4.359263769261961, 3.1199078928711983, 2.5306072591376165, 2.5280471217918388, 3.0686543370018073, 0.0, 2.266597849200427, 3.07399596779176, 2.5111725667504414, 3.2441303934953045, 2.576993948382495, 3.7674499346374866], [6.1305642937661124, 5.243573126218418, 3.778506682540075, 3.2470267476570007, 1.9558185447530658, 0.972327177445946, 2.547072001338007, 3.9410103552261826, 6.267997787172552, 5.969297390815774, 7.143635064167262, 5.465119766299729, 5.789220068368451, 3.448915436771392, 3.9362893935786785, 4.090269695264605, 3.557141331181543, 2.266597849200427, 0.0, 2.9379912355213045, 2.303220603850183, 4.570947024414088, 4.135817038989999, 4.579377451138964], [6.599186242257449, 5.223491792852746, 4.220412592389517, 2.7964097410787283, 2.1677138510421528, 2.6638016893154792, 1.0971757106316198, 2.153799006407051, 6.977381040189793, 6.756120795249298, 7.361480358596361, 5.119748902045881, 5.407809769213411, 4.418084719649455, 4.740431686038731, 3.1345657657800063, 2.584891868144584, 3.07399596779176, 2.9379912355213045, 0.0, 1.746218007580955, 2.4909326365841373, 3.0710523180173928, 2.504735335319882], [7.215288836214389, 5.990889471522572, 4.696624128030686, 3.49013126543974, 2.1553124808249966, 2.5840538868220224, 1.0975281727591326, 2.1411976858758277, 7.359228479263299, 7.349393828745334, 8.114772017746402, 6.16045354255675, 6.173216713351315, 4.850009606176054, 4.857477081778153, 3.8211784321070374, 3.757330507155313, 2.5111725667504414, 2.303220603850183, 1.746218007580955, 0.0, 3.062632131027166, 2.53593082910398, 2.424680224277008], [6.415327338491779, 4.9706840525223495, 4.308188627486034, 2.8920823570569354, 2.8893435967361167, 4.187352485759946, 2.1749345783264378, 1.093668999286347, 6.608360442651415, 6.956195977687805, 7.028067429243974, 5.114369237745746, 4.633825449884792, 5.044105806780821, 4.547575487004036, 2.2762668604537564, 3.1522743741622494, 3.2441303934953045, 4.570947024414088, 2.4909326365841373, 3.062632131027166, 0.0, 1.776415779033726, 1.7647995296916872], [6.908626811458267, 5.645991952704149, 4.643886705121045, 3.4627219495651107, 2.785534250372808, 4.067474998079275, 2.1685522497740286, 1.0945398759296072, 6.855360740325779, 7.401163699040847, 7.6799032552500295, 6.054645715481626, 5.378740285605915, 5.307499664625519, 4.512442922630712, 3.0417271804026087, 4.1030761252991645, 2.576993948382495, 4.135817038989999, 3.0710523180173928, 2.53593082910398, 1.776415779033726, 0.0, 1.771183937370707], [7.914417370849228, 6.504573336507169, 5.591832775575464, 4.144172624300295, 3.4956004834648944, 4.546124162404719, 2.1559200217076704, 1.0948394311496097, 8.0646400130446, 8.337735564288423, 8.62219698974687, 6.636246190430251, 6.292610914397935, 6.138230113803164, 5.755737689471264, 3.824744684289397, 4.356543139921835, 3.7674499346374866, 4.579377451138964, 2.504735335319882, 2.424680224277008, 1.7647995296916872, 1.771183937370707, 0.0]]}