{"total energy": -30.38591976, "HOMO-LUMO gap/eV": 11.4513281, "electronic energy": -30.77475423, "dipole": [0.50824003, 0.0994553, -0.53138769], "partial charges": [-0.10030015, -0.05203861, -0.05808219, -0.06005242, -0.07177083, 0.14910511, -0.11550732, -0.10943247, -0.45670104, 0.03170104, 0.03236816, 0.03292633, 0.02892439, 0.02824984, 0.02952758, 0.03134023, 0.03104536, 0.03335339, 0.04059528, 0.0251907, 0.03015869, 0.03718644, 0.04588937, 0.03763145, 0.05051542, 0.04774526, 0.28043098], "atomic dipole moments": [[-0.09591402, 0.03117162, -0.01155275], [0.02665901, -0.10383435, 0.02761998], [-0.03037582, 0.10347823, -0.02833493], [0.02355336, -0.10581631, 0.02814332], [-0.03203306, 0.09964189, -0.03323663], [-0.0709302, -0.11975373, 0.02421688], [0.02858783, -0.02677086, 0.09292955], [0.04177893, -0.07117151, -0.08360504], [0.15922438, 0.09068928, -0.14047257], [0.07875576, 0.09431396, -0.02166386], [0.02819686, -0.09257613, -0.08060252], [0.02133042, -0.04156033, 0.11711268], [-0.01856107, 0.09502767, 0.07678777], [-0.01186646, 0.04555074, -0.11404712], [0.02222041, -0.09479127, -0.07667548], [0.01562465, -0.04565481, 0.11467857], [-0.01238822, 0.04532073, -0.1150064], [-0.01902599, 0.09581119, 0.07803985], [0.020963, -0.05254303, 0.11183017], [0.02878063, -0.09666867, -0.06796466], [0.02968862, -0.0855171, -0.08582483], [0.05327815, 0.11240739, -0.03467608], [-0.12690767, 0.01074797, -0.01913104], [0.05200364, 0.11559405, -0.01981339], [-0.12772668, 0.017389, 0.00271713], [0.02292237, -0.0344638, 0.12122439], [0.02331491, -0.04974196, -0.05455786]], "atomic quadrupole moments": [[0.2012966, -0.09636988, -0.07765258, 0.03641104, -0.01630061, -0.12364402], [0.22151093, 0.04818612, -0.00143169, 0.00365494, -0.05916009, -0.22007923], [0.22137777, 0.05455732, 0.00784382, 0.0020089, -0.06239923, -0.2292216], [0.2064001, 0.04820327, 0.01625988, 0.00270735, -0.06624885, -0.22265998], [0.21004855, 0.08009054, -0.00434312, -0.00812726, -0.04102895, -0.20570543], [-0.03469166, 0.16300386, 0.14011214, -0.04272079, -0.06038464, -0.10542048], [-0.10346782, -0.01877753, -0.07290429, 0.04986184, -0.08770511, 0.17637211], [-0.08820249, -0.06159929, 0.05289818, -0.05522919, 0.1590636, 0.03530431], [-0.0148551, 0.10873059, 0.07670841, -0.05933365, -0.03026812, -0.06185332], [0.01100795, 0.0514272, 0.03847099, -0.0109878, -0.02227755, -0.04947894], [-0.03053711, -0.01618731, 0.02024871, -0.00162952, 0.06361529, 0.01028841], [-0.03090314, -0.01077535, -0.03638471, 0.00349076, -0.0384899, 0.06728785], [-0.01502617, -0.00672781, 0.005596, -0.01303049, 0.0464681, 0.00943017], [-0.01679294, 0.00220733, -0.03294764, 0.01087098, -0.02287179, 0.04974058], [-0.0191079, -0.00573306, 0.00736659, -0.01102919, 0.04606034, 0.01174131], [-0.0204045, 0.00193887, -0.03037976, 0.00810635, -0.02186889, 0.05078426], [-0.01842467, 0.00100514, -0.03146694, 0.01284243, -0.02175426, 0.04989161], [-0.01633394, -0.00868251, 0.00562049, -0.01406016, 0.04470234, 0.01071345], [-0.02110114, 0.00722574, -0.03623362, 0.00880771, -0.01769471, 0.05733475], [-0.02125899, -0.00310432, 0.0028223, -0.01556345, 0.05265674, 0.01843669], [-0.03055606, -0.04265428, 0.02440363, -0.0225926, 0.05379296, 0.00615244], [-0.01686834, 0.05752166, 0.04882652, -0.00484771, -0.01721175, -0.03195817], [0.08008458, -0.01701147, -0.04741183, -0.00532658, -0.00277786, -0.03267275], [-0.01447606, 0.05483174, 0.04524474, -0.02468144, -0.02406271, -0.03076869], [0.07920215, -0.01125161, -0.04317223, 0.02012213, 0.0076595, -0.03602991], [-0.03343959, -0.02297887, -0.02482951, 0.03325418, -0.03474147, 0.0582691], [-0.06515117, -0.02012282, 0.05224454, -0.0444715, 0.09926168, 0.01290662]], "number of molecular orbitals": 54, "number of electrons": 56, "number of unpaired electrons": 0, "orbital energies/eV": [-18.40483684, -17.15431046, -16.93254832, -16.60148873, -16.230805, -16.1009221, -15.57443785, -15.24409854, -15.13606168, -14.54605117, -14.1968155, -14.03126773, -13.89994686, -13.50118757, -13.31414316, -13.1238525, -12.84067719, -12.68057371, -12.48952906, -12.29734696, -12.23670002, -12.12860083, -12.04967832, -11.8174138, -11.71477532, -11.54368783, -11.42503345, -10.85441407, 0.59691402, 1.38206031, 2.13319902, 2.54250187, 2.98900864, 3.01972027, 3.16638733, 3.64187014, 3.94002601, 4.19586105, 4.27576138, 4.44555374, 4.85509365, 5.22018621, 5.41934726, 5.73336464, 5.94963098, 6.04989125, 6.15322958, 6.72440144, 6.95122496, 7.06930012, 7.25923619, 7.48960153, 7.56280331, 8.3912472], "fractional occupation": [2.0, 2.0, 2.0, 2.0, 2.0, 2.0, 2.0, 2.0, 2.0, 2.0, 2.0, 2.0, 2.0, 2.0, 2.0, 2.0, 2.0, 2.0, 2.0, 2.0, 2.0, 2.0, 2.0, 2.0, 2.0, 2.0, 2.0, 2.0, 0.0, 0.0, 0.0, 0.0, 0.0, 0.0, 0.0, 0.0, 0.0, 0.0, 0.0, 0.0, 0.0, 0.0, 0.0, 0.0, 0.0, 0.0, 0.0, 0.0, 0.0, 0.0, 0.0, 0.0, 0.0, 0.0], "program call": "xtb /home/svss/Project-DBcg-Debug/aqme2_20220329/End-to-End-workflows-final/example-3/QDESCP/mol_930_rdkit_conf_2/mol_930_rdkit_conf_2.xyz --pop --wbo --acc 0.2 --gfn 2 --chrg 0 --uhf 0 --etemp 300 --input /home/svss/Project-DBcg-Debug/aqme2_20220329/End-to-End-workflows-final/example-3/QDESCP/mol_930_rdkit_conf_2/mol_930_rdkit_conf_2_xtb.inp", "method": "GFN2-xTB", "xtb version": "6.3.3 (7355c4f)", "Dipole module/D": 1.886, "Total charge": 0, "Transition dipole module/D": NaN, "HOMO": -10.8544, "LUMO": 0.5969, "HOMO occupancy": 2.0, "LUMO occupancy": 0, "mulliken charges": [-0.08334, -0.03865, -0.04566, -0.04728, -0.07625, 0.2508, -0.11478, -0.09623, -0.57102, 0.02867, 0.02684, 0.02733, 0.02253, 0.0219, 0.02275, 0.02436, 0.02159, 0.02378, 0.037, 0.02341, 0.02785, 0.03064, 0.04217, 0.02435, 0.04342, 0.04062, 0.33319], "cm5 charges": [-0.23366, -0.15118, -0.15648, -0.15805, -0.18023, 0.23898, -0.25879, -0.23908, -0.77731, 0.07945, 0.07813, 0.07862, 0.07723, 0.0766, 0.0781, 0.0797, 0.07777, 0.07996, 0.09509, 0.08139, 0.08154, 0.08334, 0.09622, 0.07707, 0.09756, 0.0945, 0.50353], "FUKUI+": [0.007, -0.012, -0.008, -0.021, -0.005, -0.056, 0.031, 0.031, -0.135, -0.055, -0.031, -0.031, -0.034, -0.035, -0.04, -0.041, -0.047, -0.046, -0.053, -0.045, -0.038, -0.06, -0.049, -0.062, -0.049, -0.044, -0.074], "FUKUI-": [0.015, 0.003, 0.001, 0.006, -0.009, -0.019, 0.008, 0.022, -0.114, -0.066, -0.058, -0.058, -0.068, -0.068, -0.053, -0.052, -0.041, -0.038, -0.047, -0.039, -0.038, -0.044, -0.05, -0.036, -0.058, -0.049, -0.049], "FUKUIrad": [0.011, -0.005, -0.004, -0.007, -0.007, -0.038, 0.019, 0.026, -0.124, -0.06, -0.044, -0.044, -0.051, -0.051, -0.046, -0.047, -0.044, -0.042, -0.05, -0.042, -0.038, -0.052, -0.049, -0.049, -0.053, -0.046, -0.061], "s proportion": [1.007, 1.027, 1.033, 1.032, 1.047, 1.047, 1.023, 1.015, 1.702, 0.971, 0.973, 0.973, 0.977, 0.978, 0.977, 0.976, 0.978, 0.976, 0.963, 0.977, 0.972, 0.969, 0.958, 0.976, 0.957, 0.959, 0.667], "p proportion": [3.076, 3.011, 3.013, 3.015, 3.03, 2.702, 3.092, 3.081, 4.869, 0.0, 0.0, 0.0, 0.0, 0.0, 0.0, 0.0, 0.0, 0.0, 0.0, 0.0, 0.0, 0.0, 0.0, 0.0, 0.0, 0.0, 0.0], "d proportion": [0.0, 0.0, 0.0, 0.0, 0.0, 0.0, 0.0, 0.0, 0.0, 0.0, 0.0, 0.0, 0.0, 0.0, 0.0, 0.0, 0.0, 0.0, 0.0, 0.0, 0.0, 0.0, 0.0, 0.0, 0.0, 0.0, 0.0], "Fermi-level/eV": -5.1288, "Coordination numbers": [3.75, 3.8, 3.802, 3.8, 3.801, 3.771, 3.752, 3.752, 1.653, 0.924, 0.924, 0.924, 0.924, 0.924, 0.924, 0.924, 0.924, 0.924, 0.923, 0.923, 0.924, 0.924, 0.924, 0.924, 0.924, 0.924, 0.804], "Dispersion coefficient C6": [22.479, 21.509, 21.618, 21.656, 21.873, 18.215, 22.772, 22.653, 21.982, 2.562, 2.553, 2.545, 2.602, 2.612, 2.593, 2.568, 2.572, 2.539, 2.441, 2.656, 2.584, 2.487, 2.372, 2.481, 2.314, 2.348, 0.783], "Total dispersion C6": 4840.606785, "Total dispersion C8": 100633.750913, "Polarizability alpha": [6.762, 6.603, 6.62, 6.626, 6.659, 6.082, 6.805, 6.787, 6.329, 2.503, 2.499, 2.495, 2.523, 2.527, 2.518, 2.506, 2.508, 2.492, 2.443, 2.549, 2.514, 2.466, 2.409, 2.463, 2.379, 2.397, 1.39], "Total polarizability alpha": 102.852453, "Wiberg matrix": [[0.0, 1.0201034764648274, 0.0, 0.0, 0.0, 0.0, 0.0, 0.0, 0.0, 0.987338514387535, 0.9877006363677686, 0.9876673249265502, 0.0, 0.0, 0.0, 0.0, 0.0, 0.0, 0.0, 0.0, 0.0, 0.0, 0.0, 0.0, 0.0, 0.0, 0.0], [1.0201034764648274, 0.0, 1.007705203496254, 0.0, 0.0, 0.0, 0.0, 0.0, 0.0, 0.0, 0.0, 0.0, 0.9780421688801638, 0.9780691512415881, 0.0, 0.0, 0.0, 0.0, 0.0, 0.0, 0.0, 0.0, 0.0, 0.0, 0.0, 0.0, 0.0], [0.0, 1.007705203496254, 0.0, 1.0063103935151365, 0.0, 0.0, 0.0, 0.0, 0.0, 0.0, 0.0, 0.0, 0.0, 0.0, 0.9772464752820977, 0.9771768372510858, 0.0, 0.0, 0.0, 0.0, 0.0, 0.0, 0.0, 0.0, 0.0, 0.0, 0.0], [0.0, 0.0, 1.0063103935151365, 0.0, 1.0070331616675312, 0.0, 0.0, 0.0, 0.0, 0.0, 0.0, 0.0, 0.0, 0.0, 0.0, 0.0, 0.9755287198040988, 0.9753599385756093, 0.0, 0.0, 0.0, 0.0, 0.0, 0.0, 0.0, 0.0, 0.0], [0.0, 0.0, 0.0, 1.0070331616675312, 0.0, 0.9765871104807071, 0.0, 0.0, 0.0, 0.0, 0.0, 0.0, 0.0, 0.0, 0.0, 0.0, 0.0, 0.0, 0.9746602983328199, 0.973725392167476, 0.0, 0.0, 0.0, 0.0, 0.0, 0.0, 0.0], [0.0, 0.0, 0.0, 0.0, 0.9765871104807071, 0.0, 0.9933848729845891, 0.9972751901237852, 0.9659850691560543, 0.0, 0.0, 0.0, 0.0, 0.0, 0.0, 0.0, 0.0, 0.0, 0.0, 0.0, 0.0, 0.0, 0.0, 0.0, 0.0, 0.0, 0.0], [0.0, 0.0, 0.0, 0.0, 0.0, 0.9933848729845891, 0.0, 0.0, 0.0, 0.0, 0.0, 0.0, 0.0, 0.0, 0.0, 0.0, 0.0, 0.0, 0.0, 0.0, 0.9845702253266546, 0.9833542197838296, 0.9843933214771574, 0.0, 0.0, 0.0, 0.0], [0.0, 0.0, 0.0, 0.0, 0.0, 0.9972751901237852, 0.0, 0.0, 0.0, 0.0, 0.0, 0.0, 0.0, 0.0, 0.0, 0.0, 0.0, 0.0, 0.0, 0.0, 0.0, 0.0, 0.0, 0.9836420356670452, 0.9837446896744996, 0.9846484435710572, 0.0], [0.0, 0.0, 0.0, 0.0, 0.0, 0.9659850691560543, 0.0, 0.0, 0.0, 0.0, 0.0, 0.0, 0.0, 0.0, 0.0, 0.0, 0.0, 0.0, 0.0, 0.0, 0.0, 0.0, 0.0, 0.0, 0.0, 0.0, 0.9024093861050437], [0.987338514387535, 0.0, 0.0, 0.0, 0.0, 0.0, 0.0, 0.0, 0.0, 0.0, 0.0, 0.0, 0.0, 0.0, 0.0, 0.0, 0.0, 0.0, 0.0, 0.0, 0.0, 0.0, 0.0, 0.0, 0.0, 0.0, 0.0], [0.9877006363677686, 0.0, 0.0, 0.0, 0.0, 0.0, 0.0, 0.0, 0.0, 0.0, 0.0, 0.0, 0.0, 0.0, 0.0, 0.0, 0.0, 0.0, 0.0, 0.0, 0.0, 0.0, 0.0, 0.0, 0.0, 0.0, 0.0], [0.9876673249265502, 0.0, 0.0, 0.0, 0.0, 0.0, 0.0, 0.0, 0.0, 0.0, 0.0, 0.0, 0.0, 0.0, 0.0, 0.0, 0.0, 0.0, 0.0, 0.0, 0.0, 0.0, 0.0, 0.0, 0.0, 0.0, 0.0], [0.0, 0.9780421688801638, 0.0, 0.0, 0.0, 0.0, 0.0, 0.0, 0.0, 0.0, 0.0, 0.0, 0.0, 0.0, 0.0, 0.0, 0.0, 0.0, 0.0, 0.0, 0.0, 0.0, 0.0, 0.0, 0.0, 0.0, 0.0], [0.0, 0.9780691512415881, 0.0, 0.0, 0.0, 0.0, 0.0, 0.0, 0.0, 0.0, 0.0, 0.0, 0.0, 0.0, 0.0, 0.0, 0.0, 0.0, 0.0, 0.0, 0.0, 0.0, 0.0, 0.0, 0.0, 0.0, 0.0], [0.0, 0.0, 0.9772464752820977, 0.0, 0.0, 0.0, 0.0, 0.0, 0.0, 0.0, 0.0, 0.0, 0.0, 0.0, 0.0, 0.0, 0.0, 0.0, 0.0, 0.0, 0.0, 0.0, 0.0, 0.0, 0.0, 0.0, 0.0], [0.0, 0.0, 0.9771768372510858, 0.0, 0.0, 0.0, 0.0, 0.0, 0.0, 0.0, 0.0, 0.0, 0.0, 0.0, 0.0, 0.0, 0.0, 0.0, 0.0, 0.0, 0.0, 0.0, 0.0, 0.0, 0.0, 0.0, 0.0], [0.0, 0.0, 0.0, 0.9755287198040988, 0.0, 0.0, 0.0, 0.0, 0.0, 0.0, 0.0, 0.0, 0.0, 0.0, 0.0, 0.0, 0.0, 0.0, 0.0, 0.0, 0.0, 0.0, 0.0, 0.0, 0.0, 0.0, 0.0], [0.0, 0.0, 0.0, 0.9753599385756093, 0.0, 0.0, 0.0, 0.0, 0.0, 0.0, 0.0, 0.0, 0.0, 0.0, 0.0, 0.0, 0.0, 0.0, 0.0, 0.0, 0.0, 0.0, 0.0, 0.0, 0.0, 0.0, 0.0], [0.0, 0.0, 0.0, 0.0, 0.9746602983328199, 0.0, 0.0, 0.0, 0.0, 0.0, 0.0, 0.0, 0.0, 0.0, 0.0, 0.0, 0.0, 0.0, 0.0, 0.0, 0.0, 0.0, 0.0, 0.0, 0.0, 0.0, 0.0], [0.0, 0.0, 0.0, 0.0, 0.973725392167476, 0.0, 0.0, 0.0, 0.0, 0.0, 0.0, 0.0, 0.0, 0.0, 0.0, 0.0, 0.0, 0.0, 0.0, 0.0, 0.0, 0.0, 0.0, 0.0, 0.0, 0.0, 0.0], [0.0, 0.0, 0.0, 0.0, 0.0, 0.0, 0.9845702253266546, 0.0, 0.0, 0.0, 0.0, 0.0, 0.0, 0.0, 0.0, 0.0, 0.0, 0.0, 0.0, 0.0, 0.0, 0.0, 0.0, 0.0, 0.0, 0.0, 0.0], [0.0, 0.0, 0.0, 0.0, 0.0, 0.0, 0.9833542197838296, 0.0, 0.0, 0.0, 0.0, 0.0, 0.0, 0.0, 0.0, 0.0, 0.0, 0.0, 0.0, 0.0, 0.0, 0.0, 0.0, 0.0, 0.0, 0.0, 0.0], [0.0, 0.0, 0.0, 0.0, 0.0, 0.0, 0.9843933214771574, 0.0, 0.0, 0.0, 0.0, 0.0, 0.0, 0.0, 0.0, 0.0, 0.0, 0.0, 0.0, 0.0, 0.0, 0.0, 0.0, 0.0, 0.0, 0.0, 0.0], [0.0, 0.0, 0.0, 0.0, 0.0, 0.0, 0.0, 0.9836420356670452, 0.0, 0.0, 0.0, 0.0, 0.0, 0.0, 0.0, 0.0, 0.0, 0.0, 0.0, 0.0, 0.0, 0.0, 0.0, 0.0, 0.0, 0.0, 0.0], [0.0, 0.0, 0.0, 0.0, 0.0, 0.0, 0.0, 0.9837446896744996, 0.0, 0.0, 0.0, 0.0, 0.0, 0.0, 0.0, 0.0, 0.0, 0.0, 0.0, 0.0, 0.0, 0.0, 0.0, 0.0, 0.0, 0.0, 0.0], [0.0, 0.0, 0.0, 0.0, 0.0, 0.0, 0.0, 0.9846484435710572, 0.0, 0.0, 0.0, 0.0, 0.0, 0.0, 0.0, 0.0, 0.0, 0.0, 0.0, 0.0, 0.0, 0.0, 0.0, 0.0, 0.0, 0.0, 0.0], [0.0, 0.0, 0.0, 0.0, 0.0, 0.0, 0.0, 0.0, 0.9024093861050437, 0.0, 0.0, 0.0, 0.0, 0.0, 0.0, 0.0, 0.0, 0.0, 0.0, 0.0, 0.0, 0.0, 0.0, 0.0, 0.0, 0.0, 0.0]], "Born radii": [], "Atomic SASAs": [], "Solvent H bonds": [], "Total SASA": NaN, "Total FOD": 0.0, "FOD": [0.0, 0.0, 0.0, 0.0, 0.0, 0.0, 0.0, 0.0, 0.0, 0.0, 0.0, 0.0, 0.0, 0.0, 0.0, 0.0, 0.0, 0.0, 0.0, 0.0, 0.0, 0.0, 0.0, 0.0, 0.0, 0.0, 0.0], "FOD s proportion": [0.0, 0.0, 0.0, 0.0, 0.0, 0.0, 0.0, 0.0, 0.0, 0.0, 0.0, 0.0, 0.0, 0.0, 0.0, 0.0, 0.0, 0.0, 0.0, 0.0, 0.0, 0.0, 0.0, 0.0, 0.0, 0.0, 0.0], "FOD p proportion": [0.0, 0.0, 0.0, 0.0, 0.0, 0.0, 0.0, 0.0, 0.0, 0.0, 0.0, 0.0, 0.0, 0.0, 0.0, 0.0, 0.0, 0.0, 0.0, 0.0, 0.0, 0.0, 0.0, 0.0, 0.0, 0.0, 0.0], "FOD d proportion": [0.0, 0.0, 0.0, 0.0, 0.0, 0.0, 0.0, 0.0, 0.0, 0.0, 0.0, 0.0, 0.0, 0.0, 0.0, 0.0, 0.0, 0.0, 0.0, 0.0, 0.0, 0.0, 0.0, 0.0, 0.0, 0.0, 0.0], "coordinates": [["4.13830", "0.41420", "0.04390"], ["2.70590", "0.89310", "-0.12990"], ["1.70400", "-0.23260", "0.12620"], ["0.26250", "0.25370", "-0.04990"], ["-0.73590", "-0.87820", "0.20830"], ["-2.22300", "-0.49930", "0.05440"], ["-2.57230", "-0.06520", "-1.37060"], ["-2.65410", "0.57290", "1.05570"], ["-2.99530", "-1.67040", "0.35250"], ["4.83780", "1.23480", "-0.14390"], ["4.36880", "-0.39560", "-0.65580"], ["4.30890", "0.04840", "1.06150"], ["2.51800", "1.72330", "0.56090"], ["2.57760", "1.28180", "-1.14690"], ["1.89910", "-1.06180", "-0.56470"], ["1.83940", "-0.62020", "1.14330"], ["0.13790", "0.64090", "-1.06700"], ["0.07890", "1.08310", "0.64180"], ["-0.57650", "-1.27870", "1.21900"], ["-0.51180", "-1.71650", "-0.46570"], ["-2.26630", "-0.82710", "-2.09640"], ["-2.09740", "0.88260", "-1.64140"], ["-3.65630", "0.05180", "-1.48510"], ["-2.17840", "1.53830", "0.85840"], ["-3.74050", "0.71740", "1.02560"], ["-2.41280", "0.26810", "2.08040"], ["-2.75680", "-2.35870", "-0.29190"]], "bond_dist": [[0.0, 1.520303065181413, 2.5201071445476284, 3.88025570420301, 5.045309778398151, 6.426564415766794, 6.874793594719772, 6.869179186045448, 7.438349284619538, 1.0945105983954653, 1.0947540271677472, 1.0947254267623459, 2.1462534566075835, 2.1462802449820018, 2.7500884713041507, 2.750200889026109, 4.157967275003496, 4.157359736659796, 5.1454940928933155, 5.1403311819376, 6.865902048529385, 6.476387043715037, 7.951412699640234, 6.467434572533378, 7.945511599009846, 6.861893956481694, 7.439364224179376], [1.520303065181413, 0.0, 1.5285912828483617, 2.5269420096234896, 3.885597787985782, 5.125114580182574, 5.506093953066911, 5.498888560427462, 6.269603133372957, 2.159155506210703, 2.168537504863589, 2.1685389205637975, 1.0962404343938423, 1.096283530844097, 2.159076490076255, 2.159152004838937, 2.7452477574892944, 2.7445855588776973, 4.160576427611924, 4.156484944036246, 5.61684814909572, 5.035517191907898, 6.559111339960619, 5.024878746795787, 6.551497821109308, 5.61044924939171, 6.359366205055343], [2.5201071445476284, 1.5285912828483617, 0.0, 1.5314767872873556, 2.5252033145867676, 3.9367007925418966, 4.533781500028425, 4.52833701373915, 4.919542765339072, 3.4708672129598965, 2.781951121065933, 2.7819509521197534, 2.1626615315393205, 2.162722342326911, 1.0968042031283434, 1.0968406128512929, 2.1539261129388816, 2.15356909803238, 2.736643436767019, 2.7316797872371494, 4.588753981202304, 4.338055181760601, 5.604461360380674, 4.329576585533509, 5.599464314557242, 4.5845000130875775, 4.959218230729516], [3.88025570420301, 2.5269420096234896, 1.5314767872873556, 0.0, 1.5312306847761377, 2.5991532736643292, 3.143570699061817, 3.1354099508676696, 3.804910959536373, 4.680252482505617, 4.201238506678715, 4.201274926733551, 2.760449428987968, 2.76045043788147, 2.161947929530219, 2.161953066095562, 1.0954183721300277, 1.0954735094925845, 2.1592308746403197, 2.1573405317659056, 3.4279907132312952, 2.915049822901832, 4.178224035400687, 2.903997048896572, 4.170818497609312, 3.419885310942459, 3.9999212804754047], [5.045309778398151, 3.885597787985782, 2.5252033145867676, 1.5312306847761377, 0.0, 1.5423089281982385, 2.5546544130273277, 2.5501508210300035, 2.3985960143383878, 5.971176226674272, 5.199762846515214, 5.1996677624632905, 4.180908300836076, 4.181082310837709, 2.7521742241362555, 2.751900995675535, 2.167390444751476, 2.1676067401629844, 1.0987825535564353, 1.0987464220647092, 2.7670159847749343, 2.8940437073409933, 3.5016053061417414, 2.888409339065362, 3.498791192683553, 2.762382252694221, 2.554626606766633], [6.426564415766794, 5.125114580182574, 3.9367007925418966, 2.5991532736643292, 1.5423089281982385, 0.0, 1.53005826686437, 1.5290721827304297, 1.4341499607781607, 7.273329522302698, 6.630759004065824, 6.631737578493286, 5.260567841022487, 5.259391529445207, 4.206114533628393, 4.207542487010678, 2.851568482432081, 2.8544302636428163, 2.1621100272650327, 2.1633967019481193, 2.1760671795696016, 2.1911550857937923, 2.1744241421581028, 2.190940190876967, 2.174027272138048, 2.174764998798721, 1.965256850897612], [6.874793594719772, 5.506093953066911, 4.533781500028425, 3.143570699061817, 2.5546544130273277, 1.53005826686437, 0.0, 2.5101383507687385, 2.3926281888333594, 7.622622573629105, 6.985626128701708, 7.29924165992605, 5.7306699948609845, 5.327843907248035, 4.651462601161058, 5.107916904179237, 2.8170790209009047, 3.5209669254339775, 3.4873812596273437, 2.791289298872476, 1.0958618754204381, 1.094160632631242, 1.0962915898610188, 2.7739521372943696, 2.778295959756628, 3.4707247283528555, 2.5412154946009595], [6.869179186045448, 5.498888560427462, 4.52833701373915, 3.1354099508676696, 2.5501508210300035, 1.5290721827304297, 2.5101383507687385, 0.0, 2.3755636320671356, 7.61614846100048, 7.293034273195211, 6.982728899935899, 5.321547294725474, 5.720548125835496, 5.101918314712615, 4.65002189457211, 3.507954288470704, 2.810855074528034, 2.7877430315579668, 3.485033659808754, 3.4707525480794508, 2.771313296976724, 2.780578121542353, 1.0941731764213563, 1.0963809648110459, 1.0959647895803952, 3.2281343853687376], [7.438349284619538, 6.269603133372957, 4.919542765339072, 3.804910959536373, 2.3985960143383878, 1.4341499607781607, 2.3926281888333594, 2.3755636320671356, 0.0, 8.369232677492006, 7.541336270184483, 7.537127574878907, 6.477430597080913, 6.482352937784243, 5.016652385804702, 5.010250369991503, 4.144156148119904, 4.1371684012135646, 2.5990083839803213, 2.6152148477706376, 2.690670381150393, 3.3614982701170617, 2.6037794837504964, 3.349479976055985, 2.5903620384031267, 2.661339307566775, 0.9725690206869636], [1.0945105983954653, 2.159155506210703, 3.4708672129598965, 4.680252482505617, 5.971176226674272, 7.273329522302698, 7.622622573629105, 7.61614846100048, 8.369232677492006, 0.0, 1.7720628572372932, 1.7720805088934304, 2.47322609763038, 2.473200768235365, 3.753318783423545, 3.7534399422396514, 4.8263745016316335, 4.82570892097731, 6.122893364251904, 6.118165336929037, 7.650615966704903, 7.1037701349353926, 8.68032495071469, 7.093925569104879, 8.673100016718358, 7.645470537514352, 8.403159846748126], [1.0947540271677472, 2.168537504863589, 2.781951121065933, 4.201238506678715, 5.199762846515214, 6.630759004065824, 6.985626128701708, 7.293034273195211, 7.541336270184483, 1.7720628572372932, 0.0, 1.7747797891569537, 3.0652172418933055, 2.5026480795349557, 2.559597573838513, 3.112084563439754, 4.375377983671811, 4.719487414963621, 5.361970975303765, 5.059759992331652, 6.803386849209738, 6.664603892205448, 8.080231139020714, 6.992753298236682, 8.356232491380313, 7.342845953034831, 7.400024336446469], [1.0947254267623459, 2.1685389205637975, 2.7819509521197534, 4.201274926733551, 5.1996677624632905, 6.631737578493286, 7.29924165992605, 6.982728899935899, 7.537127574878907, 1.7720805088934304, 1.7747797891569537, 0.0, 2.50264124076944, 3.065241558181019, 3.1119457771625783, 2.559716283106392, 4.720043379037952, 4.374888819158723, 5.064892281184271, 5.355964930803786, 7.346569791406055, 7.00301633155314, 8.362391653109773, 6.659287717916985, 8.077232828760106, 6.802034709555664, 7.586167573946677], [2.1462534566075835, 1.0962404343938423, 2.1626615315393205, 2.760449428987968, 4.180908300836076, 5.260567841022487, 5.7306699948609845, 5.321547294725474, 6.477430597080913, 2.47322609763038, 3.0652172418933055, 2.50264124076944, 0.0, 1.7649519115262036, 3.0670498170065645, 2.508322142389211, 3.080020159024937, 2.5230159848879277, 4.361310566790675, 4.697426916940805, 6.037823278301544, 5.182549463343307, 6.715802911044963, 4.709448397636394, 6.355832215375104, 5.360902529425433, 6.724098964173565], [2.1462802449820018, 1.096283530844097, 2.162722342326911, 2.76045043788147, 4.181082310837709, 5.259391529445207, 5.327843907248035, 5.720548125835496, 6.482352937784243, 2.473200768235365, 2.5026480795349557, 3.065241558181019, 1.7649519115262036, 0.0, 2.508342091900545, 3.0671744782454096, 2.523741846940768, 3.0793556257762758, 4.701275345052659, 4.35869575561314, 5.367716150282166, 4.717999140525568, 6.363080107149367, 5.16783865266709, 6.704975109573486, 6.028859356462049, 6.514605790836465], [2.7500884713041507, 2.159076490076255, 1.0968042031283434, 2.161947929530219, 2.7521742241362555, 4.206114533628393, 4.651462601161058, 5.101918314712615, 5.016652385804702, 3.753318783423545, 2.559597573838513, 3.1119457771625783, 3.0670498170065645, 2.508342091900545, 0.0, 1.765173829966896, 2.5006635159493174, 3.0609420608694964, 3.0589584273082235, 2.500174373918747, 4.444293660414442, 4.5729625517819406, 5.74018381935631, 5.04100583911584, 6.123699444780091, 5.2304559676953595, 4.840844374693324], [2.750200889026109, 2.159152004838937, 1.0968406128512929, 2.161953066095562, 2.751900995675535, 4.207542487010678, 5.107916904179237, 4.65002189457211, 5.010250369991503, 3.7534399422396514, 3.112084563439754, 2.559716283106392, 2.508322142389211, 3.0671744782454096, 1.765173829966896, 0.0, 3.0611928312342562, 2.5004186429476163, 2.5051797440503143, 3.052686706820731, 5.234045871980872, 5.050876772402986, 6.128848917211126, 4.569792894650696, 5.739190801846546, 4.4439214822046536, 5.119300316449505], [4.157967275003496, 2.7452477574892944, 2.1539261129388816, 1.0954183721300277, 2.167390444751476, 2.851568482432081, 2.8170790209009047, 3.507954288470704, 4.144156148119904, 4.8263745016316335, 4.375377983671811, 4.720043379037952, 3.080020159024937, 2.523741846940768, 2.5006635159493174, 3.0611928312342562, 0.0, 1.7660745397632571, 3.0693692381334636, 2.5181355285210527, 2.9991442112709423, 2.320543113152609, 3.8623568012290113, 3.1428868274247486, 4.40758591181159, 4.068313789520174, 4.240008049520661], [4.157359736659796, 2.7445855588776973, 2.15356909803238, 1.0954735094925845, 2.1676067401629844, 2.8544302636428163, 3.5209669254339775, 2.810855074528034, 4.1371684012135646, 4.82570892097731, 4.719487414963621, 4.374888819158723, 2.5230159848879277, 3.0793556257762758, 3.0609420608694964, 2.5004186429476163, 1.7660745397632571, 0.0, 2.5180961538432163, 3.068100862096942, 4.080020382302029, 3.1606145256895846, 4.420294372550316, 2.3129042111596405, 3.8560154680706353, 2.9903785462713577, 4.556202082875605], [5.1454940928933155, 4.160576427611924, 2.736643436767019, 2.1592308746403197, 1.0987825535564353, 2.1621100272650327, 3.4873812596273437, 2.7877430315579668, 2.5990083839803213, 6.122893364251904, 5.361970975303765, 5.064892281184271, 4.361310566790675, 4.701275345052659, 3.0589584273082235, 2.5051797440503143, 3.0693692381334636, 2.5180961538432163, 0.0, 1.741857921875375, 3.7484988675468482, 3.894386044038264, 4.309008598274086, 3.2606142013430537, 3.746026530872412, 2.5508033812899025, 2.8640752259673627], [5.1403311819376, 4.156484944036246, 2.7316797872371494, 2.1573405317659056, 1.0987464220647092, 2.1633967019481193, 2.791289298872476, 3.485033659808754, 2.6152148477706376, 6.118165336929037, 5.059759992331652, 5.355964930803786, 4.697426916940805, 4.35869575561314, 2.500174373918747, 3.052686706820731, 2.5181355285210527, 3.068100862096942, 1.741857921875375, 0.0, 2.555090037552493, 3.2636970845959343, 3.7488586929891072, 3.8890255090446497, 4.309564779650029, 3.7463399965833317, 2.341506412547273], [6.865902048529385, 5.61684814909572, 4.588753981202304, 3.4279907132312952, 2.7670159847749343, 2.1760671795696016, 1.0958618754204381, 3.4707525480794508, 2.690670381150393, 7.650615966704903, 6.803386849209738, 7.346569791406055, 6.037823278301544, 5.367716150282166, 4.444293660414442, 5.234045871980872, 2.9991442112709423, 4.080020382302029, 3.7484988675468482, 2.555090037552493, 0.0, 1.777252458149939, 1.7544950555644205, 3.785985553326901, 3.782278399324936, 4.320484177728233, 2.417148952795421], [6.476387043715037, 5.035517191907898, 4.338055181760601, 2.915049822901832, 2.8940437073409933, 2.1911550857937923, 1.094160632631242, 2.771313296976724, 3.3614982701170617, 7.1037701349353926, 6.664603892205448, 7.00301633155314, 5.182549463343307, 4.717999140525568, 4.5729625517819406, 5.050876772402986, 2.320543113152609, 3.1606145256895846, 3.894386044038264, 3.2636970845959343, 1.777252458149939, 0.0, 1.7733661607237237, 2.585634067303415, 3.1368706779209115, 3.785351060337733, 3.5723919577784295], [7.951412699640234, 6.559111339960619, 5.604461360380674, 4.178224035400687, 3.5016053061417414, 2.1744241421581028, 1.0962915898610188, 2.780578121542353, 2.6037794837504964, 8.68032495071469, 8.080231139020714, 8.362391653109773, 6.715802911044963, 6.363080107149367, 5.74018381935631, 6.128848917211126, 3.8623568012290113, 4.420294372550316, 4.309008598274086, 3.7488586929891072, 1.7544950555644205, 1.7733661607237237, 0.0, 3.1441792108593303, 2.5987934681309324, 3.7823099013697967, 2.836077703448902], [6.467434572533378, 5.024878746795787, 4.329576585533509, 2.903997048896572, 2.888409339065362, 2.190940190876967, 2.7739521372943696, 1.0941731764213563, 3.349479976055985, 7.093925569104879, 6.992753298236682, 6.659287717916985, 4.709448397636394, 5.16783865266709, 5.04100583911584, 4.569792894650696, 3.1428868274247486, 2.3129042111596405, 3.2606142013430537, 3.8890255090446497, 3.785985553326901, 2.585634067303415, 3.1441792108593303, 0.0, 1.7725656715619877, 1.7780988161516782, 4.104186356636355], [7.945511599009846, 6.551497821109308, 5.599464314557242, 4.170818497609312, 3.498791192683553, 2.174027272138048, 2.778295959756628, 1.0963809648110459, 2.5903620384031267, 8.673100016718358, 8.356232491380313, 8.077232828760106, 6.355832215375104, 6.704975109573486, 6.123699444780091, 5.739190801846546, 4.40758591181159, 3.8560154680706353, 3.746026530872412, 4.309564779650029, 3.782278399324936, 3.1368706779209115, 2.5987934681309324, 1.7725656715619877, 0.0, 1.7542123075614309, 3.4879597403066454], [6.861893956481694, 5.61044924939171, 4.5845000130875775, 3.419885310942459, 2.762382252694221, 2.174764998798721, 3.4707247283528555, 1.0959647895803952, 2.661339307566775, 7.645470537514352, 7.342845953034831, 6.802034709555664, 5.360902529425433, 6.028859356462049, 5.2304559676953595, 4.4439214822046536, 4.068313789520174, 2.9903785462713577, 2.5508033812899025, 3.7463399965833317, 4.320484177728233, 3.785351060337733, 3.7823099013697967, 1.7780988161516782, 1.7542123075614309, 0.0, 3.5561526303014612], [7.439364224179376, 6.359366205055343, 4.959218230729516, 3.9999212804754047, 2.554626606766633, 1.965256850897612, 2.5412154946009595, 3.2281343853687376, 0.9725690206869636, 8.403159846748126, 7.400024336446469, 7.586167573946677, 6.724098964173565, 6.514605790836465, 4.840844374693324, 5.119300316449505, 4.240008049520661, 4.556202082875605, 2.8640752259673627, 2.341506412547273, 2.417148952795421, 3.5723919577784295, 2.836077703448902, 4.104186356636355, 3.4879597403066454, 3.5561526303014612, 0.0]]}