{"total energy": -39.76729903, "HOMO-LUMO gap/eV": 4.65354309, "electronic energy": -40.25037312, "dipole": [0.27200165, 0.61142275, -0.59957511], "partial charges": [-0.10035082, -0.05208158, -0.058685, -0.05853812, -0.05854356, -0.05933597, -0.04993822, -0.08704306, 0.35080712, -0.40537484, -0.26274014, 0.03339092, 0.03174608, 0.03246301, 0.03269375, 0.02874217, 0.02903606, 0.03091412, 0.03053821, 0.02987521, 0.03037161, 0.03226269, 0.03138997, 0.03586933, 0.03466804, 0.04240035, 0.04173501, 0.0645284, 0.06071407, 0.06223836, 0.06420936, 0.06203747], "atomic dipole moments": [[-0.07114592, 0.03815452, 0.0619416], [-0.02440102, -0.07007761, -0.08255189], [0.01881946, 0.07033178, 0.08373489], [-0.02635269, -0.06961693, -0.08174438], [0.01566977, 0.07182309, 0.08608682], [-0.03722167, -0.07407722, -0.08527015], [-0.00548888, 0.0795531, 0.10316405], [-0.02481722, -0.07724657, -0.09698442], [-0.09393117, 0.05972603, -0.1230795], [0.08016723, 0.13743827, -0.08126821], [-0.12855739, -0.17207368, 0.08339382], [0.23769056, 0.06945265, 0.08742483], [0.11245904, 0.04353772, 0.03155757], [-0.0212499, 0.032403, -0.11983307], [0.00437869, -0.12573065, 0.00683257], [0.0059729, 0.1231335, -0.00651338], [0.03077732, -0.02955609, 0.11592002], [-0.0027075, -0.12414631, 0.00489564], [-0.02749553, 0.02880364, -0.11759115], [0.00273323, 0.12389196, -0.00499527], [0.02755632, -0.02891883, 0.11761393], [-0.0023197, -0.12433794, 0.00490181], [-0.02711031, 0.02890779, -0.11765359], [0.02795787, -0.02907822, 0.11787681], [0.00310851, 0.1240549, -0.00514536], [-0.00323131, -0.12627451, 0.00297492], [-0.02750203, 0.02693039, -0.11969104], [0.02063444, -0.02690963, 0.1226639], [-0.00448133, 0.12906716, 0.00131786], [-0.0836277, 0.01728122, 0.098973], [-0.04094016, 0.07094243, -0.0957594], [0.00976437, -0.12228214, -0.04435952]], "atomic quadrupole moments": [[0.0637165, -0.08720107, -0.07348335, -0.14775853, 0.08716537, 0.00976686], [0.21165595, 0.01015749, -0.13924809, -0.07806295, 0.1187461, -0.07240786], [0.21975385, 0.01585898, -0.14374569, -0.07413337, 0.12288569, -0.07600816], [0.22196306, 0.02043263, -0.14300524, -0.06882797, 0.12111754, -0.07895782], [0.21818011, 0.01398252, -0.14394272, -0.0761518, 0.1241728, -0.07423739], [0.22902524, 0.02641828, -0.14599441, -0.06468903, 0.12417642, -0.08303084], [0.22013611, -0.00159906, -0.15285966, -0.09890343, 0.12278307, -0.06727645], [0.21702639, 0.04592453, -0.13126447, -0.04909767, 0.07831972, -0.08576192], [-0.142242, -0.30781012, -0.00485663, -0.11027616, 0.28433258, 0.14709863], [-0.05420744, -0.0819402, 0.02691435, -0.09274154, 0.12765103, 0.0272931], [0.06558769, 0.04491045, -0.03410175, 0.04967293, -0.01012635, -0.03148595], [0.3898989, 0.21512049, -0.20246218, 0.24126047, 0.04220515, -0.18743671], [0.05752965, 0.03903833, -0.02857034, 0.02598183, 0.02499646, -0.02895931], [-0.03055925, -0.0211171, -0.03260615, 0.02522239, -0.03097641, 0.0631654], [-0.04202582, 0.00527071, 0.07865438, -0.0132563, -0.01328568, -0.03662856], [-0.01837373, -0.00431894, 0.05441984, -0.00507154, -0.0147037, -0.03604611], [-0.015261, -0.00726171, -0.02768121, 0.01057539, -0.03110664, 0.04294221], [-0.02118217, -0.00146262, 0.05452413, -0.00362835, -0.01611285, -0.03334196], [-0.01715437, -0.00766458, -0.02459982, 0.01407547, -0.0312714, 0.04175419], [-0.02091654, -0.00184227, 0.05443548, -0.00379593, -0.01598125, -0.03351894], [-0.01688872, -0.00762184, -0.02459096, 0.0135178, -0.03112037, 0.04147968], [-0.02068647, -0.00117418, 0.05386082, -0.00367683, -0.01609444, -0.03317434], [-0.01661837, -0.00767937, -0.02466108, 0.01418199, -0.03109103, 0.04127945], [-0.01715727, -0.00751645, -0.02415007, 0.01314264, -0.03072541, 0.04130734], [-0.02112564, -0.00224846, 0.05428129, -0.00367045, -0.01573885, -0.03315565], [-0.01886919, -0.00079922, 0.0511843, -0.00357472, -0.01774028, -0.03231511], [-0.0144677, -0.00752053, -0.02354671, 0.01404964, -0.03203731, 0.03801441], [-0.01954742, -0.01080098, -0.02444611, 0.022601, -0.03268947, 0.04399354], [-0.03122762, 0.00068587, 0.0590331, -0.00098016, -0.02267233, -0.02780548], [0.01582288, 0.00731313, -0.0492432, -0.03373257, 0.01484533, 0.03342032], [-0.02434302, -0.00833374, 0.00169422, 0.02877054, -0.06169996, 0.0226488], [-0.00786249, -0.00828476, 0.05186363, 0.00948605, 0.0290095, -0.04400115]], "number of molecular orbitals": 68, "number of electrons": 72, "number of unpaired electrons": 0, "orbital energies/eV": [-20.14897702, -19.35386096, -18.32867433, -17.32083556, -17.04295688, -16.8576503, -16.57003106, -16.52674269, -16.11314662, -15.8695304, -15.41558685, -15.30551449, -15.29743751, -15.09922801, -14.99996926, -14.39155833, -14.09013791, -14.02120285, -13.8370996, -13.54507206, -13.46161281, -13.44763257, -13.06823308, -12.97146248, -12.83812494, -12.66620014, -12.42089047, -12.29203131, -12.20163668, -12.08249148, -11.81982429, -11.8139613, -11.59405449, -11.58054277, -11.45896753, -11.17427491, -6.52073182, 0.25616507, 1.2965288, 2.47692039, 2.62041083, 2.85569222, 2.92256843, 3.13212562, 3.38856122, 3.42679816, 3.62927041, 3.720101, 4.02461339, 4.21299618, 4.4218882, 4.71979559, 4.79148548, 4.95157681, 5.22364658, 5.3270704, 5.41692282, 5.65594017, 6.05471026, 6.25216324, 6.61546382, 6.75260794, 7.04719479, 7.29837363, 7.40353083, 7.95653811, 8.42863804, 16.04848639], "fractional occupation": [2.0, 2.0, 2.0, 2.0, 2.0, 2.0, 2.0, 2.0, 2.0, 2.0, 2.0, 2.0, 2.0, 2.0, 2.0, 2.0, 2.0, 2.0, 2.0, 2.0, 2.0, 2.0, 2.0, 2.0, 2.0, 2.0, 2.0, 2.0, 2.0, 2.0, 2.0, 2.0, 2.0, 2.0, 2.0, 2.0, 0.0, 0.0, 0.0, 0.0, 0.0, 0.0, 0.0, 0.0, 0.0, 0.0, 0.0, 0.0, 0.0, 0.0, 0.0, 0.0, 0.0, 0.0, 0.0, 0.0, 0.0, 0.0, 0.0, 0.0, 0.0, 0.0, 0.0, 0.0, 0.0, 0.0, 0.0, 0.0], "program call": "xtb /home/svss/Project-DBcg-Debug/aqme2_20220329/End-to-End-workflows-final/example-3/QDESCP/mol_980_rdkit_conf_4/mol_980_rdkit_conf_4.xyz --pop --wbo --acc 0.2 --gfn 2 --chrg 0 --uhf 0 --etemp 300 --input /home/svss/Project-DBcg-Debug/aqme2_20220329/End-to-End-workflows-final/example-3/QDESCP/mol_980_rdkit_conf_4/mol_980_rdkit_conf_4_xtb.inp", "method": "GFN2-xTB", "xtb version": "6.3.3 (7355c4f)", "Dipole module/D": 2.284, "Total charge": 0, "Transition dipole module/D": NaN, "HOMO": -11.1743, "LUMO": -6.5207, "HOMO occupancy": 2.0, "LUMO occupancy": 0, "mulliken charges": [-0.08344, -0.03845, -0.04653, -0.04527, -0.04509, -0.04625, -0.03412, -0.07662, 0.57403, -0.52965, -0.41657, 0.17514, 0.02861, 0.02686, 0.02711, 0.02216, 0.02246, 0.02351, 0.02309, 0.02305, 0.02358, 0.02516, 0.02422, 0.02626, 0.02496, 0.03576, 0.03285, 0.05082, 0.04878, 0.0441, 0.03588, 0.04357], "cm5 charges": [-0.23376, -0.15095, -0.15716, -0.15594, -0.15578, -0.15676, -0.14236, -0.17525, 0.62308, -0.5779, -0.50404, 0.05549, 0.0794, 0.07815, 0.07839, 0.07686, 0.07718, 0.07884, 0.07843, 0.0784, 0.07892, 0.0805, 0.07958, 0.08166, 0.08036, 0.09222, 0.0901, 0.10938, 0.10797, 0.10529, 0.09493, 0.10477], "FUKUI+": [0.004, 0.002, 0.002, 0.003, 0.004, 0.006, -0.001, 0.021, -0.181, -0.275, -0.127, 0.046, -0.009, -0.004, -0.004, -0.004, -0.004, -0.005, -0.005, -0.009, -0.009, -0.011, -0.011, -0.022, -0.022, -0.026, -0.03, -0.072, -0.085, -0.048, -0.075, -0.048], "FUKUI-": [0.015, 0.002, 0.002, 0.002, -0.0, -0.004, 0.0, -0.01, -0.016, -0.124, -0.05, 0.018, -0.059, -0.052, -0.052, -0.065, -0.065, -0.056, -0.056, -0.041, -0.041, -0.033, -0.033, -0.031, -0.032, -0.031, -0.029, -0.033, -0.044, -0.025, -0.037, -0.021], "FUKUIrad": [0.009, 0.002, 0.002, 0.003, 0.002, 0.001, -0.001, 0.006, -0.098, -0.2, -0.088, 0.032, -0.034, -0.028, -0.028, -0.035, -0.035, -0.03, -0.03, -0.025, -0.025, -0.022, -0.022, -0.026, -0.027, -0.028, -0.03, -0.053, -0.064, -0.037, -0.056, -0.034], "s proportion": [1.007, 1.027, 1.032, 1.032, 1.033, 1.033, 1.031, 1.039, 0.989, 1.731, 1.698, 0.973, 0.971, 0.973, 0.973, 0.978, 0.978, 0.976, 0.977, 0.977, 0.976, 0.975, 0.976, 0.974, 0.975, 0.964, 0.967, 0.949, 0.951, 0.956, 0.964, 0.956], "p proportion": [3.076, 3.011, 3.014, 3.013, 3.012, 3.013, 3.003, 3.038, 2.437, 4.799, 4.719, 2.852, 0.0, 0.0, 0.0, 0.0, 0.0, 0.0, 0.0, 0.0, 0.0, 0.0, 0.0, 0.0, 0.0, 0.0, 0.0, 0.0, 0.0, 0.0, 0.0, 0.0], "d proportion": [0.0, 0.0, 0.0, 0.0, 0.0, 0.0, 0.0, 0.0, 0.0, 0.0, 0.0, 0.0, 0.0, 0.0, 0.0, 0.0, 0.0, 0.0, 0.0, 0.0, 0.0, 0.0, 0.0, 0.0, 0.0, 0.0, 0.0, 0.0, 0.0, 0.0, 0.0, 0.0], "Fermi-level/eV": -8.8475, "Coordination numbers": [3.75, 3.8, 3.802, 3.802, 3.802, 3.802, 3.804, 3.804, 2.725, 0.856, 1.703, 3.656, 0.924, 0.924, 0.924, 0.924, 0.924, 0.924, 0.924, 0.924, 0.924, 0.924, 0.924, 0.924, 0.924, 0.924, 0.924, 0.924, 0.924, 0.924, 0.924, 0.924], "Dispersion coefficient C6": [22.48, 21.509, 21.629, 21.627, 21.627, 21.641, 21.467, 22.158, 21.043, 21.789, 18.355, 20.303, 2.562, 2.552, 2.549, 2.605, 2.6, 2.574, 2.579, 2.588, 2.581, 2.555, 2.567, 2.505, 2.521, 2.417, 2.426, 2.147, 2.191, 2.173, 2.15, 2.175], "Total dispersion C6": 7476.897645, "Total dispersion C8": 158281.204218, "Polarizability alpha": [6.762, 6.603, 6.621, 6.621, 6.621, 6.623, 6.596, 6.701, 7.51, 6.258, 5.784, 6.468, 2.503, 2.498, 2.497, 2.524, 2.522, 2.509, 2.511, 2.516, 2.513, 2.5, 2.506, 2.475, 2.483, 2.431, 2.436, 2.291, 2.315, 2.305, 2.293, 2.307], "Total polarizability alpha": 128.103295, "Wiberg matrix": [[0.0, 1.0201283532494132, 0.0, 0.0, 0.0, 0.0, 0.0, 0.0, 0.0, 0.0, 0.0, 0.0, 0.9873561445350906, 0.9876965145786185, 0.9876834087430445, 0.0, 0.0, 0.0, 0.0, 0.0, 0.0, 0.0, 0.0, 0.0, 0.0, 0.0, 0.0, 0.0, 0.0, 0.0, 0.0, 0.0], [1.0201283532494132, 0.0, 1.0077051728477173, 0.0, 0.0, 0.0, 0.0, 0.0, 0.0, 0.0, 0.0, 0.0, 0.0, 0.0, 0.0, 0.9780716309714428, 0.9780629140807182, 0.0, 0.0, 0.0, 0.0, 0.0, 0.0, 0.0, 0.0, 0.0, 0.0, 0.0, 0.0, 0.0, 0.0, 0.0], [0.0, 1.0077051728477173, 0.0, 1.0070461248951335, 0.0, 0.0, 0.0, 0.0, 0.0, 0.0, 0.0, 0.0, 0.0, 0.0, 0.0, 0.0, 0.0, 0.9771452636588288, 0.9771659941529132, 0.0, 0.0, 0.0, 0.0, 0.0, 0.0, 0.0, 0.0, 0.0, 0.0, 0.0, 0.0, 0.0], [0.0, 0.0, 1.0070461248951335, 0.0, 1.006688430308753, 0.0, 0.0, 0.0, 0.0, 0.0, 0.0, 0.0, 0.0, 0.0, 0.0, 0.0, 0.0, 0.0, 0.0, 0.977235656880384, 0.9772130446939682, 0.0, 0.0, 0.0, 0.0, 0.0, 0.0, 0.0, 0.0, 0.0, 0.0, 0.0], [0.0, 0.0, 0.0, 1.006688430308753, 0.0, 1.0061654424358204, 0.0, 0.0, 0.0, 0.0, 0.0, 0.0, 0.0, 0.0, 0.0, 0.0, 0.0, 0.0, 0.0, 0.0, 0.0, 0.9770409198272889, 0.9770893748608236, 0.0, 0.0, 0.0, 0.0, 0.0, 0.0, 0.0, 0.0, 0.0], [0.0, 0.0, 0.0, 0.0, 1.0061654424358204, 0.0, 1.0042263512955478, 0.0, 0.0, 0.0, 0.0, 0.0, 0.0, 0.0, 0.0, 0.0, 0.0, 0.0, 0.0, 0.0, 0.0, 0.0, 0.0, 0.9767187690348256, 0.97680401400406, 0.0, 0.0, 0.0, 0.0, 0.0, 0.0, 0.0], [0.0, 0.0, 0.0, 0.0, 0.0, 1.0042263512955478, 0.0, 0.9830881202030213, 0.0, 0.0, 0.0, 0.0, 0.0, 0.0, 0.0, 0.0, 0.0, 0.0, 0.0, 0.0, 0.0, 0.0, 0.0, 0.0, 0.0, 0.976160732052221, 0.9760683428738576, 0.0, 0.0, 0.0, 0.0, 0.0], [0.0, 0.0, 0.0, 0.0, 0.0, 0.0, 0.9830881202030213, 0.0, 0.9779560562657506, 0.0, 0.0, 0.0, 0.0, 0.0, 0.0, 0.0, 0.0, 0.0, 0.0, 0.0, 0.0, 0.0, 0.0, 0.0, 0.0, 0.0, 0.0, 0.9695384246558645, 0.965329872702232, 0.0, 0.0, 0.0], [0.0, 0.0, 0.0, 0.0, 0.0, 0.0, 0.0, 0.9779560562657506, 0.0, 1.760537286479683, 1.1179250519640924, 0.0, 0.0, 0.0, 0.0, 0.0, 0.0, 0.0, 0.0, 0.0, 0.0, 0.0, 0.0, 0.0, 0.0, 0.0, 0.0, 0.0, 0.0, 0.0, 0.0, 0.0], [0.0, 0.0, 0.0, 0.0, 0.0, 0.0, 0.0, 0.0, 1.760537286479683, 0.0, 0.17091639901994105, 0.0, 0.0, 0.0, 0.0, 0.0, 0.0, 0.0, 0.0, 0.0, 0.0, 0.0, 0.0, 0.0, 0.0, 0.0, 0.0, 0.0, 0.0, 0.0, 0.0, 0.0], [0.0, 0.0, 0.0, 0.0, 0.0, 0.0, 0.0, 0.0, 1.1179250519640924, 0.17091639901994105, 0.0, 0.9608647742612931, 0.0, 0.0, 0.0, 0.0, 0.0, 0.0, 0.0, 0.0, 0.0, 0.0, 0.0, 0.0, 0.0, 0.0, 0.0, 0.0, 0.0, 0.0, 0.0, 0.0], [0.0, 0.0, 0.0, 0.0, 0.0, 0.0, 0.0, 0.0, 0.0, 0.0, 0.9608647742612931, 0.0, 0.0, 0.0, 0.0, 0.0, 0.0, 0.0, 0.0, 0.0, 0.0, 0.0, 0.0, 0.0, 0.0, 0.0, 0.0, 0.0, 0.0, 0.9779786315575094, 0.9819295635184563, 0.978168336584447], [0.9873561445350906, 0.0, 0.0, 0.0, 0.0, 0.0, 0.0, 0.0, 0.0, 0.0, 0.0, 0.0, 0.0, 0.0, 0.0, 0.0, 0.0, 0.0, 0.0, 0.0, 0.0, 0.0, 0.0, 0.0, 0.0, 0.0, 0.0, 0.0, 0.0, 0.0, 0.0, 0.0], [0.9876965145786185, 0.0, 0.0, 0.0, 0.0, 0.0, 0.0, 0.0, 0.0, 0.0, 0.0, 0.0, 0.0, 0.0, 0.0, 0.0, 0.0, 0.0, 0.0, 0.0, 0.0, 0.0, 0.0, 0.0, 0.0, 0.0, 0.0, 0.0, 0.0, 0.0, 0.0, 0.0], [0.9876834087430445, 0.0, 0.0, 0.0, 0.0, 0.0, 0.0, 0.0, 0.0, 0.0, 0.0, 0.0, 0.0, 0.0, 0.0, 0.0, 0.0, 0.0, 0.0, 0.0, 0.0, 0.0, 0.0, 0.0, 0.0, 0.0, 0.0, 0.0, 0.0, 0.0, 0.0, 0.0], [0.0, 0.9780716309714428, 0.0, 0.0, 0.0, 0.0, 0.0, 0.0, 0.0, 0.0, 0.0, 0.0, 0.0, 0.0, 0.0, 0.0, 0.0, 0.0, 0.0, 0.0, 0.0, 0.0, 0.0, 0.0, 0.0, 0.0, 0.0, 0.0, 0.0, 0.0, 0.0, 0.0], [0.0, 0.9780629140807182, 0.0, 0.0, 0.0, 0.0, 0.0, 0.0, 0.0, 0.0, 0.0, 0.0, 0.0, 0.0, 0.0, 0.0, 0.0, 0.0, 0.0, 0.0, 0.0, 0.0, 0.0, 0.0, 0.0, 0.0, 0.0, 0.0, 0.0, 0.0, 0.0, 0.0], [0.0, 0.0, 0.9771452636588288, 0.0, 0.0, 0.0, 0.0, 0.0, 0.0, 0.0, 0.0, 0.0, 0.0, 0.0, 0.0, 0.0, 0.0, 0.0, 0.0, 0.0, 0.0, 0.0, 0.0, 0.0, 0.0, 0.0, 0.0, 0.0, 0.0, 0.0, 0.0, 0.0], [0.0, 0.0, 0.9771659941529132, 0.0, 0.0, 0.0, 0.0, 0.0, 0.0, 0.0, 0.0, 0.0, 0.0, 0.0, 0.0, 0.0, 0.0, 0.0, 0.0, 0.0, 0.0, 0.0, 0.0, 0.0, 0.0, 0.0, 0.0, 0.0, 0.0, 0.0, 0.0, 0.0], [0.0, 0.0, 0.0, 0.977235656880384, 0.0, 0.0, 0.0, 0.0, 0.0, 0.0, 0.0, 0.0, 0.0, 0.0, 0.0, 0.0, 0.0, 0.0, 0.0, 0.0, 0.0, 0.0, 0.0, 0.0, 0.0, 0.0, 0.0, 0.0, 0.0, 0.0, 0.0, 0.0], [0.0, 0.0, 0.0, 0.9772130446939682, 0.0, 0.0, 0.0, 0.0, 0.0, 0.0, 0.0, 0.0, 0.0, 0.0, 0.0, 0.0, 0.0, 0.0, 0.0, 0.0, 0.0, 0.0, 0.0, 0.0, 0.0, 0.0, 0.0, 0.0, 0.0, 0.0, 0.0, 0.0], [0.0, 0.0, 0.0, 0.0, 0.9770409198272889, 0.0, 0.0, 0.0, 0.0, 0.0, 0.0, 0.0, 0.0, 0.0, 0.0, 0.0, 0.0, 0.0, 0.0, 0.0, 0.0, 0.0, 0.0, 0.0, 0.0, 0.0, 0.0, 0.0, 0.0, 0.0, 0.0, 0.0], [0.0, 0.0, 0.0, 0.0, 0.9770893748608236, 0.0, 0.0, 0.0, 0.0, 0.0, 0.0, 0.0, 0.0, 0.0, 0.0, 0.0, 0.0, 0.0, 0.0, 0.0, 0.0, 0.0, 0.0, 0.0, 0.0, 0.0, 0.0, 0.0, 0.0, 0.0, 0.0, 0.0], [0.0, 0.0, 0.0, 0.0, 0.0, 0.9767187690348256, 0.0, 0.0, 0.0, 0.0, 0.0, 0.0, 0.0, 0.0, 0.0, 0.0, 0.0, 0.0, 0.0, 0.0, 0.0, 0.0, 0.0, 0.0, 0.0, 0.0, 0.0, 0.0, 0.0, 0.0, 0.0, 0.0], [0.0, 0.0, 0.0, 0.0, 0.0, 0.97680401400406, 0.0, 0.0, 0.0, 0.0, 0.0, 0.0, 0.0, 0.0, 0.0, 0.0, 0.0, 0.0, 0.0, 0.0, 0.0, 0.0, 0.0, 0.0, 0.0, 0.0, 0.0, 0.0, 0.0, 0.0, 0.0, 0.0], [0.0, 0.0, 0.0, 0.0, 0.0, 0.0, 0.976160732052221, 0.0, 0.0, 0.0, 0.0, 0.0, 0.0, 0.0, 0.0, 0.0, 0.0, 0.0, 0.0, 0.0, 0.0, 0.0, 0.0, 0.0, 0.0, 0.0, 0.0, 0.0, 0.0, 0.0, 0.0, 0.0], [0.0, 0.0, 0.0, 0.0, 0.0, 0.0, 0.9760683428738576, 0.0, 0.0, 0.0, 0.0, 0.0, 0.0, 0.0, 0.0, 0.0, 0.0, 0.0, 0.0, 0.0, 0.0, 0.0, 0.0, 0.0, 0.0, 0.0, 0.0, 0.0, 0.0, 0.0, 0.0, 0.0], [0.0, 0.0, 0.0, 0.0, 0.0, 0.0, 0.0, 0.9695384246558645, 0.0, 0.0, 0.0, 0.0, 0.0, 0.0, 0.0, 0.0, 0.0, 0.0, 0.0, 0.0, 0.0, 0.0, 0.0, 0.0, 0.0, 0.0, 0.0, 0.0, 0.0, 0.0, 0.0, 0.0], [0.0, 0.0, 0.0, 0.0, 0.0, 0.0, 0.0, 0.965329872702232, 0.0, 0.0, 0.0, 0.0, 0.0, 0.0, 0.0, 0.0, 0.0, 0.0, 0.0, 0.0, 0.0, 0.0, 0.0, 0.0, 0.0, 0.0, 0.0, 0.0, 0.0, 0.0, 0.0, 0.0], [0.0, 0.0, 0.0, 0.0, 0.0, 0.0, 0.0, 0.0, 0.0, 0.0, 0.0, 0.9779786315575094, 0.0, 0.0, 0.0, 0.0, 0.0, 0.0, 0.0, 0.0, 0.0, 0.0, 0.0, 0.0, 0.0, 0.0, 0.0, 0.0, 0.0, 0.0, 0.0, 0.0], [0.0, 0.0, 0.0, 0.0, 0.0, 0.0, 0.0, 0.0, 0.0, 0.0, 0.0, 0.9819295635184563, 0.0, 0.0, 0.0, 0.0, 0.0, 0.0, 0.0, 0.0, 0.0, 0.0, 0.0, 0.0, 0.0, 0.0, 0.0, 0.0, 0.0, 0.0, 0.0, 0.0], [0.0, 0.0, 0.0, 0.0, 0.0, 0.0, 0.0, 0.0, 0.0, 0.0, 0.0, 0.978168336584447, 0.0, 0.0, 0.0, 0.0, 0.0, 0.0, 0.0, 0.0, 0.0, 0.0, 0.0, 0.0, 0.0, 0.0, 0.0, 0.0, 0.0, 0.0, 0.0, 0.0]], "Born radii": [], "Atomic SASAs": [], "Solvent H bonds": [], "Total SASA": NaN, "Total FOD": 0.0, "FOD": [0.0, 0.0, 0.0, 0.0, 0.0, 0.0, 0.0, 0.0, 0.0, 0.0, 0.0, 0.0, 0.0, 0.0, 0.0, 0.0, 0.0, 0.0, 0.0, 0.0, 0.0, 0.0, 0.0, 0.0, 0.0, 0.0, 0.0, 0.0, 0.0, 0.0, 0.0, 0.0], "FOD s proportion": [0.0, 0.0, 0.0, 0.0, 0.0, 0.0, 0.0, 0.0, 0.0, 0.0, 0.0, 0.0, 0.0, 0.0, 0.0, 0.0, 0.0, 0.0, 0.0, 0.0, 0.0, 0.0, 0.0, 0.0, 0.0, 0.0, 0.0, 0.0, 0.0, 0.0, 0.0, 0.0], "FOD p proportion": [0.0, 0.0, 0.0, 0.0, 0.0, 0.0, 0.0, 0.0, 0.0, 0.0, 0.0, 0.0, 0.0, 0.0, 0.0, 0.0, 0.0, 0.0, 0.0, 0.0, 0.0, 0.0, 0.0, 0.0, 0.0, 0.0, 0.0, 0.0, 0.0, 0.0, 0.0, 0.0], "FOD d proportion": [0.0, 0.0, 0.0, 0.0, 0.0, 0.0, 0.0, 0.0, 0.0, 0.0, 0.0, 0.0, 0.0, 0.0, 0.0, 0.0, 0.0, 0.0, 0.0, 0.0, 0.0, 0.0, 0.0, 0.0, 0.0, 0.0, 0.0, 0.0, 0.0, 0.0, 0.0, 0.0], "coordinates": [["5.55610", "-0.38000", "-1.33170"], ["4.50360", "0.19700", "-0.39860"], ["3.10520", "-0.31070", "-0.74940"], ["2.04950", "0.27210", "0.19150"], ["0.65010", "-0.23600", "-0.15940"], ["-0.40570", "0.34680", "0.78150"], ["-1.80430", "-0.16090", "0.43090"], ["-2.85620", "0.42000", "1.36790"], ["-4.22350", "-0.11340", "1.02880"], ["-4.75460", "-1.05560", "1.60030"], ["-4.76220", "0.58580", "-0.00790"], ["-6.05640", "0.13010", "-0.40310"], ["6.54810", "-0.00380", "-1.06300"], ["5.35600", "-0.09870", "-2.37060"], ["5.57880", "-1.47270", "-1.26960"], ["4.52900", "1.29120", "-0.46080"], ["4.75060", "-0.07520", "0.63410"], ["3.08630", "-1.40580", "-0.68970"], ["2.86480", "-0.03950", "-1.78460"], ["2.06840", "1.36710", "0.13160"], ["2.29000", "0.00060", "1.22670"], ["0.63110", "-1.33110", "-0.09950"], ["0.40960", "0.03540", "-1.19450"], ["-0.16510", "0.07540", "1.81660"], ["-0.38690", "1.44180", "0.72150"], ["-1.82670", "-1.25650", "0.48630"], ["-2.04500", "0.10380", "-0.60620"], ["-2.63960", "0.15720", "2.41000"], ["-2.87750", "1.51490", "1.32000"], ["-6.76810", "0.23290", "0.42210"], ["-6.39680", "0.75510", "-1.23330"], ["-6.00850", "-0.90760", "-0.74800"]], "bond_dist": [[0.0, 1.520316039512838, 2.520076703197742, 3.8783522545019036, 5.0461727368372955, 6.3668604288141895, 7.571674301632368, 8.870999461729214, 10.063975952375879, 10.740744566835208, 10.447608863754425, 11.660731375861467, 1.094435987164165, 1.094752442335709, 1.0946985840860486, 2.146231734925192, 2.14618334025777, 2.750334830525185, 2.750300774460859, 4.1662521035098194, 4.166254448542479, 5.165126624778912, 5.165059849604842, 6.546091313906337, 6.54628402072504, 7.653699242196547, 7.650956404267378, 9.025430805230297, 9.041447221545896, 12.463441197759147, 12.007079285987912, 11.591334720816235], [1.520316039512838, 0.0, 1.528509892019021, 2.525166297494087, 3.8851213481691915, 5.051366403261596, 6.372265301288075, 7.572113792726572, 8.84850797196906, 9.553997865291784, 9.282179785481423, 10.560212870013558, 2.159103575560932, 2.1685959167166207, 2.168546547805696, 1.096260753653071, 1.0961619998887027, 2.1592698627082254, 2.1593039827685216, 2.7532608103846608, 2.753215939587739, 4.173823986466127, 4.173776152358916, 5.169009314172301, 5.16924958770613, 6.555029240972155, 6.552552629319355, 7.675618818049787, 7.692274278781276, 11.301595382511266, 10.946548308028426, 10.57574904817621], [2.520076703197742, 1.528509892019021, 0.0, 1.5295264430535354, 2.5261029472291896, 3.8861780543356477, 5.051607504547437, 6.368294256706421, 7.543922469113796, 8.237258168832637, 7.952956510631753, 9.17873318546737, 3.4707481873509636, 2.781965866073845, 2.782004493166753, 2.1625401753493505, 2.162608068975976, 1.0968889232734553, 1.0968047410546693, 2.1601222372819553, 2.160192107197876, 2.7540437505602555, 2.7539351081679464, 4.174720505614717, 4.174873108251315, 5.171569369156717, 5.1688370577916265, 6.572934337873763, 6.588469549903072, 9.95740759937043, 9.573823314120643, 9.133226114577477], [3.8783522545019036, 2.525166297494087, 1.5295264430535354, 0.0, 1.5295805895734949, 2.5262001365687556, 3.885431224458876, 5.046947974766532, 6.340363596829443, 7.074127616886763, 6.8218344263108595, 8.12891923751245, 4.678385728004906, 4.1993798708857, 4.199416476130939, 2.758981759635246, 2.7590674620240807, 2.16028148397379, 2.1602730984762086, 1.0967999908825674, 1.0969008797516755, 2.1602753991100303, 2.160160850492389, 2.7539233939962817, 2.754113841147457, 4.17713435742735, 4.174874899922152, 5.188699554801762, 5.205131419090203, 8.820701942589375, 8.579238178882784, 8.197909266392255], [5.0461727368372955, 3.8851213481691915, 2.5261029472291896, 1.5295805895734949, 0.0, 1.5295954661282178, 2.525504595125497, 3.8803506259099834, 5.017850830784031, 5.742740664525955, 5.4764312083691875, 6.720904786559619, 5.971332665326894, 5.201322095390748, 5.20135123020932, 4.179598905397502, 4.17966495547191, 2.75403714027244, 2.7540485435082656, 2.1601355281555827, 2.1602140588376884, 1.0969015543794256, 1.0967817558657693, 2.1601150432326515, 2.1601774579881163, 2.7555193666530453, 2.7529363032950838, 4.192677985488511, 4.206927255135272, 7.4557159750087045, 7.1968284702360386, 6.718217805340937], [6.3668604288141895, 5.051366403261596, 3.8861780543356477, 2.5262001365687556, 1.5295954661282178, 0.0, 1.528646986717339, 2.5207485892091657, 3.8533800967462315, 4.642207493208376, 4.433888317267361, 5.777598682843937, 7.202807442240838, 6.5826583953597355, 6.582691828575906, 5.175564195331752, 5.175639134445137, 4.174937149227518, 4.174957143492613, 2.754006701153793, 2.7540617222567834, 2.1601999097305784, 2.1601527839483947, 1.0968036879952583, 1.0968037381409674, 2.1626268587067905, 2.1614959588211122, 2.770969075973242, 2.786437707898743, 6.373560647707056, 6.33398824912077, 5.941738588157509], [7.571674301632368, 6.372265301288075, 5.051607504547437, 3.885431224458876, 2.525504595125497, 1.528646986717339, 0.0, 1.5237806338183981, 2.4924424366472335, 3.297310197721773, 3.0820899954414047, 4.3428782402918005, 8.486401085265769, 7.689094041563023, 7.689127720359443, 6.55853735142219, 6.558608750337224, 5.169476639854367, 5.169494464645456, 4.173987275974857, 4.1740474817615585, 2.7535187233792326, 2.753509044837151, 2.1593931601262426, 2.1591939259825645, 1.0972284538782249, 1.0970774767535791, 2.1715778848569998, 2.1795785578868223, 4.979404213357256, 4.969876647362588, 4.429747593260817], [8.870999461729214, 7.572113792726572, 6.368294256706421, 5.046947974766532, 3.8803506259099834, 2.5207485892091657, 1.5237806338183981, 0.0, 1.5063245533416758, 2.41564229139995, 2.3565125248977568, 3.669027534647294, 9.722640574453012, 9.038011992689542, 9.038138333749933, 7.657957441119661, 7.658138920129354, 6.548325713493488, 6.548223995863306, 5.164989957395851, 5.165191984815279, 4.169037689923179, 4.168844031623155, 2.749927282674944, 2.749427338556158, 2.1558620224865965, 2.157567771820853, 1.096335628354748, 1.0961542364101868, 4.028958383999517, 4.406175417524818, 4.022008187460587], [10.063975952375879, 8.84850797196906, 7.543922469113796, 6.340363596829443, 5.017850830784031, 3.8533800967462315, 2.4924424366472335, 1.5063245533416758, 0.0, 1.223282592044864, 1.3615525035781766, 2.338621874095939, 10.973377144708005, 10.164790047020155, 10.159499216988994, 8.988774419797172, 8.982856903012538, 7.619495787123974, 7.626577060516729, 6.525707141758661, 6.5175027932483465, 5.13059405332365, 5.141091317998543, 4.138464067743007, 4.151214266934435, 2.710283029500794, 2.7324463562895427, 2.118885794468404, 2.1325745778284046, 2.6387492756986215, 3.2549380255236815, 2.6408326111285434], [10.740744566835208, 9.553997865291784, 8.237258168832637, 7.074127616886763, 5.742740664525955, 4.642207493208376, 3.297310197721773, 2.41564229139995, 1.223282592044864, 0.0, 2.297946683454601, 2.6672418881683755, 11.659780333265289, 10.904491587414793, 10.732634997054545, 9.794939122322303, 9.604350766189249, 8.175968006909029, 8.399122786339058, 7.387819974796354, 7.133128665599689, 5.654289060527415, 5.9724492195413434, 4.731749881386378, 5.1074552851689266, 3.1391010209931127, 3.6816820571581137, 2.5689925904914555, 3.1952375107337483, 2.6650646783896255, 3.742291315491086, 2.666211188184462], [10.447608863754425, 9.282179785481423, 7.952956510631753, 6.8218344263108595, 5.4764312083691875, 4.433888317267361, 3.0820899954414047, 2.3565125248977568, 1.3615525035781766, 2.297946683454601, 0.0, 1.4278652492444797, 11.37469780961235, 10.41291807227926, 10.619114376444017, 9.328939114926198, 9.557324355697048, 8.125901429995322, 7.856130853034463, 6.876553373602215, 7.183329384066973, 5.724559464273211, 5.334648532002835, 4.972186321931229, 4.51752260093959, 3.5007803672895563, 2.8237320570479065, 3.245823336227651, 2.4856868889705317, 2.0816035213267674, 2.0499231229487607, 2.081166802541305], [11.660731375861467, 10.560212870013558, 9.17873318546737, 8.12891923751245, 6.720904786559619, 5.777598682843937, 4.3428782402918005, 3.669027534647294, 2.338621874095939, 2.6672418881683755, 1.4278652492444797, 0.0, 12.622472716151934, 11.583016854429593, 11.776997458180928, 10.649045762884109, 10.858599400014718, 9.275240787170972, 9.029125973758477, 8.235802822433282, 8.505022707200727, 6.852002236572898, 6.51493960447831, 6.295830038207829, 5.9269311030245655, 4.539168867755418, 4.016624361326311, 4.425922306141399, 3.871969764861291, 1.0945500308345888, 1.0934940329055298, 1.094564621207903], [1.094435987164165, 2.159103575560932, 3.4707481873509636, 4.678385728004906, 5.971332665326894, 7.202807442240838, 8.486401085265769, 9.722640574453012, 10.973377144708005, 11.659780333265289, 11.37469780961235, 12.622472716151934, 0.0, 1.7719836850264734, 1.7719743959775487, 2.473142666729924, 2.473105865101613, 3.753533818949817, 3.75348903555079, 4.834681795113303, 4.834683139565612, 6.140109652115343, 6.140033480364743, 7.305164135048575, 7.305369573813497, 8.608534301494071, 8.605905624046779, 9.823516747580776, 9.840074900629567, 13.400848157486152, 12.96824457318723, 12.59302517268984], [1.094752442335709, 2.1685959167166207, 2.781965866073845, 4.1993798708857, 5.201322095390748, 6.5826583953597355, 7.689094041563023, 9.038011992689542, 10.164790047020155, 10.904491587414793, 10.41291807227926, 11.583016854429593, 1.7719836850264734, 0.0, 1.7747441618441797, 2.5026160412656195, 3.0651726705032463, 3.112149307150928, 2.5598785283680945, 4.383821191608983, 4.727661555145419, 5.3852933977639506, 5.086065963001266, 6.931486122037611, 6.701874593723759, 7.816236801684043, 7.611104690516351, 9.319293993109135, 9.165956336902331, 12.446000669291319, 11.838527508520645, 11.508214901538814], [1.0946985840860486, 2.168546547805696, 2.782004493166753, 4.199416476130939, 5.20135123020932, 6.582691828575906, 7.689127720359443, 9.038138333749933, 10.159499216988994, 10.732634997054545, 10.619114376444017, 11.776997458180928, 1.7719743959775487, 1.7747441618441797, 0.0, 3.0651885243814934, 2.5025976864050685, 2.5599445052578775, 3.1120866376114917, 4.727656252309383, 4.383871806976112, 5.08614980707411, 5.38522369637511, 6.701763294835173, 6.931692863218912, 7.613892401393652, 7.813307766240877, 9.150853989109432, 9.334923224644111, 12.578428354130734, 12.181108565725864, 11.612791475782211], [2.146231734925192, 1.096260753653071, 2.1625401753493505, 2.758981759635246, 4.179598905397502, 5.175564195331752, 6.55853735142219, 7.657957441119661, 8.988774419797172, 9.794939122322303, 9.328939114926198, 10.649045762884109, 2.473142666729924, 2.5026160412656195, 3.0651885243814934, 0.0, 1.764925361028052, 3.067179078567145, 2.508539529287908, 2.5320448120047163, 3.086490824544923, 4.711753324400589, 4.368615992508382, 5.357172314757105, 5.058318540780127, 6.912502888968655, 6.681955995066115, 7.8048878659465695, 7.620861669129023, 11.380860235939988, 10.966187354773762, 10.768291950444137], [2.14618334025777, 1.0961619998887027, 2.162608068975976, 2.7590674620240807, 4.17966495547191, 5.175639134445137, 6.558608750337224, 7.658138920129354, 8.982856903012538, 9.604350766189249, 9.557324355697048, 10.858599400014718, 2.473105865101613, 3.0651726705032463, 2.5025976864050685, 1.764925361028052, 0.0, 2.508552827827232, 3.067185325343091, 3.0865729183027577, 2.5320886161428082, 4.368722241113527, 4.711718510267777, 5.058170924355958, 5.35750259075999, 6.684174580305335, 6.910178322590525, 7.604136151463885, 7.822198311855817, 11.524769815488723, 11.3331861190929, 10.879399017409003], [2.750334830525185, 2.1592698627082254, 1.0968889232734553, 2.16028148397379, 2.75403714027244, 4.174937149227518, 5.169476639854367, 6.548325713493488, 7.619495787123974, 8.175968006909029, 8.125901429995322, 9.275240787170972, 3.753533818949817, 3.112149307150928, 2.5599445052578775, 3.067179078567145, 2.508552827827232, 0.0, 1.7648353889244175, 3.065881359413635, 2.506919147080735, 2.5262468545255037, 3.0816559460783415, 4.364297777420784, 4.707805161643799, 5.053992035015489, 5.349402218939981, 6.696046587352869, 6.938032359394124, 10.051399717949735, 9.74136414369158, 9.108621694306992], [2.750300774460859, 2.1593039827685216, 1.0968047410546693, 2.1602730984762086, 2.7540485435082656, 4.174957143492613, 5.169494464645456, 6.548223995863306, 7.626577060516729, 8.399122786339058, 7.856130853034463, 9.029125973758477, 3.75348903555079, 2.5598785283680945, 3.1120866376114917, 2.508539529287908, 3.067185325343091, 1.7648353889244175, 0.0, 2.5069102417118967, 3.0659306482697875, 3.0817540881777052, 2.5262294155519602, 4.70766794283539, 4.36444037535169, 5.352405819815982, 5.051266919298563, 6.923278082671532, 6.710343494188655, 9.886176665425314, 9.311957657227614, 8.975722258403499], [4.1662521035098194, 2.7532608103846608, 2.1601222372819553, 1.0967999908825674, 2.1601355281555827, 2.754006701153793, 4.173987275974857, 5.164989957395851, 6.525707141758661, 7.387819974796354, 6.876553373602215, 8.235802822433282, 4.834681795113303, 4.383821191608983, 4.727656252309383, 2.5320448120047163, 3.0865729183027577, 3.065881359413635, 2.5069102417118967, 0.0, 1.7651268566309903, 3.065863946753019, 2.5067077093271166, 3.081596362277188, 2.5262739736616058, 4.709659548205156, 4.365814390236947, 5.368447500907501, 5.08881776152379, 8.91372717442036, 8.596342655455283, 8.437077092216237], [4.166254448542479, 2.753215939587739, 2.160192107197876, 1.0969008797516755, 2.1602140588376884, 2.7540617222567834, 4.1740474817615585, 5.165191984815279, 6.5175027932483465, 7.133128665599689, 7.183329384066973, 8.505022707200727, 4.834683139565612, 4.727661555145419, 4.383871806976112, 3.086490824544923, 2.5320886161428082, 2.506919147080735, 3.0659306482697875, 1.7651268566309903, 0.0, 2.5068267869958625, 3.0658318023009676, 2.52608255209524, 3.081895210742896, 4.36757500908685, 4.707695577456129, 5.072048758637875, 5.3856165505910285, 9.096731284368028, 9.059876626643433, 8.578424656077596], [5.165126624778912, 4.173823986466127, 2.7540437505602555, 2.1602753991100303, 1.0969015543794256, 2.1601999097305784, 2.7535187233792326, 4.169037689923179, 5.13059405332365, 5.654289060527415, 5.724559464273211, 6.852002236572898, 6.140109652115343, 5.3852933977639506, 5.08614980707411, 4.711753324400589, 4.368722241113527, 2.5262468545255037, 3.0817540881777052, 3.065863946753019, 2.5068267869958625, 0.0, 1.7650522655151037, 2.506714164000355, 3.065834211107965, 2.5277475427740006, 3.0785051745936696, 4.382933450327531, 4.735501051631179, 7.580654536384045, 7.4181609102256605, 6.684623598976984], [5.165059849604842, 4.173776152358916, 2.7539351081679464, 2.160160850492389, 1.0967817558657693, 2.1601527839483947, 2.753509044837151, 4.168844031623155, 5.141091317998543, 5.9724492195413434, 5.334648532002835, 6.51493960447831, 6.140033480364743, 5.086065963001266, 5.38522369637511, 4.368615992508382, 4.711718510267777, 3.0816559460783415, 2.5262294155519602, 2.5067077093271166, 3.0658318023009676, 1.7650522655151037, 0.0, 3.0657141582345866, 2.5066769257325525, 3.081417196680774, 2.525041902622608, 4.722803841998945, 4.395071889059381, 7.360148035196031, 6.844454287231379, 6.50235487035274], [6.546091313906337, 5.169009314172301, 4.174720505614717, 2.7539233939962817, 2.1601150432326515, 1.0968036879952583, 2.1593931601262426, 2.749927282674944, 4.138464067743007, 4.731749881386378, 4.972186321931229, 6.295830038207829, 7.305164135048575, 6.931486122037611, 6.701763294835173, 5.357172314757105, 5.058170924355958, 4.364297777420784, 4.70766794283539, 3.081596362277188, 2.52608255209524, 2.506714164000355, 3.0657141582345866, 0.0, 1.765074562164443, 2.5108903321332057, 3.066723073575441, 2.5459703552869586, 3.110608553000522, 6.750484834439671, 6.97122421028043, 6.456685350859217], [6.54628402072504, 5.16924958770613, 4.174873108251315, 2.754113841147457, 2.1601774579881163, 1.0968037381409674, 2.1591939259825645, 2.749427338556158, 4.151214266934435, 5.1074552851689266, 4.51752260093959, 5.9269311030245655, 7.305369573813497, 6.701874593723759, 6.931692863218912, 5.058318540780127, 5.35750259075999, 4.707805161643799, 4.36444037535169, 2.5262739736616058, 3.081895210742896, 3.065834211107965, 2.5066769257325525, 1.765074562164443, 0.0, 3.06743638401842, 2.510443566384236, 3.094492963314022, 2.562544481565149, 6.501599265565358, 6.357019579960408, 6.267495286795197], [7.653699242196547, 6.555029240972155, 5.171569369156717, 4.17713435742735, 2.7555193666530453, 2.1626268587067905, 1.0972284538782249, 2.1558620224865965, 2.710283029500794, 3.1391010209931127, 3.5007803672895563, 4.539168867755418, 8.608534301494071, 7.816236801684043, 7.613892401393652, 6.912502888968655, 6.684174580305335, 5.053992035015489, 5.352405819815982, 4.709659548205156, 4.36757500908685, 2.5277475427740006, 3.081417196680774, 2.5108903321332057, 3.06743638401842, 0.0, 1.7583023716073412, 2.521899242634408, 3.0789436971143203, 5.161382369094543, 5.281038982056467, 4.374091784587973], [7.650956404267378, 6.552552629319355, 5.1688370577916265, 4.174874899922152, 2.7529363032950838, 2.1614959588211122, 1.0970774767535791, 2.157567771820853, 2.7324463562895427, 3.6816820571581137, 2.8237320570479065, 4.016624361326311, 8.605905624046779, 7.611104690516351, 7.813307766240877, 6.681955995066115, 6.910178322590525, 5.349402218939981, 5.051266919298563, 4.365814390236947, 4.707695577456129, 3.0785051745936696, 2.525041902622608, 3.066723073575441, 2.510443566384236, 1.7583023716073412, 0.0, 3.074713508605314, 2.5287360281373776, 4.835467020878128, 4.444728263909955, 4.092965850089639], [9.025430805230297, 7.675618818049787, 6.572934337873763, 5.188699554801762, 4.192677985488511, 2.770969075973242, 2.1715778848569998, 1.096335628354748, 2.118885794468404, 2.5689925904914555, 3.245823336227651, 4.425922306141399, 9.823516747580776, 9.319293993109135, 9.150853989109432, 7.8048878659465695, 7.604136151463885, 6.696046587352869, 6.923278082671532, 5.368447500907501, 5.072048758637875, 4.382933450327531, 4.722803841998945, 2.5459703552869586, 3.094492963314022, 2.521899242634408, 3.074713508605314, 0.0, 1.7572836139906385, 4.58279272387482, 5.26760582617948, 4.738802617750607], [9.041447221545896, 7.692274278781276, 6.588469549903072, 5.205131419090203, 4.206927255135272, 2.786437707898743, 2.1795785578868223, 1.0961542364101868, 2.1325745778284046, 3.1952375107337483, 2.4856868889705317, 3.871969764861291, 9.840074900629567, 9.165956336902331, 9.334923224644111, 7.620861669129023, 7.822198311855817, 6.938032359394124, 6.710343494188655, 5.08881776152379, 5.3856165505910285, 4.735501051631179, 4.395071889059381, 3.110608553000522, 2.562544481565149, 3.0789436971143203, 2.5287360281373776, 1.7572836139906385, 0.0, 4.1936281153674075, 4.41385425903484, 4.466350999417757], [12.463441197759147, 11.301595382511266, 9.95740759937043, 8.820701942589375, 7.4557159750087045, 6.373560647707056, 4.979404213357256, 4.028958383999517, 2.6387492756986215, 2.6650646783896255, 2.0816035213267674, 1.0945500308345888, 13.400848157486152, 12.446000669291319, 12.578428354130734, 11.380860235939988, 11.524769815488723, 10.051399717949735, 9.886176665425314, 8.91372717442036, 9.096731284368028, 7.580654536384045, 7.360148035196031, 6.750484834439671, 6.501599265565358, 5.161382369094543, 4.835467020878128, 4.58279272387482, 4.1936281153674075, 0.0, 1.7750790658446738, 1.8019063294189293], [12.007079285987912, 10.946548308028426, 9.573823314120643, 8.579238178882784, 7.1968284702360386, 6.33398824912077, 4.969876647362588, 4.406175417524818, 3.2549380255236815, 3.742291315491086, 2.0499231229487607, 1.0934940329055298, 12.96824457318723, 11.838527508520645, 12.181108565725864, 10.966187354773762, 11.3331861190929, 9.74136414369158, 9.311957657227614, 8.596342655455283, 9.059876626643433, 7.4181609102256605, 6.844454287231379, 6.97122421028043, 6.357019579960408, 5.281038982056467, 4.444728263909955, 5.26760582617948, 4.41385425903484, 1.7750790658446738, 0.0, 1.775067398720398], [11.591334720816235, 10.57574904817621, 9.133226114577477, 8.197909266392255, 6.718217805340937, 5.941738588157509, 4.429747593260817, 4.022008187460587, 2.6408326111285434, 2.666211188184462, 2.081166802541305, 1.094564621207903, 12.59302517268984, 11.508214901538814, 11.612791475782211, 10.768291950444137, 10.879399017409003, 9.108621694306992, 8.975722258403499, 8.437077092216237, 8.578424656077596, 6.684623598976984, 6.50235487035274, 6.456685350859217, 6.267495286795197, 4.374091784587973, 4.092965850089639, 4.738802617750607, 4.466350999417757, 1.8019063294189293, 1.775067398720398, 0.0]]}