{"total energy": -39.12740201, "HOMO-LUMO gap/eV": 1.84785705, "electronic energy": -39.79850195, "dipole": [0.42962313, 0.03827127, 0.36992802], "partial charges": [-0.02863467, -0.03155362, -0.02800825, -0.00099897, 0.12591949, -0.39899247, -0.0170675, -0.03740873, -0.03155928, -0.03027288, -0.03491321, 0.01358929, -0.06013734, 0.01359743, -0.03703639, 0.0291171, 0.03046715, 0.04578293, 0.3023413, 0.02324623, 0.0284354, 0.02902195, 0.03211183, 0.0320585, 0.03089473], "atomic dipole moments": [[-0.02269544, 0.02534598, -0.00234904], [-0.01784676, -0.03052719, 0.00032397], [0.0507311, -0.01783076, 0.0012468], [0.01327576, -0.00887633, -0.00734149], [-0.01923357, 0.22662325, -0.00808031], [0.12480853, -0.13735448, 0.06210058], [-0.00413984, -0.0105147, 0.00149095], [-0.04319, -0.00975318, -0.00411016], [0.02454525, -0.02733296, 0.00100759], [0.01820618, 0.02811591, -0.00134331], [-0.05309247, 0.0041495, -0.00167482], [0.0184862, 0.04462388, -0.00288972], [-0.00110708, 0.02235006, -0.00108998], [-0.02469898, 0.04244198, -0.00287107], [0.05297396, 0.01445778, 8.648e-05], [-0.12248652, -0.08799408, -0.00143886], [-0.13775632, 0.06266004, -0.00994821], [-0.02198135, 0.15183914, -0.00949251], [0.05896706, 0.0200082, 0.05363529], [0.00839175, 0.14705151, -0.01949715], [0.12749209, 0.08237596, -0.00452991], [0.13475712, -0.06820519, 0.00740516], [0.01846603, -0.15004904, 0.009834], [0.01183171, -0.15026662, 0.00763643], [0.00515123, -0.15088558, 0.00799409]], "atomic quadrupole moments": [[-0.30910239, -0.00184592, -0.21953883, -0.03910955, 0.0373462, 0.52864122], [-0.30604469, -0.01761319, -0.21461527, -0.03798848, 0.03660907, 0.52065997], [-0.25918594, -0.03240632, -0.27115009, -0.03535146, 0.03901954, 0.53033603], [-0.22000653, -0.00495163, -0.14346685, -0.03013135, 0.02588711, 0.36347338], [-0.48126766, -0.05764153, 0.18979974, -0.02548444, -0.00836329, 0.29146792], [-0.0308247, -0.01396876, 0.09341053, 0.00411681, -0.00960941, -0.06258583], [-0.22411557, -0.0060675, -0.13014761, -0.00391311, 0.03812517, 0.35426318], [-0.27562307, 0.01389227, -0.21841001, -0.01081254, 0.07500398, 0.49403309], [-0.31262052, 0.0017537, -0.20596349, -0.01519356, 0.0582573, 0.518584], [-0.30645811, -0.01298175, -0.21638036, -0.02129429, 0.05184687, 0.52283847], [-0.23630715, -0.0167155, -0.2705681, -0.02093879, 0.0497019, 0.50687526], [-0.20843134, -0.01493966, -0.1911779, -0.02420703, 0.03127188, 0.39960925], [-0.19324617, 0.00125079, -0.25460849, -0.02875556, 0.04159787, 0.44785466], [-0.2191812, 0.00081871, -0.1797035, -0.03098379, 0.03565502, 0.3988847], [-0.24055334, 0.02251707, -0.25865195, -0.03661518, 0.03753765, 0.49920529], [0.03204047, -0.0056731, 0.03666811, 0.00492021, -0.00546101, -0.06870858], [0.02923106, 0.0056588, 0.0390876, 0.00405868, -0.00499628, -0.06831866], [0.03833318, 0.00835743, 0.02708189, 0.00431923, -0.00382072, -0.06541507], [0.02568787, 0.05534568, 0.00507487, 0.0886238, 0.04428794, -0.03076274], [0.03873221, -0.01240009, 0.03200012, 0.00577434, -0.00621368, -0.07073233], [0.02963223, -0.00665747, 0.03838345, 0.00260696, -0.0091588, -0.06801568], [0.03039055, 0.00593427, 0.03779834, 0.00277561, -0.0078848, -0.06818889], [0.03735275, 0.00865832, 0.02973224, 0.0027856, -0.0062095, -0.06708499], [0.03465391, -0.00037792, 0.03095969, 0.00465934, -0.00698033, -0.0656136], [0.03859597, -0.00660358, 0.02856771, 0.00507178, -0.00466217, -0.06716368]], "number of molecular orbitals": 70, "number of electrons": 72, "number of unpaired electrons": 0, "orbital energies/eV": [-19.24701972, -17.82820526, -17.59826497, -17.30142145, -17.09644566, -16.95716817, -16.73440672, -16.45682456, -16.13350622, -15.98081724, -15.76506126, -15.43581772, -15.21912364, -14.78964241, -14.52803358, -14.40156223, -13.9331287, -13.71230915, -13.61168594, -13.56951678, -13.3456757, -13.14514476, -13.0469666, -12.87352087, -12.77701091, -12.491842, -12.43960522, -12.10161787, -11.79761743, -11.65978496, -11.42528295, -11.31732236, -11.19447379, -10.95991003, -10.92985178, -9.54162555, -7.6937685, -6.20110095, -6.1348608, -4.84029947, -4.75046188, -2.74990503, -1.19136366, 1.4179826, 2.44200226, 2.94006893, 3.39475701, 3.46186057, 3.60376259, 4.19164369, 4.48957142, 4.58720153, 4.60101472, 5.58861075, 6.24253931, 6.59482065, 7.06372789, 8.09042784, 10.36750981, 10.46765914, 10.89922616, 11.14731179, 12.62181264, 12.93160267, 13.61694285, 13.86137341, 16.11660946, 16.48899233, 18.57800979, 19.03341989], "fractional occupation": [2.0, 2.0, 2.0, 2.0, 2.0, 2.0, 2.0, 2.0, 2.0, 2.0, 2.0, 2.0, 2.0, 2.0, 2.0, 2.0, 2.0, 2.0, 2.0, 2.0, 2.0, 2.0, 2.0, 2.0, 2.0, 2.0, 2.0, 2.0, 2.0, 2.0, 2.0, 2.0, 2.0, 2.0, 2.0, 2.0, 0.0, 0.0, 0.0, 0.0, 0.0, 0.0, 0.0, 0.0, 0.0, 0.0, 0.0, 0.0, 0.0, 0.0, 0.0, 0.0, 0.0, 0.0, 0.0, 0.0, 0.0, 0.0, 0.0, 0.0, 0.0, 0.0, 0.0, 0.0, 0.0, 0.0, 0.0, 0.0, 0.0, 0.0], "program call": "xtb /home/svss/Project-DBcg-Debug/aqme2_20220329/End-to-End-workflows-final/example-3/QDESCP/mol_390_rdkit_conf_1/mol_390_rdkit_conf_1.xyz --pop --wbo --acc 0.2 --gfn 2 --chrg 0 --uhf 0 --etemp 300 --input /home/svss/Project-DBcg-Debug/aqme2_20220329/End-to-End-workflows-final/example-3/QDESCP/mol_390_rdkit_conf_1/mol_390_rdkit_conf_1_xtb.inp", "method": "GFN2-xTB", "xtb version": "6.3.3 (7355c4f)", "Dipole module/D": 1.444, "Total charge": 0, "Transition dipole module/D": NaN, "HOMO": -9.5416, "LUMO": -7.6938, "HOMO occupancy": 2.0, "LUMO occupancy": 0, "mulliken charges": [-0.02493, -0.03442, -0.01888, -0.02245, 0.24026, -0.52096, -0.04461, -0.03522, -0.03037, -0.02703, -0.03549, 0.01376, -0.07256, 0.0112, -0.0396, 0.02974, 0.03075, 0.04369, 0.35316, 0.02612, 0.03078, 0.03077, 0.03239, 0.03298, 0.03092], "cm5 charges": [-0.08029, -0.08974, -0.06989, -0.02458, 0.25641, -0.71958, -0.04805, -0.08777, -0.08582, -0.08242, -0.08812, 0.00668, -0.1223, 0.00414, -0.09222, 0.08516, 0.08619, 0.10345, 0.52572, 0.08486, 0.08616, 0.0862, 0.08859, 0.0901, 0.0871], "FUKUI+": [-0.029, -0.028, -0.034, -0.016, -0.052, -0.044, -0.015, -0.036, -0.029, -0.029, -0.036, -0.016, -0.043, -0.017, -0.033, -0.06, -0.059, -0.052, -0.033, -0.053, -0.061, -0.061, -0.055, -0.056, -0.054], "FUKUI-": [-0.027, -0.031, -0.031, -0.019, -0.044, -0.064, -0.019, -0.027, -0.03, -0.028, -0.03, -0.018, -0.051, -0.017, -0.033, -0.059, -0.059, -0.05, -0.037, -0.048, -0.058, -0.058, -0.051, -0.058, -0.053], "FUKUIrad": [-0.028, -0.03, -0.032, -0.017, -0.048, -0.054, -0.017, -0.032, -0.029, -0.028, -0.033, -0.017, -0.047, -0.017, -0.033, -0.059, -0.059, -0.051, -0.035, -0.05, -0.059, -0.059, -0.053, -0.057, -0.053], "s proportion": [1.061, 1.059, 1.065, 1.069, 1.034, 1.695, 1.075, 1.062, 1.058, 1.059, 1.065, 1.07, 1.064, 1.071, 1.063, 0.97, 0.969, 0.956, 0.647, 0.974, 0.969, 0.969, 0.968, 0.967, 0.969], "p proportion": [2.964, 2.975, 2.954, 2.953, 2.726, 4.826, 2.97, 2.973, 2.973, 2.968, 2.971, 2.916, 3.009, 2.918, 2.976, 0.0, 0.0, 0.0, 0.0, 0.0, 0.0, 0.0, 0.0, 0.0, 0.0], "d proportion": [0.0, 0.0, 0.0, 0.0, 0.0, 0.0, 0.0, 0.0, 0.0, 0.0, 0.0, 0.0, 0.0, 0.0, 0.0, 0.0, 0.0, 0.0, 0.0, 0.0, 0.0, 0.0, 0.0, 0.0, 0.0], "Fermi-level/eV": -8.6177, "Coordination numbers": [2.91, 2.909, 2.917, 2.976, 2.844, 1.658, 2.973, 2.915, 2.908, 2.91, 2.92, 2.982, 2.925, 2.982, 2.919, 0.925, 0.925, 0.925, 0.804, 0.925, 0.925, 0.925, 0.925, 0.925, 0.925], "Dispersion coefficient C6": [28.716, 28.787, 28.701, 28.048, 25.233, 20.829, 28.431, 28.93, 28.787, 28.755, 28.869, 27.704, 29.495, 27.704, 28.921, 2.599, 2.58, 2.373, 0.714, 2.684, 2.609, 2.6, 2.557, 2.557, 2.574], "Total dispersion C6": 8893.005976, "Total dispersion C8": 224828.607243, "Polarizability alpha": [8.787, 8.798, 8.785, 8.687, 8.232, 6.161, 8.746, 8.82, 8.798, 8.793, 8.811, 8.634, 8.906, 8.634, 8.819, 2.521, 2.512, 2.409, 1.327, 2.562, 2.526, 2.522, 2.5, 2.501, 2.509], "Total polarizability alpha": 152.300402, "Wiberg matrix": [[0.0, 1.3396031584499046, 0.0, 0.0, 0.0, 0.0, 0.0, 0.0, 0.0, 0.0, 0.0, 0.0, 0.0, 0.0, 1.5394295773061444, 0.9711536404578536, 0.0, 0.0, 0.0, 0.0, 0.0, 0.0, 0.0, 0.0, 0.0], [1.3396031584499046, 0.0, 1.5368414791052927, 0.0, 0.0, 0.0, 0.0, 0.0, 0.0, 0.0, 0.0, 0.0, 0.0, 0.0, 0.0, 0.0, 0.9710237182179466, 0.0, 0.0, 0.0, 0.0, 0.0, 0.0, 0.0, 0.0], [0.0, 1.5368414791052927, 0.0, 1.2775593619644408, 0.0, 0.0, 0.0, 0.0, 0.0, 0.0, 0.0, 0.0, 0.0, 0.0, 0.13693236407060944, 0.0, 0.0, 0.9688687002461097, 0.0, 0.0, 0.0, 0.0, 0.0, 0.0, 0.0], [0.0, 0.0, 1.2775593619644408, 0.0, 1.2991971041525026, 0.0, 0.0, 0.0, 0.0, 0.0, 0.0, 0.0, 0.0, 1.20370426266755, 0.0, 0.0, 0.0, 0.0, 0.0, 0.0, 0.0, 0.0, 0.0, 0.0, 0.0], [0.0, 0.0, 0.0, 1.2991971041525026, 0.0, 1.0603195851034553, 1.295848822555962, 0.0, 0.0, 0.0, 0.0, 0.0, 0.13752369400387016, 0.0, 0.0, 0.0, 0.0, 0.0, 0.0, 0.0, 0.0, 0.0, 0.0, 0.0, 0.0], [0.0, 0.0, 0.0, 0.0, 1.0603195851034553, 0.0, 0.0, 0.0, 0.0, 0.0, 0.0, 0.0, 0.0, 0.0, 0.0, 0.0, 0.0, 0.0, 0.8805848996347453, 0.0, 0.0, 0.0, 0.0, 0.0, 0.0], [0.0, 0.0, 0.0, 0.0, 1.295848822555962, 0.0, 0.0, 1.2790784758850469, 0.0, 0.0, 0.0, 1.2020873108253247, 0.0, 0.0, 0.0, 0.0, 0.0, 0.0, 0.0, 0.0, 0.0, 0.0, 0.0, 0.0, 0.0], [0.0, 0.0, 0.0, 0.0, 0.0, 0.0, 1.2790784758850469, 0.0, 1.5341515330986417, 0.0, 0.13590914520297362, 0.0, 0.0, 0.0, 0.0, 0.0, 0.0, 0.0, 0.0, 0.9653087797892298, 0.0, 0.0, 0.0, 0.0, 0.0], [0.0, 0.0, 0.0, 0.0, 0.0, 0.0, 0.0, 1.5341515330986417, 0.0, 1.3403389518822413, 0.0, 0.0, 0.0, 0.0, 0.0, 0.0, 0.0, 0.0, 0.0, 0.0, 0.9711869268949019, 0.0, 0.0, 0.0, 0.0], [0.0, 0.0, 0.0, 0.0, 0.0, 0.0, 0.0, 0.0, 1.3403389518822413, 0.0, 1.5385855508310242, 0.0, 0.0, 0.0, 0.0, 0.0, 0.0, 0.0, 0.0, 0.0, 0.0, 0.9710729277127695, 0.0, 0.0, 0.0], [0.0, 0.0, 0.0, 0.0, 0.0, 0.0, 0.0, 0.13590914520297362, 0.0, 1.5385855508310242, 0.0, 1.2734695125591609, 0.0, 0.0, 0.0, 0.0, 0.0, 0.0, 0.0, 0.0, 0.0, 0.0, 0.9694330001261751, 0.0, 0.0], [0.0, 0.0, 0.0, 0.0, 0.0, 0.0, 1.2020873108253247, 0.0, 0.0, 0.0, 1.2734695125591609, 0.0, 1.352123001947085, 0.0, 0.0, 0.0, 0.0, 0.0, 0.0, 0.0, 0.0, 0.0, 0.0, 0.0, 0.0], [0.0, 0.0, 0.0, 0.0, 0.13752369400387016, 0.0, 0.0, 0.0, 0.0, 0.0, 0.0, 1.352123001947085, 0.0, 1.3527432772213985, 0.0, 0.0, 0.0, 0.0, 0.0, 0.0, 0.0, 0.0, 0.0, 0.967330154415323, 0.0], [0.0, 0.0, 0.0, 1.20370426266755, 0.0, 0.0, 0.0, 0.0, 0.0, 0.0, 0.0, 0.0, 1.3527432772213985, 0.0, 1.2715871512463897, 0.0, 0.0, 0.0, 0.0, 0.0, 0.0, 0.0, 0.0, 0.0, 0.0], [1.5394295773061444, 0.0, 0.13693236407060944, 0.0, 0.0, 0.0, 0.0, 0.0, 0.0, 0.0, 0.0, 0.0, 0.0, 1.2715871512463897, 0.0, 0.0, 0.0, 0.0, 0.0, 0.0, 0.0, 0.0, 0.0, 0.0, 0.9696610157787956], [0.9711536404578536, 0.0, 0.0, 0.0, 0.0, 0.0, 0.0, 0.0, 0.0, 0.0, 0.0, 0.0, 0.0, 0.0, 0.0, 0.0, 0.0, 0.0, 0.0, 0.0, 0.0, 0.0, 0.0, 0.0, 0.0], [0.0, 0.9710237182179466, 0.0, 0.0, 0.0, 0.0, 0.0, 0.0, 0.0, 0.0, 0.0, 0.0, 0.0, 0.0, 0.0, 0.0, 0.0, 0.0, 0.0, 0.0, 0.0, 0.0, 0.0, 0.0, 0.0], [0.0, 0.0, 0.9688687002461097, 0.0, 0.0, 0.0, 0.0, 0.0, 0.0, 0.0, 0.0, 0.0, 0.0, 0.0, 0.0, 0.0, 0.0, 0.0, 0.0, 0.0, 0.0, 0.0, 0.0, 0.0, 0.0], [0.0, 0.0, 0.0, 0.0, 0.0, 0.8805848996347453, 0.0, 0.0, 0.0, 0.0, 0.0, 0.0, 0.0, 0.0, 0.0, 0.0, 0.0, 0.0, 0.0, 0.0, 0.0, 0.0, 0.0, 0.0, 0.0], [0.0, 0.0, 0.0, 0.0, 0.0, 0.0, 0.0, 0.9653087797892298, 0.0, 0.0, 0.0, 0.0, 0.0, 0.0, 0.0, 0.0, 0.0, 0.0, 0.0, 0.0, 0.0, 0.0, 0.0, 0.0, 0.0], [0.0, 0.0, 0.0, 0.0, 0.0, 0.0, 0.0, 0.0, 0.9711869268949019, 0.0, 0.0, 0.0, 0.0, 0.0, 0.0, 0.0, 0.0, 0.0, 0.0, 0.0, 0.0, 0.0, 0.0, 0.0, 0.0], [0.0, 0.0, 0.0, 0.0, 0.0, 0.0, 0.0, 0.0, 0.0, 0.9710729277127695, 0.0, 0.0, 0.0, 0.0, 0.0, 0.0, 0.0, 0.0, 0.0, 0.0, 0.0, 0.0, 0.0, 0.0, 0.0], [0.0, 0.0, 0.0, 0.0, 0.0, 0.0, 0.0, 0.0, 0.0, 0.0, 0.9694330001261751, 0.0, 0.0, 0.0, 0.0, 0.0, 0.0, 0.0, 0.0, 0.0, 0.0, 0.0, 0.0, 0.0, 0.0], [0.0, 0.0, 0.0, 0.0, 0.0, 0.0, 0.0, 0.0, 0.0, 0.0, 0.0, 0.0, 0.967330154415323, 0.0, 0.0, 0.0, 0.0, 0.0, 0.0, 0.0, 0.0, 0.0, 0.0, 0.0, 0.0], [0.0, 0.0, 0.0, 0.0, 0.0, 0.0, 0.0, 0.0, 0.0, 0.0, 0.0, 0.0, 0.0, 0.0, 0.9696610157787956, 0.0, 0.0, 0.0, 0.0, 0.0, 0.0, 0.0, 0.0, 0.0, 0.0]], "Born radii": [], "Atomic SASAs": [], "Solvent H bonds": [], "Total SASA": NaN, "Total FOD": 0.0, "FOD": [0.0, 0.0, 0.0, 0.0, 0.0, 0.0, 0.0, 0.0, 0.0, 0.0, 0.0, 0.0, 0.0, 0.0, 0.0, 0.0, 0.0, 0.0, 0.0, 0.0, 0.0, 0.0, 0.0, 0.0, 0.0], "FOD s proportion": [0.0, 0.0, 0.0, 0.0, 0.0, 0.0, 0.0, 0.0, 0.0, 0.0, 0.0, 0.0, 0.0, 0.0, 0.0, 0.0, 0.0, 0.0, 0.0, 0.0, 0.0, 0.0, 0.0, 0.0, 0.0], "FOD p proportion": [0.0, 0.0, 0.0, 0.0, 0.0, 0.0, 0.0, 0.0, 0.0, 0.0, 0.0, 0.0, 0.0, 0.0, 0.0, 0.0, 0.0, 0.0, 0.0, 0.0, 0.0, 0.0, 0.0, 0.0, 0.0], "FOD d proportion": [0.0, 0.0, 0.0, 0.0, 0.0, 0.0, 0.0, 0.0, 0.0, 0.0, 0.0, 0.0, 0.0, 0.0, 0.0, 0.0, 0.0, 0.0, 0.0, 0.0, 0.0, 0.0, 0.0, 0.0, 0.0], "coordinates": [["-3.60840", "-1.15070", "-0.11160"], ["-3.74390", "0.23010", "-0.18670"], ["-2.60740", "1.04020", "-0.17390"], ["-1.31140", "0.48730", "-0.08770"], ["-0.13670", "1.27360", "-0.06410"], ["-0.29680", "2.64290", "-0.08890"], ["1.16000", "0.70260", "-0.00280"], ["2.36220", "1.45000", "-0.03910"], ["3.61110", "0.82890", "0.03660"], ["3.69100", "-0.55300", "0.14280"], ["2.52310", "-1.31380", "0.16120"], ["1.25920", "-0.70420", "0.08250"], ["0.09360", "-1.48800", "0.08040"], ["-1.18460", "-0.91500", "-0.01140"], ["-2.33750", "-1.71940", "-0.02420"], ["-4.48970", "-1.78630", "-0.12150"], ["-4.73010", "0.68070", "-0.25640"], ["-2.73230", "2.11960", "-0.23640"], ["0.41770", "3.03020", "0.44100"], ["2.34470", "2.53060", "-0.15230"], ["4.51880", "1.42600", "0.00410"], ["4.65990", "-1.04180", "0.20010"], ["2.60770", "-2.39640", "0.23200"], ["0.18280", "-2.57180", "0.14260"], ["-2.25280", "-2.80250", "0.03380"]], "bond_dist": [[0.0, 1.3894635295681568, 2.40954873368438, 2.8213160422044177, 4.234641381510364, 5.035733393459189, 5.117049627470893, 6.512830498331735, 7.487453482326284, 7.3282470625655085, 6.139732380161207, 4.8918878584857195, 3.7222895225922445, 2.437293779994525, 1.3950789440028117, 1.0866347408398096, 2.1524878373640117, 3.387917994875319, 5.8305036471989276, 6.999501824415792, 8.526672810657155, 8.274889787181458, 6.348994303037293, 4.056764756551703, 2.1417833130361252], [1.3894635295681568, 0.0, 1.3957285194478186, 2.4480623133409005, 3.757101921694433, 4.208760754664014, 4.930041649925485, 6.228514989947443, 7.382712870618768, 7.483284965174051, 6.463741224708798, 5.096704301801312, 4.213029345969477, 2.8092704729164115, 2.409339631517317, 2.150892289260436, 1.0865030556790902, 2.1438318264266907, 5.0550451887198795, 6.508804311853291, 8.350975556185038, 8.508301727724517, 6.885973751039137, 4.835085830675605, 3.38654133593553], [2.40954873368438, 1.3957285194478186, 0.0, 1.4116461490047711, 2.4841276315841747, 2.8133155972979638, 3.7863639193822882, 4.988289410208674, 6.225648575851355, 6.504492884921929, 5.654700545563841, 4.2496197335761705, 3.7083506751654434, 2.4235455700275166, 2.7768054054974756, 3.3963070090909038, 2.1545073195512705, 1.0883981900021702, 3.6727962126968055, 5.171561962308873, 7.138855095881972, 7.568900137404378, 6.258773232830855, 4.5751428709932105, 3.8646117191769735], [2.8213160422044177, 2.4480623133409005, 1.4116461490047711, 0.0, 1.4137696912863849, 2.3824411766085642, 2.48221273463819, 3.7979586898753914, 4.9359038989834465, 5.114622185460036, 4.2437368756792635, 2.8384193929016197, 2.429833883210949, 1.4100869547655563, 2.4344277253596993, 3.9079393918022833, 3.4283192587622295, 2.169209946040263, 3.120200459906382, 4.188832207190925, 5.905998388926296, 6.170688724931764, 4.876195093512973, 3.4122960803541065, 3.4240006206191027], [4.234641381510364, 3.757101921694433, 2.4841276315841747, 1.4137696912863849, 0.0, 1.3788508041118879, 1.4181782610095248, 2.505243135905176, 3.775434202843429, 4.2462409799727565, 3.717517301909972, 2.4252260121481464, 2.7749509725398753, 2.4271056136888647, 3.7152606436157347, 5.321173909016693, 4.635497088770523, 2.735423669196419, 1.9100075732834148, 2.783015307180325, 4.6584930235001965, 5.332752606300053, 4.592200623883935, 3.8641824879267803, 4.593697294119411], [5.035733393459189, 4.208760754664014, 2.8133155972979638, 2.3824411766085642, 1.3788508041118879, 0.0, 2.42784751168602, 2.914750666866722, 4.310223736652194, 5.115663255141018, 4.865168127619024, 3.695076774574515, 4.152759258613483, 3.667812358886425, 4.816461758386544, 6.099121724478041, 4.851024013546006, 2.4954477333737124, 0.9702090238706296, 2.6446461199941287, 4.967846411675787, 6.182993609894806, 5.8252589255757545, 5.24182263148993, 5.7873458899568115], [5.117049627470893, 4.930041649925485, 3.7863639193822882, 2.48221273463819, 1.4181782610095248, 2.42784751168602, 0.0, 1.416054126790357, 2.454668054951626, 2.8290796595359415, 2.4394275086585377, 1.412870471770148, 2.4377980966437724, 2.8484825574329924, 4.254297616528491, 6.174773112430934, 5.895597559196185, 4.148789853680227, 2.483080645085858, 2.1834487262127316, 3.43582488057817, 3.915788525954894, 3.4285226162299116, 3.420198292497089, 4.892266285679879], [6.512830498331735, 6.228514989947443, 4.988289410208674, 3.7979586898753914, 2.505243135905176, 2.914750666866722, 1.416054126790357, 0.0, 1.396870398426425, 2.4105613557841665, 2.7757160049255756, 2.423215467101512, 3.713848436595118, 4.263071959280068, 5.6685534715657395, 7.578189827392818, 7.137209613707586, 5.142102848057398, 2.5511974247399984, 1.086653969762224, 2.1571661502999713, 3.3978977574376783, 3.863749269815525, 4.577955273918696, 6.275929864171524], [7.487453482326284, 7.382712870618768, 6.225648575851355, 4.9359038989834465, 3.775434202843429, 4.310223736652194, 2.454668054951626, 1.396870398426425, 0.0, 1.3882759307860955, 2.4063317414687444, 2.8078347583146694, 4.212214417619312, 5.103158796275107, 6.471736358196307, 8.513943110568686, 8.347660132037001, 6.479132584690638, 3.89962364978981, 2.1296091331509643, 1.0869700777850324, 2.1508677737136703, 3.383423238378551, 4.830034925339568, 6.89727460740835], [7.3282470625655085, 7.483284965174051, 6.504492884921929, 5.114622185460036, 4.2462409799727565, 5.115663255141018, 2.8290796595359415, 2.4105613557841665, 1.3882759307860955, 0.0, 1.3939675785325856, 2.4372420417348786, 3.7174461018285117, 4.891451420590825, 6.142571953994515, 8.27736285721485, 8.52034632746815, 6.967450487086363, 4.8623799080285774, 3.377602205707475, 2.149635208587727, 1.0867271690723486, 2.1400044602757258, 4.047594436205288, 6.356169419548223], [6.139732380161207, 6.463741224708798, 5.654700545563841, 4.2437368756792635, 3.717517301909972, 4.865168127619024, 2.4394275086585377, 2.7757160049255756, 2.4063317414687444, 1.3939675785325856, 0.0, 1.4054355410334547, 2.437077046381587, 3.7330780182042806, 4.881015968013217, 7.034382658058915, 7.534011564233226, 6.2901152994201945, 4.835424821047267, 3.8612847822972087, 3.3932289843156767, 2.154393522548748, 1.0882061201812823, 2.6570498772134483, 5.00416619028585], [4.8918878584857195, 5.096704301801312, 4.2496197335761705, 2.8384193929016197, 2.4252260121481464, 3.695076774574515, 1.412870471770148, 2.423215467101512, 2.8078347583146694, 2.4372420417348786, 1.4054355410334547, 0.0, 1.4046245797365218, 2.454671523849984, 3.7387520404541412, 5.853409913887801, 6.156664333062182, 4.899756718450417, 3.844787102038291, 3.420142150554564, 3.8947260186051595, 3.419439136759127, 2.168949824223695, 2.156427306912988, 4.091378567182461], [3.7222895225922445, 4.213029345969477, 3.7083506751654434, 2.429833883210949, 2.7749509725398753, 4.152759258613483, 2.4377980966437724, 3.713848436595118, 4.212214417619312, 3.7174461018285117, 2.437077046381587, 1.4046245797365218, 0.0, 1.4037633276304093, 2.4443269687175646, 4.597432478025099, 5.299507111043441, 4.593566240950488, 4.544139567618935, 4.612021949210564, 5.29901997826013, 4.589609811302045, 2.6774749167826015, 1.0892419015076495, 2.689920959805325], [2.437293779994525, 2.8092704729164115, 2.4235455700275166, 1.4100869547655563, 2.4271056136888647, 3.667812358886425, 2.8484825574329924, 4.263071959280068, 5.103158796275107, 4.891451420590825, 3.7330780182042806, 2.454671523849984, 1.4037633276304093, 0.0, 1.4058455142724606, 3.4197911792973557, 3.8957481617784278, 3.413912337773189, 4.282129620877911, 4.9343662875793886, 6.1651677033151335, 5.849700055558404, 4.078643010855449, 2.153714233597392, 2.1692741942871128], [1.3950789440028117, 2.409339631517317, 2.7768054054974756, 2.4344277253596993, 3.7152606436157347, 4.816461758386544, 4.254297616528491, 5.6685534715657395, 6.471736358196307, 6.142571953994515, 4.881015968013217, 3.7387520404541412, 2.4443269687175646, 1.4058455142724606, 0.0, 2.1554367863614092, 3.3969002943860453, 3.865076568452429, 5.510556980923072, 6.324706036647078, 7.543420427100692, 7.033708766362168, 4.997896605573188, 2.665768198850005, 1.0879539052735645], [1.0866347408398096, 2.150892289260436, 3.3963070090909038, 3.9079393918022833, 5.321173909016693, 6.099121724478041, 6.174773112430934, 7.578189827392818, 8.513943110568686, 8.27736285721485, 7.034382658058915, 5.853409913887801, 4.597432478025099, 3.4197911792973557, 2.1554367863614092, 0.0, 2.482353554592899, 4.284590013058426, 6.899105250682873, 8.083662388422713, 9.564921269932126, 9.185471515932102, 7.132339799813243, 4.745420456608667, 2.46180871312131], [2.1524878373640117, 1.0865030556790902, 2.1545073195512705, 3.4283192587622295, 4.635497088770523, 4.851024013546006, 5.895597559196185, 7.137209613707586, 8.347660132037001, 8.52034632746815, 7.534011564233226, 6.156664333062182, 5.299507111043441, 3.8957481617784278, 3.3969002943860453, 2.482353554592899, 0.0, 2.462120640829771, 5.701435069348769, 7.313396055185307, 9.282536482556909, 9.557588529540284, 7.971849710700773, 5.905467268557164, 4.284146772695819], [3.387917994875319, 2.1438318264266907, 1.0883981900021702, 2.169209946040263, 2.735423669196419, 2.4954477333737124, 4.148789853680227, 5.142102848057398, 6.479132584690638, 6.967450487086363, 6.2901152994201945, 4.899756718450417, 4.593566240950488, 3.413912337773189, 3.865076568452429, 4.284590013058426, 2.462120640829771, 0.0, 3.348217902108523, 5.094302975874128, 7.288166602102342, 8.051683243272802, 7.009226388125868, 5.536305895631129, 4.952776665669472], [5.8305036471989276, 5.0550451887198795, 3.6727962126968055, 3.120200459906382, 1.9100075732834148, 0.9702090238706296, 2.483080645085858, 2.5511974247399984, 3.89962364978981, 4.8623799080285774, 4.835424821047267, 3.844787102038291, 4.544139567618935, 4.282129620877911, 5.510556980923072, 6.899105250682873, 5.701435069348769, 3.348217902108523, 0.0, 2.077241933429999, 4.4253090807309725, 5.885191386012863, 5.855575852125903, 5.614857484389074, 6.427890118849263], [6.999501824415792, 6.508804311853291, 5.171561962308873, 4.188832207190925, 2.783015307180325, 2.6446461199941287, 2.1834487262127316, 1.086653969762224, 2.1296091331509643, 3.377602205707475, 3.8612847822972087, 3.420142150554564, 4.612021949210564, 4.9343662875793886, 6.324706036647078, 8.083662388422713, 7.313396055185307, 5.094302975874128, 2.077241933429999, 0.0, 2.443627003042813, 4.271577994137529, 4.948957919602873, 5.549348013956235, 7.043691863646507], [8.526672810657155, 8.350975556185038, 7.138855095881972, 5.905998388926296, 4.6584930235001965, 4.967846411675787, 3.43582488057817, 2.1571661502999713, 1.0869700777850324, 2.149635208587727, 3.3932289843156767, 3.8947260186051595, 5.29901997826013, 6.1651677033151335, 7.543420427100692, 9.564921269932126, 9.282536482556909, 7.288166602102342, 4.4253090807309725, 2.443627003042813, 0.0, 2.479589088941956, 4.279600843536696, 5.8993629393350595, 7.983461711563474], [8.274889787181458, 8.508301727724517, 7.568900137404378, 6.170688724931764, 5.332752606300053, 6.182993609894806, 3.915788525954894, 3.3978977574376783, 2.1508677737136703, 1.0867271690723486, 2.154393522548748, 3.419439136759127, 4.589609811302045, 5.849700055558404, 7.033708766362168, 9.185471515932102, 9.557588529540284, 8.051683243272802, 5.885191386012863, 4.271577994137529, 2.479589088941956, 0.0, 2.4591631930394535, 4.73166256827344, 7.135344523567171], [6.348994303037293, 6.885973751039137, 6.258773232830855, 4.876195093512973, 4.592200623883935, 5.8252589255757545, 3.4285226162299116, 3.863749269815525, 3.383423238378551, 2.1400044602757258, 1.0882061201812823, 2.168949824223695, 2.6774749167826015, 4.078643010855449, 4.997896605573188, 7.132339799813243, 7.971849710700773, 7.009226388125868, 5.855575852125903, 4.948957919602873, 4.279600843536696, 2.4591631930394535, 0.0, 2.432878445381109, 4.881460918618524], [4.056764756551703, 4.835085830675605, 4.5751428709932105, 3.4122960803541065, 3.8641824879267803, 5.24182263148993, 3.420198292497089, 4.577955273918696, 4.830034925339568, 4.047594436205288, 2.6570498772134483, 2.156427306912988, 1.0892419015076495, 2.153714233597392, 2.665768198850005, 4.745420456608667, 5.905467268557164, 5.536305895631129, 5.614857484389074, 5.549348013956235, 5.8993629393350595, 4.73166256827344, 2.432878445381109, 0.0, 2.4489196168923146], [2.1417833130361252, 3.38654133593553, 3.8646117191769735, 3.4240006206191027, 4.593697294119411, 5.7873458899568115, 4.892266285679879, 6.275929864171524, 6.89727460740835, 6.356169419548223, 5.00416619028585, 4.091378567182461, 2.689920959805325, 2.1692741942871128, 1.0879539052735645, 2.46180871312131, 4.284146772695819, 4.952776665669472, 6.427890118849263, 7.043691863646507, 7.983461711563474, 7.135344523567171, 4.881460918618524, 2.4489196168923146, 0.0]]}