{"total energy": -32.67246887, "HOMO-LUMO gap/eV": 3.75556055, "electronic energy": -33.04352533, "dipole": [-1.17992292, -0.69762632, -0.17104803], "partial charges": [-0.14888057, 0.09469722, -0.04833852, -0.04377266, 0.12029497, -0.23424705, 0.39188311, -0.40805469, -0.15211594, 0.05878329, -0.06334491, 0.07489016, 0.07860797, 0.20780852, 0.0717891], "atomic dipole moments": [[-0.01924032, 0.00758346, 0.00148057], [-0.18617631, -0.12008933, -0.02924108], [0.03838549, -0.03516194, -0.00746015], [0.03296937, -0.03272794, -0.00696936], [0.27236259, 0.04900759, 0.01425552], [-0.04974046, -0.178401, -0.04074779], [-0.17878983, 0.0830977, 0.01657245], [-0.19955772, -0.00664445, -0.00385953], [-0.01294153, 0.02886278, 0.00634304], [0.14630317, -0.03035183, -0.00510692], [0.01298382, 0.03844029, 0.00880434], [-0.13532056, 0.07720253, 0.01578363], [-0.0015842, 0.15429513, 0.03469844], [0.06383186, -0.13962835, -0.03067214], [0.00255612, -0.15495148, -0.0348308]], "atomic quadrupole moments": [[0.27345344, 0.29747127, -0.07369358, 0.07265211, 0.03379891, -0.19975986], [0.04326013, 0.28211641, -0.304065, 0.06057173, -0.13024605, 0.26080487], [-0.23277742, 0.01748046, -0.22799551, -0.00468976, -0.16312091, 0.46077293], [-0.21871298, -0.03416574, -0.25875234, -0.01639284, -0.17500321, 0.47746532], [0.10713235, 0.17231038, -0.25656228, 0.03803487, -0.09401597, 0.14942993], [0.06572459, 0.00689875, -0.00412555, 0.00309805, 0.01372006, -0.06159904], [-0.14183881, -0.10299353, -0.17284762, -0.02891418, -0.11696581, 0.31468643], [-0.0606887, 0.00922817, -0.09369471, -0.00063392, -0.0587102, 0.15438341], [0.07862545, 0.02507034, -0.08227577, 0.00647967, -0.02003821, 0.00365032], [-0.00387179, -0.11384139, -0.23701772, -0.02881539, -0.11480634, 0.24088951], [-0.17724709, 0.04408554, -0.23830262, 0.00249564, -0.15441158, 0.41554972], [0.03322764, 0.00716976, 0.02312696, 0.00272736, 0.0189403, -0.0563546], [0.02677755, 0.00146078, 0.02348552, 0.00128663, 0.01751521, -0.05026307], [0.00397678, -0.0008187, 0.02458412, 0.00023412, 0.0125918, -0.0285609], [0.02184342, -0.00106323, 0.02519417, 0.0006214, 0.01711864, -0.04703758]], "number of molecular orbitals": 53, "number of electrons": 56, "number of unpaired electrons": 0, "orbital energies/eV": [-29.15083249, -20.99399935, -19.95625904, -19.73026495, -18.95750877, -18.53331828, -18.07855659, -17.81414864, -17.47745176, -16.97468317, -16.73178584, -16.05899206, -15.82861674, -15.38456527, -15.0682679, -14.55281555, -14.44997049, -14.3836166, -14.38332148, -14.32617586, -13.49639813, -13.37691278, -12.90856902, -12.40021932, -12.08661493, -11.86253666, -11.66846644, -11.11834564, -7.36278509, -6.96374781, -6.03362455, -4.24702301, -3.54180856, -0.74413303, -0.06937182, 0.08384465, 0.09198048, 0.4478791, 0.64709625, 1.55955979, 2.65192017, 3.11747743, 3.8299258, 4.29178024, 5.91911051, 6.05237316, 8.59460239, 9.91838352, 11.00633032, 12.1914565, 15.27760233, 15.89566223, 18.1751228], "fractional occupation": [2.0, 2.0, 2.0, 2.0, 2.0, 2.0, 2.0, 2.0, 2.0, 2.0, 2.0, 2.0, 2.0, 2.0, 2.0, 2.0, 2.0, 2.0, 2.0, 2.0, 2.0, 2.0, 2.0, 2.0, 2.0, 2.0, 2.0, 2.0, 0.0, 0.0, 0.0, 0.0, 0.0, 0.0, 0.0, 0.0, 0.0, 0.0, 0.0, 0.0, 0.0, 0.0, 0.0, 0.0, 0.0, 0.0, 0.0, 0.0, 0.0, 0.0, 0.0, 0.0, 0.0], "program call": "xtb /home/svss/Project-DBcg-Debug/aqme2_20220329/End-to-End-workflows-final/example-3/QDESCP/mol_661_rdkit_conf_1/mol_661_rdkit_conf_1.xyz --pop --wbo --acc 0.2 --gfn 2 --chrg 0 --uhf 0 --etemp 300 --input /home/svss/Project-DBcg-Debug/aqme2_20220329/End-to-End-workflows-final/example-3/QDESCP/mol_661_rdkit_conf_1/mol_661_rdkit_conf_1_xtb.inp", "method": "GFN2-xTB", "xtb version": "6.3.3 (7355c4f)", "Dipole module/D": 3.511, "Total charge": 0, "Transition dipole module/D": NaN, "HOMO": -11.1183, "LUMO": -7.3628, "HOMO occupancy": 2.0, "LUMO occupancy": 0, "mulliken charges": [-0.09707, 0.10737, -0.0626, -0.04552, 0.21057, -0.37675, 0.64584, -0.52823, -0.31372, 0.11121, -0.08721, 0.05101, 0.06395, 0.26663, 0.0545], "cm5 charges": [-0.09902, 0.10064, -0.1139, -0.09544, 0.23943, -0.4267, 0.76866, -0.56342, -0.66045, 0.17707, -0.13214, 0.1073, 0.12151, 0.46314, 0.11332], "FUKUI+": [-0.127, -0.035, -0.033, -0.078, -0.027, -0.068, -0.047, -0.136, -0.037, -0.035, -0.075, -0.079, -0.087, -0.052, -0.085], "FUKUI-": [-0.259, -0.029, -0.048, -0.024, -0.053, -0.085, -0.007, -0.146, -0.055, -0.034, -0.016, -0.068, -0.065, -0.052, -0.057], "FUKUIrad": [-0.193, -0.032, -0.04, -0.051, -0.04, -0.077, -0.027, -0.141, -0.046, -0.035, -0.046, -0.074, -0.076, -0.052, -0.071], "s proportion": [1.944, 1.08, 1.062, 1.056, 1.013, 1.707, 0.928, 1.718, 1.416, 1.03, 1.051, 0.949, 0.936, 0.733, 0.946], "p proportion": [5.164, 2.812, 3.0, 2.989, 2.776, 4.67, 2.426, 4.811, 3.898, 2.858, 3.036, 0.0, 0.0, 0.0, 0.0], "d proportion": [-0.011, 0.0, 0.0, 0.0, 0.0, 0.0, 0.0, 0.0, 0.0, 0.0, 0.0, 0.0, 0.0, 0.0, 0.0], "Fermi-level/eV": -9.2406, "Coordination numbers": [0.963, 2.891, 2.952, 2.911, 3.111, 1.707, 2.923, 0.857, 2.764, 3.045, 2.946, 0.925, 0.925, 0.86, 0.925], "Dispersion coefficient C6": [103.811, 25.897, 29.199, 29.087, 25.218, 17.882, 20.392, 21.843, 24.286, 26.64, 29.575, 2.033, 1.993, 1.067, 2.066], "Total dispersion C6": 4253.372525, "Total dispersion C8": 115954.798759, "Polarizability alpha": [15.588, 8.343, 8.863, 8.844, 8.227, 5.709, 7.405, 6.266, 7.319, 8.465, 8.92, 2.23, 2.208, 1.618, 2.248], "Total polarizability alpha": 102.252438, "Wiberg matrix": [[0.0, 0.9949838757900298, 0.0, 0.0, 0.0, 0.0, 0.0, 0.0, 0.0, 0.0, 0.0, 0.0, 0.0, 0.0, 0.0], [0.9949838757900298, 0.0, 1.3892051023604641, 0.0, 0.0, 0.0, 0.0, 0.0, 0.0, 0.0, 1.4012181628529223, 0.0, 0.0, 0.0, 0.0], [0.0, 1.3892051023604641, 0.0, 1.4348887193768889, 0.0, 0.0, 0.0, 0.0, 0.0, 0.0, 0.0, 0.9666195035935786, 0.0, 0.0, 0.0], [0.0, 0.0, 1.4348887193768889, 0.0, 1.3972249191698278, 0.0, 0.0, 0.0, 0.0, 0.0, 0.10227064548176401, 0.0, 0.9638180130942701, 0.0, 0.0], [0.0, 0.0, 0.0, 1.3972249191698278, 0.0, 1.032795688273862, 0.0, 0.0, 0.0, 1.2930771866598267, 0.0, 0.0, 0.0, 0.0, 0.0], [0.0, 0.0, 0.0, 0.0, 1.032795688273862, 0.0, 1.0323947621941716, 0.13154744531758758, 0.0, 0.0, 0.0, 0.0, 0.0, 0.0, 0.0], [0.0, 0.0, 0.0, 0.0, 0.0, 1.0323947621941716, 0.0, 1.682882790111858, 1.1543664642661655, 0.0, 0.0, 0.0, 0.0, 0.0, 0.0], [0.0, 0.0, 0.0, 0.0, 0.0, 0.13154744531758758, 1.682882790111858, 0.0, 0.15250613481176398, 0.0, 0.0, 0.0, 0.0, 0.0, 0.0], [0.0, 0.0, 0.0, 0.0, 0.0, 0.0, 1.1543664642661655, 0.15250613481176398, 0.0, 1.1221129473042806, 0.0, 0.0, 0.0, 0.9283592518927298, 0.0], [0.0, 0.0, 0.0, 0.0, 1.2930771866598267, 0.0, 0.0, 0.0, 1.1221129473042806, 0.0, 1.3737682740630741, 0.0, 0.0, 0.0, 0.0], [0.0, 1.4012181628529223, 0.0, 0.10227064548176401, 0.0, 0.0, 0.0, 0.0, 0.0, 1.3737682740630741, 0.0, 0.0, 0.0, 0.0, 0.9635093933484985], [0.0, 0.0, 0.9666195035935786, 0.0, 0.0, 0.0, 0.0, 0.0, 0.0, 0.0, 0.0, 0.0, 0.0, 0.0, 0.0], [0.0, 0.0, 0.0, 0.9638180130942701, 0.0, 0.0, 0.0, 0.0, 0.0, 0.0, 0.0, 0.0, 0.0, 0.0, 0.0], [0.0, 0.0, 0.0, 0.0, 0.0, 0.0, 0.0, 0.0, 0.9283592518927298, 0.0, 0.0, 0.0, 0.0, 0.0, 0.0], [0.0, 0.0, 0.0, 0.0, 0.0, 0.0, 0.0, 0.0, 0.0, 0.0, 0.9635093933484985, 0.0, 0.0, 0.0, 0.0]], "Born radii": [], "Atomic SASAs": [], "Solvent H bonds": [], "Total SASA": NaN, "Total FOD": 0.0, "FOD": [0.0, 0.0, 0.0, 0.0, 0.0, 0.0, 0.0, 0.0, 0.0, 0.0, 0.0, 0.0, 0.0, 0.0, 0.0], "FOD s proportion": [0.0, 0.0, 0.0, 0.0, 0.0, 0.0, 0.0, 0.0, 0.0, 0.0, 0.0, 0.0, 0.0, 0.0, 0.0], "FOD p proportion": [0.0, 0.0, 0.0, 0.0, 0.0, 0.0, 0.0, 0.0, 0.0, 0.0, 0.0, 0.0, 0.0, 0.0, 0.0], "FOD d proportion": [0.0, 0.0, 0.0, 0.0, 0.0, 0.0, 0.0, 0.0, 0.0, 0.0, 0.0, 0.0, 0.0, 0.0, 0.0], "coordinates": [["-3.37630", "-1.42580", "-0.36090"], ["-1.89140", "-0.57880", "-0.15270"], ["-1.91970", "0.79720", "0.15670"], ["-0.72930", "1.51300", "0.33190"], ["0.45100", "0.81700", "0.18920"], ["1.72600", "1.34160", "0.32240"], ["2.53430", "0.22280", "0.08010"], ["3.75590", "0.24590", "0.09980"], ["1.77410", "-0.89370", "-0.18020"], ["0.46090", "-0.52920", "-0.11370"], ["-0.68450", "-1.26750", "-0.29340"], ["-2.87300", "1.31100", "0.26110"], ["-0.73550", "2.57090", "0.56990"], ["2.16330", "-1.80050", "-0.37970"], ["-0.65590", "-2.32360", "-0.53070"]], "bond_dist": [[0.0, 1.7221162126871694, 2.7076414681416003, 4.015361288850606, 4.470009747192952, 5.84455874638967, 6.152036680644875, 7.33996609120233, 5.180965456360426, 3.9483038434244144, 2.697295382415504, 2.851362679492035, 4.879941000667938, 5.552289769995799, 2.8697479053045756], [1.7221162126871694, 0.0, 1.4106400143197413, 2.4415038009390853, 2.7480886102889768, 4.123013331290599, 4.503729442362185, 5.712782477042163, 3.679104308116311, 2.3531460749388255, 1.3966788428267969, 2.169357748274821, 3.4320352066958755, 4.240833877906561, 2.17109909723163], [2.7076414681416003, 1.4106400143197413, 0.0, 1.4000417279495634, 2.3710054365184403, 3.6898450292661344, 4.491538591618689, 5.702596308700099, 4.076371285837442, 2.738559745559698, 2.447712225732429, 1.0879663092210166, 2.172343336123459, 4.868948474773583, 3.4364373761207987], [4.015361288850606, 2.4415038009390853, 1.4000417279495634, 0.0, 1.3776383342517728, 2.4612936232802456, 3.518395122779703, 4.666522458962348, 3.510194134232464, 2.405351583448873, 2.850296016206036, 2.154359842273338, 1.0843591886455337, 4.455647155015756, 3.933060625009485], [4.470009747192952, 2.7480886102889768, 2.3710054365184403, 1.3776383342517728, 0.0, 1.385125409484643, 2.169127783234542, 3.3550725148646188, 2.193979138460528, 1.3798916116854976, 2.422272333987242, 3.3612767827121885, 2.151483197703389, 3.1791389950739806, 3.4068830299850332], [5.84455874638967, 4.123013331290599, 3.6898450292661344, 2.4612936232802456, 1.385125409484643, 0.0, 1.401346359755503, 2.3174562045484266, 2.2916121966859926, 2.3001204011964242, 3.6051522436646137, 4.599510305456441, 2.762501943890719, 3.249148828539561, 4.453641011576932], [6.152036680644875, 4.503729442362185, 4.491538591618689, 3.518395122779703, 2.169127783234542, 1.401346359755503, 0.0, 1.2219771929131902, 1.3755843776373735, 2.2140573614972126, 3.5666748912677755, 5.518680415642856, 4.055252111768145, 2.1077950398461422, 4.1273000424006], [7.33996609120233, 5.712782477042163, 5.702596308700099, 4.666522458962348, 3.3550725148646188, 2.3174562045484266, 1.2219771929131902, 0.0, 2.303175937699941, 3.3916643790328074, 4.707667995940241, 6.71585965532336, 5.079300441005632, 2.6370528948051084, 5.1443016766126775], [5.180965456360426, 3.679104308116311, 4.076371285837442, 3.510194134232464, 2.193979138460528, 2.2916121966859926, 1.3755843776373735, 2.303175937699941, 0.0, 1.3644693987041263, 2.4894285770031646, 5.162459316062452, 4.343293143456932, 1.0067587248194076, 2.8411906412629198], [3.9483038434244144, 2.3531460749388255, 2.738559745559698, 2.405351583448873, 1.3798916116854976, 2.3001204011964242, 2.2140573614972126, 3.3916643790328074, 1.3644693987041263, 0.0, 1.3745254235553448, 3.8264474764460052, 3.3925362090919533, 2.1412906038181743, 2.1542986329661913], [2.697295382415504, 1.3966788428267969, 2.447712225732429, 2.850296016206036, 2.422272333987242, 3.6051522436646137, 3.5666748912677755, 4.707667995940241, 2.4894285770031646, 1.3745254235553448, 0.0, 3.4271948806567742, 3.9346159215354173, 2.8985343761977362, 1.0828095215687752], [2.851362679492035, 2.169357748274821, 1.0879663092210166, 2.154359842273338, 3.3612767827121885, 4.599510305456441, 5.518680415642856, 6.71585965532336, 5.162459316062452, 3.8264474764460052, 3.4271948806567742, 0.0, 2.500322319222064, 5.95452555456772, 4.3304499546813835], [4.879941000667938, 3.4320352066958755, 2.172343336123459, 1.0843591886455337, 2.151483197703389, 2.762501943890719, 4.055252111768145, 5.079300441005632, 4.343293143456932, 3.3925362090919533, 3.9346159215354173, 2.500322319222064, 0.0, 5.330470857250792, 5.017348579678314], [5.552289769995799, 4.240833877906561, 4.868948474773583, 4.455647155015756, 3.1791389950739806, 3.249148828539561, 2.1077950398461422, 2.6370528948051084, 1.0067587248194076, 2.1412906038181743, 2.8985343761977362, 5.95452555456772, 5.330470857250792, 0.0, 2.871292957885001], [2.8697479053045756, 2.17109909723163, 3.4364373761207987, 3.933060625009485, 3.4068830299850332, 4.453641011576932, 4.1273000424006, 5.1443016766126775, 2.8411906412629198, 2.1542986329661913, 1.0828095215687752, 4.3304499546813835, 5.017348579678314, 2.871292957885001, 0.0]]}