{"total energy": -47.37563953, "HOMO-LUMO gap/eV": 2.92508127, "electronic energy": -47.91872116, "dipole": [1.34330049, -0.77522421, -1.79494511], "partial charges": [-0.0473292, -0.10841356, -0.04693436, 0.38730346, -0.46260361, -0.29250999, 0.16559995, -0.07814502, 0.2336695, -0.37189627, -0.09353481, 0.02740333, -0.11120117, -0.11118583, -0.0721155, 0.05129528, 0.07437646, 0.05907539, 0.05634244, 0.05110691, 0.08403064, 0.07715323, 0.06742201, 0.07272505, 0.04020364, 0.04773601, 0.04755994, 0.04415512, 0.03374966, 0.04205317, 0.06312228, 0.06978585], "atomic dipole moments": [[-0.07527594, 0.15237365, 0.00401616], [0.03363671, -0.00868593, -0.05636189], [-0.10386233, -0.13636501, 0.0512986], [-0.07090907, -0.13679929, 0.04271851], [0.09047899, -0.17909187, 0.01447148], [-0.09400888, 0.18976937, -0.01416432], [0.2544091, -0.01067499, -0.15413426], [-0.05974274, 0.0024474, 0.0344447], [-0.02292008, 0.01667469, 0.01074371], [0.06621859, 0.00278684, -0.16483614], [0.09167651, 0.01835023, -0.01377123], [0.01840829, -0.02220781, 0.00929793], [-0.01628118, -0.11572452, -0.01458201], [0.06649856, 0.01235933, 0.09108952], [-0.02902034, 0.02289744, 0.10152833], [0.00889416, -0.02820456, -0.11953779], [-0.07249604, -0.09609975, 0.06295487], [0.11241047, 0.0058923, 0.05649762], [0.10585007, -0.00210184, 0.06599818], [0.01900405, -0.01807727, -0.11994747], [-0.05822047, 0.12274533, 0.01742263], [0.09024492, -0.01730474, 0.13218869], [-0.04460928, -0.12216143, -0.02775749], [-0.10642865, 0.07149013, 0.0362293], [-0.10840939, 0.06292531, 0.01801469], [0.07424283, 0.03384609, 0.10439492], [0.05569061, 0.06005109, -0.09915439], [-0.115834, 0.05416645, 0.01350422], [-0.02274617, -0.12064213, -0.02743529], [0.0499317, 0.05035779, -0.106464], [-0.01683614, -0.11590009, -0.05179782], [0.06297831, 0.06760927, -0.0968374]], "atomic quadrupole moments": [[-0.04830033, -0.20021341, 0.24359833, -0.02149126, 0.02209217, -0.195298], [-0.0190841, -0.00731166, 0.0747318, -0.02433662, -0.01560444, -0.0556477], [0.04198656, 0.23125411, 0.1036348, -0.10731435, -0.12877829, -0.14562137], [-0.26057432, 0.18411452, -0.11072072, 0.07520136, 0.0401044, 0.37129504], [-0.06969684, -0.01222232, -0.05331752, 0.03752756, 0.03445033, 0.12301437], [0.06050272, -0.00348459, 0.00818398, -0.03180799, -0.01728964, -0.0686867], [0.14270201, 0.03399182, 0.39345188, 0.03946956, 0.04828311, -0.53615389], [-0.10866477, 0.06066255, 0.4568823, -0.07306955, 0.05661376, -0.34821753], [-0.31659265, 0.07412303, 0.59034162, -0.00489915, 0.04293382, -0.27374897], [-0.1336568, 0.03171079, 0.25796772, -0.00940335, 0.03049177, -0.12431093], [-0.03050284, 0.0597459, -0.17506602, 0.02623842, -0.11230046, 0.20556887], [0.03220212, -0.00896025, -0.04361856, -0.02731603, -0.00255547, 0.01141644], [-0.09598041, 0.03978475, 0.20565634, 0.00173276, 0.04989398, -0.10967592], [-0.00709501, 0.02642987, -0.0928967, 0.16036727, 0.03581693, 0.09999171], [0.12908459, -0.11572103, -0.15244679, 0.08177245, 0.02172224, 0.0233622], [-0.04444352, -0.02482412, -0.01751156, -0.00788673, 0.02529466, 0.06195508], [0.0163077, 0.02928708, 0.00411681, -0.04145109, -0.02831463, -0.02042451], [0.04981735, 4.897e-05, -0.02058475, 0.04880065, 0.01229465, -0.0292326], [0.04541294, 0.0088451, -0.03597094, 0.04987071, -0.01834354, -0.00944201], [-0.03355257, 0.01999194, -0.03166167, -0.02572168, 0.01359919, 0.06521423], [0.00568473, -0.03891159, 0.03394883, -0.01993853, 0.01167356, -0.03963356], [0.02554813, -0.00611807, -0.0474369, 0.00311066, -0.00339455, 0.02188877], [-0.04491194, 0.02533343, 0.05279791, -0.00084671, 0.02221727, -0.00788597], [0.01700725, -0.04635399, -0.00573049, -0.02151319, -0.00084711, -0.01127676], [0.07065647, -0.03476382, -0.02084001, -0.01504353, 0.00998909, -0.04981647], [-0.00409265, -0.00034559, -0.03239218, 0.05975079, -0.00013022, 0.03648483], [-0.02526597, 0.01859335, -0.02146578, -0.04916007, -0.02568009, 0.04673175], [0.04572917, -0.04998139, -0.0187212, -0.02109578, 0.02111689, -0.02700797], [-0.04415689, 0.0101424, 0.08132932, 0.01142391, 0.00975928, -0.03717243], [-0.00624436, 0.03403545, -0.02274576, -0.04058153, -0.03945003, 0.02899012], [-0.02034531, 0.01605191, 0.05135193, 0.01366316, 0.02815017, -0.03100662], [0.01075062, 0.01801975, -0.00087169, -0.02922579, -0.03765609, -0.00987893]], "number of molecular orbitals": 77, "number of electrons": 84, "number of unpaired electrons": 0, "orbital energies/eV": [-20.22265325, -19.29729066, -18.94452634, -18.70948545, -18.16419189, -17.80291895, -17.38973801, -17.36103147, -17.06895913, -16.76341078, -16.70439765, -16.20988145, -16.12789272, -15.86413654, -15.56386714, -15.46564969, -15.19811668, -14.84419104, -14.72968994, -14.58637152, -14.39814674, -14.30534095, -14.12492193, -13.89106194, -13.78381177, -13.54569555, -13.46780397, -13.39701074, -13.34939765, -13.11229562, -13.04981576, -12.85314887, -12.76799837, -12.45848606, -12.26246054, -12.03802208, -11.91408533, -11.84320812, -11.62708938, -11.27770625, -10.79371236, -10.60525413, -7.68017286, -5.74288978, -4.84867169, -1.10453617, 0.14220107, 1.26013686, 1.65467015, 1.89006796, 1.96332553, 2.46532536, 2.64383087, 2.74679561, 3.08872045, 3.66224236, 4.23812655, 4.29123576, 4.75932438, 4.96473477, 5.24062059, 5.31403989, 5.3218328, 5.33786878, 5.7427618, 5.96316987, 6.07657571, 6.15040231, 6.42134964, 6.7233014, 6.91605047, 7.70110282, 8.69520855, 9.83952204, 13.05933246, 15.8909501, 17.53748964], "fractional occupation": [2.0, 2.0, 2.0, 2.0, 2.0, 2.0, 2.0, 2.0, 2.0, 2.0, 2.0, 2.0, 2.0, 2.0, 2.0, 2.0, 2.0, 2.0, 2.0, 2.0, 2.0, 2.0, 2.0, 2.0, 2.0, 2.0, 2.0, 2.0, 2.0, 2.0, 2.0, 2.0, 2.0, 2.0, 2.0, 2.0, 2.0, 2.0, 2.0, 2.0, 2.0, 2.0, 0.0, 0.0, 0.0, 0.0, 0.0, 0.0, 0.0, 0.0, 0.0, 0.0, 0.0, 0.0, 0.0, 0.0, 0.0, 0.0, 0.0, 0.0, 0.0, 0.0, 0.0, 0.0, 0.0, 0.0, 0.0, 0.0, 0.0, 0.0, 0.0, 0.0, 0.0, 0.0, 0.0, 0.0, 0.0], "program call": "xtb /home/svss/Project-DBcg-Debug/aqme2_20220329/End-to-End-workflows-final/example-3/QDESCP/mol_830_rdkit_conf_4/mol_830_rdkit_conf_4.xyz --pop --wbo --acc 0.2 --gfn 2 --chrg 0 --uhf 0 --etemp 300 --input /home/svss/Project-DBcg-Debug/aqme2_20220329/End-to-End-workflows-final/example-3/QDESCP/mol_830_rdkit_conf_4/mol_830_rdkit_conf_4_xtb.inp", "method": "GFN2-xTB", "xtb version": "6.3.3 (7355c4f)", "Dipole module/D": 6.029, "Total charge": 0, "Transition dipole module/D": NaN, "HOMO": -10.6053, "LUMO": -7.6802, "HOMO occupancy": 2.0, "LUMO occupancy": 0, "mulliken charges": [0.06106, -0.27506, 0.06235, 0.64397, -0.57077, -0.42184, 0.28182, -0.11297, 0.3892, -0.5023, -0.10316, 0.02949, -0.09872, -0.09589, -0.07867, 0.03445, 0.05507, 0.0361, 0.03327, 0.03316, 0.06423, 0.07869, 0.05719, 0.06297, 0.03411, 0.04566, 0.0416, 0.03719, 0.02947, 0.03535, 0.04988, 0.0631], "cm5 charges": [-0.02532, -0.53743, -0.02372, 0.76492, -0.61472, -0.48376, 0.29359, -0.15884, 0.41253, -0.54957, -0.19917, -0.00206, -0.24377, -0.24218, -0.17452, 0.09659, 0.12152, 0.09769, 0.09488, 0.09519, 0.1299, 0.14044, 0.11495, 0.12184, 0.08622, 0.10043, 0.09418, 0.08917, 0.08144, 0.08733, 0.1076, 0.1246], "FUKUI+": [0.017, -0.042, 0.018, -0.019, -0.042, -0.039, -0.104, -0.044, -0.077, -0.18, 0.019, -0.004, 0.018, 0.019, 0.021, -0.026, -0.005, -0.029, -0.028, -0.027, -0.014, -0.073, -0.06, -0.055, -0.03, 0.004, -0.027, -0.029, -0.02, -0.028, -0.061, -0.054], "FUKUI-": [0.028, -0.096, 0.028, -0.003, -0.072, -0.037, -0.016, -0.018, -0.024, -0.148, -0.01, -0.01, 0.015, 0.007, 0.012, -0.061, -0.033, -0.052, -0.056, -0.064, -0.035, -0.04, -0.048, -0.042, -0.028, -0.019, -0.026, -0.029, -0.026, -0.036, -0.036, -0.025], "FUKUIrad": [0.023, -0.069, 0.023, -0.011, -0.057, -0.038, -0.06, -0.031, -0.051, -0.164, 0.005, -0.007, 0.016, 0.013, 0.017, -0.043, -0.019, -0.041, -0.042, -0.046, -0.024, -0.057, -0.054, -0.049, -0.029, -0.008, -0.027, -0.029, -0.023, -0.032, -0.048, -0.039], "s proportion": [0.982, 1.434, 0.982, 0.926, 1.725, 1.691, 1.05, 1.075, 1.061, 1.738, 1.05, 1.089, 1.018, 1.019, 1.043, 0.966, 0.945, 0.964, 0.967, 0.967, 0.936, 0.921, 0.943, 0.937, 0.966, 0.954, 0.958, 0.963, 0.971, 0.965, 0.95, 0.937], "p proportion": [2.957, 3.841, 2.955, 2.43, 4.846, 4.731, 2.668, 3.038, 2.55, 4.765, 3.053, 2.882, 3.08, 3.077, 3.035, 0.0, 0.0, 0.0, 0.0, 0.0, 0.0, 0.0, 0.0, 0.0, 0.0, 0.0, 0.0, 0.0, 0.0, 0.0, 0.0, 0.0], "d proportion": [0.0, 0.0, 0.0, 0.0, 0.0, 0.0, 0.0, 0.0, 0.0, 0.0, 0.0, 0.0, 0.0, 0.0, 0.0, 0.0, 0.0, 0.0, 0.0, 0.0, 0.0, 0.0, 0.0, 0.0, 0.0, 0.0, 0.0, 0.0, 0.0, 0.0, 0.0, 0.0], "Fermi-level/eV": -9.1427, "Coordination numbers": [3.69, 2.726, 3.694, 2.663, 0.856, 1.704, 2.852, 2.891, 2.82, 0.858, 3.807, 3.897, 3.754, 3.756, 3.808, 0.924, 0.924, 0.924, 0.924, 0.924, 0.924, 0.925, 0.924, 0.924, 0.924, 0.924, 0.924, 0.924, 0.924, 0.924, 0.923, 0.924], "Dispersion coefficient C6": [21.616, 23.371, 21.596, 20.451, 22.973, 18.862, 24.427, 29.951, 23.111, 21.127, 22.278, 20.06, 22.685, 22.681, 21.873, 2.304, 2.038, 2.21, 2.242, 2.306, 1.938, 2.009, 2.114, 2.056, 2.446, 2.348, 2.351, 2.394, 2.534, 2.422, 2.163, 2.088], "Total dispersion C6": 9246.413954, "Total dispersion C8": 205794.80627, "Polarizability alpha": [6.654, 7.18, 6.649, 7.399, 6.426, 5.864, 8.1, 8.973, 7.877, 6.163, 6.719, 6.367, 6.792, 6.79, 6.657, 2.374, 2.233, 2.325, 2.342, 2.375, 2.177, 2.216, 2.274, 2.242, 2.446, 2.397, 2.398, 2.42, 2.489, 2.434, 2.3, 2.26], "Total polarizability alpha": 144.309898, "Wiberg matrix": [[0.0, 0.9992676694969724, 0.0, 0.0, 0.0, 0.0, 0.0, 0.0, 0.0, 0.0, 0.0, 0.0, 0.0, 0.0, 0.0, 0.9755828617830555, 0.9777903311738333, 0.9783229639025132, 0.0, 0.0, 0.0, 0.0, 0.0, 0.0, 0.0, 0.0, 0.0, 0.0, 0.0, 0.0, 0.0, 0.0], [0.9992676694969724, 0.0, 0.9977139930985786, 1.2013493612167545, 0.17298617165800523, 0.0, 0.0, 0.0, 0.0, 0.0, 0.0, 0.0, 0.0, 0.0, 0.0, 0.0, 0.0, 0.0, 0.0, 0.0, 0.0, 0.0, 0.0, 0.0, 0.0, 0.0, 0.0, 0.0, 0.0, 0.0, 0.0, 0.0], [0.0, 0.9977139930985786, 0.0, 0.0, 0.0, 0.0, 0.0, 0.0, 0.0, 0.0, 0.0, 0.0, 0.0, 0.0, 0.0, 0.0, 0.0, 0.0, 0.9783021739377565, 0.9759034943083219, 0.9763262778229425, 0.0, 0.0, 0.0, 0.0, 0.0, 0.0, 0.0, 0.0, 0.0, 0.0, 0.0], [0.0, 1.2013493612167545, 0.0, 0.0, 1.6347553074106156, 1.0185337205909475, 0.0, 0.0, 0.0, 0.0, 0.0, 0.0, 0.0, 0.0, 0.0, 0.0, 0.0, 0.0, 0.0, 0.0, 0.0, 0.0, 0.0, 0.0, 0.0, 0.0, 0.0, 0.0, 0.0, 0.0, 0.0, 0.0], [0.0, 0.17298617165800523, 0.0, 1.6347553074106156, 0.0, 0.1250098020497733, 0.0, 0.0, 0.0, 0.0, 0.0, 0.0, 0.0, 0.0, 0.0, 0.0, 0.0, 0.0, 0.0, 0.0, 0.0, 0.0, 0.0, 0.0, 0.0, 0.0, 0.0, 0.0, 0.0, 0.0, 0.0, 0.0], [0.0, 0.0, 0.0, 1.0185337205909475, 0.1250098020497733, 0.0, 0.9676904276680773, 0.0, 0.0, 0.0, 0.0, 0.0, 0.0, 0.0, 0.0, 0.0, 0.0, 0.0, 0.0, 0.0, 0.0, 0.0, 0.0, 0.0, 0.0, 0.0, 0.0, 0.0, 0.0, 0.0, 0.0, 0.0], [0.0, 0.0, 0.0, 0.0, 0.0, 0.9676904276680773, 0.0, 1.7766289993201911, 0.0, 0.0, 0.0, 0.0, 0.0, 0.0, 1.0163960804685397, 0.0, 0.0, 0.0, 0.0, 0.0, 0.0, 0.0, 0.0, 0.0, 0.0, 0.0, 0.0, 0.0, 0.0, 0.0, 0.0, 0.0], [0.0, 0.0, 0.0, 0.0, 0.0, 0.0, 1.7766289993201911, 0.0, 1.0605870074189738, 0.0, 0.0, 0.0, 0.0, 0.0, 0.0, 0.0, 0.0, 0.0, 0.0, 0.0, 0.0, 0.9596910684973976, 0.0, 0.0, 0.0, 0.0, 0.0, 0.0, 0.0, 0.0, 0.0, 0.0], [0.0, 0.0, 0.0, 0.0, 0.0, 0.0, 0.0, 1.0605870074189738, 0.0, 1.7990264166952012, 0.9912884632261358, 0.0, 0.0, 0.0, 0.0, 0.0, 0.0, 0.0, 0.0, 0.0, 0.0, 0.0, 0.0, 0.0, 0.0, 0.0, 0.0, 0.0, 0.0, 0.0, 0.0, 0.0], [0.0, 0.0, 0.0, 0.0, 0.0, 0.0, 0.0, 0.0, 1.7990264166952012, 0.0, 0.0, 0.0, 0.0, 0.0, 0.0, 0.0, 0.0, 0.0, 0.0, 0.0, 0.0, 0.0, 0.0, 0.0, 0.0, 0.0, 0.0, 0.0, 0.0, 0.0, 0.0, 0.0], [0.0, 0.0, 0.0, 0.0, 0.0, 0.0, 0.0, 0.0, 0.9912884632261358, 0.0, 0.0, 0.9833883310525577, 0.0, 0.0, 0.0, 0.0, 0.0, 0.0, 0.0, 0.0, 0.0, 0.0, 0.941788351992664, 0.9628757987443812, 0.0, 0.0, 0.0, 0.0, 0.0, 0.0, 0.0, 0.0], [0.0, 0.0, 0.0, 0.0, 0.0, 0.0, 0.0, 0.0, 0.0, 0.0, 0.9833883310525577, 0.0, 0.9986348839146763, 0.9975134956227472, 0.9773472314063996, 0.0, 0.0, 0.0, 0.0, 0.0, 0.0, 0.0, 0.0, 0.0, 0.0, 0.0, 0.0, 0.0, 0.0, 0.0, 0.0, 0.0], [0.0, 0.0, 0.0, 0.0, 0.0, 0.0, 0.0, 0.0, 0.0, 0.0, 0.0, 0.9986348839146763, 0.0, 0.0, 0.0, 0.0, 0.0, 0.0, 0.0, 0.0, 0.0, 0.0, 0.0, 0.0, 0.9845780629146539, 0.9842135382601931, 0.9843536680034208, 0.0, 0.0, 0.0, 0.0, 0.0], [0.0, 0.0, 0.0, 0.0, 0.0, 0.0, 0.0, 0.0, 0.0, 0.0, 0.0, 0.9975134956227472, 0.0, 0.0, 0.0, 0.0, 0.0, 0.0, 0.0, 0.0, 0.0, 0.0, 0.0, 0.0, 0.0, 0.0, 0.0, 0.9848950357389872, 0.9853431273286332, 0.9851357791467423, 0.0, 0.0], [0.0, 0.0, 0.0, 0.0, 0.0, 0.0, 1.0163960804685397, 0.0, 0.0, 0.0, 0.0, 0.9773472314063996, 0.0, 0.0, 0.0, 0.0, 0.0, 0.0, 0.0, 0.0, 0.0, 0.0, 0.0, 0.0, 0.0, 0.0, 0.0, 0.0, 0.0, 0.0, 0.9426705139459303, 0.9610907851272794], [0.9755828617830555, 0.0, 0.0, 0.0, 0.0, 0.0, 0.0, 0.0, 0.0, 0.0, 0.0, 0.0, 0.0, 0.0, 0.0, 0.0, 0.0, 0.0, 0.0, 0.0, 0.0, 0.0, 0.0, 0.0, 0.0, 0.0, 0.0, 0.0, 0.0, 0.0, 0.0, 0.0], [0.9777903311738333, 0.0, 0.0, 0.0, 0.0, 0.0, 0.0, 0.0, 0.0, 0.0, 0.0, 0.0, 0.0, 0.0, 0.0, 0.0, 0.0, 0.0, 0.0, 0.0, 0.0, 0.0, 0.0, 0.0, 0.0, 0.0, 0.0, 0.0, 0.0, 0.0, 0.0, 0.0], [0.9783229639025132, 0.0, 0.0, 0.0, 0.0, 0.0, 0.0, 0.0, 0.0, 0.0, 0.0, 0.0, 0.0, 0.0, 0.0, 0.0, 0.0, 0.0, 0.0, 0.0, 0.0, 0.0, 0.0, 0.0, 0.0, 0.0, 0.0, 0.0, 0.0, 0.0, 0.0, 0.0], [0.0, 0.0, 0.9783021739377565, 0.0, 0.0, 0.0, 0.0, 0.0, 0.0, 0.0, 0.0, 0.0, 0.0, 0.0, 0.0, 0.0, 0.0, 0.0, 0.0, 0.0, 0.0, 0.0, 0.0, 0.0, 0.0, 0.0, 0.0, 0.0, 0.0, 0.0, 0.0, 0.0], [0.0, 0.0, 0.9759034943083219, 0.0, 0.0, 0.0, 0.0, 0.0, 0.0, 0.0, 0.0, 0.0, 0.0, 0.0, 0.0, 0.0, 0.0, 0.0, 0.0, 0.0, 0.0, 0.0, 0.0, 0.0, 0.0, 0.0, 0.0, 0.0, 0.0, 0.0, 0.0, 0.0], [0.0, 0.0, 0.9763262778229425, 0.0, 0.0, 0.0, 0.0, 0.0, 0.0, 0.0, 0.0, 0.0, 0.0, 0.0, 0.0, 0.0, 0.0, 0.0, 0.0, 0.0, 0.0, 0.0, 0.0, 0.0, 0.0, 0.0, 0.0, 0.0, 0.0, 0.0, 0.0, 0.0], [0.0, 0.0, 0.0, 0.0, 0.0, 0.0, 0.0, 0.9596910684973976, 0.0, 0.0, 0.0, 0.0, 0.0, 0.0, 0.0, 0.0, 0.0, 0.0, 0.0, 0.0, 0.0, 0.0, 0.0, 0.0, 0.0, 0.0, 0.0, 0.0, 0.0, 0.0, 0.0, 0.0], [0.0, 0.0, 0.0, 0.0, 0.0, 0.0, 0.0, 0.0, 0.0, 0.0, 0.941788351992664, 0.0, 0.0, 0.0, 0.0, 0.0, 0.0, 0.0, 0.0, 0.0, 0.0, 0.0, 0.0, 0.0, 0.0, 0.0, 0.0, 0.0, 0.0, 0.0, 0.0, 0.0], [0.0, 0.0, 0.0, 0.0, 0.0, 0.0, 0.0, 0.0, 0.0, 0.0, 0.9628757987443812, 0.0, 0.0, 0.0, 0.0, 0.0, 0.0, 0.0, 0.0, 0.0, 0.0, 0.0, 0.0, 0.0, 0.0, 0.0, 0.0, 0.0, 0.0, 0.0, 0.0, 0.0], [0.0, 0.0, 0.0, 0.0, 0.0, 0.0, 0.0, 0.0, 0.0, 0.0, 0.0, 0.0, 0.9845780629146539, 0.0, 0.0, 0.0, 0.0, 0.0, 0.0, 0.0, 0.0, 0.0, 0.0, 0.0, 0.0, 0.0, 0.0, 0.0, 0.0, 0.0, 0.0, 0.0], [0.0, 0.0, 0.0, 0.0, 0.0, 0.0, 0.0, 0.0, 0.0, 0.0, 0.0, 0.0, 0.9842135382601931, 0.0, 0.0, 0.0, 0.0, 0.0, 0.0, 0.0, 0.0, 0.0, 0.0, 0.0, 0.0, 0.0, 0.0, 0.0, 0.0, 0.0, 0.0, 0.0], [0.0, 0.0, 0.0, 0.0, 0.0, 0.0, 0.0, 0.0, 0.0, 0.0, 0.0, 0.0, 0.9843536680034208, 0.0, 0.0, 0.0, 0.0, 0.0, 0.0, 0.0, 0.0, 0.0, 0.0, 0.0, 0.0, 0.0, 0.0, 0.0, 0.0, 0.0, 0.0, 0.0], [0.0, 0.0, 0.0, 0.0, 0.0, 0.0, 0.0, 0.0, 0.0, 0.0, 0.0, 0.0, 0.0, 0.9848950357389872, 0.0, 0.0, 0.0, 0.0, 0.0, 0.0, 0.0, 0.0, 0.0, 0.0, 0.0, 0.0, 0.0, 0.0, 0.0, 0.0, 0.0, 0.0], [0.0, 0.0, 0.0, 0.0, 0.0, 0.0, 0.0, 0.0, 0.0, 0.0, 0.0, 0.0, 0.0, 0.9853431273286332, 0.0, 0.0, 0.0, 0.0, 0.0, 0.0, 0.0, 0.0, 0.0, 0.0, 0.0, 0.0, 0.0, 0.0, 0.0, 0.0, 0.0, 0.0], [0.0, 0.0, 0.0, 0.0, 0.0, 0.0, 0.0, 0.0, 0.0, 0.0, 0.0, 0.0, 0.0, 0.9851357791467423, 0.0, 0.0, 0.0, 0.0, 0.0, 0.0, 0.0, 0.0, 0.0, 0.0, 0.0, 0.0, 0.0, 0.0, 0.0, 0.0, 0.0, 0.0], [0.0, 0.0, 0.0, 0.0, 0.0, 0.0, 0.0, 0.0, 0.0, 0.0, 0.0, 0.0, 0.0, 0.0, 0.9426705139459303, 0.0, 0.0, 0.0, 0.0, 0.0, 0.0, 0.0, 0.0, 0.0, 0.0, 0.0, 0.0, 0.0, 0.0, 0.0, 0.0, 0.0], [0.0, 0.0, 0.0, 0.0, 0.0, 0.0, 0.0, 0.0, 0.0, 0.0, 0.0, 0.0, 0.0, 0.0, 0.9610907851272794, 0.0, 0.0, 0.0, 0.0, 0.0, 0.0, 0.0, 0.0, 0.0, 0.0, 0.0, 0.0, 0.0, 0.0, 0.0, 0.0, 0.0]], "Born radii": [], "Atomic SASAs": [], "Solvent H bonds": [], "Total SASA": NaN, "Total FOD": 0.0, "FOD": [0.0, 0.0, 0.0, 0.0, 0.0, 0.0, 0.0, 0.0, 0.0, 0.0, 0.0, 0.0, 0.0, 0.0, 0.0, 0.0, 0.0, 0.0, 0.0, 0.0, 0.0, 0.0, 0.0, 0.0, 0.0, 0.0, 0.0, 0.0, 0.0, 0.0, 0.0, 0.0], "FOD s proportion": [0.0, 0.0, 0.0, 0.0, 0.0, 0.0, 0.0, 0.0, 0.0, 0.0, 0.0, 0.0, 0.0, 0.0, 0.0, 0.0, 0.0, 0.0, 0.0, 0.0, 0.0, 0.0, 0.0, 0.0, 0.0, 0.0, 0.0, 0.0, 0.0, 0.0, 0.0, 0.0], "FOD p proportion": [0.0, 0.0, 0.0, 0.0, 0.0, 0.0, 0.0, 0.0, 0.0, 0.0, 0.0, 0.0, 0.0, 0.0, 0.0, 0.0, 0.0, 0.0, 0.0, 0.0, 0.0, 0.0, 0.0, 0.0, 0.0, 0.0, 0.0, 0.0, 0.0, 0.0, 0.0, 0.0], "FOD d proportion": [0.0, 0.0, 0.0, 0.0, 0.0, 0.0, 0.0, 0.0, 0.0, 0.0, 0.0, 0.0, 0.0, 0.0, 0.0, 0.0, 0.0, 0.0, 0.0, 0.0, 0.0, 0.0, 0.0, 0.0, 0.0, 0.0, 0.0, 0.0, 0.0, 0.0, 0.0, 0.0], "coordinates": [["3.93800", "-1.24440", "-0.08880"], ["3.33550", "0.07700", "-0.04950"], ["4.16010", "1.18610", "-0.48940"], ["1.97470", "0.28270", "0.14170"], ["1.43930", "1.38450", "0.05880"], ["1.29820", "-0.88250", "0.42630"], ["-0.08730", "-0.72210", "0.62420"], ["-0.59120", "-0.74110", "1.86400"], ["-2.05070", "-0.62220", "2.07480"], ["-2.49540", "-0.66540", "3.22020"], ["-2.96120", "-0.53120", "0.86610"], ["-2.28020", "0.11050", "-0.35780"], ["-2.08640", "1.62410", "-0.12640"], ["-3.18240", "-0.07040", "-1.59190"], ["-0.92180", "-0.57890", "-0.62010"], ["4.05460", "-1.54150", "-1.13520"], ["3.32970", "-1.99090", "0.42680"], ["4.91980", "-1.20510", "0.39200"], ["5.09870", "1.17890", "0.07250"], ["4.37100", "1.06340", "-1.55590"], ["3.66600", "2.14890", "-0.33490"], ["0.02480", "-0.85230", "2.74700"], ["-3.28780", "-1.55300", "0.63600"], ["-3.84850", "0.04770", "1.14960"], ["-3.04960", "2.12330", "0.02950"], ["-1.46390", "1.83590", "0.74870"], ["-1.60720", "2.09480", "-0.99250"], ["-4.15810", "0.40540", "-1.44170"], ["-3.35960", "-1.13100", "-1.80270"], ["-2.72620", "0.37420", "-2.48360"], ["-1.08060", "-1.58560", "-1.02890"], ["-0.37210", "-0.01980", "-1.38710"]], "bond_dist": [[0.0, 1.4528071792223496, 2.473285066465247, 2.4979414624846594, 3.629931495221363, 2.7138245448075673, 4.121189922825688, 4.957861572291022, 6.397876639167092, 7.257641322082541, 7.001389068606315, 6.369782276498938, 6.672563328286963, 7.371409754585618, 4.933844948921682, 1.0939912842431607, 1.0923069623507855, 1.093912414227026, 2.6917698768654055, 2.768720327154767, 3.4130681358566517, 4.848570747137758, 7.268614354882229, 7.9895393621910396, 7.75770274888127, 6.27456595710014, 6.5357611163505664, 8.372515372335842, 7.497017975835459, 7.264054972258952, 5.117279688467301, 4.664996255089601], [1.4528071792223496, 0.0, 1.4503723590857625, 1.3894770850935256, 2.3058316460661215, 2.301655313030168, 3.5788255531668485, 4.444068265677295, 5.832039229120463, 6.72617949953761, 6.391921580401311, 5.624256184598991, 5.638832470467624, 6.699533187469109, 4.345157357334714, 2.077352052493751, 2.122052247236151, 2.0853558808989896, 2.0827726352148956, 2.077134124220196, 2.117416591037295, 4.432239301978178, 6.855283592966814, 7.283443917543403, 6.705452013100981, 5.173499087658178, 5.4213512273233135, 7.628899551049287, 7.02547779513963, 6.538912565557059, 4.819274045953395, 3.9426947333010705], [2.473285066465247, 1.4503723590857625, 0.0, 2.4475277179227204, 2.7825596920820943, 3.6480246791928366, 4.787665293230094, 5.641581612455854, 6.958383948159227, 7.841228517266921, 7.449792831347728, 6.530826747816849, 6.272350057992617, 7.530378791933377, 5.381265195100498, 2.8049936987451503, 3.409151742002693, 2.659294547431706, 1.0939622525480484, 1.0940550031876826, 1.0931554784201558, 5.632944665980663, 8.01501143979221, 8.25348105468232, 7.288852799995346, 5.795214202253442, 5.860084862013519, 8.408853609143163, 7.97744303583548, 7.215063613025183, 5.953009123964115, 4.7750284753077645], [2.4979414624846594, 1.3894770850935256, 2.4475277179227204, 0.0, 1.2277983588521366, 1.3770767770897887, 2.343986623255346, 3.2555071094992254, 4.556266539613326, 5.509795810191155, 5.054730198536812, 4.28757823252241, 4.285296346811968, 5.452130682586396, 3.116473335358414, 3.046992494247401, 2.6620600988707976, 3.3090501567670447, 3.250744388597787, 3.038682599417057, 2.563268555965215, 3.44643628985072, 5.595358186032419, 5.914452269652702, 5.352007818566785, 3.821629129049547, 4.171345545504472, 6.335096423102018, 5.850982442291208, 5.38507503661741, 3.7677191163885877, 2.817127247747251], [3.629931495221363, 2.3058316460661215, 2.7825596920820943, 1.2277983588521366, 0.0, 2.30092469672521, 2.662320093452326, 3.4496163047504287, 4.502355038199454, 5.447788914780014, 4.86683059392866, 3.9536453824287277, 3.5386816316249754, 5.118755257872757, 3.1449384699863367, 4.102061200177296, 3.886175667671239, 4.350968932318409, 3.66519677643643, 3.362324521815228, 2.3869436398876283, 3.772333989720422, 5.595314155612712, 5.5621675379297955, 4.549385358485254, 3.0179950646082907, 3.30013939554074, 5.877161204186933, 5.729080529194889, 4.98356239049939, 4.044067421544799, 2.7099548446422497], [2.7138245448075673, 2.301655313030168, 3.6480246791928366, 1.3770767770897887, 2.30092469672521, 0.0, 1.4087238267311304, 2.3784044252397445, 3.741716123652354, 4.71639805147954, 4.296431553044921, 3.7954984349884797, 4.247827445883366, 4.980804554487157, 2.4729589402171643, 3.2357849449553964, 2.314204627944556, 3.6361014576053847, 4.338011600952676, 4.142190663163636, 3.9211335401896217, 2.647283152592484, 4.639497854294148, 5.279863238759125, 5.300532871325297, 3.8888091660558506, 4.395299522216888, 5.909257152976168, 5.169651254195006, 5.122753972230171, 2.875873100468795, 2.612005539810358], [4.121189922825688, 3.5788255531668485, 4.787665293230094, 2.343986623255346, 2.662320093452326, 1.4087238267311304, 0.0, 1.3384245402711354, 2.4431864296446966, 3.5413805923678976, 2.8903736142581984, 2.5429032954479416, 3.17245261745546, 3.8620533541109965, 1.50505115527679, 4.574083550832888, 3.6503026175921356, 5.035698188930707, 5.550925138208945, 5.274209433649748, 4.821802017918197, 2.1297413669269796, 3.3066197694927064, 3.8749532435888825, 4.150324148786453, 2.907557705360291, 3.5859086031297567, 4.702192222782902, 4.094507309799312, 4.2218583277983175, 2.1130586243642173, 2.1493403685782293], [4.957861572291022, 4.444068265677295, 5.641581612455854, 3.2555071094992254, 3.4496163047504287, 2.3784044252397445, 1.3384245402711354, 0.0, 1.4794303295525613, 2.3390140166317948, 2.580070235478096, 2.917933995141083, 3.433873358177322, 4.371201292551054, 2.511246306119732, 5.5874232379514615, 4.359013729044679, 5.7230412369648365, 6.266644577443338, 6.290895413214243, 5.59562445576899, 1.0823633585815808, 3.0722658039303825, 3.4267442405291937, 4.196892680305276, 2.940480977663348, 4.151406636310155, 4.996487801446133, 4.610938023873233, 4.9702861939731395, 3.0531234858747522, 3.3373536986660555], [6.397876639167092, 5.832039229120463, 6.958383948159227, 4.556266539613326, 4.502355038199454, 3.741716123652354, 2.4431864296446966, 1.4794303295525613, 0.0, 1.2294573965778561, 1.515997011870406, 2.550894411770115, 3.145221712375775, 3.8768436930059487, 2.9221184284693185, 6.958728373776347, 5.791195718502355, 7.194404666127699, 7.6398355257165065, 7.5671302843284, 6.7945793239905585, 2.193740891718983, 2.1135161437755805, 2.1299872980841927, 3.5663459661115327, 2.853967599675932, 4.1215422526039935, 4.226448718486952, 4.123966888809851, 4.714671120025235, 3.391487470122807, 3.894269550249443], [7.257641322082541, 6.72617949953761, 7.841228517266921, 5.509795810191155, 5.447788914780014, 4.71639805147954, 3.5413805923678976, 2.3390140166317948, 1.2294573965778561, 0.0, 2.403490397318034, 3.6674808588457557, 4.075392350436949, 4.89717269554587, 4.151096638239105, 7.914515801361445, 6.5948331154017845, 7.954569904778007, 8.424951785618717, 8.540920887702919, 7.649958853484116, 2.57104217973957, 2.844964175521372, 2.574252431289519, 4.27370469499239, 3.664533556948278, 5.114141625923162, 5.064039448898478, 5.1179243263260545, 5.80235910987936, 4.572010267923728, 5.11394324763191], [7.001389068606315, 6.391921580401311, 7.449792831347728, 5.054730198536812, 4.86683059392866, 4.296431553044921, 2.8903736142581984, 2.580070235478096, 1.515997011870406, 2.403490397318034, 0.0, 1.540607380223787, 2.528962115176896, 2.5105836134253727, 2.523929097657063, 7.365280539124086, 6.472953838086597, 7.923955642228193, 8.277453169906792, 7.884794860996703, 7.248801062934477, 3.5435978919736364, 1.0971275267716145, 1.0967218197884094, 2.7846156592966294, 2.803364489323499, 3.4904993854748065, 2.763282470179261, 2.764231546017808, 3.4778533968527197, 2.8704426000183316, 3.4701410648560094], [6.369782276498938, 5.624256184598991, 6.530826747816849, 4.28757823252241, 3.9536453824287277, 3.7954984349884797, 2.5429032954479416, 2.917933995141083, 2.550894411770115, 3.6674808588457557, 1.540607380223787, 0.0, 1.5434018789673676, 1.5393805442449897, 1.5457439018155628, 6.592658477427752, 6.041726336900737, 7.357513397881108, 7.468252932245935, 6.825095124611817, 6.28592820592154, 3.9849456558402396, 2.184062373193586, 2.1761809414660354, 2.189370112612301, 2.206284909072262, 2.1893422710942207, 2.1882215678491064, 2.1895576311209535, 2.1880309252841927, 2.1831561052751125, 2.1719305214486027], [6.672563328286963, 5.638832470467624, 6.272350057992617, 4.285296346811968, 3.5386816316249754, 4.247827445883366, 3.17245261745546, 3.433873358177322, 3.145221712375775, 4.075392350436949, 2.528962115176896, 1.5434018789673676, 0.0, 2.4940401961476084, 2.5403231782590185, 6.982161685323536, 6.535165984885158, 7.573635166813886, 7.201626639864081, 6.637459566731838, 5.780051301675444, 4.341215263034074, 3.481175107632479, 2.6866725461060565, 1.0960199313881112, 1.0946074638883108, 1.096047599331343, 2.739924208805784, 3.4672173194075966, 2.743717531015174, 3.482572896580917, 2.6889767923877663], [7.371409754585618, 6.699533187469109, 7.530378791933377, 5.452130682586396, 5.118755257872757, 4.980804554487157, 3.8620533541109965, 4.371201292551054, 3.8768436930059487, 4.89717269554587, 2.5105836134253727, 1.5393805442449897, 2.4940401961476084, 0.0, 2.512624096437826, 7.399113399590521, 7.083143112347794, 8.418375623598653, 8.5385944428811, 7.63810513151004, 7.307935690056392, 5.451931094575572, 2.6781990833393996, 2.823731408969345, 2.731097488190416, 3.4735616159786202, 2.7438342588429063, 1.0958723328928424, 1.0957686069604293, 1.0958633537079336, 2.6514832226510503, 2.8182067862383695], [4.933844948921682, 4.345157357334714, 5.381265195100498, 3.116473335358414, 3.1449384699863367, 2.4729589402171643, 1.50505115527679, 2.511246306119732, 2.9221184284693185, 4.151096638239105, 2.523929097657063, 1.5457439018155628, 2.5403231782590185, 2.512624096437826, 0.0, 5.094750605279909, 4.600542996212512, 5.961607451853904, 6.309990162432902, 5.620195972561811, 5.3451043694206755, 3.5082989510587606, 2.8503708565728774, 3.4770732721643935, 3.5001996857322295, 2.8282052418450823, 2.7851618642369784, 3.481021508120856, 2.7651810085417554, 2.7634925764329457, 1.0980800380664426, 1.0968372258452939], [1.0939912842431607, 2.077352052493751, 2.8049936987451503, 3.046992494247401, 4.102061200177296, 3.2357849449553964, 4.574083550832888, 5.5874232379514615, 6.958728373776347, 7.914515801361445, 7.365280539124086, 6.592658477427752, 6.982161685323536, 7.399113399590521, 5.094750605279909, 0.0, 1.7796865931955548, 1.7871977618607298, 3.154244800265192, 2.657555542222965, 3.796121996195591, 5.637886263485634, 7.553020551408555, 8.378833886048822, 8.078176945945168, 6.738675850640094, 6.73045468152041, 8.44587491915432, 7.45549650526375, 7.174073995297232, 5.136489417880659, 4.687717716543947], [1.0923069623507855, 2.122052247236151, 3.409151742002693, 2.6620600988707976, 3.886175667671239, 2.314204627944556, 3.6503026175921356, 4.359013729044679, 5.791195718502355, 6.5948331154017845, 6.472953838086597, 6.041726336900737, 6.535165984885158, 7.083143112347794, 4.600542996212512, 1.7796865931955548, 0.0, 1.7740097773124028, 3.6472621964975316, 3.7873676174884316, 4.222703946525258, 4.195485908688051, 6.635271456391215, 7.496991732688519, 7.601312874760517, 6.1421998347497615, 6.563561425780976, 8.080884529554918, 7.103297315331802, 7.123064718223469, 4.661982053805012, 4.56933164259282], [1.093912414227026, 2.0853558808989896, 2.659294547431706, 3.3090501567670447, 4.350968932318409, 3.6361014576053847, 5.035698188930707, 5.7230412369648365, 7.194404666127699, 7.954569904778007, 7.923955642228193, 7.357513397881108, 7.573635166813886, 8.418375623598653, 5.961607451853904, 1.7871977618607298, 1.7740097773124028, 0.0, 2.4119580137307532, 3.039998042762528, 3.6537260502123035, 5.443483979952545, 8.218592833934528, 8.889687873598263, 8.644130330461243, 7.08000999858051, 7.443648921060154, 9.400235866721642, 8.565667706606416, 8.32013099956966, 6.178069052705708, 5.707393320071782], [2.6917698768654055, 2.0827726352148956, 1.0939622525480484, 3.250744388597787, 3.66519677643643, 4.338011600952676, 5.550925138208945, 6.266644577443338, 7.6398355257165065, 8.424951785618717, 8.277453169906792, 7.468252932245935, 7.201626639864081, 8.5385944428811, 6.309990162432902, 3.154244800265192, 3.6472621964975316, 2.4119580137307532, 0.0, 1.7873371534212563, 1.7774993811531974, 6.0846680188815565, 8.838223357100679, 9.082518686465777, 8.202958810697515, 6.629978446420471, 6.851437266734623, 9.41166564057606, 8.966317635462174, 8.271048863959154, 6.8585195705778945, 5.787656390111631], [2.768720327154767, 2.077134124220196, 1.0940550031876826, 3.038682599417057, 3.362324521815228, 4.142190663163636, 5.274209433649748, 6.290895413214243, 7.5671302843284, 8.540920887702919, 7.884794860996703, 6.825095124611817, 6.637459566731838, 7.63810513151004, 5.620195972561811, 2.657555542222965, 3.7873676174884316, 3.039998042762528, 1.7873371534212563, 0.0, 1.779375241482246, 6.408924195214046, 8.384938402278218, 8.712723855947692, 7.661735151387054, 6.3209172926087245, 6.092625112379721, 8.55520616057848, 8.039805840939197, 7.190679506833829, 6.08398492437317, 4.868142694087757], [3.4130681358566517, 2.117416591037295, 1.0931554784201558, 2.563268555965215, 2.3869436398876283, 3.9211335401896217, 4.821802017918197, 5.59562445576899, 6.7945793239905585, 7.649958853484116, 7.248801062934477, 6.28592820592154, 5.780051301675444, 7.307935690056392, 5.3451043694206755, 3.796121996195591, 4.222703946525258, 3.6537260502123035, 1.7774993811531974, 1.779375241482246, 0.0, 5.635924634875807, 7.937382746220569, 7.942700544525143, 6.7255279406155175, 5.2524310533314, 5.314320540765301, 8.092054084100031, 7.891212594398912, 6.973284206168568, 6.079336954800252, 4.702832778230585], [4.848570747137758, 4.432239301978178, 5.632944665980663, 3.44643628985072, 3.772333989720422, 2.647283152592484, 2.1297413669269796, 1.0823633585815808, 2.193740891718983, 2.57104217973957, 3.5435978919736364, 3.9849456558402396, 4.341215263034074, 5.451931094575572, 3.5082989510587606, 5.637886263485634, 4.195485908688051, 5.443483979952545, 6.0846680188815565, 6.408924195214046, 5.635924634875807, 0.0, 3.99006519370298, 4.285340085687483, 5.068622788292693, 3.6654944850592805, 5.033158318590823, 6.05174928347168, 5.677288713814015, 6.035849535069607, 4.002131789434226, 4.235725282640507], [7.268614354882229, 6.855283592966814, 8.01501143979221, 5.595358186032419, 5.595314155612712, 4.639497854294148, 3.3066197694927064, 3.0722658039303825, 2.1135161437755805, 2.844964175521372, 1.0971275267716145, 2.184062373193586, 3.481175107632479, 2.6781990833393996, 2.8503708565728774, 7.553020551408555, 6.635271456391215, 8.218592833934528, 8.838223357100679, 8.384938402278218, 7.937382746220569, 3.99006519370298, 0.0, 1.7721201821546981, 3.7335992259480664, 3.850189048605276, 4.333921255629826, 2.9848936228951275, 2.475984032662569, 3.7096359066625393, 2.7649026402388923, 3.8658688984496097], [7.9895393621910396, 7.283443917543403, 8.25348105468232, 5.914452269652702, 5.5621675379297955, 5.279863238759125, 3.8749532435888825, 3.4267442405291937, 2.1299872980841927, 2.574252431289519, 1.0967218197884094, 2.1761809414660354, 2.6866725461060565, 2.823731408969345, 3.4770732721643935, 8.378833886048822, 7.496991732688519, 8.889687873598263, 9.082518686465777, 8.712723855947692, 7.942700544525143, 4.285340085687483, 1.7721201821546981, 0.0, 2.4901768170152097, 3.0074403086345702, 3.71518996957087, 2.634129294472843, 3.2162761370877346, 3.816582473889435, 3.8826281756047667, 4.304039974256744], [7.75770274888127, 6.705452013100981, 7.288852799995346, 5.352007818566785, 4.549385358485254, 5.300532871325297, 4.150324148786453, 4.196892680305276, 3.5663459661115327, 4.27370469499239, 2.7846156592966294, 2.189370112612301, 1.0960199313881112, 2.731097488190416, 3.5001996857322295, 8.078176945945168, 7.601312874760517, 8.644130330461243, 8.202958810697515, 7.661735151387054, 6.7255279406155175, 5.068622788292693, 3.7335992259480664, 2.4901768170152097, 0.0, 1.7647356430921883, 1.7679971747714984, 2.5188056892106627, 3.7474691900000994, 3.078897526713093, 4.330486204804259, 3.710611731237856], [6.27456595710014, 5.173499087658178, 5.795214202253442, 3.821629129049547, 3.0179950646082907, 3.8888091660558506, 2.907557705360291, 2.940480977663348, 2.853967599675932, 3.664533556948278, 2.803364489323499, 2.206284909072262, 1.0946074638883108, 3.4735616159786202, 2.8282052418450823, 6.738675850640094, 6.1421998347497615, 7.08000999858051, 6.629978446420471, 6.3209172926087245, 5.2524310533314, 3.6654944850592805, 3.850189048605276, 3.0074403086345702, 1.7647356430921883, 0.0, 1.766165773646404, 3.7553822774785526, 4.348081882853633, 3.765332849828817, 3.8747184284796745, 3.032703640318322], [6.5357611163505664, 5.4213512273233135, 5.860084862013519, 4.171345545504472, 3.30013939554074, 4.395299522216888, 3.5859086031297567, 4.151406636310155, 4.1215422526039935, 5.114141625923162, 3.4904993854748065, 2.1893422710942207, 1.096047599331343, 2.7438342588429063, 2.7851618642369784, 6.73045468152041, 6.563561425780976, 7.443648921060154, 6.851437266734623, 6.092625112379721, 5.314320540765301, 5.033158318590823, 4.333921255629826, 3.71518996957087, 1.7679971747714984, 1.766165773646404, 0.0, 3.092400978204476, 3.7594036016368344, 2.5369281759639946, 3.718060876317116, 2.480466554904541], [8.372515372335842, 7.628899551049287, 8.408853609143163, 6.335096423102018, 5.877161204186933, 5.909257152976168, 4.702192222782902, 4.996487801446133, 4.226448718486952, 5.064039448898478, 2.763282470179261, 2.1882215678491064, 2.739924208805784, 1.0958723328928424, 3.481021508120856, 8.44587491915432, 8.080884529554918, 9.400235866721642, 9.41166564057606, 8.55520616057848, 8.092054084100031, 6.05174928347168, 2.9848936228951275, 2.634129294472843, 2.5188056892106627, 3.7553822774785526, 3.092400978204476, 0.0, 1.7687419851408515, 1.7711201709652569, 3.6885621982013537, 3.8101931972014227], [7.497017975835459, 7.02547779513963, 7.97744303583548, 5.850982442291208, 5.729080529194889, 5.169651254195006, 4.094507309799312, 4.610938023873233, 4.123966888809851, 5.1179243263260545, 2.764231546017808, 2.1895576311209535, 3.4672173194075966, 1.0957686069604293, 2.7651810085417554, 7.45549650526375, 7.103297315331802, 8.565667706606416, 8.966317635462174, 8.039805840939197, 7.891212594398912, 5.677288713814015, 2.475984032662569, 3.2162761370877346, 3.7474691900000994, 4.348081882853633, 3.7594036016368344, 1.7687419851408515, 0.0, 1.7693070423191108, 2.4493404418332703, 3.2144431943961926], [7.264054972258952, 6.538912565557059, 7.215063613025183, 5.38507503661741, 4.98356239049939, 5.122753972230171, 4.2218583277983175, 4.9702861939731395, 4.714671120025235, 5.80235910987936, 3.4778533968527197, 2.1880309252841927, 2.743717531015174, 1.0958633537079336, 2.7634925764329457, 7.174073995297232, 7.123064718223469, 8.32013099956966, 8.271048863959154, 7.190679506833829, 6.973284206168568, 6.035849535069607, 3.7096359066625393, 3.816582473889435, 3.078897526713093, 3.765332849828817, 2.5369281759639946, 1.7711201709652569, 1.7693070423191108, 0.0, 2.9436316838218737, 2.6266585350973966], [5.117279688467301, 4.819274045953395, 5.953009123964115, 3.7677191163885877, 4.044067421544799, 2.875873100468795, 2.1130586243642173, 3.0531234858747522, 3.391487470122807, 4.572010267923728, 2.8704426000183316, 2.1831561052751125, 3.482572896580917, 2.6514832226510503, 1.0980800380664426, 5.136489417880659, 4.661982053805012, 6.178069052705708, 6.8585195705778945, 6.08398492437317, 6.079336954800252, 4.002131789434226, 2.7649026402388923, 3.8826281756047667, 4.330486204804259, 3.8747184284796745, 3.718060876317116, 3.6885621982013537, 2.4493404418332703, 2.9436316838218737, 0.0, 1.7555651881943888], [4.664996255089601, 3.9426947333010705, 4.7750284753077645, 2.817127247747251, 2.7099548446422497, 2.612005539810358, 2.1493403685782293, 3.3373536986660555, 3.894269550249443, 5.11394324763191, 3.4701410648560094, 2.1719305214486027, 2.6889767923877663, 2.8182067862383695, 1.0968372258452939, 4.687717716543947, 4.56933164259282, 5.707393320071782, 5.787656390111631, 4.868142694087757, 4.702832778230585, 4.235725282640507, 3.8658688984496097, 4.304039974256744, 3.710611731237856, 3.032703640318322, 2.480466554904541, 3.8101931972014227, 3.2144431943961926, 2.6266585350973966, 1.7555651881943888, 0.0]]}