{"total energy": -73.12580134, "HOMO-LUMO gap/eV": 2.2563185, "electronic energy": -73.88658543, "dipole": [-0.322971, 1.78221509, 0.41497973], "partial charges": [-0.05258309, -0.16461479, -0.04022711, 0.4057504, -0.51922042, -0.08380074, 0.04121132, 0.06658207, -0.45591045, -0.1916366, 0.27120219, -0.43645206, -0.07159553, 0.0011059, -0.04598327, 0.08042166, -0.12523493, -0.14498118, 0.32701174, -0.44964285, -0.16435409, 0.27191952, -0.41634424, 0.05571539, 0.06812158, 0.05886249, 0.06592183, 0.06504421, 0.06630411, 0.06736394, 0.06426154, 0.05112061, 0.04459226, 0.32001331, 0.18522164, 0.04450437, 0.09437433, 0.06518339, 0.06970542, 0.07183567, 0.21166732, 0.22756315], "atomic dipole moments": [[-0.10125747, -0.06716771, -0.08174478], [-0.01122171, 0.31806038, 0.29383649], [0.09879594, 0.08058778, -0.06571167], [-0.18052729, -0.1914151, 0.34036603], [-0.10163594, -0.09036698, -0.11380823], [0.08636468, 0.08665895, -0.06113513], [-0.04733899, -0.03890556, 0.12851807], [-0.00642517, -0.1297496, 0.13777341], [0.03478518, -0.0156917, -0.23909111], [0.05735883, -0.05372878, -0.03438147], [0.05149122, 0.01021701, -0.01275894], [-0.00503196, 0.09722314, 0.17677244], [0.09949057, 0.01913644, -0.0217372], [-0.10441388, -0.01735314, 0.04064718], [0.04498973, -0.05839655, -0.01111409], [-0.14540376, 0.06948357, 0.06308445], [-0.01673025, -0.09846951, 0.0456968], [0.01515116, -0.0469453, 8.223e-05], [0.07307886, -0.00383358, -0.04457612], [0.18586499, 0.00692389, -0.1179362], [-0.00370913, 0.03754822, -0.00989654], [-0.09167023, -0.02731284, 0.06506478], [-0.10106155, 0.17007538, 0.02565657], [-0.03406126, -0.00766329, 0.12712514], [0.02095966, 0.12536548, -0.03905367], [0.11287371, -0.06149002, -0.01174047], [-0.09641245, -0.06119616, -0.05486145], [-0.00874545, -0.02202903, 0.12839377], [-0.07218013, -0.09120408, -0.05819821], [-0.00032713, -0.03548611, 0.12762941], [-0.01688395, 0.0202837, -0.12628077], [-0.05794701, 0.11287212, 0.00262768], [0.11091652, 0.02417222, -0.05860415], [0.07039388, -0.03276556, -0.01718537], [-0.00399569, 0.04409523, 0.13496837], [-0.00049889, 0.09566447, 0.11834198], [0.00501512, -0.10372048, -0.11744149], [-0.10556972, 0.049834, -0.06019352], [0.03861415, 0.08532626, 0.09416484], [0.09061216, 0.01072409, -0.10035491], [-0.08752824, 0.10852347, 0.0254649], [-0.04386138, -0.12126558, 0.05492829]], "atomic quadrupole moments": [[0.10102426, 0.15878804, -0.10452004, 0.24441343, 0.17813441, 0.00349577], [0.47539505, -0.12445489, -0.24926101, 0.06039512, 0.41815762, -0.22613404], [0.02371972, -0.15723902, 0.24635636, -0.14505277, -0.044837, -0.27007607], [0.15337736, -0.17628562, 0.19562829, -0.14138774, -0.05247915, -0.34900565], [0.0111587, 0.06146634, -0.0197639, 0.1242777, 0.10277004, 0.0086052], [0.28876372, -0.12848926, -0.05192387, -0.18069684, -0.03750787, -0.23683985], [0.1631831, 0.00633704, 0.03445878, -0.08298301, 0.04791373, -0.19764188], [-0.16137637, 0.07836654, -0.13786368, 0.25223425, -0.04860504, 0.29924005], [-0.07744133, -0.03301965, -0.08891401, 0.05961918, -0.03799619, 0.16635534], [0.07693759, -0.00763726, -0.00753784, -0.04871609, -0.01290586, -0.06939975], [-0.18329188, -0.11970891, 0.2988708, 0.10190655, -0.30084651, -0.11557893], [-0.10557187, -0.05207426, 0.11292049, 0.03230649, -0.09255657, -0.00734862], [-0.10846181, -0.24656428, 0.07760131, 0.04179592, -0.3456785, 0.0308605], [-0.14819855, -0.29730771, 0.11226115, 0.06104055, -0.47543078, 0.0359374], [-0.0346707, 0.1150372, -0.1524629, 0.18514622, 0.0747996, 0.1871336], [-0.00248965, 0.22575509, -0.26170209, 0.19038971, 0.06529482, 0.26419174], [-0.07746292, 0.02782251, 0.17210766, -0.03154175, -0.09625485, -0.09464473], [0.00033121, 0.06342508, -0.0322653, -0.00440262, -0.02542279, 0.03193409], [-0.05559913, 0.05434077, -0.15536032, 0.27720329, 0.10718278, 0.21095944], [0.01853995, 0.03140723, -0.10458875, 0.0663927, 0.04110021, 0.0860488], [0.05185048, -0.07501082, -0.05768754, -0.00362994, 0.06377123, 0.00583707], [0.02232836, 0.0394709, -0.28598622, 0.28017424, 0.15579909, 0.26365785], [-0.01941987, 0.00437337, -0.07401486, 0.13045423, 0.05796531, 0.09343472], [-0.01957503, 0.02230307, -0.04001133, -0.02900776, 0.00453542, 0.05958637], [-0.03653069, 0.01358963, 0.05532288, 0.02241137, -0.0215012, -0.01879219], [0.05851441, -0.05024802, -0.00912344, -0.00562718, 0.01708313, -0.04939096], [0.04210029, 0.01849709, -0.0044439, 0.03719171, 0.03137306, -0.0376564], [-0.03229836, -0.03649798, -0.01885708, -0.00825447, -0.00826034, 0.05115544], [0.01395352, 0.02276512, 0.00479069, 0.03636374, 0.02828043, -0.01874421], [-0.02719972, -0.01479618, -0.0339545, -0.00760888, -0.0047906, 0.06115422], [-0.01134441, -0.00331926, -0.01436295, 0.00097099, -0.00029224, 0.02570736], [0.00547867, -0.04604292, 0.01403182, 0.01150971, 0.00733783, -0.01951049], [0.02195412, -0.01127435, -0.05097796, -0.01324031, -0.00477873, 0.02902384], [0.05963708, -0.08204932, -0.03609709, 1.976e-05, -0.01595604, -0.02353999], [0.02097458, 0.01980673, -0.03982249, -0.00530781, 0.03228303, 0.01884791], [0.02090513, 0.02150907, -0.01898457, -0.01499728, 0.04216832, -0.00192056], [0.02442563, 0.02390221, -0.01683062, -0.01825726, 0.03017162, -0.00759502], [0.06516334, -0.02490598, -0.03151523, 0.03360628, -0.0217502, -0.03364812], [-0.03671352, 0.02110302, -0.00185983, 0.02286017, 0.05082617, 0.03857335], [0.0225125, -0.01434814, -0.02811005, -0.06157599, 0.00825313, 0.00559755], [-0.00341194, -0.01120786, 0.03526355, -0.0278505, -0.01621339, -0.03185162], [-0.0037696, -0.00010352, 0.0298931, -0.02782547, -0.01873481, -0.0261235]], "number of molecular orbitals": 121, "number of electrons": 128, "number of unpaired electrons": 0, "orbital energies/eV": [-20.96089371, -20.14739983, -19.73248364, -19.73077415, -19.47258565, -19.11541634, -19.02870061, -18.8144018, -18.57973667, -18.39353287, -18.17622904, -17.97638442, -17.82668651, -17.72762847, -17.59193499, -17.23515949, -17.21525298, -16.98344808, -16.82833269, -16.49524076, -16.47663779, -16.42896963, -16.33023089, -16.22432539, -15.79349274, -15.54594565, -15.37836014, -15.27160177, -15.07904527, -15.03395984, -14.9159039, -14.89386937, -14.87564596, -14.6689669, -14.58854939, -14.50615774, -14.40408934, -14.37145667, -14.19271338, -14.00120643, -13.94834804, -13.85001851, -13.69436017, -13.6443791, -13.61311693, -13.50740561, -13.393999, -13.35737407, -13.02161686, -12.9218701, -12.82949077, -12.64854204, -12.50005622, -12.26792661, -12.10567641, -11.91188691, -11.82127198, -11.52486713, -11.39125524, -11.33357907, -11.11632019, -11.01902566, -10.91431335, -10.0666104, -7.8102919, -7.25628164, -6.50154368, -6.05385037, -5.73495383, -4.84675185, -4.65763326, -4.07339072, -4.04456432, -2.71042853, -0.88327535, -0.81069755, -0.52750402, -0.33363389, 0.02303839, 0.24546547, 0.4069068, 0.69102247, 0.9217685, 1.24924082, 1.30006913, 1.95689456, 2.43110526, 2.55548695, 2.96058607, 3.19940134, 3.45586944, 3.51815659, 3.74290691, 4.01054641, 4.05634199, 4.37808397, 4.45364078, 4.60788763, 4.81666464, 4.88388274, 4.92595411, 5.05185637, 5.27594358, 5.55388058, 5.91048126, 6.19007205, 6.51187235, 6.79701705, 7.54183162, 7.7379013, 9.10675005, 9.71393675, 10.56561783, 11.3835876, 12.22443514, 13.38113746, 14.18750077, 15.55473898, 17.7255351, 18.32363013, 21.30586246], "fractional occupation": [2.0, 2.0, 2.0, 2.0, 2.0, 2.0, 2.0, 2.0, 2.0, 2.0, 2.0, 2.0, 2.0, 2.0, 2.0, 2.0, 2.0, 2.0, 2.0, 2.0, 2.0, 2.0, 2.0, 2.0, 2.0, 2.0, 2.0, 2.0, 2.0, 2.0, 2.0, 2.0, 2.0, 2.0, 2.0, 2.0, 2.0, 2.0, 2.0, 2.0, 2.0, 2.0, 2.0, 2.0, 2.0, 2.0, 2.0, 2.0, 2.0, 2.0, 2.0, 2.0, 2.0, 2.0, 2.0, 2.0, 2.0, 2.0, 2.0, 2.0, 2.0, 2.0, 2.0, 2.0, 0.0, 0.0, 0.0, 0.0, 0.0, 0.0, 0.0, 0.0, 0.0, 0.0, 0.0, 0.0, 0.0, 0.0, 0.0, 0.0, 0.0, 0.0, 0.0, 0.0, 0.0, 0.0, 0.0, 0.0, 0.0, 0.0, 0.0, 0.0, 0.0, 0.0, 0.0, 0.0, 0.0, 0.0, 0.0, 0.0, 0.0, 0.0, 0.0, 0.0, 0.0, 0.0, 0.0, 0.0, 0.0, 0.0, 0.0, 0.0, 0.0, 0.0, 0.0, 0.0, 0.0, 0.0, 0.0, 0.0, 0.0], "program call": "xtb /home/svss/Project-DBcg-Debug/aqme2_20220329/End-to-End-workflows-final/example-3/QDESCP/mol_512_rdkit_conf_8/mol_512_rdkit_conf_8.xyz --pop --wbo --acc 0.2 --gfn 2 --chrg 0 --uhf 0 --etemp 300 --input /home/svss/Project-DBcg-Debug/aqme2_20220329/End-to-End-workflows-final/example-3/QDESCP/mol_512_rdkit_conf_8/mol_512_rdkit_conf_8_xtb.inp", "method": "GFN2-xTB", "xtb version": "6.3.3 (7355c4f)", "Dipole module/D": 4.723, "Total charge": 0, "Transition dipole module/D": NaN, "HOMO": -10.0666, "LUMO": -7.8103, "HOMO occupancy": 2.0, "LUMO occupancy": 0, "mulliken charges": [-0.01361, -0.11087, 0.04386, 0.26128, -0.50229, -0.02065, 0.11434, 0.18366, -0.57908, -0.35581, 0.4715, -0.56039, -0.08916, 0.03629, -0.09784, 0.15572, -0.09946, -0.30569, 0.56627, -0.56248, -0.31196, 0.47132, -0.53961, 0.03661, 0.04657, 0.0372, 0.04729, 0.05184, 0.05958, 0.05688, 0.04615, 0.03033, 0.03326, 0.35797, 0.23494, 0.03152, 0.07698, 0.05279, 0.05515, 0.05506, 0.2574, 0.27714], "cm5 charges": [-0.14481, -0.15628, -0.03025, 0.25149, -0.56301, -0.10363, 0.10797, 0.10514, -0.78791, -0.70815, 0.5663, -0.60606, -0.13607, -0.01417, -0.09089, 0.21162, -0.23751, -0.65029, 0.73373, -0.59886, -0.65397, 0.57367, -0.5795, 0.09, 0.10225, 0.08947, 0.10557, 0.11094, 0.12173, 0.12032, 0.11843, 0.09617, 0.09923, 0.53561, 0.43064, 0.0929, 0.13926, 0.10707, 0.10852, 0.10876, 0.45461, 0.47994], "FUKUI+": [0.015, -0.104, 0.015, -0.06, -0.008, 0.014, 0.006, 0.007, -0.004, -0.031, -0.022, -0.067, -0.034, -0.033, -0.023, -0.06, 0.02, -0.02, -0.011, -0.069, -0.026, -0.016, -0.059, -0.018, -0.016, -0.021, -0.014, -0.021, -0.001, -0.009, -0.013, -0.01, -0.016, -0.006, -0.023, -0.045, -0.047, -0.041, -0.04, -0.02, -0.035, -0.035], "FUKUI-": [0.046, -0.284, 0.05, -0.1, -0.026, 0.018, 0.003, 0.008, -0.018, -0.018, -0.005, -0.05, -0.013, -0.008, -0.023, -0.018, 0.01, -0.025, -0.003, -0.053, -0.013, -0.004, -0.041, -0.039, -0.042, -0.04, -0.033, -0.04, -0.012, -0.016, -0.013, -0.021, -0.012, -0.004, -0.017, -0.023, -0.022, -0.024, -0.022, -0.011, -0.023, -0.019], "FUKUIrad": [0.03, -0.194, 0.032, -0.08, -0.017, 0.016, 0.005, 0.007, -0.011, -0.024, -0.013, -0.059, -0.024, -0.02, -0.023, -0.039, 0.015, -0.022, -0.007, -0.061, -0.02, -0.01, -0.05, -0.028, -0.029, -0.03, -0.024, -0.03, -0.007, -0.013, -0.013, -0.016, -0.014, -0.005, -0.02, -0.034, -0.035, -0.032, -0.031, -0.015, -0.029, -0.027], "s proportion": [1.012, 1.93, 1.057, 1.883, 1.743, 1.057, 1.042, 0.999, 1.708, 1.434, 0.987, 1.728, 1.076, 1.068, 1.081, 1.055, 1.013, 1.422, 0.931, 1.72, 1.423, 0.991, 1.727, 0.963, 0.953, 0.963, 0.953, 0.948, 0.94, 0.943, 0.954, 0.97, 0.967, 0.642, 0.765, 0.968, 0.923, 0.947, 0.945, 0.945, 0.743, 0.723], "p proportion": [3.002, 4.179, 2.899, 3.468, 4.76, 2.963, 2.844, 2.817, 4.871, 3.922, 2.541, 4.832, 3.013, 2.896, 3.017, 2.789, 3.086, 3.884, 2.502, 4.843, 3.889, 2.538, 4.812, 0.0, 0.0, 0.0, 0.0, 0.0, 0.0, 0.0, 0.0, 0.0, 0.0, 0.0, 0.0, 0.0, 0.0, 0.0, 0.0, 0.0, 0.0, 0.0], "d proportion": [0.0, 0.002, 0.0, 0.388, 0.0, 0.0, 0.0, 0.0, 0.0, 0.0, 0.0, 0.0, 0.0, 0.0, 0.0, 0.0, 0.0, 0.0, 0.0, 0.0, 0.0, 0.0, 0.0, 0.0, 0.0, 0.0, 0.0, 0.0, 0.0, 0.0, 0.0, 0.0, 0.0, 0.0, 0.0, 0.0, 0.0, 0.0, 0.0, 0.0, 0.0, 0.0], "Fermi-level/eV": -8.9385, "Coordination numbers": [3.742, 2.038, 3.786, 2.92, 0.859, 3.794, 3.806, 3.674, 1.651, 2.691, 2.758, 0.858, 2.899, 2.901, 2.958, 2.892, 3.755, 2.707, 2.699, 0.86, 2.698, 2.767, 0.858, 0.924, 0.924, 0.924, 0.924, 0.924, 0.924, 0.924, 0.924, 0.924, 0.924, 0.803, 0.86, 0.925, 0.924, 0.924, 0.924, 0.924, 0.86, 0.86], "Dispersion coefficient C6": [21.594, 148.011, 21.308, 125.603, 24.214, 22.106, 19.878, 19.688, 21.967, 25.157, 22.418, 22.423, 29.784, 28.002, 29.14, 26.205, 22.959, 24.137, 21.441, 22.697, 24.555, 22.406, 22.01, 2.25, 2.106, 2.212, 2.131, 2.141, 2.127, 2.115, 2.15, 2.306, 2.389, 0.664, 1.185, 2.39, 1.837, 2.139, 2.089, 2.066, 1.048, 0.976], "Total dispersion C6": 22663.493786, "Total dispersion C8": 588349.34626, "Polarizability alpha": [6.63, 20.476, 6.575, 18.863, 6.597, 6.695, 6.347, 6.359, 6.327, 7.449, 7.753, 6.349, 8.948, 8.677, 8.854, 8.393, 6.832, 7.297, 7.579, 6.388, 7.36, 7.752, 6.29, 2.346, 2.27, 2.326, 2.283, 2.288, 2.281, 2.274, 2.293, 2.375, 2.417, 1.28, 1.705, 2.417, 2.12, 2.287, 2.26, 2.248, 1.604, 1.547], "Total polarizability alpha": 231.409413, "Wiberg matrix": [[0.0, 1.0103420639365541, 0.0, 0.0, 0.0, 0.0, 0.0, 0.0, 0.0, 0.0, 0.0, 0.0, 0.0, 0.0, 0.0, 0.0, 0.0, 0.0, 0.0, 0.0, 0.0, 0.0, 0.0, 0.9818675338925786, 0.9818785956262198, 0.9795913791157184, 0.0, 0.0, 0.0, 0.0, 0.0, 0.0, 0.0, 0.0, 0.0, 0.0, 0.0, 0.0, 0.0, 0.0, 0.0, 0.0], [1.0103420639365541, 0.0, 1.0092667408167237, 0.0, 0.0, 0.0, 0.0, 0.0, 0.0, 0.0, 0.0, 0.0, 0.0, 0.0, 0.0, 0.0, 0.0, 0.0, 0.0, 0.0, 0.0, 0.0, 0.0, 0.0, 0.0, 0.0, 0.0, 0.0, 0.0, 0.0, 0.0, 0.0, 0.0, 0.0, 0.0, 0.0, 0.0, 0.0, 0.0, 0.0, 0.0, 0.0], [0.0, 1.0092667408167237, 0.0, 0.9324276174610913, 0.0, 0.0, 0.0, 0.0, 0.0, 0.0, 0.0, 0.0, 0.0, 0.0, 0.0, 0.0, 0.0, 0.0, 0.0, 0.0, 0.0, 0.0, 0.0, 0.0, 0.0, 0.0, 0.9672381193690969, 0.9660449388990981, 0.0, 0.0, 0.0, 0.0, 0.0, 0.0, 0.0, 0.0, 0.0, 0.0, 0.0, 0.0, 0.0, 0.0], [0.0, 0.0, 0.9324276174610913, 0.0, 1.749036712020586, 0.9358107084475723, 0.0, 0.0, 0.0, 0.0, 0.0, 0.0, 0.0, 0.0, 0.0, 0.0, 0.0, 0.0, 0.0, 0.0, 0.0, 0.0, 0.0, 0.0, 0.0, 0.0, 0.0, 0.0, 0.0, 0.0, 0.0, 0.0, 0.0, 0.0, 0.0, 0.0, 0.0, 0.0, 0.0, 0.0, 0.0, 0.0], [0.0, 0.0, 0.0, 1.749036712020586, 0.0, 0.0, 0.0, 0.0, 0.0, 0.0, 0.0, 0.0, 0.0, 0.0, 0.0, 0.0, 0.0, 0.0, 0.0, 0.0, 0.0, 0.0, 0.0, 0.0, 0.0, 0.0, 0.0, 0.0, 0.0, 0.0, 0.0, 0.0, 0.0, 0.0, 0.0, 0.0, 0.0, 0.0, 0.0, 0.0, 0.0, 0.0], [0.0, 0.0, 0.0, 0.9358107084475723, 0.0, 0.0, 0.9847640618722923, 0.0, 0.0, 0.0, 0.0, 0.0, 0.0, 0.0, 0.0, 0.0, 0.0, 0.0, 0.0, 0.0, 0.0, 0.0, 0.0, 0.0, 0.0, 0.0, 0.0, 0.0, 0.9674528919589562, 0.9664541973863896, 0.0, 0.0, 0.0, 0.0, 0.0, 0.0, 0.0, 0.0, 0.0, 0.0, 0.0, 0.0], [0.0, 0.0, 0.0, 0.0, 0.0, 0.9847640618722923, 0.0, 0.9815762904839889, 0.0, 0.9802498137547843, 0.0, 0.0, 0.0, 0.0, 0.0, 0.0, 0.0, 0.0, 0.0, 0.0, 0.0, 0.0, 0.0, 0.0, 0.0, 0.0, 0.0, 0.0, 0.0, 0.0, 0.9596521249264585, 0.0, 0.0, 0.0, 0.0, 0.0, 0.0, 0.0, 0.0, 0.0, 0.0, 0.0], [0.0, 0.0, 0.0, 0.0, 0.0, 0.0, 0.9815762904839889, 0.0, 1.0089869004566798, 0.0, 0.0, 0.0, 0.0, 0.0, 0.0, 0.0, 0.0, 0.0, 0.0, 0.0, 0.0, 0.0, 0.0, 0.0, 0.0, 0.0, 0.0, 0.0, 0.0, 0.0, 0.0, 0.9696837250291382, 0.9710203907327121, 0.0, 0.0, 0.0, 0.0, 0.0, 0.0, 0.0, 0.0, 0.0], [0.0, 0.0, 0.0, 0.0, 0.0, 0.0, 0.0, 1.0089869004566798, 0.0, 0.0, 0.0, 0.0, 0.0, 0.0, 0.0, 0.0, 0.0, 0.0, 0.0, 0.0, 0.0, 0.0, 0.0, 0.0, 0.0, 0.0, 0.0, 0.0, 0.0, 0.0, 0.0, 0.0, 0.0, 0.8665270615624179, 0.0, 0.0, 0.0, 0.0, 0.0, 0.0, 0.0, 0.0], [0.0, 0.0, 0.0, 0.0, 0.0, 0.0, 0.9802498137547843, 0.0, 0.0, 0.0, 1.2144857953083907, 0.19306210560150755, 0.0, 0.0, 0.0, 0.0, 0.0, 0.0, 0.0, 0.0, 0.0, 0.0, 0.0, 0.0, 0.0, 0.0, 0.0, 0.0, 0.0, 0.0, 0.0, 0.0, 0.0, 0.0, 0.9347779928858401, 0.0, 0.0, 0.0, 0.0, 0.0, 0.0, 0.0], [0.0, 0.0, 0.0, 0.0, 0.0, 0.0, 0.0, 0.0, 0.0, 1.2144857953083907, 0.0, 1.6646697723748516, 1.0190645996063332, 0.0, 0.0, 0.0, 0.0, 0.0, 0.0, 0.0, 0.0, 0.0, 0.0, 0.0, 0.0, 0.0, 0.0, 0.0, 0.0, 0.0, 0.0, 0.0, 0.0, 0.0, 0.0, 0.0, 0.0, 0.0, 0.0, 0.0, 0.0, 0.0], [0.0, 0.0, 0.0, 0.0, 0.0, 0.0, 0.0, 0.0, 0.0, 0.19306210560150755, 1.6646697723748516, 0.0, 0.0, 0.0, 0.0, 0.0, 0.0, 0.0, 0.0, 0.0, 0.0, 0.0, 0.0, 0.0, 0.0, 0.0, 0.0, 0.0, 0.0, 0.0, 0.0, 0.0, 0.0, 0.0, 0.0, 0.0, 0.0, 0.0, 0.0, 0.0, 0.0, 0.0], [0.0, 0.0, 0.0, 0.0, 0.0, 0.0, 0.0, 0.0, 0.0, 0.0, 1.0190645996063332, 0.0, 0.0, 1.837445771981018, 0.0, 0.0, 0.0, 0.0, 0.0, 0.0, 0.0, 0.0, 0.0, 0.0, 0.0, 0.0, 0.0, 0.0, 0.0, 0.0, 0.0, 0.0, 0.0, 0.0, 0.0, 0.9640359403909053, 0.0, 0.0, 0.0, 0.0, 0.0, 0.0], [0.0, 0.0, 0.0, 0.0, 0.0, 0.0, 0.0, 0.0, 0.0, 0.0, 0.0, 0.0, 1.837445771981018, 0.0, 1.0688374192840027, 0.0, 0.0, 0.0, 0.0, 0.0, 0.0, 0.0, 0.0, 0.0, 0.0, 0.0, 0.0, 0.0, 0.0, 0.0, 0.0, 0.0, 0.0, 0.0, 0.0, 0.0, 0.9430073715718805, 0.0, 0.0, 0.0, 0.0, 0.0], [0.0, 0.0, 0.0, 0.0, 0.0, 0.0, 0.0, 0.0, 0.0, 0.0, 0.0, 0.0, 0.0, 1.0688374192840027, 0.0, 1.6117260913734028, 0.0, 0.0, 0.0, 0.0, 0.0, 1.0237941411685638, 0.0, 0.0, 0.0, 0.0, 0.0, 0.0, 0.0, 0.0, 0.0, 0.0, 0.0, 0.0, 0.0, 0.0, 0.0, 0.0, 0.0, 0.0, 0.0, 0.0], [0.0, 0.0, 0.0, 0.0, 0.0, 0.0, 0.0, 0.0, 0.0, 0.0, 0.0, 0.0, 0.0, 0.0, 1.6117260913734028, 0.0, 1.0238088918185493, 1.1474911016676328, 0.0, 0.0, 0.0, 0.0, 0.0, 0.0, 0.0, 0.0, 0.0, 0.0, 0.0, 0.0, 0.0, 0.0, 0.0, 0.0, 0.0, 0.0, 0.0, 0.0, 0.0, 0.0, 0.0, 0.0], [0.0, 0.0, 0.0, 0.0, 0.0, 0.0, 0.0, 0.0, 0.0, 0.0, 0.0, 0.0, 0.0, 0.0, 0.0, 1.0238088918185493, 0.0, 0.0, 0.0, 0.0, 0.0, 0.0, 0.0, 0.0, 0.0, 0.0, 0.0, 0.0, 0.0, 0.0, 0.0, 0.0, 0.0, 0.0, 0.0, 0.0, 0.0, 0.9705054380426378, 0.9629131697345008, 0.9785312595923494, 0.0, 0.0], [0.0, 0.0, 0.0, 0.0, 0.0, 0.0, 0.0, 0.0, 0.0, 0.0, 0.0, 0.0, 0.0, 0.0, 0.0, 1.1474911016676328, 0.0, 0.0, 1.1388643824497202, 0.1348532653422979, 0.0, 0.0, 0.0, 0.0, 0.0, 0.0, 0.0, 0.0, 0.0, 0.0, 0.0, 0.0, 0.0, 0.0, 0.0, 0.0, 0.0, 0.0, 0.0, 0.0, 0.9230172899343699, 0.0], [0.0, 0.0, 0.0, 0.0, 0.0, 0.0, 0.0, 0.0, 0.0, 0.0, 0.0, 0.0, 0.0, 0.0, 0.0, 0.0, 0.0, 1.1388643824497202, 0.0, 1.6227548895287824, 1.1386708793868947, 0.0, 0.0, 0.0, 0.0, 0.0, 0.0, 0.0, 0.0, 0.0, 0.0, 0.0, 0.0, 0.0, 0.0, 0.0, 0.0, 0.0, 0.0, 0.0, 0.0, 0.0], [0.0, 0.0, 0.0, 0.0, 0.0, 0.0, 0.0, 0.0, 0.0, 0.0, 0.0, 0.0, 0.0, 0.0, 0.0, 0.0, 0.0, 0.1348532653422979, 1.6227548895287824, 0.0, 0.1298251133665416, 0.0, 0.0, 0.0, 0.0, 0.0, 0.0, 0.0, 0.0, 0.0, 0.0, 0.0, 0.0, 0.0, 0.0, 0.0, 0.0, 0.0, 0.0, 0.0, 0.0, 0.0], [0.0, 0.0, 0.0, 0.0, 0.0, 0.0, 0.0, 0.0, 0.0, 0.0, 0.0, 0.0, 0.0, 0.0, 0.0, 0.0, 0.0, 0.0, 1.1386708793868947, 0.1298251133665416, 0.0, 1.1379401338072708, 0.14067852105512466, 0.0, 0.0, 0.0, 0.0, 0.0, 0.0, 0.0, 0.0, 0.0, 0.0, 0.0, 0.0, 0.0, 0.0, 0.0, 0.0, 0.0, 0.0, 0.9129159270122111], [0.0, 0.0, 0.0, 0.0, 0.0, 0.0, 0.0, 0.0, 0.0, 0.0, 0.0, 0.0, 0.0, 0.0, 1.0237941411685638, 0.0, 0.0, 0.0, 0.0, 0.0, 1.1379401338072708, 0.0, 1.6888352223331133, 0.0, 0.0, 0.0, 0.0, 0.0, 0.0, 0.0, 0.0, 0.0, 0.0, 0.0, 0.0, 0.0, 0.0, 0.0, 0.0, 0.0, 0.0, 0.0], [0.0, 0.0, 0.0, 0.0, 0.0, 0.0, 0.0, 0.0, 0.0, 0.0, 0.0, 0.0, 0.0, 0.0, 0.0, 0.0, 0.0, 0.0, 0.0, 0.0, 0.14067852105512466, 1.6888352223331133, 0.0, 0.0, 0.0, 0.0, 0.0, 0.0, 0.0, 0.0, 0.0, 0.0, 0.0, 0.0, 0.0, 0.0, 0.0, 0.0, 0.0, 0.0, 0.0, 0.0], [0.9818675338925786, 0.0, 0.0, 0.0, 0.0, 0.0, 0.0, 0.0, 0.0, 0.0, 0.0, 0.0, 0.0, 0.0, 0.0, 0.0, 0.0, 0.0, 0.0, 0.0, 0.0, 0.0, 0.0, 0.0, 0.0, 0.0, 0.0, 0.0, 0.0, 0.0, 0.0, 0.0, 0.0, 0.0, 0.0, 0.0, 0.0, 0.0, 0.0, 0.0, 0.0, 0.0], [0.9818785956262198, 0.0, 0.0, 0.0, 0.0, 0.0, 0.0, 0.0, 0.0, 0.0, 0.0, 0.0, 0.0, 0.0, 0.0, 0.0, 0.0, 0.0, 0.0, 0.0, 0.0, 0.0, 0.0, 0.0, 0.0, 0.0, 0.0, 0.0, 0.0, 0.0, 0.0, 0.0, 0.0, 0.0, 0.0, 0.0, 0.0, 0.0, 0.0, 0.0, 0.0, 0.0], [0.9795913791157184, 0.0, 0.0, 0.0, 0.0, 0.0, 0.0, 0.0, 0.0, 0.0, 0.0, 0.0, 0.0, 0.0, 0.0, 0.0, 0.0, 0.0, 0.0, 0.0, 0.0, 0.0, 0.0, 0.0, 0.0, 0.0, 0.0, 0.0, 0.0, 0.0, 0.0, 0.0, 0.0, 0.0, 0.0, 0.0, 0.0, 0.0, 0.0, 0.0, 0.0, 0.0], [0.0, 0.0, 0.9672381193690969, 0.0, 0.0, 0.0, 0.0, 0.0, 0.0, 0.0, 0.0, 0.0, 0.0, 0.0, 0.0, 0.0, 0.0, 0.0, 0.0, 0.0, 0.0, 0.0, 0.0, 0.0, 0.0, 0.0, 0.0, 0.0, 0.0, 0.0, 0.0, 0.0, 0.0, 0.0, 0.0, 0.0, 0.0, 0.0, 0.0, 0.0, 0.0, 0.0], [0.0, 0.0, 0.9660449388990981, 0.0, 0.0, 0.0, 0.0, 0.0, 0.0, 0.0, 0.0, 0.0, 0.0, 0.0, 0.0, 0.0, 0.0, 0.0, 0.0, 0.0, 0.0, 0.0, 0.0, 0.0, 0.0, 0.0, 0.0, 0.0, 0.0, 0.0, 0.0, 0.0, 0.0, 0.0, 0.0, 0.0, 0.0, 0.0, 0.0, 0.0, 0.0, 0.0], [0.0, 0.0, 0.0, 0.0, 0.0, 0.9674528919589562, 0.0, 0.0, 0.0, 0.0, 0.0, 0.0, 0.0, 0.0, 0.0, 0.0, 0.0, 0.0, 0.0, 0.0, 0.0, 0.0, 0.0, 0.0, 0.0, 0.0, 0.0, 0.0, 0.0, 0.0, 0.0, 0.0, 0.0, 0.0, 0.0, 0.0, 0.0, 0.0, 0.0, 0.0, 0.0, 0.0], [0.0, 0.0, 0.0, 0.0, 0.0, 0.9664541973863896, 0.0, 0.0, 0.0, 0.0, 0.0, 0.0, 0.0, 0.0, 0.0, 0.0, 0.0, 0.0, 0.0, 0.0, 0.0, 0.0, 0.0, 0.0, 0.0, 0.0, 0.0, 0.0, 0.0, 0.0, 0.0, 0.0, 0.0, 0.0, 0.0, 0.0, 0.0, 0.0, 0.0, 0.0, 0.0, 0.0], [0.0, 0.0, 0.0, 0.0, 0.0, 0.0, 0.9596521249264585, 0.0, 0.0, 0.0, 0.0, 0.0, 0.0, 0.0, 0.0, 0.0, 0.0, 0.0, 0.0, 0.0, 0.0, 0.0, 0.0, 0.0, 0.0, 0.0, 0.0, 0.0, 0.0, 0.0, 0.0, 0.0, 0.0, 0.0, 0.0, 0.0, 0.0, 0.0, 0.0, 0.0, 0.0, 0.0], [0.0, 0.0, 0.0, 0.0, 0.0, 0.0, 0.0, 0.9696837250291382, 0.0, 0.0, 0.0, 0.0, 0.0, 0.0, 0.0, 0.0, 0.0, 0.0, 0.0, 0.0, 0.0, 0.0, 0.0, 0.0, 0.0, 0.0, 0.0, 0.0, 0.0, 0.0, 0.0, 0.0, 0.0, 0.0, 0.0, 0.0, 0.0, 0.0, 0.0, 0.0, 0.0, 0.0], [0.0, 0.0, 0.0, 0.0, 0.0, 0.0, 0.0, 0.9710203907327121, 0.0, 0.0, 0.0, 0.0, 0.0, 0.0, 0.0, 0.0, 0.0, 0.0, 0.0, 0.0, 0.0, 0.0, 0.0, 0.0, 0.0, 0.0, 0.0, 0.0, 0.0, 0.0, 0.0, 0.0, 0.0, 0.0, 0.0, 0.0, 0.0, 0.0, 0.0, 0.0, 0.0, 0.0], [0.0, 0.0, 0.0, 0.0, 0.0, 0.0, 0.0, 0.0, 0.8665270615624179, 0.0, 0.0, 0.0, 0.0, 0.0, 0.0, 0.0, 0.0, 0.0, 0.0, 0.0, 0.0, 0.0, 0.0, 0.0, 0.0, 0.0, 0.0, 0.0, 0.0, 0.0, 0.0, 0.0, 0.0, 0.0, 0.0, 0.0, 0.0, 0.0, 0.0, 0.0, 0.0, 0.0], [0.0, 0.0, 0.0, 0.0, 0.0, 0.0, 0.0, 0.0, 0.0, 0.9347779928858401, 0.0, 0.0, 0.0, 0.0, 0.0, 0.0, 0.0, 0.0, 0.0, 0.0, 0.0, 0.0, 0.0, 0.0, 0.0, 0.0, 0.0, 0.0, 0.0, 0.0, 0.0, 0.0, 0.0, 0.0, 0.0, 0.0, 0.0, 0.0, 0.0, 0.0, 0.0, 0.0], [0.0, 0.0, 0.0, 0.0, 0.0, 0.0, 0.0, 0.0, 0.0, 0.0, 0.0, 0.0, 0.9640359403909053, 0.0, 0.0, 0.0, 0.0, 0.0, 0.0, 0.0, 0.0, 0.0, 0.0, 0.0, 0.0, 0.0, 0.0, 0.0, 0.0, 0.0, 0.0, 0.0, 0.0, 0.0, 0.0, 0.0, 0.0, 0.0, 0.0, 0.0, 0.0, 0.0], [0.0, 0.0, 0.0, 0.0, 0.0, 0.0, 0.0, 0.0, 0.0, 0.0, 0.0, 0.0, 0.0, 0.9430073715718805, 0.0, 0.0, 0.0, 0.0, 0.0, 0.0, 0.0, 0.0, 0.0, 0.0, 0.0, 0.0, 0.0, 0.0, 0.0, 0.0, 0.0, 0.0, 0.0, 0.0, 0.0, 0.0, 0.0, 0.0, 0.0, 0.0, 0.0, 0.0], [0.0, 0.0, 0.0, 0.0, 0.0, 0.0, 0.0, 0.0, 0.0, 0.0, 0.0, 0.0, 0.0, 0.0, 0.0, 0.0, 0.9705054380426378, 0.0, 0.0, 0.0, 0.0, 0.0, 0.0, 0.0, 0.0, 0.0, 0.0, 0.0, 0.0, 0.0, 0.0, 0.0, 0.0, 0.0, 0.0, 0.0, 0.0, 0.0, 0.0, 0.0, 0.0, 0.0], [0.0, 0.0, 0.0, 0.0, 0.0, 0.0, 0.0, 0.0, 0.0, 0.0, 0.0, 0.0, 0.0, 0.0, 0.0, 0.0, 0.9629131697345008, 0.0, 0.0, 0.0, 0.0, 0.0, 0.0, 0.0, 0.0, 0.0, 0.0, 0.0, 0.0, 0.0, 0.0, 0.0, 0.0, 0.0, 0.0, 0.0, 0.0, 0.0, 0.0, 0.0, 0.0, 0.0], [0.0, 0.0, 0.0, 0.0, 0.0, 0.0, 0.0, 0.0, 0.0, 0.0, 0.0, 0.0, 0.0, 0.0, 0.0, 0.0, 0.9785312595923494, 0.0, 0.0, 0.0, 0.0, 0.0, 0.0, 0.0, 0.0, 0.0, 0.0, 0.0, 0.0, 0.0, 0.0, 0.0, 0.0, 0.0, 0.0, 0.0, 0.0, 0.0, 0.0, 0.0, 0.0, 0.0], [0.0, 0.0, 0.0, 0.0, 0.0, 0.0, 0.0, 0.0, 0.0, 0.0, 0.0, 0.0, 0.0, 0.0, 0.0, 0.0, 0.0, 0.9230172899343699, 0.0, 0.0, 0.0, 0.0, 0.0, 0.0, 0.0, 0.0, 0.0, 0.0, 0.0, 0.0, 0.0, 0.0, 0.0, 0.0, 0.0, 0.0, 0.0, 0.0, 0.0, 0.0, 0.0, 0.0], [0.0, 0.0, 0.0, 0.0, 0.0, 0.0, 0.0, 0.0, 0.0, 0.0, 0.0, 0.0, 0.0, 0.0, 0.0, 0.0, 0.0, 0.0, 0.0, 0.0, 0.9129159270122111, 0.0, 0.0, 0.0, 0.0, 0.0, 0.0, 0.0, 0.0, 0.0, 0.0, 0.0, 0.0, 0.0, 0.0, 0.0, 0.0, 0.0, 0.0, 0.0, 0.0, 0.0]], "Born radii": [], "Atomic SASAs": [], "Solvent H bonds": [], "Total SASA": NaN, "Total FOD": 0.0, "FOD": [0.0, 0.0, 0.0, 0.0, 0.0, 0.0, 0.0, 0.0, 0.0, 0.0, 0.0, 0.0, 0.0, 0.0, 0.0, 0.0, 0.0, 0.0, 0.0, 0.0, 0.0, 0.0, 0.0, 0.0, 0.0, 0.0, 0.0, 0.0, 0.0, 0.0, 0.0, 0.0, 0.0, 0.0, 0.0, 0.0, 0.0, 0.0, 0.0, 0.0, 0.0, 0.0], "FOD s proportion": [0.0, 0.0, 0.0, 0.0, 0.0, 0.0, 0.0, 0.0, 0.0, 0.0, 0.0, 0.0, 0.0, 0.0, 0.0, 0.0, 0.0, 0.0, 0.0, 0.0, 0.0, 0.0, 0.0, 0.0, 0.0, 0.0, 0.0, 0.0, 0.0, 0.0, 0.0, 0.0, 0.0, 0.0, 0.0, 0.0, 0.0, 0.0, 0.0, 0.0, 0.0, 0.0], "FOD p proportion": [0.0, 0.0, 0.0, 0.0, 0.0, 0.0, 0.0, 0.0, 0.0, 0.0, 0.0, 0.0, 0.0, 0.0, 0.0, 0.0, 0.0, 0.0, 0.0, 0.0, 0.0, 0.0, 0.0, 0.0, 0.0, 0.0, 0.0, 0.0, 0.0, 0.0, 0.0, 0.0, 0.0, 0.0, 0.0, 0.0, 0.0, 0.0, 0.0, 0.0, 0.0, 0.0], "FOD d proportion": [0.0, 0.0, 0.0, 0.0, 0.0, 0.0, 0.0, 0.0, 0.0, 0.0, 0.0, 0.0, 0.0, 0.0, 0.0, 0.0, 0.0, 0.0, 0.0, 0.0, 0.0, 0.0, 0.0, 0.0, 0.0, 0.0, 0.0, 0.0, 0.0, 0.0, 0.0, 0.0, 0.0, 0.0, 0.0, 0.0, 0.0, 0.0, 0.0, 0.0, 0.0, 0.0], "coordinates": [["7.05200", "-2.48950", "-0.52310"], ["5.82150", "-3.27790", "-1.59310"], ["4.31250", "-2.50380", "-0.94310"], ["4.18080", "-0.72400", "-1.31580"], ["5.06690", "0.01950", "-0.35340"], ["2.48190", "-0.54210", "-0.68790"], ["1.91110", "0.86630", "-0.92260"], ["2.78100", "2.01330", "-0.37460"], ["3.17310", "1.75370", "0.97170"], ["0.57880", "0.95600", "-0.30670"], ["-0.51600", "0.34810", "-0.86280"], ["-0.49670", "-0.24250", "-1.93400"], ["-1.73090", "0.46050", "-0.02250"], ["-2.81200", "-0.27660", "-0.32040"], ["-4.04840", "-0.26950", "0.44350"], ["-4.83560", "0.80850", "0.64610"], ["-4.59230", "2.18550", "0.08760"], ["-5.98540", "0.69430", "1.39570"], ["-6.43160", "-0.46150", "1.96600"], ["-7.46660", "-0.50160", "2.62170"], ["-5.65790", "-1.55920", "1.75520"], ["-4.50460", "-1.57880", "1.02570"], ["-3.87150", "-2.61910", "0.86490"], ["6.74730", "-2.54270", "0.52520"], ["7.21120", "-1.44940", "-0.81560"], ["8.00300", "-3.01830", "-0.63140"], ["3.46360", "-3.00570", "-1.41610"], ["4.24340", "-2.65420", "0.13820"], ["1.86010", "-1.28580", "-1.19740"], ["2.48480", "-0.79230", "0.37920"], ["1.77830", "1.02620", "-2.00030"], ["2.21870", "2.95380", "-0.37870"], ["3.67670", "2.17550", "-0.98300"], ["4.02060", "1.26030", "0.90660"], ["0.54740", "1.28980", "0.65060"], ["-1.71340", "1.14290", "0.81760"], ["-2.77880", "-0.99220", "-1.14280"], ["-5.50890", "2.57930", "-0.36650"], ["-4.28630", "2.86780", "0.88760"], ["-3.82600", "2.20650", "-0.69180"], ["-6.58030", "1.50170", "1.54790"], ["-5.97140", "-2.43040", "2.15250"]], "bond_dist": [[0.0, 1.8112439951591275, 2.7715455507712656, 3.4625356286975593, 3.203826009632857, 4.97044664089657, 6.152222907210043, 6.207954662366664, 5.94012108378272, 7.336253638608741, 8.08962260244568, 8.00140734496126, 9.27860079807295, 10.111207133671034, 11.361408175045907, 12.39188712020893, 12.562575451713712, 13.55699725750507, 13.860586992259742, 14.98770360695727, 12.945951760685654, 11.695433275000973, 11.01209300768932, 1.0929799723691187, 1.0921121279429142, 1.0935078097572055, 3.733701380667714, 2.8900999532888125, 5.372094544030289, 4.955194140495405, 6.508008759981811, 7.280875987132318, 5.776364176538733, 5.029356627840185, 7.613836177643961, 9.582486285406308, 9.963461447709827, 13.545976000643144, 12.619341689248294, 11.849546813697138, 14.354731684361084, 13.295535932409795], [1.8112439951591275, 0.0, 1.8162631444809973, 3.0481464843409345, 3.6026551333703867, 4.4109995284515735, 5.737176313309536, 6.22303623161556, 6.23772555984952, 6.8605129152272575, 7.33792343514158, 7.017800026361538, 8.572115531185986, 9.228482498764354, 10.517277981017713, 11.631270868224158, 11.879424333274741, 12.81070590912148, 13.066666039200664, 14.214287964579865, 12.080631893241346, 10.787650136151061, 10.021478455796831, 2.4258647056256044, 2.424702990058782, 2.3981662369402166, 2.3801500477911053, 2.424211416110402, 4.451711003647924, 4.604534888563665, 5.919337369165573, 7.299932882568168, 5.8916857188753715, 5.485161815297704, 7.3289974614540565, 9.062541869696382, 8.910238754938053, 12.813637405514486, 12.086816033182602, 11.13396790457023, 13.657053137481748, 12.402429843381498], [2.7715455507712656, 1.8162631444809973, 0.0, 1.823167085047336, 2.698871679054045, 2.6952718397222943, 4.138202051616136, 4.803423457285439, 4.805309318868037, 5.1298866157060425, 5.608403868303352, 5.405900955437493, 6.793913629860186, 7.490438931064053, 8.764667983443527, 9.85822608484914, 10.116686217334212, 11.033792342617293, 11.3167812080114, 12.468512368763164, 10.372172781534251, 9.081467439241305, 8.382124676357423, 2.8435311041027846, 3.087147113436611, 3.7392054490225597, 1.0937384605105553, 1.0938942636288027, 2.7499924090804324, 2.8316420730735024, 4.472218854215433, 5.872643660226627, 4.7224656843644714, 4.204169895472827, 5.577388157551884, 7.260162270225095, 7.253368206564451, 11.073855296598381, 10.302665212943689, 9.40666040792374, 11.870223379953725, 10.739959316962052], [3.4625356286975593, 3.0481464843409345, 1.823167085047336, 0.0, 1.50471898373085, 1.820331626380204, 2.799142443678063, 3.2152929524383933, 3.5195330414701322, 4.100620295760142, 4.838857060298434, 4.742680649168779, 6.16634916543006, 7.077445850022449, 8.42742187029936, 9.35377340007764, 9.348903968915286, 10.616752308498112, 11.111352359186528, 12.296962827056118, 10.340629464882687, 9.036010095722558, 8.554904545931532, 3.6447047809116175, 3.1559038895378295, 4.510147302472504, 2.3938652468340815, 2.4173760154349178, 2.390666494933996, 2.3987717461234195, 3.0502043439743507, 4.272494079574599, 2.961751660757532, 2.983650832453422, 4.5960542816637835, 6.540512580065877, 6.96691412319687, 10.28120846350272, 9.457683712727972, 8.54903810320202, 11.355870349295115, 10.863151968466612], [3.203826009632857, 3.6026551333703867, 2.698871679054045, 1.50471898373085, 0.0, 2.666366405803974, 3.3166447684369214, 3.0333194177336487, 2.889605178912857, 4.585003244273661, 5.61571355483878, 5.789696479091111, 6.820121747447036, 7.884531020929526, 9.154630779010152, 9.98403863674415, 9.908894067452735, 11.210175785419246, 11.739952283122788, 12.89229954158683, 11.0435421260572, 9.80153518332715, 9.399013746665126, 3.1875619146927954, 2.6399466926436217, 4.233933874070306, 3.584931968671093, 2.8405095493590578, 3.5636652943282994, 2.804097432330054, 3.813215763630483, 4.089376458581431, 2.64147462603751, 2.0547331529909183, 4.80078726252268, 6.971781454549475, 7.949949543236109, 10.881189883923541, 9.855721390644117, 9.164123197011268, 11.894079467113041, 11.58126123140308], [4.97044664089657, 4.4109995284515735, 2.6952718397222943, 1.820331626380204, 2.666366405803974, 0.0, 1.5376889444877984, 2.5918500843991734, 2.915943627712991, 2.451817011932171, 3.1321638622524204, 3.242619825079715, 4.381283802722668, 5.313278056906113, 6.633188886953244, 7.559727680941954, 7.621384890556308, 8.80711321659941, 9.30054642588273, 10.484643277670441, 8.559180688593973, 7.267898877942648, 6.8622742877270655, 4.864940814645127, 4.817237701214255, 6.051223339127387, 2.750151830354099, 2.8716353999071678, 1.0951324942672462, 1.0960432746931117, 2.1626399631006548, 3.5194027462056683, 2.9832835617822187, 2.8563392130487584, 2.9815650437312278, 4.765112521231791, 5.299480022605992, 8.584830840500004, 7.740681462248657, 6.880728128621272, 9.555071371789957, 9.11547200862358], [6.152222907210043, 5.737176313309536, 4.138202051616136, 2.799142443678063, 3.3166447684369214, 1.5376889444877984, 0.0, 1.5403373039694912, 2.4430503985796115, 1.4705108602115116, 2.4825232506464063, 2.8372289720782145, 3.773462289463087, 4.896584407523268, 6.218674384464908, 6.926912834733812, 6.712302454448846, 8.231574037813182, 8.92791723135917, 10.118026990970126, 8.387098669385022, 7.136917639289387, 6.98438488129055, 6.0914888393561055, 5.784892004177778, 7.230916968822142, 4.200735947426355, 4.354175028636309, 2.170172907857805, 2.1851244564097487, 1.0975614515825527, 2.179013818221445, 2.1988624695510177, 2.8197870291920983, 2.1246148309752524, 4.030112138638328, 5.049521987277607, 7.635444729025284, 6.759481714599131, 5.896076754079783, 8.866283176731951, 9.08065400453073], [6.207954662366664, 6.22303623161556, 4.803423457285439, 3.2152929524383933, 3.0333194177336487, 2.5918500843991734, 1.5403373039694912, 0.0, 1.4260639045989487, 2.4438041124443672, 3.7257803585289353, 4.273602612550681, 4.784600700162972, 6.043858754967723, 7.247148943550146, 7.778558162667423, 7.389779060973338, 9.040104648177477, 9.822170949438826, 10.968857801065706, 9.408179287194733, 8.242814438042386, 8.200685718889611, 6.107234376540661, 5.640163502062683, 7.256185554408046, 5.17117259526309, 4.918041668184604, 3.52265772677392, 2.9201609955617176, 2.1500405089207044, 1.0957820723118261, 1.0948688916943432, 1.9352236563250251, 2.5619243255802853, 4.730599154441221, 6.366673977046414, 8.309203549077372, 7.229802789841504, 6.6174308519243334, 9.570354147052239, 10.13593655564201], [5.94012108378272, 6.23772555984952, 4.805309318868037, 3.5195330414701322, 2.889605178912857, 2.915943627712991, 2.4430503985796115, 1.4260639045989487, 0.0, 3.000170718475867, 4.353224140794958, 5.088746306311604, 5.168173360095421, 6.450818747259916, 7.518137783387585, 8.070854607165217, 7.827484986251969, 9.22931344196306, 9.906866589391422, 11.000549721718455, 9.464446083104917, 8.36991932697084, 8.292115245219401, 5.606542682438082, 5.455322402021717, 6.976377829504363, 5.332716704457495, 4.611924408530565, 3.9582223358472426, 2.703133207964417, 3.362663719434342, 2.0432081465186065, 2.0621300371218103, 0.982821357114303, 2.685630076909327, 4.92693674609285, 6.887393604985852, 8.823237421717721, 7.542608300846597, 7.208304994934663, 9.773654485401046, 10.125357361594702], [7.336253638608741, 6.8605129152272575, 5.1298866157060425, 4.100620295760142, 4.585003244273661, 2.451817011932171, 1.4705108602115116, 2.4438041124443672, 3.000170718475867, 0.0, 1.3701739524600516, 2.289368426007487, 2.379286443453163, 3.6079100723271913, 4.8451656452592005, 5.4995737516647605, 5.329860969106043, 6.786411002142444, 7.504677188260666, 8.684963182420521, 7.033782022496859, 5.83450566543559, 5.827448554899477, 7.140262708752389, 7.073447400666806, 8.4272911555256, 5.024729474310035, 5.163407131923648, 2.7314361460594316, 2.675789173309437, 2.076537803652994, 2.585664489062725, 3.3972851440525274, 3.6620598875496286, 1.0143134081732332, 2.559914635295482, 3.9708971542964946, 6.300696010759446, 5.361952045663966, 4.595031588574773, 7.415527119497305, 7.773061793141747], [8.08962260244568, 7.33792343514158, 5.608403868303352, 4.838857060298434, 5.61571355483878, 3.1321638622524204, 2.4825232506464063, 3.7257803585289353, 4.353224140794958, 1.3701739524600516, 0.0, 1.2233765936946808, 1.481458693315477, 2.4405048350699903, 3.816503532030332, 4.598661928213468, 4.571161844651751, 5.927479485413678, 6.606957314831087, 7.821417435478047, 6.077076015650948, 4.815423742517371, 4.800896101771002, 7.939697445746909, 7.9336532524430385, 9.162944718811742, 5.233672848965629, 5.7155659955948375, 2.9030049224897985, 3.442074490768612, 2.649063674206417, 3.8082291672114486, 4.575212791772641, 4.954152274607635, 2.075571730873207, 2.2111576063229865, 2.644819073207088, 5.491230967642865, 4.860859012561463, 3.7998673082095906, 6.627065862053885, 6.824476939663581], [8.00140734496126, 7.017800026361538, 5.405900955437493, 4.742680649168779, 5.789696479091111, 3.242619825079715, 2.8372289720782145, 4.273602612550681, 5.088746306311604, 2.289368426007487, 1.2233765936946808, 0.0, 2.38144722595316, 2.822318525609751, 4.274085649586353, 5.156313627001368, 5.172619251404456, 6.487705605219769, 7.104998171006099, 8.330728738231727, 6.4793426340949125, 5.1583703036908855, 4.987117785855874, 7.988374094895656, 7.881570184931426, 9.035858149063653, 4.856693395716885, 5.707789216500553, 2.680589616110605, 3.813465160454465, 2.605690000748362, 4.473107302535901, 4.916135937908959, 5.543772676616529, 3.180918933264411, 3.3122491769189106, 2.5290369590023785, 5.961691062945144, 5.6565414176862525, 4.315657577936414, 7.223299122284775, 7.173473966635692], [9.27860079807295, 8.572115531185986, 6.793913629860186, 6.16634916543006, 6.820121747447036, 4.381283802722668, 3.773462289463087, 4.784600700162972, 5.168173360095421, 2.379286443453163, 1.481458693315477, 2.38144722595316, 0.0, 1.3419530654981937, 2.4740376411849514, 3.1948852952805677, 3.34295632188038, 4.490737570822859, 5.1865978000997925, 6.388715406089083, 4.760329230210868, 3.598733029831471, 3.8540346755056576, 9.011052145559919, 9.178119525807016, 10.354787195302471, 6.3983977408410615, 6.739394710951422, 4.162359270894333, 4.41621978846162, 4.067701312780967, 4.684310353723374, 5.753774674941661, 5.880702262485324, 2.516237864352256, 1.0824712559694136, 2.1127005916598787, 4.345219607798897, 3.6267677703431738, 2.8081884730195728, 5.2025891592552265, 5.574026198359674], [10.111207133671034, 9.228482498764354, 7.490438931064053, 7.077445850022449, 7.884531020929526, 5.313278056906113, 4.896584407523268, 6.043858754967723, 6.450818747259916, 3.6079100723271913, 2.4405048350699903, 2.822318525609751, 1.3419530654981937, 0.0, 1.4533680125831863, 2.4912890679325033, 3.06559431432145, 3.736055885556318, 4.285244115566814, 5.511068732106324, 3.748643078501873, 2.524401871731203, 2.8310391360770693, 9.860550951138583, 10.103723131598569, 11.16144546597796, 6.930490650740393, 7.459354186523121, 4.859643201923368, 5.367632335583353, 5.058676303144925, 5.978864903976339, 6.968146156618703, 7.10999390787362, 3.8317121916970747, 2.125310850205212, 1.0906545557599803, 3.9283023852549843, 3.676965576395841, 2.7077517556083315, 4.566506396579337, 4.553668544152067], [11.361408175045907, 10.517277981017713, 8.764667983443527, 8.42742187029936, 9.154630779010152, 6.633188886953244, 6.218674384464908, 7.247148943550146, 7.518137783387585, 4.8451656452592005, 3.816503532030332, 4.274085649586353, 2.4740376411849514, 1.4533680125831863, 0.0, 1.3501165134905952, 2.5395899314653145, 2.3638029274878227, 2.834521562803854, 4.0598666098777185, 2.444253102688017, 1.503775837683263, 2.3936356719434144, 11.032735454999363, 11.39105302331615, 12.407560332716502, 8.208230418305764, 8.633304663916363, 6.215769521949797, 6.5543997871658695, 6.449917039776557, 7.095225023915732, 8.22739917957066, 8.225783284891476, 4.8575389385984336, 2.7544599416219504, 2.1565080894816973, 3.302244947001963, 3.177494690790214, 2.732936854374795, 3.2813665461206862, 3.359776601204312], [12.39188712020893, 11.631270868224158, 9.85822608484914, 9.35377340007764, 9.98403863674415, 7.559727680941954, 6.926912834733812, 7.778558162667423, 8.070854607165217, 5.4995737516647605, 4.598661928213468, 5.156313627001368, 3.1948852952805677, 2.4912890679325033, 1.3501165134905952, 0.0, 1.5057377394486733, 1.3773096383892764, 2.4294550849933407, 3.5414006226350607, 2.7408544999689424, 2.439848038300746, 3.5673244890253537, 12.058554252479855, 12.343422116252853, 13.457564952471898, 9.363627028027121, 9.730184720754279, 7.253756490950051, 7.498136595848331, 7.1270259898501855, 7.444170579722096, 8.773933388167476, 8.871542252055164, 5.40447582472158, 3.144736626491955, 3.266972595538567, 2.1481211069211157, 2.1449403791247903, 2.1825839204942388, 2.0827259949402848, 3.748300389509891], [12.562575451713712, 11.879424333274741, 10.116686217334212, 9.348903968915286, 9.908894067452735, 7.621384890556308, 6.712302454448846, 7.389779060973338, 7.827484986251969, 5.329860969106043, 4.571161844651751, 5.172619251404456, 3.34295632188038, 3.06559431432145, 2.5395899314653145, 1.5057377394486733, 0.0, 2.4239493930360845, 3.730686270647802, 4.680146334250671, 4.2354658787434465, 3.8804223210882607, 4.920155392871246, 12.293652718374634, 12.383492257840677, 13.646907251461776, 9.700886348164275, 10.07446529300687, 7.438723979957853, 7.683597322218285, 6.803517271235519, 6.870039416189692, 8.338024068087115, 8.70108053347399, 5.247453056483687, 3.1476943895492777, 3.86010928601769, 1.0961025545084728, 1.0950658838627014, 1.093215921032986, 2.559727042088668, 5.241398823787406], [13.55699725750507, 12.81070590912148, 11.033792342617293, 10.616752308498112, 11.210175785419246, 8.80711321659941, 8.231574037813182, 9.040104648177477, 9.22931344196306, 6.786411002142444, 5.927479485413678, 6.487705605219769, 4.490737570822859, 3.736055885556318, 2.3638029274878227, 1.3773096383892764, 2.4239493930360845, 0.0, 1.3638952195825018, 2.2643335112125156, 2.305376053922657, 2.7380015065737275, 3.965972946201222, 13.166532897463934, 13.551219463206994, 14.613961397581424, 10.52994872921991, 10.836148205889396, 8.496872005038089, 8.659534620867335, 8.480448767606582, 8.692588361357048, 10.060235759662893, 10.033923001996776, 6.602065593433619, 4.334215681066183, 4.42386121617756, 2.624047653911796, 2.8052109849350013, 3.362649766181426, 1.0143794211240684, 3.2150726788052557], [13.860586992259742, 13.066666039200664, 11.3167812080114, 11.111352359186528, 11.739952283122788, 9.30054642588273, 8.92791723135917, 9.822170949438826, 9.906866589391422, 7.504677188260666, 6.606957314831087, 7.104998171006099, 5.1865978000997925, 4.285244115566814, 2.834521562803854, 2.4294550849933407, 3.730686270647802, 1.3638952195825018, 0.0, 1.22587744085614, 1.3594092908318676, 2.4178197575501783, 3.524453288100156, 13.41978775130218, 13.958482611301275, 14.887625403669988, 10.762273