{"total energy": -45.5622743, "HOMO-LUMO gap/eV": 4.09314233, "electronic energy": -46.11535422, "dipole": [-0.60781412, -0.68867068, 0.11243891], "partial charges": [-0.0968244, 0.01025504, -0.18503598, 0.29643887, -0.44249755, -0.11580128, -0.00497882, -0.0141983, -0.10870698, -0.10340851, -0.00151929, -0.01178243, -0.1014124, -0.10691607, 0.03954267, 0.04216073, 0.04956955, 0.0482605, 0.06289315, 0.05436424, 0.05375215, 0.04535124, 0.03814303, 0.04192834, 0.03611945, 0.03867712, 0.03622662, 0.03302871, 0.06692433, 0.04529425, 0.02945012, 0.03338013, 0.04653578, 0.03423236, 0.03071772, 0.04024526, 0.03959065], "atomic dipole moments": [[-0.00232127, 0.05501602, 0.10443895], [-0.11842166, -0.09638599, 0.01004786], [0.022048, 0.34186414, -0.39399329], [0.03256309, -0.03239998, 0.02722041], [-0.0288651, -0.14145682, 0.11778388], [-0.04150959, -0.00838518, 0.01933443], [0.04633247, 0.0486287, -0.14120228], [-0.09239054, 0.02669266, 0.05079173], [0.00750886, 0.08074806, -0.07582892], [0.06997395, 0.01812275, 0.08013593], [0.10195488, -0.0225342, 0.13553244], [0.02676294, 0.02918686, -0.09301301], [-0.06493123, -0.08744478, -0.01967777], [0.09273469, -0.03697769, 0.04245978], [0.09808913, 0.04151548, -0.0684594], [0.01657323, -0.12567543, 0.01319631], [-0.10580861, 0.01956096, -0.07364537], [0.1065494, -0.01967851, 0.0587067], [-0.00318153, 0.1321259, -0.01553011], [-0.11830076, 0.0075302, 0.0471433], [0.0685998, 0.01518859, 0.10515621], [0.11674008, -0.01174527, -0.0514412], [0.08491515, 0.01587406, 0.09298213], [0.02320598, -0.11469719, -0.04957647], [-0.11403136, -0.00651492, 0.05427316], [0.01576058, -0.11531319, -0.05018917], [0.01645467, 0.08010186, -0.09692992], [-0.12078958, 0.00680484, 0.03552953], [0.03023927, 0.06153449, -0.11221711], [-0.07685, -0.08720419, -0.03934163], [-0.02941205, -0.05413068, 0.10649739], [-0.05714222, 0.08050842, 0.07565717], [0.0387944, 0.06890215, -0.10308781], [0.10474345, -0.03519862, 0.06434428], [-0.07772931, -0.09413899, -0.02508474], [-0.06223589, 0.07631956, 0.08001353], [0.01605199, 0.06558642, -0.10881749]], "atomic quadrupole moments": [[-0.11280255, 0.00877924, -0.05192694, -0.0407431, 0.14425258, 0.16472949], [0.06624256, 0.15530603, -0.17445518, -0.23643068, -0.00283741, 0.10821262], [0.35747561, -0.04979271, -0.27749243, -0.0465178, -0.32876936, -0.07998318], [-0.18557301, -0.14006458, 0.00946483, 0.04638766, 0.30077064, 0.17610818], [-0.06284315, -0.02450583, 0.01054615, -0.00611281, 0.10163115, 0.052297], [-0.03086255, -0.03904678, 0.01875554, 0.02911265, -0.0574873, 0.01210701], [-0.198254, 0.00553605, 0.20822025, -0.06050406, -0.12670292, -0.00996625], [-0.17579599, 0.00888989, 0.10970342, 0.10630227, -2.132e-05, 0.06609257], [-0.12581836, 0.02495329, 0.06567984, -0.01137441, -0.17014212, 0.06013852], [0.0299857, 0.02850272, -0.09411854, 0.17048561, 0.03181895, 0.06413283], [0.14141885, -0.21049248, -0.072772, 0.07386757, 0.02543034, -0.06864686], [0.08752283, -0.04550895, 0.01756473, 0.05844044, 0.12973412, -0.10508756], [0.02465553, 0.14858824, 0.0898322, 0.04249156, 0.06950389, -0.11448773], [0.13968648, -0.09209001, -0.06863781, 0.12870714, -0.03082184, -0.07104867], [0.03466695, 0.04565916, -0.02531509, -0.04647629, -0.01541616, -0.00935186], [-0.05208869, -0.01291534, 0.07021392, 0.00375057, -0.02216432, -0.01812523], [0.04700115, -0.02674365, -0.03647474, 0.04009067, -0.00100787, -0.01052641], [0.0446678, -0.0239558, -0.04595129, 0.02644276, -0.00626595, 0.00128349], [-0.02927273, -0.01846232, 0.03610542, -0.01702605, -0.01717269, -0.0068327], [0.05123927, -0.00716812, -0.01068978, -0.0097794, -0.01242067, -0.04054949], [0.00396627, 0.00807217, -0.00383107, 0.04418871, -0.00720734, -0.00013519], [0.02736072, 0.01224799, -0.02154197, -0.00988413, -0.00358181, -0.00581876], [0.01257824, 0.02597715, -0.0313155, 0.05898822, 0.00954314, 0.01873726], [-0.04718756, -0.01869632, 0.04866502, -0.01626218, 0.04601848, -0.00147746], [0.06723878, -0.01139502, -0.03893795, -0.0407813, -0.0063697, -0.02830083], [-0.03536899, -0.02796846, 0.06394404, 0.00370003, 0.03516651, -0.02857505], [-0.03278188, 0.02240098, 0.01965878, -0.00779863, -0.06090485, 0.0131231], [0.06226185, -0.00987508, -0.04980197, -0.04365035, 0.00949727, -0.01245987], [-0.0032031, 0.00489913, 0.00200479, -0.02664561, -0.03576606, 0.00119831], [0.02098094, 0.02816699, 0.02702958, 0.01057473, 0.00782933, -0.04801053], [-0.01564239, 0.00929797, 0.0001316, -0.00135699, -0.02492428, 0.01551079], [0.00624, -0.03437876, -0.00018885, -0.04494331, 0.04908552, -0.00605115], [-0.03781373, 0.01887118, -0.017565, -0.02004737, -0.03998978, 0.05537873], [0.0374842, -0.03476377, -0.01179873, 0.04532791, -0.0236724, -0.02568547], [-0.00073376, 0.05125953, 0.04619146, 0.02114957, 0.01485136, -0.04545771], [-0.01848163, -0.03449713, -0.00391592, -0.02453775, 0.05300512, 0.02239755], [-0.02198391, 0.01365033, -0.01841416, -0.02649344, -0.05350449, 0.04039807]], "number of molecular orbitals": 84, "number of electrons": 84, "number of unpaired electrons": 0, "orbital energies/eV": [-19.52169866, -18.8359527, -17.86951567, -17.40497989, -17.21882774, -16.88152142, -16.73614436, -16.6374542, -16.18533545, -16.00659852, -15.6578059, -15.4693876, -15.36324505, -15.04784499, -14.92156915, -14.69925072, -14.55883048, -14.02488315, -13.96390598, -13.93353422, -13.74799895, -13.62922503, -13.48103844, -13.37322743, -13.19406818, -13.042675, -12.94350058, -12.81030377, -12.66833908, -12.59090432, -12.48121142, -12.35023694, -12.18092993, -12.1303095, -12.07053411, -11.94885238, -11.89595272, -11.82382018, -11.6740675, -10.78076832, -10.53163807, -10.11842977, -6.02528744, -5.19888431, -3.73059207, -0.98169453, -0.23447632, 0.19742795, 1.04728351, 1.60585908, 2.02096244, 2.11403899, 2.36611327, 2.59454898, 2.95214177, 3.25478919, 3.30326253, 3.74082326, 3.896524, 3.97015109, 4.05367572, 4.28715172, 4.48796299, 4.65247029, 5.05971762, 5.14103525, 5.17470208, 5.33770091, 5.76513575, 5.83936655, 5.91299867, 6.03202144, 6.2570234, 6.50559375, 6.52614176, 6.71637846, 6.86325236, 6.93766397, 7.51167965, 7.77011952, 7.92459509, 9.30017673, 13.31654093, 16.17949089], "fractional occupation": [2.0, 2.0, 2.0, 2.0, 2.0, 2.0, 2.0, 2.0, 2.0, 2.0, 2.0, 2.0, 2.0, 2.0, 2.0, 2.0, 2.0, 2.0, 2.0, 2.0, 2.0, 2.0, 2.0, 2.0, 2.0, 2.0, 2.0, 2.0, 2.0, 2.0, 2.0, 2.0, 2.0, 2.0, 2.0, 2.0, 2.0, 2.0, 2.0, 2.0, 2.0, 2.0, 0.0, 0.0, 0.0, 0.0, 0.0, 0.0, 0.0, 0.0, 0.0, 0.0, 0.0, 0.0, 0.0, 0.0, 0.0, 0.0, 0.0, 0.0, 0.0, 0.0, 0.0, 0.0, 0.0, 0.0, 0.0, 0.0, 0.0, 0.0, 0.0, 0.0, 0.0, 0.0, 0.0, 0.0, 0.0, 0.0, 0.0, 0.0, 0.0, 0.0, 0.0, 0.0], "program call": "xtb /home/svss/Project-DBcg-Debug/aqme2_20220329/End-to-End-workflows-final/example-3/QDESCP/mol_618_rdkit_conf_8/mol_618_rdkit_conf_8.xyz --pop --wbo --acc 0.2 --gfn 2 --chrg 0 --uhf 0 --etemp 300 --input /home/svss/Project-DBcg-Debug/aqme2_20220329/End-to-End-workflows-final/example-3/QDESCP/mol_618_rdkit_conf_8/mol_618_rdkit_conf_8_xtb.inp", "method": "GFN2-xTB", "xtb version": "6.3.3 (7355c4f)", "Dipole module/D": 2.352, "Total charge": 0, "Transition dipole module/D": NaN, "HOMO": -10.1184, "LUMO": -6.0253, "HOMO occupancy": 2.0, "LUMO occupancy": 0, "mulliken charges": [-0.08703, 0.04094, -0.12883, 0.49765, -0.55939, -0.29294, 0.08054, -0.01055, -0.09242, -0.09062, 0.08716, -0.01, -0.08698, -0.09226, 0.03115, 0.02331, 0.0436, 0.0276, 0.04809, 0.03312, 0.0335, 0.02604, 0.03133, 0.03528, 0.02842, 0.03326, 0.03596, 0.02602, 0.05507, 0.02298, 0.01822, 0.02502, 0.04048, 0.03563, 0.02581, 0.03281, 0.03205], "cm5 charges": [-0.23416, -0.05153, -0.16277, 0.60568, -0.60963, -0.54646, 0.03298, -0.07977, -0.24067, -0.23809, 0.04009, -0.07939, -0.23357, -0.24054, 0.08206, 0.07508, 0.09771, 0.08346, 0.10734, 0.09948, 0.10082, 0.08792, 0.08283, 0.08668, 0.08032, 0.08477, 0.08975, 0.07838, 0.1257, 0.08983, 0.07896, 0.07657, 0.09396, 0.0908, 0.07726, 0.0842, 0.08395], "FUKUI+": [0.032, 0.021, -0.366, -0.043, -0.145, -0.061, 0.019, -0.001, 0.011, 0.013, 0.021, 0.001, 0.012, 0.011, -0.059, -0.036, -0.023, -0.066, -0.06, -0.045, -0.011, 0.01, -0.005, -0.023, -0.019, -0.024, 0.0, -0.018, -0.019, -0.04, -0.014, -0.029, -0.007, 0.014, -0.015, -0.023, -0.013], "FUKUI-": [0.015, 0.032, -0.283, 0.025, -0.068, -0.084, 0.018, -0.008, 0.015, 0.016, 0.011, -0.01, 0.015, 0.015, -0.043, -0.022, -0.015, -0.041, -0.043, -0.042, -0.035, -0.017, -0.017, -0.037, -0.028, -0.04, -0.009, -0.027, -0.039, -0.049, -0.031, -0.046, -0.028, -0.006, -0.023, -0.042, -0.028], "FUKUIrad": [0.023, 0.026, -0.324, -0.009, -0.106, -0.073, 0.018, -0.004, 0.013, 0.015, 0.016, -0.004, 0.013, 0.013, -0.051, -0.029, -0.019, -0.053, -0.052, -0.044, -0.023, -0.003, -0.011, -0.03, -0.024, -0.032, -0.004, -0.023, -0.029, -0.044, -0.022, -0.037, -0.017, 0.004, -0.019, -0.032, -0.02], "s proportion": [1.011, 1.032, 1.924, 0.997, 1.73, 1.448, 1.016, 1.055, 1.014, 1.013, 1.014, 1.056, 1.011, 1.013, 0.969, 0.977, 0.956, 0.972, 0.952, 0.967, 0.966, 0.974, 0.969, 0.965, 0.972, 0.967, 0.964, 0.974, 0.945, 0.977, 0.982, 0.975, 0.96, 0.964, 0.974, 0.967, 0.968], "p proportion": [3.076, 2.927, 4.205, 2.505, 4.83, 3.845, 2.904, 2.955, 3.079, 3.078, 2.898, 2.954, 3.076, 3.079, 0.0, 0.0, 0.0, 0.0, 0.0, 0.0, 0.0, 0.0, 0.0, 0.0, 0.0, 0.0, 0.0, 0.0, 0.0, 0.0, 0.0, 0.0, 0.0, 0.0, 0.0, 0.0, 0.0], "d proportion": [0.0, 0.0, 0.0, 0.0, 0.0, 0.0, 0.0, 0.0, 0.0, 0.0, 0.0, 0.0, 0.0, 0.0, 0.0, 0.0, 0.0, 0.0, 0.0, 0.0, 0.0, 0.0, 0.0, 0.0, 0.0, 0.0, 0.0, 0.0, 0.0, 0.0, 0.0, 0.0, 0.0, 0.0, 0.0, 0.0, 0.0], "Fermi-level/eV": -8.0719, "Coordination numbers": [3.782, 3.793, 2.035, 2.748, 0.879, 2.759, 3.738, 3.847, 3.753, 3.752, 3.745, 3.847, 3.752, 3.753, 0.924, 0.924, 0.924, 0.924, 0.924, 0.924, 0.924, 0.924, 0.924, 0.924, 0.924, 0.924, 0.924, 0.924, 0.924, 0.924, 0.924, 0.924, 0.924, 0.924, 0.924, 0.924, 0.924], "Dispersion coefficient C6": [22.368, 20.412, 148.904, 21.97, 22.538, 23.521, 20.748, 20.796, 22.637, 22.536, 20.677, 20.753, 22.498, 22.602, 2.455, 2.42, 2.325, 2.342, 2.166, 2.266, 2.274, 2.379, 2.474, 2.423, 2.501, 2.467, 2.5, 2.544, 2.12, 2.38, 2.594, 2.539, 2.364, 2.527, 2.576, 2.446, 2.454], "Total dispersion C6": 11755.746474, "Total dispersion C8": 278257.292387, "Polarizability alpha": [6.737, 6.434, 20.538, 7.675, 6.366, 7.203, 6.5, 6.487, 6.785, 6.77, 6.487, 6.48, 6.764, 6.779, 2.45, 2.433, 2.385, 2.393, 2.301, 2.354, 2.358, 2.412, 2.46, 2.434, 2.473, 2.456, 2.473, 2.494, 2.277, 2.412, 2.519, 2.492, 2.404, 2.486, 2.51, 2.446, 2.45], "Total polarizability alpha": 163.876531, "Wiberg matrix": [[0.0, 1.0254717834384939, 0.0, 0.0, 0.0, 0.0, 0.0, 0.0, 0.0, 0.0, 0.0, 0.0, 0.0, 0.0, 0.979676601124895, 0.9869897570916443, 0.9856666051930247, 0.0, 0.0, 0.0, 0.0, 0.0, 0.0, 0.0, 0.0, 0.0, 0.0, 0.0, 0.0, 0.0, 0.0, 0.0, 0.0, 0.0, 0.0, 0.0, 0.0], [1.0254717834384939, 0.0, 0.9839590143395059, 0.0, 0.0, 0.0, 0.0, 0.0, 0.0, 0.0, 0.0, 0.0, 0.0, 0.0, 0.0, 0.0, 0.0, 0.9718111899939761, 0.9694824802971445, 0.0, 0.0, 0.0, 0.0, 0.0, 0.0, 0.0, 0.0, 0.0, 0.0, 0.0, 0.0, 0.0, 0.0, 0.0, 0.0, 0.0, 0.0], [0.0, 0.9839590143395059, 0.0, 1.0119210712457107, 0.15495575679191992, 0.0, 0.0, 0.0, 0.0, 0.0, 0.0, 0.0, 0.0, 0.0, 0.0, 0.0, 0.0, 0.0, 0.0, 0.0, 0.0, 0.0, 0.0, 0.0, 0.0, 0.0, 0.0, 0.0, 0.0, 0.0, 0.0, 0.0, 0.0, 0.0, 0.0, 0.0, 0.0], [0.0, 0.0, 1.0119210712457107, 0.0, 1.6608109116715373, 1.215562375137941, 0.0, 0.0, 0.0, 0.0, 0.0, 0.0, 0.0, 0.0, 0.0, 0.0, 0.0, 0.0, 0.0, 0.0, 0.0, 0.0, 0.0, 0.0, 0.0, 0.0, 0.0, 0.0, 0.0, 0.0, 0.0, 0.0, 0.0, 0.0, 0.0, 0.0, 0.0], [0.0, 0.0, 0.15495575679191992, 1.6608109116715373, 0.0, 0.17308443192803105, 0.0, 0.0, 0.0, 0.0, 0.0, 0.0, 0.0, 0.0, 0.0, 0.0, 0.0, 0.0, 0.0, 0.0, 0.0, 0.0, 0.0, 0.0, 0.0, 0.0, 0.0, 0.0, 0.0, 0.0, 0.0, 0.0, 0.0, 0.0, 0.0, 0.0, 0.0], [0.0, 0.0, 0.0, 1.215562375137941, 0.17308443192803105, 0.0, 0.9849351426461782, 0.0, 0.0, 0.0, 0.981365779534271, 0.0, 0.0, 0.0, 0.0, 0.0, 0.0, 0.0, 0.0, 0.0, 0.0, 0.0, 0.0, 0.0, 0.0, 0.0, 0.0, 0.0, 0.0, 0.0, 0.0, 0.0, 0.0, 0.0, 0.0, 0.0, 0.0], [0.0, 0.0, 0.0, 0.0, 0.0, 0.9849351426461782, 0.0, 0.9832680606238934, 0.0, 0.0, 0.0, 0.0, 0.0, 0.0, 0.0, 0.0, 0.0, 0.0, 0.0, 0.9675086866515955, 0.9644450895662147, 0.0, 0.0, 0.0, 0.0, 0.0, 0.0, 0.0, 0.0, 0.0, 0.0, 0.0, 0.0, 0.0, 0.0, 0.0, 0.0], [0.0, 0.0, 0.0, 0.0, 0.0, 0.0, 0.9832680606238934, 0.0, 1.006715606588464, 1.0098256657398594, 0.0, 0.0, 0.0, 0.0, 0.0, 0.0, 0.0, 0.0, 0.0, 0.0, 0.0, 0.9664653832219052, 0.0, 0.0, 0.0, 0.0, 0.0, 0.0, 0.0, 0.0, 0.0, 0.0, 0.0, 0.0, 0.0, 0.0, 0.0], [0.0, 0.0, 0.0, 0.0, 0.0, 0.0, 0.0, 1.006715606588464, 0.0, 0.0, 0.0, 0.0, 0.0, 0.0, 0.0, 0.0, 0.0, 0.0, 0.0, 0.0, 0.0, 0.0, 0.9862041588786106, 0.985453358235723, 0.9868052526097358, 0.0, 0.0, 0.0, 0.0, 0.0, 0.0, 0.0, 0.0, 0.0, 0.0, 0.0, 0.0], [0.0, 0.0, 0.0, 0.0, 0.0, 0.0, 0.0, 1.0098256657398594, 0.0, 0.0, 0.0, 0.0, 0.0, 0.0, 0.0, 0.0, 0.0, 0.0, 0.0, 0.0, 0.0, 0.0, 0.0, 0.0, 0.0, 0.9851477670209204, 0.9852719645897736, 0.9861761530118685, 0.0, 0.0, 0.0, 0.0, 0.0, 0.0, 0.0, 0.0, 0.0], [0.0, 0.0, 0.0, 0.0, 0.0, 0.981365779534271, 0.0, 0.0, 0.0, 0.0, 0.0, 0.9826945669157123, 0.0, 0.0, 0.0, 0.0, 0.0, 0.0, 0.0, 0.0, 0.0, 0.0, 0.0, 0.0, 0.0, 0.0, 0.0, 0.0, 0.9670118358864039, 0.9666245379386678, 0.0, 0.0, 0.0, 0.0, 0.0, 0.0, 0.0], [0.0, 0.0, 0.0, 0.0, 0.0, 0.0, 0.0, 0.0, 0.0, 0.0, 0.9826945669157123, 0.0, 1.0102653762393352, 1.0066360578036262, 0.0, 0.0, 0.0, 0.0, 0.0, 0.0, 0.0, 0.0, 0.0, 0.0, 0.0, 0.0, 0.0, 0.0, 0.0, 0.0, 0.966798729256698, 0.0, 0.0, 0.0, 0.0, 0.0, 0.0], [0.0, 0.0, 0.0, 0.0, 0.0, 0.0, 0.0, 0.0, 0.0, 0.0, 0.0, 1.0102653762393352, 0.0, 0.0, 0.0, 0.0, 0.0, 0.0, 0.0, 0.0, 0.0, 0.0, 0.0, 0.0, 0.0, 0.0, 0.0, 0.0, 0.0, 0.0, 0.0, 0.9857886566635206, 0.985851779783421, 0.9862047055382787, 0.0, 0.0, 0.0], [0.0, 0.0, 0.0, 0.0, 0.0, 0.0, 0.0, 0.0, 0.0, 0.0, 0.0, 1.0066360578036262, 0.0, 0.0, 0.0, 0.0, 0.0, 0.0, 0.0, 0.0, 0.0, 0.0, 0.0, 0.0, 0.0, 0.0, 0.0, 0.0, 0.0, 0.0, 0.0, 0.0, 0.0, 0.0, 0.9866708885215136, 0.9856656063386734, 0.986660950227727], [0.979676601124895, 0.0, 0.0, 0.0, 0.0, 0.0, 0.0, 0.0, 0.0, 0.0, 0.0, 0.0, 0.0, 0.0, 0.0, 0.0, 0.0, 0.0, 0.0, 0.0, 0.0, 0.0, 0.0, 0.0, 0.0, 0.0, 0.0, 0.0, 0.0, 0.0, 0.0, 0.0, 0.0, 0.0, 0.0, 0.0, 0.0], [0.9869897570916443, 0.0, 0.0, 0.0, 0.0, 0.0, 0.0, 0.0, 0.0, 0.0, 0.0, 0.0, 0.0, 0.0, 0.0, 0.0, 0.0, 0.0, 0.0, 0.0, 0.0, 0.0, 0.0, 0.0, 0.0, 0.0, 0.0, 0.0, 0.0, 0.0, 0.0, 0.0, 0.0, 0.0, 0.0, 0.0, 0.0], [0.9856666051930247, 0.0, 0.0, 0.0, 0.0, 0.0, 0.0, 0.0, 0.0, 0.0, 0.0, 0.0, 0.0, 0.0, 0.0, 0.0, 0.0, 0.0, 0.0, 0.0, 0.0, 0.0, 0.0, 0.0, 0.0, 0.0, 0.0, 0.0, 0.0, 0.0, 0.0, 0.0, 0.0, 0.0, 0.0, 0.0, 0.0], [0.0, 0.9718111899939761, 0.0, 0.0, 0.0, 0.0, 0.0, 0.0, 0.0, 0.0, 0.0, 0.0, 0.0, 0.0, 0.0, 0.0, 0.0, 0.0, 0.0, 0.0, 0.0, 0.0, 0.0, 0.0, 0.0, 0.0, 0.0, 0.0, 0.0, 0.0, 0.0, 0.0, 0.0, 0.0, 0.0, 0.0, 0.0], [0.0, 0.9694824802971445, 0.0, 0.0, 0.0, 0.0, 0.0, 0.0, 0.0, 0.0, 0.0, 0.0, 0.0, 0.0, 0.0, 0.0, 0.0, 0.0, 0.0, 0.0, 0.0, 0.0, 0.0, 0.0, 0.0, 0.0, 0.0, 0.0, 0.0, 0.0, 0.0, 0.0, 0.0, 0.0, 0.0, 0.0, 0.0], [0.0, 0.0, 0.0, 0.0, 0.0, 0.0, 0.9675086866515955, 0.0, 0.0, 0.0, 0.0, 0.0, 0.0, 0.0, 0.0, 0.0, 0.0, 0.0, 0.0, 0.0, 0.0, 0.0, 0.0, 0.0, 0.0, 0.0, 0.0, 0.0, 0.0, 0.0, 0.0, 0.0, 0.0, 0.0, 0.0, 0.0, 0.0], [0.0, 0.0, 0.0, 0.0, 0.0, 0.0, 0.9644450895662147, 0.0, 0.0, 0.0, 0.0, 0.0, 0.0, 0.0, 0.0, 0.0, 0.0, 0.0, 0.0, 0.0, 0.0, 0.0, 0.0, 0.0, 0.0, 0.0, 0.0, 0.0, 0.0, 0.0, 0.0, 0.0, 0.0, 0.0, 0.0, 0.0, 0.0], [0.0, 0.0, 0.0, 0.0, 0.0, 0.0, 0.0, 0.9664653832219052, 0.0, 0.0, 0.0, 0.0, 0.0, 0.0, 0.0, 0.0, 0.0, 0.0, 0.0, 0.0, 0.0, 0.0, 0.0, 0.0, 0.0, 0.0, 0.0, 0.0, 0.0, 0.0, 0.0, 0.0, 0.0, 0.0, 0.0, 0.0, 0.0], [0.0, 0.0, 0.0, 0.0, 0.0, 0.0, 0.0, 0.0, 0.9862041588786106, 0.0, 0.0, 0.0, 0.0, 0.0, 0.0, 0.0, 0.0, 0.0, 0.0, 0.0, 0.0, 0.0, 0.0, 0.0, 0.0, 0.0, 0.0, 0.0, 0.0, 0.0, 0.0, 0.0, 0.0, 0.0, 0.0, 0.0, 0.0], [0.0, 0.0, 0.0, 0.0, 0.0, 0.0, 0.0, 0.0, 0.985453358235723, 0.0, 0.0, 0.0, 0.0, 0.0, 0.0, 0.0, 0.0, 0.0, 0.0, 0.0, 0.0, 0.0, 0.0, 0.0, 0.0, 0.0, 0.0, 0.0, 0.0, 0.0, 0.0, 0.0, 0.0, 0.0, 0.0, 0.0, 0.0], [0.0, 0.0, 0.0, 0.0, 0.0, 0.0, 0.0, 0.0, 0.9868052526097358, 0.0, 0.0, 0.0, 0.0, 0.0, 0.0, 0.0, 0.0, 0.0, 0.0, 0.0, 0.0, 0.0, 0.0, 0.0, 0.0, 0.0, 0.0, 0.0, 0.0, 0.0, 0.0, 0.0, 0.0, 0.0, 0.0, 0.0, 0.0], [0.0, 0.0, 0.0, 0.0, 0.0, 0.0, 0.0, 0.0, 0.0, 0.9851477670209204, 0.0, 0.0, 0.0, 0.0, 0.0, 0.0, 0.0, 0.0, 0.0, 0.0, 0.0, 0.0, 0.0, 0.0, 0.0, 0.0, 0.0, 0.0, 0.0, 0.0, 0.0, 0.0, 0.0, 0.0, 0.0, 0.0, 0.0], [0.0, 0.0, 0.0, 0.0, 0.0, 0.0, 0.0, 0.0, 0.0, 0.9852719645897736, 0.0, 0.0, 0.0, 0.0, 0.0, 0.0, 0.0, 0.0, 0.0, 0.0, 0.0, 0.0, 0.0, 0.0, 0.0, 0.0, 0.0, 0.0, 0.0, 0.0, 0.0, 0.0, 0.0, 0.0, 0.0, 0.0, 0.0], [0.0, 0.0, 0.0, 0.0, 0.0, 0.0, 0.0, 0.0, 0.0, 0.9861761530118685, 0.0, 0.0, 0.0, 0.0, 0.0, 0.0, 0.0, 0.0, 0.0, 0.0, 0.0, 0.0, 0.0, 0.0, 0.0, 0.0, 0.0, 0.0, 0.0, 0.0, 0.0, 0.0, 0.0, 0.0, 0.0, 0.0, 0.0], [0.0, 0.0, 0.0, 0.0, 0.0, 0.0, 0.0, 0.0, 0.0, 0.0, 0.9670118358864039, 0.0, 0.0, 0.0, 0.0, 0.0, 0.0, 0.0, 0.0, 0.0, 0.0, 0.0, 0.0, 0.0, 0.0, 0.0, 0.0, 0.0, 0.0, 0.0, 0.0, 0.0, 0.0, 0.0, 0.0, 0.0, 0.0], [0.0, 0.0, 0.0, 0.0, 0.0, 0.0, 0.0, 0.0, 0.0, 0.0, 0.9666245379386678, 0.0, 0.0, 0.0, 0.0, 0.0, 0.0, 0.0, 0.0, 0.0, 0.0, 0.0, 0.0, 0.0, 0.0, 0.0, 0.0, 0.0, 0.0, 0.0, 0.0, 0.0, 0.0, 0.0, 0.0, 0.0, 0.0], [0.0, 0.0, 0.0, 0.0, 0.0, 0.0, 0.0, 0.0, 0.0, 0.0, 0.0, 0.966798729256698, 0.0, 0.0, 0.0, 0.0, 0.0, 0.0, 0.0, 0.0, 0.0, 0.0, 0.0, 0.0, 0.0, 0.0, 0.0, 0.0, 0.0, 0.0, 0.0, 0.0, 0.0, 0.0, 0.0, 0.0, 0.0], [0.0, 0.0, 0.0, 0.0, 0.0, 0.0, 0.0, 0.0, 0.0, 0.0, 0.0, 0.0, 0.9857886566635206, 0.0, 0.0, 0.0, 0.0, 0.0, 0.0, 0.0, 0.0, 0.0, 0.0, 0.0, 0.0, 0.0, 0.0, 0.0, 0.0, 0.0, 0.0, 0.0, 0.0, 0.0, 0.0, 0.0, 0.0], [0.0, 0.0, 0.0, 0.0, 0.0, 0.0, 0.0, 0.0, 0.0, 0.0, 0.0, 0.0, 0.985851779783421, 0.0, 0.0, 0.0, 0.0, 0.0, 0.0, 0.0, 0.0, 0.0, 0.0, 0.0, 0.0, 0.0, 0.0, 0.0, 0.0, 0.0, 0.0, 0.0, 0.0, 0.0, 0.0, 0.0, 0.0], [0.0, 0.0, 0.0, 0.0, 0.0, 0.0, 0.0, 0.0, 0.0, 0.0, 0.0, 0.0, 0.9862047055382787, 0.0, 0.0, 0.0, 0.0, 0.0, 0.0, 0.0, 0.0, 0.0, 0.0, 0.0, 0.0, 0.0, 0.0, 0.0, 0.0, 0.0, 0.0, 0.0, 0.0, 0.0, 0.0, 0.0, 0.0], [0.0, 0.0, 0.0, 0.0, 0.0, 0.0, 0.0, 0.0, 0.0, 0.0, 0.0, 0.0, 0.0, 0.9866708885215136, 0.0, 0.0, 0.0, 0.0, 0.0, 0.0, 0.0, 0.0, 0.0, 0.0, 0.0, 0.0, 0.0, 0.0, 0.0, 0.0, 0.0, 0.0, 0.0, 0.0, 0.0, 0.0, 0.0], [0.0, 0.0, 0.0, 0.0, 0.0, 0.0, 0.0, 0.0, 0.0, 0.0, 0.0, 0.0, 0.0, 0.9856656063386734, 0.0, 0.0, 0.0, 0.0, 0.0, 0.0, 0.0, 0.0, 0.0, 0.0, 0.0, 0.0, 0.0, 0.0, 0.0, 0.0, 0.0, 0.0, 0.0, 0.0, 0.0, 0.0, 0.0], [0.0, 0.0, 0.0, 0.0, 0.0, 0.0, 0.0, 0.0, 0.0, 0.0, 0.0, 0.0, 0.0, 0.986660950227727, 0.0, 0.0, 0.0, 0.0, 0.0, 0.0, 0.0, 0.0, 0.0, 0.0, 0.0, 0.0, 0.0, 0.0, 0.0, 0.0, 0.0, 0.0, 0.0, 0.0, 0.0, 0.0, 0.0]], "Born radii": [], "Atomic SASAs": [], "Solvent H bonds": [], "Total SASA": NaN, "Total FOD": 0.0, "FOD": [0.0, 0.0, 0.0, 0.0, 0.0, 0.0, 0.0, 0.0, 0.0, 0.0, 0.0, 0.0, 0.0, 0.0, 0.0, 0.0, 0.0, 0.0, 0.0, 0.0, 0.0, 0.0, 0.0, 0.0, 0.0, 0.0, 0.0, 0.0, 0.0, 0.0, 0.0, 0.0, 0.0, 0.0, 0.0, 0.0, 0.0], "FOD s proportion": [0.0, 0.0, 0.0, 0.0, 0.0, 0.0, 0.0, 0.0, 0.0, 0.0, 0.0, 0.0, 0.0, 0.0, 0.0, 0.0, 0.0, 0.0, 0.0, 0.0, 0.0, 0.0, 0.0, 0.0, 0.0, 0.0, 0.0, 0.0, 0.0, 0.0, 0.0, 0.0, 0.0, 0.0, 0.0, 0.0, 0.0], "FOD p proportion": [0.0, 0.0, 0.0, 0.0, 0.0, 0.0, 0.0, 0.0, 0.0, 0.0, 0.0, 0.0, 0.0, 0.0, 0.0, 0.0, 0.0, 0.0, 0.0, 0.0, 0.0, 0.0, 0.0, 0.0, 0.0, 0.0, 0.0, 0.0, 0.0, 0.0, 0.0, 0.0, 0.0, 0.0, 0.0, 0.0, 0.0], "FOD d proportion": [0.0, 0.0, 0.0, 0.0, 0.0, 0.0, 0.0, 0.0, 0.0, 0.0, 0.0, 0.0, 0.0, 0.0, 0.0, 0.0, 0.0, 0.0, 0.0, 0.0, 0.0, 0.0, 0.0, 0.0, 0.0, 0.0, 0.0, 0.0, 0.0, 0.0, 0.0, 0.0, 0.0, 0.0, 0.0, 0.0, 0.0], "coordinates": [["3.94330", "-0.10980", "-1.67990"], ["3.88120", "0.59900", "-0.33760"], ["2.52380", "-0.03280", "0.68840"], ["1.14460", "0.71680", "-0.10840"], ["1.31450", "1.66570", "-0.86650"], ["-0.11450", "0.19360", "0.19150"], ["-0.37360", "-0.95460", "1.07330"], ["-0.13130", "-2.32350", "0.40400"], ["-0.23780", "-3.43400", "1.45180"], ["-1.11280", "-2.59450", "-0.73700"], ["-1.28360", "0.87260", "-0.37540"], ["-1.96750", "1.83840", "0.61330"], ["-1.07610", "3.02640", "0.97840"], ["-3.28280", "2.34320", "0.01570"], ["4.79580", "0.26390", "-2.25700"], ["4.07700", "-1.18990", "-1.55640"], ["3.04210", "0.06170", "-2.27690"], ["4.81470", "0.41620", "0.20490"], ["3.79670", "1.68230", "-0.46860"], ["-1.40830", "-0.89610", "1.43240"], ["0.25530", "-0.85470", "1.96490"], ["0.87910", "-2.35940", "-0.01770"], ["0.49260", "-3.28310", "2.25380"], ["-0.04090", "-4.41350", "1.00310"], ["-1.23610", "-3.46180", "1.90180"], ["-0.96090", "-3.59760", "-1.15010"], ["-0.97070", "-1.88240", "-1.55580"], ["-2.15090", "-2.52450", "-0.39520"], ["-0.99740", "1.41650", "-1.28340"], ["-1.99500", "0.10180", "-0.69250"], ["-2.20560", "1.30090", "1.53930"], ["-1.60630", "3.71980", "1.64020"], ["-0.76780", "3.58190", "0.08640"], ["-0.17580", "2.69850", "1.50700"], ["-3.95390", "1.50740", "-0.20930"], ["-3.80070", "3.00580", "0.71720"], ["-3.11040", "2.89960", "-0.91200"]], "bond_dist": [[0.0, 1.5192179369662535, 2.7622009593800376, 3.314453424020316, 3.2748449199923955, 4.478831360969064, 5.189356693271334, 5.08384422066609, 6.191885636863781, 5.711999799544814, 5.47606734984149, 6.632631915009306, 6.4881958732763305, 7.817211112027102, 1.0951951196019822, 1.0953282384746594, 1.0945239558821906, 2.14207492866146, 2.1680317479225253, 6.24053695926881, 5.238395465216424, 4.148846904864048, 6.119735212409112, 6.4493544118772075, 7.133769217601589, 6.041242795981634, 5.22540979924063, 6.679858068851463, 5.186262664964048, 6.023548805314023, 7.0825344573817635, 7.5157807531885865, 6.240426891647719, 5.916913495227051, 8.194130096599638, 8.684617882785632, 7.707194201523663], [1.5192179369662535, 0.0, 1.8150432501733949, 2.7487067941124605, 2.829405059372023, 4.050915262011784, 4.744221201630464, 5.019076913138511, 6.035992243202438, 5.941211880584634, 5.172179892463139, 6.0537273526316, 5.67441186820273, 7.3817308627448615, 2.1524129552667164, 2.1734705634077494, 2.18029002428576, 1.0950544917948146, 1.0944588343103636, 5.774689105051458, 4.534523210878956, 4.226945821748843, 5.767899472945069, 6.504267918067336, 6.905922696497551, 6.458911690060486, 5.584110565703369, 6.7930700290811075, 5.036226945839514, 5.907866644568072, 6.4081628771434955, 6.615416973252707, 5.539916011096198, 4.926428565401107, 7.88862747631044, 8.118920919063074, 7.38276142645826], [2.7622009593800376, 1.8150432501733949, 0.0, 1.7603928652434375, 2.600965734107237, 2.6942148132619272, 3.0647658980744352, 3.5182020777664262, 4.447176133233313, 4.671073924698687, 4.055578178262627, 4.86608725158109, 4.733084052708128, 6.309873600160307, 3.731674697773106, 2.964867229742337, 3.0117385726520154, 2.384029374819027, 2.429092715398076, 4.093926391619664, 2.7296637357007913, 2.9354186856392395, 4.1401329314407285, 5.085986105958214, 5.231369664820104, 5.313286683400398, 4.546315436702561, 5.406993428884485, 4.288043279865538, 4.727002793525725, 4.986984144751214, 5.660888270404213, 4.9257578756979115, 3.9265692162497277, 6.7185324751764055, 7.016638771520165, 6.550149583024803], [3.314453424020316, 2.7487067941124605, 1.7603928652434375, 0.0, 1.22637385409181, 1.3960698621487395, 2.548514094526456, 3.3367497149171976, 4.644824478922751, 4.056562634793157, 2.447798578314809, 3.385853490628323, 3.3833260100084948, 4.7183099230550765, 4.260617538573487, 3.785654322570934, 2.955004993227592, 3.695693610135992, 2.8452712875928015, 3.3901046385030655, 2.749370769830799, 3.088967979762821, 4.690873356849448, 5.381525860757337, 5.21242117350469, 4.912465419725619, 3.6503837455807298, 4.631263345999664, 2.541332148696821, 3.2521509758927247, 3.778879217440007, 4.43204938713458, 3.450220110369772, 2.877517716713487, 5.1604196941721705, 5.511545014784874, 4.849269408890374], [3.2748449199923955, 2.829405059372023, 2.600965734107237, 1.22637385409181, 0.0, 2.3083507987305567, 3.671304637319001, 4.42924649686603, 5.813010430921314, 4.9048811993768, 2.7604909762576657, 3.604324809170228, 3.3121184851994654, 4.72995247121998, 4.002247266224315, 4.03259465109004, 2.747115927659406, 3.867886793844929, 2.5139444723382414, 4.388781185021646, 3.9358794138032227, 4.136600610404635, 5.907826431099681, 6.503013606013753, 6.360841257255207, 5.7410975440241385, 4.276246852088874, 5.457920564647309, 2.362369120184227, 3.6645394608326978, 4.279258894948985, 4.362790888869188, 2.985936057587302, 2.9868331356137054, 5.311591973222341, 5.519895355892174, 4.593943781763116], [4.478831360969064, 4.050915262011784, 2.6942148132619272, 1.3960698621487395, 2.3083507987305567, 0.0, 1.4707369887236805, 2.52610983530012, 3.8422702585841098, 3.1035812781365983, 1.4660189016516805, 2.5133426507342764, 3.093322163952536, 3.832728882924019, 5.487361882544288, 4.74740970530246, 4.00930414535989, 4.934241883004926, 4.236678550468515, 2.097903081650818, 2.0929960558969047, 2.747510618723793, 4.087675939944359, 4.678619660754655, 4.188682586446483, 4.1096813696441234, 2.845331567673617, 3.4466229065565033, 2.109579775689936, 2.079943145857598, 2.7231190462409094, 4.093688479843086, 3.452307024295493, 2.829986210213753, 4.077708111182065, 4.666143993706152, 4.185160099685555], [5.189356693271334, 4.744221201630464, 3.0647658980744352, 2.548514094526456, 3.671304637319001, 1.4707369887236805, 0.0, 1.542906021117294, 2.5117978123248696, 2.5520334519751104, 2.5030963884756816, 3.248532931955593, 4.043621305216402, 4.522990961742019, 6.26883854473857, 5.174797439513937, 4.891187199443506, 5.436144597966466, 5.169342251195987, 1.0968040618086716, 1.0956485659188353, 2.1755462141724315, 2.7505990147602395, 3.4755728362386535, 2.777835549488126, 3.5034094607967248, 2.8512292191263753, 2.789242468843467, 3.4007758732383415, 2.619726810184604, 2.9428999728159297, 4.867333999223805, 4.659312985838149, 3.6840684222744837, 4.530458569504857, 5.249437091727074, 5.127021354548857], [5.08384422066609, 5.019076913138511, 3.5182020777664262, 3.3367497149171976, 4.42924649686603, 2.52610983530012, 1.542906021117294, 0.0, 1.5305023162347713, 1.5292691882072298, 3.485730176017645, 4.553773000490912, 5.46296736307293, 5.644538779209512, 6.168620118794802, 4.778912638875083, 4.790289282496413, 5.657606640621103, 5.677767906492832, 2.1738919752370403, 2.1778984847783884, 1.095457831228569, 2.1752800762200715, 2.1760498546678564, 2.1816770544697945, 2.1741190813752587, 2.1771489636678516, 2.181262432629325, 4.193452988886367, 3.249272230823389, 4.327574602476542, 6.342341076448034, 5.948088026416556, 5.141893936090086, 5.446485330926725, 6.477964887987585, 6.155295802802657], [6.191885636863781, 6.035992243202438, 4.447176133233313, 4.644824478922751, 5.813010430921314, 3.8422702585841098, 2.5117978123248696, 1.5305023162347713, 0.0, 2.5022451298783657, 4.793658419203438, 5.61187545300143, 6.5317396312161735, 6.686587175084163, 7.26407535822695, 5.718631924682686, 6.072961895977942, 6.473527315150528, 6.792764687518624, 2.794885153275533, 2.6756695816187768, 2.135804536936843, 1.0951981418903156, 1.0952267116903238, 1.0953883923065826, 2.705461546575741, 3.4626958760480253, 2.810436062250839, 5.620112227527134, 4.493067545675226, 5.128271745919866, 7.285955067799966, 7.167152152005705, 6.133061820167803, 6.402037674053473, 7.396277280497263, 7.345329819688154], [5.711999799544814, 5.941211880584634, 4.671073924698687, 4.056562634793157, 4.9048811993768, 3.1035812781365983, 2.5520334519751104, 1.5292691882072298, 2.5022451298783657, 0.0, 3.4900873355834525, 4.712157105827436, 5.876943156097394, 5.445763360631822, 6.737388553438194, 5.4385973890333155, 5.16622535900245, 6.714666510706247, 6.516613157921835, 2.7709527549202275, 3.492687397978812, 2.1308050380079355, 3.463576729336309, 2.735996823828566, 2.780409613708023, 1.0954153687072314, 1.0944004111841334, 1.0951615634234064, 4.049690249883317, 2.8373034346012416, 4.642186412672373, 6.764983856595668, 6.240587273646608, 5.824890900265858, 5.017559178524953, 6.379879633660811, 5.848603728241468], [5.47606734984149, 5.172179892463139, 4.055578178262627, 2.447798578314809, 2.7604909762576657, 1.4660189016516805, 2.5030963884756816, 3.485730176017645, 4.793658419203438, 3.4900873355834525, 0.0, 1.5420818849853597, 2.5523881229154792, 2.5124538224612207, 6.392967903094775, 5.863846826955833, 4.794261314321529, 6.142826054838278, 5.145264659859588, 2.532190873532246, 3.2907115628690398, 3.905258580427166, 5.228520017175033, 5.602447567804629, 4.8964190435460075, 4.548294561701122, 3.0135154836170996, 3.5061217520217407, 1.0964495656435824, 1.09579879996284, 2.1678563098139136, 3.5033307708522186, 2.7963575182726546, 2.8468511394170224, 2.7497385948486084, 3.4756451789559875, 2.7809830635945985], [6.632631915009306, 6.0537273526316, 4.86608725158109, 3.385853490628323, 3.604324809170228, 2.5133426507342764, 3.248532931955593, 4.553773000490912, 5.61187545300143, 4.712157105827436, 1.5420818849853597, 0.0, 1.5294561026717963, 1.53034731025346, 7.513980252169951, 7.100294305872116, 6.050290165768911, 6.941734670815358, 5.866930752957631, 2.908800388476322, 3.744389137095663, 5.111048561694557, 5.9138054169882865, 6.553623822741125, 5.503389705445182, 5.802837161251382, 4.420741757895388, 4.481696578306033, 2.171765298092775, 2.172935675532067, 1.0968472364007669, 2.173627155240751, 2.180985087065017, 2.1791421683772723, 2.175319912104884, 2.175830924037987, 2.1814916777287965], [6.4881958732763305, 5.67441186820273, 4.733084052708128, 3.3833260100084948, 3.3121184851994654, 3.093322163952536, 4.043621305216402, 5.46296736307293, 6.5317396312161735, 5.876943156097394, 2.5523881229154792, 1.5294561026717963, 0.0, 2.502614317069252, 7.251098469887166, 7.1243832252343084, 6.028764004337871, 6.489450741780849, 5.2578126297919745, 3.962635371820123, 4.220040926341829, 5.815656789219942, 6.625500366010103, 7.511615081991356, 6.555532533669558, 6.958531403248821, 5.525359376547375, 5.81845880023224, 2.7773568261928463, 3.491356352479649, 2.137224674665722, 1.0953971152052575, 1.0951224315116552, 1.0942926756585736, 3.464061940843437, 2.7371691507833416, 2.779940087483901], [7.817211112027102, 7.3817308627448615, 6.309873600160307, 4.7183099230550765, 4.72995247121998, 3.832728882924019, 4.522990961742019, 5.644538779209512, 6.686587175084163, 5.445763360631822, 2.5124538224612207, 1.53034731025346, 2.502614317069252, 0.0, 8.645948862906836, 8.3139010133631, 7.1039156118298585, 8.325781157945482, 7.126756313358833, 4.001731329062459, 5.15209633644403, 6.2798864583684955, 7.135684162012778, 7.558959535544558, 6.437730896830031, 6.484089287633229, 5.066666953728062, 5.014433139448566, 2.7873799274587596, 2.6802705161979454, 2.1373128198745266, 2.710107020027069, 2.804389626995507, 3.4646302515564336, 1.095245109553108, 1.0951536056645204, 1.0954131686263409], [1.0951951196019822, 2.1524129552667164, 3.731674697773106, 4.260617538573487, 4.002247266224315, 5.487361882544288, 6.26883854473857, 6.168620118794802, 7.26407535822695, 6.737388553438194, 6.392967903094775, 7.513980252169951, 7.251098469887166, 8.645948862906836, 0.0, 1.7666488728663656, 1.7654304121091828, 2.4666787610063863, 2.491672917940876, 7.310822742345762, 6.300146491947627, 5.218879790721377, 7.172590597545631, 7.476629565519479, 8.219505796579258, 7.019686941025219, 6.192802869460645, 7.713502102806481, 5.9864471901120115, 6.970573957716825, 8.031616565175408, 8.253380947223992, 6.888707608833459, 6.6941601205827155, 9.071748322677388, 9.500720683190302, 8.441797079413838], [1.0953282384746594, 2.1734705634077494, 2.964867229742337, 3.785654322570934, 4.03259465109004, 4.74740970530246, 5.174797439513937, 4.778912638875083, 5.718631924682686, 5.4385973890333155, 5.863846826955833, 7.100294305872116, 7.1243832252343084, 8.3139010133631, 1.7666488728663656, 0.0, 1.7766937890362537, 2.4951825965247516, 3.084057355173538, 6.253619749393147, 5.207427735456346, 3.736561567805353, 5.63445060675839, 5.82234811910109, 6.734219216806059, 5.598440442659008, 5.0949810500138275, 6.474278416163457, 5.71116321952017, 6.267694639977286, 7.433606519718406, 8.162310000238904, 6.99578116581701, 6.526130703563942, 8.578196809936221, 9.21039156279471, 8.294454796428756], [1.0945239558821906, 2.18029002428576, 3.0117385726520154, 2.955004993227592, 2.747115927659406, 4.00930414535989, 4.891187199443506, 4.790289282496413, 6.072961895977942, 5.16622535900245, 4.794261314321529, 6.050290165768911, 6.028764004337871, 7.1039156118298585, 1.7654304121091828, 1.7766937890362537, 0.0, 3.070360280162574, 2.542776909207727, 5.872167188525886, 5.157413153897989, 3.955284926525522, 6.181818484879671, 6.347495887355895, 6.9411512863501255, 5.539328815840417, 4.51686549058083, 6.0988912377578925, 4.374938346994161, 5.280559419228233, 6.605857580208643, 7.094574728621865, 5.700204640186175, 5.623654848939434, 7.437004386848242, 8.028466320537193, 6.911576135007123], [2.14207492866146, 1.0950544917948146, 2.384029374819027, 3.695693610135992, 3.867886793844929, 4.934241883004926, 5.436144597966466, 5.657606640621103, 6.473527315150528, 6.714666510706247, 6.142826054838278, 6.941734670815358, 6.489450741780849, 8.325781157945482, 2.4666787610063863, 2.4951825965247516, 3.070360280162574, 0.0, 1.7586743473423385, 6.477238342071412, 5.04984308370072, 4.8210427793165245, 6.0467644331493515, 6.894923980001519, 7.384479280897199, 7.162692985183715, 6.469503814822278, 7.584683240584277, 6.082445510647835, 6.875768190536967, 7.200550641444028, 7.362275466864848, 6.418723003059099, 5.639986520373963, 8.845938335756133, 9.010748948339424, 8.379853887747686], [2.1680317479225253, 1.0944588343103636, 2.429092715398076, 2.8452712875928015, 2.5139444723382414, 4.236678550468515, 5.169342251195987, 5.677767906492832, 6.792764687518624, 6.516613157921835, 5.145264659859588, 5.866930752957631, 5.2578126297919745, 7.126756313358833, 2.491672917940876, 3.084057355173538, 2.542776909207727, 1.7586743473423385, 0.0, 6.111789636432197, 4.989970461836422, 5.005101343629318, 6.556198268051387, 7.3519964832690174, 7.576914728964554, 7.139785992591094, 6.05121415006939, 7.285362006105119, 4.870107133318527, 6.007653481185479, 6.340720279274272, 6.147426509524128, 4.97505431226635, 4.551528759658671, 7.756908331287666, 7.802452220295874, 7.027549591429433], [6.24053695926881, 5.774689105051458, 4.093926391619664, 3.3901046385030655, 4.388781185021646, 2.097903081650818, 1.0968040618086716, 2.1738919752370403, 2.794885153275533, 2.7709527549202275, 2.532190873532246, 2.908800388476322, 3.962635371820123, 4.001731329062459, 7.310822742345762, 6.253619749393147, 5.872167188525886, 6.477238342071412, 6.111789636432197, 0.0, 1.7472364379213252, 3.0783495025743908, 3.160045532899803, 3.7981816715370527, 2.613963597680733, 3.763983961177305, 3.177045906183919, 2.5579802735752284, 3.5906165501206058, 2.4197564567534475, 2.3396418315631133, 4.62481541793832, 4.719580516317102, 3.8007592096842973, 3.866790723584611, 4.6324844748795435, 4.775007252350513], [5.238395465216424, 4.534523210878956, 2.7296637357007913, 2.749370769830799, 3.9358794138032227, 2.0929960558969047, 1.0956485659188353, 2.1778984847783884, 2.6756695816187768, 3.492687397978812, 3.2907115628690398, 3.744389137095663, 4.220040926341829, 5.15209633644403, 6.300146491947627, 5.207427735456346, 5.157413153897989, 5.04984308370072, 4.989970461836422, 1.7472364379213252, 0.0, 2.5659211386946406, 2.4570105941977536, 3.6983578950664033, 3.0042013880564, 4.325028075053386, 3.8671141410617813, 3.761396348432321, 4.156808826491784, 3.6111656151442295, 3.2990567636826134, 4.949447938911976, 4.925334041463584, 3.6084276160122712, 5.293772444108265, 5.736841599695777, 5.805106251396265], [4.148846904864048, 4.226945821748843, 2.9354186856392395, 3.088967979762821, 4.136600610404635, 2.747510618723793, 2.1755462141724315, 1.095457831228569, 2.135804536936843, 2.1308050380079355, 3.905258580427166, 5.111048561694557, 5.815656789219942, 6.2798864583684955, 5.218879790721377, 3.736561567805353, 3.955284926525522, 4.8210427793165245, 5.005101343629318, 3.0783495025743908, 2.5659211386946406, 0.0, 2.4824012951172905, 2.471388162551565, 3.061672263649393, 2.4901945707112927, 2.4525579809659956, 3.0578855864796517, 4.402348185911697, 3.843606547241796, 5.033628828191447, 6.77366357372434, 6.166211325441256, 5.38700997864307, 6.192474610363776, 7.157232502161712, 6.661303456531612], [6.119735212409112, 5.767899472945069, 4.1401329314407285, 4.690873356849448, 5.907826431099681, 4.087675939944359, 2.7505990147602395, 2.1752800762200715, 1.0951981418903156, 3.463576729336309, 5.228520017175033, 5.9138054169882865, 6.625500366010103, 7.135684162012778, 7.172590597545631, 5.63445060675839, 6.181818484879671, 6.0467644331493515, 6.556198268051387, 3.160045532899803, 2.4570105941977536, 2.4824012951172905, 0.0, 1.7682411882998315, 1.7732008854046966, 3.714580421797326, 4.31465636406887, 3.8184770799364505, 6.067793997821614, 5.130924425481241, 5.366921789070528, 7.336381572682817, 7.308519406829266, 6.064982057681622, 6.98477731284255, 7.76812896777596, 7.824939484111044], [6.4493544118772075, 6.504267918067336, 5.085986105958214, 5.381525860757337, 6.503013606013753, 4.678619660754655, 3.4755728362386535, 2.1760498546678564, 1.0952267116903238, 2.735996823828566, 5.602447567804629, 6.553623822741125, 7.511615081991356, 7.558959535544558, 7.476629565519479, 5.82234811910109, 6.347495887355895, 6.894923980001519, 7.3519964832690174, 3.7981816715370527, 3.6983578950664033, 2.471388162551565, 1.7682411882998315, 0.0, 1.7725398782538009, 2.479589290588262, 3.7173867783699883, 3.158427439407149, 6.334972336166907, 5.203988879696036, 6.134150624984684, 8.307041739391948, 8.080541049954515, 7.131104908778163, 7.1998985805357005, 8.32249045298341, 8.159097368581895], [7.133769217601589, 6.905922696497551, 5.231369664820104, 5.21242117350469, 6.360841257255207, 4.188682586446483, 2.777835549488126, 2.1816770544697945, 1.0953883923065826, 2.780409613708023, 4.8964190435460075, 5.503389705445182, 6.555532533669558, 6.437730896830031, 8.219505796579258, 6.734219216806059, 6.9411512863501255, 7.384479280897199, 7.576914728964554, 2.613963597680733, 3.0042013880564, 3.061672263649393, 1.7732008854046966, 1.7725398782538009, 0.0, 3.0672903824059436, 3.810503809209486, 2.644163257062619, 5.8309765580046715, 4.472758283207354, 4.873874002269653, 7.195891964169557, 7.288943115431756, 6.263337706047791, 6.044512278918789, 7.057641254696926, 7.204018384901582], [6.041242795981634, 6.458911690060486, 5.313286683400398, 4.912465419725619, 5.7410975440241385, 4.1096813696441234, 3.5034094607967248, 2.1741190813752587, 2.705461546575741, 1.0954153687072314, 4.548294561701122, 5.802837161251382, 6.958531403248821, 6.484089287633229, 7.019686941025219, 5.598440442659008, 5.539328815840417, 7.162692985183715, 7.139785992591094, 3.763983961177305, 4.325028075053386, 2.4901945707112927, 3.714580421797326, 2.479589290588262, 3.0672903824059436, 0.0, 1.7625548416999681, 1.7713039321358712, 5.016004380978948, 3.8683744557630404, 5.725159622228887, 7.857904174142111, 7.287759608411902, 6.8787671591644965, 5.9920095660804815, 7.426719658772639, 6.8476747659333235], [5.22540979924063, 5.584110565703369, 4.546315436702561, 3.6503837455807298, 4.276246852088874, 2.845331567673617, 2.8512292191263753, 2.1771489636678516, 3.4626958760480253, 1.0944004111841334, 3.0135154836170996, 4.420741757895388, 5.525359376547375, 5.066666953728062, 6.192802869460645, 5.0949810500138275, 4.51686549058083, 6.469503814822278, 6.05121415006939, 3.177045906183919, 3.8671141410617813, 2.4525579809659956, 4.31465636406887, 3.7173867783699883, 3.810503809209486, 1.7625548416999681, 0.0, 1.7754314433399, 3.3102350158259157, 2.394060780347901, 4.6084727307427995, 6.480975867876689, 5.709340044173231, 5.567517818561518, 4.712036558644256, 6.0885078828888775, 5.2782874618573015], [6.679858068851463, 6.7930700290811075, 5.406993428884485, 4.631263345999664, 5.457920564647309, 3.4466229065565033, 2.789242468843467, 2.181262432629325, 2.810436062250839, 1.0951615634234064, 3.5061217520217407, 4.481696578306033, 5.81845880023224, 5.014433139448566, 7.71