{"total energy": -24.04937422, "HOMO-LUMO gap/eV": 12.1732336, "electronic energy": -24.34679561, "dipole": [-0.72832515, 0.13105491, -0.35279279], "partial charges": [-0.0997064, -0.05625672, -0.01446338, -0.10474939, -0.07464653, 0.07995661, -0.4460861, 0.03597136, 0.03079096, 0.03130128, 0.02519852, 0.03114834, 0.03166634, 0.03327969, 0.03302348, 0.03728221, 0.04620249, 0.03198681, 0.04399446, 0.01671814, 0.28738782], "atomic dipole moments": [[0.07934982, -0.05833004, -0.02477815], [-0.04628227, -5.697e-05, 0.10002183], [-0.02197001, -0.05831302, -0.07444329], [0.0783586, 0.05891109, -0.03022053], [0.01564995, 0.11521457, -0.00972848], [-0.01011782, 0.08667897, 0.17941245], [-0.16663725, -0.03463682, -0.16895535], [-0.10867092, -0.06425375, 0.0137818], [0.0234075, 0.06573768, 0.10529631], [-0.02032785, 0.08278339, -0.09130898], [0.08725765, 0.07567765, -0.034844], [-0.03137276, -0.06113884, -0.1049447], [0.03103846, 0.06553864, 0.10093355], [-0.05052235, -0.06888125, -0.09440992], [0.03665512, -0.08209036, 0.08868408], [-0.0940411, 0.06448003, 0.05479107], [0.02933828, -0.07596793, 0.09482944], [-0.03094076, -0.07742459, -0.09310214], [0.08992216, -0.08204228, -0.02887022], [-0.00743816, 0.07203906, -0.09426019], [-0.05215531, 0.05837772, -0.00239591]], "atomic quadrupole moments": [[0.07736312, -0.15839751, 0.00550112, -0.07629793, 0.04154135, -0.08286424], [0.02701489, -0.19411749, -0.01188928, -0.02079329, -0.08486249, -0.01512562], [0.06920088, -0.0494107, 0.02123867, -0.06624241, -0.1310109, -0.09043956], [0.08862432, 0.13358859, 0.01212957, -0.06430297, -0.06335498, -0.10075388], [0.17571773, 0.02886344, 8.246e-05, -0.13825104, 0.01334651, -0.17580019], [-0.07959667, 0.23232014, -0.01609926, 0.10070719, 0.2732383, 0.09569593], [-0.03853135, 0.02917891, -0.01005242, 0.08081693, 0.11818853, 0.04858378], [0.03150718, 0.05168933, 0.01543251, -0.01917636, -0.00571171, -0.04693969], [-0.02280807, 0.00780363, -0.02173955, 0.03031795, 0.05181858, 0.04454761], [-0.03219168, -0.01792908, 0.00301917, -6.54e-06, -0.06262601, 0.02917251], [0.04058987, 0.02937874, 0.00541812, -0.0066811, -0.01601829, -0.04600799], [-0.01696371, 0.00680113, 0.00770147, 0.02698404, 0.04222815, 0.00926224], [-0.01185659, 0.01247756, 0.00244932, 0.01239158, 0.02034429, 0.00940727], [-0.02970523, 0.02568535, -0.017462, 0.02547412, 0.04645941, 0.04716724], [-0.00889665, -0.02613633, 0.00060519, 0.03427725, -0.0569796, 0.00829146], [0.01860922, -0.0476945, 0.01805583, -0.03372076, 0.02680827, -0.03666504], [-0.00513164, -0.02000282, -0.02183933, 0.00366629, -0.04343334, 0.02697097], [-0.00728326, 0.01845191, -0.02060628, 0.02290835, 0.04605197, 0.02788954], [0.01896228, -0.03323652, 0.01818339, -0.00247487, 0.01112305, -0.03714567], [-0.0311192, -0.00229483, 0.01183824, 0.03437067, -0.01997958, 0.01928096], [0.00069584, -0.10347446, 0.05007607, 0.00604492, 0.03475949, -0.05077191]], "number of molecular orbitals": 42, "number of electrons": 44, "number of unpaired electrons": 0, "orbital energies/eV": [-18.53631703, -17.22177673, -16.87594438, -16.50397963, -16.00314823, -15.6443372, -15.17072621, -15.0320081, -14.30863917, -14.13383772, -13.9115028, -13.53609616, -13.23982951, -12.88461062, -12.67340722, -12.51557096, -12.37109568, -12.10316627, -11.76433092, -11.57870746, -11.51761151, -11.04661724, 1.12661637, 1.67047918, 1.94172872, 2.23825636, 2.8404581, 3.33675637, 3.73853949, 3.92586597, 4.40033724, 4.95334696, 5.10437825, 5.17609778, 5.49386926, 5.80077994, 6.27997295, 6.72633596, 7.24780267, 7.30862418, 7.7563911, 8.0230928], "fractional occupation": [2.0, 2.0, 2.0, 2.0, 2.0, 2.0, 2.0, 2.0, 2.0, 2.0, 2.0, 2.0, 2.0, 2.0, 2.0, 2.0, 2.0, 2.0, 2.0, 2.0, 2.0, 2.0, 0.0, 0.0, 0.0, 0.0, 0.0, 0.0, 0.0, 0.0, 0.0, 0.0, 0.0, 0.0, 0.0, 0.0, 0.0, 0.0, 0.0, 0.0, 0.0, 0.0], "program call": "xtb /home/svss/Project-DBcg-Debug/aqme2_20220329/End-to-End-workflows-final/example-3/QDESCP/mol_551_rdkit_conf_22/mol_551_rdkit_conf_22.xyz --pop --wbo --acc 0.2 --gfn 2 --chrg 0 --uhf 0 --etemp 300 --input /home/svss/Project-DBcg-Debug/aqme2_20220329/End-to-End-workflows-final/example-3/QDESCP/mol_551_rdkit_conf_22/mol_551_rdkit_conf_22_xtb.inp", "method": "GFN2-xTB", "xtb version": "6.3.3 (7355c4f)", "Dipole module/D": 2.084, "Total charge": 0, "Transition dipole module/D": NaN, "HOMO": -11.0466, "LUMO": 1.1266, "HOMO occupancy": 2.0, "LUMO occupancy": 0, "mulliken charges": [-0.08291, -0.05072, -0.00791, -0.09003, -0.07632, 0.19624, -0.56514, 0.02879, 0.02689, 0.02949, 0.02041, 0.02389, 0.02186, 0.02753, 0.03139, 0.03029, 0.03864, 0.0244, 0.03093, 0.0086, 0.33369], "cm5 charges": [-0.2336, -0.16126, -0.08007, -0.23868, -0.18241, 0.10904, -0.78006, 0.08059, 0.07838, 0.08024, 0.07689, 0.07918, 0.08275, 0.07948, 0.08287, 0.08227, 0.09598, 0.08001, 0.09337, 0.07131, 0.50372], "FUKUI+": [0.014, -0.007, -0.047, 0.026, -0.008, -0.01, -0.107, -0.045, -0.039, -0.073, -0.039, -0.051, -0.047, -0.043, -0.043, -0.06, -0.081, -0.095, -0.094, -0.071, -0.078], "FUKUI-": [0.019, 0.003, -0.007, 0.01, 0.004, 0.011, -0.128, -0.081, -0.051, -0.082, -0.078, -0.058, -0.048, -0.053, -0.054, -0.06, -0.078, -0.058, -0.071, -0.095, -0.045], "FUKUIrad": [0.016, -0.002, -0.027, 0.018, -0.002, 0.0, -0.118, -0.063, -0.045, -0.077, -0.058, -0.055, -0.048, -0.048, -0.048, -0.06, -0.08, -0.076, -0.083, -0.083, -0.062], "s proportion": [1.007, 1.032, 1.057, 1.013, 1.043, 0.991, 1.694, 0.971, 0.973, 0.971, 0.98, 0.976, 0.978, 0.972, 0.969, 0.97, 0.961, 0.976, 0.969, 0.991, 0.666], "p proportion": [3.075, 3.019, 2.95, 3.077, 3.033, 2.813, 4.871, 0.0, 0.0, 0.0, 0.0, 0.0, 0.0, 0.0, 0.0, 0.0, 0.0, 0.0, 0.0, 0.0, 0.0], "d proportion": [0.0, 0.0, 0.0, 0.0, 0.0, 0.0, 0.0, 0.0, 0.0, 0.0, 0.0, 0.0, 0.0, 0.0, 0.0, 0.0, 0.0, 0.0, 0.0, 0.0, 0.0], "Fermi-level/eV": -4.96, "Coordination numbers": [3.748, 3.8, 3.846, 3.752, 3.801, 3.673, 1.653, 0.924, 0.924, 0.924, 0.924, 0.924, 0.924, 0.924, 0.924, 0.924, 0.923, 0.924, 0.924, 0.924, 0.804], "Dispersion coefficient C6": [22.47, 21.587, 20.801, 22.563, 21.927, 19.474, 21.765, 2.503, 2.575, 2.568, 2.656, 2.57, 2.563, 2.54, 2.544, 2.485, 2.368, 2.559, 2.396, 2.784, 0.76], "Total dispersion C6": 2911.964432, "Total dispersion C8": 60090.911867, "Polarizability alpha": [6.761, 6.615, 6.487, 6.774, 6.667, 6.324, 6.298, 2.474, 2.51, 2.506, 2.549, 2.507, 2.504, 2.493, 2.494, 2.465, 2.407, 2.501, 2.421, 2.609, 1.37], "Total polarizability alpha": 79.736246, "Wiberg matrix": [[0.0, 1.019603580640522, 0.0, 0.0, 0.0, 0.0, 0.0, 0.9861337589749933, 0.9875586031573316, 0.986972331290439, 0.0, 0.0, 0.0, 0.0, 0.0, 0.0, 0.0, 0.0, 0.0, 0.0, 0.0], [1.019603580640522, 0.0, 0.996269311318633, 0.0, 0.0, 0.0, 0.0, 0.0, 0.0, 0.0, 0.9744496610040441, 0.9774588651410152, 0.0, 0.0, 0.0, 0.0, 0.0, 0.0, 0.0, 0.0, 0.0], [0.0, 0.996269311318633, 0.0, 1.0083569685652214, 0.9938472623573015, 0.0, 0.0, 0.0, 0.0, 0.0, 0.0, 0.0, 0.9659516464295783, 0.0, 0.0, 0.0, 0.0, 0.0, 0.0, 0.0, 0.0], [0.0, 0.0, 1.0083569685652214, 0.0, 0.0, 0.0, 0.0, 0.0, 0.0, 0.0, 0.0, 0.0, 0.0, 0.9871080766613027, 0.9857124725684293, 0.9845269307196243, 0.0, 0.0, 0.0, 0.0, 0.0], [0.0, 0.0, 0.9938472623573015, 0.0, 0.0, 0.9996585635827261, 0.0, 0.0, 0.0, 0.0, 0.0, 0.0, 0.0, 0.0, 0.0, 0.0, 0.9746631602867883, 0.9752665510189238, 0.0, 0.0, 0.0], [0.0, 0.0, 0.0, 0.0, 0.9996585635827261, 0.0, 0.9955721211251929, 0.0, 0.0, 0.0, 0.0, 0.0, 0.0, 0.0, 0.0, 0.0, 0.0, 0.0, 0.9727608533517401, 0.9707411427701499, 0.0], [0.0, 0.0, 0.0, 0.0, 0.0, 0.9955721211251929, 0.0, 0.0, 0.0, 0.0, 0.0, 0.0, 0.0, 0.0, 0.0, 0.0, 0.0, 0.0, 0.0, 0.0, 0.900985223020812], [0.9861337589749933, 0.0, 0.0, 0.0, 0.0, 0.0, 0.0, 0.0, 0.0, 0.0, 0.0, 0.0, 0.0, 0.0, 0.0, 0.0, 0.0, 0.0, 0.0, 0.0, 0.0], [0.9875586031573316, 0.0, 0.0, 0.0, 0.0, 0.0, 0.0, 0.0, 0.0, 0.0, 0.0, 0.0, 0.0, 0.0, 0.0, 0.0, 0.0, 0.0, 0.0, 0.0, 0.0], [0.986972331290439, 0.0, 0.0, 0.0, 0.0, 0.0, 0.0, 0.0, 0.0, 0.0, 0.0, 0.0, 0.0, 0.0, 0.0, 0.0, 0.0, 0.0, 0.0, 0.0, 0.0], [0.0, 0.9744496610040441, 0.0, 0.0, 0.0, 0.0, 0.0, 0.0, 0.0, 0.0, 0.0, 0.0, 0.0, 0.0, 0.0, 0.0, 0.0, 0.0, 0.0, 0.0, 0.0], [0.0, 0.9774588651410152, 0.0, 0.0, 0.0, 0.0, 0.0, 0.0, 0.0, 0.0, 0.0, 0.0, 0.0, 0.0, 0.0, 0.0, 0.0, 0.0, 0.0, 0.0, 0.0], [0.0, 0.0, 0.9659516464295783, 0.0, 0.0, 0.0, 0.0, 0.0, 0.0, 0.0, 0.0, 0.0, 0.0, 0.0, 0.0, 0.0, 0.0, 0.0, 0.0, 0.0, 0.0], [0.0, 0.0, 0.0, 0.9871080766613027, 0.0, 0.0, 0.0, 0.0, 0.0, 0.0, 0.0, 0.0, 0.0, 0.0, 0.0, 0.0, 0.0, 0.0, 0.0, 0.0, 0.0], [0.0, 0.0, 0.0, 0.9857124725684293, 0.0, 0.0, 0.0, 0.0, 0.0, 0.0, 0.0, 0.0, 0.0, 0.0, 0.0, 0.0, 0.0, 0.0, 0.0, 0.0, 0.0], [0.0, 0.0, 0.0, 0.9845269307196243, 0.0, 0.0, 0.0, 0.0, 0.0, 0.0, 0.0, 0.0, 0.0, 0.0, 0.0, 0.0, 0.0, 0.0, 0.0, 0.0, 0.0], [0.0, 0.0, 0.0, 0.0, 0.9746631602867883, 0.0, 0.0, 0.0, 0.0, 0.0, 0.0, 0.0, 0.0, 0.0, 0.0, 0.0, 0.0, 0.0, 0.0, 0.0, 0.0], [0.0, 0.0, 0.0, 0.0, 0.9752665510189238, 0.0, 0.0, 0.0, 0.0, 0.0, 0.0, 0.0, 0.0, 0.0, 0.0, 0.0, 0.0, 0.0, 0.0, 0.0, 0.0], [0.0, 0.0, 0.0, 0.0, 0.0, 0.9727608533517401, 0.0, 0.0, 0.0, 0.0, 0.0, 0.0, 0.0, 0.0, 0.0, 0.0, 0.0, 0.0, 0.0, 0.0, 0.0], [0.0, 0.0, 0.0, 0.0, 0.0, 0.9707411427701499, 0.0, 0.0, 0.0, 0.0, 0.0, 0.0, 0.0, 0.0, 0.0, 0.0, 0.0, 0.0, 0.0, 0.0, 0.0], [0.0, 0.0, 0.0, 0.0, 0.0, 0.0, 0.900985223020812, 0.0, 0.0, 0.0, 0.0, 0.0, 0.0, 0.0, 0.0, 0.0, 0.0, 0.0, 0.0, 0.0, 0.0]], "Born radii": [], "Atomic SASAs": [], "Solvent H bonds": [], "Total SASA": NaN, "Total FOD": 0.0, "FOD": [0.0, 0.0, 0.0, 0.0, 0.0, 0.0, 0.0, 0.0, 0.0, 0.0, 0.0, 0.0, 0.0, 0.0, 0.0, 0.0, 0.0, 0.0, 0.0, 0.0, 0.0], "FOD s proportion": [0.0, 0.0, 0.0, 0.0, 0.0, 0.0, 0.0, 0.0, 0.0, 0.0, 0.0, 0.0, 0.0, 0.0, 0.0, 0.0, 0.0, 0.0, 0.0, 0.0, 0.0], "FOD p proportion": [0.0, 0.0, 0.0, 0.0, 0.0, 0.0, 0.0, 0.0, 0.0, 0.0, 0.0, 0.0, 0.0, 0.0, 0.0, 0.0, 0.0, 0.0, 0.0, 0.0, 0.0], "FOD d proportion": [0.0, 0.0, 0.0, 0.0, 0.0, 0.0, 0.0, 0.0, 0.0, 0.0, 0.0, 0.0, 0.0, 0.0, 0.0, 0.0, 0.0, 0.0, 0.0, 0.0, 0.0], "coordinates": [["-1.77600", "1.61990", "-0.34660"], ["-0.61340", "0.71130", "-0.72410"], ["-0.16940", "-0.23650", "0.40750"], ["-1.31620", "-1.14330", "0.87160"], ["1.02320", "-1.12150", "-0.02150"], ["2.29150", "-0.37100", "-0.42040"], ["2.76120", "0.44560", "0.64150"], ["-2.70080", "1.05320", "-0.20530"], ["-1.56050", "2.17310", "0.57280"], ["-1.95680", "2.34710", "-1.14500"], ["0.22390", "1.35640", "-1.01190"], ["-0.88720", "0.13100", "-1.61360"], ["0.13680", "0.36920", "1.26970"], ["-1.72860", "-1.71960", "0.03660"], ["-0.97000", "-1.85090", "1.63280"], ["-2.12730", "-0.56260", "1.32130"], ["1.27570", "-1.78000", "0.82000"], ["0.72130", "-1.76940", "-0.85380"], ["3.08110", "-1.09240", "-0.65470"], ["2.14530", "0.24780", "-1.31050"], ["2.14630", "1.19260", "0.73370"]], "bond_dist": [[0.0, 1.5230558000283507, 2.568277891895657, 3.054619701370368, 3.9314735926876065, 4.5292036275707455, 4.789729213640371, 1.0937868256657692, 1.094425351497305, 1.0949662277896979, 2.124065994737452, 2.14757482989534, 2.7991927443461266, 3.3617479456378048, 4.076041339338943, 2.769225225582058, 4.715203968016654, 4.240414321737912, 5.5716171180367375, 4.2647808044493924, 4.090729845638795], [1.5230558000283507, 0.0, 1.5414212273093943, 2.545530885689663, 2.5556334165916677, 3.114811549676802, 3.6501212322332526, 2.177909045391933, 2.1715909513534077, 2.1581756207500815, 1.0954698261476672, 1.0967792758800652, 2.157561329371659, 2.780577339330809, 3.49957283250399, 2.8457644983378367, 3.487050230495683, 2.8199501183531597, 4.11187065701245, 2.858167752249682, 3.1579700156904593], [2.568277891895657, 1.5414212273093943, 0.0, 1.5338922028617266, 1.54582041647793, 2.599911050401533, 3.0180180201582627, 2.9063440763268202, 2.787230786999885, 3.5042893673325555, 2.169495715598443, 2.176037292878961, 1.097278346637716, 2.183633911625298, 2.179130058073634, 2.185118774803786, 2.1542661186585095, 2.1757772381381324, 3.525136011560405, 2.9229961648965608, 2.7406568081392457], [3.054619701370368, 2.545530885689663, 1.5338922028617266, 0.0, 2.5041755549481755, 3.9091189007243057, 4.382093104898616, 2.810950554527774, 3.338783145099424, 4.0816584962487985, 3.4882632283129094, 2.825615071095141, 2.1347948051276497, 1.0951805558902148, 1.095434909065801, 1.0942238299360876, 2.669455948316061, 2.742337072644426, 4.65493606723014, 4.32188637865458, 4.179037146281426], [3.9314735926876065, 2.5556334165916677, 1.54582041647793, 2.5041755549481755, 0.0, 1.5267469829673808, 2.4322860460891516, 4.31639647507038, 4.228839952043587, 4.708910511997441, 2.785634767876076, 2.784450900985686, 2.162195386638312, 2.816647379421145, 2.6910182255049855, 3.4700333283702047, 1.0979529816891067, 1.0971058791201513, 2.153309420403858, 2.189888558808416, 2.6808094784971197], [4.5292036275707455, 3.114811549676802, 2.599911050401533, 3.9091189007243057, 1.5267469829673808, 0.0, 1.4195369878942923, 5.195928496428718, 4.721948226103289, 5.095210070252256, 2.7583967753026393, 3.4321806377287314, 2.8367351198164417, 4.264830004818481, 4.128330958147614, 4.753527415509455, 2.134413924242437, 2.146831656185459, 1.0948893140404652, 1.0938765423940675, 1.948813692993766], [4.789729213640371, 3.6501212322332526, 3.0180180201582627, 4.382093104898616, 2.4322860460891516, 1.4195369878942923, 0.0, 5.560547814739119, 4.654682248016506, 5.391364252209268, 3.1624641484133855, 4.300612948173783, 2.6996198917625422, 5.0211850284569275, 4.492042005591666, 5.0374624097853085, 2.6817658100587383, 3.362043887280474, 2.036642936304742, 2.05639530489641, 0.9719114414389822], [1.0937868256657692, 2.177909045391933, 2.9063440763268202, 2.810950554527774, 4.31639647507038, 5.195928496428718, 5.560547814739119, 0.0, 1.7776106744729003, 1.7637316405848145, 3.0490004739258407, 2.4744507855279725, 3.270390612755608, 2.9482381671092996, 3.8481264350330275, 2.295695853112951, 4.989069510439798, 4.4831229539239725, 6.183520625824742, 5.035357128347502, 4.939183310022012], [1.094425351497305, 2.1715909513534077, 2.787230786999885, 3.338783145099424, 4.228839952043587, 4.721948226103289, 4.654682248016506, 1.7776106744729003, 0.0, 1.7714870956346254, 2.522371174113754, 3.066569787237851, 2.5730433556393875, 3.9330498776394887, 4.202959225355392, 2.892329334636704, 4.871564213884489, 4.7733745977033895, 5.806435831041277, 4.581108230548587, 3.8376601334667457], [1.0949662277896979, 2.1581756207500815, 3.5042893673325555, 4.0816584962487985, 4.708910511997441, 5.095210070252256, 5.391364252209268, 1.7637316405848145, 1.7714870956346254, 0.0, 2.3988861144289446, 2.5049409833367333, 3.7584605172863, 4.2410261364438675, 5.129634595173423, 3.818122579226602, 5.598502983834161, 4.919612718497261, 6.119721460164671, 4.611038402572679, 4.6580911916792695], [2.124065994737452, 1.0954698261476672, 2.169495715598443, 3.4882632283129094, 2.785634767876076, 2.7583967753026393, 3.1624641484133855, 3.0490004739258407, 2.522371174113754, 2.3988861144289446, 0.0, 1.7601679635762038, 2.487538705226514, 3.7912246702088233, 4.32511370833184, 3.828122866366752, 3.7814211362925447, 3.16907368327087, 3.7799213113502774, 2.2382881583924803, 2.601840033514743], [2.14757482989534, 1.0967792758800652, 2.176037292878961, 2.825615071095141, 2.784450900985686, 3.4321806377287314, 4.300612948173783, 2.4744507855279725, 3.066569787237851, 2.5049409833367333, 1.7601679635762038, 0.0, 3.0689956223494357, 2.6183648256115877, 3.804457439635775, 3.2607617177585975, 3.775243882188275, 2.603092094029714, 4.261877715279968, 3.0498472256819684, 3.979815837447758], [2.7991927443461266, 2.157561329371659, 1.097278346637716, 2.1347948051276497, 2.162195386638312, 2.8367351198164417, 2.6996198917625422, 3.270390612755608, 2.5730433556393875, 3.7584605172863, 2.487538705226514, 3.0689956223494357, 0.0, 3.0599572235572183, 2.5071282097252228, 2.448890077157405, 2.4735367270368154, 3.069935253388905, 3.809001497768149, 3.272039463392824, 2.2368222571317555], [3.3617479456378048, 2.780577339330809, 2.183633911625298, 1.0951805558902148, 2.816647379421145, 4.264830004818481, 5.0211850284569275, 2.9482381671092996, 3.9330498776394887, 4.2410261364438675, 3.7912246702088233, 2.6183648256115877, 3.0599572235572183, 0.0, 1.7721648032843897, 1.7742786646972906, 3.105347357382101, 2.607163633146182, 4.899437684061305, 4.548894632765195, 4.897112134717767], [4.076041339338943, 3.49957283250399, 2.179130058073634, 1.095434909065801, 2.6910182255049855, 4.128330958147614, 4.492042005591666, 3.8481264350330275, 4.202959225355392, 5.129634595173423, 4.32511370833184, 3.804457439635775, 2.5071282097252228, 1.7721648032843897, 0.0, 1.759571660944788, 2.38931771432767, 3.0083745611210055, 4.713744765046152, 4.772069851751963, 4.447763342400312], [2.769225225582058, 2.8457644983378367, 2.185118774803786, 1.0942238299360876, 3.4700333283702047, 4.753527415509455, 5.0374624097853085, 2.295695853112951, 2.892329334636704, 3.818122579226602, 3.828122866366752, 3.2607617177585975, 2.448890077157405, 1.7742786646972906, 1.759571660944788, 0.0, 3.6488043863709656, 3.7817916666574853, 5.595774709546481, 5.083131924315953, 4.657215666039098], [4.715203968016654, 3.487050230495683, 2.1542661186585095, 2.669455948316061, 1.0979529816891067, 2.134413924242437, 2.6817658100587383, 4.989069510439798, 4.871564213884489, 5.598502983834161, 3.7814211362925447, 3.775243882188275, 2.4735367270368154, 3.105347357382101, 2.38931771432767, 3.6488043863709656, 0.0, 1.7632578257305425, 2.4304326795860858, 3.067117091015601, 3.0986679089570086], [4.240414321737912, 2.8199501183531597, 2.1757772381381324, 2.742337072644426, 1.0971058791201513, 2.146831656185459, 3.362043887280474, 4.4831229539239725, 4.7733745977033895, 4.919612718497261, 3.16907368327087, 2.603092094029714, 3.069935253388905, 2.607163633146182, 3.0083745611210055, 3.7817916666574853, 1.7632578257305425, 0.0, 2.463052141145209, 2.511064859775629, 3.6502363279656294], [5.5716171180367375, 4.11187065701245, 3.525136011560405, 4.65493606723014, 2.153309420403858, 1.0948893140404652, 2.036642936304742, 6.183520625824742, 5.806435831041277, 6.119721460164671, 3.7799213113502774, 4.261877715279968, 3.809001497768149, 4.899437684061305, 4.713744765046152, 5.595774709546481, 2.4304326795860858, 2.463052141145209, 0.0, 1.7612300587941372, 2.8324425148623935], [4.2647808044493924, 2.858167752249682, 2.9229961648965608, 4.32188637865458, 2.189888558808416, 1.0938765423940675, 2.05639530489641, 5.035357128347502, 4.581108230548587, 4.611038402572679, 2.2382881583924803, 3.0498472256819684, 3.272039463392824, 4.548894632765195, 4.772069851751963, 5.083131924315953, 3.067117091015601, 2.511064859775629, 1.7612300587941372, 0.0, 2.251977282301045], [4.090729845638795, 3.1579700156904593, 2.7406568081392457, 4.179037146281426, 2.6808094784971197, 1.948813692993766, 0.9719114414389822, 4.939183310022012, 3.8376601334667457, 4.6580911916792695, 2.601840033514743, 3.979815837447758, 2.2368222571317555, 4.897112134717767, 4.447763342400312, 4.657215666039098, 3.0986679089570086, 3.6502363279656294, 2.8324425148623935, 2.251977282301045, 0.0]]}