{"total energy": -44.81518255, "HOMO-LUMO gap/eV": 3.92032229, "electronic energy": -45.45077296, "dipole": [0.63606158, -0.7556008, -1.402345], "partial charges": [-0.09904733, -0.01279996, -0.09913623, 0.00235002, -0.03520849, -0.05905715, 0.07695228, -0.18822255, 0.31635457, -0.4599593, -0.14520982, -0.04238849, -0.03701468, -0.04612801, -0.03894045, 0.03355759, 0.03387104, 0.03099642, 0.03283886, 0.03215415, 0.03394395, 0.03338929, 0.03172361, 0.02014523, 0.17185298, 0.05197543, 0.04687422, 0.05118926, 0.07433688, 0.04518055, 0.04410721, 0.06528584, 0.03403309], "atomic dipole moments": [[0.02976355, 0.09316147, 0.03021196], [-0.00418061, -0.01376625, -0.09416463], [0.05539831, -0.06903809, 0.05226903], [-0.08106799, -0.01065845, 0.01037517], [0.00326507, 0.00175522, 0.00249167], [0.03581349, 0.00651425, 0.02067132], [0.1721919, 0.03005522, -0.02308835], [-0.00879755, 0.04909978, 0.02880159], [-0.00447764, -0.01936495, -0.04123662], [0.04140131, -0.08992756, -0.18055198], [0.05375186, -0.08372297, 0.06781846], [-0.06048827, 0.10994105, 0.08511395], [-0.11692318, -0.07475205, -0.08923414], [0.00966361, -0.0008814, -0.05018021], [0.00204199, 0.00311708, 0.00046612], [-0.12064733, -0.02044467, 0.02751933], [0.01182705, -0.02651932, -0.12344227], [0.06637515, -0.08986132, 0.06092766], [-0.02867536, 0.01168551, 0.11868831], [0.03349428, 0.11865311, 0.03255813], [0.00820264, -0.00438561, -0.12647781], [-0.12214442, -0.01064498, 0.02624076], [-0.08224256, -0.02934216, -0.12281145], [0.04808715, -0.01162136, -0.14067638], [0.0383819, 0.00821032, -0.12511388], [0.08887831, 0.04458679, -0.07578271], [0.04258169, -0.08546553, 0.07673457], [-0.09186357, -0.05926504, -0.07223872], [-0.04141659, 0.11507254, 0.0565161], [0.09705854, 0.0262188, -0.07335041], [0.0252447, -0.08270927, 0.08788125], [0.08074224, 0.02805264, 0.13212967], [-0.05248389, 0.0104062, 0.14182265]], "atomic quadrupole moments": [[-0.08237694, 0.08329865, 0.17288394, 0.02580285, 0.08297922, -0.09050701], [0.05411951, 0.00413231, 0.10015543, 0.08559398, -0.02122658, -0.15427494], [-0.01431474, -0.12067131, 0.0486847, 0.08720056, -0.11440237, -0.03436996], [-0.07517907, -0.08355113, 0.40631842, -0.02550967, -0.10603289, -0.33113935], [-0.22638604, -0.11391637, 0.48293008, 0.02343081, -0.1007789, -0.25654404], [-0.20363678, -0.10242447, 0.415526, 0.02073516, -0.09115437, -0.21188922], [0.0097593, -0.06318902, 0.3462884, -0.02460455, -0.09766106, -0.3560477], [0.03870646, -0.00067372, -0.01160011, 0.02923673, 0.0381932, -0.02710634], [-0.20780395, -0.00200618, 0.30620237, 0.0453423, -0.27540526, -0.09839843], [-0.09035439, -0.00633684, 0.09913153, -0.01894661, -0.07762732, -0.00877713], [0.01424683, -0.00711843, -0.02419201, 0.019817, 0.09240178, 0.00994518], [-0.05950803, -0.11753117, 0.07794135, -0.07871691, 0.2261263, -0.01843332], [0.14110152, 0.15275833, -0.11304735, 0.19250428, 0.12876894, -0.02805416], [-0.22244857, -0.10789262, 0.47922618, 0.00336088, -0.08795802, -0.25677761], [-0.2196178, -0.1144629, 0.48074622, 0.00825909, -0.09877008, -0.26112843], [0.07275842, 0.007576, -0.03308285, -0.03343447, 0.00943864, -0.03967556], [-0.0447532, 0.00541657, -0.03451479, -0.02275751, 0.00363382, 0.07926799], [-0.00266457, -0.04103256, 0.01138179, 0.04650044, -0.03486632, -0.00871722], [-0.01079632, 0.00115445, -0.01941678, -0.00240104, 0.00649344, 0.0302131], [-0.02762951, 0.03501247, 0.05528779, 0.02456899, 0.03169388, -0.02765827], [-0.0387337, -0.0133761, -0.0361137, -0.02274705, 0.02003268, 0.0748474], [0.06964269, 0.01788407, -0.03793215, -0.03032541, -0.01925187, -0.03171054], [0.03795089, 0.01629057, -0.06448115, -0.00487498, 0.01257622, 0.02653025], [0.03715317, 0.01553462, -0.06369243, -0.00929712, 0.01126277, 0.02653926], [0.02451255, 0.01653763, -0.06661219, -0.00587438, 0.02005236, 0.04209964], [0.00853723, 0.02560078, -0.00660848, -0.05954133, -0.0135784, -0.00192875], [-0.03350824, -0.04213381, 0.02024938, 0.01594316, -0.03182644, 0.01325885], [0.05373469, 0.01703729, -0.0352088, 0.04240175, 0.02478863, -0.0185259], [-0.00419084, -0.0330454, 0.03157536, -0.00442304, 0.03748439, -0.02738452], [0.03512593, 0.02464511, -0.04881683, -0.04872186, -0.00453335, 0.01369091], [-0.02006039, -0.00181105, 0.00689719, 0.0394464, -0.04967588, 0.0131632], [0.04595905, 0.01798146, -0.05745882, -0.0060019, 0.00762457, 0.01149977], [0.03934984, 0.01689299, -0.06450597, -0.00131966, 0.01150671, 0.02515612]], "number of molecular orbitals": 78, "number of electrons": 82, "number of unpaired electrons": 0, "orbital energies/eV": [-18.74733357, -18.03438455, -17.87542796, -17.48151923, -17.12284642, -17.06270479, -16.82963695, -16.51984958, -16.29049731, -15.97877341, -15.89184334, -15.66118512, -15.271988, -15.18668645, -14.93550489, -14.81847466, -14.64167177, -14.23504117, -13.97484338, -13.87219687, -13.67129124, -13.4825809, -13.32955681, -13.26331863, -13.19823833, -13.08830031, -12.95995871, -12.81870103, -12.7323769, -12.64086814, -12.54974236, -12.50357216, -11.99615469, -11.69145163, -11.56551019, -11.35227003, -11.26225259, -10.72781573, -10.65913365, -10.35570673, -9.90838551, -5.98806322, -5.93470775, -4.85798519, -2.35221094, -0.64797379, 0.52897122, 2.18546716, 2.4677736, 2.7379224, 2.83013106, 3.41987492, 3.50215769, 3.76533498, 4.0103268, 4.09990927, 4.54632079, 4.70711181, 4.9381262, 5.17262509, 5.26397038, 5.32401792, 5.4833571, 5.7588625, 5.92261466, 6.30113589, 6.54013501, 6.86602541, 7.06125865, 7.60056646, 9.32659307, 10.65529837, 10.94009651, 11.68643157, 12.66689547, 16.48860555, 16.76059499, 17.61343769], "fractional occupation": [2.0, 2.0, 2.0, 2.0, 2.0, 2.0, 2.0, 2.0, 2.0, 2.0, 2.0, 2.0, 2.0, 2.0, 2.0, 2.0, 2.0, 2.0, 2.0, 2.0, 2.0, 2.0, 2.0, 2.0, 2.0, 2.0, 2.0, 2.0, 2.0, 2.0, 2.0, 2.0, 2.0, 2.0, 2.0, 2.0, 2.0, 2.0, 2.0, 2.0, 2.0, 0.0, 0.0, 0.0, 0.0, 0.0, 0.0, 0.0, 0.0, 0.0, 0.0, 0.0, 0.0, 0.0, 0.0, 0.0, 0.0, 0.0, 0.0, 0.0, 0.0, 0.0, 0.0, 0.0, 0.0, 0.0, 0.0, 0.0, 0.0, 0.0, 0.0, 0.0, 0.0, 0.0, 0.0, 0.0, 0.0, 0.0], "program call": "xtb /home/svss/Project-DBcg-Debug/aqme2_20220329/End-to-End-workflows-final/example-3/QDESCP/mol_326_rdkit_conf_1/mol_326_rdkit_conf_1.xyz --pop --wbo --acc 0.2 --gfn 2 --chrg 0 --uhf 0 --etemp 300 --input /home/svss/Project-DBcg-Debug/aqme2_20220329/End-to-End-workflows-final/example-3/QDESCP/mol_326_rdkit_conf_1/mol_326_rdkit_conf_1_xtb.inp", "method": "GFN2-xTB", "xtb version": "6.3.3 (7355c4f)", "Dipole module/D": 4.36, "Total charge": 0, "Transition dipole module/D": NaN, "HOMO": -9.9084, "LUMO": -5.9881, "HOMO occupancy": 2.0, "LUMO occupancy": 0, "mulliken charges": [-0.08695, 0.00018, -0.08683, -0.01345, -0.03466, -0.0757, 0.15092, -0.34601, 0.55887, -0.57011, -0.31298, 0.05755, 0.06783, -0.05088, -0.03643, 0.02878, 0.02686, 0.0294, 0.02322, 0.03085, 0.02703, 0.02861, 0.02815, 0.02493, 0.22255, 0.03362, 0.03648, 0.03189, 0.05711, 0.02306, 0.0336, 0.06118, 0.03132], "cm5 charges": [-0.23401, -0.06752, -0.2339, -0.02706, -0.08782, -0.12363, 0.20323, -0.68975, 0.71747, -0.61322, -0.5737, -0.0299, -0.01839, -0.09801, -0.08957, 0.08012, 0.07902, 0.08095, 0.08236, 0.08241, 0.0792, 0.07995, 0.08498, 0.08385, 0.42567, 0.09512, 0.09849, 0.09714, 0.12243, 0.08453, 0.09619, 0.12584, 0.08751], "FUKUI+": [0.013, 0.004, 0.013, -0.067, -0.031, -0.035, -0.051, -0.021, -0.051, -0.095, -0.05, 0.021, 0.024, -0.029, -0.035, -0.034, -0.015, -0.013, -0.028, -0.013, -0.015, -0.034, -0.069, -0.065, -0.041, -0.036, -0.032, -0.012, -0.017, -0.036, -0.029, -0.052, -0.068], "FUKUI-": [0.008, -0.004, 0.007, -0.053, -0.022, -0.023, -0.032, -0.06, -0.0, -0.06, -0.091, 0.027, 0.028, -0.025, -0.02, -0.037, -0.02, -0.021, -0.03, -0.021, -0.02, -0.038, -0.051, -0.047, -0.04, -0.046, -0.051, -0.023, -0.035, -0.048, -0.058, -0.042, -0.05], "FUKUIrad": [0.01, 0.0, 0.01, -0.06, -0.027, -0.029, -0.041, -0.04, -0.026, -0.077, -0.07, 0.024, 0.026, -0.027, -0.027, -0.036, -0.017, -0.017, -0.029, -0.017, -0.018, -0.036, -0.06, -0.056, -0.041, -0.041, -0.042, -0.017, -0.026, -0.042, -0.044, -0.047, -0.059], "s proportion": [1.012, 1.051, 1.012, 1.089, 1.06, 1.058, 1.038, 1.42, 0.946, 1.725, 1.445, 0.984, 0.981, 1.061, 1.066, 0.971, 0.973, 0.971, 0.977, 0.969, 0.973, 0.971, 0.972, 0.975, 0.777, 0.966, 0.964, 0.968, 0.943, 0.977, 0.966, 0.939, 0.969], "p proportion": [3.075, 2.949, 3.074, 2.924, 2.975, 3.018, 2.811, 3.926, 2.495, 4.845, 3.868, 2.959, 2.951, 2.99, 2.971, 0.0, 0.0, 0.0, 0.0, 0.0, 0.0, 0.0, 0.0, 0.0, 0.0, 0.0, 0.0, 0.0, 0.0, 0.0, 0.0, 0.0, 0.0], "d proportion": [0.0, 0.0, 0.0, 0.0, 0.0, 0.0, 0.0, 0.0, 0.0, 0.0, 0.0, 0.0, 0.0, 0.0, 0.0, 0.0, 0.0, 0.0, 0.0, 0.0, 0.0, 0.0, 0.0, 0.0, 0.0, 0.0, 0.0, 0.0, 0.0, 0.0, 0.0, 0.0, 0.0], "Fermi-level/eV": -7.9482, "Coordination numbers": [3.752, 3.853, 3.752, 2.962, 2.913, 2.918, 2.896, 2.695, 2.693, 0.858, 2.732, 3.69, 3.698, 2.913, 2.915, 0.924, 0.924, 0.924, 0.923, 0.924, 0.924, 0.924, 0.925, 0.925, 0.86, 0.924, 0.924, 0.924, 0.924, 0.924, 0.924, 0.925, 0.925], "Dispersion coefficient C6": [22.452, 20.768, 22.454, 27.971, 28.876, 29.468, 26.281, 25.08, 21.623, 22.916, 24.14, 21.525, 21.404, 29.145, 28.968, 2.537, 2.532, 2.572, 2.547, 2.556, 2.531, 2.539, 2.562, 2.731, 1.262, 2.295, 2.359, 2.305, 2.039, 2.381, 2.395, 2.138, 2.53], "Total dispersion C6": 10435.350388, "Total dispersion C8": 236089.274971, "Polarizability alpha": [6.757, 6.482, 6.758, 8.675, 8.812, 8.902, 8.405, 7.438, 7.61, 6.418, 7.297, 6.64, 6.617, 8.853, 8.826, 2.491, 2.489, 2.508, 2.496, 2.5, 2.488, 2.492, 2.503, 2.584, 1.759, 2.369, 2.402, 2.374, 2.233, 2.413, 2.42, 2.287, 2.487], "Total polarizability alpha": 157.784836, "Wiberg matrix": [[0.0, 0.9985120068015458, 0.0, 0.0, 0.0, 0.0, 0.0, 0.0, 0.0, 0.0, 0.0, 0.0, 0.0, 0.0, 0.0, 0.9856841642775162, 0.9858761452599449, 0.9874315852350453, 0.0, 0.0, 0.0, 0.0, 0.0, 0.0, 0.0, 0.0, 0.0, 0.0, 0.0, 0.0, 0.0, 0.0, 0.0], [0.9985120068015458, 0.0, 0.9986196901491142, 0.996442251367384, 0.0, 0.0, 0.0, 0.0, 0.0, 0.0, 0.0, 0.0, 0.0, 0.0, 0.0, 0.0, 0.0, 0.0, 0.9675205820574613, 0.0, 0.0, 0.0, 0.0, 0.0, 0.0, 0.0, 0.0, 0.0, 0.0, 0.0, 0.0, 0.0, 0.0], [0.0, 0.9986196901491142, 0.0, 0.0, 0.0, 0.0, 0.0, 0.0, 0.0, 0.0, 0.0, 0.0, 0.0, 0.0, 0.0, 0.0, 0.0, 0.0, 0.0, 0.9873517140044733, 0.985863236731418, 0.9856889259782289, 0.0, 0.0, 0.0, 0.0, 0.0, 0.0, 0.0, 0.0, 0.0, 0.0, 0.0], [0.0, 0.996442251367384, 0.0, 0.0, 1.4048291250264375, 0.0, 0.0, 0.0, 0.0, 0.0, 0.0, 0.0, 0.0, 0.0, 1.4115286293330995, 0.0, 0.0, 0.0, 0.0, 0.0, 0.0, 0.0, 0.0, 0.0, 0.0, 0.0, 0.0, 0.0, 0.0, 0.0, 0.0, 0.0, 0.0], [0.0, 0.0, 0.0, 1.4048291250264375, 0.0, 1.4537905743854433, 0.0, 0.0, 0.0, 0.0, 0.0, 0.0, 0.0, 0.10740578637822731, 0.0, 0.0, 0.0, 0.0, 0.0, 0.0, 0.0, 0.0, 0.9683667050100855, 0.0, 0.0, 0.0, 0.0, 0.0, 0.0, 0.0, 0.0, 0.0, 0.0], [0.0, 0.0, 0.0, 0.0, 1.4537905743854433, 0.0, 1.3654667351822105, 0.0, 0.0, 0.0, 0.0, 0.0, 0.0, 0.0, 0.1069295116302661, 0.0, 0.0, 0.0, 0.0, 0.0, 0.0, 0.0, 0.0, 0.9681465777423657, 0.0, 0.0, 0.0, 0.0, 0.0, 0.0, 0.0, 0.0, 0.0], [0.0, 0.0, 0.0, 0.0, 0.0, 1.3654667351822105, 0.0, 1.0697653089418069, 0.0, 0.0, 0.0, 0.0, 0.0, 1.3763358038350402, 0.0, 0.0, 0.0, 0.0, 0.0, 0.0, 0.0, 0.0, 0.0, 0.0, 0.0, 0.0, 0.0, 0.0, 0.0, 0.0, 0.0, 0.0, 0.0], [0.0, 0.0, 0.0, 0.0, 0.0, 0.0, 1.0697653089418069, 0.0, 1.1299059314357425, 0.12427695707819543, 0.0, 0.0, 0.0, 0.0, 0.0, 0.0, 0.0, 0.0, 0.0, 0.0, 0.0, 0.0, 0.0, 0.0, 0.9302069787227081, 0.0, 0.0, 0.0, 0.0, 0.0, 0.0, 0.0, 0.0], [0.0, 0.0, 0.0, 0.0, 0.0, 0.0, 0.0, 1.1299059314357425, 0.0, 1.6236755508882041, 1.1339553747834492, 0.0, 0.0, 0.0, 0.0, 0.0, 0.0, 0.0, 0.0, 0.0, 0.0, 0.0, 0.0, 0.0, 0.0, 0.0, 0.0, 0.0, 0.0, 0.0, 0.0, 0.0, 0.0], [0.0, 0.0, 0.0, 0.0, 0.0, 0.0, 0.0, 0.12427695707819543, 1.6236755508882041, 0.0, 0.15176577898707935, 0.0, 0.0, 0.0, 0.0, 0.0, 0.0, 0.0, 0.0, 0.0, 0.0, 0.0, 0.0, 0.0, 0.0, 0.0, 0.0, 0.0, 0.0, 0.0, 0.0, 0.0, 0.0], [0.0, 0.0, 0.0, 0.0, 0.0, 0.0, 0.0, 0.0, 1.1339553747834492, 0.15176577898707935, 0.0, 1.000995582113904, 1.0006087798115597, 0.0, 0.0, 0.0, 0.0, 0.0, 0.0, 0.0, 0.0, 0.0, 0.0, 0.0, 0.0, 0.0, 0.0, 0.0, 0.0, 0.0, 0.0, 0.0, 0.0], [0.0, 0.0, 0.0, 0.0, 0.0, 0.0, 0.0, 0.0, 0.0, 0.0, 1.000995582113904, 0.0, 0.0, 0.0, 0.0, 0.0, 0.0, 0.0, 0.0, 0.0, 0.0, 0.0, 0.0, 0.0, 0.0, 0.9800806448890345, 0.9754453802399482, 0.9753883164567992, 0.0, 0.0, 0.0, 0.0, 0.0], [0.0, 0.0, 0.0, 0.0, 0.0, 0.0, 0.0, 0.0, 0.0, 0.0, 1.0006087798115597, 0.0, 0.0, 0.0, 0.0, 0.0, 0.0, 0.0, 0.0, 0.0, 0.0, 0.0, 0.0, 0.0, 0.0, 0.0, 0.0, 0.0, 0.9784723042784069, 0.9815680121648757, 0.9770615275037889, 0.0, 0.0], [0.0, 0.0, 0.0, 0.0, 0.10740578637822731, 0.0, 1.3763358038350402, 0.0, 0.0, 0.0, 0.0, 0.0, 0.0, 0.0, 1.4452543302240453, 0.0, 0.0, 0.0, 0.0, 0.0, 0.0, 0.0, 0.0, 0.0, 0.0, 0.0, 0.0, 0.0, 0.0, 0.0, 0.0, 0.9635449477974242, 0.0], [0.0, 0.0, 0.0, 1.4115286293330995, 0.0, 0.1069295116302661, 0.0, 0.0, 0.0, 0.0, 0.0, 0.0, 0.0, 1.4452543302240453, 0.0, 0.0, 0.0, 0.0, 0.0, 0.0, 0.0, 0.0, 0.0, 0.0, 0.0, 0.0, 0.0, 0.0, 0.0, 0.0, 0.0, 0.0, 0.9688670437066573], [0.9856841642775162, 0.0, 0.0, 0.0, 0.0, 0.0, 0.0, 0.0, 0.0, 0.0, 0.0, 0.0, 0.0, 0.0, 0.0, 0.0, 0.0, 0.0, 0.0, 0.0, 0.0, 0.0, 0.0, 0.0, 0.0, 0.0, 0.0, 0.0, 0.0, 0.0, 0.0, 0.0, 0.0], [0.9858761452599449, 0.0, 0.0, 0.0, 0.0, 0.0, 0.0, 0.0, 0.0, 0.0, 0.0, 0.0, 0.0, 0.0, 0.0, 0.0, 0.0, 0.0, 0.0, 0.0, 0.0, 0.0, 0.0, 0.0, 0.0, 0.0, 0.0, 0.0, 0.0, 0.0, 0.0, 0.0, 0.0], [0.9874315852350453, 0.0, 0.0, 0.0, 0.0, 0.0, 0.0, 0.0, 0.0, 0.0, 0.0, 0.0, 0.0, 0.0, 0.0, 0.0, 0.0, 0.0, 0.0, 0.0, 0.0, 0.0, 0.0, 0.0, 0.0, 0.0, 0.0, 0.0, 0.0, 0.0, 0.0, 0.0, 0.0], [0.0, 0.9675205820574613, 0.0, 0.0, 0.0, 0.0, 0.0, 0.0, 0.0, 0.0, 0.0, 0.0, 0.0, 0.0, 0.0, 0.0, 0.0, 0.0, 0.0, 0.0, 0.0, 0.0, 0.0, 0.0, 0.0, 0.0, 0.0, 0.0, 0.0, 0.0, 0.0, 0.0, 0.0], [0.0, 0.0, 0.9873517140044733, 0.0, 0.0, 0.0, 0.0, 0.0, 0.0, 0.0, 0.0, 0.0, 0.0, 0.0, 0.0, 0.0, 0.0, 0.0, 0.0, 0.0, 0.0, 0.0, 0.0, 0.0, 0.0, 0.0, 0.0, 0.0, 0.0, 0.0, 0.0, 0.0, 0.0], [0.0, 0.0, 0.985863236731418, 0.0, 0.0, 0.0, 0.0, 0.0, 0.0, 0.0, 0.0, 0.0, 0.0, 0.0, 0.0, 0.0, 0.0, 0.0, 0.0, 0.0, 0.0, 0.0, 0.0, 0.0, 0.0, 0.0, 0.0, 0.0, 0.0, 0.0, 0.0, 0.0, 0.0], [0.0, 0.0, 0.9856889259782289, 0.0, 0.0, 0.0, 0.0, 0.0, 0.0, 0.0, 0.0, 0.0, 0.0, 0.0, 0.0, 0.0, 0.0, 0.0, 0.0, 0.0, 0.0, 0.0, 0.0, 0.0, 0.0, 0.0, 0.0, 0.0, 0.0, 0.0, 0.0, 0.0, 0.0], [0.0, 0.0, 0.0, 0.0, 0.9683667050100855, 0.0, 0.0, 0.0, 0.0, 0.0, 0.0, 0.0, 0.0, 0.0, 0.0, 0.0, 0.0, 0.0, 0.0, 0.0, 0.0, 0.0, 0.0, 0.0, 0.0, 0.0, 0.0, 0.0, 0.0, 0.0, 0.0, 0.0, 0.0], [0.0, 0.0, 0.0, 0.0, 0.0, 0.9681465777423657, 0.0, 0.0, 0.0, 0.0, 0.0, 0.0, 0.0, 0.0, 0.0, 0.0, 0.0, 0.0, 0.0, 0.0, 0.0, 0.0, 0.0, 0.0, 0.0, 0.0, 0.0, 0.0, 0.0, 0.0, 0.0, 0.0, 0.0], [0.0, 0.0, 0.0, 0.0, 0.0, 0.0, 0.0, 0.9302069787227081, 0.0, 0.0, 0.0, 0.0, 0.0, 0.0, 0.0, 0.0, 0.0, 0.0, 0.0, 0.0, 0.0, 0.0, 0.0, 0.0, 0.0, 0.0, 0.0, 0.0, 0.0, 0.0, 0.0, 0.0, 0.0], [0.0, 0.0, 0.0, 0.0, 0.0, 0.0, 0.0, 0.0, 0.0, 0.0, 0.0, 0.9800806448890345, 0.0, 0.0, 0.0, 0.0, 0.0, 0.0, 0.0, 0.0, 0.0, 0.0, 0.0, 0.0, 0.0, 0.0, 0.0, 0.0, 0.0, 0.0, 0.0, 0.0, 0.0], [0.0, 0.0, 0.0, 0.0, 0.0, 0.0, 0.0, 0.0, 0.0, 0.0, 0.0, 0.9754453802399482, 0.0, 0.0, 0.0, 0.0, 0.0, 0.0, 0.0, 0.0, 0.0, 0.0, 0.0, 0.0, 0.0, 0.0, 0.0, 0.0, 0.0, 0.0, 0.0, 0.0, 0.0], [0.0, 0.0, 0.0, 0.0, 0.0, 0.0, 0.0, 0.0, 0.0, 0.0, 0.0, 0.9753883164567992, 0.0, 0.0, 0.0, 0.0, 0.0, 0.0, 0.0, 0.0, 0.0, 0.0, 0.0, 0.0, 0.0, 0.0, 0.0, 0.0, 0.0, 0.0, 0.0, 0.0, 0.0], [0.0, 0.0, 0.0, 0.0, 0.0, 0.0, 0.0, 0.0, 0.0, 0.0, 0.0, 0.0, 0.9784723042784069, 0.0, 0.0, 0.0, 0.0, 0.0, 0.0, 0.0, 0.0, 0.0, 0.0, 0.0, 0.0, 0.0, 0.0, 0.0, 0.0, 0.0, 0.0, 0.0, 0.0], [0.0, 0.0, 0.0, 0.0, 0.0, 0.0, 0.0, 0.0, 0.0, 0.0, 0.0, 0.0, 0.9815680121648757, 0.0, 0.0, 0.0, 0.0, 0.0, 0.0, 0.0, 0.0, 0.0, 0.0, 0.0, 0.0, 0.0, 0.0, 0.0, 0.0, 0.0, 0.0, 0.0, 0.0], [0.0, 0.0, 0.0, 0.0, 0.0, 0.0, 0.0, 0.0, 0.0, 0.0, 0.0, 0.0, 0.9770615275037889, 0.0, 0.0, 0.0, 0.0, 0.0, 0.0, 0.0, 0.0, 0.0, 0.0, 0.0, 0.0, 0.0, 0.0, 0.0, 0.0, 0.0, 0.0, 0.0, 0.0], [0.0, 0.0, 0.0, 0.0, 0.0, 0.0, 0.0, 0.0, 0.0, 0.0, 0.0, 0.0, 0.0, 0.9635449477974242, 0.0, 0.0, 0.0, 0.0, 0.0, 0.0, 0.0, 0.0, 0.0, 0.0, 0.0, 0.0, 0.0, 0.0, 0.0, 0.0, 0.0, 0.0, 0.0], [0.0, 0.0, 0.0, 0.0, 0.0, 0.0, 0.0, 0.0, 0.0, 0.0, 0.0, 0.0, 0.0, 0.0, 0.9688670437066573, 0.0, 0.0, 0.0, 0.0, 0.0, 0.0, 0.0, 0.0, 0.0, 0.0, 0.0, 0.0, 0.0, 0.0, 0.0, 0.0, 0.0, 0.0]], "Born radii": [], "Atomic SASAs": [], "Solvent H bonds": [], "Total SASA": NaN, "Total FOD": 0.0, "FOD": [0.0, 0.0, 0.0, 0.0, 0.0, 0.0, 0.0, 0.0, 0.0, 0.0, 0.0, 0.0, 0.0, 0.0, 0.0, 0.0, 0.0, 0.0, 0.0, 0.0, 0.0, 0.0, 0.0, 0.0, 0.0, 0.0, 0.0, 0.0, 0.0, 0.0, 0.0, 0.0, 0.0], "FOD s proportion": [0.0, 0.0, 0.0, 0.0, 0.0, 0.0, 0.0, 0.0, 0.0, 0.0, 0.0, 0.0, 0.0, 0.0, 0.0, 0.0, 0.0, 0.0, 0.0, 0.0, 0.0, 0.0, 0.0, 0.0, 0.0, 0.0, 0.0, 0.0, 0.0, 0.0, 0.0, 0.0, 0.0], "FOD p proportion": [0.0, 0.0, 0.0, 0.0, 0.0, 0.0, 0.0, 0.0, 0.0, 0.0, 0.0, 0.0, 0.0, 0.0, 0.0, 0.0, 0.0, 0.0, 0.0, 0.0, 0.0, 0.0, 0.0, 0.0, 0.0, 0.0, 0.0, 0.0, 0.0, 0.0, 0.0, 0.0, 0.0], "FOD d proportion": [0.0, 0.0, 0.0, 0.0, 0.0, 0.0, 0.0, 0.0, 0.0, 0.0, 0.0, 0.0, 0.0, 0.0, 0.0, 0.0, 0.0, 0.0, 0.0, 0.0, 0.0, 0.0, 0.0, 0.0, 0.0, 0.0, 0.0, 0.0, 0.0, 0.0, 0.0, 0.0, 0.0], "coordinates": [["-4.23500", "-1.86750", "0.08070"], ["-3.79670", "-0.45610", "0.47940"], ["-4.62590", "0.60020", "-0.25530"], ["-2.30910", "-0.25090", "0.25800"], ["-1.73280", "-0.33050", "-1.01620"], ["-0.35860", "-0.13530", "-1.19210"], ["0.46870", "0.15020", "-0.10090"], ["1.84500", "0.31750", "-0.35530"], ["2.79910", "0.82190", "0.50020"], ["2.55860", "1.36880", "1.57340"], ["4.10910", "0.69300", "0.02220"], ["4.54540", "-0.40620", "-0.82960"], ["5.15550", "1.30820", "0.82200"], ["-0.09800", "0.21970", "1.17080"], ["-1.47310", "0.02470", "1.34810"], ["-5.29120", "-2.02560", "0.32420"], ["-4.11100", "-2.04740", "-0.99280"], ["-3.65070", "-2.62460", "0.61560"], ["-4.00910", "-0.34370", "1.55090"], ["-4.32110", "1.61090", "0.03830"], ["-4.51880", "0.52210", "-1.34270"], ["-5.68930", "0.48850", "-0.01740"], ["-2.34770", "-0.54540", "-1.88700"], ["0.05030", "-0.20670", "-2.19610"], ["2.12010", "0.29420", "-1.32390"], ["5.32450", "-0.04210", "-1.50560"], ["4.95550", "-1.19560", "-0.19150"], ["3.73870", "-0.83910", "-1.42250"], ["4.80590", "2.24180", "1.27290"], ["6.01690", "1.53000", "0.18520"], ["5.44920", "0.61550", "1.61660"], ["0.50680", "0.41850", "2.05060"], ["-1.88130", "0.09090", "2.35450"]], "bond_dist": [[0.0, 1.5307248413741774, 2.5209605510598534, 2.5206986452172346, 3.134734988798894, 4.432495193454812, 5.121414408149374, 6.475393501556488, 7.542374653913714, 7.671687685248925, 8.728320990316524, 8.947595651346791, 9.940628070197576, 4.760198614553809, 3.5797786537717666, 1.0953749586328871, 1.0955100455952016, 1.0957759396884021, 2.129433091224047, 3.4797237720830654, 2.7958537443864975, 2.7704418600649245, 3.030130853610121, 5.1289249331609446, 6.858071453404375, 9.860652772509537, 9.219047277240746, 8.179065257717413, 10.002277747593297, 10.80071201865877, 10.114742085194264, 5.6205844224599995, 3.8138432964661777], [1.5307248413741774, 0.0, 1.530727415315999, 1.5179192205120797, 2.551916520970073, 3.8363206982732816, 4.347181263761611, 5.755341861262457, 6.718503872142965, 6.702009706050865, 8.001945781495897, 8.44432373964902, 9.13082767825568, 3.8229728340651334, 2.526840970460943, 2.1727741576150983, 2.1905234579889803, 2.1776727692653917, 1.0981164646794073, 2.1776256726076686, 2.1905141086055573, 2.1727894881925405, 2.776224855806892, 4.692537651420604, 6.230839688196126, 9.343870206718414, 8.808971103369563, 7.781141675229928, 9.05058193819602, 10.01688034320067, 9.377004703528735, 4.664086925647934, 2.7356838578315292], [2.5209605510598534, 1.530727415315999, 0.0, 2.5209939190723962, 3.132921784851961, 4.43039544284706, 5.116765435311648, 6.477844247896054, 7.466629503330133, 7.453316704662428, 8.739899489696663, 9.244209276081973, 9.865983237873456, 4.762396441918711, 3.5836070724899516, 2.7700667825884633, 2.796214229990256, 3.4797725342326618, 2.1292599395095, 1.0957273794151534, 1.095449122506381, 1.0953962114230638, 3.027381622788907, 5.126854658560158, 6.836962626780989, 10.049191984433374, 9.748445724319337, 8.567407629499135, 9.694797421297672, 10.69241600995771, 10.247530615226284, 5.62981340632174, 3.8214227311303834], [2.5206986452172346, 1.5179192205120797, 2.5209939190723962, 0.0, 1.4007296277297772, 2.433229052103398, 2.8294634226298103, 4.237424012298037, 5.225252904884127, 5.296055941925085, 6.491520630021905, 6.941985458066013, 7.64651175177283, 2.437956400348456, 1.40113146064172, 3.470859106907107, 2.835270092954109, 2.749949092256073, 2.137803136399608, 2.750038423367936, 2.835937866033034, 3.4710674957424845, 2.1654665109393867, 3.4046040606801844, 4.734696849852163, 7.837456944698324, 7.339545047208307, 6.304438462702289, 7.6070230905394265, 8.514645068938576, 7.923866594661978, 3.4045269759542225, 2.1668300187139735], [3.134734988798894, 2.551916520970073, 3.132921784851961, 1.4007296277297772, 0.0, 1.3990959545363568, 2.432169572624409, 3.6955846154566667, 4.915853163999104, 5.292425021670123, 6.021098107488367, 6.2814286026349135, 7.315257604486666, 2.7853653404894665, 2.4048961765531582, 4.163201500047769, 2.933279463331102, 3.4064653909881435, 3.4309937831479673, 3.4029841463045347, 2.9317784721905573, 4.162001284238149, 1.0874634062808735, 2.1417133468323906, 3.9153247362128214, 7.080125013726805, 6.794253821428811, 5.510087649030639, 7.389946129032335, 8.05994245016675, 7.707637500557483, 3.8706680818690717, 3.4001836273942616], [4.432495193454812, 3.8363206982732816, 4.43039544284706, 2.433229052103398, 1.3990959545363568, 0.0, 1.3988041249581729, 2.400232288758736, 3.70825840793222, 4.2918950243453065, 4.703291259320435, 4.924835942445189, 6.045294853851217, 2.403587687187634, 2.7785475144398735, 5.495720384080689, 4.216201211991667, 4.5058091604061525, 4.570955021655759, 4.501611361501569, 4.214512920848623, 5.4941249548950015, 2.1465290191376405, 1.0864221877336637, 2.5190861795500368, 5.692503324548875, 5.510453271737271, 4.163686574419357, 6.196683763110717, 6.731803594134338, 6.494846970483601, 3.4015753541557774, 3.8662841708803555], [5.121414408149374, 4.347181263761611, 5.116765435311648, 2.8294634226298103, 2.432169572624409, 1.3988041249581729, 0.0, 1.4095780716228528, 2.4986528890584223, 2.9420993287107082, 3.682702487304669, 4.178524564963092, 4.915160490767316, 1.3939870982186313, 2.4260953175833797, 6.1718120240331364, 5.15738145379998, 5.0182012364989905, 4.7982364770819705, 5.009511470193477, 5.153206099119266, 6.167850771541089, 3.406775826202834, 2.1661715559945844, 2.059996834949025, 5.058552660593739, 4.685163843453076, 3.663091733768075, 5.007336701281431, 5.72435363076042, 5.288826957842353, 2.1684991929903967, 3.399265457418706], [6.475393501556488, 5.755341861262457, 6.477844247896054, 4.237424012298037, 3.6955846154566667, 2.400232288758736, 1.4095780716228528, 0.0, 1.3771733442090723, 2.3096190898068016, 2.3258665718394083, 2.835641433608982, 3.6506070769120034, 2.472608956143288, 3.741268636438715, 7.541696645980929, 6.439960734352345, 6.30882855290901, 6.192032839867696, 6.312574255404843, 6.443195663643934, 7.54381162940857, 4.546364986447965, 2.623790839605932, 1.007178663395924, 3.682312113333143, 3.462876304461365, 2.462263001793269, 3.888559442775692, 4.37801851412257, 4.119156618775256, 2.754874779368384, 4.612989842824283], [7.542374653913714, 6.718503872142965, 7.466629503330133, 5.225252904884127, 4.915853163999104, 3.70825840793222, 2.4986528890584223, 1.3771733442090723, 0.0, 1.2282907229153854, 1.4004282237944217, 2.5151861442048378, 2.4274809762385368, 3.0340628882737417, 4.427883816226437, 8.578588831503698, 7.629640456797424, 7.313795146844078, 6.986714613464615, 7.178657301334282, 7.5523387675606815, 8.51069914166868, 5.835904674512771, 3.9854677379198544, 2.0166430274096605, 3.3387684555835846, 3.032955011206068, 2.708974796855814, 2.5769027028586082, 3.309813808962673, 2.88305045568058, 2.796624931949224, 5.087134129350238], [7.671687685248925, 6.702009706050865, 7.453316704662428, 5.296055941925085, 5.292425021670123, 4.2918950243453065, 2.9420993287107082, 2.3096190898068016, 1.2282907229153854, 0.0, 2.2949896143555852, 3.587813852473397, 2.704101316519039, 2.9223348764301464, 4.255815995787413, 8.643021001941394, 7.920818710209191, 7.444463102870483, 6.787329798234355, 7.053043067357523, 7.701307087761142, 8.445911859592192, 6.301611658139527, 4.794048329960806, 3.121120744219935, 4.372766014778288, 3.9288864809256068, 3.9042124980589876, 2.4295650927686627, 3.730003159516088, 2.9874563578402276, 2.3109896516427764, 4.685707804590465], [8.728320990316524, 8.001945781495897, 8.739899489696663, 6.491520630021905, 6.021098107488367, 4.703291259320435, 3.682702487304669, 2.3258665718394083, 1.4004282237944217, 2.2949896143555852, 0.0, 1.4574503662217797, 1.4536519665999839, 4.3866827170425715, 5.77629574554489, 9.790180286899727, 8.724108044379092, 8.460088023182738, 8.325673655626913, 8.480039602501865, 8.736865412148685, 9.800613805777678, 6.846089791990753, 4.712130348366861, 2.434573402056303, 2.086082934592966, 2.0805938118719856, 2.1381498216916417, 2.109161485045657, 2.089698265300519, 2.084223025494153, 4.143226049831218, 6.4565501515902435], [8.947595651346791, 8.44432373964902, 9.244209276081973, 6.941985458066013, 6.2814286026349135, 4.924835942445189, 4.178524564963092, 2.835641433608982, 2.5151861442048378, 3.587813852473397, 1.4574503662217797, 0.0, 2.4574726712620834, 5.094557343871987, 6.414857313300117, 10.03555730191403, 8.812118510324291, 8.613127005333196, 8.879761075051514, 9.134372724495098, 9.126047016096289, 10.30578677345888, 6.975119999684593, 4.702451117236627, 2.572347709777976, 1.093865448764152, 1.0947629789137008, 1.090732648269043, 3.391204874377247, 2.6351473829750014, 2.800824837436287, 5.02851589338246, 7.189441849684856], [9.940628070197576, 9.13082767825568, 9.865983237873456, 7.64651175177283, 7.315257604486666, 6.045294853851217, 4.915160490767316, 3.6506070769120034, 2.4274809762385368, 2.704101316519039, 1.4536519665999839, 2.4574726712620834, 0.0, 5.376407345058594, 6.772185128893038, 10.977047333868976, 10.021056463766683, 9.646692450783327, 9.340768810970541, 9.513766895399531, 9.944644779478047, 10.908079000905705, 8.18978169428221, 6.121022517521072, 3.853146243007135, 2.6962182496971567, 2.7085414322103327, 3.4140884259198674, 1.094138898860652, 1.0939467263080043, 1.094295270939247, 4.889932079282901, 7.303898259149014], [4.760198614553809, 3.8229728340651334, 4.762396441918711, 2.437956400348456, 2.7853653404894665, 2.403587687187634, 1.3939870982186313, 2.472608956143288, 3.0340628882737417, 2.9223348764301464, 4.3866827170425715, 5.094557343871987, 5.376407345058594, 0.0, 1.4001286726583382, 5.72078927159531, 5.09166734675391, 4.584753736025524, 3.969710163223507, 4.588307672769995, 5.09436950465904, 5.722473972854749, 3.872553284333219, 3.3970318603157086, 3.3390187106393996, 6.05269877410069, 5.421881373656196, 4.750424109487489, 5.305426281647875, 6.3309000513355125, 5.579141790634112, 1.085979981399289, 2.1442700436279005], [3.5797786537717666, 2.526840970460943, 3.5836070724899516, 1.40113146064172, 2.4048961765531582, 2.7785475144398735, 2.4260953175833797, 3.741268636438715, 4.427883816226437, 4.255815995787413, 5.77629574554489, 6.414857313300117, 6.772185128893038, 1.4001286726583382, 0.0, 4.453087570439189, 4.090467898663917, 3.5067489930133293, 2.5706307397212846, 3.513219389676654, 4.09439859930613, 4.456012020854522, 3.399383941245825, 3.864666500488755, 4.48590018725339, 7.372613626794774, 6.722082877352821, 5.965336037475173, 6.659356459148286, 7.72776581555109, 6.9526523126070385, 2.137425718007529, 1.0880490062492587], [1.0953749586328871, 2.1727741576150983, 2.7700667825884633, 3.470859106907107, 4.163201500047769, 5.495720384080689, 6.1718120240331364, 7.541696645980929, 8.578588831503698, 8.643021001941394, 9.790180286899727, 10.03555730191403, 10.977047333868976, 5.72078927159531, 4.453087570439189, 0.0, 1.7685689921515644, 1.7705804726134307, 2.444864190502204, 3.7745152099309385, 3.141008223484937, 2.5682431699510078, 3.9679452781004927, 6.179962099398344, 7.9388332480283275, 10.953334048589955, 10.293187425671409, 9.273501881705744, 11.002825221732827, 11.854734833390411, 11.135613998787854, 6.524636830506354, 4.497678106534527], [1.0955100455952016, 2.1905234579889803, 2.796214229990256, 2.835270092954109, 2.933279463331102, 4.216201211991667, 5.15738145379998, 6.439960734352345, 7.629640456797424, 7.920818710209191, 8.724108044379092, 8.812118510324291, 10.021056463766683, 5.09166734675391, 4.090467898663917, 1.7685689921515644, 0.0, 1.7697419275137265, 3.063231462034823, 3.8066347486986456, 2.6250830653524093, 3.1421688146883517, 2.482906468234355, 4.706646903051046, 6.664782440560232, 9.659857772244889, 9.141611848027676, 7.953767727938754, 10.150947676941302, 10.805546407748198, 10.261453542749194, 6.055330148720216, 4.55503087475815], [1.0957759396884021, 2.1776727692653917, 3.4797725342326618, 2.749949092256073, 3.4064653909881435, 4.5058091604061525, 5.0182012364989905, 6.30882855290901, 7.313795146844078, 7.444463102870483, 8.460088023182738, 8.613127005333196, 9.646692450783327, 4.584753736025524, 3.5067489930133293, 1.7705804726134307, 1.7697419275137265, 0.0, 2.4911325657218644, 4.326912490448588, 3.8066070706076296, 3.7746484034940266, 3.504837856449283, 5.239207793168735, 6.751532146853779, 9.577213098286997, 8.76128585596886, 7.870520581257634, 9.77895576275913, 10.531307377529155, 9.711252700862026, 5.348316450996519, 3.6781095443175698], [2.129433091224047, 1.0981164646794073, 2.1292599395095, 2.137803136399608, 3.4309937831479673, 4.570955021655759, 4.7982364770819705, 6.192032839867696, 6.986714613464615, 6.787329798234355, 8.325673655626913, 8.879761075051514, 9.340768810970541, 3.969710163223507, 2.5706307397212846, 2.444864190502204, 3.063231462034823, 2.4911325657218644, 0.0, 2.491137073707507, 3.0630580618068604, 2.4444209477911123, 3.823622531056119, 5.526075131592042, 6.799888535115851, 9.825947474416907, 9.172008751086102, 8.313539171736668, 9.190555981549757, 10.290605627464304, 9.507040550034487, 4.606951458394152, 2.315638780120941], [3.4797237720830654, 2.1776256726076686, 1.0957273794151534, 2.750038423367936, 3.4029841463045347, 4.501611361501569, 5.009511470193477, 6.312574255404843, 7.178657301334282, 7.053043067357523, 8.480039602501865, 9.134372724495098, 9.513766895399531, 4.588307672769995, 3.513219389676654, 3.7745152099309385, 3.8066347486986456, 4.326912490448588, 2.491137073707507, 0.0, 1.7696699494538521, 1.7705523121331377, 3.5001024756426777, 5.235012042010983, 6.714040897254053, 9.907251665825392, 9.694563314043599, 8.549667401718034, 9.231706287030583, 10.339360155251388, 9.946889671651133, 5.364679623239398, 3.691585903104518], [2.7958537443864975, 2.1905141086055573, 1.095449122506381, 2.835937866033034, 2.9317784721905573, 4.214512920848623, 5.153206099119266, 6.443195663643934, 7.5523387675606815, 7.701307087761142, 8.736865412148685, 9.126047016096289, 9.944644779478047, 5.09436950465904, 4.09439859930613, 3.141008223484937, 2.6250830653524093, 3.8066070706076296, 3.0630580618068604, 1.7696699494538521, 0.0, 1.7685076477075243, 2.4798173219009496, 4.704903379454247, 6.642837124301633, 9.860801840621278, 9.697325158001044, 8.369321342259479, 9.836094831791732, 10.693517443292453, 10.398423152093782, 6.06480611479048, 4.561976274598543], [2.7704418600649245, 2.1727894881925405, 1.0953962114230638, 3.4710674957424845, 4.162001284238149, 5.4941249548950015, 6.167850771541089, 7.54381162940857, 8.51069914166868, 8.445911859592192, 9.800613805777678, 10.30578677345888, 10.908079000905705, 5.722473972854749, 4.456012020854522, 2.5682431699510078, 3.1421688146883517, 3.7746484034940266, 2.4444209477911123, 1.7705523121331377, 1.7685076477075243, 0.0, 3.966187581292645, 6.178433854141356, 7.920317108550642, 11.126547804238294, 10.778602444658585, 9.624136936369933, 10.718589367076248, 11.75418595437387, 11.258430940854947, 6.532471141153247, 4.503871597858891], [3.030130853610121, 2.776224855806892, 3.027381622788907, 2.1654665109393867, 1.0874634062808735, 2.1465290191376405, 3.406775826202834, 4.546364986447965, 5.835904674512771, 6.301611658139527, 6.846089791990753, 6.975119999684593, 8.18978169428221, 3.872553284333219, 3.399383941245825, 3.9679452781004927, 2.482906468234355, 3.504837856449283, 3.823622531056119, 3.5001024756426777, 2.4798173219009496, 3.966187581292645, 0.0, 2.441447214256331, 4.580747385525642, 7.698144561516107, 7.525570445487838, 6.111160683536312, 8.302255405008932, 8.863849680584616, 8.626386925010959, 4.958020494108511, 4.314247199686175], [5.1289249331609446, 4.692537651420604, 5.126854658560158, 3.4046040606801844, 2.1417133468323906, 1.0864221877336637, 2.1661715559945844, 2.623790839605932, 3.9854677379198544, 4.794048329960806, 4.712130348366861, 4.702451117236627, 6.121022517521072, 3.3970318603157086, 3.864666500488755, 6.179962099398344, 4.706646903051046, 5.239207793168735, 5.526075131592042, 5.235012042010983, 4.704903379454247, 6.178433854141356, 2.441447214256331, 0.0, 2.3012400331125824, 5.321754320710418, 5.390485266652715, 3.8213454803249602, 6.375330941213954, 6.65485027179425, 6.660391530533322, 4.316680226748329, 4.95253517705831], [6.858071453404375, 6.230839688196126, 6.836962626780989, 4.734696849852163, 3.9153247362128214, 2.5190861795500368, 2.059996834949025, 1.007178663395924, 2.0166430274096605, 3.121120744219935, 2.434573402056303, 2.572347709777976, 3.853146243007135, 3.3390187106393996, 4.48590018725339, 7.9388332480283275, 6.664782440560232, 6.751532146853779, 6.799888535115851, 6.714040897254053, 6.642837124301633, 7.920317108550642, 4.580747385525642, 2.3012400331125824, 0.0, 3.227118209796474, 3.397252854881426, 1.9783722627453106, 4.213079353631973, 4.357709798736028, 4.453389804407425, 3.7423839501045317, 5.439040302295985], [9.860652772509537, 9.343870206718414, 10.049191984433374, 7.837456944698324, 7.080125013726805, 5.692503324548875, 5.058552660593739, 3.682312113333143, 3.3387684555835846, 4.372766014778288, 2.086082934592966, 1.093865448764152, 2.6962182496971567, 6.05269877410069, 7.372613626794774, 10.953334048589955, 9.659857772244889, 9.577213098286997, 9.825947474416907, 9.907251665825392, 9.860801840621278, 11.126547804238294, 7.698144561516107, 5.321754320710418, 3.227118209796474, 0.0, 1.7870596128836889, 1.7767600428870518, 3.6338970018425125, 2.4103362441783927, 3.1931364972390397, 6.005742592719072, 8.17567212221723], [9.219047277240746, 8.808971103369563, 9.748445724319337, 7.339545047208307, 6.794253821428811, 5.510453271737271, 4.685163843453076, 3.462876304461365, 3.032955011206068, 3.9288864809256068, 2.0805938118719856, 1.0947629789137008, 2.7085414322103327, 5.421881373656196, 6.722082877352821, 10.293187425671409, 9.141611848027676, 8.76128585596886, 9.172008751086102, 9.694563314043599, 9.697325158001044, 10.778602444658585, 7.525570445487838, 5.390485266652715, 3.397252854881426, 1.7870596128836889, 0.0, 1.767216876899946, 3.739326982225545, 2.9491300768192645, 2.6063477338989136, 5.2367225351358835, 7.408038369906031], [8.179065257717413, 7.781141675229928, 8.567407629499135, 6.304438462702289, 5.510087649030639, 4.163686574419357, 3.663091733768075, 2.462263001793269, 2.708974796855814, 3.9042124980589876, 2.1381498216916417, 1.090732648269043, 3.4140884259198674, 4.750424109487489, 5.965336037475173, 9.273501881705744, 7.953767727938754, 7.870520581257634, 8.313539171736668, 8.549667401718034, 8.369321342259479, 9.624136936369933, 6.111160683536312, 3.8213454803249602, 1.9783722627453106, 1.7767600428870518, 1.767216876899946, 0.0, 4.230371356039561, 3.6588972847020447, 3.778597652569006, 4.908070800222833, 6.834839354366714], [10.002277747593297, 9.05058193819602, 9.694797421297672, 7.6070230905394265, 7.389946129032335, 6.196683763110717, 5.007336701281431, 3.888559442775692, 2.5769027028586082, 2.4295650927686627, 2.109161485045657, 3.391204874377247, 1.094138898860652, 5.305426281647875, 6.659356459148286, 11.002825221732827, 10.150947676941302, 9.77895576275913, 9.190555981549757, 9.231706287030583, 9.836094831791732, 10.718589367076248, 8.302255405008932, 6.375330941213954, 4.213079353631973, 3.6338970018425125, 3.739326982225545, 4.230371356039561, 0.0, 1.7765898598157084, 1.782362552905553, 4.7340786843904485, 7.107381600139394], [10.80071201865877, 10.01688034320067, 10.69241600995771, 8.514645068938576, 8.05994245016675, 6.731803594134338, 5.72435363076042, 4.37801851412257, 3.309813808962673, 3.730003159516088, 2.089698265300519, 2.6351473829750014, 1.0939467263080043, 6.3309000513355125, 7.72776581555109, 11.854734833390411, 10.805546407748198, 10.531307377529155, 10.290605627464304, 10.339360155251388, 10.693517443292453, 11.75418595437387, 8.863849680584616, 6.65485027179425, 4.357709798736028, 2.4103362441783927, 2.9491300768192645, 3.6588972847020447, 1.7765898598157084, 0.0, 1.7909493292664644, 5.922529140493949, 8.316155033427407], [10.114742085194264, 9.377004703528735, 10.247530615226284, 7.923866594661978, 7.707637500557483, 6.494846970483601, 5.288826957842353, 4.119156618775256, 2.88305045568058, 2.9874563578402276, 2.084223025494153, 2.800824837436287, 1.094295270939247, 5.579141790634112, 6.9526523126070385, 11.135613998787854, 10.261453542749194, 9.711252700862026, 9.507040550034487, 9.946889671651133, 10.398423152093782, 11.258430940854947, 8.626386925010959, 6.660391530533322, 4.453389804407425, 3.1931364972390397, 2.6063477338989136, 3.778597652569006, 1.782362552905553, 1.7909493292664644, 0.0, 4.965328061669239, 7.3861987395412], [5.6205844224599995, 4.664086925647934, 5.62981340632174, 3.4045269759542225, 3.8706680818690717, 3.4015753541557774, 2.1684991929903967, 2.754874779368384, 2.796624931949224, 2.3109896516427764, 4.143226049831218, 5.02851589338246, 4.889932079282901, 1.085979981399289, 2.137425718007529, 6.524636830506354, 6.055330148720216, 5.348316450996519, 4.606951458394152, 5.364679623239398, 6.06480611479048, 6.532471141153247, 4.958020494108511, 4.316680226748329, 3.7423839501045317, 6.005742592719072, 5.2367225351358835, 4.908070800222833, 4.7340786843904485, 5.922529140493949, 4.965328061669239, 0.0, 2.4295469906960023], [3.8138432964661777, 2.7356838578315292, 3.8214227311303834, 2.1668300187139735, 3.4001836273942616, 3.8662841708803555, 3.399265457418706, 4.612989842824283, 5.087134129350238, 4.685707804590465, 6.4565501515902435, 7.189441849684856, 7.303898259149014, 2.1442700436279005, 1.0880490062492587, 4.497678106534527, 4.55503087475815, 3.6781095443175698, 2.315638780120941, 3.691585903104518, 4.561976274598543, 4.503871597858891, 4.314247199686175, 4.95253517705831, 5.439040302295985, 8.17567212221723, 7.408038369906031, 6.834839354366714, 7.107381600139394, 8.316155033427407, 7.3861987395412, 2.4295469906960023, 0.0]]}