{"total energy": -55.18594755, "HOMO-LUMO gap/eV": 2.50209363, "electronic energy": -55.68850365, "dipole": [1.44238428, 1.14284991, 1.44014646], "partial charges": [-0.11323135, 0.09163277, -0.25631728, 0.32928295, -0.40074307, -0.05728706, -0.10171942, -0.20936171, 0.14389052, -0.05897456, 0.08497981, -0.11387188, 0.08493121, -0.11275616, -0.04909413, 0.07833932, -0.1113916, 0.0547961, 0.05728329, 0.0603416, 0.03770777, 0.05669883, 0.06420297, 0.07439676, 0.05033203, 0.05830296, 0.05178267, 0.10318052, 0.10266614], "atomic dipole moments": [[-0.05435371, 0.01960468, -0.13429797], [-0.21883197, 0.13412088, 0.09624809], [0.10489201, -0.02080108, -0.15295906], [-0.01346984, 0.06971037, 0.23826868], [0.01389036, 0.22662707, 0.33447218], [-0.03092437, -0.05061639, 0.09107322], [-0.02137956, -0.07766964, -0.12370799], [-0.02519195, -0.15925665, -0.0134872], [0.21541996, 0.15115189, -0.07584964], [-0.04209525, 0.0144082, -0.03099318], [0.00407392, -0.15616371, 0.11530233], [-0.01905536, -0.01409033, -0.01861703], [-0.14675542, -0.11880625, 0.0450653], [0.00020365, -0.01806341, -0.00462077], [0.05625646, -0.01406988, 0.02243115], [0.01467579, 0.16190325, -0.11237514], [0.04973002, -0.03531166, -0.02430304], [0.01662511, 0.10797878, 0.0650134], [0.1149541, -0.05970332, -0.01327916], [-0.07558539, -0.07008325, 0.07762726], [0.06571976, 0.07484775, -0.06784708], [-0.02655919, -0.10680585, -0.05646476], [0.10750639, -0.02135693, -0.04613947], [-0.05922092, 0.07031424, -0.07682153], [0.06682109, 0.10574815, -0.02426446], [-0.11301956, 0.03257918, 0.05274334], [0.06242576, -0.06911271, 0.08462593], [0.13774238, -0.0366013, 0.07262823], [-0.13941976, 0.03601376, -0.06617021]], "atomic quadrupole moments": [[-0.05750796, -0.0381583, -0.1305503, 0.16812494, -0.05961411, 0.18805826], [0.30363724, -0.36418165, -0.20659431, 0.01682212, 0.00075448, -0.09704293], [0.05678695, -0.10935204, -0.05290087, -0.00084503, -0.02607501, -0.00388608], [0.92695271, -0.23922731, -0.11684296, -0.26660036, -0.63415744, -0.81010975], [-0.31321144, 0.07870757, -0.0471434, 0.10337691, 0.45770881, 0.36035484], [-0.1350538, 0.16117437, 0.1062992, -0.00103546, 0.07980337, 0.0287546], [-0.13855144, 0.03921147, -0.01457458, 0.05690023, 0.18500785, 0.15312602], [0.06550394, 0.03447243, -0.00401775, -0.05455852, 0.00987787, -0.06148619], [0.01086744, 0.21084513, -0.02050454, -0.25671928, 0.2744655, 0.0096371], [-0.22409306, -0.06615111, 0.04159247, -0.17196968, 0.30193607, 0.18250059], [-0.40109253, -0.12842575, 0.17814451, -0.09939261, 0.03583025, 0.22294802], [-0.24622247, -0.06796103, 0.19429769, 0.0407827, -0.32611322, 0.05192478], [-0.01886315, 0.18279405, -0.00327896, -0.22045191, 0.25897366, 0.02214211], [0.22923164, 0.318449, -0.02445837, -0.1157622, -0.04993331, -0.20477328], [-0.23471609, -0.06336292, 0.02688223, -0.15893109, 0.32215994, 0.20783385], [-0.37111484, -0.12279059, 0.15674955, -0.08379104, 0.03323949, 0.21436529], [-0.25051419, -0.06612164, 0.21388613, 0.03509103, -0.32259362, 0.03662806], [-0.05003832, 0.0175159, 0.0627488, 0.01065274, 0.0385095, -0.01271048], [0.05270296, -0.0548894, -0.02234377, -0.01696067, 0.01035237, -0.0303592], [0.00500906, 0.05378735, -0.00187884, -0.03056842, -0.03365213, -0.00313022], [0.02352148, 0.00581497, -0.00267808, -0.01285855, -0.02960797, -0.0208434], [-0.00037875, -0.00500774, 0.02631501, 0.01518449, 0.02376829, -0.02593627], [0.06736907, -0.00764671, -0.04449095, -0.03506806, 0.02491616, -0.02287812], [-0.03835103, -0.03405928, 0.02956079, 0.03880506, -0.03929811, 0.00879024], [-0.01776068, 0.05566563, 0.03413064, -0.01882163, -0.02162417, -0.01636996], [0.05553488, -0.02124214, -0.0353849, -0.02823389, 0.02438743, -0.02014998], [-0.01927877, -0.03832119, 0.00958623, 0.04379763, -0.03014876, 0.00969254], [0.02610237, 0.01533029, -0.00169538, 0.007318, -0.03575939, -0.02440699], [0.02213929, 0.01361295, 0.00226413, 0.01153959, -0.03832987, -0.02440342]], "number of molecular orbitals": 105, "number of electrons": 96, "number of unpaired electrons": 0, "orbital energies/eV": [-29.18901006, -29.16330155, -29.15303975, -20.78440623, -20.3160418, -19.45589552, -19.09547142, -18.64285019, -18.32849902, -18.19606067, -17.87622951, -17.51893786, -17.21778685, -17.07287945, -16.85598846, -16.42608384, -16.34734479, -16.16745022, -15.80891891, -15.74099211, -15.31675083, -15.20855358, -14.76314151, -14.6242345, -14.54418449, -14.52225257, -14.30628825, -14.22317942, -14.02623316, -13.69822599, -13.59190014, -13.51346062, -13.4720808, -13.35332515, -13.02052524, -12.99044136, -12.84426088, -12.78859958, -12.66396309, -12.11022545, -12.02081808, -11.96067295, -11.92189907, -11.83282251, -11.6372963, -11.13681577, -10.1012837, -10.04174382, -7.53965019, -7.42369928, -4.79662241, -4.74994723, -4.54458083, -4.4905307, -4.04705106, -4.02857987, -3.53810722, -1.81297076, -0.28146399, -0.17416637, -0.01282698, 0.02290035, 0.02707429, 0.04844149, 0.04938774, 0.0589159, 0.06065865, 0.18547061, 0.23096291, 0.36989664, 0.53437948, 0.59475886, 0.74689881, 1.21361755, 2.07141291, 2.3634585, 2.50683014, 2.72042043, 2.91442101, 3.02213299, 3.31245636, 3.37251518, 3.67620509, 3.82080928, 4.01155698, 4.07733626, 4.36609343, 4.41870673, 4.45198461, 5.30935779, 5.7479465, 6.17073332, 6.25793614, 6.4356418, 8.03573331, 8.92057134, 9.72703641, 10.37259312, 10.79499562, 11.0162311, 15.02315545, 15.42523725, 24.97950247, 28.23525968, 34.6209013], "fractional occupation": [2.0, 2.0, 2.0, 2.0, 2.0, 2.0, 2.0, 2.0, 2.0, 2.0, 2.0, 2.0, 2.0, 2.0, 2.0, 2.0, 2.0, 2.0, 2.0, 2.0, 2.0, 2.0, 2.0, 2.0, 2.0, 2.0, 2.0, 2.0, 2.0, 2.0, 2.0, 2.0, 2.0, 2.0, 2.0, 2.0, 2.0, 2.0, 2.0, 2.0, 2.0, 2.0, 2.0, 2.0, 2.0, 2.0, 2.0, 2.0, 0.0, 0.0, 0.0, 0.0, 0.0, 0.0, 0.0, 0.0, 0.0, 0.0, 0.0, 0.0, 0.0, 0.0, 0.0, 0.0, 0.0, 0.0, 0.0, 0.0, 0.0, 0.0, 0.0, 0.0, 0.0, 0.0, 0.0, 0.0, 0.0, 0.0, 0.0, 0.0, 0.0, 0.0, 0.0, 0.0, 0.0, 0.0, 0.0, 0.0, 0.0, 0.0, 0.0, 0.0, 0.0, 0.0, 0.0, 0.0, 0.0, 0.0, 0.0, 0.0, 0.0, 0.0, 0.0, 0.0, 0.0], "program call": "xtb /home/svss/Project-DBcg-Debug/aqme2_20220329/End-to-End-workflows-final/example-3/QDESCP/mol_185_rdkit_conf_4/mol_185_rdkit_conf_4.xyz --pop --wbo --acc 0.2 --gfn 2 --chrg 0 --uhf 0 --etemp 300 --input /home/svss/Project-DBcg-Debug/aqme2_20220329/End-to-End-workflows-final/example-3/QDESCP/mol_185_rdkit_conf_4/mol_185_rdkit_conf_4_xtb.inp", "method": "GFN2-xTB", "xtb version": "6.3.3 (7355c4f)", "Dipole module/D": 5.94, "Total charge": 0, "Transition dipole module/D": NaN, "HOMO": -10.0417, "LUMO": -7.5397, "HOMO occupancy": 2.0, "LUMO occupancy": 0, "mulliken charges": [-0.09557, 0.20647, -0.37929, 0.36097, -0.22757, -0.03322, -0.07356, -0.34147, 0.24569, -0.07792, 0.08546, -0.09061, 0.08378, -0.09223, -0.06714, 0.07663, -0.08094, 0.04171, 0.03471, 0.04489, 0.02303, 0.03087, 0.03862, 0.04898, 0.02788, 0.04306, 0.03462, 0.07482, 0.05734], "cm5 charges": [-0.2422, 0.12738, -0.4469, 0.27255, -0.19844, -0.1024, -0.21925, -0.38688, 0.27161, -0.123, 0.08178, -0.09164, 0.08004, -0.09324, -0.11521, 0.07519, -0.08037, 0.09508, 0.08594, 0.09821, 0.08833, 0.09507, 0.09846, 0.10899, 0.07896, 0.09804, 0.0897, 0.1391, 0.1151], "FUKUI+": [0.006, 0.007, 0.007, -0.047, -0.049, 0.01, 0.01, -0.019, -0.058, -0.045, -0.042, -0.126, -0.048, -0.129, -0.043, -0.043, -0.127, -0.009, -0.017, -0.001, -0.012, -0.006, -0.024, -0.013, -0.021, -0.001, -0.011, -0.074, -0.075], "FUKUI-": [0.008, 0.012, 0.0, -0.12, -0.302, 0.023, 0.014, -0.009, -0.004, -0.001, -0.013, -0.121, -0.014, -0.124, -0.007, -0.01, -0.1, -0.014, -0.022, -0.01, -0.012, -0.006, -0.025, -0.021, -0.034, -0.013, -0.017, -0.025, -0.032], "FUKUIrad": [0.007, 0.01, 0.003, -0.084, -0.176, 0.016, 0.012, -0.014, -0.031, -0.023, -0.028, -0.123, -0.031, -0.127, -0.025, -0.027, -0.114, -0.011, -0.02, -0.005, -0.012, -0.006, -0.024, -0.017, -0.028, -0.007, -0.014, -0.049, -0.053], "s proportion": [1.012, 0.994, 1.653, 1.515, 1.887, 1.022, 1.006, 1.642, 1.013, 1.068, 1.079, 1.945, 1.078, 1.945, 1.065, 1.078, 1.944, 0.958, 0.965, 0.955, 0.977, 0.969, 0.961, 0.951, 0.972, 0.957, 0.965, 0.925, 0.943], "p proportion": [3.083, 2.8, 4.726, 2.096, 4.355, 3.011, 3.068, 4.699, 2.741, 3.01, 2.835, 5.156, 2.838, 5.157, 3.002, 2.845, 5.147, 0.0, 0.0, 0.0, 0.0, 0.0, 0.0, 0.0, 0.0, 0.0, 0.0, 0.0, 0.0], "d proportion": [0.0, 0.0, 0.0, 1.027, -0.014, 0.0, 0.0, 0.0, 0.0, 0.0, 0.0, -0.01, 0.0, -0.01, 0.0, 0.0, -0.01, 0.0, 0.0, 0.0, 0.0, 0.0, 0.0, 0.0, 0.0, 0.0, 0.0, 0.0, 0.0], "Fermi-level/eV": -8.7907, "Coordination numbers": [3.749, 3.899, 1.657, 3.996, 0.924, 3.75, 3.814, 1.662, 3.101, 2.956, 2.9, 0.965, 2.899, 0.966, 2.995, 2.878, 0.96, 0.924, 0.924, 0.924, 0.924, 0.924, 0.926, 0.927, 0.924, 0.924, 0.924, 0.925, 0.925], "Dispersion coefficient C6": [22.733, 19.015, 18.263, 146.431, 156.658, 21.667, 22.429, 17.496, 24.755, 29.464, 26.107, 102.705, 26.108, 102.67, 29.207, 26.249, 102.626, 2.261, 2.231, 2.195, 2.48, 2.238, 2.15, 2.038, 2.316, 2.219, 2.298, 1.756, 1.761], "Total dispersion C6": 17003.913784, "Total dispersion C8": 545040.932403, "Polarizability alpha": [6.8, 6.199, 5.769, 21.737, 21.17, 6.639, 6.741, 5.647, 8.153, 8.903, 8.378, 15.504, 8.378, 15.502, 8.865, 8.399, 15.498, 2.352, 2.336, 2.317, 2.463, 2.34, 2.293, 2.232, 2.38, 2.33, 2.371, 2.072, 2.075], "Total polarizability alpha": 205.841127, "Wiberg matrix": [[0.0, 1.0162641319128851, 0.0, 0.0, 0.0, 0.0, 0.0, 0.0, 0.0, 0.0, 0.0, 0.0, 0.0, 0.0, 0.0, 0.0, 0.0, 0.9846728603519899, 0.9815730469804781, 0.9842115953195233, 0.0, 0.0, 0.0, 0.0, 0.0, 0.0, 0.0, 0.0, 0.0], [1.0162641319128851, 0.0, 0.9234746985435863, 0.0, 0.0, 0.0, 0.0, 0.0, 0.0, 0.0, 0.0, 0.0, 0.0, 0.0, 0.0, 0.0, 0.0, 0.0, 0.0, 0.0, 0.968730134467901, 0.9698893498248764, 0.0, 0.0, 0.0, 0.0, 0.0, 0.0, 0.0], [0.0, 0.9234746985435863, 0.0, 1.2457457446763607, 0.0, 0.0, 0.0, 0.0, 0.0, 0.0, 0.0, 0.0, 0.0, 0.0, 0.0, 0.0, 0.0, 0.0, 0.0, 0.0, 0.0, 0.0, 0.0, 0.0, 0.0, 0.0, 0.0, 0.0, 0.0], [0.0, 0.0, 1.2457457446763607, 0.0, 1.6381271358904554, 0.952523458524783, 0.0, 1.2066794349538397, 0.0, 0.0, 0.0, 0.0, 0.0, 0.0, 0.0, 0.0, 0.0, 0.0, 0.0, 0.0, 0.0, 0.0, 0.0, 0.0, 0.0, 0.0, 0.0, 0.0, 0.0], [0.0, 0.0, 0.0, 1.6381271358904554, 0.0, 0.0, 0.0, 0.0, 0.0, 0.0, 0.0, 0.0, 0.0, 0.0, 0.0, 0.0, 0.0, 0.0, 0.0, 0.0, 0.0, 0.0, 0.0, 0.0, 0.0, 0.0, 0.0, 0.0, 0.0], [0.0, 0.0, 0.0, 0.952523458524783, 0.0, 0.0, 1.004559332055303, 0.0, 0.0, 0.0, 0.0, 0.0, 0.0, 0.0, 0.0, 0.0, 0.0, 0.0, 0.0, 0.0, 0.0, 0.0, 0.9439091895512999, 0.9478481704974803, 0.0, 0.0, 0.0, 0.0, 0.0], [0.0, 0.0, 0.0, 0.0, 0.0, 1.004559332055303, 0.0, 0.0, 0.0, 0.0, 0.0, 0.0, 0.0, 0.0, 0.0, 0.0, 0.0, 0.0, 0.0, 0.0, 0.0, 0.0, 0.0, 0.0, 0.9827140888712341, 0.9825987629252284, 0.9826112247612351, 0.0, 0.0], [0.0, 0.0, 0.0, 1.2066794349538397, 0.0, 0.0, 0.0, 0.0, 0.9955447938900955, 0.0, 0.0, 0.0, 0.0, 0.0, 0.0, 0.0, 0.0, 0.0, 0.0, 0.0, 0.0, 0.0, 0.0, 0.0, 0.0, 0.0, 0.0, 0.0, 0.0], [0.0, 0.0, 0.0, 0.0, 0.0, 0.0, 0.0, 0.9955447938900955, 0.0, 1.3871962047770106, 0.0, 0.0, 0.0, 0.0, 0.0, 1.333555754297551, 0.0, 0.0, 0.0, 0.0, 0.0, 0.0, 0.0, 0.0, 0.0, 0.0, 0.0, 0.0, 0.0], [0.0, 0.0, 0.0, 0.0, 0.0, 0.0, 0.0, 0.0, 1.3871962047770106, 0.0, 1.3948778406300741, 0.0, 0.0, 0.0, 0.0, 0.0, 0.0, 0.0, 0.0, 0.0, 0.0, 0.0, 0.0, 0.0, 0.0, 0.0, 0.0, 0.9513724657077397, 0.0], [0.0, 0.0, 0.0, 0.0, 0.0, 0.0, 0.0, 0.0, 0.0, 1.3948778406300741, 0.0, 1.0086156606545544, 1.3527010920899674, 0.0, 0.0, 0.0, 0.0, 0.0, 0.0, 0.0, 0.0, 0.0, 0.0, 0.0, 0.0, 0.0, 0.0, 0.0, 0.0], [0.0, 0.0, 0.0, 0.0, 0.0, 0.0, 0.0, 0.0, 0.0, 0.0, 1.0086156606545544, 0.0, 0.0, 0.0, 0.0, 0.0, 0.0, 0.0, 0.0, 0.0, 0.0, 0.0, 0.0, 0.0, 0.0, 0.0, 0.0, 0.0, 0.0], [0.0, 0.0, 0.0, 0.0, 0.0, 0.0, 0.0, 0.0, 0.0, 0.0, 1.3527010920899674, 0.0, 0.0, 1.0082777099517937, 1.3948653338024437, 0.0, 0.0, 0.0, 0.0, 0.0, 0.0, 0.0, 0.0, 0.0, 0.0, 0.0, 0.0, 0.0, 0.0], [0.0, 0.0, 0.0, 0.0, 0.0, 0.0, 0.0, 0.0, 0.0, 0.0, 0.0, 0.0, 1.0082777099517937, 0.0, 0.0, 0.0, 0.0, 0.0, 0.0, 0.0, 0.0, 0.0, 0.0, 0.0, 0.0, 0.0, 0.0, 0.0, 0.0], [0.0, 0.0, 0.0, 0.0, 0.0, 0.0, 0.0, 0.0, 0.0, 0.0, 0.0, 0.0, 1.3948653338024437, 0.0, 0.0, 1.402902640842961, 0.0, 0.0, 0.0, 0.0, 0.0, 0.0, 0.0, 0.0, 0.0, 0.0, 0.0, 0.0, 0.9584152820716755], [0.0, 0.0, 0.0, 0.0, 0.0, 0.0, 0.0, 0.0, 1.333555754297551, 0.0, 0.0, 0.0, 0.0, 0.0, 1.402902640842961, 0.0, 1.0082062744288138, 0.0, 0.0, 0.0, 0.0, 0.0, 0.0, 0.0, 0.0, 0.0, 0.0, 0.0, 0.0], [0.0, 0.0, 0.0, 0.0, 0.0, 0.0, 0.0, 0.0, 0.0, 0.0, 0.0, 0.0, 0.0, 0.0, 0.0, 1.0082062744288138, 0.0, 0.0, 0.0, 0.0, 0.0, 0.0, 0.0, 0.0, 0.0, 0.0, 0.0, 0.0, 0.0], [0.9846728603519899, 0.0, 0.0, 0.0, 0.0, 0.0, 0.0, 0.0, 0.0, 0.0, 0.0, 0.0, 0.0, 0.0, 0.0, 0.0, 0.0, 0.0, 0.0, 0.0, 0.0, 0.0, 0.0, 0.0, 0.0, 0.0, 0.0, 0.0, 0.0], [0.9815730469804781, 0.0, 0.0, 0.0, 0.0, 0.0, 0.0, 0.0, 0.0, 0.0, 0.0, 0.0, 0.0, 0.0, 0.0, 0.0, 0.0, 0.0, 0.0, 0.0, 0.0, 0.0, 0.0, 0.0, 0.0, 0.0, 0.0, 0.0, 0.0], [0.9842115953195233, 0.0, 0.0, 0.0, 0.0, 0.0, 0.0, 0.0, 0.0, 0.0, 0.0, 0.0, 0.0, 0.0, 0.0, 0.0, 0.0, 0.0, 0.0, 0.0, 0.0, 0.0, 0.0, 0.0, 0.0, 0.0, 0.0, 0.0, 0.0], [0.0, 0.968730134467901, 0.0, 0.0, 0.0, 0.0, 0.0, 0.0, 0.0, 0.0, 0.0, 0.0, 0.0, 0.0, 0.0, 0.0, 0.0, 0.0, 0.0, 0.0, 0.0, 0.0, 0.0, 0.0, 0.0, 0.0, 0.0, 0.0, 0.0], [0.0, 0.9698893498248764, 0.0, 0.0, 0.0, 0.0, 0.0, 0.0, 0.0, 0.0, 0.0, 0.0, 0.0, 0.0, 0.0, 0.0, 0.0, 0.0, 0.0, 0.0, 0.0, 0.0, 0.0, 0.0, 0.0, 0.0, 0.0, 0.0, 0.0], [0.0, 0.0, 0.0, 0.0, 0.0, 0.9439091895512999, 0.0, 0.0, 0.0, 0.0, 0.0, 0.0, 0.0, 0.0, 0.0, 0.0, 0.0, 0.0, 0.0, 0.0, 0.0, 0.0, 0.0, 0.0, 0.0, 0.0, 0.0, 0.0, 0.0], [0.0, 0.0, 0.0, 0.0, 0.0, 0.9478481704974803, 0.0, 0.0, 0.0, 0.0, 0.0, 0.0, 0.0, 0.0, 0.0, 0.0, 0.0, 0.0, 0.0, 0.0, 0.0, 0.0, 0.0, 0.0, 0.0, 0.0, 0.0, 0.0, 0.0], [0.0, 0.0, 0.0, 0.0, 0.0, 0.0, 0.9827140888712341, 0.0, 0.0, 0.0, 0.0, 0.0, 0.0, 0.0, 0.0, 0.0, 0.0, 0.0, 0.0, 0.0, 0.0, 0.0, 0.0, 0.0, 0.0, 0.0, 0.0, 0.0, 0.0], [0.0, 0.0, 0.0, 0.0, 0.0, 0.0, 0.9825987629252284, 0.0, 0.0, 0.0, 0.0, 0.0, 0.0, 0.0, 0.0, 0.0, 0.0, 0.0, 0.0, 0.0, 0.0, 0.0, 0.0, 0.0, 0.0, 0.0, 0.0, 0.0, 0.0], [0.0, 0.0, 0.0, 0.0, 0.0, 0.0, 0.9826112247612351, 0.0, 0.0, 0.0, 0.0, 0.0, 0.0, 0.0, 0.0, 0.0, 0.0, 0.0, 0.0, 0.0, 0.0, 0.0, 0.0, 0.0, 0.0, 0.0, 0.0, 0.0, 0.0], [0.0, 0.0, 0.0, 0.0, 0.0, 0.0, 0.0, 0.0, 0.0, 0.9513724657077397, 0.0, 0.0, 0.0, 0.0, 0.0, 0.0, 0.0, 0.0, 0.0, 0.0, 0.0, 0.0, 0.0, 0.0, 0.0, 0.0, 0.0, 0.0, 0.0], [0.0, 0.0, 0.0, 0.0, 0.0, 0.0, 0.0, 0.0, 0.0, 0.0, 0.0, 0.0, 0.0, 0.0, 0.9584152820716755, 0.0, 0.0, 0.0, 0.0, 0.0, 0.0, 0.0, 0.0, 0.0, 0.0, 0.0, 0.0, 0.0, 0.0]], "Born radii": [], "Atomic SASAs": [], "Solvent H bonds": [], "Total SASA": NaN, "Total FOD": 0.0, "FOD": [0.0, 0.0, 0.0, 0.0, 0.0, 0.0, 0.0, 0.0, 0.0, 0.0, 0.0, 0.0, 0.0, 0.0, 0.0, 0.0, 0.0, 0.0, 0.0, 0.0, 0.0, 0.0, 0.0, 0.0, 0.0, 0.0, 0.0, 0.0, 0.0], "FOD s proportion": [0.0, 0.0, 0.0, 0.0, 0.0, 0.0, 0.0, 0.0, 0.0, 0.0, 0.0, 0.0, 0.0, 0.0, 0.0, 0.0, 0.0, 0.0, 0.0, 0.0, 0.0, 0.0, 0.0, 0.0, 0.0, 0.0, 0.0, 0.0, 0.0], "FOD p proportion": [0.0, 0.0, 0.0, 0.0, 0.0, 0.0, 0.0, 0.0, 0.0, 0.0, 0.0, 0.0, 0.0, 0.0, 0.0, 0.0, 0.0, 0.0, 0.0, 0.0, 0.0, 0.0, 0.0, 0.0, 0.0, 0.0, 0.0, 0.0, 0.0], "FOD d proportion": [0.0, 0.0, 0.0, 0.0, 0.0, 0.0, 0.0, 0.0, 0.0, 0.0, 0.0, 0.0, 0.0, 0.0, 0.0, 0.0, 0.0, 0.0, 0.0, 0.0, 0.0, 0.0, 0.0, 0.0, 0.0, 0.0, 0.0, 0.0, 0.0], "coordinates": [["3.23070", "-1.27230", "1.28700"], ["2.56980", "-1.02000", "-0.05260"], ["1.32430", "-0.37910", "0.17480"], ["0.56650", "0.35290", "-1.05880"], ["0.28640", "-0.71770", "-2.65710"], ["1.52110", "1.87440", "-1.27860"], ["1.74900", "2.67450", "-0.00980"], ["-0.76700", "0.92610", "-0.33080"], ["-1.84850", "0.13190", "-0.06030"], ["-1.73220", "-0.95800", "0.80140"], ["-2.85200", "-1.74990", "1.07490"], ["-2.64350", "-3.08820", "2.14770"], ["-4.08810", "-1.44130", "0.49190"], ["-5.50990", "-2.37650", "0.79020"], ["-4.20420", "-0.33790", "-0.35810"], ["-3.08580", "0.45030", "-0.62830"], ["-3.26150", "1.81020", "-1.67560"], ["3.39210", "-0.32960", "1.82030"], ["4.19340", "-1.77490", "1.15900"], ["2.58970", "-1.89200", "1.92280"], ["3.21310", "-0.39060", "-0.67410"], ["2.39600", "-1.96980", "-0.56670"], ["2.49060", "1.62250", "-1.72170"], ["0.99270", "2.50280", "-2.00450"], ["2.32270", "3.58070", "-0.22620"], ["0.79740", "2.96990", "0.44170"], ["2.30130", "2.08670", "0.72900"], ["-0.78070", "-1.19160", "1.27070"], ["-5.16340", "-0.09370", "-0.80820"]], "bond_dist": [[0.0, 1.5149165851623647, 2.3809989584206037, 3.904102242513636, 4.953020135230625, 4.40531002427752, 4.410709168603162, 4.840645069616238, 5.439234097738394, 4.996495597916604, 6.105106670648761, 6.208423547085041, 7.363801901871071, 8.824066876446484, 7.67184432714846, 6.821575851663602, 7.773510522923347, 1.095053487278133, 1.0935181982939282, 1.0950574094539518, 2.1502599517267673, 2.149286865450957, 4.24027012582925, 5.485799509643057, 5.163898453687872, 4.9630375598014576, 3.5295933703473548, 4.012244775683557, 8.731544869609271], [1.5149165851623647, 0.0, 1.4190608936899078, 2.628783699736439, 3.4768838203195687, 3.313668518424859, 3.7848216245947444, 3.872845812835827, 4.565994720759104, 4.3863839321245015, 5.585689348683831, 6.0247214226053645, 6.693400208414255, 8.236015795273827, 6.815105770272388, 5.871884189934266, 6.681932409864679, 2.1588385442177005, 2.161926347034052, 2.1593946304462275, 1.0937282569267377, 1.0939036932015542, 3.126495434188254, 4.325191077860029, 4.610600379560128, 4.3937496810810694, 3.214743488989441, 3.606441417796773, 7.825046024784775], [2.3809989584206037, 1.4190608936899078, 0.0, 1.6222989243662833, 3.0350525497921774, 2.6887476731742606, 3.0885142398894656, 2.5164884442413, 3.2222744839631523, 3.1733176676784183, 4.48673091905454, 5.193745667627556, 5.524752936557435, 7.146650513352392, 5.554276919635894, 4.558712096634311, 5.40801038183175, 2.643088598590672, 3.3389582342401347, 2.6354520617912973, 2.07082807108654, 2.056377793597276, 2.993888858992598, 3.62831292200659, 4.103366861493133, 3.4006852574150406, 2.709582307293875, 2.50842142791039, 6.5679519981498045], [3.904102242513636, 2.628783699736439, 1.6222989243662833, 0.0, 1.944017299305744, 1.809567752254665, 2.808653380180616, 1.6238117163021086, 2.6226071474774866, 3.234628964811884, 4.545391708092934, 5.6944632284351435, 5.223899433373503, 6.913108007256938, 4.87111523370162, 3.678873781471715, 4.14219139224638, 4.091336996630808, 4.754006025448431, 4.245333062316783, 2.775838233759309, 2.9973601635439144, 2.3986415697223293, 2.387061989140626, 3.7677783958189477, 3.0254758402605035, 3.0350984036765594, 3.1027404564352463, 5.752738993731595], [4.953020135230625, 3.4768838203195687, 3.0350525497921774, 1.944017299305744, 0.0, 3.1849220948086, 4.544713070150854, 3.0370053819511087, 3.467418118715999, 4.011696935213327, 4.984256755023762, 6.1065282526162115, 5.438386544739165, 6.944968568683375, 5.059163705594039, 4.105117084810128, 4.465558763469584, 5.46288429861003, 5.5628176358748265, 5.2592447547152625, 3.550331857728232, 3.2230325362924894, 3.3481348300210376, 3.361006798564978, 5.341538641627523, 4.843766736745278, 4.836336896867298, 4.0976696377331345, 5.788620496284067], [4.40531002427752, 3.313668518424859, 2.6887476731742606, 1.809567752254665, 3.1849220948086, 0.0, 1.5172184615275415, 2.651980267649064, 3.9843149097429538, 4.788825602378938, 6.148049800546511, 7.328766854662522, 6.752159756700073, 8.472605576208537, 6.206500755659343, 4.865642661560751, 4.7994784508319235, 4.238093700002397, 5.13813891793517, 5.057334958256177, 2.891108654132528, 4.006260757863871, 1.0953179766624852, 1.095912373321882, 2.1590664672492137, 2.164091964312053, 2.164310765578733, 4.604081855267128, 6.984070018262989], [4.410709168603162, 3.7848216245947444, 3.0885142398894656, 2.808653380180616, 4.544713070150854, 1.5172184615275415, 0.0, 3.080616749938233, 4.405606798160726, 5.096258934748116, 6.474649832230312, 7.560262812230802, 7.159835817950017, 8.879427358225305, 6.681052079575492, 5.3576953002200485, 5.350421888038364, 3.88248122081743, 5.209447682816289, 5.0293778442268575, 3.4611734007414308, 4.722104308462489, 2.141792746742784, 2.1401632344286265, 1.0941476545695286, 1.0939177162839993, 1.0937868028093958, 4.79434996115219, 7.488768093618602], [4.840645069616238, 3.872845812835827, 2.5164884442413, 1.6238117163021086, 3.0370053819511087, 2.651980267649064, 3.080616749938233, 0.0, 1.3687827219832958, 2.4006917107367203, 3.6720829906199013, 5.077284607937593, 4.16066380040493, 5.887181683114595, 3.6623469428769306, 2.3857337089457404, 2.9686108030524982, 4.847899185214148, 5.8412732516121855, 4.928269012543857, 4.206275049256765, 4.294933599021061, 3.6099215406986342, 2.89547900527702, 4.074811456987918, 2.68723315884573, 3.4474096492874184, 2.655116424942605, 4.538307587636607], [5.439234097738394, 4.565994720759104, 3.2222744839631523, 2.6226071474774866, 3.467418118715999, 3.9843149097429538, 4.405606798160726, 1.3687827219832958, 0.0, 1.39425054778544, 2.415959960347025, 3.984511640088406, 2.7920765104129934, 4.5189900165855645, 2.4204791612406003, 1.3981823378944536, 2.7244180993379117, 5.586906744344316, 6.451909356151867, 5.26559360946133, 5.1253830344667906, 4.763335396547256, 4.8795416926182735, 4.18013132449209, 5.414854909413548, 3.9124205819415683, 4.654575981762463, 2.15949301689077, 3.405702832015735], [4.996495597916604, 4.3863839321245015, 3.1733176676784183, 3.234628964811884, 4.011696935213327, 4.788825602378938, 5.096258934748116, 2.4006917107367203, 1.39425054778544, 0.0, 1.3985206112174393, 2.679690918744175, 2.4247956511838273, 4.035255255866722, 2.7999550460677045, 2.4206577494557138, 4.017115722754324, 5.262270827314003, 5.992323316544259, 4.561656888675429, 5.191823870279113, 4.465139649551848, 5.554912573569453, 5.222575175141092, 6.172355584377816, 4.685793279691284, 5.054162848583334, 1.0863533955394074, 3.8872818382515053], [6.105106670648761, 5.585689348683831, 4.48673091905454, 4.545391708092934, 4.984256755023762, 6.148049800546511, 6.474649832230312, 3.6720829906199013, 2.415959960347025, 1.3985206112174393, 0.0, 1.7278365026818943, 1.401094632778243, 2.7455626126533703, 2.4239797523906836, 2.792209290150006, 4.517438711261061, 6.446833180717491, 7.04594627924454, 5.509194651670968, 6.456944749647467, 5.503154601680748, 6.909227748453512, 6.507678521562048, 7.542259453240786, 5.999631208666079, 6.4339449220521, 2.1541402507729157, 3.4105181439188974], [6.208423547085041, 6.0247214226053645, 5.193745667627556, 5.6944632284351435, 6.1065282526162115, 7.328766854662522, 7.560262812230802, 5.077284607937593, 3.984511640088406, 2.679690918744175, 1.7278365026818943, 0.0, 2.7460557914944115, 3.250472596408098, 4.0347203397509475, 4.519157835260901, 6.244507142281127, 6.644210418100861, 7.0317484447326475, 5.372881600221617, 7.038420601242867, 5.832267669611881, 7.970064846662165, 7.856334786654653, 8.647125005457017, 7.17292160977659, 7.296803871559109, 2.7993292768090003, 4.9045153756512985], [7.363801901871071, 6.693400208414255, 5.524752936557435, 5.223899433373503, 5.438386544739165, 6.752159756700073, 7.159835817950017, 4.16066380040493, 2.7920765104129934, 2.4247956511838273, 1.401094632778243, 2.7460557914944115, 0.0, 1.72774337504156, 1.3976661868987172, 2.416113385170489, 3.9941927920419666, 7.678145315764739, 8.31501976065, 6.8442397780907696, 7.468001602169084, 6.59116825911765, 7.587238568148493, 6.89945406608378, 8.175237504195215, 6.582500720091112, 7.302563438272892, 3.407018387094499, 2.1592952229836477], [8.824066876446484, 8.236015795273827, 7.146650513352392, 6.913108007256938, 6.944968568683375, 8.472605576208537, 8.879427358225305, 5.887181683114595, 4.5189900165855645, 4.035255255866722, 2.7455626126533703, 3.250472596408098, 1.72774337504156, 0.0, 2.6794281740699826, 3.984871553764312, 5.353870477514374, 9.192198301820953, 9.728924241148142, 8.192743323820173, 9.065246951958892, 8.031801622923714, 9.290298319214513, 8.596611154402648, 9.892973443813544, 8.275716192572096, 8.996596307493185, 4.898999989793836, 2.8082237535495636], [7.67184432714846, 6.815105770272388, 5.554276919635894, 4.87111523370162, 5.059163705594039, 6.206500755659343, 6.681052079575492, 3.6623469428769306, 2.4204791612406003, 2.7999550460677045, 2.4239797523906836, 4.0347203397509475, 1.3976661868987172, 2.6794281740699826, 0.0, 1.3946633428896023, 2.6905061140982376, 7.902484997771271, 8.653684023004308, 7.333130902281781, 7.424215283785889, 6.802150513624349, 7.1079476756656, 6.147192778821891, 7.614016494597316, 6.049563904943892, 7.027232870767838, 3.886147884473776, 1.0873308098274417], [6.821575851663602, 5.871884189934266, 4.558712096634311, 3.678873781471715, 4.105117084810128, 4.865642661560751, 5.3576953002200485, 2.3857337089457404, 1.3981823378944536, 2.4206577494557138, 2.792209290150006, 4.519157835260901, 2.416113385170489, 3.984871553764312, 1.3946633428896023, 0.0, 1.7254088761797883, 6.969008134591321, 7.818740881369583, 6.648742794694347, 6.354947022595861, 5.992562874930893, 5.802224862929736, 4.768736199455785, 6.262025296978606, 4.751055293300637, 5.791451861148463, 3.4081553104282087, 2.1551616575097103], [7.773510522923347, 6.681932409864679, 5.40801038183175, 4.14219139224638, 4.465558763469584, 4.7994784508319235, 5.350421888038364, 2.9686108030524982, 2.7244180993379117, 4.017115722754324, 4.517438711261061, 6.244507142281127, 3.9941927920419666, 5.353870477514374, 2.6905061140982376, 1.7254088761797883, 0.0, 7.814758717324548, 8.744337206443952, 7.803288335054653, 6.911365136497999, 6.893864334319323, 5.755346289320913, 4.322740752115491, 6.0347924777907656, 4.722555726510805, 6.066572116937207, 4.8832218432096655, 2.827444354890119], [1.095053487278133, 2.1588385442177005, 2.643088598590672, 4.091336996630808, 5.46288429861003, 4.238093700002397, 3.88248122081743, 4.847899185214148, 5.586906744344316, 5.262270827314003, 6.446833180717491, 6.644210418100861, 7.678145315764739, 9.192198301820953, 7.902484997771271, 6.969008134591321, 7.814758717324548, 0.0, 1.7799695137838734, 1.759387896400336, 2.501558186411022, 3.0627177881744183, 4.143568589995827, 5.329981722295115, 4.541169970393093, 4.418111168814113, 2.8669297201012798, 4.296203440248146, 8.953281036022494], [1.0935181982939282, 2.161926347034052, 3.3389582342401347, 4.754006025448431, 5.5628176358748265, 5.13813891793517, 5.209447682816289, 5.8412732516121855, 6.451909356151867, 5.992323316544259, 7.04594627924454, 7.0317484447326475, 8.31501976065, 9.728924241148142, 8.653684023004308, 7.818740881369583, 8.744337206443952, 1.7799695137838734, 0.0, 1.7801563245962413, 2.497504792788194, 2.499334563438836, 4.768677708757429, 6.208939525394011, 5.839584650469585, 5.878814704513147, 4.32167756432615, 5.009429766949527, 9.708038706144512], [1.0950574094539518, 2.1593946304462275, 2.6354520617912973, 4.245333062316783, 5.2592447547152625, 5.057334958256177, 5.0293778442268575, 4.928269012543857, 5.26559360946133, 4.561656888675429, 5.509194651670968, 5.372881600221617, 6.8442397780907696, 8.192743323820173, 7.333130902281781, 6.648742794694347, 7.803288335054653, 1.759387896400336, 1.7801563245962413, 0.0, 3.063775306709028, 2.4982359336139575, 5.063981764382648, 6.106419681777531, 5.885570090484014, 5.389254875212343, 4.163938843210836, 3.5036253695279695, 8.414440177456846], [2.1502599517267673, 1.0937282569267377, 2.07082807108654, 2.775838233759309, 3.550331857728232, 2.891108654132528, 3.4611734007414308, 4.206275049256765, 5.1253830344667906, 5.191823870279113, 6.456944749647467, 7.038420601242867, 7.468001602169084, 9.065246951958892, 7.424215283785889, 6.354947022595861, 6.911365136497999, 2.501558186411022, 2.497504792788194, 3.063775306709028, 0.0, 1.7813084544794593, 2.381605261163151, 3.8822549993528246, 4.094465808869333, 4.286440992245198, 2.989495633045815, 4.513788484189307, 8.382832735418262], [2.149286865450957, 1.0939036932015542, 2.056377793597276, 2.9973601635439144, 3.2230325362924894, 4.006260757863871, 4.722104308462489, 4.294933599021061, 4.763335396547256, 4.465139649551848, 5.503154601680748, 5.832267669611881, 6.59116825911765, 8.031801622923714, 6.802150513624349, 5.992562874930893, 6.893864334319323, 3.0627177881744183, 2.499334563438836, 2.4982359336139575, 1.7813084544794593, 0.0, 3.774598448841943, 4.903128643019679, 5.561417390378105, 5.288953451298282, 4.259459922337572, 3.751407321259583, 7.7924708417805455], [4.24027012582925, 3.126495434188254, 2.993888858992598, 2.3986415697223293, 3.3481348300210376, 1.0953179766624852, 2.141792746742784, 3.6099215406986342, 4.8795416926182735, 5.554912573569453, 6.909227748453512, 7.970064846662165, 7.587238568148493, 9.290298319214513, 7.1079476756656, 5.802224862929736, 5.755346289320913, 4.143568589995827, 4.768677708757429, 5.063981764382648, 2.381605261163151, 3.774598448841943, 0.0, 1.7602864369187192, 2.46966756872256, 3.0598549900281227, 2.501448904135361, 5.25119227033252, 7.897058989902506], [5.485799509643057, 4.325191077860029, 3.62831292200659, 2.387061989140626, 3.361006798564978, 1.095912373321882, 2.1401632344286265, 2.89547900527702, 4.18013132449209, 5.222575175141092, 6.507678521562048, 7.856334786654653, 6.89945406608378, 8.596611154402648, 6.147192778821891, 4.768736199455785, 4.322740752115491, 5.329981722295115, 6.208939525394011, 6.106419681777531, 3.8822549993528246, 4.903128643019679, 1.7602864369187192, 0.0, 2.468424457017067, 2.498043022047459, 3.0590187021330877, 5.245995993136098, 6.7875262909251415], [5.163898453687872, 4.610600379560128, 4.103366861493133, 3.7677783958189477, 5.341538641627523, 2.1590664672492137, 1.0941476545695286, 4.074811456987918, 5.414854909413548, 6.172355584377816, 7.542259453240786, 8.647125005457017, 8.175237504195215, 9.892973443813544, 7.614016494597316, 6.262025296978606, 6.0347924777907656, 4.541169970393093, 5.839584650469585, 5.885570090484014, 4.094465808869333, 5.561417390378105, 2.46966756872256, 2.468424457017067, 0.0, 1.7736141463125514, 1.773386872625373, 5.886140370395529, 8.359523465485339], [4.9630375598014576, 4.3937496810810694, 3.4006852574150406, 3.0254758402605035, 4.843766736745278, 2.164091964312053, 1.0939177162839993, 2.68723315884573, 3.9124205819415683, 4.685793279691284, 5.999631208666079, 7.17292160977659, 6.582500720091112, 8.275716192572096, 6.049563904943892, 4.751055293300637, 4.722555726510805, 4.418111168814113, 5.878814704513147, 5.389254875212343, 4.286440992245198, 5.288953451298282, 3.0598549900281227, 2.498043022047459, 1.7736141463125514, 0.0, 1.767568595557185, 4.527220213331797, 6.817553198178948], [3.5295933703473548, 3.214743488989441, 2.709582307293875, 3.0350984036765594, 4.836336896867298, 2.164310765578733, 1.0937868028093958, 3.4474096492874184, 4.654575981762463, 5.054162848583334, 6.4339449220521, 7.296803871559109, 7.302563438272892, 8.996596307493185, 7.027232870767838, 5.791451861148463, 6.066572116937207, 2.8669297201012798, 4.32167756432615, 4.163938843210836, 2.989495633045815, 4.259459922337572, 2.501448904135361, 3.0590187021330877, 1.773386872625373, 1.767568595557185, 0.0, 4.532043002885123, 7.927097456824914], [4.012244775683557, 3.606441417796773, 2.50842142791039, 3.1027404564352463, 4.0976696377331345, 4.604081855267128, 4.79434996115219, 2.655116424942605, 2.15949301689077, 1.0863533955394074, 2.1541402507729157, 2.7993292768090003, 3.407018387094499, 4.898999989793836, 3.886147884473776, 3.4081553104282087, 4.8832218432096655, 4.296203440248146, 5.009429766949527, 3.5036253695279695, 4.513788484189307, 3.751407321259583, 5.25119227033252, 5.245995993136098, 5.886140370395529, 4.527220213331797, 4.532043002885123, 0.0, 4.973456434915259], [8.731544869609271, 7.825046024784775, 6.5679519981498045, 5.752738993731595, 5.788620496284067, 6.984070018262989, 7.488768093618602, 4.538307587636607, 3.405702832015735, 3.8872818382515053, 3.4105181439188974, 4.9045153756512985, 2.1592952229836477, 2.8082237535495636, 1.0873308098274417, 2.1551616575097103, 2.827444354890119, 8.953281036022494, 9.708038706144512, 8.414440177456846, 8.382832735418262, 7.7924708417805455, 7.897058989902506, 6.7875262909251415, 8.359523465485339, 6.817553198178948, 7.927097456824914, 4.973456434915259, 0.0]]}