{"total energy": -50.84726348, "HOMO-LUMO gap/eV": 4.62920337, "electronic energy": -51.29964158, "dipole": [-0.130837, -1.4768156, 1.10073663], "partial charges": [-0.14448787, 0.35670668, -0.40679457, -0.26338143, 0.06972365, 0.10725211, 0.06279203, -0.27039359, 0.36148443, -0.4032271, -0.14505378, -0.26880401, 0.36513365, -0.40746717, -0.14302299, 0.07974289, 0.0839702, 0.08301455, 0.08160982, 0.07228197, 0.07808146, 0.08618856, 0.07142752, 0.0808883, 0.08290869, 0.07897345, 0.08005298, 0.09108397, 0.0793156], "atomic dipole moments": [[-0.09914693, -0.01313733, -0.05320397], [-0.15609342, -0.03033817, 0.05378257], [-0.00592364, -0.00827379, 0.18001791], [-0.0288781, 0.00580071, -0.22688071], [0.17665255, 0.14899098, 0.08042325], [-0.13010991, 0.01472934, 0.15875855], [-0.08812329, -0.1514513, 0.17193463], [-0.0001461, 0.22550852, 0.03064144], [0.14127715, -0.02192744, -0.09126971], [0.02665271, -0.1717641, -0.04042999], [0.07970779, 0.0714855, -0.03502902], [0.05857938, 0.09820834, -0.1995648], [0.02363585, -0.16807618, -0.03460079], [-0.04393103, -0.10155066, 0.14223474], [0.0508269, -0.05303454, -0.08942683], [0.10647604, 0.01971926, -0.07410494], [-0.01649926, 0.11256164, 0.07770874], [0.02105131, -0.11636349, 0.06922887], [-0.07842664, -0.06841559, 0.07761397], [0.02478444, -0.08337864, -0.09972459], [0.09782361, 0.0796695, -0.04783417], [-0.06340989, 0.1151479, -0.03727143], [0.04371743, -0.04225042, -0.10999565], [0.06496504, -0.08437003, 0.08609263], [-0.05059578, -0.0590791, -0.11307353], [-0.10211197, 0.05040356, 0.06528947], [0.09281166, -0.01174233, 0.0989665], [-0.12133091, -0.06127317, 0.0261166], [-0.02729796, 0.12746137, -0.015532]], "atomic quadrupole moments": [[0.10983842, 0.03863117, -0.15590736, 0.16757564, 0.01846753, 0.04606895], [-0.10381007, -0.09043082, 0.46903628, -0.1185537, 0.02392449, -0.36522621], [-0.10353487, -0.05201453, 0.20058924, -0.00604764, 0.01385042, -0.09705436], [0.06625167, 0.0239897, -0.06748113, 0.04829893, 0.0019933, 0.00122945], [0.2451062, -0.00738212, -0.08890231, 0.35018423, -0.02257037, -0.15620389], [-0.15019941, -0.19809112, -0.034012, -0.01803626, 0.20073811, 0.18421142], [0.16098609, 0.35232217, -0.05612771, -0.0377925, -0.12075685, -0.10485837], [0.02376112, 0.05349083, 0.0177068, -0.04989239, -0.02319777, -0.04146792], [0.0482611, -0.09900547, -0.38530307, 0.23941814, -0.06964659, 0.33704197], [-0.02801413, -0.02190778, -0.09702678, 0.13954203, -0.03208144, 0.12504091], [0.00994237, 0.15967346, 0.11426104, -0.07977403, -0.05721637, -0.12420341], [-0.05476422, -0.02910437, 0.00349104, -0.05079949, 0.04105208, 0.05127318], [0.37523961, 0.04390005, -0.07537791, 0.29297916, 0.08444994, -0.29986171], [0.16223344, 0.0359224, -0.09988072, 0.10770304, 0.00717363, -0.06235272], [-0.1067189, -0.05199971, -0.05796045, -0.12845155, 0.09317596, 0.16467936], [0.04723328, 0.01832235, -0.04960539, -0.05223469, -0.01087744, 0.00237211], [-0.02531794, -0.01464132, 0.02123492, -0.01888974, 0.0633552, 0.00408303], [-0.02959007, -0.00334764, 0.03387431, 0.00305102, -0.06523345, -0.00428424], [0.02672594, 0.01980549, -0.02998096, -0.02677044, -0.02729485, 0.00325502], [-0.00036173, -0.01787146, -0.02812589, -0.00071457, 0.02984168, 0.02848763], [0.00207107, 0.01126224, -0.00387564, -0.01754032, 0.00780974, 0.00180457], [0.00904917, -0.01082343, 0.03274363, -0.00644629, 0.00129974, -0.04179279], [-0.00454551, -0.00090648, -0.01808551, -0.03499255, 0.03871534, 0.02263102], [0.00080228, -0.04576722, 0.00966662, 0.0265843, -0.04883829, -0.01046889], [-0.02611135, 0.01978207, -0.01766545, 0.01840137, 0.05510054, 0.0437768], [0.03477858, -0.03179612, -0.01677338, -0.05507734, 0.02332119, -0.0180052], [0.00506715, -0.02204286, -0.03081546, 0.06342293, -0.01393839, 0.02574831], [0.03371274, 0.05046157, 0.00733491, -0.02929204, -0.00987572, -0.04104765], [-0.04540182, -0.02513156, 0.07934823, -0.00545667, -0.01153425, -0.03394641]], "number of molecular orbitals": 74, "number of electrons": 86, "number of unpaired electrons": 0, "orbital energies/eV": [-20.49098981, -20.46109237, -20.2658442, -19.68078786, -19.6689896, -19.43577079, -19.01523282, -18.73533603, -18.39338627, -17.52631538, -17.34288297, -17.15016572, -17.01561426, -16.84770564, -16.60009278, -16.43524265, -16.06228353, -15.83647138, -15.75657647, -15.58078659, -15.5266225, -15.4672327, -15.16176608, -14.95511654, -14.57874096, -14.17951938, -14.01266363, -13.8873377, -13.62219422, -13.51859665, -13.46068308, -13.37198173, -13.3300351, -13.23021029, -13.15075721, -13.09154976, -12.9727339, -12.90102561, -12.53184458, -12.13774528, -11.69855903, -11.69101542, -11.42523552, -6.79603215, -6.76363377, -6.47627727, -1.13552588, -0.90832153, -0.32681072, 1.49832187, 2.32374585, 2.67335686, 3.03574338, 3.48618461, 3.64273629, 3.66071682, 3.89809673, 4.03446649, 4.04207208, 4.08450823, 4.37104131, 4.37507315, 5.2470676, 5.46819508, 5.49991305, 5.54486718, 5.86249637, 6.07580369, 6.61698728, 6.74918787, 6.96890581, 15.81133177, 15.88878864, 16.0589386], "fractional occupation": [2.0, 2.0, 2.0, 2.0, 2.0, 2.0, 2.0, 2.0, 2.0, 2.0, 2.0, 2.0, 2.0, 2.0, 2.0, 2.0, 2.0, 2.0, 2.0, 2.0, 2.0, 2.0, 2.0, 2.0, 2.0, 2.0, 2.0, 2.0, 2.0, 2.0, 2.0, 2.0, 2.0, 2.0, 2.0, 2.0, 2.0, 2.0, 2.0, 2.0, 2.0, 2.0, 2.0, 0.0, 0.0, 0.0, 0.0, 0.0, 0.0, 0.0, 0.0, 0.0, 0.0, 0.0, 0.0, 0.0, 0.0, 0.0, 0.0, 0.0, 0.0, 0.0, 0.0, 0.0, 0.0, 0.0, 0.0, 0.0, 0.0, 0.0, 0.0, 0.0, 0.0, 0.0], "program call": "xtb /home/svss/Project-DBcg-Debug/aqme2_20220329/End-to-End-workflows-final/example-3/QDESCP/mol_126_rdkit_conf_1/mol_126_rdkit_conf_1.xyz --pop --wbo --acc 0.2 --gfn 2 --chrg 0 --uhf 0 --etemp 300 --input /home/svss/Project-DBcg-Debug/aqme2_20220329/End-to-End-workflows-final/example-3/QDESCP/mol_126_rdkit_conf_1/mol_126_rdkit_conf_1_xtb.inp", "method": "GFN2-xTB", "xtb version": "6.3.3 (7355c4f)", "Dipole module/D": 4.693, "Total charge": 0, "Transition dipole module/D": NaN, "HOMO": -11.4252, "LUMO": -6.796, "HOMO occupancy": 2.0, "LUMO occupancy": 0, "mulliken charges": [-0.11638, 0.57997, -0.53248, -0.41647, 0.19105, 0.20035, 0.17953, -0.42798, 0.58505, -0.52283, -0.11829, -0.4193, 0.58867, -0.53113, -0.1129, 0.06069, 0.06744, 0.06469, 0.05658, 0.05055, 0.0707, 0.07697, 0.04583, 0.06305, 0.06468, 0.06029, 0.06031, 0.07241, 0.05895], "cm5 charges": [-0.25461, 0.62739, -0.58258, -0.49692, 0.11672, 0.16535, 0.10389, -0.50968, 0.63312, -0.57266, -0.25647, -0.49373, 0.63653, -0.58132, -0.25102, 0.11549, 0.12213, 0.11939, 0.12545, 0.11866, 0.14693, 0.14858, 0.10969, 0.1178, 0.11941, 0.11513, 0.11488, 0.1286, 0.11383], "FUKUI+": [0.022, -0.064, -0.112, -0.054, 0.016, 0.007, 0.016, -0.053, -0.063, -0.1, 0.022, -0.028, -0.042, -0.088, 0.018, -0.04, -0.044, -0.05, -0.027, -0.026, -0.015, -0.018, -0.037, -0.044, -0.05, -0.039, -0.041, -0.03, -0.036], "FUKUI-": [-0.0, -0.015, -0.12, -0.044, 0.013, 0.006, 0.012, -0.042, -0.014, -0.1, 0.001, -0.037, -0.012, -0.127, 0.0, -0.038, -0.042, -0.049, -0.033, -0.029, -0.017, -0.017, -0.038, -0.041, -0.049, -0.036, -0.05, -0.041, -0.04], "FUKUIrad": [0.011, -0.039, -0.116, -0.049, 0.015, 0.006, 0.014, -0.047, -0.039, -0.1, 0.012, -0.032, -0.027, -0.108, 0.009, -0.039, -0.043, -0.05, -0.03, -0.027, -0.016, -0.017, -0.037, -0.043, -0.05, -0.037, -0.046, -0.035, -0.038], "s proportion": [1.018, 0.987, 1.731, 1.698, 1.004, 1.034, 1.007, 1.699, 0.984, 1.729, 1.018, 1.698, 0.986, 1.731, 1.017, 0.939, 0.933, 0.935, 0.943, 0.949, 0.929, 0.923, 0.954, 0.937, 0.935, 0.94, 0.94, 0.928, 0.941], "p proportion": [3.099, 2.433, 4.802, 4.718, 2.805, 2.766, 2.813, 4.729, 2.431, 4.794, 3.1, 4.721, 2.426, 4.8, 3.096, 0.0, 0.0, 0.0, 0.0, 0.0, 0.0, 0.0, 0.0, 0.0, 0.0, 0.0, 0.0, 0.0, 0.0], "d proportion": [0.0, 0.0, 0.0, 0.0, 0.0, 0.0, 0.0, 0.0, 0.0, 0.0, 0.0, 0.0, 0.0, 0.0, 0.0, 0.0, 0.0, 0.0, 0.0, 0.0, 0.0, 0.0, 0.0, 0.0, 0.0, 0.0, 0.0, 0.0, 0.0], "Fermi-level/eV": -9.1106, "Coordination numbers": [3.751, 2.711, 0.856, 1.701, 3.696, 3.74, 3.691, 1.701, 2.706, 0.856, 3.752, 1.701, 2.708, 0.856, 3.751, 0.924, 0.924, 0.924, 0.924, 0.924, 0.924, 0.924, 0.924, 0.924, 0.924, 0.924, 0.924, 0.924, 0.924], "Dispersion coefficient C6": [23.35, 20.945, 21.818, 18.366, 19.576, 18.892, 19.702, 18.485, 20.866, 21.746, 23.361, 18.458, 20.807, 21.831, 23.32, 1.982, 1.939, 1.948, 1.963, 2.061, 1.999, 1.916, 2.07, 1.97, 1.949, 1.99, 1.979, 1.869, 1.986], "Total dispersion C6": 7690.368929, "Total dispersion C8": 168680.962816, "Polarizability alpha": [6.891, 7.491, 6.262, 5.786, 6.329, 6.202, 6.352, 5.805, 7.477, 6.252, 6.893, 5.801, 7.466, 6.264, 6.887, 2.201, 2.177, 2.183, 2.191, 2.245, 2.211, 2.165, 2.25, 2.195, 2.183, 2.206, 2.2, 2.138, 2.204], "Total polarizability alpha": 128.906843, "Wiberg matrix": [[0.0, 0.9982053124853447, 0.0, 0.0, 0.0, 0.0, 0.0, 0.0, 0.0, 0.0, 0.0, 0.0, 0.0, 0.0, 0.0, 0.9813413026382343, 0.9602283850961848, 0.9614033540043176, 0.0, 0.0, 0.0, 0.0, 0.0, 0.0, 0.0, 0.0, 0.0, 0.0, 0.0], [0.9982053124853447, 0.0, 1.7583862433309634, 1.112891654567575, 0.0, 0.0, 0.0, 0.0, 0.0, 0.0, 0.0, 0.0, 0.0, 0.0, 0.0, 0.0, 0.0, 0.0, 0.0, 0.0, 0.0, 0.0, 0.0, 0.0, 0.0, 0.0, 0.0, 0.0, 0.0], [0.0, 1.7583862433309634, 0.0, 0.16796437318418242, 0.0, 0.0, 0.0, 0.0, 0.0, 0.0, 0.0, 0.0, 0.0, 0.0, 0.0, 0.0, 0.0, 0.0, 0.0, 0.0, 0.0, 0.0, 0.0, 0.0, 0.0, 0.0, 0.0, 0.0, 0.0], [0.0, 1.112891654567575, 0.16796437318418242, 0.0, 0.9521902941713668, 0.0, 0.0, 0.0, 0.0, 0.0, 0.0, 0.0, 0.0, 0.0, 0.0, 0.0, 0.0, 0.0, 0.0, 0.0, 0.0, 0.0, 0.0, 0.0, 0.0, 0.0, 0.0, 0.0, 0.0], [0.0, 0.0, 0.0, 0.9521902941713668, 0.0, 0.9868005152276201, 0.0, 0.0, 0.0, 0.0, 0.0, 0.0, 0.0, 0.0, 0.0, 0.0, 0.0, 0.0, 0.9669831101918798, 0.9649419871187642, 0.0, 0.0, 0.0, 0.0, 0.0, 0.0, 0.0, 0.0, 0.0], [0.0, 0.0, 0.0, 0.0, 0.9868005152276201, 0.0, 0.9812358602265322, 0.0, 0.0, 0.0, 0.0, 0.9415814041823326, 0.0, 0.0, 0.0, 0.0, 0.0, 0.0, 0.0, 0.0, 0.9531632495694088, 0.0, 0.0, 0.0, 0.0, 0.0, 0.0, 0.0, 0.0], [0.0, 0.0, 0.0, 0.0, 0.0, 0.9812358602265322, 0.0, 0.9505897276420643, 0.0, 0.0, 0.0, 0.0, 0.0, 0.0, 0.0, 0.0, 0.0, 0.0, 0.0, 0.0, 0.0, 0.9625382269802493, 0.9669334390585529, 0.0, 0.0, 0.0, 0.0, 0.0, 0.0], [0.0, 0.0, 0.0, 0.0, 0.0, 0.0, 0.9505897276420643, 0.0, 1.1093693298391822, 0.16800606513033262, 0.0, 0.0, 0.0, 0.0, 0.0, 0.0, 0.0, 0.0, 0.0, 0.0, 0.0, 0.0, 0.0, 0.0, 0.0, 0.0, 0.0, 0.0, 0.0], [0.0, 0.0, 0.0, 0.0, 0.0, 0.0, 0.0, 1.1093693298391822, 0.0, 1.763458922919189, 0.9959914763476932, 0.0, 0.0, 0.0, 0.0, 0.0, 0.0, 0.0, 0.0, 0.0, 0.0, 0.0, 0.0, 0.0, 0.0, 0.0, 0.0, 0.0, 0.0], [0.0, 0.0, 0.0, 0.0, 0.0, 0.0, 0.0, 0.16800606513033262, 1.763458922919189, 0.0, 0.0, 0.0, 0.0, 0.0, 0.0, 0.0, 0.0, 0.0, 0.0, 0.0, 0.0, 0.0, 0.0, 0.0, 0.0, 0.0, 0.0, 0.0, 0.0], [0.0, 0.0, 0.0, 0.0, 0.0, 0.0, 0.0, 0.0, 0.9959914763476932, 0.0, 0.0, 0.0, 0.0, 0.0, 0.0, 0.0, 0.0, 0.0, 0.0, 0.0, 0.0, 0.0, 0.0, 0.9614884063598916, 0.9619729814863152, 0.9815593740164998, 0.0, 0.0, 0.0], [0.0, 0.0, 0.0, 0.0, 0.0, 0.9415814041823326, 0.0, 0.0, 0.0, 0.0, 0.0, 0.0, 1.1047703771158404, 0.16436478055973494, 0.0, 0.0, 0.0, 0.0, 0.0, 0.0, 0.0, 0.0, 0.0, 0.0, 0.0, 0.0, 0.0, 0.0, 0.0], [0.0, 0.0, 0.0, 0.0, 0.0, 0.0, 0.0, 0.0, 0.0, 0.0, 0.0, 1.1047703771158404, 0.0, 1.7610073471895367, 0.9989949715893951, 0.0, 0.0, 0.0, 0.0, 0.0, 0.0, 0.0, 0.0, 0.0, 0.0, 0.0, 0.0, 0.0, 0.0], [0.0, 0.0, 0.0, 0.0, 0.0, 0.0, 0.0, 0.0, 0.0, 0.0, 0.0, 0.16436478055973494, 1.7610073471895367, 0.0, 0.0, 0.0, 0.0, 0.0, 0.0, 0.0, 0.0, 0.0, 0.0, 0.0, 0.0, 0.0, 0.0, 0.0, 0.0], [0.0, 0.0, 0.0, 0.0, 0.0, 0.0, 0.0, 0.0, 0.0, 0.0, 0.0, 0.0, 0.9989949715893951, 0.0, 0.0, 0.0, 0.0, 0.0, 0.0, 0.0, 0.0, 0.0, 0.0, 0.0, 0.0, 0.0, 0.9587586774314957, 0.9612876122653864, 0.9809137031832784], [0.9813413026382343, 0.0, 0.0, 0.0, 0.0, 0.0, 0.0, 0.0, 0.0, 0.0, 0.0, 0.0, 0.0, 0.0, 0.0, 0.0, 0.0, 0.0, 0.0, 0.0, 0.0, 0.0, 0.0, 0.0, 0.0, 0.0, 0.0, 0.0, 0.0], [0.9602283850961848, 0.0, 0.0, 0.0, 0.0, 0.0, 0.0, 0.0, 0.0, 0.0, 0.0, 0.0, 0.0, 0.0, 0.0, 0.0, 0.0, 0.0, 0.0, 0.0, 0.0, 0.0, 0.0, 0.0, 0.0, 0.0, 0.0, 0.0, 0.0], [0.9614033540043176, 0.0, 0.0, 0.0, 0.0, 0.0, 0.0, 0.0, 0.0, 0.0, 0.0, 0.0, 0.0, 0.0, 0.0, 0.0, 0.0, 0.0, 0.0, 0.0, 0.0, 0.0, 0.0, 0.0, 0.0, 0.0, 0.0, 0.0, 0.0], [0.0, 0.0, 0.0, 0.0, 0.9669831101918798, 0.0, 0.0, 0.0, 0.0, 0.0, 0.0, 0.0, 0.0, 0.0, 0.0, 0.0, 0.0, 0.0, 0.0, 0.0, 0.0, 0.0, 0.0, 0.0, 0.0, 0.0, 0.0, 0.0, 0.0], [0.0, 0.0, 0.0, 0.0, 0.9649419871187642, 0.0, 0.0, 0.0, 0.0, 0.0, 0.0, 0.0, 0.0, 0.0, 0.0, 0.0, 0.0, 0.0, 0.0, 0.0, 0.0, 0.0, 0.0, 0.0, 0.0, 0.0, 0.0, 0.0, 0.0], [0.0, 0.0, 0.0, 0.0, 0.0, 0.9531632495694088, 0.0, 0.0, 0.0, 0.0, 0.0, 0.0, 0.0, 0.0, 0.0, 0.0, 0.0, 0.0, 0.0, 0.0, 0.0, 0.0, 0.0, 0.0, 0.0, 0.0, 0.0, 0.0, 0.0], [0.0, 0.0, 0.0, 0.0, 0.0, 0.0, 0.9625382269802493, 0.0, 0.0, 0.0, 0.0, 0.0, 0.0, 0.0, 0.0, 0.0, 0.0, 0.0, 0.0, 0.0, 0.0, 0.0, 0.0, 0.0, 0.0, 0.0, 0.0, 0.0, 0.0], [0.0, 0.0, 0.0, 0.0, 0.0, 0.0, 0.9669334390585529, 0.0, 0.0, 0.0, 0.0, 0.0, 0.0, 0.0, 0.0, 0.0, 0.0, 0.0, 0.0, 0.0, 0.0, 0.0, 0.0, 0.0, 0.0, 0.0, 0.0, 0.0, 0.0], [0.0, 0.0, 0.0, 0.0, 0.0, 0.0, 0.0, 0.0, 0.0, 0.0, 0.9614884063598916, 0.0, 0.0, 0.0, 0.0, 0.0, 0.0, 0.0, 0.0, 0.0, 0.0, 0.0, 0.0, 0.0, 0.0, 0.0, 0.0, 0.0, 0.0], [0.0, 0.0, 0.0, 0.0, 0.0, 0.0, 0.0, 0.0, 0.0, 0.0, 0.9619729814863152, 0.0, 0.0, 0.0, 0.0, 0.0, 0.0, 0.0, 0.0, 0.0, 0.0, 0.0, 0.0, 0.0, 0.0, 0.0, 0.0, 0.0, 0.0], [0.0, 0.0, 0.0, 0.0, 0.0, 0.0, 0.0, 0.0, 0.0, 0.0, 0.9815593740164998, 0.0, 0.0, 0.0, 0.0, 0.0, 0.0, 0.0, 0.0, 0.0, 0.0, 0.0, 0.0, 0.0, 0.0, 0.0, 0.0, 0.0, 0.0], [0.0, 0.0, 0.0, 0.0, 0.0, 0.0, 0.0, 0.0, 0.0, 0.0, 0.0, 0.0, 0.0, 0.0, 0.9587586774314957, 0.0, 0.0, 0.0, 0.0, 0.0, 0.0, 0.0, 0.0, 0.0, 0.0, 0.0, 0.0, 0.0, 0.0], [0.0, 0.0, 0.0, 0.0, 0.0, 0.0, 0.0, 0.0, 0.0, 0.0, 0.0, 0.0, 0.0, 0.0, 0.9612876122653864, 0.0, 0.0, 0.0, 0.0, 0.0, 0.0, 0.0, 0.0, 0.0, 0.0, 0.0, 0.0, 0.0, 0.0], [0.0, 0.0, 0.0, 0.0, 0.0, 0.0, 0.0, 0.0, 0.0, 0.0, 0.0, 0.0, 0.0, 0.0, 0.9809137031832784, 0.0, 0.0, 0.0, 0.0, 0.0, 0.0, 0.0, 0.0, 0.0, 0.0, 0.0, 0.0, 0.0, 0.0]], "Born radii": [], "Atomic SASAs": [], "Solvent H bonds": [], "Total SASA": NaN, "Total FOD": 0.0, "FOD": [0.0, 0.0, 0.0, 0.0, 0.0, 0.0, 0.0, 0.0, 0.0, 0.0, 0.0, 0.0, 0.0, 0.0, 0.0, 0.0, 0.0, 0.0, 0.0, 0.0, 0.0, 0.0, 0.0, 0.0, 0.0, 0.0, 0.0, 0.0, 0.0], "FOD s proportion": [0.0, 0.0, 0.0, 0.0, 0.0, 0.0, 0.0, 0.0, 0.0, 0.0, 0.0, 0.0, 0.0, 0.0, 0.0, 0.0, 0.0, 0.0, 0.0, 0.0, 0.0, 0.0, 0.0, 0.0, 0.0, 0.0, 0.0, 0.0, 0.0], "FOD p proportion": [0.0, 0.0, 0.0, 0.0, 0.0, 0.0, 0.0, 0.0, 0.0, 0.0, 0.0, 0.0, 0.0, 0.0, 0.0, 0.0, 0.0, 0.0, 0.0, 0.0, 0.0, 0.0, 0.0, 0.0, 0.0, 0.0, 0.0, 0.0, 0.0], "FOD d proportion": [0.0, 0.0, 0.0, 0.0, 0.0, 0.0, 0.0, 0.0, 0.0, 0.0, 0.0, 0.0, 0.0, 0.0, 0.0, 0.0, 0.0, 0.0, 0.0, 0.0, 0.0, 0.0, 0.0, 0.0, 0.0, 0.0, 0.0, 0.0, 0.0], "coordinates": [["4.40560", "-0.65150", "0.72300"], ["3.23050", "-0.81380", "-0.19080"], ["3.28370", "-0.74590", "-1.41040"], ["2.10090", "-1.04010", "0.53350"], ["0.89740", "-1.21170", "-0.24350"], ["0.31030", "0.14740", "-0.64860"], ["-0.82760", "-0.02130", "-1.66720"], ["-1.79640", "-0.99320", "-1.22300"], ["-2.86170", "-0.51150", "-0.52570"], ["-3.06150", "0.65960", "-0.23900"], ["-3.76950", "-1.64030", "-0.14300"], ["-0.18150", "0.77510", "0.55930"], ["-0.34960", "2.12450", "0.49300"], ["-0.06110", "2.82520", "-0.46680"], ["-0.91610", "2.63740", "1.78070"], ["5.30730", "-0.48380", "0.12720"], ["4.25170", "0.21260", "1.37410"], ["4.54370", "-1.56000", "1.31450"], ["0.19960", "-1.75430", "0.40400"], ["1.10070", "-1.84670", "-1.11420"], ["1.10100", "0.77520", "-1.07620"], ["-1.31800", "0.93100", "-1.89680"], ["-0.41860", "-0.40340", "-2.60910"], ["-3.23610", "-2.34120", "0.50400"], ["-4.13300", "-2.14510", "-1.04160"], ["-4.62920", "-1.24410", "0.40510"], ["-0.18780", "2.50250", "2.58410"], ["-1.84660", "2.11380", "2.01410"], ["-1.13800", "3.70350", "1.67940"]], "bond_dist": [[0.0, 1.497408341101384, 2.4122534133046636, 2.344901341208196, 3.6817677180941217, 4.392153214540676, 5.7876238924104255, 6.509107380432435, 7.3751271839880825, 7.6421207540839085, 8.280093082206262, 4.806607084004266, 5.510989297757708, 5.783984424252886, 6.344768190406959, 1.093692744787127, 1.092833578364062, 1.0928477066819513, 4.359858350910038, 3.965623644523015, 4.024049538710973, 6.490551228516727, 5.868334487740111, 7.829343904823699, 8.846035500720081, 9.059792834827958, 5.874583625245282, 6.957285975148643, 7.1142270781863575], [1.497408341101384, 0.0, 1.2226466415117656, 1.3608153217832315, 2.367373504540422, 3.1082236599060886, 4.39044289565415, 5.134914294318845, 6.108882396969188, 6.462390795982552, 7.048786213952016, 3.837837570820318, 4.681698980071231, 4.914583152211386, 5.743856304783399, 2.126763324867156, 2.131961165218541, 2.132425091298637, 3.228727628648784, 2.540786887954203, 2.8006471412871705, 5.16174537244913, 4.396877739942288, 6.680764429314957, 7.5310923895541215, 7.893993855457452, 5.512049581598482, 6.261738590838809, 6.556480731307002], [2.4122534133046636, 1.2226466415117656, 0.0, 2.2944098783783162, 2.69685982950542, 3.1967845861114883, 4.18255652561923, 5.089566981581045, 6.21317781895867, 6.60372404405272, 7.221764629230172, 4.266236061213679, 5.0062956974194, 4.983053602962746, 6.266431052840205, 2.5549691054883614, 3.0998687875456925, 3.110536741464405, 3.7176055102713628, 2.4627188390070027, 2.681345583844052, 4.921810790755776, 3.9065602811168807, 6.979806694314679, 7.556534455026325, 8.133770952024651, 6.20962519480846, 6.79890156054638, 6.992528533370457], [2.344901341208196, 1.3608153217832315, 2.2944098783783162, 0.0, 1.4427708792459044, 2.4522979060464904, 3.802255406992013, 4.275095221161746, 5.101835097295874, 5.489636609102646, 5.939653899849721, 2.916327560477389, 4.002659573333711, 4.540417181273105, 4.9174996786985155, 3.27956557184027, 2.627128906239661, 2.6167783341353164, 2.0351396954509045, 2.089478138196234, 2.6241661894780983, 4.6347028502375425, 4.077891845059161, 5.493386975263985, 6.524068839305729, 6.734415235935485, 4.689682591604681, 5.265170255556795, 5.857072731322362], [3.6817677180941217, 2.367373504540422, 2.69685982950542, 1.4427708792459044, 0.0, 1.5349088670015558, 2.533692729989175, 2.874668840057929, 3.834155668462093, 4.3788894882150196, 4.687617072671359, 2.399143032418034, 3.6369866221915084, 4.155134985773627, 4.71187210140513, 4.484916377146847, 3.9870526382278926, 3.98047491890101, 1.0957170483295402, 1.096665117526768, 2.163934809554114, 3.4975078756165794, 2.8251138472635047, 4.349752722856783, 5.178138983264161, 5.564623911820098, 4.79252151168881, 4.866748813119493, 5.656817887293173], [4.392153214540676, 3.1082236599060886, 3.1967845861114883, 2.4522979060464904, 1.5349088670015558, 0.0, 1.5364966840185503, 2.4635520311128, 3.2420421989850774, 3.4349899912517943, 4.482886423946072, 1.4473758806889108, 2.3764770101980788, 2.7095390825747465, 3.688584477818015, 5.096105187297452, 4.430598186475501, 4.9689689000838, 2.1763924600126696, 2.19498299082248, 1.0964401898872551, 2.1962224591329544, 2.162923045325469, 4.483142835110209, 5.015268700677961, 5.238818205473444, 4.03050231484861, 3.950812303818039, 4.4903233847909], [5.7876238924104255, 4.39044289565415, 4.18255652561923, 3.802255406992013, 2.533692729989175, 1.5364966840185503, 0.0, 1.4423857632408883, 2.383459901068193, 2.737460366836386, 3.6876987743035627, 2.4513262573553933, 3.0821105885415596, 3.1829302003028594, 4.354828624641847, 6.408648501829384, 5.924820958476298, 6.3331663699921865, 2.8893421881113355, 2.7122380149979466, 2.1686842116822818, 1.0954832769148053, 1.095653695288799, 3.98709389154557, 3.978387985101503, 4.499092096190075, 4.985224385120493, 4.375955061469439, 5.016992601150614], [6.509107380432435, 5.134914294318845, 5.089566981581045, 4.275095221161746, 2.874668840057929, 2.4635520311128, 1.4423857632408883, 0.0, 1.3612958054735935, 2.3022775353983715, 2.3405687385761604, 2.9851934928912063, 3.8416063736411097, 4.261840340744829, 4.793578844662931, 7.248798665296202, 6.691666134827709, 6.852520448710826, 2.6852221900617463, 3.022166127134642, 3.397604385445722, 2.0941391166777814, 2.041438240554928, 2.621520377567186, 2.6114132438202877, 3.276952282228107, 5.413088107540833, 4.487180122303984, 5.56025244121164], [7.3751271839880825, 6.108882396969188, 6.21317781895867, 5.101835097295874, 3.834155668462093, 3.2420421989850774, 2.383459901068193, 1.3612958054735935, 0.0, 1.2221260736928905, 1.498248834473099, 3.1648122535152066, 3.781123126797116, 4.356649682955929, 4.3612396781190546, 8.195096503397625, 7.39824441404851, 7.702313772497197, 3.432266251327248, 4.222523540490923, 4.202575214080053, 2.5186764679092866, 3.2126280176827193, 2.132664891632064, 2.1333085712104567, 2.1277094843986575, 5.089675161540272, 3.791201938699652, 5.059627723459504], [7.6421207540839085, 6.462390795982552, 6.60372404405272, 5.489636609102646, 4.3788894882150196, 3.4349899912517943, 2.737460366836386, 2.3022775353983715, 1.2221260736928905, 0.0, 2.408323070105006, 2.990823154250348, 3.1679895233412623, 3.7073058088050956, 3.5487493698484824, 8.454482801449181, 7.502319298057102, 8.073354535135937, 4.107935664053175, 4.936742202100491, 4.247431394384139, 2.42110533641145, 3.7057068718397037, 3.0963421645548155, 3.1078322187659997, 2.548847149202949, 4.429935181241369, 2.944000553668426, 4.079882108590884], [8.280093082206262, 7.048786213952016, 7.221764629230172, 5.939653899849721, 4.687617072671359, 4.482886423946072, 3.6876987743035627, 2.3405687385761604, 1.498248834473099, 2.408323070105006, 0.0, 4.381908996088349, 5.125810282287085, 5.813584715990643, 5.490102962604618, 9.154168369109232, 8.371050128866749, 8.440382016235995, 4.008236496266157, 4.9703801102129, 5.516092162029202, 3.9619755652956767, 4.340518589984381, 1.0928793940778645, 1.0929031292845675, 1.093833689369641, 6.1178788105028685, 4.737498456991833, 6.229135770714907], [4.806607084004266, 3.837837570820318, 4.266236061213679, 2.916327560477389, 2.399143032418034, 1.4473758806889108, 2.4513262573553933, 2.9851934928912063, 3.1648122535152066, 2.990823154250348, 4.381908996088349, 0.0, 1.3614454304157766, 2.2957106481436202, 2.3451260968229404, 5.647872613648434, 4.5424186872193975, 5.324521958824097, 2.5626587092314885, 3.3642940314425553, 2.0783807423087812, 2.7107866515091152, 3.388781081746061, 4.3640537279002425, 5.1676688264632435, 4.887021748468079, 2.6615344239742607, 2.584786014353993, 3.2779632121181588], [5.510989297757708, 4.681698980071231, 5.0062956974194, 4.002659573333711, 3.6369866221915084, 2.3764770101980788, 3.0821105885415596, 3.8416063736411097, 3.781123126797116, 3.1679895233412623, 5.125810282287085, 1.3614454304157766, 0.0, 1.2228772546744013, 1.4973843694923492, 6.239996485575933, 5.060005979245479, 6.180193151512337, 3.918498574709451, 4.522929511942453, 2.527298852530108, 2.841370241626388, 4.002257340551704, 5.317375267930598, 5.90750343884792, 5.447033002470244, 2.131141114520575, 2.134213836521542, 2.126584237691985], [5.783984424252886, 4.914583152211386, 4.983053602962746, 4.540417181273105, 4.155134985773627, 2.7095390825747465, 3.1829302003028594, 4.261840340744829, 4.356649682955929, 3.7073058088050956, 5.813584715990643, 2.2957106481436202, 1.2228772546744013, 0.0, 2.411959802733039, 6.334195731109041, 5.367945175763254, 6.603574166313271, 4.668841117450882, 4.857525667456632, 2.4339976930966882, 2.6856454066015494, 3.891158375085754, 6.141234940954466, 6.450941539031337, 6.179559022292772, 3.0705339910185003, 3.1383060749391545, 2.5568142169504613], [6.344768190406959, 5.743856304783399, 6.266431052840205, 4.9174996786985155, 4.71187210140513, 3.688584477818015, 4.354828624641847, 4.793578844662931, 4.3612396781190546, 3.5487493698484824, 5.490102962604618, 2.3451260968229404, 1.4973843694923492, 2.411959802733039, 0.0, 7.1558828421097, 5.722860774123375, 6.902530350530884, 4.735727850077536, 5.705706008900213, 3.962115452633858, 4.07398218209162, 5.363237355366626, 5.639044320627388, 6.417642024139395, 5.544856104535085, 1.0927353110428892, 1.0929148045479118, 1.0936500857221196], [1.093692744787127, 2.126763324867156, 2.5549691054883614, 3.27956557184027, 4.484916377146847, 5.096105187297452, 6.408648501829384, 7.248798665296202, 8.195096503397625, 8.454482801449181, 9.154168369109232, 5.647872613648434, 6.239996485575933, 6.334195731109041, 7.1558828421097, 0.0, 1.7759571869839657, 1.7750979381431322, 5.270615502955987, 4.592826355306719, 4.552604996043474, 7.070561160898051, 6.346631599517967, 8.751091163963498, 9.656359314979948, 9.969419077860053, 6.719409892989115, 7.841313829964976, 7.841217904126884], [1.092833578364062, 2.131961165218541, 3.0998687875456925, 2.627128906239661, 3.9870526382278926, 4.430598186475501, 5.924820958476298, 6.691666134827709, 7.39824441404851, 7.502319298057102, 8.371050128866749, 4.5424186872193975, 5.060005979245479, 5.367945175763254, 5.722860774123375, 1.7759571869839657, 0.0, 1.7974779331051607, 4.607526888689852, 4.512333584743042, 4.030806289069223, 6.498957105567015, 6.169038849772304, 7.959027408546851, 9.03866969581254, 9.05159216381295, 5.139737567230451, 6.419768245816978, 6.4287212562064], [1.0928477066819513, 2.132425091298637, 3.110536741464405, 2.6167783341353164, 3.98047491890101, 4.9689689000838, 6.3331663699921865, 6.852520448710826, 7.702313772497197, 8.073354535135937, 8.440382016235995, 5.324521958824097, 6.180193151512337, 6.603574166313271, 6.902530350530884, 1.7750979381431322, 1.7974779331051607, 0.0, 4.442743246013661, 4.223153984879074, 4.797998418090611, 7.13281540347148, 6.430923869087551, 7.860818769695686, 9.00992076047287, 9.223280087907987, 6.364187509808303, 7.404200205964179, 7.753663595359294], [4.359858350910038, 3.228727628648784, 3.7176055102713628, 2.0351396954509045, 1.0957170483295402, 2.1763924600126696, 2.8893421881113355, 2.6852221900617463, 3.432266251327248, 4.107935664053175, 4.008236496266157, 2.5626587092314885, 3.918498574709451, 4.668841117450882, 4.735727850077536, 5.270615502955987, 4.607526888689852, 4.442743246013661, 0.0, 1.767894286997953, 3.0662492152465366, 3.848067890513368, 3.359445439354537, 3.4869020777762025, 4.584092795744868, 4.855678602420058, 4.798256038395617, 4.662783938807373, 5.762239127283768], [3.965623644523015, 2.540786887954203, 2.4627188390070027, 2.089478138196234, 1.096665117526768, 2.19498299082248, 2.7122380149979466, 3.022166127134642, 4.222523540490923, 4.936742202100491, 4.9703801102129, 3.3642940314425553, 4.522929511942453, 4.857525667456632, 5.705706008900213, 4.592826355306719, 4.512333584743042, 4.223153984879074, 1.767894286997953, 0.0, 2.6221753755231556, 3.7653937031869593, 2.5741238101536608, 4.655205229632739, 5.242702452933982, 5.958452253731668, 5.852622982902623, 5.84451866538212, 6.604596784815861], [4.024049538710973, 2.8006471412871705, 2.681345583844052, 2.6241661894780983, 2.163934809554114, 1.0964401898872551, 2.1686842116822818, 3.397604385445722, 4.202575214080053, 4.247431394384139, 5.516092162029202, 2.0783807423087812, 2.527298852530108, 2.4339976930966882, 3.962115452633858, 4.552604996043474, 4.030806289069223, 4.797998418090611, 3.0662492152465366, 2.6221753755231556, 0.0, 2.55914419288949, 2.4592813035519137, 5.569507824754356, 5.993672100640808, 6.253560123641573, 4.247630730183593, 4.475505536808105, 4.602324765811296], [6.490551228516727, 5.16174537244913, 4.921810790755776, 4.6347028502375425, 3.4975078756165794, 2.1962224591329544, 1.0954832769148053, 2.0941391166777814, 2.5186764679092866, 2.42110533641145, 3.9619755652956767, 2.7107866515091152, 2.841370241626388, 2.6856454066015494, 4.07398218209162, 7.070561160898051, 6.498957105567015, 7.13281540347148, 3.848067890513368, 3.7653937031869593, 2.55914419288949, 0.0, 1.7598053898087709, 4.488901991578787, 4.256522436214802, 4.581904523230487, 4.881129899930958, 4.119899587368605, 4.5286159795239875], [5.868334487740111, 4.396877739942288, 3.9065602811168807, 4.077891845059161, 2.8251138472635047, 2.162923045325469, 1.095653695288799, 2.041438240554928, 3.2126280176827193, 3.7057068718397037, 4.340518589984381, 3.388781081746061, 4.002257340551704, 3.891158375085754, 5.363237355366626, 6.346631599517967, 6.169038849772304, 6.430923869087551, 3.359445439354537, 2.5741238101536608, 2.4592813035519137, 1.7598053898087709, 0.0, 4.624366626901462, 4.3917357047071945, 5.246077629048202, 5.95540508194027, 5.454306379366675, 5.981253733123181], [7.829343904823699, 6.680764429314957, 6.979806694314679, 5.493386975263985, 4.349752722856783, 4.483142835110209, 3.98709389154557, 2.621520377567186, 2.132664891632064, 3.0963421645548155, 1.0928793940778645, 4.3640537279002425, 5.317375267930598, 6.141234940954466, 5.639044320627388, 8.751091163963498, 7.959027408546851, 7.860818769695686, 3.4869020777762025, 4.655205229632739, 5.569507824754356, 4.488901991578787, 4.624366626901462, 0.0, 1.7977108165664466, 1.7759890849889814, 6.089366025293602, 4.904909505791111, 6.505535094056446], [8.846035500720081, 7.5310923895541215, 7.556534455026325, 6.524068839305729, 5.178138983264161, 5.015268700677961, 3.978387985101503, 2.6114132438202877, 2.1333085712104567, 3.1078322187659997, 1.0929031292845675, 5.1676688264632435, 5.90750343884792, 6.450941539031337, 6.417642024139395, 9.656359314979948, 9.03866969581254, 9.00992076047287, 4.584092795744868, 5.242702452933982, 5.993672100640808, 4.256522436214802, 4.3917357047071945, 1.7977108165664466, 0.0, 1.7750933299407106, 7.092988741708251, 5.718667384977028, 7.111960908216523], [9.059792834827958, 7.893993855457452, 8.133770952024651, 6.734415235935485, 5.564623911820098, 5.238818205473444, 4.499092096190075, 3.276952282228107, 2.1277094843986575, 2.548847149202949, 1.093833689369641, 4.887021748468079, 5.447033002470244, 6.179559022292772, 5.544856104535085, 9.969419077860053, 9.05159216381295, 9.223280087907987, 4.855678602420058, 5.958452253731668, 6.253560123641573, 4.581904523230487, 5.246077629048202, 1.7759890849889814, 1.7750933299407106, 0.0, 6.205730135930824, 4.648358438201598, 6.187977350475678], [5.874583625245282, 5.512049581598482, 6.20962519480846, 4.689682591604681, 4.79252151168881, 4.03050231484861, 4.985224385120493, 5.413088107540833, 5.089675161540272, 4.429935181241369, 6.1178788105028685, 2.6615344239742607, 2.131141114520575, 3.0705339910185003, 1.0927353110428892, 6.719409892989115, 5.139737567230451, 6.364187509808303, 4.798256038395617, 5.852622982902623, 4.247630730183593, 4.881129899930958, 5.95540508194027, 6.089366025293602, 7.092988741708251, 6.205730135930824, 0.0, 1.7965536813577268, 1.7786970315374115], [6.957285975148643, 6.261738590838809, 6.79890156054638, 5.265170255556795, 4.866748813119493, 3.950812303818039, 4.375955061469439, 4.487180122303984, 3.791201938699652, 2.944000553668426, 4.737498456991833, 2.584786014353993, 2.134213836521542, 3.1383060749391545, 1.0929148045479118, 7.841313829964976, 6.419768245816978, 7.404200205964179, 4.662783938807373, 5.84451866538212, 4.475505536808105, 4.119899587368605, 5.454306379366675, 4.904909505791111, 5.718667384977028, 4.648358438201598, 1.7965536813577268, 0.0, 1.772366818691887], [7.1142270781863575, 6.556480731307002, 6.992528533370457, 5.857072731322362, 5.656817887293173, 4.4903233847909, 5.016992601150614, 5.56025244121164, 5.059627723459504, 4.079882108590884, 6.229135770714907, 3.2779632121181588, 2.126584237691985, 2.5568142169504613, 1.0936500857221196, 7.841217904126884, 6.4287212562064, 7.753663595359294, 5.762239127283768, 6.604596784815861, 4.602324765811296, 4.5286159795239875, 5.981253733123181, 6.505535094056446, 7.111960908216523, 6.187977350475678, 1.7786970315374115, 1.772366818691887, 0.0]]}