{"total energy": -37.60676384, "HOMO-LUMO gap/eV": 3.60673903, "electronic energy": -38.23839616, "dipole": [0.23043581, -0.55132465, -0.18629169], "partial charges": [-0.12165023, -0.12302668, 0.06324147, -0.051034, -0.03068565, -0.04233372, -0.03013608, -0.05846262, 0.05767276, -0.05220589, -0.03095592, -0.04191554, -0.029539, -0.0579983, 0.14631098, 0.1367111, 0.03420153, 0.0288374, 0.0243913, 0.02800265, 0.02032349, 0.02572408, 0.02860742, 0.02515635, 0.02896434, 0.02179875], "atomic dipole moments": [[-0.04157756, -0.15774307, 0.09914038], [0.1332803, 0.1261029, 0.04027023], [0.1199567, -0.07566398, -0.03243878], [-0.00162277, -0.03474453, 0.006803], [0.00082913, 0.00692622, -0.00108067], [0.00372066, -0.00338044, 0.00015694], [-0.00188803, -0.00568871, 0.00395102], [0.0273743, 0.00828996, -0.0227615], [-0.11335318, -0.04728985, -0.06851228], [-0.00011013, 0.00359181, -0.03019266], [-0.00030523, 0.00033468, 0.00758405], [-0.00255635, -0.00179189, -0.00437184], [0.0039804, 0.00033371, -0.00489007], [-0.03427391, -0.00055104, 0.01095748], [0.02597937, -0.04701327, -0.12522812], [0.02785515, -0.10238737, 0.0844736], [0.10186624, 0.076941, -0.08298307], [-0.01937806, 0.14451179, -0.04021455], [-0.12490045, 0.07342246, 0.04060994], [-0.10740977, -0.07061438, 0.07964198], [0.00798649, -0.14417686, 0.03884273], [-0.12073343, -0.02020721, 0.08888067], [0.00440554, 0.01282956, 0.15085861], [0.12779759, 0.04079892, 0.06881327], [0.12373877, 0.03171284, -0.08127298], [0.00355784, -0.002033, -0.14975538]], "atomic quadrupole moments": [[0.08581761, 0.09261801, -0.04779605, -0.06973622, -0.0708187, -0.03802156], [0.09707557, 0.07637466, -0.04282551, -0.10302182, -0.02384174, -0.05425007], [0.00298213, -0.02951689, -0.20078822, 0.21127458, 0.21777419, 0.19780608], [-0.09163971, 0.09922584, -0.1629054, 0.27010212, 0.18025211, 0.25454511], [-0.09853624, 0.11269881, -0.20109577, 0.30208698, 0.19578781, 0.29963201], [-0.09615291, 0.09612159, -0.1829815, 0.28105022, 0.17905299, 0.27913441], [-0.11207527, 0.09931662, -0.19257377, 0.30451103, 0.18689844, 0.30464905], [-0.09487524, 0.08083431, -0.1733774, 0.25406033, 0.15204043, 0.26825264], [-0.07893078, -0.11368638, 0.35076899, 0.12452456, -0.00423429, -0.27183822], [-0.18551662, -0.16481657, 0.41086552, 0.01172217, -0.0599809, -0.2253489], [-0.20724603, -0.20105486, 0.47396007, 0.0078626, -0.05398822, -0.26671405], [-0.19549547, -0.1906111, 0.43718094, 0.01012487, -0.03819685, -0.24168546], [-0.21609698, -0.21021363, 0.46935434, 0.00972169, -0.0328082, -0.25325736], [-0.1721734, -0.18341257, 0.39581893, 0.00388212, -0.01749703, -0.22364553], [0.02706885, 0.04143055, -0.04749338, 8.949e-05, 0.01866337, 0.02042452], [0.03211761, -0.02548572, 0.00423628, -0.03605113, -0.02894672, -0.0363539], [0.01740575, -0.01507968, 0.01860355, -0.03807605, -0.02156636, -0.0360093], [0.01746992, -0.01291214, 0.0199995, -0.04264347, -0.02466586, -0.03746941], [0.01084291, -0.01056905, 0.02760888, -0.03978201, -0.02720993, -0.03845178], [0.01117682, -0.01714558, 0.03073646, -0.03670297, -0.02433737, -0.04191328], [0.0131632, -0.0199352, 0.02684105, -0.03517206, -0.02299411, -0.04000425], [0.03274824, 0.03002053, -0.05729128, 0.00253793, 0.00592363, 0.02454304], [0.03349614, 0.02756339, -0.06149013, -0.00303639, 0.00531128, 0.02799399], [0.02527591, 0.02512712, -0.06198477, -0.00504678, 0.0041372, 0.03670886], [0.02281932, 0.02613873, -0.06149581, 0.0033535, 0.00584993, 0.0386765], [0.02403434, 0.0260143, -0.05854999, 0.00550329, 0.00787566, 0.03451565]], "number of molecular orbitals": 68, "number of electrons": 70, "number of unpaired electrons": 0, "orbital energies/eV": [-18.24050449, -17.62475737, -17.41392729, -17.06351247, -16.76052253, -16.57506847, -16.4673369, -16.16471385, -15.77739366, -15.69213054, -15.60267688, -15.14755235, -14.81859057, -14.73872791, -14.61640416, -13.8615078, -13.72693503, -13.27936249, -13.18995195, -13.17442722, -12.99674657, -12.89429532, -12.87400244, -12.85993442, -12.75826706, -11.84434661, -11.73243523, -11.58578669, -11.51526182, -11.42758563, -11.32122778, -10.81396745, -10.71035003, -9.95905952, -9.64196897, -6.03522995, -5.9262358, -5.73032805, -5.58202878, -2.49163261, -2.36007902, -1.14975041, 1.54746237, 3.09158686, 3.28331845, 3.47436063, 3.71085033, 3.87351668, 4.49133142, 4.69877863, 4.82423087, 5.09063427, 5.19510871, 5.33311889, 5.53799245, 6.19118811, 10.67136535, 10.69423916, 10.7961179, 10.89990962, 11.60962925, 11.71007648, 11.75989896, 12.29653156, 16.38727731, 16.62937154, 17.38567353, 17.48250654], "fractional occupation": [2.0, 2.0, 2.0, 2.0, 2.0, 2.0, 2.0, 2.0, 2.0, 2.0, 2.0, 2.0, 2.0, 2.0, 2.0, 2.0, 2.0, 2.0, 2.0, 2.0, 2.0, 2.0, 2.0, 2.0, 2.0, 2.0, 2.0, 2.0, 2.0, 2.0, 2.0, 2.0, 2.0, 2.0, 2.0, 0.0, 0.0, 0.0, 0.0, 0.0, 0.0, 0.0, 0.0, 0.0, 0.0, 0.0, 0.0, 0.0, 0.0, 0.0, 0.0, 0.0, 0.0, 0.0, 0.0, 0.0, 0.0, 0.0, 0.0, 0.0, 0.0, 0.0, 0.0, 0.0, 0.0, 0.0, 0.0, 0.0], "program call": "xtb /home/svss/Project-DBcg-Debug/aqme2_20220329/End-to-End-workflows-final/example-3/QDESCP/mol_1099_rdkit_conf_3/mol_1099_rdkit_conf_3.xyz --pop --wbo --acc 0.2 --gfn 2 --chrg 0 --uhf 0 --etemp 300 --input /home/svss/Project-DBcg-Debug/aqme2_20220329/End-to-End-workflows-final/example-3/QDESCP/mol_1099_rdkit_conf_3/mol_1099_rdkit_conf_3_xtb.inp", "method": "GFN2-xTB", "xtb version": "6.3.3 (7355c4f)", "Dipole module/D": 1.591, "Total charge": 0, "Transition dipole module/D": NaN, "HOMO": -9.642, "LUMO": -6.0352, "HOMO occupancy": 2.0, "LUMO occupancy": 0, "mulliken charges": [-0.23168, -0.23431, 0.13639, -0.06739, -0.02448, -0.05148, -0.02294, -0.08113, 0.13073, -0.07158, -0.02351, -0.05083, -0.02231, -0.07897, 0.20747, 0.20779, 0.03247, 0.02748, 0.02594, 0.027, 0.02529, 0.03084, 0.028, 0.02673, 0.0279, 0.0266], "cm5 charges": [-0.51439, -0.51747, 0.19171, -0.11352, -0.07959, -0.1068, -0.07809, -0.12913, 0.18545, -0.1182, -0.07865, -0.10615, -0.07746, -0.12701, 0.40846, 0.40901, 0.0944, 0.08293, 0.08136, 0.08242, 0.08394, 0.09266, 0.08344, 0.08214, 0.08332, 0.08523], "FUKUI+": [-0.013, -0.015, -0.012, -0.032, -0.041, -0.016, -0.038, -0.039, -0.014, -0.033, -0.044, -0.016, -0.04, -0.042, -0.031, -0.025, -0.043, -0.058, -0.055, -0.06, -0.054, -0.042, -0.06, -0.057, -0.063, -0.058], "FUKUI-": [-0.057, -0.071, -0.018, -0.022, -0.019, -0.043, -0.02, -0.024, -0.017, -0.019, -0.019, -0.041, -0.019, -0.024, -0.061, -0.051, -0.034, -0.051, -0.058, -0.053, -0.046, -0.029, -0.049, -0.057, -0.052, -0.045], "FUKUIrad": [-0.035, -0.043, -0.015, -0.027, -0.03, -0.029, -0.029, -0.032, -0.016, -0.026, -0.031, -0.029, -0.03, -0.033, -0.046, -0.038, -0.038, -0.054, -0.057, -0.056, -0.05, -0.035, -0.054, -0.057, -0.057, -0.051], "s proportion": [1.398, 1.396, 1.049, 1.054, 1.06, 1.054, 1.058, 1.055, 1.051, 1.054, 1.06, 1.054, 1.059, 1.055, 0.793, 0.792, 0.968, 0.973, 0.974, 0.973, 0.975, 0.969, 0.972, 0.973, 0.972, 0.973], "p proportion": [3.834, 3.838, 2.815, 3.013, 2.965, 2.998, 2.964, 3.027, 2.819, 3.018, 2.964, 2.997, 2.964, 3.024, 0.0, 0.0, 0.0, 0.0, 0.0, 0.0, 0.0, 0.0, 0.0, 0.0, 0.0, 0.0], "d proportion": [0.0, 0.0, 0.0, 0.0, 0.0, 0.0, 0.0, 0.0, 0.0, 0.0, 0.0, 0.0, 0.0, 0.0, 0.0, 0.0, 0.0, 0.0, 0.0, 0.0, 0.0, 0.0, 0.0, 0.0, 0.0, 0.0], "Fermi-level/eV": -7.8386, "Coordination numbers": [2.757, 2.757, 2.893, 2.916, 2.91, 2.912, 2.91, 2.918, 2.893, 2.916, 2.91, 2.912, 2.91, 2.918, 0.86, 0.86, 0.925, 0.925, 0.925, 0.925, 0.925, 0.925, 0.925, 0.925, 0.925, 0.925], "Dispersion coefficient C6": [23.643, 23.671, 26.582, 29.267, 28.765, 29.051, 28.752, 29.453, 26.705, 29.296, 28.772, 29.041, 28.738, 29.441, 1.426, 1.495, 2.527, 2.603, 2.668, 2.615, 2.728, 2.648, 2.606, 2.656, 2.601, 2.706], "Total dispersion C6": 8564.887241, "Total dispersion C8": 207649.880998, "Polarizability alpha": [7.222, 7.226, 8.453, 8.871, 8.795, 8.838, 8.793, 8.9, 8.473, 8.876, 8.796, 8.837, 8.79, 8.898, 1.871, 1.915, 2.486, 2.523, 2.554, 2.529, 2.583, 2.545, 2.525, 2.549, 2.522, 2.573], "Total polarizability alpha": 148.940116, "Wiberg matrix": [[0.0, 1.0335083200134811, 0.0, 0.0, 0.0, 0.0, 0.0, 0.0, 1.1011183664663262, 0.0, 0.0, 0.0, 0.0, 0.0, 0.9403975727421129, 0.0, 0.0, 0.0, 0.0, 0.0, 0.0, 0.0, 0.0, 0.0, 0.0, 0.0], [1.0335083200134811, 0.0, 1.0981071759004892, 0.0, 0.0, 0.0, 0.0, 0.0, 0.0, 0.0, 0.0, 0.0, 0.0, 0.0, 0.0, 0.9400345644637086, 0.0, 0.0, 0.0, 0.0, 0.0, 0.0, 0.0, 0.0, 0.0, 0.0], [0.0, 1.0981071759004892, 0.0, 1.3634197948565865, 0.0, 0.0, 0.0, 1.3566476945289099, 0.0, 0.0, 0.0, 0.0, 0.0, 0.0, 0.0, 0.0, 0.0, 0.0, 0.0, 0.0, 0.0, 0.0, 0.0, 0.0, 0.0, 0.0], [0.0, 0.0, 1.3634197948565865, 0.0, 1.449834107009769, 0.0, 0.10657090871384263, 0.0, 0.0, 0.0, 0.0, 0.0, 0.0, 0.0, 0.0, 0.0, 0.9690072119897059, 0.0, 0.0, 0.0, 0.0, 0.0, 0.0, 0.0, 0.0, 0.0], [0.0, 0.0, 0.0, 1.449834107009769, 0.0, 1.4337385449569713, 0.0, 0.10750891389017297, 0.0, 0.0, 0.0, 0.0, 0.0, 0.0, 0.0, 0.0, 0.0, 0.9717392377812104, 0.0, 0.0, 0.0, 0.0, 0.0, 0.0, 0.0, 0.0], [0.0, 0.0, 0.0, 0.0, 1.4337385449569713, 0.0, 1.4298873299237351, 0.0, 0.0, 0.0, 0.0, 0.0, 0.0, 0.0, 0.0, 0.0, 0.0, 0.0, 0.971695027316665, 0.0, 0.0, 0.0, 0.0, 0.0, 0.0, 0.0], [0.0, 0.0, 0.0, 0.10657090871384263, 0.0, 1.4298873299237351, 0.0, 1.4539527854046819, 0.0, 0.0, 0.0, 0.0, 0.0, 0.0, 0.0, 0.0, 0.0, 0.0, 0.0, 0.9716899233035083, 0.0, 0.0, 0.0, 0.0, 0.0, 0.0], [0.0, 0.0, 1.3566476945289099, 0.0, 0.10750891389017297, 0.0, 1.4539527854046819, 0.0, 0.0, 0.0, 0.0, 0.0, 0.0, 0.0, 0.0, 0.0, 0.0, 0.0, 0.0, 0.0, 0.9691065276308806, 0.0, 0.0, 0.0, 0.0, 0.0], [1.1011183664663262, 0.0, 0.0, 0.0, 0.0, 0.0, 0.0, 0.0, 0.0, 1.3638799102641221, 0.0, 0.0, 0.0, 1.3534675914428855, 0.0, 0.0, 0.0, 0.0, 0.0, 0.0, 0.0, 0.0, 0.0, 0.0, 0.0, 0.0], [0.0, 0.0, 0.0, 0.0, 0.0, 0.0, 0.0, 0.0, 1.3638799102641221, 0.0, 1.4464858576769242, 0.0, 0.10540952106788616, 0.0, 0.0, 0.0, 0.0, 0.0, 0.0, 0.0, 0.0, 0.96910629131493, 0.0, 0.0, 0.0, 0.0], [0.0, 0.0, 0.0, 0.0, 0.0, 0.0, 0.0, 0.0, 0.0, 1.4464858576769242, 0.0, 1.435946821276884, 0.0, 0.10865098004015705, 0.0, 0.0, 0.0, 0.0, 0.0, 0.0, 0.0, 0.0, 0.9718070817219178, 0.0, 0.0, 0.0], [0.0, 0.0, 0.0, 0.0, 0.0, 0.0, 0.0, 0.0, 0.0, 0.0, 1.435946821276884, 0.0, 1.4277693274937118, 0.0, 0.0, 0.0, 0.0, 0.0, 0.0, 0.0, 0.0, 0.0, 0.0, 0.9716249023283359, 0.0, 0.0], [0.0, 0.0, 0.0, 0.0, 0.0, 0.0, 0.0, 0.0, 0.0, 0.10540952106788616, 0.0, 1.4277693274937118, 0.0, 1.4569084454372185, 0.0, 0.0, 0.0, 0.0, 0.0, 0.0, 0.0, 0.0, 0.0, 0.0, 0.971578462357386, 0.0], [0.0, 0.0, 0.0, 0.0, 0.0, 0.0, 0.0, 0.0, 1.3534675914428855, 0.0, 0.10865098004015705, 0.0, 1.4569084454372185, 0.0, 0.0, 0.0, 0.0, 0.0, 0.0, 0.0, 0.0, 0.0, 0.0, 0.0, 0.0, 0.9687166821245652], [0.9403975727421129, 0.0, 0.0, 0.0, 0.0, 0.0, 0.0, 0.0, 0.0, 0.0, 0.0, 0.0, 0.0, 0.0, 0.0, 0.0, 0.0, 0.0, 0.0, 0.0, 0.0, 0.0, 0.0, 0.0, 0.0, 0.0], [0.0, 0.9400345644637086, 0.0, 0.0, 0.0, 0.0, 0.0, 0.0, 0.0, 0.0, 0.0, 0.0, 0.0, 0.0, 0.0, 0.0, 0.0, 0.0, 0.0, 0.0, 0.0, 0.0, 0.0, 0.0, 0.0, 0.0], [0.0, 0.0, 0.0, 0.9690072119897059, 0.0, 0.0, 0.0, 0.0, 0.0, 0.0, 0.0, 0.0, 0.0, 0.0, 0.0, 0.0, 0.0, 0.0, 0.0, 0.0, 0.0, 0.0, 0.0, 0.0, 0.0, 0.0], [0.0, 0.0, 0.0, 0.0, 0.9717392377812104, 0.0, 0.0, 0.0, 0.0, 0.0, 0.0, 0.0, 0.0, 0.0, 0.0, 0.0, 0.0, 0.0, 0.0, 0.0, 0.0, 0.0, 0.0, 0.0, 0.0, 0.0], [0.0, 0.0, 0.0, 0.0, 0.0, 0.971695027316665, 0.0, 0.0, 0.0, 0.0, 0.0, 0.0, 0.0, 0.0, 0.0, 0.0, 0.0, 0.0, 0.0, 0.0, 0.0, 0.0, 0.0, 0.0, 0.0, 0.0], [0.0, 0.0, 0.0, 0.0, 0.0, 0.0, 0.9716899233035083, 0.0, 0.0, 0.0, 0.0, 0.0, 0.0, 0.0, 0.0, 0.0, 0.0, 0.0, 0.0, 0.0, 0.0, 0.0, 0.0, 0.0, 0.0, 0.0], [0.0, 0.0, 0.0, 0.0, 0.0, 0.0, 0.0, 0.9691065276308806, 0.0, 0.0, 0.0, 0.0, 0.0, 0.0, 0.0, 0.0, 0.0, 0.0, 0.0, 0.0, 0.0, 0.0, 0.0, 0.0, 0.0, 0.0], [0.0, 0.0, 0.0, 0.0, 0.0, 0.0, 0.0, 0.0, 0.0, 0.96910629131493, 0.0, 0.0, 0.0, 0.0, 0.0, 0.0, 0.0, 0.0, 0.0, 0.0, 0.0, 0.0, 0.0, 0.0, 0.0, 0.0], [0.0, 0.0, 0.0, 0.0, 0.0, 0.0, 0.0, 0.0, 0.0, 0.0, 0.9718070817219178, 0.0, 0.0, 0.0, 0.0, 0.0, 0.0, 0.0, 0.0, 0.0, 0.0, 0.0, 0.0, 0.0, 0.0, 0.0], [0.0, 0.0, 0.0, 0.0, 0.0, 0.0, 0.0, 0.0, 0.0, 0.0, 0.0, 0.9716249023283359, 0.0, 0.0, 0.0, 0.0, 0.0, 0.0, 0.0, 0.0, 0.0, 0.0, 0.0, 0.0, 0.0, 0.0], [0.0, 0.0, 0.0, 0.0, 0.0, 0.0, 0.0, 0.0, 0.0, 0.0, 0.0, 0.0, 0.971578462357386, 0.0, 0.0, 0.0, 0.0, 0.0, 0.0, 0.0, 0.0, 0.0, 0.0, 0.0, 0.0, 0.0], [0.0, 0.0, 0.0, 0.0, 0.0, 0.0, 0.0, 0.0, 0.0, 0.0, 0.0, 0.0, 0.0, 0.9687166821245652, 0.0, 0.0, 0.0, 0.0, 0.0, 0.0, 0.0, 0.0, 0.0, 0.0, 0.0, 0.0]], "Born radii": [], "Atomic SASAs": [], "Solvent H bonds": [], "Total SASA": NaN, "Total FOD": 0.0, "FOD": [0.0, 0.0, 0.0, 0.0, 0.0, 0.0, 0.0, 0.0, 0.0, 0.0, 0.0, 0.0, 0.0, 0.0, 0.0, 0.0, 0.0, 0.0, 0.0, 0.0, 0.0, 0.0, 0.0, 0.0, 0.0, 0.0], "FOD s proportion": [0.0, 0.0, 0.0, 0.0, 0.0, 0.0, 0.0, 0.0, 0.0, 0.0, 0.0, 0.0, 0.0, 0.0, 0.0, 0.0, 0.0, 0.0, 0.0, 0.0, 0.0, 0.0, 0.0, 0.0, 0.0, 0.0], "FOD p proportion": [0.0, 0.0, 0.0, 0.0, 0.0, 0.0, 0.0, 0.0, 0.0, 0.0, 0.0, 0.0, 0.0, 0.0, 0.0, 0.0, 0.0, 0.0, 0.0, 0.0, 0.0, 0.0, 0.0, 0.0, 0.0, 0.0], "FOD d proportion": [0.0, 0.0, 0.0, 0.0, 0.0, 0.0, 0.0, 0.0, 0.0, 0.0, 0.0, 0.0, 0.0, 0.0, 0.0, 0.0, 0.0, 0.0, 0.0, 0.0, 0.0, 0.0, 0.0, 0.0, 0.0, 0.0], "coordinates": [["0.48930", "-0.64250", "-1.28780"], ["-0.58780", "-1.21830", "-0.67540"], ["-1.71930", "-0.48860", "-0.25250"], ["-1.92730", "0.84380", "-0.62880"], ["-3.08450", "1.52660", "-0.24410"], ["-4.06100", "0.87560", "0.50570"], ["-3.88340", "-0.45870", "0.86340"], ["-2.72400", "-1.13770", "0.47770"], ["1.68850", "-0.32520", "-0.61150"], ["1.74820", "-0.20100", "0.78230"], ["2.93670", "0.16510", "1.42050"], ["4.07810", "0.43270", "0.66890"], ["4.02730", "0.34640", "-0.72000"], ["2.83680", "-0.01920", "-1.35480"], ["0.64220", "-0.94510", "-2.24950"], ["-0.38960", "-2.03490", "-0.09780"], ["-1.17780", "1.36360", "-1.21980"], ["-3.22070", "2.56440", "-0.53540"], ["-4.96210", "1.40510", "0.80300"], ["-4.64920", "-0.97450", "1.43640"], ["-2.61250", "-2.18330", "0.75140"], ["0.86190", "-0.37560", "1.38590"], ["2.96410", "0.25170", "2.50330"], ["5.00120", "0.72160", "1.16430"], ["4.91070", "0.57130", "-1.31150"], ["2.81420", "-0.06310", "-2.44040"]], "bond_dist": [[0.0, 1.3662810142865924, 2.4440632684118473, 2.9126146758539826, 4.308868870132857, 5.121181499419836, 4.876673986437888, 3.699663522538233, 1.412848760483584, 2.4627353633713875, 3.738565688870533, 4.226608021806612, 3.7172253160119313, 2.42976298021021, 1.0197117533891622, 2.0315863186190244, 2.6092687902935565, 4.961291502219962, 6.187234629460887, 5.825433193334209, 4.019149725999269, 2.7126994046521262, 4.61483129594138, 5.313266869826887, 4.58504635636326, 2.658825140922208], [1.3662810142865924, 0.0, 1.411240146112631, 2.4594081035891544, 3.735506202645098, 4.224042218065534, 3.7156260522286146, 2.4288858371689686, 2.446068786849626, 2.9354189786127636, 4.3276659552234396, 5.12870025445044, 4.873337999769768, 3.6915187023771123, 2.016266115868637, 1.0196766938593822, 2.7038267270666587, 4.61091983231112, 5.310592679729826, 4.584114706243726, 2.6582688596152195, 2.657203618468107, 4.988088541716156, 6.195532995634838, 5.817284041543785, 4.002913443980522], [2.4440632684118473, 1.411240146112631, 0.0, 1.4000555167563893, 2.434106127513753, 2.8141548944576593, 2.4350473568290205, 1.4014081989199294, 3.4305511802041373, 3.6300249379308682, 4.990449748269189, 5.942021407736596, 5.82573538791456, 4.710992343445276, 3.1261931322296768, 2.0452574092275038, 2.158595927912401, 3.4139483549110694, 3.9007604104840894, 3.4165473844218814, 2.1627828231239494, 3.0593654570841973, 5.484224037181559, 6.974025131156325, 6.797188316502641, 5.051789673967039], [2.9126146758539826, 2.4594081035891544, 1.4000555167563893, 0.0, 1.397612882739709, 2.416769989055641, 2.7837913535320853, 2.4052890450006212, 3.800114462749774, 4.07334144161768, 5.321537388762763, 6.157747774957984, 5.9760342502365225, 4.895762842499624, 3.5255016593387105, 3.30656861111334, 1.086840968127352, 2.1545466994242664, 3.4022227984069477, 3.870401211760869, 3.39673158933702, 3.650423138486825, 5.838358226419478, 7.157810608000187, 6.8773962762080245, 5.1561792463024405], [4.308868870132857, 3.735506202645098, 2.434106127513753, 1.397612882739709, 0.0, 1.3926784589416181, 2.409608588547111, 2.783783393154, 5.132803814680627, 5.233840655770865, 6.393701967561516, 7.302946321177501, 7.224752735561267, 6.219722326599477, 4.90094102596634, 4.468576053957233, 2.1480373320778203, 1.0864782418438024, 2.1532678467854396, 3.395271351453371, 3.8700338835725976, 4.674327523826288, 6.764550149862147, 8.246827271745175, 8.1225097039031, 6.49195975572862], [5.121181499419836, 4.224042218065534, 2.8141548944576593, 2.416769989055641, 1.3926784589416181, 0.0, 1.3927840966926641, 2.416967085005503, 5.97886333093507, 5.914590413545134, 7.0929172122618205, 8.152775199893592, 8.197742983285094, 7.200123063531623, 5.746839633224508, 4.723812068658108, 3.3953404085599432, 2.1545391015249646, 1.0866180331652888, 2.152917030449618, 3.3934333572357067, 5.155113761111388, 7.330190105311049, 9.087405504323003, 9.15894181769925, 7.538503693704739], [4.876673986437888, 3.7156260522286146, 2.4350473568290205, 2.7837913535320853, 2.409608588547111, 1.3927840966926641, 0.0, 1.397860454408808, 5.765346639188315, 5.6380763616680465, 6.871189915873378, 8.013607580858947, 8.107682533252026, 7.0904625751780115, 5.51432559158416, 3.9515756756008105, 3.8705000826766556, 3.3963136398159697, 2.1542962400747028, 1.0866592290134018, 2.1452216598757343, 4.774702498585645, 7.076877589728396, 8.967706845119324, 9.117416565014457, 7.478598769823127], [3.699663522538233, 2.4288858371689686, 1.4014081989199294, 2.4052890450006212, 2.783783393154, 2.416967085005503, 1.397860454408808, 0.0, 4.61699784925226, 4.5793843352573065, 5.884699157136243, 6.983643605597297, 7.015489276593615, 5.9608384594786665, 4.33659048562347, 2.5662407233149427, 3.3954001796548225, 3.8702231085558876, 3.403049153332934, 2.156880842791275, 1.0865649083234743, 3.77681114963404, 6.195802557377051, 7.9754078948979155, 8.025619087023754, 6.351514150972191], [1.412848760483584, 2.446068786849626, 3.4305511802041373, 3.800114462749774, 5.132803814680627, 5.97886333093507, 5.765346639188315, 4.61699784925226, 0.0, 1.400595648286828, 2.4346296083798866, 2.814964427839187, 2.435734848048942, 1.4016860490138299, 2.040113648795086, 2.7396097149046614, 3.3819742784356004, 5.697001317359862, 7.01606931978298, 6.691929930147206, 4.87940908512496, 2.162270676858011, 3.41495944485436, 3.9016967039994275, 3.417057958244197, 2.16350921190551], [2.4627353633713875, 2.9354189786127636, 3.6300249379308682, 4.07334144161768, 5.233840655770865, 5.914590413545134, 5.6380763616680465, 4.5793843352573065, 1.400595648286828, 0.0, 1.3978056731892314, 2.4172027759375094, 2.784034636997177, 2.4052645613320798, 3.3119076149554654, 2.950924272156098, 3.875287546750563, 5.837271422505552, 6.8998631718317425, 6.477103968595841, 4.790216340625963, 1.0864372094143315, 2.1552705398626872, 3.402811155500699, 3.870639737821127, 3.397229415273569], [3.738565688870533, 4.3276659552234396, 4.990449748269189, 5.321537388762763, 6.393701967561516, 7.0929172122618205, 6.871189915873378, 5.884699157136243, 2.4346296083798866, 1.3978056731892314, 0.0, 1.3925897744849343, 2.4091530254427598, 2.783206170947456, 4.468352525260289, 4.267259844443505, 5.033557051429932, 6.891716771603431, 8.019348333250027, 7.671037725106037, 6.062697255347656, 2.144376060769193, 1.0866030369918904, 2.1534834431683008, 3.39492244977702, 3.8695775350805417], [4.226608021806612, 5.12870025445044, 5.942021407736596, 6.157747774957984, 7.302946321177501, 8.152775199893592, 8.013607580858947, 6.983643605597297, 2.814964427839187, 2.4172027759375094, 1.3925897744849343, 0.0, 1.3925054901148506, 2.416692158716124, 4.7138943783245715, 5.1611260341130984, 5.662000292299534, 7.698504063777586, 9.093336055046025, 8.873276361074302, 7.184315597884046, 3.3928425147654586, 2.1537828024199652, 1.0867373095647355, 2.1527695835829714, 3.3927875471358355], [3.7172253160119313, 4.873337999769768, 5.82573538791456, 5.9760342502365225, 7.224752735561267, 8.197742983285094, 8.107682533252026, 7.015489276593615, 2.435734848048942, 2.784034636997177, 2.4091530254427598, 1.3925054901148506, 0.0, 1.397828548141724, 3.9327146489416194, 5.056355222885354, 5.327059403648508, 7.582025135806396, 9.178762827854307, 9.03750463457696, 7.2561245916811545, 3.8698651100522876, 3.3954418298654447, 2.1540294194834013, 1.0866682198352908, 2.144546110485853], [2.42976298021021, 3.6915187023771123, 4.710992343445276, 4.895762842499624, 6.219722326599477, 7.200123063531623, 7.0904625751780115, 5.9608384594786665, 1.4016860490138299, 2.4052645613320798, 2.783206170947456, 2.416692158716124, 1.397828548141724, 0.0, 2.544415072271032, 4.00658862999435, 4.248220097876286, 6.636242277825607, 8.21629919976141, 8.046340256911835, 6.230110572052473, 3.3968643570210455, 3.869693490445981, 3.4028336441853866, 2.156762933194096, 1.086722287431338], [1.0197117533891622, 2.016266115868637, 3.1261931322296768, 3.5255016593387105, 4.90094102596634, 5.746839633224508, 5.51432559158416, 4.33659048562347, 2.040113648795086, 3.3119076149554654, 4.468352525260289, 4.7138943783245715, 3.9327146489416194, 2.544415072271032, 0.0, 2.623373433196273, 3.1149282142611248, 5.49333464027088, 6.80068928712377, 6.448692668285565, 4.59691332744049, 3.6862896657750595, 5.423343773909229, 5.782110369925499, 4.625949114506125, 2.352009951084391], [2.0315863186190244, 1.0196766938593822, 2.0452574092275038, 3.30656861111334, 4.468576053957233, 4.723812068658108, 3.9515756756008105, 2.5662407233149427, 2.7396097149046614, 2.950924272156098, 4.267259844443505, 5.1611260341130984, 5.056355222885354, 4.00658862999435, 2.623373433196273, 0.0, 3.664689003176122, 5.418503618158799, 5.7924776123866035, 4.6499903182694915, 2.3842079628253905, 2.5536042038655875, 4.820950576390511, 6.184813117629344, 6.029803165941654, 4.431715744494451], [2.6092687902935565, 2.7038267270666587, 2.158595927912401, 1.086840968127352, 2.1480373320778203, 3.3953404085599432, 3.8705000826766556, 3.3954001796548225, 3.3819742784356004, 3.875287546750563, 5.033557051429932, 5.662000292299534, 5.327059403648508, 4.248220097876286, 3.1149282142611248, 3.664689003176122, 0.0, 2.466528817995038, 4.291196637302933, 4.957088662713226, 4.304008961421897, 3.7382971016226088, 5.679183993321575, 6.654031695896857, 6.140519557008185, 4.411507820462296], [4.961291502219962, 4.61091983231112, 3.4139483549110694, 2.1545466994242664, 1.0864782418438024, 2.1545391015249646, 3.3963136398159697, 3.8702231085558876, 5.697001317359862, 5.837271422505552, 6.891716771603431, 7.698504063777586, 7.582025135806396, 6.636242277825607, 5.49333464027088, 5.418503618158799, 2.466528817995038, 0.0, 2.483498542379279, 4.295628091443672, 4.956452034469819, 5.385407732939076, 7.268702086342513, 8.59561117896802, 8.407998857040836, 6.852211267904691], [6.187234629460887, 5.310592679729826, 3.9007604104840894, 3.4022227984069477, 2.1532678467854396, 1.0866180331652888, 2.1542962400747028, 3.403049153332934, 7.01606931978298, 6.8998631718317425, 8.019348333250027, 9.093336055046025, 9.178762827854307, 8.21629919976141, 6.80068928712377, 5.7924776123866035, 4.291196637302933, 2.483498542379279, 0.0, 2.4822566607826837, 4.289510144526996, 6.11797686331029, 8.188162070330558, 9.993250563755518, 10.131066702475117, 8.552549122337739], [5.825433193334209, 4.584114706243726, 3.4165473844218814, 3.870401211760869, 3.395271351453371, 2.152917030449618, 1.0866592290134018, 2.156880842791275, 6.691929930147206, 6.477103968595841, 7.671037725106037, 8.873276361074302, 9.03750463457696, 8.046340256911835, 6.448692668285565, 4.6499903182694915, 4.957088662713226, 4.295628091443672, 2.4822566607826837, 0.0, 2.465475477468799, 5.543776210310082, 7.784868588486257, 9.802092316439385, 10.066386643677065, 8.459466162826116], [4.019149725999269, 2.6582688596152195, 2.1627828231239494, 3.39673158933702, 3.8700338835725976, 3.3934333572357067, 2.1452216598757343, 1.0865649083234743, 4.87940908512496, 4.790216340625963, 6.062697255347656, 7.184315597884046, 7.2561245916811545, 6.230110572052473, 4.59691332744049, 2.3842079628253905, 4.304008961421897, 4.956452034469819, 4.289510144526996, 2.465475477468799, 0.0, 3.967596867122465, 6.332207053626721, 8.159494966601793, 8.272962940204676, 6.64318509225808], [2.7126994046521262, 2.657203618468107, 3.0593654570841973, 3.650423138486825, 4.674327523826288, 5.155113761111388, 4.774702498585645, 3.77681114963404, 2.162270676858011, 1.0864372094143315, 2.144376060769193, 3.3928425147654586, 3.8698651100522876, 3.3968643570210455, 3.6862896657750595, 2.5536042038655875, 3.7382971016226088, 5.385407732939076, 6.11797686331029, 5.543776210310082, 3.967596867122465, 0.0, 2.461977434908777, 4.287978415290823, 4.956346215711731, 4.306936641047788], [4.61483129594138, 4.988088541716156, 5.484224037181559, 5.838358226419478, 6.764550149862147, 7.330190105311049, 7.076877589728396, 6.195802557377051, 3.41495944485436, 2.1552705398626872, 1.0866030369918904, 2.1537828024199652, 3.3954418298654447, 3.869693490445981, 5.423343773909229, 4.820950576390511, 5.679183993321575, 7.268702086342513, 8.188162070330558, 7.784868588486257, 6.332207053626721, 2.461977434908777, 0.0, 2.482640412947473, 4.294658864217273, 4.955980098830099], [5.313266869826887, 6.195532995634838, 6.974025131156325, 7.157810608000187, 8.246827271745175, 9.087405504323003, 8.967706845119324, 7.9754078948979155, 3.9016967039994275, 3.402811155500699, 2.1534834431683008, 1.0867373095647355, 2.1540294194834013, 3.4028336441853866, 5.782110369925499, 6.184813117629344, 6.654031695896857, 8.59561117896802, 9.993250563755518, 9.802092316439385, 8.159494966601793, 4.287978415290823, 2.482640412947473, 0.0, 2.4820084568751977, 4.288657736401915], [4.58504635636326, 5.817284041543785, 6.797188316502641, 6.8773962762080245, 8.1225097039031, 9.15894181769925, 9.117416565014457, 8.025619087023754, 3.417057958244197, 3.870639737821127, 3.39492244977702, 2.1527695835829714, 1.0866682198352908, 2.156762933194096, 4.625949114506125, 6.029803165941654, 6.140519557008185, 8.407998857040836, 10.131066702475117, 10.066386643677065, 8.272962940204676, 4.956346215711731, 4.294658864217273, 2.4820084568751977, 0.0, 2.4641815720437488], [2.658825140922208, 4.002913443980522, 5.051789673967039, 5.1561792463024405, 6.49195975572862, 7.538503693704739, 7.478598769823127, 6.351514150972191, 2.16350921190551, 3.397229415273569, 3.8695775350805417, 3.3927875471358355, 2.144546110485853, 1.086722287431338, 2.352009951084391, 4.431715744494451, 4.411507820462296, 6.852211267904691, 8.552549122337739, 8.459466162826116, 6.64318509225808, 4.306936641047788, 4.955980098830099, 4.288657736401915, 2.4641815720437488, 0.0]]}