{"total energy": -27.2166335, "HOMO-LUMO gap/eV": 11.99066296, "electronic energy": -27.56138008, "dipole": [-0.43087433, 0.53624977, -0.01511186], "partial charges": [-0.09958912, -0.05160406, -0.05796364, -0.05780935, -0.06333072, 0.12089955, -0.11595905, -0.44939773, 0.02950101, 0.03379035, 0.03202388, 0.02697039, 0.03058998, 0.02798422, 0.02793212, 0.047612, 0.03149431, 0.03129193, 0.04657222, 0.01124413, 0.03186622, 0.04753197, 0.03625307, 0.2820963], "atomic dipole moments": [[-0.03388957, -0.08359147, -0.04636363], [-0.05844348, 0.0958351, 0.0039223], [0.01453485, 0.00510119, 0.10908367], [-0.02698402, -0.00788217, -0.1207178], [-0.00504772, 0.03205426, 0.11155986], [-0.03115252, -0.16843906, 0.05157524], [0.09223009, -0.00224984, 0.04958665], [-0.08733563, 0.2120713, -0.06569731], [0.11615408, -0.01936342, 0.03965695], [-0.06773068, 0.03030503, 0.10206905], [0.00332702, 0.09911442, -0.07768951], [0.07901822, -0.03205067, -0.08529954], [0.00049507, -0.09466232, 0.08052741], [0.00368835, 0.09020648, -0.08417604], [-0.02293301, -0.10032254, -0.06517286], [0.00064422, -0.09216112, 0.0889426], [0.01935205, 0.1062457, 0.06083372], [0.00367147, 0.08609538, -0.08971704], [-0.01779157, -0.11140255, -0.05858878], [0.02152037, 0.09536729, 0.06784435], [-0.09281514, 0.01987014, 0.07965773], [-0.03715916, -0.10888675, -0.05830825], [0.00159361, 0.095301, -0.08607027], [-0.05740068, 0.02656419, 0.04632939]], "atomic quadrupole moments": [[-0.06293815, 0.08780059, 0.11821153, 0.05812052, 0.12967179, -0.05527337], [0.07840619, 0.04456017, 0.01241976, 0.1640042, 0.11045607, -0.09082595], [0.20902111, -0.0727011, -0.20601254, -0.02257629, 0.02472814, -0.00300857], [0.22393757, -0.04570998, -0.23890036, -0.01205108, 0.0484999, 0.01496279], [0.21571431, -0.06818614, -0.22845235, -0.03674762, 0.03898955, 0.01273805], [-0.03203408, -0.02877214, -0.01314326, -0.04095803, -0.31210467, 0.04517734], [0.15450623, -0.04060311, -0.12978276, 0.13942743, -0.03241799, -0.02472347], [-0.07549243, -0.01964475, 0.06810985, -0.02667627, -0.13150086, 0.00738258], [0.06464235, -0.02612915, -0.02760714, 0.03880446, 0.00384027, -0.03703521], [0.00807701, -0.0032025, -0.02981735, -0.06242368, 0.01991272, 0.02174033], [-0.0515787, 0.00044757, 0.02784547, 0.0080405, -0.05600428, 0.02373323], [0.01657702, 0.00158548, -0.03870893, -0.03511777, 0.02466769, 0.02213191], [-0.02997711, 0.01973934, 0.01122986, 0.00195813, -0.04127018, 0.01874725], [-0.01944196, -0.00158534, 0.03059824, -0.01008946, -0.045207, -0.01115627], [-0.00742129, 0.01727615, 0.03421219, 0.00621569, 0.03964896, -0.02679091], [-0.01873145, 0.00060654, 0.02272631, -0.00409103, -0.04151926, -0.00399486], [-0.01568186, 0.01531962, 0.03996908, 0.00562565, 0.03339947, -0.02428722], [-0.01702182, 0.00151194, 0.01888436, -0.00150259, -0.05418302, -0.00186254], [-0.01208649, 0.01303646, 0.04146475, 0.01302762, 0.03294136, -0.02937827], [-0.019651, 0.01065136, 0.02191526, 0.00050192, 0.00242055, -0.00226426], [0.02017104, -0.01822155, -0.04731645, -0.05629326, 0.02621379, 0.02714541], [-0.03251854, 0.00810343, 0.05205906, 0.01019752, 0.05410716, -0.01954053], [-0.03353269, 0.01007756, 0.02535868, -0.00301698, -0.06741888, 0.00817401], [0.02734608, -0.03555294, -0.0460771, -0.1100708, 0.01153431, 0.01873102]], "number of molecular orbitals": 48, "number of electrons": 50, "number of unpaired electrons": 0, "orbital energies/eV": [-18.49004542, -17.12117185, -16.77475014, -16.48723128, -16.07613982, -15.65524014, -15.28591312, -15.12034369, -14.82008293, -14.13814254, -13.94087892, -13.72054269, -13.40555201, -13.19942471, -12.96483374, -12.80745578, -12.56337408, -12.41429316, -12.17973791, -11.93250452, -11.76862018, -11.49744326, -11.29493165, -11.23583732, -10.99658927, 0.99407369, 1.47081008, 2.8341807, 2.87189135, 3.12762388, 3.58381969, 3.63063016, 3.86432272, 4.13361593, 4.27649246, 4.52601194, 4.83592767, 5.26005703, 5.39892069, 5.69685243, 6.13215735, 6.47882909, 6.58778574, 7.001616, 7.2720325, 7.62904254, 8.03647713, 8.4909179], "fractional occupation": [2.0, 2.0, 2.0, 2.0, 2.0, 2.0, 2.0, 2.0, 2.0, 2.0, 2.0, 2.0, 2.0, 2.0, 2.0, 2.0, 2.0, 2.0, 2.0, 2.0, 2.0, 2.0, 2.0, 2.0, 2.0, 0.0, 0.0, 0.0, 0.0, 0.0, 0.0, 0.0, 0.0, 0.0, 0.0, 0.0, 0.0, 0.0, 0.0, 0.0, 0.0, 0.0, 0.0, 0.0, 0.0, 0.0, 0.0, 0.0], "program call": "xtb /home/svss/Project-DBcg-Debug/aqme2_20220329/End-to-End-workflows-final/example-3/QDESCP/mol_46_rdkit_conf_9/mol_46_rdkit_conf_9.xyz --pop --wbo --acc 0.2 --gfn 2 --chrg 0 --uhf 0 --etemp 300 --input /home/svss/Project-DBcg-Debug/aqme2_20220329/End-to-End-workflows-final/example-3/QDESCP/mol_46_rdkit_conf_9/mol_46_rdkit_conf_9_xtb.inp", "method": "GFN2-xTB", "xtb version": "6.3.3 (7355c4f)", "Dipole module/D": 1.749, "Total charge": 0, "Transition dipole module/D": NaN, "HOMO": -10.9966, "LUMO": 0.9941, "HOMO occupancy": 2.0, "LUMO occupancy": 0, "mulliken charges": [-0.08498, -0.03836, -0.04829, -0.04147, -0.05445, 0.22648, -0.11155, -0.57007, 0.02726, 0.02697, 0.02553, 0.02215, 0.02379, 0.01993, 0.02403, 0.03801, 0.01934, 0.01947, 0.03611, 0.00746, 0.02801, 0.04013, 0.03001, 0.3345], "cm5 charges": [-0.23543, -0.15075, -0.15884, -0.15119, -0.15999, 0.17703, -0.25753, -0.7809, 0.07804, 0.07871, 0.07693, 0.07635, 0.0784, 0.07514, 0.07897, 0.09605, 0.07578, 0.07534, 0.09397, 0.07342, 0.08117, 0.09376, 0.08176, 0.5038], "FUKUI+": [0.018, -0.007, -0.016, -0.01, -0.001, -0.038, 0.027, -0.104, -0.042, -0.014, -0.028, -0.056, -0.038, -0.044, -0.041, -0.043, -0.044, -0.088, -0.059, -0.073, -0.063, -0.056, -0.081, -0.101], "FUKUI-": [0.018, 0.005, 0.007, -0.001, 0.011, -0.002, 0.009, -0.1, -0.06, -0.073, -0.054, -0.103, -0.064, -0.058, -0.057, -0.05, -0.053, -0.046, -0.051, -0.081, -0.049, -0.048, -0.048, -0.052], "FUKUIrad": [0.018, -0.001, -0.004, -0.006, 0.005, -0.02, 0.018, -0.102, -0.051, -0.043, -0.041, -0.079, -0.051, -0.051, -0.049, -0.047, -0.049, -0.067, -0.055, -0.077, -0.056, -0.052, -0.064, -0.077], "s proportion": [1.007, 1.027, 1.032, 1.03, 1.036, 1.014, 1.02, 1.697, 0.973, 0.973, 0.974, 0.978, 0.976, 0.98, 0.976, 0.962, 0.981, 0.981, 0.964, 0.993, 0.972, 0.96, 0.97, 0.665], "p proportion": [3.078, 3.012, 3.016, 3.011, 3.019, 2.759, 3.092, 4.873, 0.0, 0.0, 0.0, 0.0, 0.0, 0.0, 0.0, 0.0, 0.0, 0.0, 0.0, 0.0, 0.0, 0.0, 0.0, 0.0], "d proportion": [0.0, 0.0, 0.0, 0.0, 0.0, 0.0, 0.0, 0.0, 0.0, 0.0, 0.0, 0.0, 0.0, 0.0, 0.0, 0.0, 0.0, 0.0, 0.0, 0.0, 0.0, 0.0, 0.0, 0.0], "Fermi-level/eV": -5.0013, "Coordination numbers": [3.749, 3.799, 3.801, 3.8, 3.802, 3.724, 3.75, 1.653, 0.924, 0.924, 0.924, 0.924, 0.924, 0.924, 0.924, 0.924, 0.924, 0.924, 0.924, 0.924, 0.924, 0.924, 0.924, 0.804], "Dispersion coefficient C6": [22.467, 21.502, 21.617, 21.615, 21.715, 18.707, 22.783, 21.833, 2.594, 2.533, 2.558, 2.63, 2.578, 2.615, 2.616, 2.35, 2.565, 2.568, 2.363, 2.87, 2.56, 2.351, 2.499, 0.778], "Total dispersion C6": 3820.632436, "Total dispersion C8": 79099.307043, "Polarizability alpha": [6.76, 6.602, 6.62, 6.619, 6.634, 6.176, 6.807, 6.308, 2.519, 2.489, 2.501, 2.536, 2.511, 2.529, 2.529, 2.397, 2.505, 2.506, 2.404, 2.649, 2.502, 2.398, 2.472, 1.385], "Total polarizability alpha": 91.361401, "Wiberg matrix": [[0.0, 1.0210053299880886, 0.0, 0.0, 0.0, 0.0, 0.0, 0.0, 0.9873958838249542, 0.9861059635881702, 0.9874652423690201, 0.0, 0.0, 0.0, 0.0, 0.0, 0.0, 0.0, 0.0, 0.0, 0.0, 0.0, 0.0, 0.0], [1.0210053299880886, 0.0, 1.0069955334522243, 0.0, 0.0, 0.0, 0.0, 0.0, 0.0, 0.0, 0.0, 0.9781342529503592, 0.9777677290467687, 0.0, 0.0, 0.0, 0.0, 0.0, 0.0, 0.0, 0.0, 0.0, 0.0, 0.0], [0.0, 1.0069955334522243, 0.0, 1.0079364695562234, 0.0, 0.0, 0.0, 0.0, 0.0, 0.0, 0.0, 0.0, 0.0, 0.9771482162121802, 0.9772243740843721, 0.0, 0.0, 0.0, 0.0, 0.0, 0.0, 0.0, 0.0, 0.0], [0.0, 0.0, 1.0079364695562234, 0.0, 1.006225980692009, 0.0, 0.0, 0.0, 0.0, 0.0, 0.0, 0.0, 0.0, 0.0, 0.0, 0.9761324021995584, 0.9757274308039239, 0.0, 0.0, 0.0, 0.0, 0.0, 0.0, 0.0], [0.0, 0.0, 0.0, 1.006225980692009, 0.0, 0.9938144234858104, 0.0, 0.0, 0.0, 0.0, 0.0, 0.0, 0.0, 0.0, 0.0, 0.0, 0.0, 0.9756717519292052, 0.975046407886908, 0.0, 0.0, 0.0, 0.0, 0.0], [0.0, 0.0, 0.0, 0.0, 0.9938144234858104, 0.0, 1.002566113500195, 0.9795454462872195, 0.0, 0.0, 0.0, 0.0, 0.0, 0.0, 0.0, 0.0, 0.0, 0.0, 0.0, 0.963741151281249, 0.0, 0.0, 0.0, 0.0], [0.0, 0.0, 0.0, 0.0, 0.0, 1.002566113500195, 0.0, 0.0, 0.0, 0.0, 0.0, 0.0, 0.0, 0.0, 0.0, 0.0, 0.0, 0.0, 0.0, 0.0, 0.984682106081977, 0.9855052193517138, 0.9855962979328137, 0.0], [0.0, 0.0, 0.0, 0.0, 0.0, 0.9795454462872195, 0.0, 0.0, 0.0, 0.0, 0.0, 0.0, 0.0, 0.0, 0.0, 0.0, 0.0, 0.0, 0.0, 0.0, 0.0, 0.0, 0.0, 0.9043712403303192], [0.9873958838249542, 0.0, 0.0, 0.0, 0.0, 0.0, 0.0, 0.0, 0.0, 0.0, 0.0, 0.0, 0.0, 0.0, 0.0, 0.0, 0.0, 0.0, 0.0, 0.0, 0.0, 0.0, 0.0, 0.0], [0.9861059635881702, 0.0, 0.0, 0.0, 0.0, 0.0, 0.0, 0.0, 0.0, 0.0, 0.0, 0.0, 0.0, 0.0, 0.0, 0.0, 0.0, 0.0, 0.0, 0.0, 0.0, 0.0, 0.0, 0.0], [0.9874652423690201, 0.0, 0.0, 0.0, 0.0, 0.0, 0.0, 0.0, 0.0, 0.0, 0.0, 0.0, 0.0, 0.0, 0.0, 0.0, 0.0, 0.0, 0.0, 0.0, 0.0, 0.0, 0.0, 0.0], [0.0, 0.9781342529503592, 0.0, 0.0, 0.0, 0.0, 0.0, 0.0, 0.0, 0.0, 0.0, 0.0, 0.0, 0.0, 0.0, 0.0, 0.0, 0.0, 0.0, 0.0, 0.0, 0.0, 0.0, 0.0], [0.0, 0.9777677290467687, 0.0, 0.0, 0.0, 0.0, 0.0, 0.0, 0.0, 0.0, 0.0, 0.0, 0.0, 0.0, 0.0, 0.0, 0.0, 0.0, 0.0, 0.0, 0.0, 0.0, 0.0, 0.0], [0.0, 0.0, 0.9771482162121802, 0.0, 0.0, 0.0, 0.0, 0.0, 0.0, 0.0, 0.0, 0.0, 0.0, 0.0, 0.0, 0.0, 0.0, 0.0, 0.0, 0.0, 0.0, 0.0, 0.0, 0.0], [0.0, 0.0, 0.9772243740843721, 0.0, 0.0, 0.0, 0.0, 0.0, 0.0, 0.0, 0.0, 0.0, 0.0, 0.0, 0.0, 0.0, 0.0, 0.0, 0.0, 0.0, 0.0, 0.0, 0.0, 0.0], [0.0, 0.0, 0.0, 0.9761324021995584, 0.0, 0.0, 0.0, 0.0, 0.0, 0.0, 0.0, 0.0, 0.0, 0.0, 0.0, 0.0, 0.0, 0.0, 0.0, 0.0, 0.0, 0.0, 0.0, 0.0], [0.0, 0.0, 0.0, 0.9757274308039239, 0.0, 0.0, 0.0, 0.0, 0.0, 0.0, 0.0, 0.0, 0.0, 0.0, 0.0, 0.0, 0.0, 0.0, 0.0, 0.0, 0.0, 0.0, 0.0, 0.0], [0.0, 0.0, 0.0, 0.0, 0.9756717519292052, 0.0, 0.0, 0.0, 0.0, 0.0, 0.0, 0.0, 0.0, 0.0, 0.0, 0.0, 0.0, 0.0, 0.0, 0.0, 0.0, 0.0, 0.0, 0.0], [0.0, 0.0, 0.0, 0.0, 0.975046407886908, 0.0, 0.0, 0.0, 0.0, 0.0, 0.0, 0.0, 0.0, 0.0, 0.0, 0.0, 0.0, 0.0, 0.0, 0.0, 0.0, 0.0, 0.0, 0.0], [0.0, 0.0, 0.0, 0.0, 0.0, 0.963741151281249, 0.0, 0.0, 0.0, 0.0, 0.0, 0.0, 0.0, 0.0, 0.0, 0.0, 0.0, 0.0, 0.0, 0.0, 0.0, 0.0, 0.0, 0.0], [0.0, 0.0, 0.0, 0.0, 0.0, 0.0, 0.984682106081977, 0.0, 0.0, 0.0, 0.0, 0.0, 0.0, 0.0, 0.0, 0.0, 0.0, 0.0, 0.0, 0.0, 0.0, 0.0, 0.0, 0.0], [0.0, 0.0, 0.0, 0.0, 0.0, 0.0, 0.9855052193517138, 0.0, 0.0, 0.0, 0.0, 0.0, 0.0, 0.0, 0.0, 0.0, 0.0, 0.0, 0.0, 0.0, 0.0, 0.0, 0.0, 0.0], [0.0, 0.0, 0.0, 0.0, 0.0, 0.0, 0.9855962979328137, 0.0, 0.0, 0.0, 0.0, 0.0, 0.0, 0.0, 0.0, 0.0, 0.0, 0.0, 0.0, 0.0, 0.0, 0.0, 0.0, 0.0], [0.0, 0.0, 0.0, 0.0, 0.0, 0.0, 0.0, 0.9043712403303192, 0.0, 0.0, 0.0, 0.0, 0.0, 0.0, 0.0, 0.0, 0.0, 0.0, 0.0, 0.0, 0.0, 0.0, 0.0, 0.0]], "Born radii": [], "Atomic SASAs": [], "Solvent H bonds": [], "Total SASA": NaN, "Total FOD": 0.0, "FOD": [0.0, 0.0, 0.0, 0.0, 0.0, 0.0, 0.0, 0.0, 0.0, 0.0, 0.0, 0.0, 0.0, 0.0, 0.0, 0.0, 0.0, 0.0, 0.0, 0.0, 0.0, 0.0, 0.0, 0.0], "FOD s proportion": [0.0, 0.0, 0.0, 0.0, 0.0, 0.0, 0.0, 0.0, 0.0, 0.0, 0.0, 0.0, 0.0, 0.0, 0.0, 0.0, 0.0, 0.0, 0.0, 0.0, 0.0, 0.0, 0.0, 0.0], "FOD p proportion": [0.0, 0.0, 0.0, 0.0, 0.0, 0.0, 0.0, 0.0, 0.0, 0.0, 0.0, 0.0, 0.0, 0.0, 0.0, 0.0, 0.0, 0.0, 0.0, 0.0, 0.0, 0.0, 0.0, 0.0], "FOD d proportion": [0.0, 0.0, 0.0, 0.0, 0.0, 0.0, 0.0, 0.0, 0.0, 0.0, 0.0, 0.0, 0.0, 0.0, 0.0, 0.0, 0.0, 0.0, 0.0, 0.0, 0.0, 0.0, 0.0, 0.0], "coordinates": [["3.31810", "0.66040", "0.56860"], ["2.79900", "-0.59080", "-0.12260"], ["1.42300", "-0.40720", "-0.76650"], ["0.30690", "-0.15230", "0.24970"], ["-1.06190", "-0.08170", "-0.43810"], ["-2.19150", "0.21230", "0.55350"], ["-3.52940", "0.35050", "-0.16050"], ["-2.27940", "-0.85570", "1.49240"], ["4.34120", "0.49670", "0.92220"], ["2.70650", "0.92250", "1.43680"], ["3.32960", "1.51290", "-0.11790"], ["3.51230", "-0.87760", "-0.90460"], ["2.76760", "-1.41810", "0.59590"], ["1.46230", "0.41780", "-1.48820"], ["1.18820", "-1.31460", "-1.33660"], ["0.30740", "-0.95240", "0.99920"], ["0.48950", "0.78990", "0.77840"], ["-1.04040", "0.69530", "-1.21170"], ["-1.25220", "-1.04050", "-0.93700"], ["-1.97280", "1.13280", "1.10660"], ["-4.32930", "0.55170", "0.56020"], ["-3.79690", "-0.57890", "-0.67530"], ["-3.50830", "1.16430", "-0.89160"], ["-2.98940", "-0.63720", "2.11990"]], "bond_dist": [[0.0, 1.5207641796149722, 2.5521884295639303, 3.135203971036015, 4.555058429921618, 5.527812748275759, 6.893176413671712, 5.872305501249063, 1.0947895962238587, 1.0938565765218033, 1.0946098620056373, 2.1385686521596634, 2.1503389942053324, 2.7808765956079387, 3.473742369549014, 3.4425070355774143, 2.8393246115933977, 4.7082064897368285, 5.103678502805598, 5.33912245317524, 7.648177103728704, 7.328463461053757, 6.998988227594042, 6.6238096062613385], [1.5207641796149722, 0.0, 1.5302588571872406, 2.557626233443816, 3.9070797112421447, 5.099722646379899, 6.39813477976199, 5.335592148018812, 2.156998871116997, 2.1749394244438167, 2.169588011581922, 1.096619865769356, 1.096199571246039, 2.160764728053473, 2.142979019962631, 2.756312819692279, 2.8375911862000134, 4.192992294292943, 4.15664514843401, 5.220326123912183, 7.251495223745237, 6.619026794778821, 6.591947382981754, 6.207780100003543], [2.5521884295639303, 1.5302588571872406, 0.0, 1.5307892278168147, 2.5275531290162827, 3.8975364655125424, 5.046544466266001, 4.360223299327684, 3.490649529815332, 2.8757616782341335, 2.7825509033978157, 2.1460480563118804, 2.1647174711726236, 1.096822857165185, 1.0970505047626569, 2.158588170541106, 2.1659147420893556, 2.7353334074660807, 2.7544208429359522, 4.172716291577946, 5.9806836891780195, 5.223519344273552, 5.177159641154598, 5.277639502656467], [3.135203971036015, 2.557626233443816, 1.5307892278168147, 0.0, 1.5335144733585007, 2.543074941876468, 3.890792923042808, 2.9543226871822923, 4.141139183847845, 2.8848711600347077, 3.4705527067024926, 3.4832539011676995, 2.7887539457614396, 2.163390759895216, 2.154989250553237, 1.0963167927200603, 1.0957222686429258, 2.1608639499052225, 2.1512668221306255, 2.753686930280928, 4.699614525681866, 4.228331467612254, 4.194252292125499, 3.820781299682043], [4.555058429921618, 3.9070797112421447, 2.5275531290162827, 1.5335144733585007, 0.0, 1.531568712137983, 2.5203997401206024, 2.4100233401359414, 5.601647280934422, 4.327182248299695, 4.683006454191581, 4.666303108457487, 4.185712748146963, 2.7791718010947073, 2.718509641329234, 2.1677020713188426, 2.1555511522578166, 1.0966531858340631, 1.0974573978064024, 2.1658363627014854, 3.474723184658024, 2.789927719493822, 2.7826338620091575, 3.2507230734099757], [5.527812748275759, 5.099722646379899, 3.8975364655125424, 2.543074941876468, 1.531568712137983, 0.0, 1.522784177091422, 1.4247398429186993, 6.549274184213088, 5.0274254773193805, 5.711819633882008, 5.987259144216159, 5.220409440838907, 4.190587498191632, 4.1624840792488325, 2.7927899652498036, 2.7517199657668656, 2.1620016766876016, 2.1618007725042565, 1.0959331868321172, 2.164584507474818, 2.1710034638387845, 2.174529891723726, 1.9524096957349908], [6.893176413671712, 6.39813477976199, 5.046544466266001, 3.890792923042808, 2.5203997401206024, 1.522784177091422, 0.0, 2.397810845333718, 7.9460655729738345, 6.46258463000679, 6.956929604358521, 7.186616262887563, 6.584246040360278, 5.165693125806062, 5.139213848440246, 4.214675164232707, 4.150441275334467, 2.7237895439993154, 2.7791137238335533, 2.1541910918022107, 1.0953218431127902, 1.0956092597272078, 1.0941767955865267, 2.5431035075277606], [5.872305501249063, 5.335592148018812, 4.360223299327684, 2.9543226871822923, 2.4100233401359414, 1.4247398429186993, 2.397810845333718, 0.0, 6.781331591951539, 5.293796880311899, 6.297953084137735, 6.268163806091861, 5.156764005653157, 4.9503633705012, 4.498675357257956, 2.6351719811048384, 3.299182106219661, 3.3545310864560487, 2.6441019723149863, 2.0486525937796287, 2.65553414777517, 2.660516449864575, 3.357685394732508, 0.9724188912192111], [1.0947895962238587, 2.156998871116997, 3.490649529815332, 4.141139183847845, 5.601647280934422, 6.549274184213088, 7.9460655729738345, 6.781331591951539, 0.0, 1.7658886969455347, 1.7713850541313707, 2.4316607370272685, 2.4998295321881447, 3.7555716715301815, 4.28070019155745, 4.286882579450945, 3.86551905570261, 5.792632366204505, 6.091447450319177, 6.348639426680334, 8.678227886498487, 8.36286991528626, 8.083947702082195, 7.513847939637852], [1.0938565765218033, 2.1749394244438167, 2.8757616782341335, 2.8848711600347077, 4.327182248299695, 5.0274254773193805, 6.46258463000679, 5.293796880311899, 1.7658886969455347, 0.0, 1.7759273239634552, 3.0613440855284466, 2.487821211421753, 3.2184438367012094, 3.8731897526457444, 3.0761054240711583, 2.3164978566793453, 4.594064834109332, 5.015934721465183, 4.695647625195059, 7.0998874526290905, 7.000669962939261, 6.641058111475911, 5.944961438899331], [1.0946098620056373, 2.169588011581922, 2.7825509033978157, 3.4705527067024926, 4.683006454191581, 5.711819633882008, 6.956929604358521, 6.297953084137735, 1.7713850541313707, 1.7759273239634552, 0.0, 2.523245217968321, 3.0685689563703797, 2.5619866100352673, 3.7504106308509737, 4.05700743652264, 3.064677911298347, 4.578402363270402, 5.308829212736081, 5.455210538558526, 7.748707909064581, 7.44804163857856, 6.890356308638909, 7.039917602500756], [2.1385686521596634, 1.096619865769356, 2.1460480563118804, 3.4832539011676995, 4.666303108457487, 5.987259144216159, 7.186616262887563, 6.268163806091861, 2.4316607370272685, 3.0613440855284466, 2.523245217968321, 0.0, 1.7601757270227312, 2.4942233500631015, 2.4039621066065084, 3.7284626174872666, 3.8406204043096994, 4.8265310638179875, 4.767394091115187, 6.178426629005155, 8.10427221223473, 7.318893688256444, 7.311521658998214, 7.174781899124181], [2.1503389942053324, 1.096199571246039, 2.1647174711726236, 2.7887539457614396, 4.185712748146963, 5.220409440838907, 6.584246040360278, 5.156764005653157, 2.4998295321881447, 2.487821211421753, 3.0685689563703797, 1.7601757270227312, 0.0, 3.0688450123784357, 2.4979537345595495, 2.5361607638318198, 3.1777837969251466, 4.715372871788614, 4.3186984393448915, 5.4073373724967455, 7.365281809951334, 6.738906909135931, 6.947543941566689, 6.006282528319826], [2.7808765956079387, 2.160764728053473, 1.096822857165185, 2.163390759895216, 2.7791718010947073, 4.190587498191632, 5.165693125806062, 4.9503633705012, 3.7555716715301815, 3.2184438367012094, 2.5619866100352673, 2.4942233500631015, 3.0688450123784357, 0.0, 1.7604894575089054, 3.065681133125231, 2.4944485983880282, 2.5331730675182853, 3.130330746103357, 4.363957384072397, 6.1446319930488915, 5.414185251725323, 5.061626040117938, 5.826580772631578], [3.473742369549014, 2.142979019962631, 1.0970505047626569, 2.154989250553237, 2.718509641329234, 4.1624840792488325, 5.139213848440246, 4.498675357257956, 4.28070019155745, 3.8731897526457444, 3.7504106308509737, 2.4039621066065084, 2.4979537345595495, 1.7604894575089054, 0.0, 2.5224906580600055, 3.0643640351629244, 3.0036571009354582, 2.4880440369896992, 4.685180252669047, 6.125661774861554, 5.082302056155262, 5.329172774455714, 5.464302770711008], [3.4425070355774143, 2.756312819692279, 2.158588170541106, 1.0963167927200603, 2.1677020713188426, 2.7927899652498036, 4.214675164232707, 2.6351719811048384, 4.286882579450945, 3.0761054240711583, 4.05700743652264, 3.7284626174872666, 2.5361607638318198, 3.065681133125231, 2.5224906580600055, 0.0, 1.765650684591944, 3.069129997246777, 2.487766912313129, 3.0917480233680106, 4.894284901801284, 4.448452651203562, 4.755534672358093, 3.4963137402126825], [2.8393246115933977, 2.8375911862000134, 2.1659147420893556, 1.0957222686429258, 2.1555511522578166, 2.7517199657668656, 4.150441275334467, 3.299182106219661, 3.86551905570261, 2.3164978566793453, 3.064677911298347, 3.8406204043096994, 3.1777837969251466, 2.4944485983880282, 3.0643640351629244, 1.765650684591944, 0.0, 2.5119795341522986, 3.053928651753344, 2.5076317393110177, 4.8296152973088855, 4.728644847099431, 4.348733171855915, 3.9923654479518778], [4.7082064897368285, 4.192992294292943, 2.7353334074660807, 2.1608639499052225, 1.0966531858340631, 2.1620016766876016, 2.7237895439993154, 3.3545310864560487, 5.792632366204505, 4.594064834109332, 4.578402363270402, 4.8265310638179875, 4.715372871788614, 2.5331730675182853, 3.0036571009354582, 3.069129997246777, 2.5119795341522986, 0.0, 1.7701189140845877, 2.5367875157371773, 3.738597836087749, 3.083764395993961, 2.5323813733322242, 4.083346153585317], [5.103678502805598, 4.15664514843401, 2.7544208429359522, 2.1512668221306255, 1.0974573978064024, 2.1618007725042565, 2.7791137238335533, 2.6441019723149863, 6.091447450319177, 5.015934721465183, 5.308829212736081, 4.767394091115187, 4.3186984393448915, 3.130330746103357, 2.4880440369896992, 2.487766912313129, 3.053928651753344, 1.7701189140845877, 0.0, 3.0690060622292687, 3.7742884216763297, 2.5994344654174295, 3.154867891053443, 3.539089196389376], [5.33912245317524, 5.220326123912183, 4.172716291577946, 2.753686930280928, 2.1658363627014854, 1.0959331868321172, 2.1541910918022107, 2.0486525937796287, 6.348639426680334, 4.695647625195059, 5.455210538558526, 6.178426629005155, 5.4073373724967455, 4.363957384072397, 4.685180252669047, 3.0917480233680106, 2.5076317393110177, 2.5367875157371773, 3.0690060622292687, 0.0, 2.4878348860002744, 3.071225375969663, 2.520229303059545, 2.2788489309298234], [7.648177103728704, 7.251495223745237, 5.9806836891780195, 4.699614525681866, 3.474723184658024, 2.164584507474818, 1.0953218431127902, 2.65553414777517, 8.678227886498487, 7.0998874526290905, 7.748707909064581, 8.10427221223473, 7.365281809951334, 6.1446319930488915, 6.125661774861554, 4.894284901801284, 4.8296152973088855, 3.738597836087749, 3.7742884216763297, 2.4878348860002744, 0.0, 1.7573179478967373, 1.7768069675685088, 2.37517984792731], [7.328463461053757, 6.619026794778821, 5.223519344273552, 4.228331467612254, 2.789927719493822, 2.1710034638387845, 1.0956092597272078, 2.660516449864575, 8.36286991528626, 7.000669962939261, 7.44804163857856, 7.318893688256444, 6.738906909135931, 5.414185251725323, 5.082302056155262, 4.448452651203562, 4.728644847099431, 3.083764395993961, 2.5994344654174295, 3.071225375969663, 1.7573179478967373, 0.0, 1.7801185044822154, 2.910085596679245], [6.998988227594042, 6.591947382981754, 5.177159641154598, 4.194252292125499, 2.7826338620091575, 2.174529891723726, 1.0941767955865267, 3.357685394732508, 8.083947702082195, 6.641058111475911, 6.890356308638909, 7.311521658998214, 6.947543941566689, 5.061626040117938, 5.329172774455714, 4.755534672358093, 4.348733171855915, 2.5323813733322242, 3.154867891053443, 2.520229303059545, 1.7768069675685088, 1.7801185044822154, 0.0, 3.547364050953891], [6.6238096062613385, 6.207780100003543, 5.277639502656467, 3.820781299682043, 3.2507230734099757, 1.9524096957349908, 2.5431035075277606, 0.9724188912192111, 7.513847939637852, 5.944961438899331, 7.039917602500756, 7.174781899124181, 6.006282528319826, 5.826580772631578, 5.464302770711008, 3.4963137402126825, 3.9923654479518778, 4.083346153585317, 3.539089196389376, 2.2788489309298234, 2.37517984792731, 2.910085596679245, 3.547364050953891, 0.0]]}