{"total energy": -27.22133148, "HOMO-LUMO gap/eV": 11.68999529, "electronic energy": -27.56246037, "dipole": [-0.61024258, 0.1387229, -0.3284538], "partial charges": [-0.10264684, -0.00568292, -0.10471795, -0.06926693, 0.15111345, -0.11649122, -0.11519306, -0.45065127, 0.04335712, 0.04006412, 0.02580872, 0.02831839, 0.02742034, 0.03413965, 0.03298235, 0.0319672, 0.04865701, 0.03122988, 0.03401683, 0.0437529, 0.04577155, 0.02937041, 0.03637412, 0.28030615], "atomic dipole moments": [[-0.0237694, 0.09330414, -0.05118315], [0.02098398, 0.03124548, 0.09377385], [-0.07725536, -0.06218076, 0.00407578], [-0.03551351, -0.09889109, -0.04806432], [0.00725734, -0.10688003, 0.08772858], [0.06598266, -0.06022327, -0.04447998], [0.02669942, 0.0398735, 0.08705626], [-0.15229497, 0.1108351, -0.13905035], [-0.08544204, -0.09333828, -0.01198743], [0.02715197, 0.01330027, 0.12527986], [0.10081269, -0.04747787, -0.05217596], [-0.03035553, -0.02453882, -0.11702921], [-0.03047509, 0.105277, -0.05890159], [0.0460045, 0.0324142, 0.11374352], [0.09565451, -0.04943037, -0.06530975], [-0.01895074, 0.1085015, -0.05501156], [0.04128719, 0.03404606, 0.11520439], [-0.10905111, -0.05731361, 0.02314547], [-0.02441486, 0.10242042, -0.07370436], [0.03152031, 0.04070429, 0.11760904], [0.07214789, -0.09601441, -0.04645692], [-0.10969733, -0.05823409, 0.00729385], [-0.01138458, 0.09221034, -0.0902094], [-0.07040938, -0.03350635, 0.00042086]], "atomic quadrupole moments": [[-0.06511455, -0.07805424, 0.11811087, 0.0247167, -0.13879537, -0.05299632], [0.06213253, -0.00909583, 0.10532298, -0.07338849, -0.04012814, -0.16745552], [0.09104115, 0.15164962, 0.03842007, -0.01425584, -0.01306177, -0.12946123], [0.16707835, 0.04085722, -0.02709409, -0.12835697, 0.06055386, -0.13998426], [-0.13950654, -0.03336564, 0.11723439, 0.03752549, -0.17270888, 0.02227215], [0.05146477, -0.13681762, 0.02903218, -0.08413274, 0.07237046, -0.08049695], [-0.06322016, 0.03517839, -0.08849857, 0.08088344, 0.08670017, 0.15171873], [-0.04352457, -0.0255958, 0.04774986, 0.04080131, -0.12761202, -0.00422529], [0.03572876, 0.05612327, 0.00662716, 0.01574381, -0.00109789, -0.04235592], [-0.04466958, -0.00070194, -0.02450319, 0.021469, 0.02820834, 0.06917277], [0.04271267, -0.02974971, -0.02782022, -0.05950021, 0.00637297, -0.01489244], [-0.00990659, 0.00660319, -0.00953101, 0.02146396, 0.00943534, 0.01943761], [-0.01793449, -0.02905694, 0.04218798, 0.02458772, -0.0507259, -0.02425349], [-0.03153391, 0.01439598, -0.03998454, 0.02772063, 0.01746461, 0.07151845], [0.02127675, -0.03511192, -0.0040244, -0.04632033, 0.03711882, -0.01725235], [-0.00856956, -0.0238379, 0.0206311, -0.00323023, -0.05259957, -0.01206154], [-0.00426913, 0.00142343, -0.04874534, 0.01923813, 0.01252839, 0.05301447], [0.04398889, 0.05978141, 0.00351509, -0.00951249, 0.00457644, -0.04750398], [-0.03955122, -0.01710657, 0.02924962, 0.0024752, -0.06257343, 0.0103016], [-0.01339235, 0.01042462, -0.0346561, 0.04270581, 0.03781889, 0.04804846], [0.02942394, -0.05683037, 0.00297594, -0.0198965, 0.02674936, -0.03239989], [0.06403641, 0.04594002, -0.03298222, -0.02811519, -0.00012452, -0.03105419], [-0.0482306, 4.878e-05, 0.03774179, 0.00789127, -0.05866713, 0.01048881], [0.08274893, 0.09235818, -0.01077955, -0.00625519, -0.02955433, -0.07196938]], "number of molecular orbitals": 48, "number of electrons": 50, "number of unpaired electrons": 0, "orbital energies/eV": [-18.38241751, -17.10964443, -16.70398522, -16.22302455, -16.11792713, -15.64807768, -15.49652242, -14.72967872, -14.5471992, -14.18358295, -13.82017379, -13.49325576, -13.24143141, -13.01737233, -12.80312629, -12.72489769, -12.32821306, -12.30849094, -12.24603098, -12.0768763, -11.89804042, -11.53056197, -11.35565089, -11.24364132, -10.82311505, 0.86688024, 1.1575776, 2.17125193, 2.59316287, 2.954799, 3.02104914, 3.70443278, 4.06163522, 4.42536094, 4.67285717, 5.08955261, 5.3078227, 5.69902671, 5.87724505, 5.99341456, 6.10055772, 6.29056694, 6.6755598, 6.89976464, 7.01296476, 7.45656471, 7.64304174, 8.30768581], "fractional occupation": [2.0, 2.0, 2.0, 2.0, 2.0, 2.0, 2.0, 2.0, 2.0, 2.0, 2.0, 2.0, 2.0, 2.0, 2.0, 2.0, 2.0, 2.0, 2.0, 2.0, 2.0, 2.0, 2.0, 2.0, 2.0, 0.0, 0.0, 0.0, 0.0, 0.0, 0.0, 0.0, 0.0, 0.0, 0.0, 0.0, 0.0, 0.0, 0.0, 0.0, 0.0, 0.0, 0.0, 0.0, 0.0, 0.0, 0.0, 0.0], "program call": "xtb /home/svss/Project-DBcg-Debug/aqme2_20220329/End-to-End-workflows-final/example-3/QDESCP/mol_874_rdkit_conf_2/mol_874_rdkit_conf_2.xyz --pop --wbo --acc 0.2 --gfn 2 --chrg 0 --uhf 0 --etemp 300 --input /home/svss/Project-DBcg-Debug/aqme2_20220329/End-to-End-workflows-final/example-3/QDESCP/mol_874_rdkit_conf_2/mol_874_rdkit_conf_2_xtb.inp", "method": "GFN2-xTB", "xtb version": "6.3.3 (7355c4f)", "Dipole module/D": 1.796, "Total charge": 0, "Transition dipole module/D": NaN, "HOMO": -10.8231, "LUMO": 0.8669, "HOMO occupancy": 2.0, "LUMO occupancy": 0, "mulliken charges": [-0.08553, 0.0061, -0.09151, -0.06579, 0.25291, -0.11373, -0.11618, -0.5673, 0.03544, 0.03224, 0.0209, 0.01443, 0.02475, 0.02793, 0.02852, 0.02136, 0.03966, 0.02848, 0.02928, 0.04108, 0.04227, 0.0282, 0.03176, 0.33471], "cm5 charges": [-0.23314, -0.06778, -0.24019, -0.16703, 0.24148, -0.25781, -0.26046, -0.77657, 0.09104, 0.08525, 0.07247, 0.07353, 0.07613, 0.07977, 0.07988, 0.07812, 0.09846, 0.08227, 0.08153, 0.09494, 0.09689, 0.08178, 0.0842, 0.50523], "FUKUI+": [0.022, -0.021, 0.015, -0.013, -0.056, 0.027, 0.033, -0.098, -0.02, -0.031, -0.048, -0.044, -0.039, -0.039, -0.067, -0.088, -0.063, -0.07, -0.076, -0.056, -0.047, -0.053, -0.071, -0.097], "FUKUI-": [0.02, -0.012, 0.021, 0.004, -0.017, 0.001, 0.015, -0.098, -0.047, -0.064, -0.086, -0.081, -0.052, -0.067, -0.065, -0.051, -0.058, -0.053, -0.057, -0.049, -0.047, -0.052, -0.048, -0.055], "FUKUIrad": [0.021, -0.017, 0.018, -0.004, -0.037, 0.014, 0.024, -0.098, -0.033, -0.047, -0.067, -0.063, -0.045, -0.053, -0.066, -0.07, -0.061, -0.062, -0.066, -0.052, -0.047, -0.053, -0.06, -0.076], "s proportion": [1.01, 1.051, 1.014, 1.044, 1.045, 1.024, 1.022, 1.7, 0.965, 0.968, 0.979, 0.986, 0.975, 0.972, 0.971, 0.979, 0.96, 0.972, 0.971, 0.959, 0.958, 0.972, 0.968, 0.665], "p proportion": [3.075, 2.943, 3.077, 3.022, 2.702, 3.089, 3.094, 4.867, 0.0, 0.0, 0.0, 0.0, 0.0, 0.0, 0.0, 0.0, 0.0, 0.0, 0.0, 0.0, 0.0, 0.0, 0.0, 0.0], "d proportion": [0.0, 0.0, 0.0, 0.0, 0.0, 0.0, 0.0, 0.0, 0.0, 0.0, 0.0, 0.0, 0.0, 0.0, 0.0, 0.0, 0.0, 0.0, 0.0, 0.0, 0.0, 0.0, 0.0, 0.0], "Fermi-level/eV": -4.9781, "Coordination numbers": [3.752, 3.846, 3.753, 3.802, 3.77, 3.753, 3.752, 1.654, 0.924, 0.924, 0.924, 0.924, 0.924, 0.924, 0.924, 0.923, 0.923, 0.924, 0.924, 0.924, 0.924, 0.924, 0.924, 0.804], "Dispersion coefficient C6": [22.521, 20.648, 22.559, 21.825, 18.185, 22.789, 22.766, 21.858, 2.405, 2.448, 2.647, 2.611, 2.624, 2.529, 2.545, 2.559, 2.337, 2.569, 2.53, 2.4, 2.374, 2.596, 2.498, 0.784], "Total dispersion C6": 3809.834525, "Total dispersion C8": 79022.960376, "Polarizability alpha": [6.768, 6.464, 6.773, 6.651, 6.077, 6.807, 6.804, 6.311, 2.425, 2.447, 2.544, 2.527, 2.533, 2.487, 2.495, 2.502, 2.391, 2.507, 2.488, 2.422, 2.409, 2.519, 2.472, 1.39], "Total polarizability alpha": 91.212093, "Wiberg matrix": [[0.0, 1.011075408305308, 0.0, 0.0, 0.0, 0.0, 0.0, 0.0, 0.9840356713742863, 0.986452184646037, 0.98586434426703, 0.0, 0.0, 0.0, 0.0, 0.0, 0.0, 0.0, 0.0, 0.0, 0.0, 0.0, 0.0, 0.0], [1.011075408305308, 0.0, 1.0067203253862826, 0.9942849464686878, 0.0, 0.0, 0.0, 0.0, 0.0, 0.0, 0.0, 0.9682314055580772, 0.0, 0.0, 0.0, 0.0, 0.0, 0.0, 0.0, 0.0, 0.0, 0.0, 0.0, 0.0], [0.0, 1.0067203253862826, 0.0, 0.0, 0.0, 0.0, 0.0, 0.0, 0.0, 0.0, 0.0, 0.0, 0.9870361942206347, 0.9871224541755679, 0.9864271673608189, 0.0, 0.0, 0.0, 0.0, 0.0, 0.0, 0.0, 0.0, 0.0], [0.0, 0.9942849464686878, 0.0, 0.0, 0.9804661235889144, 0.0, 0.0, 0.0, 0.0, 0.0, 0.0, 0.0, 0.0, 0.0, 0.0, 0.9747328243405193, 0.9735843912153547, 0.0, 0.0, 0.0, 0.0, 0.0, 0.0, 0.0], [0.0, 0.0, 0.0, 0.9804661235889144, 0.0, 0.9893368674856524, 0.9930217684981195, 0.9714810229136055, 0.0, 0.0, 0.0, 0.0, 0.0, 0.0, 0.0, 0.0, 0.0, 0.0, 0.0, 0.0, 0.0, 0.0, 0.0, 0.0], [0.0, 0.0, 0.0, 0.0, 0.9893368674856524, 0.0, 0.0, 0.0, 0.0, 0.0, 0.0, 0.0, 0.0, 0.0, 0.0, 0.0, 0.0, 0.983920287260276, 0.9859852049935585, 0.9853108523270809, 0.0, 0.0, 0.0, 0.0], [0.0, 0.0, 0.0, 0.0, 0.9930217684981195, 0.0, 0.0, 0.0, 0.0, 0.0, 0.0, 0.0, 0.0, 0.0, 0.0, 0.0, 0.0, 0.0, 0.0, 0.0, 0.982346414644568, 0.9837549618313853, 0.9856019992082243, 0.0], [0.0, 0.0, 0.0, 0.0, 0.9714810229136055, 0.0, 0.0, 0.0, 0.0, 0.0, 0.0, 0.0, 0.0, 0.0, 0.0, 0.0, 0.0, 0.0, 0.0, 0.0, 0.0, 0.0, 0.0, 0.9019829578947683], [0.9840356713742863, 0.0, 0.0, 0.0, 0.0, 0.0, 0.0, 0.0, 0.0, 0.0, 0.0, 0.0, 0.0, 0.0, 0.0, 0.0, 0.0, 0.0, 0.0, 0.0, 0.0, 0.0, 0.0, 0.0], [0.986452184646037, 0.0, 0.0, 0.0, 0.0, 0.0, 0.0, 0.0, 0.0, 0.0, 0.0, 0.0, 0.0, 0.0, 0.0, 0.0, 0.0, 0.0, 0.0, 0.0, 0.0, 0.0, 0.0, 0.0], [0.98586434426703, 0.0, 0.0, 0.0, 0.0, 0.0, 0.0, 0.0, 0.0, 0.0, 0.0, 0.0, 0.0, 0.0, 0.0, 0.0, 0.0, 0.0, 0.0, 0.0, 0.0, 0.0, 0.0, 0.0], [0.0, 0.9682314055580772, 0.0, 0.0, 0.0, 0.0, 0.0, 0.0, 0.0, 0.0, 0.0, 0.0, 0.0, 0.0, 0.0, 0.0, 0.0, 0.0, 0.0, 0.0, 0.0, 0.0, 0.0, 0.0], [0.0, 0.0, 0.9870361942206347, 0.0, 0.0, 0.0, 0.0, 0.0, 0.0, 0.0, 0.0, 0.0, 0.0, 0.0, 0.0, 0.0, 0.0, 0.0, 0.0, 0.0, 0.0, 0.0, 0.0, 0.0], [0.0, 0.0, 0.9871224541755679, 0.0, 0.0, 0.0, 0.0, 0.0, 0.0, 0.0, 0.0, 0.0, 0.0, 0.0, 0.0, 0.0, 0.0, 0.0, 0.0, 0.0, 0.0, 0.0, 0.0, 0.0], [0.0, 0.0, 0.9864271673608189, 0.0, 0.0, 0.0, 0.0, 0.0, 0.0, 0.0, 0.0, 0.0, 0.0, 0.0, 0.0, 0.0, 0.0, 0.0, 0.0, 0.0, 0.0, 0.0, 0.0, 0.0], [0.0, 0.0, 0.0, 0.9747328243405193, 0.0, 0.0, 0.0, 0.0, 0.0, 0.0, 0.0, 0.0, 0.0, 0.0, 0.0, 0.0, 0.0, 0.0, 0.0, 0.0, 0.0, 0.0, 0.0, 0.0], [0.0, 0.0, 0.0, 0.9735843912153547, 0.0, 0.0, 0.0, 0.0, 0.0, 0.0, 0.0, 0.0, 0.0, 0.0, 0.0, 0.0, 0.0, 0.0, 0.0, 0.0, 0.0, 0.0, 0.0, 0.0], [0.0, 0.0, 0.0, 0.0, 0.0, 0.983920287260276, 0.0, 0.0, 0.0, 0.0, 0.0, 0.0, 0.0, 0.0, 0.0, 0.0, 0.0, 0.0, 0.0, 0.0, 0.0, 0.0, 0.0, 0.0], [0.0, 0.0, 0.0, 0.0, 0.0, 0.9859852049935585, 0.0, 0.0, 0.0, 0.0, 0.0, 0.0, 0.0, 0.0, 0.0, 0.0, 0.0, 0.0, 0.0, 0.0, 0.0, 0.0, 0.0, 0.0], [0.0, 0.0, 0.0, 0.0, 0.0, 0.9853108523270809, 0.0, 0.0, 0.0, 0.0, 0.0, 0.0, 0.0, 0.0, 0.0, 0.0, 0.0, 0.0, 0.0, 0.0, 0.0, 0.0, 0.0, 0.0], [0.0, 0.0, 0.0, 0.0, 0.0, 0.0, 0.982346414644568, 0.0, 0.0, 0.0, 0.0, 0.0, 0.0, 0.0, 0.0, 0.0, 0.0, 0.0, 0.0, 0.0, 0.0, 0.0, 0.0, 0.0], [0.0, 0.0, 0.0, 0.0, 0.0, 0.0, 0.9837549618313853, 0.0, 0.0, 0.0, 0.0, 0.0, 0.0, 0.0, 0.0, 0.0, 0.0, 0.0, 0.0, 0.0, 0.0, 0.0, 0.0, 0.0], [0.0, 0.0, 0.0, 0.0, 0.0, 0.0, 0.9856019992082243, 0.0, 0.0, 0.0, 0.0, 0.0, 0.0, 0.0, 0.0, 0.0, 0.0, 0.0, 0.0, 0.0, 0.0, 0.0, 0.0, 0.0], [0.0, 0.0, 0.0, 0.0, 0.0, 0.0, 0.0, 0.9019829578947683, 0.0, 0.0, 0.0, 0.0, 0.0, 0.0, 0.0, 0.0, 0.0, 0.0, 0.0, 0.0, 0.0, 0.0, 0.0, 0.0]], "Born radii": [], "Atomic SASAs": [], "Solvent H bonds": [], "Total SASA": NaN, "Total FOD": 0.0, "FOD": [0.0, 0.0, 0.0, 0.0, 0.0, 0.0, 0.0, 0.0, 0.0, 0.0, 0.0, 0.0, 0.0, 0.0, 0.0, 0.0, 0.0, 0.0, 0.0, 0.0, 0.0, 0.0, 0.0, 0.0], "FOD s proportion": [0.0, 0.0, 0.0, 0.0, 0.0, 0.0, 0.0, 0.0, 0.0, 0.0, 0.0, 0.0, 0.0, 0.0, 0.0, 0.0, 0.0, 0.0, 0.0, 0.0, 0.0, 0.0, 0.0, 0.0], "FOD p proportion": [0.0, 0.0, 0.0, 0.0, 0.0, 0.0, 0.0, 0.0, 0.0, 0.0, 0.0, 0.0, 0.0, 0.0, 0.0, 0.0, 0.0, 0.0, 0.0, 0.0, 0.0, 0.0, 0.0, 0.0], "FOD d proportion": [0.0, 0.0, 0.0, 0.0, 0.0, 0.0, 0.0, 0.0, 0.0, 0.0, 0.0, 0.0, 0.0, 0.0, 0.0, 0.0, 0.0, 0.0, 0.0, 0.0, 0.0, 0.0, 0.0, 0.0], "coordinates": [["1.75040", "-1.28990", "0.15180"], ["1.30260", "0.01330", "-0.50920"], ["2.49500", "0.97390", "-0.59490"], ["0.13620", "0.71120", "0.22780"], ["-1.19680", "-0.06130", "0.34770"], ["-2.26270", "0.86080", "0.95400"], ["-1.68680", "-0.60680", "-0.99480"], ["-1.02190", "-1.15300", "1.25150"], ["0.98570", "-2.06650", "0.06270"], ["1.97220", "-1.14180", "1.21390"], ["2.65430", "-1.67960", "-0.32930"], ["0.99520", "-0.20950", "-1.53780"], ["2.21300", "1.90080", "-1.10560"], ["2.86800", "1.23450", "0.40150"], ["3.31900", "0.52310", "-1.15820"], ["-0.06190", "1.66120", "-0.28730"], ["0.48060", "0.97010", "1.23890"], ["-3.20570", "0.32340", "1.10750"], ["-2.45980", "1.72660", "0.31330"], ["-1.94970", "1.22160", "1.94050"], ["-1.02050", "-1.38640", "-1.37830"], ["-2.66910", "-1.08150", "-0.88630"], ["-1.77110", "0.18660", "-1.74430"], ["-1.86630", "-1.63110", "1.31490"]], "bond_dist": [[0.0, 1.5283245990299315, 2.497354698475969, 2.5721234126689954, 3.1990346371991665, 4.623203103909669, 3.6872294490579236, 2.985586875306093, 1.0935321028666694, 1.0950731756371352, 1.0956087394686116, 2.142974418886049, 3.460580877540648, 2.771998414501711, 2.7319544212889055, 3.4908783006573008, 2.811010218764777, 5.29896467151839, 5.181808423706921, 4.816411522077406, 3.1667657112580967, 4.5445640516995685, 4.263356624773489, 3.8144118734085337], [1.5283245990299315, 0.0, 1.5335953214586957, 1.5461960968777537, 2.643263726910351, 3.945956738232187, 3.0914145192775426, 3.1406401306103184, 2.18015211854586, 2.179838016917771, 2.1737909996133484, 1.096427179524477, 2.1788018198083092, 2.1843033420292155, 2.1787533132504926, 2.150970541406832, 2.155691037695337, 4.799442654100578, 4.215157992294001, 4.2471725029718295, 2.8480323927230886, 4.137051164779087, 3.3170976153860767, 4.009154447012486], [2.497354698475969, 1.5335953214586957, 0.0, 2.5119283469080083, 3.948356751865262, 5.0047569481444345, 4.488427758135359, 4.505716611150772, 3.4575217150438835, 2.8321835692624164, 2.671513073147875, 2.1304684954253608, 1.0952087015724445, 1.0953786194736501, 1.0952184850521833, 2.6654711891146, 2.724085945780713, 5.984922430575019, 5.093272775927086, 5.12298414403168, 4.306213174007994, 5.56574450814983, 4.48782473588263, 5.427181471998149], [2.5721234126689954, 1.5461960968777537, 2.5119283469080083, 0.0, 1.5453223806054193, 2.5108699309203577, 2.5603132152141073, 2.421652109614426, 2.909385768508536, 2.7887090579692964, 3.516690583488971, 2.1686200335697357, 2.7397448713338255, 2.7868881965374928, 3.4765778360335897, 1.0986681118518002, 1.0990740557396483, 3.477435339441986, 2.7888283220736265, 2.7467850771401827, 2.8839968550606985, 3.5106552365619725, 2.793237702022511, 3.2677456984900157], [3.1990346371991665, 2.643263726910351, 3.948356751865262, 1.5453223806054193, 0.0, 1.5342786285417653, 1.5296981728432573, 1.4280242785050963, 2.9774751535487245, 3.4583729830658814, 4.231807545245885, 2.895157593292635, 4.19388284767231, 4.26668385517371, 4.796009571508381, 2.1582931357904096, 2.161410224830076, 2.181964559748852, 2.189278139022084, 2.179381256228474, 2.1831279623512683, 2.1751393817408573, 2.1835152621403866, 1.9616263991902232], [4.623203103909669, 3.945956738232187, 5.0047569481444345, 2.5108699309203577, 1.5342786285417653, 0.0, 2.5066575374390494, 2.3840053124940805, 4.462690168497025, 4.691730254394427, 5.681318513338255, 4.2389293152870575, 5.035418815749093, 5.173875764840126, 5.977524991164821, 2.6504691075354945, 2.760219083696075, 1.0961797343501658, 1.0949678260113398, 1.0960510435194157, 3.468802670951463, 2.7063618272507464, 2.824365254353622, 2.5489110184547443], [3.6872294490579236, 3.0914145192775426, 4.488427758135359, 2.5603132152141073, 1.5296981728432573, 2.5066575374390494, 0.0, 2.4054708769802224, 3.2235518593625887, 4.3073032967275475, 4.520944514147459, 2.7651076452825487, 4.637755323429643, 5.1074692774406385, 5.134336102165498, 2.878312050490704, 3.489076104071105, 2.755357425090255, 2.784494598665977, 3.4681622020891694, 1.0948991277738787, 1.0963692945353767, 1.0946873069511676, 2.533007072631263], [2.985586875306093, 3.1406401306103184, 4.505716611150772, 2.421652109614426, 1.4280242785050963, 2.3840053124940805, 2.4054708769802224, 0.0, 2.50563074893329, 2.994357027810812, 4.036171780288842, 3.569184661796024, 5.034500259211434, 4.6426262244552925, 5.240169664237981, 3.348018381072601, 2.601003387156579, 2.6399764014096796, 3.352591804857848, 2.6408822389497035, 2.640137413090463, 2.699734974029858, 3.3661025593406984, 0.9724250768054061], [1.0935321028666694, 2.18015211854586, 3.4575217150438835, 2.909385768508536, 2.9774751535487245, 4.462690168497025, 3.2235518593625887, 2.50563074893329, 0.0, 1.775813554402601, 1.757151550094641, 2.4515585858796034, 4.314007356275601, 3.81502814275334, 3.6933607811856124, 3.8878931376775263, 3.295377369892559, 4.936705683955648, 5.130485183683898, 4.7910653940433745, 2.562002234581383, 3.90235685708009, 3.992700195356521, 3.14507265416874], [1.0950731756371352, 2.179838016917771, 2.8321835692624164, 2.7887090579692964, 3.4583729830658814, 4.691730254394427, 4.3073032967275475, 2.994357027810812, 1.775813554402601, 0.0, 1.7708629224194625, 3.065218618630652, 3.8334683577668933, 2.666318264948879, 3.1957191146907764, 3.774648758493961, 2.5856560424774213, 5.382265360422133, 5.355503983753537, 4.636259993788096, 3.9668102160300034, 5.094717050043113, 4.95256385016892, 3.870878161347887], [1.0956087394686116, 2.1737909996133484, 2.671513073147875, 3.516690583488971, 4.231807545245885, 5.681318513338255, 4.520944514147459, 4.036171780288842, 1.757151550094641, 1.7708629224194625, 0.0, 2.5247334651404296, 3.690074733660553, 3.0119288072595602, 2.445565086028176, 4.305862408391611, 3.768969755782076, 6.357358196609658, 6.178118808342877, 5.896250459402145, 3.8328217125245994, 5.385773869185374, 5.00690449279792, 4.81056859944851], [2.142974418886049, 1.096427179524477, 2.1304684954253608, 2.1686200335697357, 2.895157593292635, 4.2389293152870575, 2.7651076452825487, 3.569184661796024, 2.4515585858796034, 3.065218618630652, 2.5247334651404296, 0.0, 2.4745100060416, 3.058332933151654, 2.4659370146051987, 2.4861072281782217, 3.060446406980524, 4.992910504905931, 4.371736430756091, 4.776929359954991, 2.3395684110536283, 3.822555524776586, 2.8021336781103074, 4.283342865099641], [3.460580877540648, 2.1788018198083092, 1.0952087015724445, 2.7397448713338255, 4.19388284767231, 5.035418815749093, 4.637755323429643, 5.034500259211434, 4.314007356275601, 3.8334683577668933, 3.690074733660553, 2.4745100060416, 0.0, 1.7732261841062464, 1.7675010749643123, 2.4294429526128, 3.0600804727980604, 6.062038605947673, 4.886581902516318, 5.202702099870797, 4.6190444228216725, 5.725129360110564, 4.3840018407842845, 5.913867292220886], [2.771998414501711, 2.1843033420292155, 1.0953786194736501, 2.7868881965374928, 4.26668385517371, 5.173875764840126, 5.1074692774406385, 4.6426262244552925, 3.81502814275334, 2.666318264948879, 3.0119288072595602, 3.058332933151654, 1.7732261841062464, 0.0, 1.7726124929041878, 3.039873737509504, 2.5437816101230073, 6.1821008484171465, 5.351204956829816, 5.057560746051401, 5.015699063939143, 6.138547161177471, 5.217643228508442, 5.608882188992741], [2.7319544212889055, 2.1787533132504926, 1.0952184850521833, 3.4765778360335897, 4.796009571508381, 5.977524991164821, 5.134336102165498, 5.240169664237981, 3.6933607811856124, 3.1957191146907764, 2.445565086028176, 2.4659370146051987, 1.7675010749643123, 1.7726124929041878, 0.0, 3.672087040090417, 3.7419796859416543, 6.909774719193094, 6.083440962152917, 6.152157640210465, 4.746145226391624, 6.205321295468914, 5.13477005035279, 6.135481834379432], [3.4908783006573008, 2.150970541406832, 2.6654711891146, 1.0986681118518002, 2.1582931357904096, 2.6504691075354945, 2.878312050490704, 3.348018381072601, 3.8878931376775263, 3.774648758493961, 4.305862408391611, 2.4861072281782217, 2.4294429526128, 3.039873737509504, 3.672087040090417, 0.0, 1.7610258090101913, 3.690346097590306, 2.472836818312118, 2.9529865966509226, 3.375953305364279, 3.831278654705241, 2.6867561854399815, 4.081928893305222], [2.811010218764777, 2.155691037695337, 2.724085945780713, 1.0990740557396483, 2.161410224830076, 2.760219083696075, 3.489076104071105, 2.601003387156579, 3.295377369892559, 2.5856560424774213, 3.768969755782076, 3.060446406980524, 3.0600804727980604, 2.5437816101230073, 3.7419796859416543, 1.7610258090101913, 0.0, 3.7449024740305323, 3.1741108629031847, 2.542017486171171, 3.8283324437671293, 4.31811853589037, 3.818835867119717, 3.5042769653667505], [5.29896467151839, 4.799442654100578, 5.984922430575019, 3.477435339441986, 2.181964559748852, 1.0961797343501658, 2.755357425090255, 2.6399764014096796, 4.936705683955648, 5.382265360422133, 6.357358196609658, 4.992910504905931, 6.062038605947673, 6.1821008484171465, 6.909774719193094, 3.690346097590306, 3.7449024740305323, 0.0, 1.7765389638282636, 1.7544766285134723, 3.725280757204751, 2.4973830322960073, 3.195239371314769, 2.378461134851692], [5.181808423706921, 4.215157992294001, 5.093272775927086, 2.7888283220736265, 2.189278139022084, 1.0949678260113398, 2.784494598665977, 3.352591804857848, 5.130485183683898, 5.355503983753537, 6.178118808342877, 4.371736430756091, 4.886581902516318, 5.351204956829816, 6.083440962152917, 2.472836818312118, 3.1741108629031847, 1.7765389638282636, 0.0, 1.778484425009114, 3.824116113561407, 3.0607633459645323, 2.660756555944192, 3.5538140215830087], [4.816411522077406, 4.2471725029718295, 5.12298414403168, 2.7467850771401827, 2.179381256228474, 1.0960510435194157, 3.4681622020891694, 2.6408822389497035, 4.7910653940433745, 4.636259993788096, 5.896250459402145, 4.776929359954991, 5.202702099870797, 5.057560746051401, 6.152157640210465, 2.9529865966509226, 2.542017486171171, 1.7544766285134723, 1.778484425009114, 0.0, 4.321979879638497, 3.716531206649555, 3.8315628665076082, 2.921682427985629], [3.1667657112580967, 2.8480323927230886, 4.306213174007994, 2.8839968550606985, 2.1831279623512683, 3.468802670951463, 1.0948991277738787, 2.640137413090463, 2.562002234581383, 3.9668102160300034, 3.8328217125245994, 2.3395684110536283, 4.6190444228216725, 5.015699063939143, 4.746145226391624, 3.375953305364279, 3.8283324437671293, 3.725280757204751, 3.824116113561407, 4.321979879638497, 0.0, 1.7472578430214585, 1.7809226148263715, 2.833475246053863], [4.5445640516995685, 4.137051164779087, 5.56574450814983, 3.5106552365619725, 2.1751393817408573, 2.7063618272507464, 1.0963692945353767, 2.699734974029858, 3.90235685708009, 5.094717050043113, 5.385773869185374, 3.822555524776586, 5.725129360110564, 6.138547161177471, 6.205321295468914, 3.831278654705241, 4.31811853589037, 2.4973830322960073, 3.0607633459645323, 3.716531206649555, 1.7472578430214585, 0.0, 1.7750058056243083, 2.406621997738739], [4.263356624773489, 3.3170976153860767, 4.48782473588263, 2.793237702022511, 2.1835152621403866, 2.824365254353622, 1.0946873069511676, 3.3661025593406984, 3.992700195356521, 4.95256385016892, 5.00690449279792, 2.8021336781103074, 4.3840018407842845, 5.217643228508442, 5.13477005035279, 2.6867561854399815, 3.818835867119717, 3.195239371314769, 2.660756555944192, 3.8315628665076082, 1.7809226148263715, 1.7750058056243083, 0.0, 3.5597473182797676], [3.8144118734085337, 4.009154447012486, 5.427181471998149, 3.2677456984900157, 1.9616263991902232, 2.5489110184547443, 2.533007072631263, 0.9724250768054061, 3.14507265416874, 3.870878161347887, 4.81056859944851, 4.283342865099641, 5.913867292220886, 5.608882188992741, 6.135481834379432, 4.081928893305222, 3.5042769653667505, 2.378461134851692, 3.5538140215830087, 2.921682427985629, 2.833475246053863, 2.406621997738739, 3.5597473182797676, 0.0]]}