{"total energy": -60.36987098, "HOMO-LUMO gap/eV": 2.3354901, "electronic energy": -61.0438026, "dipole": [-0.91267761, -2.52009904, 0.2786031], "partial charges": [-0.11302843, 0.09479068, -0.28618068, 0.52991191, -0.39296052, -0.27699237, 0.09758816, -0.11261191, -0.25002049, 0.2536379, -0.08360669, 0.12214163, -0.12030925, -0.25759793, 0.18849927, -0.28188085, -0.01457114, -0.10076113, -0.10337244, 0.06200713, 0.05706902, 0.05202242, 0.05675482, 0.04086657, 0.04191287, 0.03959357, 0.05828001, 0.0612388, 0.05127738, 0.06104209, 0.06233754, 0.07168872, 0.06504142, 0.05931496, 0.03125577, 0.04631888, 0.05063095, 0.04187071, 0.04562257, 0.05117806], "atomic dipole moments": [[0.1330285, 0.06354689, 0.01919758], [0.13638826, -0.21564399, -0.11846345], [0.03101693, 0.13915492, 0.13648153], [-0.11078171, -0.29722959, 0.01810301], [-0.15826655, -0.48280451, 0.0927926], [-0.09265668, -0.13610119, -0.12237357], [0.15287478, 0.22661376, -0.02125336], [-0.06541002, 0.04376584, -0.12475055], [0.09217362, 0.06136362, 0.11149428], [-0.23560277, 0.13189858, 0.02294411], [-0.02066351, 0.02986117, 0.03070331], [0.01835785, -0.00264687, 0.00227596], [-0.0596048, 0.06083036, 0.05539116], [-0.26049611, 0.08720957, -0.04372013], [-0.04510818, 0.01557258, -0.02278621], [0.08133915, -0.15471371, -0.19958999], [0.04960951, -0.07298309, -0.06701531], [-0.03519884, 0.09976397, -0.06886524], [-0.11264723, -0.05458734, 0.03517588], [-0.03142763, -0.02185857, -0.12311634], [-0.08880104, 0.07662112, 0.05356972], [-0.00745106, -0.11491769, 0.05284027], [0.0094774, 0.10579424, -0.06239306], [0.03468733, 0.00929563, 0.11630321], [-0.1156113, 0.02204764, 0.01460057], [0.0209797, -0.07311283, -0.09533513], [0.12809062, -0.01278653, -0.0121849], [-0.01278798, 0.08169538, 0.09855039], [-0.0501263, -0.11260665, 0.03203991], [-0.08475285, -0.04257212, -0.12529485], [-0.06600502, -0.11539091, -0.00822972], [0.12276165, -0.0303991, 0.03641897], [0.00999171, 0.05954281, -0.11970635], [-0.06728456, 0.08126343, 0.06980737], [-0.104862, -0.06040924, 0.03619811], [0.06002459, 0.03241449, 0.10576168], [0.07328945, -0.089446, -0.05672521], [-0.02401477, 0.10299184, -0.07417199], [0.06445523, 0.04244224, 0.09923365], [0.08260559, -0.0723627, -0.06703979]], "atomic quadrupole moments": [[0.22338, 0.14358203, -0.07413241, 0.02622192, 0.01222806, -0.1492476], [0.25315173, -0.22222958, -0.00830521, -0.19352904, 0.23846881, -0.24484652], [0.07052596, -0.05233735, -0.01214662, -0.00095088, 0.07302482, -0.05837933], [0.31685061, -0.76926731, -0.48241422, -0.27660743, 0.17449017, 0.16556361], [-0.2170192, 0.36613311, 0.52702939, -0.05749183, -0.15046995, -0.3100102], [-0.06438457, 0.08005024, 0.04721455, 0.00946162, -0.05415675, 0.01717002], [-0.17597974, 0.26079202, 0.27501187, 0.03172215, -0.25975786, -0.09903212], [-0.07633142, -0.05457598, -0.0740621, 0.14432, -0.14296903, 0.15039352], [0.028582, -0.04870582, -0.00538594, -0.00267112, 0.05368551, -0.02319607], [0.21120061, 0.01630319, 0.0916868, -0.04683638, -0.37253328, -0.30288741], [-0.14047104, 0.14068616, 0.20753889, -0.17124509, -0.24514558, -0.06706785], [-0.25630425, 0.20566917, 0.26513991, -0.20069288, -0.23573412, -0.00883566], [-0.05084384, -0.08508075, 0.00192645, -0.07967138, 0.15161251, 0.04891739], [-0.10909066, 0.12939795, 0.12363823, -0.07083562, -0.15754873, -0.01454757], [-0.18125036, 0.27040759, 0.21083851, -0.0675704, -0.33168629, -0.02958815], [-0.07829027, 0.12623341, 0.10158113, -0.03124182, -0.1530137, -0.02329086], [0.02281035, 0.09391473, -0.03053687, 0.0960107, -0.10271745, 0.00772652], [-0.09791063, -0.05110028, 0.10662657, 0.04434747, -0.17454462, -0.00871593], [0.14137826, 0.14956146, -0.04559121, -0.08138132, -0.05233588, -0.09578706], [-0.0348868, 0.01323543, -0.04157895, 0.01857472, 0.00397002, 0.07646575], [0.01424968, -0.04873378, 0.01169182, -0.03493685, 0.04072572, -0.0259415], [-0.0363223, 0.00221429, 0.04947833, 0.01152329, -0.05613804, -0.01315603], [-0.00347653, -0.01344464, 0.02049477, -0.01435684, -0.02851914, -0.01701824], [0.00369514, -0.01852247, -0.03508233, 0.00182665, 0.01066324, 0.03138719], [0.03536337, -0.00830211, -0.00633931, -0.01960165, -0.01966052, -0.02902406], [-0.03692867, 0.0012966, 0.02270396, -0.02151188, 0.00899345, 0.01422471], [0.06971684, -0.01611878, -0.04865883, -0.02366986, 0.00242861, -0.02105802], [-0.03382173, -0.0265044, 0.01146824, -0.01050634, 0.05727561, 0.02235349], [-0.02123945, 0.05391603, 0.05639475, -0.00405398, -0.02639292, -0.0351553], [0.01778049, -0.01933064, -0.02565545, 0.01891152, 0.03031741, 0.00787496], [0.01186245, 0.05423532, 0.03929007, -0.00037827, 0.01261991, -0.05115253], [0.06207415, -0.02572701, -0.03922371, 0.03725668, 0.00216388, -0.02285044], [-0.0367654, -0.01471546, -0.01525831, -0.00022679, -0.05202488, 0.0520237], [0.00085641, -0.01700015, 0.00380486, -0.01520748, 0.01476624, -0.00466127], [0.05912501, 0.03931107, -0.01843078, -0.02112498, -0.01965383, -0.04069424], [-0.02242376, 0.02158636, -0.01133001, 0.05276673, 0.03406582, 0.03375377], [-0.00642712, -0.04365607, 0.00241597, -0.04257193, 0.03418987, 0.00401116], [-0.01712106, -0.02622037, 0.02599204, 0.01907609, -0.05696103, -0.00887098], [-0.01479468, 0.02241187, -0.04125756, 0.03853043, 0.02940612, 0.05605224], [-0.00485856, -0.03794241, 0.0216141, -0.03588829, 0.0433453, -0.01675553]], "number of molecular orbitals": 107, "number of electrons": 108, "number of unpaired electrons": 0, "orbital energies/eV": [-20.621415, -20.12879369, -19.729767, -19.10915108, -18.73853231, -18.32208895, -18.0735324, -17.97983094, -17.81103473, -17.49917856, -17.16947004, -17.05344775, -16.83861642, -16.6188124, -16.53086351, -16.44495426, -16.20430198, -16.12487457, -15.98136845, -15.74530013, -15.58310947, -15.41260572, -15.21209075, -15.06164525, -14.84503378, -14.66218686, -14.58711208, -14.28582047, -14.13737764, -14.10295064, -13.74081697, -13.61742899, -13.55043639, -13.44661523, -13.35196648, -13.21743472, -13.17429901, -13.10127041, -13.01654627, -12.95170181, -12.73966331, -12.61738844, -12.49958059, -12.29683616, -12.22693, -12.16748179, -12.13671918, -11.98567259, -11.73286572, -11.67880992, -11.24702839, -10.41657945, -9.76938569, -9.69480883, -7.35931873, -7.10067829, -4.71130996, -4.09245157, -3.66942384, -3.01760293, -1.33791105, 0.99108949, 1.04901015, 1.28685513, 1.4178866, 1.73471955, 1.95283673, 2.0338162, 2.43293051, 2.79933379, 2.91800674, 3.06807552, 3.21157686, 3.31008367, 3.55514538, 3.60262751, 3.7748776, 3.92181717, 4.05838985, 4.16084943, 4.32398768, 4.34478345, 4.39060754, 4.60161839, 5.16671113, 5.1959387, 5.5021007, 5.81783611, 5.84611927, 6.01715367, 6.23974425, 6.50670135, 6.63256158, 6.70458345, 6.77433046, 6.92193464, 7.04670195, 7.75809199, 10.51305748, 10.99952875, 11.21786568, 11.86369742, 14.79890494, 16.20093685, 26.63423821, 28.5043059, 37.40666577], "fractional occupation": [2.0, 2.0, 2.0, 2.0, 2.0, 2.0, 2.0, 2.0, 2.0, 2.0, 2.0, 2.0, 2.0, 2.0, 2.0, 2.0, 2.0, 2.0, 2.0, 2.0, 2.0, 2.0, 2.0, 2.0, 2.0, 2.0, 2.0, 2.0, 2.0, 2.0, 2.0, 2.0, 2.0, 2.0, 2.0, 2.0, 2.0, 2.0, 2.0, 2.0, 2.0, 2.0, 2.0, 2.0, 2.0, 2.0, 2.0, 2.0, 2.0, 2.0, 2.0, 2.0, 2.0, 2.0, 0.0, 0.0, 0.0, 0.0, 0.0, 0.0, 0.0, 0.0, 0.0, 0.0, 0.0, 0.0, 0.0, 0.0, 0.0, 0.0, 0.0, 0.0, 0.0, 0.0, 0.0, 0.0, 0.0, 0.0, 0.0, 0.0, 0.0, 0.0, 0.0, 0.0, 0.0, 0.0, 0.0, 0.0, 0.0, 0.0, 0.0, 0.0, 0.0, 0.0, 0.0, 0.0, 0.0, 0.0, 0.0, 0.0, 0.0, 0.0, 0.0, 0.0, 0.0, 0.0, 0.0], "program call": "xtb /home/svss/Project-DBcg-Debug/aqme2_20220329/End-to-End-workflows-final/example-3/QDESCP/mol_19_rdkit_conf_8/mol_19_rdkit_conf_8.xyz --pop --wbo --acc 0.2 --gfn 2 --chrg 0 --uhf 0 --etemp 300 --input /home/svss/Project-DBcg-Debug/aqme2_20220329/End-to-End-workflows-final/example-3/QDESCP/mol_19_rdkit_conf_8/mol_19_rdkit_conf_8_xtb.inp", "method": "GFN2-xTB", "xtb version": "6.3.3 (7355c4f)", "Dipole module/D": 6.849, "Total charge": 0, "Transition dipole module/D": NaN, "HOMO": -9.6948, "LUMO": -7.3593, "HOMO occupancy": 2.0, "LUMO occupancy": 0, "mulliken charges": [-0.09595, 0.21031, -0.37353, 0.45058, -0.17845, -0.3694, 0.21247, -0.09709, -0.33186, 0.41574, -0.11301, 0.19936, -0.09772, -0.37758, 0.31111, -0.3638, -0.00903, -0.08244, -0.0829, 0.04392, 0.03187, 0.03768, 0.02821, 0.03107, 0.02425, 0.03548, 0.04239, 0.04063, 0.02904, 0.05947, 0.04392, 0.04847, 0.04551, 0.03725, 0.03033, 0.0308, 0.03385, 0.03518, 0.03028, 0.03361], "cm5 charges": [-0.24254, 0.13212, -0.435, 0.41681, -0.14645, -0.43049, 0.1349, -0.24343, -0.37029, 0.51952, -0.14987, 0.26103, -0.23518, -0.55768, 0.45181, -0.54232, -0.06576, -0.22749, -0.22788, 0.09723, 0.08309, 0.09115, 0.09243, 0.09855, 0.09007, 0.10568, 0.09674, 0.09402, 0.08031, 0.1202, 0.09641, 0.10385, 0.09799, 0.10064, 0.08277, 0.08228, 0.08776, 0.08757, 0.08176, 0.0877], "FUKUI+": [0.006, 0.006, -0.008, -0.058, -0.076, 0.004, 0.008, 0.006, -0.028, -0.064, -0.027, -0.078, 0.029, -0.106, -0.037, -0.108, 0.001, 0.013, 0.014, -0.009, -0.017, -0.006, -0.01, -0.008, -0.023, 0.006, 0.01, -0.016, -0.018, -0.079, -0.058, -0.048, -0.058, -0.031, -0.015, -0.037, -0.016, -0.013, -0.037, -0.016], "FUKUI-": [0.008, 0.012, -0.006, -0.132, -0.34, 0.008, 0.01, 0.008, -0.003, 0.003, -0.015, -0.013, 0.01, -0.1, -0.004, -0.051, -0.0, 0.01, 0.01, -0.016, -0.024, -0.014, -0.008, -0.01, -0.022, -0.008, -0.002, -0.015, -0.025, -0.041, -0.036, -0.026, -0.034, -0.02, -0.014, -0.027, -0.018, -0.009, -0.028, -0.019], "FUKUIrad": [0.007, 0.009, -0.007, -0.095, -0.208, 0.006, 0.009, 0.007, -0.016, -0.03, -0.021, -0.046, 0.019, -0.103, -0.021, -0.079, 0.0, 0.012, 0.012, -0.012, -0.021, -0.01, -0.009, -0.009, -0.022, -0.001, 0.004, -0.016, -0.021, -0.06, -0.047, -0.037, -0.046, -0.026, -0.014, -0.032, -0.017, -0.011, -0.032, -0.018], "s proportion": [1.012, 0.993, 1.644, 1.434, 1.89, 1.645, 0.992, 1.012, 1.638, 0.991, 1.056, 1.058, 1.011, 1.553, 1.037, 1.545, 1.052, 1.012, 1.011, 0.956, 0.968, 0.962, 0.972, 0.969, 0.976, 0.965, 0.958, 0.959, 0.971, 0.941, 0.956, 0.952, 0.954, 0.963, 0.97, 0.969, 0.966, 0.965, 0.97, 0.966], "p proportion": [3.084, 2.796, 4.73, 1.928, 4.302, 4.724, 2.796, 3.085, 4.694, 2.593, 3.057, 2.743, 3.087, 3.824, 2.651, 3.819, 2.957, 3.071, 3.071, 0.0, 0.0, 0.0, 0.0, 0.0, 0.0, 0.0, 0.0, 0.0, 0.0, 0.0, 0.0, 0.0, 0.0, 0.0, 0.0, 0.0, 0.0, 0.0, 0.0, 0.0], "d proportion": [0.0, 0.0, 0.0, 1.187, -0.014, 0.0, 0.0, 0.0, 0.0, 0.0, 0.0, 0.0, 0.0, 0.0, 0.0, 0.0, 0.0, 0.0, 0.0, 0.0, 0.0, 0.0, 0.0, 0.0, 0.0, 0.0, 0.0, 0.0, 0.0, 0.0, 0.0, 0.0, 0.0, 0.0, 0.0, 0.0, 0.0, 0.0, 0.0, 0.0], "Fermi-level/eV": -8.5271, "Coordination numbers": [3.749, 3.91, 1.657, 4.075, 0.924, 1.658, 3.898, 3.749, 1.663, 3.104, 2.906, 2.959, 3.757, 1.837, 2.927, 1.851, 3.855, 3.753, 3.753, 0.924, 0.924, 0.924, 0.924, 0.924, 0.924, 0.924, 0.924, 0.924, 0.924, 0.926, 0.924, 0.924, 0.924, 0.924, 0.924, 0.924, 0.924, 0.924, 0.924, 0.924], "Dispersion coefficient C6": [22.729, 18.962, 18.769, 138.79, 156.292, 18.612, 18.922, 22.721, 18.156, 22.642, 30.092, 25.316, 22.859, 27.551, 23.981, 28.161, 20.798, 22.483, 22.534, 2.176, 2.234, 2.295, 2.237, 2.437, 2.424, 2.454, 2.219, 2.185, 2.304, 2.187, 2.172, 2.067, 2.141, 2.207, 2.569, 2.367, 2.312, 2.424, 2.375, 2.305], "Total dispersion C6": 18565.750126, "Total dispersion C8": 487468.292924, "Polarizability alpha": [6.8, 6.189, 5.848, 21.163, 21.145, 5.824, 6.184, 6.798, 5.752, 7.797, 8.995, 8.253, 6.817, 7.778, 8.031, 7.865, 6.486, 6.762, 6.769, 2.307, 2.337, 2.369, 2.339, 2.442, 2.435, 2.45, 2.33, 2.311, 2.374, 2.312, 2.305, 2.248, 2.288, 2.323, 2.506, 2.406, 2.378, 2.435, 2.41, 2.374], "Total polarizability alpha": 210.936626, "Wiberg matrix": [[0.0, 1.0155586644278243, 0.0, 0.0, 0.0, 0.0, 0.0, 0.0, 0.0, 0.0, 0.0, 0.0, 0.0, 0.0, 0.0, 0.0, 0.0, 0.0, 0.0, 0.9841951162711756, 0.9817357135857173, 0.9849497613258659, 0.0, 0.0, 0.0, 0.0, 0.0, 0.0, 0.0, 0.0, 0.0, 0.0, 0.0, 0.0, 0.0, 0.0, 0.0, 0.0, 0.0, 0.0], [1.0155586644278243, 0.0, 0.9238634185679842, 0.0, 0.0, 0.0, 0.0, 0.0, 0.0, 0.0, 0.0, 0.0, 0.0, 0.0, 0.0, 0.0, 0.0, 0.0, 0.0, 0.0, 0.0, 0.0, 0.9707847109755084, 0.9690029038847837, 0.0, 0.0, 0.0, 0.0, 0.0, 0.0, 0.0, 0.0, 0.0, 0.0, 0.0, 0.0, 0.0, 0.0, 0.0, 0.0], [0.0, 0.9238634185679842, 0.0, 1.1990584238735231, 0.0, 0.0, 0.0, 0.0, 0.0, 0.0, 0.0, 0.0, 0.0, 0.0, 0.0, 0.0, 0.0, 0.0, 0.0, 0.0, 0.0, 0.0, 0.0, 0.0, 0.0, 0.0, 0.0, 0.0, 0.0, 0.0, 0.0, 0.0, 0.0, 0.0, 0.0, 0.0, 0.0, 0.0, 0.0, 0.0], [0.0, 0.0, 1.1990584238735231, 0.0, 1.5920031366827625, 1.2042283629805575, 0.0, 0.0, 1.151158856965104, 0.0, 0.0, 0.0, 0.0, 0.0, 0.0, 0.0, 0.0, 0.0, 0.0, 0.0, 0.0, 0.0, 0.0, 0.0, 0.0, 0.0, 0.0, 0.0, 0.0, 0.0, 0.0, 0.0, 0.0, 0.0, 0.0, 0.0, 0.0, 0.0, 0.0, 0.0], [0.0, 0.0, 0.0, 1.5920031366827625, 0.0, 0.0, 0.0, 0.0, 0.0, 0.0, 0.0, 0.0, 0.0, 0.0, 0.0, 0.0, 0.0, 0.0, 0.0, 0.0, 0.0, 0.0, 0.0, 0.0, 0.0, 0.0, 0.0, 0.0, 0.0, 0.0, 0.0, 0.0, 0.0, 0.0, 0.0, 0.0, 0.0, 0.0, 0.0, 0.0], [0.0, 0.0, 0.0, 1.2042283629805575, 0.0, 0.0, 0.9226624490731569, 0.0, 0.0, 0.0, 0.0, 0.0, 0.0, 0.0, 0.0, 0.0, 0.0, 0.0, 0.0, 0.0, 0.0, 0.0, 0.0, 0.0, 0.0, 0.0, 0.0, 0.0, 0.0, 0.0, 0.0, 0.0, 0.0, 0.0, 0.0, 0.0, 0.0, 0.0, 0.0, 0.0], [0.0, 0.0, 0.0, 0.0, 0.0, 0.9226624490731569, 0.0, 1.0155298951645217, 0.0, 0.0, 0.0, 0.0, 0.0, 0.0, 0.0, 0.0, 0.0, 0.0, 0.0, 0.0, 0.0, 0.0, 0.0, 0.0, 0.9706306786213893, 0.9670931832496446, 0.0, 0.0, 0.0, 0.0, 0.0, 0.0, 0.0, 0.0, 0.0, 0.0, 0.0, 0.0, 0.0, 0.0], [0.0, 0.0, 0.0, 0.0, 0.0, 0.0, 1.0155298951645217, 0.0, 0.0, 0.0, 0.0, 0.0, 0.0, 0.0, 0.0, 0.0, 0.0, 0.0, 0.0, 0.0, 0.0, 0.0, 0.0, 0.0, 0.0, 0.0, 0.9842991058334302, 0.9843938493187501, 0.982267859940368, 0.0, 0.0, 0.0, 0.0, 0.0, 0.0, 0.0, 0.0, 0.0, 0.0, 0.0], [0.0, 0.0, 0.0, 1.151158856965104, 0.0, 0.0, 0.0, 0.0, 0.0, 0.9972907383305477, 0.0, 0.0, 0.0, 0.0, 0.0, 0.0, 0.0, 0.0, 0.0, 0.0, 0.0, 0.0, 0.0, 0.0, 0.0, 0.0, 0.0, 0.0, 0.0, 0.0, 0.0, 0.0, 0.0, 0.0, 0.0, 0.0, 0.0, 0.0, 0.0, 0.0], [0.0, 0.0, 0.0, 0.0, 0.0, 0.0, 0.0, 0.0, 0.9972907383305477, 0.0, 1.3775193825285599, 0.0, 0.0, 0.0, 0.0, 1.3727606354255335, 0.0, 0.0, 0.0, 0.0, 0.0, 0.0, 0.0, 0.0, 0.0, 0.0, 0.0, 0.0, 0.0, 0.0, 0.0, 0.0, 0.0, 0.0, 0.0, 0.0, 0.0, 0.0, 0.0, 0.0], [0.0, 0.0, 0.0, 0.0, 0.0, 0.0, 0.0, 0.0, 0.0, 1.3775193825285599, 0.0, 1.4049807128265894, 0.0, 0.0, 0.10052581381994331, 0.0, 0.0, 0.0, 0.0, 0.0, 0.0, 0.0, 0.0, 0.0, 0.0, 0.0, 0.0, 0.0, 0.0, 0.9626560932152243, 0.0, 0.0, 0.0, 0.0, 0.0, 0.0, 0.0, 0.0, 0.0, 0.0], [0.0, 0.0, 0.0, 0.0, 0.0, 0.0, 0.0, 0.0, 0.0, 0.0, 1.4049807128265894, 0.0, 1.0277756274663274, 1.3881773072210468, 0.0, 0.0, 0.0, 0.0, 0.0, 0.0, 0.0, 0.0, 0.0, 0.0, 0.0, 0.0, 0.0, 0.0, 0.0, 0.0, 0.0, 0.0, 0.0, 0.0, 0.0, 0.0, 0.0, 0.0, 0.0, 0.0], [0.0, 0.0, 0.0, 0.0, 0.0, 0.0, 0.0, 0.0, 0.0, 0.0, 0.0, 1.0277756274663274, 0.0, 0.0, 0.0, 0.0, 0.0, 0.0, 0.0, 0.0, 0.0, 0.0, 0.0, 0.0, 0.0, 0.0, 0.0, 0.0, 0.0, 0.0, 0.9654164734056908, 0.9829250781389094, 0.9648673642273697, 0.0, 0.0, 0.0, 0.0, 0.0, 0.0, 0.0], [0.0, 0.0, 0.0, 0.0, 0.0, 0.0, 0.0, 0.0, 0.0, 0.0, 0.0, 1.3881773072210468, 0.0, 0.0, 1.40287551980009, 0.0, 0.0, 0.0, 0.0, 0.0, 0.0, 0.0, 0.0, 0.0, 0.0, 0.0, 0.0, 0.0, 0.0, 0.0, 0.0, 0.0, 0.0, 0.0, 0.0, 0.0, 0.0, 0.0, 0.0, 0.0], [0.0, 0.0, 0.0, 0.0, 0.0, 0.0, 0.0, 0.0, 0.0, 0.0, 0.10052581381994331, 0.0, 0.0, 1.40287551980009, 0.0, 1.3772740482209649, 0.9953854123803385, 0.0, 0.0, 0.0, 0.0, 0.0, 0.0, 0.0, 0.0, 0.0, 0.0, 0.0, 0.0, 0.0, 0.0, 0.0, 0.0, 0.0, 0.0, 0.0, 0.0, 0.0, 0.0, 0.0], [0.0, 0.0, 0.0, 0.0, 0.0, 0.0, 0.0, 0.0, 0.0, 1.3727606354255335, 0.0, 0.0, 0.0, 0.0, 1.3772740482209649, 0.0, 0.0, 0.0, 0.0, 0.0, 0.0, 0.0, 0.0, 0.0, 0.0, 0.0, 0.0, 0.0, 0.0, 0.0, 0.0, 0.0, 0.0, 0.0, 0.0, 0.0, 0.0, 0.0, 0.0, 0.0], [0.0, 0.0, 0.0, 0.0, 0.0, 0.0, 0.0, 0.0, 0.0, 0.0, 0.0, 0.0, 0.0, 0.0, 0.9953854123803385, 0.0, 0.0, 0.9904664368171174, 0.9921589993621656, 0.0, 0.0, 0.0, 0.0, 0.0, 0.0, 0.0, 0.0, 0.0, 0.0, 0.0, 0.0, 0.0, 0.0, 0.9650930500119299, 0.0, 0.0, 0.0, 0.0, 0.0, 0.0], [0.0, 0.0, 0.0, 0.0, 0.0, 0.0, 0.0, 0.0, 0.0, 0.0, 0.0, 0.0, 0.0, 0.0, 0.0, 0.0, 0.9904664368171174, 0.0, 0.0, 0.0, 0.0, 0.0, 0.0, 0.0, 0.0, 0.0, 0.0, 0.0, 0.0, 0.0, 0.0, 0.0, 0.0, 0.0, 0.9871227240605619, 0.9837028553256828, 0.985364120286883, 0.0, 0.0, 0.0], [0.0, 0.0, 0.0, 0.0, 0.0, 0.0, 0.0, 0.0, 0.0, 0.0, 0.0, 0.0, 0.0, 0.0, 0.0, 0.0, 0.9921589993621656, 0.0, 0.0, 0.0, 0.0, 0.0, 0.0, 0.0, 0.0, 0.0, 0.0, 0.0, 0.0, 0.0, 0.0, 0.0, 0.0, 0.0, 0.0, 0.0, 0.0, 0.986660737424391, 0.9838350773491972, 0.9853155150309697], [0.9841951162711756, 0.0, 0.0, 0.0, 0.0, 0.0, 0.0, 0.0, 0.0, 0.0, 0.0, 0.0, 0.0, 0.0, 0.0, 0.0, 0.0, 0.0, 0.0, 0.0, 0.0, 0.0, 0.0, 0.0, 0.0, 0.0, 0.0, 0.0, 0.0, 0.0, 0.0, 0.0, 0.0, 0.0, 0.0, 0.0, 0.0, 0.0, 0.0, 0.0], [0.9817357135857173, 0.0, 0.0, 0.0, 0.0, 0.0, 0.0, 0.0, 0.0, 0.0, 0.0, 0.0, 0.0, 0.0, 0.0, 0.0, 0.0, 0.0, 0.0, 0.0, 0.0, 0.0, 0.0, 0.0, 0.0, 0.0, 0.0, 0.0, 0.0, 0.0, 0.0, 0.0, 0.0, 0.0, 0.0, 0.0, 0.0, 0.0, 0.0, 0.0], [0.9849497613258659, 0.0, 0.0, 0.0, 0.0, 0.0, 0.0, 0.0, 0.0, 0.0, 0.0, 0.0, 0.0, 0.0, 0.0, 0.0, 0.0, 0.0, 0.0, 0.0, 0.0, 0.0, 0.0, 0.0, 0.0, 0.0, 0.0, 0.0, 0.0, 0.0, 0.0, 0.0, 0.0, 0.0, 0.0, 0.0, 0.0, 0.0, 0.0, 0.0], [0.0, 0.9707847109755084, 0.0, 0.0, 0.0, 0.0, 0.0, 0.0, 0.0, 0.0, 0.0, 0.0, 0.0, 0.0, 0.0, 0.0, 0.0, 0.0, 0.0, 0.0, 0.0, 0.0, 0.0, 0.0, 0.0, 0.0, 0.0, 0.0, 0.0, 0.0, 0.0, 0.0, 0.0, 0.0, 0.0, 0.0, 0.0, 0.0, 0.0, 0.0], [0.0, 0.9690029038847837, 0.0, 0.0, 0.0, 0.0, 0.0, 0.0, 0.0, 0.0, 0.0, 0.0, 0.0, 0.0, 0.0, 0.0, 0.0, 0.0, 0.0, 0.0, 0.0, 0.0, 0.0, 0.0, 0.0, 0.0, 0.0, 0.0, 0.0, 0.0, 0.0, 0.0, 0.0, 0.0, 0.0, 0.0, 0.0, 0.0, 0.0, 0.0], [0.0, 0.0, 0.0, 0.0, 0.0, 0.0, 0.9706306786213893, 0.0, 0.0, 0.0, 0.0, 0.0, 0.0, 0.0, 0.0, 0.0, 0.0, 0.0, 0.0, 0.0, 0.0, 0.0, 0.0, 0.0, 0.0, 0.0, 0.0, 0.0, 0.0, 0.0, 0.0, 0.0, 0.0, 0.0, 0.0, 0.0, 0.0, 0.0, 0.0, 0.0], [0.0, 0.0, 0.0, 0.0, 0.0, 0.0, 0.9670931832496446, 0.0, 0.0, 0.0, 0.0, 0.0, 0.0, 0.0, 0.0, 0.0, 0.0, 0.0, 0.0, 0.0, 0.0, 0.0, 0.0, 0.0, 0.0, 0.0, 0.0, 0.0, 0.0, 0.0, 0.0, 0.0, 0.0, 0.0, 0.0, 0.0, 0.0, 0.0, 0.0, 0.0], [0.0, 0.0, 0.0, 0.0, 0.0, 0.0, 0.0, 0.9842991058334302, 0.0, 0.0, 0.0, 0.0, 0.0, 0.0, 0.0, 0.0, 0.0, 0.0, 0.0, 0.0, 0.0, 0.0, 0.0, 0.0, 0.0, 0.0, 0.0, 0.0, 0.0, 0.0, 0.0, 0.0, 0.0, 0.0, 0.0, 0.0, 0.0, 0.0, 0.0, 0.0], [0.0, 0.0, 0.0, 0.0, 0.0, 0.0, 0.0, 0.9843938493187501, 0.0, 0.0, 0.0, 0.0, 0.0, 0.0, 0.0, 0.0, 0.0, 0.0, 0.0, 0.0, 0.0, 0.0, 0.0, 0.0, 0.0, 0.0, 0.0, 0.0, 0.0, 0.0, 0.0, 0.0, 0.0, 0.0, 0.0, 0.0, 0.0, 0.0, 0.0, 0.0], [0.0, 0.0, 0.0, 0.0, 0.0, 0.0, 0.0, 0.982267859940368, 0.0, 0.0, 0.0, 0.0, 0.0, 0.0, 0.0, 0.0, 0.0, 0.0, 0.0, 0.0, 0.0, 0.0, 0.0, 0.0, 0.0, 0.0, 0.0, 0.0, 0.0, 0.0, 0.0, 0.0, 0.0, 0.0, 0.0, 0.0, 0.0, 0.0, 0.0, 0.0], [0.0, 0.0, 0.0, 0.0, 0.0, 0.0, 0.0, 0.0, 0.0, 0.0, 0.9626560932152243, 0.0, 0.0, 0.0, 0.0, 0.0, 0.0, 0.0, 0.0, 0.0, 0.0, 0.0, 0.0, 0.0, 0.0, 0.0, 0.0, 0.0, 0.0, 0.0, 0.0, 0.0, 0.0, 0.0, 0.0, 0.0, 0.0, 0.0, 0.0, 0.0], [0.0, 0.0, 0.0, 0.0, 0.0, 0.0, 0.0, 0.0, 0.0, 0.0, 0.0, 0.0, 0.9654164734056908, 0.0, 0.0, 0.0, 0.0, 0.0, 0.0, 0.0, 0.0, 0.0, 0.0, 0.0, 0.0, 0.0, 0.0, 0.0, 0.0, 0.0, 0.0, 0.0, 0.0, 0.0, 0.0, 0.0, 0.0, 0.0, 0.0, 0.0], [0.0, 0.0, 0.0, 0.0, 0.0, 0.0, 0.0, 0.0, 0.0, 0.0, 0.0, 0.0, 0.9829250781389094, 0.0, 0.0, 0.0, 0.0, 0.0, 0.0, 0.0, 0.0, 0.0, 0.0, 0.0, 0.0, 0.0, 0.0, 0.0, 0.0, 0.0, 0.0, 0.0, 0.0, 0.0, 0.0, 0.0, 0.0, 0.0, 0.0, 0.0], [0.0, 0.0, 0.0, 0.0, 0.0, 0.0, 0.0, 0.0, 0.0, 0.0, 0.0, 0.0, 0.9648673642273697, 0.0, 0.0, 0.0, 0.0, 0.0, 0.0, 0.0, 0.0, 0.0, 0.0, 0.0, 0.0, 0.0, 0.0, 0.0, 0.0, 0.0, 0.0, 0.0, 0.0, 0.0, 0.0, 0.0, 0.0, 0.0, 0.0, 0.0], [0.0, 0.0, 0.0, 0.0, 0.0, 0.0, 0.0, 0.0, 0.0, 0.0, 0.0, 0.0, 0.0, 0.0, 0.0, 0.0, 0.9650930500119299, 0.0, 0.0, 0.0, 0.0, 0.0, 0.0, 0.0, 0.0, 0.0, 0.0, 0.0, 0.0, 0.0, 0.0, 0.0, 0.0, 0.0, 0.0, 0.0, 0.0, 0.0, 0.0, 0.0], [0.0, 0.0, 0.0, 0.0, 0.0, 0.0, 0.0, 0.0, 0.0, 0.0, 0.0, 0.0, 0.0, 0.0, 0.0, 0.0, 0.0, 0.9871227240605619, 0.0, 0.0, 0.0, 0.0, 0.0, 0.0, 0.0, 0.0, 0.0, 0.0, 0.0, 0.0, 0.0, 0.0, 0.0, 0.0, 0.0, 0.0, 0.0, 0.0, 0.0, 0.0], [0.0, 0.0, 0.0, 0.0, 0.0, 0.0, 0.0, 0.0, 0.0, 0.0, 0.0, 0.0, 0.0, 0.0, 0.0, 0.0, 0.0, 0.9837028553256828, 0.0, 0.0, 0.0, 0.0, 0.0, 0.0, 0.0, 0.0, 0.0, 0.0, 0.0, 0.0, 0.0, 0.0, 0.0, 0.0, 0.0, 0.0, 0.0, 0.0, 0.0, 0.0], [0.0, 0.0, 0.0, 0.0, 0.0, 0.0, 0.0, 0.0, 0.0, 0.0, 0.0, 0.0, 0.0, 0.0, 0.0, 0.0, 0.0, 0.985364120286883, 0.0, 0.0, 0.0, 0.0, 0.0, 0.0, 0.0, 0.0, 0.0, 0.0, 0.0, 0.0, 0.0, 0.0, 0.0, 0.0, 0.0, 0.0, 0.0, 0.0, 0.0, 0.0], [0.0, 0.0, 0.0, 0.0, 0.0, 0.0, 0.0, 0.0, 0.0, 0.0, 0.0, 0.0, 0.0, 0.0, 0.0, 0.0, 0.0, 0.0, 0.986660737424391, 0.0, 0.0, 0.0, 0.0, 0.0, 0.0, 0.0, 0.0, 0.0, 0.0, 0.0, 0.0, 0.0, 0.0, 0.0, 0.0, 0.0, 0.0, 0.0, 0.0, 0.0], [0.0, 0.0, 0.0, 0.0, 0.0, 0.0, 0.0, 0.0, 0.0, 0.0, 0.0, 0.0, 0.0, 0.0, 0.0, 0.0, 0.0, 0.0, 0.9838350773491972, 0.0, 0.0, 0.0, 0.0, 0.0, 0.0, 0.0, 0.0, 0.0, 0.0, 0.0, 0.0, 0.0, 0.0, 0.0, 0.0, 0.0, 0.0, 0.0, 0.0, 0.0], [0.0, 0.0, 0.0, 0.0, 0.0, 0.0, 0.0, 0.0, 0.0, 0.0, 0.0, 0.0, 0.0, 0.0, 0.0, 0.0, 0.0, 0.0, 0.9853155150309697, 0.0, 0.0, 0.0, 0.0, 0.0, 0.0, 0.0, 0.0, 0.0, 0.0, 0.0, 0.0, 0.0, 0.0, 0.0, 0.0, 0.0, 0.0, 0.0, 0.0, 0.0]], "Born radii": [], "Atomic SASAs": [], "Solvent H bonds": [], "Total SASA": NaN, "Total FOD": 0.0, "FOD": [0.0, 0.0, 0.0, 0.0, 0.0, 0.0, 0.0, 0.0, 0.0, 0.0, 0.0, 0.0, 0.0, 0.0, 0.0, 0.0, 0.0, 0.0, 0.0, 0.0, 0.0, 0.0, 0.0, 0.0, 0.0, 0.0, 0.0, 0.0, 0.0, 0.0, 0.0, 0.0, 0.0, 0.0, 0.0, 0.0, 0.0, 0.0, 0.0, 0.0], "FOD s proportion": [0.0, 0.0, 0.0, 0.0, 0.0, 0.0, 0.0, 0.0, 0.0, 0.0, 0.0, 0.0, 0.0, 0.0, 0.0, 0.0, 0.0, 0.0, 0.0, 0.0, 0.0, 0.0, 0.0, 0.0, 0.0, 0.0, 0.0, 0.0, 0.0, 0.0, 0.0, 0.0, 0.0, 0.0, 0.0, 0.0, 0.0, 0.0, 0.0, 0.0], "FOD p proportion": [0.0, 0.0, 0.0, 0.0, 0.0, 0.0, 0.0, 0.0, 0.0, 0.0, 0.0, 0.0, 0.0, 0.0, 0.0, 0.0, 0.0, 0.0, 0.0, 0.0, 0.0, 0.0, 0.0, 0.0, 0.0, 0.0, 0.0, 0.0, 0.0, 0.0, 0.0, 0.0, 0.0, 0.0, 0.0, 0.0, 0.0, 0.0, 0.0, 0.0], "FOD d proportion": [0.0, 0.0, 0.0, 0.0, 0.0, 0.0, 0.0, 0.0, 0.0, 0.0, 0.0, 0.0, 0.0, 0.0, 0.0, 0.0, 0.0, 0.0, 0.0, 0.0, 0.0, 0.0, 0.0, 0.0, 0.0, 0.0, 0.0, 0.0, 0.0, 0.0, 0.0, 0.0, 0.0, 0.0, 0.0, 0.0, 0.0, 0.0, 0.0, 0.0], "coordinates": [["-5.51020", "1.66540", "-0.26510"], ["-4.11590", "2.24570", "-0.14440"], ["-3.20160", "1.35330", "-0.76230"], ["-1.62640", "1.46120", "-0.36940"], ["-0.85630", "3.22490", "-0.63810"], ["-1.65010", "0.90070", "1.15010"], ["-2.24320", "-0.35420", "1.43080"], ["-1.61950", "-0.90810", "2.69550"], ["-1.03630", "0.24910", "-1.25950"], ["0.25410", "-0.18540", "-1.11950"], ["0.74810", "-1.02140", "-2.09010"], ["2.03830", "-1.46370", "-1.89870"], ["2.68350", "-2.37610", "-2.89690"], ["2.76840", "-1.10450", "-0.82320"], ["2.19020", "-0.27950", "0.07210"], ["0.93610", "0.18990", "-0.03320"], ["2.98650", "0.13810", "1.28750"], ["3.29320", "-1.06840", "2.17330"], ["4.26750", "0.86510", "0.88090"], ["-5.77500", "1.51250", "-1.31660"], ["-6.24990", "2.32840", "0.19240"], ["-5.56370", "0.68630", "0.22220"], ["-4.07080", "3.21340", "-0.65280"], ["-3.86010", "2.38550", "0.91060"], ["-3.31820", "-0.21160", "1.57470"], ["-2.09380", "-1.05600", "0.60560"], ["-0.53960", "-1.03740", "2.56760"], ["-1.76050", "-0.21500", "3.53140"], ["-2.06160", "-1.87310", "2.95850"], ["0.15800", "-1.30860", "-2.94910"], ["2.11450", "-3.30720", "-2.98170"], ["3.70470", "-2.62750", "-2.59240"], ["2.73000", "-1.89210", "-3.87740"], ["2.37650", "0.83820", "1.87310"], ["2.37050", "-1.57620", "2.47610"], ["3.81920", "-0.75730", "3.08220"], ["3.92170", "-1.80200", "1.65590"], ["4.04160", "1.73460", "0.25350"], ["4.80770", "1.21990", "1.76510"], ["4.94250", "0.21320", "0.31510"]], "bond_dist": [[0.0, 1.5150541475472092, 2.3820680531840397, 3.8905627574940875, 4.92239316389904, 4.181857140075447, 4.198589045143619, 5.5249978371036494, 4.7969280023781895, 6.114132357906557, 7.050945903210433, 8.333052743142815, 9.507723869570466, 8.747516194897841, 7.949371044931794, 6.617073488333041, 8.771380902685735, 9.535161695535109, 9.877105516293728, 1.0950569391588731, 1.0936321776538946, 1.094970479054116, 2.1490666927761923, 2.150266148643, 3.422405154273819, 4.453754080548229, 6.327415071733481, 5.657699753433369, 5.89961195079812, 6.940967024846034, 9.49961664542312, 10.428791766547072, 9.674989073895638, 8.213172101569528, 8.951401035033566, 10.203509050321854, 10.231023476172851, 9.566118222142146, 10.525171860829637, 10.56903279255013], [1.5150541475472092, 0.0, 1.4191978931776918, 2.6198617329927925, 3.4391226337541383, 3.0927212758346, 3.5703977845612664, 4.9237688217462035, 3.835856583606848, 5.094896193250653, 6.173992784252343, 7.396715114833069, 8.670013370808606, 7.686234186518129, 6.796352293694022, 5.455399442753939, 7.545621321667288, 8.440956990175936, 8.557960738984493, 2.159686988894456, 2.1619966535589277, 2.1592241106471555, 1.0940511231199392, 1.094533087667979, 3.103216619896201, 3.9436799185532285, 5.560900223884619, 5.0114328579758505, 5.550914369723245, 6.226203641867168, 8.814922226542896, 9.534283748661982, 8.827401919591065, 6.942810688762873, 7.971657595506721, 9.077156414318308, 9.177579699463251, 8.183175048231584, 9.183087326710991, 9.294988276485345], [2.3820680531840397, 1.4191978931776918, 0.0, 1.627042673072836, 3.0031224234120057, 2.503851587055431, 2.9400296631156633, 4.424178026481303, 2.480925143973514, 3.79961208809531, 4.796079963887174, 6.056686055096467, 7.286929636685124, 6.456422356847483, 5.695065095325952, 4.359546726438426, 6.631061203909975, 7.52760289135924, 7.66328260538524, 2.6372297378120098, 3.339821101496306, 2.6445501810326832, 2.0560814429394574, 2.073078266732831, 2.8149736357557593, 2.983805915269959, 4.88773204052759, 4.792931648792835, 5.055057823605977, 4.811934954880417, 7.409920095385645, 8.178814971620277, 7.444484383085238, 6.190788381135314, 7.0793716684462895, 8.278070140437322, 8.15751262456884, 7.324014307058664, 8.399668613106114, 8.29379186982649], [3.8905627574940875, 2.6198617329927925, 1.627042673072836, 0.0, 1.943165301769255, 1.6197537436289504, 2.6299884866668144, 3.8739181857648983, 1.6154511537028906, 2.609640170598238, 3.842181867116652, 4.931918956146785, 6.299870280410542, 5.109111270074278, 4.217984625386869, 2.880215335699746, 5.076884638240266, 6.088239779279394, 6.05447293412069, 4.255666985326743, 4.737552884137548, 4.056204119617256, 3.020862750937222, 2.7353511986580443, 3.072453724631178, 2.7395955175901423, 4.0062582542816685, 4.24780765689785, 4.730948524344774, 4.184582116532068, 6.599703225145809, 7.076709962970082, 6.521419005860611, 4.630350274007357, 5.770431406749413, 6.81834614624397, 6.747720203150099, 5.7086755004992185, 6.783211536580589, 6.721345955982328], [4.92239316389904, 3.4391226337541383, 3.0031224234120057, 1.943165301769255, 0.0, 3.0380393874997735, 4.360481123683486, 5.364424684903312, 3.045311741020942, 3.6186848729890806, 4.765864774623803, 5.6525031163193535, 7.000254458232215, 5.649461607976463, 4.69748503456903, 3.5762867292766107, 5.29182212853002, 6.599601889508184, 5.8420324785129365, 5.25226481624832, 5.53031314303268, 5.417030626644084, 3.2145541821534134, 3.4822232108237974, 4.771474373817804, 4.626478223227686, 5.342659699999618, 5.480439754253302, 6.3543594209015275, 5.18865567753344, 7.548936614517306, 7.672847923033532, 7.038345059742383, 4.738508010967165, 6.569706316875968, 7.180449093197444, 7.304891758951668, 5.196669035064673, 6.471189321909844, 6.603408859823841], [4.181857140075447, 3.0927212758346, 2.503851587055431, 1.6197537436289504, 3.0380393874997735, 0.0, 1.4160981992785668, 2.3792761420230315, 2.570506790498714, 3.155419941941167, 4.465952047436247, 5.337589658263362, 6.774637717251012, 5.238118190724604, 4.159670675666525, 2.9315296297325735, 4.700903857770333, 5.418533744473684, 5.9238269522328215, 4.844967300199249, 4.910567851073845, 4.027807186298768, 3.8024752714514793, 2.673217404177969, 2.0494033424389646, 2.078948010412959, 2.6455147155137886, 2.632026660199323, 3.3367063475828975, 4.995365125794109, 6.996456732518253, 7.424849125066448, 7.229160677423071, 4.091471961287282, 4.904949945718101, 6.032844843023894, 6.213322474328851, 5.821918039615467, 6.494866779234197, 6.680737684567476], [4.198589045143619, 3.5703977845612664, 2.9400296631156633, 2.6299884866668144, 4.360481123683486, 1.4160981992785668, 0.0, 1.5150158382010401, 3.009699750805718, 3.573378068438883, 4.667951192975351, 5.536045768416297, 6.862174567147064, 5.546133847104666, 4.637529659204348, 3.5422153096614553, 5.254774616479758, 5.631439678270558, 6.6466756344807445, 4.84833857006707, 4.978315197935944, 3.6836224643684643, 4.517663165841385, 3.2234965084516536, 1.0939227440729078, 1.0935257838752592, 2.159011218127409, 2.15983709802383, 2.1619211502735247, 5.085289058647502, 6.8687636835168515, 7.532034621534875, 7.434705232220038, 4.791562912036113, 4.885914835524663, 6.2962135708694, 6.336622669845506, 6.726650858339535, 7.23220147050675, 7.293902504146871], [5.5249978371036494, 4.9237688217462035, 4.424178026481303, 3.8739181857648983, 5.364424684903312, 2.3792761420230315, 1.5150158382010401, 0.0, 4.161881675396359, 4.3112523992454905, 5.340443240967926, 5.898717304634967, 7.2073414488284095, 5.627920491620329, 4.668102356418506, 3.8964726420186757, 4.928715293055585, 4.9429758465928195, 6.410443073610436, 6.262941083867866, 6.179081324922015, 4.9209793628910905, 5.84865342023273, 4.365083885791887, 2.151019892981002, 2.148142665187766, 1.0951077161631178, 1.0949874063202738, 1.093547625849007, 5.931392387964229, 7.206180448059846, 7.698397782006331, 7.942884907890836, 4.437783393767659, 4.051492807595738, 5.4545151223550565, 5.7083029711114674, 6.707852152514991, 6.833954053108639, 7.069898291347619], [4.7969280023781895, 3.835856583606848, 2.480925143973514, 1.6154511537028906, 3.045311741020942, 2.570506790498714, 3.009699750805718, 4.161881675396359, 0.0, 1.3687667478427432, 2.3426800827257654, 3.5770694206291274, 4.8383536290767335, 4.061813971614161, 3.5302802679107503, 2.323290358521724, 4.762609561994348, 5.680184181872979, 5.75248316816312, 4.904560903893437, 5.797682904402413, 4.7837150301831315, 4.285247907647818, 4.1529971598834505, 3.667697062190388, 2.5100179820073003, 4.067983228824819, 4.867502158191613, 4.831821284981472, 2.589889947468811, 5.053788991439987, 5.703378908156112, 5.0619317992244826, 4.6698421183162075, 5.375194293232571, 6.590833035360553, 6.106417310502125, 5.5028127044267094, 6.6515407087380884, 6.1827747338876895], [6.114132357906557, 5.094896193250653, 3.79961208809531, 2.609640170598238, 3.6186848729890806, 3.155419941941167, 3.573378068438883, 4.3112523992454905, 1.3687667478427432, 0.0, 1.3729516961641441, 2.3290713106300545, 3.7229426009542506, 2.693370191785749, 2.2753568027894, 1.3364212584361266, 3.6557230488646155, 4.567094223902108, 4.605706240089569, 6.266718409981416, 7.095229950466722, 6.03380614703522, 5.520363243483168, 5.259037408119474, 4.474452745308637, 3.04081383514348, 3.8665967077004555, 5.06856588494221, 4.984062778497076, 2.1490113098818258, 4.08344367415543, 4.476597723718315, 4.0803085802424315, 3.808936003662965, 4.397932805307511, 5.539972067619114, 4.8751954299289375, 4.462811361686711, 5.570552774186777, 4.919151723620648], [7.050945903210433, 6.173992784252343, 4.796079963887174, 3.842181867116652, 4.765864774623803, 4.465952047436247, 4.667951192975351, 5.340443240967926, 2.3426800827257654, 1.3729516961641441, 0.0, 1.3772724095109143, 2.4963796766517707, 2.3861167846524194, 2.7028090683583255, 2.394458038888968, 4.214624131521101, 4.965513323917277, 4.97713769248953, 7.040581301994886, 8.08721029094706, 6.935545387350587, 6.574280153750674, 6.468900628391196, 5.5336543775338916, 3.9171917568584766, 4.832452439496947, 6.208431135963417, 5.8402199393516, 1.0810101063357362, 2.8083591579425877, 3.401962089735863, 2.80722058093054, 4.670840712334344, 4.877516503303705, 6.021137044612089, 4.971276427639083, 4.8923551802787175, 6.030451466515587, 4.990211975457556], [8.333052743142815, 7.396715114833069, 6.056686055096467, 4.931918956146785, 5.6525031163193535, 5.337589658263362, 5.536045768416297, 5.898717304634967, 3.5770694206291274, 2.3290713106300545, 1.3772724095109143, 0.0, 1.4983858114651247, 1.3486181446206336, 2.304225659522088, 2.7256793740276937, 3.6900835925490902, 4.279277988165761, 4.25662051867441, 8.381185103551884, 9.351309045262058, 8.1799218095285, 7.79414100655101, 7.582851026493927, 6.5057170411876974, 4.848916187149454, 5.174469614366289, 6.7435983821695675, 6.369394022197088, 2.1593805269104376, 2.1394363019262808, 2.147682260018925, 2.139445989035479, 4.431658616139108, 4.388836762742493, 5.336662869247036, 4.036932450512393, 4.344456078728383, 5.319277747965414, 4.018368038146829], [9.507723869570466, 8.670013370808606, 7.286929636685124, 6.299870280410542, 7.000254458232215, 6.774637717251012, 6.862174567147064, 7.2073414488284095, 4.8383536290767335, 3.7229426009542506, 2.4963796766517707, 1.4983858114651247, 0.0, 2.434010324546714, 3.667974570522538, 4.2235696336156225, 4.891034041999708, 5.271502766763952, 5.223620035952079, 9.442710431862242, 10.558490910163252, 9.333990915465902, 9.049810138892418, 8.943634147817093, 7.791063451159925, 6.069000374855814, 6.483922543491709, 8.108176743263556, 7.553455644273024, 2.742340485789465, 1.0944858381907001, 1.094884308956887, 1.0944398110449018, 5.760110544946165, 5.441225781935537, 6.297615798061994, 4.752969376084807, 5.3541862369551545, 6.259208068118522, 4.703668726643066], [8.747516194897841, 7.686234186518129, 6.456422356847483, 5.109111270074278, 5.649461607976463, 5.238118190724604, 5.546133847104666, 5.627920491620329, 4.061813971614161, 2.693370191785749, 2.3861167846524194, 1.3486181446206336, 2.434010324546714, 0.0, 1.3477768101581211, 2.378422723150786, 2.458999158194244, 3.0423232076819184, 3.0050926408348877, 8.948844401373846, 9.702885171947567, 8.586251580870433, 8.089990927683417, 7.689159556804633, 6.602567256757027, 5.068018402689556, 4.737603935535346, 6.345446132463817, 6.1823054639834805, 3.372728239867541, 3.1525536870924182, 2.5152048286372226, 3.1543503229666805, 3.346296847262657, 3.356516913408899, 4.059172038729081, 2.8217979995031532, 3.2925385252112083, 4.032477742034046, 2.785457052262698], [7.949371044931794, 6.796352293694022, 5.695065095325952, 4.217984625386869, 4.69748503456903, 4.159670675666525, 4.637529659204348, 4.668102356418506, 3.5302802679107503, 2.2753568027894, 2.7028090683583255, 2.304225659522088, 3.667974570522538, 1.3477768101581211, 0.0, 1.3432018686705285, 1.5118467548002343, 2.5008026011662734, 2.5058814596863916, 8.281555574286754, 8.834642183472969, 7.8152584640560665, 7.205966376552142, 6.664190674042873, 5.710068977691951, 4.386368714551936, 3.775412652942722, 5.2515661692489415, 5.380396747452737, 3.7837194782383117, 4.300975728831773, 3.8608774261817738, 4.300048028801539, 2.1278068474370504, 2.737362778295928, 3.4558118944757394, 2.797234516446556, 2.741748845171636, 3.4591553318693276, 2.8065918085820747], [6.617073488333041, 5.455399442753939, 4.359546726438426, 2.880215335699746, 3.5762867292766107, 2.9315296297325735, 3.5422153096614553, 3.8964726420186757, 2.323290358521724, 1.3364212584361266, 2.394458038888968, 2.7256793740276937, 4.2235696336156225, 2.378422723150786, 1.3432018686705285, 0.0, 2.4394818896642785, 3.4652390321592534, 3.5199005397880203, 6.959543773121914, 7.500844859747467, 6.523729160533874, 5.8817092770724395, 5.358633430269325, 4.565699634229128, 3.33775766945415, 3.2323546247279245, 4.48798047344237, 4.710885604639535, 3.369482849043752, 4.723556628219884, 4.706632911115971, 4.725534345447084, 2.475686720891801, 3.387211103548168, 4.349157459784596, 3.966677675334864, 3.480290969157607, 4.39136305149096, 4.021578886457407], [8.771380902685735, 7.545621321667288, 6.631061203909975, 5.076884638240266, 5.29182212853002, 4.700903857770333, 5.254774616479758, 4.928715293055585, 4.762609561994348, 3.6557230488646155, 4.214624131521101, 3.6900835925490902, 4.891034041999708, 2.458999158194244, 1.5118467548002343, 2.4394818896642785, 0.0, 1.5278575784411321, 1.5280096727442534, 9.243061961276686, 9.555508519173639, 8.633730790915362, 7.938999777679806, 7.215870836565744, 6.320918922118841, 5.263108445586124, 3.931136918246425, 5.262487607586359, 5.6851103815141535, 5.295482291538704, 5.554866760778335, 4.8185037729569125, 5.555510444594628, 1.0978011523040043, 2.17509780239878, 2.171653411573771, 2.1850184461463935, 2.1751331591422165, 2.1714424790908, 2.1856664361242317], [9.535161695535109, 8.440956990175936, 7.52760289135924, 6.088239779279394, 6.599601889508184, 5.418533744473684, 5.631439678270558, 4.9429758465928195, 5.680184181872979, 4.567094223902108, 4.965513323917277, 4.279277988165761, 5.271502766763952, 3.0423232076819184, 2.5008026011662734, 3.4652390321592534, 1.5278575784411321, 0.0, 2.5215036188750553, 10.053491834183783, 10.32148112724138, 9.237447748702019, 8.974917740570106, 8.043229288662607, 6.693507164409403, 5.610490713832436, 3.853153167212537, 5.302132670916487, 5.471559573832675, 6.010503875716245, 5.7424371246013655, 5.031105400406554, 6.13242581854848, 2.1367223708287417, 1.095866766536882, 1.095243543692452, 1.0958485159911473, 3.478871023766187, 2.7742844807265166, 2.795638798199796], [9.877105516293728, 8.557960738984493, 7.66328260538524, 6.05447293412069, 5.8420324785129365, 5.9238269522328215, 6.6466756344807445, 6.410443073610436, 5.75248316816312, 4.605706240089569, 4.97713769248953, 4.25662051867441, 5.223620035952079, 3.0050926408348877, 2.5058814596863916, 3.5199005397880203, 1.5280096727442534, 2.5215036188750553, 0.0, 10.300482477049316, 10.641004741094706, 9.854864208602773, 8.7973857179278, 8.26863834074269, 7.693080385645271, 6.650755820957494, 5.438076272911221, 6.67297162139927, 7.202198817722266, 6.023442698324605, 6.079734784511574, 4.957702238940939, 5.710295699874044, 2.135665107173875, 3.4789679116082692, 2.7710785517556156, 2.7988613845633727, 1.0957608406947201, 1.0952208544398703, 1.095777463721535], [1.0950569391588731, 2.159686988894456, 2.6372297378120098, 4.255666985326743, 5.25226481624832, 4.844967300199249, 4.84833857006707, 6.262941083867866, 4.904560903893437, 6.266718409981416, 7.040581301994886, 8.381185103551884, 9.442710431862242, 8.948844401373846, 8.281555574286754, 6.959543773121914, 9.243061961276686, 10.053491834183783, 10.300482477049316, 0.0, 1.7799729829410331, 1.7593065594148167, 2.497596622755564, 3.0642112933020793, 4.1674935800790385, 4.882957969305081, 6.9998866283676335, 6.527141066347502, 6.597583415918287, 6.769353769747894, 9.39394892204551, 10.42266653644834, 9.512309015165561, 8.779283503225079, 9.501253139981063, 10.795837490440471, 10.669941770693972, 9.943851264977772, 11.026152045931527, 10.918581942267046], [1.0936321776538946, 2.1619966535589277, 3.339821101496306, 4.737552884137548, 5.53031314303268, 4.910567851073845, 4.978315197935944, 6.179081324922015, 5.797682904402413, 7.095229950466722, 8.08721029094706, 9.351309045262058, 10.558490910163252, 9.702885171947567, 8.834642183472969, 7.500844859747467, 9.555508519173639, 10.32148112724138, 10.641004741094706, 1.7799729829410331, 0.0, 1.7799581146757357, 2.4992128460777407, 2.4960400016826654, 4.117914299739614, 5.375692030799384, 7.041144137851462, 6.145934991520818, 6.5456679070970285, 8.009867268563195, 10.57346137884846, 11.463425186653419, 10.724481166937634, 8.914046527251246, 9.735115973115061, 10.920588964886464, 11.075354755943486, 10.30879740318918, 11.223754955450516, 11.391178345105478], [1.094970479054116, 2.1592241106471555, 2.6445501810326832, 4.056204119617256, 5.417030626644084, 4.027807186298768, 3.6836224643684643, 4.9209793628910905, 4.7837150301831315, 6.03380614703522, 6.935545387350587, 8.1799218095285, 9.333990915465902, 8.586251580870433, 7.8152584640560665, 6.523729160533874, 8.633730790915362, 9.237447748702019, 9.854864208602773, 1.7593065594148167, 1.7799581146757357, 0.0, 3.062778121248746, 2.502684191023709, 2.7708754771732345, 3.9016420722562444, 5.806343398387663, 5.1212768495756995, 5.128603168505046, 6.839197364457323, 9.228638724102272, 10.237503707447436, 9.604182755966278, 8.111431467996262, 8.552806621220896, 9.914756344459505, 9.9105976479726, 9.66238586840745, 10.499105072814539, 10.51725688856