{"total energy": -24.0504982, "HOMO-LUMO gap/eV": 12.00473704, "electronic energy": -24.34829848, "dipole": [0.72155867, 0.02638512, 0.32137302], "partial charges": [-0.10065799, -0.05255524, -0.0623386, -0.02447838, -0.10368275, 0.07765343, -0.44380349, 0.03387784, 0.03204231, 0.03270858, 0.0252933, 0.02952442, 0.03352543, 0.03511362, 0.02703877, 0.04666483, 0.03117162, 0.03595352, 0.01530686, 0.04411907, 0.28752282], "atomic dipole moments": [[-0.08812379, -0.04647159, 0.0199418], [0.0087037, 0.10791026, -0.01345362], [-0.01433002, -0.10794044, 0.02233213], [-0.01480976, 0.02472818, -0.08877104], [0.0781636, -0.07930691, -0.00675489], [0.00775468, 0.13529581, -0.14251592], [0.15875717, -0.05667881, 0.17029712], [0.03202177, 0.0818592, 0.09097602], [-0.00541351, 0.06227257, -0.10929247], [0.09220379, -0.08439377, -0.00896538], [-0.0176232, -0.08209555, -0.08908587], [0.0149199, -0.06458423, 0.10564303], [-0.01126175, 0.06441996, -0.10638886], [0.03118894, 0.08908598, 0.08074672], [0.01426201, -0.0484951, 0.11183914], [-0.02509232, 0.06515091, -0.10908346], [0.03428198, 0.08498548, 0.08450117], [-0.11025702, -0.04749543, 0.0412389], [0.07032533, -0.09341656, -0.01473428], [-0.10849473, -0.05056262, 0.04102581], [0.07351056, 0.00988289, -0.02428329]], "atomic quadrupole moments": [[0.15229884, 0.13473819, -0.03763061, -0.06531671, -0.03314066, -0.11466823], [0.20583284, -0.00991084, 0.01340651, -0.07406939, -0.01698088, -0.21923935], [0.20157195, -0.05431236, -0.00358477, -0.10705611, -0.02454664, -0.19798718], [0.07678564, 0.02240791, 0.05189403, -0.02692067, 0.11433918, -0.12867966], [0.06661036, -0.16121679, 0.06504156, -0.02386573, 0.03963085, -0.13165193], [-0.27439278, 0.01805356, -0.09562089, 0.13193509, -0.12180765, 0.37001367], [-0.04793603, -0.00642674, -0.07729914, 0.04483908, -0.09437036, 0.12523518], [-0.03385908, 0.02065852, 0.00345907, 0.00578014, 0.05862409, 0.03040001], [-0.03007076, 0.0005493, -0.01830666, 0.0196519, -0.05376679, 0.04837742], [0.0253778, -0.0544907, 0.02766645, -0.0093835, 0.00234783, -0.05304425], [-0.00942831, 0.01415572, -0.00783297, 0.01553335, 0.04418399, 0.01726128], [-0.01676696, -0.00453943, -0.02341858, 0.00301791, -0.0348648, 0.04018554], [-0.01768914, -0.01335314, -0.03095939, 0.01131764, -0.02810135, 0.04864853], [-0.00943318, 0.01121277, -0.00479685, 0.01140263, 0.0459494, 0.01423003], [-0.01852959, -0.00387916, -0.00764638, 0.01259015, -0.0208859, 0.02617597], [-0.03835317, -0.01239528, -0.02313952, 0.00527639, -0.04150286, 0.06149268], [-0.01899116, 0.02053522, 0.00987866, 0.03832352, 0.05715634, 0.0091125], [0.04436119, 0.04211407, -0.0032166, -0.03316562, -0.0197763, -0.04114459], [0.00765341, -0.04870937, -0.00965975, 0.00291543, -0.00546641, 0.00200634], [0.04134467, 0.01980419, -0.03657979, -0.02199716, -0.00229313, -0.00476489], [0.0933296, 0.03207734, -0.07430248, -0.06688862, -0.04130475, -0.01902712]], "number of molecular orbitals": 42, "number of electrons": 44, "number of unpaired electrons": 0, "orbital energies/eV": [-18.4790603, -17.22887905, -16.89403159, -16.4577601, -16.03993053, -15.47161366, -15.31251059, -14.85611074, -14.47232009, -14.12752324, -13.83627443, -13.45597751, -13.29187828, -12.81494682, -12.58322878, -12.48345823, -12.39068412, -11.99305672, -11.80087654, -11.66736626, -11.56358834, -10.95549408, 1.04924296, 1.72461092, 2.12803802, 2.41743487, 2.8290293, 3.44609649, 3.70797542, 4.19537463, 4.43084161, 4.58775527, 4.88703338, 5.16746433, 5.68968238, 6.02844428, 6.51343883, 6.85524821, 7.05198237, 7.14798701, 7.51685331, 8.0562808], "fractional occupation": [2.0, 2.0, 2.0, 2.0, 2.0, 2.0, 2.0, 2.0, 2.0, 2.0, 2.0, 2.0, 2.0, 2.0, 2.0, 2.0, 2.0, 2.0, 2.0, 2.0, 2.0, 2.0, 0.0, 0.0, 0.0, 0.0, 0.0, 0.0, 0.0, 0.0, 0.0, 0.0, 0.0, 0.0, 0.0, 0.0, 0.0, 0.0, 0.0, 0.0, 0.0, 0.0], "program call": "xtb /home/svss/Project-DBcg-Debug/aqme2_20220329/End-to-End-workflows-final/example-3/QDESCP/mol_896_rdkit_conf_6/mol_896_rdkit_conf_6.xyz --pop --wbo --acc 0.2 --gfn 2 --chrg 0 --uhf 0 --etemp 300 --input /home/svss/Project-DBcg-Debug/aqme2_20220329/End-to-End-workflows-final/example-3/QDESCP/mol_896_rdkit_conf_6/mol_896_rdkit_conf_6_xtb.inp", "method": "GFN2-xTB", "xtb version": "6.3.3 (7355c4f)", "Dipole module/D": 2.009, "Total charge": 0, "Transition dipole module/D": NaN, "HOMO": -10.9555, "LUMO": 1.0492, "HOMO occupancy": 2.0, "LUMO occupancy": 0, "mulliken charges": [-0.08297, -0.04278, -0.05532, -0.02772, -0.08395, 0.18932, -0.56466, 0.02845, 0.02697, 0.02953, 0.01907, 0.02313, 0.02497, 0.02792, 0.01966, 0.03812, 0.02541, 0.03007, 0.00978, 0.03093, 0.33407], "cm5 charges": [-0.23345, -0.15554, -0.16358, -0.09792, -0.23145, 0.10421, -0.78018, 0.07974, 0.07828, 0.0803, 0.07509, 0.07805, 0.08264, 0.08366, 0.07826, 0.09201, 0.07686, 0.08192, 0.07278, 0.09396, 0.50436], "FUKUI+": [0.014, -0.007, -0.02, -0.027, 0.016, -0.006, -0.102, -0.043, -0.039, -0.077, -0.041, -0.048, -0.048, -0.062, -0.091, -0.047, -0.06, -0.074, -0.077, -0.084, -0.076], "FUKUI-": [0.02, 0.009, 0.017, -0.012, 0.019, 0.008, -0.127, -0.076, -0.054, -0.064, -0.079, -0.064, -0.056, -0.088, -0.066, -0.042, -0.075, -0.054, -0.098, -0.071, -0.046], "FUKUIrad": [0.017, 0.001, -0.002, -0.019, 0.018, 0.001, -0.115, -0.059, -0.046, -0.07, -0.06, -0.056, -0.052, -0.075, -0.079, -0.045, -0.068, -0.064, -0.087, -0.078, -0.061], "s proportion": [1.008, 1.028, 1.037, 1.061, 1.011, 0.994, 1.695, 0.972, 0.973, 0.97, 0.981, 0.977, 0.975, 0.972, 0.98, 0.962, 0.975, 0.97, 0.99, 0.969, 0.666], "p proportion": [3.075, 3.015, 3.018, 2.966, 3.073, 2.816, 4.87, 0.0, 0.0, 0.0, 0.0, 0.0, 0.0, 0.0, 0.0, 0.0, 0.0, 0.0, 0.0, 0.0, 0.0], "d proportion": [0.0, 0.0, 0.0, 0.0, 0.0, 0.0, 0.0, 0.0, 0.0, 0.0, 0.0, 0.0, 0.0, 0.0, 0.0, 0.0, 0.0, 0.0, 0.0, 0.0, 0.0], "Fermi-level/eV": -4.9531, "Coordination numbers": [3.75, 3.799, 3.803, 3.847, 3.752, 3.675, 1.653, 0.924, 0.924, 0.924, 0.924, 0.924, 0.924, 0.923, 0.924, 0.924, 0.924, 0.924, 0.924, 0.924, 0.804], "Dispersion coefficient C6": [22.486, 21.519, 21.696, 20.977, 22.541, 19.505, 21.719, 2.532, 2.558, 2.548, 2.654, 2.593, 2.537, 2.515, 2.629, 2.362, 2.57, 2.504, 2.806, 2.395, 0.76], "Total dispersion C6": 2913.345337, "Total dispersion C8": 60101.012547, "Polarizability alpha": [6.763, 6.605, 6.631, 6.515, 6.77, 6.328, 6.291, 2.488, 2.501, 2.496, 2.548, 2.518, 2.491, 2.48, 2.536, 2.403, 2.507, 2.474, 2.619, 2.42, 1.369], "Total polarizability alpha": 79.756599, "Wiberg matrix": [[0.0, 1.0194715733685282, 0.0, 0.0, 0.0, 0.0, 0.0, 0.9874597589532834, 0.9877959691347797, 0.9872458168350886, 0.0, 0.0, 0.0, 0.0, 0.0, 0.0, 0.0, 0.0, 0.0, 0.0, 0.0], [1.0194715733685282, 0.0, 1.0079659544415887, 0.0, 0.0, 0.0, 0.0, 0.0, 0.0, 0.0, 0.9759766056995351, 0.9779839083718479, 0.0, 0.0, 0.0, 0.0, 0.0, 0.0, 0.0, 0.0, 0.0], [0.0, 1.0079659544415887, 0.0, 0.9947556405824426, 0.0, 0.0, 0.0, 0.0, 0.0, 0.0, 0.0, 0.0, 0.9738386934807653, 0.9752566511694614, 0.0, 0.0, 0.0, 0.0, 0.0, 0.0, 0.0], [0.0, 0.0, 0.9947556405824426, 0.0, 1.0079548455137892, 0.9868710994124512, 0.0, 0.0, 0.0, 0.0, 0.0, 0.0, 0.0, 0.0, 0.9676923831553039, 0.0, 0.0, 0.0, 0.0, 0.0, 0.0], [0.0, 0.0, 0.0, 1.0079548455137892, 0.0, 0.0, 0.0, 0.0, 0.0, 0.0, 0.0, 0.0, 0.0, 0.0, 0.0, 0.9859771281527667, 0.9869169879597752, 0.9861317473654714, 0.0, 0.0, 0.0], [0.0, 0.0, 0.0, 0.9868710994124512, 0.0, 0.0, 0.9975496739681797, 0.0, 0.0, 0.0, 0.0, 0.0, 0.0, 0.0, 0.0, 0.0, 0.0, 0.0, 0.9707805333060779, 0.9720642898889692, 0.0], [0.0, 0.0, 0.0, 0.0, 0.0, 0.9975496739681797, 0.0, 0.0, 0.0, 0.0, 0.0, 0.0, 0.0, 0.0, 0.0, 0.0, 0.0, 0.0, 0.0, 0.0, 0.9009246015815149], [0.9874597589532834, 0.0, 0.0, 0.0, 0.0, 0.0, 0.0, 0.0, 0.0, 0.0, 0.0, 0.0, 0.0, 0.0, 0.0, 0.0, 0.0, 0.0, 0.0, 0.0, 0.0], [0.9877959691347797, 0.0, 0.0, 0.0, 0.0, 0.0, 0.0, 0.0, 0.0, 0.0, 0.0, 0.0, 0.0, 0.0, 0.0, 0.0, 0.0, 0.0, 0.0, 0.0, 0.0], [0.9872458168350886, 0.0, 0.0, 0.0, 0.0, 0.0, 0.0, 0.0, 0.0, 0.0, 0.0, 0.0, 0.0, 0.0, 0.0, 0.0, 0.0, 0.0, 0.0, 0.0, 0.0], [0.0, 0.9759766056995351, 0.0, 0.0, 0.0, 0.0, 0.0, 0.0, 0.0, 0.0, 0.0, 0.0, 0.0, 0.0, 0.0, 0.0, 0.0, 0.0, 0.0, 0.0, 0.0], [0.0, 0.9779839083718479, 0.0, 0.0, 0.0, 0.0, 0.0, 0.0, 0.0, 0.0, 0.0, 0.0, 0.0, 0.0, 0.0, 0.0, 0.0, 0.0, 0.0, 0.0, 0.0], [0.0, 0.0, 0.9738386934807653, 0.0, 0.0, 0.0, 0.0, 0.0, 0.0, 0.0, 0.0, 0.0, 0.0, 0.0, 0.0, 0.0, 0.0, 0.0, 0.0, 0.0, 0.0], [0.0, 0.0, 0.9752566511694614, 0.0, 0.0, 0.0, 0.0, 0.0, 0.0, 0.0, 0.0, 0.0, 0.0, 0.0, 0.0, 0.0, 0.0, 0.0, 0.0, 0.0, 0.0], [0.0, 0.0, 0.0, 0.9676923831553039, 0.0, 0.0, 0.0, 0.0, 0.0, 0.0, 0.0, 0.0, 0.0, 0.0, 0.0, 0.0, 0.0, 0.0, 0.0, 0.0, 0.0], [0.0, 0.0, 0.0, 0.0, 0.9859771281527667, 0.0, 0.0, 0.0, 0.0, 0.0, 0.0, 0.0, 0.0, 0.0, 0.0, 0.0, 0.0, 0.0, 0.0, 0.0, 0.0], [0.0, 0.0, 0.0, 0.0, 0.9869169879597752, 0.0, 0.0, 0.0, 0.0, 0.0, 0.0, 0.0, 0.0, 0.0, 0.0, 0.0, 0.0, 0.0, 0.0, 0.0, 0.0], [0.0, 0.0, 0.0, 0.0, 0.9861317473654714, 0.0, 0.0, 0.0, 0.0, 0.0, 0.0, 0.0, 0.0, 0.0, 0.0, 0.0, 0.0, 0.0, 0.0, 0.0, 0.0], [0.0, 0.0, 0.0, 0.0, 0.0, 0.9707805333060779, 0.0, 0.0, 0.0, 0.0, 0.0, 0.0, 0.0, 0.0, 0.0, 0.0, 0.0, 0.0, 0.0, 0.0, 0.0], [0.0, 0.0, 0.0, 0.0, 0.0, 0.9720642898889692, 0.0, 0.0, 0.0, 0.0, 0.0, 0.0, 0.0, 0.0, 0.0, 0.0, 0.0, 0.0, 0.0, 0.0, 0.0], [0.0, 0.0, 0.0, 0.0, 0.0, 0.0, 0.9009246015815149, 0.0, 0.0, 0.0, 0.0, 0.0, 0.0, 0.0, 0.0, 0.0, 0.0, 0.0, 0.0, 0.0, 0.0]], "Born radii": [], "Atomic SASAs": [], "Solvent H bonds": [], "Total SASA": NaN, "Total FOD": 0.0, "FOD": [0.0, 0.0, 0.0, 0.0, 0.0, 0.0, 0.0, 0.0, 0.0, 0.0, 0.0, 0.0, 0.0, 0.0, 0.0, 0.0, 0.0, 0.0, 0.0, 0.0, 0.0], "FOD s proportion": [0.0, 0.0, 0.0, 0.0, 0.0, 0.0, 0.0, 0.0, 0.0, 0.0, 0.0, 0.0, 0.0, 0.0, 0.0, 0.0, 0.0, 0.0, 0.0, 0.0, 0.0], "FOD p proportion": [0.0, 0.0, 0.0, 0.0, 0.0, 0.0, 0.0, 0.0, 0.0, 0.0, 0.0, 0.0, 0.0, 0.0, 0.0, 0.0, 0.0, 0.0, 0.0, 0.0, 0.0], "FOD d proportion": [0.0, 0.0, 0.0, 0.0, 0.0, 0.0, 0.0, 0.0, 0.0, 0.0, 0.0, 0.0, 0.0, 0.0, 0.0, 0.0, 0.0, 0.0, 0.0, 0.0, 0.0], "coordinates": [["2.82380", "0.25460", "-0.27470"], ["1.51160", "-0.44940", "0.03710"], ["0.35650", "0.54810", "0.14830"], ["-0.97180", "-0.09690", "0.59310"], ["-2.03340", "0.99720", "0.75620"], ["-1.48020", "-1.19330", "-0.35410"], ["-1.69380", "-0.70200", "-1.66980"], ["3.08480", "0.96670", "0.51460"], ["2.76100", "0.79890", "-1.22240"], ["3.63550", "-0.47530", "-0.35500"], ["1.31140", "-1.17830", "-0.75530"], ["1.61640", "-1.00500", "0.97590"], ["0.22570", "1.06500", "-0.81050"], ["0.63030", "1.32100", "0.87860"], ["-0.81650", "-0.55650", "1.57790"], ["-2.22150", "1.51980", "-0.18770"], ["-1.71400", "1.74030", "1.49470"], ["-2.98070", "0.57110", "1.10340"], ["-0.78560", "-2.03750", "-0.40480"], ["-2.43500", "-1.58910", "0.00880"], ["-0.82470", "-0.49920", "-2.05430"]], "bond_dist": [[0.0, 1.5214151570166505, 2.520444512382687, 3.909374432054315, 5.020617632323736, 4.541710555506593, 4.8239089263791035, 1.0946240907270404, 1.0946879098628979, 1.0945588106629995, 2.1381142462459763, 2.146720121487661, 2.773797651235576, 2.6979162514800192, 4.164347975373816, 5.202244912535356, 5.092122316873388, 5.974240714099157, 4.277664874671694, 5.579836859622331, 4.128770137704447], [1.5214151570166505, 0.0, 1.53023779197875, 2.5691764847904084, 3.895738873435949, 3.1076183629911833, 3.6403164052043606, 2.1698625993366494, 2.1692379998515605, 2.159945469219073, 1.095113240719881, 1.0959105072951896, 2.1599472053733164, 2.1492156941544978, 2.7938476443786264, 4.2266203153347, 4.162196440582784, 4.7285489560752145, 2.827448507046592, 4.107964038304133, 3.136037577899857], [2.520444512382687, 1.53023779197875, 0.0, 1.5421585294644649, 2.5065624328948997, 2.580377222423109, 3.011970735249597, 2.784424992704957, 2.7790896674990533, 3.4716709881554153, 2.1699732555955613, 2.1643450233269186, 1.0970832648436488, 1.0980341251527659, 2.1540256080186237, 2.775460482514568, 2.7424631355772133, 3.471260412299832, 2.8802151621016097, 3.518459370235785, 2.7098925236990485], [3.909374432054315, 2.5691764847904084, 1.5421585294644649, 0.0, 1.5331832832378522, 1.535497105174738, 2.4511520597466, 4.194449996125832, 4.246444834211319, 4.719035225551935, 2.863670853991429, 2.769469387806986, 2.180392354600428, 2.1583964116908647, 1.0978074922316756, 2.1874911702678936, 2.176935286130481, 2.1776843894375513, 2.1900692249333127, 2.1700280113399457, 2.6818296851217083], [5.020617632323736, 3.895738873435949, 2.5065624328948997, 1.5331832832378522, 0.0, 2.517357062476438, 2.98128911714379, 5.123989856547337, 5.190419271118663, 5.961497202884523, 4.2667457786936405, 4.1687063904765465, 2.7500324616265894, 2.686098637429385, 2.137760554879802, 1.0951892895750943, 1.0952607999924036, 1.095210637274858, 3.480564599314312, 2.7219178918549325, 3.405742048364791], [4.541710555506593, 3.1076183629911833, 2.580377222423109, 1.535497105174738, 2.517357062476438, 0.0, 1.420586899841048, 5.1243989589023995, 4.765562209225687, 5.165840812491225, 2.820322144720351, 3.37539456212159, 2.8667603073853245, 3.5064888464103237, 2.1397747381441814, 2.8174680583814964, 3.475447142455198, 2.7365879960271697, 1.0944008817613409, 1.095443786782325, 1.949906433652651], [4.8239089263791035, 3.6403164052043606, 3.011970735249597, 2.4511520597466, 2.98128911714379, 1.420586899841048, 0.0, 5.512819696852056, 4.722087526719513, 5.493771966508985, 3.1771683902494057, 4.248406940254193, 2.7468465082708935, 3.998538779354278, 3.367251227633602, 2.722403889947265, 3.997411359867783, 3.3117266584064575, 2.0514903095067254, 2.0381417541476354, 0.9717524890629301], [1.0946240907270404, 2.1698625993366494, 2.784424992704957, 4.194449996125832, 5.123989856547337, 5.1243989589023995, 5.512819696852056, 0.0, 1.7748724686579596, 1.7716767905010213, 3.0591859325644135, 2.5013190800055876, 3.1527774596377713, 2.5065104707541117, 4.320982159185571, 5.381074668688403, 4.958581895058304, 6.106838384139538, 4.985028601723364, 6.103780739836581, 4.902275009625633], [1.0946879098628979, 2.1692379998515605, 2.7790896674990533, 4.246444834211319, 5.190419271118663, 4.765562209225687, 4.722087526719513, 1.7748724686579596, 0.0, 1.7722072818945303, 2.4957648947767495, 3.0654016474191437, 2.582289083352211, 3.0375437280803053, 4.741022621755775, 5.1396115757905285, 5.3192566557743755, 6.199061007120352, 4.614326199999303, 5.849513949038843, 3.9031225589263787], [1.0945588106629995, 2.159945469219073, 3.4716709881554153, 4.719035225551935, 5.961497202884523, 5.165840812491225, 5.493771966508985, 1.7716767905010213, 1.7722072818945303, 0.0, 2.4608717764239567, 2.4756093613492416, 3.769182985741074, 3.7121004417984165, 4.85417344663332, 6.1897384678191365, 6.078439248688762, 6.85536184019487, 4.689250909260455, 6.182545683616095, 4.773004896289129], [2.1381142462459763, 1.095113240719881, 2.1699732555955613, 2.863670853991429, 4.2667457786936405, 2.820322144720351, 3.1771683902494057, 3.0591859325644135, 2.4957648947767495, 2.4608717764239567, 0.0, 1.766383687085, 2.4928269935958247, 3.062682959432791, 3.2184492989637103, 4.481439030043809, 4.767994454694762, 4.993724908322443, 2.2931384367281447, 3.8455322661499016, 2.590656484368392], [2.146720121487661, 1.0959105072951896, 2.1643450233269186, 2.769469387806986, 4.1687063904765465, 3.37539456212159, 4.248406940254193, 2.5013190800055876, 3.0654016474191437, 2.4756093613492416, 1.766383687085, 0.0, 3.0676002754596303, 2.528267489804035, 2.546086930958957, 4.738993185266255, 4.347112799318647, 4.861447919087481, 2.9566861077902744, 4.205983497352314, 3.9238902749694717], [2.773797651235576, 2.1599472053733164, 1.0970832648436488, 2.180392354600428, 2.7500324616265894, 2.8667603073853245, 2.7468465082708935, 3.1527774596377713, 2.582289083352211, 3.769182985741074, 2.4928269935958247, 3.0676002754596303, 0.0, 1.7556468807821235, 3.0691851768832716, 2.5658352869971988, 3.0874606426641296, 3.766689711138947, 3.2882862451435098, 3.8464040076414228, 2.2576758491865037], [2.6979162514800192, 2.1492156941544978, 1.0980341251527659, 2.1583964116908647, 2.686098637429385, 3.5064888464103237, 3.998538779354278, 2.5065104707541117, 3.0375437280803053, 3.7121004417984165, 3.062682959432791, 2.528267489804035, 1.7556468807821235, 0.0, 2.471286503018215, 3.051111333596334, 2.459905321348771, 3.6948891796642562, 3.8641183496368225, 4.315240218110691, 3.745938527258556], [4.164347975373816, 2.7938476443786264, 2.1540256080186237, 1.0978074922316756, 2.137760554879802, 2.1397747381441814, 3.367251227633602, 4.320982159185571, 4.741022621755775, 4.85417344663332, 3.2184492989637103, 2.546086930958957, 3.0691851768832716, 2.471286503018215, 0.0, 3.06633169275602, 2.4673302839303863, 2.486039752296813, 2.474957595596337, 2.4794918471331986, 3.6326611966986406], [5.202244912535356, 4.2266203153347, 2.775460482514568, 2.1874911702678936, 1.0951892895750943, 2.8174680583814964, 2.722403889947265, 5.381074668688403, 5.1396115757905285, 6.1897384678191365, 4.481439030043809, 4.738993185266255, 2.5658352869971988, 3.051111333596334, 3.06633169275602, 0.0, 1.7710579493624705, 1.7729510822354912, 3.842307185793452, 3.122411521564703, 3.0840892983180628], [5.092122316873388, 4.162196440582784, 2.7424631355772133, 2.176935286130481, 1.0952607999924036, 3.475447142455198, 3.997411359867783, 4.958581895058304, 5.3192566557743755, 6.078439248688762, 4.767994454694762, 4.347112799318647, 3.0874606426641296, 2.459905321348771, 2.4673302839303863, 1.7710579493624705, 0.0, 1.7676745232083875, 4.329180020511967, 3.7165365826263566, 4.289710449435952], [5.974240714099157, 4.7285489560752145, 3.471260412299832, 2.1776843894375513, 1.095210637274858, 2.7365879960271697, 3.3117266584064575, 6.106838384139538, 6.199061007120352, 6.85536184019487, 4.993724908322443, 4.861447919087481, 3.766689711138947, 3.6948891796642562, 2.486039752296813, 1.7729510822354912, 1.7676745232083875, 0.0, 3.727992115066769, 2.4824185162860837, 3.9705097128706286], [4.277664874671694, 2.827448507046592, 2.8802151621016097, 2.1900692249333127, 3.480564599314312, 1.0944008817613409, 2.0514903095067254, 4.985028601723364, 4.614326199999303, 4.689250909260455, 2.2931384367281447, 2.9566861077902744, 3.2882862451435098, 3.8641183496368225, 2.474957595596337, 3.842307185793452, 4.329180020511967, 3.727992115066769, 0.0, 1.7585925849951716, 2.2558248934702356], [5.579836859622331, 4.107964038304133, 3.518459370235785, 2.1700280113399457, 2.7219178918549325, 1.095443786782325, 2.0381417541476354, 6.103780739836581, 5.849513949038843, 6.182545683616095, 3.8455322661499016, 4.205983497352314, 3.8464040076414228, 4.315240218110691, 2.4794918471331986, 3.122411521564703, 3.7165365826263566, 2.4824185162860837, 1.7585925849951716, 0.0, 2.835018467311986], [4.128770137704447, 3.136037577899857, 2.7098925236990485, 2.6818296851217083, 3.405742048364791, 1.949906433652651, 0.9717524890629301, 4.902275009625633, 3.9031225589263787, 4.773004896289129, 2.590656484368392, 3.9238902749694717, 2.2576758491865037, 3.745938527258556, 3.6326611966986406, 3.0840892983180628, 4.289710449435952, 3.9705097128706286, 2.2558248934702356, 2.835018467311986, 0.0]]}