{"total energy": -29.35381285, "HOMO-LUMO gap/eV": 3.85231645, "electronic energy": -29.74211717, "dipole": [-0.03470776, -1.32020061, 0.02652413], "partial charges": [-0.10055138, -0.05176089, -0.05916724, -0.05910527, -0.05481643, -0.08361922, 0.23389445, -0.36554084, -0.13651051, 0.03150173, 0.03317449, 0.03319285, 0.02819174, 0.02822149, 0.03276972, 0.03274789, 0.02809799, 0.02811195, 0.0451555, 0.04516034, 0.05724713, 0.05725487, 0.06375092, 0.06376414, 0.06883458], "atomic dipole moments": [[-0.0882175, -0.05105905, -0.00401778], [0.00493591, 0.11073839, -0.00213082], [-0.01154408, -0.11169965, 0.00172807], [0.00310459, 0.10999261, -0.00222566], [-0.02666253, -0.12742423, 0.0012133], [0.00921965, 0.08428266, -0.00127906], [0.00067893, 0.01806592, -0.00036986], [-0.0129363, -0.16152906, 0.00274961], [0.07805414, 0.02067089, 0.00412296], [0.09540754, -0.07980151, 0.00727892], [0.01715228, 0.07078019, -0.10299086], [0.00526115, 0.07519216, 0.10112188], [-0.00690997, -0.07201842, 0.09982026], [0.0045508, -0.07625881, -0.09671976], [0.01069304, 0.07336109, -0.100388], [-0.00083322, 0.07765838, 0.09771206], [-0.0102028, -0.0724448, 0.09935852], [0.00120326, -0.07669903, -0.09663475], [0.01106296, 0.0764445, -0.1015105], [-0.00060901, 0.08078846, 0.09870703], [0.0022962, -0.07644569, -0.10673236], [-0.01030199, -0.07176141, 0.10947112], [-0.00673457, -0.07423274, -0.11248004], [-0.01993954, -0.0693243, 0.1140231], [-0.09552716, 0.09263029, -0.00758606]], "atomic quadrupole moments": [[0.15357225, 0.14617683, -0.02430039, 0.01336468, 0.0062341, -0.12927187], [0.23023502, -0.00385879, 0.00333741, 0.02721317, -0.00537147, -0.23357243], [0.2370833, -0.01105075, 0.00805492, 0.02841215, -0.00618529, -0.24513823], [0.22966878, -0.02193834, 0.00974347, 0.02789463, -0.00672519, -0.23941225], [0.25050522, -0.00257115, 0.00645059, 0.02974206, -0.00590124, -0.25695581], [0.19394547, -0.00185121, 0.04996809, 0.02564682, -0.0065086, -0.24391356], [-0.28628107, 0.00827271, -0.33750626, -0.0534152, 0.02140395, 0.62378733], [-0.13263235, 0.00402624, -0.13796856, -0.0236762, 0.00912085, 0.27060091], [0.13514068, 0.14460423, 0.00308836, 0.01283423, 0.00536231, -0.13822904], [0.03168434, -0.05485117, 0.0228428, 0.00624014, -0.00487849, -0.05452714], [-0.03565614, 0.0120347, -0.00939003, 0.00325405, -0.056207, 0.04504616], [-0.03380609, 0.00495308, -0.00438793, -0.01255268, 0.05932644, 0.03819402], [-0.01605121, 0.00415712, -0.01776917, -0.00787805, -0.0403981, 0.03382039], [-0.01722063, -0.00047553, -0.014161, 0.00203655, 0.04276413, 0.03138163], [-0.01947429, 0.00236869, -0.01607572, -0.00565633, -0.03887192, 0.03555001], [-0.02003056, -0.00219159, -0.01261061, -0.00065852, 0.04096239, 0.03264116], [-0.02008836, 0.00289788, -0.01617654, -0.00617045, -0.0392334, 0.0362649], [-0.02076929, -0.00169043, -0.01268016, -0.00032619, 0.04146348, 0.03344945], [-0.01660329, 0.00174694, -0.01889891, -0.00498246, -0.03641623, 0.0355022], [-0.0170655, -0.00253677, -0.01564707, -0.00095491, 0.03860852, 0.03271258], [-0.01029029, 0.01442484, -0.01123116, -0.00636071, 0.05596121, 0.02152145], [-0.01122932, 0.02090753, -0.01592697, 0.00148006, -0.05225629, 0.02715629], [-0.03213398, -0.007927, 0.00308634, 0.00255394, 0.06903387, 0.02904764], [-0.03072978, -0.00019072, -0.00286845, -0.00971972, -0.06815474, 0.03359823], [0.02290853, -0.05349847, 0.02578071, 0.00535327, -0.00473886, -0.04868924]], "number of molecular orbitals": 52, "number of electrons": 54, "number of unpaired electrons": 0, "orbital energies/eV": [-19.09488169, -17.43470476, -17.1219649, -16.90783038, -16.55179949, -15.94627209, -15.39856883, -15.23829257, -15.10115898, -14.8214579, -14.54902342, -14.17646317, -14.01797981, -13.67454297, -13.4205704, -13.20125793, -13.08834115, -12.89781639, -12.77458032, -12.6925027, -12.18990943, -12.16419481, -11.84237988, -11.64760837, -11.64218748, -11.45632123, -10.73574214, -6.8834257, 0.9602509, 2.66065878, 2.76368651, 2.82389065, 3.1745797, 3.54734836, 3.88590371, 3.9239456, 4.09088874, 4.49747629, 4.65545939, 4.680961, 4.85551196, 5.35195125, 5.40080929, 5.65814421, 6.00162564, 6.66388302, 6.87627793, 7.02967706, 7.38024189, 7.6898809, 8.38684396, 15.13561222], "fractional occupation": [2.0, 2.0, 2.0, 2.0, 2.0, 2.0, 2.0, 2.0, 2.0, 2.0, 2.0, 2.0, 2.0, 2.0, 2.0, 2.0, 2.0, 2.0, 2.0, 2.0, 2.0, 2.0, 2.0, 2.0, 2.0, 2.0, 2.0, 0.0, 0.0, 0.0, 0.0, 0.0, 0.0, 0.0, 0.0, 0.0, 0.0, 0.0, 0.0, 0.0, 0.0, 0.0, 0.0, 0.0, 0.0, 0.0, 0.0, 0.0, 0.0, 0.0, 0.0, 0.0], "program call": "xtb /home/svss/Project-DBcg-Debug/aqme2_20220329/End-to-End-workflows-final/example-3/QDESCP/mol_979_rdkit_conf_1/mol_979_rdkit_conf_1.xyz --pop --wbo --acc 0.2 --gfn 2 --chrg 0 --uhf 0 --etemp 300 --input /home/svss/Project-DBcg-Debug/aqme2_20220329/End-to-End-workflows-final/example-3/QDESCP/mol_979_rdkit_conf_1/mol_979_rdkit_conf_1_xtb.inp", "method": "GFN2-xTB", "xtb version": "6.3.3 (7355c4f)", "Dipole module/D": 3.357, "Total charge": 0, "Transition dipole module/D": NaN, "HOMO": -10.7357, "LUMO": -6.8834, "HOMO occupancy": 2.0, "LUMO occupancy": 0, "mulliken charges": [-0.08334, -0.03863, -0.04578, -0.04887, -0.03418, -0.08457, 0.39813, -0.4935, -0.12681, 0.02839, 0.02766, 0.02767, 0.02171, 0.02173, 0.02549, 0.02547, 0.02138, 0.02139, 0.03831, 0.03831, 0.04523, 0.04523, 0.05262, 0.05262, 0.06436], "cm5 charges": [-0.23367, -0.15114, -0.1564, -0.15943, -0.14251, -0.18677, 0.41328, -0.54405, -0.26855, 0.07917, 0.07894, 0.07896, 0.07641, 0.07645, 0.08083, 0.0808, 0.07676, 0.07677, 0.09568, 0.09568, 0.10169, 0.1017, 0.10518, 0.1052, 0.11903], "FUKUI+": [0.006, 0.003, 0.004, 0.006, 0.015, 0.031, -0.194, -0.297, 0.051, -0.015, -0.007, -0.007, -0.008, -0.008, -0.01, -0.01, -0.018, -0.018, -0.022, -0.022, -0.096, -0.096, -0.107, -0.107, -0.077], "FUKUI-": [0.016, 0.004, 0.003, 0.004, 0.005, -0.009, -0.03, -0.15, -0.001, -0.062, -0.059, -0.059, -0.073, -0.073, -0.059, -0.059, -0.039, -0.039, -0.028, -0.028, -0.05, -0.05, -0.056, -0.056, -0.051], "FUKUIrad": [0.011, 0.003, 0.003, 0.005, 0.01, 0.011, -0.112, -0.224, 0.025, -0.038, -0.033, -0.033, -0.04, -0.04, -0.034, -0.034, -0.028, -0.028, -0.025, -0.025, -0.073, -0.073, -0.081, -0.081, -0.064], "s proportion": [1.007, 1.027, 1.032, 1.033, 1.029, 1.042, 1.075, 1.739, 1.022, 0.972, 0.972, 0.972, 0.978, 0.978, 0.975, 0.975, 0.979, 0.979, 0.962, 0.962, 0.955, 0.955, 0.947, 0.947, 0.936], "p proportion": [3.076, 3.012, 3.014, 3.016, 3.005, 3.043, 2.527, 4.754, 3.105, 0.0, 0.0, 0.0, 0.0, 0.0, 0.0, 0.0, 0.0, 0.0, 0.0, 0.0, 0.0, 0.0, 0.0, 0.0, 0.0], "d proportion": [0.0, 0.0, 0.0, 0.0, 0.0, 0.0, 0.0, 0.0, 0.0, 0.0, 0.0, 0.0, 0.0, 0.0, 0.0, 0.0, 0.0, 0.0, 0.0, 0.0, 0.0, 0.0, 0.0, 0.0, 0.0], "Fermi-level/eV": -8.8096, "Coordination numbers": [3.75, 3.8, 3.802, 3.802, 3.802, 3.803, 2.81, 0.857, 3.751, 0.924, 0.924, 0.924, 0.924, 0.924, 0.924, 0.924, 0.924, 0.924, 0.924, 0.924, 0.924, 0.924, 0.924, 0.924, 0.924], "Dispersion coefficient C6": [22.484, 21.504, 21.638, 21.637, 21.558, 22.094, 23.105, 21.005, 23.19, 2.565, 2.542, 2.542, 2.612, 2.612, 2.548, 2.548, 2.614, 2.614, 2.381, 2.381, 2.232, 2.232, 2.156, 2.156, 2.098], "Total dispersion C6": 4489.209097, "Total dispersion C8": 95528.931026, "Polarizability alpha": [6.762, 6.602, 6.623, 6.622, 6.61, 6.692, 7.875, 6.145, 6.868, 2.505, 2.493, 2.493, 2.528, 2.527, 2.496, 2.496, 2.528, 2.528, 2.413, 2.413, 2.336, 2.336, 2.296, 2.296, 2.265], "Total polarizability alpha": 99.751163, "Wiberg matrix": [[0.0, 1.0201178896657004, 0.0, 0.0, 0.0, 0.0, 0.0, 0.0, 0.0, 0.9873691623240777, 0.9876585175134249, 0.9876617128242142, 0.0, 0.0, 0.0, 0.0, 0.0, 0.0, 0.0, 0.0, 0.0, 0.0, 0.0, 0.0, 0.0], [1.0201178896657004, 0.0, 1.007780207488408, 0.0, 0.0, 0.0, 0.0, 0.0, 0.0, 0.0, 0.0, 0.0, 0.9781013949637062, 0.9781078503694999, 0.0, 0.0, 0.0, 0.0, 0.0, 0.0, 0.0, 0.0, 0.0, 0.0, 0.0], [0.0, 1.007780207488408, 0.0, 1.0071511015104901, 0.0, 0.0, 0.0, 0.0, 0.0, 0.0, 0.0, 0.0, 0.0, 0.0, 0.9770051114536134, 0.9770039112062214, 0.0, 0.0, 0.0, 0.0, 0.0, 0.0, 0.0, 0.0, 0.0], [0.0, 0.0, 1.0071511015104901, 0.0, 1.0068539905191782, 0.0, 0.0, 0.0, 0.0, 0.0, 0.0, 0.0, 0.0, 0.0, 0.0, 0.0, 0.9772259147774348, 0.9772268744413863, 0.0, 0.0, 0.0, 0.0, 0.0, 0.0, 0.0], [0.0, 0.0, 0.0, 1.0068539905191782, 0.0, 1.0076890109501258, 0.0, 0.0, 0.0, 0.0, 0.0, 0.0, 0.0, 0.0, 0.0, 0.0, 0.0, 0.0, 0.9759575398025988, 0.9759584263950722, 0.0, 0.0, 0.0, 0.0, 0.0], [0.0, 0.0, 0.0, 0.0, 1.0076890109501258, 0.0, 0.9926612080580147, 0.0, 0.0, 0.0, 0.0, 0.0, 0.0, 0.0, 0.0, 0.0, 0.0, 0.0, 0.0, 0.0, 0.9518619520665366, 0.9518647194035189, 0.0, 0.0, 0.0], [0.0, 0.0, 0.0, 0.0, 0.0, 0.9926612080580147, 0.0, 1.8574059963491765, 1.0077326022905233, 0.0, 0.0, 0.0, 0.0, 0.0, 0.0, 0.0, 0.0, 0.0, 0.0, 0.0, 0.0, 0.0, 0.0, 0.0, 0.0], [0.0, 0.0, 0.0, 0.0, 0.0, 0.0, 1.8574059963491765, 0.0, 0.0, 0.0, 0.0, 0.0, 0.0, 0.0, 0.0, 0.0, 0.0, 0.0, 0.0, 0.0, 0.0, 0.0, 0.0, 0.0, 0.0], [0.0, 0.0, 0.0, 0.0, 0.0, 0.0, 1.0077326022905233, 0.0, 0.0, 0.0, 0.0, 0.0, 0.0, 0.0, 0.0, 0.0, 0.0, 0.0, 0.0, 0.0, 0.0, 0.0, 0.9632660746444142, 0.9632701384520483, 0.982819945453956], [0.9873691623240777, 0.0, 0.0, 0.0, 0.0, 0.0, 0.0, 0.0, 0.0, 0.0, 0.0, 0.0, 0.0, 0.0, 0.0, 0.0, 0.0, 0.0, 0.0, 0.0, 0.0, 0.0, 0.0, 0.0, 0.0], [0.9876585175134249, 0.0, 0.0, 0.0, 0.0, 0.0, 0.0, 0.0, 0.0, 0.0, 0.0, 0.0, 0.0, 0.0, 0.0, 0.0, 0.0, 0.0, 0.0, 0.0, 0.0, 0.0, 0.0, 0.0, 0.0], [0.9876617128242142, 0.0, 0.0, 0.0, 0.0, 0.0, 0.0, 0.0, 0.0, 0.0, 0.0, 0.0, 0.0, 0.0, 0.0, 0.0, 0.0, 0.0, 0.0, 0.0, 0.0, 0.0, 0.0, 0.0, 0.0], [0.0, 0.9781013949637062, 0.0, 0.0, 0.0, 0.0, 0.0, 0.0, 0.0, 0.0, 0.0, 0.0, 0.0, 0.0, 0.0, 0.0, 0.0, 0.0, 0.0, 0.0, 0.0, 0.0, 0.0, 0.0, 0.0], [0.0, 0.9781078503694999, 0.0, 0.0, 0.0, 0.0, 0.0, 0.0, 0.0, 0.0, 0.0, 0.0, 0.0, 0.0, 0.0, 0.0, 0.0, 0.0, 0.0, 0.0, 0.0, 0.0, 0.0, 0.0, 0.0], [0.0, 0.0, 0.9770051114536134, 0.0, 0.0, 0.0, 0.0, 0.0, 0.0, 0.0, 0.0, 0.0, 0.0, 0.0, 0.0, 0.0, 0.0, 0.0, 0.0, 0.0, 0.0, 0.0, 0.0, 0.0, 0.0], [0.0, 0.0, 0.9770039112062214, 0.0, 0.0, 0.0, 0.0, 0.0, 0.0, 0.0, 0.0, 0.0, 0.0, 0.0, 0.0, 0.0, 0.0, 0.0, 0.0, 0.0, 0.0, 0.0, 0.0, 0.0, 0.0], [0.0, 0.0, 0.0, 0.9772259147774348, 0.0, 0.0, 0.0, 0.0, 0.0, 0.0, 0.0, 0.0, 0.0, 0.0, 0.0, 0.0, 0.0, 0.0, 0.0, 0.0, 0.0, 0.0, 0.0, 0.0, 0.0], [0.0, 0.0, 0.0, 0.9772268744413863, 0.0, 0.0, 0.0, 0.0, 0.0, 0.0, 0.0, 0.0, 0.0, 0.0, 0.0, 0.0, 0.0, 0.0, 0.0, 0.0, 0.0, 0.0, 0.0, 0.0, 0.0], [0.0, 0.0, 0.0, 0.0, 0.9759575398025988, 0.0, 0.0, 0.0, 0.0, 0.0, 0.0, 0.0, 0.0, 0.0, 0.0, 0.0, 0.0, 0.0, 0.0, 0.0, 0.0, 0.0, 0.0, 0.0, 0.0], [0.0, 0.0, 0.0, 0.0, 0.9759584263950722, 0.0, 0.0, 0.0, 0.0, 0.0, 0.0, 0.0, 0.0, 0.0, 0.0, 0.0, 0.0, 0.0, 0.0, 0.0, 0.0, 0.0, 0.0, 0.0, 0.0], [0.0, 0.0, 0.0, 0.0, 0.0, 0.9518619520665366, 0.0, 0.0, 0.0, 0.0, 0.0, 0.0, 0.0, 0.0, 0.0, 0.0, 0.0, 0.0, 0.0, 0.0, 0.0, 0.0, 0.0, 0.0, 0.0], [0.0, 0.0, 0.0, 0.0, 0.0, 0.9518647194035189, 0.0, 0.0, 0.0, 0.0, 0.0, 0.0, 0.0, 0.0, 0.0, 0.0, 0.0, 0.0, 0.0, 0.0, 0.0, 0.0, 0.0, 0.0, 0.0], [0.0, 0.0, 0.0, 0.0, 0.0, 0.0, 0.0, 0.0, 0.9632660746444142, 0.0, 0.0, 0.0, 0.0, 0.0, 0.0, 0.0, 0.0, 0.0, 0.0, 0.0, 0.0, 0.0, 0.0, 0.0, 0.0], [0.0, 0.0, 0.0, 0.0, 0.0, 0.0, 0.0, 0.0, 0.9632701384520483, 0.0, 0.0, 0.0, 0.0, 0.0, 0.0, 0.0, 0.0, 0.0, 0.0, 0.0, 0.0, 0.0, 0.0, 0.0, 0.0], [0.0, 0.0, 0.0, 0.0, 0.0, 0.0, 0.0, 0.0, 0.982819945453956, 0.0, 0.0, 0.0, 0.0, 0.0, 0.0, 0.0, 0.0, 0.0, 0.0, 0.0, 0.0, 0.0, 0.0, 0.0, 0.0]], "Born radii": [], "Atomic SASAs": [], "Solvent H bonds": [], "Total SASA": NaN, "Total FOD": 0.0, "FOD": [0.0, 0.0, 0.0, 0.0, 0.0, 0.0, 0.0, 0.0, 0.0, 0.0, 0.0, 0.0, 0.0, 0.0, 0.0, 0.0, 0.0, 0.0, 0.0, 0.0, 0.0, 0.0, 0.0, 0.0, 0.0], "FOD s proportion": [0.0, 0.0, 0.0, 0.0, 0.0, 0.0, 0.0, 0.0, 0.0, 0.0, 0.0, 0.0, 0.0, 0.0, 0.0, 0.0, 0.0, 0.0, 0.0, 0.0, 0.0, 0.0, 0.0, 0.0, 0.0], "FOD p proportion": [0.0, 0.0, 0.0, 0.0, 0.0, 0.0, 0.0, 0.0, 0.0, 0.0, 0.0, 0.0, 0.0, 0.0, 0.0, 0.0, 0.0, 0.0, 0.0, 0.0, 0.0, 0.0, 0.0, 0.0, 0.0], "FOD d proportion": [0.0, 0.0, 0.0, 0.0, 0.0, 0.0, 0.0, 0.0, 0.0, 0.0, 0.0, 0.0, 0.0, 0.0, 0.0, 0.0, 0.0, 0.0, 0.0, 0.0, 0.0, 0.0, 0.0, 0.0, 0.0], "coordinates": [["4.30730", "0.15570", "0.17100"], ["2.99850", "-0.61560", "0.11140"], ["1.79750", "0.32550", "0.02100"], ["0.48290", "-0.45420", "-0.03870"], ["-0.71870", "0.48720", "-0.12910"], ["-2.03110", "-0.29100", "-0.18870"], ["-3.24370", "0.61850", "-0.27910"], ["-3.15820", "1.84540", "-0.30070"], ["-4.58380", "-0.06740", "-0.34230"], ["5.15260", "-0.53660", "0.23520"], ["4.44040", "0.77230", "-0.72370"], ["4.33720", "0.81060", "1.04760"], ["2.91150", "-1.24580", "1.00420"], ["3.01420", "-1.28390", "-0.75730"], ["1.89140", "0.95640", "-0.87130"], ["1.78880", "0.99460", "0.89020"], ["0.38910", "-1.08480", "0.85380"], ["0.49170", "-1.12300", "-0.90790"], ["-0.62500", "1.12150", "-1.01940"], ["-0.72740", "1.15960", "0.73780"], ["-2.03650", "-0.94700", "-1.06630"], ["-2.14000", "-0.90850", "0.70980"], ["-4.62770", "-0.70440", "-1.22920"], ["-4.73200", "-0.66560", "0.56010"], ["-5.37890", "0.68070", "-0.40490"]], "bond_dist": [[0.0, 1.5203332825403775, 2.520005571422412, 3.8784001160272257, 5.0458525800899094, 6.3642941116827725, 7.578547014434891, 7.668851102349034, 8.908698541874678, 1.0945012654172674, 1.0947142366846248, 1.0946303394297092, 2.1463182732297645, 2.1462284733923362, 2.7502877285840475, 2.7502443709605147, 4.166214988451748, 4.166281586738947, 5.165017433658864, 5.165005473375609, 6.556726090054395, 6.556714449325973, 9.084853166122167, 9.084870774534991, 9.7174974273215], [1.5203332825403775, 0.0, 1.5284771408169635, 2.5252372819202553, 3.8847887883384344, 5.048990129719011, 6.3749944235269735, 6.643139491234547, 7.615618177140973, 2.159100333472254, 2.1685788041941203, 2.168555872003302, 1.0962722654523374, 1.0961346039606632, 2.1592947228203934, 2.159316458974923, 2.7532298777980744, 2.7532659679006675, 4.17444335211295, 4.17445119866073, 5.1815082987485415, 5.181510901271945, 7.7436438606123925, 7.743672380724795, 8.492808142187128], [2.520005571422412, 1.5284771408169635, 0.0, 1.5295977706573711, 2.5258541802724874, 3.883583950425174, 5.0586170491548375, 5.193510314806355, 6.403697915267396, 3.470705124322721, 2.781928960271991, 2.781960758170395, 2.1625591159549837, 2.162470378987883, 1.0968369568901295, 1.0969408097067044, 2.1601139993065184, 2.1601206216320423, 2.7540069734842723, 2.7540234312728717, 4.183423662504194, 4.183432524853246, 6.626227364798162, 6.626256731368021, 7.197796524631688], [3.8784001160272257, 2.5252372819202553, 1.5295977706573711, 0.0, 1.5291333100812368, 2.5237532050499705, 3.8853603449358465, 4.314442417045336, 5.090504502502674, 4.678451566490776, 4.199444427540387, 4.199451776125069, 2.759052179644307, 2.7590338417641784, 2.16029798176085, 2.160382248584727, 1.096818603963299, 1.096758642546299, 2.161491473496946, 2.16151076333198, 2.765174489973463, 2.7651844694341823, 5.253391537854379, 5.253421114854586, 5.9818725905856605], [5.0458525800899094, 3.8847887883384344, 2.5258541802724874, 1.5291333100812368, 0.0, 1.5269384925398926, 2.532857021231163, 2.7973762796592094, 3.91050296125703, 5.971017050720923, 5.2010714261582685, 5.20108981464462, 4.17923556766067, 4.17923113263672, 2.753839408898057, 2.753903320743123, 2.159744718710987, 2.159708693319541, 1.0971555359200444, 1.0971385783026681, 2.161450975617999, 2.161440582111847, 4.232069419326673, 4.232082391683791, 4.6723625640568605], [6.3642941116827725, 5.048990129719011, 3.883583950425174, 2.5237532050499705, 1.5269384925398926, 0.0, 1.518473302366558, 2.4180784457912035, 2.5670736666484664, 7.200385841050465, 6.580056545349745, 6.580061180566637, 5.173388465019808, 5.173413617718962, 4.172284238879226, 4.172340899303411, 2.752143297504692, 2.7520887485689847, 2.159244300675586, 2.159230487928512, 1.0956947202574263, 1.0956585736441804, 2.8276971849899346, 2.8277000212186585, 3.4926649094924636], [7.578547014434891, 6.3749944235269735, 5.0586170491548375, 3.8853603449358465, 2.532857021231163, 1.518473302366558, 0.0, 1.230065209653537, 1.5067584610679976, 8.490972511438251, 7.698487930106795, 7.698511551592294, 6.558121714332542, 6.558133378485071, 5.18016691429919, 5.18022875460148, 4.169164081683521, 4.169103602694469, 2.767425297998123, 2.7674248878695877, 2.1278641709470083, 2.1278641638976867, 2.1373372265508315, 2.13733627209197, 2.139806888483164], [7.668851102349034, 6.643139491234547, 5.193510314806355, 4.314442417045336, 2.7973762796592094, 2.4180784457912035, 1.230065209653537, 0.0, 2.3859735455364968, 8.662015322660196, 7.685648610885096, 7.685684425605829, 6.935383157403779, 6.935382023363961, 5.158911272739627, 5.158964280744732, 4.743656772996967, 4.743612590631743, 2.730872230625226, 2.730859302490701, 3.105133171057241, 3.1051258750652924, 3.085939490657586, 3.085926778133273, 2.5097593948424617], [8.908698541874678, 7.615618177140973, 6.403697915267396, 5.090504502502674, 3.91050296125703, 2.5670736666484664, 1.5067584610679976, 2.3859735455364968, 0.0, 9.76479082469256, 9.071204313099777, 9.071215299506456, 7.705920509582227, 7.705952325962055, 6.5769462883621, 6.577000152805229, 5.214929757916209, 5.2148724787860345, 4.188561215978585, 4.188551774778485, 2.7904496859825296, 2.7904340271721173, 1.0928347633562907, 1.092763579188106, 1.0935064608862626], [1.0945012654172674, 2.159100333472254, 3.470705124322721, 4.678451566490776, 5.971017050720923, 7.200385841050465, 8.490972511438251, 8.662015322660196, 9.76479082469256, 0.0, 1.7719868114633357, 1.771953374104409, 2.4732276179114607, 2.4731089947675167, 3.7535072518912225, 3.753498218995181, 4.8346790431216835, 4.834721437683871, 6.140356547465301, 6.14036653629081, 7.3174783375149115, 7.317483825058994, 9.890747812476063, 9.890779452095774, 10.62092460899709], [1.0947142366846248, 2.1685788041941203, 2.781928960271991, 4.199444427540387, 5.2010714261582685, 6.580056545349745, 7.698487930106795, 7.685648610885096, 9.071204313099777, 1.7719868114633357, 0.0, 1.7747171098515957, 3.0652734347852233, 2.5026253894660306, 2.559898351497575, 3.1120850020524826, 4.72761656122829, 4.383870826107905, 5.086025588807041, 5.384435010286595, 6.709962806156231, 6.941302114877295, 9.20144612275701, 9.372759498141408, 9.824900838685345], [1.0946303394297092, 2.168555872003302, 2.781960758170395, 4.199451776125069, 5.20108981464462, 6.580061180566637, 7.698511551592294, 7.685684425605829, 9.071215299506456, 1.771953374104409, 1.7747171098515957, 0.0, 2.502655591566686, 3.065113906529413, 3.1121331092997937, 2.5598775986363096, 4.383787541612847, 4.7276484069778295, 5.3844755222769844, 5.086054482602404, 6.941309866300452, 6.709957786007301, 9.372751743751673, 9.201478757786708, 9.824928980404897], [2.1463182732297645, 1.0962722654523374, 2.1625591159549837, 2.759052179644307, 4.17923556766067, 5.173388465019808, 6.558121714332542, 6.935383157403779, 7.705920509582227, 2.4732276179114607, 3.0652734347852233, 2.502655591566686, 0.0, 1.764902589379935, 3.0672119424650135, 2.508554055626468, 2.532003736174179, 3.0865252777192675, 4.712313497635742, 4.370184358811422, 5.372053209900289, 5.071301105239168, 7.881670264607623, 7.678342861581528, 8.627148846519342], [2.1462284733923362, 1.0961346039606632, 2.162470378987883, 2.7590338417641784, 4.17923113263672, 5.173413617718962, 6.558133378485071, 6.935382023363961, 7.705952325962055, 2.4731089947675167, 2.5026253894660306, 3.065113906529413, 1.764902589379935, 0.0, 2.50850950366946, 3.0671523698701377, 3.086492188553213, 2.5321088878640268, 4.370174162433346, 4.7122804267148615, 5.071346280821298, 5.37206526486788, 7.678355648835237, 7.881716316260056, 8.627164454790462], [2.7502877285840475, 2.1592947228203934, 1.0968369568901295, 2.16029798176085, 2.753839408898057, 4.172284238879226, 5.18016691429919, 5.158911272739627, 6.5769462883621, 3.7535072518912225, 2.559898351497575, 3.1121331092997937, 3.0672119424650135, 2.50850950366946, 0.0, 1.764898934783519, 3.0658396468178175, 2.5068713588854137, 2.526155296097213, 3.0803581756023117, 4.369136638971137, 4.714861098696334, 6.73684005005314, 6.967726854577467, 7.2904596247424625], [2.7502443709605147, 2.159316458974923, 1.0969408097067044, 2.160382248584727, 2.753903320743123, 4.172340899303411, 5.18022875460148, 5.158964280744732, 6.577000152805229, 3.753498218995181, 3.1120850020524826, 2.5598775986363096, 2.508554055626468, 3.0671523698701377, 1.764898934783519, 0.0, 2.506868446887471, 3.0659194020717506, 3.0804392884781877, 2.5262052964872033, 4.714936150150923, 4.3691879348455585, 6.96777795355162, 6.7369178924787265, 7.290524021632464], [4.166214988451748, 2.7532298777980744, 2.1601139993065184, 1.096818603963299, 2.159744718710987, 2.752143297504692, 4.169164081683521, 4.743656772996967, 5.214929757916209, 4.8346790431216835, 4.72761656122829, 4.383787541612847, 2.532003736174179, 3.086492188553213, 3.0658396468178175, 2.506868446887471, 0.0, 1.7650985496566474, 3.066763235073748, 2.5094540462020816, 3.0966608161049867, 2.5393236304181475, 5.445353560605592, 5.146615736578747, 6.162072698370249], [4.166281586738947, 2.7532659679006675, 2.1601206216320423, 1.096758642546299, 2.159708693319541, 2.7520887485689847, 4.169103602694469, 4.743612590631743, 5.2148724787860345, 4.834721437683871, 4.383870826107905, 4.7276484069778295, 3.0865252777192675, 2.5321088878640268, 2.5068713588854137, 3.0659194020717506, 1.7650985496566474, 0.0, 2.5094284986825186, 3.0667239947540113, 2.539264027233088, 3.0965801184532595, 5.1465246535890605, 5.445298931188259, 6.1620034931830405], [5.165017433658864, 4.17444335211295, 2.7540069734842723, 2.161491473496946, 1.0971555359200444, 2.159244300675586, 2.767425297998123, 2.730872230625226, 4.188561215978585, 6.140356547465301, 5.086025588807041, 5.3844755222769844, 4.712313497635742, 4.370174162433346, 2.526155296097213, 3.0804392884781877, 3.066763235073748, 2.5094284986825186, 0.0, 1.7605934255244735, 2.5046405151238766, 3.0669622821286864, 4.404490224759273, 4.749315283280318, 4.813676360122271], [5.165005473375609, 4.17445119866073, 2.7540234312728717, 2.16151076333198, 1.0971385783026681, 2.159230487928512, 2.7674248878695877, 2.730859302490701, 4.188551774778485, 6.14036653629081, 5.384435010286595, 5.086054482602404, 4.370184358811422, 4.7122804267148615, 3.0803581756023117, 2.5262052964872033, 2.5094540462020816, 3.0667239947540113, 1.7605934255244735, 0.0, 3.066966445854926, 2.504647753677151, 4.7493078537824855, 4.40451512541392, 4.813684737288058], [6.556726090054395, 5.1815082987485415, 4.183423662504194, 2.765174489973463, 2.161450975617999, 1.0956947202574263, 2.1278641709470083, 3.105133171057241, 2.7904496859825296, 7.3174783375149115, 6.709962806156231, 6.941309866300452, 5.372053209900289, 5.071346280821298, 4.369136638971137, 4.714936150150923, 3.0966608161049867, 2.539264027233088, 2.5046405151238766, 3.066966445854926, 0.0, 1.7795296316723699, 2.6076250900004774, 3.160709282740189, 3.776042241553979], [6.556714449325973, 5.181510901271945, 4.183432524853246, 2.7651844694341823, 2.161440582111847, 1.0956585736441804, 2.1278641638976867, 3.1051258750652924, 2.7904340271721173, 7.317483825058994, 6.941302114877295, 6.709957786007301, 5.071301105239168, 5.37206526486788, 4.714861098696334, 4.3691879348455585, 2.5393236304181475, 3.0965801184532595, 3.0669622821286864, 2.504647753677151, 1.7795296316723699, 0.0, 3.160700729268749, 2.607656898443505, 3.7760542819191567], [9.084853166122167, 7.7436438606123925, 6.626227364798162, 5.253391537854379, 4.232069419326673, 2.8276971849899346, 2.1373372265508315, 3.085939490657586, 1.0928347633562907, 9.890747812476063, 9.20144612275701, 9.372751743751673, 7.881670264607623, 7.678355648835237, 6.73684005005314, 6.96777795355162, 5.445353560605592, 5.1465246535890605, 4.404490224759273, 4.7493078537824855, 2.6076250900004774, 3.160700729268749, 0.0, 1.7927572116714523, 1.778278364036407], [9.084870774534991, 7.743672380724795, 6.626256731368021, 5.253421114854586, 4.232082391683791, 2.8277000212186585, 2.13733627209197, 3.085926778133273, 1.092763579188106, 9.890779452095774, 9.372759498141408, 9.201478757786708, 7.678342861581528, 7.881716316260056, 6.967726854577467, 6.7369178924787265, 5.146615736578747, 5.445298931188259, 4.749315283280318, 4.40451512541392, 3.160709282740189, 2.607656898443505, 1.7927572116714523, 0.0, 1.778265531353515], [9.7174974273215, 8.492808142187128, 7.197796524631688, 5.9818725905856605, 4.6723625640568605, 3.4926649094924636, 2.139806888483164, 2.5097593948424617, 1.0935064608862626, 10.62092460899709, 9.824900838685345, 9.824928980404897, 8.627148846519342, 8.627164454790462, 7.2904596247424625, 7.290524021632464, 6.162072698370249, 6.1620034931830405, 4.813676360122271, 4.813684737288058, 3.776042241553979, 3.7760542819191567, 1.778278364036407, 1.778265531353515, 0.0]]}