{"total energy": -27.19887625, "HOMO-LUMO gap/eV": 6.96204785, "electronic energy": -27.52620329, "dipole": [-0.68265777, -0.67183425, 0.20192844], "partial charges": [-0.10058044, -0.05201065, -0.05781917, -0.05831656, -0.06061505, -0.06290017, 0.03336741, -0.21322228, 0.03386348, 0.031568, 0.03372503, 0.03021069, 0.02923936, 0.02820184, 0.03148755, 0.03386126, 0.03738101, 0.03308628, 0.03254696, 0.05012017, 0.05020633, 0.05827669, 0.05832226], "atomic dipole moments": [[0.05455875, -0.04825802, 0.07256369], [0.04322863, 0.0224054, -0.101999], [-0.02807057, 0.10808426, 0.00964981], [0.04731928, -0.10974013, -0.00603943], [-0.01789558, 0.11541, -0.00094071], [0.06487025, -0.11782066, -0.01124147], [0.0480678, 0.19214639, -0.02163021], [-0.06942118, -0.09619168, 0.02300386], [0.04586023, 0.11429538, -0.02719054], [-0.11657828, 0.01785846, 0.04089491], [-0.00782341, -0.06728631, -0.10663506], [0.00283267, 0.06971209, 0.10259379], [-0.05957118, -0.10034864, 0.03267803], [0.04821052, -0.06999008, 0.08726466], [-0.005938, -0.07512618, -0.09901777], [0.00223699, 0.07630899, 0.09873154], [-0.04588202, 0.06752043, -0.09443931], [-0.00252858, -0.07628982, -0.09809016], [0.04744644, -0.06705138, 0.09314181], [-0.05024545, 0.06836221, -0.09472752], [0.00068186, 0.0776933, 0.10076647], [0.05581444, -0.06642705, 0.09790581], [0.00255555, -0.07614318, -0.10632693]], "atomic quadrupole moments": [[-0.00794986, -0.0869515, -0.05019232, 0.12096578, -0.11892395, 0.05814218], [0.14217163, -0.15089832, -0.12098485, 0.02359027, -0.08925802, -0.02118678], [0.16484295, 0.06182917, 0.01730929, -0.12396074, -0.02836393, -0.18215224], [0.18843998, 0.04443211, 0.02939484, -0.11228286, -0.02308506, -0.21783482], [0.17084906, 0.07644647, 0.04302348, -0.11200886, -0.03532277, -0.21387254], [0.2038262, 0.05041189, 0.02627488, -0.12415822, -0.0272161, -0.23010108], [0.14300213, 0.25742489, 0.17659945, -0.14378368, -0.09272661, -0.31960157], [0.00637189, 0.38502166, 0.25471942, -0.09615764, -0.12640532, -0.26109132], [-0.01084566, 0.05359314, 0.04526883, 0.00207664, -0.02197574, -0.03442318], [0.06258248, -0.01852791, -0.04484468, -0.04199797, -0.00700482, -0.0177378], [-0.04793077, -0.0099767, 0.0085568, 0.00357855, 0.05550643, 0.03937397], [-0.02297454, -0.00378313, 0.00798829, 0.01876046, 0.04505201, 0.01498625], [0.00665094, 0.02798472, 0.03722558, 0.00079323, -0.02138548, -0.04387652], [0.00296638, -0.0115676, -0.02068149, 0.02727794, -0.04028529, 0.01771511], [-0.02291125, 0.01496488, -0.01669209, 0.0017644, 0.03708428, 0.03960334], [-0.02239146, 0.00802894, -0.01139595, 0.00140946, 0.03991666, 0.03378741], [-0.00667049, -0.01074375, -0.01865304, 0.02599346, -0.03342393, 0.02532353], [-0.02269257, 0.00732208, -0.01124512, 0.00144586, 0.03926065, 0.03393769], [-0.00937145, -0.01060698, -0.01836446, 0.02512798, -0.03372965, 0.02773591], [-0.01142823, -0.00854749, -0.01660232, 0.02232983, -0.03275575, 0.02803056], [-0.0214338, 0.00874042, -0.00996914, 0.00358444, 0.03702865, 0.03140294], [-0.0020715, -7.255e-05, -0.01647715, 0.02137306, -0.02787844, 0.01854864], [-0.01600829, 0.01320284, -0.01118375, -0.00419437, 0.02816953, 0.02719205]], "number of molecular orbitals": 52, "number of electrons": 50, "number of unpaired electrons": 0, "orbital energies/eV": [-28.50924376, -17.47894724, -17.09570909, -16.76666777, -16.23947035, -15.8059627, -15.52873813, -15.09798193, -14.68917593, -14.10849592, -14.06628017, -13.92931432, -13.53005761, -13.49842622, -13.16212609, -12.82119645, -12.54209082, -12.49749042, -12.24975954, -11.94822081, -11.79059006, -11.64207426, -11.56810268, -11.13407404, -11.1256938, -4.16364595, 0.43394985, 0.67380821, 0.83726565, 0.84748757, 1.60979076, 2.26605558, 2.45012239, 2.70590257, 3.1261232, 3.35198569, 3.72733057, 3.78171879, 3.91374311, 4.06005327, 4.54334362, 4.84020589, 4.9222102, 5.26276699, 5.40712039, 6.14055697, 6.31277117, 6.59997052, 7.1418514, 7.36843703, 7.81232591, 8.15872907], "fractional occupation": [2.0, 2.0, 2.0, 2.0, 2.0, 2.0, 2.0, 2.0, 2.0, 2.0, 2.0, 2.0, 2.0, 2.0, 2.0, 2.0, 2.0, 2.0, 2.0, 2.0, 2.0, 2.0, 2.0, 2.0, 2.0, 0.0, 0.0, 0.0, 0.0, 0.0, 0.0, 0.0, 0.0, 0.0, 0.0, 0.0, 0.0, 0.0, 0.0, 0.0, 0.0, 0.0, 0.0, 0.0, 0.0, 0.0, 0.0, 0.0, 0.0, 0.0, 0.0, 0.0], "program call": "xtb /home/svss/Project-DBcg-Debug/aqme2_20220329/End-to-End-workflows-final/example-3/QDESCP/mol_285_rdkit_conf_5/mol_285_rdkit_conf_5.xyz --pop --wbo --acc 0.2 --gfn 2 --chrg 0 --uhf 0 --etemp 300 --input /home/svss/Project-DBcg-Debug/aqme2_20220329/End-to-End-workflows-final/example-3/QDESCP/mol_285_rdkit_conf_5/mol_285_rdkit_conf_5_xtb.inp", "method": "GFN2-xTB", "xtb version": "6.3.3 (7355c4f)", "Dipole module/D": 2.488, "Total charge": 0, "Transition dipole module/D": NaN, "HOMO": -11.1257, "LUMO": -4.1636, "HOMO occupancy": 2.0, "LUMO occupancy": 0, "mulliken charges": [-0.08515, -0.03865, -0.04684, -0.04532, -0.04578, -0.05215, 0.07201, -0.16587, 0.02712, 0.02921, 0.0274, 0.02321, 0.02439, 0.02396, 0.02369, 0.02505, 0.02557, 0.02441, 0.02418, 0.03269, 0.0327, 0.03208, 0.03209], "cm5 charges": [-0.23561, -0.15105, -0.15736, -0.15612, -0.15642, -0.16101, -0.0312, -0.17549, 0.07886, 0.07999, 0.07882, 0.07781, 0.07861, 0.07888, 0.07889, 0.0805, 0.08153, 0.07977, 0.07953, 0.08826, 0.08827, 0.08727, 0.08728], "FUKUI+": [0.007, 0.005, 0.005, 0.006, 0.01, 0.035, -0.04, -0.446, 0.002, -0.014, -0.006, -0.008, -0.017, -0.011, -0.012, -0.018, -0.018, -0.033, -0.033, -0.06, -0.06, -0.146, -0.146], "FUKUI-": [0.016, 0.005, 0.005, -0.002, 0.007, 0.009, 0.029, -0.276, -0.072, -0.055, -0.048, -0.059, -0.101, -0.048, -0.045, -0.04, -0.046, -0.037, -0.042, -0.036, -0.037, -0.063, -0.064], "FUKUIrad": [0.012, 0.005, 0.005, 0.002, 0.009, 0.022, -0.005, -0.361, -0.035, -0.035, -0.027, -0.033, -0.059, -0.03, -0.028, -0.029, -0.032, -0.035, -0.038, -0.048, -0.049, -0.105, -0.105], "s proportion": [1.007, 1.027, 1.032, 1.032, 1.033, 1.036, 1.043, 1.949, 0.973, 0.971, 0.973, 0.977, 0.976, 0.976, 0.976, 0.975, 0.974, 0.976, 0.976, 0.967, 0.967, 0.968, 0.968], "p proportion": [3.078, 3.012, 3.015, 3.014, 3.013, 3.016, 2.885, 5.233, 0.0, 0.0, 0.0, 0.0, 0.0, 0.0, 0.0, 0.0, 0.0, 0.0, 0.0, 0.0, 0.0, 0.0, 0.0], "d proportion": [0.0, 0.0, 0.0, 0.0, 0.0, 0.0, 0.0, -0.016, 0.0, 0.0, 0.0, 0.0, 0.0, 0.0, 0.0, 0.0, 0.0, 0.0, 0.0, 0.0, 0.0, 0.0, 0.0], "Fermi-level/eV": -7.6447, "Coordination numbers": [3.749, 3.799, 3.801, 3.801, 3.802, 3.831, 3.714, 0.92, 0.924, 0.924, 0.924, 0.924, 0.924, 0.924, 0.924, 0.924, 0.924, 0.924, 0.924, 0.924, 0.924, 0.924, 0.924], "Dispersion coefficient C6": [22.486, 21.509, 21.614, 21.623, 21.665, 21.683, 20.136, 105.868, 2.532, 2.564, 2.534, 2.584, 2.597, 2.612, 2.566, 2.532, 2.484, 2.543, 2.551, 2.319, 2.317, 2.219, 2.219], "Total dispersion C6": 4393.237067, "Total dispersion C8": 104197.459967, "Polarizability alpha": [6.763, 6.603, 6.619, 6.621, 6.627, 6.625, 6.411, 15.741, 2.489, 2.504, 2.49, 2.514, 2.52, 2.528, 2.505, 2.489, 2.465, 2.494, 2.498, 2.381, 2.381, 2.33, 2.329], "Total polarizability alpha": 98.925785, "Wiberg matrix": [[0.0, 1.021074686927195, 0.0, 0.0, 0.0, 0.0, 0.0, 0.0, 0.9860895975852995, 0.9872173665345427, 0.9873553356428575, 0.0, 0.0, 0.0, 0.0, 0.0, 0.0, 0.0, 0.0, 0.0, 0.0, 0.0, 0.0], [1.021074686927195, 0.0, 1.0068883898224843, 0.0, 0.0, 0.0, 0.0, 0.0, 0.0, 0.0, 0.0, 0.9777613350648744, 0.9779465276866973, 0.0, 0.0, 0.0, 0.0, 0.0, 0.0, 0.0, 0.0, 0.0, 0.0], [0.0, 1.0068883898224843, 0.0, 1.007650651957697, 0.0, 0.0, 0.0, 0.0, 0.0, 0.0, 0.0, 0.0, 0.0, 0.9771382258429013, 0.977045009650788, 0.0, 0.0, 0.0, 0.0, 0.0, 0.0, 0.0, 0.0], [0.0, 0.0, 1.007650651957697, 0.0, 1.005929960501454, 0.0, 0.0, 0.0, 0.0, 0.0, 0.0, 0.0, 0.0, 0.0, 0.0, 0.9768932114995973, 0.9752328882231054, 0.0, 0.0, 0.0, 0.0, 0.0, 0.0], [0.0, 0.0, 0.0, 1.005929960501454, 0.0, 1.000844880688163, 0.0, 0.0, 0.0, 0.0, 0.0, 0.0, 0.0, 0.0, 0.0, 0.0, 0.0, 0.9770393017363366, 0.9768670342173815, 0.0, 0.0, 0.0, 0.0], [0.0, 0.0, 0.0, 0.0, 1.000844880688163, 0.0, 1.0141377311058535, 0.0, 0.0, 0.0, 0.0, 0.0, 0.0, 0.0, 0.0, 0.0, 0.0, 0.0, 0.0, 0.9753928375032805, 0.9754078931356605, 0.0, 0.0], [0.0, 0.0, 0.0, 0.0, 0.0, 1.0141377311058535, 0.0, 0.9467319699483472, 0.0, 0.0, 0.0, 0.0, 0.0, 0.0, 0.0, 0.0, 0.0, 0.0, 0.0, 0.0, 0.0, 0.9789648548583141, 0.9789556207104668], [0.0, 0.0, 0.0, 0.0, 0.0, 0.0, 0.9467319699483472, 0.0, 0.0, 0.0, 0.0, 0.0, 0.0, 0.0, 0.0, 0.0, 0.0, 0.0, 0.0, 0.0, 0.0, 0.0, 0.0], [0.9860895975852995, 0.0, 0.0, 0.0, 0.0, 0.0, 0.0, 0.0, 0.0, 0.0, 0.0, 0.0, 0.0, 0.0, 0.0, 0.0, 0.0, 0.0, 0.0, 0.0, 0.0, 0.0, 0.0], [0.9872173665345427, 0.0, 0.0, 0.0, 0.0, 0.0, 0.0, 0.0, 0.0, 0.0, 0.0, 0.0, 0.0, 0.0, 0.0, 0.0, 0.0, 0.0, 0.0, 0.0, 0.0, 0.0, 0.0], [0.9873553356428575, 0.0, 0.0, 0.0, 0.0, 0.0, 0.0, 0.0, 0.0, 0.0, 0.0, 0.0, 0.0, 0.0, 0.0, 0.0, 0.0, 0.0, 0.0, 0.0, 0.0, 0.0, 0.0], [0.0, 0.9777613350648744, 0.0, 0.0, 0.0, 0.0, 0.0, 0.0, 0.0, 0.0, 0.0, 0.0, 0.0, 0.0, 0.0, 0.0, 0.0, 0.0, 0.0, 0.0, 0.0, 0.0, 0.0], [0.0, 0.9779465276866973, 0.0, 0.0, 0.0, 0.0, 0.0, 0.0, 0.0, 0.0, 0.0, 0.0, 0.0, 0.0, 0.0, 0.0, 0.0, 0.0, 0.0, 0.0, 0.0, 0.0, 0.0], [0.0, 0.0, 0.9771382258429013, 0.0, 0.0, 0.0, 0.0, 0.0, 0.0, 0.0, 0.0, 0.0, 0.0, 0.0, 0.0, 0.0, 0.0, 0.0, 0.0, 0.0, 0.0, 0.0, 0.0], [0.0, 0.0, 0.977045009650788, 0.0, 0.0, 0.0, 0.0, 0.0, 0.0, 0.0, 0.0, 0.0, 0.0, 0.0, 0.0, 0.0, 0.0, 0.0, 0.0, 0.0, 0.0, 0.0, 0.0], [0.0, 0.0, 0.0, 0.9768932114995973, 0.0, 0.0, 0.0, 0.0, 0.0, 0.0, 0.0, 0.0, 0.0, 0.0, 0.0, 0.0, 0.0, 0.0, 0.0, 0.0, 0.0, 0.0, 0.0], [0.0, 0.0, 0.0, 0.9752328882231054, 0.0, 0.0, 0.0, 0.0, 0.0, 0.0, 0.0, 0.0, 0.0, 0.0, 0.0, 0.0, 0.0, 0.0, 0.0, 0.0, 0.0, 0.0, 0.0], [0.0, 0.0, 0.0, 0.0, 0.9770393017363366, 0.0, 0.0, 0.0, 0.0, 0.0, 0.0, 0.0, 0.0, 0.0, 0.0, 0.0, 0.0, 0.0, 0.0, 0.0, 0.0, 0.0, 0.0], [0.0, 0.0, 0.0, 0.0, 0.9768670342173815, 0.0, 0.0, 0.0, 0.0, 0.0, 0.0, 0.0, 0.0, 0.0, 0.0, 0.0, 0.0, 0.0, 0.0, 0.0, 0.0, 0.0, 0.0], [0.0, 0.0, 0.0, 0.0, 0.0, 0.9753928375032805, 0.0, 0.0, 0.0, 0.0, 0.0, 0.0, 0.0, 0.0, 0.0, 0.0, 0.0, 0.0, 0.0, 0.0, 0.0, 0.0, 0.0], [0.0, 0.0, 0.0, 0.0, 0.0, 0.9754078931356605, 0.0, 0.0, 0.0, 0.0, 0.0, 0.0, 0.0, 0.0, 0.0, 0.0, 0.0, 0.0, 0.0, 0.0, 0.0, 0.0, 0.0], [0.0, 0.0, 0.0, 0.0, 0.0, 0.0, 0.9789648548583141, 0.0, 0.0, 0.0, 0.0, 0.0, 0.0, 0.0, 0.0, 0.0, 0.0, 0.0, 0.0, 0.0, 0.0, 0.0, 0.0], [0.0, 0.0, 0.0, 0.0, 0.0, 0.0, 0.9789556207104668, 0.0, 0.0, 0.0, 0.0, 0.0, 0.0, 0.0, 0.0, 0.0, 0.0, 0.0, 0.0, 0.0, 0.0, 0.0, 0.0]], "Born radii": [], "Atomic SASAs": [], "Solvent H bonds": [], "Total SASA": NaN, "Total FOD": 0.0, "FOD": [0.0, 0.0, 0.0, 0.0, 0.0, 0.0, 0.0, 0.0, 0.0, 0.0, 0.0, 0.0, 0.0, 0.0, 0.0, 0.0, 0.0, 0.0, 0.0, 0.0, 0.0, 0.0, 0.0], "FOD s proportion": [0.0, 0.0, 0.0, 0.0, 0.0, 0.0, 0.0, 0.0, 0.0, 0.0, 0.0, 0.0, 0.0, 0.0, 0.0, 0.0, 0.0, 0.0, 0.0, 0.0, 0.0, 0.0, 0.0], "FOD p proportion": [0.0, 0.0, 0.0, 0.0, 0.0, 0.0, 0.0, 0.0, 0.0, 0.0, 0.0, 0.0, 0.0, 0.0, 0.0, 0.0, 0.0, 0.0, 0.0, 0.0, 0.0, 0.0, 0.0], "FOD d proportion": [0.0, 0.0, 0.0, 0.0, 0.0, 0.0, 0.0, 0.0, 0.0, 0.0, 0.0, 0.0, 0.0, 0.0, 0.0, 0.0, 0.0, 0.0, 0.0, 0.0, 0.0, 0.0, 0.0], "coordinates": [["-3.31220", "0.05450", "-0.01780"], ["-2.49870", "-0.65890", "1.05100"], ["-1.09070", "-1.04400", "0.59200"], ["-0.19520", "0.16320", "0.30460"], ["1.22870", "-0.27450", "-0.04630"], ["2.12590", "0.93000", "-0.33740"], ["3.54110", "0.48770", "-0.68540"], ["4.56810", "1.90060", "-1.02030"], ["-2.88810", "1.03370", "-0.25840"], ["-4.33600", "0.21540", "0.33500"], ["-3.36000", "-0.53820", "-0.93670"], ["-2.44040", "-0.02900", "1.94620"], ["-3.03100", "-1.57270", "1.34090"], ["-0.62920", "-1.65350", "1.37880"], ["-1.15560", "-1.67770", "-0.30090"], ["-0.17110", "0.82040", "1.18230"], ["-0.60600", "0.74600", "-0.52740"], ["1.20440", "-0.93470", "-0.92190"], ["1.65060", "-0.85380", "0.78410"], ["1.70250", "1.50870", "-1.16770"], ["2.14730", "1.58970", "0.53890"], ["3.99670", "-0.06560", "0.14130"], ["3.54880", "-0.14730", "-1.57640"]], "bond_dist": [[0.0, 1.520873186692434, 2.5521795665665845, 3.1355137457839346, 4.552892054507772, 5.517388514505754, 6.899353077644309, 8.155502409416602, 1.0938838192422446, 1.0947707933627024, 1.0945114617947131, 2.1504193753777425, 2.1384384419477684, 3.4736500341859426, 2.7805729643366672, 3.448673952405475, 2.839257446939252, 4.711219482257221, 5.108564998118355, 5.346417841882544, 5.698499291918883, 7.31161788046941, 7.038698615511251], [1.520873186692434, 0.0, 1.5301787509961051, 2.5571612424718158, 3.9045283210651704, 5.083225642247253, 6.388189145603, 7.796216145028305, 2.175098958668318, 2.1570182613969684, 2.1696445492292047, 1.096155071146414, 1.096547190047013, 2.1428280962317063, 2.1609036674502637, 2.761030593818185, 2.836794645370017, 4.204919697211827, 4.162440643420636, 5.22218353660612, 5.186883878592232, 6.585573637884554, 6.613412248605102], [2.5521795665665845, 1.5301787509961051, 0.0, 1.530310703746138, 2.525702575522304, 3.886769342268718, 5.042958148745635, 6.579680682981508, 2.8758762508146978, 3.4905743725066225, 2.7825311894029148, 2.164664576787822, 2.145958757758406, 1.0970536632271004, 1.0968400567083607, 2.161042713599155, 2.166123369062806, 2.7516038432158068, 2.7545969106204993, 4.1731028767572935, 4.174187262210453, 5.2001957472772125, 5.199133552814353], [3.1355137457839346, 2.5571612424718158, 1.530310703746138, 0.0, 1.5304258590340143, 2.527380353251168, 3.87883203297075, 5.240510057236795, 2.8855588124313116, 4.141240591899969, 3.4711304628319577, 2.787958830399043, 3.4826754284601376, 2.154683394376074, 2.1628479419506124, 1.0967451572721896, 1.0957355885431486, 2.1606866547465877, 2.161292874647025, 2.7530533649023226, 2.7526541718857453, 4.201314311022207, 4.201441092054011], [4.552892054507772, 3.9045283210651704, 2.525702575522304, 1.5304258590340143, 0.0, 1.5298781977660838, 2.5172587093900383, 4.102600196217028, 4.324860216238208, 5.5992211770924, 4.681721642729307, 4.182418117548746, 4.664192445643726, 2.7174148413519785, 2.7782508688021674, 2.160486984455125, 2.1538341509967753, 1.0968727774906257, 1.0968829746148856, 2.1591263603596706, 2.159056886698449, 2.7822036176383644, 2.7821304534475013], [5.517388514505754, 5.083225642247253, 3.886769342268718, 2.527380353251168, 1.5298781977660838, 0.0, 1.522998466840988, 2.715282233949171, 5.015694437463272, 6.5359717357100005, 5.710505278869813, 5.194767141075719, 5.97275613012954, 4.148540791651928, 4.191619471039804, 2.7563942479260835, 2.744673680057431, 2.160534329743455, 2.160003421293587, 1.0970685211052225, 1.0970705264475935, 2.1726172442471317, 2.1726345067682233], [6.899353077644309, 6.388189145603, 5.042958148745635, 3.87883203297075, 2.5172587093900383, 1.522998466840988, 0.0, 1.7785312535910074, 6.466456343315093, 7.947582516715382, 6.981461430818048, 6.555199440139103, 7.179389825047809, 5.1222125268286165, 5.186114952447545, 4.168863324696553, 4.158139163135356, 2.745782383948153, 2.744638910676594, 2.1576617552341237, 2.1577749952207714, 1.0941412797257948, 1.094150487821488], [8.155502409416602, 7.796216145028305, 6.579680682981508, 5.240510057236795, 4.102600196217028, 2.715282233949171, 1.7785312535910074, 0.0, 7.544993416829469, 9.162954432932645, 8.295149426622766, 7.851277008232482, 8.682476555683866, 6.737895436261979, 6.788409897759563, 5.336505920543891, 5.324224110609921, 4.4003507064778375, 4.399361882137, 2.896027577562065, 2.896210643237125, 2.3540932351969412, 2.354169515986477], [1.0938838192422446, 2.175098958668318, 2.8758762508146978, 2.8855588124313116, 4.324860216238208, 5.015694437463272, 6.466456343315093, 7.544993416829469, 0.0, 1.765829227303705, 1.7758519392111494, 2.487976635742386, 3.061290881311346, 3.8735122163225455, 3.217926733162208, 3.0827264523470133, 2.3158395238012504, 4.589486579128432, 5.024864196174858, 4.703834589991446, 5.128360015638528, 6.983458428314727, 6.675744648351972], [1.0947707933627024, 2.1570182613969684, 3.4905743725066225, 4.141240591899969, 5.5992211770924, 6.5359717357100005, 7.947582516715382, 9.162954432932645, 1.765829227303705, 0.0, 1.771358193590444, 2.499799223937795, 2.431493660283736, 4.280499023478455, 3.7554148346088216, 4.293056521873432, 3.864992900381578, 5.7964264663670155, 6.097889717763024, 6.355644297000895, 6.630494294545467, 8.339686443745952, 8.121272824502327], [1.0945114617947131, 2.1696445492292047, 2.7825311894029148, 3.4711304628319577, 4.681721642729307, 5.710505278869813, 6.981461430818048, 8.295149426622766, 1.7758519392111494, 1.771358193590444, 0.0, 3.068560119991133, 2.523072137296118, 3.7500270639023396, 2.561655958554934, 4.062639310842153, 3.0661396135857872, 4.58161310566486, 5.307246777755864, 5.46553445328085, 6.085696924757261, 7.450266414699544, 6.949355102453751], [2.1504193753777425, 1.096155071146414, 2.164664576787822, 2.787958830399043, 4.182418117548746, 5.194767141075719, 6.555199440139103, 7.851277008232482, 2.487976635742386, 2.499799223937795, 3.068560119991133, 0.0, 1.7601721904404695, 2.498277096320582, 3.0689381127679978, 2.5406192276687194, 3.175585823119885, 4.725553633173577, 4.332095618750814, 5.40597030236016, 5.064353292376036, 6.685451366960947, 6.949332506795167], [2.1384384419477684, 1.096547190047013, 2.145958757758406, 3.4826754284601376, 4.664192445643726, 5.97275613012954, 7.179389825047809, 8.682476555683866, 3.061290881311346, 2.431493660283736, 2.523072137296118, 1.7601721904404695, 0.0, 2.4034575698355902, 2.4947259168092994, 3.732440164289309, 3.840252541174864, 4.844163601696375, 4.769090270691047, 6.180139332571718, 6.120356905442688, 7.286903173502445, 7.337313710752731], [3.4736500341859426, 2.1428280962317063, 1.0970536632271004, 2.154683394376074, 2.7174148413519785, 4.148540791651928, 5.1222125268286165, 6.737895436261979, 3.8735122163225455, 4.280499023478455, 3.7500270639023396, 2.498277096320582, 2.4034575698355902, 0.0, 1.760418896172158, 2.5236182496566313, 3.0645940889455487, 3.028528172231521, 2.488106955096585, 4.681986328472137, 4.351175760642174, 5.044976062381267, 5.334559914369694], [2.7805729643366672, 2.1609036674502637, 1.0968400567083607, 2.1628479419506124, 2.7782508688021674, 4.191619471039804, 5.186114952447545, 6.788409897759563, 3.217926733162208, 3.7554148346088216, 2.561655958554934, 3.0689381127679978, 2.4947259168092994, 1.760418896172158, 0.0, 3.067511385471943, 2.495532828876431, 2.550939042784049, 3.1194221660429355, 4.367290099134702, 4.721262035727312, 5.416696644634994, 5.108855426609761], [3.448673952405475, 2.761030593818185, 2.161042713599155, 1.0967451572721896, 2.160486984455125, 2.7563942479260835, 4.168863324696553, 5.336505920543891, 3.0827264523470133, 4.293056521873432, 4.062639310842153, 2.5406192276687194, 3.732440164289309, 2.5236182496566313, 3.067511385471943, 0.0, 1.7657144333102108, 3.065947471826613, 2.506012723431388, 3.0832829662552865, 2.526017539527388, 4.3862551043002505, 4.731228697706337], [2.839257446939252, 2.836794645370017, 2.166123369062806, 1.0957355885431486, 2.1538341509967753, 2.744673680057431, 4.158139163135356, 5.324224110609921, 2.3158395238012504, 3.864992900381578, 3.0661396135857872, 3.175585823119885, 3.840252541174864, 3.0645940889455487, 2.495532828876431, 1.7657144333102108, 0.0, 2.5015856771256106, 3.0613127657918264, 2.514133574414852, 3.0707468586648425, 4.721302949398609, 4.377299273524716], [4.711219482257221, 4.204919697211827, 2.7516038432158068, 2.1606866547465877, 1.0968727774906257, 2.160534329743455, 2.745782383948153, 4.4003507064778375, 4.589486579128432, 5.7964264663670155, 4.58161310566486, 4.725553633173577, 4.844163601696375, 3.028528172231521, 2.550939042784049, 3.065947471826613, 2.5015856771256106, 0.0, 1.7652408475899257, 2.5057383762076997, 3.0652230603987047, 3.111698626152603, 2.5582377469656725], [5.108564998118355, 4.162440643420636, 2.7545969106204993, 2.161292874647025, 1.0968829746148856, 2.160003421293587, 2.744638910676594, 4.399361882137, 5.024864196174858, 6.097889717763024, 5.307246777755864, 4.332095618750814, 4.769090270691047, 2.488106955096585, 3.1194221660429355, 2.506012723431388, 3.0613127657918264, 1.7652408475899257, 0.0, 3.064901809193893, 2.505499187786737, 2.5570757302043283, 3.1103481702214624], [5.346417841882544, 5.22218353660612, 4.1731028767572935, 2.7530533649023226, 2.1591263603596706, 1.0970685211052225, 2.1576617552341237, 2.896027577562065, 4.703834589991446, 6.355644297000895, 5.46553445328085, 5.40597030236016, 6.180139332571718, 4.681986328472137, 4.367290099134702, 3.0832829662552865, 2.514133574414852, 2.5057383762076997, 3.064901809193893, 0.0, 1.7654720615178252, 3.0749398579484444, 2.5136020727235246], [5.698499291918883, 5.186883878592232, 4.174187262210453, 2.7526541718857453, 2.159056886698449, 1.0970705264475935, 2.1577749952207714, 2.896210643237125, 5.128360015638528, 6.630494294545467, 6.085696924757261, 5.064353292376036, 6.120356905442688, 4.351175760642174, 4.721262035727312, 2.526017539527388, 3.0707468586648425, 3.0652230603987047, 2.505499187786737, 1.7654720615178252, 0.0, 2.513639634076452, 3.075039079426471], [7.31161788046941, 6.585573637884554, 5.2001957472772125, 4.201314311022207, 2.7822036176383644, 2.1726172442471317, 1.0941412797257948, 2.3540932351969412, 6.983458428314727, 8.339686443745952, 7.450266414699544, 6.685451366960947, 7.286903173502445, 5.044976062381267, 5.416696644634994, 4.3862551043002505, 4.721302949398609, 3.111698626152603, 2.5570757302043283, 3.0749398579484444, 2.513639634076452, 0.0, 1.777015078720493], [7.038698615511251, 6.613412248605102, 5.199133552814353, 4.201441092054011, 2.7821304534475013, 2.1726345067682233, 1.094150487821488, 2.354169515986477, 6.675744648351972, 8.121272824502327, 6.949355102453751, 6.949332506795167, 7.337313710752731, 5.334559914369694, 5.108855426609761, 4.731228697706337, 4.377299273524716, 2.5582377469656725, 3.1103481702214624, 2.5136020727235246, 3.075039079426471, 1.777015078720493, 0.0]]}