{"total energy": -27.36669413, "HOMO-LUMO gap/eV": 6.86361569, "electronic energy": -27.83983666, "dipole": [-0.27793, 0.01470187, 0.09300394], "partial charges": [-0.10008092, -0.05169904, -0.05760196, -0.05732245, -0.05705468, -0.05087195, -0.03841673, -0.02809048, -0.11390264, 0.03151111, 0.03105721, 0.03179421, 0.02911834, 0.02989347, 0.02932197, 0.02969844, 0.02785148, 0.02878658, 0.02924793, 0.03058377, 0.03173106, 0.03145857, 0.04687708, 0.04703601, 0.06907361], "atomic dipole moments": [[0.09415014, -0.01257497, -0.02927232], [-0.056535, 0.09663379, -0.01281271], [0.05571129, -0.09514596, 0.00489819], [-0.02081161, -0.00757576, 0.10649661], [0.02184758, 0.0140105, -0.10844198], [-0.01750923, -0.01550147, 0.11154492], [-0.04990373, 0.0171541, -0.07493896], [-0.3933694, 0.0194237, 0.16553767], [0.30405493, -0.01414506, -0.13338355], [-0.07516259, 0.02855287, -0.09692012], [-0.0434945, -0.1048025, 0.05165706], [-0.0092769, 0.09173287, 0.08590479], [0.00214356, -0.0956804, -0.07857892], [0.06374602, -0.0350849, 0.09982629], [-0.07102315, 0.03846795, -0.09154635], [-0.00138978, 0.09460054, 0.08072939], [0.02726743, 0.10110071, -0.06230242], [-0.00019406, -0.08962198, -0.08657545], [-0.00362175, 0.08779167, 0.08776845], [-0.02360225, -0.10743032, 0.05781023], [0.00402302, -0.08767162, -0.09073965], [0.02636528, 0.10730997, -0.06060172], [-0.03009681, -0.11040393, 0.061623], [-0.00718122, 0.0910299, 0.09256435], [0.1967459, -0.00928396, -0.0855781]], "atomic quadrupole moments": [[0.19645137, -0.04154557, -0.10355491, -0.1020783, 0.00461011, -0.09289647], [0.13670169, 0.03760853, 0.01466469, -0.14236804, -0.09857883, -0.15136638], [0.11120037, 0.04680354, 0.0093744, -0.16039449, -0.09818858, -0.12057477], [0.20637308, -0.07583014, -0.20411164, 0.03178642, -0.0334081, -0.00226144], [0.21197007, -0.0517745, -0.22949319, 0.02531231, -0.04259292, 0.01752312], [0.21726277, -0.05965254, -0.22857261, 0.04634164, -0.04604779, 0.01130984], [0.11934023, -0.04860883, -0.15592156, 0.10383737, -0.04356981, 0.03658134], [-0.73190931, 0.0549297, 0.47843121, 0.54167503, -0.02683939, 0.25347811], [-0.85864328, 0.06596843, 0.55721494, 0.62300164, -0.03129152, 0.30142834], [-0.00187355, -0.01997645, -0.04475276, 0.04451584, -0.02323782, 0.04662631], [-0.0201216, 0.0260265, 0.05152666, -0.0212152, -0.04627857, -0.03140506], [-0.02754931, 0.00278347, 0.02188812, 0.00224679, 0.06617397, 0.00566119], [-0.02493782, 0.00704915, 0.00827443, -0.00794388, 0.04500547, 0.01666338], [0.00889024, -0.00058925, -0.03446614, 0.03698749, -0.01506798, 0.0255759], [0.01317668, -3.89e-06, -0.03680632, 0.03646028, -0.02205707, 0.02362964], [-0.02979466, 0.01506567, 0.00724606, -0.00282482, 0.04298543, 0.02254859], [-0.00536664, 0.01940796, 0.03454346, -0.00465841, -0.03781275, -0.02917682], [-0.01969514, -0.0036801, 0.02887145, 0.00937083, 0.0447062, -0.00917631], [-0.02166255, -0.0027605, 0.02325026, 0.00229204, 0.04588448, -0.0015877], [-0.01526925, 0.01740648, 0.04036764, -0.00452905, -0.03010792, -0.0250984], [-0.01932031, -0.00280589, 0.02362293, 0.00313375, 0.04342171, -0.00430262], [-0.0151911, 0.01472798, 0.04203897, -0.00286135, -0.02819629, -0.02684787], [-0.02064998, 0.01561265, 0.04390383, 0.00350256, -0.03301098, -0.02325385], [-0.02493983, -0.00440734, 0.02358739, 0.00973767, 0.04563507, 0.00135244], [-0.03043735, 0.00245098, 0.01968622, 0.02137545, -0.00104907, 0.01075113]], "number of molecular orbitals": 52, "number of electrons": 52, "number of unpaired electrons": 0, "orbital energies/eV": [-17.04662449, -16.88362995, -16.59707057, -16.30881034, -15.96725373, -15.42880639, -15.27637221, -15.00300443, -14.19887032, -14.12261942, -13.86110846, -13.60100334, -13.47508906, -13.19465788, -12.96457979, -12.81536277, -12.57685234, -12.24242275, -12.14688581, -11.97590217, -11.74051413, -11.6207634, -11.46982417, -11.34922348, -10.87051801, -10.83066339, -3.9670477, -3.86149411, 0.95442599, 2.0670562, 2.54373459, 2.85862991, 3.11553177, 3.31978733, 3.54141161, 4.15895502, 4.1868956, 4.41562383, 4.58290041, 4.86775689, 5.27081676, 5.5013539, 5.89203352, 6.10366424, 6.65235277, 6.91772598, 7.22841599, 7.44756511, 8.21738707, 8.35731816, 8.55077002, 38.02055424], "fractional occupation": [2.0, 2.0, 2.0, 2.0, 2.0, 2.0, 2.0, 2.0, 2.0, 2.0, 2.0, 2.0, 2.0, 2.0, 2.0, 2.0, 2.0, 2.0, 2.0, 2.0, 2.0, 2.0, 2.0, 2.0, 2.0, 2.0, 0.0, 0.0, 0.0, 0.0, 0.0, 0.0, 0.0, 0.0, 0.0, 0.0, 0.0, 0.0, 0.0, 0.0, 0.0, 0.0, 0.0, 0.0, 0.0, 0.0, 0.0, 0.0, 0.0, 0.0, 0.0, 0.0], "program call": "xtb /home/svss/Project-DBcg-Debug/aqme2_20220329/End-to-End-workflows-final/example-3/QDESCP/mol_198_rdkit_conf_9/mol_198_rdkit_conf_9.xyz --pop --wbo --acc 0.2 --gfn 2 --chrg 0 --uhf 0 --etemp 300 --input /home/svss/Project-DBcg-Debug/aqme2_20220329/End-to-End-workflows-final/example-3/QDESCP/mol_198_rdkit_conf_9/mol_198_rdkit_conf_9_xtb.inp", "method": "GFN2-xTB", "xtb version": "6.3.3 (7355c4f)", "Dipole module/D": 0.746, "Total charge": 0, "Transition dipole module/D": NaN, "HOMO": -10.8307, "LUMO": -3.967, "HOMO occupancy": 2.0, "LUMO occupancy": 0, "mulliken charges": [-0.08329, -0.04005, -0.04688, -0.04529, -0.0483, -0.0408, -0.02097, -0.02696, -0.10607, 0.02672, 0.02834, 0.02674, 0.02252, 0.02204, 0.02483, 0.02324, 0.02473, 0.0238, 0.02362, 0.02363, 0.02747, 0.02731, 0.03743, 0.03745, 0.05874], "cm5 charges": [-0.23371, -0.15271, -0.15738, -0.15585, -0.15907, -0.14976, -0.12348, -0.03906, -0.15752, 0.07801, 0.0791, 0.07804, 0.07733, 0.07733, 0.07973, 0.07843, 0.07966, 0.07901, 0.07908, 0.0796, 0.08285, 0.08269, 0.09276, 0.09277, 0.11215], "FUKUI+": [0.006, 0.003, 0.003, 0.0, 0.004, -0.007, 0.016, -0.221, -0.191, -0.011, -0.014, -0.008, -0.007, 0.001, -0.024, -0.014, -0.016, -0.018, -0.028, -0.028, -0.038, -0.038, -0.094, -0.094, -0.181], "FUKUI-": [0.018, 0.004, 0.01, 0.01, 0.007, 0.01, 0.007, -0.063, -0.081, -0.066, -0.05, -0.05, -0.062, -0.077, -0.073, -0.05, -0.052, -0.035, -0.037, -0.045, -0.049, -0.056, -0.072, -0.071, -0.078], "FUKUIrad": [0.012, 0.003, 0.006, 0.005, 0.005, 0.002, 0.012, -0.142, -0.136, -0.038, -0.032, -0.029, -0.035, -0.038, -0.049, -0.032, -0.034, -0.027, -0.032, -0.036, -0.043, -0.047, -0.083, -0.083, -0.129], "s proportion": [1.008, 1.027, 1.032, 1.032, 1.032, 1.033, 1.021, 1.113, 1.088, 0.973, 0.972, 0.973, 0.977, 0.978, 0.975, 0.977, 0.975, 0.976, 0.976, 0.976, 0.973, 0.973, 0.963, 0.963, 0.941], "p proportion": [3.076, 3.013, 3.015, 3.013, 3.016, 3.008, 3.0, 2.914, 3.018, 0.0, 0.0, 0.0, 0.0, 0.0, 0.0, 0.0, 0.0, 0.0, 0.0, 0.0, 0.0, 0.0, 0.0, 0.0, 0.0], "d proportion": [0.0, 0.0, 0.0, 0.0, 0.0, 0.0, 0.0, 0.0, 0.0, 0.0, 0.0, 0.0, 0.0, 0.0, 0.0, 0.0, 0.0, 0.0, 0.0, 0.0, 0.0, 0.0, 0.0, 0.0, 0.0], "Fermi-level/eV": -7.3989, "Coordination numbers": [3.75, 3.799, 3.801, 3.8, 3.801, 3.805, 3.803, 1.965, 1.908, 0.924, 0.924, 0.924, 0.924, 0.924, 0.924, 0.924, 0.924, 0.924, 0.924, 0.924, 0.924, 0.924, 0.924, 0.924, 0.927], "Dispersion coefficient C6": [22.475, 21.503, 21.61, 21.605, 21.6, 21.483, 21.258, 31.817, 34.278, 2.565, 2.572, 2.561, 2.599, 2.588, 2.596, 2.591, 2.617, 2.604, 2.597, 2.578, 2.562, 2.566, 2.359, 2.357, 2.095], "Total dispersion C6": 4812.354903, "Total dispersion C8": 105516.376601, "Polarizability alpha": [6.761, 6.603, 6.619, 6.618, 6.617, 6.598, 6.564, 9.109, 9.455, 2.505, 2.508, 2.503, 2.521, 2.516, 2.52, 2.517, 2.53, 2.524, 2.52, 2.511, 2.503, 2.505, 2.402, 2.401, 2.264], "Total polarizability alpha": 104.693528, "Wiberg matrix": [[0.0, 1.0197709043936682, 0.0, 0.0, 0.0, 0.0, 0.0, 0.0, 0.0, 0.9876634609309966, 0.9874872946302793, 0.9878356074555328, 0.0, 0.0, 0.0, 0.0, 0.0, 0.0, 0.0, 0.0, 0.0, 0.0, 0.0, 0.0, 0.0], [1.0197709043936682, 0.0, 1.0088387270758152, 0.0, 0.0, 0.0, 0.0, 0.0, 0.0, 0.0, 0.0, 0.0, 0.9779676160810573, 0.9763800772560417, 0.0, 0.0, 0.0, 0.0, 0.0, 0.0, 0.0, 0.0, 0.0, 0.0, 0.0], [0.0, 1.0088387270758152, 0.0, 1.0061972528796803, 0.0, 0.0, 0.0, 0.0, 0.0, 0.0, 0.0, 0.0, 0.0, 0.0, 0.9767450646548389, 0.9771818934312708, 0.0, 0.0, 0.0, 0.0, 0.0, 0.0, 0.0, 0.0, 0.0], [0.0, 0.0, 1.0061972528796803, 0.0, 1.0076373708723991, 0.0, 0.0, 0.0, 0.0, 0.0, 0.0, 0.0, 0.0, 0.0, 0.0, 0.0, 0.9770240052217929, 0.9773108006501443, 0.0, 0.0, 0.0, 0.0, 0.0, 0.0, 0.0], [0.0, 0.0, 0.0, 1.0076373708723991, 0.0, 1.0055016726789614, 0.0, 0.0, 0.0, 0.0, 0.0, 0.0, 0.0, 0.0, 0.0, 0.0, 0.0, 0.0, 0.9770999120655581, 0.9754363889822109, 0.0, 0.0, 0.0, 0.0, 0.0], [0.0, 0.0, 0.0, 0.0, 1.0055016726789614, 0.0, 0.9900147574764131, 0.0, 0.0, 0.0, 0.0, 0.0, 0.0, 0.0, 0.0, 0.0, 0.0, 0.0, 0.0, 0.0, 0.9779394841597064, 0.9777443874294878, 0.0, 0.0, 0.0], [0.0, 0.0, 0.0, 0.0, 0.0, 0.9900147574764131, 0.0, 1.0441111386923787, 0.0, 0.0, 0.0, 0.0, 0.0, 0.0, 0.0, 0.0, 0.0, 0.0, 0.0, 0.0, 0.0, 0.0, 0.9576228790612736, 0.9576268697404828, 0.0], [0.0, 0.0, 0.0, 0.0, 0.0, 0.0, 1.0441111386923787, 0.0, 2.902356169659834, 0.0, 0.0, 0.0, 0.0, 0.0, 0.0, 0.0, 0.0, 0.0, 0.0, 0.0, 0.0, 0.0, 0.0, 0.0, 0.0], [0.0, 0.0, 0.0, 0.0, 0.0, 0.0, 0.0, 2.902356169659834, 0.0, 0.0, 0.0, 0.0, 0.0, 0.0, 0.0, 0.0, 0.0, 0.0, 0.0, 0.0, 0.0, 0.0, 0.0, 0.0, 0.970730715273726], [0.9876634609309966, 0.0, 0.0, 0.0, 0.0, 0.0, 0.0, 0.0, 0.0, 0.0, 0.0, 0.0, 0.0, 0.0, 0.0, 0.0, 0.0, 0.0, 0.0, 0.0, 0.0, 0.0, 0.0, 0.0, 0.0], [0.9874872946302793, 0.0, 0.0, 0.0, 0.0, 0.0, 0.0, 0.0, 0.0, 0.0, 0.0, 0.0, 0.0, 0.0, 0.0, 0.0, 0.0, 0.0, 0.0, 0.0, 0.0, 0.0, 0.0, 0.0, 0.0], [0.9878356074555328, 0.0, 0.0, 0.0, 0.0, 0.0, 0.0, 0.0, 0.0, 0.0, 0.0, 0.0, 0.0, 0.0, 0.0, 0.0, 0.0, 0.0, 0.0, 0.0, 0.0, 0.0, 0.0, 0.0, 0.0], [0.0, 0.9779676160810573, 0.0, 0.0, 0.0, 0.0, 0.0, 0.0, 0.0, 0.0, 0.0, 0.0, 0.0, 0.0, 0.0, 0.0, 0.0, 0.0, 0.0, 0.0, 0.0, 0.0, 0.0, 0.0, 0.0], [0.0, 0.9763800772560417, 0.0, 0.0, 0.0, 0.0, 0.0, 0.0, 0.0, 0.0, 0.0, 0.0, 0.0, 0.0, 0.0, 0.0, 0.0, 0.0, 0.0, 0.0, 0.0, 0.0, 0.0, 0.0, 0.0], [0.0, 0.0, 0.9767450646548389, 0.0, 0.0, 0.0, 0.0, 0.0, 0.0, 0.0, 0.0, 0.0, 0.0, 0.0, 0.0, 0.0, 0.0, 0.0, 0.0, 0.0, 0.0, 0.0, 0.0, 0.0, 0.0], [0.0, 0.0, 0.9771818934312708, 0.0, 0.0, 0.0, 0.0, 0.0, 0.0, 0.0, 0.0, 0.0, 0.0, 0.0, 0.0, 0.0, 0.0, 0.0, 0.0, 0.0, 0.0, 0.0, 0.0, 0.0, 0.0], [0.0, 0.0, 0.0, 0.9770240052217929, 0.0, 0.0, 0.0, 0.0, 0.0, 0.0, 0.0, 0.0, 0.0, 0.0, 0.0, 0.0, 0.0, 0.0, 0.0, 0.0, 0.0, 0.0, 0.0, 0.0, 0.0], [0.0, 0.0, 0.0, 0.9773108006501443, 0.0, 0.0, 0.0, 0.0, 0.0, 0.0, 0.0, 0.0, 0.0, 0.0, 0.0, 0.0, 0.0, 0.0, 0.0, 0.0, 0.0, 0.0, 0.0, 0.0, 0.0], [0.0, 0.0, 0.0, 0.0, 0.9770999120655581, 0.0, 0.0, 0.0, 0.0, 0.0, 0.0, 0.0, 0.0, 0.0, 0.0, 0.0, 0.0, 0.0, 0.0, 0.0, 0.0, 0.0, 0.0, 0.0, 0.0], [0.0, 0.0, 0.0, 0.0, 0.9754363889822109, 0.0, 0.0, 0.0, 0.0, 0.0, 0.0, 0.0, 0.0, 0.0, 0.0, 0.0, 0.0, 0.0, 0.0, 0.0, 0.0, 0.0, 0.0, 0.0, 0.0], [0.0, 0.0, 0.0, 0.0, 0.0, 0.9779394841597064, 0.0, 0.0, 0.0, 0.0, 0.0, 0.0, 0.0, 0.0, 0.0, 0.0, 0.0, 0.0, 0.0, 0.0, 0.0, 0.0, 0.0, 0.0, 0.0], [0.0, 0.0, 0.0, 0.0, 0.0, 0.9777443874294878, 0.0, 0.0, 0.0, 0.0, 0.0, 0.0, 0.0, 0.0, 0.0, 0.0, 0.0, 0.0, 0.0, 0.0, 0.0, 0.0, 0.0, 0.0, 0.0], [0.0, 0.0, 0.0, 0.0, 0.0, 0.0, 0.9576228790612736, 0.0, 0.0, 0.0, 0.0, 0.0, 0.0, 0.0, 0.0, 0.0, 0.0, 0.0, 0.0, 0.0, 0.0, 0.0, 0.0, 0.0, 0.0], [0.0, 0.0, 0.0, 0.0, 0.0, 0.0, 0.9576268697404828, 0.0, 0.0, 0.0, 0.0, 0.0, 0.0, 0.0, 0.0, 0.0, 0.0, 0.0, 0.0, 0.0, 0.0, 0.0, 0.0, 0.0, 0.0], [0.0, 0.0, 0.0, 0.0, 0.0, 0.0, 0.0, 0.0, 0.970730715273726, 0.0, 0.0, 0.0, 0.0, 0.0, 0.0, 0.0, 0.0, 0.0, 0.0, 0.0, 0.0, 0.0, 0.0, 0.0, 0.0]], "Born radii": [], "Atomic SASAs": [], "Solvent H bonds": [], "Total SASA": NaN, "Total FOD": 0.0, "FOD": [0.0, 0.0, 0.0, 0.0, 0.0, 0.0, 0.0, 0.0, 0.0, 0.0, 0.0, 0.0, 0.0, 0.0, 0.0, 0.0, 0.0, 0.0, 0.0, 0.0, 0.0, 0.0, 0.0, 0.0, 0.0], "FOD s proportion": [0.0, 0.0, 0.0, 0.0, 0.0, 0.0, 0.0, 0.0, 0.0, 0.0, 0.0, 0.0, 0.0, 0.0, 0.0, 0.0, 0.0, 0.0, 0.0, 0.0, 0.0, 0.0, 0.0, 0.0, 0.0], "FOD p proportion": [0.0, 0.0, 0.0, 0.0, 0.0, 0.0, 0.0, 0.0, 0.0, 0.0, 0.0, 0.0, 0.0, 0.0, 0.0, 0.0, 0.0, 0.0, 0.0, 0.0, 0.0, 0.0, 0.0, 0.0, 0.0], "FOD d proportion": [0.0, 0.0, 0.0, 0.0, 0.0, 0.0, 0.0, 0.0, 0.0, 0.0, 0.0, 0.0, 0.0, 0.0, 0.0, 0.0, 0.0, 0.0, 0.0, 0.0, 0.0, 0.0, 0.0, 0.0, 0.0], "coordinates": [["-3.97780", "-0.38780", "0.72830"], ["-2.53860", "-0.59510", "0.28110"], ["-1.96520", "0.67140", "-0.35550"], ["-0.55670", "0.48210", "-0.92600"], ["0.50050", "0.20150", "0.14420"], ["1.90260", "0.13500", "-0.46630"], ["2.96100", "-0.14900", "0.59950"], ["4.30560", "-0.21120", "0.00770"], ["5.40500", "-0.26270", "-0.47260"], ["-4.61960", "-0.13070", "-0.12040"], ["-4.36850", "-1.30310", "1.18400"], ["-4.04660", "0.41640", "1.46780"], ["-2.50120", "-1.42310", "-0.43610"], ["-1.94150", "-0.88870", "1.15090"], ["-2.62410", "0.99080", "-1.17270"], ["-1.95800", "1.48540", "0.37960"], ["-0.28300", "1.39570", "-1.46840"], ["-0.56430", "-0.33110", "-1.66190"], ["0.46970", "0.98880", "0.90700"], ["0.28410", "-0.74790", "0.64640"], ["1.93170", "-0.64700", "-1.23610"], ["2.13010", "1.08290", "-0.97090"], ["2.73860", "-1.09810", "1.10090"], ["2.93560", "0.63380", "1.36660"], ["6.38060", "-0.30840", "-0.89900"]], "bond_dist": [[0.0, 1.5212684740045062, 2.5193423427553467, 3.898379113169985, 4.554516241051293, 6.023246065038353, 6.944102556846349, 8.316559834450782, 9.460166312491552, 1.0946685982524575, 1.0945698104735029, 1.094683209883115, 2.146630152122158, 2.1391608775405366, 2.7105059767504662, 2.7766998343357177, 4.653805988650579, 4.167523626807651, 4.659100503316063, 4.277869940753225, 6.232835811249964, 6.508201098613963, 6.764124910880933, 7.01756318176046, 10.48574557244262], [1.5212684740045062, 0.0, 1.5290746777054416, 2.5583936092790727, 3.1447483174333684, 4.5624456391282076, 5.5268421300051624, 6.860408181004976, 7.9861964920730575, 2.16966140445923, 2.159867222770881, 2.169205647235872, 1.0960650528139286, 1.09511707593298, 2.1531194811250027, 2.162239316079513, 3.480196294751203, 2.7825897092456877, 3.4569291155590682, 2.8503380887186, 4.7210350072838905, 5.116634410430357, 5.364132817147615, 5.714487824818598, 9.001497738709931], [2.5193423427553467, 1.5290746777054416, 0.0, 1.5313970713045, 2.5593324500736516, 3.9063894378313075, 5.084538091115062, 6.343014239302952, 7.430080972640877, 2.7828898253434327, 3.4705275377095046, 2.7787899974629244, 2.1634977721273483, 2.1688048921007166, 1.097260866886266, 1.0968226155582315, 2.143117761580077, 2.1619916789849123, 2.761048174154156, 2.8421060131529226, 4.207073154819155, 4.161674122273391, 5.232395784915358, 5.194697566750157, 8.420675621943884], [3.898379113169985, 2.5583936092790727, 1.5313970713045, 0.0, 1.5302732566440544, 2.525858070042733, 3.8858269068500717, 4.999442155880994, 6.025127840137503, 4.18708390290904, 4.70838170500226, 4.232492993496859, 2.766020480762932, 2.84785485760774, 2.1433103694985474, 2.1621387420792404, 1.0971665370398425, 1.096768348376265, 2.161048553364778, 2.1661685991630475, 2.7501206119005035, 2.753519727548724, 4.179037896454159, 4.180333352736358, 6.982245379532289], [4.554516241051293, 3.1447483174333684, 2.5593324500736516, 1.5302732566440544, 0.0, 1.5306916443229186, 2.5266991490875994, 3.829848502225643, 4.9648810791397615, 5.137683720315994, 5.201169695366611, 4.740697984474437, 3.4621201798897734, 2.857506768145966, 3.4814286234245846, 2.783529166364168, 2.1541737743274103, 2.1632057253067725, 1.0966557208167018, 1.0956250088419852, 2.161831117363241, 2.1623852871308573, 2.7592257356004786, 2.7587781824568647, 5.993649994786149], [6.023246065038353, 4.5624456391282076, 3.9063894378313075, 2.525858070042733, 1.5306916443229186, 0.0, 1.5286583006021979, 2.4736490130978566, 3.524912869845154, 6.5367680194420235, 6.642162065924017, 6.262021192075286, 4.671406864104218, 4.294228957566189, 4.660730360147431, 4.1765247910194425, 2.714851056688009, 2.7807021019879135, 2.1605855086064056, 2.1534056631299174, 1.0977079985132658, 1.0976756442592686, 2.162301424408725, 2.1622702999393946, 4.520654471423358], [6.944102556846349, 5.5268421300051624, 5.084538091115062, 3.8858269068500717, 2.5266991490875994, 1.5286583006021979, 0.0, 1.4703894858165985, 2.671228575019368, 7.614728311633975, 7.4427923059830166, 7.083789932656106, 5.703632790599338, 4.988557336545306, 5.96935330584478, 5.188080605580449, 4.145581322323806, 4.192234542579888, 2.75603352301818, 2.7434785273444366, 2.1626118121382762, 2.161973306958252, 1.0962000410509023, 1.0962953114923004, 3.7369204928657505], [8.316559834450782, 6.860408181004976, 6.343014239302952, 4.999442155880994, 3.829848502225643, 2.4736490130978566, 1.4703894858165985, 0.0, 1.2008416631679633, 8.926482224258333, 8.821334259056279, 8.502059668692052, 6.928072335794424, 6.3868748930913, 7.131541926540151, 6.499957394475752, 5.08096927564023, 5.149550094911205, 4.11860040547757, 4.1071214773853475, 2.7152092534462238, 2.7138815412615194, 2.106458366547984, 2.1065455632385457, 2.2665342993213233], [9.460166312491552, 7.9861964920730575, 7.430080972640877, 6.025127840137503, 4.9648810791397615, 3.524912869845154, 2.671228575019368, 1.2008416631679633, 0.0, 10.031653602472526, 9.967349596056115, 9.672593836712052, 7.990986099975396, 7.549747711016575, 8.156460572454206, 7.615501785831319, 6.007932439700034, 6.087007108587931, 5.27510516482847, 5.2641425560104285, 3.5769304759807676, 3.5754597270840573, 3.20678723491285, 3.206915223388358, 1.0656926433076284], [1.0946685982524575, 2.16966140445923, 2.7828898253434327, 4.18708390290904, 5.137683720315994, 6.5367680194420235, 7.614728311633975, 8.926482224258333, 10.031653602472526, 0.0, 1.7717314497406202, 1.7748314427009684, 2.5015161022867716, 3.0598998839831344, 2.5193486836879093, 3.153711110739219, 4.790939419362345, 4.343022046916179, 5.311290379935934, 5.00151894628022, 6.665649545993249, 6.91047214740064, 7.521339221840749, 7.738002086456167, 11.0291520657755], [1.0945698104735029, 2.159867222770881, 3.4705275377095046, 4.70838170500226, 5.201169695366611, 6.642162065924017, 7.4427923059830166, 8.821334259056279, 9.967349596056115, 1.7717314497406202, 0.0, 1.7722421674252085, 2.4750622820446355, 2.4623468419375856, 3.72276019372723, 3.7727048466584288, 5.568667475258331, 4.849316286859416, 5.360756835559696, 4.716348965036408, 6.780845910356613, 7.250406331372056, 7.110541541964297, 7.5587565895456645, 10.994156079481499], [1.094683209883115, 2.169205647235872, 2.7787899974629244, 4.232492993496859, 4.740697984474437, 6.262021192075286, 7.083789932656106, 8.502059668692052, 9.672593836712052, 1.7748314427009684, 1.7722421674252085, 0.0, 3.065429271733406, 2.497029761536694, 3.053797940270443, 2.5863468831539205, 4.872882503200749, 4.741328044967991, 4.586840316601396, 4.559084879666093, 6.646951606563718, 6.674061943824016, 6.961843498671885, 6.986316700522529, 10.716976118290084], [2.146630152122158, 1.0960650528139286, 2.1634977721273483, 2.766020480762932, 3.4621201798897734, 4.671406864104218, 5.703632790599338, 6.928072335794424, 7.990986099975396, 2.5015161022867716, 2.4750622820446355, 3.065429271733406, 0.0, 1.765620698224848, 2.5267760446861924, 3.069170080005343, 3.7325176449683397, 2.5390217112108355, 4.055542630770881, 3.0635922346160886, 4.570878867351442, 5.29291854556633, 5.470237475649481, 6.0859969717376625, 8.963437049480516], [2.1391608775405366, 1.09511707593298, 2.1688048921007166, 2.84785485760774, 2.857506768145966, 4.294228957566189, 4.988557336545306, 6.3868748930913, 7.549747711016575, 3.0598998839831344, 2.4623468419375856, 2.497029761536694, 1.765620698224848, 0.0, 3.0655472545697284, 2.4963026158701194, 3.8509528820799663, 3.1811069519901403, 3.0656775596921477, 2.28640334368195, 4.556080127697492, 4.996715757375038, 4.685049025357151, 5.113769368088476, 8.590470680352738], [2.7105059767504662, 2.1531194811250027, 1.097260866886266, 2.1433103694985474, 3.4814286234245846, 4.660730360147431, 5.96935330584478, 7.131541926540151, 8.156460572454206, 2.5193486836879093, 3.72276019372723, 3.053797940270443, 2.5267760446861924, 3.0655472545697284, 0.0, 1.7601004687233055, 2.3941870666261647, 2.4958990945148405, 3.7278350996255183, 3.845754768572744, 4.841665213539655, 4.759372152921013, 6.1879973707169595, 6.122561357797894, 9.102057702519799], [2.7766998343357177, 2.162239316079513, 1.0968226155582315, 2.1621387420792404, 2.783529166364168, 4.1765247910194425, 5.188080605580449, 6.499957394475752, 7.615501785831319, 3.153711110739219, 3.7727048466584288, 2.5863468831539205, 3.069170080005343, 2.4963026158701194, 1.7601004687233055, 0.0, 2.4957514078930214, 3.0675387837808996, 2.5334738226395785, 3.1758185621977835, 4.720951423177324, 4.3241667532601005, 5.408585535978885, 5.064258338592138, 8.624661521474335], [4.653805988650579, 3.480196294751203, 2.143117761580077, 1.0971665370398425, 2.1541737743274103, 2.714851056688009, 4.145581322323806, 5.08096927564023, 6.007932439700034, 4.790939419362345, 5.568667475258331, 4.872882503200749, 3.7325176449683397, 3.8509528820799663, 2.3941870666261647, 2.4957514078930214, 0.0, 1.7602301497247452, 2.524806935193263, 3.0641479092889754, 3.0218343220633392, 2.4836267231611115, 4.685126197873436, 4.356271636388162, 6.901575047045421], [4.167523626807651, 2.7825897092456877, 2.1619916789849123, 1.096768348376265, 2.1632057253067725, 2.7807021019879135, 4.192234542579888, 5.149550094911205, 6.087007108587931, 4.343022046916179, 4.849316286859416, 4.741328044967991, 2.5390217112108355, 3.1811069519901403, 2.4958990945148405, 3.0675387837808996, 1.7602301497247452, 0.0, 3.067660219124667, 2.4943443407035844, 2.5516885487849024, 3.1203634980559554, 4.37384284697107, 4.727805439101741, 6.986713655932953], [4.659100503316063, 3.4569291155590682, 2.761048174154156, 2.161048553364778, 1.0966557208167018, 2.1605855086064056, 2.75603352301818, 4.11860040547757, 5.27510516482847, 5.311290379935934, 5.360756835559696, 4.586840316601396, 4.055542630770881, 3.0656775596921477, 3.7278350996255183, 2.5334738226395785, 2.524806935193263, 3.067660219124667, 0.0, 1.7659237271184733, 3.066946893899534, 2.508444015719705, 3.0887952392478204, 2.533361397432273, 6.3153070115395025], [4.277869940753225, 2.8503380887186, 2.8421060131529226, 2.1661685991630475, 1.0956250088419852, 2.1534056631299174, 2.7434785273444366, 4.1071214773853475, 5.2641425560104285, 5.00151894628022, 4.716348965036408, 4.559084879666093, 3.0635922346160886, 2.28640334368195, 3.845754768572744, 3.1758185621977835, 3.0641479092889754, 2.4943443407035844, 1.7659237271184733, 0.0, 2.5037118084955385, 3.0618954799274256, 2.5206706528223792, 3.0754243902264937, 6.304659678364884], [6.232835811249964, 4.7210350072838905, 4.207073154819155, 2.7501206119005035, 2.161831117363241, 1.0977079985132658, 2.1626118121382762, 2.7152092534462238, 3.5769304759807676, 6.665649545993249, 6.780845910356613, 6.646951606563718, 4.570878867351442, 4.556080127697492, 4.841665213539655, 4.720951423177324, 3.0218343220633392, 2.5516885487849024, 3.066946893899534, 2.5037118084955385, 0.0, 1.7613198488633461, 2.5131947437474875, 3.069578332605311, 4.474482939960773], [6.508201098613963, 5.116634410430357, 4.161674122273391, 2.753519727548724, 2.1623852871308573, 1.0976756442592686, 2.161973306958252, 2.7138815412615194, 3.5754597270840573, 6.91047214740064, 7.250406331372056, 6.674061943824016, 5.29291854556633, 4.996715757375038, 4.759372152921013, 4.3241667532601005, 2.4836267231611115, 3.1203634980559554, 2.508444015719705, 3.0618954799274256, 1.7613198488633461, 0.0, 3.069102228665575, 2.512852425034148, 4.4729895539784135], [6.764124910880933, 5.364132817147615, 5.232395784915358, 4.179037896454159, 2.7592257356004786, 2.162301424408725, 1.0962000410509023, 2.106458366547984, 3.20678723491285, 7.521339221840749, 7.110541541964297, 6.961843498671885, 5.470237475649481, 4.685049025357151, 6.1879973707169595, 5.408585535978885, 4.685126197873436, 4.37384284697107, 3.0887952392478204, 2.5206706528223792, 2.5131947437474875, 3.069102228665575, 0.0, 1.763202512475524, 4.229348661437125], [7.01756318176046, 5.714487824818598, 5.194697566750157, 4.180333352736358, 2.7587781824568647, 2.1622702999393946, 1.0962953114923004, 2.1065455632385457, 3.206915223388358, 7.738002086456167, 7.5587565895456645, 6.986316700522529, 6.0859969717376625, 5.113769368088476, 6.122561357797894, 5.064258338592138, 4.356271636388162, 4.727805439101741, 2.533361397432273, 3.0754243902264937, 3.069578332605311, 2.512852425034148, 1.763202512475524, 0.0, 4.229504604560681], [10.48574557244262, 9.001497738709931, 8.420675621943884, 6.982245379532289, 5.993649994786149, 4.520654471423358, 3.7369204928657505, 2.2665342993213233, 1.0656926433076284, 11.0291520657755, 10.994156079481499, 10.716976118290084, 8.963437049480516, 8.590470680352738, 9.102057702519799, 8.624661521474335, 6.901575047045421, 6.986713655932953, 6.3153070115395025, 6.304659678364884, 4.474482939960773, 4.4729895539784135, 4.229348661437125, 4.229504604560681, 0.0]]}