{"total energy": -33.84897727, "HOMO-LUMO gap/eV": 4.21410106, "electronic energy": -34.26862383, "dipole": [-1.47724079, 1.21994177, -0.45317669], "partial charges": [-0.11408759, 0.0286449, -0.0346167, -0.02633393, -0.08665508, -0.02632338, -0.03461873, 1.10946736, -0.57561219, -0.57562501, -0.45772577, 0.05195819, 0.06083062, 0.0519495, 0.05182821, 0.06254224, 0.06253864, 0.0518336, 0.1999953, 0.20000982], "atomic dipole moments": [[0.08651783, -0.0196026, 0.00599044], [-0.06580128, 0.01283498, -0.00373367], [0.02290877, -0.00021933, 0.01448313], [0.03890222, 0.00892656, 0.04049477], [0.18140895, -0.02132966, 0.00478906], [0.03733104, -0.02171171, -0.0370036], [0.02238971, -0.01044017, -0.01117342], [-0.02010388, 0.07462832, -0.02917918], [-0.0411671, 0.12889249, 0.13550323], [-0.0476857, 0.00177789, -0.18544537], [0.10032101, -0.15151634, 0.05793175], [-0.04353723, 0.0275963, -0.1192849], [-0.05681562, -0.1117818, 0.04541902], [-0.03969114, 0.10238395, 0.06950421], [-0.07401887, -0.04469486, -0.12501174], [0.07219786, -0.06088989, -0.12471281], [0.07735579, 0.039953, 0.129964], [-0.06895, 0.05404754, 0.12420554], [0.06060166, 0.03674864, 0.09487762], [0.05670755, -0.03898825, -0.09633399]], "atomic quadrupole moments": [[0.20385505, -0.02380529, -0.12486216, 0.00383145, 0.02213643, -0.07899289], [-0.09410956, 0.0516608, 0.34731419, -0.02598729, -0.28352731, -0.25320463], [-0.21606649, 0.06767186, 0.38803303, -0.03111786, -0.28257373, -0.17196654], [-0.25520897, 0.08748921, 0.41441753, -0.00266626, -0.2933795, -0.15920856], [0.17491361, -0.00458734, 0.18319684, -0.01105879, -0.25432035, -0.35811045], [-0.25751073, 0.06575882, 0.43645913, -0.05902243, -0.26945166, -0.1789484], [-0.21589338, 0.07003011, 0.4055481, -0.02640427, -0.26396521, -0.18965473], [0.1242559, 0.14454792, 0.10753883, -0.06579496, -0.16349654, -0.23179472], [-0.06517773, -0.03866868, 0.03893259, -0.05169054, 0.12169565, 0.02624513], [-0.06022324, 0.00634197, -0.08866422, 0.07146603, -0.015101, 0.14888747], [-0.06655958, 0.13275584, 0.14693619, -0.05377802, -0.11049215, -0.08037661], [-0.02028108, -0.01029683, -0.05433144, 0.02356256, -0.01174227, 0.07461252], [-0.01922965, 0.03415326, 0.04900426, -0.01405587, -0.03797704, -0.02977461], [-0.02153072, -0.02079916, 0.01843948, -0.0083815, 0.06597468, 0.00309124], [0.03752104, -0.01141903, -0.05247986, 0.00246844, 0.032459, 0.01495882], [0.04294678, -0.0062306, -0.05243239, 0.01366576, 0.02782852, 0.00948561], [0.04213911, -0.01415051, -0.05078507, -0.00647652, 0.02975686, 0.00864595], [0.03765578, -0.01015127, -0.0529982, 0.0056707, 0.0318929, 0.01534242], [-0.01872485, 0.07455863, 0.0147688, 0.03881249, 0.05568631, 0.00395606], [-0.02342988, 0.02710363, -0.04666491, -0.07639721, -0.00873721, 0.0700948]], "number of molecular orbitals": 58, "number of electrons": 60, "number of unpaired electrons": 0, "orbital energies/eV": [-21.01724222, -18.16228389, -18.11426432, -17.53578547, -17.33783056, -17.24774785, -16.81479003, -16.44470137, -16.12763217, -15.78374395, -14.94703853, -14.81329807, -14.68468502, -14.29407475, -14.02400498, -13.96875855, -13.77554169, -13.68707704, -13.5242124, -13.18475261, -12.9373786, -12.65160858, -12.45669287, -12.23086453, -12.05313004, -11.85642529, -11.56916512, -11.44460373, -11.34716888, -11.25258018, -7.03847912, -6.74080482, -3.89302773, -3.05433397, -1.75042693, -1.54105948, -1.0858926, 1.92115623, 2.22149, 2.981078, 3.45546359, 3.55773449, 3.65516301, 4.26101603, 4.47603668, 4.95284124, 5.64055485, 5.68648875, 6.46166048, 8.67576177, 10.11878332, 10.36698531, 11.91748948, 14.18611534, 15.97943774, 16.59683219, 27.04105035, 31.34712774], "fractional occupation": [2.0, 2.0, 2.0, 2.0, 2.0, 2.0, 2.0, 2.0, 2.0, 2.0, 2.0, 2.0, 2.0, 2.0, 2.0, 2.0, 2.0, 2.0, 2.0, 2.0, 2.0, 2.0, 2.0, 2.0, 2.0, 2.0, 2.0, 2.0, 2.0, 2.0, 0.0, 0.0, 0.0, 0.0, 0.0, 0.0, 0.0, 0.0, 0.0, 0.0, 0.0, 0.0, 0.0, 0.0, 0.0, 0.0, 0.0, 0.0, 0.0, 0.0, 0.0, 0.0, 0.0, 0.0, 0.0, 0.0, 0.0, 0.0], "program call": "xtb /home/svss/Project-DBcg-Debug/aqme2_20220329/End-to-End-workflows-final/example-3/QDESCP/mol_742_rdkit_conf_1/mol_742_rdkit_conf_1.xyz --pop --wbo --acc 0.2 --gfn 2 --chrg 0 --uhf 0 --etemp 300 --input /home/svss/Project-DBcg-Debug/aqme2_20220329/End-to-End-workflows-final/example-3/QDESCP/mol_742_rdkit_conf_1/mol_742_rdkit_conf_1_xtb.inp", "method": "GFN2-xTB", "xtb version": "6.3.3 (7355c4f)", "Dipole module/D": 5.004, "Total charge": 0, "Transition dipole module/D": NaN, "HOMO": -11.2526, "LUMO": -7.0385, "HOMO occupancy": 2.0, "LUMO occupancy": 0, "mulliken charges": [-0.08746, 0.02618, -0.03825, -0.01543, 0.06184, -0.01543, -0.03825, 0.52279, -0.40773, -0.40775, -0.4006, 0.04015, 0.04892, 0.04014, 0.04058, 0.05955, 0.05955, 0.04058, 0.2353, 0.23532], "cm5 charges": [-0.23075, 0.0087, -0.0913, -0.06529, 0.07196, -0.06529, -0.09131, 0.63625, -0.45742, -0.45743, -0.82737, 0.09195, 0.10062, 0.09194, 0.09659, 0.11941, 0.1194, 0.09659, 0.42633, 0.42642], "FUKUI+": [0.032, -0.097, -0.027, -0.038, -0.059, -0.038, -0.027, -0.143, -0.033, -0.033, 0.007, -0.052, -0.061, -0.052, -0.076, -0.073, -0.073, -0.076, -0.04, -0.04], "FUKUI-": [0.018, -0.049, -0.028, -0.017, -0.033, -0.017, -0.028, -0.117, -0.072, -0.072, -0.05, -0.061, -0.089, -0.061, -0.06, -0.049, -0.049, -0.06, -0.052, -0.052], "FUKUIrad": [0.025, -0.073, -0.028, -0.027, -0.046, -0.027, -0.028, -0.13, -0.053, -0.053, -0.022, -0.056, -0.075, -0.056, -0.068, -0.061, -0.061, -0.068, -0.046, -0.046], "s proportion": [1.008, 1.092, 1.064, 1.068, 1.079, 1.068, 1.064, 1.706, 1.723, 1.723, 1.463, 0.96, 0.951, 0.96, 0.959, 0.94, 0.94, 0.959, 0.765, 0.765], "p proportion": [3.079, 2.882, 2.974, 2.948, 2.859, 2.948, 2.974, 2.812, 4.685, 4.685, 3.937, 0.0, 0.0, 0.0, 0.0, 0.0, 0.0, 0.0, 0.0, 0.0], "d proportion": [0.0, 0.0, 0.0, 0.0, 0.0, 0.0, 0.0, 0.96, 0.0, 0.0, 0.0, 0.0, 0.0, 0.0, 0.0, 0.0, 0.0, 0.0, 0.0, 0.0], "Fermi-level/eV": -9.1455, "Coordination numbers": [3.755, 2.96, 2.915, 2.95, 2.961, 2.95, 2.915, 3.695, 0.86, 0.86, 2.632, 0.924, 0.924, 0.924, 0.925, 0.925, 0.925, 0.925, 0.863, 0.863], "Dispersion coefficient C6": [22.74, 27.36, 28.862, 28.659, 30.169, 28.659, 28.862, 103.566, 25.526, 25.526, 32.032, 2.296, 2.189, 2.296, 2.297, 2.169, 2.169, 2.297, 1.106, 1.106], "Total dispersion C6": 5664.577986, "Total dispersion C8": 147922.337873, "Polarizability alpha": [6.8, 8.58, 8.81, 8.78, 9.009, 8.78, 8.81, 17.128, 6.774, 6.774, 8.406, 2.369, 2.314, 2.37, 2.37, 2.303, 2.303, 2.37, 1.647, 1.647], "Total polarizability alpha": 118.343729, "Wiberg matrix": [[0.0, 1.0298295325077635, 0.0, 0.0, 0.0, 0.0, 0.0, 0.0, 0.0, 0.0, 0.0, 0.9804243152029837, 0.9633297002330491, 0.9804239506444252, 0.0, 0.0, 0.0, 0.0, 0.0, 0.0], [1.0298295325077635, 0.0, 1.405035136976264, 0.0, 0.10224494462022331, 0.0, 1.404928597552804, 0.0, 0.0, 0.0, 0.0, 0.0, 0.0, 0.0, 0.0, 0.0, 0.0, 0.0, 0.0, 0.0], [0.0, 1.405035136976264, 0.0, 1.4472731021677212, 0.0, 0.10760610168754565, 0.0, 0.0, 0.0, 0.0, 0.0, 0.0, 0.0, 0.0, 0.9674295772592452, 0.0, 0.0, 0.0, 0.0, 0.0], [0.0, 0.0, 1.4472731021677212, 0.0, 1.4140374163301477, 0.0, 0.10763173848620256, 0.0, 0.0, 0.0, 0.0, 0.0, 0.0, 0.0, 0.0, 0.9652669359894248, 0.0, 0.0, 0.0, 0.0], [0.0, 0.10224494462022331, 0.0, 1.4140374163301477, 0.0, 1.4140084548413907, 0.0, 0.7611940689358233, 0.0, 0.0, 0.0, 0.0, 0.0, 0.0, 0.0, 0.0, 0.0, 0.0, 0.0, 0.0], [0.0, 0.0, 0.10760610168754565, 0.0, 1.4140084548413907, 0.0, 1.4473496319868742, 0.0, 0.0, 0.0, 0.0, 0.0, 0.0, 0.0, 0.0, 0.0, 0.9652606263960399, 0.0, 0.0, 0.0], [0.0, 1.404928597552804, 0.0, 0.10763173848620256, 0.0, 1.4473496319868742, 0.0, 0.0, 0.0, 0.0, 0.0, 0.0, 0.0, 0.0, 0.0, 0.0, 0.0, 0.9674324880851071, 0.0, 0.0], [0.0, 0.0, 0.0, 0.0, 0.7611940689358233, 0.0, 0.0, 0.0, 1.6064135267781163, 1.6063875432474402, 0.9424382833619316, 0.0, 0.0, 0.0, 0.0, 0.0, 0.0, 0.0, 0.0, 0.0], [0.0, 0.0, 0.0, 0.0, 0.0, 0.0, 0.0, 1.6064135267781163, 0.0, 0.11359891100794108, 0.0, 0.0, 0.0, 0.0, 0.0, 0.0, 0.0, 0.0, 0.0, 0.0], [0.0, 0.0, 0.0, 0.0, 0.0, 0.0, 0.0, 1.6063875432474402, 0.11359891100794108, 0.0, 0.0, 0.0, 0.0, 0.0, 0.0, 0.0, 0.0, 0.0, 0.0, 0.0], [0.0, 0.0, 0.0, 0.0, 0.0, 0.0, 0.0, 0.9424382833619316, 0.0, 0.0, 0.0, 0.0, 0.0, 0.0, 0.0, 0.0, 0.0, 0.0, 0.9425861346653269, 0.9425878707106836], [0.9804243152029837, 0.0, 0.0, 0.0, 0.0, 0.0, 0.0, 0.0, 0.0, 0.0, 0.0, 0.0, 0.0, 0.0, 0.0, 0.0, 0.0, 0.0, 0.0, 0.0], [0.9633297002330491, 0.0, 0.0, 0.0, 0.0, 0.0, 0.0, 0.0, 0.0, 0.0, 0.0, 0.0, 0.0, 0.0, 0.0, 0.0, 0.0, 0.0, 0.0, 0.0], [0.9804239506444252, 0.0, 0.0, 0.0, 0.0, 0.0, 0.0, 0.0, 0.0, 0.0, 0.0, 0.0, 0.0, 0.0, 0.0, 0.0, 0.0, 0.0, 0.0, 0.0], [0.0, 0.0, 0.9674295772592452, 0.0, 0.0, 0.0, 0.0, 0.0, 0.0, 0.0, 0.0, 0.0, 0.0, 0.0, 0.0, 0.0, 0.0, 0.0, 0.0, 0.0], [0.0, 0.0, 0.0, 0.9652669359894248, 0.0, 0.0, 0.0, 0.0, 0.0, 0.0, 0.0, 0.0, 0.0, 0.0, 0.0, 0.0, 0.0, 0.0, 0.0, 0.0], [0.0, 0.0, 0.0, 0.0, 0.0, 0.9652606263960399, 0.0, 0.0, 0.0, 0.0, 0.0, 0.0, 0.0, 0.0, 0.0, 0.0, 0.0, 0.0, 0.0, 0.0], [0.0, 0.0, 0.0, 0.0, 0.0, 0.0, 0.9674324880851071, 0.0, 0.0, 0.0, 0.0, 0.0, 0.0, 0.0, 0.0, 0.0, 0.0, 0.0, 0.0, 0.0], [0.0, 0.0, 0.0, 0.0, 0.0, 0.0, 0.0, 0.0, 0.0, 0.0, 0.9425861346653269, 0.0, 0.0, 0.0, 0.0, 0.0, 0.0, 0.0, 0.0, 0.0], [0.0, 0.0, 0.0, 0.0, 0.0, 0.0, 0.0, 0.0, 0.0, 0.0, 0.9425878707106836, 0.0, 0.0, 0.0, 0.0, 0.0, 0.0, 0.0, 0.0, 0.0]], "Born radii": [], "Atomic SASAs": [], "Solvent H bonds": [], "Total SASA": NaN, "Total FOD": 0.0, "FOD": [0.0, 0.0, 0.0, 0.0, 0.0, 0.0, 0.0, 0.0, 0.0, 0.0, 0.0, 0.0, 0.0, 0.0, 0.0, 0.0, 0.0, 0.0, 0.0, 0.0], "FOD s proportion": [0.0, 0.0, 0.0, 0.0, 0.0, 0.0, 0.0, 0.0, 0.0, 0.0, 0.0, 0.0, 0.0, 0.0, 0.0, 0.0, 0.0, 0.0, 0.0, 0.0], "FOD p proportion": [0.0, 0.0, 0.0, 0.0, 0.0, 0.0, 0.0, 0.0, 0.0, 0.0, 0.0, 0.0, 0.0, 0.0, 0.0, 0.0, 0.0, 0.0, 0.0, 0.0], "FOD d proportion": [0.0, 0.0, 0.0, 0.0, 0.0, 0.0, 0.0, 0.0, 0.0, 0.0, 0.0, 0.0, 0.0, 0.0, 0.0, 0.0, 0.0, 0.0, 0.0, 0.0], "coordinates": [["-3.37220", "0.14530", "0.01090"], ["-1.87670", "0.02100", "0.02980"], ["-1.19740", "-0.51210", "-1.07440"], ["0.19060", "-0.66020", "-1.04780"], ["0.90230", "-0.27440", "0.09040"], ["0.23640", "0.23340", "1.20820"], ["-1.15170", "0.37870", "1.17500"], ["2.65560", "-0.49220", "0.14100"], ["3.04310", "-1.48320", "-0.83590"], ["3.09090", "-0.55130", "1.51710"], ["3.20680", "0.97850", "-0.45270"], ["-3.73550", "0.33390", "-1.00480"], ["-3.82880", "-0.77610", "0.38510"], ["-3.70220", "0.98310", "0.63420"], ["-1.74810", "-0.81860", "-1.96160"], ["0.70430", "-1.07790", "-1.91060"], ["0.78580", "0.51230", "2.10440"], ["-1.66660", "0.77030", "2.05010"], ["3.74800", "1.45970", "0.26580"], ["3.71570", "0.83000", "-1.32410"]], "bond_dist": [[0.0, 1.5007757827203903, 2.517897116643172, 3.8030540069791274, 4.295790799142807, 3.803062300304848, 2.5179802660068646, 6.062813299121127, 6.672717331042879, 6.672746931361925, 6.647735569349912, 1.0950814307621146, 1.094297564650493, 1.0951309191142398, 2.7308533959185723, 4.6697144173921386, 4.669731817781402, 2.730939948076486, 7.24498926224187, 7.244954485709347], [1.5007757827203903, 0.0, 1.401749528268157, 2.4287825118770927, 2.795312955645575, 2.4287716916169786, 1.401805025672258, 4.562617995186536, 5.216942224138581, 5.216956808331846, 5.195342601792493, 2.150218828398635, 2.1382939250720425, 2.1502060412899966, 2.164980387901932, 3.4109081444682734, 3.4109012152215725, 2.164995286369003, 5.810576888743492, 5.810547648027679], [2.517897116643172, 1.401749528268157, 0.0, 1.3961322179507212, 2.4128821811269607, 2.796750873781932, 2.4197961670355626, 4.040198283500453, 4.356805906854241, 5.010681169262319, 4.690988903205804, 2.6762869371575237, 3.0206128864851256, 3.3806744948308762, 1.0882722912947844, 2.153096135800722, 3.884230559583197, 3.40986783468216, 5.490092206875946, 5.099228776001328], [3.8030540069791274, 2.4287825118770927, 1.3961322179507212, 0.0, 1.3967311015367276, 2.4269640706034363, 2.796769983391555, 2.741841432322446, 2.9764050228421532, 3.873281723551748, 3.483811725682087, 4.050227773841861, 4.268748245094808, 4.547906191864559, 2.1491111395179168, 1.0875591110371887, 3.41546250601584, 3.8849075278570018, 4.344492574513162, 3.8371040825080573], [4.295790799142807, 2.795312955645575, 2.4128821811269607, 1.3967311015367276, 0.0, 1.3966962769335356, 2.41284329578197, 1.7675005205091174, 2.627214070074991, 2.6271879377006893, 2.678700481576841, 4.804027557164926, 4.766745030940926, 4.804003012072328, 3.3958029683713984, 2.1653676939494595, 2.165332570299537, 3.3957428333135007, 3.3370460680068534, 3.3370239990146913], [3.803062300304848, 2.4287716916169786, 2.796750873781932, 2.4269640706034363, 1.3966962769335356, 0.0, 1.396078772849154, 2.7418861829040244, 3.8733222509881617, 2.9764649418395637, 3.483825337183252, 4.547907085682381, 4.268774402565683, 4.050197038416773, 3.8849165100423972, 3.4154577350627546, 1.0875660945432237, 2.1490617068851234, 3.8370905657802763, 4.344422095054761], [2.5179802660068646, 1.401805025672258, 2.4197961670355626, 2.796769983391555, 2.41284329578197, 1.396078772849154, 0.0, 4.040192582043584, 5.01066237737088, 4.356786335132812, 4.691022231880808, 3.38076286065734, 3.0206571238722217, 2.6763434476912713, 3.40990906183728, 3.8842434166771787, 2.153030322591858, 1.088242886491798, 5.099241681858196, 5.490059677271278], [6.062813299121127, 4.562617995186536, 4.040198283500453, 2.741841432322446, 1.7675005205091174, 2.7418861829040244, 4.040192582043584, 0.0, 1.444496749736738, 1.4445172584638784, 1.6790651029665289, 6.545338651284592, 6.495200334092861, 6.545332472075043, 4.890811528775159, 2.891310903379296, 2.891385800961193, 4.8908058538445385, 2.240273735506445, 2.240210449935452], [6.672717331042879, 5.216942224138581, 4.356805906854241, 2.9764050228421532, 2.627214070074991, 3.8733222509881617, 5.01066237737088, 1.444496749736738, 0.0, 2.5312707184337273, 2.4967192112850816, 7.019957092461463, 7.015257730119401, 7.3309550394201715, 4.966335781036156, 2.605615785183994, 4.209844133694263, 5.965612486576713, 3.2204483088539084, 2.4579715702180125], [6.672746931361925, 5.216956808331846, 5.010681169262319, 3.873281723551748, 2.6271879377006893, 2.9764649418395637, 4.356786335132812, 1.4445172584638784, 2.5312707184337273, 0.0, 2.496764484287615, 7.330981899445666, 7.015283823909052, 7.019978873187583, 5.965628548610783, 4.20978555392077, 2.605696118122756, 4.966338873858691, 2.4579774409054287, 3.2203698809298285], [6.647735569349912, 5.195342601792493, 4.690988903205804, 3.483811725682087, 2.678700481576841, 3.483825337183252, 4.691022231880808, 1.6790651029665289, 2.4967192112850816, 2.496764484287615, 0.0, 6.993986907336901, 7.2993285554220675, 6.993972674381849, 5.482461274829035, 3.552007829383263, 3.552090067833303, 5.482461366940948, 1.0201436810567421, 1.0199850096937702], [1.0950814307621146, 2.150218828398635, 2.6762869371575237, 4.050227773841861, 4.804027557164926, 4.547907085682381, 3.38076286065734, 6.545338651284592, 7.019957092461463, 7.330981899445666, 6.993986907336901, 0.0, 1.7811869357257255, 1.7632046194358724, 2.4886705788432506, 4.746101233644305, 5.490091519273609, 3.7152666364609686, 7.6736316206865185, 7.474519993952789], [1.094297564650493, 2.1382939250720425, 3.0206128864851256, 4.268748245094808, 4.766745030940926, 4.268774402565683, 3.0206571238722217, 6.495200334092861, 7.015257730119401, 7.015283823909052, 7.2993285554220675, 1.7811869357257255, 0.0, 1.7812532133304348, 3.1365776939205574, 5.090217808699349, 5.090235771553219, 3.1366681048526637, 7.900691891853524, 7.900658333328939], [1.0951309191142398, 2.1502060412899966, 3.3806744948308762, 4.547906191864559, 4.804003012072328, 4.050197038416773, 2.6763434476912713, 6.545332472075043, 7.3309550394201715, 7.019978873187583, 6.993972674381849, 1.7632046194358724, 1.7812532133304348, 0.0, 3.7152129602487123, 5.490079260812179, 4.746080981188585, 2.4887193513934025, 7.474513105212941, 7.673566244582761], [2.7308533959185723, 2.164980387901932, 1.0882722912947844, 2.1491111395179168, 3.3958029683713984, 3.8849165100423972, 3.40990906183728, 4.890811528775159, 4.966335781036156, 5.965628548610783, 5.482461274829035, 2.4886705788432506, 3.1365776939205574, 3.7152129602487123, 0.0, 2.466597504661026, 4.972353569487995, 4.315667080533437, 6.352879414879523, 5.742595114580167], [4.6697144173921386, 3.4109081444682734, 2.153096135800722, 1.0875591110371887, 2.1653676939494595, 3.4154577350627546, 3.8842434166771787, 2.891310903379296, 2.605615785183994, 4.20978555392077, 3.552007829383263, 4.746101233644305, 5.090217808699349, 5.490079260812179, 2.466597504661026, 0.0, 4.319213272113338, 4.972338940579172, 4.521088409885389, 3.612837474894214], [4.669731817781402, 3.4109012152215725, 3.884230559583197, 3.41546250601584, 2.165332570299537, 1.0875660945432237, 2.153030322591858, 2.891385800961193, 4.209844133694263, 2.605696118122756, 3.552090067833303, 5.490091519273609, 5.090235771553219, 4.746080981188585, 4.972353569487995, 4.319213272113338, 0.0, 2.4665316235556354, 3.6128445247477785, 4.521046289300741], [2.730939948076486, 2.164995286369003, 3.40986783468216, 3.8849075278570018, 3.3957428333135007, 2.1490617068851234, 1.088242886491798, 4.8908058538445385, 5.965612486576713, 4.966338873858691, 5.482461366940948, 3.7152666364609686, 3.1366681048526637, 2.4887193513934025, 4.315667080533437, 4.972338940579172, 2.4665316235556354, 0.0, 5.7425510019502655, 6.3527901759777965], [7.24498926224187, 5.810576888743492, 5.490092206875946, 4.344492574513162, 3.3370460680068534, 3.8370905657802763, 5.099241681858196, 2.240273735506445, 3.2204483088539084, 2.4579774409054287, 1.0201436810567421, 7.6736316206865185, 7.900691891853524, 7.474513105212941, 6.352879414879523, 4.521088409885389, 3.6128445247477785, 5.7425510019502655, 0.0, 1.7103646950285194], [7.244954485709347, 5.810547648027679, 5.099228776001328, 3.8371040825080573, 3.3370239990146913, 4.344422095054761, 5.490059677271278, 2.240210449935452, 2.4579715702180125, 3.2203698809298285, 1.0199850096937702, 7.474519993952789, 7.900658333328939, 7.673566244582761, 5.742595114580167, 3.612837474894214, 4.521046289300741, 6.3527901759777965, 1.7103646950285194, 0.0]]}