{"total energy": -24.04853244, "HOMO-LUMO gap/eV": 11.87685883, "electronic energy": -24.34594742, "dipole": [-0.02693264, -0.34819795, 0.73665615], "partial charges": [-0.10096706, -0.05918724, -0.03257073, -0.05290168, -0.09967124, 0.07693183, -0.44734549, 0.03675163, 0.03060955, 0.03250758, 0.03763274, 0.02915149, 0.04362705, 0.02815912, 0.02839961, 0.03098681, 0.03596467, 0.03400981, 0.04515331, 0.01759551, 0.28516274], "atomic dipole moments": [[-0.06020683, 0.00179287, -0.08494486], [-0.00104513, 0.08902208, 0.07156569], [0.06233806, 0.02564862, 0.07435254], [0.00506518, -0.09064137, -0.06485708], [0.0558332, 0.08411665, -0.01914961], [-0.17686755, 0.08762194, -0.03502728], [0.0751013, -0.1385814, 0.17853997], [-0.06233853, -0.00395647, 0.10940852], [0.078956, 0.09961997, 0.00098413], [0.07223334, -0.10123837, -0.00174717], [-0.06198804, -0.10621374, -0.00247505], [0.06993182, -0.01144734, -0.10004541], [-0.07310251, -0.01881518, -0.09939678], [0.05795543, 0.03212826, 0.10484564], [-0.08010879, 0.08900555, -0.01576743], [-0.08338921, 0.02586589, 0.08910258], [0.0679519, -0.09767916, 0.04297037], [-0.06527677, -0.03690235, -0.10270612], [0.08526623, -0.01394912, -0.0922267], [0.05871391, 0.04712783, 0.0943632], [-0.03038181, 0.0204657, 0.06962229]], "atomic quadrupole moments": [[0.00362725, -0.00496793, -0.10223383, 0.16175402, 0.01306481, 0.09860658], [0.01503397, -0.1353428, -0.02087447, 0.1583923, -0.02254618, 0.0058405], [-0.0160259, -0.01740957, 0.13171206, -0.14531022, -0.03063846, -0.11568617], [-0.02496433, 0.12517419, 0.03197205, -0.16672552, -0.02166419, -0.00700772], [-0.00676384, 0.15139187, 0.11467956, -0.04622566, -0.03939072, -0.10791572], [0.04631998, -0.21869263, 0.23931478, 0.09586177, -0.16909948, -0.28563475], [-0.00506251, -0.12604853, 0.04329282, 0.02937204, -0.06633223, -0.03823031], [0.0158436, -0.00044781, -0.05339339, -0.05421481, 0.00457066, 0.03754979], [-0.01398932, 0.05651717, 0.04484666, 0.00311821, -0.01468172, -0.03085734], [-0.00841914, -0.05978517, 0.0420827, 0.00561095, 0.01485229, -0.03366356], [0.01449384, 0.04000183, 0.01959237, 0.00610557, -0.02267795, -0.03408621], [0.00959835, -0.00580531, -0.04018379, -0.03515153, -0.01666125, 0.03058544], [0.00203376, -0.00393534, -0.01896319, 0.02148748, 0.01160414, 0.01692943], [0.00889024, 0.01595653, -0.03486156, 0.04180541, 4.075e-05, 0.02597132], [0.00764405, -0.0357974, 0.01557936, 0.00498982, -0.03210898, -0.0232234], [0.00387984, -0.015889, -0.0176752, -0.0642202, 0.02474771, 0.01379536], [0.01953371, -0.0486779, 0.02352135, 0.02198404, -0.02477041, -0.04305506], [-0.02272855, 0.0199183, -0.02919922, 0.04751069, 0.01698621, 0.05192778], [-0.01120078, -0.01570493, -0.00825881, -0.04266471, 0.00745366, 0.01945959], [-0.02096585, -0.01659248, -0.00722083, 0.03738331, 0.00752349, 0.02818668], [-0.01614827, -0.06145583, -0.05326914, -0.07117532, 0.04169234, 0.0694174]], "number of molecular orbitals": 42, "number of electrons": 44, "number of unpaired electrons": 0, "orbital energies/eV": [-18.51899404, -17.22664848, -16.6917741, -16.56257171, -16.0214409, -15.667102, -15.1333327, -14.92426923, -14.25362408, -14.22299446, -13.82026269, -13.35047318, -13.19342849, -13.12843422, -12.7239275, -12.49528099, -12.25166001, -12.06132598, -11.85284424, -11.55455968, -11.46643824, -10.94353805, 0.93332078, 1.59884522, 2.21745895, 2.38712798, 2.99048422, 3.33001322, 3.55910349, 3.80188008, 4.11884409, 4.95909936, 5.18511434, 5.29075473, 5.4328697, 5.62251567, 6.4631877, 7.12487316, 7.32159439, 7.60961575, 7.70750798, 7.88058618], "fractional occupation": [2.0, 2.0, 2.0, 2.0, 2.0, 2.0, 2.0, 2.0, 2.0, 2.0, 2.0, 2.0, 2.0, 2.0, 2.0, 2.0, 2.0, 2.0, 2.0, 2.0, 2.0, 2.0, 0.0, 0.0, 0.0, 0.0, 0.0, 0.0, 0.0, 0.0, 0.0, 0.0, 0.0, 0.0, 0.0, 0.0, 0.0, 0.0, 0.0, 0.0, 0.0, 0.0], "program call": "xtb /home/svss/Project-DBcg-Debug/aqme2_20220329/End-to-End-workflows-final/example-3/QDESCP/mol_1100_rdkit_conf_13/mol_1100_rdkit_conf_13.xyz --pop --wbo --acc 0.2 --gfn 2 --chrg 0 --uhf 0 --etemp 300 --input /home/svss/Project-DBcg-Debug/aqme2_20220329/End-to-End-workflows-final/example-3/QDESCP/mol_1100_rdkit_conf_13/mol_1100_rdkit_conf_13_xtb.inp", "method": "GFN2-xTB", "xtb version": "6.3.3 (7355c4f)", "Dipole module/D": 2.072, "Total charge": 0, "Transition dipole module/D": NaN, "HOMO": -10.9435, "LUMO": 0.9333, "HOMO occupancy": 2.0, "LUMO occupancy": 0, "mulliken charges": [-0.08708, -0.0493, -0.03876, -0.04569, -0.08264, 0.19015, -0.56482, 0.0287, 0.02522, 0.03103, 0.02826, 0.02554, 0.03633, 0.01883, 0.02418, 0.02915, 0.0277, 0.02962, 0.03125, 0.00948, 0.33286], "cm5 charges": [-0.23769, -0.1596, -0.10672, -0.15598, -0.23337, 0.10482, -0.78009, 0.08084, 0.07719, 0.08182, 0.08361, 0.08044, 0.09751, 0.07479, 0.0816, 0.07993, 0.07973, 0.08112, 0.09468, 0.0728, 0.50257], "FUKUI+": [0.025, -0.026, -0.028, -0.001, 0.007, -0.018, -0.138, -0.037, -0.031, -0.071, -0.065, -0.058, -0.06, -0.041, -0.037, -0.062, -0.039, -0.04, -0.094, -0.083, -0.101], "FUKUI-": [0.022, 0.008, -0.016, 0.011, 0.016, 0.007, -0.132, -0.051, -0.077, -0.069, -0.106, -0.072, -0.056, -0.054, -0.06, -0.064, -0.055, -0.054, -0.066, -0.08, -0.053], "FUKUIrad": [0.024, -0.009, -0.022, 0.005, 0.011, -0.005, -0.135, -0.044, -0.054, -0.07, -0.086, -0.065, -0.058, -0.047, -0.049, -0.063, -0.047, -0.047, -0.08, -0.082, -0.077], "s proportion": [1.007, 1.032, 1.068, 1.031, 1.007, 0.997, 1.695, 0.971, 0.975, 0.969, 0.972, 0.974, 0.964, 0.981, 0.976, 0.971, 0.972, 0.97, 0.969, 0.991, 0.667], "p proportion": [3.08, 3.018, 2.971, 3.015, 3.075, 2.813, 4.869, 0.0, 0.0, 0.0, 0.0, 0.0, 0.0, 0.0, 0.0, 0.0, 0.0, 0.0, 0.0, 0.0, 0.0], "d proportion": [0.0, 0.0, 0.0, 0.0, 0.0, 0.0, 0.0, 0.0, 0.0, 0.0, 0.0, 0.0, 0.0, 0.0, 0.0, 0.0, 0.0, 0.0, 0.0, 0.0, 0.0], "Fermi-level/eV": -5.0051, "Coordination numbers": [3.748, 3.799, 3.846, 3.799, 3.748, 3.675, 1.653, 0.924, 0.924, 0.924, 0.924, 0.924, 0.923, 0.924, 0.924, 0.924, 0.924, 0.924, 0.924, 0.924, 0.804], "Dispersion coefficient C6": [22.495, 21.641, 21.122, 21.526, 22.47, 19.517, 21.791, 2.493, 2.578, 2.551, 2.481, 2.599, 2.401, 2.613, 2.609, 2.573, 2.503, 2.53, 2.381, 2.77, 0.768], "Total dispersion C6": 2911.248433, "Total dispersion C8": 60076.8647, "Polarizability alpha": [6.765, 6.624, 6.537, 6.606, 6.761, 6.33, 6.302, 2.469, 2.511, 2.498, 2.463, 2.521, 2.423, 2.528, 2.526, 2.508, 2.474, 2.488, 2.413, 2.603, 1.376], "Total polarizability alpha": 79.726177, "Wiberg matrix": [[0.0, 1.0211737293703336, 0.0, 0.0, 0.0, 0.0, 0.0, 0.9855271410953481, 0.9866138068233246, 0.9867513027240474, 0.0, 0.0, 0.0, 0.0, 0.0, 0.0, 0.0, 0.0, 0.0, 0.0, 0.0], [1.0211737293703336, 0.0, 0.9941980697502675, 0.0, 0.0, 0.0, 0.0, 0.0, 0.0, 0.0, 0.9753121032558154, 0.9765245470229188, 0.0, 0.0, 0.0, 0.0, 0.0, 0.0, 0.0, 0.0, 0.0], [0.0, 0.9941980697502675, 0.0, 0.9954813386595133, 0.0, 0.9861410930923412, 0.0, 0.0, 0.0, 0.0, 0.0, 0.0, 0.9664590742709218, 0.0, 0.0, 0.0, 0.0, 0.0, 0.0, 0.0, 0.0], [0.0, 0.0, 0.9954813386595133, 0.0, 1.0198902758095731, 0.0, 0.0, 0.0, 0.0, 0.0, 0.0, 0.0, 0.0, 0.9762633881946069, 0.9733654058683606, 0.0, 0.0, 0.0, 0.0, 0.0, 0.0], [0.0, 0.0, 0.0, 1.0198902758095731, 0.0, 0.0, 0.0, 0.0, 0.0, 0.0, 0.0, 0.0, 0.0, 0.0, 0.0, 0.9869072174389327, 0.9857526279768916, 0.9873513596767848, 0.0, 0.0, 0.0], [0.0, 0.0, 0.9861410930923412, 0.0, 0.0, 0.0, 0.9938166460573131, 0.0, 0.0, 0.0, 0.0, 0.0, 0.0, 0.0, 0.0, 0.0, 0.0, 0.0, 0.9723241953097402, 0.9729697557706452, 0.0], [0.0, 0.0, 0.0, 0.0, 0.0, 0.9938166460573131, 0.0, 0.0, 0.0, 0.0, 0.0, 0.0, 0.0, 0.0, 0.0, 0.0, 0.0, 0.0, 0.0, 0.0, 0.9022448192662096], [0.9855271410953481, 0.0, 0.0, 0.0, 0.0, 0.0, 0.0, 0.0, 0.0, 0.0, 0.0, 0.0, 0.0, 0.0, 0.0, 0.0, 0.0, 0.0, 0.0, 0.0, 0.0], [0.9866138068233246, 0.0, 0.0, 0.0, 0.0, 0.0, 0.0, 0.0, 0.0, 0.0, 0.0, 0.0, 0.0, 0.0, 0.0, 0.0, 0.0, 0.0, 0.0, 0.0, 0.0], [0.9867513027240474, 0.0, 0.0, 0.0, 0.0, 0.0, 0.0, 0.0, 0.0, 0.0, 0.0, 0.0, 0.0, 0.0, 0.0, 0.0, 0.0, 0.0, 0.0, 0.0, 0.0], [0.0, 0.9753121032558154, 0.0, 0.0, 0.0, 0.0, 0.0, 0.0, 0.0, 0.0, 0.0, 0.0, 0.0, 0.0, 0.0, 0.0, 0.0, 0.0, 0.0, 0.0, 0.0], [0.0, 0.9765245470229188, 0.0, 0.0, 0.0, 0.0, 0.0, 0.0, 0.0, 0.0, 0.0, 0.0, 0.0, 0.0, 0.0, 0.0, 0.0, 0.0, 0.0, 0.0, 0.0], [0.0, 0.0, 0.9664590742709218, 0.0, 0.0, 0.0, 0.0, 0.0, 0.0, 0.0, 0.0, 0.0, 0.0, 0.0, 0.0, 0.0, 0.0, 0.0, 0.0, 0.0, 0.0], [0.0, 0.0, 0.0, 0.9762633881946069, 0.0, 0.0, 0.0, 0.0, 0.0, 0.0, 0.0, 0.0, 0.0, 0.0, 0.0, 0.0, 0.0, 0.0, 0.0, 0.0, 0.0], [0.0, 0.0, 0.0, 0.9733654058683606, 0.0, 0.0, 0.0, 0.0, 0.0, 0.0, 0.0, 0.0, 0.0, 0.0, 0.0, 0.0, 0.0, 0.0, 0.0, 0.0, 0.0], [0.0, 0.0, 0.0, 0.0, 0.9869072174389327, 0.0, 0.0, 0.0, 0.0, 0.0, 0.0, 0.0, 0.0, 0.0, 0.0, 0.0, 0.0, 0.0, 0.0, 0.0, 0.0], [0.0, 0.0, 0.0, 0.0, 0.9857526279768916, 0.0, 0.0, 0.0, 0.0, 0.0, 0.0, 0.0, 0.0, 0.0, 0.0, 0.0, 0.0, 0.0, 0.0, 0.0, 0.0], [0.0, 0.0, 0.0, 0.0, 0.9873513596767848, 0.0, 0.0, 0.0, 0.0, 0.0, 0.0, 0.0, 0.0, 0.0, 0.0, 0.0, 0.0, 0.0, 0.0, 0.0, 0.0], [0.0, 0.0, 0.0, 0.0, 0.0, 0.9723241953097402, 0.0, 0.0, 0.0, 0.0, 0.0, 0.0, 0.0, 0.0, 0.0, 0.0, 0.0, 0.0, 0.0, 0.0, 0.0], [0.0, 0.0, 0.0, 0.0, 0.0, 0.9729697557706452, 0.0, 0.0, 0.0, 0.0, 0.0, 0.0, 0.0, 0.0, 0.0, 0.0, 0.0, 0.0, 0.0, 0.0, 0.0], [0.0, 0.0, 0.0, 0.0, 0.0, 0.0, 0.9022448192662096, 0.0, 0.0, 0.0, 0.0, 0.0, 0.0, 0.0, 0.0, 0.0, 0.0, 0.0, 0.0, 0.0, 0.0]], "Born radii": [], "Atomic SASAs": [], "Solvent H bonds": [], "Total SASA": NaN, "Total FOD": 0.0, "FOD": [0.0, 0.0, 0.0, 0.0, 0.0, 0.0, 0.0, 0.0, 0.0, 0.0, 0.0, 0.0, 0.0, 0.0, 0.0, 0.0, 0.0, 0.0, 0.0, 0.0, 0.0], "FOD s proportion": [0.0, 0.0, 0.0, 0.0, 0.0, 0.0, 0.0, 0.0, 0.0, 0.0, 0.0, 0.0, 0.0, 0.0, 0.0, 0.0, 0.0, 0.0, 0.0, 0.0, 0.0], "FOD p proportion": [0.0, 0.0, 0.0, 0.0, 0.0, 0.0, 0.0, 0.0, 0.0, 0.0, 0.0, 0.0, 0.0, 0.0, 0.0, 0.0, 0.0, 0.0, 0.0, 0.0, 0.0], "FOD d proportion": [0.0, 0.0, 0.0, 0.0, 0.0, 0.0, 0.0, 0.0, 0.0, 0.0, 0.0, 0.0, 0.0, 0.0, 0.0, 0.0, 0.0, 0.0, 0.0, 0.0, 0.0], "coordinates": [["1.74010", "-1.01250", "0.65240"], ["0.81820", "-1.01640", "-0.55940"], ["-0.12340", "0.20070", "-0.67120"], ["-1.07950", "0.36570", "0.53020"], ["-1.93570", "-0.86220", "0.80930"], ["0.67980", "1.48990", "-0.91600"], ["-0.17360", "2.55630", "-1.31360"], ["1.17570", "-1.02580", "1.58900"], ["2.39770", "-0.13850", "0.65500"], ["2.37580", "-1.90400", "0.63790"], ["0.22730", "-1.93960", "-0.55060"], ["1.43640", "-1.07050", "-1.46460"], ["-0.75540", "0.03990", "-1.55600"], ["-0.51690", "0.62700", "1.43400"], ["-1.76020", "1.20350", "0.33800"], ["-2.66870", "-0.63740", "1.59100"], ["-1.33180", "-1.70440", "1.15900"], ["-2.48170", "-1.17260", "-0.08700"], ["1.40230", "1.34030", "-1.72490"], ["1.23300", "1.80500", "-0.02520"], ["-0.65960", "2.85570", "-0.52720"]], "bond_dist": [[0.0, 1.5226207866701413, 2.5877409936081315, 3.140782106418718, 3.682215819313148, 3.1378528343438923, 4.501526089005816, 1.0935921588965423, 1.0937643804768922, 1.095032871652719, 2.1436621119010337, 2.1394594387368038, 3.49458102925086, 2.897051571857153, 4.154708587855471, 4.523183327038602, 3.189347704468737, 4.289048800142055, 3.361745375545269, 2.9418698849541256, 4.702444841781772], [1.5226207866701413, 0.0, 1.542868176481711, 2.588183505858887, 3.0791366549732735, 2.5353220327997783, 3.7837375926456636, 2.17796170076519, 2.1772220878908977, 2.155801199090491, 1.0961471114772872, 1.0974903598665455, 2.141307593504492, 2.9080748150623634, 3.518725526380255, 4.114162462762014, 2.83703058848508, 3.337199456130844, 2.6932504432376874, 2.90133187346777, 4.144645713447653], [2.5877409936081315, 1.542868176481711, 0.0, 1.5442519774959007, 2.5702272175821346, 1.538536291414668, 2.4421402826209637, 2.88105312342553, 2.86876424440908, 3.5198729437296454, 2.172192196837103, 2.1629630232623023, 1.0991595334618174, 2.1836760245054667, 2.168687787580315, 3.5069235149914513, 2.905041929129423, 2.790846004350652, 2.1764035333549705, 2.197934359802403, 2.712429066353626], [3.140782106418718, 2.588183505858887, 1.5442519774959007, 0.0, 1.5227323008329468, 2.539774905380396, 3.0031619353607955, 2.8536392080990196, 3.5157804994055017, 4.135484913525861, 2.86186354845929, 3.5173356805968914, 2.1362155532623572, 1.0961983807687365, 1.0964498027725667, 2.1580229122972723, 2.1781548934820956, 2.1710521803954874, 3.4920842501291403, 2.7798758785240754, 2.7376104123852247], [3.682215819313148, 3.0791366549732735, 2.5702272175821346, 1.5227323008329468, 0.0, 3.9178916205020267, 4.392931034059151, 3.211776301363468, 4.396123945022479, 4.438891466346074, 2.7728483135577395, 4.072476950211013, 2.793123088945419, 2.149641870172797, 2.126038670861845, 1.094933299338366, 1.093748663999184, 1.0944486511481477, 4.734492569431279, 4.225045062481582, 4.151800075870707], [3.1378528343438923, 2.5353220327997783, 1.538536291414668, 2.539774905380396, 3.9178916205020267, 0.0, 1.4225281297745924, 3.58464618895645, 2.840934348062271, 4.099948587482531, 3.4784685797057304, 2.725629042991727, 2.1381999532316898, 2.774740942862955, 2.758285873509126, 4.692856969906498, 4.30763415925726, 4.215593611817914, 1.0948541546708404, 1.0949168415911779, 1.9520674783418734], [4.501526089005816, 3.7837375926456636, 2.4421402826209637, 3.0031619353607955, 4.392931034059151, 1.4225281297745924, 0.0, 4.803866948615458, 4.212946319382671, 5.495640881644287, 4.5777731070903895, 3.970967040910815, 2.594131446168447, 3.374812459974628, 2.659915404669855, 4.986175373971517, 5.060508125672757, 4.55374223908205, 2.0325561492859183, 2.0501097068205887, 0.9717310944906519], [1.0935921588965423, 2.17796170076519, 2.88105312342553, 2.8536392080990196, 3.211776301363468, 3.58464618895645, 4.803866948615458, 0.0, 1.7756523561778639, 1.7652383578429287, 2.5124452551249745, 3.065034345647696, 3.841339440872155, 2.370794719076285, 3.8928509218823164, 3.8639707452308696, 2.633050362222493, 4.0258043916713095, 4.078199355107595, 3.2591952334893963, 4.786718163836262], [1.0937643804768922, 2.1772220878908977, 2.86876424440908, 3.5157804994055017, 4.396123945022479, 2.840934348062271, 4.212946319382671, 1.7756523561778639, 0.0, 1.7657186270751066, 3.0672575258689965, 2.5070751584266477, 3.8551766716974205, 3.112510949378331, 4.380591901786789, 5.17623474834749, 4.076178241932018, 5.042665086043292, 2.9734819000626187, 2.3656691188752497, 4.4395848646016445], [1.095032871652719, 2.155801199090491, 3.5198729437296454, 4.135484913525861, 4.438891466346074, 4.099948587482531, 5.495640881644287, 1.7652383578429287, 1.7657186270751066, 0.0, 2.4555756677406624, 2.44902038782857, 4.289097557762005, 3.9252324135011416, 5.1819872886760345, 5.2876890434290855, 3.7493576956593513, 4.965453878549271, 4.129892078493093, 3.937305480909501, 5.76418730264727], [2.1436621119010337, 1.0961471114772872, 2.172192196837103, 2.86186354845929, 2.7728483135577395, 3.4784685797057304, 4.5777731070903895, 2.5124452551249745, 3.0672575258689965, 2.4555756677406624, 0.0, 1.7471844836765233, 2.427951543997532, 3.3286493296831376, 3.8234596663231586, 3.8300119320962955, 2.3256921571867593, 2.85340059578041, 3.676594824018551, 3.912736486143681, 4.87668342831478], [2.1394594387368038, 1.0974903598665455, 2.1629630232623023, 3.5173356805968914, 4.072476950211013, 2.725629042991727, 3.970967040910815, 3.065034345647696, 2.5070751584266477, 2.44902038782857, 1.7471844836765233, 0.0, 2.458725149340609, 3.8857134608717616, 4.317255415191462, 5.135768002937827, 3.8662691848861224, 4.154481168569668, 2.42505165718176, 3.22207140982319, 4.548294317653597], [3.49458102925086, 2.141307593504492, 1.0991595334618174, 2.1362155532623572, 2.793123088945419, 2.1381999532316898, 2.594131446168447, 3.841339440872155, 3.8551766716974205, 4.289097557762005, 2.427951543997532, 2.458725149340609, 0.0, 3.056414346910445, 2.4394310812154543, 3.744737798564808, 3.278115990931376, 2.5706475721109654, 2.5249230998190817, 3.0680060642052194, 2.9993893911928144], [2.897051571857153, 2.9080748150623634, 2.1836760245054667, 1.0961983807687365, 2.149641870172797, 2.774740942862955, 3.374812459974628, 2.370794719076285, 3.112510949378331, 3.9252324135011416, 3.3286493296831376, 3.8857134608717616, 3.056414346910445, 0.0, 1.754811425766313, 2.5007198163728774, 2.4849774586502793, 3.0679700454861027, 3.7644089496227693, 2.56497537025212, 2.9721662840426677], [4.154708587855471, 3.518725526380255, 2.168687787580315, 1.0964498027725667, 2.126038670861845, 2.758285873509126, 2.659915404669855, 3.8928509218823164, 4.380591901786789, 5.1819872886760345, 3.8234596663231586, 4.317255415191462, 2.4394310812154543, 1.754811425766313, 0.0, 2.405055936979429, 3.0517945491136853, 2.5193329394901345, 3.7783166754521784, 3.0745670800943667, 2.1655614145066404], [4.523183327038602, 4.114162462762014, 3.5069235149914513, 2.1580229122972723, 1.094933299338366, 4.692856969906498, 4.986175373971517, 3.8639707452308696, 5.17623474834749, 5.2876890434290855, 3.8300119320962955, 5.135768002937827, 3.744737798564808, 2.5007198163728774, 2.405055936979429, 0.0, 1.7642036758832578, 1.7711837962221764, 5.610662269286933, 4.878594376457219, 4.552472038354547], [3.189347704468737, 2.83703058848508, 2.905041929129423, 2.1781548934820956, 1.093748663999184, 4.30763415925726, 5.060508125672757, 2.633050362222493, 4.076178241932018, 3.7493576956593513, 2.3256921571867593, 3.8662691848861224, 3.278115990931376, 2.4849774586502793, 3.0517945491136853, 1.7642036758832578, 0.0, 1.7769629287072928, 5.006234124569086, 4.505154496795864, 4.908119323121638], [4.289048800142055, 3.337199456130844, 2.790846004350652, 2.1710521803954874, 1.0944486511481477, 4.215593611817914, 4.55374223908205, 4.0258043916713095, 5.042665086043292, 4.965453878549271, 2.85340059578041, 4.154481168569668, 2.5706475721109654, 3.0679700454861027, 2.5193329394901345, 1.7711837962221764, 1.7769629287072928, 0.0, 4.907426904193276, 4.761188621552396, 4.443087365785192], [3.361745375545269, 2.6932504432376874, 2.1764035333549705, 3.4920842501291403, 4.734492569431279, 1.0948541546708404, 2.0325561492859183, 4.078199355107595, 2.9734819000626187, 4.129892078493093, 3.676594824018551, 2.42505165718176, 2.5249230998190817, 3.7644089496227693, 3.7783166754521784, 5.610662269286933, 5.006234124569086, 4.907426904193276, 0.0, 1.7701945288583398, 2.8253060117445687], [2.9418698849541256, 2.90133187346777, 2.197934359802403, 2.7798758785240754, 4.225045062481582, 1.0949168415911779, 2.0501097068205887, 3.2591952334893963, 2.3656691188752497, 3.937305480909501, 3.912736486143681, 3.22207140982319, 3.0680060642052194, 2.56497537025212, 3.0745670800943667, 4.878594376457219, 4.505154496795864, 4.761188621552396, 1.7701945288583398, 0.0, 2.222140690865455], [4.702444841781772, 4.144645713447653, 2.712429066353626, 2.7376104123852247, 4.151800075870707, 1.9520674783418734, 0.9717310944906519, 4.786718163836262, 4.4395848646016445, 5.76418730264727, 4.87668342831478, 4.548294317653597, 2.9993893911928144, 2.9721662840426677, 2.1655614145066404, 4.552472038354547, 4.908119323121638, 4.443087365785192, 2.8253060117445687, 2.222140690865455, 0.0]]}