{"total energy": -20.87026209, "HOMO-LUMO gap/eV": 6.96395596, "electronic energy": -21.10683382, "dipole": [-0.70362694, -0.55134352, 0.34160276], "partial charges": [-0.10240696, -0.05200355, -0.05981702, -0.06313443, 0.03335246, -0.21377233, 0.03438873, 0.03532241, 0.03615021, 0.03377238, 0.03317018, 0.03070337, 0.03467826, 0.05389799, 0.05043707, 0.05734169, 0.05791955], "atomic dipole moments": [[0.0554173, -0.09075553, -0.00269795], [0.04845911, 0.09292547, 0.05379085], [-0.0096706, 0.06718521, -0.09671403], [0.05680585, -0.06799918, 0.10623292], [0.06348756, 0.13584827, -0.13205422], [-0.06966747, -0.07653157, 0.05539073], [-0.11373959, -0.01897156, -0.04911165], [-0.01706343, 0.04202456, 0.11817724], [0.05335073, 0.09176281, -0.06866314], [0.01188778, -0.03717614, -0.11818862], [-0.06644121, -0.08718603, 0.05304598], [0.04584596, -0.11296208, 0.00438488], [-0.0157313, 0.030999, 0.11962637], [-0.04603283, 0.11891078, 0.00202955], [0.01106746, -0.0308583, -0.12325144], [0.0542837, -0.11886082, -0.00423645], [-0.00733714, 0.03615169, 0.12552824]], "atomic quadrupole moments": [[-0.01383322, -0.15081477, 0.13986413, 0.00238875, 0.01391672, -0.12603091], [0.12252578, -0.11558856, 0.02736872, 0.13327512, 0.01706435, -0.14989451], [0.15651841, 0.1453674, -0.07570568, 0.03712011, -0.09895949, -0.08081273], [0.19622348, 0.12514137, -0.11187882, 0.06316974, -0.12484991, -0.08434466], [0.16781205, 0.2888916, -0.04531979, -0.09455495, -0.2386142, -0.12249226], [0.05731487, 0.33624052, 0.0496275, -0.23646546, -0.24863078, -0.10694237], [0.05547549, 0.01897986, -0.02202798, 0.04867774, 0.01247741, -0.03344751], [-0.04829651, -0.01081074, -0.026105, -0.00409269, 0.02663497, 0.07440151], [-0.00229496, 0.03543478, 0.01641924, -0.04361177, -0.03997932, -0.01412429], [-0.02137586, -0.01847943, -0.03062559, -0.01500822, 0.01218993, 0.05200144], [0.01042904, 0.01969349, 0.00789645, -0.02085749, -0.04234602, -0.01832549], [0.00270941, -0.02899352, 0.04258843, -0.00373669, 0.00708567, -0.04529783], [-0.02043858, 0.00494805, -0.01800294, -0.01687841, 0.03648747, 0.03844153], [-0.00817175, -0.02511203, 0.04048033, -0.00519217, 0.01141739, -0.03230858], [-0.02003022, 0.00033251, -0.02085794, -0.01295695, 0.02942378, 0.04088816], [-0.00039427, -0.01715002, 0.03247196, -0.01041212, 0.00942101, -0.03207769], [-0.01419419, 0.00920878, -0.0152895, -0.01106834, 0.02608593, 0.0294837]], "number of molecular orbitals": 40, "number of electrons": 38, "number of unpaired electrons": 0, "orbital energies/eV": [-28.50893767, -17.46748688, -17.00409607, -16.3147551, -15.87211106, -15.30564048, -14.62027135, -14.1694635, -14.02367076, -13.71352595, -13.3000138, -13.06737255, -12.81688948, -12.4300302, -12.06477508, -11.86113487, -11.78180171, -11.14851031, -11.1240694, -4.16011344, 0.45839098, 0.67540533, 0.83921531, 0.84821476, 2.18961752, 2.26270669, 2.60300259, 3.03226384, 3.42715056, 3.63880454, 4.10865967, 4.58839668, 4.68977571, 4.80652105, 5.77179979, 5.8271204, 6.30042827, 6.95016817, 7.65788094, 7.84150736], "fractional occupation": [2.0, 2.0, 2.0, 2.0, 2.0, 2.0, 2.0, 2.0, 2.0, 2.0, 2.0, 2.0, 2.0, 2.0, 2.0, 2.0, 2.0, 2.0, 2.0, 0.0, 0.0, 0.0, 0.0, 0.0, 0.0, 0.0, 0.0, 0.0, 0.0, 0.0, 0.0, 0.0, 0.0, 0.0, 0.0, 0.0, 0.0, 0.0, 0.0, 0.0], "program call": "xtb /home/svss/Project-DBcg-Debug/aqme2_20220329/End-to-End-workflows-final/example-3/QDESCP/mol_154_rdkit_conf_6/mol_154_rdkit_conf_6.xyz --pop --wbo --acc 0.2 --gfn 2 --chrg 0 --uhf 0 --etemp 300 --input /home/svss/Project-DBcg-Debug/aqme2_20220329/End-to-End-workflows-final/example-3/QDESCP/mol_154_rdkit_conf_6/mol_154_rdkit_conf_6_xtb.inp", "method": "GFN2-xTB", "xtb version": "6.3.3 (7355c4f)", "Dipole module/D": 2.432, "Total charge": 0, "Transition dipole module/D": NaN, "HOMO": -11.1241, "LUMO": -4.1601, "HOMO occupancy": 2.0, "LUMO occupancy": 0, "mulliken charges": [-0.08557, -0.03763, -0.04729, -0.05324, 0.07206, -0.16607, 0.0306, 0.02815, 0.02877, 0.0249, 0.02588, 0.02494, 0.02492, 0.03306, 0.03271, 0.03179, 0.03201], "cm5 charges": [-0.23604, -0.15001, -0.15766, -0.1622, -0.03124, -0.17571, 0.08137, 0.07956, 0.08052, 0.07949, 0.0801, 0.07986, 0.08014, 0.08923, 0.0884, 0.08698, 0.0872], "FUKUI+": [0.016, 0.009, 0.01, 0.034, -0.04, -0.449, -0.028, -0.013, -0.001, -0.02, -0.035, -0.032, -0.034, -0.061, -0.061, -0.147, -0.147], "FUKUI-": [0.02, 0.007, 0.013, 0.009, 0.036, -0.31, -0.062, -0.064, -0.085, -0.076, -0.112, -0.051, -0.051, -0.054, -0.052, -0.082, -0.084], "FUKUIrad": [0.018, 0.008, 0.011, 0.022, -0.002, -0.38, -0.045, -0.039, -0.043, -0.048, -0.073, -0.042, -0.042, -0.058, -0.056, -0.115, -0.116], "s proportion": [1.007, 1.027, 1.032, 1.035, 1.043, 1.949, 0.969, 0.972, 0.971, 0.975, 0.974, 0.975, 0.975, 0.967, 0.967, 0.968, 0.968], "p proportion": [3.078, 3.011, 3.015, 3.018, 2.885, 5.233, 0.0, 0.0, 0.0, 0.0, 0.0, 0.0, 0.0, 0.0, 0.0, 0.0, 0.0], "d proportion": [0.0, 0.0, 0.0, 0.0, 0.0, -0.016, 0.0, 0.0, 0.0, 0.0, 0.0, 0.0, 0.0, 0.0, 0.0, 0.0, 0.0], "Fermi-level/eV": -7.6421, "Coordination numbers": [3.749, 3.799, 3.801, 3.83, 3.714, 0.919, 0.924, 0.924, 0.924, 0.924, 0.924, 0.924, 0.924, 0.924, 0.924, 0.924, 0.924], "Dispersion coefficient C6": [22.521, 21.509, 21.651, 21.688, 20.136, 105.885, 2.525, 2.512, 2.501, 2.534, 2.542, 2.577, 2.521, 2.272, 2.315, 2.23, 2.224], "Total dispersion C6": 2555.629627, "Total dispersion C8": 62729.577914, "Polarizability alpha": [6.768, 6.603, 6.625, 6.626, 6.411, 15.742, 2.485, 2.479, 2.473, 2.489, 2.493, 2.51, 2.483, 2.357, 2.379, 2.336, 2.332], "Total polarizability alpha": 75.593265, "Wiberg matrix": [[0.0, 1.0212500457362907, 0.0, 0.0, 0.0, 0.0, 0.986933820405968, 0.9872178415371285, 0.9859503373394909, 0.0, 0.0, 0.0, 0.0, 0.0, 0.0, 0.0, 0.0], [1.0212500457362907, 0.0, 1.0063164282211283, 0.0, 0.0, 0.0, 0.0, 0.0, 0.0, 0.9774888205743731, 0.9773425558113867, 0.0, 0.0, 0.0, 0.0, 0.0, 0.0], [0.0, 1.0063164282211283, 0.0, 1.0017645747708501, 0.0, 0.0, 0.0, 0.0, 0.0, 0.0, 0.0, 0.9769554903917581, 0.9767996924031329, 0.0, 0.0, 0.0, 0.0], [0.0, 0.0, 1.0017645747708501, 0.0, 1.0137321948444926, 0.0, 0.0, 0.0, 0.0, 0.0, 0.0, 0.0, 0.0, 0.9735430322325204, 0.9753120517779037, 0.0, 0.0], [0.0, 0.0, 0.0, 1.0137321948444926, 0.0, 0.9466628852882597, 0.0, 0.0, 0.0, 0.0, 0.0, 0.0, 0.0, 0.0, 0.0, 0.9789503492285935, 0.9791010492476284], [0.0, 0.0, 0.0, 0.0, 0.9466628852882597, 0.0, 0.0, 0.0, 0.0, 0.0, 0.0, 0.0, 0.0, 0.0, 0.0, 0.0, 0.0], [0.986933820405968, 0.0, 0.0, 0.0, 0.0, 0.0, 0.0, 0.0, 0.0, 0.0, 0.0, 0.0, 0.0, 0.0, 0.0, 0.0, 0.0], [0.9872178415371285, 0.0, 0.0, 0.0, 0.0, 0.0, 0.0, 0.0, 0.0, 0.0, 0.0, 0.0, 0.0, 0.0, 0.0, 0.0, 0.0], [0.9859503373394909, 0.0, 0.0, 0.0, 0.0, 0.0, 0.0, 0.0, 0.0, 0.0, 0.0, 0.0, 0.0, 0.0, 0.0, 0.0, 0.0], [0.0, 0.9774888205743731, 0.0, 0.0, 0.0, 0.0, 0.0, 0.0, 0.0, 0.0, 0.0, 0.0, 0.0, 0.0, 0.0, 0.0, 0.0], [0.0, 0.9773425558113867, 0.0, 0.0, 0.0, 0.0, 0.0, 0.0, 0.0, 0.0, 0.0, 0.0, 0.0, 0.0, 0.0, 0.0, 0.0], [0.0, 0.0, 0.9769554903917581, 0.0, 0.0, 0.0, 0.0, 0.0, 0.0, 0.0, 0.0, 0.0, 0.0, 0.0, 0.0, 0.0, 0.0], [0.0, 0.0, 0.9767996924031329, 0.0, 0.0, 0.0, 0.0, 0.0, 0.0, 0.0, 0.0, 0.0, 0.0, 0.0, 0.0, 0.0, 0.0], [0.0, 0.0, 0.0, 0.9735430322325204, 0.0, 0.0, 0.0, 0.0, 0.0, 0.0, 0.0, 0.0, 0.0, 0.0, 0.0, 0.0, 0.0], [0.0, 0.0, 0.0, 0.9753120517779037, 0.0, 0.0, 0.0, 0.0, 0.0, 0.0, 0.0, 0.0, 0.0, 0.0, 0.0, 0.0, 0.0], [0.0, 0.0, 0.0, 0.0, 0.9789503492285935, 0.0, 0.0, 0.0, 0.0, 0.0, 0.0, 0.0, 0.0, 0.0, 0.0, 0.0, 0.0], [0.0, 0.0, 0.0, 0.0, 0.9791010492476284, 0.0, 0.0, 0.0, 0.0, 0.0, 0.0, 0.0, 0.0, 0.0, 0.0, 0.0, 0.0]], "Born radii": [], "Atomic SASAs": [], "Solvent H bonds": [], "Total SASA": NaN, "Total FOD": 0.0, "FOD": [0.0, 0.0, 0.0, 0.0, 0.0, 0.0, 0.0, 0.0, 0.0, 0.0, 0.0, 0.0, 0.0, 0.0, 0.0, 0.0, 0.0], "FOD s proportion": [0.0, 0.0, 0.0, 0.0, 0.0, 0.0, 0.0, 0.0, 0.0, 0.0, 0.0, 0.0, 0.0, 0.0, 0.0, 0.0, 0.0], "FOD p proportion": [0.0, 0.0, 0.0, 0.0, 0.0, 0.0, 0.0, 0.0, 0.0, 0.0, 0.0, 0.0, 0.0, 0.0, 0.0, 0.0, 0.0], "FOD d proportion": [0.0, 0.0, 0.0, 0.0, 0.0, 0.0, 0.0, 0.0, 0.0, 0.0, 0.0, 0.0, 0.0, 0.0, 0.0, 0.0, 0.0], "coordinates": [["-2.15340", "0.52260", "-0.30240"], ["-1.35540", "-0.77160", "-0.34060"], ["0.00060", "-0.67460", "0.36170"], ["0.97360", "0.28510", "-0.32720"], ["2.33760", "0.25920", "0.35180"], ["3.45590", "1.38020", "-0.45860"], ["-3.14780", "0.36300", "-0.73170"], ["-2.28120", "0.87550", "0.72580"], ["-1.66620", "1.31190", "-0.88200"], ["-1.21510", "-1.08300", "-1.38230"], ["-1.94370", "-1.55740", "0.14820"], ["0.44470", "-1.67760", "0.38780"], ["-0.14650", "-0.36740", "1.40430"], ["0.57420", "1.30540", "-0.29980"], ["1.07860", "0.00440", "-1.38230"], ["2.78140", "-0.74000", "0.30980"], ["2.26280", "0.56420", "1.39990"]], "bond_dist": [[0.0, 1.5209263230018737, 2.5522603021635546, 3.1361043174613945, 4.546035437609347, 5.676629518473088, 1.0948068368438335, 1.0945622366955658, 1.0937524811400432, 2.1504748917390315, 2.1385542897013394, 3.4738134218751586, 2.7807503483772145, 2.837707588882265, 3.4468158131817836, 5.130418953652811, 4.73311507255], [1.5209263230018737, 0.0, 1.5301536818241492, 2.5575448089916235, 3.8961795903166476, 5.271885329746845, 2.1570753649328065, 2.1696204760280082, 2.1750132988099176, 1.0962631709585067, 1.0965874201357593, 2.1428398376920286, 2.1609009371093344, 2.8353041812123085, 2.7589256767807284, 4.18773601842332, 4.231438659605028], [2.5522603021635546, 1.5301536818241492, 0.0, 1.530469307108117, 2.5166742836529323, 4.102949331883103, 3.490638892810312, 2.7824431818098283, 2.875968389951461, 2.1647755195400746, 2.1459777678251934, 1.0972306138638313, 1.0968249678047999, 2.164947853875469, 2.159782627951248, 2.7820530925918723, 2.780293783038044], [3.1361043174613945, 2.5575448089916235, 1.530469307108117, 0.0, 1.523879197968133, 2.716306915648525, 4.1419351298638185, 3.4714700344378606, 2.8862891954895997, 2.7884299004995623, 3.48302321267028, 2.154797322255622, 2.1629776952155564, 1.096030661067472, 1.0968379552148988, 2.1736466709196325, 2.173202213324844], [4.546035437609347, 3.8961795903166476, 2.5166742836529323, 1.523879197968133, 0.0, 1.7787591320918075, 5.592348330531638, 4.67472086118519, 4.319821080785639, 4.174958795006245, 4.655214088524823, 2.708424015917744, 2.7696816820710644, 2.151440577845458, 2.158033097521908, 1.094131198714304, 1.0941360290201578], [5.676629518473088, 5.271885329746845, 4.102949331883103, 2.716306915648525, 1.7787591320918075, 0.0, 6.687161815000441, 5.879782467064577, 5.140023429907688, 5.360859719298762, 6.176842248268933, 4.374226701944013, 4.416082871731462, 2.8870412830439403, 2.8978617323813087, 2.3538557411192387, 2.354435359061701], [1.0948068368438335, 2.1570753649328065, 3.490638892810312, 4.1419351298638185, 5.592348330531638, 6.687161815000441, 0.0, 1.7714282542626443, 1.7658255463097143, 2.499905128199868, 2.4314639581947333, 4.280582303846055, 3.7555002130208965, 3.863669158973113, 4.291192291193672, 6.120191491285219, 5.818830841328867], [1.0945622366955658, 2.1696204760280082, 2.7824431818098283, 3.4714700344378606, 4.67472086118519, 5.879782467064577, 1.7714282542626443, 0.0, 1.7758633956473118, 3.0686115866951944, 2.5231984503799936, 3.750079255162482, 2.5616609357992717, 3.06430718597206, 4.06093054114448, 5.330367249073932, 4.604264816450071], [1.0937524811400432, 2.1750132988099176, 2.875968389951461, 2.8862891954895997, 4.319821080785639, 5.140023429907688, 1.7658255463097143, 1.7758633956473118, 0.0, 2.4878378785604176, 3.0612417055828836, 3.873680562462527, 3.2181833804182136, 2.314819917401784, 3.0811983675187156, 5.041014442550229, 4.604689338055283], [2.1504748917390315, 1.0962631709585067, 2.1647755195400746, 2.7884299004995623, 4.174958795006245, 5.360859719298762, 2.499905128199868, 3.0686115866951944, 2.4878378785604176, 0.0, 1.7602112288018164, 2.4983472957137085, 3.069059934246967, 3.174563796807366, 2.5384047057157773, 4.353488676911885, 4.748651712854924], [2.1385542897013394, 1.0965874201357593, 2.1459777678251934, 3.48302321267028, 4.655214088524823, 6.176842248268933, 2.4314639581947333, 2.5231984503799936, 3.0612417055828836, 1.7602112288018164, 0.0, 2.4033956727929757, 2.4947575132665696, 3.8387691061068, 3.7304083931923593, 4.798002431220726, 4.874687856673492], [3.4738134218751586, 2.1428398376920286, 1.0972306138638313, 2.154797322255622, 2.708424015917744, 4.374226701944013, 4.280582303846055, 3.750079255162482, 3.873680562462527, 2.4983472957137085, 2.4033956727929757, 0.0, 1.7605151888012782, 3.0639603473282744, 2.522738040304621, 2.5189967546624588, 3.0586763902054104], [2.7807503483772145, 2.1609009371093344, 1.0968249678047999, 2.1629776952155564, 2.7696816820710644, 4.416082871731462, 3.7555002130208965, 2.5616609357992717, 3.2181833804182136, 3.069059934246967, 2.4947575132665696, 1.7605151888012782, 0.0, 2.494318572275803, 3.0666341173997265, 3.147913502623603, 2.5831423518652628], [2.837707588882265, 2.8353041812123085, 2.164947853875469, 1.096030661067472, 2.151440577845458, 2.8870412830439403, 3.863669158973113, 3.06430718597206, 2.314819917401784, 3.174563796807366, 3.8387691061068, 3.0639603473282744, 2.494318572275803, 0.0, 1.7660199913930759, 3.0703428407915623, 2.507932911782131], [3.4468158131817836, 2.7589256767807284, 2.159782627951248, 1.0968379552148988, 2.158033097521908, 2.8978617323813087, 4.291192291193672, 4.06093054114448, 3.0811983675187156, 2.5384047057157773, 3.7304083931923593, 2.522738040304621, 3.0666341173997265, 1.7660199913930759, 0.0, 2.5133367482293334, 3.075116667705471], [5.130418953652811, 4.18773601842332, 2.7820530925918723, 2.1736466709196325, 1.094131198714304, 2.3538557411192387, 6.120191491285219, 5.330367249073932, 5.041014442550229, 4.353488676911885, 4.798002431220726, 2.5189967546624588, 3.147913502623603, 3.0703428407915623, 2.5133367482293334, 0.0, 1.7771329747658164], [4.73311507255, 4.231438659605028, 2.780293783038044, 2.173202213324844, 1.0941360290201578, 2.354435359061701, 5.818830841328867, 4.604264816450071, 4.604689338055283, 4.748651712854924, 4.874687856673492, 3.0586763902054104, 2.5831423518652628, 2.507932911782131, 3.075116667705471, 1.7771329747658164, 0.0]]}