{"total energy": -57.89710197, "HOMO-LUMO gap/eV": 3.96398267, "electronic energy": -58.75520457, "dipole": [-0.01324544, -0.58189993, -0.77824011], "partial charges": [-0.09900951, -0.05143286, -0.02695154, -0.0269447, -0.05143593, -0.0990002, 0.00355555, -0.03947634, -0.07306756, 0.14296325, -0.39724367, -0.05531851, -0.0338855, 0.00354378, -0.03390282, -0.05531882, 0.14297116, -0.39722097, -0.07306412, -0.03947673, 0.03143253, 0.03353214, 0.0325158, 0.03151871, 0.02882919, 0.03676862, 0.03675751, 0.02884411, 0.03152795, 0.03143052, 0.03351566, 0.03251241, 0.02911737, 0.02396206, 0.29673387, 0.04763263, 0.0378192, 0.03783445, 0.0476259, 0.29673522, 0.02393888, 0.02913128], "atomic dipole moments": [[-0.07721702, 0.06173007, -0.01626511], [0.10815726, 0.02364634, -0.03343928], [-0.06721479, 0.0233093, 0.06422515], [0.06897832, 0.05390776, 0.03900388], [-0.10844314, -0.03698125, 0.01561255], [0.07787773, -0.03434759, 0.05291142], [0.04452163, -0.02430295, -0.05404288], [0.0001863, 0.00260722, 0.00331159], [-0.01011723, 0.01894721, 0.0189421], [-0.16089219, 0.07526334, 0.17177561], [0.02870727, -0.15432038, -0.12552297], [-0.03268957, -0.02065574, 0.01076445], [-0.0064503, -0.00122412, 0.00301356], [-0.04607012, -0.04422556, -0.03761495], [0.00646461, 0.00312866, -0.00043278], [0.03259231, 0.01566203, -0.01750251], [0.16586661, 0.14079159, 0.11718335], [-0.03403296, -0.07625553, -0.18282891], [0.01079379, 0.01262179, 0.02330697], [-5.148e-05, 0.00244634, 0.00341364], [0.05779734, -0.03438764, -0.10581032], [0.08719862, 0.04909386, 0.07984491], [-0.04075884, -0.10455456, 0.05375713], [-0.05873255, 0.01822194, 0.11077437], [-0.08025758, -0.06643283, -0.06243453], [0.05785329, -0.04463991, -0.09533573], [-0.06066887, -0.07786881, -0.06847668], [0.07773369, -0.04239469, -0.08312506], [0.06143241, 0.10011623, 0.04747536], [-0.06068043, -0.09079741, -0.06158637], [-0.08462904, 0.06411218, 0.07154798], [0.04021171, 0.08047974, -0.08596827], [-0.02763635, -0.13194326, -0.06635109], [-0.11577945, -0.0932571, 0.02597977], [-0.05372431, -0.0596228, 0.00076406], [0.02568596, 0.13521306, 0.07182428], [0.11882138, 0.09170875, -0.02564438], [-0.11781669, -0.04859359, 0.08330884], [-0.02187585, 0.03101545, 0.15052575], [0.05274258, 0.01672606, -0.05814887], [0.11478854, 0.04939162, -0.0846304], [0.02399125, -0.02675491, -0.14586595]], "atomic quadrupole moments": [[0.0951176, -0.15723105, 0.01360959, 0.03714844, -0.04468124, -0.10872719], [0.03624793, -0.07684327, 0.07886968, 0.00373001, -0.15445862, -0.11511761], [0.04283501, 0.05523692, 0.02499152, 0.07672189, -0.10524056, -0.06782653], [0.03751791, -0.06116776, -0.00136636, -0.07823707, -0.11103875, -0.03615155], [0.03846648, -0.03021137, -0.01492915, 0.06836639, -0.18294173, -0.02353733], [0.09847089, -0.08447143, -0.0720173, 0.13651185, -0.07117098, -0.02645359], [-0.04486897, -0.24341422, -0.13523617, 0.18480968, -0.19071979, 0.18010514], [-0.0536879, -0.21464111, -0.0852855, 0.28144803, -0.23736417, 0.1389734], [-0.04205705, -0.1774883, -0.0720699, 0.24188243, -0.20084352, 0.11412696], [0.0246069, -0.3252387, -0.25008595, -0.00742444, -0.11857583, 0.22547905], [0.00900721, -0.01981277, -0.02523586, -0.07367186, 0.04525645, 0.01622865], [-0.00374607, -0.16659876, -0.10283234, 0.25074337, -0.25792871, 0.10657842], [-0.02355483, -0.20204768, -0.11659604, 0.28076808, -0.27519055, 0.14015087], [-0.04504664, -0.24263845, 0.26639462, 0.17623412, -0.07222484, -0.22134798], [-0.02937626, -0.32500808, 0.27958084, 0.10694134, -0.156168, -0.25020458], [-0.0094571, -0.28711571, 0.23921131, 0.08142346, -0.15491272, -0.22975421], [0.03556794, -0.08055292, 0.25450038, 0.30758414, 0.02606529, -0.29006832], [0.01292866, 0.0657311, -0.01379027, 0.04043653, 0.0471657, 0.00086161], [-0.04693295, -0.2804833, 0.21743837, 0.09719016, -0.11367509, -0.17050542], [-0.05905942, -0.32849939, 0.26062731, 0.12092275, -0.1333555, -0.20156788], [-0.01683482, -0.01926904, -0.04391759, -0.04038983, 0.0168966, 0.06075241], [0.00962223, 0.03047574, -0.00508651, 0.04502147, 0.04317727, -0.00453572], [-0.0094009, 0.03503577, 0.03893433, -0.02065218, -0.04980161, -0.02953343], [-0.02541798, -0.02082088, -0.01281279, -0.02217026, 0.0261855, 0.03823077], [-0.00175467, 0.01854804, -0.00110858, 0.04646707, 0.01859178, 0.00286325], [0.00178564, 0.00211048, -0.01871219, -0.01966332, 0.01218867, 0.01692655], [0.00259873, 0.01995492, 0.00680456, 0.00359872, 0.0193955, -0.00940329], [-0.00436742, -0.03902173, -0.00625834, -0.03036697, 0.01806495, 0.01062577], [-0.02369723, 0.01689661, 0.01940579, 0.02748178, 0.03504613, 0.00429144], [-0.01439199, 0.03515275, 0.04208354, 0.03034275, 0.04134825, -0.02769155], [0.00664357, -0.03431943, -0.02686088, -0.04109867, 0.03786109, 0.02021731], [-0.0096734, 0.02856916, 0.00198814, -0.02838613, -0.06058214, 0.00768526], [0.00747935, 0.02178243, 0.00687011, -0.04181463, 0.03432984, -0.01434946], [0.01192396, 0.02390752, 0.00267462, -0.04043058, 0.0253293, -0.01459858], [0.04926383, 0.09474738, 0.01117831, -0.04092317, -0.00547241, -0.06044213], [0.00348577, 0.01882688, 0.00859245, -0.0358359, 0.03069448, -0.01207822], [0.00416889, 0.01806241, 0.00517039, -0.04283519, 0.03329445, -0.00933928], [0.00549016, 0.04619961, -0.02776927, -0.00446046, 0.02309216, 0.02227911], [0.00445183, 0.03961351, -0.02837814, -0.00715399, 0.01945186, 0.02392631], [0.04787095, 0.06385015, -0.05387194, -0.08066483, -0.02414143, 0.00600099], [0.01290301, 0.04522974, -0.02844788, -0.01116137, 0.01578422, 0.01554487], [0.00860015, 0.04610799, -0.03281342, -0.00835746, 0.02221884, 0.02421328]], "number of molecular orbitals": 102, "number of electrons": 106, "number of unpaired electrons": 0, "orbital energies/eV": [-19.19128811, -19.19106705, -17.54025521, -17.53841502, -17.15817365, -16.97169417, -16.86612808, -16.76758846, -16.62670351, -16.60028977, -16.32041787, -16.20994518, -15.98761076, -15.76624684, -15.61844752, -15.46767328, -15.08236448, -15.07332126, -14.85609923, -14.79488702, -14.39809263, -14.33003995, -14.14329951, -14.08498403, -14.07127196, -13.76299081, -13.71006561, -13.54049579, -13.39964316, -13.22350803, -13.05219807, -12.97582625, -12.95291078, -12.89611502, -12.86568885, -12.65233427, -12.56150348, -12.47542296, -12.33131407, -12.25038975, -12.22171391, -11.90103758, -11.86741608, -11.66699909, -11.56668148, -11.41029741, -11.36320846, -11.18758776, -11.16843525, -10.85128232, -10.79183427, -10.26604477, -10.04986712, -6.08588445, -5.995387, -5.82528216, -5.58238773, -2.53793982, -2.41316349, 0.59645827, 1.33708731, 1.7444746, 1.99303015, 2.46939907, 2.87488996, 3.11771844, 3.32973229, 3.43612824, 3.56020992, 3.6682278, 3.80266954, 3.90078389, 4.04618812, 4.16101149, 4.58747337, 4.74054782, 4.87583823, 4.91860714, 5.05961547, 5.09439594, 5.20834464, 5.61076115, 5.6561939, 6.11247983, 6.26854419, 6.36969725, 7.09397095, 7.23811734, 7.66318445, 7.82431751, 10.24180935, 10.49386597, 10.85890562, 10.97005545, 11.725035, 11.75555627, 12.30047749, 12.30757884, 16.66648823, 16.7050318, 17.30940382, 17.35028893], "fractional occupation": [2.0, 2.0, 2.0, 2.0, 2.0, 2.0, 2.0, 2.0, 2.0, 2.0, 2.0, 2.0, 2.0, 2.0, 2.0, 2.0, 2.0, 2.0, 2.0, 2.0, 2.0, 2.0, 2.0, 2.0, 2.0, 2.0, 2.0, 2.0, 2.0, 2.0, 2.0, 2.0, 2.0, 2.0, 2.0, 2.0, 2.0, 2.0, 2.0, 2.0, 2.0, 2.0, 2.0, 2.0, 2.0, 2.0, 2.0, 2.0, 2.0, 2.0, 2.0, 2.0, 2.0, 0.0, 0.0, 0.0, 0.0, 0.0, 0.0, 0.0, 0.0, 0.0, 0.0, 0.0, 0.0, 0.0, 0.0, 0.0, 0.0, 0.0, 0.0, 0.0, 0.0, 0.0, 0.0, 0.0, 0.0, 0.0, 0.0, 0.0, 0.0, 0.0, 0.0, 0.0, 0.0, 0.0, 0.0, 0.0, 0.0, 0.0, 0.0, 0.0, 0.0, 0.0, 0.0, 0.0, 0.0, 0.0, 0.0, 0.0, 0.0, 0.0], "program call": "xtb /home/svss/Project-DBcg-Debug/aqme2_20220329/End-to-End-workflows-final/example-3/QDESCP/mol_354_rdkit_conf_4/mol_354_rdkit_conf_4.xyz --pop --wbo --acc 0.2 --gfn 2 --chrg 0 --uhf 0 --etemp 300 --input /home/svss/Project-DBcg-Debug/aqme2_20220329/End-to-End-workflows-final/example-3/QDESCP/mol_354_rdkit_conf_4/mol_354_rdkit_conf_4_xtb.inp", "method": "GFN2-xTB", "xtb version": "6.3.3 (7355c4f)", "Dipole module/D": 2.47, "Total charge": 0, "Transition dipole module/D": NaN, "HOMO": -10.0499, "LUMO": -6.0859, "HOMO occupancy": 2.0, "LUMO occupancy": 0, "mulliken charges": [-0.08276, -0.04196, -0.01701, -0.017, -0.04196, -0.08275, -0.01693, -0.03191, -0.09678, 0.25752, -0.5193, -0.06652, -0.03334, -0.01694, -0.03335, -0.06652, 0.25753, -0.51928, -0.09678, -0.0319, 0.02665, 0.02838, 0.02934, 0.0245, 0.02388, 0.02611, 0.0261, 0.02389, 0.02451, 0.02665, 0.02837, 0.02934, 0.02861, 0.03092, 0.35019, 0.04843, 0.03196, 0.03197, 0.04843, 0.35019, 0.0309, 0.02862], "cm5 charges": [-0.23279, -0.15148, -0.07789, -0.07787, -0.15149, -0.23278, -0.03024, -0.0857, -0.14891, 0.26898, -0.71672, -0.11685, -0.08664, -0.03025, -0.08667, -0.11685, 0.26899, -0.71668, -0.14891, -0.0857, 0.07808, 0.08067, 0.08012, 0.08103, 0.07923, 0.0871, 0.08709, 0.07924, 0.08104, 0.07808, 0.08066, 0.08012, 0.08507, 0.08892, 0.52138, 0.10695, 0.08968, 0.0897, 0.10695, 0.52136, 0.08889, 0.08509], "FUKUI+": [0.009, 0.006, 0.006, 0.006, 0.006, 0.009, -0.019, -0.037, -0.036, -0.023, -0.034, -0.035, -0.029, -0.019, -0.029, -0.035, -0.023, -0.034, -0.036, -0.037, -0.014, -0.0, -0.021, 0.001, -0.017, -0.027, -0.027, -0.017, 0.001, -0.014, -0.0, -0.021, -0.055, -0.057, -0.027, -0.052, -0.038, -0.038, -0.052, -0.027, -0.057, -0.055], "FUKUI-": [0.009, 0.004, -0.006, -0.006, 0.004, 0.009, -0.031, -0.017, -0.019, -0.033, -0.068, -0.021, -0.011, -0.031, -0.011, -0.021, -0.033, -0.068, -0.019, -0.017, -0.018, -0.007, -0.029, -0.008, -0.021, -0.036, -0.036, -0.021, -0.008, -0.018, -0.007, -0.029, -0.04, -0.044, -0.035, -0.041, -0.027, -0.027, -0.041, -0.035, -0.044, -0.04], "FUKUIrad": [0.009, 0.005, 0.0, 0.0, 0.005, 0.009, -0.025, -0.027, -0.028, -0.028, -0.051, -0.028, -0.02, -0.025, -0.02, -0.028, -0.028, -0.051, -0.028, -0.027, -0.016, -0.003, -0.025, -0.003, -0.019, -0.031, -0.031, -0.019, -0.003, -0.016, -0.003, -0.025, -0.048, -0.051, -0.031, -0.047, -0.033, -0.033, -0.047, -0.031, -0.051, -0.048], "s proportion": [1.007, 1.033, 1.068, 1.068, 1.033, 1.007, 1.089, 1.064, 1.058, 1.015, 1.692, 1.056, 1.065, 1.089, 1.065, 1.055, 1.015, 1.692, 1.058, 1.064, 0.973, 0.972, 0.971, 0.976, 0.976, 0.974, 0.974, 0.976, 0.975, 0.973, 0.972, 0.971, 0.971, 0.969, 0.65, 0.952, 0.968, 0.968, 0.952, 0.65, 0.969, 0.971], "p proportion": [3.075, 3.009, 2.949, 2.949, 3.009, 3.075, 2.928, 2.968, 3.038, 2.727, 4.828, 3.011, 2.969, 2.928, 2.969, 3.011, 2.727, 4.828, 3.038, 2.968, 0.0, 0.0, 0.0, 0.0, 0.0, 0.0, 0.0, 0.0, 0.0, 0.0, 0.0, 0.0, 0.0, 0.0, 0.0, 0.0, 0.0, 0.0, 0.0, 0.0, 0.0, 0.0], "d proportion": [0.0, 0.0, 0.0, 0.0, 0.0, 0.0, 0.0, 0.0, 0.0, 0.0, 0.0, 0.0, 0.0, 0.0, 0.0, 0.0, 0.0, 0.0, 0.0, 0.0, 0.0, 0.0, 0.0, 0.0, 0.0, 0.0, 0.0, 0.0, 0.0, 0.0, 0.0, 0.0, 0.0, 0.0, 0.0, 0.0, 0.0, 0.0, 0.0, 0.0, 0.0, 0.0], "Fermi-level/eV": -8.0679, "Coordination numbers": [3.748, 3.797, 3.846, 3.846, 3.797, 3.748, 2.957, 2.917, 2.91, 2.844, 1.659, 2.911, 2.916, 2.957, 2.916, 2.911, 2.844, 1.659, 2.91, 2.917, 0.924, 0.924, 0.924, 0.924, 0.924, 0.923, 0.923, 0.924, 0.924, 0.924, 0.924, 0.924, 0.925, 0.925, 0.804, 0.925, 0.925, 0.925, 0.925, 0.804, 0.925, 0.925], "Dispersion coefficient C6": [22.457, 21.501, 21.022, 21.022, 21.501, 22.457, 27.944, 28.981, 29.822, 24.882, 20.795, 29.374, 28.844, 27.944, 28.844, 29.374, 24.882, 20.794, 29.822, 28.981, 2.566, 2.537, 2.551, 2.565, 2.603, 2.493, 2.493, 2.603, 2.565, 2.566, 2.537, 2.551, 2.599, 2.674, 0.731, 2.35, 2.478, 2.478, 2.35, 0.731, 2.674, 2.599], "Total dispersion C6": 18010.877124, "Total dispersion C8": 422468.885148, "Polarizability alpha": [6.759, 6.602, 6.522, 6.522, 6.603, 6.759, 8.67, 8.828, 8.955, 8.175, 6.156, 8.887, 8.807, 8.67, 8.807, 8.887, 8.175, 6.156, 8.955, 8.828, 2.505, 2.491, 2.498, 2.505, 2.523, 2.469, 2.469, 2.523, 2.505, 2.505, 2.491, 2.498, 2.521, 2.557, 1.343, 2.397, 2.462, 2.462, 2.397, 1.343, 2.557, 2.521], "Total polarizability alpha": 209.26397, "Wiberg matrix": [[0.0, 1.0197471782706484, 0.0, 0.0, 0.0, 0.0, 0.0, 0.0, 0.0, 0.0, 0.0, 0.0, 0.0, 0.0, 0.0, 0.0, 0.0, 0.0, 0.0, 0.0, 0.9873459698055669, 0.987398379041219, 0.9868178910515083, 0.0, 0.0, 0.0, 0.0, 0.0, 0.0, 0.0, 0.0, 0.0, 0.0, 0.0, 0.0, 0.0, 0.0, 0.0, 0.0, 0.0, 0.0, 0.0], [1.0197471782706484, 0.0, 0.9892073498120146, 0.0, 0.0, 0.0, 0.0, 0.0, 0.0, 0.0, 0.0, 0.0, 0.0, 0.0, 0.0, 0.0, 0.0, 0.0, 0.0, 0.0, 0.0, 0.0, 0.0, 0.9752910757890245, 0.9761237678898768, 0.0, 0.0, 0.0, 0.0, 0.0, 0.0, 0.0, 0.0, 0.0, 0.0, 0.0, 0.0, 0.0, 0.0, 0.0, 0.0, 0.0], [0.0, 0.9892073498120146, 0.0, 0.9475851967361807, 0.0, 0.0, 0.0, 0.0, 0.0, 0.0, 0.0, 0.0, 0.0, 1.0009764273713115, 0.0, 0.0, 0.0, 0.0, 0.0, 0.0, 0.0, 0.0, 0.0, 0.0, 0.0, 0.9626684139237638, 0.0, 0.0, 0.0, 0.0, 0.0, 0.0, 0.0, 0.0, 0.0, 0.0, 0.0, 0.0, 0.0, 0.0, 0.0, 0.0], [0.0, 0.0, 0.9475851967361807, 0.0, 0.9892123223461092, 0.0, 1.0009634922335928, 0.0, 0.0, 0.0, 0.0, 0.0, 0.0, 0.0, 0.0, 0.0, 0.0, 0.0, 0.0, 0.0, 0.0, 0.0, 0.0, 0.0, 0.0, 0.0, 0.9626659360164742, 0.0, 0.0, 0.0, 0.0, 0.0, 0.0, 0.0, 0.0, 0.0, 0.0, 0.0, 0.0, 0.0, 0.0, 0.0], [0.0, 0.0, 0.0, 0.9892123223461092, 0.0, 1.0197508627014549, 0.0, 0.0, 0.0, 0.0, 0.0, 0.0, 0.0, 0.0, 0.0, 0.0, 0.0, 0.0, 0.0, 0.0, 0.0, 0.0, 0.0, 0.0, 0.0, 0.0, 0.0, 0.9761224570515956, 0.9752889315604965, 0.0, 0.0, 0.0, 0.0, 0.0, 0.0, 0.0, 0.0, 0.0, 0.0, 0.0, 0.0, 0.0], [0.0, 0.0, 0.0, 0.0, 1.0197508627014549, 0.0, 0.0, 0.0, 0.0, 0.0, 0.0, 0.0, 0.0, 0.0, 0.0, 0.0, 0.0, 0.0, 0.0, 0.0, 0.0, 0.0, 0.0, 0.0, 0.0, 0.0, 0.0, 0.0, 0.0, 0.9873447634167459, 0.9873965681034157, 0.986817139811243, 0.0, 0.0, 0.0, 0.0, 0.0, 0.0, 0.0, 0.0, 0.0, 0.0], [0.0, 0.0, 0.0, 1.0009634922335928, 0.0, 0.0, 0.0, 1.407655611000129, 0.0, 0.0, 0.0, 0.0, 1.4058965426748666, 0.0, 0.0, 0.0, 0.0, 0.0, 0.0, 0.0, 0.0, 0.0, 0.0, 0.0, 0.0, 0.0, 0.0, 0.0, 0.0, 0.0, 0.0, 0.0, 0.0, 0.0, 0.0, 0.0, 0.0, 0.0, 0.0, 0.0, 0.0, 0.0], [0.0, 0.0, 0.0, 0.0, 0.0, 0.0, 1.407655611000129, 0.0, 1.4453480130190166, 0.0, 0.0, 0.10969277996106085, 0.0, 0.0, 0.0, 0.0, 0.0, 0.0, 0.0, 0.0, 0.0, 0.0, 0.0, 0.0, 0.0, 0.0, 0.0, 0.0, 0.0, 0.0, 0.0, 0.0, 0.9693292867390121, 0.0, 0.0, 0.0, 0.0, 0.0, 0.0, 0.0, 0.0, 0.0], [0.0, 0.0, 0.0, 0.0, 0.0, 0.0, 0.0, 1.4453480130190166, 0.0, 1.3749178584145425, 0.0, 0.0, 0.1060365486377417, 0.0, 0.0, 0.0, 0.0, 0.0, 0.0, 0.0, 0.0, 0.0, 0.0, 0.0, 0.0, 0.0, 0.0, 0.0, 0.0, 0.0, 0.0, 0.0, 0.0, 0.9664368924004244, 0.0, 0.0, 0.0, 0.0, 0.0, 0.0, 0.0, 0.0], [0.0, 0.0, 0.0, 0.0, 0.0, 0.0, 0.0, 0.0, 1.3749178584145425, 0.0, 1.0636944691691739, 1.3709952280760211, 0.0, 0.0, 0.0, 0.0, 0.0, 0.0, 0.0, 0.0, 0.0, 0.0, 0.0, 0.0, 0.0, 0.0, 0.0, 0.0, 0.0, 0.0, 0.0, 0.0, 0.0, 0.0, 0.0, 0.0, 0.0, 0.0, 0.0, 0.0, 0.0, 0.0], [0.0, 0.0, 0.0, 0.0, 0.0, 0.0, 0.0, 0.0, 0.0, 1.0636944691691739, 0.0, 0.0, 0.0, 0.0, 0.0, 0.0, 0.0, 0.0, 0.0, 0.0, 0.0, 0.0, 0.0, 0.0, 0.0, 0.0, 0.0, 0.0, 0.0, 0.0, 0.0, 0.0, 0.0, 0.0, 0.8906096814067879, 0.0, 0.0, 0.0, 0.0, 0.0, 0.0, 0.0], [0.0, 0.0, 0.0, 0.0, 0.0, 0.0, 0.0, 0.10969277996106085, 0.0, 1.3709952280760211, 0.0, 0.0, 1.4508948954606677, 0.0, 0.0, 0.0, 0.0, 0.0, 0.0, 0.0, 0.0, 0.0, 0.0, 0.0, 0.0, 0.0, 0.0, 0.0, 0.0, 0.0, 0.0, 0.0, 0.0, 0.0, 0.0, 0.9682369416453382, 0.0, 0.0, 0.0, 0.0, 0.0, 0.0], [0.0, 0.0, 0.0, 0.0, 0.0, 0.0, 1.4058965426748666, 0.0, 0.1060365486377417, 0.0, 0.0, 1.4508948954606677, 0.0, 0.0, 0.0, 0.0, 0.0, 0.0, 0.0, 0.0, 0.0, 0.0, 0.0, 0.0, 0.0, 0.0, 0.0, 0.0, 0.0, 0.0, 0.0, 0.0, 0.0, 0.0, 0.0, 0.0, 0.9672602409624214, 0.0, 0.0, 0.0, 0.0, 0.0], [0.0, 0.0, 1.0009764273713115, 0.0, 0.0, 0.0, 0.0, 0.0, 0.0, 0.0, 0.0, 0.0, 0.0, 0.0, 1.4058200217571617, 0.0, 0.0, 0.0, 0.0, 1.4076964717837366, 0.0, 0.0, 0.0, 0.0, 0.0, 0.0, 0.0, 0.0, 0.0, 0.0, 0.0, 0.0, 0.0, 0.0, 0.0, 0.0, 0.0, 0.0, 0.0, 0.0, 0.0, 0.0], [0.0, 0.0, 0.0, 0.0, 0.0, 0.0, 0.0, 0.0, 0.0, 0.0, 0.0, 0.0, 0.0, 1.4058200217571617, 0.0, 1.4509488728390385, 0.0, 0.0, 0.10604675618047747, 0.0, 0.0, 0.0, 0.0, 0.0, 0.0, 0.0, 0.0, 0.0, 0.0, 0.0, 0.0, 0.0, 0.0, 0.0, 0.0, 0.0, 0.0, 0.9672695183876984, 0.0, 0.0, 0.0, 0.0], [0.0, 0.0, 0.0, 0.0, 0.0, 0.0, 0.0, 0.0, 0.0, 0.0, 0.0, 0.0, 0.0, 0.0, 1.4509488728390385, 0.0, 1.3709735242418037, 0.0, 0.0, 0.10966386565597873, 0.0, 0.0, 0.0, 0.0, 0.0, 0.0, 0.0, 0.0, 0.0, 0.0, 0.0, 0.0, 0.0, 0.0, 0.0, 0.0, 0.0, 0.0, 0.9682348598507343, 0.0, 0.0, 0.0], [0.0, 0.0, 0.0, 0.0, 0.0, 0.0, 0.0, 0.0, 0.0, 0.0, 0.0, 0.0, 0.0, 0.0, 0.0, 1.3709735242418037, 0.0, 1.0637256723377346, 1.374902136311864, 0.0, 0.0, 0.0, 0.0, 0.0, 0.0, 0.0, 0.0, 0.0, 0.0, 0.0, 0.0, 0.0, 0.0, 0.0, 0.0, 0.0, 0.0, 0.0, 0.0, 0.0, 0.0, 0.0], [0.0, 0.0, 0.0, 0.0, 0.0, 0.0, 0.0, 0.0, 0.0, 0.0, 0.0, 0.0, 0.0, 0.0, 0.0, 0.0, 1.0637256723377346, 0.0, 0.0, 0.0, 0.0, 0.0, 0.0, 0.0, 0.0, 0.0, 0.0, 0.0, 0.0, 0.0, 0.0, 0.0, 0.0, 0.0, 0.0, 0.0, 0.0, 0.0, 0.0, 0.8906010874105841, 0.0, 0.0], [0.0, 0.0, 0.0, 0.0, 0.0, 0.0, 0.0, 0.0, 0.0, 0.0, 0.0, 0.0, 0.0, 0.0, 0.10604675618047747, 0.0, 1.374902136311864, 0.0, 0.0, 1.4453484475820404, 0.0, 0.0, 0.0, 0.0, 0.0, 0.0, 0.0, 0.0, 0.0, 0.0, 0.0, 0.0, 0.0, 0.0, 0.0, 0.0, 0.0, 0.0, 0.0, 0.0, 0.9664294248201097, 0.0], [0.0, 0.0, 0.0, 0.0, 0.0, 0.0, 0.0, 0.0, 0.0, 0.0, 0.0, 0.0, 0.0, 1.4076964717837366, 0.0, 0.10966386565597873, 0.0, 0.0, 1.4453484475820404, 0.0, 0.0, 0.0, 0.0, 0.0, 0.0, 0.0, 0.0, 0.0, 0.0, 0.0, 0.0, 0.0, 0.0, 0.0, 0.0, 0.0, 0.0, 0.0, 0.0, 0.0, 0.0, 0.9693304496180627], [0.9873459698055669, 0.0, 0.0, 0.0, 0.0, 0.0, 0.0, 0.0, 0.0, 0.0, 0.0, 0.0, 0.0, 0.0, 0.0, 0.0, 0.0, 0.0, 0.0, 0.0, 0.0, 0.0, 0.0, 0.0, 0.0, 0.0, 0.0, 0.0, 0.0, 0.0, 0.0, 0.0, 0.0, 0.0, 0.0, 0.0, 0.0, 0.0, 0.0, 0.0, 0.0, 0.0], [0.987398379041219, 0.0, 0.0, 0.0, 0.0, 0.0, 0.0, 0.0, 0.0, 0.0, 0.0, 0.0, 0.0, 0.0, 0.0, 0.0, 0.0, 0.0, 0.0, 0.0, 0.0, 0.0, 0.0, 0.0, 0.0, 0.0, 0.0, 0.0, 0.0, 0.0, 0.0, 0.0, 0.0, 0.0, 0.0, 0.0, 0.0, 0.0, 0.0, 0.0, 0.0, 0.0], [0.9868178910515083, 0.0, 0.0, 0.0, 0.0, 0.0, 0.0, 0.0, 0.0, 0.0, 0.0, 0.0, 0.0, 0.0, 0.0, 0.0, 0.0, 0.0, 0.0, 0.0, 0.0, 0.0, 0.0, 0.0, 0.0, 0.0, 0.0, 0.0, 0.0, 0.0, 0.0, 0.0, 0.0, 0.0, 0.0, 0.0, 0.0, 0.0, 0.0, 0.0, 0.0, 0.0], [0.0, 0.9752910757890245, 0.0, 0.0, 0.0, 0.0, 0.0, 0.0, 0.0, 0.0, 0.0, 0.0, 0.0, 0.0, 0.0, 0.0, 0.0, 0.0, 0.0, 0.0, 0.0, 0.0, 0.0, 0.0, 0.0, 0.0, 0.0, 0.0, 0.0, 0.0, 0.0, 0.0, 0.0, 0.0, 0.0, 0.0, 0.0, 0.0, 0.0, 0.0, 0.0, 0.0], [0.0, 0.9761237678898768, 0.0, 0.0, 0.0, 0.0, 0.0, 0.0, 0.0, 0.0, 0.0, 0.0, 0.0, 0.0, 0.0, 0.0, 0.0, 0.0, 0.0, 0.0, 0.0, 0.0, 0.0, 0.0, 0.0, 0.0, 0.0, 0.0, 0.0, 0.0, 0.0, 0.0, 0.0, 0.0, 0.0, 0.0, 0.0, 0.0, 0.0, 0.0, 0.0, 0.0], [0.0, 0.0, 0.9626684139237638, 0.0, 0.0, 0.0, 0.0, 0.0, 0.0, 0.0, 0.0, 0.0, 0.0, 0.0, 0.0, 0.0, 0.0, 0.0, 0.0, 0.0, 0.0, 0.0, 0.0, 0.0, 0.0, 0.0, 0.0, 0.0, 0.0, 0.0, 0.0, 0.0, 0.0, 0.0, 0.0, 0.0, 0.0, 0.0, 0.0, 0.0, 0.0, 0.0], [0.0, 0.0, 0.0, 0.9626659360164742, 0.0, 0.0, 0.0, 0.0, 0.0, 0.0, 0.0, 0.0, 0.0, 0.0, 0.0, 0.0, 0.0, 0.0, 0.0, 0.0, 0.0, 0.0, 0.0, 0.0, 0.0, 0.0, 0.0, 0.0, 0.0, 0.0, 0.0, 0.0, 0.0, 0.0, 0.0, 0.0, 0.0, 0.0, 0.0, 0.0, 0.0, 0.0], [0.0, 0.0, 0.0, 0.0, 0.9761224570515956, 0.0, 0.0, 0.0, 0.0, 0.0, 0.0, 0.0, 0.0, 0.0, 0.0, 0.0, 0.0, 0.0, 0.0, 0.0, 0.0, 0.0, 0.0, 0.0, 0.0, 0.0, 0.0, 0.0, 0.0, 0.0, 0.0, 0.0, 0.0, 0.0, 0.0, 0.0, 0.0, 0.0, 0.0, 0.0, 0.0, 0.0], [0.0, 0.0, 0.0, 0.0, 0.9752889315604965, 0.0, 0.0, 0.0, 0.0, 0.0, 0.0, 0.0, 0.0, 0.0, 0.0, 0.0, 0.0, 0.0, 0.0, 0.0, 0.0, 0.0, 0.0, 0.0, 0.0, 0.0, 0.0, 0.0, 0.0, 0.0, 0.0, 0.0, 0.0, 0.0, 0.0, 0.0, 0.0, 0.0, 0.0, 0.0, 0.0, 0.0], [0.0, 0.0, 0.0, 0.0, 0.0, 0.9873447634167459, 0.0, 0.0, 0.0, 0.0, 0.0, 0.0, 0.0, 0.0, 0.0, 0.0, 0.0, 0.0, 0.0, 0.0, 0.0, 0.0, 0.0, 0.0, 0.0, 0.0, 0.0, 0.0, 0.0, 0.0, 0.0, 0.0, 0.0, 0.0, 0.0, 0.0, 0.0, 0.0, 0.0, 0.0, 0.0, 0.0], [0.0, 0.0, 0.0, 0.0, 0.0, 0.9873965681034157, 0.0, 0.0, 0.0, 0.0, 0.0, 0.0, 0.0, 0.0, 0.0, 0.0, 0.0, 0.0, 0.0, 0.0, 0.0, 0.0, 0.0, 0.0, 0.0, 0.0, 0.0, 0.0, 0.0, 0.0, 0.0, 0.0, 0.0, 0.0, 0.0, 0.0, 0.0, 0.0, 0.0, 0.0, 0.0, 0.0], [0.0, 0.0, 0.0, 0.0, 0.0, 0.986817139811243, 0.0, 0.0, 0.0, 0.0, 0.0, 0.0, 0.0, 0.0, 0.0, 0.0, 0.0, 0.0, 0.0, 0.0, 0.0, 0.0, 0.0, 0.0, 0.0, 0.0, 0.0, 0.0, 0.0, 0.0, 0.0, 0.0, 0.0, 0.0, 0.0, 0.0, 0.0, 0.0, 0.0, 0.0, 0.0, 0.0], [0.0, 0.0, 0.0, 0.0, 0.0, 0.0, 0.0, 0.9693292867390121, 0.0, 0.0, 0.0, 0.0, 0.0, 0.0, 0.0, 0.0, 0.0, 0.0, 0.0, 0.0, 0.0, 0.0, 0.0, 0.0, 0.0, 0.0, 0.0, 0.0, 0.0, 0.0, 0.0, 0.0, 0.0, 0.0, 0.0, 0.0, 0.0, 0.0, 0.0, 0.0, 0.0, 0.0], [0.0, 0.0, 0.0, 0.0, 0.0, 0.0, 0.0, 0.0, 0.9664368924004244, 0.0, 0.0, 0.0, 0.0, 0.0, 0.0, 0.0, 0.0, 0.0, 0.0, 0.0, 0.0, 0.0, 0.0, 0.0, 0.0, 0.0, 0.0, 0.0, 0.0, 0.0, 0.0, 0.0, 0.0, 0.0, 0.0, 0.0, 0.0, 0.0, 0.0, 0.0, 0.0, 0.0], [0.0, 0.0, 0.0, 0.0, 0.0, 0.0, 0.0, 0.0, 0.0, 0.0, 0.8906096814067879, 0.0, 0.0, 0.0, 0.0, 0.0, 0.0, 0.0, 0.0, 0.0, 0.0, 0.0, 0.0, 0.0, 0.0, 0.0, 0.0, 0.0, 0.0, 0.0, 0.0, 0.0, 0.0, 0.0, 0.0, 0.0, 0.0, 0.0, 0.0, 0.0, 0.0, 0.0], [0.0, 0.0, 0.0, 0.0, 0.0, 0.0, 0.0, 0.0, 0.0, 0.0, 0.0, 0.9682369416453382, 0.0, 0.0, 0.0, 0.0, 0.0, 0.0, 0.0, 0.0, 0.0, 0.0, 0.0, 0.0, 0.0, 0.0, 0.0, 0.0, 0.0, 0.0, 0.0, 0.0, 0.0, 0.0, 0.0, 0.0, 0.0, 0.0, 0.0, 0.0, 0.0, 0.0], [0.0, 0.0, 0.0, 0.0, 0.0, 0.0, 0.0, 0.0, 0.0, 0.0, 0.0, 0.0, 0.9672602409624214, 0.0, 0.0, 0.0, 0.0, 0.0, 0.0, 0.0, 0.0, 0.0, 0.0, 0.0, 0.0, 0.0, 0.0, 0.0, 0.0, 0.0, 0.0, 0.0, 0.0, 0.0, 0.0, 0.0, 0.0, 0.0, 0.0, 0.0, 0.0, 0.0], [0.0, 0.0, 0.0, 0.0, 0.0, 0.0, 0.0, 0.0, 0.0, 0.0, 0.0, 0.0, 0.0, 0.0, 0.9672695183876984, 0.0, 0.0, 0.0, 0.0, 0.0, 0.0, 0.0, 0.0, 0.0, 0.0, 0.0, 0.0, 0.0, 0.0, 0.0, 0.0, 0.0, 0.0, 0.0, 0.0, 0.0, 0.0, 0.0, 0.0, 0.0, 0.0, 0.0], [0.0, 0.0, 0.0, 0.0, 0.0, 0.0, 0.0, 0.0, 0.0, 0.0, 0.0, 0.0, 0.0, 0.0, 0.0, 0.9682348598507343, 0.0, 0.0, 0.0, 0.0, 0.0, 0.0, 0.0, 0.0, 0.0, 0.0, 0.0, 0.0, 0.0, 0.0, 0.0, 0.0, 0.0, 0.0, 0.0, 0.0, 0.0, 0.0, 0.0, 0.0, 0.0, 0.0], [0.0, 0.0, 0.0, 0.0, 0.0, 0.0, 0.0, 0.0, 0.0, 0.0, 0.0, 0.0, 0.0, 0.0, 0.0, 0.0, 0.0, 0.8906010874105841, 0.0, 0.0, 0.0, 0.0, 0.0, 0.0, 0.0, 0.0, 0.0, 0.0, 0.0, 0.0, 0.0, 0.0, 0.0, 0.0, 0.0, 0.0, 0.0, 0.0, 0.0, 0.0, 0.0, 0.0], [0.0, 0.0, 0.0, 0.0, 0.0, 0.0, 0.0, 0.0, 0.0, 0.0, 0.0, 0.0, 0.0, 0.0, 0.0, 0.0, 0.0, 0.0, 0.9664294248201097, 0.0, 0.0, 0.0, 0.0, 0.0, 0.0, 0.0, 0.0, 0.0, 0.0, 0.0, 0.0, 0.0, 0.0, 0.0, 0.0, 0.0, 0.0, 0.0, 0.0, 0.0, 0.0, 0.0], [0.0, 0.0, 0.0, 0.0, 0.0, 0.0, 0.0, 0.0, 0.0, 0.0, 0.0, 0.0, 0.0, 0.0, 0.0, 0.0, 0.0, 0.0, 0.0, 0.9693304496180627, 0.0, 0.0, 0.0, 0.0, 0.0, 0.0, 0.0, 0.0, 0.0, 0.0, 0.0, 0.0, 0.0, 0.0, 0.0, 0.0, 0.0, 0.0, 0.0, 0.0, 0.0, 0.0]], "Born radii": [], "Atomic SASAs": [], "Solvent H bonds": [], "Total SASA": NaN, "Total FOD": 0.0, "FOD": [0.0, 0.0, 0.0, 0.0, 0.0, 0.0, 0.0, 0.0, 0.0, 0.0, 0.0, 0.0, 0.0, 0.0, 0.0, 0.0, 0.0, 0.0, 0.0, 0.0, 0.0, 0.0, 0.0, 0.0, 0.0, 0.0, 0.0, 0.0, 0.0, 0.0, 0.0, 0.0, 0.0, 0.0, 0.0, 0.0, 0.0, 0.0, 0.0, 0.0, 0.0, 0.0], "FOD s proportion": [0.0, 0.0, 0.0, 0.0, 0.0, 0.0, 0.0, 0.0, 0.0, 0.0, 0.0, 0.0, 0.0, 0.0, 0.0, 0.0, 0.0, 0.0, 0.0, 0.0, 0.0, 0.0, 0.0, 0.0, 0.0, 0.0, 0.0, 0.0, 0.0, 0.0, 0.0, 0.0, 0.0, 0.0, 0.0, 0.0, 0.0, 0.0, 0.0, 0.0, 0.0, 0.0], "FOD p proportion": [0.0, 0.0, 0.0, 0.0, 0.0, 0.0, 0.0, 0.0, 0.0, 0.0, 0.0, 0.0, 0.0, 0.0, 0.0, 0.0, 0.0, 0.0, 0.0, 0.0, 0.0, 0.0, 0.0, 0.0, 0.0, 0.0, 0.0, 0.0, 0.0, 0.0, 0.0, 0.0, 0.0, 0.0, 0.0, 0.0, 0.0, 0.0, 0.0, 0.0, 0.0, 0.0], "FOD d proportion": [0.0, 0.0, 0.0, 0.0, 0.0, 0.0, 0.0, 0.0, 0.0, 0.0, 0.0, 0.0, 0.0, 0.0, 0.0, 0.0, 0.0, 0.0, 0.0, 0.0, 0.0, 0.0, 0.0, 0.0, 0.0, 0.0, 0.0, 0.0, 0.0, 0.0, 0.0, 0.0, 0.0, 0.0, 0.0, 0.0, 0.0, 0.0, 0.0, 0.0, 0.0, 0.0], "coordinates": [["1.36780", "-3.36260", "0.30640"], ["0.19700", "-2.42240", "0.03780"], ["0.60910", "-1.13820", "-0.72850"], ["-0.64360", "-0.36660", "-1.28400"], ["-0.23590", "0.72480", "-2.30810"], ["-1.41580", "1.26760", "-3.10810"], ["-1.61040", "0.13250", "-0.21380"], ["-2.73350", "-0.64530", "0.12030"], ["-3.64050", "-0.22080", "1.09510"], ["-3.42960", "0.98980", "1.74310"], ["-4.28690", "1.44280", "2.70140"], ["-2.33090", "1.77770", "1.43080"], ["-1.42620", "1.35230", "0.45540"], ["1.60730", "-0.26900", "0.03120"], ["1.45790", "0.03070", "1.39420"], ["2.39070", "0.83090", "2.05780"], ["3.48290", "1.33520", "1.36630"], ["4.36840", "2.11190", "2.05260"], ["3.65950", "1.05280", "0.01760"], ["2.72450", "0.25300", "-0.64500"], ["1.86960", "-3.64020", "-0.62600"], ["2.10620", "-2.91040", "0.97470"], ["1.00820", "-4.28100", "0.78150"], ["-0.29110", "-2.18530", "0.98910"], ["-0.53910", "-2.97360", "-0.56100"], ["1.14050", "-1.50760", "-1.61950"], ["-1.20050", "-1.10790", "-1.87830"], ["0.47760", "0.29440", "-3.02210"], ["0.27680", "1.56200", "-1.82270"], ["-1.94250", "0.46020", "-3.62670"], ["-2.13190", "1.79270", "-2.46940"], ["-1.06100", "1.97720", "-3.86250"], ["-2.91090", "-1.59500", "-0.38020"], ["-4.49660", "-0.84440", "1.33060"], ["-5.00050", "0.79330", "2.80830"], ["-2.17370", "2.72140", "1.94510"], ["-0.56920", "1.98510", "0.23650"], ["0.60690", "-0.34420", "1.95800"], ["2.26040", "1.05960", "3.11160"], ["5.07340", "2.38650", "1.44420"], ["4.51030", "1.44100", "-0.53270"], ["2.87520", "0.03880", "-1.70100"]], "bond_dist": [[0.0, 1.525416218610514, 2.5679951440764057, 3.9434906009777686, 5.110215523830672, 6.391086859838473, 4.621256029479431, 4.92331333453397, 5.964564009213079, 6.634948335141729, 7.797661588578976, 6.431744797486915, 5.482601481960913, 3.1150371185589423, 3.56453527686289, 4.658236642765157, 5.259882209707742, 6.4825122483494, 4.983076508543693, 3.977230218380626, 1.0946391003431222, 1.0937752465657649, 1.094756013913602, 2.1457082257380664, 2.130720856893272, 2.683613440866624, 4.056199091514123, 5.024441987922639, 5.474945933066371, 6.406337607400972, 6.821296344537452, 7.19668400654079, 4.6800751073033, 6.46386140321712, 8.005389016781132, 7.227905363243212, 5.688123618558232, 3.5238459004332183, 5.312413259527162, 6.933845326368335, 5.801204014685228, 4.227461588234718], [1.525416218610514, 0.0, 1.5511968733851935, 2.584584539147443, 3.949115984622382, 5.110177164247831, 3.139667391619692, 3.4282241627408205, 4.548772592689153, 5.263400468328436, 6.491524875558901, 5.096230707101083, 4.130076039251578, 2.574125329116669, 3.0736605830833046, 4.413239238926438, 5.165424360108277, 6.482273790114084, 4.9057445235152635, 3.7432923009030437, 2.172845608873304, 2.181964768276518, 2.159983585585779, 1.0951847834954611, 1.0973723570420386, 2.1151110089070975, 2.711522765901109, 4.1015517319668175, 4.398098640321747, 5.129854116834123, 5.429262846832891, 6.012602119714892, 3.2432016850636964, 5.117743330805093, 6.7104696549496445, 5.976344218667463, 4.4780129946216105, 2.8590385254487214, 5.0823409960371615, 6.991620493848332, 5.818581158667464, 4.031586055140086], [2.5679951440764057, 1.5511968733851935, 0.0, 1.5726423941888377, 2.5845560856750622, 3.9434236153373123, 2.608788000202393, 3.4837317075228396, 4.714471325610115, 5.191174072404046, 6.5112664674393415, 4.669973158381106, 3.427339427310928, 1.5261244936111864, 2.5676144453558445, 3.8490155962271704, 4.33181498219857, 5.694734735701041, 3.8291103888501308, 2.533244332866453, 2.8034568839202785, 2.8780013012505745, 3.509497492519406, 2.2038439622623014, 2.1714310143313322, 1.1012371769968539, 2.1442038825634095, 2.707440852539534, 2.9323671274245315, 4.179127703241432, 4.374241490818722, 4.724077388231484, 3.5665640510160475, 5.513110169405287, 6.907044132622869, 5.457895653088285, 3.4748552171277587, 2.8013787837420345, 4.722656513023153, 6.0888512767187875, 4.680808874542946, 2.7324520965608894], [3.9434906009777686, 2.584584539147443, 1.5726423941888377, 0.0, 1.5511782811785366, 2.567925873151326, 1.5261491047731872, 2.5332615715713214, 3.8292014911728005, 4.331853110390518, 5.694820138511838, 3.849044403485104, 2.567604395151247, 2.6087981159913465, 3.4273757862247907, 4.669968948504904, 5.191167073019323, 6.511221529789937, 4.714395881764704, 3.4837225449223137, 4.179185949440393, 4.374247840486407, 4.72411482184758, 2.9323897336472857, 2.7074154188081296, 2.144167451483209, 1.1012973213442407, 2.1714055471053766, 2.20382209127688, 2.80338772559202, 2.877983068053042, 3.509456289797609, 2.732484270769001, 4.680815634053535, 6.088913278245963, 4.722714983989612, 2.801419015427717, 3.474883596611547, 5.4578898669724, 6.907005418413974, 5.513125670615536, 3.5665377609104323], [5.110215523830672, 3.949115984622382, 2.5845560856750622, 1.5511782811785366, 0.0, 1.5253838369407222, 2.5741332580113254, 3.7433015280631614, 4.905836397598273, 5.165478306023557, 6.48237728383654, 4.413275044680538, 3.0736789991799727, 3.1396415671219544, 4.130103938159427, 5.0962111004156805, 5.263390253439318, 6.491481293972894, 4.548692740777288, 3.4281868400074114, 5.129894312751482, 5.429262131266089, 6.012607305487362, 4.398096962323591, 4.101518159169846, 2.711504504882852, 2.115176231428483, 1.0973251159068584, 1.0951613077533373, 2.1728328697808306, 2.1820275204497306, 2.1599664650174546, 4.031612016303156, 5.818598698999614, 6.991684658935928, 5.0824394379077455, 2.8590967349846697, 4.478022113612214, 5.976349455980634, 6.71041494022538, 5.117753612670309, 3.2431635203917795], [6.391086859838473, 5.110177164247831, 3.9434236153373123, 2.567925873151326, 1.5253838369407222, 0.0, 3.1150110208472777, 3.977195778434851, 4.983123005706361, 5.259914896649946, 6.482607538637519, 4.658242504421598, 3.5645216369100634, 4.621198725439104, 5.4825886759814475, 6.431692774845515, 6.6349142277801905, 7.797604543704432, 5.964462223872324, 4.923246780326982, 6.40633861187496, 6.821247967930795, 7.196646866423278, 5.474898751575228, 5.024350578930575, 4.056147764813309, 2.6836099530296873, 2.1306050314406, 2.1456512484558155, 1.0946477104530024, 1.0938312986928103, 1.094776031889628, 4.2274390805782165, 5.801200766220731, 6.9338894958024815, 5.3125113731642974, 3.5239022361580914, 5.688108977507375, 7.227888940070953, 8.00531630480645, 6.463854417450937, 4.680017184797509], [4.621256029479431, 3.139667391619692, 2.608788000202393, 1.5261491047731872, 2.5741332580113254, 3.1150110208472777, 0.0, 1.4063958404375347, 2.441177197583166, 2.8060487415581363, 4.1688043105907475, 2.435264349100524, 1.403449436210653, 3.2518949152763224, 3.465615692773796, 4.653679225086319, 5.466709082254149, 6.693328227421691, 5.354656297093213, 4.3579595798951605, 5.149133337756948, 4.948220712539003, 5.227491779046621, 2.9256995300269644, 3.30395047481042, 3.4976236661482036, 2.115932517827542, 3.503213453388189, 2.862438348681068, 3.4446428131230094, 2.8488519880822167, 4.125260008775204, 2.168696719230238, 3.4160877345290768, 4.589392449987253, 3.417683325002479, 2.1723246281345703, 3.140123790553487, 5.186607003619997, 7.245872096580232, 6.267123578644353, 4.726642665782976], [4.92331333453397, 3.4282241627408205, 3.4837317075228396, 2.5332615715713214, 3.7433015280631614, 3.977195778434851, 1.4063958404375347, 0.0, 1.3975279210090938, 2.4065716403215593, 3.6654181725964095, 2.783958694018286, 2.4107532142465353, 4.357990952262292, 4.432564852317448, 5.6736670972132295, 6.642177746040827, 7.859574971968904, 6.615477299484898, 5.584119534895363, 5.5421042312464674, 5.411411411083064, 5.258879996729342, 3.01524977406516, 3.2711682836564675, 4.333398358101872, 2.560954845365299, 4.590084646278323, 4.20824528515152, 3.9859528660033097, 3.6072583287033932, 5.053460036450273, 1.0880721942959484, 2.147786886541586, 3.799237155008884, 3.870134360716692, 3.408328195758149, 3.8244051380574207, 6.065772573217694, 8.478927412120003, 7.566484991725022, 5.936551371798276], [5.964564009213079, 4.548772592689153, 4.714471325610115, 3.8292014911728005, 4.905836397598273, 4.983123005706361, 2.441177197583166, 1.3975279210090938, 0.0, 1.3892210659214752, 2.401165885564761, 2.4128300603233535, 2.7905168320581764, 5.354774625509462, 5.113354634679664, 6.197437988394882, 7.296404114356606, 8.396473947437698, 7.488194923344343, 6.615561914909422, 6.709372815695965, 6.34610157577075, 6.180127886217242, 3.884453193179189, 4.46533951788663, 5.646491689536078, 3.947360380051459, 5.845982765113151, 5.199728066928115, 5.063828614793357, 4.3629939789094365, 6.005232885575712, 2.1441203067925083, 1.0850089492718482, 2.4110273847470087, 3.3956653368669887, 3.8776374843453327, 4.335923284607328, 6.366028370970396, 9.102303956142094, 8.476252280341825, 7.095062639610731], [6.634948335141729, 5.263400468328436, 5.191174072404046, 4.331853110390518, 5.165478306023557, 5.259914896649946, 2.8060487415581363, 2.4065716403215593, 1.3892210659214752, 0.0, 1.3632722325346467, 1.3876092353396905, 2.4089809256197943, 5.466766929365107, 4.9929210157982675, 5.830967105892468, 6.931373287451772, 7.884396150625614, 7.296345527728247, 6.6422016425278745, 7.425028986475406, 6.815209478805476, 6.957016317359044, 4.527687959654463, 5.419631594490533, 6.199185392452786, 4.741705395741073, 6.201364691743262, 5.174914824419819, 5.597025514503216, 4.4803827905660025, 6.16506091454091, 3.3850618339994916, 2.161697224404935, 1.9081378618957274, 2.1486105673201927, 3.382654846418712, 4.256650121868134, 5.852671551522433, 8.622129731104723, 8.271932004677021, 7.246842681471705], [7.797661588578976, 6.491524875558901, 6.5112664674393415, 5.694820138511838, 6.48237728383654, 6.482607538637519, 4.1688043105907475, 3.6654181725964095, 2.401165885564761, 1.3632722325346467, 0.0, 2.356378231523963, 3.6381740942401315, 6.693416236870377, 6.058508503749087, 6.736392530872886, 7.88440624333881, 8.705334820671748, 8.396437065803568, 7.859627660392062, 8.649333616527922, 7.924870392631037, 8.03031670981911, 5.6622873946842365, 6.6478453321358195, 7.538680768542995, 6.083221805918308, 7.535100202386163, 6.427211459101062, 6.8195721075445785, 5.612809247604981, 7.333266487725644, 4.540689749366279, 2.6747617781776385, 0.9708258443201847, 2.583103151250449, 4.493452413234172, 5.2626315660513425, 6.5713197738353895, 9.491382281838614, 9.372840225353253, 8.523380677289968], [6.431744797486915, 5.096230707101083, 4.669973158381106, 3.849044403485104, 4.413275044680538, 4.658242504421598, 2.435264349100524, 2.783958694018286, 2.4128300603233535, 1.3876092353396905, 2.356378231523963, 0.0, 1.396729182769516, 4.653738313442216, 4.1723319618649715, 4.8562398828723445, 5.830972212247286, 6.736389639116788, 6.197378995188208, 5.673687063101031, 7.157392465137008, 6.471025052493616, 6.948310945114647, 4.4789788936765484, 5.454600459245388, 5.669933345287227, 4.533721906998708, 5.469567583456667, 4.175151258337834, 5.2407029165943, 3.9053022981582357, 5.447152572675012, 3.871850499438221, 3.402308766117502, 3.1612202976066057, 1.0861795523761253, 2.1384466652222125, 3.662112544693295, 4.941739768543059, 7.4292984520747325, 7.125357294901078, 6.31944789202348], [5.482601481960913, 4.130076039251578, 3.427339427310928, 2.567604395151247, 3.0736789991799727, 3.5645216369100634, 1.403449436210653, 2.4107532142465353, 2.7905168320581764, 2.4089809256197943, 3.6381740942401315, 1.396729182769516, 0.0, 3.465643025471608, 3.3084746953845667, 4.172321815248675, 4.9929243965836285, 6.058500570273144, 5.113287942214872, 4.432567104962992, 6.07920881776568, 5.560407677499915, 6.145462835295646, 3.7533853332691542, 4.531382369652775, 4.367171499952801, 3.398482046443677, 4.10324421647067, 2.8520032783992377, 4.210219532280948, 3.0407926088439505, 4.378142466845957, 3.4042824119041595, 3.8754125057856745, 4.315581061687985, 2.1569416195159294, 1.087567032416853, 3.0445713360011784, 4.553250628946314, 6.655230667677868, 6.0188239341253365, 4.987723445621259], [3.1150371185589423, 2.574125329116669, 1.5261244936111864, 2.6087981159913465, 3.1396415671219544, 4.621198725439104, 3.2518949152763224, 4.357990952262292, 5.354774625509462, 5.466766929365107, 6.693416236870377, 4.653738313442216, 3.465643025471608, 0.0, 1.4035346272892595, 2.435282967131335, 2.8060336794129896, 4.168742733726801, 2.441078663214277, 1.4063663391876242, 3.444662910939182, 2.8488747638322045, 4.125289674677403, 2.8624640888577098, 3.5032263643675665, 2.115855073014217, 3.497668409097695, 3.3039798032070355, 2.9257027292601, 5.149081965748846, 4.948254630675345, 5.227440962842143, 4.726696224637246, 6.267146139192862, 7.245949664467729, 5.186662353575756, 3.1401062322794115, 2.1723290358506926, 3.417686605000523, 4.589346190907808, 3.4160638474712384, 2.1686004911001935], [3.56453527686289, 3.0736605830833046, 2.5676144453558445, 3.4273757862247907, 4.130103938159427, 5.4825886759814475, 3.465615692773796, 4.432564852317448, 5.113354634679664, 4.9929210157982675, 6.058508503749087, 4.1723319618649715, 3.3084746953845667, 1.4035346272892595, 0.0, 1.3967107216600005, 2.4089673430746212, 3.638116854912717, 2.790476398395084, 2.4108151090450716, 4.210250793005091, 3.040779891738302, 4.378171795395882, 2.8519752821509514, 4.103246827818185, 3.3984551402070915, 4.367236743067634, 4.531471225772044, 3.7534414222150847, 6.079196264309946, 5.560459783147433, 6.145454771617802, 4.987765961831008, 6.018796824947657, 6.6552361438193905, 4.553226972159416, 3.0445168844990826, 1.0874839998822972, 2.156873714430217, 4.31556877943105, 3.875440034370291, 3.4042720132210356], [4.658236642765157, 4.413239238926438, 3.8490155962271704, 4.669968948504904, 5.0962111004156805, 6.431692774845515, 4.653679225086319, 5.6736670972132295, 6.197437988394882, 5.830967105892468, 6.736392530872886, 4.8562398828723445, 4.172321815248675, 2.435282967131335, 1.3967107216600005, 0.0, 1.3875848010121759, 2.356328782237318, 2.412780365056049, 2.783975339330433, 5.240712056581624, 3.905300442987709, 5.447179963063456, 4.175120761127754, 5.469557727092749, 4.533664917040076, 5.669968790919399, 5.4546464477544285, 4.478991032587585, 7.157344548084855, 6.471051679595828, 6.948250763321657, 6.319477618442841, 7.125331656842367, 7.429300199211228, 4.941704048200378, 3.6620102867141155, 2.1384018541892447, 1.0861750411420805, 3.1612142619569465, 3.402295757279193, 3.8717877137053884], [5.259882209707742, 5.165424360108277, 4.33181498219857, 5.191167073019323, 5.263390253439318, 6.6349142277801905, 5.466709082254149, 6.642177746040827, 7.296404114356606, 6.931373287451772, 7.88440624333881, 5.830972212247286, 4.9929243965836285, 2.8060336794129896, 2.4089673430746212, 1.3875848010121759, 0.0, 1.3632244239302642, 1.3892188488499573, 2.4065857744946473, 5.597017182392779, 4.480376413874174, 6.16504935665563, 5.1748696688902225, 6.201348783127748, 4.7416612320999905, 6.199225946035521, 5.419699926195176, 4.527718680527755, 7.425000953535292, 6.815268137058145, 6.956977838832031, 7.246862267906021, 8.27190128688683, 8.62212822741578, 5.852664644416251, 4.256563456592654, 3.3825832214448175, 2.1486120403646627, 1.9081379274046208, 2.161699655363807, 3.385008351540658], [6.4825122483494, 6.482273790114084, 5.694734735701041, 6.511221529789937, 6.491481293972894, 7.797604543704432, 6.693328227421691, 7.859574971968904, 8.396473947437698, 7.884396150625614, 8.705334820671748, 6.736389639116788, 6.058500570273144, 4.168742733726801, 3.638116854912717, 2.356328782237318, 1.3632244239302642, 0.0, 2.401136610024511, 3.665373402533499, 6.8194980614411795, 5.612745722015206, 7.333199142257081, 6.427122244052932, 7.535036261359331, 6.08312724427165, 7.538682514869558, 6.647872665748044, 5.66229023099311, 8.649278593616925, 7.924914682821513, 8.030251332305857, 8.523369752627184, 9.372791403312036, 9.491368481941896, 6.571310288671508, 5.262527074514677, 4.493357165861624, 2.583114455458759, 0.9708659639723706, 2.6746997046397567, 4.5405839723542165], [4.983076508543693, 4.9057445235152635, 3.8291103888501308, 4.714395881764704, 4.548692740777288, 5.964462223872324, 5.354656297093213, 6.615477299484898, 7.488194923344343, 7.296345527728247, 8.396437065803568, 6.197378995188208, 5.113287942214872, 2.441078663214277, 2.790476398395084, 2.412780365056049, 1.3892188488499573, 2.401136610024511, 0.0, 1.3974776563508984, 5.063813974663761, 4.362996165480781, 6.005194196693393, 5.199648470810311, 5.845931652012363, 3.9472909152987445, 5.646473350685364, 4.465359365157523, 3.8844108974206115, 6.709284704795288, 6.346096041662149, 6.180033302499266, 7.095015563055517, 8.476160926386425, 9.102249542832805, 6.365980242664911, 4.335781842989797, 3.877515689201012, 3.395638827967427, 2.4110280919143188, 1.0850760203782959, 2.144040216507144], [3.9772302183806