{"total energy": -27.21442587, "HOMO-LUMO gap/eV": 12.20305105, "electronic energy": -27.55943145, "dipole": [-0.66892798, 0.07060057, -0.45775509], "partial charges": [-0.10034718, -0.05215873, -0.05820922, -0.05884535, -0.05639911, -0.07048003, 0.07926965, -0.44540962, 0.03238932, 0.03263442, 0.03204599, 0.0294582, 0.02897093, 0.0300618, 0.02972322, 0.03166284, 0.02978556, 0.03048473, 0.02697794, 0.03206024, 0.04740137, 0.04481587, 0.01741435, 0.28669283], "atomic dipole moments": [[0.08699218, -0.05265062, -0.0032346], [-0.00244357, 0.11094788, -0.00240074], [0.00753758, -0.11019931, 0.00179067], [-0.00120483, 0.10908735, -0.00292589], [0.00933638, -0.10994579, 0.00395742], [0.00531191, 0.11470512, -0.01511535], [-0.05054351, 0.07815764, 0.17684805], [-0.13325282, -0.04346372, -0.19490748], [-0.01451043, 0.07096616, -0.1029949], [-0.0045317, 0.07530361, 0.10089275], [-0.09741337, -0.07779758, 0.00640957], [0.00430251, -0.07232323, 0.10022305], [-0.00537378, -0.07640767, -0.09700282], [0.00168133, 0.07722921, 0.09707445], [-0.00794306, 0.07304879, -0.09989781], [0.00794834, -0.07339704, 0.10051873], [-0.00194064, -0.07738377, -0.0974782], [-0.00187445, 0.07582718, 0.09712627], [-0.00854255, 0.07225266, -0.09977215], [-0.0029098, -0.08101739, -0.09419088], [0.00778375, -0.06822762, 0.10750754], [0.10104169, -0.07291289, -0.01554912], [-0.00204645, 0.07733018, -0.09096809], [-0.0569649, 0.05321552, -0.00933808]], "atomic quadrupole moments": [[0.14633119, -0.15035982, -0.01790736, -0.01031634, 0.00489181, -0.12842383], [0.23202186, -0.00130857, 0.00330141, -0.02294949, -0.004736, -0.23532327], [0.23564567, 0.0060824, 0.00680441, -0.02357319, -0.0055488, -0.24245009], [0.23617515, 0.0128274, 0.00709212, -0.02461892, -0.00415931, -0.24326727], [0.22633624, 0.00360151, 0.01186675, -0.01700941, -0.00974888, -0.23820299], [0.22956451, 0.02957337, 0.00874876, -0.02903488, 0.00379469, -0.23831327], [-0.12681312, 0.17576157, -0.01278532, 0.03393056, 0.31370931, 0.13959844], [-0.06346444, 0.00272258, -0.01570437, 0.04975859, 0.12509526, 0.07916881], [-0.03621802, -0.01101658, -0.00901069, -0.00520186, -0.05631678, 0.04522871], [-0.034374, -0.00494113, -0.00416839, 0.01314613, 0.05908122, 0.03854238], [0.03401514, 0.05440426, 0.02041143, -0.00550774, -0.00426512, -0.05442658], [-0.01612245, -0.00382817, -0.01760012, 0.00649113, -0.04038541, 0.03372256], [-0.01692207, 8.559e-05, -0.01409905, -0.00158854, 0.04267493, 0.03102112], [-0.02032138, 0.00187498, -0.01277598, 0.00104922, 0.0414591, 0.03309737], [-0.02003787, -0.00208821, -0.01615735, 0.00439202, -0.0393847, 0.03619522], [-0.01943134, -0.00237032, -0.01613684, 0.00448373, -0.03876566, 0.03556818], [-0.01946687, 0.00171541, -0.01289477, 0.00079746, 0.04101093, 0.03236164], [-0.02042678, 0.00161776, -0.01230259, 0.0034222, 0.04116603, 0.03272937], [-0.0207314, -0.00210389, -0.01594288, 0.00402007, -0.0403374, 0.03667428], [-0.0150238, 0.00309371, -0.00907769, 0.00830066, 0.05310083, 0.0241015], [-0.0140812, -0.01120679, -0.02192526, 0.00247914, -0.03877976, 0.03600647], [0.02751121, -0.03354754, 0.0088073, 0.00757937, 0.01147193, -0.03631851], [-0.04174045, -0.00381344, 0.01087021, 0.02216182, -0.01839144, 0.03087025], [0.0202186, -0.11159544, 0.02475164, 0.00912614, 0.02039649, -0.04497025]], "number of molecular orbitals": 48, "number of electrons": 50, "number of unpaired electrons": 0, "orbital energies/eV": [-18.5533547, -17.18684948, -16.9875292, -16.72692141, -16.29736491, -15.70699512, -15.35418848, -15.15663619, -15.09864315, -14.4351994, -14.16269946, -13.97098752, -13.68570773, -13.41744801, -13.20210617, -12.93246614, -12.73281734, -12.27988637, -12.2230095, -12.05301544, -11.84573778, -11.6922776, -11.54250943, -11.51049466, -11.09316042, 1.10989063, 1.49786452, 2.54935077, 2.62831899, 3.01968346, 3.37019182, 3.43403264, 3.67433143, 3.84364553, 4.26656553, 4.49615513, 4.68264703, 4.86843143, 5.06349174, 5.57981394, 5.90330334, 6.30668266, 6.76236259, 6.96650395, 7.20067307, 7.36660746, 7.7673364, 8.36295714], "fractional occupation": [2.0, 2.0, 2.0, 2.0, 2.0, 2.0, 2.0, 2.0, 2.0, 2.0, 2.0, 2.0, 2.0, 2.0, 2.0, 2.0, 2.0, 2.0, 2.0, 2.0, 2.0, 2.0, 2.0, 2.0, 2.0, 0.0, 0.0, 0.0, 0.0, 0.0, 0.0, 0.0, 0.0, 0.0, 0.0, 0.0, 0.0, 0.0, 0.0, 0.0, 0.0, 0.0, 0.0, 0.0, 0.0, 0.0, 0.0, 0.0], "program call": "xtb /home/svss/Project-DBcg-Debug/aqme2_20220329/End-to-End-workflows-final/example-3/QDESCP/mol_26_rdkit_conf_5/mol_26_rdkit_conf_5.xyz --pop --wbo --acc 0.2 --gfn 2 --chrg 0 --uhf 0 --etemp 300 --input /home/svss/Project-DBcg-Debug/aqme2_20220329/End-to-End-workflows-final/example-3/QDESCP/mol_26_rdkit_conf_5/mol_26_rdkit_conf_5_xtb.inp", "method": "GFN2-xTB", "xtb version": "6.3.3 (7355c4f)", "Dipole module/D": 2.068, "Total charge": 0, "Transition dipole module/D": NaN, "HOMO": -11.0932, "LUMO": 1.1099, "HOMO occupancy": 2.0, "LUMO occupancy": 0, "mulliken charges": [-0.08348, -0.03836, -0.0469, -0.04488, -0.04623, -0.06907, 0.19641, -0.56529, 0.02667, 0.02702, 0.02871, 0.02279, 0.02218, 0.02301, 0.02224, 0.02506, 0.0227, 0.02306, 0.01878, 0.0243, 0.03801, 0.03083, 0.00911, 0.33336], "cm5 charges": [-0.2338, -0.15087, -0.15754, -0.15561, -0.15674, -0.17721, 0.10952, -0.77978, 0.07796, 0.0783, 0.07948, 0.0775, 0.07689, 0.07834, 0.07758, 0.08043, 0.07805, 0.0804, 0.07454, 0.07953, 0.09525, 0.09328, 0.07138, 0.50312], "FUKUI+": [0.007, -0.017, -0.016, -0.02, -0.021, -0.0, -0.012, -0.088, -0.036, -0.036, -0.065, -0.04, -0.041, -0.044, -0.044, -0.049, -0.05, -0.042, -0.047, -0.073, -0.052, -0.081, -0.062, -0.072], "FUKUI-": [0.017, 0.004, 0.005, 0.003, 0.007, -0.006, 0.006, -0.126, -0.064, -0.063, -0.066, -0.078, -0.078, -0.064, -0.065, -0.046, -0.046, -0.028, -0.037, -0.049, -0.044, -0.066, -0.071, -0.046], "FUKUIrad": [0.012, -0.006, -0.006, -0.008, -0.007, -0.003, -0.003, -0.107, -0.05, -0.049, -0.065, -0.059, -0.06, -0.054, -0.055, -0.048, -0.048, -0.035, -0.042, -0.061, -0.048, -0.074, -0.066, -0.059], "s proportion": [1.007, 1.027, 1.032, 1.033, 1.032, 1.038, 0.991, 1.694, 0.973, 0.973, 0.971, 0.977, 0.978, 0.977, 0.978, 0.975, 0.977, 0.977, 0.981, 0.976, 0.962, 0.969, 0.991, 0.667], "p proportion": [3.076, 3.011, 3.015, 3.012, 3.014, 3.031, 2.813, 4.871, 0.0, 0.0, 0.0, 0.0, 0.0, 0.0, 0.0, 0.0, 0.0, 0.0, 0.0, 0.0, 0.0, 0.0, 0.0, 0.0], "d proportion": [0.0, 0.0, 0.0, 0.0, 0.0, 0.0, 0.0, 0.0, 0.0, 0.0, 0.0, 0.0, 0.0, 0.0, 0.0, 0.0, 0.0, 0.0, 0.0, 0.0, 0.0, 0.0, 0.0, 0.0], "Fermi-level/eV": -4.9916, "Coordination numbers": [3.75, 3.8, 3.802, 3.802, 3.801, 3.8, 3.674, 1.653, 0.924, 0.924, 0.924, 0.924, 0.924, 0.924, 0.924, 0.924, 0.924, 0.924, 0.924, 0.924, 0.924, 0.924, 0.924, 0.804], "Dispersion coefficient C6": [22.48, 21.511, 21.62, 21.632, 21.588, 21.85, 19.482, 21.751, 2.553, 2.549, 2.558, 2.594, 2.601, 2.586, 2.591, 2.563, 2.59, 2.58, 2.63, 2.557, 2.353, 2.386, 2.773, 0.763], "Total dispersion C6": 3824.643017, "Total dispersion C8": 79136.959839, "Polarizability alpha": [6.762, 6.603, 6.62, 6.622, 6.615, 6.655, 6.325, 6.296, 2.499, 2.497, 2.501, 2.519, 2.522, 2.515, 2.517, 2.504, 2.517, 2.512, 2.536, 2.501, 2.399, 2.416, 2.604, 1.372], "Total polarizability alpha": 91.427003, "Wiberg matrix": [[0.0, 1.0201451781936162, 0.0, 0.0, 0.0, 0.0, 0.0, 0.0, 0.9876996358961403, 0.9876849033005812, 0.9873299060726909, 0.0, 0.0, 0.0, 0.0, 0.0, 0.0, 0.0, 0.0, 0.0, 0.0, 0.0, 0.0, 0.0], [1.0201451781936162, 0.0, 1.00769391411328, 0.0, 0.0, 0.0, 0.0, 0.0, 0.0, 0.0, 0.0, 0.978039562812892, 0.9780605526668682, 0.0, 0.0, 0.0, 0.0, 0.0, 0.0, 0.0, 0.0, 0.0, 0.0, 0.0], [0.0, 1.00769391411328, 0.0, 1.0072466057882279, 0.0, 0.0, 0.0, 0.0, 0.0, 0.0, 0.0, 0.0, 0.0, 0.9772101461231243, 0.9772266177408149, 0.0, 0.0, 0.0, 0.0, 0.0, 0.0, 0.0, 0.0, 0.0], [0.0, 0.0, 1.0072466057882279, 0.0, 1.0065648458970264, 0.0, 0.0, 0.0, 0.0, 0.0, 0.0, 0.0, 0.0, 0.0, 0.0, 0.9772271818510636, 0.9771055210493558, 0.0, 0.0, 0.0, 0.0, 0.0, 0.0, 0.0], [0.0, 0.0, 0.0, 1.0065648458970264, 0.0, 1.0073316819123892, 0.0, 0.0, 0.0, 0.0, 0.0, 0.0, 0.0, 0.0, 0.0, 0.0, 0.0, 0.9743221072966393, 0.977276743129257, 0.0, 0.0, 0.0, 0.0, 0.0], [0.0, 0.0, 0.0, 0.0, 1.0073316819123892, 0.0, 0.9996955564528182, 0.0, 0.0, 0.0, 0.0, 0.0, 0.0, 0.0, 0.0, 0.0, 0.0, 0.0, 0.0, 0.975507206567632, 0.9754613753899599, 0.0, 0.0, 0.0], [0.0, 0.0, 0.0, 0.0, 0.0, 0.9996955564528182, 0.0, 0.9955137176530376, 0.0, 0.0, 0.0, 0.0, 0.0, 0.0, 0.0, 0.0, 0.0, 0.0, 0.0, 0.0, 0.0, 0.973277591438383, 0.9730685854228087, 0.0], [0.0, 0.0, 0.0, 0.0, 0.0, 0.0, 0.9955137176530376, 0.0, 0.0, 0.0, 0.0, 0.0, 0.0, 0.0, 0.0, 0.0, 0.0, 0.0, 0.0, 0.0, 0.0, 0.0, 0.0, 0.9015561967320525], [0.9876996358961403, 0.0, 0.0, 0.0, 0.0, 0.0, 0.0, 0.0, 0.0, 0.0, 0.0, 0.0, 0.0, 0.0, 0.0, 0.0, 0.0, 0.0, 0.0, 0.0, 0.0, 0.0, 0.0, 0.0], [0.9876849033005812, 0.0, 0.0, 0.0, 0.0, 0.0, 0.0, 0.0, 0.0, 0.0, 0.0, 0.0, 0.0, 0.0, 0.0, 0.0, 0.0, 0.0, 0.0, 0.0, 0.0, 0.0, 0.0, 0.0], [0.9873299060726909, 0.0, 0.0, 0.0, 0.0, 0.0, 0.0, 0.0, 0.0, 0.0, 0.0, 0.0, 0.0, 0.0, 0.0, 0.0, 0.0, 0.0, 0.0, 0.0, 0.0, 0.0, 0.0, 0.0], [0.0, 0.978039562812892, 0.0, 0.0, 0.0, 0.0, 0.0, 0.0, 0.0, 0.0, 0.0, 0.0, 0.0, 0.0, 0.0, 0.0, 0.0, 0.0, 0.0, 0.0, 0.0, 0.0, 0.0, 0.0], [0.0, 0.9780605526668682, 0.0, 0.0, 0.0, 0.0, 0.0, 0.0, 0.0, 0.0, 0.0, 0.0, 0.0, 0.0, 0.0, 0.0, 0.0, 0.0, 0.0, 0.0, 0.0, 0.0, 0.0, 0.0], [0.0, 0.0, 0.9772101461231243, 0.0, 0.0, 0.0, 0.0, 0.0, 0.0, 0.0, 0.0, 0.0, 0.0, 0.0, 0.0, 0.0, 0.0, 0.0, 0.0, 0.0, 0.0, 0.0, 0.0, 0.0], [0.0, 0.0, 0.9772266177408149, 0.0, 0.0, 0.0, 0.0, 0.0, 0.0, 0.0, 0.0, 0.0, 0.0, 0.0, 0.0, 0.0, 0.0, 0.0, 0.0, 0.0, 0.0, 0.0, 0.0, 0.0], [0.0, 0.0, 0.0, 0.9772271818510636, 0.0, 0.0, 0.0, 0.0, 0.0, 0.0, 0.0, 0.0, 0.0, 0.0, 0.0, 0.0, 0.0, 0.0, 0.0, 0.0, 0.0, 0.0, 0.0, 0.0], [0.0, 0.0, 0.0, 0.9771055210493558, 0.0, 0.0, 0.0, 0.0, 0.0, 0.0, 0.0, 0.0, 0.0, 0.0, 0.0, 0.0, 0.0, 0.0, 0.0, 0.0, 0.0, 0.0, 0.0, 0.0], [0.0, 0.0, 0.0, 0.0, 0.9743221072966393, 0.0, 0.0, 0.0, 0.0, 0.0, 0.0, 0.0, 0.0, 0.0, 0.0, 0.0, 0.0, 0.0, 0.0, 0.0, 0.0, 0.0, 0.0, 0.0], [0.0, 0.0, 0.0, 0.0, 0.977276743129257, 0.0, 0.0, 0.0, 0.0, 0.0, 0.0, 0.0, 0.0, 0.0, 0.0, 0.0, 0.0, 0.0, 0.0, 0.0, 0.0, 0.0, 0.0, 0.0], [0.0, 0.0, 0.0, 0.0, 0.0, 0.975507206567632, 0.0, 0.0, 0.0, 0.0, 0.0, 0.0, 0.0, 0.0, 0.0, 0.0, 0.0, 0.0, 0.0, 0.0, 0.0, 0.0, 0.0, 0.0], [0.0, 0.0, 0.0, 0.0, 0.0, 0.9754613753899599, 0.0, 0.0, 0.0, 0.0, 0.0, 0.0, 0.0, 0.0, 0.0, 0.0, 0.0, 0.0, 0.0, 0.0, 0.0, 0.0, 0.0, 0.0], [0.0, 0.0, 0.0, 0.0, 0.0, 0.0, 0.973277591438383, 0.0, 0.0, 0.0, 0.0, 0.0, 0.0, 0.0, 0.0, 0.0, 0.0, 0.0, 0.0, 0.0, 0.0, 0.0, 0.0, 0.0], [0.0, 0.0, 0.0, 0.0, 0.0, 0.0, 0.9730685854228087, 0.0, 0.0, 0.0, 0.0, 0.0, 0.0, 0.0, 0.0, 0.0, 0.0, 0.0, 0.0, 0.0, 0.0, 0.0, 0.0, 0.0], [0.0, 0.0, 0.0, 0.0, 0.0, 0.0, 0.0, 0.9015561967320525, 0.0, 0.0, 0.0, 0.0, 0.0, 0.0, 0.0, 0.0, 0.0, 0.0, 0.0, 0.0, 0.0, 0.0, 0.0, 0.0]], "Born radii": [], "Atomic SASAs": [], "Solvent H bonds": [], "Total SASA": NaN, "Total FOD": 0.0, "FOD": [0.0, 0.0, 0.0, 0.0, 0.0, 0.0, 0.0, 0.0, 0.0, 0.0, 0.0, 0.0, 0.0, 0.0, 0.0, 0.0, 0.0, 0.0, 0.0, 0.0, 0.0, 0.0, 0.0, 0.0], "FOD s proportion": [0.0, 0.0, 0.0, 0.0, 0.0, 0.0, 0.0, 0.0, 0.0, 0.0, 0.0, 0.0, 0.0, 0.0, 0.0, 0.0, 0.0, 0.0, 0.0, 0.0, 0.0, 0.0, 0.0, 0.0], "FOD p proportion": [0.0, 0.0, 0.0, 0.0, 0.0, 0.0, 0.0, 0.0, 0.0, 0.0, 0.0, 0.0, 0.0, 0.0, 0.0, 0.0, 0.0, 0.0, 0.0, 0.0, 0.0, 0.0, 0.0, 0.0], "FOD d proportion": [0.0, 0.0, 0.0, 0.0, 0.0, 0.0, 0.0, 0.0, 0.0, 0.0, 0.0, 0.0, 0.0, 0.0, 0.0, 0.0, 0.0, 0.0, 0.0, 0.0, 0.0, 0.0, 0.0, 0.0], "coordinates": [["-3.93180", "0.09190", "0.13630"], ["-2.63980", "-0.70810", "0.08970"], ["-1.41750", "0.20610", "0.01050"], ["-0.12000", "-0.60260", "-0.03610"], ["1.10390", "0.31260", "-0.11590"], ["2.40150", "-0.49930", "-0.16120"], ["3.63940", "0.37720", "-0.31840"], ["3.84100", "1.18830", "0.82990"], ["-4.04260", "0.71070", "-0.75990"], ["-3.95570", "0.74800", "1.01230"], ["-4.79280", "-0.58150", "0.19270"], ["-2.57550", "-1.33950", "0.98350"], ["-2.66200", "-1.37650", "-0.77890"], ["-1.40250", "0.87540", "0.87940"], ["-1.48880", "0.83830", "-0.88300"], ["-0.04830", "-1.23430", "0.85760"], ["-0.13570", "-1.27180", "-0.90500"], ["1.11090", "0.98200", "0.75210"], ["1.03360", "0.94210", "-1.01120"], ["2.36080", "-1.20600", "-0.99830"], ["2.48630", "-1.08320", "0.76330"], ["4.52540", "-0.25470", "-0.43440"], ["3.56810", "1.02140", "-1.20090"], ["3.14220", "1.86360", "0.84190"]], "bond_dist": [[0.0, 1.5203406065747238, 2.5200340811187454, 3.878385134305256, 5.04683938916229, 6.367787102282864, 7.5902053740330375, 7.880329546408577, 1.094698369415064, 1.0947211608441667, 1.094517939551472, 2.146206767764933, 2.146201677382627, 2.7501687857293415, 2.750333516139452, 4.166611618569698, 4.165856285327184, 5.157548927543005, 5.166700441287457, 6.524467513138524, 6.554845278112977, 8.483517070767288, 7.674670944086137, 7.326545451302407], [1.5203406065747238, 0.0, 1.5284147244776205, 2.5251431503976165, 3.88579329609798, 5.051856484501514, 6.385356242215465, 6.793010940665413, 2.1685620673616883, 2.1686426123268903, 2.159177056195253, 1.0962111521052869, 1.0962286987668222, 2.159168735879621, 2.1592358023152545, 2.7536210886757826, 2.752762719523788, 4.166888798612221, 4.174806391918073, 5.141755417170288, 5.183757149018461, 7.198634829604847, 6.572278221438895, 6.372673672015538], [2.5200340811187454, 1.5284147244776205, 0.0, 1.5295991304913845, 2.5268116609672355, 3.8873938635028997, 5.070472170321025, 5.411834758194304, 2.7819574637294515, 2.7820348829588752, 3.470757941718206, 2.16253840659536, 2.16253447833786, 1.0968932035526522, 1.0968604195612128, 2.160333124774973, 2.159939790827513, 2.7467795561347836, 2.7556229967105446, 4.157794456199103, 4.1795522212313605, 5.977318216391026, 5.195037190434732, 4.922336467573097], [3.878385134305256, 2.5251431503976165, 1.5295991304913845, 0.0, 1.5303235899639003, 2.526713903472255, 3.8952265261470997, 4.432471072663645, 4.1994564041075595, 4.199506805566577, 4.678445734429331, 2.7590009097497594, 2.759064524435773, 2.1604236852987886, 2.1603346638889076, 1.096761355081405, 1.096841984973223, 2.1557669656064404, 2.160488616031105, 2.7284224452969155, 2.768179259007624, 4.675405700043581, 4.194784458109856, 4.182699520644531], [5.04683938916229, 3.88579329609798, 2.5268116609672355, 1.5303235899639003, 0.0, 1.531339106795095, 2.544393770625922, 3.0254098135624536, 5.201892142288228, 5.20211116374881, 5.972078336726671, 4.180442456247903, 4.180266812058771, 2.7548878180426875, 2.7544320993627704, 2.160594061826515, 2.1609281177308977, 1.0961611925259898, 1.0967107321440783, 2.159762331831908, 2.1522732261495054, 3.482805448198334, 2.7842241432758246, 2.734528977721757], [6.367787102282864, 5.051856484501514, 3.8873938635028997, 2.526713903472255, 1.531339106795095, 0.0, 1.5249132762226187, 2.429492379078395, 6.583993203216419, 6.583832575331789, 7.203468229957012, 5.175596886350404, 5.1759120336419935, 4.17648948879319, 4.176673687277952, 2.7531252205448267, 2.754519655039695, 2.166567547989215, 2.1613154258460288, 1.096274504857246, 1.0967362946488093, 2.15532331913335, 2.1804724579778574, 2.671730246488219], [7.5902053740330375, 6.385356242215465, 5.070472170321025, 3.8952265261470997, 2.544393770625922, 1.5249132762226187, 0.0, 1.4202530267526274, 7.701900317454128, 7.719702011088253, 8.501901301473689, 6.577764400615152, 6.557069917272501, 5.206119830545586, 5.179751114677229, 4.192736521652654, 4.161091271529621, 2.8115948392327086, 2.75486433241276, 2.1456011302196876, 2.1523202967959953, 1.094417475189427, 1.0949354227533241, 1.9500997128352182], [7.880329546408577, 6.793010940665413, 5.411834758194304, 4.432471072663645, 3.0254098135624536, 2.429492379078395, 1.4202530267526274, 0.0, 8.056470366109467, 7.811252443750618, 8.836329459679511, 6.898176429318114, 7.173245115008966, 5.25306090865126, 5.609215136719219, 4.58218425426128, 4.987595904842332, 2.7389885980047453, 3.366267727023506, 3.3564832444092434, 2.6456303407694732, 2.036935651904596, 2.0558401348353916, 0.9718515987536371], [1.094698369415064, 2.1685620673616883, 2.7819574637294515, 4.1994564041075595, 5.201892142288228, 6.583993203216419, 7.701900317454128, 8.056470366109467, 0.0, 1.7747213133334483, 1.7720123137269672, 3.0651502426471695, 2.502562926281775, 3.1120023441507882, 2.559947227971702, 4.727976706795413, 4.383517750619929, 5.3775747265844664, 5.087681602655575, 6.688355927281382, 6.940082900081237, 8.628358558265878, 7.62979488452999, 7.450925626390322], [1.0947211608441667, 2.1686426123268903, 2.7820348829588752, 4.199506805566577, 5.20211116374881, 6.583832575331789, 7.719702011088253, 7.811252443750618, 1.7747213133334483, 0.0, 1.7720188543014996, 2.5026861029701672, 3.0652173462904715, 2.5598287852901414, 3.1122197528452262, 4.384201197481704, 4.727370445607156, 5.078670652838201, 5.38751719718833, 6.910774240994998, 6.70183992945221, 8.661836144259485, 7.847328732759957, 7.187056694502973], [1.094517939551472, 2.159177056195253, 3.470757941718206, 4.678445734429331, 5.972078336726671, 7.203468229957012, 8.501901301473689, 8.836329459679511, 1.7720123137269672, 1.7720188543014996, 0.0, 2.4731251343189244, 2.473123571518415, 3.7534315752388507, 3.753582093147824, 4.835133927824543, 4.834256901530988, 6.132791721557157, 6.1414712512556795, 7.278906113558547, 7.3186463270197715, 9.34499352006196, 8.626474261249493, 8.328517253989451], [2.146206767764933, 1.0962111521052869, 2.16253840659536, 2.7590009097497594, 4.180442456247903, 5.175596886350404, 6.577764400615152, 6.898176429318114, 3.0651502426471695, 2.5026861029701672, 2.4731251343189244, 0.0, 1.7649093489468517, 2.508495130551383, 3.067173288224844, 2.53252002756148, 3.0860394650749368, 4.362619989180813, 4.7127624022435075, 5.320940817186373, 5.073065835370166, 7.321885840410243, 6.934642970622208, 6.555302697816478], [2.146201677382627, 1.0962286987668222, 2.16253447833786, 2.759064524435773, 4.180266812058771, 5.1759120336419935, 6.557069917272501, 7.173245115008966, 2.502562926281775, 3.0652173462904715, 2.473123571518415, 1.7649093489468517, 0.0, 3.0671408102661344, 2.508500366753013, 3.0870343017206663, 2.5316111451010794, 4.70544978296443, 4.368904738032176, 5.0304797435234745, 5.382322790394497, 7.282570579815894, 6.688957648243858, 6.842074121931156], [2.7501687857293415, 2.159168735879621, 1.0968932035526522, 2.1604236852987886, 2.7548878180426875, 4.17648948879319, 5.206119830545586, 5.25306090865126, 3.1120023441507882, 2.5598287852901414, 3.7534315752388507, 2.508495130551383, 3.0671408102661344, 0.0, 1.764901657316917, 2.507023528010856, 3.06583323747395, 2.5188784031786846, 3.0843800770981518, 4.692590983667765, 4.355727104629031, 6.176017718562666, 5.390345856250784, 4.651047578771904], [2.750333516139452, 2.1592358023152545, 1.0968604195612128, 2.1603346638889076, 2.7544320993627704, 4.176673687277952, 5.179751114677229, 5.609215136719219, 2.559947227971702, 3.1122197528452262, 3.753582093147824, 3.067173288224844, 2.508500366753013, 1.764901657316917, 0.0, 3.066007072725045, 2.5067679629355406, 3.07451488693745, 2.5277878550226482, 4.360261086219493, 4.712099951189491, 6.1291510505126245, 5.070189703551534, 5.047046770141922], [4.166611618569698, 2.7536210886757826, 2.160333124774973, 1.096761355081405, 2.160594061826515, 2.7531252205448267, 4.192736521652654, 4.58218425426128, 4.727976706795413, 4.384201197481704, 4.835133927824543, 2.53252002756148, 3.0870343017206663, 2.507023528010856, 3.066007072725045, 0.0, 1.7651639498924738, 2.5033698448291655, 3.0658829087230326, 3.041205108176691, 2.5408504206269202, 4.852588159941043, 4.733281493847581, 4.447080070113421], [4.165856285327184, 2.752762719523788, 2.159939790827513, 1.096841984973223, 2.1609281177308977, 2.754519655039695, 4.161091271529621, 4.987595904842332, 4.383517750619929, 4.727370445607156, 4.834256901530988, 3.0860394650749368, 2.5316111451010794, 3.06583323747395, 2.5067679629355406, 1.7651639498924738, 0.0, 3.0626143097033944, 2.5059716957699263, 2.4991091972941075, 3.113467335624384, 4.793934707523665, 4.366286464491307, 4.860763435922386], [5.157548927543005, 4.166888798612221, 2.7467795561347836, 2.1557669656064404, 1.0961611925259898, 2.166567547989215, 2.8115948392327086, 2.7389885980047453, 5.3775747265844664, 5.078670652838201, 6.132791721557157, 4.362619989180813, 4.70544978296443, 2.5188784031786846, 3.07451488693745, 2.5033698448291655, 3.0626143097033944, 0.0, 1.7654444737799035, 3.068141810607847, 2.4813104682808236, 3.820473712774373, 3.1390433574578096, 2.2161819171719634], [5.166700441287457, 4.174806391918073, 2.7556229967105446, 2.160488616031105, 1.0967107321440783, 2.1613154258460288, 2.75486433241276, 3.366267727023506, 5.087681602655575, 5.38751719718833, 6.1414712512556795, 4.7127624022435075, 4.368904738032176, 3.0843800770981518, 2.5277878550226482, 3.0658829087230326, 2.5059716957699263, 1.7654444737799035, 0.0, 2.525066308040246, 3.059579649232881, 3.7359999625267672, 2.5428261501722838, 2.9545449429649904], [6.524467513138524, 5.141755417170288, 4.157794456199103, 2.7284224452969155, 2.159762331831908, 1.096274504857246, 2.1456011302196876, 3.3564832444092434, 6.688355927281382, 6.910774240994998, 7.278906113558547, 5.320940817186373, 5.0304797435234745, 4.692590983667765, 4.360261086219493, 3.041205108176691, 2.4991091972941075, 3.068141810607847, 2.525066308040246, 0.0, 1.7703289666047948, 2.4307299438646, 2.541639394170621, 3.663245304371521], [6.554845278112977, 5.183757149018461, 4.1795522212313605, 2.768179259007624, 2.1522732261495054, 1.0967362946488093, 2.1523202967959953, 2.6456303407694732, 6.940082900081237, 6.70183992945221, 7.3186463270197715, 5.073065835370166, 5.382322790394497, 4.355727104629031, 4.712099951189491, 2.5408504206269202, 3.113467335624384, 2.4813104682808236, 3.059579649232881, 1.7703289666047948, 0.0, 2.505758637618556, 3.0753396625413587, 3.0199359281282767], [8.483517070767288, 7.198634829604847, 5.977318216391026, 4.675405700043581, 3.482805448198334, 2.15532331913335, 1.094417475189427, 2.036935651904596, 8.628358558265878, 8.661836144259485, 9.34499352006196, 7.321885840410243, 7.282570579815894, 6.176017718562666, 6.1291510505126245, 4.852588159941043, 4.793934707523665, 3.820473712774373, 3.7359999625267672, 2.4307299438646, 2.505758637618556, 0.0, 1.7698521830932665, 2.833615856110352], [7.674670944086137, 6.572278221438895, 5.195037190434732, 4.194784458109856, 2.7842241432758246, 2.1804724579778574, 1.0949354227533241, 2.0558401348353916, 7.62979488452999, 7.847328732759957, 8.626474261249493, 6.934642970622208, 6.688957648243858, 5.390345856250784, 5.070189703551534, 4.733281493847581, 4.366286464491307, 3.1390433574578096, 2.5428261501722838, 2.541639394170621, 3.0753396625413587, 1.7698521830932665, 0.0, 2.250271870241461], [7.326545451302407, 6.372673672015538, 4.922336467573097, 4.182699520644531, 2.734528977721757, 2.671730246488219, 1.9500997128352182, 0.9718515987536371, 7.450925626390322, 7.187056694502973, 8.328517253989451, 6.555302697816478, 6.842074121931156, 4.651047578771904, 5.047046770141922, 4.447080070113421, 4.860763435922386, 2.2161819171719634, 2.9545449429649904, 3.663245304371521, 3.0199359281282767, 2.833615856110352, 2.250271870241461, 0.0]]}