{"total energy": -67.29182269, "HOMO-LUMO gap/eV": 2.90196312, "electronic energy": -68.05218155, "dipole": [1.38301773, -1.09539619, 0.97870528], "partial charges": [-0.10138135, -0.05362127, -0.05103374, -0.05796899, -0.04240409, 0.11422935, -0.1178799, -0.292626, 0.23503803, -0.19280721, 0.01178379, -0.11360979, -0.33033893, 0.23929494, -0.42491832, 1.4353986, -0.60801838, -0.58936376, -0.29738617, -0.04778502, -0.04687315, 0.03265134, 0.03597508, 0.03543371, 0.03743178, 0.031405, 0.03105439, 0.03617411, 0.04861795, 0.04153291, 0.06971011, 0.06398357, 0.06225932, 0.18191052, 0.03158329, 0.07055146, 0.040345, 0.05223792, 0.04780311, 0.06867317, 0.06805093, 0.05516531, 0.07315717, 0.0717862, 0.04477801], "atomic dipole moments": [[-0.03946274, -0.05351393, -0.08485782], [0.06290212, -0.06289239, 0.07782478], [-0.06917501, 0.02990092, -0.09455145], [0.05228085, -0.05369043, 0.08354521], [-0.0496094, 0.05132564, 0.02156172], [0.00523436, -0.00648489, -0.00758308], [-0.07521392, -0.04526513, 0.05804357], [-0.23455874, 0.08676259, 0.14320325], [-0.0169508, -0.02754548, 0.01620753], [0.12126871, 0.09498651, 0.08961586], [-0.17075826, -0.02177827, 0.04339271], [-0.01585667, 0.1288082, -0.01336956], [0.13480206, 0.189706, -0.15574589], [-0.24646162, 0.0357383, 0.12890372], [-0.01977511, -0.04901068, -0.15730314], [0.27120528, -0.10720405, 0.11677304], [-0.02205442, 0.03260906, 0.18269095], [0.08886102, -0.15034798, -0.08197769], [0.18945789, 0.01542104, 0.07241796], [-0.05507121, 0.19045851, 0.05755383], [0.05264809, 0.00470736, -0.19759581], [0.12504086, -0.00521077, 0.00287304], [-0.03258212, 0.12056444, -0.00434403], [-0.04438153, -0.0478641, 0.10878646], [-0.12527997, 0.01559142, -0.00018194], [0.04159571, 0.05579096, -0.1009317], [0.12139902, -0.01155575, 0.00572013], [-0.040265, -0.05315303, 0.10949538], [0.03125386, 0.05636896, -0.10439737], [-0.13054941, 0.01715296, -0.00986311], [0.10094369, -0.06830529, -0.0470863], [-0.06394435, 0.04628336, -0.10766395], [0.05482828, 0.09617394, 0.07066457], [-0.05712273, -0.01608707, 0.11619415], [0.0644597, 0.05900556, 0.08505942], [0.05078295, 0.02693222, -0.11781711], [-0.03729658, -0.03872364, 0.11385564], [-0.06613116, -0.06971909, -0.08534818], [0.12305677, -0.03020944, -0.01186555], [0.02785012, -0.00323422, -0.13293369], [-0.08283365, -0.08800976, 0.01270146], [0.09794296, -0.03203198, 0.06723145], [-0.07592049, 0.10323804, 0.03501599], [-0.06487476, -0.09869582, 0.03975736], [0.10896522, 0.00301762, 0.05808048]], "atomic quadrupole moments": [[-0.07471032, 0.05867982, -0.02609964, 0.11017352, 0.13880156, 0.10080996], [-0.16964785, -0.02457464, 0.17082533, 0.11512822, 0.12077068, -0.00117748], [-0.15598605, -0.01792647, 0.15657144, 0.12285923, 0.13145006, -0.0005854], [-0.13447401, -0.01510275, 0.14310376, 0.07039129, 0.11371697, -0.00862975], [-0.05202172, 0.01955629, -0.09193856, 0.29099741, 0.0627874, 0.14396028], [-0.04875161, 0.16867887, -0.18487908, 0.34686257, 0.02542623, 0.2336307], [-0.0123258, 0.09804936, 0.03949154, -0.11317551, -0.11029866, -0.02716573], [-0.01640629, 0.05704811, -0.09598382, 0.17000594, 0.03580986, 0.1123901], [-0.01287587, -0.01406676, -0.1188334, 0.34385823, 0.10967106, 0.13170927], [0.07759575, -0.06719325, 0.03706275, 0.01194367, -0.00078289, -0.1146585], [0.19560736, -0.17541329, 0.10562927, -0.04761671, -0.03987243, -0.30123664], [-0.11405386, -0.06283853, 0.24784874, -0.00084539, -0.05514537, -0.13379487], [0.01443094, -0.0035444, -0.07918108, 0.14916969, 0.08459827, 0.06475014], [0.25637549, -0.15322902, -0.42044366, 0.11981586, 0.27845918, 0.16406817], [0.14676687, -0.0356032, -0.10080155, 0.02272493, 0.02711814, -0.04596531], [0.3427118, 0.06481628, -0.13545595, 0.15790599, -0.14530635, -0.20725585], [-0.08868196, 0.00401298, -0.08485916, -0.03097728, 0.03601052, 0.17354112], [-0.02738882, -0.09260207, 0.08318811, -0.05340261, 0.08482008, -0.05579929], [-0.1324128, 0.04601398, 0.12145083, -0.08631234, -0.04583366, 0.01096197], [-0.1339956, -0.14852334, 0.27164492, -0.0798125, 0.13669317, -0.13764931], [-0.19508614, 0.01138433, -0.15518033, -0.10817837, 0.0022347, 0.35026646], [0.07966005, -0.01394293, -0.04736012, -0.0057878, 0.01061304, -0.03229993], [-0.0369448, -0.03504769, 0.07142513, 0.01410308, -0.00551092, -0.03448033], [-0.02242373, 0.03209542, -0.01739239, -0.03264236, -0.0397883, 0.03981612], [0.05279581, 0.00118411, -0.02135981, -0.00602737, 0.00970321, -0.031436], [-0.02164861, 0.0180023, -0.00959938, -0.03413354, -0.02039216, 0.03124799], [0.05971954, -0.00374971, -0.02523871, -0.01058348, 0.00671525, -0.03448084], [-0.01339676, 0.01797734, -0.00643173, -0.03210665, -0.02155042, 0.01982849], [-0.01138303, 0.01922623, -0.01298085, -0.04476698, -0.0232912, 0.02436389], [0.050386, 0.0083813, -0.01931877, -0.01826802, 0.00337365, -0.03106724], [0.02307769, -0.05018392, 0.01036311, -0.0371607, 0.01756868, -0.0334408], [0.00840831, -0.02880571, -0.03126529, 0.04533672, -0.03830038, 0.02285698], [-0.02438295, 0.02860972, 0.02681813, 0.01114545, 0.05962747, -0.00243517], [-0.00907707, 0.00038739, 0.01773616, -0.03111765, -0.06003334, -0.00865909], [0.00076994, -0.00407593, -0.00362224, 0.02089866, 0.03527946, 0.0028523], [-0.02439489, -0.00689532, -0.01277904, -0.01106199, -0.0211047, 0.03717393], [-0.03982618, 0.00779669, -0.02506468, -0.04056102, -0.01747157, 0.06489085], [-0.01281511, 0.02863306, -0.00950466, 0.0521116, 0.03024396, 0.02231977], [0.07901417, -0.02116948, -0.02833756, -0.0150256, -0.00165165, -0.05067661], [-0.04394775, 0.00056095, -0.01009795, -0.02669037, -0.02086713, 0.0540457], [0.03233107, 0.05240042, 0.01883368, -0.02464698, -0.00960694, -0.05116475], [0.02717609, -0.01923324, -0.01200903, 0.05191896, 0.0028588, -0.01516706], [-0.02394954, -0.04923928, 0.03958786, -0.0105397, 0.00507467, -0.01563832], [-0.02116797, 0.05674521, 0.04710345, -0.01355874, -0.0114399, -0.02593548], [0.04821421, 0.00974505, -0.05740767, 0.02801772, -0.00746583, 0.00919346]], "number of molecular orbitals": 113, "number of electrons": 120, "number of unpaired electrons": 0, "orbital energies/eV": [-21.38318176, -19.946394, -18.60685154, -18.26749119, -18.12014249, -17.8700493, -17.77652026, -17.6891273, -17.34784621, -17.28049849, -16.96645131, -16.94546185, -16.91910461, -16.65888878, -16.42600452, -16.12419514, -16.00032925, -15.91736372, -15.65173156, -15.52538453, -15.44238764, -15.23772903, -15.19000122, -14.86080801, -14.74043493, -14.58551816, -14.47727729, -14.32520911, -14.26828833, -14.06053958, -13.96527883, -13.81362857, -13.74891863, -13.59599478, -13.4806609, -13.44708484, -13.30648372, -13.20849408, -13.11216148, -12.99231332, -12.93846559, -12.88918114, -12.78742284, -12.73700958, -12.63031423, -12.59076516, -12.4631059, -12.40507087, -12.27411143, -12.20037687, -12.11167331, -11.98060879, -11.95395762, -11.89911268, -11.60323809, -11.5086838, -11.22795613, -10.71210263, -10.44441262, -10.12185707, -7.21989394, -6.37238151, -4.54654557, -3.33091691, -2.29030231, -1.68797113, -1.09596262, 0.63876745, 0.69550436, 1.50036401, 1.81255742, 2.31407917, 2.54941129, 2.93014527, 2.95336659, 3.36857856, 3.44297727, 3.46845947, 3.61512104, 3.9136207, 3.98948357, 4.13105461, 4.15443531, 4.29409949, 4.38407594, 4.55394611, 4.66890399, 4.77213807, 4.84399701, 5.11534367, 5.2349755, 5.32915141, 5.45152151, 5.61087805, 5.90675293, 6.08726799, 6.15833694, 6.28576545, 6.48503799, 6.61729224, 7.01719371, 7.19354168, 7.25507938, 7.47880054, 8.2139893, 8.28817304, 11.40563279, 11.92851021, 14.74646647, 15.47779663, 16.71866431, 26.48933286, 31.51638228], "fractional occupation": [2.0, 2.0, 2.0, 2.0, 2.0, 2.0, 2.0, 2.0, 2.0, 2.0, 2.0, 2.0, 2.0, 2.0, 2.0, 2.0, 2.0, 2.0, 2.0, 2.0, 2.0, 2.0, 2.0, 2.0, 2.0, 2.0, 2.0, 2.0, 2.0, 2.0, 2.0, 2.0, 2.0, 2.0, 2.0, 2.0, 2.0, 2.0, 2.0, 2.0, 2.0, 2.0, 2.0, 2.0, 2.0, 2.0, 2.0, 2.0, 2.0, 2.0, 2.0, 2.0, 2.0, 2.0, 2.0, 2.0, 2.0, 2.0, 2.0, 2.0, 0.0, 0.0, 0.0, 0.0, 0.0, 0.0, 0.0, 0.0, 0.0, 0.0, 0.0, 0.0, 0.0, 0.0, 0.0, 0.0, 0.0, 0.0, 0.0, 0.0, 0.0, 0.0, 0.0, 0.0, 0.0, 0.0, 0.0, 0.0, 0.0, 0.0, 0.0, 0.0, 0.0, 0.0, 0.0, 0.0, 0.0, 0.0, 0.0, 0.0, 0.0, 0.0, 0.0, 0.0, 0.0, 0.0, 0.0, 0.0, 0.0, 0.0, 0.0, 0.0, 0.0], "program call": "xtb /home/svss/Project-DBcg-Debug/aqme2_20220329/End-to-End-workflows-final/example-3/QDESCP/mol_808_rdkit_conf_14/mol_808_rdkit_conf_14.xyz --pop --wbo --acc 0.2 --gfn 2 --chrg 0 --uhf 0 --etemp 300 --input /home/svss/Project-DBcg-Debug/aqme2_20220329/End-to-End-workflows-final/example-3/QDESCP/mol_808_rdkit_conf_14/mol_808_rdkit_conf_14_xtb.inp", "method": "GFN2-xTB", "xtb version": "6.3.3 (7355c4f)", "Dipole module/D": 5.128, "Total charge": 0, "Transition dipole module/D": NaN, "HOMO": -10.1219, "LUMO": -7.2199, "HOMO occupancy": 2.0, "LUMO occupancy": 0, "mulliken charges": [-0.08314, -0.03849, -0.04264, -0.03901, -0.06568, 0.19014, -0.09518, -0.39425, 0.4229, -0.35862, 0.10386, -0.09546, -0.40537, 0.40074, -0.3349, 0.60689, -0.37136, -0.36359, -0.19586, 0.05439, 0.05565, 0.02488, 0.02949, 0.02916, 0.03118, 0.0207, 0.01861, 0.03363, 0.02857, 0.05653, 0.04672, 0.04822, 0.04187, 0.21631, 0.02285, 0.03579, 0.02922, 0.03725, 0.03367, 0.05969, 0.03525, 0.03388, 0.05708, 0.03643, 0.042], "cm5 charges": [-0.23348, -0.151, -0.15153, -0.14112, -0.06256, 0.25372, -0.23286, -0.57172, 0.63315, -0.70085, 0.05539, -0.23993, -0.58172, 0.50348, -0.39269, 0.76362, -0.41803, -0.40894, -0.43551, -0.03325, -0.03212, 0.07617, 0.08028, 0.08045, 0.086, 0.07543, 0.0745, 0.09098, 0.08574, 0.11865, 0.10254, 0.10109, 0.09502, 0.4182, 0.08859, 0.10312, 0.08259, 0.09069, 0.08485, 0.12509, 0.09594, 0.09908, 0.12084, 0.09702, 0.10507], "FUKUI+": [0.007, 0.004, 0.003, 0.01, -0.025, -0.067, 0.025, -0.105, -0.011, -0.039, 0.012, 0.01, -0.093, -0.071, -0.022, -0.093, -0.019, -0.043, -0.027, 0.016, 0.017, -0.009, -0.018, -0.007, -0.009, -0.012, -0.009, -0.005, -0.031, -0.024, -0.043, -0.052, -0.051, -0.029, -0.017, -0.015, -0.014, -0.015, -0.024, -0.006, -0.036, -0.004, -0.02, -0.032, -0.01], "FUKUI-": [0.009, 0.003, 0.001, 0.007, -0.029, -0.013, 0.012, -0.086, 0.0, -0.063, 0.014, 0.013, -0.056, -0.007, -0.013, -0.044, -0.013, -0.024, -0.061, 0.019, 0.02, -0.024, -0.032, -0.023, -0.027, -0.03, -0.022, -0.019, -0.033, -0.028, -0.026, -0.034, -0.031, -0.033, -0.044, -0.031, -0.02, -0.022, -0.027, -0.018, -0.039, -0.026, -0.03, -0.034, -0.035], "FUKUIrad": [0.008, 0.003, 0.002, 0.009, -0.027, -0.04, 0.018, -0.095, -0.005, -0.051, 0.013, 0.011, -0.074, -0.039, -0.018, -0.068, -0.016, -0.034, -0.044, 0.017, 0.019, -0.016, -0.025, -0.015, -0.018, -0.021, -0.016, -0.012, -0.032, -0.026, -0.034, -0.043, -0.041, -0.031, -0.031, -0.023, -0.017, -0.019, -0.025, -0.012, -0.037, -0.015, -0.025, -0.033, -0.022], "s proportion": [1.007, 1.028, 1.033, 1.028, 1.083, 1.061, 1.011, 1.543, 0.979, 1.455, 1.001, 1.012, 1.543, 0.99, 1.682, 1.685, 1.725, 1.723, 1.496, 0.991, 0.99, 0.975, 0.971, 0.971, 0.969, 0.979, 0.981, 0.966, 0.971, 0.943, 0.953, 0.952, 0.958, 0.784, 0.977, 0.964, 0.971, 0.963, 0.966, 0.94, 0.965, 0.966, 0.943, 0.964, 0.958], "p proportion": [3.076, 3.011, 3.009, 3.011, 2.982, 2.749, 3.084, 3.851, 2.598, 3.904, 2.895, 3.084, 3.862, 2.609, 4.653, 2.641, 4.646, 4.64, 3.7, 2.954, 2.954, 0.0, 0.0, 0.0, 0.0, 0.0, 0.0, 0.0, 0.0, 0.0, 0.0, 0.0, 0.0, 0.0, 0.0, 0.0, 0.0, 0.0, 0.0, 0.0, 0.0, 0.0, 0.0, 0.0, 0.0], "d proportion": [0.0, 0.0, 0.0, 0.0, 0.0, 0.0, 0.0, 0.0, 0.0, 0.0, 0.0, 0.0, 0.0, 0.0, 0.0, 1.067, 0.0, 0.0, 0.0, 0.0, 0.0, 0.0, 0.0, 0.0, 0.0, 0.0, 0.0, 0.0, 0.0, 0.0, 0.0, 0.0, 0.0, 0.0, 0.0, 0.0, 0.0, 0.0, 0.0, 0.0, 0.0, 0.0, 0.0, 0.0, 0.0], "Fermi-level/eV": -8.6709, "Coordination numbers": [3.75, 3.8, 3.803, 3.806, 2.955, 2.96, 3.756, 1.84, 2.867, 2.696, 3.749, 3.751, 1.842, 3.029, 1.712, 3.795, 0.86, 0.86, 2.724, 3.75, 3.757, 0.924, 0.924, 0.924, 0.924, 0.924, 0.924, 0.924, 0.924, 0.924, 0.924, 0.924, 0.924, 0.86, 0.924, 0.924, 0.924, 0.924, 0.924, 0.924, 0.924, 0.924, 0.924, 0.924, 0.924], "Dispersion coefficient C6": [22.5, 21.538, 21.488, 21.613, 29.052, 25.482, 22.811, 28.434, 23.091, 25.183, 20.441, 22.736, 29.421, 22.991, 21.318, 95.038, 26.315, 25.857, 27.653, 21.493, 21.466, 2.549, 2.503, 2.511, 2.483, 2.567, 2.572, 2.501, 2.337, 2.429, 2.089, 2.153, 2.173, 1.203, 2.564, 2.08, 2.444, 2.292, 2.348, 2.1, 2.107, 2.257, 2.051, 2.066, 2.386], "Total dispersion C6": 20580.35931, "Total dispersion C8": 477863.159311, "Polarizability alpha": [6.765, 6.608, 6.6, 6.618, 8.841, 8.28, 6.81, 7.902, 7.877, 7.453, 6.448, 6.8, 8.039, 7.865, 6.234, 16.408, 6.878, 6.818, 7.81, 6.612, 6.606, 2.497, 2.474, 2.478, 2.464, 2.505, 2.508, 2.473, 2.391, 2.437, 2.26, 2.295, 2.305, 1.718, 2.504, 2.255, 2.445, 2.368, 2.396, 2.266, 2.27, 2.349, 2.24, 2.248, 2.416], "Total polarizability alpha": 216.832211, "Wiberg matrix": [[0.0, 1.0200040964342145, 0.0, 0.0, 0.0, 0.0, 0.0, 0.0, 0.0, 0.0, 0.0, 0.0, 0.0, 0.0, 0.0, 0.0, 0.0, 0.0, 0.0, 0.0, 0.0, 0.9876021329620951, 0.9868468026138832, 0.9874888210692696, 0.0, 0.0, 0.0, 0.0, 0.0, 0.0, 0.0, 0.0, 0.0, 0.0, 0.0, 0.0, 0.0, 0.0, 0.0, 0.0, 0.0, 0.0, 0.0, 0.0, 0.0], [1.0200040964342145, 0.0, 1.0063522189502132, 0.0, 0.0, 0.0, 0.0, 0.0, 0.0, 0.0, 0.0, 0.0, 0.0, 0.0, 0.0, 0.0, 0.0, 0.0, 0.0, 0.0, 0.0, 0.0, 0.0, 0.0, 0.9774309013251281, 0.9777208776067653, 0.0, 0.0, 0.0, 0.0, 0.0, 0.0, 0.0, 0.0, 0.0, 0.0, 0.0, 0.0, 0.0, 0.0, 0.0, 0.0, 0.0, 0.0, 0.0], [0.0, 1.0063522189502132, 0.0, 0.9886204034582571, 0.0, 0.0, 0.0, 0.0, 0.0, 0.0, 0.0, 0.0, 0.0, 0.0, 0.0, 0.0, 0.0, 0.0, 0.0, 0.0, 0.0, 0.0, 0.0, 0.0, 0.0, 0.0, 0.9764872772686428, 0.9769994712939267, 0.0, 0.0, 0.0, 0.0, 0.0, 0.0, 0.0, 0.0, 0.0, 0.0, 0.0, 0.0, 0.0, 0.0, 0.0, 0.0, 0.0], [0.0, 0.0, 0.9886204034582571, 0.0, 1.0092465798141115, 0.0, 0.0, 0.0, 0.0, 0.0, 0.0, 0.0, 0.0, 0.0, 0.0, 0.0, 0.0, 0.0, 0.0, 0.0, 0.0, 0.0, 0.0, 0.0, 0.0, 0.0, 0.0, 0.0, 0.9692802383597897, 0.9683081058918981, 0.0, 0.0, 0.0, 0.0, 0.0, 0.0, 0.0, 0.0, 0.0, 0.0, 0.0, 0.0, 0.0, 0.0, 0.0], [0.0, 0.0, 0.0, 1.0092465798141115, 0.0, 1.3676746180675872, 0.0, 0.0, 0.0, 0.0, 0.0, 0.0, 0.0, 1.355860275376248, 0.0, 0.0, 0.0, 0.0, 0.0, 0.0, 0.0, 0.0, 0.0, 0.0, 0.0, 0.0, 0.0, 0.0, 0.0, 0.0, 0.0, 0.0, 0.0, 0.0, 0.0, 0.0, 0.0, 0.0, 0.0, 0.0, 0.0, 0.0, 0.0, 0.0, 0.0], [0.0, 0.0, 0.0, 0.0, 1.3676746180675872, 0.0, 1.0274196459102427, 1.3948578741174964, 0.0, 0.0, 0.0, 0.0, 0.0, 0.0, 0.0, 0.0, 0.0, 0.0, 0.0, 0.0, 0.0, 0.0, 0.0, 0.0, 0.0, 0.0, 0.0, 0.0, 0.0, 0.0, 0.0, 0.0, 0.0, 0.0, 0.0, 0.0, 0.0, 0.0, 0.0, 0.0, 0.0, 0.0, 0.0, 0.0, 0.0], [0.0, 0.0, 0.0, 0.0, 0.0, 1.0274196459102427, 0.0, 0.0, 0.0, 0.0, 0.0, 0.0, 0.0, 0.0, 0.0, 0.0, 0.0, 0.0, 0.0, 0.0, 0.0, 0.0, 0.0, 0.0, 0.0, 0.0, 0.0, 0.0, 0.0, 0.0, 0.9823410154025943, 0.9620493705730141, 0.9666710208838686, 0.0, 0.0, 0.0, 0.0, 0.0, 0.0, 0.0, 0.0, 0.0, 0.0, 0.0, 0.0], [0.0, 0.0, 0.0, 0.0, 0.0, 1.3948578741174964, 0.0, 0.0, 1.3404310791432545, 0.0, 0.0, 0.0, 0.0, 0.0, 0.0, 0.0, 0.0, 0.0, 0.0, 0.0, 0.0, 0.0, 0.0, 0.0, 0.0, 0.0, 0.0, 0.0, 0.0, 0.0, 0.0, 0.0, 0.0, 0.0, 0.0, 0.0, 0.0, 0.0, 0.0, 0.0, 0.0, 0.0, 0.0, 0.0, 0.0], [0.0, 0.0, 0.0, 0.0, 0.0, 0.0, 0.0, 1.3404310791432545, 0.0, 1.1761946033455084, 0.0, 0.0, 1.318782011140331, 0.0, 0.0, 0.0, 0.0, 0.0, 0.0, 0.0, 0.0, 0.0, 0.0, 0.0, 0.0, 0.0, 0.0, 0.0, 0.0, 0.0, 0.0, 0.0, 0.0, 0.0, 0.0, 0.0, 0.0, 0.0, 0.0, 0.0, 0.0, 0.0, 0.0, 0.0, 0.0], [0.0, 0.0, 0.0, 0.0, 0.0, 0.0, 0.0, 0.0, 1.1761946033455084, 0.0, 0.9875344234746544, 0.0, 0.0, 0.0, 0.0, 0.0, 0.0, 0.0, 0.0, 0.0, 0.0, 0.0, 0.0, 0.0, 0.0, 0.0, 0.0, 0.0, 0.0, 0.0, 0.0, 0.0, 0.0, 0.9320618318291312, 0.0, 0.0, 0.0, 0.0, 0.0, 0.0, 0.0, 0.0, 0.0, 0.0, 0.0], [0.0, 0.0, 0.0, 0.0, 0.0, 0.0, 0.0, 0.0, 0.0, 0.9875344234746544, 0.0, 1.019425513839426, 0.0, 0.0, 0.0, 0.0, 0.0, 0.0, 0.0, 0.0, 0.0, 0.0, 0.0, 0.0, 0.0, 0.0, 0.0, 0.0, 0.0, 0.0, 0.0, 0.0, 0.0, 0.0, 0.9696522979199851, 0.9694615713299375, 0.0, 0.0, 0.0, 0.0, 0.0, 0.0, 0.0, 0.0, 0.0], [0.0, 0.0, 0.0, 0.0, 0.0, 0.0, 0.0, 0.0, 0.0, 0.0, 1.019425513839426, 0.0, 0.0, 0.0, 0.0, 0.0, 0.0, 0.0, 0.0, 0.0, 0.0, 0.0, 0.0, 0.0, 0.0, 0.0, 0.0, 0.0, 0.0, 0.0, 0.0, 0.0, 0.0, 0.0, 0.0, 0.0, 0.9862970479486385, 0.98620554342908, 0.984991877287471, 0.0, 0.0, 0.0, 0.0, 0.0, 0.0], [0.0, 0.0, 0.0, 0.0, 0.0, 0.0, 0.0, 0.0, 1.318782011140331, 0.0, 0.0, 0.0, 0.0, 1.3783286756018645, 0.0, 0.0, 0.0, 0.0, 0.0, 0.0, 0.0, 0.0, 0.0, 0.0, 0.0, 0.0, 0.0, 0.0, 0.0, 0.0, 0.0, 0.0, 0.0, 0.0, 0.0, 0.0, 0.0, 0.0, 0.0, 0.0, 0.0, 0.0, 0.0, 0.0, 0.0], [0.0, 0.0, 0.0, 0.0, 1.355860275376248, 0.0, 0.0, 0.0, 0.0, 0.0, 0.0, 0.0, 1.3783286756018645, 0.0, 0.9847847025765873, 0.0, 0.0, 0.0, 0.0, 0.0, 0.0, 0.0, 0.0, 0.0, 0.0, 0.0, 0.0, 0.0, 0.0, 0.0, 0.0, 0.0, 0.0, 0.0, 0.0, 0.0, 0.0, 0.0, 0.0, 0.0, 0.0, 0.0, 0.0, 0.0, 0.0], [0.0, 0.0, 0.0, 0.0, 0.0, 0.0, 0.0, 0.0, 0.0, 0.0, 0.0, 0.0, 0.0, 0.9847847025765873, 0.0, 0.872874892503678, 0.0, 0.0, 0.0, 0.0, 0.0, 0.0, 0.0, 0.0, 0.0, 0.0, 0.0, 0.0, 0.0, 0.0, 0.0, 0.0, 0.0, 0.0, 0.0, 0.0, 0.0, 0.0, 0.0, 0.0, 0.0, 0.0, 0.0, 0.0, 0.0], [0.0, 0.0, 0.0, 0.0, 0.0, 0.0, 0.0, 0.0, 0.0, 0.0, 0.0, 0.0, 0.0, 0.0, 0.872874892503678, 0.0, 1.5285503813280483, 1.542264349548661, 0.8737245695594663, 0.0, 0.0, 0.0, 0.0, 0.0, 0.0, 0.0, 0.0, 0.0, 0.0, 0.0, 0.0, 0.0, 0.0, 0.0, 0.0, 0.0, 0.0, 0.0, 0.0, 0.0, 0.0, 0.0, 0.0, 0.0, 0.0], [0.0, 0.0, 0.0, 0.0, 0.0, 0.0, 0.0, 0.0, 0.0, 0.0, 0.0, 0.0, 0.0, 0.0, 0.0, 1.5285503813280483, 0.0, 0.12436211828657306, 0.0, 0.0, 0.0, 0.0, 0.0, 0.0, 0.0, 0.0, 0.0, 0.0, 0.0, 0.0, 0.0, 0.0, 0.0, 0.0, 0.0, 0.0, 0.0, 0.0, 0.0, 0.0, 0.0, 0.0, 0.0, 0.0, 0.0], [0.0, 0.0, 0.0, 0.0, 0.0, 0.0, 0.0, 0.0, 0.0, 0.0, 0.0, 0.0, 0.0, 0.0, 0.0, 1.542264349548661, 0.12436211828657306, 0.0, 0.10096612027152821, 0.0, 0.0, 0.0, 0.0, 0.0, 0.0, 0.0, 0.0, 0.0, 0.0, 0.0, 0.0, 0.0, 0.0, 0.0, 0.0, 0.0, 0.0, 0.0, 0.0, 0.0, 0.0, 0.0, 0.0, 0.0, 0.0], [0.0, 0.0, 0.0, 0.0, 0.0, 0.0, 0.0, 0.0, 0.0, 0.0, 0.0, 0.0, 0.0, 0.0, 0.0, 0.8737245695594663, 0.0, 0.10096612027152821, 0.0, 0.995988007379445, 0.9969178279745635, 0.0, 0.0, 0.0, 0.0, 0.0, 0.0, 0.0, 0.0, 0.0, 0.0, 0.0, 0.0, 0.0, 0.0, 0.0, 0.0, 0.0, 0.0, 0.0, 0.0, 0.0, 0.0, 0.0, 0.0], [0.0, 0.0, 0.0, 0.0, 0.0, 0.0, 0.0, 0.0, 0.0, 0.0, 0.0, 0.0, 0.0, 0.0, 0.0, 0.0, 0.0, 0.0, 0.995988007379445, 0.0, 0.0, 0.0, 0.0, 0.0, 0.0, 0.0, 0.0, 0.0, 0.0, 0.0, 0.0, 0.0, 0.0, 0.0, 0.0, 0.0, 0.0, 0.0, 0.0, 0.9808788612770897, 0.9761489752943955, 0.9777640437450437, 0.0, 0.0, 0.0], [0.0, 0.0, 0.0, 0.0, 0.0, 0.0, 0.0, 0.0, 0.0, 0.0, 0.0, 0.0, 0.0, 0.0, 0.0, 0.0, 0.0, 0.0, 0.9969178279745635, 0.0, 0.0, 0.0, 0.0, 0.0, 0.0, 0.0, 0.0, 0.0, 0.0, 0.0, 0.0, 0.0, 0.0, 0.0, 0.0, 0.0, 0.0, 0.0, 0.0, 0.0, 0.0, 0.0, 0.9806967301422695, 0.9765812359037059, 0.9796850749751628], [0.9876021329620951, 0.0, 0.0, 0.0, 0.0, 0.0, 0.0, 0.0, 0.0, 0.0, 0.0, 0.0, 0.0, 0.0, 0.0, 0.0, 0.0, 0.0, 0.0, 0.0, 0.0, 0.0, 0.0, 0.0, 0.0, 0.0, 0.0, 0.0, 0.0, 0.0, 0.0, 0.0, 0.0, 0.0, 0.0, 0.0, 0.0, 0.0, 0.0, 0.0, 0.0, 0.0, 0.0, 0.0, 0.0], [0.9868468026138832, 0.0, 0.0, 0.0, 0.0, 0.0, 0.0, 0.0, 0.0, 0.0, 0.0, 0.0, 0.0, 0.0, 0.0, 0.0, 0.0, 0.0, 0.0, 0.0, 0.0, 0.0, 0.0, 0.0, 0.0, 0.0, 0.0, 0.0, 0.0, 0.0, 0.0, 0.0, 0.0, 0.0, 0.0, 0.0, 0.0, 0.0, 0.0, 0.0, 0.0, 0.0, 0.0, 0.0, 0.0], [0.9874888210692696, 0.0, 0.0, 0.0, 0.0, 0.0, 0.0, 0.0, 0.0, 0.0, 0.0, 0.0, 0.0, 0.0, 0.0, 0.0, 0.0, 0.0, 0.0, 0.0, 0.0, 0.0, 0.0, 0.0, 0.0, 0.0, 0.0, 0.0, 0.0, 0.0, 0.0, 0.0, 0.0, 0.0, 0.0, 0.0, 0.0, 0.0, 0.0, 0.0, 0.0, 0.0, 0.0, 0.0, 0.0], [0.0, 0.9774309013251281, 0.0, 0.0, 0.0, 0.0, 0.0, 0.0, 0.0, 0.0, 0.0, 0.0, 0.0, 0.0, 0.0, 0.0, 0.0, 0.0, 0.0, 0.0, 0.0, 0.0, 0.0, 0.0, 0.0, 0.0, 0.0, 0.0, 0.0, 0.0, 0.0, 0.0, 0.0, 0.0, 0.0, 0.0, 0.0, 0.0, 0.0, 0.0, 0.0, 0.0, 0.0, 0.0, 0.0], [0.0, 0.9777208776067653, 0.0, 0.0, 0.0, 0.0, 0.0, 0.0, 0.0, 0.0, 0.0, 0.0, 0.0, 0.0, 0.0, 0.0, 0.0, 0.0, 0.0, 0.0, 0.0, 0.0, 0.0, 0.0, 0.0, 0.0, 0.0, 0.0, 0.0, 0.0, 0.0, 0.0, 0.0, 0.0, 0.0, 0.0, 0.0, 0.0, 0.0, 0.0, 0.0, 0.0, 0.0, 0.0, 0.0], [0.0, 0.0, 0.9764872772686428, 0.0, 0.0, 0.0, 0.0, 0.0, 0.0, 0.0, 0.0, 0.0, 0.0, 0.0, 0.0, 0.0, 0.0, 0.0, 0.0, 0.0, 0.0, 0.0, 0.0, 0.0, 0.0, 0.0, 0.0, 0.0, 0.0, 0.0, 0.0, 0.0, 0.0, 0.0, 0.0, 0.0, 0.0, 0.0, 0.0, 0.0, 0.0, 0.0, 0.0, 0.0, 0.0], [0.0, 0.0, 0.9769994712939267, 0.0, 0.0, 0.0, 0.0, 0.0, 0.0, 0.0, 0.0, 0.0, 0.0, 0.0, 0.0, 0.0, 0.0, 0.0, 0.0, 0.0, 0.0, 0.0, 0.0, 0.0, 0.0, 0.0, 0.0, 0.0, 0.0, 0.0, 0.0, 0.0, 0.0, 0.0, 0.0, 0.0, 0.0, 0.0, 0.0, 0.0, 0.0, 0.0, 0.0, 0.0, 0.0], [0.0, 0.0, 0.0, 0.9692802383597897, 0.0, 0.0, 0.0, 0.0, 0.0, 0.0, 0.0, 0.0, 0.0, 0.0, 0.0, 0.0, 0.0, 0.0, 0.0, 0.0, 0.0, 0.0, 0.0, 0.0, 0.0, 0.0, 0.0, 0.0, 0.0, 0.0, 0.0, 0.0, 0.0, 0.0, 0.0, 0.0, 0.0, 0.0, 0.0, 0.0, 0.0, 0.0, 0.0, 0.0, 0.0], [0.0, 0.0, 0.0, 0.9683081058918981, 0.0, 0.0, 0.0, 0.0, 0.0, 0.0, 0.0, 0.0, 0.0, 0.0, 0.0, 0.0, 0.0, 0.0, 0.0, 0.0, 0.0, 0.0, 0.0, 0.0, 0.0, 0.0, 0.0, 0.0, 0.0, 0.0, 0.0, 0.0, 0.0, 0.0, 0.0, 0.0, 0.0, 0.0, 0.0, 0.0, 0.0, 0.0, 0.0, 0.0, 0.0], [0.0, 0.0, 0.0, 0.0, 0.0, 0.0, 0.9823410154025943, 0.0, 0.0, 0.0, 0.0, 0.0, 0.0, 0.0, 0.0, 0.0, 0.0, 0.0, 0.0, 0.0, 0.0, 0.0, 0.0, 0.0, 0.0, 0.0, 0.0, 0.0, 0.0, 0.0, 0.0, 0.0, 0.0, 0.0, 0.0, 0.0, 0.0, 0.0, 0.0, 0.0, 0.0, 0.0, 0.0, 0.0, 0.0], [0.0, 0.0, 0.0, 0.0, 0.0, 0.0, 0.9620493705730141, 0.0, 0.0, 0.0, 0.0, 0.0, 0.0, 0.0, 0.0, 0.0, 0.0, 0.0, 0.0, 0.0, 0.0, 0.0, 0.0, 0.0, 0.0, 0.0, 0.0, 0.0, 0.0, 0.0, 0.0, 0.0, 0.0, 0.0, 0.0, 0.0, 0.0, 0.0, 0.0, 0.0, 0.0, 0.0, 0.0, 0.0, 0.0], [0.0, 0.0, 0.0, 0.0, 0.0, 0.0, 0.9666710208838686, 0.0, 0.0, 0.0, 0.0, 0.0, 0.0, 0.0, 0.0, 0.0, 0.0, 0.0, 0.0, 0.0, 0.0, 0.0, 0.0, 0.0, 0.0, 0.0, 0.0, 0.0, 0.0, 0.0, 0.0, 0.0, 0.0, 0.0, 0.0, 0.0, 0.0, 0.0, 0.0, 0.0, 0.0, 0.0, 0.0, 0.0, 0.0], [0.0, 0.0, 0.0, 0.0, 0.0, 0.0, 0.0, 0.0, 0.0, 0.9320618318291312, 0.0, 0.0, 0.0, 0.0, 0.0, 0.0, 0.0, 0.0, 0.0, 0.0, 0.0, 0.0, 0.0, 0.0, 0.0, 0.0, 0.0, 0.0, 0.0, 0.0, 0.0, 0.0, 0.0, 0.0, 0.0, 0.0, 0.0, 0.0, 0.0, 0.0, 0.0, 0.0, 0.0, 0.0, 0.0], [0.0, 0.0, 0.0, 0.0, 0.0, 0.0, 0.0, 0.0, 0.0, 0.0, 0.9696522979199851, 0.0, 0.0, 0.0, 0.0, 0.0, 0.0, 0.0, 0.0, 0.0, 0.0, 0.0, 0.0, 0.0, 0.0, 0.0, 0.0, 0.0, 0.0, 0.0, 0.0, 0.0, 0.0, 0.0, 0.0, 0.0, 0.0, 0.0, 0.0, 0.0, 0.0, 0.0, 0.0, 0.0, 0.0], [0.0, 0.0, 0.0, 0.0, 0.0, 0.0, 0.0, 0.0, 0.0, 0.0, 0.9694615713299375, 0.0, 0.0, 0.0, 0.0, 0.0, 0.0, 0.0, 0.0, 0.0, 0.0, 0.0, 0.0, 0.0, 0.0, 0.0, 0.0, 0.0, 0.0, 0.0, 0.0, 0.0, 0.0, 0.0, 0.0, 0.0, 0.0, 0.0, 0.0, 0.0, 0.0, 0.0, 0.0, 0.0, 0.0], [0.0, 0.0, 0.0, 0.0, 0.0, 0.0, 0.0, 0.0, 0.0, 0.0, 0.0, 0.9862970479486385, 0.0, 0.0, 0.0, 0.0, 0.0, 0.0, 0.0, 0.0, 0.0, 0.0, 0.0, 0.0, 0.0, 0.0, 0.0, 0.0, 0.0, 0.0, 0.0, 0.0, 0.0, 0.0, 0.0, 0.0, 0.0, 0.0, 0.0, 0.0, 0.0, 0.0, 0.0, 0.0, 0.0], [0.0, 0.0, 0.0, 0.0, 0.0, 0.0, 0.0, 0.0, 0.0, 0.0, 0.0, 0.98620554342908, 0.0, 0.0, 0.0, 0.0, 0.0, 0.0, 0.0, 0.0, 0.0, 0.0, 0.0, 0.0, 0.0, 0.0, 0.0, 0.0, 0.0, 0.0, 0.0, 0.0, 0.0, 0.0, 0.0, 0.0, 0.0, 0.0, 0.0, 0.0, 0.0, 0.0, 0.0, 0.0, 0.0], [0.0, 0.0, 0.0, 0.0, 0.0, 0.0, 0.0, 0.0, 0.0, 0.0, 0.0, 0.984991877287471, 0.0, 0.0, 0.0, 0.0, 0.0, 0.0, 0.0, 0.0, 0.0, 0.0, 0.0, 0.0, 0.0, 0.0, 0.0, 0.0, 0.0, 0.0, 0.0, 0.0, 0.0, 0.0, 0.0, 0.0, 0.0, 0.0, 0.0, 0.0, 0.0, 0.0, 0.0, 0.0, 0.0], [0.0, 0.0, 0.0, 0.0, 0.0, 0.0, 0.0, 0.0, 0.0, 0.0, 0.0, 0.0, 0.0, 0.0, 0.0, 0.0, 0.0, 0.0, 0.0, 0.9808788612770897, 0.0, 0.0, 0.0, 0.0, 0.0, 0.0, 0.0, 0.0, 0.0, 0.0, 0.0, 0.0, 0.0, 0.0, 0.0, 0.0, 0.0, 0.0, 0.0, 0.0, 0.0, 0.0, 0.0, 0.0, 0.0], [0.0, 0.0, 0.0, 0.0, 0.0, 0.0, 0.0, 0.0, 0.0, 0.0, 0.0, 0.0, 0.0, 0.0, 0.0, 0.0, 0.0, 0.0, 0.0, 0.9761489752943955, 0.0, 0.0, 0.0, 0.0, 0.0, 0.0, 0.0, 0.0, 0.0, 0.0, 0.0, 0.0, 0.0, 0.0, 0.0, 0.0, 0.0, 0.0, 0.0, 0.0, 0.0, 0.0, 0.0, 0.0, 0.0], [0.0, 0.0, 0.0, 0.0, 0.0, 0.0, 0.0, 0.0, 0.0, 0.0, 0.0, 0.0, 0.0, 0.0, 0.0, 0.0, 0.0, 0.0, 0.0, 0.9777640437450437, 0.0, 0.0, 0.0, 0.0, 0.0, 0.0, 0.0, 0.0, 0.0, 0.0, 0.0, 0.0, 0.0, 0.0, 0.0, 0.0, 0.0, 0.0, 0.0, 0.0, 0.0, 0.0, 0.0, 0.0, 0.0], [0.0, 0.0, 0.0, 0.0, 0.0, 0.0, 0.0, 0.0, 0.0, 0.0, 0.0, 0.0, 0.0, 0.0, 0.0, 0.0, 0.0, 0.0, 0.0, 0.0, 0.9806967301422695, 0.0, 0.0, 0.0, 0.0, 0.0, 0.0, 0.0, 0.0, 0.0, 0.0, 0.0, 0.0, 0.0, 0.0, 0.0, 0.0, 0.0, 0.0, 0.0, 0.0, 0.0, 0.0, 0.0, 0.0], [0.0, 0.0, 0.0, 0.0, 0.0, 0.0, 0.0, 0.0, 0.0, 0.0, 0.0, 0.0, 0.0, 0.0, 0.0, 0.0, 0.0, 0.0, 0.0, 0.0, 0.9765812359037059, 0.0, 0.0, 0.0, 0.0, 0.0, 0.0, 0.0, 0.0, 0.0, 0.0, 0.0, 0.0, 0.0, 0.0, 0.0, 0.0, 0.0, 0.0, 0.0, 0.0, 0.0, 0.0, 0.0, 0.0], [0.0, 0.0, 0.0, 0.0, 0.0, 0.0, 0.0, 0.0, 0.0, 0.0, 0.0, 0.0, 0.0, 0.0, 0.0, 0.0, 0.0, 0.0, 0.0, 0.0, 0.9796850749751628, 0.0, 0.0, 0.0, 0.0, 0.0, 0.0, 0.0, 0.0, 0.0, 0.0, 0.0, 0.0, 0.0, 0.0, 0.0, 0.0, 0.0, 0.0, 0.0, 0.0, 0.0, 0.0, 0.0, 0.0]], "Born radii": [], "Atomic SASAs": [], "Solvent H bonds": [], "Total SASA": NaN, "Total FOD": 0.0, "FOD": [0.0, 0.0, 0.0, 0.0, 0.0, 0.0, 0.0, 0.0, 0.0, 0.0, 0.0, 0.0, 0.0, 0.0, 0.0, 0.0, 0.0, 0.0, 0.0, 0.0, 0.0, 0.0, 0.0, 0.0, 0.0, 0.0, 0.0, 0.0, 0.0, 0.0, 0.0, 0.0, 0.0, 0.0, 0.0, 0.0, 0.0, 0.0, 0.0, 0.0, 0.0, 0.0, 0.0, 0.0, 0.0], "FOD s proportion": [0.0, 0.0, 0.0, 0.0, 0.0, 0.0, 0.0, 0.0, 0.0, 0.0, 0.0, 0.0, 0.0, 0.0, 0.0, 0.0, 0.0, 0.0, 0.0, 0.0, 0.0, 0.0, 0.0, 0.0, 0.0, 0.0, 0.0, 0.0, 0.0, 0.0, 0.0, 0.0, 0.0, 0.0, 0.0, 0.0, 0.0, 0.0, 0.0, 0.0, 0.0, 0.0, 0.0, 0.0, 0.0], "FOD p proportion": [0.0, 0.0, 0.0, 0.0, 0.0, 0.0, 0.0, 0.0, 0.0, 0.0, 0.0, 0.0, 0.0, 0.0, 0.0, 0.0, 0.0, 0.0, 0.0, 0.0, 0.0, 0.0, 0.0, 0.0, 0.0, 0.0, 0.0, 0.0, 0.0, 0.0, 0.0, 0.0, 0.0, 0.0, 0.0, 0.0, 0.0, 0.0, 0.0, 0.0, 0.0, 0.0, 0.0, 0.0, 0.0], "FOD d proportion": [0.0, 0.0, 0.0, 0.0, 0.0, 0.0, 0.0, 0.0, 0.0, 0.0, 0.0, 0.0, 0.0, 0.0, 0.0, 0.0, 0.0, 0.0, 0.0, 0.0, 0.0, 0.0, 0.0, 0.0, 0.0, 0.0, 0.0, 0.0, 0.0, 0.0, 0.0, 0.0, 0.0, 0.0, 0.0, 0.0, 0.0, 0.0, 0.0, 0.0, 0.0, 0.0, 0.0, 0.0, 0.0], "coordinates": [["0.73920", "5.18530", "1.69970"], ["0.17440", "4.45490", "0.49190"], ["0.55190", "2.97370", "0.50620"], ["-0.02150", "2.24400", "-0.71190"], ["0.34450", "0.78550", "-0.71290"], ["1.44170", "0.27450", "-1.38700"], ["2.33900", "1.13470", "-2.22870"], ["1.77980", "-1.03320", "-1.33260"], ["1.02990", "-1.85570", "-0.59180"], ["1.33930", "-3.20510", "-0.49620"], ["2.75020", "-3.51690", "-0.62820"], ["2.95590", "-5.01030", "-0.42730"], ["-0.03290", "-1.45930", "0.10660"], ["-0.36800", "-0.16110", "0.00340"], ["-1.42840", "0.21180", "0.78130"], ["-2.90880", "0.19630", "0.10300"], ["-2.80230", "0.02670", "-1.33200"], ["-3.61840", "1.34490", "0.63310"], ["-3.67010", "-1.19000", "0.74160"], ["-3.13220", "-2.48390", "0.28190"], ["-3.90730", "-1.15510", "2.19520"], ["1.83210", "5.12530", "1.71870"], ["0.45740", "6.24240", "1.66930"], ["0.35510", "4.75800", "2.63150"], ["-0.91670", "4.56090", "0.48550"], ["0.55230", "4.92670", "-0.42260"], ["1.64440", "2.87350", "0.52160"], ["0.18060", "2.51180", "1.42960"], ["0.32610", "2.72600", "-1.63290"], ["-1.11120", "2.35610", "-0.73500"], ["3.17790", "0.55160", "-2.62340"], ["1.78620", "1.54210", "-3.08070"], ["2.75560", "1.95430", "-1.63550"], ["0.89200", "-3.53920", "0.34920"], ["3.33970", "-2.97130", "0.11880"], ["3.11810", "-3.24600", "-1.62510"], ["2.62350", "-5.32260", "0.56850"], ["2.38920", "-5.58740", "-1.16570"], ["4.01480", "-5.26680", "-0.53050"], ["-2.89180", "-2.46740", "-0.78430"], ["-3.89400", "-3.25810", "0.42200"], ["-2.24540", "-2.76860", "0.85410"], ["-4.50750", "-0.28300", "2.46920"], ["-4.47200", "-2.04120", "2.50330"], ["-2.96240", "-1.13890", "2.74630"]], "bond_dist": [[0.0, 1.520284197115789, 2.5200591461312962, 3.8788818930202034, 5.033355430525447, 5.8427031226992865, 5.865070072897679, 6.99624427103571, 7.410206457312778, 8.693728140446996, 9.229925473696957, 10.648387072697911, 6.876395507822394, 5.717282439236319, 5.502513114023445, 6.383374960786809, 6.953026758182367, 5.905504676147501, 7.810527011028128, 8.70715357852381, 7.876303362618787, 1.094710651268179, 1.094438582104999, 1.0947005709325266, 2.146197057588142, 2.146150707662442, 2.7480403727019733, 2.7445564705431003, 4.162334784709178, 4.1660673170269344, 6.790259714473372, 6.100929388216192, 5.062488419739841, 8.829728101136523, 8.70585829312653, 9.37018035792268, 10.73527653765845, 11.268721420374186, 11.178092046946116, 8.827130580771987, 9.715454857596734, 8.537411887100212, 7.617236771297057, 8.945651493882377, 7.402210464449116], [1.520284197115789, 0.0, 1.5286151183342394, 2.5249930811786396, 3.8658729169490305, 4.755213839565998, 4.807378241827868, 6.002112213212945, 6.459872932186825, 7.810821571384152, 8.452157410389374, 9.908162389161777, 5.930361795034094, 4.673359178364103, 4.544955204399709, 5.271910413692555, 5.6388216269004285, 4.906869600875899, 6.8342831628489025, 7.68925542559226, 7.143780916293557, 2.16851186070079, 2.1590544249740438, 2.1685041526360975, 1.0962555222209829, 1.0962271206278378, 2.159307307911498, 2.157535014779598, 2.7435165645572472, 2.7500931638764534, 5.827680261476259, 4.8832134747520515, 4.176293160207985, 8.027511934590942, 8.081260677641824, 8.511810588823039, 10.079854394781702, 10.41637010143169, 10.502638945046145, 7.677793053345473, 8.720500763717645, 7.626635767492768, 6.948208352517936, 8.236144615656041, 6.797972641898465], [2.5200591461312962, 1.5286151183342394, 0.0, 1.5313449186907566, 2.5134515730365687, 3.414913017925932, 3.749043267288336, 4.576480247963493, 4.975659992403018, 6.308912264408184, 6.946025814089666, 8.390166520993489, 4.489227127245846, 3.305449272035497, 3.4095981742721526, 4.455666671778759, 4.828503482446709, 4.478894410454437, 5.9343992829940255, 6.5884976329964635, 6.307469784311297, 2.7818071194818668, 3.470753743785347, 2.781969953108768, 2.162502783813237, 2.162609211115129, 1.097193442379237, 1.09721595868817, 2.165199699796765, 2.165157918028152, 4.749404233164408, 4.054482292475822, 3.23764558591579, 6.523663343551688, 6.57760842556016, 7.057796413895771, 8.551257307554252, 8.914222013726155, 8.998458954176543, 6.56734567005575, 7.655615435090767, 6.396868842644814, 6.3290593495400245, 7.374089884860368, 5.855068851858192], [3.8788818930202034, 2.5249930811786396, 1.5313449186907566, 0.0, 1.503721799403068, 2.5447287674720855, 3.0171491477883556, 3.790776967852369, 4.234076765955006, 5.620586618850385, 6.393535437455555, 7.846704812212577, 3.792690746686316, 2.5330263224056715, 2.887706822030242, 3.632304859176884, 3.6102343331146804, 3.943994855473318, 5.217020242437248, 5.746053544825353, 5.92490952335983, 4.200659354196672, 4.678318203158053, 4.200041323606233, 2.7573856114080235, 2.75859025953475, 2.166336841306079, 2.1676216228853225, 1.0960797233778206, 1.0956943506288601, 4.093190732179482, 3.0613161123934916, 2.9409602955497376, 5.950278791787827, 6.259958627658813, 6.389923505019446, 8.117196851130322, 8.20659703470324, 8.528583721228278, 5.517350252612209, 6.8231290380587115, 5.703003241275601, 6.052216305618959, 6.96472543105613, 5.661453210969777], [5.033355430525447, 3.8658729169490305, 2.5134515730365687, 1.503721799403068, 0.0, 1.3854167784461107, 2.529351800363089, 2.3982876954193797, 2.7313688527915816, 4.118431047134332, 4.930031677383017, 6.363354065270925, 2.419325949515691, 1.384483116545666, 2.3885015679291484, 3.4054089827801883, 3.295665712720269, 4.2224661952465645, 4.704804316865899, 4.87504320903928, 5.504614174490343, 5.1922534953524755, 5.955281761596172, 5.192868183383823, 4.156974038889346, 4.156560160757932, 2.7519945966516723, 2.7563165910323146, 2.147621663608374, 2.141573080704929, 3.4253284543237603, 2.8735725656402, 2.8338467513258365, 4.486740771428632, 4.876114659234337, 4.977746282204428, 6.6441487468298, 6.7081801064074, 7.0805866381254035, 4.589127810379659, 5.966873655441349, 4.668479176348546, 5.89994547940911, 6.444598325729851, 5.158000349941826], [5.8427031226992865, 4.755213839565998, 3.414913017925932, 2.5447287674720855, 1.3854167784461107, 0.0, 1.5011829402174806, 1.3517951989854085, 2.3107735328240193, 3.5932751856767107, 4.081992607783606, 5.580585701339959, 2.7223792094416237, 2.3233539571059767, 3.597628411884696, 4.599246187148498, 4.251583921316855, 5.552582478450906, 5.727669460609612, 5.595941295260343, 6.594521514105478, 5.7730447157457565, 6.776846360218003, 6.118072740659431, 5.23846654756905, 4.833638852872648, 3.2308887709111866, 3.8117082863199276, 2.704603930338045, 3.357895318499372, 2.149385914627711, 2.1433874358127607, 2.1470476240642635, 4.2262120415331745, 4.0503154543813, 3.9065238793587325, 6.045507414601358, 5.942104134900363, 6.169314512164216, 5.163379237476171, 6.649920168693757, 5.279933070598529, 7.111544510864008, 7.447734438740415, 6.203060958913752], [5.865070072897679, 4.807378241827868, 3.749043267288336, 3.0171491477883556, 2.529351800363089, 1.5011829402174806, 0.0, 2.4115327615439934, 3.6518045648692645, 4.778579326536288, 4.936402359006, 6.433244326931785, 4.2199966469181, 3.740216176907426, 4.909699295272572, 5.818661726720329, 5.335232008076124, 6.61246535265025, 7.094800560269471, 7.023632091731456, 7.98938914686223, 5.635938495938365, 6.695029637723794, 6.3785347957034775, 5.450257844359292, 4.564379267764676, 3.3271676678520423, 4.465227190188647, 2.6341943246465322, 3.9530795198174293, 1.0952382891407697, 1.0942881704560277, 1.094159933464939, 5.5303452532369075, 4.834396833111655, 4.490196238473326, 7.042868121724274, 6.805814973241632, 6.8316462971966, 6.513269870809899, 8.07299147342545, 6.76432776334796, 8.423461280851239, 8.880759303685693, 7.617396137788818], [6.99624427103571, 6.002112213212945, 4.576480247963493, 3.790776967852369, 2.3982876954193797, 1.3517951989854085, 2.4115327615439934, 0.0, 1.3370268882860958, 2.368703193732807, 2.7580103716266193, 4.2450092708968254, 2.353452599905084, 2.675537189051948, 4.038705912789392, 5.055253462488305, 4.7030871541998875, 6.2177085280672335, 5.833378257065112, 5.370184795703031, 6.693529626437758, 6.873157151557063, 7.980883455482858, 7.1611351292934, 6.470746067494845, 6.152663184345459, 4.326510798553494, 4.770137784173534, 4.0416591172438086, 4.494703688787505, 2.4763762416078863, 3.112565607340671, 3.1573866250429323, 3.145898294605215, 2.8802919261769286, 2.602515510040238, 4.767070721103265, 4.5978213982276435, 4.854066168687856, 4.917459617526106, 6.341987670281298, 4.898520704253479, 7.385568669371371, 7.403728523521105, 6.255961839717375], [7.410206457312778, 6.459872932186825, 4.975659992403018, 4.234076765955006, 2.7313688527915816, 2.3107735328240193, 3.6518045648692645, 1.3370268882860958, 0.0, 1.3877132556836083, 2.3917237486800187, 3.699734775629194, 1.3320808383878209, 2.2759737718172413, 3.493307709034519, 4.495198408301907, 4.333253124385881, 5.775024957521828, 4.930629985103324, 4.298960727896919, 5.712631022567448, 7.397046443682775, 8.427309954546587, 7.388236976437613, 6.791360865835359, 6.801299887521503, 4.8972035336506075, 4.886964773762953, 4.750915547555018, 4.726951944964112, 3.8126625670258307, 4.279212280315152, 4.310852604763935, 1.9335639787708088, 2.6617084288103383, 2.713157242033716, 3.988138997076206, 4.012809812338482, 4.533099260991315, 3.973784597836173, 5.219128989592037, 3.6948076147480267, 6.519655286132848, 6.315453892635113, 5.253110805989152], [8.693728140446996, 7.810821571384152, 6.308912264408184, 5.620586618850385, 4.118431047134332, 3.5932751856767107, 4.778579326536288, 2.368703193732807, 1.3877132556836083, 0.0, 1.4509590104479178, 2.424229735400505, 2.3008951127767645, 3.5256785800750468, 4.579014648371416, 5.474935269936988, 5.3193931458391, 6.823240269842474, 5.539572655900454, 4.595637202826175, 6.242831530643767, 8.6338981931686, 9.732543044343549, 8.611743060495941, 8.146411902794997, 8.170125898662763, 6.170768251198549, 6.142819950153187, 6.12344742281666, 6.081851784612971, 4.692358116128819, 5.423584395950707, 5.470221068658925, 1.0131146331980405, 2.1058223096928192, 2.107182350913181, 2.6956561316310363, 2.6880985007994034, 3.377881529894144, 4.304580131673704, 5.3135044114030805, 3.8553750051065068, 7.177557788691081, 6.642504885207086, 5.769541713169254], [9.229925473696957, 8.452157410389374, 6.946025814089666, 6.393535437455555, 4.930031677383017, 4.081992607783606, 4.936402359006, 2.7580103716266193, 2.3917237486800187, 1.4509590104479178, 0.0, 1.5208276891219463, 3.538261495423989, 4.624227875007891, 5.774997134198423, 6.807847580549963, 6.624401229545204, 8.11092121093529, 6.96498871068719, 6.04135752707949, 7.607364395768091, 9.002136860768115, 10.284910042387342, 9.210652425859962, 8.940768207486423, 8.727394612941483, 6.5865048272964914, 6.868959796796019, 6.7719630322381414, 7.029505331102609, 4.551531893769393, 5.704168059410592, 5.563156647983229, 2.0996940943861326, 1.0969041024629276, 1.0966069624072246, 2.1699530570959364, 2.1693772147784713, 2.161228460852762, 5.740904237138954, 6.731663324914578, 5.264331442832983, 8.527966068178273, 8.009004656010633, 7.048115564461185], [10.648387072697911, 9.908162389161777, 8.390166520993489, 7.846704812212577, 6.363354065270925, 5.580585701339959, 6.433244326931785, 4.2450092708968254, 3.699734775629194, 2.424229735400505, 1.5208276891219463, 0.0, 4.6719991063783395, 5.894790440719669, 6.924819770939891, 7.8603185520689935, 7.7036821280476, 9.205130943663974, 7.737240806644188, 6.629526620355334, 8.297203596995798, 10.421066634466936, 11.715864931792275, 10.561254800922095, 10.365235358639957, 10.223565134042039, 8.048275958240994, 8.229966956798794, 8.259519180315522, 8.420203718438172, 5.983884258573188, 7.1653803395214135, 7.071458158682692, 2.6508056643216986, 2.1454716614301854, 2.138641664702154, 1.0952801878971428, 1.0951839388888058, 1.0944001553362461, 6.386656770173264, 7.121281158611841, 5.806955014463259, 9.297280091510634, 8.519252876866611, 7.751499842611106], [6.876395507822394, 5.930361795034094, 4.489227127245846, 3.792690746686316, 2.419325949515691, 2.7223792094416237, 4.2199966469181, 2.353452599905084, 1.3320808383878209, 2.3008951127767645, 3.538261495423989, 4.6719991063783395, 0.0, 1.344717624633514, 2.2793015487205723, 3.3184070169284534, 3.456492777368412, 4.582199268910071, 3.7020225998769916, 3.268974723059204, 4.41200214868488, 7.030935113482417, 7.873919498572486, 6.721642901850708, 6.096513404397632, 6.434555748456921, 4.664623900166014, 4.191127110933287, 4.546589638399313, 4.053183762180048, 4.669674019672037, 4.74092902920936, 4.73954740666237, 2.2891655204462613, 3.696041612319861, 4.0149573820901265, 4.7111462999996085, 4.952426204397194, 5.593462965820011, 3.1596325150244926, 4.271211983734828, 2.677345511882992, 5.194959635069362, 5.078226787964477, 3.9563420605402664], [5.717282439236319, 4.673359178364103, 3.305449272035497, 2.5330263224056715, 1.384483116545666, 2.3233539571059767, 3.740216176907426, 2.675537189051948, 2.2759737718172413, 3.5256785800750468, 4.624227875007891, 5.894790440719669, 1.344717624633514, 0.0, 1.366978778182017, 2.5677460076884553, 2.7828723452576836, 3.6372597171497114, 3.536585763133704, 3.6212931019181536, 4.28003127675488, 5.977350505031473, 6.6679322297095975, 5.623817922906111, 4.778156140186296, 5.187883665812101, 3.67791818288553, 3.0788638829932053, 3.390368550762586, 2.72651364199778, 4.470058874332641, 4.129544852644175, 4.113123792204655, 3.621979741798676, 4.6537705669704, 4.931684648271825, 5.992452962685649, 6.1978769219790095, 6.749974632544926, 3.5084266302717517, 4.711614474890746, 3.323759543047602, 4.819801811278135, 5.160144573556055, 3.9000646930531806], [5.502513114023445, 4.544955204399709, 3.4095981742721526, 2.887706822030242, 2.3885015679291484, 3.597628411884696, 4.909699295272572, 4.038705912789392, 3.493307709034519, 4.579014648371416, 5.774997134198423, 6.924819770939891, 2.2793015487205723, 1.366978778182017, 0.0, 1.6284702330715166, 2.5274295460012333, 2.470218381034357, 2.6442084297573825, 3.2278682268642878, 3.164249362803128, 5.970934705722379, 6.380667833385467, 5.2222645212589525, 4.389077960118731, 5.2538395207695485, 4.073596791534478, 2.8808286811263177, 3.9022856802135846, 2.6453362773001095, 5.738069868867057, 5.197922205073869, 5.136446679368919, 4.431813124444667, 5.771118563155674, 6.198209745563633, 6.862416543026225, 7.210797417761784, 7.8335370963569195, 3.4308534739915664, 4.271824652300232, 3.091208986788179, 3.5460809720027546, 4.159903119064193, 2.8352727364400065], [6.383374960786809, 5.271910413692555, 4.455666671778759, 3.632304859176884, 3.4054089827801883, 4.599246187148498, 5.818