{"total energy": -26.29247746, "HOMO-LUMO gap/eV": 4.06942344, "electronic energy": -26.69092239, "dipole": [0.23326546, 0.35050634, 0.06771555], "partial charges": [-0.10539254, 0.00411227, -0.04705927, -0.07461493, 0.13128123, -0.39686292, -0.00283645, -0.10107013, -0.05278443, 0.04512046, 0.03915097, 0.03989579, 0.02952286, 0.02340224, 0.29469933, 0.05109751, 0.0363139, 0.05134166, 0.03468245], "atomic dipole moments": [[-0.06584927, 0.02315445, 0.00936302], [0.08057373, -0.03101461, -0.00352486], [-0.00417758, -0.00284317, 0.00097673], [-0.02614668, -0.00132004, -0.00208667], [-0.23197768, 0.07914364, -0.00479261], [0.19113628, 0.06864115, 0.01608015], [-0.07986292, -0.01631541, -0.00618366], [0.05692987, 0.05096344, 0.00838696], [-0.00785065, 0.0059366, 0.00176599], [0.03217945, -0.02838979, 0.12326425], [0.08283236, 0.08432378, -0.04980517], [0.01368561, -0.1029429, -0.07546636], [0.11216031, 0.09934252, 0.01762315], [-0.01239242, 0.14945155, 0.01491908], [0.0120792, 0.07983464, 0.00813188], [-0.07521493, 0.00222528, 0.1076672], [0.03693712, -0.1200027, -0.0123679], [-0.06763587, 0.02586409, -0.10958123], [0.0274063, -0.14887375, -0.01109211]], "atomic quadrupole moments": [[0.1567032, -0.08249292, -0.02898479, 0.01694948, 0.00153651, -0.12771841], [-0.09133164, -0.09365718, -0.30859571, -0.03383646, -0.07594049, 0.39992736], [-0.22150171, -0.00367363, -0.26134745, -0.04029762, -0.0831033, 0.48284916], [-0.18989013, -0.00373012, -0.23301536, -0.03267041, -0.06871561, 0.42290549], [0.11391294, -0.21217329, -0.38614086, -0.0299966, -0.07705805, 0.27222792], [0.09345951, -0.03625732, -0.02339224, 0.00478142, 0.00279312, -0.07006727], [-0.1807729, 0.12131791, -0.20037459, -0.01678465, -0.04997275, 0.38114749], [0.10296, 0.11997189, 0.02550644, 0.02194402, 0.02044096, -0.12846644], [-0.23151868, 0.00406939, -0.24393506, -0.03366466, -0.0626689, 0.47545375], [-0.02882266, -0.00957489, -0.04157299, 0.01959997, -0.02378221, 0.07039566], [0.00950913, 0.04494411, 0.03450467, -0.02506674, -0.03395965, -0.0440138], [-0.02479654, -7.2e-05, 0.04303138, 0.0039706, 0.06317917, -0.01823484], [0.0372386, -0.00409621, 0.02990519, 0.00451934, 0.00971015, -0.06714379], [0.02918622, -0.01263223, 0.03258227, 0.00336858, 0.00911019, -0.06176848], [-0.04305337, -0.01509923, 0.12887076, 0.00060398, 0.01992673, -0.08581739], [-0.00182688, -0.00036783, -0.03217251, -0.05876653, 0.01895957, 0.03399939], [-0.00706008, -0.04283998, 0.06425529, -0.00270845, 0.01172561, -0.05719521], [-0.00984548, -0.01117106, -0.02029196, 0.05488766, -0.03262684, 0.03013744], [0.03435488, 0.00088972, 0.03057615, 0.00468899, 0.009714, -0.06493103]], "number of molecular orbitals": 46, "number of electrons": 48, "number of unpaired electrons": 0, "orbital energies/eV": [-19.09277683, -17.50136753, -16.97958601, -16.74743095, -16.36368327, -15.9547499, -15.81722158, -15.16920342, -14.83759057, -14.31637727, -14.04292803, -13.6198459, -13.25506332, -13.22041245, -12.96566469, -12.86570814, -12.77660854, -12.50858591, -12.06233068, -11.87600704, -11.596168, -11.36540049, -10.59524519, -9.99313826, -5.92371483, -5.58743976, -2.41618967, 1.81946982, 2.5743893, 3.30564052, 3.57436405, 4.04879337, 4.68215741, 4.80396472, 5.24351201, 5.44348049, 5.76882206, 6.00906472, 6.17840074, 6.32701761, 10.39501632, 10.9366984, 11.97628053, 12.49139265, 16.82305009, 17.20636978], "fractional occupation": [2.0, 2.0, 2.0, 2.0, 2.0, 2.0, 2.0, 2.0, 2.0, 2.0, 2.0, 2.0, 2.0, 2.0, 2.0, 2.0, 2.0, 2.0, 2.0, 2.0, 2.0, 2.0, 2.0, 2.0, 0.0, 0.0, 0.0, 0.0, 0.0, 0.0, 0.0, 0.0, 0.0, 0.0, 0.0, 0.0, 0.0, 0.0, 0.0, 0.0, 0.0, 0.0, 0.0, 0.0, 0.0, 0.0], "program call": "xtb /home/svss/Project-DBcg-Debug/aqme2_20220329/End-to-End-workflows-final/example-3/QDESCP/mol_545_rdkit_conf_1/mol_545_rdkit_conf_1.xyz --pop --wbo --acc 0.2 --gfn 2 --chrg 0 --uhf 0 --etemp 300 --input /home/svss/Project-DBcg-Debug/aqme2_20220329/End-to-End-workflows-final/example-3/QDESCP/mol_545_rdkit_conf_1/mol_545_rdkit_conf_1_xtb.inp", "method": "GFN2-xTB", "xtb version": "6.3.3 (7355c4f)", "Dipole module/D": 1.084, "Total charge": 0, "Transition dipole module/D": NaN, "HOMO": -9.9931, "LUMO": -5.9237, "HOMO occupancy": 2.0, "LUMO occupancy": 0, "mulliken charges": [-0.08476, -0.00199, -0.04221, -0.09561, 0.2423, -0.52322, -0.0184, -0.07351, -0.05715, 0.03755, 0.03235, 0.03308, 0.02859, 0.02945, 0.34949, 0.04326, 0.02667, 0.04352, 0.0306], "cm5 charges": [-0.22807, -0.01948, -0.09544, -0.14753, 0.25572, -0.72169, -0.03076, -0.21536, -0.10832, 0.08925, 0.08415, 0.08487, 0.0847, 0.08752, 0.52083, 0.09657, 0.07864, 0.09694, 0.08746], "FUKUI+": [0.03, -0.053, -0.063, -0.066, -0.041, -0.054, -0.084, 0.033, -0.064, -0.053, -0.047, -0.047, -0.095, -0.093, -0.042, -0.059, -0.049, -0.058, -0.094], "FUKUI-": [0.025, -0.069, -0.043, -0.026, -0.058, -0.115, -0.053, 0.026, -0.016, -0.091, -0.063, -0.064, -0.073, -0.068, -0.057, -0.07, -0.053, -0.069, -0.064], "FUKUIrad": [0.028, -0.061, -0.053, -0.046, -0.05, -0.084, -0.069, 0.029, -0.04, -0.072, -0.055, -0.056, -0.084, -0.081, -0.05, -0.064, -0.051, -0.064, -0.079], "s proportion": [1.006, 1.081, 1.059, 1.059, 1.017, 1.692, 1.08, 1.003, 1.066, 0.962, 0.968, 0.967, 0.971, 0.971, 0.651, 0.957, 0.973, 0.956, 0.969], "p proportion": [3.078, 2.921, 2.983, 3.037, 2.741, 4.831, 2.939, 3.07, 2.991, 0.0, 0.0, 0.0, 0.0, 0.0, 0.0, 0.0, 0.0, 0.0, 0.0], "d proportion": [0.0, 0.0, 0.0, 0.0, 0.0, 0.0, 0.0, 0.0, 0.0, 0.0, 0.0, 0.0, 0.0, 0.0, 0.0, 0.0, 0.0, 0.0, 0.0], "Fermi-level/eV": -7.9584, "Coordination numbers": [3.755, 2.958, 2.916, 2.909, 2.845, 1.659, 2.959, 3.754, 2.919, 0.924, 0.924, 0.924, 0.925, 0.925, 0.804, 0.924, 0.924, 0.924, 0.925], "Dispersion coefficient C6": [22.57, 27.93, 29.168, 29.862, 25.122, 20.788, 28.094, 22.487, 29.311, 2.382, 2.46, 2.45, 2.593, 2.682, 0.737, 2.306, 2.499, 2.303, 2.521], "Total dispersion C6": 3697.812554, "Total dispersion C8": 86774.938599, "Polarizability alpha": [6.774, 8.668, 8.856, 8.961, 8.214, 6.155, 8.694, 6.762, 8.878, 2.414, 2.453, 2.448, 2.518, 2.561, 1.349, 2.375, 2.472, 2.373, 2.483], "Total polarizability alpha": 95.408304, "Wiberg matrix": [[0.0, 1.0245284887584551, 0.0, 0.0, 0.0, 0.0, 0.0, 0.0, 0.0, 0.969393301714303, 0.9828081540873642, 0.9823306919460242, 0.0, 0.0, 0.0, 0.0, 0.0, 0.0, 0.0], [1.0245284887584551, 0.0, 1.4116440200918177, 0.0, 0.0, 0.0, 0.0, 0.0, 1.4065423329761895, 0.0, 0.0, 0.0, 0.0, 0.0, 0.0, 0.0, 0.0, 0.0, 0.0], [0.0, 1.4116440200918177, 0.0, 1.4386538644755418, 0.0, 0.0, 0.10520874343244119, 0.0, 0.0, 0.0, 0.0, 0.0, 0.9703251905352962, 0.0, 0.0, 0.0, 0.0, 0.0, 0.0], [0.0, 0.0, 1.4386538644755418, 0.0, 1.3833088883079412, 0.0, 0.0, 0.0, 0.10398939462686627, 0.0, 0.0, 0.0, 0.0, 0.9661912129992748, 0.0, 0.0, 0.0, 0.0, 0.0], [0.0, 0.0, 0.0, 1.3833088883079412, 0.0, 1.0599441989616563, 1.3415819070673067, 0.0, 0.0, 0.0, 0.0, 0.0, 0.0, 0.0, 0.0, 0.0, 0.0, 0.0, 0.0], [0.0, 0.0, 0.0, 0.0, 1.0599441989616563, 0.0, 0.0, 0.0, 0.0, 0.0, 0.0, 0.0, 0.0, 0.0, 0.8916357696393538, 0.0, 0.0, 0.0, 0.0], [0.0, 0.0, 0.10520874343244119, 0.0, 1.3415819070673067, 0.0, 0.0, 1.0273600267176586, 1.4245064599013557, 0.0, 0.0, 0.0, 0.0, 0.0, 0.0, 0.0, 0.0, 0.0, 0.0], [0.0, 0.0, 0.0, 0.0, 0.0, 0.0, 1.0273600267176586, 0.0, 0.0, 0.0, 0.0, 0.0, 0.0, 0.0, 0.0, 0.9712254762937944, 0.9858429975601444, 0.9717968476845693, 0.0], [0.0, 1.4065423329761895, 0.0, 0.10398939462686627, 0.0, 0.0, 1.4245064599013557, 0.0, 0.0, 0.0, 0.0, 0.0, 0.0, 0.0, 0.0, 0.0, 0.0, 0.0, 0.967774360766431], [0.969393301714303, 0.0, 0.0, 0.0, 0.0, 0.0, 0.0, 0.0, 0.0, 0.0, 0.0, 0.0, 0.0, 0.0, 0.0, 0.0, 0.0, 0.0, 0.0], [0.9828081540873642, 0.0, 0.0, 0.0, 0.0, 0.0, 0.0, 0.0, 0.0, 0.0, 0.0, 0.0, 0.0, 0.0, 0.0, 0.0, 0.0, 0.0, 0.0], [0.9823306919460242, 0.0, 0.0, 0.0, 0.0, 0.0, 0.0, 0.0, 0.0, 0.0, 0.0, 0.0, 0.0, 0.0, 0.0, 0.0, 0.0, 0.0, 0.0], [0.0, 0.0, 0.9703251905352962, 0.0, 0.0, 0.0, 0.0, 0.0, 0.0, 0.0, 0.0, 0.0, 0.0, 0.0, 0.0, 0.0, 0.0, 0.0, 0.0], [0.0, 0.0, 0.0, 0.9661912129992748, 0.0, 0.0, 0.0, 0.0, 0.0, 0.0, 0.0, 0.0, 0.0, 0.0, 0.0, 0.0, 0.0, 0.0, 0.0], [0.0, 0.0, 0.0, 0.0, 0.0, 0.8916357696393538, 0.0, 0.0, 0.0, 0.0, 0.0, 0.0, 0.0, 0.0, 0.0, 0.0, 0.0, 0.0, 0.0], [0.0, 0.0, 0.0, 0.0, 0.0, 0.0, 0.0, 0.9712254762937944, 0.0, 0.0, 0.0, 0.0, 0.0, 0.0, 0.0, 0.0, 0.0, 0.0, 0.0], [0.0, 0.0, 0.0, 0.0, 0.0, 0.0, 0.0, 0.9858429975601444, 0.0, 0.0, 0.0, 0.0, 0.0, 0.0, 0.0, 0.0, 0.0, 0.0, 0.0], [0.0, 0.0, 0.0, 0.0, 0.0, 0.0, 0.0, 0.9717968476845693, 0.0, 0.0, 0.0, 0.0, 0.0, 0.0, 0.0, 0.0, 0.0, 0.0, 0.0], [0.0, 0.0, 0.0, 0.0, 0.0, 0.0, 0.0, 0.0, 0.967774360766431, 0.0, 0.0, 0.0, 0.0, 0.0, 0.0, 0.0, 0.0, 0.0, 0.0]], "Born radii": [], "Atomic SASAs": [], "Solvent H bonds": [], "Total SASA": NaN, "Total FOD": 0.0, "FOD": [0.0, 0.0, 0.0, 0.0, 0.0, 0.0, 0.0, 0.0, 0.0, 0.0, 0.0, 0.0, 0.0, 0.0, 0.0, 0.0, 0.0, 0.0, 0.0], "FOD s proportion": [0.0, 0.0, 0.0, 0.0, 0.0, 0.0, 0.0, 0.0, 0.0, 0.0, 0.0, 0.0, 0.0, 0.0, 0.0, 0.0, 0.0, 0.0, 0.0], "FOD p proportion": [0.0, 0.0, 0.0, 0.0, 0.0, 0.0, 0.0, 0.0, 0.0, 0.0, 0.0, 0.0, 0.0, 0.0, 0.0, 0.0, 0.0, 0.0, 0.0], "FOD d proportion": [0.0, 0.0, 0.0, 0.0, 0.0, 0.0, 0.0, 0.0, 0.0, 0.0, 0.0, 0.0, 0.0, 0.0, 0.0, 0.0, 0.0, 0.0, 0.0], "coordinates": [["2.78070", "-0.58010", "0.09880"], ["1.37630", "-0.05530", "0.04450"], ["1.12550", "1.31480", "0.17970"], ["-0.18340", "1.79890", "0.16100"], ["-1.24640", "0.90950", "0.01700"], ["-2.53280", "1.37110", "-0.00170"], ["-1.02530", "-0.46480", "-0.10620"], ["-2.17380", "-1.42000", "-0.25150"], ["0.29480", "-0.93840", "-0.08500"], ["3.05080", "-0.81960", "1.13180"], ["3.48950", "0.15850", "-0.29020"], ["2.88410", "-1.48230", "-0.51330"], ["1.95010", "2.01380", "0.30000"], ["-0.35260", "2.86610", "0.26280"], ["-2.51580", "2.33710", "0.09130"], ["-2.82030", "-1.37210", "0.63060"], ["-1.82620", "-2.45340", "-0.35420"], ["-2.75900", "-1.17720", "-1.14440"], ["0.48370", "-2.00680", "-0.17110"]], "bond_dist": [[0.0, 1.5002342783712148, 2.517315605958061, 3.801236463310327, 4.294546985422327, 5.661321748496547, 3.81326042777044, 5.0373814973654705, 2.518305013297635, 1.0942592288850024, 1.0951020043813269, 1.0951359778584575, 2.7310611509081957, 4.660553543303628, 6.046736668650289, 5.681661397865945, 4.993795099921501, 5.708795909821965, 2.7174487851659688], [1.5002342783712148, 0.0, 1.3994119086244763, 2.4257563727629368, 2.7946646632467376, 4.161467795141517, 2.440918536125284, 3.814869866718916, 1.4022403895195716, 2.1378320864838756, 2.150197379311955, 2.149635010879754, 2.1623370458834574, 3.401665483259634, 4.568830310922042, 4.437220640220633, 4.020677996308583, 4.446667168790576, 2.156749955372667], [2.517315605958061, 1.3994119086244763, 0.0, 1.3956796588042688, 2.411772997195217, 3.663227339382583, 2.8061816780101747, 4.307022750114051, 2.415996444533808, 3.0280254061021354, 2.6732623702135934, 3.375898601854031, 1.0876756180038236, 2.1443453336624674, 3.7831174367180305, 4.795005741393852, 4.816317404407646, 4.801317013070476, 3.4011754497526296], [3.801236463310327, 2.4257563727629368, 1.3956796588042688, 0.0, 1.3934623640414547, 2.3935673146999648, 2.4299236901598373, 3.8069890491042915, 2.7896240839941138, 4.27306032370244, 4.047800391570711, 4.542082141485334, 2.1487962351046686, 1.085314571909914, 2.394703967090713, 4.150783874161602, 4.587622278479343, 4.146680085321268, 3.8779718036623216], [4.294546985422327, 2.7946646632467376, 2.411772997195217, 1.3934623640414547, 0.0, 1.3668391309879886, 1.397413303214192, 2.5216528825355797, 2.4084094024895353, 4.764293619205264, 4.80490599803992, 4.802390610935349, 3.3936970607289036, 2.165081901453153, 1.911789373858951, 2.838902028954152, 3.4326453195749775, 2.8268579041048385, 3.396090886592996], [5.661321748496547, 4.161467795141517, 3.663227339382583, 2.3935673146999648, 1.3668391309879886, 0.0, 2.377815238827441, 2.8251584468839974, 3.6518558158832066, 6.104144305306027, 6.1499372598425746, 6.1438124751655625, 4.538775009845718, 2.6567380920971493, 0.9706152687857327, 2.8297713299841027, 3.9051683779319935, 2.8019212372941538, 4.531906554641214], [3.81326042777044, 2.440918536125284, 2.8061816780101747, 2.4299236901598373, 1.397413303214192, 2.377815238827441, 0.0, 1.5008568819177928, 1.4026440781609568, 4.27470680281116, 4.56133510389228, 4.060104065168773, 3.893772150498793, 3.4181253780398397, 3.1798176221286654, 2.1419833169284956, 2.1581183401287336, 2.1426825919860364, 2.15848488760056], [5.0373814973654705, 3.814869866718916, 4.307022750114051, 3.8069890491042915, 2.5216528825355797, 2.8251584468839974, 1.5008568819177928, 0.0, 2.520644118077758, 5.437871293989956, 5.879296457060147, 5.065054090530524, 5.394597844140006, 4.6852883731954, 3.788175847291147, 1.0946949666459602, 1.0951203632478028, 1.094843043545512, 2.7227017188814493], [2.518305013297635, 1.4022403895195716, 2.415996444533808, 2.7896240839941138, 2.4084094024895353, 3.6518558158832066, 1.4026440781609568, 2.520644118077758, 0.0, 3.0150044245407006, 3.3839924261144554, 2.6802504715044826, 3.4064245081903692, 3.874830557585712, 4.319659049045422, 3.2255274080373275, 2.6203691800965756, 3.241149215941778, 1.0883818171946829], [1.0942592288850024, 2.1378320864838756, 3.0280254061021354, 4.27306032370244, 4.764293619205264, 6.104144305306027, 4.27470680281116, 5.437871293989956, 3.0150044245407006, 0.0, 1.780792323658208, 1.7813798556175489, 3.1514420968819974, 5.091431728895126, 6.483396540394549, 5.918299831877395, 5.353748914545769, 6.25001921917045, 3.1139997848426386], [1.0951020043813269, 2.150197379311955, 2.6732623702135934, 4.047800391570711, 4.80490599803992, 6.1499372598425746, 4.56133510389228, 5.879296457060147, 3.3839924261144554, 1.780792323658208, 0.0, 1.7630959729974998, 2.4819803564895513, 4.7327200603881066, 6.3996459511444845, 6.557757622846395, 5.923072184263837, 6.4465110238019445, 3.7064190993464297], [1.0951359778584575, 2.149635010879754, 3.375898601854031, 4.542082141485334, 4.802390610935349, 6.1438124751655625, 4.060104065168773, 5.065054090530524, 2.6802504715044826, 1.7813798556175489, 1.7630959729974998, 0.0, 3.7089793879179216, 5.476051557463644, 6.641707425805507, 5.819005981265185, 4.81199273794132, 5.686470858977474, 2.4807501385669624], [2.7310611509081957, 2.1623370458834574, 1.0876756180038236, 2.1487962351046686, 3.3936970607289036, 4.538775009845718, 3.893772150498793, 5.394597844140006, 3.4064245081903692, 3.1514420968819974, 2.4819803564895513, 3.7089793879179216, 0.0, 2.4556519338049516, 4.482448146939348, 5.859209104478181, 5.885940466059778, 5.868934755984257, 4.305518381101166], [4.660553543303628, 3.401665483259634, 2.1443453336624674, 1.085314571909914, 2.165081901453153, 2.6567380920971493, 3.4181253780398397, 4.6852883731954, 3.874830557585712, 5.091431728895126, 4.7327200603881066, 5.476051557463644, 2.4556519338049516, 0.0, 2.233536990962988, 4.918044262712567, 5.554211574112027, 4.911135071447333, 4.963146311564873], [6.046736668650289, 4.568830310922042, 3.7831174367180305, 2.394703967090713, 1.911789373858951, 0.9706152687857327, 3.1798176221286654, 3.788175847291147, 4.319659049045422, 6.483396540394549, 6.3996459511444845, 6.641707425805507, 4.482448146939348, 2.233536990962988, 0.0, 3.760549079589309, 4.860340385199374, 3.733149504105079, 5.285387518432304], [5.681661397865945, 4.437220640220633, 4.795005741393852, 4.150783874161602, 2.838902028954152, 2.8297713299841027, 2.1419833169284956, 1.0946949666459602, 3.2255274080373275, 5.918299831877395, 6.557757622846395, 5.819005981265185, 5.859209104478181, 4.918044262712567, 3.760549079589309, 0.0, 1.7684104557483253, 1.7867200955941591, 3.4586099780113977], [4.993795099921501, 4.020677996308583, 4.816317404407646, 4.587622278479343, 3.4326453195749775, 3.9051683779319935, 2.1581183401287336, 1.0951203632478028, 2.6203691800965756, 5.353748914545769, 5.923072184263837, 4.81199273794132, 5.885940466059778, 5.554211574112027, 4.860340385199374, 1.7684104557483253, 0.0, 1.7672629459138216, 2.35979134247077], [5.708795909821965, 4.446667168790576, 4.801317013070476, 4.146680085321268, 2.8268579041048385, 2.8019212372941538, 2.1426825919860364, 1.094843043545512, 3.241149215941778, 6.25001921917045, 6.4465110238019445, 5.686470858977474, 5.868934755984257, 4.911135071447333, 3.733149504105079, 1.7867200955941591, 1.7672629459138216, 0.0, 3.4857785844772184], [2.7174487851659688, 2.156749955372667, 3.4011754497526296, 3.8779718036623216, 3.396090886592996, 4.531906554641214, 2.15848488760056, 2.7227017188814493, 1.0883818171946829, 3.1139997848426386, 3.7064190993464297, 2.4807501385669624, 4.305518381101166, 4.963146311564873, 5.285387518432304, 3.4586099780113977, 2.35979134247077, 3.4857785844772184, 0.0]]}