{"total energy": -49.86031158, "HOMO-LUMO gap/eV": 3.69298659, "electronic energy": -50.47115544, "dipole": [0.41550758, -1.17265122, 0.00151877], "partial charges": [0.03543104, -0.25954802, 0.32881091, -0.34505051, 0.25950281, -0.19635429, 0.05257496, -0.11049074, -0.1161549, -0.36000544, 0.26033521, -0.19815671, 0.0532581, -0.10994964, -0.116067, -0.35656348, 0.0559817, 0.05566753, 0.06249468, 0.18652739, 0.06410712, 0.042849, 0.0357174, 0.03891938, 0.04263289, 0.04915302, 0.04474407, 0.1830535, 0.06395969, 0.04323417, 0.03577287, 0.03749842, 0.04201738, 0.04509493, 0.04900257], "atomic dipole moments": [[-0.25636282, -0.07925044, 0.00412712], [0.16136232, -0.10015182, -0.13180908], [0.06023195, 0.10468962, 0.07254083], [0.18336325, -0.14620577, -0.16060919], [-0.01578671, 0.01185188, 0.00838444], [0.06431121, -0.11666602, 0.08074759], [0.00525291, 0.12554368, 0.09506275], [-0.01466741, 0.06343276, -0.09055211], [0.12338665, -0.00490892, 0.0294751], [0.09572467, 0.22863333, 0.15504682], [0.01937877, -0.00053137, -0.00819411], [0.02355788, -0.04692489, 0.14810492], [-0.13828048, -0.06032052, -0.04018218], [-0.00206102, 0.07289523, -0.08319976], [-0.06751929, 0.04375758, 0.09729982], [-0.27983245, -0.06249047, -0.01804234], [0.07147675, -0.09568204, 0.04461846], [0.02600528, 0.03916697, -0.11985262], [0.02629726, 0.09600891, 0.0715405], [-0.02741268, 0.06472407, 0.11182061], [0.05396282, -0.06363087, -0.10467524], [-0.04224783, -0.11832938, -0.01300095], [0.12433021, -0.0111218, 0.0306155], [-0.05513595, 0.04651136, 0.10506297], [-0.07214677, 0.05205828, 0.09099593], [-0.02392756, 0.06927343, -0.10529383], [-0.04626875, -0.11664582, -0.0209982], [-0.0844528, -0.09900045, -0.01746187], [0.06861317, 0.10885817, 0.03836224], [0.11661834, -0.02709146, 0.0416694], [-0.0641986, 0.04299478, 0.10286193], [-0.05482361, -0.11115855, -0.027871], [-0.04495091, -0.10867812, -0.04825336], [0.12057917, -0.02248915, 0.03487649], [0.00419999, 0.08123548, -0.09917921]], "atomic quadrupole moments": [[0.46247879, 0.20310976, -0.19768354, -0.04337295, 0.02862894, -0.26479525], [0.09598442, 0.04954344, -0.03616561, -0.00608713, 0.0365007, -0.0598188], [-0.36693386, 0.09539133, 0.17181164, 0.17652617, -0.18898269, 0.19512222], [-0.07623827, 0.02107828, 0.02798356, 0.05945431, -0.13399835, 0.04825471], [-0.12231996, 0.00978836, 0.01429902, 0.07516839, -0.36410247, 0.10802094], [0.03871326, 0.06987647, 0.0540114, 0.02713058, -0.01460899, -0.09272466], [0.02896159, 0.13003611, 0.11916821, 0.12519731, -0.0615523, -0.14812979], [-0.10300084, -0.01809013, -0.00428102, 0.05300951, -0.1590048, 0.10728186], [0.23415188, 0.00089948, -0.11760052, 0.08251496, -0.00549291, -0.11655136], [-0.05137584, -0.03947333, -0.0118655, 0.00413753, -0.13791705, 0.06324135], [-0.2353196, -0.13764223, 0.05535349, 0.00311517, -0.29896969, 0.1799661], [0.07635204, -0.08521775, -0.06201309, 0.00093032, 0.00377058, -0.01433895], [0.15384264, -0.15120288, -0.17484013, -0.01484548, -0.0672914, 0.02099749], [-0.10345211, -0.007909, 0.02127851, -0.00572925, -0.17386111, 0.0821736], [-0.00681682, -0.08422504, -0.08089821, -0.15321207, 0.10086166, 0.08771503], [-0.11876129, -0.01867269, 0.04079743, 0.01906376, -0.11135093, 0.07796385], [0.01016614, -0.02949487, 0.03521525, 0.00993024, -0.02690527, -0.0453814], [-0.0067827, 0.01361748, -0.04907199, -0.00757237, -0.01819071, 0.05585469], [-0.02653956, 0.01357896, 0.02948703, 0.00277644, 0.06838352, -0.00294748], [0.03220966, -0.00613623, -0.01073336, -0.0523563, 0.0335187, -0.0214763], [0.0116445, -0.00751475, -0.01687623, -0.01649535, 0.0023088, 0.00523173], [-0.03050144, 0.04604699, 0.06284669, 0.01720309, 0.01928711, -0.03234525], [0.07993455, 0.00240187, -0.04770122, 0.01218598, -0.00663884, -0.03223333], [-0.01263829, -0.03890514, -0.01250817, -0.04352504, 0.03942271, 0.02514647], [-0.01333704, -0.02348101, -0.02845694, -0.03744044, 0.04457047, 0.04179398], [-0.02898865, -0.00533906, -0.01162287, 0.0048433, -0.06022873, 0.04061152], [-0.02449616, 0.02899238, 0.07422072, 0.0082106, 0.01697964, -0.04972456], [-0.00748438, 0.00018202, 0.03713803, 0.01371899, 0.0591883, -0.02965365], [-0.01697957, 0.00242335, 0.02048426, -0.00355475, 0.01314555, -0.0035047], [0.07655764, -0.01749119, -0.04352234, 0.02713492, -0.01415364, -0.0330353], [-0.01362558, -0.03153609, -0.00666386, -0.04985303, 0.03516506, 0.02028944], [-0.02591665, 0.04882457, 0.04042345, 0.02265145, 0.03684518, -0.01450679], [-0.01493638, 0.05252595, 0.04638453, 0.00615571, 0.02918275, -0.03144815], [0.06381271, -0.02084265, -0.046906, 0.04147731, -0.00093278, -0.01690671], [-0.04767597, -0.00800045, 0.02482333, -0.00357693, -0.05670767, 0.02285264]], "number of molecular orbitals": 83, "number of electrons": 90, "number of unpaired electrons": 0, "orbital energies/eV": [-19.36863676, -18.55903972, -18.01753249, -17.91798209, -17.68848984, -17.55840695, -17.34753715, -16.9605296, -16.84322727, -16.38818898, -16.31989849, -16.27186369, -16.10162626, -15.86986719, -15.53449984, -15.40937532, -15.25227779, -15.03558217, -14.55474442, -14.52940992, -14.38231157, -14.05058928, -14.01521989, -13.81538148, -13.73943223, -13.5455603, -13.4032318, -13.3386622, -12.92278488, -12.84751192, -12.79992394, -12.70679175, -12.65837626, -12.57491489, -12.49487414, -12.31833855, -12.19753, -12.09484253, -11.9971509, -11.93269743, -11.30029416, -10.54117619, -10.49405951, -10.0692061, -10.01638656, -6.32339997, -6.18585682, -2.9611901, 0.30562583, 0.73401797, 1.19476684, 2.08258535, 2.29317621, 2.64122241, 2.98470501, 3.06469524, 3.11574858, 3.17747282, 3.92826637, 3.98313183, 4.10482637, 4.42188042, 4.56444215, 4.99735978, 5.03887339, 5.06524426, 5.31118377, 5.62213649, 5.63862308, 5.72899823, 6.04024445, 6.39551102, 6.4635018, 6.71639297, 6.83238634, 7.02979823, 7.3294563, 7.91468268, 8.35445921, 11.8481764, 12.39922403, 13.14020526, 17.75611249], "fractional occupation": [2.0, 2.0, 2.0, 2.0, 2.0, 2.0, 2.0, 2.0, 2.0, 2.0, 2.0, 2.0, 2.0, 2.0, 2.0, 2.0, 2.0, 2.0, 2.0, 2.0, 2.0, 2.0, 2.0, 2.0, 2.0, 2.0, 2.0, 2.0, 2.0, 2.0, 2.0, 2.0, 2.0, 2.0, 2.0, 2.0, 2.0, 2.0, 2.0, 2.0, 2.0, 2.0, 2.0, 2.0, 2.0, 0.0, 0.0, 0.0, 0.0, 0.0, 0.0, 0.0, 0.0, 0.0, 0.0, 0.0, 0.0, 0.0, 0.0, 0.0, 0.0, 0.0, 0.0, 0.0, 0.0, 0.0, 0.0, 0.0, 0.0, 0.0, 0.0, 0.0, 0.0, 0.0, 0.0, 0.0, 0.0, 0.0, 0.0, 0.0, 0.0, 0.0, 0.0], "program call": "xtb /home/svss/Project-DBcg-Debug/aqme2_20220329/End-to-End-workflows-final/example-3/QDESCP/mol_384_rdkit_conf_5/mol_384_rdkit_conf_5.xyz --pop --wbo --acc 0.2 --gfn 2 --chrg 0 --uhf 0 --etemp 300 --input /home/svss/Project-DBcg-Debug/aqme2_20220329/End-to-End-workflows-final/example-3/QDESCP/mol_384_rdkit_conf_5/mol_384_rdkit_conf_5_xtb.inp", "method": "GFN2-xTB", "xtb version": "6.3.3 (7355c4f)", "Dipole module/D": 3.162, "Total charge": 0, "Transition dipole module/D": NaN, "HOMO": -10.0164, "LUMO": -6.3234, "HOMO occupancy": 2.0, "LUMO occupancy": 0, "mulliken charges": [0.17473, -0.40937, 0.53183, -0.42341, 0.43947, -0.35752, 0.13556, -0.10485, -0.09988, -0.44904, 0.44237, -0.3594, 0.13556, -0.10509, -0.09992, -0.44526, 0.0271, 0.02975, 0.03263, 0.22075, 0.0326, 0.03136, 0.03878, 0.03104, 0.03043, 0.03811, 0.03014, 0.2178, 0.03282, 0.03232, 0.04032, 0.02954, 0.02997, 0.03071, 0.03804], "cm5 charges": [0.0585, -0.48087, 0.71216, -0.59553, 0.65744, -0.6968, 0.1238, -0.24693, -0.24207, -0.62505, 0.66033, -0.69881, 0.1237, -0.24719, -0.24212, -0.62671, 0.08958, 0.092, 0.09193, 0.42255, 0.10412, 0.08321, 0.09406, 0.0851, 0.0844, 0.09176, 0.08191, 0.41972, 0.10435, 0.08416, 0.09558, 0.0836, 0.08394, 0.08248, 0.09169], "FUKUI+": [0.028, -0.074, -0.063, -0.099, -0.049, -0.055, 0.008, 0.013, 0.013, -0.1, -0.053, -0.055, 0.008, 0.013, 0.013, -0.098, -0.029, -0.028, -0.049, -0.043, -0.015, -0.034, 0.003, -0.019, -0.019, -0.016, -0.028, -0.043, -0.016, -0.034, 0.003, -0.019, -0.019, -0.029, -0.016], "FUKUI-": [0.021, -0.06, -0.003, -0.107, 0.001, -0.072, 0.002, 0.006, 0.013, -0.09, 0.001, -0.068, 0.003, 0.006, 0.012, -0.099, -0.023, -0.024, -0.04, -0.041, -0.029, -0.04, -0.013, -0.028, -0.031, -0.03, -0.035, -0.037, -0.028, -0.039, -0.012, -0.024, -0.028, -0.034, -0.028], "FUKUIrad": [0.024, -0.067, -0.033, -0.103, -0.024, -0.064, 0.005, 0.009, 0.013, -0.095, -0.026, -0.062, 0.005, 0.01, 0.012, -0.098, -0.026, -0.026, -0.045, -0.042, -0.022, -0.037, -0.005, -0.023, -0.025, -0.023, -0.032, -0.04, -0.022, -0.036, -0.005, -0.022, -0.023, -0.032, -0.022], "s proportion": [0.97, 1.691, 0.959, 1.528, 0.978, 1.451, 1.028, 1.018, 1.016, 1.53, 0.976, 1.451, 1.028, 1.018, 1.016, 1.531, 0.973, 0.97, 0.967, 0.779, 0.967, 0.969, 0.961, 0.969, 0.97, 0.962, 0.97, 0.782, 0.967, 0.968, 0.96, 0.97, 0.97, 0.969, 0.962], "p proportion": [2.855, 4.718, 2.51, 3.895, 2.583, 3.907, 2.837, 3.087, 3.084, 3.919, 2.582, 3.909, 2.836, 3.087, 3.084, 3.914, 0.0, 0.0, 0.0, 0.0, 0.0, 0.0, 0.0, 0.0, 0.0, 0.0, 0.0, 0.0, 0.0, 0.0, 0.0, 0.0, 0.0, 0.0, 0.0], "d proportion": [0.0, 0.0, 0.0, 0.0, 0.0, 0.0, 0.0, 0.0, 0.0, 0.0, 0.0, 0.0, 0.0, 0.0, 0.0, 0.0, 0.0, 0.0, 0.0, 0.0, 0.0, 0.0, 0.0, 0.0, 0.0, 0.0, 0.0, 0.0, 0.0, 0.0, 0.0, 0.0, 0.0, 0.0, 0.0], "Fermi-level/eV": -8.1699, "Coordination numbers": [3.656, 1.703, 2.931, 1.846, 2.94, 2.702, 3.791, 3.752, 3.755, 1.85, 2.938, 2.701, 3.791, 3.752, 3.755, 1.836, 0.924, 0.924, 0.924, 0.86, 0.924, 0.924, 0.924, 0.924, 0.924, 0.924, 0.924, 0.86, 0.924, 0.924, 0.924, 0.924, 0.924, 0.924, 0.924], "Dispersion coefficient C6": [20.266, 18.301, 21.429, 29.817, 22.645, 25.262, 19.705, 22.673, 22.78, 30.226, 22.63, 25.302, 19.693, 22.662, 22.779, 30.129, 2.247, 2.251, 2.17, 1.177, 2.152, 2.411, 2.507, 2.463, 2.414, 2.331, 2.387, 1.197, 2.153, 2.406, 2.506, 2.483, 2.422, 2.382, 2.333], "Total dispersion C6": 11118.64189, "Total dispersion C8": 241783.758249, "Polarizability alpha": [6.462, 5.776, 7.592, 8.093, 7.805, 7.465, 6.322, 6.79, 6.806, 8.148, 7.802, 7.471, 6.32, 6.789, 6.805, 8.134, 2.344, 2.346, 2.304, 1.7, 2.294, 2.428, 2.476, 2.454, 2.43, 2.387, 2.416, 1.714, 2.295, 2.426, 2.476, 2.464, 2.434, 2.414, 2.388], "Total polarizability alpha": 158.768229, "Wiberg matrix": [[0.0, 0.9730307411117621, 0.0, 0.0, 0.0, 0.0, 0.0, 0.0, 0.0, 0.0, 0.0, 0.0, 0.0, 0.0, 0.0, 0.0, 0.9776273936653482, 0.9781017284900786, 0.980489444867942, 0.0, 0.0, 0.0, 0.0, 0.0, 0.0, 0.0, 0.0, 0.0, 0.0, 0.0, 0.0, 0.0, 0.0, 0.0, 0.0], [0.9730307411117621, 0.0, 1.0873806341392414, 0.0, 0.0, 0.0, 0.0, 0.0, 0.0, 0.0, 0.0, 0.0, 0.0, 0.0, 0.0, 0.0, 0.0, 0.0, 0.0, 0.0, 0.0, 0.0, 0.0, 0.0, 0.0, 0.0, 0.0, 0.0, 0.0, 0.0, 0.0, 0.0, 0.0, 0.0, 0.0], [0.0, 1.0873806341392414, 0.0, 1.3587187153311584, 0.0, 0.0, 0.0, 0.0, 0.0, 0.0, 0.0, 0.0, 0.0, 0.0, 0.0, 1.3519637364300472, 0.0, 0.0, 0.0, 0.0, 0.0, 0.0, 0.0, 0.0, 0.0, 0.0, 0.0, 0.0, 0.0, 0.0, 0.0, 0.0, 0.0, 0.0, 0.0], [0.0, 0.0, 1.3587187153311584, 0.0, 1.316042001272545, 0.0, 0.0, 0.0, 0.0, 0.0, 0.0, 0.0, 0.0, 0.0, 0.0, 0.0, 0.0, 0.0, 0.0, 0.0, 0.0, 0.0, 0.0, 0.0, 0.0, 0.0, 0.0, 0.0, 0.0, 0.0, 0.0, 0.0, 0.0, 0.0, 0.0], [0.0, 0.0, 0.0, 1.316042001272545, 0.0, 1.191163000566749, 0.0, 0.0, 0.0, 1.3299320528387577, 0.0, 0.0, 0.0, 0.0, 0.0, 0.0, 0.0, 0.0, 0.0, 0.0, 0.0, 0.0, 0.0, 0.0, 0.0, 0.0, 0.0, 0.0, 0.0, 0.0, 0.0, 0.0, 0.0, 0.0, 0.0], [0.0, 0.0, 0.0, 0.0, 1.191163000566749, 0.0, 0.9797225947711496, 0.0, 0.0, 0.0, 0.0, 0.0, 0.0, 0.0, 0.0, 0.0, 0.0, 0.0, 0.0, 0.9314370824007887, 0.0, 0.0, 0.0, 0.0, 0.0, 0.0, 0.0, 0.0, 0.0, 0.0, 0.0, 0.0, 0.0, 0.0, 0.0], [0.0, 0.0, 0.0, 0.0, 0.0, 0.9797225947711496, 0.0, 0.998927950609724, 1.005238282123435, 0.0, 0.0, 0.0, 0.0, 0.0, 0.0, 0.0, 0.0, 0.0, 0.0, 0.0, 0.9611209809263543, 0.0, 0.0, 0.0, 0.0, 0.0, 0.0, 0.0, 0.0, 0.0, 0.0, 0.0, 0.0, 0.0, 0.0], [0.0, 0.0, 0.0, 0.0, 0.0, 0.0, 0.998927950609724, 0.0, 0.0, 0.0, 0.0, 0.0, 0.0, 0.0, 0.0, 0.0, 0.0, 0.0, 0.0, 0.0, 0.0, 0.9843837091732729, 0.985922246914783, 0.9854772249141006, 0.0, 0.0, 0.0, 0.0, 0.0, 0.0, 0.0, 0.0, 0.0, 0.0, 0.0], [0.0, 0.0, 0.0, 0.0, 0.0, 0.0, 1.005238282123435, 0.0, 0.0, 0.0, 0.0, 0.0, 0.0, 0.0, 0.0, 0.0, 0.0, 0.0, 0.0, 0.0, 0.0, 0.0, 0.0, 0.0, 0.9857602826026375, 0.9857211259747711, 0.9852737378633748, 0.0, 0.0, 0.0, 0.0, 0.0, 0.0, 0.0, 0.0], [0.0, 0.0, 0.0, 0.0, 1.3299320528387577, 0.0, 0.0, 0.0, 0.0, 0.0, 1.3355734120863305, 0.0, 0.0, 0.0, 0.0, 0.0, 0.0, 0.0, 0.0, 0.0, 0.0, 0.0, 0.0, 0.0, 0.0, 0.0, 0.0, 0.0, 0.0, 0.0, 0.0, 0.0, 0.0, 0.0, 0.0], [0.0, 0.0, 0.0, 0.0, 0.0, 0.0, 0.0, 0.0, 0.0, 1.3355734120863305, 0.0, 1.1878975961047638, 0.0, 0.0, 0.0, 1.3132337095523683, 0.0, 0.0, 0.0, 0.0, 0.0, 0.0, 0.0, 0.0, 0.0, 0.0, 0.0, 0.0, 0.0, 0.0, 0.0, 0.0, 0.0, 0.0, 0.0], [0.0, 0.0, 0.0, 0.0, 0.0, 0.0, 0.0, 0.0, 0.0, 0.0, 1.1878975961047638, 0.0, 0.979101179240509, 0.0, 0.0, 0.0, 0.0, 0.0, 0.0, 0.0, 0.0, 0.0, 0.0, 0.0, 0.0, 0.0, 0.0, 0.9328425451548062, 0.0, 0.0, 0.0, 0.0, 0.0, 0.0, 0.0], [0.0, 0.0, 0.0, 0.0, 0.0, 0.0, 0.0, 0.0, 0.0, 0.0, 0.0, 0.979101179240509, 0.0, 0.9991228973980536, 1.0052928994368222, 0.0, 0.0, 0.0, 0.0, 0.0, 0.0, 0.0, 0.0, 0.0, 0.0, 0.0, 0.0, 0.0, 0.9611556645591762, 0.0, 0.0, 0.0, 0.0, 0.0, 0.0], [0.0, 0.0, 0.0, 0.0, 0.0, 0.0, 0.0, 0.0, 0.0, 0.0, 0.0, 0.0, 0.9991228973980536, 0.0, 0.0, 0.0, 0.0, 0.0, 0.0, 0.0, 0.0, 0.0, 0.0, 0.0, 0.0, 0.0, 0.0, 0.0, 0.0, 0.9843186586043802, 0.9859085721692852, 0.985543184136504, 0.0, 0.0, 0.0], [0.0, 0.0, 0.0, 0.0, 0.0, 0.0, 0.0, 0.0, 0.0, 0.0, 0.0, 0.0, 1.0052928994368222, 0.0, 0.0, 0.0, 0.0, 0.0, 0.0, 0.0, 0.0, 0.0, 0.0, 0.0, 0.0, 0.0, 0.0, 0.0, 0.0, 0.0, 0.0, 0.0, 0.9857931445406327, 0.9852033930199227, 0.9857235104027895], [0.0, 0.0, 1.3519637364300472, 0.0, 0.0, 0.0, 0.0, 0.0, 0.0, 0.0, 1.3132337095523683, 0.0, 0.0, 0.0, 0.0, 0.0, 0.0, 0.0, 0.0, 0.0, 0.0, 0.0, 0.0, 0.0, 0.0, 0.0, 0.0, 0.0, 0.0, 0.0, 0.0, 0.0, 0.0, 0.0, 0.0], [0.9776273936653482, 0.0, 0.0, 0.0, 0.0, 0.0, 0.0, 0.0, 0.0, 0.0, 0.0, 0.0, 0.0, 0.0, 0.0, 0.0, 0.0, 0.0, 0.0, 0.0, 0.0, 0.0, 0.0, 0.0, 0.0, 0.0, 0.0, 0.0, 0.0, 0.0, 0.0, 0.0, 0.0, 0.0, 0.0], [0.9781017284900786, 0.0, 0.0, 0.0, 0.0, 0.0, 0.0, 0.0, 0.0, 0.0, 0.0, 0.0, 0.0, 0.0, 0.0, 0.0, 0.0, 0.0, 0.0, 0.0, 0.0, 0.0, 0.0, 0.0, 0.0, 0.0, 0.0, 0.0, 0.0, 0.0, 0.0, 0.0, 0.0, 0.0, 0.0], [0.980489444867942, 0.0, 0.0, 0.0, 0.0, 0.0, 0.0, 0.0, 0.0, 0.0, 0.0, 0.0, 0.0, 0.0, 0.0, 0.0, 0.0, 0.0, 0.0, 0.0, 0.0, 0.0, 0.0, 0.0, 0.0, 0.0, 0.0, 0.0, 0.0, 0.0, 0.0, 0.0, 0.0, 0.0, 0.0], [0.0, 0.0, 0.0, 0.0, 0.0, 0.9314370824007887, 0.0, 0.0, 0.0, 0.0, 0.0, 0.0, 0.0, 0.0, 0.0, 0.0, 0.0, 0.0, 0.0, 0.0, 0.0, 0.0, 0.0, 0.0, 0.0, 0.0, 0.0, 0.0, 0.0, 0.0, 0.0, 0.0, 0.0, 0.0, 0.0], [0.0, 0.0, 0.0, 0.0, 0.0, 0.0, 0.9611209809263543, 0.0, 0.0, 0.0, 0.0, 0.0, 0.0, 0.0, 0.0, 0.0, 0.0, 0.0, 0.0, 0.0, 0.0, 0.0, 0.0, 0.0, 0.0, 0.0, 0.0, 0.0, 0.0, 0.0, 0.0, 0.0, 0.0, 0.0, 0.0], [0.0, 0.0, 0.0, 0.0, 0.0, 0.0, 0.0, 0.9843837091732729, 0.0, 0.0, 0.0, 0.0, 0.0, 0.0, 0.0, 0.0, 0.0, 0.0, 0.0, 0.0, 0.0, 0.0, 0.0, 0.0, 0.0, 0.0, 0.0, 0.0, 0.0, 0.0, 0.0, 0.0, 0.0, 0.0, 0.0], [0.0, 0.0, 0.0, 0.0, 0.0, 0.0, 0.0, 0.985922246914783, 0.0, 0.0, 0.0, 0.0, 0.0, 0.0, 0.0, 0.0, 0.0, 0.0, 0.0, 0.0, 0.0, 0.0, 0.0, 0.0, 0.0, 0.0, 0.0, 0.0, 0.0, 0.0, 0.0, 0.0, 0.0, 0.0, 0.0], [0.0, 0.0, 0.0, 0.0, 0.0, 0.0, 0.0, 0.9854772249141006, 0.0, 0.0, 0.0, 0.0, 0.0, 0.0, 0.0, 0.0, 0.0, 0.0, 0.0, 0.0, 0.0, 0.0, 0.0, 0.0, 0.0, 0.0, 0.0, 0.0, 0.0, 0.0, 0.0, 0.0, 0.0, 0.0, 0.0], [0.0, 0.0, 0.0, 0.0, 0.0, 0.0, 0.0, 0.0, 0.9857602826026375, 0.0, 0.0, 0.0, 0.0, 0.0, 0.0, 0.0, 0.0, 0.0, 0.0, 0.0, 0.0, 0.0, 0.0, 0.0, 0.0, 0.0, 0.0, 0.0, 0.0, 0.0, 0.0, 0.0, 0.0, 0.0, 0.0], [0.0, 0.0, 0.0, 0.0, 0.0, 0.0, 0.0, 0.0, 0.9857211259747711, 0.0, 0.0, 0.0, 0.0, 0.0, 0.0, 0.0, 0.0, 0.0, 0.0, 0.0, 0.0, 0.0, 0.0, 0.0, 0.0, 0.0, 0.0, 0.0, 0.0, 0.0, 0.0, 0.0, 0.0, 0.0, 0.0], [0.0, 0.0, 0.0, 0.0, 0.0, 0.0, 0.0, 0.0, 0.9852737378633748, 0.0, 0.0, 0.0, 0.0, 0.0, 0.0, 0.0, 0.0, 0.0, 0.0, 0.0, 0.0, 0.0, 0.0, 0.0, 0.0, 0.0, 0.0, 0.0, 0.0, 0.0, 0.0, 0.0, 0.0, 0.0, 0.0], [0.0, 0.0, 0.0, 0.0, 0.0, 0.0, 0.0, 0.0, 0.0, 0.0, 0.0, 0.9328425451548062, 0.0, 0.0, 0.0, 0.0, 0.0, 0.0, 0.0, 0.0, 0.0, 0.0, 0.0, 0.0, 0.0, 0.0, 0.0, 0.0, 0.0, 0.0, 0.0, 0.0, 0.0, 0.0, 0.0], [0.0, 0.0, 0.0, 0.0, 0.0, 0.0, 0.0, 0.0, 0.0, 0.0, 0.0, 0.0, 0.9611556645591762, 0.0, 0.0, 0.0, 0.0, 0.0, 0.0, 0.0, 0.0, 0.0, 0.0, 0.0, 0.0, 0.0, 0.0, 0.0, 0.0, 0.0, 0.0, 0.0, 0.0, 0.0, 0.0], [0.0, 0.0, 0.0, 0.0, 0.0, 0.0, 0.0, 0.0, 0.0, 0.0, 0.0, 0.0, 0.0, 0.9843186586043802, 0.0, 0.0, 0.0, 0.0, 0.0, 0.0, 0.0, 0.0, 0.0, 0.0, 0.0, 0.0, 0.0, 0.0, 0.0, 0.0, 0.0, 0.0, 0.0, 0.0, 0.0], [0.0, 0.0, 0.0, 0.0, 0.0, 0.0, 0.0, 0.0, 0.0, 0.0, 0.0, 0.0, 0.0, 0.9859085721692852, 0.0, 0.0, 0.0, 0.0, 0.0, 0.0, 0.0, 0.0, 0.0, 0.0, 0.0, 0.0, 0.0, 0.0, 0.0, 0.0, 0.0, 0.0, 0.0, 0.0, 0.0], [0.0, 0.0, 0.0, 0.0, 0.0, 0.0, 0.0, 0.0, 0.0, 0.0, 0.0, 0.0, 0.0, 0.985543184136504, 0.0, 0.0, 0.0, 0.0, 0.0, 0.0, 0.0, 0.0, 0.0, 0.0, 0.0, 0.0, 0.0, 0.0, 0.0, 0.0, 0.0, 0.0, 0.0, 0.0, 0.0], [0.0, 0.0, 0.0, 0.0, 0.0, 0.0, 0.0, 0.0, 0.0, 0.0, 0.0, 0.0, 0.0, 0.0, 0.9857931445406327, 0.0, 0.0, 0.0, 0.0, 0.0, 0.0, 0.0, 0.0, 0.0, 0.0, 0.0, 0.0, 0.0, 0.0, 0.0, 0.0, 0.0, 0.0, 0.0, 0.0], [0.0, 0.0, 0.0, 0.0, 0.0, 0.0, 0.0, 0.0, 0.0, 0.0, 0.0, 0.0, 0.0, 0.0, 0.9852033930199227, 0.0, 0.0, 0.0, 0.0, 0.0, 0.0, 0.0, 0.0, 0.0, 0.0, 0.0, 0.0, 0.0, 0.0, 0.0, 0.0, 0.0, 0.0, 0.0, 0.0], [0.0, 0.0, 0.0, 0.0, 0.0, 0.0, 0.0, 0.0, 0.0, 0.0, 0.0, 0.0, 0.0, 0.0, 0.9857235104027895, 0.0, 0.0, 0.0, 0.0, 0.0, 0.0, 0.0, 0.0, 0.0, 0.0, 0.0, 0.0, 0.0, 0.0, 0.0, 0.0, 0.0, 0.0, 0.0, 0.0]], "Born radii": [], "Atomic SASAs": [], "Solvent H bonds": [], "Total SASA": NaN, "Total FOD": 0.0, "FOD": [0.0, 0.0, 0.0, 0.0, 0.0, 0.0, 0.0, 0.0, 0.0, 0.0, 0.0, 0.0, 0.0, 0.0, 0.0, 0.0, 0.0, 0.0, 0.0, 0.0, 0.0, 0.0, 0.0, 0.0, 0.0, 0.0, 0.0, 0.0, 0.0, 0.0, 0.0, 0.0, 0.0, 0.0, 0.0], "FOD s proportion": [0.0, 0.0, 0.0, 0.0, 0.0, 0.0, 0.0, 0.0, 0.0, 0.0, 0.0, 0.0, 0.0, 0.0, 0.0, 0.0, 0.0, 0.0, 0.0, 0.0, 0.0, 0.0, 0.0, 0.0, 0.0, 0.0, 0.0, 0.0, 0.0, 0.0, 0.0, 0.0, 0.0, 0.0, 0.0], "FOD p proportion": [0.0, 0.0, 0.0, 0.0, 0.0, 0.0, 0.0, 0.0, 0.0, 0.0, 0.0, 0.0, 0.0, 0.0, 0.0, 0.0, 0.0, 0.0, 0.0, 0.0, 0.0, 0.0, 0.0, 0.0, 0.0, 0.0, 0.0, 0.0, 0.0, 0.0, 0.0, 0.0, 0.0, 0.0, 0.0], "FOD d proportion": [0.0, 0.0, 0.0, 0.0, 0.0, 0.0, 0.0, 0.0, 0.0, 0.0, 0.0, 0.0, 0.0, 0.0, 0.0, 0.0, 0.0, 0.0, 0.0, 0.0, 0.0, 0.0, 0.0, 0.0, 0.0, 0.0, 0.0, 0.0, 0.0, 0.0, 0.0, 0.0, 0.0, 0.0, 0.0], "coordinates": [["2.02430", "3.44820", "1.43230"], ["0.64460", "3.13310", "1.56380"], ["0.24510", "2.09500", "0.74670"], ["-1.05930", "1.86380", "0.75890"], ["-1.44890", "0.86640", "-0.01510"], ["-2.81280", "0.62150", "-0.02440"], ["-3.25660", "-0.75080", "-0.22130"], ["-3.01500", "-1.58650", "1.03580"], ["-4.74910", "-0.72330", "-0.55340"], ["-0.62640", "0.12140", "-0.74430"], ["0.65990", "0.43450", "-0.68140"], ["1.50030", "-0.34740", "-1.45790"], ["2.84640", "-0.59630", "-0.96150"], ["2.82280", "-1.59210", "0.19810"], ["3.68130", "-1.15420", "-2.11480"], ["1.15270", "1.41240", "0.06070"], ["2.65520", "2.61800", "1.76890"], ["2.27210", "3.73900", "0.40530"], ["2.23380", "4.30590", "2.07900"], ["-3.21350", "1.11350", "0.76710"], ["-2.74140", "-1.21280", "-1.07260"], ["-3.39280", "-2.60580", "0.90320"], ["-1.94710", "-1.65580", "1.26850"], ["-3.51480", "-1.14910", "1.90750"], ["-5.33210", "-0.27550", "0.25940"], ["-4.93420", "-0.13190", "-1.45700"], ["-5.12910", "-1.73530", "-0.72820"], ["0.97220", "-1.16400", "-1.74580"], ["3.32370", "0.33570", "-0.63390"], ["3.83930", "-1.81540", "0.53910"], ["2.26560", "-1.19450", "1.05290"], ["2.34770", "-2.53500", "-0.09550"], ["3.26370", "-2.09400", "-2.49350"], ["4.71160", "-1.34290", "-1.79560"], ["3.71050", "-0.44580", "-2.95020"]], "bond_dist": [[0.0, 1.4213206358876243, 2.3381082609665444, 3.531625670990628, 4.5633075986613045, 5.788760159999721, 6.9465026286614195, 7.134420847553081, 8.198985565300138, 4.778221038210769, 3.9257741580483207, 4.79941781886095, 4.77117460380565, 5.250283419016539, 6.04232183601635, 2.604890546644907, 1.095703614121994, 1.0957638796748137, 1.0944224184472835, 5.773029011706074, 7.121189612698148, 8.140997188305619, 6.469131657340109, 7.214056496867765, 8.328160484764927, 8.341815914415758, 9.094369910004762, 5.699089651865463, 3.955411362930535, 5.6389286393782285, 4.6644220799580305, 6.183643152705369, 6.903911850538069, 6.371464424290542, 6.100230544004055], [1.4213206358876243, 0.0, 1.3801826944285311, 2.2720611149350716, 3.46606352365331, 4.5589613466227155, 5.787108315903549, 5.995505009588434, 6.960341693480284, 4.001637602282345, 3.5104984104824775, 4.687939166627485, 5.013330997450697, 5.379331442660882, 6.413625038930792, 2.3405733720607866, 2.08564291766352, 2.087580731373041, 2.0411877718622558, 4.427013740660853, 6.107572985237262, 7.047834016916119, 5.45322603510986, 5.979629996078352, 7.002924832525335, 7.135016964240519, 7.8924137150810845, 5.4337687041316, 4.453415415161716, 5.97860940604084, 4.649385074394248, 6.146640034197546, 7.11645575479817, 6.918137998045428, 6.525677284389721], [2.3381082609665444, 1.3801826944285311, 0.0, 1.3247873942636985, 2.2269784911399575, 3.4808834898628827, 4.6149219419184115, 4.925979402108783, 5.880060249691325, 2.622535073168708, 2.2290780381135162, 3.5215204045979913, 4.114341334891893, 4.532130366615682, 5.527472598756144, 1.3267541294452414, 2.6696448921158034, 2.6321130218894475, 3.2585318457857673, 3.595229112309812, 4.813582406067232, 5.946118843413744, 4.375673287621003, 5.099851905692949, 6.079629214022842, 6.0531418114893025, 6.762289090241559, 4.1668107300428225, 3.8051242831213807, 5.315317446775874, 3.8725946005230143, 5.15433095561393, 6.095782394410089, 6.183208548156855, 5.668485812807509], [3.531625670990628, 2.2720611149350716, 1.3247873942636985, 0.0, 1.321238403922623, 2.2872757660588285, 3.553174987247321, 3.9756768216242127, 4.693595821968484, 2.341574344324775, 2.6595133427001265, 4.044151312698376, 4.926089794147078, 5.227661222764918, 6.311874844291512, 2.3630889107268054, 3.9225537459670323, 3.8392230932833273, 4.307089972359528, 2.281138963325119, 3.95592217061964, 5.044142038047699, 3.6654420142733124, 4.052940737291874, 4.804469229790113, 4.889568622077003, 5.632784325713173, 4.423583070317545, 4.846201651809384, 6.1303431094841665, 4.527095636277193, 5.629128689237793, 6.703030329634501, 7.078960513380477, 6.468590805577363], [4.5633075986613045, 3.46606352365331, 2.2269784911399575, 1.321238403922623, 0.0, 1.3857437389358829, 2.4342624283342995, 3.0941522958639256, 3.7024631017742773, 1.3278794711870503, 2.2533376888518064, 3.500394680603889, 4.635166268862424, 4.933264373617129, 5.900043770176625, 2.659357854821348, 4.805662843978966, 4.719577091223322, 5.456894203665672, 1.9459466616533967, 2.666821167607607, 4.083894579932249, 2.873556166146748, 3.467935094548339, 4.056911152588875, 3.90166561739983, 4.563028220381724, 3.6027172883810907, 4.841721459357199, 5.955186657024279, 4.380119069157823, 5.098054303359273, 6.09221088604129, 6.782547234630954, 6.079152014055908], [5.788760159999721, 4.5589613466227155, 3.4808834898628827, 2.2872757660588285, 1.3857437389358829, 0.0, 1.4556563261979116, 2.4576763171744163, 2.4161096270657922, 2.355568080102972, 3.5392461471335954, 4.647205727100965, 5.864105890073951, 6.058838054445753, 7.049554415706002, 4.0444968871294735, 6.091055831298872, 5.979937821583097, 6.592970990380588, 1.0144440546427385, 2.1138774065683186, 3.4076835313743556, 2.7581011928498924, 2.7129441516551718, 2.6892422594478167, 2.6683875805437256, 3.378621963167824, 4.525202007645626, 6.1733138701997, 7.106788885987821, 5.4998707121167865, 6.049736168627522, 7.098890568955124, 7.9757515106728345, 7.228615207631404], [6.9465026286614195, 5.787108315903549, 4.6149219419184115, 3.553174987247321, 2.4342624283342995, 1.4556563261979116, 0.0, 1.5287463687610185, 1.5292491327445639, 2.8199669998069132, 4.117717857017404, 4.9315320874957305, 6.149664648580441, 6.151649080531171, 7.202952881978335, 4.919439473151387, 7.08936447927457, 7.149647214373588, 7.810639355392105, 2.1105465311146303, 1.0970810043018702, 2.173493890030519, 2.180210836134891, 2.18107761668401, 2.1828153449158263, 2.1735531877550174, 2.175418146012394, 4.5141537335363315, 6.682145546155066, 7.215495695376722, 5.684641428445597, 5.882803223804109, 7.034301043458405, 8.143783772915388, 7.488684972677112], [7.134420847553081, 5.995505009588434, 4.925979402108783, 3.9756768216242127, 3.0941522958639256, 2.4576763171744163, 1.5287463687610185, 0.0, 2.505548580650553, 3.433815426023944, 4.531898812859793, 5.304888555851103, 6.271021710215967, 5.897599637988323, 7.413069360258272, 5.2262744388330775, 7.096930597096184, 7.530730835051802, 7.959808128340783, 2.7205885282416378, 2.1586707043919415, 1.0951201258309518, 1.0951539572133226, 1.0958921890405096, 2.7731697333556773, 3.4660123542768857, 2.7574002701820426, 4.879914819953315, 6.830949320555673, 6.8760842483204065, 5.295157483021633, 5.562197697852891, 7.220497796551149, 8.232649298980249, 7.900743176435999], [8.198985565300138, 6.960341693480284, 5.880060249691325, 4.693595821968484, 3.7024631017742773, 2.4161096270657922, 1.5292491327445639, 2.505548580650553, 0.0, 4.212673283082846, 5.533006943787438, 6.3256953309497925, 7.607515682533951, 7.6585400240515815, 8.584596026022425, 6.30631243596446, 8.448728985474679, 8.374274680233507, 8.999070774807809, 2.7341583439881463, 2.1307365346283436, 2.7395327156287075, 3.469881822195102, 2.7858267964825094, 1.0959277713426185, 1.0956773840871226, 1.0950338076972783, 5.860828263991363, 8.142362132084278, 8.726216432108478, 7.211674231411178, 7.338698763404858, 8.357497851629997, 9.56199819546103, 8.79695905696963], [4.778221038210769, 4.001637602282345, 2.622535073168708, 2.341574344324775, 1.3278794711870503, 2.355568080102972, 2.8199669998069132, 3.433815426023944, 4.212673283082846, 0.0, 1.3253511647861482, 2.2916917964682773, 3.5528311203883582, 3.964994407310053, 4.696988918445518, 2.340919223296695, 4.828880238730299, 4.775972379526498, 5.801879624742313, 3.1562127273046725, 2.5221212361819565, 4.2195787763709305, 2.9923322292151986, 4.121779718762273, 4.827893514774326, 4.373699008848231, 4.8705134626648965, 2.282712721741393, 3.9574490091471803, 5.033963278570872, 3.650367741748768, 4.0401328208364635, 4.806305838167188, 5.634150351206471, 4.898613299700233], [3.9257741580483207, 3.5104984104824775, 2.2290780381135162, 2.6595133427001265, 2.2533376888518064, 3.5392461471335954, 4.117717857017404, 4.531898812859793, 5.533006943787438, 1.3253511647861482, 0.0, 1.3858542564064953, 2.4334721901020364, 3.091725120381824, 3.7023588710442423, 1.3228199650746129, 3.8409457728533476, 3.8340352084976996, 5.008463569798627, 4.19075420539072, 3.799404745483166, 5.308366843013019, 3.868838727577049, 5.16123166114446, 6.106821484209277, 5.675942135892508, 6.182454470515736, 1.945682630852216, 2.666054787509064, 4.081697516965216, 2.8704895018097525, 3.4655270739095374, 4.056697314318631, 4.562550305476094, 3.902376441349553], [4.79941781886095, 4.687939166627485, 3.5215204045979913, 4.044151312698376, 3.500394680603889, 4.647205727100965, 4.9315320874957305, 5.304888555851103, 6.3256953309497925, 2.2916917964682773, 1.3858542564064953, 0.0, 1.456141950497959, 2.4577673486316804, 2.4164446714129415, 2.3502909947493738, 4.5320667923145175, 4.556956708155126, 5.890745687092595, 5.4133875022946585, 4.346192832813565, 5.883671590087265, 4.585818823285543, 6.092607656824786, 7.045280594837937, 6.438107742962989, 6.81231773040571, 1.0142049004022806, 2.1143294847303244, 3.407925175234926, 2.758147773416065, 2.7128977643840546, 2.6893602361900126, 3.3789805015714425, 2.6686374594537945], [4.77117460380565, 5.013330997450697, 4.114341334891893, 4.926089794147078, 4.635166268862424, 5.864105890073951, 6.149664648580441, 6.271021710215967, 7.607515682533951, 3.5528311203883582, 2.4334721901020364, 1.456141950497959, 0.0, 1.5286748378906485, 1.5291864863384057, 2.8192886017575427, 4.221772861014671, 4.581788823156301, 5.800989902594212, 6.529461081130662, 5.622803953544886, 6.8148964027342345, 5.391946077252627, 7.00011530476463, 8.275347225343477, 7.810180789840911, 8.059798393260218, 2.109510706301345, 1.0971604486126905, 2.1734432543777165, 2.1801328491630962, 2.181104165325444, 2.1827204539289955, 2.1753402975166893, 2.173533241061659], [5.250283419016539, 5.379331442660882, 4.532130366615682, 5.227661222764918, 4.933264373617129, 6.058838054445753, 6.151649080531171, 5.897599637988323, 7.6585400240515815, 3.964994407310053, 3.091725120381824, 2.4577673486316804, 1.5286748378906485, 0.0, 2.5056506280804594, 3.4402228154583243, 4.496714846418438, 5.3634717804795065, 6.218609958021165, 6.639348616393026, 5.720040963140036, 6.337068491029587, 4.888942611649272, 6.5790174889568425, 8.260725589196145, 8.06489857654763, 8.006950202168115, 2.7178552536880987, 2.1585962220850847, 1.0951785881763763, 1.0950984613266517, 1.0958929601014873, 2.773266481966708, 2.757626836611509, 3.466094036520072], [6.04232183601635, 6.413625038930792, 5.527472598756144, 6.311874844291512, 5.900043770176625, 7.049554415706002, 7.202952881978335, 7.413069360258272, 8.584596026022425, 4.696988918445518, 3.7023588710442423, 2.4164446714129415, 1.5291864863384057, 2.5056506280804594, 0.0, 4.208806691925871, 5.510489972770117, 5.681562715485943, 7.035332735557005, 7.809358356484865, 6.506972421180222, 7.8267718358209475, 6.586137563853339, 8.24395405797485, 9.362174901698856, 8.700841245534823, 8.93775614625953, 2.734132376093008, 2.130902292457352, 2.7395865837750044, 3.4698924868070478, 2.7861568674430375, 1.095913997538128, 1.0949951689391144, 1.0957081545740182], [2.604890546644907, 2.3405733720607866, 1.3267541294452414, 2.3630889107268054, 2.659357854821348, 4.0444968871294735, 4.919439473151387, 5.2262744388330775, 6.30631243596446, 2.340919223296695, 1.3228199650746129, 2.3502909947493738, 2.8192886017575427, 3.4402228154583243, 4.208806691925871, 0.0, 2.574669852621885, 2.6047788927277495, 3.6898041072664007, 4.433062667050851, 4.8311550109678745, 6.125137364990274, 4.525637205963377, 5.63538008833477, 6.7038137757548135, 6.4605438927384435, 7.070458948328603, 3.151802573131763, 2.520911154721642, 4.226745670134412, 3.003154151887645, 4.127273942931339, 4.8244273857111795, 4.868603186746687, 4.365863819452], [1.095703614121994, 2.08564291766352, 2.6696448921158034, 3.9225537459670323, 4.805662843978966, 6.091055831298872, 7.08936447927457, 7.096930597096184, 8.448728985474679, 4.828880238730299, 3.8409457728533476, 4.5320667923145175, 4.221772861014671, 4.496714846418438, 5.510489972770117, 2.574669852621885, 0.0, 1.8063254330269503, 1.7671294180110297, 6.140746141960274, 7.202252595542592, 8.038397037345195, 6.300550125981063, 7.230432377804249, 8.62831929114819, 8.69294962483966, 9.261860276963802, 5.43038940500587, 3.380714921433039, 4.750740616998575, 3.898666491250566, 5.488529184581239, 6.3828888451860095, 5.711669635054183, 5.724546561955802], [1.0957638796748137, 2.087580731373041, 2.6321130218894475, 3.8392230932833273, 4.719577091223322, 5.979937821583097, 7.149647214373588, 7.530730835051802, 8.374274680233507, 4.775972379526498, 3.8340352084976996, 4.556956708155126, 4.581788823156301, 5.3634717804795065, 5.681562715485943, 2.6047788927277495, 1.8063254330269503, 0.0, 1.7675163903059008, 6.092286668402924, 7.199978743024177, 8.520298319894673, 6.902943569231897, 7.722586228718978, 8.600078761267248, 8.389445022765212, 9.27526518111477, 5.509662441565726, 3.710559269166846, 5.772813667528165, 4.975826590627933, 6.29440958311421, 6.588641817552386, 6.051514576533712, 5.553460709323512], [1.0944224184472835, 2.0411877718622558, 3.2585318457857673, 4.307089972359528, 5.456894203665672, 6.592970990380588, 7.810639355392105, 7.959808128340783, 8.999070774807809, 5.801879624742313, 5.008463569798627, 5.890745687092595, 5.800989902594212, 6.218609958021165, 7.035332735557005, 3.6898041072664007, 1.7671294180110297, 1.7675163903059008, 0.0, 6.448687979736653, 8.071012779695, 8.989590095771886, 7.32657504909354, 7.926716798902304, 9.030116994258712, 9.142077927911139, 9.929187564448563, 6.792682504725214, 4.930537137067319, 6.513005139718531, 5.595381364125237, 7.179090211858325, 7.9326647647559145, 7.284295397634558, 7.074754301034066], [5.773029011706074, 4.427013740660853, 3.595229112309812, 2.281138963325119, 1.9459466616533967, 1.0144440546427385, 2.1105465311146303, 2.7205885282416378, 2.7341583439881463, 3.1562127273046725, 4.19075420539072, 5.4133875022946585, 6.529461081130662, 6.639348616393026, 7.809358356484865, 4.433062667050851, 6.140746141960274, 6.092286668402924, 6.448687979736653, 0.0, 3.0031726873425044, 3.726105767419921, 3.086129195286549, 2.55159805024224, 2.5837078491965766, 3.07545939007492, 3.744476851310474, 5.3871845290466895, 6.730732328654884, 7.640185014121058, 5.952233400161656, 6.706905132026246, 7.929293061175126, 8.683809202187712, 8.011960545334706], [7.121189612698148, 6.107572985237262, 4.813582406067232, 3.95592217061964, 2.666821167607607, 2.1138774065683186, 1.0970810043018702, 2.1586707043919415, 2.1307365346283436, 2.5221212361819565, 3.799404745483166, 4.346192832813565, 5.622803953544886, 5.720040963140036, 6.506972421180222, 4.8311550109678745, 7.202252595542592, 7.199978743024177, 8.071012779695, 3.0031726873425044, 0.0, 2.503708569302745, 2.5115554343872244, 3.0794806802446417, 3.0601440783074247, 2.4747686780788216, 2.4683453769681423, 3.774440970527954, 6.275009796805101, 6.801934735058842, 5.439497599962702, 5.348072181637043, 6.2335139576325655, 7.489116370440507, 6.763185962991112], [8.140997188305619, 7.047834016916119, 5.946118843413744, 5.044142038047699, 4.083894579932249, 3.4076835313743556, 2.173493890030519, 1.0951201258309518, 2.7395327156287075, 4.2195787763709305, 5.308366843013019, 5.883671590087265, 6.8148964027342345, 6.337068491029587, 7.8267718358209475, 6.125137364990274, 8.038397037345195, 8.520298319894673, 8.989590095771886, 3.726105767419921, 2.503708569302745, 0.0, 1.7680476746965843, 1.7735493734317067, 3.0993000855031765, 3.750551854060946, 2.536527922180239, 5.3055832139360515, 7.491760201047549, 7.284268760829738, 5.833666800563777, 5.8271566462555295, 7.490560885541215, 8.63479804106616, 8.364876714572667], [6.469131657340109, 5.45322603510986, 4.375673287621003, 3.6654420142733124, 2.873556166146748, 2.7581011928498924, 2.180210836134891, 1.0951539572133226, 3.469881822195102, 2.9923322292151986, 3.868838727577049, 4.585818823285543, 5.391946077252627, 4.888942611649272, 6.586137563853339, 4.525637205963377, 6.300550125981063, 6.902943569231897, 7.32657504909354, 3.086129195286549, 2.5115554343872244, 1.7680476746965843, 0.0, 1.7671302102561657, 3.7923259221749386, 4.32127155707669, 3.757426664620349, 4.2249478363643735, 5.946976597398042, 5.834374129244713, 4.243362150465123, 4.591164958918379, 6.441824266463654, 7.3365455706347245, 7.160304983029704], [7.214056496867765, 5.979629996078352, 5.099851905692949, 4.052940737291874, 3.467935094548339, 2.7129441516551718, 2.18107761668401, 1.0958921890405096, 2.7858267964825094, 4.121779718762273, 5.16123166114446, 6.092607656824786, 7.00011530476463, 6.5790174889568425, 8.24395405797485, 5.63538008833477, 7.230432377804249, 7.722586228718978, 7.926716798902304, 2.55159805024224, 3.0794806802446417, 1.7735493734317067, 1.7671302102561657, 0.0, 2.604225385791329, 3.790679681798503, 3.14587180603406, 5.786189756653337, 7.445027014726004, 7.509944144932105, 5.8434088065101175, 6.348356799991633, 8.136934266663335, 9.02353395350181, 8.734806252573666], [8.328160484764927, 7.002924832525335, 6.079629214022842, 4.804469229790113, 4.056911152588875, 2.6892422594478167, 2.1828153449158263, 2.7731697333556773, 1.0959277713426185, 4.827893514774326, 6.106821484209277, 7.045280594837937, 8.275347225343477, 8.260725589196145, 9.362174901698856, 6.7038137757548135, 8.62831929114819, 8.600078761267248, 9.030116994258712, 2.5837078491965766, 3.0601440783074247, 3.0993000855031765, 3.7923259221749386, 2.604225385791329, 0.0, 1.7677596923790293, 1.7741417079816368, 6.674912567217641, 8.7232117921096, 9.303983128746527, 7.694104791332127, 8.013153081028717, 9.207235106154291, 10.30719542116089, 9.596830154274901], [8.341815914415758, 7.135016964240519, 6.0531418114893025, 4.889568622077003, 3.90166561739983, 2.6683875805437256, 2.1735531877550174, 3.4660123542768857, 1.0956773840871226, 4.373699008848231, 5.675942135892508, 6.438107742962989, 7.810180789840911, 8.06489857654763, 8.700841245534823, 6.4605438927384435, 8.69294962483966, 8.389445022765212, 9.142077927911139, 3.07545939007492, 2.4747686780788216, 3.750551854060946, 4.32127155707669, 3.790679681798503, 1.7677596923790293, 0.0, 1.7720121359629568, 6.002849057739167, 8.311982662397702, 9.153845624107936, 7.698430801793311, 7.788108850677423, 8.492922528199584, 9.727416337342614, 8.778326579707548], [9.094369910004762, 7.8924137150810845, 6.762289090241559, 5.632784325713173, 4.563028220381724, 3.378621963167824, 2.175418146012394, 2.7574002701820426, 1.0950338076972783, 4.8705134626648965, 6.182454470515736, 6.81231773040571, 8.059798393260218, 8.006950202168115, 8.93775614625953, 7.070458948328603, 9.261860276963802, 9.27526518111477, 9.929187564448563, 3.744476851310474, 2.4683453769681423, 2.536527922180239, 3.757426664620349, 3.14587180603406, 1.7741417079816368, 1.7720121359629568, 0.0, 6.211904308664131, 8.703318983583216, 9.057850951522664, 7.625376708071543, 7.546016672390806, 8.583940914288728, 9.90619488047757, 9.205358353154972], [5.699089651865463, 5.4337687041316, 4.1668107300428225, 4.423583070317545, 3.6027172883810907, 4.525202007645626, 4.5141537335363315, 4.879914819953315, 5.860828263991363, 2.282712721741393, 1.945682630852216, 1.0142049004022806, 2.109510706301345, 2.7178552536880987, 2.734132376093008, 3.151802573131763, 5.43038940500587, 5.509662441565726, 6.792682504725214, 5.3871845290466895, 3.774440970527954, 5.3055832139360515, 4.2249478363643735, 5.786189756653337, 6.674912567217641, 6.002849057739167, 6.211904308664131, 0.0, 3.0024946211442245, 3.723620869530087, 3.083267017304859, 2.548554755150456, 2.583588113457716, 3.7440082278221554, 3.076471597463562], [3.955411362930535, 4.453415415161716, 3.8051242831213807, 4.846201651809384, 4.841721459357199, 6.1733138701997, 6.682145546155066, 6.830949320555673, 8.142362132084278, 3.9574490091471803, 2.666054787509064, 2.1143294847303244, 1.0971604486126905, 2.1585962220850847, 2.130902292457352, 2.520911154721642, 3.380714921433039, 3.710559269166846, 4.930537137067319, 6.730732328654884, 6.275009796805101, 7.491760201047549, 5.946976597398042, 7.445027014726004, 8.7232117921096, 8.311982662397702, 8.703318983583216, 3.0024946211442245, 0.0, 2.5037978292985237, 2.5112510607265057, 3.0795079233539897, 3.0602539518804646, 2.4685038505135046, 2.4749953898946964], [5.6389286393782285, 5.97860940604084, 5.315317446775874, 6.1303431094841665, 5.955186657024279, 7.106788885987821, 7.215495695376722, 6.8760842483204065, 8.726216432108478, 5.033963278570872, 4.081697516965216, 3.407925175234926, 2.1734432543777165, 1.0951785881763763, 2.7395865837750044, 4.226745670134412, 4.750740616998575, 5.772813667528165, 6.513005139718531, 7.640185014121058, 6.801934735058842, 7.284268760829738, 5.834374129244713, 7.509944144932105, 9.303983128746527, 9.153845624107936, 9.057850951522664, 3.723620869530087, 2.5037978292985237, 0.0, 1.7680607851541756, 1.7735309075400971, 3.099289608926536, 2.53672774061388, 3.7506810168288105], [4.6644220799580305, 4.649385074394248, 3.8725946005230143, 4.527095636277193, 4.380119069157823, 5.4998707121167865, 5.684641428445597, 5.295157483021633, 7.211674231411178, 3.650367741748768, 2.8704895018097525, 2.758147773416065, 2.1801328491630962, 1.0950984613266517, 3.4698924868070478, 3.003154151887645, 3.898666491250566, 4.975826590627933, 5.595381364125237, 5.952233400161656, 5.439497599962702, 5.833666800563777, 4.243362150465123, 5.8434088065101175, 7.694104791332127, 7.698430801793311, 7.625376708071543, 3.083267017304859, 2.5112510607265057, 1.7680607851541756, 0.0, 1.7670606158250488, 3.792394602358779, 3.7575112521454943, 4.321237937211975