{"total energy": -42.93389436, "HOMO-LUMO gap/eV": 4.72745357, "electronic energy": -43.46229908, "dipole": [0.43192573, -0.27851259, 0.70786109], "partial charges": [-0.10011428, -0.05171472, -0.05878921, -0.05907384, -0.05844204, -0.0578958, -0.05696055, -0.08824736, 0.35068176, -0.40565418, -0.2766094, 0.08554967, -0.1132971, 0.03224555, 0.03252009, 0.0308954, 0.02806846, 0.02800289, 0.03071079, 0.02971143, 0.02864763, 0.02987581, 0.03080795, 0.03466704, 0.03800896, 0.02811608, 0.03810963, 0.05289931, 0.06875317, 0.06688146, 0.05060436, 0.05071833, 0.05035466, 0.05499087, 0.05497717], "atomic dipole moments": [[0.09348966, -0.02548441, 0.02826666], [-0.0215115, 0.08423304, -0.0678842], [0.02356278, -0.08359087, 0.06738589], [-0.02131576, 0.08392072, -0.06831433], [0.02856758, -0.07931952, 0.07581616], [-0.05497659, -0.08496826, -0.06029219], [0.09706682, 0.07202129, 0.06487719], [-0.00678864, 0.05919725, -0.08174365], [0.15624221, 0.02501319, 0.04066696], [0.03530309, -0.07910133, 0.15429611], [-0.01576244, 0.10902215, -0.19834794], [-0.13032138, -0.1320739, 0.16322263], [-0.11155577, 0.01413517, -0.08121733], [-0.02825074, 0.11748023, 0.03551017], [-0.01427271, -0.00815811, -0.12492331], [-0.08303523, -0.07635057, 0.05255328], [0.01832988, -0.11778718, -0.03154415], [0.00488461, 0.00343039, 0.12314323], [-0.00843714, -0.00337183, -0.12413055], [-0.0220728, 0.11803289, 0.03135115], [0.007955, 0.00365721, 0.12351921], [0.01930303, -0.11830757, -0.03204508], [-0.02436921, 0.11698952, 0.02435663], [-0.00462526, -0.00639129, -0.1251562], [0.07126795, 0.09285275, -0.04370659], [0.00537123, 0.01431769, 0.12182156], [-0.06429713, -0.08776951, 0.05300877], [-0.01632937, -0.0177454, -0.12720142], [0.02419962, -0.12796331, -0.01497581], [0.01221077, 0.03469933, 0.12743736], [0.01894718, -0.05655962, -0.11267996], [-0.03345499, 0.12275342, -0.00928045], [0.09645576, 0.06226445, -0.05887938], [-0.01494188, 0.04713438, 0.1182809], [0.03452502, -0.12175677, 0.02081019]], "atomic quadrupole moments": [[0.1891331, -0.0765596, -0.09411356, 0.08767993, -0.0339302, -0.09501953], [0.2246135, 0.04650753, -0.08090303, 0.0035699, -0.11667688, -0.14371047], [0.22472159, 0.05504819, -0.07619597, -0.00207315, -0.12481232, -0.14852562], [0.21491055, 0.04753719, -0.07368458, -0.00205694, -0.12698562, -0.14122597], [0.2178549, 0.06875374, -0.081907, 0.0163198, -0.10720765, -0.13594791], [0.0988144, -0.14057375, 0.05773863, 0.07680762, 0.06777979, -0.15655302], [0.16229324, -0.12043327, 0.03318947, 0.07272478, 0.06580991, -0.19548271], [0.20287873, 0.06588926, -0.11604098, -0.00863878, -0.13735489, -0.08683775], [-0.04728047, -0.14976287, 0.22434938, -0.00795452, 0.3736895, -0.17706891], [-0.08991127, -0.07000065, 0.11854212, -0.0313074, 0.12741143, -0.02863085], [0.04655269, 0.05578223, -0.03643672, -0.03178756, -0.04958667, -0.01011597], [0.28443262, 0.26253269, -0.20143215, -0.10749313, -0.21563483, -0.08300046], [0.16887094, -0.01397988, -0.14073041, 0.18304314, -0.01339139, -0.02814053], [-0.03173487, -0.01603862, 0.06568399, 0.00579086, 0.03884651, -0.03394911], [-0.03177935, -0.009405, -0.0478337, 0.00126047, 0.01085602, 0.07961306], [0.01615932, 0.04559991, 0.00671752, -0.02952718, -0.04440912, -0.02287683], [-0.01454673, -0.01231356, 0.04080631, -0.00808822, 0.03277658, -0.02625958], [-0.01752478, 0.00516012, -0.03677545, 0.00519721, 0.01478382, 0.05430023], [-0.02105729, 0.00392877, -0.03365321, 0.00249914, 0.0149156, 0.0547105], [-0.01844102, -0.01064137, 0.04184624, -0.00696935, 0.03264374, -0.02340522], [-0.02104012, 0.00393928, -0.03471854, 0.00376227, 0.01537213, 0.05575865], [-0.01598727, -0.01351434, 0.04004803, -0.00843352, 0.03167906, -0.02406077], [-0.00672179, -0.01474741, 0.04363038, -0.01053986, 0.03008692, -0.03690859], [-0.01910272, 0.00993515, -0.03336782, -0.00148401, 0.02158426, 0.05247054], [0.01583468, 0.02223241, 0.00660939, -0.02914602, -0.03061364, -0.02244407], [-0.03320657, -0.01289204, -0.02740737, -0.00397658, -0.0045496, 0.06061395], [0.00846854, 0.02144262, 0.0120475, -0.03352918, -0.03346629, -0.02051604], [-0.02624226, -0.01062518, -0.02831295, -0.00122561, 0.0012898, 0.05455521], [-0.0013291, -0.01856793, 0.05619958, 0.00374119, 0.01409408, -0.05487048], [-0.00350202, 0.00422258, -0.04588452, 0.00959561, 0.02858886, 0.04938654], [-0.00498217, 0.00965806, -0.015139, -0.01047078, 0.02833903, 0.02012116], [0.00331814, -0.01092958, 0.03226368, -0.00435585, -0.00592074, -0.03558182], [0.02461705, 0.04608534, -0.01712079, -0.04067395, -0.03786067, -0.00749626], [-0.03054155, -0.02135308, -0.02019004, -0.01581798, 0.04891768, 0.05073159], [-0.0366136, -0.02492359, 0.0753405, 0.01291541, -0.00094387, -0.0387269]], "number of molecular orbitals": 74, "number of electrons": 78, "number of unpaired electrons": 0, "orbital energies/eV": [-20.02499065, -19.27905368, -18.28923303, -17.29501562, -16.90413138, -16.75562782, -16.58192629, -16.38483051, -16.2300788, -15.85359978, -15.75823199, -15.46383326, -15.25988925, -15.04183055, -14.95483558, -14.82234436, -14.32012463, -14.06544787, -13.848292, -13.6383941, -13.55875207, -13.43384834, -13.23597126, -13.15031714, -12.92094486, -12.86838398, -12.84789354, -12.71482284, -12.44875938, -12.27657596, -12.23879828, -11.94450905, -11.87846133, -11.77108064, -11.55522801, -11.49015738, -11.35894054, -11.32428425, -11.11988181, -6.39242824, 0.00929871, 1.55423439, 2.11771831, 2.5800643, 2.82449357, 3.03730197, 3.23903673, 3.3785789, 3.51813617, 3.69422586, 3.79000241, 3.83599587, 3.96602694, 4.09430073, 4.2342566, 4.48494596, 4.66578192, 4.74218936, 4.87451008, 5.04366724, 5.39544316, 6.00021443, 6.03324131, 6.27443776, 6.48670962, 6.67376511, 6.93706585, 7.07105014, 7.12522779, 7.43717107, 7.76565549, 8.15382404, 8.53498989, 16.24243914], "fractional occupation": [2.0, 2.0, 2.0, 2.0, 2.0, 2.0, 2.0, 2.0, 2.0, 2.0, 2.0, 2.0, 2.0, 2.0, 2.0, 2.0, 2.0, 2.0, 2.0, 2.0, 2.0, 2.0, 2.0, 2.0, 2.0, 2.0, 2.0, 2.0, 2.0, 2.0, 2.0, 2.0, 2.0, 2.0, 2.0, 2.0, 2.0, 2.0, 2.0, 0.0, 0.0, 0.0, 0.0, 0.0, 0.0, 0.0, 0.0, 0.0, 0.0, 0.0, 0.0, 0.0, 0.0, 0.0, 0.0, 0.0, 0.0, 0.0, 0.0, 0.0, 0.0, 0.0, 0.0, 0.0, 0.0, 0.0, 0.0, 0.0, 0.0, 0.0, 0.0, 0.0, 0.0, 0.0], "program call": "xtb /home/svss/Project-DBcg-Debug/aqme2_20220329/End-to-End-workflows-final/example-3/QDESCP/mol_191_rdkit_conf_15/mol_191_rdkit_conf_15.xyz --pop --wbo --acc 0.2 --gfn 2 --chrg 0 --uhf 0 --etemp 300 --input /home/svss/Project-DBcg-Debug/aqme2_20220329/End-to-End-workflows-final/example-3/QDESCP/mol_191_rdkit_conf_15/mol_191_rdkit_conf_15_xtb.inp", "method": "GFN2-xTB", "xtb version": "6.3.3 (7355c4f)", "Dipole module/D": 2.223, "Total charge": 0, "Transition dipole module/D": NaN, "HOMO": -11.1199, "LUMO": -6.3924, "HOMO occupancy": 2.0, "LUMO occupancy": 0, "mulliken charges": [-0.08345, -0.03855, -0.04628, -0.04791, -0.04496, -0.04748, -0.04068, -0.07826, 0.57351, -0.52877, -0.42473, 0.20615, -0.09543, 0.02667, 0.02693, 0.02777, 0.02166, 0.02147, 0.02355, 0.02272, 0.02153, 0.02168, 0.02545, 0.028, 0.0364, 0.01953, 0.02492, 0.0414, 0.05863, 0.05267, 0.03883, 0.03859, 0.03437, 0.042, 0.04208], "cm5 charges": [-0.23379, -0.15108, -0.15701, -0.15877, -0.15554, -0.15734, -0.14925, -0.17702, 0.62257, -0.57953, -0.50813, 0.12379, -0.24213, 0.07796, 0.07822, 0.07855, 0.07637, 0.07617, 0.0789, 0.07805, 0.077, 0.07765, 0.08039, 0.08326, 0.09402, 0.07487, 0.08053, 0.09952, 0.11651, 0.11211, 0.10362, 0.1034, 0.08557, 0.09523, 0.09532], "FUKUI+": [0.004, 0.001, 0.003, 0.004, 0.005, 0.007, 0.02, 0.028, -0.189, -0.281, -0.122, 0.027, 0.017, -0.005, -0.004, -0.009, -0.002, -0.004, -0.005, -0.008, -0.008, 0.0, -0.021, -0.008, 0.015, -0.02, -0.054, -0.023, -0.099, -0.091, -0.039, -0.039, -0.044, -0.028, -0.028], "FUKUI-": [0.015, 0.004, 0.008, 0.004, 0.007, 0.007, 0.007, -0.001, -0.009, -0.078, -0.044, 0.009, 0.009, -0.048, -0.045, -0.046, -0.059, -0.058, -0.051, -0.059, -0.037, -0.045, -0.041, -0.028, -0.057, -0.033, -0.056, -0.03, -0.041, -0.033, -0.036, -0.033, -0.035, -0.033, -0.034], "FUKUIrad": [0.01, 0.003, 0.005, 0.004, 0.006, 0.007, 0.013, 0.013, -0.099, -0.18, -0.083, 0.018, 0.013, -0.027, -0.025, -0.028, -0.031, -0.031, -0.028, -0.034, -0.022, -0.022, -0.031, -0.018, -0.021, -0.026, -0.055, -0.027, -0.07, -0.062, -0.037, -0.036, -0.039, -0.03, -0.031], "s proportion": [1.007, 1.027, 1.032, 1.032, 1.032, 1.032, 1.03, 1.039, 0.991, 1.731, 1.701, 0.994, 1.011, 0.973, 0.973, 0.972, 0.978, 0.979, 0.976, 0.977, 0.978, 0.978, 0.975, 0.972, 0.964, 0.98, 0.975, 0.959, 0.941, 0.947, 0.961, 0.961, 0.966, 0.958, 0.958], "p proportion": [3.076, 3.011, 3.014, 3.016, 3.013, 3.015, 3.011, 3.039, 2.435, 4.798, 4.724, 2.8, 3.085, 0.0, 0.0, 0.0, 0.0, 0.0, 0.0, 0.0, 0.0, 0.0, 0.0, 0.0, 0.0, 0.0, 0.0, 0.0, 0.0, 0.0, 0.0, 0.0, 0.0, 0.0, 0.0], "d proportion": [0.0, 0.0, 0.0, 0.0, 0.0, 0.0, 0.0, 0.0, 0.0, 0.0, 0.0, 0.0, 0.0, 0.0, 0.0, 0.0, 0.0, 0.0, 0.0, 0.0, 0.0, 0.0, 0.0, 0.0, 0.0, 0.0, 0.0, 0.0, 0.0, 0.0, 0.0, 0.0, 0.0, 0.0, 0.0], "Fermi-level/eV": -8.7562, "Coordination numbers": [3.75, 3.8, 3.802, 3.801, 3.8, 3.8, 3.8, 3.802, 2.719, 0.856, 1.703, 3.703, 3.748, 0.924, 0.924, 0.924, 0.924, 0.924, 0.924, 0.924, 0.924, 0.924, 0.924, 0.924, 0.924, 0.924, 0.924, 0.924, 0.924, 0.924, 0.924, 0.924, 0.924, 0.924, 0.924], "Dispersion coefficient C6": [22.475, 21.503, 21.631, 21.637, 21.626, 21.617, 21.599, 22.182, 21.045, 21.795, 18.59, 19.304, 22.734, 2.555, 2.551, 2.574, 2.614, 2.615, 2.577, 2.591, 2.606, 2.588, 2.575, 2.521, 2.476, 2.614, 2.474, 2.284, 2.099, 2.12, 2.313, 2.311, 2.316, 2.259, 2.259], "Total dispersion C6": 8888.044802, "Total dispersion C8": 188261.312723, "Polarizability alpha": [6.761, 6.602, 6.622, 6.623, 6.621, 6.62, 6.617, 6.705, 7.51, 6.259, 5.821, 6.282, 6.801, 2.5, 2.498, 2.509, 2.528, 2.529, 2.51, 2.517, 2.524, 2.516, 2.51, 2.483, 2.461, 2.528, 2.46, 2.364, 2.266, 2.277, 2.378, 2.377, 2.38, 2.35, 2.35], "Total polarizability alpha": 139.659009, "Wiberg matrix": [[0.0, 1.0200573207199368, 0.0, 0.0, 0.0, 0.0, 0.0, 0.0, 0.0, 0.0, 0.0, 0.0, 0.0, 0.9877249694421109, 0.9877046111420384, 0.9874274824495581, 0.0, 0.0, 0.0, 0.0, 0.0, 0.0, 0.0, 0.0, 0.0, 0.0, 0.0, 0.0, 0.0, 0.0, 0.0, 0.0, 0.0, 0.0, 0.0], [1.0200573207199368, 0.0, 1.007835777670234, 0.0, 0.0, 0.0, 0.0, 0.0, 0.0, 0.0, 0.0, 0.0, 0.0, 0.0, 0.0, 0.0, 0.9781054072435915, 0.9781287116928655, 0.0, 0.0, 0.0, 0.0, 0.0, 0.0, 0.0, 0.0, 0.0, 0.0, 0.0, 0.0, 0.0, 0.0, 0.0, 0.0, 0.0], [0.0, 1.007835777670234, 0.0, 1.0067904437633732, 0.0, 0.0, 0.0, 0.0, 0.0, 0.0, 0.0, 0.0, 0.0, 0.0, 0.0, 0.0, 0.0, 0.0, 0.9772717929858392, 0.977098378853184, 0.0, 0.0, 0.0, 0.0, 0.0, 0.0, 0.0, 0.0, 0.0, 0.0, 0.0, 0.0, 0.0, 0.0, 0.0], [0.0, 0.0, 1.0067904437633732, 0.0, 1.0080004521258636, 0.0, 0.0, 0.0, 0.0, 0.0, 0.0, 0.0, 0.0, 0.0, 0.0, 0.0, 0.0, 0.0, 0.0, 0.0, 0.9772122798764243, 0.9755552120209787, 0.0, 0.0, 0.0, 0.0, 0.0, 0.0, 0.0, 0.0, 0.0, 0.0, 0.0, 0.0, 0.0], [0.0, 0.0, 0.0, 1.0080004521258636, 0.0, 1.0064468213519515, 0.0, 0.0, 0.0, 0.0, 0.0, 0.0, 0.0, 0.0, 0.0, 0.0, 0.0, 0.0, 0.0, 0.0, 0.0, 0.0, 0.9766608913392111, 0.9769242034553975, 0.0, 0.0, 0.0, 0.0, 0.0, 0.0, 0.0, 0.0, 0.0, 0.0, 0.0], [0.0, 0.0, 0.0, 0.0, 1.0064468213519515, 0.0, 1.00860479037217, 0.0, 0.0, 0.0, 0.0, 0.0, 0.0, 0.0, 0.0, 0.0, 0.0, 0.0, 0.0, 0.0, 0.0, 0.0, 0.0, 0.0, 0.9763341713181386, 0.9770610538700634, 0.0, 0.0, 0.0, 0.0, 0.0, 0.0, 0.0, 0.0, 0.0], [0.0, 0.0, 0.0, 0.0, 0.0, 1.00860479037217, 0.0, 1.0048218249895813, 0.0, 0.0, 0.0, 0.0, 0.0, 0.0, 0.0, 0.0, 0.0, 0.0, 0.0, 0.0, 0.0, 0.0, 0.0, 0.0, 0.0, 0.0, 0.9750112907461853, 0.9745756867351937, 0.0, 0.0, 0.0, 0.0, 0.0, 0.0, 0.0], [0.0, 0.0, 0.0, 0.0, 0.0, 0.0, 1.0048218249895813, 0.0, 0.9785408906240078, 0.0, 0.0, 0.0, 0.0, 0.0, 0.0, 0.0, 0.0, 0.0, 0.0, 0.0, 0.0, 0.0, 0.0, 0.0, 0.0, 0.0, 0.0, 0.0, 0.9474228448216357, 0.9602906116068846, 0.0, 0.0, 0.0, 0.0, 0.0], [0.0, 0.0, 0.0, 0.0, 0.0, 0.0, 0.0, 0.9785408906240078, 0.0, 1.7605710774176, 1.1152028022369629, 0.0, 0.0, 0.0, 0.0, 0.0, 0.0, 0.0, 0.0, 0.0, 0.0, 0.0, 0.0, 0.0, 0.0, 0.0, 0.0, 0.0, 0.0, 0.0, 0.0, 0.0, 0.0, 0.0, 0.0], [0.0, 0.0, 0.0, 0.0, 0.0, 0.0, 0.0, 0.0, 1.7605710774176, 0.0, 0.16937899135774168, 0.0, 0.0, 0.0, 0.0, 0.0, 0.0, 0.0, 0.0, 0.0, 0.0, 0.0, 0.0, 0.0, 0.0, 0.0, 0.0, 0.0, 0.0, 0.0, 0.0, 0.0, 0.0, 0.0, 0.0], [0.0, 0.0, 0.0, 0.0, 0.0, 0.0, 0.0, 0.0, 1.1152028022369629, 0.16937899135774168, 0.0, 0.9414228803222071, 0.0, 0.0, 0.0, 0.0, 0.0, 0.0, 0.0, 0.0, 0.0, 0.0, 0.0, 0.0, 0.0, 0.0, 0.0, 0.0, 0.0, 0.0, 0.0, 0.0, 0.0, 0.0, 0.0], [0.0, 0.0, 0.0, 0.0, 0.0, 0.0, 0.0, 0.0, 0.0, 0.0, 0.9414228803222071, 0.0, 1.0197556517238306, 0.0, 0.0, 0.0, 0.0, 0.0, 0.0, 0.0, 0.0, 0.0, 0.0, 0.0, 0.0, 0.0, 0.0, 0.0, 0.0, 0.0, 0.9698544407267177, 0.969794487918553, 0.0, 0.0, 0.0], [0.0, 0.0, 0.0, 0.0, 0.0, 0.0, 0.0, 0.0, 0.0, 0.0, 0.0, 1.0197556517238306, 0.0, 0.0, 0.0, 0.0, 0.0, 0.0, 0.0, 0.0, 0.0, 0.0, 0.0, 0.0, 0.0, 0.0, 0.0, 0.0, 0.0, 0.0, 0.0, 0.0, 0.9839263913538709, 0.9855413554145771, 0.9855462177968846], [0.9877249694421109, 0.0, 0.0, 0.0, 0.0, 0.0, 0.0, 0.0, 0.0, 0.0, 0.0, 0.0, 0.0, 0.0, 0.0, 0.0, 0.0, 0.0, 0.0, 0.0, 0.0, 0.0, 0.0, 0.0, 0.0, 0.0, 0.0, 0.0, 0.0, 0.0, 0.0, 0.0, 0.0, 0.0, 0.0], [0.9877046111420384, 0.0, 0.0, 0.0, 0.0, 0.0, 0.0, 0.0, 0.0, 0.0, 0.0, 0.0, 0.0, 0.0, 0.0, 0.0, 0.0, 0.0, 0.0, 0.0, 0.0, 0.0, 0.0, 0.0, 0.0, 0.0, 0.0, 0.0, 0.0, 0.0, 0.0, 0.0, 0.0, 0.0, 0.0], [0.9874274824495581, 0.0, 0.0, 0.0, 0.0, 0.0, 0.0, 0.0, 0.0, 0.0, 0.0, 0.0, 0.0, 0.0, 0.0, 0.0, 0.0, 0.0, 0.0, 0.0, 0.0, 0.0, 0.0, 0.0, 0.0, 0.0, 0.0, 0.0, 0.0, 0.0, 0.0, 0.0, 0.0, 0.0, 0.0], [0.0, 0.9781054072435915, 0.0, 0.0, 0.0, 0.0, 0.0, 0.0, 0.0, 0.0, 0.0, 0.0, 0.0, 0.0, 0.0, 0.0, 0.0, 0.0, 0.0, 0.0, 0.0, 0.0, 0.0, 0.0, 0.0, 0.0, 0.0, 0.0, 0.0, 0.0, 0.0, 0.0, 0.0, 0.0, 0.0], [0.0, 0.9781287116928655, 0.0, 0.0, 0.0, 0.0, 0.0, 0.0, 0.0, 0.0, 0.0, 0.0, 0.0, 0.0, 0.0, 0.0, 0.0, 0.0, 0.0, 0.0, 0.0, 0.0, 0.0, 0.0, 0.0, 0.0, 0.0, 0.0, 0.0, 0.0, 0.0, 0.0, 0.0, 0.0, 0.0], [0.0, 0.0, 0.9772717929858392, 0.0, 0.0, 0.0, 0.0, 0.0, 0.0, 0.0, 0.0, 0.0, 0.0, 0.0, 0.0, 0.0, 0.0, 0.0, 0.0, 0.0, 0.0, 0.0, 0.0, 0.0, 0.0, 0.0, 0.0, 0.0, 0.0, 0.0, 0.0, 0.0, 0.0, 0.0, 0.0], [0.0, 0.0, 0.977098378853184, 0.0, 0.0, 0.0, 0.0, 0.0, 0.0, 0.0, 0.0, 0.0, 0.0, 0.0, 0.0, 0.0, 0.0, 0.0, 0.0, 0.0, 0.0, 0.0, 0.0, 0.0, 0.0, 0.0, 0.0, 0.0, 0.0, 0.0, 0.0, 0.0, 0.0, 0.0, 0.0], [0.0, 0.0, 0.0, 0.9772122798764243, 0.0, 0.0, 0.0, 0.0, 0.0, 0.0, 0.0, 0.0, 0.0, 0.0, 0.0, 0.0, 0.0, 0.0, 0.0, 0.0, 0.0, 0.0, 0.0, 0.0, 0.0, 0.0, 0.0, 0.0, 0.0, 0.0, 0.0, 0.0, 0.0, 0.0, 0.0], [0.0, 0.0, 0.0, 0.9755552120209787, 0.0, 0.0, 0.0, 0.0, 0.0, 0.0, 0.0, 0.0, 0.0, 0.0, 0.0, 0.0, 0.0, 0.0, 0.0, 0.0, 0.0, 0.0, 0.0, 0.0, 0.0, 0.0, 0.0, 0.0, 0.0, 0.0, 0.0, 0.0, 0.0, 0.0, 0.0], [0.0, 0.0, 0.0, 0.0, 0.9766608913392111, 0.0, 0.0, 0.0, 0.0, 0.0, 0.0, 0.0, 0.0, 0.0, 0.0, 0.0, 0.0, 0.0, 0.0, 0.0, 0.0, 0.0, 0.0, 0.0, 0.0, 0.0, 0.0, 0.0, 0.0, 0.0, 0.0, 0.0, 0.0, 0.0, 0.0], [0.0, 0.0, 0.0, 0.0, 0.9769242034553975, 0.0, 0.0, 0.0, 0.0, 0.0, 0.0, 0.0, 0.0, 0.0, 0.0, 0.0, 0.0, 0.0, 0.0, 0.0, 0.0, 0.0, 0.0, 0.0, 0.0, 0.0, 0.0, 0.0, 0.0, 0.0, 0.0, 0.0, 0.0, 0.0, 0.0], [0.0, 0.0, 0.0, 0.0, 0.0, 0.9763341713181386, 0.0, 0.0, 0.0, 0.0, 0.0, 0.0, 0.0, 0.0, 0.0, 0.0, 0.0, 0.0, 0.0, 0.0, 0.0, 0.0, 0.0, 0.0, 0.0, 0.0, 0.0, 0.0, 0.0, 0.0, 0.0, 0.0, 0.0, 0.0, 0.0], [0.0, 0.0, 0.0, 0.0, 0.0, 0.9770610538700634, 0.0, 0.0, 0.0, 0.0, 0.0, 0.0, 0.0, 0.0, 0.0, 0.0, 0.0, 0.0, 0.0, 0.0, 0.0, 0.0, 0.0, 0.0, 0.0, 0.0, 0.0, 0.0, 0.0, 0.0, 0.0, 0.0, 0.0, 0.0, 0.0], [0.0, 0.0, 0.0, 0.0, 0.0, 0.0, 0.9750112907461853, 0.0, 0.0, 0.0, 0.0, 0.0, 0.0, 0.0, 0.0, 0.0, 0.0, 0.0, 0.0, 0.0, 0.0, 0.0, 0.0, 0.0, 0.0, 0.0, 0.0, 0.0, 0.0, 0.0, 0.0, 0.0, 0.0, 0.0, 0.0], [0.0, 0.0, 0.0, 0.0, 0.0, 0.0, 0.9745756867351937, 0.0, 0.0, 0.0, 0.0, 0.0, 0.0, 0.0, 0.0, 0.0, 0.0, 0.0, 0.0, 0.0, 0.0, 0.0, 0.0, 0.0, 0.0, 0.0, 0.0, 0.0, 0.0, 0.0, 0.0, 0.0, 0.0, 0.0, 0.0], [0.0, 0.0, 0.0, 0.0, 0.0, 0.0, 0.0, 0.9474228448216357, 0.0, 0.0, 0.0, 0.0, 0.0, 0.0, 0.0, 0.0, 0.0, 0.0, 0.0, 0.0, 0.0, 0.0, 0.0, 0.0, 0.0, 0.0, 0.0, 0.0, 0.0, 0.0, 0.0, 0.0, 0.0, 0.0, 0.0], [0.0, 0.0, 0.0, 0.0, 0.0, 0.0, 0.0, 0.9602906116068846, 0.0, 0.0, 0.0, 0.0, 0.0, 0.0, 0.0, 0.0, 0.0, 0.0, 0.0, 0.0, 0.0, 0.0, 0.0, 0.0, 0.0, 0.0, 0.0, 0.0, 0.0, 0.0, 0.0, 0.0, 0.0, 0.0, 0.0], [0.0, 0.0, 0.0, 0.0, 0.0, 0.0, 0.0, 0.0, 0.0, 0.0, 0.0, 0.9698544407267177, 0.0, 0.0, 0.0, 0.0, 0.0, 0.0, 0.0, 0.0, 0.0, 0.0, 0.0, 0.0, 0.0, 0.0, 0.0, 0.0, 0.0, 0.0, 0.0, 0.0, 0.0, 0.0, 0.0], [0.0, 0.0, 0.0, 0.0, 0.0, 0.0, 0.0, 0.0, 0.0, 0.0, 0.0, 0.969794487918553, 0.0, 0.0, 0.0, 0.0, 0.0, 0.0, 0.0, 0.0, 0.0, 0.0, 0.0, 0.0, 0.0, 0.0, 0.0, 0.0, 0.0, 0.0, 0.0, 0.0, 0.0, 0.0, 0.0], [0.0, 0.0, 0.0, 0.0, 0.0, 0.0, 0.0, 0.0, 0.0, 0.0, 0.0, 0.0, 0.9839263913538709, 0.0, 0.0, 0.0, 0.0, 0.0, 0.0, 0.0, 0.0, 0.0, 0.0, 0.0, 0.0, 0.0, 0.0, 0.0, 0.0, 0.0, 0.0, 0.0, 0.0, 0.0, 0.0], [0.0, 0.0, 0.0, 0.0, 0.0, 0.0, 0.0, 0.0, 0.0, 0.0, 0.0, 0.0, 0.9855413554145771, 0.0, 0.0, 0.0, 0.0, 0.0, 0.0, 0.0, 0.0, 0.0, 0.0, 0.0, 0.0, 0.0, 0.0, 0.0, 0.0, 0.0, 0.0, 0.0, 0.0, 0.0, 0.0], [0.0, 0.0, 0.0, 0.0, 0.0, 0.0, 0.0, 0.0, 0.0, 0.0, 0.0, 0.0, 0.9855462177968846, 0.0, 0.0, 0.0, 0.0, 0.0, 0.0, 0.0, 0.0, 0.0, 0.0, 0.0, 0.0, 0.0, 0.0, 0.0, 0.0, 0.0, 0.0, 0.0, 0.0, 0.0, 0.0]], "Born radii": [], "Atomic SASAs": [], "Solvent H bonds": [], "Total SASA": NaN, "Total FOD": 0.0, "FOD": [0.0, 0.0, 0.0, 0.0, 0.0, 0.0, 0.0, 0.0, 0.0, 0.0, 0.0, 0.0, 0.0, 0.0, 0.0, 0.0, 0.0, 0.0, 0.0, 0.0, 0.0, 0.0, 0.0, 0.0, 0.0, 0.0, 0.0, 0.0, 0.0, 0.0, 0.0, 0.0, 0.0, 0.0, 0.0], "FOD s proportion": [0.0, 0.0, 0.0, 0.0, 0.0, 0.0, 0.0, 0.0, 0.0, 0.0, 0.0, 0.0, 0.0, 0.0, 0.0, 0.0, 0.0, 0.0, 0.0, 0.0, 0.0, 0.0, 0.0, 0.0, 0.0, 0.0, 0.0, 0.0, 0.0, 0.0, 0.0, 0.0, 0.0, 0.0, 0.0], "FOD p proportion": [0.0, 0.0, 0.0, 0.0, 0.0, 0.0, 0.0, 0.0, 0.0, 0.0, 0.0, 0.0, 0.0, 0.0, 0.0, 0.0, 0.0, 0.0, 0.0, 0.0, 0.0, 0.0, 0.0, 0.0, 0.0, 0.0, 0.0, 0.0, 0.0, 0.0, 0.0, 0.0, 0.0, 0.0, 0.0], "FOD d proportion": [0.0, 0.0, 0.0, 0.0, 0.0, 0.0, 0.0, 0.0, 0.0, 0.0, 0.0, 0.0, 0.0, 0.0, 0.0, 0.0, 0.0, 0.0, 0.0, 0.0, 0.0, 0.0, 0.0, 0.0, 0.0, 0.0, 0.0, 0.0, 0.0, 0.0, 0.0, 0.0, 0.0, 0.0, 0.0], "coordinates": [["-6.21600", "-0.17800", "0.10920"], ["-4.81290", "-0.57340", "0.54110"], ["-3.75700", "0.33940", "-0.08200"], ["-2.34630", "-0.06150", "0.35570"], ["-1.29130", "0.85150", "-0.27290"], ["0.13130", "0.57110", "0.22110"], ["0.65800", "-0.80710", "-0.19360"], ["2.11430", "-1.02140", "0.22160"], ["3.09390", "-0.23080", "-0.61590"], ["2.84390", "0.30670", "-1.68500"], ["4.31440", "-0.23320", "-0.00760"], ["5.32920", "0.47900", "-0.72560"], ["6.61760", "0.39740", "0.06950"], ["-6.44660", "0.84720", "0.41580"], ["-6.32510", "-0.24460", "-0.97800"], ["-6.95490", "-0.84360", "0.56610"], ["-4.62630", "-1.61310", "0.24830"], ["-4.74680", "-0.52720", "1.63440"], ["-3.82940", "0.29240", "-1.17540"], ["-3.95160", "1.37850", "0.21050"], ["-2.27290", "-0.01050", "1.44870"], ["-2.16430", "-1.10210", "0.06490"], ["-1.53450", "1.89480", "-0.03610"], ["-1.32540", "0.76010", "-1.36540"], ["0.78750", "1.35180", "-0.18130"], ["0.16520", "0.66540", "1.31340"], ["0.05370", "-1.58530", "0.28620"], ["0.54940", "-0.93740", "-1.27690"], ["2.36950", "-2.08040", "0.10220"], ["2.24190", "-0.74940", "1.27540"], ["5.47340", "0.02290", "-1.71150"], ["5.03270", "1.52740", "-0.84290"], ["7.42550", "0.92890", "-0.44100"], ["6.48360", "0.83060", "1.06620"], ["6.91630", "-0.64620", "0.21350"]], "bond_dist": [[0.0, 1.5203842869485336, 2.5201073786646475, 3.8792927950852074, 5.045645721808063, 6.392330538230952, 6.909365430341632, 8.373640511151647, 9.338243724598325, 9.248560738839315, 10.531192403522024, 11.59397184229805, 12.846554020825973, 1.0946300562290439, 1.0946881793460637, 1.0944195630561435, 2.146160970197716, 2.146328101665726, 2.750878565113335, 2.7496293022878557, 4.167775678944346, 4.155983179706097, 5.121918993892816, 5.193500277269656, 7.1745167460951675, 6.5483688533863145, 6.428138173686063, 6.947560631617403, 8.793746926651915, 8.557020089376909, 11.832048920622329, 11.417010784789511, 13.697389163632609, 12.775482891851878, 13.141057530503396], [1.5203842869485336, 0.0, 1.5285229013658905, 2.5259711657103296, 3.885177289391052, 5.085016606659216, 5.52495670480774, 6.9490203690880055, 7.998344203646153, 8.022261742177202, 9.150104536014876, 10.27493391998216, 11.481340925606206, 2.1685894355548263, 2.1685301681092657, 2.1591195057244983, 1.0961420938911157, 1.0962702860152693, 2.1594569085767836, 2.1589459604167955, 2.755393650642318, 2.742512003620039, 4.144041220837457, 4.192328797935581, 5.965964880888924, 5.1877309432930305, 4.977219221613611, 5.67378897122549, 7.351908049615418, 7.095095174132621, 10.546930745008238, 10.16192186547407, 12.369311228196986, 11.395519218534977, 11.733999925004259], [2.5201073786646475, 1.5285229013658905, 0.0, 1.5304824696807218, 2.525542656539382, 3.9069721511677047, 4.562799777548868, 6.0345764797539845, 6.895288830788743, 6.7928314494031135, 8.092027192242993, 9.110035102017994, 10.375868224394527, 2.782016146610224, 2.781907548787342, 3.4707473287463615, 2.1626457939292782, 2.1625745212593257, 1.0968018599546592, 1.09688386805532, 2.1605613414110696, 2.1531825630912027, 2.7130945836811518, 2.7815072550687336, 4.6569619388609995, 4.175771784951855, 4.285029267111253, 4.647911919346149, 6.589640652569758, 6.246184548186196, 9.378471445816743, 8.902198543056654, 11.20378050034898, 10.316468826105181, 10.72278231150852], [3.8792927950852074, 2.5259711657103296, 1.5304824696807218, 0.0, 1.5302718582003656, 2.560625251769575, 3.143798393663309, 4.56468434615144, 5.52887376325414, 5.589114757275968, 6.672809923113351, 7.7701126240228975, 8.980200602436453, 4.200215207581631, 4.200372690607346, 4.679224565032118, 2.7599632823644593, 2.7594112469872996, 2.1608095774500815, 2.161404897283246, 1.096648330140524, 1.0956901934397332, 2.153981469279622, 2.163203314531484, 3.479437933057579, 2.7844577838423046, 2.843729363002042, 3.4376826584197673, 5.136048004059152, 4.729760431565218, 8.088766734799563, 7.64270149685306, 9.854120878596934, 8.903245850250347, 9.28212549419582], [5.045645721808063, 3.885177289391052, 2.525542656539382, 1.5302718582003656, 0.0, 1.5318129520277597, 2.56066650308079, 3.917958144237889, 4.529790428927149, 4.403488672632189, 5.715840329295421, 6.646406080732653, 7.929321773014386, 5.201100294168533, 5.199783039704638, 5.971067741200062, 4.179488916123597, 4.180799831371983, 2.7511907731017127, 2.7547414851488337, 2.1611314444059158, 2.166285022798247, 1.0971305163926486, 1.096846853485025, 2.140116840268306, 2.161567290185526, 2.838945587713861, 2.756148707889326, 4.705124255532472, 4.176555511423259, 6.965437101144479, 6.385508343898707, 8.71876428228221, 7.889404009809612, 8.357295496151849], [6.392330538230952, 5.085016606659216, 3.9069721511677047, 2.560625251769575, 1.5318129520277597, 0.0, 1.5325874265437518, 2.543294222067121, 3.1812908339226076, 3.3258567813422153, 4.265856044219026, 5.284211171972596, 6.490396131208017, 6.586570253933378, 6.617273476289158, 7.2342678641311045, 5.235095724053191, 5.196108100299686, 4.2089227160878115, 4.161980241423547, 2.7614195552287955, 2.8449562457092377, 2.143180620013162, 2.1621004000739648, 1.0963652174344094, 1.0968869540659145, 2.1587776008658235, 2.166652685595917, 3.4719056294778516, 2.703682877114104, 5.707319722076203, 5.105911049949851, 7.33292239765293, 6.413520838821684, 6.8933375116847415], [6.909365430341632, 5.52495670480774, 4.562799777548868, 3.143798393663309, 2.56066650308079, 1.5325874265437518, 0.0, 1.5294198965620922, 2.538516848476685, 2.8710595970825823, 3.705835691176823, 4.874134451366724, 6.085792801270841, 7.320069535871911, 7.049494678343973, 7.65079883084113, 5.363649699598213, 5.712424270832831, 4.723302896279255, 5.117475581768808, 3.4528098210008613, 2.8494252999508514, 3.483120168756743, 2.7862352090231006, 2.1628154683190153, 2.163829265445867, 1.0958931380385588, 1.096499402644616, 2.1536069232801047, 2.1610251039726496, 5.1167370041853815, 5.000947993130903, 6.990991275205541, 6.181162729616491, 6.27359052776], [8.373640511151647, 6.9490203690880055, 6.0345764797539845, 4.56468434615144, 3.917958144237889, 2.543294222067121, 1.5294198965620922, 0.0, 1.5119757835362313, 2.4354238501747494, 2.348240168722101, 3.6720525608983325, 4.72396430342144, 8.764609997598297, 8.559552018651443, 9.077482125016827, 6.766572998202266, 7.0224590201723505, 6.245418251006092, 6.523402948615086, 4.666392295981983, 4.282229015361042, 4.678073660172529, 4.1861494646034805, 2.7486005329985654, 2.7993414029017614, 2.137341509913659, 2.1682874025368504, 1.095839586800915, 1.095792042314599, 4.0138498863310765, 4.018283246611667, 5.696626571050626, 4.820169670250208, 4.816642466490532], [9.338243724598325, 7.998344203646153, 6.895288830788743, 5.52887376325414, 4.529790428927149, 3.1812908339226076, 2.538516848476685, 1.5119757835362313, 0.0, 1.2224487964737012, 1.3636916440310103, 2.3478535346141167, 3.6442928106835764, 9.656481198656165, 9.425967740768053, 10.136618236867758, 7.890442507869885, 8.162614748963716, 6.965548175125917, 7.274053457323503, 5.754445889049613, 5.37320384593773, 5.126054034049973, 4.590625834240904, 2.830720911711361, 3.619759193648108, 3.4483721811892636, 2.7222573004769406, 2.112212851490115, 2.138192145247943, 2.6318668849316826, 2.627116609516982, 4.487566451875671, 3.9301522184261515, 3.9333450497000637], [9.248560738839315, 8.022261742177202, 6.7928314494031135, 5.589114757275968, 4.403488672632189, 3.3258567813422153, 2.8710595970825823, 2.4354238501747494, 1.2224487964737012, 0.0, 2.2951106770698444, 2.6696164031560787, 4.16260836855931, 9.540382127567009, 9.212727158122073, 10.119640445193692, 7.951551356182013, 8.326615882818182, 6.692744544654309, 7.13585984587702, 6.008521762463709, 5.488983028758606, 4.940781251988394, 4.206040680973022, 2.753566534514828, 4.036644886536343, 3.9051900696380963, 2.6417911859191294, 3.019500887564036, 3.200268640286312, 2.6449035785827806, 2.6438771416236424, 4.7880818079895, 4.5924926499669, 4.593121206761259], [10.531192403522024, 9.150104536014876, 8.092027192242993, 6.672809923113351, 5.715840329295421, 4.265856044219026, 3.705835691176823, 2.348240168722101, 1.3636916440310103, 2.2951106770698444, 0.0, 1.4326799642627799, 2.389211378258525, 10.823384531651824, 10.683668207596115, 11.300391247209099, 9.050178192168373, 9.21346544140694, 8.243875947635312, 8.4244822096079, 6.750031575481703, 6.5371092349753495, 6.224052334291543, 5.885372526017363, 3.8705839740276917, 4.446165044170089, 4.479738534780797, 4.035126408181037, 2.6845558086953605, 2.491547248197393, 2.0765701095797366, 2.076871045587569, 3.349217099562225, 2.643888333496708, 2.643735580575334], [11.59397184229805, 10.27493391998216, 9.110035102017994, 7.7701126240228975, 6.646406080732653, 5.284211171972596, 4.874134451366724, 3.6720525608983325, 2.3478535346141167, 2.6696164031560787, 1.4326799642627799, 0.0, 1.5161850579662104, 11.836715373785077, 11.679469645921426, 12.42243424051824, 10.219459079129384, 10.397490776144021, 9.171537142704052, 9.371159592067569, 7.922065081151505, 7.69917591109594, 7.042036465398343, 6.691192898878347, 4.656724301480603, 5.555102335691036, 5.754648032677585, 5.015636419239336, 3.9994506235231864, 3.8787096888011616, 1.0958191730390556, 1.095816636121208, 2.1628409234153123, 2.1602798800155503, 2.1602940216553854], [12.846554020825973, 11.481340925606206, 10.375868224394527, 8.980200602436453, 7.929321773014386, 6.490396131208017, 6.085792801270841, 4.72396430342144, 3.6442928106835764, 4.16260836855931, 2.389211378258525, 1.5161850579662104, 0.0, 13.076527267206687, 13.000880875540703, 13.638161489365054, 11.42363194872804, 11.508839408472081, 10.521435739004446, 10.615574730084095, 9.006084904107889, 8.909000450106623, 8.28915511557119, 8.079711523315668, 5.913023423765545, 6.576669139465662, 6.860236248847412, 6.357478685768439, 4.918019493657991, 4.681462970055408, 2.1497453081702496, 2.1497166720291307, 1.0935286507449176, 1.095001885843125, 1.0950153651890004], [1.0946300562290439, 2.1685894355548263, 2.782016146610224, 4.200215207581631, 5.201100294168533, 6.586570253933378, 7.320069535871911, 8.764609997598297, 9.656481198656165, 9.540382127567009, 10.823384531651824, 11.836715373785077, 13.076527267206687, 0.0, 1.7746740348582326, 1.771937814935953, 3.0650651591768816, 2.5026548623411897, 3.112789154440114, 2.5591898679074205, 4.384324735920003, 4.718155846302664, 5.042856906556045, 5.422817467885121, 7.276218274625906, 6.674925935169618, 6.9417398755643385, 7.415797087973754, 9.294773043490627, 8.875701435379629, 12.136361719230356, 11.56811679660955, 13.898774749595734, 12.946558143383129, 13.447611879437924], [1.0946881793460637, 2.1685301681092657, 2.781907548787342, 4.200372690607346, 5.199783039704638, 6.617273476289158, 7.049494678343973, 8.559552018651443, 9.425967740768053, 9.212727158122073, 10.683668207596115, 11.679469645921426, 13.000880875540703, 1.7746740348582326, 0.0, 1.7719181273411027, 2.5025038221749036, 3.065212457563097, 2.560440245348444, 3.111348278479926, 4.729059160129, 4.374380333258643, 5.3304836863084, 5.114342669395549, 7.332960016937225, 6.942809809435946, 6.63963610222729, 6.915783636002503, 8.951707258394903, 8.872774289927587, 11.82430466243153, 11.495993078025057, 13.811027174327043, 13.01528349172618, 13.300963452697701], [1.0944195630561435, 2.1591195057244983, 3.4707473287463615, 4.679224565032118, 5.971067741200062, 7.2342678641311045, 7.65079883084113, 9.077482125016827, 10.136618236867758, 10.119640445193692, 11.300391247209099, 12.42243424051824, 13.638161489365054, 1.771937814935953, 1.7719181273411027, 0.0, 2.4729547205721345, 2.4732730257696987, 3.75394039643679, 3.752864327417127, 4.836751220602523, 4.823678269743952, 6.102640048372509, 6.163912409338731, 8.082273546471933, 7.316512987755848, 7.053292625433883, 7.7278694301857875, 9.417500348287756, 9.224592693989258, 12.664948673405668, 12.30079167208355, 14.524183654167969, 13.55161716917948, 13.877084814902588], [2.146160970197716, 1.0961420938911157, 2.1626457939292782, 2.7599632823644593, 4.179488916123597, 5.235095724053191, 5.363649699598213, 6.766572998202266, 7.890442507869885, 7.951551356182013, 9.050178192168373, 10.219459079129384, 11.42363194872804, 3.0650651591768816, 2.5025038221749036, 2.4729547205721345, 0.0, 1.764928403647015, 2.508565635976065, 3.066972365379251, 3.0899479736720483, 2.521150642068022, 4.68459955705928, 4.374019517560478, 6.187440392440156, 5.411512959422716, 4.680236025031216, 5.437892608354821, 7.012911816071837, 6.998077117323015, 10.417353412935551, 10.21517198533632, 12.336238556788693, 11.404845817020062, 11.583079098840688], [2.146328101665726, 1.0962702860152693, 2.1625745212593257, 2.7594112469872996, 4.180799831371983, 5.196108100299686, 5.712424270832831, 7.0224590201723505, 8.162614748963716, 8.326615882818182, 9.21346544140694, 10.397490776144021, 11.508839408472081, 2.5026548623411897, 3.065212457563097, 2.4732730257696987, 1.764928403647015, 0.0, 3.067302228343337, 2.508291597880916, 2.5340964050327686, 3.0762227666409343, 4.3560906257790375, 4.728839105954019, 6.120121238995188, 5.064886944444072, 5.0972560363395525, 6.05752970855282, 7.443238056786845, 7.001441389456888, 10.76801489876384, 10.295485258111928, 12.43351919852139, 11.326444995672738, 11.74993699642683], [2.750878565113335, 2.1594569085767836, 1.0968018599546592, 2.1608095774500815, 2.7511907731017127, 4.2089227160878115, 4.723302896279255, 6.245418251006092, 6.965548175125917, 6.692744544654309, 8.243875947635312, 9.171537142704052, 10.521435739004446, 3.112789154440114, 2.560440245348444, 3.75394039643679, 2.508565635976065, 3.067302228343337, 0.0, 1.7650112917485825, 3.065997630462229, 2.501106225253138, 3.0219623194209424, 2.5543804121547757, 4.840075286604539, 4.721237507264383, 4.554173630857743, 4.549351572477115, 6.759349288947864, 6.629664514136443, 9.322130727467835, 8.953915214027884, 11.296780498000306, 10.567516207699898, 10.875664653711974], [2.7496293022878557, 2.1589459604167955, 1.09688386805532, 2.161404897283246, 2.7547414851488337, 4.161980241423547, 5.117475581768808, 6.523402948615086, 7.274053457323503, 7.13585984587702, 8.4244822096079, 9.371159592067569, 10.615574730084095, 2.5591898679074205, 3.111348278479926, 3.752864327417127, 3.066972365379251, 2.508291597880916, 1.7650112917485825, 0.0, 2.5060913650543553, 3.060885004373735, 2.4838980776191284, 3.124548897040979, 4.755343198971026, 4.32121999671389, 4.983198673542929, 5.27586510157339, 7.206387674140213, 6.634863425120369, 9.714029048752119, 9.047069650444834, 11.40460419392098, 10.48455129893502, 11.054893463982363], [4.167775678944346, 2.755393650642318, 2.1605613414110696, 1.096648330140524, 2.1611314444059158, 2.7614195552287955, 3.4528098210008613, 4.666392295981983, 5.754445889049613, 6.008521762463709, 6.750031575481703, 7.922065081151505, 9.006084904107889, 4.384324735920003, 4.729059160129, 4.836751220602523, 3.0899479736720483, 2.5340964050327686, 3.065997630462229, 2.5060913650543553, 0.0, 1.7658671977246763, 2.525872857053577, 3.067692849683618, 3.72542741843134, 2.533668981931144, 3.0404718137157594, 4.03155258678341, 5.258272151572226, 4.5781464742841065, 8.366190488507897, 7.8095043587925606, 9.925341354835107, 8.805114860693186, 9.293612331596362], [4.155983179706097, 2.742512003620039, 2.1531825630912027, 1.0956901934397332, 2.166285022798247, 2.8449562457092377, 2.8494252999508514, 4.282229015361042, 5.37320384593773, 5.488983028758606, 6.5371092349753495, 7.69917591109594, 8.909000450106623, 4.718155846302664, 4.374380333258643, 4.823678269743952, 2.521150642068022, 3.0762227666409343, 2.501106225253138, 3.060885004373735, 1.7658671977246763, 0.0, 3.0640265419868675, 2.49345145130199, 3.846474085445007, 3.1795249252050217, 2.2807849372529625, 3.031785121013691, 4.638297599335342, 4.5830454918100045, 7.921848474314564, 7.715904359827174, 9.815557032079228, 8.917628910758735, 9.09325151582205], [5.121918993892816, 4.144041220837457, 2.7130945836811518, 2.153981469279622, 1.0971305163926486, 2.143180620013162, 3.483120168756743, 4.678073660172529, 5.126054034049973, 4.940781251988394, 6.224052334291543, 7.042036465398343, 8.28915511557119, 5.042856906556045, 5.3304836863084, 6.102640048372509, 4.68459955705928, 4.3560906257790375, 3.0219623194209424, 2.4838980776191284, 2.525872857053577, 3.0640265419868675, 0.0, 1.7602003834791085, 2.3890617488880443, 2.4943044521469306, 3.838925961776288, 3.72875055346962, 5.573379399430833, 4.793018135788763, 7.444570986967616, 6.626765790338451, 9.02100364815357, 8.163180418194859, 8.828080300948786], [5.193500277269656, 4.192328797935581, 2.7815072550687336, 2.163203314531484, 1.096846853485025, 2.1621004000739648, 2.7862352090231006, 4.1861494646034805, 4.590625834240904, 4.206040680973022, 5.885372526017363, 6.691192898878347, 8.079711523315668, 5.422817467885121, 5.114342669395549, 6.163912409338731, 4.374019517560478, 4.728839105954019, 2.5543804121547757, 3.124548897040979, 3.067692849683618, 2.49345145130199, 1.7602003834791085, 0.0, 2.493300645730474, 3.0670549212558944, 3.1828604320642144, 2.530654765075632, 4.886161685822523, 4.688074677306239, 6.847403193182069, 6.425510964117952, 8.801207849494295, 8.179127692486528, 8.508597051805896], [7.1745167460951675, 5.965964880888924, 4.6569619388609995, 3.479437933057579, 2.140116840268306, 1.0963652174344094, 2.1628154683190153, 2.7486005329985654, 2.830720911711361, 2.753566534514828, 3.8705839740276917, 4.656724301480603, 5.913023423765545, 7.276218274625906, 7.332960016937225, 8.082273546471933, 6.187440392440156, 6.120121238995188, 4.840075286604539, 4.755343198971026, 3.72542741843134, 3.846474085445007, 2.3890617488880443, 2.493300645730474, 0.0, 1.7585591659082727, 3.063262166384066, 2.5490130658747123, 3.7898671599410974, 2.941478487087743, 5.105403613819382, 4.300031739417746, 6.656525557676468, 5.8543540121861435, 6.458332639311791], [6.5483688533863145, 5.1877309432930305, 4.175771784951855, 2.7844577838423046, 2.161567290185526, 1.0968869540659145, 2.163829265445867, 2.7993414029017614, 3.619759193648108, 4.036644886536343, 4.446165044170089, 5.555102335691036, 6.576669139465662, 6.674925935169618, 6.942809809435946, 7.316512987755848, 5.411512959422716, 5.064886944444072, 4.721237507264383, 4.32121999671389, 2.533668981931144, 3.1795249252050217, 2.4943044521469306, 3.0670549212558944, 1.7585591659082727, 0.0, 2.47653438902027, 3.0702168604188205, 3.723622103543806, 2.513122744714233, 6.14327384217894, 5.3930724026291355, 7.473908462110037, 6.3253914851177395, 6.964727258120019], [6.428138173686063, 4.977219221613611, 4.285029267111253, 2.843729363002042, 2.838945587713861, 2.1587776008658235, 1.0958931380385588, 2.137341509913659, 3.4483721811892636, 3.9051900696380963, 4.479738534780797, 5.754648032677585, 6.860236248847412, 6.9417398755643385, 6.63963610222729, 7.053292625433883, 4.680236025031216, 5.0972560363395525, 4.554173630857743, 4.983198673542929, 3.0404718137157594, 2.2807849372529625, 3.838925961776288, 3.1828604320642144, 3.063262166384066, 2.47653438902027, 0.0, 1.7631717188067644, 2.3752704372344637, 2.5427278049370523, 5.995853618960355, 5.979482343815391, 7.82262466950831, 6.912928961012112, 6.926938202409488], [6.947560631617403, 5.67378897122549, 4.647911919346149, 3.4376826584197673, 2.756148707889326, 2.166652685595917, 1.096499402644616, 2.1682874025368504, 2.7222573004769406, 2.6417911859191294, 4.035126408181037, 5.015636419239336, 6.357478685768439, 7.415797087973754, 6.915783636002503, 7.7278694301857875, 5.437892608354821, 6.05752970855282, 4.549351572477115, 5.27586510157339, 4.03155258678341, 3.031785121013691, 3.72875055346962, 2.530654765075632, 2.5490130658747123, 3.0702168604188205, 1.7631717188067644, 0.0, 2.5536502932077445, 3.0682463297460325, 5.035556498541149, 5.134547100767506, 7.173740705517589, 6.620473642421666, 6.545495031699282], [8.793746926651915, 7.351908049615418, 6.589640652569758, 5.136048004059152, 4.705124255532472, 3.4719056294778516, 2.1536069232801047, 1.095839586800915, 2.112212851490115, 3.019500887564036, 2.6845558086953605, 3.9994506235231864, 4.918019493657991, 9.294773043490627, 8.951707258394903, 9.417500348287756, 7.012911816071837, 7.443238056786845, 6.759349288947864, 7.206387674140213, 5.258272151572226, 4.638297599335342, 5.573379399430833, 4.886161685822523, 3.7898671599410974, 3.723622103543806, 2.3752704372344637, 2.5536502932077445, 0.0, 1.778831357942624, 4.16504187133815, 4.582801445622535, 5.9088144944650285, 5.131182691154156, 4.768931491434952], [8.557020089376909, 7.095095174132621, 6.246184548186196, 4.729760431565218, 4.176555511423259, 2.703682877114104, 2.1610251039726496, 1.095792042314599, 2.138192145247943, 3.200268640286312, 2.491547248197393, 3.8787096888011616, 4.681462970055408, 8.875701435379629, 8.872774289927587, 9.224592693989258, 6.998077117323015, 7.001441389456888, 6.629664514136443, 6.634863425120369, 4.5781464742841065, 4.5830454918100045, 4.793018135788763, 4.688074677306239, 2.941478487087743, 2.513122744714233, 2.5427278049370523, 3.0682463297460325, 1.778831357942624, 0.0, 4.46772997729272, 4.178465958937562, 5.712480092744307, 4.5312452515837185, 4.794611267871463], [11.832048920622329, 10.546930745008238, 9.378471445816743, 8.088766734799563, 6.965437101144479, 5.707319722076203, 5.1167370041853815, 4.0138498863310765, 2.6318668849316826, 2.6449035785827806, 2.0765701095797366, 1.0958191730390556, 2.1497453081702496, 12.136361719230356, 11.82430466243153, 12.664948673405668, 10.417353412935551, 10.76801489876384, 9.322130727467835, 9.714029048752119, 8.366190488507897, 7.921848474314564, 7.444570986967616, 6.847403193182069, 5.105403613819382, 6.14327384217894, 5.995853618960355, 5.035556498541149, 4.16504187133815, 4.46772997729272, 0.0, 1.7922618949249578, 2.499139984074522, 3.0640660273564606, 2.497054308580412], [11.417010784789511, 10.16192186547407, 8.902198543056654, 7.64270149685306, 6.385508343898707, 5.105911049949851, 5.000947993