{"total energy": -30.38389657, "HOMO-LUMO gap/eV": 11.39885061, "electronic energy": -30.77204153, "dipole": [0.42922179, 0.6156347, -0.05344263], "partial charges": [-0.10055417, -0.05138161, -0.05985688, -0.07116126, 0.14324031, -0.10953393, -0.45692799, -0.06832862, -0.09790618, 0.03297377, 0.03222085, 0.03221037, 0.02721894, 0.02969059, 0.0330417, 0.03398951, 0.03868663, 0.027123, 0.04890701, 0.03548907, 0.04785989, 0.28169591, 0.04323115, 0.03132755, 0.03278806, 0.03095502, 0.03300134], "atomic dipole moments": [[-0.06491625, -0.03305114, 0.07010103], [-0.02990506, 0.02027434, -0.10564556], [0.02455652, -0.02264557, 0.10857616], [-0.03236708, 0.02306854, -0.10031285], [-0.06988568, -0.03876332, 0.11385916], [0.01328175, 0.09441904, 0.06634493], [0.1382929, 0.16476254, -0.08010588], [0.05282993, -0.00403414, 0.09883907], [-0.00390615, -0.08292493, -0.05976374], [0.01038037, -0.08162252, -0.09564084], [0.11364909, 0.01452975, 0.05000804], [-0.03553247, 0.11133983, -0.04670062], [5.311e-05, 0.08079325, 0.09290186], [0.04455368, -0.1057837, 0.04631676], [-0.03844883, 0.10805843, -0.04822276], [0.00661121, -0.08025462, -0.09581477], [0.04554737, -0.10297265, 0.054228], [0.00715468, 0.07068159, 0.09961372], [-0.12108874, -0.03612202, -0.02493091], [0.05399261, 0.02645419, -0.11279577], [0.04947605, -0.10978066, 0.04349849], [0.01495837, 0.05222403, 0.05340913], [-0.12167722, -0.0197852, -0.02506306], [0.04753988, 0.03572248, -0.11000594], [0.11553059, 0.04334118, 0.02292584], [-0.05872511, -0.02053343, 0.10882544], [-0.06218026, 0.09435958, -0.05474504]], "atomic quadrupole moments": [[0.03633749, 0.07712785, -0.08945922, -0.15129174, -0.08236023, 0.05312173], [0.18632858, 0.11017252, -0.19332886, -0.03753092, -0.06879445, 0.00700028], [0.18422064, 0.10689103, -0.19653947, -0.01948303, -0.0703537, 0.01231883], [0.17847447, 0.11518002, -0.16387918, -0.06170082, -0.05110583, -0.01459529], [-0.03774044, 0.06224184, -0.10221389, -0.15103682, -0.08630719, 0.13995433], [-0.10960007, 0.00414249, 0.06819475, 0.00856201, 0.167384, 0.04140532], [-0.02778171, 0.06687885, -0.03963738, -0.10219296, -0.04364412, 0.0674191], [-0.17128893, -0.08887853, 0.18963201, 0.05058237, 0.06471257, -0.01834308], [-0.11350721, 0.00031706, 0.09501851, 0.01329604, 0.15921057, 0.01848871], [-0.04491579, 0.00838451, 0.02195675, -0.00834956, 0.05791801, 0.02295904], [0.05811361, 0.01545566, -0.05064747, 0.04484928, -0.0013303, -0.00746614], [-0.02201885, -0.04316554, 0.04878234, 0.00301077, -0.03731317, -0.02676349], [-0.0190741, -0.00043587, 0.01204778, -0.01091175, 0.04660412, 0.00702632], [-0.01125457, -0.02014965, 0.04241788, 0.00307688, -0.02527066, -0.03116331], [-0.00765991, -0.02690461, 0.0394243, 0.00620971, -0.02279328, -0.03176438], [-0.0218048, 0.00266075, 0.01621259, -0.00456184, 0.04520589, 0.00559221], [-0.01316437, -0.02398004, 0.04957449, -0.00064921, -0.01846451, -0.03641013], [-0.02530513, -0.00164421, 0.02650769, -0.01292467, 0.05208163, -0.00120256], [0.0793529, 0.01028927, -0.03689017, 0.01819545, 0.01087173, -0.04246273], [-0.02012855, 0.02559342, -0.02137106, -0.0536645, -0.03211581, 0.04149961], [-0.01604821, -0.0471439, 0.03163142, 0.03485447, -0.03445824, -0.0155832], [-0.0736893, 0.03036536, 0.01128126, 0.00174876, 0.10083936, 0.06240804], [0.04649657, 0.02136197, -0.00287267, 0.00854298, 0.0155783, -0.0436239], [-0.01543097, 0.00985358, -0.00770381, -0.05139216, -0.01231152, 0.02313478], [0.07530658, 0.02116393, -0.03553914, 0.01448611, 0.01584557, -0.03976745], [-0.02464709, 0.02553905, -0.02173188, -0.04732582, -0.02517254, 0.04637898], [-0.01839424, -0.04551677, 0.02444858, 0.03777804, -0.032243, -0.00605434]], "number of molecular orbitals": 54, "number of electrons": 56, "number of unpaired electrons": 0, "orbital energies/eV": [-18.35147736, -17.15024587, -16.89350218, -16.62020399, -16.42843309, -15.80168016, -15.59815254, -15.37662546, -15.12048439, -14.5917042, -14.17709979, -14.05741489, -13.84420494, -13.53282113, -13.3186522, -13.021031, -12.89250539, -12.76817524, -12.5497959, -12.38910424, -12.21210272, -12.07644384, -11.94703035, -11.84379548, -11.81559129, -11.57035633, -11.38122118, -10.79320535, 0.60564525, 1.45800968, 1.86895815, 2.27714354, 2.9445713, 3.07188411, 3.15251658, 3.40606739, 3.95565019, 4.14420348, 4.24991856, 4.39592771, 4.72505497, 4.87460612, 5.50607341, 5.65298908, 5.84061698, 6.2422596, 6.54996883, 6.90698912, 6.94894145, 7.0352166, 7.40519428, 7.53743886, 7.77904601, 8.28996486], "fractional occupation": [2.0, 2.0, 2.0, 2.0, 2.0, 2.0, 2.0, 2.0, 2.0, 2.0, 2.0, 2.0, 2.0, 2.0, 2.0, 2.0, 2.0, 2.0, 2.0, 2.0, 2.0, 2.0, 2.0, 2.0, 2.0, 2.0, 2.0, 2.0, 0.0, 0.0, 0.0, 0.0, 0.0, 0.0, 0.0, 0.0, 0.0, 0.0, 0.0, 0.0, 0.0, 0.0, 0.0, 0.0, 0.0, 0.0, 0.0, 0.0, 0.0, 0.0, 0.0, 0.0, 0.0, 0.0], "program call": "xtb /home/svss/Project-DBcg-Debug/aqme2_20220329/End-to-End-workflows-final/example-3/QDESCP/mol_509_rdkit_conf_5/mol_509_rdkit_conf_5.xyz --pop --wbo --acc 0.2 --gfn 2 --chrg 0 --uhf 0 --etemp 300 --input /home/svss/Project-DBcg-Debug/aqme2_20220329/End-to-End-workflows-final/example-3/QDESCP/mol_509_rdkit_conf_5/mol_509_rdkit_conf_5_xtb.inp", "method": "GFN2-xTB", "xtb version": "6.3.3 (7355c4f)", "Dipole module/D": 1.912, "Total charge": 0, "Transition dipole module/D": NaN, "HOMO": -10.7932, "LUMO": 0.6056, "HOMO occupancy": 2.0, "LUMO occupancy": 0, "mulliken charges": [-0.08365, -0.03757, -0.04827, -0.07687, 0.2436, -0.09566, -0.57154, -0.06778, -0.08317, 0.02747, 0.02931, 0.02685, 0.02209, 0.02371, 0.02266, 0.02414, 0.03623, 0.0242, 0.04327, 0.02362, 0.04021, 0.33284, 0.03798, 0.02365, 0.0242, 0.0269, 0.03157], "cm5 charges": [-0.23402, -0.15028, -0.15914, -0.18114, 0.23381, -0.23864, -0.77846, -0.17375, -0.23367, 0.07876, 0.08009, 0.07814, 0.0768, 0.07842, 0.07909, 0.08032, 0.09427, 0.08271, 0.09746, 0.07636, 0.09416, 0.50407, 0.09561, 0.07974, 0.0766, 0.08028, 0.08241], "FUKUI+": [0.007, -0.004, -0.019, -0.006, -0.055, 0.032, -0.14, 0.014, 0.016, -0.032, -0.058, -0.032, -0.036, -0.038, -0.044, -0.044, -0.054, -0.045, -0.051, -0.067, -0.051, -0.076, -0.048, -0.063, -0.023, -0.025, -0.058], "FUKUI-": [0.016, 0.002, 0.005, -0.0, -0.021, 0.023, -0.111, -0.006, 0.02, -0.054, -0.065, -0.055, -0.06, -0.064, -0.049, -0.047, -0.054, -0.039, -0.055, -0.037, -0.055, -0.047, -0.056, -0.051, -0.032, -0.035, -0.072], "FUKUIrad": [0.012, -0.001, -0.007, -0.003, -0.038, 0.028, -0.125, 0.004, 0.018, -0.043, -0.062, -0.044, -0.048, -0.051, -0.047, -0.045, -0.054, -0.042, -0.053, -0.052, -0.053, -0.062, -0.052, -0.057, -0.028, -0.03, -0.065], "s proportion": [1.008, 1.028, 1.032, 1.047, 1.052, 1.016, 1.702, 1.04, 1.007, 0.973, 0.971, 0.973, 0.978, 0.976, 0.977, 0.976, 0.964, 0.976, 0.957, 0.976, 0.96, 0.667, 0.962, 0.976, 0.976, 0.973, 0.968], "p proportion": [3.076, 3.01, 3.016, 3.03, 2.705, 3.079, 4.87, 3.028, 3.076, 0.0, 0.0, 0.0, 0.0, 0.0, 0.0, 0.0, 0.0, 0.0, 0.0, 0.0, 0.0, 0.0, 0.0, 0.0, 0.0, 0.0, 0.0], "d proportion": [0.0, 0.0, 0.0, 0.0, 0.0, 0.0, 0.0, 0.0, 0.0, 0.0, 0.0, 0.0, 0.0, 0.0, 0.0, 0.0, 0.0, 0.0, 0.0, 0.0, 0.0, 0.0, 0.0, 0.0, 0.0, 0.0, 0.0], "Fermi-level/eV": -5.0938, "Coordination numbers": [3.75, 3.8, 3.8, 3.8, 3.769, 3.752, 1.653, 3.8, 3.748, 0.924, 0.924, 0.924, 0.924, 0.924, 0.924, 0.924, 0.923, 0.923, 0.924, 0.924, 0.924, 0.804, 0.923, 0.924, 0.924, 0.924, 0.924], "Dispersion coefficient C6": [22.484, 21.497, 21.652, 21.862, 18.304, 22.654, 21.987, 21.809, 22.436, 2.545, 2.555, 2.555, 2.626, 2.591, 2.544, 2.531, 2.467, 2.628, 2.334, 2.51, 2.347, 0.779, 2.406, 2.568, 2.547, 2.573, 2.544], "Total dispersion C6": 4841.41066, "Total dispersion C8": 100638.99538, "Polarizability alpha": [6.762, 6.601, 6.625, 6.657, 6.097, 6.787, 6.33, 6.649, 6.756, 2.495, 2.5, 2.5, 2.534, 2.517, 2.494, 2.488, 2.456, 2.535, 2.389, 2.478, 2.396, 1.386, 2.426, 2.506, 2.496, 2.508, 2.494], "Total polarizability alpha": 102.863917, "Wiberg matrix": [[0.0, 1.0201024290252063, 0.0, 0.0, 0.0, 0.0, 0.0, 0.0, 0.0, 0.9876406697334408, 0.9872561465077532, 0.9876736065537985, 0.0, 0.0, 0.0, 0.0, 0.0, 0.0, 0.0, 0.0, 0.0, 0.0, 0.0, 0.0, 0.0, 0.0, 0.0], [1.0201024290252063, 0.0, 1.0069833679428075, 0.0, 0.0, 0.0, 0.0, 0.0, 0.0, 0.0, 0.0, 0.0, 0.978130525771692, 0.9780423459251746, 0.0, 0.0, 0.0, 0.0, 0.0, 0.0, 0.0, 0.0, 0.0, 0.0, 0.0, 0.0, 0.0], [0.0, 1.0069833679428075, 0.0, 1.0071677024348582, 0.0, 0.0, 0.0, 0.0, 0.0, 0.0, 0.0, 0.0, 0.0, 0.0, 0.97506832810855, 0.9751505321200253, 0.0, 0.0, 0.0, 0.0, 0.0, 0.0, 0.0, 0.0, 0.0, 0.0, 0.0], [0.0, 0.0, 1.0071677024348582, 0.0, 0.9780397973480447, 0.0, 0.0, 0.0, 0.0, 0.0, 0.0, 0.0, 0.0, 0.0, 0.0, 0.0, 0.9743451343497644, 0.9713884210002932, 0.0, 0.0, 0.0, 0.0, 0.0, 0.0, 0.0, 0.0, 0.0], [0.0, 0.0, 0.0, 0.9780397973480447, 0.0, 0.9957688352233295, 0.9686036465698958, 0.9766692292956836, 0.0, 0.0, 0.0, 0.0, 0.0, 0.0, 0.0, 0.0, 0.0, 0.0, 0.0, 0.0, 0.0, 0.0, 0.0, 0.0, 0.0, 0.0, 0.0], [0.0, 0.0, 0.0, 0.0, 0.9957688352233295, 0.0, 0.0, 0.0, 0.0, 0.0, 0.0, 0.0, 0.0, 0.0, 0.0, 0.0, 0.0, 0.0, 0.9840185970966369, 0.9837913889045168, 0.9844325201463908, 0.0, 0.0, 0.0, 0.0, 0.0, 0.0], [0.0, 0.0, 0.0, 0.0, 0.9686036465698958, 0.0, 0.0, 0.0, 0.0, 0.0, 0.0, 0.0, 0.0, 0.0, 0.0, 0.0, 0.0, 0.0, 0.0, 0.0, 0.0, 0.8982708816761495, 0.0, 0.0, 0.0, 0.0, 0.0], [0.0, 0.0, 0.0, 0.0, 0.9766692292956836, 0.0, 0.0, 0.0, 1.0198739562466026, 0.0, 0.0, 0.0, 0.0, 0.0, 0.0, 0.0, 0.0, 0.0, 0.0, 0.0, 0.0, 0.0, 0.9752892468623278, 0.9749152856299461, 0.0, 0.0, 0.0], [0.0, 0.0, 0.0, 0.0, 0.0, 0.0, 0.0, 1.0198739562466026, 0.0, 0.0, 0.0, 0.0, 0.0, 0.0, 0.0, 0.0, 0.0, 0.0, 0.0, 0.0, 0.0, 0.0, 0.0, 0.0, 0.9857243333710631, 0.9842556857638728, 0.9863975386803925], [0.9876406697334408, 0.0, 0.0, 0.0, 0.0, 0.0, 0.0, 0.0, 0.0, 0.0, 0.0, 0.0, 0.0, 0.0, 0.0, 0.0, 0.0, 0.0, 0.0, 0.0, 0.0, 0.0, 0.0, 0.0, 0.0, 0.0, 0.0], [0.9872561465077532, 0.0, 0.0, 0.0, 0.0, 0.0, 0.0, 0.0, 0.0, 0.0, 0.0, 0.0, 0.0, 0.0, 0.0, 0.0, 0.0, 0.0, 0.0, 0.0, 0.0, 0.0, 0.0, 0.0, 0.0, 0.0, 0.0], [0.9876736065537985, 0.0, 0.0, 0.0, 0.0, 0.0, 0.0, 0.0, 0.0, 0.0, 0.0, 0.0, 0.0, 0.0, 0.0, 0.0, 0.0, 0.0, 0.0, 0.0, 0.0, 0.0, 0.0, 0.0, 0.0, 0.0, 0.0], [0.0, 0.978130525771692, 0.0, 0.0, 0.0, 0.0, 0.0, 0.0, 0.0, 0.0, 0.0, 0.0, 0.0, 0.0, 0.0, 0.0, 0.0, 0.0, 0.0, 0.0, 0.0, 0.0, 0.0, 0.0, 0.0, 0.0, 0.0], [0.0, 0.9780423459251746, 0.0, 0.0, 0.0, 0.0, 0.0, 0.0, 0.0, 0.0, 0.0, 0.0, 0.0, 0.0, 0.0, 0.0, 0.0, 0.0, 0.0, 0.0, 0.0, 0.0, 0.0, 0.0, 0.0, 0.0, 0.0], [0.0, 0.0, 0.97506832810855, 0.0, 0.0, 0.0, 0.0, 0.0, 0.0, 0.0, 0.0, 0.0, 0.0, 0.0, 0.0, 0.0, 0.0, 0.0, 0.0, 0.0, 0.0, 0.0, 0.0, 0.0, 0.0, 0.0, 0.0], [0.0, 0.0, 0.9751505321200253, 0.0, 0.0, 0.0, 0.0, 0.0, 0.0, 0.0, 0.0, 0.0, 0.0, 0.0, 0.0, 0.0, 0.0, 0.0, 0.0, 0.0, 0.0, 0.0, 0.0, 0.0, 0.0, 0.0, 0.0], [0.0, 0.0, 0.0, 0.9743451343497644, 0.0, 0.0, 0.0, 0.0, 0.0, 0.0, 0.0, 0.0, 0.0, 0.0, 0.0, 0.0, 0.0, 0.0, 0.0, 0.0, 0.0, 0.0, 0.0, 0.0, 0.0, 0.0, 0.0], [0.0, 0.0, 0.0, 0.9713884210002932, 0.0, 0.0, 0.0, 0.0, 0.0, 0.0, 0.0, 0.0, 0.0, 0.0, 0.0, 0.0, 0.0, 0.0, 0.0, 0.0, 0.0, 0.0, 0.0, 0.0, 0.0, 0.0, 0.0], [0.0, 0.0, 0.0, 0.0, 0.0, 0.9840185970966369, 0.0, 0.0, 0.0, 0.0, 0.0, 0.0, 0.0, 0.0, 0.0, 0.0, 0.0, 0.0, 0.0, 0.0, 0.0, 0.0, 0.0, 0.0, 0.0, 0.0, 0.0], [0.0, 0.0, 0.0, 0.0, 0.0, 0.9837913889045168, 0.0, 0.0, 0.0, 0.0, 0.0, 0.0, 0.0, 0.0, 0.0, 0.0, 0.0, 0.0, 0.0, 0.0, 0.0, 0.0, 0.0, 0.0, 0.0, 0.0, 0.0], [0.0, 0.0, 0.0, 0.0, 0.0, 0.9844325201463908, 0.0, 0.0, 0.0, 0.0, 0.0, 0.0, 0.0, 0.0, 0.0, 0.0, 0.0, 0.0, 0.0, 0.0, 0.0, 0.0, 0.0, 0.0, 0.0, 0.0, 0.0], [0.0, 0.0, 0.0, 0.0, 0.0, 0.0, 0.8982708816761495, 0.0, 0.0, 0.0, 0.0, 0.0, 0.0, 0.0, 0.0, 0.0, 0.0, 0.0, 0.0, 0.0, 0.0, 0.0, 0.0, 0.0, 0.0, 0.0, 0.0], [0.0, 0.0, 0.0, 0.0, 0.0, 0.0, 0.0, 0.9752892468623278, 0.0, 0.0, 0.0, 0.0, 0.0, 0.0, 0.0, 0.0, 0.0, 0.0, 0.0, 0.0, 0.0, 0.0, 0.0, 0.0, 0.0, 0.0, 0.0], [0.0, 0.0, 0.0, 0.0, 0.0, 0.0, 0.0, 0.9749152856299461, 0.0, 0.0, 0.0, 0.0, 0.0, 0.0, 0.0, 0.0, 0.0, 0.0, 0.0, 0.0, 0.0, 0.0, 0.0, 0.0, 0.0, 0.0, 0.0], [0.0, 0.0, 0.0, 0.0, 0.0, 0.0, 0.0, 0.0, 0.9857243333710631, 0.0, 0.0, 0.0, 0.0, 0.0, 0.0, 0.0, 0.0, 0.0, 0.0, 0.0, 0.0, 0.0, 0.0, 0.0, 0.0, 0.0, 0.0], [0.0, 0.0, 0.0, 0.0, 0.0, 0.0, 0.0, 0.0, 0.9842556857638728, 0.0, 0.0, 0.0, 0.0, 0.0, 0.0, 0.0, 0.0, 0.0, 0.0, 0.0, 0.0, 0.0, 0.0, 0.0, 0.0, 0.0, 0.0], [0.0, 0.0, 0.0, 0.0, 0.0, 0.0, 0.0, 0.0, 0.9863975386803925, 0.0, 0.0, 0.0, 0.0, 0.0, 0.0, 0.0, 0.0, 0.0, 0.0, 0.0, 0.0, 0.0, 0.0, 0.0, 0.0, 0.0, 0.0]], "Born radii": [], "Atomic SASAs": [], "Solvent H bonds": [], "Total SASA": NaN, "Total FOD": 0.0, "FOD": [0.0, 0.0, 0.0, 0.0, 0.0, 0.0, 0.0, 0.0, 0.0, 0.0, 0.0, 0.0, 0.0, 0.0, 0.0, 0.0, 0.0, 0.0, 0.0, 0.0, 0.0, 0.0, 0.0, 0.0, 0.0, 0.0, 0.0], "FOD s proportion": [0.0, 0.0, 0.0, 0.0, 0.0, 0.0, 0.0, 0.0, 0.0, 0.0, 0.0, 0.0, 0.0, 0.0, 0.0, 0.0, 0.0, 0.0, 0.0, 0.0, 0.0, 0.0, 0.0, 0.0, 0.0, 0.0, 0.0], "FOD p proportion": [0.0, 0.0, 0.0, 0.0, 0.0, 0.0, 0.0, 0.0, 0.0, 0.0, 0.0, 0.0, 0.0, 0.0, 0.0, 0.0, 0.0, 0.0, 0.0, 0.0, 0.0, 0.0, 0.0, 0.0, 0.0, 0.0, 0.0], "FOD d proportion": [0.0, 0.0, 0.0, 0.0, 0.0, 0.0, 0.0, 0.0, 0.0, 0.0, 0.0, 0.0, 0.0, 0.0, 0.0, 0.0, 0.0, 0.0, 0.0, 0.0, 0.0, 0.0, 0.0, 0.0, 0.0, 0.0, 0.0], "coordinates": [["3.45400", "0.66110", "-0.91660"], ["2.48630", "0.16270", "0.14500"], ["1.07900", "-0.02870", "-0.42440"], ["0.11300", "-0.53100", "0.65250"], ["-1.34240", "-0.75340", "0.18450"], ["-1.42400", "-1.88790", "-0.84490"], ["-2.09670", "-1.20380", "1.31930"], ["-2.02960", "0.50370", "-0.39090"], ["-2.03200", "1.71740", "0.53180"], ["3.52930", "-0.05130", "-1.74430"], ["4.45270", "0.79100", "-0.48810"], ["3.12990", "1.62530", "-1.32110"], ["2.45890", "0.88190", "0.97200"], ["2.85610", "-0.78590", "0.55140"], ["0.72670", "0.92460", "-0.83310"], ["1.12340", "-0.74300", "-1.25370"], ["0.49560", "-1.47370", "1.06810"], ["0.12150", "0.16450", "1.50200"], ["-2.46850", "-2.14390", "-1.05850"], ["-0.93930", "-1.62480", "-1.78980"], ["-0.95850", "-2.80120", "-0.45690"], ["-1.97300", "-0.56520", "2.04130"], ["-3.07830", "0.26430", "-0.61140"], ["-1.56550", "0.78720", "-1.34290"], ["-1.01730", "2.06970", "0.73730"], ["-2.52500", "1.49890", "1.48350"], ["-2.57630", "2.54150", "0.05870"]], "bond_dist": [[0.0, 1.5204737452517885, 2.5216482466831094, 3.8788475376070144, 5.120418383296427, 5.504309756000293, 6.267963888696232, 5.510989403909247, 5.771466732989111, 1.09465571756603, 1.0944806759372228, 1.0946884031540665, 2.146109645381615, 2.146233307448191, 2.741271564438664, 2.7416837126116502, 4.153135645509306, 4.147504523204284, 6.554705703538489, 5.028807208473993, 5.627521801823606, 6.301215208195956, 6.551453317394547, 5.0391480579558285, 4.971122897293931, 6.496986212852849, 6.391528169381717], [1.5204737452517885, 0.0, 1.530144963720758, 2.5241491299049663, 3.9369713168881484, 4.524965023069239, 4.9244483691069405, 4.5603533437662485, 4.793927535956296, 2.1686630651163865, 2.1592372403235363, 2.1686099072908434, 1.096324951827696, 1.096245848338775, 2.1525248848735754, 2.1527077344590926, 2.73729886201708, 2.726486985114728, 5.596325477489672, 4.321266324817299, 4.584063029671385, 4.900117201659569, 5.616692681641038, 4.361299106917571, 4.032701482877204, 5.356317800504373, 5.594287791131236], [2.5216482466831094, 1.530144963720758, 0.0, 1.531396388920909, 2.5998321599672547, 3.146180841909759, 3.808729471884292, 3.154039627208257, 3.6934407603209234, 2.7832744852062294, 3.472436820159584, 2.783159661248345, 2.1640816366301894, 2.164167713001929, 1.095414017620735, 1.0954151450477576, 2.157761991045352, 2.159895703500519, 4.178625384022837, 2.912968805188274, 3.4408165818596026, 3.960077365405883, 4.1718055191966945, 2.9159415820623016, 3.1854831878382286, 4.354590700628476, 4.494500165758145], [3.8788475376070144, 2.5241491299049663, 1.531396388920909, 0.0, 1.5448867013473835, 2.538848827717003, 2.404174737825851, 2.5980805241562472, 3.109806432882922, 4.200698515723308, 4.6777824286728, 4.2007632949262925, 2.7571023684295803, 2.756772175933296, 2.168503264927217, 2.167821625503353, 1.0989947270119178, 1.0979265685827992, 3.491863350705465, 2.8755109146028293, 2.7445744023436496, 2.506258382529623, 3.5233990676617943, 2.921751982971861, 2.8369719103297446, 3.4307577894686765, 4.126159131686514], [5.120418383296427, 3.9369713168881484, 2.5998321599672547, 1.5448867013473835, 0.0, 1.5340838210475982, 1.435130548068711, 1.5439007124812139, 2.5886324748793523, 5.286461457345547, 6.034960325470251, 5.284554128779456, 4.212391723237524, 4.21462621237044, 2.8517308025127477, 2.854592272111728, 2.162828021364621, 2.17286674004643, 2.1786786041084625, 2.1953787964722626, 2.1799674332429833, 1.9699700099240092, 2.163912870242238, 2.1808651333817046, 2.895025295226278, 2.856361155386342, 3.5206108646085834], [5.504309756000293, 4.524965023069239, 3.146180841909759, 2.538848827717003, 1.5340838210475982, 0.0, 2.3673360006555892, 2.508509103033114, 3.906808797471409, 5.358843234318392, 6.468339380397413, 5.771251674463695, 5.103903414054776, 4.635009568490663, 3.540594015133619, 2.822615845275442, 2.7415314698175544, 3.479778099247134, 1.0964220036099241, 1.0940711631333677, 1.0960616497259634, 3.2219693868812596, 2.7245541983965005, 2.724735998220745, 4.281513691441381, 4.25488681400575, 4.665176589369367], [6.267963888696232, 4.9244483691069405, 3.808729471884292, 2.404174737825851, 1.435130548068711, 2.3673360006555892, 0.0, 2.4176109488501245, 3.0261777508930296, 6.508899846364207, 7.081000081909335, 6.503296589422936, 5.022375248824007, 5.0293676202878626, 4.139383997649892, 4.147494382154122, 2.618390104625359, 2.612668256782709, 2.5837871603520286, 3.3441469121436636, 2.6461429364265263, 0.971800210948732, 2.6165738399670664, 3.366535798116515, 3.495658823455172, 2.741348175624541, 3.9807537740985692], [5.510989403909247, 4.5603533437662485, 3.154039627208257, 2.5980805241562472, 1.5439007124812139, 2.508509103033114, 2.4176109488501245, 0.0, 1.5246142922063928, 5.748137591429071, 6.489391529257579, 5.361315029915701, 4.706077336806101, 5.14014221009497, 2.8230988895183957, 3.49858453235019, 3.5235531498758466, 2.8853696920845344, 2.7655214209982173, 2.7705933570266135, 3.4747626134744802, 2.6573196288741783, 1.0980456730027217, 1.096387276467581, 2.1794362872082313, 2.179270419199967, 2.157231997259451], [5.771466732989111, 4.793927535956296, 3.6934407603209234, 3.109806432882922, 2.5886324748793523, 3.906808797471409, 3.0261777508930296, 1.5246142922063928, 0.0, 6.263943533430039, 6.629460540647331, 5.485155643188259, 4.589119643243135, 5.49185002162295, 3.178350128604462, 4.3815667939676555, 4.106031984775569, 2.826720484943639, 4.198716950450459, 4.213563894139972, 4.748439312026637, 2.7372128178130395, 2.1244174589755187, 2.144153534614534, 1.093600306327682, 1.093857458721199, 1.095092192466004], [1.09465571756603, 2.1686630651163865, 2.7832744852062294, 4.200698515723308, 5.286461457345547, 5.358843234318392, 6.508899846364207, 5.748137591429071, 6.263943533430039, 0.0, 1.7720539749115995, 1.7747129796110694, 3.0651107794009667, 2.5026134120155277, 3.104389313536561, 2.550978647499818, 4.374488679834479, 4.711489591413739, 6.38928018167931, 4.737758801374338, 5.41845897003936, 6.698519676764412, 6.7114412408960265, 5.178917961311996, 5.597191359959028, 7.033943514842864, 6.873992449806735], [1.0944806759372228, 2.1592372403235363, 3.472436820159584, 4.6777824286728, 6.034960325470251, 6.468339380397413, 7.081000081909335, 6.489391529257579, 6.629460540647331, 1.7720539749115995, 0.0, 1.771932653912106, 2.4729321179522903, 2.473116539914769, 3.7443223632588047, 3.744801443334479, 4.817599499750887, 4.8075246957244016, 7.539363607758947, 6.050138554611787, 6.495071956491322, 7.037525366916982, 7.550402425036695, 6.0786041753020905, 5.749572057988317, 7.285370701618416, 7.264301858403187], [1.0946884031540665, 2.1686099072908434, 2.783159661248345, 4.2007632949262925, 5.284554128779456, 5.771251674463695, 6.503296589422936, 5.361315029915701, 5.485155643188259, 1.7747129796110694, 1.771932653912106, 0.0, 2.502237432778912, 3.0651440634984843, 2.550391093538401, 3.104743129471422, 4.717161660363146, 4.376562670635484, 6.754103194355265, 5.228883087237657, 6.08734412120754, 6.491811181788947, 6.395134269896136, 4.769661204949467, 4.651211644292269, 6.313450097213091, 5.941715991193116], [2.146109645381615, 1.096324951827696, 2.1640816366301894, 2.7571023684295803, 4.212391723237524, 5.103903414054776, 5.022375248824007, 4.706077336806101, 4.589119643243135, 3.0651107794009667, 2.4729321179522903, 2.502237432778912, 0.0, 1.7652844076805303, 2.502144308388307, 3.062286849725218, 3.0680015417206032, 2.501799656247478, 6.128431010462629, 5.045676106331044, 5.223562345756007, 4.783224697837223, 5.79216446244407, 4.643654321759965, 3.6810215117545835, 5.047928333484936, 5.379742381378499], [2.146233307448191, 1.096245848338775, 2.164167713001929, 2.756772175933296, 4.21462621237044, 4.635009568490663, 5.0293676202878626, 5.14014221009497, 5.49185002162295, 2.5026134120155277, 2.473116539914769, 3.0651440634984843, 1.7652844076805303, 0.0, 3.062187920425525, 2.502493898094459, 2.5123709877325044, 3.047119571004722, 5.726020185958133, 4.537624026955076, 4.4304938934615405, 5.058529164688092, 6.13776239683486, 5.060984356822297, 4.8158319873101885, 5.919912048333151, 6.389468977152952], [2.741271564438664, 2.1525248848735754, 1.095414017620735, 2.168503264927217, 2.8517308025127477, 3.540594015133619, 4.139383997649892, 2.8230988895183957, 3.178350128604462, 3.104389313536561, 3.7443223632588047, 2.550391093538401, 2.502144308388307, 3.062187920425525, 0.0, 1.7649830055839064, 3.069171148697967, 2.5291720107576707, 4.435741251470829, 3.1922204262863803, 4.106459682013206, 4.215454837855578, 3.8682259473820815, 2.3522235523010986, 2.6113111974638334, 4.0336099142083635, 3.784109122369491], [2.7416837126116502, 2.1527077344590926, 1.0954151450477576, 2.167821625503353, 2.854592272111728, 2.822615845275442, 4.147494382154122, 3.49858453235019, 4.3815667939676555, 2.550978647499818, 3.744801443334479, 3.104743129471422, 3.062286849725218, 2.502493898094459, 1.7649830055839064, 0.0, 2.5137244419386944, 3.0694042337235414, 3.8603587216734145, 2.3064487291071525, 3.0340377535554834, 4.525077988278213, 4.368235967756321, 3.0951012729796097, 4.056840985298782, 5.082243796788973, 5.118409332986177], [4.153135645509306, 2.73729886201708, 2.157761991045352, 1.0989947270119178, 2.162828021364621, 2.7415314698175544, 2.618390104625359, 3.5235531498758466, 4.106031984775569, 4.374488679834479, 4.817599499750887, 4.717161660363146, 3.0680015417206032, 2.5123709877325044, 3.069171148697967, 2.5137244419386944, 0.0, 1.735488190682956, 3.7091083038919206, 3.2014624205197224, 2.490439330720586, 2.804723952548628, 4.314409051075246, 3.8952179682271955, 3.867037446159528, 4.258278088617511, 5.155316577088162], [4.147504523204284, 2.726486985114728, 2.159895703500519, 1.0979265685827992, 2.17286674004643, 3.479778099247134, 2.612668256782709, 2.8853696920845344, 2.826720484943639, 4.711489591413739, 4.8075246957244016, 4.376562670635484, 2.501799656247478, 3.047119571004722, 2.5291720107576707, 3.0694042337235414, 1.735488190682956, 0.0, 4.311956726359856, 3.893948942911296, 3.7147093695200435, 2.2825943200665333, 3.8360317569071296, 3.3655876604242536, 2.347641064984168, 2.9639378974600663, 3.8744507649472073], [6.554705703538489, 5.596325477489672, 4.178625384022837, 3.491863350705465, 2.1786786041084625, 1.0964220036099241, 2.5837871603520286, 2.7655214209982173, 4.198716950450459, 6.38928018167931, 7.539363607758947, 6.754103194355265, 6.128431010462629, 5.726020185958133, 4.435741251470829, 3.8603587216734145, 3.7091083038919206, 4.311956726359856, 0.0, 1.7727710342850258, 1.75330141447499, 3.5137691984534216, 2.524119983281302, 3.080201222322983, 4.804716853259929, 4.442403413693988, 4.817959094886547], [5.028807208473993, 4.321266324817299, 2.912968805188274, 2.8755109146028293, 2.1953787964722626, 1.0940711631333677, 3.3441469121436636, 2.7705933570266135, 4.213563894139972, 4.737758801374338, 6.050138554611787, 5.228883087237657, 5.045676106331044, 4.537624026955076, 3.1922204262863803, 2.3064487291071525, 3.2014624205197224, 3.893948942911296, 1.7727710342850258, 0.0, 1.7778942628851695, 4.107141957614809, 3.0874983999995855, 2.531716818682532, 4.476789995074596, 4.794417490164994, 4.843013208736891], [5.627521801823606, 4.584063029671385, 3.4408165818596026, 2.7445744023436496, 2.1799674332429833, 1.0960616497259634, 2.6461429364265263, 3.4747626134744802, 4.748439312026637, 5.41845897003936, 6.495071956491322, 6.08734412120754, 5.223562345756007, 4.4304938934615405, 4.106459682013206, 3.0340377535554834, 2.490439330720586, 3.7147093695200435, 1.75330141447499, 1.7778942628851695, 0.0, 3.502843058145769, 3.730242959915614, 3.745672110583093, 5.015499764729334, 4.970908812279703, 5.606029208807247], [6.301215208195956, 4.900117201659569, 3.960077365405883, 2.506258382529623, 1.9699700099240092, 3.2219693868812596, 0.971800210948732, 2.6573196288741783, 2.7372128178130395, 6.698519676764412, 7.037525366916982, 6.491811181788947, 4.783224697837223, 5.058529164688092, 4.215454837855578, 4.525077988278213, 2.804723952548628, 2.2825943200665333, 3.5137691984534216, 4.107141957614809, 3.502843058145769, 0.0, 2.9910826852496073, 3.6671312561728686, 3.0913551235663626, 2.2082467366668967, 3.7344689769765127], [6.551453317394547, 5.616692681641038, 4.1718055191966945, 3.5233990676617943, 2.163912870242238, 2.7245541983965005, 2.6165738399670664, 1.0980456730027217, 2.1244174589755187, 6.7114412408960265, 7.550402425036695, 6.395134269896136, 5.79216446244407, 6.13776239683486, 3.8682259473820815, 4.368235967756321, 4.314409051075246, 3.8360317569071296, 2.524119983281302, 3.0874983999995855, 3.730242959915614, 2.9910826852496073, 0.0, 1.759852408584311, 3.0538798028082246, 2.4937890969366276, 2.426247689334294], [5.0391480579558285, 4.361299106917571, 2.9159415820623016, 2.921751982971861, 2.1808651333817046, 2.724735998220745, 3.366535798116515, 1.096387276467581, 2.144153534614534, 5.178917961311996, 6.0786041753020905, 4.769661204949467, 4.643654321759965, 5.060984356822297, 2.3522235523010986, 3.0951012729796097, 3.8952179682271955, 3.3655876604242536, 3.080201222322983, 2.531716818682532, 3.745672110583093, 3.6671312561728686, 1.759852408584311, 0.0, 2.5045082411523425, 3.068500301450205, 2.462471865829131], [4.971122897293931, 4.032701482877204, 3.1854831878382286, 2.8369719103297446, 2.895025295226278, 4.281513691441381, 3.495658823455172, 2.1794362872082313, 1.093600306327682, 5.597191359959028, 5.749572057988317, 4.651211644292269, 3.6810215117545835, 4.8158319873101885, 2.6113111974638334, 4.056840985298782, 3.867037446159528, 2.347641064984168, 4.804716853259929, 4.476789995074596, 5.015499764729334, 3.0913551235663626, 3.0538798028082246, 2.5045082411523425, 0.0, 1.7764533120799992, 1.7645322893050155], [6.496986212852849, 5.356317800504373, 4.354590700628476, 3.4307577894686765, 2.856361155386342, 4.25488681400575, 2.741348175624541, 2.179270419199967, 1.093857458721199, 7.033943514842864, 7.285370701618416, 6.313450097213091, 5.047928333484936, 5.919912048333151, 4.0336099142083635, 5.082243796788973, 4.258278088617511, 2.9639378974600663, 4.442403413693988, 4.794417490164994, 4.970908812279703, 2.2082467366668967, 2.4937890969366276, 3.068500301450205, 1.7764533120799992, 0.0, 1.7662676722399695], [6.391528169381717, 5.594287791131236, 4.494500165758145, 4.126159131686514, 3.5206108646085834, 4.665176589369367, 3.9807537740985692, 2.157231997259451, 1.095092192466004, 6.873992449806735, 7.264301858403187, 5.941715991193116, 5.379742381378499, 6.389468977152952, 3.784109122369491, 5.118409332986177, 5.155316577088162, 3.8744507649472073, 4.817959094886547, 4.843013208736891, 5.606029208807247, 3.7344689769765127, 2.426247689334294, 2.462471865829131, 1.7645322893050155, 1.7662676722399695, 0.0]]}