{"total energy": -64.63568839, "HOMO-LUMO gap/eV": 2.58158887, "electronic energy": -65.17941527, "dipole": [2.36971032, 0.90012472, -0.47615409], "partial charges": [-0.1155423, 0.0835175, -0.26186938, 0.35179479, -0.40383143, -0.08698093, 0.01163304, -0.08945038, 0.40037311, -0.38475289, -0.25883499, 0.04643549, -0.26742324, 0.04639044, 0.355657, -0.40140452, -0.24446877, 0.08790341, -0.11342295, 0.05921446, 0.05864133, 0.05513936, 0.0551708, 0.05529746, 0.10276063, 0.09526188, 0.09086136, 0.05800952, 0.0670416, 0.07019979, 0.07081292, 0.06641936, 0.05849071, 0.05621595, 0.05441257, 0.05478698, 0.06196983, 0.05357047], "atomic dipole moments": [[-0.00633479, -0.12005839, -0.08289888], [-0.25841719, -0.00013487, 0.01734328], [0.16723271, -0.12137621, -0.09667426], [0.04807621, 0.11012103, 0.06738884], [-0.1184539, 0.10790214, 0.08231285], [0.06198772, -0.09290476, -0.07695788], [-0.11747412, 0.0807666, -0.01389793], [0.29497003, -0.26570584, -0.34207172], [0.22447791, 0.13807543, -0.06246264], [0.3772936, 0.1991589, 0.01669746], [-0.10230258, -0.06114257, -0.15962198], [-0.0445885, 0.23072779, 0.18183375], [-0.15457663, 0.0795862, 0.05858172], [0.17636529, -0.19915339, 0.13522754], [0.08394686, -0.09606515, -0.06365426], [0.05252697, -0.15412252, 0.08390513], [-0.04656183, 0.18118194, -0.12507661], [-0.04383843, -0.09706499, 0.23941917], [-0.07434912, 0.12035857, 0.03784436], [-0.06363326, 0.10099434, -0.04861293], [-0.05192716, -0.01418448, 0.11695455], [0.12545349, 0.03053682, 0.0124094], [0.04583407, 0.02422029, -0.11725121], [0.05802223, -0.09782467, 0.05845374], [-0.05399035, 0.11928619, -0.04439902], [-0.03744437, -0.02792507, 0.12562865], [0.061015, -0.11637504, 0.03644773], [-0.02402481, 0.04988726, -0.11340308], [-0.07940888, -0.0899908, 0.03583207], [0.11687217, -0.04460707, 0.0041793], [0.05750748, 0.06346642, -0.09297016], [-0.09722213, -0.0620891, -0.04739014], [-0.02963098, 0.0789924, 0.09425113], [0.07840508, 0.10141041, -0.00319869], [-0.1039486, 0.01397072, -0.07220191], [-0.07011256, -0.10665521, 0.00841571], [0.10294731, -0.0259636, 0.07414433], [0.03822485, 0.01562302, -0.12219113]], "atomic quadrupole moments": [[-0.13001005, 0.05039124, 0.14211193, 0.03348112, 0.19852078, -0.01210188], [0.39395099, 0.1832887, -0.11503372, 0.07213233, 0.18943054, -0.27891727], [0.08007071, 0.02760973, -0.02677544, 0.00896104, 0.03023981, -0.05329527], [-0.31977356, 0.08094654, 0.0591026, 0.10735542, -0.29212766, 0.26067096], [-0.10981531, -0.01381874, 0.00030861, 0.00854053, -0.14174191, 0.1095067], [0.13359991, 0.1074512, -0.02374611, 0.04340703, 0.22061445, -0.1098538], [0.22119264, 0.14910733, -0.19641386, -0.07486804, 0.0839372, -0.02477879], [0.28735482, 0.25124281, -0.12644348, -0.05430208, 0.44634754, -0.16091134], [-0.73378258, -0.63795828, 0.41977961, 0.2371447, 0.14481251, 0.31400298], [0.42117835, 0.46449871, -0.07211173, -0.03110362, 0.01483459, -0.34906662], [-0.01060803, -0.05625037, 0.02708667, 0.01899039, 0.08863537, -0.01647864], [-0.25429093, -0.10431822, 0.20248278, -0.06589042, 0.41619584, 0.05180815], [-0.00441121, -0.0804408, -0.00598316, 0.01047675, -0.08517625, 0.01039437], [0.01805079, -0.35723854, 0.11157341, 0.208741, -0.25918998, -0.1296242], [0.31875201, 0.25205984, -0.11707478, 0.12711507, 0.22498573, -0.20167722], [0.11426294, 0.11937032, -0.0292949, 0.07844482, 0.03834362, -0.08496804], [-0.03858526, -0.01155327, -0.0257086, -0.03603507, -0.02086333, 0.06429386], [-0.24355771, -0.11748723, -0.12896787, -0.27143716, -0.04037907, 0.37252559], [-0.0385916, -0.16907615, 0.12592175, -0.08085991, 0.11524507, -0.08733015], [-0.02391003, -0.04451966, 0.0251213, 0.03145632, -0.03719422, -0.00121127], [-0.03482732, 0.01142828, -0.02071527, -0.04375023, -0.02401252, 0.05554259], [0.08166022, 0.0216264, -0.03598002, 0.00562571, 0.00961875, -0.0456802], [-0.00621734, 0.01830213, -0.02539391, -0.01016929, -0.00445805, 0.03161125], [-0.00182297, -0.00735373, 0.02123628, 0.0209796, -0.02030138, -0.01941331], [-0.01117975, -0.02224977, 0.03387005, 0.03033627, -0.01087913, -0.02269031], [-0.02596164, 0.02821427, -0.02216879, -0.02317574, -0.00504244, 0.04813043], [0.01737189, -0.00473896, 0.00264567, 0.00302665, -0.00931615, -0.02001757], [-0.05250424, -0.02511351, 0.00406232, 0.01302265, -0.01018511, 0.04844192], [-0.00246907, 0.04363297, 0.02588182, -0.03377223, 0.00495389, -0.02341275], [0.06567377, -0.03044964, -0.02568872, 0.01979366, 0.01429526, -0.03998505], [0.0078826, 0.01546608, -0.0207075, -0.04248019, -0.04667038, 0.0128249], [0.02749043, 0.02750476, 0.0086253, 0.04383736, 0.00167962, -0.03611573], [-0.03374348, -0.03959354, 0.0104108, -0.00078993, 0.0266008, 0.02333268], [-0.0053843, 0.03112915, 0.01255376, -0.01211443, 0.01020976, -0.00716946], [0.02459017, -0.01130469, -0.03276353, 0.01679698, 0.00308376, 0.00817336], [0.01946343, 0.05339947, 0.03269409, -0.00518511, -0.00256615, -0.05215752], [0.03332979, -0.00909722, -0.02971769, 0.06117801, 0.00294787, -0.0036121], [-0.03905916, -1.518e-05, -0.03295006, -0.03606623, -0.02362728, 0.07200922]], "number of molecular orbitals": 110, "number of electrons": 112, "number of unpaired electrons": 0, "orbital energies/eV": [-20.59814615, -20.58142107, -20.49945385, -20.34656625, -20.10135118, -19.95465894, -19.91291979, -18.96365695, -18.9274349, -18.79288374, -18.51460285, -18.18161111, -17.94707023, -17.37832385, -17.05734247, -17.02349693, -16.9346195, -16.701152, -16.4881907, -16.43413512, -16.26268454, -16.25485281, -16.02197685, -15.97509537, -15.81292434, -15.73943337, -15.49415584, -15.44539987, -15.25923493, -15.10448597, -14.81733519, -14.77836063, -14.55243585, -14.28848477, -14.16592725, -13.96720114, -13.57747009, -13.4917668, -13.45222005, -13.42771382, -13.35528731, -13.24282109, -13.18217115, -13.16516005, -13.0572462, -13.01806352, -12.99085396, -12.51568641, -12.29146093, -12.23826345, -12.17148072, -11.99649773, -11.91077376, -11.13835741, -10.06797838, -9.98889954, -7.40731068, -7.02411765, -6.60864804, -6.0299208, -4.63807909, -3.81800311, -3.03669611, -1.09254351, -0.99160811, -0.63817865, -0.16302836, 0.02720038, 0.23688553, 0.52897653, 0.76381495, 0.83664554, 1.95651152, 2.20914238, 2.36131831, 2.46839424, 2.81007586, 2.98064175, 3.05183071, 3.12962227, 3.36875048, 3.40669275, 3.48933856, 3.53769059, 3.5632481, 3.68689903, 3.82324197, 4.07140959, 4.33407357, 4.40896207, 4.66606135, 4.84068701, 4.96388587, 5.19752536, 5.36192478, 5.82789717, 6.14948619, 6.205959, 6.42814934, 6.6589444, 6.80566855, 6.87491811, 9.02858509, 11.05180742, 11.35401396, 15.31657161, 15.631497, 25.71205028, 26.87127894, 35.66561291], "fractional occupation": [2.0, 2.0, 2.0, 2.0, 2.0, 2.0, 2.0, 2.0, 2.0, 2.0, 2.0, 2.0, 2.0, 2.0, 2.0, 2.0, 2.0, 2.0, 2.0, 2.0, 2.0, 2.0, 2.0, 2.0, 2.0, 2.0, 2.0, 2.0, 2.0, 2.0, 2.0, 2.0, 2.0, 2.0, 2.0, 2.0, 2.0, 2.0, 2.0, 2.0, 2.0, 2.0, 2.0, 2.0, 2.0, 2.0, 2.0, 2.0, 2.0, 2.0, 2.0, 2.0, 2.0, 2.0, 2.0, 2.0, 0.0, 0.0, 0.0, 0.0, 0.0, 0.0, 0.0, 0.0, 0.0, 0.0, 0.0, 0.0, 0.0, 0.0, 0.0, 0.0, 0.0, 0.0, 0.0, 0.0, 0.0, 0.0, 0.0, 0.0, 0.0, 0.0, 0.0, 0.0, 0.0, 0.0, 0.0, 0.0, 0.0, 0.0, 0.0, 0.0, 0.0, 0.0, 0.0, 0.0, 0.0, 0.0, 0.0, 0.0, 0.0, 0.0, 0.0, 0.0, 0.0, 0.0, 0.0, 0.0, 0.0, 0.0], "program call": "xtb /home/svss/Project-DBcg-Debug/aqme2_20220329/End-to-End-workflows-final/example-3/QDESCP/mol_355_rdkit_conf_1/mol_355_rdkit_conf_1.xyz --pop --wbo --acc 0.2 --gfn 2 --chrg 0 --uhf 0 --etemp 300 --input /home/svss/Project-DBcg-Debug/aqme2_20220329/End-to-End-workflows-final/example-3/QDESCP/mol_355_rdkit_conf_1/mol_355_rdkit_conf_1_xtb.inp", "method": "GFN2-xTB", "xtb version": "6.3.3 (7355c4f)", "Dipole module/D": 6.556, "Total charge": 0, "Transition dipole module/D": NaN, "HOMO": -9.9889, "LUMO": -7.4073, "HOMO occupancy": 2.0, "LUMO occupancy": 0, "mulliken charges": [-0.09533, 0.2063, -0.42003, 0.57593, -0.52571, -0.07768, 0.03613, -0.06478, 0.3773, -0.2131, -0.36777, 0.18379, -0.37048, 0.17656, 0.58, -0.53633, -0.39438, 0.20888, -0.09337, 0.04419, 0.04275, 0.03564, 0.04155, 0.0394, 0.07655, 0.06636, 0.07226, 0.03735, 0.02936, 0.03303, 0.03925, 0.02847, 0.03239, 0.03937, 0.03977, 0.03937, 0.04598, 0.03103], "cm5 charges": [-0.24201, 0.12387, -0.50347, 0.62609, -0.57475, -0.16924, -0.00055, -0.06357, 0.31788, -0.18359, -0.43337, 0.06839, -0.43963, 0.06102, 0.63645, -0.58494, -0.4776, 0.12663, -0.24016, 0.09742, 0.09598, 0.08684, 0.10633, 0.10415, 0.13908, 0.12605, 0.14256, 0.10198, 0.09014, 0.09282, 0.09953, 0.08905, 0.09529, 0.1042, 0.10637, 0.09319, 0.09932, 0.08225], "FUKUI+": [0.008, 0.011, -0.046, -0.037, -0.073, 0.015, 0.015, -0.209, -0.059, -0.095, -0.002, 0.016, 0.002, 0.02, -0.037, -0.099, -0.052, 0.015, 0.011, -0.011, -0.012, -0.022, -0.015, -0.018, -0.034, -0.045, -0.048, -0.014, -0.021, -0.024, -0.02, -0.025, -0.002, -0.022, -0.02, -0.011, -0.014, -0.026], "FUKUI-": [0.007, 0.006, -0.026, -0.002, -0.032, 0.003, 0.013, -0.125, -0.114, -0.351, 0.0, 0.023, -0.0, 0.024, 0.006, -0.036, -0.013, 0.008, 0.008, -0.03, -0.029, -0.025, -0.031, -0.032, -0.016, -0.019, -0.025, -0.016, -0.014, -0.034, -0.033, -0.016, -0.01, -0.02, -0.01, -0.005, -0.015, -0.021], "FUKUIrad": [0.008, 0.008, -0.036, -0.019, -0.052, 0.009, 0.014, -0.167, -0.086, -0.223, -0.001, 0.02, 0.001, 0.022, -0.015, -0.067, -0.032, 0.012, 0.009, -0.02, -0.021, -0.023, -0.023, -0.025, -0.025, -0.032, -0.037, -0.015, -0.017, -0.029, -0.027, -0.02, -0.006, -0.021, -0.015, -0.008, -0.014, -0.023], "s proportion": [1.011, 0.994, 1.699, 0.987, 1.73, 1.044, 1.074, 1.915, 1.516, 1.891, 1.648, 0.972, 1.655, 0.973, 0.988, 1.732, 1.695, 0.993, 1.011, 0.956, 0.957, 0.964, 0.958, 0.961, 0.923, 0.934, 0.928, 0.963, 0.971, 0.967, 0.961, 0.972, 0.968, 0.961, 0.96, 0.961, 0.954, 0.969], "p proportion": [3.084, 2.799, 4.721, 2.437, 4.796, 3.034, 2.89, 4.155, 2.024, 4.336, 4.719, 2.844, 4.716, 2.851, 2.432, 4.804, 4.699, 2.798, 3.083, 0.0, 0.0, 0.0, 0.0, 0.0, 0.0, 0.0, 0.0, 0.0, 0.0, 0.0, 0.0, 0.0, 0.0, 0.0, 0.0, 0.0, 0.0, 0.0], "d proportion": [0.0, 0.0, 0.0, 0.0, 0.0, 0.0, 0.0, -0.005, 1.083, -0.014, 0.0, 0.0, 0.0, 0.0, 0.0, 0.0, 0.0, 0.0, 0.0, 0.0, 0.0, 0.0, 0.0, 0.0, 0.0, 0.0, 0.0, 0.0, 0.0, 0.0, 0.0, 0.0, 0.0, 0.0, 0.0, 0.0, 0.0, 0.0], "Fermi-level/eV": -8.6981, "Coordination numbers": [3.748, 3.703, 1.703, 2.721, 0.856, 3.848, 3.85, 1.977, 3.925, 0.926, 1.657, 3.849, 1.657, 3.856, 2.762, 0.856, 1.703, 3.703, 3.748, 0.924, 0.924, 0.924, 0.924, 0.924, 0.924, 0.924, 0.924, 0.924, 0.924, 0.924, 0.924, 0.924, 0.924, 0.924, 0.924, 0.924, 0.924, 0.924], "Dispersion coefficient C6": [22.778, 19.338, 18.34, 21.026, 21.758, 22.123, 20.347, 144.782, 143.661, 155.908, 18.305, 19.763, 18.45, 19.76, 20.965, 21.71, 18.051, 19.267, 22.737, 2.208, 2.215, 2.257, 2.257, 2.255, 1.76, 1.829, 1.871, 2.223, 2.118, 2.083, 2.077, 2.125, 2.217, 2.244, 2.266, 2.261, 2.176, 2.276], "Total dispersion C6": 18405.526703, "Total dispersion C8": 515100.343542, "Polarizability alpha": [6.807, 6.288, 5.782, 7.506, 6.254, 6.69, 6.416, 20.252, 21.531, 21.119, 5.776, 6.323, 5.798, 6.322, 7.498, 6.247, 5.736, 6.276, 6.801, 2.324, 2.327, 2.349, 2.349, 2.348, 2.075, 2.115, 2.139, 2.331, 2.276, 2.257, 2.254, 2.28, 2.328, 2.343, 2.354, 2.352, 2.307, 2.359], "Total polarizability alpha": 208.891102, "Wiberg matrix": [[0.0, 1.0195923085440246, 0.0, 0.0, 0.0, 0.0, 0.0, 0.0, 0.0, 0.0, 0.0, 0.0, 0.0, 0.0, 0.0, 0.0, 0.0, 0.0, 0.0, 0.9849857099706298, 0.985046273958049, 0.9830287696027845, 0.0, 0.0, 0.0, 0.0, 0.0, 0.0, 0.0, 0.0, 0.0, 0.0, 0.0, 0.0, 0.0, 0.0, 0.0, 0.0], [1.0195923085440246, 0.0, 0.9344341437347865, 0.0, 0.0, 0.0, 0.0, 0.0, 0.0, 0.0, 0.0, 0.0, 0.0, 0.0, 0.0, 0.0, 0.0, 0.0, 0.0, 0.0, 0.0, 0.0, 0.969235820915524, 0.9691855787228344, 0.0, 0.0, 0.0, 0.0, 0.0, 0.0, 0.0, 0.0, 0.0, 0.0, 0.0, 0.0, 0.0, 0.0], [0.0, 0.9344341437347865, 0.0, 1.1336488204110762, 0.1752140758876868, 0.0, 0.0, 0.0, 0.0, 0.0, 0.0, 0.0, 0.0, 0.0, 0.0, 0.0, 0.0, 0.0, 0.0, 0.0, 0.0, 0.0, 0.0, 0.0, 0.0, 0.0, 0.0, 0.0, 0.0, 0.0, 0.0, 0.0, 0.0, 0.0, 0.0, 0.0, 0.0, 0.0], [0.0, 0.0, 1.1336488204110762, 0.0, 1.7534830942748938, 0.9750870592568597, 0.0, 0.0, 0.0, 0.0, 0.0, 0.0, 0.0, 0.0, 0.0, 0.0, 0.0, 0.0, 0.0, 0.0, 0.0, 0.0, 0.0, 0.0, 0.0, 0.0, 0.0, 0.0, 0.0, 0.0, 0.0, 0.0, 0.0, 0.0, 0.0, 0.0, 0.0, 0.0], [0.0, 0.0, 0.1752140758876868, 1.7534830942748938, 0.0, 0.0, 0.0, 0.0, 0.0, 0.0, 0.0, 0.0, 0.0, 0.0, 0.0, 0.0, 0.0, 0.0, 0.0, 0.0, 0.0, 0.0, 0.0, 0.0, 0.0, 0.0, 0.0, 0.0, 0.0, 0.0, 0.0, 0.0, 0.0, 0.0, 0.0, 0.0, 0.0, 0.0], [0.0, 0.0, 0.0, 0.9750870592568597, 0.0, 0.0, 0.9912809501245594, 0.0, 0.0, 0.0, 0.0, 0.0, 0.0, 0.0, 0.0, 0.0, 0.0, 0.0, 0.0, 0.0, 0.0, 0.0, 0.0, 0.0, 0.9487637862966173, 0.9448278259840739, 0.0, 0.0, 0.0, 0.0, 0.0, 0.0, 0.0, 0.0, 0.0, 0.0, 0.0, 0.0], [0.0, 0.0, 0.0, 0.0, 0.0, 0.9912809501245594, 0.0, 0.9334702085316607, 0.0, 0.0, 0.0, 0.0, 0.0, 0.0, 0.9591678712351612, 0.0, 0.0, 0.0, 0.0, 0.0, 0.0, 0.0, 0.0, 0.0, 0.0, 0.0, 0.9597714667700786, 0.0, 0.0, 0.0, 0.0, 0.0, 0.0, 0.0, 0.0, 0.0, 0.0, 0.0], [0.0, 0.0, 0.0, 0.0, 0.0, 0.0, 0.9334702085316607, 0.0, 1.030095540684425, 0.11795850828254724, 0.0, 0.0, 0.0, 0.0, 0.0, 0.0, 0.0, 0.0, 0.0, 0.0, 0.0, 0.0, 0.0, 0.0, 0.0, 0.0, 0.0, 0.0, 0.0, 0.0, 0.0, 0.0, 0.0, 0.0, 0.0, 0.0, 0.0, 0.0], [0.0, 0.0, 0.0, 0.0, 0.0, 0.0, 0.0, 1.030095540684425, 0.0, 1.5818605187030172, 1.237569846838575, 0.0, 1.2198477835360424, 0.0, 0.0, 0.0, 0.0, 0.0, 0.0, 0.0, 0.0, 0.0, 0.0, 0.0, 0.0, 0.0, 0.0, 0.0, 0.0, 0.0, 0.0, 0.0, 0.0, 0.0, 0.0, 0.0, 0.0, 0.0], [0.0, 0.0, 0.0, 0.0, 0.0, 0.0, 0.0, 0.11795850828254724, 1.5818605187030172, 0.0, 0.0, 0.0, 0.0, 0.0, 0.0, 0.0, 0.0, 0.0, 0.0, 0.0, 0.0, 0.0, 0.0, 0.0, 0.0, 0.0, 0.0, 0.0, 0.0, 0.0, 0.0, 0.0, 0.0, 0.0, 0.0, 0.0, 0.0, 0.0], [0.0, 0.0, 0.0, 0.0, 0.0, 0.0, 0.0, 0.0, 1.237569846838575, 0.0, 0.0, 0.9346068945493884, 0.0, 0.0, 0.0, 0.0, 0.0, 0.0, 0.0, 0.0, 0.0, 0.0, 0.0, 0.0, 0.0, 0.0, 0.0, 0.0, 0.0, 0.0, 0.0, 0.0, 0.0, 0.0, 0.0, 0.0, 0.0, 0.0], [0.0, 0.0, 0.0, 0.0, 0.0, 0.0, 0.0, 0.0, 0.0, 0.0, 0.9346068945493884, 0.0, 0.0, 0.0, 0.0, 0.0, 0.0, 0.0, 0.0, 0.0, 0.0, 0.0, 0.0, 0.0, 0.0, 0.0, 0.0, 0.9784811836071385, 0.978501808846274, 0.9755682721284764, 0.0, 0.0, 0.0, 0.0, 0.0, 0.0, 0.0, 0.0], [0.0, 0.0, 0.0, 0.0, 0.0, 0.0, 0.0, 0.0, 1.2198477835360424, 0.0, 0.0, 0.0, 0.0, 0.941049301007141, 0.0, 0.0, 0.0, 0.0, 0.0, 0.0, 0.0, 0.0, 0.0, 0.0, 0.0, 0.0, 0.0, 0.0, 0.0, 0.0, 0.0, 0.0, 0.0, 0.0, 0.0, 0.0, 0.0, 0.0], [0.0, 0.0, 0.0, 0.0, 0.0, 0.0, 0.0, 0.0, 0.0, 0.0, 0.0, 0.0, 0.941049301007141, 0.0, 0.0, 0.0, 0.0, 0.0, 0.0, 0.0, 0.0, 0.0, 0.0, 0.0, 0.0, 0.0, 0.0, 0.0, 0.0, 0.0, 0.9767214768770567, 0.9787783511189222, 0.9758553425496471, 0.0, 0.0, 0.0, 0.0, 0.0], [0.0, 0.0, 0.0, 0.0, 0.0, 0.0, 0.9591678712351612, 0.0, 0.0, 0.0, 0.0, 0.0, 0.0, 0.0, 0.0, 1.7467207453842135, 1.1489922524620395, 0.0, 0.0, 0.0, 0.0, 0.0, 0.0, 0.0, 0.0, 0.0, 0.0, 0.0, 0.0, 0.0, 0.0, 0.0, 0.0, 0.0, 0.0, 0.0, 0.0, 0.0], [0.0, 0.0, 0.0, 0.0, 0.0, 0.0, 0.0, 0.0, 0.0, 0.0, 0.0, 0.0, 0.0, 0.0, 1.7467207453842135, 0.0, 0.18106032345708498, 0.0, 0.0, 0.0, 0.0, 0.0, 0.0, 0.0, 0.0, 0.0, 0.0, 0.0, 0.0, 0.0, 0.0, 0.0, 0.0, 0.0, 0.0, 0.0, 0.0, 0.0], [0.0, 0.0, 0.0, 0.0, 0.0, 0.0, 0.0, 0.0, 0.0, 0.0, 0.0, 0.0, 0.0, 0.0, 1.1489922524620395, 0.18106032345708498, 0.0, 0.9343945808423146, 0.0, 0.0, 0.0, 0.0, 0.0, 0.0, 0.0, 0.0, 0.0, 0.0, 0.0, 0.0, 0.0, 0.0, 0.0, 0.0, 0.0, 0.0, 0.0, 0.0], [0.0, 0.0, 0.0, 0.0, 0.0, 0.0, 0.0, 0.0, 0.0, 0.0, 0.0, 0.0, 0.0, 0.0, 0.0, 0.0, 0.9343945808423146, 0.0, 1.0194105181965205, 0.0, 0.0, 0.0, 0.0, 0.0, 0.0, 0.0, 0.0, 0.0, 0.0, 0.0, 0.0, 0.0, 0.0, 0.9682236250724555, 0.9676793254010763, 0.0, 0.0, 0.0], [0.0, 0.0, 0.0, 0.0, 0.0, 0.0, 0.0, 0.0, 0.0, 0.0, 0.0, 0.0, 0.0, 0.0, 0.0, 0.0, 0.0, 1.0194105181965205, 0.0, 0.0, 0.0, 0.0, 0.0, 0.0, 0.0, 0.0, 0.0, 0.0, 0.0, 0.0, 0.0, 0.0, 0.0, 0.0, 0.0, 0.9846992711184088, 0.9846464453300839, 0.9832929927889433], [0.9849857099706298, 0.0, 0.0, 0.0, 0.0, 0.0, 0.0, 0.0, 0.0, 0.0, 0.0, 0.0, 0.0, 0.0, 0.0, 0.0, 0.0, 0.0, 0.0, 0.0, 0.0, 0.0, 0.0, 0.0, 0.0, 0.0, 0.0, 0.0, 0.0, 0.0, 0.0, 0.0, 0.0, 0.0, 0.0, 0.0, 0.0, 0.0], [0.985046273958049, 0.0, 0.0, 0.0, 0.0, 0.0, 0.0, 0.0, 0.0, 0.0, 0.0, 0.0, 0.0, 0.0, 0.0, 0.0, 0.0, 0.0, 0.0, 0.0, 0.0, 0.0, 0.0, 0.0, 0.0, 0.0, 0.0, 0.0, 0.0, 0.0, 0.0, 0.0, 0.0, 0.0, 0.0, 0.0, 0.0, 0.0], [0.9830287696027845, 0.0, 0.0, 0.0, 0.0, 0.0, 0.0, 0.0, 0.0, 0.0, 0.0, 0.0, 0.0, 0.0, 0.0, 0.0, 0.0, 0.0, 0.0, 0.0, 0.0, 0.0, 0.0, 0.0, 0.0, 0.0, 0.0, 0.0, 0.0, 0.0, 0.0, 0.0, 0.0, 0.0, 0.0, 0.0, 0.0, 0.0], [0.0, 0.969235820915524, 0.0, 0.0, 0.0, 0.0, 0.0, 0.0, 0.0, 0.0, 0.0, 0.0, 0.0, 0.0, 0.0, 0.0, 0.0, 0.0, 0.0, 0.0, 0.0, 0.0, 0.0, 0.0, 0.0, 0.0, 0.0, 0.0, 0.0, 0.0, 0.0, 0.0, 0.0, 0.0, 0.0, 0.0, 0.0, 0.0], [0.0, 0.9691855787228344, 0.0, 0.0, 0.0, 0.0, 0.0, 0.0, 0.0, 0.0, 0.0, 0.0, 0.0, 0.0, 0.0, 0.0, 0.0, 0.0, 0.0, 0.0, 0.0, 0.0, 0.0, 0.0, 0.0, 0.0, 0.0, 0.0, 0.0, 0.0, 0.0, 0.0, 0.0, 0.0, 0.0, 0.0, 0.0, 0.0], [0.0, 0.0, 0.0, 0.0, 0.0, 0.9487637862966173, 0.0, 0.0, 0.0, 0.0, 0.0, 0.0, 0.0, 0.0, 0.0, 0.0, 0.0, 0.0, 0.0, 0.0, 0.0, 0.0, 0.0, 0.0, 0.0, 0.0, 0.0, 0.0, 0.0, 0.0, 0.0, 0.0, 0.0, 0.0, 0.0, 0.0, 0.0, 0.0], [0.0, 0.0, 0.0, 0.0, 0.0, 0.9448278259840739, 0.0, 0.0, 0.0, 0.0, 0.0, 0.0, 0.0, 0.0, 0.0, 0.0, 0.0, 0.0, 0.0, 0.0, 0.0, 0.0, 0.0, 0.0, 0.0, 0.0, 0.0, 0.0, 0.0, 0.0, 0.0, 0.0, 0.0, 0.0, 0.0, 0.0, 0.0, 0.0], [0.0, 0.0, 0.0, 0.0, 0.0, 0.0, 0.9597714667700786, 0.0, 0.0, 0.0, 0.0, 0.0, 0.0, 0.0, 0.0, 0.0, 0.0, 0.0, 0.0, 0.0, 0.0, 0.0, 0.0, 0.0, 0.0, 0.0, 0.0, 0.0, 0.0, 0.0, 0.0, 0.0, 0.0, 0.0, 0.0, 0.0, 0.0, 0.0], [0.0, 0.0, 0.0, 0.0, 0.0, 0.0, 0.0, 0.0, 0.0, 0.0, 0.0, 0.9784811836071385, 0.0, 0.0, 0.0, 0.0, 0.0, 0.0, 0.0, 0.0, 0.0, 0.0, 0.0, 0.0, 0.0, 0.0, 0.0, 0.0, 0.0, 0.0, 0.0, 0.0, 0.0, 0.0, 0.0, 0.0, 0.0, 0.0], [0.0, 0.0, 0.0, 0.0, 0.0, 0.0, 0.0, 0.0, 0.0, 0.0, 0.0, 0.978501808846274, 0.0, 0.0, 0.0, 0.0, 0.0, 0.0, 0.0, 0.0, 0.0, 0.0, 0.0, 0.0, 0.0, 0.0, 0.0, 0.0, 0.0, 0.0, 0.0, 0.0, 0.0, 0.0, 0.0, 0.0, 0.0, 0.0], [0.0, 0.0, 0.0, 0.0, 0.0, 0.0, 0.0, 0.0, 0.0, 0.0, 0.0, 0.9755682721284764, 0.0, 0.0, 0.0, 0.0, 0.0, 0.0, 0.0, 0.0, 0.0, 0.0, 0.0, 0.0, 0.0, 0.0, 0.0, 0.0, 0.0, 0.0, 0.0, 0.0, 0.0, 0.0, 0.0, 0.0, 0.0, 0.0], [0.0, 0.0, 0.0, 0.0, 0.0, 0.0, 0.0, 0.0, 0.0, 0.0, 0.0, 0.0, 0.0, 0.9767214768770567, 0.0, 0.0, 0.0, 0.0, 0.0, 0.0, 0.0, 0.0, 0.0, 0.0, 0.0, 0.0, 0.0, 0.0, 0.0, 0.0, 0.0, 0.0, 0.0, 0.0, 0.0, 0.0, 0.0, 0.0], [0.0, 0.0, 0.0, 0.0, 0.0, 0.0, 0.0, 0.0, 0.0, 0.0, 0.0, 0.0, 0.0, 0.9787783511189222, 0.0, 0.0, 0.0, 0.0, 0.0, 0.0, 0.0, 0.0, 0.0, 0.0, 0.0, 0.0, 0.0, 0.0, 0.0, 0.0, 0.0, 0.0, 0.0, 0.0, 0.0, 0.0, 0.0, 0.0], [0.0, 0.0, 0.0, 0.0, 0.0, 0.0, 0.0, 0.0, 0.0, 0.0, 0.0, 0.0, 0.0, 0.9758553425496471, 0.0, 0.0, 0.0, 0.0, 0.0, 0.0, 0.0, 0.0, 0.0, 0.0, 0.0, 0.0, 0.0, 0.0, 0.0, 0.0, 0.0, 0.0, 0.0, 0.0, 0.0, 0.0, 0.0, 0.0], [0.0, 0.0, 0.0, 0.0, 0.0, 0.0, 0.0, 0.0, 0.0, 0.0, 0.0, 0.0, 0.0, 0.0, 0.0, 0.0, 0.0, 0.9682236250724555, 0.0, 0.0, 0.0, 0.0, 0.0, 0.0, 0.0, 0.0, 0.0, 0.0, 0.0, 0.0, 0.0, 0.0, 0.0, 0.0, 0.0, 0.0, 0.0, 0.0], [0.0, 0.0, 0.0, 0.0, 0.0, 0.0, 0.0, 0.0, 0.0, 0.0, 0.0, 0.0, 0.0, 0.0, 0.0, 0.0, 0.0, 0.9676793254010763, 0.0, 0.0, 0.0, 0.0, 0.0, 0.0, 0.0, 0.0, 0.0, 0.0, 0.0, 0.0, 0.0, 0.0, 0.0, 0.0, 0.0, 0.0, 0.0, 0.0], [0.0, 0.0, 0.0, 0.0, 0.0, 0.0, 0.0, 0.0, 0.0, 0.0, 0.0, 0.0, 0.0, 0.0, 0.0, 0.0, 0.0, 0.0, 0.9846992711184088, 0.0, 0.0, 0.0, 0.0, 0.0, 0.0, 0.0, 0.0, 0.0, 0.0, 0.0, 0.0, 0.0, 0.0, 0.0, 0.0, 0.0, 0.0, 0.0], [0.0, 0.0, 0.0, 0.0, 0.0, 0.0, 0.0, 0.0, 0.0, 0.0, 0.0, 0.0, 0.0, 0.0, 0.0, 0.0, 0.0, 0.0, 0.9846464453300839, 0.0, 0.0, 0.0, 0.0, 0.0, 0.0, 0.0, 0.0, 0.0, 0.0, 0.0, 0.0, 0.0, 0.0, 0.0, 0.0, 0.0, 0.0, 0.0], [0.0, 0.0, 0.0, 0.0, 0.0, 0.0, 0.0, 0.0, 0.0, 0.0, 0.0, 0.0, 0.0, 0.0, 0.0, 0.0, 0.0, 0.0, 0.9832929927889433, 0.0, 0.0, 0.0, 0.0, 0.0, 0.0, 0.0, 0.0, 0.0, 0.0, 0.0, 0.0, 0.0, 0.0, 0.0, 0.0, 0.0, 0.0, 0.0]], "Born radii": [], "Atomic SASAs": [], "Solvent H bonds": [], "Total SASA": NaN, "Total FOD": 0.0, "FOD": [0.0, 0.0, 0.0, 0.0, 0.0, 0.0, 0.0, 0.0, 0.0, 0.0, 0.0, 0.0, 0.0, 0.0, 0.0, 0.0, 0.0, 0.0, 0.0, 0.0, 0.0, 0.0, 0.0, 0.0, 0.0, 0.0, 0.0, 0.0, 0.0, 0.0, 0.0, 0.0, 0.0, 0.0, 0.0, 0.0, 0.0, 0.0], "FOD s proportion": [0.0, 0.0, 0.0, 0.0, 0.0, 0.0, 0.0, 0.0, 0.0, 0.0, 0.0, 0.0, 0.0, 0.0, 0.0, 0.0, 0.0, 0.0, 0.0, 0.0, 0.0, 0.0, 0.0, 0.0, 0.0, 0.0, 0.0, 0.0, 0.0, 0.0, 0.0, 0.0, 0.0, 0.0, 0.0, 0.0, 0.0, 0.0], "FOD p proportion": [0.0, 0.0, 0.0, 0.0, 0.0, 0.0, 0.0, 0.0, 0.0, 0.0, 0.0, 0.0, 0.0, 0.0, 0.0, 0.0, 0.0, 0.0, 0.0, 0.0, 0.0, 0.0, 0.0, 0.0, 0.0, 0.0, 0.0, 0.0, 0.0, 0.0, 0.0, 0.0, 0.0, 0.0, 0.0, 0.0, 0.0, 0.0], "FOD d proportion": [0.0, 0.0, 0.0, 0.0, 0.0, 0.0, 0.0, 0.0, 0.0, 0.0, 0.0, 0.0, 0.0, 0.0, 0.0, 0.0, 0.0, 0.0, 0.0, 0.0, 0.0, 0.0, 0.0, 0.0, 0.0, 0.0, 0.0, 0.0, 0.0, 0.0, 0.0, 0.0, 0.0, 0.0, 0.0, 0.0, 0.0, 0.0], "coordinates": [["3.18250", "3.93480", "3.61670"], ["2.98520", "2.69420", "2.76780"], ["1.57930", "2.42900", "2.68260"], ["1.25830", "1.33690", "1.93610"], ["2.06070", "0.60430", "1.37660"], ["-0.23790", "1.15830", "1.91530"], ["-0.63350", "0.00240", "0.99850"], ["-2.43380", "-0.29400", "1.16100"], ["-2.83120", "-1.81520", "-0.24280"], ["-4.54280", "-2.74340", "-0.12870"], ["-1.56470", "-2.82690", "-0.11510"], ["-1.42020", "-3.88030", "-1.04790"], ["-2.53790", "-1.20270", "-1.71870"], ["-3.41740", "-0.22580", "-2.24380"], ["-0.30880", "0.34950", "-0.44670"], ["-0.66460", "1.37860", "-1.00840"], ["0.41530", "-0.64610", "-1.02620"], ["0.79430", "-0.39230", "-2.38350"], ["1.55520", "-1.59970", "-2.89460"], ["2.66130", "4.79070", "3.17530"], ["2.76270", "3.78800", "4.61740"], ["4.24440", "4.17810", "3.71120"], ["3.39070", "2.86380", "1.76410"], ["3.49380", "1.84240", "3.23300"], ["-0.68620", "2.10150", "1.57940"], ["-0.55390", "0.95670", "2.94590"], ["-0.10810", "-0.91370", "1.28980"], ["-1.60970", "-3.53680", "-2.06800"], ["-2.09960", "-4.69850", "-0.79690"], ["-0.39370", "-4.25200", "-0.99240"], ["-2.90050", "0.31180", "-3.04290"], ["-4.30100", "-0.71160", "-2.66490"], ["-3.71830", "0.49230", "-1.47720"], ["1.43490", "0.49550", "-2.42560"], ["-0.09880", "-0.23200", "-2.99740"], ["0.93200", "-2.49830", "-2.84230"], ["2.43900", "-1.78870", "-2.27640"], ["1.87320", "-1.45070", "-3.93020"]], "bond_dist": [[0.0, 1.516128906129027, 2.3896080620051485, 3.643630937677415, 4.167578853483159, 4.7225893713089215, 6.072939732946474, 7.446881066594256, 9.171849755638172, 10.876885422307252, 9.06547439299235, 10.198976833977024, 9.358599017481195, 9.757803678082482, 6.446299042086087, 6.5365041773106825, 7.085094287304863, 7.773653818507742, 8.699185204948794, 1.095010598122228, 1.09507203872622, 1.093506630066777, 2.150003488369263, 2.149946776085399, 4.741141199120735, 4.824908000159174, 6.304796921392472, 10.540673673442319, 11.041481524686803, 10.052696329343684, 9.7200457900156, 10.818978869098506, 9.242275915595682, 7.168840878412633, 8.477940241591703, 9.389792695262233, 8.248628498726319, 9.36341691638261], [1.516128906129027, 0.0, 1.4332288337875427, 2.348653186402794, 2.6754101928489393, 3.6707109216063305, 4.844708393701318, 6.393489382176215, 7.951660812685611, 9.727691915865757, 7.713316253726409, 8.785850323104759, 8.112899942067571, 8.639202585887194, 5.165371655553935, 5.41401236053262, 5.670663638411292, 6.392371762499424, 7.24881031411362, 2.1601573345476486, 2.1603066564726405, 2.162763835928463, 1.095722638262074, 1.0957409547881287, 3.904198484964615, 3.9466257321919946, 4.976939953425196, 9.128166773783223, 9.654754808901155, 8.591028092725573, 8.607062724297993, 9.705792773905694, 8.234397419362269, 5.848855900088496, 7.163185986696143, 7.915232687672548, 6.770426906037757, 7.954869201313118], [2.3896080620051485, 1.4332288337875427, 0.0, 1.3612441588488082, 2.294975392024934, 2.346410795235992, 3.6906725958827606, 5.082810951629028, 6.784077612321368, 8.493364342826698, 6.733227019787763, 7.91965258013254, 7.036477984048554, 7.5022923756675866, 4.204968531392357, 4.445436803059964, 4.956443629256768, 5.851609000950081, 6.8801282211889045, 2.6440696246506072, 2.6440059757874983, 3.3496457693314374, 2.076984171822212, 2.0766198424362607, 2.541022774396168, 2.6052900836567123, 3.9951037395792364, 8.26611704490083, 8.743139122191755, 7.876173880762155, 7.571822378397423, 8.546171815497276, 7.00851686806845, 5.463788141024503, 6.493022455682715, 7.431137368532491, 6.566563666028069, 7.672520650998601], [3.643630937677415, 2.348653186402794, 1.3612441588488082, 0.0, 1.2221246949472873, 1.5069655072363135, 2.497777261887056, 4.110014261532434, 5.604226072349331, 7.386813138289068, 5.432677137470991, 6.580105933037856, 5.849638077693354, 6.463417500827251, 3.018028662885759, 3.5170105985054976, 3.663080573779397, 4.675935499982865, 5.661045103158957, 3.928455177292978, 3.9319817217276074, 4.487782376631023, 2.6283335728175747, 2.6334274453646906, 2.1196528725241786, 2.109103345026033, 2.711079676070034, 6.92901093230484, 7.427707221612872, 6.522347695423787, 6.56786787702067, 7.501424514050648, 6.09348123899631, 4.445623511949702, 5.351877228599325, 6.135824092165615, 5.3766703544108045, 6.52397819279004], [4.167578853483159, 2.6754101928489393, 2.294975392024934, 1.2221246949472873, 0.0, 2.4250104432764825, 2.786387779904298, 4.5884590550641295, 5.692725377180951, 7.555080120687007, 5.209781904264323, 6.173046429438224, 5.830373319951305, 6.618605727794941, 3.0006459604558486, 3.703380291031425, 3.169272654726949, 4.090884076822515, 4.832835160648457, 4.5958662959228915, 4.596904864145005, 4.794887828719249, 2.6503578060329893, 2.6519593096425895, 3.1349952615594177, 3.069694025468988, 2.648688671777036, 6.518114338518465, 7.081799642746186, 5.9346347865728015, 6.650642220116791, 7.650917719463464, 6.44620504172804, 3.854891427783667, 4.9492134668046, 5.357164143462472, 4.383374144423449, 5.693883340041311], [4.7225893713089215, 3.6707109216063305, 2.346410795235992, 1.5069655072363135, 2.4250104432764825, 0.0, 1.5274574985903864, 2.7386348040584014, 4.497143843596734, 6.159006648803036, 4.665269707101617, 5.963713397707841, 4.906146858788473, 5.415077642102649, 2.497644540361979, 2.962874730730275, 3.5121150109300237, 4.68502706929213, 5.82725575378325, 4.815318307235774, 4.81874121114633, 5.695213967885666, 4.012272379836642, 4.016206044266156, 1.0970086326004915, 1.0966471264723214, 2.168244056834931, 6.308127942583282, 6.717444601185782, 6.144130452716642, 5.6911991926131, 6.4018387717904925, 4.905690207300091, 4.699039954075726, 5.107534061560432, 6.1134398933824485, 5.7810856679347005, 6.740437260296991], [6.072939732946474, 4.844708393701318, 3.6906725958827606, 2.497777261887056, 2.786387779904298, 1.5274574985903864, 0.0, 1.8317585266622893, 3.1103666568428876, 4.908423776529488, 3.1799649196178255, 4.4589246618439295, 3.530181469839759, 4.279565835455742, 1.521351879086492, 2.433627181800861, 2.3706420607084486, 3.692197845457364, 4.7448245183568165, 6.206607943957795, 6.2419050785797765, 6.970589658701765, 4.9967928674300675, 5.04115021993989, 2.1786332665228447, 2.170113225156697, 1.095509041496235, 4.783547358394187, 5.2413138791719005, 4.703308007137104, 4.644128693307282, 5.232671574826764, 3.9856095568934, 4.030618684519785, 4.0383244371892655, 4.8431431302409385, 4.834590517303404, 5.717265796689883], [7.446881066594256, 6.393489382176215, 5.082810951629028, 4.110014261532434, 4.5884590550641295, 2.7386348040584014, 1.8317585266622893, 0.0, 2.107754881384455, 3.4800527941397665, 2.966369570704231, 4.332224816419388, 3.0214639812514728, 3.5446837997203646, 2.741243611939661, 3.2609746641150097, 3.6090426791602233, 4.795182243669161, 5.83651135953662, 7.474732275473149, 7.45741491470067, 8.43217372271231, 6.6528362898841875, 6.632784537432223, 2.994592554922957, 2.878218634850383, 2.4102900281916284, 4.649874584330205, 4.8316335022433154, 4.9462009229306485, 4.272888687995511, 4.2776554805173355, 3.0378128941723848, 5.334214984418982, 4.769524039146884, 5.675734227392963, 6.147684660910968, 6.7681992678998455], [9.171849755638172, 7.951660812685611, 6.784077612321368, 5.604226072349331, 5.692725377180951, 4.497143843596734, 3.1103666568428876, 2.107754881384455, 0.0, 1.9504226747041267, 1.6259970571929092, 2.627497862986762, 1.6246420990482795, 2.621797818291868, 3.330165620505983, 3.934546652411177, 3.538399725864787, 4.4442649729735955, 5.13020354859337, 9.246019612243963, 9.290269721057618, 10.080569242359282, 8.039448253456204, 8.091035063574992, 4.823067149646581, 4.799722136749168, 3.252205193403393, 2.790577691088352, 3.025836125767554, 3.5272227956283113, 3.517028788622578, 3.0405284754463326, 2.763194893596903, 5.320108978207119, 4.190507506257446, 4.624467547729144, 5.649003385553951, 5.988418686932302], [10.876885422307252, 9.727691915865757, 8.493364342826698, 7.386813138289068, 7.555080120687007, 6.159006648803036, 4.908423776529488, 3.4800527941397665, 1.9504226747041267, 0.0, 2.9793013979790626, 3.4479125583459913, 2.9868847483624132, 3.475411188622146, 5.2529906158301864, 5.727581630147229, 5.457740297046022, 6.252713863595551, 6.792926946464241, 10.935178810609363, 10.88829561593549, 11.826532801290494, 9.897666691195454, 9.844670034592323, 6.423708055321319, 6.249418243324733, 5.002650140675439, 3.6046419600287627, 3.1997083445214187, 4.4985422594436075, 4.530337511709254, 3.2586790145701676, 3.60111191022995, 7.1762887421006125, 5.85539970027666, 6.115319616340589, 7.36679025220618, 7.568852722837193], [9.06547439299235, 7.713316253726409, 6.733227019787763, 5.432677137470991, 5.209781904264323, 4.665269707101617, 3.1799649196178255, 2.966369570704231, 1.6259970571929092, 2.9793013979790626, 0.0, 1.4144425226922444, 2.4812651692231524, 3.8379137809492283, 3.4317284755644644, 4.392538576950691, 3.083243722121234, 4.078945540210117, 4.354930091287344, 9.31201578177357, 9.213026051195124, 9.871992681318195, 7.776339003027067, 7.655100152839282, 5.285094044574798, 4.970620343578858, 2.7849168407692177, 2.0784131976101383, 2.0624877720849644, 2.042500012239902, 4.495310019342381, 4.296895602641516, 4.184542748019191, 5.037296116965926, 4.146085154697139, 3.7120221833927665, 4.666764470165599, 5.316772598108744], [10.198976833977024, 8.785850323104759, 7.91965258013254, 6.580105933037856, 6.173046429438224, 5.963713397707841, 4.4589246618439295, 4.332224816419388, 2.627497862986762, 3.4479125583459913, 1.4144425226922444, 0.0, 2.978047630579471, 4.332938367897702, 4.414505571408875, 5.313051930858573, 3.7188144320468584, 4.342117180592896, 4.17904802676399, 10.472836363182612, 10.411296815959096, 10.939585756782567, 8.74842772273967, 8.673107637980749, 6.574449979275832, 6.3322573486869596, 3.998395085531193, 1.0929348150736165, 1.0927198177025987, 1.0931346623357983, 4.872885746659776, 4.577592962464006, 4.958345778583822, 5.403450651204284, 4.342434927549289, 3.2653698412277894, 4.558226349140639, 5.005706045104926], [9.358599017481195, 8.112899942067571, 7.036477984048554, 5.849638077693354, 5.830373319951305, 4.906146858788473, 3.530181469839759, 3.0214639812514728, 1.6246420990482795, 2.9868847483624132, 2.4812651692231524, 2.978047630579471, 0.0, 1.4154800846355982, 2.999365874647506, 3.267550867239866, 3.083950396812504, 3.493173920662984, 4.277127239164156, 9.322218630776689, 9.65140456410361, 10.219413678876101, 7.988405100519127, 8.376954804103935, 5.022349464145242, 5.509787429656429, 3.8779532346329293, 2.5360576767889174, 3.64176327758958, 3.7978067117745735, 2.044185571321743, 2.0603386275076243, 2.079589240691536, 4.377982490828396, 2.9200241420234865, 3.870563567492465, 5.0422176569442145, 4.940651724216148], [9.757803678082482, 8.639202585887194, 7.5022923756675866, 6.463417500827251, 6.618605727794941, 5.415077642102649, 4.279565835455742, 3.5446837997203646, 2.621797818291868, 3.475411188622146, 3.8379137809492283, 4.332938367897702, 1.4154800846355982, 0.0, 3.6364725298013734, 3.417341124324582, 4.0433638396760685, 4.217304261017932, 5.199797362397884, 9.564649013424383, 10.06877807333144, 10.65643183481225, 8.48287192995391, 9.057454108081364, 5.243342156487596, 6.044081782206459, 4.889887714457256, 3.776427667783404, 4.882126764024056, 5.188357166772542, 1.0930508588350316, 1.0927377590254672, 1.0926499805518688, 4.908985661009819, 3.4030952616698817, 4.943656426168793, 6.061447032681223, 5.686367322816914], [6.446299042086087, 5.165371655553935, 4.204968531392357, 3.018028662885759, 3.0006459604558486, 2.497644540361979, 1.521351879086492, 2.741243611939661, 3.330165620505983, 5.2529906158301864, 3.4317284755644644, 4.414505571408875, 2.999365874647506, 3.6364725298013734, 0.0, 1.2252131814504772, 1.3606470593067108, 2.349104316542797, 3.6422645496998154, 6.454814904395014, 6.848540232049455, 7.25795705484677, 4.989553224488141, 5.4980641374942145, 2.7049983308682464, 3.4552135404342232, 2.156707439593975, 4.407298740725435, 5.3676725570772295, 4.634522494281368, 3.66859436569376, 4.6887104079906665, 3.564689655495973, 2.6415622082396624, 2.624559532569227, 3.9228113439216012, 3.933205584507375, 4.487384125523466], [6.5365041773106825, 5.41401236053262, 4.445436803059964, 3.5170105985054976, 3.703380291031425, 2.962874730730275, 2.433627181800861, 3.2609746641150097, 3.934546652411177, 5.727581630147229, 4.392538576950691, 5.313051930858573, 3.267550867239866, 3.417341124324582, 1.2252131814504772, 0.0, 2.294757272567188, 2.6749534631466023, 4.165997283964549, 6.340929183487228, 7.014358081107636, 7.362751212013074, 5.132059370272327, 5.957925390603679, 2.6869610734061626, 3.978283874989315, 3.293334902496252, 5.116358405154979, 6.247807748322606, 5.637135723929307, 3.2056982546708914, 4.509582380886283, 3.2140916010593106, 2.682577435974589, 2.6211224694775326, 4.576316682660849, 4.612152019393984, 4.793983997678757], [7.085094287304863, 5.670663638411292, 4.956443629256768, 3.663080573779397, 3.169272654726949, 3.5121150109300237, 2.3706420607084486, 3.6090426791602233, 3.538399725864787, 5.457740297046022, 3.083243722121234, 3.7188144320468584, 3.083950396812504, 4.0433638396760685, 1.3606470593067108, 2.294757272567188, 0.0, 1.4318934073456726, 2.3873926216690875, 7.2288251113165, 7.551274761919341, 7.770319891098435, 5.381280262168102, 5.81468650401722, 3.9435719050120035, 4.391570890922746, 2.389437866946952, 3.6799617837689564, 4.7748556271368034, 3.695691849978837, 3.9973967703994564, 4.993306883218776, 4.311148863122219, 2.073922631150931, 2.078799427554279, 2.6449655838970756, 2.6389195686871547, 3.3475467987766803], [7.773653818507742, 6.392371762499424, 5.851609000950081, 4.675935499982865, 4.090884076822515, 4.68502706929213, 3.692197845457364, 4.795182243669161, 4.4442649729735955, 6.252713863595551, 4.078945540210117, 4.342117180592896, 3.493173920662984, 4.217304261017932, 2.349104316542797, 2.6749534631466023, 1.4318934073456726, 0.0, 1.5159178012016348, 7.826201852750796, 8.388212411473615, 8.362841279134742, 5.877590146480103, 6.620140224345705, 4.910753007431753, 5.660384138907888, 3.8182871303766563, 3.9707224153798513, 5.425432260198261, 4.2712746692293155, 3.818653193208307, 5.113044155882091, 4.686945232238158, 1.0955955503743158, 1.0955349880309617, 2.1597904365933283, 2.1601947736257485, 2.1625255281730205], [8.699185204948794, 7.24881031411362, 6.8801282211889045, 5.661045103158957, 4.832835160648457, 5.82725575378325, 4.7448245183568165, 5.83651135953662, 5.13020354859337, 6.792926946464241, 4.354930091287344, 4.17904802676399, 4.277127239164156, 5.199797362397884, 3.6422645496998154, 4.165997283964549, 2.3873926216690875, 1.5159178012016348, 0.0, 8.882812357581352, 9.32284889612612, 9.17885412892045, 6.707859434275587, 7.290658689720703, 6.224100850725348, 6.715275423986719, 4.554817916228925, 3.8016070259825643, 5.230723637318263, 3.8014827817576653, 4.850679089570861, 5.927610154185244, 5.847673811867416, 2.150417664082956, 2.1486942849088604, 1.094803859145555, 1.0949861551636169, 1.0935229124257069], [1.095010598122228, 2.1601573345476486, 2.6440696246506072, 3.928455177292978, 4.5958662959228915, 4.815318307235774, 6.206607943957795, 7.474732275473149, 9.246019612243963, 10.935178810609363, 9.31201578177357, 10.472836363182612, 9.322218630776689, 9.564649013424383, 6.454814904395014, 6.340929183487228, 7.2288251113165, 7.826201852750796, 8.882812357581352, 0.0, 1.7593583091570633, 1.7800767343010804, 2.4972892123260375, 3.064124414902241, 4.580878703916968, 5.0089611098510245, 6.615501943919297, 10.727576247223787, 11.335319064322805, 10.415045443011758, 9.468905728224355, 10.623411063307303, 8.990066460822188, 7.163998939838001, 8.423057199734549, 9.608928621339635, 8.547453102532941, 9.490221589615283], [1.09507203872622, 2.1603066564726405, 2.6440059757874983, 3.9319817217276074, 4.596904864145005, 4.81874121114633, 6.2419050785797765, 7.45741491470067, 9.290269721057618, 10.88829561593549, 9.213026051195124, 10.411296815959096, 9.65140456410361, 10.06877807333144, 6.848540232049455, 7.014358081107636, 7.551274761919341, 8.388212411473615, 9.32284889612612, 1.7593583091570633, 0.0, 1.7801155411938854, 3.064286300266344, 2.4972845112241413, 4.8957775133271735, 4.670118574511786, 6.435868029256038, 10.83813406265119, 11.179324131180739, 10.29923866118268, 10.140808486999445, 11.098385069008915, 9.487315144444185, 7.887170474257546, 9.07379530791829, 9.925530427639623, 8.872927533796272, 10.064623872753517], [1.093506630066777, 2.162763835928463, 3.3496457693314374, 4.487782376631023, 4.794887828719249, 5.695213967885666, 6.970589658701765, 8.43217372271231, 10.080569242359282, 11.826532801290494, 9.871992681318195, 10.939585756782567, 10.219413678876101, 10.65643183481225, 7.25795705484677, 7.362751212013074, 7.770319891098435, 8.362841279134742, 9.17885412892045, 1.7800767343010804, 1.7801155411938854, 0.0, 2.4994772633492786, 2.4995139707551144, 5.759136667939042, 5.829818602666809, 7.122770630169133, 11.277824322980031, 11.80522465563447, 10.709921128561124, 10.564834996818453, 11.729777425850843, 10.19358658618251, 7.688637541853563, 9.127852004168341, 9.924448245116702, 8.643698581047351, 9.782482958840255], [2.150003488369263, 1.095722638262074, 2.076984171822212, 2.6283335728175747, 2.6503578060329893, 4.012272379836642, 4.9967928674300675, 6.6528362898841875, 8.039448253456204, 9.897666691195454, 7.776339003027067, 8.74842772273967, 7.988405100519127, 8.48287192995391, 4.989553224488141, 5.132059370272327, 5.381280262168102, 5.877590146480103, 6.707859434275587, 2.4972892123260375, 3.064286300266344, 2.4994772633492786, 0.0, 1.7920811309759388, 4.15166580904581, 4.538011768384917, 5.170693201109499, 8.9809059080919, 9.689710851207069, 8.517897936110764, 8.318602673526366, 9.568791723619027, 8.165042494684274, 5.19495761484153, 6.665768533335072, 7.484399979958313, 6.235152715852275, 7.30361342008187], [2.149946776085399, 1.0957409547881287, 2.0766198424362607, 2.6334274453646906, 2.6519593096425895, 4.016206044266156, 5.04115021993989, 6.632784537432223, 8.091035063574992, 9.844670034592323, 7.655100152839282, 8.673107637980749, 8.376954804103935, 9.057454108081364, 5.4980641374942145, 5.957925390603679, 5.81468650401722, 6.620140224345705, 7.290658689720703, 3.064124414902241, 2.4972845112241413, 2.4995139707551144, 1.7920811309759388, 0.0, 4.502657634108993, 4.153404168871601, 4.934146031483057, 9.11493861142246, 9.503135818244418, 8.373074272332714, 9.08937454723921, 10.10282373646101, 8.719124982473872, 6.170329227845139, 7.485171626622866, 7.893906879359549, 6.682138775122827, 8.048744387169963], [4.741141199120735, 3.904198484964615, 2.541022774396168, 2.1196528725241786, 3.1349952615594177, 1.0970086326004915, 2.1786332665228447, 2.994592554922957, 4.823067149646581, 6.423708055321319, 5.285094044574798, 6.574449979275832, 5.022349464145242, 5.243342156487596, 2.7049983308682464, 2.6869610734061626, 3.9435719050120035, 4.910753007431753, 6.224100850725348, 4.580878703916968, 4.8957775133271735, 5.759136667939042, 4.15166580904581, 4.502657634108993, 0.0, 1.787566105071362, 3.0837475269548253, 6.77840732768399, 7.340606327136745, 6.860515559343919, 5.428794329314751, 6.244549074192627, 4.59629835954978, 4.8081520577036665, 5.170818044565095, 6.58241309627404, 6.306165