{"total energy": -42.358994, "HOMO-LUMO gap/eV": 3.33619476, "electronic energy": -42.96649225, "dipole": [0.2107589, 1.14023947, -0.43774504], "partial charges": [-0.11512407, 0.1354607, -0.18484754, 0.0619195, -0.06757169, -0.06247584, 0.27236418, -0.43177446, -0.1657597, 0.07790229, -0.05452075, -0.03016358, -0.03652074, -0.02960637, -0.04403131, 0.07854407, 0.07807513, 0.06262698, 0.05319554, 0.03100588, 0.17793459, 0.02339608, 0.03143397, 0.03018346, 0.03662762, 0.07172605], "atomic dipole moments": [[-0.0308373, 0.08957595, -0.03739083], [0.20977073, 0.10341361, -0.03909196], [-0.20201947, 0.04204897, -0.02064014], [0.1436453, -0.21427162, 0.09066535], [-0.03492584, -0.02519103, 0.00949815], [-0.0666191, -0.01498326, 0.00491358], [-0.07524906, -0.0076963, 0.00222926], [0.00987472, 0.18441205, -0.07236728], [-0.00870058, -0.02566095, 0.01044946], [0.16625714, 0.03334214, -0.01158547], [0.03263571, -0.01858794, 0.00733994], [0.00252748, 0.00308218, -0.0011927], [0.00404833, 0.00331025, -0.00124801], [0.00531294, -0.0018565, 0.00081779], [0.00016589, 0.05082618, -0.01948687], [-0.04012536, -0.09953487, -0.07915422], [-0.04475355, -0.01616563, 0.12453226], [0.1301102, -0.0140285, 0.00881951], [0.11630893, 0.11508393, -0.0456715], [-0.09620528, 0.12100401, -0.05192083], [0.02298362, 0.12092526, -0.04604986], [0.03352666, 0.13614849, -0.05216403], [-0.10156453, 0.10424981, -0.0407366], [-0.14741292, -0.02959453, 0.01041764], [-0.04763621, -0.13477663, 0.05150725], [0.09053948, -0.12010258, 0.04672373]], "atomic quadrupole moments": [[-0.0706225, -0.05648118, 0.14658048, 0.02400057, -0.11161552, -0.07595798], [-0.30389691, 0.2629585, 0.0809381, -0.11739739, 0.07651742, 0.22295881], [0.03100873, -0.0253953, -0.02151698, 0.01102256, 0.00526532, -0.00949175], [-0.46846655, -0.2152064, 0.19642031, 0.07665883, 0.03287919, 0.27204624], [-0.25128193, -0.04289605, -0.08495487, 0.00627163, 0.21000241, 0.3362368], [-0.11297222, 0.10293161, -0.08354189, -0.04852908, 0.14410303, 0.19651411], [-0.25386922, -0.04154725, -0.15084988, 0.01241177, 0.25737239, 0.40471911], [-0.11315502, 0.00808025, -0.03398282, -0.00471036, 0.08420667, 0.14713784], [0.02805911, -0.01423736, -0.03454673, 0.00541867, 0.01754334, 0.00648762], [-0.01674523, 0.05929135, -0.26627857, -0.02546819, 0.24837531, 0.2830238], [-0.22126872, 0.0020926, -0.14443655, -0.00540976, 0.23053424, 0.36570527], [-0.26920349, 0.00536887, -0.15641377, -0.00735089, 0.26278031, 0.42561727], [-0.26178461, -0.00184289, -0.15137543, -0.00439269, 0.25486839, 0.41316003], [-0.26028645, -0.01434445, -0.17075844, 0.0002379, 0.27146997, 0.43104488], [-0.23527945, 0.00388931, -0.17715322, -0.00628188, 0.26579623, 0.41243267], [-0.0241874, 0.02783921, 0.0261743, 0.03440351, 0.04641108, -0.00198689], [-0.02059589, -0.00356377, -0.03407015, -0.04715873, -0.01593948, 0.05466603], [0.08559782, 0.00884309, -0.03587625, -0.00050978, -0.00655071, -0.04972156], [0.00035278, -0.01104268, 0.02794248, 0.00523626, -0.02812958, -0.02829526], [0.03551878, -0.0137048, 0.0012646, 0.00692931, -0.01898362, -0.03678338], [0.0256735, -0.0009259, 0.02579294, 0.00115611, -0.03504614, -0.05146644], [0.03888386, 0.0093353, 0.0158472, -0.00288151, -0.03177938, -0.05473106], [0.03298537, 0.00633743, 0.02277041, -0.00174247, -0.03542706, -0.05575577], [0.03042136, -0.00210793, 0.02460677, 0.0014719, -0.03597157, -0.05502813], [0.04061276, -0.00478748, 0.01605704, 0.0025693, -0.03285932, -0.0566698], [0.05122424, 0.00571845, 0.00058052, -0.00142128, -0.02356888, -0.05180476]], "number of molecular orbitals": 71, "number of electrons": 76, "number of unpaired electrons": 0, "orbital energies/eV": [-20.3101811, -18.85926267, -18.32209782, -18.18051312, -17.98626158, -17.62450093, -17.16354177, -16.71672092, -16.59336092, -16.52199041, -16.15072098, -16.09363937, -15.63996783, -15.6313776, -15.29361325, -15.08162735, -14.78510008, -14.56776791, -14.39758217, -13.97162434, -13.83679173, -13.44201603, -13.3023034, -13.24589148, -13.21464572, -13.14886506, -13.04167129, -12.9542031, -12.86940049, -12.53550266, -12.03782901, -11.84680197, -11.78977876, -11.57003732, -10.90936, -10.71811799, -10.59723864, -10.29385569, -6.95766093, -6.12984505, -6.01049321, -5.58019229, -3.5471623, -2.42397188, -0.06791954, 1.62662589, 1.92454067, 2.74125808, 3.01226911, 3.33639352, 3.7399291, 4.23313462, 4.4801758, 4.63986912, 5.05421151, 5.17247606, 5.62220898, 5.86916484, 5.98798347, 7.30507042, 7.90138486, 10.35578904, 10.75109175, 11.41000197, 11.71509059, 11.99286187, 12.47504755, 16.43290867, 16.90884564, 17.37692597, 18.25921934], "fractional occupation": [2.0, 2.0, 2.0, 2.0, 2.0, 2.0, 2.0, 2.0, 2.0, 2.0, 2.0, 2.0, 2.0, 2.0, 2.0, 2.0, 2.0, 2.0, 2.0, 2.0, 2.0, 2.0, 2.0, 2.0, 2.0, 2.0, 2.0, 2.0, 2.0, 2.0, 2.0, 2.0, 2.0, 2.0, 2.0, 2.0, 2.0, 2.0, 0.0, 0.0, 0.0, 0.0, 0.0, 0.0, 0.0, 0.0, 0.0, 0.0, 0.0, 0.0, 0.0, 0.0, 0.0, 0.0, 0.0, 0.0, 0.0, 0.0, 0.0, 0.0, 0.0, 0.0, 0.0, 0.0, 0.0, 0.0, 0.0, 0.0, 0.0, 0.0, 0.0], "program call": "xtb /home/svss/Project-DBcg-Debug/aqme2_20220329/End-to-End-workflows-final/example-3/QDESCP/mol_2_rdkit_conf_1/mol_2_rdkit_conf_1.xyz --pop --wbo --acc 0.2 --gfn 2 --chrg 0 --uhf 0 --etemp 300 --input /home/svss/Project-DBcg-Debug/aqme2_20220329/End-to-End-workflows-final/example-3/QDESCP/mol_2_rdkit_conf_1/mol_2_rdkit_conf_1_xtb.inp", "method": "GFN2-xTB", "xtb version": "6.3.3 (7355c4f)", "Dipole module/D": 3.15, "Total charge": 0, "Transition dipole module/D": NaN, "HOMO": -10.2939, "LUMO": -6.9577, "HOMO occupancy": 2.0, "LUMO occupancy": 0, "mulliken charges": [-0.08444, 0.25489, -0.34274, 0.18584, -0.09294, -0.10664, 0.47361, -0.55341, -0.32472, 0.15112, -0.07404, -0.02409, -0.04128, -0.02467, -0.05021, 0.06071, 0.0604, 0.04864, 0.04441, 0.03332, 0.22251, 0.02697, 0.02955, 0.02945, 0.03306, 0.0647], "cm5 charges": [-0.22389, 0.26935, -0.41786, 0.15934, -0.14174, -0.10151, 0.56998, -0.60072, -0.66727, 0.20299, -0.12197, -0.07927, -0.09661, -0.07986, -0.09755, 0.1148, 0.11449, 0.10364, 0.10717, 0.09102, 0.42135, 0.08584, 0.08493, 0.08485, 0.08843, 0.13007], "FUKUI+": [0.023, -0.063, -0.068, -0.018, -0.01, -0.026, -0.053, -0.113, -0.027, -0.027, -0.025, -0.019, -0.04, -0.024, -0.015, -0.039, -0.039, -0.044, -0.059, -0.044, -0.035, -0.045, -0.052, -0.058, -0.051, -0.029], "FUKUI-": [0.016, -0.038, -0.049, -0.039, -0.016, -0.027, -0.006, -0.063, -0.059, -0.032, -0.025, -0.023, -0.049, -0.021, -0.026, -0.051, -0.051, -0.043, -0.058, -0.041, -0.037, -0.047, -0.056, -0.062, -0.054, -0.041], "FUKUIrad": [0.02, -0.051, -0.059, -0.028, -0.013, -0.026, -0.03, -0.088, -0.043, -0.03, -0.025, -0.021, -0.045, -0.023, -0.02, -0.045, -0.045, -0.044, -0.059, -0.042, -0.036, -0.046, -0.054, -0.06, -0.053, -0.035], "s proportion": [1.006, 1.044, 1.695, 1.009, 1.057, 1.083, 0.985, 1.729, 1.424, 1.04, 1.059, 1.059, 1.057, 1.063, 1.063, 0.939, 0.94, 0.951, 0.956, 0.967, 0.777, 0.973, 0.97, 0.971, 0.967, 0.935], "p proportion": [3.079, 2.701, 4.648, 2.806, 3.036, 3.024, 2.541, 4.825, 3.9, 2.809, 3.015, 2.966, 2.984, 2.962, 2.988, 0.0, 0.0, 0.0, 0.0, 0.0, 0.0, 0.0, 0.0, 0.0, 0.0, 0.0], "d proportion": [0.0, 0.0, 0.0, 0.0, 0.0, 0.0, 0.0, 0.0, 0.0, 0.0, 0.0, 0.0, 0.0, 0.0, 0.0, 0.0, 0.0, 0.0, 0.0, 0.0, 0.0, 0.0, 0.0, 0.0, 0.0, 0.0], "Fermi-level/eV": -8.6258, "Coordination numbers": [3.751, 3.081, 1.722, 3.007, 3.001, 3.041, 2.75, 0.858, 2.694, 2.895, 2.92, 2.911, 2.911, 2.912, 2.915, 0.924, 0.924, 0.924, 0.925, 0.926, 0.86, 0.925, 0.925, 0.925, 0.925, 0.925], "Dispersion coefficient C6": [22.766, 24.962, 17.093, 26.597, 29.668, 29.513, 22.396, 22.326, 24.586, 26.26, 29.354, 28.753, 28.908, 28.739, 29.093, 1.994, 1.999, 2.169, 2.28, 2.572, 1.226, 2.682, 2.566, 2.584, 2.494, 2.067], "Total dispersion C6": 8575.875978, "Total dispersion C8": 207752.247106, "Polarizability alpha": [6.805, 8.191, 5.582, 8.46, 8.935, 8.91, 7.749, 6.335, 7.364, 8.402, 8.885, 8.793, 8.816, 8.791, 8.845, 2.208, 2.211, 2.303, 2.361, 2.508, 1.734, 2.561, 2.505, 2.514, 2.47, 2.248], "Total polarizability alpha": 146.486104, "Wiberg matrix": [[0.0, 1.0422891969917996, 0.0, 0.0, 0.0, 0.0, 0.0, 0.0, 0.0, 0.0, 0.0, 0.0, 0.0, 0.0, 0.0, 0.9598897610768818, 0.960241372829925, 0.98092340504654, 0.0, 0.0, 0.0, 0.0, 0.0, 0.0, 0.0, 0.0], [1.0422891969917996, 0.0, 1.1380797565805705, 0.12682685873223848, 0.0, 1.486993710802409, 0.0, 0.0, 0.0, 0.0, 0.0, 0.0, 0.0, 0.0, 0.0, 0.0, 0.0, 0.0, 0.0, 0.0, 0.0, 0.0, 0.0, 0.0, 0.0, 0.0], [0.0, 1.1380797565805705, 0.0, 1.121000399553763, 0.0, 0.0, 0.0, 0.0, 0.0, 0.0, 0.0, 0.0, 0.0, 0.0, 0.0, 0.0, 0.0, 0.0, 0.0, 0.0, 0.0, 0.0, 0.0, 0.0, 0.0, 0.0], [0.0, 0.12682685873223848, 1.121000399553763, 0.0, 1.627916154757151, 0.0, 0.0, 0.0, 0.0, 0.0, 0.0, 0.0, 0.0, 0.0, 0.0, 0.0, 0.0, 0.0, 0.966058388919217, 0.0, 0.0, 0.0, 0.0, 0.0, 0.0, 0.0], [0.0, 0.0, 0.0, 1.627916154757151, 0.0, 1.242845441278233, 0.0, 0.0, 0.0, 0.0, 0.0, 0.0, 0.0, 0.0, 0.0, 0.0, 0.0, 0.0, 0.0, 0.9694716540156065, 0.0, 0.0, 0.0, 0.0, 0.0, 0.0], [0.0, 1.486993710802409, 0.0, 0.0, 1.242845441278233, 0.0, 1.03604939639645, 0.0, 0.0, 0.0, 0.0, 0.0, 0.0, 0.0, 0.0, 0.0, 0.0, 0.0, 0.0, 0.0, 0.0, 0.0, 0.0, 0.0, 0.0, 0.0], [0.0, 0.0, 0.0, 0.0, 0.0, 1.03604939639645, 0.0, 1.6648629427098829, 1.1723157061047922, 0.0, 0.0, 0.0, 0.0, 0.0, 0.0, 0.0, 0.0, 0.0, 0.0, 0.0, 0.0, 0.0, 0.0, 0.0, 0.0, 0.0], [0.0, 0.0, 0.0, 0.0, 0.0, 0.0, 1.6648629427098829, 0.0, 0.16223690796931967, 0.0, 0.0, 0.0, 0.0, 0.0, 0.0, 0.0, 0.0, 0.0, 0.0, 0.0, 0.0, 0.0, 0.0, 0.0, 0.0, 0.0], [0.0, 0.0, 0.0, 0.0, 0.0, 0.0, 1.1723157061047922, 0.16223690796931967, 0.0, 1.0746947885169105, 0.0, 0.0, 0.0, 0.0, 0.0, 0.0, 0.0, 0.0, 0.0, 0.0, 0.9327016170185266, 0.0, 0.0, 0.0, 0.0, 0.0], [0.0, 0.0, 0.0, 0.0, 0.0, 0.0, 0.0, 0.0, 1.0746947885169105, 0.0, 1.364785982816961, 0.0, 0.0, 0.0, 1.377374212481099, 0.0, 0.0, 0.0, 0.0, 0.0, 0.0, 0.0, 0.0, 0.0, 0.0, 0.0], [0.0, 0.0, 0.0, 0.0, 0.0, 0.0, 0.0, 0.0, 0.0, 1.364785982816961, 0.0, 1.452362933179193, 0.0, 0.10963979429575282, 0.0, 0.0, 0.0, 0.0, 0.0, 0.0, 0.0, 0.9680194165257532, 0.0, 0.0, 0.0, 0.0], [0.0, 0.0, 0.0, 0.0, 0.0, 0.0, 0.0, 0.0, 0.0, 0.0, 1.452362933179193, 0.0, 1.4313348155291936, 0.0, 0.10796716821332834, 0.0, 0.0, 0.0, 0.0, 0.0, 0.0, 0.0, 0.9715076239673687, 0.0, 0.0, 0.0], [0.0, 0.0, 0.0, 0.0, 0.0, 0.0, 0.0, 0.0, 0.0, 0.0, 0.0, 1.4313348155291936, 0.0, 1.4381262224868463, 0.0, 0.0, 0.0, 0.0, 0.0, 0.0, 0.0, 0.0, 0.0, 0.9711752600151362, 0.0, 0.0], [0.0, 0.0, 0.0, 0.0, 0.0, 0.0, 0.0, 0.0, 0.0, 0.0, 0.10963979429575282, 0.0, 1.4381262224868463, 0.0, 1.4427739975493488, 0.0, 0.0, 0.0, 0.0, 0.0, 0.0, 0.0, 0.0, 0.0, 0.9713035940253402, 0.0], [0.0, 0.0, 0.0, 0.0, 0.0, 0.0, 0.0, 0.0, 0.0, 1.377374212481099, 0.0, 0.10796716821332834, 0.0, 1.4427739975493488, 0.0, 0.0, 0.0, 0.0, 0.0, 0.0, 0.0, 0.0, 0.0, 0.0, 0.0, 0.9619741335874425], [0.9598897610768818, 0.0, 0.0, 0.0, 0.0, 0.0, 0.0, 0.0, 0.0, 0.0, 0.0, 0.0, 0.0, 0.0, 0.0, 0.0, 0.0, 0.0, 0.0, 0.0, 0.0, 0.0, 0.0, 0.0, 0.0, 0.0], [0.960241372829925, 0.0, 0.0, 0.0, 0.0, 0.0, 0.0, 0.0, 0.0, 0.0, 0.0, 0.0, 0.0, 0.0, 0.0, 0.0, 0.0, 0.0, 0.0, 0.0, 0.0, 0.0, 0.0, 0.0, 0.0, 0.0], [0.98092340504654, 0.0, 0.0, 0.0, 0.0, 0.0, 0.0, 0.0, 0.0, 0.0, 0.0, 0.0, 0.0, 0.0, 0.0, 0.0, 0.0, 0.0, 0.0, 0.0, 0.0, 0.0, 0.0, 0.0, 0.0, 0.0], [0.0, 0.0, 0.0, 0.966058388919217, 0.0, 0.0, 0.0, 0.0, 0.0, 0.0, 0.0, 0.0, 0.0, 0.0, 0.0, 0.0, 0.0, 0.0, 0.0, 0.0, 0.0, 0.0, 0.0, 0.0, 0.0, 0.0], [0.0, 0.0, 0.0, 0.0, 0.9694716540156065, 0.0, 0.0, 0.0, 0.0, 0.0, 0.0, 0.0, 0.0, 0.0, 0.0, 0.0, 0.0, 0.0, 0.0, 0.0, 0.0, 0.0, 0.0, 0.0, 0.0, 0.0], [0.0, 0.0, 0.0, 0.0, 0.0, 0.0, 0.0, 0.0, 0.9327016170185266, 0.0, 0.0, 0.0, 0.0, 0.0, 0.0, 0.0, 0.0, 0.0, 0.0, 0.0, 0.0, 0.0, 0.0, 0.0, 0.0, 0.0], [0.0, 0.0, 0.0, 0.0, 0.0, 0.0, 0.0, 0.0, 0.0, 0.0, 0.9680194165257532, 0.0, 0.0, 0.0, 0.0, 0.0, 0.0, 0.0, 0.0, 0.0, 0.0, 0.0, 0.0, 0.0, 0.0, 0.0], [0.0, 0.0, 0.0, 0.0, 0.0, 0.0, 0.0, 0.0, 0.0, 0.0, 0.0, 0.9715076239673687, 0.0, 0.0, 0.0, 0.0, 0.0, 0.0, 0.0, 0.0, 0.0, 0.0, 0.0, 0.0, 0.0, 0.0], [0.0, 0.0, 0.0, 0.0, 0.0, 0.0, 0.0, 0.0, 0.0, 0.0, 0.0, 0.0, 0.9711752600151362, 0.0, 0.0, 0.0, 0.0, 0.0, 0.0, 0.0, 0.0, 0.0, 0.0, 0.0, 0.0, 0.0], [0.0, 0.0, 0.0, 0.0, 0.0, 0.0, 0.0, 0.0, 0.0, 0.0, 0.0, 0.0, 0.0, 0.9713035940253402, 0.0, 0.0, 0.0, 0.0, 0.0, 0.0, 0.0, 0.0, 0.0, 0.0, 0.0, 0.0], [0.0, 0.0, 0.0, 0.0, 0.0, 0.0, 0.0, 0.0, 0.0, 0.0, 0.0, 0.0, 0.0, 0.0, 0.9619741335874425, 0.0, 0.0, 0.0, 0.0, 0.0, 0.0, 0.0, 0.0, 0.0, 0.0, 0.0]], "Born radii": [], "Atomic SASAs": [], "Solvent H bonds": [], "Total SASA": NaN, "Total FOD": 0.0, "FOD": [0.0, 0.0, 0.0, 0.0, 0.0, 0.0, 0.0, 0.0, 0.0, 0.0, 0.0, 0.0, 0.0, 0.0, 0.0, 0.0, 0.0, 0.0, 0.0, 0.0, 0.0, 0.0, 0.0, 0.0, 0.0, 0.0], "FOD s proportion": [0.0, 0.0, 0.0, 0.0, 0.0, 0.0, 0.0, 0.0, 0.0, 0.0, 0.0, 0.0, 0.0, 0.0, 0.0, 0.0, 0.0, 0.0, 0.0, 0.0, 0.0, 0.0, 0.0, 0.0, 0.0, 0.0], "FOD p proportion": [0.0, 0.0, 0.0, 0.0, 0.0, 0.0, 0.0, 0.0, 0.0, 0.0, 0.0, 0.0, 0.0, 0.0, 0.0, 0.0, 0.0, 0.0, 0.0, 0.0, 0.0, 0.0, 0.0, 0.0, 0.0, 0.0], "FOD d proportion": [0.0, 0.0, 0.0, 0.0, 0.0, 0.0, 0.0, 0.0, 0.0, 0.0, 0.0, 0.0, 0.0, 0.0, 0.0, 0.0, 0.0, 0.0, 0.0, 0.0, 0.0, 0.0, 0.0, 0.0, 0.0, 0.0], "coordinates": [["3.66140", "-1.51510", "0.74000"], ["3.23190", "-0.20700", "0.19510"], ["4.23330", "0.65190", "-0.14210"], ["3.65100", "1.77770", "-0.61520"], ["2.28210", "1.65670", "-0.58750"], ["1.98910", "0.36010", "-0.05770"], ["0.70920", "-0.30930", "0.19690"], ["0.67660", "-1.44960", "0.64510"], ["-0.39850", "0.46080", "-0.11170"], ["-1.75950", "0.10920", "0.01490"], ["-2.70380", "1.07440", "-0.36280"], ["-4.07310", "0.81050", "-0.27050"], ["-4.51320", "-0.42260", "0.20090"], ["-3.58380", "-1.38830", "0.57850"], ["-2.21290", "-1.12420", "0.48600"], ["3.30380", "-2.33110", "0.10480"], ["3.26570", "-1.65840", "1.75010"], ["4.75260", "-1.58410", "0.79360"], ["4.32980", "2.55960", "-0.92700"], ["1.59500", "2.42230", "-0.91590"], ["-0.22500", "1.38790", "-0.46690"], ["-2.39030", "2.04620", "-0.73460"], ["-4.79470", "1.56760", "-0.56640"], ["-5.57700", "-0.63240", "0.27460"], ["-3.92130", "-2.35380", "0.94750"], ["-1.52860", "-1.90900", "0.79200"]], "bond_dist": [[0.0, 1.4807132977048594, 2.408538772783199, 3.5607874185354, 3.704732106374225, 2.636150151262253, 3.234871881543379, 2.987026498041154, 4.594819007316827, 5.705285033195099, 6.959701798927882, 8.139534130403288, 8.264881742650648, 7.248108962343213, 5.8927683901541545, 1.0941721985135613, 1.0942647714333127, 1.094692376880373, 4.452957180346561, 4.745011330861076, 4.99881201586937, 7.1749826299441315, 9.094797824031053, 9.292135976727849, 7.631763441695504, 5.205185991873873], [1.4807132977048594, 0.0, 1.3616956377986968, 2.184322547152778, 2.2333742386801188, 1.3892667454452365, 2.5247740136495382, 2.8768233956918525, 3.704036614289875, 5.004650681116516, 6.098013845507404, 7.3902039626792435, 7.748102413494546, 6.927931274197226, 5.529170434160987, 2.127234004523245, 2.127376177360271, 2.1370856674452714, 3.180969723213347, 3.2904378280101265, 3.8642085373333566, 6.12783690791457, 8.255628078468652, 8.819524058587287, 7.506205848496296, 5.090722331850364], [2.408538772783199, 1.3616956377986968, 0.0, 1.3528941348087808, 2.239461015512438, 2.2646642665083934, 3.6685293034130173, 4.2054846308124825, 4.6358402269707275, 6.019370742029436, 6.953457496095019, 8.308906154241965, 8.818926323538486, 8.11102538585597, 6.715842111008864, 3.134201470869414, 3.1391331112267284, 2.4788914820943657, 2.06511489995109, 3.270123772886892, 4.530301306756538, 6.794645369701056, 9.084234749278552, 9.902779986953158, 8.758936111766086, 6.374185691521702], [3.5607874185354, 2.184322547152778, 1.3528941348087808, 0.0, 1.3745164604325406, 2.254397396201477, 3.697196593366385, 4.5662760253843615, 4.287911858935535, 5.696878839329479, 6.398579505640295, 7.792048173619052, 8.494792577809067, 7.9869147190889676, 6.634680720275844, 4.185831492069408, 4.189258095414987, 3.807878574744736, 1.0813677866480025, 2.1755609966167344, 3.8983731132358277, 6.048442303601812, 8.448453819486733, 9.578951406599785, 8.766473112375353, 6.511545507020588], [3.704732106374225, 2.2333742386801188, 2.239461015512438, 1.3745164604325406, 0.0, 1.4309816910079598, 2.637129835635705, 3.707564254331946, 2.9735801334418412, 4.369459070640209, 5.024814642352492, 6.419120693677601, 7.1499066525375, 6.711211798922754, 5.393591758744815, 4.174410020589736, 4.173934682047624, 4.302742392939647, 2.263529091927029, 1.079859402885394, 2.5243510472990875, 4.6909136018477255, 7.07739233475155, 8.230956689838672, 7.544700577889093, 5.3980247526294285], [2.636150151262253, 1.3892667454452365, 2.2646642665083934, 2.254397396201477, 1.4309816910079598, 0.0, 1.466649763917753, 2.34341592125683, 2.390332665132617, 3.7576885887470772, 4.756744780834893, 6.082632065150745, 6.554341960868383, 5.875275943306834, 4.489494423651733, 2.999566598693885, 2.995361522420958, 3.484473788106319, 3.3275154740436594, 2.268147016839958, 2.4750871277593443, 4.741336433960366, 6.909180441991654, 7.638150872429793, 6.580920027625317, 4.271418756104346], [3.234871881543379, 2.5247740136495382, 3.6685293034130173, 3.697196593366385, 2.637129835635705, 1.466649763917753, 0.0, 1.2256549636826832, 1.3839390376747092, 2.51052702435166, 3.7251119150973175, 4.933843135933691, 5.2236304090163195, 4.442939180317462, 3.047344619500722, 3.2906088813470373, 3.2814925415121694, 4.281384062426542, 4.754206850779633, 3.079708434251528, 2.047888649316657, 4.002870563732982, 5.865006028129894, 6.294977469379855, 5.117119390829179, 2.814415203910041], [2.987026498041154, 2.8768233956918525, 4.2054846308124825, 4.5662760253843615, 3.707564254331946, 2.34341592125683, 1.2256549636826832, 0.0, 2.3190977577497676, 2.959998765202445, 4.337458077030832, 5.339103432225302, 5.309055158877142, 4.261361450287924, 2.9121140465304585, 2.8233218342937807, 2.8227754515724413, 4.0809212807894255, 5.647216419617721, 4.274551341369056, 3.1781807390392385, 4.8507798692581385, 6.364460054081571, 6.3176418899776206, 4.695711640422568, 2.257329176261185], [4.594819007316827, 3.704036614289875, 4.6358402269707275, 4.287911858935535, 2.9735801334418412, 2.390332665132617, 1.3839390376747092, 2.3190977577497676, 0.0, 1.4113720700084722, 2.3987422245835424, 3.694616717604142, 4.220055735413929, 3.7472233640390322, 2.4822404496744466, 4.6420473015685655, 4.624247995079848, 5.61560462550561, 5.2370312601702125, 2.9100278589731747, 1.0078609527112359, 2.620832846634825, 4.556131338098145, 5.3067104857906084, 4.631846029392601, 2.776643970695559], [5.705285033195099, 5.004650681116516, 6.019370742029436, 5.696878839329479, 4.369459070640209, 3.7576885887470772, 2.51052702435166, 2.959998765202445, 1.4113720700084722, 0.0, 1.4021308141539435, 2.434341761133798, 2.81074206038192, 2.4265658243699058, 1.3959879404923239, 5.6214013368554285, 5.602496215081274, 6.773557779335761, 6.631079117308133, 4.179651959194689, 2.0547250862341655, 2.170628455079312, 3.417203431169997, 3.89752753678534, 3.4072703150762784, 2.174932288601188], [6.959701798927882, 6.098013845507404, 6.953457496095019, 6.398579505640295, 5.024814642352492, 4.756744780834893, 3.7251119150973175, 4.337458077030832, 2.3987422245835424, 1.4021308141539435, 0.0, 1.3975496377588883, 2.4150973168797982, 2.779449042526234, 2.4073400694542513, 6.921512679320901, 6.896917608613285, 8.00017400873256, 7.210802288233952, 4.538990577209871, 2.5007135981555346, 1.086698085946598, 2.1579068585089574, 3.402164493377708, 3.866748967802281, 3.4081275856399507], [8.139534130403288, 7.3902039626792435, 8.308906154241965, 7.792048173619052, 6.419120693677601, 6.082632065150745, 4.933843135933691, 5.339103432225302, 3.694616717604142, 2.434341761133798, 1.3975496377588883, 0.0, 1.391560843082328, 2.4072675235627634, 2.7884942854522765, 8.026777327171846, 8.002266991921728, 9.20648675988838, 8.60808175321308, 5.92805178874139, 3.896131071973837, 2.1387283932280883, 1.0869515996584205, 2.1542538453023585, 3.3940185223419155, 3.8728628622764325], [8.264881742650648, 7.748102413494546, 8.818926323538486, 8.494792577809067, 7.1499066525375, 6.554341960868383, 5.2236304090163195, 5.309055158877142, 4.220055735413929, 2.81074206038192, 2.4150973168797982, 1.391560843082328, 0.0, 1.392459195093343, 2.421756523682759, 8.047179410203304, 8.027359932754978, 9.357105598420913, 9.400230010483787, 6.8301394927190175, 4.702395807458152, 3.3877482344471823, 2.1514849708980077, 1.086792606710222, 2.153436929654547, 3.3862399988778114], [7.248108962343213, 6.927931274197226, 8.11102538585597, 7.9869147190889676, 6.711211798922754, 5.875275943306834, 4.442939180317462, 4.261361450287924, 3.7472233640390322, 2.4265658243699058, 2.779449042526234, 2.4072675235627634, 1.392459195093343, 0.0, 1.3991682779422927, 6.9679478535649215, 6.954225393241147, 8.341472928086503, 8.970925795033642, 6.601050913301608, 4.481259314076792, 3.8658070451071405, 3.3932903839783592, 2.1532733825503905, 1.0873166512106764, 2.1308584608086947], [5.8927683901541545, 5.529170434160987, 6.715842111008864, 6.634680720275844, 5.393591758744815, 4.489494423651733, 3.047344619500722, 2.9121140465304585, 2.4822404496744466, 1.3959879404923239, 2.4073400694542513, 2.7884942854522765, 2.421756523682759, 1.3991682779422927, 0.0, 5.660026496404412, 5.647864765555209, 6.987439875948844, 7.64027975469485, 5.389163967629859, 3.3422165145304397, 3.401877610967214, 3.875438586792468, 3.4064242263699334, 2.1548849087596302, 1.085271178093291], [1.0941721985135613, 2.127234004523245, 3.134201470869414, 4.185831492069408, 4.174410020589736, 2.999566598693885, 3.2906088813470373, 2.8233218342937807, 4.6420473015685655, 5.6214013368554285, 6.921512679320901, 8.026777327171846, 8.047179410203304, 6.9679478535649215, 5.660026496404412, 0.0, 1.777917036872081, 1.7695976604866996, 5.102571286126241, 5.153313253626253, 5.1585105728301075, 7.231052652276846, 9.013105645669533, 9.04339661686913, 7.274113594796275, 4.899234839237654], [1.0942647714333127, 2.127376177360271, 3.1391331112267284, 4.189258095414987, 4.173934682047624, 2.995361522420958, 3.2814925415121694, 2.8227754515724413, 4.624247995079848, 5.602496215081274, 6.896917608613285, 8.002266991921728, 8.027359932754978, 6.954225393241147, 5.647864765555209, 1.777917036872081, 0.0, 1.7695435428380963, 5.107905365215766, 5.152757221138989, 5.136148282516773, 7.203341672446199, 8.98572737233887, 9.02347602312989, 7.265033855392553, 4.895515137347652], [1.094692376880373, 2.1370856674452714, 2.4788914820943657, 3.807878574744736, 4.302742392939647, 3.484473788106319, 4.281384062426542, 4.0809212807894255, 5.61560462550561, 6.773557779335761, 8.00017400873256, 9.20648675988838, 9.357105598420913, 8.341472928086503, 6.987439875948844, 1.7695976604866996, 1.7695435428380963, 0.0, 4.506603365063316, 5.379969235042148, 5.932802542643738, 8.15692918566785, 10.14562714572145, 10.386324183752402, 8.709343517740013, 6.28959744419307], [4.452957180346561, 3.180969723213347, 2.06511489995109, 1.0813677866480025, 2.263529091927029, 3.3275154740436594, 4.754206850779633, 5.647216419617721, 5.2370312601702125, 6.631079117308133, 7.210802288233952, 8.60808175321308, 9.400230010483787, 8.970925795033642, 7.64027975469485, 5.102571286126241, 5.107905365215766, 4.506603365063316, 0.0, 2.7382668861891455, 4.725545041579859, 6.742428444559126, 9.185346842117612, 10.477470725322977, 9.784472444644114, 7.5659895268233095], [4.745011330861076, 3.2904378280101265, 3.270123772886892, 2.1755609966167344, 1.079859402885394, 2.268147016839958, 3.079708434251528, 4.274551341369056, 2.9100278589731747, 4.179651959194689, 4.538990577209871, 5.92805178874139, 6.8301394927190175, 6.601050913301608, 5.389163967629859, 5.153313253626253, 5.152757221138989, 5.379969235042148, 2.7382668861891455, 0.0, 2.1410241381170834, 4.007110803309536, 6.4560768606019545, 7.885814247114879, 7.530800519201129, 5.6065995986872466], [4.99881201586937, 3.8642085373333566, 4.530301306756538, 3.8983731132358277, 2.5243510472990875, 2.4750871277593443, 2.047888649316657, 3.1781807390392385, 1.0078609527112359, 2.0547250862341655, 2.5007135981555346, 3.896131071973837, 4.702395807458152, 4.481259314076792, 3.3422165145304397, 5.1585105728301075, 5.136148282516773, 5.932802542643738, 4.725545041579859, 2.1410241381170834, 0.0, 2.2789353369501293, 4.574314203244023, 5.768477991636962, 5.446419001509157, 3.762147229973862], [7.1749826299441315, 6.12783690791457, 6.794645369701056, 6.048442303601812, 4.6909136018477255, 4.741336433960366, 4.002870563732982, 4.8507798692581385, 2.620832846634825, 2.170628455079312, 1.086698085946598, 2.1387283932280883, 3.3877482344471823, 3.8658070451071405, 3.401877610967214, 7.231052652276846, 7.203341672446199, 8.15692918566785, 6.742428444559126, 4.007110803309536, 2.2789353369501293, 0.0, 2.457333628142503, 4.283507848714649, 4.953122389967767, 4.3262733951982275], [9.094797824031053, 8.255628078468652, 9.084234749278552, 8.448453819486733, 7.07739233475155, 6.909180441991654, 5.865006028129894, 6.364460054081571, 4.556131338098145, 3.417203431169997, 2.1579068585089574, 1.0869515996584205, 2.1514849708980077, 3.3932903839783592, 3.875438586792468, 9.013105645669533, 8.98572737233887, 10.14562714572145, 9.185346842117612, 6.4560768606019545, 4.574314203244023, 2.457333628142503, 0.0, 2.4817885264462, 4.293262015065002, 4.959778959792462], [9.292135976727849, 8.819524058587287, 9.902779986953158, 9.578951406599785, 8.230956689838672, 7.638150872429793, 6.294977469379855, 6.3176418899776206, 5.3067104857906084, 3.89752753678534, 3.402164493377708, 2.1542538453023585, 1.086792606710222, 2.1532733825503905, 3.4064242263699334, 9.04339661686913, 9.02347602312989, 10.386324183752402, 10.477470725322977, 7.885814247114879, 5.768477991636962, 4.283507848714649, 2.4817885264462, 0.0, 2.4814017933418198, 4.276324693004496], [7.631763441695504, 7.506205848496296, 8.758936111766086, 8.766473112375353, 7.544700577889093, 6.580920027625317, 5.117119390829179, 4.695711640422568, 4.631846029392601, 3.4072703150762784, 3.866748967802281, 3.3940185223419155, 2.153436929654547, 1.0873166512106764, 2.1548849087596302, 7.274113594796275, 7.265033855392553, 8.709343517740013, 9.784472444644114, 7.530800519201129, 5.446419001509157, 4.953122389967767, 4.293262015065002, 2.4814017933418198, 0.0, 2.43865548612345], [5.205185991873873, 5.090722331850364, 6.374185691521702, 6.511545507020588, 5.3980247526294285, 4.271418756104346, 2.814415203910041, 2.257329176261185, 2.776643970695559, 2.174932288601188, 3.4081275856399507, 3.8728628622764325, 3.3862399988778114, 2.1308584608086947, 1.085271178093291, 4.899234839237654, 4.895515137347652, 6.28959744419307, 7.5659895268233095, 5.6065995986872466, 3.762147229973862, 4.3262733951982275, 4.959778959792462, 4.276324693004496, 2.43865548612345, 0.0]]}