{"total energy": -43.35702424, "HOMO-LUMO gap/eV": 9.87527166, "electronic energy": -43.64789305, "dipole": [-0.98158891, -0.68961262, 0.3314924], "partial charges": [-0.44014006, 0.06776933, 0.09852799, -0.33348698, 0.22861719, -0.46303331, 0.08612243, -0.44975952, 0.09670594, -0.45699764, 0.09280457, -0.4491065, 0.3024212, 0.06214911, 0.06297953, 0.04887138, 0.04192072, 0.31374108, 0.07295883, 0.30875824, 0.03674047, 0.31291402, 0.0398715, 0.31865048], "atomic dipole moments": [[-0.16840133, 0.17368484, -0.02796483], [-0.06172438, -0.19155068, 0.0284537], [-0.11875055, 0.00059043, -0.16235627], [-0.09816207, 0.0808695, 0.23712855], [0.16970011, -0.03212498, 0.1317062], [0.03920228, 0.03546525, -0.22694419], [-0.09408465, -0.098555, 0.11770235], [0.2166233, -0.07093628, -0.01488586], [-0.04176477, 0.15249628, -0.07665219], [-0.04251823, -0.22930824, -0.02398353], [-0.05497316, 0.02313558, -0.14540076], [-0.07282858, -0.05927667, 0.22478028], [-0.06384956, -0.02165851, -0.04594309], [0.08817619, 0.05718698, 0.07771117], [0.00800115, 0.05141591, -0.11627528], [0.00463005, -0.08233572, 0.09438221], [-0.07186942, -0.0569084, -0.08212402], [0.01491107, -0.06651496, -0.04840363], [-0.01542304, 0.07980274, -0.10765325], [0.01445635, -0.06936338, 0.04342006], [-0.00801036, -0.04845583, 0.11455331], [-0.08031268, -0.01944414, 0.0051797], [0.07002302, 0.05936652, 0.08084427], [-0.04274233, 0.05704137, 0.03365437]], "atomic quadrupole moments": [[-0.04091127, -0.09304245, 0.14398697, 0.00189088, 0.04941911, -0.10307571], [0.0178137, -0.17421907, 0.28446518, -0.17543071, 0.13022999, -0.30227888], [0.12104675, 0.07201092, -0.07470719, 0.12601458, 0.27485391, -0.04633956], [0.10236852, 0.05989978, -0.11615242, -7.63e-06, 0.0542146, 0.0137839], [0.07847458, -0.01032034, -0.03690568, -0.20449001, -0.26330262, -0.0415689], [-0.09966286, 0.00269565, 0.01391781, -0.02686008, -0.12305848, 0.08574505], [0.25100156, 0.07088181, -0.07798843, -0.17545891, 0.15308661, -0.17301313], [0.14800534, 0.01998953, -0.0810352, -0.08583337, -0.031337, -0.06697014], [0.05951656, -0.10598396, 0.21239656, -0.00601665, 0.1528547, -0.27191312], [-0.04718537, -0.07161059, 0.1596753, -0.00935769, 0.04253888, -0.11248993], [-0.08972737, -0.07654259, 0.06571552, -0.13874474, -0.24966001, 0.02401185], [-0.09427111, -0.00975679, -8.685e-05, -0.03390177, -0.13273152, 0.09435796], [0.01759338, 0.04747382, -0.00268382, 0.08301357, 0.05953258, -0.01490956], [0.00369098, 0.01214503, -0.01174731, 0.03730358, 0.03016032, 0.00805633], [-0.03785031, -0.02607707, 0.01965407, 0.00649308, -0.02256314, 0.01819624], [-0.01631671, 0.01239047, -0.00503936, 0.01202792, -0.0148055, 0.02135607], [-0.02588347, 0.00613203, 0.00505156, 0.01432221, -0.0083409, 0.02083192], [-0.08387872, -0.04255925, 0.10695628, -0.00910322, 0.04710794, -0.02307756], [-0.01152079, 0.00377611, -0.00088995, 0.00307377, -0.02345676, 0.01241074], [-0.04287153, -0.00195965, 0.04912808, -0.01689886, -0.09976255, -0.00625655], [-0.02315928, -0.00938946, 0.01901393, -0.00694016, -0.02071733, 0.00414535], [0.12743575, -0.00193343, -0.04819408, -0.02251838, 0.00763777, -0.07924166], [-0.01522149, 0.01468818, -0.01027753, 0.02438177, -0.0119133, 0.02549902], [-0.03500865, -0.08541765, 0.07721111, -0.02990653, 0.02057182, -0.04220246]], "number of molecular orbitals": 60, "number of electrons": 72, "number of unpaired electrons": 0, "orbital energies/eV": [-19.9808889, -19.69855106, -19.38022013, -19.18109198, -18.87970707, -18.72555207, -18.35056942, -18.22902421, -17.51851674, -17.41410641, -17.0490839, -16.7508698, -16.35401869, -16.28089457, -16.02609816, -15.94665117, -15.61234256, -15.23554605, -15.14709628, -14.99697481, -14.81839223, -14.53747227, -14.37530265, -14.01455558, -13.97794375, -13.79080206, -13.52084316, -13.05663257, -12.88739937, -12.74024095, -12.46710764, -12.27854347, -11.91010389, -11.63687169, -11.32468151, -11.24287921, -1.36760755, -0.64600176, -0.17343246, 0.14797419, 0.59064982, 0.66936118, 1.62691681, 1.8777116, 2.24667461, 2.52221849, 2.87604881, 3.19597727, 3.72251087, 3.96008206, 4.26388148, 4.59197367, 4.75476214, 4.92370079, 5.09889349, 5.51785018, 5.76844751, 6.28889278, 6.6584324, 7.22562593], "fractional occupation": [2.0, 2.0, 2.0, 2.0, 2.0, 2.0, 2.0, 2.0, 2.0, 2.0, 2.0, 2.0, 2.0, 2.0, 2.0, 2.0, 2.0, 2.0, 2.0, 2.0, 2.0, 2.0, 2.0, 2.0, 2.0, 2.0, 2.0, 2.0, 2.0, 2.0, 2.0, 2.0, 2.0, 2.0, 2.0, 2.0, 0.0, 0.0, 0.0, 0.0, 0.0, 0.0, 0.0, 0.0, 0.0, 0.0, 0.0, 0.0, 0.0, 0.0, 0.0, 0.0, 0.0, 0.0, 0.0, 0.0, 0.0, 0.0, 0.0, 0.0], "program call": "xtb /home/svss/Project-DBcg-Debug/aqme2_20220329/End-to-End-workflows-final/example-3/QDESCP/mol_342_rdkit_conf_1/mol_342_rdkit_conf_1.xyz --pop --wbo --acc 0.2 --gfn 2 --chrg 0 --uhf 0 --etemp 300 --input /home/svss/Project-DBcg-Debug/aqme2_20220329/End-to-End-workflows-final/example-3/QDESCP/mol_342_rdkit_conf_1/mol_342_rdkit_conf_1_xtb.inp", "method": "GFN2-xTB", "xtb version": "6.3.3 (7355c4f)", "Dipole module/D": 3.163, "Total charge": 0, "Transition dipole module/D": NaN, "HOMO": -11.2429, "LUMO": -1.3676, "HOMO occupancy": 2.0, "LUMO occupancy": 0, "mulliken charges": [-0.56884, 0.19378, 0.18479, -0.47841, 0.39608, -0.58296, 0.1789, -0.57074, 0.18486, -0.5764, 0.18382, -0.57494, 0.34467, 0.03229, 0.04296, 0.03412, 0.0409, 0.35687, 0.05531, 0.34973, 0.02948, 0.35527, 0.03228, 0.35618], "cm5 charges": [-0.77818, 0.11271, 0.14996, -0.5637, 0.38121, -0.79345, 0.14327, -0.77616, 0.14728, -0.78545, 0.14646, -0.77781, 0.51871, 0.09593, 0.11068, 0.10717, 0.11681, 0.52852, 0.1283, 0.52514, 0.1015, 0.52799, 0.10116, 0.53194], "FUKUI+": [-0.044, 0.006, -0.023, -0.112, -0.018, -0.037, -0.018, -0.091, 0.005, -0.042, 0.002, -0.025, -0.025, -0.063, -0.042, -0.054, -0.077, -0.054, -0.06, -0.049, -0.043, -0.031, -0.071, -0.034], "FUKUI-": [-0.119, 0.015, 0.003, -0.044, 0.007, -0.015, -0.006, -0.085, -0.005, -0.064, 0.006, -0.073, -0.043, -0.055, -0.083, -0.051, -0.057, -0.028, -0.046, -0.039, -0.055, -0.038, -0.084, -0.038], "FUKUIrad": [-0.082, 0.011, -0.01, -0.078, -0.005, -0.026, -0.012, -0.088, -0.0, -0.053, 0.004, -0.049, -0.034, -0.059, -0.063, -0.052, -0.067, -0.041, -0.053, -0.044, -0.049, -0.035, -0.078, -0.036], "s proportion": [1.704, 0.998, 1.034, 1.7, 0.988, 1.708, 1.032, 1.711, 1.031, 1.71, 1.029, 1.708, 0.655, 0.968, 0.957, 0.966, 0.959, 0.643, 0.945, 0.65, 0.971, 0.645, 0.968, 0.644], "p proportion": [4.865, 2.808, 2.782, 4.779, 2.616, 4.875, 2.789, 4.86, 2.784, 4.866, 2.787, 4.867, 0.0, 0.0, 0.0, 0.0, 0.0, 0.0, 0.0, 0.0, 0.0, 0.0, 0.0, 0.0], "d proportion": [0.0, 0.0, 0.0, 0.0, 0.0, 0.0, 0.0, 0.0, 0.0, 0.0, 0.0, 0.0, 0.0, 0.0, 0.0, 0.0, 0.0, 0.0, 0.0, 0.0, 0.0, 0.0, 0.0, 0.0], "Fermi-level/eV": -6.3052, "Coordination numbers": [1.652, 3.673, 3.739, 1.696, 3.616, 1.653, 3.723, 1.65, 3.727, 1.65, 3.726, 1.651, 0.804, 0.924, 0.924, 0.924, 0.924, 0.804, 0.924, 0.803, 0.924, 0.803, 0.924, 0.803], "Dispersion coefficient C6": [21.646, 19.671, 19.031, 19.59, 17.453, 22.113, 19.254, 21.841, 19.079, 21.99, 19.143, 21.828, 0.714, 2.174, 2.165, 2.334, 2.424, 0.681, 2.053, 0.696, 2.493, 0.684, 2.451, 0.668], "Total dispersion C6": 4692.229533, "Total dispersion C8": 99833.970278, "Polarizability alpha": [6.28, 6.356, 6.225, 5.976, 6.028, 6.348, 6.266, 6.309, 6.236, 6.33, 6.247, 6.307, 1.327, 2.306, 2.301, 2.389, 2.435, 1.297, 2.241, 1.31, 2.469, 1.299, 2.448, 1.284], "Total polarizability alpha": 98.01329, "Wiberg matrix": [[0.0, 1.00122452002353, 0.0, 0.0, 0.0, 0.0, 0.0, 0.0, 0.0, 0.0, 0.0, 0.0, 0.8931441498167403, 0.0, 0.0, 0.0, 0.0, 0.0, 0.0, 0.0, 0.0, 0.0, 0.0, 0.0], [1.00122452002353, 0.0, 0.9836836424259049, 0.0, 0.0, 0.0, 0.0, 0.0, 0.0, 0.0, 0.0, 0.0, 0.0, 0.9712412160842426, 0.9692150872762071, 0.0, 0.0, 0.0, 0.0, 0.0, 0.0, 0.0, 0.0, 0.0], [0.0, 0.9836836424259049, 0.0, 0.9502648008286172, 0.0, 0.0, 0.0, 0.0, 0.0, 0.0, 0.9760434924154066, 0.0, 0.0, 0.0, 0.0, 0.9592281328970756, 0.0, 0.0, 0.0, 0.0, 0.0, 0.0, 0.0, 0.0], [0.0, 0.0, 0.9502648008286172, 0.0, 0.9829164273835141, 0.0, 0.0, 0.0, 0.0, 0.0, 0.0, 0.0, 0.0, 0.0, 0.0, 0.0, 0.0, 0.0, 0.0, 0.0, 0.0, 0.0, 0.0, 0.0], [0.0, 0.0, 0.0, 0.9829164273835141, 0.0, 0.9775790505754702, 0.9628605857582604, 0.0, 0.0, 0.0, 0.0, 0.0, 0.0, 0.0, 0.0, 0.0, 0.9571958073122839, 0.0, 0.0, 0.0, 0.0, 0.0, 0.0, 0.0], [0.0, 0.0, 0.0, 0.0, 0.9775790505754702, 0.0, 0.0, 0.0, 0.0, 0.0, 0.0, 0.0, 0.0, 0.0, 0.0, 0.0, 0.0, 0.8878208370601708, 0.0, 0.0, 0.0, 0.0, 0.0, 0.0], [0.0, 0.0, 0.0, 0.0, 0.9628605857582604, 0.0, 0.0, 0.9902775808606225, 0.9735446650506279, 0.0, 0.0, 0.0, 0.0, 0.0, 0.0, 0.0, 0.0, 0.0, 0.9587581002982626, 0.0, 0.0, 0.0, 0.0, 0.0], [0.0, 0.0, 0.0, 0.0, 0.0, 0.0, 0.9902775808606225, 0.0, 0.0, 0.0, 0.0, 0.0, 0.0, 0.0, 0.0, 0.0, 0.0, 0.0, 0.0, 0.8838766268107451, 0.0, 0.0, 0.0, 0.0], [0.0, 0.0, 0.0, 0.0, 0.0, 0.0, 0.9735446650506279, 0.0, 0.0, 0.9823859615103138, 0.9759681918679324, 0.0, 0.0, 0.0, 0.0, 0.0, 0.0, 0.0, 0.0, 0.0, 0.9598924973749223, 0.0, 0.0, 0.0], [0.0, 0.0, 0.0, 0.0, 0.0, 0.0, 0.0, 0.0, 0.9823859615103138, 0.0, 0.0, 0.0, 0.0, 0.0, 0.0, 0.0, 0.0, 0.0, 0.0, 0.0, 0.0, 0.88198550974883, 0.0, 0.0], [0.0, 0.0, 0.9760434924154066, 0.0, 0.0, 0.0, 0.0, 0.0, 0.9759681918679324, 0.0, 0.0, 0.9937590960201654, 0.0, 0.0, 0.0, 0.0, 0.0, 0.0, 0.0, 0.0, 0.0, 0.0, 0.9594161413610597, 0.0], [0.0, 0.0, 0.0, 0.0, 0.0, 0.0, 0.0, 0.0, 0.0, 0.0, 0.9937590960201654, 0.0, 0.0, 0.0, 0.0, 0.0, 0.0, 0.0, 0.0, 0.0, 0.0, 0.0, 0.0, 0.8756436875696372], [0.8931441498167403, 0.0, 0.0, 0.0, 0.0, 0.0, 0.0, 0.0, 0.0, 0.0, 0.0, 0.0, 0.0, 0.0, 0.0, 0.0, 0.0, 0.0, 0.0, 0.0, 0.0, 0.0, 0.0, 0.0], [0.0, 0.9712412160842426, 0.0, 0.0, 0.0, 0.0, 0.0, 0.0, 0.0, 0.0, 0.0, 0.0, 0.0, 0.0, 0.0, 0.0, 0.0, 0.0, 0.0, 0.0, 0.0, 0.0, 0.0, 0.0], [0.0, 0.9692150872762071, 0.0, 0.0, 0.0, 0.0, 0.0, 0.0, 0.0, 0.0, 0.0, 0.0, 0.0, 0.0, 0.0, 0.0, 0.0, 0.0, 0.0, 0.0, 0.0, 0.0, 0.0, 0.0], [0.0, 0.0, 0.9592281328970756, 0.0, 0.0, 0.0, 0.0, 0.0, 0.0, 0.0, 0.0, 0.0, 0.0, 0.0, 0.0, 0.0, 0.0, 0.0, 0.0, 0.0, 0.0, 0.0, 0.0, 0.0], [0.0, 0.0, 0.0, 0.0, 0.9571958073122839, 0.0, 0.0, 0.0, 0.0, 0.0, 0.0, 0.0, 0.0, 0.0, 0.0, 0.0, 0.0, 0.0, 0.0, 0.0, 0.0, 0.0, 0.0, 0.0], [0.0, 0.0, 0.0, 0.0, 0.0, 0.8878208370601708, 0.0, 0.0, 0.0, 0.0, 0.0, 0.0, 0.0, 0.0, 0.0, 0.0, 0.0, 0.0, 0.0, 0.0, 0.0, 0.0, 0.0, 0.0], [0.0, 0.0, 0.0, 0.0, 0.0, 0.0, 0.9587581002982626, 0.0, 0.0, 0.0, 0.0, 0.0, 0.0, 0.0, 0.0, 0.0, 0.0, 0.0, 0.0, 0.0, 0.0, 0.0, 0.0, 0.0], [0.0, 0.0, 0.0, 0.0, 0.0, 0.0, 0.0, 0.8838766268107451, 0.0, 0.0, 0.0, 0.0, 0.0, 0.0, 0.0, 0.0, 0.0, 0.0, 0.0, 0.0, 0.0, 0.0, 0.0, 0.0], [0.0, 0.0, 0.0, 0.0, 0.0, 0.0, 0.0, 0.0, 0.9598924973749223, 0.0, 0.0, 0.0, 0.0, 0.0, 0.0, 0.0, 0.0, 0.0, 0.0, 0.0, 0.0, 0.0, 0.0, 0.0], [0.0, 0.0, 0.0, 0.0, 0.0, 0.0, 0.0, 0.0, 0.0, 0.88198550974883, 0.0, 0.0, 0.0, 0.0, 0.0, 0.0, 0.0, 0.0, 0.0, 0.0, 0.0, 0.0, 0.0, 0.0], [0.0, 0.0, 0.0, 0.0, 0.0, 0.0, 0.0, 0.0, 0.0, 0.0, 0.9594161413610597, 0.0, 0.0, 0.0, 0.0, 0.0, 0.0, 0.0, 0.0, 0.0, 0.0, 0.0, 0.0, 0.0], [0.0, 0.0, 0.0, 0.0, 0.0, 0.0, 0.0, 0.0, 0.0, 0.0, 0.0, 0.8756436875696372, 0.0, 0.0, 0.0, 0.0, 0.0, 0.0, 0.0, 0.0, 0.0, 0.0, 0.0, 0.0]], "Born radii": [], "Atomic SASAs": [], "Solvent H bonds": [], "Total SASA": NaN, "Total FOD": 0.0, "FOD": [0.0, 0.0, 0.0, 0.0, 0.0, 0.0, 0.0, 0.0, 0.0, 0.0, 0.0, 0.0, 0.0, 0.0, 0.0, 0.0, 0.0, 0.0, 0.0, 0.0, 0.0, 0.0, 0.0, 0.0], "FOD s proportion": [0.0, 0.0, 0.0, 0.0, 0.0, 0.0, 0.0, 0.0, 0.0, 0.0, 0.0, 0.0, 0.0, 0.0, 0.0, 0.0, 0.0, 0.0, 0.0, 0.0, 0.0, 0.0, 0.0, 0.0], "FOD p proportion": [0.0, 0.0, 0.0, 0.0, 0.0, 0.0, 0.0, 0.0, 0.0, 0.0, 0.0, 0.0, 0.0, 0.0, 0.0, 0.0, 0.0, 0.0, 0.0, 0.0, 0.0, 0.0, 0.0, 0.0], "FOD d proportion": [0.0, 0.0, 0.0, 0.0, 0.0, 0.0, 0.0, 0.0, 0.0, 0.0, 0.0, 0.0, 0.0, 0.0, 0.0, 0.0, 0.0, 0.0, 0.0, 0.0, 0.0, 0.0, 0.0, 0.0], "coordinates": [["3.03960", "-1.59670", "-0.89410"], ["2.56440", "-0.27540", "-0.61940"], ["1.16650", "-0.35810", "0.00220"], ["0.30880", "-0.99310", "-0.97320"], ["-1.04070", "-1.11240", "-0.55460"], ["-1.12990", "-2.00660", "0.55110"], ["-1.66530", "0.23530", "-0.15990"], ["-2.98390", "0.05770", "0.38880"], ["-0.79830", "0.93220", "0.89160"], ["-1.30280", "2.25990", "1.12300"], ["0.65150", "1.02730", "0.41880"], ["0.71340", "1.94840", "-0.68040"], ["2.34760", "-2.00300", "-1.44980"], ["3.27430", "0.20490", "0.06030"], ["2.55520", "0.26820", "-1.56960"], ["1.21220", "-1.02040", "0.87620"], ["-1.62360", "-1.55110", "-1.37180"], ["-0.93910", "-2.88520", "0.17610"], ["-1.76590", "0.87970", "-1.04080"], ["-2.92920", "-0.74420", "0.94810"], ["-0.85440", "0.40090", "1.84910"], ["-2.27310", "2.15670", "1.20470"], ["1.28020", "1.44950", "1.21100"], ["0.19240", "2.72530", "-0.38740"]], "bond_dist": [[0.0, 1.430772106241941, 2.4178476502873374, 2.7978310188429893, 4.122942496567227, 4.431856416898002, 5.102093457591698, 6.37694472455266, 4.930875795434316, 6.148047960938495, 3.7831341530535236, 4.2455397937129264, 0.9760871784835616, 2.0522490126687845, 2.0417628706585886, 2.6087304460215894, 4.687825816943287, 4.316898652968355, 5.4080410593855515, 6.3045246077717865, 5.165151304657009, 6.835038718983236, 4.099544951576943, 5.200286216161568], [1.430772106241941, 0.0, 1.5321064780229865, 2.393323858152089, 3.70155562567956, 4.244405279894935, 4.285127399506345, 5.648987142842512, 3.8793259788267345, 4.941552356294528, 2.5365474448549152, 2.893995238420409, 1.9290329598013614, 1.0939095894999733, 1.0947445546793098, 2.149485798976118, 4.442168417563656, 4.4405392172572915, 4.501481096261541, 5.732056406735719, 4.2707221145843715, 5.713480329011381, 2.8239712834942217, 3.832024072210403], [2.4178476502873374, 1.5321064780229865, 0.0, 1.4457798760530596, 2.398067257188589, 2.879634771980642, 2.8978425095232487, 4.1890535160105085, 2.513234069878888, 3.769291595247043, 1.535615095002651, 2.4476896494449614, 2.4917859498761126, 2.1824677431751427, 2.188902606330396, 1.0975453430268838, 3.3310333246606825, 3.2939379138046916, 3.3494727346255564, 4.221203443332245, 2.840978250532728, 4.427309956395644, 2.177508413301772, 3.256994708316242], [2.7978310188429893, 2.393323858152089, 1.4457798760530596, 0.0, 1.4179593435638413, 2.3282032621745032, 2.463228422213417, 3.7149828976726127, 2.8999878516986928, 4.192054150413613, 2.477321830122199, 2.9835977024391207, 2.324596956463636, 3.36117784414928, 2.644406097784529, 2.05843562201979, 2.0504671955434937, 2.5412963837380325, 2.7957699637130373, 3.7733259731965907, 3.3558378283224592, 4.618516651480213, 3.4176954750240696, 3.7660601641503284], [4.122942496567227, 3.70155562567956, 2.398067257188589, 1.4179593435638413, 0.0, 1.42482376804993, 1.5369478000244512, 2.4566570395559904, 2.5160765807105316, 3.775638417539476, 2.8964399683059203, 3.530040947354577, 3.615954685833328, 4.55330718269699, 3.983312462009477, 2.670432745829784, 1.0954660834548917, 1.9201731406308131, 2.175032848027818, 2.44133381166935, 2.846499300895751, 3.9116442910878284, 3.881655803906369, 4.034406119864484], [4.431856416898002, 4.244405279894935, 2.879634771980642, 2.3282032621745032, 1.42482376804993, 0.0, 2.412113133748084, 2.7793869431944884, 2.9769857658376537, 4.308130252209188, 3.5207156175982175, 4.533913556741019, 4.012059324087818, 4.952635109716847, 4.822037488448219, 2.5619744065856707, 2.036851577803351, 0.9741496804906318, 3.3569881292611092, 2.2335494733719243, 2.7489562564726273, 4.366596625519696, 4.264818545964178, 5.002013309658421], [5.102093457591698, 4.285127399506345, 2.8978425095232487, 2.463228422213417, 1.5369478000244512, 2.412113133748084, 0.0, 1.4392079106230624, 1.5306896680908249, 2.424096495604084, 2.5158934655505587, 2.9772211120439143, 4.772545998730656, 4.944599110140276, 4.449826597745131, 3.3060992045006756, 2.1590890347551674, 3.2214566099825093, 1.0960641085265042, 1.9453861981622056, 2.172800766292206, 2.4337896293640497, 3.4683740715211213, 3.1149487218893346], [6.37694472455266, 5.648987142842512, 4.1890535160105085, 3.7149828976726127, 2.4566570395559904, 2.7793869431944884, 1.4392079106230624, 0.0, 2.407157130309528, 2.866152768084772, 3.762599808642955, 4.288118750687765, 6.0043173383824415, 6.268544275188619, 5.87888336506177, 4.359714850767192, 2.7456084735446167, 3.58986193884946, 2.050113206630307, 0.9792099825880045, 2.6048095093499644, 2.3615102053558865, 4.560226846331221, 4.219888374116074], [4.930875795434316, 3.8793259788267345, 2.513234069878888, 2.8999878516986928, 2.5160765807105316, 2.9769857658376537, 1.5306896680908249, 2.407157130309528, 0.0, 1.4390460381794603, 1.5279083382192795, 2.4060513980378726, 4.898391553357081, 4.219726974580228, 4.212405926546016, 2.802676251371178, 3.4598957412037716, 3.8864260767445455, 2.161752939167656, 2.7118709445694495, 1.0964639300952859, 1.9422839390779092, 2.165589504038104, 2.415064202045155], [6.148047960938495, 4.941552356294528, 3.769291595247043, 4.192054150413613, 3.775638417539476, 4.308130252209188, 2.424096495604084, 2.866152768084772, 1.4390460381794603, 0.0, 2.41546866880943, 2.7229297181528573, 6.173899611266772, 5.128567119576383, 5.108926271732643, 4.140833651573074, 4.566252367094924, 5.244134943915917, 2.607957838999703, 3.420582374391823, 2.045523104244975, 0.9791870199303093, 2.708575485379723, 2.175667336703844], [3.7831341530535236, 2.5365474448549152, 1.535615095002651, 2.477321830122199, 2.8964399683059203, 3.5207156175982175, 2.5158934655505587, 3.762599808642955, 1.5279083382192795, 2.41546866880943, 0.0, 1.4354432973823799, 3.9434932813433328, 2.771992757927048, 2.8555281578019853, 2.1717906298720417, 3.8769156464901324, 4.2304335357029315, 2.8277271226198613, 4.029861440546064, 2.169301698703986, 3.232099678227762, 1.095945879138199, 1.9349251277504251], [4.2455397937129264, 2.893995238420409, 2.4476896494449614, 2.9835977024391207, 3.530040947354577, 4.533913556741019, 2.9772211120439143, 4.288118750687765, 2.4060513980378726, 2.7229297181528573, 1.4354432973823799, 0.0, 4.344668912587011, 3.1853787137481784, 2.6468804128634145, 3.3890379814926828, 4.2645167616038275, 5.179578888288121, 2.7237724464426174, 4.813589281399068, 3.3542694197097527, 3.5378203953847063, 2.0365552803692806, 0.9802365071756917], [0.9760871784835616, 1.9290329598013614, 2.4917859498761126, 2.324596956463636, 3.615954685833328, 4.012059324087818, 4.772545998730656, 6.0043173383824415, 4.898391553357081, 6.173899611266772, 3.9434932813433328, 4.344668912587011, 0.0, 2.8309004415556545, 2.2838124353808045, 2.7685577328276905, 3.9975901553310837, 3.77150162932485, 5.039655002080996, 5.931198874595253, 5.1878974951323, 6.760202868997349, 4.4876447776088515, 5.303810110665728], [2.0522490126687845, 1.0939095894999733, 2.1824677431751427, 3.36117784414928, 4.55330718269699, 4.952635109716847, 4.944599110140276, 6.268544275188619, 4.219726974580228, 5.128567119576383, 2.771992757927048, 3.1853787137481784, 2.8309004415556545, 0.0, 1.7826064372149004, 2.5336355913982582, 5.396653668709898, 5.226362713206958, 5.203017613846796, 6.33816944393253, 4.503818949513846, 5.991061789032058, 2.617169169159686, 4.0063648186354675], [2.0417628706585886, 1.0947445546793098, 2.188902606330396, 2.644406097784529, 3.983312462009477, 4.822037488448219, 4.449826597745131, 5.87888336506177, 4.212405926546016, 5.108926271732643, 2.8555281578019853, 2.6468804128634145, 2.2838124353808045, 1.7826064372149004, 0.0, 3.0734470224814356, 4.56194550274332, 5.0201128015214955, 4.396074032588624, 6.119020379930108, 4.83016471147724, 5.880106600224184, 3.2791509648078114, 3.6080134547975287], [2.6087304460215894, 2.149485798976118, 1.0975453430268838, 2.05843562201979, 2.670432745829784, 2.5619744065856707, 3.3060992045006756, 4.359714850767192, 2.802676251371178, 4.140833651573074, 2.1717906298720417, 3.3890379814926828, 2.7685577328276905, 2.5336355913982582, 3.0734470224814356, 0.0, 3.6574455744412653, 2.931844255754388, 4.019247270323138, 4.151222712647444, 2.6902534564609337, 4.7274932839719614, 2.4934155389746007, 4.0825170532405615], [4.687825816943287, 4.442168417563656, 3.3310333246606825, 2.0504671955434937, 1.0954660834548917, 2.036851577803351, 2.1590890347551674, 2.7456084735446167, 3.4598957412037716, 4.566252367094924, 3.8769156464901324, 4.2645167616038275, 3.9975901553310837, 5.396653668709898, 4.56194550274332, 3.6574455744412653, 0.0, 2.15507713783057, 2.4573560853079472, 2.781656876755291, 3.8439783363073206, 4.561576847977024, 4.909838148045208, 4.749157432640025], [4.316898652968355, 4.4405392172572915, 3.2939379138046916, 2.5412963837380325, 1.9201731406308131, 0.9741496804906318, 3.2214566099825093, 3.58986193884946, 3.8864260767445455, 5.244134943915917, 4.2304335357029315, 5.179578888288121, 3.77150162932485, 5.226362713206958, 5.0201128015214955, 2.931844255754388, 2.15507713783057, 0.0, 4.042142483881538, 3.0233033274879975, 3.6884354813389377, 5.315856428648162, 4.978547437757322, 5.751133344828652], [5.4080410593855515, 4.501481096261541, 3.3494727346255564, 2.7957699637130373, 2.175032848027818, 3.3569881292611092, 1.0960641085265042, 2.050113206630307, 2.161752939167656, 2.607957838999703, 2.8277271226198613, 2.7237724464426174, 5.039655002080996, 5.203017613846796, 4.396074032588624, 4.019247270323138, 2.4573560853079472, 4.042142483881538, 0.0, 2.8188723472339077, 3.067833714528869, 2.6325370063875644, 3.8306658024421814, 2.769135209772177], [6.3045246077717865, 5.732056406735719, 4.221203443332245, 3.7733259731965907, 2.44133381166935, 2.2335494733719243, 1.9453861981622056, 0.9792099825880045, 2.7118709445694495, 3.420582374391823, 4.029861440546064, 4.813589281399068, 5.931198874595253, 6.33816944393253, 6.119020379930108, 4.151222712647444, 2.781656876755291, 3.0233033274879975, 2.8188723472339077, 0.0, 2.535320502421735, 2.985218849598803, 4.7539966827922795, 4.854418302948356], [5.165151304657009, 4.2707221145843715, 2.840978250532728, 3.3558378283224592, 2.846499300895751, 2.7489562564726273, 2.172800766292206, 2.6048095093499644, 1.0964639300952859, 2.045523104244975, 2.169301698703986, 3.3542694197097527, 5.1878974951323, 4.503818949513846, 4.83016471147724, 2.6902534564609337, 3.8439783363073206, 3.6884354813389377, 3.067833714528869, 2.535320502421735, 0.0, 2.347508187419162, 2.4623668958950855, 3.391247241060433], [6.835038718983236, 5.713480329011381, 4.427309956395644, 4.618516651480213, 3.9116442910878284, 4.366596625519696, 2.4337896293640497, 2.3615102053558865, 1.9422839390779092, 0.9791870199303093, 3.232099678227762, 3.5378203953847063, 6.760202868997349, 5.991061789032058, 5.880106600224184, 4.7274932839719614, 4.561576847977024, 5.315856428648162, 2.6325370063875644, 2.985218849598803, 2.347508187419162, 0.0, 3.622997711840293, 2.989444533688491], [4.099544951576943, 2.8239712834942217, 2.177508413301772, 3.4176954750240696, 3.881655803906369, 4.264818545964178, 3.4683740715211213, 4.560226846331221, 2.165589504038104, 2.708575485379723, 1.095945879138199, 2.0365552803692806, 4.4876447776088515, 2.617169169159686, 3.2791509648078114, 2.4934155389746007, 4.909838148045208, 4.978547437757322, 3.8306658024421814, 4.7539966827922795, 2.4623668958950855, 3.622997711840293, 0.0, 2.3164319631709454], [5.200286216161568, 3.832024072210403, 3.256994708316242, 3.7660601641503284, 4.034406119864484, 5.002013309658421, 3.1149487218893346, 4.219888374116074, 2.415064202045155, 2.175667336703844, 1.9349251277504251, 0.9802365071756917, 5.303810110665728, 4.0063648186354675, 3.6080134547975287, 4.0825170532405615, 4.749157432640025, 5.751133344828652, 2.769135209772177, 4.854418302948356, 3.391247241060433, 2.989444533688491, 2.3164319631709454, 0.0]]}