{"total energy": -46.12746763, "HOMO-LUMO gap/eV": 3.60145021, "electronic energy": -46.754131, "dipole": [-1.87096181, 0.59224117, -0.05674093], "partial charges": [-0.09958487, -0.05153922, -0.05225981, -0.05172698, -0.05881442, 0.09287942, -0.11367392, -0.30395813, 0.22315231, -0.18393257, 0.0059258, -0.11386381, -0.17186296, 0.26611265, -0.4643992, 0.03426681, 0.03031356, 0.03055329, 0.0331199, 0.02528452, 0.02615498, 0.04264808, 0.03069266, 0.05287223, 0.0547712, 0.04785835, 0.05789954, 0.16590176, 0.04724927, 0.07281636, 0.04743299, 0.05312356, 0.03792747, 0.18665918], "atomic dipole moments": [[-0.0685502, -0.02671229, 0.06943982], [-0.02848345, 0.04068683, -0.10079809], [0.01939706, -0.03720426, 0.10911906], [-0.01370117, 0.04536438, -0.10083792], [0.08645515, -0.06973111, -0.01097743], [-0.08834365, 0.06396073, 0.00394205], [-0.0266503, -0.08047339, -0.03720776], [0.15049547, -0.24402672, -0.06955495], [-0.00898558, -0.11486563, -0.06633898], [-0.0145048, 0.02374145, 0.1095485], [0.09168101, -0.15107483, 0.04105355], [0.04842497, 0.02206422, -0.11372127], [0.00614118, 0.02789179, 0.00652731], [-0.12173777, -0.03581642, -0.06154742], [-0.10646137, 0.17388775, 0.05178273], [-0.01017811, -0.06922106, -0.10542133], [-0.01214165, 0.12090859, -0.03083048], [0.11481488, -0.01603917, 0.04467224], [0.02222625, -0.1184386, 0.03095628], [0.01987555, 0.06581598, 0.10095763], [-0.01759288, 0.11746555, -0.03359011], [-0.01565612, -0.06685203, -0.10816748], [0.02036653, 0.05531875, 0.10694532], [0.02219738, -0.11942249, 0.04123623], [-0.05321365, 0.00466096, 0.12010473], [0.12776981, 0.01731175, 0.01375253], [-0.0327964, 0.10891134, -0.06407391], [-0.05712327, -0.119296, -0.02912935], [-0.0885193, 0.00170669, -0.08234045], [0.04539039, 0.12528664, -0.0005291], [-0.0892244, 0.08562873, 0.02950151], [0.08742129, 0.00021175, 0.09695983], [-0.05459059, -0.1134768, 0.00314957], [-0.04366183, -0.10205171, -0.0749853]], "atomic quadrupole moments": [[0.054573, 0.06228324, -0.09954358, -0.15701202, -0.07158713, 0.04497058], [0.21297073, 0.02798484, -0.20543736, -0.05566729, -0.08492767, -0.00753337], [0.22026686, 0.02490355, -0.20170031, -0.0538067, -0.09781708, -0.01856656], [0.18095234, 0.0349863, -0.15699061, -0.05854266, -0.03850005, -0.02396173], [-0.07599065, 0.13656529, -0.122826, -0.09460526, -0.1637376, 0.19881665], [-0.13962336, 0.2444988, -0.17054234, -0.09320062, -0.20272674, 0.3101657], [-0.05187607, 0.03544017, 0.09470638, 0.05468196, 0.13318536, -0.04283031], [-0.04374892, 0.06590437, -0.07078516, -0.05300535, -0.10106925, 0.11453408], [-0.05846642, -0.01896497, -0.13474223, -0.1648152, -0.25476824, 0.19320865], [0.05019747, -0.0881771, -0.02747237, -0.01818606, 0.02006424, -0.0227251], [0.02624932, -0.21897813, -0.03088166, -0.17092332, 0.01847031, 0.00463234], [-0.06451669, 0.0182439, -0.10552999, -0.15549102, -0.06373253, 0.17004668], [0.0290928, -0.05111447, -0.01090939, -0.02066821, -0.02994103, -0.01818341], [-0.07432724, 0.01311524, -0.1568981, -0.16708942, -0.30707541, 0.23122533], [-0.06986087, -0.00174978, -0.01201325, -0.08121562, -0.08657196, 0.08187412], [-0.03770828, 0.02230119, 0.0008016, 0.00911708, 0.05443213, 0.03690668], [-0.03724461, -0.02472193, 0.07181931, -0.00794286, -0.02399732, -0.03457469], [0.06280015, -0.0145495, -0.04906173, 0.04049477, -0.01591423, -0.01373841], [-0.01753889, -0.00729955, 0.05306752, -0.00369784, -0.01382091, -0.03552864], [-0.01847294, 0.00755485, -0.00146178, 0.00155902, 0.04749819, 0.01993472], [-0.02002723, -0.01189299, 0.05606801, -0.0015584, -0.01206127, -0.03604078], [-0.01811168, 0.0088008, 0.00350676, 0.00565018, 0.04228331, 0.01460492], [-0.02222117, 0.00581927, 0.01019811, 0.00242501, 0.0566177, 0.01202307], [-0.01953603, -0.00626592, 0.05626102, -0.00118628, -0.00344958, -0.03672499], [-0.01431352, 0.00991419, -0.04306917, -0.05139099, -0.00211787, 0.05738269], [0.08405252, -0.01886624, -0.0316564, 0.00972211, 0.00945364, -0.05239612], [-0.02348871, -0.02942235, 0.03344488, 0.0370329, -0.04903589, -0.00995617], [0.02368583, -0.00241967, 0.02784411, 0.02385372, 0.02930992, -0.05152993], [0.021611, -0.00275168, -0.03740215, 0.03433404, 0.01573587, 0.01579114], [0.00079766, 0.03624014, 0.01892687, -0.00846322, 0.01305038, -0.01972453], [0.01376047, -0.06544969, 0.0184312, -0.02146738, 0.01056685, -0.03219167], [0.03293398, 0.01056733, -0.0443338, 0.0530937, -0.0033975, 0.01139982], [-0.03235388, 0.04981491, 0.05989022, 0.00428921, 0.01268974, -0.02753635], [0.01363909, 0.00488833, 0.01264132, 0.02770511, 0.03476567, -0.02628041]], "number of molecular orbitals": 79, "number of electrons": 84, "number of unpaired electrons": 0, "orbital energies/eV": [-18.97828295, -18.68346624, -18.20788483, -17.81624487, -17.63070642, -17.07916542, -16.73607866, -16.68721881, -16.55876892, -16.17845311, -16.05845892, -15.91804107, -15.68634674, -15.3132037, -15.14671743, -14.90181695, -14.85240322, -14.6188046, -14.58496667, -14.04610865, -13.85309124, -13.7229638, -13.43760148, -13.41131303, -13.34641874, -13.1897135, -13.01728902, -12.89856071, -12.78933698, -12.49665525, -12.48394802, -12.36332667, -12.1963382, -11.90610435, -11.64332948, -11.58877015, -11.46832788, -11.26456048, -11.15704097, -10.37360149, -10.25148053, -9.95651383, -6.35506362, -5.74527336, -3.00563884, -0.57813058, 1.31759386, 1.78462297, 2.26709912, 2.6880636, 3.10212735, 3.13371628, 3.3389768, 3.51145881, 3.82539675, 3.9627657, 4.31803004, 4.43672898, 4.50913243, 4.63347004, 4.78822341, 5.0277889, 5.26096307, 5.31727266, 5.79478953, 6.01950967, 6.39850671, 6.51422453, 6.86200543, 6.9761403, 7.2480508, 7.66597576, 8.38616687, 9.36355902, 10.08370819, 11.41015811, 13.62890883, 16.51680507, 19.23498547], "fractional occupation": [2.0, 2.0, 2.0, 2.0, 2.0, 2.0, 2.0, 2.0, 2.0, 2.0, 2.0, 2.0, 2.0, 2.0, 2.0, 2.0, 2.0, 2.0, 2.0, 2.0, 2.0, 2.0, 2.0, 2.0, 2.0, 2.0, 2.0, 2.0, 2.0, 2.0, 2.0, 2.0, 2.0, 2.0, 2.0, 2.0, 2.0, 2.0, 2.0, 2.0, 2.0, 2.0, 0.0, 0.0, 0.0, 0.0, 0.0, 0.0, 0.0, 0.0, 0.0, 0.0, 0.0, 0.0, 0.0, 0.0, 0.0, 0.0, 0.0, 0.0, 0.0, 0.0, 0.0, 0.0, 0.0, 0.0, 0.0, 0.0, 0.0, 0.0, 0.0, 0.0, 0.0, 0.0, 0.0, 0.0, 0.0, 0.0, 0.0], "program call": "xtb /home/svss/Project-DBcg-Debug/aqme2_20220329/End-to-End-workflows-final/example-3/QDESCP/mol_571_rdkit_conf_4/mol_571_rdkit_conf_4.xyz --pop --wbo --acc 0.2 --gfn 2 --chrg 0 --uhf 0 --etemp 300 --input /home/svss/Project-DBcg-Debug/aqme2_20220329/End-to-End-workflows-final/example-3/QDESCP/mol_571_rdkit_conf_4/mol_571_rdkit_conf_4_xtb.inp", "method": "GFN2-xTB", "xtb version": "6.3.3 (7355c4f)", "Dipole module/D": 4.99, "Total charge": 0, "Transition dipole module/D": NaN, "HOMO": -9.9565, "LUMO": -6.3551, "HOMO occupancy": 2.0, "LUMO occupancy": 0, "mulliken charges": [-0.0831, -0.03888, -0.04186, -0.02741, -0.10577, 0.17306, -0.09366, -0.43446, 0.42124, -0.35872, 0.10613, -0.09852, -0.31292, 0.46109, -0.57612, 0.0287, 0.0241, 0.02628, 0.02618, 0.01779, 0.01617, 0.03723, 0.01921, 0.04585, 0.04273, 0.03353, 0.04312, 0.22059, 0.02679, 0.04464, 0.03675, 0.04426, 0.02961, 0.24633], "cm5 charges": [-0.23345, -0.15142, -0.15077, -0.12963, -0.10323, 0.233, -0.23094, -0.61527, 0.63613, -0.71055, 0.05652, -0.24238, -0.65924, 0.56302, -0.61974, 0.08, 0.07539, 0.07706, 0.08094, 0.07252, 0.07199, 0.0944, 0.07588, 0.10508, 0.09615, 0.08687, 0.0978, 0.41931, 0.09095, 0.11148, 0.08802, 0.09929, 0.08315, 0.45168], "FUKUI+": [0.008, 0.004, 0.002, 0.016, -0.071, -0.088, 0.03, -0.061, -0.058, -0.047, 0.016, 0.012, -0.061, -0.031, -0.119, -0.009, -0.009, -0.021, -0.013, -0.013, -0.013, -0.01, -0.04, -0.04, -0.061, -0.048, -0.056, -0.044, -0.038, -0.02, -0.032, -0.001, -0.018, -0.063], "FUKUI-": [0.01, 0.003, -0.006, 0.006, -0.062, -0.029, 0.02, -0.078, -0.013, -0.07, 0.013, 0.007, -0.021, -0.009, -0.099, -0.032, -0.033, -0.049, -0.038, -0.038, -0.03, -0.029, -0.045, -0.045, -0.05, -0.03, -0.043, -0.043, -0.041, -0.024, -0.035, -0.01, -0.022, -0.036], "FUKUIrad": [0.009, 0.004, -0.002, 0.011, -0.067, -0.059, 0.025, -0.069, -0.036, -0.059, 0.015, 0.009, -0.041, -0.02, -0.109, -0.02, -0.021, -0.035, -0.025, -0.026, -0.021, -0.02, -0.043, -0.042, -0.056, -0.039, -0.05, -0.043, -0.039, -0.022, -0.034, -0.005, -0.02, -0.049], "s proportion": [1.007, 1.027, 1.033, 1.024, 1.092, 1.055, 1.01, 1.521, 0.958, 1.42, 0.999, 1.013, 1.422, 0.984, 1.728, 0.971, 0.976, 0.974, 0.974, 0.982, 0.984, 0.963, 0.981, 0.954, 0.957, 0.966, 0.957, 0.779, 0.973, 0.955, 0.963, 0.956, 0.97, 0.754], "p proportion": [3.076, 3.012, 3.009, 3.003, 3.014, 2.772, 3.084, 3.914, 2.621, 3.938, 2.895, 3.086, 3.891, 2.555, 4.848, 0.0, 0.0, 0.0, 0.0, 0.0, 0.0, 0.0, 0.0, 0.0, 0.0, 0.0, 0.0, 0.0, 0.0, 0.0, 0.0, 0.0, 0.0, 0.0], "d proportion": [0.0, 0.0, 0.0, 0.0, 0.0, 0.0, 0.0, 0.0, 0.0, 0.0, 0.0, 0.0, 0.0, 0.0, 0.0, 0.0, 0.0, 0.0, 0.0, 0.0, 0.0, 0.0, 0.0, 0.0, 0.0, 0.0, 0.0, 0.0, 0.0, 0.0, 0.0, 0.0, 0.0, 0.0], "Fermi-level/eV": -8.1558, "Coordination numbers": [3.75, 3.8, 3.802, 3.805, 2.953, 2.937, 3.757, 1.846, 2.808, 2.697, 3.737, 3.75, 2.707, 2.779, 0.859, 0.924, 0.924, 0.924, 0.924, 0.924, 0.924, 0.924, 0.924, 0.924, 0.924, 0.924, 0.924, 0.86, 0.924, 0.924, 0.924, 0.924, 0.924, 0.86], "Dispersion coefficient C6": [22.465, 21.5, 21.511, 21.499, 29.461, 25.937, 22.727, 28.727, 23.306, 24.985, 20.561, 22.742, 24.718, 22.511, 23.01, 2.527, 2.582, 2.579, 2.543, 2.655, 2.642, 2.414, 2.577, 2.285, 2.261, 2.347, 2.224, 1.298, 2.355, 2.055, 2.352, 2.281, 2.477, 1.177], "Total dispersion C6": 10283.782853, "Total dispersion C8": 226933.299408, "Polarizability alpha": [6.76, 6.602, 6.603, 6.601, 8.903, 8.352, 6.797, 7.943, 7.909, 7.424, 6.471, 6.801, 7.384, 7.771, 6.431, 2.486, 2.513, 2.511, 2.494, 2.548, 2.542, 2.43, 2.51, 2.364, 2.352, 2.396, 2.332, 1.785, 2.4, 2.242, 2.398, 2.362, 2.461, 1.699], "Total polarizability alpha": 153.575935, "Wiberg matrix": [[0.0, 1.0198257147054877, 0.0, 0.0, 0.0, 0.0, 0.0, 0.0, 0.0, 0.0, 0.0, 0.0, 0.0, 0.0, 0.0, 0.9876055836956629, 0.9877837526695403, 0.9872737522547888, 0.0, 0.0, 0.0, 0.0, 0.0, 0.0, 0.0, 0.0, 0.0, 0.0, 0.0, 0.0, 0.0, 0.0, 0.0, 0.0], [1.0198257147054877, 0.0, 1.006617696085091, 0.0, 0.0, 0.0, 0.0, 0.0, 0.0, 0.0, 0.0, 0.0, 0.0, 0.0, 0.0, 0.0, 0.0, 0.0, 0.9778183629011152, 0.978123507742408, 0.0, 0.0, 0.0, 0.0, 0.0, 0.0, 0.0, 0.0, 0.0, 0.0, 0.0, 0.0, 0.0, 0.0], [0.0, 1.006617696085091, 0.0, 0.9900562267420724, 0.0, 0.0, 0.0, 0.0, 0.0, 0.0, 0.0, 0.0, 0.0, 0.0, 0.0, 0.0, 0.0, 0.0, 0.0, 0.0, 0.9774016077186518, 0.9766064534015051, 0.0, 0.0, 0.0, 0.0, 0.0, 0.0, 0.0, 0.0, 0.0, 0.0, 0.0, 0.0], [0.0, 0.0, 0.9900562267420724, 0.0, 1.012696835388789, 0.0, 0.0, 0.0, 0.0, 0.0, 0.0, 0.0, 0.0, 0.0, 0.0, 0.0, 0.0, 0.0, 0.0, 0.0, 0.0, 0.0, 0.9699626620605599, 0.966864043111269, 0.0, 0.0, 0.0, 0.0, 0.0, 0.0, 0.0, 0.0, 0.0, 0.0], [0.0, 0.0, 0.0, 1.012696835388789, 0.0, 1.6034636462582197, 0.0, 0.0, 0.0, 0.0, 0.0, 0.0, 0.0, 1.0802738400960952, 0.0, 0.0, 0.0, 0.0, 0.0, 0.0, 0.0, 0.0, 0.0, 0.0, 0.0, 0.0, 0.0, 0.0, 0.0, 0.0, 0.0, 0.0, 0.0, 0.0], [0.0, 0.0, 0.0, 0.0, 1.6034636462582197, 0.0, 1.018900725893001, 1.19603615777886, 0.0, 0.0, 0.0, 0.0, 0.0, 0.0, 0.0, 0.0, 0.0, 0.0, 0.0, 0.0, 0.0, 0.0, 0.0, 0.0, 0.0, 0.0, 0.0, 0.0, 0.0, 0.0, 0.0, 0.0, 0.0, 0.0], [0.0, 0.0, 0.0, 0.0, 0.0, 1.018900725893001, 0.0, 0.0, 0.0, 0.0, 0.0, 0.0, 0.0, 0.0, 0.0, 0.0, 0.0, 0.0, 0.0, 0.0, 0.0, 0.0, 0.0, 0.0, 0.9666102230818547, 0.9810306107038678, 0.9738846069160862, 0.0, 0.0, 0.0, 0.0, 0.0, 0.0, 0.0], [0.0, 0.0, 0.0, 0.0, 0.0, 1.19603615777886, 0.0, 0.0, 1.4908113706667931, 0.0, 0.0, 0.0, 0.0, 0.0, 0.0, 0.0, 0.0, 0.0, 0.0, 0.0, 0.0, 0.0, 0.0, 0.0, 0.0, 0.0, 0.0, 0.0, 0.0, 0.0, 0.0, 0.0, 0.0, 0.0], [0.0, 0.0, 0.0, 0.0, 0.0, 0.0, 0.0, 1.4908113706667931, 0.0, 1.193334616347642, 0.0, 0.0, 1.1495121654985911, 0.0, 0.0, 0.0, 0.0, 0.0, 0.0, 0.0, 0.0, 0.0, 0.0, 0.0, 0.0, 0.0, 0.0, 0.0, 0.0, 0.0, 0.0, 0.0, 0.0, 0.0], [0.0, 0.0, 0.0, 0.0, 0.0, 0.0, 0.0, 0.0, 1.193334616347642, 0.0, 0.9915504653989332, 0.0, 0.0, 0.0, 0.0, 0.0, 0.0, 0.0, 0.0, 0.0, 0.0, 0.0, 0.0, 0.0, 0.0, 0.0, 0.0, 0.9416187683275163, 0.0, 0.0, 0.0, 0.0, 0.0, 0.0], [0.0, 0.0, 0.0, 0.0, 0.0, 0.0, 0.0, 0.0, 0.0, 0.9915504653989332, 0.0, 1.0108877465689186, 0.0, 0.0, 0.0, 0.0, 0.0, 0.0, 0.0, 0.0, 0.0, 0.0, 0.0, 0.0, 0.0, 0.0, 0.0, 0.0, 0.973329150924299, 0.9694726609747798, 0.0, 0.0, 0.0, 0.0], [0.0, 0.0, 0.0, 0.0, 0.0, 0.0, 0.0, 0.0, 0.0, 0.0, 1.0108877465689186, 0.0, 0.0, 0.0, 0.0, 0.0, 0.0, 0.0, 0.0, 0.0, 0.0, 0.0, 0.0, 0.0, 0.0, 0.0, 0.0, 0.0, 0.0, 0.0, 0.9838835675451827, 0.985505470433826, 0.9866163652853865, 0.0], [0.0, 0.0, 0.0, 0.0, 0.0, 0.0, 0.0, 0.0, 1.1495121654985911, 0.0, 0.0, 0.0, 0.0, 1.126465813296952, 0.13935138529164606, 0.0, 0.0, 0.0, 0.0, 0.0, 0.0, 0.0, 0.0, 0.0, 0.0, 0.0, 0.0, 0.0, 0.0, 0.0, 0.0, 0.0, 0.0, 0.9252512791315785], [0.0, 0.0, 0.0, 0.0, 1.0802738400960952, 0.0, 0.0, 0.0, 0.0, 0.0, 0.0, 0.0, 1.126465813296952, 0.0, 1.6366155616710003, 0.0, 0.0, 0.0, 0.0, 0.0, 0.0, 0.0, 0.0, 0.0, 0.0, 0.0, 0.0, 0.0, 0.0, 0.0, 0.0, 0.0, 0.0, 0.0], [0.0, 0.0, 0.0, 0.0, 0.0, 0.0, 0.0, 0.0, 0.0, 0.0, 0.0, 0.0, 0.13935138529164606, 1.6366155616710003, 0.0, 0.0, 0.0, 0.0, 0.0, 0.0, 0.0, 0.0, 0.0, 0.0, 0.0, 0.0, 0.0, 0.0, 0.0, 0.0, 0.0, 0.0, 0.0, 0.0], [0.9876055836956629, 0.0, 0.0, 0.0, 0.0, 0.0, 0.0, 0.0, 0.0, 0.0, 0.0, 0.0, 0.0, 0.0, 0.0, 0.0, 0.0, 0.0, 0.0, 0.0, 0.0, 0.0, 0.0, 0.0, 0.0, 0.0, 0.0, 0.0, 0.0, 0.0, 0.0, 0.0, 0.0, 0.0], [0.9877837526695403, 0.0, 0.0, 0.0, 0.0, 0.0, 0.0, 0.0, 0.0, 0.0, 0.0, 0.0, 0.0, 0.0, 0.0, 0.0, 0.0, 0.0, 0.0, 0.0, 0.0, 0.0, 0.0, 0.0, 0.0, 0.0, 0.0, 0.0, 0.0, 0.0, 0.0, 0.0, 0.0, 0.0], [0.9872737522547888, 0.0, 0.0, 0.0, 0.0, 0.0, 0.0, 0.0, 0.0, 0.0, 0.0, 0.0, 0.0, 0.0, 0.0, 0.0, 0.0, 0.0, 0.0, 0.0, 0.0, 0.0, 0.0, 0.0, 0.0, 0.0, 0.0, 0.0, 0.0, 0.0, 0.0, 0.0, 0.0, 0.0], [0.0, 0.9778183629011152, 0.0, 0.0, 0.0, 0.0, 0.0, 0.0, 0.0, 0.0, 0.0, 0.0, 0.0, 0.0, 0.0, 0.0, 0.0, 0.0, 0.0, 0.0, 0.0, 0.0, 0.0, 0.0, 0.0, 0.0, 0.0, 0.0, 0.0, 0.0, 0.0, 0.0, 0.0, 0.0], [0.0, 0.978123507742408, 0.0, 0.0, 0.0, 0.0, 0.0, 0.0, 0.0, 0.0, 0.0, 0.0, 0.0, 0.0, 0.0, 0.0, 0.0, 0.0, 0.0, 0.0, 0.0, 0.0, 0.0, 0.0, 0.0, 0.0, 0.0, 0.0, 0.0, 0.0, 0.0, 0.0, 0.0, 0.0], [0.0, 0.0, 0.9774016077186518, 0.0, 0.0, 0.0, 0.0, 0.0, 0.0, 0.0, 0.0, 0.0, 0.0, 0.0, 0.0, 0.0, 0.0, 0.0, 0.0, 0.0, 0.0, 0.0, 0.0, 0.0, 0.0, 0.0, 0.0, 0.0, 0.0, 0.0, 0.0, 0.0, 0.0, 0.0], [0.0, 0.0, 0.9766064534015051, 0.0, 0.0, 0.0, 0.0, 0.0, 0.0, 0.0, 0.0, 0.0, 0.0, 0.0, 0.0, 0.0, 0.0, 0.0, 0.0, 0.0, 0.0, 0.0, 0.0, 0.0, 0.0, 0.0, 0.0, 0.0, 0.0, 0.0, 0.0, 0.0, 0.0, 0.0], [0.0, 0.0, 0.0, 0.9699626620605599, 0.0, 0.0, 0.0, 0.0, 0.0, 0.0, 0.0, 0.0, 0.0, 0.0, 0.0, 0.0, 0.0, 0.0, 0.0, 0.0, 0.0, 0.0, 0.0, 0.0, 0.0, 0.0, 0.0, 0.0, 0.0, 0.0, 0.0, 0.0, 0.0, 0.0], [0.0, 0.0, 0.0, 0.966864043111269, 0.0, 0.0, 0.0, 0.0, 0.0, 0.0, 0.0, 0.0, 0.0, 0.0, 0.0, 0.0, 0.0, 0.0, 0.0, 0.0, 0.0, 0.0, 0.0, 0.0, 0.0, 0.0, 0.0, 0.0, 0.0, 0.0, 0.0, 0.0, 0.0, 0.0], [0.0, 0.0, 0.0, 0.0, 0.0, 0.0, 0.9666102230818547, 0.0, 0.0, 0.0, 0.0, 0.0, 0.0, 0.0, 0.0, 0.0, 0.0, 0.0, 0.0, 0.0, 0.0, 0.0, 0.0, 0.0, 0.0, 0.0, 0.0, 0.0, 0.0, 0.0, 0.0, 0.0, 0.0, 0.0], [0.0, 0.0, 0.0, 0.0, 0.0, 0.0, 0.9810306107038678, 0.0, 0.0, 0.0, 0.0, 0.0, 0.0, 0.0, 0.0, 0.0, 0.0, 0.0, 0.0, 0.0, 0.0, 0.0, 0.0, 0.0, 0.0, 0.0, 0.0, 0.0, 0.0, 0.0, 0.0, 0.0, 0.0, 0.0], [0.0, 0.0, 0.0, 0.0, 0.0, 0.0, 0.9738846069160862, 0.0, 0.0, 0.0, 0.0, 0.0, 0.0, 0.0, 0.0, 0.0, 0.0, 0.0, 0.0, 0.0, 0.0, 0.0, 0.0, 0.0, 0.0, 0.0, 0.0, 0.0, 0.0, 0.0, 0.0, 0.0, 0.0, 0.0], [0.0, 0.0, 0.0, 0.0, 0.0, 0.0, 0.0, 0.0, 0.0, 0.9416187683275163, 0.0, 0.0, 0.0, 0.0, 0.0, 0.0, 0.0, 0.0, 0.0, 0.0, 0.0, 0.0, 0.0, 0.0, 0.0, 0.0, 0.0, 0.0, 0.0, 0.0, 0.0, 0.0, 0.0, 0.0], [0.0, 0.0, 0.0, 0.0, 0.0, 0.0, 0.0, 0.0, 0.0, 0.0, 0.973329150924299, 0.0, 0.0, 0.0, 0.0, 0.0, 0.0, 0.0, 0.0, 0.0, 0.0, 0.0, 0.0, 0.0, 0.0, 0.0, 0.0, 0.0, 0.0, 0.0, 0.0, 0.0, 0.0, 0.0], [0.0, 0.0, 0.0, 0.0, 0.0, 0.0, 0.0, 0.0, 0.0, 0.0, 0.9694726609747798, 0.0, 0.0, 0.0, 0.0, 0.0, 0.0, 0.0, 0.0, 0.0, 0.0, 0.0, 0.0, 0.0, 0.0, 0.0, 0.0, 0.0, 0.0, 0.0, 0.0, 0.0, 0.0, 0.0], [0.0, 0.0, 0.0, 0.0, 0.0, 0.0, 0.0, 0.0, 0.0, 0.0, 0.0, 0.9838835675451827, 0.0, 0.0, 0.0, 0.0, 0.0, 0.0, 0.0, 0.0, 0.0, 0.0, 0.0, 0.0, 0.0, 0.0, 0.0, 0.0, 0.0, 0.0, 0.0, 0.0, 0.0, 0.0], [0.0, 0.0, 0.0, 0.0, 0.0, 0.0, 0.0, 0.0, 0.0, 0.0, 0.0, 0.985505470433826, 0.0, 0.0, 0.0, 0.0, 0.0, 0.0, 0.0, 0.0, 0.0, 0.0, 0.0, 0.0, 0.0, 0.0, 0.0, 0.0, 0.0, 0.0, 0.0, 0.0, 0.0, 0.0], [0.0, 0.0, 0.0, 0.0, 0.0, 0.0, 0.0, 0.0, 0.0, 0.0, 0.0, 0.9866163652853865, 0.0, 0.0, 0.0, 0.0, 0.0, 0.0, 0.0, 0.0, 0.0, 0.0, 0.0, 0.0, 0.0, 0.0, 0.0, 0.0, 0.0, 0.0, 0.0, 0.0, 0.0, 0.0], [0.0, 0.0, 0.0, 0.0, 0.0, 0.0, 0.0, 0.0, 0.0, 0.0, 0.0, 0.0, 0.9252512791315785, 0.0, 0.0, 0.0, 0.0, 0.0, 0.0, 0.0, 0.0, 0.0, 0.0, 0.0, 0.0, 0.0, 0.0, 0.0, 0.0, 0.0, 0.0, 0.0, 0.0, 0.0]], "Born radii": [], "Atomic SASAs": [], "Solvent H bonds": [], "Total SASA": NaN, "Total FOD": 0.0, "FOD": [0.0, 0.0, 0.0, 0.0, 0.0, 0.0, 0.0, 0.0, 0.0, 0.0, 0.0, 0.0, 0.0, 0.0, 0.0, 0.0, 0.0, 0.0, 0.0, 0.0, 0.0, 0.0, 0.0, 0.0, 0.0, 0.0, 0.0, 0.0, 0.0, 0.0, 0.0, 0.0, 0.0, 0.0], "FOD s proportion": [0.0, 0.0, 0.0, 0.0, 0.0, 0.0, 0.0, 0.0, 0.0, 0.0, 0.0, 0.0, 0.0, 0.0, 0.0, 0.0, 0.0, 0.0, 0.0, 0.0, 0.0, 0.0, 0.0, 0.0, 0.0, 0.0, 0.0, 0.0, 0.0, 0.0, 0.0, 0.0, 0.0, 0.0], "FOD p proportion": [0.0, 0.0, 0.0, 0.0, 0.0, 0.0, 0.0, 0.0, 0.0, 0.0, 0.0, 0.0, 0.0, 0.0, 0.0, 0.0, 0.0, 0.0, 0.0, 0.0, 0.0, 0.0, 0.0, 0.0, 0.0, 0.0, 0.0, 0.0, 0.0, 0.0, 0.0, 0.0, 0.0, 0.0], "FOD d proportion": [0.0, 0.0, 0.0, 0.0, 0.0, 0.0, 0.0, 0.0, 0.0, 0.0, 0.0, 0.0, 0.0, 0.0, 0.0, 0.0, 0.0, 0.0, 0.0, 0.0, 0.0, 0.0, 0.0, 0.0, 0.0, 0.0, 0.0, 0.0, 0.0, 0.0, 0.0, 0.0, 0.0, 0.0], "coordinates": [["5.27060", "0.02430", "-0.86790"], ["4.25010", "-0.39280", "0.17900"], ["2.81970", "-0.21080", "-0.32930"], ["1.79700", "-0.63180", "0.72980"], ["0.38320", "-0.45560", "0.24520"], ["-0.42550", "0.59920", "0.46710"], ["0.01350", "1.83310", "1.21320"], ["-1.72510", "0.67750", "0.02080"], ["-2.22480", "-0.31540", "-0.64110"], ["-3.50420", "-0.32630", "-1.11730"], ["-4.48550", "0.67890", "-0.75240"], ["-5.09910", "0.36230", "0.60040"], ["-1.49470", "-1.43110", "-0.91010"], ["-0.19610", "-1.57890", "-0.53090"], ["0.44580", "-2.58370", "-0.82110"], ["5.16710", "-0.57560", "-1.77760"], ["5.14930", "1.07880", "-1.13570"], ["6.28610", "-0.11390", "-0.48360"], ["4.41910", "-1.44200", "0.44770"], ["4.40170", "0.20350", "1.08620"], ["2.66060", "0.84000", "-0.60270"], ["2.67950", "-0.80290", "-1.24230"], ["1.96270", "-0.06400", "1.65260"], ["1.96470", "-1.67870", "1.01360"], ["-0.44420", "1.85260", "2.20770"], ["1.09730", "1.90700", "1.33170"], ["-0.30320", "2.73300", "0.67370"], ["-3.89440", "-1.22070", "-1.37980"], ["-5.27390", "0.68570", "-1.51290"], ["-4.04210", "1.68090", "-0.74830"], ["-5.86630", "1.10090", "0.85210"], ["-4.34360", "0.37290", "1.39280"], ["-5.56580", "-0.62850", "0.59720"], ["-1.87940", "-2.17790", "-1.46070"]], "bond_dist": [[0.0, 1.5203263695667453, 2.520371555941703, 3.8793052805882655, 5.035471614456783, 5.878629961138904, 5.936314939421594, 7.0821096023713155, 7.50652086455503, 8.785342096924854, 9.778718148101007, 10.478588978483696, 6.920206217303066, 5.706893036495427, 5.4847560820878805, 1.0945987164253392, 1.094714930929509, 1.0945437314241953, 2.146134035888718, 2.146067720273524, 2.747325523122442, 2.7455845297495394, 4.15967781805274, 4.167640346766981, 6.742472490859715, 5.079294472660549, 6.3859872134228395, 9.263330481527689, 10.584892782168367, 9.459651632591973, 11.320247752147477, 9.882566877588028, 10.954461685085215, 7.50490484150199], [1.5203263695667453, 0.0, 1.5289006017396942, 2.5255100969903093, 3.8679764593389137, 4.788350547944458, 4.896220992765747, 6.072362338497268, 6.52708853777854, 7.86218700044714, 8.850240347583787, 9.38910510165905, 5.93859686626395, 4.6561234584147355, 4.502548312900151, 2.16854522664389, 2.168548659818359, 2.1591942872284564, 1.0961666524757994, 1.0961606132314736, 2.1580919767238838, 2.1575588195921793, 2.740767257539392, 2.751935524317385, 5.585149715092694, 4.0691455085803945, 5.545078414233653, 8.333556029691048, 9.73305008001089, 8.597714685891827, 10.24820727054249, 8.712708340120194, 9.827631379940946, 6.591355577572796], [2.520371555941703, 1.5289006017396942, 0.0, 1.5312900117221429, 2.5152553627812826, 3.438266423650151, 3.7988935099578662, 4.644012698087722, 5.055209258774557, 6.373852481819767, 7.371331408911147, 7.993758761684018, 4.521118013279459, 3.317738659086939, 3.3923329524090056, 2.7822542461105164, 2.782154790805141, 3.4711852529071394, 2.1627905122780615, 2.162870486182656, 1.0973791550781342, 1.0971815939032155, 2.164238168501794, 2.165441252955157, 4.6202848148139095, 3.1954122738701494, 4.407320257253834, 6.8704138936457095, 8.228668310850791, 7.130104426304007, 8.863569193614952, 7.3904804302562095, 8.446862482010703, 5.21834161204496], [3.8793052805882655, 2.5255100969903093, 1.5312900117221429, 0.0, 1.504896687483895, 2.554188430793625, 3.0806297765229758, 3.82389015271098, 4.260792298387707, 5.622084142024201, 6.586703088799434, 6.968584819028896, 3.763434786202625, 2.541418995364597, 2.8356561603974484, 4.200926946520255, 4.2004949589304355, 4.678950606706595, 2.7588789136169067, 2.7584794978393443, 2.1650765459909267, 2.1673162828715147, 1.0960899461266853, 1.0975724759668493, 3.65778747469013, 2.7013643108621985, 3.9668458868476355, 6.0982988882146465, 7.534131426382208, 6.452011291837607, 7.857695175431533, 6.257472289191539, 7.363994669335388, 4.550234325834221], [5.035471614456783, 3.8679764593389137, 2.5152553627812826, 1.504896687483895, 0.0, 1.347530459767051, 2.5123395033315066, 2.403996643092498, 2.7580514371563125, 4.121286631623673, 5.097699059379634, 5.554344312337866, 2.4109804540891657, 1.483146179579073, 2.3811182372994417, 5.195365150785841, 5.193936597610717, 5.957527737241347, 4.159624985500495, 4.158128913345521, 2.7539180325492625, 2.7579461978073465, 2.151498447594141, 2.141857703023242, 3.1406662111724004, 2.6967201968316994, 3.289669766101151, 4.639381938362048, 6.032931435877587, 5.0134772952512705, 6.4689465997177615, 4.934170269660342, 5.961912395364426, 3.3159871622188164], [5.878629961138904, 4.788350547944458, 3.438266423650151, 2.554188430793625, 1.347530459767051, 0.0, 1.507280803301097, 1.3763265382895151, 2.3026247827207977, 3.5840294781153794, 4.239944851056438, 4.681498420377818, 2.6761888143402737, 2.406812824047603, 3.5425238658335108, 6.139707475930754, 5.820427736859208, 6.816004449822492, 5.25709263376631, 4.882798699516497, 3.275128988299545, 3.811686997905258, 2.7474977215641143, 3.3467217840746786, 2.1450057365890656, 2.1855877561882524, 2.1472641407148774, 4.330859363913818, 5.237830162385947, 3.9657367045733127, 5.47742937243375, 4.03232436567298, 5.286478732578047, 3.6800166385493425], [5.936314939421594, 4.896220992765747, 3.7988935099578662, 3.0806297765229758, 2.5123395033315066, 1.507280803301097, 0.0, 2.4041545457811155, 3.614480271076327, 4.740089862017386, 5.04348708732361, 5.355133540818566, 4.1758917335103405, 3.837650449168084, 4.881944491695906, 6.426998777812238, 5.697608387736034, 6.783468876614679, 5.542705261873484, 4.6827368493222, 3.360190296694519, 4.481688548973478, 2.7552570497142366, 4.0224073438676, 1.0949428249913324, 1.0927606782823034, 1.0959831887396816, 5.596519083323133, 6.058444249970449, 4.507608950430371, 5.936207382664456, 4.598778164904239, 6.129234785028225, 5.178892991750264], [7.0821096023713155, 6.072362338497268, 4.644012698087722, 3.82389015271098, 2.403996643092498, 1.3763265382895151, 2.4041545457811155, 0.0, 1.2937009353015092, 2.3383932218512777, 2.8666440937095765, 3.4379009875213096, 2.316431076030539, 2.7809269767471423, 4.007122141886867, 7.232352522519903, 6.982543182823862, 8.065981574489246, 6.513502705917915, 6.2367805316525295, 4.432778247329772, 4.815340790639849, 4.1003002731507365, 4.489092817039986, 2.7935812911028743, 3.3460530210981414, 2.58324568517979, 3.2047942352045, 3.8660424687269024, 2.63947255526554, 4.2449811177436345, 2.9718188723406413, 4.097419852785408, 3.2205527320632408], [7.50652086455503, 6.52708853777854, 5.055209258774557, 4.260792298387707, 2.7580514371563125, 2.3026247827207977, 3.614480271076327, 1.2937009353015092, 0.0, 1.3651921513105765, 2.4722023926046184, 3.2034668766821985, 1.3602181810283231, 2.3925300374289975, 3.5085166737525992, 7.483282829079761, 7.521022112053654, 8.51474176414059, 6.826135085830049, 6.867555951719651, 5.020314420432251, 4.965003139978866, 4.781152361094551, 4.706222394872559, 3.998302364754321, 4.457280562181385, 3.835881666579406, 2.0378444346907347, 3.3255446561428106, 2.701718863982705, 4.1828308811138895, 3.0165907146976374, 3.5768281339756878, 2.0639650118158497], [8.785342096924854, 7.86218700044714, 6.373852481819767, 5.622084142024201, 4.121286631623673, 3.5840294781153794, 4.740089862017386, 2.3383932218512777, 1.3651921513105765, 0.0, 1.451388555831966, 2.443024613056528, 2.302521472212583, 3.5855818677029254, 4.559176372986682, 8.69997645226698, 8.766852731739027, 9.813086341207848, 8.15307882827095, 8.224314871161, 6.295222624339826, 6.203298981187349, 6.134178258740122, 6.023170907420774, 5.016655281160945, 5.670893416385111, 4.776337350941619, 1.010501682334077, 2.0766514994095666, 2.110532930328262, 3.3904207128319634, 2.7375308235707596, 2.6983383127398985, 2.487231625723668], [9.778718148101007, 8.850240347583787, 7.371331408911147, 6.586703088799434, 5.097699059379634, 4.239944851056438, 5.04348708732361, 2.8666440937095765, 2.4722023926046184, 1.451388555831966, 0.0, 1.5188180799555948, 3.6635848468405916, 4.8523886334464175, 5.9132899590667805, 9.787619324943119, 9.650710333441781, 10.804080332911264, 9.232028920015361, 9.087836869134481, 7.1494830939026635, 7.333004721804016, 6.922081236882446, 7.090988210397758, 5.14508205862647, 6.084353561390067, 4.872855560141302, 2.08602735600471, 1.0954364655241309, 1.095730062561031, 2.158497831826569, 2.171555813236215, 2.167432354192398, 3.931253278535994], [10.478588978483696, 9.38910510165905, 7.993758761684018, 6.968584819028896, 5.554344312337866, 4.681498420377818, 5.355133540818566, 3.4379009875213096, 3.2034668766821985, 2.443024613056528, 1.5188180799555948, 0.0, 4.29995269392583, 5.3932834275606165, 6.437817507509824, 10.57966931666581, 10.419074719954743, 11.446597812450651, 9.688908453484324, 9.514537283546689, 7.866930213876312, 8.078357029124177, 7.1524734022574314, 7.3643523598480805, 5.145143476133586, 6.4277733889738204, 5.350350286663481, 2.8068457617047646, 2.145036011352723, 2.1621624938935557, 1.094293694581121, 1.094892857771937, 1.0952185946193573, 4.589903848666113], [6.920206217303066, 5.93859686626395, 4.521118013279459, 3.763434786202625, 2.4109804540891657, 2.6761888143402737, 4.1758917335103405, 2.316431076030539, 1.3602181810283231, 2.302521472212583, 3.6635848468405916, 4.29995269392583, 0.0, 1.3608818611473958, 2.258749213613587, 6.772297670658016, 7.105858805943163, 7.903022632512196, 6.067682431538421, 6.436199484944511, 4.745409156226679, 4.234257635052454, 4.515529698717526, 3.966027711703487, 4.64832365267308, 4.784040431476305, 4.611705053448237, 2.4542710404517267, 4.373392586996965, 4.024918632717934, 5.350444785249167, 4.083380415782982, 4.414745208956005, 1.0044225654573877], [5.706893036495427, 4.6561234584147355, 3.317738659086939, 2.541418995364597, 1.483146179579073, 2.406812824047603, 3.837650449168084, 2.7809269767471423, 2.3925300374289975, 3.5855818677029254, 4.8523886334464175, 5.3932834275606165, 1.3608818611473958, 0.0, 1.2271408598852864, 5.596855011522096, 6.000204454016547, 6.645854281429891, 4.719795611040801, 5.189578692919109, 3.7439240563878964, 3.062244490565703, 3.4238883889519527, 2.6579121373739953, 4.397348726221289, 4.158564792088732, 4.478282391721183, 3.8113463946484845, 5.645953418157114, 5.046312990689341, 6.4222414373799435, 4.971106635347908, 5.5686217199590775, 2.0141568781999086], [5.4847560820878805, 4.502548312900151, 3.3923329524090056, 2.8356561603974484, 2.3811182372994417, 3.5425238658335108, 4.881944491695906, 4.007122141886867, 3.5085166737525992, 4.559176372986682, 5.9132899590667805, 6.437817507509824, 2.258749213613587, 1.2271408598852864, 0.0, 5.219006758953277, 5.969572150497889, 6.350033258180622, 4.324401140042399, 5.201482667470882, 4.0834739242463645, 2.8875722969304163, 3.843054174741751, 2.547980828028343, 5.444858779619541, 5.022488086596125, 5.57339456076815, 4.58336674618124, 6.624389155990158, 6.191393979549354, 7.497898492911197, 6.048238514642094, 6.478712564236818, 2.4454686340249796], [1.0945987164253392, 2.16854522664389, 2.7822542461105164, 4.200926946520255, 5.195365150785841, 6.139707475930754, 6.426998777812238, 7.232352522519903, 7.483282829079761, 8.69997645226698, 9.787619324943119, 10.57966931666581, 6.772297670658016, 5.596855011522096, 5.219006758953277, 0.0, 1.774652588536697, 1.7719378911237271, 2.5024214373282527, 3.0649933784594054, 3.109156737766688, 2.554675153517566, 4.721883730038257, 4.388962612053104, 7.2983189173946075, 5.691600942617113, 6.846888909570536, 9.093139232410332, 10.52023881763147, 9.537327475765943, 11.4656831414443, 10.069980282999564, 10.992616424673427, 7.233322414354278], [1.094714930929509, 2.168548659818359, 2.782154790805141, 4.2004949589304355, 5.193936597610717, 5.820427736859208, 5.697608387736034, 6.982543182823862, 7.521022112053654, 8.766852731739027, 9.650710333441781, 10.419074719954743, 7.105858805943163, 6.000204454016547, 5.969572150497889, 1.774652588536697, 0.0, 1.772027635224688, 3.0650905761494225, 2.502377961060239, 2.5563141688767446, 3.1067781526848677, 4.385775677118017, 4.729162071657093, 6.562341979049858, 4.815878113075538, 5.978299277386505, 9.334655577470443, 10.437428116638698, 9.219242763372707, 11.193537448456587, 9.849200854384076, 10.987774283720976, 7.753344025644678], [1.0945437314241953, 2.1591942872284564, 3.4711852529071394, 4.678950606706595, 5.957527737241347, 6.816004449822492, 6.783468876614679, 8.065981574489246, 8.51474176414059, 9.813086341207848, 10.804080332911264, 11.446597812450651, 7.903022632512196, 6.645854281429891, 6.350033258180622, 1.7719378911237271, 1.772027635224688, 0.0, 2.4732283153805272, 2.4730503755483837, 3.7507812879452196, 3.749387983391423, 4.822616303418716, 4.833705084094396, 7.51046976094039, 5.856875988101507, 7.2706985489703815, 10.279628443188013, 11.633246264478371, 10.486328641140329, 12.285790950931894, 10.805016117063408, 11.912198596816626, 8.47880950723626], [2.146134035888718, 1.0961666524757994, 2.1627905122780615, 2.7588789136169067, 4.159624985500495, 5.25709263376631, 5.542705261873484, 6.513502705917915, 6.826135085830049, 8.15307882827095, 9.232028920015361, 9.688908453484324, 6.067682431538421, 4.719795611040801, 4.324401140042399, 2.5024214373282527, 3.0650905761494225, 2.4732283153805272, 0.0, 1.7651218824772412, 3.066461545495068, 2.508138148109071, 3.063424386205738, 2.529891116234057, 6.1321836282029265, 4.7991261954651705, 6.307282956234008, 8.514870063013293, 10.115597295760644, 9.098067149125686, 10.60279835373662, 8.998443604868566, 10.019099785409864, 6.622283716362507], [2.146067720273524, 1.0961606132314736, 2.162870486182656, 2.7584794978393443, 4.158128913345521, 4.882798699516497, 4.6827368493222, 6.2367805316525295, 6.867555951719651, 8.224314871161, 9.087836869134481, 9.514537283546689, 6.436199484944511, 5.189578692919109, 5.201482667470882, 3.0649933784594054, 2.502377961060239, 2.4730503755483837, 1.7651218824772412, 0.0, 2.5077768381576537, 3.0660603467642313, 2.518151347715224, 3.0800838624946567, 5.240232806851238, 3.7257538646561184, 5.3576683837281305, 8.77124716616742, 10.030208024263503, 8.766177014525773, 10.309798910260085, 8.752312380736877, 10.014110107742976, 7.184008823769638], [2.747325523122442, 2.1580919767238838, 1.0973791550781342, 2.1650765459909267, 2.7539180325492625, 3.275128988299545, 3.360190296694519, 4.432778247329772, 5.020314420432251, 6.295222624339826, 7.1494830939026635, 7.866930213876312, 4.745409156226679, 3.7439240563878964, 4.0834739242463645, 3.109156737766688, 2.5563141688767446, 3.7507812879452196, 3.066461545495068, 2.5077768381576537, 0.0, 1.7631125261877076, 2.527975177884467, 3.0725481591018227, 4.308536869982662, 2.7063442593284397, 3.741223917383187, 6.915084518644728, 7.988026213026594, 6.756811338197922, 8.654047345606564, 7.297877794263207, 8.442150746107298, 5.518648784802309], [2.7455845297495394, 2.1575588195921793, 1.0971815939032155, 2.1673162828715147, 2.7579461978073465, 3.811686997905258, 4.481688548973478, 4.815340790639849, 4.965003139978866, 6.203298981187349, 7.333004721804016, 8.078357029124177, 4.234257635052454, 3.062244490565703, 2.8875722969304163, 2.554675153517566, 3.1067781526848677, 3.749387983391423, 2.508138148109071, 3.0660603467642313, 1.7631125261877076, 0.0, 3.072494338481358, 2.523301307810861, 5.358328278483878, 4.058619328047409, 5.007009496695607, 6.5885980526967955, 8.096031489563266, 7.1828410117445864, 9.002314337991091, 7.592772303974352, 8.44980163672497, 4.766748658152641], [4.15967781805274, 2.740767257539392, 2.164238168501794, 1.0960899461266853, 2.151498447594141, 2.7474977215641143, 2.7552570497142366, 4.1003002731507365, 4.781152361094551, 6.134178258740122, 6.922081236882446, 7.1524734022574314, 4.515529698717526, 3.4238883889519527, 3.843054174741751, 4.721883730038257, 4.385775677118017, 4.822616303418716, 3.063424386205738, 2.518151347715224, 2.527975177884467, 3.072494338481358, 0.0, 1.7365428557913565, 3.1264451346537334, 2.176404137562691, 3.7303829588930943, 6.696194819447833, 7.93415527324743, 6.698254986188567, 7.955566180982972, 6.326752511359995, 7.6230467439207015, 5.378005439751805], [4.167640346766981, 2.751935524317385, 2.165441252955157, 1.0975724759668493, 2.141857703023242, 3.3467217840746786, 4.0224073438676, 4.489092817039986, 4.706222394872559, 6.023170907420774, 7.090988210397758, 7.3643523598480805, 3.966027711703487, 2.6579121373739953, 2.547980828028343, 4.388962612053104, 4.729162071657093, 4.833705084094396, 2.529891116234057, 3.0800838624946567, 3.0725481591018227, 2.523301307810861, 1.7365428557913565, 0.0, 4.438327805604268, 3.7028117505484937, 4.97212221390424, 6.345642628607444, 8.023148980917654, 7.104424678325472, 8.311246561737896, 6.644358817071817, 7.614771122627389, 4.598746126935037], [6.742472490859715, 5.585149715092694, 4.6202848148139095, 3.65778747469013, 3.1406662111724004, 2.1450057365890656, 1.0949428249913324, 2.7935812911028743, 3.998302364754321, 5.016655281160945, 5.14508205862647, 5.145143476133586, 4.64832365267308, 4.397348726221289, 5.444858779619541, 7.2983189173946075, 6.562341979049858, 7.51046976094039, 6.1321836282029265, 5.240232806851238, 4.308536869982662, 5.358328278483878, 3.1264451346537334, 4.438327805604268, 0.0, 1.7738538863164575, 1.7743001888068435, 5.84971872657139, 6.207295873405745, 4.659646048789543, 5.63931491051883, 4.24957579765322, 5.91441916167598, 5.635768612177047], [5.079294472660549, 4.0691455085803945, 3.1954122738701494, 2.7013643108621985, 2.6967201968316994, 2.1855877561882524, 1.0927606782823034, 3.3460530210981414, 4.457280562181385, 5.670893416385111, 6.084353561390067, 6.4277733889738204, 4.784040431476305, 4.158564792088732, 5.022488086596125, 5.691600942617113, 4.815878113075538, 5.856875988101507, 4.7991261954651705, 3.7257538646561184, 2.7063442593284397, 4.058619328047409, 2.176404137562691, 3.7028117505484937, 1.7738538863164575, 0.0, 1.754035418684583, 6.484736573678225, 7.083467532924818, 5.548959683580337, 7.026488335577025, 5.653369688071001, 7.166948591276485, 5.774482544782693], [6.3859872134228395, 5.545078414233653, 4.407320257253834, 3.9668458868476355, 3.289669766101151, 2.1472641407148774, 1.0959831887396816, 2.58324568517979, 3.835881666579406, 4.776337350941619, 4.872855560141302, 5.350350286663481, 4.611705053448237, 4.478282391721183, 5.57339456076815, 6.846888909570536, 5.978299277386505, 7.2706985489703815, 6.307282956234008, 5.3576683837281305, 3.741223917383187, 5.007009496695607, 3.7303829588930943, 4.97212221390424, 1.7743001888068435, 1.754035418684583, 0.0, 5.722352958355505, 5.803491650722003, 4.136226737015271, 5.800315386252716, 4.734132336553341, 6.245037490680099, 5.5818463441768085], [9.263330481527689, 8.333556029691048, 6.8704138936457095, 6.0982988882146465, 4.639381938362048, 4.330859363913818, 5.596519083323133, 3.2047942352045, 2.0378444346907347, 1.010501682334077, 2.08602735600471, 2.8068457617047646, 2.4542710404517267, 3.8113463946484845, 4.58336674618124, 9.093139232410332, 9.334655577470443, 10.279628443188013, 8.514870063013293, 8.77124716616742, 6.915084518644728, 6.5885980526967955, 6.696194819447833, 6.345642628607444, 5.84971872657139, 6.484736573678225, 5.722352958355505, 0.0, 2.356925289439612, 2.973195267721244, 3.7761877310324494, 3.2293424036481477, 2.655712296164628, 2.2322637948952186], [10.584892782168367, 9.73305008001089, 8.228668310850791, 7.534131426382208, 6.032931435877587, 5.237830162385947, 6.058444249970449, 3.8660424687269024, 3.3255446561428106, 2.0766514994095666, 1.0954364655241309, 2.145036011352723, 4.373392586996965, 5.645953418157114, 6.624389155990158, 10.52023881763147, 10.437428116638698, 11.633246264478371, 10.115597295760644, 10.030208024263503, 7.988026213026594, 8.096031489563266, 7.93415527324743, 8.023148980917654, 6.207295873405745, 7.083467532924818, 5.803491650722003, 2.356925289439612, 0.0, 1.7585128489721085, 2.4731667553968126, 3.066984580985043, 2.502968090088246, 4.441346648258836], [9.459651632591973, 8.597714685891827, 7.130104426304007, 6.452011291837607, 5.0134772952512705, 3.9657367045733127, 4.507608950430371, 2.63947255526554, 2.701718863982705, 2.110532930328262, 1.095730062561031, 2.1621624938935557, 4.024918632717934, 5.046312990689341, 6.191393979549354, 9.537327475765943, 9.219242763372707, 10.486328641140329, 9.098067149125686, 8.766177014525773, 6.756811338197922, 7.1828410117445864, 6.698254986188567, 7.104424678325472, 4.659646048789543, 5.548959683580337, 4.136226737015271, 2.973195267721244, 1.7585128489721085, 0.0, 2.4950723035615625, 2.5270685507124653, 3.0765825683703016, 4.480527032615695], [11.320247752147477, 10.24820727054249, 8.863569193614952, 7.857695175431533, 6.4689465997177615, 5.47742937243375, 5.936207382664456, 4.2449811177436345, 4.1828308811138895, 3.3904207128319634, 2.158497831826569, 1.094293694581121, 5.350444785249167, 6.4222414373799435, 7.497898492911197, 11.4656831414443, 11.193537448456587, 12.285790950931894, 10.60279835373662, 10.309798910260085, 8.654047345606564, 9.002314337991091, 7.955566180982972, 8.311246561737896, 5.63931491051883, 7.026488335577025, 5.800315386252716, 3.7761877310324494, 2.4731667553968126, 2.4950723035615625, 0.0, 1.7722741830766475, 1.7737245051021875, 5.656407419024906], [9.882566877588028, 8.712708340120194, 7.3904804302562095, 6.257472289191539, 4.934170269660342, 4.03232436567298, 4.598778164904239, 2.9718188723406413, 3.0165907146976374, 2.7375308235707596, 2.171555813236215, 1.094892857771937, 4.083380415782982, 4.971106635347908, 6.048238514642094, 10.069980282999564, 9.849200854384076, 10.805016117063408, 8.998443604868566, 8.752312380736877, 7.297877794263207, 7.592772303974352, 6.326752511359995, 6.644358817071817, 4.24957579765322, 5.653369688071001, 4.734132336553341, 3.2293424036481477, 3.066984580985043, 2.5270685507124653, 1.7722741830766475, 0.0, 1.769054594974389, 4.552068159639089], [10.954461685085215, 9.827631379940946, 8.446862482010703, 7.363994669335388, 5.961912395364426, 5.286478732578047, 6.129234785028225, 4.097419852785408, 3.5768281339756878, 2.6983383127398985, 2.167432354192398, 1.0952185946193573, 4.414745208956005, 5.5686217199590775, 6.478712564236818, 10.992616424673427, 10.987774283720976, 11.912198596816626, 10.019099785409864, 10.014110107742976, 8.442150746107298, 8.44980163672497, 7.6230467439207015, 7.614771122627389, 5.91441916167598, 7.166948591276485, 6.245037490680099, 2.655712296164628, 2.502968090088246, 3.0765825683703016, 1.7737245051021875, 1.769