{"total energy": -73.13165796, "HOMO-LUMO gap/eV": 2.54182694, "electronic energy": -73.88819844, "dipole": [-0.45737573, -0.69859163, 0.99505913], "partial charges": [-0.05894981, -0.16943168, -0.04279753, 0.39365922, -0.50640048, -0.0913355, 0.03804345, 0.06780747, -0.46465982, -0.20181797, 0.27494623, -0.45931066, -0.06441909, -0.008735, -0.04495785, 0.08206446, -0.12675531, -0.14321619, 0.32744348, -0.45074217, -0.16494797, 0.2715917, -0.41380528, 0.06863067, 0.05629476, 0.05605117, 0.07425771, 0.07172259, 0.07013898, 0.06653569, 0.07566401, 0.04617121, 0.03310307, 0.32475775, 0.21057077, 0.07446634, 0.07424524, 0.07432237, 0.0630029, 0.07757237, 0.21176858, 0.22745012], "atomic dipole moments": [[0.05218674, -0.02048811, 0.12834807], [0.14542074, -0.06780217, -0.39249733], [-0.02667272, 0.13123006, -0.01755086], [0.10227537, -0.23443169, 0.37445809], [-0.14192598, 0.06940778, 0.04481301], [0.05179646, 0.01792708, -0.12660091], [0.03727749, -0.08527978, -0.1119818], [0.12573065, 0.05931429, 0.12090781], [-0.00160324, -0.24051393, -0.0458586], [-0.05093588, 0.08850118, 0.0057145], [-0.0449484, 0.01838591, 0.02347159], [-0.0195661, -0.19132912, -0.08883339], [-0.09271697, 0.03485942, 0.02155067], [0.09950615, -0.02197511, -0.03761166], [-0.04537006, -0.02709675, -0.02776758], [0.16688955, -0.01459596, -0.01275426], [-0.01740083, -0.06750491, -0.08914705], [-0.03172741, -0.02507515, -0.02738982], [-0.07458809, 0.02674352, 0.02946031], [-0.18789686, 0.07704622, 0.08581288], [0.0182173, 0.03630143, 0.01324725], [0.08670909, -0.05877977, -0.05779926], [0.1686612, 0.05620662, 0.09055353], [-0.12552338, 0.0399719, 0.00531144], [0.0693031, 0.09448482, -0.05946934], [0.00151045, -0.11166175, -0.0673569], [-0.00969274, -0.09155534, -0.09096734], [0.05038514, -0.05881156, 0.1046698], [-0.11167357, 0.05194731, 0.04531622], [0.03558776, -0.09458922, 0.08212952], [0.02403616, 0.04009966, 0.11963673], [-0.12060514, 0.03074127, 0.00660058], [0.02820904, -0.00424298, -0.12106112], [0.06741287, -0.02029882, 0.01608695], [-0.00084368, -0.10442535, -0.09099177], [-0.02629952, -0.14323477, -0.06137769], [0.007905, 0.1364292, 0.06045536], [0.03751576, 0.12017826, -0.04730478], [0.09333008, -0.0416911, 0.08278233], [-0.09996954, 0.0210749, 0.08999669], [0.13107286, 0.03654892, 0.03836108], [-0.00296899, -0.0875729, -0.10866645]], "atomic quadrupole moments": [[-0.11787745, -0.04535752, -0.20653101, 0.19096405, -0.07913352, 0.32440846], [0.33700385, -0.35807684, -0.54132022, 0.0644817, -0.05509985, 0.20431637], [0.26026931, 0.05728059, 0.00140727, -0.21911474, -0.09997626, -0.26167658], [-0.08037414, 0.33475174, 0.04044994, -0.02604634, 0.12963123, 0.0399242], [0.12351347, -0.10388814, -0.02573913, -0.0632985, 0.0556497, -0.09777434], [-0.12796266, 0.18440366, -0.06180427, 0.05913885, 0.18966934, 0.18976694], [0.14827798, -0.01631906, 0.06834533, -0.08841961, -0.0618228, -0.21662331], [-0.12103445, 0.20324699, 0.2831092, 0.16687059, 0.01302625, -0.16207474], [-0.02320573, 0.08485468, 0.11828027, 0.05686174, 0.06690382, -0.09507455], [0.04995497, -0.03766582, -0.02172979, -0.02397806, -0.02796917, -0.02822518], [-0.23659215, -0.0199483, -0.08170042, 0.10270496, -0.3071672, 0.31829257], [-0.10175355, -0.00176897, -0.00391231, 0.02927195, -0.07495244, 0.10566586], [-0.2165662, -0.18779666, -0.15352584, 0.07995388, -0.26166323, 0.37009203], [-0.24361423, -0.1660263, -0.18087915, 0.10078929, -0.31138325, 0.42449338], [-0.21342541, 0.00817788, 0.13007271, -0.01904543, -0.20949942, 0.0833527], [-0.29066891, -0.11013803, 0.18732609, -0.13668984, -0.26435034, 0.10334282], [-0.04945817, 0.03344031, 0.02244286, 0.0581683, 0.16520889, 0.02701531], [-0.06566359, -0.03591179, 0.02730435, -0.038429, 0.00730008, 0.03835924], [-0.20878943, 0.00730368, 0.11772152, 0.03201539, -0.3038863, 0.09106791], [-0.04876285, -0.03164882, 0.02966642, -0.02946646, -0.11355249, 0.01909643], [0.10739282, 0.00334695, -0.04648283, 0.01181853, -0.06916482, -0.06090999], [-0.13105401, 0.04185136, 0.13502686, -0.08001841, -0.40563703, -0.00397284], [-0.069712, 0.03289413, 0.05511659, -0.00487256, -0.14975853, 0.01459541], [0.0693971, -0.04049139, -0.04025965, -0.00471129, -0.00101311, -0.02913745], [-0.00743407, 0.05404754, 0.0005726, -0.01138956, -0.03157833, 0.00686147], [-0.05822092, -0.01239028, 0.04445633, 0.00511947, 0.03632717, 0.01376459], [-0.00565685, 0.01283691, -0.00028028, -0.00567905, 0.05199663, 0.00593713], [-0.00089843, -0.00608598, -0.0232272, 0.027973, -0.04217794, 0.02412563], [0.03462342, -0.0311858, -0.00667098, -0.02283556, 0.02611669, -0.02795244], [-0.02580678, -0.00750226, 0.01945971, 0.03974748, -0.03065849, 0.00634706], [-0.01089552, -0.00274347, -0.0068053, -0.00100826, 0.01816409, 0.01770083], [0.05526882, -0.00073851, -0.00937621, -0.01705055, 0.00818154, -0.04589262], [-0.0258284, 0.008365, -0.00117661, -0.02376009, 0.03468869, 0.02700501], [0.09694579, -0.02964919, -0.02592228, 0.04139554, 0.00072202, -0.0710235], [0.04016243, 0.0100428, -0.00339078, -0.00500239, 0.02740517, -0.03677164], [0.02948802, 0.0034781, 0.00923759, -0.01762154, 0.03055463, -0.03872562], [0.04634827, 0.01898617, 0.00097617, -0.00922753, 0.03688121, -0.04732444], [-0.03760781, 0.02841751, 0.04578515, -0.01774196, -0.04488604, -0.00817733], [0.03173549, -0.04968938, -0.02159685, 0.0448519, -0.01237952, -0.01013864], [0.06024265, -0.00395422, -0.04343821, -0.04272738, 0.01387428, -0.01680445], [0.02109249, 0.00772391, -0.01212281, 0.00829024, 0.04299788, -0.00896968], [0.01104352, 0.00048187, -0.00700169, 0.00336871, 0.0434611, -0.00404184]], "number of molecular orbitals": 121, "number of electrons": 128, "number of unpaired electrons": 0, "orbital energies/eV": [-21.03838487, -20.11219507, -20.08535155, -19.63746778, -19.38439614, -19.03872401, -18.94352859, -18.47423713, -18.37570743, -18.12302672, -18.02944374, -17.88361344, -17.7200244, -17.62361325, -17.42404593, -17.18429436, -17.11277471, -16.95527655, -16.86902622, -16.72313284, -16.42725109, -16.30202164, -16.24995736, -15.94667155, -15.57027572, -15.38441026, -15.26113198, -15.12175768, -14.97057517, -14.9144538, -14.79587006, -14.74767268, -14.66233382, -14.61635224, -14.50608153, -14.33456678, -14.29619698, -14.22493796, -14.17768794, -14.05137098, -13.97420767, -13.88081951, -13.67596634, -13.59132124, -13.54503706, -13.41115009, -13.3368525, -13.27510578, -13.19914911, -13.05522592, -12.95080361, -12.61382879, -12.52233319, -12.20972843, -12.16705686, -11.84455779, -11.72167407, -11.23250455, -11.14070009, -11.06321022, -10.91035338, -10.87472459, -10.6732138, -10.41282823, -7.87100129, -7.09110181, -6.42402211, -6.2095278, -5.71544267, -4.95314806, -4.58851785, -4.55367037, -3.51994169, -2.88680559, -1.01306912, -0.90942839, -0.7298872, -0.42943361, -0.3106926, -0.04343666, 0.2427531, 0.74867826, 0.98409708, 1.34694244, 1.9478721, 2.10085175, 2.33590646, 2.84721709, 3.00111025, 3.1759607, 3.52014511, 3.627839, 3.83024588, 4.00739547, 4.18875107, 4.34287347, 4.54438572, 4.56489301, 4.69709157, 5.10582733, 5.20002884, 5.30242462, 5.49612705, 5.72133504, 5.97753512, 5.98501888, 6.64602663, 7.09676704, 7.4204065, 8.04028015, 9.08089366, 9.58810186, 10.15687948, 11.45551585, 11.79390649, 13.47016952, 14.81985502, 15.68680948, 17.8138176, 18.4403966, 21.4883651], "fractional occupation": [2.0, 2.0, 2.0, 2.0, 2.0, 2.0, 2.0, 2.0, 2.0, 2.0, 2.0, 2.0, 2.0, 2.0, 2.0, 2.0, 2.0, 2.0, 2.0, 2.0, 2.0, 2.0, 2.0, 2.0, 2.0, 2.0, 2.0, 2.0, 2.0, 2.0, 2.0, 2.0, 2.0, 2.0, 2.0, 2.0, 2.0, 2.0, 2.0, 2.0, 2.0, 2.0, 2.0, 2.0, 2.0, 2.0, 2.0, 2.0, 2.0, 2.0, 2.0, 2.0, 2.0, 2.0, 2.0, 2.0, 2.0, 2.0, 2.0, 2.0, 2.0, 2.0, 2.0, 2.0, 0.0, 0.0, 0.0, 0.0, 0.0, 0.0, 0.0, 0.0, 0.0, 0.0, 0.0, 0.0, 0.0, 0.0, 0.0, 0.0, 0.0, 0.0, 0.0, 0.0, 0.0, 0.0, 0.0, 0.0, 0.0, 0.0, 0.0, 0.0, 0.0, 0.0, 0.0, 0.0, 0.0, 0.0, 0.0, 0.0, 0.0, 0.0, 0.0, 0.0, 0.0, 0.0, 0.0, 0.0, 0.0, 0.0, 0.0, 0.0, 0.0, 0.0, 0.0, 0.0, 0.0, 0.0, 0.0, 0.0, 0.0], "program call": "xtb /home/svss/Project-DBcg-Debug/aqme2_20220329/End-to-End-workflows-final/example-3/QDESCP/mol_512_rdkit_conf_4/mol_512_rdkit_conf_4.xyz --pop --wbo --acc 0.2 --gfn 2 --chrg 0 --uhf 0 --etemp 300 --input /home/svss/Project-DBcg-Debug/aqme2_20220329/End-to-End-workflows-final/example-3/QDESCP/mol_512_rdkit_conf_4/mol_512_rdkit_conf_4_xtb.inp", "method": "GFN2-xTB", "xtb version": "6.3.3 (7355c4f)", "Dipole module/D": 3.302, "Total charge": 0, "Transition dipole module/D": NaN, "HOMO": -10.4128, "LUMO": -7.871, "HOMO occupancy": 2.0, "LUMO occupancy": 0, "mulliken charges": [-0.0194, -0.11254, 0.03839, 0.25849, -0.49032, -0.02906, 0.10709, 0.18378, -0.58288, -0.35905, 0.46983, -0.57417, -0.0687, 0.01688, -0.09466, 0.15778, -0.10028, -0.30292, 0.56639, -0.56301, -0.31159, 0.47031, -0.537, 0.04791, 0.03227, 0.0371, 0.06039, 0.05522, 0.04284, 0.05599, 0.06034, 0.0219, 0.02456, 0.36482, 0.25516, 0.06157, 0.05068, 0.06051, 0.05037, 0.06112, 0.2573, 0.2766], "cm5 charges": [-0.15098, -0.15917, -0.03543, 0.25013, -0.54598, -0.11401, 0.10001, 0.10543, -0.79087, -0.7094, 0.56374, -0.63866, -0.11481, -0.03389, -0.08776, 0.21336, -0.23881, -0.64815, 0.73449, -0.59942, -0.65396, 0.57257, -0.58035, 0.10011, 0.08551, 0.08969, 0.1194, 0.11396, 0.1011, 0.11649, 0.13504, 0.08638, 0.09136, 0.55495, 0.45963, 0.1277, 0.11339, 0.11367, 0.10491, 0.11413, 0.45466, 0.47985], "FUKUI+": [0.016, -0.118, 0.017, -0.06, 0.001, 0.016, 0.007, 0.007, -0.014, -0.03, -0.019, -0.061, -0.036, -0.028, -0.024, -0.062, 0.02, -0.02, -0.013, -0.07, -0.024, -0.009, -0.045, -0.023, -0.018, -0.023, -0.025, -0.02, -0.016, -0.013, -0.017, -0.019, -0.008, 0.004, -0.018, -0.041, -0.041, -0.042, -0.039, -0.024, -0.034, -0.032], "FUKUI-": [0.035, -0.218, 0.04, -0.092, -0.027, 0.021, 0.003, 0.009, -0.053, -0.022, -0.003, -0.041, -0.018, -0.015, -0.022, -0.022, 0.012, -0.026, -0.003, -0.055, -0.012, -0.004, -0.03, -0.031, -0.028, -0.034, -0.034, -0.03, -0.016, -0.024, -0.027, -0.024, -0.027, -0.014, -0.012, -0.022, -0.025, -0.027, -0.025, -0.013, -0.025, -0.019], "FUKUIrad": [0.026, -0.168, 0.028, -0.076, -0.013, 0.018, 0.005, 0.008, -0.034, -0.026, -0.011, -0.051, -0.027, -0.021, -0.023, -0.042, 0.016, -0.023, -0.008, -0.062, -0.018, -0.006, -0.038, -0.027, -0.023, -0.028, -0.029, -0.025, -0.016, -0.018, -0.022, -0.021, -0.017, -0.005, -0.015, -0.031, -0.033, -0.034, -0.032, -0.019, -0.029, -0.025], "s proportion": [1.013, 1.931, 1.058, 1.882, 1.741, 1.057, 1.045, 0.999, 1.704, 1.44, 0.991, 1.727, 1.078, 1.063, 1.083, 1.059, 1.015, 1.423, 0.931, 1.72, 1.423, 0.995, 1.727, 0.952, 0.968, 0.963, 0.94, 0.945, 0.957, 0.944, 0.94, 0.978, 0.975, 0.635, 0.745, 0.938, 0.949, 0.939, 0.95, 0.939, 0.743, 0.723], "p proportion": [3.006, 4.18, 2.903, 3.463, 4.749, 2.972, 2.848, 2.817, 4.879, 3.919, 2.539, 4.848, 2.99, 2.92, 3.011, 2.783, 3.086, 3.88, 2.503, 4.843, 3.888, 2.535, 4.81, 0.0, 0.0, 0.0, 0.0, 0.0, 0.0, 0.0, 0.0, 0.0, 0.0, 0.0, 0.0, 0.0, 0.0, 0.0, 0.0, 0.0, 0.0, 0.0], "d proportion": [0.0, 0.002, 0.0, 0.396, 0.0, 0.0, 0.0, 0.0, 0.0, 0.0, 0.0, 0.0, 0.0, 0.0, 0.0, 0.0, 0.0, 0.0, 0.0, 0.0, 0.0, 0.0, 0.0, 0.0, 0.0, 0.0, 0.0, 0.0, 0.0, 0.0, 0.0, 0.0, 0.0, 0.0, 0.0, 0.0, 0.0, 0.0, 0.0, 0.0, 0.0, 0.0], "Fermi-level/eV": -9.1419, "Coordination numbers": [3.742, 2.041, 3.787, 2.922, 0.859, 3.793, 3.806, 3.672, 1.651, 2.688, 2.757, 0.858, 2.896, 2.9, 2.953, 2.894, 3.755, 2.707, 2.7, 0.86, 2.699, 2.766, 0.859, 0.924, 0.924, 0.924, 0.924, 0.924, 0.924, 0.924, 0.923, 0.924, 0.924, 0.803, 0.86, 0.925, 0.925, 0.924, 0.924, 0.924, 0.86, 0.86], "Dispersion coefficient C6": [21.711, 148.221, 21.354, 126.032, 23.926, 22.25, 19.931, 19.673, 22.148, 25.386, 22.351, 22.902, 29.602, 28.236, 29.115, 26.169, 22.989, 24.1, 21.434, 22.72, 24.568, 22.412, 21.958, 2.101, 2.243, 2.246, 2.039, 2.067, 2.084, 2.124, 2.025, 2.368, 2.543, 0.651, 1.054, 2.037, 2.04, 2.039, 2.164, 2.004, 1.048, 0.976], "Total dispersion C6": 22644.167233, "Total dispersion C8": 588345.591107, "Polarizability alpha": [6.648, 20.491, 6.582, 18.895, 6.558, 6.717, 6.356, 6.357, 6.353, 7.483, 7.742, 6.416, 8.921, 8.713, 8.85, 8.387, 6.837, 7.291, 7.578, 6.391, 7.362, 7.753, 6.283, 2.267, 2.342, 2.344, 2.233, 2.248, 2.258, 2.279, 2.225, 2.407, 2.494, 1.268, 1.608, 2.232, 2.233, 2.233, 2.301, 2.214, 1.604, 1.548], "Total polarizability alpha": 231.297139, "Wiberg matrix": [[0.0, 1.011303079184663, 0.0, 0.0, 0.0, 0.0, 0.0, 0.0, 0.0, 0.0, 0.0, 0.0, 0.0, 0.0, 0.0, 0.0, 0.0, 0.0, 0.0, 0.0, 0.0, 0.0, 0.0, 0.9787176932110425, 0.9833998329797564, 0.9825440655660385, 0.0, 0.0, 0.0, 0.0, 0.0, 0.0, 0.0, 0.0, 0.0, 0.0, 0.0, 0.0, 0.0, 0.0, 0.0, 0.0], [1.011303079184663, 0.0, 1.0097148100628959, 0.0, 0.0, 0.0, 0.0, 0.0, 0.0, 0.0, 0.0, 0.0, 0.0, 0.0, 0.0, 0.0, 0.0, 0.0, 0.0, 0.0, 0.0, 0.0, 0.0, 0.0, 0.0, 0.0, 0.0, 0.0, 0.0, 0.0, 0.0, 0.0, 0.0, 0.0, 0.0, 0.0, 0.0, 0.0, 0.0, 0.0, 0.0, 0.0], [0.0, 1.0097148100628959, 0.0, 0.9341156865879187, 0.0, 0.0, 0.0, 0.0, 0.0, 0.0, 0.0, 0.0, 0.0, 0.0, 0.0, 0.0, 0.0, 0.0, 0.0, 0.0, 0.0, 0.0, 0.0, 0.0, 0.0, 0.0, 0.9636942750592672, 0.9639568729294644, 0.0, 0.0, 0.0, 0.0, 0.0, 0.0, 0.0, 0.0, 0.0, 0.0, 0.0, 0.0, 0.0, 0.0], [0.0, 0.0, 0.9341156865879187, 0.0, 1.7572182715214397, 0.9389027609789568, 0.0, 0.0, 0.0, 0.0, 0.0, 0.0, 0.0, 0.0, 0.0, 0.0, 0.0, 0.0, 0.0, 0.0, 0.0, 0.0, 0.0, 0.0, 0.0, 0.0, 0.0, 0.0, 0.0, 0.0, 0.0, 0.0, 0.0, 0.0, 0.0, 0.0, 0.0, 0.0, 0.0, 0.0, 0.0, 0.0], [0.0, 0.0, 0.0, 1.7572182715214397, 0.0, 0.0, 0.0, 0.0, 0.0, 0.0, 0.0, 0.0, 0.0, 0.0, 0.0, 0.0, 0.0, 0.0, 0.0, 0.0, 0.0, 0.0, 0.0, 0.0, 0.0, 0.0, 0.0, 0.0, 0.0, 0.0, 0.0, 0.0, 0.0, 0.0, 0.0, 0.0, 0.0, 0.0, 0.0, 0.0, 0.0, 0.0], [0.0, 0.0, 0.0, 0.9389027609789568, 0.0, 0.0, 0.9966222734164375, 0.0, 0.0, 0.0, 0.0, 0.0, 0.0, 0.0, 0.0, 0.0, 0.0, 0.0, 0.0, 0.0, 0.0, 0.0, 0.0, 0.0, 0.0, 0.0, 0.0, 0.0, 0.9680823170855122, 0.9664701183092756, 0.0, 0.0, 0.0, 0.0, 0.0, 0.0, 0.0, 0.0, 0.0, 0.0, 0.0, 0.0], [0.0, 0.0, 0.0, 0.0, 0.0, 0.9966222734164375, 0.0, 0.9738962129824267, 0.0, 0.9845208937200493, 0.0, 0.0, 0.0, 0.0, 0.0, 0.0, 0.0, 0.0, 0.0, 0.0, 0.0, 0.0, 0.0, 0.0, 0.0, 0.0, 0.0, 0.0, 0.0, 0.0, 0.9512502429453336, 0.0, 0.0, 0.0, 0.0, 0.0, 0.0, 0.0, 0.0, 0.0, 0.0, 0.0], [0.0, 0.0, 0.0, 0.0, 0.0, 0.0, 0.9738962129824267, 0.0, 1.0132811333916378, 0.0, 0.0, 0.0, 0.0, 0.0, 0.0, 0.0, 0.0, 0.0, 0.0, 0.0, 0.0, 0.0, 0.0, 0.0, 0.0, 0.0, 0.0, 0.0, 0.0, 0.0, 0.0, 0.9712696583297173, 0.9683606431229457, 0.0, 0.0, 0.0, 0.0, 0.0, 0.0, 0.0, 0.0, 0.0], [0.0, 0.0, 0.0, 0.0, 0.0, 0.0, 0.0, 1.0132811333916378, 0.0, 0.0, 0.0, 0.0, 0.0, 0.0, 0.0, 0.0, 0.0, 0.0, 0.0, 0.0, 0.0, 0.0, 0.0, 0.0, 0.0, 0.0, 0.0, 0.0, 0.0, 0.0, 0.0, 0.0, 0.0, 0.8378218876606066, 0.0, 0.0, 0.0, 0.0, 0.0, 0.0, 0.0, 0.0], [0.0, 0.0, 0.0, 0.0, 0.0, 0.0, 0.9845208937200493, 0.0, 0.0, 0.0, 1.2426256130578335, 0.19062480156469186, 0.0, 0.0, 0.0, 0.0, 0.0, 0.0, 0.0, 0.0, 0.0, 0.0, 0.0, 0.0, 0.0, 0.0, 0.0, 0.0, 0.0, 0.0, 0.0, 0.0, 0.0, 0.0, 0.9045190544087981, 0.0, 0.0, 0.0, 0.0, 0.0, 0.0, 0.0], [0.0, 0.0, 0.0, 0.0, 0.0, 0.0, 0.0, 0.0, 0.0, 1.2426256130578335, 0.0, 1.6143450791016063, 1.0277981019921654, 0.0, 0.0, 0.0, 0.0, 0.0, 0.0, 0.0, 0.0, 0.0, 0.0, 0.0, 0.0, 0.0, 0.0, 0.0, 0.0, 0.0, 0.0, 0.0, 0.0, 0.0, 0.0, 0.0, 0.0, 0.0, 0.0, 0.0, 0.0, 0.0], [0.0, 0.0, 0.0, 0.0, 0.0, 0.0, 0.0, 0.0, 0.0, 0.19062480156469186, 1.6143450791016063, 0.0, 0.0, 0.0, 0.0, 0.0, 0.0, 0.0, 0.0, 0.0, 0.0, 0.0, 0.0, 0.0, 0.0, 0.0, 0.0, 0.0, 0.0, 0.0, 0.0, 0.0, 0.0, 0.0, 0.0, 0.0, 0.0, 0.0, 0.0, 0.0, 0.0, 0.0], [0.0, 0.0, 0.0, 0.0, 0.0, 0.0, 0.0, 0.0, 0.0, 0.0, 1.0277981019921654, 0.0, 0.0, 1.795769520870106, 0.0, 0.0, 0.0, 0.0, 0.0, 0.0, 0.0, 0.0, 0.0, 0.0, 0.0, 0.0, 0.0, 0.0, 0.0, 0.0, 0.0, 0.0, 0.0, 0.0, 0.0, 0.9593408444693824, 0.0, 0.0, 0.0, 0.0, 0.0, 0.0], [0.0, 0.0, 0.0, 0.0, 0.0, 0.0, 0.0, 0.0, 0.0, 0.0, 0.0, 0.0, 1.795769520870106, 0.0, 1.106488039267876, 0.0, 0.0, 0.0, 0.0, 0.0, 0.0, 0.0, 0.0, 0.0, 0.0, 0.0, 0.0, 0.0, 0.0, 0.0, 0.0, 0.0, 0.0, 0.0, 0.0, 0.0, 0.9505606734912251, 0.0, 0.0, 0.0, 0.0, 0.0], [0.0, 0.0, 0.0, 0.0, 0.0, 0.0, 0.0, 0.0, 0.0, 0.0, 0.0, 0.0, 0.0, 1.106488039267876, 0.0, 1.5822882322149516, 0.0, 0.0, 0.0, 0.0, 0.0, 1.0239606741585288, 0.0, 0.0, 0.0, 0.0, 0.0, 0.0, 0.0, 0.0, 0.0, 0.0, 0.0, 0.0, 0.0, 0.0, 0.0, 0.0, 0.0, 0.0, 0.0, 0.0], [0.0, 0.0, 0.0, 0.0, 0.0, 0.0, 0.0, 0.0, 0.0, 0.0, 0.0, 0.0, 0.0, 0.0, 1.5822882322149516, 0.0, 1.0242170473176415, 1.1552097442256992, 0.0, 0.0, 0.0, 0.0, 0.0, 0.0, 0.0, 0.0, 0.0, 0.0, 0.0, 0.0, 0.0, 0.0, 0.0, 0.0, 0.0, 0.0, 0.0, 0.0, 0.0, 0.0, 0.0, 0.0], [0.0, 0.0, 0.0, 0.0, 0.0, 0.0, 0.0, 0.0, 0.0, 0.0, 0.0, 0.0, 0.0, 0.0, 0.0, 1.0242170473176415, 0.0, 0.0, 0.0, 0.0, 0.0, 0.0, 0.0, 0.0, 0.0, 0.0, 0.0, 0.0, 0.0, 0.0, 0.0, 0.0, 0.0, 0.0, 0.0, 0.0, 0.0, 0.960067649002078, 0.9713048645514494, 0.9760288014749312, 0.0, 0.0], [0.0, 0.0, 0.0, 0.0, 0.0, 0.0, 0.0, 0.0, 0.0, 0.0, 0.0, 0.0, 0.0, 0.0, 0.0, 1.1552097442256992, 0.0, 0.0, 1.137901200482047, 0.13135055984135105, 0.0, 0.0, 0.0, 0.0, 0.0, 0.0, 0.0, 0.0, 0.0, 0.0, 0.0, 0.0, 0.0, 0.0, 0.0, 0.0, 0.0, 0.0, 0.0, 0.0, 0.9225512791496416, 0.0], [0.0, 0.0, 0.0, 0.0, 0.0, 0.0, 0.0, 0.0, 0.0, 0.0, 0.0, 0.0, 0.0, 0.0, 0.0, 0.0, 0.0, 1.137901200482047, 0.0, 1.6207343566219496, 1.1402035368036603, 0.0, 0.0, 0.0, 0.0, 0.0, 0.0, 0.0, 0.0, 0.0, 0.0, 0.0, 0.0, 0.0, 0.0, 0.0, 0.0, 0.0, 0.0, 0.0, 0.0, 0.0], [0.0, 0.0, 0.0, 0.0, 0.0, 0.0, 0.0, 0.0, 0.0, 0.0, 0.0, 0.0, 0.0, 0.0, 0.0, 0.0, 0.0, 0.13135055984135105, 1.6207343566219496, 0.0, 0.12941134138335816, 0.0, 0.0, 0.0, 0.0, 0.0, 0.0, 0.0, 0.0, 0.0, 0.0, 0.0, 0.0, 0.0, 0.0, 0.0, 0.0, 0.0, 0.0, 0.0, 0.0, 0.0], [0.0, 0.0, 0.0, 0.0, 0.0, 0.0, 0.0, 0.0, 0.0, 0.0, 0.0, 0.0, 0.0, 0.0, 0.0, 0.0, 0.0, 0.0, 1.1402035368036603, 0.12941134138335816, 0.0, 1.1373379908637944, 0.13860244257474316, 0.0, 0.0, 0.0, 0.0, 0.0, 0.0, 0.0, 0.0, 0.0, 0.0, 0.0, 0.0, 0.0, 0.0, 0.0, 0.0, 0.0, 0.0, 0.9129163922942851], [0.0, 0.0, 0.0, 0.0, 0.0, 0.0, 0.0, 0.0, 0.0, 0.0, 0.0, 0.0, 0.0, 0.0, 1.0239606741585288, 0.0, 0.0, 0.0, 0.0, 0.0, 1.1373379908637944, 0.0, 1.6926572733995762, 0.0, 0.0, 0.0, 0.0, 0.0, 0.0, 0.0, 0.0, 0.0, 0.0, 0.0, 0.0, 0.0, 0.0, 0.0, 0.0, 0.0, 0.0, 0.0], [0.0, 0.0, 0.0, 0.0, 0.0, 0.0, 0.0, 0.0, 0.0, 0.0, 0.0, 0.0, 0.0, 0.0, 0.0, 0.0, 0.0, 0.0, 0.0, 0.0, 0.13860244257474316, 1.6926572733995762, 0.0, 0.0, 0.0, 0.0, 0.0, 0.0, 0.0, 0.0, 0.0, 0.0, 0.0, 0.0, 0.0, 0.0, 0.0, 0.0, 0.0, 0.0, 0.0, 0.0], [0.9787176932110425, 0.0, 0.0, 0.0, 0.0, 0.0, 0.0, 0.0, 0.0, 0.0, 0.0, 0.0, 0.0, 0.0, 0.0, 0.0, 0.0, 0.0, 0.0, 0.0, 0.0, 0.0, 0.0, 0.0, 0.0, 0.0, 0.0, 0.0, 0.0, 0.0, 0.0, 0.0, 0.0, 0.0, 0.0, 0.0, 0.0, 0.0, 0.0, 0.0, 0.0, 0.0], [0.9833998329797564, 0.0, 0.0, 0.0, 0.0, 0.0, 0.0, 0.0, 0.0, 0.0, 0.0, 0.0, 0.0, 0.0, 0.0, 0.0, 0.0, 0.0, 0.0, 0.0, 0.0, 0.0, 0.0, 0.0, 0.0, 0.0, 0.0, 0.0, 0.0, 0.0, 0.0, 0.0, 0.0, 0.0, 0.0, 0.0, 0.0, 0.0, 0.0, 0.0, 0.0, 0.0], [0.9825440655660385, 0.0, 0.0, 0.0, 0.0, 0.0, 0.0, 0.0, 0.0, 0.0, 0.0, 0.0, 0.0, 0.0, 0.0, 0.0, 0.0, 0.0, 0.0, 0.0, 0.0, 0.0, 0.0, 0.0, 0.0, 0.0, 0.0, 0.0, 0.0, 0.0, 0.0, 0.0, 0.0, 0.0, 0.0, 0.0, 0.0, 0.0, 0.0, 0.0, 0.0, 0.0], [0.0, 0.0, 0.9636942750592672, 0.0, 0.0, 0.0, 0.0, 0.0, 0.0, 0.0, 0.0, 0.0, 0.0, 0.0, 0.0, 0.0, 0.0, 0.0, 0.0, 0.0, 0.0, 0.0, 0.0, 0.0, 0.0, 0.0, 0.0, 0.0, 0.0, 0.0, 0.0, 0.0, 0.0, 0.0, 0.0, 0.0, 0.0, 0.0, 0.0, 0.0, 0.0, 0.0], [0.0, 0.0, 0.9639568729294644, 0.0, 0.0, 0.0, 0.0, 0.0, 0.0, 0.0, 0.0, 0.0, 0.0, 0.0, 0.0, 0.0, 0.0, 0.0, 0.0, 0.0, 0.0, 0.0, 0.0, 0.0, 0.0, 0.0, 0.0, 0.0, 0.0, 0.0, 0.0, 0.0, 0.0, 0.0, 0.0, 0.0, 0.0, 0.0, 0.0, 0.0, 0.0, 0.0], [0.0, 0.0, 0.0, 0.0, 0.0, 0.9680823170855122, 0.0, 0.0, 0.0, 0.0, 0.0, 0.0, 0.0, 0.0, 0.0, 0.0, 0.0, 0.0, 0.0, 0.0, 0.0, 0.0, 0.0, 0.0, 0.0, 0.0, 0.0, 0.0, 0.0, 0.0, 0.0, 0.0, 0.0, 0.0, 0.0, 0.0, 0.0, 0.0, 0.0, 0.0, 0.0, 0.0], [0.0, 0.0, 0.0, 0.0, 0.0, 0.9664701183092756, 0.0, 0.0, 0.0, 0.0, 0.0, 0.0, 0.0, 0.0, 0.0, 0.0, 0.0, 0.0, 0.0, 0.0, 0.0, 0.0, 0.0, 0.0, 0.0, 0.0, 0.0, 0.0, 0.0, 0.0, 0.0, 0.0, 0.0, 0.0, 0.0, 0.0, 0.0, 0.0, 0.0, 0.0, 0.0, 0.0], [0.0, 0.0, 0.0, 0.0, 0.0, 0.0, 0.9512502429453336, 0.0, 0.0, 0.0, 0.0, 0.0, 0.0, 0.0, 0.0, 0.0, 0.0, 0.0, 0.0, 0.0, 0.0, 0.0, 0.0, 0.0, 0.0, 0.0, 0.0, 0.0, 0.0, 0.0, 0.0, 0.0, 0.0, 0.0, 0.0, 0.0, 0.0, 0.0, 0.0, 0.0, 0.0, 0.0], [0.0, 0.0, 0.0, 0.0, 0.0, 0.0, 0.0, 0.9712696583297173, 0.0, 0.0, 0.0, 0.0, 0.0, 0.0, 0.0, 0.0, 0.0, 0.0, 0.0, 0.0, 0.0, 0.0, 0.0, 0.0, 0.0, 0.0, 0.0, 0.0, 0.0, 0.0, 0.0, 0.0, 0.0, 0.0, 0.0, 0.0, 0.0, 0.0, 0.0, 0.0, 0.0, 0.0], [0.0, 0.0, 0.0, 0.0, 0.0, 0.0, 0.0, 0.9683606431229457, 0.0, 0.0, 0.0, 0.0, 0.0, 0.0, 0.0, 0.0, 0.0, 0.0, 0.0, 0.0, 0.0, 0.0, 0.0, 0.0, 0.0, 0.0, 0.0, 0.0, 0.0, 0.0, 0.0, 0.0, 0.0, 0.0, 0.0, 0.0, 0.0, 0.0, 0.0, 0.0, 0.0, 0.0], [0.0, 0.0, 0.0, 0.0, 0.0, 0.0, 0.0, 0.0, 0.8378218876606066, 0.0, 0.0, 0.0, 0.0, 0.0, 0.0, 0.0, 0.0, 0.0, 0.0, 0.0, 0.0, 0.0, 0.0, 0.0, 0.0, 0.0, 0.0, 0.0, 0.0, 0.0, 0.0, 0.0, 0.0, 0.0, 0.0, 0.0, 0.0, 0.0, 0.0, 0.0, 0.0, 0.0], [0.0, 0.0, 0.0, 0.0, 0.0, 0.0, 0.0, 0.0, 0.0, 0.9045190544087981, 0.0, 0.0, 0.0, 0.0, 0.0, 0.0, 0.0, 0.0, 0.0, 0.0, 0.0, 0.0, 0.0, 0.0, 0.0, 0.0, 0.0, 0.0, 0.0, 0.0, 0.0, 0.0, 0.0, 0.0, 0.0, 0.0, 0.0, 0.0, 0.0, 0.0, 0.0, 0.0], [0.0, 0.0, 0.0, 0.0, 0.0, 0.0, 0.0, 0.0, 0.0, 0.0, 0.0, 0.0, 0.9593408444693824, 0.0, 0.0, 0.0, 0.0, 0.0, 0.0, 0.0, 0.0, 0.0, 0.0, 0.0, 0.0, 0.0, 0.0, 0.0, 0.0, 0.0, 0.0, 0.0, 0.0, 0.0, 0.0, 0.0, 0.0, 0.0, 0.0, 0.0, 0.0, 0.0], [0.0, 0.0, 0.0, 0.0, 0.0, 0.0, 0.0, 0.0, 0.0, 0.0, 0.0, 0.0, 0.0, 0.9505606734912251, 0.0, 0.0, 0.0, 0.0, 0.0, 0.0, 0.0, 0.0, 0.0, 0.0, 0.0, 0.0, 0.0, 0.0, 0.0, 0.0, 0.0, 0.0, 0.0, 0.0, 0.0, 0.0, 0.0, 0.0, 0.0, 0.0, 0.0, 0.0], [0.0, 0.0, 0.0, 0.0, 0.0, 0.0, 0.0, 0.0, 0.0, 0.0, 0.0, 0.0, 0.0, 0.0, 0.0, 0.0, 0.960067649002078, 0.0, 0.0, 0.0, 0.0, 0.0, 0.0, 0.0, 0.0, 0.0, 0.0, 0.0, 0.0, 0.0, 0.0, 0.0, 0.0, 0.0, 0.0, 0.0, 0.0, 0.0, 0.0, 0.0, 0.0, 0.0], [0.0, 0.0, 0.0, 0.0, 0.0, 0.0, 0.0, 0.0, 0.0, 0.0, 0.0, 0.0, 0.0, 0.0, 0.0, 0.0, 0.9713048645514494, 0.0, 0.0, 0.0, 0.0, 0.0, 0.0, 0.0, 0.0, 0.0, 0.0, 0.0, 0.0, 0.0, 0.0, 0.0, 0.0, 0.0, 0.0, 0.0, 0.0, 0.0, 0.0, 0.0, 0.0, 0.0], [0.0, 0.0, 0.0, 0.0, 0.0, 0.0, 0.0, 0.0, 0.0, 0.0, 0.0, 0.0, 0.0, 0.0, 0.0, 0.0, 0.9760288014749312, 0.0, 0.0, 0.0, 0.0, 0.0, 0.0, 0.0, 0.0, 0.0, 0.0, 0.0, 0.0, 0.0, 0.0, 0.0, 0.0, 0.0, 0.0, 0.0, 0.0, 0.0, 0.0, 0.0, 0.0, 0.0], [0.0, 0.0, 0.0, 0.0, 0.0, 0.0, 0.0, 0.0, 0.0, 0.0, 0.0, 0.0, 0.0, 0.0, 0.0, 0.0, 0.0, 0.9225512791496416, 0.0, 0.0, 0.0, 0.0, 0.0, 0.0, 0.0, 0.0, 0.0, 0.0, 0.0, 0.0, 0.0, 0.0, 0.0, 0.0, 0.0, 0.0, 0.0, 0.0, 0.0, 0.0, 0.0, 0.0], [0.0, 0.0, 0.0, 0.0, 0.0, 0.0, 0.0, 0.0, 0.0, 0.0, 0.0, 0.0, 0.0, 0.0, 0.0, 0.0, 0.0, 0.0, 0.0, 0.0, 0.9129163922942851, 0.0, 0.0, 0.0, 0.0, 0.0, 0.0, 0.0, 0.0, 0.0, 0.0, 0.0, 0.0, 0.0, 0.0, 0.0, 0.0, 0.0, 0.0, 0.0, 0.0, 0.0]], "Born radii": [], "Atomic SASAs": [], "Solvent H bonds": [], "Total SASA": NaN, "Total FOD": 0.0, "FOD": [0.0, 0.0, 0.0, 0.0, 0.0, 0.0, 0.0, 0.0, 0.0, 0.0, 0.0, 0.0, 0.0, 0.0, 0.0, 0.0, 0.0, 0.0, 0.0, 0.0, 0.0, 0.0, 0.0, 0.0, 0.0, 0.0, 0.0, 0.0, 0.0, 0.0, 0.0, 0.0, 0.0, 0.0, 0.0, 0.0, 0.0, 0.0, 0.0, 0.0, 0.0, 0.0], "FOD s proportion": [0.0, 0.0, 0.0, 0.0, 0.0, 0.0, 0.0, 0.0, 0.0, 0.0, 0.0, 0.0, 0.0, 0.0, 0.0, 0.0, 0.0, 0.0, 0.0, 0.0, 0.0, 0.0, 0.0, 0.0, 0.0, 0.0, 0.0, 0.0, 0.0, 0.0, 0.0, 0.0, 0.0, 0.0, 0.0, 0.0, 0.0, 0.0, 0.0, 0.0, 0.0, 0.0], "FOD p proportion": [0.0, 0.0, 0.0, 0.0, 0.0, 0.0, 0.0, 0.0, 0.0, 0.0, 0.0, 0.0, 0.0, 0.0, 0.0, 0.0, 0.0, 0.0, 0.0, 0.0, 0.0, 0.0, 0.0, 0.0, 0.0, 0.0, 0.0, 0.0, 0.0, 0.0, 0.0, 0.0, 0.0, 0.0, 0.0, 0.0, 0.0, 0.0, 0.0, 0.0, 0.0, 0.0], "FOD d proportion": [0.0, 0.0, 0.0, 0.0, 0.0, 0.0, 0.0, 0.0, 0.0, 0.0, 0.0, 0.0, 0.0, 0.0, 0.0, 0.0, 0.0, 0.0, 0.0, 0.0, 0.0, 0.0, 0.0, 0.0, 0.0, 0.0, 0.0, 0.0, 0.0, 0.0, 0.0, 0.0, 0.0, 0.0, 0.0, 0.0, 0.0, 0.0, 0.0, 0.0, 0.0, 0.0], "coordinates": [["-7.05630", "-1.36270", "-1.16550"], ["-6.43420", "-1.63220", "0.51420"], ["-4.77730", "-2.25870", "0.11520"], ["-3.63030", "-0.97210", "-0.47060"], ["-2.35760", "-1.64680", "-0.89820"], ["-3.30260", "-0.21560", "1.16150"], ["-2.19380", "0.84560", "1.09620"], ["-2.58700", "2.04650", "0.20810"], ["-1.91650", "3.24060", "0.60800"], ["-0.91530", "0.25280", "0.67880"], ["0.28260", "0.89550", "0.83250"], ["0.39690", "1.98610", "1.37930"], ["1.42840", "0.16160", "0.24380"], ["2.65030", "0.71900", "0.26080"], ["3.88250", "0.13530", "-0.26560"], ["5.11120", "0.50790", "0.16280"], ["5.39410", "1.48870", "1.27320"], ["6.24510", "-0.03300", "-0.40210"], ["6.25190", "-0.97320", "-1.38700"], ["7.29540", "-1.40260", "-1.86630"], ["5.03030", "-1.39380", "-1.80360"], ["3.83940", "-0.86390", "-1.39760"], ["2.79790", "-1.19450", "-1.95900"], ["-8.09600", "-1.02880", "-1.11040"], ["-6.47510", "-0.59080", "-1.67570"], ["-7.02250", "-2.29230", "-1.73950"], ["-4.85610", "-3.02000", "-0.66670"], ["-4.34740", "-2.73870", "0.99890"], ["-4.23150", "0.23000", "1.52950"], ["-3.00400", "-1.01650", "1.84670"], ["-2.03250", "1.21980", "2.11600"], ["-3.65840", "2.25510", "0.28920"], ["-2.35120", "1.86360", "-0.84540"], ["-0.99610", "2.99950", "0.85320"], ["-0.96340", "-0.54190", "0.03830"], ["1.23580", "-0.81890", "-0.17340"], ["2.74730", "1.70560", "0.71230"], ["5.69920", "2.45320", "0.85420"], ["6.20690", "1.12100", "1.91050"], ["4.54010", "1.65250", "1.93550"], ["7.16370", "0.26180", "-0.08910"], ["5.00630", "-2.04490", "-2.57200"]], "bond_dist": [[0.0, 1.8113615735131405, 2.76348502619428, 3.5175176431682615, 4.714864132718992, 4.563006804728654, 5.799636370497724, 5.78654163468993, 7.124129222578715, 6.612349335901726, 7.934161861847792, 8.558075643507715, 8.73497287173807, 10.02925172383264, 11.077507366280557, 12.381905406681154, 13.003468760680743, 13.389478093264131, 13.315741051101886, 14.368855401179317, 12.10347216215248, 10.909580667468388, 9.887527048256304, 1.0933898252681884, 1.0926697076427077, 1.0930574550315277, 2.799343631996616, 3.730434635535114, 4.216540445673444, 5.06106101227796, 6.5326958401566495, 5.172074374948605, 5.713968997990801, 7.734983036180493, 6.264684947385623, 8.368924856873791, 10.442756852957938, 13.46636777865509, 13.839906644555086, 12.376757450964286, 14.352910409042481, 12.163468167015525], [1.8113615735131405, 0.0, 1.815770046013536, 3.0442434626685166, 4.314366057719256, 3.4975236110711245, 4.945625238531524, 5.3317425613020735, 6.645494080202013, 5.834258767829894, 7.183730536427435, 7.778458723294737, 8.069158156833957, 9.387251634530738, 10.496020349637284, 11.747330383112583, 12.256621830667696, 12.812560041615415, 12.844686669981481, 13.936334258692275, 11.698879931429333, 10.4781735569707, 9.567652268973825, 2.401040599406849, 2.425252312647078, 2.4209486962759046, 2.4105835932404416, 2.4112259495949355, 3.0578603990372093, 3.7310742126095535, 5.484034110944242, 4.781923455054462, 5.544368205665998, 7.151258455684566, 5.598650510614142, 7.743587711778049, 9.771391646024634, 12.80724360352375, 13.012577497944056, 11.543162836501962, 13.742419412170477, 11.856643369014689], [2.76348502619428, 1.815770046013536, 0.0, 1.8204697745362324, 2.6937611735267106, 2.728322083259233, 4.156141448507257, 4.831230851449763, 6.2184667700326255, 4.641155159009446, 6.005504553324393, 6.810919283767794, 6.662214537224091, 8.00357035391081, 8.992684842692976, 10.268338403558777, 10.901437919834246, 11.256759815328744, 11.205015293608483, 12.264148349967071, 10.030895434107565, 8.858981305432357, 7.925811145870182, 3.7454664676112106, 2.9785462997912253, 2.9123811718248693, 1.0941456667190157, 1.0936817178685945, 2.9140641413668305, 2.772317799243081, 4.861799042535592, 4.6536656143302775, 4.878736604900904, 6.518495584105278, 4.183198424650688, 6.189804973502801, 8.525949100246846, 11.51108921258106, 11.631772170224107, 10.267663818512952, 12.205824009054039, 10.148181277450654], [3.5175176431682615, 3.0442434626685166, 1.8204697745362324, 0.0, 1.5026067815632937, 1.828504840026408, 2.796860343313552, 3.2651270327507937, 4.674112716869375, 3.192604793894791, 4.527337603934568, 5.328359699757515, 5.2331719578091445, 6.545280859520086, 7.596744276333119, 8.888499187714427, 9.515049681425737, 9.920187811730178, 9.924599085605424, 11.022895682623508, 8.772725474446354, 7.527778844386968, 6.602011175391936, 4.511655507682296, 3.112963658637858, 3.854874328690885, 2.3947724860620894, 2.4071847083263056, 2.409748090568805, 2.4008545020471357, 3.748051495110493, 3.3155550802241245, 3.133331508155497, 4.946217002922536, 2.7488919331250545, 4.8775739143553745, 7.017343618492685, 10.026332598712253, 10.33543461398697, 8.912534910450562, 10.870992938089879, 8.953079992940978], [4.714864132718992, 4.314366057719256, 2.6937611735267106, 1.5026067815632937, 0.0, 2.6802467293142995, 3.1963290756741554, 3.8622517965559933, 5.13321404287801, 2.859307337450803, 4.053303321983194, 5.096296587719361, 4.348364124587544, 5.658564575049047, 6.520345940209001, 7.845471721317973, 8.639166111379037, 8.766807454256083, 8.64963309337454, 9.704496908650135, 7.447471018406182, 6.266190371350044, 5.282901871131055, 5.775481572994585, 4.32127857236721, 4.783905094167316, 2.8603798244289163, 2.958130838891343, 3.595498121262198, 2.8895652025867142, 4.172347925329334, 4.280983883408112, 3.510802893926117, 5.148707400891995, 2.0103805361174785, 3.758094864422664, 6.3160351503138425, 9.208307770703584, 9.428688815524671, 8.15435475497602, 9.744359930749685, 7.562216160623816], [4.563006804728654, 3.4975236110711245, 2.728322083259233, 1.828504840026408, 2.6802467293142995, 0.0, 1.536179341743665, 2.5569809013756832, 3.764698381012747, 2.480241750313868, 3.767816775003795, 4.310593924275401, 4.8339232648026185, 6.092762596720801, 7.333853504809051, 8.50369827663235, 8.862827216526338, 9.67660906567998, 9.917523897626868, 11.085763205120339, 8.922846836071995, 7.614292462205532, 6.92183976338661, 5.366517251439708, 4.272614554344916, 5.154235142094314, 3.690574054263103, 2.735704554589183, 1.0940011745880345, 1.095491583719382, 2.141167303131635, 2.6442124385154835, 3.0423481408280675, 3.9688611905683975, 2.6153215041367286, 4.768962514006585, 6.363495901625144, 9.394111451861745, 9.632138433909677, 8.099186187512915, 10.5515566060179, 9.291026851215102], [5.799636370497724, 4.945625238531524, 4.156141448507257, 2.796860343313552, 3.1963290756741554, 1.536179341743665, 0.0, 1.5445027225615369, 2.459930797807125, 1.4697608138741487, 2.4909003713516924, 2.844751720273669, 3.7834870952601385, 4.917237591371806, 6.2674115087490465, 7.372130075493785, 7.617160430239078, 8.61579213189362, 8.98911364762956, 10.191944178124212, 8.100084765605851, 6.7484021019794005, 6.197848331477626, 6.574072083571948, 5.298698355256694, 6.419030658128999, 5.013832970891631, 4.1826626376029905, 2.172310645372802, 2.1649689836115433, 1.0981964168581138, 2.1870053520739265, 2.197932965310817, 2.4764530078319673, 2.1349924636869333, 4.01803441622891, 5.030054514615125, 8.05868418291721, 8.444565716482998, 6.833807233892393, 9.450320882382778, 8.582081420028596], [5.78654163468993, 5.3317425613020735, 4.831230851449763, 3.2651270327507937, 3.8622517965559933, 2.5569809013756832, 1.5445027225615369, 0.0, 1.4266622129992792, 2.496697632874273, 3.154248011808837, 3.206090580442168, 4.435939546477161, 5.403179141024292, 6.762507477260192, 7.850581207146385, 8.071154567966097, 9.094099993952124, 9.47571027997374, 10.670578987571387, 8.596851765035849, 7.235144615693594, 6.648123902274986, 6.445540577794853, 5.061756151771833, 6.503229309350855, 5.619921004782896, 5.1597007510126005, 2.7839092046975953, 3.4986951796348302, 2.1519724789132413, 1.094526897796486, 1.0949503641718195, 1.9634983626170919, 3.0601835827283304, 4.792688102724816, 5.368909287741785, 8.32129560465196, 9.004853869997003, 7.344024861749857, 9.917138318083499, 9.062379094917626], [7.124129222578715, 6.645494080202013, 6.2184667700326255, 4.674112716869375, 5.13321404287801, 3.764698381012747, 2.459930797807125, 1.4266622129992792, 0.0, 3.151882440701112, 3.222721686711405, 2.7423518191508545, 4.560837494364384, 5.228257514698373, 6.635847048418159, 7.55343760284018, 7.546954154491731, 8.851467309435199, 9.405258848112581, 10.608513955309668, 8.692037054684018, 7.34845129398025, 6.963129208193684, 7.704991574946724, 6.37775396279913, 7.886379058858381, 7.032867168516693, 6.4663827685963655, 3.9079533786881337, 4.565077693752868, 2.524114228793935, 2.026588093323357, 2.048771497751763, 0.982541810815194, 3.9421141472565204, 5.198761535212016, 4.911021678836289, 7.660254544726305, 8.49581296698556, 6.780265586243654, 9.581713306606497, 9.272220343046213], [6.612349335901726, 5.834258767829894, 4.641155159009446, 3.192604793894791, 2.859307337450803, 2.480241750313868, 1.4697608138741487, 2.496697632874273, 3.151882440701112, 0.0, 1.3680831078556595, 2.284052972240355, 2.3854710499186527, 3.620161570979947, 4.891276157609585, 6.053927176635015, 6.456724287903271, 7.2471618313654345, 7.55905824028364, 8.754054926718245, 6.650094787294389, 5.307129915500467, 4.7791756998461565, 7.510405294656207, 6.096450381164437, 7.044402085344078, 5.296366181638123, 4.564082237427367, 3.4236519639122194, 2.7088338062716213, 2.061254152209281, 3.4184193803569514, 2.641906714855769, 2.753416948084688, 1.0218130699888313, 2.549905280593771, 3.9403538990806397, 6.973100857581224, 7.279875615008817, 5.770601713859657, 8.115416958480939, 7.135297645508561], [7.934161861847792, 7.183730536427435, 6.005504553324393, 4.527337603934568, 4.053303321983194, 3.767816775003795, 2.4909003713516924, 3.154248011808837, 3.222721686711405, 1.3680831078556595, 0.0, 1.2253420298022917, 1.4825769929416819, 2.442129486738981, 3.839662440892428, 4.890205497727064, 5.1646427737066185, 6.159363251181082, 6.637074839867334, 7.857744516717249, 5.893265053431756, 4.5518853906925205, 4.299686772312606, 8.813553702111312, 7.359800555721602, 8.375066498243463, 6.632117201919761, 5.888293352067304, 4.615820410284612, 3.935236358848093, 2.666876590695565, 4.204184588002767, 3.2694752575910404, 2.4621775281242417, 2.061404472683612, 2.2044483232772776, 2.5972015978741427, 5.636173856438425, 6.0257999253211185, 4.462730582278073, 6.971402976445989, 6.523029518559609], [8.558075643507715, 7.778458723294737, 6.810919283767794, 5.328359699757515, 5.096296587719361, 4.310593924275401, 2.844751720273669, 3.206090580442168, 2.7423518191508545, 2.284052972240355, 1.2253420298022917, 0.0, 2.3837266516947784, 2.816806031660682, 4.275577622965113, 5.088179633228371, 5.023014215588087, 6.438291233704795, 7.119754011200107, 8.343051558033187, 6.559189887478484, 5.261604304772452, 5.198582907870183, 9.349736815012497, 7.949705819085383, 9.114774619265141, 7.539307807086801, 6.70647610075515, 4.952628979643033, 4.5607225666554205, 2.6517780714079375, 4.20786609815474, 3.5378453824326463, 1.801169000954658, 3.1685140192209973, 3.3140089770548298, 2.4592578982286506, 5.348672518485312, 5.898022672896401, 4.193656356927687, 7.135754430331807, 7.287544240002939], [8.73497287173807, 8.069158156833957, 6.662214537224091, 5.2331719578091445, 4.348364124587544, 4.8339232648026185, 3.7834870952601385, 4.435939546477161, 4.560837494364384, 2.3854710499186527, 1.4825769929416819, 2.3837266516947784, 0.0, 1.343139371025956, 2.5065487946577063, 3.6999325034384074, 4.3066965600097715, 4.863707933254216, 5.216649492729984, 6.428136016762558, 4.425471673166602, 3.091725280486609, 2.926920788132128, 9.693559983824313, 8.167980059965867, 9.02068816166483, 7.102572003154913, 6.507056303736737, 5.804495762768718, 4.858330760662555, 4.074647087785641, 5.500939706086589, 4.2858531006090255, 3.7819631172183583, 2.5015694553619734, 1.0828346364981127, 2.083968680186917, 4.88505387483086, 5.150961026837614, 3.8428255997377763, 5.745827054480495, 5.059519769701469], [10.02925172383264, 9.387251634530738, 8.00357035391081, 6.545280859520086, 5.658564575049047, 6.092762596720801, 4.917237591371806, 5.403179141024292, 5.228257514698373, 3.620161570979947, 2.442129486738981, 2.816806031660682, 1.343139371025956, 0.0, 1.4615469510077326, 2.47188106914552, 3.0242073821085746, 3.7319602690811164, 4.307006877171198, 5.531970262031422, 3.7934247323493846, 2.5825998102687144, 2.9344130673782107, 10.973511651700198, 9.420113239765222, 10.3262862453062, 8.437204407266663, 7.8401713112661, 7.014833706510797, 6.1235731031808545, 5.061737203767103, 6.493081353255941, 5.248694109014165, 4.34141117264882, 3.8338235157607348, 2.1341219037346484, 1.0893304411426314, 3.5574378996688054, 3.941131518992991, 2.6920970227686816, 4.549971583427748, 4.605934763975712], [11.077507366280557, 10.496020349637284, 8.992684842692976, 7.596744276333119, 6.520345940209001, 7.333853504809051, 6.2674115087490465, 6.762507477260192, 6.635847048418159, 4.891276157609585, 3.839662440892428, 4.275577622965113, 2.5065487946577063, 1.4615469510077326, 0.0, 1.353536482700042, 2.5464743391599294, 2.3725167860312393, 2.8461142932074956, 4.071272934844826, 2.453779869914985, 1.510523832979804, 2.4108771764650307, 12.064546327981008, 10.478333883781332, 11.26874651281144, 9.299458546603667, 8.808523727617473, 8.310736916784213, 7.29467866187401, 6.468027814566045, 7.852803823476046, 6.494782877048316, 5.7668096067062935, 4.902417960557831, 2.8149634757843662, 2.1704399415786653, 3.150716004339331, 3.333144320307778, 2.7530301142559264, 3.2883777064078274, 3.36685007685225], [12.381905406681154, 11.747330383112583, 10.268338403558777, 8.888499187714427, 7.845471721317973, 8.50369827663235, 7.372130075493785, 7.850581207146385, 7.55343760284018, 6.053927176635015, 4.890205497727064, 5.088179633228371, 3.6999325034384074, 2.47188106914552, 1.353536482700042, 0.0, 1.5083067360454239, 1.3774665259090688, 2.4283191182379635, 3.5409019613652113, 2.7367383250870003, 2.4360128571089277, 3.570932355842099, 13.357118587854194, 11.78259613285629, 12.597084623832613, 10.605716286512665, 10.035167598500784, 9.446223615286694, 8.427086424737794, 7.440043114122392, 8.942850158646293, 7.651261561990937, 6.632031062201082, 6.16590183590365, 4.110006549873126, 2.7063737269638133, 2.1466182823222204, 2.151953854059143, 2.1860305716069024, 2.0824925137920665, 3.742582382526803], [13.003468760680743, 12.256621830667696, 10.901437919834246, 9.515049681425737, 8.639166111379037, 8.862827216526338, 7.617160430239078, 8.071154567966097, 7.546954154491731, 6.456724287903271, 5.1646427737066185, 5.023014215588087, 4.3066965600097715, 3.0242073821085746, 2.5464743391599294, 1.5083067360454239, 0.0, 2.4179334109937765, 3.724706228684351, 4.672367454513825, 4.231767353009851, 3.883940201650895, 4.938312821197134, 13.928465573062958, 12.405572945253274, 13.324574208956921, 11.36477838499282, 10.622757339787066, 9.710931507327192, 8.782540230480018, 7.479104666335404, 9.138018450955327, 8.038575001827128, 6.579785154547221, 6.787202709511481, 4.970827718800964, 2.7142595049110536, 1.0949462361230347, 1.0963568853252121, 1.0930634611037, 2.548063786485731, 5.2366287666780424], [13.389478093264131, 12.812560041615415, 11.256759815328744, 9.920187811730178, 8.766807454256083, 9.67660906567998, 8.61579213189362, 9.094099993952124, 8.851467309435199, 7.2471618313654345, 6.159363251181082, 6.438291233704795, 4.863707933254216, 3.7319602690811164, 2.3725167860312393, 1.3774665259090688, 2.4179334109937765, 0.0, 1.361635153042106, 2.2633638439278827, 2.300373432727825, 2.7329119177170713, 3.9567926026012534, 14.39306971219135, 12.79596365421534, 13.524876524759847, 11.499079250096504, 11.022008425872302, 10.656425062843542, 9.569233224245295, 8.742367940666878, 10.18786579956764, 8.814191973175987, 7.950271176507126, 7.239848314709363, 5.075729404725984, 4.061923455704206, 2.838571284995323, 2.584819916357811, 3.34847861125019, 1.0142494762138163, 3.2079328328379946], [13.315741051101886, 12.844686669981481, 11.205015293608483, 9.924599085605424, 8.64963309337454, 9.917523897626868, 8.98911364762956, 9.47571027997374, 9.405258848112581, 7.55905824028364, 6.637074839867334, 7.119754011200107, 5.216649492729984, 4.307006877171198, 2.8461142932074956, 2.4283191182379635, 3.724706228684351, 1.361635153042106, 0.0, 1.2259710844877214, 1.3574853516705065, 2.4149979503096892, 3.5080298872729125, 14.350673619381078, 12.736016113761792, 13.344436159688426, 11.3179