{"total energy": -36.60653544, "HOMO-LUMO gap/eV": 4.70747132, "electronic energy": -37.04498706, "dipole": [0.17252664, 0.26598044, -0.81531797], "partial charges": [-0.10054366, -0.05215042, -0.05859028, -0.05924276, -0.05254931, -0.08692354, 0.35474485, -0.41004811, -0.26868898, 0.08150359, -0.11095566, 0.03260075, 0.03252256, 0.03263185, 0.0306411, 0.03059749, 0.03055603, 0.03081394, 0.03395559, 0.03698929, 0.04094554, 0.04357287, 0.06172608, 0.06382377, 0.05191407, 0.05506659, 0.04785864, 0.05032542, 0.0569027], "atomic dipole moments": [[-0.09379636, -0.0389955, 0.01430049], [0.04366023, 0.01078818, -0.10351227], [-0.05325089, -0.01418956, 0.09849996], [0.03823171, 0.0108247, -0.10988738], [-0.07787066, -0.02763036, 0.10237074], [0.01953774, 0.11844705, 0.01719483], [-0.05654628, 0.12243355, -0.0867724], [0.06872767, 0.00246487, -0.16564164], [-0.10447227, 0.0250092, 0.19897533], [0.09499192, -0.22325214, -0.06681087], [0.11973041, 0.05281624, 0.02063888], [0.07621984, -0.08296838, -0.05607456], [-0.00399422, 0.10410731, -0.0707065], [0.05140073, 0.03059085, 0.10957094], [0.01060024, -0.09741282, 0.07569567], [-0.06720086, 0.08402899, 0.06159755], [-0.00713701, 0.098805, -0.07476679], [0.07032115, -0.08189545, -0.06038645], [-0.06950105, 0.08489938, 0.06320748], [0.00795656, -0.09944543, 0.07553924], [0.06961304, -0.07988353, -0.06014631], [-0.0059183, 0.10202594, -0.07596664], [-0.04409453, -0.05221574, -0.10824597], [0.00234432, -0.10047562, 0.07911136], [0.01850181, 0.09996891, -0.06855596], [0.0179751, 0.04269762, 0.12157033], [-0.0871975, 0.09052057, 0.02751736], [-0.01672492, -0.03955163, -0.12048939], [-0.02740285, -0.10642924, 0.0702203]], "atomic quadrupole moments": [[0.17688001, 0.12766685, -0.07531971, -0.04230367, -0.01599229, -0.1015603], [0.12680548, 0.16166657, -0.16498925, 0.06826895, 0.05069047, 0.03818378], [0.12727005, 0.16362766, -0.17043368, 0.0678713, 0.0525786, 0.04316363], [0.11571003, 0.16161601, -0.17566574, 0.07373747, 0.05565348, 0.05995571], [0.13940139, 0.17509992, -0.16057346, 0.05672049, 0.04378232, 0.02117206], [0.1603201, -0.04126762, -0.02982187, -0.1254026, 0.05460794, -0.13049823], [0.11525625, 0.31342791, 0.09938802, 0.2691252, 0.04443082, -0.21464427], [0.06221724, 0.1423483, 0.00318729, 0.07183323, 0.06056735, -0.06540454], [0.00664224, -0.07167751, 0.02166846, -0.02429394, 0.00699832, -0.0283107], [0.21645819, -0.26695751, 0.09285066, -0.07299396, 0.11888516, -0.30930885], [0.22389459, 0.10938646, -0.09117927, 0.05372753, 0.02362656, -0.13271532], [-0.00258067, -0.037777, 0.02727814, -0.03431096, 0.04197888, -0.02469747], [-0.02546198, -0.01249066, 0.03390906, 0.00821921, -0.06227056, -0.00844708], [-0.01674666, 0.0191005, -0.0446664, 0.03595881, 0.02449105, 0.06141306], [-0.02282639, -0.00152618, 0.03477606, 0.01285293, -0.03775855, -0.01194967], [0.00777146, -0.03260861, 0.01460591, -0.01296325, 0.0297814, -0.02237737], [-0.0242682, -0.00607901, 0.03405371, 0.01244236, -0.03780435, -0.00978551], [0.0023308, -0.03377181, 0.01810497, -0.01427621, 0.02961274, -0.02043576], [0.00619379, -0.03241801, 0.01550014, -0.01453422, 0.0261692, -0.02169393], [-0.02411759, -0.00486859, 0.03452488, 0.01167982, -0.03693493, -0.01040729], [0.01089405, -0.03238138, 0.01147975, -0.01111856, 0.03525518, -0.02237381], [-0.02323972, -0.0080645, 0.03317588, 0.0171483, -0.0337599, -0.00993616], [-0.01841724, 0.00568454, -0.03323126, 0.0264384, 0.02321305, 0.0516485], [-0.01959498, -0.01528885, 0.00894106, 0.00590133, -0.05170256, 0.01065392], [-0.0120779, 0.00461075, 0.01221647, -0.01099917, -0.04785962, -0.00013856], [-0.0065374, -0.01222989, -0.02908519, 0.00754446, 0.0050445, 0.03562259], [0.01454975, -0.05700208, 0.03078942, -0.01724872, 0.02541832, -0.04533917], [-0.03583238, 0.01222343, -0.04039015, 0.00064058, 0.02517426, 0.07622254], [-0.03476847, 0.01358897, 0.02609866, 0.00268856, -0.05976288, 0.00866981]], "number of molecular orbitals": 62, "number of electrons": 66, "number of unpaired electrons": 0, "orbital energies/eV": [-20.02246328, -19.27607478, -18.28572979, -17.28734015, -16.97281774, -16.81284671, -16.56985984, -16.20227572, -16.02999627, -15.62189187, -15.46575034, -15.16583159, -15.05824659, -14.87869851, -14.26164396, -13.99044459, -13.87250167, -13.74121101, -13.50185568, -13.426517, -13.21827943, -12.88365168, -12.86928975, -12.7963821, -12.44549736, -12.24509149, -12.17473287, -12.05361415, -11.86696085, -11.7683706, -11.5926452, -11.47600674, -11.14820928, -6.44073796, 0.0519626, 1.46605694, 2.64106454, 2.73268979, 2.96069483, 3.12195723, 3.37318248, 3.60662663, 3.74298946, 3.84599733, 4.04331334, 4.27144955, 4.4288109, 4.60645514, 4.80642058, 4.82593894, 4.98204583, 5.53096403, 6.05441883, 6.32420513, 6.40072083, 6.53185869, 7.00235648, 7.24569944, 7.50922857, 7.56373838, 8.34429916, 16.13046707], "fractional occupation": [2.0, 2.0, 2.0, 2.0, 2.0, 2.0, 2.0, 2.0, 2.0, 2.0, 2.0, 2.0, 2.0, 2.0, 2.0, 2.0, 2.0, 2.0, 2.0, 2.0, 2.0, 2.0, 2.0, 2.0, 2.0, 2.0, 2.0, 2.0, 2.0, 2.0, 2.0, 2.0, 2.0, 0.0, 0.0, 0.0, 0.0, 0.0, 0.0, 0.0, 0.0, 0.0, 0.0, 0.0, 0.0, 0.0, 0.0, 0.0, 0.0, 0.0, 0.0, 0.0, 0.0, 0.0, 0.0, 0.0, 0.0, 0.0, 0.0, 0.0, 0.0, 0.0], "program call": "xtb /home/svss/Project-DBcg-Debug/aqme2_20220329/End-to-End-workflows-final/example-3/QDESCP/mol_915_rdkit_conf_12/mol_915_rdkit_conf_12.xyz --pop --wbo --acc 0.2 --gfn 2 --chrg 0 --uhf 0 --etemp 300 --input /home/svss/Project-DBcg-Debug/aqme2_20220329/End-to-End-workflows-final/example-3/QDESCP/mol_915_rdkit_conf_12/mol_915_rdkit_conf_12_xtb.inp", "method": "GFN2-xTB", "xtb version": "6.3.3 (7355c4f)", "Dipole module/D": 2.223, "Total charge": 0, "Transition dipole module/D": NaN, "HOMO": -11.1482, "LUMO": -6.4407, "HOMO occupancy": 2.0, "LUMO occupancy": 0, "mulliken charges": [-0.0836, -0.03808, -0.04669, -0.04945, -0.03533, -0.07726, 0.57439, -0.53068, -0.42136, 0.20454, -0.09818, 0.02655, 0.02671, 0.02908, 0.02354, 0.02438, 0.02323, 0.02213, 0.03351, 0.02809, 0.02888, 0.03409, 0.05249, 0.05034, 0.03094, 0.04363, 0.03424, 0.03888, 0.05099], "cm5 charges": [-0.23392, -0.15059, -0.15735, -0.15935, -0.14366, -0.17585, 0.62347, -0.58094, -0.50513, 0.12191, -0.24469, 0.07784, 0.07799, 0.07986, 0.07824, 0.07908, 0.0786, 0.07747, 0.09091, 0.08376, 0.08393, 0.09196, 0.11088, 0.10899, 0.09352, 0.10952, 0.08548, 0.09219, 0.1059], "FUKUI+": [0.007, 0.002, 0.005, 0.007, 0.008, 0.021, -0.185, -0.276, -0.123, 0.03, 0.019, -0.01, -0.008, -0.016, -0.009, -0.003, -0.011, -0.018, 0.011, -0.019, -0.06, -0.03, -0.089, -0.07, -0.066, -0.032, -0.05, -0.031, -0.006], "FUKUI-": [0.019, 0.008, 0.014, 0.013, 0.01, -0.002, -0.011, -0.109, -0.045, 0.012, 0.011, -0.062, -0.061, -0.043, -0.078, -0.075, -0.059, -0.062, -0.043, -0.043, -0.065, -0.04, -0.048, -0.037, -0.058, -0.027, -0.039, -0.036, -0.043], "FUKUIrad": [0.013, 0.005, 0.009, 0.01, 0.009, 0.009, -0.098, -0.192, -0.084, 0.021, 0.015, -0.036, -0.034, -0.029, -0.043, -0.039, -0.035, -0.04, -0.016, -0.031, -0.063, -0.035, -0.068, -0.053, -0.062, -0.029, -0.045, -0.034, -0.024], "s proportion": [1.008, 1.027, 1.032, 1.034, 1.031, 1.039, 0.989, 1.731, 1.698, 0.993, 1.012, 0.973, 0.973, 0.971, 0.976, 0.976, 0.977, 0.978, 0.966, 0.972, 0.971, 0.966, 0.948, 0.95, 0.969, 0.956, 0.966, 0.961, 0.949], "p proportion": [3.076, 3.011, 3.014, 3.016, 3.004, 3.038, 2.436, 4.8, 4.723, 2.803, 3.086, 0.0, 0.0, 0.0, 0.0, 0.0, 0.0, 0.0, 0.0, 0.0, 0.0, 0.0, 0.0, 0.0, 0.0, 0.0, 0.0, 0.0, 0.0], "d proportion": [0.0, 0.0, 0.0, 0.0, 0.0, 0.0, 0.0, 0.0, 0.0, 0.0, 0.0, 0.0, 0.0, 0.0, 0.0, 0.0, 0.0, 0.0, 0.0, 0.0, 0.0, 0.0, 0.0, 0.0, 0.0, 0.0, 0.0, 0.0, 0.0], "Fermi-level/eV": -8.7945, "Coordination numbers": [3.75, 3.8, 3.802, 3.801, 3.802, 3.802, 2.713, 0.856, 1.702, 3.695, 3.748, 0.924, 0.924, 0.924, 0.924, 0.924, 0.924, 0.924, 0.924, 0.924, 0.924, 0.924, 0.924, 0.924, 0.924, 0.924, 0.924, 0.924, 0.924], "Dispersion coefficient C6": [22.484, 21.511, 21.627, 21.64, 21.516, 22.156, 20.977, 21.883, 18.456, 19.387, 22.689, 2.55, 2.551, 2.549, 2.577, 2.578, 2.579, 2.575, 2.531, 2.489, 2.436, 2.402, 2.179, 2.155, 2.296, 2.258, 2.347, 2.316, 2.236], "Total dispersion C6": 6173.791349, "Total dispersion C8": 130753.480579, "Polarizability alpha": [6.762, 6.603, 6.621, 6.623, 6.604, 6.701, 7.497, 6.272, 5.8, 6.299, 6.794, 2.497, 2.498, 2.497, 2.511, 2.511, 2.511, 2.509, 2.488, 2.467, 2.441, 2.424, 2.308, 2.296, 2.37, 2.35, 2.396, 2.38, 2.338], "Total polarizability alpha": 116.369335, "Wiberg matrix": [[0.0, 1.0201614342561705, 0.0, 0.0, 0.0, 0.0, 0.0, 0.0, 0.0, 0.0, 0.0, 0.9876707418992048, 0.9876806000222407, 0.9872884455977665, 0.0, 0.0, 0.0, 0.0, 0.0, 0.0, 0.0, 0.0, 0.0, 0.0, 0.0, 0.0, 0.0, 0.0, 0.0], [1.0201614342561705, 0.0, 1.0077123357278532, 0.0, 0.0, 0.0, 0.0, 0.0, 0.0, 0.0, 0.0, 0.0, 0.0, 0.0, 0.9779328277141706, 0.9779263803234862, 0.0, 0.0, 0.0, 0.0, 0.0, 0.0, 0.0, 0.0, 0.0, 0.0, 0.0, 0.0, 0.0], [0.0, 1.0077123357278532, 0.0, 1.0070243519540152, 0.0, 0.0, 0.0, 0.0, 0.0, 0.0, 0.0, 0.0, 0.0, 0.0, 0.0, 0.0, 0.9771708516161628, 0.9769721565917803, 0.0, 0.0, 0.0, 0.0, 0.0, 0.0, 0.0, 0.0, 0.0, 0.0, 0.0], [0.0, 0.0, 1.0070243519540152, 0.0, 1.0073741808997265, 0.0, 0.0, 0.0, 0.0, 0.0, 0.0, 0.0, 0.0, 0.0, 0.0, 0.0, 0.0, 0.0, 0.9767325249653265, 0.9764749618990227, 0.0, 0.0, 0.0, 0.0, 0.0, 0.0, 0.0, 0.0, 0.0], [0.0, 0.0, 0.0, 1.0073741808997265, 0.0, 0.9872159546781326, 0.0, 0.0, 0.0, 0.0, 0.0, 0.0, 0.0, 0.0, 0.0, 0.0, 0.0, 0.0, 0.0, 0.0, 0.9749298806474372, 0.9759193936457558, 0.0, 0.0, 0.0, 0.0, 0.0, 0.0, 0.0], [0.0, 0.0, 0.0, 0.0, 0.9872159546781326, 0.0, 0.9780694447365705, 0.0, 0.0, 0.0, 0.0, 0.0, 0.0, 0.0, 0.0, 0.0, 0.0, 0.0, 0.0, 0.0, 0.0, 0.0, 0.9588827035590805, 0.9721066070486102, 0.0, 0.0, 0.0, 0.0, 0.0], [0.0, 0.0, 0.0, 0.0, 0.0, 0.9780694447365705, 0.0, 1.756184107703045, 1.1229045177479424, 0.0, 0.0, 0.0, 0.0, 0.0, 0.0, 0.0, 0.0, 0.0, 0.0, 0.0, 0.0, 0.0, 0.0, 0.0, 0.0, 0.0, 0.0, 0.0, 0.0], [0.0, 0.0, 0.0, 0.0, 0.0, 0.0, 1.756184107703045, 0.0, 0.1715662905067487, 0.0, 0.0, 0.0, 0.0, 0.0, 0.0, 0.0, 0.0, 0.0, 0.0, 0.0, 0.0, 0.0, 0.0, 0.0, 0.0, 0.0, 0.0, 0.0, 0.0], [0.0, 0.0, 0.0, 0.0, 0.0, 0.0, 1.1229045177479424, 0.1715662905067487, 0.0, 0.9429439777267166, 0.0, 0.0, 0.0, 0.0, 0.0, 0.0, 0.0, 0.0, 0.0, 0.0, 0.0, 0.0, 0.0, 0.0, 0.0, 0.0, 0.0, 0.0, 0.0], [0.0, 0.0, 0.0, 0.0, 0.0, 0.0, 0.0, 0.0, 0.9429439777267166, 0.0, 1.0146316330086582, 0.0, 0.0, 0.0, 0.0, 0.0, 0.0, 0.0, 0.0, 0.0, 0.0, 0.0, 0.0, 0.0, 0.9717218205182796, 0.9692082803070852, 0.0, 0.0, 0.0], [0.0, 0.0, 0.0, 0.0, 0.0, 0.0, 0.0, 0.0, 0.0, 1.0146316330086582, 0.0, 0.0, 0.0, 0.0, 0.0, 0.0, 0.0, 0.0, 0.0, 0.0, 0.0, 0.0, 0.0, 0.0, 0.0, 0.0, 0.9837167801655302, 0.9857743123586957, 0.9846533129074726], [0.9876707418992048, 0.0, 0.0, 0.0, 0.0, 0.0, 0.0, 0.0, 0.0, 0.0, 0.0, 0.0, 0.0, 0.0, 0.0, 0.0, 0.0, 0.0, 0.0, 0.0, 0.0, 0.0, 0.0, 0.0, 0.0, 0.0, 0.0, 0.0, 0.0], [0.9876806000222407, 0.0, 0.0, 0.0, 0.0, 0.0, 0.0, 0.0, 0.0, 0.0, 0.0, 0.0, 0.0, 0.0, 0.0, 0.0, 0.0, 0.0, 0.0, 0.0, 0.0, 0.0, 0.0, 0.0, 0.0, 0.0, 0.0, 0.0, 0.0], [0.9872884455977665, 0.0, 0.0, 0.0, 0.0, 0.0, 0.0, 0.0, 0.0, 0.0, 0.0, 0.0, 0.0, 0.0, 0.0, 0.0, 0.0, 0.0, 0.0, 0.0, 0.0, 0.0, 0.0, 0.0, 0.0, 0.0, 0.0, 0.0, 0.0], [0.0, 0.9779328277141706, 0.0, 0.0, 0.0, 0.0, 0.0, 0.0, 0.0, 0.0, 0.0, 0.0, 0.0, 0.0, 0.0, 0.0, 0.0, 0.0, 0.0, 0.0, 0.0, 0.0, 0.0, 0.0, 0.0, 0.0, 0.0, 0.0, 0.0], [0.0, 0.9779263803234862, 0.0, 0.0, 0.0, 0.0, 0.0, 0.0, 0.0, 0.0, 0.0, 0.0, 0.0, 0.0, 0.0, 0.0, 0.0, 0.0, 0.0, 0.0, 0.0, 0.0, 0.0, 0.0, 0.0, 0.0, 0.0, 0.0, 0.0], [0.0, 0.0, 0.9771708516161628, 0.0, 0.0, 0.0, 0.0, 0.0, 0.0, 0.0, 0.0, 0.0, 0.0, 0.0, 0.0, 0.0, 0.0, 0.0, 0.0, 0.0, 0.0, 0.0, 0.0, 0.0, 0.0, 0.0, 0.0, 0.0, 0.0], [0.0, 0.0, 0.9769721565917803, 0.0, 0.0, 0.0, 0.0, 0.0, 0.0, 0.0, 0.0, 0.0, 0.0, 0.0, 0.0, 0.0, 0.0, 0.0, 0.0, 0.0, 0.0, 0.0, 0.0, 0.0, 0.0, 0.0, 0.0, 0.0, 0.0], [0.0, 0.0, 0.0, 0.9767325249653265, 0.0, 0.0, 0.0, 0.0, 0.0, 0.0, 0.0, 0.0, 0.0, 0.0, 0.0, 0.0, 0.0, 0.0, 0.0, 0.0, 0.0, 0.0, 0.0, 0.0, 0.0, 0.0, 0.0, 0.0, 0.0], [0.0, 0.0, 0.0, 0.9764749618990227, 0.0, 0.0, 0.0, 0.0, 0.0, 0.0, 0.0, 0.0, 0.0, 0.0, 0.0, 0.0, 0.0, 0.0, 0.0, 0.0, 0.0, 0.0, 0.0, 0.0, 0.0, 0.0, 0.0, 0.0, 0.0], [0.0, 0.0, 0.0, 0.0, 0.9749298806474372, 0.0, 0.0, 0.0, 0.0, 0.0, 0.0, 0.0, 0.0, 0.0, 0.0, 0.0, 0.0, 0.0, 0.0, 0.0, 0.0, 0.0, 0.0, 0.0, 0.0, 0.0, 0.0, 0.0, 0.0], [0.0, 0.0, 0.0, 0.0, 0.9759193936457558, 0.0, 0.0, 0.0, 0.0, 0.0, 0.0, 0.0, 0.0, 0.0, 0.0, 0.0, 0.0, 0.0, 0.0, 0.0, 0.0, 0.0, 0.0, 0.0, 0.0, 0.0, 0.0, 0.0, 0.0], [0.0, 0.0, 0.0, 0.0, 0.0, 0.9588827035590805, 0.0, 0.0, 0.0, 0.0, 0.0, 0.0, 0.0, 0.0, 0.0, 0.0, 0.0, 0.0, 0.0, 0.0, 0.0, 0.0, 0.0, 0.0, 0.0, 0.0, 0.0, 0.0, 0.0], [0.0, 0.0, 0.0, 0.0, 0.0, 0.9721066070486102, 0.0, 0.0, 0.0, 0.0, 0.0, 0.0, 0.0, 0.0, 0.0, 0.0, 0.0, 0.0, 0.0, 0.0, 0.0, 0.0, 0.0, 0.0, 0.0, 0.0, 0.0, 0.0, 0.0], [0.0, 0.0, 0.0, 0.0, 0.0, 0.0, 0.0, 0.0, 0.0, 0.9717218205182796, 0.0, 0.0, 0.0, 0.0, 0.0, 0.0, 0.0, 0.0, 0.0, 0.0, 0.0, 0.0, 0.0, 0.0, 0.0, 0.0, 0.0, 0.0, 0.0], [0.0, 0.0, 0.0, 0.0, 0.0, 0.0, 0.0, 0.0, 0.0, 0.9692082803070852, 0.0, 0.0, 0.0, 0.0, 0.0, 0.0, 0.0, 0.0, 0.0, 0.0, 0.0, 0.0, 0.0, 0.0, 0.0, 0.0, 0.0, 0.0, 0.0], [0.0, 0.0, 0.0, 0.0, 0.0, 0.0, 0.0, 0.0, 0.0, 0.0, 0.9837167801655302, 0.0, 0.0, 0.0, 0.0, 0.0, 0.0, 0.0, 0.0, 0.0, 0.0, 0.0, 0.0, 0.0, 0.0, 0.0, 0.0, 0.0, 0.0], [0.0, 0.0, 0.0, 0.0, 0.0, 0.0, 0.0, 0.0, 0.0, 0.0, 0.9857743123586957, 0.0, 0.0, 0.0, 0.0, 0.0, 0.0, 0.0, 0.0, 0.0, 0.0, 0.0, 0.0, 0.0, 0.0, 0.0, 0.0, 0.0, 0.0], [0.0, 0.0, 0.0, 0.0, 0.0, 0.0, 0.0, 0.0, 0.0, 0.0, 0.9846533129074726, 0.0, 0.0, 0.0, 0.0, 0.0, 0.0, 0.0, 0.0, 0.0, 0.0, 0.0, 0.0, 0.0, 0.0, 0.0, 0.0, 0.0, 0.0]], "Born radii": [], "Atomic SASAs": [], "Solvent H bonds": [], "Total SASA": NaN, "Total FOD": 0.0, "FOD": [0.0, 0.0, 0.0, 0.0, 0.0, 0.0, 0.0, 0.0, 0.0, 0.0, 0.0, 0.0, 0.0, 0.0, 0.0, 0.0, 0.0, 0.0, 0.0, 0.0, 0.0, 0.0, 0.0, 0.0, 0.0, 0.0, 0.0, 0.0, 0.0], "FOD s proportion": [0.0, 0.0, 0.0, 0.0, 0.0, 0.0, 0.0, 0.0, 0.0, 0.0, 0.0, 0.0, 0.0, 0.0, 0.0, 0.0, 0.0, 0.0, 0.0, 0.0, 0.0, 0.0, 0.0, 0.0, 0.0, 0.0, 0.0, 0.0, 0.0], "FOD p proportion": [0.0, 0.0, 0.0, 0.0, 0.0, 0.0, 0.0, 0.0, 0.0, 0.0, 0.0, 0.0, 0.0, 0.0, 0.0, 0.0, 0.0, 0.0, 0.0, 0.0, 0.0, 0.0, 0.0, 0.0, 0.0, 0.0, 0.0, 0.0, 0.0], "FOD d proportion": [0.0, 0.0, 0.0, 0.0, 0.0, 0.0, 0.0, 0.0, 0.0, 0.0, 0.0, 0.0, 0.0, 0.0, 0.0, 0.0, 0.0, 0.0, 0.0, 0.0, 0.0, 0.0, 0.0, 0.0, 0.0, 0.0, 0.0, 0.0, 0.0], "coordinates": [["4.48040", "0.90780", "1.28900"], ["3.09260", "0.33050", "1.51730"], ["2.42410", "-0.05890", "0.19910"], ["1.02800", "-0.63930", "0.43340"], ["0.35950", "-1.02820", "-0.88840"], ["-1.01510", "-1.65820", "-0.68360"], ["-2.02900", "-0.67410", "-0.15660"], ["-2.49290", "-0.70970", "0.97470"], ["-2.34780", "0.23860", "-1.11500"], ["-3.29990", "1.24070", "-0.73000"], ["-4.71220", "0.73750", "-0.96180"], ["5.13130", "0.18030", "0.79360"], ["4.43360", "1.80720", "0.66660"], ["4.93990", "1.17940", "2.24450"], ["3.17110", "-0.54760", "2.16890"], ["2.47740", "1.07040", "2.04260"], ["2.35140", "0.82200", "-0.45030"], ["3.04560", "-0.79580", "-0.32410"], ["0.41250", "0.09930", "0.96030"], ["1.10140", "-1.52130", "1.08120"], ["0.99700", "-1.74930", "-1.41450"], ["0.27850", "-0.14410", "-1.53210"], ["-1.39550", "-2.06270", "-1.62880"], ["-0.95470", "-2.50190", "0.01360"], ["-3.11370", "2.11710", "-1.35940"], ["-3.15070", "1.55420", "0.30970"], ["-5.44450", "1.51510", "-0.72670"], ["-4.84470", "0.43080", "-2.00450"], ["-4.92350", "-0.14000", "-0.34250"]], "bond_dist": [[0.0, 1.5203239852084163, 2.520071544619319, 3.878741487905581, 5.046878596716985, 6.377776023818961, 6.8530617485909175, 7.1653334625821845, 7.269894076257232, 8.044889775503453, 9.465674698086767, 1.094690924416568, 1.0947567583714657, 1.0944802693516222, 2.1463176978257437, 2.1462433971942705, 2.750484889978493, 2.7500901094327803, 4.16047189030283, 4.166695171235833, 5.14812278602599, 5.169241958933631, 7.201640639465427, 6.541636741672531, 8.133067309447279, 7.720786790217692, 10.145713370187432, 9.901119192293365, 9.601719236678399], [1.5203239852084163, 0.0, 1.5284553804413135, 2.5254552876659684, 3.8862956385226277, 5.06676304853503, 5.481053633198639, 5.7073847820170664, 6.044452089312976, 6.83687630281549, 8.19917610800012, 2.168547767516317, 2.1685512168265704, 2.1591591743083693, 1.0962684069150217, 1.0962951883502912, 2.159259004844023, 2.159054110021331, 2.7471145680513582, 2.7539469657202917, 4.160836290939599, 4.176511023569793, 5.980668278712672, 5.163742900261398, 7.07004258403017, 6.475687943377136, 8.906227572322639, 8.684115765004517, 8.242456278318981], [2.520071544619319, 1.5284553804413135, 0.0, 1.5299855750953995, 2.5268106181508734, 3.8942286039728073, 4.509444881579107, 5.0201578660436565, 4.958466967722988, 5.942757185852372, 7.273838014418523, 2.7820098364312087, 2.781901455839153, 3.470777677985151, 2.1626254252643937, 2.162556734515883, 1.0968092176855553, 1.096823641247762, 2.1566147639298032, 2.1601503327314977, 2.7382058962028406, 2.758244340155527, 4.684632003690365, 4.173601405261408, 6.150701349439754, 5.804542963059193, 8.077713017927785, 7.61124907554601, 7.367980288382971], [3.878741487905581, 2.5254552876659684, 1.5299855750953995, 0.0, 1.53143419708455, 2.541673429062042, 3.11360884505424, 3.562962062666399, 3.8163171527010173, 4.859898967056825, 6.065645663900917, 4.19982845959213, 4.199744736290528, 4.678751383649274, 2.759211255050979, 2.7592316122428, 2.1604885882596094, 2.1607888050431954, 1.096354787466174, 1.0967936907185418, 2.155874627616365, 2.1610561168095566, 3.485984602662496, 2.7525642753621575, 5.288246561006777, 4.721046243154159, 6.919575682077623, 6.44802882360183, 6.022596910801851], [5.046878596716985, 3.8862956385226277, 2.5268106181508734, 1.53143419708455, 0.0, 1.525899144766783, 2.523063673393916, 3.4218079461010085, 2.9975995546436818, 4.3086199797615015, 5.3707750781428185, 5.2018911455354395, 5.201519871153047, 5.972321519308886, 4.181286190874765, 4.180954839507358, 2.753695200998106, 2.754555764547162, 2.1660463845448925, 2.1616862353264867, 1.0968922782114934, 1.0966054440864317, 2.1675810042533588, 2.1708333261676263, 4.709338735958585, 4.519484197339338, 6.338843568033525, 5.518881938400204, 5.384885797303411], [6.377776023818961, 5.06676304853503, 3.8942286039728073, 2.541673429062042, 1.525899144766783, 0.0, 1.5080368098955674, 2.415264784656126, 2.357974870519192, 3.691352761522529, 4.414218179927222, 6.5833452780482355, 6.5969969599811105, 7.217185626683022, 5.185986796165219, 5.203362436924801, 4.187976024286672, 4.166804351058494, 2.7980806314329114, 2.7591362597740616, 2.1426759974387166, 2.164682891326118, 1.0962333008990377, 1.096159518500843, 4.371923797368843, 3.9833335298465777, 5.448970073325783, 4.557908947094051, 4.206764910236844], [6.8530617485909175, 5.481053633198639, 4.509444881579107, 3.11360884505424, 2.523063673393916, 1.5080368098955674, 0.0, 1.223237613875571, 1.3613174831757655, 2.3686353476210726, 3.1369609242067398, 7.273429417406895, 6.971348986387068, 7.600415164318328, 5.697805938253777, 5.309180901984787, 4.638154704190018, 5.078821940174709, 2.794017791639846, 3.4712102846125585, 3.4489191712767058, 2.738148370706014, 2.120590731376519, 2.126955892819595, 3.227088373441298, 2.537906119225059, 4.0967366158931915, 3.544531691211125, 2.9492290297635417], [7.1653334625821845, 5.7073847820170664, 5.0201578660436565, 3.562962062666399, 3.4218079461010085, 2.415264784656126, 1.223237613875571, 0.0, 2.2993853504795583, 2.7131736490685587, 3.281724025569487, 7.67810672301447, 7.3760499910182284, 7.773519581888246, 5.790793214232399, 5.3863761946228745, 5.276738801570531, 5.689400398987576, 3.0159637796233563, 3.6863300584727896, 4.355278040492938, 3.779498321206136, 3.1325880689934325, 2.5498535820709396, 3.7180927489776265, 2.4495242497268728, 4.06896050115997, 3.963248179208564, 2.8226566015015004], [7.269894076257232, 6.044452089312976, 4.958466967722988, 3.8163171527010173, 2.9975995546436818, 2.357974870519192, 1.3613174831757655, 2.2993853504795583, 0.0, 1.4348950553960385, 2.4213134472843456, 7.719008333976587, 7.184844499361137, 8.079722531126919, 6.469958798941458, 5.826223823369645, 4.781700773783319, 5.548357390255245, 3.4562307026586057, 4.4516876676155075, 3.902452267485151, 2.6866118793007674, 2.5429996893432762, 3.2748749319630512, 2.043305268431519, 2.098862039296533, 3.3719104421677626, 2.6575666877803834, 2.7155707871458628], [8.044889775503453, 6.83687630281549, 5.942757185852372, 4.859898967056825, 4.3086199797615015, 3.691352761522529, 2.3686353476210726, 2.7131736490685587, 1.4348950553960385, 0.0, 1.5170803439501812, 8.63313028744499, 7.878986994531721, 8.760463000321385, 7.312693012837336, 6.410421837913633, 5.673687819223049, 6.6766351787408595, 4.2357787725517495, 5.502774857287912, 5.279392944269255, 3.919946684586412, 3.917528858859881, 4.478834531437839, 1.0949391581270624, 1.0961382120882384, 2.1620858932984133, 2.1602535267880016, 2.1662330668697676], [9.465674698086767, 8.19917610800012, 7.273838014418523, 6.065645663900917, 5.3707750781428185, 4.414218179927222, 3.1369609242067398, 3.281724025569487, 2.4213134472843456, 1.5170803439501812, 0.0, 10.014309424518498, 9.351021457038799, 10.180307937876929, 8.578996642381906, 7.799204442121004, 7.082599625843606, 7.933544669313963, 5.510382721735397, 6.563076367070553, 6.24372294148291, 5.09995560176753, 4.3916406877156975, 5.056077903869758, 2.148623785123864, 2.173014815872179, 1.0937079409056143, 1.0949175448407062, 1.0946170243514395], [1.094690924416568, 2.168547767516317, 2.7820098364312087, 4.19982845959213, 5.2018911455354395, 6.5833452780482355, 7.273429417406895, 7.67810672301447, 7.719008333976587, 8.63313028744499, 10.014309424518498, 0.0, 1.7747444604787475, 1.7719891591090506, 2.5027330141267567, 3.065202149940523, 3.1123801358445924, 2.559720490600488, 4.722438282285965, 4.383862489859827, 5.068678157074091, 5.391083721293892, 7.314245620704845, 6.69641641775659, 8.738800160205061, 8.40911912271434, 10.767569306486958, 10.364009352562356, 10.123848988403571], [1.0947567583714657, 2.1685512168265704, 2.781901455839153, 4.199744736290528, 5.201519871153047, 6.5969969599811105, 6.971348986387068, 7.3760499910182284, 7.184844499361137, 7.878986994531721, 9.351021457038799, 1.7747444604787475, 0.0, 1.77207249851692, 3.065272350053091, 2.502592391900847, 2.5600081035027995, 3.1118546704497625, 4.378633041258425, 4.728040000888318, 5.3656210283619545, 5.08986339600583, 7.36365357550177, 6.9302618060214725, 7.820642639834657, 7.596906811327885, 9.980153651622805, 9.752748487477774, 9.610681092409632], [1.0944802693516222, 2.1591591743083693, 3.470777677985151, 4.678751383649274, 5.972321519308886, 7.217185626683022, 7.600415164318328, 7.773519581888246, 8.079722531126919, 8.760463000321385, 10.180307937876929, 1.7719891591090506, 1.77207249851692, 0.0, 2.473236300881903, 2.4731661610170876, 3.753666747328537, 3.753330985937691, 4.828367882628663, 4.8354037711446605, 6.1247061235621745, 6.143533980535958, 8.102527905536641, 7.298985796670658, 8.872871545334124, 8.327168452721489, 10.80631700858345, 10.693586868773265, 10.282025331616333], [2.1463176978257437, 1.0962684069150217, 2.1626254252643937, 2.759211255050979, 4.181286190874765, 5.185986796165219, 5.697805938253777, 5.790793214232399, 6.469958798941458, 7.312693012837336, 8.578996642381906, 2.5027330141267567, 3.065272350053091, 2.473236300881903, 0.0, 1.764963280071288, 3.067233426069819, 2.5084661628174296, 3.080433010146463, 2.5327536536347153, 4.360223533260652, 4.714588848457519, 6.129591247383466, 5.048448496320429, 7.6842851339600875, 6.916599100714165, 9.320289373726547, 9.089971603916043, 8.485034877948351], [2.1462433971942705, 1.0962951883502912, 2.162556734515883, 2.7592316122428, 4.180954839507358, 5.203362436924801, 5.309180901984787, 5.3863761946228745, 5.826223823369645, 6.410421837913633, 7.799204442121004, 3.065202149940523, 2.502592391900847, 2.4731661610170876, 1.764963280071288, 0.0, 2.508411642852903, 3.067054380020022, 2.525513910078501, 3.0878106888214507, 4.7004077121032815, 4.369056139488253, 6.188283120543209, 5.353268039244813, 6.627939657238892, 5.9086812792703585, 8.403765833839017, 8.390545571057938, 7.869376784726984], [2.750484889978493, 2.159259004844023, 1.0968092176855553, 2.1604885882596094, 2.753695200998106, 4.187976024286672, 4.638154704190018, 5.276738801570531, 4.781700773783319, 5.673687819223049, 7.082599625843606, 3.1123801358445924, 2.5600081035027995, 3.753666747328537, 3.067233426069819, 2.508411642852903, 0.0, 1.7649693821706935, 2.504280507451192, 3.0657865450810498, 3.0619707199775767, 2.529931789594336, 4.873357769546578, 4.711030845791608, 5.68955752497503, 5.602394242643051, 7.831528674530918, 7.37241007337492, 7.339021382309769], [2.7500901094327803, 2.159054110021331, 1.096823641247762, 2.1607888050431954, 2.754555764547162, 4.166804351058494, 5.078821940174709, 5.689400398987576, 5.548357390255245, 6.6766351787408595, 7.933544669313963, 2.559720490600488, 3.1118546704497625, 3.753330985937691, 2.5084661628174296, 3.067054380020022, 1.7649693821706935, 0.0, 3.06334832821865, 2.506218661649458, 2.5089632061869698, 3.0888216685331638, 4.799025620894308, 4.362020012562987, 6.891575218337241, 6.657201824340314, 8.808186168559336, 8.159970944188466, 7.996059467637794], [4.16047189030283, 2.7471145680513582, 2.1566147639298032, 1.096354787466174, 2.1660463845448925, 2.7980806314329114, 2.794017791639846, 3.0159637796233563, 3.4562307026586057, 4.2357787725517495, 5.510382721735397, 4.722438282285965, 4.378633041258425, 4.828367882628663, 3.080433010146463, 2.525513910078501, 2.504280507451192, 3.06334832821865, 0.0, 1.7650904736018491, 3.065719695275483, 2.5078391734718557, 3.827080716420807, 3.0873480804729483, 4.678312876454503, 3.903384250877692, 6.257388244307683, 6.0446739473688735, 5.497949465937277], [4.166695171235833, 2.7539469657202917, 2.1601503327314977, 1.0967936907185418, 2.1616862353264867, 2.7591362597740616, 3.4712102846125585, 3.6863300584727896, 4.4516876676155075, 5.502774857287912, 6.563076367070553, 4.383862489859827, 4.728040000888318, 4.8354037711446605, 2.5327536536347153, 3.0878106888214507, 3.0657865450810498, 2.506218661649458, 1.7650904736018491, 0.0, 2.5082667023265293, 3.066460686198341, 3.7244762813045273, 2.5157291845506737, 6.079601214717952, 5.304174479596236, 7.43888662233805, 6.9777033549728955, 6.3430537905649205], [5.14812278602599, 4.160836290939599, 2.7382058962028406, 2.155874627616365, 1.0968922782114934, 2.1426759974387166, 3.4489191712767058, 4.355278040492938, 3.902452267485151, 5.279392944269255, 6.24372294148291, 5.068678157074091, 5.3656210283619545, 6.1247061235621745, 4.360223533260652, 4.7004077121032815, 3.0619707199775767, 2.5089632061869698, 3.065719695275483, 2.5082667023265293, 0.0, 1.762594408819, 2.4224368516021215, 2.5327868564093583, 5.643575060190128, 5.575786328402479, 7.254122858761078, 6.263097867669001, 6.22827028475804], [5.169241958933631, 4.176511023569793, 2.758244340155527, 2.1610561168095566, 1.0966054440864317, 2.164682891326118, 2.738148370706014, 3.779498321206136, 2.6866118793007674, 3.919946684586412, 5.09995560176753, 5.391083721293892, 5.08986339600583, 6.143533980535958, 4.714588848457519, 4.369056139488253, 2.529931789594336, 3.0888216685331638, 2.5078391734718557, 3.066460686198341, 1.762594408819, 0.0, 2.5480684547319368, 3.0772051556566717, 4.0804254153213, 4.246865052011896, 6.012848143766812, 5.176953738445032, 5.336287939195186], [7.201640639465427, 5.980668278712672, 4.684632003690365, 3.485984602662496, 2.1675810042533588, 1.0962333008990377, 2.120590731376519, 3.1325880689934325, 2.5429996893432762, 3.917528858859881, 4.3916406877156975, 7.314245620704845, 7.36365357550177, 8.102527905536641, 6.129591247383466, 6.188283120543209, 4.873357769546578, 4.799025620894308, 3.827080716420807, 3.7244762813045273, 2.4224368516021215, 2.5480684547319368, 0.0, 1.756325436814032, 4.527197327265513, 4.463235922511827, 5.478032333785553, 4.272665839964553, 4.218782641947793], [6.541636741672531, 5.163742900261398, 4.173601405261408, 2.7525642753621575, 2.1708333261676263, 1.096159518500843, 2.126955892819595, 2.5498535820709396, 3.2748749319630512, 4.478834531437839, 5.056077903869758, 6.69641641775659, 6.9302618060214725, 7.298985796670658, 5.048448496320429, 5.353268039244813, 4.711030845791608, 4.362020012562987, 3.0873480804729483, 2.5157291845506737, 2.5327868564093583, 3.0772051556566717, 1.756325436814032, 0.0, 5.280300275552518, 4.62190852570667, 6.069813599279635, 5.2730974673335975, 4.632143376451122], [8.133067309447279, 7.07004258403017, 6.150701349439754, 5.288246561006777, 4.709338735958585, 4.371923797368843, 3.227088373441298, 3.7180927489776265, 2.043305268431519, 1.0949391581270624, 2.148623785123864, 8.738800160205061, 7.820642639834657, 8.872871545334124, 7.6842851339600875, 6.627939657238892, 5.68955752497503, 6.891575218337241, 4.678312876454503, 6.079601214717952, 5.643575060190128, 4.0804254153213, 4.527197327265513, 5.280300275552518, 0.0, 1.7618513614944933, 2.4890443808819476, 2.501224240247163, 3.0665880160204106], [7.720786790217692, 6.475687943377136, 5.804542963059193, 4.721046243154159, 4.519484197339338, 3.9833335298465777, 2.537906119225059, 2.4495242497268728, 2.098862039296533, 1.0961382120882384, 2.173014815872179, 8.40911912271434, 7.596906811327885, 8.327168452721489, 6.916599100714165, 5.9086812792703585, 5.602394242643051, 6.657201824340314, 3.903384250877692, 5.304174479596236, 5.575786328402479, 4.246865052011896, 4.463235922511827, 4.62190852570667, 1.7618513614944933, 0.0, 2.5173740703359915, 3.0801274648949186, 2.537419618431291], [10.145713370187432, 8.906227572322639, 8.077713017927785, 6.919575682077623, 6.338843568033525, 5.448970073325783, 4.0967366158931915, 4.06896050115997, 3.3719104421677626, 2.1620858932984133, 1.0937079409056143, 10.767569306486958, 9.980153651622805, 10.80631700858345, 9.320289373726547, 8.403765833839017, 7.831528674530918, 8.808186168559336, 6.257388244307683, 7.43888662233805, 7.254122858761078, 6.012848143766812, 5.478032333785553, 6.069813599279635, 2.4890443808819476, 2.5173740703359915, 0.0, 1.7799548786415906, 1.777190662253209], [9.901119192293365, 8.684115765004517, 7.61124907554601, 6.44802882360183, 5.518881938400204, 4.557908947094051, 3.544531691211125, 3.963248179208564, 2.6575666877803834, 2.1602535267880016, 1.0949175448407062, 10.364009352562356, 9.752748487477774, 10.693586868773265, 9.089971603916043, 8.390545571057938, 7.37241007337492, 8.159970944188466, 6.0446739473688735, 6.9777033549728955, 6.263097867669001, 5.176953738445032, 4.272665839964553, 5.2730974673335975, 2.501224240247163, 3.0801274648949186, 1.7799548786415906, 0.0, 1.7590526086504634], [9.601719236678399, 8.242456278318981, 7.367980288382971, 6.022596910801851, 5.384885797303411, 4.206764910236844, 2.9492290297635417, 2.8226566015015004, 2.7155707871458628, 2.1662330668697676, 1.0946170243514395, 10.123848988403571, 9.610681092409632, 10.282025331616333, 8.485034877948351, 7.869376784726984, 7.339021382309769, 7.996059467637794, 5.497949465937277, 6.3430537905649205, 6.22827028475804, 5.336287939195186, 4.218782641947793, 4.632143376451122, 3.0665880160204106, 2.537419618431291, 1.777190662253209, 1.7590526086504634, 0.0]]}