{"total energy": -32.51703601, "HOMO-LUMO gap/eV": 3.71641852, "electronic energy": -32.9507961, "dipole": [-0.56629707, 0.05525694, 1.14640693], "partial charges": [-0.10067909, -0.0506245, -0.05345479, -0.08181069, 0.22982462, -0.3657031, -0.08265521, -0.04776674, -0.05249118, -0.1018278, 0.03687691, 0.0325216, 0.03058592, 0.03942925, 0.02381286, 0.05174384, 0.03075428, 0.05328512, 0.05939416, 0.05950493, 0.04098008, 0.03237686, 0.04354812, 0.03150521, 0.03519665, 0.03374707, 0.03564797, 0.03627765], "atomic dipole moments": [[-0.0979731, -0.02978821, 0.01367514], [0.08849499, -0.07450693, 0.01446593], [-0.1121663, 0.05979982, -0.00037718], [0.03758139, 0.01462436, -0.07518447], [0.00210946, 0.00495906, -0.0150231], [-0.06929083, -0.00489979, 0.1475403], [0.03755436, 0.10678389, 0.00393371], [-0.04338599, -0.1156543, 0.00243272], [0.06949861, 0.09500438, -0.00196501], [0.04470768, -0.0959076, -0.00714099], [0.05579538, -0.06138555, -0.09623278], [0.00391356, 0.12224239, -0.02566585], [0.06771283, -0.01888233, 0.10341971], [-0.06325679, 0.03106883, -0.10544729], [-0.04859304, 0.06793323, 0.08850283], [0.05953145, -0.06916148, -0.09218569], [0.06229984, -0.0241297, 0.10087345], [-0.05579015, 0.08025792, 0.08468505], [0.00738602, -0.11909131, 0.0534874], [-0.04517903, -0.06867504, -0.10049879], [-0.02285312, -0.07585132, 0.09791941], [0.04749422, 0.06313369, 0.09492474], [0.03211527, 0.0712007, -0.10023984], [-0.03287943, -0.06518894, 0.09951416], [-0.05103353, -0.0580405, -0.09768907], [0.04159833, 0.06227001, 0.10135378], [-0.12453342, -0.01074931, 0.01078637], [0.02353553, 0.07069838, -0.10254564]], "atomic quadrupole moments": [[0.19979613, 0.09918128, -0.07709149, -0.03825592, -0.02035996, -0.12270464], [0.09773226, 0.09930412, 0.11932334, -0.0495306, -0.07499607, -0.2170556], [0.11143552, 0.11582431, 0.10001461, -0.03901996, -0.09127988, -0.21145013], [0.14601732, 0.09175159, -0.18813617, 0.05350997, -0.02293599, 0.04211885], [-0.29258261, -0.06991036, 0.6367635, -0.00158839, -0.01635305, -0.34418089], [-0.12942124, -0.03250173, 0.26991719, -0.00118687, -0.00875941, -0.14049595], [0.15955846, -0.08954467, 0.020531, -0.06376948, 0.0124256, -0.18008946], [0.15122043, -0.11972249, 0.08387698, -0.03572902, 0.03253918, -0.23509741], [0.16705504, -0.10103107, 0.07005165, -0.04266814, 0.0197371, -0.23710669], [-0.04572539, -0.1347328, 0.17448843, -0.01202394, 0.02550713, -0.12876304], [-0.01499154, -0.01671447, -0.01000007, -0.03083988, 0.05618067, 0.02499161], [-0.02767197, -0.00262875, 0.07658469, -0.00073306, -0.02761139, -0.04891272], [-0.00543854, -0.00719494, -0.04657122, 0.04422269, -0.02656413, 0.05200975], [-0.00767183, 0.00766351, -0.0261865, 0.0355255, -0.00853691, 0.03385832], [-0.01971452, -0.00651681, -0.00683511, -0.03237871, 0.03330808, 0.02654963], [-0.02306468, -0.00461643, -0.00204285, -0.02529088, 0.03233415, 0.02510753], [-0.01265652, 0.01010461, -0.02313581, 0.04145406, -0.01578775, 0.03579233], [0.01054557, -0.01508999, -0.0026254, -0.02435522, 0.05365651, -0.00792017], [-0.00767742, 0.00435492, 0.04916407, 0.00315832, -0.04292968, -0.04148664], [-0.01621519, 0.00779149, -0.02086994, 0.02628215, 0.02813644, 0.03708514], [-0.02627632, 0.0085097, -0.01957756, -0.01610609, -0.03745377, 0.04585388], [-0.01385973, 0.00404389, -0.02105441, 0.02540019, 0.03190739, 0.03491414], [-0.02000433, -0.00113309, -0.01527976, -0.0146683, -0.03354377, 0.0352841], [-0.02148178, -0.00303931, -0.01108552, -0.01490546, -0.03869638, 0.0325673], [-0.01441698, 0.00172996, -0.01649414, 0.0232778, 0.03427357, 0.03091112], [-0.02638167, 0.01228504, -0.01120357, 0.0465702, 0.04001418, 0.03758524], [0.07881343, 0.01536087, -0.02545355, -0.01122165, -7.72e-05, -0.05335988], [-0.04025093, 0.00761913, -0.00451562, -0.03185718, -0.04498851, 0.04476656]], "number of molecular orbitals": 58, "number of electrons": 60, "number of unpaired electrons": 0, "orbital energies/eV": [-19.02545345, -17.47234205, -17.24892965, -16.94488877, -16.63437776, -16.19342321, -15.79923612, -15.45572971, -15.34130671, -15.10945042, -14.66913558, -14.47817627, -14.34004294, -13.93785355, -13.71643537, -13.61173846, -13.29579776, -13.26852193, -13.15357082, -12.88240629, -12.61056407, -12.33629558, -12.28031099, -12.12982114, -12.08668624, -11.99226014, -11.74362677, -11.6788835, -11.48733837, -10.588245, -6.87182648, 1.22185873, 2.20909641, 2.49585864, 2.73863648, 2.84357554, 3.22344312, 3.56423675, 3.82286419, 3.85811858, 3.99501212, 4.26055598, 4.39704464, 4.62227385, 4.74444001, 4.87550257, 5.42612758, 5.56698505, 5.9267277, 6.28395155, 6.47509079, 6.77949319, 6.90047569, 7.20869278, 7.47701672, 7.96138695, 8.29153538, 15.15000651], "fractional occupation": [2.0, 2.0, 2.0, 2.0, 2.0, 2.0, 2.0, 2.0, 2.0, 2.0, 2.0, 2.0, 2.0, 2.0, 2.0, 2.0, 2.0, 2.0, 2.0, 2.0, 2.0, 2.0, 2.0, 2.0, 2.0, 2.0, 2.0, 2.0, 2.0, 2.0, 0.0, 0.0, 0.0, 0.0, 0.0, 0.0, 0.0, 0.0, 0.0, 0.0, 0.0, 0.0, 0.0, 0.0, 0.0, 0.0, 0.0, 0.0, 0.0, 0.0, 0.0, 0.0, 0.0, 0.0, 0.0, 0.0, 0.0, 0.0], "program call": "xtb /home/svss/Project-DBcg-Debug/aqme2_20220329/End-to-End-workflows-final/example-3/QDESCP/mol_179_rdkit_conf_9/mol_179_rdkit_conf_9.xyz --pop --wbo --acc 0.2 --gfn 2 --chrg 0 --uhf 0 --etemp 300 --input /home/svss/Project-DBcg-Debug/aqme2_20220329/End-to-End-workflows-final/example-3/QDESCP/mol_179_rdkit_conf_9/mol_179_rdkit_conf_9_xtb.inp", "method": "GFN2-xTB", "xtb version": "6.3.3 (7355c4f)", "Dipole module/D": 3.253, "Total charge": 0, "Transition dipole module/D": NaN, "HOMO": -10.5882, "LUMO": -6.8718, "HOMO occupancy": 2.0, "LUMO occupancy": 0, "mulliken charges": [-0.08262, -0.03976, -0.03378, -0.08431, 0.39173, -0.49575, -0.08413, -0.03435, -0.03877, -0.0834, 0.03167, 0.02882, 0.024, 0.03572, 0.01597, 0.0429, 0.02228, 0.03909, 0.05288, 0.05612, 0.03183, 0.02256, 0.03996, 0.02301, 0.02774, 0.02794, 0.03186, 0.03079], "cm5 charges": [-0.23296, -0.15156, -0.14219, -0.18659, 0.40856, -0.54747, -0.18617, -0.14335, -0.15111, -0.23373, 0.083, 0.07961, 0.07529, 0.09307, 0.07084, 0.10097, 0.07727, 0.09598, 0.10894, 0.11441, 0.08816, 0.07855, 0.09633, 0.07774, 0.08247, 0.07924, 0.08264, 0.08208], "FUKUI+": [0.012, 0.007, 0.02, 0.027, -0.188, -0.287, 0.022, -0.001, 0.006, 0.013, -0.013, -0.026, -0.021, 0.012, -0.019, -0.021, -0.053, -0.088, -0.095, -0.067, -0.081, -0.029, -0.024, -0.023, -0.022, -0.015, -0.031, -0.015], "FUKUI-": [0.018, 0.008, 0.015, -0.002, -0.025, -0.13, -0.006, 0.003, 0.0, 0.012, -0.048, -0.04, -0.059, -0.063, -0.056, -0.044, -0.081, -0.044, -0.056, -0.046, -0.048, -0.031, -0.033, -0.049, -0.048, -0.042, -0.059, -0.045], "FUKUIrad": [0.015, 0.007, 0.018, 0.013, -0.106, -0.209, 0.008, 0.001, 0.003, 0.012, -0.031, -0.033, -0.04, -0.026, -0.037, -0.033, -0.067, -0.066, -0.076, -0.057, -0.064, -0.03, -0.028, -0.036, -0.035, -0.029, -0.045, -0.03], "s proportion": [1.007, 1.027, 1.028, 1.042, 1.081, 1.74, 1.042, 1.031, 1.028, 1.008, 0.968, 0.971, 0.976, 0.964, 0.984, 0.957, 0.978, 0.961, 0.947, 0.944, 0.968, 0.977, 0.96, 0.977, 0.972, 0.972, 0.968, 0.969], "p proportion": [3.075, 3.013, 3.005, 3.042, 2.528, 4.756, 3.042, 3.003, 3.011, 3.076, 0.0, 0.0, 0.0, 0.0, 0.0, 0.0, 0.0, 0.0, 0.0, 0.0, 0.0, 0.0, 0.0, 0.0, 0.0, 0.0, 0.0, 0.0], "d proportion": [0.0, 0.0, 0.0, 0.0, 0.0, 0.0, 0.0, 0.0, 0.0, 0.0, 0.0, 0.0, 0.0, 0.0, 0.0, 0.0, 0.0, 0.0, 0.0, 0.0, 0.0, 0.0, 0.0, 0.0, 0.0, 0.0, 0.0, 0.0], "Fermi-level/eV": -8.73, "Coordination numbers": [3.75, 3.8, 3.801, 3.801, 2.813, 0.856, 3.803, 3.804, 3.801, 3.75, 0.924, 0.924, 0.924, 0.924, 0.924, 0.924, 0.924, 0.924, 0.924, 0.924, 0.924, 0.924, 0.924, 0.924, 0.924, 0.924, 0.924, 0.924], "Dispersion coefficient C6": [22.486, 21.484, 21.534, 22.061, 23.182, 21.008, 22.075, 21.427, 21.517, 22.508, 2.491, 2.551, 2.578, 2.457, 2.676, 2.298, 2.576, 2.279, 2.206, 2.205, 2.436, 2.553, 2.402, 2.565, 2.514, 2.534, 2.508, 2.499], "Total dispersion C6": 5611.62859, "Total dispersion C8": 119230.679301, "Polarizability alpha": [6.763, 6.599, 6.607, 6.687, 7.888, 6.145, 6.689, 6.59, 6.604, 6.766, 2.468, 2.498, 2.511, 2.451, 2.558, 2.371, 2.51, 2.361, 2.323, 2.322, 2.441, 2.499, 2.424, 2.505, 2.48, 2.489, 2.476, 2.472], "Total polarizability alpha": 111.498116, "Wiberg matrix": [[0.0, 1.0203853182866132, 0.0, 0.0, 0.0, 0.0, 0.0, 0.0, 0.0, 0.0, 0.9874904217512621, 0.9873152285112845, 0.9877155745757287, 0.0, 0.0, 0.0, 0.0, 0.0, 0.0, 0.0, 0.0, 0.0, 0.0, 0.0, 0.0, 0.0, 0.0, 0.0], [1.0203853182866132, 0.0, 1.0084584595303037, 0.0, 0.0, 0.0, 0.0, 0.0, 0.0, 0.0, 0.0, 0.0, 0.0, 0.9773600502670385, 0.9781061921770744, 0.0, 0.0, 0.0, 0.0, 0.0, 0.0, 0.0, 0.0, 0.0, 0.0, 0.0, 0.0, 0.0], [0.0, 1.0084584595303037, 0.0, 1.0059339812523331, 0.0, 0.0, 0.0, 0.0, 0.0, 0.0, 0.0, 0.0, 0.0, 0.0, 0.0, 0.9744372908608869, 0.9767027814467346, 0.0, 0.0, 0.0, 0.0, 0.0, 0.0, 0.0, 0.0, 0.0, 0.0, 0.0], [0.0, 0.0, 1.0059339812523331, 0.0, 0.9939133208454052, 0.0, 0.0, 0.0, 0.0, 0.0, 0.0, 0.0, 0.0, 0.0, 0.0, 0.0, 0.0, 0.9579495190178022, 0.9444409233557636, 0.0, 0.0, 0.0, 0.0, 0.0, 0.0, 0.0, 0.0, 0.0], [0.0, 0.0, 0.0, 0.9939133208454052, 0.0, 1.8569221927314281, 0.9887846285185768, 0.0, 0.0, 0.0, 0.0, 0.0, 0.0, 0.0, 0.0, 0.0, 0.0, 0.0, 0.0, 0.0, 0.0, 0.0, 0.0, 0.0, 0.0, 0.0, 0.0, 0.0], [0.0, 0.0, 0.0, 0.0, 1.8569221927314281, 0.0, 0.0, 0.0, 0.0, 0.0, 0.0, 0.0, 0.0, 0.0, 0.0, 0.0, 0.0, 0.0, 0.0, 0.0, 0.0, 0.0, 0.0, 0.0, 0.0, 0.0, 0.0, 0.0], [0.0, 0.0, 0.0, 0.0, 0.9887846285185768, 0.0, 0.0, 0.9822452324435287, 0.0, 0.0, 0.0, 0.0, 0.0, 0.0, 0.0, 0.0, 0.0, 0.0, 0.0, 0.9685193144217202, 0.9689353674707581, 0.0, 0.0, 0.0, 0.0, 0.0, 0.0, 0.0], [0.0, 0.0, 0.0, 0.0, 0.0, 0.0, 0.9822452324435287, 0.0, 1.004597876799977, 0.0, 0.0, 0.0, 0.0, 0.0, 0.0, 0.0, 0.0, 0.0, 0.0, 0.0, 0.0, 0.9752551981845405, 0.9760655945154342, 0.0, 0.0, 0.0, 0.0, 0.0], [0.0, 0.0, 0.0, 0.0, 0.0, 0.0, 0.0, 1.004597876799977, 0.0, 1.019496631159637, 0.0, 0.0, 0.0, 0.0, 0.0, 0.0, 0.0, 0.0, 0.0, 0.0, 0.0, 0.0, 0.0, 0.9777691639915873, 0.9776145283954494, 0.0, 0.0, 0.0], [0.0, 0.0, 0.0, 0.0, 0.0, 0.0, 0.0, 0.0, 1.019496631159637, 0.0, 0.0, 0.0, 0.0, 0.0, 0.0, 0.0, 0.0, 0.0, 0.0, 0.0, 0.0, 0.0, 0.0, 0.0, 0.0, 0.9875363149921395, 0.9866227282601008, 0.9874055109541561], [0.9874904217512621, 0.0, 0.0, 0.0, 0.0, 0.0, 0.0, 0.0, 0.0, 0.0, 0.0, 0.0, 0.0, 0.0, 0.0, 0.0, 0.0, 0.0, 0.0, 0.0, 0.0, 0.0, 0.0, 0.0, 0.0, 0.0, 0.0, 0.0], [0.9873152285112845, 0.0, 0.0, 0.0, 0.0, 0.0, 0.0, 0.0, 0.0, 0.0, 0.0, 0.0, 0.0, 0.0, 0.0, 0.0, 0.0, 0.0, 0.0, 0.0, 0.0, 0.0, 0.0, 0.0, 0.0, 0.0, 0.0, 0.0], [0.9877155745757287, 0.0, 0.0, 0.0, 0.0, 0.0, 0.0, 0.0, 0.0, 0.0, 0.0, 0.0, 0.0, 0.0, 0.0, 0.0, 0.0, 0.0, 0.0, 0.0, 0.0, 0.0, 0.0, 0.0, 0.0, 0.0, 0.0, 0.0], [0.0, 0.9773600502670385, 0.0, 0.0, 0.0, 0.0, 0.0, 0.0, 0.0, 0.0, 0.0, 0.0, 0.0, 0.0, 0.0, 0.0, 0.0, 0.0, 0.0, 0.0, 0.0, 0.0, 0.0, 0.0, 0.0, 0.0, 0.0, 0.0], [0.0, 0.9781061921770744, 0.0, 0.0, 0.0, 0.0, 0.0, 0.0, 0.0, 0.0, 0.0, 0.0, 0.0, 0.0, 0.0, 0.0, 0.0, 0.0, 0.0, 0.0, 0.0, 0.0, 0.0, 0.0, 0.0, 0.0, 0.0, 0.0], [0.0, 0.0, 0.9744372908608869, 0.0, 0.0, 0.0, 0.0, 0.0, 0.0, 0.0, 0.0, 0.0, 0.0, 0.0, 0.0, 0.0, 0.0, 0.0, 0.0, 0.0, 0.0, 0.0, 0.0, 0.0, 0.0, 0.0, 0.0, 0.0], [0.0, 0.0, 0.9767027814467346, 0.0, 0.0, 0.0, 0.0, 0.0, 0.0, 0.0, 0.0, 0.0, 0.0, 0.0, 0.0, 0.0, 0.0, 0.0, 0.0, 0.0, 0.0, 0.0, 0.0, 0.0, 0.0, 0.0, 0.0, 0.0], [0.0, 0.0, 0.0, 0.9579495190178022, 0.0, 0.0, 0.0, 0.0, 0.0, 0.0, 0.0, 0.0, 0.0, 0.0, 0.0, 0.0, 0.0, 0.0, 0.0, 0.0, 0.0, 0.0, 0.0, 0.0, 0.0, 0.0, 0.0, 0.0], [0.0, 0.0, 0.0, 0.9444409233557636, 0.0, 0.0, 0.0, 0.0, 0.0, 0.0, 0.0, 0.0, 0.0, 0.0, 0.0, 0.0, 0.0, 0.0, 0.0, 0.0, 0.0, 0.0, 0.0, 0.0, 0.0, 0.0, 0.0, 0.0], [0.0, 0.0, 0.0, 0.0, 0.0, 0.0, 0.9685193144217202, 0.0, 0.0, 0.0, 0.0, 0.0, 0.0, 0.0, 0.0, 0.0, 0.0, 0.0, 0.0, 0.0, 0.0, 0.0, 0.0, 0.0, 0.0, 0.0, 0.0, 0.0], [0.0, 0.0, 0.0, 0.0, 0.0, 0.0, 0.9689353674707581, 0.0, 0.0, 0.0, 0.0, 0.0, 0.0, 0.0, 0.0, 0.0, 0.0, 0.0, 0.0, 0.0, 0.0, 0.0, 0.0, 0.0, 0.0, 0.0, 0.0, 0.0], [0.0, 0.0, 0.0, 0.0, 0.0, 0.0, 0.0, 0.9752551981845405, 0.0, 0.0, 0.0, 0.0, 0.0, 0.0, 0.0, 0.0, 0.0, 0.0, 0.0, 0.0, 0.0, 0.0, 0.0, 0.0, 0.0, 0.0, 0.0, 0.0], [0.0, 0.0, 0.0, 0.0, 0.0, 0.0, 0.0, 0.9760655945154342, 0.0, 0.0, 0.0, 0.0, 0.0, 0.0, 0.0, 0.0, 0.0, 0.0, 0.0, 0.0, 0.0, 0.0, 0.0, 0.0, 0.0, 0.0, 0.0, 0.0], [0.0, 0.0, 0.0, 0.0, 0.0, 0.0, 0.0, 0.0, 0.9777691639915873, 0.0, 0.0, 0.0, 0.0, 0.0, 0.0, 0.0, 0.0, 0.0, 0.0, 0.0, 0.0, 0.0, 0.0, 0.0, 0.0, 0.0, 0.0, 0.0], [0.0, 0.0, 0.0, 0.0, 0.0, 0.0, 0.0, 0.0, 0.9776145283954494, 0.0, 0.0, 0.0, 0.0, 0.0, 0.0, 0.0, 0.0, 0.0, 0.0, 0.0, 0.0, 0.0, 0.0, 0.0, 0.0, 0.0, 0.0, 0.0], [0.0, 0.0, 0.0, 0.0, 0.0, 0.0, 0.0, 0.0, 0.0, 0.9875363149921395, 0.0, 0.0, 0.0, 0.0, 0.0, 0.0, 0.0, 0.0, 0.0, 0.0, 0.0, 0.0, 0.0, 0.0, 0.0, 0.0, 0.0, 0.0], [0.0, 0.0, 0.0, 0.0, 0.0, 0.0, 0.0, 0.0, 0.0, 0.9866227282601008, 0.0, 0.0, 0.0, 0.0, 0.0, 0.0, 0.0, 0.0, 0.0, 0.0, 0.0, 0.0, 0.0, 0.0, 0.0, 0.0, 0.0, 0.0], [0.0, 0.0, 0.0, 0.0, 0.0, 0.0, 0.0, 0.0, 0.0, 0.9874055109541561, 0.0, 0.0, 0.0, 0.0, 0.0, 0.0, 0.0, 0.0, 0.0, 0.0, 0.0, 0.0, 0.0, 0.0, 0.0, 0.0, 0.0, 0.0]], "Born radii": [], "Atomic SASAs": [], "Solvent H bonds": [], "Total SASA": NaN, "Total FOD": 0.0, "FOD": [0.0, 0.0, 0.0, 0.0, 0.0, 0.0, 0.0, 0.0, 0.0, 0.0, 0.0, 0.0, 0.0, 0.0, 0.0, 0.0, 0.0, 0.0, 0.0, 0.0, 0.0, 0.0, 0.0, 0.0, 0.0, 0.0, 0.0, 0.0], "FOD s proportion": [0.0, 0.0, 0.0, 0.0, 0.0, 0.0, 0.0, 0.0, 0.0, 0.0, 0.0, 0.0, 0.0, 0.0, 0.0, 0.0, 0.0, 0.0, 0.0, 0.0, 0.0, 0.0, 0.0, 0.0, 0.0, 0.0, 0.0, 0.0], "FOD p proportion": [0.0, 0.0, 0.0, 0.0, 0.0, 0.0, 0.0, 0.0, 0.0, 0.0, 0.0, 0.0, 0.0, 0.0, 0.0, 0.0, 0.0, 0.0, 0.0, 0.0, 0.0, 0.0, 0.0, 0.0, 0.0, 0.0, 0.0, 0.0], "FOD d proportion": [0.0, 0.0, 0.0, 0.0, 0.0, 0.0, 0.0, 0.0, 0.0, 0.0, 0.0, 0.0, 0.0, 0.0, 0.0, 0.0, 0.0, 0.0, 0.0, 0.0, 0.0, 0.0, 0.0, 0.0, 0.0, 0.0, 0.0, 0.0], "coordinates": [["4.06000", "1.21120", "0.05240"], ["2.61650", "0.77010", "0.23780"], ["2.52600", "-0.72350", "0.56050"], ["1.08570", "-1.18440", "0.77740"], ["0.26700", "-1.25100", "-0.50230"], ["0.77950", "-1.22900", "-1.62110"], ["-1.23540", "-1.35830", "-0.34160"], ["-1.86250", "0.02640", "-0.23060"], ["-3.38180", "-0.06100", "-0.09760"], ["-4.01170", "1.31830", "0.01300"], ["4.53230", "0.66990", "-0.77360"], ["4.10320", "2.28120", "-0.17380"], ["4.64490", "1.03220", "0.96030"], ["2.05510", "0.99870", "-0.67480"], ["2.16510", "1.35310", "1.04910"], ["2.99630", "-1.30720", "-0.24000"], ["3.09550", "-0.92330", "1.47660"], ["0.58530", "-0.51830", "1.48810"], ["1.09000", "-2.19370", "1.20450"], ["-1.63320", "-1.89760", "-1.20920"], ["-1.45500", "-1.96830", "0.54160"], ["-1.44600", "0.55670", "0.63440"], ["-1.60060", "0.62090", "-1.11500"], ["-3.64460", "-0.64860", "0.78980"], ["-3.80270", "-0.57970", "-0.96690"], ["-3.63590", "1.85190", "0.89180"], ["-5.09870", "1.23210", "0.10710"], ["-3.79430", "1.92120", "-0.87450"]], "bond_dist": [[0.0, 1.5207348947137365, 2.520790689446468, 3.88728502299484, 4.555981774546514, 4.417788874538936, 5.899053094353365, 6.046473872431766, 7.551250232908456, 8.072506652830954, 1.0946912715464576, 1.0945011100953712, 1.0947289253509291, 2.143268555267864, 2.1457382202869013, 2.7494170309358306, 2.741294610216129, 4.138350496272639, 4.6627865509800035, 6.608237150708197, 6.384650490825633, 5.575224681571138, 5.809790806044568, 7.960117835811226, 8.12824375803285, 7.768009118171785, 9.15888719168437, 7.9406090509481695], [1.5207348947137365, 0.0, 1.5307405070749256, 2.5405879339239568, 3.1863369988122723, 3.290361533327303, 4.43879764463306, 4.564419924809723, 6.0648844391299, 6.65462948029415, 2.168699988472357, 2.1594246131782424, 2.1691263725288117, 1.0955668304580966, 1.0962931405422547, 2.1651134312086286, 2.152131501558397, 2.710903556012275, 3.471141250367089, 5.2221051674588095, 4.916120548766069, 4.0873875972312685, 4.431282081971312, 6.443507344606663, 6.669287126072771, 6.378911584275173, 7.7301253243398325, 6.607616751900793], [2.520790689446468, 1.5307405070749256, 0.0, 1.5277233093724791, 2.5516428217914826, 2.839924481390306, 3.9198068077393815, 4.521849341806956, 5.981145600969768, 6.870969711765582, 2.7832761379352933, 3.4720279981590014, 2.7806581487122792, 2.171102425036645, 2.16361880422592, 1.0966713409221562, 1.0970366903618127, 2.160755721963961, 2.1536759366255636, 4.670042134713562, 4.171120383062565, 4.17386598371342, 4.652261726300446, 6.175313179102741, 6.511994540077564, 6.686662580091804, 7.884541395033702, 6.999989655706642], [3.88728502299484, 2.5405879339239568, 1.5277233093724791, 0.0, 1.520637149355493, 2.4183775242918544, 2.5826163904072166, 3.342750944955367, 4.688945383559079, 5.729860505282829, 4.20987898282124, 4.692597473681288, 4.196983751457705, 2.7954510923999365, 2.770890019470278, 2.1680809394485254, 2.143909953799366, 1.0950725364102598, 1.095955925208674, 3.442041692077538, 2.669317766771128, 3.0759361339273608, 3.749199053131215, 4.760564408764994, 5.225389855312234, 5.614776185209879, 6.673498160635096, 6.015640029955249], [4.555981774546514, 3.1863369988122723, 2.5516428217914826, 1.520637149355493, 0.0, 1.230793926699348, 1.514775079013383, 2.4980676331917038, 3.859225768207919, 5.017380817717548, 4.68574909592906, 5.225014787538883, 5.149583421015723, 2.8789247906119395, 3.576445495180934, 2.742451133566467, 3.4675416003272406, 2.144727567781046, 2.116406985907956, 2.128041167364955, 2.137646018404357, 2.7375600778795706, 2.7142845576689263, 4.163294696511406, 4.15077763075788, 5.1772706738203285, 5.943726983972262, 5.166773013206599], [4.417788874538936, 3.290361533327303, 2.839924481390306, 2.4183775242918544, 1.230793926699348, 0.0, 2.3903264944354357, 3.23877807359504, 4.582760515235331, 5.666976049005324, 4.2904061928912975, 5.04610374645627, 5.168942692659689, 2.735925134209633, 3.9644792608866046, 2.612997261766648, 3.879826514162714, 3.195298541607654, 3.0018447161703747, 2.537283756303185, 3.1963770162482397, 3.63714929443376, 3.056655562866055, 5.07168253935516, 4.6739838435749865, 5.9415796199327335, 6.602796656720544, 5.60364328272241], [5.899053094353365, 4.43879764463306, 3.9198068077393815, 2.5826163904072166, 1.514775079013383, 2.3903264944354357, 0.0, 1.5241290955821296, 2.5198325837245616, 3.8726954966792833, 6.12915838676078, 6.463340239380873, 6.479765578321488, 4.061263533680128, 4.56608548978225, 4.233227924409457, 4.717178293217249, 2.7144705892678225, 2.914756169905126, 1.0962750977742766, 1.095612340200675, 2.159665103667696, 2.1560962965507824, 2.754629682915655, 2.7546773567879055, 4.193931312026939, 4.672963806836085, 4.193694298586868], [6.046473872431766, 4.564419924809723, 4.521849341806956, 3.342750944955367, 2.4980676331917038, 3.23877807359504, 1.5241290955821296, 0.0, 1.5276125981412958, 2.5194061224820428, 6.449992890693756, 6.377846483727874, 6.691496933422297, 4.060821430449756, 4.429370919216407, 5.038503226157546, 5.328998586038469, 3.0401237836640793, 3.9630306925382244, 2.170717035912327, 2.177424437265275, 1.0967749723621523, 1.0973537351282858, 2.16164788298187, 2.1619137216827133, 2.781578611148712, 3.4699775532415194, 2.7814969872354705], [7.551250232908456, 6.0648844391299, 5.981145600969768, 4.688945383559079, 3.859225768207919, 4.582760515235331, 2.5198325837245616, 1.5276125981412958, 0.0, 1.5203535312551486, 7.976476015133501, 7.843273059125253, 8.169586987112629, 5.569201517273369, 5.838038995244893, 6.500265518423074, 6.7213899023937005, 4.296678972183051, 5.122584205262028, 2.768818535043422, 2.7854852665200007, 2.1597914089096664, 2.1616576532837017, 1.096273852648142, 1.0963069779947585, 2.1685630219110537, 2.159109842041391, 2.168604781881659], [8.072506652830954, 6.65462948029415, 6.870969711765582, 5.729860505282829, 5.017380817717548, 5.666976049005324, 3.8726954966792833, 2.5194061224820428, 1.5203535312551486, 0.0, 8.604597499011794, 8.17396309387313, 8.712976188421498, 6.114022836071191, 6.26319187715018, 7.487945195445811, 7.594681518009824, 5.1654069123351745, 6.307230702931359, 4.182469115247595, 4.197364936480982, 2.747542358181217, 2.7517547074548636, 2.146363496707862, 2.146226691195504, 1.0946433391749115, 1.0944652803995198, 1.0947179636783166], [1.0946912715464576, 2.168699988472357, 2.7832761379352933, 4.20987898282124, 4.68574909592906, 4.2904061928912975, 6.12915838676078, 6.449992890693756, 7.976476015133501, 8.604597499011794, 0.0, 1.7720537632927507, 1.774922325061015, 2.500877989826773, 3.064740342998082, 2.5598729206739934, 3.109032087322355, 4.70169279409023, 4.895152077310776, 6.692921175391206, 6.673650542993692, 6.142910477127271, 6.1425904445925745, 8.428781372179492, 8.430367136133516, 8.419630181902292, 9.687510636381258, 8.420700686997488], [1.0945011100953712, 2.1594246131782424, 3.4720279981590014, 4.692597473681288, 5.225014787538883, 5.04610374645627, 6.463340239380873, 6.377846483727874, 7.843273059125253, 8.17396309387313, 1.7720537632927507, 0.0, 1.7718980501146222, 2.4678980651558526, 2.472465496220322, 3.7558254232591803, 3.742739598208778, 4.793196456436977, 5.568106961975497, 7.172217757430403, 7.033038792015867, 5.8669164072790405, 6.0146311582673135, 8.33910413893483, 8.444939977880246, 7.823903799255204, 9.265769219552148, 7.9366924307295665], [1.0947289253509291, 2.1691263725288117, 2.7806581487122792, 4.196983751457705, 5.149583421015723, 5.168942692659689, 6.479765578321488, 6.691496933422297, 8.169586987112629, 8.712976188421498, 1.774922325061015, 1.7718980501146222, 0.0, 3.0629623406108015, 2.5020532148617463, 3.1034487928754357, 2.547780661673999, 4.377553569061148, 4.806597389006074, 7.259820789799154, 6.810806850146317, 6.118118491006855, 6.594111617951277, 8.459903612926096, 8.813300585478746, 8.321553279286265, 9.782926515618934, 8.681987599622566], [2.143268555267864, 1.0955668304580966, 2.171102425036645, 2.7954510923999365, 2.8789247906119395, 2.735925134209633, 4.061263533680128, 4.060821430449756, 5.569201517273369, 6.114022836071191, 2.500877989826773, 2.4678980651558526, 3.0629623406108015, 0.0, 1.7633861091661123, 2.5282569667658388, 3.066763460066655, 3.0231998693437387, 3.8281332604808833, 4.7199252049158575, 4.7543159308148635, 3.763916822938573, 3.701439094460423, 6.111074417809032, 6.0737541776071255, 5.964031086438098, 7.200187331590755, 5.925062590386703], [2.1457382202869013, 1.0962931405422547, 2.16361880422592, 2.770890019470278, 3.576445495180934, 3.9644792608866046, 4.56608548978225, 4.429370919216407, 5.838038995244893, 6.26319187715018, 3.064740342998082, 2.472465496220322, 2.5020532148617463, 1.7633861091661123, 0.0, 3.0708090692845103, 2.4960763950648626, 2.4880970640230253, 3.709417664539813, 5.485804614639497, 4.9390665332631425, 3.7210579490247118, 4.404536540885998, 6.150337671217735, 6.588976299851138, 5.824529657405823, 7.325625941856436, 6.287879048614086], [2.7494170309358306, 2.1651134312086286, 1.0966713409221562, 2.1680809394485254, 2.742451133566467, 2.612997261766648, 4.233227924409457, 5.038503226157546, 6.500265518423074, 7.487945195445811, 2.5598729206739934, 3.7558254232591803, 3.1034487928754357, 2.5282569667658388, 3.0708090692845103, 0.0, 1.7617989130431426, 3.0694647448700234, 2.5507728613108616, 4.766570155782877, 4.56749641050762, 4.896195243247557, 5.061095160140738, 6.752465831827659, 6.876339204838575, 7.432829938186398, 8.49102749377247, 7.545687852674533], [2.741294610216129, 2.152131501558397, 1.0970366903618127, 2.143909953799366, 3.4675416003272406, 3.879826514162714, 4.717178293217249, 5.328998586038469, 6.7213899023937005, 7.594681518009824, 3.109032087322355, 3.742739598208778, 2.547780661673999, 3.066763460066655, 2.4960763950648626, 1.7617989130431426, 0.0, 2.5426878082061113, 2.38955745275145, 5.524797355559749, 4.76164890032854, 4.850249796659962, 5.5816036593437905, 6.780567995382097, 7.326248456747833, 7.3044830097687266, 8.582901202390717, 7.815893774866697], [4.138350496272639, 2.710903556012275, 2.160755721963961, 1.0950725364102598, 2.144727567781046, 3.195298541607654, 2.7144705892678225, 3.0401237836640793, 4.296678972183051, 5.1654069123351745, 4.70169279409023, 4.793196456436977, 4.377553569061148, 3.0231998693437387, 2.4880970640230253, 3.0694647448700234, 2.5426878082061113, 0.0, 1.7726015372891903, 3.754948472349521, 2.6760393009072194, 2.451654212975394, 3.5849776930965693, 4.289132195444668, 5.028452939026078, 4.877699372655104, 6.105646334336767, 5.542015442959357], [4.6627865509800035, 3.471141250367089, 2.1536759366255636, 1.095955925208674, 2.116406985907956, 3.0018447161703747, 2.914756169905126, 3.9630306925382244, 5.122584205262028, 6.307230702931359, 4.895152077310776, 5.568106961975497, 4.806597389006074, 3.8281332604808833, 3.709417664539813, 2.5507728613108616, 2.38955745275145, 1.7726015372891903, 0.0, 3.6509507172789943, 2.6395580255035123, 3.7843110561897526, 4.532260117204219, 4.997574137519123, 5.590929014931239, 6.228867590501503, 7.158240013439058, 6.716474484430057], [6.608237150708197, 5.2221051674588095, 4.670042134713562, 3.442041692077538, 2.128041167364955, 2.537283756303185, 1.0962750977742766, 2.170717035912327, 2.768818535043422, 4.182469115247595, 6.692921175391206, 7.172217757430403, 7.259820789799154, 4.7199252049158575, 5.485804614639497, 4.766570155782877, 5.524797355559749, 3.754948472349521, 3.6509507172789943, 0.0, 1.7612649914195195, 3.0753037719874112, 2.5204719101787267, 3.098666158204204, 2.549960774208105, 4.741704180988098, 4.851531513862401, 4.400637537902889], [6.384650490825633, 4.916120548766069, 4.171120383062565, 2.669317766771128, 2.137646018404357, 3.1963770162482397, 1.095612340200675, 2.177424437265275, 2.7854852665200007, 4.197364936480982, 6.673650542993692, 7.033038792015867, 6.810806850146317, 4.7543159308148635, 4.9390665332631425, 4.56749641050762, 4.76164890032854, 2.6760393009072194, 2.6395580255035123, 1.7612649914195195, 0.0, 2.526720768110319, 3.07725194938601, 2.5685714882011754, 3.116966072962617, 4.412810089954019, 4.869075897950246, 4.754563486798761], [5.575224681571138, 4.0873875972312685, 4.17386598371342, 3.0759361339273608, 2.7375600778795706, 3.63714929443376, 2.159665103667696, 1.0967749723621523, 2.1597914089096664, 2.747542358181217, 6.142910477127271, 5.8669164072790405, 6.118118491006855, 3.763916822938573, 3.7210579490247118, 4.896195243247557, 4.850249796659962, 2.451654212975394, 3.7843110561897526, 3.0753037719874112, 2.526720768110319, 0.0, 1.757391009422775, 2.5121184705343813, 3.067507382224206, 2.5572367528252054, 3.751856572418514, 3.106952260656736], [5.809790806044568, 4.431282081971312, 4.652261726300446, 3.749199053131215, 2.7142845576689263, 3.056655562866055, 2.1560962965507824, 1.0973537351282858, 2.1616576532837017, 2.7517547074548636, 6.1425904445925745, 6.0146311582673135, 6.594111617951277, 3.701439094460423, 4.404536540885998, 5.061095160140738, 5.5816036593437905, 3.5849776930965693, 4.532260117204219, 2.5204719101787267, 3.07725194938601, 1.757391009422775, 0.0, 3.0688482025020396, 2.5124924636702897, 3.1120818321503054, 3.7555022913053855, 2.561433198426225], [7.960117835811226, 6.443507344606663, 6.175313179102741, 4.760564408764994, 4.163294696511406, 5.07168253935516, 2.754629682915655, 2.16164788298187, 1.096273852648142, 2.146363496707862, 8.428781372179492, 8.33910413893483, 8.459903612926096, 6.111074417809032, 6.150337671217735, 6.752465831827659, 6.780567995382097, 4.289132195444668, 4.997574137519123, 3.098666158204204, 2.5685714882011754, 2.5121184705343813, 3.0688482025020396, 0.0, 1.765145237650432, 2.502594641567028, 2.4733617992521837, 3.065318355407803], [8.12824375803285, 6.669287126072771, 6.511994540077564, 5.225389855312234, 4.15077763075788, 4.6739838435749865, 2.7546773567879055, 2.1619137216827133, 1.0963069779947585, 2.146226691195504, 8.430367136133516, 8.444939977880246, 8.813300585478746, 6.0737541776071255, 6.588976299851138, 6.876339204838575, 7.326248456747833, 5.028452939026078, 5.590929014931239, 2.549960774208105, 3.116966072962617, 3.067507382224206, 2.5124924636702897, 1.765145237650432, 0.0, 3.0651698957806564, 2.4729964092169645, 2.5026204526455866], [7.768009118171785, 6.378911584275173, 6.686662580091804, 5.614776185209879, 5.1772706738203285, 5.9415796199327335, 4.193931312026939, 2.781578611148712, 2.1685630219110537, 1.0946433391749115, 8.419630181902292, 7.823903799255204, 8.321553279286265, 5.964031086438098, 5.824529657405823, 7.432829938186398, 7.3044830097687266, 4.877699372655104, 6.228867590501503, 4.741704180988098, 4.412810089954019, 2.5572367528252054, 3.1120818321503054, 2.502594641567028, 3.0651698957806564, 0.0, 1.7719170324820517, 1.774741879823655], [9.15888719168437, 7.7301253243398325, 7.884541395033702, 6.673498160635096, 5.943726983972262, 6.602796656720544, 4.672963806836085, 3.4699775532415194, 2.159109842041391, 1.0944652803995198, 9.687510636381258, 9.265769219552148, 9.782926515618934, 7.200187331590755, 7.325625941856436, 8.49102749377247, 8.582901202390717, 6.105646334336767, 7.158240013439058, 4.851531513862401, 4.869075897950246, 3.751856572418514, 3.7555022913053855, 2.4733617992521837, 2.4729964092169645, 1.7719170324820517, 0.0, 1.7719640882365535], [7.9406090509481695, 6.607616751900793, 6.999989655706642, 6.015640029955249, 5.166773013206599, 5.60364328272241, 4.193694298586868, 2.7814969872354705, 2.168604781881659, 1.0947179636783166, 8.420700686997488, 7.9366924307295665, 8.681987599622566, 5.925062590386703, 6.287879048614086, 7.545687852674533, 7.815893774866697, 5.542015442959357, 6.716474484430057, 4.400637537902889, 4.754563486798761, 3.106952260656736, 2.561433198426225, 3.065318355407803, 2.5026204526455866, 1.774741879823655, 1.7719640882365535, 0.0]]}