{"total energy": -57.15763065, "HOMO-LUMO gap/eV": 0.83404052, "electronic energy": -57.85279758, "dipole": [1.54497179, -0.73449051, -2.38890516], "partial charges": [-0.11457956, 0.08790869, -0.25761441, 0.53033404, -0.38384756, -0.28023271, 0.09019833, -0.11174832, -0.22177583, -0.08097462, 0.10754088, 0.11831004, -0.1956135, 0.01685517, -0.0223956, -0.02275485, -0.01803898, -0.02418974, -0.02269237, 0.06127794, 0.05627404, 0.06179543, 0.05134349, 0.0489981, 0.05706906, 0.05320543, 0.05416387, 0.0482547, 0.05862513, 0.06108764, 0.0494269, 0.04759422, 0.04789962, 0.04829531], "atomic dipole moments": [[0.10927605, -0.10553806, -0.01626412], [0.00587994, -0.06579254, 0.28054073], [0.08092974, -0.03092494, -0.17145051], [0.03256547, 0.07608456, -0.30473458], [-0.09076329, 0.21127421, -0.43498602], [0.14648853, -0.05469302, 0.09042645], [-0.12579902, 0.25755758, -0.03360538], [-0.0381316, 0.00881169, 0.13661527], [0.02721395, -0.1605865, 0.05755219], [-0.20356545, 0.32704953, -0.09189805], [-0.00281697, -0.01193915, 0.01273251], [0.02924927, -0.28048216, 0.13843802], [0.00589525, -0.02773379, 0.01498119], [-0.06906097, 0.03124947, 0.003332], [-0.00599487, 0.03446776, -0.01584904], [-0.00338425, 0.01087427, -0.00396749], [-0.00936329, 0.00358995, 0.00141109], [-0.01079865, -0.00181247, 0.00455638], [-0.02433403, -0.01317102, 0.01505542], [-0.11005377, -0.0460305, 0.04842051], [-0.02283542, 0.05001419, -0.11597667], [0.03146066, 0.09523635, 0.08151607], [-0.03455358, -0.09614039, -0.06691759], [0.10859699, 0.0469403, -0.03409038], [-0.07233803, -0.09284967, 0.03053481], [0.09463043, 0.00625375, 0.07868821], [0.07043613, -0.10594052, -0.0165235], [0.06858214, 0.10110023, -0.03699341], [-0.09807117, -0.00043504, -0.082534], [-0.10964502, -0.08149853, 0.07654051], [0.0276788, -0.13416909, 0.06906268], [0.13979353, -0.06058345, -0.00225511], [0.11548591, 0.07247947, -0.07062587], [-0.00993358, 0.13677145, -0.07395809]], "atomic quadrupole moments": [[0.06872045, -0.22204614, 0.06696914, -0.00552722, 0.00078527, -0.13568959], [-0.20295769, -0.22387886, -0.12036935, 0.10323514, -0.27108208, 0.32332704], [-0.04764199, -0.07363727, -0.03663737, 0.01909305, -0.06657963, 0.08427936], [0.36975665, -0.09748341, 0.45498819, -0.05116217, 0.29154515, -0.82474484], [-0.35869935, -0.02720328, -0.23614006, 0.0321116, -0.32057874, 0.59483941], [-0.04326258, -0.07616938, 0.0862324, 0.02235255, 0.06416536, -0.04296981], [-0.14693071, -0.37004151, 0.2267745, -0.13388594, 0.10127515, -0.07984379], [-0.10265783, -0.01789905, -0.12236815, -0.13398627, 0.04062215, 0.22502598], [0.14449504, -0.06183353, -0.03736069, -0.02567977, -0.0237416, -0.10713435], [0.0661727, -0.22790983, -0.13196901, 0.12516006, 0.18379409, 0.06579632], [-0.21073003, 0.06883816, -0.14362787, 0.13015729, 0.29302098, 0.3543579], [0.48966247, 0.25029549, -0.71863759, -0.13057612, 0.5160393, 0.22897512], [0.29382702, 0.1515996, -0.47843364, -0.06032053, 0.38284328, 0.18460662], [-0.08908693, -0.01167138, -0.110726, 0.13322174, 0.2907986, 0.19981293], [-0.23925277, 0.07795456, -0.07972418, 0.16985382, 0.34299689, 0.31897695], [-0.21849508, 0.0965304, -0.09899009, 0.14727575, 0.33899038, 0.31748516], [-0.25202756, 0.10103477, -0.083706, 0.15740475, 0.33762754, 0.33573356], [-0.23882637, 0.0738729, -0.07784276, 0.16456845, 0.32868773, 0.31666913], [-0.23325333, 0.08383021, -0.08445707, 0.15995195, 0.3357114, 0.3177104], [0.04063542, 0.0430666, -0.0026162, -0.03692614, -0.01510368, -0.03801922], [-0.04154637, -0.01415383, -0.02935778, 0.01253495, -0.0414072, 0.07090415], [-0.01238408, 0.02660489, 0.01785983, 0.02680632, 0.05671861, -0.00547575], [-0.02776406, 0.00468191, 0.02026597, 0.03085822, 0.008702, 0.00749809], [0.02292129, 0.01247624, -0.01467896, 0.00065915, -0.03272113, -0.00824233], [0.00323092, 0.02553558, 0.02578274, -0.02225883, 0.00331061, -0.02901366], [0.01306819, -0.0147009, -0.00260823, 0.02395999, 0.02426695, -0.01045996], [-0.01269416, -0.06303866, 0.0475711, -0.00788298, 0.00616683, -0.03487693], [-0.00784833, 0.06255316, 0.03489069, -0.00961336, -0.01195383, -0.02704237], [0.04733684, 0.01127209, -0.05064741, 0.0493703, 0.00056934, 0.00331056], [0.03240178, -0.01943908, 0.00716333, -0.0136181, -0.03291687, -0.0395651], [0.0362148, -0.00776483, 0.003708, -0.02310472, -0.03730913, -0.0399228], [0.02333933, -0.00603047, 0.01393743, -0.02060353, -0.04392854, -0.03727676], [0.02493153, -0.01831588, 0.01515396, -0.01399495, -0.04147369, -0.04008549], [0.03551791, -0.02208939, 0.00487598, -0.01288131, -0.03180182, -0.04039388]], "number of molecular orbitals": 101, "number of electrons": 102, "number of unpaired electrons": 0, "orbital energies/eV": [-20.87151202, -20.35587855, -19.93074148, -19.25874794, -18.72159862, -18.48158245, -18.36677741, -18.2123527, -18.01961913, -17.90461443, -17.54907987, -17.38716484, -17.20706837, -16.84674118, -16.77893365, -16.57157298, -16.45989252, -16.23496567, -16.16223058, -16.1127875, -15.82392794, -15.49927521, -15.29151286, -15.21154521, -15.06351474, -14.63484529, -14.49277726, -14.40722433, -14.23178036, -14.09974409, -13.88824321, -13.81126391, -13.76700867, -13.55693327, -13.51909633, -13.36064975, -13.26223764, -13.08602891, -12.90467442, -12.83555139, -12.82355842, -12.53925335, -12.45040362, -12.37434176, -12.25118986, -12.09717284, -11.85043867, -11.69583099, -11.61351159, -9.93812913, -9.82858305, -8.99454253, -7.03646935, -6.96071567, -6.66363326, -4.94078768, -4.76579832, -4.45204967, -3.81725329, -3.16323886, -2.85853238, -0.52758618, 0.74070055, 0.9305211, 1.00316054, 1.38183501, 1.86992812, 2.32705169, 2.36722726, 2.64492958, 2.91023949, 3.02067105, 3.32511216, 3.39865936, 3.52293208, 3.6720431, 3.81787282, 3.86882634, 4.06736548, 4.14368308, 4.35919317, 4.59726431, 5.43848943, 5.63330043, 6.16955657, 6.41295687, 6.57169939, 6.8787238, 8.58112488, 9.78142249, 9.84216245, 10.38196338, 10.57313551, 10.81585251, 12.3075142, 15.64039832, 16.34596424, 27.63145184, 27.88833219, 28.06018819, 34.3365426], "fractional occupation": [2.0, 2.0, 2.0, 2.0, 2.0, 2.0, 2.0, 2.0, 2.0, 2.0, 2.0, 2.0, 2.0, 2.0, 2.0, 2.0, 2.0, 2.0, 2.0, 2.0, 2.0, 2.0, 2.0, 2.0, 2.0, 2.0, 2.0, 2.0, 2.0, 2.0, 2.0, 2.0, 2.0, 2.0, 2.0, 2.0, 2.0, 2.0, 2.0, 2.0, 2.0, 2.0, 2.0, 2.0, 2.0, 2.0, 2.0, 2.0, 2.0, 2.0, 1.9999998, 2e-07, 0.0, 0.0, 0.0, 0.0, 0.0, 0.0, 0.0, 0.0, 0.0, 0.0, 0.0, 0.0, 0.0, 0.0, 0.0, 0.0, 0.0, 0.0, 0.0, 0.0, 0.0, 0.0, 0.0, 0.0, 0.0, 0.0, 0.0, 0.0, 0.0, 0.0, 0.0, 0.0, 0.0, 0.0, 0.0, 0.0, 0.0, 0.0, 0.0, 0.0, 0.0, 0.0, 0.0, 0.0, 0.0, 0.0, 0.0, 0.0, 0.0], "program call": "xtb /home/svss/Project-DBcg-Debug/aqme2_20220329/End-to-End-workflows-final/example-3/QDESCP/mol_204_rdkit_conf_13/mol_204_rdkit_conf_13.xyz --pop --wbo --acc 0.2 --gfn 2 --chrg 0 --uhf 0 --etemp 300 --input /home/svss/Project-DBcg-Debug/aqme2_20220329/End-to-End-workflows-final/example-3/QDESCP/mol_204_rdkit_conf_13/mol_204_rdkit_conf_13_xtb.inp", "method": "GFN2-xTB", "xtb version": "6.3.3 (7355c4f)", "Dipole module/D": 7.468, "Total charge": 0, "Transition dipole module/D": NaN, "HOMO": -9.8286, "LUMO": -8.9945, "HOMO occupancy": 2.0, "LUMO occupancy": 0.0, "mulliken charges": [-0.09747, 0.21055, -0.34529, 0.44475, -0.17769, -0.36845, 0.20965, -0.09813, -0.26839, -0.05357, 0.15103, 0.21081, -0.26259, -0.0048, -0.02095, -0.02202, -0.01702, -0.02075, -0.02567, 0.04168, 0.0306, 0.04335, 0.03342, 0.03589, 0.03007, 0.02298, 0.03006, 0.04064, 0.04287, 0.04195, 0.03929, 0.03858, 0.0401, 0.04452], "cm5 charges": [-0.24394, 0.1332, -0.40375, 0.41729, -0.1451, -0.43067, 0.1323, -0.24417, -0.25561, -0.19416, 0.23756, 0.33298, -0.38429, -0.00636, -0.07093, -0.07718, -0.07227, -0.07598, -0.077, 0.095, 0.08183, 0.09668, 0.10097, 0.10438, 0.09343, 0.09313, 0.0814, 0.09607, 0.09628, 0.10228, 0.09457, 0.09387, 0.09533, 0.10289], "FUKUI+": [0.006, 0.004, -0.013, -0.032, -0.054, -0.007, 0.009, 0.005, -0.021, -0.154, -0.064, -0.035, -0.166, -0.023, -0.024, -0.02, -0.043, -0.02, -0.026, -0.013, -0.013, -0.006, -0.011, 0.009, -0.023, 0.009, -0.012, 0.016, -0.018, -0.043, -0.056, -0.063, -0.056, -0.042], "FUKUI-": [0.009, 0.01, 0.003, -0.143, -0.392, -0.003, 0.013, 0.01, -0.0, -0.007, -0.017, 0.0, -0.065, -0.012, -0.013, -0.014, -0.021, -0.019, -0.014, -0.021, -0.028, -0.019, -0.021, -0.017, -0.022, 0.001, -0.022, -0.007, -0.021, -0.013, -0.032, -0.037, -0.037, -0.027], "FUKUIrad": [0.008, 0.007, -0.005, -0.088, -0.223, -0.005, 0.011, 0.007, -0.011, -0.08, -0.041, -0.017, -0.115, -0.018, -0.019, -0.017, -0.032, -0.019, -0.02, -0.017, -0.02, -0.013, -0.016, -0.004, -0.023, 0.005, -0.017, 0.004, -0.02, -0.028, -0.044, -0.05, -0.047, -0.035], "s proportion": [1.012, 0.993, 1.65, 1.436, 1.89, 1.648, 0.991, 1.013, 1.668, 1.575, 1.059, 1.075, 1.681, 1.08, 1.066, 1.062, 1.065, 1.062, 1.066, 0.958, 0.969, 0.957, 0.967, 0.964, 0.97, 0.977, 0.97, 0.959, 0.957, 0.958, 0.961, 0.961, 0.96, 0.955], "p proportion": [3.085, 2.797, 4.695, 1.93, 4.302, 4.721, 2.799, 3.086, 4.6, 3.479, 2.79, 2.714, 3.581, 2.925, 2.955, 2.96, 2.952, 2.958, 2.96, 0.0, 0.0, 0.0, 0.0, 0.0, 0.0, 0.0, 0.0, 0.0, 0.0, 0.0, 0.0, 0.0, 0.0, 0.0], "d proportion": [0.0, 0.0, 0.0, 1.19, -0.014, 0.0, 0.0, 0.0, 0.0, 0.0, 0.0, 0.0, 0.0, 0.0, 0.0, 0.0, 0.0, 0.0, 0.0, 0.0, 0.0, 0.0, 0.0, 0.0, 0.0, 0.0, 0.0, 0.0, 0.0, 0.0, 0.0, 0.0, 0.0, 0.0], "Fermi-level/eV": -9.4114, "Coordination numbers": [3.749, 3.905, 1.658, 3.986, 0.924, 1.658, 3.899, 3.749, 1.725, 2.016, 2.881, 1.902, 0.911, 2.966, 2.916, 2.91, 2.911, 2.911, 2.913, 0.924, 0.924, 0.924, 0.924, 0.924, 0.924, 0.924, 0.924, 0.924, 0.924, 0.925, 0.925, 0.925, 0.925, 0.925], "Dispersion coefficient C6": [22.759, 19.072, 18.284, 138.775, 155.865, 18.667, 19.038, 22.704, 17.676, 23.5, 25.622, 28.195, 25.25, 27.631, 28.564, 28.573, 28.459, 28.608, 28.572, 2.184, 2.243, 2.178, 2.303, 2.333, 2.234, 2.28, 2.269, 2.342, 2.215, 2.186, 2.327, 2.35, 2.346, 2.341], "Total dispersion C6": 16829.433313, "Total dispersion C8": 463848.835828, "Polarizability alpha": [6.804, 6.208, 5.772, 21.161, 21.117, 5.833, 6.202, 6.796, 5.677, 7.19, 8.298, 8.576, 7.268, 8.622, 8.764, 8.765, 8.748, 8.77, 8.765, 2.311, 2.342, 2.308, 2.373, 2.388, 2.337, 2.362, 2.355, 2.393, 2.328, 2.312, 2.386, 2.397, 2.395, 2.393], "Total polarizability alpha": 204.717394, "Wiberg matrix": [[0.0, 1.015741347908079, 0.0, 0.0, 0.0, 0.0, 0.0, 0.0, 0.0, 0.0, 0.0, 0.0, 0.0, 0.0, 0.0, 0.0, 0.0, 0.0, 0.0, 0.9843008762342496, 0.9814421388351695, 0.984311266903588, 0.0, 0.0, 0.0, 0.0, 0.0, 0.0, 0.0, 0.0, 0.0, 0.0, 0.0, 0.0], [1.015741347908079, 0.0, 0.9147198323068679, 0.0, 0.0, 0.0, 0.0, 0.0, 0.0, 0.0, 0.0, 0.0, 0.0, 0.0, 0.0, 0.0, 0.0, 0.0, 0.0, 0.0, 0.0, 0.0, 0.9711261823731526, 0.9706773605352612, 0.0, 0.0, 0.0, 0.0, 0.0, 0.0, 0.0, 0.0, 0.0, 0.0], [0.0, 0.9147198323068679, 0.0, 1.25828664403249, 0.0, 0.0, 0.0, 0.0, 0.0, 0.0, 0.0, 0.0, 0.0, 0.0, 0.0, 0.0, 0.0, 0.0, 0.0, 0.0, 0.0, 0.0, 0.0, 0.0, 0.0, 0.0, 0.0, 0.0, 0.0, 0.0, 0.0, 0.0, 0.0, 0.0], [0.0, 0.0, 1.25828664403249, 0.0, 1.5963064547368593, 1.2085422297495736, 0.0, 0.0, 1.117959677318177, 0.0, 0.0, 0.0, 0.0, 0.0, 0.0, 0.0, 0.0, 0.0, 0.0, 0.0, 0.0, 0.0, 0.0, 0.0, 0.0, 0.0, 0.0, 0.0, 0.0, 0.0, 0.0, 0.0, 0.0, 0.0], [0.0, 0.0, 0.0, 1.5963064547368593, 0.0, 0.0, 0.0, 0.0, 0.0, 0.0, 0.0, 0.0, 0.0, 0.0, 0.0, 0.0, 0.0, 0.0, 0.0, 0.0, 0.0, 0.0, 0.0, 0.0, 0.0, 0.0, 0.0, 0.0, 0.0, 0.0, 0.0, 0.0, 0.0, 0.0], [0.0, 0.0, 0.0, 1.2085422297495736, 0.0, 0.0, 0.9244744701793036, 0.0, 0.0, 0.0, 0.0, 0.0, 0.0, 0.0, 0.0, 0.0, 0.0, 0.0, 0.0, 0.0, 0.0, 0.0, 0.0, 0.0, 0.0, 0.0, 0.0, 0.0, 0.0, 0.0, 0.0, 0.0, 0.0, 0.0], [0.0, 0.0, 0.0, 0.0, 0.0, 0.9244744701793036, 0.0, 1.0166532347332728, 0.0, 0.0, 0.0, 0.0, 0.0, 0.0, 0.0, 0.0, 0.0, 0.0, 0.0, 0.0, 0.0, 0.0, 0.0, 0.0, 0.970398833849922, 0.9640706845367059, 0.0, 0.0, 0.0, 0.0, 0.0, 0.0, 0.0, 0.0], [0.0, 0.0, 0.0, 0.0, 0.0, 0.0, 1.0166532347332728, 0.0, 0.0, 0.0, 0.0, 0.0, 0.0, 0.0, 0.0, 0.0, 0.0, 0.0, 0.0, 0.0, 0.0, 0.0, 0.0, 0.0, 0.0, 0.0, 0.9826716034211748, 0.98484707134501, 0.984543276758641, 0.0, 0.0, 0.0, 0.0, 0.0], [0.0, 0.0, 0.0, 1.117959677318177, 0.0, 0.0, 0.0, 0.0, 0.0, 0.9844873594327345, 0.0, 0.0, 0.0, 0.0, 0.0, 0.0, 0.0, 0.0, 0.0, 0.0, 0.0, 0.0, 0.0, 0.0, 0.0, 0.0, 0.0, 0.0, 0.0, 0.0, 0.0, 0.0, 0.0, 0.0], [0.0, 0.0, 0.0, 0.0, 0.0, 0.0, 0.0, 0.0, 0.9844873594327345, 0.0, 1.6850630868467746, 0.0, 0.0, 0.0, 0.0, 0.0, 0.0, 0.0, 0.0, 0.0, 0.0, 0.0, 0.0, 0.0, 0.0, 0.0, 0.0, 0.0, 0.0, 0.0, 0.0, 0.0, 0.0, 0.0], [0.0, 0.0, 0.0, 0.0, 0.0, 0.0, 0.0, 0.0, 0.0, 1.6850630868467746, 0.0, 1.0513794686390017, 0.0, 1.0558021193295068, 0.0, 0.0, 0.0, 0.0, 0.0, 0.0, 0.0, 0.0, 0.0, 0.0, 0.0, 0.0, 0.0, 0.0, 0.0, 0.0, 0.0, 0.0, 0.0, 0.0], [0.0, 0.0, 0.0, 0.0, 0.0, 0.0, 0.0, 0.0, 0.0, 0.0, 1.0513794686390017, 0.0, 2.825854525307907, 0.0, 0.0, 0.0, 0.0, 0.0, 0.0, 0.0, 0.0, 0.0, 0.0, 0.0, 0.0, 0.0, 0.0, 0.0, 0.0, 0.0, 0.0, 0.0, 0.0, 0.0], [0.0, 0.0, 0.0, 0.0, 0.0, 0.0, 0.0, 0.0, 0.0, 0.0, 0.0, 2.825854525307907, 0.0, 0.0, 0.0, 0.0, 0.0, 0.0, 0.0, 0.0, 0.0, 0.0, 0.0, 0.0, 0.0, 0.0, 0.0, 0.0, 0.0, 0.0, 0.0, 0.0, 0.0, 0.0], [0.0, 0.0, 0.0, 0.0, 0.0, 0.0, 0.0, 0.0, 0.0, 0.0, 1.0558021193295068, 0.0, 0.0, 0.0, 1.364336539001911, 0.0, 0.0, 0.0, 1.3741050250060012, 0.0, 0.0, 0.0, 0.0, 0.0, 0.0, 0.0, 0.0, 0.0, 0.0, 0.0, 0.0, 0.0, 0.0, 0.0], [0.0, 0.0, 0.0, 0.0, 0.0, 0.0, 0.0, 0.0, 0.0, 0.0, 0.0, 0.0, 0.0, 1.364336539001911, 0.0, 1.4587715269407724, 0.0, 0.10744145446720701, 0.0, 0.0, 0.0, 0.0, 0.0, 0.0, 0.0, 0.0, 0.0, 0.0, 0.0, 0.9666428438108119, 0.0, 0.0, 0.0, 0.0], [0.0, 0.0, 0.0, 0.0, 0.0, 0.0, 0.0, 0.0, 0.0, 0.0, 0.0, 0.0, 0.0, 0.0, 1.4587715269407724, 0.0, 1.42723789953517, 0.0, 0.10474261635320767, 0.0, 0.0, 0.0, 0.0, 0.0, 0.0, 0.0, 0.0, 0.0, 0.0, 0.0, 0.9694473755083151, 0.0, 0.0, 0.0], [0.0, 0.0, 0.0, 0.0, 0.0, 0.0, 0.0, 0.0, 0.0, 0.0, 0.0, 0.0, 0.0, 0.0, 0.0, 1.42723789953517, 0.0, 1.4327292284733264, 0.0, 0.0, 0.0, 0.0, 0.0, 0.0, 0.0, 0.0, 0.0, 0.0, 0.0, 0.0, 0.0, 0.969848327206881, 0.0, 0.0], [0.0, 0.0, 0.0, 0.0, 0.0, 0.0, 0.0, 0.0, 0.0, 0.0, 0.0, 0.0, 0.0, 0.0, 0.10744145446720701, 0.0, 1.4327292284733264, 0.0, 1.4505526993028608, 0.0, 0.0, 0.0, 0.0, 0.0, 0.0, 0.0, 0.0, 0.0, 0.0, 0.0, 0.0, 0.0, 0.9699194110228416, 0.0], [0.0, 0.0, 0.0, 0.0, 0.0, 0.0, 0.0, 0.0, 0.0, 0.0, 0.0, 0.0, 0.0, 1.3741050250060012, 0.0, 0.10474261635320767, 0.0, 1.4505526993028608, 0.0, 0.0, 0.0, 0.0, 0.0, 0.0, 0.0, 0.0, 0.0, 0.0, 0.0, 0.0, 0.0, 0.0, 0.0, 0.9671695134299967], [0.9843008762342496, 0.0, 0.0, 0.0, 0.0, 0.0, 0.0, 0.0, 0.0, 0.0, 0.0, 0.0, 0.0, 0.0, 0.0, 0.0, 0.0, 0.0, 0.0, 0.0, 0.0, 0.0, 0.0, 0.0, 0.0, 0.0, 0.0, 0.0, 0.0, 0.0, 0.0, 0.0, 0.0, 0.0], [0.9814421388351695, 0.0, 0.0, 0.0, 0.0, 0.0, 0.0, 0.0, 0.0, 0.0, 0.0, 0.0, 0.0, 0.0, 0.0, 0.0, 0.0, 0.0, 0.0, 0.0, 0.0, 0.0, 0.0, 0.0, 0.0, 0.0, 0.0, 0.0, 0.0, 0.0, 0.0, 0.0, 0.0, 0.0], [0.984311266903588, 0.0, 0.0, 0.0, 0.0, 0.0, 0.0, 0.0, 0.0, 0.0, 0.0, 0.0, 0.0, 0.0, 0.0, 0.0, 0.0, 0.0, 0.0, 0.0, 0.0, 0.0, 0.0, 0.0, 0.0, 0.0, 0.0, 0.0, 0.0, 0.0, 0.0, 0.0, 0.0, 0.0], [0.0, 0.9711261823731526, 0.0, 0.0, 0.0, 0.0, 0.0, 0.0, 0.0, 0.0, 0.0, 0.0, 0.0, 0.0, 0.0, 0.0, 0.0, 0.0, 0.0, 0.0, 0.0, 0.0, 0.0, 0.0, 0.0, 0.0, 0.0, 0.0, 0.0, 0.0, 0.0, 0.0, 0.0, 0.0], [0.0, 0.9706773605352612, 0.0, 0.0, 0.0, 0.0, 0.0, 0.0, 0.0, 0.0, 0.0, 0.0, 0.0, 0.0, 0.0, 0.0, 0.0, 0.0, 0.0, 0.0, 0.0, 0.0, 0.0, 0.0, 0.0, 0.0, 0.0, 0.0, 0.0, 0.0, 0.0, 0.0, 0.0, 0.0], [0.0, 0.0, 0.0, 0.0, 0.0, 0.0, 0.970398833849922, 0.0, 0.0, 0.0, 0.0, 0.0, 0.0, 0.0, 0.0, 0.0, 0.0, 0.0, 0.0, 0.0, 0.0, 0.0, 0.0, 0.0, 0.0, 0.0, 0.0, 0.0, 0.0, 0.0, 0.0, 0.0, 0.0, 0.0], [0.0, 0.0, 0.0, 0.0, 0.0, 0.0, 0.9640706845367059, 0.0, 0.0, 0.0, 0.0, 0.0, 0.0, 0.0, 0.0, 0.0, 0.0, 0.0, 0.0, 0.0, 0.0, 0.0, 0.0, 0.0, 0.0, 0.0, 0.0, 0.0, 0.0, 0.0, 0.0, 0.0, 0.0, 0.0], [0.0, 0.0, 0.0, 0.0, 0.0, 0.0, 0.0, 0.9826716034211748, 0.0, 0.0, 0.0, 0.0, 0.0, 0.0, 0.0, 0.0, 0.0, 0.0, 0.0, 0.0, 0.0, 0.0, 0.0, 0.0, 0.0, 0.0, 0.0, 0.0, 0.0, 0.0, 0.0, 0.0, 0.0, 0.0], [0.0, 0.0, 0.0, 0.0, 0.0, 0.0, 0.0, 0.98484707134501, 0.0, 0.0, 0.0, 0.0, 0.0, 0.0, 0.0, 0.0, 0.0, 0.0, 0.0, 0.0, 0.0, 0.0, 0.0, 0.0, 0.0, 0.0, 0.0, 0.0, 0.0, 0.0, 0.0, 0.0, 0.0, 0.0], [0.0, 0.0, 0.0, 0.0, 0.0, 0.0, 0.0, 0.984543276758641, 0.0, 0.0, 0.0, 0.0, 0.0, 0.0, 0.0, 0.0, 0.0, 0.0, 0.0, 0.0, 0.0, 0.0, 0.0, 0.0, 0.0, 0.0, 0.0, 0.0, 0.0, 0.0, 0.0, 0.0, 0.0, 0.0], [0.0, 0.0, 0.0, 0.0, 0.0, 0.0, 0.0, 0.0, 0.0, 0.0, 0.0, 0.0, 0.0, 0.0, 0.9666428438108119, 0.0, 0.0, 0.0, 0.0, 0.0, 0.0, 0.0, 0.0, 0.0, 0.0, 0.0, 0.0, 0.0, 0.0, 0.0, 0.0, 0.0, 0.0, 0.0], [0.0, 0.0, 0.0, 0.0, 0.0, 0.0, 0.0, 0.0, 0.0, 0.0, 0.0, 0.0, 0.0, 0.0, 0.0, 0.9694473755083151, 0.0, 0.0, 0.0, 0.0, 0.0, 0.0, 0.0, 0.0, 0.0, 0.0, 0.0, 0.0, 0.0, 0.0, 0.0, 0.0, 0.0, 0.0], [0.0, 0.0, 0.0, 0.0, 0.0, 0.0, 0.0, 0.0, 0.0, 0.0, 0.0, 0.0, 0.0, 0.0, 0.0, 0.0, 0.969848327206881, 0.0, 0.0, 0.0, 0.0, 0.0, 0.0, 0.0, 0.0, 0.0, 0.0, 0.0, 0.0, 0.0, 0.0, 0.0, 0.0, 0.0], [0.0, 0.0, 0.0, 0.0, 0.0, 0.0, 0.0, 0.0, 0.0, 0.0, 0.0, 0.0, 0.0, 0.0, 0.0, 0.0, 0.0, 0.9699194110228416, 0.0, 0.0, 0.0, 0.0, 0.0, 0.0, 0.0, 0.0, 0.0, 0.0, 0.0, 0.0, 0.0, 0.0, 0.0, 0.0], [0.0, 0.0, 0.0, 0.0, 0.0, 0.0, 0.0, 0.0, 0.0, 0.0, 0.0, 0.0, 0.0, 0.0, 0.0, 0.0, 0.0, 0.0, 0.9671695134299967, 0.0, 0.0, 0.0, 0.0, 0.0, 0.0, 0.0, 0.0, 0.0, 0.0, 0.0, 0.0, 0.0, 0.0, 0.0]], "Born radii": [], "Atomic SASAs": [], "Solvent H bonds": [], "Total SASA": NaN, "Total FOD": 0.0, "FOD": [0.0, 0.0, 0.0, 0.0, 0.0, 0.0, 0.0, 0.0, 0.0, 0.0, 0.0, 0.0, 0.0, 0.0, 0.0, 0.0, 0.0, 0.0, 0.0, 0.0, 0.0, 0.0, 0.0, 0.0, 0.0, 0.0, 0.0, 0.0, 0.0, 0.0, 0.0, 0.0, 0.0, 0.0], "FOD s proportion": [0.0, 0.0, 0.0, 0.0, 0.0, 0.0, 0.0, 0.0, 0.0, 0.0, 0.0, 0.0, 0.0, 0.0, 0.0, 0.0, 0.0, 0.0, 0.0, 0.0, 0.0, 0.0, 0.0, 0.0, 0.0, 0.0, 0.0, 0.0, 0.0, 0.0, 0.0, 0.0, 0.0, 0.0], "FOD p proportion": [0.0, 0.0, 0.0, 0.0, 0.0, 0.0, 0.0, 0.0, 0.0, 0.0, 0.0, 0.0, 0.0, 0.0, 0.0, 0.0, 0.0, 0.0, 0.0, 0.0, 0.0, 0.0, 0.0, 0.0, 0.0, 0.0, 0.0, 0.0, 0.0, 0.0, 0.0, 0.0, 0.0, 0.0], "FOD d proportion": [0.0, 0.0, 0.0, 0.0, 0.0, 0.0, 0.0, 0.0, 0.0, 0.0, 0.0, 0.0, 0.0, 0.0, 0.0, 0.0, 0.0, 0.0, 0.0, 0.0, 0.0, 0.0, 0.0, 0.0, 0.0, 0.0, 0.0, 0.0, 0.0, 0.0, 0.0, 0.0, 0.0, 0.0], "coordinates": [["-4.61030", "2.71030", "-0.41940"], ["-3.53540", "1.64340", "-0.46460"], ["-3.34370", "1.14190", "0.84680"], ["-2.18580", "0.03700", "1.11080"], ["-2.09430", "-0.57410", "2.94970"], ["-2.54520", "-1.06850", "-0.01790"], ["-1.75910", "-2.24180", "-0.12870"], ["-1.27780", "-2.37210", "-1.55930"], ["-0.87010", "0.78840", "0.49350"], ["0.34550", "0.07020", "0.53530"], ["1.34250", "0.72400", "0.01180"], ["1.08520", "2.03430", "-0.55410"], ["0.89930", "3.07970", "-1.02800"], ["2.71750", "0.16910", "-0.03510"], ["2.97110", "-1.06190", "0.58900"], ["4.25240", "-1.61630", "0.56340"], ["5.28850", "-0.94760", "-0.08470"], ["5.04690", "0.27590", "-0.70710"], ["3.76660", "0.83620", "-0.68430"], ["-5.54760", "2.29750", "-0.03200"], ["-4.79170", "3.12410", "-1.41530"], ["-4.31830", "3.52350", "0.25330"], ["-3.84690", "0.83130", "-1.12810"], ["-2.60270", "2.07320", "-0.84130"], ["-2.38880", "-3.09720", "0.13440"], ["-0.90700", "-2.22950", "0.55620"], ["-0.68230", "-3.28000", "-1.68940"], ["-0.66960", "-1.50710", "-1.84330"], ["-2.12650", "-2.40430", "-2.25050"], ["2.17870", "-1.59940", "1.10700"], ["4.44220", "-2.56910", "1.05260"], ["6.28660", "-1.37940", "-0.10280"], ["5.85890", "0.79610", "-1.21090"], ["3.62130", "1.79220", "-1.18270"]], "bond_dist": [[0.0, 1.5151662153044463, 2.380633646741976, 3.91998025250128, 5.335576273468499, 4.324947363841553, 5.7216380818783, 6.183503700977302, 4.303043348608052, 5.69574698700706, 6.290242361785435, 5.737058509375688, 5.555406598980852, 7.765438607702722, 8.527836147581635, 9.911246878672733, 10.558337839830662, 9.963462575329924, 8.588065930697084, 1.0949949269288881, 1.0935964566511724, 1.0950267257012494, 2.148412495309036, 2.1481046948414777, 6.242500535842989, 6.250428008544694, 7.2750105216418754, 5.945003823379763, 5.973384535587844, 8.184982104439813, 10.582372352643805, 11.64338057696303, 10.672149855113544, 8.317738458258951], [1.5151662153044463, 0.0, 1.4170466117951095, 2.6237046861260893, 4.318740551364483, 2.9213761380554883, 4.285189557067459, 4.734909302193655, 2.9585139343934146, 4.305362128787775, 4.986598212208399, 4.637969105114867, 4.695417057088752, 6.43869467749481, 7.124834264739075, 8.50483726652074, 9.20428249349182, 8.693948227934188, 7.34976488943694, 2.159615338434139, 2.1620806344815167, 2.159418632410121, 1.093970250966634, 1.0938739506908464, 4.913937415148874, 4.790602635368539, 5.820668536345289, 4.476524721254201, 4.643093075741644, 6.755487932784722, 9.148177624532659, 10.282990959832649, 9.461910666984762, 7.19417569565826], [2.380633646741976, 1.4170466117951095, 0.0, 1.6221074008831846, 2.9879499276259636, 2.504231718511688, 3.8616036953576685, 4.733440188699969, 2.52358477170869, 3.8543183288358525, 4.778319354124418, 4.730121962486803, 5.02722516702803, 6.20179271582016, 6.693272317782984, 8.086329081233337, 8.930206007702175, 8.577104964380464, 7.279703688337871, 2.6391051532669176, 3.3381008447918408, 2.640853265518552, 2.061531617511602, 2.0654496604855805, 4.403330169315037, 4.16992724277055, 5.750526933247074, 4.626515948313591, 4.863165385836678, 6.170845281644971, 8.62752070122118, 10.000068596764724, 9.436183216216184, 7.283748028316191], [3.91998025250128, 2.6237046861260893, 1.6221074008831846, 0.0, 1.9399403779497966, 1.6202661201173096, 2.62894704777407, 3.709132084463965, 1.63607082365037, 2.5961090462459393, 3.7588124308084327, 4.178581134787262, 4.832217993840923, 5.037150792858995, 5.298440719683481, 6.6695927079545125, 7.6330739482858405, 7.461486642084136, 6.268346704674207, 4.209222176364655, 4.764670233080144, 4.175948365341698, 2.8987650663687807, 2.8514225327018794, 3.2890387045457525, 2.660814320842399, 4.593922212010125, 3.6619412966348874, 4.154732226028532, 4.661188652050033, 7.122185651188826, 8.675285337094106, 8.40736116685848, 6.485620995710434], [5.335576273468499, 4.318740551364483, 2.9879499276259636, 1.9399403779497966, 0.0, 3.0421032083083572, 3.5171194022950085, 4.922454392881665, 3.0639827561525212, 3.4924309427675158, 4.704031702699291, 5.402738680521204, 6.175272681428732, 5.710936571176395, 5.609735331546401, 6.860117303661797, 7.990796046077011, 8.067925611952555, 7.03882453965149, 5.390909231289282, 6.325019762814975, 5.385821638338945, 4.655664158849949, 4.651703865251958, 3.7919227246873057, 3.1430674030316306, 5.553097119626128, 5.086561519337007, 5.512961900829717, 4.765009168931367, 7.092590898959279, 8.9557662514159, 9.07972635270469, 7.43936750066832], [4.324947363841553, 2.9213761380554883, 2.504231718511688, 1.6202661201173096, 3.0421032083083572, 0.0, 1.416637829510422, 2.383608541686323, 2.5525609845799964, 3.1557589293227073, 4.281138823957943, 4.805692711774235, 5.48565816470549, 5.406289012807214, 5.5495888910801305, 6.8443670481644965, 7.834917660065102, 7.740955393877425, 6.626521733911389, 4.510494492846655, 4.957558246758175, 4.929898279883673, 2.5566006669012666, 3.248318441901902, 2.040411708454938, 2.0883512755281375, 3.339916302843531, 2.6537389622945207, 2.635180086825187, 4.884924362771649, 7.226446524399111, 8.8376783184273, 8.690735237596414, 6.896817076014123], [5.7216380818783, 4.285189557067459, 3.8616036953576685, 2.62894704777407, 3.5171194022950085, 1.416637829510422, 0.0, 1.5150063168185142, 3.2186279499190333, 3.1961822789071337, 4.2936735378926985, 5.153255171248557, 6.016161010145922, 5.085385661874622, 4.927681943875842, 6.083451726610477, 7.1655813023089765, 7.279766194734553, 6.349498866052344, 5.913317819126585, 6.2964184366987554, 6.319344327539053, 3.847291620088085, 4.454063843278405, 1.0942818923842244, 1.093304033652122, 2.1617451214238925, 2.1602424632434203, 2.1594962954355816, 4.176829071197432, 6.321290743985756, 8.091828783408607, 8.272479510400736, 6.80681835808772], [6.183503700977302, 4.734909302193655, 4.733440188699969, 3.709132084463965, 4.922454392881665, 2.383608541686323, 1.5150063168185142, 0.0, 3.790642080175864, 3.603787083055823, 4.349731314690598, 5.100054607550786, 5.894418320750574, 4.974264284293708, 4.938113824123539, 5.9716162778597885, 6.878949127592092, 6.909412343318352, 6.041919003925822, 6.50914752406181, 6.525062731499215, 6.876645866263582, 4.1289199326216055, 4.693780576464988, 2.1514438640131885, 2.1524794191815166, 1.0935395146038387, 1.0948918850735903, 1.0950278398287419, 4.433239586352174, 6.291202636221472, 7.767045313373677, 7.816096256444134, 6.440838676756313], [4.303043348608052, 2.9585139343934146, 2.52358477170869, 1.63607082365037, 3.0639827561525212, 2.5525609845799964, 3.2186279499190333, 3.790642080175864, 0.0, 1.4125302970202092, 2.2653434640248267, 2.544195483841601, 3.270442523573836, 3.6788346266175105, 4.264686129130724, 5.659282140872639, 6.424668489502007, 6.059289200062991, 4.784191109268107, 4.94292821210262, 4.9475204385631395, 4.407783035722153, 3.3900981121495586, 2.536593156184097, 4.187277141532431, 3.0187767903573133, 4.620844058178116, 3.2817913919077792, 4.393337028956463, 3.920861197492204, 6.30919411256303, 7.50155220071153, 6.94150413455182, 4.897952106748289], [5.69574698700706, 4.305362128787775, 3.8543183288358525, 2.5961090462459393, 3.4924309427675158, 3.1557589293227073, 3.1961822789071337, 3.603787083055823, 1.4125302970202092, 0.0, 1.3021196911190616, 2.364664301756171, 3.436232177836649, 2.4416226919817072, 2.8597743722188995, 4.2554599598633285, 5.084640187859904, 4.867137989619772, 3.711887036266055, 6.3254503547178365, 6.286650094446166, 5.8099772228469195, 4.574099969392886, 3.8208532816636653, 4.203515202779692, 2.6187426658608515, 4.150843645573753, 3.029198121615686, 4.471533952683352, 2.544607492325683, 4.900658595535909, 6.148591788369106, 5.8286983804276575, 4.0801560803479076], [6.290242361785435, 4.986598212208399, 4.778319354124418, 3.7588124308084327, 4.704031702699291, 4.281138823957943, 4.2936735378926985, 4.349731314690598, 2.2653434640248267, 1.3021196911190616, 0.0, 1.4502869336789876, 2.6128399817057297, 1.4834886652752015, 2.4849419731655704, 3.77475623848746, 4.28654579002721, 3.800025023601818, 2.524560330037688, 7.067623270944766, 6.739844513043309, 6.319824296608253, 5.314203389032076, 4.255904520780512, 5.342209270517208, 3.7523038069964434, 4.798532325617907, 3.5309700692585886, 5.190204541248832, 2.701273966113026, 4.640680159200803, 5.374155703922245, 4.679536586030715, 2.785823205086784], [5.737058509375688, 4.637969105114867, 4.730121962486803, 4.178581134787262, 5.402738680521204, 4.805692711774235, 5.153255171248557, 5.100054607550786, 2.544195483841601, 2.364664301756171, 1.4502869336789876, 0.0, 1.1627558557152056, 2.5323379178142873, 3.8012827913745117, 4.960528444631681, 5.174919792615148, 4.3371011574552885, 2.9397791770811628, 6.658520743378366, 6.03881470903024, 5.662810578679106, 5.109040556699467, 3.699270665955656, 6.23498199676631, 4.835454205139368, 5.7144332028644795, 4.157267568968829, 5.73532560627555, 4.1423147091934, 5.9196474092634945, 6.237914823079905, 4.9752122738632965, 2.624033837434266], [5.555406598980852, 4.695417057088752, 5.02722516702803, 4.832217993840923, 6.175272681428732, 5.48565816470549, 6.016161010145922, 5.894418320750574, 3.270442523573836, 3.436232177836649, 2.6128399817057297, 1.1627558557152056, 0.0, 3.572575263028058, 4.905088663826578, 5.98567035260045, 6.031089190187789, 5.0166579522626416, 3.6568881894310086, 6.570112057644071, 5.704336389975612, 5.390921803365358, 5.252783739123475, 3.648548086568135, 7.09343844549313, 5.82752211235616, 6.586705747944112, 4.9157802574972775, 6.381553720685896, 5.299911902097996, 6.98498233426542, 7.054258936273887, 5.463141360975387, 3.015107351322669], [7.765438607702722, 6.43869467749481, 6.20179271582016, 5.037150792858995, 5.710936571176395, 5.406289012807214, 5.085385661874622, 4.974264284293708, 3.6788346266175105, 2.4416226919817072, 1.4834886652752015, 2.5323379178142873, 3.572575263028058, 0.0, 1.4032728779535362, 2.429356585600393, 2.8034835562207245, 2.426745680948047, 1.402531233163811, 8.534750973519966, 8.186883514500495, 7.799849713936801, 6.687638237823574, 5.7078965731694895, 6.063971110584218, 4.38633308128783, 5.117776796617844, 4.18947253123827, 5.915633585677869, 2.1730830863084822, 3.414003605739162, 3.891132270946337, 3.412334772556761, 2.183642326481148], [8.527836147581635, 7.124834264739075, 6.693272317782984, 5.298440719683481, 5.609735331546401, 5.5495888910801305, 4.927681943875842, 4.938113824123539, 4.264686129130724, 2.8597743722188995, 2.4849419731655704, 3.8012827913745117, 4.905088663826578, 1.4032728779535362, 0.0, 1.3963324854775814, 2.4160461378044915, 2.7890015579056247, 2.4201026321212082, 9.178205655246563, 9.044383800458712, 8.618232998126704, 7.281329730893939, 6.55300362734525, 5.751315958978432, 4.050188293153789, 4.843387836009006, 4.401020656620461, 5.9875139891277085, 1.0886358482063685, 2.1565509523310595, 3.4017545090732226, 3.8770082344508894, 3.4216323209836554], [9.911246878672733, 8.50483726652074, 8.086329081233337, 6.6695927079545125, 6.860117303661797, 6.8443670481644965, 6.083451726610477, 5.9716162778597885, 5.659282140872639, 4.2554599598633285, 3.77475623848746, 4.960528444631681, 5.98567035260045, 2.429356585600393, 1.3963324854775814, 0.0, 1.3930888377989397, 2.41367382634854, 2.7941927599934835, 10.56940545158525, 10.401076418332863, 9.998530118972488, 8.628474865235454, 7.910625029035316, 6.817818071054697, 5.195716932243326, 5.673999437786366, 5.479982986287458, 7.016362477808569, 2.143832610070105, 1.087735500937613, 2.153581595853754, 3.398331428804436, 3.8813689170188397], [10.558337839830662, 9.20428249349182, 8.930206007702175, 7.6330739482858405, 7.990796046077011, 7.834917660065102, 7.1655813023089765, 6.878949127592092, 6.424668489502007, 5.084640187859904, 4.28654579002721, 5.174919792615148, 6.031089190187789, 2.8034835562207245, 2.4160461378044915, 1.3930888377989397, 0.0, 1.3938093736232369, 2.4202566413502518, 11.311698126718198, 10.952610158770373, 10.601678426079523, 9.36529241027743, 8.483437607479647, 7.975570215351377, 6.359106908206529, 6.607995497123163, 6.237360805661317, 7.860972556242643, 3.3935008722556708, 2.1538192194332377, 1.0876499712683305, 2.152712774617181, 3.389935674905941], [9.963462575329924, 8.693948227934188, 8.577104964380464, 7.461486642084136, 8.067925611952555, 7.740955393877425, 7.279766194734553, 6.909412343318352, 6.059289200062991, 4.867137989619772, 3.800025023601818, 4.3371011574552885, 5.0166579522626416, 2.426745680948047, 2.7890015579056247, 2.41367382634854, 1.3938093736232369, 0.0, 1.397721009357733, 10.806759774326439, 10.267026854937118, 9.958727075284271, 8.92106431991161, 7.859050648138107, 8.20826171305472, 6.581935981153265, 6.814181589890307, 6.094949687241069, 7.811736244907402, 3.8774063676638275, 3.3994457165838083, 2.154542334232493, 1.0880103308333064, 2.134876204841864], [8.588065930697084, 7.34976488943694, 7.279703688337871, 6.268346704674207, 7.03882453965149, 6.626521733911389, 6.349498866052344, 6.041919003925822, 4.784191109268107, 3.711887036266055, 2.524560330037688, 2.9397791770811628, 3.6568881894310086, 1.402531233163811, 2.4201026321212082, 2.7941927599934835, 2.4202566413502518, 1.397721009357733, 0.0, 9.450672707273275, 8.888945173641245, 8.571247462300922, 7.626425420863958, 6.490208046742415, 7.3505683052400785, 5.725372800089091, 6.14378056737055, 5.14919472636256, 6.905248025958228, 3.4150152942556495, 3.881922856008347, 3.4054993187490146, 2.1579237382261685, 1.087865180065986], [1.0949949269288881, 2.159615338434139, 2.6391051532669176, 4.209222176364655, 5.390909231289282, 4.510494492846655, 5.913317819126585, 6.50914752406181, 4.94292821210262, 6.3254503547178365, 7.067623270944766, 6.658520743378366, 6.570112057644071, 8.534750973519966, 9.178205655246563, 10.56940545158525, 11.311698126718198, 10.806759774326439, 9.450672707273275, 0.0, 1.7799357460313001, 1.759446100339536, 2.498711295848322, 3.0623051758438447, 6.253678476704731, 6.5095988048419695, 7.584630847971442, 6.445981139438743, 6.2235512932729975, 8.728050314932883, 11.164956639414234, 12.392453182885136, 11.565130756718663, 9.254629424779797], [1.0935964566511724, 2.1620806344815167, 3.3381008447918408, 4.764670233080144, 6.325019762814975, 4.957558246758175, 6.2964184366987554, 6.525062731499215, 4.9475204385631395, 6.286650094446166, 6.739844513043309, 6.03881470903024, 5.704336389975612, 8.186883514500495, 9.044383800458712, 10.401076418332863, 10.952610158770373, 10.267026854937118, 8.888945173641245, 1.7799357460313001, 0.0, 1.7798465888946722, 2.4964099663316515, 2.495112785025959, 6.846902379178484, 6.9020822437870155, 7.614118201078835, 6.214732966910163, 6.193872507567458, 8.789762550831506, 11.12510520669355, 12.030498717426472, 10.903973758222277, 8.520952374588184], [1.0950267257012494, 2.159418632410121, 2.640853265518552, 4.175948365341698, 5.385821638338945, 4.929898279883673, 6.319344327539053, 6.876645866263582, 4.407783035722153, 5.8099772228469195, 6.319824296608253, 5.662810578679106, 5.390921803365358, 7.799849713936801, 8.618232998126704, 9.998530118972488, 10.601678426079523, 9.958727075284271, 8.571247462300922, 1.759446100339536, 1.7798465888946722, 0.0, 3.06242138837881, 2.4989603058071967, 6.897157091874884, 6.695201647448716, 7.955010467623533, 6.558633974388265, 6.797927222322992, 8.317687004209764, 10.700701635874164, 11.688846804967547, 10.637574546859824, 8.252075123870359], [2.148412495309036, 1.093970250966634, 2.061531617511602, 2.8987650663687807, 4.655664158849949, 2.5566006669012666, 3.847291620088085, 4.1289199326216055, 3.3900981121495586, 4.574099969392886, 5.314203389032076, 5.109040556699467, 5.252783739123475, 6.687638237823574, 7.281329730893939, 8.628474865235454, 9.36529241027743, 8.92106431991161, 7.626425420863958, 2.498711295848322, 2.4964099663316515, 3.06242138837881, 0.0, 1.7811803642528738, 4.376422524162858, 4.566002095925931, 5.218480481902754, 4.009346691170521, 3.83257945514506, 6.871086512335586, 9.221027679168955, 10.422392087711918, 9.706217003549838, 7.529961567631006], [2.1481046948414777, 1.0938739506908464, 2.0654496604855805, 2.8514225327018794, 4.651703865251958, 3.248318441901902, 4.454063843278405, 4.693780576464988, 2.536593156184097, 3.8208532816636653, 4.255904520780512, 3.699270665955656, 3.648548086568135, 5.7078965731694895, 6.55300362734525, 7.910625029035316, 8.483437607479647, 7.859050648138107, 6.490208046742415, 3.0623051758438447, 2.495112785025959, 2.4989603058071967, 1.7811803642528738, 0.0, 5.266002265476155, 4.831317835746267, 5.750126955989754, 4.190397081423192, 4.718115866529774, 6.336059470207014, 8.646873568521748, 9.564804415146188, 8.565410855878428, 6.239686767779293], [6.242500535842989, 4.913937415148874, 4.403330169315037, 3.2890387045457525, 3.7919227246873057, 2.040411708454938, 1.0942818923842244, 2.1514438640131885, 4.187277141532431, 4.203515202779692, 5.342209270517208, 6.23498199676631, 7.09343844549313, 6.063971110584218, 5.751315958978432, 6.817818071054697, 7.975570215351377, 8.20826171305472, 7.3505683052400785, 6.253678476704731, 6.846902379178484, 6.897157091874884, 4.376422524162858, 5.266002265476155, 0.0, 1.768205239784115, 2.504357109120023, 3.0651857920850407, 2.497330516771859, 4.904223878454164, 6.912636389251209, 8.847014515643115, 9.21911992925572, 7.858898572955373], [6.250428008544694, 4.790602635368539, 4.16992724277055, 2.660814320842399, 3.1430674030316306, 2.0883512755281375, 1.093304033652122, 2.1524794191815166, 3.0187767903573133, 2.6187426658608515, 3.7523038069964434, 4.835454205139368, 5.82752211235616, 4.38633308128783, 4.050188293153789, 5.195716932243326, 6.359106908206529, 6.581935981153265, 5.725372800089091, 6.5095988048419695, 6.9020822437870155, 6.695201647448716, 4.566002095925931, 4.831317835746267, 1.768205239784115, 0.0, 2.48932916666318, 2.5171056334607806, 3.0651753913927995, 3.1971786218477063, 5.3829064416911425, 7.273570785384576, 7.619337279580161, 6.301059037177798], [7.2750105216418754, 5.820668536345289, 5.750526933247074, 4.593922212010125, 5.553097119626128, 3.339916302843531, 2.1617451214238925, 1.0935395146038387, 4.620844058178116, 4.150843645573753, 4.798532325617907, 5.7144332028644795, 6.586705747944112, 5.117776796617844, 4.843387836009006, 5.673999437786366, 6.607995497123163, 6.814181589890307, 6.14378056737055, 7.584630847971442, 7.614118201078835, 7.955010467623533, 5.218480481902754, 5.750126955989754, 2.504357109120023, 2.48932916666318, 0.0, 1.7796125730057086, 1.7797183316468927, 4.339307585318192, 5.855291885124088, 7.395616751157404, 7.722101456209962, 6.6712015926667965], [5.945003823379763, 4.476524721254201, 4.626515948313591, 3.6619412966348874, 5.086561519337007, 2.6537389622945207, 2.1602424632434203, 1.0948918850735903, 3.2817913919077792, 3.029198121615686, 3.5309700692585886, 4.157267568968829, 4.9157802574972775, 4.18947253123827, 4.401020656620461, 5.479982986287458, 6.237360805661317, 6.094949687241069, 5.14919472636256, 6.445981139438743, 6.214732966910163, 6.558633974388265, 4.009346691170521, 4.190397081423192, 3.0651857920850407, 2.5171056334607806, 1.7796125730057086, 0.0, 1.7587885859306684, 4.101902274555063, 5.970308203937213, 7.171775650422982, 6.951688445982026, 5.452852066579471], [5.973384535587844, 4.643093075741644, 4.863165385836678, 4.154732226028532, 5.512961900829717, 2.635180086825187, 2.1594962954355816, 1.0950278398287419, 4.393337028956463, 4.471533952683352, 5.190204541248832, 5.73532560627555, 6.381553720685896, 5.915633585677869, 5.9875139891277085, 7.016362477808569, 7.860972556242643, 7.811736244907402, 6.905248025958228, 6.2235512932729975, 6.193872507567458, 6.797927222322992, 3.83257945514506, 4.718115866529774, 2.497330516771859, 3.0651753913927995, 1.7797183316468927, 1.7587885859306684, 0.0, 5.518642704506245, 7.354280953295162, 8.743185169604953, 8.66544525572691, 7.196388950716881], [8.184982104439813, 6.755487932784722, 6.170845281644971, 4.661188652050033, 4.765009168931367, 4.884924362771649, 4.176829071197432, 4.433239586352174, 3.920861197492204, 2.544607492325683, 2.701273966113026, 4.1423147091934, 5.299911902097996, 2.1730830863084822, 1.0886358482063685, 2.143832610070105, 3.3935008722556708, 3.8774063676638275, 3.4150152942556495, 8.728050314932883, 8.789762550831506, 8.317687004209764, 6.871086512335586, 6.336059470207014, 4.904223878454164, 3.1971786218477063, 4.339307585318192, 4.101902274555063, 5.518642704506245, 0.0, 2.4630691626505334, 4.287990024475337, 4.965375383593873, 4.338982762122938], [10.582372352643805, 9.148177624532659, 8.62752070122118, 7.122185651188826, 7.092590898959279, 7.226446524399111, 6.321290743985756, 6.291202636221472, 6.30919411256303, 4.900658595535909, 4.640680159200803, 5.9196474092634945, 6.98498233426542, 3.414003605739162, 2.1565509523310595, 1.087735500937613, 2.1538192194332377, 3.3994457165838083, 3.881922856008347, 11.164956639414234, 11.12510520669355, 10.700701635874164, 9.221027679168955, 8.646873568521748, 6.912636389251209, 5.3829064416911425, 5.855291885124088, 5.970308203937213, 7.354280953295162, 2.4630691626505334, 0.0, 2.4803521141160583, 4.29593321409912, 4.9690422205893965], [11.64338057696303, 10.282990959832649, 10.000068596764724, 8.675285337094106, 8.9557662514159, 8.8376783184273, 8.091828783408607, 7.767045313373677, 7.50155220071153, 6.148591788369106, 5.374155703922245, 6.237914823079905, 7.054258936273887, 3.891132270946337, 3.4017545090732226, 2.153581595853754, 1.0876499712683305, 2.154542334232493, 3.4054993187490146, 12.392453182885136, 12.030498717426472, 11.688846804967547, 10.422392087711918, 9.564804415146188, 8.847014515643115, 7.273570785384576, 7.395616751157404, 7.171775650422982, 8.743185169604953, 4.287990024475337, 2.4803521141160583, 0.0, 2.4786313057814793, 4.281244522332262], [10.672149855113544, 9.461910666984762, 9.436183216216184, 8.40736116685848, 9.07972635270469, 8.690735237596414, 8.272479510400736, 7.816096256444134, 6.94150413455182, 5.8286983804276575, 4.679536586030