{"total energy": -26.18873002, "HOMO-LUMO gap/eV": 3.87140649, "electronic energy": -26.53153289, "dipole": [-0.27735095, 1.30669936, -0.05339769], "partial charges": [-0.10065409, -0.05242601, -0.06019831, -0.05484762, -0.08363081, 0.23336977, -0.36655814, -0.13622211, 0.03204281, 0.03322042, 0.0317904, 0.03088112, 0.02739608, 0.02969457, 0.03446046, 0.04461464, 0.04442895, 0.05705357, 0.060049, 0.06366893, 0.06333664, 0.06852972], "atomic dipole moments": [[0.09370731, -0.0320364, -0.01824351], [-0.05134001, -0.0145739, 0.09877748], [0.05470973, 0.00650055, -0.09737585], [-0.00366903, 0.13077501, -0.00641451], [0.01194936, -0.08600739, 0.00512352], [0.00567941, -0.01816134, 0.00251849], [-0.02506909, 0.15975528, -0.00736101], [-0.07024393, -0.03751952, 0.01112373], [-0.00239122, 0.08169579, 0.09586255], [-0.07768755, -0.09584819, 0.02734992], [-0.04596046, 0.05816399, -0.10040432], [-0.00477037, -0.07413601, -0.09958185], [0.06531385, 0.09863422, -0.03287944], [0.00511495, 0.0757695, 0.09798485], [-0.07372007, -0.0916309, 0.03746341], [0.03036297, -0.07091561, 0.09898183], [-0.00649206, -0.08586827, -0.09444561], [0.00348823, 0.0841856, 0.10031985], [-0.02771294, 0.06085859, -0.11377632], [-0.01853253, 0.06480149, -0.11692356], [0.01086719, 0.0805641, 0.10744412], [0.11392159, -0.06864497, -0.00981832]], "atomic quadrupole moments": [[0.18564991, -0.11060329, -0.08700769, -0.05877924, 0.01221745, -0.09864222], [0.12747144, -0.15626827, -0.12974714, 0.02229919, -0.10251351, 0.0022757], [0.10321471, -0.17971541, -0.10029143, 0.03195172, -0.09620924, -0.00292328], [0.2103368, 0.0407187, 0.00378615, -0.0993676, -0.02593851, -0.21412295], [0.1700516, 0.01718785, 0.06151381, -0.06164155, -0.0334993, -0.23156541], [-0.28289421, 0.02686917, -0.32548803, 0.11819395, 0.05632244, 0.60838224], [-0.12861492, 0.00812016, -0.13427977, 0.05351832, 0.02430463, 0.26289469], [0.05916971, 0.15526513, 0.07234153, -0.03718209, -0.03432873, -0.13151125], [-0.0268474, 0.00578448, -0.00090793, 0.00752582, 0.06483195, 0.02775533], [-0.00051865, 0.04587819, 0.04534768, -0.0203443, -0.02001423, -0.04482904], [-0.01951434, -0.02481888, -0.02527856, 0.02612311, -0.04965291, 0.0447929], [-0.02432652, -0.00496303, 0.01288763, 0.00952125, 0.04479487, 0.01143889], [0.01125313, 0.03757105, 0.02473109, -0.00118825, -0.01406405, -0.03598422], [-0.02905651, -0.0005499, 0.01861274, 0.018478, 0.04317883, 0.01044377], [0.01477176, 0.03509231, 0.0231757, -0.00084722, -0.02011136, -0.03794746], [-0.00120221, -0.00675864, -0.02770637, 0.01927715, -0.03773043, 0.02890858], [-0.01660787, 0.01180626, -0.01615602, 9.96e-06, 0.04001616, 0.03276388], [-0.02214352, 0.02166645, 0.00558652, -0.01289419, 0.05300487, 0.01655699], [-0.01292973, 0.01099224, -0.0157671, 0.02440422, -0.04813895, 0.02869682], [-0.02470083, -0.01812791, -0.01262632, 0.01906316, -0.06328842, 0.03732715], [-0.02949235, -0.00197649, 0.00647647, -0.0020551, 0.07125412, 0.02301587], [0.04599874, -0.04867957, 0.00206674, -0.00909456, 0.00301724, -0.04806548]], "number of molecular orbitals": 46, "number of electrons": 48, "number of unpaired electrons": 0, "orbital energies/eV": [-19.08581157, -17.42119009, -17.12427755, -16.84967883, -16.36282894, -15.58724817, -15.40921417, -15.11786981, -14.76983532, -14.62284545, -14.14096001, -13.83724612, -13.64325432, -13.40836464, -13.12646526, -12.98700379, -12.81081286, -12.74405977, -12.36657868, -12.0526311, -11.93097663, -11.58500712, -11.5259391, -10.74179529, -6.87038879, 1.17704402, 2.25037329, 2.98297006, 3.12454706, 3.34979403, 3.67277068, 3.90054492, 4.08440445, 4.58412751, 4.62860255, 4.74498712, 5.12689102, 5.2565577, 5.6692647, 6.10069619, 6.71033694, 6.88349335, 7.23645155, 7.81902723, 8.15280576, 15.15046087], "fractional occupation": [2.0, 2.0, 2.0, 2.0, 2.0, 2.0, 2.0, 2.0, 2.0, 2.0, 2.0, 2.0, 2.0, 2.0, 2.0, 2.0, 2.0, 2.0, 2.0, 2.0, 2.0, 2.0, 2.0, 2.0, 0.0, 0.0, 0.0, 0.0, 0.0, 0.0, 0.0, 0.0, 0.0, 0.0, 0.0, 0.0, 0.0, 0.0, 0.0, 0.0, 0.0, 0.0, 0.0, 0.0, 0.0, 0.0], "program call": "xtb /home/svss/Project-DBcg-Debug/aqme2_20220329/End-to-End-workflows-final/example-3/QDESCP/mol_758_rdkit_conf_6/mol_758_rdkit_conf_6.xyz --pop --wbo --acc 0.2 --gfn 2 --chrg 0 --uhf 0 --etemp 300 --input /home/svss/Project-DBcg-Debug/aqme2_20220329/End-to-End-workflows-final/example-3/QDESCP/mol_758_rdkit_conf_6/mol_758_rdkit_conf_6_xtb.inp", "method": "GFN2-xTB", "xtb version": "6.3.3 (7355c4f)", "Dipole module/D": 3.398, "Total charge": 0, "Transition dipole module/D": NaN, "HOMO": -10.7418, "LUMO": -6.8704, "HOMO occupancy": 2.0, "LUMO occupancy": 0, "mulliken charges": [-0.08303, -0.04081, -0.05088, -0.03486, -0.08578, 0.39812, -0.49368, -0.12676, 0.02676, 0.02847, 0.02906, 0.02456, 0.01877, 0.02233, 0.02938, 0.0403, 0.0379, 0.04415, 0.04651, 0.05285, 0.05234, 0.0643], "cm5 charges": [-0.23345, -0.15343, -0.16127, -0.14303, -0.18814, 0.41319, -0.54435, -0.26854, 0.07806, 0.07975, 0.07984, 0.0794, 0.07407, 0.07753, 0.0843, 0.09752, 0.09492, 0.10076, 0.10356, 0.10544, 0.10491, 0.11897], "FUKUI+": [0.009, 0.006, 0.01, 0.015, 0.03, -0.194, -0.296, 0.051, -0.011, -0.015, -0.018, -0.009, 0.003, -0.019, -0.034, -0.019, -0.024, -0.095, -0.097, -0.107, -0.107, -0.077], "FUKUI-": [0.019, 0.008, 0.007, 0.011, -0.008, -0.03, -0.163, -0.0, -0.063, -0.07, -0.06, -0.074, -0.074, -0.062, -0.078, -0.047, -0.038, -0.051, -0.05, -0.059, -0.059, -0.054], "FUKUIrad": [0.014, 0.007, 0.009, 0.013, 0.011, -0.112, -0.23, 0.025, -0.037, -0.043, -0.039, -0.041, -0.036, -0.04, -0.056, -0.033, -0.031, -0.073, -0.074, -0.083, -0.083, -0.066], "s proportion": [1.008, 1.027, 1.033, 1.028, 1.041, 1.075, 1.739, 1.022, 0.973, 0.972, 0.971, 0.975, 0.981, 0.978, 0.971, 0.96, 0.962, 0.956, 0.953, 0.947, 0.948, 0.936], "p proportion": [3.075, 3.014, 3.018, 3.006, 3.045, 2.527, 4.754, 3.105, 0.0, 0.0, 0.0, 0.0, 0.0, 0.0, 0.0, 0.0, 0.0, 0.0, 0.0, 0.0, 0.0, 0.0], "d proportion": [0.0, 0.0, 0.0, 0.0, 0.0, 0.0, 0.0, 0.0, 0.0, 0.0, 0.0, 0.0, 0.0, 0.0, 0.0, 0.0, 0.0, 0.0, 0.0, 0.0, 0.0, 0.0], "Fermi-level/eV": -8.8061, "Coordination numbers": [3.75, 3.799, 3.801, 3.8, 3.801, 2.81, 0.857, 3.751, 0.924, 0.924, 0.924, 0.924, 0.924, 0.924, 0.924, 0.924, 0.924, 0.924, 0.924, 0.924, 0.924, 0.924], "Dispersion coefficient C6": [22.486, 21.517, 21.658, 21.56, 22.095, 23.115, 21.024, 23.184, 2.558, 2.541, 2.561, 2.574, 2.624, 2.591, 2.524, 2.388, 2.391, 2.234, 2.199, 2.157, 2.16, 2.102], "Total dispersion C6": 3496.968414, "Total dispersion C8": 74475.870256, "Polarizability alpha": [6.763, 6.605, 6.626, 6.611, 6.692, 7.877, 6.148, 6.867, 2.501, 2.493, 2.503, 2.509, 2.533, 2.517, 2.485, 2.417, 2.418, 2.337, 2.319, 2.297, 2.299, 2.267], "Total polarizability alpha": 88.081818, "Wiberg matrix": [[0.0, 1.0198160210715161, 0.0, 0.0, 0.0, 0.0, 0.0, 0.0, 0.9877950173090875, 0.987552790438315, 0.9874126945740042, 0.0, 0.0, 0.0, 0.0, 0.0, 0.0, 0.0, 0.0, 0.0, 0.0, 0.0], [1.0198160210715161, 0.0, 1.0086445074204042, 0.0, 0.0, 0.0, 0.0, 0.0, 0.0, 0.0, 0.0, 0.9778681767588864, 0.9763760890986534, 0.0, 0.0, 0.0, 0.0, 0.0, 0.0, 0.0, 0.0, 0.0], [0.0, 1.0086445074204042, 0.0, 1.0064697548579553, 0.0, 0.0, 0.0, 0.0, 0.0, 0.0, 0.0, 0.0, 0.0, 0.9769509914226271, 0.976354955165573, 0.0, 0.0, 0.0, 0.0, 0.0, 0.0, 0.0], [0.0, 0.0, 1.0064697548579553, 0.0, 1.0085770249672195, 0.0, 0.0, 0.0, 0.0, 0.0, 0.0, 0.0, 0.0, 0.0, 0.0, 0.9755153679017992, 0.9760836214953383, 0.0, 0.0, 0.0, 0.0, 0.0], [0.0, 0.0, 0.0, 1.0085770249672195, 0.0, 0.9926409369678332, 0.0, 0.0, 0.0, 0.0, 0.0, 0.0, 0.0, 0.0, 0.0, 0.0, 0.0, 0.9530884740360153, 0.9482282835085043, 0.0, 0.0, 0.0], [0.0, 0.0, 0.0, 0.0, 0.9926409369678332, 0.0, 1.8566561429341006, 1.0075944708652904, 0.0, 0.0, 0.0, 0.0, 0.0, 0.0, 0.0, 0.0, 0.0, 0.0, 0.0, 0.0, 0.0, 0.0], [0.0, 0.0, 0.0, 0.0, 0.0, 1.8566561429341006, 0.0, 0.0, 0.0, 0.0, 0.0, 0.0, 0.0, 0.0, 0.0, 0.0, 0.0, 0.0, 0.0, 0.0, 0.0, 0.0], [0.0, 0.0, 0.0, 0.0, 0.0, 1.0075944708652904, 0.0, 0.0, 0.0, 0.0, 0.0, 0.0, 0.0, 0.0, 0.0, 0.0, 0.0, 0.0, 0.0, 0.9630931430088934, 0.9637047857992358, 0.9828474051258387], [0.9877950173090875, 0.0, 0.0, 0.0, 0.0, 0.0, 0.0, 0.0, 0.0, 0.0, 0.0, 0.0, 0.0, 0.0, 0.0, 0.0, 0.0, 0.0, 0.0, 0.0, 0.0, 0.0], [0.987552790438315, 0.0, 0.0, 0.0, 0.0, 0.0, 0.0, 0.0, 0.0, 0.0, 0.0, 0.0, 0.0, 0.0, 0.0, 0.0, 0.0, 0.0, 0.0, 0.0, 0.0, 0.0], [0.9874126945740042, 0.0, 0.0, 0.0, 0.0, 0.0, 0.0, 0.0, 0.0, 0.0, 0.0, 0.0, 0.0, 0.0, 0.0, 0.0, 0.0, 0.0, 0.0, 0.0, 0.0, 0.0], [0.0, 0.9778681767588864, 0.0, 0.0, 0.0, 0.0, 0.0, 0.0, 0.0, 0.0, 0.0, 0.0, 0.0, 0.0, 0.0, 0.0, 0.0, 0.0, 0.0, 0.0, 0.0, 0.0], [0.0, 0.9763760890986534, 0.0, 0.0, 0.0, 0.0, 0.0, 0.0, 0.0, 0.0, 0.0, 0.0, 0.0, 0.0, 0.0, 0.0, 0.0, 0.0, 0.0, 0.0, 0.0, 0.0], [0.0, 0.0, 0.9769509914226271, 0.0, 0.0, 0.0, 0.0, 0.0, 0.0, 0.0, 0.0, 0.0, 0.0, 0.0, 0.0, 0.0, 0.0, 0.0, 0.0, 0.0, 0.0, 0.0], [0.0, 0.0, 0.976354955165573, 0.0, 0.0, 0.0, 0.0, 0.0, 0.0, 0.0, 0.0, 0.0, 0.0, 0.0, 0.0, 0.0, 0.0, 0.0, 0.0, 0.0, 0.0, 0.0], [0.0, 0.0, 0.0, 0.9755153679017992, 0.0, 0.0, 0.0, 0.0, 0.0, 0.0, 0.0, 0.0, 0.0, 0.0, 0.0, 0.0, 0.0, 0.0, 0.0, 0.0, 0.0, 0.0], [0.0, 0.0, 0.0, 0.9760836214953383, 0.0, 0.0, 0.0, 0.0, 0.0, 0.0, 0.0, 0.0, 0.0, 0.0, 0.0, 0.0, 0.0, 0.0, 0.0, 0.0, 0.0, 0.0], [0.0, 0.0, 0.0, 0.0, 0.9530884740360153, 0.0, 0.0, 0.0, 0.0, 0.0, 0.0, 0.0, 0.0, 0.0, 0.0, 0.0, 0.0, 0.0, 0.0, 0.0, 0.0, 0.0], [0.0, 0.0, 0.0, 0.0, 0.9482282835085043, 0.0, 0.0, 0.0, 0.0, 0.0, 0.0, 0.0, 0.0, 0.0, 0.0, 0.0, 0.0, 0.0, 0.0, 0.0, 0.0, 0.0], [0.0, 0.0, 0.0, 0.0, 0.0, 0.0, 0.0, 0.9630931430088934, 0.0, 0.0, 0.0, 0.0, 0.0, 0.0, 0.0, 0.0, 0.0, 0.0, 0.0, 0.0, 0.0, 0.0], [0.0, 0.0, 0.0, 0.0, 0.0, 0.0, 0.0, 0.9637047857992358, 0.0, 0.0, 0.0, 0.0, 0.0, 0.0, 0.0, 0.0, 0.0, 0.0, 0.0, 0.0, 0.0, 0.0], [0.0, 0.0, 0.0, 0.0, 0.0, 0.0, 0.0, 0.9828474051258387, 0.0, 0.0, 0.0, 0.0, 0.0, 0.0, 0.0, 0.0, 0.0, 0.0, 0.0, 0.0, 0.0, 0.0]], "Born radii": [], "Atomic SASAs": [], "Solvent H bonds": [], "Total SASA": NaN, "Total FOD": 0.0, "FOD": [0.0, 0.0, 0.0, 0.0, 0.0, 0.0, 0.0, 0.0, 0.0, 0.0, 0.0, 0.0, 0.0, 0.0, 0.0, 0.0, 0.0, 0.0, 0.0, 0.0, 0.0, 0.0], "FOD s proportion": [0.0, 0.0, 0.0, 0.0, 0.0, 0.0, 0.0, 0.0, 0.0, 0.0, 0.0, 0.0, 0.0, 0.0, 0.0, 0.0, 0.0, 0.0, 0.0, 0.0, 0.0, 0.0], "FOD p proportion": [0.0, 0.0, 0.0, 0.0, 0.0, 0.0, 0.0, 0.0, 0.0, 0.0, 0.0, 0.0, 0.0, 0.0, 0.0, 0.0, 0.0, 0.0, 0.0, 0.0, 0.0, 0.0], "FOD d proportion": [0.0, 0.0, 0.0, 0.0, 0.0, 0.0, 0.0, 0.0, 0.0, 0.0, 0.0, 0.0, 0.0, 0.0, 0.0, 0.0, 0.0, 0.0, 0.0, 0.0, 0.0, 0.0], "coordinates": [["-3.34150", "0.78350", "-0.49170"], ["-1.92930", "0.29790", "-0.78130"], ["-1.32720", "-0.41800", "0.42840"], ["0.05170", "-1.02280", "0.15200"], ["1.12760", "0.02390", "-0.13170"], ["2.51060", "-0.58920", "-0.27240"], ["2.71230", "-1.80150", "-0.22320"], ["3.64530", "0.37810", "-0.49020"], ["-3.35020", "1.48560", "0.34810"], ["-4.00230", "-0.05420", "-0.24680"], ["-3.75310", "1.29550", "-1.36710"], ["-1.95200", "-0.37960", "-1.64250"], ["-1.31340", "1.15970", "-1.05950"], ["-1.26130", "0.27620", "1.27510"], ["-2.00010", "-1.22790", "0.73670"], ["0.34720", "-1.61600", "1.02680"], ["-0.01420", "-1.72540", "-0.68820"], ["1.16460", "0.75020", "0.68770"], ["0.90920", "0.55540", "-1.06340"], ["3.47800", "0.93660", "-1.41430"], ["3.71090", "1.06300", "0.35870"], ["4.58730", "-0.17090", "-0.57420"]], "bond_dist": [[0.0, 1.5211786088424988, 2.5194425474695783, 3.8975473852154767, 4.5474659943753295, 6.014937421952119, 6.588081032440327, 6.998551682312564, 1.094661655489951, 1.094702671961661, 1.0944787435121799, 2.1465909018720826, 2.139418820614608, 2.7759984816278265, 2.711835260483203, 4.655099374879123, 4.17182415137551, 4.658007133957612, 4.2950344573705115, 6.883328455042662, 7.1089834835931365, 7.986460733641655], [1.5211786088424988, 0.0, 1.5291864863384061, 2.5572755776411737, 3.1371473937320826, 4.556164793990664, 5.124783559332043, 5.582771391522314, 2.1691317295175967, 2.169560706686955, 2.159771710158275, 1.0959867608689442, 1.0951836786585163, 2.162284867911719, 2.1534628578176127, 3.480616478441714, 2.7874752931640487, 3.4546712578767895, 2.8640825599133835, 5.481561819408772, 5.80489741942095, 6.536722375166319], [2.5194425474695783, 1.5291864863384061, 0.0, 1.5308642036444642, 2.556370603022965, 3.905014586400415, 4.319284091142883, 5.118921509458804, 2.7789692423630745, 2.782877196356318, 3.470575357199437, 2.163440872776513, 2.168680276112641, 1.0968852902651214, 1.0971696814987189, 2.14403869368069, 2.1633444755747986, 2.7642349701137925, 2.8591012154171804, 5.321694419073684, 5.251730257734112, 6.003963309348252], [3.8975473852154767, 2.5572755776411737, 1.5308642036444642, 0.0, 1.5276214812577098, 2.5326495079264326, 2.797488353863158, 3.9101026342028415, 4.231246787886521, 4.187140241262525, 4.70730100376001, 2.7656373912716754, 2.845089894889088, 2.161648354844053, 2.1433206339696356, 1.0974887379832197, 1.097235439639096, 2.160798440391884, 2.1686905380897477, 4.246419166780407, 4.21699314322421, 4.671698557270149], [4.5474659943753295, 3.1371473937320826, 2.556370603022965, 1.5276214812577098, 0.0, 1.5193344266487219, 2.419035241578758, 2.5676435071870864, 4.734708836876878, 5.131785423222604, 5.19272685686432, 3.4538768145375425, 2.8476894985233203, 2.7838075975181904, 3.4790270320881382, 2.154163043968585, 2.1618163613036145, 1.0955806907754444, 1.0946486650976193, 2.8288627061064666, 2.8273061136000113, 3.493318963392836], [6.014937421952119, 4.556164793990664, 3.905014586400415, 2.5326495079264326, 1.5193344266487219, 0.0, 1.2299491127684918, 1.506867684967728, 6.248103066531473, 6.534886898026622, 6.6320735724206195, 4.672890425635936, 4.277984761543687, 4.167841530096844, 4.666115621156424, 2.7244335998515363, 2.7997241149799033, 2.1277923700398964, 2.121384481889127, 2.137256187264409, 2.137468629009558, 2.1397992943264557], [6.588081032440327, 5.124783559332043, 4.319284091142883, 2.797488353863158, 2.419035241578758, 1.2299491127684918, 0.0, 2.385882260297017, 6.919921701146626, 6.938261122932748, 7.25956702359032, 5.0785732829211, 5.066987627772541, 4.727709502496954, 4.843257037366488, 2.681530954510874, 2.7669149715883936, 3.1203023875900238, 3.0841665421958004, 3.082565053652558, 3.088878408095728, 2.5095183521943007], [6.998551682312564, 5.582771391522314, 5.118921509458804, 3.9101026342028415, 2.5676435071870864, 1.506867684967728, 2.385882260297017, 0.0, 7.132063052862054, 7.663674876324021, 7.506457149015106, 5.764691827843012, 5.052099240909664, 5.215495303420377, 5.996253894724606, 4.141882110828361, 4.225619067071712, 2.7712414745019966, 2.8011134821709742, 1.0926446586150504, 1.0927134024985692, 1.0935360076376084], [1.094661655489951, 2.1691317295175967, 2.7789692423630745, 4.231246787886521, 4.734708836876878, 6.248103066531473, 6.919921701146626, 7.132063052862054, 0.0, 1.7748589972163986, 1.7721110179669897, 3.0653584847452997, 2.4972190152247364, 2.5856296273828545, 3.055627958374514, 4.873532908476149, 4.744821881799147, 4.586890053184184, 4.582585803888455, 7.073313933369564, 7.073742738465967, 8.160792595698043], [1.094702671961661, 2.169560706686955, 2.782877196356318, 4.187140241262525, 5.131785423222604, 6.534886898026622, 6.938261122932748, 7.663674876324021, 1.7748589972163986, 0.0, 1.771683611709495, 2.5015182869609407, 3.060100931341972, 3.152526727880352, 2.5206445167853397, 4.793686102572841, 4.3465716386596, 5.311986937107433, 5.016102069336309, 7.635419371586606, 7.817174702537996, 8.596629444730068], [1.0944787435121799, 2.159771710158275, 3.470575357199437, 4.70730100376001, 5.19272685686432, 6.6320735724206195, 7.25956702359032, 7.506457149015106, 1.7721110179669897, 1.771683611709495, 0.0, 2.4750285614513623, 2.4627617607068695, 3.7721692128005073, 3.723779128788387, 5.56956457454261, 4.854494333089699, 5.357548732396188, 4.730435813960486, 7.240154988672549, 7.664446352477132, 8.505368394725767], [2.1465909018720826, 1.0959867608689442, 2.163440872776513, 2.7656373912716754, 3.4538768145375425, 4.672890425635936, 5.0785732829211, 5.764691827843012, 3.0653584847452997, 2.5015182869609407, 2.4750285614513623, 0.0, 1.7655433866093464, 3.069125264631602, 2.5263648073862965, 3.7336534507101753, 2.544982312315746, 4.052095216057984, 3.0652972531224445, 5.59190107923951, 6.176919346243725, 6.629273344040054], [2.139418820614608, 1.0951836786585163, 2.168680276112641, 2.845089894889088, 2.8476894985233203, 4.277984761543687, 5.066987627772541, 5.052099240909664, 2.4972190152247364, 3.060100931341972, 2.4627617607068695, 1.7655433866093464, 0.0, 2.4967266209979817, 3.0657014026157214, 3.8489934450450813, 3.1858415434544134, 3.0595558648274426, 2.303289920960885, 4.809695479965442, 5.22151631425202, 6.068300663282925], [2.7759984816278265, 2.162284867911719, 1.0968852902651214, 2.161648354844053, 2.7838075975181904, 4.167841530096844, 4.727709502496954, 5.215495303420377, 2.5856296273828545, 3.152526727880352, 3.7721692128005073, 3.069125264631602, 2.4967266209979817, 0.0, 1.760118407948738, 2.4958657776410975, 3.0685840154703277, 2.5406112591264334, 3.2027496218093603, 5.489076881407292, 5.116797439805488, 6.150278925382166], [2.711835260483203, 2.1534628578176127, 1.0971696814987189, 2.1433206339696356, 3.4790270320881382, 4.666115621156424, 4.843257037366488, 5.996253894724606, 3.055627958374514, 2.5206445167853397, 3.723779128788387, 2.5263648073862965, 3.0657014026157214, 1.760118407948738, 0.0, 2.396788874723846, 2.494322567351705, 3.7323727975645737, 3.8580494281437088, 6.270681052325975, 6.16495156590869, 6.7992313219951575], [4.655099374879123, 3.480616478441714, 2.14403869368069, 1.0974887379832197, 2.154163043968585, 2.7244335998515363, 2.681530954510874, 4.141882110828361, 4.873532908476149, 4.793686102572841, 5.56956457454261, 3.7336534507101753, 3.8489934450450813, 2.4958657776410975, 2.396788874723846, 0.0, 1.7560761145235133, 2.5262687921121936, 3.0659024772487466, 4.719814044006395, 4.351767031907843, 4.757096070083092], [4.17182415137551, 2.7874752931640487, 2.1633444755747986, 1.097235439639096, 2.1618163613036145, 2.7997241149799033, 2.7669149715883936, 4.225619067071712, 4.744821881799147, 4.3465716386596, 4.854494333089699, 2.544982312315746, 3.1858415434544134, 3.0685840154703277, 2.494322567351705, 1.7560761145235133, 0.0, 3.0677786116341577, 2.4890743741399133, 4.450721969523597, 4.769438560250043, 4.85831951398835], [4.658007133957612, 3.4546712578767895, 2.7642349701137925, 2.160798440391884, 1.0955806907754444, 2.1277923700398964, 3.1203023875900238, 2.7712414745019966, 4.586890053184184, 5.311986937107433, 5.357548732396188, 4.052095216057984, 3.0595558648274426, 2.5406112591264334, 3.7323727975645737, 2.5262687921121936, 3.0677786116341577, 0.0, 1.7803166600355116, 3.1312886356897858, 2.586450952560284, 3.7624050964775178], [4.2950344573705115, 2.8640825599133835, 2.8591012154171804, 2.1686905380897477, 1.0946486650976193, 2.121384481889127, 3.0841665421958004, 2.8011134821709742, 4.582585803888455, 5.016102069336309, 4.730435813960486, 3.0652972531224445, 2.303289920960885, 3.2027496218093603, 3.8580494281437088, 3.0659024772487466, 2.4890743741399133, 1.7803166600355116, 0.0, 2.6205300398965097, 3.1826952508840685, 3.7809057036641365], [6.883328455042662, 5.481561819408772, 5.321694419073684, 4.246419166780407, 2.8288627061064666, 2.137256187264409, 3.082565053652558, 1.0926446586150504, 7.073313933369564, 7.635419371586606, 7.240154988672549, 5.59190107923951, 4.809695479965442, 5.489076881407292, 6.270681052325975, 4.719814044006395, 4.450721969523597, 3.1312886356897858, 2.6205300398965097, 0.0, 1.79269304957653, 1.7784461616815952], [7.1089834835931365, 5.80489741942095, 5.251730257734112, 4.21699314322421, 2.8273061136000113, 2.137468629009558, 3.088878408095728, 1.0927134024985692, 7.073742738465967, 7.817174702537996, 7.664446352477132, 6.176919346243725, 5.22151631425202, 5.116797439805488, 6.16495156590869, 4.351767031907843, 4.769438560250043, 2.586450952560284, 3.1826952508840685, 1.79269304957653, 0.0, 1.7778887985473106], [7.986460733641655, 6.536722375166319, 6.003963309348252, 4.671698557270149, 3.493318963392836, 2.1397992943264557, 2.5095183521943007, 1.0935360076376084, 8.160792595698043, 8.596629444730068, 8.505368394725767, 6.629273344040054, 6.068300663282925, 6.150278925382166, 6.7992313219951575, 4.757096070083092, 4.85831951398835, 3.7624050964775178, 3.7809057036641365, 1.7784461616815952, 1.7778887985473106, 0.0]]}