{"total energy": -50.84552155, "HOMO-LUMO gap/eV": 4.66735619, "electronic energy": -51.2980056, "dipole": [-0.11805602, -0.46024277, -0.44653367], "partial charges": [-0.14479027, 0.35717072, -0.40379031, -0.26603526, 0.07427362, 0.10527222, 0.06322423, -0.26833664, 0.36184702, -0.40386105, -0.14526947, -0.26442152, 0.36536894, -0.40859148, -0.14343905, 0.07903776, 0.08308189, 0.08307799, 0.07893947, 0.06758319, 0.07700263, 0.06692098, 0.08710939, 0.08362358, 0.0834371, 0.07908876, 0.09202936, 0.08088312, 0.07956308], "atomic dipole moments": [[0.10254415, 0.00356128, 0.04810159], [0.08607872, 0.12295532, 0.08732562], [-0.1006048, 0.14805525, 0.017001], [0.15792578, -0.17164238, -0.00590023], [-0.20923969, 0.10445894, -0.038629], [0.0974621, 0.07878459, -0.1621533], [0.08905926, -0.08330382, -0.21247726], [-0.05669247, 0.21929115, 0.02725406], [-0.11710613, -0.07732194, 0.0980503], [0.01954919, -0.1777359, -0.00199708], [-0.08639607, 0.03985065, 0.06159636], [-0.04670241, 0.03011179, 0.22425804], [0.02080106, -0.17308145, -0.0084823], [0.04214616, -0.05145295, -0.16821094], [-0.02110044, -0.08399445, 0.07757793], [-0.03339568, -0.10994268, -0.06289956], [-0.00052187, 0.10064545, -0.09338904], [-0.08869969, 0.01564909, 0.10364702], [0.07956745, -0.02399776, -0.10501426], [-0.0012235, -0.09707805, 0.08631473], [-0.10454589, 0.03454236, 0.07349442], [-0.01425593, -0.07441979, 0.09886954], [0.0413619, 0.11627099, 0.05839836], [0.08144226, -0.06694873, 0.08811903], [-0.05842168, -0.07795557, -0.09691026], [0.07531168, 0.08786417, -0.0618597], [0.12685893, -0.01834229, -0.05267046], [-0.10211828, -0.01403266, -0.08925312], [-0.00228356, 0.12314197, 0.04513752]], "atomic quadrupole moments": [[0.19310621, -0.05590305, -0.09204136, 0.13460739, 0.00464383, -0.10106485], [-0.20801723, 0.24078114, -0.12077669, -0.20878847, -0.14377107, 0.32879392], [-0.06262214, 0.03687998, -0.06050858, -0.10716029, -0.09636147, 0.12313072], [0.07656109, -0.01148188, -0.02972572, 0.06273295, 0.01833398, -0.04683537], [0.28798392, 0.02548952, -0.06211324, 0.32590146, 0.14132721, -0.22587068], [-0.22702742, 0.08630824, 0.16856914, 0.11775466, -0.21469578, 0.05845828], [0.270357, -0.21145569, -0.25839783, -0.17607062, 0.10379565, -0.01195917], [0.02699699, -0.0291865, -0.01415644, -0.07416911, 0.02082806, -0.01284055], [0.06559237, 0.1402761, -0.32954877, 0.30382593, -0.04560409, 0.2639564], [0.00670324, 0.01069094, -0.0997569, 0.15515742, 0.01519893, 0.09305366], [0.04971238, -0.12754936, 0.00390122, -0.15317148, 0.0856422, -0.0536136], [-0.07410087, 0.00822366, 0.03879866, -0.0171334, -0.05897096, 0.0353022], [0.45240207, 0.01772236, -0.07602272, 0.18829616, 0.04890979, -0.37637936], [0.19200132, 0.01488069, -0.10683323, 0.06814917, 0.00972627, -0.0851681], [-0.15367115, 0.02580004, 0.03109402, -0.04525262, -0.16242127, 0.12257712], [-0.02612174, 0.02442913, 0.04611087, 0.02279508, 0.05341481, -0.01998912], [-0.04261691, 0.00587855, 0.04452151, 0.01014068, -0.05629943, -0.0019046], [0.00839188, -0.01211259, -0.03733983, -0.05427489, 0.03128455, 0.02894795], [0.02656651, 0.00287947, -0.03954296, -0.01574353, 0.01063754, 0.01297645], [-0.00845194, 0.01101355, 0.00277173, 0.01932467, -0.03949833, 0.00568022], [-0.00209787, -0.01122607, -0.00140141, -0.0198783, -0.00956786, 0.00349928], [-0.01341647, 0.00105376, 0.00496616, -0.0202331, -0.05240646, 0.00845032], [0.00156043, 0.00642512, 0.03480642, -0.01218329, 0.01286783, -0.03636684], [-0.00474559, -0.03565475, -0.00447711, 0.03184498, -0.05356167, 0.0092227], [-0.01348547, 0.04323529, 0.00766314, 0.02500613, 0.05075684, 0.00582232], [0.00052509, 0.04381295, 0.0177277, -0.04315028, -0.03753689, -0.01825279], [0.04366625, -0.02616952, -0.01940631, -0.05183891, 0.01094717, -0.02425994], [0.0113293, 0.01784923, -0.02714321, 0.06601979, 0.01630624, 0.01581391], [-0.05214206, -0.00424289, 0.07325052, -0.0061017, 0.03533892, -0.02110846]], "number of molecular orbitals": 74, "number of electrons": 86, "number of unpaired electrons": 0, "orbital energies/eV": [-20.51398827, -20.45985535, -20.30225984, -19.69526309, -19.65158067, -19.47087375, -19.0821848, -18.77174462, -18.36634514, -17.56036089, -17.3553841, -17.1454278, -17.01868896, -16.87538806, -16.65901178, -16.32545158, -16.19012236, -15.9204445, -15.83206033, -15.59652351, -15.50503592, -15.48123277, -15.21200439, -14.83835317, -14.62073863, -14.35252369, -14.02858488, -13.94437726, -13.61186586, -13.4835602, -13.44573102, -13.37980178, -13.32902763, -13.26025516, -13.19670541, -13.0623789, -12.99109833, -12.90494391, -12.50200585, -12.23534973, -11.71235464, -11.66248035, -11.46972455, -6.80236837, -6.74320659, -6.51500484, -1.14764385, -0.96027077, -0.35322452, 1.43243311, 2.36540808, 2.8960483, 2.93436791, 3.26462719, 3.6011309, 3.7055629, 3.73493658, 4.04137638, 4.06669915, 4.11139765, 4.33979378, 4.57098529, 4.99760342, 5.47894859, 5.51489087, 5.54058882, 5.85031852, 6.16524434, 6.46606249, 6.73163109, 6.9083741, 15.82473535, 15.87308072, 15.99545674], "fractional occupation": [2.0, 2.0, 2.0, 2.0, 2.0, 2.0, 2.0, 2.0, 2.0, 2.0, 2.0, 2.0, 2.0, 2.0, 2.0, 2.0, 2.0, 2.0, 2.0, 2.0, 2.0, 2.0, 2.0, 2.0, 2.0, 2.0, 2.0, 2.0, 2.0, 2.0, 2.0, 2.0, 2.0, 2.0, 2.0, 2.0, 2.0, 2.0, 2.0, 2.0, 2.0, 2.0, 2.0, 0.0, 0.0, 0.0, 0.0, 0.0, 0.0, 0.0, 0.0, 0.0, 0.0, 0.0, 0.0, 0.0, 0.0, 0.0, 0.0, 0.0, 0.0, 0.0, 0.0, 0.0, 0.0, 0.0, 0.0, 0.0, 0.0, 0.0, 0.0, 0.0, 0.0, 0.0], "program call": "xtb /home/svss/Project-DBcg-Debug/aqme2_20220329/End-to-End-workflows-final/example-3/QDESCP/mol_126_rdkit_conf_5/mol_126_rdkit_conf_5.xyz --pop --wbo --acc 0.2 --gfn 2 --chrg 0 --uhf 0 --etemp 300 --input /home/svss/Project-DBcg-Debug/aqme2_20220329/End-to-End-workflows-final/example-3/QDESCP/mol_126_rdkit_conf_5/mol_126_rdkit_conf_5_xtb.inp", "method": "GFN2-xTB", "xtb version": "6.3.3 (7355c4f)", "Dipole module/D": 1.657, "Total charge": 0, "Transition dipole module/D": NaN, "HOMO": -11.4697, "LUMO": -6.8024, "HOMO occupancy": 2.0, "LUMO occupancy": 0, "mulliken charges": [-0.11724, 0.58124, -0.52837, -0.41999, 0.19276, 0.20264, 0.17937, -0.42556, 0.58521, -0.52358, -0.11806, -0.41583, 0.5891, -0.53295, -0.11268, 0.05968, 0.06567, 0.06463, 0.06359, 0.04553, 0.06166, 0.04079, 0.07722, 0.06525, 0.06595, 0.06027, 0.07349, 0.06124, 0.05899], "cm5 charges": [-0.25543, 0.62868, -0.57688, -0.50082, 0.11853, 0.16757, 0.10379, -0.5073, 0.63328, -0.57337, -0.25625, -0.49013, 0.63692, -0.58316, -0.25082, 0.11447, 0.12037, 0.11929, 0.1349, 0.11255, 0.13526, 0.10457, 0.14885, 0.11998, 0.12071, 0.11511, 0.12966, 0.11582, 0.11385], "FUKUI+": [0.022, -0.064, -0.114, -0.05, 0.015, 0.007, 0.016, -0.05, -0.061, -0.097, 0.021, -0.028, -0.045, -0.094, 0.018, -0.041, -0.044, -0.048, -0.016, -0.029, -0.026, -0.038, -0.017, -0.049, -0.041, -0.038, -0.03, -0.041, -0.037], "FUKUI-": [-0.001, -0.016, -0.129, -0.042, 0.01, 0.004, 0.011, -0.041, -0.013, -0.098, 0.001, -0.035, -0.012, -0.128, 0.0, -0.039, -0.044, -0.047, -0.018, -0.03, -0.025, -0.04, -0.018, -0.048, -0.038, -0.035, -0.039, -0.049, -0.04], "FUKUIrad": [0.01, -0.04, -0.121, -0.046, 0.012, 0.005, 0.014, -0.046, -0.037, -0.098, 0.011, -0.031, -0.028, -0.111, 0.009, -0.04, -0.044, -0.047, -0.017, -0.03, -0.025, -0.039, -0.018, -0.049, -0.04, -0.037, -0.034, -0.045, -0.038], "s proportion": [1.018, 0.985, 1.73, 1.699, 1.005, 1.032, 1.007, 1.698, 0.984, 1.729, 1.018, 1.698, 0.986, 1.731, 1.017, 0.94, 0.934, 0.935, 0.936, 0.954, 0.938, 0.959, 0.923, 0.935, 0.934, 0.94, 0.927, 0.939, 0.941], "p proportion": [3.099, 2.434, 4.798, 4.721, 2.802, 2.766, 2.814, 4.727, 2.431, 4.794, 3.1, 4.718, 2.425, 4.802, 3.096, 0.0, 0.0, 0.0, 0.0, 0.0, 0.0, 0.0, 0.0, 0.0, 0.0, 0.0, 0.0, 0.0, 0.0], "d proportion": [0.0, 0.0, 0.0, 0.0, 0.0, 0.0, 0.0, 0.0, 0.0, 0.0, 0.0, 0.0, 0.0, 0.0, 0.0, 0.0, 0.0, 0.0, 0.0, 0.0, 0.0, 0.0, 0.0, 0.0, 0.0, 0.0, 0.0, 0.0, 0.0], "Fermi-level/eV": -9.136, "Coordination numbers": [3.751, 2.716, 0.856, 1.702, 3.702, 3.742, 3.691, 1.701, 2.706, 0.856, 3.752, 1.701, 2.709, 0.856, 3.751, 0.924, 0.924, 0.924, 0.924, 0.924, 0.924, 0.924, 0.924, 0.924, 0.924, 0.924, 0.924, 0.924, 0.924], "Dispersion coefficient C6": [23.356, 20.937, 21.757, 18.411, 19.488, 18.921, 19.694, 18.45, 20.86, 21.759, 23.365, 18.384, 20.803, 21.854, 23.328, 1.989, 1.948, 1.948, 1.99, 2.112, 2.01, 2.12, 1.907, 1.942, 1.944, 1.989, 1.859, 1.97, 1.984], "Total dispersion C6": 7692.799498, "Total dispersion C8": 168700.414281, "Polarizability alpha": [6.892, 7.49, 6.254, 5.793, 6.312, 6.206, 6.35, 5.799, 7.476, 6.254, 6.893, 5.789, 7.466, 6.268, 6.888, 2.206, 2.182, 2.182, 2.206, 2.273, 2.217, 2.277, 2.16, 2.179, 2.18, 2.205, 2.132, 2.195, 2.203], "Total polarizability alpha": 128.928839, "Wiberg matrix": [[0.0, 0.9973701469964882, 0.0, 0.0, 0.0, 0.0, 0.0, 0.0, 0.0, 0.0, 0.0, 0.0, 0.0, 0.0, 0.0, 0.9814742690322432, 0.9615213686319118, 0.9608149398459744, 0.0, 0.0, 0.0, 0.0, 0.0, 0.0, 0.0, 0.0, 0.0, 0.0, 0.0], [0.9973701469964882, 0.0, 1.7608682360889563, 1.1119457744971002, 0.0, 0.0, 0.0, 0.0, 0.0, 0.0, 0.0, 0.0, 0.0, 0.0, 0.0, 0.0, 0.0, 0.0, 0.0, 0.0, 0.0, 0.0, 0.0, 0.0, 0.0, 0.0, 0.0, 0.0, 0.0], [0.0, 1.7608682360889563, 0.0, 0.1690169722676058, 0.0, 0.0, 0.0, 0.0, 0.0, 0.0, 0.0, 0.0, 0.0, 0.0, 0.0, 0.0, 0.0, 0.0, 0.0, 0.0, 0.0, 0.0, 0.0, 0.0, 0.0, 0.0, 0.0, 0.0, 0.0], [0.0, 1.1119457744971002, 0.1690169722676058, 0.0, 0.9490456873221643, 0.0, 0.0, 0.0, 0.0, 0.0, 0.0, 0.0, 0.0, 0.0, 0.0, 0.0, 0.0, 0.0, 0.0, 0.0, 0.0, 0.0, 0.0, 0.0, 0.0, 0.0, 0.0, 0.0, 0.0], [0.0, 0.0, 0.0, 0.9490456873221643, 0.0, 0.9928339459073259, 0.0, 0.0, 0.0, 0.0, 0.0, 0.0, 0.0, 0.0, 0.0, 0.0, 0.0, 0.0, 0.9652149659093774, 0.9657431955453448, 0.0, 0.0, 0.0, 0.0, 0.0, 0.0, 0.0, 0.0, 0.0], [0.0, 0.0, 0.0, 0.0, 0.9928339459073259, 0.0, 0.980987166169566, 0.0, 0.0, 0.0, 0.0, 0.9443083146952056, 0.0, 0.0, 0.0, 0.0, 0.0, 0.0, 0.0, 0.0, 0.9535543770946902, 0.0, 0.0, 0.0, 0.0, 0.0, 0.0, 0.0, 0.0], [0.0, 0.0, 0.0, 0.0, 0.0, 0.980987166169566, 0.0, 0.9528399264834482, 0.0, 0.0, 0.0, 0.0, 0.0, 0.0, 0.0, 0.0, 0.0, 0.0, 0.0, 0.0, 0.0, 0.967683801009902, 0.9623590505391788, 0.0, 0.0, 0.0, 0.0, 0.0, 0.0], [0.0, 0.0, 0.0, 0.0, 0.0, 0.0, 0.9528399264834482, 0.0, 1.1077539888309273, 0.16726658566523106, 0.0, 0.0, 0.0, 0.0, 0.0, 0.0, 0.0, 0.0, 0.0, 0.0, 0.0, 0.0, 0.0, 0.0, 0.0, 0.0, 0.0, 0.0, 0.0], [0.0, 0.0, 0.0, 0.0, 0.0, 0.0, 0.0, 1.1077539888309273, 0.0, 1.7631703957285745, 0.9968687132265878, 0.0, 0.0, 0.0, 0.0, 0.0, 0.0, 0.0, 0.0, 0.0, 0.0, 0.0, 0.0, 0.0, 0.0, 0.0, 0.0, 0.0, 0.0], [0.0, 0.0, 0.0, 0.0, 0.0, 0.0, 0.0, 0.16726658566523106, 1.7631703957285745, 0.0, 0.0, 0.0, 0.0, 0.0, 0.0, 0.0, 0.0, 0.0, 0.0, 0.0, 0.0, 0.0, 0.0, 0.0, 0.0, 0.0, 0.0, 0.0, 0.0], [0.0, 0.0, 0.0, 0.0, 0.0, 0.0, 0.0, 0.0, 0.9968687132265878, 0.0, 0.0, 0.0, 0.0, 0.0, 0.0, 0.0, 0.0, 0.0, 0.0, 0.0, 0.0, 0.0, 0.0, 0.9613917978677942, 0.9607020299103125, 0.9814808710714009, 0.0, 0.0, 0.0], [0.0, 0.0, 0.0, 0.0, 0.0, 0.9443083146952056, 0.0, 0.0, 0.0, 0.0, 0.0, 0.0, 1.1048303751305009, 0.163979448298085, 0.0, 0.0, 0.0, 0.0, 0.0, 0.0, 0.0, 0.0, 0.0, 0.0, 0.0, 0.0, 0.0, 0.0, 0.0], [0.0, 0.0, 0.0, 0.0, 0.0, 0.0, 0.0, 0.0, 0.0, 0.0, 0.0, 1.1048303751305009, 0.0, 1.7596653195730827, 0.9996903362117018, 0.0, 0.0, 0.0, 0.0, 0.0, 0.0, 0.0, 0.0, 0.0, 0.0, 0.0, 0.0, 0.0, 0.0], [0.0, 0.0, 0.0, 0.0, 0.0, 0.0, 0.0, 0.0, 0.0, 0.0, 0.0, 0.163979448298085, 1.7596653195730827, 0.0, 0.0, 0.0, 0.0, 0.0, 0.0, 0.0, 0.0, 0.0, 0.0, 0.0, 0.0, 0.0, 0.0, 0.0, 0.0], [0.0, 0.0, 0.0, 0.0, 0.0, 0.0, 0.0, 0.0, 0.0, 0.0, 0.0, 0.0, 0.9996903362117018, 0.0, 0.0, 0.0, 0.0, 0.0, 0.0, 0.0, 0.0, 0.0, 0.0, 0.0, 0.0, 0.0, 0.9606107991015588, 0.958640281426653, 0.9809257169568089], [0.9814742690322432, 0.0, 0.0, 0.0, 0.0, 0.0, 0.0, 0.0, 0.0, 0.0, 0.0, 0.0, 0.0, 0.0, 0.0, 0.0, 0.0, 0.0, 0.0, 0.0, 0.0, 0.0, 0.0, 0.0, 0.0, 0.0, 0.0, 0.0, 0.0], [0.9615213686319118, 0.0, 0.0, 0.0, 0.0, 0.0, 0.0, 0.0, 0.0, 0.0, 0.0, 0.0, 0.0, 0.0, 0.0, 0.0, 0.0, 0.0, 0.0, 0.0, 0.0, 0.0, 0.0, 0.0, 0.0, 0.0, 0.0, 0.0, 0.0], [0.9608149398459744, 0.0, 0.0, 0.0, 0.0, 0.0, 0.0, 0.0, 0.0, 0.0, 0.0, 0.0, 0.0, 0.0, 0.0, 0.0, 0.0, 0.0, 0.0, 0.0, 0.0, 0.0, 0.0, 0.0, 0.0, 0.0, 0.0, 0.0, 0.0], [0.0, 0.0, 0.0, 0.0, 0.9652149659093774, 0.0, 0.0, 0.0, 0.0, 0.0, 0.0, 0.0, 0.0, 0.0, 0.0, 0.0, 0.0, 0.0, 0.0, 0.0, 0.0, 0.0, 0.0, 0.0, 0.0, 0.0, 0.0, 0.0, 0.0], [0.0, 0.0, 0.0, 0.0, 0.9657431955453448, 0.0, 0.0, 0.0, 0.0, 0.0, 0.0, 0.0, 0.0, 0.0, 0.0, 0.0, 0.0, 0.0, 0.0, 0.0, 0.0, 0.0, 0.0, 0.0, 0.0, 0.0, 0.0, 0.0, 0.0], [0.0, 0.0, 0.0, 0.0, 0.0, 0.9535543770946902, 0.0, 0.0, 0.0, 0.0, 0.0, 0.0, 0.0, 0.0, 0.0, 0.0, 0.0, 0.0, 0.0, 0.0, 0.0, 0.0, 0.0, 0.0, 0.0, 0.0, 0.0, 0.0, 0.0], [0.0, 0.0, 0.0, 0.0, 0.0, 0.0, 0.967683801009902, 0.0, 0.0, 0.0, 0.0, 0.0, 0.0, 0.0, 0.0, 0.0, 0.0, 0.0, 0.0, 0.0, 0.0, 0.0, 0.0, 0.0, 0.0, 0.0, 0.0, 0.0, 0.0], [0.0, 0.0, 0.0, 0.0, 0.0, 0.0, 0.9623590505391788, 0.0, 0.0, 0.0, 0.0, 0.0, 0.0, 0.0, 0.0, 0.0, 0.0, 0.0, 0.0, 0.0, 0.0, 0.0, 0.0, 0.0, 0.0, 0.0, 0.0, 0.0, 0.0], [0.0, 0.0, 0.0, 0.0, 0.0, 0.0, 0.0, 0.0, 0.0, 0.0, 0.9613917978677942, 0.0, 0.0, 0.0, 0.0, 0.0, 0.0, 0.0, 0.0, 0.0, 0.0, 0.0, 0.0, 0.0, 0.0, 0.0, 0.0, 0.0, 0.0], [0.0, 0.0, 0.0, 0.0, 0.0, 0.0, 0.0, 0.0, 0.0, 0.0, 0.9607020299103125, 0.0, 0.0, 0.0, 0.0, 0.0, 0.0, 0.0, 0.0, 0.0, 0.0, 0.0, 0.0, 0.0, 0.0, 0.0, 0.0, 0.0, 0.0], [0.0, 0.0, 0.0, 0.0, 0.0, 0.0, 0.0, 0.0, 0.0, 0.0, 0.9814808710714009, 0.0, 0.0, 0.0, 0.0, 0.0, 0.0, 0.0, 0.0, 0.0, 0.0, 0.0, 0.0, 0.0, 0.0, 0.0, 0.0, 0.0, 0.0], [0.0, 0.0, 0.0, 0.0, 0.0, 0.0, 0.0, 0.0, 0.0, 0.0, 0.0, 0.0, 0.0, 0.0, 0.9606107991015588, 0.0, 0.0, 0.0, 0.0, 0.0, 0.0, 0.0, 0.0, 0.0, 0.0, 0.0, 0.0, 0.0, 0.0], [0.0, 0.0, 0.0, 0.0, 0.0, 0.0, 0.0, 0.0, 0.0, 0.0, 0.0, 0.0, 0.0, 0.0, 0.958640281426653, 0.0, 0.0, 0.0, 0.0, 0.0, 0.0, 0.0, 0.0, 0.0, 0.0, 0.0, 0.0, 0.0, 0.0], [0.0, 0.0, 0.0, 0.0, 0.0, 0.0, 0.0, 0.0, 0.0, 0.0, 0.0, 0.0, 0.0, 0.0, 0.9809257169568089, 0.0, 0.0, 0.0, 0.0, 0.0, 0.0, 0.0, 0.0, 0.0, 0.0, 0.0, 0.0, 0.0, 0.0]], "Born radii": [], "Atomic SASAs": [], "Solvent H bonds": [], "Total SASA": NaN, "Total FOD": 0.0, "FOD": [0.0, 0.0, 0.0, 0.0, 0.0, 0.0, 0.0, 0.0, 0.0, 0.0, 0.0, 0.0, 0.0, 0.0, 0.0, 0.0, 0.0, 0.0, 0.0, 0.0, 0.0, 0.0, 0.0, 0.0, 0.0, 0.0, 0.0, 0.0, 0.0], "FOD s proportion": [0.0, 0.0, 0.0, 0.0, 0.0, 0.0, 0.0, 0.0, 0.0, 0.0, 0.0, 0.0, 0.0, 0.0, 0.0, 0.0, 0.0, 0.0, 0.0, 0.0, 0.0, 0.0, 0.0, 0.0, 0.0, 0.0, 0.0, 0.0, 0.0], "FOD p proportion": [0.0, 0.0, 0.0, 0.0, 0.0, 0.0, 0.0, 0.0, 0.0, 0.0, 0.0, 0.0, 0.0, 0.0, 0.0, 0.0, 0.0, 0.0, 0.0, 0.0, 0.0, 0.0, 0.0, 0.0, 0.0, 0.0, 0.0, 0.0, 0.0], "FOD d proportion": [0.0, 0.0, 0.0, 0.0, 0.0, 0.0, 0.0, 0.0, 0.0, 0.0, 0.0, 0.0, 0.0, 0.0, 0.0, 0.0, 0.0, 0.0, 0.0, 0.0, 0.0, 0.0, 0.0, 0.0, 0.0, 0.0, 0.0, 0.0, 0.0], "coordinates": [["-3.79150", "-2.12150", "-1.59440"], ["-2.40700", "-2.30140", "-1.05240"], ["-1.74000", "-3.31840", "-1.17730"], ["-2.00960", "-1.17420", "-0.40270"], ["-0.67740", "-1.24550", "0.14000"], ["-0.35030", "0.09310", "0.81010"], ["0.94680", "0.00570", "1.62970"], ["2.02340", "-0.56260", "0.85760"], ["2.82020", "0.31650", "0.19010"], ["2.70250", "1.53300", "0.19060"], ["3.87750", "-0.42920", "-0.56520"], ["-0.21840", "1.08080", "-0.23820"], ["-0.35990", "2.37530", "0.15930"], ["-0.63940", "2.73760", "1.29370"], ["-0.14790", "3.29770", "-1.00100"], ["-4.09440", "-3.02960", "-2.12350"], ["-3.80810", "-1.28650", "-2.29940"], ["-4.49110", "-1.94640", "-0.77320"], ["0.02230", "-1.44590", "-0.68030"], ["-0.64000", "-2.05680", "0.87610"], ["-1.18910", "0.37320", "1.46030"], ["0.79320", "-0.66480", "2.48240"], ["1.24080", "0.97820", "2.03970"], ["4.49440", "-1.00410", "0.12990"], ["3.41090", "-1.08780", "-1.30210"], ["4.51850", "0.28420", "-1.09110"], ["0.83140", "3.11380", "-1.44980"], ["-0.94160", "3.15260", "-1.73790"], ["-0.17640", "4.33320", "-0.65010"]], "bond_dist": [[0.0, 1.497654252489539, 2.4114713910805574, 2.3436496730526946, 3.6705773619418514, 4.746359747216808, 6.113205995220511, 6.500425772209079, 7.269309536675405, 7.662482055443915, 7.92064977953198, 4.986085372313636, 5.922208413252611, 6.472071448153211, 6.557108597545111, 1.0937736648868446, 1.0929435301057415, 1.0929179337900905, 3.979583471922658, 4.004935528819408, 4.725167292276539, 6.305691652784808, 6.938217796379702, 8.536857270682228, 7.282069811530235, 8.665841181327986, 6.985734010109461, 5.9965534325977625, 7.458136670107353], [1.497654252489539, 0.0, 1.2226111442318852, 1.3603737317369813, 2.351224942450212, 3.665044527696765, 4.874868742848365, 5.128349598067589, 5.976690263013468, 6.5080459901571075, 6.575517997085856, 4.11000832602563, 5.246937982290243, 5.832676569980543, 6.037888337821427, 2.1271692950961847, 2.132630352405217, 2.132475193290652, 2.6022753793555364, 2.6270193014136765, 3.866578184907166, 5.041284621998643, 5.798560460148708, 7.12110542963661, 5.948372505147941, 7.392521579271853, 6.322147764802718, 5.68888595508822, 7.011086849412151], [2.4114713910805574, 1.2226111442318852, 0.0, 2.295709685478545, 2.6760628654798073, 4.185613109211123, 5.113490397957152, 5.089050128462088, 5.9898000642759355, 6.718856942962843, 6.346530493111965, 4.74869834902155, 6.0091093566351415, 6.632668946962452, 6.807249320393663, 2.553800939775847, 3.1088202955462063, 3.1006825087390038, 2.618962874880055, 2.6491670615497243, 4.57037581933915, 5.181901126999627, 6.139627773733518, 6.777351967398476, 5.6145277815681, 7.221840447559058, 6.932499624954912, 6.544123770223176, 7.827500709677388], [2.3436496730526946, 1.3603737317369813, 2.295709685478545, 0.0, 1.440265190858961, 2.4145827010065317, 3.776653906568617, 4.2693675936841045, 5.089259903954601, 5.466701303345555, 5.936276413712556, 2.884524690481952, 3.954276715152848, 4.478548898918041, 4.880756026477865, 3.278727320165555, 2.616234781131082, 2.6251486319825785, 2.068695303808659, 2.071259607099023, 2.557036567982554, 4.054500981625236, 4.6003525604023, 6.527986884943933, 5.495289398202791, 6.72435236509807, 5.249251700004487, 4.6523737253148525, 5.809757633499008], [3.6705773619418514, 2.351224942450212, 2.6760628654798073, 1.440265190858961, 0.0, 1.5322788192753956, 2.534311182550399, 2.8767382241003436, 3.8308693230127284, 4.375653850569078, 4.68089379712892, 2.4011222230448825, 3.634745022694164, 4.146993284296467, 4.714118951617577, 4.470160406517869, 3.9690850142066747, 3.98365444535542, 1.096645950158938, 1.0961065915320463, 2.1506321559020734, 2.8260776015530786, 3.4975981787506694, 5.1774406041981775, 4.338054701130451, 5.554544635701472, 4.879286625112322, 4.789529586504295, 5.656602575751632], [4.746359747216808, 3.665044527696765, 4.185613109211123, 2.4145827010065317, 1.5322788192753956, 0.0, 1.5368315880407974, 2.4630571308843, 3.238267717468708, 3.4317167860999254, 4.476442808748929, 1.446333913728085, 2.3731981880997632, 2.7038542897131124, 3.6865309072351473, 5.689951586788766, 4.850635757300274, 4.879818006852305, 2.1745445316203575, 2.170334559463126, 1.097634497453501, 2.163005305125256, 2.1970246653144336, 5.0137449047593154, 4.472419824882275, 5.230324472726334, 3.953250737051724, 4.0252304207337, 4.487858426911437], [6.113205995220511, 4.874868742848365, 5.113490397957152, 3.776653906568617, 2.534311182550399, 1.5368315880407974, 0.0, 1.4415862305113765, 2.3829965086000438, 2.7360805159936357, 3.6872383310548287, 2.4500166244333936, 3.079698883007883, 3.1768229491112656, 4.3538735144696155, 6.979488073634053, 6.302117236294483, 6.257425926848835, 2.8806150055153155, 2.7091979348139184, 2.173895448267924, 1.0955640099966777, 1.0955785001541423, 3.981778728156551, 3.9828359619748337, 4.4985948672891185, 4.376862234523723, 4.98094006488735, 5.018597665683114], [6.500425772209079, 5.128349598067589, 5.089050128462088, 4.2693675936841045, 2.8767382241003436, 2.4630571308843, 1.4415862305113765, 0.0, 1.3613461352646503, 2.301652704036819, 2.3409062796276143, 2.9878434430204, 3.846946606076045, 4.262863719379262, 4.8032128559954534, 7.238820556554777, 6.670612600054061, 6.856611504963658, 2.673902860988035, 3.0539606169693805, 3.3998713475659637, 2.040542065236588, 2.093773581359742, 2.6134862808134267, 2.620170868474039, 3.2771978792865104, 4.501208251125469, 5.415769224219216, 5.575045916402841], [7.269309536675405, 5.976690263013468, 5.9898000642759355, 5.089259903954601, 3.8308693230127284, 3.238267717468708, 2.3829965086000438, 1.3613461352646503, 0.0, 1.2221807517711936, 1.498142139451394, 3.1623860200804073, 3.788488100812777, 4.3644576215149575, 4.372172258729063, 8.02251976189526, 7.25958539725238, 7.713868743373846, 3.4193412128654255, 4.2516035715950755, 4.206080053921941, 3.213458881019018, 2.5205894965265565, 2.1332027657960695, 2.132521001068923, 2.1276135974372794, 3.8038775926677766, 5.090362113838268, 5.081281973085138], [7.662482055443915, 6.5080459901571075, 6.718856942962843, 5.466701303345555, 4.375653850569078, 3.4317167860999254, 2.7360805159936357, 2.301652704036819, 1.2221807517711936, 0.0, 2.4087522662158514, 2.9866387612163607, 3.176278126990771, 3.7197024585307896, 3.557928724693624, 8.507069247396545, 7.519148396593859, 8.048789707775946, 4.1007053125041795, 4.952663984160444, 4.254623918750046, 3.7051448784089405, 2.421474910049658, 3.1066809475708954, 3.0981569505110613, 2.5495317864266767, 2.9480257817732873, 4.42963669164865, 4.103164844360996], [7.92064977953198, 6.575517997085856, 6.346530493111965, 5.936276413712556, 4.68089379712892, 4.476442808748929, 3.6872383310548287, 2.3409062796276143, 1.498142139451394, 2.4087522662158514, 0.0, 4.377605031292796, 5.132804229658482, 5.821212679502442, 5.503049192038901, 8.528866786390791, 7.925330295325237, 8.507562859009624, 3.9886706983655595, 5.013405399526354, 5.515154718591311, 4.342381789985768, 3.9646520225613746, 1.092812714969953, 1.0929277789497347, 1.0937967681429674, 4.7554275696303066, 6.117862481291975, 6.2547395613246755], [4.986085372313636, 4.11000832602563, 4.74869834902155, 2.884524690481952, 2.4011222230448825, 1.446333913728085, 2.4500166244333936, 2.9878434430204, 3.1623860200804073, 2.9866387612163607, 4.377605031292796, 0.0, 1.361528093724107, 2.295418229865747, 2.3455233317961257, 5.95593151824297, 4.768500898605347, 5.263661285645193, 2.5763543603316683, 3.356180092009366, 2.0803505714181925, 3.3870515614616794, 2.7071423697323342, 5.1665065043992735, 4.359647653194005, 4.8785481016384376, 2.5890429892143545, 2.6579077429436864, 3.2786477959671116], [5.922208413252611, 5.246937982290243, 6.0091093566351415, 3.954276715152848, 3.634745022694164, 2.3731981880997632, 3.079698883007883, 3.846946606076045, 3.788488100812777, 3.176278126990771, 5.132804229658482, 1.361528093724107, 0.0, 1.2232108975969762, 1.4973516120136912, 6.954898281067812, 5.59857733446632, 6.050905765255315, 3.93097627059742, 4.49841846208198, 2.527563658941155, 3.996078231216201, 2.8372580178757096, 5.914848874654364, 5.32425433370721, 5.45297954608304, 2.133958938217884, 2.1311823056697894, 2.126540152454216], [6.472071448153211, 5.832676569980543, 6.632668946962452, 4.478548898918041, 4.146993284296467, 2.7038542897131124, 3.1768229491112656, 4.262863719379262, 4.3644576215149575, 3.7197024585307896, 5.821212679502442, 2.295418229865747, 1.2232108975969762, 0.0, 2.4126608443790847, 7.54154338845836, 6.256549217420095, 6.406834202630813, 4.672921478047753, 4.812552491142304, 2.433169334427836, 3.878359989737931, 2.680887241194601, 6.458378416444797, 6.146282851447695, 6.189537544114262, 3.1355336595227294, 3.074759893064823, 2.557081695996434], [6.557108597545111, 6.037888337821427, 6.807249320393663, 4.880756026477865, 4.714118951617577, 3.6865309072351473, 4.3538735144696155, 4.8032128559954534, 4.372172258729063, 3.557928724693624, 5.503049192038901, 2.3455233317961257, 1.4973516120136912, 2.4126608443790847, 0.0, 7.54119312774842, 6.008144159388987, 6.812918896478954, 4.75747385594498, 5.695290780109475, 3.9616657329966642, 5.3592117909259755, 4.068712871412776, 6.429258692882096, 5.655822566170194, 5.5555908074659355, 1.0928262167426257, 1.092719227432189, 1.0937107981546126], [1.0937736648868446, 2.1271692950961847, 2.553800939775847, 3.278727320165555, 4.470160406517869, 5.689951586788766, 6.979488073634053, 7.238820556554777, 8.02251976189526, 8.507069247396545, 8.528866786390791, 5.95593151824297, 6.954898281067812, 7.54154338845836, 7.54119312774842, 0.0, 1.7751918516036513, 1.7759513563158196, 4.640921333097557, 4.6772662271886984, 5.732664159882384, 7.120058118442573, 7.865052709295724, 9.107576365312562, 7.79582024484916, 9.285966110750136, 7.903084264386911, 6.950426752365642, 8.46950148473923], [1.0929435301057415, 2.132630352405217, 3.1088202955462063, 2.616234781131082, 3.9690850142066747, 4.850635757300274, 6.302117236294483, 6.670612600054061, 7.25958539725238, 7.519148396593859, 7.925330295325237, 4.768500898605347, 5.59857733446632, 6.256549217420095, 6.008144159388987, 1.7751918516036513, 0.0, 1.797565979317588, 4.161593124033151, 4.55126575251325, 4.873305775343878, 6.66513944490286, 7.031930468228479, 8.655215450813456, 7.290270912661613, 8.559167888293816, 6.450536450559751, 5.3139169460954125, 6.891332488713631], [1.0929179337900905, 2.132475193290652, 3.1006825087390038, 2.6251486319825785, 3.98365444535542, 4.879818006852305, 6.257425926848835, 6.856611504963658, 7.713868743373846, 8.048789707775946, 8.507562859009624, 5.263661285645193, 6.050905765255315, 6.406834202630813, 6.812918896478954, 1.7759513563158196, 1.797565979317588, 0.0, 4.542016096404768, 4.190865049127686, 4.612187161206709, 6.337606520603815, 7.0228462306959285, 9.079797858432753, 7.9660864400281275, 9.287062448912467, 7.3751215481509185, 6.28724083680592, 7.620050253115132], [3.979583471922658, 2.6022753793555364, 2.618962874880055, 2.068695303808659, 1.096645950158938, 2.1745445316203575, 2.8806150055153155, 2.673902860988035, 3.4193412128654255, 4.1007053125041795, 3.9886706983655595, 2.5763543603316683, 3.93097627059742, 4.672921478047753, 4.75747385594498, 4.640921333097557, 4.161593124033151, 4.542016096404768, 0.0, 1.7983940224544785, 3.0592128284903617, 3.3476970158603065, 3.8417968530363495, 4.56632124253211, 3.463737982296005, 4.835061229188313, 4.694426178991421, 4.815996596759595, 5.782593755400772], [4.004935528819408, 2.6270193014136765, 2.6491670615497243, 2.071259607099023, 1.0961065915320463, 2.170334559463126, 2.7091979348139184, 3.0539606169693805, 4.2516035715950755, 4.952663984160444, 5.013405399526354, 3.356180092009366, 4.49841846208198, 4.812552491142304, 5.695290780109475, 4.6772662271886984, 4.55126575251325, 4.190865049127686, 1.7983940224544785, 0.0, 2.558847484708692, 2.5635767844946638, 3.755342674111112, 5.2940584705875695, 4.7003518006634355, 5.99668901061244, 5.857468150148152, 5.8362493880916375, 6.586069495533735], [4.725167292276539, 3.866578184907166, 4.57037581933915, 2.557036567982554, 2.1506321559020734, 1.097634497453501, 2.173895448267924, 3.3998713475659637, 4.206080053921941, 4.254623918750046, 5.515154718591311, 2.0803505714181925, 2.527563658941155, 2.433169334427836, 3.9616657329966642, 5.732664159882384, 4.873305775343878, 4.612187161206709, 3.0592128284903617, 2.558847484708692, 0.0, 2.46000928860035, 2.570241889394848, 5.997423755246914, 5.561058780484162, 6.252540341333273, 4.4790613547929885, 4.244384979004614, 4.600103199929323], [6.305691652784808, 5.041284621998643, 5.181901126999627, 4.054500981625236, 2.8260776015530786, 2.163005305125256, 1.0955640099966777, 2.040542065236588, 3.213458881019018, 3.7051448784089405, 4.342381789985768, 3.3870515614616794, 3.996078231216201, 3.878359989737931, 5.3592117909259755, 7.120058118442573, 6.66513944490286, 6.337606520603815, 3.3476970158603065, 2.5635767844946638, 2.46000928860035, 0.0, 1.75948232443523, 4.398665954582139, 4.621008822757212, 5.248653478750526, 5.4535744278408815, 5.9492021221336895, 5.977682193793846], [6.938217796379702, 5.798560460148708, 6.139627773733518, 4.6003525604023, 3.4975981787506694, 2.1970246653144336, 1.0955785001541423, 2.093773581359742, 2.5205894965265565, 2.421474910049658, 3.9646520225613746, 2.7071423697323342, 2.8372580178757096, 2.680887241194601, 4.068712871412776, 7.865052709295724, 7.031930468228479, 7.0228462306959285, 3.8417968530363495, 3.755342674111112, 2.570241889394848, 1.75948232443523, 0.0, 4.261779239941927, 4.488353512146743, 4.585505635150828, 4.111569769564904, 4.874540684002955, 4.527637891881372], [8.536857270682228, 7.12110542963661, 6.777351967398476, 6.527986884943933, 5.1774406041981775, 5.0137449047593154, 3.981778728156551, 2.6134862808134267, 2.1332027657960695, 3.1066809475708954, 1.092812714969953, 5.1665065043992735, 5.914848874654364, 6.458378416444797, 6.429258692882096, 9.107576365312562, 8.655215450813456, 9.079797858432753, 4.56632124253211, 5.2940584705875695, 5.997423755246914, 4.398665954582139, 4.261779239941927, 0.0, 1.797665691946086, 1.7751446983274348, 5.733247029389192, 7.093442586642962, 7.135232577148415], [7.282069811530235, 5.948372505147941, 5.6145277815681, 5.495289398202791, 4.338054701130451, 4.472419824882275, 3.9828359619748337, 2.620170868474039, 2.132521001068923, 3.0981569505110613, 1.0929277789497347, 4.359647653194005, 5.32425433370721, 6.146282851447695, 5.655822566170194, 7.79582024484916, 7.290270912661613, 7.9660864400281275, 3.463737982296005, 4.7003518006634355, 5.561058780484162, 4.621008822757212, 4.488353512146743, 1.797665691946086, 0.0, 1.77586113195824, 4.932451530425818, 6.092222094605547, 6.533074795990016], [8.665841181327986, 7.392521579271853, 7.221840447559058, 6.72435236509807, 5.554544635701472, 5.230324472726334, 4.4985948672891185, 3.2771978792865104, 2.1276135974372794, 2.5495317864266767, 1.0937967681429674, 4.8785481016384376, 5.45297954608304, 6.189537544114262, 5.5555908074659355, 9.285966110750136, 8.559167888293816, 9.287062448912467, 4.835061229188313, 5.99668901061244, 6.252540341333273, 5.248653478750526, 4.585505635150828, 1.7751446983274348, 1.77586113195824, 0.0, 4.661545694294974, 6.201512783990694, 6.215381565921758], [6.985734010109461, 6.322147764802718, 6.932499624954912, 5.249251700004487, 4.879286625112322, 3.953250737051724, 4.376862234523723, 4.501208251125469, 3.8038775926677766, 2.9480257817732873, 4.7554275696303066, 2.5890429892143545, 2.133958938217884, 3.1355336595227294, 1.0928262167426257, 7.903084264386911, 6.450536450559751, 7.3751215481509185, 4.694426178991421, 5.857468150148152, 4.4790613547929885, 5.4535744278408815, 4.111569769564904, 5.733247029389192, 4.932451530425818, 4.661545694294974, 0.0, 1.7966736069748452, 1.7726018419261556], [5.9965534325977625, 5.68888595508822, 6.544123770223176, 4.6523737253148525, 4.789529586504295, 4.0252304207337, 4.98094006488735, 5.415769224219216, 5.090362113838268, 4.42963669164865, 6.117862481291975, 2.6579077429436864, 2.1311823056697894, 3.074759893064823, 1.092719227432189, 6.950426752365642, 5.3139169460954125, 6.28724083680592, 4.815996596759595, 5.8362493880916375, 4.244384979004614, 5.9492021221336895, 4.874540684002955, 7.093442586642962, 6.092222094605547, 6.201512783990694, 1.7966736069748452, 0.0, 1.778385852395368], [7.458136670107353, 7.011086849412151, 7.827500709677388, 5.809757633499008, 5.656602575751632, 4.487858426911437, 5.018597665683114, 5.575045916402841, 5.081281973085138, 4.103164844360996, 6.2547395613246755, 3.2786477959671116, 2.126540152454216, 2.557081695996434, 1.0937107981546126, 8.46950148473923, 6.891332488713631, 7.620050253115132, 5.782593755400772, 6.586069495533735, 4.600103199929323, 5.977682193793846, 4.527637891881372, 7.135232577148415, 6.533074795990016, 6.215381565921758, 1.7726018419261556, 1.778385852395368, 0.0]]}