{"total energy": -52.95500162, "HOMO-LUMO gap/eV": 3.38625577, "electronic energy": -53.5974289, "dipole": [0.17180219, 0.0364116, 0.58772872], "partial charges": [-0.38561135, 0.2815531, -0.1688691, 0.33787678, -0.42348714, -0.16807997, 0.2795125, -0.38854904, -0.02271668, -0.01336686, -0.11212013, -0.05858285, -0.05193052, -0.101246, -0.05548248, -0.03881269, -0.08956258, 0.23322355, 0.23300956, 0.06162468, 0.03835491, 0.04527812, 0.06082553, 0.03956309, 0.02055702, 0.03680782, 0.035382, 0.03491589, 0.03362455, 0.03620979, 0.06751886, 0.07000149, 0.03689167, 0.04769858, 0.0479879], "atomic dipole moments": [[0.12483799, 0.10319227, -0.10334312], [0.02613589, -0.03490687, -0.07935005], [-0.00574472, 0.05411152, -0.02323948], [-0.0104939, 0.03345158, 0.08355991], [-0.03391105, 0.08444091, 0.19764069], [-0.04541137, -0.03329769, 0.00851758], [0.01840178, -0.03848863, -0.07363001], [-0.03066796, -0.18843523, -0.00862887], [0.02380103, -0.01354952, -0.0134364], [0.0109549, -0.12892418, -0.04599606], [0.04539344, 0.05009646, -0.11045137], [0.02905604, 0.06824988, 0.08723736], [0.00437035, -0.07283613, -0.09944887], [0.0746526, -0.01178235, 0.07386395], [-0.05330422, -0.00481272, -0.14469843], [-0.10901388, 0.12043904, 0.03022314], [0.01998349, -0.0656131, 0.01185178], [-0.05099576, -0.12160645, -0.03834281], [0.04969622, 0.07438488, -0.10488971], [0.03705494, 0.11851495, 0.02386868], [0.09111708, -0.00219219, 0.08816937], [-0.08154377, 0.0794533, 0.05539327], [-0.06160602, -0.11573284, 0.00367916], [-0.06447578, -0.10863467, -0.01101279], [0.03661117, 0.02268554, -0.11600432], [-0.06028713, -0.02368212, 0.10543712], [0.0563594, 0.11002628, 0.01422171], [-0.06657793, -0.10617069, -0.0160235], [0.05000323, 0.03283013, -0.11118821], [-0.08038585, 0.09053919, 0.03304548], [0.037042, 0.10813751, 0.06020587], [-0.03793796, -0.07114529, 0.10190745], [0.10363402, 0.08272782, -0.07456556], [-0.09004607, -0.09418987, 0.08163362], [0.13318212, -0.04879426, -0.05595941]], "atomic quadrupole moments": [[0.09088718, -0.10089159, -0.07218935, 0.10831521, -0.07689565, -0.01869783], [0.1851605, -0.29656847, -0.1837639, 0.29434672, -0.13648398, -0.00139659], [0.02039556, -0.02620093, -0.09346336, -0.05277512, -0.05213115, 0.07306781], [0.30518518, -0.17889569, -0.11231213, 0.16616778, -0.08892649, -0.19287305], [0.10541357, -0.0929588, -0.07594376, 0.06087175, 0.00176509, -0.0294698], [-0.01022402, -0.0183252, 0.05215907, 0.0456894, 0.09369644, -0.04193505], [0.37899873, -0.15122131, -0.28321295, 0.27966872, 0.01452392, -0.09578578], [0.14890959, -0.05228866, -0.07875745, 0.12338237, -0.00920987, -0.07015214], [-0.0725746, 0.05099495, 0.04504154, -0.00231251, -0.0144139, 0.02753305], [0.06956818, -0.11979509, -0.14896191, -0.03474247, -0.01880784, 0.07939373], [-0.05466714, 0.00488477, -0.08510313, -0.08090557, -0.1164105, 0.13977027], [0.08503743, -0.1485267, -0.06047491, 0.09800563, 0.06576748, -0.02456252], [0.06115397, -0.17998677, -0.04860619, 0.12001354, 0.05136947, -0.01254778], [0.05732134, -0.03636412, -0.11635828, 0.1756595, -0.02086099, 0.05903694], [0.13366386, -0.12702334, -0.15240313, 0.08881207, 0.01257922, 0.01873927], [0.00609683, 0.05199745, -0.35605015, 0.24729595, 0.27453813, 0.34995331], [-0.09959611, 0.140455, -0.28500239, 0.36390952, 0.24202503, 0.3845985], [-0.03188533, 0.02530983, 0.02992268, -0.02138637, 0.01247439, 0.00196265], [-0.03132042, 0.02269072, 0.0167319, -0.02986468, -0.00335226, 0.01458852], [-0.00585012, 0.02486968, 0.01305067, -0.00943664, -0.0004188, -0.00720055], [0.05784778, -0.00398979, -0.0527532, 0.04965089, -0.00934491, -0.00509459], [0.00808055, -0.06340978, 0.02441735, -0.02317142, 0.00942169, -0.0324979], [-0.03034565, 0.04309219, 0.05645745, 0.00590246, 0.02036358, -0.02611179], [-0.00474775, 0.02849121, 0.04327301, -0.00426203, -0.01026294, -0.03852527], [-0.00303113, 0.00010662, -0.02851123, -0.03615704, -0.02662846, 0.03154236], [-0.00867029, 0.003664, -0.02289689, -0.02710653, -0.03083429, 0.03156717], [0.00423834, 0.03503628, 0.03295574, 0.00727629, -0.00120923, -0.03719409], [-0.01857808, 0.04970268, 0.0546334, 0.01368846, 0.00044068, -0.03605532], [-0.00168224, 0.01752082, -0.04503662, -0.04322122, -0.02562295, 0.04671885], [0.00405898, -0.05900758, 0.01796465, -0.01411259, 0.03348026, -0.02202363], [-0.01270416, 0.013411, 0.04909504, 0.00144165, 0.02314886, -0.03639087], [0.00738512, 0.01338106, 0.0039722, -0.02566078, -0.04132128, -0.01135733], [-0.00762902, -0.02403966, 0.04378395, -0.03429026, -0.0211345, -0.03615493], [0.01083744, 0.00336923, 0.02040338, -0.03726082, -0.02685371, -0.03124082], [0.01876435, -0.02275516, 0.02093981, -0.03722838, -0.01580622, -0.03970416]], "number of molecular orbitals": 86, "number of electrons": 94, "number of unpaired electrons": 0, "orbital energies/eV": [-20.54060394, -20.19114491, -20.11287318, -19.69879241, -19.31940186, -18.65364205, -18.18373345, -18.03805482, -17.6235655, -17.31206401, -17.04199233, -16.9553232, -16.86033346, -16.60097258, -16.41991461, -16.17827181, -15.65888111, -15.6427935, -15.58334266, -15.4836064, -15.3409375, -15.26622596, -15.0909472, -14.83168408, -14.58107293, -14.51145455, -14.16615336, -14.00433373, -13.88145231, -13.64503797, -13.50427767, -13.29378128, -12.99881451, -12.93444096, -12.73092176, -12.6791022, -12.65585202, -12.62504657, -12.38541307, -12.35075932, -12.22116652, -12.10974944, -11.94668113, -11.70671398, -11.66919119, -11.55694362, -11.43279415, -8.04653838, -7.10266868, -6.34701354, -5.48831165, -0.79843138, -0.17831409, -0.10998998, 1.15940556, 1.66241631, 1.89873764, 2.49438093, 2.81431943, 2.98010258, 3.25556831, 3.42452974, 3.60580419, 3.67271164, 4.0221517, 4.04732099, 4.30164065, 4.35723929, 4.50839063, 4.63529757, 4.90267116, 5.49785078, 5.94512742, 6.06831424, 6.43888676, 6.51293686, 6.9538228, 7.39872497, 7.72437379, 8.07250483, 10.48751647, 11.92674467, 14.14803115, 14.25382668, 14.68637847, 16.3865785], "fractional occupation": [2.0, 2.0, 2.0, 2.0, 2.0, 2.0, 2.0, 2.0, 2.0, 2.0, 2.0, 2.0, 2.0, 2.0, 2.0, 2.0, 2.0, 2.0, 2.0, 2.0, 2.0, 2.0, 2.0, 2.0, 2.0, 2.0, 2.0, 2.0, 2.0, 2.0, 2.0, 2.0, 2.0, 2.0, 2.0, 2.0, 2.0, 2.0, 2.0, 2.0, 2.0, 2.0, 2.0, 2.0, 2.0, 2.0, 2.0, 0.0, 0.0, 0.0, 0.0, 0.0, 0.0, 0.0, 0.0, 0.0, 0.0, 0.0, 0.0, 0.0, 0.0, 0.0, 0.0, 0.0, 0.0, 0.0, 0.0, 0.0, 0.0, 0.0, 0.0, 0.0, 0.0, 0.0, 0.0, 0.0, 0.0, 0.0, 0.0, 0.0, 0.0, 0.0, 0.0, 0.0, 0.0, 0.0], "program call": "xtb /home/svss/Project-DBcg-Debug/aqme2_20220329/End-to-End-workflows-final/example-3/QDESCP/mol_426_rdkit_conf_15/mol_426_rdkit_conf_15.xyz --pop --wbo --acc 0.2 --gfn 2 --chrg 0 --uhf 0 --etemp 300 --input /home/svss/Project-DBcg-Debug/aqme2_20220329/End-to-End-workflows-final/example-3/QDESCP/mol_426_rdkit_conf_15/mol_426_rdkit_conf_15_xtb.inp", "method": "GFN2-xTB", "xtb version": "6.3.3 (7355c4f)", "Dipole module/D": 1.559, "Total charge": 0, "Transition dipole module/D": NaN, "HOMO": -11.4328, "LUMO": -8.0465, "HOMO occupancy": 2.0, "LUMO occupancy": 0, "mulliken charges": [-0.51312, 0.47385, -0.3194, 0.57403, -0.54001, -0.31931, 0.47248, -0.51466, -0.05845, 0.00344, -0.0927, -0.05803, -0.03537, -0.0829, -0.03463, -0.04019, -0.07094, 0.28061, 0.28099, 0.04581, 0.03004, 0.03692, 0.04922, 0.03517, 0.02422, 0.02505, 0.02803, 0.02904, 0.02919, 0.03145, 0.05807, 0.05436, 0.03607, 0.03956, 0.04212], "cm5 charges": [-0.56087, 0.5734, -0.66295, 0.74302, -0.57653, -0.66349, 0.57131, -0.56047, -0.05866, -0.06022, -0.24099, -0.16463, -0.14838, -0.23341, -0.13209, -0.10193, -0.1723, 0.48352, 0.48364, 0.11019, 0.08275, 0.08909, 0.10577, 0.09415, 0.08377, 0.0804, 0.08296, 0.08033, 0.08048, 0.08221, 0.11562, 0.11359, 0.09351, 0.09285, 0.09439], "FUKUI+": [-0.133, -0.05, -0.029, -0.051, -0.139, -0.03, -0.05, -0.133, -0.004, 0.005, 0.015, 0.004, 0.004, 0.007, 0.004, -0.001, -0.019, -0.045, -0.045, -0.022, -0.015, -0.034, -0.009, -0.004, 0.006, -0.014, -0.01, -0.008, -0.004, -0.019, -0.039, -0.035, -0.024, -0.032, -0.044], "FUKUI-": [-0.071, -0.003, -0.018, 0.0, -0.071, -0.013, 0.002, -0.05, -0.012, 0.004, 0.014, 0.01, 0.006, 0.015, 0.009, -0.023, -0.031, -0.026, -0.026, -0.046, -0.036, -0.036, -0.043, -0.041, -0.035, -0.066, -0.061, -0.052, -0.059, -0.042, -0.042, -0.027, -0.039, -0.041, -0.051], "FUKUIrad": [-0.102, -0.027, -0.024, -0.025, -0.105, -0.022, -0.024, -0.092, -0.008, 0.004, 0.014, 0.007, 0.005, 0.011, 0.006, -0.012, -0.025, -0.035, -0.035, -0.034, -0.026, -0.035, -0.026, -0.022, -0.015, -0.04, -0.035, -0.03, -0.031, -0.031, -0.041, -0.031, -0.032, -0.036, -0.047], "s proportion": [1.729, 1.011, 1.425, 0.935, 1.72, 1.424, 1.012, 1.73, 1.112, 1.068, 1.014, 1.039, 1.027, 1.008, 1.039, 1.073, 1.054, 0.719, 0.719, 0.954, 0.97, 0.963, 0.951, 0.965, 0.976, 0.975, 0.972, 0.971, 0.971, 0.969, 0.942, 0.946, 0.964, 0.96, 0.958], "p proportion": [4.784, 2.515, 3.895, 2.491, 4.82, 3.895, 2.515, 4.785, 2.947, 2.929, 3.079, 3.019, 3.008, 3.075, 2.995, 2.967, 3.017, 0.0, 0.0, 0.0, 0.0, 0.0, 0.0, 0.0, 0.0, 0.0, 0.0, 0.0, 0.0, 0.0, 0.0, 0.0, 0.0, 0.0, 0.0], "d proportion": [0.0, 0.0, 0.0, 0.0, 0.0, 0.0, 0.0, 0.0, 0.0, 0.0, 0.0, 0.0, 0.0, 0.0, 0.0, 0.0, 0.0, 0.0, 0.0, 0.0, 0.0, 0.0, 0.0, 0.0, 0.0, 0.0, 0.0, 0.0, 0.0, 0.0, 0.0, 0.0, 0.0, 0.0, 0.0], "Fermi-level/eV": -9.7397, "Coordination numbers": [0.859, 2.761, 2.697, 2.699, 0.86, 2.697, 2.763, 0.859, 3.895, 3.843, 3.748, 3.799, 3.798, 3.75, 3.809, 2.882, 2.834, 0.86, 0.86, 0.923, 0.924, 0.924, 0.924, 0.924, 0.924, 0.924, 0.924, 0.924, 0.924, 0.924, 0.923, 0.923, 0.925, 0.925, 0.925], "Dispersion coefficient C6": [21.395, 22.233, 24.653, 21.258, 22.154, 24.636, 22.27, 21.453, 20.924, 20.783, 22.711, 21.63, 21.508, 22.498, 21.564, 28.962, 30.236, 0.951, 0.952, 2.18, 2.471, 2.38, 2.189, 2.455, 2.725, 2.492, 2.511, 2.518, 2.536, 2.5, 2.113, 2.086, 2.491, 2.349, 2.345], "Total dispersion C6": 11628.351798, "Total dispersion C8": 260382.107352, "Polarizability alpha": [6.202, 7.722, 7.374, 7.546, 6.311, 7.372, 7.728, 6.21, 6.503, 6.485, 6.797, 6.622, 6.603, 6.765, 6.61, 8.823, 9.011, 1.528, 1.529, 2.309, 2.458, 2.412, 2.314, 2.45, 2.582, 2.469, 2.478, 2.481, 2.49, 2.473, 2.273, 2.258, 2.468, 2.397, 2.395], "Total polarizability alpha": 162.447375, "Wiberg matrix": [[0.0, 1.7429816597305516, 0.13542018373645553, 0.0, 0.0, 0.0, 0.0, 0.0, 0.0, 0.0, 0.0, 0.0, 0.0, 0.0, 0.0, 0.0, 0.0, 0.0, 0.0, 0.0, 0.0, 0.0, 0.0, 0.0, 0.0, 0.0, 0.0, 0.0, 0.0, 0.0, 0.0, 0.0, 0.0, 0.0, 0.0], [1.7429816597305516, 0.0, 1.1482494889758843, 0.0, 0.0, 0.0, 0.0, 0.0, 0.9595360115066213, 0.0, 0.0, 0.0, 0.0, 0.0, 0.0, 0.0, 0.0, 0.0, 0.0, 0.0, 0.0, 0.0, 0.0, 0.0, 0.0, 0.0, 0.0, 0.0, 0.0, 0.0, 0.0, 0.0, 0.0, 0.0, 0.0], [0.13542018373645553, 1.1482494889758843, 0.0, 1.129403301832132, 0.11649253351506937, 0.0, 0.0, 0.0, 0.0, 0.0, 0.0, 0.0, 0.0, 0.0, 0.0, 0.0, 0.0, 0.9090274645302211, 0.0, 0.0, 0.0, 0.0, 0.0, 0.0, 0.0, 0.0, 0.0, 0.0, 0.0, 0.0, 0.0, 0.0, 0.0, 0.0, 0.0], [0.0, 0.0, 1.129403301832132, 0.0, 1.6485413361310635, 1.1281943217950863, 0.0, 0.0, 0.0, 0.0, 0.0, 0.0, 0.0, 0.0, 0.0, 0.0, 0.0, 0.0, 0.0, 0.0, 0.0, 0.0, 0.0, 0.0, 0.0, 0.0, 0.0, 0.0, 0.0, 0.0, 0.0, 0.0, 0.0, 0.0, 0.0], [0.0, 0.0, 0.11649253351506937, 1.6485413361310635, 0.0, 0.1160239065429872, 0.0, 0.0, 0.0, 0.0, 0.0, 0.0, 0.0, 0.0, 0.0, 0.0, 0.0, 0.0, 0.0, 0.0, 0.0, 0.0, 0.0, 0.0, 0.0, 0.0, 0.0, 0.0, 0.0, 0.0, 0.0, 0.0, 0.0, 0.0, 0.0], [0.0, 0.0, 0.0, 1.1281943217950863, 0.1160239065429872, 0.0, 1.1505350699271069, 0.13537521983023043, 0.0, 0.0, 0.0, 0.0, 0.0, 0.0, 0.0, 0.0, 0.0, 0.0, 0.9091615206195505, 0.0, 0.0, 0.0, 0.0, 0.0, 0.0, 0.0, 0.0, 0.0, 0.0, 0.0, 0.0, 0.0, 0.0, 0.0, 0.0], [0.0, 0.0, 0.0, 0.0, 0.0, 1.1505350699271069, 0.0, 1.7415932933444065, 0.9558892217122035, 0.0, 0.0, 0.0, 0.0, 0.0, 0.0, 0.0, 0.0, 0.0, 0.0, 0.0, 0.0, 0.0, 0.0, 0.0, 0.0, 0.0, 0.0, 0.0, 0.0, 0.0, 0.0, 0.0, 0.0, 0.0, 0.0], [0.0, 0.0, 0.0, 0.0, 0.0, 0.13537521983023043, 1.7415932933444065, 0.0, 0.0, 0.0, 0.0, 0.0, 0.0, 0.0, 0.0, 0.0, 0.0, 0.0, 0.0, 0.0, 0.0, 0.0, 0.0, 0.0, 0.0, 0.0, 0.0, 0.0, 0.0, 0.0, 0.0, 0.0, 0.0, 0.0, 0.0], [0.0, 0.9595360115066213, 0.0, 0.0, 0.0, 0.0, 0.9558892217122035, 0.0, 0.0, 0.9391458584105784, 0.0, 0.0, 0.0, 0.0, 0.9154665289726781, 0.0, 0.0, 0.0, 0.0, 0.0, 0.0, 0.0, 0.0, 0.0, 0.0, 0.0, 0.0, 0.0, 0.0, 0.0, 0.0, 0.0, 0.0, 0.0, 0.0], [0.0, 0.0, 0.0, 0.0, 0.0, 0.0, 0.0, 0.0, 0.9391458584105784, 0.0, 1.0117899994821171, 0.9931710941688863, 0.0, 0.0, 0.0, 0.0, 0.0, 0.0, 0.0, 0.9626071335654055, 0.0, 0.0, 0.0, 0.0, 0.0, 0.0, 0.0, 0.0, 0.0, 0.0, 0.0, 0.0, 0.0, 0.0, 0.0], [0.0, 0.0, 0.0, 0.0, 0.0, 0.0, 0.0, 0.0, 0.0, 1.0117899994821171, 0.0, 0.0, 0.0, 0.0, 0.0, 0.0, 0.0, 0.0, 0.0, 0.0, 0.9822075748828375, 0.9792641129947722, 0.9828710999921991, 0.0, 0.0, 0.0, 0.0, 0.0, 0.0, 0.0, 0.0, 0.0, 0.0, 0.0, 0.0], [0.0, 0.0, 0.0, 0.0, 0.0, 0.0, 0.0, 0.0, 0.0, 0.9931710941688863, 0.0, 0.0, 1.00695083571758, 0.0, 0.0, 0.0, 0.0, 0.0, 0.0, 0.0, 0.0, 0.0, 0.0, 0.9759453863356884, 0.9749074870687167, 0.0, 0.0, 0.0, 0.0, 0.0, 0.0, 0.0, 0.0, 0.0, 0.0], [0.0, 0.0, 0.0, 0.0, 0.0, 0.0, 0.0, 0.0, 0.0, 0.0, 0.0, 1.00695083571758, 0.0, 1.019485682185833, 0.0, 0.0, 0.0, 0.0, 0.0, 0.0, 0.0, 0.0, 0.0, 0.0, 0.0, 0.9753668547575823, 0.9773230358045516, 0.0, 0.0, 0.0, 0.0, 0.0, 0.0, 0.0, 0.0], [0.0, 0.0, 0.0, 0.0, 0.0, 0.0, 0.0, 0.0, 0.0, 0.0, 0.0, 0.0, 1.019485682185833, 0.0, 0.0, 0.0, 0.0, 0.0, 0.0, 0.0, 0.0, 0.0, 0.0, 0.0, 0.0, 0.0, 0.0, 0.9875906131144034, 0.9874171693195593, 0.9867909407603697, 0.0, 0.0, 0.0, 0.0, 0.0], [0.0, 0.0, 0.0, 0.0, 0.0, 0.0, 0.0, 0.0, 0.9154665289726781, 0.0, 0.0, 0.0, 0.0, 0.0, 0.0, 1.0229277475164047, 0.0, 0.0, 0.0, 0.0, 0.0, 0.0, 0.0, 0.0, 0.0, 0.0, 0.0, 0.0, 0.0, 0.0, 0.9592746002512826, 0.9641370664781179, 0.0, 0.0, 0.0], [0.0, 0.0, 0.0, 0.0, 0.0, 0.0, 0.0, 0.0, 0.0, 0.0, 0.0, 0.0, 0.0, 0.0, 1.0229277475164047, 0.0, 1.9782323901903185, 0.0, 0.0, 0.0, 0.0, 0.0, 0.0, 0.0, 0.0, 0.0, 0.0, 0.0, 0.0, 0.0, 0.0, 0.0, 0.9673691342064265, 0.0, 0.0], [0.0, 0.0, 0.0, 0.0, 0.0, 0.0, 0.0, 0.0, 0.0, 0.0, 0.0, 0.0, 0.0, 0.0, 0.0, 1.9782323901903185, 0.0, 0.0, 0.0, 0.0, 0.0, 0.0, 0.0, 0.0, 0.0, 0.0, 0.0, 0.0, 0.0, 0.0, 0.0, 0.0, 0.0, 0.9751974582786189, 0.9766049755693682], [0.0, 0.0, 0.9090274645302211, 0.0, 0.0, 0.0, 0.0, 0.0, 0.0, 0.0, 0.0, 0.0, 0.0, 0.0, 0.0, 0.0, 0.0, 0.0, 0.0, 0.0, 0.0, 0.0, 0.0, 0.0, 0.0, 0.0, 0.0, 0.0, 0.0, 0.0, 0.0, 0.0, 0.0, 0.0, 0.0], [0.0, 0.0, 0.0, 0.0, 0.0, 0.9091615206195505, 0.0, 0.0, 0.0, 0.0, 0.0, 0.0, 0.0, 0.0, 0.0, 0.0, 0.0, 0.0, 0.0, 0.0, 0.0, 0.0, 0.0, 0.0, 0.0, 0.0, 0.0, 0.0, 0.0, 0.0, 0.0, 0.0, 0.0, 0.0, 0.0], [0.0, 0.0, 0.0, 0.0, 0.0, 0.0, 0.0, 0.0, 0.0, 0.9626071335654055, 0.0, 0.0, 0.0, 0.0, 0.0, 0.0, 0.0, 0.0, 0.0, 0.0, 0.0, 0.0, 0.0, 0.0, 0.0, 0.0, 0.0, 0.0, 0.0, 0.0, 0.0, 0.0, 0.0, 0.0, 0.0], [0.0, 0.0, 0.0, 0.0, 0.0, 0.0, 0.0, 0.0, 0.0, 0.0, 0.9822075748828375, 0.0, 0.0, 0.0, 0.0, 0.0, 0.0, 0.0, 0.0, 0.0, 0.0, 0.0, 0.0, 0.0, 0.0, 0.0, 0.0, 0.0, 0.0, 0.0, 0.0, 0.0, 0.0, 0.0, 0.0], [0.0, 0.0, 0.0, 0.0, 0.0, 0.0, 0.0, 0.0, 0.0, 0.0, 0.9792641129947722, 0.0, 0.0, 0.0, 0.0, 0.0, 0.0, 0.0, 0.0, 0.0, 0.0, 0.0, 0.0, 0.0, 0.0, 0.0, 0.0, 0.0, 0.0, 0.0, 0.0, 0.0, 0.0, 0.0, 0.0], [0.0, 0.0, 0.0, 0.0, 0.0, 0.0, 0.0, 0.0, 0.0, 0.0, 0.9828710999921991, 0.0, 0.0, 0.0, 0.0, 0.0, 0.0, 0.0, 0.0, 0.0, 0.0, 0.0, 0.0, 0.0, 0.0, 0.0, 0.0, 0.0, 0.0, 0.0, 0.0, 0.0, 0.0, 0.0, 0.0], [0.0, 0.0, 0.0, 0.0, 0.0, 0.0, 0.0, 0.0, 0.0, 0.0, 0.0, 0.9759453863356884, 0.0, 0.0, 0.0, 0.0, 0.0, 0.0, 0.0, 0.0, 0.0, 0.0, 0.0, 0.0, 0.0, 0.0, 0.0, 0.0, 0.0, 0.0, 0.0, 0.0, 0.0, 0.0, 0.0], [0.0, 0.0, 0.0, 0.0, 0.0, 0.0, 0.0, 0.0, 0.0, 0.0, 0.0, 0.9749074870687167, 0.0, 0.0, 0.0, 0.0, 0.0, 0.0, 0.0, 0.0, 0.0, 0.0, 0.0, 0.0, 0.0, 0.0, 0.0, 0.0, 0.0, 0.0, 0.0, 0.0, 0.0, 0.0, 0.0], [0.0, 0.0, 0.0, 0.0, 0.0, 0.0, 0.0, 0.0, 0.0, 0.0, 0.0, 0.0, 0.9753668547575823, 0.0, 0.0, 0.0, 0.0, 0.0, 0.0, 0.0, 0.0, 0.0, 0.0, 0.0, 0.0, 0.0, 0.0, 0.0, 0.0, 0.0, 0.0, 0.0, 0.0, 0.0, 0.0], [0.0, 0.0, 0.0, 0.0, 0.0, 0.0, 0.0, 0.0, 0.0, 0.0, 0.0, 0.0, 0.9773230358045516, 0.0, 0.0, 0.0, 0.0, 0.0, 0.0, 0.0, 0.0, 0.0, 0.0, 0.0, 0.0, 0.0, 0.0, 0.0, 0.0, 0.0, 0.0, 0.0, 0.0, 0.0, 0.0], [0.0, 0.0, 0.0, 0.0, 0.0, 0.0, 0.0, 0.0, 0.0, 0.0, 0.0, 0.0, 0.0, 0.9875906131144034, 0.0, 0.0, 0.0, 0.0, 0.0, 0.0, 0.0, 0.0, 0.0, 0.0, 0.0, 0.0, 0.0, 0.0, 0.0, 0.0, 0.0, 0.0, 0.0, 0.0, 0.0], [0.0, 0.0, 0.0, 0.0, 0.0, 0.0, 0.0, 0.0, 0.0, 0.0, 0.0, 0.0, 0.0, 0.9874171693195593, 0.0, 0.0, 0.0, 0.0, 0.0, 0.0, 0.0, 0.0, 0.0, 0.0, 0.0, 0.0, 0.0, 0.0, 0.0, 0.0, 0.0, 0.0, 0.0, 0.0, 0.0], [0.0, 0.0, 0.0, 0.0, 0.0, 0.0, 0.0, 0.0, 0.0, 0.0, 0.0, 0.0, 0.0, 0.9867909407603697, 0.0, 0.0, 0.0, 0.0, 0.0, 0.0, 0.0, 0.0, 0.0, 0.0, 0.0, 0.0, 0.0, 0.0, 0.0, 0.0, 0.0, 0.0, 0.0, 0.0, 0.0], [0.0, 0.0, 0.0, 0.0, 0.0, 0.0, 0.0, 0.0, 0.0, 0.0, 0.0, 0.0, 0.0, 0.0, 0.9592746002512826, 0.0, 0.0, 0.0, 0.0, 0.0, 0.0, 0.0, 0.0, 0.0, 0.0, 0.0, 0.0, 0.0, 0.0, 0.0, 0.0, 0.0, 0.0, 0.0, 0.0], [0.0, 0.0, 0.0, 0.0, 0.0, 0.0, 0.0, 0.0, 0.0, 0.0, 0.0, 0.0, 0.0, 0.0, 0.9641370664781179, 0.0, 0.0, 0.0, 0.0, 0.0, 0.0, 0.0, 0.0, 0.0, 0.0, 0.0, 0.0, 0.0, 0.0, 0.0, 0.0, 0.0, 0.0, 0.0, 0.0], [0.0, 0.0, 0.0, 0.0, 0.0, 0.0, 0.0, 0.0, 0.0, 0.0, 0.0, 0.0, 0.0, 0.0, 0.0, 0.9673691342064265, 0.0, 0.0, 0.0, 0.0, 0.0, 0.0, 0.0, 0.0, 0.0, 0.0, 0.0, 0.0, 0.0, 0.0, 0.0, 0.0, 0.0, 0.0, 0.0], [0.0, 0.0, 0.0, 0.0, 0.0, 0.0, 0.0, 0.0, 0.0, 0.0, 0.0, 0.0, 0.0, 0.0, 0.0, 0.0, 0.9751974582786189, 0.0, 0.0, 0.0, 0.0, 0.0, 0.0, 0.0, 0.0, 0.0, 0.0, 0.0, 0.0, 0.0, 0.0, 0.0, 0.0, 0.0, 0.0], [0.0, 0.0, 0.0, 0.0, 0.0, 0.0, 0.0, 0.0, 0.0, 0.0, 0.0, 0.0, 0.0, 0.0, 0.0, 0.0, 0.9766049755693682, 0.0, 0.0, 0.0, 0.0, 0.0, 0.0, 0.0, 0.0, 0.0, 0.0, 0.0, 0.0, 0.0, 0.0, 0.0, 0.0, 0.0, 0.0]], "Born radii": [], "Atomic SASAs": [], "Solvent H bonds": [], "Total SASA": NaN, "Total FOD": 0.0, "FOD": [0.0, 0.0, 0.0, 0.0, 0.0, 0.0, 0.0, 0.0, 0.0, 0.0, 0.0, 0.0, 0.0, 0.0, 0.0, 0.0, 0.0, 0.0, 0.0, 0.0, 0.0, 0.0, 0.0, 0.0, 0.0, 0.0, 0.0, 0.0, 0.0, 0.0, 0.0, 0.0, 0.0, 0.0, 0.0], "FOD s proportion": [0.0, 0.0, 0.0, 0.0, 0.0, 0.0, 0.0, 0.0, 0.0, 0.0, 0.0, 0.0, 0.0, 0.0, 0.0, 0.0, 0.0, 0.0, 0.0, 0.0, 0.0, 0.0, 0.0, 0.0, 0.0, 0.0, 0.0, 0.0, 0.0, 0.0, 0.0, 0.0, 0.0, 0.0, 0.0], "FOD p proportion": [0.0, 0.0, 0.0, 0.0, 0.0, 0.0, 0.0, 0.0, 0.0, 0.0, 0.0, 0.0, 0.0, 0.0, 0.0, 0.0, 0.0, 0.0, 0.0, 0.0, 0.0, 0.0, 0.0, 0.0, 0.0, 0.0, 0.0, 0.0, 0.0, 0.0, 0.0, 0.0, 0.0, 0.0, 0.0], "FOD d proportion": [0.0, 0.0, 0.0, 0.0, 0.0, 0.0, 0.0, 0.0, 0.0, 0.0, 0.0, 0.0, 0.0, 0.0, 0.0, 0.0, 0.0, 0.0, 0.0, 0.0, 0.0, 0.0, 0.0, 0.0, 0.0, 0.0, 0.0, 0.0, 0.0, 0.0, 0.0, 0.0, 0.0, 0.0, 0.0], "coordinates": [["-0.59740", "-2.22480", "0.39910"], ["0.19010", "-1.55060", "-0.26270"], ["0.69200", "-2.06620", "-1.42310"], ["1.32140", "-1.36310", "-2.39770"], ["1.50890", "-1.83740", "-3.51320"], ["1.68000", "-0.08890", "-2.09960"], ["1.30520", "0.61110", "-0.98920"], ["1.51300", "1.82330", "-0.94320"], ["0.69520", "-0.17790", "0.16760"], ["-0.47550", "0.69530", "0.77870"], ["-0.95810", "0.24970", "2.16960"], ["-1.66880", "0.81470", "-0.20920"], ["-2.66450", "1.91910", "0.16140"], ["-3.73330", "2.08250", "-0.90940"], ["1.82690", "-0.40970", "1.21260"], ["3.09900", "-1.03850", "0.69560"], ["3.45000", "-2.31080", "0.92130"], ["0.35000", "-2.97910", "-1.68890"], ["2.07710", "0.44940", "-2.85710"], ["-0.08040", "1.71090", "0.92450"], ["-0.13750", "0.21130", "2.89110"], ["-1.68010", "0.96260", "2.58000"], ["-1.44510", "-0.72830", "2.14610"], ["-2.20490", "-0.14030", "-0.26740"], ["-1.29150", "1.02350", "-1.21730"], ["-3.15880", "1.68840", "1.11040"], ["-2.13630", "2.87100", "0.28780"], ["-4.29800", "1.15440", "-1.04430"], ["-3.28760", "2.35710", "-1.87080"], ["-4.43740", "2.87070", "-0.62470"], ["2.10590", "0.54960", "1.66890"], ["1.44930", "-1.03820", "2.02980"], ["3.78180", "-0.39790", "0.13850"], ["2.82000", "-2.98880", "1.49060"], ["4.38980", "-2.70420", "0.54400"]], "bond_dist": [[0.0, 1.2299110252371919, 2.237882740449106, 3.4994871867175057, 4.460119924396652, 3.999015036230797, 3.6864064425941967, 4.7584315756349795, 2.431914188453203, 2.947191846487093, 3.0639720935413233, 3.279708386427062, 4.636950604653882, 5.486244102298038, 3.135857259187669, 3.8934037679131097, 4.081854431505367, 2.413768681957739, 4.99070479291252, 4.004131447642547, 3.51513231898886, 4.010995245571852, 2.4515539031398026, 2.7154039754703168, 3.694046109620182, 4.730734815015528, 5.324263192217305, 5.215058634377949, 5.7778395322127105, 6.46203425323636, 4.076459038184979, 2.873357433386943, 4.752143580532895, 3.6679273452455403, 5.012283332973108], [1.2299110252371919, 0.0, 1.3653846088190684, 2.4234729088644666, 3.519550813669267, 2.7803903520908713, 2.538542327793649, 3.687322317075089, 1.5246604179291858, 2.5635140198563375, 3.236591821654377, 3.0088229509228355, 4.513027815114815, 5.386158562463605, 2.4813861327894937, 3.1052028130220415, 3.5505926336317435, 2.024901651932755, 3.7804338851512798, 3.4813785114520366, 3.6274051069600706, 4.230220510800826, 3.0252890390837037, 2.7793871950485776, 3.1196779529303984, 4.857124233535725, 5.026503135381494, 5.298203957002788, 5.472705198528421, 6.410358331637944, 3.436889326120351, 2.6652757174446324, 3.7934137159028674, 3.4725860882057336, 4.429338318530207], [2.237882740449106, 1.3653846088190684, 0.0, 1.3565909958421511, 2.2557023429521896, 2.31160367277784, 2.7806867389190026, 4.004067339593579, 2.469010656113092, 3.719793238877666, 4.581890015048375, 3.9174627834862705, 5.446039716160725, 6.087600468986117, 3.3134430355749287, 3.3672995085082644, 3.628030391272929, 1.0104454710670934, 3.2098444463867715, 4.513791303328057, 4.948474324476181, 5.552053445347946, 4.369938381716612, 3.6656190350335094, 3.677345779227186, 5.945107572618009, 5.941582578741122, 5.951122062266914, 5.966844588222488, 7.163879432960886, 4.289753705051142, 3.6814135464519597, 3.8430044873770317, 3.7241404981552457, 4.236773684066686], [3.4994871867175057, 2.4234729088644666, 1.3565909958421511, 0.0, 1.226563080318334, 1.3568504744444025, 2.425201090631455, 3.507909031032589, 2.8944066006696434, 4.189913737775517, 5.353267542352053, 4.298097384890203, 5.762744872020624, 6.29580720321072, 3.7681252500414573, 3.5824198260393776, 4.055223082642926, 2.014316608678983, 2.016751620800142, 4.738304768585491, 5.707760507414445, 6.260621377307528, 5.357481845979509, 4.297465487935884, 3.7304758583858977, 6.456826612198905, 6.090583087849635, 6.3045344134202335, 5.946460514457319, 7.364262955652792, 4.56191813823966, 4.441246972416644, 3.6629891673331496, 4.47298327070424, 4.457266725247661], [4.460119924396652, 3.519550813669267, 2.2557023429521896, 1.226563080318334, 0.0, 2.254948429565519, 3.522388669638829, 4.472766627044161, 4.1187785300984565, 5.364030039065777, 6.537299996940634, 5.296019986744763, 6.71053239095081, 7.044576019179578, 4.946982608621138, 4.5695357160219245, 4.863822264433601, 2.444299202225456, 2.4459707050576056, 5.899956666790019, 6.922634118599652, 7.425416300787451, 6.479498074696836, 5.216097822127188, 4.614991417110112, 7.45629706288584, 7.0642844365158455, 6.983295931005645, 6.580100322943411, 8.115917788519052, 5.736578981413922, 5.600635838902579, 4.535763171727554, 5.2993131262457025, 5.050920598267211], [3.999015036230797, 2.7803903520908713, 2.31160367277784, 1.3568504744444025, 2.254948429565519, 0.0, 1.3650872499587712, 2.240905799001823, 2.473448580423697, 3.6804565993908964, 5.029939384326614, 3.950261581212059, 5.293284920538475, 5.952761618778296, 3.330939970939134, 3.275430383934301, 4.146754926445498, 3.2079324385030303, 1.0105748611557681, 3.9349039391070275, 5.319822626742362, 5.856157479098389, 5.310466162212127, 4.295584571394213, 3.2932809324441177, 6.072633755628607, 5.387469949800185, 6.196445511743002, 5.5418692875238404, 6.95393017868313, 3.8458634024104397, 4.243387484074487, 3.085795821178064, 4.753793858593365, 4.60124234202025], [3.6864064425941967, 2.538542327793649, 2.7806867389190026, 2.425201090631455, 3.522388669638829, 1.3650872499587712, 0.0, 1.2307419225816596, 1.5273530174782777, 2.510667747831242, 3.9027111461136856, 3.081319353783376, 4.335119658094802, 5.249558862418823, 2.4823631422497394, 2.962676094344436, 4.097276766341273, 3.7804130951524333, 2.027566746126993, 2.6060880817808134, 4.15908059792065, 4.666342998537505, 4.380439309019131, 3.661475004694146, 2.639119978326109, 5.049375352456975, 4.310661116348627, 5.629747875349303, 4.99194815678208, 6.181917758268869, 2.7767604055805752, 3.443154992154724, 2.9022983737031587, 4.626370833601647, 4.780865349494796], [4.7584315756349795, 3.687322317075089, 4.004067339593579, 3.507909031032589, 4.472766627044161, 2.240905799001823, 1.2307419225816596, 0.0, 2.430529761183763, 2.8620719522751346, 4.274584893296658, 3.417584117472458, 4.322132002843042, 5.252807893879234, 3.119662778250239, 3.6593661582301378, 4.931441174748007, 4.997167522707238, 2.42256542326518, 2.4576127868319695, 4.47487996933996, 4.832145521401441, 4.9804410105933385, 4.258545644935603, 2.9291690118530203, 5.105015789397717, 3.991293872918906, 5.850245244432066, 4.918449406062849, 6.050268520487334, 2.9659582785332637, 4.1268594524165705, 3.3542894582906824, 5.548687939504257, 5.566506833733342], [2.431914188453203, 1.5246604179291858, 2.469010656113092, 2.8944066006696434, 4.1187785300984565, 2.473448580423697, 1.5273530174782777, 2.430529761183763, 0.0, 1.5831803245366587, 2.6313963308479393, 2.5914723614192763, 3.9604332502896704, 5.087332248831405, 1.5577230594685307, 2.6072343201177763, 3.5645826038962825, 3.3782357422181177, 3.384074909040874, 2.177617599579871, 2.874424843338228, 3.5724591110326234, 2.96619057041182, 2.932783450921667, 2.7033843344963, 4.384662305126816, 4.162647174575333, 5.308085449575958, 5.142372545819683, 6.0220664235792025, 2.1847728554703347, 2.18553694546672, 3.094567234687267, 3.7638096192554684, 4.491540694461089], [2.947191846487093, 2.5635140198563375, 3.719793238877666, 4.189913737775517, 5.364030039065777, 3.6804565993908964, 2.510667747831242, 2.8620719522751346, 1.5831803245366587, 0.0, 1.538201849563314, 1.5537592027080644, 2.5827246717371946, 3.922660613665169, 2.5904323905479565, 3.9736655999215635, 4.946364545805333, 4.50241217238049, 4.449188151786795, 1.0994566885512136, 2.1933384964478235, 2.183390056769518, 2.1992143779086204, 2.1870932604715327, 2.1811894094736477, 2.8803422348741825, 2.780811021986212, 4.259766197809452, 4.205869220506029, 4.732710463360293, 2.7344671309050326, 2.8766523078050295, 4.441795309331577, 4.9939678282904465, 5.93993505267524], [3.0639720935413233, 3.236591821654377, 4.581890015048375, 5.353267542352053, 6.537299996940634, 5.029939384326614, 3.9027111461136856, 4.274584893296658, 2.6313963308479393, 1.538201849563314, 0.0, 2.546175353348626, 3.1195455694700147, 4.532232549196918, 3.0177611502569253, 4.504685965747224, 5.24840535305725, 5.198489905732241, 5.875375053560411, 2.11086161081204, 1.093353177157317, 1.0945038008156938, 1.0927969848055035, 2.7650640571241745, 3.490130887230449, 2.8345798312977535, 3.4351914313470218, 4.7225594024850555, 5.117864512665415, 5.175256706676491, 3.1190922557692966, 2.733826111880564, 5.197249751551296, 5.022246794015603, 6.3220356674096685], [3.279708386427062, 3.0088229509228355, 3.9174627834862705, 4.298097384890203, 5.296019986744763, 3.950261581212059, 3.081319353783376, 3.417584117472458, 2.5914723614192763, 1.5537592027080644, 2.546175353348626, 0.0, 1.5324693178005229, 2.521855890014336, 3.96744112621725, 5.194702120430007, 6.103187195228408, 4.545105496025368, 4.6018023979740805, 2.1474321153414837, 3.5101041779411615, 2.7931413748680893, 2.8245935601427687, 1.0967294333608448, 1.0964571765463529, 2.1736595524598603, 2.1665490855274894, 2.77947490364637, 2.7857540738550486, 3.4734596888405087, 4.224440520352962, 4.26250009032258, 5.5946701788398565, 6.124153633768506, 7.046744028982464], [4.636950604653882, 4.513027815114815, 5.446039716160725, 5.762744872020624, 6.71053239095081, 5.293284920538475, 4.335119658094802, 4.322132002843042, 3.9604332502896704, 2.5827246717371946, 3.1195455694700147, 1.5324693178005229, 0.0, 1.5217245611476473, 5.1673015046540485, 6.500053819007963, 7.473728137281954, 6.041786456007858, 5.80983053969735, 2.702451046735167, 4.093112743377588, 2.780928184977095, 3.5262866034966582, 2.153190646459342, 2.141971533424289, 1.0946031152888247, 1.09594060514245, 2.169516266359854, 2.170238339445693, 2.160247712647788, 5.186983965658657, 5.399990026842642, 6.850094678177814, 7.478903348753746, 8.443010964105163], [5.486244102298038, 5.386158562463605, 6.087600468986117, 6.29580720321072, 7.044576019179578, 5.952761618778296, 5.249558862418823, 5.252807893879234, 5.087332248831405, 3.922660613665169, 4.532232549196918, 2.521855890014336, 1.5217245611476473, 0.0, 6.452113520390044, 7.680949764840284, 8.61698011312548, 6.549866693299948, 6.3420264159020965, 4.104260491245651, 5.556524752936856, 4.200680731738607, 4.7405206602228835, 2.772906489588136, 2.6793041354053106, 2.1365760225182724, 2.1460263488596776, 1.0947391059060603, 1.0946888187973787, 1.0945639040275355, 6.564576904873611, 6.725846258278582, 7.982932204397079, 8.626924398648688, 9.539896333818309], [3.135857259187669, 2.4813861327894937, 3.3134430355749287, 3.7681252500414573, 4.946982608621138, 3.330939970939134, 2.4823631422497394, 3.119662778250239, 1.5577230594685307, 2.5904323905479565, 3.0177611502569253, 3.96744112621725, 5.1673015046540485, 6.452113520390044, 0.0, 1.510270455911788, 2.5166427060669543, 4.147499514165132, 4.166906639222914, 2.86665994844174, 2.657418034483848, 4.006499600648925, 3.417442349184548, 4.303299617735209, 4.205103424411818, 5.410145371429496, 5.227351314958657, 6.712257923381669, 6.581842299083137, 7.306035172376328, 1.0983201627940735, 1.097911585693493, 2.2305748272586596, 2.777640801111619, 3.5043134306166164], [3.8934037679131097, 3.1052028130220415, 3.3672995085082644, 3.5824198260393776, 4.5695357160219245, 3.275430383934301, 2.962676094344436, 3.6593661582301378, 2.6072343201177763, 3.9736655999215635, 4.504685965747224, 5.194702120430007, 6.500053819007963, 7.680949764840284, 1.510270455911788, 0.0, 1.338987968579255, 4.124168959923926, 3.9849470899875192, 4.209534407746301, 4.105746282955146, 5.513180695388098, 4.780064758975552, 5.4649325201689365, 5.214165384795538, 6.838720895752362, 6.546667639341408, 7.908961462796491, 7.674970220137665, 8.591994046203709, 2.110834458217887, 2.1216973912412675, 1.0894698756734855, 2.1245084349091203, 2.112747900247448], [4.081854431505367, 3.5505926336317435, 3.628030391272929, 4.055223082642926, 4.863822264433601, 4.146754926445498, 4.097276766341273, 4.931441174748007, 3.5645826038962825, 4.946364545805333, 5.24840535305725, 6.103187195228408, 7.473728137281954, 8.61698011312548, 2.5166427060669543, 1.338987968579255, 0.0, 4.107282426373915, 4.876460295132116, 5.351430209766358, 4.807416842754537, 6.307484384443612, 5.288331050530025, 6.172679478962114, 6.178429306870801, 7.726939684635826, 7.645856471318305, 8.712215470246361, 8.6591204276185, 9.562904214201877, 3.2476758966990533, 2.6174574495108796, 2.0933354938948514, 1.0865939858107077, 1.0864358655714565], [2.413768681957739, 2.024901651932755, 1.0104454710670934, 2.014316608678983, 2.444299202225456, 3.2079324385030303, 3.7804130951524333, 4.997167522707238, 3.3782357422181177, 4.50241217238049, 5.198489905732241, 4.545105496025368, 6.041786456007858, 6.549866693299948, 4.147499514165132, 4.124168959923926, 4.107282426373915, 0.0, 4.012751911095426, 5.38620494597077, 5.6029196326558175, 6.154820233768001, 4.795384202543108, 4.0751640089694545, 4.351750862583933, 6.475593731851929, 6.656778544461276, 6.25341789823773, 6.460669610032694, 7.633602061936423, 5.177811249939495, 4.336390548601452, 4.666822842148607, 4.026191046137776, 4.624002212369714], [4.99070479291252, 3.7804338851512798, 3.2098444463867715, 2.016751620800142, 2.4459707050576056, 1.0105748611557681, 2.027566746126993, 2.42256542326518, 3.384074909040874, 4.449188151786795, 5.875375053560411, 4.6018023979740805, 5.80983053969735, 6.3420264159020965, 4.166906639222914, 3.9849470899875192, 4.876460295132116, 4.012751911095426, 0.0, 4.532845360256624, 6.164653113517419, 6.628874903782693, 6.230961432234997, 5.038830834628207, 3.790250758195294, 6.685119749114446, 5.788547497429731, 6.665220840302292, 5.778590924265188, 7.299658464613259, 4.527200622901529, 5.146734713388674, 3.5493011622008073, 5.592460544340031, 5.182784527645347], [4.004131447642547, 3.4813785114520366, 4.513791303328057, 4.738304768585491, 5.899956666790019, 3.9349039391070275, 2.6060880817808134, 2.4576127868319695, 2.177617599579871, 1.0994566885512136, 2.11086161081204, 2.1474321153414837, 2.702451046735167, 4.104260491245651, 2.86665994844174, 4.209534407746301, 5.351430209766358, 5.38620494597077, 4.532845360256624, 0.0, 2.4737777042410256, 2.420676192719712, 3.05031298230198, 3.059586132142712, 2.5547190080319986, 3.084090079747996, 2.444983376221605, 4.6876449790913135, 4.303185839584435, 4.767452745439644, 2.5850835073552267, 3.3345495932734304, 4.470058420199897, 5.551573602142009, 6.294487771058104], [3.51513231898886, 3.6274051069600706, 4.948474324476181, 5.707760507414445, 6.922634118599652, 5.319822626742362, 4.15908059792065, 4.47487996933996, 2.874424843338228, 2.1933384964478235, 1.093353177157317, 3.5101041779411615, 4.093112743377588, 5.556524752936856, 2.657418034483848, 4.105746282955146, 4.807416842754537, 5.6029196326558175, 6.164653113517419, 2.4737777042410256, 0.0, 1.7438032171090865, 1.7741733060780729, 3.791291016263457, 4.343999930939225, 3.8053870486456427, 4.224497179546934, 5.804013354567682, 6.099449094795365, 6.158116433618318, 2.5770260553591617, 2.195682622784996, 4.827923351711375, 4.5769909886299756, 5.8741351661329695], [4.010995245571852, 4.230220510800826, 5.552053445347946, 6.260621377307528, 7.425416300787451, 5.856157479098389, 4.666342998537505, 4.832145521401441, 3.5724591110326234, 2.183390056769518, 1.0945038008156938, 2.7931413748680893, 2.780928184977095, 4.200680731738607, 4.006499600648925, 5.513180695388098, 6.307484384443612, 6.154820233768001, 6.628874903782693, 2.420676192719712, 1.7438032171090865, 0.0, 1.7614303903362178, 3.098304408866243, 3.817617851488019, 2.2075016398634904, 3.0173315760784396, 4.475012641322927, 4.933386984618174, 4.638281038272692, 3.915924949485115, 3.7548721735899346, 6.135489720470567, 6.086974152236889, 7.377967487729938], [2.4515539031398026, 3.0252890390837037, 4.369938381716612, 5.357481845979509, 6.479498074696836, 5.310466162212127, 4.380439309019131, 4.9804410105933385, 2.96619057041182, 2.1992143779086204, 1.0927969848055035, 2.8245935601427687, 3.5262866034966582, 4.7405206602228835, 3.417442349184548, 4.780064758975552, 5.288331050530025, 4.795384202543108, 6.230961432234997, 3.05031298230198, 1.7741733060780729, 1.7614303903362178, 0.0, 2.5976955730031186, 3.795372940832034, 3.138452018113388, 4.1092574536039965, 4.6757084874914945, 5.389803801623951, 5.439116925567973, 3.8039912263305764, 2.9132653603817147, 5.608930872278603, 4.871408267636783, 6.365293648371614], [2.7154039754703168, 2.7793871950485776, 3.6656190350335094, 4.297465487935884, 5.216097822127188, 4.295584571394213, 3.661475004694146, 4.258545644935603, 2.932783450921667, 2.1870932604715327, 2.7650640571241745, 1.0967294333608448, 2.153190646459342, 2.772906489588136, 4.303299617735209, 5.4649325201689365, 6.172679478962114, 4.0751640089694545, 5.038830834628207, 3.059586132142712, 3.791291016263457, 3.098304408866243, 2.5976955730031186, 0.0, 1.7581353787464717, 2.4804035437807292, 3.062822340587191, 2.580869874674041, 3.159135579553369, 3.7653473332482887, 4.77579483855829, 4.408688000981697, 6.005971150446862, 6.037726083551655, 7.121939431081958], [3.694046109620182, 3.1196779529303984, 3.677345779227186, 3.7304758583858977, 4.614991417110112, 3.2932809324441177, 2.639119978326109, 2.9291690118530203, 2.7033843344963, 2.1811894094736477, 3.490130887230449, 1.0964571765463529, 2.141971533424289, 2.6793041354053106, 4.205103424411818, 5.214165384795538, 6.178429306870801, 4.351750862583933, 3.790250758195294, 2.5547190080319986, 4.343999930939225, 3.817617851488019, 3.795372940832034, 1.7581353787464717, 0.0, 3.057300866777753, 2.5282937527115004, 3.014316847977332, 2.4879643124450155, 3.6959449955322654, 4.482974281657213, 4.72294928408087, 5.440307389293366, 6.351039753457696, 7.019622117322271], [4.730734815015528, 4.857124233535725, 5.945107572618009, 6.456826612198905, 7.45629706288584, 6.072633755628607, 5.049375352456975, 5.105015789397717, 4.384662305126816, 2.8803422348741825, 2.8345798312977535, 2.1736595524598603, 1.0946031152888247, 2.1365760225182724, 5.410145371429496, 6.838720895752362, 7.726939684635826, 6.475593731851929, 6.685119749114446, 3.084090079747996, 3.8053870486456427, 2.2075016398634904, 3.138452018113388, 2.4804035437807292, 3.057300866777753, 0.0, 1.7665559062763907, 2.49512819911122, 3.057989955837004, 2.4582968209717886, 5.415335057039407, 5.432700022088464, 7.3122613232843365, 7.600447442091814, 8.751977244028916], [5.324263192217305, 5.026503135381494, 5.941582578741122, 6.090583087849635, 7.0642844365158455, 5.387469949800185, 4.310661116348627, 3.991293872918906, 4.162647174575333, 2.780811021986212, 3.4351914313470218, 2.1665490855274894, 1.09594060514245, 2.1460263488596776, 5.227351314958657, 6.546667639341408, 7.645856471318305, 6.656778544461276, 5.788547497429731, 2.444983376221605, 4.224497179546934, 3.0173315760784396, 4.1092574536039965, 3.062822340587191, 2.5282937527115004, 1.7665559062763907, 0.0, 3.064988231625042, 2.4998277660670944, 2.4754227012775014, 5.029174485937031, 5.583272875294561, 6.762536898975117, 7.768455031085653, 8.587110962949064], [5.215058634377949, 5.298203957002788, 5.951122062266914, 6.3045344134202335, 6.983295931005645, 6.196445511743002, 5.629747875349303, 5.850245244432066, 5.308085449575958, 4.259766197809452, 4.7225594024850555, 2.77947490364637, 2.169516266359854, 1.0947391059060603, 6.712257923381669, 7.908961462796491, 8.712215470246361, 6.25341789823773, 6.665220840302292, 4.6876449790913135, 5.804013354567682, 4.475012641322927, 4.6757084874914945, 2.580869874674041, 3.014316847977332, 2.49512819911122, 3.064988231625042, 0.0, 1.7749641404828436, 1.772338063124527, 6.981201364378483, 6.8767029061898555, 8.312148890028379, 8.617293557144261, 9.637912620998387], [5.7778395322127105, 5.472705198528421, 5.966844588222488, 5.946460514457319, 6.580100322943411, 5.5418692875238404, 4.99194815678208, 4.918449406062849, 5.142372545819683, 4.205869220506029, 5.117864512665415, 2.7857540738550486, 2.170238339445693, 1.0946888187973787, 6.581842299083137, 7.674970220137665, 8.6591204276185, 6.460669610032694, 5.778590924265188, 4.303185839584435, 6.099449094795365, 4.933386984618174, 5.389803801623951, 3.159135579553369, 2.4879643124450155, 3.057989955837004, 2.4998277660670944, 1.7749641404828436, 0.0, 1.7716066747447077, 6.6997294415520985, 7.0129140918736494, 7.848804230581878, 8.78523958295959, 9.507391203163989], [6.46203425323636, 6.410358331637944, 7.163879432960886, 7.364262955652792, 8.115917788519052, 6.95393017868313, 6.181917758268869, 6.050268520487334, 6.0220664235792025, 4.732710463360293, 5.175256706676491, 3.4734596888405087, 2.160247712647788, 1.0945639040275355, 7.306035172376328, 8.591994046203709, 9.562904214201877, 7.633602061936423, 7.299658464613259, 4.767452745439644, 6.158116433618318, 4.638281038272692, 5.439116925567973, 3.7653473332482887, 3.6959449955322654, 2.4582968209717886, 2.4754227012775014, 1.772338063124527, 1.7716066747447077, 0.0, 7.311831580390785, 7.54845059267132, 8.87814557438658, 9.564417865191796, 10.505466650273085], [4.076459038184979, 3.436889326120351, 4.289753705051142, 4.56191813823966, 5.736578981413922, 3.8458634024104397, 2.7767604055805752, 2.9659582785332637, 2.1847728554703347, 2.7344671309050326, 3.1190922557692966, 4.224440520352962, 5.186983965658657, 6.564576904873611, 1.0983201627940735, 2.110834458217887, 3.2476758966990533, 5.177811249939495, 4.527200622901529, 2.5850835073552267, 2.5770260553591617, 3.915924