{"total energy": -73.12807762, "HOMO-LUMO gap/eV": 2.48969942, "electronic energy": -73.88946508, "dipole": [1.8801719, 0.95233957, 0.6868515], "partial charges": [-0.05272184, -0.16605958, -0.04183806, 0.41593772, -0.51917463, -0.08992096, 0.04047109, 0.06864552, -0.46834459, -0.1891808, 0.27130462, -0.44015795, -0.07200328, 0.00086042, -0.04559749, 0.08007519, -0.12561085, -0.14503364, 0.32701478, -0.450324, -0.16450945, 0.27198705, -0.41364823, 0.06793912, 0.05636275, 0.05963132, 0.06475507, 0.06589502, 0.05951824, 0.07275875, 0.06529646, 0.0526419, 0.03648694, 0.32640233, 0.19390312, 0.04545027, 0.09588137, 0.07079745, 0.07067112, 0.06465704, 0.21134664, 0.22743404], "atomic dipole moments": [[-0.07041316, 0.02232133, -0.12624243], [0.07653266, -0.34528064, 0.24719533], [-0.0530369, 0.06155116, 0.11633905], [0.31313844, -0.22981659, -0.21947542], [-0.08198291, 0.05231228, -0.14790697], [-0.0394347, 0.03638455, 0.11789597], [-0.03928169, 0.12217116, 0.0650705], [-0.04780853, 0.17297181, 0.04928302], [0.11960443, -0.05439296, -0.20171552], [0.05947393, -0.02174916, -0.04582319], [0.04193248, -0.03373055, 0.00411886], [-0.04689366, 0.01616293, 0.19699732], [0.08991947, -0.04924811, 0.01072197], [-0.10221572, 0.04769877, 0.00412462], [0.00696529, -0.06281573, -0.03810386], [-0.10126, 0.12264174, 0.06831621], [-0.08277155, -0.06419813, -0.03213644], [-0.01218649, -0.0390905, -0.02738509], [0.07249972, -0.03840285, -0.02330268], [0.19564047, -0.08644392, -0.05303654], [0.02085448, 0.03088608, 0.01264692], [-0.11156799, 0.0246277, 0.01906642], [-0.00199827, 0.16065126, 0.11725707], [-0.08357803, -0.02619221, 0.10002674], [0.09011681, -0.09519349, -0.0159984], [0.0646827, 0.10701599, 0.03316056], [0.10748083, -0.07331074, -0.00842275], [-0.05013922, 0.0056984, -0.11636416], [0.11523193, -0.05847949, -0.01832261], [-0.03703585, 0.03830072, -0.11822721], [-0.0232136, -0.08891087, -0.08252255], [-0.06585051, -0.1042399, 0.02198442], [0.12157288, -0.03507678, 0.00599507], [0.05843974, 0.04474571, -0.00494165], [-0.03131915, 0.02192826, 0.13678212], [-0.02001803, 0.01749895, 0.14973316], [0.01715486, -0.02811294, -0.15330499], [0.01591028, -0.01232672, 0.13148295], [0.12173281, -0.01968165, -0.05561504], [-0.01591756, 0.12712403, -0.02784678], [-0.0222777, 0.11825382, 0.0747416], [-0.11793944, -0.06014313, -0.04590527]], "atomic quadrupole moments": [[-0.05576541, -0.03984204, -0.15870037, 0.28691182, -0.08297676, 0.21446577], [-0.36168812, 0.19884336, 0.3182991, 0.45122314, 0.06599212, 0.04338902], [-0.0909451, 0.24229522, 0.14481168, -0.19847983, 0.00231852, -0.05386657], [-0.11998638, 0.31725897, 0.1325521, -0.14668667, 0.05853881, -0.01256572], [-0.02221547, -0.01617291, -0.0607484, 0.13158762, -0.08271655, 0.08296388], [-0.1509546, 0.17768457, 0.20710731, -0.03093569, 0.20621191, -0.05615272], [0.12114004, -0.0889547, -0.0622898, -0.06343296, -0.13298868, -0.05885024], [-0.28636483, -0.09587356, -0.02296039, 0.02007317, 0.20099452, 0.30932522], [-0.09014019, 0.00453698, 0.0040592, -0.0543791, 0.11801518, 0.08608099], [0.06238107, -0.04491979, 0.01237306, -0.0109976, -0.00438956, -0.07475413], [-0.09167745, 0.29245532, 0.34448041, 0.040024, -0.00954391, -0.25280296], [-0.06125671, 0.11427495, 0.11711277, -0.00564841, 0.01084735, -0.05585607], [-0.0323117, 0.24408865, 0.35403749, -0.11448563, 0.00593402, -0.32172579], [-0.03041274, 0.33544873, 0.46654904, -0.13587759, -0.00922706, -0.4361363], [-0.10071167, 0.01165769, -0.08345146, 0.0090728, -0.239713, 0.18416313], [-0.0102973, -0.00873053, -0.1848582, 0.00649272, -0.35194716, 0.1951555], [0.06824623, 0.11169625, 0.01145802, 0.08447197, 0.08928753, -0.07970425], [0.06053498, 0.01381961, -0.05307003, 0.00839278, -0.04650641, -0.00746495], [-0.22719592, 0.01698584, -0.01116015, 0.00175705, -0.26936354, 0.23835607], [-0.03994398, -0.03019053, -0.02857294, -0.02200041, -0.10686979, 0.06851692], [-0.06667997, -0.07802111, 0.0404701, -0.05598123, 0.01404231, 0.02620988], [-0.24184363, -0.0756372, 0.00672086, -0.0548599, -0.33874817, 0.23512278], [-0.12356569, -0.00317738, 0.02111717, -0.00564411, -0.12208521, 0.10244852], [0.02115137, 0.01459204, -0.04512237, -0.02945669, -0.03052493, 0.02397101], [-0.00549537, -0.06112471, 0.01587827, -0.00243644, 0.01250256, -0.0103829], [-0.02096351, 0.05684231, 0.04594638, 0.02329837, 0.02026101, -0.02498287], [0.03734819, -0.02018288, 0.02573012, -0.00474581, -0.00647659, -0.06307831], [-0.02615913, 0.02377923, -0.019627, 0.04627635, -0.00566374, 0.04578612], [0.03775394, -0.03663522, 0.01374385, -0.00692052, 0.0048838, -0.05149779], [-0.02236093, 0.00979069, -0.0115076, 0.04282213, -0.01961077, 0.03386853], [-0.01626089, 0.01046125, 0.00540506, -0.00797692, 0.01914032, 0.01085583], [-0.01216886, 0.04985868, 0.0113449, -0.00383189, 0.00168572, 0.00082396], [0.03935053, -0.00620708, -0.03119799, -0.01780838, 0.02229855, -0.00815254], [0.01933806, 0.08282074, 0.02763297, -0.01617336, 0.01587246, -0.04697103], [0.01027151, -0.03754074, -0.0330997, -0.00482515, 0.00153651, 0.0228282], [0.00952091, -0.03699879, -0.04165066, 0.00442701, 0.00541776, 0.03212974], [0.02003732, -0.03294202, -0.03883597, 0.00616103, 0.00336962, 0.01879865], [-0.03623306, 0.00383948, -0.04127584, 0.00154417, -0.01925265, 0.0775089], [0.03874385, -0.03094318, -0.02237041, -0.04310304, 0.02856684, -0.01637344], [-0.01641152, -0.03443132, 0.0659793, 0.01244015, -0.02366883, -0.04956778], [0.01897247, 0.00861713, 0.00932189, 0.00610141, 0.03962271, -0.02829436], [0.02805132, 0.01063409, -0.00097343, 0.00747812, 0.03159091, -0.02707789]], "number of molecular orbitals": 121, "number of electrons": 128, "number of unpaired electrons": 0, "orbital energies/eV": [-21.12638998, -20.07757721, -19.91316179, -19.65407865, -19.39438057, -19.06514045, -18.95368593, -18.76066369, -18.50997361, -18.39015063, -18.10042858, -18.04753786, -17.91197032, -17.66306619, -17.54728401, -17.29204238, -17.16238449, -17.13021047, -16.87492349, -16.63925594, -16.4613146, -16.3944439, -16.25898006, -16.06072609, -15.79851506, -15.49359787, -15.3014788, -15.29074558, -15.15829719, -15.02720088, -14.94373678, -14.89580645, -14.81999817, -14.64103307, -14.59870937, -14.46814451, -14.44218595, -14.33369117, -14.14708343, -14.10122984, -13.96935271, -13.90259899, -13.81575159, -13.7116576, -13.58519492, -13.55188278, -13.35801608, -13.28982929, -13.23210646, -13.18376275, -12.85237245, -12.74005063, -12.4919576, -12.19120522, -12.0413391, -11.84652562, -11.82511255, -11.50260504, -11.3051564, -11.28116399, -11.14397762, -11.04205711, -10.887332, -10.24852671, -7.75882729, -7.17212587, -6.42328406, -6.21858972, -5.85090073, -4.95780304, -4.57610223, -4.24157089, -3.93352945, -2.83218584, -1.08718289, -0.96990169, -0.63630628, -0.50960473, -0.18071821, 0.06527795, 0.46756933, 0.71276754, 1.14419461, 1.33209354, 1.36040693, 2.10889638, 2.17409726, 2.66193292, 2.84018385, 3.11942771, 3.41635576, 3.54742286, 3.81180759, 3.97599391, 4.17814826, 4.44648258, 4.51384541, 4.64614948, 4.72245826, 4.91183487, 4.96692094, 5.06237069, 5.12920187, 5.6539573, 5.74191372, 6.02558387, 6.63879055, 7.09057976, 7.48851675, 7.78832433, 9.23641388, 9.55819472, 10.64203321, 11.49645507, 12.07749686, 13.41095193, 14.29232728, 15.63189465, 17.82024335, 18.42005323, 21.24852201], "fractional occupation": [2.0, 2.0, 2.0, 2.0, 2.0, 2.0, 2.0, 2.0, 2.0, 2.0, 2.0, 2.0, 2.0, 2.0, 2.0, 2.0, 2.0, 2.0, 2.0, 2.0, 2.0, 2.0, 2.0, 2.0, 2.0, 2.0, 2.0, 2.0, 2.0, 2.0, 2.0, 2.0, 2.0, 2.0, 2.0, 2.0, 2.0, 2.0, 2.0, 2.0, 2.0, 2.0, 2.0, 2.0, 2.0, 2.0, 2.0, 2.0, 2.0, 2.0, 2.0, 2.0, 2.0, 2.0, 2.0, 2.0, 2.0, 2.0, 2.0, 2.0, 2.0, 2.0, 2.0, 2.0, 0.0, 0.0, 0.0, 0.0, 0.0, 0.0, 0.0, 0.0, 0.0, 0.0, 0.0, 0.0, 0.0, 0.0, 0.0, 0.0, 0.0, 0.0, 0.0, 0.0, 0.0, 0.0, 0.0, 0.0, 0.0, 0.0, 0.0, 0.0, 0.0, 0.0, 0.0, 0.0, 0.0, 0.0, 0.0, 0.0, 0.0, 0.0, 0.0, 0.0, 0.0, 0.0, 0.0, 0.0, 0.0, 0.0, 0.0, 0.0, 0.0, 0.0, 0.0, 0.0, 0.0, 0.0, 0.0, 0.0, 0.0], "program call": "xtb /home/svss/Project-DBcg-Debug/aqme2_20220329/End-to-End-workflows-final/example-3/QDESCP/mol_512_rdkit_conf_2/mol_512_rdkit_conf_2.xyz --pop --wbo --acc 0.2 --gfn 2 --chrg 0 --uhf 0 --etemp 300 --input /home/svss/Project-DBcg-Debug/aqme2_20220329/End-to-End-workflows-final/example-3/QDESCP/mol_512_rdkit_conf_2/mol_512_rdkit_conf_2_xtb.inp", "method": "GFN2-xTB", "xtb version": "6.3.3 (7355c4f)", "Dipole module/D": 5.634, "Total charge": 0, "Transition dipole module/D": NaN, "HOMO": -10.2485, "LUMO": -7.7588, "HOMO occupancy": 2.0, "LUMO occupancy": 0, "mulliken charges": [-0.01363, -0.11198, 0.0437, 0.26428, -0.50113, -0.02338, 0.11286, 0.18361, -0.58607, -0.35254, 0.46987, -0.56477, -0.08934, 0.03538, -0.09715, 0.15505, -0.09922, -0.30568, 0.56629, -0.56281, -0.3121, 0.47156, -0.5371, 0.04647, 0.03725, 0.03802, 0.05135, 0.04751, 0.04783, 0.06346, 0.05146, 0.03573, 0.02552, 0.36546, 0.23968, 0.03194, 0.07785, 0.05606, 0.0526, 0.05186, 0.2571, 0.27714], "cm5 charges": [-0.14483, -0.1574, -0.03032, 0.25601, -0.56998, -0.10779, 0.10722, 0.10435, -0.79587, -0.70335, 0.56553, -0.61049, -0.13622, -0.01507, -0.09021, 0.21095, -0.23733, -0.65033, 0.73378, -0.59919, -0.65416, 0.57388, -0.57716, 0.10213, 0.09061, 0.09029, 0.11042, 0.10584, 0.10676, 0.12578, 0.123, 0.10058, 0.08889, 0.55468, 0.43883, 0.09352, 0.14034, 0.10943, 0.10633, 0.10621, 0.45433, 0.48001], "FUKUI+": [0.015, -0.108, 0.012, -0.028, -0.011, 0.012, 0.007, 0.007, -0.004, -0.03, -0.021, -0.066, -0.034, -0.032, -0.023, -0.058, 0.019, -0.019, -0.011, -0.069, -0.026, -0.016, -0.06, -0.016, -0.022, -0.022, -0.026, -0.016, -0.022, -0.004, -0.017, -0.014, -0.018, -0.003, -0.022, -0.044, -0.047, -0.038, -0.017, -0.039, -0.034, -0.035], "FUKUI-": [0.043, -0.266, 0.044, -0.071, -0.023, 0.016, 0.004, 0.009, -0.021, -0.018, -0.003, -0.053, -0.015, -0.009, -0.025, -0.018, 0.01, -0.026, -0.003, -0.057, -0.015, -0.005, -0.052, -0.039, -0.038, -0.038, -0.039, -0.03, -0.022, -0.012, -0.022, -0.022, -0.021, -0.003, -0.015, -0.022, -0.025, -0.021, -0.006, -0.023, -0.023, -0.022], "FUKUIrad": [0.029, -0.187, 0.028, -0.05, -0.017, 0.014, 0.006, 0.008, -0.013, -0.024, -0.012, -0.06, -0.024, -0.02, -0.024, -0.038, 0.015, -0.022, -0.007, -0.063, -0.02, -0.01, -0.056, -0.027, -0.03, -0.03, -0.033, -0.023, -0.022, -0.008, -0.02, -0.018, -0.02, -0.003, -0.019, -0.033, -0.036, -0.03, -0.012, -0.031, -0.028, -0.028], "s proportion": [1.012, 1.93, 1.056, 1.882, 1.741, 1.058, 1.038, 0.999, 1.708, 1.429, 0.986, 1.728, 1.076, 1.068, 1.081, 1.055, 1.013, 1.422, 0.931, 1.72, 1.423, 0.991, 1.727, 0.954, 0.963, 0.962, 0.949, 0.952, 0.952, 0.937, 0.949, 0.964, 0.974, 0.635, 0.76, 0.968, 0.922, 0.944, 0.947, 0.948, 0.743, 0.723], "p proportion": [3.001, 4.18, 2.9, 3.467, 4.76, 2.965, 2.849, 2.818, 4.878, 3.924, 2.544, 4.837, 3.013, 2.896, 3.016, 2.79, 3.086, 3.884, 2.502, 4.843, 3.889, 2.537, 4.81, 0.0, 0.0, 0.0, 0.0, 0.0, 0.0, 0.0, 0.0, 0.0, 0.0, 0.0, 0.0, 0.0, 0.0, 0.0, 0.0, 0.0, 0.0, 0.0], "d proportion": [0.0, 0.002, 0.0, 0.387, 0.0, 0.0, 0.0, 0.0, 0.0, 0.0, 0.0, 0.0, 0.0, 0.0, 0.0, 0.0, 0.0, 0.0, 0.0, 0.0, 0.0, 0.0, 0.0, 0.0, 0.0, 0.0, 0.0, 0.0, 0.0, 0.0, 0.0, 0.0, 0.0, 0.0, 0.0, 0.0, 0.0, 0.0, 0.0, 0.0, 0.0, 0.0], "Fermi-level/eV": -9.0037, "Coordination numbers": [3.742, 2.04, 3.787, 2.918, 0.859, 3.793, 3.803, 3.673, 1.651, 2.69, 2.757, 0.858, 2.899, 2.9, 2.958, 2.892, 3.755, 2.707, 2.699, 0.86, 2.698, 2.767, 0.858, 0.924, 0.924, 0.924, 0.924, 0.924, 0.924, 0.924, 0.923, 0.924, 0.924, 0.802, 0.86, 0.925, 0.924, 0.924, 0.924, 0.924, 0.86, 0.86], "Dispersion coefficient C6": [21.596, 148.074, 21.337, 125.244, 24.213, 22.223, 19.893, 19.657, 22.224, 25.102, 22.416, 22.5, 29.794, 28.008, 29.13, 26.212, 22.966, 24.138, 21.441, 22.711, 24.558, 22.405, 21.955, 2.108, 2.242, 2.203, 2.144, 2.131, 2.205, 2.056, 2.138, 2.287, 2.496, 0.647, 1.138, 2.377, 1.823, 2.077, 2.078, 2.145, 1.05, 0.976], "Total dispersion C6": 22668.496563, "Total dispersion C8": 588450.277198, "Polarizability alpha": [6.63, 20.481, 6.579, 18.836, 6.597, 6.713, 6.35, 6.354, 6.364, 7.441, 7.753, 6.36, 8.95, 8.677, 8.853, 8.394, 6.833, 7.297, 7.579, 6.39, 7.36, 7.752, 6.282, 2.271, 2.342, 2.321, 2.29, 2.283, 2.322, 2.242, 2.287, 2.365, 2.471, 1.264, 1.671, 2.411, 2.111, 2.254, 2.254, 2.291, 1.605, 1.548], "Total polarizability alpha": 231.426726, "Wiberg matrix": [[0.0, 1.0103518219353673, 0.0, 0.0, 0.0, 0.0, 0.0, 0.0, 0.0, 0.0, 0.0, 0.0, 0.0, 0.0, 0.0, 0.0, 0.0, 0.0, 0.0, 0.0, 0.0, 0.0, 0.0, 0.9818624591455132, 0.9817265694316669, 0.9794106350620899, 0.0, 0.0, 0.0, 0.0, 0.0, 0.0, 0.0, 0.0, 0.0, 0.0, 0.0, 0.0, 0.0, 0.0, 0.0, 0.0], [1.0103518219353673, 0.0, 1.009235399827081, 0.0, 0.0, 0.0, 0.0, 0.0, 0.0, 0.0, 0.0, 0.0, 0.0, 0.0, 0.0, 0.0, 0.0, 0.0, 0.0, 0.0, 0.0, 0.0, 0.0, 0.0, 0.0, 0.0, 0.0, 0.0, 0.0, 0.0, 0.0, 0.0, 0.0, 0.0, 0.0, 0.0, 0.0, 0.0, 0.0, 0.0, 0.0, 0.0], [0.0, 1.009235399827081, 0.0, 0.9354807672700669, 0.0, 0.0, 0.0, 0.0, 0.0, 0.0, 0.0, 0.0, 0.0, 0.0, 0.0, 0.0, 0.0, 0.0, 0.0, 0.0, 0.0, 0.0, 0.0, 0.0, 0.0, 0.0, 0.9661162784505615, 0.9669926083072875, 0.0, 0.0, 0.0, 0.0, 0.0, 0.0, 0.0, 0.0, 0.0, 0.0, 0.0, 0.0, 0.0, 0.0], [0.0, 0.0, 0.9354807672700669, 0.0, 1.7322784680417065, 0.9363839324743438, 0.0, 0.0, 0.0, 0.0, 0.0, 0.0, 0.0, 0.0, 0.0, 0.0, 0.0, 0.0, 0.0, 0.0, 0.0, 0.0, 0.0, 0.0, 0.0, 0.0, 0.0, 0.0, 0.0, 0.0, 0.0, 0.0, 0.0, 0.0, 0.0, 0.0, 0.0, 0.0, 0.0, 0.0, 0.0, 0.0], [0.0, 0.0, 0.0, 1.7322784680417065, 0.0, 0.0, 0.0, 0.0, 0.0, 0.0, 0.0, 0.0, 0.0, 0.0, 0.0, 0.0, 0.0, 0.0, 0.0, 0.0, 0.0, 0.0, 0.0, 0.0, 0.0, 0.0, 0.0, 0.0, 0.0, 0.0, 0.0, 0.0, 0.0, 0.0, 0.0, 0.0, 0.0, 0.0, 0.0, 0.0, 0.0, 0.0], [0.0, 0.0, 0.0, 0.9363839324743438, 0.0, 0.0, 0.983690724098212, 0.0, 0.0, 0.0, 0.0, 0.0, 0.0, 0.0, 0.0, 0.0, 0.0, 0.0, 0.0, 0.0, 0.0, 0.0, 0.0, 0.0, 0.0, 0.0, 0.0, 0.0, 0.9668173920484333, 0.9654197431268304, 0.0, 0.0, 0.0, 0.0, 0.0, 0.0, 0.0, 0.0, 0.0, 0.0, 0.0, 0.0], [0.0, 0.0, 0.0, 0.0, 0.0, 0.983690724098212, 0.0, 0.9787289962167343, 0.0, 0.9923591709700574, 0.0, 0.0, 0.0, 0.0, 0.0, 0.0, 0.0, 0.0, 0.0, 0.0, 0.0, 0.0, 0.0, 0.0, 0.0, 0.0, 0.0, 0.0, 0.0, 0.0, 0.9511578025500267, 0.0, 0.0, 0.0, 0.0, 0.0, 0.0, 0.0, 0.0, 0.0, 0.0, 0.0], [0.0, 0.0, 0.0, 0.0, 0.0, 0.0, 0.9787289962167343, 0.0, 1.0135086055410083, 0.0, 0.0, 0.0, 0.0, 0.0, 0.0, 0.0, 0.0, 0.0, 0.0, 0.0, 0.0, 0.0, 0.0, 0.0, 0.0, 0.0, 0.0, 0.0, 0.0, 0.0, 0.0, 0.9726562465212787, 0.9710167084176288, 0.0, 0.0, 0.0, 0.0, 0.0, 0.0, 0.0, 0.0, 0.0], [0.0, 0.0, 0.0, 0.0, 0.0, 0.0, 0.0, 1.0135086055410083, 0.0, 0.0, 0.0, 0.0, 0.0, 0.0, 0.0, 0.0, 0.0, 0.0, 0.0, 0.0, 0.0, 0.0, 0.0, 0.0, 0.0, 0.0, 0.0, 0.0, 0.0, 0.0, 0.0, 0.0, 0.0, 0.8361804246570843, 0.0, 0.0, 0.0, 0.0, 0.0, 0.0, 0.0, 0.0], [0.0, 0.0, 0.0, 0.0, 0.0, 0.0, 0.9923591709700574, 0.0, 0.0, 0.0, 1.218772284955136, 0.1942268437242802, 0.0, 0.0, 0.0, 0.0, 0.0, 0.0, 0.0, 0.0, 0.0, 0.0, 0.0, 0.0, 0.0, 0.0, 0.0, 0.0, 0.0, 0.0, 0.0, 0.0, 0.0, 0.0, 0.9257599299307516, 0.0, 0.0, 0.0, 0.0, 0.0, 0.0, 0.0], [0.0, 0.0, 0.0, 0.0, 0.0, 0.0, 0.0, 0.0, 0.0, 1.218772284955136, 0.0, 1.65911743633003, 1.0203262682654677, 0.0, 0.0, 0.0, 0.0, 0.0, 0.0, 0.0, 0.0, 0.0, 0.0, 0.0, 0.0, 0.0, 0.0, 0.0, 0.0, 0.0, 0.0, 0.0, 0.0, 0.0, 0.0, 0.0, 0.0, 0.0, 0.0, 0.0, 0.0, 0.0], [0.0, 0.0, 0.0, 0.0, 0.0, 0.0, 0.0, 0.0, 0.0, 0.1942268437242802, 1.65911743633003, 0.0, 0.0, 0.0, 0.0, 0.0, 0.0, 0.0, 0.0, 0.0, 0.0, 0.0, 0.0, 0.0, 0.0, 0.0, 0.0, 0.0, 0.0, 0.0, 0.0, 0.0, 0.0, 0.0, 0.0, 0.0, 0.0, 0.0, 0.0, 0.0, 0.0, 0.0], [0.0, 0.0, 0.0, 0.0, 0.0, 0.0, 0.0, 0.0, 0.0, 0.0, 1.0203262682654677, 0.0, 0.0, 1.8324900411315908, 0.0, 0.0, 0.0, 0.0, 0.0, 0.0, 0.0, 0.0, 0.0, 0.0, 0.0, 0.0, 0.0, 0.0, 0.0, 0.0, 0.0, 0.0, 0.0, 0.0, 0.0, 0.9641660972189592, 0.0, 0.0, 0.0, 0.0, 0.0, 0.0], [0.0, 0.0, 0.0, 0.0, 0.0, 0.0, 0.0, 0.0, 0.0, 0.0, 0.0, 0.0, 1.8324900411315908, 0.0, 1.0722306946129605, 0.0, 0.0, 0.0, 0.0, 0.0, 0.0, 0.0, 0.0, 0.0, 0.0, 0.0, 0.0, 0.0, 0.0, 0.0, 0.0, 0.0, 0.0, 0.0, 0.0, 0.0, 0.9430145033139085, 0.0, 0.0, 0.0, 0.0, 0.0], [0.0, 0.0, 0.0, 0.0, 0.0, 0.0, 0.0, 0.0, 0.0, 0.0, 0.0, 0.0, 0.0, 1.0722306946129605, 0.0, 1.6101693473240994, 0.0, 0.0, 0.0, 0.0, 0.0, 1.0227593226857206, 0.0, 0.0, 0.0, 0.0, 0.0, 0.0, 0.0, 0.0, 0.0, 0.0, 0.0, 0.0, 0.0, 0.0, 0.0, 0.0, 0.0, 0.0, 0.0, 0.0], [0.0, 0.0, 0.0, 0.0, 0.0, 0.0, 0.0, 0.0, 0.0, 0.0, 0.0, 0.0, 0.0, 0.0, 1.6101693473240994, 0.0, 1.023733371765585, 1.1474316468889438, 0.0, 0.0, 0.0, 0.0, 0.0, 0.0, 0.0, 0.0, 0.0, 0.0, 0.0, 0.0, 0.0, 0.0, 0.0, 0.0, 0.0, 0.0, 0.0, 0.0, 0.0, 0.0, 0.0, 0.0], [0.0, 0.0, 0.0, 0.0, 0.0, 0.0, 0.0, 0.0, 0.0, 0.0, 0.0, 0.0, 0.0, 0.0, 0.0, 1.023733371765585, 0.0, 0.0, 0.0, 0.0, 0.0, 0.0, 0.0, 0.0, 0.0, 0.0, 0.0, 0.0, 0.0, 0.0, 0.0, 0.0, 0.0, 0.0, 0.0, 0.0, 0.0, 0.9625790203739577, 0.9784335912500443, 0.9710483546378131, 0.0, 0.0], [0.0, 0.0, 0.0, 0.0, 0.0, 0.0, 0.0, 0.0, 0.0, 0.0, 0.0, 0.0, 0.0, 0.0, 0.0, 1.1474316468889438, 0.0, 0.0, 1.1387246179584107, 0.13451682430831058, 0.0, 0.0, 0.0, 0.0, 0.0, 0.0, 0.0, 0.0, 0.0, 0.0, 0.0, 0.0, 0.0, 0.0, 0.0, 0.0, 0.0, 0.0, 0.0, 0.0, 0.9230987361159195, 0.0], [0.0, 0.0, 0.0, 0.0, 0.0, 0.0, 0.0, 0.0, 0.0, 0.0, 0.0, 0.0, 0.0, 0.0, 0.0, 0.0, 0.0, 1.1387246179584107, 0.0, 1.6220856746907881, 1.139269841194911, 0.0, 0.0, 0.0, 0.0, 0.0, 0.0, 0.0, 0.0, 0.0, 0.0, 0.0, 0.0, 0.0, 0.0, 0.0, 0.0, 0.0, 0.0, 0.0, 0.0, 0.0], [0.0, 0.0, 0.0, 0.0, 0.0, 0.0, 0.0, 0.0, 0.0, 0.0, 0.0, 0.0, 0.0, 0.0, 0.0, 0.0, 0.0, 0.13451682430831058, 1.6220856746907881, 0.0, 0.12990931602802108, 0.0, 0.0, 0.0, 0.0, 0.0, 0.0, 0.0, 0.0, 0.0, 0.0, 0.0, 0.0, 0.0, 0.0, 0.0, 0.0, 0.0, 0.0, 0.0, 0.0, 0.0], [0.0, 0.0, 0.0, 0.0, 0.0, 0.0, 0.0, 0.0, 0.0, 0.0, 0.0, 0.0, 0.0, 0.0, 0.0, 0.0, 0.0, 0.0, 1.139269841194911, 0.12990931602802108, 0.0, 1.1368230496367147, 0.14053053937352994, 0.0, 0.0, 0.0, 0.0, 0.0, 0.0, 0.0, 0.0, 0.0, 0.0, 0.0, 0.0, 0.0, 0.0, 0.0, 0.0, 0.0, 0.0, 0.9129718102763881], [0.0, 0.0, 0.0, 0.0, 0.0, 0.0, 0.0, 0.0, 0.0, 0.0, 0.0, 0.0, 0.0, 0.0, 1.0227593226857206, 0.0, 0.0, 0.0, 0.0, 0.0, 1.1368230496367147, 0.0, 1.6915776538498437, 0.0, 0.0, 0.0, 0.0, 0.0, 0.0, 0.0, 0.0, 0.0, 0.0, 0.0, 0.0, 0.0, 0.0, 0.0, 0.0, 0.0, 0.0, 0.0], [0.0, 0.0, 0.0, 0.0, 0.0, 0.0, 0.0, 0.0, 0.0, 0.0, 0.0, 0.0, 0.0, 0.0, 0.0, 0.0, 0.0, 0.0, 0.0, 0.0, 0.14053053937352994, 1.6915776538498437, 0.0, 0.0, 0.0, 0.0, 0.0, 0.0, 0.0, 0.0, 0.0, 0.0, 0.0, 0.0, 0.0, 0.0, 0.0, 0.0, 0.0, 0.0, 0.0, 0.0], [0.9818624591455132, 0.0, 0.0, 0.0, 0.0, 0.0, 0.0, 0.0, 0.0, 0.0, 0.0, 0.0, 0.0, 0.0, 0.0, 0.0, 0.0, 0.0, 0.0, 0.0, 0.0, 0.0, 0.0, 0.0, 0.0, 0.0, 0.0, 0.0, 0.0, 0.0, 0.0, 0.0, 0.0, 0.0, 0.0, 0.0, 0.0, 0.0, 0.0, 0.0, 0.0, 0.0], [0.9817265694316669, 0.0, 0.0, 0.0, 0.0, 0.0, 0.0, 0.0, 0.0, 0.0, 0.0, 0.0, 0.0, 0.0, 0.0, 0.0, 0.0, 0.0, 0.0, 0.0, 0.0, 0.0, 0.0, 0.0, 0.0, 0.0, 0.0, 0.0, 0.0, 0.0, 0.0, 0.0, 0.0, 0.0, 0.0, 0.0, 0.0, 0.0, 0.0, 0.0, 0.0, 0.0], [0.9794106350620899, 0.0, 0.0, 0.0, 0.0, 0.0, 0.0, 0.0, 0.0, 0.0, 0.0, 0.0, 0.0, 0.0, 0.0, 0.0, 0.0, 0.0, 0.0, 0.0, 0.0, 0.0, 0.0, 0.0, 0.0, 0.0, 0.0, 0.0, 0.0, 0.0, 0.0, 0.0, 0.0, 0.0, 0.0, 0.0, 0.0, 0.0, 0.0, 0.0, 0.0, 0.0], [0.0, 0.0, 0.9661162784505615, 0.0, 0.0, 0.0, 0.0, 0.0, 0.0, 0.0, 0.0, 0.0, 0.0, 0.0, 0.0, 0.0, 0.0, 0.0, 0.0, 0.0, 0.0, 0.0, 0.0, 0.0, 0.0, 0.0, 0.0, 0.0, 0.0, 0.0, 0.0, 0.0, 0.0, 0.0, 0.0, 0.0, 0.0, 0.0, 0.0, 0.0, 0.0, 0.0], [0.0, 0.0, 0.9669926083072875, 0.0, 0.0, 0.0, 0.0, 0.0, 0.0, 0.0, 0.0, 0.0, 0.0, 0.0, 0.0, 0.0, 0.0, 0.0, 0.0, 0.0, 0.0, 0.0, 0.0, 0.0, 0.0, 0.0, 0.0, 0.0, 0.0, 0.0, 0.0, 0.0, 0.0, 0.0, 0.0, 0.0, 0.0, 0.0, 0.0, 0.0, 0.0, 0.0], [0.0, 0.0, 0.0, 0.0, 0.0, 0.9668173920484333, 0.0, 0.0, 0.0, 0.0, 0.0, 0.0, 0.0, 0.0, 0.0, 0.0, 0.0, 0.0, 0.0, 0.0, 0.0, 0.0, 0.0, 0.0, 0.0, 0.0, 0.0, 0.0, 0.0, 0.0, 0.0, 0.0, 0.0, 0.0, 0.0, 0.0, 0.0, 0.0, 0.0, 0.0, 0.0, 0.0], [0.0, 0.0, 0.0, 0.0, 0.0, 0.9654197431268304, 0.0, 0.0, 0.0, 0.0, 0.0, 0.0, 0.0, 0.0, 0.0, 0.0, 0.0, 0.0, 0.0, 0.0, 0.0, 0.0, 0.0, 0.0, 0.0, 0.0, 0.0, 0.0, 0.0, 0.0, 0.0, 0.0, 0.0, 0.0, 0.0, 0.0, 0.0, 0.0, 0.0, 0.0, 0.0, 0.0], [0.0, 0.0, 0.0, 0.0, 0.0, 0.0, 0.9511578025500267, 0.0, 0.0, 0.0, 0.0, 0.0, 0.0, 0.0, 0.0, 0.0, 0.0, 0.0, 0.0, 0.0, 0.0, 0.0, 0.0, 0.0, 0.0, 0.0, 0.0, 0.0, 0.0, 0.0, 0.0, 0.0, 0.0, 0.0, 0.0, 0.0, 0.0, 0.0, 0.0, 0.0, 0.0, 0.0], [0.0, 0.0, 0.0, 0.0, 0.0, 0.0, 0.0, 0.9726562465212787, 0.0, 0.0, 0.0, 0.0, 0.0, 0.0, 0.0, 0.0, 0.0, 0.0, 0.0, 0.0, 0.0, 0.0, 0.0, 0.0, 0.0, 0.0, 0.0, 0.0, 0.0, 0.0, 0.0, 0.0, 0.0, 0.0, 0.0, 0.0, 0.0, 0.0, 0.0, 0.0, 0.0, 0.0], [0.0, 0.0, 0.0, 0.0, 0.0, 0.0, 0.0, 0.9710167084176288, 0.0, 0.0, 0.0, 0.0, 0.0, 0.0, 0.0, 0.0, 0.0, 0.0, 0.0, 0.0, 0.0, 0.0, 0.0, 0.0, 0.0, 0.0, 0.0, 0.0, 0.0, 0.0, 0.0, 0.0, 0.0, 0.0, 0.0, 0.0, 0.0, 0.0, 0.0, 0.0, 0.0, 0.0], [0.0, 0.0, 0.0, 0.0, 0.0, 0.0, 0.0, 0.0, 0.8361804246570843, 0.0, 0.0, 0.0, 0.0, 0.0, 0.0, 0.0, 0.0, 0.0, 0.0, 0.0, 0.0, 0.0, 0.0, 0.0, 0.0, 0.0, 0.0, 0.0, 0.0, 0.0, 0.0, 0.0, 0.0, 0.0, 0.0, 0.0, 0.0, 0.0, 0.0, 0.0, 0.0, 0.0], [0.0, 0.0, 0.0, 0.0, 0.0, 0.0, 0.0, 0.0, 0.0, 0.9257599299307516, 0.0, 0.0, 0.0, 0.0, 0.0, 0.0, 0.0, 0.0, 0.0, 0.0, 0.0, 0.0, 0.0, 0.0, 0.0, 0.0, 0.0, 0.0, 0.0, 0.0, 0.0, 0.0, 0.0, 0.0, 0.0, 0.0, 0.0, 0.0, 0.0, 0.0, 0.0, 0.0], [0.0, 0.0, 0.0, 0.0, 0.0, 0.0, 0.0, 0.0, 0.0, 0.0, 0.0, 0.0, 0.9641660972189592, 0.0, 0.0, 0.0, 0.0, 0.0, 0.0, 0.0, 0.0, 0.0, 0.0, 0.0, 0.0, 0.0, 0.0, 0.0, 0.0, 0.0, 0.0, 0.0, 0.0, 0.0, 0.0, 0.0, 0.0, 0.0, 0.0, 0.0, 0.0, 0.0], [0.0, 0.0, 0.0, 0.0, 0.0, 0.0, 0.0, 0.0, 0.0, 0.0, 0.0, 0.0, 0.0, 0.9430145033139085, 0.0, 0.0, 0.0, 0.0, 0.0, 0.0, 0.0, 0.0, 0.0, 0.0, 0.0, 0.0, 0.0, 0.0, 0.0, 0.0, 0.0, 0.0, 0.0, 0.0, 0.0, 0.0, 0.0, 0.0, 0.0, 0.0, 0.0, 0.0], [0.0, 0.0, 0.0, 0.0, 0.0, 0.0, 0.0, 0.0, 0.0, 0.0, 0.0, 0.0, 0.0, 0.0, 0.0, 0.0, 0.9625790203739577, 0.0, 0.0, 0.0, 0.0, 0.0, 0.0, 0.0, 0.0, 0.0, 0.0, 0.0, 0.0, 0.0, 0.0, 0.0, 0.0, 0.0, 0.0, 0.0, 0.0, 0.0, 0.0, 0.0, 0.0, 0.0], [0.0, 0.0, 0.0, 0.0, 0.0, 0.0, 0.0, 0.0, 0.0, 0.0, 0.0, 0.0, 0.0, 0.0, 0.0, 0.0, 0.9784335912500443, 0.0, 0.0, 0.0, 0.0, 0.0, 0.0, 0.0, 0.0, 0.0, 0.0, 0.0, 0.0, 0.0, 0.0, 0.0, 0.0, 0.0, 0.0, 0.0, 0.0, 0.0, 0.0, 0.0, 0.0, 0.0], [0.0, 0.0, 0.0, 0.0, 0.0, 0.0, 0.0, 0.0, 0.0, 0.0, 0.0, 0.0, 0.0, 0.0, 0.0, 0.0, 0.9710483546378131, 0.0, 0.0, 0.0, 0.0, 0.0, 0.0, 0.0, 0.0, 0.0, 0.0, 0.0, 0.0, 0.0, 0.0, 0.0, 0.0, 0.0, 0.0, 0.0, 0.0, 0.0, 0.0, 0.0, 0.0, 0.0], [0.0, 0.0, 0.0, 0.0, 0.0, 0.0, 0.0, 0.0, 0.0, 0.0, 0.0, 0.0, 0.0, 0.0, 0.0, 0.0, 0.0, 0.9230987361159195, 0.0, 0.0, 0.0, 0.0, 0.0, 0.0, 0.0, 0.0, 0.0, 0.0, 0.0, 0.0, 0.0, 0.0, 0.0, 0.0, 0.0, 0.0, 0.0, 0.0, 0.0, 0.0, 0.0, 0.0], [0.0, 0.0, 0.0, 0.0, 0.0, 0.0, 0.0, 0.0, 0.0, 0.0, 0.0, 0.0, 0.0, 0.0, 0.0, 0.0, 0.0, 0.0, 0.0, 0.0, 0.9129718102763881, 0.0, 0.0, 0.0, 0.0, 0.0, 0.0, 0.0, 0.0, 0.0, 0.0, 0.0, 0.0, 0.0, 0.0, 0.0, 0.0, 0.0, 0.0, 0.0, 0.0, 0.0]], "Born radii": [], "Atomic SASAs": [], "Solvent H bonds": [], "Total SASA": NaN, "Total FOD": 0.0, "FOD": [0.0, 0.0, 0.0, 0.0, 0.0, 0.0, 0.0, 0.0, 0.0, 0.0, 0.0, 0.0, 0.0, 0.0, 0.0, 0.0, 0.0, 0.0, 0.0, 0.0, 0.0, 0.0, 0.0, 0.0, 0.0, 0.0, 0.0, 0.0, 0.0, 0.0, 0.0, 0.0, 0.0, 0.0, 0.0, 0.0, 0.0, 0.0, 0.0, 0.0, 0.0, 0.0], "FOD s proportion": [0.0, 0.0, 0.0, 0.0, 0.0, 0.0, 0.0, 0.0, 0.0, 0.0, 0.0, 0.0, 0.0, 0.0, 0.0, 0.0, 0.0, 0.0, 0.0, 0.0, 0.0, 0.0, 0.0, 0.0, 0.0, 0.0, 0.0, 0.0, 0.0, 0.0, 0.0, 0.0, 0.0, 0.0, 0.0, 0.0, 0.0, 0.0, 0.0, 0.0, 0.0, 0.0], "FOD p proportion": [0.0, 0.0, 0.0, 0.0, 0.0, 0.0, 0.0, 0.0, 0.0, 0.0, 0.0, 0.0, 0.0, 0.0, 0.0, 0.0, 0.0, 0.0, 0.0, 0.0, 0.0, 0.0, 0.0, 0.0, 0.0, 0.0, 0.0, 0.0, 0.0, 0.0, 0.0, 0.0, 0.0, 0.0, 0.0, 0.0, 0.0, 0.0, 0.0, 0.0, 0.0, 0.0], "FOD d proportion": [0.0, 0.0, 0.0, 0.0, 0.0, 0.0, 0.0, 0.0, 0.0, 0.0, 0.0, 0.0, 0.0, 0.0, 0.0, 0.0, 0.0, 0.0, 0.0, 0.0, 0.0, 0.0, 0.0, 0.0, 0.0, 0.0, 0.0, 0.0, 0.0, 0.0, 0.0, 0.0, 0.0, 0.0, 0.0, 0.0, 0.0, 0.0, 0.0, 0.0, 0.0, 0.0], "coordinates": [["5.70030", "2.35760", "1.10610"], ["4.77200", "2.66180", "-0.41930"], ["4.31430", "0.95570", "-0.84190"], ["3.10250", "0.21730", "0.29870"], ["3.82480", "-0.21180", "1.54610"], ["2.82210", "-1.28740", "-0.68930"], ["1.79770", "-2.24910", "-0.06290"], ["2.30090", "-2.95280", "1.21310"], ["2.11760", "-2.14030", "2.37230"], ["0.50130", "-1.62350", "0.19380"], ["-0.32970", "-1.20620", "-0.80920"], ["-0.06630", "-1.31600", "-1.99900"], ["-1.57200", "-0.57310", "-0.30780"], ["-2.51300", "-0.17230", "-1.17700"], ["-3.77730", "0.43900", "-0.79960"], ["-3.91440", "1.57340", "-0.07980"], ["-2.78410", "2.42860", "0.42900"], ["-5.16930", "2.05400", "0.22220"], ["-6.34040", "1.47070", "-0.16300"], ["-7.42940", "1.95100", "0.13040"], ["-6.21790", "0.33290", "-0.89640"], ["-5.03540", "-0.22410", "-1.28940"], ["-5.01130", "-1.22090", "-2.00660"], ["5.02530", "2.11210", "1.92880"], ["6.42820", "1.55450", "0.96480"], ["6.24190", "3.26840", "1.37600"], ["5.20550", "0.32290", "-0.88500"], ["3.86150", "0.98080", "-1.83720"], ["3.78410", "-1.79410", "-0.82260"], ["2.47730", "-0.96050", "-1.67540"], ["1.62770", "-3.03340", "-0.81300"], ["1.70980", "-3.86000", "1.37940"], ["3.35140", "-3.25140", "1.13550"], ["2.82340", "-1.45560", "2.35640"], ["0.27650", "-1.46130", "1.17120"], ["-1.69090", "-0.45290", "0.76140"], ["-2.38840", "-0.35950", "-2.24420"], ["-2.68290", "2.31330", "1.51310"], ["-1.82210", "2.19220", "-0.03310"], ["-2.97960", "3.48550", "0.21400"], ["-5.27560", "2.90830", "0.75870"], ["-7.06630", "-0.10400", "-1.21940"]], "bond_dist": [[0.0, 1.811387228065827, 2.7714659676784774, 3.4614077613017513, 3.211373010100197, 4.979309329615907, 6.1496774427607175, 6.3061650406566425, 5.888132653057334, 6.611433240984893, 7.261538716415413, 7.509371380481858, 7.967086229607409, 8.892200881109243, 9.8558419330872, 9.719248146847574, 8.511671326478721, 10.909704685737374, 12.139837845292663, 13.172180386708952, 12.253689549682578, 11.298621580971727, 11.714646307080722, 1.0921220353055794, 1.0930570479165305, 1.093495866475955, 2.889517319553562, 3.733601286961424, 4.9626927186760215, 5.397616034880585, 7.023666889168364, 7.393059779279484, 6.081042391728577, 4.937640928621684, 6.633689897786902, 7.915021527450194, 9.167017518800757, 8.393190914664101, 7.609969484827125, 8.798219412472049, 10.995196135585758, 13.208084659404633], [1.811387228065827, 0.0, 1.816275656391397, 3.0460358664992766, 3.6079858591740623, 4.412617210907831, 5.752427336351151, 6.347818375631111, 6.156219158704472, 6.081000426739008, 6.414108581868567, 6.459682021585893, 7.122032452888713, 7.853499672120704, 8.84171920047227, 8.760902908376512, 7.607144164533759, 9.980500427333292, 11.178991128898888, 12.23444190349523, 11.244078514044626, 10.26014559253425, 10.644615515367382, 2.4248514573062, 2.425869852238574, 2.3982643015314222, 2.4238919014675546, 2.380170510698761, 4.581881939771036, 4.468164342322248, 6.517432410082977, 7.426053175812842, 6.277056765714327, 5.334279258719026, 6.303900705912174, 7.270796723193408, 7.983097259835935, 7.709160526283001, 6.622071383638204, 7.820924059214486, 10.119422513661537, 12.183396757062457], [2.7714659676784774, 1.816275656391397, 0.0, 1.8206213664570678, 2.702815291506247, 2.698415314587434, 4.148597305114103, 4.8531615272933175, 4.9741118332824, 4.718465442280997, 5.122657210862347, 5.068447263215827, 6.104999585585571, 6.927965163018648, 8.108190842598612, 8.286968890372401, 7.360156505129493, 9.606104343593191, 10.688721265895188, 11.825839465763098, 10.550738691200726, 9.434462060976237, 9.646809265762437, 3.0853784937994235, 2.8445209684584856, 3.739425552140329, 1.0938605441279978, 1.0937458297063354, 2.8005150544140984, 2.782285695251298, 4.809529455154631, 5.908346674832139, 4.747312669289858, 4.273906104490363, 5.118426462302648, 6.373158705853793, 6.972975234431856, 7.506657751622889, 6.311774286997278, 7.792033756343719, 9.916690432296452, 11.436062552294825], [3.4614077613017513, 3.0460358664992766, 1.8206213664570678, 0.0, 1.5039450987319984, 1.821782163157824, 2.81360739265449, 3.3953238328618967, 3.2906113003513493, 3.188383617132669, 3.877343355959077, 4.203775400755849, 4.779489999989539, 5.819219784472829, 6.970442010374951, 7.156755904039203, 6.289585466467563, 8.473605748440269, 9.536904050057334, 10.674968767635809, 9.397418982358932, 8.30315072607983, 8.556668614010947, 3.153514371300692, 3.6458296092933367, 4.508394266254894, 2.4155550190380675, 2.391878353930233, 2.4015874354268263, 2.3822591567669544, 3.738711331461684, 4.442060453213125, 3.5768792459349252, 2.6665746773717025, 3.400769061550637, 4.8620924394750045, 6.078570675742776, 6.272067962004239, 5.316202254429378, 6.905088394799882, 8.811676379100632, 10.286513245021368], [3.211373010100197, 3.6079858591740623, 2.702815291506247, 1.5039450987319984, 0.0, 2.675693519445006, 3.29372231677171, 3.153766194568012, 2.7048568409437124, 3.855809179666442, 4.8781287088390775, 5.378443163221119, 5.717773442521136, 6.898155021453199, 7.982341357020507, 8.107139229715992, 7.203970001325658, 9.369119257432898, 10.444286481134075, 11.547247636125244, 10.349798434269143, 9.302868137300454, 9.576879622820787, 2.6435148476980412, 3.1992838167314885, 4.240648353730831, 2.8464862181292916, 3.587528472360882, 2.848871613463829, 3.5713261108445415, 4.284160102050342, 4.220234250607423, 3.1035251054244752, 1.7906497396196723, 3.78050699642257, 5.576453155008119, 7.2795634223488985, 6.980499860325191, 6.337236641470792, 7.857759035501153, 9.652580117771622, 11.237244782418864], [4.979309329615907, 4.412617210907831, 2.698415314587434, 1.821782163157824, 2.675693519445006, 0.0, 1.5383885107475286, 2.581536821352738, 3.2553268990993827, 2.5057816066050127, 3.1551248295431984, 3.17159054892021, 4.468095964725914, 5.472165139138255, 6.82236787413285, 7.344120038506995, 6.818264392790881, 8.70966475646451, 9.583084761703821, 10.782040386680066, 9.186395511842496, 7.951794335242832, 7.9436677360020544, 4.8233948729085, 4.880204875822326, 6.059357207658252, 2.883047023549911, 2.7464082016335447, 1.0954258441355125, 1.0945975790216238, 2.119058529158645, 3.4835329394165337, 2.732645152594826, 3.0503411973089176, 3.157812663854523, 4.813324188126122, 5.51616013817583, 6.936903577966181, 5.840103444289321, 7.5667858559628876, 9.23435692292647, 9.973058514317461], [6.1496774427607175, 5.752427336351151, 4.148597305114103, 2.81360739265449, 3.29372231677171, 1.5383885107475286, 0.0, 1.5416160125011675, 2.4585305550267216, 1.4621638793240657, 2.484036002154558, 2.8449349412596416, 3.7714493367934825, 4.912886273872009, 6.232915329121678, 6.873127255478397, 6.5662572398589445, 8.193719583925239, 8.948497285019425, 10.139900359964097, 8.46234539651981, 7.231609977038309, 7.155253030466498, 5.779648440000481, 6.079890665135353, 7.2293950715118624, 4.347888366782201, 4.223702752325262, 2.1748457531512435, 2.173131926506074, 1.0984882794094801, 2.1640135189041683, 2.203350072049378, 2.7449435750120617, 2.111322118957692, 4.009505566775036, 5.084495162747232, 6.585973437541333, 5.729658433973181, 7.468929378431691, 8.792347480053321, 9.192901732314994], [6.3061650406566425, 6.347818375631111, 4.8531615272933175, 3.3953238328618967, 3.153766194568012, 2.581536821352738, 1.5416160125011675, 0.0, 1.427410165299379, 2.4585709548434838, 3.749715350529957, 4.3128107412683905, 4.793272713918957, 6.051230574850044, 7.245673451791766, 7.796667938292614, 7.445233627630498, 9.047309936660731, 9.804747276192282, 10.949805104201626, 9.371006785826163, 8.217640028012909, 8.175219540782988, 5.795497723233096, 6.116535904415178, 7.366230165423831, 4.8547847799876775, 5.216609187010275, 2.7724614370627414, 3.5133756559753184, 2.1365335967402896, 1.095475577089695, 1.0948671015241989, 1.954929405375038, 2.5148604772432206, 4.731595940060816, 6.377120248983862, 7.256725959411724, 6.709930583843621, 8.386512263748262, 9.589698890997568, 10.088466361642883], [5.888132653057334, 6.156219158704472, 4.9741118332824, 3.2906113003513493, 2.7048568409437124, 3.2553268990993827, 2.4585305550267216, 1.427410165299379, 0.0, 2.76140728252824, 4.121136050896646, 4.955517469447565, 4.822053505509867, 6.157354208586671, 7.173812383245048, 7.495957984140519, 6.976956714069537, 8.678363561755177, 9.539645228728373, 10.625914562991744, 9.288793149812305, 8.261070047518057, 8.416726013124105, 5.170523890284233, 5.849262829622209, 6.87433632214776, 5.119812881346348, 5.5228925998972676, 3.6200086602106354, 4.231452164446622, 3.3442137655957342, 2.0271949437584933, 2.0703815807720085, 0.9834737108840275, 2.3007241077539042, 4.466205304282372, 6.692335682704508, 6.604360517869992, 6.330698342205227, 7.892359113091598, 9.09678367116642, 10.069302150099578], [6.611433240984893, 6.081000426739008, 4.718465442280997, 3.188383617132669, 3.855809179666442, 2.5057816066050127, 1.4621638793240657, 2.4585709548434838, 2.76140728252824, 0.0, 1.367738750639171, 2.2858472936747107, 2.377712263920931, 3.615394663103878, 4.8525424026998465, 5.458336107276649, 5.22194280033782, 6.758736358965335, 7.517329231183107, 8.699256997008423, 7.08263267719003, 5.9002753740821285, 5.949168486435731, 6.118129482121149, 6.769214770562389, 7.634315346512745, 5.204015760929246, 4.711505442000465, 3.440777406342933, 2.7996524141400125, 2.066456196003196, 2.8050047878747013, 3.4146635720082292, 3.177605636324306, 1.0159501168856668, 2.5491596576126807, 3.986465362949991, 5.232406365144053, 4.473168637554368, 6.182147996449131, 7.364027217494514, 7.846947447893353], [7.261538716415413, 6.414108581868567, 5.122657210862347, 3.877343355959077, 4.8781287088390775, 3.1551248295431984, 2.484036002154558, 3.749715350529957, 4.121136050896646, 1.367738750639171, 0.0, 1.2235438856044356, 1.4817310349722719, 2.44356807558128, 3.8200420102402015, 4.594374234865941, 4.557300696684387, 5.925741992358424, 6.611496240640238, 7.826653185749321, 6.086651944213666, 4.831016967471756, 4.832324638308151, 6.8690453405113, 7.512506432609559, 8.245184701387835, 5.743024594236037, 4.837965526954486, 4.155617452316804, 2.947867013621883, 2.677702194046231, 3.9990229619245747, 4.638447837369738, 4.474959589761677, 2.0867531262705703, 2.210681046646033, 2.6484658917947197, 4.8288205371498325, 3.791927152517569, 5.484610937887937, 6.621883981919345, 6.83848582948009], [7.509371380481858, 6.459682021585893, 5.068447263215827, 4.203775400755849, 5.378443163221119, 3.17159054892021, 2.8449349412596416, 4.3128107412683905, 4.955517469447565, 2.2858472936747107, 1.2235438856044356, 0.0, 2.3831051886142163, 2.8231320514634097, 4.276693390927154, 5.180717576745523, 5.225289465665993, 6.506246109701046, 7.106400192783967, 8.332039064358737, 6.463495999070473, 5.1368991210651584, 4.945920214681997, 7.28724042487964, 7.694310296576296, 8.497101599957482, 5.631950323822113, 4.552920196972488, 4.054389809823422, 2.5886286272851113, 2.6880652447438846, 4.586943837676673, 5.025090715599073, 5.228705710785413, 3.1919887170853225, 3.317239052284294, 2.5233239387759947, 5.6879926564650205, 4.388059216783657, 6.036479780468083, 7.251649899850379, 7.14679789556134], [7.967086229607409, 7.122032452888713, 6.104999585585571, 4.779489999989539, 5.717773442521136, 4.468095964725914, 3.7714493367934825, 4.793272713918957, 4.822053505509867, 2.377712263920931, 1.4817310349722719, 2.3831051886142163, 0.0, 1.3422482184752564, 2.475795173272619, 3.1853232190784033, 3.3199794487315732, 4.485880259213347, 5.1899637802204355, 6.393139667643747, 4.769871357804107, 3.6166945018898127, 3.890289291299556, 7.465724739769073, 8.375523420061578, 8.868446194232675, 6.86079310940069, 5.854621407059556, 5.517578023915927, 4.2915310799294, 4.067724575238594, 4.941716977933884, 5.787596508050643, 5.2150080584789125, 2.528496092541968, 1.08248505301459, 2.112292328253833, 3.589022231750592, 2.7901423243268435, 4.327337167358236, 5.193671261256338, 5.5891324783010825], [8.892200881109243, 7.853499672120704, 6.927965163018648, 5.819219784472829, 6.898155021453199, 5.472165139138255, 4.912886273872009, 6.051230574850044, 6.157354208586671, 3.615394663103878, 2.44356807558128, 2.8231320514634097, 1.3422482184752564, 0.0, 1.4541571235598991, 2.4930379640109774, 3.0687802169591745, 3.7376599658074836, 4.286797844545506, 5.512593455897142, 3.749699642638061, 2.525434370558855, 2.8336021262696716, 8.467020957219841, 9.35490261413768, 9.747025161555703, 7.739879152157351, 6.511509341158929, 6.512242548462089, 5.076687491859234, 5.046165445167251, 6.161684192653823, 7.015675335988688, 6.527552329165963, 3.8674118593705535, 2.124142022087977, 1.0906350627042944, 3.66656670197066, 2.7160099907769117, 3.9410782027257465, 4.56825892545508, 4.554009611320556], [9.8558419330872, 8.84171920047227, 8.108190842598612, 6.970442010374951, 7.982341357020507, 6.82236787413285, 6.232915329121678, 7.245673451791766, 7.173812383245048, 4.8525424026998465, 3.8200420102402015, 4.276693390927154, 2.475795173272619, 1.4541571235598991, 0.0, 1.3504709585918535, 2.5405535538539623, 2.3643105210610553, 2.8353387910442023, 4.060649998460838, 2.4448222450722263, 1.5041347213597593, 2.394759488967525, 9.366386546048588, 10.41679786978705, 10.635934766629587, 8.983956155836914, 7.727963925899241, 7.88429036565752, 6.468821148400997, 6.424310571571084, 7.303266968282071, 8.257240935082372, 7.557716960167269, 4.891675292780582, 2.754137173417475, 2.1572006443536957, 3.1716388728857514, 2.7356972657807, 3.308303568295993, 3.281865973802099, 3.3598514907656263], [9.719248146847574, 8.760902908376512, 8.286968890372401, 7.156755904039203, 8.107139229715992, 7.344120038506995, 6.873127255478397, 7.796667938292614, 7.495957984140519, 5.458336107276649, 4.594374234865941, 5.180717576745523, 3.1853232190784033, 2.4930379640109774, 1.3504709585918535, 0.0, 1.5059291384391233, 1.3772996660131736, 2.4295978123961173, 3.541467323017396, 2.740764137973204, 2.4394219417722716, 3.5670520517648745, 9.178393527192, 10.395235501420833, 10.399173444557986, 9.240382746401796, 7.994013405668019, 8.435562242079659, 7.0583579861041335, 7.243967206579554, 7.955044050160879, 8.806105766455454, 7.778679854576867, 5.323349312228157, 3.123693547709186, 3.2786286416732224, 2.145081506609947, 2.182387137975295, 2.1485566992751206, 2.0827639568611707, 3.747910421821738], [8.511671326478721, 7.607144164533759, 7.360156505129493, 6.289585466467563, 7.203970001325658, 6.818264392790881, 6.5662572398589445, 7.445233627630498, 6.976956714069537, 5.22194280033782, 4.557300696684387, 5.225289465665993, 3.3199794487315732, 3.0687802169591745, 2.5405535538539623, 1.5059291384391233, 0.0, 2.4232767980567136, 3.7303225195685155, 4.679324289894857, 4.23551957733641, 3.8804725923526378, 4.920509877035102, 7.95841068618603, 9.269174922289471, 9.114315610071884, 8.366258222766017, 7.1690854814264835, 7.908157123502289, 6.602789420388932, 7.1302164932069205, 7.787482733849238, 8.390822516297197, 7.088436826973913, 5.004943077598385, 3.099777129085251, 3.8827925955425435, 1.0949010640235946, 1.0930989753906093, 1.0961217359399458, 2.5585907117004862, 5.241042087218914], [10.909704685737374, 9.980500427333292, 9.606104343593191, 8.473605748440269, 9.369119257432898, 8.70966475646451, 8.193719583925239, 9.047309936660731, 8.678363561755177, 6.758736358965335, 5.925741992358424, 6.506246109701046, 4.485880259213347, 3.7376599658074836, 2.3643105210610553, 1.3772996660131736, 2.4232767980567136, 0.0, 1.3638523160518516, 2.2643074548302846, 2.3049974251612517, 2.737262022532735, 3.964528149729801, 10.33662074035804, 11.631980109164562, 11.533495014088315, 10.57634502510201, 9.324603757801187, 9.801165859733219, 8.43555496514604, 8.552922705134192, 9.145300686691499, 10.078874666350405, 8.986398338044001, 6.550929150128248, 4.321406114912135, 4.431875000493584, 2.8135110200601665, 3.3597656421244624, 2.616112684881903, 1.0143768678356189, 3.214620282397285], [12.139837845292663, 11.178991128898888, 10.688721265895188, 9.536904050057334, 10.444286481134075, 9.583084761703821, 8.948497285019425, 9.804747276192282, 9.539645228728373, 7.517329231183107, 6.611496240640238, 7.106400192783967, 5.1899637802204355, 4.286797844545506, 2.8353387910442023, 2.4295978123961173, 3.7303225195685155, 1.3638523160518516, 0.0, 1.2258436482684083, 1.3592169252919122, 2.4174674765133863, 3.5227941083747716, 11.574375045331822, 12.818584213554942, 12.802910590174408, 11.625254218725713, 10.34996189654822