{"total energy": -30.38330717, "HOMO-LUMO gap/eV": 11.95587735, "electronic energy": -30.77343486, "dipole": [-0.33687957, -0.29882915, -0.6310012], "partial charges": [-0.09982238, -0.05222271, -0.0581992, -0.05865297, -0.05717604, -0.07078194, 0.11301512, -0.11636238, -0.45000466, 0.03124569, 0.03141413, 0.03225384, 0.02802734, 0.02842885, 0.02986645, 0.03061658, 0.0279566, 0.02950089, 0.03119318, 0.04147691, 0.0322738, 0.03188317, 0.04222674, 0.04713315, 0.03388424, 0.03599615, 0.28482941], "atomic dipole moments": [[0.05266004, -0.04399123, 0.07353425], [0.04369026, 0.06827523, -0.07373101], [-0.04401798, -0.07049942, 0.07464571], [0.04351354, 0.07328454, -0.06759592], [-0.03642206, -0.06182244, -0.09528725], [0.05036628, 0.04457568, 0.08664376], [-0.01539331, 0.17132258, -0.06041987], [-0.06262889, 0.02656553, 0.0804503], [-0.07493952, -0.17187371, -0.14014979], [-0.11952714, -0.03545465, 0.00566584], [0.04393338, -0.03206392, -0.11328698], [0.00314164, 0.12550384, 0.0095728], [-0.01298497, -0.12238112, -0.01139099], [-0.05276226, 0.03018805, 0.10764387], [0.04722978, -0.02963257, -0.1106342], [0.0097238, 0.12364789, 0.00916892], [-0.00549418, -0.12347682, -0.01089701], [-0.051934, 0.02231408, 0.10849919], [0.04699692, -0.04843253, 0.10301866], [0.00387608, 0.12516727, 0.02018429], [-0.01351718, -0.12266477, -0.02297338], [-0.04653505, 0.05893109, -0.09850618], [0.04770798, -0.05981158, 0.10499697], [0.12251535, 0.03395278, 0.01408721], [-0.03105435, 0.05699347, -0.10734462], [-0.00721999, -0.12678868, -0.01787632], [-0.0288033, 0.02971034, -0.06579402]], "atomic quadrupole moments": [[-0.01051777, -0.0749413, -0.05676501, 0.13445887, -0.11701266, 0.06728278], [0.16709757, 0.00945349, -0.13566756, 0.1216082, -0.12661736, -0.03143001], [0.17739284, 0.01918969, -0.1366778, 0.10808244, -0.1295565, -0.04071504], [0.16491432, 0.03129251, -0.12561659, 0.12915922, -0.10353385, -0.03929774], [0.17423782, 0.057434, -0.1832474, -0.11156099, 0.07465046, 0.00900958], [0.18141361, 0.04244678, -0.17590134, -0.07599285, 0.09273384, -0.00551227], [-0.06627945, 0.07686526, 0.28061272, -0.08579876, 0.13904167, -0.21433327], [-0.02382574, -0.06160586, -0.07264526, -0.14988575, 0.09459887, 0.096471], [-0.09682003, 0.02967007, 0.15572154, 0.02585938, 0.03738689, -0.0589015], [0.06982002, 0.03658179, -0.03319389, -0.00553074, -0.0155484, -0.03662613], [-0.01974398, -0.02698822, -0.03053512, -0.04159538, 0.02636588, 0.05027911], [-0.04647802, 0.01072757, 0.07688648, 0.01219735, 0.01667738, -0.03040846], [-0.02204616, -0.00223614, 0.05412954, 0.00905688, 0.01548426, -0.03208338], [-0.00977679, -0.01426232, -0.02752624, -0.02021896, 0.02818339, 0.03730303], [-0.00679331, -0.01553462, -0.02550341, -0.02572207, 0.02766968, 0.03229672], [-0.02393763, 0.00124971, 0.05462207, 0.00676045, 0.01828625, -0.03068444], [-0.02524505, -0.00504893, 0.05267133, 0.0124413, 0.02267544, -0.02742628], [0.00206594, -0.01736997, -0.03662562, -0.0247328, 0.02511896, 0.03455968], [0.00082131, -0.02157981, -0.02164263, 0.01907629, -0.03934967, 0.02082132], [-0.02283509, 0.00027544, 0.05580535, -0.01229031, -0.00312887, -0.03297026], [-0.02571587, 0.00840142, 0.06166876, -0.01168983, 0.00906011, -0.03595289], [-0.01437803, -0.02590808, -0.01203866, 0.01321723, -0.04105612, 0.0264167], [-0.00927614, -0.00538837, -0.00884711, 0.00921929, -0.01507221, 0.01812326], [0.06828336, 0.02814401, -0.04389984, 0.02391846, 0.01107307, -0.02438352], [-0.01705946, -0.03141165, -0.02113285, 0.03721024, -0.04918344, 0.03819231], [-0.04388086, 0.01419226, 0.08336528, -0.00775953, 0.01218232, -0.03948441], [-0.06237707, -0.03004517, -0.00230043, 0.06933237, -0.07554951, 0.06467751]], "number of molecular orbitals": 54, "number of electrons": 56, "number of unpaired electrons": 0, "orbital energies/eV": [-18.4731931, -17.13818187, -16.93197724, -16.70020046, -16.30374033, -16.00021994, -15.80224836, -15.15510661, -15.04739831, -14.60791775, -14.43673358, -14.03972683, -13.87227925, -13.65764067, -13.36506387, -13.15170441, -13.01535729, -12.85098363, -12.57526824, -12.56004437, -12.22467733, -12.03190925, -11.84956047, -11.69507125, -11.6105147, -11.47807511, -11.35713103, -10.94863335, 1.007244, 1.65296891, 1.98201014, 2.80144997, 2.93583956, 3.08309878, 3.25147433, 3.87369137, 3.9158147, 4.16661011, 4.33963895, 4.64609489, 4.69413385, 4.72628854, 4.9930048, 5.37209913, 5.43472483, 6.1310068, 6.19852963, 6.61226001, 7.03178434, 7.14617231, 7.23755816, 7.45365568, 8.15780277, 8.38628704], "fractional occupation": [2.0, 2.0, 2.0, 2.0, 2.0, 2.0, 2.0, 2.0, 2.0, 2.0, 2.0, 2.0, 2.0, 2.0, 2.0, 2.0, 2.0, 2.0, 2.0, 2.0, 2.0, 2.0, 2.0, 2.0, 2.0, 2.0, 2.0, 2.0, 0.0, 0.0, 0.0, 0.0, 0.0, 0.0, 0.0, 0.0, 0.0, 0.0, 0.0, 0.0, 0.0, 0.0, 0.0, 0.0, 0.0, 0.0, 0.0, 0.0, 0.0, 0.0, 0.0, 0.0, 0.0, 0.0], "program call": "xtb /home/svss/Project-DBcg-Debug/aqme2_20220329/End-to-End-workflows-final/example-3/QDESCP/mol_1113_rdkit_conf_17/mol_1113_rdkit_conf_17.xyz --pop --wbo --acc 0.2 --gfn 2 --chrg 0 --uhf 0 --etemp 300 --input /home/svss/Project-DBcg-Debug/aqme2_20220329/End-to-End-workflows-final/example-3/QDESCP/mol_1113_rdkit_conf_17/mol_1113_rdkit_conf_17_xtb.inp", "method": "GFN2-xTB", "xtb version": "6.3.3 (7355c4f)", "Dipole module/D": 1.97, "Total charge": 0, "Transition dipole module/D": NaN, "HOMO": -10.9486, "LUMO": 1.0072, "HOMO occupancy": 2.0, "LUMO occupancy": 0, "mulliken charges": [-0.08352, -0.03837, -0.04816, -0.04753, -0.04037, -0.0737, 0.22334, -0.11094, -0.56522, 0.02826, 0.026, 0.02675, 0.02172, 0.02238, 0.02105, 0.02321, 0.02146, 0.02519, 0.02585, 0.03224, 0.02514, 0.02333, 0.02889, 0.04246, 0.02756, 0.02986, 0.33312], "cm5 charges": [-0.23386, -0.15098, -0.15897, -0.1581, -0.14998, -0.18036, 0.1738, -0.25689, -0.77595, 0.07904, 0.07729, 0.07803, 0.07643, 0.07709, 0.07701, 0.07867, 0.07665, 0.08012, 0.08134, 0.08985, 0.08109, 0.08164, 0.09517, 0.09575, 0.08109, 0.08159, 0.50343], "FUKUI+": [0.006, -0.013, -0.005, -0.015, -0.017, 0.006, -0.032, 0.022, -0.089, -0.053, -0.027, -0.029, -0.034, -0.035, -0.026, -0.036, -0.046, -0.053, -0.051, -0.044, -0.077, -0.041, -0.062, -0.062, -0.041, -0.067, -0.079], "FUKUI-": [0.017, 0.005, 0.008, 0.006, 0.004, -0.005, -0.008, 0.005, -0.107, -0.057, -0.053, -0.057, -0.07, -0.072, -0.056, -0.053, -0.049, -0.065, -0.051, -0.034, -0.042, -0.033, -0.049, -0.056, -0.036, -0.047, -0.044], "FUKUIrad": [0.011, -0.004, 0.001, -0.005, -0.007, 0.0, -0.02, 0.014, -0.098, -0.055, -0.04, -0.043, -0.052, -0.053, -0.041, -0.045, -0.047, -0.059, -0.051, -0.039, -0.059, -0.037, -0.056, -0.059, -0.039, -0.057, -0.061], "s proportion": [1.007, 1.027, 1.032, 1.033, 1.031, 1.041, 1.016, 1.019, 1.698, 0.972, 0.974, 0.973, 0.978, 0.978, 0.979, 0.977, 0.979, 0.975, 0.974, 0.968, 0.975, 0.977, 0.971, 0.958, 0.972, 0.97, 0.667], "p proportion": [3.076, 3.011, 3.016, 3.015, 3.01, 3.033, 2.761, 3.091, 4.867, 0.0, 0.0, 0.0, 0.0, 0.0, 0.0, 0.0, 0.0, 0.0, 0.0, 0.0, 0.0, 0.0, 0.0, 0.0, 0.0, 0.0, 0.0], "d proportion": [0.0, 0.0, 0.0, 0.0, 0.0, 0.0, 0.0, 0.0, 0.0, 0.0, 0.0, 0.0, 0.0, 0.0, 0.0, 0.0, 0.0, 0.0, 0.0, 0.0, 0.0, 0.0, 0.0, 0.0, 0.0, 0.0, 0.0], "Fermi-level/eV": -4.9707, "Coordination numbers": [3.75, 3.8, 3.801, 3.8, 3.8, 3.8, 3.724, 3.75, 1.653, 0.924, 0.924, 0.924, 0.924, 0.924, 0.924, 0.924, 0.924, 0.924, 0.924, 0.924, 0.924, 0.924, 0.924, 0.924, 0.924, 0.924, 0.804], "Dispersion coefficient C6": [22.47, 21.512, 21.621, 21.63, 21.604, 21.855, 18.829, 22.792, 21.845, 2.569, 2.567, 2.555, 2.615, 2.609, 2.588, 2.578, 2.616, 2.594, 2.57, 2.429, 2.555, 2.56, 2.42, 2.356, 2.532, 2.503, 0.769], "Total dispersion C6": 4848.530887, "Total dispersion C8": 100697.736974, "Polarizability alpha": [6.76, 6.604, 6.62, 6.622, 6.618, 6.656, 6.196, 6.809, 6.309, 2.506, 2.505, 2.5, 2.529, 2.526, 2.516, 2.511, 2.529, 2.519, 2.507, 2.438, 2.499, 2.502, 2.433, 2.4, 2.488, 2.474, 1.377], "Total polarizability alpha": 102.95361, "Wiberg matrix": [[0.0, 1.0201828375566364, 0.0, 0.0, 0.0, 0.0, 0.0, 0.0, 0.0, 0.9873774719461258, 0.9877356525256776, 0.9877104799614284, 0.0, 0.0, 0.0, 0.0, 0.0, 0.0, 0.0, 0.0, 0.0, 0.0, 0.0, 0.0, 0.0, 0.0, 0.0], [1.0201828375566364, 0.0, 1.0073991871495922, 0.0, 0.0, 0.0, 0.0, 0.0, 0.0, 0.0, 0.0, 0.0, 0.9782141012252157, 0.977990232890833, 0.0, 0.0, 0.0, 0.0, 0.0, 0.0, 0.0, 0.0, 0.0, 0.0, 0.0, 0.0, 0.0], [0.0, 1.0073991871495922, 0.0, 1.008135459983352, 0.0, 0.0, 0.0, 0.0, 0.0, 0.0, 0.0, 0.0, 0.0, 0.0, 0.9756373669555523, 0.9770995227683749, 0.0, 0.0, 0.0, 0.0, 0.0, 0.0, 0.0, 0.0, 0.0, 0.0, 0.0], [0.0, 0.0, 1.008135459983352, 0.0, 1.0061593349034628, 0.0, 0.0, 0.0, 0.0, 0.0, 0.0, 0.0, 0.0, 0.0, 0.0, 0.0, 0.9772346551512718, 0.9767804175908357, 0.0, 0.0, 0.0, 0.0, 0.0, 0.0, 0.0, 0.0, 0.0], [0.0, 0.0, 0.0, 1.0061593349034628, 0.0, 1.0074675579082433, 0.0, 0.0, 0.0, 0.0, 0.0, 0.0, 0.0, 0.0, 0.0, 0.0, 0.0, 0.0, 0.9767723071695876, 0.9763090740982632, 0.0, 0.0, 0.0, 0.0, 0.0, 0.0, 0.0], [0.0, 0.0, 0.0, 0.0, 1.0074675579082433, 0.0, 0.9885986638078657, 0.0, 0.0, 0.0, 0.0, 0.0, 0.0, 0.0, 0.0, 0.0, 0.0, 0.0, 0.0, 0.0, 0.9752977798754594, 0.9730383012907515, 0.0, 0.0, 0.0, 0.0, 0.0], [0.0, 0.0, 0.0, 0.0, 0.0, 0.9885986638078657, 0.0, 1.0025434381733787, 0.9844258204308596, 0.0, 0.0, 0.0, 0.0, 0.0, 0.0, 0.0, 0.0, 0.0, 0.0, 0.0, 0.0, 0.0, 0.9630935222123984, 0.0, 0.0, 0.0, 0.0], [0.0, 0.0, 0.0, 0.0, 0.0, 0.0, 1.0025434381733787, 0.0, 0.0, 0.0, 0.0, 0.0, 0.0, 0.0, 0.0, 0.0, 0.0, 0.0, 0.0, 0.0, 0.0, 0.0, 0.0, 0.9851089134007773, 0.9849239133405491, 0.9856452356645895, 0.0], [0.0, 0.0, 0.0, 0.0, 0.0, 0.0, 0.9844258204308596, 0.0, 0.0, 0.0, 0.0, 0.0, 0.0, 0.0, 0.0, 0.0, 0.0, 0.0, 0.0, 0.0, 0.0, 0.0, 0.0, 0.0, 0.0, 0.0, 0.9008335300975361], [0.9873774719461258, 0.0, 0.0, 0.0, 0.0, 0.0, 0.0, 0.0, 0.0, 0.0, 0.0, 0.0, 0.0, 0.0, 0.0, 0.0, 0.0, 0.0, 0.0, 0.0, 0.0, 0.0, 0.0, 0.0, 0.0, 0.0, 0.0], [0.9877356525256776, 0.0, 0.0, 0.0, 0.0, 0.0, 0.0, 0.0, 0.0, 0.0, 0.0, 0.0, 0.0, 0.0, 0.0, 0.0, 0.0, 0.0, 0.0, 0.0, 0.0, 0.0, 0.0, 0.0, 0.0, 0.0, 0.0], [0.9877104799614284, 0.0, 0.0, 0.0, 0.0, 0.0, 0.0, 0.0, 0.0, 0.0, 0.0, 0.0, 0.0, 0.0, 0.0, 0.0, 0.0, 0.0, 0.0, 0.0, 0.0, 0.0, 0.0, 0.0, 0.0, 0.0, 0.0], [0.0, 0.9782141012252157, 0.0, 0.0, 0.0, 0.0, 0.0, 0.0, 0.0, 0.0, 0.0, 0.0, 0.0, 0.0, 0.0, 0.0, 0.0, 0.0, 0.0, 0.0, 0.0, 0.0, 0.0, 0.0, 0.0, 0.0, 0.0], [0.0, 0.977990232890833, 0.0, 0.0, 0.0, 0.0, 0.0, 0.0, 0.0, 0.0, 0.0, 0.0, 0.0, 0.0, 0.0, 0.0, 0.0, 0.0, 0.0, 0.0, 0.0, 0.0, 0.0, 0.0, 0.0, 0.0, 0.0], [0.0, 0.0, 0.9756373669555523, 0.0, 0.0, 0.0, 0.0, 0.0, 0.0, 0.0, 0.0, 0.0, 0.0, 0.0, 0.0, 0.0, 0.0, 0.0, 0.0, 0.0, 0.0, 0.0, 0.0, 0.0, 0.0, 0.0, 0.0], [0.0, 0.0, 0.9770995227683749, 0.0, 0.0, 0.0, 0.0, 0.0, 0.0, 0.0, 0.0, 0.0, 0.0, 0.0, 0.0, 0.0, 0.0, 0.0, 0.0, 0.0, 0.0, 0.0, 0.0, 0.0, 0.0, 0.0, 0.0], [0.0, 0.0, 0.0, 0.9772346551512718, 0.0, 0.0, 0.0, 0.0, 0.0, 0.0, 0.0, 0.0, 0.0, 0.0, 0.0, 0.0, 0.0, 0.0, 0.0, 0.0, 0.0, 0.0, 0.0, 0.0, 0.0, 0.0, 0.0], [0.0, 0.0, 0.0, 0.9767804175908357, 0.0, 0.0, 0.0, 0.0, 0.0, 0.0, 0.0, 0.0, 0.0, 0.0, 0.0, 0.0, 0.0, 0.0, 0.0, 0.0, 0.0, 0.0, 0.0, 0.0, 0.0, 0.0, 0.0], [0.0, 0.0, 0.0, 0.0, 0.9767723071695876, 0.0, 0.0, 0.0, 0.0, 0.0, 0.0, 0.0, 0.0, 0.0, 0.0, 0.0, 0.0, 0.0, 0.0, 0.0, 0.0, 0.0, 0.0, 0.0, 0.0, 0.0, 0.0], [0.0, 0.0, 0.0, 0.0, 0.9763090740982632, 0.0, 0.0, 0.0, 0.0, 0.0, 0.0, 0.0, 0.0, 0.0, 0.0, 0.0, 0.0, 0.0, 0.0, 0.0, 0.0, 0.0, 0.0, 0.0, 0.0, 0.0, 0.0], [0.0, 0.0, 0.0, 0.0, 0.0, 0.9752977798754594, 0.0, 0.0, 0.0, 0.0, 0.0, 0.0, 0.0, 0.0, 0.0, 0.0, 0.0, 0.0, 0.0, 0.0, 0.0, 0.0, 0.0, 0.0, 0.0, 0.0, 0.0], [0.0, 0.0, 0.0, 0.0, 0.0, 0.9730383012907515, 0.0, 0.0, 0.0, 0.0, 0.0, 0.0, 0.0, 0.0, 0.0, 0.0, 0.0, 0.0, 0.0, 0.0, 0.0, 0.0, 0.0, 0.0, 0.0, 0.0, 0.0], [0.0, 0.0, 0.0, 0.0, 0.0, 0.0, 0.9630935222123984, 0.0, 0.0, 0.0, 0.0, 0.0, 0.0, 0.0, 0.0, 0.0, 0.0, 0.0, 0.0, 0.0, 0.0, 0.0, 0.0, 0.0, 0.0, 0.0, 0.0], [0.0, 0.0, 0.0, 0.0, 0.0, 0.0, 0.0, 0.9851089134007773, 0.0, 0.0, 0.0, 0.0, 0.0, 0.0, 0.0, 0.0, 0.0, 0.0, 0.0, 0.0, 0.0, 0.0, 0.0, 0.0, 0.0, 0.0, 0.0], [0.0, 0.0, 0.0, 0.0, 0.0, 0.0, 0.0, 0.9849239133405491, 0.0, 0.0, 0.0, 0.0, 0.0, 0.0, 0.0, 0.0, 0.0, 0.0, 0.0, 0.0, 0.0, 0.0, 0.0, 0.0, 0.0, 0.0, 0.0], [0.0, 0.0, 0.0, 0.0, 0.0, 0.0, 0.0, 0.9856452356645895, 0.0, 0.0, 0.0, 0.0, 0.0, 0.0, 0.0, 0.0, 0.0, 0.0, 0.0, 0.0, 0.0, 0.0, 0.0, 0.0, 0.0, 0.0, 0.0], [0.0, 0.0, 0.0, 0.0, 0.0, 0.0, 0.0, 0.0, 0.9008335300975361, 0.0, 0.0, 0.0, 0.0, 0.0, 0.0, 0.0, 0.0, 0.0, 0.0, 0.0, 0.0, 0.0, 0.0, 0.0, 0.0, 0.0, 0.0]], "Born radii": [], "Atomic SASAs": [], "Solvent H bonds": [], "Total SASA": NaN, "Total FOD": 0.0, "FOD": [0.0, 0.0, 0.0, 0.0, 0.0, 0.0, 0.0, 0.0, 0.0, 0.0, 0.0, 0.0, 0.0, 0.0, 0.0, 0.0, 0.0, 0.0, 0.0, 0.0, 0.0, 0.0, 0.0, 0.0, 0.0, 0.0, 0.0], "FOD s proportion": [0.0, 0.0, 0.0, 0.0, 0.0, 0.0, 0.0, 0.0, 0.0, 0.0, 0.0, 0.0, 0.0, 0.0, 0.0, 0.0, 0.0, 0.0, 0.0, 0.0, 0.0, 0.0, 0.0, 0.0, 0.0, 0.0, 0.0], "FOD p proportion": [0.0, 0.0, 0.0, 0.0, 0.0, 0.0, 0.0, 0.0, 0.0, 0.0, 0.0, 0.0, 0.0, 0.0, 0.0, 0.0, 0.0, 0.0, 0.0, 0.0, 0.0, 0.0, 0.0, 0.0, 0.0, 0.0, 0.0], "FOD d proportion": [0.0, 0.0, 0.0, 0.0, 0.0, 0.0, 0.0, 0.0, 0.0, 0.0, 0.0, 0.0, 0.0, 0.0, 0.0, 0.0, 0.0, 0.0, 0.0, 0.0, 0.0, 0.0, 0.0, 0.0, 0.0, 0.0, 0.0], "coordinates": [["-3.91040", "0.50600", "-1.02100"], ["-3.12490", "-0.16260", "0.09590"], ["-1.65100", "0.24450", "0.06590"], ["-0.86600", "-0.43500", "1.19010"], ["0.59230", "0.02510", "1.27890"], ["1.43120", "-0.37500", "0.05980"], ["2.91470", "-0.03800", "0.24890"], ["3.74620", "-0.48730", "-0.94500"], ["3.08000", "1.36730", "0.41860"], ["-4.96090", "0.20170", "-0.98030"], ["-3.51340", "0.22600", "-2.00200"], ["-3.86880", "1.59630", "-0.93170"], ["-3.21260", "-1.25070", "-0.00390"], ["-3.56790", "0.11180", "1.06030"], ["-1.22520", "-0.02620", "-0.90680"], ["-1.56890", "1.33350", "0.16570"], ["-0.90100", "-1.52370", "1.06090"], ["-1.35170", "-0.21560", "2.14910"], ["1.03550", "-0.41980", "2.17860"], ["0.62300", "1.11260", "1.41620"], ["1.32070", "-1.45030", "-0.12410"], ["1.05330", "0.15340", "-0.82330"], ["3.29550", "-0.52440", "1.15360"], ["4.79820", "-0.21930", "-0.79940"], ["3.41870", "0.01240", "-1.86340"], ["3.67860", "-1.56950", "-1.09180"], ["2.73470", "1.80680", "-0.37720"]], "bond_dist": [[0.0, 1.5203623975881542, 2.5208376028613984, 3.878506873785323, 5.078888865687061, 5.520596000433286, 6.963517216177468, 7.721136214962148, 7.188878772798996, 1.0944428856728885, 1.0947008723847806, 1.0947415859461995, 2.1464883274781625, 2.1458121026781445, 2.7398134097051208, 2.7523872165812713, 4.184552312972082, 4.137292141002373, 5.96292483685649, 5.1826270326929755, 5.65649595686234, 4.980133506242579, 7.597078657615701, 8.741560536311582, 7.393847816259137, 7.868013338194083, 6.801758088171028], [1.5203623975881542, 0.0, 1.5293827578470993, 2.5246989147223076, 3.905418816209089, 4.561191092247725, 6.0428223803120344, 6.957076836574396, 6.398868127255008, 2.159124111763842, 2.168669320113142, 2.168658151945576, 1.0961810708090154, 1.0961805143314673, 2.1524108204522663, 2.1597044357967135, 2.780206722529819, 2.7134254144899574, 4.659690900692878, 4.173257904802913, 4.633565651849556, 4.289771541702424, 6.516990462629203, 7.973725013442587, 6.832875123255216, 7.048234612298316, 6.199780006580879], [2.5208376028613984, 1.5293827578470993, 0.0, 1.5302845781095749, 2.5596679960494875, 3.143847054167871, 4.578090403213986, 5.539604488589415, 4.875185958504558, 3.4715708677772947, 2.7829995364713946, 2.7823022553274113, 2.163120348015801, 2.16354945864429, 1.0957779975889277, 1.0966409850083116, 2.163112627673372, 2.154296808705801, 3.481677473575058, 2.7835200196873022, 3.426287776880395, 2.848194926615803, 5.122710293389623, 6.523498690886662, 5.429357880081216, 5.747651820526362, 4.676695776934823], [3.878506873785323, 2.5246989147223076, 1.5302845781095749, 0.0, 1.5317363807130782, 2.560918962013441, 3.9162684956473557, 5.082693787746808, 4.4061790181516685, 4.678058257439726, 4.199422599596282, 4.200597906250966, 2.7563624670931794, 2.7597285899160444, 2.166363702151603, 2.161262598575194, 1.0968980490455802, 1.0971425841703528, 2.1431438449156883, 2.1594693723227474, 2.7458355049055654, 2.843185996378007, 4.162620191658134, 6.0073120761285566, 5.28040558101364, 5.210330797559786, 4.521851061235874], [5.078888865687061, 3.905418816209089, 2.5596679960494875, 1.5317363807130782, 0.0, 1.532983375643715, 2.541342828112728, 3.89298987668861, 2.954702729548271, 5.9977664542727895, 5.259414236395532, 5.220807888631796, 4.213134876787118, 4.16684135647135, 2.8431008476661535, 2.760780730155874, 2.1624639488324426, 2.1434366167442414, 1.0971883794499466, 1.0965628253775521, 2.1623553639492283, 2.155974658941983, 2.7613294950077942, 4.69772892576828, 4.226434376634754, 4.20573600455378, 3.2414502710977997], [5.520596000433286, 4.561191092247725, 3.143847054167871, 2.560918962013441, 1.532983375643715, 0.0, 1.5330036073016917, 2.5261550486856503, 2.4254665881021737, 6.501794622256226, 5.390852381581228, 5.7410013011668966, 4.726075181374076, 5.121423171346027, 2.8482341827876447, 3.4540971425250913, 2.7858337602951115, 3.4835492331815834, 2.1558986455768276, 2.1693229266294125, 1.096494208831036, 1.096303142383529, 2.1666410154891835, 3.478384126286227, 2.7926570233381685, 2.7935317377828377, 2.578823857885606], [6.963517216177468, 6.0428223803120344, 4.578090403213986, 3.9162684956473557, 2.541342828112728, 1.5330036073016917, 0.0, 1.5227146646696486, 1.4251281591492044, 7.974551027487378, 6.815916403536651, 7.076766570970107, 6.251268224928443, 6.534899598310597, 4.298203547995372, 4.6894139772470504, 4.174471820482203, 4.673806880905542, 2.7204606172484835, 2.8175092794878243, 2.1620722212729158, 2.156630881722693, 1.0954796620658918, 2.1631862679852603, 2.1721803447227854, 2.174054265652079, 1.9564478653927888], [7.721136214962148, 6.957076836574396, 5.539604488589415, 5.082693787746808, 3.89298987668861, 2.5261550486856503, 1.5227146646696486, 0.0, 2.3964074277968677, 8.734389360453312, 7.370742028452766, 7.894921839385112, 7.063522224074899, 7.607641402563609, 4.992883977221982, 5.727063395842585, 5.16664568264556, 5.9695778837368385, 4.136342309335628, 4.229577247196225, 2.7357441510492166, 2.7707431836963887, 2.146771729830631, 1.095320665376126, 1.095634473718311, 1.094201462254552, 2.57068549223743], [7.188878772798996, 6.398868127255008, 4.875185958504558, 4.4061790181516685, 2.954702729548271, 2.4254665881021737, 1.4251281591492044, 2.3964074277968677, 0.0, 8.244490122499997, 7.115812926855231, 7.082483500157273, 6.828560976516209, 6.795780569588751, 4.715217327971215, 4.6558964829557805, 4.961732690300839, 5.013997162942955, 3.2359398418388436, 2.6640057901588725, 3.365788100876227, 2.66896641230271, 2.040880726549202, 2.6368607851003434, 2.6754430847992263, 3.356251534077862, 0.972465927423681], [1.0944428856728885, 2.159124111763842, 3.4715708677772947, 4.678058257439726, 5.9977664542727895, 6.501794622256226, 7.974551027487378, 8.734389360453312, 8.244490122499997, 0.0, 1.7719248375707133, 1.7719914023493455, 2.473737174802529, 2.4723631145121057, 3.743366820123296, 3.7549901784159165, 4.860688285623755, 4.795165095176598, 6.806006495735954, 6.144338066057237, 6.551387715591254, 6.016442763793235, 8.558556617794848, 9.769851514736548, 8.42813124363877, 8.819894667171486, 7.884309416810074], [1.0947008723847806, 2.168669320113142, 2.7829995364713946, 4.199422599596282, 5.259414236395532, 5.390852381581228, 6.815916403536651, 7.370742028452766, 7.115812926855231, 1.7719248375707133, 0.0, 1.774703733021374, 2.5027039657138834, 3.0649132418389917, 2.5492993390341585, 3.1155352333106427, 4.389469245820045, 4.7010199595406945, 6.211840726386986, 5.438745789242222, 5.450230537325921, 4.716922019707343, 7.542017682954608, 8.409948478439091, 6.936774850750167, 7.468410024228718, 6.646627512505872], [1.0947415859461995, 2.168658151945576, 2.7823022553274113, 4.200597906250966, 5.220807888631796, 5.7410013011668966, 7.076766570970107, 7.894921839385112, 7.082483500157273, 1.7719914023493455, 1.774703733021374, 0.0, 3.0654233443359824, 2.502467793998556, 3.101894134234758, 2.5618139296209628, 4.744754113755527, 4.371510340831874, 6.147420905550555, 5.091450416138804, 6.071647187543096, 5.130378093279285, 7.757128274690318, 8.85611628480566, 7.515614435959312, 8.186034962666602, 6.630082408990103], [2.1464883274781625, 1.0961810708090154, 2.163120348015801, 2.7563624670931794, 4.213134876787118, 4.726075181374076, 6.251268224928443, 7.063522224074899, 6.828560976516209, 2.473737174802529, 2.5027039657138834, 3.0654233443359824, 0.0, 1.7649832803740662, 2.5028758299204537, 3.067344696965113, 2.5596528280218007, 3.028166081971066, 4.8476854961930025, 4.723737742508574, 4.539283763987443, 4.565174255162666, 6.65001380073756, 8.116004118407037, 7.001949839151949, 6.98382397329715, 6.697614234188171], [2.1458121026781445, 1.0961805143314673, 2.16354945864429, 2.7597285899160444, 4.16684135647135, 5.121423171346027, 6.534899598310597, 7.607641402563609, 6.795780569588751, 2.4723631145121057, 3.0649132418389917, 2.502467793998556, 1.7649832803740662, 0.0, 3.0621511556420593, 2.50776016596484, 3.1284526878314782, 2.4908268988430327, 4.767020559007481, 4.323413958898685, 5.267007663749883, 4.990507885977137, 6.893454496114412, 8.576697529352424, 7.574330439715446, 7.744034242563755, 6.682978229053271], [2.7398134097051208, 2.1524108204522663, 1.0957779975889277, 2.166363702151603, 2.8431008476661535, 2.8482341827876447, 4.298203547995372, 4.992883977221982, 4.715217327971215, 3.743366820123296, 2.5492993390341585, 3.101894134234758, 2.5028758299204537, 3.0621511556420593, 0.0, 1.7655509140208898, 2.4938835538172186, 3.0643758614112597, 3.8451760180777157, 3.179471289381302, 3.0203123861614047, 2.287092184412338, 4.993013107333086, 6.027451362723717, 4.741558892389717, 5.144244777418742, 4.3955856458497085], [2.7523872165812713, 2.1597044357967135, 1.0966409850083116, 2.161262598575194, 2.760780730155874, 3.4540971425250913, 4.6894139772470504, 5.727063395842585, 4.6558964829557805, 3.7549901784159165, 3.1155352333106427, 2.5618139296209628, 3.067344696965113, 2.50776016596484, 1.7655509140208898, 0.0, 3.0677459624290924, 2.5260170644712594, 3.7294405290874395, 2.5331744254985678, 4.022849070000016, 3.0408370311478383, 5.3000119037602165, 6.624391916244086, 5.544249794156104, 6.127395164341858, 4.363453478610721], [4.184552312972082, 2.780206722529819, 2.163112627673372, 1.0968980490455802, 2.1624639488324426, 2.7858337602951115, 4.174471820482203, 5.16664568264556, 4.961732690300839, 4.860688285623755, 4.389469245820045, 4.744754113755527, 2.5596528280218007, 3.1284526878314782, 2.4938835538172186, 3.0677459624290924, 0.0, 1.760237296502946, 2.493567875555025, 3.065761207269738, 2.5190401842765433, 3.19095009989188, 4.314835573923994, 6.135393719232694, 5.437917045156169, 5.060528736209291, 5.136017557407684], [4.137292141002373, 2.7134254144899574, 2.154296808705801, 1.0971425841703528, 2.1434366167442414, 3.4835492331815834, 4.673806880905542, 5.9695778837368385, 5.013997162942955, 4.795165095176598, 4.7010199595406945, 4.371510340831874, 3.028166081971066, 2.4908268988430327, 3.0643758614112597, 2.5260170644712594, 1.760237296502946, 0.0, 2.396099273819847, 2.490120025219668, 3.7193607098532397, 3.8412690298910332, 4.7626511031147345, 6.820185917553861, 6.237696402519122, 6.135176942028648, 5.212576945235437], [5.96292483685649, 4.659690900692878, 3.481677473575058, 2.1431438449156883, 1.0971883794499466, 2.1558986455768276, 2.7204606172484835, 4.136342309335628, 3.2359398418388436, 6.806006495735954, 6.211840726386986, 6.147420905550555, 4.8476854961930025, 4.767020559007481, 3.8451760180777157, 3.7294405290874395, 2.493567875555025, 2.396099273819847, 0.0, 1.7605850646873045, 2.538837643489634, 3.056186952723933, 2.483780618331659, 4.802769569737861, 4.7121336016713276, 4.359277905800455, 3.7917201689998166], [5.1826270326929755, 4.173257904802913, 2.7835200196873022, 2.1594693723227474, 1.0965628253775521, 2.1693229266294125, 2.8175092794878243, 4.229577247196225, 2.6640057901588725, 6.144338066057237, 5.438745789242222, 5.091450416138804, 4.723737742508574, 4.323413958898685, 3.179471289381302, 2.5331744254985678, 3.065761207269738, 2.490120025219668, 1.7605850646873045, 0.0, 3.070466705567738, 2.4739812004136166, 3.1449934833000848, 4.910716445693031, 4.447713422647642, 4.777071882440121, 2.856129214513937], [5.65649595686234, 4.633565651849556, 3.426287776880395, 2.7458355049055654, 2.1623553639492283, 1.096494208831036, 2.1620722212729158, 2.7357441510492166, 3.365788100876227, 6.551387715591254, 5.450230537325921, 6.071647187543096, 4.539283763987443, 5.267007663749883, 3.0203123861614047, 4.022849070000016, 2.5190401842765433, 3.7193607098532397, 2.538837643489634, 3.070466705567738, 0.0, 1.7698127273810638, 2.5277743451502945, 3.750252970134148, 3.09293707986438, 2.55153764228553, 3.5597971880431616], [4.980133506242579, 4.289771541702424, 2.848194926615803, 2.843185996378007, 2.155974658941983, 1.096303142383529, 2.156630881722693, 2.7707431836963887, 2.66896641230271, 6.016442763793235, 4.716922019707343, 5.130378093279285, 4.565174255162666, 4.990507885977137, 2.287092184412338, 3.0408370311478383, 3.19095009989188, 3.8412690298910332, 3.056186952723933, 2.4739812004136166, 1.7698127273810638, 0.0, 3.065127613982818, 3.763476120556632, 2.5878188054807856, 3.1516149431680263, 2.399967235193014], [7.597078657615701, 6.516990462629203, 5.122710293389623, 4.162620191658134, 2.7613294950077942, 2.1666410154891835, 1.0954796620658918, 2.146771729830631, 2.040880726549202, 8.558556617794848, 7.542017682954608, 7.757128274690318, 6.65001380073756, 6.893454496114412, 4.993013107333086, 5.3000119037602165, 4.314835573923994, 4.7626511031147345, 2.483780618331659, 3.1449934833000848, 2.5277743451502945, 3.065127613982818, 0.0, 2.483022815038154, 3.0668585686333825, 2.5061565753160755, 2.844703626039099], [8.741560536311582, 7.973725013442587, 6.523498690886662, 6.0073120761285566, 4.69772892576828, 3.478384126286227, 2.1631862679852603, 1.095320665376126, 2.6368607851003434, 9.769851514736548, 8.409948478439091, 8.85611628480566, 8.116004118407037, 8.576697529352424, 6.027451362723717, 6.624391916244086, 6.135393719232694, 6.820185917553861, 4.802769569737861, 4.910716445693031, 3.750252970134148, 3.763476120556632, 2.483022815038154, 0.0, 1.7574985462298396, 1.778213136831465, 2.92256159900865], [7.393847816259137, 6.832875123255216, 5.429357880081216, 5.28040558101364, 4.226434376634754, 2.7926570233381685, 2.1721803447227854, 1.095634473718311, 2.6754430847992263, 8.42813124363877, 6.936774850750167, 7.515614435959312, 7.001949839151949, 7.574330439715446, 4.741558892389717, 5.544249794156104, 5.437917045156169, 6.237696402519122, 4.7121336016713276, 4.447713422647642, 3.09293707986438, 2.5878188054807856, 3.0668585686333825, 1.7574985462298396, 0.0, 1.7791352337582433, 2.4282746549762444], [7.868013338194083, 7.048234612298316, 5.747651820526362, 5.210330797559786, 4.20573600455378, 2.7935317377828377, 2.174054265652079, 1.094201462254552, 3.356251534077862, 8.819894667171486, 7.468410024228718, 8.186034962666602, 6.98382397329715, 7.744034242563755, 5.144244777418742, 6.127395164341858, 5.060528736209291, 6.135176942028648, 4.359277905800455, 4.777071882440121, 2.55153764228553, 3.1516149431680263, 2.5061565753160755, 1.778213136831465, 1.7791352337582433, 0.0, 3.5778488034012836], [6.801758088171028, 6.199780006580879, 4.676695776934823, 4.521851061235874, 3.2414502710977997, 2.578823857885606, 1.9564478653927888, 2.57068549223743, 0.972465927423681, 7.884309416810074, 6.646627512505872, 6.630082408990103, 6.697614234188171, 6.682978229053271, 4.3955856458497085, 4.363453478610721, 5.136017557407684, 5.212576945235437, 3.7917201689998166, 2.856129214513937, 3.5597971880431616, 2.399967235193014, 2.844703626039099, 2.92256159900865, 2.4282746549762444, 3.5778488034012836, 0.0]]}