{"total energy": -24.05156362, "HOMO-LUMO gap/eV": 11.6549497, "electronic energy": -24.34900591, "dipole": [0.66052694, 0.14204793, 0.09566651], "partial charges": [-0.10268097, -0.06464653, 0.11232697, -0.44804198, -0.01032659, -0.10256803, -0.10210982, 0.03259341, 0.03727945, 0.03592994, 0.02442893, 0.04330771, 0.01004211, 0.27940111, 0.03046088, 0.0289312, 0.03190563, 0.05035822, 0.03154586, 0.04981329, 0.03204919], "atomic dipole moments": [[-0.04968502, -0.03448237, -0.08660087], [-0.03010613, 0.10054857, 0.04587899], [-0.07133042, -0.13167523, -0.09183465], [0.19639833, 0.09465215, 0.0983927], [-0.01201737, -0.03765693, -0.08389806], [0.07921581, -0.06196381, 0.04746482], [0.04718969, 0.09898078, -0.02660643], [0.03840776, 0.1193957, -0.01663276], [-0.07296486, -0.00584996, 0.10352842], [0.10109663, -0.06795495, 0.02496173], [0.08266804, -0.01463893, -0.08505033], [-0.02983353, -0.12186497, 0.01655443], [0.03874196, 0.1011975, -0.0442843], [0.06292309, 0.00107296, -0.04735205], [0.03930195, 0.05817194, 0.10066042], [0.0479172, 0.10961535, -0.03627353], [-0.08725927, 0.02734298, 0.08447868], [-0.06317727, -0.05064243, -0.10224735], [-0.09266678, 0.01956932, 0.08122287], [-0.05216677, -0.06981383, -0.09722282], [0.07988998, -0.07414138, 0.06075622]], "atomic quadrupole moments": [[-0.03760844, 0.04877614, -0.07043645, 0.13195874, 0.10886533, 0.1080449], [0.02799262, -0.08197047, -0.08818615, 0.20010781, 0.04249513, 0.06019354], [-0.02580768, -0.02557677, -0.16389978, 0.15999615, 0.22340514, 0.18970745], [-0.00417878, 0.05330336, -0.06569794, 0.07448559, 0.10107586, 0.06987672], [0.05875725, -0.04501855, 0.02251788, -0.0922949, -0.11934275, -0.08127513], [0.05567291, -0.14229667, 0.01543963, 0.07333373, -0.10106221, -0.07111254], [-0.04016125, 0.09910013, 0.14606025, -0.04746073, -0.09307905, -0.105899], [-0.04283214, 0.03090185, 0.06704196, -0.00023421, -0.02544184, -0.02420982], [0.02084197, 0.01231648, -0.04593793, -0.055901, 0.00311332, 0.02509596], [0.03345825, -0.06207209, -0.00274344, 0.0208205, 0.00069027, -0.03071482], [0.01703394, 0.00299067, -0.04337627, -0.0400163, -0.01027772, 0.02634233], [-0.01086371, 0.04081293, 0.02865244, -0.00495356, -0.02745429, -0.01778872], [-0.01165794, 0.01681363, 0.01941193, -0.00200218, 0.00759754, -0.00775398], [0.03946115, 0.00315512, -0.07748552, -0.09855916, 0.02868192, 0.03802437], [-0.00591355, 0.01025075, -0.00876103, 0.02430708, 0.01607103, 0.01467458], [-0.0044072, 0.04714427, 0.04457641, -0.011248, -0.03596536, -0.04016921], [0.01177514, -0.02019464, -0.04563255, -0.05789997, 0.00566251, 0.03385741], [-0.02400953, 0.0148161, -0.00322983, 0.03760616, 0.04762283, 0.02723935], [0.01961875, -0.02429586, -0.01935737, -0.06392859, 0.02110965, -0.00026138], [-0.03338938, 0.02200154, -0.01560463, 0.03128295, 0.03649234, 0.04899401], [0.03389499, -0.04197378, -0.00334353, 0.04077094, -0.03261338, -0.03055146]], "number of molecular orbitals": 42, "number of electrons": 44, "number of unpaired electrons": 0, "orbital energies/eV": [-18.413733, -17.14355407, -16.75038137, -16.19205282, -15.78389061, -15.57179261, -15.15849935, -14.85835922, -14.02890611, -13.86325689, -13.57513943, -13.35606643, -13.09931824, -12.6865929, -12.51295338, -12.36298601, -12.19460433, -12.02215561, -11.67828222, -11.52031032, -11.33578671, -10.87569427, 0.77925544, 1.56507344, 2.28745783, 2.68026491, 3.17195863, 3.47138959, 3.7489859, 4.37503518, 4.6078274, 4.97478059, 5.23144028, 5.32408917, 5.81081136, 6.12120491, 6.43396548, 6.92189194, 7.18124372, 7.3823767, 7.75820776, 8.07907358], "fractional occupation": [2.0, 2.0, 2.0, 2.0, 2.0, 2.0, 2.0, 2.0, 2.0, 2.0, 2.0, 2.0, 2.0, 2.0, 2.0, 2.0, 2.0, 2.0, 2.0, 2.0, 2.0, 2.0, 0.0, 0.0, 0.0, 0.0, 0.0, 0.0, 0.0, 0.0, 0.0, 0.0, 0.0, 0.0, 0.0, 0.0, 0.0, 0.0, 0.0, 0.0, 0.0, 0.0], "program call": "xtb /home/svss/Project-DBcg-Debug/aqme2_20220329/End-to-End-workflows-final/example-3/QDESCP/mol_748_rdkit_conf_5/mol_748_rdkit_conf_5.xyz --pop --wbo --acc 0.2 --gfn 2 --chrg 0 --uhf 0 --etemp 300 --input /home/svss/Project-DBcg-Debug/aqme2_20220329/End-to-End-workflows-final/example-3/QDESCP/mol_748_rdkit_conf_5/mol_748_rdkit_conf_5_xtb.inp", "method": "GFN2-xTB", "xtb version": "6.3.3 (7355c4f)", "Dipole module/D": 1.734, "Total charge": 0, "Transition dipole module/D": NaN, "HOMO": -10.8757, "LUMO": 0.7793, "HOMO occupancy": 2.0, "LUMO occupancy": 0, "mulliken charges": [-0.08605, -0.06574, 0.21226, -0.56999, -0.00587, -0.08345, -0.08547, 0.0262, 0.02942, 0.03201, 0.02226, 0.0354, 0.00823, 0.33397, 0.01564, 0.02416, 0.02457, 0.04136, 0.02536, 0.04153, 0.0242], "cm5 charges": [-0.23641, -0.17396, 0.1666, -0.78176, -0.07533, -0.23072, -0.23289, 0.07773, 0.08141, 0.08283, 0.07907, 0.09287, 0.07517, 0.50336, 0.07494, 0.07611, 0.07598, 0.09565, 0.07689, 0.09577, 0.0767], "FUKUI+": [0.005, 0.002, -0.04, -0.155, -0.005, 0.022, 0.017, -0.042, -0.039, -0.061, -0.047, -0.053, -0.095, -0.123, -0.097, -0.05, -0.061, -0.037, -0.059, -0.036, -0.044], "FUKUI-": [0.021, 0.002, -0.002, -0.101, -0.007, 0.019, 0.019, -0.057, -0.052, -0.079, -0.072, -0.072, -0.1, -0.057, -0.083, -0.051, -0.073, -0.071, -0.066, -0.066, -0.053], "FUKUIrad": [0.013, 0.002, -0.021, -0.128, -0.006, 0.02, 0.018, -0.05, -0.046, -0.07, -0.06, -0.063, -0.098, -0.09, -0.09, -0.05, -0.067, -0.054, -0.063, -0.051, -0.049], "s proportion": [1.007, 1.038, 1.025, 1.699, 1.054, 1.011, 1.01, 0.974, 0.971, 0.968, 0.978, 0.965, 0.992, 0.666, 0.984, 0.976, 0.975, 0.959, 0.975, 0.958, 0.976], "p proportion": [3.079, 3.028, 2.763, 4.871, 2.952, 3.072, 3.076, 0.0, 0.0, 0.0, 0.0, 0.0, 0.0, 0.0, 0.0, 0.0, 0.0, 0.0, 0.0, 0.0, 0.0], "d proportion": [0.0, 0.0, 0.0, 0.0, 0.0, 0.0, 0.0, 0.0, 0.0, 0.0, 0.0, 0.0, 0.0, 0.0, 0.0, 0.0, 0.0, 0.0, 0.0, 0.0, 0.0], "Fermi-level/eV": -5.0482, "Coordination numbers": [3.749, 3.798, 3.724, 1.653, 3.846, 3.752, 3.752, 0.924, 0.924, 0.924, 0.924, 0.924, 0.924, 0.804, 0.924, 0.924, 0.924, 0.924, 0.924, 0.924, 0.924], "Dispersion coefficient C6": [22.527, 21.743, 18.84, 21.805, 20.728, 22.519, 22.511, 2.55, 2.485, 2.504, 2.667, 2.405, 2.89, 0.787, 2.58, 2.602, 2.56, 2.316, 2.565, 2.322, 2.558], "Total dispersion C6": 2909.86215, "Total dispersion C8": 60059.699811, "Polarizability alpha": [6.769, 6.639, 6.198, 6.304, 6.476, 6.767, 6.766, 2.497, 2.465, 2.475, 2.554, 2.425, 2.658, 1.393, 2.512, 2.522, 2.502, 2.38, 2.504, 2.383, 2.501], "Total polarizability alpha": 79.692845, "Wiberg matrix": [[0.0, 1.020174766333247, 0.0, 0.0, 0.0, 0.0, 0.0, 0.9873053326369533, 0.9854638396818667, 0.9867628221326227, 0.0, 0.0, 0.0, 0.0, 0.0, 0.0, 0.0, 0.0, 0.0, 0.0, 0.0], [1.020174766333247, 0.0, 0.9887624603335479, 0.0, 0.0, 0.0, 0.0, 0.0, 0.0, 0.0, 0.9747671656506773, 0.9742304398133289, 0.0, 0.0, 0.0, 0.0, 0.0, 0.0, 0.0, 0.0, 0.0], [0.0, 0.9887624603335479, 0.0, 0.9787692475789441, 0.9802854203001127, 0.0, 0.0, 0.0, 0.0, 0.0, 0.0, 0.0, 0.9641206883485937, 0.0, 0.0, 0.0, 0.0, 0.0, 0.0, 0.0, 0.0], [0.0, 0.0, 0.9787692475789441, 0.0, 0.0, 0.0, 0.0, 0.0, 0.0, 0.0, 0.0, 0.0, 0.0, 0.9056328416401875, 0.0, 0.0, 0.0, 0.0, 0.0, 0.0, 0.0], [0.0, 0.0, 0.9802854203001127, 0.0, 0.0, 1.0076334948614565, 1.00992073350235, 0.0, 0.0, 0.0, 0.0, 0.0, 0.0, 0.0, 0.9663570772469936, 0.0, 0.0, 0.0, 0.0, 0.0, 0.0], [0.0, 0.0, 0.0, 0.0, 1.0076334948614565, 0.0, 0.0, 0.0, 0.0, 0.0, 0.0, 0.0, 0.0, 0.0, 0.0, 0.9868611355400361, 0.9867751159412541, 0.9859870764939576, 0.0, 0.0, 0.0], [0.0, 0.0, 0.0, 0.0, 1.00992073350235, 0.0, 0.0, 0.0, 0.0, 0.0, 0.0, 0.0, 0.0, 0.0, 0.0, 0.0, 0.0, 0.0, 0.9862669963866955, 0.9858965280962918, 0.9848289581608396], [0.9873053326369533, 0.0, 0.0, 0.0, 0.0, 0.0, 0.0, 0.0, 0.0, 0.0, 0.0, 0.0, 0.0, 0.0, 0.0, 0.0, 0.0, 0.0, 0.0, 0.0, 0.0], [0.9854638396818667, 0.0, 0.0, 0.0, 0.0, 0.0, 0.0, 0.0, 0.0, 0.0, 0.0, 0.0, 0.0, 0.0, 0.0, 0.0, 0.0, 0.0, 0.0, 0.0, 0.0], [0.9867628221326227, 0.0, 0.0, 0.0, 0.0, 0.0, 0.0, 0.0, 0.0, 0.0, 0.0, 0.0, 0.0, 0.0, 0.0, 0.0, 0.0, 0.0, 0.0, 0.0, 0.0], [0.0, 0.9747671656506773, 0.0, 0.0, 0.0, 0.0, 0.0, 0.0, 0.0, 0.0, 0.0, 0.0, 0.0, 0.0, 0.0, 0.0, 0.0, 0.0, 0.0, 0.0, 0.0], [0.0, 0.9742304398133289, 0.0, 0.0, 0.0, 0.0, 0.0, 0.0, 0.0, 0.0, 0.0, 0.0, 0.0, 0.0, 0.0, 0.0, 0.0, 0.0, 0.0, 0.0, 0.0], [0.0, 0.0, 0.9641206883485937, 0.0, 0.0, 0.0, 0.0, 0.0, 0.0, 0.0, 0.0, 0.0, 0.0, 0.0, 0.0, 0.0, 0.0, 0.0, 0.0, 0.0, 0.0], [0.0, 0.0, 0.0, 0.9056328416401875, 0.0, 0.0, 0.0, 0.0, 0.0, 0.0, 0.0, 0.0, 0.0, 0.0, 0.0, 0.0, 0.0, 0.0, 0.0, 0.0, 0.0], [0.0, 0.0, 0.0, 0.0, 0.9663570772469936, 0.0, 0.0, 0.0, 0.0, 0.0, 0.0, 0.0, 0.0, 0.0, 0.0, 0.0, 0.0, 0.0, 0.0, 0.0, 0.0], [0.0, 0.0, 0.0, 0.0, 0.0, 0.9868611355400361, 0.0, 0.0, 0.0, 0.0, 0.0, 0.0, 0.0, 0.0, 0.0, 0.0, 0.0, 0.0, 0.0, 0.0, 0.0], [0.0, 0.0, 0.0, 0.0, 0.0, 0.9867751159412541, 0.0, 0.0, 0.0, 0.0, 0.0, 0.0, 0.0, 0.0, 0.0, 0.0, 0.0, 0.0, 0.0, 0.0, 0.0], [0.0, 0.0, 0.0, 0.0, 0.0, 0.9859870764939576, 0.0, 0.0, 0.0, 0.0, 0.0, 0.0, 0.0, 0.0, 0.0, 0.0, 0.0, 0.0, 0.0, 0.0, 0.0], [0.0, 0.0, 0.0, 0.0, 0.0, 0.0, 0.9862669963866955, 0.0, 0.0, 0.0, 0.0, 0.0, 0.0, 0.0, 0.0, 0.0, 0.0, 0.0, 0.0, 0.0, 0.0], [0.0, 0.0, 0.0, 0.0, 0.0, 0.0, 0.9858965280962918, 0.0, 0.0, 0.0, 0.0, 0.0, 0.0, 0.0, 0.0, 0.0, 0.0, 0.0, 0.0, 0.0, 0.0], [0.0, 0.0, 0.0, 0.0, 0.0, 0.0, 0.9848289581608396, 0.0, 0.0, 0.0, 0.0, 0.0, 0.0, 0.0, 0.0, 0.0, 0.0, 0.0, 0.0, 0.0, 0.0]], "Born radii": [], "Atomic SASAs": [], "Solvent H bonds": [], "Total SASA": NaN, "Total FOD": 0.0, "FOD": [0.0, 0.0, 0.0, 0.0, 0.0, 0.0, 0.0, 0.0, 0.0, 0.0, 0.0, 0.0, 0.0, 0.0, 0.0, 0.0, 0.0, 0.0, 0.0, 0.0, 0.0], "FOD s proportion": [0.0, 0.0, 0.0, 0.0, 0.0, 0.0, 0.0, 0.0, 0.0, 0.0, 0.0, 0.0, 0.0, 0.0, 0.0, 0.0, 0.0, 0.0, 0.0, 0.0, 0.0], "FOD p proportion": [0.0, 0.0, 0.0, 0.0, 0.0, 0.0, 0.0, 0.0, 0.0, 0.0, 0.0, 0.0, 0.0, 0.0, 0.0, 0.0, 0.0, 0.0, 0.0, 0.0, 0.0], "FOD d proportion": [0.0, 0.0, 0.0, 0.0, 0.0, 0.0, 0.0, 0.0, 0.0, 0.0, 0.0, 0.0, 0.0, 0.0, 0.0, 0.0, 0.0, 0.0, 0.0, 0.0, 0.0], "coordinates": [["2.21260", "-0.12090", "0.96040"], ["1.51590", "-0.67080", "-0.27300"], ["0.34350", "0.19080", "-0.76280"], ["-0.19590", "-0.42010", "-1.93740"], ["-0.79080", "0.40640", "0.26480"], ["-1.87220", "1.32900", "-0.31160"], ["-1.43980", "-0.90240", "0.72450"], ["2.52870", "0.91530", "0.80410"], ["1.56230", "-0.15770", "1.83910"], ["3.10350", "-0.71620", "1.18480"], ["2.25140", "-0.75140", "-1.08410"], ["1.18550", "-1.69980", "-0.08870"], ["0.73190", "1.17200", "-1.06370"], ["0.51970", "-0.48070", "-2.59290"], ["-0.37670", "0.90890", "1.14710"], ["-1.43830", "2.28100", "-0.63520"], ["-2.63300", "1.55160", "0.44460"], ["-2.37730", "0.87490", "-1.17060"], ["-2.25250", "-0.70210", "1.43140"], ["-1.86010", "-1.46230", "-0.11740"], ["-0.71830", "-1.54580", "1.23670"]], "bond_dist": [[0.0, 1.5195579817828604, 2.561271157062446, 3.7798991692901014, 3.127669453442931, 4.517276286657703, 3.7425147721819347, 1.0945589705447578, 1.0937815229743095, 1.0947329628726814, 2.139863533031955, 2.1560311755630996, 2.821532156471019, 3.9523799589614357, 2.7928156795606833, 4.652325631337514, 5.152004003298134, 5.157514968470766, 4.527333922961724, 4.421299819057739, 3.2706049149966128], [1.5195579817828604, 0.0, 1.5351808883646254, 2.4006951264165135, 2.6020095253476687, 3.9344518817746397, 3.1280676623116705, 2.1683222684831702, 2.174026444181395, 2.1558561547561563, 1.097879692862565, 1.096344676641429, 2.153084840409221, 2.5318942434469887, 2.845008059742538, 4.191850393322739, 4.761027486793161, 4.283909486672192, 4.136036461396345, 3.4710314907819555, 2.834866615909821], [2.561271157062446, 1.5351808883646254, 0.0, 1.4296280390367277, 1.5456654262808627, 2.53148319567798, 2.5665748420803944, 2.7848114657908174, 2.8942718082446923, 3.4976270184226332, 2.1519890659573524, 2.1766357458242753, 1.0973371450926102, 1.957351450302168, 2.1638099870367546, 2.749550697841377, 3.4884299691981777, 2.834968481306274, 3.514398959993017, 2.829334503023635, 2.8532786492034035], [3.7798991692901014, 2.4006951264165135, 1.4296280390367277, 0.0, 2.426250832045195, 2.917628855766271, 2.9775177766052043, 4.089322751996962, 4.173975712674907, 4.552125702350496, 2.6128830570846446, 2.638861447670188, 2.0393496365263117, 0.972335317675955, 3.3634907298816805, 3.245800950458916, 3.9371285602580977, 2.6501911629163657, 3.9570116249513347, 2.677338693553731, 3.408080553625457], [3.127669453442931, 2.6020095253476687, 1.5456654262808627, 2.426250832045195, 0.0, 1.5339014570695213, 1.5314968266372608, 3.4013091523705987, 2.8868163970020677, 4.155984029083846, 3.5234944146401026, 2.909777032695117, 2.1609421324968423, 3.2666199579994, 1.0965574996323724, 2.1779305337866037, 2.176582624207039, 2.190170691978139, 2.1740043008237127, 2.1866684751008783, 2.1819557053249268], [4.517276286657703, 3.9344518817746397, 2.53148319567798, 2.917628855766271, 1.5339014570695213, 0.0, 2.497922923150352, 4.558931342979405, 4.316431121887618, 5.583873788867367, 4.682830059910353, 4.309622157451857, 2.7150764666948146, 3.7683589783883384, 2.130917630974975, 1.0951210754980476, 1.0955390636577045, 1.0950862157839445, 2.7033394718384884, 2.7980735765880063, 3.463118990159016], [3.7425147721819347, 3.1280676623116705, 2.5665748420803944, 2.9775177766052043, 1.5314968266372608, 2.497922923150352, 0.0, 4.3657028872794355, 3.28778278783742, 4.570352439363949, 4.1132459688183, 2.8617024810416614, 3.4952933338991734, 3.87590168863969, 2.1423305207180334, 3.4616212820006758, 2.743025018114126, 2.7620835523206027, 1.0955861399269342, 1.094959227551419, 1.0940176643912107], [1.0945589705447578, 2.1683222684831702, 2.7848114657908174, 4.089322751996962, 3.4013091523705987, 4.558931342979405, 4.3657028872794355, 0.0, 1.776649363267834, 1.7711916271256478, 2.533788353434438, 3.072462544930369, 2.6044312181357374, 4.186228135207158, 2.925583552045643, 4.435516878561055, 5.213181833583017, 5.288658454655585, 5.0861932218507, 5.07579643504347, 4.097214293883102], [1.0937815229743095, 2.174026444181395, 2.8942718082446923, 4.173975712674907, 2.8868163970020677, 4.316431121887618, 3.28778278783742, 1.776649363267834, 0.0, 1.7650292292197316, 3.0614435712585, 2.4972912305135737, 3.2990777635575674, 4.56442414330658, 2.318667841671161, 4.590535757403487, 4.739923926604729, 5.064089751376845, 3.8749567339520063, 4.152432440148786, 2.736940578456171], [1.0947329628726814, 2.1558561547561563, 3.4976270184226332, 4.552125702350496, 4.155984029083846, 5.583873788867367, 4.570352439363949, 1.7711916271256478, 1.7650292292197316, 0.0, 2.423885446963202, 2.5035964551021395, 3.7743261716497156, 4.582848457018844, 3.841114856392607, 5.737905112495326, 6.21274859703819, 6.174032475619156, 5.361692491182239, 5.1855293857040285, 3.9111488094931905], [2.139863533031955, 1.097879692862565, 2.1519890659573524, 2.6128830570846446, 3.5234944146401026, 4.682830059910353, 4.1132459688183, 2.533788353434438, 3.0614435712585, 2.423885446963202, 0.0, 1.739662763296381, 2.4512780278866777, 2.3126912504698933, 3.826455166338683, 4.796962274189781, 5.612316460250615, 4.9068521100599725, 5.159000479744114, 4.28302696115726, 3.8517920621445807], [2.1560311755630996, 1.096344676641429, 2.1766357458242753, 2.638861447670188, 2.909777032695117, 4.309622157451857, 2.8617024810416614, 3.072462544930369, 2.4972912305135737, 2.5035964551021395, 1.739662763296381, 0.0, 3.0665311346862274, 2.863653626051866, 3.282222748382565, 4.798932936601636, 5.043506032513494, 4.526934011005683, 3.889209855484787, 3.0549810637711, 2.3248345317462915], [2.821532156471019, 2.153084840409221, 1.0973371450926102, 2.0393496365263117, 2.1609421324968423, 2.7150764666948146, 3.4952933338991734, 2.6044312181357374, 3.2990777635575674, 3.7743261716497156, 2.4512780278866777, 3.0665311346862274, 0.0, 2.261614195657606, 2.4871373524596505, 2.4745224367542114, 3.706968715810804, 3.125191299744705, 4.317918269258926, 3.814902905710708, 3.844653045464571], [3.9523799589614357, 2.5318942434469887, 1.957351450302168, 0.972335317675955, 3.2666199579994, 3.7683589783883384, 3.87590168863969, 4.186228135207158, 4.56442414330658, 4.582848457018844, 2.3126912504698933, 2.863653626051866, 2.261614195657606, 0.0, 4.089269020252886, 3.9106700423328995, 4.826610283625559, 3.5004567773363524, 4.891738064328465, 3.571426444713653, 4.1632821391301364], [2.7928156795606833, 2.845008059742538, 2.1638099870367546, 3.3634907298816805, 1.0965574996323724, 2.130917630974975, 2.1423305207180334, 2.925583552045643, 2.318667841671161, 3.841114856392607, 3.826455166338683, 3.282222748382565, 2.4871373524596505, 4.089269020252886, 0.0, 2.4872165687772347, 2.448971055361823, 3.061909477760569, 2.4889301175404666, 3.069531763966615, 2.479973953492254], [4.652325631337514, 4.191850393322739, 2.749550697841377, 3.245800950458916, 2.1779305337866037, 1.0951210754980476, 3.4616212820006758, 4.435516878561055, 4.590535757403487, 5.737905112495326, 4.796962274189781, 4.798932936601636, 2.4745224367542114, 3.9106700423328995, 2.4872165687772347, 0.0, 1.7678519423300132, 1.7735533174956992, 3.71922610364038, 3.802410678766827, 4.320510137703649], [5.152004003298134, 4.761027486793161, 3.4884299691981777, 3.9371285602580977, 2.176582624207039, 1.0955390636577045, 2.743025018114126, 5.213181833583017, 4.739923926604729, 6.21274859703819, 5.612316460250615, 5.043506032513494, 3.706968715810804, 4.826610283625559, 2.448971055361823, 1.7678519423300132, 0.0, 1.769795587066484, 2.489521676949209, 3.1617734928359433, 3.726578224054877], [5.157514968470766, 4.283909486672192, 2.834968481306274, 2.6501911629163657, 2.190170691978139, 1.0950862157839445, 2.7620835523206027, 5.288658454655585, 5.064089751376845, 6.174032475619156, 4.9068521100599725, 4.526934011005683, 3.125191299744705, 3.5004567773363524, 3.061909477760569, 1.7735533174956992, 1.769795587066484, 0.0, 3.045144994905826, 2.615192138256767, 3.795676854001141], [4.527333922961724, 4.136036461396345, 3.514398959993017, 3.9570116249513347, 2.1740043008237127, 2.7033394718384884, 1.0955861399269342, 5.0861932218507, 3.8749567339520063, 5.361692491182239, 5.159000479744114, 3.889209855484787, 4.317918269258926, 4.891738064328465, 2.4889301175404666, 3.71922610364038, 2.489521676949209, 3.045144994905826, 0.0, 1.7693680340731828, 1.761677444937069], [4.421299819057739, 3.4710314907819555, 2.829334503023635, 2.677338693553731, 2.1866684751008783, 2.7980735765880063, 1.094959227551419, 5.07579643504347, 4.152432440148786, 5.1855293857040285, 4.28302696115726, 3.0549810637711, 3.814902905710708, 3.571426444713653, 3.069531763966615, 3.802410678766827, 3.1617734928359433, 2.615192138256767, 1.7693680340731828, 0.0, 1.7732079122313884], [3.2706049149966128, 2.834866615909821, 2.8532786492034035, 3.408080553625457, 2.1819557053249268, 3.463118990159016, 1.0940176643912107, 4.097214293883102, 2.736940578456171, 3.9111488094931905, 3.8517920621445807, 2.3248345317462915, 3.844653045464571, 4.1632821391301364, 2.479973953492254, 4.320510137703649, 3.726578224054877, 3.795676854001141, 1.761677444937069, 1.7732079122313884, 0.0]]}