{"total energy": -24.05402982, "HOMO-LUMO gap/eV": 11.88634068, "electronic energy": -24.35188834, "dipole": [0.53796122, -0.14896958, -0.48319872], "partial charges": [-0.10430327, -0.00884029, -0.10502798, -0.07767186, 0.12118677, -0.10944138, -0.45105589, 0.02642783, 0.03574732, 0.03392808, 0.02915517, 0.03345102, 0.03366658, 0.03448923, 0.04476262, 0.03303396, 0.01297812, 0.05005697, 0.03568975, 0.04860946, 0.28315783], "atomic dipole moments": [[-0.02972682, 0.0808116, 0.04765118], [-0.01082043, 0.01372515, -0.09273911], [-0.06185078, -0.07552404, 0.02754879], [0.02029724, -0.10300668, 0.04567007], [-0.00369261, 0.05003659, 0.17229616], [0.11196797, -0.03730218, 0.01109413], [0.10862322, -0.03254419, -0.20741752], [-0.06072432, -0.09962046, 0.04293607], [-0.01596798, 0.00303157, -0.12676202], [0.12155398, -0.02617782, 0.02028298], [0.01722897, -0.01278556, 0.12164206], [-0.02903866, 0.10746415, 0.05919481], [0.119921, -0.02483847, 0.0297216], [-0.0026484, 0.02423883, -0.1248128], [-0.0222584, 0.10993697, 0.0571194], [-0.01370342, 0.02676547, -0.12192874], [0.01244251, -0.10932439, -0.0474725], [-0.0327443, 0.10701052, 0.06401407], [-0.0157025, 0.02031791, -0.12466378], [-0.08827055, -0.0833699, 0.03950729], [0.06539201, -0.04177087, 0.00459342]], "atomic quadrupole moments": [[-0.06944337, -0.05826953, 0.12508752, -0.04614659, 0.13072727, -0.05564415], [0.0868712, -0.00490632, 0.11191209, -0.03519156, 0.03279571, -0.19878329], [0.02021175, 0.14454987, 0.08272184, -0.06056585, -0.06805825, -0.10293359], [0.19749582, 0.07421156, -0.02871062, 0.00898556, -0.10276037, -0.1687852], [-0.04334819, 0.01490062, -0.24233792, 0.04093647, -0.16739407, 0.28568611], [0.19005045, -0.10705226, -0.0878874, 0.07747082, -0.03844622, -0.10216305], [-0.05921474, -0.0238078, -0.10624779, -0.00255398, -0.03615074, 0.16546252], [-0.00086789, 0.05109586, 0.02476996, -0.03843482, -0.02769111, -0.02390207], [-0.04431527, -0.0106168, -0.03021129, 0.02170607, -0.01727182, 0.07452656], [0.07487592, -0.01137402, -0.03262191, 0.02810516, 0.00760257, -0.04225402], [-0.01982679, -0.00232992, -0.01107174, -0.00194641, -0.00745453, 0.03089853], [-0.02779597, -0.0253727, 0.04158971, -0.02940073, 0.04817109, -0.01379374], [0.06302644, -0.02985667, -0.02320004, 0.02879984, -0.01935609, -0.0398264], [-0.03961589, 0.008902, -0.0392753, 0.0160963, -0.01048119, 0.07889118], [-0.00576988, -0.01221291, 0.02145168, -0.00888835, 0.04842321, -0.0156818], [-0.01711229, 0.00726051, -0.04754577, 0.00232353, -0.00788933, 0.06465807], [-0.01649441, -0.01597857, 0.00207236, -0.00321799, 0.01035455, 0.01442204], [-0.03151617, -0.0091829, 0.05017235, -0.00195489, 0.05715787, -0.01865618], [-0.03579274, -0.00571501, -0.04947829, 0.00309491, -0.01982042, 0.08527103], [0.01146762, 0.04968339, 0.03118985, -0.02078704, -0.02927336, -0.04265747], [0.06517177, -0.09950562, -0.03583658, 0.03898461, -0.02131866, -0.02933519]], "number of molecular orbitals": 42, "number of electrons": 44, "number of unpaired electrons": 0, "orbital energies/eV": [-18.45539784, -17.18068033, -16.95252178, -16.16488324, -16.08928359, -15.52960633, -15.18764427, -15.055453, -14.34261683, -13.89166117, -13.67896098, -13.3995254, -12.97403988, -12.6737846, -12.60122738, -12.5154018, -12.36127817, -12.11216248, -11.99662489, -11.6629196, -11.54695167, -10.89178147, 0.99455921, 1.41500395, 2.25930902, 2.51348452, 3.1204705, 3.41192221, 3.57113406, 4.32385694, 4.43570353, 4.74059192, 5.29605384, 5.54823051, 5.83348707, 5.95707155, 6.27524328, 6.75807298, 6.91205696, 7.06839403, 7.78628236, 8.03789538], "fractional occupation": [2.0, 2.0, 2.0, 2.0, 2.0, 2.0, 2.0, 2.0, 2.0, 2.0, 2.0, 2.0, 2.0, 2.0, 2.0, 2.0, 2.0, 2.0, 2.0, 2.0, 2.0, 2.0, 0.0, 0.0, 0.0, 0.0, 0.0, 0.0, 0.0, 0.0, 0.0, 0.0, 0.0, 0.0, 0.0, 0.0, 0.0, 0.0, 0.0, 0.0, 0.0, 0.0], "program call": "xtb /home/svss/Project-DBcg-Debug/aqme2_20220329/End-to-End-workflows-final/example-3/QDESCP/mol_1104_rdkit_conf_3/mol_1104_rdkit_conf_3.xyz --pop --wbo --acc 0.2 --gfn 2 --chrg 0 --uhf 0 --etemp 300 --input /home/svss/Project-DBcg-Debug/aqme2_20220329/End-to-End-workflows-final/example-3/QDESCP/mol_1104_rdkit_conf_3/mol_1104_rdkit_conf_3_xtb.inp", "method": "GFN2-xTB", "xtb version": "6.3.3 (7355c4f)", "Dipole module/D": 1.877, "Total charge": 0, "Transition dipole module/D": NaN, "HOMO": -10.8918, "LUMO": 0.9946, "HOMO occupancy": 2.0, "LUMO occupancy": 0, "mulliken charges": [-0.09605, 0.0008, -0.08986, -0.08091, 0.22656, -0.0929, -0.57057, 0.02525, 0.0289, 0.03137, 0.02075, 0.03098, 0.02937, 0.02763, 0.03779, 0.02438, 0.00695, 0.04066, 0.02367, 0.04127, 0.33397], "cm5 charges": [-0.24454, -0.07343, -0.23839, -0.18494, 0.17701, -0.23793, -0.78149, 0.07777, 0.08088, 0.08285, 0.0811, 0.08236, 0.08073, 0.07946, 0.09577, 0.08069, 0.07346, 0.09437, 0.07542, 0.09461, 0.50424], "FUKUI+": [0.026, -0.033, 0.014, -0.008, -0.041, 0.029, -0.116, -0.024, -0.041, -0.054, -0.042, -0.043, -0.075, -0.045, -0.065, -0.091, -0.076, -0.058, -0.087, -0.076, -0.094], "FUKUI-": [0.021, -0.008, 0.009, -0.008, -0.006, 0.023, -0.123, -0.052, -0.051, -0.064, -0.056, -0.052, -0.073, -0.062, -0.061, -0.062, -0.103, -0.076, -0.056, -0.088, -0.051], "FUKUIrad": [0.024, -0.02, 0.012, -0.008, -0.024, 0.026, -0.119, -0.038, -0.046, -0.059, -0.049, -0.047, -0.074, -0.053, -0.063, -0.077, -0.09, -0.067, -0.071, -0.082, -0.072], "s proportion": [1.013, 1.053, 1.013, 1.046, 1.014, 1.013, 1.697, 0.975, 0.971, 0.969, 0.979, 0.969, 0.971, 0.972, 0.962, 0.976, 0.993, 0.959, 0.976, 0.959, 0.666], "p proportion": [3.083, 2.946, 3.076, 3.034, 2.76, 3.08, 4.873, 0.0, 0.0, 0.0, 0.0, 0.0, 0.0, 0.0, 0.0, 0.0, 0.0, 0.0, 0.0, 0.0, 0.0], "d proportion": [0.0, 0.0, 0.0, 0.0, 0.0, 0.0, 0.0, 0.0, 0.0, 0.0, 0.0, 0.0, 0.0, 0.0, 0.0, 0.0, 0.0, 0.0, 0.0, 0.0, 0.0], "Fermi-level/eV": -4.9486, "Coordination numbers": [3.752, 3.847, 3.753, 3.803, 3.723, 3.751, 1.654, 0.924, 0.924, 0.924, 0.924, 0.924, 0.924, 0.924, 0.923, 0.924, 0.924, 0.924, 0.924, 0.924, 0.804], "Dispersion coefficient C6": [22.553, 20.702, 22.566, 21.982, 18.705, 22.655, 21.866, 2.638, 2.506, 2.531, 2.599, 2.538, 2.535, 2.524, 2.387, 2.544, 2.843, 2.319, 2.507, 2.337, 0.774], "Total dispersion C6": 2906.572416, "Total dispersion C8": 60038.923208, "Polarizability alpha": [6.772, 6.472, 6.774, 6.675, 6.176, 6.788, 6.312, 2.54, 2.476, 2.488, 2.521, 2.491, 2.49, 2.484, 2.416, 2.494, 2.637, 2.382, 2.476, 2.391, 1.382], "Total polarizability alpha": 79.638151, "Wiberg matrix": [[0.0, 1.0098997415727098, 0.0, 0.0, 0.0, 0.0, 0.0, 0.984425776355879, 0.9867076334256212, 0.9857104819004436, 0.0, 0.0, 0.0, 0.0, 0.0, 0.0, 0.0, 0.0, 0.0, 0.0, 0.0], [1.0098997415727098, 0.0, 1.007719107923341, 0.9946203741201698, 0.0, 0.0, 0.0, 0.0, 0.0, 0.0, 0.9662302174761714, 0.0, 0.0, 0.0, 0.0, 0.0, 0.0, 0.0, 0.0, 0.0, 0.0], [0.0, 1.007719107923341, 0.0, 0.0, 0.0, 0.0, 0.0, 0.0, 0.0, 0.0, 0.0, 0.9866291786601625, 0.9863443918334407, 0.9869001466957786, 0.0, 0.0, 0.0, 0.0, 0.0, 0.0, 0.0], [0.0, 0.9946203741201698, 0.0, 0.0, 0.9875259465683018, 0.0, 0.0, 0.0, 0.0, 0.0, 0.0, 0.0, 0.0, 0.0, 0.9741563978513821, 0.9749096357495084, 0.0, 0.0, 0.0, 0.0, 0.0], [0.0, 0.0, 0.0, 0.9875259465683018, 0.0, 1.0064383984749854, 0.9803493680159028, 0.0, 0.0, 0.0, 0.0, 0.0, 0.0, 0.0, 0.0, 0.0, 0.9630247571266743, 0.0, 0.0, 0.0, 0.0], [0.0, 0.0, 0.0, 0.0, 1.0064383984749854, 0.0, 0.0, 0.0, 0.0, 0.0, 0.0, 0.0, 0.0, 0.0, 0.0, 0.0, 0.0, 0.9850879840797369, 0.9860561117159217, 0.984952580860457, 0.0], [0.0, 0.0, 0.0, 0.0, 0.9803493680159028, 0.0, 0.0, 0.0, 0.0, 0.0, 0.0, 0.0, 0.0, 0.0, 0.0, 0.0, 0.0, 0.0, 0.0, 0.0, 0.9016703375302931], [0.984425776355879, 0.0, 0.0, 0.0, 0.0, 0.0, 0.0, 0.0, 0.0, 0.0, 0.0, 0.0, 0.0, 0.0, 0.0, 0.0, 0.0, 0.0, 0.0, 0.0, 0.0], [0.9867076334256212, 0.0, 0.0, 0.0, 0.0, 0.0, 0.0, 0.0, 0.0, 0.0, 0.0, 0.0, 0.0, 0.0, 0.0, 0.0, 0.0, 0.0, 0.0, 0.0, 0.0], [0.9857104819004436, 0.0, 0.0, 0.0, 0.0, 0.0, 0.0, 0.0, 0.0, 0.0, 0.0, 0.0, 0.0, 0.0, 0.0, 0.0, 0.0, 0.0, 0.0, 0.0, 0.0], [0.0, 0.9662302174761714, 0.0, 0.0, 0.0, 0.0, 0.0, 0.0, 0.0, 0.0, 0.0, 0.0, 0.0, 0.0, 0.0, 0.0, 0.0, 0.0, 0.0, 0.0, 0.0], [0.0, 0.0, 0.9866291786601625, 0.0, 0.0, 0.0, 0.0, 0.0, 0.0, 0.0, 0.0, 0.0, 0.0, 0.0, 0.0, 0.0, 0.0, 0.0, 0.0, 0.0, 0.0], [0.0, 0.0, 0.9863443918334407, 0.0, 0.0, 0.0, 0.0, 0.0, 0.0, 0.0, 0.0, 0.0, 0.0, 0.0, 0.0, 0.0, 0.0, 0.0, 0.0, 0.0, 0.0], [0.0, 0.0, 0.9869001466957786, 0.0, 0.0, 0.0, 0.0, 0.0, 0.0, 0.0, 0.0, 0.0, 0.0, 0.0, 0.0, 0.0, 0.0, 0.0, 0.0, 0.0, 0.0], [0.0, 0.0, 0.0, 0.9741563978513821, 0.0, 0.0, 0.0, 0.0, 0.0, 0.0, 0.0, 0.0, 0.0, 0.0, 0.0, 0.0, 0.0, 0.0, 0.0, 0.0, 0.0], [0.0, 0.0, 0.0, 0.9749096357495084, 0.0, 0.0, 0.0, 0.0, 0.0, 0.0, 0.0, 0.0, 0.0, 0.0, 0.0, 0.0, 0.0, 0.0, 0.0, 0.0, 0.0], [0.0, 0.0, 0.0, 0.0, 0.9630247571266743, 0.0, 0.0, 0.0, 0.0, 0.0, 0.0, 0.0, 0.0, 0.0, 0.0, 0.0, 0.0, 0.0, 0.0, 0.0, 0.0], [0.0, 0.0, 0.0, 0.0, 0.0, 0.9850879840797369, 0.0, 0.0, 0.0, 0.0, 0.0, 0.0, 0.0, 0.0, 0.0, 0.0, 0.0, 0.0, 0.0, 0.0, 0.0], [0.0, 0.0, 0.0, 0.0, 0.0, 0.9860561117159217, 0.0, 0.0, 0.0, 0.0, 0.0, 0.0, 0.0, 0.0, 0.0, 0.0, 0.0, 0.0, 0.0, 0.0, 0.0], [0.0, 0.0, 0.0, 0.0, 0.0, 0.984952580860457, 0.0, 0.0, 0.0, 0.0, 0.0, 0.0, 0.0, 0.0, 0.0, 0.0, 0.0, 0.0, 0.0, 0.0, 0.0], [0.0, 0.0, 0.0, 0.0, 0.0, 0.0, 0.9016703375302931, 0.0, 0.0, 0.0, 0.0, 0.0, 0.0, 0.0, 0.0, 0.0, 0.0, 0.0, 0.0, 0.0, 0.0]], "Born radii": [], "Atomic SASAs": [], "Solvent H bonds": [], "Total SASA": NaN, "Total FOD": 0.0, "FOD": [0.0, 0.0, 0.0, 0.0, 0.0, 0.0, 0.0, 0.0, 0.0, 0.0, 0.0, 0.0, 0.0, 0.0, 0.0, 0.0, 0.0, 0.0, 0.0, 0.0, 0.0], "FOD s proportion": [0.0, 0.0, 0.0, 0.0, 0.0, 0.0, 0.0, 0.0, 0.0, 0.0, 0.0, 0.0, 0.0, 0.0, 0.0, 0.0, 0.0, 0.0, 0.0, 0.0, 0.0], "FOD p proportion": [0.0, 0.0, 0.0, 0.0, 0.0, 0.0, 0.0, 0.0, 0.0, 0.0, 0.0, 0.0, 0.0, 0.0, 0.0, 0.0, 0.0, 0.0, 0.0, 0.0, 0.0], "FOD d proportion": [0.0, 0.0, 0.0, 0.0, 0.0, 0.0, 0.0, 0.0, 0.0, 0.0, 0.0, 0.0, 0.0, 0.0, 0.0, 0.0, 0.0, 0.0, 0.0, 0.0, 0.0], "coordinates": [["1.56220", "-1.13350", "-0.43430"], ["1.13180", "0.16120", "0.25580"], ["2.06720", "1.30140", "-0.15700"], ["-0.32750", "0.54360", "-0.06650"], ["-1.38030", "-0.49080", "0.35310"], ["-2.78420", "-0.00420", "0.01580"], ["-1.32750", "-0.71230", "1.75860"], ["0.99860", "-1.99220", "-0.05760"], ["1.41290", "-1.07450", "-1.51770"], ["2.62260", "-1.33770", "-0.25040"], ["1.23770", "0.02600", "1.33900"], ["1.79900", "2.23060", "0.35700"], ["3.10520", "1.06640", "0.10160"], ["2.01990", "1.48420", "-1.23600"], ["-0.54540", "1.48980", "0.44720"], ["-0.42340", "0.73690", "-1.14280"], ["-1.21580", "-1.44810", "-0.15200"], ["-3.01710", "0.92500", "0.54760"], ["-2.89890", "0.16710", "-1.05880"], ["-3.52970", "-0.74180", "0.33270"], ["-0.50750", "-1.19720", "1.95100"]], "bond_dist": [[0.0, 1.5289637863598993, 2.5021307519792004, 2.553215098655027, 3.1130962561411426, 4.513214094190525, 3.6519290710527224, 1.0940354381828772, 1.0952292225831084, 1.0954291442170048, 2.1434396165975844, 3.4640148296449307, 2.739999602189752, 2.77570990379038, 3.4786093342023907, 2.818328541884356, 2.8099733895537162, 5.115812579639719, 4.688600411636718, 5.164219544132492, 3.158697812390416], [1.5289637863598993, 0.0, 1.5314806691564866, 1.5426158108874677, 2.597155694216271, 3.9268324588655417, 3.011572111041009, 2.180159021722957, 2.179741716350816, 2.17380410570962, 1.0967297251374195, 2.1766519335897505, 2.1765735089814906, 2.1827775539435983, 2.148211293145998, 2.169368454182, 2.8753039995798706, 4.228700614846126, 4.2396639560229294, 4.748779302094381, 2.7214441184782756], [2.5021307519792004, 1.5314806691564866, 0.0, 2.5133720735299026, 3.9188568613819004, 5.026980521147859, 4.38731115149131, 3.464042043624759, 2.8150512943816848, 2.6985258068063755, 2.1337130570908545, 1.0952350797888095, 1.0952364858787345, 1.095396791121829, 2.6881649800560976, 2.7374349763967, 4.282273257278195, 5.146673159430275, 5.173202967214799, 5.978274160658743, 4.161219298474907], [2.553215098655027, 1.5426158108874677, 2.5133720735299026, 0.0, 1.5344169446405367, 2.5183790461326505, 2.4306943082173045, 2.861625772179165, 2.7844606677056873, 3.5037407024493126, 2.166377402485541, 2.7472392505932204, 3.4763496285615463, 2.7861703770588044, 1.0984819252040519, 1.0977173543312506, 2.1824884948150354, 2.785055283113784, 2.7818176611704795, 3.473571453130049, 2.6707846955529755], [3.1130962561411426, 2.597155694216271, 3.9188568613819004, 1.5344169446405367, 0.0, 1.5236423661738996, 1.4238259514420994, 2.84289318476794, 3.4121202455364905, 4.135778073107889, 2.844820741277032, 4.184970927019685, 4.7547696411077585, 4.241134736128999, 2.151438862714904, 2.158847310487706, 1.0948102803682471, 2.1728861290919044, 2.175417196769392, 2.1641020123829655, 1.9529631870570425], [4.513214094190525, 3.9268324588655417, 5.026980521147859, 2.5183790461326505, 1.5236423661738996, 0.0, 2.3792293584267994, 4.2740036733723095, 4.594868088422126, 5.57517452013836, 4.234081941814541, 5.110427645510696, 5.986533083513362, 5.182828823142821, 2.7258700262485003, 2.7322078636150655, 2.1384299404001994, 1.0956579256319008, 1.094196024485558, 1.0955590445065024, 3.217391945349525], [3.6519290710527224, 3.011572111041009, 4.38731115149131, 2.4306943082173045, 1.4238259514420994, 2.3792293584267994, 0.0, 3.216747994481383, 4.28662136069889, 4.4755442317108205, 2.70211067315904, 4.516651992350086, 5.055516984443826, 4.999732809860943, 2.6796818430552536, 3.366853042530962, 2.0504318788977116, 2.6461331126759293, 3.343708282730418, 2.623689368046454, 0.9718774459776294], [1.0940354381828772, 2.180159021722957, 3.464042043624759, 2.861625772179165, 2.84289318476794, 4.2740036733723095, 3.216747994481383, 0.0, 1.7736148933745453, 1.7615101731185088, 2.465926116087017, 4.31793621536956, 3.7172761748355474, 3.810122991453163, 3.8422757631382995, 3.263085939720252, 2.2822189925596534, 5.000216932294038, 4.5667805049071495, 4.713951117693097, 2.6334077105530014], [1.0952292225831084, 2.179741716350816, 2.8150512943816848, 2.7844606677056873, 3.4121202455364905, 4.594868088422126, 4.28662136069889, 1.7736148933745453, 0.0, 1.7716369887761994, 3.066354542449389, 3.819327075546162, 3.17324196839762, 2.644758888821437, 3.7777513668848037, 2.6064761000247056, 2.985762405148809, 5.280943508503002, 4.510407854063754, 5.288096463757068, 3.966720451456089], [1.0954291442170048, 2.17380410570962, 2.6985258068063755, 3.5037407024493126, 4.135778073107889, 5.57517452013836, 4.4755442317108205, 1.7615101731185088, 1.7716369887761994, 0.0, 2.5107405401594165, 3.712144475906076, 2.4771967160482022, 3.0492251901097758, 4.303211127750996, 3.791893843450789, 3.8412478805721455, 6.128852370550296, 5.77969686488833, 6.208534264220501, 3.82928560178005], [2.1434396165975844, 1.0967297251374195, 2.1337130570908545, 2.166377402485541, 2.844820741277032, 4.234081941814541, 2.70211067315904, 2.465926116087017, 3.066354542449389, 2.5107405401594165, 0.0, 2.477830270619842, 2.470050033906196, 3.060851038518536, 2.473350620110299, 3.0698474326910774, 3.227338541275148, 4.420162666689994, 4.783389343342229, 4.932571265577417, 2.217314880660841], [3.4640148296449307, 2.1766519335897505, 1.0952350797888095, 2.7472392505932204, 4.184970927019685, 5.110427645510696, 4.516651992350086, 4.31793621536956, 3.819327075546162, 3.712144475906076, 2.477830270619842, 0.0, 1.76826164353582, 1.773008395355194, 2.46031137053829, 3.069136929170805, 4.783401899276288, 4.993569758199039, 5.32285508914154, 6.1017043471476065, 4.4283847043814974], [2.739999602189752, 2.1765735089814906, 1.0952364858787345, 3.4763496285615463, 4.7547696411077585, 5.986533083513362, 5.055516984443826, 3.7172761748355474, 3.17324196839762, 2.4771967160482022, 2.470050033906196, 1.76826164353582, 0.0, 1.7724578104993076, 3.691285315442305, 3.756077684233914, 5.005803053457057, 6.140152054306148, 6.18097771068623, 6.880762491177849, 4.647124552882136], [2.77570990379038, 2.1827775539435983, 1.095396791121829, 2.7861703770588044, 4.241134736128999, 5.182828823142821, 4.999732809860943, 3.810122991453163, 2.644758888821437, 3.0492251901097758, 3.060851038518536, 1.773008395355194, 1.7724578104993076, 0.0, 3.068217347255569, 2.5567280692322365, 4.499243689777205, 5.372643911520658, 5.0951688578495595, 6.181743754799288, 4.871819549203357], [3.4786093342023907, 2.148211293145998, 2.6881649800560976, 1.0984819252040519, 2.151438862714904, 2.7258700262485003, 2.6796818430552536, 3.8422757631382995, 3.7777513668848037, 4.303211127750996, 2.473350620110299, 2.46031137053829, 3.691285315442305, 3.068217347255569, 0.0, 1.7634745277434545, 3.072414882466233, 2.5373963210346155, 3.091364349280104, 3.728162456224246, 3.0794187519725216], [2.818328541884356, 2.169368454182, 2.7374349763967, 1.0977173543312506, 2.158847310487706, 2.7322078636150655, 3.366853042530962, 3.263085939720252, 2.6064761000247056, 3.791893843450789, 3.0698474326910774, 3.069136929170805, 3.756077684233914, 2.5567280692322365, 1.7634745277434545, 0.0, 2.526619757699999, 3.101630774286327, 2.541619226005343, 3.7433612743094944, 3.6495772440105987], [2.8099733895537162, 2.8753039995798706, 4.282273257278195, 2.1824884948150354, 1.0948102803682471, 2.1384299404001994, 2.0504318788977116, 2.2822189925596534, 2.985762405148809, 3.8412478805721455, 3.227338541275148, 4.783401899276288, 5.005803053457057, 4.499243689777205, 3.072414882466233, 2.526619757699999, 0.0, 3.0603472776794467, 2.502795015577584, 2.4673724870801332, 2.2332148799432625], [5.115812579639719, 4.228700614846126, 5.146673159430275, 2.785055283113784, 2.1728861290919044, 1.0956579256319008, 2.6461331126759293, 5.000216932294038, 5.280943508503002, 6.128852370550296, 4.420162666689994, 4.993569758199039, 6.140152054306148, 5.372643911520658, 2.5373963210346155, 3.101630774286327, 3.0603472776794467, 0.0, 1.7801417387388003, 1.7570324442081313, 3.573703479585289], [4.688600411636718, 4.2396639560229294, 5.173202967214799, 2.7818176611704795, 2.175417196769392, 1.094196024485558, 3.343708282730418, 4.5667805049071495, 4.510407854063754, 5.77969686488833, 4.783389343342229, 5.32285508914154, 6.18097771068623, 5.0951688578495595, 3.091364349280104, 2.541619226005343, 2.502795015577584, 1.7801417387388003, 0.0, 1.7777176659976128, 4.079093586815581], [5.164219544132492, 4.748779302094381, 5.978274160658743, 3.473571453130049, 2.1641020123829655, 1.0955590445065024, 2.623689368046454, 4.713951117693097, 5.288096463757068, 6.208534264220501, 4.932571265577417, 6.1017043471476065, 6.880762491177849, 6.181743754799288, 3.728162456224246, 3.7433612743094944, 2.4673724870801332, 1.7570324442081313, 1.7777176659976128, 0.0, 3.4583199519419834], [3.158697812390416, 2.7214441184782756, 4.161219298474907, 2.6707846955529755, 1.9529631870570425, 3.217391945349525, 0.9718774459776294, 2.6334077105530014, 3.966720451456089, 3.82928560178005, 2.217314880660841, 4.4283847043814974, 4.647124552882136, 4.871819549203357, 3.0794187519725216, 3.6495772440105987, 2.2332148799432625, 3.573703479585289, 4.079093586815581, 3.4583199519419834, 0.0]]}