{"total energy": -30.38365151, "HOMO-LUMO gap/eV": 11.64984937, "electronic energy": -30.77124751, "dipole": [0.57543192, 0.16375346, 0.38154757], "partial charges": [-0.10020539, -0.0524633, -0.05863055, -0.06498311, 0.14384416, -0.115726, -0.4544991, -0.06940946, -0.0985053, 0.03146277, 0.03072882, 0.03397587, 0.02937548, 0.02639369, 0.04894362, 0.02985606, 0.0286651, 0.04439234, 0.0345982, 0.03469804, 0.04190253, 0.28351279, 0.03058971, 0.04490951, 0.03385292, 0.03263434, 0.03008622], "atomic dipole moments": [[0.07407824, -0.05409765, 0.04345497], [0.01844138, 0.0842242, -0.07048911], [-0.01171569, -0.08990491, 0.08354774], [0.03960889, 0.08270313, -0.06495951], [0.01000503, -0.02531421, -0.13476476], [-0.0621395, 0.0656069, -0.04149578], [0.12574782, 0.05280789, 0.18787486], [0.07536217, -0.07824696, -0.0345049], [-0.09707275, -0.02537657, 0.01679999], [0.00832886, 0.12153868, 0.03071889], [-0.11081284, -0.04105395, 0.03873294], [0.00248583, -0.00945564, -0.12586095], [-0.01839173, -0.11867069, -0.02855969], [-0.01227311, 0.00818068, 0.12172933], [0.00759108, -0.00697042, -0.12782871], [0.01227918, 0.11972532, 0.02881345], [-0.01063683, 0.01090246, 0.12351678], [-0.02721335, -0.11987617, -0.02291519], [0.00597587, 0.01885601, 0.12759379], [0.11704729, 0.00122734, -0.04666831], [-0.02850162, -0.12294498, -0.02024494], [0.0744258, 0.00421149, -0.0168865], [-0.02054959, 0.0334295, 0.11887077], [-0.06750857, 0.07996629, -0.07057555], [0.01526993, 0.12349259, 0.01775026], [0.08319483, -0.05609771, 0.0759924], [0.03116402, -0.02106927, -0.11924844]], "atomic quadrupole moments": [[0.08040723, -0.13270235, -0.01841621, 0.10401683, -0.08624442, -0.06199102], [0.21721047, -0.04367464, -0.08575135, 0.01831599, -0.12369534, -0.13145912], [0.21753875, -0.02934082, -0.06793997, 0.01306197, -0.13635952, -0.14959877], [0.21278423, -0.05737049, -0.09581237, -0.00364072, -0.11291392, -0.11697186], [-0.12871887, -0.014246, -0.11654258, -0.0204914, 0.05848438, 0.24526145], [0.03480385, -0.10804362, -0.00513979, 0.09814552, -0.10089938, -0.02966406], [-0.0484764, 0.01038634, -0.10195729, 0.0063459, 0.04780035, 0.15043368], [0.11413478, 0.11582241, 0.06683865, -0.06458484, 0.0569339, -0.18097343], [0.189419, 0.06556432, -0.08327964, -0.07180362, -0.01297008, -0.10613936], [-0.03629822, 0.01488082, 0.06860861, 0.01766758, 0.03185448, -0.03231039], [0.05544848, 0.0346357, -0.02418198, -0.0331829, -0.02708692, -0.0312665], [-0.03852171, -0.01426561, -0.03846186, -0.01207613, 0.01406152, 0.07698358], [-0.01737942, 0.00388446, 0.04545227, 0.00476114, 0.03041082, -0.02807285], [-0.01832273, -0.00384796, -0.03629112, -0.00099018, 0.01655231, 0.05461384], [-0.01797805, -0.0027059, -0.03139298, -0.00603339, 0.01746706, 0.04937103], [-0.01666937, 0.01126664, 0.0446278, 0.00653703, 0.02968342, -0.02795843], [-0.02189065, -0.01146683, -0.03599167, 0.00275601, 0.02403018, 0.05788232], [-0.01047693, 0.00307974, 0.04921143, 0.01247252, 0.02611963, -0.03873451], [-0.04307903, -0.00884335, -0.03469812, 0.00072878, 0.02925999, 0.07777715], [0.05796463, 0.02635699, -0.03026912, -0.04763525, -0.02099379, -0.02769551], [-0.01234041, 0.04154665, 0.05976622, 0.01509531, 0.01719978, -0.0474258], [0.11671082, 0.01377752, -0.09239988, -0.06315325, 0.00223851, -0.02431094], [-0.02250537, 0.01733219, -0.03569499, -0.01419313, 0.01381172, 0.05820036], [0.02175533, -0.00989696, -0.01105516, 0.03654713, -0.03442831, -0.01070017], [-0.02538481, 0.00499528, 0.07620452, -0.00484496, 0.02001442, -0.05081971], [0.00539177, -0.03411501, -0.00796282, 0.03572256, -0.05014437, 0.00257105], [-0.02702371, -0.00033885, -0.04371953, -0.01435757, 0.03431917, 0.07074323]], "number of molecular orbitals": 54, "number of electrons": 56, "number of unpaired electrons": 0, "orbital energies/eV": [-18.34863211, -17.11639507, -16.73396534, -16.58648819, -16.2855443, -15.88298465, -15.52152141, -15.25416924, -14.93250317, -14.60636132, -14.01076937, -13.91160493, -13.7790418, -13.60341881, -13.22025488, -12.94894156, -12.81760042, -12.70722839, -12.54932704, -12.5027498, -12.17178453, -12.01322747, -11.88459097, -11.73577647, -11.60955956, -11.28160823, -11.21842968, -10.82407886, 0.82577051, 1.25154602, 1.81248746, 2.29657478, 3.12979592, 3.24084558, 3.34266235, 3.8454429, 3.98676879, 4.19074143, 4.33911036, 4.61015636, 4.95156345, 5.14380303, 5.32155474, 5.45610936, 5.98417914, 6.17858675, 6.49310568, 6.56764164, 7.06265708, 7.18418568, 7.43075702, 7.54760592, 7.88506212, 8.53425053], "fractional occupation": [2.0, 2.0, 2.0, 2.0, 2.0, 2.0, 2.0, 2.0, 2.0, 2.0, 2.0, 2.0, 2.0, 2.0, 2.0, 2.0, 2.0, 2.0, 2.0, 2.0, 2.0, 2.0, 2.0, 2.0, 2.0, 2.0, 2.0, 2.0, 0.0, 0.0, 0.0, 0.0, 0.0, 0.0, 0.0, 0.0, 0.0, 0.0, 0.0, 0.0, 0.0, 0.0, 0.0, 0.0, 0.0, 0.0, 0.0, 0.0, 0.0, 0.0, 0.0, 0.0, 0.0, 0.0], "program call": "xtb /home/svss/Project-DBcg-Debug/aqme2_20220329/End-to-End-workflows-final/example-3/QDESCP/mol_509_rdkit_conf_13/mol_509_rdkit_conf_13.xyz --pop --wbo --acc 0.2 --gfn 2 --chrg 0 --uhf 0 --etemp 300 --input /home/svss/Project-DBcg-Debug/aqme2_20220329/End-to-End-workflows-final/example-3/QDESCP/mol_509_rdkit_conf_13/mol_509_rdkit_conf_13_xtb.inp", "method": "GFN2-xTB", "xtb version": "6.3.3 (7355c4f)", "Dipole module/D": 1.804, "Total charge": 0, "Transition dipole module/D": NaN, "HOMO": -10.8241, "LUMO": 0.8258, "HOMO occupancy": 2.0, "LUMO occupancy": 0, "mulliken charges": [-0.08311, -0.03951, -0.04156, -0.0565, 0.24485, -0.11507, -0.57091, -0.06958, -0.08275, 0.02539, 0.02685, 0.02796, 0.02289, 0.01893, 0.03862, 0.01825, 0.01861, 0.03606, 0.03067, 0.03021, 0.04044, 0.33409, 0.0244, 0.03837, 0.03191, 0.02439, 0.02609], "cm5 charges": [-0.23347, -0.15218, -0.15153, -0.15988, 0.23534, -0.2594, -0.7781, -0.1757, -0.23332, 0.07667, 0.07763, 0.07927, 0.07762, 0.07364, 0.09684, 0.07468, 0.07485, 0.09438, 0.08307, 0.0846, 0.09414, 0.5054, 0.0802, 0.09669, 0.08272, 0.07649, 0.07935], "FUKUI+": [0.009, -0.009, -0.011, -0.007, -0.059, 0.026, -0.092, 0.008, 0.016, -0.03, -0.057, -0.031, -0.035, -0.036, -0.04, -0.038, -0.077, -0.056, -0.071, -0.061, -0.05, -0.069, -0.068, -0.041, -0.059, -0.033, -0.029], "FUKUI-": [0.02, 0.009, 0.01, 0.016, -0.017, 0.011, -0.089, -0.006, 0.019, -0.059, -0.047, -0.063, -0.082, -0.08, -0.055, -0.066, -0.044, -0.057, -0.043, -0.039, -0.044, -0.047, -0.046, -0.049, -0.07, -0.049, -0.033], "FUKUIrad": [0.014, -0.0, -0.0, 0.004, -0.038, 0.018, -0.09, 0.001, 0.018, -0.045, -0.052, -0.047, -0.058, -0.058, -0.048, -0.052, -0.061, -0.057, -0.057, -0.05, -0.047, -0.058, -0.057, -0.045, -0.064, -0.041, -0.031], "s proportion": [1.007, 1.028, 1.031, 1.04, 1.05, 1.023, 1.7, 1.04, 1.008, 0.975, 0.973, 0.972, 0.977, 0.981, 0.961, 0.982, 0.981, 0.964, 0.969, 0.97, 0.96, 0.666, 0.976, 0.962, 0.968, 0.976, 0.974], "p proportion": [3.076, 3.012, 3.011, 3.016, 2.705, 3.092, 4.871, 3.03, 3.075, 0.0, 0.0, 0.0, 0.0, 0.0, 0.0, 0.0, 0.0, 0.0, 0.0, 0.0, 0.0, 0.0, 0.0, 0.0, 0.0, 0.0, 0.0], "d proportion": [0.0, 0.0, 0.0, 0.0, 0.0, 0.0, 0.0, 0.0, 0.0, 0.0, 0.0, 0.0, 0.0, 0.0, 0.0, 0.0, 0.0, 0.0, 0.0, 0.0, 0.0, 0.0, 0.0, 0.0, 0.0, 0.0, 0.0], "Fermi-level/eV": -4.9992, "Coordination numbers": [3.75, 3.8, 3.8, 3.802, 3.769, 3.752, 1.653, 3.799, 3.748, 0.924, 0.924, 0.924, 0.924, 0.924, 0.924, 0.924, 0.924, 0.923, 0.924, 0.924, 0.924, 0.804, 0.924, 0.924, 0.924, 0.924, 0.924], "Dispersion coefficient C6": [22.477, 21.517, 21.63, 21.745, 18.295, 22.777, 21.937, 21.831, 22.448, 2.566, 2.576, 2.531, 2.595, 2.638, 2.333, 2.589, 2.606, 2.391, 2.522, 2.521, 2.424, 0.773, 2.578, 2.385, 2.532, 2.549, 2.585], "Total dispersion C6": 4842.690954, "Total dispersion C8": 100658.085966, "Polarizability alpha": [6.761, 6.604, 6.622, 6.639, 6.096, 6.806, 6.323, 6.653, 6.758, 2.505, 2.51, 2.488, 2.519, 2.54, 2.389, 2.516, 2.524, 2.418, 2.484, 2.483, 2.435, 1.381, 2.511, 2.415, 2.489, 2.497, 2.514], "Total polarizability alpha": 102.879424, "Wiberg matrix": [[0.0, 1.0201662522781265, 0.0, 0.0, 0.0, 0.0, 0.0, 0.0, 0.0, 0.9877207674627094, 0.9873758971627878, 0.9876265805593267, 0.0, 0.0, 0.0, 0.0, 0.0, 0.0, 0.0, 0.0, 0.0, 0.0, 0.0, 0.0, 0.0, 0.0, 0.0], [1.0201662522781265, 0.0, 1.006896521622776, 0.0, 0.0, 0.0, 0.0, 0.0, 0.0, 0.0, 0.0, 0.0, 0.9779452069486617, 0.9782038420766307, 0.0, 0.0, 0.0, 0.0, 0.0, 0.0, 0.0, 0.0, 0.0, 0.0, 0.0, 0.0, 0.0], [0.0, 1.006896521622776, 0.0, 1.0071307461186383, 0.0, 0.0, 0.0, 0.0, 0.0, 0.0, 0.0, 0.0, 0.0, 0.0, 0.9759176638678448, 0.9756457175800147, 0.0, 0.0, 0.0, 0.0, 0.0, 0.0, 0.0, 0.0, 0.0, 0.0, 0.0], [0.0, 0.0, 1.0071307461186383, 0.0, 0.9786667104556381, 0.0, 0.0, 0.0, 0.0, 0.0, 0.0, 0.0, 0.0, 0.0, 0.0, 0.0, 0.9765875488135902, 0.9742029680374836, 0.0, 0.0, 0.0, 0.0, 0.0, 0.0, 0.0, 0.0, 0.0], [0.0, 0.0, 0.0, 0.9786667104556381, 0.0, 0.9920609783280515, 0.97304825724565, 0.9761039301675203, 0.0, 0.0, 0.0, 0.0, 0.0, 0.0, 0.0, 0.0, 0.0, 0.0, 0.0, 0.0, 0.0, 0.0, 0.0, 0.0, 0.0, 0.0, 0.0], [0.0, 0.0, 0.0, 0.0, 0.9920609783280515, 0.0, 0.0, 0.0, 0.0, 0.0, 0.0, 0.0, 0.0, 0.0, 0.0, 0.0, 0.0, 0.0, 0.9859514868713773, 0.9814586820003024, 0.9845104207078997, 0.0, 0.0, 0.0, 0.0, 0.0, 0.0], [0.0, 0.0, 0.0, 0.0, 0.97304825724565, 0.0, 0.0, 0.0, 0.0, 0.0, 0.0, 0.0, 0.0, 0.0, 0.0, 0.0, 0.0, 0.0, 0.0, 0.0, 0.0, 0.8973508847466832, 0.0, 0.0, 0.0, 0.0, 0.0], [0.0, 0.0, 0.0, 0.0, 0.9761039301675203, 0.0, 0.0, 0.0, 1.0191832764148, 0.0, 0.0, 0.0, 0.0, 0.0, 0.0, 0.0, 0.0, 0.0, 0.0, 0.0, 0.0, 0.0, 0.976997362693631, 0.9734955840427758, 0.0, 0.0, 0.0], [0.0, 0.0, 0.0, 0.0, 0.0, 0.0, 0.0, 1.0191832764148, 0.0, 0.0, 0.0, 0.0, 0.0, 0.0, 0.0, 0.0, 0.0, 0.0, 0.0, 0.0, 0.0, 0.0, 0.0, 0.0, 0.9863396979792515, 0.9863513014968055, 0.9841872117438427], [0.9877207674627094, 0.0, 0.0, 0.0, 0.0, 0.0, 0.0, 0.0, 0.0, 0.0, 0.0, 0.0, 0.0, 0.0, 0.0, 0.0, 0.0, 0.0, 0.0, 0.0, 0.0, 0.0, 0.0, 0.0, 0.0, 0.0, 0.0], [0.9873758971627878, 0.0, 0.0, 0.0, 0.0, 0.0, 0.0, 0.0, 0.0, 0.0, 0.0, 0.0, 0.0, 0.0, 0.0, 0.0, 0.0, 0.0, 0.0, 0.0, 0.0, 0.0, 0.0, 0.0, 0.0, 0.0, 0.0], [0.9876265805593267, 0.0, 0.0, 0.0, 0.0, 0.0, 0.0, 0.0, 0.0, 0.0, 0.0, 0.0, 0.0, 0.0, 0.0, 0.0, 0.0, 0.0, 0.0, 0.0, 0.0, 0.0, 0.0, 0.0, 0.0, 0.0, 0.0], [0.0, 0.9779452069486617, 0.0, 0.0, 0.0, 0.0, 0.0, 0.0, 0.0, 0.0, 0.0, 0.0, 0.0, 0.0, 0.0, 0.0, 0.0, 0.0, 0.0, 0.0, 0.0, 0.0, 0.0, 0.0, 0.0, 0.0, 0.0], [0.0, 0.9782038420766307, 0.0, 0.0, 0.0, 0.0, 0.0, 0.0, 0.0, 0.0, 0.0, 0.0, 0.0, 0.0, 0.0, 0.0, 0.0, 0.0, 0.0, 0.0, 0.0, 0.0, 0.0, 0.0, 0.0, 0.0, 0.0], [0.0, 0.0, 0.9759176638678448, 0.0, 0.0, 0.0, 0.0, 0.0, 0.0, 0.0, 0.0, 0.0, 0.0, 0.0, 0.0, 0.0, 0.0, 0.0, 0.0, 0.0, 0.0, 0.0, 0.0, 0.0, 0.0, 0.0, 0.0], [0.0, 0.0, 0.9756457175800147, 0.0, 0.0, 0.0, 0.0, 0.0, 0.0, 0.0, 0.0, 0.0, 0.0, 0.0, 0.0, 0.0, 0.0, 0.0, 0.0, 0.0, 0.0, 0.0, 0.0, 0.0, 0.0, 0.0, 0.0], [0.0, 0.0, 0.0, 0.9765875488135902, 0.0, 0.0, 0.0, 0.0, 0.0, 0.0, 0.0, 0.0, 0.0, 0.0, 0.0, 0.0, 0.0, 0.0, 0.0, 0.0, 0.0, 0.0, 0.0, 0.0, 0.0, 0.0, 0.0], [0.0, 0.0, 0.0, 0.9742029680374836, 0.0, 0.0, 0.0, 0.0, 0.0, 0.0, 0.0, 0.0, 0.0, 0.0, 0.0, 0.0, 0.0, 0.0, 0.0, 0.0, 0.0, 0.0, 0.0, 0.0, 0.0, 0.0, 0.0], [0.0, 0.0, 0.0, 0.0, 0.0, 0.9859514868713773, 0.0, 0.0, 0.0, 0.0, 0.0, 0.0, 0.0, 0.0, 0.0, 0.0, 0.0, 0.0, 0.0, 0.0, 0.0, 0.0, 0.0, 0.0, 0.0, 0.0, 0.0], [0.0, 0.0, 0.0, 0.0, 0.0, 0.9814586820003024, 0.0, 0.0, 0.0, 0.0, 0.0, 0.0, 0.0, 0.0, 0.0, 0.0, 0.0, 0.0, 0.0, 0.0, 0.0, 0.0, 0.0, 0.0, 0.0, 0.0, 0.0], [0.0, 0.0, 0.0, 0.0, 0.0, 0.9845104207078997, 0.0, 0.0, 0.0, 0.0, 0.0, 0.0, 0.0, 0.0, 0.0, 0.0, 0.0, 0.0, 0.0, 0.0, 0.0, 0.0, 0.0, 0.0, 0.0, 0.0, 0.0], [0.0, 0.0, 0.0, 0.0, 0.0, 0.0, 0.8973508847466832, 0.0, 0.0, 0.0, 0.0, 0.0, 0.0, 0.0, 0.0, 0.0, 0.0, 0.0, 0.0, 0.0, 0.0, 0.0, 0.0, 0.0, 0.0, 0.0, 0.0], [0.0, 0.0, 0.0, 0.0, 0.0, 0.0, 0.0, 0.976997362693631, 0.0, 0.0, 0.0, 0.0, 0.0, 0.0, 0.0, 0.0, 0.0, 0.0, 0.0, 0.0, 0.0, 0.0, 0.0, 0.0, 0.0, 0.0, 0.0], [0.0, 0.0, 0.0, 0.0, 0.0, 0.0, 0.0, 0.9734955840427758, 0.0, 0.0, 0.0, 0.0, 0.0, 0.0, 0.0, 0.0, 0.0, 0.0, 0.0, 0.0, 0.0, 0.0, 0.0, 0.0, 0.0, 0.0, 0.0], [0.0, 0.0, 0.0, 0.0, 0.0, 0.0, 0.0, 0.0, 0.9863396979792515, 0.0, 0.0, 0.0, 0.0, 0.0, 0.0, 0.0, 0.0, 0.0, 0.0, 0.0, 0.0, 0.0, 0.0, 0.0, 0.0, 0.0, 0.0], [0.0, 0.0, 0.0, 0.0, 0.0, 0.0, 0.0, 0.0, 0.9863513014968055, 0.0, 0.0, 0.0, 0.0, 0.0, 0.0, 0.0, 0.0, 0.0, 0.0, 0.0, 0.0, 0.0, 0.0, 0.0, 0.0, 0.0, 0.0], [0.0, 0.0, 0.0, 0.0, 0.0, 0.0, 0.0, 0.0, 0.9841872117438427, 0.0, 0.0, 0.0, 0.0, 0.0, 0.0, 0.0, 0.0, 0.0, 0.0, 0.0, 0.0, 0.0, 0.0, 0.0, 0.0, 0.0, 0.0]], "Born radii": [], "Atomic SASAs": [], "Solvent H bonds": [], "Total SASA": NaN, "Total FOD": 0.0, "FOD": [0.0, 0.0, 0.0, 0.0, 0.0, 0.0, 0.0, 0.0, 0.0, 0.0, 0.0, 0.0, 0.0, 0.0, 0.0, 0.0, 0.0, 0.0, 0.0, 0.0, 0.0, 0.0, 0.0, 0.0, 0.0, 0.0, 0.0], "FOD s proportion": [0.0, 0.0, 0.0, 0.0, 0.0, 0.0, 0.0, 0.0, 0.0, 0.0, 0.0, 0.0, 0.0, 0.0, 0.0, 0.0, 0.0, 0.0, 0.0, 0.0, 0.0, 0.0, 0.0, 0.0, 0.0, 0.0, 0.0], "FOD p proportion": [0.0, 0.0, 0.0, 0.0, 0.0, 0.0, 0.0, 0.0, 0.0, 0.0, 0.0, 0.0, 0.0, 0.0, 0.0, 0.0, 0.0, 0.0, 0.0, 0.0, 0.0, 0.0, 0.0, 0.0, 0.0, 0.0, 0.0], "FOD d proportion": [0.0, 0.0, 0.0, 0.0, 0.0, 0.0, 0.0, 0.0, 0.0, 0.0, 0.0, 0.0, 0.0, 0.0, 0.0, 0.0, 0.0, 0.0, 0.0, 0.0, 0.0, 0.0, 0.0, 0.0, 0.0, 0.0, 0.0], "coordinates": [["-3.89190", "0.40930", "-0.47640"], ["-2.78670", "-0.41030", "0.17060"], ["-1.40210", "0.06160", "-0.27900"], ["-0.29320", "-0.76550", "0.38600"], ["1.14130", "-0.43580", "-0.09400"], ["2.12020", "-1.39450", "0.59780"], ["1.19290", "-0.69230", "-1.50040"], ["1.49630", "1.04520", "0.16530"], ["2.93220", "1.43860", "-0.16770"], ["-3.80370", "1.46720", "-0.20900"], ["-4.87190", "0.05500", "-0.14180"], ["-3.85470", "0.32610", "-1.56720"], ["-2.92360", "-1.46620", "-0.09010"], ["-2.87110", "-0.33100", "1.26070"], ["-1.32820", "-0.01820", "-1.36970"], ["-1.28800", "1.11970", "-0.01950"], ["-0.35490", "-0.63980", "1.47460"], ["-0.49770", "-1.82390", "0.17450"], ["2.16390", "-1.21380", "1.67670"], ["3.13090", "-1.30810", "0.18490"], ["1.82290", "-2.43700", "0.43420"], ["2.11780", "-0.62520", "-1.79060"], ["1.30410", "1.29310", "1.21630"], ["0.84970", "1.68660", "-0.44530"], ["3.06540", "2.51530", "-0.01770"], ["3.64970", "0.92830", "0.48120"], ["3.18050", "1.21570", "-1.20930"]], "bond_dist": [[0.0, 1.5204670992823224, 2.5216990482609143, 3.882593268680097, 5.117961118453324, 6.36811954112044, 5.30257386558641, 5.463409827204985, 6.908190428035405, 1.0947302909849532, 1.0944796252100812, 1.0946007125888417, 2.145770917409405, 2.1465304889518806, 2.748326550830523, 2.7374661605214414, 4.173413568051937, 4.114783917777458, 6.628952169083738, 7.259924262001636, 6.448996440532434, 6.238093136528182, 5.5357702020586075, 4.910726327133289, 7.283520095393436, 7.61984837906897, 7.155855303875282], [1.5204670992823224, 0.0, 1.5303420957419949, 2.527865987349804, 3.9369845580088323, 5.022829589982125, 4.325387977973769, 4.523560250510653, 6.0198584127868, 2.168730368210857, 2.1592028366969136, 2.1686073411293245, 1.0961892674169, 1.0962344001170552, 2.1571946481483772, 2.1501487622952977, 2.7688874101342584, 2.6903161840200127, 5.236639172217234, 5.985335336470297, 5.04236155090053, 5.286455116616427, 4.55298854490103, 4.242608558422519, 6.545354586269563, 6.581456319083187, 6.336834844778583], [2.5216990482609143, 1.5303420957419949, 0.0, 1.5349197438302757, 2.5981753828408123, 3.910959311984721, 2.965503021411376, 3.092829450519378, 4.549139828582981, 2.783575743535642, 3.4725177378956613, 2.7829240467537018, 2.1644441087725044, 2.163971314504885, 1.0961093649814329, 1.0954152956755714, 2.159560779417889, 2.1397924805924524, 4.262365968567223, 4.758084730224967, 4.141531262709481, 3.8918279522609933, 3.3280674241968113, 2.7818849598788224, 5.103672954843403, 5.181675035159962, 4.8163915600789755], [3.882593268680097, 2.527865987349804, 1.5349197438302757, 0.0, 1.5481900206370016, 2.5029981622046793, 2.402572872984293, 2.5553186161416344, 3.9456109362176095, 4.202687775697833, 4.681483395249844, 4.206050766455393, 2.7634499923103366, 2.7567115826651145, 2.170752123113093, 2.1698009885701497, 1.0975688315545409, 1.098527678304011, 2.81144443124882, 3.472652700746218, 2.6970566734868586, 3.2511832692113805, 2.734702788238605, 2.830207502993376, 4.7124108787328804, 4.292374854320158, 4.305429969236522], [5.117961118453324, 3.9369845580088323, 2.5981753828408123, 1.5481900206370016, 0.0, 1.5349065574164442, 1.430529891333977, 1.5448697323722798, 2.593478332278872, 5.299779146341855, 6.033385759256572, 5.264107317485083, 4.193465318802577, 4.236218701861366, 2.8107348683218056, 2.8855898859678586, 2.1773232190007987, 2.164540334574526, 2.187778153744113, 2.190251277821794, 2.179076694382279, 1.9666916814793314, 2.1754275763628628, 2.1709500247587465, 3.5237726529956497, 2.912678219439971, 2.851259893450613], [6.36811954112044, 5.022829589982125, 3.910959311984721, 2.5029981622046793, 1.5349065574164442, 0.0, 2.399044261784263, 2.5550819067106247, 3.044961388917764, 6.6281855993929435, 7.178963770628739, 6.58385292742783, 5.090998501276542, 5.146216508270907, 4.20199006424337, 4.279963571106651, 2.732118288068802, 2.6864414492037603, 1.0948001598465356, 1.095201287435328, 1.0963386794234706, 2.5092394883709286, 2.8760659276170983, 3.4921920150530097, 4.069248005467349, 2.783588628012408, 3.347086873685832], [5.30257386558641, 4.325387977973769, 2.965503021411376, 2.402572872984293, 1.430529891333977, 2.399044261784263, 0.0, 2.4260078936392597, 3.056466683934245, 5.594386987865605, 6.259876220022246, 5.149744319866763, 4.41966509477811, 4.926490322734837, 2.6129367596633486, 3.410465308429335, 3.353962744277282, 2.6351350876188495, 3.3628511207010043, 2.6410773805399947, 2.6802155230503386, 0.9716781668844884, 3.366695336676605, 2.624916657724584, 3.9991690761957037, 3.5480909176626243, 2.7705156505603785], [5.463409827204985, 4.523560250510653, 3.092829450519378, 2.5553186161416344, 1.5448697323722798, 2.5550819067106247, 2.4260078936392597, 0.0, 1.5256019697155612, 5.329932878564232, 6.452036708668046, 5.670261198569251, 5.089977910561106, 4.708291660464547, 3.3859776741732954, 2.7914203875446635, 2.8249660051051944, 3.4939741627550713, 2.7987677145486725, 2.8653659818599087, 3.5078043859371633, 2.6461374151770727, 1.0968118571569145, 1.0965025672564566, 2.157952228386903, 2.1795848182624145, 2.1806249218973903], [6.908190428035405, 6.0198584127868, 4.549139828582981, 3.9456109362176095, 2.593478332278872, 3.044961388917764, 3.056466683934245, 1.5256019697155612, 0.0, 6.736087325740367, 7.925843587909113, 7.018423477533967, 6.537146047014707, 6.232984967894596, 4.660265915159777, 4.23482567409805, 4.221601859484146, 4.74607428302592, 3.3207411838323084, 2.7763590077653864, 4.07591774450859, 2.748876535968831, 2.141806681285685, 2.115507506486328, 1.0952283460539174, 1.0937474799970972, 1.0937403073856244], [1.0947302909849532, 2.168730368210857, 2.783575743535642, 4.202687775697833, 5.299779146341855, 6.6281855993929435, 5.594386987865605, 5.329932878564232, 6.736087325740367, 0.0, 1.7719695031235725, 1.7746598124711113, 3.064889684801069, 2.502655407761923, 3.111549115794254, 2.5466474019777454, 4.378147941767158, 4.680603322222468, 6.808514907819473, 7.479714196411518, 6.87859807228188, 6.476400124297448, 5.305790397292377, 4.664558458203735, 6.951233279785681, 7.50466260467451, 7.059950564982731], [1.0944796252100812, 2.1592028366969136, 3.4725177378956613, 4.681483395249844, 6.033385759256572, 7.178963770628739, 6.259876220022246, 6.452036708668046, 7.925843587909113, 1.7719695031235725, 0.0, 1.7719921585605283, 2.472366319945327, 2.4737022638143014, 3.7511206778774797, 3.740706161943223, 4.8475545381150695, 4.771156729766902, 7.376942275089321, 8.124628135490264, 7.166741731079752, 7.2136758708719375, 6.443625006159189, 5.957427076347641, 8.310788662335243, 8.588856061781453, 8.205359620394466], [1.0946007125888417, 2.1686073411293245, 2.7829240467537018, 4.206050766455393, 5.264107317485083, 6.58385292742783, 5.149744319866763, 5.670261198569251, 7.018423477533967, 1.7746598124711113, 1.7719921585605283, 0.0, 2.5022211952583246, 3.0653332249528757, 2.5574891964581195, 3.1005040138661326, 4.736465991643981, 4.3503411234063005, 7.008403896751384, 7.385057305803389, 6.623855775150905, 6.051911722753399, 5.941058717939084, 5.024042119648281, 7.421679789643312, 7.802218066678219, 7.100247855532932], [2.145770917409405, 1.0961892674169, 2.1644441087725044, 2.7634499923103366, 4.193465318802577, 5.090998501276542, 4.41966509477811, 5.089977910561106, 6.537146047014707, 3.064889684801069, 2.472366319945327, 2.5022211952583246, 0.0, 1.76524670513784, 2.5058693740895595, 3.060563760159229, 3.119205466140376, 2.4663643810272644, 5.391469581663241, 6.062803877745016, 4.87304887929518, 5.38652905032545, 5.214773699787941, 4.929919651475062, 7.19205846819949, 7.019137185580575, 6.760564551869909], [2.1465304889518806, 1.0962344001170552, 2.163971314504885, 2.7567115826651145, 4.236218701861366, 5.146216508270907, 4.926490322734837, 4.708291660464547, 6.232984967894596, 2.502655407761923, 2.4737022638143014, 3.0653332249528757, 1.76524670513784, 0.0, 3.0655160103969443, 2.4999296270095286, 2.544085904603066, 3.0069267383825635, 5.128705181622356, 6.175441202861542, 5.210755631383993, 5.855434103463209, 4.480174908415965, 4.563496291222335, 6.70654624229193, 6.686874410365428, 6.716773291544088], [2.748326550830523, 2.1571946481483772, 1.0961093649814329, 2.170752123113093, 2.8107348683218056, 4.20199006424337, 2.6129367596633486, 3.3859776741732954, 4.660265915159777, 3.111549115794254, 3.7511206778774797, 2.5574891964581195, 2.5058693740895595, 3.0655160103969443, 0.0, 1.7662028450888645, 3.0698113850854094, 2.51691008579965, 4.785893305329737, 4.895323889182411, 4.362806420184145, 3.5242760689253614, 3.916108652731688, 2.9161801744748215, 5.24883293790153, 5.394551090684006, 4.677244173656107], [2.7374661605214414, 2.1501487622952977, 1.0954152956755714, 2.1698009885701497, 2.8855898859678586, 4.279963571106651, 3.410465308429335, 2.7914203875446635, 4.23482567409805, 2.5466474019777454, 3.740706161943223, 3.1005040138661326, 3.060563760159229, 2.4999296270095286, 1.7662028450888645, 0.0, 2.4897491178831657, 3.054012287139657, 4.498658722330468, 5.046054836206202, 4.746962964886075, 4.216745766583515, 2.8768475124691615, 2.2522083695786232, 4.571629267558777, 4.9667107566275694, 4.625184568209143], [4.173413568051937, 2.7688874101342584, 2.159560779417889, 1.0975688315545409, 2.1773232190007987, 2.732118288068802, 3.353962744277282, 2.8249660051051944, 4.221601859484146, 4.378147941767158, 4.8475545381150695, 4.736465991643981, 3.119205466140376, 2.544085904603066, 3.0698113850854094, 2.4897491178831657, 0.0, 1.764297214190398, 2.591268772242663, 3.776341168379785, 3.0091814235768504, 4.095850276804561, 2.5602934011554224, 3.2479553768486413, 4.886723584366114, 4.413910095368958, 4.810951321724218], [4.114783917777458, 2.6903161840200127, 2.1397924805924524, 1.098527678304011, 2.164540334574526, 2.6864414492037603, 2.6351350876188495, 3.4939741627550713, 4.74607428302592, 4.680603322222468, 4.771156729766902, 4.3503411234063005, 2.4663643810272644, 3.0069267383825635, 2.51691008579965, 3.054012287139657, 1.764297214190398, 0.0, 3.1165592261338464, 3.665091507725285, 2.4142328098176447, 3.484155557663865, 3.748002065100818, 3.810938080053257, 5.617942602946385, 4.986942599429033, 4.968221597312262], [6.628952169083738, 5.236639172217234, 4.262365968567223, 2.81144443124882, 2.187778153744113, 1.0948001598465356, 3.3628511207010043, 2.7987677145486725, 3.3207411838323084, 6.808514907819473, 7.376942275089321, 7.008403896751384, 5.391469581663241, 5.128705181622356, 4.785893305329737, 4.498658722330468, 2.591268772242663, 3.1165592261338464, 0.0, 1.7802945627058462, 1.7765994174264497, 3.51720691174119, 2.6899389974495707, 3.8265292106555258, 4.194029139145316, 2.8679983089255825, 3.907037472305583], [7.259924262001636, 5.985335336470297, 4.758084730224967, 3.472652700746218, 2.190251277821794, 1.095201287435328, 2.6410773805399947, 2.8653659818599087, 2.7763590077653864, 7.479714196411518, 8.124628135490264, 7.385057305803389, 6.062803877745016, 6.175441202861542, 4.895323889182411, 5.046054836206202, 3.776341168379785, 3.665091507725285, 1.7802945627058462, 0.0, 1.7456888898082614, 2.322783732937701, 3.3417399120817284, 3.8169691602107556, 3.829324296791798, 2.31482873880553, 2.8837163938223886], [6.448996440532434, 5.04236155090053, 4.141531262709481, 2.6970566734868586, 2.179076694382279, 1.0963386794234706, 2.6802155230503386, 3.5078043859371633, 4.07591774450859, 6.87859807228188, 7.166741731079752, 6.623855775150905, 4.87304887929518, 5.210755631383993, 4.362806420184145, 4.746962964886075, 3.0091814235768504, 2.4142328098176447, 1.7765994174264497, 1.7456888898082614, 0.0, 2.8843231944426755, 3.846359299389489, 4.327206425628433, 5.125748252694429, 3.8294453031738165, 4.229230107241742], [6.238093136528182, 5.286455116616427, 3.8918279522609933, 3.2511832692113805, 1.9666916814793314, 2.5092394883709286, 0.9716781668844884, 2.6461374151770727, 2.748876535968831, 6.476400124297448, 7.2136758708719375, 6.051911722753399, 5.38652905032545, 5.855434103463209, 3.5242760689253614, 4.216745766583515, 4.095850276804561, 3.484155557663865, 3.51720691174119, 2.322783732937701, 2.8843231944426755, 0.0, 3.6583370798765933, 2.9601231291958108, 3.72878806316476, 3.1497865165753693, 2.203668257701236], [5.5357702020586075, 4.55298854490103, 3.3280674241968113, 2.734702788238605, 2.1754275763628628, 2.8760659276170983, 3.366695336676605, 1.0968118571569145, 2.141806681285685, 5.305790397292377, 6.443625006159189, 5.941058717939084, 5.214773699787941, 4.480174908415965, 3.916108652731688, 2.8768475124691615, 2.5602934011554224, 3.748002065100818, 2.6899389974495707, 3.3417399120817284, 3.846359299389489, 3.6583370798765933, 0.0, 1.76698505087055, 2.4736019344267985, 2.4850131609309436, 3.0676380294943537], [4.910726327133289, 4.242608558422519, 2.7818849598788224, 2.830207502993376, 2.1709500247587465, 3.4921920150530097, 2.624916657724584, 1.0965025672564566, 2.115507506486328, 4.664558458203735, 5.957427076347641, 5.024042119648281, 4.929919651475062, 4.563496291222335, 2.9161801744748215, 2.2522083695786232, 3.2479553768486413, 3.810938080053257, 3.8265292106555258, 3.8169691602107556, 4.327206425628433, 2.9601231291958108, 1.76698505087055, 0.0, 2.4039367587355533, 3.045229242602271, 2.4976131505899786], [7.283520095393436, 6.545354586269563, 5.103672954843403, 4.7124108787328804, 3.5237726529956497, 4.069248005467349, 3.9991690761957037, 2.157952228386903, 1.0952283460539174, 6.951233279785681, 8.310788662335243, 7.421679789643312, 7.19205846819949, 6.70654624229193, 5.24883293790153, 4.571629267558777, 4.886723584366114, 5.617942602946385, 4.194029139145316, 3.829324296791798, 5.125748252694429, 3.72878806316476, 2.4736019344267985, 2.4039367587355533, 0.0, 1.7632006975951433, 1.766951818811141], [7.61984837906897, 6.581456319083187, 5.181675035159962, 4.292374854320158, 2.912678219439971, 2.783588628012408, 3.5480909176626243, 2.1795848182624145, 1.0937474799970972, 7.50466260467451, 8.588856061781453, 7.802218066678219, 7.019137185580575, 6.686874410365428, 5.394551090684006, 4.9667107566275694, 4.413910095368958, 4.986942599429033, 2.8679983089255825, 2.31482873880553, 3.8294453031738165, 3.1497865165753693, 2.4850131609309436, 3.045229242602271, 1.7632006975951433, 0.0, 1.7777901029086647], [7.155855303875282, 6.336834844778583, 4.8163915600789755, 4.305429969236522, 2.851259893450613, 3.347086873685832, 2.7705156505603785, 2.1806249218973903, 1.0937403073856244, 7.059950564982731, 8.205359620394466, 7.100247855532932, 6.760564551869909, 6.716773291544088, 4.677244173656107, 4.625184568209143, 4.810951321724218, 4.968221597312262, 3.907037472305583, 2.8837163938223886, 4.229230107241742, 2.203668257701236, 3.0676380294943537, 2.4976131505899786, 1.766951818811141, 1.7777901029086647, 0.0]]}