{"total energy": -46.68875897, "HOMO-LUMO gap/eV": 3.66477633, "electronic energy": -47.25329662, "dipole": [-0.22509488, -0.8352639, 0.10426492], "partial charges": [-0.1123844, 0.01765656, -0.20289785, 0.25869831, -0.35768154, 0.25978508, -0.19752794, 0.05237861, -0.11615311, -0.11130337, -0.34234534, 0.32914127, -0.2573002, 0.03450807, -0.35421336, 0.04583363, 0.05123751, 0.04105932, 0.02786243, 0.06481961, 0.1837878, 0.18733984, 0.06403611, 0.04517661, 0.04285332, 0.04855826, 0.03772017, 0.03899117, 0.04376891, 0.05663956, 0.06340668, 0.0565483], "atomic dipole moments": [[0.06004941, 0.11110165, -0.02326695], [0.14652067, -0.0790748, 0.04037126], [-0.0490456, 0.06861202, -0.15712284], [-0.02558996, -0.01056394, 0.00361641], [-0.09831061, 0.27142252, 0.03470112], [0.01154136, 0.01390114, -0.00708005], [-0.00804619, -0.03647672, 0.15388982], [-0.0132588, 0.15780207, -0.0069361], [-0.10466681, 0.01317168, 0.07126966], [-0.02848961, -0.01168902, -0.1077193], [-0.17556018, -0.2191217, 0.0413275], [-0.06190383, 0.12249732, 0.02200597], [-0.15211425, -0.16558, 0.0523527], [0.25029035, -0.05154732, -0.08512354], [0.27165415, -0.05000909, -0.07611885], [-0.12253014, 0.00986252, -0.0321837], [0.00556427, -0.03743584, 0.12269792], [0.04946884, -0.09407575, -0.06813558], [-0.00793328, 0.02861868, -0.11823578], [-0.0662098, 0.0887003, 0.06916962], [0.07589573, -0.07783702, -0.0709552], [0.03833456, 0.12186088, 0.032277], [-0.06182454, -0.11809063, -0.01404195], [0.06813894, -0.10072632, 0.03771596], [0.07787984, 0.10060018, 0.00443109], [-0.02573302, -0.01669181, -0.12431573], [-0.10371207, 0.00929652, 0.07649334], [0.06759273, 0.10509005, 0.02423665], [0.06723572, -0.09686026, 0.04590288], [-0.01116084, -0.04784652, 0.11870636], [-0.02844334, 0.11885323, 0.01050862], [-0.08122711, -0.0464259, -0.08751114]], "atomic quadrupole moments": [[-0.02439991, 0.16402864, 0.16234707, -0.02494548, -0.04881215, -0.13794716], [0.27552572, 0.11939982, -0.00361534, 0.09448076, -0.06045695, -0.27191038], [0.09853852, 0.05952774, -0.02176191, 0.04952373, -0.0320288, -0.0767766], [-0.18430513, 0.11494743, -0.18611516, 0.21150435, -0.01946793, 0.37042029], [-0.03730847, 0.03057496, -0.11585895, 0.06818501, -0.00721844, 0.15316743], [-0.07030806, -0.05074996, -0.30986009, 0.16477217, 0.00699003, 0.38016815], [0.05402195, -0.09181915, -0.02681951, -0.00212045, -0.04274349, -0.02720244], [0.03166475, -0.22029164, -0.06273224, -0.00686041, -0.06128521, 0.03106748], [0.14059747, -0.04457193, -0.12543588, -0.16692465, 0.01747121, -0.01516159], [-0.09358729, -0.00583909, -0.113503, 0.07776915, 0.0392397, 0.20709029], [-0.05710318, -0.05414565, -0.1004098, 0.07076502, 0.01121133, 0.15751298], [-0.30353826, -0.18753743, -0.01635801, 0.20163305, 0.05344136, 0.31989627], [0.08499892, -0.02971964, -0.01270804, -0.05834661, 0.00912767, -0.07229089], [0.42151971, -0.10671773, -0.20426504, -0.24585138, 0.03656887, -0.21725468], [-0.09805605, 0.0015078, -0.05627536, 0.07975525, 0.00111687, 0.15433141], [0.07339394, -0.01353205, -0.03076754, 0.03428025, -0.00923708, -0.0426264], [-0.04838973, 0.00415434, -0.02624973, 0.01355907, -0.01888866, 0.07463946], [-0.01846237, -0.0330161, 0.0183134, -0.04334433, 0.04316484, 0.00014897], [0.00149752, 0.01371266, -0.03550604, -0.00238744, -0.01668049, 0.03400852], [-0.01195143, -0.00639739, 0.01284258, -0.01522311, 0.0364048, -0.00089114], [-0.0056424, -0.00893262, 0.06618799, 0.00357035, 0.02987099, -0.06054558], [0.04344913, 0.0368763, 0.02065026, -0.00314157, -0.0148281, -0.0640994], [0.01404205, 0.01985771, -0.00468513, -0.00132358, 0.00428558, -0.00935692], [-0.01180661, -0.04889826, 0.03604125, 0.01371, -0.04335981, -0.02423463], [-0.00919381, 0.05371034, 0.04774958, 0.00204738, 0.02196743, -0.03855577], [-0.01864455, 0.00804935, -0.04877734, 0.03279082, 0.01604486, 0.06742189], [0.05752467, -0.00400367, -0.04745173, -0.04490668, 0.00892824, -0.01007294], [-0.01261604, 0.06187686, 0.04544173, -0.00070541, 0.00035178, -0.03282569], [-0.01297108, -0.06058966, 0.03885875, 0.01935151, -0.02243585, -0.02588767], [-0.0099188, -0.00999919, -0.02335889, -0.0091271, -0.04801972, 0.03327769], [-0.02793712, -0.01437369, 0.08271604, -0.01022314, 0.00587109, -0.05477892], [0.0151875, 0.02143383, -0.02414734, 0.02449708, 0.04294169, 0.00895984]], "number of molecular orbitals": 77, "number of electrons": 84, "number of unpaired electrons": 0, "orbital energies/eV": [-19.41806862, -18.62257774, -18.07383531, -17.96844031, -17.6680934, -17.56519308, -17.37390959, -16.96947709, -16.88167672, -16.40236557, -16.25343884, -16.15812345, -15.90759536, -15.5599753, -15.48561421, -15.32566085, -15.07686776, -14.71247583, -14.51838613, -14.39691801, -14.28068353, -13.9695586, -13.84043235, -13.67986789, -13.60995697, -13.35166627, -13.098965, -12.84259052, -12.73893666, -12.72077173, -12.66739104, -12.53537643, -12.48616421, -12.31369351, -12.23249857, -12.08771234, -11.93231965, -11.35182509, -10.614465, -10.55150197, -10.12248519, -10.07572984, -6.41095351, -6.28460765, -3.04356841, 0.3213179, 0.99695294, 1.17488262, 2.24693136, 2.49618519, 2.68013036, 3.06609541, 3.1521746, 3.47745374, 3.88136741, 3.92046619, 4.07148133, 4.28053861, 4.4793216, 4.73314856, 5.08735639, 5.13793442, 5.59975153, 5.63155083, 5.73416573, 6.06918272, 6.47995409, 6.51701243, 6.79472499, 7.17835835, 7.25618856, 7.43385754, 8.15053707, 11.7558032, 12.26945291, 12.99209692, 17.65474659], "fractional occupation": [2.0, 2.0, 2.0, 2.0, 2.0, 2.0, 2.0, 2.0, 2.0, 2.0, 2.0, 2.0, 2.0, 2.0, 2.0, 2.0, 2.0, 2.0, 2.0, 2.0, 2.0, 2.0, 2.0, 2.0, 2.0, 2.0, 2.0, 2.0, 2.0, 2.0, 2.0, 2.0, 2.0, 2.0, 2.0, 2.0, 2.0, 2.0, 2.0, 2.0, 2.0, 2.0, 0.0, 0.0, 0.0, 0.0, 0.0, 0.0, 0.0, 0.0, 0.0, 0.0, 0.0, 0.0, 0.0, 0.0, 0.0, 0.0, 0.0, 0.0, 0.0, 0.0, 0.0, 0.0, 0.0, 0.0, 0.0, 0.0, 0.0, 0.0, 0.0, 0.0, 0.0, 0.0, 0.0, 0.0, 0.0], "program call": "xtb /home/svss/Project-DBcg-Debug/aqme2_20220329/End-to-End-workflows-final/example-3/QDESCP/mol_637_rdkit_conf_2/mol_637_rdkit_conf_2.xyz --pop --wbo --acc 0.2 --gfn 2 --chrg 0 --uhf 0 --etemp 300 --input /home/svss/Project-DBcg-Debug/aqme2_20220329/End-to-End-workflows-final/example-3/QDESCP/mol_637_rdkit_conf_2/mol_637_rdkit_conf_2_xtb.inp", "method": "GFN2-xTB", "xtb version": "6.3.3 (7355c4f)", "Dipole module/D": 2.215, "Total charge": 0, "Transition dipole module/D": NaN, "HOMO": -10.0757, "LUMO": -6.411, "HOMO occupancy": 2.0, "LUMO occupancy": 0, "mulliken charges": [-0.09523, 0.10424, -0.36141, 0.44047, -0.44617, 0.43918, -0.3587, 0.13525, -0.0999, -0.10494, -0.42155, 0.5319, -0.40866, 0.17462, -0.44332, 0.03192, 0.03653, 0.02998, 0.02266, 0.03209, 0.21623, 0.22044, 0.0325, 0.03023, 0.03042, 0.03736, 0.04086, 0.03078, 0.03187, 0.02947, 0.03289, 0.02799], "cm5 charges": [-0.23971, 0.05554, -0.70169, 0.65713, -0.62237, 0.65692, -0.69738, 0.12328, -0.24209, -0.24708, -0.59371, 0.71219, -0.48015, 0.05842, -0.62376, 0.08312, 0.08996, 0.08335, 0.08825, 0.09943, 0.41763, 0.42227, 0.10403, 0.082, 0.08437, 0.09101, 0.09609, 0.08484, 0.08372, 0.09179, 0.09219, 0.0904], "FUKUI+": [0.013, 0.015, -0.058, -0.056, -0.1, -0.048, -0.056, 0.008, 0.013, 0.013, -0.102, -0.061, -0.075, 0.028, -0.098, -0.03, -0.019, -0.018, -0.025, -0.023, -0.044, -0.043, -0.015, -0.028, -0.019, -0.016, 0.003, -0.019, -0.034, -0.028, -0.05, -0.029], "FUKUI-": [0.015, 0.016, -0.073, 0.002, -0.088, 0.001, -0.075, 0.002, 0.012, 0.006, -0.104, -0.003, -0.058, 0.021, -0.097, -0.035, -0.033, -0.031, -0.06, -0.043, -0.04, -0.041, -0.029, -0.036, -0.031, -0.03, -0.016, -0.028, -0.041, -0.022, -0.04, -0.021], "FUKUIrad": [0.014, 0.016, -0.065, -0.027, -0.094, -0.023, -0.065, 0.005, 0.012, 0.009, -0.103, -0.032, -0.067, 0.024, -0.097, -0.033, -0.026, -0.025, -0.042, -0.033, -0.042, -0.042, -0.022, -0.032, -0.025, -0.023, -0.006, -0.024, -0.037, -0.025, -0.045, -0.025], "s proportion": [1.012, 1.001, 1.458, 0.979, 1.53, 0.978, 1.453, 1.028, 1.016, 1.018, 1.529, 0.959, 1.691, 0.97, 1.532, 0.968, 0.963, 0.97, 0.977, 0.968, 0.784, 0.78, 0.967, 0.97, 0.97, 0.963, 0.959, 0.969, 0.968, 0.971, 0.967, 0.972], "p proportion": [3.084, 2.895, 3.903, 2.581, 3.916, 2.582, 3.905, 2.836, 3.084, 3.087, 3.893, 2.509, 4.717, 2.856, 3.912, 0.0, 0.0, 0.0, 0.0, 0.0, 0.0, 0.0, 0.0, 0.0, 0.0, 0.0, 0.0, 0.0, 0.0, 0.0, 0.0, 0.0], "d proportion": [0.0, 0.0, 0.0, 0.0, 0.0, 0.0, 0.0, 0.0, 0.0, 0.0, 0.0, 0.0, 0.0, 0.0, 0.0, 0.0, 0.0, 0.0, 0.0, 0.0, 0.0, 0.0, 0.0, 0.0, 0.0, 0.0, 0.0, 0.0, 0.0, 0.0, 0.0, 0.0], "Fermi-level/eV": -8.2433, "Coordination numbers": [3.751, 3.748, 2.697, 2.946, 1.849, 2.941, 2.701, 3.791, 3.755, 3.752, 1.845, 2.93, 1.703, 3.656, 1.836, 0.924, 0.924, 0.924, 0.924, 0.924, 0.86, 0.86, 0.924, 0.924, 0.924, 0.924, 0.924, 0.924, 0.924, 0.924, 0.924, 0.924], "Dispersion coefficient C6": [22.712, 20.341, 25.41, 22.659, 30.162, 22.64, 25.288, 19.707, 22.78, 22.689, 29.744, 21.424, 18.264, 20.284, 30.064, 2.373, 2.305, 2.435, 2.617, 2.144, 1.193, 1.173, 2.152, 2.381, 2.411, 2.338, 2.48, 2.462, 2.399, 2.239, 2.16, 2.24], "Total dispersion C6": 9531.41687, "Total dispersion C8": 207592.429476, "Polarizability alpha": [6.796, 6.433, 7.487, 7.807, 8.14, 7.804, 7.469, 6.322, 6.806, 6.793, 8.083, 7.591, 5.77, 6.465, 8.126, 2.409, 2.374, 2.44, 2.53, 2.29, 1.711, 1.697, 2.294, 2.413, 2.428, 2.391, 2.463, 2.454, 2.422, 2.34, 2.298, 2.341], "Total polarizability alpha": 147.183942, "Wiberg matrix": [[0.0, 1.019146019135158, 0.0, 0.0, 0.0, 0.0, 0.0, 0.0, 0.0, 0.0, 0.0, 0.0, 0.0, 0.0, 0.0, 0.985124880571507, 0.9863408163343924, 0.9862735293013039, 0.0, 0.0, 0.0, 0.0, 0.0, 0.0, 0.0, 0.0, 0.0, 0.0, 0.0, 0.0, 0.0, 0.0], [1.019146019135158, 0.0, 0.9872513433462224, 0.0, 0.0, 0.0, 0.0, 0.0, 0.0, 0.0, 0.0, 0.0, 0.0, 0.0, 0.0, 0.0, 0.0, 0.0, 0.9703661979910274, 0.9703457897362028, 0.0, 0.0, 0.0, 0.0, 0.0, 0.0, 0.0, 0.0, 0.0, 0.0, 0.0, 0.0], [0.0, 0.9872513433462224, 0.0, 1.1727420049191177, 0.0, 0.0, 0.0, 0.0, 0.0, 0.0, 0.0, 0.0, 0.0, 0.0, 0.0, 0.0, 0.0, 0.0, 0.0, 0.0, 0.9325009628997407, 0.0, 0.0, 0.0, 0.0, 0.0, 0.0, 0.0, 0.0, 0.0, 0.0, 0.0], [0.0, 0.0, 1.1727420049191177, 0.0, 1.3428001917882075, 0.0, 0.0, 0.0, 0.0, 0.0, 0.0, 0.0, 0.0, 0.0, 1.3203568342906784, 0.0, 0.0, 0.0, 0.0, 0.0, 0.0, 0.0, 0.0, 0.0, 0.0, 0.0, 0.0, 0.0, 0.0, 0.0, 0.0, 0.0], [0.0, 0.0, 0.0, 1.3428001917882075, 0.0, 1.327976430522429, 0.0, 0.0, 0.0, 0.0, 0.0, 0.0, 0.0, 0.0, 0.0, 0.0, 0.0, 0.0, 0.0, 0.0, 0.0, 0.0, 0.0, 0.0, 0.0, 0.0, 0.0, 0.0, 0.0, 0.0, 0.0, 0.0], [0.0, 0.0, 0.0, 0.0, 1.327976430522429, 0.0, 1.1903535128791107, 0.0, 0.0, 0.0, 1.3180416458849071, 0.0, 0.0, 0.0, 0.0, 0.0, 0.0, 0.0, 0.0, 0.0, 0.0, 0.0, 0.0, 0.0, 0.0, 0.0, 0.0, 0.0, 0.0, 0.0, 0.0, 0.0], [0.0, 0.0, 0.0, 0.0, 0.0, 1.1903535128791107, 0.0, 0.9779827409642143, 0.0, 0.0, 0.0, 0.0, 0.0, 0.0, 0.0, 0.0, 0.0, 0.0, 0.0, 0.0, 0.0, 0.9310270013124524, 0.0, 0.0, 0.0, 0.0, 0.0, 0.0, 0.0, 0.0, 0.0, 0.0], [0.0, 0.0, 0.0, 0.0, 0.0, 0.0, 0.9779827409642143, 0.0, 1.005317651179958, 0.9993150183168142, 0.0, 0.0, 0.0, 0.0, 0.0, 0.0, 0.0, 0.0, 0.0, 0.0, 0.0, 0.0, 0.9612761808098241, 0.0, 0.0, 0.0, 0.0, 0.0, 0.0, 0.0, 0.0, 0.0], [0.0, 0.0, 0.0, 0.0, 0.0, 0.0, 0.0, 1.005317651179958, 0.0, 0.0, 0.0, 0.0, 0.0, 0.0, 0.0, 0.0, 0.0, 0.0, 0.0, 0.0, 0.0, 0.0, 0.0, 0.985218049674268, 0.9857616963918316, 0.9857878791990328, 0.0, 0.0, 0.0, 0.0, 0.0, 0.0], [0.0, 0.0, 0.0, 0.0, 0.0, 0.0, 0.0, 0.9993150183168142, 0.0, 0.0, 0.0, 0.0, 0.0, 0.0, 0.0, 0.0, 0.0, 0.0, 0.0, 0.0, 0.0, 0.0, 0.0, 0.0, 0.0, 0.0, 0.9857339403672971, 0.9853878921610285, 0.9842119430330629, 0.0, 0.0, 0.0], [0.0, 0.0, 0.0, 0.0, 0.0, 1.3180416458849071, 0.0, 0.0, 0.0, 0.0, 0.0, 1.359542373260041, 0.0, 0.0, 0.0, 0.0, 0.0, 0.0, 0.0, 0.0, 0.0, 0.0, 0.0, 0.0, 0.0, 0.0, 0.0, 0.0, 0.0, 0.0, 0.0, 0.0], [0.0, 0.0, 0.0, 0.0, 0.0, 0.0, 0.0, 0.0, 0.0, 0.0, 1.359542373260041, 0.0, 1.0905159177322838, 0.0, 1.3483028771503278, 0.0, 0.0, 0.0, 0.0, 0.0, 0.0, 0.0, 0.0, 0.0, 0.0, 0.0, 0.0, 0.0, 0.0, 0.0, 0.0, 0.0], [0.0, 0.0, 0.0, 0.0, 0.0, 0.0, 0.0, 0.0, 0.0, 0.0, 0.0, 1.0905159177322838, 0.0, 0.9727611386900101, 0.0, 0.0, 0.0, 0.0, 0.0, 0.0, 0.0, 0.0, 0.0, 0.0, 0.0, 0.0, 0.0, 0.0, 0.0, 0.0, 0.0, 0.0], [0.0, 0.0, 0.0, 0.0, 0.0, 0.0, 0.0, 0.0, 0.0, 0.0, 0.0, 0.0, 0.9727611386900101, 0.0, 0.0, 0.0, 0.0, 0.0, 0.0, 0.0, 0.0, 0.0, 0.0, 0.0, 0.0, 0.0, 0.0, 0.0, 0.0, 0.9777815294775071, 0.980394860312559, 0.9776367583546475], [0.0, 0.0, 0.0, 1.3203568342906784, 0.0, 0.0, 0.0, 0.0, 0.0, 0.0, 0.0, 1.3483028771503278, 0.0, 0.0, 0.0, 0.0, 0.0, 0.0, 0.0, 0.0, 0.0, 0.0, 0.0, 0.0, 0.0, 0.0, 0.0, 0.0, 0.0, 0.0, 0.0, 0.0], [0.985124880571507, 0.0, 0.0, 0.0, 0.0, 0.0, 0.0, 0.0, 0.0, 0.0, 0.0, 0.0, 0.0, 0.0, 0.0, 0.0, 0.0, 0.0, 0.0, 0.0, 0.0, 0.0, 0.0, 0.0, 0.0, 0.0, 0.0, 0.0, 0.0, 0.0, 0.0, 0.0], [0.9863408163343924, 0.0, 0.0, 0.0, 0.0, 0.0, 0.0, 0.0, 0.0, 0.0, 0.0, 0.0, 0.0, 0.0, 0.0, 0.0, 0.0, 0.0, 0.0, 0.0, 0.0, 0.0, 0.0, 0.0, 0.0, 0.0, 0.0, 0.0, 0.0, 0.0, 0.0, 0.0], [0.9862735293013039, 0.0, 0.0, 0.0, 0.0, 0.0, 0.0, 0.0, 0.0, 0.0, 0.0, 0.0, 0.0, 0.0, 0.0, 0.0, 0.0, 0.0, 0.0, 0.0, 0.0, 0.0, 0.0, 0.0, 0.0, 0.0, 0.0, 0.0, 0.0, 0.0, 0.0, 0.0], [0.0, 0.9703661979910274, 0.0, 0.0, 0.0, 0.0, 0.0, 0.0, 0.0, 0.0, 0.0, 0.0, 0.0, 0.0, 0.0, 0.0, 0.0, 0.0, 0.0, 0.0, 0.0, 0.0, 0.0, 0.0, 0.0, 0.0, 0.0, 0.0, 0.0, 0.0, 0.0, 0.0], [0.0, 0.9703457897362028, 0.0, 0.0, 0.0, 0.0, 0.0, 0.0, 0.0, 0.0, 0.0, 0.0, 0.0, 0.0, 0.0, 0.0, 0.0, 0.0, 0.0, 0.0, 0.0, 0.0, 0.0, 0.0, 0.0, 0.0, 0.0, 0.0, 0.0, 0.0, 0.0, 0.0], [0.0, 0.0, 0.9325009628997407, 0.0, 0.0, 0.0, 0.0, 0.0, 0.0, 0.0, 0.0, 0.0, 0.0, 0.0, 0.0, 0.0, 0.0, 0.0, 0.0, 0.0, 0.0, 0.0, 0.0, 0.0, 0.0, 0.0, 0.0, 0.0, 0.0, 0.0, 0.0, 0.0], [0.0, 0.0, 0.0, 0.0, 0.0, 0.0, 0.9310270013124524, 0.0, 0.0, 0.0, 0.0, 0.0, 0.0, 0.0, 0.0, 0.0, 0.0, 0.0, 0.0, 0.0, 0.0, 0.0, 0.0, 0.0, 0.0, 0.0, 0.0, 0.0, 0.0, 0.0, 0.0, 0.0], [0.0, 0.0, 0.0, 0.0, 0.0, 0.0, 0.0, 0.9612761808098241, 0.0, 0.0, 0.0, 0.0, 0.0, 0.0, 0.0, 0.0, 0.0, 0.0, 0.0, 0.0, 0.0, 0.0, 0.0, 0.0, 0.0, 0.0, 0.0, 0.0, 0.0, 0.0, 0.0, 0.0], [0.0, 0.0, 0.0, 0.0, 0.0, 0.0, 0.0, 0.0, 0.985218049674268, 0.0, 0.0, 0.0, 0.0, 0.0, 0.0, 0.0, 0.0, 0.0, 0.0, 0.0, 0.0, 0.0, 0.0, 0.0, 0.0, 0.0, 0.0, 0.0, 0.0, 0.0, 0.0, 0.0], [0.0, 0.0, 0.0, 0.0, 0.0, 0.0, 0.0, 0.0, 0.9857616963918316, 0.0, 0.0, 0.0, 0.0, 0.0, 0.0, 0.0, 0.0, 0.0, 0.0, 0.0, 0.0, 0.0, 0.0, 0.0, 0.0, 0.0, 0.0, 0.0, 0.0, 0.0, 0.0, 0.0], [0.0, 0.0, 0.0, 0.0, 0.0, 0.0, 0.0, 0.0, 0.9857878791990328, 0.0, 0.0, 0.0, 0.0, 0.0, 0.0, 0.0, 0.0, 0.0, 0.0, 0.0, 0.0, 0.0, 0.0, 0.0, 0.0, 0.0, 0.0, 0.0, 0.0, 0.0, 0.0, 0.0], [0.0, 0.0, 0.0, 0.0, 0.0, 0.0, 0.0, 0.0, 0.0, 0.9857339403672971, 0.0, 0.0, 0.0, 0.0, 0.0, 0.0, 0.0, 0.0, 0.0, 0.0, 0.0, 0.0, 0.0, 0.0, 0.0, 0.0, 0.0, 0.0, 0.0, 0.0, 0.0, 0.0], [0.0, 0.0, 0.0, 0.0, 0.0, 0.0, 0.0, 0.0, 0.0, 0.9853878921610285, 0.0, 0.0, 0.0, 0.0, 0.0, 0.0, 0.0, 0.0, 0.0, 0.0, 0.0, 0.0, 0.0, 0.0, 0.0, 0.0, 0.0, 0.0, 0.0, 0.0, 0.0, 0.0], [0.0, 0.0, 0.0, 0.0, 0.0, 0.0, 0.0, 0.0, 0.0, 0.9842119430330629, 0.0, 0.0, 0.0, 0.0, 0.0, 0.0, 0.0, 0.0, 0.0, 0.0, 0.0, 0.0, 0.0, 0.0, 0.0, 0.0, 0.0, 0.0, 0.0, 0.0, 0.0, 0.0], [0.0, 0.0, 0.0, 0.0, 0.0, 0.0, 0.0, 0.0, 0.0, 0.0, 0.0, 0.0, 0.0, 0.9777815294775071, 0.0, 0.0, 0.0, 0.0, 0.0, 0.0, 0.0, 0.0, 0.0, 0.0, 0.0, 0.0, 0.0, 0.0, 0.0, 0.0, 0.0, 0.0], [0.0, 0.0, 0.0, 0.0, 0.0, 0.0, 0.0, 0.0, 0.0, 0.0, 0.0, 0.0, 0.0, 0.980394860312559, 0.0, 0.0, 0.0, 0.0, 0.0, 0.0, 0.0, 0.0, 0.0, 0.0, 0.0, 0.0, 0.0, 0.0, 0.0, 0.0, 0.0, 0.0], [0.0, 0.0, 0.0, 0.0, 0.0, 0.0, 0.0, 0.0, 0.0, 0.0, 0.0, 0.0, 0.0, 0.9776367583546475, 0.0, 0.0, 0.0, 0.0, 0.0, 0.0, 0.0, 0.0, 0.0, 0.0, 0.0, 0.0, 0.0, 0.0, 0.0, 0.0, 0.0, 0.0]], "Born radii": [], "Atomic SASAs": [], "Solvent H bonds": [], "Total SASA": NaN, "Total FOD": 0.0, "FOD": [0.0, 0.0, 0.0, 0.0, 0.0, 0.0, 0.0, 0.0, 0.0, 0.0, 0.0, 0.0, 0.0, 0.0, 0.0, 0.0, 0.0, 0.0, 0.0, 0.0, 0.0, 0.0, 0.0, 0.0, 0.0, 0.0, 0.0, 0.0, 0.0, 0.0, 0.0, 0.0], "FOD s proportion": [0.0, 0.0, 0.0, 0.0, 0.0, 0.0, 0.0, 0.0, 0.0, 0.0, 0.0, 0.0, 0.0, 0.0, 0.0, 0.0, 0.0, 0.0, 0.0, 0.0, 0.0, 0.0, 0.0, 0.0, 0.0, 0.0, 0.0, 0.0, 0.0, 0.0, 0.0, 0.0], "FOD p proportion": [0.0, 0.0, 0.0, 0.0, 0.0, 0.0, 0.0, 0.0, 0.0, 0.0, 0.0, 0.0, 0.0, 0.0, 0.0, 0.0, 0.0, 0.0, 0.0, 0.0, 0.0, 0.0, 0.0, 0.0, 0.0, 0.0, 0.0, 0.0, 0.0, 0.0, 0.0, 0.0], "FOD d proportion": [0.0, 0.0, 0.0, 0.0, 0.0, 0.0, 0.0, 0.0, 0.0, 0.0, 0.0, 0.0, 0.0, 0.0, 0.0, 0.0, 0.0, 0.0, 0.0, 0.0, 0.0, 0.0, 0.0, 0.0, 0.0, 0.0, 0.0, 0.0, 0.0, 0.0, 0.0, 0.0], "coordinates": [["-3.91180", "-2.47800", "0.14730"], ["-3.19180", "-1.15790", "-0.07930"], ["-1.79910", "-1.29820", "0.30570"], ["-1.01530", "-0.17320", "0.06910"], ["0.23510", "-0.41940", "-0.29420"], ["1.00130", "0.64160", "-0.51750"], ["2.32090", "0.48340", "-0.91320"], ["3.04300", "-0.67090", "-0.39460"], ["4.32010", "-0.83930", "-1.21910"], ["3.39420", "-0.47670", "1.08060"], ["0.59340", "1.89250", "-0.39510"], ["-0.67160", "2.02730", "-0.02500"], ["-1.08830", "3.33700", "0.10120"], ["-2.42820", "3.45750", "0.55960"], ["-1.52430", "1.03940", "0.21570"], ["-4.96650", "-2.38980", "-0.13080"], ["-3.85790", "-2.77890", "1.19900"], ["-3.46510", "-3.27770", "-0.45310"], ["-3.27520", "-0.88130", "-1.13740"], ["-3.68570", "-0.38380", "0.52020"], ["-1.30570", "-2.07180", "-0.12940"], ["2.77650", "1.38180", "-0.79020"], ["2.45490", "-1.58940", "-0.51330"], ["4.89310", "-1.70800", "-0.87860"], ["4.96390", "0.04460", "-1.14520"], ["4.08110", "-0.98580", "-2.27830"], ["2.49270", "-0.39720", "1.69730"], ["3.98050", "0.43630", "1.23410"], ["3.97910", "-1.32330", "1.45520"], ["-2.55170", "3.01170", "1.55290"], ["-2.65710", "4.52430", "0.64480"], ["-3.13450", "3.02340", "-0.15690"]], "bond_dist": [[0.0, 1.5206615566916921, 2.4249783277382093, 3.70242225171576, 4.650756478251683, 5.8576799852842765, 6.981482614745953, 7.206143841195512, 8.50391464326871, 7.632423375311409, 6.300182144192341, 5.552144758559524, 6.4644027148685606, 6.131983406696401, 4.25169819836733, 1.0943084300141346, 1.0952255064597427, 1.0952356550076332, 2.14596471080025, 2.1391234793718668, 2.652040448409488, 7.7788379067827345, 6.462265176391325, 8.897844391761412, 9.317302050486504, 8.485083771536967, 6.910126546598116, 8.483081870405355, 8.081474946443873, 5.827725925264502, 7.131197909888632, 5.56436293658133], [1.5206615566916921, 0.0, 1.4517308221567802, 2.393493033204818, 3.5121514588639258, 4.583918312971993, 5.811980401721947, 6.261734115243157, 7.604557292176844, 6.721963809036762, 4.87159202314808, 4.062001424175033, 4.966026430658621, 4.72156704177755, 2.774114009913796, 2.160969678176906, 2.169189042015472, 2.1697860194037566, 1.096831222203307, 1.0966167379718403, 2.096448527868023, 6.52503331715632, 5.679768405489787, 8.14291707620801, 8.312496108269766, 7.600019330238575, 6.004041330637223, 7.463804692648381, 7.335111057100635, 4.523203401351746, 5.753053253707982, 4.182412550191576], [2.4249783277382093, 1.4517308221567802, 0.0, 1.3913831248078294, 2.295678350727732, 3.504671516704525, 4.651259589616559, 4.932530566555062, 6.322990818433948, 5.314668112874029, 4.049165763462889, 3.5269773163432734, 4.693840211383426, 4.803843722478907, 2.355416905772734, 3.3785419295903374, 2.6887013259192623, 2.696248076494446, 2.1059948789111527, 2.1074622582622924, 1.0154863514592405, 5.4147495020545495, 4.341897562126494, 6.808527254113036, 7.046019560716532, 6.430505563328595, 4.600858485109057, 6.1052594514893475, 5.891483302191394, 4.549412336774938, 5.895138595486963, 4.5468141022038715], [3.70242225171576, 2.393493033204818, 1.3913831248078294, 0.0, 1.325179795348541, 2.2527037443925026, 3.5392467122256392, 4.114914564119163, 5.528981968681034, 4.53419615257214, 2.6590437792559944, 2.2291668286604303, 3.5111057303932047, 3.926685517074165, 1.3232427290561624, 4.53489327437813, 4.0182983040088, 3.9890015204308957, 2.657855502091865, 2.716409345073014, 1.9309107617909225, 4.18738208550402, 3.793033118758654, 6.17761579332998, 6.105144877068848, 5.669558931698303, 3.8739224617950216, 5.16592033329977, 5.309240489938273, 3.8348110005579152, 5.009335682503219, 3.841918296892843], [4.650756478251683, 3.5121514588639258, 2.295678350727732, 1.325179795348541, 0.0, 1.3276469146576586, 2.3555828323368297, 2.8209280068800053, 4.20939200122773, 3.44576132951776, 2.3416748941729724, 2.6231497136076696, 4.002283058455512, 4.780428321813852, 2.3417053209146537, 5.56469390712553, 4.954748781724458, 4.678312531244573, 3.6395801873293023, 4.004645722158204, 2.2653144240921614, 3.154211692325041, 2.5188125873117277, 4.868159541346195, 4.827115747524602, 4.364536375149141, 3.010535309542142, 4.134724239897988, 4.230244859343251, 4.790665909870985, 5.804025459110254, 4.819328510280244], [5.8576799852842765, 4.583918312971993, 3.504671516704525, 2.2527037443925026, 1.3276469146576586, 0.0, 1.3867046873794, 2.430287956189554, 3.701316091608497, 3.0871489938129, 1.3214064401235526, 2.2274009854536745, 3.466179310133854, 4.566279390269501, 2.659789924035355, 6.704741582641348, 6.185306551821016, 5.942540602301342, 4.581697575135225, 4.908791648664669, 3.582654067866447, 1.9425746755273012, 2.662767657907839, 4.560386015459655, 4.056182324551005, 3.9030776881840312, 2.8650861138890744, 3.462063443959397, 4.076722965814577, 4.746339554856985, 5.459870981992157, 4.7862140821321395], [6.981482614745953, 5.811980401721947, 4.651259589616559, 3.5392467122256392, 2.3555828323368297, 1.3867046873794, 0.0, 1.4569773024999395, 2.4165907266229425, 2.4594721669496487, 2.2887216235269854, 3.4824679036568305, 4.560118963360496, 5.793820972380835, 4.045876202999791, 7.872332993465152, 7.299421865463045, 6.916311243719443, 5.764460680757567, 6.235857195285987, 4.505065708732782, 1.0148019117049394, 2.115272051061045, 3.3792963705481642, 2.6892040532469825, 2.668398525333126, 2.760377120974596, 2.7142932523955476, 3.4092683511275554, 6.017988107332882, 6.598236189316051, 6.0650621472496065], [7.206143841195512, 6.261734115243157, 4.932530566555062, 4.114914564119163, 2.8209280068800053, 2.430287956189554, 1.4569773024999395, 0.0, 1.5294257811348675, 1.5288133044946988, 3.545639571360857, 4.605989639588869, 5.7772588430846685, 6.920131042111848, 4.915060678160546, 8.196114805198862, 7.389563300358148, 7.011005213234405, 6.365192160492879, 6.79666750253387, 4.5764662721361775, 2.107391491868561, 1.0970841125456152, 2.175477515397481, 2.1829332147365386, 2.173738556036581, 2.180318185494952, 2.18116064974591, 2.173400333578699, 6.975311254703978, 7.782133088684619, 7.201795611512452], [8.50391464326871, 7.604557292176844, 6.322990818433948, 5.528981968681034, 4.20939200122773, 3.701316091608497, 2.4165907266229425, 1.5294257811348675, 0.0, 2.5054719435667203, 4.693612694929142, 5.878804237257778, 6.959559205869292, 8.19547538706572, 6.304377533904518, 9.477836604415588, 8.745795548147694, 8.194015474722999, 7.595855513370433, 8.20521044093325, 5.861410067552005, 2.738602085006144, 2.130674702999029, 1.0949470032837203, 1.0960013047437487, 1.0956677826786732, 3.4699037637951866, 2.785798585684184, 2.739054123233055, 8.350797581069727, 8.995757222713383, 8.462847114889883], [7.632423375311409, 6.721963809036762, 5.314668112874029, 4.53419615257214, 3.44576132951776, 3.0871489938129, 2.4594721669496487, 1.5288133044946988, 2.5054719435667203, 0.0, 3.9541471608932315, 4.901336246372003, 5.966266697022519, 7.046255204007304, 5.219028019660366, 8.661913533394337, 7.609671333901353, 7.566229786359915, 7.040179082949524, 7.102651799152202, 5.108571622283474, 2.708406945050909, 2.158912455381181, 2.7570392706669953, 2.773066429063682, 3.466009756189385, 1.0951444607904475, 1.0958462209635071, 1.095063801794215, 6.909828410315266, 7.862452183002451, 7.510394793218264], [6.300182144192341, 4.87159202314808, 4.049165763462889, 2.6590437792559944, 2.3416748941729724, 1.3214064401235526, 2.2887216235269854, 3.545639571360857, 4.693612694929142, 3.9541471608932315, 0.0, 1.3249037889597872, 2.271785383789587, 3.534224617932482, 2.3633682616130733, 7.022850973073542, 6.646593447774582, 6.57310841915756, 4.817783898225407, 4.932546258272699, 4.403731575607215, 2.276586064703024, 3.950035582118217, 5.628924638863093, 4.8040248406934785, 4.8984798070421816, 3.637059848284051, 4.030788693295643, 5.0227426989643815, 3.865095943181747, 4.309699931549759, 3.9029363894380857], [5.552144758559524, 4.062001424175033, 3.5269773163432734, 2.2291668286604303, 2.6231497136076696, 2.2274009854536745, 3.4824679036568305, 4.605989639588869, 5.878804237257778, 4.901336246372003, 1.3249037889597872, 0.0, 1.3801736919677903, 2.339417183830195, 1.3270192877271978, 6.161828629554704, 5.894933598438578, 6.010818318665105, 4.059078796968593, 3.8981335354243574, 4.149168950524912, 3.590486721880475, 4.805617341195614, 6.756255260127461, 6.078224048190392, 6.061706838011881, 4.342500665515205, 5.0752978454471025, 5.920010379213873, 2.6445392377501222, 3.259731781910898, 2.6599791784899374], [6.4644027148685606, 4.966026430658621, 4.693840211383426, 3.5111057303932047, 4.002283058455512, 3.466179310133854, 4.560118963360496, 5.7772588430846685, 6.959559205869292, 5.966266697022519, 2.271785383789587, 1.3801736919677903, 0.0, 1.4212609964394294, 2.3414038545283042, 6.92029605436068, 6.802946553516351, 7.05058031795965, 4.910266434726328, 4.557016611775735, 5.418076832234847, 4.421999552238783, 6.0992863066099785, 7.886011602831941, 7.001609497822626, 7.146419834434582, 5.4143647688348455, 5.9489710320357085, 7.016427499090973, 2.086813968709238, 2.0411554791343063, 2.0861196058711493], [6.131983406696401, 4.72156704177755, 4.803843722478907, 3.926685517074165, 4.780428321813852, 4.566279390269501, 5.793820972380835, 6.920131042111848, 8.19547538706572, 7.046255204007304, 3.534224617932482, 2.339417183830195, 1.4212609964394294, 0.0, 2.6043252542645283, 6.411749865676297, 6.430051275845317, 6.889386180205026, 4.735230030315317, 4.042084153008198, 5.68400261611481, 5.763626689854227, 7.1040115167417905, 9.074813671916354, 8.318495769067866, 8.37660896723728, 6.353607651563007, 7.1171648414238655, 8.044354622342304, 1.0957348128082818, 1.0944023437474906, 1.0957530515586074], [4.25169819836733, 2.774114009913796, 2.355416905772734, 1.3232427290561624, 2.3417053209146537, 2.659789924035355, 4.045876202999791, 4.915060678160546, 6.304377533904518, 5.219028019660366, 2.3633682616130733, 1.3270192877271978, 2.3414038545283042, 2.6043252542645283, 0.0, 4.871161640717745, 4.581700856668842, 4.780308618698169, 2.930122678319118, 2.605737601908527, 3.1379046209214203, 4.430118870865656, 4.8245272390152385, 7.066025899329835, 6.703612092745224, 6.460803371098676, 4.516109732944938, 5.630603094695985, 6.116054537036112, 2.5949223283173617, 3.689429584637712, 2.5822143210818114], [1.0943084300141346, 2.160969678176906, 3.3785419295903374, 4.53489327437813, 5.56469390712553, 6.704741582641348, 7.872332993465152, 8.196114805198862, 9.477836604415588, 8.661913533394337, 7.022850973073542, 6.161828629554704, 6.92029605436068, 6.411749865676297, 4.871161640717745, 0.0, 1.7744747983558404, 1.7738223304491347, 2.4797805346441444, 2.467445164537603, 3.6745860447130645, 8.63792937688194, 7.474230687502226, 9.911395877473566, 10.274636484080592, 9.404362711529153, 7.934233990121542, 9.481487342184241, 9.14749023557828, 6.151610112807866, 7.330734105804138, 5.714861280031213], [1.0952255064597427, 2.169189042015472, 2.6887013259192623, 4.0182983040088, 4.954748781724458, 6.185306551821016, 7.299421865463045, 7.389563300358148, 8.745795548147694, 7.609671333901353, 6.646593447774582, 5.894933598438578, 6.802946553516351, 6.430051275845317, 4.581700856668842, 1.7744747983558404, 0.0, 1.7698948245587929, 3.0658098457014584, 2.495380990951081, 2.9628300339371476, 8.079827008667946, 6.648182110923256, 9.057772881343405, 9.554662795201095, 8.850680420171097, 6.800802757028026, 8.472264019139159, 7.975147572302346, 5.946633670405467, 7.421980094287508, 6.0023710031953215], [1.0952356550076332, 2.1697860194037566, 2.696248076494446, 3.9890015204308957, 4.678312531244573, 5.942540602301342, 6.916311243719443, 7.011005213234405, 8.194015474722999, 7.566229786359915, 6.57310841915756, 6.010818318665105, 7.05058031795965, 6.889386180205026, 4.780308618698169, 1.7738223304491347, 1.7698948245587929, 0.0, 2.499412222903617, 3.061149205772237, 2.4943906791038164, 7.796290606435858, 6.1563285268088155, 8.514958342822354, 9.086513121104266, 8.095016682502886, 6.958224001137072, 8.489840940795064, 7.929527217306212, 6.6644495586657415, 7.920192700307234, 6.316715286444372], [2.14596471080025, 1.096831222203307, 2.1059948789111527, 2.657855502091865, 3.6395801873293023, 4.581697575135225, 5.764460680757567, 6.365192160492879, 7.595855513370433, 7.040179082949524, 4.817783898225407, 4.059078796968593, 4.910266434726328, 4.735230030315317, 2.930122678319118, 2.4797805346441444, 3.0658098457014584, 2.499412222903617, 0.0, 1.7786664274112785, 2.5124260188113, 6.470335566259296, 5.807318867601468, 8.214105868565365, 8.290966195806131, 7.4449797011140335, 6.445040520431194, 7.746306506974792, 7.716333795916296, 4.787130177883196, 5.725276919940205, 4.028381663894324], [2.1391234793718668, 1.0966167379718403, 2.1074622582622924, 2.716409345073014, 4.004645722158204, 4.908791648664669, 6.235857195285987, 6.79666750253387, 8.20521044093325, 7.102651799152202, 4.932546258272699, 3.8981335354243574, 4.557016611775735, 4.042084153008198, 2.605737601908527, 2.467445164537603, 2.495380990951081, 3.061149205772237, 1.7786664274112785, 0.0, 2.989268164618223, 6.82601789918544, 6.342598991738324, 8.792380594583015, 8.818881101364276, 8.277511008147316, 6.289544540743789, 7.742921907135575, 7.778563125025084, 3.725834878252121, 5.016272393919612, 3.517285557073807], [2.652040448409488, 2.096448527868023, 1.0154863514592405, 1.9309107617909225, 2.2653144240921614, 3.582654067866447, 4.505065708732782, 4.5764662721361775, 5.861410067552005, 5.108571622283474, 4.403731575607215, 4.149168950524912, 5.418076832234847, 5.68400261611481, 3.1379046209214203, 3.6745860447130645, 2.9628300339371476, 2.4943906791038164, 2.5124260188113, 2.989268164618223, 0.0, 5.387797921229043, 3.8108006153563063, 6.254500181469339, 6.694690639603893, 5.900405193713394, 4.535301600775852, 6.007795627349519, 5.567793140015171, 5.497692383173144, 6.777477614127545, 5.4135320013832], [7.7788379067827345, 6.52503331715632, 5.4147495020545495, 4.18738208550402, 3.154211692325041, 1.9425746755273012, 1.0148019117049394, 2.107391491868561, 2.738602085006144, 2.708406945050909, 2.276586064703024, 3.590486721880475, 4.421999552238783, 5.763626689854227, 4.430118870865656, 8.63792937688194, 8.079827008667946, 7.796290606435858, 6.470335566259296, 6.82601789918544, 5.387797921229043, 0.0, 3.0013546291633046, 3.7462880508578085, 2.5882132060554826, 3.0857661171903485, 3.0713253963069427, 2.5379867493743937, 3.7155933483092576, 6.044535289002787, 6.43883065548396, 6.167320362199453], [6.462265176391325, 5.679768405489787, 4.341897562126494, 3.793033118758654, 2.5188125873117277, 2.662767657907839, 2.115272051061045, 1.0970841125456152, 2.130674702999029, 2.158912455381181, 3.950035582118217, 4.805617341195614, 6.0992863066099785, 7.1040115167417905, 4.8245272390152385, 7.474230687502226, 6.648182110923256, 6.1563285268088155, 5.807318867601468, 6.342598991738324, 3.8108006153563063, 3.0013546291633046, 0.0, 2.4682644287028888, 3.0601200319595305, 2.474688748105507, 2.5118761991786136, 3.079662742898969, 2.5037945402927932, 7.106711420199923, 8.053016037485582, 7.255779569419126], [8.897844391761412, 8.14291707620801, 6.808527254113036, 6.17761579332998, 4.868159541346195, 4.560386015459655, 3.3792963705481642, 2.175477515397481, 1.0949470032837203, 2.7570392706669953, 5.628924638863093, 6.756255260127461, 7.886011602831941, 9.074813671916354, 7.066025899329835, 9.911395877473566, 9.057772881343405, 8.514958342822354, 8.214105868565365, 8.792380594583015, 6.254500181469339, 3.7462880508578085, 2.4682644287028888, 0.0, 1.7741744446361525, 1.7720262215892855, 3.7570437327771415, 3.145530565739268, 2.535746937294808, 9.144003903105027, 9.907968050513688, 9.34608787728855], [9.317302050486504, 8.312496108269766, 7.046019560716532, 6.105144877068848, 4.827115747524602, 4.056182324551005, 2.6892040532469825, 2.1829332147365386, 1.0960013047437487, 2.773066429063682, 4.8040248406934785, 6.078224048190392, 7.001609497822626, 8.318495769067866, 6.703612092745224, 10.274636484080592, 9.554662795201095, 9.086513121104266, 8.290966195806131, 8.818881101364276, 6.694690639603893, 2.5882132060554826, 3.0601200319595305, 1.7741744446361525, 0.0, 1.767760054419151, 3.7923373966460314, 2.6041453377259876, 3.098880702769953, 8.518665938983638, 9.01950403791694, 8.685278860808097], [8.485083771536967, 7.600019330238575, 6.430505563328595, 5.669558931698303, 4.364536375149141, 3.9030776881840312, 2.668398525333126, 2.173738556036581, 1.0956677826786732, 3.466009756189385, 4.8984798070421816, 6.061706838011881, 7.146419834434582, 8.37660896723728, 6.460803371098676, 9.404362711529153, 8.850680420171097, 8.095016682502886, 7.4449797011140335, 8.277511008147316, 5.900405193713394, 3.0857661171903485, 2.474688748105507, 1.7720262215892855, 1.767760054419151, 0.0, 4.321441875115295, 3.790704753736435, 3.750110998357249, 8.640146730814239, 9.181996235024277, 8.522846118521676], [6.910126546598116, 6.004041330637223, 4.600858485109057, 3.8739224617950216, 3.010535309542142, 2.8650861138890744, 2.760377120974596, 2.180318185494952, 3.4699037637951866, 1.0951444607904475, 3.637059848284051, 4.342500665515205, 5.4143647688348455, 6.353607651563007, 4.516109732944938, 7.934233990121542, 6.800802757028026, 6.958224001137072, 6.445040520431194, 6.289544540743789, 4.535301600775852, 3.0713253963069427, 2.5118761991786136, 3.7570437327771415, 3.7923373966460314, 4.321441875115295, 0.0, 1.7671517563582364, 1.7679532177068484, 6.089944328973788, 7.200649869282634, 6.841340646393805], [8.483081870405355, 7.463804692648381, 6.1052594514893475, 5.16592033329977, 4.134724239897988, 3.462063443959397, 2.7142932523955476, 2.18116064974591, 2.785798585684184, 1.0958462209635071, 4.030788693295643, 5.0752978454471025, 5.9489710320357085, 7.1171648414238655, 5.630603094695985, 9.481487342184241, 8.472264019139159, 8.489840940795064, 7.746306506974792, 7.742921907135575, 6.007795627349519, 2.5379867493743937, 3.079662742898969, 3.145530565739268, 2.6041453377259876, 3.790704753736435, 1.7671517563582364, 0.0, 1.7734371514096572, 7.028794735941575, 7.817720399835236, 7.697479614133447], [8.081474946443873, 7.335111057100635, 5.891483302191394, 5.309240489938273, 4.230244859343251, 4.076722965814577, 3.4092683511275554, 2.173400333578699, 2.739054123233055, 1.095063801794215, 5.0227426989643815, 5.920010379213873, 7.016427499090973, 8.044354622342304, 6.116054537036112, 9.14749023557828, 7.975147572302346, 7.929527217306212, 7.716333795916296, 7.778563125025084, 5.567793140015171, 3.7155933483092576, 2.5037945402927932, 2.535746937294808, 3.098880702769953, 3.750110998357249, 1.7679532177068484, 1.7734371514096572, 0.0, 7.839203972980929, 8.882022537688137, 8.490934710619321], [5.827725925264502, 4.523203401351746, 4.549412336774938, 3.8348110005579152, 4.790665909870985, 4.746339554856985, 6.017988107332882, 6.975311254703978, 8.350797581069727, 6.909828410315266, 3.865095943181747, 2.6445392377501222, 2.086813968709238, 1.0957348128082818, 2.5949223283173617, 6.151610112807866, 5.946633670405467, 6.6644495586657415, 4.787130177883196, 3.725834878252121, 5.497692383173144, 6.044535289002787, 7.106711420199923, 9.144003903105027, 8.518665938983638, 8.640146730814239, 6.089944328973788, 7.028794735941575, 7.839203972980929, 0.0, 1.7674030468458521, 1.8064353766465049], [7.131197909888632, 5.753053253707982, 5.895138595486963, 5.009335682503219, 5.804025459110254, 5.459870981992157, 6.598236189316051, 7.782133088684619, 8.995757222713383, 7.862452183002451, 4.309699931549759, 3.259731781910898, 2.0411554791343063, 1.0944023437474906, 3.689429584637712, 7.330734105804138, 7.421980094287508, 7.920192700307234, 5.725276919940205, 5.016272393919612, 6.777477614127545, 6.43883065548396, 8.053016037485582, 9.907968050513688, 9.01950403791694, 9.181996235024277, 7.200649869282634, 7.817720399835236, 8.882022537688137, 1.7674030468458521, 0.0, 1.767295804329315], [5.56436293658133, 4.182412550191576, 4.5468141022038715, 3.841918296892843, 4.819328510280244, 4.7862140821321395, 6.0650621472496065, 7.201795611512452, 8.462847114889883, 7.510394793218264, 3.9029363894380857, 2.6599791784899374, 2.0861196058711493, 1.0957530515586074, 2.5822143210818114, 5.714861280031213, 6.0023710031953215, 6.316715286444372, 4.028381663894324, 3.517285557073807, 5.4135320013832, 6.167320362199453, 7.255779569419126, 9.34608787728855, 8.685278860808097, 8.522846118521676, 6.841340646393805, 7.697479614133447, 8.490934710619321, 1.8064353766465049, 1.767295804329315, 0.0]]}