{"total energy": -49.85643269, "HOMO-LUMO gap/eV": 3.59142722, "electronic energy": -50.46547738, "dipole": [0.30966467, -0.46493881, 0.95867684], "partial charges": [-0.11217432, 0.01784303, -0.2025424, 0.25846463, -0.37248303, 0.26267653, -0.1961216, 0.09694391, -0.11844512, -0.11694284, -0.11247136, -0.32936664, 0.32823619, -0.25936038, 0.03511897, -0.35576271, 0.04034093, 0.05130811, 0.04543009, 0.06491748, 0.02708261, 0.18193417, 0.18242763, 0.0473555, 0.04241238, 0.06723637, 0.0352454, 0.04713315, 0.04705928, 0.04687667, 0.04361628, 0.03105105, 0.05569863, 0.05659971, 0.06266168], "atomic dipole moments": [[-0.08673461, 0.08890631, -0.03003757], [-0.10437336, -0.12764644, -0.04338614], [-0.01813519, 0.11586561, 0.13143594], [0.02991446, -0.00117451, 0.00564381], [0.038614, 0.26424013, -0.11363436], [-0.00836752, 0.00501499, -0.00523658], [0.00875453, 0.09880536, 0.10318313], [0.09951311, -0.04598844, -0.00735942], [0.0247186, -0.08067449, 0.1033683], [0.08788579, 0.0803339, -0.01536648], [-0.01123049, -0.06629311, -0.08847178], [0.22690434, -0.16301858, 0.06669225], [0.03850018, 0.12721005, -0.05016816], [0.19390283, -0.12323831, 0.03113704], [-0.24501777, -0.09586879, 0.05106221], [-0.26348019, -0.11112639, 0.01901947], [-0.04653041, -0.08303987, 0.0827227], [0.04151299, -0.06846306, -0.10054975], [0.10093244, 0.05489701, 0.05406815], [0.06359323, 0.08310787, -0.07805432], [-0.03586873, 0.0596509, 0.09955397], [-0.07450962, -0.07841847, 0.07193057], [0.03612192, -0.09509305, 0.07903615], [-0.00496319, -0.06481947, -0.11233961], [-0.1133076, 0.05306787, 0.01250798], [0.07659671, 0.10500495, -0.02434881], [0.02250163, -0.07815442, 0.09623738], [-0.11412314, 0.0549589, 0.02639996], [-0.02031259, -0.07813275, -0.10001494], [0.08682368, 0.09766575, -0.00865657], [-0.10669201, 0.0584312, 0.03589696], [0.03776372, -0.06663269, 0.10127707], [0.05147791, -0.07389653, -0.09216638], [0.06407887, 0.0051654, 0.11030262], [0.00335347, 0.11403235, -0.04479963]], "atomic quadrupole moments": [[0.0605168, -0.17536396, 0.05189094, 0.08215803, -0.07523891, -0.11240774], [0.20844976, -0.00052353, -0.01839262, 0.24656012, 0.01998724, -0.19005714], [0.07556472, -0.0109283, -0.02598507, 0.09707321, 0.03000251, -0.04957965], [-0.20330988, -0.11630122, -0.16929131, 0.03280915, 0.20257069, 0.37260119], [-0.02622294, -0.02138022, -0.09536813, -0.00116611, 0.09944961, 0.12159107], [-0.16301685, 0.05572311, -0.19006776, -0.06756905, 0.22769306, 0.35308462], [0.08827838, -0.01057831, -0.03321389, -0.03356246, 0.03748768, -0.05506449], [0.08434795, -0.05705198, -0.01149553, -0.02349046, 0.00669238, -0.07285242], [-0.08053123, -0.05513051, -0.01980724, 0.0631039, -0.15180363, 0.10033847], [0.06789811, 0.16279247, 0.04061738, -0.03597875, -0.04678009, -0.10851549], [-0.09591821, 0.01474402, -0.01611872, 0.03299187, 0.14342037, 0.11203693], [-0.10431421, 0.03013845, -0.05400623, -0.0213217, 0.0828794, 0.15832044], [-0.42828873, 0.07497001, 0.09035306, -0.08263102, 0.10399513, 0.33793566], [0.08513541, 0.04711935, -0.00497309, -0.02508313, -0.03292193, -0.08016232], [0.41909059, 0.22105403, -0.15343445, -0.13065003, -0.07026821, -0.26565614], [-0.11596015, -0.021127, -0.03439325, -0.01579567, 0.07075286, 0.1503534], [-0.00892488, 0.02536262, 0.00420601, -0.04413307, -0.0504278, 0.00471887], [-0.03875678, -0.02226647, -0.01227325, -0.02322729, 0.04086297, 0.05103003], [0.03311265, 0.04286848, -0.0043486, 0.04614558, 0.02430774, -0.02876406], [-0.00856207, 0.00955791, -0.00691503, -0.01195832, -0.03632918, 0.0154771], [0.01164096, -0.01213289, -0.02718669, -0.01062103, 0.02991999, 0.01554574], [-0.01699758, 0.00751519, 0.04168519, 0.02323255, -0.05484129, -0.02468761], [0.01193866, 0.01680226, 0.03650097, -0.02613728, -0.05119908, -0.04843963], [-0.05043985, -0.00379875, 0.01588316, 0.00030922, 0.0566165, 0.03455669], [0.06395842, -0.04065926, -0.03125679, -0.03575122, -0.0008704, -0.03270163], [0.02131968, 0.06176483, 0.0119565, 0.00263665, -0.00567781, -0.03327618], [-0.02568514, -0.01300094, -0.00789401, 0.03647384, -0.05500202, 0.03357915], [0.03872883, -0.05184992, 0.00711562, -0.02076168, 0.01097319, -0.04584445], [-0.0420468, 0.01084161, -0.00946816, 0.00080355, 0.05184408, 0.05151496], [0.01611443, 0.05934573, 0.00780215, -0.02330306, -0.01884448, -0.02391659], [0.06645178, -0.04361524, -0.02653166, -0.01358621, 0.01698159, -0.03992012], [-0.04066316, -0.02398259, 0.02090665, 0.02926688, -0.05398186, 0.01975651], [-0.00179246, -0.00709121, 0.01088089, -0.0276077, 0.04949985, -0.00908844], [0.00507093, 0.00799795, -0.04723317, 0.0324684, -0.0150773, 0.04216224], [-0.02600668, -0.00891178, 0.06588781, 0.00185737, -0.04780306, -0.03988113]], "number of molecular orbitals": 83, "number of electrons": 90, "number of unpaired electrons": 0, "orbital energies/eV": [-19.39097268, -18.56522534, -18.01737501, -17.91189137, -17.63926908, -17.50512008, -17.32516617, -16.9879285, -16.82130139, -16.37234935, -16.16726092, -16.13688246, -16.02940219, -15.74710702, -15.56073683, -15.3392902, -15.27061976, -14.85181814, -14.61253295, -14.45268964, -14.35945954, -14.13008138, -13.89691308, -13.85732151, -13.68230833, -13.5708066, -13.22514084, -13.11494578, -12.91974685, -12.75113884, -12.67452732, -12.58769428, -12.52980772, -12.44332226, -12.31405513, -12.25367404, -12.19791018, -12.07023801, -11.94967628, -11.66283775, -11.31799605, -10.55287162, -10.46107101, -10.12203376, -9.95600525, -6.36457804, -6.17382248, -2.96868159, 0.07505695, 0.84911139, 1.01196244, 1.77193158, 2.24515697, 2.56616074, 2.68074783, 2.7980741, 3.49480809, 3.81498056, 3.9358578, 4.04119496, 4.30150131, 4.48121525, 4.74406092, 5.13753415, 5.25194411, 5.42760801, 5.62414051, 5.69163671, 5.79895545, 5.80597313, 6.15191529, 6.35018685, 6.55800448, 6.95851792, 6.98786503, 7.14205912, 7.27297962, 7.51995694, 8.14772142, 11.70122418, 12.6627479, 13.13396715, 17.77000336], "fractional occupation": [2.0, 2.0, 2.0, 2.0, 2.0, 2.0, 2.0, 2.0, 2.0, 2.0, 2.0, 2.0, 2.0, 2.0, 2.0, 2.0, 2.0, 2.0, 2.0, 2.0, 2.0, 2.0, 2.0, 2.0, 2.0, 2.0, 2.0, 2.0, 2.0, 2.0, 2.0, 2.0, 2.0, 2.0, 2.0, 2.0, 2.0, 2.0, 2.0, 2.0, 2.0, 2.0, 2.0, 2.0, 2.0, 0.0, 0.0, 0.0, 0.0, 0.0, 0.0, 0.0, 0.0, 0.0, 0.0, 0.0, 0.0, 0.0, 0.0, 0.0, 0.0, 0.0, 0.0, 0.0, 0.0, 0.0, 0.0, 0.0, 0.0, 0.0, 0.0, 0.0, 0.0, 0.0, 0.0, 0.0, 0.0, 0.0, 0.0, 0.0, 0.0, 0.0, 0.0], "program call": "xtb /home/svss/Project-DBcg-Debug/aqme2_20220329/End-to-End-workflows-final/example-3/QDESCP/mol_1011_rdkit_conf_14/mol_1011_rdkit_conf_14.xyz --pop --wbo --acc 0.2 --gfn 2 --chrg 0 --uhf 0 --etemp 300 --input /home/svss/Project-DBcg-Debug/aqme2_20220329/End-to-End-workflows-final/example-3/QDESCP/mol_1011_rdkit_conf_14/mol_1011_rdkit_conf_14_xtb.inp", "method": "GFN2-xTB", "xtb version": "6.3.3 (7355c4f)", "Dipole module/D": 2.82, "Total charge": 0, "Transition dipole module/D": NaN, "HOMO": -9.956, "LUMO": -6.3646, "HOMO occupancy": 2.0, "LUMO occupancy": 0, "mulliken charges": [-0.09528, 0.10435, -0.36064, 0.44078, -0.45706, 0.44234, -0.35983, 0.16833, -0.09935, -0.10522, -0.10741, -0.41271, 0.53163, -0.40952, 0.17475, -0.44411, 0.02964, 0.0369, 0.03187, 0.03247, 0.02193, 0.21585, 0.21807, 0.03631, 0.02615, 0.04571, 0.02893, 0.03285, 0.03631, 0.04494, 0.03137, 0.02951, 0.02996, 0.02746, 0.03272], "cm5 charges": [-0.23976, 0.05576, -0.70148, 0.65757, -0.63291, 0.66133, -0.69577, 0.19285, -0.23862, -0.24586, -0.24726, -0.58946, 0.71206, -0.4812, 0.0585, -0.62471, 0.08301, 0.09032, 0.08306, 0.09983, 0.08754, 0.41734, 0.42116, 0.09102, 0.07857, 0.10433, 0.08307, 0.08517, 0.09054, 0.10205, 0.08377, 0.08399, 0.09219, 0.08995, 0.09203], "FUKUI+": [0.013, 0.015, -0.057, -0.054, -0.1, -0.046, -0.054, 0.004, 0.012, 0.014, 0.012, -0.103, -0.065, -0.075, 0.028, -0.095, -0.018, -0.019, -0.03, -0.022, -0.025, -0.044, -0.04, -0.013, -0.031, 0.002, -0.015, -0.028, -0.017, 0.004, -0.034, -0.012, -0.028, -0.029, -0.05], "FUKUI-": [0.014, 0.015, -0.07, 0.001, -0.073, 0.001, -0.06, -0.004, 0.009, 0.011, 0.005, -0.111, -0.002, -0.053, 0.02, -0.094, -0.029, -0.031, -0.034, -0.04, -0.053, -0.039, -0.037, -0.031, -0.043, -0.024, -0.025, -0.032, -0.029, -0.016, -0.039, -0.025, -0.022, -0.021, -0.038], "FUKUIrad": [0.014, 0.015, -0.064, -0.026, -0.087, -0.022, -0.057, 0.0, 0.011, 0.013, 0.009, -0.107, -0.034, -0.064, 0.024, -0.095, -0.024, -0.025, -0.032, -0.031, -0.039, -0.041, -0.039, -0.022, -0.037, -0.011, -0.02, -0.03, -0.023, -0.006, -0.037, -0.019, -0.025, -0.025, -0.044], "s proportion": [1.012, 1.001, 1.456, 0.978, 1.533, 0.975, 1.449, 1.061, 1.017, 1.022, 1.02, 1.523, 0.958, 1.691, 0.97, 1.531, 0.97, 0.963, 0.968, 0.968, 0.978, 0.784, 0.782, 0.964, 0.974, 0.954, 0.971, 0.967, 0.964, 0.955, 0.969, 0.97, 0.97, 0.973, 0.967], "p proportion": [3.084, 2.895, 3.905, 2.581, 3.924, 2.583, 3.911, 2.77, 3.082, 3.083, 3.087, 3.889, 2.51, 4.718, 2.855, 3.913, 0.0, 0.0, 0.0, 0.0, 0.0, 0.0, 0.0, 0.0, 0.0, 0.0, 0.0, 0.0, 0.0, 0.0, 0.0, 0.0, 0.0, 0.0, 0.0], "d proportion": [0.0, 0.0, 0.0, 0.0, 0.0, 0.0, 0.0, 0.0, 0.0, 0.0, 0.0, 0.0, 0.0, 0.0, 0.0, 0.0, 0.0, 0.0, 0.0, 0.0, 0.0, 0.0, 0.0, 0.0, 0.0, 0.0, 0.0, 0.0, 0.0, 0.0, 0.0, 0.0, 0.0, 0.0, 0.0], "Fermi-level/eV": -8.1603, "Coordination numbers": [3.751, 3.748, 2.697, 2.945, 1.859, 2.93, 2.704, 3.832, 3.754, 3.759, 3.754, 1.838, 2.93, 1.703, 3.657, 1.836, 0.924, 0.924, 0.924, 0.924, 0.924, 0.86, 0.86, 0.924, 0.924, 0.924, 0.924, 0.924, 0.924, 0.924, 0.924, 0.924, 0.924, 0.924, 0.924], "Dispersion coefficient C6": [22.708, 20.338, 25.402, 22.663, 30.573, 22.588, 25.256, 18.961, 22.826, 22.789, 22.709, 29.394, 21.439, 18.298, 20.271, 30.107, 2.444, 2.304, 2.378, 2.142, 2.628, 1.203, 1.2, 2.353, 2.417, 2.116, 2.513, 2.356, 2.357, 2.359, 2.401, 2.572, 2.25, 2.239, 2.168], "Total dispersion C6": 11119.727864, "Total dispersion C8": 241802.912797, "Polarizability alpha": [6.796, 6.432, 7.485, 7.808, 8.195, 7.794, 7.464, 6.195, 6.812, 6.806, 6.795, 8.035, 7.593, 5.775, 6.463, 8.131, 2.445, 2.374, 2.412, 2.289, 2.535, 1.718, 1.716, 2.399, 2.431, 2.275, 2.479, 2.4, 2.401, 2.402, 2.423, 2.508, 2.346, 2.34, 2.303], "Total polarizability alpha": 158.778275, "Wiberg matrix": [[0.0, 1.0191510994992865, 0.0, 0.0, 0.0, 0.0, 0.0, 0.0, 0.0, 0.0, 0.0, 0.0, 0.0, 0.0, 0.0, 0.0, 0.9863301712442919, 0.9863337531531622, 0.9852086605583197, 0.0, 0.0, 0.0, 0.0, 0.0, 0.0, 0.0, 0.0, 0.0, 0.0, 0.0, 0.0, 0.0, 0.0, 0.0, 0.0], [1.0191510994992865, 0.0, 0.988332566264053, 0.0, 0.0, 0.0, 0.0, 0.0, 0.0, 0.0, 0.0, 0.0, 0.0, 0.0, 0.0, 0.0, 0.0, 0.0, 0.0, 0.9702130073468712, 0.9701945928027361, 0.0, 0.0, 0.0, 0.0, 0.0, 0.0, 0.0, 0.0, 0.0, 0.0, 0.0, 0.0, 0.0, 0.0], [0.0, 0.988332566264053, 0.0, 1.173044848331896, 0.0, 0.0, 0.0, 0.0, 0.0, 0.0, 0.0, 0.0, 0.0, 0.0, 0.0, 0.0, 0.0, 0.0, 0.0, 0.0, 0.0, 0.9335227994877595, 0.0, 0.0, 0.0, 0.0, 0.0, 0.0, 0.0, 0.0, 0.0, 0.0, 0.0, 0.0, 0.0], [0.0, 0.0, 1.173044848331896, 0.0, 1.3462638564637734, 0.0, 0.0, 0.0, 0.0, 0.0, 0.0, 0.0, 0.0, 0.0, 0.0, 1.3174690851896926, 0.0, 0.0, 0.0, 0.0, 0.0, 0.0, 0.0, 0.0, 0.0, 0.0, 0.0, 0.0, 0.0, 0.0, 0.0, 0.0, 0.0, 0.0, 0.0], [0.0, 0.0, 0.0, 1.3462638564637734, 0.0, 1.3149545463323193, 0.0, 0.0, 0.0, 0.0, 0.0, 0.0, 0.0, 0.0, 0.0, 0.0, 0.0, 0.0, 0.0, 0.0, 0.0, 0.0, 0.0, 0.0, 0.0, 0.0, 0.0, 0.0, 0.0, 0.0, 0.0, 0.0, 0.0, 0.0, 0.0], [0.0, 0.0, 0.0, 0.0, 1.3149545463323193, 0.0, 1.2039484545609664, 0.0, 0.0, 0.0, 0.0, 1.3198173963238748, 0.0, 0.0, 0.0, 0.0, 0.0, 0.0, 0.0, 0.0, 0.0, 0.0, 0.0, 0.0, 0.0, 0.0, 0.0, 0.0, 0.0, 0.0, 0.0, 0.0, 0.0, 0.0, 0.0], [0.0, 0.0, 0.0, 0.0, 0.0, 1.2039484545609664, 0.0, 0.9628725724318474, 0.0, 0.0, 0.0, 0.0, 0.0, 0.0, 0.0, 0.0, 0.0, 0.0, 0.0, 0.0, 0.0, 0.0, 0.9322373903591061, 0.0, 0.0, 0.0, 0.0, 0.0, 0.0, 0.0, 0.0, 0.0, 0.0, 0.0, 0.0], [0.0, 0.0, 0.0, 0.0, 0.0, 0.0, 0.9628725724318474, 0.0, 0.9946317475983338, 0.9933364093760659, 0.9891999444974249, 0.0, 0.0, 0.0, 0.0, 0.0, 0.0, 0.0, 0.0, 0.0, 0.0, 0.0, 0.0, 0.0, 0.0, 0.0, 0.0, 0.0, 0.0, 0.0, 0.0, 0.0, 0.0, 0.0, 0.0], [0.0, 0.0, 0.0, 0.0, 0.0, 0.0, 0.0, 0.9946317475983338, 0.0, 0.0, 0.0, 0.0, 0.0, 0.0, 0.0, 0.0, 0.0, 0.0, 0.0, 0.0, 0.0, 0.0, 0.0, 0.9849493155365875, 0.984261315650936, 0.9801321827242446, 0.0, 0.0, 0.0, 0.0, 0.0, 0.0, 0.0, 0.0, 0.0], [0.0, 0.0, 0.0, 0.0, 0.0, 0.0, 0.0, 0.9933364093760659, 0.0, 0.0, 0.0, 0.0, 0.0, 0.0, 0.0, 0.0, 0.0, 0.0, 0.0, 0.0, 0.0, 0.0, 0.0, 0.0, 0.0, 0.0, 0.984977878632641, 0.9847777810047256, 0.985622750839132, 0.0, 0.0, 0.0, 0.0, 0.0, 0.0], [0.0, 0.0, 0.0, 0.0, 0.0, 0.0, 0.0, 0.9891999444974249, 0.0, 0.0, 0.0, 0.0, 0.0, 0.0, 0.0, 0.0, 0.0, 0.0, 0.0, 0.0, 0.0, 0.0, 0.0, 0.0, 0.0, 0.0, 0.0, 0.0, 0.0, 0.9835119019612922, 0.9840785230658874, 0.985988986422744, 0.0, 0.0, 0.0], [0.0, 0.0, 0.0, 0.0, 0.0, 1.3198173963238748, 0.0, 0.0, 0.0, 0.0, 0.0, 0.0, 1.3602056383087202, 0.0, 0.0, 0.0, 0.0, 0.0, 0.0, 0.0, 0.0, 0.0, 0.0, 0.0, 0.0, 0.0, 0.0, 0.0, 0.0, 0.0, 0.0, 0.0, 0.0, 0.0, 0.0], [0.0, 0.0, 0.0, 0.0, 0.0, 0.0, 0.0, 0.0, 0.0, 0.0, 0.0, 1.3602056383087202, 0.0, 1.0873981487110094, 0.0, 1.3500851560903286, 0.0, 0.0, 0.0, 0.0, 0.0, 0.0, 0.0, 0.0, 0.0, 0.0, 0.0, 0.0, 0.0, 0.0, 0.0, 0.0, 0.0, 0.0, 0.0], [0.0, 0.0, 0.0, 0.0, 0.0, 0.0, 0.0, 0.0, 0.0, 0.0, 0.0, 0.0, 1.0873981487110094, 0.0, 0.9727324727850177, 0.0, 0.0, 0.0, 0.0, 0.0, 0.0, 0.0, 0.0, 0.0, 0.0, 0.0, 0.0, 0.0, 0.0, 0.0, 0.0, 0.0, 0.0, 0.0, 0.0], [0.0, 0.0, 0.0, 0.0, 0.0, 0.0, 0.0, 0.0, 0.0, 0.0, 0.0, 0.0, 0.0, 0.9727324727850177, 0.0, 0.0, 0.0, 0.0, 0.0, 0.0, 0.0, 0.0, 0.0, 0.0, 0.0, 0.0, 0.0, 0.0, 0.0, 0.0, 0.0, 0.0, 0.9781804540410196, 0.9776147917129685, 0.9804388425688301], [0.0, 0.0, 0.0, 1.3174690851896926, 0.0, 0.0, 0.0, 0.0, 0.0, 0.0, 0.0, 0.0, 1.3500851560903286, 0.0, 0.0, 0.0, 0.0, 0.0, 0.0, 0.0, 0.0, 0.0, 0.0, 0.0, 0.0, 0.0, 0.0, 0.0, 0.0, 0.0, 0.0, 0.0, 0.0, 0.0, 0.0], [0.9863301712442919, 0.0, 0.0, 0.0, 0.0, 0.0, 0.0, 0.0, 0.0, 0.0, 0.0, 0.0, 0.0, 0.0, 0.0, 0.0, 0.0, 0.0, 0.0, 0.0, 0.0, 0.0, 0.0, 0.0, 0.0, 0.0, 0.0, 0.0, 0.0, 0.0, 0.0, 0.0, 0.0, 0.0, 0.0], [0.9863337531531622, 0.0, 0.0, 0.0, 0.0, 0.0, 0.0, 0.0, 0.0, 0.0, 0.0, 0.0, 0.0, 0.0, 0.0, 0.0, 0.0, 0.0, 0.0, 0.0, 0.0, 0.0, 0.0, 0.0, 0.0, 0.0, 0.0, 0.0, 0.0, 0.0, 0.0, 0.0, 0.0, 0.0, 0.0], [0.9852086605583197, 0.0, 0.0, 0.0, 0.0, 0.0, 0.0, 0.0, 0.0, 0.0, 0.0, 0.0, 0.0, 0.0, 0.0, 0.0, 0.0, 0.0, 0.0, 0.0, 0.0, 0.0, 0.0, 0.0, 0.0, 0.0, 0.0, 0.0, 0.0, 0.0, 0.0, 0.0, 0.0, 0.0, 0.0], [0.0, 0.9702130073468712, 0.0, 0.0, 0.0, 0.0, 0.0, 0.0, 0.0, 0.0, 0.0, 0.0, 0.0, 0.0, 0.0, 0.0, 0.0, 0.0, 0.0, 0.0, 0.0, 0.0, 0.0, 0.0, 0.0, 0.0, 0.0, 0.0, 0.0, 0.0, 0.0, 0.0, 0.0, 0.0, 0.0], [0.0, 0.9701945928027361, 0.0, 0.0, 0.0, 0.0, 0.0, 0.0, 0.0, 0.0, 0.0, 0.0, 0.0, 0.0, 0.0, 0.0, 0.0, 0.0, 0.0, 0.0, 0.0, 0.0, 0.0, 0.0, 0.0, 0.0, 0.0, 0.0, 0.0, 0.0, 0.0, 0.0, 0.0, 0.0, 0.0], [0.0, 0.0, 0.9335227994877595, 0.0, 0.0, 0.0, 0.0, 0.0, 0.0, 0.0, 0.0, 0.0, 0.0, 0.0, 0.0, 0.0, 0.0, 0.0, 0.0, 0.0, 0.0, 0.0, 0.0, 0.0, 0.0, 0.0, 0.0, 0.0, 0.0, 0.0, 0.0, 0.0, 0.0, 0.0, 0.0], [0.0, 0.0, 0.0, 0.0, 0.0, 0.0, 0.9322373903591061, 0.0, 0.0, 0.0, 0.0, 0.0, 0.0, 0.0, 0.0, 0.0, 0.0, 0.0, 0.0, 0.0, 0.0, 0.0, 0.0, 0.0, 0.0, 0.0, 0.0, 0.0, 0.0, 0.0, 0.0, 0.0, 0.0, 0.0, 0.0], [0.0, 0.0, 0.0, 0.0, 0.0, 0.0, 0.0, 0.0, 0.9849493155365875, 0.0, 0.0, 0.0, 0.0, 0.0, 0.0, 0.0, 0.0, 0.0, 0.0, 0.0, 0.0, 0.0, 0.0, 0.0, 0.0, 0.0, 0.0, 0.0, 0.0, 0.0, 0.0, 0.0, 0.0, 0.0, 0.0], [0.0, 0.0, 0.0, 0.0, 0.0, 0.0, 0.0, 0.0, 0.984261315650936, 0.0, 0.0, 0.0, 0.0, 0.0, 0.0, 0.0, 0.0, 0.0, 0.0, 0.0, 0.0, 0.0, 0.0, 0.0, 0.0, 0.0, 0.0, 0.0, 0.0, 0.0, 0.0, 0.0, 0.0, 0.0, 0.0], [0.0, 0.0, 0.0, 0.0, 0.0, 0.0, 0.0, 0.0, 0.9801321827242446, 0.0, 0.0, 0.0, 0.0, 0.0, 0.0, 0.0, 0.0, 0.0, 0.0, 0.0, 0.0, 0.0, 0.0, 0.0, 0.0, 0.0, 0.0, 0.0, 0.0, 0.0, 0.0, 0.0, 0.0, 0.0, 0.0], [0.0, 0.0, 0.0, 0.0, 0.0, 0.0, 0.0, 0.0, 0.0, 0.984977878632641, 0.0, 0.0, 0.0, 0.0, 0.0, 0.0, 0.0, 0.0, 0.0, 0.0, 0.0, 0.0, 0.0, 0.0, 0.0, 0.0, 0.0, 0.0, 0.0, 0.0, 0.0, 0.0, 0.0, 0.0, 0.0], [0.0, 0.0, 0.0, 0.0, 0.0, 0.0, 0.0, 0.0, 0.0, 0.9847777810047256, 0.0, 0.0, 0.0, 0.0, 0.0, 0.0, 0.0, 0.0, 0.0, 0.0, 0.0, 0.0, 0.0, 0.0, 0.0, 0.0, 0.0, 0.0, 0.0, 0.0, 0.0, 0.0, 0.0, 0.0, 0.0], [0.0, 0.0, 0.0, 0.0, 0.0, 0.0, 0.0, 0.0, 0.0, 0.985622750839132, 0.0, 0.0, 0.0, 0.0, 0.0, 0.0, 0.0, 0.0, 0.0, 0.0, 0.0, 0.0, 0.0, 0.0, 0.0, 0.0, 0.0, 0.0, 0.0, 0.0, 0.0, 0.0, 0.0, 0.0, 0.0], [0.0, 0.0, 0.0, 0.0, 0.0, 0.0, 0.0, 0.0, 0.0, 0.0, 0.9835119019612922, 0.0, 0.0, 0.0, 0.0, 0.0, 0.0, 0.0, 0.0, 0.0, 0.0, 0.0, 0.0, 0.0, 0.0, 0.0, 0.0, 0.0, 0.0, 0.0, 0.0, 0.0, 0.0, 0.0, 0.0], [0.0, 0.0, 0.0, 0.0, 0.0, 0.0, 0.0, 0.0, 0.0, 0.0, 0.9840785230658874, 0.0, 0.0, 0.0, 0.0, 0.0, 0.0, 0.0, 0.0, 0.0, 0.0, 0.0, 0.0, 0.0, 0.0, 0.0, 0.0, 0.0, 0.0, 0.0, 0.0, 0.0, 0.0, 0.0, 0.0], [0.0, 0.0, 0.0, 0.0, 0.0, 0.0, 0.0, 0.0, 0.0, 0.0, 0.985988986422744, 0.0, 0.0, 0.0, 0.0, 0.0, 0.0, 0.0, 0.0, 0.0, 0.0, 0.0, 0.0, 0.0, 0.0, 0.0, 0.0, 0.0, 0.0, 0.0, 0.0, 0.0, 0.0, 0.0, 0.0], [0.0, 0.0, 0.0, 0.0, 0.0, 0.0, 0.0, 0.0, 0.0, 0.0, 0.0, 0.0, 0.0, 0.0, 0.9781804540410196, 0.0, 0.0, 0.0, 0.0, 0.0, 0.0, 0.0, 0.0, 0.0, 0.0, 0.0, 0.0, 0.0, 0.0, 0.0, 0.0, 0.0, 0.0, 0.0, 0.0], [0.0, 0.0, 0.0, 0.0, 0.0, 0.0, 0.0, 0.0, 0.0, 0.0, 0.0, 0.0, 0.0, 0.0, 0.9776147917129685, 0.0, 0.0, 0.0, 0.0, 0.0, 0.0, 0.0, 0.0, 0.0, 0.0, 0.0, 0.0, 0.0, 0.0, 0.0, 0.0, 0.0, 0.0, 0.0, 0.0], [0.0, 0.0, 0.0, 0.0, 0.0, 0.0, 0.0, 0.0, 0.0, 0.0, 0.0, 0.0, 0.0, 0.0, 0.9804388425688301, 0.0, 0.0, 0.0, 0.0, 0.0, 0.0, 0.0, 0.0, 0.0, 0.0, 0.0, 0.0, 0.0, 0.0, 0.0, 0.0, 0.0, 0.0, 0.0, 0.0]], "Born radii": [], "Atomic SASAs": [], "Solvent H bonds": [], "Total SASA": NaN, "Total FOD": 0.0, "FOD": [0.0, 0.0, 0.0, 0.0, 0.0, 0.0, 0.0, 0.0, 0.0, 0.0, 0.0, 0.0, 0.0, 0.0, 0.0, 0.0, 0.0, 0.0, 0.0, 0.0, 0.0, 0.0, 0.0, 0.0, 0.0, 0.0, 0.0, 0.0, 0.0, 0.0, 0.0, 0.0, 0.0, 0.0, 0.0], "FOD s proportion": [0.0, 0.0, 0.0, 0.0, 0.0, 0.0, 0.0, 0.0, 0.0, 0.0, 0.0, 0.0, 0.0, 0.0, 0.0, 0.0, 0.0, 0.0, 0.0, 0.0, 0.0, 0.0, 0.0, 0.0, 0.0, 0.0, 0.0, 0.0, 0.0, 0.0, 0.0, 0.0, 0.0, 0.0, 0.0], "FOD p proportion": [0.0, 0.0, 0.0, 0.0, 0.0, 0.0, 0.0, 0.0, 0.0, 0.0, 0.0, 0.0, 0.0, 0.0, 0.0, 0.0, 0.0, 0.0, 0.0, 0.0, 0.0, 0.0, 0.0, 0.0, 0.0, 0.0, 0.0, 0.0, 0.0, 0.0, 0.0, 0.0, 0.0, 0.0, 0.0], "FOD d proportion": [0.0, 0.0, 0.0, 0.0, 0.0, 0.0, 0.0, 0.0, 0.0, 0.0, 0.0, 0.0, 0.0, 0.0, 0.0, 0.0, 0.0, 0.0, 0.0, 0.0, 0.0, 0.0, 0.0, 0.0, 0.0, 0.0, 0.0, 0.0, 0.0, 0.0, 0.0, 0.0, 0.0, 0.0, 0.0], "coordinates": [["4.78610", "-1.90040", "1.22870"], ["3.76220", "-0.85250", "0.82150"], ["2.62630", "-1.50700", "0.19920"], ["1.58300", "-0.65880", "-0.15610"], ["0.36580", "-1.17250", "-0.03590"], ["-0.64430", "-0.38390", "-0.38440"], ["-1.89500", "-0.95810", "-0.26340"], ["-3.09990", "-0.17640", "0.02830"], ["-3.51090", "0.69550", "-1.16720"], ["-4.23230", "-1.19650", "0.27510"], ["-2.93130", "0.66890", "1.29900"], ["-0.49620", "0.85430", "-0.81610"], ["0.75770", "1.27040", "-0.90220"], ["0.89550", "2.56990", "-1.34620"], ["2.24760", "2.93880", "-1.58200"], ["1.83580", "0.56940", "-0.57670"], ["4.35920", "-2.60960", "1.94580"], ["5.13150", "-2.47020", "0.35940"], ["5.65470", "-1.42440", "1.69410"], ["4.23820", "-0.15190", "0.12500"], ["3.44730", "-0.29440", "1.71160"], ["2.20800", "-2.26100", "0.73400"], ["-1.77180", "-1.79420", "0.29770"], ["-3.54140", "0.10930", "-2.09290"], ["-4.50570", "1.12950", "-1.01260"], ["-2.82630", "1.53300", "-1.32960"], ["-3.99810", "-1.85270", "1.12180"], ["-5.18190", "-0.69540", "0.49420"], ["-4.38440", "-1.83800", "-0.60110"], ["-2.18710", "1.46160", "1.17040"], ["-3.87420", "1.15380", "1.57670"], ["-2.60930", "0.05130", "2.14550"], ["2.71490", "2.28920", "-2.33050"], ["2.82540", "2.94490", "-0.65120"], ["2.25080", "3.95820", "-1.98000"]], "bond_dist": [[0.0, 1.5206174601128322, 2.424741192374972, 3.7039291583398297, 4.654901036542023, 5.864393235450707, 6.910237977812343, 8.161012937129803, 9.0177182601809, 9.095953316173077, 8.134156830305153, 6.298592892067243, 5.551820783310643, 6.4614596230263635, 6.145069029718055, 4.250135443724118, 1.0951897826404333, 1.0952879484409568, 1.0943669951163548, 2.1390652982085427, 2.1458830000724647, 2.6497849082519886, 6.62450691372573, 9.187990906612828, 10.02702682453777, 8.733943451271024, 8.784979939646988, 10.067399825674949, 9.351477532989106, 7.741573556454786, 9.18967016437478, 7.703349679847073, 5.874565706501205, 5.554754773165058, 7.144697036264029], [1.5206174601128322, 0.0, 1.4511706825869932, 2.396275044730884, 3.5175371668256754, 4.592496382143376, 5.761256044475023, 6.940799223432414, 7.69735118725916, 8.020531105232372, 6.880814374766987, 4.871228855227395, 4.062618164435343, 4.962833257323885, 4.737592331554078, 2.772684585379303, 2.1697603323869665, 2.1692100382397275, 2.1610313787633904, 1.0965986549326057, 1.0967751045679328, 2.099301345686226, 5.637935910419699, 7.922206735499901, 8.697724830092064, 7.32981402970089, 7.8302513510103875, 8.951465271674799, 8.328390755121903, 6.393040005349567, 7.931593263020993, 6.570071741617439, 4.5718945941480325, 4.1793164859818885, 5.768497785385724], [2.424741192374972, 1.4511706825869932, 0.0, 1.3907394507958706, 2.2971770741499227, 3.506959784485702, 4.577930062812231, 5.881247283527534, 6.662077682675278, 6.866044350279133, 6.0688564499417845, 4.0443266472924755, 3.5240174063134253, 4.690953358327069, 4.804292327700304, 2.353369503499185, 2.696160368004841, 2.688762786115577, 3.378276976507403, 2.1071362699170644, 2.1051825384037364, 1.0146437453609025, 4.408567760622491, 6.775446213350085, 7.699676323716472, 6.42726039615636, 6.697266204206011, 7.855807202318549, 7.063990060865034, 5.737999212269029, 7.157783395716862, 5.7989559353387055, 4.562714815764842, 4.5367647701859095, 5.895619045528638], [3.7039291583398297, 2.396275044730884, 1.3907394507958706, 0.0, 1.3266165874132587, 2.255782833075915, 3.492503082317895, 4.711291280530212, 5.366960863468263, 5.856002802253428, 4.925343418483628, 2.6548341285285604, 2.2270154781680347, 3.509059411010307, 3.926526420387363, 1.3226063057463475, 3.9913519877354844, 4.017307862238093, 4.537413832790657, 2.7177291734093, 2.6639641776870797, 1.9364782079847944, 3.5706792967165226, 5.531785173883743, 6.4034269598395515, 5.0619182115083605, 5.848683854509492, 6.796182874231682, 6.099049139005195, 4.52430684414751, 6.005759439071799, 4.834975063017389, 3.8340470745675517, 3.843869854716728, 5.0089177523692685], [4.654901036542023, 3.5175371668256754, 2.2971770741499227, 1.3266165874132587, 0.0, 1.3280226729992226, 2.282310287844315, 3.606579174231449, 4.449501835037267, 4.6086679865227875, 4.005443843071577, 2.3365945904242786, 2.621415974239876, 4.0003782246182675, 4.778533680952767, 2.3425584837950155, 4.683976394048117, 4.9550160312555995, 5.5703515885444785, 4.007866630765051, 3.6497202783227096, 2.2740446565536043, 2.251029455604702, 4.597876910053161, 5.4758249734629025, 4.379827890454144, 4.565803821891606, 5.593353708643858, 4.829776530027037, 3.8614687503591174, 5.098014363455639, 3.8868254926096184, 4.771459615254016, 4.83541197934571, 5.801450878875042], [5.864393235450707, 4.592496382143376, 3.506959784485702, 2.255782833075915, 1.3280226729992226, 0.0, 1.3815198623255476, 2.4986694259145206, 3.1615306039954763, 3.7375129444591897, 3.028628798647995, 1.3196354572380966, 2.229445969293717, 3.467128166076357, 4.564829313347872, 2.6639549902353834, 5.951351508691115, 6.185931762475238, 6.714179287150441, 4.914480502555687, 4.598088386492805, 3.5930402530447667, 1.9301457846494392, 3.3993244770101017, 4.194690067215932, 3.0543465176695324, 3.959038560054701, 4.6323626768637185, 4.018670639651874, 2.8641761695119246, 4.0795451351835785, 3.2328034351008728, 4.713490581299596, 4.815694110925236, 5.457231512406268], [6.910237977812343, 5.761256044475023, 4.577930062812231, 3.492503082317895, 2.282310287844315, 1.3815198623255476, 0.0, 1.4655810417714878, 2.482414189856318, 2.4103502027713732, 2.482365897687124, 2.355188419214055, 3.5229384013916567, 4.626675922301021, 5.838293443293169, 4.043548167142318, 6.835424970694946, 7.214293347237829, 7.813271531823273, 6.198141272994671, 5.7342211310691535, 4.418932469499845, 1.014433171776239, 2.6827310655375056, 3.4256574390910717, 2.8652541492858883, 2.67247409903258, 3.383294350185925, 2.661837271510038, 2.827729290437824, 3.429770001035055, 2.7077503688486497, 6.005750386920854, 6.137261115513988, 6.6561534605205726], [8.161012937129803, 6.940799223432414, 5.881247283527534, 4.711291280530212, 3.606579174231449, 2.4986694259145206, 1.4655810417714878, 0.0, 1.5356923064207881, 1.5439702102048474, 1.5354597161762336, 2.924826070042456, 4.223758782174948, 5.03930899032794, 6.394786421765781, 5.0282578623217, 8.07684599952234, 8.55143798492394, 8.99863405189921, 7.338778014765128, 6.761157499274811, 5.746074491337542, 2.110379778618057, 2.1854144183655424, 2.182915770248591, 2.2001812948027717, 2.1937381748969043, 2.1957112310137687, 2.192486982857595, 2.1955956481100976, 2.18323500567392, 2.1851936962200855, 6.742033805907532, 6.731523901019739, 7.0539475855722085], [9.0177182601809, 7.69735118725916, 6.662077682675278, 5.366960863468263, 4.449501835037267, 3.1615306039954763, 2.482414189856318, 1.5356923064207881, 0.0, 2.486023179698854, 2.5335323483231864, 3.039227655178203, 4.315284575784082, 4.791844876454162, 6.193930592119999, 5.380686977515046, 9.085864241776894, 9.329696769456122, 9.833068547508452, 7.901671874356717, 7.594994317970224, 6.712769242272522, 3.371795798977156, 1.0961209696014398, 1.0963047933854893, 1.0938268464432568, 3.459798849644297, 2.7362554285007823, 2.738995018250307, 2.793515600457603, 2.805532567980632, 3.4931157281143723, 6.530982485047713, 6.743497167642319, 6.67106003720548], [9.095953316173077, 8.020531105232372, 6.866044350279133, 5.856002802253428, 4.6086679865227875, 3.7375129444591897, 2.4103502027713732, 1.5439702102048474, 2.486023179698854, 0.0, 2.4941309849324274, 4.3994251090341345, 5.689616059102758, 6.565722769809887, 7.908136980983574, 6.376974491089015, 8.865774774378153, 9.450405738379704, 9.990909288448174, 8.53598789947596, 7.864704242373009, 6.543791985538661, 2.5321564525123645, 2.791035730692103, 2.67267559759878, 3.46440014143863, 1.0965167440582018, 1.0958312735088365, 1.0965323068656028, 3.4712966943204386, 2.7104073974220184, 2.773000180310128, 8.197734058262686, 8.235311465876686, 8.584112866802252], [8.134156830305153, 6.880814374766987, 6.0688564499417845, 4.925343418483628, 4.005443843071577, 3.028628798647995, 2.482365897687124, 1.5354597161762336, 2.5335323483231864, 2.4941309849324274, 0.0, 3.2307480836487388, 4.3377188348255125, 5.025463389579114, 6.34614940101476, 5.123806509812797, 8.01986924706382, 8.70319141522235, 8.846321546269953, 7.311205023113494, 6.464110426810482, 5.9427218932068495, 2.900672947782979, 3.4914695731167416, 2.8344985941079597, 2.7689766647626333, 2.743707098070055, 2.7521297007953676, 3.4650291816953, 1.0948720884194645, 1.0960409253308019, 1.0962098384889638, 6.904941475494199, 6.4902273403941715, 6.958843000097071], [6.298592892067243, 4.871228855227395, 4.0443266472924755, 2.6548341285285604, 2.3365945904242786, 1.3196354572380966, 2.355188419214055, 2.924826070042456, 3.039227655178203, 4.3994251090341345, 3.2307480836487388, 0.0, 1.3239401912473237, 2.2718094682433208, 3.5298982279946824, 2.3615046834592555, 6.572792707822148, 6.641167652604472, 7.02332887881523, 4.93078604382709, 4.822859238045415, 4.4068811806083446, 3.143605899281906, 3.38503859357615, 4.023734278005942, 2.4806615952201136, 4.83183288411344, 5.106294220861152, 4.7342162529821135, 2.67845820389268, 4.150430831853484, 3.725731494619547, 3.8292960945844863, 3.9282091250339515, 4.305213980744743], [5.551820783310643, 4.062618164435343, 3.5240174063134253, 2.2270154781680347, 2.621415974239876, 2.229445969293717, 3.5229384013916567, 4.223758782174948, 4.315284575784082, 5.689616059102758, 4.3377188348255125, 1.3239401912473237, 0.0, 1.3801540095221259, 2.3378384482251975, 1.326518322527058, 6.0113481225096255, 5.891846006134241, 6.163061717198684, 3.8976861571963437, 4.063803346620011, 4.1534692113942535, 4.1508918824753795, 4.609574873022457, 5.266442872565884, 3.6189343072236055, 6.038871024454819, 6.410393962932387, 6.016145292460946, 3.606116365288286, 5.254810974716407, 4.702272758996441, 2.6284265578478694, 2.672514647293818, 3.2581082379196675], [6.4614596230263635, 4.962833257323885, 4.690953358327069, 3.509059411010307, 4.0003782246182675, 3.467128166076357, 4.626675922301021, 5.03930899032794, 4.791844876454162, 6.565722769809887, 5.025463389579114, 2.2718094682433208, 1.3801540095221259, 0.0, 1.4212189345769355, 2.340575696276453, 7.047105926548856, 6.801130447947607, 6.917213399917629, 4.554807127639983, 4.905714888780228, 5.421022329782455, 5.372361241577115, 5.128176562873006, 5.599910942148991, 3.8635776697253026, 7.0425659897511785, 7.140311408475124, 6.918244027930787, 4.130862768236196, 5.770504458883989, 5.551480693472689, 2.0875476856828925, 2.0852251700955464, 2.0410579168656633], [6.145069029718055, 4.737592331554078, 4.804292327700304, 3.926526420387363, 4.778533680952767, 4.564829313347872, 5.838293443293169, 6.394786421765781, 6.193930592119999, 7.908136980983574, 6.34614940101476, 3.5298982279946824, 2.3378384482251975, 1.4212189345769355, 0.0, 2.6065808427900334, 6.905720089896492, 6.42986735244204, 6.432625891500297, 4.053241153694164, 4.768717153491073, 5.692393538749759, 6.487691226468781, 6.4637148807787, 7.014616435700529, 5.271094820812845, 8.323327170068469, 8.527337587430205, 8.231853196577305, 5.424425286608711, 7.116181977015485, 6.769149880893464, 1.0957197178110831, 1.0955723116252987, 1.0943448268256217], [4.250135443724118, 2.772684585379303, 2.353369503499185, 1.3226063057463475, 2.3425584837950155, 2.6639549902353834, 4.043548167142318, 5.0282578623217, 5.380686977515046, 6.376974491089015, 5.123806509812797, 2.3615046834592555, 1.326518322527058, 2.340575696276453, 2.6065808427900334, 0.0, 4.778764987944061, 4.580075311607878, 4.869883806622084, 2.604646298444378, 2.9290612113781442, 3.141278639344176, 4.400677002462235, 5.605785787023975, 6.381092623524595, 4.8198091020288345, 6.541090113276226, 7.210732219407402, 6.66986192960544, 4.475723814088622, 6.130477544204855, 5.238102181133927, 2.608896948903885, 2.5744627905642763, 3.6912655458528043], [1.0951897826404333, 2.1697603323869665, 2.696160368004841, 3.9913519877354844, 4.683976394048117, 5.951351508691115, 6.835424970694946, 8.07684599952234, 9.085864241776894, 8.865774774378153, 8.01986924706382, 6.572792707822148, 6.0113481225096255, 7.047105926548856, 6.905720089896492, 4.778764987944061, 0.0, 1.7698996044973847, 1.773801617994526, 3.061085253631463, 2.4993123634311902, 2.4935201302576244, 6.400802431726823, 9.280247586136914, 10.065756373964154, 8.91744302869382, 8.431864378653158, 9.838896961041923, 9.139617449871741, 7.747900250390424, 9.060258822461972, 7.461920741337313, 6.707362046289137, 6.3205554890373365, 7.936828903283729], [1.0952879484409568, 2.1692100382397275, 2.688762786115577, 4.017307862238093, 4.9550160312555995, 6.185931762475238, 7.214293347237829, 8.55143798492394, 9.329696769456122, 9.450405738379704, 8.70319141522235, 6.641167652604472, 5.891846006134241, 6.801130447947607, 6.42986735244204, 4.580075311607878, 1.7698996044973847, 0.0, 1.7745027387975483, 2.495484550142517, 3.065791923793916, 2.954816754047533, 6.936593816852763, 9.374795461768752, 10.378624568313473, 9.066692455355481, 9.182165113414156, 10.465863826746457, 9.58512336383836, 8.347375527673353, 9.78354883362883, 8.334752551815802, 5.977240661877352, 5.971826988451693, 7.422637766320003], [1.0943669951163548, 2.1610313787633904, 3.378276976507403, 4.537413832790657, 5.5703515885444785, 6.714179287150441, 7.813271531823273, 8.99863405189921, 9.833068547508452, 9.990909288448174, 8.846321546269953, 7.02332887881523, 6.163061717198684, 6.917213399917629, 6.432625891500297, 4.869883806622084, 1.773801617994526, 1.7745027387975483, 0.0, 2.467347423854209, 2.479883265397789, 3.6744295421194293, 7.5656848500317535, 10.062895204661528, 10.820460168588024, 9.477148170731532, 9.679231168848071, 10.927172578942827, 10.306431817559364, 8.3724001893125, 9.872225342343032, 8.406851280354612, 6.2153563180239315, 5.709304079307739, 7.352409726069406], [2.1390652982085427, 1.0965986549326057, 2.1071362699170644, 2.7177291734093, 4.007866630765051, 4.914480502555687, 6.198141272994671, 7.338778014765128, 7.901671874356717, 8.53598789947596, 7.311205023113494, 4.93078604382709, 3.8976861571963437, 4.554807127639983, 4.053241153694164, 2.604646298444378, 3.061085253631463, 2.495484550142517, 2.467347423854209, 0.0, 1.77851865888441, 2.990133082322591, 6.232742139700631, 8.093792807454365, 8.910213629874425, 7.406882570960606, 8.468941407873832, 9.442986016086225, 8.815859866173009, 6.706766993119711, 8.344058912783394, 7.142266218785184, 3.7827096571108916, 3.4912262201123547, 5.027296069459208], [2.1458830000724647, 1.0967751045679328, 2.1051825384037364, 2.6639641776870797, 3.6497202783227096, 4.598088386492805, 5.7342211310691535, 6.761157499274811, 7.594994317970224, 7.864704242373009, 6.464110426810482, 4.822859238045415, 4.063803346620011, 4.905714888780228, 4.768717153491073, 2.9290612113781442, 2.4993123634311902, 3.065791923793916, 2.479883265397789, 1.77851865888441, 0.0, 2.521721993003987, 5.6113739903877375, 7.967378592109202, 8.526368854911215, 7.207381296976038, 7.629557266971655, 8.723872786784549, 8.310644207280204, 5.926457356633893, 7.464572559765228, 6.081955381289804, 4.852831248869055, 4.057418876576586, 5.757093847593593], [2.6497849082519886, 2.099301345686226, 1.0146437453609025, 1.9364782079847944, 2.2740446565536043, 3.5930402530447667, 4.418932469499845, 5.746074491337542, 6.712769242272522, 6.543791985538661, 5.9427218932068495, 4.4068811806083446, 4.1534692113942535, 5.421022329782455, 5.692393538749759, 3.141278639344176, 2.4935201302576244, 2.954816754047533, 3.6744295421194293, 2.990133082322591, 2.521721993003987, 0.0, 4.030765184180294, 6.83119945983134, 7.7213903864524305, 6.633027773950596, 6.231594895369884, 7.557726470969957, 6.73952214700716, 5.776253087426139, 7.025963220085912, 5.526793177784022, 5.509303758189414, 5.422301781531529, 6.785725936110301], [6.62450691372573, 5.637935910419699, 4.408567760622491, 3.5706792967165226, 2.251029455604702, 1.9301457846494392, 1.014433171776239, 2.110379778618057, 3.371795798977156, 2.5321564525123645, 2.900672947782979, 3.143605899281906, 4.1508918824753795, 5.372361241577115, 6.487691226468781, 4.400677002462235, 6.400802431726823, 6.936593816852763, 7.5656848500317535, 6.232742139700631, 5.6113739903877375, 4.030765184180294, 0.0, 3.5312554099073603, 4.211783112886987, 3.851017447376732, 2.3746525535328322, 3.5881409810652647, 2.7632297479579946, 3.396220402152958, 3.84013421119627, 2.74256109138885, 6.611510242750895, 6.670361898727835, 7.3796567542128955], [9.187990906612828, 7.922206735499901, 6.775446213350085, 5.531785173883743, 4.597876910053161, 3.3993244770101017, 2.6827310655375056, 2.1854144183655424, 1.0961209696014398, 2.791035730692103, 3.4914695731167416, 3.38503859357615, 4.609574873022457, 5.128176562873006, 6.4637148807787, 5.605785787023975, 9.280247586136914, 9.374795461768752, 10.062895204661528, 8.093792807454365, 7.967378592109202, 6.83119945983134, 3.5312554099073603, 0.0, 1.771364056313665, 1.7666116126641986, 3.7937204667713726, 3.167312543782189, 2.593856883098989, 3.7831165287365915, 3.8298433714709534, 4.340070157267046, 6.629457553978304, 7.117251470195499, 6.955311528608908], [10.02702682453777, 8.697724830092064, 7.699676323716472, 6.4034269598395515, 5.4758249734629025, 4.194690067215932, 3.4256574390910717, 2.182915770248591, 1.0963047933854893, 2.67267559759878, 2.8344985941079597, 4.023734278005942, 5.266442872565884, 5.599910942148991, 7.014616435700529, 6.381092623524595, 10.065756373964154, 10.378624568313473, 10.820460168588024, 8.910213629874425, 8.526368854911215, 7.7213903864524305, 4.211783112886987, 1.771364056313665, 0.0, 1.7560425991416042, 3.702274700775187, 2.46129085847244, 2.9983499112011596, 3.2018253184707, 2.6653062169289288, 3.8382865721569046, 7.430937280047518, 7.561171491905206, 7.388348848017397], [8.733943451271024, 7.32981402970089, 6.42726039615636, 5.0619182115083605, 4.379827890454144, 3.0543465176695324, 2.8652541492858883, 2.2001812948027717, 1.0938268464432568, 3.46440014143863, 2.7689766647626333, 2.4806615952201136, 3.6189343072236055, 3.8635776697253026, 5.271094820812845, 4.8198091020288345, 8.91744302869382, 9.066692455355481, 9.477148170731532, 7.406882570960606, 7.207381296976038, 6.633027773950596, 3.851017447376732, 1.7666116126641986, 1.7560425991416042, 0.0, 4.341133687183568, 3.72033121643759, 3.7844456476477504, 2.581409421227094, 3.1126301964737153, 3.7840248281426487, 5.681420305698215, 5.864759249960734, 5.664058581088299], [8.784979939646988, 7.8302513510103875, 6.697266204206011, 5.848683854509492, 4.565803821891606, 3.959038560054701, 2.67247409903258, 2.1937381748969043, 3.459798849644297, 1.0965167440582018, 2.743707098070055, 4.83183288411344, 6.038871024454819, 7.0425659897511785, 8.323327170068469, 6.541090113276226, 8.431864378653158, 9.182165113414156, 9.679231168848071, 8.468941407873832, 7.629557266971655, 6.231594895369884, 2.3746525535328322, 3.7937204667713726, 3.702274700775187, 4.341133687183568, 0.0, 1.7704822761044514, 1.76573729359721, 3.777124230151823, 3.04324291997862, 2.569424669065042, 8.610347257805575, 8.527640178267374, 9.079453356893245], [10.067399825674949, 8.951465271674799, 7.855807202318549, 6.796182874231682, 5.593353708643858, 4.6323626768637185, 3.383294350185925, 2.1957112310137687, 2.7362554285007823, 1.0958312735088365, 2.7521297007953676, 5.106294220861152, 6.410393962932387, 7.140311408475124, 8.527337587430205, 7.210732219407402, 9.838896961041923, 10.465863826746457, 10.927172578942827, 9.442986016086225, 8.723872786784549, 7.557726470969957, 3.5881409810652647, 3.167312543782189, 2.46129085847244, 3.72033121643759, 1.7704822761044514, 0.0, 1.7723495986966, 3.752162373885224, 2.5102641653818027, 3.1468433929892345, 8.90203445792028, 8.870207356088132, 9.111678653793712], [9.351477532989106, 8.328390755121903, 7.063990060865034, 6.099049139005195, 4.829776530027037, 4.018670639651874, 2.661837271510038, 2.192486982857595, 2.738995018250307, 1.0965323068656028, 3.4650291816953, 4.7342162529821135, 6.016145292460946, 6.918244027930787, 8.231853196577305, 6.66986192960544, 9.139617449871741, 9.58512336383836, 10.306431817559364, 8.815859866173009, 8.310644207280204, 6.73952214700716, 2.7632297479579946, 2.593856883098989, 2.9983499112011596, 3.7844456476477504, 1.76573729359721, 1.7723495986966, 0.0, 4.342084718197009, 3.7355031950193807, 3.7768036830102782, 8.391940460346463, 8.652159179072008, 8.917576951728536], [7.741573556454786, 6.393040005349567, 5.737999212269029, 4.52430684414751, 3.8614687503591174, 2.8641761695119246, 2.827729290437824, 2.1955956481100976, 2.793515600457603, 3.4712966943204386, 1.0948720884194645, 2.67845820389268, 3.606116365288286, 4.130862768236196, 5.424425286608711, 4.475723814088622, 7.747900250390424, 8.347375527673353, 8.3724001893125, 6.706766993119711, 5.926457356633893, 5.776253087426139, 3.396220402152958, 3.7831165287365915, 3.2018253184707, 2.581409421227094, 3.777124230151823, 3.752162373885224, 4.342084718197009, 0.0, 1.7624207613393572, 1.7657913070348943, 6.080364016241133, 5.535662715520157, 5.987736478002351], [9.18967016437478, 7.931593263020993, 7.157783395716862, 6.005759439071799, 5.098014363455639, 4.0795451351835785, 3.429770001035055, 2.18323500567392, 2.805532567980632, 2.7104073974220184, 1.0960409253308019, 4.150430831853484, 5.254810974716407, 5.770504458883989, 7.116181977015485, 6.130477544204855, 9.060258822461972, 9.78354883362883, 9.872225342343032, 8.344058912783394, 7.464572559765228, 7.025963220085912, 3.84013421119627, 3.8298433714709534, 2.6653062169289288, 3.1126301964737153, 3.04324291997862, 2.5102641653818027, 3.7355031950193807, 1.7624207613393572, 0.0, 1.7717256277426254, 7.744132218008677, 7.2839699189384355, 7.617