{"total energy": -72.0227623, "HOMO-LUMO gap/eV": 3.73252826, "electronic energy": -72.97864833, "dipole": [-1.68375242, -1.05339314, 0.55479483], "partial charges": [-0.44079924, 0.33051213, -0.09598362, 0.15527345, -0.25939989, 0.35576432, -0.39945625, -0.08154673, -0.09926923, 0.27370565, -0.38310022, 0.0542334, -0.20708769, 0.00514768, -0.02841072, -0.02572631, -0.02748002, -0.02788352, -0.03540852, 0.00754328, -0.0298181, -0.02553226, -0.02632214, -0.02674256, -0.03206638, 0.08891775, 0.08482467, 0.06728666, 0.07053289, 0.05228101, 0.05071912, 0.05175599, 0.19510725, 0.04856222, 0.04223619, 0.03862799, 0.03977424, 0.03730098, 0.04491645, 0.04282224, 0.03997379, 0.04067149, 0.03354256], "atomic dipole moments": [[-0.15706183, -0.02150342, -0.1483669], [-0.01988771, 0.00536462, -0.11912436], [0.06233179, -0.0059119, -0.01335048], [-0.03845431, -0.24778011, 0.03257242], [0.06462827, 0.22142538, -0.04206625], [-0.166528, 0.03595454, 0.0854229], [-0.07746763, -0.15484205, 0.04616669], [-0.02157817, 0.06964177, 0.11353464], [-0.0468248, 0.05643585, -0.12181346], [0.07923981, 0.03301293, 0.0524764], [0.02170857, 0.0081556, 0.18163135], [0.08134639, 0.01634908, 0.06718588], [0.01756138, -0.03952619, -0.06523341], [0.10553159, -0.0877044, 0.01313115], [0.01666706, 0.0089876, 0.02013144], [0.00766054, -0.00427605, 0.00117737], [0.00474326, -0.00536442, -0.00143207], [0.00604711, -0.0050938, -0.00089202], [0.0024332, -0.01217278, -0.01795694], [0.04902052, 0.12736858, -0.00075154], [-0.01093824, 0.01334751, 0.01216407], [0.00199644, 0.01141569, -0.00056934], [0.00127008, 0.00710968, 0.00040167], [0.00170123, 0.00510944, -0.00297465], [0.01364058, 0.00401714, -0.01546236], [0.07927248, 0.06987302, 0.08086062], [-0.02379505, 0.05759646, -0.1159734], [-0.08618133, -0.07808997, -0.05711746], [0.09240541, 0.00960526, -0.08579221], [0.05324389, -0.11256805, -0.01899758], [0.0881214, 0.07741705, 0.05480096], [-0.09347169, -0.01519666, 0.08770384], [-0.03523601, -0.0390965, 0.14181479], [0.01375014, -0.10763638, -0.11157122], [-0.09235462, -0.00836165, -0.1209597], [-0.11130769, 0.10042103, -0.01816471], [-0.02077167, 0.11161144, 0.10121418], [0.0862643, 0.02213358, 0.12402025], [0.1092684, 0.02115954, -0.10928502], [0.0544186, -0.10737846, -0.0935355], [-0.05169006, -0.14190478, 0.00739782], [-0.10813895, -0.03762658, 0.10037549], [-0.06320694, 0.09886903, 0.09691533]], "atomic quadrupole moments": [[-0.0483852, -0.04010639, 0.13666659, 0.04074866, 0.02283501, -0.08828139], [-0.22054667, -0.10832127, 0.37205578, 0.0031736, 0.04040614, -0.15150912], [0.00968841, 0.00443437, -0.05387263, -0.02863769, -0.00483486, 0.04418422], [0.14225541, -0.19692293, 0.16428402, -0.29701408, 0.06488821, -0.30653943], [-0.00280336, -0.05860638, 0.07425732, -0.04264504, 0.02138766, -0.07145397], [0.04078893, -0.02709555, -0.42230621, 0.22264689, 0.06286852, 0.38151727], [-0.04584954, 0.01337335, -0.1038588, 0.12868834, 0.01206959, 0.14970834], [-0.12679397, -0.15653948, 0.12667014, 0.05239164, -0.06218531, 0.00012384], [-0.08920982, -0.05945305, -0.07398324, 0.11769797, -0.14095632, 0.16319306], [-0.21745329, -0.19426563, 0.44748802, 0.05181545, 0.01025663, -0.23003473], [-0.09941676, -0.0819091, 0.19665318, 0.00917988, -0.00373086, -0.09723642], [0.0043248, 0.04644748, -0.18051407, 0.0918617, 0.06746362, 0.17618927], [0.06003448, 0.02157479, -0.04993667, 0.08609899, 0.04479671, -0.01009781], [0.1191315, 0.13033082, 0.0327161, -0.21289066, -0.25929212, -0.15184761], [0.03665453, 0.29635479, 0.0211938, -0.26358424, -0.24900477, -0.05784833], [0.03157982, 0.29274291, 0.02748066, -0.26827818, -0.24163263, -0.05906047], [0.03109992, 0.29997511, 0.01441316, -0.25672498, -0.24285239, -0.04551308], [0.04122194, 0.29251149, 0.00610946, -0.24651144, -0.25500341, -0.0473314], [0.04511922, 0.28585544, -0.00060334, -0.23280554, -0.25665794, -0.04451588], [0.07407977, -0.0091522, -0.05989778, 0.38781229, -0.11279183, -0.01418199], [0.14051887, -0.10726554, -0.23399059, 0.38267628, -0.14135683, 0.09347172], [0.1409046, -0.11697726, -0.23443958, 0.38047977, -0.13309419, 0.09353498], [0.13702782, -0.13410365, -0.23804412, 0.38050629, -0.1166049, 0.1010163], [0.12568245, -0.1347672, -0.21959278, 0.38653978, -0.10940856, 0.09391033], [0.12745409, -0.13393336, -0.21689263, 0.37665916, -0.10209293, 0.08943854], [0.01473468, -0.00048128, -0.00359425, 0.01218954, 0.02885075, -0.01114042], [-0.01265649, -0.0241754, -0.00916177, -0.00701245, -0.01549405, 0.02181825], [0.0225626, 0.04366086, 0.00332886, 0.01918875, 0.01037837, -0.02589146], [0.03172116, 4.07e-06, -0.03012185, -0.04368186, -0.01383309, -0.00159931], [-0.03104339, -0.04955631, 0.05125514, -0.00649887, 0.02384773, -0.02021175], [0.00742352, 0.05582989, 0.01385927, 0.02881866, 0.01514511, -0.02128279], [0.04177463, 0.00366596, -0.04776044, -0.04876456, -0.01090472, 0.00598581], [0.01299827, 0.01490127, -0.03396007, -0.01509506, -0.00804165, 0.0209618], [0.00282769, -0.04155023, 0.00059784, 0.02981369, 0.02298613, -0.00342553], [-0.00639397, -0.04024513, 0.00333395, 0.02692259, 0.03429595, 0.00306003], [-0.00706327, -0.03433282, -0.00330192, 0.03324986, 0.03453216, 0.01036519], [-0.00028703, -0.03746367, -0.00689688, 0.03799955, 0.02673377, 0.00718391], [0.00229793, -0.04497517, 0.00046751, 0.03248383, 0.02172915, -0.00276544], [-0.02119961, 0.02552019, 0.04473608, -0.03804914, 0.00690796, -0.02353647], [-0.01383978, 0.02144165, 0.02690278, -0.05021042, 0.00856229, -0.013063], [-0.01544473, 0.01353754, 0.02433497, -0.05122362, 0.01673843, -0.00889024], [-0.02147576, 0.01304362, 0.0345842, -0.04539541, 0.02035841, -0.01310844], [-0.02063732, 0.02079065, 0.03758858, -0.0421056, 0.01379569, -0.01695126]], "number of molecular orbitals": 118, "number of electrons": 128, "number of unpaired electrons": 0, "orbital energies/eV": [-20.61624398, -20.07465433, -19.93347001, -19.6921879, -19.45234056, -19.33592205, -18.57823094, -18.15296756, -17.9849592, -17.8223495, -17.74859745, -17.7093574, -17.32709637, -17.23837793, -17.15810239, -17.03681492, -17.00240873, -16.8746005, -16.47275059, -16.38633906, -16.26106086, -16.15530225, -16.04900969, -15.8781741, -15.83235708, -15.72105289, -15.50160577, -15.41275705, -15.12342037, -14.94946665, -14.79139753, -14.73525493, -14.64777136, -14.45464022, -14.28844403, -14.15302752, -14.10078348, -13.9686416, -13.84385592, -13.78694081, -13.71236545, -13.60522132, -13.58536898, -13.40830937, -13.33794175, -13.2630785, -13.21438954, -13.18270941, -12.84339629, -12.64707139, -12.42316481, -12.32452861, -12.23576624, -12.19684615, -12.1102108, -11.92231467, -11.80787353, -11.71022609, -11.48200554, -11.45307731, -11.38324958, -11.33087257, -11.31834789, -11.14137998, -7.40885172, -6.79699519, -6.78904229, -6.65997136, -6.55048207, -6.51587235, -5.3727572, -3.3351731, -3.19507066, -1.43297275, -0.35524005, 0.24708654, 0.85916409, 1.05006533, 2.4368133, 2.6074065, 2.69480059, 2.80327802, 3.12578741, 3.28958575, 3.34615035, 3.63112549, 3.75376409, 3.82962084, 4.01082394, 4.07038815, 4.2630706, 4.28017839, 4.41857045, 4.66666729, 4.74202458, 4.88238747, 5.16762536, 5.34821153, 5.82648839, 6.47083202, 7.1287892, 7.32101798, 9.49271849, 9.64935607, 9.82588047, 10.05001494, 10.20583743, 10.78919359, 10.97841632, 11.09511085, 11.25580263, 15.23398265, 15.62624907, 15.76207095, 15.82681259, 16.48412397, 16.61465337, 17.70267305], "fractional occupation": [2.0, 2.0, 2.0, 2.0, 2.0, 2.0, 2.0, 2.0, 2.0, 2.0, 2.0, 2.0, 2.0, 2.0, 2.0, 2.0, 2.0, 2.0, 2.0, 2.0, 2.0, 2.0, 2.0, 2.0, 2.0, 2.0, 2.0, 2.0, 2.0, 2.0, 2.0, 2.0, 2.0, 2.0, 2.0, 2.0, 2.0, 2.0, 2.0, 2.0, 2.0, 2.0, 2.0, 2.0, 2.0, 2.0, 2.0, 2.0, 2.0, 2.0, 2.0, 2.0, 2.0, 2.0, 2.0, 2.0, 2.0, 2.0, 2.0, 2.0, 2.0, 2.0, 2.0, 2.0, 0.0, 0.0, 0.0, 0.0, 0.0, 0.0, 0.0, 0.0, 0.0, 0.0, 0.0, 0.0, 0.0, 0.0, 0.0, 0.0, 0.0, 0.0, 0.0, 0.0, 0.0, 0.0, 0.0, 0.0, 0.0, 0.0, 0.0, 0.0, 0.0, 0.0, 0.0, 0.0, 0.0, 0.0, 0.0, 0.0, 0.0, 0.0, 0.0, 0.0, 0.0, 0.0, 0.0, 0.0, 0.0, 0.0, 0.0, 0.0, 0.0, 0.0, 0.0, 0.0, 0.0, 0.0], "program call": "xtb /home/svss/Project-DBcg-Debug/aqme2_20220329/End-to-End-workflows-final/example-3/QDESCP/mol_594_rdkit_conf_4/mol_594_rdkit_conf_4.xyz --pop --wbo --acc 0.2 --gfn 2 --chrg 0 --uhf 0 --etemp 300 --input /home/svss/Project-DBcg-Debug/aqme2_20220329/End-to-End-workflows-final/example-3/QDESCP/mol_594_rdkit_conf_4/mol_594_rdkit_conf_4_xtb.inp", "method": "GFN2-xTB", "xtb version": "6.3.3 (7355c4f)", "Dipole module/D": 5.241, "Total charge": 0, "Transition dipole module/D": NaN, "HOMO": -11.1414, "LUMO": -7.4089, "HOMO occupancy": 2.0, "LUMO occupancy": 0, "mulliken charges": [-0.55711, 0.56671, -0.2517, 0.33123, -0.41276, 0.57695, -0.52724, -0.06799, -0.07275, 0.46697, -0.51495, 0.10747, -0.37731, -0.00838, -0.02669, -0.0211, -0.02546, -0.02338, -0.03573, -0.0045, -0.02991, -0.02073, -0.02407, -0.02246, -0.03571, 0.0768, 0.0752, 0.05347, 0.05302, 0.03681, 0.0429, 0.04294, 0.25547, 0.04413, 0.03703, 0.03456, 0.03538, 0.03369, 0.05015, 0.03762, 0.03529, 0.03561, 0.0305], "cm5 charges": [-0.593, 0.73914, -0.49849, 0.3198, -0.48705, 0.6267, -0.57592, -0.16839, -0.22055, 0.57691, -0.55742, 0.16535, -0.71791, -0.01111, -0.07793, -0.07638, -0.08085, -0.07869, -0.08619, -0.00679, -0.08104, -0.07607, -0.07945, -0.07778, -0.08697, 0.15585, 0.15415, 0.11179, 0.11109, 0.08779, 0.0952, 0.09635, 0.45314, 0.10262, 0.09238, 0.08996, 0.09072, 0.09465, 0.11122, 0.09295, 0.09069, 0.09097, 0.08854], "FUKUI+": [-0.066, -0.014, -0.027, 0.016, -0.024, -0.034, -0.071, 0.006, 0.006, -0.039, -0.085, -0.004, -0.013, -0.016, -0.007, -0.014, -0.027, -0.014, -0.01, -0.015, -0.006, -0.018, -0.023, -0.014, -0.013, -0.026, -0.02, -0.02, -0.026, -0.024, -0.013, -0.004, -0.027, -0.019, -0.036, -0.042, -0.038, -0.025, -0.013, -0.036, -0.041, -0.038, -0.026], "FUKUI-": [-0.054, -0.001, -0.022, 0.012, -0.021, -0.011, -0.083, -0.004, 0.008, -0.004, -0.052, -0.007, -0.015, -0.023, -0.014, -0.015, -0.033, -0.019, -0.012, -0.013, -0.007, -0.017, -0.022, -0.014, -0.012, -0.02, -0.017, -0.031, -0.028, -0.044, -0.03, -0.014, -0.022, -0.026, -0.039, -0.045, -0.041, -0.029, -0.021, -0.035, -0.041, -0.038, -0.023], "FUKUIrad": [-0.06, -0.008, -0.024, 0.014, -0.023, -0.023, -0.077, 0.001, 0.007, -0.022, -0.069, -0.006, -0.014, -0.019, -0.01, -0.014, -0.03, -0.016, -0.011, -0.014, -0.007, -0.018, -0.023, -0.014, -0.013, -0.023, -0.019, -0.026, -0.027, -0.034, -0.021, -0.009, -0.024, -0.023, -0.037, -0.044, -0.039, -0.027, -0.017, -0.035, -0.041, -0.038, -0.024], "s proportion": [1.718, 0.935, 1.425, 0.972, 1.696, 0.989, 1.73, 1.034, 1.006, 1.015, 1.73, 1.081, 1.426, 1.092, 1.064, 1.061, 1.061, 1.061, 1.063, 1.092, 1.066, 1.062, 1.061, 1.06, 1.064, 0.923, 0.925, 0.947, 0.947, 0.963, 0.957, 0.957, 0.745, 0.956, 0.963, 0.965, 0.965, 0.966, 0.95, 0.962, 0.965, 0.964, 0.97], "p proportion": [4.839, 2.498, 3.826, 2.696, 4.716, 2.434, 4.797, 3.034, 3.066, 2.518, 4.785, 2.812, 3.951, 2.916, 2.962, 2.96, 2.964, 2.963, 2.973, 2.913, 2.964, 2.959, 2.963, 2.962, 2.972, 0.0, 0.0, 0.0, 0.0, 0.0, 0.0, 0.0, 0.0, 0.0, 0.0, 0.0, 0.0, 0.0, 0.0, 0.0, 0.0, 0.0, 0.0], "d proportion": [0.0, 0.0, 0.0, 0.0, 0.0, 0.0, 0.0, 0.0, 0.0, 0.0, 0.0, 0.0, 0.0, 0.0, 0.0, 0.0, 0.0, 0.0, 0.0, 0.0, 0.0, 0.0, 0.0, 0.0, 0.0, 0.0, 0.0, 0.0, 0.0, 0.0, 0.0, 0.0, 0.0, 0.0, 0.0, 0.0, 0.0, 0.0, 0.0, 0.0, 0.0, 0.0, 0.0], "Fermi-level/eV": -9.2751, "Coordination numbers": [0.858, 2.815, 2.773, 3.659, 1.704, 2.733, 0.856, 3.802, 3.752, 2.88, 0.857, 3.869, 2.751, 2.958, 2.914, 2.909, 2.912, 2.91, 2.913, 2.959, 2.913, 2.91, 2.912, 2.909, 2.915, 0.924, 0.924, 0.924, 0.924, 0.924, 0.924, 0.924, 0.86, 0.925, 0.925, 0.925, 0.925, 0.925, 0.925, 0.925, 0.925, 0.925, 0.925], "Dispersion coefficient C6": [22.513, 21.391, 23.115, 18.346, 18.299, 20.961, 21.671, 22.055, 22.456, 22.387, 21.346, 19.626, 25.5, 27.906, 28.71, 28.645, 28.688, 28.697, 28.881, 27.85, 28.744, 28.64, 28.659, 28.669, 28.799, 1.89, 1.93, 2.116, 2.08, 2.292, 2.311, 2.298, 1.131, 2.338, 2.419, 2.467, 2.452, 2.485, 2.384, 2.412, 2.449, 2.44, 2.537], "Total dispersion C6": 22781.379654, "Total dispersion C8": 544559.328998, "Polarizability alpha": [6.361, 7.578, 7.141, 6.147, 5.776, 7.496, 6.241, 6.686, 6.758, 7.757, 6.194, 6.299, 7.5, 8.665, 8.786, 8.776, 8.783, 8.784, 8.812, 8.656, 8.792, 8.775, 8.778, 8.78, 8.8, 2.15, 2.173, 2.275, 2.255, 2.367, 2.377, 2.371, 1.666, 2.391, 2.432, 2.456, 2.449, 2.465, 2.415, 2.428, 2.447, 2.443, 2.491], "Total polarizability alpha": 235.172821, "Wiberg matrix": [[0.0, 1.6366321029217805, 0.0, 0.0, 0.0, 0.0, 0.0, 0.0, 0.0, 0.0, 0.0, 0.0, 0.17366902653652297, 0.0, 0.0, 0.0, 0.0, 0.0, 0.0, 0.0, 0.0, 0.0, 0.0, 0.0, 0.0, 0.0, 0.0, 0.0, 0.0, 0.0, 0.0, 0.0, 0.0, 0.0, 0.0, 0.0, 0.0, 0.0, 0.0, 0.0, 0.0, 0.0, 0.0], [1.6366321029217805, 0.0, 1.0759207251363943, 0.0, 0.0, 0.0, 0.0, 0.0, 0.0, 0.0, 0.0, 0.0, 1.1870599786222311, 0.0, 0.0, 0.0, 0.0, 0.0, 0.0, 0.0, 0.0, 0.0, 0.0, 0.0, 0.0, 0.0, 0.0, 0.0, 0.0, 0.0, 0.0, 0.0, 0.0, 0.0, 0.0, 0.0, 0.0, 0.0, 0.0, 0.0, 0.0, 0.0, 0.0], [0.0, 1.0759207251363943, 0.0, 0.9876725342605459, 0.0, 0.0, 0.0, 0.0, 0.0, 1.1563452129800167, 0.147340124476322, 0.0, 0.0, 0.0, 0.0, 0.0, 0.0, 0.0, 0.0, 0.0, 0.0, 0.0, 0.0, 0.0, 0.0, 0.0, 0.0, 0.0, 0.0, 0.0, 0.0, 0.0, 0.0, 0.0, 0.0, 0.0, 0.0, 0.0, 0.0, 0.0, 0.0, 0.0, 0.0], [0.0, 0.0, 0.9876725342605459, 0.0, 0.9483046926268995, 0.0, 0.0, 0.0, 0.0, 0.0, 0.0, 0.0, 0.0, 0.0, 0.0, 0.0, 0.0, 0.0, 0.0, 0.0, 0.0, 0.0, 0.0, 0.0, 0.0, 0.9575313873085491, 0.9581561067000242, 0.0, 0.0, 0.0, 0.0, 0.0, 0.0, 0.0, 0.0, 0.0, 0.0, 0.0, 0.0, 0.0, 0.0, 0.0, 0.0], [0.0, 0.0, 0.0, 0.9483046926268995, 0.0, 1.102638493432658, 0.1666560697162032, 0.0, 0.0, 0.0, 0.0, 0.0, 0.0, 0.0, 0.0, 0.0, 0.0, 0.0, 0.0, 0.0, 0.0, 0.0, 0.0, 0.0, 0.0, 0.0, 0.0, 0.0, 0.0, 0.0, 0.0, 0.0, 0.0, 0.0, 0.0, 0.0, 0.0, 0.0, 0.0, 0.0, 0.0, 0.0, 0.0], [0.0, 0.0, 0.0, 0.0, 1.102638493432658, 0.0, 1.7674250882368954, 0.9780436339943342, 0.0, 0.0, 0.0, 0.0, 0.0, 0.0, 0.0, 0.0, 0.0, 0.0, 0.0, 0.0, 0.0, 0.0, 0.0, 0.0, 0.0, 0.0, 0.0, 0.0, 0.0, 0.0, 0.0, 0.0, 0.0, 0.0, 0.0, 0.0, 0.0, 0.0, 0.0, 0.0, 0.0, 0.0, 0.0], [0.0, 0.0, 0.0, 0.0, 0.1666560697162032, 1.7674250882368954, 0.0, 0.0, 0.0, 0.0, 0.0, 0.0, 0.0, 0.0, 0.0, 0.0, 0.0, 0.0, 0.0, 0.0, 0.0, 0.0, 0.0, 0.0, 0.0, 0.0, 0.0, 0.0, 0.0, 0.0, 0.0, 0.0, 0.0, 0.0, 0.0, 0.0, 0.0, 0.0, 0.0, 0.0, 0.0, 0.0, 0.0], [0.0, 0.0, 0.0, 0.0, 0.0, 0.9780436339943342, 0.0, 0.0, 0.9978096794424626, 0.0, 0.0, 0.0, 0.0, 0.0, 0.0, 0.0, 0.0, 0.0, 0.0, 0.0, 0.0, 0.0, 0.0, 0.0, 0.0, 0.0, 0.0, 0.9611394179509671, 0.9710974687061236, 0.0, 0.0, 0.0, 0.0, 0.0, 0.0, 0.0, 0.0, 0.0, 0.0, 0.0, 0.0, 0.0, 0.0], [0.0, 0.0, 0.0, 0.0, 0.0, 0.0, 0.0, 0.9978096794424626, 0.0, 0.0, 0.0, 0.0, 0.0, 0.0, 0.0, 0.0, 0.0, 0.0, 0.0, 0.0, 0.0, 0.0, 0.0, 0.0, 0.0, 0.0, 0.0, 0.0, 0.0, 0.9831575461007965, 0.986328135125401, 0.9859455605960931, 0.0, 0.0, 0.0, 0.0, 0.0, 0.0, 0.0, 0.0, 0.0, 0.0, 0.0], [0.0, 0.0, 1.1563452129800167, 0.0, 0.0, 0.0, 0.0, 0.0, 0.0, 0.0, 1.7470446264407842, 0.9171258771198837, 0.0, 0.0, 0.0, 0.0, 0.0, 0.0, 0.0, 0.0, 0.0, 0.0, 0.0, 0.0, 0.0, 0.0, 0.0, 0.0, 0.0, 0.0, 0.0, 0.0, 0.0, 0.0, 0.0, 0.0, 0.0, 0.0, 0.0, 0.0, 0.0, 0.0, 0.0], [0.0, 0.0, 0.147340124476322, 0.0, 0.0, 0.0, 0.0, 0.0, 0.0, 1.7470446264407842, 0.0, 0.0, 0.0, 0.0, 0.0, 0.0, 0.0, 0.0, 0.0, 0.0, 0.0, 0.0, 0.0, 0.0, 0.0, 0.0, 0.0, 0.0, 0.0, 0.0, 0.0, 0.0, 0.0, 0.0, 0.0, 0.0, 0.0, 0.0, 0.0, 0.0, 0.0, 0.0, 0.0], [0.0, 0.0, 0.0, 0.0, 0.0, 0.0, 0.0, 0.0, 0.0, 0.9171258771198837, 0.0, 0.0, 0.974634322923322, 0.9495563611329543, 0.0, 0.0, 0.0, 0.0, 0.0, 0.9465549723344613, 0.0, 0.0, 0.0, 0.0, 0.0, 0.0, 0.0, 0.0, 0.0, 0.0, 0.0, 0.0, 0.0, 0.0, 0.0, 0.0, 0.0, 0.0, 0.0, 0.0, 0.0, 0.0, 0.0], [0.17366902653652297, 1.1870599786222311, 0.0, 0.0, 0.0, 0.0, 0.0, 0.0, 0.0, 0.0, 0.0, 0.974634322923322, 0.0, 0.0, 0.0, 0.0, 0.0, 0.0, 0.0, 0.0, 0.0, 0.0, 0.0, 0.0, 0.0, 0.0, 0.0, 0.0, 0.0, 0.0, 0.0, 0.0, 0.9323376648636291, 0.0, 0.0, 0.0, 0.0, 0.0, 0.0, 0.0, 0.0, 0.0, 0.0], [0.0, 0.0, 0.0, 0.0, 0.0, 0.0, 0.0, 0.0, 0.0, 0.0, 0.0, 0.9495563611329543, 0.0, 0.0, 1.4065212090593122, 0.0, 0.10863477283205898, 0.0, 1.4133104918338288, 0.0, 0.0, 0.0, 0.0, 0.0, 0.0, 0.0, 0.0, 0.0, 0.0, 0.0, 0.0, 0.0, 0.0, 0.0, 0.0, 0.0, 0.0, 0.0, 0.0, 0.0, 0.0, 0.0, 0.0], [0.0, 0.0, 0.0, 0.0, 0.0, 0.0, 0.0, 0.0, 0.0, 0.0, 0.0, 0.0, 0.0, 1.4065212090593122, 0.0, 1.4457724720524014, 0.0, 0.11252506211432893, 0.0, 0.0, 0.0, 0.0, 0.0, 0.0, 0.0, 0.0, 0.0, 0.0, 0.0, 0.0, 0.0, 0.0, 0.0, 0.9686007202211594, 0.0, 0.0, 0.0, 0.0, 0.0, 0.0, 0.0, 0.0, 0.0], [0.0, 0.0, 0.0, 0.0, 0.0, 0.0, 0.0, 0.0, 0.0, 0.0, 0.0, 0.0, 0.0, 0.0, 1.4457724720524014, 0.0, 1.4370327933845042, 0.0, 0.11022174145104097, 0.0, 0.0, 0.0, 0.0, 0.0, 0.0, 0.0, 0.0, 0.0, 0.0, 0.0, 0.0, 0.0, 0.0, 0.0, 0.9700635134578077, 0.0, 0.0, 0.0, 0.0, 0.0, 0.0, 0.0, 0.0], [0.0, 0.0, 0.0, 0.0, 0.0, 0.0, 0.0, 0.0, 0.0, 0.0, 0.0, 0.0, 0.0, 0.10863477283205898, 0.0, 1.4370327933845042, 0.0, 1.4404876078220694, 0.0, 0.0, 0.0, 0.0, 0.0, 0.0, 0.0, 0.0, 0.0, 0.0, 0.0, 0.0, 0.0, 0.0, 0.0, 0.0, 0.0, 0.9705144776649355, 0.0, 0.0, 0.0, 0.0, 0.0, 0.0, 0.0], [0.0, 0.0, 0.0, 0.0, 0.0, 0.0, 0.0, 0.0, 0.0, 0.0, 0.0, 0.0, 0.0, 0.0, 0.11252506211432893, 0.0, 1.4404876078220694, 0.0, 1.4391588507837862, 0.0, 0.0, 0.0, 0.0, 0.0, 0.0, 0.0, 0.0, 0.0, 0.0, 0.0, 0.0, 0.0, 0.0, 0.0, 0.0, 0.0, 0.9703099516508773, 0.0, 0.0, 0.0, 0.0, 0.0, 0.0], [0.0, 0.0, 0.0, 0.0, 0.0, 0.0, 0.0, 0.0, 0.0, 0.0, 0.0, 0.0, 0.0, 1.4133104918338288, 0.0, 0.11022174145104097, 0.0, 1.4391588507837862, 0.0, 0.0, 0.0, 0.0, 0.0, 0.0, 0.0, 0.0, 0.0, 0.0, 0.0, 0.0, 0.0, 0.0, 0.0, 0.0, 0.0, 0.0, 0.0, 0.9680747702775061, 0.0, 0.0, 0.0, 0.0, 0.0], [0.0, 0.0, 0.0, 0.0, 0.0, 0.0, 0.0, 0.0, 0.0, 0.0, 0.0, 0.9465549723344613, 0.0, 0.0, 0.0, 0.0, 0.0, 0.0, 0.0, 0.0, 1.4200269452397087, 0.0, 0.10970880706036121, 0.0, 1.4055754765783128, 0.0, 0.0, 0.0, 0.0, 0.0, 0.0, 0.0, 0.0, 0.0, 0.0, 0.0, 0.0, 0.0, 0.0, 0.0, 0.0, 0.0, 0.0], [0.0, 0.0, 0.0, 0.0, 0.0, 0.0, 0.0, 0.0, 0.0, 0.0, 0.0, 0.0, 0.0, 0.0, 0.0, 0.0, 0.0, 0.0, 0.0, 1.4200269452397087, 0.0, 1.4365510342119452, 0.0, 0.11008891665788637, 0.0, 0.0, 0.0, 0.0, 0.0, 0.0, 0.0, 0.0, 0.0, 0.0, 0.0, 0.0, 0.0, 0.0, 0.9677879302698715, 0.0, 0.0, 0.0, 0.0], [0.0, 0.0, 0.0, 0.0, 0.0, 0.0, 0.0, 0.0, 0.0, 0.0, 0.0, 0.0, 0.0, 0.0, 0.0, 0.0, 0.0, 0.0, 0.0, 0.0, 1.4365510342119452, 0.0, 1.442889188534171, 0.0, 0.1131616379500942, 0.0, 0.0, 0.0, 0.0, 0.0, 0.0, 0.0, 0.0, 0.0, 0.0, 0.0, 0.0, 0.0, 0.0, 0.9701822490213524, 0.0, 0.0, 0.0], [0.0, 0.0, 0.0, 0.0, 0.0, 0.0, 0.0, 0.0, 0.0, 0.0, 0.0, 0.0, 0.0, 0.0, 0.0, 0.0, 0.0, 0.0, 0.0, 0.10970880706036121, 0.0, 1.442889188534171, 0.0, 1.4357972751818255, 0.0, 0.0, 0.0, 0.0, 0.0, 0.0, 0.0, 0.0, 0.0, 0.0, 0.0, 0.0, 0.0, 0.0, 0.0, 0.0, 0.9703882760376674, 0.0, 0.0], [0.0, 0.0, 0.0, 0.0, 0.0, 0.0, 0.0, 0.0, 0.0, 0.0, 0.0, 0.0, 0.0, 0.0, 0.0, 0.0, 0.0, 0.0, 0.0, 0.0, 0.11008891665788637, 0.0, 1.4357972751818255, 0.0, 1.4468696731586768, 0.0, 0.0, 0.0, 0.0, 0.0, 0.0, 0.0, 0.0, 0.0, 0.0, 0.0, 0.0, 0.0, 0.0, 0.0, 0.0, 0.9700280134251489, 0.0], [0.0, 0.0, 0.0, 0.0, 0.0, 0.0, 0.0, 0.0, 0.0, 0.0, 0.0, 0.0, 0.0, 0.0, 0.0, 0.0, 0.0, 0.0, 0.0, 1.4055754765783128, 0.0, 0.1131616379500942, 0.0, 1.4468696731586768, 0.0, 0.0, 0.0, 0.0, 0.0, 0.0, 0.0, 0.0, 0.0, 0.0, 0.0, 0.0, 0.0, 0.0, 0.0, 0.0, 0.0, 0.0, 0.9695931443822305], [0.0, 0.0, 0.0, 0.9575313873085491, 0.0, 0.0, 0.0, 0.0, 0.0, 0.0, 0.0, 0.0, 0.0, 0.0, 0.0, 0.0, 0.0, 0.0, 0.0, 0.0, 0.0, 0.0, 0.0, 0.0, 0.0, 0.0, 0.0, 0.0, 0.0, 0.0, 0.0, 0.0, 0.0, 0.0, 0.0, 0.0, 0.0, 0.0, 0.0, 0.0, 0.0, 0.0, 0.0], [0.0, 0.0, 0.0, 0.9581561067000242, 0.0, 0.0, 0.0, 0.0, 0.0, 0.0, 0.0, 0.0, 0.0, 0.0, 0.0, 0.0, 0.0, 0.0, 0.0, 0.0, 0.0, 0.0, 0.0, 0.0, 0.0, 0.0, 0.0, 0.0, 0.0, 0.0, 0.0, 0.0, 0.0, 0.0, 0.0, 0.0, 0.0, 0.0, 0.0, 0.0, 0.0, 0.0, 0.0], [0.0, 0.0, 0.0, 0.0, 0.0, 0.0, 0.0, 0.9611394179509671, 0.0, 0.0, 0.0, 0.0, 0.0, 0.0, 0.0, 0.0, 0.0, 0.0, 0.0, 0.0, 0.0, 0.0, 0.0, 0.0, 0.0, 0.0, 0.0, 0.0, 0.0, 0.0, 0.0, 0.0, 0.0, 0.0, 0.0, 0.0, 0.0, 0.0, 0.0, 0.0, 0.0, 0.0, 0.0], [0.0, 0.0, 0.0, 0.0, 0.0, 0.0, 0.0, 0.9710974687061236, 0.0, 0.0, 0.0, 0.0, 0.0, 0.0, 0.0, 0.0, 0.0, 0.0, 0.0, 0.0, 0.0, 0.0, 0.0, 0.0, 0.0, 0.0, 0.0, 0.0, 0.0, 0.0, 0.0, 0.0, 0.0, 0.0, 0.0, 0.0, 0.0, 0.0, 0.0, 0.0, 0.0, 0.0, 0.0], [0.0, 0.0, 0.0, 0.0, 0.0, 0.0, 0.0, 0.0, 0.9831575461007965, 0.0, 0.0, 0.0, 0.0, 0.0, 0.0, 0.0, 0.0, 0.0, 0.0, 0.0, 0.0, 0.0, 0.0, 0.0, 0.0, 0.0, 0.0, 0.0, 0.0, 0.0, 0.0, 0.0, 0.0, 0.0, 0.0, 0.0, 0.0, 0.0, 0.0, 0.0, 0.0, 0.0, 0.0], [0.0, 0.0, 0.0, 0.0, 0.0, 0.0, 0.0, 0.0, 0.986328135125401, 0.0, 0.0, 0.0, 0.0, 0.0, 0.0, 0.0, 0.0, 0.0, 0.0, 0.0, 0.0, 0.0, 0.0, 0.0, 0.0, 0.0, 0.0, 0.0, 0.0, 0.0, 0.0, 0.0, 0.0, 0.0, 0.0, 0.0, 0.0, 0.0, 0.0, 0.0, 0.0, 0.0, 0.0], [0.0, 0.0, 0.0, 0.0, 0.0, 0.0, 0.0, 0.0, 0.9859455605960931, 0.0, 0.0, 0.0, 0.0, 0.0, 0.0, 0.0, 0.0, 0.0, 0.0, 0.0, 0.0, 0.0, 0.0, 0.0, 0.0, 0.0, 0.0, 0.0, 0.0, 0.0, 0.0, 0.0, 0.0, 0.0, 0.0, 0.0, 0.0, 0.0, 0.0, 0.0, 0.0, 0.0, 0.0], [0.0, 0.0, 0.0, 0.0, 0.0, 0.0, 0.0, 0.0, 0.0, 0.0, 0.0, 0.0, 0.9323376648636291, 0.0, 0.0, 0.0, 0.0, 0.0, 0.0, 0.0, 0.0, 0.0, 0.0, 0.0, 0.0, 0.0, 0.0, 0.0, 0.0, 0.0, 0.0, 0.0, 0.0, 0.0, 0.0, 0.0, 0.0, 0.0, 0.0, 0.0, 0.0, 0.0, 0.0], [0.0, 0.0, 0.0, 0.0, 0.0, 0.0, 0.0, 0.0, 0.0, 0.0, 0.0, 0.0, 0.0, 0.0, 0.9686007202211594, 0.0, 0.0, 0.0, 0.0, 0.0, 0.0, 0.0, 0.0, 0.0, 0.0, 0.0, 0.0, 0.0, 0.0, 0.0, 0.0, 0.0, 0.0, 0.0, 0.0, 0.0, 0.0, 0.0, 0.0, 0.0, 0.0, 0.0, 0.0], [0.0, 0.0, 0.0, 0.0, 0.0, 0.0, 0.0, 0.0, 0.0, 0.0, 0.0, 0.0, 0.0, 0.0, 0.0, 0.9700635134578077, 0.0, 0.0, 0.0, 0.0, 0.0, 0.0, 0.0, 0.0, 0.0, 0.0, 0.0, 0.0, 0.0, 0.0, 0.0, 0.0, 0.0, 0.0, 0.0, 0.0, 0.0, 0.0, 0.0, 0.0, 0.0, 0.0, 0.0], [0.0, 0.0, 0.0, 0.0, 0.0, 0.0, 0.0, 0.0, 0.0, 0.0, 0.0, 0.0, 0.0, 0.0, 0.0, 0.0, 0.9705144776649355, 0.0, 0.0, 0.0, 0.0, 0.0, 0.0, 0.0, 0.0, 0.0, 0.0, 0.0, 0.0, 0.0, 0.0, 0.0, 0.0, 0.0, 0.0, 0.0, 0.0, 0.0, 0.0, 0.0, 0.0, 0.0, 0.0], [0.0, 0.0, 0.0, 0.0, 0.0, 0.0, 0.0, 0.0, 0.0, 0.0, 0.0, 0.0, 0.0, 0.0, 0.0, 0.0, 0.0, 0.9703099516508773, 0.0, 0.0, 0.0, 0.0, 0.0, 0.0, 0.0, 0.0, 0.0, 0.0, 0.0, 0.0, 0.0, 0.0, 0.0, 0.0, 0.0, 0.0, 0.0, 0.0, 0.0, 0.0, 0.0, 0.0, 0.0], [0.0, 0.0, 0.0, 0.0, 0.0, 0.0, 0.0, 0.0, 0.0, 0.0, 0.0, 0.0, 0.0, 0.0, 0.0, 0.0, 0.0, 0.0, 0.9680747702775061, 0.0, 0.0, 0.0, 0.0, 0.0, 0.0, 0.0, 0.0, 0.0, 0.0, 0.0, 0.0, 0.0, 0.0, 0.0, 0.0, 0.0, 0.0, 0.0, 0.0, 0.0, 0.0, 0.0, 0.0], [0.0, 0.0, 0.0, 0.0, 0.0, 0.0, 0.0, 0.0, 0.0, 0.0, 0.0, 0.0, 0.0, 0.0, 0.0, 0.0, 0.0, 0.0, 0.0, 0.0, 0.9677879302698715, 0.0, 0.0, 0.0, 0.0, 0.0, 0.0, 0.0, 0.0, 0.0, 0.0, 0.0, 0.0, 0.0, 0.0, 0.0, 0.0, 0.0, 0.0, 0.0, 0.0, 0.0, 0.0], [0.0, 0.0, 0.0, 0.0, 0.0, 0.0, 0.0, 0.0, 0.0, 0.0, 0.0, 0.0, 0.0, 0.0, 0.0, 0.0, 0.0, 0.0, 0.0, 0.0, 0.0, 0.9701822490213524, 0.0, 0.0, 0.0, 0.0, 0.0, 0.0, 0.0, 0.0, 0.0, 0.0, 0.0, 0.0, 0.0, 0.0, 0.0, 0.0, 0.0, 0.0, 0.0, 0.0, 0.0], [0.0, 0.0, 0.0, 0.0, 0.0, 0.0, 0.0, 0.0, 0.0, 0.0, 0.0, 0.0, 0.0, 0.0, 0.0, 0.0, 0.0, 0.0, 0.0, 0.0, 0.0, 0.0, 0.9703882760376674, 0.0, 0.0, 0.0, 0.0, 0.0, 0.0, 0.0, 0.0, 0.0, 0.0, 0.0, 0.0, 0.0, 0.0, 0.0, 0.0, 0.0, 0.0, 0.0, 0.0], [0.0, 0.0, 0.0, 0.0, 0.0, 0.0, 0.0, 0.0, 0.0, 0.0, 0.0, 0.0, 0.0, 0.0, 0.0, 0.0, 0.0, 0.0, 0.0, 0.0, 0.0, 0.0, 0.0, 0.9700280134251489, 0.0, 0.0, 0.0, 0.0, 0.0, 0.0, 0.0, 0.0, 0.0, 0.0, 0.0, 0.0, 0.0, 0.0, 0.0, 0.0, 0.0, 0.0, 0.0], [0.0, 0.0, 0.0, 0.0, 0.0, 0.0, 0.0, 0.0, 0.0, 0.0, 0.0, 0.0, 0.0, 0.0, 0.0, 0.0, 0.0, 0.0, 0.0, 0.0, 0.0, 0.0, 0.0, 0.0, 0.9695931443822305, 0.0, 0.0, 0.0, 0.0, 0.0, 0.0, 0.0, 0.0, 0.0, 0.0, 0.0, 0.0, 0.0, 0.0, 0.0, 0.0, 0.0, 0.0]], "Born radii": [], "Atomic SASAs": [], "Solvent H bonds": [], "Total SASA": NaN, "Total FOD": 0.0, "FOD": [0.0, 0.0, 0.0, 0.0, 0.0, 0.0, 0.0, 0.0, 0.0, 0.0, 0.0, 0.0, 0.0, 0.0, 0.0, 0.0, 0.0, 0.0, 0.0, 0.0, 0.0, 0.0, 0.0, 0.0, 0.0, 0.0, 0.0, 0.0, 0.0, 0.0, 0.0, 0.0, 0.0, 0.0, 0.0, 0.0, 0.0, 0.0, 0.0, 0.0, 0.0, 0.0, 0.0], "FOD s proportion": [0.0, 0.0, 0.0, 0.0, 0.0, 0.0, 0.0, 0.0, 0.0, 0.0, 0.0, 0.0, 0.0, 0.0, 0.0, 0.0, 0.0, 0.0, 0.0, 0.0, 0.0, 0.0, 0.0, 0.0, 0.0, 0.0, 0.0, 0.0, 0.0, 0.0, 0.0, 0.0, 0.0, 0.0, 0.0, 0.0, 0.0, 0.0, 0.0, 0.0, 0.0, 0.0, 0.0], "FOD p proportion": [0.0, 0.0, 0.0, 0.0, 0.0, 0.0, 0.0, 0.0, 0.0, 0.0, 0.0, 0.0, 0.0, 0.0, 0.0, 0.0, 0.0, 0.0, 0.0, 0.0, 0.0, 0.0, 0.0, 0.0, 0.0, 0.0, 0.0, 0.0, 0.0, 0.0, 0.0, 0.0, 0.0, 0.0, 0.0, 0.0, 0.0, 0.0, 0.0, 0.0, 0.0, 0.0, 0.0], "FOD d proportion": [0.0, 0.0, 0.0, 0.0, 0.0, 0.0, 0.0, 0.0, 0.0, 0.0, 0.0, 0.0, 0.0, 0.0, 0.0, 0.0, 0.0, 0.0, 0.0, 0.0, 0.0, 0.0, 0.0, 0.0, 0.0, 0.0, 0.0, 0.0, 0.0, 0.0, 0.0, 0.0, 0.0, 0.0, 0.0, 0.0, 0.0, 0.0, 0.0, 0.0, 0.0, 0.0, 0.0], "coordinates": [["1.96380", "1.03410", "2.21750"], ["1.10350", "0.92740", "1.35980"], ["1.25890", "1.02620", "0.01950"], ["2.51510", "1.25070", "-0.63770"], ["3.11520", "-0.02240", "-0.87490"], ["4.32740", "0.07050", "-1.48020"], ["4.87180", "1.11500", "-1.80950"], ["4.92060", "-1.29750", "-1.68780"], ["5.44470", "-1.86760", "-0.38500"], ["0.08940", "0.73150", "-0.62230"], ["-0.04870", "0.67860", "-1.84050"], ["-1.01490", "0.45160", "0.44590"], ["-0.21170", "0.66350", "1.63720"], ["-2.13970", "1.48820", "0.30270"], ["-3.00690", "1.42580", "-0.80600"], ["-4.03870", "2.35230", "-0.96810"], ["-4.22330", "3.36140", "-0.02800"], ["-3.37520", "3.44650", "1.07260"], ["-2.34150", "2.52050", "1.23750"], ["-1.52670", "-0.99700", "0.47420"], ["-1.02810", "-1.99970", "-0.37570"], ["-1.50950", "-3.31030", "-0.30080"], ["-2.49310", "-3.64590", "0.62510"], ["-2.99900", "-2.67240", "1.47990"], ["-2.52000", "-1.36280", "1.40780"], ["3.15830", "1.85480", "0.01220"], ["2.33410", "1.76130", "-1.59020"], ["4.16340", "-1.95260", "-2.13200"], ["5.73340", "-1.21150", "-2.41750"], ["5.90720", "-2.84470", "-0.55430"], ["6.19410", "-1.20430", "0.05970"], ["4.63810", "-1.99330", "0.34470"], ["-0.50030", "0.41360", "2.57170"], ["-2.88070", "0.64990", "-1.56110"], ["-4.69550", "2.28590", "-1.83200"], ["-5.02520", "4.08380", "-0.15560"], ["-3.51580", "4.23850", "1.80430"], ["-1.69690", "2.62690", "2.10720"], ["-0.26030", "-1.78910", "-1.11730"], ["-1.11420", "-4.07060", "-0.97040"], ["-2.86550", "-4.66560", "0.67860"], ["-3.76920", "-2.93060", "2.20250"], ["-2.93830", "-0.62070", "2.08610"]], "bond_dist": [[0.0, 1.219487708015132, 2.3082786703515676, 2.91599284807079, 3.4648018659080635, 4.493118650781437, 4.96787055084973, 5.424978607331092, 5.225852461560698, 3.4160512525429123, 4.543555931206305, 3.5143315865182667, 2.281861674159939, 4.550975510810842, 5.8311953860250645, 6.922117078611139, 6.981318066812312, 5.9695385726201655, 4.658904704970901, 4.398642102967687, 4.9879950170384095, 6.105690717682972, 6.655981923803579, 6.237914703648968, 5.148320710678386, 2.6388874227598262, 3.894165022183831, 5.716359619548092, 6.382462574900067, 6.186951449623635, 5.249949855951007, 4.4524612395842365, 2.5655928554624565, 6.155859635339325, 7.893777928216628, 7.986137658467952, 6.3612050556478685, 3.993732892921108, 4.9028532600925345, 6.759789382813638, 7.62738040155334, 6.970391674073991, 5.175539914830143], [1.219487708015132, 0.0, 1.3528912336178396, 2.467213752393578, 3.1532429370411665, 4.381028283405621, 4.927447730823737, 5.367336227589996, 5.449988025674919, 2.235060632287187, 3.410481838391754, 2.355677696545094, 1.3697974339295573, 3.456921070837458, 4.672737993938886, 5.821656058201996, 6.018732680556598, 5.146562186547443, 3.7974925806379134, 3.3772110920106844, 4.0154194326371435, 5.24818660586683, 5.864331892040218, 5.459257302967135, 4.2868487598701215, 2.626461414146418, 3.3033718485813854, 5.46352040812515, 6.346563047035772, 6.40062894643956, 5.669974714229332, 4.696202046334889, 2.07481721845564, 4.947980668919392, 6.7573301303103435, 7.058346960160006, 5.700780293082694, 3.3599326139076062, 3.9211410456651516, 5.943738666024945, 6.891925960136252, 6.271962418573631, 4.388652702139918], [2.3082786703515676, 1.3528912336178396, 0.0, 1.435392117158235, 2.3120041111555145, 3.546569445252694, 4.050453412890958, 4.660740485158985, 5.104764473509038, 1.3661938295864169, 2.3000529385211985, 2.3837257728186767, 2.21611573253745, 3.441529921415765, 4.3632762976919075, 5.549636089871119, 5.95902107145125, 5.333081146016813, 4.084034359551839, 3.4727017853538764, 3.813479100506518, 5.154790286713903, 6.02268825110515, 5.825986828855692, 4.681322793826548, 2.072281740015098, 2.0706426876697006, 4.683836241800091, 5.564837871852153, 6.0761670599153215, 5.415989783040584, 4.5433608628415145, 3.1597133161095483, 4.4470424115360085, 6.3615859422002625, 6.990671683035901, 6.025125925654999, 3.9569540583635794, 3.395025326856929, 5.708666732258943, 7.059863696276296, 6.7604396935406506, 4.959798686438795], [2.91599284807079, 2.467213752393578, 1.435392117158235, 0.0, 1.4272937539273407, 2.3210147737573754, 2.635443913271539, 3.6582049559859278, 4.2860481028565225, 2.4806906880947492, 2.8891342457559843, 3.7780484075776477, 3.599362733873873, 4.754778801374465, 5.527338319661643, 6.6539447818568505, 7.087511773535194, 6.514775346855791, 5.358668737662368, 4.756534887919988, 4.815393068068275, 6.092095515502034, 7.117121794658288, 7.090856237437055, 6.030479625203952, 1.0959074139725493, 1.0957780842853175, 3.9001225967910287, 4.4257848761547365, 5.318420736459273, 4.4775476278873905, 3.999471810126932, 4.48259098401806, 5.507112295931507, 7.381784600623347, 8.069386600603544, 7.159753323264706, 5.2124223207641185, 4.144061457073241, 6.449708634504352, 8.104696647006598, 8.064888853542868, 6.376581839826099], [3.4648018659080635, 3.1532429370411665, 2.3120041111555145, 1.4272937539273407, 0.0, 1.3581043185263786, 2.291898662681228, 2.3550277238283206, 3.0118657506602116, 3.1285200350964675, 3.381426854154914, 4.361985173060542, 4.2248513382129795, 5.593087531051164, 6.291433768228034, 7.5383135740031415, 8.125326104224985, 7.612576148716018, 6.37998033382549, 4.931242397205799, 4.617992076649764, 5.70330845299463, 6.843448044662865, 7.067603885334831, 6.225983495802089, 2.0767002335435896, 2.074453419578276, 2.530750025190161, 3.2632108129877233, 3.982891619163142, 3.4278258386329954, 2.7732824198050943, 5.014078959290529, 6.07236976311555, 8.200690445931977, 9.145730320209536, 8.324874920982298, 6.250441369215458, 3.8175891476165953, 5.855328159036008, 7.729258760062312, 8.08226338100906, 6.765378491998804], [4.493118650781437, 4.381028283405621, 3.546569445252694, 2.3210147737573754, 1.3581043185263786, 0.0, 1.2230249793033667, 1.5054593983233162, 2.490793837313719, 4.374192200852633, 4.43281546085555, 5.691684083819129, 5.538344569453944, 6.856528867437226, 7.488881106013101, 8.686799575217561, 9.276496005496902, 8.788868561993631, 7.606748352614275, 6.263363506934593, 5.846967465276338, 6.847641536324751, 8.047554740416494, 8.364318823430871, 7.568472742238027, 2.603416804893139, 2.6161325520699443, 2.1318238318397698, 2.1210590020081947, 3.4425934831170526, 2.735137279918505, 2.77237532451867, 6.312075610288584, 7.231801627533764, 9.297552624750235, 10.263151017596885, 9.469738670628667, 7.4630295597699465, 4.963547104642002, 6.857085081140529, 8.878562443323807, 9.38742840505322, 8.123216703991098], [4.96787055084973, 4.927447730823737, 4.050453412890958, 2.635443913271539, 2.291898662681228, 1.2230249793033667, 0.0, 2.4160605497379404, 3.354596461573284, 4.942455447447149, 4.939911558924917, 6.338782659943469, 6.158373599417302, 7.33224381277655, 7.948428937846775, 9.03525735660031, 9.536293788469397, 9.0418693675589, 7.955585216688966, 7.114536663761036, 6.823925449475545, 7.910780332558856, 9.101384399090065, 9.333490438201563, 8.43381404644423, 2.6080600414867754, 2.627873183774286, 3.1648075091543872, 2.5543337311322496, 4.280981696994277, 3.2590701772131268, 3.7890265530872176, 6.967519918163134, 7.7704103379422635, 9.638710616571077, 10.464213666109842, 9.652338392845541, 7.795780922396422, 5.937287938107769, 7.964090165863268, 9.973554494762638, 10.350357692369863, 8.89865247439184], [5.424978607331092, 5.367336227589996, 4.660740485158985, 3.6582049559859278, 2.3550277238283206, 1.5054593983233162, 2.4160605497379404, 0.0, 1.5155799747951275, 5.3472071859990615, 5.349974858819432, 6.545394315852942, 6.421966154535542, 7.84665857738184, 8.428474973564317, 9.700931121289338, 10.39572952995604, 9.947142393672667, 8.710487959925093, 6.806777617933467, 6.132024375359251, 6.879049269339478, 8.113410914036093, 8.639718598426688, 8.05912723624587, 3.991578206674648, 4.0069646180119936, 1.0953636336851795, 1.0956741897115214, 2.1568564277670403, 2.1643116088031316, 2.1667949003078255, 7.103334447286008, 8.041685230099473, 10.263085715806918, 11.411615318174725, 10.677776143467328, 8.578708912767702, 5.235347707650371, 6.680086631923272, 8.807229972017309, 9.65992100071217, 8.744294634789018], [5.225852461560698, 5.449988025674919, 5.104764473509038, 4.2860481028565225, 3.0118657506602116, 2.490793837313719, 3.354596461573284, 1.5155799747951275, 0.0, 5.957421438004869, 6.2272833764009805, 6.913430090049367, 6.518483029816063, 8.322106000887036, 9.080378137500661, 10.396270349505153, 10.997277572199403, 10.399754448062705, 9.083657759955512, 7.077894246172375, 6.474154519317562, 7.102772034213121, 8.197031276016947, 8.684562438027607, 8.17957217524242, 4.386531039443355, 4.929224544489731, 2.1681705860010183, 2.1551963135640335, 1.0942089151528605, 1.0951371329655475, 1.0949274587843711, 7.02061060948405, 8.776861775144917, 11.053009874690241, 12.045355633189084, 11.06200939929089, 8.798524970129938, 5.752343047837116, 6.943707321741032, 8.832863239063537, 9.629178493516465, 8.828124592460167], [3.4160512525429123, 2.235060632287187, 1.3661938295864169, 2.4806906880947492, 3.1285200350964675, 4.374192200852633, 4.942455447447149, 5.3472071859990615, 5.957421438004869, 0.0, 1.2271435368366652, 1.5616893865298567, 2.2804879872518513, 2.529250224869022, 3.178501513292073, 4.448345747578532, 5.0861525527652045, 4.716711160331953, 3.545229449556121, 2.6080267847550953, 2.961261766544795, 4.358439021025762, 5.2332536504549445, 5.054106707421203, 3.9136130186823532, 3.3290449606456205, 2.6525452946179824, 5.106962198802729, 6.233195652311902, 6.829394356749359, 6.440481948581177, 5.389832625416117, 3.2635015703994994, 3.1160067410068293, 5.174437308538969, 6.133095249545698, 5.584344509429911, 3.7727415893485206, 2.592438899955021, 4.9628611687211235, 6.289074910509494, 6.023227159090051, 4.281453338528869], [4.543555931206305, 3.410481838391754, 2.3000529385211985, 2.8891342457559843, 3.381426854154914, 4.43281546085555, 4.939911558924917, 5.349974858819432, 6.2272833764009805, 1.2271435368366652, 0.0, 2.4925281141844717, 3.481550559736279, 3.101780037333402, 3.2217146568248403, 4.413893230471259, 5.282978066393992, 5.21661041961157, 4.257183511431003, 3.2171346645734307, 3.2059560648892247, 4.518399710074353, 5.545770908539227, 5.5640387534595765, 4.563561168648888, 3.8859738457689086, 2.629187178578201, 4.974934381476805, 6.110489949259388, 7.038515336347573, 6.791805672278912, 5.820673748802625, 4.443160631802546, 2.84589389296228, 4.916933574902146, 6.260976545236374, 6.162648575085229, 4.700720308633561, 2.5801814064131223, 4.944417549115366, 6.545280795351718, 6.573757973183984, 5.045409419462409], [3.5143315865182667, 2.355677696545094, 2.3837257728186767, 3.7780484075776477, 4.361985173060542, 5.691684083819129, 6.338782659943469, 6.545394315852942, 6.913430090049367, 1.5616893865298567, 2.4925281141844717, 0.0, 1.4523179885961615, 1.5363010251900504, 2.546445218338694, 3.841278814405432, 4.357217897925235, 3.8643492324064086, 2.582023495245541, 1.536613838932866, 2.5853573234661393, 3.8670507702899375, 4.359666745291434, 3.842549259280875, 2.5460999548328815, 4.424100379738236, 4.132410712889027, 6.264226763136852, 7.516948453993814, 7.73184726569272, 7.40681012649845, 6.159885262730143, 2.1875289255230435, 2.747468203637669, 4.701095750992528, 5.444004516897465, 4.737126025344904, 2.8208104828222686, 2.8343873923654117, 4.739837446579788, 5.4465223298908825, 4.7022429637354985, 2.7458242642237685], [2.281861674159939, 1.3697974339295573, 2.21611573253745, 3.599362733873873, 4.2248513382129795, 5.538344569453944, 6.158373599417302, 6.421966154535542, 6.518483029816063, 2.2804879872518513, 3.481550559736279, 1.4523179885961615, 0.0, 2.4855993925007307, 3.789916960831728, 4.928038405897422, 5.113168294707304, 4.251069795945487, 2.853814487663836, 2.4164135097288293, 3.4367003957284377, 4.607734289214168, 4.9799659366304905, 4.3499440674565, 3.080059242936733, 3.926413209278922, 4.254688383418932, 6.339743516894039, 7.4364259627861555, 7.3858700706145655, 6.856490117399717, 5.678882154966768, 1.0094702670212727, 4.165677477914007, 5.896778174562784, 6.171091166074278, 4.870895628116045, 2.506323722107741, 3.6884792218474, 5.479579073250061, 6.029997944444094, 5.088509128418657, 3.0471344587989546], [4.550975510810842, 3.456921070837458, 3.441529921415765, 4.754778801374465, 5.593087531051164, 6.856528867437226, 7.33224381277655, 7.84665857738184, 8.322106000887036, 2.529250224869022, 3.101780037333402, 1.5363010251900504, 2.4855993925007307, 0.0, 1.4089518409086947, 2.442908604512253, 2.8212815687201447, 2.4401117085084443, 1.4072020359564579, 2.565423998094662, 3.7230803818880944, 4.877188384715112, 5.156337472470164, 4.408490522843392, 3.0812457058793608, 5.318607882707655, 4.86544350085375, 7.582607621392525, 8.756344656304936, 9.179382932419804, 8.761325681082743, 7.619788651268485, 2.9984593577369028, 2.173839536396373, 3.424234661935423, 3.908105487317352, 3.422368165466714, 2.1792039326322814, 4.035993019072258, 5.794194620480054, 6.207845108409198, 5.078415474338428, 2.875019431238683], [5.8311953860250645, 4.672737993938886, 4.3632762976919075, 5.527338319661643, 6.291433768228034, 7.488881106013101, 7.948428937846775, 8.428474973564317, 9.080378137500661, 3.178501513292073, 3.2217146568248403, 2.546445218338694, 3.789916960831728, 1.4089518409086947, 0.0, 1.3961697246395228, 2.414841675969669, 2.7835249846193224, 2.4118493941372043, 3.1144604540754726, 3.9793036802938273, 4.99280252062907, 5.294731205642076, 4.692615950618589, 3.5936432780675376, 6.234034270037341, 5.4086792186262995, 8.036483350943993, 9.270659503508906, 9.887451741980843, 9.608603618632626, 8.453424176036595, 4.326251228257554, 1.0900106696725496, 2.1549519646618576, 3.400223382367694, 3.870907721710762, 3.412546768910281, 4.239846843931983, 5.815475355463214, 6.271298516256422, 5.348868525211664, 3.543601363020395], [6.922117078611139, 5.821656058201996, 5.549636089871119, 6.6539447818568505, 7.5383135740031415, 8.686799575217561, 9.03525735660031, 9.700931121289338, 10.396270349505153, 4.448345747578532, 4.413893230471259, 3.841278814405432, 4.928038405897422, 2.442908604512253, 1.3961697246395228, 0.0, 1.3914553460316288, 2.4087262982746713, 2.788090823484773, 4.428112891514849, 5.324899446937942, 6.237562079049794, 6.395746151935676, 5.685181631223404, 4.664045294591381, 7.28047411505597, 6.430308643447839, 9.336020117266244, 10.50216021635549, 11.229468653947968, 10.881910321262533, 9.792575832741864, 5.367403123485323, 2.1426102678742116, 1.087252689120611, 2.152075916411872, 3.393726065845622, 3.8751648339135207, 5.608008662618131, 7.057361401402085, 7.303351254047693, 6.167200906408028, 4.402016219870163], [6.981318066812312, 6.018732680556598, 5.95902107145125, 7.087511773535194, 8.125326104224985, 9.276496005496902, 9.536293788469397, 10.39572952995604, 10.997277572199403, 5.0861525527652045, 5.282978066393992, 4.357217897925235, 5.113168294707304, 2.8212815687201447, 2.414841675969669, 1.3914553460316288, 0.0, 1.3920617730546299, 2.4186306663068673, 5.149709405393668, 6.250727280885002, 7.207684175239644, 7.247232916085974, 6.3387234787455435, 5.223104265664242, 7.533888647969255, 6.928223698034006, 10.148997432751672, 11.214142836168978, 11.8920014778842, 11.374336487901175, 10.360315021272278, 5.413750449549739, 3.391931989294597, 2.152693450075974, 1.0868243326315434, 2.1510890148945485, 3.3884017250025122, 6.589354576891427, 8.111056932977354, 8.171635907209769, 6.691083698475158, 4.688044818471769], [5.9695385726201655, 5.146562186547443, 5.333081146016813, 6.514775346855791, 7.61257