{"total energy": -30.27456166, "HOMO-LUMO gap/eV": 4.79483205, "electronic energy": -30.62047895, "dipole": [0.39917154, -0.18285602, 0.6373412], "partial charges": [-0.10054177, -0.05245072, -0.05928673, -0.05696552, -0.08849114, 0.35158168, -0.40111517, -0.27048027, 0.03452592, 0.03244112, 0.03185993, 0.03482856, 0.03355529, 0.0281347, 0.04110859, 0.02911835, 0.05187422, 0.03609809, 0.0675941, 0.06949094, 0.0637361, 0.06155889, 0.06182485], "atomic dipole moments": [[0.0580141, -0.08108484, -0.0285886], [0.04659849, 0.08864186, 0.05531542], [-0.0327293, -0.09998922, -0.05386581], [0.07665483, 0.08964049, 0.06381908], [-0.02331674, 0.05760905, -0.08112053], [0.14863436, 0.06198184, 0.0441345], [0.05515908, -0.07134765, 0.15224701], [-0.04263576, 0.10795399, -0.19815207], [-0.15920597, -0.17333896, 0.11626455], [-0.11874145, -0.01831177, -0.03317104], [0.00260135, 0.01589914, 0.12451782], [0.03893735, 0.10723067, -0.05459046], [-0.01282906, -0.01405822, -0.12294935], [-0.04747151, -0.10099803, 0.05095992], [0.04380716, 0.10816607, -0.0511981], [0.00865712, 0.01629691, 0.12148401], [-0.01357228, -0.01938916, -0.12695536], [-0.04323177, -0.1007263, 0.0511326], [0.00494005, 0.03380167, 0.12813851], [0.05461674, -0.11800515, -0.01815843], [0.10677163, 0.02040492, 0.06402263], [0.03349338, -0.05027652, -0.1154016], [-0.06392236, 0.11346312, -0.00480947]], "atomic quadrupole moments": [[0.00335894, -0.15354505, 0.09303536, -0.05020625, 0.08349633, -0.09639429], [0.18320846, -0.10583072, 0.00176751, 0.02953179, 0.09650055, -0.18497596], [0.18285217, -0.10741758, -0.00288732, 0.03516947, 0.10802948, -0.17996484], [0.2164393, -0.08646797, -0.01994949, 0.04848325, 0.08059883, -0.19648981], [0.15348484, 0.12929909, -0.06168145, 0.02492746, -0.13618329, -0.09180338], [0.04036302, -0.19086383, 0.12070126, -0.10631882, 0.3673678, -0.16106428], [-0.04518281, -0.10993065, 0.06837299, -0.06500567, 0.11960693, -0.02319018], [0.01109542, 0.06687597, -0.00025716, -0.02012303, -0.05683732, -0.01083826], [0.02320225, 0.32659973, 0.06750802, -0.19696823, -0.26047439, -0.09071027], [0.06879864, 0.01764242, -0.02931389, 0.03400167, 0.01671314, -0.03948475], [-0.0455575, -0.01041716, -0.03390951, 0.01315457, 0.00663093, 0.07946701], [-0.02283436, 0.03201976, 0.03913213, -0.03257411, -0.04123018, -0.01629777], [-0.02081637, -0.0085723, -0.03484069, -0.00061406, 0.00258583, 0.05565706], [-0.01199336, 0.01567561, 0.0259383, -0.0162819, -0.04013366, -0.01394494], [-0.00915103, 0.01942658, 0.01791125, -0.01773995, -0.03707216, -0.00876022], [-0.02507646, -0.00621689, -0.03428485, 0.00334735, 0.0002654, 0.0593613], [-0.02147609, -0.0093347, -0.03240765, -0.00148241, 0.00030607, 0.05388375], [-0.00532858, 0.01602948, 0.02499837, -0.02277334, -0.04192861, -0.01966979], [-0.00780767, 0.01437949, -0.04272084, 0.00339569, 0.02793355, 0.05052852], [0.01076378, -0.03030482, 0.04274008, -0.00105139, 0.01707247, -0.05350386], [0.04034067, 0.01926509, -0.04123856, 0.05627556, -0.00491778, 0.00089789], [-0.03575371, 0.01423248, -0.00762097, -0.02485276, 0.03049728, 0.04337468], [0.00833179, -0.03523314, 0.0353815, -0.01149728, -0.0190414, -0.04371329]], "number of molecular orbitals": 50, "number of electrons": 54, "number of unpaired electrons": 0, "orbital energies/eV": [-20.1333636, -19.34257176, -18.30659785, -17.27556484, -16.79927801, -16.54395084, -16.26221752, -15.88081318, -15.62084294, -15.31681241, -15.10537238, -14.9947272, -14.19283072, -14.09559425, -13.71150788, -13.55972368, -13.29934473, -13.04516474, -12.93772804, -12.8044018, -12.37455295, -12.22156673, -11.93644844, -11.83014173, -11.6582649, -11.45789139, -11.25209404, -6.45726198, 0.13331636, 1.80778467, 2.7503386, 2.89602058, 3.31679204, 3.50700962, 3.61627797, 3.89260428, 4.29094675, 4.35183274, 4.62583135, 4.74399123, 4.99780475, 5.33344125, 5.65973111, 6.30131032, 6.36932894, 6.95409181, 7.23789997, 7.3780238, 8.33391639, 16.18501722], "fractional occupation": [2.0, 2.0, 2.0, 2.0, 2.0, 2.0, 2.0, 2.0, 2.0, 2.0, 2.0, 2.0, 2.0, 2.0, 2.0, 2.0, 2.0, 2.0, 2.0, 2.0, 2.0, 2.0, 2.0, 2.0, 2.0, 2.0, 2.0, 0.0, 0.0, 0.0, 0.0, 0.0, 0.0, 0.0, 0.0, 0.0, 0.0, 0.0, 0.0, 0.0, 0.0, 0.0, 0.0, 0.0, 0.0, 0.0, 0.0, 0.0, 0.0, 0.0], "program call": "xtb /home/svss/Project-DBcg-Debug/aqme2_20220329/End-to-End-workflows-final/example-3/QDESCP/mol_360_rdkit_conf_2/mol_360_rdkit_conf_2.xyz --pop --wbo --acc 0.2 --gfn 2 --chrg 0 --uhf 0 --etemp 300 --input /home/svss/Project-DBcg-Debug/aqme2_20220329/End-to-End-workflows-final/example-3/QDESCP/mol_360_rdkit_conf_2/mol_360_rdkit_conf_2_xtb.inp", "method": "GFN2-xTB", "xtb version": "6.3.3 (7355c4f)", "Dipole module/D": 1.967, "Total charge": 0, "Transition dipole module/D": NaN, "HOMO": -11.2521, "LUMO": -6.4573, "HOMO occupancy": 2.0, "LUMO occupancy": 0, "mulliken charges": [-0.08324, -0.03757, -0.04871, -0.03943, -0.07839, 0.57327, -0.5279, -0.41865, 0.1754, 0.02825, 0.02556, 0.02927, 0.02634, 0.01988, 0.03581, 0.01939, 0.04091, 0.02474, 0.05306, 0.059, 0.03592, 0.04361, 0.04348], "cm5 charges": [-0.23357, -0.15011, -0.15861, -0.14781, -0.17703, 0.62231, -0.57854, -0.50567, 0.05574, 0.07904, 0.07684, 0.08056, 0.0811, 0.07459, 0.0938, 0.0749, 0.09885, 0.07977, 0.11249, 0.11686, 0.09497, 0.10482, 0.10471], "FUKUI+": [0.009, 0.005, 0.007, 0.021, 0.028, -0.189, -0.283, -0.126, 0.047, -0.022, -0.012, -0.006, -0.01, -0.018, 0.012, -0.019, -0.024, -0.055, -0.092, -0.1, -0.076, -0.048, -0.049], "FUKUI-": [0.022, 0.011, 0.014, 0.016, -0.001, -0.012, -0.111, -0.064, 0.02, -0.053, -0.073, -0.072, -0.091, -0.098, -0.082, -0.076, -0.052, -0.08, -0.048, -0.057, -0.052, -0.034, -0.028], "FUKUIrad": [0.016, 0.008, 0.011, 0.019, 0.014, -0.101, -0.197, -0.095, 0.034, -0.038, -0.042, -0.039, -0.051, -0.058, -0.035, -0.048, -0.038, -0.068, -0.07, -0.078, -0.064, -0.041, -0.039], "s proportion": [1.007, 1.027, 1.033, 1.03, 1.039, 0.991, 1.731, 1.698, 0.973, 0.972, 0.974, 0.971, 0.974, 0.98, 0.964, 0.981, 0.959, 0.975, 0.947, 0.941, 0.964, 0.956, 0.957], "p proportion": [3.076, 3.011, 3.016, 3.009, 3.039, 2.435, 4.797, 4.72, 2.852, 0.0, 0.0, 0.0, 0.0, 0.0, 0.0, 0.0, 0.0, 0.0, 0.0, 0.0, 0.0, 0.0, 0.0], "d proportion": [0.0, 0.0, 0.0, 0.0, 0.0, 0.0, 0.0, 0.0, 0.0, 0.0, 0.0, 0.0, 0.0, 0.0, 0.0, 0.0, 0.0, 0.0, 0.0, 0.0, 0.0, 0.0, 0.0], "Fermi-level/eV": -8.8547, "Coordination numbers": [3.75, 3.8, 3.801, 3.801, 3.802, 2.721, 0.856, 1.703, 3.655, 0.924, 0.924, 0.924, 0.924, 0.924, 0.924, 0.924, 0.924, 0.924, 0.924, 0.924, 0.924, 0.924, 0.924], "Dispersion coefficient C6": [22.484, 21.516, 21.641, 21.598, 22.187, 21.03, 21.704, 18.486, 20.288, 2.552, 2.56, 2.519, 2.537, 2.613, 2.434, 2.599, 2.297, 2.502, 2.112, 2.091, 2.156, 2.181, 2.178], "Total dispersion C6": 3952.639874, "Total dispersion C8": 83711.374364, "Polarizability alpha": [6.762, 6.604, 6.623, 6.617, 6.706, 7.507, 6.246, 5.805, 6.467, 2.498, 2.502, 2.482, 2.491, 2.528, 2.44, 2.521, 2.37, 2.473, 2.273, 2.262, 2.296, 2.309, 2.308], "Total polarizability alpha": 93.091265, "Wiberg matrix": [[0.0, 1.0203005553954552, 0.0, 0.0, 0.0, 0.0, 0.0, 0.0, 0.0, 0.9873074996927699, 0.9877114738115466, 0.9875460080524032, 0.0, 0.0, 0.0, 0.0, 0.0, 0.0, 0.0, 0.0, 0.0, 0.0, 0.0], [1.0203005553954552, 0.0, 1.0079276727582798, 0.0, 0.0, 0.0, 0.0, 0.0, 0.0, 0.0, 0.0, 0.0, 0.9778250053057926, 0.9779992345548894, 0.0, 0.0, 0.0, 0.0, 0.0, 0.0, 0.0, 0.0, 0.0], [0.0, 1.0079276727582798, 0.0, 1.007955497100099, 0.0, 0.0, 0.0, 0.0, 0.0, 0.0, 0.0, 0.0, 0.0, 0.0, 0.9763670116462704, 0.9769531656398087, 0.0, 0.0, 0.0, 0.0, 0.0, 0.0, 0.0], [0.0, 0.0, 1.007955497100099, 0.0, 1.0051831250556413, 0.0, 0.0, 0.0, 0.0, 0.0, 0.0, 0.0, 0.0, 0.0, 0.0, 0.0, 0.9748021725925198, 0.9767638024643662, 0.0, 0.0, 0.0, 0.0, 0.0], [0.0, 0.0, 0.0, 1.0051831250556413, 0.0, 0.9791156919087932, 0.0, 0.0, 0.0, 0.0, 0.0, 0.0, 0.0, 0.0, 0.0, 0.0, 0.0, 0.0, 0.9600383244248358, 0.9469053695848849, 0.0, 0.0, 0.0], [0.0, 0.0, 0.0, 0.0, 0.9791156919087932, 0.0, 1.7647333800482539, 1.1106656518247493, 0.0, 0.0, 0.0, 0.0, 0.0, 0.0, 0.0, 0.0, 0.0, 0.0, 0.0, 0.0, 0.0, 0.0, 0.0], [0.0, 0.0, 0.0, 0.0, 0.0, 1.7647333800482539, 0.0, 0.16841975498440925, 0.0, 0.0, 0.0, 0.0, 0.0, 0.0, 0.0, 0.0, 0.0, 0.0, 0.0, 0.0, 0.0, 0.0, 0.0], [0.0, 0.0, 0.0, 0.0, 0.0, 1.1106656518247493, 0.16841975498440925, 0.0, 0.9607463271208173, 0.0, 0.0, 0.0, 0.0, 0.0, 0.0, 0.0, 0.0, 0.0, 0.0, 0.0, 0.0, 0.0, 0.0], [0.0, 0.0, 0.0, 0.0, 0.0, 0.0, 0.0, 0.9607463271208173, 0.0, 0.0, 0.0, 0.0, 0.0, 0.0, 0.0, 0.0, 0.0, 0.0, 0.0, 0.0, 0.981895204900962, 0.9782421174831643, 0.9781564571148658], [0.9873074996927699, 0.0, 0.0, 0.0, 0.0, 0.0, 0.0, 0.0, 0.0, 0.0, 0.0, 0.0, 0.0, 0.0, 0.0, 0.0, 0.0, 0.0, 0.0, 0.0, 0.0, 0.0, 0.0], [0.9877114738115466, 0.0, 0.0, 0.0, 0.0, 0.0, 0.0, 0.0, 0.0, 0.0, 0.0, 0.0, 0.0, 0.0, 0.0, 0.0, 0.0, 0.0, 0.0, 0.0, 0.0, 0.0, 0.0], [0.9875460080524032, 0.0, 0.0, 0.0, 0.0, 0.0, 0.0, 0.0, 0.0, 0.0, 0.0, 0.0, 0.0, 0.0, 0.0, 0.0, 0.0, 0.0, 0.0, 0.0, 0.0, 0.0, 0.0], [0.0, 0.9778250053057926, 0.0, 0.0, 0.0, 0.0, 0.0, 0.0, 0.0, 0.0, 0.0, 0.0, 0.0, 0.0, 0.0, 0.0, 0.0, 0.0, 0.0, 0.0, 0.0, 0.0, 0.0], [0.0, 0.9779992345548894, 0.0, 0.0, 0.0, 0.0, 0.0, 0.0, 0.0, 0.0, 0.0, 0.0, 0.0, 0.0, 0.0, 0.0, 0.0, 0.0, 0.0, 0.0, 0.0, 0.0, 0.0], [0.0, 0.0, 0.9763670116462704, 0.0, 0.0, 0.0, 0.0, 0.0, 0.0, 0.0, 0.0, 0.0, 0.0, 0.0, 0.0, 0.0, 0.0, 0.0, 0.0, 0.0, 0.0, 0.0, 0.0], [0.0, 0.0, 0.9769531656398087, 0.0, 0.0, 0.0, 0.0, 0.0, 0.0, 0.0, 0.0, 0.0, 0.0, 0.0, 0.0, 0.0, 0.0, 0.0, 0.0, 0.0, 0.0, 0.0, 0.0], [0.0, 0.0, 0.0, 0.9748021725925198, 0.0, 0.0, 0.0, 0.0, 0.0, 0.0, 0.0, 0.0, 0.0, 0.0, 0.0, 0.0, 0.0, 0.0, 0.0, 0.0, 0.0, 0.0, 0.0], [0.0, 0.0, 0.0, 0.9767638024643662, 0.0, 0.0, 0.0, 0.0, 0.0, 0.0, 0.0, 0.0, 0.0, 0.0, 0.0, 0.0, 0.0, 0.0, 0.0, 0.0, 0.0, 0.0, 0.0], [0.0, 0.0, 0.0, 0.0, 0.9600383244248358, 0.0, 0.0, 0.0, 0.0, 0.0, 0.0, 0.0, 0.0, 0.0, 0.0, 0.0, 0.0, 0.0, 0.0, 0.0, 0.0, 0.0, 0.0], [0.0, 0.0, 0.0, 0.0, 0.9469053695848849, 0.0, 0.0, 0.0, 0.0, 0.0, 0.0, 0.0, 0.0, 0.0, 0.0, 0.0, 0.0, 0.0, 0.0, 0.0, 0.0, 0.0, 0.0], [0.0, 0.0, 0.0, 0.0, 0.0, 0.0, 0.0, 0.0, 0.981895204900962, 0.0, 0.0, 0.0, 0.0, 0.0, 0.0, 0.0, 0.0, 0.0, 0.0, 0.0, 0.0, 0.0, 0.0], [0.0, 0.0, 0.0, 0.0, 0.0, 0.0, 0.0, 0.0, 0.9782421174831643, 0.0, 0.0, 0.0, 0.0, 0.0, 0.0, 0.0, 0.0, 0.0, 0.0, 0.0, 0.0, 0.0, 0.0], [0.0, 0.0, 0.0, 0.0, 0.0, 0.0, 0.0, 0.0, 0.9781564571148658, 0.0, 0.0, 0.0, 0.0, 0.0, 0.0, 0.0, 0.0, 0.0, 0.0, 0.0, 0.0, 0.0, 0.0]], "Born radii": [], "Atomic SASAs": [], "Solvent H bonds": [], "Total SASA": NaN, "Total FOD": 0.0, "FOD": [0.0, 0.0, 0.0, 0.0, 0.0, 0.0, 0.0, 0.0, 0.0, 0.0, 0.0, 0.0, 0.0, 0.0, 0.0, 0.0, 0.0, 0.0, 0.0, 0.0, 0.0, 0.0, 0.0], "FOD s proportion": [0.0, 0.0, 0.0, 0.0, 0.0, 0.0, 0.0, 0.0, 0.0, 0.0, 0.0, 0.0, 0.0, 0.0, 0.0, 0.0, 0.0, 0.0, 0.0, 0.0, 0.0, 0.0, 0.0], "FOD p proportion": [0.0, 0.0, 0.0, 0.0, 0.0, 0.0, 0.0, 0.0, 0.0, 0.0, 0.0, 0.0, 0.0, 0.0, 0.0, 0.0, 0.0, 0.0, 0.0, 0.0, 0.0, 0.0, 0.0], "FOD d proportion": [0.0, 0.0, 0.0, 0.0, 0.0, 0.0, 0.0, 0.0, 0.0, 0.0, 0.0, 0.0, 0.0, 0.0, 0.0, 0.0, 0.0, 0.0, 0.0, 0.0, 0.0, 0.0, 0.0], "coordinates": [["-3.44090", "0.91610", "0.37300"], ["-2.59810", "-0.27320", "-0.05920"], ["-1.13070", "-0.09080", "0.32940"], ["-0.28790", "-1.29360", "-0.10610"], ["1.18110", "-1.15220", "0.29220"], ["1.92470", "-0.12680", "-0.53330"], ["1.53780", "0.35170", "-1.58960"], ["3.11410", "0.16290", "0.06810"], ["3.90580", "1.11590", "-0.64220"], ["-4.48600", "0.76460", "0.08550"], ["-3.40320", "1.04970", "1.45890"], ["-3.08890", "1.83880", "-0.09940"], ["-2.68280", "-0.39820", "-1.14490"], ["-2.99620", "-1.18320", "0.40460"], ["-0.74460", "0.82630", "-0.13030"], ["-1.05290", "0.03670", "1.41610"], ["-0.37480", "-1.43570", "-1.19010"], ["-0.68960", "-2.19780", "0.36750"], ["1.25210", "-0.87970", "1.35130"], ["1.68700", "-2.11330", "0.14600"], ["4.82620", "1.28130", "-0.07540"], ["4.17270", "0.73110", "-1.63140"], ["3.37500", "2.06940", "-0.72620"]], "bond_dist": [[0.0, 1.5203759962588201, 2.5204707119901237, 3.879912357257571, 5.064314122366423, 5.540639264561446, 5.381245191403194, 6.605172158997826, 7.419201572271777, 1.0944599170367089, 1.094736982110315, 1.0947333236912082, 2.1461874358965014, 2.1461167582403338, 2.7443411996324363, 2.750262891070597, 4.168358676985463, 4.155244294864022, 5.119200868299661, 5.96021407081994, 8.287302094771253, 7.87519836702543, 6.999631014560696], [1.5203759962588201, 0.0, 1.5289023775244777, 2.525953247785873, 3.8959563139234508, 4.549936659998686, 4.454019867490491, 5.7302371102773755, 6.676091897210523, 2.1591973832885216, 2.1686120054080673, 2.16865042826178, 1.096149433243479, 1.096218066809702, 2.1562508457969356, 2.1587475859859113, 2.751981822251012, 2.743816739507214, 4.145044335106682, 4.667992829900235, 7.585312332396077, 7.023116400146019, 6.45062689744183], [2.5204707119901237, 1.5289023775244777, 0.0, 1.5318942293774727, 2.544085894776354, 3.175061645070848, 3.3165131539012473, 4.2603953361161215, 5.269389309967522, 3.471200723092803, 2.7822233465342068, 2.7824041474954715, 2.1626533841556763, 2.1631188247528153, 1.0961157375022037, 1.0969165784142385, 2.1654147570384756, 2.1530141244311425, 2.7100514127964437, 3.47326576869666, 6.126269587603862, 5.713694759960493, 5.107062550037938], [3.879912357257571, 2.525953247785873, 1.5318942293774727, 0.0, 1.5285934220714152, 2.5376210985882035, 2.8707080711907995, 3.7047728526861134, 4.866231925216882, 4.6794167809674745, 4.200639710805962, 4.202091818368562, 2.759781261259667, 2.758240660276039, 2.1686716072287204, 2.1614846587473155, 1.0967223987864931, 1.096921824926462, 2.1603073785922224, 2.15306583968071, 5.725824945804753, 5.13058500952864, 5.011100619624395], [5.064314122366423, 3.8959563139234508, 2.544085894776354, 1.5285934220714152, 0.0, 1.5118982670801628, 2.43518404643263, 2.3486587278700153, 3.6662475448338183, 5.98605625934137, 5.217792539954037, 5.228033240139164, 4.190882439296049, 4.178926901729677, 2.793078765448622, 2.7690053123820473, 2.1675816824286, 2.144403865879746, 1.0958969203351199, 1.0959117026476177, 4.398159390017602, 4.024515673966247, 4.028528556433478], [5.540639264561446, 4.549936659998686, 3.175061645070848, 2.5376210985882035, 1.5118982670801628, 0.0, 1.2224661754011845, 1.363920969118079, 2.3411364142228024, 6.501890639652439, 5.808573964408132, 5.402595443858442, 4.655831694767327, 5.119657623318184, 2.862860649769737, 3.5627228870626464, 2.7262255409265026, 3.4547136104169334, 2.1379818357507157, 2.112849268168461, 3.257471453443606, 2.6448667301019158, 2.6389154855735715], [5.381245191403194, 4.454019867490491, 3.3165131539012473, 2.8707080711907995, 2.43518404643263, 1.2224661754011845, 0.0, 2.2952856946358553, 2.662516178354603, 6.265988578029806, 5.8475667802941755, 5.0831599758418, 4.309706771927761, 5.18554796043774, 2.750300239973811, 3.9806009571420247, 2.64810078546871, 3.9104349400034772, 3.2010722047464033, 3.018409018009322, 3.737717533468788, 2.6624029766359563, 2.6591834630201805], [6.605172158997826, 5.7302371102773755, 4.2603953361161215, 3.7047728526861134, 2.3486587278700153, 1.363920969118079, 2.2952856946358553, 0.0, 1.4281190356549414, 7.623900947677638, 6.722792438414264, 6.427589443951753, 5.948970652138065, 6.265858564474625, 3.9203351655183774, 4.381428926731552, 4.038689442133426, 4.486722471916443, 2.4901126480543003, 2.687707063651097, 2.0500481018746854, 2.0812941767083286, 2.0817597243678243], [7.419201572271777, 6.676091897210523, 5.269389309967522, 4.866231925216882, 3.6662475448338183, 2.3411364142228024, 2.662516178354603, 1.4281190356549414, 0.0, 8.430614818623846, 7.60529319947627, 7.052874898933058, 6.77900111078321, 7.349779251787091, 4.687443858863806, 5.476310548170183, 5.013421319817436, 5.754806942026813, 3.872800704916276, 3.9965066395540996, 1.0935060859455699, 1.094451136414961, 1.0945167381086505], [1.0944599170367089, 2.1591973832885216, 3.471200723092803, 4.6794167809674745, 5.98605625934137, 6.501890639652439, 6.265988578029806, 7.623900947677638, 8.430614818623846, 0.0, 1.7719947545069088, 1.7719994525958518, 2.47336172849828, 2.4729038982540343, 3.7481262638817276, 3.753200018650751, 4.834298386529322, 4.823690570507192, 6.101783652342976, 6.811159788171175, 9.327911692335, 8.827341250342595, 8.009786572062954], [1.094736982110315, 2.1686120054080673, 2.7822233465342068, 4.200639710805962, 5.217792539954037, 5.808573964408132, 5.8475667802941755, 6.722792438414264, 7.60529319947627, 1.7719947545069088, 0.0, 1.7747569382876067, 3.065153342004279, 2.5026066211052824, 3.1054175500244727, 2.559670082256696, 4.729230457484601, 4.370473105969193, 5.040434525911433, 6.135015195580203, 8.374409794725834, 8.188145141605636, 7.194334252729713], [1.0947333236912082, 2.16865042826178, 2.7824041474954715, 4.202091818368562, 5.228033240139164, 5.402595443858442, 5.0831599758418, 6.427589443951753, 7.052874898933058, 1.7719994525958518, 1.7747569382876067, 0.0, 2.502430110912191, 3.065141642730398, 2.553791994270481, 3.112812339348455, 4.3907078643426045, 4.718980362324048, 5.323443785746216, 6.203912989396289, 7.934745759001987, 7.503656298765288, 6.498311920029694], [2.1461874358965014, 1.096149433243479, 2.1626533841556763, 2.759781261259667, 4.190882439296049, 4.655831694767327, 4.309706771927761, 5.948970652138065, 6.77900111078321, 2.47336172849828, 3.065153342004279, 2.502430110912191, 0.0, 1.7650481041603372, 2.507076514588256, 3.0666648039849416, 2.5308720414118135, 3.082005866314988, 4.68468725743779, 4.868587357745571, 7.768502526227304, 6.964903516201785, 6.554487034848723], [2.1461167582403338, 1.096218066809702, 2.1631188247528153, 2.758240660276039, 4.178926901729677, 5.119657623318184, 5.18554796043774, 6.265858564474625, 7.349779251787091, 2.4729038982540343, 2.5026066211052824, 3.065141642730398, 1.7650481041603372, 0.0, 3.064948746716656, 2.507529291952539, 3.078727383189359, 2.5201573621502287, 4.3630730030564475, 4.781665213082154, 8.215479414495542, 7.694346476472189, 7.2422582693521775], [2.7443411996324363, 2.1562508457969356, 1.0961157375022037, 2.1686716072287204, 2.793078765448622, 2.862860649769737, 2.750300239973811, 3.9203351655183774, 4.687443858863806, 3.7481262638817276, 3.1054175500244727, 2.553791994270481, 2.507076514588256, 3.064948746716656, 0.0, 1.7634823531864445, 2.525187533629928, 3.065291283059409, 3.0153582622965382, 3.824953386644078, 5.589619991555777, 5.142198317840338, 4.3441338123957465], [2.750262891070597, 2.1587475859859113, 1.0969165784142385, 2.1614846587473155, 2.7690053123820473, 3.5627228870626464, 3.9806009571420247, 4.381428926731552, 5.476310548170183, 3.753200018650751, 2.559670082256696, 3.112812339348455, 3.0666648039849416, 2.507529291952539, 1.7634823531864445, 0.0, 3.069211594204609, 2.4949026233502583, 2.4813329079347652, 3.7071155930183783, 6.19172174923906, 6.089034650090275, 5.322369490180102], [4.168358676985463, 2.751981822251012, 2.1654147570384756, 1.0967223987864931, 2.1675816824286, 2.7262255409265026, 2.64810078546871, 4.038689442133426, 5.013421319817436, 4.834298386529322, 4.729230457484601, 4.3907078643426045, 2.5308720414118135, 3.078727383189359, 2.525187533629928, 3.069211594204609, 0.0, 1.7623884957636327, 3.068330746513485, 2.548592593962401, 5.972859121894639, 5.05663170302129, 5.15382666181159], [4.155244294864022, 2.743816739507214, 2.1530141244311425, 1.096921824926462, 2.144403865879746, 3.4547136104169334, 3.9104349400034772, 4.486722471916443, 5.754806942026813, 4.823690570507192, 4.370473105969193, 4.718980362324048, 3.082005866314988, 2.5201573621502287, 3.065291283059409, 2.4949026233502583, 1.7623884957636327, 0.0, 2.544690342654681, 2.3883948710378693, 6.536386376278563, 6.017974552122997, 5.993842564665843], [5.119200868299661, 4.145044335106682, 2.7100514127964437, 2.1603073785922224, 1.0958969203351199, 2.1379818357507157, 3.2010722047464033, 2.4901126480543003, 3.872800704916276, 6.101783652342976, 5.040434525911433, 5.323443785746216, 4.68468725743779, 4.3630730030564475, 3.0153582622965382, 2.4813329079347652, 3.068330746513485, 2.544690342654681, 0.0, 1.7786666522988506, 4.4135682502936335, 4.474492182359915, 4.1856781374109495], [5.96021407081994, 4.667992829900235, 3.47326576869666, 2.15306583968071, 1.0959117026476177, 2.112849268168461, 3.018409018009322, 2.687707063651097, 3.9965066395540996, 6.811159788171175, 6.135015195580203, 6.203912989396289, 4.868587357745571, 4.781665213082154, 3.824953386644078, 3.7071155930183783, 2.548592593962401, 2.3883948710378693, 1.7786666522988506, 0.0, 4.628920366564973, 4.174741502177111, 4.594023958361558], [8.287302094771253, 7.585312332396077, 6.126269587603862, 5.725824945804753, 4.398159390017602, 3.257471453443606, 3.737717533468788, 2.0500481018746854, 1.0935060859455699, 9.327911692335, 8.374409794725834, 7.934745759001987, 7.768502526227304, 8.215479414495542, 5.589619991555777, 6.19172174923906, 5.972859121894639, 6.536386376278563, 4.4135682502936335, 4.628920366564973, 0.0, 1.7750826149788073, 1.774999630985877], [7.87519836702543, 7.023116400146019, 5.713694759960493, 5.13058500952864, 4.024515673966247, 2.6448667301019158, 2.6624029766359563, 2.0812941767083286, 1.094451136414961, 8.827341250342595, 8.188145141605636, 7.503656298765288, 6.964903516201785, 7.694346476472189, 5.142198317840338, 6.089034650090275, 5.05663170302129, 6.017974552122997, 4.474492182359915, 4.174741502177111, 1.7750826149788073, 0.0, 1.8018765828990617], [6.999631014560696, 6.45062689744183, 5.107062550037938, 5.011100619624395, 4.028528556433478, 2.6389154855735715, 2.6591834630201805, 2.0817597243678243, 1.0945167381086505, 8.009786572062954, 7.194334252729713, 6.498311920029694, 6.554487034848723, 7.2422582693521775, 4.3441338123957465, 5.322369490180102, 5.15382666181159, 5.993842564665843, 4.1856781374109495, 4.594023958361558, 1.774999630985877, 1.8018765828990617, 0.0]]}