{"total energy": -56.3095163, "HOMO-LUMO gap/eV": 3.04551162, "electronic energy": -56.90589848, "dipole": [3.06794029, -1.9509945, 0.75833835], "partial charges": [-0.10813895, -0.07247646, 0.11803464, -0.19826113, 0.27540531, -0.42024748, -0.03106527, -0.01626219, -0.1071678, 0.09945648, -0.11984232, -0.06717298, 0.08020114, -0.19033752, 1.13603602, -0.45628943, -0.5759276, -0.57090736, 0.05276089, 0.0400711, 0.04195316, 0.05089422, 0.06298109, 0.01763109, 0.19201799, 0.10958477, 0.07139195, 0.17714885, 0.20367166, 0.20485611], "atomic dipole moments": [[-0.06714741, 0.08572804, -0.05806043], [-0.09477406, -0.107028, 0.02677532], [-0.08890878, 0.11007704, 0.04176382], [-0.00045769, -0.12789863, 0.01150522], [0.05729329, 0.01319575, 0.00299681], [0.08672998, -0.07453589, 0.16978278], [0.00596454, 0.014121, -0.01312576], [-0.02416452, -0.01987093, 0.05026944], [-0.14466369, -0.00050235, 0.01391687], [-0.159092, -0.06366134, 0.15167265], [-0.15622792, 0.11223624, -0.07794717], [-0.0450815, 0.02473746, -0.03876739], [0.11792008, -0.00549318, -0.01254054], [-0.02905626, -0.12758515, -0.13047782], [0.07714539, -0.06483177, 0.02123744], [-0.11434417, 0.15540833, -0.02265786], [0.0391857, -0.04012172, 0.18293837], [0.05945204, -0.08763744, -0.15642712], [0.12423537, 0.03035024, 0.0042033], [-0.03648338, -0.01302249, 0.11981848], [-0.00806792, -0.11330538, -0.05751104], [0.06068697, 0.01651701, -0.10867797], [0.02038467, 0.1125732, 0.06192172], [-0.02026853, -0.10082661, -0.05291011], [0.0536754, 0.03384725, -0.12025776], [-0.07387148, 0.05624916, -0.133944], [0.07071305, -0.04069073, 0.1295996], [0.0403688, -0.09690686, 0.07938794], [-0.06227864, 0.00653168, 0.09996901], [-0.05611232, -0.01642299, -0.10445671]], "atomic quadrupole moments": [[-0.03051524, -0.13191238, 0.06601641, 0.09001002, -0.13648888, -0.03550118], [0.20117775, -0.02605725, -0.0554456, 0.12064233, -0.12512937, -0.14573215], [0.07757678, -0.07760352, -0.19598641, -0.03700367, -0.2024693, 0.11840963], [0.01523873, -0.06350595, 0.02542624, 0.08715244, -0.05193184, -0.04066497], [-0.21276623, -0.04286044, 0.34515545, 0.00737289, 0.28788987, -0.13238922], [-0.10887442, -0.01509735, 0.14060936, 0.0287152, 0.10363875, -0.03173494], [-0.23984022, 0.00739455, 0.24017642, -0.07094718, 0.14118254, -0.0003362], [-0.25584132, 0.00393793, 0.44497592, -0.06774319, 0.32135571, -0.1891346], [0.18531066, -0.02946375, 0.15515903, 0.02336186, 0.23998141, -0.3404697], [-0.30812309, 0.06360111, 0.28177147, -0.23480938, 0.10485376, 0.02635162], [-0.10041361, 0.10050436, -0.11839188, -0.25304193, -0.17989024, 0.21880548], [-0.19751019, -0.00675094, 0.35702171, -0.03639794, 0.20004505, -0.15951152], [-0.09033595, -0.02316041, 0.30516696, -0.01000523, 0.24600394, -0.21483101], [0.04784814, 0.00944757, -0.10411002, -0.08228381, 0.02799127, 0.05626188], [0.12434319, 0.15785957, 0.18252124, 0.00141416, -0.12444577, -0.30686443], [-0.09467798, 0.10960656, 0.21503089, -0.01209178, -0.04019291, -0.12035291], [-0.06903655, -0.00409388, -0.06916721, 0.06138796, -0.06073799, 0.13820376], [-0.04938202, -0.03781466, -0.02357248, -0.07787689, 0.10143168, 0.0729545], [0.06805392, 0.03289424, -0.02505691, 0.00429319, -0.01308931, -0.04299701], [-0.02399677, -0.01064329, -0.03408927, -0.04728411, -0.00759474, 0.05808605], [-0.04496572, 0.01109976, 0.04741956, 0.01884582, 0.04819514, -0.00245384], [-0.00936655, -0.01185432, -0.04084625, -0.02464015, -0.00961845, 0.05021279], [-0.02756176, -0.01231164, 0.02882721, 0.0068994, 0.0398738, -0.00126545], [-0.01146824, -0.006949, 0.01225595, -0.00012903, -0.00654677, -0.00078771], [0.03459193, 0.00205455, -0.03806914, -0.02615754, -0.03460404, 0.00347721], [0.04232745, 0.00760374, -0.04473201, -0.00887054, -0.02184293, 0.00240456], [0.02733716, 0.00077761, -0.04743316, 0.00143828, -0.03233371, 0.02009601], [0.01450594, -0.02023223, -0.03991075, 0.0115052, -0.04080163, 0.02540482], [-0.02683995, 0.04882777, -0.02471132, -0.06642522, -0.04333463, 0.05155127], [-0.03446881, 0.05724385, -0.00191081, 0.04805331, 0.05614318, 0.03637961]], "number of molecular orbitals": 94, "number of electrons": 98, "number of unpaired electrons": 0, "orbital energies/eV": [-29.00144752, -21.14373811, -19.32237471, -19.21795205, -18.88760585, -18.44870778, -18.24921614, -18.17993934, -17.96787871, -17.68737687, -17.45131501, -17.29379898, -17.17659623, -16.79914306, -16.63833898, -16.40429469, -16.07256906, -16.03918851, -15.83688318, -15.39681943, -15.04849704, -15.01377363, -14.79738135, -14.7825324, -14.66048468, -14.44390722, -14.39884798, -14.27201263, -14.21906697, -14.0856069, -13.93561084, -13.76316923, -13.52536622, -13.4426539, -13.31504611, -12.94754335, -12.80062835, -12.68657727, -12.61371757, -12.45044811, -12.28946986, -12.00115972, -11.89167519, -11.63235988, -11.57250578, -11.43886516, -11.40103469, -11.07876426, -10.89504926, -7.84953765, -7.26526351, -5.81001547, -4.45204145, -3.60482431, -3.19799818, -2.39071895, -1.63342066, -0.85293336, -0.69877057, -0.23743862, 0.05873066, 0.1205306, 0.12760984, 0.46745523, 1.02840744, 1.66642775, 1.82237495, 2.45586155, 2.60845954, 2.93437751, 2.95126855, 3.31889829, 3.75912642, 3.93770687, 4.08457349, 4.36138926, 4.71423904, 4.9477932, 5.28373624, 5.47329053, 6.31169918, 6.43638818, 6.75622604, 7.12083886, 9.07039682, 9.41581784, 10.33549682, 11.1174526, 14.19151567, 14.79963364, 15.92877946, 17.70576729, 26.7776134, 31.54295425], "fractional occupation": [2.0, 2.0, 2.0, 2.0, 2.0, 2.0, 2.0, 2.0, 2.0, 2.0, 2.0, 2.0, 2.0, 2.0, 2.0, 2.0, 2.0, 2.0, 2.0, 2.0, 2.0, 2.0, 2.0, 2.0, 2.0, 2.0, 2.0, 2.0, 2.0, 2.0, 2.0, 2.0, 2.0, 2.0, 2.0, 2.0, 2.0, 2.0, 2.0, 2.0, 2.0, 2.0, 2.0, 2.0, 2.0, 2.0, 2.0, 2.0, 2.0, 0.0, 0.0, 0.0, 0.0, 0.0, 0.0, 0.0, 0.0, 0.0, 0.0, 0.0, 0.0, 0.0, 0.0, 0.0, 0.0, 0.0, 0.0, 0.0, 0.0, 0.0, 0.0, 0.0, 0.0, 0.0, 0.0, 0.0, 0.0, 0.0, 0.0, 0.0, 0.0, 0.0, 0.0, 0.0, 0.0, 0.0, 0.0, 0.0, 0.0, 0.0, 0.0, 0.0, 0.0, 0.0], "program call": "xtb /home/svss/Project-DBcg-Debug/aqme2_20220329/End-to-End-workflows-final/example-3/QDESCP/mol_731_rdkit_conf_10/mol_731_rdkit_conf_10.xyz --pop --wbo --acc 0.2 --gfn 2 --chrg 0 --uhf 0 --etemp 300 --input /home/svss/Project-DBcg-Debug/aqme2_20220329/End-to-End-workflows-final/example-3/QDESCP/mol_731_rdkit_conf_10/mol_731_rdkit_conf_10_xtb.inp", "method": "GFN2-xTB", "xtb version": "6.3.3 (7355c4f)", "Dipole module/D": 9.44, "Total charge": 0, "Transition dipole module/D": NaN, "HOMO": -10.895, "LUMO": -7.8495, "HOMO occupancy": 2.0, "LUMO occupancy": 0, "mulliken charges": [-0.08635, -0.05966, 0.24259, -0.36562, 0.47667, -0.54593, -0.07457, 0.01594, 0.02915, 0.12102, -0.05728, -0.09537, 0.15904, -0.36459, 0.52429, -0.3992, -0.40584, -0.39994, 0.04362, 0.03057, 0.03161, 0.037, 0.0454, 0.02454, 0.24295, 0.09352, 0.04755, 0.21784, 0.23284, 0.23822], "cm5 charges": [-0.23555, -0.15889, 0.29499, -0.71487, 0.57659, -0.5887, -0.06666, -0.02898, 0.04297, 0.11934, -0.05634, -0.13958, 0.216, -0.70589, 0.63849, -0.82566, -0.45671, -0.44754, 0.09448, 0.08386, 0.08341, 0.09487, 0.10465, 0.10366, 0.44188, 0.15822, 0.10735, 0.41168, 0.4236, 0.42933], "FUKUI+": [0.011, 0.007, 0.012, -0.043, -0.04, -0.117, -0.052, -0.026, -0.02, -0.063, -0.133, -0.022, -0.036, -0.033, -0.041, 0.002, -0.028, -0.026, -0.024, -0.006, -0.012, -0.022, -0.016, -0.031, -0.044, -0.052, -0.061, -0.038, -0.019, -0.025], "FUKUI-": [0.013, 0.004, 0.014, -0.052, -0.005, -0.097, -0.03, -0.01, -0.025, -0.009, -0.112, -0.015, -0.01, -0.07, -0.055, -0.036, -0.046, -0.044, -0.034, -0.012, -0.016, -0.029, -0.025, -0.075, -0.041, -0.033, -0.038, -0.042, -0.034, -0.038], "FUKUIrad": [0.012, 0.006, 0.013, -0.047, -0.023, -0.107, -0.041, -0.018, -0.022, -0.036, -0.123, -0.019, -0.023, -0.052, -0.048, -0.017, -0.037, -0.035, -0.029, -0.009, -0.014, -0.025, -0.021, -0.053, -0.042, -0.043, -0.05, -0.04, -0.027, -0.032], "s proportion": [1.009, 1.037, 1.01, 1.431, 0.988, 1.727, 1.08, 1.075, 1.073, 1.086, 1.945, 1.06, 1.053, 1.452, 1.704, 1.465, 1.722, 1.722, 0.956, 0.969, 0.968, 0.963, 0.955, 0.975, 0.757, 0.906, 0.952, 0.782, 0.767, 0.762], "p proportion": [3.077, 3.023, 2.747, 3.935, 2.535, 4.819, 2.995, 2.909, 2.898, 2.793, 5.124, 3.035, 2.788, 3.913, 2.806, 3.935, 4.684, 4.678, 0.0, 0.0, 0.0, 0.0, 0.0, 0.0, 0.0, 0.0, 0.0, 0.0, 0.0, 0.0], "d proportion": [0.0, 0.0, 0.0, 0.0, 0.0, 0.0, 0.0, 0.0, 0.0, 0.0, -0.011, 0.0, 0.0, 0.0, 0.965, 0.0, 0.0, 0.0, 0.0, 0.0, 0.0, 0.0, 0.0, 0.0, 0.0, 0.0, 0.0, 0.0, 0.0, 0.0], "Fermi-level/eV": -9.3723, "Coordination numbers": [3.749, 3.803, 3.739, 2.694, 2.764, 0.859, 2.977, 2.961, 2.978, 2.905, 0.967, 2.968, 2.91, 2.691, 3.702, 2.632, 0.86, 0.86, 0.924, 0.924, 0.924, 0.924, 0.924, 0.923, 0.86, 0.925, 0.925, 0.86, 0.863, 0.863], "Dispersion coefficient C6": [22.633, 21.884, 18.727, 25.305, 22.343, 22.089, 28.769, 28.414, 30.701, 25.796, 102.893, 29.669, 26.211, 25.128, 102.835, 31.99, 25.533, 25.413, 2.286, 2.448, 2.423, 2.309, 2.165, 2.77, 1.148, 1.7, 2.07, 1.23, 1.087, 1.081], "Total dispersion C6": 13720.017675, "Total dispersion C8": 363225.762714, "Polarizability alpha": [6.785, 6.66, 6.175, 7.471, 7.741, 6.301, 8.798, 8.743, 9.089, 8.328, 15.519, 8.935, 8.395, 7.445, 17.068, 8.4, 6.775, 6.759, 2.364, 2.447, 2.434, 2.376, 2.301, 2.603, 1.678, 2.039, 2.25, 1.738, 1.633, 1.629], "Total polarizability alpha": 180.878469, "Wiberg matrix": [[0.0, 1.0198225180642018, 0.0, 0.0, 0.0, 0.0, 0.0, 0.0, 0.0, 0.0, 0.0, 0.0, 0.0, 0.0, 0.0, 0.0, 0.0, 0.0, 0.9849463968896199, 0.9840557243822122, 0.9865131171864501, 0.0, 0.0, 0.0, 0.0, 0.0, 0.0, 0.0, 0.0, 0.0], [1.0198225180642018, 0.0, 0.9878485233754376, 0.0, 0.0, 0.0, 0.0, 0.0, 0.0, 0.0, 0.0, 0.0, 0.0, 0.0, 0.0, 0.0, 0.0, 0.0, 0.0, 0.0, 0.0, 0.9727598774768268, 0.9738268011678237, 0.0, 0.0, 0.0, 0.0, 0.0, 0.0, 0.0], [0.0, 0.9878485233754376, 0.0, 0.9900998045288977, 0.0, 0.0, 0.0, 0.0, 0.0, 0.0, 0.0, 0.0, 0.0, 0.984898017907067, 0.0, 0.0, 0.0, 0.0, 0.0, 0.0, 0.0, 0.0, 0.0, 0.9486352875395507, 0.0, 0.0, 0.0, 0.0, 0.0, 0.0], [0.0, 0.0, 0.9900998045288977, 0.0, 1.1939151598675415, 0.18165884268712792, 0.0, 0.0, 0.0, 0.0, 0.0, 0.0, 0.0, 0.0, 0.0, 0.0, 0.0, 0.0, 0.0, 0.0, 0.0, 0.0, 0.0, 0.0, 0.9296163376739315, 0.0, 0.0, 0.0, 0.0, 0.0], [0.0, 0.0, 0.0, 1.1939151598675415, 0.0, 1.682244718858553, 1.0158035409001216, 0.0, 0.0, 0.0, 0.0, 0.0, 0.0, 0.0, 0.0, 0.0, 0.0, 0.0, 0.0, 0.0, 0.0, 0.0, 0.0, 0.0, 0.0, 0.0, 0.0, 0.0, 0.0, 0.0], [0.0, 0.0, 0.0, 0.18165884268712792, 1.682244718858553, 0.0, 0.0, 0.0, 0.0, 0.0, 0.0, 0.0, 0.0, 0.0, 0.0, 0.0, 0.0, 0.0, 0.0, 0.0, 0.0, 0.0, 0.0, 0.0, 0.0, 0.0, 0.0, 0.0, 0.0, 0.0], [0.0, 0.0, 0.0, 0.0, 1.0158035409001216, 0.0, 0.0, 1.4082098418714484, 0.0, 0.0, 0.0, 0.0, 1.299632766608681, 0.0, 0.0, 0.0, 0.0, 0.0, 0.0, 0.0, 0.0, 0.0, 0.0, 0.0, 0.0, 0.0, 0.0, 0.0, 0.0, 0.0], [0.0, 0.0, 0.0, 0.0, 0.0, 0.0, 1.4082098418714484, 0.0, 1.4093041297248143, 0.0, 0.0, 0.0, 0.0, 0.0, 0.0, 0.0, 0.0, 0.0, 0.0, 0.0, 0.0, 0.0, 0.0, 0.0, 0.0, 0.9528987302525724, 0.0, 0.0, 0.0, 0.0], [0.0, 0.0, 0.0, 0.0, 0.0, 0.0, 0.0, 1.4093041297248143, 0.0, 1.366711162095192, 0.0, 0.0, 0.0, 0.0, 0.7683908570536405, 0.0, 0.0, 0.0, 0.0, 0.0, 0.0, 0.0, 0.0, 0.0, 0.0, 0.0, 0.0, 0.0, 0.0, 0.0], [0.0, 0.0, 0.0, 0.0, 0.0, 0.0, 0.0, 0.0, 1.366711162095192, 0.0, 1.0081993769862294, 1.407298437897352, 0.0, 0.0, 0.0, 0.0, 0.0, 0.0, 0.0, 0.0, 0.0, 0.0, 0.0, 0.0, 0.0, 0.0, 0.0, 0.0, 0.0, 0.0], [0.0, 0.0, 0.0, 0.0, 0.0, 0.0, 0.0, 0.0, 0.0, 1.0081993769862294, 0.0, 0.0, 0.0, 0.0, 0.0, 0.0, 0.0, 0.0, 0.0, 0.0, 0.0, 0.0, 0.0, 0.0, 0.0, 0.0, 0.0, 0.0, 0.0, 0.0], [0.0, 0.0, 0.0, 0.0, 0.0, 0.0, 0.0, 0.0, 0.0, 1.407298437897352, 0.0, 0.0, 1.3591421820873444, 0.0, 0.0, 0.0, 0.0, 0.0, 0.0, 0.0, 0.0, 0.0, 0.0, 0.0, 0.0, 0.0, 0.9625361342560825, 0.0, 0.0, 0.0], [0.0, 0.0, 0.0, 0.0, 0.0, 0.0, 1.299632766608681, 0.0, 0.0, 0.0, 0.0, 1.3591421820873444, 0.0, 1.1492597715645732, 0.0, 0.0, 0.0, 0.0, 0.0, 0.0, 0.0, 0.0, 0.0, 0.0, 0.0, 0.0, 0.0, 0.0, 0.0, 0.0], [0.0, 0.0, 0.984898017907067, 0.0, 0.0, 0.0, 0.0, 0.0, 0.0, 0.0, 0.0, 0.0, 1.1492597715645732, 0.0, 0.0, 0.0, 0.0, 0.0, 0.0, 0.0, 0.0, 0.0, 0.0, 0.0, 0.0, 0.0, 0.0, 0.9335708522710477, 0.0, 0.0], [0.0, 0.0, 0.0, 0.0, 0.0, 0.0, 0.0, 0.0, 0.7683908570536405, 0.0, 0.0, 0.0, 0.0, 0.0, 0.0, 0.9448073034629128, 1.606450833979746, 1.606545726865171, 0.0, 0.0, 0.0, 0.0, 0.0, 0.0, 0.0, 0.0, 0.0, 0.0, 0.0, 0.0], [0.0, 0.0, 0.0, 0.0, 0.0, 0.0, 0.0, 0.0, 0.0, 0.0, 0.0, 0.0, 0.0, 0.0, 0.9448073034629128, 0.0, 0.0, 0.0, 0.0, 0.0, 0.0, 0.0, 0.0, 0.0, 0.0, 0.0, 0.0, 0.0, 0.9403696817299039, 0.9400555453786485], [0.0, 0.0, 0.0, 0.0, 0.0, 0.0, 0.0, 0.0, 0.0, 0.0, 0.0, 0.0, 0.0, 0.0, 1.606450833979746, 0.0, 0.0, 0.11468605632629231, 0.0, 0.0, 0.0, 0.0, 0.0, 0.0, 0.0, 0.0, 0.0, 0.0, 0.0, 0.0], [0.0, 0.0, 0.0, 0.0, 0.0, 0.0, 0.0, 0.0, 0.0, 0.0, 0.0, 0.0, 0.0, 0.0, 1.606545726865171, 0.0, 0.11468605632629231, 0.0, 0.0, 0.0, 0.0, 0.0, 0.0, 0.0, 0.0, 0.0, 0.0, 0.0, 0.0, 0.0], [0.9849463968896199, 0.0, 0.0, 0.0, 0.0, 0.0, 0.0, 0.0, 0.0, 0.0, 0.0, 0.0, 0.0, 0.0, 0.0, 0.0, 0.0, 0.0, 0.0, 0.0, 0.0, 0.0, 0.0, 0.0, 0.0, 0.0, 0.0, 0.0, 0.0, 0.0], [0.9840557243822122, 0.0, 0.0, 0.0, 0.0, 0.0, 0.0, 0.0, 0.0, 0.0, 0.0, 0.0, 0.0, 0.0, 0.0, 0.0, 0.0, 0.0, 0.0, 0.0, 0.0, 0.0, 0.0, 0.0, 0.0, 0.0, 0.0, 0.0, 0.0, 0.0], [0.9865131171864501, 0.0, 0.0, 0.0, 0.0, 0.0, 0.0, 0.0, 0.0, 0.0, 0.0, 0.0, 0.0, 0.0, 0.0, 0.0, 0.0, 0.0, 0.0, 0.0, 0.0, 0.0, 0.0, 0.0, 0.0, 0.0, 0.0, 0.0, 0.0, 0.0], [0.0, 0.9727598774768268, 0.0, 0.0, 0.0, 0.0, 0.0, 0.0, 0.0, 0.0, 0.0, 0.0, 0.0, 0.0, 0.0, 0.0, 0.0, 0.0, 0.0, 0.0, 0.0, 0.0, 0.0, 0.0, 0.0, 0.0, 0.0, 0.0, 0.0, 0.0], [0.0, 0.9738268011678237, 0.0, 0.0, 0.0, 0.0, 0.0, 0.0, 0.0, 0.0, 0.0, 0.0, 0.0, 0.0, 0.0, 0.0, 0.0, 0.0, 0.0, 0.0, 0.0, 0.0, 0.0, 0.0, 0.0, 0.0, 0.0, 0.0, 0.0, 0.0], [0.0, 0.0, 0.9486352875395507, 0.0, 0.0, 0.0, 0.0, 0.0, 0.0, 0.0, 0.0, 0.0, 0.0, 0.0, 0.0, 0.0, 0.0, 0.0, 0.0, 0.0, 0.0, 0.0, 0.0, 0.0, 0.0, 0.0, 0.0, 0.0, 0.0, 0.0], [0.0, 0.0, 0.0, 0.9296163376739315, 0.0, 0.0, 0.0, 0.0, 0.0, 0.0, 0.0, 0.0, 0.0, 0.0, 0.0, 0.0, 0.0, 0.0, 0.0, 0.0, 0.0, 0.0, 0.0, 0.0, 0.0, 0.0, 0.0, 0.0, 0.0, 0.0], [0.0, 0.0, 0.0, 0.0, 0.0, 0.0, 0.0, 0.9528987302525724, 0.0, 0.0, 0.0, 0.0, 0.0, 0.0, 0.0, 0.0, 0.0, 0.0, 0.0, 0.0, 0.0, 0.0, 0.0, 0.0, 0.0, 0.0, 0.0, 0.0, 0.0, 0.0], [0.0, 0.0, 0.0, 0.0, 0.0, 0.0, 0.0, 0.0, 0.0, 0.0, 0.0, 0.9625361342560825, 0.0, 0.0, 0.0, 0.0, 0.0, 0.0, 0.0, 0.0, 0.0, 0.0, 0.0, 0.0, 0.0, 0.0, 0.0, 0.0, 0.0, 0.0], [0.0, 0.0, 0.0, 0.0, 0.0, 0.0, 0.0, 0.0, 0.0, 0.0, 0.0, 0.0, 0.0, 0.9335708522710477, 0.0, 0.0, 0.0, 0.0, 0.0, 0.0, 0.0, 0.0, 0.0, 0.0, 0.0, 0.0, 0.0, 0.0, 0.0, 0.0], [0.0, 0.0, 0.0, 0.0, 0.0, 0.0, 0.0, 0.0, 0.0, 0.0, 0.0, 0.0, 0.0, 0.0, 0.0, 0.9403696817299039, 0.0, 0.0, 0.0, 0.0, 0.0, 0.0, 0.0, 0.0, 0.0, 0.0, 0.0, 0.0, 0.0, 0.0], [0.0, 0.0, 0.0, 0.0, 0.0, 0.0, 0.0, 0.0, 0.0, 0.0, 0.0, 0.0, 0.0, 0.0, 0.0, 0.9400555453786485, 0.0, 0.0, 0.0, 0.0, 0.0, 0.0, 0.0, 0.0, 0.0, 0.0, 0.0, 0.0, 0.0, 0.0]], "Born radii": [], "Atomic SASAs": [], "Solvent H bonds": [], "Total SASA": NaN, "Total FOD": 0.0, "FOD": [0.0, 0.0, 0.0, 0.0, 0.0, 0.0, 0.0, 0.0, 0.0, 0.0, 0.0, 0.0, 0.0, 0.0, 0.0, 0.0, 0.0, 0.0, 0.0, 0.0, 0.0, 0.0, 0.0, 0.0, 0.0, 0.0, 0.0, 0.0, 0.0, 0.0], "FOD s proportion": [0.0, 0.0, 0.0, 0.0, 0.0, 0.0, 0.0, 0.0, 0.0, 0.0, 0.0, 0.0, 0.0, 0.0, 0.0, 0.0, 0.0, 0.0, 0.0, 0.0, 0.0, 0.0, 0.0, 0.0, 0.0, 0.0, 0.0, 0.0, 0.0, 0.0], "FOD p proportion": [0.0, 0.0, 0.0, 0.0, 0.0, 0.0, 0.0, 0.0, 0.0, 0.0, 0.0, 0.0, 0.0, 0.0, 0.0, 0.0, 0.0, 0.0, 0.0, 0.0, 0.0, 0.0, 0.0, 0.0, 0.0, 0.0, 0.0, 0.0, 0.0, 0.0], "FOD d proportion": [0.0, 0.0, 0.0, 0.0, 0.0, 0.0, 0.0, 0.0, 0.0, 0.0, 0.0, 0.0, 0.0, 0.0, 0.0, 0.0, 0.0, 0.0, 0.0, 0.0, 0.0, 0.0, 0.0, 0.0, 0.0, 0.0, 0.0, 0.0, 0.0, 0.0], "coordinates": [["4.52150", "-0.47000", "0.25290"], ["3.74700", "0.60720", "-0.49470"], ["2.26590", "0.26050", "-0.68440"], ["1.64070", "1.20590", "-1.56590"], ["0.28210", "1.22070", "-1.73530"], ["-0.23620", "1.67830", "-2.74510"], ["-0.51620", "0.66980", "-0.62270"], ["-1.91200", "0.64830", "-0.68790"], ["-2.64600", "0.17870", "0.40900"], ["-1.98250", "-0.24310", "1.56460"], ["-2.78270", "-0.82620", "2.98060"], ["-0.57920", "-0.21160", "1.60970"], ["0.17030", "0.20750", "0.50550"], ["1.56930", "0.30000", "0.59290"], ["-4.40580", "0.17940", "0.29710"], ["-4.79890", "-1.44530", "0.45740"], ["-4.79130", "0.51100", "-1.05590"], ["-4.96090", "0.86870", "1.43600"], ["5.58380", "-0.20830", "0.29330"], ["4.16760", "-0.57960", "1.28220"], ["4.43080", "-1.43830", "-0.24940"], ["4.21670", "0.74500", "-1.47710"], ["3.85120", "1.56160", "0.03700"], ["2.16710", "-0.73460", "-1.13780"], ["2.13630", "1.48200", "-2.40240"], ["-2.41150", "1.01480", "-1.58380"], ["-0.06740", "-0.51810", "2.51960"], ["1.95430", "-0.34870", "1.27340"], ["-5.33460", "-1.58600", "1.31570"], ["-5.27950", "-1.76560", "-0.38440"]], "bond_dist": [[0.0, 1.522864357058763, 2.5494887526717975, 3.7967990320795226, 4.978344914728187, 6.019875927292854, 5.2387251015872165, 6.597395075330868, 7.198488393405937, 6.638829452546585, 7.805034488713038, 5.28439374857703, 4.4108677660977325, 3.069850947521719, 8.950997670092422, 9.37352049659038, 9.455345698598228, 9.649235879591709, 1.094806074151948, 1.0939450900296595, 1.0945942947046636, 2.135890455992535, 2.150189168422165, 2.7472275133304844, 4.068181550766878, 7.324246509368728, 5.118422189503324, 2.7652576335668977, 9.975856206361437, 9.906782103690379], [1.522864357058763, 0.0, 1.532920151214668, 2.4377060569313933, 3.731085983999833, 4.69866338547464, 4.2655804997678795, 5.662446154269372, 6.470759997094623, 6.147430099643264, 7.534542304612803, 4.880055249687241, 3.735363840377534, 2.4534919787926754, 8.202323324522144, 8.8403426104422, 8.557263976879526, 8.92320049926034, 2.1586612726409857, 2.1777906717588813, 2.1706738078301857, 1.0975958682502411, 1.097470678423802, 2.170273913587868, 2.645552649258752, 6.267327885151694, 4.990185561680047, 2.693268592249945, 9.516466411436546, 9.33381209260182], [2.5494887526717975, 1.532920151214668, 0.0, 1.4358615706258036, 2.441687385805152, 3.5379578488161783, 2.8127235537819923, 4.195860996267631, 5.03279012179129, 4.833271823516654, 6.3325748199290945, 3.6851549804587593, 2.410437796334931, 1.4554405175066412, 6.743997356909327, 7.356959964550575, 7.07140964306269, 7.555967286853483, 3.490577479443767, 2.861773306885086, 2.7860255652093358, 2.160725382828647, 2.1740412277599526, 1.0979786017951352, 2.111961744445197, 4.82244332366903, 4.039322078022499, 2.0739334704854926, 8.073262197525855, 7.8184488467981925], [3.7967990320795226, 2.4377060569313933, 1.4358615706258036, 0.0, 1.3692002629272315, 2.2663689042166104, 2.414383370552407, 3.701821045107394, 4.830234646474227, 5.002720209046275, 6.6608227885149445, 4.125736009489701, 2.7293912654656167, 2.342257502923195, 6.40972959648065, 7.25196886990009, 6.48949998150859, 7.2599056474585115, 4.583080174947848, 4.205342729195802, 4.063203649831005, 2.6184136896220203, 2.7535651708285385, 2.055701053168967, 1.010733802739376, 4.056743085284056, 4.751956634903142, 3.252191662556191, 8.046933220799088, 7.623314406477014], [4.978344914728187, 3.731085983999833, 2.441687385805152, 1.3692002629272315, 0.0, 1.2238172616857468, 1.4760259008567567, 2.497751654988942, 3.7759179148916884, 4.261509545923839, 5.985191012824903, 3.7392975249370033, 2.461759151501219, 2.8151532054223973, 5.214533714532873, 6.142641963357461, 5.1676538206424, 6.137596980089194, 5.853655426312691, 5.23865408191837, 5.146833152531758, 3.9716539237451194, 3.9994668282159807, 2.780904410439165, 1.9878022386545395, 2.7057028698657954, 4.609745079719702, 3.7830602546086944, 6.980937242233309, 6.455564503589131], [6.019875927292854, 4.69866338547464, 3.5379578488161783, 2.2663689042166104, 1.2238172616857468, 0.0, 2.3664433249076557, 2.846274315662494, 4.24314541466587, 5.031387059251156, 6.7483941045259055, 4.759585491405738, 3.5909462889327655, 4.037546921089587, 5.374685684763342, 6.389922886858651, 4.996490962665698, 6.360804938056188, 6.83107122785292, 6.380494662641762, 6.141872926884762, 4.723048941097266, 4.945759603943564, 3.765813403502622, 2.405147236657249, 2.5535818040548453, 5.70698979235113, 5.005533088493173, 7.289679944277389, 6.547383186434104], [5.2387251015872165, 4.2655804997678795, 2.8127235537819923, 2.414383370552407, 1.4760259008567567, 2.3664433249076557, 0.0, 1.3974873630913447, 2.4169468632967503, 2.787059990384132, 4.512073707288035, 2.4009258047678195, 1.399227922820296, 2.4420781416654136, 4.026848936823928, 4.897119899491945, 4.299925544704234, 4.9023632046187675, 6.230579075013814, 5.208418839724778, 5.390384726529266, 4.8099892733768135, 4.506073023154419, 3.0720947674184793, 3.2958697152648493, 2.152881859276073, 3.3891853209879215, 3.276569503306774, 5.662420574277401, 5.3550898162402465], [6.597395075330868, 5.662446154269372, 4.195860996267631, 3.701821045107394, 2.497751654988942, 2.846274315662494, 1.3974873630913447, 0.0, 1.4008817830209657, 2.423493441295024, 4.048476378836858, 2.791907879927273, 2.440180626511079, 3.7257497527343406, 2.721971831228237, 3.7455393016226646, 2.9059669268592856, 3.7222733080739783, 7.608122938018286, 6.507731446518057, 6.691583792346921, 6.180060778018288, 5.879972035647788, 4.330574930652973, 4.474740085189306, 1.0892471299021176, 3.8795739933657662, 4.448480907006346, 4.5519995836994545, 4.154405097002457], [7.198488393405937, 6.470759997094623, 5.03279012179129, 4.830234646474227, 3.7759179148916884, 4.24314541466587, 2.4169468632967503, 1.4008817830209657, 0.0, 1.397697696213312, 2.7643511824657883, 2.4219159399120356, 2.8180999591923634, 4.221052829567524, 1.763354229869881, 2.6971646167781453, 2.61890576195479, 2.6248030421347806, 8.239706519652264, 6.91105216953251, 7.288983317308388, 7.139658268432741, 6.65314994946003, 5.137376639881488, 5.698504552950712, 2.1737767364658223, 3.404312053851703, 4.710424419306609, 3.341383087884417, 3.3682500352556963], [6.638829452546585, 6.147430099643264, 4.833271823516654, 5.002720209046275, 4.261509545923839, 5.031387059251156, 2.787059990384132, 2.423493441295024, 1.397697696213312, 0.0, 1.7278257001213984, 1.404377851576989, 2.4411638638157824, 3.72215552334934, 2.7672089530788964, 3.2562686682766206, 3.914721509890582, 3.1817453952194223, 7.67243836208542, 6.165769377782468, 6.771227062357309, 6.975554539963113, 6.294645306925562, 4.97631572249993, 5.973070604806208, 3.4174224160908175, 2.1576046927090236, 3.948967338431656, 3.619655512614426, 4.121506551007774], [7.805034488713038, 7.534542304612803, 6.3325748199290945, 6.6608227885149445, 5.985191012824903, 6.7483941045259055, 4.512073707288035, 4.048476378836858, 2.7643511824657883, 1.7278257001213984, 0.0, 2.666929361644211, 3.9893438934240804, 5.0901219759451735, 3.2934567281201677, 3.288599320379422, 4.702755580508092, 3.16275677376557, 8.809182933166957, 7.159053304033991, 7.927303996946251, 8.44578942965073, 7.640353330180484, 6.439730519206529, 7.648597076588621, 4.935667918326759, 2.7713355444622723, 5.057836206323807, 3.140283691006276, 4.294148064517571], [5.28439374857703, 4.880055249687241, 3.6851549804587593, 4.125736009489701, 3.7392975249370033, 4.759585491405738, 2.4009258047678195, 2.791907879927273, 2.4219159399120356, 1.404377851576989, 2.666929361644211, 0.0, 1.3988040248726767, 2.4313924097109454, 4.064316341034492, 4.544851930481344, 5.036800624404345, 4.516250067257126, 6.30202259992774, 4.772294048987343, 5.48280454694493, 5.78308521552294, 5.024546515855933, 3.91975113240624, 5.132169874429334, 3.8806987128608683, 1.0880255052157557, 2.5593976537458967, 4.958753928155741, 5.3370563890594225], [4.4108677660977325, 3.735363840377534, 2.410437796334931, 2.7293912654656167, 2.461759151501219, 3.5909462889327655, 1.399227922820296, 2.440180626511079, 2.8180999591923634, 2.4411638638157824, 3.9893438934240804, 1.3988040248726767, 0.0, 1.404776142308802, 4.580929095718466, 5.237080302038532, 5.210331733200872, 5.256636674718921, 5.433590040663724, 4.147432529891233, 4.629297128074628, 4.5379468892881505, 3.949949856643752, 2.752307675388055, 3.7343525088025635, 3.417981717329688, 2.153972019316871, 2.0203180071463995, 5.846108988036401, 5.863903619603582], [3.069850947521719, 2.4534919787926754, 1.4554405175066412, 2.342257502923195, 2.8151532054223973, 4.037546921089587, 2.4420781416654136, 3.7257497527343406, 4.221052829567524, 3.72215552334934, 5.0901219759451735, 2.4313924097109454, 1.404776142308802, 0.0, 5.983632843849964, 6.604423031575128, 6.574214386525587, 6.608914384375092, 4.057627299296967, 2.828425982768508, 3.452439489694207, 3.3899338872609306, 2.6660320665738437, 2.1031130473657376, 3.269623080723526, 4.593008879808529, 2.657112603936837, 1.0159315626556744, 7.193279575409258, 7.219963995062579], [8.950997670092422, 8.202323324522144, 6.743997356909327, 6.40972959648065, 5.214533714532873, 5.374685684763342, 4.026848936823928, 2.721971831228237, 1.763354229869881, 2.7672089530788964, 3.2934567281201677, 4.064316341034492, 4.580929095718466, 5.983632843849964, 0.0, 1.6792479834735545, 1.4453988411507739, 1.4423465984291013, 9.997121280148601, 8.663122449209638, 9.000061949786792, 8.821292153080522, 8.375928476891383, 6.789502810957516, 7.1960502652496805, 2.865817590147705, 4.92419811339877, 6.456231355055363, 2.239833154500576, 2.2384858587893737], [9.37352049659038, 8.8403426104422, 7.356959964550575, 7.25196886990009, 6.142641963357461, 6.389922886858651, 4.897119899491945, 3.7455393016226646, 2.6971646167781453, 3.2562686682766206, 3.288599320379422, 4.544851930481344, 5.237080302038532, 6.604423031575128, 1.6792479834735545, 0.0, 2.473306357894226, 2.5176373765894087, 10.457416368300537, 9.045874959339201, 9.256726058926017, 9.477380845993263, 9.167464959300364, 7.1815676234370995, 8.05261077974094, 3.989770445777551, 5.243992842291072, 6.890144976704045, 1.0214939402659227, 1.0208798607083989], [9.455345698598228, 8.557263976879526, 7.07140964306269, 6.48949998150859, 5.1676538206424, 4.996490962665698, 4.299925544704234, 2.9059669268592856, 2.61890576195479, 3.914721509890582, 4.702755580508092, 5.036800624404345, 5.210331733200872, 6.574214386525587, 1.4453988411507739, 2.473306357894226, 0.0, 2.523148640092375, 10.487155626765533, 9.322982847779995, 9.460303438579546, 9.02087742073907, 8.774451380000917, 7.069480711480865, 7.123731115784762, 2.4891646972428316, 6.013192020050582, 7.188034636811372, 3.212019683937195, 2.423253814605478], [9.649235879591709, 8.92320049926034, 7.555967286853483, 7.2599056474585115, 6.137596980089194, 6.360804938056188, 4.9023632046187675, 3.7222733080739783, 2.6248030421347806, 3.1817453952194223, 3.16275677376557, 4.516250067257126, 5.256636674718921, 6.608914384375092, 1.4423465984291013, 2.5176373765894087, 2.523148640092375, 0.0, 10.660975113937749, 9.243956922227623, 9.81666190973286, 9.629631096776242, 8.94932499242261, 7.74618624421076, 8.091952748873412, 3.9547411558785988, 5.200360126952747, 7.023424560711105, 2.485895385972628, 3.2179028279300166], [1.094806074151948, 2.1586612726409857, 3.490577479443767, 4.583080174947848, 5.853655426312691, 6.83107122785292, 6.230579075013814, 7.608122938018286, 8.239706519652264, 7.67243836208542, 8.809182933166957, 6.30202259992774, 5.433590040663724, 4.057627299296967, 9.997121280148601, 10.457416368300537, 10.487155626765533, 10.660975113937749, 0.0, 1.766751069053023, 1.7711104680397554, 2.4314726936570765, 2.49000772287959, 3.7415074221495273, 4.69139305857013, 8.303270446637276, 6.081812983806721, 3.762124189869335, 11.052367059141675, 10.995260227479838], [1.0939450900296595, 2.1777906717588813, 2.861773306885086, 4.205342729195802, 5.23865408191837, 6.380494662641762, 5.208418839724778, 6.507731446518057, 6.91105216953251, 6.165769377782468, 7.159053304033991, 4.772294048987343, 4.147432529891233, 2.828425982768508, 8.663122449209638, 9.045874959339201, 9.322982847779995, 9.243956922227623, 1.766751069053023, 0.0, 1.7755107687648644, 3.061161946059045, 2.4970721735664747, 3.1436324928337283, 4.685365664491941, 7.35123283334163, 4.41250110594887, 2.225328995901505, 9.55540517455958, 9.666015206381582], [1.0945942947046636, 2.1706738078301857, 2.7860255652093358, 4.063203649831005, 5.146833152531758, 6.141872926884762, 5.390384726529266, 6.691583792346921, 7.288983317308388, 6.771227062357309, 7.927303996946251, 5.48280454694493, 4.629297128074628, 3.452439489694207, 9.000061949786792, 9.256726058926017, 9.460303438579546, 9.81666190973286, 1.7711104680397554, 1.7755107687648644, 0.0, 2.5139381436304276, 3.0687719253799233, 2.5315580064458327, 4.29281857757814, 7.390222747657881, 5.361709828030607, 3.104706145515224, 9.891126854913953, 9.71675235765531], [2.135890455992535, 1.0975958682502411, 2.160725382828647, 2.6184136896220203, 3.9716539237451194, 4.723048941097266, 4.8099892733768135, 6.180060778018288, 7.139658268432741, 6.975554539963113, 8.44578942965073, 5.78308521552294, 4.5379468892881505, 3.3899338872609306, 8.821292153080522, 9.477380845993263, 9.02087742073907, 9.629631096776242, 2.4314726936570765, 3.061161946059045, 2.5139381436304276, 0.0, 1.7586712654728855, 2.5505295156104353, 2.393201464565823, 6.634546869982909, 5.9935419669841306, 3.7255715937289415, 10.220598051484073, 9.883062283017344], [2.150189168422165, 1.097470678423802, 2.1740412277599526, 2.7535651708285385, 3.9994668282159807, 4.945759603943564, 4.506073023154419, 5.879972035647788, 6.65314994946003, 6.294645306925562, 7.640353330180484, 5.024546515855933, 3.949949856643752, 2.6660320665738437, 8.375928476891383, 9.167464959300364, 8.774451380000917, 8.94932499242261, 2.49000772287959, 2.4970721735664747, 3.0687719253799233, 1.7586712654728855, 0.0, 3.080402942798231, 2.982933209108109, 6.492102446049354, 5.083687717592418, 2.9624585499209943, 9.793946144940762, 9.727153760992985], [2.7472275133304844, 2.170273913587868, 1.0979786017951352, 2.055701053168967, 2.780904410439165, 3.765813403502622, 3.0720947674184793, 4.330574930652973, 5.137376639881488, 4.97631572249993, 6.439730519206529, 3.91975113240624, 2.752307675388055, 2.1031130473657376, 6.789502810957516, 7.1815676234370995, 7.069480711480865, 7.74618624421076, 3.7415074221495273, 3.1436324928337283, 2.5315580064458327, 2.5505295156104353, 3.080402942798231, 0.0, 2.552151515878319, 4.9216759665788645, 4.291437668194658, 2.4511401612310952, 7.93851668134545, 7.555291134033156], [4.068181550766878, 2.645552649258752, 2.111961744445197, 1.010733802739376, 1.9878022386545395, 2.405147236657249, 3.2958697152648493, 4.474740085189306, 5.698504552950712, 5.973070604806208, 7.648597076588621, 5.132169874429334, 3.7343525088025635, 3.269623080723526, 7.1960502652496805, 8.05261077974094, 7.123731115784762, 8.091952748873412, 4.69139305857013, 4.685365664491941, 4.29281857757814, 2.393201464565823, 2.982933209108109, 2.552151515878319, 0.0, 4.644444707389679, 5.7517630079828574, 4.110485631893146, 8.891076336417319, 8.343459678095172], [7.324246509368728, 6.267327885151694, 4.82244332366903, 4.056743085284056, 2.7057028698657954, 2.5535818040548453, 2.152881859276073, 1.0892471299021176, 2.1737767364658223, 3.4174224160908175, 4.935667918326759, 3.8806987128608683, 3.417981717329688, 4.593008879808529, 2.865817590147705, 3.989770445777551, 2.4891646972428316, 3.9547411558785988, 8.303270446637276, 7.35123283334163, 7.390222747657881, 6.634546869982909, 6.492102446049354, 4.9216759665788645, 4.644444707389679, 0.0, 4.9681464128988795, 5.392859513282355, 4.869884444214257, 4.17068441865361], [5.118422189503324, 4.990185561680047, 4.039322078022499, 4.751956634903142, 4.609745079719702, 5.70698979235113, 3.3891853209879215, 3.8795739933657662, 3.404312053851703, 2.1576046927090236, 2.7713355444622723, 1.0880255052157557, 2.153972019316871, 2.657112603936837, 4.92419811339877, 5.243992842291072, 6.013192020050582, 5.200360126952747, 6.081812983806721, 4.41250110594887, 5.361709828030607, 5.9935419669841306, 5.083687717592418, 4.291437668194658, 5.7517630079828574, 4.9681464128988795, 0.0, 2.3809623453553397, 5.507556759580422, 6.095527758939335], [2.7652576335668977, 2.693268592249945, 2.0739334704854926, 3.252191662556191, 3.7830602546086944, 5.005533088493173, 3.276569503306774, 4.448480907006346, 4.710424419306609, 3.948967338431656, 5.057836206323807, 2.5593976537458967, 2.0203180071463995, 1.0159315626556744, 6.456231355055363, 6.890144976704045, 7.188034636811372, 7.023424560711105, 3.762124189869335, 2.225328995901505, 3.104706145515224, 3.7255715937289415, 2.9624585499209943, 2.4511401612310952, 4.110485631893146, 5.392859513282355, 2.3809623453553397, 0.0, 7.393291810147899, 7.555380128755932], [9.975856206361437, 9.516466411436546, 8.073262197525855, 8.046933220799088, 6.980937242233309, 7.289679944277389, 5.662420574277401, 4.5519995836994545, 3.341383087884417, 3.619655512614426, 3.140283691006276, 4.958753928155741, 5.846108988036401, 7.193279575409258, 2.239833154500576, 1.0214939402659227, 3.212019683937195, 2.485895385972628, 11.052367059141675, 9.55540517455958, 9.891126854913953, 10.220598051484073, 9.793946144940762, 7.93851668134545, 8.891076336417319, 4.869884444214257, 5.507556759580422, 7.393291810147899, 0.0, 1.7104479471764116], [9.906782103690379, 9.33381209260182, 7.8184488467981925, 7.623314406477014, 6.455564503589131, 6.547383186434104, 5.3550898162402465, 4.154405097002457, 3.3682500352556963, 4.121506551007774, 4.294148064517571, 5.3370563890594225, 5.863903619603582, 7.219963995062579, 2.2384858587893737, 1.0208798607083989, 2.423253814605478, 3.2179028279300166, 10.995260227479838, 9.666015206381582, 9.71675235765531, 9.883062283017344, 9.727153760992985, 7.555291134033156, 8.343459678095172, 4.17068441865361, 6.095527758939335, 7.555380128755932, 1.7104479471764116, 0.0]]}