{"total energy": -55.05443243, "HOMO-LUMO gap/eV": 3.41788606, "electronic energy": -55.54393871, "dipole": [0.2726271, -0.61403151, -0.58766699], "partial charges": [-0.13229098, 0.09255662, -0.03599268, -0.02802116, -0.02816675, 0.02159539, 0.08940513, -0.13679168, 0.01014895, 0.08003692, -0.11287053, 0.08656039, -0.10802805, -0.05108118, 0.08656878, -0.10802827, 0.08004022, -0.11292301, 0.07555643, 0.06541273, 0.06219081, 0.10412193], "atomic dipole moments": [[0.00728673, 0.04045625, 0.0432556], [0.07824499, 0.1371581, 0.15631179], [-0.03858705, 0.03503881, 0.02935827], [-0.0078444, 0.01769487, 0.01691954], [-0.01172707, 0.03131975, 0.03036489], [-0.08655509, 0.03718922, 0.02297224], [-0.09658169, 0.14293264, 0.13077757], [-0.05637816, 0.07052348, 0.06297981], [0.03135197, -0.00638625, -0.00096684], [0.1105014, 0.11721011, -0.10905307], [0.05580135, 0.05482405, -0.02205639], [-0.05857944, 0.13464281, -0.13192933], [0.01301749, 0.02548644, -0.01387564], [0.06168624, -0.00390966, 0.00707671], [-0.10316964, -0.12212146, 0.11574724], [0.00577689, -0.01646085, 0.02657334], [0.0676413, -0.12922324, 0.12864333], [0.04064546, -0.03282987, 0.06249771], [0.15408331, -0.01808445, 0.00902976], [0.0768611, -0.09866804, -0.08843082], [-0.06663225, -0.0906422, -0.10598559], [-0.15714519, 0.01106437, -0.01684619]], "atomic quadrupole moments": [[-0.05514678, 0.20308073, -0.01972916, 0.23751126, 0.2284254, 0.07487594], [-0.29178816, 0.23931477, 0.11686479, 0.14416183, -0.13128281, 0.17492337], [-0.27945146, 0.07376899, 0.15263759, -0.06741692, -0.36655707, 0.12681387], [-0.24904855, 0.09280048, 0.13516266, -0.04606581, -0.403552, 0.11388589], [-0.2428577, 0.0592877, 0.13762441, -0.07787322, -0.39668232, 0.10523329], [-0.07800447, 0.04765646, 0.05309523, -0.04429023, -0.39464913, 0.02490924], [-0.29367209, -0.14217096, 0.18624283, -0.25089661, -0.12350167, 0.10742926], [-0.07390766, -0.21962693, 0.06602645, -0.2051423, 0.23529405, 0.00788121], [-0.12163302, -0.04619031, 0.05188807, -0.0107371, 0.38542395, 0.06974495], [-0.2171132, 0.19716748, 0.11359107, -0.21074007, 0.16551953, 0.10352213], [-0.00463582, 0.24622212, 0.01321087, -0.23493083, -0.20533573, -0.00857505], [-0.35030543, -0.15718964, 0.16633859, 0.13007735, 0.10670453, 0.18396684], [-0.12613303, -0.19680375, 0.05967944, 0.19681439, -0.27151336, 0.06645359], [-0.30110288, -0.00407221, 0.14129837, -0.02614679, 0.33180032, 0.15980451], [-0.22778121, 0.19100046, 0.11645284, -0.20340363, 0.16840854, 0.11132837], [0.03467369, 0.26074872, 0.00108563, -0.24021202, -0.19028317, -0.03575932], [-0.34497235, -0.16652757, 0.16181755, 0.13695327, 0.10099395, 0.1831548], [-0.1542284, -0.17803705, 0.08338663, 0.17303499, -0.28039353, 0.07084177], [0.02329892, -0.00126915, -0.01457446, 0.01405079, 0.04895773, -0.00872446], [0.03514783, -0.00489831, -0.0200701, 0.01329482, 0.04761493, -0.01507773], [0.04251618, -0.00871681, -0.02290078, 0.01017294, 0.04115449, -0.0196154], [0.02172601, 0.00272536, -0.00950408, 0.00046885, -0.04539932, -0.01222193]], "number of molecular orbitals": 106, "number of electrons": 94, "number of unpaired electrons": 0, "orbital energies/eV": [-29.28866926, -29.28629775, -29.25193177, -29.25145084, -29.09977739, -29.03582276, -19.31323359, -18.82220186, -18.48652747, -18.30351731, -17.88021621, -17.74845546, -17.25657232, -16.99596076, -16.60876872, -16.55793476, -15.64535634, -15.61410898, -15.24610927, -15.16309728, -14.83438127, -14.72004475, -14.52697981, -14.5034095, -14.38747867, -14.17714948, -14.06581, -13.83359963, -13.59498828, -13.55314886, -13.26206253, -12.83630006, -12.81713099, -12.75955108, -12.68400015, -12.61486003, -12.10322579, -12.06991278, -11.98346655, -11.96786071, -11.94456511, -11.78732785, -11.74292424, -11.62741336, -11.5552214, -11.18593386, -11.14830375, -7.7304177, -7.62964333, -7.31779921, -7.19668312, -5.11509065, -4.84315796, -4.618904, -4.58607703, -4.50949108, -4.14146847, -4.01785733, -3.73818546, -0.41663716, -0.32254511, -0.25260331, -0.1115487, -0.09341679, -0.07958448, -0.07916544, -0.07847651, -0.06560512, -0.06492093, -0.06281352, -0.06036817, -0.04951989, 0.04793841, 0.0977474, 0.12469912, 0.14387115, 0.14863387, 0.19250168, 0.19393674, 0.28846736, 0.35032432, 0.43982445, 0.61541296, 1.34889816, 2.55790889, 2.57974657, 3.07030352, 3.20832929, 3.36347079, 3.46763799, 3.94274889, 3.98798991, 4.08578643, 4.28897525, 7.47330114, 7.61004022, 8.63783044, 9.20538837, 9.90260251, 10.29148269, 10.4185714, 10.68351064, 14.00815882, 14.63960708, 15.05320895, 15.71534014], "fractional occupation": [2.0, 2.0, 2.0, 2.0, 2.0, 2.0, 2.0, 2.0, 2.0, 2.0, 2.0, 2.0, 2.0, 2.0, 2.0, 2.0, 2.0, 2.0, 2.0, 2.0, 2.0, 2.0, 2.0, 2.0, 2.0, 2.0, 2.0, 2.0, 2.0, 2.0, 2.0, 2.0, 2.0, 2.0, 2.0, 2.0, 2.0, 2.0, 2.0, 2.0, 2.0, 2.0, 2.0, 2.0, 2.0, 2.0, 2.0, 0.0, 0.0, 0.0, 0.0, 0.0, 0.0, 0.0, 0.0, 0.0, 0.0, 0.0, 0.0, 0.0, 0.0, 0.0, 0.0, 0.0, 0.0, 0.0, 0.0, 0.0, 0.0, 0.0, 0.0, 0.0, 0.0, 0.0, 0.0, 0.0, 0.0, 0.0, 0.0, 0.0, 0.0, 0.0, 0.0, 0.0, 0.0, 0.0, 0.0, 0.0, 0.0, 0.0, 0.0, 0.0, 0.0, 0.0, 0.0, 0.0, 0.0, 0.0, 0.0, 0.0, 0.0, 0.0, 0.0, 0.0, 0.0, 0.0], "program call": "xtb /home/svss/Project-DBcg-Debug/aqme2_20220329/End-to-End-workflows-final/example-3/QDESCP/mol_55_rdkit_conf_1/mol_55_rdkit_conf_1.xyz --pop --wbo --acc 0.2 --gfn 2 --chrg 0 --uhf 0 --etemp 300 --input /home/svss/Project-DBcg-Debug/aqme2_20220329/End-to-End-workflows-final/example-3/QDESCP/mol_55_rdkit_conf_1/mol_55_rdkit_conf_1_xtb.inp", "method": "GFN2-xTB", "xtb version": "6.3.3 (7355c4f)", "Dipole module/D": 2.269, "Total charge": 0, "Transition dipole module/D": NaN, "HOMO": -11.1483, "LUMO": -7.7304, "HOMO occupancy": 2.0, "LUMO occupancy": 0, "mulliken charges": [-0.08963, 0.0945, -0.04291, -0.02252, -0.03305, -0.0002, 0.0856, -0.0988, -0.01852, 0.07885, -0.08931, 0.09073, -0.08076, -0.06437, 0.09074, -0.08076, 0.07886, -0.08936, 0.04782, 0.0431, 0.04107, 0.05893], "cm5 charges": [-0.09067, 0.0907, -0.09457, -0.07756, -0.08448, -0.00372, 0.08503, -0.09857, -0.01951, 0.07833, -0.08918, 0.08706, -0.08183, -0.11239, 0.08707, -0.08183, 0.07833, -0.08923, 0.10436, 0.09835, 0.09755, 0.11677], "FUKUI+": [-0.075, -0.021, -0.025, -0.022, -0.017, -0.016, -0.017, -0.059, -0.037, -0.028, -0.089, -0.031, -0.097, -0.033, -0.031, -0.097, -0.028, -0.089, -0.047, -0.047, -0.036, -0.057], "FUKUI-": [-0.146, -0.012, -0.011, -0.018, -0.015, -0.002, -0.008, -0.11, -0.006, -0.013, -0.109, -0.015, -0.125, -0.008, -0.015, -0.125, -0.013, -0.109, -0.035, -0.039, -0.031, -0.034], "FUKUIrad": [-0.111, -0.017, -0.018, -0.02, -0.016, -0.009, -0.012, -0.085, -0.021, -0.021, -0.099, -0.023, -0.111, -0.02, -0.023, -0.111, -0.021, -0.099, -0.041, -0.043, -0.034, -0.046], "s proportion": [1.945, 1.082, 1.064, 1.06, 1.062, 1.079, 1.085, 1.947, 1.085, 1.085, 1.947, 1.08, 1.945, 1.065, 1.08, 1.945, 1.085, 1.947, 0.952, 0.957, 0.959, 0.941], "p proportion": [5.154, 2.824, 2.979, 2.963, 2.971, 2.921, 2.829, 5.161, 2.934, 2.836, 5.151, 2.829, 5.146, 2.999, 2.829, 5.146, 2.836, 5.151, 0.0, 0.0, 0.0, 0.0], "d proportion": [-0.01, 0.0, 0.0, 0.0, 0.0, 0.0, 0.0, -0.009, 0.0, 0.0, -0.009, 0.0, -0.01, 0.0, 0.0, -0.01, 0.0, -0.009, 0.0, 0.0, 0.0, 0.0], "Fermi-level/eV": -9.4394, "Coordination numbers": [0.969, 2.9, 2.957, 2.908, 2.915, 2.991, 2.897, 0.954, 3.012, 2.896, 0.956, 2.901, 0.972, 3.006, 2.901, 0.972, 2.896, 0.956, 0.925, 0.925, 0.925, 0.925], "Dispersion coefficient C6": [103.287, 25.943, 28.894, 28.7, 28.704, 27.515, 26.011, 103.425, 27.772, 26.214, 102.671, 26.072, 102.524, 29.252, 26.072, 102.524, 26.213, 102.673, 2.026, 2.137, 2.174, 1.748], "Total dispersion C6": 16680.839394, "Total dispersion C8": 561866.477237, "Polarizability alpha": [15.548, 8.351, 8.817, 8.784, 8.786, 8.605, 8.362, 15.559, 8.645, 8.395, 15.502, 8.372, 15.491, 8.872, 8.372, 15.491, 8.395, 15.502, 2.226, 2.286, 2.306, 2.067], "Total polarizability alpha": 204.731172, "Wiberg matrix": [[0.0, 0.9994374740622128, 0.0, 0.0, 0.0, 0.0, 0.0, 0.0, 0.0, 0.0, 0.0, 0.0, 0.0, 0.0, 0.0, 0.0, 0.0, 0.0, 0.0, 0.0, 0.0, 0.0], [0.9994374740622128, 0.0, 1.3962889301495178, 0.0, 0.0, 0.0, 1.3643447777675277, 0.0, 0.0, 0.0, 0.0, 0.0, 0.0, 0.0, 0.0, 0.0, 0.0, 0.0, 0.0, 0.0, 0.0, 0.0], [0.0, 1.3962889301495178, 0.0, 1.4389973113748156, 0.0, 0.10518131002032452, 0.0, 0.0, 0.0, 0.0, 0.0, 0.0, 0.0, 0.0, 0.0, 0.0, 0.0, 0.0, 0.964480207491144, 0.0, 0.0, 0.0], [0.0, 0.0, 1.4389973113748156, 0.0, 1.4340968965553178, 0.0, 0.0, 0.0, 0.0, 0.0, 0.0, 0.0, 0.0, 0.0, 0.0, 0.0, 0.0, 0.0, 0.0, 0.9663289182464608, 0.0, 0.0], [0.0, 0.0, 0.0, 1.4340968965553178, 0.0, 1.398945832889677, 0.0, 0.0, 0.0, 0.0, 0.0, 0.0, 0.0, 0.0, 0.0, 0.0, 0.0, 0.0, 0.0, 0.0, 0.9673732471024848, 0.0], [0.0, 0.0, 0.10518131002032452, 0.0, 1.398945832889677, 0.0, 1.3617769082874325, 0.0, 1.0105080571165233, 0.0, 0.0, 0.0, 0.0, 0.0, 0.0, 0.0, 0.0, 0.0, 0.0, 0.0, 0.0, 0.0], [0.0, 1.3643447777675277, 0.0, 0.0, 0.0, 1.3617769082874325, 0.0, 0.9961230399531893, 0.0, 0.0, 0.0, 0.0, 0.0, 0.0, 0.0, 0.0, 0.0, 0.0, 0.0, 0.0, 0.0, 0.0], [0.0, 0.0, 0.0, 0.0, 0.0, 0.0, 0.9961230399531893, 0.0, 0.0, 0.0, 0.0, 0.0, 0.0, 0.0, 0.0, 0.0, 0.0, 0.0, 0.0, 0.0, 0.0, 0.0], [0.0, 0.0, 0.0, 0.0, 0.0, 1.0105080571165233, 0.0, 0.0, 0.0, 1.3584790546465588, 0.0, 0.0, 0.0, 0.0, 0.0, 0.0, 1.3585922792770655, 0.0, 0.0, 0.0, 0.0, 0.0], [0.0, 0.0, 0.0, 0.0, 0.0, 0.0, 0.0, 0.0, 1.3584790546465588, 0.0, 1.0068532851520244, 1.352065133260452, 0.0, 0.0, 0.0, 0.0, 0.0, 0.0, 0.0, 0.0, 0.0, 0.0], [0.0, 0.0, 0.0, 0.0, 0.0, 0.0, 0.0, 0.0, 0.0, 1.0068532851520244, 0.0, 0.0, 0.0, 0.0, 0.0, 0.0, 0.0, 0.0, 0.0, 0.0, 0.0, 0.0], [0.0, 0.0, 0.0, 0.0, 0.0, 0.0, 0.0, 0.0, 0.0, 1.352065133260452, 0.0, 0.0, 1.010292079152193, 1.3970822197075676, 0.0, 0.0, 0.0, 0.0, 0.0, 0.0, 0.0, 0.0], [0.0, 0.0, 0.0, 0.0, 0.0, 0.0, 0.0, 0.0, 0.0, 0.0, 0.0, 1.010292079152193, 0.0, 0.0, 0.0, 0.0, 0.0, 0.0, 0.0, 0.0, 0.0, 0.0], [0.0, 0.0, 0.0, 0.0, 0.0, 0.0, 0.0, 0.0, 0.0, 0.0, 0.0, 1.3970822197075676, 0.0, 0.0, 1.3970685927954185, 0.0, 0.0, 0.0, 0.0, 0.0, 0.0, 0.9571084616192688], [0.0, 0.0, 0.0, 0.0, 0.0, 0.0, 0.0, 0.0, 0.0, 0.0, 0.0, 0.0, 0.0, 1.3970685927954185, 0.0, 1.0102846896059674, 1.352086152271225, 0.0, 0.0, 0.0, 0.0, 0.0], [0.0, 0.0, 0.0, 0.0, 0.0, 0.0, 0.0, 0.0, 0.0, 0.0, 0.0, 0.0, 0.0, 0.0, 1.0102846896059674, 0.0, 0.0, 0.0, 0.0, 0.0, 0.0, 0.0], [0.0, 0.0, 0.0, 0.0, 0.0, 0.0, 0.0, 0.0, 1.3585922792770655, 0.0, 0.0, 0.0, 0.0, 0.0, 1.352086152271225, 0.0, 0.0, 1.0067742759381972, 0.0, 0.0, 0.0, 0.0], [0.0, 0.0, 0.0, 0.0, 0.0, 0.0, 0.0, 0.0, 0.0, 0.0, 0.0, 0.0, 0.0, 0.0, 0.0, 0.0, 1.0067742759381972, 0.0, 0.0, 0.0, 0.0, 0.0], [0.0, 0.0, 0.964480207491144, 0.0, 0.0, 0.0, 0.0, 0.0, 0.0, 0.0, 0.0, 0.0, 0.0, 0.0, 0.0, 0.0, 0.0, 0.0, 0.0, 0.0, 0.0, 0.0], [0.0, 0.0, 0.0, 0.9663289182464608, 0.0, 0.0, 0.0, 0.0, 0.0, 0.0, 0.0, 0.0, 0.0, 0.0, 0.0, 0.0, 0.0, 0.0, 0.0, 0.0, 0.0, 0.0], [0.0, 0.0, 0.0, 0.0, 0.9673732471024848, 0.0, 0.0, 0.0, 0.0, 0.0, 0.0, 0.0, 0.0, 0.0, 0.0, 0.0, 0.0, 0.0, 0.0, 0.0, 0.0, 0.0], [0.0, 0.0, 0.0, 0.0, 0.0, 0.0, 0.0, 0.0, 0.0, 0.0, 0.0, 0.0, 0.0, 0.9571084616192688, 0.0, 0.0, 0.0, 0.0, 0.0, 0.0, 0.0, 0.0]], "Born radii": [], "Atomic SASAs": [], "Solvent H bonds": [], "Total SASA": NaN, "Total FOD": 0.0, "FOD": [0.0, 0.0, 0.0, 0.0, 0.0, 0.0, 0.0, 0.0, 0.0, 0.0, 0.0, 0.0, 0.0, 0.0, 0.0, 0.0, 0.0, 0.0, 0.0, 0.0, 0.0, 0.0], "FOD s proportion": [0.0, 0.0, 0.0, 0.0, 0.0, 0.0, 0.0, 0.0, 0.0, 0.0, 0.0, 0.0, 0.0, 0.0, 0.0, 0.0, 0.0, 0.0, 0.0, 0.0, 0.0, 0.0], "FOD p proportion": [0.0, 0.0, 0.0, 0.0, 0.0, 0.0, 0.0, 0.0, 0.0, 0.0, 0.0, 0.0, 0.0, 0.0, 0.0, 0.0, 0.0, 0.0, 0.0, 0.0, 0.0, 0.0], "FOD d proportion": [0.0, 0.0, 0.0, 0.0, 0.0, 0.0, 0.0, 0.0, 0.0, 0.0, 0.0, 0.0, 0.0, 0.0, 0.0, 0.0, 0.0, 0.0, 0.0, 0.0, 0.0, 0.0], "coordinates": [["3.76370", "1.52380", "2.27450"], ["2.83830", "0.59560", "1.14540"], ["3.53530", "-0.30600", "0.33620"], ["2.85230", "-1.08480", "-0.59430"], ["1.46860", "-0.96520", "-0.71960"], ["0.74250", "-0.06420", "0.08370"], ["1.44530", "0.72200", "1.02540"], ["0.57080", "1.84190", "2.02890"], ["-0.72660", "0.02560", "-0.08790"], ["-1.29590", "0.94290", "-1.00620"], ["-0.25840", "1.96130", "-1.96500"], ["-2.68980", "1.03360", "-1.15020"], ["-3.44430", "2.13040", "-2.25480"], ["-3.53000", "0.21990", "-0.39160"], ["-2.98960", "-0.69180", "0.51410"], ["-4.10420", "-1.66700", "1.40800"], ["-1.59800", "-0.79540", "0.67050"], ["-0.93700", "-1.94330", "1.80130"], ["4.61470", "-0.40550", "0.42760"], ["3.39790", "-1.78570", "-1.22260"], ["0.95390", "-1.58390", "-1.45380"], ["-4.60950", "0.29580", "-0.50740"]], "bond_dist": [[0.0, 1.7299674014269752, 2.675320820013929, 3.9831466656401195, 4.519650409047142, 4.055736441141115, 2.75283719278856, 3.218092195696077, 5.290399898873431, 6.058051622427792, 5.860209459567124, 7.3223308024153075, 8.534505612512069, 7.874408175221805, 7.322223187666434, 8.534393786321322, 6.0579973200720385, 5.860143440223968, 2.803112395177903, 4.828696335451216, 5.608297087351918, 8.908278725432877], [1.7299674014269752, 0.0, 1.3976752841772655, 2.4187799093757993, 2.7911287555395936, 2.440270593602275, 1.4038610899943054, 2.7341163453664517, 3.8150282960942765, 4.673500774580015, 4.596659171615838, 6.001792479751362, 7.3067115612975995, 6.561917736454793, 6.0016961652519525, 7.3066150692369165, 4.673453615903339, 4.5966409594398385, 2.161720382010588, 3.404580128297761, 3.880338161810127, 7.634877387358619], [2.675320820013929, 1.3976752841772655, 0.0, 1.3924254701778476, 2.412572728437425, 2.8145968325854414, 2.4289669903067845, 4.0332329402106195, 4.295766634723073, 5.167425123792313, 4.982803469935374, 6.5387906473598, 7.833526799596717, 7.122129438587872, 6.538716239446394, 7.833456228894114, 5.167401449471485, 4.9828442269450886, 1.0878228578219895, 2.1536592789947067, 3.391276215527128, 8.21045621387752], [3.9831466656401195, 2.4187799093757993, 1.3924254701778476, 0.0, 1.3944998888490456, 2.4397877776560812, 2.8049248350000395, 4.544446432735235, 3.7812635890664907, 4.635600515575086, 4.564427476694092, 5.959153948338639, 7.2623648249038, 6.5174444892150785, 5.959093485589902, 7.262303655177192, 4.63558426630344, 4.564506117862041, 2.1475059627391024, 1.0879802663651579, 2.1428400826939935, 7.588943747979688], [4.519650409047142, 2.7911287555395936, 2.412572728437425, 1.3944998888490456, 0.0, 1.408656487579566, 2.4273878408692746, 4.029901673738455, 2.4899061367850797, 3.371267628059214, 3.619109339326459, 4.633886960209539, 6.006343713941119, 5.147625469087664, 4.633822449123401, 6.006272125037293, 3.37123799367532, 3.6191888290057483, 3.395184404417528, 2.156021275405231, 1.0893830455813052, 6.211155242786964], [4.055736441141115, 2.440270593602275, 2.8145968325854414, 2.4397877776560812, 1.408656487579566, 0.0, 1.4138023801083375, 2.7288277959592837, 1.4818115298512156, 2.5213502295397205, 3.049856185133981, 3.8089837673584275, 5.2739117977076555, 4.308233878284697, 3.8088969965069936, 5.273825861744014, 2.5212948915190387, 3.049899477031989, 3.902394872382855, 3.4236137486579876, 2.172115167296615, 5.396564018892021], [2.75283719278856, 1.4038610899943054, 2.4289669903067845, 2.8049248350000395, 2.4273878408692746, 1.4138023801083375, 0.0, 1.73952249482437, 2.538022746154967, 3.4191187183249427, 3.6579981328590097, 4.6828817975686725, 6.054047469255589, 5.197461255266844, 4.682797896557143, 6.053978362201174, 3.4190834532078918, 3.6580320105215045, 3.4166822284198455, 3.892905091316766, 3.4212689765641056, 6.260329489731351], [3.218092195696077, 2.7341163453664517, 4.0332329402106195, 4.544446432735235, 4.029901673738455, 2.7288277959592837, 1.73952249482437, 0.0, 3.0762045917006238, 3.674860800084814, 4.080816855728765, 4.62509870813586, 5.878294476291571, 5.030533260997287, 4.6250084205328745, 5.878224308411512, 3.6748190826216196, 4.080808944314841, 4.89572217961763, 5.632426512614257, 4.900211275037027, 5.9714948706333155], [5.290399898873431, 3.8150282960942765, 4.295766634723073, 3.7812635890664907, 2.4899061367850797, 1.4818115298512156, 2.538022746154967, 3.0762045917006238, 0.0, 1.4173272981213618, 2.7367225179034866, 2.449224271070332, 4.063438438071875, 2.826488588337126, 2.4491295923245873, 4.063347552203725, 1.4172330507012598, 2.7367703612104544, 5.383407206407481, 4.645411933295044, 2.6981944537041804, 3.9148308648011856], [6.058051622427792, 4.673500774580015, 5.167425123792313, 4.635600515575086, 3.371267628059214, 2.5213502295397205, 3.4191187183249427, 3.674860800084814, 1.4173272981213618, 0.0, 1.7415057421668183, 1.4042505830513299, 2.754048069660368, 2.427275215133216, 2.802173418973208, 4.530616794653902, 2.4339831942723023, 4.042402243715982, 6.229699620366941, 5.4335849455032905, 3.4127209144610697, 3.4128411638984897], [5.860209459567124, 4.596659171615838, 4.982803469935374, 4.564427476694092, 3.619109339326459, 3.049856185133981, 3.6579981328590097, 4.080816855728765, 2.7367225179034866, 1.7415057421668183, 0.0, 2.7269455971837795, 3.2035195738437436, 4.0263417738686815, 4.543603180296448, 6.271512379801224, 4.042249781990223, 5.467304162930759, 5.922278329325632, 5.2876929231943866, 3.7814600050774043, 4.8816553770212], [7.3223308024153075, 6.001792479751362, 6.5387906473598, 5.959153948338639, 4.633886960209539, 3.8089837673584275, 4.6828817975686725, 4.62509870813586, 2.449224271070332, 1.4042505830513299, 2.7269455971837795, 0.0, 1.7298501813740979, 1.3941010329240846, 2.4159428159623313, 3.9797179498049857, 2.8021807097330464, 4.543742257214861, 7.610268188441193, 6.709231367302815, 4.4966686446746325, 2.1547131526029166], [8.534505612512069, 7.3067115612975995, 7.833526799596717, 7.2623648249038, 6.006343713941119, 5.2739117977076555, 6.054047469255589, 5.878294476291571, 4.063438438071875, 2.754048069660368, 3.2035195738437436, 1.7298501813740979, 0.0, 2.6699941910049168, 3.9797452355647085, 5.317125032383571, 4.530619098975326, 6.271645094391104, 8.864171679858192, 7.950910444093808, 5.812210313641446, 2.7887013034744323], [7.874408175221805, 6.561917736454793, 7.122129438587872, 6.5174444892150785, 5.147625469087664, 4.308233878284697, 5.197461255266844, 5.030533260997287, 2.826488588337126, 2.427275215133216, 4.0263417738686815, 1.3941010329240846, 2.6699941910049168, 0.0, 1.3941024137415443, 2.6699545707745664, 2.4272442192741956, 4.026399588962824, 8.2096499249359, 7.260082008489986, 4.948466680700195, 1.0883430984758435], [7.322223187666434, 6.0016961652519525, 6.538716239446394, 5.959093485589902, 4.633822449123401, 3.8088969965069936, 4.682797896557143, 4.6250084205328745, 2.4491295923245873, 2.802173418973208, 4.543603180296448, 2.4159428159623313, 3.9797452355647085, 1.3941024137415443, 0.0, 1.7298570490072294, 1.4041881925155186, 2.7269585347049192, 7.610179263985836, 6.709165398915128, 4.496628188987833, 2.1547371115753307], [8.534393786321322, 7.3066150692369165, 7.833456228894114, 7.262303655177192, 6.006272125037293, 5.273825861744014, 6.053978362201174, 5.878224308411512, 4.063347552203725, 4.530616794653902, 6.271512379801224, 3.9797179498049857, 5.317125032383571, 2.6699545707745664, 1.7298570490072294, 0.0, 2.7540209240308977, 3.2034641280963325, 8.864072631697011, 7.950827029938457, 5.812157986496925, 2.788667977727001], [6.0579973200720385, 4.673453615903339, 5.167401449471485, 4.63558426630344, 3.37123799367532, 2.5212948915190387, 3.4190834532078918, 3.6748190826216196, 1.4172330507012598, 2.4339831942723023, 4.042249781990223, 2.8021807097330464, 4.530619098975326, 2.4272442192741956, 1.4041881925155186, 2.7540209240308977, 0.0, 1.7416383235333333, 6.229659999550537, 5.433556709007462, 3.412708066916946, 3.4128138097470244], [5.860143440223968, 4.5966409594398385, 4.9828442269450886, 4.564506117862041, 3.6191888290057483, 3.049899477031989, 3.6580320105215045, 4.080808944314841, 2.7367703612104544, 4.042402243715982, 5.467304162930759, 4.543742257214861, 6.271645094391104, 4.026399588962824, 2.7269585347049192, 3.2034641280963325, 1.7416383235333333, 0.0, 5.922267591049901, 5.287737415946447, 3.7815799846096074, 4.881692406327953], [2.803112395177903, 2.161720382010588, 1.0878228578219895, 2.1475059627391024, 3.395184404417528, 3.902394872382855, 3.4166822284198455, 4.89572217961763, 5.383407206407481, 6.229699620366941, 5.922278329325632, 7.610268188441193, 8.864171679858192, 8.2096499249359, 7.610179263985836, 8.864072631697011, 6.229659999550537, 5.922267591049901, 0.0, 2.471581339952218, 4.28132563115678, 9.297952050317317], [4.828696335451216, 3.404580128297761, 2.1536592789947067, 1.0879802663651579, 2.156021275405231, 3.4236137486579876, 3.892905091316766, 5.632426512614257, 4.645411933295044, 5.4335849455032905, 5.2876929231943866, 6.709231367302815, 7.950910444093808, 7.260082008489986, 6.709165398915128, 7.950827029938457, 5.433556709007462, 5.287737415946447, 2.471581339952218, 0.0, 2.4631915638049753, 8.30437282701108], [5.608297087351918, 3.880338161810127, 3.391276215527128, 2.1428400826939935, 1.0893830455813052, 2.172115167296615, 3.4212689765641056, 4.900211275037027, 2.6981944537041804, 3.4127209144610697, 3.7814600050774043, 4.4966686446746325, 5.812210313641446, 4.948466680700195, 4.496628188987833, 5.812157986496925, 3.412708066916946, 3.7815799846096074, 4.28132563115678, 2.4631915638049753, 0.0, 5.948139592343138], [8.908278725432877, 7.634877387358619, 8.21045621387752, 7.588943747979688, 6.211155242786964, 5.396564018892021, 6.260329489731351, 5.9714948706333155, 3.9148308648011856, 3.4128411638984897, 4.8816553770212, 2.1547131526029166, 2.7887013034744323, 1.0883430984758435, 2.1547371115753307, 2.788667977727001, 3.4128138097470244, 4.881692406327953, 9.297952050317317, 8.30437282701108, 5.948139592343138, 0.0]]}