{"total energy": -34.87056082, "HOMO-LUMO gap/eV": 4.59626099, "electronic energy": -35.44132086, "dipole": [0.19481318, -0.04574016, -0.04854332], "partial charges": [-0.10005642, -0.05188866, -0.05773453, -0.05702091, -0.05140072, -0.06094358, 0.01254634, -0.03811493, -0.03141095, -0.03369508, -0.03140038, -0.03802321, 0.03145088, 0.03187035, 0.03116897, 0.03040423, 0.02909344, 0.02963769, 0.02990427, 0.02826894, 0.0291522, 0.03132043, 0.03266323, 0.03349506, 0.03321798, 0.02823402, 0.02722588, 0.02647351, 0.02724406, 0.02831788], "atomic dipole moments": [[-0.08346186, 0.00488748, -0.05433549], [0.05603227, -0.09580011, 0.01877839], [-0.05400502, 0.09302637, -0.02568964], [-0.00906992, 0.02663477, 0.10726245], [0.0016455, -0.03246607, -0.10947931], [0.02214108, 0.02631054, 0.10063127], [0.07516995, -0.0252461, -0.04095289], [0.00308811, -0.00492063, -0.00101855], [-0.00255984, 0.00241642, -0.00022218], [-0.0008859, -3.096e-05, -0.00061106], [-0.00316112, -0.00123686, 0.0009005], [0.00439563, 0.0024074, -0.00317395], [0.09715793, -0.04205403, -0.06785831], [-0.01480644, -0.07589909, 0.09960655], [0.03024264, 0.11312987, 0.0427696], [-0.08721559, 0.04950323, 0.07281996], [0.01982074, 0.08104793, -0.0912718], [0.09163158, -0.05100875, -0.06200401], [-0.02117091, -0.07983931, 0.09322137], [-0.01168658, -0.11049294, -0.04905334], [0.02413492, 0.07375943, -0.09709007], [-0.01956932, -0.07107742, 0.10154569], [0.01054136, 0.11653801, 0.04546585], [0.01721016, 0.06807442, -0.10368721], [-0.01449016, -0.11383682, -0.04957319], [0.08155146, 0.10712647, -0.06871703], [-0.04235164, 0.14439431, -0.00214873], [-0.12681095, 0.04236319, 0.06893478], [-0.08446328, -0.10184461, 0.07170988], [0.03828492, -0.14604649, 0.00723236]], "atomic quadrupole moments": [[0.12457785, -0.01505862, -0.10603869, 0.1653883, -0.00336852, -0.01853916], [0.04569729, 0.04350464, 0.04642978, 0.19291527, 0.08329632, -0.09212708], [0.01563712, 0.05257115, 0.0420013, 0.19252279, 0.09261601, -0.05763842], [0.20572599, -0.08360474, -0.19265464, 0.03843267, 0.04506694, -0.01307135], [0.20896332, -0.05983941, -0.20827472, 0.04413861, 0.06325521, -0.00068861], [0.18112267, -0.05232066, -0.15232918, 0.03340418, 0.03866406, -0.0287935], [0.05313495, -0.00158168, -0.32606045, 0.23756061, 0.1531546, 0.27292551], [-0.04680498, 0.06403354, -0.24986251, 0.32007629, 0.10803934, 0.29666749], [-0.05869334, 0.06857246, -0.24171656, 0.3410651, 0.1075459, 0.3004099], [-0.05610428, 0.06583933, -0.23807795, 0.33531165, 0.10876074, 0.29418223], [-0.05928284, 0.06727414, -0.23833894, 0.34237738, 0.11175592, 0.29762178], [-0.05044802, 0.05455363, -0.23915188, 0.32545152, 0.11841139, 0.28959989], [0.02300651, -0.03460095, -0.03619525, -0.0453811, 0.02787293, 0.01318873], [-0.02346628, 0.01837717, -0.00019265, -0.01458142, -0.06249124, 0.02365892], [-0.0310819, 0.01788599, 0.06604131, 0.01921414, 0.03646654, -0.03495942], [0.02814084, -0.01120194, -0.02796543, -0.03419155, 0.02060268, -0.00017541], [-0.02566513, 0.01810529, -0.00579021, -0.0073066, -0.03775513, 0.03145534], [0.03205955, -0.01260338, -0.02824021, -0.032429, 0.02761681, -0.00381934], [-0.0268084, 0.02395717, -0.00557111, -0.01555842, -0.03276997, 0.03237951], [-0.00950441, 0.01132924, 0.04671023, 0.00892925, 0.02933659, -0.03720582], [-0.01440132, 0.0068702, 0.01290985, -0.01291184, -0.04876635, 0.00149147], [-0.01870778, 0.00930988, 0.00911608, -0.01051502, -0.04620317, 0.0095917], [-0.01837054, 0.01003663, 0.05032653, 0.00397643, 0.01939342, -0.03195598], [-0.01858449, 0.00773891, 0.01296693, -0.01358206, -0.04884591, 0.00561757], [-0.01938173, 0.00910293, 0.05690657, 5.732e-05, 0.01757846, -0.03752483], [0.01098956, -0.01151802, 0.02635067, -0.04605012, -0.01154173, -0.03734023], [0.01070735, -0.00588757, 0.02721974, -0.0475011, -0.01540858, -0.03792709], [0.004323, -0.00681386, 0.03603744, -0.04299396, -0.01672507, -0.04036044], [0.00785607, -0.01374695, 0.03268063, -0.04426094, -0.01186722, -0.0405367], [0.01131518, -0.01054445, 0.02592348, -0.04637498, -0.01164844, -0.03723865]], "number of molecular orbitals": 66, "number of electrons": 66, "number of unpaired electrons": 0, "orbital energies/eV": [-17.31598739, -17.00178468, -16.83290435, -16.55532211, -16.4709021, -16.20036711, -15.69367738, -15.39038526, -15.34120018, -15.07846567, -14.97297032, -14.18387513, -14.02528851, -13.8588982, -13.54692871, -13.42729099, -13.33954105, -13.19346894, -12.91618812, -12.82535276, -12.76953388, -12.62285371, -12.32570623, -12.27590183, -12.01734405, -11.85658762, -11.69962048, -11.49329193, -11.3899244, -11.28130601, -11.21821538, -10.78237688, -10.56911019, -5.97284919, -5.94258428, -2.57019796, 1.7406318, 2.33833459, 2.88214414, 3.12300106, 3.16753818, 3.30240802, 3.48915928, 3.69260374, 4.13500471, 4.38329354, 4.56832734, 4.60809673, 4.76665663, 4.9307112, 5.03575434, 5.15726629, 5.79387742, 5.94164583, 6.16479343, 6.77442891, 6.97538184, 7.26924894, 8.03696762, 8.27623914, 10.5711049, 10.84448179, 11.64711811, 12.02049455, 16.50435494, 17.34715826], "fractional occupation": [2.0, 2.0, 2.0, 2.0, 2.0, 2.0, 2.0, 2.0, 2.0, 2.0, 2.0, 2.0, 2.0, 2.0, 2.0, 2.0, 2.0, 2.0, 2.0, 2.0, 2.0, 2.0, 2.0, 2.0, 2.0, 2.0, 2.0, 2.0, 2.0, 2.0, 2.0, 2.0, 2.0, 0.0, 0.0, 0.0, 0.0, 0.0, 0.0, 0.0, 0.0, 0.0, 0.0, 0.0, 0.0, 0.0, 0.0, 0.0, 0.0, 0.0, 0.0, 0.0, 0.0, 0.0, 0.0, 0.0, 0.0, 0.0, 0.0, 0.0, 0.0, 0.0, 0.0, 0.0, 0.0, 0.0], "program call": "xtb /home/svss/Project-DBcg-Debug/aqme2_20220329/End-to-End-workflows-final/example-3/QDESCP/mol_119_rdkit_conf_9/mol_119_rdkit_conf_9.xyz --pop --wbo --acc 0.2 --gfn 2 --chrg 0 --uhf 0 --etemp 300 --input /home/svss/Project-DBcg-Debug/aqme2_20220329/End-to-End-workflows-final/example-3/QDESCP/mol_119_rdkit_conf_9/mol_119_rdkit_conf_9_xtb.inp", "method": "GFN2-xTB", "xtb version": "6.3.3 (7355c4f)", "Dipole module/D": 0.523, "Total charge": 0, "Transition dipole module/D": NaN, "HOMO": -10.5691, "LUMO": -5.9728, "HOMO occupancy": 2.0, "LUMO occupancy": 0, "mulliken charges": [-0.08328, -0.04009, -0.04669, -0.04642, -0.04113, -0.0479, 0.00864, -0.04189, -0.02693, -0.03365, -0.02694, -0.04186, 0.02645, 0.02678, 0.02828, 0.02268, 0.02231, 0.02451, 0.02339, 0.02412, 0.02323, 0.02457, 0.02462, 0.02843, 0.02831, 0.02826, 0.02801, 0.02784, 0.02803, 0.0283], "cm5 charges": [-0.2337, -0.15277, -0.1572, -0.15692, -0.15041, -0.15173, -0.00718, -0.09528, -0.08229, -0.08904, -0.0823, -0.09525, 0.07772, 0.07807, 0.07905, 0.07798, 0.07713, 0.07942, 0.07859, 0.07906, 0.07844, 0.08031, 0.08089, 0.08419, 0.08407, 0.08449, 0.08342, 0.08326, 0.08343, 0.08454], "FUKUI+": [0.005, 0.002, 0.005, 0.005, 0.002, 0.018, -0.083, -0.054, -0.055, -0.061, -0.055, -0.053, -0.01, -0.005, -0.009, 0.007, -0.005, -0.019, -0.007, -0.013, -0.014, -0.013, -0.013, -0.045, -0.045, -0.096, -0.097, -0.099, -0.097, -0.095], "FUKUI-": [0.015, 0.004, 0.006, 0.006, -0.005, 0.005, -0.046, -0.023, -0.024, -0.05, -0.024, -0.023, -0.054, -0.041, -0.043, -0.059, -0.051, -0.066, -0.043, -0.042, -0.031, -0.027, -0.03, -0.042, -0.043, -0.047, -0.056, -0.063, -0.056, -0.049], "FUKUIrad": [0.01, 0.003, 0.006, 0.005, -0.002, 0.012, -0.065, -0.038, -0.04, -0.056, -0.04, -0.038, -0.032, -0.023, -0.026, -0.026, -0.028, -0.043, -0.025, -0.028, -0.023, -0.02, -0.021, -0.043, -0.044, -0.071, -0.076, -0.081, -0.076, -0.072], "s proportion": [1.008, 1.027, 1.032, 1.032, 1.032, 1.031, 1.089, 1.062, 1.06, 1.059, 1.06, 1.062, 0.974, 0.973, 0.972, 0.977, 0.978, 0.975, 0.977, 0.976, 0.977, 0.975, 0.975, 0.972, 0.972, 0.972, 0.972, 0.972, 0.972, 0.972], "p proportion": [3.076, 3.013, 3.015, 3.014, 3.009, 3.017, 2.902, 2.98, 2.967, 2.975, 2.967, 2.98, 0.0, 0.0, 0.0, 0.0, 0.0, 0.0, 0.0, 0.0, 0.0, 0.0, 0.0, 0.0, 0.0, 0.0, 0.0, 0.0, 0.0, 0.0], "d proportion": [0.0, 0.0, 0.0, 0.0, 0.0, 0.0, 0.0, 0.0, 0.0, 0.0, 0.0, 0.0, 0.0, 0.0, 0.0, 0.0, 0.0, 0.0, 0.0, 0.0, 0.0, 0.0, 0.0, 0.0, 0.0, 0.0, 0.0, 0.0, 0.0, 0.0], "Fermi-level/eV": -8.271, "Coordination numbers": [3.75, 3.799, 3.801, 3.801, 3.801, 3.806, 2.963, 2.915, 2.911, 2.912, 2.911, 2.915, 0.924, 0.924, 0.924, 0.924, 0.924, 0.924, 0.924, 0.924, 0.924, 0.924, 0.924, 0.924, 0.924, 0.925, 0.925, 0.925, 0.925, 0.925], "Dispersion coefficient C6": [22.474, 21.507, 21.613, 21.6, 21.496, 21.667, 27.732, 28.948, 28.783, 28.839, 28.783, 28.945, 2.566, 2.56, 2.57, 2.581, 2.6, 2.592, 2.588, 2.611, 2.599, 2.568, 2.549, 2.538, 2.541, 2.612, 2.626, 2.637, 2.626, 2.61], "Total dispersion C6": 7906.815049, "Total dispersion C8": 179121.850458, "Polarizability alpha": [6.761, 6.603, 6.619, 6.617, 6.601, 6.626, 8.638, 8.823, 8.797, 8.806, 8.797, 8.822, 2.505, 2.502, 2.507, 2.512, 2.521, 2.518, 2.516, 2.527, 2.521, 2.506, 2.497, 2.491, 2.493, 2.527, 2.534, 2.539, 2.534, 2.527], "Total polarizability alpha": 137.789032, "Wiberg matrix": [[0.0, 1.0197951712664486, 0.0, 0.0, 0.0, 0.0, 0.0, 0.0, 0.0, 0.0, 0.0, 0.0, 0.987655318678691, 0.987833343597386, 0.9874801634331103, 0.0, 0.0, 0.0, 0.0, 0.0, 0.0, 0.0, 0.0, 0.0, 0.0, 0.0, 0.0, 0.0, 0.0, 0.0], [1.0197951712664486, 0.0, 1.0088104471400308, 0.0, 0.0, 0.0, 0.0, 0.0, 0.0, 0.0, 0.0, 0.0, 0.0, 0.0, 0.0, 0.9763194606323762, 0.9779655901786426, 0.0, 0.0, 0.0, 0.0, 0.0, 0.0, 0.0, 0.0, 0.0, 0.0, 0.0, 0.0, 0.0], [0.0, 1.0088104471400308, 0.0, 1.0059428016412413, 0.0, 0.0, 0.0, 0.0, 0.0, 0.0, 0.0, 0.0, 0.0, 0.0, 0.0, 0.0, 0.0, 0.9766101345738301, 0.9771700278989126, 0.0, 0.0, 0.0, 0.0, 0.0, 0.0, 0.0, 0.0, 0.0, 0.0, 0.0], [0.0, 0.0, 1.0059428016412413, 0.0, 1.006722416732342, 0.0, 0.0, 0.0, 0.0, 0.0, 0.0, 0.0, 0.0, 0.0, 0.0, 0.0, 0.0, 0.0, 0.0, 0.97698270186793, 0.9772347587576268, 0.0, 0.0, 0.0, 0.0, 0.0, 0.0, 0.0, 0.0, 0.0], [0.0, 0.0, 0.0, 1.006722416732342, 0.0, 0.9904300668604197, 0.0, 0.0, 0.0, 0.0, 0.0, 0.0, 0.0, 0.0, 0.0, 0.0, 0.0, 0.0, 0.0, 0.0, 0.0, 0.9771282551549407, 0.9754622381921259, 0.0, 0.0, 0.0, 0.0, 0.0, 0.0, 0.0], [0.0, 0.0, 0.0, 0.0, 0.9904300668604197, 0.0, 1.0108441218171056, 0.0, 0.0, 0.0, 0.0, 0.0, 0.0, 0.0, 0.0, 0.0, 0.0, 0.0, 0.0, 0.0, 0.0, 0.0, 0.0, 0.9726964315156117, 0.9724155826202472, 0.0, 0.0, 0.0, 0.0, 0.0], [0.0, 0.0, 0.0, 0.0, 0.0, 1.0108441218171056, 0.0, 1.41198475293253, 0.0, 0.10919296477919993, 0.0, 1.4119944624293579, 0.0, 0.0, 0.0, 0.0, 0.0, 0.0, 0.0, 0.0, 0.0, 0.0, 0.0, 0.0, 0.0, 0.0, 0.0, 0.0, 0.0, 0.0], [0.0, 0.0, 0.0, 0.0, 0.0, 0.0, 1.41198475293253, 0.0, 1.4441233547210957, 0.0, 0.11128921295992061, 0.0, 0.0, 0.0, 0.0, 0.0, 0.0, 0.0, 0.0, 0.0, 0.0, 0.0, 0.0, 0.0, 0.0, 0.9699557469251656, 0.0, 0.0, 0.0, 0.0], [0.0, 0.0, 0.0, 0.0, 0.0, 0.0, 0.0, 1.4441233547210957, 0.0, 1.438286755386001, 0.0, 0.11128126599598975, 0.0, 0.0, 0.0, 0.0, 0.0, 0.0, 0.0, 0.0, 0.0, 0.0, 0.0, 0.0, 0.0, 0.0, 0.9715637051523649, 0.0, 0.0, 0.0], [0.0, 0.0, 0.0, 0.0, 0.0, 0.0, 0.10919296477919993, 0.0, 1.438286755386001, 0.0, 1.4382082630691686, 0.0, 0.0, 0.0, 0.0, 0.0, 0.0, 0.0, 0.0, 0.0, 0.0, 0.0, 0.0, 0.0, 0.0, 0.0, 0.0, 0.9716990761184855, 0.0, 0.0], [0.0, 0.0, 0.0, 0.0, 0.0, 0.0, 0.0, 0.11128921295992061, 0.0, 1.4382082630691686, 0.0, 1.444177172934752, 0.0, 0.0, 0.0, 0.0, 0.0, 0.0, 0.0, 0.0, 0.0, 0.0, 0.0, 0.0, 0.0, 0.0, 0.0, 0.0, 0.971570201248425, 0.0], [0.0, 0.0, 0.0, 0.0, 0.0, 0.0, 1.4119944624293579, 0.0, 0.11128126599598975, 0.0, 1.444177172934752, 0.0, 0.0, 0.0, 0.0, 0.0, 0.0, 0.0, 0.0, 0.0, 0.0, 0.0, 0.0, 0.0, 0.0, 0.0, 0.0, 0.0, 0.0, 0.9699657765346157], [0.987655318678691, 0.0, 0.0, 0.0, 0.0, 0.0, 0.0, 0.0, 0.0, 0.0, 0.0, 0.0, 0.0, 0.0, 0.0, 0.0, 0.0, 0.0, 0.0, 0.0, 0.0, 0.0, 0.0, 0.0, 0.0, 0.0, 0.0, 0.0, 0.0, 0.0], [0.987833343597386, 0.0, 0.0, 0.0, 0.0, 0.0, 0.0, 0.0, 0.0, 0.0, 0.0, 0.0, 0.0, 0.0, 0.0, 0.0, 0.0, 0.0, 0.0, 0.0, 0.0, 0.0, 0.0, 0.0, 0.0, 0.0, 0.0, 0.0, 0.0, 0.0], [0.9874801634331103, 0.0, 0.0, 0.0, 0.0, 0.0, 0.0, 0.0, 0.0, 0.0, 0.0, 0.0, 0.0, 0.0, 0.0, 0.0, 0.0, 0.0, 0.0, 0.0, 0.0, 0.0, 0.0, 0.0, 0.0, 0.0, 0.0, 0.0, 0.0, 0.0], [0.0, 0.9763194606323762, 0.0, 0.0, 0.0, 0.0, 0.0, 0.0, 0.0, 0.0, 0.0, 0.0, 0.0, 0.0, 0.0, 0.0, 0.0, 0.0, 0.0, 0.0, 0.0, 0.0, 0.0, 0.0, 0.0, 0.0, 0.0, 0.0, 0.0, 0.0], [0.0, 0.9779655901786426, 0.0, 0.0, 0.0, 0.0, 0.0, 0.0, 0.0, 0.0, 0.0, 0.0, 0.0, 0.0, 0.0, 0.0, 0.0, 0.0, 0.0, 0.0, 0.0, 0.0, 0.0, 0.0, 0.0, 0.0, 0.0, 0.0, 0.0, 0.0], [0.0, 0.0, 0.9766101345738301, 0.0, 0.0, 0.0, 0.0, 0.0, 0.0, 0.0, 0.0, 0.0, 0.0, 0.0, 0.0, 0.0, 0.0, 0.0, 0.0, 0.0, 0.0, 0.0, 0.0, 0.0, 0.0, 0.0, 0.0, 0.0, 0.0, 0.0], [0.0, 0.0, 0.9771700278989126, 0.0, 0.0, 0.0, 0.0, 0.0, 0.0, 0.0, 0.0, 0.0, 0.0, 0.0, 0.0, 0.0, 0.0, 0.0, 0.0, 0.0, 0.0, 0.0, 0.0, 0.0, 0.0, 0.0, 0.0, 0.0, 0.0, 0.0], [0.0, 0.0, 0.0, 0.97698270186793, 0.0, 0.0, 0.0, 0.0, 0.0, 0.0, 0.0, 0.0, 0.0, 0.0, 0.0, 0.0, 0.0, 0.0, 0.0, 0.0, 0.0, 0.0, 0.0, 0.0, 0.0, 0.0, 0.0, 0.0, 0.0, 0.0], [0.0, 0.0, 0.0, 0.9772347587576268, 0.0, 0.0, 0.0, 0.0, 0.0, 0.0, 0.0, 0.0, 0.0, 0.0, 0.0, 0.0, 0.0, 0.0, 0.0, 0.0, 0.0, 0.0, 0.0, 0.0, 0.0, 0.0, 0.0, 0.0, 0.0, 0.0], [0.0, 0.0, 0.0, 0.0, 0.9771282551549407, 0.0, 0.0, 0.0, 0.0, 0.0, 0.0, 0.0, 0.0, 0.0, 0.0, 0.0, 0.0, 0.0, 0.0, 0.0, 0.0, 0.0, 0.0, 0.0, 0.0, 0.0, 0.0, 0.0, 0.0, 0.0], [0.0, 0.0, 0.0, 0.0, 0.9754622381921259, 0.0, 0.0, 0.0, 0.0, 0.0, 0.0, 0.0, 0.0, 0.0, 0.0, 0.0, 0.0, 0.0, 0.0, 0.0, 0.0, 0.0, 0.0, 0.0, 0.0, 0.0, 0.0, 0.0, 0.0, 0.0], [0.0, 0.0, 0.0, 0.0, 0.0, 0.9726964315156117, 0.0, 0.0, 0.0, 0.0, 0.0, 0.0, 0.0, 0.0, 0.0, 0.0, 0.0, 0.0, 0.0, 0.0, 0.0, 0.0, 0.0, 0.0, 0.0, 0.0, 0.0, 0.0, 0.0, 0.0], [0.0, 0.0, 0.0, 0.0, 0.0, 0.9724155826202472, 0.0, 0.0, 0.0, 0.0, 0.0, 0.0, 0.0, 0.0, 0.0, 0.0, 0.0, 0.0, 0.0, 0.0, 0.0, 0.0, 0.0, 0.0, 0.0, 0.0, 0.0, 0.0, 0.0, 0.0], [0.0, 0.0, 0.0, 0.0, 0.0, 0.0, 0.0, 0.9699557469251656, 0.0, 0.0, 0.0, 0.0, 0.0, 0.0, 0.0, 0.0, 0.0, 0.0, 0.0, 0.0, 0.0, 0.0, 0.0, 0.0, 0.0, 0.0, 0.0, 0.0, 0.0, 0.0], [0.0, 0.0, 0.0, 0.0, 0.0, 0.0, 0.0, 0.0, 0.9715637051523649, 0.0, 0.0, 0.0, 0.0, 0.0, 0.0, 0.0, 0.0, 0.0, 0.0, 0.0, 0.0, 0.0, 0.0, 0.0, 0.0, 0.0, 0.0, 0.0, 0.0, 0.0], [0.0, 0.0, 0.0, 0.0, 0.0, 0.0, 0.0, 0.0, 0.0, 0.9716990761184855, 0.0, 0.0, 0.0, 0.0, 0.0, 0.0, 0.0, 0.0, 0.0, 0.0, 0.0, 0.0, 0.0, 0.0, 0.0, 0.0, 0.0, 0.0, 0.0, 0.0], [0.0, 0.0, 0.0, 0.0, 0.0, 0.0, 0.0, 0.0, 0.0, 0.0, 0.971570201248425, 0.0, 0.0, 0.0, 0.0, 0.0, 0.0, 0.0, 0.0, 0.0, 0.0, 0.0, 0.0, 0.0, 0.0, 0.0, 0.0, 0.0, 0.0, 0.0], [0.0, 0.0, 0.0, 0.0, 0.0, 0.0, 0.0, 0.0, 0.0, 0.0, 0.0, 0.9699657765346157, 0.0, 0.0, 0.0, 0.0, 0.0, 0.0, 0.0, 0.0, 0.0, 0.0, 0.0, 0.0, 0.0, 0.0, 0.0, 0.0, 0.0, 0.0]], "Born radii": [], "Atomic SASAs": [], "Solvent H bonds": [], "Total SASA": NaN, "Total FOD": 0.0, "FOD": [0.0, 0.0, 0.0, 0.0, 0.0, 0.0, 0.0, 0.0, 0.0, 0.0, 0.0, 0.0, 0.0, 0.0, 0.0, 0.0, 0.0, 0.0, 0.0, 0.0, 0.0, 0.0, 0.0, 0.0, 0.0, 0.0, 0.0, 0.0, 0.0, 0.0], "FOD s proportion": [0.0, 0.0, 0.0, 0.0, 0.0, 0.0, 0.0, 0.0, 0.0, 0.0, 0.0, 0.0, 0.0, 0.0, 0.0, 0.0, 0.0, 0.0, 0.0, 0.0, 0.0, 0.0, 0.0, 0.0, 0.0, 0.0, 0.0, 0.0, 0.0, 0.0], "FOD p proportion": [0.0, 0.0, 0.0, 0.0, 0.0, 0.0, 0.0, 0.0, 0.0, 0.0, 0.0, 0.0, 0.0, 0.0, 0.0, 0.0, 0.0, 0.0, 0.0, 0.0, 0.0, 0.0, 0.0, 0.0, 0.0, 0.0, 0.0, 0.0, 0.0, 0.0], "FOD d proportion": [0.0, 0.0, 0.0, 0.0, 0.0, 0.0, 0.0, 0.0, 0.0, 0.0, 0.0, 0.0, 0.0, 0.0, 0.0, 0.0, 0.0, 0.0, 0.0, 0.0, 0.0, 0.0, 0.0, 0.0, 0.0, 0.0, 0.0, 0.0, 0.0, 0.0], "coordinates": [["4.45050", "0.42430", "1.38030"], ["3.18030", "0.51290", "0.54790"], ["2.77200", "-0.85800", "0.00710"], ["1.56370", "-0.80680", "-0.93230"], ["0.26910", "-0.38170", "-0.23580"], ["-0.92350", "-0.45860", "-1.19300"], ["-2.20600", "-0.03750", "-0.52030"], ["-2.60790", "1.30480", "-0.53340"], ["-3.78630", "1.69650", "0.10390"], ["-4.57060", "0.75200", "0.76340"], ["-4.17630", "-0.58450", "0.78820"], ["-2.99820", "-0.97800", "0.15140"], ["5.28660", "0.04800", "0.78220"], ["4.31220", "-0.24330", "2.23680"], ["4.72380", "1.41340", "1.76090"], ["2.38250", "0.92990", "1.17150"], ["3.34340", "1.20840", "-0.28330"], ["3.61560", "-1.29010", "-0.54560"], ["2.56080", "-1.53790", "0.84140"], ["1.42570", "-1.80550", "-1.36490"], ["1.77550", "-0.12770", "-1.76720"], ["0.09080", "-1.02680", "0.63370"], ["0.36510", "0.64260", "0.14260"], ["-0.74630", "0.17740", "-2.06970"], ["-1.03440", "-1.47980", "-1.57920"], ["-2.00340", "2.05360", "-1.04010"], ["-4.09130", "2.73940", "0.08690"], ["-5.48760", "1.05770", "1.25980"], ["-4.78560", "-1.32110", "1.30500"], ["-2.70050", "-2.02350", "0.18300"]], "bond_dist": [[0.0, 1.521232316248902, 2.519391549561124, 3.8983766121297214, 4.554725147580258, 6.023392839588, 6.937905436801513, 7.366039539671234, 8.431640649363564, 9.048104669487419, 8.705741673746125, 7.678526693969359, 1.0947093267164578, 1.0947186396513033, 1.0944715893982813, 2.139124306813421, 2.1466364806366265, 2.7102243781650257, 2.776978239021689, 4.65376687426433, 4.1673835016710425, 4.655114054456668, 4.274347826277127, 6.242610820001516, 6.516775665158345, 7.082780517565118, 8.943987858332546, 9.958993293501106, 9.399874172562098, 7.652584735238153], [1.521232316248902, 0.0, 1.5292286748553992, 2.5585143521192135, 3.1447703079875327, 4.562424739105293, 5.518715347796079, 5.941344506086144, 7.08036443412343, 7.757580800094834, 7.441881106951388, 6.368191054765866, 2.1696838917224786, 2.1691978379115167, 2.1597827437036345, 1.0951031001691118, 1.0959996806568877, 2.1531459170246685, 2.162337425102752, 3.480287855910772, 2.7827179896640626, 3.4529766839641414, 2.8471812762801036, 4.731022888340322, 5.124363744895555, 5.636155265781808, 7.618791886513241, 8.714132146117592, 8.209282503361667, 6.414848837657829], [2.519391549561124, 1.5292286748553992, 0.0, 1.5313662821154186, 2.5593691625086055, 3.905954508183627, 5.072657588483575, 5.8235013608653, 7.038901858954989, 7.554989374578894, 6.99741326134165, 5.773251296280113, 2.7829533179699584, 2.7787828666522327, 3.4705324721143294, 2.1688992646040526, 2.1635246890202104, 1.0972003736783909, 1.0967798047010167, 2.1430501487366085, 2.162057082965202, 2.758614587070836, 2.839600010564868, 4.214686974141733, 4.17033138851099, 5.690209799295628, 7.749357501754582, 8.57089003196284, 7.682208261951767, 5.597998509288833], [3.8983766121297214, 2.5585143521192135, 1.5313662821154186, 0.0, 1.530297820687202, 2.5249498153428713, 3.8693933090343764, 4.692570972292268, 5.996892639525908, 6.552472237255187, 5.996427064511, 4.6919768477689665, 4.186905504068608, 4.23260904289541, 4.708380431740834, 2.848251177477155, 2.765784541499934, 2.143224064347916, 2.1621117709313733, 1.0970817881999502, 1.0968564445723972, 2.161062333668328, 2.1662899921294008, 2.756524696062054, 2.760712266789134, 4.573588460935242, 6.752283175341509, 7.615936866203658, 6.751564727527982, 4.572488886809896], [4.554725147580258, 3.1447703079875327, 2.5593691625086055, 1.530297820687202, 0.0, 1.5311564942878961, 2.515061410781057, 3.3481303752990264, 4.5695273814695545, 5.070145206993582, 4.566320728989588, 3.3437623749303715, 5.137730271238459, 4.7412617445148495, 5.201302432083717, 2.85783964035773, 3.4615018055751468, 3.4814119046731604, 2.7837110428347267, 2.154018758042743, 2.1630864337792888, 1.0972580143247987, 1.09617199836522, 2.169520495409066, 2.170174974512424, 3.426636956259008, 5.372009741242098, 6.119500519650275, 5.367171423571265, 3.4189800876869696], [6.023392839588, 4.562424739105293, 3.905954508183627, 2.5249498153428713, 1.5311564942878961, 0.0, 1.5081965223405072, 2.5262333779759936, 3.8107780649101044, 4.312121488316395, 3.810736423580094, 2.526176519960551, 6.53631399261082, 6.262781859525366, 6.642432272895222, 4.295163384552443, 4.670425965583867, 4.659822724095843, 4.176603684813775, 2.7133797854336574, 2.7791727995934328, 2.1652918094335463, 2.157998785912541, 1.0974965740265434, 1.0974054355615337, 2.73874264216264, 4.679776153834712, 5.398740810596486, 4.679714378036334, 2.7386158931109703], [6.937905436801513, 5.518715347796079, 5.072657588483575, 3.8693933090343764, 2.515061410781057, 1.5081965223405072, 0.0, 1.4012367787065825, 2.42770050253321, 2.804020167545162, 2.427645637237857, 1.4011787823115223, 7.605450102393677, 7.08031675068284, 7.4384885756449215, 4.985216369426707, 5.692475399156328, 5.954886515291454, 5.179556862319401, 4.12655038137183, 4.1731568266721055, 2.7542187149897885, 2.740899055054746, 2.1395201471358014, 2.138725101549986, 2.1642407467747202, 3.410897468409158, 3.8906448835636485, 3.4108188474323873, 2.164106545436245], [7.366039539671234, 5.941344506086144, 5.8235013608653, 4.692570972292268, 3.3481303752990264, 2.5262333779759936, 1.4012367787065825, 0.0, 1.3957817666096661, 2.416499404096761, 2.7885407671396885, 2.4150488545783086, 8.101449243808172, 7.613041813887534, 7.683061326060074, 5.286901377933959, 5.957332847843907, 6.742818928311808, 6.056936355947617, 5.1609386064939775, 4.773731690197931, 3.752527502897214, 3.1199701665240323, 2.6639825468647502, 3.3650552818638806, 1.0875966991490917, 2.1548375367994685, 3.4013668928829186, 3.875234529676881, 3.405786929624341], [8.431640649363564, 7.08036443412343, 7.038901858954989, 5.996892639525908, 4.5695273814695545, 3.8107780649101044, 2.42770050253321, 1.3957817666096661, 0.0, 1.3936093390904063, 2.4131571623083317, 2.7886032543192663, 9.246359151038858, 8.596382303038878, 8.674537256822406, 6.307260796891152, 7.156869954107033, 8.008105482572018, 7.161768498073643, 6.448745726108295, 6.145107003950378, 4.767489416873414, 4.283261007690286, 4.034080040108277, 4.527102926817547, 2.1482525037806894, 1.086717263137013, 2.153739060332054, 3.398109983505537, 3.876031275673611], [9.048104669487419, 7.757580800094834, 7.554989374578894, 6.552472237255187, 5.070145206993582, 4.312121488316395, 2.804020167545162, 2.416499404096761, 1.3936093390904063, 0.0, 1.3936713314121087, 2.416585558179143, 9.882325701979266, 9.059010182685524, 9.37114334379749, 6.967337628535019, 7.995953842413049, 8.538004676152385, 7.4904333632974796, 6.857556476617601, 6.888453647953218, 4.99095196230138, 4.975790941146944, 4.793943184894873, 4.793059194293348, 3.396658747946281, 2.153401843595384, 1.0866252573909736, 2.1534389171741095, 3.3966952203575755], [8.705741673746125, 7.441881106951388, 6.99741326134165, 5.996427064511, 4.566320728989588, 3.810736423580094, 2.427645637237857, 2.7885407671396885, 2.4131571623083317, 1.3936713314121087, 0.0, 1.3958066126795647, 9.484016483536921, 8.617974915837246, 9.173305277270565, 6.74226843799622, 7.804389197752762, 7.936661729593872, 6.8044337170700695, 6.124466067340075, 6.493277958011655, 4.292742940125812, 4.748356318769686, 4.529126187246278, 4.0345607518043405, 3.8760478467119057, 3.3981403590787713, 2.1537722929780667, 1.086696043058959, 2.1482489799834656], [7.678526693969359, 6.368191054765866, 5.773251296280113, 4.6919768477689665, 3.3437623749303715, 2.526176519960551, 1.4011787823115223, 2.4150488545783086, 2.7886032543192663, 2.416585558179143, 1.3958066126795647, 0.0, 8.371887223320678, 7.637448881007322, 8.2424855601936, 5.799363664230758, 6.721993722847411, 6.657744802108294, 5.629570943686561, 4.749190788966053, 5.214618657198242, 3.126805994941164, 3.7333910443456095, 3.3673859267984123, 2.665199812396812, 3.40586227701591, 3.875318131457081, 3.401431670635175, 2.1548339448783516, 1.087517402159616], [1.0947093267164578, 2.1696838917224786, 2.7829533179699584, 4.186905504068608, 5.137730271238459, 6.53631399261082, 7.605450102393677, 8.101449243808172, 9.246359151038858, 9.882325701979266, 9.484016483536921, 8.371887223320678, 0.0, 1.774872448938233, 1.77169825026724, 3.0599181214535793, 2.501568438000448, 2.5190882179868175, 3.1541352364792474, 4.790829726675746, 4.34259531386474, 5.307879513515732, 4.998379694460996, 6.674276019164925, 6.918484212600329, 7.7773587193853935, 9.781210787014048, 10.83194264617386, 10.178259551121693, 8.273084025924069], [1.0947186396513033, 2.1691978379115167, 2.7787828666522327, 4.23260904289541, 4.7412617445148495, 6.262781859525366, 7.08031675068284, 7.613041813887534, 8.596382303038878, 9.059010182685524, 8.617974915837246, 7.637448881007322, 1.774872448938233, 0.0, 1.7721597727067389, 2.496999082899311, 3.0654380339520815, 3.0533246732046035, 2.586606324897548, 4.872842494889405, 4.741331695842424, 4.58301427228849, 4.555226762741895, 6.656677323560156, 6.68407957837128, 7.47667215945704, 9.172643105997311, 9.933942321153268, 9.208684429385123, 7.520981835505255], [1.0944715893982813, 2.1597827437036345, 3.4705324721143294, 4.708380431740834, 5.201302432083717, 6.642432272895222, 7.4384885756449215, 7.683061326060074, 8.674537256822406, 9.37114334379749, 9.173305277270565, 8.2424855601936, 1.77169825026724, 1.7721597727067389, 0.0, 2.462285584573812, 2.4751328853215133, 3.722494021486132, 3.7728266511993365, 5.568609023804778, 4.849221763334813, 5.356290216185079, 4.712885869613224, 6.791405331004769, 7.2583566659403, 7.31509923924481, 9.070090408038942, 10.229873589639316, 9.905252314807534, 8.332003391141892], [2.139124306813421, 1.0951031001691118, 2.1688992646040526, 2.848251177477155, 2.85783964035773, 4.295163384552443, 4.985216369426707, 5.286901377933959, 6.307260796891152, 6.967337628535019, 6.74226843799622, 5.799363664230758, 3.0599181214535793, 2.496999082899311, 2.462285584573812, 0.0, 1.7655973776600373, 3.0655126846907677, 2.496155792413606, 3.8511302704530785, 3.1816543574059075, 3.0610116987688887, 2.282778846055833, 4.567386903909061, 5.004818697015907, 5.0388485847463205, 6.808871701684502, 7.87163285094014, 7.514418198370382, 5.961257653381542], [2.1466364806366265, 1.0959996806568877, 2.1635246890202104, 2.765784541499934, 3.4615018055751468, 4.670425965583867, 5.692475399156328, 5.957332847843907, 7.156869954107033, 7.995953842413049, 7.804389197752762, 6.721993722847411, 2.501568438000448, 3.0654380339520815, 2.4751328853215133, 1.7655973776600373, 0.0, 2.526934185925704, 3.069132864507498, 3.732428841920499, 2.5387856998967044, 4.051717512364355, 3.0613381616541484, 4.580374662623135, 5.2981986457663135, 5.465837494840109, 7.599721911359652, 8.966070995703747, 8.660352656791755, 6.8695953672687295], [2.7102243781650257, 2.1531459170246685, 1.0972003736783909, 2.143224064347916, 3.4814119046731604, 4.659822724095843, 5.954886515291454, 6.742818928311808, 8.008105482572018, 8.538004676152385, 7.936661729593872, 6.657744802108294, 2.5190882179868175, 3.0533246732046035, 3.722494021486132, 3.0655126846907677, 2.526934185925704, 0.0, 1.7600502492826733, 2.394274767022365, 2.4958862814639615, 3.726162962083113, 3.8437870362443336, 4.847948913715985, 4.767264944388973, 6.557287620655357, 8.71970378567988, 9.57287230876919, 8.602664866191173, 6.400144742894492], [2.776978239021689, 2.162337425102752, 1.0967798047010167, 2.1621117709313733, 2.7837110428347267, 4.176603684813775, 5.179556862319401, 6.056936355947617, 7.161768498073643, 7.4904333632974796, 6.8044337170700695, 5.629570943686561, 3.1541352364792474, 2.586606324897548, 3.7728266511993365, 2.496155792413606, 3.069132864507498, 1.7600502492826733, 0.0, 2.4955603499014005, 3.0675974458849713, 2.5308620073010695, 3.1723808377935963, 4.727966551277621, 4.334529156667423, 6.1049845323309375, 7.9444949461875805, 8.46693217641431, 7.36420533119494, 5.324525857764239], [4.65376687426433, 3.480287855910772, 2.1430501487366085, 1.0970817881999502, 2.154018758042743, 2.7133797854336574, 4.12655038137183, 5.1609386064939775, 6.448745726108295, 6.857556476617601, 6.124466067340075, 4.749190788966053, 4.790829726675746, 4.872842494889405, 5.568609023804778, 3.8511302704530785, 3.732428841920499, 2.394274767022365, 2.4955603499014005, 0.0, 1.7604596473648582, 2.526407263289116, 3.064412214438521, 3.0242717222498374, 2.4908024791219394, 5.172704772167072, 7.293910353849984, 7.929733994277487, 6.778145547271761, 4.412374060525694], [4.1673835016710425, 2.7827179896640626, 2.162057082965202, 1.0968564445723972, 2.1630864337792888, 2.7791727995934328, 4.1731568266721055, 4.773731690197931, 6.145107003950378, 6.888453647953218, 6.493277958011655, 5.214618657198242, 4.34259531386474, 4.741331695842424, 4.849221763334813, 3.1816543574059075, 2.5387856998967044, 2.4958862814639615, 3.0675974458849713, 1.7604596473648582, 0.0, 3.067721582868954, 2.4959820291821018, 2.5581375060774194, 3.1239488504135275, 4.423440890302481, 6.788025593646506, 7.957419416494269, 7.342387187420723, 5.237548441780754], [4.655114054456668, 3.4529766839641414, 2.758614587070836, 2.161062333668328, 1.0972580143247987, 2.1652918094335463, 2.7542187149897885, 3.752527502897214, 4.767489416873414, 4.99095196230138, 4.292742940125812, 3.126805994941164, 5.307879513515732, 4.58301427228849, 5.356290216185079, 3.0610116987688887, 4.051717512364355, 3.726162962083113, 2.5308620073010695, 2.526407263289116, 3.067721582868954, 0.0, 1.761623132227776, 3.0755821579011675, 2.5235313451590016, 4.083643500600903, 5.654486103086645, 5.987961925396653, 4.9311796905000325, 2.9979821663912545], [4.274347826277127, 2.8471812762801036, 2.839600010564868, 2.1662899921294008, 1.09617199836522, 2.157998785912541, 2.740899055054746, 3.1199701665240323, 4.283261007690286, 4.975790941146944, 4.748356318769686, 3.7333910443456095, 4.998379694460996, 4.555226762741895, 4.712885869613224, 2.282778846055833, 3.0613381616541484, 3.8437870362443336, 3.1723808377935963, 3.064412214438521, 2.4959820291821018, 1.761623132227776, 0.0, 2.519105454323022, 3.0704685717329854, 2.9999154221410977, 4.9253602599200805, 5.97281685136921, 5.633560325407015, 4.0629576333011395], [6.242610820001516, 4.731022888340322, 4.214686974141733, 2.756524696062054, 2.169520495409066, 1.0974965740265434, 2.1395201471358014, 2.6639825468647502, 4.034080040108277, 4.793943184894873, 4.529126187246278, 3.3673859267984123, 6.674276019164925, 6.656677323560156, 6.791405331004769, 4.567386903909061, 4.580374662623135, 4.847948913715985, 4.727966551277621, 3.0242717222498374, 2.5581375060774194, 3.0755821579011675, 2.519105454323022, 0.0, 1.7521140659215086, 2.482036061381865, 4.733264471799564, 5.860070309305171, 5.472663595544677, 3.7064154839952845], [6.516775665158345, 5.124363744895555, 4.17033138851099, 2.760712266789134, 2.170174974512424, 1.0974054355615337, 2.138725101549986, 3.3650552818638806, 4.527102926817547, 4.793059194293348, 4.0345607518043405, 2.665199812396812, 6.918484212600329, 6.68407957837128, 7.2583566659403, 5.004818697015907, 5.2981986457663135, 4.767264944388973, 4.334529156667423, 2.4908024791219394, 3.1239488504135275, 2.5235313451590016, 3.0704685717329854, 1.7521140659215086, 0.0, 3.7033100558824397, 5.470116585594863, 5.859165255392614, 4.73447956696404, 2.4853264855950012], [7.082780517565118, 5.636155265781808, 5.690209799295628, 4.573588460935242, 3.426636956259008, 2.73874264216264, 2.1642407467747202, 1.0875966991490917, 2.1482525037806894, 3.396658747946281, 3.8760478467119057, 3.40586227701591, 7.7773587193853935, 7.47667215945704, 7.31509923924481, 5.0388485847463205, 5.465837494840109, 6.557287620655357, 6.1049845323309375, 5.172704772167072, 4.423440890302481, 4.083643500600903, 2.9999154221410977, 2.482036061381865, 3.7033100558824397, 0.0, 2.4697726717250723, 4.291969997565221, 4.9627342201653315, 4.313312697915605], [8.943987858332546, 7.618791886513241, 7.749357501754582, 6.752283175341509, 5.372009741242098, 4.679776153834712, 3.410897468409158, 2.1548375367994685, 1.086717263137013, 2.153401843595384, 3.3981403590787713, 3.875318131457081, 9.781210787014048, 9.172643105997311, 9.070090408038942, 6.808871701684502, 7.599721911359652, 8.71970378567988, 7.9444949461875805, 7.293910353849984, 6.788025593646506, 5.654486103086645, 4.9253602599200805, 4.733264471799564, 5.470116585594863, 2.4697726717250723, 0.0, 2.480617461439792, 4.295751430192393, 4.962738786194575], [9.958993293501106, 8.714132146117592, 8.57089003196284, 7.615936866203658, 6.119500519650275, 5.398740810596486, 3.8906448835636485, 3.4013668928829186, 2.153739060332054, 1.0866252573909736, 2.1537722929780667, 3.401431670635175, 10.83194264617386, 9.933942321153268, 10.229873589639316, 7.87163285094014, 8.966070995703747, 9.57287230876919, 8.46693217641431, 7.929733994277487, 7.957419416494269, 5.987961925396653, 5.97281685136921, 5.860070309305171, 5.859165255392614, 4.291969997565221, 2.480617461439792, 0.0, 2.4806322742397753, 4.291994651674207], [9.399874172562098, 8.209282503361667, 7.682208261951767, 6.751564727527982, 5.367171423571265, 4.679714378036334, 3.4108188474323873, 3.875234529676881, 3.398109983505537, 2.1534389171741095, 1.086696043058959, 2.1548339448783516, 10.178259551121693, 9.208684429385123, 9.905252314807534, 7.514418198370382, 8.660352656791755, 8.602664866191173, 7.36420533119494, 6.778145547271761, 7.342387187420723, 4.9311796905000325, 5.633560325407015, 5.472663595544677, 4.73447956696404, 4.9627342201653315, 4.295751430192393, 2.4806322742397753, 0.0, 2.469795896425451], [7.652584735238153, 6.414848837657829, 5.597998509288833, 4.572488886809896, 3.4189800876869696, 2.7386158931109703, 2.164106545436245, 3.405786929624341, 3.876031275673611, 3.3966952203575755, 2.1482489799834656, 1.087517402159616, 8.273084025924069, 7.520981835505255, 8.332003391141892, 5.961257653381542, 6.8695953672687295, 6.400144742894492, 5.324525857764239, 4.412374060525694, 5.237548441780754, 2.9979821663912545, 4.0629576333011395, 3.7064154839952845, 2.4853264855950012, 4.313312697915605, 4.962738786194575, 4.291994651674207, 2.469795896425451, 0.0]]}