{"total energy": -24.04737421, "HOMO-LUMO gap/eV": 12.01752169, "electronic energy": -24.34501895, "dipole": [-0.23248793, 0.59191744, -0.01630387], "partial charges": [-0.09923844, -0.05200489, -0.06094885, -0.01262674, -0.10146266, 0.08433564, -0.44189661, 0.03180883, 0.03150737, 0.0293747, 0.03257426, 0.02818355, 0.02866734, 0.04698478, 0.03129316, 0.03454233, 0.03075453, 0.04924703, 0.01462474, 0.01248717, 0.28179277], "atomic dipole moments": [[-0.04682658, -0.07486237, -0.04585772], [-0.04337703, 0.10414705, 0.0060455], [0.01672412, 0.01844429, 0.12016266], [-0.05633649, -0.05579941, -0.05294627], [0.025854, 0.08168675, -0.07455892], [-0.02909774, -0.18345032, -0.06310593], [-0.01168947, 0.23914255, 0.04865275], [-0.05854368, 0.03598007, 0.10527302], [0.01399163, 0.10014106, -0.07540861], [0.11370482, -0.03645556, 0.03407007], [-0.00889341, -0.09772123, 0.07648601], [0.07203692, -0.04066645, -0.08803955], [0.01926513, 0.08151025, -0.08922117], [-0.04091837, -0.10034555, -0.06479725], [0.04248618, 0.0994181, 0.05732225], [0.09596015, -0.02303718, 0.07596263], [-0.09169725, 0.03905965, 0.07636108], [-0.03826588, -0.11474418, -0.04880922], [-0.08363535, 0.04071563, 0.07012051], [0.01885891, 0.07738353, -0.08464132], [-0.06186532, 0.03908155, -0.03156369]], "atomic quadrupole moments": [[-0.02956668, 0.11007554, 0.08234032, 0.07625731, 0.12024171, -0.05277364], [0.08970537, 0.04003803, -0.00562603, 0.17617304, 0.08717796, -0.08407934], [0.15742537, -0.14656184, -0.15504448, -0.01765345, 0.02674968, -0.00238089], [0.06235083, -0.09044118, -0.10699793, -0.01820836, -0.1146533, 0.0446471], [-0.07436085, 0.03445925, 0.03309663, -0.06045189, -0.1705081, 0.04126422], [-0.02225109, 0.16233123, 0.13686069, 0.24215296, 0.21486576, -0.11460959], [-0.04238679, 0.06315415, 0.09941511, 0.06969056, 0.09493581, -0.05702832], [0.00217723, -0.00573666, -0.03038826, -0.05823791, 0.02738824, 0.02821103], [-0.04938271, 0.00882534, 0.02959513, 0.00313553, -0.05659443, 0.01978758], [0.05858035, -0.03904241, -0.01864378, 0.03387733, 0.00085762, -0.03993656], [-0.02206114, 0.02587176, 0.00332312, -0.00400165, -0.04189001, 0.01873803], [0.01103596, -0.00584799, -0.03899779, -0.03064516, 0.02533442, 0.02796183], [-0.01292101, 0.00047451, 0.02284717, -0.01955333, -0.04940549, -0.00992617], [0.00468729, 0.02476506, 0.03034931, 0.01380077, 0.03020872, -0.03503661], [-0.00920775, 0.02484205, 0.01345781, 0.01336094, 0.01849978, -0.00425006], [0.0534114, -0.00698019, -0.03932686, 0.05346076, -0.01837132, -0.01408455], [0.0232957, -0.04284021, -0.01577793, -0.05357274, 0.01702062, -0.00751776], [-0.03860142, 0.02970517, 0.03732725, 0.01558155, 0.0455953, 0.00127416], [0.00970895, -7.372e-05, -0.02287214, -0.02404496, 0.03699137, 0.01316319], [-0.02137012, 0.03576461, 0.0076138, -0.00135034, -0.02715428, 0.01375632], [0.06428728, -0.04980825, -0.02815158, 0.0918968, -0.01780297, -0.0361357]], "number of molecular orbitals": 42, "number of electrons": 44, "number of unpaired electrons": 0, "orbital energies/eV": [-18.52045531, -17.10973937, -16.64428489, -16.1520921, -15.85593508, -15.3901506, -15.33208163, -14.71160857, -14.17402331, -13.95103589, -13.64010792, -13.3212866, -12.97742113, -12.88087051, -12.70132025, -12.17275229, -11.98227174, -11.9351158, -11.43015598, -11.34149871, -11.30511337, -10.99261337, 1.02490832, 1.72652236, 2.60585804, 2.74117045, 3.3125282, 3.68705638, 3.72593319, 3.92268133, 4.10164965, 4.74748762, 5.39488491, 5.40998285, 5.98180891, 6.157578, 6.30042525, 6.94670451, 7.27406434, 7.65504246, 7.93238931, 8.13225895], "fractional occupation": [2.0, 2.0, 2.0, 2.0, 2.0, 2.0, 2.0, 2.0, 2.0, 2.0, 2.0, 2.0, 2.0, 2.0, 2.0, 2.0, 2.0, 2.0, 2.0, 2.0, 2.0, 2.0, 0.0, 0.0, 0.0, 0.0, 0.0, 0.0, 0.0, 0.0, 0.0, 0.0, 0.0, 0.0, 0.0, 0.0, 0.0, 0.0, 0.0, 0.0, 0.0, 0.0], "program call": "xtb /home/svss/Project-DBcg-Debug/aqme2_20220329/End-to-End-workflows-final/example-3/QDESCP/mol_896_rdkit_conf_20/mol_896_rdkit_conf_20.xyz --pop --wbo --acc 0.2 --gfn 2 --chrg 0 --uhf 0 --etemp 300 --input /home/svss/Project-DBcg-Debug/aqme2_20220329/End-to-End-workflows-final/example-3/QDESCP/mol_896_rdkit_conf_20/mol_896_rdkit_conf_20_xtb.inp", "method": "GFN2-xTB", "xtb version": "6.3.3 (7355c4f)", "Dipole module/D": 1.617, "Total charge": 0, "Transition dipole module/D": NaN, "HOMO": -10.9926, "LUMO": 1.0249, "HOMO occupancy": 2.0, "LUMO occupancy": 0, "mulliken charges": [-0.08573, -0.04007, -0.04988, -0.01044, -0.08463, 0.19365, -0.56888, 0.0256, 0.02537, 0.02765, 0.02337, 0.02336, 0.02091, 0.03917, 0.0163, 0.02548, 0.02599, 0.04101, 0.00847, 0.00786, 0.33545], "cm5 charges": [-0.2363, -0.15265, -0.15714, -0.0801, -0.23192, 0.10833, -0.78453, 0.07751, 0.07682, 0.07844, 0.07848, 0.07758, 0.07687, 0.09707, 0.07559, 0.07763, 0.07806, 0.09503, 0.07108, 0.07048, 0.50365], "FUKUI+": [0.02, 0.002, -0.019, -0.015, 0.024, -0.008, -0.114, -0.022, -0.028, -0.056, -0.04, -0.058, -0.049, -0.046, -0.106, -0.059, -0.057, -0.043, -0.108, -0.09, -0.127], "FUKUI-": [0.022, 0.008, 0.004, -0.011, 0.021, 0.024, -0.104, -0.079, -0.062, -0.057, -0.081, -0.117, -0.059, -0.051, -0.058, -0.043, -0.055, -0.05, -0.106, -0.09, -0.056], "FUKUIrad": [0.021, 0.005, -0.008, -0.013, 0.022, 0.008, -0.109, -0.05, -0.045, -0.056, -0.06, -0.087, -0.054, -0.049, -0.082, -0.051, -0.056, -0.046, -0.107, -0.09, -0.091], "s proportion": [1.007, 1.027, 1.035, 1.055, 1.009, 0.994, 1.694, 0.974, 0.975, 0.972, 0.977, 0.977, 0.979, 0.961, 0.984, 0.975, 0.974, 0.959, 0.992, 0.992, 0.665], "p proportion": [3.079, 3.013, 3.015, 2.955, 3.075, 2.812, 4.874, 0.0, 0.0, 0.0, 0.0, 0.0, 0.0, 0.0, 0.0, 0.0, 0.0, 0.0, 0.0, 0.0, 0.0], "d proportion": [0.0, 0.0, 0.0, 0.0, 0.0, 0.0, 0.0, 0.0, 0.0, 0.0, 0.0, 0.0, 0.0, 0.0, 0.0, 0.0, 0.0, 0.0, 0.0, 0.0, 0.0], "Fermi-level/eV": -4.9839, "Coordination numbers": [3.749, 3.798, 3.801, 3.846, 3.751, 3.676, 1.653, 0.924, 0.924, 0.924, 0.924, 0.924, 0.924, 0.924, 0.924, 0.924, 0.924, 0.924, 0.924, 0.924, 0.804], "Dispersion coefficient C6": [22.46, 21.51, 21.672, 20.769, 22.5, 19.394, 21.68, 2.561, 2.565, 2.595, 2.55, 2.613, 2.606, 2.358, 2.568, 2.523, 2.576, 2.329, 2.817, 2.85, 0.779], "Total dispersion C6": 2919.12979, "Total dispersion C8": 60147.31684, "Polarizability alpha": [6.759, 6.604, 6.628, 6.482, 6.765, 6.31, 6.286, 2.503, 2.505, 2.519, 2.497, 2.528, 2.524, 2.401, 2.506, 2.484, 2.51, 2.387, 2.625, 2.64, 1.386], "Total polarizability alpha": 79.848684, "Wiberg matrix": [[0.0, 1.0209713243177152, 0.0, 0.0, 0.0, 0.0, 0.0, 0.9858621967328804, 0.9874455284939611, 0.987249838877618, 0.0, 0.0, 0.0, 0.0, 0.0, 0.0, 0.0, 0.0, 0.0, 0.0, 0.0], [1.0209713243177152, 0.0, 1.007158234980755, 0.0, 0.0, 0.0, 0.0, 0.0, 0.0, 0.0, 0.9762167429843905, 0.9775926607943326, 0.0, 0.0, 0.0, 0.0, 0.0, 0.0, 0.0, 0.0, 0.0], [0.0, 1.007158234980755, 0.0, 0.9953417005593479, 0.0, 0.0, 0.0, 0.0, 0.0, 0.0, 0.0, 0.0, 0.9765114274366684, 0.9754401916276637, 0.0, 0.0, 0.0, 0.0, 0.0, 0.0, 0.0], [0.0, 0.0, 0.9953417005593479, 0.0, 1.0098500748326398, 0.9920495739127214, 0.0, 0.0, 0.0, 0.0, 0.0, 0.0, 0.0, 0.0, 0.9652863370481546, 0.0, 0.0, 0.0, 0.0, 0.0, 0.0], [0.0, 0.0, 0.0, 1.0098500748326398, 0.0, 0.0, 0.0, 0.0, 0.0, 0.0, 0.0, 0.0, 0.0, 0.0, 0.0, 0.9848898989401228, 0.9860674509068068, 0.9859729107606768, 0.0, 0.0, 0.0], [0.0, 0.0, 0.0, 0.9920495739127214, 0.0, 0.0, 0.990616484192773, 0.0, 0.0, 0.0, 0.0, 0.0, 0.0, 0.0, 0.0, 0.0, 0.0, 0.0, 0.9726460433794424, 0.9728325422986572, 0.0], [0.0, 0.0, 0.0, 0.0, 0.0, 0.990616484192773, 0.0, 0.0, 0.0, 0.0, 0.0, 0.0, 0.0, 0.0, 0.0, 0.0, 0.0, 0.0, 0.0, 0.0, 0.9077943730753109], [0.9858621967328804, 0.0, 0.0, 0.0, 0.0, 0.0, 0.0, 0.0, 0.0, 0.0, 0.0, 0.0, 0.0, 0.0, 0.0, 0.0, 0.0, 0.0, 0.0, 0.0, 0.0], [0.9874455284939611, 0.0, 0.0, 0.0, 0.0, 0.0, 0.0, 0.0, 0.0, 0.0, 0.0, 0.0, 0.0, 0.0, 0.0, 0.0, 0.0, 0.0, 0.0, 0.0, 0.0], [0.987249838877618, 0.0, 0.0, 0.0, 0.0, 0.0, 0.0, 0.0, 0.0, 0.0, 0.0, 0.0, 0.0, 0.0, 0.0, 0.0, 0.0, 0.0, 0.0, 0.0, 0.0], [0.0, 0.9762167429843905, 0.0, 0.0, 0.0, 0.0, 0.0, 0.0, 0.0, 0.0, 0.0, 0.0, 0.0, 0.0, 0.0, 0.0, 0.0, 0.0, 0.0, 0.0, 0.0], [0.0, 0.9775926607943326, 0.0, 0.0, 0.0, 0.0, 0.0, 0.0, 0.0, 0.0, 0.0, 0.0, 0.0, 0.0, 0.0, 0.0, 0.0, 0.0, 0.0, 0.0, 0.0], [0.0, 0.0, 0.9765114274366684, 0.0, 0.0, 0.0, 0.0, 0.0, 0.0, 0.0, 0.0, 0.0, 0.0, 0.0, 0.0, 0.0, 0.0, 0.0, 0.0, 0.0, 0.0], [0.0, 0.0, 0.9754401916276637, 0.0, 0.0, 0.0, 0.0, 0.0, 0.0, 0.0, 0.0, 0.0, 0.0, 0.0, 0.0, 0.0, 0.0, 0.0, 0.0, 0.0, 0.0], [0.0, 0.0, 0.0, 0.9652863370481546, 0.0, 0.0, 0.0, 0.0, 0.0, 0.0, 0.0, 0.0, 0.0, 0.0, 0.0, 0.0, 0.0, 0.0, 0.0, 0.0, 0.0], [0.0, 0.0, 0.0, 0.0, 0.9848898989401228, 0.0, 0.0, 0.0, 0.0, 0.0, 0.0, 0.0, 0.0, 0.0, 0.0, 0.0, 0.0, 0.0, 0.0, 0.0, 0.0], [0.0, 0.0, 0.0, 0.0, 0.9860674509068068, 0.0, 0.0, 0.0, 0.0, 0.0, 0.0, 0.0, 0.0, 0.0, 0.0, 0.0, 0.0, 0.0, 0.0, 0.0, 0.0], [0.0, 0.0, 0.0, 0.0, 0.9859729107606768, 0.0, 0.0, 0.0, 0.0, 0.0, 0.0, 0.0, 0.0, 0.0, 0.0, 0.0, 0.0, 0.0, 0.0, 0.0, 0.0], [0.0, 0.0, 0.0, 0.0, 0.0, 0.9726460433794424, 0.0, 0.0, 0.0, 0.0, 0.0, 0.0, 0.0, 0.0, 0.0, 0.0, 0.0, 0.0, 0.0, 0.0, 0.0], [0.0, 0.0, 0.0, 0.0, 0.0, 0.9728325422986572, 0.0, 0.0, 0.0, 0.0, 0.0, 0.0, 0.0, 0.0, 0.0, 0.0, 0.0, 0.0, 0.0, 0.0, 0.0], [0.0, 0.0, 0.0, 0.0, 0.0, 0.0, 0.9077943730753109, 0.0, 0.0, 0.0, 0.0, 0.0, 0.0, 0.0, 0.0, 0.0, 0.0, 0.0, 0.0, 0.0, 0.0]], "Born radii": [], "Atomic SASAs": [], "Solvent H bonds": [], "Total SASA": NaN, "Total FOD": 0.0, "FOD": [0.0, 0.0, 0.0, 0.0, 0.0, 0.0, 0.0, 0.0, 0.0, 0.0, 0.0, 0.0, 0.0, 0.0, 0.0, 0.0, 0.0, 0.0, 0.0, 0.0, 0.0], "FOD s proportion": [0.0, 0.0, 0.0, 0.0, 0.0, 0.0, 0.0, 0.0, 0.0, 0.0, 0.0, 0.0, 0.0, 0.0, 0.0, 0.0, 0.0, 0.0, 0.0, 0.0, 0.0], "FOD p proportion": [0.0, 0.0, 0.0, 0.0, 0.0, 0.0, 0.0, 0.0, 0.0, 0.0, 0.0, 0.0, 0.0, 0.0, 0.0, 0.0, 0.0, 0.0, 0.0, 0.0, 0.0], "FOD d proportion": [0.0, 0.0, 0.0, 0.0, 0.0, 0.0, 0.0, 0.0, 0.0, 0.0, 0.0, 0.0, 0.0, 0.0, 0.0, 0.0, 0.0, 0.0, 0.0, 0.0, 0.0], "coordinates": [["2.46950", "0.54200", "0.47490"], ["1.75420", "-0.60350", "-0.22370"], ["0.39990", "-0.20950", "-0.82310"], ["-0.64790", "0.31900", "0.17900"], ["-0.98300", "-0.72080", "1.25200"], ["-1.92250", "0.75960", "-0.55820"], ["-2.53290", "-0.33940", "-1.22020"], ["1.93570", "0.85860", "1.37560"], ["2.57240", "1.40540", "-0.18990"], ["3.47300", "0.22770", "0.77940"], ["1.63680", "-1.44180", "0.47140"], ["2.39460", "-0.96700", "-1.03680"], ["0.57180", "0.55540", "-1.59170"], ["-0.00280", "-1.08540", "-1.34760"], ["-0.24680", "1.20860", "0.67910"], ["-0.11890", "-0.92030", "1.89310"], ["-1.78990", "-0.36240", "1.90040"], ["-1.30170", "-1.66960", "0.80770"], ["-2.64590", "1.18110", "0.14810"], ["-1.68750", "1.52590", "-1.30460"], ["-3.32800", "0.00080", "-1.66460"]], "bond_dist": [[0.0, 1.5204822590217881, 2.555934351660856, 3.1393420600501627, 3.757433232939742, 4.517112946340838, 5.3548329320343875, 1.093818307581291, 1.094535065678574, 1.0947680073878665, 2.151479486307039, 2.1372711339462755, 2.8057584375708466, 3.4759465329604824, 2.80434286241893, 3.293846852845469, 4.581754900690346, 4.3845045147656085, 5.165516838613538, 4.62766987370534, 6.2033349047105295], [1.5204822590217881, 0.0, 1.5325289067420556, 2.604468842201803, 3.1118665813302475, 3.9354865963435834, 4.409306914924386, 2.174497447687626, 2.1693945906634875, 2.1567050076447636, 1.0953052816452589, 1.0969849679918133, 2.1476831633180904, 2.1406606036455194, 2.8465339010804, 2.8442412151573926, 4.138909860096014, 3.3968926948021188, 4.7627631066430345, 4.189031876221522, 5.316966065342152], [2.555934351660856, 1.5325289067420556, 0.0, 1.5431790239631953, 2.5455608635426494, 2.5303890175227997, 2.9624108864234215, 2.886832336662453, 2.780036060917196, 3.493292673109426, 2.1735259717794952, 2.1443651811200444, 1.0978923353407655, 1.0974827333493677, 2.1646785766020784, 2.8551939548829255, 3.498007246990778, 2.7725156825525805, 3.486243743630098, 2.75693564850542, 3.827477857545358], [3.1393420600501627, 2.604468842201803, 1.5431790239631953, 0.0, 1.531275628356959, 1.536944162941517, 2.4381296520078664, 2.8979317935382816, 3.4185792750790496, 4.165409062745218, 2.899270337515976, 3.5197687267773716, 2.1630838032771638, 2.1723261564507297, 1.096526050762133, 2.1803312363033283, 2.1752443357011644, 2.1856916731323293, 2.176275538620972, 2.1767968968188103, 3.2684932629577195], [3.757433232939742, 3.1118665813302475, 2.5455608635426494, 1.531275628356959, 0.0, 2.5201326254782703, 2.9426907431804654, 3.3209322501370004, 4.386418950579163, 4.580277176110633, 2.827106188313414, 4.087468854927216, 3.4832053011558193, 2.8020787569231524, 2.1430793755715163, 1.0942935026764986, 1.095427190642993, 1.0950769927269954, 2.757001129851056, 3.475656010021705, 3.811336657919371], [4.517112946340838, 3.9354865963435834, 2.5303890175227997, 1.536944162941517, 2.5201326254782703, 0.0, 1.4207861063509877, 4.316838041900576, 4.555966257557227, 5.584219875685412, 4.309855520780251, 4.674137132134657, 2.7076470190924073, 2.777125393279893, 2.1308408621950163, 3.476191689190917, 2.7057680462301272, 2.855186174315083, 1.0953672899991127, 1.0952413660924243, 1.9430204965465494], [5.3548329320343875, 4.409306914924386, 2.9624108864234215, 2.4381296520078664, 2.9426907431804654, 1.4207861063509877, 0.0, 5.304881487837405, 5.492716378987723, 6.355378618146995, 4.632838698897254, 4.970691457936209, 3.252359355913796, 2.64086212627619, 3.3511039524311985, 3.9821448617547803, 3.2079155786896885, 2.7198646822957935, 2.0486420233901286, 2.0496752450083404, 0.9723226882059266], [1.093818307581291, 2.174497447687626, 2.886832336662453, 2.8979317935382816, 3.3209322501370004, 4.316838041900576, 5.304881487837405, 0.0, 1.776279082802024, 1.7654406078936782, 2.489730710337967, 3.0599147586166513, 3.279790045109595, 3.8668768392593007, 2.31752421778069, 2.7665271768048836, 3.955546915408791, 4.146693189759763, 4.7541372571687495, 4.555912594640068, 6.138825178321989], [1.094535065678574, 2.1693945906634875, 2.780036060917196, 3.4185792750790496, 4.386418950579163, 4.555966257557227, 5.492716378987723, 1.776279082802024, 0.0, 1.7713272255571526, 3.0690736208178517, 2.525298835781619, 2.5864925285026437, 3.7651041114423385, 2.956650111190027, 4.121997717126976, 5.150158465523173, 5.045738951828563, 5.234043310863982, 4.40497722468573, 6.2419837720071], [1.0947680073878665, 2.1567050076447636, 3.493292673109426, 4.165409062745218, 4.580277176110633, 5.584219875685412, 6.355378618146995, 1.7654406078936782, 1.7713272255571526, 0.0, 2.500744827046534, 2.426692623716485, 3.7611785307267716, 4.281301933991575, 3.848264146339229, 3.9319177636364677, 5.413222276980689, 5.137928402576276, 6.22482517505512, 5.714817537769688, 7.230367944302697], [2.151479486307039, 1.0953052816452589, 2.1735259717794952, 2.899270337515976, 2.827106188313414, 4.309855520780251, 4.632838698897254, 2.489730710337967, 3.0690736208178517, 2.500744827046534, 0.0, 1.7533861867825924, 3.062582970304641, 2.4746858628925, 3.2581756260214085, 2.3185503294084433, 3.86644775601585, 2.966441096667858, 5.032459298394771, 4.797123073259638, 5.593999445834796], [2.1372711339462755, 1.0969849679918133, 2.1443651811200444, 3.5197687267773716, 4.087468854927216, 4.674137132134657, 4.970691457936209, 3.0599147586166513, 2.525298835781619, 2.426692623716485, 1.7533861867825924, 0.0, 2.4388963918133135, 2.4203598823315513, 3.8281251455510175, 3.860592849550442, 5.148079763368085, 4.19028169697456, 5.605797166327015, 4.790595752095975, 5.837715344207869], [2.8057584375708466, 2.1476831633180904, 1.0978923353407655, 2.1630838032771638, 3.4832053011558193, 2.7076470190924073, 3.252359355913796, 3.279790045109595, 2.5864925285026437, 3.7611785307267716, 3.062582970304641, 2.4388963918133135, 0.0, 1.7555553565752349, 2.5006616804358, 3.846893294595003, 4.314480981531846, 3.7706428642872027, 3.7110642435829644, 2.47562782946064, 3.939712630383084], [3.4759465329604824, 2.1406606036455194, 1.0974827333493677, 2.1723261564507297, 2.8020787569231524, 2.777125393279893, 2.64086212627619, 3.8668768392593007, 3.7651041114423385, 4.281301933991575, 2.4746858628925, 2.4203598823315513, 1.7555553565752349, 0.0, 3.0707466339637985, 3.24697916685648, 3.777030501597783, 2.5833600097547382, 3.789474679952354, 3.1078852584997407, 3.5124456550956054], [2.80434286241893, 2.8465339010804, 2.1646785766020784, 1.096526050762133, 2.1430793755715163, 2.1308408621950163, 3.3511039524311985, 2.31752421778069, 2.956650111190027, 3.848264146339229, 3.2581756260214085, 3.8281251455510175, 2.5006616804358, 3.0707466339637985, 0.0, 2.454051674272569, 2.5180890174892547, 3.0681243798125264, 2.4573152138055065, 2.4721167994251405, 4.055305656790866], [3.293846852845469, 2.8442412151573926, 2.8551939548829255, 2.1803312363033283, 1.0942935026764986, 3.476191689190917, 3.9821448617547803, 2.7665271768048836, 4.121997717126976, 3.9319177636364677, 2.3185503294084433, 3.860592849550442, 3.846893294595003, 3.24697916685648, 2.454051674272569, 0.0, 1.7616885933671707, 1.7715980046274604, 3.721106819213875, 4.320843168873409, 4.878931984563835], [4.581754900690346, 4.138909860096014, 3.498007246990778, 2.1752443357011644, 1.095427190642993, 2.7057680462301272, 3.2079155786896885, 3.955546915408791, 5.150158465523173, 5.413222276980689, 3.86644775601585, 5.148079763368085, 4.314480981531846, 3.777030501597783, 2.5180890174892547, 1.7616885933671707, 0.0, 1.7723161032953463, 2.487103443767468, 3.7213153118218836, 3.89960137065316], [4.3845045147656085, 3.3968926948021188, 2.7725156825525805, 2.1856916731323293, 1.0950769927269954, 2.855186174315083, 2.7198646822957935, 4.146693189759763, 5.045738951828563, 5.137928402576276, 2.966441096667858, 4.19028169697456, 3.7706428642872027, 2.5833600097547382, 3.0681243798125264, 1.7715980046274604, 1.7723161032953463, 0.0, 3.2200056350882367, 3.8499185939445524, 3.606715284022292], [5.165516838613538, 4.7627631066430345, 3.486243743630098, 2.176275538620972, 2.757001129851056, 1.0953672899991127, 2.0486420233901286, 4.7541372571687495, 5.234043310863982, 6.22482517505512, 5.032459298394771, 5.605797166327015, 3.7110642435829644, 3.789474679952354, 2.4573152138055065, 3.721106819213875, 2.487103443767468, 3.2200056350882367, 0.0, 1.7741913341012578, 2.268093867105151], [4.62766987370534, 4.189031876221522, 2.75693564850542, 2.1767968968188103, 3.475656010021705, 1.0952413660924243, 2.0496752450083404, 4.555912594640068, 4.40497722468573, 5.714817537769688, 4.797123073259638, 4.790595752095975, 2.47562782946064, 3.1078852584997407, 2.4721167994251405, 4.320843168873409, 3.7213153118218836, 3.8499185939445524, 1.7741913341012578, 0.0, 2.268649435236745], [6.2033349047105295, 5.316966065342152, 3.827477857545358, 3.2684932629577195, 3.811336657919371, 1.9430204965465494, 0.9723226882059266, 6.138825178321989, 6.2419837720071, 7.230367944302697, 5.593999445834796, 5.837715344207869, 3.939712630383084, 3.5124456550956054, 4.055305656790866, 4.878931984563835, 3.89960137065316, 3.606715284022292, 2.268093867105151, 2.268649435236745, 0.0]]}