{"total energy": -67.90299477, "HOMO-LUMO gap/eV": 3.3332331, "electronic energy": -68.83646394, "dipole": [-0.0210608, -0.41609212, -0.12212288], "partial charges": [-0.13659225, 0.24373135, -0.37495711, -0.08372004, -0.04005202, -0.06105299, 0.26006312, -0.39315822, -0.04165663, -0.03638282, 0.26662944, -0.4050255, 0.06728766, -0.03770217, -0.02601449, -0.03196264, -0.02823086, -0.04330582, 0.06754042, -0.0415213, -0.02651309, -0.03213307, -0.02746979, -0.04171944, 0.0771948, 0.07071388, 0.06431379, 0.06755305, 0.07216307, 0.06165838, 0.05770335, 0.08104414, 0.06736088, 0.04383108, 0.03702214, 0.03922131, 0.03673156, 0.06570676, 0.0430753, 0.03679096, 0.04041577, 0.04141802], "atomic dipole moments": [[-0.04279248, 0.07027399, -0.0231814], [-0.02041318, 0.00175505, -0.0032378], [0.13619818, -0.02172411, -0.08974453], [-0.09646627, 0.02354773, 0.03473323], [-0.00954026, -0.1420323, -0.05980877], [-0.02622867, 0.01549293, 0.07605098], [-0.05495951, -0.01968831, 0.01277194], [-0.00143772, -0.1678399, 0.06284156], [0.06512617, -0.09112245, 0.08984592], [-0.03315932, 0.09995542, -0.09133279], [-0.05923972, -0.01228859, 0.0229478], [-0.10066004, 0.15077775, -0.01322235], [0.12461993, 0.14678762, 0.02205632], [-0.02002216, 0.0400769, -0.03713525], [0.00708672, 0.0069064, 0.00040212], [0.00473014, 0.00662962, 0.00073833], [0.00366007, 0.00793608, 0.00059187], [0.02908236, -0.0041339, 0.02559338], [0.15389075, -0.08007809, -0.0903026], [0.0190371, -0.04043842, 0.03812252], [0.00820834, -0.00270639, -0.00436334], [0.00599776, -0.00397644, -0.00331194], [0.00612756, -0.00511047, -0.00274016], [0.01005158, 0.01716341, -0.03498072], [0.00903833, -0.08177961, -0.10940395], [-0.04752947, -0.07430363, 0.1001484], [0.11696014, 0.05263987, 0.04028609], [0.09489006, 0.08012071, 0.04208505], [0.04702631, -0.07205331, -0.10420849], [-0.0683217, 0.05048571, 0.10311119], [0.04881284, 0.10256406, -0.04608743], [0.05651104, -0.00911036, -0.12497982], [0.13249235, -0.03094367, 0.07986865], [0.03979058, -0.13803061, 0.05244777], [-0.09148397, -0.11864703, -0.01995885], [-0.1332444, 0.01680477, -0.07210964], [-0.05275132, 0.13060908, -0.06102636], [0.05512546, 0.07896946, -0.12393529], [-0.05158232, 0.13572591, -0.04780508], [-0.1144324, 0.06791452, 0.07173686], [-0.06487986, -0.06608982, 0.12147223], [0.04395852, -0.13328774, 0.06443969]], "atomic quadrupole moments": [[0.06123892, -0.17025282, 0.04686405, 0.01409151, -0.04737136, -0.10810297], [-0.08720539, 0.28002547, 0.03180542, 0.3099785, 0.35012183, 0.05539997], [-0.02994449, 0.11925602, 0.00992273, 0.12840461, 0.14810354, 0.02002176], [0.03767103, -0.1016663, 0.01430917, -0.01036086, -0.18833224, -0.05198021], [0.08187013, -0.04124872, -0.03082204, 0.23095843, 0.04306952, -0.05104809], [0.07152103, -0.00618802, 0.17166244, 0.08276867, -0.03362638, -0.24318348], [-0.21808243, 0.00193412, -0.17091395, 0.09092234, 0.25133178, 0.38899638], [-0.10680781, 0.00469606, -0.0650805, 0.04452271, 0.08835903, 0.17188831], [-0.02477921, -0.06220065, 0.08880506, 0.0242254, -0.0604048, -0.06402585], [-0.05259289, -0.04155389, 0.10530146, 0.00379257, -0.0631619, -0.05270857], [-0.25078968, 0.0461186, -0.2007792, 0.12712862, 0.11575799, 0.45156888], [-0.10614947, 0.00343692, -0.07990089, 0.05240477, 0.04440758, 0.18605035], [-0.05918389, 0.11624698, -0.13147107, -0.26353516, 0.16049518, 0.19065496], [-0.08549725, -0.06617552, -0.23037762, -0.31919675, 0.13288107, 0.31587487], [-0.09425841, -0.06782497, -0.25420724, -0.30555984, 0.15215169, 0.34846565], [-0.1083315, -0.07661235, -0.23409301, -0.30184293, 0.13172112, 0.34242451], [-0.11995743, -0.07047323, -0.2212477, -0.31808071, 0.13291163, 0.34120513], [-0.11186756, -0.07291558, -0.20050419, -0.29032837, 0.1305411, 0.31237175], [0.17699542, 0.1044211, -0.15311199, 0.1496792, 0.27515458, -0.02388343], [0.08677984, 0.23717682, -0.09593793, 0.29693062, 0.21475361, 0.00915809], [0.06578011, 0.25046254, -0.11088182, 0.30510642, 0.22872217, 0.04510172], [0.0602596, 0.23543041, -0.09349962, 0.31352018, 0.21294869, 0.03324002], [0.07063796, 0.23048781, -0.08600336, 0.32342715, 0.22714341, 0.01536539], [0.05415459, 0.2204694, -0.06979583, 0.29368465, 0.21554192, 0.01564124], [-0.05307924, -0.01030039, -0.00025437, -0.01783349, 0.0460513, 0.05333361], [-0.01928208, 0.0153574, -0.00516886, -0.03667101, -0.05116735, 0.02445094], [0.06044746, 0.05095165, -0.0204909, 0.02520383, -0.00143402, -0.03995656], [0.01753722, 0.03238449, 0.0200464, 0.0431998, 0.00807811, -0.03758363], [-0.02847427, -0.03345309, -0.00488627, -0.00955477, 0.02983133, 0.03336055], [0.01052274, -0.0101209, -0.0419673, -0.02842407, -0.00087381, 0.03144456], [-0.00429669, 0.03314912, 0.01002548, 0.00288968, -0.04095705, -0.00572879], [-0.00402875, 0.00052437, -0.00651653, -0.03537942, 0.0080681, 0.01054528], [0.0138821, 0.02625911, 0.0299124, 0.02974663, -0.01110407, -0.0437945], [0.0205564, 0.01273967, 0.02276809, 0.04212892, -0.01444954, -0.04332449], [0.01496738, 0.00487053, 0.02836999, 0.04066239, -0.01976226, -0.04333738], [0.00705157, 0.00935729, 0.03858488, 0.03640175, -0.019292, -0.04563645], [0.00630487, 0.02047029, 0.03886073, 0.03166211, -0.01068348, -0.0451656], [0.00649127, -0.03429625, 0.00055081, -0.04344048, -0.01391691, -0.00704208], [-0.00611298, -0.02652061, 0.00537791, -0.04536298, -0.02782932, 0.00073507], [-0.01045621, -0.02829015, 0.01402745, -0.03870057, -0.03254246, -0.00357124], [-0.0078225, -0.03611552, 0.01739577, -0.03661551, -0.02641197, -0.00957327], [-0.00081041, -0.03683332, 0.0105727, -0.04038512, -0.01305711, -0.00976229]], "number of molecular orbitals": 114, "number of electrons": 122, "number of unpaired electrons": 0, "orbital energies/eV": [-19.69141824, -19.56561204, -19.44573101, -19.11974643, -18.50692022, -18.44194079, -17.90817893, -17.79338034, -17.68761938, -17.42254403, -17.3118899, -17.2042425, -17.06153774, -16.91599484, -16.83126738, -16.50732394, -16.42454741, -16.29534111, -16.06146126, -15.74832221, -15.73968383, -15.68062534, -15.38070469, -15.27506355, -15.07187057, -14.90239845, -14.85352383, -14.74319738, -14.55143762, -14.39050885, -14.29702082, -14.19626366, -14.13068764, -14.05676165, -13.86598916, -13.67521622, -13.65608829, -13.52466965, -13.44526446, -13.40768811, -13.32096112, -13.19088444, -13.12790187, -13.04577204, -12.9855131, -12.87391333, -12.81575427, -12.62136514, -12.41553224, -12.16655929, -12.12851089, -12.03786788, -11.85244155, -11.82683578, -11.36997991, -11.233876, -11.18748794, -11.14705827, -10.89233159, -10.75047804, -10.35682326, -7.02359016, -6.93511149, -6.81794893, -6.46758245, -6.39291364, -6.25069621, -5.81291598, -3.20761338, -2.95851599, -2.89178226, 0.54233073, 0.7017812, 1.50717106, 1.78905549, 2.73805384, 2.96033448, 3.03235706, 3.14171099, 3.30617612, 3.4998638, 3.62424572, 3.78319957, 4.0080818, 4.29983512, 4.37342578, 4.3875676, 4.47798034, 4.5472487, 4.68151302, 4.95460623, 5.0692977, 5.1911249, 5.49262696, 5.82207237, 6.20010144, 6.72727802, 6.95027619, 7.4625458, 9.95229199, 10.2092588, 10.26162552, 10.29446104, 11.08010219, 11.18677642, 11.25988248, 11.50287625, 14.99262858, 15.7888686, 16.00095289, 16.11719498, 16.14033205, 16.90362708, 17.04458084], "fractional occupation": [2.0, 2.0, 2.0, 2.0, 2.0, 2.0, 2.0, 2.0, 2.0, 2.0, 2.0, 2.0, 2.0, 2.0, 2.0, 2.0, 2.0, 2.0, 2.0, 2.0, 2.0, 2.0, 2.0, 2.0, 2.0, 2.0, 2.0, 2.0, 2.0, 2.0, 2.0, 2.0, 2.0, 2.0, 2.0, 2.0, 2.0, 2.0, 2.0, 2.0, 2.0, 2.0, 2.0, 2.0, 2.0, 2.0, 2.0, 2.0, 2.0, 2.0, 2.0, 2.0, 2.0, 2.0, 2.0, 2.0, 2.0, 2.0, 2.0, 2.0, 2.0, 0.0, 0.0, 0.0, 0.0, 0.0, 0.0, 0.0, 0.0, 0.0, 0.0, 0.0, 0.0, 0.0, 0.0, 0.0, 0.0, 0.0, 0.0, 0.0, 0.0, 0.0, 0.0, 0.0, 0.0, 0.0, 0.0, 0.0, 0.0, 0.0, 0.0, 0.0, 0.0, 0.0, 0.0, 0.0, 0.0, 0.0, 0.0, 0.0, 0.0, 0.0, 0.0, 0.0, 0.0, 0.0, 0.0, 0.0, 0.0, 0.0, 0.0, 0.0, 0.0, 0.0], "program call": "xtb /home/svss/Project-DBcg-Debug/aqme2_20220329/End-to-End-workflows-final/example-3/QDESCP/mol_711_rdkit_conf_4/mol_711_rdkit_conf_4.xyz --pop --wbo --acc 0.2 --gfn 2 --chrg 0 --uhf 0 --etemp 300 --input /home/svss/Project-DBcg-Debug/aqme2_20220329/End-to-End-workflows-final/example-3/QDESCP/mol_711_rdkit_conf_4/mol_711_rdkit_conf_4_xtb.inp", "method": "GFN2-xTB", "xtb version": "6.3.3 (7355c4f)", "Dipole module/D": 1.103, "Total charge": 0, "Transition dipole module/D": NaN, "HOMO": -10.3568, "LUMO": -7.0236, "HOMO occupancy": 2.0, "LUMO occupancy": 0, "mulliken charges": [-0.12165, 0.40754, -0.50036, -0.08222, -0.01487, -0.08923, 0.46194, -0.51682, -0.14764, -0.1385, 0.46572, -0.52616, 0.1375, -0.04241, -0.02114, -0.03471, -0.02257, -0.05865, 0.13786, -0.04766, -0.02117, -0.03517, -0.02149, -0.05596, 0.0637, 0.0644, 0.05008, 0.05578, 0.05234, 0.05517, 0.04637, 0.08007, 0.06302, 0.038, 0.03389, 0.03524, 0.03845, 0.06006, 0.0376, 0.03386, 0.03639, 0.04336], "cm5 charges": [-0.26331, 0.42356, -0.55116, -0.18284, -0.1161, -0.12783, 0.56171, -0.56274, -0.31412, -0.30502, 0.56656, -0.57335, 0.19428, -0.08897, -0.07627, -0.09003, -0.07775, -0.10491, 0.19452, -0.09434, -0.07632, -0.09049, -0.07666, -0.10215, 0.11705, 0.11915, 0.10272, 0.112, 0.11092, 0.11751, 0.10345, 0.14497, 0.127, 0.09338, 0.08929, 0.09063, 0.10123, 0.12424, 0.09298, 0.08927, 0.09177, 0.10618], "FUKUI+": [0.016, -0.038, -0.06, 0.012, 0.006, 0.004, -0.03, -0.075, -0.017, -0.015, -0.025, -0.057, -0.014, -0.009, -0.015, -0.026, -0.013, -0.012, -0.012, -0.01, -0.015, -0.026, -0.013, -0.009, -0.028, -0.025, -0.038, -0.042, -0.028, -0.013, -0.029, -0.041, -0.018, -0.036, -0.042, -0.036, -0.021, -0.023, -0.037, -0.041, -0.034, -0.016], "FUKUI-": [0.004, -0.011, -0.058, 0.001, 0.008, 0.002, -0.007, -0.068, -0.044, -0.041, -0.005, -0.058, -0.008, -0.014, -0.013, -0.028, -0.015, -0.01, -0.009, -0.016, -0.014, -0.03, -0.014, -0.01, -0.025, -0.024, -0.035, -0.036, -0.024, -0.011, -0.03, -0.033, -0.023, -0.037, -0.042, -0.037, -0.019, -0.028, -0.039, -0.043, -0.036, -0.018], "FUKUIrad": [0.01, -0.024, -0.059, 0.007, 0.007, 0.003, -0.019, -0.072, -0.03, -0.028, -0.015, -0.057, -0.011, -0.012, -0.014, -0.027, -0.014, -0.011, -0.01, -0.013, -0.014, -0.028, -0.014, -0.01, -0.026, -0.025, -0.036, -0.039, -0.026, -0.012, -0.03, -0.037, -0.02, -0.037, -0.042, -0.036, -0.02, -0.025, -0.038, -0.042, -0.035, -0.017], "s proportion": [1.021, 1.074, 1.74, 1.042, 1.029, 1.071, 1.006, 1.73, 1.445, 1.444, 1.002, 1.731, 1.045, 1.063, 1.062, 1.059, 1.06, 1.06, 1.045, 1.063, 1.062, 1.059, 1.06, 1.06, 0.936, 0.936, 0.95, 0.944, 0.948, 0.945, 0.954, 0.92, 0.937, 0.962, 0.966, 0.965, 0.962, 0.94, 0.962, 0.966, 0.964, 0.957], "p proportion": [3.101, 2.519, 4.76, 3.04, 2.986, 3.018, 2.532, 4.787, 3.703, 3.695, 2.532, 4.795, 2.818, 2.979, 2.959, 2.976, 2.963, 2.999, 2.817, 2.985, 2.96, 2.976, 2.961, 2.996, 0.0, 0.0, 0.0, 0.0, 0.0, 0.0, 0.0, 0.0, 0.0, 0.0, 0.0, 0.0, 0.0, 0.0, 0.0, 0.0, 0.0, 0.0], "d proportion": [0.0, 0.0, 0.0, 0.0, 0.0, 0.0, 0.0, 0.0, 0.0, 0.0, 0.0, 0.0, 0.0, 0.0, 0.0, 0.0, 0.0, 0.0, 0.0, 0.0, 0.0, 0.0, 0.0, 0.0, 0.0, 0.0, 0.0, 0.0, 0.0, 0.0, 0.0, 0.0, 0.0, 0.0, 0.0, 0.0, 0.0, 0.0, 0.0, 0.0, 0.0, 0.0], "Fermi-level/eV": -8.6902, "Coordination numbers": [3.751, 2.809, 0.856, 3.8, 3.805, 3.881, 2.794, 0.856, 2.835, 2.834, 2.791, 0.856, 2.896, 2.916, 2.91, 2.912, 2.91, 2.916, 2.896, 2.916, 2.91, 2.912, 2.91, 2.916, 0.924, 0.924, 0.924, 0.924, 0.924, 0.924, 0.923, 0.924, 0.925, 0.925, 0.925, 0.925, 0.925, 0.925, 0.925, 0.925, 0.925, 0.925], "Dispersion coefficient C6": [23.192, 22.923, 21.187, 22.098, 21.287, 21.622, 22.623, 21.545, 22.043, 21.942, 22.504, 21.782, 26.493, 28.937, 28.652, 28.797, 28.706, 29.076, 26.487, 29.031, 28.664, 28.801, 28.687, 29.036, 2.008, 2.078, 2.149, 2.113, 2.062, 2.18, 2.226, 1.968, 2.115, 2.398, 2.489, 2.459, 2.493, 2.133, 2.408, 2.492, 2.443, 2.43], "Total dispersion C6": 21633.096647, "Total dispersion C8": 520031.776145, "Polarizability alpha": [6.868, 7.844, 6.171, 6.693, 6.568, 6.611, 7.791, 6.223, 6.973, 6.957, 7.771, 6.257, 8.439, 8.821, 8.777, 8.799, 8.785, 8.842, 8.438, 8.836, 8.779, 8.8, 8.783, 8.836, 2.216, 2.254, 2.293, 2.273, 2.246, 2.309, 2.333, 2.194, 2.274, 2.422, 2.467, 2.452, 2.469, 2.284, 2.427, 2.469, 2.444, 2.438], "Total polarizability alpha": 229.928903, "Wiberg matrix": [[0.0, 1.013224322040021, 0.0, 0.0, 0.0, 0.0, 0.0, 0.0, 0.0, 0.0, 0.0, 0.0, 0.0, 0.0, 0.0, 0.0, 0.0, 0.0, 0.0, 0.0, 0.0, 0.0, 0.0, 0.0, 0.9604209965032657, 0.9823815505146513, 0.9606932870976805, 0.0, 0.0, 0.0, 0.0, 0.0, 0.0, 0.0, 0.0, 0.0, 0.0, 0.0, 0.0, 0.0, 0.0, 0.0], [1.013224322040021, 0.0, 1.8494650049514054, 0.9903661726471911, 0.0, 0.0, 0.0, 0.0, 0.0, 0.0, 0.0, 0.0, 0.0, 0.0, 0.0, 0.0, 0.0, 0.0, 0.0, 0.0, 0.0, 0.0, 0.0, 0.0, 0.0, 0.0, 0.0, 0.0, 0.0, 0.0, 0.0, 0.0, 0.0, 0.0, 0.0, 0.0, 0.0, 0.0, 0.0, 0.0, 0.0, 0.0], [0.0, 1.8494650049514054, 0.0, 0.0, 0.0, 0.0, 0.0, 0.0, 0.0, 0.0, 0.0, 0.0, 0.0, 0.0, 0.0, 0.0, 0.0, 0.0, 0.0, 0.0, 0.0, 0.0, 0.0, 0.0, 0.0, 0.0, 0.0, 0.0, 0.0, 0.0, 0.0, 0.0, 0.0, 0.0, 0.0, 0.0, 0.0, 0.0, 0.0, 0.0, 0.0, 0.0], [0.0, 0.9903661726471911, 0.0, 0.0, 1.0055125362841426, 0.0, 0.0, 0.0, 0.0, 0.0, 0.0, 0.0, 0.0, 0.0, 0.0, 0.0, 0.0, 0.0, 0.0, 0.0, 0.0, 0.0, 0.0, 0.0, 0.0, 0.0, 0.0, 0.944332534282839, 0.9600225608712787, 0.0, 0.0, 0.0, 0.0, 0.0, 0.0, 0.0, 0.0, 0.0, 0.0, 0.0, 0.0, 0.0], [0.0, 0.0, 0.0, 1.0055125362841426, 0.0, 0.9566795224116147, 0.0, 0.0, 0.0, 0.0, 0.0, 0.0, 0.0, 0.0, 0.0, 0.0, 0.0, 0.0, 0.0, 0.0, 0.0, 0.0, 0.0, 0.0, 0.0, 0.0, 0.0, 0.0, 0.0, 0.9715211605984013, 0.9728891363682984, 0.0, 0.0, 0.0, 0.0, 0.0, 0.0, 0.0, 0.0, 0.0, 0.0, 0.0], [0.0, 0.0, 0.0, 0.0, 0.9566795224116147, 0.0, 0.9649601358874426, 0.0, 0.0, 0.0, 0.9697557322929002, 0.0, 0.0, 0.0, 0.0, 0.0, 0.0, 0.0, 0.0, 0.0, 0.0, 0.0, 0.0, 0.0, 0.0, 0.0, 0.0, 0.0, 0.0, 0.0, 0.0, 0.9316338488156667, 0.0, 0.0, 0.0, 0.0, 0.0, 0.0, 0.0, 0.0, 0.0, 0.0], [0.0, 0.0, 0.0, 0.0, 0.0, 0.9649601358874426, 0.0, 1.7320923525198533, 1.1388041068067944, 0.0, 0.0, 0.0, 0.0, 0.0, 0.0, 0.0, 0.0, 0.0, 0.0, 0.0, 0.0, 0.0, 0.0, 0.0, 0.0, 0.0, 0.0, 0.0, 0.0, 0.0, 0.0, 0.0, 0.0, 0.0, 0.0, 0.0, 0.0, 0.0, 0.0, 0.0, 0.0, 0.0], [0.0, 0.0, 0.0, 0.0, 0.0, 0.0, 1.7320923525198533, 0.0, 0.16472256868950097, 0.0, 0.0, 0.0, 0.0, 0.0, 0.0, 0.0, 0.0, 0.0, 0.0, 0.0, 0.0, 0.0, 0.0, 0.0, 0.0, 0.0, 0.0, 0.0, 0.0, 0.0, 0.0, 0.0, 0.0, 0.0, 0.0, 0.0, 0.0, 0.0, 0.0, 0.0, 0.0, 0.0], [0.0, 0.0, 0.0, 0.0, 0.0, 0.0, 1.1388041068067944, 0.16472256868950097, 0.0, 0.9889398358217648, 0.0, 0.0, 0.0, 0.0, 0.0, 0.0, 0.0, 0.0, 1.0123159049860837, 0.0, 0.0, 0.0, 0.0, 0.0, 0.0, 0.0, 0.0, 0.0, 0.0, 0.0, 0.0, 0.0, 0.0, 0.0, 0.0, 0.0, 0.0, 0.0, 0.0, 0.0, 0.0, 0.0], [0.0, 0.0, 0.0, 0.0, 0.0, 0.0, 0.0, 0.0, 0.9889398358217648, 0.0, 1.1472753561110303, 0.1663697567600756, 1.0156995157286266, 0.0, 0.0, 0.0, 0.0, 0.0, 0.0, 0.0, 0.0, 0.0, 0.0, 0.0, 0.0, 0.0, 0.0, 0.0, 0.0, 0.0, 0.0, 0.0, 0.0, 0.0, 0.0, 0.0, 0.0, 0.0, 0.0, 0.0, 0.0, 0.0], [0.0, 0.0, 0.0, 0.0, 0.0, 0.9697557322929002, 0.0, 0.0, 0.0, 1.1472753561110303, 0.0, 1.718932146754836, 0.0, 0.0, 0.0, 0.0, 0.0, 0.0, 0.0, 0.0, 0.0, 0.0, 0.0, 0.0, 0.0, 0.0, 0.0, 0.0, 0.0, 0.0, 0.0, 0.0, 0.0, 0.0, 0.0, 0.0, 0.0, 0.0, 0.0, 0.0, 0.0, 0.0], [0.0, 0.0, 0.0, 0.0, 0.0, 0.0, 0.0, 0.0, 0.0, 0.1663697567600756, 1.718932146754836, 0.0, 0.0, 0.0, 0.0, 0.0, 0.0, 0.0, 0.0, 0.0, 0.0, 0.0, 0.0, 0.0, 0.0, 0.0, 0.0, 0.0, 0.0, 0.0, 0.0, 0.0, 0.0, 0.0, 0.0, 0.0, 0.0, 0.0, 0.0, 0.0, 0.0, 0.0], [0.0, 0.0, 0.0, 0.0, 0.0, 0.0, 0.0, 0.0, 0.0, 1.0156995157286266, 0.0, 0.0, 0.0, 1.379088751122279, 0.0, 0.0, 0.0, 1.3818010080911527, 0.0, 0.0, 0.0, 0.0, 0.0, 0.0, 0.0, 0.0, 0.0, 0.0, 0.0, 0.0, 0.0, 0.0, 0.0, 0.0, 0.0, 0.0, 0.0, 0.0, 0.0, 0.0, 0.0, 0.0], [0.0, 0.0, 0.0, 0.0, 0.0, 0.0, 0.0, 0.0, 0.0, 0.0, 0.0, 0.0, 1.379088751122279, 0.0, 1.4443317105034144, 0.0, 0.11047607112578729, 0.0, 0.0, 0.0, 0.0, 0.0, 0.0, 0.0, 0.0, 0.0, 0.0, 0.0, 0.0, 0.0, 0.0, 0.0, 0.9648251654983663, 0.0, 0.0, 0.0, 0.0, 0.0, 0.0, 0.0, 0.0, 0.0], [0.0, 0.0, 0.0, 0.0, 0.0, 0.0, 0.0, 0.0, 0.0, 0.0, 0.0, 0.0, 0.0, 1.4443317105034144, 0.0, 1.436307741991149, 0.0, 0.10961064605630819, 0.0, 0.0, 0.0, 0.0, 0.0, 0.0, 0.0, 0.0, 0.0, 0.0, 0.0, 0.0, 0.0, 0.0, 0.0, 0.9701494794079984, 0.0, 0.0, 0.0, 0.0, 0.0, 0.0, 0.0, 0.0], [0.0, 0.0, 0.0, 0.0, 0.0, 0.0, 0.0, 0.0, 0.0, 0.0, 0.0, 0.0, 0.0, 0.0, 1.436307741991149, 0.0, 1.4372708417624112, 0.0, 0.0, 0.0, 0.0, 0.0, 0.0, 0.0, 0.0, 0.0, 0.0, 0.0, 0.0, 0.0, 0.0, 0.0, 0.0, 0.0, 0.9705309538759518, 0.0, 0.0, 0.0, 0.0, 0.0, 0.0, 0.0], [0.0, 0.0, 0.0, 0.0, 0.0, 0.0, 0.0, 0.0, 0.0, 0.0, 0.0, 0.0, 0.0, 0.11047607112578729, 0.0, 1.4372708417624112, 0.0, 1.4429250456018998, 0.0, 0.0, 0.0, 0.0, 0.0, 0.0, 0.0, 0.0, 0.0, 0.0, 0.0, 0.0, 0.0, 0.0, 0.0, 0.0, 0.0, 0.9706781815194381, 0.0, 0.0, 0.0, 0.0, 0.0, 0.0], [0.0, 0.0, 0.0, 0.0, 0.0, 0.0, 0.0, 0.0, 0.0, 0.0, 0.0, 0.0, 1.3818010080911527, 0.0, 0.10961064605630819, 0.0, 1.4429250456018998, 0.0, 0.0, 0.0, 0.0, 0.0, 0.0, 0.0, 0.0, 0.0, 0.0, 0.0, 0.0, 0.0, 0.0, 0.0, 0.0, 0.0, 0.0, 0.0, 0.9684983654957166, 0.0, 0.0, 0.0, 0.0, 0.0], [0.0, 0.0, 0.0, 0.0, 0.0, 0.0, 0.0, 0.0, 1.0123159049860837, 0.0, 0.0, 0.0, 0.0, 0.0, 0.0, 0.0, 0.0, 0.0, 0.0, 1.3798579617067905, 0.0, 0.0, 0.0, 1.3810699339530177, 0.0, 0.0, 0.0, 0.0, 0.0, 0.0, 0.0, 0.0, 0.0, 0.0, 0.0, 0.0, 0.0, 0.0, 0.0, 0.0, 0.0, 0.0], [0.0, 0.0, 0.0, 0.0, 0.0, 0.0, 0.0, 0.0, 0.0, 0.0, 0.0, 0.0, 0.0, 0.0, 0.0, 0.0, 0.0, 0.0, 1.3798579617067905, 0.0, 1.4435031078263771, 0.0, 0.1103706232693415, 0.0, 0.0, 0.0, 0.0, 0.0, 0.0, 0.0, 0.0, 0.0, 0.0, 0.0, 0.0, 0.0, 0.0, 0.9644583895580415, 0.0, 0.0, 0.0, 0.0], [0.0, 0.0, 0.0, 0.0, 0.0, 0.0, 0.0, 0.0, 0.0, 0.0, 0.0, 0.0, 0.0, 0.0, 0.0, 0.0, 0.0, 0.0, 0.0, 1.4435031078263771, 0.0, 1.4367471522882476, 0.0, 0.1099671156718702, 0.0, 0.0, 0.0, 0.0, 0.0, 0.0, 0.0, 0.0, 0.0, 0.0, 0.0, 0.0, 0.0, 0.0, 0.9702389073753114, 0.0, 0.0, 0.0], [0.0, 0.0, 0.0, 0.0, 0.0, 0.0, 0.0, 0.0, 0.0, 0.0, 0.0, 0.0, 0.0, 0.0, 0.0, 0.0, 0.0, 0.0, 0.0, 0.0, 1.4367471522882476, 0.0, 1.4371238650488405, 0.0, 0.0, 0.0, 0.0, 0.0, 0.0, 0.0, 0.0, 0.0, 0.0, 0.0, 0.0, 0.0, 0.0, 0.0, 0.0, 0.9705056942486894, 0.0, 0.0], [0.0, 0.0, 0.0, 0.0, 0.0, 0.0, 0.0, 0.0, 0.0, 0.0, 0.0, 0.0, 0.0, 0.0, 0.0, 0.0, 0.0, 0.0, 0.0, 0.1103706232693415, 0.0, 1.4371238650488405, 0.0, 1.4431315656439359, 0.0, 0.0, 0.0, 0.0, 0.0, 0.0, 0.0, 0.0, 0.0, 0.0, 0.0, 0.0, 0.0, 0.0, 0.0, 0.0, 0.9704812548764878, 0.0], [0.0, 0.0, 0.0, 0.0, 0.0, 0.0, 0.0, 0.0, 0.0, 0.0, 0.0, 0.0, 0.0, 0.0, 0.0, 0.0, 0.0, 0.0, 1.3810699339530177, 0.0, 0.1099671156718702, 0.0, 1.4431315656439359, 0.0, 0.0, 0.0, 0.0, 0.0, 0.0, 0.0, 0.0, 0.0, 0.0, 0.0, 0.0, 0.0, 0.0, 0.0, 0.0, 0.0, 0.0, 0.9680176063681282], [0.9604209965032657, 0.0, 0.0, 0.0, 0.0, 0.0, 0.0, 0.0, 0.0, 0.0, 0.0, 0.0, 0.0, 0.0, 0.0, 0.0, 0.0, 0.0, 0.0, 0.0, 0.0, 0.0, 0.0, 0.0, 0.0, 0.0, 0.0, 0.0, 0.0, 0.0, 0.0, 0.0, 0.0, 0.0, 0.0, 0.0, 0.0, 0.0, 0.0, 0.0, 0.0, 0.0], [0.9823815505146513, 0.0, 0.0, 0.0, 0.0, 0.0, 0.0, 0.0, 0.0, 0.0, 0.0, 0.0, 0.0, 0.0, 0.0, 0.0, 0.0, 0.0, 0.0, 0.0, 0.0, 0.0, 0.0, 0.0, 0.0, 0.0, 0.0, 0.0, 0.0, 0.0, 0.0, 0.0, 0.0, 0.0, 0.0, 0.0, 0.0, 0.0, 0.0, 0.0, 0.0, 0.0], [0.9606932870976805, 0.0, 0.0, 0.0, 0.0, 0.0, 0.0, 0.0, 0.0, 0.0, 0.0, 0.0, 0.0, 0.0, 0.0, 0.0, 0.0, 0.0, 0.0, 0.0, 0.0, 0.0, 0.0, 0.0, 0.0, 0.0, 0.0, 0.0, 0.0, 0.0, 0.0, 0.0, 0.0, 0.0, 0.0, 0.0, 0.0, 0.0, 0.0, 0.0, 0.0, 0.0], [0.0, 0.0, 0.0, 0.944332534282839, 0.0, 0.0, 0.0, 0.0, 0.0, 0.0, 0.0, 0.0, 0.0, 0.0, 0.0, 0.0, 0.0, 0.0, 0.0, 0.0, 0.0, 0.0, 0.0, 0.0, 0.0, 0.0, 0.0, 0.0, 0.0, 0.0, 0.0, 0.0, 0.0, 0.0, 0.0, 0.0, 0.0, 0.0, 0.0, 0.0, 0.0, 0.0], [0.0, 0.0, 0.0, 0.9600225608712787, 0.0, 0.0, 0.0, 0.0, 0.0, 0.0, 0.0, 0.0, 0.0, 0.0, 0.0, 0.0, 0.0, 0.0, 0.0, 0.0, 0.0, 0.0, 0.0, 0.0, 0.0, 0.0, 0.0, 0.0, 0.0, 0.0, 0.0, 0.0, 0.0, 0.0, 0.0, 0.0, 0.0, 0.0, 0.0, 0.0, 0.0, 0.0], [0.0, 0.0, 0.0, 0.0, 0.9715211605984013, 0.0, 0.0, 0.0, 0.0, 0.0, 0.0, 0.0, 0.0, 0.0, 0.0, 0.0, 0.0, 0.0, 0.0, 0.0, 0.0, 0.0, 0.0, 0.0, 0.0, 0.0, 0.0, 0.0, 0.0, 0.0, 0.0, 0.0, 0.0, 0.0, 0.0, 0.0, 0.0, 0.0, 0.0, 0.0, 0.0, 0.0], [0.0, 0.0, 0.0, 0.0, 0.9728891363682984, 0.0, 0.0, 0.0, 0.0, 0.0, 0.0, 0.0, 0.0, 0.0, 0.0, 0.0, 0.0, 0.0, 0.0, 0.0, 0.0, 0.0, 0.0, 0.0, 0.0, 0.0, 0.0, 0.0, 0.0, 0.0, 0.0, 0.0, 0.0, 0.0, 0.0, 0.0, 0.0, 0.0, 0.0, 0.0, 0.0, 0.0], [0.0, 0.0, 0.0, 0.0, 0.0, 0.9316338488156667, 0.0, 0.0, 0.0, 0.0, 0.0, 0.0, 0.0, 0.0, 0.0, 0.0, 0.0, 0.0, 0.0, 0.0, 0.0, 0.0, 0.0, 0.0, 0.0, 0.0, 0.0, 0.0, 0.0, 0.0, 0.0, 0.0, 0.0, 0.0, 0.0, 0.0, 0.0, 0.0, 0.0, 0.0, 0.0, 0.0], [0.0, 0.0, 0.0, 0.0, 0.0, 0.0, 0.0, 0.0, 0.0, 0.0, 0.0, 0.0, 0.0, 0.9648251654983663, 0.0, 0.0, 0.0, 0.0, 0.0, 0.0, 0.0, 0.0, 0.0, 0.0, 0.0, 0.0, 0.0, 0.0, 0.0, 0.0, 0.0, 0.0, 0.0, 0.0, 0.0, 0.0, 0.0, 0.0, 0.0, 0.0, 0.0, 0.0], [0.0, 0.0, 0.0, 0.0, 0.0, 0.0, 0.0, 0.0, 0.0, 0.0, 0.0, 0.0, 0.0, 0.0, 0.9701494794079984, 0.0, 0.0, 0.0, 0.0, 0.0, 0.0, 0.0, 0.0, 0.0, 0.0, 0.0, 0.0, 0.0, 0.0, 0.0, 0.0, 0.0, 0.0, 0.0, 0.0, 0.0, 0.0, 0.0, 0.0, 0.0, 0.0, 0.0], [0.0, 0.0, 0.0, 0.0, 0.0, 0.0, 0.0, 0.0, 0.0, 0.0, 0.0, 0.0, 0.0, 0.0, 0.0, 0.9705309538759518, 0.0, 0.0, 0.0, 0.0, 0.0, 0.0, 0.0, 0.0, 0.0, 0.0, 0.0, 0.0, 0.0, 0.0, 0.0, 0.0, 0.0, 0.0, 0.0, 0.0, 0.0, 0.0, 0.0, 0.0, 0.0, 0.0], [0.0, 0.0, 0.0, 0.0, 0.0, 0.0, 0.0, 0.0, 0.0, 0.0, 0.0, 0.0, 0.0, 0.0, 0.0, 0.0, 0.9706781815194381, 0.0, 0.0, 0.0, 0.0, 0.0, 0.0, 0.0, 0.0, 0.0, 0.0, 0.0, 0.0, 0.0, 0.0, 0.0, 0.0, 0.0, 0.0, 0.0, 0.0, 0.0, 0.0, 0.0, 0.0, 0.0], [0.0, 0.0, 0.0, 0.0, 0.0, 0.0, 0.0, 0.0, 0.0, 0.0, 0.0, 0.0, 0.0, 0.0, 0.0, 0.0, 0.0, 0.9684983654957166, 0.0, 0.0, 0.0, 0.0, 0.0, 0.0, 0.0, 0.0, 0.0, 0.0, 0.0, 0.0, 0.0, 0.0, 0.0, 0.0, 0.0, 0.0, 0.0, 0.0, 0.0, 0.0, 0.0, 0.0], [0.0, 0.0, 0.0, 0.0, 0.0, 0.0, 0.0, 0.0, 0.0, 0.0, 0.0, 0.0, 0.0, 0.0, 0.0, 0.0, 0.0, 0.0, 0.0, 0.9644583895580415, 0.0, 0.0, 0.0, 0.0, 0.0, 0.0, 0.0, 0.0, 0.0, 0.0, 0.0, 0.0, 0.0, 0.0, 0.0, 0.0, 0.0, 0.0, 0.0, 0.0, 0.0, 0.0], [0.0, 0.0, 0.0, 0.0, 0.0, 0.0, 0.0, 0.0, 0.0, 0.0, 0.0, 0.0, 0.0, 0.0, 0.0, 0.0, 0.0, 0.0, 0.0, 0.0, 0.9702389073753114, 0.0, 0.0, 0.0, 0.0, 0.0, 0.0, 0.0, 0.0, 0.0, 0.0, 0.0, 0.0, 0.0, 0.0, 0.0, 0.0, 0.0, 0.0, 0.0, 0.0, 0.0], [0.0, 0.0, 0.0, 0.0, 0.0, 0.0, 0.0, 0.0, 0.0, 0.0, 0.0, 0.0, 0.0, 0.0, 0.0, 0.0, 0.0, 0.0, 0.0, 0.0, 0.0, 0.9705056942486894, 0.0, 0.0, 0.0, 0.0, 0.0, 0.0, 0.0, 0.0, 0.0, 0.0, 0.0, 0.0, 0.0, 0.0, 0.0, 0.0, 0.0, 0.0, 0.0, 0.0], [0.0, 0.0, 0.0, 0.0, 0.0, 0.0, 0.0, 0.0, 0.0, 0.0, 0.0, 0.0, 0.0, 0.0, 0.0, 0.0, 0.0, 0.0, 0.0, 0.0, 0.0, 0.0, 0.9704812548764878, 0.0, 0.0, 0.0, 0.0, 0.0, 0.0, 0.0, 0.0, 0.0, 0.0, 0.0, 0.0, 0.0, 0.0, 0.0, 0.0, 0.0, 0.0, 0.0], [0.0, 0.0, 0.0, 0.0, 0.0, 0.0, 0.0, 0.0, 0.0, 0.0, 0.0, 0.0, 0.0, 0.0, 0.0, 0.0, 0.0, 0.0, 0.0, 0.0, 0.0, 0.0, 0.0, 0.9680176063681282, 0.0, 0.0, 0.0, 0.0, 0.0, 0.0, 0.0, 0.0, 0.0, 0.0, 0.0, 0.0, 0.0, 0.0, 0.0, 0.0, 0.0, 0.0]], "Born radii": [], "Atomic SASAs": [], "Solvent H bonds": [], "Total SASA": NaN, "Total FOD": 0.0, "FOD": [0.0, 0.0, 0.0, 0.0, 0.0, 0.0, 0.0, 0.0, 0.0, 0.0, 0.0, 0.0, 0.0, 0.0, 0.0, 0.0, 0.0, 0.0, 0.0, 0.0, 0.0, 0.0, 0.0, 0.0, 0.0, 0.0, 0.0, 0.0, 0.0, 0.0, 0.0, 0.0, 0.0, 0.0, 0.0, 0.0, 0.0, 0.0, 0.0, 0.0, 0.0, 0.0], "FOD s proportion": [0.0, 0.0, 0.0, 0.0, 0.0, 0.0, 0.0, 0.0, 0.0, 0.0, 0.0, 0.0, 0.0, 0.0, 0.0, 0.0, 0.0, 0.0, 0.0, 0.0, 0.0, 0.0, 0.0, 0.0, 0.0, 0.0, 0.0, 0.0, 0.0, 0.0, 0.0, 0.0, 0.0, 0.0, 0.0, 0.0, 0.0, 0.0, 0.0, 0.0, 0.0, 0.0], "FOD p proportion": [0.0, 0.0, 0.0, 0.0, 0.0, 0.0, 0.0, 0.0, 0.0, 0.0, 0.0, 0.0, 0.0, 0.0, 0.0, 0.0, 0.0, 0.0, 0.0, 0.0, 0.0, 0.0, 0.0, 0.0, 0.0, 0.0, 0.0, 0.0, 0.0, 0.0, 0.0, 0.0, 0.0, 0.0, 0.0, 0.0, 0.0, 0.0, 0.0, 0.0, 0.0, 0.0], "FOD d proportion": [0.0, 0.0, 0.0, 0.0, 0.0, 0.0, 0.0, 0.0, 0.0, 0.0, 0.0, 0.0, 0.0, 0.0, 0.0, 0.0, 0.0, 0.0, 0.0, 0.0, 0.0, 0.0, 0.0, 0.0, 0.0, 0.0, 0.0, 0.0, 0.0, 0.0, 0.0, 0.0, 0.0, 0.0, 0.0, 0.0, 0.0, 0.0, 0.0, 0.0, 0.0, 0.0], "coordinates": [["4.50670", "-1.45980", "1.87040"], ["3.53100", "-0.34960", "1.58420"], ["2.51320", "-0.20090", "2.26120"], ["3.89380", "0.59560", "0.44880"], ["2.72400", "1.47550", "0.00280"], ["1.80060", "0.83830", "-1.04320"], ["0.57750", "1.70210", "-1.22150"], ["0.62550", "2.86110", "-1.61120"], ["-0.52160", "0.95830", "-0.76620"], ["-0.12640", "-0.37860", "-0.49440"], ["1.26070", "-0.51100", "-0.65030"], ["1.96140", "-1.51450", "-0.59750"], ["-0.99770", "-1.49560", "-0.69640"], ["-0.64670", "-2.76980", "-0.22730"], ["-1.49610", "-3.86550", "-0.41100"], ["-2.71260", "-3.70420", "-1.06670"], ["-3.08040", "-2.44770", "-1.53760"], ["-2.23030", "-1.35240", "-1.35320"], ["-1.60690", "1.59600", "-0.08480"], ["-2.09080", "2.84200", "-0.50940"], ["-3.15630", "3.46490", "0.14900"], ["-3.75510", "2.85210", "1.24510"], ["-3.28810", "1.61740", "1.68400"], ["-2.22310", "0.99510", "1.02470"], ["4.61630", "-2.08910", "0.98380"], ["4.13400", "-2.07480", "2.69410"], ["5.47230", "-1.03400", "2.15330"], ["4.70050", "1.23480", "0.82620"], ["4.28600", "0.01970", "-0.39590"], ["2.14160", "1.81040", "0.87090"], ["3.14090", "2.39050", "-0.43950"], ["2.29700", "0.73890", "-2.01510"], ["0.28300", "-2.93100", "0.31400"], ["-1.20470", "-4.84330", "-0.03530"], ["-3.37270", "-4.55580", "-1.20920"], ["-4.02870", "-2.31600", "-2.05260"], ["-2.54760", "-0.39350", "-1.75380"], ["-1.66590", "3.34580", "-1.37420"], ["-3.51630", "4.42980", "-0.19950"], ["-4.58100", "3.33750", "1.75840"], ["-3.74530", "1.13690", "2.54550"], ["-1.87190", "0.04460", "1.41820"]], "bond_dist": [[0.0, 1.5054716769172378, 2.389894579264952, 2.573181324741807, 3.9092115752412275, 4.592744906915689, 5.915747616320359, 6.771663666337838, 6.171115625233416, 5.312898275894242, 4.2178982835056615, 3.5457121414463417, 6.073562648067442, 5.7161155385453855, 6.85753500100437, 8.110621447213525, 8.375828127415224, 7.469290509814169, 7.108925772576332, 8.227754099995941, 9.270245792318562, 9.340279489394309, 8.382291562574043, 7.21331758208385, 1.0927443479606747, 1.093440432762572, 1.092575585485965, 2.896339282611759, 2.715463943785666, 4.157752553964702, 4.693171394696767, 4.981381939783377, 4.735657514010066, 6.90650814087698, 9.008556850017655, 9.432712261062562, 8.002185315274822, 8.468896697917621, 10.16564819231907, 10.276814807127744, 8.677218154454803, 6.569188850992184], [1.5054716769172378, 0.0, 1.2314046978958626, 1.5212363524449448, 2.546186358065725, 3.3628293637947198, 4.561204624877073, 5.381552368973102, 4.8640054821103975, 4.206898349140373, 3.189561458884278, 2.9292406968359566, 5.198420534162277, 5.156750680418824, 6.450899957370289, 7.567242095373981, 7.606462305829169, 6.544196229484565, 5.741858302849348, 6.795153181496352, 7.831359433712643, 7.965746977528222, 7.097828812390449, 5.9355644339860385, 2.1364027008033855, 2.138177272819071, 2.135631957992762, 2.110122652833242, 2.1510935590996496, 2.6654885574693434, 3.4286568375969035, 3.9575938068477923, 4.338955865182314, 6.726289796760173, 8.553144199065045, 8.616385976150324, 6.934951273801424, 7.029643044280414, 8.69992455944303, 8.912328318122038, 7.4885460291033805, 5.41980424461991], [2.389894579264952, 1.2314046978958626, 0.0, 2.413558031206211, 2.820482965734769, 3.5364946995577418, 4.415602199021103, 5.285332255402682, 4.440597531864377, 3.81999958246071, 3.1846115163391597, 3.1940873328699078, 4.769702785289666, 4.7725095568264715, 6.053464503075904, 7.1173741604611465, 7.125121236863272, 6.0737658713519735, 5.070284964378235, 6.1751340689899195, 7.074087130506663, 7.0459103812069594, 6.106918733698689, 5.039036211419799, 3.101625317474695, 2.5151334477518286, 3.076031669212786, 2.9840812287871787, 3.2018220765682783, 2.473125217209998, 3.795147130217747, 4.383686595777577, 4.0272603454457725, 6.375623139740931, 8.102632225394412, 8.116586355112597, 6.462895357345654, 6.577240368117924, 7.990825816522346, 7.943598431441509, 6.406196810901145, 4.472138331939207], [2.573181324741807, 1.5212363524449448, 2.413558031206211, 0.0, 1.5302196084222681, 2.5819476234036975, 3.874543847990367, 4.478601918009682, 4.593858231378064, 4.24272317268049, 3.060359452744073, 3.0465448396503207, 5.441633277794454, 5.692026758545676, 7.049233381013853, 8.02680143332324, 7.864281625806644, 6.674317104393528, 5.616335959502423, 6.463737104802454, 7.617524042626974, 8.01445925499656, 7.358633153650208, 6.156925098618628, 2.8312268259537245, 3.4971566007257957, 2.8377065845502774, 1.0962537525591416, 1.0949884656926756, 2.173502309637604, 2.1395329653922137, 2.9395762177565663, 5.049054885817741, 7.470655143292321, 9.060237756814113, 8.803432442519224, 6.879055133519428, 6.465074874276399, 8.36845054594935, 9.003071854095134, 7.940088500136507, 5.872532149762996], [3.9092115752412275, 2.546186358065725, 2.820482965734769, 1.5302196084222681, 0.0, 1.5338863712804804, 2.48147542804679, 2.988073896341923, 3.375318681250705, 3.4365207419714494, 2.5522477838172373, 3.1435678535702074, 4.813249083519365, 5.425600113351518, 6.81958616413049, 7.5848363133293795, 7.173241231131155, 5.863517962793326, 4.333461528616586, 5.031100290194979, 6.209429514053606, 6.7392190690019875, 6.244350683617953, 5.0743336685716685, 4.1532557650595034, 4.67288195656599, 4.2983012214129435, 2.1546406428915237, 2.172132438411617, 1.0977000409948068, 1.098480723545024, 2.1901664251832553, 5.047035633914229, 7.44065647238199, 8.661135871235366, 8.012434005968474, 5.862471417414332, 4.966424579111214, 6.907254003582032, 7.740297175173574, 6.9592970722624, 5.017283007764262], [4.592744906915689, 3.3628293637947198, 3.5364946995577418, 2.5819476234036975, 1.5338863712804804, 0.0, 1.5079505761131564, 2.4073229633765387, 2.3417390631750585, 2.344217577359235, 1.5054809563724145, 2.4000360351461394, 3.660306317782707, 4.4354656700283455, 5.7787232300915745, 6.403423517150807, 5.904776740910702, 4.598197614283231, 3.619902774937471, 4.409393392520109, 5.735087271349932, 6.336995330596354, 5.825760408736357, 4.526693974635352, 4.539445588395129, 5.28188588100879, 5.215793365347213, 3.4729365989030088, 2.6956105820388814, 2.1737153033458636, 2.1377985452329225, 1.0958480414729044, 4.284007947004768, 6.5060179111342755, 7.475754390026467, 6.704419090420885, 4.57483626373666, 4.2911233377753195, 6.471485729722349, 7.404038206276357, 6.6124833806974515, 4.491737514592765], [5.915747616320359, 4.561204624877073, 4.415602199021103, 3.874543847990367, 2.48147542804679, 1.5079505761131564, 0.0, 1.2237038408046288, 1.4030528642927178, 2.3137549805456925, 2.3855488446057858, 3.5568343748338913, 3.6030917751286884, 4.7418339163239365, 5.996240236181336, 6.330624040329673, 5.540847557910252, 4.1510307129675645, 2.4647408504749544, 2.987688623334099, 4.350516811828222, 5.116447822464332, 4.836524340887783, 3.65904684309999, 5.962252172627387, 6.49966070037506, 6.544813617667046, 4.627156100673501, 4.155124230393117, 2.6146272124339256, 2.7670269460198607, 2.1246730219024292, 4.889796121516723, 6.886622426124435, 7.40037456754724, 6.168705963166018, 3.8001490312881154, 2.7853025939743064, 5.024343711371666, 6.17773902168099, 5.761626496051267, 3.964200133696582], [6.771663666337838, 5.381552368973102, 5.285332255402682, 4.478601918009682, 2.988073896341923, 2.4073229633765387, 1.2237038408046288, 0.0, 2.3770804046140297, 3.508311836197005, 3.5634065527245133, 4.685946207544427, 4.738403968637541, 5.936388368360008, 7.154635850971033, 7.385293220312922, 6.474756305066624, 5.09664005890155, 2.9856297040992876, 2.9313160423263818, 4.214841600819655, 5.229549411756237, 5.265111365393898, 4.30632636594116, 6.867677167718355, 7.4302280685050315, 7.268750546001699, 5.019103052339133, 4.79059164404565, 3.0924666707985713, 2.814530584307088, 2.7314428970783924, 6.113274384484962, 8.074086462876156, 8.435497190444675, 6.97558427732043, 4.5476718802041995, 2.3540639434815698, 4.648464673416375, 6.220032425156641, 6.273349437899981, 4.831867482661337], [6.171115625233416, 4.8640054821103975, 4.440597531864377, 4.593858231378064, 3.375318681250705, 2.3417390631750585, 1.4030528642927178, 2.3770804046140297, 0.0, 1.4203379492219448, 2.3127621127128486, 3.5083455545313664, 2.500633611707241, 3.768924625141766, 4.9340514519003555, 5.160396060381413, 4.32935923665385, 2.9331824321033975, 1.4313781261427745, 2.465088349329492, 3.749970491883903, 4.252919982788296, 3.7538533668751635, 2.470582785498191, 6.224721935155015, 6.545837078632496, 6.958417690107429, 5.466490503055868, 4.912342599005082, 3.240185960712749, 3.946116569489553, 3.090694667869992, 4.115928533150205, 5.887223707317398, 6.223368783866179, 4.967455672675902, 2.6281919640695963, 2.7164761622366576, 4.619598384058944, 5.339749634580258, 4.62509421958083, 2.7257588191180817], [5.312898275894242, 4.206898349140373, 3.81999958246071, 4.24272317268049, 3.4365207419714494, 2.344217577359235, 2.3137549805456925, 3.508311836197005, 1.4203379492219448, 0.0, 1.4020987768342144, 2.3790349429968445, 1.4309635529949742, 2.461684776733203, 3.747199655742939, 4.251537732397538, 3.754405019440497, 2.4722902519728547, 2.5017389092389317, 3.772447046679383, 4.936268815613672, 5.16049866098229, 4.327330522389063, 2.931018149039682, 5.253959343200136, 5.585215738894963, 6.227785010740175, 5.2579470832255435, 4.431435309242368, 3.4350529966799637, 4.283243877016577, 3.0715146589264393, 2.7084801420723026, 4.615955999573654, 5.338389510891838, 4.627034826970724, 2.7291976494933454, 4.1249561997674595, 5.8905940770010625, 6.223179911427919, 4.96328212677861, 2.623720116552068], [4.2178982835056615, 3.189561458884278, 3.1846115163391597, 3.060359452744073, 2.5522477838172373, 1.5054809563724145, 2.3855488446057858, 3.5634065527245133, 2.3127621127128486, 1.4020987768342144, 0.0, 1.2250635003949795, 2.46412924376949, 2.986516566168686, 4.348549296029654, 5.114394205573129, 4.835623784994031, 3.6591123746067162, 3.6031054675099368, 4.742890896910871, 5.996378098485785, 6.329394316204356, 5.538106579870055, 4.14859309284485, 4.05225045869576, 4.678283305871931, 5.086381476059381, 4.130386656234498, 3.0820126443608236, 2.9118606096446307, 3.4638549233476854, 2.1210485001526957, 2.782475836373067, 5.0224740367671385, 6.1758539336677964, 5.7621369863966265, 3.9666947689480723, 4.895296212692343, 6.887267548164512, 7.398530045218442, 6.163501281739139, 3.7948078172682207], [3.5457121414463417, 2.9292406968359566, 3.1940873328699078, 3.0465448396503207, 3.1435678535702074, 2.4000360351461394, 3.5568343748338913, 4.685946207544427, 3.5083455545313664, 2.3790349429968445, 1.2250635003949795, 0.0, 2.960812596230974, 2.9180493039014954, 4.185246647451019, 5.18278021239566, 5.212906817697781, 4.262359415863472, 4.761390178298771, 5.950393155078075, 7.17931333067446, 7.425681286589131, 6.524667816065428, 5.141951502105012, 3.14311451589025, 3.983560895731356, 4.4860004123940955, 4.133792567364743, 2.792521684785992, 3.639179936469204, 4.082304404377507, 2.683286917196892, 2.3778837355934797, 4.6283007130047205, 6.170600083460279, 6.2161898515087195, 4.787979917459973, 6.114170775338223, 8.093102234619307, 8.479101754903052, 7.033832230726007, 4.603045534208846], [6.073562648067442, 5.198420534162277, 4.769702785289666, 5.441633277794454, 4.813249083519365, 3.660306317782707, 3.6030917751286884, 4.738403968637541, 2.500633611707241, 1.4309635529949742, 2.46412924376949, 2.960812596230974, 0.0, 1.4024412465411875, 2.4384998933770734, 2.820623700531498, 2.4396211058277064, 1.4039926068181414, 3.2098550995333106, 4.477120767859629, 5.475473985875561, 5.502287915040433, 4.539053350644823, 3.266095047606545, 5.890017851416072, 6.1778076839603875, 7.084826366962002, 6.499452143065598, 5.504899638503866, 4.820920013856276, 5.682937689258963, 4.1936866871524865, 2.172895259785892, 3.418625089125744, 3.90748165446749, 3.420423307136121, 2.175984646085537, 4.934071142575875, 6.4576017785242845, 6.498071832474615, 4.998927647005906, 2.7582557604399196], [5.7161155385453855, 5.156750680418824, 4.7725095568264715, 5.692026758545676, 5.425600113351518, 4.4354656700283455, 4.7418339163239365, 5.936388368360008, 3.768924625141766, 2.461684776733203, 2.986516566168686, 2.9180493039014954, 1.4024412465411875, 0.0, 1.3984936682016116, 2.417775533419097, 2.7827199266185594, 2.4050909608578217, 4.472415446936924, 5.801491572001118, 6.73135780805032, 6.590589649644408, 5.466039287271909, 4.26931059657177, 5.443278855616346, 5.6455907972505415, 6.79134883509896, 6.76307853347867, 5.669326723694798, 5.473471674358057, 6.404657577888141, 4.916561218982227, 1.0878112060463434, 2.155836322636763, 3.403674427732476, 3.869829263675595, 3.404471287880102, 6.30513375036565, 7.750459158011221, 7.531323540387839, 5.705440096083737, 3.482762215540992], [6.85753500100437, 6.450899957370289, 6.053464503075904, 7.049233381013853, 6.81958616413049, 5.7787232300915745, 5.996240236181336, 7.154635850971033, 4.9340514519003555, 3.747199655742939, 4.348549296029654, 4.185246647451019, 2.4384998933770734, 1.3984936682016116, 0.0, 1.3913419529360855, 2.4061153110356117, 2.782528003452975, 5.47235464219928, 6.734530933925539, 7.536884515501083, 7.2781795780263625, 6.136976569125875, 5.120077719136693, 6.516325479900463, 6.674299851669837, 7.946799689183061, 8.120441828496773, 6.96618169875004, 6.862358902738912, 7.787176461979015, 6.1774787559327144, 2.1363782577062516, 1.08727056890178, 2.1529665324848875, 3.3926189839119862, 3.868274562385664, 7.277323269582023, 8.540371325650895, 8.130566608176824, 6.230874629616616, 4.333137464932309], [8.110621447213525, 7.567242095373981, 7.1173741604611465, 8.02680143332324, 7.5848363133293795, 6.403423517150807, 6.330624040329673, 7.385293220312922, 5.160396060381413, 4.251537732397538, 5.114394205573129, 5.18278021239566, 2.820623700531498, 2.417775533419097, 1.3913419529360855, 0.0, 1.391336012615213, 2.417779721149137, 5.502619388981942, 6.599238817469785, 7.284970212018715, 7.029672480279576, 6.018054278585397, 5.166912492001389, 7.779837624912232, 7.979629851064522, 9.19189621623308, 9.106637305833587, 7.955991818120478, 7.597918435992848, 8.473618482088984, 6.762890826414397, 3.387888736366648, 2.152927583547575, 1.0868582336257102, 2.1520263148948713, 3.38527190931541, 7.133907564581981, 8.219484505125612, 7.813939304857699, 6.127863195274516, 4.575478766205784], [8.375828127415224, 7.606462305829169, 7.125121236863272, 7.864281625806644, 7.173241231131155, 5.904776740910702, 5.540847557910252, 6.474756305066624, 4.32935923665385, 3.754405019440497, 4.835623784994031, 5.212906817697781, 2.4396211058277064, 2.7827199266185594, 2.4061153110356117, 1.391336012615213, 0.0, 1.3986977729302352, 4.542393617906753, 5.47881643149321, 6.148920159670314, 6.023829298710249, 5.191038803553678, 4.376438782846162, 8.107110632648354, 8.372210380777588, 9.421781561360888, 8.926968214349147, 7.852094663846074, 7.155527364212928, 7.957297062445263, 6.2688800092201475, 3.8696848721827464, 3.3932366760955532, 2.1534557018894067, 1.0871259264685023, 2.133156328073496, 5.965915860955466, 7.0200090220739755, 6.825243980987054, 5.473861048656606, 4.050775873829605], [7.469290509814169, 6.544196229484565, 6.0737658713519735, 6.674317104393528, 5.863517962793326, 4.598197614283231, 4.1510307129675645, 5.09664005890155, 2.9331824321033975, 2.4722902519728547, 3.6591123746067162, 4.262359415863472, 1.4039926068181414, 2.4050909608578217, 2.782528003452975, 2.417779721149137, 1.3986977729302352, 0.0, 3.2696373927394458, 4.280706723194197, 5.130346979493687, 5.172426720602236, 4.377583433813683, 3.341439285697108, 7.271879224107067, 7.5767284193113325, 8.469177502567767, 7.712287393503953, 6.727647983508054, 5.836388803018524, 6.6101389955128775, 5.030714918378898, 3.404146102916266, 3.8697672513989776, 3.40405424751134, 2.1568328354325463, 1.086576670097421, 4.732026162226917, 6.034787198402277, 6.099426781263958, 4.8674121645901325, 3.124214704529764], [7.108925772576332, 5.741858302849348, 5.070284964378235, 5.616335959502423, 4.333461528616586, 3.619902774937471, 2.4647408504749544, 2.9856297040992876, 1.4313781261427745, 2.5017389092389317, 3.6031054675099368, 4.761390178298771, 3.2098550995333106, 4.472415446936924, 5.47235464219928, 5.502619388981942, 4.542393617906753, 3.2696373927394458, 0.0, 1.402483643398382, 2.4388706423260746, 2.8215570984830345, 2.4403985002454003, 1.4041985258502445, 7.310956586521357, 7.359007450736818, 7.876615024869503, 6.383077721601077, 6