{"total energy": -26.18946283, "HOMO-LUMO gap/eV": 3.85566397, "electronic energy": -26.5323819, "dipole": [0.19851419, 1.30394971, -0.15059212], "partial charges": [-0.1004376, -0.05268956, -0.05938879, -0.05508878, -0.0835061, 0.23385903, -0.36557201, -0.13649851, 0.03225074, 0.03280866, 0.03225017, 0.03141383, 0.03142788, 0.02938992, 0.0293992, 0.04476921, 0.04476518, 0.05724963, 0.05726291, 0.06377335, 0.06376259, 0.06879903], "atomic dipole moments": [[-0.09078585, -0.04558704, 0.01077447], [0.00869228, 0.11199397, -0.01235795], [-0.01715108, -0.10977019, 0.01268313], [-0.00417115, 0.12864733, -0.01330876], [-0.00598934, -0.0841941, 0.00930666], [-0.0027094, -0.01795251, 0.0020329], [0.01600593, 0.16019965, -0.01794531], [0.07309302, -0.0344389, -0.00115328], [0.02126645, 0.08237908, 0.09266149], [0.09178808, -0.08486654, 0.00292079], [0.00796709, 0.06102527, -0.10971314], [-0.01109387, -0.08449692, -0.09031381], [0.00183197, -0.06374986, 0.10654179], [0.01504384, 0.08416536, 0.08913254], [0.00224247, 0.06361699, -0.10584319], [-0.01537201, -0.08836916, -0.09078891], [-0.00228684, -0.06735005, 0.10837878], [0.00217299, 0.06180131, -0.11578705], [0.01629032, 0.08449042, 0.0991287], [0.00704723, 0.08444709, 0.10497535], [-0.00772826, 0.06070038, -0.12024878], [-0.11045686, -0.07310778, 0.01496869]], "atomic quadrupole moments": [[0.16536615, 0.13483187, -0.04130079, -0.0334986, -0.01801835, -0.12406536], [0.23127089, -0.01926243, 0.0031506, -0.02885538, -0.02424913, -0.23442149], [0.23115206, -0.02035079, 0.00706582, -0.02898832, -0.02499878, -0.23821789], [0.24318519, -0.04352185, 0.01059967, -0.02833584, -0.02551997, -0.25378486], [0.18988175, -0.02603287, 0.05091259, -0.02585986, -0.02959471, -0.24079435], [-0.29037904, -0.01101031, -0.32234199, 0.06142082, 0.1008923, 0.61272103], [-0.13397493, -0.00215604, -0.1319545, 0.02690052, 0.04278504, 0.26592943], [0.08026492, -0.15906242, 0.05772019, 0.00240305, -0.01029403, -0.13798512], [-0.03468137, 0.01377293, 0.00464855, -0.00161563, 0.06163328, 0.03003281], [0.02594705, -0.05497576, 0.02814798, 0.00051173, -0.00511773, -0.05409503], [-0.03332876, 0.0072864, -0.01968656, 0.0094136, -0.05251244, 0.05301532], [-0.01490718, 0.00577963, -0.00710906, 0.00953037, 0.04465959, 0.02201624], [-0.01673728, -0.00097572, -0.02411426, -0.00374414, -0.03491054, 0.04085155], [-0.02024484, 0.00402653, -0.00530323, 0.00762626, 0.04442458, 0.02554806], [-0.02138913, -0.00211598, -0.02210184, -0.00046381, -0.03421681, 0.04349097], [-0.01602186, 0.00356223, -0.00909724, 0.00771036, 0.04165742, 0.0251191], [-0.01725728, -0.00225908, -0.02459324, -0.00115217, -0.0309647, 0.04185051], [-0.01880778, -0.0215104, -0.01771024, -0.00859336, -0.04686977, 0.03651802], [-0.01526549, -0.01183337, 0.00419017, 0.01757306, 0.05566683, 0.01107533], [-0.02818885, 0.01475161, 0.01226919, 0.00865612, 0.06994518, 0.01591966], [-0.02980275, 0.00452795, -0.01634457, -0.00272803, -0.06411643, 0.04614732], [0.04169177, 0.04972646, 0.00570455, -0.01119937, -0.00903852, -0.04739633]], "number of molecular orbitals": 46, "number of electrons": 48, "number of unpaired electrons": 0, "orbital energies/eV": [-19.09586597, -17.43566593, -17.12127048, -16.85094037, -16.33010642, -15.59182765, -15.29377304, -15.1636218, -14.82204162, -14.55510942, -14.11726737, -13.99639148, -13.50232963, -13.38191103, -13.14561023, -13.00086369, -12.82120323, -12.64069319, -12.34724601, -11.92292057, -11.82086846, -11.7900117, -11.49964884, -10.7396807, -6.88401673, 1.04992002, 2.77022241, 2.89259369, 3.03609324, 3.46520475, 3.64943987, 4.04118161, 4.3526844, 4.42828719, 4.6161274, 4.73459992, 4.81145822, 5.66103409, 5.84597154, 5.96844026, 6.3221464, 7.19485159, 7.25824423, 7.36783029, 8.28711617, 15.13708122], "fractional occupation": [2.0, 2.0, 2.0, 2.0, 2.0, 2.0, 2.0, 2.0, 2.0, 2.0, 2.0, 2.0, 2.0, 2.0, 2.0, 2.0, 2.0, 2.0, 2.0, 2.0, 2.0, 2.0, 2.0, 2.0, 0.0, 0.0, 0.0, 0.0, 0.0, 0.0, 0.0, 0.0, 0.0, 0.0, 0.0, 0.0, 0.0, 0.0, 0.0, 0.0, 0.0, 0.0, 0.0, 0.0, 0.0, 0.0], "program call": "xtb /home/svss/Project-DBcg-Debug/aqme2_20220329/End-to-End-workflows-final/example-3/QDESCP/mol_758_rdkit_conf_1/mol_758_rdkit_conf_1.xyz --pop --wbo --acc 0.2 --gfn 2 --chrg 0 --uhf 0 --etemp 300 --input /home/svss/Project-DBcg-Debug/aqme2_20220329/End-to-End-workflows-final/example-3/QDESCP/mol_758_rdkit_conf_1/mol_758_rdkit_conf_1_xtb.inp", "method": "GFN2-xTB", "xtb version": "6.3.3 (7355c4f)", "Dipole module/D": 3.374, "Total charge": 0, "Transition dipole module/D": NaN, "HOMO": -10.7397, "LUMO": -6.884, "HOMO occupancy": 2.0, "LUMO occupancy": 0, "mulliken charges": [-0.08368, -0.03763, -0.04998, -0.03433, -0.08456, 0.39812, -0.49354, -0.12684, 0.02662, 0.02984, 0.02662, 0.02493, 0.02494, 0.02157, 0.02158, 0.03815, 0.03815, 0.04523, 0.04524, 0.05263, 0.05262, 0.06433], "cm5 charges": [-0.234, -0.15012, -0.16048, -0.14263, -0.18678, 0.41327, -0.54409, -0.26858, 0.0779, 0.08062, 0.0779, 0.07963, 0.07965, 0.07693, 0.07694, 0.09552, 0.09551, 0.1017, 0.10172, 0.1052, 0.10519, 0.11899], "FUKUI+": [0.009, 0.004, 0.006, 0.015, 0.031, -0.194, -0.297, 0.051, -0.011, -0.02, -0.011, -0.011, -0.011, -0.018, -0.018, -0.022, -0.022, -0.096, -0.096, -0.107, -0.107, -0.077], "FUKUI-": [0.017, 0.002, 0.004, 0.009, -0.009, -0.031, -0.161, -0.001, -0.066, -0.069, -0.066, -0.078, -0.078, -0.059, -0.059, -0.037, -0.037, -0.054, -0.054, -0.06, -0.06, -0.054], "FUKUIrad": [0.013, 0.003, 0.005, 0.012, 0.011, -0.113, -0.229, 0.025, -0.038, -0.044, -0.038, -0.044, -0.044, -0.039, -0.039, -0.029, -0.029, -0.075, -0.075, -0.083, -0.084, -0.066], "s proportion": [1.008, 1.027, 1.033, 1.029, 1.042, 1.075, 1.739, 1.022, 0.973, 0.97, 0.973, 0.975, 0.975, 0.978, 0.978, 0.962, 0.962, 0.955, 0.955, 0.947, 0.947, 0.936], "p proportion": [3.076, 3.011, 3.017, 3.005, 3.043, 2.527, 4.754, 3.105, 0.0, 0.0, 0.0, 0.0, 0.0, 0.0, 0.0, 0.0, 0.0, 0.0, 0.0, 0.0, 0.0, 0.0], "d proportion": [0.0, 0.0, 0.0, 0.0, 0.0, 0.0, 0.0, 0.0, 0.0, 0.0, 0.0, 0.0, 0.0, 0.0, 0.0, 0.0, 0.0, 0.0, 0.0, 0.0, 0.0, 0.0], "Fermi-level/eV": -8.8118, "Coordination numbers": [3.75, 3.8, 3.802, 3.802, 3.803, 2.81, 0.857, 3.751, 0.924, 0.924, 0.924, 0.924, 0.924, 0.924, 0.924, 0.924, 0.924, 0.924, 0.924, 0.924, 0.924, 0.924], "Dispersion coefficient C6": [22.482, 21.521, 21.642, 21.563, 22.092, 23.106, 21.005, 23.19, 2.555, 2.547, 2.555, 2.567, 2.566, 2.595, 2.595, 2.386, 2.387, 2.232, 2.231, 2.155, 2.156, 2.099], "Total dispersion C6": 3497.334104, "Total dispersion C8": 74478.316581, "Polarizability alpha": [6.762, 6.605, 6.623, 6.611, 6.692, 7.875, 6.145, 6.868, 2.5, 2.496, 2.5, 2.505, 2.505, 2.519, 2.519, 2.416, 2.416, 2.336, 2.336, 2.296, 2.296, 2.266], "Total polarizability alpha": 88.086419, "Wiberg matrix": [[0.0, 1.020195642030417, 0.0, 0.0, 0.0, 0.0, 0.0, 0.0, 0.9876853917344697, 0.9872728022406626, 0.9876864081287653, 0.0, 0.0, 0.0, 0.0, 0.0, 0.0, 0.0, 0.0, 0.0, 0.0, 0.0], [1.020195642030417, 0.0, 1.0078057696280758, 0.0, 0.0, 0.0, 0.0, 0.0, 0.0, 0.0, 0.0, 0.9778749477056483, 0.9778772068017267, 0.0, 0.0, 0.0, 0.0, 0.0, 0.0, 0.0, 0.0, 0.0], [0.0, 1.0078057696280758, 0.0, 1.0069895098164527, 0.0, 0.0, 0.0, 0.0, 0.0, 0.0, 0.0, 0.0, 0.0, 0.9770988586288785, 0.9771005319396722, 0.0, 0.0, 0.0, 0.0, 0.0, 0.0, 0.0], [0.0, 0.0, 1.0069895098164527, 0.0, 1.0077836808533869, 0.0, 0.0, 0.0, 0.0, 0.0, 0.0, 0.0, 0.0, 0.0, 0.0, 0.9759920922409673, 0.9759911361644262, 0.0, 0.0, 0.0, 0.0, 0.0], [0.0, 0.0, 0.0, 1.0077836808533869, 0.0, 0.9925759043593667, 0.0, 0.0, 0.0, 0.0, 0.0, 0.0, 0.0, 0.0, 0.0, 0.0, 0.0, 0.9518962789010292, 0.9519041931716128, 0.0, 0.0, 0.0], [0.0, 0.0, 0.0, 0.0, 0.9925759043593667, 0.0, 1.8574748345723848, 1.0077222368123417, 0.0, 0.0, 0.0, 0.0, 0.0, 0.0, 0.0, 0.0, 0.0, 0.0, 0.0, 0.0, 0.0, 0.0], [0.0, 0.0, 0.0, 0.0, 0.0, 1.8574748345723848, 0.0, 0.0, 0.0, 0.0, 0.0, 0.0, 0.0, 0.0, 0.0, 0.0, 0.0, 0.0, 0.0, 0.0, 0.0, 0.0], [0.0, 0.0, 0.0, 0.0, 0.0, 1.0077222368123417, 0.0, 0.0, 0.0, 0.0, 0.0, 0.0, 0.0, 0.0, 0.0, 0.0, 0.0, 0.0, 0.0, 0.9632721877665487, 0.9632721655237607, 0.982822889532622], [0.9876853917344697, 0.0, 0.0, 0.0, 0.0, 0.0, 0.0, 0.0, 0.0, 0.0, 0.0, 0.0, 0.0, 0.0, 0.0, 0.0, 0.0, 0.0, 0.0, 0.0, 0.0, 0.0], [0.9872728022406626, 0.0, 0.0, 0.0, 0.0, 0.0, 0.0, 0.0, 0.0, 0.0, 0.0, 0.0, 0.0, 0.0, 0.0, 0.0, 0.0, 0.0, 0.0, 0.0, 0.0, 0.0], [0.9876864081287653, 0.0, 0.0, 0.0, 0.0, 0.0, 0.0, 0.0, 0.0, 0.0, 0.0, 0.0, 0.0, 0.0, 0.0, 0.0, 0.0, 0.0, 0.0, 0.0, 0.0, 0.0], [0.0, 0.9778749477056483, 0.0, 0.0, 0.0, 0.0, 0.0, 0.0, 0.0, 0.0, 0.0, 0.0, 0.0, 0.0, 0.0, 0.0, 0.0, 0.0, 0.0, 0.0, 0.0, 0.0], [0.0, 0.9778772068017267, 0.0, 0.0, 0.0, 0.0, 0.0, 0.0, 0.0, 0.0, 0.0, 0.0, 0.0, 0.0, 0.0, 0.0, 0.0, 0.0, 0.0, 0.0, 0.0, 0.0], [0.0, 0.0, 0.9770988586288785, 0.0, 0.0, 0.0, 0.0, 0.0, 0.0, 0.0, 0.0, 0.0, 0.0, 0.0, 0.0, 0.0, 0.0, 0.0, 0.0, 0.0, 0.0, 0.0], [0.0, 0.0, 0.9771005319396722, 0.0, 0.0, 0.0, 0.0, 0.0, 0.0, 0.0, 0.0, 0.0, 0.0, 0.0, 0.0, 0.0, 0.0, 0.0, 0.0, 0.0, 0.0, 0.0], [0.0, 0.0, 0.0, 0.9759920922409673, 0.0, 0.0, 0.0, 0.0, 0.0, 0.0, 0.0, 0.0, 0.0, 0.0, 0.0, 0.0, 0.0, 0.0, 0.0, 0.0, 0.0, 0.0], [0.0, 0.0, 0.0, 0.9759911361644262, 0.0, 0.0, 0.0, 0.0, 0.0, 0.0, 0.0, 0.0, 0.0, 0.0, 0.0, 0.0, 0.0, 0.0, 0.0, 0.0, 0.0, 0.0], [0.0, 0.0, 0.0, 0.0, 0.9518962789010292, 0.0, 0.0, 0.0, 0.0, 0.0, 0.0, 0.0, 0.0, 0.0, 0.0, 0.0, 0.0, 0.0, 0.0, 0.0, 0.0, 0.0], [0.0, 0.0, 0.0, 0.0, 0.9519041931716128, 0.0, 0.0, 0.0, 0.0, 0.0, 0.0, 0.0, 0.0, 0.0, 0.0, 0.0, 0.0, 0.0, 0.0, 0.0, 0.0, 0.0], [0.0, 0.0, 0.0, 0.0, 0.0, 0.0, 0.0, 0.9632721877665487, 0.0, 0.0, 0.0, 0.0, 0.0, 0.0, 0.0, 0.0, 0.0, 0.0, 0.0, 0.0, 0.0, 0.0], [0.0, 0.0, 0.0, 0.0, 0.0, 0.0, 0.0, 0.9632721655237607, 0.0, 0.0, 0.0, 0.0, 0.0, 0.0, 0.0, 0.0, 0.0, 0.0, 0.0, 0.0, 0.0, 0.0], [0.0, 0.0, 0.0, 0.0, 0.0, 0.0, 0.0, 0.982822889532622, 0.0, 0.0, 0.0, 0.0, 0.0, 0.0, 0.0, 0.0, 0.0, 0.0, 0.0, 0.0, 0.0, 0.0]], "Born radii": [], "Atomic SASAs": [], "Solvent H bonds": [], "Total SASA": NaN, "Total FOD": 0.0, "FOD": [0.0, 0.0, 0.0, 0.0, 0.0, 0.0, 0.0, 0.0, 0.0, 0.0, 0.0, 0.0, 0.0, 0.0, 0.0, 0.0, 0.0, 0.0, 0.0, 0.0, 0.0, 0.0], "FOD s proportion": [0.0, 0.0, 0.0, 0.0, 0.0, 0.0, 0.0, 0.0, 0.0, 0.0, 0.0, 0.0, 0.0, 0.0, 0.0, 0.0, 0.0, 0.0, 0.0, 0.0, 0.0, 0.0], "FOD p proportion": [0.0, 0.0, 0.0, 0.0, 0.0, 0.0, 0.0, 0.0, 0.0, 0.0, 0.0, 0.0, 0.0, 0.0, 0.0, 0.0, 0.0, 0.0, 0.0, 0.0, 0.0, 0.0], "FOD d proportion": [0.0, 0.0, 0.0, 0.0, 0.0, 0.0, 0.0, 0.0, 0.0, 0.0, 0.0, 0.0, 0.0, 0.0, 0.0, 0.0, 0.0, 0.0, 0.0, 0.0, 0.0, 0.0], "coordinates": [["3.68100", "-0.12590", "-0.01610"], ["2.33710", "-0.81830", "0.14520"], ["1.18350", "0.18390", "0.11520"], ["-0.16610", "-0.51630", "0.27770"], ["-1.31880", "0.48470", "0.24790"], ["-2.67360", "-0.18250", "0.40720"], ["-2.80770", "-1.39750", "0.54420"], ["-3.86990", "0.73340", "0.38920"], ["3.85090", "0.59390", "0.79100"], ["4.49150", "-0.86100", "0.00820"], ["3.73520", "0.40810", "-0.97020"], ["2.21280", "-1.55360", "-0.65840"], ["2.32780", "-1.36890", "1.09310"], ["1.31490", "0.91940", "0.91830"], ["1.19990", "0.73470", "-0.83320"], ["-0.29790", "-1.25500", "-0.52280"], ["-0.18310", "-1.07070", "1.22440"], ["-1.31980", "1.02440", "-0.70560"], ["-1.20380", "1.21070", "1.06030"], ["-3.79610", "1.44840", "1.21220"], ["-3.91290", "1.26080", "-0.56690"], ["-4.78520", "0.14750", "0.51110"]], "bond_dist": [[0.0, 1.5203626738380551, 2.5200638841108773, 3.878003224598969, 5.043860465952642, 6.368934574165446, 6.635821753181741, 7.610437266675286, 1.0947093038793452, 1.0944737319826368, 1.094714780205328, 2.1462730068656226, 2.1462814074580248, 2.750306284761754, 2.7502985256149923, 4.16692415457733, 4.166864060657606, 5.177509148229484, 5.177490469329712, 7.739132108318089, 7.739097798839345, 8.487003584304652], [1.5203626738380551, 0.0, 1.5284298479158276, 2.524830784428929, 3.8825199419964345, 5.057667459412491, 5.192652566848662, 6.402668029032897, 2.1686301943853867, 2.1591738350582155, 2.1686073249899347, 1.0963072288368805, 1.096248721778046, 2.1592076648622753, 2.1592358370497653, 2.7532082903405617, 2.7531411950715494, 4.182382280471263, 4.182370359018914, 6.625146045937402, 6.6251221286856286, 7.196791628218785], [2.5200638841108773, 1.5284298479158276, 0.0, 1.5290868026374433, 2.5238057017131883, 3.88545150143455, 4.314457602063091, 5.090567533193131, 2.7820547083046376, 3.4707533778705746, 2.7820013820988656, 2.162596055670129, 2.162613867522355, 1.0969028307010609, 1.096864695393192, 2.1614863335214496, 2.161467408960866, 2.765260164975441, 2.7652727785880367, 5.253454616726026, 5.253405274676608, 5.981926233246278], [3.878003224598969, 2.524830784428929, 1.5290868026374433, 0.0, 1.5269598324775935, 2.532932873172915, 2.797424931968685, 3.9105391930013944, 4.199084415679208, 4.678107106512206, 4.199036968163057, 2.7588837797196173, 2.758865913740644, 2.159852738035628, 2.1598740264191334, 1.0972006106451089, 1.0972188705996628, 2.1614021074293417, 2.161437727532302, 4.232048716638314, 4.232014155222073, 4.672385986837988], [5.043860465952642, 3.8825199419964345, 2.5238057017131883, 1.5269598324775935, 0.0, 1.518557002552094, 2.4181178093715783, 2.567085621867724, 5.199296138901881, 5.968915367970968, 5.199283717013335, 4.177109663391661, 4.17706686084865, 2.752231084047995, 2.752294842490535, 2.1593451298947093, 2.159313756729207, 1.0956456270163268, 1.095579645667078, 2.8276505211924614, 2.8276465585359145, 3.4926933790414525], [6.368934574165446, 5.057667459412491, 3.88545150143455, 2.532932873172915, 1.518557002552094, 0.0, 1.2300312231809403, 1.5067615936172518, 6.581732268179859, 7.208205134428405, 6.581698607502473, 5.185780898765392, 5.185750257195192, 4.1693571530872715, 4.169394470423733, 2.767509121936186, 2.76754500053748, 2.127840663677617, 2.127876380337918, 2.137256666851223, 2.137252954144642, 2.1397546050890974], [6.635821753181741, 5.192652566848662, 4.314457602063091, 2.797424931968685, 2.4181178093715783, 1.2300312231809403, 0.0, 2.3860068419851608, 6.954389848146277, 7.338490913668832, 6.954361159013817, 5.1648847247542715, 5.164830047542707, 4.743817785286446, 4.743876617282536, 2.7309140026738303, 2.7309330713146376, 3.10506780280238, 3.1050864174769757, 3.0858232888485366, 3.085866027552071, 2.5097065286602733], [7.610437266675286, 6.402668029032897, 5.090567533193131, 3.9105391930013944, 2.567085621867724, 1.5067615936172518, 2.3860068419851608, 0.0, 7.732506458451878, 8.520579928619883, 7.7324856585706, 6.582330442176236, 6.58229639183773, 5.215044951867625, 5.215087294571396, 4.188634927992651, 4.188654926106948, 2.790390304240609, 2.7903906016900217, 1.0927032717073741, 1.0927611678678921, 1.093577848166284], [1.0947093038793452, 2.1686301943853867, 2.7820547083046376, 4.199084415679208, 5.199296138901881, 6.581732268179859, 6.954389848146277, 7.732506458451878, 0.0, 1.7719701492971036, 1.774748875193333, 3.065271312624708, 2.502734876090554, 2.559971003742035, 3.112177899799432, 4.728323496758656, 4.385417280031628, 5.400118544995101, 5.099309445405329, 7.70611372158496, 7.909819116768727, 8.652158122688233], [1.0944737319826368, 2.1591738350582155, 3.4707533778705746, 4.678107106512206, 5.968915367970968, 7.208205134428405, 7.338490913668832, 8.520579928619883, 1.7719701492971036, 0.0, 1.7719681317676117, 2.473160732746661, 2.47316964844711, 3.753517514279107, 3.7535107579438214, 4.834826714578301, 4.834770076229065, 6.151052860283352, 6.1510403502171895, 8.687189310703435, 8.68715802837729, 9.344899333326175], [1.094714780205328, 2.1686073249899347, 2.7820013820988656, 4.199036968163057, 5.199283717013335, 6.581698607502473, 6.954361159013817, 7.7324856585706, 1.774748875193333, 1.7719681317676117, 0.0, 2.502636188102458, 3.065242347678239, 3.1121876598303, 2.559918485030334, 4.3854263167906495, 4.728233654336469, 5.099300329456973, 5.400075741135489, 7.90984029800855, 7.706048390063483, 8.65213142583953], [2.1462730068656226, 1.0963072288368805, 2.162596055670129, 2.7588837797196173, 4.177109663391661, 5.185780898765392, 5.1648847247542715, 6.582330442176236, 3.065271312624708, 2.473160732746661, 2.502636188102458, 0.0, 1.7649621355711855, 3.0672359381045338, 2.508553037111235, 2.5320276084592757, 3.085200975625413, 4.373508271399519, 4.718944769755205, 6.972662875114501, 6.741915165589077, 7.296127428985872], [2.1462814074580248, 1.096248721778046, 2.162613867522355, 2.758865913740644, 4.17706686084865, 5.185750257195192, 5.164830047542707, 6.58229639183773, 2.502734876090554, 2.47316964844711, 3.065242347678239, 1.7649621355711855, 0.0, 2.508553037111235, 3.0672337798087708, 3.085191486763828, 2.531952159895601, 4.718918556194841, 4.373512382513624, 6.741922226635368, 6.972607731688339, 7.296092239000271], [2.750306284761754, 2.1592076648622753, 1.0969028307010609, 2.159852738035628, 2.752231084047995, 4.1693571530872715, 4.743817785286446, 5.215044951867625, 2.559971003742035, 3.753517514279107, 3.1121876598303, 3.0672359381045338, 2.508553037111235, 0.0, 1.7649621355711855, 3.0669053474145564, 2.5096213300017993, 3.096727353190784, 2.5394624194896056, 5.146701779780911, 5.445389411235895, 6.162212383551868], [2.7502985256149923, 2.1592358370497653, 1.096864695393192, 2.1598740264191334, 2.752294842490535, 4.169394470423733, 4.743876617282536, 5.215087294571396, 3.112177899799432, 3.7535107579438214, 2.559918485030334, 2.508553037111235, 3.0672337798087708, 1.7649621355711855, 0.0, 2.5097129497215414, 3.0669000505396324, 2.5395070269640923, 3.096722774159805, 5.4454609400857885, 5.146690270455373, 6.162253511500479], [4.16692415457733, 2.7532082903405617, 2.1614863335214496, 1.0972006106451089, 2.1593451298947093, 2.767509121936186, 2.7309140026738303, 4.188634927992651, 4.728323496758656, 4.834826714578301, 4.3854263167906495, 2.5320276084592757, 3.085191486763828, 3.0669053474145564, 2.5097129497215414, 0.0, 1.760640045551617, 2.504667604693285, 3.0670078105541236, 4.749315719132599, 4.40447720507213, 4.813711328071096], [4.166864060657606, 2.7531411950715494, 2.161467408960866, 1.0972188705996628, 2.159313756729207, 2.76754500053748, 2.7309330713146376, 4.188654926106948, 4.385417280031628, 4.834770076229065, 4.728233654336469, 3.085200975625413, 2.531952159895601, 2.5096213300017993, 3.0669000505396324, 1.760640045551617, 0.0, 3.06699052818883, 2.5047042260514516, 4.4045184356521885, 4.74932163366517, 4.813744129053807], [5.177509148229484, 4.182382280471263, 2.765260164975441, 2.1614021074293417, 1.0956456270163268, 2.127840663677617, 3.10506780280238, 2.790390304240609, 5.400118544995101, 6.151052860283352, 5.099300329456973, 4.373508271399519, 4.718918556194841, 3.096727353190784, 2.5395070269640923, 2.504667604693285, 3.06699052818883, 0.0, 1.779484897379014, 3.160663621773124, 2.6075448720971224, 3.7760176985814033], [5.177490469329712, 4.182370359018914, 2.7652727785880367, 2.161437727532302, 1.095579645667078, 2.127876380337918, 3.1050864174769757, 2.7903906016900217, 5.099309445405329, 6.1510403502171895, 5.400075741135489, 4.718944769755205, 4.373512382513624, 2.5394624194896056, 3.096722774159805, 3.0670078105541236, 2.5047042260514516, 1.779484897379014, 0.0, 2.607603150404601, 3.160619031139312, 3.7760350686930857], [7.739132108318089, 6.625146045937402, 5.253454616726026, 4.232048716638314, 2.8276505211924614, 2.137256666851223, 3.0858232888485366, 1.0927032717073741, 7.70611372158496, 8.687189310703435, 7.90984029800855, 6.972662875114501, 6.741922226635368, 5.146701779780911, 5.4454609400857885, 4.749315719132599, 4.4045184356521885, 3.160663621773124, 2.607603150404601, 0.0, 1.7927723809786897, 1.7782578075183584], [7.739097798839345, 6.6251221286856286, 5.253405274676608, 4.232014155222073, 2.8276465585359145, 2.137252954144642, 3.085866027552071, 1.0927611678678921, 7.909819116768727, 8.68715802837729, 7.706048390063483, 6.741915165589077, 6.972607731688339, 5.445389411235895, 5.146690270455373, 4.40447720507213, 4.74932163366517, 2.6075448720971224, 3.160619031139312, 1.7927723809786897, 0.0, 1.7783217312961113], [8.487003584304652, 7.196791628218785, 5.981926233246278, 4.672385986837988, 3.4926933790414525, 2.1397546050890974, 2.5097065286602733, 1.093577848166284, 8.652158122688233, 9.344899333326175, 8.65213142583953, 7.296127428985872, 7.296092239000271, 6.162212383551868, 6.162253511500479, 4.813711328071096, 4.813744129053807, 3.7760176985814033, 3.7760350686930857, 1.7782578075183584, 1.7783217312961113, 0.0]]}