{"total energy": -57.59237403, "HOMO-LUMO gap/eV": 2.84279856, "electronic energy": -58.19505534, "dipole": [0.27055738, -0.03698976, -2.93695553], "partial charges": [-0.11400381, 0.09153741, -0.27112538, 0.51528448, -0.40024289, -0.28961362, 0.09512955, -0.11363418, -0.24725825, 0.15602347, -0.04716691, -0.02221181, -0.02428935, -0.03822037, -0.05337122, 0.38959756, -0.12394413, -0.50130749, 0.05794077, 0.06196851, 0.05526962, 0.05506343, 0.04562899, 0.05570725, 0.03847935, 0.06098097, 0.05313585, 0.05786409, 0.06585967, 0.07979925, 0.04777643, 0.067862, 0.07310509, 0.05506739, 0.06730828], "atomic dipole moments": [[-0.05492384, -0.13043268, 0.05088079], [0.24423523, -0.07214553, 0.13099359], [-0.15284415, -0.07315342, -0.07190929], [0.21549169, 0.0546459, -0.16999212], [0.40265542, 0.15131968, -0.2080563], [0.0036912, -0.13001038, 0.13895313], [0.01663204, 0.27582364, -0.03010252], [-0.05846536, 0.02712892, 0.13300898], [0.01907343, 0.06547891, -0.14394468], [-0.31084302, -0.05118572, 0.0960665], [-0.04794025, 0.01903902, -0.03734886], [-0.02953027, 0.01265793, -0.01433374], [0.125429, 0.03332762, -0.01477857], [-0.00299874, -0.00421302, 0.01664528], [-0.00758667, -0.01933263, 0.04917862], [-0.098769, -0.39754915, 0.07605376], [-0.00092465, 0.09377444, 0.09053967], [-0.0971474, 0.03589967, -0.11984265], [-0.09213552, 0.05650754, -0.07091154], [0.037698, 0.08098554, 0.09339188], [0.10452839, -0.0136773, -0.07103263], [-0.09370421, 0.01564472, 0.07817787], [-0.02352451, -0.08226581, -0.08795044], [-0.11465764, -0.04332692, 0.00954557], [0.07122829, -0.03275122, 0.09377401], [-0.06830024, 0.04555559, -0.09862782], [0.11422434, 0.05488393, -0.01523968], [0.01272288, -0.12837394, -0.01235487], [-0.02160706, -0.06615585, 0.14030093], [0.11613657, -0.04017447, 0.09693139], [0.02262592, 0.06850499, -0.13279359], [-0.1102975, 0.04689268, -0.1014613], [0.12408773, -0.00274425, -0.04598395], [-0.08072824, 0.0235004, -0.09718631], [-0.02894302, -0.11790981, 0.06060509]], "atomic quadrupole moments": [[-0.09902592, 0.10765548, 0.18516821, -0.04750703, -0.14893838, -0.08614229], [0.10727941, -0.1614577, 0.01236623, 0.29943855, -0.29400688, -0.11964564], [0.02835136, -0.036673, 0.03165451, 0.07929419, -0.07079919, -0.06000587], [-0.27071375, -0.5249234, 0.49008549, 0.72053619, 0.26144309, -0.21937174], [0.33905242, 0.2297743, -0.2883987, -0.43993116, -0.16309182, -0.05065372], [-0.1190246, -0.0092396, 0.11346113, -0.01923625, 0.037939, 0.00556347], [-0.34334989, -0.08906595, 0.45985872, -0.12226053, 0.12233693, -0.11650883], [-0.07377029, -0.04237043, -0.10683601, -0.15675909, 0.09880665, 0.1806063], [0.08892339, 0.00607908, -0.07253862, 0.01839698, -0.01823543, -0.01638477], [0.14114525, 0.09496543, 0.16171434, -0.20574543, 0.2815302, -0.30285959], [-0.21105922, -0.03014666, 0.34591062, 0.01268406, 0.29864788, -0.1348514], [-0.26499462, -0.01187123, 0.40293611, -0.03673963, 0.3278534, -0.13794149], [0.05010227, 0.0850512, 0.19892872, -0.11115036, 0.25993166, -0.24903099], [-0.2416184, -0.02040865, 0.3631403, -0.01300732, 0.31324837, -0.12152189], [-0.22377676, -0.01124249, 0.34304501, -0.02506099, 0.29238295, -0.11926825], [0.12900838, 0.0118379, -0.0966944, -0.19499462, 0.25789626, -0.03231398], [-0.20348651, -0.02293169, 0.12575918, 0.00480897, 0.31541678, 0.07772733], [0.01204662, -0.06406207, -0.09766595, 0.12339851, -0.05258618, 0.08561932], [0.03250971, -0.03249598, -0.02032106, 0.05329874, -0.03162885, -0.01218865], [-0.04019485, 0.02245297, -0.00055631, 0.01186093, 0.05122438, 0.04075116], [0.02897137, -0.01753044, -0.02324139, -0.06221208, 0.01920773, -0.00572998], [0.01360981, -0.02591572, -0.01849459, -0.02309168, -0.01043921, 0.00488478], [-0.02856134, -0.01246722, 0.01258445, 0.02713542, 0.01123904, 0.01597689], [0.02707739, 0.01745832, 0.0080017, -0.00589981, 0.01613913, -0.03507908], [-0.01394051, -0.02285015, 0.01021108, 0.02925173, 0.00560436, 0.00372943], [0.01607481, -0.02986062, -0.03831235, 0.04705661, -0.02934215, 0.02223754], [0.05830094, 0.05081941, -0.02993712, 0.00057295, 0.00367765, -0.02836382], [-0.04835812, -0.00867642, 0.08531123, -0.006906, 0.00386125, -0.03695311], [0.03507073, 0.00569688, -0.04243032, -0.00470283, -0.03215474, 0.0073596], [0.02864752, 0.0062795, -0.04332529, -0.01056412, -0.03678012, 0.01467777], [0.04394176, 0.0015341, -0.05266451, 0.00162707, -0.03693259, 0.00872275], [0.05118296, 0.00967403, -0.04732926, -0.01154566, -0.02825033, -0.00385369], [0.0638543, -0.00544445, -0.03488439, -0.04617611, 0.0113948, -0.02896991], [0.0059746, -0.01632892, -0.03958737, 0.06811028, -0.00904081, 0.03361276], [-0.04132452, 0.01911773, 0.05655422, -0.01989058, -0.03655408, -0.0152297]], "number of molecular orbitals": 104, "number of electrons": 102, "number of unpaired electrons": 0, "orbital energies/eV": [-20.7861588, -20.59169791, -20.34719983, -20.14427906, -19.22140827, -18.60842695, -18.56501482, -18.22021995, -18.04829192, -17.61389092, -17.43205122, -17.24029192, -17.02617235, -16.8540538, -16.83559324, -16.63997635, -16.6098411, -16.4491994, -15.93457264, -15.86310748, -15.61256673, -15.39088388, -15.29212405, -15.12215749, -15.00724432, -14.85527245, -14.23545868, -14.17427554, -14.11347876, -13.99978549, -13.90928219, -13.77156949, -13.69728203, -13.68465638, -13.55268875, -13.40530471, -13.37266406, -13.31971669, -13.11963566, -13.01636407, -12.76551638, -12.73608819, -12.43282944, -12.25791832, -12.0750411, -11.82655252, -11.54450175, -11.16112245, -10.54376072, -10.09146868, -9.99904602, -7.15624746, -7.02918909, -5.29197751, -4.91675552, -4.60416377, -4.06077136, -3.89002729, -3.23492641, -1.90101535, -1.54205419, 0.13796374, 0.57730361, 0.71733815, 0.77345147, 1.18856738, 1.40116853, 1.68696763, 2.34732519, 2.50532219, 2.56005931, 2.85148203, 2.94859461, 3.20195171, 3.25234368, 3.30090059, 3.55865318, 3.65330729, 3.79158465, 3.91791735, 4.16446019, 4.20631038, 4.35598004, 4.76186383, 5.50405062, 5.80556594, 5.85370273, 6.00506651, 6.14681269, 6.47824914, 6.70795961, 8.15535035, 9.56055555, 9.83312566, 10.74709628, 11.34583477, 11.85790842, 12.13936946, 15.55529034, 16.61516928, 22.15717701, 26.59536543, 28.73278679, 36.58930554], "fractional occupation": [2.0, 2.0, 2.0, 2.0, 2.0, 2.0, 2.0, 2.0, 2.0, 2.0, 2.0, 2.0, 2.0, 2.0, 2.0, 2.0, 2.0, 2.0, 2.0, 2.0, 2.0, 2.0, 2.0, 2.0, 2.0, 2.0, 2.0, 2.0, 2.0, 2.0, 2.0, 2.0, 2.0, 2.0, 2.0, 2.0, 2.0, 2.0, 2.0, 2.0, 2.0, 2.0, 2.0, 2.0, 2.0, 2.0, 2.0, 2.0, 2.0, 2.0, 2.0, 0.0, 0.0, 0.0, 0.0, 0.0, 0.0, 0.0, 0.0, 0.0, 0.0, 0.0, 0.0, 0.0, 0.0, 0.0, 0.0, 0.0, 0.0, 0.0, 0.0, 0.0, 0.0, 0.0, 0.0, 0.0, 0.0, 0.0, 0.0, 0.0, 0.0, 0.0, 0.0, 0.0, 0.0, 0.0, 0.0, 0.0, 0.0, 0.0, 0.0, 0.0, 0.0, 0.0, 0.0, 0.0, 0.0, 0.0, 0.0, 0.0, 0.0, 0.0, 0.0, 0.0], "program call": "xtb /home/svss/Project-DBcg-Debug/aqme2_20220329/End-to-End-workflows-final/example-3/QDESCP/mol_749_rdkit_conf_19/mol_749_rdkit_conf_19.xyz --pop --wbo --acc 0.2 --gfn 2 --chrg 0 --uhf 0 --etemp 300 --input /home/svss/Project-DBcg-Debug/aqme2_20220329/End-to-End-workflows-final/example-3/QDESCP/mol_749_rdkit_conf_19/mol_749_rdkit_conf_19_xtb.inp", "method": "GFN2-xTB", "xtb version": "6.3.3 (7355c4f)", "Dipole module/D": 7.497, "Total charge": 0, "Transition dipole module/D": NaN, "HOMO": -9.999, "LUMO": -7.1562, "HOMO occupancy": 2.0, "LUMO occupancy": 0, "mulliken charges": [-0.09615, 0.20915, -0.35897, 0.44465, -0.18311, -0.37947, 0.208, -0.09624, -0.3299, 0.26724, -0.06277, -0.01445, 0.02148, -0.04107, -0.06133, 0.26966, -0.04106, -0.4853, 0.03359, 0.04459, 0.0403, 0.02926, 0.03349, 0.02937, 0.03231, 0.04303, 0.03805, 0.03474, 0.05563, 0.06555, 0.03494, 0.06499, 0.0586, 0.03675, 0.05445], "cm5 charges": [-0.24265, 0.13131, -0.42173, 0.40535, -0.1519, -0.44485, 0.13009, -0.24273, -0.3745, 0.28934, -0.11198, -0.0647, 0.02569, -0.09227, -0.11006, 0.26522, -0.17142, -0.53124, 0.08482, 0.09791, 0.09373, 0.09359, 0.10098, 0.09355, 0.09992, 0.09636, 0.09166, 0.08598, 0.11437, 0.12549, 0.09183, 0.13177, 0.11222, 0.09002, 0.10882], "FUKUI+": [0.005, 0.008, 0.011, -0.06, -0.073, 0.004, 0.009, 0.005, -0.015, -0.077, -0.033, -0.026, -0.04, -0.037, -0.023, -0.196, 0.03, -0.023, -0.018, -0.007, 0.003, -0.015, -0.009, -0.019, 0.003, -0.014, 0.01, -0.016, -0.07, -0.062, -0.067, -0.067, -0.052, -0.034, -0.034], "FUKUI-": [0.007, 0.012, 0.004, -0.126, -0.315, 0.002, 0.012, 0.007, 0.005, -0.009, -0.011, -0.007, 0.005, -0.008, -0.005, -0.197, 0.028, -0.082, -0.021, -0.012, -0.008, -0.008, -0.01, -0.01, -0.005, -0.015, -0.004, -0.019, -0.029, -0.023, -0.026, -0.02, -0.039, -0.036, -0.037], "FUKUIrad": [0.006, 0.01, 0.007, -0.093, -0.194, 0.003, 0.011, 0.006, -0.005, -0.043, -0.022, -0.017, -0.018, -0.023, -0.014, -0.196, 0.029, -0.053, -0.02, -0.009, -0.002, -0.011, -0.009, -0.014, -0.001, -0.014, 0.003, -0.018, -0.05, -0.043, -0.046, -0.043, -0.045, -0.035, -0.036], "s proportion": [1.012, 0.993, 1.649, 1.43, 1.889, 1.651, 0.993, 1.012, 1.635, 1.018, 1.064, 1.067, 1.094, 1.064, 1.064, 1.877, 1.025, 1.742, 0.966, 0.955, 0.96, 0.971, 0.967, 0.971, 0.968, 0.957, 0.962, 0.965, 0.944, 0.934, 0.965, 0.935, 0.941, 0.963, 0.946], "p proportion": [3.084, 2.798, 4.71, 1.93, 4.308, 4.729, 2.799, 3.084, 4.695, 2.715, 2.998, 2.947, 2.885, 2.977, 2.997, 3.448, 3.016, 4.744, 0.0, 0.0, 0.0, 0.0, 0.0, 0.0, 0.0, 0.0, 0.0, 0.0, 0.0, 0.0, 0.0, 0.0, 0.0, 0.0, 0.0], "d proportion": [0.0, 0.0, 0.0, 1.196, -0.014, 0.0, 0.0, 0.0, 0.0, 0.0, 0.0, 0.0, 0.0, 0.0, 0.0, 0.404, 0.0, 0.0, 0.0, 0.0, 0.0, 0.0, 0.0, 0.0, 0.0, 0.0, 0.0, 0.0, 0.0, 0.0, 0.0, 0.0, 0.0, 0.0, 0.0], "Fermi-level/eV": -8.5776, "Coordination numbers": [3.749, 3.92, 1.658, 4.008, 0.924, 1.657, 3.921, 3.749, 1.663, 3.003, 2.914, 2.936, 2.954, 2.941, 2.913, 2.853, 3.742, 0.859, 0.924, 0.924, 0.924, 0.924, 0.924, 0.924, 0.924, 0.924, 0.924, 0.924, 0.925, 0.925, 0.925, 0.925, 0.924, 0.924, 0.924], "Dispersion coefficient C6": [22.748, 19.011, 18.512, 139.329, 156.634, 18.828, 18.954, 22.741, 18.11, 24.611, 29.171, 28.56, 28.609, 28.95, 29.325, 126.176, 22.954, 23.813, 2.223, 2.176, 2.255, 2.258, 2.375, 2.25, 2.469, 2.188, 2.281, 2.224, 2.132, 1.981, 2.348, 2.109, 2.052, 2.258, 2.115], "Total dispersion C6": 17688.446643, "Total dispersion C8": 510070.989203, "Polarizability alpha": [6.803, 6.197, 5.808, 21.204, 21.169, 5.858, 6.188, 6.801, 5.745, 8.138, 8.857, 8.765, 8.773, 8.824, 8.88, 18.906, 6.835, 6.543, 2.332, 2.307, 2.349, 2.35, 2.41, 2.346, 2.457, 2.313, 2.362, 2.332, 2.283, 2.201, 2.396, 2.271, 2.24, 2.35, 2.275], "Total polarizability alpha": 209.864788, "Wiberg matrix": [[0.0, 1.0162122765977954, 0.0, 0.0, 0.0, 0.0, 0.0, 0.0, 0.0, 0.0, 0.0, 0.0, 0.0, 0.0, 0.0, 0.0, 0.0, 0.0, 0.981686171391212, 0.9840437978879668, 0.9849728288552748, 0.0, 0.0, 0.0, 0.0, 0.0, 0.0, 0.0, 0.0, 0.0, 0.0, 0.0, 0.0, 0.0, 0.0], [1.0162122765977954, 0.0, 0.9205208737624289, 0.0, 0.0, 0.0, 0.0, 0.0, 0.0, 0.0, 0.0, 0.0, 0.0, 0.0, 0.0, 0.0, 0.0, 0.0, 0.0, 0.0, 0.0, 0.9705848586722454, 0.9710362042928109, 0.0, 0.0, 0.0, 0.0, 0.0, 0.0, 0.0, 0.0, 0.0, 0.0, 0.0, 0.0], [0.0, 0.9205208737624289, 0.0, 1.2284490924857812, 0.0, 0.0, 0.0, 0.0, 0.0, 0.0, 0.0, 0.0, 0.0, 0.0, 0.0, 0.0, 0.0, 0.0, 0.0, 0.0, 0.0, 0.0, 0.0, 0.0, 0.0, 0.0, 0.0, 0.0, 0.0, 0.0, 0.0, 0.0, 0.0, 0.0, 0.0], [0.0, 0.0, 1.2284490924857812, 0.0, 1.5996273355006367, 1.1906459638678017, 0.0, 0.0, 1.1960816275852597, 0.0, 0.0, 0.0, 0.0, 0.0, 0.0, 0.0, 0.0, 0.0, 0.0, 0.0, 0.0, 0.0, 0.0, 0.0, 0.0, 0.0, 0.0, 0.0, 0.0, 0.0, 0.0, 0.0, 0.0, 0.0, 0.0], [0.0, 0.0, 0.0, 1.5996273355006367, 0.0, 0.0, 0.0, 0.0, 0.0, 0.0, 0.0, 0.0, 0.0, 0.0, 0.0, 0.0, 0.0, 0.0, 0.0, 0.0, 0.0, 0.0, 0.0, 0.0, 0.0, 0.0, 0.0, 0.0, 0.0, 0.0, 0.0, 0.0, 0.0, 0.0, 0.0], [0.0, 0.0, 0.0, 1.1906459638678017, 0.0, 0.0, 0.9232052955091102, 0.0, 0.0, 0.0, 0.0, 0.0, 0.0, 0.0, 0.0, 0.0, 0.0, 0.0, 0.0, 0.0, 0.0, 0.0, 0.0, 0.0, 0.0, 0.0, 0.0, 0.0, 0.0, 0.0, 0.0, 0.0, 0.0, 0.0, 0.0], [0.0, 0.0, 0.0, 0.0, 0.0, 0.9232052955091102, 0.0, 1.0164450280729866, 0.0, 0.0, 0.0, 0.0, 0.0, 0.0, 0.0, 0.0, 0.0, 0.0, 0.0, 0.0, 0.0, 0.0, 0.0, 0.9708622544182431, 0.9691240456502328, 0.0, 0.0, 0.0, 0.0, 0.0, 0.0, 0.0, 0.0, 0.0, 0.0], [0.0, 0.0, 0.0, 0.0, 0.0, 0.0, 1.0164450280729866, 0.0, 0.0, 0.0, 0.0, 0.0, 0.0, 0.0, 0.0, 0.0, 0.0, 0.0, 0.0, 0.0, 0.0, 0.0, 0.0, 0.0, 0.0, 0.9842183362072894, 0.9852166839951332, 0.9817538831121528, 0.0, 0.0, 0.0, 0.0, 0.0, 0.0, 0.0], [0.0, 0.0, 0.0, 1.1960816275852597, 0.0, 0.0, 0.0, 0.0, 0.0, 0.9769664123664722, 0.0, 0.0, 0.0, 0.0, 0.0, 0.0, 0.0, 0.0, 0.0, 0.0, 0.0, 0.0, 0.0, 0.0, 0.0, 0.0, 0.0, 0.0, 0.0, 0.0, 0.0, 0.0, 0.0, 0.0, 0.0], [0.0, 0.0, 0.0, 0.0, 0.0, 0.0, 0.0, 0.0, 0.9769664123664722, 0.0, 1.3732751803079124, 0.0, 0.0, 0.0, 1.3858053010162326, 0.0, 0.0, 0.0, 0.0, 0.0, 0.0, 0.0, 0.0, 0.0, 0.0, 0.0, 0.0, 0.0, 0.0, 0.0, 0.0, 0.0, 0.0, 0.0, 0.0], [0.0, 0.0, 0.0, 0.0, 0.0, 0.0, 0.0, 0.0, 0.0, 1.3732751803079124, 0.0, 1.4455049436533138, 0.0, 0.11071662896326541, 0.0, 0.0, 0.0, 0.0, 0.0, 0.0, 0.0, 0.0, 0.0, 0.0, 0.0, 0.0, 0.0, 0.0, 0.9650402576295085, 0.0, 0.0, 0.0, 0.0, 0.0, 0.0], [0.0, 0.0, 0.0, 0.0, 0.0, 0.0, 0.0, 0.0, 0.0, 0.0, 1.4455049436533138, 0.0, 1.410103000939921, 0.0, 0.10580328201829148, 0.0, 0.0, 0.0, 0.0, 0.0, 0.0, 0.0, 0.0, 0.0, 0.0, 0.0, 0.0, 0.0, 0.0, 0.9615582154354512, 0.0, 0.0, 0.0, 0.0, 0.0], [0.0, 0.0, 0.0, 0.0, 0.0, 0.0, 0.0, 0.0, 0.0, 0.0, 0.0, 1.410103000939921, 0.0, 1.412264443059972, 0.0, 0.930666699818868, 0.0, 0.0, 0.0, 0.0, 0.0, 0.0, 0.0, 0.0, 0.0, 0.0, 0.0, 0.0, 0.0, 0.0, 0.0, 0.0, 0.0, 0.0, 0.0], [0.0, 0.0, 0.0, 0.0, 0.0, 0.0, 0.0, 0.0, 0.0, 0.0, 0.11071662896326541, 0.0, 1.412264443059972, 0.0, 1.4408833900680411, 0.0, 0.0, 0.0, 0.0, 0.0, 0.0, 0.0, 0.0, 0.0, 0.0, 0.0, 0.0, 0.0, 0.0, 0.0, 0.9686055033607609, 0.0, 0.0, 0.0, 0.0], [0.0, 0.0, 0.0, 0.0, 0.0, 0.0, 0.0, 0.0, 0.0, 1.3858053010162326, 0.0, 0.10580328201829148, 0.0, 1.4408833900680411, 0.0, 0.0, 0.0, 0.0, 0.0, 0.0, 0.0, 0.0, 0.0, 0.0, 0.0, 0.0, 0.0, 0.0, 0.0, 0.0, 0.0, 0.9564413536275245, 0.0, 0.0, 0.0], [0.0, 0.0, 0.0, 0.0, 0.0, 0.0, 0.0, 0.0, 0.0, 0.0, 0.0, 0.0, 0.930666699818868, 0.0, 0.0, 0.0, 0.9458525919475413, 1.7900429209630366, 0.0, 0.0, 0.0, 0.0, 0.0, 0.0, 0.0, 0.0, 0.0, 0.0, 0.0, 0.0, 0.0, 0.0, 0.0, 0.0, 0.0], [0.0, 0.0, 0.0, 0.0, 0.0, 0.0, 0.0, 0.0, 0.0, 0.0, 0.0, 0.0, 0.0, 0.0, 0.0, 0.9458525919475413, 0.0, 0.0, 0.0, 0.0, 0.0, 0.0, 0.0, 0.0, 0.0, 0.0, 0.0, 0.0, 0.0, 0.0, 0.0, 0.0, 0.9752724817608435, 0.9814359216957138, 0.9795650210730918], [0.0, 0.0, 0.0, 0.0, 0.0, 0.0, 0.0, 0.0, 0.0, 0.0, 0.0, 0.0, 0.0, 0.0, 0.0, 1.7900429209630366, 0.0, 0.0, 0.0, 0.0, 0.0, 0.0, 0.0, 0.0, 0.0, 0.0, 0.0, 0.0, 0.0, 0.0, 0.0, 0.0, 0.0, 0.0, 0.0], [0.981686171391212, 0.0, 0.0, 0.0, 0.0, 0.0, 0.0, 0.0, 0.0, 0.0, 0.0, 0.0, 0.0, 0.0, 0.0, 0.0, 0.0, 0.0, 0.0, 0.0, 0.0, 0.0, 0.0, 0.0, 0.0, 0.0, 0.0, 0.0, 0.0, 0.0, 0.0, 0.0, 0.0, 0.0, 0.0], [0.9840437978879668, 0.0, 0.0, 0.0, 0.0, 0.0, 0.0, 0.0, 0.0, 0.0, 0.0, 0.0, 0.0, 0.0, 0.0, 0.0, 0.0, 0.0, 0.0, 0.0, 0.0, 0.0, 0.0, 0.0, 0.0, 0.0, 0.0, 0.0, 0.0, 0.0, 0.0, 0.0, 0.0, 0.0, 0.0], [0.9849728288552748, 0.0, 0.0, 0.0, 0.0, 0.0, 0.0, 0.0, 0.0, 0.0, 0.0, 0.0, 0.0, 0.0, 0.0, 0.0, 0.0, 0.0, 0.0, 0.0, 0.0, 0.0, 0.0, 0.0, 0.0, 0.0, 0.0, 0.0, 0.0, 0.0, 0.0, 0.0, 0.0, 0.0, 0.0], [0.0, 0.9705848586722454, 0.0, 0.0, 0.0, 0.0, 0.0, 0.0, 0.0, 0.0, 0.0, 0.0, 0.0, 0.0, 0.0, 0.0, 0.0, 0.0, 0.0, 0.0, 0.0, 0.0, 0.0, 0.0, 0.0, 0.0, 0.0, 0.0, 0.0, 0.0, 0.0, 0.0, 0.0, 0.0, 0.0], [0.0, 0.9710362042928109, 0.0, 0.0, 0.0, 0.0, 0.0, 0.0, 0.0, 0.0, 0.0, 0.0, 0.0, 0.0, 0.0, 0.0, 0.0, 0.0, 0.0, 0.0, 0.0, 0.0, 0.0, 0.0, 0.0, 0.0, 0.0, 0.0, 0.0, 0.0, 0.0, 0.0, 0.0, 0.0, 0.0], [0.0, 0.0, 0.0, 0.0, 0.0, 0.0, 0.9708622544182431, 0.0, 0.0, 0.0, 0.0, 0.0, 0.0, 0.0, 0.0, 0.0, 0.0, 0.0, 0.0, 0.0, 0.0, 0.0, 0.0, 0.0, 0.0, 0.0, 0.0, 0.0, 0.0, 0.0, 0.0, 0.0, 0.0, 0.0, 0.0], [0.0, 0.0, 0.0, 0.0, 0.0, 0.0, 0.9691240456502328, 0.0, 0.0, 0.0, 0.0, 0.0, 0.0, 0.0, 0.0, 0.0, 0.0, 0.0, 0.0, 0.0, 0.0, 0.0, 0.0, 0.0, 0.0, 0.0, 0.0, 0.0, 0.0, 0.0, 0.0, 0.0, 0.0, 0.0, 0.0], [0.0, 0.0, 0.0, 0.0, 0.0, 0.0, 0.0, 0.9842183362072894, 0.0, 0.0, 0.0, 0.0, 0.0, 0.0, 0.0, 0.0, 0.0, 0.0, 0.0, 0.0, 0.0, 0.0, 0.0, 0.0, 0.0, 0.0, 0.0, 0.0, 0.0, 0.0, 0.0, 0.0, 0.0, 0.0, 0.0], [0.0, 0.0, 0.0, 0.0, 0.0, 0.0, 0.0, 0.9852166839951332, 0.0, 0.0, 0.0, 0.0, 0.0, 0.0, 0.0, 0.0, 0.0, 0.0, 0.0, 0.0, 0.0, 0.0, 0.0, 0.0, 0.0, 0.0, 0.0, 0.0, 0.0, 0.0, 0.0, 0.0, 0.0, 0.0, 0.0], [0.0, 0.0, 0.0, 0.0, 0.0, 0.0, 0.0, 0.9817538831121528, 0.0, 0.0, 0.0, 0.0, 0.0, 0.0, 0.0, 0.0, 0.0, 0.0, 0.0, 0.0, 0.0, 0.0, 0.0, 0.0, 0.0, 0.0, 0.0, 0.0, 0.0, 0.0, 0.0, 0.0, 0.0, 0.0, 0.0], [0.0, 0.0, 0.0, 0.0, 0.0, 0.0, 0.0, 0.0, 0.0, 0.0, 0.9650402576295085, 0.0, 0.0, 0.0, 0.0, 0.0, 0.0, 0.0, 0.0, 0.0, 0.0, 0.0, 0.0, 0.0, 0.0, 0.0, 0.0, 0.0, 0.0, 0.0, 0.0, 0.0, 0.0, 0.0, 0.0], [0.0, 0.0, 0.0, 0.0, 0.0, 0.0, 0.0, 0.0, 0.0, 0.0, 0.0, 0.9615582154354512, 0.0, 0.0, 0.0, 0.0, 0.0, 0.0, 0.0, 0.0, 0.0, 0.0, 0.0, 0.0, 0.0, 0.0, 0.0, 0.0, 0.0, 0.0, 0.0, 0.0, 0.0, 0.0, 0.0], [0.0, 0.0, 0.0, 0.0, 0.0, 0.0, 0.0, 0.0, 0.0, 0.0, 0.0, 0.0, 0.0, 0.9686055033607609, 0.0, 0.0, 0.0, 0.0, 0.0, 0.0, 0.0, 0.0, 0.0, 0.0, 0.0, 0.0, 0.0, 0.0, 0.0, 0.0, 0.0, 0.0, 0.0, 0.0, 0.0], [0.0, 0.0, 0.0, 0.0, 0.0, 0.0, 0.0, 0.0, 0.0, 0.0, 0.0, 0.0, 0.0, 0.0, 0.9564413536275245, 0.0, 0.0, 0.0, 0.0, 0.0, 0.0, 0.0, 0.0, 0.0, 0.0, 0.0, 0.0, 0.0, 0.0, 0.0, 0.0, 0.0, 0.0, 0.0, 0.0], [0.0, 0.0, 0.0, 0.0, 0.0, 0.0, 0.0, 0.0, 0.0, 0.0, 0.0, 0.0, 0.0, 0.0, 0.0, 0.0, 0.9752724817608435, 0.0, 0.0, 0.0, 0.0, 0.0, 0.0, 0.0, 0.0, 0.0, 0.0, 0.0, 0.0, 0.0, 0.0, 0.0, 0.0, 0.0, 0.0], [0.0, 0.0, 0.0, 0.0, 0.0, 0.0, 0.0, 0.0, 0.0, 0.0, 0.0, 0.0, 0.0, 0.0, 0.0, 0.0, 0.9814359216957138, 0.0, 0.0, 0.0, 0.0, 0.0, 0.0, 0.0, 0.0, 0.0, 0.0, 0.0, 0.0, 0.0, 0.0, 0.0, 0.0, 0.0, 0.0], [0.0, 0.0, 0.0, 0.0, 0.0, 0.0, 0.0, 0.0, 0.0, 0.0, 0.0, 0.0, 0.0, 0.0, 0.0, 0.0, 0.9795650210730918, 0.0, 0.0, 0.0, 0.0, 0.0, 0.0, 0.0, 0.0, 0.0, 0.0, 0.0, 0.0, 0.0, 0.0, 0.0, 0.0, 0.0, 0.0]], "Born radii": [], "Atomic SASAs": [], "Solvent H bonds": [], "Total SASA": NaN, "Total FOD": 0.0, "FOD": [0.0, 0.0, 0.0, 0.0, 0.0, 0.0, 0.0, 0.0, 0.0, 0.0, 0.0, 0.0, 0.0, 0.0, 0.0, 0.0, 0.0, 0.0, 0.0, 0.0, 0.0, 0.0, 0.0, 0.0, 0.0, 0.0, 0.0, 0.0, 0.0, 0.0, 0.0, 0.0, 0.0, 0.0, 0.0], "FOD s proportion": [0.0, 0.0, 0.0, 0.0, 0.0, 0.0, 0.0, 0.0, 0.0, 0.0, 0.0, 0.0, 0.0, 0.0, 0.0, 0.0, 0.0, 0.0, 0.0, 0.0, 0.0, 0.0, 0.0, 0.0, 0.0, 0.0, 0.0, 0.0, 0.0, 0.0, 0.0, 0.0, 0.0, 0.0, 0.0], "FOD p proportion": [0.0, 0.0, 0.0, 0.0, 0.0, 0.0, 0.0, 0.0, 0.0, 0.0, 0.0, 0.0, 0.0, 0.0, 0.0, 0.0, 0.0, 0.0, 0.0, 0.0, 0.0, 0.0, 0.0, 0.0, 0.0, 0.0, 0.0, 0.0, 0.0, 0.0, 0.0, 0.0, 0.0, 0.0, 0.0], "FOD d proportion": [0.0, 0.0, 0.0, 0.0, 0.0, 0.0, 0.0, 0.0, 0.0, 0.0, 0.0, 0.0, 0.0, 0.0, 0.0, 0.0, 0.0, 0.0, 0.0, 0.0, 0.0, 0.0, 0.0, 0.0, 0.0, 0.0, 0.0, 0.0, 0.0, 0.0, 0.0, 0.0, 0.0, 0.0, 0.0], "coordinates": [["-2.88190", "3.32230", "-0.56420"], ["-3.34310", "1.99640", "0.00530"], ["-2.28570", "1.44450", "0.77120"], ["-2.34810", "-0.12830", "1.15330"], ["-3.88240", "-0.67950", "2.20310"], ["-2.18990", "-0.82910", "-0.30020"], ["-2.07170", "-2.24190", "-0.35570"], ["-1.44940", "-2.62040", "-1.68380"], ["-0.91440", "-0.38380", "1.85040"], ["0.32560", "-0.09850", "1.35560"], ["1.39440", "-0.45690", "2.17900"], ["2.71050", "-0.22050", "1.77500"], ["2.96860", "0.37390", "0.53780"], ["1.89560", "0.74120", "-0.28110"], ["0.57770", "0.50260", "0.12580"], ["4.66250", "0.69680", "-0.00410"], ["4.77170", "-0.64570", "-1.21520"], ["5.54450", "0.32370", "1.15160"], ["-3.67240", "3.78780", "-1.15940"], ["-2.59360", "4.00820", "0.23920"], ["-1.99850", "3.18320", "-1.19630"], ["-4.21340", "2.14940", "0.65030"], ["-3.61790", "1.31710", "-0.80770"], ["-3.06770", "-2.68620", "-0.26860"], ["-1.44780", "-2.60710", "0.46610"], ["-2.05880", "-2.25070", "-2.51510"], ["-0.45870", "-2.16570", "-1.78860"], ["-1.35060", "-3.70570", "-1.77350"], ["1.20700", "-0.91940", "3.14560"], ["3.53030", "-0.50010", "2.43400"], ["2.07130", "1.22330", "-1.23990"], ["-0.22460", "0.80450", "-0.53970"], ["5.79240", "-0.67730", "-1.60410"], ["4.08060", "-0.45680", "-2.04000"], ["4.53790", "-1.60110", "-0.73870"]], "bond_dist": [[0.0, 1.514941087963489, 2.3801009306329846, 3.891193782118798, 4.967227876794057, 4.216951737926342, 5.626741324247988, 6.214599238889021, 4.841128651461351, 5.067105774502838, 6.3320013084332185, 7.02126956041427, 6.64347926993078, 5.437529684516674, 4.516153258028341, 8.007804544317999, 8.645601075691614, 9.107128447540422, 1.0935463136054184, 1.0950010319629844, 1.0951231802861265, 2.150255080217229, 2.1498407592191566, 6.0186354973532, 6.186755632801411, 5.961697192914112, 6.1228422811632175, 7.293837822436142, 6.9623083916184, 8.044641312078495, 5.421859619171268, 3.6607595359433263, 9.608416761360843, 8.0582869581568, 8.906388148402247], [1.514941087963489, 0.0, 1.4174946842933842, 2.611949289323971, 3.504512824915897, 3.0670263676727654, 4.439590730011044, 5.2682065961767295, 3.868892572817188, 4.435231199159746, 5.760864416908283, 6.685249184585419, 6.538625191123895, 5.394583365747534, 4.197455339845798, 8.110405654466366, 8.62092174306205, 9.115994884816468, 2.161961734166449, 2.15958299215381, 2.1587695476821978, 1.0940091818627482, 1.0945010415709981, 4.698681637438314, 4.999671087181636, 5.10291103782929, 5.372235752459121, 6.296676115221427, 6.250342689805096, 7.7054995620011555, 5.609272146187953, 3.382704962008954, 9.65381791313675, 8.081631272212313, 8.695154009561879], [2.3801009306329846, 1.4174946842933842, 0.0, 1.6197512185517875, 3.01847055642423, 2.515220181216746, 3.860731092681799, 4.821808239654497, 2.527413147864828, 3.088893013686295, 4.374969578179945, 5.361142963958339, 5.3673390436975374, 4.368665227503706, 3.0826573487820537, 7.031189701608114, 7.623753390555074, 7.919149502313995, 3.3378448346200877, 2.6363581130036193, 2.6413287905900695, 2.05609535527903, 2.069761534573488, 4.330749418980507, 4.148569027990254, 4.950328710297933, 4.787906544618431, 5.820177844361803, 4.839912381438325, 6.353914462754436, 4.8038423839672335, 2.525112278691781, 8.68330495491204, 7.214399685351512, 7.6234502903868915], [3.891193782118798, 2.611949289323971, 1.6197512185517875, 0.0, 1.9390662624056973, 1.621360579883451, 2.61166286491959, 3.881669809502091, 1.6145353356306575, 2.681507975002126, 3.894399144925954, 5.09749405982979, 5.375717996695883, 4.563170312403429, 3.164505759198425, 7.15324242074879, 7.521239728262888, 7.905532344504069, 4.736896767927289, 4.243404448081753, 4.075398455366051, 2.9866821692305994, 2.7471975174712138, 3.0137146812530213, 2.7252950977829906, 4.2479918561598025, 4.046678481174406, 4.728525695182379, 4.15136537900484, 6.027770258561619, 5.204356363663042, 2.871518255209254, 8.612339752355338, 7.185628770678317, 7.291488177320182], [4.967227876794057, 3.504512824915897, 3.01847055642423, 1.9390662624056973, 0.0, 3.025466459903332, 3.5024542381021915, 4.979414967644291, 3.0034746178384792, 4.331637248200731, 5.28154805052458, 6.62270949234526, 7.128750006137121, 6.447861826218053, 5.060141076096595, 8.932035016724912, 9.304803283251076, 9.538265361164996, 5.59529047860788, 5.24332336786508, 5.479548417524933, 3.243982745021927, 3.6223319077632854, 3.2863173720747056, 3.5581017298554016, 5.296753500022443, 5.46481299039592, 5.601896575268059, 5.181491157958296, 7.418464831755962, 7.135926045721045, 4.806735761408151, 10.396948192618831, 9.025677919137154, 8.966882729800808], [4.216951737926342, 3.0670263676727654, 2.515220181216746, 1.621360579883451, 3.025466459903332, 0.0, 1.4188218105174448, 2.381479561113217, 2.539738707032674, 3.0989014585817345, 4.374033832745238, 5.356376495355793, 5.362795469715398, 4.376930105679093, 3.1007274388439887, 7.026480753549389, 7.023868956636364, 7.953465561627837, 4.924611304458454, 4.883993994672803, 4.115602077460842, 3.7241730290092594, 2.627339850495173, 2.0543494858470406, 2.0734541470695707, 2.635131074538798, 2.6455410713122562, 3.339141347712014, 4.839485648289496, 6.348604467125039, 4.822157949507669, 2.5667904667112977, 8.089518634628392, 6.518027430135593, 6.786129905181598], [5.626741324247988, 4.439590730011044, 3.860731092681799, 2.61166286491959, 3.5024542381021915, 1.4188218105174448, 0.0, 1.5147175149182108, 3.107853939618141, 3.6427679777883193, 4.650244972041795, 5.612074241312208, 5.748510761927823, 4.964264301988765, 3.844924298344507, 7.3558840318482455, 7.079457482745411, 8.176842855894932, 6.290107810681785, 6.300002827777144, 5.4903257289527, 4.988229202833406, 3.9065994726872115, 1.094077191061033, 1.0945215804176727, 2.159456461705121, 2.1588834730017274, 2.1616781652225665, 4.975739304867167, 6.496052442060486, 5.473012852168355, 3.5673782207666176, 8.114834843051336, 6.62376356688552, 6.651625801260922], [6.214599238889021, 5.2682065961767295, 4.821808239654497, 3.881669809502091, 4.979414967644291, 2.381479561113217, 1.5147175149182108, 0.0, 4.216535805611048, 4.329960388964314, 5.262048510798812, 5.91841072079321, 5.781008826320887, 4.945396531118612, 4.139675780782838, 7.154056858873851, 6.543784169729316, 8.10073176817996, 6.803069277906848, 6.996103243949449, 5.849866666856604, 5.98654414917321, 4.579721575598237, 2.1508174190293325, 2.149941734094206, 1.0950370496015192, 1.0950897771415822, 1.093473191258021, 5.768272386078868, 6.800688275461535, 5.231290986936207, 3.813009291884823, 7.4983769537147165, 5.9488606808362885, 6.146539497147968], [4.841128651461351, 3.868892572817188, 2.527413147864828, 1.6145353356306575, 3.0034746178384792, 2.539738707032674, 3.107853939618141, 4.216535805611048, 0.0, 1.365219077657502, 2.3332121656634657, 3.6293597314126913, 4.168299059568543, 3.702028801886879, 2.446694204431768, 5.975674038968323, 6.465154923124426, 6.535003205814057, 5.836754800400647, 4.970446869246265, 4.814679916671512, 4.329058009544339, 4.155414380058865, 3.798408568071634, 2.6728009540555018, 4.883907986438729, 4.077395136603761, 4.935376506407591, 2.542586942466275, 4.484358676555657, 4.587715007495562, 2.7568929866790257, 7.549892631024629, 6.331711155761924, 6.157339798159591], [5.067105774502838, 4.435231199159746, 3.088893013686295, 2.681507975002126, 4.331637248200731, 3.0989014585817345, 3.6427679777883193, 4.329960388964314, 1.365219077657502, 0.0, 1.3959840830038142, 2.4245676666160505, 2.806671979409065, 2.4184257234821165, 1.391863376915996, 4.614107474907796, 5.164905196613003, 5.239922332439671, 6.116580473597972, 5.160723058835845, 4.762687194221346, 5.114002688696986, 4.715398445518682, 4.56603786887494, 3.1983170214974, 5.029875414958108, 3.843752849755041, 5.06090951213317, 2.15750846348282, 3.405044964460822, 3.395768540404366, 2.17032051319615, 6.2434554350936144, 5.0752835635065745, 4.938357068904597], [6.3320013084332185, 5.760864416908283, 4.374969578179945, 3.894399144925954, 5.28154805052458, 4.374033832745238, 4.650244972041795, 5.262048510798812, 2.3332121656634657, 1.3959840830038142, 0.0, 1.39686082699745, 2.4211302567189565, 2.7818585621846412, 2.4089975882096684, 4.096025745768695, 4.7919092614531005, 4.346057653782333, 7.405056035574613, 6.293177738630938, 6.012881880596026, 6.370019169515897, 6.098409971459774, 5.556155204815646, 3.9541734016100003, 6.097284927736279, 4.700619832532727, 5.806202088284561, 1.0878145843846736, 2.1515018126880583, 3.869126886004128, 3.4064087614377696, 5.805413488288323, 5.001562900734129, 4.438891661214543], [7.02126956041427, 6.685249184585419, 5.361142963958339, 5.09749405982979, 6.62270949234526, 5.356376495355793, 5.612074241312208, 5.91841072079321, 3.6293597314126913, 2.4245676666160505, 1.39686082699745, 0.0, 1.39663553227032, 2.4117371560765073, 2.791338404780044, 2.7958791282886315, 3.656588098213962, 2.9523443566088288, 8.088175607638599, 6.9551464499318785, 6.525984859007872, 7.404172290675035, 7.005940308766554, 6.606328230568021, 4.969963547150019, 6.728513397474958, 5.150424898976783, 6.421137321378511, 2.151166618372459, 1.0883607857691309, 3.4033449854518127, 3.8759867259834624, 4.59620394020979, 4.060447844758014, 3.400608005930704], [6.64347926993078, 6.538625191123895, 5.3673390436975374, 5.375717996695883, 7.128750006137121, 5.362795469715398, 5.748510761927823, 5.781008826320887, 4.168299059568543, 2.806671979409065, 2.4211302567189565, 1.39663553227032, 0.0, 1.3988693648800805, 2.429549443826982, 1.8075445305717919, 2.713625392348767, 2.6484960430402764, 7.657550656051843, 6.650967395048633, 5.9641723407359715, 7.399066191081142, 6.788370845792088, 6.815527174034302, 5.328798255704563, 6.440766594901572, 4.858815741515621, 6.37500843058266, 3.402422708894355, 2.1621649636417666, 2.1649122245486074, 3.3974915526017133, 3.6968369574543045, 2.9277396281090295, 2.827150462921986], [5.437529684516674, 5.394583365747534, 4.368665227503706, 4.563170312403429, 6.447861826218053, 4.376930105679093, 4.964264301988765, 4.945396531118612, 3.702028801886879, 2.4184257234821165, 2.7818585621846412, 2.4117371560765073, 1.3988693648800805, 0.0, 1.3997706883629188, 2.7810853942301015, 3.3268582221068574, 3.942259092195743, 6.407480507188453, 5.5764610399428065, 4.686680045618647, 6.338013426934342, 5.56845136640341, 6.0317140101301225, 4.79038039095018, 5.438703978890559, 4.033032649260355, 5.704383560911731, 3.8696298543917607, 3.403650656280694, 1.0874687765632631, 2.13685022638462, 4.3528750832065, 3.050107901370048, 3.5605500052660397], [4.516153258028341, 4.197455339845798, 3.0826573487820537, 3.164505759198425, 5.060141076096595, 3.1007274388439887, 3.844924298344507, 4.139675780782838, 2.446694204431768, 1.391863376915996, 2.4089975882096684, 2.791338404780044, 2.429549443826982, 1.3997706883629188, 0.0, 4.091476346014968, 4.55044062591745, 5.074778132096023, 5.5233710802371405, 4.72855523495285, 3.9459309687322204, 5.093298508825101, 4.374687629991426, 4.859314556601579, 3.726753068020472, 4.6374719352250535, 3.4436720532013503, 5.003545769751687, 3.3966593190957495, 3.879567152402443, 2.1483449304057296, 1.0852276950022977, 5.6194140361785045, 4.22864593102804, 4.566847707117021], [8.007804544317999, 8.110405654466366, 7.031189701608114, 7.15324242074879, 8.932035016724912, 7.026480753549389, 7.3558840318482455, 7.154056858873851, 5.975674038968323, 4.614107474907796, 4.096025745768695, 2.7958791282886315, 1.8075445305717919, 2.7810853942301015, 4.091476346014968, 0.0, 1.811351456785789, 1.5009230826394806, 8.9643492290294, 7.979696238579511, 7.209191827105171, 9.017753984779137, 8.342395891469069, 8.442194104022958, 6.962227326078917, 7.756851870443318, 6.132294508583227, 7.6596445230833, 4.94703878901308, 2.9425801705306176, 2.9186848630847417, 4.917541363323749, 2.3926606152983756, 2.4112837618165144, 2.4156793516524497], [8.645601075691614, 8.62092174306205, 7.623753390555074, 7.521239728262888, 9.304803283251076, 7.023868956636364, 7.079457482745411, 6.543784169729316, 6.465154923124426, 5.164905196613003, 4.7919092614531005, 3.656588098213962, 2.713625392348767, 3.3268582221068574, 4.55044062591745, 1.811351456785789, 0.0, 2.6718342837833338, 9.537392762175624, 8.832989791684353, 7.77794577378886, 9.592950342308667, 8.625776965004368, 8.15572707794958, 6.734689294986072, 7.135929880541148, 5.476885220634079, 6.8671577948959355, 5.6390224702513825, 3.8573221229241414, 3.2841941553446565, 5.246178988559197, 1.0927352195294153, 1.0925188602491038, 1.0929335981659636], [9.107128447540422, 9.115994884816468, 7.919149502313995, 7.905532344504069, 9.538265361164996, 7.953465561627837, 8.176842855894932, 8.10073176817996, 6.535003205814057, 5.239922332439671, 4.346057653782333, 2.9523443566088288, 2.6484960430402764, 3.942259092195743, 5.074778132096023, 1.5009230826394806, 2.6718342837833338, 0.0, 10.1139485573143, 8.979793183587248, 8.401560787139495, 9.9398739725411, 9.422063139779949, 9.232900675843966, 7.612605216350051, 8.82510029064826, 7.133042733644598, 8.504979622550545, 4.933076105230893, 2.5259053505624474, 4.311805961543261, 6.031100989040061, 2.9423354499444825, 3.5970118181624042, 2.879467431661626], [1.0935463136054184, 2.161961734166449, 3.3378448346200877, 4.736896767927289, 5.59529047860788, 4.924611304458454, 6.290107810681785, 6.803069277906848, 5.836754800400647, 6.116580473597972, 7.405056035574613, 8.088175607638599, 7.657550656051843, 6.407480507188453, 5.5233710802371405, 8.9643492290294, 9.537392762175624, 10.1139485573143, 0.0, 1.7800189774269264, 1.780124709114505, 2.5004098963969885, 2.496201440188672, 6.5629157186421345, 6.963177537590148, 6.395710257664898, 6.794698122801336, 7.868952681265786, 8.03114569659896, 9.120169804340268, 6.29072572840368, 4.601242421346652, 10.474603340461156, 8.882628806834157, 9.829865603862547], [1.0950010319629844, 2.15958299215381, 2.6363581130036193, 4.243404448081753, 5.24332336786508, 4.883993994672803, 6.300002827777144, 6.996103243949449, 4.970446869246265, 5.160723058835845, 6.293177738630938, 6.9551464499318785, 6.650967395048633, 5.5764610399428065, 4.72855523495285, 7.979696238579511, 8.832989791684353, 8.979793183587248, 1.7800189774269264, 0.0, 1.759383204421368, 2.4995785024679664, 3.0638553017399506, 6.730350883126377, 6.717628699176519, 6.8590093118467195, 6.840088600303362, 8.068473430581525, 6.868257645138248, 7.9148005116995845, 5.630692393480574, 4.059869443713676, 9.781444736847416, 8.347210508906553, 9.125723376806903], [1.0951231802861265, 2.1587695476821978, 2.6413287905900695, 4.075398455366051, 5.479548417524933, 4.115602077460842, 5.4903257289527, 5.849866666856604, 4.814679916671512, 4.762687194221346, 6.012881880596026, 6.525984859007872, 5.9641723407359715, 4.686680045618647, 3.9459309687322204, 7.209191827105171, 7.77794577378886, 8.401560787139495, 1.780124709114505, 1.759383204421368, 0.0, 3.0634059492662735, 2.501158837419167, 6.037687660851627, 6.049332057343191, 5.591970917306347, 5.597547189617967, 6.943333310449671, 6.77928112855633, 7.570561829877622, 4.5173422507045, 3.0390884258277184, 8.704474935342166, 7.135606946854625, 8.113165178276603], [2.150255080217229, 1.0940091818627482, 2.05609535527903, 2.9866821692305994, 3.243982745021927, 3.7241730290092594, 4.988229202833406, 5.98654414917321, 4.329058009544339, 5.114002688696986, 6.370019169515897, 7.404172290675035, 7.399066191081142, 6.338013426934342, 5.093298508825101, 9.017753984779137, 9.592950342308667, 9.9398739725411, 2.5004098963969885, 2.4995785024679664, 3.0634059492662735, 0.0, 1.7813218518841563, 5.053714778259652, 5.505158058584694, 5.832918508774146, 6.218206599173109, 6.953605272806331, 6.71005154153081, 8.37653422544193, 6.627817992371244, 4.374400696095409, 10.639012449001083, 9.10057297811517, 9.621892897969714], [2.1498407592191566, 1.0945010415709981, 2.069761534573488, 2.7471975174712138, 3.6223319077632854, 2.627339850495173, 3.9065994726872115, 4.579721575598237, 4.155414380058865, 4.715398445518682, 6.098409971459774, 7.005940308766554, 6.788370845792088, 5.56845136640341, 4.374687629991426, 8.342395891469069, 8.625776965004368, 9.422063139779949, 2.496201440188672, 3.0638553017399506, 2.501158837419167, 1.7813218518841563, 0.0, 4.076733955018404, 4.661678462742792, 4.251494373746718, 4.803395183617521, 5.594813559896344, 6.626475167839988, 8.056525179629244, 5.706364159427612, 3.442247470766737, 9.652234477570465, 7.995760548565721, 8.66243186870754], [6.0186354973532, 4.698681637438314, 4.330749418980507, 3.0137146812530213, 3.2863173720747056, 2.0543494858470406, 1.094077191061033, 2.1508174190293325, 3.798408568071634, 4.56603786887494, 5.556155204815646, 6.606328230568021, 6.815527174034302, 6.0317140101301225, 4.859314556601579, 8.442194104022958, 8.15572707794958, 9.232900675843966, 6.5629157186421345, 6.730350883126377, 6.037687660851627, 5.053714778259652, 4.076733955018404, 0.0, 1.7804822127727082, 2.5008601940132515, 3.064017175212959, 2.5005072825328867, 5.749035046857864, 7.457659416331642, 6.529696389572795, 4.510177303610137, 9.182625521603283, 7.694561404654588, 7.696985603468412], [6.186755632801411, 4.999671087181636, 4.148569027990254, 2.7252950977829906, 3.5581017298554016, 2.0734541470695707, 1.0945215804176727, 2.149941734094206, 2.6728009540555018, 3.1983170214974, 3.9541734016100003, 4.969963547150019, 5.328798255704563, 4.79038039095018, 3.726753068020472, 6.962227326078917, 6.734689294986072, 7.612605216350051, 6.963177537590148, 6.717628699176519, 6.049332057343191, 5.505158058584694, 4.661678462742792, 1.7804822127727082, 0.0, 3.063967264838187, 2.5013645995736007, 2.4964330473697873, 4.132313465844526, 5.752700150364174, 5.4741634036627005, 3.761232037511113, 7.77369616849025, 6.439529009174506, 6.188067834954623], [5.961697192914112, 5.10291103782929, 4.950328710297933, 4.2479918561598025, 5.296753500022443, 2.635131074538798, 2.159456461705121, 1.0950370496015192, 4.883907986438729, 5.029875414958108, 6.097284927736279, 6.728513397474958, 6.440766594901572, 5.438703978890559, 4.6374719352250535, 7.756851870443318, 7.135929880541148, 8.82510029064826, 6.395710257664898, 6.8590093118467195, 5.591970917306347, 5.832918508774146, 4.251494373746718, 2.5008601940132515, 3.063967264838187, 0.0, 1.7593599006456866, 1.7800401119075941, 6.669432795972983, 7.667869976727566, 5.5454970065811064, 4.0744007952090335, 8.058960851127148, 6.413737567128859, 6.862508871396815], [6.1228422811632175, 5.372235752459121, 4.787906544618431, 4.046678481174406, 5.46481299039592, 2.6455410713122562, 2.1588834730017274, 1.0950897771415822, 4.077395136603761, 3.843752849755041, 4.700619832532727, 5.150424898976783, 4.858815741515621, 4.033032649260355, 3.4436720532013503, 6.132294508583227, 5.476885220634079, 7.133042733644598, 6.794698122801336, 6.840088600303362, 5.597547189617967, 6.218206599173109, 4.803395183617521, 3.064017175212959, 2.5013645995736007, 1.7593599006456866, 0.0, 1.7796948109156243, 5.354824910302857, 6.04290452679835, 4.264656221783885, 3.230579214320553, 6.428501071011811, 4.856828765768874, 5.136835088846049], [7.293837822436142, 6.296676115221427, 5.820177844361803, 4.728525695182379, 5.601896575268059, 3.339141347712014, 2.1616781652225665, 1.093473191258021, 4.935376506407591, 5.06090951213317, 5.806202088284561, 6.421137321378511, 6.37500843058266, 5.704383560911731, 5.003545769751687, 7.6596445230833, 6.8671577948959355, 8.504979622550545, 7.868952681265786, 8.068473430581525, 6.943333310449671, 6.953605272806331, 5.594813559896344, 2.5005072825328867, 2.4964330473697873, 1.7800401119075941, 1.7796948109156243, 0.0, 6.205024597856161, 7.197368437144233, 6.024049266896811, 4.809578201880078, 7.7603061743722455, 6.3343750204736065, 6.338342405550524], [6.9623083916184, 6.250342689805096, 4.839912381438325, 4.15136537900484, 5.181491157958296, 4.839485648289496, 4.975739304867167, 5.768272386078868, 2.542586942466275, 2.15750846348282, 1.0878145843846736, 2.151166618372459, 3.402422708894355, 3.8696298543917607, 3.3966593190957495, 4.94703878901308, 5.6390224702513825, 4.933076105230893, 8.03114569659896, 6.868257645138248, 6.77928112855633, 6.71005154153081, 6.626475167839988, 5.749035046857864, 4.132313465844526, 6.669432795972983, 5.354824910302857, 6.205024597856161, 0.0, 2.4657473390434794, 4.9568929814955665, 4.313090059342605, 6.606372352509355, 5.946597605353838, 5.162111601854419], [8.044641312078495, 7.7054995620011555, 6.353914462754436, 6.027770258561619, 7.418464831755962, 6.348604467125039, 6.496052442060486, 6.800688275461535, 4.484358676555657, 3.405044964460822, 2.1515018126880583, 1.0883607857691309, 2.1621649636417666, 3.403650656280694, 3.879567152402443, 2.9425801705306176, 3.8573221229241414, 2.5259053505624474, 9.120169804340268, 7.9148005116995845, 7.570561829877622, 8.37653422544193, 8.056525179629244, 7.457659416331642, 5.752700150364174, 7.667869976727566, 6.04290452679835, 7.197368437144233, 2.4657473390434794, 0.0, 4.312346202474936, 4.964287145200204, 4.631927013673683, 4.507924242930442, 3.5062065041865407], [5.421859619171268, 5.609272146187953, 4.8038423839672335, 5.204356363663042, 7.135926045721045, 4.822157949507669, 5.473012852168355, 5.231290986936207, 4.587715007495562, 3.395768540404366, 3.869126886004128, 3.4033449854518127, 2.1649122245486074, 1.08746877