{"total energy": -56.06534861, "HOMO-LUMO gap/eV": 2.55162066, "electronic energy": -56.84084735, "dipole": [0.86343273, -0.43425804, 0.59250648], "partial charges": [-0.10668346, 0.00236548, -0.11172949, 0.13519455, -0.24934959, 0.05257814, -0.04702611, -0.0332171, 0.03843127, -0.09861651, 0.01104958, -0.10530376, 0.2643172, -0.42742258, -0.03387032, -0.00230976, -0.04404795, 0.06068073, -0.24769145, 0.15378689, 0.04704132, 0.04410357, 0.04140587, 0.06181617, 0.05943403, 0.04509001, 0.04106048, 0.04735339, 0.04360595, 0.06876268, 0.05620982, 0.03719374, 0.0453083, 0.05920452, 0.04391402, 0.04736036], "atomic dipole moments": [[0.07691113, -0.03739142, 0.09169919], [0.11337776, 0.14474647, -0.05413154], [-0.04527844, -0.00741982, 0.15274013], [-0.09508497, 0.0332662, -0.02038207], [0.25824598, 0.08044757, -0.05358998], [-0.02046085, 0.04588039, -0.03290647], [0.01349863, 0.01081289, -0.00785256], [-0.0331651, 0.0095585, -0.0233825], [0.00792548, 0.12036434, -0.08673479], [0.0359023, -0.01371442, -0.02095036], [-0.08935591, 0.05504619, 0.14732637], [-0.08452594, -0.07767629, -0.04940904], [0.03346507, -0.04717413, -0.02665633], [-0.05093794, -0.12730067, 0.14187376], [0.04711059, -0.01364269, -0.03883619], [0.00039537, -0.02917087, -0.00541727], [0.01278182, 0.0009173, -0.00830824], [0.03307364, -0.03487049, -0.02357219], [0.2006272, 0.18535754, -0.07605775], [-0.02302729, -0.10890157, -0.02480616], [-0.04856428, 0.11890993, 0.0071417], [-0.1002231, -0.07680622, -0.00322104], [0.05570617, -0.00836769, -0.11432103], [-0.06250256, 0.00039656, 0.11577683], [0.01189842, -0.12382708, -0.02537199], [-0.03975881, -0.11454059, 0.08602011], [0.1116509, -0.07995989, 0.06742652], [0.14773614, 0.03039867, -0.01171469], [0.04414172, -0.11866916, -0.01957933], [-0.01801959, 0.03444015, -0.12099991], [-0.03270486, 0.12735437, -0.00016068], [0.02793845, -0.02482345, 0.12011155], [0.10868299, -0.00907053, -0.06646439], [0.100686, 0.11017775, -0.04126758], [-0.02582855, 0.14652439, 0.03840185], [-0.12660645, 0.02956875, 0.07276259]], "atomic quadrupole moments": [[0.02114172, -0.05008147, -0.09362156, 0.17109774, -0.07799264, 0.07247984], [0.20689716, 0.14434742, -0.06743266, 0.17111373, -0.08152639, -0.1394645], [0.03630167, 0.03260197, 0.01302336, 0.00040248, -0.01190123, -0.04932503], [-0.18726433, -0.14054238, 0.01866655, 0.07884521, 0.30412317, 0.16859779], [-0.15420109, -0.02913326, 0.00849695, -0.01057882, 0.19755105, 0.14570414], [-0.30170684, -0.09348389, 0.04196574, 0.01915981, 0.37643348, 0.2597411], [-0.24943653, 0.01051405, 0.03022038, -0.0483578, 0.35921712, 0.21921615], [-0.27704215, 0.00897176, 0.02920251, -0.05267024, 0.35678695, 0.24783964], [-0.31803337, 0.02533294, 0.11692706, -0.0698349, 0.19518378, 0.20110631], [0.01222085, 0.0235336, -0.02750303, -0.02109297, -0.00459258, 0.01528218], [0.2220031, 0.07258769, -0.13010561, -0.12892817, 0.05771218, -0.09189749], [0.07516069, 0.15467483, -0.02087879, 0.09988806, 0.08253495, -0.0542819], [0.00099872, 0.24355425, -0.05220997, 0.26235082, 0.26236142, 0.05121125], [-0.0163555, 0.09028492, -0.03145901, 0.10152699, 0.07801234, 0.04781451], [0.01099571, -0.07783045, -0.29327961, 0.14390765, -0.12140239, 0.2822839], [-0.08945561, -0.08579015, -0.28412391, 0.34763726, -0.10880631, 0.37357951], [-0.06528607, -0.04891925, -0.26168446, 0.29508419, -0.11168837, 0.32697052], [-0.14686376, -0.12799799, -0.22021353, 0.35728012, -0.08446989, 0.36707729], [-0.05658797, -0.0471814, -0.13751199, 0.16778749, -0.05947449, 0.19409996], [-0.17297125, -0.10544845, -0.08671921, 0.29575221, -0.05276558, 0.25969046], [-0.03934945, -0.03154942, 0.06622148, -0.00042853, 0.02406419, -0.02687203], [0.03128109, 0.06243788, 0.01313644, 0.00270406, -0.01470231, -0.04441753], [0.00074641, -0.01790831, -0.04457656, -0.05382266, 0.00409408, 0.04383015], [0.00094194, -0.00316791, -0.02523426, -0.01476555, 0.02498067, 0.02429233], [0.00331603, -0.03557107, 0.02937959, 0.01421315, 0.01474986, -0.03269562], [0.03735851, -0.00476959, -0.00389752, 0.01239451, -0.04981926, -0.03346099], [0.03644598, 0.00622969, -0.00583374, 0.0009051, -0.04552512, -0.03061225], [0.01491955, 0.0128867, 0.00226807, -0.00928384, -0.06149452, -0.01718763], [-0.00579741, -0.01425962, 0.04588257, 0.00096783, -0.02288796, -0.04008516], [-0.0008089, -0.00027008, -0.02030732, 0.01497557, -0.03053074, 0.02111623], [-0.01817636, -0.04074308, 0.05607138, 0.01589013, -0.0035942, -0.03789502], [-0.04540427, 0.00446652, -0.02240297, 0.01711728, -0.04139221, 0.06780724], [0.04316283, -0.00799874, -0.04200733, -0.05802696, 0.01918915, -0.0011555], [0.01622018, -0.00202109, 0.02433456, -0.03992269, 0.01801376, -0.04055474], [0.01348691, 0.01057748, 0.02707224, -0.03901749, 0.01283471, -0.04055915], [0.00382405, 0.00600194, 0.04330361, -0.0378204, 0.02071, -0.04712766]], "number of molecular orbitals": 96, "number of electrons": 102, "number of unpaired electrons": 0, "orbital energies/eV": [-19.01157839, -18.49113061, -18.33667447, -18.12313203, -18.0093527, -17.69666141, -17.54228895, -17.43916241, -17.24048033, -17.1098273, -16.85781397, -16.70115228, -16.43140781, -16.29118238, -16.16520962, -16.07535154, -15.61140542, -15.43999696, -15.23677455, -15.10456706, -14.91641206, -14.80313741, -14.5356869, -14.30062243, -14.28602078, -14.13834722, -14.10430845, -13.89157119, -13.75660659, -13.66389948, -13.64194364, -13.43419049, -13.39188442, -13.07402365, -12.85020367, -12.82322958, -12.74529772, -12.57403059, -12.50337919, -12.44121197, -12.30163671, -12.21322263, -12.16106177, -11.86357706, -11.725993, -11.64246405, -11.06754203, -10.86709268, -10.42938936, -10.27748617, -9.99876858, -7.44714791, -7.04748454, -6.89630557, -6.38055522, -5.48134054, -3.41497466, -3.1484805, -1.29180626, -0.19295292, 1.45292393, 1.87237579, 2.25367802, 2.42233404, 3.00560788, 3.08891213, 3.34345475, 3.42271728, 3.74832702, 3.91488418, 3.97594788, 4.13528004, 4.53619729, 4.67096742, 4.71300322, 4.89390754, 5.01634242, 5.34703225, 6.21962985, 6.41819893, 6.72361403, 7.0880692, 7.31818066, 7.63777202, 7.87034034, 9.57328703, 10.27837086, 10.64146346, 11.13599343, 11.23355052, 11.38884753, 14.38399156, 15.44462951, 15.90358939, 16.14548881, 16.84090087], "fractional occupation": [2.0, 2.0, 2.0, 2.0, 2.0, 2.0, 2.0, 2.0, 2.0, 2.0, 2.0, 2.0, 2.0, 2.0, 2.0, 2.0, 2.0, 2.0, 2.0, 2.0, 2.0, 2.0, 2.0, 2.0, 2.0, 2.0, 2.0, 2.0, 2.0, 2.0, 2.0, 2.0, 2.0, 2.0, 2.0, 2.0, 2.0, 2.0, 2.0, 2.0, 2.0, 2.0, 2.0, 2.0, 2.0, 2.0, 2.0, 2.0, 2.0, 2.0, 2.0, 0.0, 0.0, 0.0, 0.0, 0.0, 0.0, 0.0, 0.0, 0.0, 0.0, 0.0, 0.0, 0.0, 0.0, 0.0, 0.0, 0.0, 0.0, 0.0, 0.0, 0.0, 0.0, 0.0, 0.0, 0.0, 0.0, 0.0, 0.0, 0.0, 0.0, 0.0, 0.0, 0.0, 0.0, 0.0, 0.0, 0.0, 0.0, 0.0, 0.0, 0.0, 0.0, 0.0, 0.0, 0.0], "program call": "xtb /home/svss/Project-DBcg-Debug/aqme2_20220329/End-to-End-workflows-final/example-3/QDESCP/mol_443_rdkit_conf_1/mol_443_rdkit_conf_1.xyz --pop --wbo --acc 0.2 --gfn 2 --chrg 0 --uhf 0 --etemp 300 --input /home/svss/Project-DBcg-Debug/aqme2_20220329/End-to-End-workflows-final/example-3/QDESCP/mol_443_rdkit_conf_1/mol_443_rdkit_conf_1_xtb.inp", "method": "GFN2-xTB", "xtb version": "6.3.3 (7355c4f)", "Dipole module/D": 2.882, "Total charge": 0, "Transition dipole module/D": NaN, "HOMO": -9.9988, "LUMO": -7.4471, "HOMO occupancy": 2.0, "LUMO occupancy": 0, "mulliken charges": [-0.09317, 0.10307, -0.28656, 0.26263, -0.3523, 0.13531, -0.05814, -0.03602, 0.09233, -0.26091, 0.10183, -0.09328, 0.46374, -0.54931, -0.06839, 0.02064, -0.0615, 0.14838, -0.35418, 0.28727, 0.03698, 0.03044, 0.0326, 0.03491, 0.03126, 0.02945, 0.03965, 0.03981, 0.02642, 0.0561, 0.05243, 0.02765, 0.03479, 0.05464, 0.04117, 0.03025], "cm5 charges": [-0.23668, 0.05848, -0.509, 0.39652, -0.53515, 0.1573, -0.10815, -0.08235, 0.15584, -0.49232, 0.05209, -0.23791, 0.56092, -0.59569, -0.05482, -0.02756, -0.11151, 0.16939, -0.53726, 0.4195, 0.09384, 0.08168, 0.08625, 0.10406, 0.10131, 0.09535, 0.09582, 0.10016, 0.09138, 0.12533, 0.108, 0.08135, 0.08605, 0.11454, 0.0973, 0.09597], "FUKUI+": [0.009, 0.013, -0.022, -0.006, -0.064, -0.03, -0.015, -0.036, -0.024, -0.031, 0.016, 0.012, -0.035, -0.099, -0.029, -0.034, -0.016, -0.038, -0.065, -0.01, -0.003, -0.025, -0.011, -0.015, -0.019, -0.057, -0.052, -0.05, -0.022, -0.023, -0.007, -0.009, -0.029, -0.05, -0.057, -0.064], "FUKUI-": [0.01, 0.014, -0.071, -0.004, -0.064, -0.018, -0.025, -0.015, -0.018, -0.049, 0.013, 0.009, -0.004, -0.075, -0.018, -0.011, -0.025, -0.009, -0.083, 0.0, -0.013, -0.032, -0.022, -0.046, -0.03, -0.055, -0.051, -0.044, -0.025, -0.03, -0.013, -0.013, -0.03, -0.044, -0.051, -0.057], "FUKUIrad": [0.01, 0.013, -0.047, -0.005, -0.064, -0.024, -0.02, -0.026, -0.021, -0.04, 0.015, 0.01, -0.02, -0.087, -0.024, -0.023, -0.021, -0.024, -0.074, -0.005, -0.008, -0.028, -0.017, -0.031, -0.024, -0.056, -0.052, -0.047, -0.024, -0.026, -0.01, -0.011, -0.029, -0.047, -0.054, -0.06], "s proportion": [1.011, 1.006, 1.466, 1.025, 1.551, 1.025, 1.057, 1.063, 1.052, 1.451, 1.005, 1.012, 1.001, 1.734, 1.083, 1.069, 1.059, 1.032, 1.552, 1.023, 0.963, 0.97, 0.967, 0.965, 0.969, 0.971, 0.96, 0.96, 0.974, 0.944, 0.948, 0.972, 0.965, 0.945, 0.959, 0.97], "p proportion": [3.082, 2.891, 3.821, 2.712, 3.801, 2.84, 3.001, 2.973, 2.856, 3.809, 2.893, 3.082, 2.535, 4.815, 2.985, 2.911, 3.003, 2.82, 3.803, 2.69, 0.0, 0.0, 0.0, 0.0, 0.0, 0.0, 0.0, 0.0, 0.0, 0.0, 0.0, 0.0, 0.0, 0.0, 0.0, 0.0], "d proportion": [0.0, 0.0, 0.0, 0.0, 0.0, 0.0, 0.0, 0.0, 0.0, 0.0, 0.0, 0.0, 0.0, 0.0, 0.0, 0.0, 0.0, 0.0, 0.0, 0.0, 0.0, 0.0, 0.0, 0.0, 0.0, 0.0, 0.0, 0.0, 0.0, 0.0, 0.0, 0.0, 0.0, 0.0, 0.0, 0.0], "Fermi-level/eV": -8.723, "Coordination numbers": [3.748, 3.754, 2.736, 2.877, 1.834, 2.876, 2.903, 2.929, 2.891, 2.73, 3.744, 3.748, 2.767, 0.86, 2.968, 2.933, 2.905, 2.876, 1.835, 2.877, 0.924, 0.924, 0.924, 0.923, 0.923, 0.925, 0.925, 0.925, 0.924, 0.924, 0.924, 0.924, 0.924, 0.925, 0.925, 0.925], "Dispersion coefficient C6": [22.606, 20.596, 23.439, 25.045, 27.347, 26.817, 29.167, 28.828, 27.138, 23.171, 20.46, 22.579, 22.543, 22.235, 28.84, 28.084, 29.093, 26.637, 27.307, 24.667, 2.357, 2.395, 2.43, 2.178, 2.206, 2.382, 2.435, 2.353, 2.402, 2.099, 2.244, 2.487, 2.379, 2.208, 2.397, 2.353], "Total dispersion C6": 15554.507299, "Total dispersion C8": 367914.191598, "Polarizability alpha": [6.781, 6.471, 7.19, 8.204, 7.749, 8.489, 8.855, 8.805, 8.541, 7.149, 6.453, 6.777, 7.776, 6.322, 8.809, 8.691, 8.844, 8.461, 7.744, 8.142, 2.401, 2.42, 2.438, 2.308, 2.323, 2.414, 2.44, 2.399, 2.423, 2.266, 2.343, 2.466, 2.412, 2.324, 2.421, 2.399], "Total polarizability alpha": 194.45101, "Wiberg matrix": [[0.0, 1.0162775901438084, 0.0, 0.0, 0.0, 0.0, 0.0, 0.0, 0.0, 0.0, 0.0, 0.0, 0.0, 0.0, 0.0, 0.0, 0.0, 0.0, 0.0, 0.0, 0.9852373579276353, 0.9846973658401644, 0.9871357670198466, 0.0, 0.0, 0.0, 0.0, 0.0, 0.0, 0.0, 0.0, 0.0, 0.0, 0.0, 0.0, 0.0], [1.0162775901438084, 0.0, 0.9719023056854804, 0.0, 0.0, 0.0, 0.0, 0.0, 0.0, 0.0, 0.0, 0.0, 0.0, 0.0, 0.0, 0.0, 0.0, 0.0, 0.0, 0.0, 0.0, 0.0, 0.0, 0.966176518517271, 0.9720641623126366, 0.0, 0.0, 0.0, 0.0, 0.0, 0.0, 0.0, 0.0, 0.0, 0.0, 0.0], [0.0, 0.9719023056854804, 0.0, 1.0627510099249065, 0.0, 0.0, 0.0, 0.0, 0.0, 0.0, 0.0, 0.0, 0.0, 0.0, 0.0, 0.0, 0.0, 0.0, 0.0, 1.0667003661175036, 0.0, 0.0, 0.0, 0.0, 0.0, 0.0, 0.0, 0.0, 0.0, 0.0, 0.0, 0.0, 0.0, 0.0, 0.0, 0.0], [0.0, 0.0, 1.0627510099249065, 0.0, 1.3760126292104635, 0.0, 0.0, 0.0, 1.3027924503729205, 0.0, 0.0, 0.0, 0.0, 0.0, 0.0, 0.0, 0.0, 0.0, 0.0, 0.0, 0.0, 0.0, 0.0, 0.0, 0.0, 0.0, 0.0, 0.0, 0.0, 0.0, 0.0, 0.0, 0.0, 0.0, 0.0, 0.0], [0.0, 0.0, 0.0, 1.3760126292104635, 0.0, 1.4142981638232224, 0.0, 0.0, 0.0, 0.0, 0.0, 0.0, 0.0, 0.0, 0.0, 0.0, 0.0, 0.0, 0.0, 0.0, 0.0, 0.0, 0.0, 0.0, 0.0, 0.0, 0.0, 0.0, 0.0, 0.0, 0.0, 0.0, 0.0, 0.0, 0.0, 0.0], [0.0, 0.0, 0.0, 0.0, 1.4142981638232224, 0.0, 1.4408591501410637, 0.0, 0.0, 0.0, 0.0, 0.0, 0.0, 0.0, 0.0, 0.0, 0.0, 0.0, 0.0, 0.0, 0.0, 0.0, 0.0, 0.0, 0.0, 0.9627209972949783, 0.0, 0.0, 0.0, 0.0, 0.0, 0.0, 0.0, 0.0, 0.0, 0.0], [0.0, 0.0, 0.0, 0.0, 0.0, 1.4408591501410637, 0.0, 1.4229962611621287, 0.0, 0.0, 0.0, 0.0, 0.0, 0.0, 0.0, 0.0, 0.0, 0.0, 0.0, 0.0, 0.0, 0.0, 0.0, 0.0, 0.0, 0.0, 0.9683763160654361, 0.0, 0.0, 0.0, 0.0, 0.0, 0.0, 0.0, 0.0, 0.0], [0.0, 0.0, 0.0, 0.0, 0.0, 0.0, 1.4229962611621287, 0.0, 1.3938468826405483, 0.0, 0.0, 0.0, 0.0, 0.0, 0.0, 0.0, 0.0, 0.0, 0.0, 0.0, 0.0, 0.0, 0.0, 0.0, 0.0, 0.0, 0.0, 0.9638531716088081, 0.0, 0.0, 0.0, 0.0, 0.0, 0.0, 0.0, 0.0], [0.0, 0.0, 0.0, 1.3027924503729205, 0.0, 0.0, 0.0, 1.3938468826405483, 0.0, 1.0501721283153098, 0.0, 0.0, 0.0, 0.0, 0.0, 0.0, 0.0, 0.0, 0.0, 0.0, 0.0, 0.0, 0.0, 0.0, 0.0, 0.0, 0.0, 0.0, 0.0, 0.0, 0.0, 0.0, 0.0, 0.0, 0.0, 0.0], [0.0, 0.0, 0.0, 0.0, 0.0, 0.0, 0.0, 0.0, 1.0501721283153098, 0.0, 0.9728620723325601, 0.0, 1.1683849401284478, 0.16603892998636618, 0.0, 0.0, 0.0, 0.0, 0.0, 0.0, 0.0, 0.0, 0.0, 0.0, 0.0, 0.0, 0.0, 0.0, 0.0, 0.0, 0.0, 0.0, 0.0, 0.0, 0.0, 0.0], [0.0, 0.0, 0.0, 0.0, 0.0, 0.0, 0.0, 0.0, 0.0, 0.9728620723325601, 0.0, 1.0121327885730311, 0.0, 0.0, 0.0, 0.0, 0.0, 0.0, 0.0, 0.0, 0.0, 0.0, 0.0, 0.0, 0.0, 0.0, 0.0, 0.0, 0.9705911251490671, 0.9647894851613614, 0.0, 0.0, 0.0, 0.0, 0.0, 0.0], [0.0, 0.0, 0.0, 0.0, 0.0, 0.0, 0.0, 0.0, 0.0, 0.0, 1.0121327885730311, 0.0, 0.0, 0.0, 0.0, 0.0, 0.0, 0.0, 0.0, 0.0, 0.0, 0.0, 0.0, 0.0, 0.0, 0.0, 0.0, 0.0, 0.0, 0.0, 0.9848087124786215, 0.9845882791527005, 0.9836112275216462, 0.0, 0.0, 0.0], [0.0, 0.0, 0.0, 0.0, 0.0, 0.0, 0.0, 0.0, 0.0, 1.1683849401284478, 0.0, 0.0, 0.0, 1.6742838274123877, 1.0068460825522385, 0.0, 0.0, 0.0, 0.0, 0.0, 0.0, 0.0, 0.0, 0.0, 0.0, 0.0, 0.0, 0.0, 0.0, 0.0, 0.0, 0.0, 0.0, 0.0, 0.0, 0.0], [0.0, 0.0, 0.0, 0.0, 0.0, 0.0, 0.0, 0.0, 0.0, 0.16603892998636618, 0.0, 0.0, 1.6742838274123877, 0.0, 0.0, 0.0, 0.0, 0.0, 0.0, 0.0, 0.0, 0.0, 0.0, 0.0, 0.0, 0.0, 0.0, 0.0, 0.0, 0.0, 0.0, 0.0, 0.0, 0.0, 0.0, 0.0], [0.0, 0.0, 0.0, 0.0, 0.0, 0.0, 0.0, 0.0, 0.0, 0.0, 0.0, 0.0, 1.0068460825522385, 0.0, 0.0, 1.395537172636753, 0.0, 0.10186181993760716, 0.0, 1.3358437599782393, 0.0, 0.0, 0.0, 0.0, 0.0, 0.0, 0.0, 0.0, 0.0, 0.0, 0.0, 0.0, 0.0, 0.0, 0.0, 0.0], [0.0, 0.0, 0.0, 0.0, 0.0, 0.0, 0.0, 0.0, 0.0, 0.0, 0.0, 0.0, 0.0, 0.0, 1.395537172636753, 0.0, 1.4354129502062547, 0.0, 0.10247998203134052, 0.0, 0.0, 0.0, 0.0, 0.0, 0.0, 0.0, 0.0, 0.0, 0.0, 0.0, 0.0, 0.0, 0.0, 0.9663260187371396, 0.0, 0.0], [0.0, 0.0, 0.0, 0.0, 0.0, 0.0, 0.0, 0.0, 0.0, 0.0, 0.0, 0.0, 0.0, 0.0, 0.0, 1.4354129502062547, 0.0, 1.4334814746327562, 0.0, 0.0, 0.0, 0.0, 0.0, 0.0, 0.0, 0.0, 0.0, 0.0, 0.0, 0.0, 0.0, 0.0, 0.0, 0.0, 0.967490138911415, 0.0], [0.0, 0.0, 0.0, 0.0, 0.0, 0.0, 0.0, 0.0, 0.0, 0.0, 0.0, 0.0, 0.0, 0.0, 0.10186181993760716, 0.0, 1.4334814746327562, 0.0, 1.4269081891780884, 0.0, 0.0, 0.0, 0.0, 0.0, 0.0, 0.0, 0.0, 0.0, 0.0, 0.0, 0.0, 0.0, 0.0, 0.0, 0.0, 0.9630778910379426], [0.0, 0.0, 0.0, 0.0, 0.0, 0.0, 0.0, 0.0, 0.0, 0.0, 0.0, 0.0, 0.0, 0.0, 0.0, 0.10247998203134052, 0.0, 1.4269081891780884, 0.0, 1.3591784496153088, 0.0, 0.0, 0.0, 0.0, 0.0, 0.0, 0.0, 0.0, 0.0, 0.0, 0.0, 0.0, 0.0, 0.0, 0.0, 0.0], [0.0, 0.0, 1.0667003661175036, 0.0, 0.0, 0.0, 0.0, 0.0, 0.0, 0.0, 0.0, 0.0, 0.0, 0.0, 1.3358437599782393, 0.0, 0.0, 0.0, 1.3591784496153088, 0.0, 0.0, 0.0, 0.0, 0.0, 0.0, 0.0, 0.0, 0.0, 0.0, 0.0, 0.0, 0.0, 0.0, 0.0, 0.0, 0.0], [0.9852373579276353, 0.0, 0.0, 0.0, 0.0, 0.0, 0.0, 0.0, 0.0, 0.0, 0.0, 0.0, 0.0, 0.0, 0.0, 0.0, 0.0, 0.0, 0.0, 0.0, 0.0, 0.0, 0.0, 0.0, 0.0, 0.0, 0.0, 0.0, 0.0, 0.0, 0.0, 0.0, 0.0, 0.0, 0.0, 0.0], [0.9846973658401644, 0.0, 0.0, 0.0, 0.0, 0.0, 0.0, 0.0, 0.0, 0.0, 0.0, 0.0, 0.0, 0.0, 0.0, 0.0, 0.0, 0.0, 0.0, 0.0, 0.0, 0.0, 0.0, 0.0, 0.0, 0.0, 0.0, 0.0, 0.0, 0.0, 0.0, 0.0, 0.0, 0.0, 0.0, 0.0], [0.9871357670198466, 0.0, 0.0, 0.0, 0.0, 0.0, 0.0, 0.0, 0.0, 0.0, 0.0, 0.0, 0.0, 0.0, 0.0, 0.0, 0.0, 0.0, 0.0, 0.0, 0.0, 0.0, 0.0, 0.0, 0.0, 0.0, 0.0, 0.0, 0.0, 0.0, 0.0, 0.0, 0.0, 0.0, 0.0, 0.0], [0.0, 0.966176518517271, 0.0, 0.0, 0.0, 0.0, 0.0, 0.0, 0.0, 0.0, 0.0, 0.0, 0.0, 0.0, 0.0, 0.0, 0.0, 0.0, 0.0, 0.0, 0.0, 0.0, 0.0, 0.0, 0.0, 0.0, 0.0, 0.0, 0.0, 0.0, 0.0, 0.0, 0.0, 0.0, 0.0, 0.0], [0.0, 0.9720641623126366, 0.0, 0.0, 0.0, 0.0, 0.0, 0.0, 0.0, 0.0, 0.0, 0.0, 0.0, 0.0, 0.0, 0.0, 0.0, 0.0, 0.0, 0.0, 0.0, 0.0, 0.0, 0.0, 0.0, 0.0, 0.0, 0.0, 0.0, 0.0, 0.0, 0.0, 0.0, 0.0, 0.0, 0.0], [0.0, 0.0, 0.0, 0.0, 0.0, 0.9627209972949783, 0.0, 0.0, 0.0, 0.0, 0.0, 0.0, 0.0, 0.0, 0.0, 0.0, 0.0, 0.0, 0.0, 0.0, 0.0, 0.0, 0.0, 0.0, 0.0, 0.0, 0.0, 0.0, 0.0, 0.0, 0.0, 0.0, 0.0, 0.0, 0.0, 0.0], [0.0, 0.0, 0.0, 0.0, 0.0, 0.0, 0.9683763160654361, 0.0, 0.0, 0.0, 0.0, 0.0, 0.0, 0.0, 0.0, 0.0, 0.0, 0.0, 0.0, 0.0, 0.0, 0.0, 0.0, 0.0, 0.0, 0.0, 0.0, 0.0, 0.0, 0.0, 0.0, 0.0, 0.0, 0.0, 0.0, 0.0], [0.0, 0.0, 0.0, 0.0, 0.0, 0.0, 0.0, 0.9638531716088081, 0.0, 0.0, 0.0, 0.0, 0.0, 0.0, 0.0, 0.0, 0.0, 0.0, 0.0, 0.0, 0.0, 0.0, 0.0, 0.0, 0.0, 0.0, 0.0, 0.0, 0.0, 0.0, 0.0, 0.0, 0.0, 0.0, 0.0, 0.0], [0.0, 0.0, 0.0, 0.0, 0.0, 0.0, 0.0, 0.0, 0.0, 0.0, 0.9705911251490671, 0.0, 0.0, 0.0, 0.0, 0.0, 0.0, 0.0, 0.0, 0.0, 0.0, 0.0, 0.0, 0.0, 0.0, 0.0, 0.0, 0.0, 0.0, 0.0, 0.0, 0.0, 0.0, 0.0, 0.0, 0.0], [0.0, 0.0, 0.0, 0.0, 0.0, 0.0, 0.0, 0.0, 0.0, 0.0, 0.9647894851613614, 0.0, 0.0, 0.0, 0.0, 0.0, 0.0, 0.0, 0.0, 0.0, 0.0, 0.0, 0.0, 0.0, 0.0, 0.0, 0.0, 0.0, 0.0, 0.0, 0.0, 0.0, 0.0, 0.0, 0.0, 0.0], [0.0, 0.0, 0.0, 0.0, 0.0, 0.0, 0.0, 0.0, 0.0, 0.0, 0.0, 0.9848087124786215, 0.0, 0.0, 0.0, 0.0, 0.0, 0.0, 0.0, 0.0, 0.0, 0.0, 0.0, 0.0, 0.0, 0.0, 0.0, 0.0, 0.0, 0.0, 0.0, 0.0, 0.0, 0.0, 0.0, 0.0], [0.0, 0.0, 0.0, 0.0, 0.0, 0.0, 0.0, 0.0, 0.0, 0.0, 0.0, 0.9845882791527005, 0.0, 0.0, 0.0, 0.0, 0.0, 0.0, 0.0, 0.0, 0.0, 0.0, 0.0, 0.0, 0.0, 0.0, 0.0, 0.0, 0.0, 0.0, 0.0, 0.0, 0.0, 0.0, 0.0, 0.0], [0.0, 0.0, 0.0, 0.0, 0.0, 0.0, 0.0, 0.0, 0.0, 0.0, 0.0, 0.9836112275216462, 0.0, 0.0, 0.0, 0.0, 0.0, 0.0, 0.0, 0.0, 0.0, 0.0, 0.0, 0.0, 0.0, 0.0, 0.0, 0.0, 0.0, 0.0, 0.0, 0.0, 0.0, 0.0, 0.0, 0.0], [0.0, 0.0, 0.0, 0.0, 0.0, 0.0, 0.0, 0.0, 0.0, 0.0, 0.0, 0.0, 0.0, 0.0, 0.0, 0.9663260187371396, 0.0, 0.0, 0.0, 0.0, 0.0, 0.0, 0.0, 0.0, 0.0, 0.0, 0.0, 0.0, 0.0, 0.0, 0.0, 0.0, 0.0, 0.0, 0.0, 0.0], [0.0, 0.0, 0.0, 0.0, 0.0, 0.0, 0.0, 0.0, 0.0, 0.0, 0.0, 0.0, 0.0, 0.0, 0.0, 0.0, 0.967490138911415, 0.0, 0.0, 0.0, 0.0, 0.0, 0.0, 0.0, 0.0, 0.0, 0.0, 0.0, 0.0, 0.0, 0.0, 0.0, 0.0, 0.0, 0.0, 0.0], [0.0, 0.0, 0.0, 0.0, 0.0, 0.0, 0.0, 0.0, 0.0, 0.0, 0.0, 0.0, 0.0, 0.0, 0.0, 0.0, 0.0, 0.9630778910379426, 0.0, 0.0, 0.0, 0.0, 0.0, 0.0, 0.0, 0.0, 0.0, 0.0, 0.0, 0.0, 0.0, 0.0, 0.0, 0.0, 0.0, 0.0]], "Born radii": [], "Atomic SASAs": [], "Solvent H bonds": [], "Total SASA": NaN, "Total FOD": 0.0, "FOD": [0.0, 0.0, 0.0, 0.0, 0.0, 0.0, 0.0, 0.0, 0.0, 0.0, 0.0, 0.0, 0.0, 0.0, 0.0, 0.0, 0.0, 0.0, 0.0, 0.0, 0.0, 0.0, 0.0, 0.0, 0.0, 0.0, 0.0, 0.0, 0.0, 0.0, 0.0, 0.0, 0.0, 0.0, 0.0, 0.0], "FOD s proportion": [0.0, 0.0, 0.0, 0.0, 0.0, 0.0, 0.0, 0.0, 0.0, 0.0, 0.0, 0.0, 0.0, 0.0, 0.0, 0.0, 0.0, 0.0, 0.0, 0.0, 0.0, 0.0, 0.0, 0.0, 0.0, 0.0, 0.0, 0.0, 0.0, 0.0, 0.0, 0.0, 0.0, 0.0, 0.0, 0.0], "FOD p proportion": [0.0, 0.0, 0.0, 0.0, 0.0, 0.0, 0.0, 0.0, 0.0, 0.0, 0.0, 0.0, 0.0, 0.0, 0.0, 0.0, 0.0, 0.0, 0.0, 0.0, 0.0, 0.0, 0.0, 0.0, 0.0, 0.0, 0.0, 0.0, 0.0, 0.0, 0.0, 0.0, 0.0, 0.0, 0.0, 0.0], "FOD d proportion": [0.0, 0.0, 0.0, 0.0, 0.0, 0.0, 0.0, 0.0, 0.0, 0.0, 0.0, 0.0, 0.0, 0.0, 0.0, 0.0, 0.0, 0.0, 0.0, 0.0, 0.0, 0.0, 0.0, 0.0, 0.0, 0.0, 0.0, 0.0, 0.0, 0.0, 0.0, 0.0, 0.0, 0.0, 0.0, 0.0], "coordinates": [["-3.46600", "-1.09010", "-1.22690"], ["-2.51680", "-1.47100", "-0.09060"], ["-1.27870", "-0.66790", "-0.13260"], ["-0.17020", "-1.33240", "0.45410"], ["-0.41920", "-2.41630", "1.24550"], ["0.61040", "-3.07700", "1.80620"], ["1.92460", "-2.72560", "1.61480"], ["2.19060", "-1.63420", "0.79590"], ["1.15070", "-0.90040", "0.19370"], ["1.47540", "0.17850", "-0.70030"], ["2.73790", "0.11580", "-1.45070"], ["3.81850", "1.01460", "-0.86080"], ["0.67590", "1.30010", "-0.96150"], ["0.98020", "2.13450", "-1.82080"], ["-0.49770", "1.62960", "-0.13710"], ["-0.69510", "2.97740", "0.20610"], ["-1.83730", "3.35660", "0.89550"], ["-2.75370", "2.37280", "1.19850"], ["-2.59390", "1.07310", "0.86530"], ["-1.46500", "0.69170", "0.20220"], ["-3.84700", "-0.06970", "-1.12990"], ["-4.32770", "-1.76540", "-1.23670"], ["-2.96180", "-1.16800", "-2.19620"], ["-3.02280", "-1.40810", "0.88180"], ["-2.28970", "-2.53270", "-0.26020"], ["0.33600", "-3.92140", "2.43140"], ["2.72550", "-3.28330", "2.08650"], ["3.23140", "-1.35900", "0.66050"], ["3.09140", "-0.91810", "-1.53150"], ["2.54510", "0.43270", "-2.48360"], ["3.51450", "2.06610", "-0.87610"], ["4.03920", "0.75280", "0.17800"], ["4.74240", "0.92280", "-1.44020"], ["0.03830", "3.72760", "-0.08140"], ["-2.01220", "4.38990", "1.17190"], ["-3.67280", "2.60410", "1.72940"]], "bond_dist": [[0.0, 1.5288044806318435, 2.4819400919442036, 3.707663405704461, 4.141806180882925, 5.455685491301712, 6.309412611329203, 6.031988744187111, 4.834046890546263, 5.128751064343053, 6.323974735876164, 7.59129314082917, 4.789449739792662, 5.52444176455866, 4.170759765318545, 5.12600546819841, 5.189449521866457, 4.287378320139243, 3.1332560524157613, 3.036632847415045, 1.093520077547733, 1.094830132943006, 1.0953668517898467, 2.178110633094655, 2.0974473390290402, 5.987872959574209, 7.356861970296847, 6.963458388616966, 6.56672368232439, 6.327048122149855, 7.668900790204552, 7.854810720825805, 8.45429440343782, 6.06650822384673, 6.156149436132948, 4.735988763711333], [1.5288044806318435, 0.0, 1.476355384045454, 2.4129731888274266, 2.660579083583121, 3.994554553388901, 4.920207747646434, 4.792925124597712, 3.722494741433492, 4.36236692404479, 5.655057766283206, 6.848900750485439, 4.316340499775244, 5.312460003614145, 3.7003577421649383, 4.8161067616904, 4.97391548179098, 4.061120394669432, 2.7188479232939824, 2.4226610101291515, 2.1939047882713596, 2.1632326227199887, 2.173335077708912, 1.0979773085086961, 1.0988837336133428, 4.528069345758741, 5.958683159054524, 5.798146121822043, 5.816682771133389, 5.913827381653949, 7.035955254974267, 6.928099912674471, 7.761938111064787, 5.7925868668497325, 6.016533571750431, 4.610333611573028], [2.4819400919442036, 1.476355384045454, 0.0, 1.419348227180349, 2.3863785156592408, 3.623728336948011, 4.189112906093604, 3.7191249548784993, 2.462216948199326, 2.9366210276438465, 4.2993777293929405, 5.416874498269275, 2.894919751910232, 3.9756878914220617, 2.426620592511322, 3.707225207618226, 4.191136339944097, 3.632259448332401, 2.399299158087628, 1.4125547387623603, 2.819328895322431, 3.423440383590753, 2.7094963701765686, 2.1491366196684663, 2.125060422670377, 4.445966074994275, 5.272413072777967, 4.631158476018716, 4.595355836058835, 4.621684519739529, 5.567972206288389, 5.513158918442311, 6.36347306586584, 4.588848514605815, 5.274569493333082, 4.461473165894871], [3.707663405704461, 2.4129731888274266, 1.419348227180349, 0.0, 1.3649740546984768, 2.3411834464646293, 2.770634903772058, 2.4044307268041636, 1.4139338633755116, 2.5146485897635875, 3.7659782115673477, 4.811143180159991, 3.1064231553347654, 4.303252930051869, 3.038127332749567, 4.348723956518739, 4.996076197377298, 4.577893691426222, 3.439453064078648, 2.4159762954135124, 4.197895369110574, 4.509002094699003, 3.8528104041076303, 2.8854782168645805, 2.538350809088452, 3.2967976477181615, 3.8543247216600727, 3.4079599586849607, 3.840870527627819, 4.372472228613923, 5.18615930916126, 4.705670899032358, 5.727821426161958, 5.092527123148192, 6.054165353704835, 5.421312488687587], [4.141806180882925, 2.660579083583121, 2.3863785156592408, 1.3649740546984768, 0.0, 1.345728479300338, 2.3927907179692918, 2.761317911795018, 2.4225651817856213, 3.756146141991816, 4.862952319322081, 5.845141212152193, 4.458892460017398, 5.663064249149925, 4.276336261333993, 5.499861167338681, 5.954820066131302, 5.327999442567538, 4.129138468252185, 3.441196961814305, 4.78527633057904, 4.675613318057857, 4.4573945910139035, 2.8155777186929156, 2.4040490219627384, 2.0596144930544646, 3.3686953097601453, 3.845385370804856, 4.720237769434926, 5.550681246477769, 6.329857187172552, 5.573157239841704, 6.708553335854162, 6.302180342548125, 6.9905239002523984, 6.002040347248593], [5.455685491301712, 3.994554553388901, 3.623728336948011, 2.3411834464646293, 1.345728479300338, 0.0, 1.373767651387963, 2.366307243364648, 2.762185348596289, 4.1986959284997045, 5.032655929029919, 5.843456611458666, 5.1791367958377, 6.3601582755462935, 5.211178759167642, 6.396906253807382, 6.94347310357, 6.433256418020347, 5.3269279430080525, 4.5916446781082705, 6.126414225303411, 5.946794647539126, 5.694216328872658, 4.103642870669913, 3.6023397202373904, 1.0859013583194381, 2.143542812728498, 3.3367339555319657, 4.685771174523997, 5.870557232495055, 6.486910490364424, 5.392130628981461, 6.603857736202378, 7.084695711884879, 7.939456080865994, 7.115237008701818], [6.309412611329203, 4.920207747646434, 4.189112906093604, 2.770634903772058, 2.3927907179692918, 1.373767651387963, 0.0, 1.3901464563131467, 2.439221486458333, 3.741024653754637, 4.258203975856488, 4.868731724997794, 4.93992245586912, 6.0262600947851555, 5.282467031605592, 6.432065980693916, 7.187658933199321, 6.932061680337243, 5.950522177926909, 5.016250214054319, 6.920877795482305, 6.938608764010261, 6.389580872013438, 5.172026876380285, 4.616617798778669, 2.149516959691177, 1.0839607880361724, 2.1180203705347123, 3.811519668058923, 5.211214992686447, 5.629631756163098, 4.316850004343445, 5.530266214207052, 6.933903112244935, 8.144009755642488, 7.729794435170964], [6.031988744187111, 4.792925124597712, 3.7191249548784993, 2.4044307268041636, 2.761317911795018, 2.366307243364648, 1.3901464563131467, 0.0, 1.4080125319044572, 2.4568286000451884, 2.899870488487374, 3.522904304689527, 3.740706796850029, 4.745027580531013, 4.330108119897239, 5.4719268169448325, 6.414201681425366, 6.376851750668194, 5.497793184542321, 4.373294165729078, 6.527555411484455, 6.829122278155517, 5.976389429245722, 5.2190075282566895, 4.689961359115872, 3.368335679530768, 2.161318389317039, 1.0850496947144863, 2.5963494776320077, 3.8926682506989985, 4.2708916282200375, 3.08170267384769, 4.248538036783947, 5.843881400233923, 7.354908881148698, 7.294797372100201], [4.834046890546263, 3.722494741433492, 2.462216948199326, 1.4139338633755116, 2.4225651817856213, 2.762185348596289, 2.439221486458333, 1.4080125319044572, 0.0, 1.438294580397215, 2.5011832479848413, 3.4491088834654087, 2.5302415556622257, 3.6466283756368703, 3.0376884632891503, 4.294701880224051, 5.248115494155973, 5.193053113535428, 4.285764572395455, 3.0621464938830085, 5.236314041384454, 5.72775136681054, 4.764020153189952, 4.260204590157614, 3.8349420673590364, 3.846749066419592, 3.4264995680723502, 2.1811759878560917, 2.596718086354389, 3.2999154928573553, 3.94108420742313, 3.3281750224409774, 4.346722482514843, 4.767756051855002, 6.240840146967394, 6.156788691355259], [5.128751064343053, 4.36236692404479, 2.9366210276438465, 2.5146485897635875, 3.756146141991816, 4.1986959284997045, 3.741024653754637, 2.4568286000451884, 1.438294580397215, 0.0, 1.4700128230733225, 2.4929783532955114, 1.401931613881362, 2.3079599844884657, 2.5131671372990696, 3.6560186569545836, 4.860131535257045, 5.128906388305405, 4.450911705482373, 3.118306054575144, 5.345474830171778, 6.143487753711242, 4.872322126050371, 5.025350058453641, 4.6605012026605035, 5.283460727591339, 4.616607357140089, 2.701706662463562, 2.1224704944945643, 2.095002295941463, 2.784217701617458, 2.77025302454487, 3.4314316982857167, 3.878711697200502, 5.779651941077422, 6.187967411840499], [6.323974735876164, 5.655057766283206, 4.2993777293929405, 3.7659782115673477, 4.862952319322081, 5.032655929029919, 4.258203975856488, 2.899870488487374, 2.5011832479848413, 1.4700128230733225, 0.0, 1.5243096174990172, 2.427699967046999, 2.702153398680393, 3.8060797101479626, 4.7664693222552055, 6.0778198492551585, 6.501536756798349, 5.891381037583632, 4.552813155621478, 6.595318862647961, 7.314876130188399, 5.889863562086986, 6.399100870434846, 5.805911148131703, 6.09416178485606, 4.905692449593635, 2.622163749654091, 1.0956459738437412, 1.097487977155103, 2.176451885523776, 2.179865679348157, 2.1608747071498615, 4.712528184531101, 6.907199981179059, 7.576394088878957], [7.59129314082917, 6.848900750485439, 5.416874498269275, 4.811143180159991, 5.845141212152193, 5.843456611458666, 4.868731724997794, 3.522904304689527, 3.4491088834654087, 2.4929783532955114, 1.5243096174990172, 0.0, 3.157148317706978, 3.198706441672946, 4.419451224982576, 5.036213300685347, 6.368487051882887, 7.019917134126299, 6.640912378581726, 5.399037475328357, 7.746483818481776, 8.615699347702426, 7.247034152672389, 7.4638807426164036, 7.089017201982232, 6.879715334953911, 5.3247695443089365, 2.8797598962413513, 2.17113845482042, 2.1432766993554515, 1.094669968529328, 1.0937793058931038, 1.0944052311643984, 4.7178115053486405, 7.037157229307869, 8.08425766412724], [4.789449739792662, 4.316340499775244, 2.894919751910232, 3.1064231553347654, 4.458892460017398, 5.1791367958377, 4.93992245586912, 3.740706796850029, 2.5302415556622257, 1.401931613881362, 2.427699967046999, 3.157148317706978, 0.0, 1.2358067567382856, 1.47157825819764, 2.4609482014053037, 3.740830855572061, 4.192665196506871, 3.7523751518205106, 2.5115336071810788, 4.728777327174542, 5.874439398785215, 4.566055517621309, 4.940899090246632, 4.896627501658667, 6.236294145564335, 5.873561076553133, 4.02893001428419, 3.328656108702129, 2.5618508563146296, 2.941377078852693, 3.5930188463185107, 4.111925489354105, 2.659674043938467, 4.617806969763894, 5.277551562988276], [5.52444176455866, 5.312460003614145, 3.9756878914220617, 4.303252930051869, 5.663064249149925, 6.3601582755462935, 6.0262600947851555, 4.745027580531013, 3.6466283756368703, 2.3079599844884657, 2.702153398680393, 3.198706441672946, 1.2358067567382856, 0.0, 2.296509984737711, 2.7614188581234824, 4.100014676802998, 4.807802885934488, 4.5952033665551735, 3.486144558104268, 5.351420399295872, 6.612427332682001, 5.156238494290194, 5.989830591928289, 5.90850862824114, 7.427659341272997, 6.904029419114609, 4.840381532482744, 3.7227982338558183, 2.405065298489835, 2.705515318751679, 3.906632479514806, 3.970796153166264, 2.539814083747076, 4.7955750656203895, 5.871529034246532], [4.170759765318545, 3.7003577421649383, 2.426620592511322, 3.038127332749567, 4.276336261333993, 5.211178759167642, 5.282467031605592, 4.330108119897239, 3.0376884632891503, 2.5131671372990696, 3.8060797101479626, 4.419451224982576, 1.47157825819764, 2.296509984737711, 0.0, 1.4047483190949188, 2.417295993460461, 2.7250155228915665, 2.3892577194601676, 1.3894064164239346, 3.884724291375129, 5.234887311108044, 4.2589021331793955, 4.079449535170156, 4.533338604163602, 6.172993515305196, 6.282515547931418, 4.845005937044866, 4.617008280261148, 4.024582425544295, 4.102974785445312, 4.631579413116005, 5.445758336540468, 2.1661030654149402, 3.4097576658759783, 3.8098205351433547], [5.12600546819841, 4.8161067616904, 3.707225207618226, 4.348723956518739, 5.499861167338681, 6.396906253807382, 6.432065980693916, 5.4719268169448325, 4.294701880224051, 3.6560186569545836, 4.7664693222552055, 5.036213300685347, 2.4609482014053037, 2.7614188581234824, 1.4047483190949188, 0.0, 1.3869700213054352, 2.363944347906693, 2.768816456538786, 2.4118842654654884, 4.583032622620092, 6.145860919350518, 5.300312758696415, 5.010725299794432, 5.75511831850571, 7.321787264049673, 7.377856938840709, 5.867558825440099, 5.703661653709834, 4.92025204842191, 4.440986004256262, 5.230987598914759, 6.0413650030436, 1.087810576341304, 2.1593235746409105, 3.365485562292609], [5.189449521866457, 4.97391548179098, 4.191136339944097, 4.996076197377298, 5.954820066131302, 6.94347310357, 7.187658933199321, 6.414201681425366, 5.248115494155973, 4.860131535257045, 6.0778198492551585, 6.368487051882887, 3.740830855572061, 4.100014676802998, 2.417295993460461, 1.3869700213054352, 0.0, 1.3782091278176907, 2.405769700116784, 2.778662302259848, 4.458774600717107, 6.0813857795735995, 5.594203634119873, 4.909986153748297, 6.018651239272799, 7.749290657860241, 8.144071269948464, 6.927036021993823, 6.96099653641632, 6.258828786602171, 5.7832274769370775, 6.4674440809333635, 7.3940062902326495, 2.147056117105466, 1.0838338710337485, 2.151907458512099], [4.287378320139243, 4.061120394669432, 3.632259448332401, 4.577893691426222, 5.327999442567538, 6.433256418020347, 6.932061680337243, 6.376851750668194, 5.193053113535428, 5.128906388305405, 6.501536756798349, 7.019917134126299, 4.192665196506871, 4.807802885934488, 2.7250155228915665, 2.363944347906693, 1.3782091278176907, 0.0, 1.3512136655614462, 2.340824339842697, 3.5471901133150445, 5.052956983786819, 4.909639328912054, 3.8036717142781917, 5.138777280637875, 7.119216399295642, 7.924748819363299, 7.073697565630014, 7.2421072085408955, 6.7378876407966315, 6.609717186839388, 7.0575711586919185, 8.078165193903875, 3.3569168964989284, 2.1492375904026995, 1.0863237592909403], [3.1332560524157613, 2.7188479232939824, 2.399299158087628, 3.439453064078648, 4.129138468252185, 5.3269279430080525, 5.950522177926909, 5.497793184542321, 4.285764572395455, 4.450911705482373, 5.891381037583632, 6.640912378581726, 3.7523751518205106, 4.5952033665551735, 2.3892577194601676, 2.768816456538786, 2.405769700116784, 1.3512136655614462, 0.0, 1.3636652008466008, 2.618601628732404, 3.934659920501389, 3.811910527543898, 2.5180510121917705, 3.7896017640380104, 5.998500935233736, 6.983234691745652, 6.315945973486474, 6.48322171223536, 6.1672169063524915, 6.4289247561314635, 6.6763005467099825, 7.691502976011906, 3.8563049646001804, 3.381351902715835, 2.0626815120129427], [3.036632847415045, 2.4226610101291515, 1.4125547387623603, 2.4159762954135124, 3.441196961814305, 4.5916446781082705, 5.016250214054319, 4.373294165729078, 3.0621464938830085, 3.118306054575144, 4.552813155621478, 5.399037475328357, 2.5115336071810788, 3.486144558104268, 1.3894064164239346, 2.4118842654654884, 2.778662302259848, 2.340824339842697, 1.3636652008466008, 0.0, 2.833398025339892, 4.037675681626745, 3.38396467032385, 2.701436106962369, 3.360163568935298, 5.430803370588923, 6.075483663051034, 5.145054162980211, 5.133999677639258, 4.833374044081422, 5.2770376633107325, 5.504592309154239, 6.425161455558919, 3.3995630101529226, 3.8621793290835162, 3.296057408480623], [1.093520077547733, 2.1939047882713596, 2.819328895322431, 4.197895369110574, 4.78527633057904, 6.126414225303411, 6.920877795482305, 6.527555411484455, 5.236314041384454, 5.345474830171778, 6.595318862647961, 7.746483818481776, 4.728777327174542, 5.351420399295872, 3.884724291375129, 4.583032622620092, 4.458774600717107, 3.5471901133150445, 2.618601628732404, 2.833398025339892, 0.0, 1.7657511772613943, 1.7682866340047927, 2.5529506634480814, 3.0410410026831274, 6.7093918934580055, 7.991884018803075, 7.414281705600348, 7.001604079066453, 6.5531558702658685, 7.6692723468396915, 8.036122143173285, 8.652117353573054, 5.533027709129966, 5.343482613427314, 3.918564605821882], [1.094830132943006, 2.1632326227199887, 3.423440383590753, 4.509002094699003, 4.675613318057857, 5.946794647539126, 6.938608764010261, 6.829122278155517, 5.72775136681054, 6.143487753711242, 7.314876130188399, 8.615699347702426, 5.874439398785215, 6.612427332682001, 5.234887311108044, 6.145860919350518, 6.0813857795735995, 5.052956983786819, 3.934659920501389, 4.037675681626745, 1.7657511772613943, 0.0, 1.7729099864347317, 2.5136566094039177, 2.3865761123416953, 6.312954245042491, 7.943255559907412, 7.804134904651508, 7.47314319011753, 7.322689605602576, 8.735589588001488, 8.851424910148648, 9.462269574473135, 7.111239209167415, 7.003614231238041, 5.321576220444466], [1.0953668517898467, 2.173335077708912, 2.7094963701765686, 3.8528104041076303, 4.4573945910139035, 5.694216328872658, 6.389580872013438, 5.976389429245722, 4.764020153189952, 4.872322126050371, 5.889863562086986, 7.247034152672389, 4.566055517621309, 5.156238494290194, 4.2589021331793955, 5.300312758696415, 5.594203634119873, 4.909639328912054, 3.811910527543898, 3.38396467032385, 1.7682866340047927, 1.7729099864347317, 0.0, 3.0879528833840717, 2.4621576919442023, 6.314378683607755, 7.427071742618352, 6.822971649508739, 6.0947113418110295, 5.742019406097476, 7.358296576654138, 7.638082172901782, 8.018583308789651, 6.118813480569578, 6.567807105876359, 5.490409344484252], [2.178110633094655, 1.0979773085086961, 2.1491366196684663, 2.8854782168645805, 2.8155777186929156, 4.103642870669913, 5.172026876380285, 5.2190075282566895, 4.260204590157614, 5.025350058453641, 6.399100870434846, 7.4638807426164036, 4.940899090246632, 5.989830591928289, 4.079449535170156, 5.010725299794432, 4.909986153748297, 3.8036717142781917, 2.5180510121917705, 2.701436106962369, 2.5529506634480814, 2.5136566094039177, 3.0879528833840717, 0.0, 1.7624768849548074, 4.472077200809485, 6.16527615115495, 6.258306651163715, 6.591476202642319, 6.761358754717872, 7.608979520277341, 7.418670180699503, 8.433451834806434, 6.055865086013723, 5.89256093477191, 4.151948289658724], [2.0974473390290402, 1.0988837336133428, 2.125060422670377, 2.538350809088452, 2.4040490219627384, 3.6023397202373904, 4.616617798778669, 4.689961359115872, 3.8349420673590364, 4.6605012026605035, 5.805911148131703, 7.089017201982232, 4.896627501658667, 5.90850862824114, 4.533338604163602, 5.75511831850571, 6.018651239272799, 5.138777280637875, 3.7896017640380104, 3.360163568935298, 3.0410410026831274, 2.3865761123416953, 2.4621576919442023, 1.7624768849548074, 0.0, 4.008428462627218, 5.587721565182002, 5.719073822744378, 5.76015399620531, 6.091994399209507, 7.4308163676678225, 7.14433374780322, 7.923592030133808, 6.68153496810426, 7.074624189312107, 5.679629214130091], [5.987872959574209, 4.528069345758741, 4.445966074994275, 3.2967976477181615, 2.0596144930544646, 1.0859013583194381, 2.149516959691177, 3.368335679530768, 3.846749066419592, 5.283460727591339, 6.09416178485606, 6.879715334953911, 6.236294145564335, 7.427659341272997, 6.172993515305196, 7.321787264049673, 7.749290657860241, 7.119216399295642, 5.998500935233736, 5.430803370588923, 6.7093918934580055, 6.312954245042491, 6.314378683607755, 4.472077200809485, 4.008428462627218, 0.0, 2.4971659676521303, 4.2526840618602275, 5.684770572327436, 6.927880961737146, 7.542716669078855, 6.374923328166387, 7.607359670739908, 8.056673639288116, 8.728006140007006, 7.690606717938449], [7.356861970296847, 5.958683159054524, 5.272413072777967, 3.8543247216600727, 3.3686953097601453, 2.143542812728498, 1.0839607880361724, 2.161318389317039, 3.4264995680723502, 4.616607357140089, 4.905692449593635, 5.3247695443089365, 5.873561076553133, 6.904029419114609, 6.282515547931418, 7.377856938840709, 8.144071269948464, 7.924748819363299, 6.983234691745652, 6.075483663051034, 7.991884018803075, 7.943255559907412, 7.427071742618352, 6.16527615115495, 5.587721565182002, 2.4971659676521303, 0.0, 2.447925917996703, 4.337969323312465, 5.892963106112239, 6.165679209949217, 4.6538460599809275, 5.847800929409277, 7.814957009478682, 9.06423150024314, 8.702140085059536], [6.963458388616966, 5.798146121822043, 4.631158476018716, 3.4079599586849607, 3.845385370804856, 3.3367339555319657, 2.1180203705347123, 1.0850496947144863, 2.1811759878560917, 2.701706662463562, 2.622163749654091, 2.8797598962413513, 4.02893001428419, 4.840381532482744, 4.845005937044866, 5.867558825440099, 6.927036021993823, 7.073697565630014, 6.315945973486474, 5.145054162980211, 7.414281705600348, 7.804134904651508, 6.822971649508739, 6.258306651163715, 5.719073822744378, 4.2526840618602275, 2.447925917996703, 0.0, 2.2402805203813205, 3.6832813346254176, 3.764650738116353, 2.311935624103751, 3.4500250332425124, 6.051429812862412, 7.797866511424775, 8.032227988547136], [6.56672368232439, 5.816682771133389, 4.595355836058835, 3.840870527627819, 4.720237769434926, 4.685771174523997, 3.811519668058923, 2.5963494776320077, 2.596718086354389, 2.1224704944945643, 1.0956459738437412, 2.17113845482042, 3.328656108702129, 3.7227982338558183, 4.617008280261148, 5.703661653709834, 6.96099653641632, 7.2421072085408955, 6.48322171223536, 5.133