{"total energy": -40.29722259, "HOMO-LUMO gap/eV": 3.45490604, "electronic energy": -40.76223273, "dipole": [0.78092109, -0.11947505, -0.17887799], "partial charges": [-0.38069603, 0.2798949, -0.17145998, 0.3387806, -0.41938015, -0.17142968, 0.27968092, -0.37965988, -0.01298352, -0.10518109, -0.05690095, -0.03822457, -0.08878516, 0.23330983, 0.23368875, 0.06873596, 0.05079475, 0.06893057, 0.06785411, 0.06859926, 0.0370745, 0.04888285, 0.04847402], "atomic dipole moments": [[0.0554057, 0.17298079, 0.04866934], [-0.03911507, 0.06508848, -0.03547479], [-0.01929113, 0.0240934, 0.0639035], [0.05586312, -0.06254802, 0.03796397], [0.12446576, -0.15103642, 0.09041829], [-0.0503284, -0.04685058, -0.01116011], [-0.03833688, 0.0581994, -0.04726735], [-0.0381155, -0.04161253, -0.17950532], [0.00234857, 0.017841, -0.01614275], [0.01689036, 0.11499717, -0.1155472], [-0.14152959, 0.05969617, -0.0052956], [-0.07274687, -0.13327205, 0.07097911], [0.04239817, 0.05362683, 0.00725968], [-0.09315305, -0.02624951, -0.09687704], [-0.02682935, 0.12074748, 0.0583747], [0.01690089, -0.1244495, -0.03881923], [-0.12272563, 0.00259654, 0.04865753], [0.07723807, 0.01219324, 0.1057982], [0.08533938, 0.01079485, 0.09708241], [0.03055938, -0.11785765, -0.04118282], [-0.03993029, -0.0268615, -0.14435691], [0.03582284, 0.08326272, -0.12260772], [0.05609973, 0.03620876, 0.13859577]], "atomic quadrupole moments": [[0.08975086, -0.01450207, -0.08663011, -0.16566553, 0.01321726, -0.00312075], [0.21054076, -0.10812203, -0.24814525, -0.38712691, -0.02298203, 0.03760448], [-0.0381723, -0.03027202, 0.10099321, -0.0596103, -0.01447761, -0.06282091], [0.13668371, 0.16636516, -0.16379348, -0.28949167, -0.07682821, 0.02710977], [0.06578831, 0.02951851, -0.05834572, -0.10773403, -0.07158497, -0.00744259], [0.03251674, 0.00713077, -0.09112828, 0.04830459, -0.0594623, 0.05861153], [0.44469457, 0.15749528, -0.19796168, -0.16941879, -0.12539523, -0.24673289], [0.17629708, 0.07510757, -0.10852418, -0.07506802, -0.02642398, -0.06777291], [-0.03610705, -0.00217155, 0.02596655, 0.04321624, 0.0248526, 0.0101405], [-0.1253101, 0.04810555, 0.05311905, -0.05149926, -0.20024774, 0.07219105], [0.1443899, 0.016749, -0.09319771, -0.15055226, -0.11699583, -0.05119219], [0.19642823, -0.44157634, -0.01698252, -0.16445152, -0.06468267, -0.17944571], [0.28352538, -0.48154973, -0.01090739, -0.13088328, 0.08207497, -0.272618], [-0.02537037, -0.00246327, 0.01287047, 0.04138391, 0.0109027, 0.01249991], [-0.03645267, -0.00983129, 0.03393858, 0.02641034, 0.01698483, 0.00251409], [-0.04359209, -0.01832018, 0.04861479, -0.01451893, 0.04469588, -0.0050227], [0.065978, -0.02162064, -0.03375735, -0.02810385, -0.00658248, -0.03222065], [0.01116414, 0.02662643, -0.02878087, 0.0558204, 0.01442741, 0.01761673], [-0.00211679, 0.02749959, -0.03316488, 0.02466222, 0.01480631, 0.03528166], [-0.03565561, 0.00739984, 0.04764119, -0.00897343, 0.02728232, -0.01198558], [-0.02536978, 0.05338908, 0.01752859, 0.01937878, -0.00899385, 0.00784118], [-0.03042762, 0.04609415, 0.00374856, 0.00389865, -0.01930534, 0.02667906], [-0.02928164, 0.03629753, -0.00898296, 0.01853382, 0.00101275, 0.0382646]], "number of molecular orbitals": 62, "number of electrons": 70, "number of unpaired electrons": 0, "orbital energies/eV": [-20.6227161, -20.31505929, -20.23406128, -19.80177621, -19.40958412, -18.82651894, -18.27101259, -18.12707488, -17.70797852, -17.16849701, -17.05868609, -16.98511055, -16.62157322, -16.18846621, -15.73098363, -15.67184182, -15.6087546, -15.48601554, -15.2491042, -14.91617664, -14.68957645, -14.5568703, -14.12153005, -13.8878415, -13.52246473, -13.27481828, -13.0597816, -12.96259919, -12.75134371, -12.72184518, -12.42539455, -12.37874461, -12.13056083, -11.72392435, -11.60681116, -8.15190512, -7.19660432, -6.41046517, -5.76151515, -0.43381988, 0.02361263, 0.75542575, 1.51173709, 2.19705458, 2.65188165, 3.17490957, 3.48017856, 3.77437437, 3.99069605, 4.13024328, 4.32880262, 5.03125865, 5.34879764, 5.79543619, 6.52640876, 7.59365639, 10.43535984, 11.51753109, 14.06042596, 14.09662366, 14.63579627, 16.30642655], "fractional occupation": [2.0, 2.0, 2.0, 2.0, 2.0, 2.0, 2.0, 2.0, 2.0, 2.0, 2.0, 2.0, 2.0, 2.0, 2.0, 2.0, 2.0, 2.0, 2.0, 2.0, 2.0, 2.0, 2.0, 2.0, 2.0, 2.0, 2.0, 2.0, 2.0, 2.0, 2.0, 2.0, 2.0, 2.0, 2.0, 0.0, 0.0, 0.0, 0.0, 0.0, 0.0, 0.0, 0.0, 0.0, 0.0, 0.0, 0.0, 0.0, 0.0, 0.0, 0.0, 0.0, 0.0, 0.0, 0.0, 0.0, 0.0, 0.0, 0.0, 0.0, 0.0, 0.0], "program call": "xtb /home/svss/Project-DBcg-Debug/aqme2_20220329/End-to-End-workflows-final/example-3/QDESCP/mol_232_rdkit_conf_5/mol_232_rdkit_conf_5.xyz --pop --wbo --acc 0.2 --gfn 2 --chrg 0 --uhf 0 --etemp 300 --input /home/svss/Project-DBcg-Debug/aqme2_20220329/End-to-End-workflows-final/example-3/QDESCP/mol_232_rdkit_conf_5/mol_232_rdkit_conf_5_xtb.inp", "method": "GFN2-xTB", "xtb version": "6.3.3 (7355c4f)", "Dipole module/D": 2.059, "Total charge": 0, "Transition dipole module/D": NaN, "HOMO": -11.6068, "LUMO": -8.1519, "HOMO occupancy": 2.0, "LUMO occupancy": 0, "mulliken charges": [-0.51002, 0.47332, -0.32357, 0.57482, -0.5365, -0.32295, 0.47379, -0.50978, -0.04586, -0.07297, -0.03622, -0.04063, -0.069, 0.28068, 0.28062, 0.05334, 0.04906, 0.05345, 0.05407, 0.05764, 0.03423, 0.04267, 0.0398], "cm5 charges": [-0.55381, 0.57258, -0.66655, 0.74279, -0.57327, -0.66562, 0.57327, -0.55366, -0.04937, -0.21404, -0.13336, -0.10223, -0.17034, 0.48335, 0.48348, 0.10826, 0.1036, 0.10841, 0.11198, 0.11486, 0.09176, 0.09494, 0.09297], "FUKUI+": [-0.137, -0.05, -0.031, -0.048, -0.139, -0.03, -0.049, -0.135, -0.005, 0.023, 0.004, -0.003, -0.021, -0.047, -0.046, -0.035, -0.026, -0.035, -0.038, -0.041, -0.027, -0.047, -0.036], "FUKUI-": [-0.12, -0.008, -0.027, -0.003, -0.115, -0.026, -0.01, -0.122, -0.025, 0.022, 0.012, -0.034, -0.044, -0.036, -0.036, -0.04, -0.046, -0.038, -0.052, -0.073, -0.054, -0.068, -0.059], "FUKUIrad": [-0.128, -0.029, -0.029, -0.026, -0.127, -0.028, -0.029, -0.129, -0.015, 0.023, 0.008, -0.019, -0.033, -0.041, -0.041, -0.038, -0.036, -0.036, -0.045, -0.057, -0.041, -0.058, -0.047], "s proportion": [1.73, 1.01, 1.428, 0.937, 1.72, 1.428, 1.01, 1.73, 1.099, 1.014, 1.039, 1.072, 1.054, 0.719, 0.719, 0.947, 0.951, 0.947, 0.946, 0.942, 0.966, 0.957, 0.96], "p proportion": [4.78, 2.516, 3.895, 2.488, 4.816, 3.895, 2.516, 4.78, 2.947, 3.059, 2.997, 2.969, 3.015, 0.0, 0.0, 0.0, 0.0, 0.0, 0.0, 0.0, 0.0, 0.0, 0.0], "d proportion": [0.0, 0.0, 0.0, 0.0, 0.0, 0.0, 0.0, 0.0, 0.0, 0.0, 0.0, 0.0, 0.0, 0.0, 0.0, 0.0, 0.0, 0.0, 0.0, 0.0, 0.0, 0.0, 0.0], "Fermi-level/eV": -9.8794, "Coordination numbers": [0.859, 2.766, 2.696, 2.703, 0.86, 2.696, 2.767, 0.859, 3.904, 3.758, 3.81, 2.882, 2.834, 0.86, 0.86, 0.924, 0.924, 0.924, 0.923, 0.923, 0.925, 0.925, 0.925], "Dispersion coefficient C6": [21.298, 22.263, 24.71, 21.243, 22.07, 24.709, 22.267, 21.278, 20.75, 22.56, 21.589, 28.948, 30.216, 0.951, 0.949, 2.1, 2.31, 2.097, 2.109, 2.101, 2.488, 2.334, 2.339], "Total dispersion C6": 5843.153969, "Total dispersion C8": 133758.001455, "Polarizability alpha": [6.188, 7.727, 7.383, 7.544, 6.299, 7.383, 7.728, 6.185, 6.475, 6.772, 6.614, 8.821, 9.008, 1.528, 1.526, 2.266, 2.377, 2.265, 2.271, 2.267, 2.467, 2.389, 2.392], "Total polarizability alpha": 115.87199, "Wiberg matrix": [[0.0, 1.750120894047738, 0.13640850036930116, 0.0, 0.0, 0.0, 0.0, 0.0, 0.0, 0.0, 0.0, 0.0, 0.0, 0.0, 0.0, 0.0, 0.0, 0.0, 0.0, 0.0, 0.0, 0.0, 0.0], [1.750120894047738, 0.0, 1.144135212541942, 0.0, 0.0, 0.0, 0.0, 0.0, 0.9558770534184462, 0.0, 0.0, 0.0, 0.0, 0.0, 0.0, 0.0, 0.0, 0.0, 0.0, 0.0, 0.0, 0.0, 0.0], [0.13640850036930116, 1.144135212541942, 0.0, 1.123509062447634, 0.11510851249436958, 0.0, 0.0, 0.0, 0.0, 0.0, 0.0, 0.0, 0.0, 0.9091585069780481, 0.0, 0.0, 0.0, 0.0, 0.0, 0.0, 0.0, 0.0, 0.0], [0.0, 0.0, 1.123509062447634, 0.0, 1.6540168395431751, 1.12490913276849, 0.0, 0.0, 0.0, 0.0, 0.0, 0.0, 0.0, 0.0, 0.0, 0.0, 0.0, 0.0, 0.0, 0.0, 0.0, 0.0, 0.0], [0.0, 0.0, 0.11510851249436958, 1.6540168395431751, 0.0, 0.11541115461409619, 0.0, 0.0, 0.0, 0.0, 0.0, 0.0, 0.0, 0.0, 0.0, 0.0, 0.0, 0.0, 0.0, 0.0, 0.0, 0.0, 0.0], [0.0, 0.0, 0.0, 1.12490913276849, 0.11541115461409619, 0.0, 1.1444321867962315, 0.13623589939179376, 0.0, 0.0, 0.0, 0.0, 0.0, 0.0, 0.9090018731525923, 0.0, 0.0, 0.0, 0.0, 0.0, 0.0, 0.0, 0.0], [0.0, 0.0, 0.0, 0.0, 0.0, 1.1444321867962315, 0.0, 1.7510112398420823, 0.9548639760715065, 0.0, 0.0, 0.0, 0.0, 0.0, 0.0, 0.0, 0.0, 0.0, 0.0, 0.0, 0.0, 0.0, 0.0], [0.0, 0.0, 0.0, 0.0, 0.0, 0.13623589939179376, 1.7510112398420823, 0.0, 0.0, 0.0, 0.0, 0.0, 0.0, 0.0, 0.0, 0.0, 0.0, 0.0, 0.0, 0.0, 0.0, 0.0, 0.0], [0.0, 0.9558770534184462, 0.0, 0.0, 0.0, 0.0, 0.9548639760715065, 0.0, 0.0, 0.9803729439315512, 0.9152119970533696, 0.0, 0.0, 0.0, 0.0, 0.0, 0.0, 0.0, 0.0, 0.0, 0.0, 0.0, 0.0], [0.0, 0.0, 0.0, 0.0, 0.0, 0.0, 0.0, 0.0, 0.9803729439315512, 0.0, 0.0, 0.0, 0.0, 0.0, 0.0, 0.9815268500567521, 0.9849656780280516, 0.9814622787643691, 0.0, 0.0, 0.0, 0.0, 0.0], [0.0, 0.0, 0.0, 0.0, 0.0, 0.0, 0.0, 0.0, 0.9152119970533696, 0.0, 0.0, 1.0246562999084579, 0.0, 0.0, 0.0, 0.0, 0.0, 0.0, 0.9668176011104552, 0.9588160822200987, 0.0, 0.0, 0.0], [0.0, 0.0, 0.0, 0.0, 0.0, 0.0, 0.0, 0.0, 0.0, 0.0, 1.0246562999084579, 0.0, 1.9779168388556483, 0.0, 0.0, 0.0, 0.0, 0.0, 0.0, 0.0, 0.9675454972599347, 0.0, 0.0], [0.0, 0.0, 0.0, 0.0, 0.0, 0.0, 0.0, 0.0, 0.0, 0.0, 0.0, 1.9779168388556483, 0.0, 0.0, 0.0, 0.0, 0.0, 0.0, 0.0, 0.0, 0.0, 0.9766379409929806, 0.975243755909915], [0.0, 0.0, 0.9091585069780481, 0.0, 0.0, 0.0, 0.0, 0.0, 0.0, 0.0, 0.0, 0.0, 0.0, 0.0, 0.0, 0.0, 0.0, 0.0, 0.0, 0.0, 0.0, 0.0, 0.0], [0.0, 0.0, 0.0, 0.0, 0.0, 0.9090018731525923, 0.0, 0.0, 0.0, 0.0, 0.0, 0.0, 0.0, 0.0, 0.0, 0.0, 0.0, 0.0, 0.0, 0.0, 0.0, 0.0, 0.0], [0.0, 0.0, 0.0, 0.0, 0.0, 0.0, 0.0, 0.0, 0.0, 0.9815268500567521, 0.0, 0.0, 0.0, 0.0, 0.0, 0.0, 0.0, 0.0, 0.0, 0.0, 0.0, 0.0, 0.0], [0.0, 0.0, 0.0, 0.0, 0.0, 0.0, 0.0, 0.0, 0.0, 0.9849656780280516, 0.0, 0.0, 0.0, 0.0, 0.0, 0.0, 0.0, 0.0, 0.0, 0.0, 0.0, 0.0, 0.0], [0.0, 0.0, 0.0, 0.0, 0.0, 0.0, 0.0, 0.0, 0.0, 0.9814622787643691, 0.0, 0.0, 0.0, 0.0, 0.0, 0.0, 0.0, 0.0, 0.0, 0.0, 0.0, 0.0, 0.0], [0.0, 0.0, 0.0, 0.0, 0.0, 0.0, 0.0, 0.0, 0.0, 0.0, 0.9668176011104552, 0.0, 0.0, 0.0, 0.0, 0.0, 0.0, 0.0, 0.0, 0.0, 0.0, 0.0, 0.0], [0.0, 0.0, 0.0, 0.0, 0.0, 0.0, 0.0, 0.0, 0.0, 0.0, 0.9588160822200987, 0.0, 0.0, 0.0, 0.0, 0.0, 0.0, 0.0, 0.0, 0.0, 0.0, 0.0, 0.0], [0.0, 0.0, 0.0, 0.0, 0.0, 0.0, 0.0, 0.0, 0.0, 0.0, 0.0, 0.9675454972599347, 0.0, 0.0, 0.0, 0.0, 0.0, 0.0, 0.0, 0.0, 0.0, 0.0, 0.0], [0.0, 0.0, 0.0, 0.0, 0.0, 0.0, 0.0, 0.0, 0.0, 0.0, 0.0, 0.0, 0.9766379409929806, 0.0, 0.0, 0.0, 0.0, 0.0, 0.0, 0.0, 0.0, 0.0, 0.0], [0.0, 0.0, 0.0, 0.0, 0.0, 0.0, 0.0, 0.0, 0.0, 0.0, 0.0, 0.0, 0.975243755909915, 0.0, 0.0, 0.0, 0.0, 0.0, 0.0, 0.0, 0.0, 0.0, 0.0]], "Born radii": [], "Atomic SASAs": [], "Solvent H bonds": [], "Total SASA": NaN, "Total FOD": 0.0, "FOD": [0.0, 0.0, 0.0, 0.0, 0.0, 0.0, 0.0, 0.0, 0.0, 0.0, 0.0, 0.0, 0.0, 0.0, 0.0, 0.0, 0.0, 0.0, 0.0, 0.0, 0.0, 0.0, 0.0], "FOD s proportion": [0.0, 0.0, 0.0, 0.0, 0.0, 0.0, 0.0, 0.0, 0.0, 0.0, 0.0, 0.0, 0.0, 0.0, 0.0, 0.0, 0.0, 0.0, 0.0, 0.0, 0.0, 0.0, 0.0], "FOD p proportion": [0.0, 0.0, 0.0, 0.0, 0.0, 0.0, 0.0, 0.0, 0.0, 0.0, 0.0, 0.0, 0.0, 0.0, 0.0, 0.0, 0.0, 0.0, 0.0, 0.0, 0.0, 0.0, 0.0], "FOD d proportion": [0.0, 0.0, 0.0, 0.0, 0.0, 0.0, 0.0, 0.0, 0.0, 0.0, 0.0, 0.0, 0.0, 0.0, 0.0, 0.0, 0.0, 0.0, 0.0, 0.0, 0.0, 0.0, 0.0], "coordinates": [["-1.54020", "-2.05430", "-0.95380"], ["-1.18330", "-0.92640", "-0.61950"], ["-1.60740", "0.16250", "-1.32880"], ["-1.64510", "1.43280", "-0.84540"], ["-2.35700", "2.29040", "-1.35780"], ["-0.92490", "1.68620", "0.27870"], ["-0.45100", "0.72560", "1.12770"], ["-0.19340", "1.00980", "2.29580"], ["-0.23250", "-0.65350", "0.53120"], ["-0.46850", "-1.70890", "1.62780"], ["1.23240", "-0.77270", "0.04220"], ["1.64630", "0.15480", "-1.07200"], ["2.44870", "1.21320", "-0.90300"], ["-2.25110", "-0.02900", "-2.08460"], ["-1.07170", "2.59880", "0.68750"], ["-0.30900", "-2.72600", "1.25170"], ["-1.49640", "-1.65560", "2.00610"], ["0.20380", "-1.56370", "2.48120"], ["1.90780", "-0.62670", "0.89700"], ["1.41720", "-1.79650", "-0.31110"], ["1.29480", "-0.08010", "-2.07580"], ["2.73330", "1.83630", "-1.74630"], ["2.84730", "1.48290", "0.07120"]], "bond_dist": [[0.0, 1.2293463751115874, 2.249298352820275, 3.4903611532332866, 4.439233754827515, 3.9860996713579553, 3.639621257768451, 4.665027246437045, 2.4243648508423807, 2.816469529393137, 3.2127597669293606, 3.8791592259148118, 5.156593846717037, 2.4260930608696776, 4.956278598908661, 2.613668796921293, 2.986952985903863, 3.883484177900046, 4.165597964278358, 3.037390144515518, 3.6322960562156825, 5.833320397509467, 5.728225300212973], [1.2293463751115874, 0.0, 1.3669932369986326, 2.414563043285472, 3.502921754764157, 2.774745494635499, 2.5135781527535603, 3.6369969122890384, 1.5174338667632274, 2.484673535899636, 2.5093977504572686, 3.0627415578203787, 4.2248886861076, 2.022879534228373, 3.7613479764573765, 2.7394068865358427, 2.7429071457123735, 3.4560871212977253, 3.4560803737760497, 2.7594899564955844, 2.996333257499906, 4.923610980774172, 4.746317450402996], [2.249298352820275, 1.3669932369986326, 0.0, 1.3596907516049375, 2.2562578686843398, 2.3176548901853353, 2.7728567976006264, 3.981838576587454, 2.4527140090112423, 3.6797710159736843, 3.2891798491417275, 3.2638273882054487, 4.21155830305126, 1.0110665556727707, 3.2074908994414937, 4.08512607638981, 3.7999166596124185, 4.558103978629711, 4.2348144374931, 3.7445426222704423, 3.0065975121389292, 4.670930226411009, 4.852608396522431], [3.4903611532332866, 2.414563043285472, 1.3596907516049375, 0.0, 1.2267164016185648, 1.3588599670311876, 2.412287350213486, 3.4861869327389776, 2.8710823760386956, 4.167899313803058, 3.7325688553595366, 3.538070875491332, 4.100090286810767, 2.0099034504174575, 2.009508887763376, 4.845473048114085, 4.206112040828204, 4.843935488835498, 4.461008453253592, 4.482358337973438, 3.5278552379597437, 4.488298076108582, 4.585228819808233], [4.439233754827515, 3.502921754764157, 2.2562578686843398, 1.2267164016185648, 0.0, 2.25701136461472, 3.5013062262532824, 4.435075453698618, 4.092477056746929, 5.336163425158565, 4.922029456433596, 4.546303981257743, 4.945902887239093, 2.4329137695364382, 2.4352327896938313, 6.013988959916704, 5.256174613728125, 6.012462428157036, 5.637562814727655, 5.660646441882765, 4.412531868440159, 5.125260300706687, 5.4569987850465935], [3.9860996713579553, 2.774745494635499, 2.3176548901853353, 1.3588599670311876, 2.25701136461472, 0.0, 1.366797194173298, 2.249733677571636, 2.4530328371222425, 3.68172184989578, 3.2796439974485034, 3.283389390553609, 3.6057344397501048, 3.2071645374068356, 1.010696017603711, 4.5599967817971105, 3.8050164585715, 4.084950421975767, 3.708906926575538, 4.238218462986541, 3.6865368613374803, 4.183967285961973, 3.7833688664998024], [3.639621257768451, 2.5135781527535603, 2.7728567976006264, 2.412287350213486, 3.5013062262532824, 1.366797194173298, 0.0, 1.2294653350135578, 1.5183778548174363, 2.485396650436304, 2.5014093427506023, 3.092435936280653, 3.5734795843827065, 3.7588099792354495, 2.021861214327037, 3.456744503141648, 2.7449155105394407, 2.7389085015750343, 2.7287131069425383, 3.452724299737817, 3.73622568643812, 4.430947639049688, 3.545204991252269], [4.665027246437045, 3.6369969122890384, 3.981838576587454, 3.4861869327389776, 4.435075453698618, 2.249733677571636, 1.2294653350135578, 0.0, 2.425264698955559, 2.813047049019977, 3.207635398545165, 3.931615180813097, 4.153839839233092, 4.949862512232031, 2.4254815563100043, 3.880684193541134, 2.980954922503861, 2.6105637801057457, 3.008291064707669, 4.155150979206412, 4.744840124809265, 5.058383887171869, 3.797173324987944], [2.4243648508423807, 1.5174338667632274, 2.4527140090112423, 2.8710823760386956, 4.092477056746929, 2.4530328371222425, 1.5183778548174363, 2.425264698955559, 0.0, 1.5401612642837113, 1.5489550187142298, 2.598747500239298, 3.5679590762787625, 3.3626114628365853, 3.362460649583873, 2.195501935776874, 2.185629801681886, 2.1957508351358994, 2.1714999355284355, 2.1765634334886728, 3.075366945585518, 4.492446986888103, 3.7763703473044066], [2.816469529393137, 2.484673535899636, 3.6797710159736843, 4.167899313803058, 5.336163425158565, 3.68172184989578, 2.485396650436304, 2.813047049019977, 1.5401612642837113, 0.0, 2.50672268310637, 3.903162406305943, 4.842899223605629, 4.447655621785481, 4.450201525773862, 1.096076580353763, 1.096599375341788, 1.0960665536362286, 2.7114621830296657, 2.70608046074022, 4.413487202881639, 5.848462797180128, 4.858510104960162], [3.2127597669293606, 2.5093977504572686, 3.2891798491417275, 3.7325688553595366, 4.922029456433596, 3.2796439974485034, 2.5014093427506023, 3.207635398545165, 1.5489550187142298, 2.50672268310637, 0.0, 1.5076508548069079, 2.5132822245024533, 4.14863112122541, 4.134283632021393, 2.766619796791746, 3.476027194945402, 2.7626834708304893, 1.0991652287076772, 1.098698489122471, 2.229240345947471, 3.5011875213989896, 2.7742520379374334], [3.8791592259148118, 3.0627415578203787, 3.2638273882054487, 3.538070875491332, 4.546303981257743, 3.283389390553609, 3.092435936280653, 3.931615180813097, 2.598747500239298, 3.903162406305943, 1.5076508548069079, 0.0, 1.3388865971395785, 4.030988459422825, 4.05666121952524, 4.1859035368722965, 4.7569749904745136, 4.202294461362745, 2.134498887326953, 2.1068999288053525, 1.0891945188991725, 2.11274507217506, 2.124419179446467], [5.156593846717037, 4.2248886861076, 4.21155830305126, 4.100090286810767, 4.945902887239093, 3.6057344397501048, 3.5734795843827065, 4.153839839233092, 3.5679590762787625, 4.842899223605629, 2.5132822245024533, 1.3388865971395785, 0.0, 5.002735195870354, 4.103997291665774, 5.269244539779872, 5.679497359802186, 4.919711298440184, 2.630172013386197, 3.236144612034512, 2.092742205815136, 1.0864647532248801, 1.086593617687864], [2.4260930608696776, 2.022879534228373, 1.0110665556727707, 2.0099034504174575, 2.4329137695364382, 3.2071645374068356, 3.7588099792354495, 4.949862512232031, 3.3626114628365853, 4.447655621785481, 4.14863112122541, 4.030988459422825, 5.002735195870354, 0.0, 3.9976062349861325, 4.709188794261704, 4.466455657453682, 5.406326640150408, 5.152051344852844, 4.441371791462633, 3.5462791006913146, 5.332732352181196, 5.738205103514512], [4.956278598908661, 3.7613479764573765, 3.2074908994414937, 2.009508887763376, 2.4352327896938313, 1.010696017603711, 2.021861214327037, 2.4254815563100043, 3.362460649583873, 4.450201525773862, 4.134283632021393, 4.05666121952524, 4.103997291665774, 3.9976062349861325, 0.0, 5.408653064303533, 4.474259202370824, 4.7085736895582295, 4.396039211608559, 5.148833582472831, 4.518036559170366, 4.580700130984345, 4.1211187194741195], [2.613668796921293, 2.7394068865358427, 4.08512607638981, 4.845473048114085, 6.013988959916704, 4.5599967817971105, 3.456744503141648, 3.880684193541134, 2.195501935776874, 1.096076580353763, 2.766619796791746, 4.1859035368722965, 5.269244539779872, 4.709188794261704, 5.408653064303533, 0.0, 1.7677087656059187, 1.7679296875158805, 3.0736094124009967, 2.507205721515488, 4.5437008594316595, 6.24965395682033, 5.391720425801027], [2.986952985903863, 2.7429071457123735, 3.7999166596124185, 4.206112040828204, 5.256174613728125, 3.8050164585715, 2.7449155105394407, 2.980954922503861, 2.185629801681886, 1.096599375341788, 3.476027194945402, 4.7569749904745136, 5.679497359802186, 4.466455657453682, 4.474259202370824, 1.7677087656059187, 0.0, 1.7677232984831082, 3.725226927315972, 3.725363554070931, 5.189884902384637, 6.645617613134237, 5.6975213865329195], [3.883484177900046, 3.4560871212977253, 4.558103978629711, 4.843935488835498, 6.012462428157036, 4.084950421975767, 2.7389085015750343, 2.6105637801057457, 2.1957508351358994, 1.0960665536362286, 2.7626834708304893, 4.202294461362745, 4.919711298440184, 5.406326640150408, 4.7085736895582295, 1.7679296875158805, 1.7677232984831082, 0.0, 2.508241344049651, 3.0534365377390764, 4.915038042579122, 5.985827135826761, 4.698719379788497], [4.165597964278358, 3.4560803737760497, 4.2348144374931, 4.461008453253592, 5.637562814727655, 3.708906926575538, 2.7287131069425383, 3.008291064707669, 2.1714999355284355, 2.7114621830296657, 1.0991652287076772, 2.134498887326953, 2.630172013386197, 5.152051344852844, 4.396039211608559, 3.0736094124009967, 3.725226927315972, 2.508241344049651, 0.0, 1.7517494141571732, 3.0841660785372764, 3.706056413493999, 2.452553373527272], [3.037390144515518, 2.7594899564955844, 3.7445426222704423, 4.482358337973438, 5.660646441882765, 4.238218462986541, 3.452724299737817, 4.155150979206412, 2.1765634334886728, 2.70608046074022, 1.098698489122471, 2.1068999288053525, 3.236144612034512, 4.441371791462633, 5.148833582472831, 2.507205721515488, 3.725363554070931, 3.0534365377390764, 1.7517494141571732, 0.0, 2.4647873762253814, 4.121790155988051, 3.5980277458630026], [3.6322960562156825, 2.996333257499906, 3.0065975121389292, 3.5278552379597437, 4.412531868440159, 3.6865368613374803, 3.73622568643812, 4.744840124809265, 3.075366945585518, 4.413487202881639, 2.229240345947471, 1.0891945188991725, 2.092742205815136, 3.5462791006913146, 4.518036559170366, 4.5437008594316595, 5.189884902384637, 4.915038042579122, 3.0841660785372764, 2.4647873762253814, 0.0, 2.418768583391144, 3.076172012420632], [5.833320397509467, 4.923610980774172, 4.670930226411009, 4.488298076108582, 5.125260300706687, 4.183967285961973, 4.430947639049688, 5.058383887171869, 4.492446986888103, 5.848462797180128, 3.5011875213989896, 2.11274507217506, 1.0864647532248801, 5.332732352181196, 4.580700130984345, 6.24965395682033, 6.645617613134237, 5.985827135826761, 3.706056413493999, 4.121790155988051, 2.418768583391144, 0.0, 1.8550455007896707], [5.728225300212973, 4.746317450402996, 4.852608396522431, 4.585228819808233, 5.4569987850465935, 3.7833688664998024, 3.545204991252269, 3.797173324987944, 3.7763703473044066, 4.858510104960162, 2.7742520379374334, 2.124419179446467, 1.086593617687864, 5.738205103514512, 4.1211187194741195, 5.391720425801027, 5.6975213865329195, 4.698719379788497, 2.452553373527272, 3.5980277458630026, 3.076172012420632, 1.8550455007896707, 0.0]]}