{"total energy": -16.89998529, "HOMO-LUMO gap/eV": 4.28165724, "electronic energy": -17.10609869, "dipole": [-0.32076921, -0.25904886, -0.85366714], "partial charges": [-0.09992375, 0.00638328, -0.21808501, 0.00175659, -0.09900508, 0.04676323, 0.04687831, 0.03778957, 0.03625907, 0.03487654, 0.0486417, 0.03650963, 0.03615074, 0.03721048, 0.04779469], "atomic dipole moments": [[-0.11388324, -0.02709043, -0.00999607], [0.02123621, 0.02568573, 0.12754559], [-0.15281566, -0.1313903, -0.38562569], [0.07549968, 0.10397602, -0.02389591], [0.06317798, -0.07076729, 0.05857029], [0.06369509, -0.0816896, 0.07695936], [0.01803821, 0.12060095, 0.04272903], [0.05530985, -0.0065003, -0.11173918], [-0.05321761, 0.08208225, -0.07557245], [-0.00830091, -0.11629108, -0.04429201], [-0.06041475, -0.02247155, 0.10753796], [0.01268618, -0.11279286, -0.05511232], [-0.11500699, -0.04704184, -0.01846252], [0.04729713, 0.01850122, -0.11583738], [-0.01624093, 0.11489986, 0.05777524]], "atomic quadrupole moments": [[0.22853835, 0.08631947, -0.12446212, 0.00732496, 0.00677857, -0.10407623], [0.11275996, 0.06844228, -0.29273088, -0.17954094, 0.04813466, 0.17997091], [0.34981251, 0.31794435, -0.56243365, -0.17022761, 0.12908029, 0.21262114], [0.24088149, 0.10362768, -0.08230318, 0.18382099, -0.05910572, -0.15857831], [0.01979024, -0.10340349, 0.00512359, 0.11701025, -0.12842746, -0.02491383], [-0.01043602, -0.02138279, 0.01072257, 0.02818453, -0.05463927, -0.00028655], [-0.02363093, 0.00159975, 0.05804326, 0.00101782, 0.04251752, -0.03441233], [-0.01691202, 0.00173629, -0.05212397, -0.039533, 0.01189939, 0.06903598], [-0.00849679, -0.0285842, -0.00520737, 0.00398086, -0.03152903, 0.01370417], [-0.02890424, 0.00929421, 0.0366585, -0.01390111, 0.0240761, -0.00775426], [0.01399448, 0.0002287, -0.04839133, -0.03276167, -0.01438643, 0.03439685], [-0.00768185, -0.01176489, 0.01597796, 0.01569105, 0.04504138, -0.00829611], [0.05699208, 0.05052465, -0.01490089, 0.01596211, -0.00536432, -0.04209119], [-0.00523215, -0.00593934, -0.04023712, -0.05042574, -0.01627417, 0.04546927], [-0.0426958, -0.00965843, 0.04393978, 0.00973484, 0.04793473, -0.00124398]], "number of molecular orbitals": 35, "number of electrons": 32, "number of unpaired electrons": 0, "orbital energies/eV": [-19.09579759, -16.95810591, -16.82303207, -15.71952916, -15.61055272, -14.1207757, -14.0236954, -13.93608713, -13.47811585, -13.0376879, -12.90392499, -12.48440518, -12.24559817, -11.96791678, -11.70062885, -9.54493572, -5.26327848, -3.57997934, -0.11735883, 0.06319048, 0.67281405, 2.75729743, 3.19177638, 3.86558711, 4.04457579, 4.35346535, 4.52047448, 5.0626473, 5.18875585, 5.4022856, 6.10221814, 6.554199, 7.21189263, 8.13102398, 11.54324727], "fractional occupation": [2.0, 2.0, 2.0, 2.0, 2.0, 2.0, 2.0, 2.0, 2.0, 2.0, 2.0, 2.0, 2.0, 2.0, 2.0, 2.0, 0.0, 0.0, 0.0, 0.0, 0.0, 0.0, 0.0, 0.0, 0.0, 0.0, 0.0, 0.0, 0.0, 0.0, 0.0, 0.0, 0.0, 0.0, 0.0], "program call": "xtb /home/svss/Project-DBcg-Debug/aqme2_20220329/End-to-End-workflows-final/example-3/QDESCP/mol_437_rdkit_conf_2/mol_437_rdkit_conf_2.xyz --pop --wbo --acc 0.2 --gfn 2 --chrg 0 --uhf 0 --etemp 300 --input /home/svss/Project-DBcg-Debug/aqme2_20220329/End-to-End-workflows-final/example-3/QDESCP/mol_437_rdkit_conf_2/mol_437_rdkit_conf_2_xtb.inp", "method": "GFN2-xTB", "xtb version": "6.3.3 (7355c4f)", "Dipole module/D": 2.41, "Total charge": 0, "Transition dipole module/D": NaN, "HOMO": -9.5449, "LUMO": -5.2633, "HOMO occupancy": 2.0, "LUMO occupancy": 0, "mulliken charges": [-0.08144, 0.01996, -0.14028, 0.01888, -0.08832, 0.03119, 0.03213, 0.02847, 0.01996, 0.02124, 0.03039, 0.02241, 0.02827, 0.02746, 0.02967], "cm5 charges": [-0.22878, -0.07484, -0.18786, -0.07555, -0.23636, 0.08282, 0.08376, 0.07928, 0.0762, 0.07724, 0.08605, 0.07812, 0.07908, 0.07948, 0.08135], "FUKUI+": [0.034, 0.036, -0.516, 0.028, 0.044, -0.034, -0.033, -0.062, -0.087, -0.089, -0.074, -0.092, -0.071, -0.043, -0.041], "FUKUI-": [0.035, 0.074, -0.59, 0.067, 0.024, -0.043, -0.043, -0.06, -0.1, -0.092, -0.063, -0.074, -0.068, -0.034, -0.033], "FUKUIrad": [0.035, 0.055, -0.553, 0.048, 0.034, -0.038, -0.038, -0.061, -0.094, -0.091, -0.068, -0.083, -0.07, -0.039, -0.037], "s proportion": [1.007, 1.033, 1.931, 1.033, 1.011, 0.969, 0.968, 0.972, 0.98, 0.979, 0.97, 0.978, 0.972, 0.973, 0.97], "p proportion": [3.074, 2.948, 4.212, 2.948, 3.078, 0.0, 0.0, 0.0, 0.0, 0.0, 0.0, 0.0, 0.0, 0.0, 0.0], "d proportion": [0.0, 0.0, -0.003, 0.0, 0.0, 0.0, 0.0, 0.0, 0.0, 0.0, 0.0, 0.0, 0.0, 0.0, 0.0], "Fermi-level/eV": -7.4041, "Coordination numbers": [3.791, 3.793, 2.011, 3.792, 3.776, 0.924, 0.924, 0.924, 0.924, 0.924, 0.924, 0.924, 0.924, 0.924, 0.924], "Dispersion coefficient C6": [22.417, 20.479, 150.362, 20.559, 22.416, 2.361, 2.359, 2.479, 2.499, 2.518, 2.337, 2.496, 2.501, 2.486, 2.348], "Total dispersion C6": 2143.215286, "Total dispersion C8": 57179.206023, "Polarizability alpha": [6.743, 6.444, 20.638, 6.457, 6.746, 2.403, 2.402, 2.462, 2.472, 2.482, 2.391, 2.471, 2.473, 2.466, 2.396], "Total polarizability alpha": 71.445721, "Wiberg matrix": [[0.0, 1.0250653753456092, 0.0, 0.0, 0.0, 0.9865417902804697, 0.9864205097990192, 0.9816321645187984, 0.0, 0.0, 0.0, 0.0, 0.0, 0.0, 0.0], [1.0250653753456092, 0.0, 0.9870290822634478, 0.0, 0.0, 0.0, 0.0, 0.0, 0.9758542784255735, 0.976596156227408, 0.0, 0.0, 0.0, 0.0, 0.0], [0.0, 0.9870290822634478, 0.0, 0.9907224697147896, 0.0, 0.0, 0.0, 0.0, 0.0, 0.0, 0.0, 0.0, 0.0, 0.0, 0.0], [0.0, 0.0, 0.9907224697147896, 0.0, 1.0259138575925897, 0.0, 0.0, 0.0, 0.0, 0.0, 0.9728102095666156, 0.974756160058062, 0.0, 0.0, 0.0], [0.0, 0.0, 0.0, 1.0259138575925897, 0.0, 0.0, 0.0, 0.0, 0.0, 0.0, 0.0, 0.0, 0.9804804129265413, 0.9850548329550203, 0.9864403455721957], [0.9865417902804697, 0.0, 0.0, 0.0, 0.0, 0.0, 0.0, 0.0, 0.0, 0.0, 0.0, 0.0, 0.0, 0.0, 0.0], [0.9864205097990192, 0.0, 0.0, 0.0, 0.0, 0.0, 0.0, 0.0, 0.0, 0.0, 0.0, 0.0, 0.0, 0.0, 0.0], [0.9816321645187984, 0.0, 0.0, 0.0, 0.0, 0.0, 0.0, 0.0, 0.0, 0.0, 0.0, 0.0, 0.0, 0.0, 0.0], [0.0, 0.9758542784255735, 0.0, 0.0, 0.0, 0.0, 0.0, 0.0, 0.0, 0.0, 0.0, 0.0, 0.0, 0.0, 0.0], [0.0, 0.976596156227408, 0.0, 0.0, 0.0, 0.0, 0.0, 0.0, 0.0, 0.0, 0.0, 0.0, 0.0, 0.0, 0.0], [0.0, 0.0, 0.0, 0.9728102095666156, 0.0, 0.0, 0.0, 0.0, 0.0, 0.0, 0.0, 0.0, 0.0, 0.0, 0.0], [0.0, 0.0, 0.0, 0.974756160058062, 0.0, 0.0, 0.0, 0.0, 0.0, 0.0, 0.0, 0.0, 0.0, 0.0, 0.0], [0.0, 0.0, 0.0, 0.0, 0.9804804129265413, 0.0, 0.0, 0.0, 0.0, 0.0, 0.0, 0.0, 0.0, 0.0, 0.0], [0.0, 0.0, 0.0, 0.0, 0.9850548329550203, 0.0, 0.0, 0.0, 0.0, 0.0, 0.0, 0.0, 0.0, 0.0, 0.0], [0.0, 0.0, 0.0, 0.0, 0.9864403455721957, 0.0, 0.0, 0.0, 0.0, 0.0, 0.0, 0.0, 0.0, 0.0, 0.0]], "Born radii": [], "Atomic SASAs": [], "Solvent H bonds": [], "Total SASA": NaN, "Total FOD": 0.0, "FOD": [0.0, 0.0, 0.0, 0.0, 0.0, 0.0, 0.0, 0.0, 0.0, 0.0, 0.0, 0.0, 0.0, 0.0, 0.0], "FOD s proportion": [0.0, 0.0, 0.0, 0.0, 0.0, 0.0, 0.0, 0.0, 0.0, 0.0, 0.0, 0.0, 0.0, 0.0, 0.0], "FOD p proportion": [0.0, 0.0, 0.0, 0.0, 0.0, 0.0, 0.0, 0.0, 0.0, 0.0, 0.0, 0.0, 0.0, 0.0, 0.0], "FOD d proportion": [0.0, 0.0, 0.0, 0.0, 0.0, 0.0, 0.0, 0.0, 0.0, 0.0, 0.0, 0.0, 0.0, 0.0, 0.0], "coordinates": [["2.52150", "0.30520", "-0.08110"], ["1.04840", "-0.04720", "-0.19360"], ["0.26210", "0.05140", "1.44490"], ["-1.37640", "-0.63410", "1.04190"], ["-2.20860", "0.31600", "0.19990"], ["3.05140", "-0.38680", "0.58240"], ["2.66400", "1.32500", "0.29240"], ["2.99460", "0.24520", "-1.06690"], ["0.55860", "0.65040", "-0.87860"], ["0.94300", "-1.06260", "-0.58780"], ["-1.89400", "-0.82480", "1.98760"], ["-1.25610", "-1.59790", "0.53710"], ["-3.20750", "-0.10570", "0.04480"], ["-1.76850", "0.47970", "-0.78820"], ["-2.33240", "1.28610", "0.69260"]], "bond_dist": [[0.0, 1.5188369300224434, 2.7382437437160343, 4.163776879228761, 4.738451608911924, 1.095395024637231, 1.095354070609134, 1.0950914345386873, 2.146659195121573, 2.149251958240355, 5.005303181626464, 4.274835974631074, 5.745096223737249, 4.351383763815828, 5.012097535962363], [1.5188369300224434, 0.0, 1.8200746962693592, 2.7839839977988383, 3.3007280242395014, 2.174744389577773, 2.174693587611827, 2.1531012725833403, 1.0935148833006345, 1.0943216894496792, 3.7443307759865445, 2.8721617694691224, 4.262973330904147, 2.9267897737965396, 3.740701534471843], [2.7382437437160343, 1.8200746962693592, 0.0, 1.821263709625819, 2.7792798797530267, 2.952307568665568, 2.9528692521004043, 3.716618615085492, 2.4177190697018545, 2.4158828820950737, 2.3897734076686015, 2.418516605276879, 3.7447409229478077, 3.0485263423496933, 2.9701632328880514], [4.163776879228761, 2.7839839977988383, 1.821263709625819, 0.0, 1.5179627301090104, 4.458442595795083, 4.552433988538439, 4.932123977557742, 3.0137162275171168, 2.866906119844178, 1.0948172176212794, 1.0946257671003365, 2.1508933446361307, 2.1779712716195316, 2.17327276935041], [4.738451608911924, 3.3007280242395014, 2.7792798797530267, 1.5179627301090104, 0.0, 5.320510698231891, 4.976833130616296, 5.355659167646873, 2.988708993863404, 3.528964693787684, 2.1438911096415323, 2.16424889973404, 1.0953027481020943, 1.093996028329171, 1.0950679157020353], [1.095395024637231, 2.174744389577773, 2.952307568665568, 4.458442595795083, 5.320510698231891, 0.0, 1.7788867305143405, 1.7671561136470086, 3.0699115101253325, 2.5042811822956303, 5.159787999520911, 4.474748210793542, 6.288231880266504, 5.085351769543578, 5.638797823117973], [1.095354070609134, 2.174693587611827, 2.9528692521004043, 4.552433988538439, 4.976833130616296, 1.7788867305143405, 0.0, 1.7671901114481146, 2.501806411375589, 3.072006966137935, 5.317020507765603, 4.8959581809897035, 6.048365109680467, 4.639966023582501, 5.012552863561639], [1.0950914345386873, 2.1531012725833403, 3.716618615085492, 4.932123977557742, 5.355659167646873, 1.7671561136470086, 1.7671901114481146, 0.0, 2.4766388372146633, 2.479705670034248, 5.862873033760837, 4.9028852831776515, 6.3107093190860875, 4.777005918983145, 5.7058077482508995], [2.146659195121573, 1.0935148833006345, 2.4177190697018545, 3.0137162275171168, 2.988708993863404, 3.0699115101253325, 2.501806411375589, 2.4766388372146633, 0.0, 1.779521564915694, 4.050501726946923, 3.2174827847247296, 3.9506789264631466, 2.3351027943112053, 3.351218424692727], [2.149251958240355, 1.0943216894496792, 2.4158828820950737, 2.866906119844178, 3.528964693787684, 2.5042811822956303, 3.072006966137935, 2.479705670034248, 1.779521564915694, 0.0, 3.8389846313836684, 2.527446717539264, 4.30609923480637, 3.125872950073307, 4.22895507306474], [5.005303181626464, 3.7443307759865445, 2.3897734076686015, 1.0948172176212794, 2.1438911096415323, 5.159787999520911, 5.317020507765603, 5.862873033760837, 4.050501726946923, 3.8389846313836684, 0.0, 1.7631081277108331, 2.4529286373639168, 3.069614982371568, 2.5149788011035], [4.274835974631074, 2.8721617694691224, 2.418516605276879, 1.0946257671003365, 2.16424889973404, 4.474748210793542, 4.8959581809897035, 4.9028852831776515, 3.2174827847247296, 2.527446717539264, 1.7631081277108331, 0.0, 2.5053906062728024, 2.517021177900576, 3.0822164005792976], [5.745096223737249, 4.262973330904147, 3.7447409229478077, 2.1508933446361307, 1.0953027481020943, 6.288231880266504, 6.048365109680467, 6.3107093190860875, 3.9506789264631466, 4.30609923480637, 2.4529286373639168, 2.5053906062728024, 0.0, 1.7627544241895978, 1.7670744438195014], [4.351383763815828, 2.9267897737965396, 3.0485263423496933, 2.1779712716195316, 1.093996028329171, 5.085351769543578, 4.639966023582501, 4.777005918983145, 2.3351027943112053, 3.125872950073307, 3.069614982371568, 2.517021177900576, 1.7627544241895978, 0.0, 1.7779293602390394], [5.012097535962363, 3.740701534471843, 2.9701632328880514, 2.17327276935041, 1.0950679157020353, 5.638797823117973, 5.012552863561639, 5.7058077482508995, 3.351218424692727, 4.22895507306474, 2.5149788011035, 3.0822164005792976, 1.7670744438195014, 1.7779293602390394, 0.0]]}