{"total energy": -37.09189328, "HOMO-LUMO gap/eV": 4.39202552, "electronic energy": -37.75655519, "dipole": [-1.88e-06, -3.41e-05, -2.491e-05], "partial charges": [-0.05433979, -0.05435191, 0.01236253, -0.03754796, -0.03101406, -0.03312113, -0.03099831, -0.03755936, 0.01236021, -0.03754966, -0.03099933, -0.03312125, -0.0310154, -0.03755947, 0.03566297, 0.03569127, 0.03569343, 0.03568553, 0.02860766, 0.02812035, 0.0274118, 0.02810999, 0.02861008, 0.02860706, 0.02811077, 0.02741129, 0.02812425, 0.02860842], "atomic dipole moments": [[-0.00860751, 0.01976162, -0.10911157], [0.00861114, -0.01979224, 0.10907689], [-0.08864203, 0.00509477, -0.02044802], [-0.00430941, -0.00374914, -0.00206018], [0.00258755, 0.00157868, -9.958e-05], [0.00026191, 0.00010807, -0.00081941], [0.00255282, -0.0014885, -0.00065206], [-0.00420243, 0.00435231, -0.00062077], [0.08864264, -0.00506119, 0.02049751], [0.00417371, -0.00435248, 0.00060107], [-0.0025255, 0.001495, 0.0006612], [-0.00026229, -0.00012765, 0.00081471], [-0.0026181, -0.00157021, 7.912e-05], [0.00433835, 0.003746, 0.00205415], [0.02775458, 0.08032093, 0.09382192], [0.02479901, -0.10877567, 0.0597527], [-0.02776889, -0.08029242, -0.09380182], [-0.02479628, 0.10876611, -0.05975342], [-0.06633535, 0.13557965, 0.0098425], [0.07568587, 0.12420943, 0.03929786], [0.14695512, -0.00804227, 0.03199231], [0.07168416, -0.13233969, -0.00688771], [-0.07045921, -0.12845299, -0.03768412], [0.07046325, 0.12843805, 0.0376828], [-0.07168463, 0.13233963, 0.0068897], [-0.14695486, 0.00804256, -0.03199293], [-0.07568518, -0.12420911, -0.03927213], [0.06633085, -0.13559279, -0.00984544]], "atomic quadrupole moments": [[0.15239376, 0.00994482, -0.16364974, -0.08303945, -0.03119891, 0.01125598], [0.15237811, 0.00990943, -0.16362991, -0.08306636, -0.03118644, 0.01125179], [-0.04769888, 0.01386644, -0.34899178, -0.10550294, -0.13703847, 0.39669066], [-0.20727661, 0.01909688, -0.24462799, -0.1557102, -0.13069963, 0.45190461], [-0.22879366, 0.02710006, -0.23889578, -0.16644639, -0.13046328, 0.46768943], [-0.22395115, 0.02880921, -0.23733087, -0.16316454, -0.12729146, 0.46128202], [-0.2287023, 0.03163447, -0.24011866, -0.1656059, -0.12740872, 0.46882096], [-0.20679347, 0.03449241, -0.24750782, -0.15282089, -0.12437029, 0.45430129], [-0.04770935, 0.01392079, -0.34898416, -0.10550096, -0.13702684, 0.39669351], [-0.20679109, 0.03450446, -0.24750189, -0.15283349, -0.12432745, 0.45429298], [-0.22867186, 0.03162066, -0.24013904, -0.16560107, -0.12741777, 0.4688109], [-0.22395399, 0.02878866, -0.23732604, -0.16316798, -0.12729628, 0.46128003], [-0.22883677, 0.02707678, -0.23888166, -0.16643418, -0.13042204, 0.46771844], [-0.20727267, 0.01911871, -0.24462729, -0.15572838, -0.1307324, 0.45189996], [-0.01713455, 0.01461344, 0.02734014, 0.00751876, 0.04557, -0.01020559], [-0.01806746, -0.01430437, 0.05351909, 0.00118487, -0.02219787, -0.03545163], [-0.01717465, 0.01461015, 0.02736953, 0.00751374, 0.045611, -0.01019488], [-0.01807371, -0.01430847, 0.05353636, 0.00118898, -0.02220057, -0.03546265], [0.0351042, -0.00386148, 0.02463321, 0.02290726, 0.01542541, -0.0597374], [0.03205102, -0.00919223, 0.02989405, 0.02137913, 0.01548177, -0.06194507], [0.02473206, -0.00344696, 0.03684314, 0.02040546, 0.0179724, -0.06157521], [0.03237077, 0.00116213, 0.02877712, 0.02327855, 0.01760232, -0.06114789], [0.03509741, -0.00460579, 0.02469045, 0.02277282, 0.01523952, -0.05978786], [0.03508173, -0.00460917, 0.02471533, 0.02277213, 0.01524236, -0.05979706], [0.03237066, 0.00116309, 0.02877766, 0.02328121, 0.01759993, -0.06114832], [0.02473291, -0.00344624, 0.03684313, 0.02040445, 0.01797147, -0.06157604], [0.03204889, -0.00918614, 0.02989531, 0.02138718, 0.015494, -0.0619442], [0.03511693, -0.00386732, 0.02461223, 0.02290794, 0.01542036, -0.05972916]], "number of molecular orbitals": 70, "number of electrons": 70, "number of unpaired electrons": 0, "orbital energies/eV": [-17.40043373, -17.38388448, -17.05143395, -16.74579766, -16.54294933, -16.53553951, -16.30164488, -15.8142199, -15.4873302, -15.42785972, -15.23913641, -15.11946374, -14.32413869, -14.19438911, -13.88261092, -13.586104, -13.39064459, -13.3871722, -13.28434475, -13.04877126, -12.9377284, -12.89918493, -12.72647055, -12.70045317, -12.5233271, -12.38894026, -11.85009083, -11.62887866, -11.42237054, -11.32889625, -11.26836876, -10.85477757, -10.84757399, -10.80139452, -10.53620754, -6.14418203, -6.04068496, -6.03926296, -5.88190414, -2.72433685, -2.52975982, 2.04208715, 2.97136472, 3.05594421, 3.16163741, 3.22141542, 3.65873313, 4.03723812, 4.2354733, 4.52969338, 4.84819677, 4.9004531, 4.91192221, 4.93596848, 5.26595566, 5.44674775, 6.23982795, 6.75945232, 10.32958946, 10.63319373, 10.75112056, 10.79545663, 11.54522447, 11.61395721, 11.74460659, 12.11723587, 16.385105, 16.48478008, 17.24008538, 17.31525794], "fractional occupation": [2.0, 2.0, 2.0, 2.0, 2.0, 2.0, 2.0, 2.0, 2.0, 2.0, 2.0, 2.0, 2.0, 2.0, 2.0, 2.0, 2.0, 2.0, 2.0, 2.0, 2.0, 2.0, 2.0, 2.0, 2.0, 2.0, 2.0, 2.0, 2.0, 2.0, 2.0, 2.0, 2.0, 2.0, 2.0, 0.0, 0.0, 0.0, 0.0, 0.0, 0.0, 0.0, 0.0, 0.0, 0.0, 0.0, 0.0, 0.0, 0.0, 0.0, 0.0, 0.0, 0.0, 0.0, 0.0, 0.0, 0.0, 0.0, 0.0, 0.0, 0.0, 0.0, 0.0, 0.0, 0.0, 0.0, 0.0, 0.0, 0.0, 0.0], "program call": "xtb /home/svss/Project-DBcg-Debug/aqme2_20220329/End-to-End-workflows-final/example-3/QDESCP/mol_287_rdkit_conf_1/mol_287_rdkit_conf_1.xyz --pop --wbo --acc 0.2 --gfn 2 --chrg 0 --uhf 0 --etemp 300 --input /home/svss/Project-DBcg-Debug/aqme2_20220329/End-to-End-workflows-final/example-3/QDESCP/mol_287_rdkit_conf_1/mol_287_rdkit_conf_1_xtb.inp", "method": "GFN2-xTB", "xtb version": "6.3.3 (7355c4f)", "Dipole module/D": 0.0, "Total charge": 0, "Transition dipole module/D": NaN, "HOMO": -10.5362, "LUMO": -6.1442, "HOMO occupancy": 2.0, "LUMO occupancy": 0, "mulliken charges": [-0.04259, -0.0426, 0.00718, -0.04139, -0.02643, -0.03288, -0.02641, -0.0414, 0.00718, -0.04139, -0.02641, -0.03288, -0.02643, -0.0414, 0.03019, 0.0302, 0.03021, 0.03021, 0.02874, 0.02874, 0.02855, 0.02874, 0.02875, 0.02874, 0.02874, 0.02855, 0.02875, 0.02875], "cm5 charges": [-0.14473, -0.14475, -0.00854, -0.09475, -0.08179, -0.08825, -0.08177, -0.09477, -0.00855, -0.09475, -0.08177, -0.08825, -0.08179, -0.09477, 0.0862, 0.08623, 0.08624, 0.08623, 0.08497, 0.08414, 0.08395, 0.08413, 0.08497, 0.08497, 0.08413, 0.08395, 0.08415, 0.08497], "FUKUI+": [0.01, 0.01, -0.04, -0.026, -0.029, -0.038, -0.029, -0.026, -0.04, -0.026, -0.029, -0.038, -0.029, -0.026, -0.027, -0.027, -0.027, -0.027, -0.048, -0.057, -0.06, -0.057, -0.048, -0.048, -0.057, -0.06, -0.057, -0.048], "FUKUI-": [0.0, 0.0, -0.04, -0.021, -0.023, -0.046, -0.023, -0.021, -0.04, -0.021, -0.023, -0.046, -0.023, -0.021, -0.038, -0.038, -0.038, -0.038, -0.043, -0.053, -0.06, -0.053, -0.043, -0.043, -0.053, -0.06, -0.053, -0.043], "FUKUIrad": [0.005, 0.005, -0.04, -0.023, -0.026, -0.042, -0.026, -0.023, -0.04, -0.023, -0.026, -0.042, -0.026, -0.023, -0.032, -0.032, -0.032, -0.032, -0.046, -0.055, -0.06, -0.055, -0.046, -0.046, -0.055, -0.06, -0.055, -0.046], "s proportion": [1.031, 1.031, 1.089, 1.062, 1.06, 1.059, 1.06, 1.062, 1.089, 1.062, 1.06, 1.059, 1.06, 1.062, 0.97, 0.97, 0.97, 0.97, 0.971, 0.971, 0.971, 0.971, 0.971, 0.971, 0.971, 0.971, 0.971, 0.971], "p proportion": [3.011, 3.011, 2.904, 2.979, 2.966, 2.974, 2.966, 2.979, 2.904, 2.979, 2.966, 2.974, 2.966, 2.979, 0.0, 0.0, 0.0, 0.0, 0.0, 0.0, 0.0, 0.0, 0.0, 0.0, 0.0, 0.0, 0.0, 0.0], "d proportion": [0.0, 0.0, 0.0, 0.0, 0.0, 0.0, 0.0, 0.0, 0.0, 0.0, 0.0, 0.0, 0.0, 0.0, 0.0, 0.0, 0.0, 0.0, 0.0, 0.0, 0.0, 0.0, 0.0, 0.0, 0.0, 0.0, 0.0, 0.0], "Fermi-level/eV": -8.3402, "Coordination numbers": [3.806, 3.806, 2.963, 2.915, 2.911, 2.912, 2.911, 2.915, 2.963, 2.915, 2.911, 2.912, 2.911, 2.915, 0.923, 0.923, 0.923, 0.923, 0.925, 0.925, 0.925, 0.925, 0.925, 0.925, 0.925, 0.925, 0.925, 0.925], "Dispersion coefficient C6": [21.545, 21.546, 27.737, 28.934, 28.774, 28.825, 28.773, 28.934, 27.737, 28.934, 28.773, 28.825, 28.774, 28.934, 2.508, 2.507, 2.507, 2.507, 2.606, 2.613, 2.623, 2.613, 2.606, 2.606, 2.613, 2.623, 2.613, 2.606], "Total dispersion C6": 9207.657356, "Total dispersion C8": 224025.33108, "Polarizability alpha": [6.608, 6.608, 8.638, 8.821, 8.796, 8.804, 8.796, 8.821, 8.638, 8.821, 8.796, 8.804, 8.796, 8.821, 2.476, 2.476, 2.476, 2.476, 2.525, 2.528, 2.533, 2.528, 2.525, 2.525, 2.528, 2.533, 2.528, 2.525], "Total polarizability alpha": 153.747073, "Wiberg matrix": [[0.0, 0.9758455639131317, 0.0, 0.0, 0.0, 0.0, 0.0, 0.0, 1.009291557712902, 0.0, 0.0, 0.0, 0.0, 0.0, 0.9726328473830289, 0.9726373000193937, 0.0, 0.0, 0.0, 0.0, 0.0, 0.0, 0.0, 0.0, 0.0, 0.0, 0.0, 0.0], [0.9758455639131317, 0.0, 1.009283410992916, 0.0, 0.0, 0.0, 0.0, 0.0, 0.0, 0.0, 0.0, 0.0, 0.0, 0.0, 0.0, 0.0, 0.9726375585257971, 0.9726371319574496, 0.0, 0.0, 0.0, 0.0, 0.0, 0.0, 0.0, 0.0, 0.0, 0.0], [0.0, 1.009283410992916, 0.0, 1.4121285893345186, 0.0, 0.10915629462098796, 0.0, 1.4119240275025375, 0.0, 0.0, 0.0, 0.0, 0.0, 0.0, 0.0, 0.0, 0.0, 0.0, 0.0, 0.0, 0.0, 0.0, 0.0, 0.0, 0.0, 0.0, 0.0, 0.0], [0.0, 0.0, 1.4121285893345186, 0.0, 1.4440124193501254, 0.0, 0.11127708254964423, 0.0, 0.0, 0.0, 0.0, 0.0, 0.0, 0.0, 0.0, 0.0, 0.0, 0.0, 0.9699215050474069, 0.0, 0.0, 0.0, 0.0, 0.0, 0.0, 0.0, 0.0, 0.0], [0.0, 0.0, 0.0, 1.4440124193501254, 0.0, 1.4383004451358392, 0.0, 0.1113401965609051, 0.0, 0.0, 0.0, 0.0, 0.0, 0.0, 0.0, 0.0, 0.0, 0.0, 0.0, 0.9715054565871193, 0.0, 0.0, 0.0, 0.0, 0.0, 0.0, 0.0, 0.0], [0.0, 0.0, 0.10915629462098796, 0.0, 1.4383004451358392, 0.0, 1.438267923089306, 0.0, 0.0, 0.0, 0.0, 0.0, 0.0, 0.0, 0.0, 0.0, 0.0, 0.0, 0.0, 0.0, 0.9716355850955326, 0.0, 0.0, 0.0, 0.0, 0.0, 0.0, 0.0], [0.0, 0.0, 0.0, 0.11127708254964423, 0.0, 1.438267923089306, 0.0, 1.4441311377123511, 0.0, 0.0, 0.0, 0.0, 0.0, 0.0, 0.0, 0.0, 0.0, 0.0, 0.0, 0.0, 0.0, 0.9714958972592587, 0.0, 0.0, 0.0, 0.0, 0.0, 0.0], [0.0, 0.0, 1.4119240275025375, 0.0, 0.1113401965609051, 0.0, 1.4441311377123511, 0.0, 0.0, 0.0, 0.0, 0.0, 0.0, 0.0, 0.0, 0.0, 0.0, 0.0, 0.0, 0.0, 0.0, 0.0, 0.9699295668300171, 0.0, 0.0, 0.0, 0.0, 0.0], [1.009291557712902, 0.0, 0.0, 0.0, 0.0, 0.0, 0.0, 0.0, 0.0, 1.4120613079732784, 0.0, 0.10915774351425249, 0.0, 1.4119812607288904, 0.0, 0.0, 0.0, 0.0, 0.0, 0.0, 0.0, 0.0, 0.0, 0.0, 0.0, 0.0, 0.0, 0.0], [0.0, 0.0, 0.0, 0.0, 0.0, 0.0, 0.0, 0.0, 1.4120613079732784, 0.0, 1.444038206482242, 0.0, 0.11130845290781949, 0.0, 0.0, 0.0, 0.0, 0.0, 0.0, 0.0, 0.0, 0.0, 0.0, 0.9699230693361686, 0.0, 0.0, 0.0, 0.0], [0.0, 0.0, 0.0, 0.0, 0.0, 0.0, 0.0, 0.0, 0.0, 1.444038206482242, 0.0, 1.4383267489570746, 0.0, 0.11130662215167583, 0.0, 0.0, 0.0, 0.0, 0.0, 0.0, 0.0, 0.0, 0.0, 0.0, 0.9714972216051696, 0.0, 0.0, 0.0], [0.0, 0.0, 0.0, 0.0, 0.0, 0.0, 0.0, 0.0, 0.10915774351425249, 0.0, 1.4383267489570746, 0.0, 1.4382393398400457, 0.0, 0.0, 0.0, 0.0, 0.0, 0.0, 0.0, 0.0, 0.0, 0.0, 0.0, 0.0, 0.9716355856818041, 0.0, 0.0], [0.0, 0.0, 0.0, 0.0, 0.0, 0.0, 0.0, 0.0, 0.0, 0.11130845290781949, 0.0, 1.4382393398400457, 0.0, 1.4441111058702518, 0.0, 0.0, 0.0, 0.0, 0.0, 0.0, 0.0, 0.0, 0.0, 0.0, 0.0, 0.0, 0.9715054105226651, 0.0], [0.0, 0.0, 0.0, 0.0, 0.0, 0.0, 0.0, 0.0, 1.4119812607288904, 0.0, 0.11130662215167583, 0.0, 1.4441111058702518, 0.0, 0.0, 0.0, 0.0, 0.0, 0.0, 0.0, 0.0, 0.0, 0.0, 0.0, 0.0, 0.0, 0.0, 0.9699284241708571], [0.9726328473830289, 0.0, 0.0, 0.0, 0.0, 0.0, 0.0, 0.0, 0.0, 0.0, 0.0, 0.0, 0.0, 0.0, 0.0, 0.0, 0.0, 0.0, 0.0, 0.0, 0.0, 0.0, 0.0, 0.0, 0.0, 0.0, 0.0, 0.0], [0.9726373000193937, 0.0, 0.0, 0.0, 0.0, 0.0, 0.0, 0.0, 0.0, 0.0, 0.0, 0.0, 0.0, 0.0, 0.0, 0.0, 0.0, 0.0, 0.0, 0.0, 0.0, 0.0, 0.0, 0.0, 0.0, 0.0, 0.0, 0.0], [0.0, 0.9726375585257971, 0.0, 0.0, 0.0, 0.0, 0.0, 0.0, 0.0, 0.0, 0.0, 0.0, 0.0, 0.0, 0.0, 0.0, 0.0, 0.0, 0.0, 0.0, 0.0, 0.0, 0.0, 0.0, 0.0, 0.0, 0.0, 0.0], [0.0, 0.9726371319574496, 0.0, 0.0, 0.0, 0.0, 0.0, 0.0, 0.0, 0.0, 0.0, 0.0, 0.0, 0.0, 0.0, 0.0, 0.0, 0.0, 0.0, 0.0, 0.0, 0.0, 0.0, 0.0, 0.0, 0.0, 0.0, 0.0], [0.0, 0.0, 0.0, 0.9699215050474069, 0.0, 0.0, 0.0, 0.0, 0.0, 0.0, 0.0, 0.0, 0.0, 0.0, 0.0, 0.0, 0.0, 0.0, 0.0, 0.0, 0.0, 0.0, 0.0, 0.0, 0.0, 0.0, 0.0, 0.0], [0.0, 0.0, 0.0, 0.0, 0.9715054565871193, 0.0, 0.0, 0.0, 0.0, 0.0, 0.0, 0.0, 0.0, 0.0, 0.0, 0.0, 0.0, 0.0, 0.0, 0.0, 0.0, 0.0, 0.0, 0.0, 0.0, 0.0, 0.0, 0.0], [0.0, 0.0, 0.0, 0.0, 0.0, 0.9716355850955326, 0.0, 0.0, 0.0, 0.0, 0.0, 0.0, 0.0, 0.0, 0.0, 0.0, 0.0, 0.0, 0.0, 0.0, 0.0, 0.0, 0.0, 0.0, 0.0, 0.0, 0.0, 0.0], [0.0, 0.0, 0.0, 0.0, 0.0, 0.0, 0.9714958972592587, 0.0, 0.0, 0.0, 0.0, 0.0, 0.0, 0.0, 0.0, 0.0, 0.0, 0.0, 0.0, 0.0, 0.0, 0.0, 0.0, 0.0, 0.0, 0.0, 0.0, 0.0], [0.0, 0.0, 0.0, 0.0, 0.0, 0.0, 0.0, 0.9699295668300171, 0.0, 0.0, 0.0, 0.0, 0.0, 0.0, 0.0, 0.0, 0.0, 0.0, 0.0, 0.0, 0.0, 0.0, 0.0, 0.0, 0.0, 0.0, 0.0, 0.0], [0.0, 0.0, 0.0, 0.0, 0.0, 0.0, 0.0, 0.0, 0.0, 0.9699230693361686, 0.0, 0.0, 0.0, 0.0, 0.0, 0.0, 0.0, 0.0, 0.0, 0.0, 0.0, 0.0, 0.0, 0.0, 0.0, 0.0, 0.0, 0.0], [0.0, 0.0, 0.0, 0.0, 0.0, 0.0, 0.0, 0.0, 0.0, 0.0, 0.9714972216051696, 0.0, 0.0, 0.0, 0.0, 0.0, 0.0, 0.0, 0.0, 0.0, 0.0, 0.0, 0.0, 0.0, 0.0, 0.0, 0.0, 0.0], [0.0, 0.0, 0.0, 0.0, 0.0, 0.0, 0.0, 0.0, 0.0, 0.0, 0.0, 0.9716355856818041, 0.0, 0.0, 0.0, 0.0, 0.0, 0.0, 0.0, 0.0, 0.0, 0.0, 0.0, 0.0, 0.0, 0.0, 0.0, 0.0], [0.0, 0.0, 0.0, 0.0, 0.0, 0.0, 0.0, 0.0, 0.0, 0.0, 0.0, 0.0, 0.9715054105226651, 0.0, 0.0, 0.0, 0.0, 0.0, 0.0, 0.0, 0.0, 0.0, 0.0, 0.0, 0.0, 0.0, 0.0, 0.0], [0.0, 0.0, 0.0, 0.0, 0.0, 0.0, 0.0, 0.0, 0.0, 0.0, 0.0, 0.0, 0.0, 0.9699284241708571, 0.0, 0.0, 0.0, 0.0, 0.0, 0.0, 0.0, 0.0, 0.0, 0.0, 0.0, 0.0, 0.0, 0.0]], "Born radii": [], "Atomic SASAs": [], "Solvent H bonds": [], "Total SASA": NaN, "Total FOD": 0.0, "FOD": [0.0, 0.0, 0.0, 0.0, 0.0, 0.0, 0.0, 0.0, 0.0, 0.0, 0.0, 0.0, 0.0, 0.0, 0.0, 0.0, 0.0, 0.0, 0.0, 0.0, 0.0, 0.0, 0.0, 0.0, 0.0, 0.0, 0.0, 0.0], "FOD s proportion": [0.0, 0.0, 0.0, 0.0, 0.0, 0.0, 0.0, 0.0, 0.0, 0.0, 0.0, 0.0, 0.0, 0.0, 0.0, 0.0, 0.0, 0.0, 0.0, 0.0, 0.0, 0.0, 0.0, 0.0, 0.0, 0.0, 0.0, 0.0], "FOD p proportion": [0.0, 0.0, 0.0, 0.0, 0.0, 0.0, 0.0, 0.0, 0.0, 0.0, 0.0, 0.0, 0.0, 0.0, 0.0, 0.0, 0.0, 0.0, 0.0, 0.0, 0.0, 0.0, 0.0, 0.0, 0.0, 0.0, 0.0, 0.0], "FOD d proportion": [0.0, 0.0, 0.0, 0.0, 0.0, 0.0, 0.0, 0.0, 0.0, 0.0, 0.0, 0.0, 0.0, 0.0, 0.0, 0.0, 0.0, 0.0, 0.0, 0.0, 0.0, 0.0, 0.0, 0.0, 0.0, 0.0, 0.0, 0.0], "coordinates": [["-0.42110", "-0.10690", "0.91460"], ["0.42110", "0.10690", "-0.34590"], ["1.89820", "0.03010", "-0.04710"], ["2.60900", "1.17980", "0.32190"], ["3.97110", "1.10430", "0.61690"], ["4.63320", "-0.12020", "0.54990"], ["3.93400", "-1.27050", "0.18930"], ["2.57190", "-1.19720", "-0.10610"], ["-1.89820", "-0.03000", "0.61590"], ["-2.57190", "1.19720", "0.67480"], ["-3.93400", "1.27050", "0.37940"], ["-4.63320", "0.12020", "0.01880"], ["-3.97110", "-1.10430", "-0.04820"], ["-2.60900", "-1.17980", "0.24680"], ["-0.16600", "0.63980", "1.67830"], ["-0.19290", "-1.08030", "1.36850"], ["0.16600", "-0.63970", "-1.10950"], ["0.19290", "1.08030", "-0.79980"], ["2.10510", "2.14180", "0.38120"], ["4.51550", "2.00130", "0.89980"], ["5.69380", "-0.17810", "0.77970"], ["4.44950", "-2.22590", "0.13870"], ["2.03880", "-2.10380", "-0.38320"], ["-2.03880", "2.10380", "0.95190"], ["-4.44950", "2.22590", "0.43000"], ["-5.69380", "0.17810", "-0.21100"], ["-4.51550", "-2.00130", "-0.33100"], ["-2.10510", "-2.14180", "0.18750"]], "bond_dist": [[0.0, 1.5309707802567625, 2.5145155358438336, 3.344906006153237, 4.565857156109902, 5.06745808764118, 4.565842864138012, 3.3449411923081698, 1.508959810598016, 2.5266819131026366, 3.8110544748140245, 4.312286917634308, 3.811074730309024, 2.5266534507130176, 1.0981232125768037, 1.0980018260458404, 2.1738314240069303, 2.1738461767107626, 3.4238653142318554, 5.3679368327132915, 6.116802225019214, 5.367953629643236, 3.423887039608638, 2.739623892069859, 4.680256356226654, 5.399033770037006, 4.680211755893103, 2.7395890969267636], [1.5309707802567625, 0.0, 1.5089745160207315, 2.5266534507130176, 3.811074730309024, 4.312286917634308, 3.8110544748140245, 2.5266819131026366, 2.514548337177077, 3.3449411923081698, 4.565842864138012, 5.06745808764118, 4.565857156109902, 3.344906006153237, 2.173949047240988, 2.1738461767107626, 1.0979856693053875, 1.0980018260458404, 2.7395890969267636, 4.6802383710661575, 5.399033770037006, 4.680256356226654, 2.739623892069859, 3.423887039608638, 5.367953629643236, 6.116802225019214, 5.367937109355884, 3.4238653142318554], [2.5145155358438336, 1.5089745160207315, 0.0, 1.4011451495116414, 2.4272857371970034, 2.803430771394222, 2.4273291824554826, 1.401291539973035, 3.854326655850539, 4.676008557519972, 5.977880163569692, 6.532353846815098, 5.9779216338122065, 4.676011875519564, 2.7585613805025258, 2.758552288792076, 2.1395893624712197, 2.139515230139762, 2.164607444780693, 3.410646322913005, 3.890183137077225, 3.4107461544360054, 2.16477730494386, 4.560504543359211, 6.733680816611372, 7.59521107079981, 6.733701274930453, 4.560547956112292], [3.344906006153237, 2.5266534507130176, 1.4011451495116414, 0.0, 1.395722630037931, 2.416478768787345, 2.788759195412899, 2.4155101759255744, 4.675992288274222, 5.192934236055757, 6.543881244338103, 7.325577288514538, 6.975084431747045, 5.727204917758749, 3.135609344290197, 3.748875455386588, 3.3656700982122416, 2.6656425773160213, 1.087600891871646, 2.1548951041756075, 3.4013915225977738, 3.8755380245844577, 3.406511853788271, 4.780451949345376, 7.136415982129965, 8.37996856438018, 7.8296983256061665, 5.768347140212698], [4.565857156109902, 3.811074730309024, 2.4272857371970034, 1.395722630037931, 0.0, 1.3936519149342854, 2.413274375200632, 2.7887975706386436, 5.977902640558811, 6.543915633624871, 7.910413054954843, 8.681022688024724, 8.270357477763582, 6.975084431747045, 4.296268918491951, 4.761961331216372, 4.527778591097404, 4.035146853585381, 2.1480029655473007, 1.0867441143157852, 2.1537754966569755, 3.398201559648869, 3.8763241492424236, 6.101649224594937, 8.497024333847703, 9.744411570741457, 9.086564000214823, 6.9023007765527], [5.06745808764118, 4.312286917634308, 2.803430771394222, 2.416478768787345, 1.3936519149342854, 0.0, 1.3935935885328978, 2.4164483627836955, 6.532356236458634, 7.3256132016371165, 8.681015642193026, 9.284720153564134, 8.681022688024724, 7.325577288514538, 4.988307047486152, 4.988300229537112, 4.7936796357286955, 4.793657729750843, 3.396526652331761, 2.153380029163455, 1.0867533344784361, 2.1533238539523034, 3.396506430142596, 7.044385281910694, 9.381577719658884, 10.359289584715741, 9.381536852243348, 7.04435143998367], [4.565842864138012, 3.8110544748140245, 2.4273291824554826, 2.788759195412899, 2.413274375200632, 1.3935935885328978, 0.0, 1.395689958407669, 5.977908049644124, 6.975097730498119, 8.270323029362276, 8.681015642193026, 7.910413054954843, 6.543881244338103, 4.761970924942739, 4.296276561163166, 4.035172125201105, 4.527737697791249, 3.876272966394395, 3.398180062916031, 2.1537887454437126, 1.0867795406613063, 2.148005628484246, 6.90230389725054, 9.086573705198235, 9.74439402374514, 8.496989524531616, 6.101630580426842], [3.3449411923081698, 2.5266819131026366, 1.401291539973035, 2.4155101759255744, 2.7887975706386436, 2.4164483627836955, 1.395689958407669, 0.0, 4.676048957185971, 5.727271131175823, 6.975097730498119, 7.3256132016371165, 6.543915633624871, 5.192934236055757, 3.7489663602118384, 3.13563866062402, 2.6657030254700165, 3.3656896678095563, 3.406506205777409, 3.8755409970738284, 3.4013917827853946, 2.1548857255084317, 1.0876137089978222, 5.7684070149392195, 7.829755729267676, 8.379991085317455, 7.136413355460851, 4.7804601368487525], [1.508959810598016, 2.514548337177077, 3.854326655850539, 4.675992288274222, 5.977902640558811, 6.532356236458634, 5.977908049644124, 4.676048957185971, 0.0, 1.4011997502140798, 2.4272853437533874, 2.8034467089638073, 2.427357351112522, 1.4012535423684036, 2.1395893624712197, 2.1395291397875376, 2.7585613805025258, 2.758563356169294, 4.560505478562656, 6.7336711079469875, 7.595210862773989, 6.733720512465601, 4.560571921371266, 2.164663207060165, 3.4106854604316705, 3.890199041180284, 3.4107041193864944, 2.1647247885123875], [2.5266819131026366, 3.3449411923081698, 4.676008557519972, 5.192934236055757, 6.543915633624871, 7.3256132016371165, 6.975097730498119, 5.727271131175823, 1.4011997502140798, 0.0, 1.395689958407669, 2.4164483627836955, 2.7887975706386436, 2.4155101759255744, 2.6657197564635333, 3.3656896678095563, 3.7488697643423143, 3.13563866062402, 4.7804601368487525, 7.1364165076037995, 8.379991085317455, 7.829755729267676, 5.7684070149392195, 1.0876137089978222, 2.1548857255084317, 3.4013917827853946, 3.875515043191034, 3.406506205777409], [3.8110544748140245, 4.565842864138012, 5.977880163569692, 6.543881244338103, 7.910413054954843, 8.681015642193026, 8.270323029362276, 6.975097730498119, 2.4272853437533874, 1.395689958407669, 0.0, 1.3935935885328978, 2.413274375200632, 2.788759195412899, 4.03518868208167, 4.527737697791249, 4.7618995421995205, 4.296276561163166, 6.101630580426842, 8.49699564846305, 9.74439402374514, 9.086573705198235, 6.90230389725054, 2.148005628484246, 1.0867795406613063, 2.1537887454437126, 3.3981591560725932, 3.876272966394395], [4.312286917634308, 5.06745808764118, 6.532353846815098, 7.325577288514538, 8.681022688024724, 9.284720153564134, 8.681015642193026, 7.3256132016371165, 2.8034467089638073, 2.4164483627836955, 1.3935935885328978, 0.0, 1.3936519149342854, 2.416478768787345, 4.793725091199954, 4.793657729750843, 4.988269192816283, 4.988300229537112, 7.04435143998367, 9.381546242491162, 10.359289584715741, 9.381577719658884, 7.044385281910694, 3.396506430142596, 2.1533238539523034, 1.0867533344784361, 2.153363782550455, 3.396526652331761], [3.811074730309024, 4.565857156109902, 5.9779216338122065, 6.975084431747045, 8.270357477763582, 8.681022688024724, 7.910413054954843, 6.543915633624871, 2.427357351112522, 2.7887975706386436, 2.413274375200632, 1.3936519149342854, 0.0, 1.395722630037931, 4.52785523951462, 4.035146853585381, 4.296255027346492, 4.761961331216372, 6.9023007765527, 9.08657443264512, 9.744411570741457, 8.497024333847703, 6.101649224594937, 3.8763241492424236, 3.398201559648869, 2.1537754966569755, 1.0867180867179862, 2.1480029655473007], [2.5266534507130176, 3.344906006153237, 4.676011875519564, 5.727204917758749, 6.975084431747045, 7.325577288514538, 6.543881244338103, 5.192934236055757, 1.4012535423684036, 2.4155101759255744, 2.788759195412899, 2.416478768787345, 1.395722630037931, 0.0, 3.365766689775154, 2.6656425773160213, 3.135583310964644, 3.748875455386588, 5.768347140212698, 7.829706665003485, 8.37996856438018, 7.136415982129965, 4.780451949345376, 3.4065118537882704, 3.8755380245844577, 3.4013915225977738, 2.154868288318337, 1.087600891871646], [1.0981232125768037, 2.173949047240988, 2.7585613805025258, 3.135609344290197, 4.296268918491951, 4.988307047486152, 4.761970924942739, 3.7489663602118384, 2.1395893624712197, 2.6657197564635333, 4.03518868208167, 4.793725091199954, 4.52785523951462, 3.365766689775154, 0.0, 1.7479827401893875, 3.085315719663062, 2.5424061575601957, 3.016018504585143, 4.93722459991441, 5.984454729547212, 5.646719835444291, 4.0790030951201794, 2.485625233215981, 4.735223157360167, 5.859965377030823, 5.470909060658933, 3.704037258181942], [1.0980018260458404, 2.1738461767107626, 2.758552288792076, 3.748875455386588, 4.761961331216372, 4.988300229537112, 4.296276561163166, 3.13563866062402, 2.1395291397875376, 3.3656896678095563, 4.527737697791249, 4.793657729750843, 4.035146853585381, 2.6656425773160213, 1.7479827401893875, 0.0, 2.5423260156793424, 3.085216182052726, 4.078908395637245, 5.646677678954236, 5.984470500386814, 4.9372750743704765, 3.0160387978273753, 3.7039701915647214, 5.47086686458371, 5.859888362417838, 4.735125342585981, 2.4855687658964496], [2.1738314240069303, 1.0979856693053875, 2.1395893624712197, 3.3656700982122416, 4.527778591097404, 4.7936796357286955, 4.035172125201105, 2.6657030254700165, 2.7585613805025258, 3.7488697643423143, 4.7618995421995205, 4.988269192816283, 4.296255027346492, 3.135583310964644, 3.085315719663062, 2.5423260156793424, 0.0, 1.7478666139039332, 3.703921914673688, 5.47086078601896, 5.8599252589090245, 4.735230293238122, 2.485654911688266, 4.078885295028533, 5.646641821472299, 5.984426048502898, 4.937252177071778, 3.0160253016180087], [2.1738461767107626, 1.0980018260458404, 2.139515230139762, 2.6656425773160213, 4.035146853585381, 4.793657729750843, 4.527737697791249, 3.3656896678095563, 2.758563356169294, 3.13563866062402, 4.296276561163166, 4.988300229537112, 4.761961331216372, 3.748875455386588, 2.5424061575601957, 3.085216182052726, 1.7478666139039332, 0.0, 2.4855687658964496, 4.7351612348472365, 5.859888362417837, 5.47086686458371, 3.7039701915647214, 3.0160387978273753, 4.9372750743704765, 5.984470500386814, 5.6466859802896785, 4.078908395637245], [3.4238653142318554, 2.7395890969267636, 2.164607444780693, 1.087600891871646, 2.1480029655473007, 3.396526652331761, 3.876272966394395, 3.406506205777409, 4.560505478562656, 4.7804601368487525, 6.101630580426842, 7.04435143998367, 6.9023007765527, 5.768347140212698, 3.016018504585143, 4.078908395637245, 3.703921914673688, 2.4855687658964496, 0.0, 2.46955752514494, 4.291795189661315, 4.963045526690239, 4.314373930247585, 4.183186548553627, 6.55532115231588, 8.064096957502434, 7.842502840930312, 6.00937040712253], [5.3679368327132915, 4.6802383710661575, 3.410646322913005, 2.1548951041756075, 1.0867441143157852, 2.153380029163455, 3.398180062916031, 3.8755409970738284, 6.7336711079469875, 7.1364165076037995, 8.49699564846305, 9.381546242491162, 9.08657443264512, 7.829706665003485, 4.93722459991441, 5.646677678954236, 5.47086078601896, 4.7351612348472365, 2.46955752514494, 0.0, 2.4804433595629636, 4.295677949986475, 4.963061343566086, 6.55530847100272, 8.980110366805075, 10.430136210519978, 9.954628893133084, 7.84251192284717], [6.116802225019214, 5.399033770037006, 3.890183137077225, 3.4013915225977738, 2.1537754966569755, 1.0867533344784361, 2.1537887454437126, 3.4013917827853946, 7.595210862773989, 8.379991085317455, 9.74439402374514, 10.359289584715741, 9.744411570741457, 8.37996856438018, 5.984454729547212, 5.984470500386814, 5.8599252589090245, 5.859888362417837, 4.291795189661315, 2.4804433595629636, 0.0, 2.480453250920082, 4.291815688027621, 8.064107093162889, 10.430150573218011, 11.436161886314833, 10.430125561085063, 8.064096957502434], [5.367953629643236, 4.680256356226654, 3.4107461544360054, 3.8755380245844577, 3.398201559648869, 2.1533238539523034, 1.0867795406613063, 2.1548857255084317, 6.733720512465601, 7.829755729267676, 9.086573705198235, 9.381577719658884, 8.497024333847703, 7.136415982129965, 5.646719835444291, 4.9372750743704765, 4.735230293238122, 5.47086686458371, 4.963045526690239, 4.295677949986475, 2.480453250920082, 0.0, 2.4695672718109942, 7.84255272344407, 9.954676284540849, 10.430150573218011, 8.9801051357988, 6.55532115231588], [3.423887039608638, 2.739623892069859, 2.16477730494386, 3.406511853788271, 3.8763241492424236, 3.396506430142596, 2.148005628484246, 1.0876137089978222, 4.560571921371266, 5.7684070149392195, 6.90230389725054, 7.044385281910694, 6.101649224594937, 4.780451949345376, 4.0790030951201794, 3.0160387978273753, 2.485654911688266, 3.7039701915647214, 4.314373930247585, 4.963061343566086, 4.291815688027621, 2.4695672718109942, 0.0, 6.0094268886475355, 7.84255272344407, 8.064107093162889, 6.55530926654113, 4.183186548553627], [2.739623892069859, 3.423887039608638, 4.560504543359211, 4.780451949345376, 6.101649224594937, 7.044385281910694, 6.90230389725054, 5.7684070149392195, 2.164663207060165, 1.0876137089978222, 2.148005628484246, 3.396506430142596, 3.8763241492424236, 3.4065118537882704, 2.485625233215981, 3.7039701915647214, 4.078885295028533, 3.0160387978273753, 4.183186548553627, 6.55530847100272, 8.064107093162889, 7.84255272344407, 6.0094268886475355, 0.0, 2.4695672718109942, 4.291815688027621, 4.963035493526115, 4.314373930247585], [4.680256356226654, 5.367953629643236, 6.733680816611372, 7.136415982129965, 8.497024333847703, 9.381577719658884, 9.086573705198235, 7.829755729267676, 3.4106854604316705, 2.1548857255084317, 1.0867795406613063, 2.1533238539523034, 3.398201559648869, 3.8755380245844577, 4.735223157360167, 5.47086686458371, 5.646641821472299, 4.9372750743704765, 6.55532115231588, 8.980110366805075, 10.430150573218011, 9.954676284540849, 7.84255272344407, 2.4695672718109942, 0.0, 2.480453250920082, 4.295660233305237, 4.963045526690239], [5.399033770037006, 6.116802225019214, 7.59521107079981, 8.37996856438018, 9.744411570741457, 10.359289584715741, 9.74439402374514, 8.379991085317455, 3.890199041180284, 3.4013917827853946, 2.1537887454437126, 1.0867533344784361, 2.1537754966569755, 3.4013915225977738, 5.859965377030823, 5.859888362417838, 5.984426048502898, 5.984470500386814, 8.064096957502434, 10.430136210519978, 11.436161886314833, 10.430150573218011, 8.064107093162889, 4.291815688027621, 2.480453250920082, 0.0, 2.480438519697677, 4.291795189661315], [4.680211755893103, 5.367937109355884, 6.733701274930453, 7.8296983256061665, 9.086564000214823, 9.381536852243348, 8.496989524531616, 7.136413355460851, 3.4107041193864944, 3.875515043191034, 3.3981591560725932, 2.153363782550455, 1.0867180867179862, 2.154868288318337, 5.470909060658933, 4.735125342585981, 4.937252177071778, 5.6466859802896785, 7.842502840930312, 9.954628893133084, 10.430125561085063, 8.9801051357988, 6.55530926654113, 4.963035493526115, 4.295660233305237, 2.480438519697677, 0.0, 2.469536527367028], [2.7395890969267636, 3.4238653142318554, 4.560547956112292, 5.768347140212698, 6.9023007765527, 7.04435143998367, 6.101630580426842, 4.7804601368487525, 2.1647247885123875, 3.406506205777409, 3.876272966394395, 3.396526652331761, 2.1480029655473007, 1.087600891871646, 3.704037258181942, 2.4855687658964496, 3.0160253016180087, 4.078908395637245, 6.00937040712253, 7.84251192284717, 8.064096957502434, 6.55532115231588, 4.183186548553627, 4.314373930247585, 4.963045526690239, 4.291795189661315, 2.469536527367028, 0.0]]}