{"total energy": -24.05235368, "HOMO-LUMO gap/eV": 11.99718307, "electronic energy": -24.35170852, "dipole": [0.31087785, 0.02428257, 0.61265266], "partial charges": [-0.09988313, -0.05275118, -0.05750836, -0.06337017, 0.12051602, -0.11567285, -0.45010982, 0.03189707, 0.03005583, 0.03226804, 0.02875961, 0.03059412, 0.02849601, 0.04566608, 0.04764078, 0.03527621, 0.0110403, 0.04743688, 0.03598814, 0.03165611, 0.28200432], "atomic dipole moments": [[0.05193204, -0.0406304, -0.0763627], [0.03967412, 0.00265831, 0.10474346], [-0.01792796, 0.11908497, 0.01350872], [0.04141212, -0.11198869, 0.00920905], [0.07229259, 0.00515329, -0.1637372], [-0.0660275, -0.0745288, -0.03163675], [0.02696013, 0.03383462, 0.2341816], [0.05503584, 0.10359507, 0.04518499], [-0.11250772, 0.03490901, -0.03954463], [-0.01743942, -0.08164083, 0.09443736], [-0.06779108, -0.08753214, -0.04914866], [0.01293953, 0.08411329, -0.09054915], [-0.01607577, -0.0875368, 0.08604523], [0.04378033, -0.06292441, -0.09952997], [0.01074468, 0.08729236, -0.09237857], [-0.04501349, 0.05902726, 0.09990779], [-0.00815948, -0.09322623, 0.07379614], [0.02777864, 0.09293207, -0.08497538], [-0.04600064, 0.0535318, 0.10716596], [0.11200036, -0.04753611, 0.02417554], [0.0660651, -0.03039499, 0.02929601]], "atomic quadrupole moments": [[-0.01638544, -0.07428328, -0.06932273, -0.12247811, 0.10654215, 0.08570817], [0.10976368, -0.17255386, -0.1132483, -0.04072138, 0.07324502, 0.00348462], [0.16878402, 0.03005993, 0.00562143, 0.14561006, 0.03076712, -0.17440545], [0.18153865, 0.00281757, 0.01038626, 0.13513823, 0.0473301, -0.19192491], [0.02860021, -0.07355818, -0.13959243, -0.10622931, 0.2643029, 0.11099222], [0.02397751, 0.13732923, 0.04792003, 0.08489807, 0.11192103, -0.07189754], [-0.0351331, -0.05168306, -0.07722738, -0.06001312, 0.08553718, 0.11236048], [-0.0006481, 0.05657544, 0.02611355, 0.00980918, 0.03345007, -0.02546545], [0.05582003, -0.03504367, -0.04072389, 0.04018033, -0.00181326, -0.01509614], [-0.04871327, -0.00106608, 0.02726974, -0.01184798, -0.05703004, 0.02144353], [0.01235122, 0.02861233, 0.02317796, 0.00733456, 0.0331435, -0.03552918], [-0.02216479, 0.00440978, 0.02199948, -0.02375959, -0.04165747, 0.00016531], [-0.02022654, 0.01797911, -0.00698752, -0.0046415, -0.0447423, 0.02721406], [0.00420621, -0.0107629, -0.02915179, -0.02454148, 0.03203971, 0.02494558], [-0.02279652, 0.02071116, 0.00150916, -0.0031389, -0.0438765, 0.02128736], [-0.00415872, -0.00711436, -0.02760987, -0.02908303, 0.03776237, 0.03176859], [-0.01439785, -0.00087524, 0.00063925, -0.01482152, -0.01160643, 0.0137586], [-0.03949978, 0.00994848, 0.01625832, 0.00240708, -0.06238093, 0.02324145], [-0.01549091, -0.0133612, -0.02659019, -0.04493284, 0.045081, 0.0420811], [0.05030772, -0.04941948, -0.00242085, 0.02828288, -0.01385042, -0.04788687], [0.08852123, -0.08861776, -0.04996116, 0.03457936, -0.01292622, -0.03856007]], "number of molecular orbitals": 42, "number of electrons": 44, "number of unpaired electrons": 0, "orbital energies/eV": [-18.48497891, -17.11162641, -16.72875167, -16.34814893, -15.84092217, -15.48773656, -15.1517464, -14.86266644, -14.15145433, -13.93170664, -13.5531837, -13.34529636, -13.05305675, -12.86854842, -12.58390584, -12.54145404, -12.13786677, -12.01884009, -11.50814424, -11.37988672, -11.35677072, -10.98894062, 1.00824246, 1.65007177, 2.87669117, 2.98152322, 3.22121475, 3.82886285, 3.95220102, 4.13764385, 4.38082538, 4.52770446, 4.89505727, 5.37191455, 5.65130184, 5.99751095, 6.5707464, 6.62239359, 7.23898206, 7.32971383, 8.01693665, 8.32101914], "fractional occupation": [2.0, 2.0, 2.0, 2.0, 2.0, 2.0, 2.0, 2.0, 2.0, 2.0, 2.0, 2.0, 2.0, 2.0, 2.0, 2.0, 2.0, 2.0, 2.0, 2.0, 2.0, 2.0, 0.0, 0.0, 0.0, 0.0, 0.0, 0.0, 0.0, 0.0, 0.0, 0.0, 0.0, 0.0, 0.0, 0.0, 0.0, 0.0, 0.0, 0.0, 0.0, 0.0], "program call": "xtb /home/svss/Project-DBcg-Debug/aqme2_20220329/End-to-End-workflows-final/example-3/QDESCP/mol_455_rdkit_conf_11/mol_455_rdkit_conf_11.xyz --pop --wbo --acc 0.2 --gfn 2 --chrg 0 --uhf 0 --etemp 300 --input /home/svss/Project-DBcg-Debug/aqme2_20220329/End-to-End-workflows-final/example-3/QDESCP/mol_455_rdkit_conf_11/mol_455_rdkit_conf_11_xtb.inp", "method": "GFN2-xTB", "xtb version": "6.3.3 (7355c4f)", "Dipole module/D": 1.747, "Total charge": 0, "Transition dipole module/D": NaN, "HOMO": -10.9889, "LUMO": 1.0082, "HOMO occupancy": 2.0, "LUMO occupancy": 0, "mulliken charges": [-0.08566, -0.04025, -0.04238, -0.05569, 0.22639, -0.11146, -0.57013, 0.02511, 0.02758, 0.02552, 0.02334, 0.02366, 0.01849, 0.03897, 0.03653, 0.02007, 0.00744, 0.0401, 0.02994, 0.02793, 0.33451], "cm5 charges": [-0.23614, -0.15263, -0.15183, -0.16126, 0.17687, -0.25745, -0.78113, 0.07684, 0.07836, 0.07694, 0.07756, 0.07828, 0.07411, 0.09669, 0.0945, 0.07659, 0.07342, 0.09373, 0.08168, 0.08109, 0.5038], "FUKUI+": [0.017, -0.003, -0.009, 0.008, -0.041, 0.031, -0.129, -0.023, -0.057, -0.031, -0.055, -0.038, -0.044, -0.039, -0.061, -0.1, -0.083, -0.063, -0.093, -0.062, -0.124], "FUKUI-": [0.02, 0.006, 0.005, 0.003, -0.001, 0.007, -0.114, -0.086, -0.06, -0.064, -0.118, -0.079, -0.053, -0.057, -0.051, -0.051, -0.093, -0.052, -0.052, -0.052, -0.058], "FUKUIrad": [0.019, 0.002, -0.002, 0.006, -0.021, 0.019, -0.122, -0.054, -0.059, -0.047, -0.086, -0.058, -0.049, -0.048, -0.056, -0.075, -0.088, -0.057, -0.073, -0.057, -0.091], "s proportion": [1.007, 1.027, 1.031, 1.035, 1.015, 1.02, 1.697, 0.975, 0.972, 0.974, 0.977, 0.976, 0.982, 0.961, 0.963, 0.98, 0.993, 0.96, 0.97, 0.972, 0.665], "p proportion": [3.079, 3.013, 3.012, 3.021, 2.759, 3.092, 4.873, 0.0, 0.0, 0.0, 0.0, 0.0, 0.0, 0.0, 0.0, 0.0, 0.0, 0.0, 0.0, 0.0, 0.0], "d proportion": [0.0, 0.0, 0.0, 0.0, 0.0, 0.0, 0.0, 0.0, 0.0, 0.0, 0.0, 0.0, 0.0, 0.0, 0.0, 0.0, 0.0, 0.0, 0.0, 0.0, 0.0], "Fermi-level/eV": -4.9903, "Coordination numbers": [3.749, 3.799, 3.8, 3.801, 3.724, 3.75, 1.653, 0.924, 0.924, 0.924, 0.924, 0.924, 0.924, 0.924, 0.924, 0.924, 0.924, 0.924, 0.924, 0.924, 0.804], "Dispersion coefficient C6": [22.473, 21.523, 21.609, 21.717, 18.714, 22.778, 21.847, 2.56, 2.586, 2.555, 2.604, 2.578, 2.608, 2.375, 2.35, 2.513, 2.874, 2.352, 2.503, 2.563, 0.778], "Total dispersion C6": 2909.902304, "Total dispersion C8": 60057.346835, "Polarizability alpha": [6.761, 6.606, 6.619, 6.635, 6.177, 6.806, 6.31, 2.502, 2.515, 2.499, 2.524, 2.511, 2.526, 2.41, 2.397, 2.479, 2.651, 2.398, 2.474, 2.504, 1.385], "Total polarizability alpha": 79.688978, "Wiberg matrix": [[0.0, 1.020887403308014, 0.0, 0.0, 0.0, 0.0, 0.0, 0.9859973359769423, 0.9873052258051842, 0.9874163688485967, 0.0, 0.0, 0.0, 0.0, 0.0, 0.0, 0.0, 0.0, 0.0, 0.0, 0.0], [1.020887403308014, 0.0, 1.0070535977561432, 0.0, 0.0, 0.0, 0.0, 0.0, 0.0, 0.0, 0.9780382977128852, 0.9777358854974967, 0.0, 0.0, 0.0, 0.0, 0.0, 0.0, 0.0, 0.0, 0.0], [0.0, 1.0070535977561432, 0.0, 1.0075037057210756, 0.0, 0.0, 0.0, 0.0, 0.0, 0.0, 0.0, 0.0, 0.9772464478282108, 0.9761121236929671, 0.0, 0.0, 0.0, 0.0, 0.0, 0.0, 0.0], [0.0, 0.0, 1.0075037057210756, 0.0, 0.9935455018160441, 0.0, 0.0, 0.0, 0.0, 0.0, 0.0, 0.0, 0.0, 0.0, 0.9749769430438747, 0.9736314485486828, 0.0, 0.0, 0.0, 0.0, 0.0], [0.0, 0.0, 0.0, 0.9935455018160441, 0.0, 1.002633706327347, 0.9791905628318242, 0.0, 0.0, 0.0, 0.0, 0.0, 0.0, 0.0, 0.0, 0.0, 0.9639202570979701, 0.0, 0.0, 0.0, 0.0], [0.0, 0.0, 0.0, 0.0, 1.002633706327347, 0.0, 0.0, 0.0, 0.0, 0.0, 0.0, 0.0, 0.0, 0.0, 0.0, 0.0, 0.0, 0.9855309246246075, 0.9856080100451039, 0.9846884243037125, 0.0], [0.0, 0.0, 0.0, 0.0, 0.9791905628318242, 0.0, 0.0, 0.0, 0.0, 0.0, 0.0, 0.0, 0.0, 0.0, 0.0, 0.0, 0.0, 0.0, 0.0, 0.0, 0.9043782186542044], [0.9859973359769423, 0.0, 0.0, 0.0, 0.0, 0.0, 0.0, 0.0, 0.0, 0.0, 0.0, 0.0, 0.0, 0.0, 0.0, 0.0, 0.0, 0.0, 0.0, 0.0, 0.0], [0.9873052258051842, 0.0, 0.0, 0.0, 0.0, 0.0, 0.0, 0.0, 0.0, 0.0, 0.0, 0.0, 0.0, 0.0, 0.0, 0.0, 0.0, 0.0, 0.0, 0.0, 0.0], [0.9874163688485967, 0.0, 0.0, 0.0, 0.0, 0.0, 0.0, 0.0, 0.0, 0.0, 0.0, 0.0, 0.0, 0.0, 0.0, 0.0, 0.0, 0.0, 0.0, 0.0, 0.0], [0.0, 0.9780382977128852, 0.0, 0.0, 0.0, 0.0, 0.0, 0.0, 0.0, 0.0, 0.0, 0.0, 0.0, 0.0, 0.0, 0.0, 0.0, 0.0, 0.0, 0.0, 0.0], [0.0, 0.9777358854974967, 0.0, 0.0, 0.0, 0.0, 0.0, 0.0, 0.0, 0.0, 0.0, 0.0, 0.0, 0.0, 0.0, 0.0, 0.0, 0.0, 0.0, 0.0, 0.0], [0.0, 0.0, 0.9772464478282108, 0.0, 0.0, 0.0, 0.0, 0.0, 0.0, 0.0, 0.0, 0.0, 0.0, 0.0, 0.0, 0.0, 0.0, 0.0, 0.0, 0.0, 0.0], [0.0, 0.0, 0.9761121236929671, 0.0, 0.0, 0.0, 0.0, 0.0, 0.0, 0.0, 0.0, 0.0, 0.0, 0.0, 0.0, 0.0, 0.0, 0.0, 0.0, 0.0, 0.0], [0.0, 0.0, 0.0, 0.9749769430438747, 0.0, 0.0, 0.0, 0.0, 0.0, 0.0, 0.0, 0.0, 0.0, 0.0, 0.0, 0.0, 0.0, 0.0, 0.0, 0.0, 0.0], [0.0, 0.0, 0.0, 0.9736314485486828, 0.0, 0.0, 0.0, 0.0, 0.0, 0.0, 0.0, 0.0, 0.0, 0.0, 0.0, 0.0, 0.0, 0.0, 0.0, 0.0, 0.0], [0.0, 0.0, 0.0, 0.0, 0.9639202570979701, 0.0, 0.0, 0.0, 0.0, 0.0, 0.0, 0.0, 0.0, 0.0, 0.0, 0.0, 0.0, 0.0, 0.0, 0.0, 0.0], [0.0, 0.0, 0.0, 0.0, 0.0, 0.9855309246246075, 0.0, 0.0, 0.0, 0.0, 0.0, 0.0, 0.0, 0.0, 0.0, 0.0, 0.0, 0.0, 0.0, 0.0, 0.0], [0.0, 0.0, 0.0, 0.0, 0.0, 0.9856080100451039, 0.0, 0.0, 0.0, 0.0, 0.0, 0.0, 0.0, 0.0, 0.0, 0.0, 0.0, 0.0, 0.0, 0.0, 0.0], [0.0, 0.0, 0.0, 0.0, 0.0, 0.9846884243037125, 0.0, 0.0, 0.0, 0.0, 0.0, 0.0, 0.0, 0.0, 0.0, 0.0, 0.0, 0.0, 0.0, 0.0, 0.0], [0.0, 0.0, 0.0, 0.0, 0.0, 0.0, 0.9043782186542044, 0.0, 0.0, 0.0, 0.0, 0.0, 0.0, 0.0, 0.0, 0.0, 0.0, 0.0, 0.0, 0.0, 0.0]], "Born radii": [], "Atomic SASAs": [], "Solvent H bonds": [], "Total SASA": NaN, "Total FOD": 0.0, "FOD": [0.0, 0.0, 0.0, 0.0, 0.0, 0.0, 0.0, 0.0, 0.0, 0.0, 0.0, 0.0, 0.0, 0.0, 0.0, 0.0, 0.0, 0.0, 0.0, 0.0, 0.0], "FOD s proportion": [0.0, 0.0, 0.0, 0.0, 0.0, 0.0, 0.0, 0.0, 0.0, 0.0, 0.0, 0.0, 0.0, 0.0, 0.0, 0.0, 0.0, 0.0, 0.0, 0.0, 0.0], "FOD p proportion": [0.0, 0.0, 0.0, 0.0, 0.0, 0.0, 0.0, 0.0, 0.0, 0.0, 0.0, 0.0, 0.0, 0.0, 0.0, 0.0, 0.0, 0.0, 0.0, 0.0, 0.0], "FOD d proportion": [0.0, 0.0, 0.0, 0.0, 0.0, 0.0, 0.0, 0.0, 0.0, 0.0, 0.0, 0.0, 0.0, 0.0, 0.0, 0.0, 0.0, 0.0, 0.0, 0.0, 0.0], "coordinates": [["-2.82650", "0.42630", "0.40870"], ["-2.04950", "-0.19030", "-0.74410"], ["-0.70030", "-0.78090", "-0.32710"], ["0.30060", "0.27500", "0.15740"], ["1.66320", "-0.33780", "0.49820"], ["2.61450", "0.71130", "1.05850"], ["2.23620", "-0.89250", "-0.68250"], ["-2.32130", "1.31140", "0.80600"], ["-3.81910", "0.73790", "0.06780"], ["-2.95870", "-0.29290", "1.22310"], ["-2.65700", "-0.99080", "-1.18320"], ["-1.90190", "0.56130", "-1.52840"], ["-0.85490", "-1.53040", "0.45860"], ["-0.28240", "-1.31120", "-1.19130"], ["0.42400", "1.02790", "-0.63130"], ["-0.09500", "0.78290", "1.04370"], ["1.53710", "-1.14680", "1.22650"], ["2.79970", "1.50410", "0.32530"], ["2.21590", "1.16290", "1.97200"], ["3.58700", "0.26290", "1.28860"], ["3.08860", "-1.29040", "-0.43610"]], "bond_dist": [[0.0, 1.5208130720111528, 2.553323308944639, 3.140827564512257, 4.555136128591548, 5.487070806905995, 5.34423822167388, 1.0938356092210564, 1.0947886234337663, 1.094519456199843, 2.138000998596586, 2.1506897893466643, 2.778195720247225, 3.4715055897981784, 3.465439771515298, 2.826920729344917, 4.710036667585508, 5.729112919117584, 5.330317458651033, 6.4756394139883975, 6.216844371544136], [1.5208130720111528, 0.0, 1.530698533350052, 2.5597219282570522, 3.917806379850847, 5.080860686930905, 4.343282616869412, 2.1752673720717643, 2.1569007881680604, 2.1695730547736805, 1.0966609822547715, 1.0962731457077657, 2.1608851103193802, 2.1398708045113377, 2.759517590087079, 2.82195275119907, 4.202601119544894, 5.246841750996498, 5.234690689047444, 6.008942650749797, 5.26356871523494], [2.553323308944639, 1.530698533350052, 0.0, 1.5334490112162193, 2.542359130807448, 3.8903016901006535, 2.9600331028554394, 2.879110261869107, 3.4913626122189028, 2.782379305558464, 2.146075513582875, 2.1652863759789374, 1.0968025802303714, 1.0966768621613205, 2.1513590053731155, 2.1658603763862527, 2.748365792612039, 4.230466967132588, 4.191472496629317, 4.699036733203945, 3.824556766476346], [3.140827564512257, 2.5597219282570522, 1.5334490112162193, 0.0, 1.5324318059868112, 2.521204495870972, 2.4114384960019195, 2.8929511800236107, 4.146592897789702, 3.475811184457521, 3.4852339605828475, 2.7883499744472533, 2.1645717474826287, 2.1621542798792133, 1.0973302419964557, 1.0954403041699716, 2.1664307743382896, 2.790049825719964, 2.7837948308020115, 3.4756560258460563, 3.252024509440235], [4.555136128591548, 3.917806379850847, 2.542359130807448, 1.5324318059868112, 0.0, 1.5229965823993172, 1.4248065061614505, 4.323290613641419, 5.603390753820404, 4.678616850095763, 4.681628242396015, 4.198264686748562, 2.786519429323973, 2.7545012561260522, 2.1625270819113456, 2.1551811942386654, 1.095811617021831, 2.1712029545853144, 2.174779119818838, 2.164850823959933, 1.9524672622095356], [5.487070806905995, 5.080860686930905, 3.8903016901006535, 2.521204495870972, 1.5229965823993172, 0.0, 2.3971579693462006, 4.978553796033544, 6.509485617927119, 5.6653392696289595, 5.975874459022712, 5.206958860025687, 4.173947203786843, 4.1885720597836205, 2.7845915050506065, 2.7104862755601626, 2.154425763399612, 1.0956336614032995, 1.0942151388095487, 1.0953377652578224, 2.5427156467053096], [5.34423822167388, 4.343282616869412, 2.9600331028554394, 2.4114384960019195, 1.4248065061614505, 2.3971579693462006, 0.0, 5.276704815507496, 6.315679879474577, 5.565771961731814, 4.919732677697032, 4.46687282782933, 3.3561771154097335, 2.603369564621973, 2.6409518056943035, 3.3498097020577156, 2.0488265665985494, 2.6602414646042942, 3.357298244124284, 2.654212691176048, 0.9724315554320518], [1.0938356092210564, 2.1752673720717643, 2.879110261869107, 2.8929511800236107, 4.323290613641419, 4.978553796033544, 5.276704815507496, 0.0, 1.765572521874987, 1.7759588001977973, 3.0610024452783438, 2.4875630102572277, 3.2166508918438756, 3.87612580549187, 3.1117319341485694, 2.3004836947911627, 4.594215716528773, 5.1471202414554105, 4.686981127548948, 6.0199886960026765, 6.130187081973927], [1.0947886234337663, 2.1569007881680604, 3.4913626122189028, 4.146592897789702, 5.603390753820404, 6.509485617927119, 6.315679879474577, 1.765572521874987, 0.0, 1.7713144526029252, 2.429790340749588, 2.5009393915087186, 3.7529176876131993, 4.276960428855989, 4.310074062008679, 3.850107351750078, 5.795132286669563, 6.667974364827748, 6.342541102744231, 7.521056764178821, 7.216940860918842], [1.094519456199843, 2.1695730547736805, 2.782379305558464, 3.475811184457521, 4.678616850095763, 5.6653392696289595, 5.565771961731814, 1.7759588001977973, 1.7713144526029252, 0.0, 2.523562361028552, 3.0687515588590744, 2.5577022774357454, 3.7455098371249806, 4.077495713057219, 3.064360894215954, 4.576174648109488, 6.098723177846327, 5.427401773408709, 6.569580837465964, 6.349628979712122], [2.138000998596586, 1.0966609822547715, 2.146075513582875, 3.4852339605828475, 4.681628242396015, 5.975874459022712, 4.919732677697032, 3.0610024452783438, 2.429790340749588, 2.523562361028552, 0.0, 1.7602140381215008, 2.4968459724220073, 2.396131659571318, 3.724554241785183, 3.8300051305448664, 4.839572801394767, 6.186733641429862, 6.191838591242507, 6.831478239005084, 5.801709914326981], [2.1506897893466643, 1.0962731457077657, 2.1652863759789374, 2.7883499744472533, 4.198264686748562, 5.206958860025687, 4.46687282782933, 2.4875630102572277, 2.5009393915087186, 3.0687515588590744, 1.7602140381215008, 0.0, 3.069134550651046, 2.4985341522580793, 2.536200855610612, 3.1511414725460996, 4.725865065784253, 5.141023058691723, 5.43792235693008, 6.176775434642254, 5.433875452197999], [2.778195720247225, 2.1608851103193802, 1.0968025802303714, 2.1645717474826287, 2.786519429323973, 4.173947203786843, 3.3561771154097335, 3.2166508918438756, 3.7529176876131993, 2.5577022774357454, 2.4968459724220073, 3.069134550651046, 0.0, 1.7601065024594393, 3.060778677068958, 2.504225810505115, 2.541354632868069, 4.752058532888668, 4.355922071157839, 4.8616150094387365, 4.050836992523891], [3.4715055897981784, 2.1398708045113377, 1.0966768621613205, 2.1621542798792133, 2.7545012561260522, 4.1885720597836205, 2.603369564621973, 3.87612580549187, 4.276960428855989, 3.7455098371249806, 2.396131659571318, 2.4985341522580793, 1.7601065024594393, 0.0, 2.5067887366110453, 3.0684847351746756, 3.030406647629984, 4.441320756261587, 4.729602582670134, 4.857978095874867, 3.4546201933063494], [3.465439771515298, 2.759517590087079, 2.1513590053731155, 1.0973302419964557, 2.1625270819113456, 2.7845915050506065, 2.6409518056943035, 3.1117319341485694, 4.310074062008679, 4.077495713057219, 3.724554241785183, 2.536200855610612, 3.060778677068958, 2.5067887366110453, 0.0, 1.7705962272635736, 3.0691582787467966, 2.604956907513059, 3.1632738578883743, 3.77833429039835, 3.537331068757913], [2.826920729344917, 2.82195275119907, 2.1658603763862527, 1.0954403041699716, 2.1551811942386654, 2.7104862755601626, 3.3498097020577156, 2.3004836947911627, 3.850107351750078, 3.064360894215954, 3.8300051305448664, 3.1511414725460996, 2.504225810505115, 3.0684847351746756, 1.7705962272635736, 0.0, 2.5339511321254795, 3.0684712952869546, 2.519206164647904, 3.726593620184525, 4.077215948413819], [4.710036667585508, 4.202601119544894, 2.748365792612039, 2.1664307743382896, 1.095811617021831, 2.154425763399612, 2.0488265665985494, 4.594215716528773, 5.795132286669563, 4.576174648109488, 4.839572801394767, 4.725865065784253, 2.541354632868069, 3.030406647629984, 3.0691582787467966, 2.5339511321254795, 0.0, 3.071415147777975, 2.5201693951002584, 2.488614174595974, 2.2785986855960396], [5.729112919117584, 5.246841750996498, 4.230466967132588, 2.790049825719964, 2.1712029545853144, 1.0956336614032995, 2.6602414646042942, 5.1471202414554105, 6.667974364827748, 6.098723177846327, 6.186733641429862, 5.141023058691723, 4.752058532888668, 4.441320756261587, 2.604956907513059, 3.0684712952869546, 3.071415147777975, 0.0, 1.7801294250699864, 1.7573746384877642, 2.9107427608773677], [5.330317458651033, 5.234690689047444, 4.191472496629317, 2.7837948308020115, 2.174779119818838, 1.0942151388095487, 3.357298244124284, 4.686981127548948, 6.342541102744231, 5.427401773408709, 6.191838591242507, 5.43792235693008, 4.355922071157839, 4.729602582670134, 3.1632738578883743, 2.519206164647904, 2.5201693951002584, 1.7801294250699864, 0.0, 1.7767810135185487, 3.546721273232505], [6.4756394139883975, 6.008942650749797, 4.699036733203945, 3.4756560258460563, 2.164850823959933, 1.0953377652578224, 2.654212691176048, 6.0199886960026765, 7.521056764178821, 6.569580837465964, 6.831478239005084, 6.176775434642254, 4.8616150094387365, 4.857978095874867, 3.77833429039835, 3.726593620184525, 2.488614174595974, 1.7573746384877642, 1.7767810135185487, 0.0, 2.373969995598091], [6.216844371544136, 5.26356871523494, 3.824556766476346, 3.252024509440235, 1.9524672622095356, 2.5427156467053096, 0.9724315554320518, 6.130187081973927, 7.216940860918842, 6.349628979712122, 5.801709914326981, 5.433875452197999, 4.050836992523891, 3.4546201933063494, 3.537331068757913, 4.077215948413819, 2.2785986855960396, 2.9107427608773677, 3.546721273232505, 2.373969995598091, 0.0]]}