{"total energy": -64.59205014, "HOMO-LUMO gap/eV": 3.71668296, "electronic energy": -65.43860367, "dipole": [-0.71187736, -0.45708936, 0.51838381], "partial charges": [0.03652035, -0.29448625, 0.39837577, -0.44319143, -0.16631713, 0.08174795, -0.05745757, -0.02726323, -0.0449342, 0.15158215, -0.29948858, 0.39787446, -0.43539825, -0.16589425, 0.07730866, -0.05014703, -0.03030862, -0.04629173, 0.01993968, -0.10820394, -0.0634649, -0.06015552, 0.06347056, 0.06399751, 0.06515749, 0.19749831, 0.04041674, 0.05064602, 0.05730769, 0.19544195, 0.06740327, 0.03908444, 0.0332903, 0.04444089, 0.04234535, 0.05043924, 0.03011459, 0.08859922], "atomic dipole moments": [[0.10608358, -0.18809913, -0.15862546], [0.13434185, 0.10999638, 0.16911818], [-0.13248019, 0.01208259, -0.04046911], [-0.11968202, -0.08570213, -0.13872364], [0.0256867, 0.02076999, 0.03100568], [-0.14626223, 0.09438648, 0.04194397], [-0.0004572, 0.03781872, 0.03609932], [0.00527625, 0.01127077, 0.00917827], [-0.00814837, 0.02714996, 0.01706253], [0.22411071, 0.07603308, 0.14182427], [0.00573789, 0.01925925, -0.2109123], [-0.10272759, -0.0430484, 0.08400391], [-0.01129337, -0.02647571, 0.18975497], [-0.00262852, 0.0064041, -0.0440803], [-0.18457296, -0.06632202, 0.01354933], [-0.00982935, -0.01082206, 0.05603058], [-0.01104809, -0.00404085, -0.00389974], [-0.0086702, -0.00258265, 0.00957895], [0.04407981, 0.00089037, 0.07425702], [-0.04526166, 0.00245673, -0.05999484], [-0.0261738, -0.0035969, -0.03161862], [-0.01130463, -0.03923945, -0.03587861], [0.00712546, -0.04410666, 0.12226537], [0.06423183, 0.1110248, -0.0232885], [-0.12152089, 0.0220626, -0.02413692], [-0.10930446, -0.02972364, -0.07307721], [-0.11674053, -0.04111761, -0.08570016], [0.00581726, -0.10631425, -0.10856325], [0.13182468, -0.07798244, -0.03293695], [-0.0463718, -0.03014805, 0.12283658], [-0.0757921, -0.00952366, -0.13773774], [0.05630736, 0.03747677, -0.13591231], [0.13998371, 0.05435731, -0.01797435], [0.12561833, -0.01844194, -0.02455492], [-0.02628105, -0.09084451, 0.08720908], [-0.01951907, 0.12003571, 0.05061564], [-0.05104994, -0.0324506, 0.13811878], [0.00527271, 0.10981616, 0.1171156]], "atomic quadrupole moments": [[-0.1273353, -0.2240112, 0.11460865, -0.16797889, 0.36174166, 0.01272665], [0.02270298, -0.05837558, -0.00499464, -0.00870191, 0.09389169, -0.01770834], [-0.01435019, 0.02707924, 0.05078831, -0.12686843, -0.34519223, -0.03643812], [-0.05541545, 0.05551756, 0.02922848, -0.02104578, -0.10687479, 0.02618697], [-0.02786515, -0.03366516, 0.0273385, -0.0444609, 0.01993606, 0.00052665], [-0.05092826, -0.02901747, 0.07771371, -0.18747246, -0.32079733, -0.02678544], [-0.1884408, 0.1132432, 0.10708606, -0.12231407, -0.31837272, 0.08135474], [-0.2032131, 0.14784465, 0.1067681, -0.12311142, -0.38770151, 0.096445], [-0.2075136, 0.15047648, 0.09632351, -0.11936186, -0.34506631, 0.1111901], [0.02086297, 0.271002, -0.08780022, 0.16208175, -0.30325627, 0.06693725], [0.06239733, 0.04080223, -0.07104919, 0.02174906, 0.00279838, 0.00865186], [-0.02382384, -0.13703771, 0.34113126, -0.13391921, 0.04770446, -0.31730742], [-0.05926209, -0.07550411, 0.1263116, -0.01636347, 0.02049117, -0.06704951], [0.02718356, 0.00353835, 0.00426465, 0.04013378, 0.01777811, -0.03144821], [0.05200207, -0.10517089, 0.323016, -0.05266538, 0.0697537, -0.37501807], [-0.15162934, -0.22777216, 0.40863214, -0.03144973, 0.08032764, -0.2570028], [-0.16724217, -0.24966391, 0.43360893, -0.02016001, 0.09275682, -0.26636676], [-0.16373058, -0.2385358, 0.39165676, -0.01506081, 0.0869088, -0.22792618], [-0.18627451, -0.23379358, 0.34234749, 0.09614913, 0.10595587, -0.15607298], [0.00187323, 0.04082518, -0.11714516, 0.11654836, 0.02098197, 0.11527193], [-0.15364704, -0.2012423, 0.35716414, -0.00546495, 0.07001716, -0.2035171], [-0.16614314, 0.10241388, 0.10728028, -0.11759203, -0.35632783, 0.05886286], [-0.04355308, -0.02223585, -0.00865723, 0.00741453, -0.02059334, 0.05221031], [-0.00402483, 0.03908446, 0.03402571, -0.02688104, 0.00316072, -0.03000089], [0.07201976, -0.0170337, -0.03992323, 0.03222236, 0.0110156, -0.03209653], [0.01520115, -0.00624076, -0.01393795, 0.02284735, 0.04954958, -0.0012632], [0.03668959, -0.02117024, -0.01874722, 0.0160617, 0.04082435, -0.01794238], [0.03398795, -0.01736178, -0.01736582, 0.02013428, 0.0447683, -0.01662212], [0.02898759, -0.01055664, -0.01347316, 0.02026447, 0.03683952, -0.01551443], [0.00802455, 0.02422186, -0.05233878, 0.00532215, -0.01087745, 0.04431422], [0.0391102, 0.03563898, -0.04745661, 0.0020629, -0.00721952, 0.00834641], [0.02754108, 0.03351459, -0.05650117, 0.00987392, -0.00862797, 0.0289601], [0.02157954, 0.03014518, -0.05567795, 0.00963953, -0.00935409, 0.03409841], [0.07055581, -0.00827181, -0.05689785, -0.03180751, 0.00319064, -0.01365796], [-0.0221482, 0.03842165, 0.00817095, -0.01579094, -0.05762653, 0.01397725], [-0.03555495, -0.02377576, 0.06038587, -0.00072583, 0.0375532, -0.02483093], [0.02371328, 0.03097084, -0.05151046, -0.00191893, -0.01220064, 0.02779718], [0.02303447, -0.01924907, -0.00987153, 0.00560731, 0.03489169, -0.01316294]], "number of molecular orbitals": 104, "number of electrons": 114, "number of unpaired electrons": 0, "orbital energies/eV": [-20.30275838, -20.0078559, -19.44146684, -19.29216374, -18.81046249, -18.62229569, -18.27166482, -18.03963274, -17.71437669, -17.45658967, -17.1168423, -17.04996828, -16.8719503, -16.75758335, -16.63066144, -16.50525267, -16.29860495, -16.15282387, -16.10466267, -16.00006991, -15.88660006, -15.77225907, -15.60660827, -15.29648769, -15.13513189, -14.99117708, -14.61523621, -14.37927249, -14.30682949, -14.27372711, -14.14289404, -13.9732825, -13.91979289, -13.8421416, -13.54995548, -13.52609276, -13.43679785, -13.27816885, -13.15299942, -13.11428065, -13.06722894, -12.82572547, -12.71705653, -12.49491379, -12.38565213, -12.24619669, -12.22968486, -12.01879768, -11.97482995, -11.92319486, -11.65265412, -11.40988443, -11.2710386, -11.04384521, -10.74981897, -10.63556343, -10.33571716, -6.6190342, -6.53582519, -6.27107357, -6.07601847, -5.298949, -5.106677, -2.81611671, -2.49682453, -0.99742619, -0.426766, 1.18866714, 1.76097309, 2.52601877, 2.68467614, 3.08319145, 3.12418192, 3.31525736, 3.51844422, 3.95978654, 4.16971837, 4.29212172, 4.56192576, 4.7385352, 4.87251007, 4.97371797, 5.07236531, 5.18378967, 5.32835531, 5.94442015, 6.01310983, 6.21630796, 7.02610136, 7.05227619, 9.79572636, 10.46694445, 10.5919668, 10.6916375, 11.29524968, 11.77289893, 12.05620479, 12.2602347, 16.16452574, 16.34521452, 16.58719028, 16.83703651, 17.7169222, 17.95573553], "fractional occupation": [2.0, 2.0, 2.0, 2.0, 2.0, 2.0, 2.0, 2.0, 2.0, 2.0, 2.0, 2.0, 2.0, 2.0, 2.0, 2.0, 2.0, 2.0, 2.0, 2.0, 2.0, 2.0, 2.0, 2.0, 2.0, 2.0, 2.0, 2.0, 2.0, 2.0, 2.0, 2.0, 2.0, 2.0, 2.0, 2.0, 2.0, 2.0, 2.0, 2.0, 2.0, 2.0, 2.0, 2.0, 2.0, 2.0, 2.0, 2.0, 2.0, 2.0, 2.0, 2.0, 2.0, 2.0, 2.0, 2.0, 2.0, 0.0, 0.0, 0.0, 0.0, 0.0, 0.0, 0.0, 0.0, 0.0, 0.0, 0.0, 0.0, 0.0, 0.0, 0.0, 0.0, 0.0, 0.0, 0.0, 0.0, 0.0, 0.0, 0.0, 0.0, 0.0, 0.0, 0.0, 0.0, 0.0, 0.0, 0.0, 0.0, 0.0, 0.0, 0.0, 0.0, 0.0, 0.0, 0.0, 0.0, 0.0, 0.0, 0.0, 0.0, 0.0, 0.0, 0.0], "program call": "xtb /home/svss/Project-DBcg-Debug/aqme2_20220329/End-to-End-workflows-final/example-3/QDESCP/mol_33_rdkit_conf_4/mol_33_rdkit_conf_4.xyz --pop --wbo --acc 0.2 --gfn 2 --chrg 0 --uhf 0 --etemp 300 --input /home/svss/Project-DBcg-Debug/aqme2_20220329/End-to-End-workflows-final/example-3/QDESCP/mol_33_rdkit_conf_4/mol_33_rdkit_conf_4_xtb.inp", "method": "GFN2-xTB", "xtb version": "6.3.3 (7355c4f)", "Dipole module/D": 2.522, "Total charge": 0, "Transition dipole module/D": NaN, "HOMO": -10.3357, "LUMO": -6.619, "HOMO occupancy": 2.0, "LUMO occupancy": 0, "mulliken charges": [0.17754, -0.43432, 0.65646, -0.55696, -0.31897, 0.15257, -0.08036, -0.01677, -0.061, 0.25883, -0.42953, 0.65398, -0.54701, -0.31566, 0.15042, -0.05982, -0.02077, -0.05562, 0.02192, -0.08658, -0.08699, -0.08199, 0.04281, 0.04358, 0.03517, 0.24219, 0.03418, 0.03806, 0.05435, 0.24198, 0.06199, 0.03368, 0.03017, 0.03616, 0.03465, 0.04178, 0.0306, 0.07929], "cm5 charges": [0.05827, -0.51631, 0.77924, -0.60353, -0.66086, 0.206, -0.12792, -0.07165, -0.11074, 0.2756, -0.4881, 0.77559, -0.59028, -0.65613, 0.20355, -0.107, -0.0759, -0.1089, 0.00455, -0.2299, -0.13271, -0.12386, 0.10424, 0.10502, 0.09427, 0.44483, 0.093, 0.09348, 0.11438, 0.44404, 0.12683, 0.08907, 0.08626, 0.08797, 0.08645, 0.09347, 0.09032, 0.14736], "FUKUI+": [0.015, -0.037, -0.032, -0.062, -0.016, -0.032, -0.027, -0.018, -0.028, -0.02, -0.031, -0.024, -0.054, -0.018, -0.025, -0.01, -0.021, -0.03, -0.023, 0.014, -0.02, -0.015, -0.016, -0.015, -0.026, -0.03, -0.047, -0.046, -0.04, -0.024, -0.023, -0.04, -0.044, -0.023, -0.021, -0.025, -0.034, -0.03], "FUKUI-": [0.012, -0.031, -0.003, -0.039, -0.043, -0.023, -0.024, -0.014, -0.029, -0.012, -0.03, -0.003, -0.042, -0.04, -0.027, -0.029, -0.014, -0.041, -0.03, 0.016, -0.01, -0.015, -0.018, -0.017, -0.023, -0.032, -0.04, -0.039, -0.033, -0.031, -0.035, -0.043, -0.05, -0.032, -0.031, -0.041, -0.036, -0.027], "FUKUIrad": [0.013, -0.034, -0.017, -0.051, -0.03, -0.028, -0.025, -0.016, -0.028, -0.016, -0.03, -0.014, -0.048, -0.029, -0.026, -0.02, -0.017, -0.036, -0.027, 0.015, -0.015, -0.015, -0.017, -0.016, -0.024, -0.031, -0.043, -0.043, -0.036, -0.027, -0.029, -0.042, -0.047, -0.028, -0.026, -0.033, -0.035, -0.029], "s proportion": [0.973, 1.693, 0.918, 1.721, 1.416, 1.038, 1.059, 1.06, 1.06, 1.021, 1.694, 0.925, 1.723, 1.418, 1.038, 1.06, 1.062, 1.059, 1.084, 1.007, 1.061, 1.063, 0.957, 0.956, 0.965, 0.758, 0.966, 0.962, 0.946, 0.758, 0.938, 0.966, 0.97, 0.964, 0.965, 0.958, 0.969, 0.921], "p proportion": [2.85, 4.741, 2.426, 4.836, 3.903, 2.809, 3.022, 2.957, 3.001, 2.721, 4.736, 2.421, 4.824, 3.898, 2.812, 3.0, 2.959, 2.996, 2.894, 3.079, 3.026, 3.019, 0.0, 0.0, 0.0, 0.0, 0.0, 0.0, 0.0, 0.0, 0.0, 0.0, 0.0, 0.0, 0.0, 0.0, 0.0, 0.0], "d proportion": [0.0, 0.0, 0.0, 0.0, 0.0, 0.0, 0.0, 0.0, 0.0, 0.0, 0.0, 0.0, 0.0, 0.0, 0.0, 0.0, 0.0, 0.0, 0.0, 0.0, 0.0, 0.0, 0.0, 0.0, 0.0, 0.0, 0.0, 0.0, 0.0, 0.0, 0.0, 0.0, 0.0, 0.0, 0.0, 0.0, 0.0, 0.0], "Fermi-level/eV": -8.4774, "Coordination numbers": [3.655, 1.707, 2.657, 0.856, 2.694, 2.898, 2.919, 2.912, 2.91, 2.863, 1.707, 2.642, 0.856, 2.692, 2.895, 2.914, 2.91, 2.915, 2.959, 3.755, 2.923, 2.913, 0.924, 0.924, 0.924, 0.86, 0.925, 0.925, 0.925, 0.86, 0.925, 0.925, 0.925, 0.924, 0.924, 0.924, 0.925, 0.925], "Dispersion coefficient C6": [20.254, 18.896, 20.275, 22.564, 24.598, 26.176, 29.428, 28.682, 29.116, 24.71, 18.983, 20.286, 22.402, 24.589, 26.273, 29.245, 28.756, 29.149, 27.561, 22.625, 29.579, 29.495, 2.159, 2.153, 2.14, 1.119, 2.443, 2.312, 2.231, 1.13, 2.114, 2.461, 2.54, 2.391, 2.418, 2.315, 2.585, 1.893], "Total dispersion C6": 17706.158088, "Total dispersion C8": 420766.384158, "Polarizability alpha": [6.461, 5.869, 7.367, 6.369, 7.366, 8.389, 8.896, 8.782, 8.848, 8.148, 5.883, 7.368, 6.346, 7.365, 8.404, 8.868, 8.793, 8.853, 8.611, 6.782, 8.919, 8.906, 2.298, 2.295, 2.288, 1.657, 2.444, 2.378, 2.336, 1.665, 2.274, 2.453, 2.492, 2.418, 2.432, 2.379, 2.514, 2.151], "Total polarizability alpha": 208.064938, "Wiberg matrix": [[0.0, 0.9579971117754029, 0.0, 0.0, 0.0, 0.0, 0.0, 0.0, 0.0, 0.0, 0.0, 0.0, 0.0, 0.0, 0.0, 0.0, 0.0, 0.0, 0.0, 0.0, 0.0, 0.0, 0.9788021009193208, 0.9787635379422757, 0.9817360174696108, 0.0, 0.0, 0.0, 0.0, 0.0, 0.0, 0.0, 0.0, 0.0, 0.0, 0.0, 0.0, 0.0], [0.9579971117754029, 0.0, 1.058189143854661, 0.1378971940282044, 0.0, 0.0, 0.0, 0.0, 0.0, 0.0, 0.0, 0.0, 0.0, 0.0, 0.0, 0.0, 0.0, 0.0, 0.0, 0.0, 0.0, 0.0, 0.0, 0.0, 0.0, 0.0, 0.0, 0.0, 0.0, 0.0, 0.0, 0.0, 0.0, 0.0, 0.0, 0.0, 0.0, 0.0], [0.0, 1.058189143854661, 0.0, 1.6545219810006138, 1.1702506486124167, 0.0, 0.0, 0.0, 0.0, 0.0, 0.0, 0.0, 0.0, 0.0, 0.0, 0.0, 0.0, 0.0, 0.0, 0.0, 0.0, 0.0, 0.0, 0.0, 0.0, 0.0, 0.0, 0.0, 0.0, 0.0, 0.0, 0.0, 0.0, 0.0, 0.0, 0.0, 0.0, 0.0], [0.0, 0.1378971940282044, 1.6545219810006138, 0.0, 0.1437995132258988, 0.0, 0.0, 0.0, 0.0, 0.0, 0.0, 0.0, 0.0, 0.0, 0.0, 0.0, 0.0, 0.0, 0.0, 0.0, 0.0, 0.0, 0.0, 0.0, 0.0, 0.0, 0.0, 0.0, 0.0, 0.0, 0.0, 0.0, 0.0, 0.0, 0.0, 0.0, 0.0, 0.0], [0.0, 0.0, 1.1702506486124167, 0.1437995132258988, 0.0, 1.0728804338499596, 0.0, 0.0, 0.0, 0.0, 0.0, 0.0, 0.0, 0.0, 0.0, 0.0, 0.0, 0.0, 0.0, 0.0, 0.0, 0.0, 0.0, 0.0, 0.0, 0.9285093450138159, 0.0, 0.0, 0.0, 0.0, 0.0, 0.0, 0.0, 0.0, 0.0, 0.0, 0.0, 0.0], [0.0, 0.0, 0.0, 0.0, 1.0728804338499596, 0.0, 1.363252516334528, 0.0, 0.0, 0.0, 0.0, 0.0, 0.0, 0.0, 0.0, 0.0, 0.0, 0.0, 0.0, 0.0, 0.0, 1.3799272345744673, 0.0, 0.0, 0.0, 0.0, 0.0, 0.0, 0.0, 0.0, 0.0, 0.0, 0.0, 0.0, 0.0, 0.0, 0.0, 0.0], [0.0, 0.0, 0.0, 0.0, 0.0, 1.363252516334528, 0.0, 1.451154439138383, 0.0, 0.1005389330849592, 0.0, 0.0, 0.0, 0.0, 0.0, 0.0, 0.0, 0.0, 0.0, 0.0, 0.0, 0.0, 0.0, 0.0, 0.0, 0.0, 0.9676667708113664, 0.0, 0.0, 0.0, 0.0, 0.0, 0.0, 0.0, 0.0, 0.0, 0.0, 0.0], [0.0, 0.0, 0.0, 0.0, 0.0, 0.0, 1.451154439138383, 0.0, 1.4324230641571225, 0.0, 0.0, 0.0, 0.0, 0.0, 0.0, 0.0, 0.0, 0.0, 0.0, 0.0, 0.0, 0.10579784594779017, 0.0, 0.0, 0.0, 0.0, 0.0, 0.9698581239029909, 0.0, 0.0, 0.0, 0.0, 0.0, 0.0, 0.0, 0.0, 0.0, 0.0], [0.0, 0.0, 0.0, 0.0, 0.0, 0.0, 0.0, 1.4324230641571225, 0.0, 1.3963981849425102, 0.0, 0.0, 0.0, 0.0, 0.0, 0.0, 0.0, 0.0, 0.0, 0.0, 0.0, 0.0, 0.0, 0.0, 0.0, 0.0, 0.0, 0.0, 0.9672098184014287, 0.0, 0.0, 0.0, 0.0, 0.0, 0.0, 0.0, 0.0, 0.0], [0.0, 0.0, 0.0, 0.0, 0.0, 0.0, 0.1005389330849592, 0.0, 1.3963981849425102, 0.0, 0.9710466992006471, 0.0, 0.0, 0.0, 0.0, 0.0, 0.0, 0.0, 0.0, 0.0, 0.0, 1.40043643653455, 0.0, 0.0, 0.0, 0.0, 0.0, 0.0, 0.0, 0.0, 0.0, 0.0, 0.0, 0.0, 0.0, 0.0, 0.0, 0.0], [0.0, 0.0, 0.0, 0.0, 0.0, 0.0, 0.0, 0.0, 0.0, 0.9710466992006471, 0.0, 1.0111657126472309, 0.13292190709334128, 0.0, 0.0, 0.0, 0.0, 0.0, 0.0, 0.0, 0.0, 0.0, 0.0, 0.0, 0.0, 0.0, 0.0, 0.0, 0.0, 0.0, 0.0, 0.0, 0.0, 0.0, 0.0, 0.0, 0.0, 0.0], [0.0, 0.0, 0.0, 0.0, 0.0, 0.0, 0.0, 0.0, 0.0, 0.0, 1.0111657126472309, 0.0, 1.6682175315765164, 1.1852130663639295, 0.0, 0.0, 0.0, 0.0, 0.0, 0.0, 0.0, 0.0, 0.0, 0.0, 0.0, 0.0, 0.0, 0.0, 0.0, 0.0, 0.0, 0.0, 0.0, 0.0, 0.0, 0.0, 0.0, 0.0], [0.0, 0.0, 0.0, 0.0, 0.0, 0.0, 0.0, 0.0, 0.0, 0.0, 0.13292190709334128, 1.6682175315765164, 0.0, 0.15010385048435562, 0.0, 0.0, 0.0, 0.0, 0.0, 0.0, 0.0, 0.0, 0.0, 0.0, 0.0, 0.0, 0.0, 0.0, 0.0, 0.0, 0.0, 0.0, 0.0, 0.0, 0.0, 0.0, 0.0, 0.0], [0.0, 0.0, 0.0, 0.0, 0.0, 0.0, 0.0, 0.0, 0.0, 0.0, 0.0, 1.1852130663639295, 0.15010385048435562, 0.0, 1.061565661229378, 0.0, 0.0, 0.0, 0.0, 0.0, 0.0, 0.0, 0.0, 0.0, 0.0, 0.0, 0.0, 0.0, 0.0, 0.9292636415146964, 0.0, 0.0, 0.0, 0.0, 0.0, 0.0, 0.0, 0.0], [0.0, 0.0, 0.0, 0.0, 0.0, 0.0, 0.0, 0.0, 0.0, 0.0, 0.0, 0.0, 0.0, 1.061565661229378, 0.0, 1.3778574306878184, 0.0, 0.0, 0.0, 0.0, 1.3707976054590363, 0.0, 0.0, 0.0, 0.0, 0.0, 0.0, 0.0, 0.0, 0.0, 0.0, 0.0, 0.0, 0.0, 0.0, 0.0, 0.0, 0.0], [0.0, 0.0, 0.0, 0.0, 0.0, 0.0, 0.0, 0.0, 0.0, 0.0, 0.0, 0.0, 0.0, 0.0, 1.3778574306878184, 0.0, 1.4401840109309754, 0.0, 0.10384189554581932, 0.0, 0.0, 0.0, 0.0, 0.0, 0.0, 0.0, 0.0, 0.0, 0.0, 0.0, 0.9630687618754208, 0.0, 0.0, 0.0, 0.0, 0.0, 0.0, 0.0], [0.0, 0.0, 0.0, 0.0, 0.0, 0.0, 0.0, 0.0, 0.0, 0.0, 0.0, 0.0, 0.0, 0.0, 0.0, 1.4401840109309754, 0.0, 1.4421805714791418, 0.0, 0.0, 0.10756035612393003, 0.0, 0.0, 0.0, 0.0, 0.0, 0.0, 0.0, 0.0, 0.0, 0.0, 0.9709324409067559, 0.0, 0.0, 0.0, 0.0, 0.0, 0.0], [0.0, 0.0, 0.0, 0.0, 0.0, 0.0, 0.0, 0.0, 0.0, 0.0, 0.0, 0.0, 0.0, 0.0, 0.0, 0.0, 1.4421805714791418, 0.0, 1.4036023255871746, 0.0, 0.0, 0.0, 0.0, 0.0, 0.0, 0.0, 0.0, 0.0, 0.0, 0.0, 0.0, 0.0, 0.9695530754428743, 0.0, 0.0, 0.0, 0.0, 0.0], [0.0, 0.0, 0.0, 0.0, 0.0, 0.0, 0.0, 0.0, 0.0, 0.0, 0.0, 0.0, 0.0, 0.0, 0.0, 0.10384189554581932, 0.0, 1.4036023255871746, 0.0, 1.0264015070954193, 1.4212881094367427, 0.0, 0.0, 0.0, 0.0, 0.0, 0.0, 0.0, 0.0, 0.0, 0.0, 0.0, 0.0, 0.0, 0.0, 0.0, 0.0, 0.0], [0.0, 0.0, 0.0, 0.0, 0.0, 0.0, 0.0, 0.0, 0.0, 0.0, 0.0, 0.0, 0.0, 0.0, 0.0, 0.0, 0.0, 0.0, 1.0264015070954193, 0.0, 0.0, 0.0, 0.0, 0.0, 0.0, 0.0, 0.0, 0.0, 0.0, 0.0, 0.0, 0.0, 0.0, 0.9820334486932826, 0.9816642501674429, 0.9674496858652053, 0.0, 0.0], [0.0, 0.0, 0.0, 0.0, 0.0, 0.0, 0.0, 0.0, 0.0, 0.0, 0.0, 0.0, 0.0, 0.0, 1.3707976054590363, 0.0, 0.10756035612393003, 0.0, 1.4212881094367427, 0.0, 0.0, 0.0, 0.0, 0.0, 0.0, 0.0, 0.0, 0.0, 0.0, 0.0, 0.0, 0.0, 0.0, 0.0, 0.0, 0.0, 0.9662683444964706, 0.0], [0.0, 0.0, 0.0, 0.0, 0.0, 1.3799272345744673, 0.0, 0.10579784594779017, 0.0, 1.40043643653455, 0.0, 0.0, 0.0, 0.0, 0.0, 0.0, 0.0, 0.0, 0.0, 0.0, 0.0, 0.0, 0.0, 0.0, 0.0, 0.0, 0.0, 0.0, 0.0, 0.0, 0.0, 0.0, 0.0, 0.0, 0.0, 0.0, 0.0, 0.9579352940804442], [0.9788021009193208, 0.0, 0.0, 0.0, 0.0, 0.0, 0.0, 0.0, 0.0, 0.0, 0.0, 0.0, 0.0, 0.0, 0.0, 0.0, 0.0, 0.0, 0.0, 0.0, 0.0, 0.0, 0.0, 0.0, 0.0, 0.0, 0.0, 0.0, 0.0, 0.0, 0.0, 0.0, 0.0, 0.0, 0.0, 0.0, 0.0, 0.0], [0.9787635379422757, 0.0, 0.0, 0.0, 0.0, 0.0, 0.0, 0.0, 0.0, 0.0, 0.0, 0.0, 0.0, 0.0, 0.0, 0.0, 0.0, 0.0, 0.0, 0.0, 0.0, 0.0, 0.0, 0.0, 0.0, 0.0, 0.0, 0.0, 0.0, 0.0, 0.0, 0.0, 0.0, 0.0, 0.0, 0.0, 0.0, 0.0], [0.9817360174696108, 0.0, 0.0, 0.0, 0.0, 0.0, 0.0, 0.0, 0.0, 0.0, 0.0, 0.0, 0.0, 0.0, 0.0, 0.0, 0.0, 0.0, 0.0, 0.0, 0.0, 0.0, 0.0, 0.0, 0.0, 0.0, 0.0, 0.0, 0.0, 0.0, 0.0, 0.0, 0.0, 0.0, 0.0, 0.0, 0.0, 0.0], [0.0, 0.0, 0.0, 0.0, 0.9285093450138159, 0.0, 0.0, 0.0, 0.0, 0.0, 0.0, 0.0, 0.0, 0.0, 0.0, 0.0, 0.0, 0.0, 0.0, 0.0, 0.0, 0.0, 0.0, 0.0, 0.0, 0.0, 0.0, 0.0, 0.0, 0.0, 0.0, 0.0, 0.0, 0.0, 0.0, 0.0, 0.0, 0.0], [0.0, 0.0, 0.0, 0.0, 0.0, 0.0, 0.9676667708113664, 0.0, 0.0, 0.0, 0.0, 0.0, 0.0, 0.0, 0.0, 0.0, 0.0, 0.0, 0.0, 0.0, 0.0, 0.0, 0.0, 0.0, 0.0, 0.0, 0.0, 0.0, 0.0, 0.0, 0.0, 0.0, 0.0, 0.0, 0.0, 0.0, 0.0, 0.0], [0.0, 0.0, 0.0, 0.0, 0.0, 0.0, 0.0, 0.9698581239029909, 0.0, 0.0, 0.0, 0.0, 0.0, 0.0, 0.0, 0.0, 0.0, 0.0, 0.0, 0.0, 0.0, 0.0, 0.0, 0.0, 0.0, 0.0, 0.0, 0.0, 0.0, 0.0, 0.0, 0.0, 0.0, 0.0, 0.0, 0.0, 0.0, 0.0], [0.0, 0.0, 0.0, 0.0, 0.0, 0.0, 0.0, 0.0, 0.9672098184014287, 0.0, 0.0, 0.0, 0.0, 0.0, 0.0, 0.0, 0.0, 0.0, 0.0, 0.0, 0.0, 0.0, 0.0, 0.0, 0.0, 0.0, 0.0, 0.0, 0.0, 0.0, 0.0, 0.0, 0.0, 0.0, 0.0, 0.0, 0.0, 0.0], [0.0, 0.0, 0.0, 0.0, 0.0, 0.0, 0.0, 0.0, 0.0, 0.0, 0.0, 0.0, 0.0, 0.9292636415146964, 0.0, 0.0, 0.0, 0.0, 0.0, 0.0, 0.0, 0.0, 0.0, 0.0, 0.0, 0.0, 0.0, 0.0, 0.0, 0.0, 0.0, 0.0, 0.0, 0.0, 0.0, 0.0, 0.0, 0.0], [0.0, 0.0, 0.0, 0.0, 0.0, 0.0, 0.0, 0.0, 0.0, 0.0, 0.0, 0.0, 0.0, 0.0, 0.0, 0.9630687618754208, 0.0, 0.0, 0.0, 0.0, 0.0, 0.0, 0.0, 0.0, 0.0, 0.0, 0.0, 0.0, 0.0, 0.0, 0.0, 0.0, 0.0, 0.0, 0.0, 0.0, 0.0, 0.0], [0.0, 0.0, 0.0, 0.0, 0.0, 0.0, 0.0, 0.0, 0.0, 0.0, 0.0, 0.0, 0.0, 0.0, 0.0, 0.0, 0.9709324409067559, 0.0, 0.0, 0.0, 0.0, 0.0, 0.0, 0.0, 0.0, 0.0, 0.0, 0.0, 0.0, 0.0, 0.0, 0.0, 0.0, 0.0, 0.0, 0.0, 0.0, 0.0], [0.0, 0.0, 0.0, 0.0, 0.0, 0.0, 0.0, 0.0, 0.0, 0.0, 0.0, 0.0, 0.0, 0.0, 0.0, 0.0, 0.0, 0.9695530754428743, 0.0, 0.0, 0.0, 0.0, 0.0, 0.0, 0.0, 0.0, 0.0, 0.0, 0.0, 0.0, 0.0, 0.0, 0.0, 0.0, 0.0, 0.0, 0.0, 0.0], [0.0, 0.0, 0.0, 0.0, 0.0, 0.0, 0.0, 0.0, 0.0, 0.0, 0.0, 0.0, 0.0, 0.0, 0.0, 0.0, 0.0, 0.0, 0.0, 0.9820334486932826, 0.0, 0.0, 0.0, 0.0, 0.0, 0.0, 0.0, 0.0, 0.0, 0.0, 0.0, 0.0, 0.0, 0.0, 0.0, 0.0, 0.0, 0.0], [0.0, 0.0, 0.0, 0.0, 0.0, 0.0, 0.0, 0.0, 0.0, 0.0, 0.0, 0.0, 0.0, 0.0, 0.0, 0.0, 0.0, 0.0, 0.0, 0.9816642501674429, 0.0, 0.0, 0.0, 0.0, 0.0, 0.0, 0.0, 0.0, 0.0, 0.0, 0.0, 0.0, 0.0, 0.0, 0.0, 0.0, 0.0, 0.0], [0.0, 0.0, 0.0, 0.0, 0.0, 0.0, 0.0, 0.0, 0.0, 0.0, 0.0, 0.0, 0.0, 0.0, 0.0, 0.0, 0.0, 0.0, 0.0, 0.9674496858652053, 0.0, 0.0, 0.0, 0.0, 0.0, 0.0, 0.0, 0.0, 0.0, 0.0, 0.0, 0.0, 0.0, 0.0, 0.0, 0.0, 0.0, 0.0], [0.0, 0.0, 0.0, 0.0, 0.0, 0.0, 0.0, 0.0, 0.0, 0.0, 0.0, 0.0, 0.0, 0.0, 0.0, 0.0, 0.0, 0.0, 0.0, 0.0, 0.9662683444964706, 0.0, 0.0, 0.0, 0.0, 0.0, 0.0, 0.0, 0.0, 0.0, 0.0, 0.0, 0.0, 0.0, 0.0, 0.0, 0.0, 0.0], [0.0, 0.0, 0.0, 0.0, 0.0, 0.0, 0.0, 0.0, 0.0, 0.0, 0.0, 0.0, 0.0, 0.0, 0.0, 0.0, 0.0, 0.0, 0.0, 0.0, 0.0, 0.9579352940804442, 0.0, 0.0, 0.0, 0.0, 0.0, 0.0, 0.0, 0.0, 0.0, 0.0, 0.0, 0.0, 0.0, 0.0, 0.0, 0.0]], "Born radii": [], "Atomic SASAs": [], "Solvent H bonds": [], "Total SASA": NaN, "Total FOD": 0.0, "FOD": [0.0, 0.0, 0.0, 0.0, 0.0, 0.0, 0.0, 0.0, 0.0, 0.0, 0.0, 0.0, 0.0, 0.0, 0.0, 0.0, 0.0, 0.0, 0.0, 0.0, 0.0, 0.0, 0.0, 0.0, 0.0, 0.0, 0.0, 0.0, 0.0, 0.0, 0.0, 0.0, 0.0, 0.0, 0.0, 0.0, 0.0, 0.0], "FOD s proportion": [0.0, 0.0, 0.0, 0.0, 0.0, 0.0, 0.0, 0.0, 0.0, 0.0, 0.0, 0.0, 0.0, 0.0, 0.0, 0.0, 0.0, 0.0, 0.0, 0.0, 0.0, 0.0, 0.0, 0.0, 0.0, 0.0, 0.0, 0.0, 0.0, 0.0, 0.0, 0.0, 0.0, 0.0, 0.0, 0.0, 0.0, 0.0], "FOD p proportion": [0.0, 0.0, 0.0, 0.0, 0.0, 0.0, 0.0, 0.0, 0.0, 0.0, 0.0, 0.0, 0.0, 0.0, 0.0, 0.0, 0.0, 0.0, 0.0, 0.0, 0.0, 0.0, 0.0, 0.0, 0.0, 0.0, 0.0, 0.0, 0.0, 0.0, 0.0, 0.0, 0.0, 0.0, 0.0, 0.0, 0.0, 0.0], "FOD d proportion": [0.0, 0.0, 0.0, 0.0, 0.0, 0.0, 0.0, 0.0, 0.0, 0.0, 0.0, 0.0, 0.0, 0.0, 0.0, 0.0, 0.0, 0.0, 0.0, 0.0, 0.0, 0.0, 0.0, 0.0, 0.0, 0.0, 0.0, 0.0, 0.0, 0.0, 0.0, 0.0, 0.0, 0.0, 0.0, 0.0, 0.0, 0.0], "coordinates": [["-6.93220", "1.95310", "0.82660"], ["-6.45320", "0.94210", "-0.06180"], ["-5.14010", "0.62740", "0.11160"], ["-4.41980", "1.14670", "0.94980"], ["-4.81780", "-0.34080", "-0.79590"], ["-3.57880", "-0.97120", "-0.99990"], ["-3.51770", "-1.95620", "-1.99690"], ["-2.32570", "-2.63980", "-2.25810"], ["-1.17880", "-2.34110", "-1.52870"], ["-1.23700", "-1.34550", "-0.55630"], ["-0.12110", "-1.04300", "0.23880"], ["1.00690", "-0.55980", "-0.42100"], ["1.08520", "-0.38190", "-1.62810"], ["1.97760", "-0.33390", "0.52040"], ["3.28390", "0.14910", "0.33220"], ["3.81600", "0.48670", "-0.91220"], ["5.12450", "0.96660", "-1.01340"], ["5.91310", "1.10860", "0.12720"], ["5.40320", "0.76180", "1.38130"], ["6.23410", "0.94490", "2.61670"], ["4.08350", "0.29490", "1.47490"], ["-2.42700", "-0.67210", "-0.27190"], ["-6.85220", "1.61990", "1.86610"], ["-6.38530", "2.88890", "0.67430"], ["-7.98750", "2.12930", "0.60070"], ["-5.59370", "-0.61490", "-1.38150"], ["-4.39830", "-2.20820", "-2.58280"], ["-2.29350", "-3.40290", "-3.03140"], ["-0.25200", "-2.87080", "-1.72740"], ["1.68600", "-0.54530", "1.46420"], ["3.23790", "0.39410", "-1.82640"], ["5.52570", "1.23330", "-1.98810"], ["6.92650", "1.49130", "0.02950"], ["7.29960", "0.82760", "2.39270"], ["5.97770", "0.19630", "3.37370"], ["6.06850", "1.94280", "3.03430"], ["3.68380", "0.04490", "2.45510"], ["-2.42220", "0.07740", "0.51170"]], "bond_dist": [[0.0, 1.428571510285712, 2.3410100170652837, 2.6415171701126603, 3.5164144835329068, 4.8096698743260955, 5.908772206643272, 7.199301823788193, 7.555739757958846, 6.725212071749113, 7.464128030788325, 8.420242334992503, 8.703819842459977, 9.203730954346721, 10.38593022169897, 10.986244018771838, 12.236126721311773, 12.892015850905551, 12.40519975413536, 13.325628725880065, 11.158654337329388, 5.328715073073433, 1.0945238645182664, 1.0945394191165525, 1.093496840416103, 3.641690796868949, 5.946517910508637, 8.06774055668624, 8.626586767082332, 8.995660484922716, 10.625432885769877, 12.792182008555068, 13.889283399081465, 14.361878383414894, 13.275525701831924, 13.186820915975161, 10.908377307830895, 4.894641202376329], [1.428571510285712, 0.0, 1.361372564730169, 2.2803313969684313, 2.204374827473767, 3.5781173625245994, 4.556524459497611, 5.889821521064963, 6.383611298473615, 5.717200927901694, 6.642775984481187, 7.618255722932907, 7.812409759478824, 8.54666727327091, 9.777279857404103, 10.314409239505673, 11.616767196599922, 12.368864901032753, 11.945261263781552, 12.966956133958346, 10.667818972029849, 4.342818219773883, 2.0821652792225693, 2.0824225939995946, 2.0499820926047136, 2.214632551914651, 4.5279625771421745, 6.708252622702875, 7.467751415921663, 8.413537389231713, 9.865674653565259, 12.13628750236249, 13.391278072685967, 13.970582963498698, 12.918442348054196, 12.937550254588386, 10.48324961307323, 4.16239946905628], [2.3410100170652837, 1.361372564730169, 0.0, 1.2210994308409124, 1.3655931971125224, 2.4957187141182398, 3.7084960523101542, 4.920459459237521, 5.214832119061936, 4.424094758252811, 5.291198068490727, 6.2832090208746045, 6.542140526616652, 7.1939466511783365, 8.440450891392, 9.015524950883337, 10.33163563043142, 11.063680537687267, 10.62032844784002, 11.651126893996134, 9.329734192355108, 3.0326035200797357, 2.6447330508011575, 2.642259748775657, 3.2561647961981284, 1.9945951619313629, 3.9812919963248117, 5.850205009228309, 6.285924422867332, 7.056939369159976, 8.602392509645208, 10.887384651053715, 12.097764222367703, 12.648700855819145, 11.594508202593156, 11.657837124012328, 9.148361039552386, 2.8017066977112366], [2.6415171701126603, 2.2803313969684313, 1.2210994308409124, 0.0, 2.327773343777267, 2.9990184227510177, 4.373192622101158, 5.3864143425845, 5.367661696679477, 4.313886170264579, 4.876384806390899, 5.851521834531596, 6.2679511301540956, 6.580523343929418, 7.792536763467979, 8.469418258652716, 9.745781279097125, 10.365661810998853, 9.840003519308315, 10.785400505312726, 8.561974313206036, 2.9617285780435725, 2.641986693759073, 2.640899721685774, 3.716968773073026, 3.149005471573525, 4.871866071640312, 6.40858527991943, 6.3779513113538275, 6.356749562472947, 8.180101618561961, 10.37071483649994, 11.388776270521781, 11.81220223243744, 10.718514711470055, 10.723029065986905, 8.315541130317378, 2.307756455954571], [3.5164144835329068, 2.204374827473767, 1.3655931971125224, 2.327773343777267, 0.0, 1.4050413374701827, 2.3962842423218493, 3.6924236281878606, 4.216695024542325, 3.7267893541223924, 4.860316843581291, 5.840859619953213, 5.961514492979113, 6.921716149915424, 8.194519785197912, 8.674144590678669, 10.03025075957725, 10.867616517893884, 10.508318971177074, 11.638013441305178, 9.2083542948781, 2.4698705087514203, 3.8819288826561467, 3.879369327609837, 4.254278277216948, 1.0099895940057997, 2.618429800472031, 4.554778496260822, 5.302369459967874, 6.88834426404488, 8.154527009581855, 10.530295527666826, 11.9149678161546, 12.584264431423872, 11.585200076822153, 11.764216450320864, 9.110157410824469, 2.761088256467004], [4.8096698743260955, 3.5781173625245994, 2.4957187141182398, 2.9990184227510177, 1.4050413374701827, 0.0, 1.4028425464035512, 2.4367094225615005, 2.8135840932874214, 2.412655941074069, 3.673584383133182, 4.640368483213376, 4.742868934516323, 5.795778147928025, 7.079986849564058, 7.53765419344772, 8.916427646765268, 9.782233285911762, 9.452498423168342, 10.632226539159142, 8.150980648977152, 1.3950225983832665, 5.063882183661069, 5.057643710266669, 5.622424414787628, 2.0814394682526802, 2.1696362967096583, 3.4193790708255793, 3.899401832332749, 5.828490255632242, 7.001038867910961, 9.419568978461806, 10.839045100930248, 11.536247343048778, 10.574408988685844, 10.855255083598912, 8.106469204900492, 2.173066975497994], [5.908772206643272, 4.556524459497611, 3.7084960523101542, 4.373192622101158, 2.3962842423218493, 1.4028425464035512, 0.0, 1.3987131228382754, 2.416156547080507, 2.7658408016369993, 4.167634855646545, 4.990530926665017, 4.878639394339368, 6.258352712175945, 7.491245387784331, 7.805606330708717, 9.17592790566709, 10.141241959937648, 9.918780976007081, 11.17136023096561, 8.654425913369414, 2.411257825285384, 6.231384313296685, 6.231647712282844, 6.589229700807219, 2.547072603990707, 1.0873082221706962, 2.159119445514768, 3.402046428254617, 6.4068982909048895, 7.1547964121979035, 9.589372828814197, 11.183598117332364, 12.001337837507949, 11.11931750468526, 11.506972011784855, 8.69978778246918, 3.4100913726761046], [7.199301823788193, 5.889821521064963, 4.920459459237521, 5.3864143425845, 3.6924236281878606, 2.4367094225615005, 1.3987131228382754, 0.0, 1.3916269830669423, 2.3992922748177223, 3.6938517850612254, 4.33676828640867, 4.138749958622772, 5.617439625843788, 6.7790286516579945, 7.02188920092022, 8.370237696146987, 9.360447857341015, 9.195216698370952, 10.482553370720323, 7.976565534739874, 2.7976946616812923, 7.459441800832018, 7.459614307053684, 7.935554894901805, 3.943155027386066, 2.141816847912071, 1.0868998757935338, 2.1529596326917044, 5.859708561865513, 6.351736696368953, 8.758897508819247, 10.387603468076744, 11.238291840399945, 10.426269035949533, 10.930339160337157, 8.095428251797431, 3.8812730037965637], [7.555739757958846, 6.383611298473615, 5.214832119061936, 5.367661696679477, 4.216695024542325, 2.8135840932874214, 2.416156547080507, 1.3916269830669423, 0.0, 1.392899264125012, 2.4347174682085804, 3.0294081055546145, 2.995670375725607, 4.265035006890331, 5.438725598888033, 5.7727421672893025, 7.137086539338023, 8.058379521342985, 7.8370155295239785, 9.106768009013955, 6.607715963175172, 2.433744127881976, 7.707246953355004, 7.701542134533836, 8.418860742998426, 4.742654983234602, 3.3902757218255863, 2.1512978919712626, 1.0858278040278764, 4.515465323751252, 5.203574081340632, 7.6116820723148955, 9.1000640157089, 9.864142345384113, 9.038109136871494, 9.575809391377838, 6.723729411569148, 3.399767340569057], [6.725212071749113, 5.717200927901694, 4.424094758252811, 4.313886170264579, 3.7267893541223924, 2.412655941074069, 2.7658408016369993, 2.3992922748177223, 1.392899264125012, 0.0, 1.4031831918890705, 2.3813268969211263, 2.733110506364498, 3.537834169375382, 4.843738042049756, 5.386690138665858, 6.7840569772076655, 7.590369494958727, 7.23099322984056, 8.433931252387584, 5.926584669942716, 1.396585450303704, 6.79647628996085, 6.778606981526514, 7.679982701152392, 4.493947740016566, 3.852891281881699, 3.3875074937186485, 2.160611094112034, 3.6423439280221745, 4.966295619473331, 7.377965300135261, 8.662178024607899, 9.28937587623625, 8.359063543842694, 8.779274201208208, 5.9343082798250375, 2.137748219505749], [7.464128030788325, 6.642775984481187, 5.291198068490727, 4.876384806390899, 4.860316843581291, 3.673584383133182, 4.167634855646545, 3.6938517850612254, 2.4347174682085804, 1.4031831918890705, 0.0, 1.3932703542385445, 2.3189498722482123, 2.2330837557064447, 3.6088572942137795, 4.377846445456944, 5.755242510963374, 6.407293247542211, 5.922879348762729, 7.070694581156791, 4.582202612281566, 2.3907229262296372, 7.419356367637289, 7.408758296772813, 8.489682435756947, 5.723459833003111, 5.254860363511098, 4.580683116086507, 2.6877369830398212, 2.2394018978289716, 4.196806935040019, 6.482821572432794, 7.492339336949442, 7.950170945331931, 6.968416171555772, 7.418960173097036, 4.535722225842319, 2.573874857097757], [8.420242334992503, 7.618255722932907, 6.2832090208746045, 5.851521834531596, 5.840859619953213, 4.640368483213376, 4.990530926665017, 4.33676828640867, 3.0294081055546145, 2.3813268969211263, 1.3932703542385445, 0.0, 1.2226486453597372, 1.370957059867303, 2.5009155223637607, 3.0376771553277346, 4.431192218805228, 5.211034469277669, 4.9317710348312, 6.230197687072216, 3.7135449990541383, 3.438969512804672, 8.470382004962941, 8.230299789193587, 9.443217728084, 6.67034606448571, 6.0503544392043676, 5.078390092342257, 2.9380658893224294, 2.0038378427407744, 2.8040034539921663, 5.107892271769247, 6.281052906957559, 7.031348358600931, 6.299229154428341, 6.619811130991579, 3.975349910385248, 3.6103573147266186], [8.703819842459977, 7.812409759478824, 6.542140526616652, 6.2679511301540956, 5.961514492979113, 4.742868934516323, 4.878639394339368, 4.138749958622772, 2.995670375725607, 2.733110506364498, 2.3189498722482123, 1.2226486453597372, 0.0, 2.3269581023301646, 2.993162003634284, 2.9536837017527793, 4.302586760310594, 5.348951930051344, 5.386061831245534, 6.8036678703475815, 4.3676618607671545, 3.7761148446518416, 8.900503111622399, 8.473933481565687, 9.674066372007172, 6.687511179056077, 5.857951521649866, 4.744608053359097, 2.827116470893974, 3.154358808062266, 2.2968709541460965, 4.738830160493199, 6.354313628551869, 7.499899349324629, 7.020603587299314, 7.209402384386656, 4.858744944942058, 4.134193426776256], [9.203730954346721, 8.54666727327091, 7.1939466511783365, 6.580523343929418, 6.921716149915424, 5.795778147928025, 6.258352712175945, 5.617439625843788, 4.265035006890331, 3.537834169375382, 2.2330837557064447, 1.370957059867303, 2.3269581023301646, 0.0, 1.4053924469698846, 2.47091919738384, 3.734544456824688, 4.209937379581792, 3.6981674732223797, 4.914020286893411, 2.39609567839016, 4.488052995453597, 9.142954170835596, 8.963716944437726, 10.265330990279855, 7.811579116926359, 7.334504178197733, 6.346364270194392, 4.057041115147836, 1.0101875865402425, 2.761486978060914, 4.619275018874715, 5.297541794077702, 5.760058466717156, 4.941986740168371, 5.31399274651368, 2.607234544493456, 4.418991221987207], [10.38593022169897, 9.777279857404103, 8.440450891392, 7.792536763467979, 8.194519785197912, 7.079986849564058, 7.491245387784331, 6.7790286516579945, 5.438725598888033, 4.843738042049756, 3.6088572942137795, 2.5009155223637607, 2.993162003634284, 1.4053924469698846, 0.0, 1.3948603980327205, 2.422138305299679, 2.8063068061065595, 2.4428353587583427, 3.815221871660939, 1.4022771088483188, 5.801179626593199, 10.356477444575447, 10.055693168051619, 11.447171801366485, 9.073711779090187, 8.548115881877129, 7.41875324566062, 5.085699261655176, 2.077715035802552, 2.1729461475149354, 3.403666988704976, 3.8937980032354016, 4.564194232282408, 4.063189452880581, 4.274658028427537, 2.162748727892355, 5.709372850847981], [10.986244018771838, 10.314409239505673, 9.015524950883337, 8.469418258652716, 8.674144590678669, 7.53765419344772, 7.805606330708717, 7.02188920092022, 5.7727421672893025, 5.386690138665858, 4.377846445456944, 3.0376771553277346, 2.9536837017527793, 2.47091919738384, 1.3948603980327205, 0.0, 1.3973967582615903, 2.421763898483913, 2.802681947706518, 4.30235866240833, 2.4096866808778277, 6.381837551207333, 11.082129054022063, 10.59972022177944, 12.012893632260296, 9.485579536327764, 8.805005102781031, 7.546256492460351, 5.337225992029942, 3.3539828502841216, 1.085603983964687, 2.1536124210265872, 3.4016511137975334, 4.813942851758837, 4.808972640803854, 4.771671165325624, 3.398731141176071, 6.411720279301024], [12.236126721311773, 11.616767196599922, 10.33163563043142, 9.745781279097125, 10.03025075957725, 8.916427646765268, 9.17592790566709, 8.370237696146987, 7.137086539338023, 6.7840569772076655, 5.755242510963374, 4.431192218805228, 4.302586760310594, 3.734544456824688, 2.422138305299679, 1.3973967582615903, 0.0, 1.3939233551382946, 2.4195464079037627, 3.795959570385332, 2.7796580329241944, 7.7627515862611505, 12.335301537862787, 11.790634614811877, 13.262041098563977, 10.84050050043816, 10.160024175168088, 8.842600197340147, 6.643958685151496, 4.499736172266103, 2.132600480633914, 1.0872582122016827, 2.14712703396888, 4.043748041112354, 4.535191147019053, 4.269423582873922, 3.8672522066707775, 7.750437893435442], [12.892015850905551, 12.368864901032753, 11.063680537687267, 10.365661810998853, 10.867616517893884, 9.782233285911762, 10.141241959937648, 9.360447857341015, 8.058379521342985, 7.590369494958727, 6.407293247542211, 5.211034469277669, 5.348951930051344, 4.209937379581792, 2.8063068061065595, 2.421763898483913, 1.3939233551382946, 0.0, 1.397510307654294, 2.515442096332173, 2.413677513670789, 8.537414205132604, 12.89333490567898, 12.438626494110997, 13.94606435880747, 11.732564688933106, 11.165582483686194, 9.883251983532546, 7.568594554473108, 4.731947656092574, 3.3887694300438915, 2.154094459395873, 1.0876507435753444, 2.6709237166194018, 3.37286624401265, 3.0284103437282073, 3.394164785333794, 8.407641749028084], [12.40519975413536, 11.945261263781552, 10.62032844784002, 9.840003519308315, 10.508318971177074, 9.452498423168342, 9.918780976007081, 9.195216698370952, 7.8370155295239785, 7.23099322984056, 5.922879348762729, 4.9317710348312, 5.386061831245534, 3.6981674732223797, 2.4428353587583427, 2.802681947706518, 2.4195464079037627, 1.397510307654294, 0.0, 1.5000445260058113, 1.40298419805784, 8.130262695017915, 12.29496627933562, 11.999713982424748, 13.48296106573033, 11.421916491552546, 10.982003053177504, 9.800808041687175, 7.405476722669514, 3.941187468263848, 3.8875527867798785, 3.4044345874168296, 2.1633253060970743, 2.1502540687090907, 2.1493018075644934, 2.1377076717830246, 2.1501926448576647, 7.903258358424075], [13.325628725880065, 12.966956133958346, 11.651126893996134, 10.785400505312726, 11.638013441305178, 10.632226539159142, 11.17136023096561, 10.482553370720323, 9.106768009013955, 8.433931252387584, 7.070694581156791, 6.230197687072216, 6.8036678703475815, 4.914020286893411, 3.815221871660939, 4.30235866240833, 3.795959570385332, 2.515442096332173, 1.5000445260058113, 0.0, 2.5201761049577467, 9.27218162947642, 13.125177067377033, 12.91515815311605, 14.412528089131344, 12.582346049922487, 12.248459887675676, 11.114151349068447, 8.689088819318169, 4.922820929101524, 5.38718225884367, 4.6678890475245876, 2.7334181092544183, 1.0950915669477141, 1.0950762165255896, 1.0943571309220772, 2.709270132341919, 8.950704494060789], [11.158654337329388, 10.667818972029849, 9.329734192355108, 8.561974313206036, 9.2083542948781, 8.150980648977152, 8.654425913369414, 7.976565534739874, 6.607715963175172, 5.926584669942716, 4.582202612281566, 3.7135449990541383, 4.3676618607671545, 2.39609567839016, 1.4022771088483188, 2.4096866808778277, 2.7796580329241944, 2.413677513670789, 1.40298419805784, 2.5201761049577467, 0.0, 6.809773086527921, 11.02262205330474, 10.81506217272929, 12.24084515056048, 10.130891216472516, 9.729921384060614, 8.639826012715766, 6.250835306581033, 2.540483572078355, 3.4093198280595503, 3.8668985505182314, 3.4063474749355795, 3.38665400358525, 2.6838697881976312, 3.0145526649902803, 1.0876819985639181, 6.580212229100214], [5.328715073073433, 4.342818219773883, 3.0326035200797357, 2.9617285780435725, 2.4698705087514203, 1.3950225983832665, 2.411257825285384, 2.7976946616812923, 2.433744127881976, 1.396585450303704, 2.3907229262296372, 3.438969512804672, 3.7761148446518416, 4.488052995453597, 5.801179626593199, 6.381837551207333, 7.7627515862611505, 8.537414205132604, 8.130262695017915, 9.27218162947642, 6.809773086527921, 0.0, 5.42279476285061, 5.407786453808989, 6.2871641437137615, 3.3559607998306533, 3.4038045933925174, 3.8845760566630694, 3.4180969763890547, 4.466194179611987, 5.970288493866941, 8.35591580199322, 9.605160267793558, 10.19587861883418, 9.202363827300026, 9.48378514623776, 6.7299698840336575, 1.0843441566218726], [1.0945238645182664, 2.0821652792225693, 2.6447330508011575, 2.641986693759073, 3.8819288826561467, 5.063882183661069, 6.231384313296685, 7.459441800832018, 7.707246953355004, 6.79647628996085, 7.419356367637289, 8.470382004962941, 8.900503111622399, 9.142954170835596, 10.356477444575447, 11.082129054022063, 12.335301537862787, 12.89333490567898, 12.29496627933562, 13.125177067377033, 11.02262205330474, 5.42279476285061, 0.0, 1.802427210735568, 1.7747201497700984, 4.138243473987484, 6.361500297099734, 8.366347577049378, 8.75455702934192, 8.81762291606984, 10.81421563961067, 12.96983907417513, 13.90115862833023, 14.183740342025441, 12.996377523371654, 12.977420550325093, 10.669341216776226, 4.882479453105767], [1.0945394191165525, 2.0824225939995946, 2.642259748775657, 2.640899721685774, 3.879369327609837, 5.057643710266669, 6.231647712282844, 7.459614307053684, 7.701542134533836, 6.778606981526514, 7.408758296772813, 8.230299789193587, 8.473933481565687, 8.963716944437726, 10.055693168051619, 10.59972022177944, 11.790634614811877, 12.438626494110997, 11.999713982424748, 12.91515815311605, 10.81506217272929, 5.407786453808989, 1.802427210735568, 0.0, 1.774670098919796, 4.13878709768937, 6.366890749808733, 8.37029192860082, 8.749838619654652, 8.807017391830222, 10.251024620495262, 12.316708412558933, 13.40048775380956, 13.945549263474708, 12.937566390940761, 12.710697842762215, 10.61349892589621, 4.861803432883728], [1.093496840416103, 2.0499820926047136, 3.2561647961981284, 3.716968773073026, 4.254278277216948, 5.622424414787628, 6.589229700807219, 7.935554894901805, 8.418860742998426, 7.679982701152392, 8.489682435756947, 9.443217728084, 9.674066372007172, 10.265330990279855, 11.447171801366485, 12.012893632260296, 13.262041098563977, 13.94606435880747, 13.48296106573033, 14.412528089131344, 12.24084515056048, 6.2871641437137615, 1.7747201497700984, 1.774670098919796, 0.0, 4.1460859759537065, 6.4