{"total energy": -33.44216217, "HOMO-LUMO gap/eV": 4.86657086, "electronic energy": -33.83504153, "dipole": [0.07868192, -0.15030286, -0.78425533], "partial charges": [-0.10195547, -0.05233688, -0.06129053, -0.06334174, 0.07733954, -0.27890314, 0.35187048, -0.40312197, -0.08308024, -0.10242927, 0.03529268, 0.03375297, 0.03474759, 0.0315455, 0.03416366, 0.03265169, 0.03772002, 0.04931927, 0.04255058, 0.0541427, 0.05083837, 0.06858481, 0.06840883, 0.05092673, 0.05113959, 0.04146424], "atomic dipole moments": [[-0.10315548, 0.01024149, -0.02284367], [0.03861704, -0.10488638, 0.03579266], [-0.06346051, 0.09080484, -0.03851252], [0.03131918, -0.12390255, 0.03745747], [-0.21398038, 0.11072197, -0.06121923], [0.09648749, 0.04300651, 0.19789829], [0.11893049, -0.05590233, -0.08805817], [-0.0516921, -0.04097276, -0.16494291], [0.04476953, 0.0186972, 0.08923148], [0.08565111, -0.04879959, -0.09604265], [0.01787787, -0.03304286, 0.12064154], [0.05461191, -0.08670472, -0.07326637], [0.05964993, 0.10827312, -0.01878382], [-0.00950035, 0.0390536, -0.11677431], [-0.0453055, 0.09159097, 0.07062683], [0.04900731, -0.08982058, -0.06959371], [0.01367461, -0.03828107, 0.11830063], [-0.05083772, 0.09599021, 0.06717426], [-0.01688169, 0.04170316, -0.11682139], [0.01190313, -0.04933923, 0.11976289], [0.0454334, -0.08944553, -0.07094716], [-0.00179548, 0.08658887, -0.10009153], [-0.04571317, -0.11937788, -0.03479362], [0.03513469, 0.11688347, 0.04269779], [-0.00612076, -0.07647558, 0.10419747], [-0.11459518, 0.00946487, -0.04729123]], "atomic quadrupole moments": [[0.22068115, -0.03036795, -0.10718051, 0.07480164, -0.01141025, -0.11350064], [0.18287831, 0.10142365, 0.03079185, 0.05261102, -0.05753445, -0.21367016], [0.19803716, 0.09528849, 0.02411816, 0.05580202, -0.05428645, -0.22215532], [0.18160232, 0.13277927, 0.04940785, 0.0451534, -0.05995393, -0.23101017], [0.44743073, 0.00098793, -0.12689135, 0.12929072, -0.04204871, -0.32053938], [0.08730905, -0.02197004, -0.05900641, 0.01945652, 0.01164266, -0.02830263], [-0.19127639, 0.07199407, 0.40743843, -0.19779115, -0.18017502, -0.21616204], [-0.10117448, 0.05800504, 0.17205008, -0.02033484, -0.0851425, -0.0708756], [0.18645034, -0.10416588, -0.21070079, -0.02695892, 0.09711466, 0.02425045], [0.04592662, -0.09490576, -0.09577127, -0.16914769, 0.09897309, 0.04984465], [-0.02805227, -0.00507398, -0.04225936, 0.00181777, -0.03445496, 0.07031163], [-0.01868669, -0.03158599, 0.01471064, -0.01671824, 0.05887816, 0.00397605], [-0.00804643, 0.0434647, 0.05706966, -0.00323417, -0.02268175, -0.04902323], [-0.02042759, 0.00740402, -0.03245468, 0.00845773, -0.01709154, 0.05288228], [-0.00613465, -0.01507091, 0.0036423, -0.02341524, 0.04087485, 0.00249235], [-0.01213874, -0.01567467, 0.0066488, -0.02208849, 0.04170957, 0.00548994], [-0.0235655, 0.00560188, -0.02929378, 0.00420259, -0.01692529, 0.05285929], [-0.01196466, -0.01586677, -0.00042793, -0.02337967, 0.03938586, 0.01239259], [-0.02805197, 0.00395495, -0.02965111, 0.00349421, -0.01320156, 0.05770309], [-0.00501206, 0.00588914, -0.0324275, -0.00075912, -0.00904112, 0.03743956], [-0.00847268, -0.01309634, 0.00351489, -0.02318428, 0.04273144, 0.00495779], [-0.02331498, -0.01683225, -0.00289891, -0.02040042, -0.04504226, 0.0262139], [-0.00873476, 0.02188555, 0.03937461, -0.01227011, 0.03771079, -0.03063986], [-0.02104494, 0.04042349, 0.05289383, -0.00187207, 0.02871292, -0.03184889], [-0.0415019, -0.01158178, 0.01608519, -0.00584858, -0.05557658, 0.02541671], [0.06130721, -0.01011327, -0.05243892, 0.04703365, 0.00500664, -0.00886829]], "number of molecular orbitals": 56, "number of electrons": 60, "number of unpaired electrons": 0, "orbital energies/eV": [-20.00294993, -19.2698994, -18.25137426, -17.28414503, -17.09339201, -16.74601432, -16.24201146, -15.96587728, -15.93375241, -15.43782865, -15.24248373, -15.22197035, -14.90115726, -14.31459059, -14.0622626, -13.83442046, -13.53856369, -13.49081773, -13.31764824, -12.92219877, -12.84590019, -12.63147172, -12.48635002, -12.30541015, -12.15140028, -12.03925935, -11.92060893, -11.67591941, -11.59997409, -11.25042475, -6.3838539, -0.20990303, 1.98842293, 2.50439483, 2.75189324, 3.17140237, 3.34456594, 3.60115252, 3.81212283, 3.87080789, 4.11519709, 4.16848157, 4.31799706, 4.66420073, 4.77202556, 4.94902524, 5.34087304, 5.77863224, 6.26685968, 6.60780197, 6.83849263, 7.11214381, 7.28245887, 7.37589794, 8.18117027, 16.27768173], "fractional occupation": [2.0, 2.0, 2.0, 2.0, 2.0, 2.0, 2.0, 2.0, 2.0, 2.0, 2.0, 2.0, 2.0, 2.0, 2.0, 2.0, 2.0, 2.0, 2.0, 2.0, 2.0, 2.0, 2.0, 2.0, 2.0, 2.0, 2.0, 2.0, 2.0, 2.0, 0.0, 0.0, 0.0, 0.0, 0.0, 0.0, 0.0, 0.0, 0.0, 0.0, 0.0, 0.0, 0.0, 0.0, 0.0, 0.0, 0.0, 0.0, 0.0, 0.0, 0.0, 0.0, 0.0, 0.0, 0.0, 0.0], "program call": "xtb /home/svss/Project-DBcg-Debug/aqme2_20220329/End-to-End-workflows-final/example-3/QDESCP/mol_636_rdkit_conf_3/mol_636_rdkit_conf_3.xyz --pop --wbo --acc 0.2 --gfn 2 --chrg 0 --uhf 0 --etemp 300 --input /home/svss/Project-DBcg-Debug/aqme2_20220329/End-to-End-workflows-final/example-3/QDESCP/mol_636_rdkit_conf_3/mol_636_rdkit_conf_3_xtb.inp", "method": "GFN2-xTB", "xtb version": "6.3.3 (7355c4f)", "Dipole module/D": 2.039, "Total charge": 0, "Transition dipole module/D": NaN, "HOMO": -11.2504, "LUMO": -6.3839, "HOMO occupancy": 2.0, "LUMO occupancy": 0, "mulliken charges": [-0.0837, -0.03702, -0.04907, -0.06065, 0.19858, -0.42382, 0.57343, -0.52855, -0.07078, -0.07749, 0.02858, 0.02691, 0.03008, 0.02311, 0.02631, 0.02188, 0.0277, 0.04499, 0.03296, 0.04356, 0.03089, 0.05449, 0.05486, 0.04159, 0.0419, 0.02924], "cm5 charges": [-0.23402, -0.14951, -0.15939, -0.16753, 0.11767, -0.50663, 0.62267, -0.57923, -0.17127, -0.22537, 0.07988, 0.07819, 0.08086, 0.07783, 0.08103, 0.0773, 0.08315, 0.10419, 0.0903, 0.11013, 0.09407, 0.1127, 0.11305, 0.09471, 0.09502, 0.08019], "FUKUI+": [0.007, 0.003, 0.004, 0.005, 0.031, -0.119, -0.19, -0.281, 0.028, 0.033, -0.008, -0.01, -0.017, -0.01, -0.005, -0.019, -0.011, 0.003, -0.024, -0.03, -0.065, -0.099, -0.099, -0.033, -0.033, -0.062], "FUKUI-": [0.019, 0.008, 0.012, 0.011, 0.016, -0.051, -0.017, -0.11, -0.007, 0.015, -0.066, -0.067, -0.048, -0.084, -0.082, -0.068, -0.064, -0.037, -0.042, -0.027, -0.048, -0.051, -0.055, -0.04, -0.042, -0.077], "FUKUIrad": [0.013, 0.005, 0.008, 0.008, 0.023, -0.085, -0.104, -0.195, 0.01, 0.024, -0.037, -0.039, -0.032, -0.047, -0.043, -0.044, -0.038, -0.017, -0.033, -0.028, -0.057, -0.075, -0.077, -0.036, -0.037, -0.069], "s proportion": [1.008, 1.027, 1.032, 1.037, 0.998, 1.699, 0.991, 1.731, 1.034, 1.005, 0.971, 0.973, 0.97, 0.977, 0.974, 0.978, 0.972, 0.955, 0.967, 0.956, 0.969, 0.946, 0.945, 0.958, 0.958, 0.971], "p proportion": [3.076, 3.01, 3.017, 3.024, 2.803, 4.725, 2.436, 4.798, 3.037, 3.072, 0.0, 0.0, 0.0, 0.0, 0.0, 0.0, 0.0, 0.0, 0.0, 0.0, 0.0, 0.0, 0.0, 0.0, 0.0, 0.0], "d proportion": [0.0, 0.0, 0.0, 0.0, 0.0, 0.0, 0.0, 0.0, 0.0, 0.0, 0.0, 0.0, 0.0, 0.0, 0.0, 0.0, 0.0, 0.0, 0.0, 0.0, 0.0, 0.0, 0.0, 0.0, 0.0, 0.0], "Fermi-level/eV": -8.8171, "Coordination numbers": [3.75, 3.8, 3.802, 3.8, 3.696, 1.702, 2.712, 0.856, 3.801, 3.751, 0.924, 0.924, 0.924, 0.924, 0.924, 0.924, 0.924, 0.924, 0.924, 0.924, 0.924, 0.924, 0.924, 0.924, 0.924, 0.924], "Dispersion coefficient C6": [22.511, 21.514, 21.677, 21.717, 19.452, 18.629, 21.025, 21.744, 22.085, 22.519, 2.513, 2.534, 2.52, 2.565, 2.528, 2.549, 2.48, 2.329, 2.415, 2.269, 2.31, 2.101, 2.103, 2.308, 2.306, 2.43], "Total dispersion C6": 4996.175044, "Total dispersion C8": 105864.573915, "Polarizability alpha": [6.766, 6.604, 6.628, 6.635, 6.309, 5.827, 7.506, 6.252, 6.691, 6.768, 2.479, 2.489, 2.483, 2.504, 2.487, 2.497, 2.463, 2.386, 2.43, 2.356, 2.377, 2.267, 2.268, 2.376, 2.375, 2.438], "Total polarizability alpha": 104.659711, "Wiberg matrix": [[0.0, 1.0202460167423948, 0.0, 0.0, 0.0, 0.0, 0.0, 0.0, 0.0, 0.0, 0.9874951064013591, 0.9875751358842759, 0.987105402142477, 0.0, 0.0, 0.0, 0.0, 0.0, 0.0, 0.0, 0.0, 0.0, 0.0, 0.0, 0.0, 0.0], [1.0202460167423948, 0.0, 1.0076629464017381, 0.0, 0.0, 0.0, 0.0, 0.0, 0.0, 0.0, 0.0, 0.0, 0.0, 0.9778745780192981, 0.9777324738708857, 0.0, 0.0, 0.0, 0.0, 0.0, 0.0, 0.0, 0.0, 0.0, 0.0, 0.0], [0.0, 1.0076629464017381, 0.0, 1.0059433513328988, 0.0, 0.0, 0.0, 0.0, 0.0, 0.0, 0.0, 0.0, 0.0, 0.0, 0.0, 0.9767696725682551, 0.9764813237030082, 0.0, 0.0, 0.0, 0.0, 0.0, 0.0, 0.0, 0.0, 0.0], [0.0, 0.0, 1.0059433513328988, 0.0, 0.999474136477721, 0.0, 0.0, 0.0, 0.0, 0.0, 0.0, 0.0, 0.0, 0.0, 0.0, 0.0, 0.0, 0.9746295642995678, 0.9757135316548641, 0.0, 0.0, 0.0, 0.0, 0.0, 0.0, 0.0], [0.0, 0.0, 0.0, 0.999474136477721, 0.0, 0.9417130097881209, 0.0, 0.0, 0.0, 0.0, 0.0, 0.0, 0.0, 0.0, 0.0, 0.0, 0.0, 0.0, 0.0, 0.9686644863252329, 0.9711051290305894, 0.0, 0.0, 0.0, 0.0, 0.0], [0.0, 0.0, 0.0, 0.0, 0.9417130097881209, 0.0, 1.1151868088941121, 0.1702050106592765, 0.0, 0.0, 0.0, 0.0, 0.0, 0.0, 0.0, 0.0, 0.0, 0.0, 0.0, 0.0, 0.0, 0.0, 0.0, 0.0, 0.0, 0.0], [0.0, 0.0, 0.0, 0.0, 0.0, 1.1151868088941121, 0.0, 1.7618377751897232, 0.9779012820455789, 0.0, 0.0, 0.0, 0.0, 0.0, 0.0, 0.0, 0.0, 0.0, 0.0, 0.0, 0.0, 0.0, 0.0, 0.0, 0.0, 0.0], [0.0, 0.0, 0.0, 0.0, 0.0, 0.1702050106592765, 1.7618377751897232, 0.0, 0.0, 0.0, 0.0, 0.0, 0.0, 0.0, 0.0, 0.0, 0.0, 0.0, 0.0, 0.0, 0.0, 0.0, 0.0, 0.0, 0.0, 0.0], [0.0, 0.0, 0.0, 0.0, 0.0, 0.0, 0.9779012820455789, 0.0, 0.0, 1.0204780327472904, 0.0, 0.0, 0.0, 0.0, 0.0, 0.0, 0.0, 0.0, 0.0, 0.0, 0.0, 0.9544956150443289, 0.954552016162855, 0.0, 0.0, 0.0], [0.0, 0.0, 0.0, 0.0, 0.0, 0.0, 0.0, 0.0, 1.0204780327472904, 0.0, 0.0, 0.0, 0.0, 0.0, 0.0, 0.0, 0.0, 0.0, 0.0, 0.0, 0.0, 0.0, 0.0, 0.9864288221849253, 0.986416666738378, 0.9868269962703244], [0.9874951064013591, 0.0, 0.0, 0.0, 0.0, 0.0, 0.0, 0.0, 0.0, 0.0, 0.0, 0.0, 0.0, 0.0, 0.0, 0.0, 0.0, 0.0, 0.0, 0.0, 0.0, 0.0, 0.0, 0.0, 0.0, 0.0], [0.9875751358842759, 0.0, 0.0, 0.0, 0.0, 0.0, 0.0, 0.0, 0.0, 0.0, 0.0, 0.0, 0.0, 0.0, 0.0, 0.0, 0.0, 0.0, 0.0, 0.0, 0.0, 0.0, 0.0, 0.0, 0.0, 0.0], [0.987105402142477, 0.0, 0.0, 0.0, 0.0, 0.0, 0.0, 0.0, 0.0, 0.0, 0.0, 0.0, 0.0, 0.0, 0.0, 0.0, 0.0, 0.0, 0.0, 0.0, 0.0, 0.0, 0.0, 0.0, 0.0, 0.0], [0.0, 0.9778745780192981, 0.0, 0.0, 0.0, 0.0, 0.0, 0.0, 0.0, 0.0, 0.0, 0.0, 0.0, 0.0, 0.0, 0.0, 0.0, 0.0, 0.0, 0.0, 0.0, 0.0, 0.0, 0.0, 0.0, 0.0], [0.0, 0.9777324738708857, 0.0, 0.0, 0.0, 0.0, 0.0, 0.0, 0.0, 0.0, 0.0, 0.0, 0.0, 0.0, 0.0, 0.0, 0.0, 0.0, 0.0, 0.0, 0.0, 0.0, 0.0, 0.0, 0.0, 0.0], [0.0, 0.0, 0.9767696725682551, 0.0, 0.0, 0.0, 0.0, 0.0, 0.0, 0.0, 0.0, 0.0, 0.0, 0.0, 0.0, 0.0, 0.0, 0.0, 0.0, 0.0, 0.0, 0.0, 0.0, 0.0, 0.0, 0.0], [0.0, 0.0, 0.9764813237030082, 0.0, 0.0, 0.0, 0.0, 0.0, 0.0, 0.0, 0.0, 0.0, 0.0, 0.0, 0.0, 0.0, 0.0, 0.0, 0.0, 0.0, 0.0, 0.0, 0.0, 0.0, 0.0, 0.0], [0.0, 0.0, 0.0, 0.9746295642995678, 0.0, 0.0, 0.0, 0.0, 0.0, 0.0, 0.0, 0.0, 0.0, 0.0, 0.0, 0.0, 0.0, 0.0, 0.0, 0.0, 0.0, 0.0, 0.0, 0.0, 0.0, 0.0], [0.0, 0.0, 0.0, 0.9757135316548641, 0.0, 0.0, 0.0, 0.0, 0.0, 0.0, 0.0, 0.0, 0.0, 0.0, 0.0, 0.0, 0.0, 0.0, 0.0, 0.0, 0.0, 0.0, 0.0, 0.0, 0.0, 0.0], [0.0, 0.0, 0.0, 0.0, 0.9686644863252329, 0.0, 0.0, 0.0, 0.0, 0.0, 0.0, 0.0, 0.0, 0.0, 0.0, 0.0, 0.0, 0.0, 0.0, 0.0, 0.0, 0.0, 0.0, 0.0, 0.0, 0.0], [0.0, 0.0, 0.0, 0.0, 0.9711051290305894, 0.0, 0.0, 0.0, 0.0, 0.0, 0.0, 0.0, 0.0, 0.0, 0.0, 0.0, 0.0, 0.0, 0.0, 0.0, 0.0, 0.0, 0.0, 0.0, 0.0, 0.0], [0.0, 0.0, 0.0, 0.0, 0.0, 0.0, 0.0, 0.0, 0.9544956150443289, 0.0, 0.0, 0.0, 0.0, 0.0, 0.0, 0.0, 0.0, 0.0, 0.0, 0.0, 0.0, 0.0, 0.0, 0.0, 0.0, 0.0], [0.0, 0.0, 0.0, 0.0, 0.0, 0.0, 0.0, 0.0, 0.954552016162855, 0.0, 0.0, 0.0, 0.0, 0.0, 0.0, 0.0, 0.0, 0.0, 0.0, 0.0, 0.0, 0.0, 0.0, 0.0, 0.0, 0.0], [0.0, 0.0, 0.0, 0.0, 0.0, 0.0, 0.0, 0.0, 0.0, 0.9864288221849253, 0.0, 0.0, 0.0, 0.0, 0.0, 0.0, 0.0, 0.0, 0.0, 0.0, 0.0, 0.0, 0.0, 0.0, 0.0, 0.0], [0.0, 0.0, 0.0, 0.0, 0.0, 0.0, 0.0, 0.0, 0.0, 0.986416666738378, 0.0, 0.0, 0.0, 0.0, 0.0, 0.0, 0.0, 0.0, 0.0, 0.0, 0.0, 0.0, 0.0, 0.0, 0.0, 0.0], [0.0, 0.0, 0.0, 0.0, 0.0, 0.0, 0.0, 0.0, 0.0, 0.9868269962703244, 0.0, 0.0, 0.0, 0.0, 0.0, 0.0, 0.0, 0.0, 0.0, 0.0, 0.0, 0.0, 0.0, 0.0, 0.0, 0.0]], "Born radii": [], "Atomic SASAs": [], "Solvent H bonds": [], "Total SASA": NaN, "Total FOD": 0.0, "FOD": [0.0, 0.0, 0.0, 0.0, 0.0, 0.0, 0.0, 0.0, 0.0, 0.0, 0.0, 0.0, 0.0, 0.0, 0.0, 0.0, 0.0, 0.0, 0.0, 0.0, 0.0, 0.0, 0.0, 0.0, 0.0, 0.0], "FOD s proportion": [0.0, 0.0, 0.0, 0.0, 0.0, 0.0, 0.0, 0.0, 0.0, 0.0, 0.0, 0.0, 0.0, 0.0, 0.0, 0.0, 0.0, 0.0, 0.0, 0.0, 0.0, 0.0, 0.0, 0.0, 0.0, 0.0], "FOD p proportion": [0.0, 0.0, 0.0, 0.0, 0.0, 0.0, 0.0, 0.0, 0.0, 0.0, 0.0, 0.0, 0.0, 0.0, 0.0, 0.0, 0.0, 0.0, 0.0, 0.0, 0.0, 0.0, 0.0, 0.0, 0.0, 0.0], "FOD d proportion": [0.0, 0.0, 0.0, 0.0, 0.0, 0.0, 0.0, 0.0, 0.0, 0.0, 0.0, 0.0, 0.0, 0.0, 0.0, 0.0, 0.0, 0.0, 0.0, 0.0, 0.0, 0.0, 0.0, 0.0, 0.0, 0.0], "coordinates": [["4.43320", "0.99780", "-0.08190"], ["2.95720", "1.16060", "-0.40800"], ["2.18880", "-0.14280", "-0.19190"], ["0.70680", "0.02490", "-0.52040"], ["-0.06520", "-1.27400", "-0.30880"], ["-1.44210", "-1.09290", "-0.67560"], ["-2.25870", "-0.61110", "0.30460"], ["-1.90700", "-0.32550", "1.43990"], ["-3.66280", "-0.48350", "-0.23620"], ["-4.62870", "0.05370", "0.80530"], ["4.57400", "0.70350", "0.96300"], ["4.89400", "0.23600", "-0.71890"], ["4.96340", "1.94160", "-0.24340"], ["2.85280", "1.48620", "-1.44950"], ["2.53470", "1.95110", "0.22310"], ["2.61820", "-0.93120", "-0.82200"], ["2.29950", "-0.46610", "0.85040"], ["0.27250", "0.81920", "0.09860"], ["0.58260", "0.35350", "-1.55980"], ["0.02400", "-1.63900", "0.72140"], ["0.33460", "-2.05850", "-0.96070"], ["-3.64280", "0.19460", "-1.09590"], ["-3.99840", "-1.47220", "-0.56640"], ["-4.32090", "1.04570", "1.15240"], ["-4.67380", "-0.60690", "1.67750"], ["-5.63580", "0.13530", "0.38520"]], "bond_dist": [[0.0, 1.5203358346102356, 2.519999944444444, 3.8761931866200894, 5.044617072682524, 6.264395922193935, 6.893436521068429, 6.653204804453264, 8.231845126094148, 9.154041744497347, 1.0946474957720407, 1.0947350729742789, 1.0945102694812872, 2.146282479078651, 2.1461845540400297, 2.750093454775674, 2.7504294555578044, 4.1684412794232815, 4.174497725475486, 5.199908630928047, 5.187656608720358, 8.17894261136487, 8.799290812900775, 8.840817705959106, 9.413182216976361, 10.116661982096662], [1.5203358346102356, 0.0, 1.5283943633761543, 2.5232416471673895, 3.8822698978819075, 4.950122473232354, 5.554487596529494, 5.411438742146122, 6.823267549349064, 7.7616495224919815, 2.1685533541972166, 2.1685797679587444, 2.1591416350022063, 1.0961920315346214, 1.0962133505846385, 2.159153593424979, 2.159234294836945, 2.7533273706553674, 2.759851229686122, 4.209152736596761, 4.188808047643148, 6.70569626586233, 7.438890895825802, 7.444379744478381, 8.10589461441487, 8.690227576421691], [2.519999944444444, 1.5283943633761543, 0.0, 1.527206449698272, 2.5246376076577803, 3.7841895446713556, 4.499563688848064, 4.412678117651457, 5.861677365737558, 6.892846026134634, 2.7819411819806685, 2.7819643204038402, 3.4707032097256603, 2.1624279779914057, 2.1624728946278147, 1.0968066967337498, 1.096889543208431, 2.1638021952110136, 2.1673353547616947, 2.7855143815819727, 2.7747103578571943, 5.910889384855717, 6.339479351650261, 6.752471312786157, 7.127785345393056, 7.850780163779904], [3.8761931866200894, 2.5232416471673895, 1.527206449698272, 0.0, 1.5257456439393822, 2.4272072614426645, 3.1431371669082466, 3.2859559780983068, 4.408247311574068, 5.4978059423737395, 4.19716682537161, 4.197214469144982, 4.676442178622548, 2.757524342594277, 2.7575817485615906, 2.1583650594836823, 2.15797750915064, 1.0966722299757572, 1.0971581289859726, 2.185599755215945, 2.1617012952764774, 4.390787913347671, 4.937846843513881, 5.396115248027974, 5.846434127739746, 6.407875956976695], [5.044617072682524, 3.8822698978819075, 2.5246376076577803, 1.5257456439393822, 0.0, 1.436381933888059, 2.372158978652148, 2.7110572070688588, 3.684139895552285, 4.881550814034409, 5.200976651553052, 5.200187174515933, 5.96918574681673, 4.175478958155579, 4.176561699532284, 2.753456307988198, 2.754678409542573, 2.1590512476548582, 2.152533876620761, 1.0965827282973226, 1.095560997845396, 3.9465851226091653, 3.9466065474024647, 5.062321208694684, 5.062568919037053, 5.78786202755387], [6.264395922193935, 4.950122473232354, 3.7841895446713556, 2.4272072614426645, 1.436381933888059, 0.0, 1.3637297532869188, 2.297906660419435, 2.344344089505634, 3.6962380781004898, 6.4888768003407185, 6.474103282308678, 7.101085645167223, 5.069205463383784, 5.0880778227145855, 4.066154933103262, 4.089147197154928, 2.682417791843769, 2.6406992804937106, 2.097446881329775, 2.0421381588913126, 2.5840644012872436, 2.5865928980030857, 4.025255693741704, 4.027053575506539, 4.49676456688584], [6.893436521068429, 5.554487596529494, 4.499563688848064, 3.1431371669082466, 2.372158978652148, 1.3637297532869188, 0.0, 1.222360969599406, 1.5100474197852196, 2.51188366171684, 6.98909529266843, 7.275042814307007, 7.6795383780537225, 5.796806564825153, 5.435825112160987, 5.0155603056886875, 4.593050171726845, 2.914647067828282, 3.5326231344427335, 2.5379164564658154, 3.2281814911804445, 2.1275068860053072, 2.1276020069552484, 2.777844473688187, 2.778053286026026, 3.459539525717259], [6.653204804453264, 5.411438742146122, 4.412678117651457, 3.2859559780983068, 2.7110572070688588, 2.297906660419435, 1.222360969599406, 0.0, 2.432510811897863, 2.820312161800534, 6.579485968523681, 7.15746468311231, 7.428030523631416, 5.855474813369109, 5.137334784691378, 5.095144663304468, 4.249931865336197, 2.8035056679093766, 3.9569368519095676, 2.443416767561359, 3.7136154782098805, 3.1166949305313794, 3.1167474296131217, 2.7910139555365894, 2.791204392372583, 3.9023939024655108], [8.231845126094148, 6.823267549349064, 5.861677365737558, 4.408247311574068, 3.684139895552285, 2.344344089505634, 1.5100474197852196, 2.432510811897863, 0.0, 1.5186404775324542, 8.407848944884773, 8.600552643871206, 8.960607584868338, 6.914105751288448, 6.674371873067907, 6.324125072292609, 6.060529977650469, 4.158810457330317, 4.525031173373284, 3.9805366786402057, 4.357147232995461, 1.095127252879774, 1.0950740111974169, 2.167892573445465, 2.167855218874176, 2.1591156522984125], [9.154041744497347, 7.7616495224919815, 6.892846026134634, 5.4978059423737395, 4.881550814034409, 3.6962380781004898, 2.51188366171684, 2.820312161800534, 1.5186404775324542, 0.0, 9.226960313125877, 9.645632909249658, 9.832208323159147, 7.944118676102467, 7.433261946144506, 7.492375651954458, 6.947818455457799, 5.010706195737284, 5.730726458312245, 4.951756232893538, 5.675781155929112, 2.1462555905576584, 2.1464411918335897, 1.0951179160254847, 1.0950612813902243, 1.0942545316332937], [1.0946474957720407, 2.1685533541972166, 2.7819411819806685, 4.19716682537161, 5.200976651553052, 6.4888768003407185, 6.98909529266843, 6.579485968523681, 8.407848944884773, 9.226960313125877, 0.0, 1.7747517741926615, 1.7719833323143872, 3.0651761743821515, 2.5025391625307285, 3.111851977520782, 2.5600767898639285, 4.389017669137366, 4.734796067414097, 5.123297454764851, 5.413111679062238, 8.486097492958704, 8.975454117202093, 8.903494775086916, 9.367468347958267, 10.24190998398248], [1.0947350729742789, 2.1685797679587444, 2.7819643204038402, 4.197214469144982, 5.200187174515933, 6.474103282308678, 7.275042814307007, 7.15746468311231, 8.600552643871206, 9.645632909249658, 1.7747517741926615, 0.0, 1.772001120202806, 2.50265335993621, 3.065163698728014, 2.559736527457465, 3.112406970497271, 4.7293435844734315, 4.394210852929112, 5.41359299264361, 5.1099242509062694, 8.545220722719804, 9.056267512060364, 9.43778362699633, 9.899293419734562, 10.588005730070229], [1.0945102694812872, 2.1591416350022063, 3.4707032097256603, 4.676442178622548, 5.96918574681673, 7.101085645167223, 7.6795383780537225, 7.428030523631416, 8.960607584868338, 9.832208323159147, 1.7719833323143872, 1.772001120202806, 0.0, 2.4731960557141446, 2.4731146738475354, 3.7533612722465177, 3.7536356962283914, 4.83542020614548, 4.8421461367868694, 6.176504493643634, 6.159635438887597, 8.823006499487574, 9.595426967050502, 9.431284161767154, 10.151863518586131, 10.770371316254607], [2.146282479078651, 1.0961920315346214, 2.1624279779914057, 2.757524342594277, 4.175478958155579, 5.069205463383784, 5.796806564825153, 5.855474813369109, 6.914105751288448, 7.944118676102467, 3.0651761743821515, 2.50265335993621, 2.4731960557141446, 0.0, 1.764910870270791, 2.5085087542203235, 3.0671087672268813, 3.082117891969741, 2.539484872961444, 4.741496735209252, 4.375517657374953, 6.632200455354165, 7.514714739096888, 7.643683375833931, 8.4148026815844, 8.78904914424763], [2.1461845540400297, 1.0962133505846385, 2.1624728946278147, 2.7575817485615906, 4.176561699532284, 5.0880778227145855, 5.435825112160987, 5.137334784691378, 6.674371873067907, 7.433261946144506, 2.5025391625307285, 3.065163698728014, 2.4731146738475354, 1.764910870270791, 0.0, 3.0670604085997395, 2.508322182256498, 2.5326363141990993, 3.08897273863011, 4.40916493114059, 4.724268685204092, 6.5564136156896025, 7.41779541036284, 6.977291667258866, 7.785956306710178, 8.371408262652109], [2.750093454775674, 2.159153593424979, 1.0968066967337498, 2.1583650594836823, 2.753456307988198, 4.066154933103262, 5.0155603056886875, 5.095144663304468, 6.324125072292609, 7.492375651954458, 3.111851977520782, 2.559736527457465, 3.7533612722465177, 2.5085087542203235, 3.0670604085997395, 0.0, 1.7648822793602978, 3.068177473680426, 2.517631881351998, 3.1004738412055666, 2.5504650438694507, 6.367304598493776, 6.643599018604299, 7.480474435488701, 7.71530522662584, 8.409712842303236], [2.7504294555578044, 2.159234294836945, 1.096889543208431, 2.15797750915064, 2.754678409542573, 4.089147197154928, 4.593050171726845, 4.249931865336197, 6.060529977650469, 6.947818455457799, 2.5600767898639285, 3.112406970497271, 3.7536356962283914, 3.0671087672268813, 2.508322182256498, 1.7648822793602978, 0.0, 2.5151398231509914, 3.070595025398172, 2.5632470930442897, 3.1107319042309, 6.287729118688241, 6.533230736779469, 6.797531860903632, 7.023591100000057, 7.971642182762595], [4.1684412794232815, 2.7533273706553674, 2.1638021952110136, 1.0966722299757572, 2.1590512476548582, 2.682417791843769, 2.914647067828282, 2.8035056679093766, 4.158810457330317, 5.010706195737284, 4.389017669137366, 4.7293435844734315, 4.83542020614548, 3.082117891969741, 2.5326363141990993, 3.068177473680426, 2.5151398231509914, 0.0, 1.750236858256619, 2.5480147821392247, 3.067104528704556, 4.140836811563576, 4.892169842718055, 4.718169162927501, 5.384474914975461, 5.954650926796633], [4.174497725475486, 2.759851229686122, 2.1673353547616947, 1.0971581289859726, 2.152533876620761, 2.6406992804937106, 3.5326231344427335, 3.9569368519095676, 4.525031173373284, 5.730726458312245, 4.734796067414097, 4.394210852929112, 4.8421461367868694, 2.539484872961444, 3.08897273863011, 2.517631881351998, 3.070595025398172, 1.750236858256619, 0.0, 3.0799291631464514, 2.497632641122389, 4.253758053768455, 5.03046568917829, 5.646191807758571, 6.247577163188944, 6.519136047054088], [5.199908630928047, 4.209152736596761, 2.7855143815819727, 2.185599755215945, 1.0965827282973226, 2.097446881329775, 2.5379164564658154, 2.443416767561359, 3.9805366786402057, 4.951756232893538, 5.123297454764851, 5.41359299264361, 6.176504493643634, 4.741496735209252, 4.40916493114059, 3.1004738412055666, 2.5632470930442897, 2.5480147821392247, 3.0799291631464514, 0.0, 1.7612248635537713, 4.484427554326193, 4.226813556332949, 5.12557617249027, 4.90394560124804, 5.940918024177745], [5.187656608720358, 4.188808047643148, 2.7747103578571943, 2.1617012952764774, 1.095560997845396, 2.0421381588913126, 3.2281814911804445, 3.7136154782098805, 4.357147232995461, 5.675781155929112, 5.413111679062238, 5.1099242509062694, 6.159635438887597, 4.375517657374953, 4.724268685204092, 2.5504650438694507, 3.1107319042309, 3.067104528704556, 2.497632641122389, 1.7612248635537713, 0.0, 4.573231834272126, 4.390228830026973, 5.981214717764277, 5.843912418919366, 6.501529159359357], [8.17894261136487, 6.70569626586233, 5.910889384855717, 4.390787913347671, 3.9465851226091653, 2.5840644012872436, 2.1275068860053072, 3.1166949305313794, 1.095127252879774, 2.1462555905576584, 8.486097492958704, 8.545220722719804, 8.823006499487574, 6.632200455354165, 6.5564136156896025, 6.367304598493776, 6.287729118688241, 4.140836811563576, 4.253758053768455, 4.484427554326193, 4.573231834272126, 0.0, 1.784669114990227, 2.497807780835027, 3.0654707322041097, 2.483792000148161], [8.799290812900775, 7.438890895825802, 6.339479351650261, 4.937846843513881, 3.9466065474024647, 2.5865928980030857, 2.1276020069552484, 3.1167474296131217, 1.0950740111974169, 2.1464411918335897, 8.975454117202093, 9.056267512060364, 9.595426967050502, 7.514714739096888, 7.41779541036284, 6.643599018604299, 6.533230736779469, 4.892169842718055, 5.03046568917829, 4.226813556332949, 4.390228830026973, 1.784669114990227, 0.0, 3.065632088167137, 2.4979984907921784, 2.484084855635974], [8.840817705959106, 7.444379744478381, 6.752471312786157, 5.396115248027974, 5.062321208694684, 4.025255693741704, 2.777844473688187, 2.7910139555365894, 2.167892573445465, 1.0951179160254847, 8.903494775086916, 9.43778362699633, 9.431284161767154, 7.643683375833931, 6.977291667258866, 7.480474435488701, 6.797531860903632, 4.718169162927501, 5.646191807758571, 5.12557617249027, 5.981214717764277, 2.497807780835027, 3.065632088167137, 0.0, 1.7695635563607202, 1.7738055163968793], [9.413182216976361, 8.10589461441487, 7.127785345393056, 5.846434127739746, 5.062568919037053, 4.027053575506539, 2.778053286026026, 2.791204392372583, 2.167855218874176, 1.0950612813902243, 9.367468347958267, 9.899293419734562, 10.151863518586131, 8.4148026815844, 7.785956306710178, 7.71530522662584, 7.023591100000057, 5.384474914975461, 6.247577163188944, 4.90394560124804, 5.843912418919366, 3.0654707322041097, 2.4979984907921784, 1.7695635563607202, 0.0, 1.7737937112302544], [10.116661982096662, 8.690227576421691, 7.850780163779904, 6.407875956976695, 5.78786202755387, 4.49676456688584, 3.459539525717259, 3.9023939024655108, 2.1591156522984125, 1.0942545316332937, 10.24190998398248, 10.588005730070229, 10.770371316254607, 8.78904914424763, 8.371408262652109, 8.409712842303236, 7.971642182762595, 5.954650926796633, 6.519136047054088, 5.940918024177745, 6.501529159359357, 2.483792000148161, 2.484084855635974, 1.7738055163968793, 1.7737937112302544, 0.0]]}