{"total energy": -44.13769672, "HOMO-LUMO gap/eV": 3.36731023, "electronic energy": -44.53716147, "dipole": [2.21727313, -0.76855061, -2.16390413], "partial charges": [-0.11143927, 0.09404619, -0.27018647, 0.37188453, -0.38334215, -0.26796163, 0.09571221, -0.11236406, -0.09153849, 0.04428908, -0.16992369, -0.00468885, -0.10361824, 0.05744784, 0.05286424, 0.05752816, 0.04478605, 0.05572366, 0.04790894, 0.05579823, 0.0571217, 0.05299758, 0.05850074, 0.06039555, 0.06216853, 0.06388575, 0.04538939, 0.04564181, 0.03723676, 0.05373591], "atomic dipole moments": [[-0.13341769, 0.04829114, 0.02957306], [-0.03898957, 0.09461875, -0.2584045], [-0.03862496, 0.03769287, 0.17270266], [0.21726298, 0.02552394, -0.10792461], [0.33451145, 0.14400275, -0.20405169], [-0.05569473, -0.18221339, 0.04857634], [0.13242872, 0.22703711, 0.09399362], [-0.04109811, -0.02656913, 0.13634864], [-0.00272598, -0.28360737, -0.35148398], [-0.04686667, 0.07227016, 0.15366609], [-0.12429643, -0.24663941, -0.30942137], [-0.03104367, -0.07955157, 0.1188536], [-0.07625196, 0.09253755, 0.01796006], [0.05058449, -0.04671965, 0.11053577], [0.07722147, 0.08930859, -0.04622668], [0.00304103, -0.09125305, -0.09019043], [-0.0001643, 0.09385024, 0.07921142], [-0.07702262, -0.09091447, 0.03441374], [0.05109081, -0.10200318, 0.04872951], [-0.12267272, 0.00414637, 0.01358335], [-0.0446968, -0.09692075, -0.0738853], [0.12605451, 0.00811451, -0.01381188], [-0.04232985, 0.11178099, -0.04663851], [0.06159916, -0.10678965, -0.0021059], [-0.06564588, 0.02646667, -0.10583861], [0.07408564, 0.10335262, 0.00070841], [-0.08051908, 0.01799627, -0.09596724], [0.06827132, 0.01368952, -0.10582297], [-0.06578586, -0.10668148, -0.01684872], [0.08531942, -0.01784937, 0.09669608]], "atomic quadrupole moments": [[0.22415834, -0.1390162, -0.09040337, -0.04975023, 0.01159665, -0.13375497], [-0.00799057, -0.22523856, -0.23550731, 0.20187211, -0.24830764, 0.24349788], [-0.02905317, -0.0883765, -0.03291203, 0.04528503, -0.05228907, 0.0619652], [-0.57343387, -0.11035358, 0.38274963, 0.79896516, 0.14484847, 0.19068424], [0.38873465, 0.27688608, -0.24307089, -0.39477089, -0.11751373, -0.14566376], [-0.08306257, 0.06832972, 0.02357731, 0.0353633, 0.04039859, 0.05948526], [-0.25916786, 0.25562735, 0.09611279, 0.08314037, 0.28797313, 0.16305507], [-0.11324978, 0.01760358, -0.13820986, -0.10082483, -0.03876685, 0.25145964], [-0.00031338, 0.42979056, 0.07585546, -0.33456502, 0.21001982, -0.07554208], [0.10201913, 0.28319338, -0.0986717, -0.24483048, 0.08838663, -0.00334743], [0.00636375, 0.54279186, -0.10161169, -0.28716649, 0.16872181, 0.09524794], [-0.0665152, -0.1081413, -0.09369066, -0.26862067, -0.00079554, 0.16020586], [-0.00273443, -0.16673558, 0.10581422, -0.06184522, 0.0407953, -0.10307979], [-0.02348998, -0.01981716, -0.03352346, 0.03301193, -0.03950426, 0.05701344], [-0.00237238, 0.04701611, 0.04204897, -0.02736438, -0.02556625, -0.03967659], [-0.02720387, 0.01167855, 0.02247693, 0.00427943, 0.06531262, 0.00472695], [-0.02098276, -0.01338939, 0.01008758, 0.02496283, 0.01807985, 0.01089519], [0.00595435, 0.02186948, 0.01153664, 0.00737824, -0.02831365, -0.01749099], [-0.02776474, -0.01812849, 0.0233787, 0.02313384, 0.00573153, 0.00438604], [0.03691712, 0.00143441, -0.02631652, 0.0012022, 0.02243299, -0.0106006], [-0.02945308, 0.04272126, 0.0332753, 0.02092587, 0.04839776, -0.00382221], [0.0822542, -0.00367312, -0.04960235, -0.00064156, -0.00963201, -0.03265185], [-0.01713431, -0.0496463, 0.04383539, 0.00420699, -0.03299907, -0.02670108], [0.00861494, -0.01120113, 0.02657767, -0.01726085, 0.00659531, -0.03519261], [0.00037957, 0.01311167, -0.02558501, 0.01395725, -0.01670085, 0.02520544], [0.01418646, 0.03939135, 0.02362327, -0.01396354, 0.01387168, -0.03780973], [0.01106027, -0.01480567, -0.04272877, 0.02701872, 0.01497836, 0.03166851], [-0.01661155, 0.00611907, -0.0271731, -0.05758397, -0.02260607, 0.04378465], [0.01806091, 0.05080251, 0.03390158, 0.00221589, 0.00800661, -0.05196249], [-0.00373468, -0.01326849, -0.03149403, 0.05444327, 0.00442959, 0.03522871]], "number of molecular orbitals": 89, "number of electrons": 80, "number of unpaired electrons": 0, "orbital energies/eV": [-20.54965973, -20.24987602, -20.08983844, -19.83314657, -18.97388113, -18.54029594, -18.09722412, -17.44909399, -17.25998886, -17.10022607, -16.83369342, -16.74083147, -16.24275783, -16.18828804, -15.88014356, -15.58516093, -15.19138557, -15.05246448, -14.85334607, -14.69614904, -14.57191721, -14.29348682, -13.93004144, -13.87790611, -13.64957742, -13.5777565, -13.44017364, -13.35138636, -13.29756964, -13.08075728, -12.98069518, -12.7771149, -12.65149193, -12.39435236, -12.21110834, -12.0167986, -11.11323054, -10.22395743, -10.06552283, -9.99842874, -6.63111851, -6.31379544, -5.79830938, -4.71215711, -4.06261647, -3.74779737, -3.04985129, -0.94888754, -0.82434233, -0.65633572, -0.41133722, -0.20129989, 0.07660496, 0.17085531, 0.53918316, 0.73988804, 0.78883031, 2.09901469, 2.38787142, 2.60328547, 2.66046511, 3.07239906, 3.26669044, 3.30330981, 3.37341608, 3.44113737, 3.65370604, 3.81487634, 4.0365379, 4.09302572, 4.28952757, 4.45620111, 4.77480914, 4.91463461, 5.49929117, 5.79538702, 5.97204983, 6.1364098, 6.29181135, 6.53335766, 6.71255468, 7.26266731, 9.02707258, 10.70765847, 11.14099484, 12.01492086, 26.08567145, 27.07749605, 36.19071464], "fractional occupation": [2.0, 2.0, 2.0, 2.0, 2.0, 2.0, 2.0, 2.0, 2.0, 2.0, 2.0, 2.0, 2.0, 2.0, 2.0, 2.0, 2.0, 2.0, 2.0, 2.0, 2.0, 2.0, 2.0, 2.0, 2.0, 2.0, 2.0, 2.0, 2.0, 2.0, 2.0, 2.0, 2.0, 2.0, 2.0, 2.0, 2.0, 2.0, 2.0, 2.0, 0.0, 0.0, 0.0, 0.0, 0.0, 0.0, 0.0, 0.0, 0.0, 0.0, 0.0, 0.0, 0.0, 0.0, 0.0, 0.0, 0.0, 0.0, 0.0, 0.0, 0.0, 0.0, 0.0, 0.0, 0.0, 0.0, 0.0, 0.0, 0.0, 0.0, 0.0, 0.0, 0.0, 0.0, 0.0, 0.0, 0.0, 0.0, 0.0, 0.0, 0.0, 0.0, 0.0, 0.0, 0.0, 0.0, 0.0, 0.0, 0.0], "program call": "xtb /home/svss/Project-DBcg-Debug/aqme2_20220329/End-to-End-workflows-final/example-3/QDESCP/mol_23_rdkit_conf_13/mol_23_rdkit_conf_13.xyz --pop --wbo --acc 0.2 --gfn 2 --chrg 0 --uhf 0 --etemp 300 --input /home/svss/Project-DBcg-Debug/aqme2_20220329/End-to-End-workflows-final/example-3/QDESCP/mol_23_rdkit_conf_13/mol_23_rdkit_conf_13_xtb.inp", "method": "GFN2-xTB", "xtb version": "6.3.3 (7355c4f)", "Dipole module/D": 8.114, "Total charge": 0, "Transition dipole module/D": NaN, "HOMO": -9.9984, "LUMO": -6.6311, "HOMO occupancy": 2.0, "LUMO occupancy": 0, "mulliken charges": [-0.09606, 0.20599, -0.38435, 0.37552, -0.21915, -0.3806, 0.21296, -0.09642, -0.06655, 0.08477, -0.12961, 0.01934, -0.08986, 0.03254, 0.03906, 0.04182, 0.02234, 0.02866, 0.03373, 0.02618, 0.03094, 0.03954, 0.04018, 0.03614, 0.03954, 0.0352, 0.02607, 0.03156, 0.02954, 0.03097], "cm5 charges": [-0.24257, 0.12766, -0.4494, 0.31439, -0.18975, -0.44268, 0.13495, -0.24287, -0.06664, 0.01334, -0.17378, -0.07502, -0.23791, 0.08377, 0.0925, 0.09515, 0.08828, 0.0925, 0.10169, 0.09034, 0.08216, 0.09295, 0.0935, 0.09801, 0.1001, 0.09088, 0.0818, 0.08238, 0.08162, 0.08265], "FUKUI+": [0.011, 0.019, -0.006, -0.138, -0.167, -0.005, 0.013, 0.011, -0.263, 0.051, -0.157, 0.013, 0.018, -0.025, -0.004, -0.02, -0.003, -0.025, -0.018, -0.021, -0.028, -0.011, -0.015, -0.055, -0.054, -0.033, -0.029, -0.033, -0.01, -0.017], "FUKUI-": [0.009, 0.014, 0.002, -0.108, -0.308, 0.005, 0.013, 0.008, -0.083, 0.06, -0.301, 0.035, 0.016, -0.022, -0.003, -0.017, -0.003, -0.014, -0.011, -0.01, -0.024, -0.009, -0.012, -0.046, -0.046, -0.037, -0.038, -0.038, -0.014, -0.018], "FUKUIrad": [0.01, 0.017, -0.002, -0.123, -0.238, -0.0, 0.013, 0.01, -0.173, 0.056, -0.229, 0.024, 0.017, -0.023, -0.004, -0.018, -0.003, -0.019, -0.014, -0.016, -0.026, -0.01, -0.013, -0.05, -0.05, -0.035, -0.034, -0.035, -0.012, -0.018], "s proportion": [1.012, 0.993, 1.659, 1.518, 1.891, 1.653, 0.993, 1.012, 1.911, 1.041, 1.931, 1.035, 1.011, 0.967, 0.961, 0.958, 0.978, 0.971, 0.966, 0.974, 0.969, 0.96, 0.96, 0.964, 0.96, 0.965, 0.974, 0.968, 0.97, 0.969], "p proportion": [3.084, 2.801, 4.725, 2.026, 4.342, 4.727, 2.794, 3.084, 4.16, 2.874, 4.199, 2.946, 3.079, 0.0, 0.0, 0.0, 0.0, 0.0, 0.0, 0.0, 0.0, 0.0, 0.0, 0.0, 0.0, 0.0, 0.0, 0.0, 0.0, 0.0], "d proportion": [0.0, 0.0, 0.0, 1.081, -0.014, 0.0, 0.0, 0.0, -0.004, 0.0, 0.0, 0.0, 0.0, 0.0, 0.0, 0.0, 0.0, 0.0, 0.0, 0.0, 0.0, 0.0, 0.0, 0.0, 0.0, 0.0, 0.0, 0.0, 0.0, 0.0], "Fermi-level/eV": -8.3148, "Coordination numbers": [3.749, 3.902, 1.657, 3.918, 0.926, 1.658, 3.894, 3.749, 2.057, 3.796, 2.132, 3.793, 3.777, 0.924, 0.924, 0.924, 0.924, 0.924, 0.924, 0.924, 0.924, 0.924, 0.924, 0.925, 0.924, 0.924, 0.924, 0.924, 0.924, 0.924], "Dispersion coefficient C6": [22.698, 18.976, 18.496, 144.763, 155.842, 18.458, 18.953, 22.716, 144.872, 19.836, 148.243, 20.671, 22.505, 2.229, 2.285, 2.228, 2.386, 2.25, 2.346, 2.249, 2.233, 2.283, 2.217, 2.194, 2.174, 2.154, 2.378, 2.375, 2.486, 2.274], "Total dispersion C6": 13110.204664, "Total dispersion C8": 414150.655054, "Polarizability alpha": [6.795, 6.192, 5.806, 21.613, 21.115, 5.8, 6.189, 6.798, 20.258, 6.342, 20.492, 6.475, 6.759, 2.335, 2.364, 2.334, 2.416, 2.346, 2.395, 2.345, 2.337, 2.363, 2.328, 2.317, 2.306, 2.295, 2.412, 2.41, 2.466, 2.358], "Total polarizability alpha": 180.759404, "Wiberg matrix": [[0.0, 1.0168654825900687, 0.0, 0.0, 0.0, 0.0, 0.0, 0.0, 0.0, 0.0, 0.0, 0.0, 0.0, 0.9817654120936701, 0.984920700140856, 0.9845511833703293, 0.0, 0.0, 0.0, 0.0, 0.0, 0.0, 0.0, 0.0, 0.0, 0.0, 0.0, 0.0, 0.0, 0.0], [1.0168654825900687, 0.0, 0.9236928995340228, 0.0, 0.0, 0.0, 0.0, 0.0, 0.0, 0.0, 0.0, 0.0, 0.0, 0.0, 0.0, 0.0, 0.9666097990324407, 0.9703438503583773, 0.0, 0.0, 0.0, 0.0, 0.0, 0.0, 0.0, 0.0, 0.0, 0.0, 0.0, 0.0], [0.0, 0.9236928995340228, 0.0, 1.2265576315992097, 0.0, 0.0, 0.0, 0.0, 0.0, 0.0, 0.0, 0.0, 0.0, 0.0, 0.0, 0.0, 0.0, 0.0, 0.0, 0.0, 0.0, 0.0, 0.0, 0.0, 0.0, 0.0, 0.0, 0.0, 0.0, 0.0], [0.0, 0.0, 1.2265576315992097, 0.0, 1.5904115509630359, 1.2393726674865664, 0.0, 0.0, 1.038345709639116, 0.0, 0.0, 0.0, 0.0, 0.0, 0.0, 0.0, 0.0, 0.0, 0.0, 0.0, 0.0, 0.0, 0.0, 0.0, 0.0, 0.0, 0.0, 0.0, 0.0, 0.0], [0.0, 0.0, 0.0, 1.5904115509630359, 0.0, 0.0, 0.0, 0.0, 0.11363292638405736, 0.0, 0.0, 0.0, 0.0, 0.0, 0.0, 0.0, 0.0, 0.0, 0.0, 0.0, 0.0, 0.0, 0.0, 0.0, 0.0, 0.0, 0.0, 0.0, 0.0, 0.0], [0.0, 0.0, 0.0, 1.2393726674865664, 0.0, 0.0, 0.9144433338098534, 0.0, 0.0, 0.0, 0.0, 0.0, 0.0, 0.0, 0.0, 0.0, 0.0, 0.0, 0.0, 0.0, 0.0, 0.0, 0.0, 0.0, 0.0, 0.0, 0.0, 0.0, 0.0, 0.0], [0.0, 0.0, 0.0, 0.0, 0.0, 0.9144433338098534, 0.0, 1.015582317038761, 0.0, 0.0, 0.0, 0.0, 0.0, 0.0, 0.0, 0.0, 0.0, 0.0, 0.9696320369605848, 0.9704277690506994, 0.0, 0.0, 0.0, 0.0, 0.0, 0.0, 0.0, 0.0, 0.0, 0.0], [0.0, 0.0, 0.0, 0.0, 0.0, 0.0, 1.015582317038761, 0.0, 0.0, 0.0, 0.0, 0.0, 0.0, 0.0, 0.0, 0.0, 0.0, 0.0, 0.0, 0.0, 0.9808923359182651, 0.9853647386225116, 0.9845644330608444, 0.0, 0.0, 0.0, 0.0, 0.0, 0.0, 0.0], [0.0, 0.0, 0.0, 1.038345709639116, 0.11363292638405736, 0.0, 0.0, 0.0, 0.0, 0.9761888365142751, 0.0, 0.0, 0.0, 0.0, 0.0, 0.0, 0.0, 0.0, 0.0, 0.0, 0.0, 0.0, 0.0, 0.0, 0.0, 0.0, 0.0, 0.0, 0.0, 0.0], [0.0, 0.0, 0.0, 0.0, 0.0, 0.0, 0.0, 0.0, 0.9761888365142751, 0.0, 0.9937472083269351, 0.0, 0.0, 0.0, 0.0, 0.0, 0.0, 0.0, 0.0, 0.0, 0.0, 0.0, 0.0, 0.9685819871993308, 0.9717440113225986, 0.0, 0.0, 0.0, 0.0, 0.0], [0.0, 0.0, 0.0, 0.0, 0.0, 0.0, 0.0, 0.0, 0.0, 0.9937472083269351, 0.0, 0.9848930710472604, 0.0, 0.0, 0.0, 0.0, 0.0, 0.0, 0.0, 0.0, 0.0, 0.0, 0.0, 0.0, 0.0, 0.0, 0.0, 0.0, 0.0, 0.0], [0.0, 0.0, 0.0, 0.0, 0.0, 0.0, 0.0, 0.0, 0.0, 0.0, 0.9848930710472604, 0.0, 1.0257917303233284, 0.0, 0.0, 0.0, 0.0, 0.0, 0.0, 0.0, 0.0, 0.0, 0.0, 0.0, 0.0, 0.9683660936313172, 0.9728765206562118, 0.0, 0.0, 0.0], [0.0, 0.0, 0.0, 0.0, 0.0, 0.0, 0.0, 0.0, 0.0, 0.0, 0.0, 1.0257917303233284, 0.0, 0.0, 0.0, 0.0, 0.0, 0.0, 0.0, 0.0, 0.0, 0.0, 0.0, 0.0, 0.0, 0.0, 0.0, 0.9791974038817313, 0.9850573305962601, 0.9856798519747664], [0.9817654120936701, 0.0, 0.0, 0.0, 0.0, 0.0, 0.0, 0.0, 0.0, 0.0, 0.0, 0.0, 0.0, 0.0, 0.0, 0.0, 0.0, 0.0, 0.0, 0.0, 0.0, 0.0, 0.0, 0.0, 0.0, 0.0, 0.0, 0.0, 0.0, 0.0], [0.984920700140856, 0.0, 0.0, 0.0, 0.0, 0.0, 0.0, 0.0, 0.0, 0.0, 0.0, 0.0, 0.0, 0.0, 0.0, 0.0, 0.0, 0.0, 0.0, 0.0, 0.0, 0.0, 0.0, 0.0, 0.0, 0.0, 0.0, 0.0, 0.0, 0.0], [0.9845511833703293, 0.0, 0.0, 0.0, 0.0, 0.0, 0.0, 0.0, 0.0, 0.0, 0.0, 0.0, 0.0, 0.0, 0.0, 0.0, 0.0, 0.0, 0.0, 0.0, 0.0, 0.0, 0.0, 0.0, 0.0, 0.0, 0.0, 0.0, 0.0, 0.0], [0.0, 0.9666097990324407, 0.0, 0.0, 0.0, 0.0, 0.0, 0.0, 0.0, 0.0, 0.0, 0.0, 0.0, 0.0, 0.0, 0.0, 0.0, 0.0, 0.0, 0.0, 0.0, 0.0, 0.0, 0.0, 0.0, 0.0, 0.0, 0.0, 0.0, 0.0], [0.0, 0.9703438503583773, 0.0, 0.0, 0.0, 0.0, 0.0, 0.0, 0.0, 0.0, 0.0, 0.0, 0.0, 0.0, 0.0, 0.0, 0.0, 0.0, 0.0, 0.0, 0.0, 0.0, 0.0, 0.0, 0.0, 0.0, 0.0, 0.0, 0.0, 0.0], [0.0, 0.0, 0.0, 0.0, 0.0, 0.0, 0.9696320369605848, 0.0, 0.0, 0.0, 0.0, 0.0, 0.0, 0.0, 0.0, 0.0, 0.0, 0.0, 0.0, 0.0, 0.0, 0.0, 0.0, 0.0, 0.0, 0.0, 0.0, 0.0, 0.0, 0.0], [0.0, 0.0, 0.0, 0.0, 0.0, 0.0, 0.9704277690506994, 0.0, 0.0, 0.0, 0.0, 0.0, 0.0, 0.0, 0.0, 0.0, 0.0, 0.0, 0.0, 0.0, 0.0, 0.0, 0.0, 0.0, 0.0, 0.0, 0.0, 0.0, 0.0, 0.0], [0.0, 0.0, 0.0, 0.0, 0.0, 0.0, 0.0, 0.9808923359182651, 0.0, 0.0, 0.0, 0.0, 0.0, 0.0, 0.0, 0.0, 0.0, 0.0, 0.0, 0.0, 0.0, 0.0, 0.0, 0.0, 0.0, 0.0, 0.0, 0.0, 0.0, 0.0], [0.0, 0.0, 0.0, 0.0, 0.0, 0.0, 0.0, 0.9853647386225116, 0.0, 0.0, 0.0, 0.0, 0.0, 0.0, 0.0, 0.0, 0.0, 0.0, 0.0, 0.0, 0.0, 0.0, 0.0, 0.0, 0.0, 0.0, 0.0, 0.0, 0.0, 0.0], [0.0, 0.0, 0.0, 0.0, 0.0, 0.0, 0.0, 0.9845644330608444, 0.0, 0.0, 0.0, 0.0, 0.0, 0.0, 0.0, 0.0, 0.0, 0.0, 0.0, 0.0, 0.0, 0.0, 0.0, 0.0, 0.0, 0.0, 0.0, 0.0, 0.0, 0.0], [0.0, 0.0, 0.0, 0.0, 0.0, 0.0, 0.0, 0.0, 0.0, 0.9685819871993308, 0.0, 0.0, 0.0, 0.0, 0.0, 0.0, 0.0, 0.0, 0.0, 0.0, 0.0, 0.0, 0.0, 0.0, 0.0, 0.0, 0.0, 0.0, 0.0, 0.0], [0.0, 0.0, 0.0, 0.0, 0.0, 0.0, 0.0, 0.0, 0.0, 0.9717440113225986, 0.0, 0.0, 0.0, 0.0, 0.0, 0.0, 0.0, 0.0, 0.0, 0.0, 0.0, 0.0, 0.0, 0.0, 0.0, 0.0, 0.0, 0.0, 0.0, 0.0], [0.0, 0.0, 0.0, 0.0, 0.0, 0.0, 0.0, 0.0, 0.0, 0.0, 0.0, 0.9683660936313172, 0.0, 0.0, 0.0, 0.0, 0.0, 0.0, 0.0, 0.0, 0.0, 0.0, 0.0, 0.0, 0.0, 0.0, 0.0, 0.0, 0.0, 0.0], [0.0, 0.0, 0.0, 0.0, 0.0, 0.0, 0.0, 0.0, 0.0, 0.0, 0.0, 0.9728765206562118, 0.0, 0.0, 0.0, 0.0, 0.0, 0.0, 0.0, 0.0, 0.0, 0.0, 0.0, 0.0, 0.0, 0.0, 0.0, 0.0, 0.0, 0.0], [0.0, 0.0, 0.0, 0.0, 0.0, 0.0, 0.0, 0.0, 0.0, 0.0, 0.0, 0.0, 0.9791974038817313, 0.0, 0.0, 0.0, 0.0, 0.0, 0.0, 0.0, 0.0, 0.0, 0.0, 0.0, 0.0, 0.0, 0.0, 0.0, 0.0, 0.0], [0.0, 0.0, 0.0, 0.0, 0.0, 0.0, 0.0, 0.0, 0.0, 0.0, 0.0, 0.0, 0.9850573305962601, 0.0, 0.0, 0.0, 0.0, 0.0, 0.0, 0.0, 0.0, 0.0, 0.0, 0.0, 0.0, 0.0, 0.0, 0.0, 0.0, 0.0], [0.0, 0.0, 0.0, 0.0, 0.0, 0.0, 0.0, 0.0, 0.0, 0.0, 0.0, 0.0, 0.9856798519747664, 0.0, 0.0, 0.0, 0.0, 0.0, 0.0, 0.0, 0.0, 0.0, 0.0, 0.0, 0.0, 0.0, 0.0, 0.0, 0.0, 0.0]], "Born radii": [], "Atomic SASAs": [], "Solvent H bonds": [], "Total SASA": NaN, "Total FOD": 0.0, "FOD": [0.0, 0.0, 0.0, 0.0, 0.0, 0.0, 0.0, 0.0, 0.0, 0.0, 0.0, 0.0, 0.0, 0.0, 0.0, 0.0, 0.0, 0.0, 0.0, 0.0, 0.0, 0.0, 0.0, 0.0, 0.0, 0.0, 0.0, 0.0, 0.0, 0.0], "FOD s proportion": [0.0, 0.0, 0.0, 0.0, 0.0, 0.0, 0.0, 0.0, 0.0, 0.0, 0.0, 0.0, 0.0, 0.0, 0.0, 0.0, 0.0, 0.0, 0.0, 0.0, 0.0, 0.0, 0.0, 0.0, 0.0, 0.0, 0.0, 0.0, 0.0, 0.0], "FOD p proportion": [0.0, 0.0, 0.0, 0.0, 0.0, 0.0, 0.0, 0.0, 0.0, 0.0, 0.0, 0.0, 0.0, 0.0, 0.0, 0.0, 0.0, 0.0, 0.0, 0.0, 0.0, 0.0, 0.0, 0.0, 0.0, 0.0, 0.0, 0.0, 0.0, 0.0], "FOD d proportion": [0.0, 0.0, 0.0, 0.0, 0.0, 0.0, 0.0, 0.0, 0.0, 0.0, 0.0, 0.0, 0.0, 0.0, 0.0, 0.0, 0.0, 0.0, 0.0, 0.0, 0.0, 0.0, 0.0, 0.0, 0.0, 0.0, 0.0, 0.0, 0.0, 0.0], "coordinates": [["1.08690", "-2.33790", "2.14400"], ["-0.31730", "-1.80820", "2.34950"], ["-0.80410", "-1.33220", "1.10390"], ["-1.93760", "-0.16390", "1.09840"], ["-3.57430", "-0.67600", "2.02670"], ["-2.14160", "-0.02590", "-0.51130"], ["-2.65750", "-1.12660", "-1.24370"], ["-2.27310", "-0.95390", "-2.69910"], ["-0.95680", "1.60500", "1.66250"], ["0.28440", "1.75850", "0.36450"], ["1.45270", "3.08710", "0.76450"], ["2.36350", "3.17600", "-0.80890"], ["3.24320", "1.96020", "-1.03760"], ["1.49780", "-2.72840", "3.07910"], ["1.74580", "-1.54640", "1.77150"], ["1.09280", "-3.13610", "1.39440"], ["-0.30800", "-1.00800", "3.09560"], ["-0.97310", "-2.61040", "2.70110"], ["-2.25290", "-2.06900", "-0.86230"], ["-3.74700", "-1.14190", "-1.14630"], ["-2.65950", "-1.77780", "-3.30550"], ["-1.18400", "-0.91540", "-2.80740"], ["-2.66570", "-0.01050", "-3.09290"], ["0.82400", "0.81290", "0.27730"], ["-0.21680", "1.97880", "-0.58160"], ["2.99020", "4.07300", "-0.77530"], ["1.65620", "3.30470", "-1.63440"], ["3.82630", "2.09310", "-1.95510"], ["2.65460", "1.04580", "-1.15720"], ["3.95080", "1.81540", "-0.21430"]], "bond_dist": [[0.0, 1.5147904079442804, 2.3809917051514478, 3.8687408300375976, 4.949995589897025, 4.7769419443824095, 5.192715122168749, 6.054805827605043, 4.467103351166167, 4.537743873336176, 5.609585982048943, 6.383762149391219, 5.765923331089306, 1.0934994604479693, 1.0951610429521312, 1.0950151642785593, 2.149400516423126, 2.1513290450323956, 4.501600930780071, 5.968507292447585, 6.636736790019626, 5.62999600532718, 6.85010358534818, 3.671678899359256, 5.269006352245174, 7.296883046205413, 6.81464186953357, 6.628777728209025, 4.9804648799083004, 5.568967856793573], [1.5147904079442804, 0.0, 1.4195314720005328, 2.6257086262569196, 3.463253626288436, 3.8326023039183177, 4.341912117949879, 5.4811809028712055, 3.5398959716353247, 4.125968586889629, 5.441423259589351, 6.481082381824814, 6.192773628996945, 2.1618677596004803, 2.1584728050174733, 2.1596102495589338, 1.094107736925391, 1.0941759639107411, 3.759018919877898, 4.9424098798055995, 6.1209353860337385, 5.304891925383589, 6.194063739581633, 3.530827628191442, 4.789866016915296, 7.435888967030103, 6.775537459862502, 7.135765117350767, 5.410586890532302, 6.157939997271815], [2.3809917051514478, 1.4195314720005328, 0.0, 1.6278136840560102, 2.992685469607523, 2.470667314714792, 2.9980975100886895, 4.094371855364385, 2.9937426559408875, 3.3591622616360763, 4.973786393684393, 5.83235465656882, 5.639730250641425, 3.339091656423944, 2.644534251999773, 2.633756835776606, 2.0780013811352487, 2.0526578087932723, 2.55104647546845, 3.709484403525644, 4.804568334408409, 3.9517482131330177, 4.777611923335758, 2.8169897372905, 3.761456172813928, 6.866170123875464, 5.920490232235841, 6.521561565300139, 4.7676055730313935, 5.852701172108482], [3.8687408300375976, 2.6257086262569196, 1.6278136840560102, 0.0, 1.9500703038608633, 1.628433016737256, 2.6325804280211464, 3.8932847956449326, 2.099805862454908, 3.028450919199451, 4.708993979609657, 5.769938172112419, 5.992911266654963, 4.722478787670729, 3.9914665750823968, 4.254986838992572, 2.7123622195422206, 3.0796541672726825, 2.75193833324804, 3.044518098156094, 4.745539803857934, 4.0482019280169315, 4.2568364849968106, 3.0421666637447724, 3.2209805851634687, 6.763526161699976, 5.693397952014245, 6.90220649212989, 5.257319306452672, 6.349335740059742], [4.949995589897025, 3.463253626288436, 2.992685469607523, 1.9500703038608633, 0.0, 2.9860849452083573, 3.4262339032821445, 4.909535160277396, 3.4909753493830347, 4.855848512875993, 6.405060456389151, 7.62469672839517, 7.925767545165579, 5.571901823435154, 5.396868277992339, 5.313540976599315, 3.452750628122454, 3.3110361157800736, 3.4688424524616277, 3.2116688963839346, 5.521157407645611, 5.39808940829994, 5.242017585815599, 4.962082875164421, 5.0123844804643625, 8.573031275459108, 7.523812594024389, 8.848249906619952, 7.2042355361273405, 8.237492638539958], [4.7769419443824095, 3.8326023039183177, 2.470667314714792, 1.628433016737256, 2.9860849452083573, 0.0, 1.419190987851882, 2.380114511951053, 2.9646234651300998, 3.1363330499167335, 4.923152153854276, 5.535038877912242, 5.7634760292726135, 5.78270790979451, 4.757622815020123, 4.875077424000566, 4.163692709602859, 4.285387527400526, 2.0760169315301837, 2.0557213235261242, 3.3384019620171568, 2.6420225623563476, 2.634307599730905, 3.181235414111945, 2.7800394277779583, 6.5731307951386455, 5.174701422304479, 6.49542530170273, 4.956739063134149, 6.371493737735289], [5.192715122168749, 4.341912117949879, 2.9980975100886895, 2.6325804280211464, 3.4262339032821445, 1.419190987851882, 0.0, 1.5151824345602745, 4.335898694619145, 4.423221095536601, 6.219475779356328, 6.626602357166153, 6.662512434509973, 6.206358124536482, 5.353196612305585, 5.006237304603129, 4.935964009188074, 4.538756750476941, 1.0942051361604916, 1.0939520556221827, 2.162194413090553, 2.1589269047376294, 2.1599275659151167, 4.26567034591282, 4.004859805286572, 7.691017748646794, 6.196537248334751, 7.274078669494853, 5.739791844657784, 7.306480496791871], [6.054805827605043, 5.4811809028712055, 4.094371855364385, 3.8932847956449326, 4.909535160277396, 2.380114511951053, 1.5151824345602745, 0.0, 5.2253391717667474, 4.825304650485812, 6.496752388693909, 6.490530764891266, 6.4561696655215, 7.124333814469954, 6.040602438498994, 5.73131938562143, 6.119076148406719, 5.796218792454267, 2.1488811716798115, 2.149165663693704, 1.093543382769975, 1.0951483689436787, 1.0950875581431836, 4.644627822549402, 4.160877939810299, 7.528150964214254, 5.8914054808678715, 6.858602289096518, 5.537010293470655, 7.251219534671393], [4.467103351166167, 3.5398959716353247, 2.9937426559408875, 2.099805862454908, 3.4909753493830347, 2.9646234651300998, 4.335898694619145, 5.2253391717667474, 0.0, 1.8024826462410117, 2.9679478870088, 4.427217077352318, 5.005667492952363, 5.1778540226622845, 4.152980823456809, 5.172114362618057, 3.0499977131138967, 4.341492002756656, 4.642495691974307, 4.818716954750507, 6.246882993141459, 5.136539886927776, 5.305092706070272, 2.391119003730262, 2.3923443000538196, 5.25477895253454, 4.537212657568521, 6.016919226647471, 4.615801413622558, 5.258439327405044], [4.537743873336176, 4.125968586889629, 3.3591622616360763, 3.028450919199451, 4.855848512875993, 3.1363330499167335, 4.423221095536601, 4.825304650485812, 1.8024826462410117, 0.0, 1.813864066020384, 2.776478096438004, 3.2804061852154835, 5.382719046169882, 3.8778477239314078, 5.066686661912299, 3.9323488171829313, 5.11158419866092, 4.753176388479603, 5.191052182361491, 5.885649063612271, 4.400782814454719, 4.877096038627904, 1.0922139717106718, 1.093086794358069, 3.7386371754959056, 2.8754427293896847, 4.247064507398021, 2.9054019033517546, 3.712241372809694], [5.609585982048943, 5.441423259589351, 4.973786393684393, 4.708993979609657, 6.405060456389151, 4.923152153854276, 6.219475779356328, 6.496752388693909, 2.9679478870088, 1.813864066020384, 0.0, 1.820177851200261, 2.779093066091886, 6.259348801592703, 4.750713510621325, 6.265342788706777, 5.030301751386292, 6.4881762807433025, 6.554640860489612, 6.969395793754291, 7.559255310544816, 5.97751309074267, 6.437070690927668, 2.4092764826810558, 2.414030726813559, 2.388909604819739, 2.41732977063536, 3.744093631307849, 3.050311490651405, 2.9691369015254248], [6.383762149391219, 6.481082381824814, 5.83235465656882, 5.769938172112419, 7.62469672839517, 5.535038877912242, 6.626602357166153, 6.490530764891266, 4.427217077352318, 2.776478096438004, 1.820177851200261, 0.0, 1.5180070553195726, 7.122353533067564, 5.416740644520467, 6.805278524057631, 6.315685908909657, 7.54555660769966, 6.987419088619203, 7.489746953001817, 7.483560315785529, 5.772201699525061, 6.376777469066958, 3.022272704439492, 2.853576916783566, 1.094756068720334, 1.094663066884053, 2.150867427341815, 2.1780275801743194, 2.1735461370764595], [5.765923331089306, 6.192773628996945, 5.639730250641425, 5.992911266654963, 7.925767545165579, 5.7634760292726135, 6.662512434509973, 6.4561696655215, 5.005667492952363, 3.2804061852154835, 2.779093066091886, 1.5180070553195726, 0.0, 6.478935870187326, 4.735978582088395, 6.0424430365540065, 6.205205469603726, 7.255718278709558, 6.817059332292773, 7.6483812757994745, 7.345602881996821, 5.567887143252816, 6.559193227066878, 2.9829160128974466, 3.48996876203785, 2.1439995638992095, 2.1638898978460066, 1.095205126905458, 1.0940207859085676, 1.0952112535944838], [1.0934994604479693, 2.1618677596004803, 3.339091656423944, 4.722478787670729, 5.571901823435154, 5.78270790979451, 6.206358124536482, 7.124333814469954, 5.1778540226622845, 5.382719046169882, 6.259348801592703, 7.122353533067564, 6.478935870187326, 0.0, 1.7800128538861735, 1.7800163988008648, 2.494185648663708, 2.502429781232632, 5.4806197468899445, 6.919459115422246, 7.677883875782442, 6.7178793149326514, 7.925610175879205, 4.565621027855904, 6.204700596322114, 7.9588126677287745, 7.657706472567357, 7.349281879204254, 5.790423954254127, 6.124525369365369], [1.0951610429521312, 2.1584728050174733, 2.644534251999773, 3.9914665750823968, 5.396868277992339, 4.757622815020123, 5.353196612305585, 6.040602438498994, 4.152980823456809, 3.8778477239314078, 4.750713510621325, 5.416740644520467, 4.735978582088395, 1.7800128538861735, 0.0, 1.7594770529904618, 2.5022409576217877, 3.064093564171956, 4.816597854295083, 6.23281869863066, 6.725781965689937, 5.4724961626299935, 6.744086922630816, 2.940857930944642, 4.670750840068436, 6.29383650566171, 5.928014353896252, 5.609098685172156, 4.015308452659646, 4.484096997166765], [1.0950151642785593, 2.1596102495589338, 2.633756835776606, 4.254986838992572, 5.313540976599315, 4.875077424000566, 5.006237304603129, 5.73131938562143, 5.172114362618057, 5.066686661912299, 6.265342788706777, 6.805278524057631, 6.0424430365540065, 1.7800163988008648, 1.7594770529904618, 0.0, 3.0635162297595224, 2.5003536129915704, 4.174338964434968, 5.818561176957754, 6.165532758002344, 5.269767544209137, 6.635627995902121, 4.112756599897446, 5.637537598100787, 7.763945366886607, 7.139674617235718, 6.784961690385584, 5.141806045544697, 5.939144041021399], [2.149400516423126, 1.094107736925391, 2.0780013811352487, 2.7123622195422206, 3.452750628122454, 4.163692709602859, 4.935964009188074, 6.119076148406719, 3.0499977131138967, 3.9323488171829313, 5.030301751386292, 6.315685908909657, 6.205205469603726, 2.494185648663708, 2.5022409576217877, 3.0635162297595224, 0.0, 1.7792341105093505, 4.5357832201285815, 5.462450532499128, 6.8626689778831675, 5.968363239616035, 6.697110405988542, 3.5411743391140744, 4.738258279157015, 7.188779524369905, 6.695547993256415, 7.2262596265287895, 5.575069599565552, 6.088054123445356], [2.1513290450323956, 1.0941759639107411, 2.0526578087932723, 3.0796541672726825, 3.3110361157800736, 4.285387527400526, 4.538756750476941, 5.796218792454267, 4.341492002756656, 5.11158419866092, 6.4881762807433025, 7.54555660769966, 7.255718278709558, 2.502429781232632, 3.064093564171956, 2.5003536129915704, 1.7792341105093505, 0.0, 3.824764248943979, 4.965229120594537, 6.294156915743362, 5.76724163357146, 6.572275920105607, 4.563261743533895, 5.692878500372197, 8.512399157111936, 7.790904103504291, 8.17541136885478, 6.435408659906533, 7.234089715368479], [4.501600930780071, 3.759018919877898, 2.55104647546845, 2.75193833324804, 3.4688424524616277, 2.0760169315301837, 1.0942051361604916, 2.1488811716798115, 4.642495691974307, 4.753176388479603, 6.554640860489612, 6.987419088619203, 6.817059332292773, 5.4806197468899445, 4.816597854295083, 4.174338964434968, 4.5357832201285815, 3.824764248943979, 0.0, 1.7811527783994274, 2.493861912777049, 2.501350471245483, 3.063233985512697, 4.367075609604211, 4.539733531827611, 8.07600338100474, 6.689832053945748, 7.448084377207337, 5.8200087027426335, 7.3480855363829285], [5.968507292447585, 4.9424098798055995, 3.709484403525644, 3.044518098156094, 3.2116688963839346, 2.0557213235261242, 1.0939520556221827, 2.149165663693704, 4.818716954750507, 5.191052182361491, 6.969395793754291, 7.489746953001817, 7.6483812757994745, 6.919459115422246, 6.23281869863066, 5.818561176957754, 5.462450532499128, 4.965229120594537, 1.7811527783994274, 0.0, 2.4998339344844487, 3.062600930581717, 2.4977043880331395, 5.171259131004749, 4.745520690082385, 8.527759779097908, 7.014632093702421, 8.274917240069534, 6.765104039111298, 8.298817513959444], [6.636736790019626, 6.1209353860337385, 4.804568334408409, 4.745539803857934, 5.521157407645611, 3.3384019620171568, 2.162194413090553, 1.093543382769975, 6.246882993141459, 5.885649063612271, 7.559255310544816, 7.483560315785529, 7.345602881996821, 7.677883875782442, 6.725781965689937, 6.165532758002344, 6.8626689778831675, 6.294156915743362, 2.493861912777049, 2.4998339344844487, 0.0, 1.780151010448271, 1.780052384060649, 5.628761371740678, 5.243897220579366, 8.517798000070206, 6.873837934516641, 7.672877466114, 6.389645425217271, 8.134043875588576], [5.62999600532718, 5.304891925383589, 3.9517482131330177, 4.0482019280169315, 5.39808940829994, 2.6420225623563476, 2.1589269047376294, 1.0951483689436787, 5.136539886927776, 4.400782814454719, 5.97751309074267, 5.772201699525061, 5.567887143252816, 6.7178793149326514, 5.4724961626299935, 5.269767544209137, 5.968363239616035, 5.76724163357146, 2.501350471245483, 3.062600930581717, 1.780151010448271, 0.0, 1.7594854787692908, 4.0662585972857155, 3.7770431715827657, 6.814507363705759, 5.220336105079825, 5.90597948100059, 4.615659805488268, 6.367700314085141], [6.85010358534818, 6.194063739581633, 4.777611923335758, 4.2568364849968106, 5.242017585815599, 2.634307599730905, 2.1599275659151167, 1.0950875581431836, 5.305092706070272, 4.877096038627904, 6.437070690927668, 6.376777469066958, 6.559193227066878, 7.925610175879205, 6.744086922630816, 6.635627995902121, 6.697110405988542, 6.572275920105607, 3.063233985512697, 2.4977043880331395, 1.780052384060649, 1.7594854787692908, 0.0, 4.920796855185144, 4.032499645381262, 7.35088068329231, 5.638846770395522, 6.918510374350826, 5.759192327922379, 7.443004838101343], [3.671678899359256, 3.530827628191442, 2.8169897372905, 3.0421666637447724, 4.962082875164421, 3.181235414111945, 4.26567034591282, 4.644627822549402, 2.391119003730262, 1.0922139717106718, 2.4092764826810558, 3.022272704439492, 2.9829160128974466, 4.565621027855904, 2.940857930944642, 4.112756599897446, 3.5411743391140744, 4.563261743533895, 4.367075609604211, 5.171259131004749, 5.628761371740678, 4.0662585972857155, 4.920796855185144, 0.0, 1.783338627406472, 4.053226025032407, 3.2490338517780946, 3.954279591784071, 2.3373337416808924, 3.3201739487563], [5.269006352245174, 4.789866016915296, 3.761456172813928, 3.2209805851634687, 5.0123844804643625, 2.7800394277779583, 4.004859805286572, 4.160877939810299, 2.3923443000538196, 1.093086794358069, 2.414030726813559, 2.853576916783566, 3.48996876203785, 6.204700596322114, 4.670750840068436, 5.637537598100787, 4.738258279157015, 5.692878500372197, 4.539733531827611, 4.745520690082385, 5.243897220579366, 3.7770431715827657, 4.032499645381262, 1.783338627406472, 0.0, 3.835106560449136, 2.524782693619393, 4.271559943393045, 3.0735553224238537, 4.186943826945855], [7.296883046205413, 7.435888967030103, 6.866170123875464, 6.763526161699976, 8.573031275459108, 6.5731307951386455, 7.691017748646794, 7.528150964214254, 5.25477895253454, 3.7386371754959056, 2.388909604819739, 1.094756068720334, 2.1439995638992095, 7.9588126677287745, 6.29383650566171, 7.763945366886607, 7.188779524369905, 8.512399157111936, 8.07600338100474, 8.527759779097908, 8.517798000070206, 6.814507363705759, 7.35088068329231, 4.053226025032407, 3.835106560449136, 0.0, 1.7629219211298048, 2.4517331135341793, 3.069595219243085, 2.5167898442261722], [6.81464186953357, 6.775537459862502, 5.920490232235841, 5.693397952014245, 7.523812594024389, 5.174701422304479, 6.196537248334751, 5.8914054808678715, 4.537212657568521, 2.8754427293896847, 2.41732977063536, 1.094663066884053, 2.1638898978460066, 7.657706472567357, 5.928014353896252, 7.139674617235718, 6.695547993256415, 7.790904103504291, 6.689832053945748, 7.014632093702421, 6.873837934516641, 5.220336105079825, 5.638846770395522, 3.2490338517780946, 2.524782693619393, 1.7629219211298048, 0.0, 2.506024153913924, 2.515382994694843, 3.0821887774761625], [6.628777728209025, 7.135765117350767, 6.521561565300139, 6.90220649212989, 8.848249906619952, 6.49542530170273, 7.274078669494853, 6.858602289096518, 6.016919226647471, 4.247064507398021, 3.744093631307849, 2.150867427341815, 1.095205126905458, 7.349281879204254, 5.609098685172156, 6.784961690385584, 7.2262596265287895, 8.17541136885478, 7.448084377207337, 8.274917240069534, 7.672877466114, 5.90597948100059, 6.918510374350826, 3.954279591784071, 4.271559943393045, 2.4517331135341793, 2.506024153913924, 0.0, 1.7624876141408767, 1.7672017937971884], [4.9804648799083004, 5.410586890532302, 4.7676055730313935, 5.257319306452672, 7.2042355361273405, 4.956739063134149, 5.739791844657784, 5.537010293470655, 4.615801413622558, 2.9054019033517546, 3.050311490651405, 2.1780275801743194, 1.0940207859085676, 5.790423954254127, 4.015308452659646, 5.141806045544697, 5.575069599565552, 6.435408659906533, 5.8200087027426335, 6.765104039111298, 6.389645425217271, 4.615659805488268, 5.759192327922379, 2.3373337416808924, 3.0735553224238537, 3.069595219243085, 2.515382994694843, 1.7624876141408767, 0.0, 1.7780548388618391], [5.568967856793573, 6.157939997271815, 5.852701172108482, 6.349335740059742, 8.237492638539958, 6.371493737735289, 7.306480496791871, 7.251219534671393, 5.258439327405044, 3.712241372809694, 2.9691369015254248, 2.1735461370764595, 1.0952112535944838, 6.124525369365369, 4.484096997166765, 5.939144041021399, 6.088054123445356, 7.234089715368479, 7.3480855363829285, 8.298817513959444, 8.134043875588576, 6.367700314085141, 7.443004838101343, 3.3201739487563, 4.186943826945855, 2.5167898442261722, 3.0821887774761625, 1.7672017937971884, 1.7780548388618391, 0.0]]}