{"total energy": -75.03155479, "HOMO-LUMO gap/eV": 0.89814299, "electronic energy": -75.68337565, "dipole": [-0.64730501, 0.22803957, 0.26700843], "partial charges": [-0.10466228, -0.06011448, 0.00705221, -0.16648999, 0.00346707, -0.05839806, -0.10448921, 0.10577712, 0.01624082, -0.01413081, -0.00558572, -0.01456642, 0.010507, 0.54276212, -0.35094953, -0.35536924, 0.48216343, -0.19435046, -0.19250008, -0.19389011, 0.55255193, -0.34679369, -0.34774854, 0.03979855, 0.03753949, 0.04367741, 0.04237119, 0.05280015, 0.04667092, 0.03790698, 0.05729543, 0.02460239, 0.03754255, 0.04254811, 0.04574486, 0.03563464, 0.04367773, 0.10191283, 0.0997937], "atomic dipole moments": [[0.04477424, -0.09251063, 0.04877944], [0.08253606, 0.10994639, 0.00725812], [0.00024965, -0.14533547, 0.03827596], [0.11806958, 0.15698162, 0.12382646], [0.04550591, -0.03566375, -0.13753193], [-0.04704011, 0.09372378, -0.05959069], [0.09444038, 0.03437165, 0.06402627], [-0.0681236, 0.01699289, 0.02576335], [-0.12098751, -0.07179322, -0.07434342], [-0.01094448, 0.03711555, 0.03388026], [0.14815297, -0.0332888, -0.03186918], [-0.03703063, -0.02548466, -0.02472233], [-0.03356099, 0.12113377, 0.1081079], [-0.00761223, 0.05029785, 0.04033365], [0.07238169, -0.21388904, 0.10169625], [-0.04323714, 0.05511349, -0.23981993], [0.17467118, -0.04257371, -0.03287494], [-0.15852831, -0.21853695, -0.02305348], [-0.09573736, 0.18709478, -0.17009702], [-0.03199424, 0.09560662, 0.25127036], [-0.0436756, -0.02632186, -0.02454827], [0.11172357, -0.1230525, 0.18294149], [0.02838745, 0.23480558, -0.07496924], [0.0705138, 0.03954158, -0.09842588], [-0.00996997, 0.09515693, 0.08255625], [-0.11636138, -0.02399458, -0.04415508], [-0.08011738, -0.03782776, 0.0865896], [-0.0029104, -0.09256016, -0.08579907], [0.06943984, 0.05111049, -0.09975121], [-0.00564856, 0.09109158, 0.08646732], [-0.10648436, 0.06452283, 0.04106038], [0.07746176, 0.02828837, 0.09188759], [0.09766219, -0.07474868, -0.03266187], [-0.0212524, -0.02973867, 0.11827997], [0.01114588, 0.01851689, -0.12607145], [-0.10360965, 0.05975149, 0.03779772], [-0.02103989, -0.1241812, 0.01743963], [0.03818412, -0.11622248, -0.10865617], [0.12177019, 0.08212569, 0.07222376]], "atomic quadrupole moments": [[-0.06464993, -0.11462066, 0.12745539, 0.06523745, -0.13067071, -0.06280546], [0.11828122, -0.04148738, 0.02092975, 0.17690732, -0.10761538, -0.13921097], [0.07939295, -0.1113124, 0.08315637, 0.15835463, -0.14887127, -0.16254932], [0.03406287, -0.08635949, -0.02791922, -0.04843059, -0.08125571, -0.00614365], [-0.18326048, 0.0843605, 0.06080032, -0.11959695, -0.12114523, 0.12246016], [-0.02025727, 0.13083637, 0.14029849, 0.12863691, 0.01095733, -0.12004122], [0.11816473, 0.07958081, -0.08430617, 0.15917432, 0.05499043, -0.03385857], [-0.18336207, -0.08331828, 0.06388123, -0.0021412, -0.41740205, 0.11948084], [-0.18569018, 0.1882054, 0.10711214, 0.20422215, -0.27631585, 0.07857803], [-0.26066361, 0.01119779, 0.1012281, 0.03501826, -0.44255368, 0.1594355], [-0.04928414, -0.07341797, -0.00368496, -0.05269187, -0.34912271, 0.0529691], [-0.3074194, -0.0421723, 0.1164462, -0.00299059, -0.4162612, 0.19097319], [-0.4510593, -0.10483799, 0.19067016, -0.03842313, -0.13811448, 0.26038914], [0.25863132, 0.09635739, -0.13391711, -0.03006759, -0.06110019, -0.12471421], [0.15090201, 0.02366483, 0.01655733, -0.00990487, -0.11584075, -0.16745934], [0.13453437, 0.08388532, -0.18350457, 0.00573172, -0.07408188, 0.0489702], [-0.26827047, 0.10248827, 0.13503706, 0.09306404, 0.00702621, 0.13323341], [-0.01816557, 0.05771216, 0.05289503, 0.00956501, 0.01185628, -0.03472946], [-0.04166118, -0.02227018, 0.02386753, 0.02780703, -0.05873795, 0.01779365], [-0.05013433, 0.00293297, -0.02156051, -0.00029484, 0.04022554, 0.07169484], [0.06484919, -0.11938039, -0.08642577, -0.20753141, 0.04610066, 0.02157658], [0.03704162, -0.14395471, -0.11878581, -0.07832851, -0.03703947, 0.08174419], [-0.0184745, -0.0451423, 0.06163801, -0.18536755, -0.01623152, -0.0431635], [0.00561011, 0.00811511, -0.02605014, -0.05915209, -0.0257854, 0.02044004], [-0.05097583, -0.00662095, 0.02235942, 0.0022762, 0.05446131, 0.02861641], [0.05791731, 0.02790211, -0.02162772, 0.04099443, 0.00259283, -0.03628959], [-0.00131679, 0.00366274, -0.02930424, -0.03480072, -0.02111803, 0.03062103], [-0.02480835, -0.01463169, 0.00936359, -0.00439622, 0.04035439, 0.01544476], [0.02176601, 0.00022786, -0.038792, -0.03119768, -0.01211263, 0.01702599], [-0.01795261, -0.01189804, -0.00393349, 0.00914264, 0.02958943, 0.0218861], [0.02946221, -0.0337463, 0.00385002, -0.0056812, -0.02218726, -0.03331222], [0.02989234, 0.03732563, -0.02183425, 0.03406503, -0.00692546, -0.00805809], [0.0345547, -0.02167995, -0.0120615, -0.02591005, 0.02813599, -0.0224932], [-0.024406, 0.02174231, -0.03082507, -0.01412715, -0.00697036, 0.05523107], [-0.02436348, 0.00947991, -0.044223, -0.02396139, -0.02464725, 0.06858649], [0.03146346, -0.05139539, -0.01060193, -0.02568402, 0.03444841, -0.02086153], [-0.03515694, 0.01478006, 0.07466159, 0.01068859, -0.02215407, -0.03950465], [0.0332805, 0.00769553, -0.0151576, 0.00597993, 0.03470208, -0.0181229], [0.01838884, -0.00668666, -0.00423285, -0.00944179, 0.0421931, -0.01415599]], "number of molecular orbitals": 108, "number of electrons": 128, "number of unpaired electrons": 0, "orbital energies/eV": [-24.54360791, -24.21304717, -24.1907399, -21.95051258, -21.76463871, -21.40317985, -21.21459487, -20.58076841, -20.34912806, -20.13305103, -19.47008196, -19.27845189, -18.9606947, -18.41365548, -18.34876065, -18.31544613, -17.91145918, -17.84500462, -17.78441348, -17.67214865, -17.57826099, -17.50825644, -17.37393651, -16.99898003, -16.93394273, -16.84102347, -16.78457733, -16.77667608, -16.51521824, -16.02195224, -15.98588644, -15.74351039, -15.62733601, -15.51815468, -15.47227553, -15.45550177, -15.18499528, -15.15870995, -15.15631694, -15.09094249, -14.97528344, -14.67082717, -14.50512601, -14.39191126, -14.22844756, -13.95228553, -13.88237419, -13.81861999, -13.68302185, -13.66710242, -13.57447581, -13.42924949, -13.2472434, -13.14759409, -13.10985878, -13.0580163, -12.82261791, -12.74641001, -12.67016306, -12.49923241, -12.2918243, -12.21807817, -11.99564965, -10.67067088, -9.77252789, -9.63014981, -8.84714028, -8.78757144, -5.67861925, -2.6708406, -1.72707084, -1.53135249, -0.44410333, -0.26199137, 0.61928934, 0.87189548, 1.6463394, 1.76424326, 2.03336756, 2.24355499, 2.34826918, 2.61361529, 3.01796652, 3.20750173, 3.4791777, 3.54037555, 3.67111082, 3.74994571, 3.95509881, 4.01850639, 4.23184467, 4.82684917, 5.01922156, 5.58314157, 5.76458527, 6.26496993, 6.52819797, 6.77215309, 6.93482839, 7.2936732, 7.57016555, 8.17248723, 8.309847, 8.65250893, 9.3014251, 9.5752061, 13.34884024, 13.79706575], "fractional occupation": [2.0, 2.0, 2.0, 2.0, 2.0, 2.0, 2.0, 2.0, 2.0, 2.0, 2.0, 2.0, 2.0, 2.0, 2.0, 2.0, 2.0, 2.0, 2.0, 2.0, 2.0, 2.0, 2.0, 2.0, 2.0, 2.0, 2.0, 2.0, 2.0, 2.0, 2.0, 2.0, 2.0, 2.0, 2.0, 2.0, 2.0, 2.0, 2.0, 2.0, 2.0, 2.0, 2.0, 2.0, 2.0, 2.0, 2.0, 2.0, 2.0, 2.0, 2.0, 2.0, 2.0, 2.0, 2.0, 2.0, 2.0, 2.0, 2.0, 2.0, 2.0, 2.0, 2.0, 1.99999994, 6e-08, 0.0, 0.0, 0.0, 0.0, 0.0, 0.0, 0.0, 0.0, 0.0, 0.0, 0.0, 0.0, 0.0, 0.0, 0.0, 0.0, 0.0, 0.0, 0.0, 0.0, 0.0, 0.0, 0.0, 0.0, 0.0, 0.0, 0.0, 0.0, 0.0, 0.0, 0.0, 0.0, 0.0, 0.0, 0.0, 0.0, 0.0, 0.0, 0.0, 0.0, 0.0, 0.0, 0.0], "program call": "xtb /home/svss/Project-DBcg-Debug/aqme2_20220329/End-to-End-workflows-final/example-3/QDESCP/mol_983_rdkit_conf_1/mol_983_rdkit_conf_1.xyz --pop --wbo --acc 0.2 --gfn 2 --chrg 0 --uhf 0 --etemp 300 --input /home/svss/Project-DBcg-Debug/aqme2_20220329/End-to-End-workflows-final/example-3/QDESCP/mol_983_rdkit_conf_1/mol_983_rdkit_conf_1_xtb.inp", "method": "GFN2-xTB", "xtb version": "6.3.3 (7355c4f)", "Dipole module/D": 1.872, "Total charge": 0, "Transition dipole module/D": NaN, "HOMO": -10.6707, "LUMO": -9.7725, "HOMO occupancy": 2.0, "LUMO occupancy": 0, "mulliken charges": [-0.08439, -0.04722, 0.09361, -0.34778, 0.08518, -0.04928, -0.08232, 0.17901, 0.04276, 0.00065, -0.01267, 0.00074, 0.03425, 0.68966, -0.44463, -0.44591, 0.63895, -0.23686, -0.23485, -0.23635, 0.69324, -0.44257, -0.44527, 0.03258, 0.03011, 0.03705, 0.02688, 0.04085, 0.03215, 0.03631, 0.04166, 0.02939, 0.02743, 0.03256, 0.03778, 0.02572, 0.03847, 0.09186, 0.09126], "cm5 charges": [-0.23459, -0.15446, 0.04399, -0.59498, 0.03471, -0.15581, -0.23131, 0.24845, 0.10591, -0.04043, -0.01471, -0.0402, 0.09641, 0.52145, -0.40696, -0.40795, 0.69101, -0.2579, -0.2549, -0.25742, 0.52783, -0.40333, -0.40722, 0.08398, 0.08148, 0.08785, 0.08437, 0.10026, 0.09934, 0.10484, 0.10693, 0.09991, 0.08705, 0.08723, 0.0946, 0.07752, 0.08959, 0.15398, 0.15347], "FUKUI+": [0.008, 0.002, 0.007, -0.0, 0.007, 0.005, 0.008, -0.03, -0.006, -0.021, -0.035, -0.02, -0.004, -0.09, -0.12, -0.121, -0.002, -0.021, -0.023, -0.022, -0.083, -0.114, -0.116, -0.007, -0.011, -0.019, -0.014, 0.001, -0.003, -0.01, -0.025, 0.002, 0.006, -0.022, 0.01, -0.017, -0.017, -0.042, -0.041], "FUKUI-": [0.016, -0.001, 0.022, -0.145, 0.021, 0.002, 0.01, 0.024, -0.008, -0.009, -0.023, -0.01, -0.009, 0.005, -0.019, -0.033, -0.001, -0.015, -0.017, -0.015, 0.007, -0.019, -0.032, -0.039, -0.047, -0.059, -0.033, -0.05, -0.051, -0.086, -0.039, -0.084, -0.037, -0.045, -0.016, -0.041, -0.057, -0.033, -0.036], "FUKUIrad": [0.012, 0.0, 0.015, -0.072, 0.014, 0.004, 0.009, -0.003, -0.007, -0.015, -0.029, -0.015, -0.007, -0.042, -0.069, -0.077, -0.001, -0.018, -0.02, -0.018, -0.038, -0.066, -0.074, -0.023, -0.029, -0.039, -0.023, -0.024, -0.027, -0.048, -0.032, -0.041, -0.015, -0.034, -0.003, -0.029, -0.037, -0.038, -0.039], "s proportion": [1.008, 1.032, 1.017, 1.456, 1.015, 1.03, 1.008, 1.054, 1.074, 1.071, 1.076, 1.071, 1.075, 1.325, 1.746, 1.746, 1.023, 1.823, 1.823, 1.823, 1.325, 1.746, 1.747, 0.967, 0.97, 0.963, 0.973, 0.959, 0.968, 0.964, 0.958, 0.971, 0.973, 0.967, 0.962, 0.974, 0.962, 0.908, 0.909], "p proportion": [3.076, 3.015, 2.889, 3.891, 2.9, 3.019, 3.075, 2.767, 2.884, 2.928, 2.937, 2.928, 2.891, 2.985, 4.699, 4.7, 2.338, 5.414, 5.412, 5.414, 2.982, 4.696, 4.698, 0.0, 0.0, 0.0, 0.0, 0.0, 0.0, 0.0, 0.0, 0.0, 0.0, 0.0, 0.0, 0.0, 0.0, 0.0, 0.0], "d proportion": [0.0, 0.0, 0.0, 0.0, 0.0, 0.0, 0.0, 0.0, 0.0, 0.0, 0.0, 0.0, 0.0, 0.0, 0.0, 0.0, 0.0, 0.0, 0.0, 0.0, 0.0, 0.0, 0.0, 0.0, 0.0, 0.0, 0.0, 0.0, 0.0, 0.0, 0.0, 0.0, 0.0, 0.0, 0.0, 0.0, 0.0, 0.0, 0.0], "Fermi-level/eV": -10.2217, "Coordination numbers": [3.75, 3.8, 3.746, 2.728, 3.741, 3.799, 3.749, 2.901, 2.915, 2.912, 2.959, 2.913, 2.911, 2.759, 0.927, 0.927, 3.331, 0.788, 0.788, 0.788, 2.759, 0.927, 0.927, 0.924, 0.924, 0.924, 0.924, 0.924, 0.923, 0.924, 0.924, 0.924, 0.924, 0.924, 0.924, 0.924, 0.924, 0.924, 0.924], "Dispersion coefficient C6": [22.563, 21.658, 20.527, 24.599, 20.596, 21.627, 22.561, 25.661, 27.649, 28.365, 28.16, 28.376, 27.782, 13.558, 20.693, 20.777, 17.408, 11.177, 11.158, 11.172, 13.453, 20.615, 20.633, 2.452, 2.482, 2.401, 2.418, 2.285, 2.362, 2.477, 2.231, 2.665, 2.482, 2.415, 2.374, 2.508, 2.401, 1.768, 1.787], "Total dispersion C6": 16401.176851, "Total dispersion C8": 367037.622873, "Polarizability alpha": [6.774, 6.626, 6.463, 7.366, 6.475, 6.621, 6.774, 8.306, 8.622, 8.733, 8.704, 8.735, 8.643, 5.469, 6.101, 6.113, 6.619, 3.949, 3.946, 3.948, 5.447, 6.089, 6.092, 2.449, 2.464, 2.423, 2.432, 2.364, 2.404, 2.461, 2.336, 2.553, 2.464, 2.43, 2.409, 2.477, 2.423, 2.079, 2.09], "Total polarizability alpha": 190.873842, "Wiberg matrix": [[0.0, 1.0170578872158562, 0.0, 0.0, 0.0, 0.0, 0.0, 0.0, 0.0, 0.0, 0.0, 0.0, 0.0, 0.0, 0.0, 0.0, 0.0, 0.0, 0.0, 0.0, 0.0, 0.0, 0.0, 0.9869284186978542, 0.9871447752112548, 0.9855837426317012, 0.0, 0.0, 0.0, 0.0, 0.0, 0.0, 0.0, 0.0, 0.0, 0.0, 0.0, 0.0, 0.0], [1.0170578872158562, 0.0, 1.0012134955563585, 0.0, 0.0, 0.0, 0.0, 0.0, 0.0, 0.0, 0.0, 0.0, 0.0, 0.0, 0.0, 0.0, 0.0, 0.0, 0.0, 0.0, 0.0, 0.0, 0.0, 0.0, 0.0, 0.0, 0.9744003868956026, 0.9739416553837402, 0.0, 0.0, 0.0, 0.0, 0.0, 0.0, 0.0, 0.0, 0.0, 0.0, 0.0], [0.0, 1.0012134955563585, 0.0, 0.9506851339133577, 0.0, 0.0, 0.0, 0.0, 0.0, 0.0, 0.0, 0.0, 0.0, 0.0, 0.0, 0.0, 0.0, 0.0, 0.0, 0.0, 0.0, 0.0, 0.0, 0.0, 0.0, 0.0, 0.0, 0.0, 0.9726769584622001, 0.9684388130900643, 0.0, 0.0, 0.0, 0.0, 0.0, 0.0, 0.0, 0.0, 0.0], [0.0, 0.0, 0.9506851339133577, 0.0, 0.963746905926018, 0.0, 0.0, 1.066027033299801, 0.0, 0.0, 0.0, 0.0, 0.0, 0.0, 0.0, 0.0, 0.0, 0.0, 0.0, 0.0, 0.0, 0.0, 0.0, 0.0, 0.0, 0.0, 0.0, 0.0, 0.0, 0.0, 0.0, 0.0, 0.0, 0.0, 0.0, 0.0, 0.0, 0.0, 0.0], [0.0, 0.0, 0.0, 0.963746905926018, 0.0, 1.001896540149911, 0.0, 0.0, 0.0, 0.0, 0.0, 0.0, 0.0, 0.0, 0.0, 0.0, 0.0, 0.0, 0.0, 0.0, 0.0, 0.0, 0.0, 0.0, 0.0, 0.0, 0.0, 0.0, 0.0, 0.0, 0.9680604375741636, 0.9695547911289875, 0.0, 0.0, 0.0, 0.0, 0.0, 0.0, 0.0], [0.0, 0.0, 0.0, 0.0, 1.001896540149911, 0.0, 1.021195818111683, 0.0, 0.0, 0.0, 0.0, 0.0, 0.0, 0.0, 0.0, 0.0, 0.0, 0.0, 0.0, 0.0, 0.0, 0.0, 0.0, 0.0, 0.0, 0.0, 0.0, 0.0, 0.0, 0.0, 0.0, 0.0, 0.9761564124839817, 0.9733357233127637, 0.0, 0.0, 0.0, 0.0, 0.0], [0.0, 0.0, 0.0, 0.0, 0.0, 1.021195818111683, 0.0, 0.0, 0.0, 0.0, 0.0, 0.0, 0.0, 0.0, 0.0, 0.0, 0.0, 0.0, 0.0, 0.0, 0.0, 0.0, 0.0, 0.0, 0.0, 0.0, 0.0, 0.0, 0.0, 0.0, 0.0, 0.0, 0.0, 0.0, 0.985624175467245, 0.9868078151828906, 0.9860979830797852, 0.0, 0.0], [0.0, 0.0, 0.0, 1.066027033299801, 0.0, 0.0, 0.0, 0.0, 1.3409574756716316, 0.0, 0.0, 0.0, 1.3380713655761918, 0.0, 0.0, 0.0, 0.0, 0.0, 0.0, 0.0, 0.0, 0.0, 0.0, 0.0, 0.0, 0.0, 0.0, 0.0, 0.0, 0.0, 0.0, 0.0, 0.0, 0.0, 0.0, 0.0, 0.0, 0.0, 0.0], [0.0, 0.0, 0.0, 0.0, 0.0, 0.0, 0.0, 1.3409574756716316, 0.0, 1.4081619051303857, 0.0, 0.10317150997254301, 0.0, 0.0, 0.0, 0.0, 0.0, 0.0, 0.0, 0.0, 0.9360520425569224, 0.0, 0.0, 0.0, 0.0, 0.0, 0.0, 0.0, 0.0, 0.0, 0.0, 0.0, 0.0, 0.0, 0.0, 0.0, 0.0, 0.0, 0.0], [0.0, 0.0, 0.0, 0.0, 0.0, 0.0, 0.0, 0.0, 1.4081619051303857, 0.0, 1.410241903218999, 0.0, 0.10243505244672056, 0.0, 0.0, 0.0, 0.0, 0.0, 0.0, 0.0, 0.0, 0.0, 0.0, 0.0, 0.0, 0.0, 0.0, 0.0, 0.0, 0.0, 0.0, 0.0, 0.0, 0.0, 0.0, 0.0, 0.0, 0.9588799563429953, 0.0], [0.0, 0.0, 0.0, 0.0, 0.0, 0.0, 0.0, 0.0, 0.0, 1.410241903218999, 0.0, 1.4106587008754314, 0.0, 0.0, 0.0, 0.0, 0.9532000438235839, 0.0, 0.0, 0.0, 0.0, 0.0, 0.0, 0.0, 0.0, 0.0, 0.0, 0.0, 0.0, 0.0, 0.0, 0.0, 0.0, 0.0, 0.0, 0.0, 0.0, 0.0, 0.0], [0.0, 0.0, 0.0, 0.0, 0.0, 0.0, 0.0, 0.0, 0.10317150997254301, 0.0, 1.4106587008754314, 0.0, 1.40353528143836, 0.0, 0.0, 0.0, 0.0, 0.0, 0.0, 0.0, 0.0, 0.0, 0.0, 0.0, 0.0, 0.0, 0.0, 0.0, 0.0, 0.0, 0.0, 0.0, 0.0, 0.0, 0.0, 0.0, 0.0, 0.0, 0.9595483069810693], [0.0, 0.0, 0.0, 0.0, 0.0, 0.0, 0.0, 1.3380713655761918, 0.0, 0.10243505244672056, 0.0, 1.40353528143836, 0.0, 0.9366989620525713, 0.0, 0.0, 0.0, 0.0, 0.0, 0.0, 0.0, 0.0, 0.0, 0.0, 0.0, 0.0, 0.0, 0.0, 0.0, 0.0, 0.0, 0.0, 0.0, 0.0, 0.0, 0.0, 0.0, 0.0, 0.0], [0.0, 0.0, 0.0, 0.0, 0.0, 0.0, 0.0, 0.0, 0.0, 0.0, 0.0, 0.0, 0.9366989620525713, 0.0, 1.4661508812599835, 1.4630441215279728, 0.0, 0.0, 0.0, 0.0, 0.0, 0.0, 0.0, 0.0, 0.0, 0.0, 0.0, 0.0, 0.0, 0.0, 0.0, 0.0, 0.0, 0.0, 0.0, 0.0, 0.0, 0.0, 0.0], [0.0, 0.0, 0.0, 0.0, 0.0, 0.0, 0.0, 0.0, 0.0, 0.0, 0.0, 0.0, 0.0, 1.4661508812599835, 0.0, 0.3977362260245554, 0.0, 0.0, 0.0, 0.0, 0.0, 0.0, 0.0, 0.0, 0.0, 0.0, 0.0, 0.0, 0.0, 0.0, 0.0, 0.0, 0.0, 0.0, 0.0, 0.0, 0.0, 0.0, 0.0], [0.0, 0.0, 0.0, 0.0, 0.0, 0.0, 0.0, 0.0, 0.0, 0.0, 0.0, 0.0, 0.0, 1.4630441215279728, 0.3977362260245554, 0.0, 0.0, 0.0, 0.0, 0.0, 0.0, 0.0, 0.0, 0.0, 0.0, 0.0, 0.0, 0.0, 0.0, 0.0, 0.0, 0.0, 0.0, 0.0, 0.0, 0.0, 0.0, 0.0, 0.0], [0.0, 0.0, 0.0, 0.0, 0.0, 0.0, 0.0, 0.0, 0.0, 0.0, 0.9532000438235839, 0.0, 0.0, 0.0, 0.0, 0.0, 0.0, 0.9527536338730191, 0.949459357073159, 0.9535003467328966, 0.0, 0.0, 0.0, 0.0, 0.0, 0.0, 0.0, 0.0, 0.0, 0.0, 0.0, 0.0, 0.0, 0.0, 0.0, 0.0, 0.0, 0.0, 0.0], [0.0, 0.0, 0.0, 0.0, 0.0, 0.0, 0.0, 0.0, 0.0, 0.0, 0.0, 0.0, 0.0, 0.0, 0.0, 0.0, 0.9527536338730191, 0.0, 0.0, 0.0, 0.0, 0.0, 0.0, 0.0, 0.0, 0.0, 0.0, 0.0, 0.0, 0.0, 0.0, 0.0, 0.0, 0.0, 0.0, 0.0, 0.0, 0.0, 0.0], [0.0, 0.0, 0.0, 0.0, 0.0, 0.0, 0.0, 0.0, 0.0, 0.0, 0.0, 0.0, 0.0, 0.0, 0.0, 0.0, 0.949459357073159, 0.0, 0.0, 0.0, 0.0, 0.0, 0.0, 0.0, 0.0, 0.0, 0.0, 0.0, 0.0, 0.0, 0.0, 0.0, 0.0, 0.0, 0.0, 0.0, 0.0, 0.0, 0.0], [0.0, 0.0, 0.0, 0.0, 0.0, 0.0, 0.0, 0.0, 0.0, 0.0, 0.0, 0.0, 0.0, 0.0, 0.0, 0.0, 0.9535003467328966, 0.0, 0.0, 0.0, 0.0, 0.0, 0.0, 0.0, 0.0, 0.0, 0.0, 0.0, 0.0, 0.0, 0.0, 0.0, 0.0, 0.0, 0.0, 0.0, 0.0, 0.0, 0.0], [0.0, 0.0, 0.0, 0.0, 0.0, 0.0, 0.0, 0.0, 0.9360520425569224, 0.0, 0.0, 0.0, 0.0, 0.0, 0.0, 0.0, 0.0, 0.0, 0.0, 0.0, 0.0, 1.4706421467624273, 1.4704747031246206, 0.0, 0.0, 0.0, 0.0, 0.0, 0.0, 0.0, 0.0, 0.0, 0.0, 0.0, 0.0, 0.0, 0.0, 0.0, 0.0], [0.0, 0.0, 0.0, 0.0, 0.0, 0.0, 0.0, 0.0, 0.0, 0.0, 0.0, 0.0, 0.0, 0.0, 0.0, 0.0, 0.0, 0.0, 0.0, 0.0, 1.4706421467624273, 0.0, 0.40348896828083153, 0.0, 0.0, 0.0, 0.0, 0.0, 0.0, 0.0, 0.0, 0.0, 0.0, 0.0, 0.0, 0.0, 0.0, 0.0, 0.0], [0.0, 0.0, 0.0, 0.0, 0.0, 0.0, 0.0, 0.0, 0.0, 0.0, 0.0, 0.0, 0.0, 0.0, 0.0, 0.0, 0.0, 0.0, 0.0, 0.0, 1.4704747031246206, 0.40348896828083153, 0.0, 0.0, 0.0, 0.0, 0.0, 0.0, 0.0, 0.0, 0.0, 0.0, 0.0, 0.0, 0.0, 0.0, 0.0, 0.0, 0.0], [0.9869284186978542, 0.0, 0.0, 0.0, 0.0, 0.0, 0.0, 0.0, 0.0, 0.0, 0.0, 0.0, 0.0, 0.0, 0.0, 0.0, 0.0, 0.0, 0.0, 0.0, 0.0, 0.0, 0.0, 0.0, 0.0, 0.0, 0.0, 0.0, 0.0, 0.0, 0.0, 0.0, 0.0, 0.0, 0.0, 0.0, 0.0, 0.0, 0.0], [0.9871447752112548, 0.0, 0.0, 0.0, 0.0, 0.0, 0.0, 0.0, 0.0, 0.0, 0.0, 0.0, 0.0, 0.0, 0.0, 0.0, 0.0, 0.0, 0.0, 0.0, 0.0, 0.0, 0.0, 0.0, 0.0, 0.0, 0.0, 0.0, 0.0, 0.0, 0.0, 0.0, 0.0, 0.0, 0.0, 0.0, 0.0, 0.0, 0.0], [0.9855837426317012, 0.0, 0.0, 0.0, 0.0, 0.0, 0.0, 0.0, 0.0, 0.0, 0.0, 0.0, 0.0, 0.0, 0.0, 0.0, 0.0, 0.0, 0.0, 0.0, 0.0, 0.0, 0.0, 0.0, 0.0, 0.0, 0.0, 0.0, 0.0, 0.0, 0.0, 0.0, 0.0, 0.0, 0.0, 0.0, 0.0, 0.0, 0.0], [0.0, 0.9744003868956026, 0.0, 0.0, 0.0, 0.0, 0.0, 0.0, 0.0, 0.0, 0.0, 0.0, 0.0, 0.0, 0.0, 0.0, 0.0, 0.0, 0.0, 0.0, 0.0, 0.0, 0.0, 0.0, 0.0, 0.0, 0.0, 0.0, 0.0, 0.0, 0.0, 0.0, 0.0, 0.0, 0.0, 0.0, 0.0, 0.0, 0.0], [0.0, 0.9739416553837402, 0.0, 0.0, 0.0, 0.0, 0.0, 0.0, 0.0, 0.0, 0.0, 0.0, 0.0, 0.0, 0.0, 0.0, 0.0, 0.0, 0.0, 0.0, 0.0, 0.0, 0.0, 0.0, 0.0, 0.0, 0.0, 0.0, 0.0, 0.0, 0.0, 0.0, 0.0, 0.0, 0.0, 0.0, 0.0, 0.0, 0.0], [0.0, 0.0, 0.9726769584622001, 0.0, 0.0, 0.0, 0.0, 0.0, 0.0, 0.0, 0.0, 0.0, 0.0, 0.0, 0.0, 0.0, 0.0, 0.0, 0.0, 0.0, 0.0, 0.0, 0.0, 0.0, 0.0, 0.0, 0.0, 0.0, 0.0, 0.0, 0.0, 0.0, 0.0, 0.0, 0.0, 0.0, 0.0, 0.0, 0.0], [0.0, 0.0, 0.9684388130900643, 0.0, 0.0, 0.0, 0.0, 0.0, 0.0, 0.0, 0.0, 0.0, 0.0, 0.0, 0.0, 0.0, 0.0, 0.0, 0.0, 0.0, 0.0, 0.0, 0.0, 0.0, 0.0, 0.0, 0.0, 0.0, 0.0, 0.0, 0.0, 0.0, 0.0, 0.0, 0.0, 0.0, 0.0, 0.0, 0.0], [0.0, 0.0, 0.0, 0.0, 0.9680604375741636, 0.0, 0.0, 0.0, 0.0, 0.0, 0.0, 0.0, 0.0, 0.0, 0.0, 0.0, 0.0, 0.0, 0.0, 0.0, 0.0, 0.0, 0.0, 0.0, 0.0, 0.0, 0.0, 0.0, 0.0, 0.0, 0.0, 0.0, 0.0, 0.0, 0.0, 0.0, 0.0, 0.0, 0.0], [0.0, 0.0, 0.0, 0.0, 0.9695547911289875, 0.0, 0.0, 0.0, 0.0, 0.0, 0.0, 0.0, 0.0, 0.0, 0.0, 0.0, 0.0, 0.0, 0.0, 0.0, 0.0, 0.0, 0.0, 0.0, 0.0, 0.0, 0.0, 0.0, 0.0, 0.0, 0.0, 0.0, 0.0, 0.0, 0.0, 0.0, 0.0, 0.0, 0.0], [0.0, 0.0, 0.0, 0.0, 0.0, 0.9761564124839817, 0.0, 0.0, 0.0, 0.0, 0.0, 0.0, 0.0, 0.0, 0.0, 0.0, 0.0, 0.0, 0.0, 0.0, 0.0, 0.0, 0.0, 0.0, 0.0, 0.0, 0.0, 0.0, 0.0, 0.0, 0.0, 0.0, 0.0, 0.0, 0.0, 0.0, 0.0, 0.0, 0.0], [0.0, 0.0, 0.0, 0.0, 0.0, 0.9733357233127637, 0.0, 0.0, 0.0, 0.0, 0.0, 0.0, 0.0, 0.0, 0.0, 0.0, 0.0, 0.0, 0.0, 0.0, 0.0, 0.0, 0.0, 0.0, 0.0, 0.0, 0.0, 0.0, 0.0, 0.0, 0.0, 0.0, 0.0, 0.0, 0.0, 0.0, 0.0, 0.0, 0.0], [0.0, 0.0, 0.0, 0.0, 0.0, 0.0, 0.985624175467245, 0.0, 0.0, 0.0, 0.0, 0.0, 0.0, 0.0, 0.0, 0.0, 0.0, 0.0, 0.0, 0.0, 0.0, 0.0, 0.0, 0.0, 0.0, 0.0, 0.0, 0.0, 0.0, 0.0, 0.0, 0.0, 0.0, 0.0, 0.0, 0.0, 0.0, 0.0, 0.0], [0.0, 0.0, 0.0, 0.0, 0.0, 0.0, 0.9868078151828906, 0.0, 0.0, 0.0, 0.0, 0.0, 0.0, 0.0, 0.0, 0.0, 0.0, 0.0, 0.0, 0.0, 0.0, 0.0, 0.0, 0.0, 0.0, 0.0, 0.0, 0.0, 0.0, 0.0, 0.0, 0.0, 0.0, 0.0, 0.0, 0.0, 0.0, 0.0, 0.0], [0.0, 0.0, 0.0, 0.0, 0.0, 0.0, 0.9860979830797852, 0.0, 0.0, 0.0, 0.0, 0.0, 0.0, 0.0, 0.0, 0.0, 0.0, 0.0, 0.0, 0.0, 0.0, 0.0, 0.0, 0.0, 0.0, 0.0, 0.0, 0.0, 0.0, 0.0, 0.0, 0.0, 0.0, 0.0, 0.0, 0.0, 0.0, 0.0, 0.0], [0.0, 0.0, 0.0, 0.0, 0.0, 0.0, 0.0, 0.0, 0.0, 0.9588799563429953, 0.0, 0.0, 0.0, 0.0, 0.0, 0.0, 0.0, 0.0, 0.0, 0.0, 0.0, 0.0, 0.0, 0.0, 0.0, 0.0, 0.0, 0.0, 0.0, 0.0, 0.0, 0.0, 0.0, 0.0, 0.0, 0.0, 0.0, 0.0, 0.0], [0.0, 0.0, 0.0, 0.0, 0.0, 0.0, 0.0, 0.0, 0.0, 0.0, 0.0, 0.9595483069810693, 0.0, 0.0, 0.0, 0.0, 0.0, 0.0, 0.0, 0.0, 0.0, 0.0, 0.0, 0.0, 0.0, 0.0, 0.0, 0.0, 0.0, 0.0, 0.0, 0.0, 0.0, 0.0, 0.0, 0.0, 0.0, 0.0, 0.0]], "Born radii": [], "Atomic SASAs": [], "Solvent H bonds": [], "Total SASA": NaN, "Total FOD": 0.0, "FOD": [0.0, 0.0, 0.0, 0.0, 0.0, 0.0, 0.0, 0.0, 0.0, 0.0, 0.0, 0.0, 0.0, 0.0, 0.0, 0.0, 0.0, 0.0, 0.0, 0.0, 0.0, 0.0, 0.0, 0.0, 0.0, 0.0, 0.0, 0.0, 0.0, 0.0, 0.0, 0.0, 0.0, 0.0, 0.0, 0.0, 0.0, 0.0, 0.0], "FOD s proportion": [0.0, 0.0, 0.0, 0.0, 0.0, 0.0, 0.0, 0.0, 0.0, 0.0, 0.0, 0.0, 0.0, 0.0, 0.0, 0.0, 0.0, 0.0, 0.0, 0.0, 0.0, 0.0, 0.0, 0.0, 0.0, 0.0, 0.0, 0.0, 0.0, 0.0, 0.0, 0.0, 0.0, 0.0, 0.0, 0.0, 0.0, 0.0, 0.0], "FOD p proportion": [0.0, 0.0, 0.0, 0.0, 0.0, 0.0, 0.0, 0.0, 0.0, 0.0, 0.0, 0.0, 0.0, 0.0, 0.0, 0.0, 0.0, 0.0, 0.0, 0.0, 0.0, 0.0, 0.0, 0.0, 0.0, 0.0, 0.0, 0.0, 0.0, 0.0, 0.0, 0.0, 0.0, 0.0, 0.0, 0.0, 0.0, 0.0, 0.0], "FOD d proportion": [0.0, 0.0, 0.0, 0.0, 0.0, 0.0, 0.0, 0.0, 0.0, 0.0, 0.0, 0.0, 0.0, 0.0, 0.0, 0.0, 0.0, 0.0, 0.0, 0.0, 0.0, 0.0, 0.0, 0.0, 0.0, 0.0, 0.0, 0.0, 0.0, 0.0, 0.0, 0.0, 0.0, 0.0, 0.0, 0.0, 0.0, 0.0, 0.0], "coordinates": [["-3.22300", "2.46750", "-1.43990"], ["-2.63850", "1.22130", "-0.79440"], ["-1.23260", "1.48200", "-0.24770"], ["-0.66860", "0.23950", "0.32430"], ["-1.12230", "-0.10700", "1.69000"], ["-1.41410", "-1.60380", "1.82190"], ["-2.64230", "-2.03820", "1.03520"], ["0.69390", "0.03940", "0.04270"], ["1.08240", "-0.93550", "-0.90020"], ["2.42330", "-1.23590", "-1.21370"], ["3.46170", "-0.53330", "-0.59360"], ["3.12460", "0.46020", "0.33400"], ["1.77090", "0.73650", "0.62620"], ["1.54730", "1.82240", "1.55840"], ["1.20260", "2.91210", "1.08410"], ["1.77780", "1.58960", "2.75220"], ["4.90730", "-0.85550", "-0.89500"], ["5.72050", "0.22900", "-0.78450"], ["5.40740", "-1.79440", "-0.04990"], ["5.08970", "-1.33750", "-2.15330"], ["0.07440", "-1.68770", "-1.62160"], ["-0.48950", "-1.11480", "-2.56360"], ["-0.07610", "-2.87300", "-1.29410"], ["-2.60390", "2.80250", "-2.27820"], ["-3.29570", "3.28610", "-0.71670"], ["-4.22780", "2.26090", "-1.82150"], ["-3.30600", "0.89060", "0.00910"], ["-2.61020", "0.41240", "-1.53310"], ["-0.60420", "1.85170", "-1.06900"], ["-1.27200", "2.26840", "0.51530"], ["-2.03100", "0.45240", "1.94390"], ["-0.37990", "0.17340", "2.44240"], ["-0.54810", "-2.19730", "1.50980"], ["-1.58730", "-1.83210", "2.88050"], ["-2.51850", "-1.86270", "-0.03680"], ["-3.53230", "-1.49580", "1.37000"], ["-2.82420", "-3.10760", "1.18200"], ["2.64980", "-2.01430", "-1.94420"], ["3.91450", "1.02860", "0.82890"]], "bond_dist": [[0.0, 1.5203042261337034, 2.520762434264681, 3.8211706321492627, 4.56478529067907, 5.521498178936582, 5.173457740235247, 4.841061658355531, 5.514358915594812, 6.7562594451367834, 7.37605846099392, 6.889702479788224, 5.674871577401554, 5.671130309735441, 5.114115810186546, 6.58425481432789, 8.80005813048982, 9.242652414756275, 9.725209291835316, 9.169947974225371, 5.30768769710502, 4.644092724095849, 6.200417526263857, 1.0946491218650845, 1.0947189091269045, 1.0944976747348534, 2.1431527267089483, 2.1465428227734007, 2.7156748498301484, 2.7692686489396436, 4.114801872508566, 5.330887891336676, 6.1332030082168325, 6.310937395506312, 4.606044061882169, 4.8681568781213285, 6.1737461123697015, 7.404770730414278, 7.62638793269789], [1.5203042261337034, 0.0, 1.530816837508655, 2.4689931024610012, 3.1992947175901127, 4.04046668839133, 3.737885879745394, 3.633526356034864, 4.30210142720973, 5.642292403801845, 6.3506993189726755, 5.921645158230945, 4.657890483899337, 4.839205584597539, 4.598001315789285, 5.676065727244532, 7.827024737408206, 8.417697921641047, 8.624687446510743, 8.253432127908969, 4.062802881016995, 3.6339555377026835, 4.855809545276669, 2.168652355726939, 2.1682592487984453, 2.1590685630613957, 1.0956874508727386, 1.0958091941574502, 2.147367180991644, 2.1631122832622447, 2.908358703805292, 4.08365554497438, 4.622330122351713, 4.892153207944331, 3.1779574824091026, 3.586939950710076, 4.762354109051531, 6.305336175811722, 6.753817082213583], [2.520762434264681, 1.530816837508655, 0.0, 1.4795560989702283, 2.5083397656617414, 3.7199930174665647, 4.0031106080147225, 2.424217228302777, 3.410174115789397, 4.656795166206047, 5.120305985973885, 4.5130524005378, 3.2156622506102845, 3.332523575310458, 3.1223510837188058, 4.251292265888103, 6.601611587332293, 7.085461371710384, 7.406991413522767, 7.179997834261511, 3.6936226526270923, 3.5579433188290115, 4.62584805306011, 2.7833638263798717, 2.7804890612983897, 3.4719957790872966, 2.171333175724076, 2.1665823501542696, 1.0982250862186675, 1.0964243339145663, 2.549633165771107, 3.1106541530681295, 4.134561039578446, 4.5710727559294, 3.5895731932919266, 4.095468986575287, 5.063759552940878, 5.493200861064521, 5.277999387078403], [3.8211706321492627, 2.4689931024610012, 1.4795560989702283, 0.0, 1.4802170212506003, 2.4892430375517773, 3.0965767857426045, 1.4056119023400448, 2.4384475081493964, 3.7552755917508907, 4.301062466414549, 3.7996274580542764, 2.5078502467252703, 2.9897805989737773, 3.349847196515089, 3.7016673783580285, 5.811744858474088, 6.4846084307381275, 6.418298127229678, 6.4640118850447665, 2.837723674003514, 3.1947099571009576, 3.557798625554853, 4.133686168542551, 4.155370858298931, 4.621517092903585, 2.7348054793714307, 2.6925155022766347, 2.1318116919653103, 2.1253253327432016, 2.127102331811989, 2.1387062701549273, 2.7125494907927488, 3.416093483791098, 2.823431964825786, 3.5079242109829, 4.072510166960913, 4.608414613508641, 4.677831290245512], [4.56478529067907, 3.1992947175901127, 2.5083397656617414, 1.4802170212506003, 0.0, 1.5306714507039059, 2.5433632221922213, 2.456341321966473, 3.500892797558931, 4.719869517264222, 5.139028765243486, 4.494064023798504, 3.1958987671701995, 3.296462813380427, 3.8583985836095267, 3.52381900925686, 6.602920066909791, 7.284226663826436, 6.965023536212925, 7.407700664848709, 3.859714748527409, 4.416923096455269, 4.201207356225113, 5.138768339787269, 4.693506158513058, 5.251829482189992, 2.9307296463508874, 3.587756454945067, 3.4230124598078806, 2.6542146371384514, 1.0968724903105191, 1.0935664954633533, 2.1752084428854164, 2.146971182852718, 2.8308470764066365, 2.7998688254987947, 3.486850723790739, 5.574400536380571, 5.234542464246517], [5.521498178936582, 4.04046668839133, 3.7199930174665647, 2.4892430375517773, 1.5306714507039059, 0.0, 1.5218657923746104, 3.2108134296467616, 3.753527081293007, 4.906715452316345, 5.545632167751482, 5.20324322898709, 4.129276883426443, 4.5363166390806535, 5.271130859692254, 4.609933541820316, 6.921097923017705, 7.813769510293992, 7.076215503360537, 7.627092838690244, 3.752381072066109, 4.508504897413332, 3.6208519218548556, 6.135301438397302, 5.822029760315555, 6.010588768165728, 3.617673397364665, 4.092889278981292, 4.577523464713207, 4.089172142377966, 2.150211164048778, 2.147796482444275, 1.0952646529492311, 1.0967010030085684, 2.177497246840969, 2.1685591645145403, 2.1585338681614425, 5.5558350110491945, 6.0257411759882284], [5.173457740235247, 3.737885879745394, 4.0031106080147225, 3.0965767857426045, 2.5433632221922213, 1.5218657923746104, 0.0, 4.053604377587926, 4.3399436102327416, 5.60013748581229, 6.494345960141021, 6.3238295051337365, 5.229012844696406, 5.721076713346886, 6.268262702695222, 5.970452734089769, 7.881682021624572, 8.853695712525928, 8.126164565156184, 8.392933738568415, 3.8160051598497606, 4.29401639959607, 3.5648158395631047, 5.866214333793132, 5.6430714739404095, 5.399704246530544, 3.173523017089997, 3.550019106990834, 4.869582246969446, 4.549156148122418, 2.720755729572208, 3.462634858023583, 2.153191029611632, 2.135564164336909, 1.093302652516676, 1.094709459171702, 1.0946479845137433, 6.073196685436756, 7.241508694326066], [4.841061658355531, 3.633526356034864, 2.424217228302777, 1.4056119023400448, 2.456341321966473, 3.2108134296467616, 4.053604377587926, 0.0, 1.4108234014220207, 2.489127439485572, 2.8971675512472523, 2.483994931556826, 1.4093791753818417, 2.4909289532220704, 3.0976918729918896, 3.304443901778331, 4.408272548289182, 5.097736317229443, 5.058505653846796, 5.103070374784184, 2.4772059159464317, 3.0863267633223805, 3.2957560589339745, 4.888433620291883, 5.199486264045709, 5.712568142263163, 4.0896051655386, 3.679585771523746, 2.4910583674414375, 3.009411000511562, 3.3481652363645376, 2.6324062243506416, 2.9491987555944754, 4.093836163062709, 3.734142260278791, 4.68821189474196, 4.855784292985017, 3.462802349254141, 3.459608567453839], [5.514358915594812, 4.30210142720973, 3.410174115789397, 2.4384475081493964, 3.500892797558931, 3.753527081293007, 4.3399436102327416, 1.4108234014220207, 0.0, 1.409445004248126, 2.4324549101679147, 2.76438220403764, 2.366329057844661, 3.7238230865603703, 4.330810581172998, 4.494411744600177, 3.8257400656604994, 4.7834525554247955, 4.490695302511628, 4.217856908431105, 1.4499264808948074, 2.295630122646068, 2.291546576004948, 5.427737621698381, 6.084680634182865, 6.2660985222066214, 4.839372093567511, 3.9815438689031164, 3.262146048232666, 4.220404580132099, 4.439417842465384, 3.813260450061076, 3.171556319853078, 4.714327326353145, 3.8172817828921146, 5.173316172437173, 4.931034253582102, 2.1703659138495515, 3.8559390594250837], [6.7562594451367834, 5.642292403801845, 4.656795166206047, 3.7552755917508907, 4.719869517264222, 4.906715452316345, 5.60013748581229, 2.489127439485572, 1.409445004248126, 0.0, 1.3987298988725452, 2.400823231726984, 2.7751071204549924, 4.21961056259935, 4.896518899177251, 4.912075254920267, 2.5330870198238356, 3.633410586487578, 3.2513390318451876, 2.8289326043580467, 2.4264865258228823, 3.2126778643368525, 2.9889063100070565, 6.53563880963445, 7.307698269633195, 7.538843564499796, 6.232344709657835, 5.306131500443614, 4.326657844110163, 5.378178277074868, 5.715031333247439, 4.817792434300174, 4.143785729257728, 5.762190593862719, 5.118530950380197, 6.497093585596564, 6.064560629592221, 1.0912557262163622, 3.394680021739899], [7.37605846099392, 6.3506993189726755, 5.120305985973885, 4.301062466414549, 5.139028765243486, 5.545632167751482, 6.494345960141021, 2.8971675512472523, 2.4324549101679147, 1.3987298988725452, 0.0, 1.4004000928306166, 2.44112857506523, 3.720934539870327, 4.4484819050997615, 4.305415341172092, 1.5114278547122257, 2.3915939329242333, 2.38153970993557, 2.3936970840104226, 3.7233351514468853, 4.453203755724636, 4.298944658866871, 7.124390651838233, 7.763080878749107, 8.273070911094623, 6.9420819492426045, 6.216508533734993, 4.737697011207027, 5.611336542215232, 6.130274384560613, 4.947182172712059, 4.824073341067692, 6.264874559797666, 6.151432568109643, 7.327903329739005, 7.020848571219863, 2.1625593564108248, 2.1605706884987588], [6.889702479788224, 5.921645158230945, 4.5130524005378, 3.7996274580542764, 4.494064023798504, 5.20324322898709, 6.3238295051337365, 2.483994931556826, 2.76438220403764, 2.400823231726984, 1.4004000928306166, 0.0, 1.412170747466467, 2.4171511102949275, 3.204457461100085, 2.9894992624183736, 2.5336785076248334, 2.8360522738482805, 3.2313737341879847, 3.644174061430107, 4.21207381345579, 4.892691444389274, 4.899531849064766, 6.717564319007299, 7.092949555015882, 7.87060902980195, 6.45317135445821, 6.031275013626886, 4.220027332849871, 4.757367811090498, 5.401115644938552, 4.099893297392019, 4.683325440325496, 5.825916507297371, 6.11374963995092, 7.015236960359928, 6.988313264300621, 3.3968780563923695, 1.091763060375281], [5.674871577401554, 4.657890483899337, 3.2156622506102845, 2.5078502467252703, 3.1958987671701995, 4.129276883426443, 5.229012844696406, 1.4093791753818417, 2.366329057844661, 2.7751071204549924, 2.44112857506523, 1.412170747466467, 0.0, 1.4485070279429095, 2.2947489318006014, 2.290786594163673, 3.8321688898063977, 4.224567539997437, 4.481818634215356, 4.800159340063619, 3.715839438135076, 4.325684210619171, 4.486362818587012, 5.642939872087952, 5.828745673813535, 6.6557818729282285, 5.11658800667007, 4.895064300905556, 3.1238556448722146, 3.4085564143783804, 4.033793463974079, 2.8708195153997407, 3.8426153073134968, 4.791354890842464, 5.059087071794673, 5.80175249127365, 6.016723565197258, 3.8660473367510644, 2.1728853306145726], [5.671130309735441, 4.839205584597539, 3.332523575310458, 2.9897805989737773, 3.296462813380427, 4.5363166390806535, 5.721076713346886, 2.4909289532220704, 3.7238230865603703, 4.21961056259935, 3.720934539870327, 2.4171511102949275, 1.4485070279429095, 0.0, 1.23742663216855, 1.2379355920240764, 4.947718663182053, 5.044175077254953, 5.528855500010829, 6.0258014122604475, 4.960104476722239, 5.455875922342809, 5.728783899746961, 5.736946662642071, 5.547354928251842, 6.705802432968033, 5.179102491745071, 5.3693834376024965, 3.396033200662208, 3.038984386271177, 3.85094029296742, 2.686029940265, 4.5333267265883235, 4.9928985389250595, 5.714486388994202, 6.070278573508797, 6.599741601759874, 5.310741934984226, 2.6011390831710632], [5.114115810186546, 4.598001315789285, 3.1223510837188058, 3.349847196515089, 3.8583985836095267, 5.271130859692254, 6.268262702695222, 3.0976918729918896, 4.330810581172998, 4.896518899177251, 4.4484819050997615, 3.204457461100085, 2.2947489318006014, 1.23742663216855, 0.0, 2.2050893179188913, 5.642379698318787, 5.576926750460329, 6.412288303718104, 6.6067696592207605, 5.454521772804652, 5.690768077333675, 6.384222030913398, 5.080011387782512, 4.859779782047743, 6.193207324157654, 5.0566353645482485, 5.256964881944714, 3.0041328216308947, 2.619451906410957, 4.15277607029322, 3.442348446918179, 5.417761469463195, 5.789475676604921, 6.156437042640816, 6.475384099032272, 7.243030494206137, 5.961074206047095, 3.3116613504402896], [6.58425481432789, 5.676065727244532, 4.251292265888103, 3.7016673783580285, 3.52381900925686, 4.609933541820316, 5.970452734089769, 3.304443901778331, 4.494411744600177, 4.912075254920267, 4.305415341172092, 2.9894992624183736, 2.290786594163673, 1.2379355920240764, 2.2050893179188913, 0.0, 5.392063807115046, 5.46848814024498, 5.698878536168322, 6.603069458214112, 5.7247177476273885, 6.38060798748834, 6.30272065539954, 6.780512182718943, 6.375874976032701, 7.5786942635258745, 5.8187817496448515, 6.2453294492764755, 4.510453397387008, 3.842625546420052, 4.056295128562517, 2.5994745180516774, 4.614540083258569, 4.800873856913968, 6.176980652389969, 6.29502438517914, 6.760741074763921, 5.983698870264112, 2.9290426388156248], [8.80005813048982, 7.827024737408206, 6.601611587332293, 5.811744858474088, 6.602920066909791, 6.921097923017705, 7.881682021624572, 4.408272548289182, 3.8257400656604994, 2.5330870198238356, 1.5114278547122257, 2.5336785076248334, 3.8321688898063977, 4.947718663182053, 5.642379698318787, 5.392063807115046, 0.0, 1.3600164484299446, 1.3586122441668187, 1.3597472743123997, 4.957562587602904, 5.654813232105902, 5.391091041709461, 8.468313390516439, 9.190965697357377, 9.696411873471549, 8.445386841939214, 7.6503299451723, 6.142950438510797, 7.066218634460726, 7.609859559150879, 6.336509907669995, 6.111045691205393, 7.575485263004609, 7.54277566417032, 8.76168118856193, 8.316367936785866, 2.745895906621371, 2.7399481491444324], [9.242652414756275, 8.417697921641047, 7.085461371710384, 6.4846084307381275, 7.284226663826436, 7.813769510293992, 8.853695712525928, 5.097736317229443, 4.7834525554247955, 3.633410586487578, 2.3915939329242333, 2.8360522738482805, 4.224567539997437, 5.044175077254953, 5.576926750460329, 5.46848814024498, 1.3600164484299446, 0.0, 2.175273851725341, 2.1738087151357184, 6.021039819665703, 6.598113006761857, 6.594138891470213, 8.840230613507773, 9.520626013556042, 10.206500845049687, 9.085439877628382, 8.366277547989906, 6.535742163672003, 7.398897799672598, 8.220695005290002, 6.901511075844189, 7.102541104421713, 8.431150517574691, 8.533193140905695, 9.655625983332206, 9.381466830938539, 3.975738606850305, 2.5503050248940817], [9.725209291835316, 8.624687446510743, 7.406991413522767, 6.418298127229678, 6.965023536212925, 7.076215503360537, 8.126164565156184, 5.058505653846796, 4.490695302511628, 3.2513390318451876, 2.38153970993557, 3.2313737341879847, 4.481818634215356, 5.528855500010829, 6.412288303718104, 5.698878536168322, 1.3586122441668187, 2.175273851725341, 0.0, 2.175771692986192, 5.56080163106004, 6.446237155116153, 5.725398138994353, 9.501459792579244, 10.099507517696098, 10.602881857778103, 9.117896992179721, 8.44699699538244, 7.10436095507541, 7.838378610401516, 8.022041089398632, 6.601260290277911, 6.169519653101042, 7.583831059563497, 7.926205101434103, 9.056683391838318, 8.42622753134521, 3.352772921031187, 3.3121547140796426], [9.169947974225371, 8.253432127908969, 7.179997834261511, 6.4640118850447665, 7.407700664848709, 7.627092838690244, 8.392933738568415, 5.103070374784184, 4.217856908431105, 2.8289326043580467, 2.3936970840104226, 3.644174061430107, 4.800159340063619, 6.0258014122604475, 6.6067696592207605, 6.603069458214112, 1.3597472743123997, 2.1738087151357184, 2.175771692986192, 0.0, 5.055549329202515, 5.5986975288900895, 5.457240560026651, 8.737658780817663, 9.682790387073346, 9.99371702871359, 8.951434625801609, 7.920559201218055, 6.615678373379407, 7.784289798048374, 8.408041290336293, 7.302040910594791, 6.778078377386912, 8.376520793264946, 7.914550810374522, 9.315448769651411, 8.76853997595951, 2.540648157459037, 3.9840985291531132], [5.30768769710502, 4.062802881016995, 3.6936226526270923, 2.837723674003514, 3.859714748527409, 3.752381072066109, 3.8160051598497606, 2.4772059159464317, 1.4499264808948074, 2.4264865258228823, 3.7233351514468853, 4.21207381345579, 3.715839438135076, 4.960104476722239, 5.454521772804652, 5.7247177476273885, 4.957562587602904, 6.021039819665703, 5.56080163106004, 5.055549329202515, 0.0, 1.2383705503604325, 1.238887642201665, 5.269374772209697, 6.075780152375495, 5.842972429337657, 4.5534511680702145, 3.409593732396867, 3.6459864344234743, 4.693597956791783, 4.661065052109872, 4.492903037012929, 3.2330889826913207, 4.8011459736192155, 3.043903160417558, 4.689859385951779, 4.2752977592209875, 2.6159937843962857, 5.303734905705601], [4.644092724095849, 3.6339555377026835, 3.5579433188290115, 3.1947099571009576, 4.416923096455269, 4.508504897413332, 4.29401639959607, 3.0863267633223805, 2.295630122646068, 3.2126778643368525, 4.453203755724636, 4.892691444389274, 4.325684210619171, 5.455875922342809, 5.690768077333675, 6.38060798748834, 5.654813232105902, 6.598113006761857, 6.446237155116153, 5.5986975288900895, 1.2383705503604325, 0.0, 2.2076677852430606, 4.46064791370043, 5.5365800689595375, 5.091262101876115, 4.309650415056887, 2.809206040859232, 3.3237189261428233, 4.640902250640494, 5.014967032792938, 5.170252160194898, 4.215190122639784, 5.599813295101901, 3.3257951906273484, 4.987685014112259, 4.842684719244068, 3.3238473340392756, 5.95805637855165], [6.200417526263857, 4.855809545276669, 4.62584805306011, 3.557798625554853, 4.201207356225113, 3.6208519218548556, 3.5648158395631047, 3.2957560589339745, 2.291546576004948, 2.9889063100070565, 4.298944658866871, 4.899531849064766, 4.486362818587012, 5.728783899746961, 6.384222030913398, 6.30272065539954, 5.391091041709461, 6.594138891470213, 5.725398138994353, 5.457240560026651, 1.238887642201665, 2.2076677852430606, 0.0, 6.290431296819003, 6.973788620972105, 6.6235710051300885, 5.127891302475122, 4.156036208937549, 4.75944846699699, 5.580152249715057, 5.036324371007094, 4.830556867484328, 2.922534807320522, 4.560096864102779, 2.9269142693287074, 4.575961875933847, 3.7065026615395813, 2.9309599980211263, 5.971138913138765], [1.0946491218650845, 2.168652355726939, 2.7833638263798717, 4.133686168542551, 5.138768339787269, 6.135301438397302, 5.866214333793132, 4.888433620291883, 5.427737621698381, 6.53563880963445, 7.124390651838233, 6.