{"total energy": -30.37673343, "HOMO-LUMO gap/eV": 11.8527241, "electronic energy": -30.76500503, "dipole": [-0.40185469, 0.58257146, 0.31844557], "partial charges": [-0.09850773, -0.05163342, -0.05745683, -0.05887119, -0.02959881, -0.05722423, -0.09896374, 0.07657821, -0.44264183, 0.03075137, 0.03162278, 0.02907205, 0.03045595, 0.02668271, 0.03050598, 0.03370294, 0.03444098, 0.03971798, 0.02429743, 0.03257141, 0.02617418, 0.03241401, 0.0322847, 0.03916198, 0.01458824, 0.04593652, 0.28393836], "atomic dipole moments": [[-0.02771647, -0.08802151, -0.03600701], [-0.0665413, 0.06854431, 0.05498709], [0.03171205, 0.08715562, -0.0683631], [-0.04581873, -0.08792079, 0.06256573], [0.03457146, -0.07504818, 0.0376856], [0.04538721, 0.08306936, -0.05549275], [-0.01926016, -0.09361093, -0.05051711], [0.06856956, 0.07855435, -0.16845425], [-0.1298761, 0.10693054, 0.17069079], [-0.02242506, 0.00986075, 0.12336011], [-0.05509926, 0.09615101, -0.0591823], [0.12263928, 0.01465348, -0.01638938], [0.02541457, -0.00490795, -0.121926], [0.07017005, -0.08561507, 0.04928508], [-0.01860491, -0.00016177, 0.12254348], [-0.01398736, -0.11786566, -0.03386095], [0.01693583, 0.11720043, 0.03272501], [0.03027089, 0.00726148, -0.12141004], [-0.05837333, 0.08572531, -0.05899065], [0.0503896, -0.09150207, 0.06955633], [-0.11891967, -0.02351331, 0.00696143], [-0.0519667, 0.09643871, -0.06275265], [-0.05337833, -0.00331817, 0.11288013], [0.12221239, 0.02493615, 0.01966505], [-0.11411617, -0.02295119, -0.00500364], [0.05144481, -0.10255812, 0.0593099], [-0.04189134, 0.0604142, -0.02786709]], "atomic quadrupole moments": [[-0.07237153, 0.08133425, 0.14996961, 0.03056498, 0.11453436, -0.07759809], [0.09868715, 0.13698616, 0.06651481, -0.02711959, 0.09108846, -0.16520197], [0.19916162, -0.03383982, -0.06777784, 0.02145097, -0.11396434, -0.13138378], [0.20265948, -0.04175522, -0.06999812, 0.06447799, -0.09442835, -0.13266136], [-0.02242521, 0.11564629, -0.02140587, -0.08149055, 0.11117659, 0.04383108], [-0.17029119, 0.05827548, 0.03933122, -0.05809591, 0.12836936, 0.13095997], [-0.1144284, 0.05000887, 0.15097049, 0.01053846, 0.13740021, -0.03654209], [-0.26139733, 0.05611141, -0.11761611, -0.17804275, 0.08606602, 0.37901344], [-0.07589459, -0.02932092, -0.07118237, -0.07768543, 0.00449146, 0.14707696], [-0.04403885, 0.00696679, -0.03031044, -0.03140295, -0.0012849, 0.07434929], [-0.01080774, -0.04223244, 0.01937342, 0.04319777, -0.0341296, -0.00856568], [0.07835365, 0.00816201, -0.02868921, -0.02116977, 0.00737762, -0.04966444], [-0.03105793, 0.0159859, -0.02595949, -0.0049934, -0.00445797, 0.05701743], [0.00435335, -0.01737013, 0.01961704, 0.03252367, -0.03264685, -0.02397039], [-0.0148097, -0.01216936, -0.03857101, -0.01442644, 0.01587293, 0.05338071], [-0.00938607, 0.01268192, 0.03763702, 0.01570187, 0.034675, -0.02825095], [-0.0147228, 0.00288971, 0.03500773, 0.01470867, 0.04340927, -0.02028493], [-0.01514054, -0.01233529, -0.03950416, -0.01046818, 0.01508608, 0.0546447], [0.01205881, -0.01415221, 0.00756605, 0.01156877, -0.02714358, -0.01962486], [-0.00528112, -0.04116812, 0.0124729, 0.02813881, -0.01542003, -0.00719178], [0.054334, 0.01209957, -0.03506558, 0.00570316, 0.01746847, -0.01926842], [-0.02555567, -0.0329617, 0.0232938, 0.03848841, -0.04401948, 0.00226187], [-0.02331414, 0.01600011, -0.03150004, -0.05185814, -0.00390333, 0.05481417], [0.07842861, 0.01020274, -0.03005818, 0.0030798, 0.00920743, -0.04837044], [0.04565981, 0.00139803, -0.04322942, -0.01365134, 0.0061578, -0.00243039], [-0.00246827, -0.039892, 0.00517236, 0.02249188, -0.01776875, -0.00270409], [-0.03180817, -0.08312461, 0.03676332, 0.02848849, -0.07589757, -0.00495514]], "number of molecular orbitals": 54, "number of electrons": 56, "number of unpaired electrons": 0, "orbital energies/eV": [-18.52763075, -17.2109654, -16.74110158, -16.64315278, -16.31602216, -16.003948, -15.65493788, -15.29614958, -14.97272675, -14.66294154, -14.28709256, -14.16332863, -13.88963645, -13.54192313, -13.51712573, -13.12986329, -12.9940709, -12.77548639, -12.64077596, -12.49129001, -12.2249254, -11.93953535, -11.84349399, -11.7446934, -11.47453721, -11.29800085, -11.22537588, -10.97113897, 0.88158513, 1.52283574, 1.90585113, 2.50197589, 2.85255569, 3.15082595, 3.32066646, 3.55375433, 3.70599736, 4.03968421, 4.151712, 4.55572814, 4.68628623, 4.79403021, 5.22257258, 5.39742757, 5.58251183, 6.08600092, 6.29777083, 6.91678889, 7.13493038, 7.25762645, 7.59131876, 7.85319721, 8.08213003, 8.29740659], "fractional occupation": [2.0, 2.0, 2.0, 2.0, 2.0, 2.0, 2.0, 2.0, 2.0, 2.0, 2.0, 2.0, 2.0, 2.0, 2.0, 2.0, 2.0, 2.0, 2.0, 2.0, 2.0, 2.0, 2.0, 2.0, 2.0, 2.0, 2.0, 2.0, 0.0, 0.0, 0.0, 0.0, 0.0, 0.0, 0.0, 0.0, 0.0, 0.0, 0.0, 0.0, 0.0, 0.0, 0.0, 0.0, 0.0, 0.0, 0.0, 0.0, 0.0, 0.0, 0.0, 0.0, 0.0, 0.0], "program call": "xtb /home/svss/Project-DBcg-Debug/aqme2_20220329/End-to-End-workflows-final/example-3/QDESCP/mol_1056_rdkit_conf_36/mol_1056_rdkit_conf_36.xyz --pop --wbo --acc 0.2 --gfn 2 --chrg 0 --uhf 0 --etemp 300 --input /home/svss/Project-DBcg-Debug/aqme2_20220329/End-to-End-workflows-final/example-3/QDESCP/mol_1056_rdkit_conf_36/mol_1056_rdkit_conf_36_xtb.inp", "method": "GFN2-xTB", "xtb version": "6.3.3 (7355c4f)", "Dipole module/D": 1.973, "Total charge": 0, "Transition dipole module/D": NaN, "HOMO": -10.9711, "LUMO": 0.8816, "HOMO occupancy": 2.0, "LUMO occupancy": 0, "mulliken charges": [-0.08535, -0.03795, -0.04849, -0.0483, -0.03731, -0.04754, -0.08195, 0.18964, -0.5629, 0.02555, 0.02585, 0.02783, 0.02522, 0.02303, 0.02013, 0.02945, 0.02258, 0.03341, 0.01951, 0.02443, 0.02217, 0.02739, 0.02974, 0.02983, 0.01079, 0.02957, 0.33365], "cm5 charges": [-0.23592, -0.15053, -0.15922, -0.15615, -0.10577, -0.15794, -0.23264, 0.10424, -0.77845, 0.07697, 0.0776, 0.07861, 0.07985, 0.07724, 0.07631, 0.08577, 0.07936, 0.09201, 0.08025, 0.08012, 0.0772, 0.07887, 0.08052, 0.0819, 0.0736, 0.09319, 0.50301], "FUKUI+": [0.017, -0.005, -0.009, -0.009, -0.026, -0.014, 0.014, -0.013, -0.115, -0.023, -0.013, -0.038, -0.03, -0.047, -0.034, -0.026, -0.051, -0.042, -0.053, -0.047, -0.057, -0.038, -0.067, -0.033, -0.088, -0.074, -0.08], "FUKUI-": [0.018, 0.007, 0.007, 0.002, -0.008, 0.009, 0.015, 0.011, -0.093, -0.051, -0.064, -0.052, -0.065, -0.093, -0.044, -0.05, -0.065, -0.037, -0.06, -0.051, -0.054, -0.042, -0.045, -0.028, -0.076, -0.046, -0.043], "FUKUIrad": [0.017, 0.001, -0.001, -0.003, -0.017, -0.002, 0.014, -0.001, -0.104, -0.037, -0.039, -0.045, -0.048, -0.07, -0.039, -0.038, -0.058, -0.039, -0.057, -0.049, -0.056, -0.04, -0.056, -0.03, -0.082, -0.06, -0.062], "s proportion": [1.007, 1.027, 1.031, 1.034, 1.068, 1.031, 1.007, 0.996, 1.696, 0.974, 0.974, 0.972, 0.975, 0.977, 0.98, 0.971, 0.977, 0.967, 0.98, 0.976, 0.978, 0.973, 0.97, 0.97, 0.989, 0.97, 0.666], "p proportion": [3.078, 3.011, 3.018, 3.015, 2.969, 3.017, 3.075, 2.814, 4.867, 0.0, 0.0, 0.0, 0.0, 0.0, 0.0, 0.0, 0.0, 0.0, 0.0, 0.0, 0.0, 0.0, 0.0, 0.0, 0.0, 0.0, 0.0], "d proportion": [0.0, 0.0, 0.0, 0.0, 0.0, 0.0, 0.0, 0.0, 0.0, 0.0, 0.0, 0.0, 0.0, 0.0, 0.0, 0.0, 0.0, 0.0, 0.0, 0.0, 0.0, 0.0, 0.0, 0.0, 0.0, 0.0, 0.0], "Fermi-level/eV": -5.0448, "Coordination numbers": [3.749, 3.799, 3.799, 3.798, 3.846, 3.8, 3.749, 3.675, 1.653, 0.924, 0.924, 0.924, 0.924, 0.924, 0.924, 0.924, 0.924, 0.924, 0.923, 0.924, 0.924, 0.924, 0.924, 0.924, 0.924, 0.924, 0.804], "Dispersion coefficient C6": [22.446, 21.503, 21.609, 21.636, 21.069, 21.604, 22.456, 19.521, 21.695, 2.576, 2.564, 2.6, 2.58, 2.634, 2.579, 2.535, 2.524, 2.453, 2.669, 2.55, 2.642, 2.552, 2.554, 2.46, 2.817, 2.371, 0.772], "Total dispersion C6": 4859.490117, "Total dispersion C8": 100806.36597, "Polarizability alpha": [6.757, 6.602, 6.619, 6.623, 6.529, 6.618, 6.759, 6.331, 6.288, 2.51, 2.504, 2.522, 2.512, 2.538, 2.512, 2.49, 2.485, 2.449, 2.555, 2.497, 2.542, 2.498, 2.499, 2.453, 2.625, 2.408, 1.38], "Total polarizability alpha": 103.103708, "Wiberg matrix": [[0.0, 1.02092193456054, 0.0, 0.0, 0.0, 0.0, 0.0, 0.0, 0.0, 0.9874343671546072, 0.9860215511111196, 0.9873588976744765, 0.0, 0.0, 0.0, 0.0, 0.0, 0.0, 0.0, 0.0, 0.0, 0.0, 0.0, 0.0, 0.0, 0.0, 0.0], [1.02092193456054, 0.0, 1.0062319448963573, 0.0, 0.0, 0.0, 0.0, 0.0, 0.0, 0.0, 0.0, 0.0, 0.9777007254084125, 0.978257635854997, 0.0, 0.0, 0.0, 0.0, 0.0, 0.0, 0.0, 0.0, 0.0, 0.0, 0.0, 0.0, 0.0], [0.0, 1.0062319448963573, 0.0, 1.0097075622647187, 0.0, 0.0, 0.0, 0.0, 0.0, 0.0, 0.0, 0.0, 0.0, 0.0, 0.9753383110800908, 0.9749187983213038, 0.0, 0.0, 0.0, 0.0, 0.0, 0.0, 0.0, 0.0, 0.0, 0.0, 0.0], [0.0, 0.0, 1.0097075622647187, 0.0, 0.9937397779545697, 0.0, 0.0, 0.0, 0.0, 0.0, 0.0, 0.0, 0.0, 0.0, 0.0, 0.0, 0.9725567248660429, 0.9741536908240936, 0.0, 0.0, 0.0, 0.0, 0.0, 0.0, 0.0, 0.0, 0.0], [0.0, 0.0, 0.0, 0.9937397779545697, 0.0, 0.9944485606860181, 0.0, 0.9870031579881683, 0.0, 0.0, 0.0, 0.0, 0.0, 0.0, 0.0, 0.0, 0.0, 0.0, 0.9666073670230009, 0.0, 0.0, 0.0, 0.0, 0.0, 0.0, 0.0, 0.0], [0.0, 0.0, 0.0, 0.0, 0.9944485606860181, 0.0, 1.0205443301726014, 0.0, 0.0, 0.0, 0.0, 0.0, 0.0, 0.0, 0.0, 0.0, 0.0, 0.0, 0.0, 0.9758822073214259, 0.9769308561027857, 0.0, 0.0, 0.0, 0.0, 0.0, 0.0], [0.0, 0.0, 0.0, 0.0, 0.0, 1.0205443301726014, 0.0, 0.0, 0.0, 0.0, 0.0, 0.0, 0.0, 0.0, 0.0, 0.0, 0.0, 0.0, 0.0, 0.0, 0.0, 0.9874238700797725, 0.9867550641089362, 0.9854071538290466, 0.0, 0.0, 0.0], [0.0, 0.0, 0.0, 0.0, 0.9870031579881683, 0.0, 0.0, 0.0, 0.9953531918663941, 0.0, 0.0, 0.0, 0.0, 0.0, 0.0, 0.0, 0.0, 0.0, 0.0, 0.0, 0.0, 0.0, 0.0, 0.0, 0.972071165490124, 0.9705108036365235, 0.0], [0.0, 0.0, 0.0, 0.0, 0.0, 0.0, 0.0, 0.9953531918663941, 0.0, 0.0, 0.0, 0.0, 0.0, 0.0, 0.0, 0.0, 0.0, 0.0, 0.0, 0.0, 0.0, 0.0, 0.0, 0.0, 0.0, 0.0, 0.9044061797696169], [0.9874343671546072, 0.0, 0.0, 0.0, 0.0, 0.0, 0.0, 0.0, 0.0, 0.0, 0.0, 0.0, 0.0, 0.0, 0.0, 0.0, 0.0, 0.0, 0.0, 0.0, 0.0, 0.0, 0.0, 0.0, 0.0, 0.0, 0.0], [0.9860215511111196, 0.0, 0.0, 0.0, 0.0, 0.0, 0.0, 0.0, 0.0, 0.0, 0.0, 0.0, 0.0, 0.0, 0.0, 0.0, 0.0, 0.0, 0.0, 0.0, 0.0, 0.0, 0.0, 0.0, 0.0, 0.0, 0.0], [0.9873588976744765, 0.0, 0.0, 0.0, 0.0, 0.0, 0.0, 0.0, 0.0, 0.0, 0.0, 0.0, 0.0, 0.0, 0.0, 0.0, 0.0, 0.0, 0.0, 0.0, 0.0, 0.0, 0.0, 0.0, 0.0, 0.0, 0.0], [0.0, 0.9777007254084125, 0.0, 0.0, 0.0, 0.0, 0.0, 0.0, 0.0, 0.0, 0.0, 0.0, 0.0, 0.0, 0.0, 0.0, 0.0, 0.0, 0.0, 0.0, 0.0, 0.0, 0.0, 0.0, 0.0, 0.0, 0.0], [0.0, 0.978257635854997, 0.0, 0.0, 0.0, 0.0, 0.0, 0.0, 0.0, 0.0, 0.0, 0.0, 0.0, 0.0, 0.0, 0.0, 0.0, 0.0, 0.0, 0.0, 0.0, 0.0, 0.0, 0.0, 0.0, 0.0, 0.0], [0.0, 0.0, 0.9753383110800908, 0.0, 0.0, 0.0, 0.0, 0.0, 0.0, 0.0, 0.0, 0.0, 0.0, 0.0, 0.0, 0.0, 0.0, 0.0, 0.0, 0.0, 0.0, 0.0, 0.0, 0.0, 0.0, 0.0, 0.0], [0.0, 0.0, 0.9749187983213038, 0.0, 0.0, 0.0, 0.0, 0.0, 0.0, 0.0, 0.0, 0.0, 0.0, 0.0, 0.0, 0.0, 0.0, 0.0, 0.0, 0.0, 0.0, 0.0, 0.0, 0.0, 0.0, 0.0, 0.0], [0.0, 0.0, 0.0, 0.9725567248660429, 0.0, 0.0, 0.0, 0.0, 0.0, 0.0, 0.0, 0.0, 0.0, 0.0, 0.0, 0.0, 0.0, 0.0, 0.0, 0.0, 0.0, 0.0, 0.0, 0.0, 0.0, 0.0, 0.0], [0.0, 0.0, 0.0, 0.9741536908240936, 0.0, 0.0, 0.0, 0.0, 0.0, 0.0, 0.0, 0.0, 0.0, 0.0, 0.0, 0.0, 0.0, 0.0, 0.0, 0.0, 0.0, 0.0, 0.0, 0.0, 0.0, 0.0, 0.0], [0.0, 0.0, 0.0, 0.0, 0.9666073670230009, 0.0, 0.0, 0.0, 0.0, 0.0, 0.0, 0.0, 0.0, 0.0, 0.0, 0.0, 0.0, 0.0, 0.0, 0.0, 0.0, 0.0, 0.0, 0.0, 0.0, 0.0, 0.0], [0.0, 0.0, 0.0, 0.0, 0.0, 0.9758822073214259, 0.0, 0.0, 0.0, 0.0, 0.0, 0.0, 0.0, 0.0, 0.0, 0.0, 0.0, 0.0, 0.0, 0.0, 0.0, 0.0, 0.0, 0.0, 0.0, 0.0, 0.0], [0.0, 0.0, 0.0, 0.0, 0.0, 0.9769308561027857, 0.0, 0.0, 0.0, 0.0, 0.0, 0.0, 0.0, 0.0, 0.0, 0.0, 0.0, 0.0, 0.0, 0.0, 0.0, 0.0, 0.0, 0.0, 0.0, 0.0, 0.0], [0.0, 0.0, 0.0, 0.0, 0.0, 0.0, 0.9874238700797725, 0.0, 0.0, 0.0, 0.0, 0.0, 0.0, 0.0, 0.0, 0.0, 0.0, 0.0, 0.0, 0.0, 0.0, 0.0, 0.0, 0.0, 0.0, 0.0, 0.0], [0.0, 0.0, 0.0, 0.0, 0.0, 0.0, 0.9867550641089362, 0.0, 0.0, 0.0, 0.0, 0.0, 0.0, 0.0, 0.0, 0.0, 0.0, 0.0, 0.0, 0.0, 0.0, 0.0, 0.0, 0.0, 0.0, 0.0, 0.0], [0.0, 0.0, 0.0, 0.0, 0.0, 0.0, 0.9854071538290466, 0.0, 0.0, 0.0, 0.0, 0.0, 0.0, 0.0, 0.0, 0.0, 0.0, 0.0, 0.0, 0.0, 0.0, 0.0, 0.0, 0.0, 0.0, 0.0, 0.0], [0.0, 0.0, 0.0, 0.0, 0.0, 0.0, 0.0, 0.972071165490124, 0.0, 0.0, 0.0, 0.0, 0.0, 0.0, 0.0, 0.0, 0.0, 0.0, 0.0, 0.0, 0.0, 0.0, 0.0, 0.0, 0.0, 0.0, 0.0], [0.0, 0.0, 0.0, 0.0, 0.0, 0.0, 0.0, 0.9705108036365235, 0.0, 0.0, 0.0, 0.0, 0.0, 0.0, 0.0, 0.0, 0.0, 0.0, 0.0, 0.0, 0.0, 0.0, 0.0, 0.0, 0.0, 0.0, 0.0], [0.0, 0.0, 0.0, 0.0, 0.0, 0.0, 0.0, 0.0, 0.9044061797696169, 0.0, 0.0, 0.0, 0.0, 0.0, 0.0, 0.0, 0.0, 0.0, 0.0, 0.0, 0.0, 0.0, 0.0, 0.0, 0.0, 0.0, 0.0]], "Born radii": [], "Atomic SASAs": [], "Solvent H bonds": [], "Total SASA": NaN, "Total FOD": 0.0, "FOD": [0.0, 0.0, 0.0, 0.0, 0.0, 0.0, 0.0, 0.0, 0.0, 0.0, 0.0, 0.0, 0.0, 0.0, 0.0, 0.0, 0.0, 0.0, 0.0, 0.0, 0.0, 0.0, 0.0, 0.0, 0.0, 0.0, 0.0], "FOD s proportion": [0.0, 0.0, 0.0, 0.0, 0.0, 0.0, 0.0, 0.0, 0.0, 0.0, 0.0, 0.0, 0.0, 0.0, 0.0, 0.0, 0.0, 0.0, 0.0, 0.0, 0.0, 0.0, 0.0, 0.0, 0.0, 0.0, 0.0], "FOD p proportion": [0.0, 0.0, 0.0, 0.0, 0.0, 0.0, 0.0, 0.0, 0.0, 0.0, 0.0, 0.0, 0.0, 0.0, 0.0, 0.0, 0.0, 0.0, 0.0, 0.0, 0.0, 0.0, 0.0, 0.0, 0.0, 0.0, 0.0], "FOD d proportion": [0.0, 0.0, 0.0, 0.0, 0.0, 0.0, 0.0, 0.0, 0.0, 0.0, 0.0, 0.0, 0.0, 0.0, 0.0, 0.0, 0.0, 0.0, 0.0, 0.0, 0.0, 0.0, 0.0, 0.0, 0.0, 0.0, 0.0], "coordinates": [["3.00850", "1.02760", "0.34290"], ["2.57760", "-0.32190", "-0.21100"], ["1.11040", "-0.65950", "0.07160"], ["0.12940", "0.26830", "-0.65400"], ["-1.36440", "-0.09300", "-0.47590"], ["-1.84510", "-0.08650", "0.98820"], ["-1.62810", "1.24050", "1.70130"], ["-1.72760", "-1.43830", "-1.12680"], ["-1.35810", "-1.46230", "-2.49900"], ["2.79600", "1.09900", "1.41430"], ["2.50140", "1.85180", "-0.16680"], ["4.08540", "1.16450", "0.20140"], ["2.76730", "-0.35180", "-1.29020"], ["3.20480", "-1.09900", "0.24220"], ["0.93800", "-0.62420", "1.15300"], ["0.94070", "-1.69440", "-0.24490"], ["0.28010", "1.29910", "-0.31440"], ["0.37100", "0.27500", "-1.72430"], ["-1.92450", "0.68390", "-1.01560"], ["-1.35700", "-0.88640", "1.55690"], ["-2.91980", "-0.30840", "1.00730"], ["-2.07480", "2.06660", "1.13930"], ["-2.09430", "1.21400", "2.69160"], ["-0.56450", "1.45160", "1.84470"], ["-2.80700", "-1.61660", "-1.06820"], ["-1.23120", "-2.27530", "-0.62640"], ["-1.81440", "-0.72410", "-2.93740"]], "bond_dist": [[0.0, 1.521062217662381, 2.5539564816182754, 3.1399940939434905, 4.587857038967104, 5.021460331417545, 4.836179952193674, 5.53816974369692, 5.774356516530651, 1.0946013749306183, 1.093732206712411, 1.0947499577529105, 2.1512641423126078, 2.1380135032314462, 2.7697789623000606, 3.4685140449477787, 2.8195606217990776, 3.434549293575505, 5.128171305641027, 4.9188191926518305, 6.113187732271928, 5.2491630618604335, 5.6204719099022284, 3.8989111608242633, 6.542403006541251, 5.461112248434379, 6.090089111827511], [1.521062217662381, 0.0, 1.5318330065643577, 2.55700377004024, 3.9575157889767163, 4.588438633130011, 4.877078791653873, 4.540901412715321, 4.693100323879727, 2.169851483396963, 2.1754842610324716, 2.1570627158244613, 1.0961536114979507, 1.0966560490874064, 2.1541052550885254, 2.136433258962236, 2.8136877598624905, 2.741432118437369, 4.682725617629118, 4.350311232544173, 5.630794251257988, 5.401209873722738, 5.710580108885612, 4.152589210360206, 5.6040125883156255, 4.300614625841288, 5.185044435682301], [2.5539564816182754, 1.5318330065643577, 0.0, 1.532863072815051, 2.5971741451046366, 3.1469770907968173, 3.710162306422726, 3.1775676231986, 3.653212894152215, 2.781440795702831, 2.88068451066756, 3.492055131294464, 2.1666785963774142, 2.146805992631845, 1.0956248491157912, 1.0954397975242638, 2.162061065280072, 2.155286389322774, 3.4924698151881, 2.8888860240584084, 4.152266578629074, 4.3263267953311155, 4.5436223808762985, 3.225820334426578, 4.190609407950113, 2.9293521809437664, 4.196749837672005], [3.1399940939434905, 2.55700377004024, 1.532863072815051, 0.0, 1.5471573093903543, 2.5925574497009705, 3.0953864346798445, 2.56602268111566, 2.934562592619214, 3.4754399635154107, 2.893306083012995, 4.145457706936593, 2.7834853798789747, 3.4829253351170193, 2.171552258178467, 2.162813396943897, 1.0957131422046555, 1.0972499897470949, 2.1264955043451184, 2.903583279329181, 3.5199604003454357, 3.3627823926028877, 4.1270121807428675, 2.850473257197829, 3.513809131128212, 2.8847695020573134, 3.158659804410725], [4.587857038967104, 3.9575157889767163, 2.5971741451046366, 1.5471573093903543, 0.0, 1.5410073166601124, 2.566702121400144, 1.5379912678555754, 2.442939989029612, 4.72256796668931, 4.338455887755458, 5.633858498400541, 4.219123939871879, 4.733422889411003, 2.8699363076556246, 2.8162615237225395, 2.1606491871657463, 2.1692256037581705, 1.099346037424068, 2.1821581427568444, 2.1599880925597716, 2.788801061388209, 3.503435351194596, 2.90014026040121, 2.1801997637831265, 2.191535028239339, 2.5806529135085174], [5.021460331417545, 4.588438633130011, 3.1469770907968173, 2.5925574497009705, 1.5410073166601124, 0.0, 1.522014983500491, 2.5128458945983936, 3.7802855024455493, 4.809031157104308, 4.897253734492424, 6.111864321956109, 5.151283763296291, 5.204148562445157, 2.839353084771248, 3.444787317092305, 2.8518641552500354, 3.5212835316117332, 2.1482632427149144, 1.0961301519436457, 1.097535653179431, 2.1705835413547208, 2.1575385164580494, 2.176988796480129, 2.7377433371300532, 2.788306261872967, 3.97716125018838], [4.836179952193674, 4.877078791653873, 3.710162306422726, 3.0953864346798445, 2.566702121400144, 1.522014983500491, 0.0, 3.8966677174221567, 5.002054370955998, 4.435656891600161, 4.573429298677307, 5.907584807685794, 5.550138079363432, 5.56409520676992, 3.2191005249914144, 4.358906501635473, 2.7762758670564422, 4.082073789141985, 2.7891221074022554, 2.1489649089736202, 2.1328891438609743, 1.0944524201627042, 1.094869298135627, 1.0937877902042974, 4.150054923732938, 4.235158384287416, 5.041021577021864], [5.53816974369692, 4.540901412715321, 3.1775676231986, 2.56602268111566, 1.5379912678555754, 2.5128458945983936, 3.8966677174221567, 0.0, 1.4212807921026724, 5.775641735772744, 5.443417952904223, 6.506124198015282, 4.627235440303422, 5.130093103443641, 3.600787443046312, 2.8219071051329805, 3.490589034819195, 2.7742611809272755, 2.134213646756107, 2.764811686173219, 2.693027601046822, 4.188087995732658, 4.663619060343587, 4.305129018972602, 1.0955953678251837, 1.094249569339646, 1.9483039393277424], [5.774356516530651, 4.693100323879727, 3.653212894152215, 2.934562592619214, 2.442939989029612, 3.7802855024455493, 5.002054370955998, 1.4212807921026724, 0.0, 6.255455330349662, 5.596262672534233, 6.619964550509316, 4.439969915438617, 5.335374470456596, 4.39449551370803, 3.2278969407340132, 3.8834915166638386, 2.5706338109501323, 2.6697301286834216, 4.096582335313181, 4.008058356611092, 5.11898632445917, 5.886161779122283, 5.290401105776385, 2.042133281644467, 2.045410318249129, 0.9722877609020899], [1.0946013749306183, 2.169851483396963, 2.781440795702831, 3.4754399635154107, 4.72256796668931, 4.809031157104308, 4.435656891600161, 5.775641735772744, 6.255455330349662, 0.0, 1.7757742564864487, 1.7714313478088841, 3.069196080409331, 2.5243097769489387, 2.547520349280845, 3.7414123389436775, 3.0591169493826156, 4.050976543995287, 5.325395973070922, 4.605383471547184, 5.90057568377866, 4.9735869752121555, 5.055665572404884, 3.406248841467693, 6.703051440202439, 5.63637266511007, 6.596724540254807], [1.093732206712411, 2.1754842610324716, 2.88068451066756, 2.893306083012995, 4.338455887755458, 4.897253734492424, 4.573429298677307, 5.443417952904223, 5.596262672534233, 1.7757742564864487, 0.0, 1.7655051769960912, 2.4876863407592205, 3.0609268530953173, 3.2119569735598885, 3.8752314176059213, 2.293782191054765, 3.07420048955822, 4.655431522426252, 5.035487214758866, 5.952678749101113, 4.763784492396775, 5.449559421641349, 3.6886359402901228, 6.404797504995766, 5.583591078329429, 5.739130144020084], [1.0947499577529105, 2.1570627158244613, 3.492055131294464, 4.145457706936593, 5.633858498400541, 6.111864321956109, 5.907584807685794, 6.506124198015282, 6.619964550509316, 1.7714313478088841, 1.7655051769960912, 0.0, 2.5022837289164475, 2.429105442338805, 3.743142664927427, 4.273362960245713, 3.8424568819962053, 4.2774172230447665, 6.150688040374019, 5.971874816169542, 7.203591899878838, 6.296150002978011, 6.662750061348543, 4.940084139971707, 7.539998616047619, 6.386212683586415, 6.944531333358645], [2.1512641423126078, 1.0961536114979507, 2.1666785963774142, 2.7834853798789747, 4.219123939871879, 5.151283763296291, 5.550138079363432, 4.627235440303422, 4.439969915438617, 3.069196080409331, 2.4876863407592205, 2.5022837289164475, 0.0, 1.760103363442045, 3.0642725874177708, 2.4963361973099696, 3.140671948803313, 2.5146718950988416, 4.812594611018053, 5.040002585316797, 6.13379949297334, 5.9327111188730575, 6.476234665297421, 4.917391667337472, 5.720299251787445, 4.486478010644875, 4.883016487787032], [2.1380135032314462, 1.0966560490874064, 2.146805992631845, 3.4829253351170193, 4.733422889411003, 5.204148562445157, 5.56409520676992, 5.130093103443641, 5.335374470456596, 2.5243097769489387, 3.0609268530953173, 2.429105442338805, 1.760103363442045, 0.0, 2.488649015028033, 2.39121650629967, 3.8228990648459447, 3.7128722964842193, 5.5740929073706695, 4.752226224623571, 6.222632202693648, 6.22093143588643, 6.279330391849118, 4.8250584556044505, 6.174690045662212, 4.670786191852502, 5.953383475806006], [2.7697789623000606, 2.1541052550885254, 1.0956248491157912, 2.171552258178467, 2.8699363076556246, 2.839353084771248, 3.2191005249914144, 3.600787443046312, 4.39449551370803, 2.547520349280845, 3.2119569735598885, 3.743142664927427, 3.0642725874177708, 2.488649015028033, 0.0, 1.760528255950469, 2.5070257397960636, 3.067393833533607, 3.8220227393358086, 2.344975277055176, 3.8734453616902873, 4.0394994949869725, 3.865373525288339, 2.654223197095527, 4.465827157425599, 3.255429957778235, 4.931232901618012], [3.4685140449477787, 2.136433258962236, 1.0954397975242638, 2.162813396943897, 2.8162615237225395, 3.444787317092305, 4.358906501635473, 2.8219071051329805, 3.2278969407340132, 3.7414123389436775, 3.8752314176059213, 4.273362960245713, 2.4963361973099696, 2.39121650629967, 1.760528255950469, 0.0, 3.0663112790452307, 2.528184884457622, 3.8025860174360293, 3.029648912002841, 4.288643269147015, 5.015413331919913, 5.127674698145349, 4.065632939654046, 3.837855002472084, 2.2803808168812507, 3.972608003566423], [2.8195606217990776, 2.8136877598624905, 2.162061065280072, 1.0957131422046555, 2.1606491871657463, 2.8518641552500354, 2.7762758670564422, 3.490589034819195, 3.8834915166638386, 3.0591169493826156, 2.293782191054765, 3.8424568819962053, 3.140671948803313, 3.8228990648459447, 2.5070257397960636, 3.0663112790452307, 0.0, 1.744953188483863, 2.393828239452447, 3.3103278311973874, 3.817107170358202, 2.871907719617746, 3.8315862733338006, 2.3234281181047973, 4.31273780097979, 3.8932900033262356, 3.9192342989415674], [3.434549293575505, 2.741432118437369, 2.155286389322774, 1.0972499897470949, 2.1692256037581705, 3.5212835316117332, 4.082073789141985, 2.7742611809272755, 2.5706338109501323, 4.050976543995287, 3.07420048955822, 4.2774172230447665, 2.5146718950988416, 3.7128722964842193, 3.067393833533607, 2.528184884457622, 1.744953188483863, 0.0, 2.436960227414473, 3.886014333478455, 4.316405768692281, 4.170368468133241, 5.143889374782471, 3.872635899487583, 3.7561019381800596, 3.205691710068203, 2.691799691656123], [5.128171305641027, 4.682725617629118, 3.4924698151881, 2.1264955043451184, 1.099346037424068, 2.1482632427149144, 2.7891221074022554, 2.134213646756107, 2.6697301286834216, 5.325395973070922, 4.655431522426252, 6.150688040374019, 4.812594611018053, 5.5740929073706695, 3.8220227393358086, 3.8025860174360293, 2.393828239452447, 2.436960227414473, 0.0, 3.066863966660406, 2.463210464008303, 2.564769656323936, 3.7487557789218546, 3.258877012100948, 2.4645229274648672, 3.06414852283632, 2.3849321269168224], [4.9188191926518305, 4.350311232544173, 2.8888860240584084, 2.903583279329181, 2.1821581427568444, 1.0961301519436457, 2.1489649089736202, 2.764811686173219, 4.096582335313181, 4.605383471547184, 5.035487214758866, 5.971874816169542, 5.040002585316797, 4.752226224623571, 2.344975277055176, 3.029648912002841, 3.3103278311973874, 3.886014333478455, 3.066863966660406, 0.0, 1.754562053619079, 3.0675455334843855, 2.498566697128576, 2.485383087171875, 3.086558285534229, 2.5906886613408413, 4.520430127764392], [6.113187732271928, 5.630794251257988, 4.152266578629074, 3.5199604003454357, 2.1599880925597716, 1.097535653179431, 2.1328891438609743, 2.693027601046822, 4.008058356611092, 5.90057568377866, 5.952678749101113, 7.203591899878838, 6.13379949297334, 6.222632202693648, 3.8734453616902873, 4.288643269147015, 3.817107170358202, 4.316405768692281, 2.463210464008303, 1.754562053619079, 0.0, 2.5242967337458566, 2.4157852760541445, 3.0571681095419008, 2.4559746191685288, 3.06415424872835, 4.1176903404700065], [5.2491630618604335, 5.401209873722738, 4.3263267953311155, 3.3627823926028877, 2.788801061388209, 2.1705835413547208, 1.0944524201627042, 4.188087995732658, 5.11898632445917, 4.9735869752121555, 4.763784492396775, 6.296150002978011, 5.9327111188730575, 6.22093143588643, 4.0394994949869725, 5.015413331919913, 2.871907719617746, 4.170368468133241, 2.564769656323936, 3.0675455334843855, 2.5242967337458566, 0.0, 1.7711415245541506, 1.7767442837955045, 4.356045836535699, 4.76250491443316, 4.947251513719512], [5.6204719099022284, 5.710580108885612, 4.5436223808762985, 4.1270121807428675, 3.503435351194596, 2.1575385164580494, 1.094869298135627, 4.663619060343587, 5.886161779122283, 5.055665572404884, 5.449559421641349, 6.662750061348543, 6.476234665297421, 6.279330391849118, 3.865373525288339, 5.127674698145349, 3.8315862733338006, 5.143889374782471, 3.7487557789218546, 2.498566697128576, 2.4157852760541445, 1.7711415245541506, 0.0, 1.7646476730497793, 4.759866982385118, 4.891756341029263, 5.9598839435009126], [3.8989111608242633, 4.152589210360206, 3.225820334426578, 2.850473257197829, 2.90014026040121, 2.176988796480129, 1.0937877902042974, 4.305129018972602, 5.290401105776385, 3.406248841467693, 3.6886359402901228, 4.940084139971707, 4.917391667337472, 4.8250584556044505, 2.654223197095527, 4.065632939654046, 2.3234281181047973, 3.872635899487583, 3.258877012100948, 2.485383087171875, 3.0571681095419008, 1.7767442837955045, 1.7646476730497793, 0.0, 4.788281936143694, 4.52112903045246, 5.400407476292877], [6.542403006541251, 5.6040125883156255, 4.190609407950113, 3.513809131128212, 2.1801997637831265, 2.7377433371300532, 4.150054923732938, 1.0955953678251837, 2.042133281644467, 6.703051440202439, 6.404797504995766, 7.539998616047619, 5.720299251787445, 6.174690045662212, 4.465827157425599, 3.837855002472084, 4.31273780097979, 3.7561019381800596, 2.4645229274648672, 3.086558285534229, 2.4559746191685288, 4.356045836535699, 4.759866982385118, 4.788281936143694, 0.0, 1.7641481145300697, 2.296893478156965], [5.461112248434379, 4.300614625841288, 2.9293521809437664, 2.8847695020573134, 2.191535028239339, 2.788306261872967, 4.235158384287416, 1.094249569339646, 2.045410318249129, 5.63637266511007, 5.583591078329429, 6.386212683586415, 4.486478010644875, 4.670786191852502, 3.255429957778235, 2.2803808168812507, 3.8932900033262356, 3.205691710068203, 3.06414852283632, 2.5906886613408413, 3.06415424872835, 4.76250491443316, 4.891756341029263, 4.52112903045246, 1.7641481145300697, 0.0, 2.8437764820744964], [6.090089111827511, 5.185044435682301, 4.196749837672005, 3.158659804410725, 2.5806529135085174, 3.97716125018838, 5.041021577021864, 1.9483039393277424, 0.9722877609020899, 6.596724540254807, 5.739130144020084, 6.944531333358645, 4.883016487787032, 5.953383475806006, 4.931232901618012, 3.972608003566423, 3.9192342989415674, 2.691799691656123, 2.3849321269168224, 4.520430127764392, 4.1176903404700065, 4.947251513719512, 5.9598839435009126, 5.400407476292877, 2.296893478156965, 2.8437764820744964, 0.0]]}