{"total energy": -55.89989786, "HOMO-LUMO gap/eV": 3.66081988, "electronic energy": -56.52552179, "dipole": [0.08282025, -0.08298946, -0.50878617], "partial charges": [-0.10253894, -0.0521255, -0.05935904, 0.00603358, -0.12090023, 0.2288102, -0.4285128, -0.1199377, 0.00582052, -0.05934214, -0.05210198, -0.10252147, -0.11877149, 0.00587388, -0.05870764, -0.05363237, -0.10286612, 0.03881433, 0.03796614, 0.03774747, 0.03457694, 0.0350919, 0.0491469, 0.04855157, 0.0512123, 0.06042875, 0.05143294, 0.06098105, 0.04904416, 0.04855169, 0.03463083, 0.03518875, 0.03792286, 0.03879664, 0.03772937, 0.05734909, 0.06221991, 0.05720545, 0.04211659, 0.03850965, 0.03510604, 0.03647601, 0.0317545, 0.03622737], "atomic dipole moments": [[-0.08719575, 0.06513927, -0.02704601], [-0.02353199, -0.0892239, 0.07952172], [-0.0225174, 0.10533503, -0.07966692], [-0.07996032, -0.09464795, 0.11044765], [0.04033842, 0.41650345, -0.34363537], [-0.00676741, -0.02190126, 0.26686503], [-0.00366745, -0.00698646, 0.10346508], [0.3410646, -0.19880526, -0.36626444], [-0.04167234, 0.10176548, 0.12494301], [0.10229334, -0.02271922, -0.0835879], [-0.06526102, 0.05435031, 0.08744893], [0.09990716, 0.04617523, -0.02173297], [-0.32127815, -0.14922623, -0.41574417], [0.13282002, -0.08656096, 0.03049042], [-0.12242482, 0.01176857, 0.05638257], [0.03473196, 0.01844702, 0.11196479], [0.03026548, -0.09109062, -0.04420608], [0.10314847, 0.0380448, -0.06128273], [0.02550221, 0.00487186, 0.12396259], [-0.02047393, -0.1208826, -0.03157217], [0.03010299, 0.11729312, 0.02712099], [-0.01435784, -0.00426181, -0.12321546], [0.01989564, 0.00331579, 0.12532025], [-0.02527589, -0.12101467, -0.02850406], [0.02144611, 0.12164263, 0.03232503], [-0.02622186, -0.00620253, -0.12493368], [0.09496556, -0.0827473, 0.02171013], [0.00716667, 0.04144802, -0.12067312], [-0.00658177, -0.03459239, 0.12194892], [-0.09234194, 0.08518916, -0.01745878], [0.08673136, -0.08735289, 0.01585662], [0.00297812, 0.03005084, -0.12038673], [-0.00807289, -0.04003388, 0.11987839], [-0.01877739, -0.09974245, -0.0744189], [-0.09465445, 0.08136472, -0.02105866], [-0.1106864, -0.06237928, -0.03238828], [-0.03257387, 0.09446369, 0.07860601], [0.04509775, -0.09283338, -0.07421796], [0.10308725, 0.06449699, 0.03378569], [0.06182184, 0.03010052, -0.1018758], [-0.09978912, -0.06286827, -0.04145958], [0.09720464, 0.06890418, 0.04263546], [-0.0796992, -0.02148356, 0.09545871], [-0.06208752, 0.07080888, -0.08261816]], "atomic quadrupole moments": [[0.10564604, -0.16439588, -0.00092179, 0.06236241, -0.05842227, -0.10472425], [0.20806182, -0.06827641, -0.07903413, -0.07734767, -0.11045877, -0.12902768], [0.2184697, -0.09497951, -0.075518, -0.06444081, -0.12227092, -0.1429517], [0.29127483, 0.02988784, -0.1455582, -0.21387913, -0.16466206, -0.14571663], [0.34464493, -0.23814021, -0.04251592, -0.13176766, -0.36922477, -0.30212901], [0.64191193, 0.00761358, 0.64915063, 0.07284054, 0.11078705, -1.29106256], [-0.03559389, 0.00013677, -0.03305109, -0.00325518, -0.0069223, 0.06864497], [0.25890783, 0.31845026, -0.03839606, -0.21897465, 0.33139463, -0.22051177], [-0.06299025, 0.17820899, 0.13578241, -0.0143125, 0.30315419, -0.07279216], [0.07936092, 0.1833128, 0.03054866, -0.05193467, 0.13808125, -0.10990958], [0.05112378, 0.16500268, 0.04366282, -0.03728139, 0.14357586, -0.0947866], [0.16712192, 0.13788779, -0.05735644, -0.06583904, -0.01941499, -0.10976549], [-0.27482599, -0.06607309, 0.43065374, 0.35793364, 0.08506969, -0.15582774], [-0.00019945, -0.20383632, -0.03037236, 0.09237833, -0.28088534, 0.03057181], [-0.02369715, -0.06392874, -0.07728842, -0.02274547, -0.22090792, 0.10098557], [-0.07995723, -0.19601262, 0.11231105, 0.07173218, 0.01399505, -0.03235382], [-0.09370992, -0.09417254, 0.13115212, -0.04187313, 0.12773854, -0.0374422], [0.03841908, 0.02610331, -0.02432588, -0.04845721, -0.03178735, -0.0140932], [-0.03908436, -0.01130057, -0.03789367, 0.01392367, 0.01308992, 0.07697804], [-0.02610653, 0.02512781, 0.06376882, 0.01894702, 0.02959494, -0.03766229], [-0.01469452, 0.01215323, 0.04217155, 0.00351688, 0.03048886, -0.02747704], [-0.01433391, -0.00172215, -0.03612033, 0.01572084, 0.01356349, 0.05045424], [-0.01336664, -0.00139823, -0.03391537, 0.01081922, 0.01429509, 0.047282], [-0.01187523, 0.01491613, 0.0374711, 0.00399995, 0.02851323, -0.02559587], [-0.00291288, 0.02168524, 0.0290729, -0.00947736, 0.02283017, -0.02616001], [-0.00338617, 0.00756731, -0.03873875, -0.00276772, 0.00778856, 0.04212491], [0.00269961, -0.02742179, 0.02368886, 0.0209726, 0.00336335, -0.02638848], [-0.03642292, 0.01032977, -0.00454077, 0.00972882, -0.00749067, 0.04096369], [-0.02753609, 0.00851271, -0.01444258, 0.0084601, -0.02441496, 0.04197866], [0.01247495, -0.03154119, 0.0170845, 0.01874898, -0.01214578, -0.02955945], [0.01770644, -0.03359908, 0.01390844, 0.02038841, -0.01282544, -0.03161488], [-0.02917633, 0.00959104, -0.01498312, 0.00547003, -0.02877248, 0.04415945], [-0.02839496, 0.00441808, -0.04188267, 0.00545419, -0.03377749, 0.07027762], [-0.03131961, 0.01455187, 0.02990862, -0.00147763, 0.0634267, 0.00141098], [0.01976618, -0.05322233, 0.02491887, 0.00931022, -0.02300563, -0.04468505], [0.01349744, 0.02741442, -0.00291642, 0.03216049, -0.00397141, -0.01058102], [-0.04451256, -0.0181064, 0.03751998, -0.00931154, 0.02252473, 0.00699258], [-0.04199931, -0.02012417, 0.03478418, -0.00672529, 0.01773334, 0.00721513], [0.00517922, 0.04205445, -0.00122031, 0.02561193, 0.00803635, -0.00395891], [-0.00235322, -0.00210415, -0.00912591, -0.04567485, -0.02427915, 0.01147913], [0.03403902, 0.03012391, 0.00843136, 0.013068, 0.01125327, -0.04247039], [0.04888657, 0.04085267, -0.01461332, 0.02872841, 0.02673328, -0.03427325], [-0.00960976, 0.02220187, -0.01659908, -0.05858681, -0.02348323, 0.02620883], [-0.02130895, -0.03989528, -0.00485248, 0.04097657, -0.03699878, 0.02616143]], "number of molecular orbitals": 115, "number of electrons": 104, "number of unpaired electrons": 0, "orbital energies/eV": [-19.83229988, -19.82982173, -19.81265387, -18.68150627, -17.43164693, -17.4167097, -17.31815994, -16.88914653, -16.80422634, -16.69908678, -16.47407574, -16.02542899, -15.93513144, -15.91630876, -15.51365728, -15.49142116, -15.31228352, -14.59440169, -14.58254463, -14.46854092, -14.29112136, -14.11961219, -14.05887801, -13.93098848, -13.81918231, -13.75255141, -13.68695764, -13.68117091, -13.51515556, -13.45650153, -13.35446456, -13.24148455, -12.96605039, -12.81109223, -12.73024, -12.63116585, -12.54020147, -12.52209776, -12.42923626, -12.41087903, -12.09937987, -12.0858374, -11.99800597, -11.95792476, -11.86185109, -11.85663314, -11.85393897, -11.43910789, -11.37663027, -10.59373595, -10.56549818, -10.55835339, -6.89753352, -6.07444749, -6.05140212, -5.46742879, -4.33102241, -4.28527475, -2.27656769, -0.91551698, -0.86635642, -0.70600289, -0.64062673, -0.4345137, -0.32975215, -0.07602522, -0.05579891, 1.98640115, 2.15507203, 2.32021394, 2.37159235, 2.48475295, 2.78177253, 2.79610066, 2.8197427, 3.02382565, 3.16721156, 3.27440773, 3.38929144, 3.59544541, 3.66738534, 3.74032243, 3.78927401, 3.83744165, 3.87521287, 4.22371822, 4.44925708, 4.50106054, 4.6390276, 4.71985631, 5.15947161, 5.24008625, 5.3850402, 5.5231328, 5.81235521, 5.96099943, 6.06044484, 6.10129923, 6.6699705, 6.74311233, 6.78101452, 6.78699438, 6.8515442, 7.43207101, 7.74680275, 7.90790533, 7.9844246, 8.41943582, 8.59392915, 11.61992315, 11.81734054, 12.23866668, 25.36326736, 26.02013858, 31.87013316], "fractional occupation": [2.0, 2.0, 2.0, 2.0, 2.0, 2.0, 2.0, 2.0, 2.0, 2.0, 2.0, 2.0, 2.0, 2.0, 2.0, 2.0, 2.0, 2.0, 2.0, 2.0, 2.0, 2.0, 2.0, 2.0, 2.0, 2.0, 2.0, 2.0, 2.0, 2.0, 2.0, 2.0, 2.0, 2.0, 2.0, 2.0, 2.0, 2.0, 2.0, 2.0, 2.0, 2.0, 2.0, 2.0, 2.0, 2.0, 2.0, 2.0, 2.0, 2.0, 2.0, 2.0, 0.0, 0.0, 0.0, 0.0, 0.0, 0.0, 0.0, 0.0, 0.0, 0.0, 0.0, 0.0, 0.0, 0.0, 0.0, 0.0, 0.0, 0.0, 0.0, 0.0, 0.0, 0.0, 0.0, 0.0, 0.0, 0.0, 0.0, 0.0, 0.0, 0.0, 0.0, 0.0, 0.0, 0.0, 0.0, 0.0, 0.0, 0.0, 0.0, 0.0, 0.0, 0.0, 0.0, 0.0, 0.0, 0.0, 0.0, 0.0, 0.0, 0.0, 0.0, 0.0, 0.0, 0.0, 0.0, 0.0, 0.0, 0.0, 0.0, 0.0, 0.0, 0.0, 0.0], "program call": "xtb /home/svss/Project-DBcg-Debug/aqme2_20220329/End-to-End-workflows-final/example-3/QDESCP/mol_760_rdkit_conf_27/mol_760_rdkit_conf_27.xyz --pop --wbo --acc 0.2 --gfn 2 --chrg 0 --uhf 0 --etemp 300 --input /home/svss/Project-DBcg-Debug/aqme2_20220329/End-to-End-workflows-final/example-3/QDESCP/mol_760_rdkit_conf_27/mol_760_rdkit_conf_27_xtb.inp", "method": "GFN2-xTB", "xtb version": "6.3.3 (7355c4f)", "Dipole module/D": 1.327, "Total charge": 0, "Transition dipole module/D": NaN, "HOMO": -10.5584, "LUMO": -6.8975, "HOMO occupancy": 2.0, "LUMO occupancy": 0, "mulliken charges": [-0.08278, -0.03854, -0.04825, 0.03315, -0.08588, 0.32577, -0.48157, -0.08569, 0.03322, -0.04828, -0.03851, -0.0828, -0.0849, 0.03571, -0.05196, -0.0402, -0.08719, 0.03091, 0.02813, 0.02875, 0.02416, 0.02609, 0.02761, 0.02997, 0.0321, 0.04637, 0.03247, 0.04663, 0.02758, 0.02993, 0.0242, 0.02616, 0.0281, 0.03089, 0.02874, 0.04215, 0.03007, 0.049, 0.02336, 0.02756, 0.0267, 0.02704, 0.02452, 0.02953], "cm5 charges": [-0.23312, -0.15097, -0.15586, -0.05667, -0.08899, 0.25933, -0.50022, -0.0888, -0.0566, -0.15589, -0.15094, -0.23314, -0.0881, -0.05429, -0.15927, -0.15252, -0.23763, 0.08169, 0.07942, 0.08004, 0.07888, 0.0808, 0.0834, 0.08577, 0.09009, 0.10499, 0.09046, 0.10526, 0.08337, 0.08572, 0.07892, 0.08088, 0.07939, 0.08167, 0.08003, 0.10123, 0.0871, 0.10735, 0.07903, 0.08177, 0.08136, 0.07846, 0.07631, 0.08031], "FUKUI+": [0.007, 0.003, 0.002, 0.029, -0.198, -0.144, -0.013, -0.195, 0.029, 0.002, 0.003, 0.007, -0.199, 0.028, 0.009, 0.005, 0.008, -0.017, -0.008, -0.009, -0.008, -0.01, -0.01, -0.011, -0.024, -0.029, -0.023, -0.029, -0.01, -0.011, -0.008, -0.01, -0.008, -0.017, -0.009, -0.025, -0.035, -0.005, -0.015, -0.019, -0.007, -0.009, -0.001, -0.018], "FUKUI-": [0.008, 0.003, 0.006, 0.023, -0.147, -0.054, -0.016, -0.147, 0.023, 0.006, 0.003, 0.008, -0.154, 0.021, 0.004, 0.003, 0.01, -0.022, -0.021, -0.021, -0.02, -0.021, -0.016, -0.017, -0.023, -0.029, -0.024, -0.03, -0.016, -0.017, -0.021, -0.022, -0.022, -0.022, -0.022, -0.019, -0.033, -0.011, -0.02, -0.042, -0.019, -0.018, -0.023, -0.029], "FUKUIrad": [0.008, 0.003, 0.004, 0.026, -0.172, -0.099, -0.015, -0.171, 0.026, 0.004, 0.003, 0.008, -0.176, 0.024, 0.006, 0.004, 0.009, -0.019, -0.015, -0.015, -0.014, -0.016, -0.013, -0.014, -0.023, -0.029, -0.023, -0.029, -0.013, -0.014, -0.014, -0.016, -0.015, -0.019, -0.015, -0.022, -0.034, -0.008, -0.017, -0.031, -0.013, -0.013, -0.012, -0.023], "s proportion": [1.008, 1.028, 1.034, 1.039, 1.911, 1.554, 1.691, 1.911, 1.039, 1.034, 1.028, 1.008, 1.911, 1.039, 1.036, 1.028, 1.008, 0.969, 0.972, 0.971, 0.976, 0.974, 0.972, 0.97, 0.968, 0.954, 0.968, 0.953, 0.972, 0.97, 0.976, 0.974, 0.972, 0.969, 0.971, 0.958, 0.97, 0.951, 0.977, 0.972, 0.973, 0.973, 0.975, 0.97], "p proportion": [3.075, 3.01, 3.014, 2.927, 4.181, 2.125, 4.791, 4.181, 2.927, 3.014, 3.01, 3.075, 4.18, 2.926, 3.016, 3.012, 3.08, 0.0, 0.0, 0.0, 0.0, 0.0, 0.0, 0.0, 0.0, 0.0, 0.0, 0.0, 0.0, 0.0, 0.0, 0.0, 0.0, 0.0, 0.0, 0.0, 0.0, 0.0, 0.0, 0.0, 0.0, 0.0, 0.0, 0.0], "d proportion": [0.0, 0.0, 0.0, 0.0, -0.006, 0.996, 0.0, -0.006, 0.0, 0.0, 0.0, 0.0, -0.006, 0.0, 0.0, 0.0, 0.0, 0.0, 0.0, 0.0, 0.0, 0.0, 0.0, 0.0, 0.0, 0.0, 0.0, 0.0, 0.0, 0.0, 0.0, 0.0, 0.0, 0.0, 0.0, 0.0, 0.0, 0.0, 0.0, 0.0, 0.0, 0.0, 0.0, 0.0], "Fermi-level/eV": -8.7279, "Coordination numbers": [3.75, 3.801, 3.84, 3.8, 1.939, 3.586, 0.808, 1.939, 3.8, 3.84, 3.801, 3.75, 1.935, 3.798, 3.835, 3.799, 3.749, 0.924, 0.924, 0.924, 0.924, 0.924, 0.924, 0.924, 0.924, 0.924, 0.924, 0.924, 0.924, 0.924, 0.924, 0.924, 0.924, 0.924, 0.924, 0.924, 0.924, 0.924, 0.924, 0.924, 0.924, 0.924, 0.924, 0.924], "Dispersion coefficient C6": [22.522, 21.51, 21.612, 20.478, 146.12, 150.466, 22.282, 146.079, 20.482, 21.612, 21.51, 22.522, 146.028, 20.483, 21.603, 21.539, 22.53, 2.465, 2.476, 2.479, 2.522, 2.515, 2.331, 2.338, 2.305, 2.194, 2.302, 2.188, 2.332, 2.338, 2.522, 2.514, 2.477, 2.465, 2.479, 2.23, 2.173, 2.232, 2.421, 2.469, 2.515, 2.496, 2.562, 2.5], "Total dispersion C6": 22570.210893, "Total dispersion C8": 652976.93733, "Polarizability alpha": [6.768, 6.603, 6.613, 6.443, 20.345, 22.035, 6.328, 20.342, 6.444, 6.613, 6.603, 6.768, 20.339, 6.444, 6.613, 6.608, 6.77, 2.455, 2.461, 2.462, 2.484, 2.48, 2.387, 2.391, 2.374, 2.316, 2.373, 2.313, 2.388, 2.391, 2.483, 2.48, 2.461, 2.455, 2.462, 2.335, 2.305, 2.336, 2.433, 2.457, 2.48, 2.471, 2.503, 2.473], "Total polarizability alpha": 234.092896, "Wiberg matrix": [[0.0, 1.01911516029334, 0.0, 0.0, 0.0, 0.0, 0.0, 0.0, 0.0, 0.0, 0.0, 0.0, 0.0, 0.0, 0.0, 0.0, 0.0, 0.9862479324501181, 0.9872622338064416, 0.9872847067393968, 0.0, 0.0, 0.0, 0.0, 0.0, 0.0, 0.0, 0.0, 0.0, 0.0, 0.0, 0.0, 0.0, 0.0, 0.0, 0.0, 0.0, 0.0, 0.0, 0.0, 0.0, 0.0, 0.0, 0.0], [1.01911516029334, 0.0, 0.9998731911494785, 0.0, 0.0, 0.0, 0.0, 0.0, 0.0, 0.0, 0.0, 0.0, 0.0, 0.0, 0.0, 0.0, 0.0, 0.0, 0.0, 0.0, 0.9775398401186967, 0.9775413083528177, 0.0, 0.0, 0.0, 0.0, 0.0, 0.0, 0.0, 0.0, 0.0, 0.0, 0.0, 0.0, 0.0, 0.0, 0.0, 0.0, 0.0, 0.0, 0.0, 0.0, 0.0, 0.0], [0.0, 0.9998731911494785, 0.0, 1.0067408685486965, 0.0, 0.0, 0.0, 0.0, 0.0, 0.0, 0.0, 0.0, 0.0, 0.0, 0.0, 0.0, 0.0, 0.0, 0.0, 0.0, 0.0, 0.0, 0.9753859315765261, 0.9753168981604388, 0.0, 0.0, 0.0, 0.0, 0.0, 0.0, 0.0, 0.0, 0.0, 0.0, 0.0, 0.0, 0.0, 0.0, 0.0, 0.0, 0.0, 0.0, 0.0, 0.0], [0.0, 0.0, 1.0067408685486965, 0.0, 0.9542086804556181, 0.0, 0.0, 0.0, 0.0, 0.0, 0.0, 0.0, 0.0, 0.0, 0.0, 0.0, 0.0, 0.0, 0.0, 0.0, 0.0, 0.0, 0.0, 0.0, 0.9728878524860989, 0.972629134278356, 0.0, 0.0, 0.0, 0.0, 0.0, 0.0, 0.0, 0.0, 0.0, 0.0, 0.0, 0.0, 0.0, 0.0, 0.0, 0.0, 0.0, 0.0], [0.0, 0.0, 0.0, 0.9542086804556181, 0.0, 1.038091250252764, 0.0, 0.0, 0.0, 0.0, 0.0, 0.0, 0.0, 0.0, 0.0, 0.0, 0.0, 0.0, 0.0, 0.0, 0.0, 0.0, 0.0, 0.0, 0.0, 0.0, 0.0, 0.0, 0.0, 0.0, 0.0, 0.0, 0.0, 0.0, 0.0, 0.0, 0.0, 0.0, 0.0, 0.0, 0.0, 0.0, 0.0, 0.0], [0.0, 0.0, 0.0, 0.0, 1.038091250252764, 0.0, 1.9298794867698967, 1.0391384060084659, 0.0, 0.0, 0.0, 0.0, 1.0392508227626802, 0.0, 0.0, 0.0, 0.0, 0.0, 0.0, 0.0, 0.0, 0.0, 0.0, 0.0, 0.0, 0.0, 0.0, 0.0, 0.0, 0.0, 0.0, 0.0, 0.0, 0.0, 0.0, 0.0, 0.0, 0.0, 0.0, 0.0, 0.0, 0.0, 0.0, 0.0], [0.0, 0.0, 0.0, 0.0, 0.0, 1.9298794867698967, 0.0, 0.0, 0.0, 0.0, 0.0, 0.0, 0.0, 0.0, 0.0, 0.0, 0.0, 0.0, 0.0, 0.0, 0.0, 0.0, 0.0, 0.0, 0.0, 0.0, 0.0, 0.0, 0.0, 0.0, 0.0, 0.0, 0.0, 0.0, 0.0, 0.0, 0.0, 0.0, 0.0, 0.0, 0.0, 0.0, 0.0, 0.0], [0.0, 0.0, 0.0, 0.0, 0.0, 1.0391384060084659, 0.0, 0.0, 0.954228499761785, 0.0, 0.0, 0.0, 0.0, 0.0, 0.0, 0.0, 0.0, 0.0, 0.0, 0.0, 0.0, 0.0, 0.0, 0.0, 0.0, 0.0, 0.0, 0.0, 0.0, 0.0, 0.0, 0.0, 0.0, 0.0, 0.0, 0.0, 0.0, 0.0, 0.0, 0.0, 0.0, 0.0, 0.0, 0.0], [0.0, 0.0, 0.0, 0.0, 0.0, 0.0, 0.0, 0.954228499761785, 0.0, 1.0066111403148748, 0.0, 0.0, 0.0, 0.0, 0.0, 0.0, 0.0, 0.0, 0.0, 0.0, 0.0, 0.0, 0.0, 0.0, 0.0, 0.0, 0.9728880683988668, 0.9725238677759014, 0.0, 0.0, 0.0, 0.0, 0.0, 0.0, 0.0, 0.0, 0.0, 0.0, 0.0, 0.0, 0.0, 0.0, 0.0, 0.0], [0.0, 0.0, 0.0, 0.0, 0.0, 0.0, 0.0, 0.0, 1.0066111403148748, 0.0, 0.9998792610575954, 0.0, 0.0, 0.0, 0.0, 0.0, 0.0, 0.0, 0.0, 0.0, 0.0, 0.0, 0.0, 0.0, 0.0, 0.0, 0.0, 0.0, 0.9753959449823881, 0.9753024779070042, 0.0, 0.0, 0.0, 0.0, 0.0, 0.0, 0.0, 0.0, 0.0, 0.0, 0.0, 0.0, 0.0, 0.0], [0.0, 0.0, 0.0, 0.0, 0.0, 0.0, 0.0, 0.0, 0.0, 0.9998792610575954, 0.0, 1.0191128650026773, 0.0, 0.0, 0.0, 0.0, 0.0, 0.0, 0.0, 0.0, 0.0, 0.0, 0.0, 0.0, 0.0, 0.0, 0.0, 0.0, 0.0, 0.0, 0.9775261288501386, 0.9775260235877877, 0.0, 0.0, 0.0, 0.0, 0.0, 0.0, 0.0, 0.0, 0.0, 0.0, 0.0, 0.0], [0.0, 0.0, 0.0, 0.0, 0.0, 0.0, 0.0, 0.0, 0.0, 0.0, 1.0191128650026773, 0.0, 0.0, 0.0, 0.0, 0.0, 0.0, 0.0, 0.0, 0.0, 0.0, 0.0, 0.0, 0.0, 0.0, 0.0, 0.0, 0.0, 0.0, 0.0, 0.0, 0.0, 0.9872615731476798, 0.9862456455916441, 0.9872818236826321, 0.0, 0.0, 0.0, 0.0, 0.0, 0.0, 0.0, 0.0, 0.0], [0.0, 0.0, 0.0, 0.0, 0.0, 1.0392508227626802, 0.0, 0.0, 0.0, 0.0, 0.0, 0.0, 0.0, 0.9562273934746194, 0.0, 0.0, 0.0, 0.0, 0.0, 0.0, 0.0, 0.0, 0.0, 0.0, 0.0, 0.0, 0.0, 0.0, 0.0, 0.0, 0.0, 0.0, 0.0, 0.0, 0.0, 0.0, 0.0, 0.0, 0.0, 0.0, 0.0, 0.0, 0.0, 0.0], [0.0, 0.0, 0.0, 0.0, 0.0, 0.0, 0.0, 0.0, 0.0, 0.0, 0.0, 0.0, 0.9562273934746194, 0.0, 1.012431297339588, 0.0, 0.0, 0.0, 0.0, 0.0, 0.0, 0.0, 0.0, 0.0, 0.0, 0.0, 0.0, 0.0, 0.0, 0.0, 0.0, 0.0, 0.0, 0.0, 0.0, 0.9672213988675827, 0.9666842108311449, 0.0, 0.0, 0.0, 0.0, 0.0, 0.0, 0.0], [0.0, 0.0, 0.0, 0.0, 0.0, 0.0, 0.0, 0.0, 0.0, 0.0, 0.0, 0.0, 0.0, 1.012431297339588, 0.0, 1.0004740591429502, 0.0, 0.0, 0.0, 0.0, 0.0, 0.0, 0.0, 0.0, 0.0, 0.0, 0.0, 0.0, 0.0, 0.0, 0.0, 0.0, 0.0, 0.0, 0.0, 0.0, 0.0, 0.9727949186202429, 0.9764198804196127, 0.0, 0.0, 0.0, 0.0, 0.0], [0.0, 0.0, 0.0, 0.0, 0.0, 0.0, 0.0, 0.0, 0.0, 0.0, 0.0, 0.0, 0.0, 0.0, 1.0004740591429502, 0.0, 1.0211017790536607, 0.0, 0.0, 0.0, 0.0, 0.0, 0.0, 0.0, 0.0, 0.0, 0.0, 0.0, 0.0, 0.0, 0.0, 0.0, 0.0, 0.0, 0.0, 0.0, 0.0, 0.0, 0.0, 0.9761221711150109, 0.9772429334850101, 0.0, 0.0, 0.0], [0.0, 0.0, 0.0, 0.0, 0.0, 0.0, 0.0, 0.0, 0.0, 0.0, 0.0, 0.0, 0.0, 0.0, 0.0, 1.0211017790536607, 0.0, 0.0, 0.0, 0.0, 0.0, 0.0, 0.0, 0.0, 0.0, 0.0, 0.0, 0.0, 0.0, 0.0, 0.0, 0.0, 0.0, 0.0, 0.0, 0.0, 0.0, 0.0, 0.0, 0.0, 0.0, 0.9870818089382958, 0.9863462403600519, 0.9867512304774035], [0.9862479324501181, 0.0, 0.0, 0.0, 0.0, 0.0, 0.0, 0.0, 0.0, 0.0, 0.0, 0.0, 0.0, 0.0, 0.0, 0.0, 0.0, 0.0, 0.0, 0.0, 0.0, 0.0, 0.0, 0.0, 0.0, 0.0, 0.0, 0.0, 0.0, 0.0, 0.0, 0.0, 0.0, 0.0, 0.0, 0.0, 0.0, 0.0, 0.0, 0.0, 0.0, 0.0, 0.0, 0.0], [0.9872622338064416, 0.0, 0.0, 0.0, 0.0, 0.0, 0.0, 0.0, 0.0, 0.0, 0.0, 0.0, 0.0, 0.0, 0.0, 0.0, 0.0, 0.0, 0.0, 0.0, 0.0, 0.0, 0.0, 0.0, 0.0, 0.0, 0.0, 0.0, 0.0, 0.0, 0.0, 0.0, 0.0, 0.0, 0.0, 0.0, 0.0, 0.0, 0.0, 0.0, 0.0, 0.0, 0.0, 0.0], [0.9872847067393968, 0.0, 0.0, 0.0, 0.0, 0.0, 0.0, 0.0, 0.0, 0.0, 0.0, 0.0, 0.0, 0.0, 0.0, 0.0, 0.0, 0.0, 0.0, 0.0, 0.0, 0.0, 0.0, 0.0, 0.0, 0.0, 0.0, 0.0, 0.0, 0.0, 0.0, 0.0, 0.0, 0.0, 0.0, 0.0, 0.0, 0.0, 0.0, 0.0, 0.0, 0.0, 0.0, 0.0], [0.0, 0.9775398401186967, 0.0, 0.0, 0.0, 0.0, 0.0, 0.0, 0.0, 0.0, 0.0, 0.0, 0.0, 0.0, 0.0, 0.0, 0.0, 0.0, 0.0, 0.0, 0.0, 0.0, 0.0, 0.0, 0.0, 0.0, 0.0, 0.0, 0.0, 0.0, 0.0, 0.0, 0.0, 0.0, 0.0, 0.0, 0.0, 0.0, 0.0, 0.0, 0.0, 0.0, 0.0, 0.0], [0.0, 0.9775413083528177, 0.0, 0.0, 0.0, 0.0, 0.0, 0.0, 0.0, 0.0, 0.0, 0.0, 0.0, 0.0, 0.0, 0.0, 0.0, 0.0, 0.0, 0.0, 0.0, 0.0, 0.0, 0.0, 0.0, 0.0, 0.0, 0.0, 0.0, 0.0, 0.0, 0.0, 0.0, 0.0, 0.0, 0.0, 0.0, 0.0, 0.0, 0.0, 0.0, 0.0, 0.0, 0.0], [0.0, 0.0, 0.9753859315765261, 0.0, 0.0, 0.0, 0.0, 0.0, 0.0, 0.0, 0.0, 0.0, 0.0, 0.0, 0.0, 0.0, 0.0, 0.0, 0.0, 0.0, 0.0, 0.0, 0.0, 0.0, 0.0, 0.0, 0.0, 0.0, 0.0, 0.0, 0.0, 0.0, 0.0, 0.0, 0.0, 0.0, 0.0, 0.0, 0.0, 0.0, 0.0, 0.0, 0.0, 0.0], [0.0, 0.0, 0.9753168981604388, 0.0, 0.0, 0.0, 0.0, 0.0, 0.0, 0.0, 0.0, 0.0, 0.0, 0.0, 0.0, 0.0, 0.0, 0.0, 0.0, 0.0, 0.0, 0.0, 0.0, 0.0, 0.0, 0.0, 0.0, 0.0, 0.0, 0.0, 0.0, 0.0, 0.0, 0.0, 0.0, 0.0, 0.0, 0.0, 0.0, 0.0, 0.0, 0.0, 0.0, 0.0], [0.0, 0.0, 0.0, 0.9728878524860989, 0.0, 0.0, 0.0, 0.0, 0.0, 0.0, 0.0, 0.0, 0.0, 0.0, 0.0, 0.0, 0.0, 0.0, 0.0, 0.0, 0.0, 0.0, 0.0, 0.0, 0.0, 0.0, 0.0, 0.0, 0.0, 0.0, 0.0, 0.0, 0.0, 0.0, 0.0, 0.0, 0.0, 0.0, 0.0, 0.0, 0.0, 0.0, 0.0, 0.0], [0.0, 0.0, 0.0, 0.972629134278356, 0.0, 0.0, 0.0, 0.0, 0.0, 0.0, 0.0, 0.0, 0.0, 0.0, 0.0, 0.0, 0.0, 0.0, 0.0, 0.0, 0.0, 0.0, 0.0, 0.0, 0.0, 0.0, 0.0, 0.0, 0.0, 0.0, 0.0, 0.0, 0.0, 0.0, 0.0, 0.0, 0.0, 0.0, 0.0, 0.0, 0.0, 0.0, 0.0, 0.0], [0.0, 0.0, 0.0, 0.0, 0.0, 0.0, 0.0, 0.0, 0.9728880683988668, 0.0, 0.0, 0.0, 0.0, 0.0, 0.0, 0.0, 0.0, 0.0, 0.0, 0.0, 0.0, 0.0, 0.0, 0.0, 0.0, 0.0, 0.0, 0.0, 0.0, 0.0, 0.0, 0.0, 0.0, 0.0, 0.0, 0.0, 0.0, 0.0, 0.0, 0.0, 0.0, 0.0, 0.0, 0.0], [0.0, 0.0, 0.0, 0.0, 0.0, 0.0, 0.0, 0.0, 0.9725238677759014, 0.0, 0.0, 0.0, 0.0, 0.0, 0.0, 0.0, 0.0, 0.0, 0.0, 0.0, 0.0, 0.0, 0.0, 0.0, 0.0, 0.0, 0.0, 0.0, 0.0, 0.0, 0.0, 0.0, 0.0, 0.0, 0.0, 0.0, 0.0, 0.0, 0.0, 0.0, 0.0, 0.0, 0.0, 0.0], [0.0, 0.0, 0.0, 0.0, 0.0, 0.0, 0.0, 0.0, 0.0, 0.9753959449823881, 0.0, 0.0, 0.0, 0.0, 0.0, 0.0, 0.0, 0.0, 0.0, 0.0, 0.0, 0.0, 0.0, 0.0, 0.0, 0.0, 0.0, 0.0, 0.0, 0.0, 0.0, 0.0, 0.0, 0.0, 0.0, 0.0, 0.0, 0.0, 0.0, 0.0, 0.0, 0.0, 0.0, 0.0], [0.0, 0.0, 0.0, 0.0, 0.0, 0.0, 0.0, 0.0, 0.0, 0.9753024779070042, 0.0, 0.0, 0.0, 0.0, 0.0, 0.0, 0.0, 0.0, 0.0, 0.0, 0.0, 0.0, 0.0, 0.0, 0.0, 0.0, 0.0, 0.0, 0.0, 0.0, 0.0, 0.0, 0.0, 0.0, 0.0, 0.0, 0.0, 0.0, 0.0, 0.0, 0.0, 0.0, 0.0, 0.0], [0.0, 0.0, 0.0, 0.0, 0.0, 0.0, 0.0, 0.0, 0.0, 0.0, 0.9775261288501386, 0.0, 0.0, 0.0, 0.0, 0.0, 0.0, 0.0, 0.0, 0.0, 0.0, 0.0, 0.0, 0.0, 0.0, 0.0, 0.0, 0.0, 0.0, 0.0, 0.0, 0.0, 0.0, 0.0, 0.0, 0.0, 0.0, 0.0, 0.0, 0.0, 0.0, 0.0, 0.0, 0.0], [0.0, 0.0, 0.0, 0.0, 0.0, 0.0, 0.0, 0.0, 0.0, 0.0, 0.9775260235877877, 0.0, 0.0, 0.0, 0.0, 0.0, 0.0, 0.0, 0.0, 0.0, 0.0, 0.0, 0.0, 0.0, 0.0, 0.0, 0.0, 0.0, 0.0, 0.0, 0.0, 0.0, 0.0, 0.0, 0.0, 0.0, 0.0, 0.0, 0.0, 0.0, 0.0, 0.0, 0.0, 0.0], [0.0, 0.0, 0.0, 0.0, 0.0, 0.0, 0.0, 0.0, 0.0, 0.0, 0.0, 0.9872615731476798, 0.0, 0.0, 0.0, 0.0, 0.0, 0.0, 0.0, 0.0, 0.0, 0.0, 0.0, 0.0, 0.0, 0.0, 0.0, 0.0, 0.0, 0.0, 0.0, 0.0, 0.0, 0.0, 0.0, 0.0, 0.0, 0.0, 0.0, 0.0, 0.0, 0.0, 0.0, 0.0], [0.0, 0.0, 0.0, 0.0, 0.0, 0.0, 0.0, 0.0, 0.0, 0.0, 0.0, 0.9862456455916441, 0.0, 0.0, 0.0, 0.0, 0.0, 0.0, 0.0, 0.0, 0.0, 0.0, 0.0, 0.0, 0.0, 0.0, 0.0, 0.0, 0.0, 0.0, 0.0, 0.0, 0.0, 0.0, 0.0, 0.0, 0.0, 0.0, 0.0, 0.0, 0.0, 0.0, 0.0, 0.0], [0.0, 0.0, 0.0, 0.0, 0.0, 0.0, 0.0, 0.0, 0.0, 0.0, 0.0, 0.9872818236826321, 0.0, 0.0, 0.0, 0.0, 0.0, 0.0, 0.0, 0.0, 0.0, 0.0, 0.0, 0.0, 0.0, 0.0, 0.0, 0.0, 0.0, 0.0, 0.0, 0.0, 0.0, 0.0, 0.0, 0.0, 0.0, 0.0, 0.0, 0.0, 0.0, 0.0, 0.0, 0.0], [0.0, 0.0, 0.0, 0.0, 0.0, 0.0, 0.0, 0.0, 0.0, 0.0, 0.0, 0.0, 0.0, 0.9672213988675827, 0.0, 0.0, 0.0, 0.0, 0.0, 0.0, 0.0, 0.0, 0.0, 0.0, 0.0, 0.0, 0.0, 0.0, 0.0, 0.0, 0.0, 0.0, 0.0, 0.0, 0.0, 0.0, 0.0, 0.0, 0.0, 0.0, 0.0, 0.0, 0.0, 0.0], [0.0, 0.0, 0.0, 0.0, 0.0, 0.0, 0.0, 0.0, 0.0, 0.0, 0.0, 0.0, 0.0, 0.9666842108311449, 0.0, 0.0, 0.0, 0.0, 0.0, 0.0, 0.0, 0.0, 0.0, 0.0, 0.0, 0.0, 0.0, 0.0, 0.0, 0.0, 0.0, 0.0, 0.0, 0.0, 0.0, 0.0, 0.0, 0.0, 0.0, 0.0, 0.0, 0.0, 0.0, 0.0], [0.0, 0.0, 0.0, 0.0, 0.0, 0.0, 0.0, 0.0, 0.0, 0.0, 0.0, 0.0, 0.0, 0.0, 0.9727949186202429, 0.0, 0.0, 0.0, 0.0, 0.0, 0.0, 0.0, 0.0, 0.0, 0.0, 0.0, 0.0, 0.0, 0.0, 0.0, 0.0, 0.0, 0.0, 0.0, 0.0, 0.0, 0.0, 0.0, 0.0, 0.0, 0.0, 0.0, 0.0, 0.0], [0.0, 0.0, 0.0, 0.0, 0.0, 0.0, 0.0, 0.0, 0.0, 0.0, 0.0, 0.0, 0.0, 0.0, 0.9764198804196127, 0.0, 0.0, 0.0, 0.0, 0.0, 0.0, 0.0, 0.0, 0.0, 0.0, 0.0, 0.0, 0.0, 0.0, 0.0, 0.0, 0.0, 0.0, 0.0, 0.0, 0.0, 0.0, 0.0, 0.0, 0.0, 0.0, 0.0, 0.0, 0.0], [0.0, 0.0, 0.0, 0.0, 0.0, 0.0, 0.0, 0.0, 0.0, 0.0, 0.0, 0.0, 0.0, 0.0, 0.0, 0.9761221711150109, 0.0, 0.0, 0.0, 0.0, 0.0, 0.0, 0.0, 0.0, 0.0, 0.0, 0.0, 0.0, 0.0, 0.0, 0.0, 0.0, 0.0, 0.0, 0.0, 0.0, 0.0, 0.0, 0.0, 0.0, 0.0, 0.0, 0.0, 0.0], [0.0, 0.0, 0.0, 0.0, 0.0, 0.0, 0.0, 0.0, 0.0, 0.0, 0.0, 0.0, 0.0, 0.0, 0.0, 0.9772429334850101, 0.0, 0.0, 0.0, 0.0, 0.0, 0.0, 0.0, 0.0, 0.0, 0.0, 0.0, 0.0, 0.0, 0.0, 0.0, 0.0, 0.0, 0.0, 0.0, 0.0, 0.0, 0.0, 0.0, 0.0, 0.0, 0.0, 0.0, 0.0], [0.0, 0.0, 0.0, 0.0, 0.0, 0.0, 0.0, 0.0, 0.0, 0.0, 0.0, 0.0, 0.0, 0.0, 0.0, 0.0, 0.9870818089382958, 0.0, 0.0, 0.0, 0.0, 0.0, 0.0, 0.0, 0.0, 0.0, 0.0, 0.0, 0.0, 0.0, 0.0, 0.0, 0.0, 0.0, 0.0, 0.0, 0.0, 0.0, 0.0, 0.0, 0.0, 0.0, 0.0, 0.0], [0.0, 0.0, 0.0, 0.0, 0.0, 0.0, 0.0, 0.0, 0.0, 0.0, 0.0, 0.0, 0.0, 0.0, 0.0, 0.0, 0.9863462403600519, 0.0, 0.0, 0.0, 0.0, 0.0, 0.0, 0.0, 0.0, 0.0, 0.0, 0.0, 0.0, 0.0, 0.0, 0.0, 0.0, 0.0, 0.0, 0.0, 0.0, 0.0, 0.0, 0.0, 0.0, 0.0, 0.0, 0.0], [0.0, 0.0, 0.0, 0.0, 0.0, 0.0, 0.0, 0.0, 0.0, 0.0, 0.0, 0.0, 0.0, 0.0, 0.0, 0.0, 0.9867512304774035, 0.0, 0.0, 0.0, 0.0, 0.0, 0.0, 0.0, 0.0, 0.0, 0.0, 0.0, 0.0, 0.0, 0.0, 0.0, 0.0, 0.0, 0.0, 0.0, 0.0, 0.0, 0.0, 0.0, 0.0, 0.0, 0.0, 0.0]], "Born radii": [], "Atomic SASAs": [], "Solvent H bonds": [], "Total SASA": NaN, "Total FOD": 0.0, "FOD": [0.0, 0.0, 0.0, 0.0, 0.0, 0.0, 0.0, 0.0, 0.0, 0.0, 0.0, 0.0, 0.0, 0.0, 0.0, 0.0, 0.0, 0.0, 0.0, 0.0, 0.0, 0.0, 0.0, 0.0, 0.0, 0.0, 0.0, 0.0, 0.0, 0.0, 0.0, 0.0, 0.0, 0.0, 0.0, 0.0, 0.0, 0.0, 0.0, 0.0, 0.0, 0.0, 0.0, 0.0], "FOD s proportion": [0.0, 0.0, 0.0, 0.0, 0.0, 0.0, 0.0, 0.0, 0.0, 0.0, 0.0, 0.0, 0.0, 0.0, 0.0, 0.0, 0.0, 0.0, 0.0, 0.0, 0.0, 0.0, 0.0, 0.0, 0.0, 0.0, 0.0, 0.0, 0.0, 0.0, 0.0, 0.0, 0.0, 0.0, 0.0, 0.0, 0.0, 0.0, 0.0, 0.0, 0.0, 0.0, 0.0, 0.0], "FOD p proportion": [0.0, 0.0, 0.0, 0.0, 0.0, 0.0, 0.0, 0.0, 0.0, 0.0, 0.0, 0.0, 0.0, 0.0, 0.0, 0.0, 0.0, 0.0, 0.0, 0.0, 0.0, 0.0, 0.0, 0.0, 0.0, 0.0, 0.0, 0.0, 0.0, 0.0, 0.0, 0.0, 0.0, 0.0, 0.0, 0.0, 0.0, 0.0, 0.0, 0.0, 0.0, 0.0, 0.0, 0.0], "FOD d proportion": [0.0, 0.0, 0.0, 0.0, 0.0, 0.0, 0.0, 0.0, 0.0, 0.0, 0.0, 0.0, 0.0, 0.0, 0.0, 0.0, 0.0, 0.0, 0.0, 0.0, 0.0, 0.0, 0.0, 0.0, 0.0, 0.0, 0.0, 0.0, 0.0, 0.0, 0.0, 0.0, 0.0, 0.0, 0.0, 0.0, 0.0, 0.0, 0.0, 0.0, 0.0, 0.0, 0.0, 0.0], "coordinates": [["6.45780", "-1.99140", "0.47040"], ["5.27780", "-1.10570", "0.10330"], ["4.00340", "-1.53900", "0.83070"], ["2.82850", "-0.64140", "0.45260"], ["1.32750", "-1.16780", "1.32220"], ["-0.11440", "0.20010", "0.67040"], ["-0.06260", "0.28920", "-0.83120"], ["-2.01650", "-0.44720", "1.25160"], ["-2.31250", "-1.88810", "0.19230"], ["-3.67520", "-2.50240", "0.50050"], ["-3.93850", "-3.72040", "-0.38710"], ["-5.29340", "-4.34340", "-0.09110"], ["0.27400", "2.08190", "1.49760"], ["-0.77970", "3.21520", "0.55200"], ["-0.03890", "3.75370", "-0.67010"], ["-0.92300", "4.62750", "-1.56490"], ["-1.38310", "5.91320", "-0.89530"], ["7.35710", "-1.66380", "-0.06050"], ["6.66240", "-1.94680", "1.54490"], ["6.26460", "-3.03440", "0.20000"], ["5.51600", "-0.06610", "0.35680"], ["5.12030", "-1.14770", "-0.98080"], ["4.17590", "-1.49820", "1.91370"], ["3.77940", "-2.58200", "0.57350"], ["3.04270", "0.39890", "0.71640"], ["2.64410", "-0.68760", "-0.62540"], ["-1.51690", "-2.62020", "0.36180"], ["-2.26500", "-1.57030", "-0.85400"], ["-3.72170", "-2.80790", "1.55350"], ["-4.46830", "-1.76130", "0.33900"], ["-3.15550", "-4.47150", "-0.23050"], ["-3.90060", "-3.42700", "-1.44270"], ["-5.35280", "-4.67740", "0.94970"], ["-5.46050", "-5.21150", "-0.73640"], ["-6.10190", "-3.62720", "-0.26910"], ["-1.69730", "2.69690", "0.25790"], ["-1.05900", "4.03460", "1.22090"], ["0.33280", "2.92270", "-1.28130"], ["0.83820", "4.33270", "-0.35430"], ["-0.35450", "4.88830", "-2.46570"], ["-1.79750", "4.05580", "-1.89700"], ["-0.53020", "6.49020", "-0.52430"], ["-2.05580", "5.71060", "-0.05700"], ["-1.92700", "6.53600", "-1.61280"]], "bond_dist": [[0.0, 1.5204035319611697, 2.5216187677759696, 3.8722907083533897, 5.265345030479959, 6.930835814676322, 7.029289799119112, 8.64919577590888, 8.775316096301031, 10.14592115137901, 10.573920793158987, 11.997411707947677, 7.475713689675388, 8.916094905843028, 8.747229569983858, 10.120696218146259, 11.217288017163506, 1.0944939744009559, 1.0947148350141236, 1.0946649715780625, 2.146315980931046, 2.146326484950507, 2.7447092268581015, 2.7446793127795455, 4.1757583862096235, 4.17671878033463, 8.000188965893242, 8.832813844409946, 10.269469222408722, 10.929312566671337, 9.952773166811347, 10.630961834660116, 12.121658172461391, 12.404486492394595, 12.687346687940705, 9.409089708893204, 9.663240061697731, 8.045648308247136, 8.500251470397803, 10.117232160526909, 10.503484597503821, 11.034451080593, 11.492621098774638, 12.139239846052964], [1.5204035319611697, 0.0, 1.530017977018571, 2.5172714335168545, 4.134542744971927, 5.576964845684434, 5.598116506468939, 7.413435615826173, 7.631036944609821, 9.069991605839556, 9.592566598152969, 11.057611048051927, 6.094495934037532, 7.454181024767242, 7.2442539167260005, 8.608274747009414, 9.727782274496073, 2.15911892678472, 2.1685886954422684, 2.168642160431269, 1.096252548457699, 1.096286030194675, 2.155409014549211, 2.155400726083203, 2.7632200020990005, 2.7644505765160643, 6.966238625686031, 7.617487006224559, 9.273163706632165, 9.770968788201097, 9.086285322946885, 9.59278772047, 11.246470122220572, 11.52708881808412, 11.661655804387301, 7.9457968719317265, 8.235699611447712, 6.526725727345987, 7.035313815317694, 8.616878802095338, 8.983437673296342, 9.582507112963704, 10.01345748180917, 10.641885224902587], [2.5216187677759696, 1.530017977018571, 0.0, 1.5261177477508083, 2.7458700806848095, 4.472856105443142, 4.757791803977975, 6.13256716718211, 6.3576739598692855, 7.745842082046341, 8.325582166431367, 9.754222923431678, 5.240619885089931, 6.749676802632849, 6.826804759182732, 8.248274884483422, 9.355679723568993, 3.472335837732289, 2.7832828602210014, 2.7833485390802206, 2.1637870458989257, 2.1638192045547617, 1.097410538495052, 1.0973499168451237, 2.1659790834631805, 2.166288452630443, 5.644694211381162, 6.490919221497061, 7.861915610078754, 8.488868421055896, 7.808684325800346, 8.438371143769395, 9.869254987079826, 10.27173120121433, 10.377245654315022, 7.1252318657009335, 7.5395733805037, 6.151472608245931, 6.774922651218978, 8.43609688540856, 8.50838263949148, 9.319742839799819, 9.48992181685392, 10.312417825611993], [3.8722907083533897, 2.5172714335168545, 1.5261177477508083, 0.0, 1.812816074509491, 3.0685859121100063, 3.297365313397956, 4.914279157719879, 5.296404250054937, 6.764889437381811, 7.48181970445693, 8.942352783244464, 3.8773519494624162, 5.282267615333399, 5.366501845709176, 6.775349858863379, 7.906781274956327, 4.670844819730153, 4.19475597144816, 4.194882473919859, 2.750055268535525, 2.7501495395705304, 2.1643489113356935, 2.164429712418493, 1.0943930601022651, 1.09463318056781, 4.7756041753897485, 5.339831553523014, 6.986474296810946, 7.383113923677461, 7.137544929455786, 7.525457877099572, 9.13619582211327, 9.539761842415144, 9.443934386154956, 5.627168081726367, 6.129267259632264, 4.68377374667052, 5.4179380312070755, 7.016091930697601, 6.9988701945385445, 7.9432309459060795, 8.028946546714582, 8.854136218175096], [5.265345030479959, 4.134542744971927, 2.7458700806848095, 1.812816074509491, 0.0, 2.0916666225763607, 2.9482806124926437, 3.4214886701551417, 3.878802147570819, 5.24245699457802, 6.096575206622157, 7.477845215033539, 3.420698393603271, 4.923838835705328, 5.482469379759452, 6.854604200827353, 7.899697437876972, 6.205960961043825, 5.396072117753802, 5.396154631772518, 4.43725954841499, 4.437290259832007, 2.9278693567165877, 2.9278536404677062, 2.4007193859341416, 2.399411044402355, 3.335033025323737, 4.219467850333737, 5.313929651397353, 5.908487296254432, 5.781228241472568, 6.331009892584278, 7.5552932769019625, 8.164942599308338, 7.986042099187807, 5.021758219986302, 5.724561965775198, 4.949730355281992, 5.77109755505831, 7.3385051352438255, 6.88584567064932, 8.093551478800885, 7.78853632526677, 8.863099327549026], [6.930835814676322, 5.576964845684434, 4.472856105443142, 3.0685859121100063, 2.0916666225763607, 0.0, 1.5051327549422344, 2.0915963138234877, 3.069332575658754, 4.47344038744231, 5.577846117454299, 6.931472823289434, 2.0919573705025636, 3.089898163370437, 3.798777890322097, 5.025163759520679, 6.05809605321672, 7.73509213067304, 7.162328399340538, 7.16762913451861, 5.645406235161469, 5.652000563517311, 4.778775143276779, 4.786559146192596, 3.163687381837845, 3.1743394872004473, 3.164858970001665, 3.1754042073411695, 4.779178056946613, 4.7867902742861, 5.646570337824545, 5.652995352908049, 7.163019565797653, 7.735973501118007, 7.168057044276363, 2.9849185751038503, 3.9873186052784897, 3.3795963501578115, 4.363008091901733, 5.645528359684326, 4.928568845009675, 6.41603894470724, 5.887593308814732, 6.97439243303673], [7.029289799119112, 5.598116506468939, 4.757791803977975, 3.297365313397956, 2.9482806124926437, 1.5051327549422344, 0.0, 2.949248380520027, 3.293969876911445, 4.755768519387797, 5.594346948482906, 7.026378826251826, 2.9581045096480283, 3.3149586196512315, 3.468324545079367, 4.483241097688145, 5.777300845550627, 7.711039850759429, 7.474702148580905, 7.2210214125149905, 5.7147493427096165, 5.380475274545921, 5.356692731527542, 4.997793065944208, 3.4713092544456483, 2.884911917199553, 3.4645123538529923, 2.8825033998245346, 5.354235268458045, 4.998410825452426, 5.708864632306497, 5.37720361247368, 7.471608689566123, 7.707399817058928, 7.219923120089299, 3.107314304990726, 4.385424555273982, 2.700787555510429, 4.169983992775032, 4.889633592612027, 4.281714984676117, 6.226173654018975, 5.827847787991722, 6.56577460472106], [8.64919577590888, 7.413435615826173, 6.13256716718211, 4.914279157719879, 3.4214886701551417, 2.0915963138234877, 2.949248380520027, 0.0, 1.8127121393094932, 2.7457756536177533, 4.134399585187673, 5.265101265882737, 3.421001762642048, 3.92839511251096, 5.025076463099841, 5.9060134261615085, 6.742778606034754, 9.542855910575199, 8.812385049463058, 8.739341142786452, 7.595028670123636, 7.5105408759955505, 6.3157576877204535, 6.213666185111652, 5.157308298909423, 5.030120626784213, 2.4006818198170286, 2.39930348643101, 2.9277559905156028, 2.9276305794959856, 4.437221191241203, 4.4371492357143, 5.395983074473085, 6.20579040010215, 5.395870796266345, 3.3128074408271906, 4.5830426552673496, 4.82607696892621, 5.7944517350651905, 6.711789890930734, 5.49896826322902, 7.313715010854606, 6.295433209081008, 7.5483693503961495], [8.775316096301031, 7.631036944609821, 6.3576739598692855, 5.296404250054937, 3.878802147570819, 3.069332575658754, 3.293969876911445, 1.8127121393094932, 0.0, 1.5262054317817113, 2.517320728473033, 3.8722833651477524, 4.914742143795542, 5.340648913755706, 6.1435248807179095, 6.889956854001337, 7.931389525801894, 9.67550424990863, 9.076442169705043, 8.653363934909937, 8.039412696211086, 7.561142215961819, 6.724178353523946, 6.143130819053099, 5.8466415017512405, 5.16504763772804, 1.0943856815583801, 1.0945303924514842, 2.1644265106489526, 2.16450289212096, 2.750157159145637, 2.7501817794465877, 4.19491040905524, 4.670907326205477, 4.194867236278164, 4.626553728208504, 6.140655950303681, 5.684444184790628, 6.994571801761706, 7.537793109392164, 6.321419674408589, 8.59569774596571, 7.607120813422119, 8.623946722353981], [10.14592115137901, 9.069991605839556, 7.745842082046341, 6.764889437381811, 5.24245699457802, 4.47344038744231, 4.755768519387797, 2.7457756536177533, 1.5262054317817113, 0.0, 1.5299296225643846, 2.521476313590909, 6.132389056477092, 6.409174850165971, 7.3301957177145, 7.916814764158627, 8.833136668817028, 11.078339868861217, 10.405067826785176, 9.95856155727322, 9.509698461044914, 9.021656279752627, 8.040231532113985, 7.455382372487677, 7.320815180702215, 6.67043494383987, 2.165957852775533, 2.166135891397398, 1.097406715853334, 1.097414721060366, 2.1637476516451724, 2.1637274689757025, 2.783297935902658, 3.472238544512747, 2.7832233273670295, 5.568093359490302, 7.077842015755933, 6.976430695563455, 8.235293231573483, 8.62831602457861, 7.230750360785525, 9.581654074323493, 8.389674106304726, 9.445364719797748], [10.573920793158987, 9.592566598152969, 8.325582166431367, 7.48181970445693, 6.096575206622157, 5.577846117454299, 5.594346948482906, 4.134399585187673, 2.517320728473033, 1.5299296225643846, 0.0, 1.5203614734660966, 7.413766629048962, 7.678702599397896, 8.434994959690256, 8.953652187794656, 9.979708681118902, 11.485941427675836, 10.920501901011692, 10.242974764198141, 10.16340818574163, 9.435736453504834, 8.722117910232583, 7.8603236148392766, 8.18067834473401, 7.2515712428410986, 2.7632295977714194, 2.7643313603835558, 2.1553623477271753, 2.1554540264176367, 1.0962498665906415, 1.0962715585109377, 2.1686695760304286, 2.1591372582584922, 2.1686193303574512, 6.82793832207058, 8.42717089241698, 7.948230931471481, 9.363245075293074, 9.553813356456155, 8.205666667005186, 10.765300046445523, 9.622748375594158, 10.52341264514511], [11.997411707947677, 11.057611048051927, 9.754222923431678, 8.942352783244464, 7.477845215033539, 6.931472823289434, 7.026378826251826, 5.265101265882737, 3.8722833651477524, 2.521476313590909, 1.5203614734660966, 0.0, 8.648953147057743, 8.827202232870844, 9.669955514892505, 10.08709717460876, 11.006135892764544, 12.931215827214393, 12.302899706979652, 11.635531109923605, 11.63353076499134, 10.929282330967574, 10.088707973273882, 9.266062969783878, 9.62455343119877, 8.75524165171927, 4.175702204420234, 4.176518475955781, 2.744578346486032, 2.744634115870456, 2.146266148454101, 2.1462766270916713, 1.094691280681453, 1.0945008497027309, 1.094668301358909, 7.913252194894334, 9.478521580921784, 9.26644007642633, 10.627346988312745, 10.735722763745345, 9.275190146837963, 11.842407924066794, 10.562487044725783, 11.489541514351215], [7.475713689675388, 6.094495934037532, 5.240619885089931, 3.8773519494624162, 3.420698393603271, 2.0919573705025636, 2.9581045096480283, 3.421001762642048, 4.914742143795542, 6.132389056477092, 7.413766629048962, 8.648953147057743, 0.0, 1.8135081858100337, 2.7553121311386843, 4.15834036726192, 4.811528916051529, 8.162612921730393, 7.552768733385129, 7.9842081517204955, 5.778744901793122, 6.329250066951061, 5.3117867831832255, 5.9070934629477465, 3.3329359624811277, 4.218368554311015, 5.158207911668548, 5.031412167572838, 6.314973265184897, 6.2130467155816556, 7.595712699938038, 7.511366617334025, 8.811878865486065, 9.543004233992564, 8.738830156834494, 2.408548272300142, 2.3804388628990245, 2.903908967237093, 2.9688307277445105, 4.896798964629853, 4.43967370647889, 4.916088500017061, 4.583908036817493, 5.8615694118554975], [8.916094905843028, 7.454181024767242, 6.749676802632849, 5.282267615333399, 4.923838835705328, 3.089898163370437, 3.3149586196512315, 3.92839511251096, 5.340648913755706, 6.409174850165971, 7.678702599397896, 8.827202232870844, 1.8135081858100337, 0.0, 1.5271854176883697, 2.5488020303664234, 3.1205725195867506, 9.507224173753345, 9.11136360925191, 9.423564434437745, 7.102173696833948, 7.49629056600663, 6.973402168955983, 7.3751869739010685, 4.750717294261994, 5.323581974573135, 5.884856246332616, 5.204225431320207, 6.777617565192063, 6.198119973830774, 8.083445353313152, 7.6051078716872915, 9.130418591718565, 9.725180517090672, 8.707379388197117, 1.0941295444324681, 1.09400734001194, 2.1643015940482973, 2.165129638151028, 3.476574742472827, 2.78210822938289, 3.456341554302757, 2.8681585329266586, 4.126786760907328], [8.747229569983858, 7.2442539167260005, 6.826804759182732, 5.366501845709176, 5.482469379759452, 3.798777890322097, 3.468324545079367, 5.025076463099841, 6.1435248807179095, 7.3301957177145, 8.434994959690256, 9.669955514892505, 2.7553121311386843, 1.5271854176883697, 0.0, 1.5316090525979535, 2.55363053905611, 9.188130082339931, 9.072449886331697, 9.304272559958676, 6.819260198877881, 7.123033138347736, 7.212698183758974, 7.501136603208876, 4.761651378461048, 5.188991499318534, 6.62388879888544, 5.773587829071278, 7.846146019543608, 7.1451446570380925, 8.806835910813826, 8.189755194143473, 10.096768416676694, 10.477258863366886, 9.560253909285047, 2.174465635506802, 2.166884819273973, 1.0964886365120252, 1.0973946646489585, 2.1473471726760907, 2.1654611471924405, 2.784073558654656, 2.876323144224237, 3.492105122988138], [10.120696218146259, 8.608274747009414, 8.248274884483422, 6.775349858863379, 6.854604200827353, 5.025163759520679, 4.483241097688145, 5.9060134261615085, 6.889956854001337, 7.916814764158627, 8.953652187794656, 10.08709717460876, 4.15834036726192, 2.5488020303664234, 1.5316090525979535, 0.0, 1.5208815404231844, 10.50731797653426, 10.508595038824172, 10.652754450375735, 8.196556157923888, 8.379473893986425, 8.696185351060544, 8.869171921323884, 6.229940941935165, 6.469710246216596, 7.522901394408942, 6.381149398815233, 8.53477084695307, 7.550546519292495, 9.46342858640567, 8.588131627426305, 10.60789824658966, 10.866519198897134, 9.83057347971114, 2.765747040132196, 2.851439645161721, 2.136306541674205, 2.157379159999466, 1.0966537876650042, 1.096303584779326, 2.169514113805208, 2.1748801944015215, 2.1570078024893644], [11.217288017163506, 9.727782274496073, 9.355679723568993, 7.906781274956327, 7.899697437876972, 6.05809605321672, 5.777300845550627, 6.742778606034754, 7.931389525801894, 8.833136668817028, 9.979708681118902, 11.006135892764544, 4.811528916051529, 3.1205725195867506, 2.55363053905611, 1.5208815404231844, 0.0, 11.597366773539585, 11.509311286519276, 11.82144420703325, 9.215