{"total energy": -32.51681939, "HOMO-LUMO gap/eV": 3.84930761, "electronic energy": -32.95015204, "dipole": [0.40535219, -0.49342543, 1.12172968], "partial charges": [-0.09928043, -0.05159263, -0.05699066, -0.05799513, -0.05740838, -0.05264512, -0.08331527, 0.2349906, -0.36440693, -0.13634863, 0.03302392, 0.02951341, 0.03206461, 0.02996435, 0.02706674, 0.02890011, 0.02820277, 0.0305202, 0.03329944, 0.02397837, 0.04046151, 0.02972442, 0.0501987, 0.05414038, 0.05892458, 0.06843373, 0.063787, 0.06278833], "atomic dipole moments": [[0.04989045, 0.07777155, -0.04064543], [0.04374912, -0.06704294, 0.07785292], [-0.02880374, -0.08877362, -0.05806703], [0.03447456, 0.09368722, 0.05493079], [-0.02643289, -0.10020564, -0.0496866], [0.05527869, 0.0928266, 0.06432346], [-0.0350078, 0.03584457, -0.07076927], [-0.00388, 0.01104067, -0.01134162], [0.05463764, -0.05870723, 0.14177291], [-0.06921303, -0.03455365, -0.0173257], [0.04999234, -0.11142166, -0.03102658], [-0.11670372, -0.00088683, -0.04294889], [-0.00664117, 0.00825979, 0.12557385], [0.00200193, -0.01236263, -0.12357767], [-0.06306436, 0.10115892, 0.0196802], [0.04382344, 0.1052268, -0.0441341], [-0.00500348, 0.01859069, 0.12228708], [-0.04033297, -0.10496849, 0.05104748], [0.00189258, -0.02025613, -0.12361893], [-0.00233199, 0.0200274, 0.12072935], [0.04191149, 0.10897187, -0.05088358], [-0.04137615, -0.10114284, 0.05136565], [-0.00266159, -0.02464503, -0.12713194], [-0.00500822, 0.03924577, 0.12472101], [0.06063319, -0.11519014, -0.00719917], [0.05495708, 0.09020338, -0.08124125], [0.08348576, -0.10641792, 0.00561204], [-0.02095844, 0.06082708, 0.11819783]], "atomic quadrupole moments": [[-0.01893884, 0.12763679, 0.0825399, -0.05987716, -0.11335407, -0.06360106], [0.12963864, 0.14840773, -0.00933035, 0.04940345, -0.09099805, -0.12030829], [0.17742579, -0.10305473, -0.01799546, 0.07506736, 0.07192289, -0.15943033], [0.19138688, -0.08587931, -0.00730588, 0.06406486, 0.09159144, -0.184081], [0.18479591, -0.10076818, -0.00975259, 0.06324058, 0.0954901, -0.17504331], [0.20681332, -0.0823765, -0.01761743, 0.07407529, 0.06844478, -0.18919589], [0.12390984, 0.12575364, -0.06293957, 0.04743163, -0.11525809, -0.06097027], [-0.09882032, -0.31665287, 0.2114387, -0.20422174, 0.34958871, -0.11261838], [-0.04557645, -0.14142729, 0.09168649, -0.08649497, 0.14838355, -0.04611005], [0.1335171, 0.07914116, -0.1019046, 0.13530874, 0.01580192, -0.0316125], [-0.00775462, -0.04814093, 0.04192308, -0.02839863, 0.02075939, -0.03416846], [0.06420493, 6.951e-05, -0.03326967, 0.04545272, -0.01335883, -0.03093526], [-0.04882117, 0.01000451, -0.03032444, 0.00241065, 0.01743999, 0.07914561], [-0.02425896, 0.01256898, -0.02703318, -0.01454092, 0.02108715, 0.05129213], [0.00851312, -0.02543543, 0.03484122, -0.01547137, 0.02199175, -0.04335434], [0.00065502, 0.02146914, 0.0233202, -0.01714948, -0.03897083, -0.02397521], [-0.02242596, -0.01200213, -0.03648246, -0.00781803, -0.00311866, 0.05890842], [-0.00851736, 0.02158006, 0.02127315, -0.01656979, -0.03835953, -0.0127558], [-0.02191789, -0.00552805, -0.03472991, -0.00382696, 0.00242234, 0.05664779], [-0.02443631, -0.00624361, -0.03493848, -0.00367809, 0.00269795, 0.05937479], [-0.00790644, 0.02016224, 0.01734655, -0.01599704, -0.037346, -0.00944012], [-0.00331246, 0.01695402, 0.02395674, -0.01978077, -0.04328628, -0.02064428], [-0.01951354, -0.00850639, -0.03373473, -0.00719772, 0.00207625, 0.05324826], [-0.00702065, 0.01380307, -0.04290285, -0.0047294, 0.03655972, 0.0499235], [0.01728376, -0.0343456, 0.04140177, 0.00617099, 0.01143545, -0.05868553], [-0.01699903, 0.03524185, 0.00762885, -0.02221323, -0.05239705, 0.00937018], [0.00365153, -0.05384995, 0.04686567, 0.00585666, -0.02052123, -0.0505172], [-0.04064456, 0.00617861, -0.02699509, -0.02502265, 0.04100166, 0.06763966]], "number of molecular orbitals": 58, "number of electrons": 60, "number of unpaired electrons": 0, "orbital energies/eV": [-19.07824658, -17.42155823, -17.08633839, -16.82786937, -16.56343969, -16.11197278, -15.70201235, -15.37291761, -15.1538876, -14.86511229, -14.69038734, -14.66114042, -13.9815331, -13.93578704, -13.6959663, -13.44036398, -13.37461551, -13.09267546, -12.96703709, -12.87926309, -12.73975179, -12.52744522, -12.19106852, -12.09412134, -11.91834164, -11.61154015, -11.51125692, -11.33857843, -11.25310213, -10.71929118, -6.86998357, 1.32691239, 1.76452128, 2.73753, 2.86725823, 3.28251191, 3.52461122, 3.66302651, 3.71097421, 3.85949116, 4.06808615, 4.26625766, 4.52237289, 4.62369319, 4.99462537, 5.07759007, 5.54014825, 5.67318431, 5.8333251, 6.10997524, 6.74912747, 6.83541596, 7.05901161, 7.43508707, 7.69428199, 8.01073506, 8.51337949, 15.17711671], "fractional occupation": [2.0, 2.0, 2.0, 2.0, 2.0, 2.0, 2.0, 2.0, 2.0, 2.0, 2.0, 2.0, 2.0, 2.0, 2.0, 2.0, 2.0, 2.0, 2.0, 2.0, 2.0, 2.0, 2.0, 2.0, 2.0, 2.0, 2.0, 2.0, 2.0, 2.0, 0.0, 0.0, 0.0, 0.0, 0.0, 0.0, 0.0, 0.0, 0.0, 0.0, 0.0, 0.0, 0.0, 0.0, 0.0, 0.0, 0.0, 0.0, 0.0, 0.0, 0.0, 0.0, 0.0, 0.0, 0.0, 0.0, 0.0, 0.0], "program call": "xtb /home/svss/Project-DBcg-Debug/aqme2_20220329/End-to-End-workflows-final/example-3/QDESCP/mol_949_rdkit_conf_10/mol_949_rdkit_conf_10.xyz --pop --wbo --acc 0.2 --gfn 2 --chrg 0 --uhf 0 --etemp 300 --input /home/svss/Project-DBcg-Debug/aqme2_20220329/End-to-End-workflows-final/example-3/QDESCP/mol_949_rdkit_conf_10/mol_949_rdkit_conf_10_xtb.inp", "method": "GFN2-xTB", "xtb version": "6.3.3 (7355c4f)", "Dipole module/D": 3.281, "Total charge": 0, "Transition dipole module/D": NaN, "HOMO": -10.7193, "LUMO": -6.87, "HOMO occupancy": 2.0, "LUMO occupancy": 0, "mulliken charges": [-0.08502, -0.03875, -0.0466, -0.04559, -0.04659, -0.03246, -0.08489, 0.39776, -0.49366, -0.12673, 0.02631, 0.02774, 0.02597, 0.02367, 0.0231, 0.02609, 0.02117, 0.02048, 0.02738, 0.01693, 0.03706, 0.02247, 0.04246, 0.04087, 0.05125, 0.06423, 0.05339, 0.05196], "cm5 charges": [-0.23547, -0.15114, -0.15715, -0.15643, -0.15667, -0.14093, -0.18705, 0.41287, -0.54545, -0.2685, 0.07806, 0.07852, 0.07738, 0.07827, 0.07731, 0.08102, 0.07638, 0.07644, 0.0829, 0.07243, 0.09518, 0.07747, 0.1005, 0.09734, 0.1073, 0.1189, 0.10599, 0.10452], "FUKUI+": [0.005, 0.003, 0.002, 0.004, 0.007, 0.022, 0.029, -0.195, -0.297, 0.051, 0.001, -0.013, -0.005, -0.005, -0.013, -0.001, -0.008, -0.017, -0.009, -0.018, 0.013, -0.054, -0.021, -0.092, -0.097, -0.077, -0.108, -0.107], "FUKUI-": [0.016, 0.006, 0.008, 0.002, 0.009, 0.011, -0.003, -0.024, -0.125, 0.002, -0.065, -0.048, -0.047, -0.056, -0.09, -0.042, -0.04, -0.051, -0.038, -0.04, -0.047, -0.061, -0.032, -0.045, -0.055, -0.043, -0.052, -0.048], "FUKUIrad": [0.01, 0.005, 0.005, 0.003, 0.008, 0.016, 0.013, -0.11, -0.211, 0.027, -0.032, -0.031, -0.026, -0.031, -0.051, -0.022, -0.024, -0.034, -0.023, -0.029, -0.017, -0.057, -0.027, -0.069, -0.076, -0.06, -0.08, -0.077], "s proportion": [1.007, 1.027, 1.032, 1.032, 1.033, 1.028, 1.042, 1.076, 1.739, 1.022, 0.974, 0.972, 0.974, 0.976, 0.977, 0.974, 0.979, 0.98, 0.973, 0.983, 0.963, 0.978, 0.958, 0.959, 0.949, 0.936, 0.947, 0.948], "p proportion": [3.078, 3.012, 3.015, 3.014, 3.014, 3.004, 3.043, 2.527, 4.754, 3.105, 0.0, 0.0, 0.0, 0.0, 0.0, 0.0, 0.0, 0.0, 0.0, 0.0, 0.0, 0.0, 0.0, 0.0, 0.0, 0.0, 0.0, 0.0], "d proportion": [0.0, 0.0, 0.0, 0.0, 0.0, 0.0, 0.0, 0.0, 0.0, 0.0, 0.0, 0.0, 0.0, 0.0, 0.0, 0.0, 0.0, 0.0, 0.0, 0.0, 0.0, 0.0, 0.0, 0.0, 0.0, 0.0, 0.0, 0.0], "Fermi-level/eV": -8.7946, "Coordination numbers": [3.749, 3.799, 3.801, 3.801, 3.801, 3.801, 3.802, 2.809, 0.857, 3.751, 0.924, 0.924, 0.924, 0.924, 0.924, 0.924, 0.924, 0.924, 0.924, 0.924, 0.924, 0.924, 0.924, 0.924, 0.924, 0.924, 0.924, 0.924], "Dispersion coefficient C6": [22.461, 21.502, 21.599, 21.618, 21.607, 21.519, 22.089, 23.085, 20.983, 23.187, 2.544, 2.593, 2.557, 2.587, 2.629, 2.602, 2.612, 2.579, 2.54, 2.674, 2.443, 2.591, 2.318, 2.269, 2.212, 2.103, 2.155, 2.167], "Total dispersion C6": 5608.361887, "Total dispersion C8": 119230.332214, "Polarizability alpha": [6.759, 6.602, 6.617, 6.62, 6.618, 6.605, 6.691, 7.872, 6.141, 6.867, 2.494, 2.518, 2.501, 2.515, 2.535, 2.523, 2.528, 2.512, 2.492, 2.557, 2.444, 2.517, 2.381, 2.356, 2.326, 2.268, 2.296, 2.302], "Total polarizability alpha": 111.457528, "Wiberg matrix": [[0.0, 1.0209624420474723, 0.0, 0.0, 0.0, 0.0, 0.0, 0.0, 0.0, 0.0, 0.9861503332612237, 0.9873921059949, 0.9874641934470083, 0.0, 0.0, 0.0, 0.0, 0.0, 0.0, 0.0, 0.0, 0.0, 0.0, 0.0, 0.0, 0.0, 0.0, 0.0], [1.0209624420474723, 0.0, 1.0069009337178485, 0.0, 0.0, 0.0, 0.0, 0.0, 0.0, 0.0, 0.0, 0.0, 0.0, 0.977800749618322, 0.9781435439799705, 0.0, 0.0, 0.0, 0.0, 0.0, 0.0, 0.0, 0.0, 0.0, 0.0, 0.0, 0.0, 0.0], [0.0, 1.0069009337178485, 0.0, 1.0080020221458568, 0.0, 0.0, 0.0, 0.0, 0.0, 0.0, 0.0, 0.0, 0.0, 0.0, 0.0, 0.9771170475257347, 0.9772673476890346, 0.0, 0.0, 0.0, 0.0, 0.0, 0.0, 0.0, 0.0, 0.0, 0.0, 0.0], [0.0, 0.0, 1.0080020221458568, 0.0, 1.0068205786176019, 0.0, 0.0, 0.0, 0.0, 0.0, 0.0, 0.0, 0.0, 0.0, 0.0, 0.0, 0.0, 0.975689314137624, 0.97708925042203, 0.0, 0.0, 0.0, 0.0, 0.0, 0.0, 0.0, 0.0, 0.0], [0.0, 0.0, 0.0, 1.0068205786176019, 0.0, 1.0077852927311381, 0.0, 0.0, 0.0, 0.0, 0.0, 0.0, 0.0, 0.0, 0.0, 0.0, 0.0, 0.0, 0.0, 0.9774562835723348, 0.9764458886895137, 0.0, 0.0, 0.0, 0.0, 0.0, 0.0, 0.0], [0.0, 0.0, 0.0, 0.0, 1.0077852927311381, 0.0, 1.0065456317736377, 0.0, 0.0, 0.0, 0.0, 0.0, 0.0, 0.0, 0.0, 0.0, 0.0, 0.0, 0.0, 0.0, 0.0, 0.9768617664270405, 0.9746781030819787, 0.0, 0.0, 0.0, 0.0, 0.0], [0.0, 0.0, 0.0, 0.0, 0.0, 1.0065456317736377, 0.0, 0.9922994496430622, 0.0, 0.0, 0.0, 0.0, 0.0, 0.0, 0.0, 0.0, 0.0, 0.0, 0.0, 0.0, 0.0, 0.0, 0.0, 0.9582906063597383, 0.9467655685520682, 0.0, 0.0, 0.0], [0.0, 0.0, 0.0, 0.0, 0.0, 0.0, 0.9922994496430622, 0.0, 1.8575706919052701, 1.008054751121793, 0.0, 0.0, 0.0, 0.0, 0.0, 0.0, 0.0, 0.0, 0.0, 0.0, 0.0, 0.0, 0.0, 0.0, 0.0, 0.0, 0.0, 0.0], [0.0, 0.0, 0.0, 0.0, 0.0, 0.0, 0.0, 1.8575706919052701, 0.0, 0.0, 0.0, 0.0, 0.0, 0.0, 0.0, 0.0, 0.0, 0.0, 0.0, 0.0, 0.0, 0.0, 0.0, 0.0, 0.0, 0.0, 0.0, 0.0], [0.0, 0.0, 0.0, 0.0, 0.0, 0.0, 0.0, 1.008054751121793, 0.0, 0.0, 0.0, 0.0, 0.0, 0.0, 0.0, 0.0, 0.0, 0.0, 0.0, 0.0, 0.0, 0.0, 0.0, 0.0, 0.0, 0.982856395138693, 0.9623087990651812, 0.9642161271082097], [0.9861503332612237, 0.0, 0.0, 0.0, 0.0, 0.0, 0.0, 0.0, 0.0, 0.0, 0.0, 0.0, 0.0, 0.0, 0.0, 0.0, 0.0, 0.0, 0.0, 0.0, 0.0, 0.0, 0.0, 0.0, 0.0, 0.0, 0.0, 0.0], [0.9873921059949, 0.0, 0.0, 0.0, 0.0, 0.0, 0.0, 0.0, 0.0, 0.0, 0.0, 0.0, 0.0, 0.0, 0.0, 0.0, 0.0, 0.0, 0.0, 0.0, 0.0, 0.0, 0.0, 0.0, 0.0, 0.0, 0.0, 0.0], [0.9874641934470083, 0.0, 0.0, 0.0, 0.0, 0.0, 0.0, 0.0, 0.0, 0.0, 0.0, 0.0, 0.0, 0.0, 0.0, 0.0, 0.0, 0.0, 0.0, 0.0, 0.0, 0.0, 0.0, 0.0, 0.0, 0.0, 0.0, 0.0], [0.0, 0.977800749618322, 0.0, 0.0, 0.0, 0.0, 0.0, 0.0, 0.0, 0.0, 0.0, 0.0, 0.0, 0.0, 0.0, 0.0, 0.0, 0.0, 0.0, 0.0, 0.0, 0.0, 0.0, 0.0, 0.0, 0.0, 0.0, 0.0], [0.0, 0.9781435439799705, 0.0, 0.0, 0.0, 0.0, 0.0, 0.0, 0.0, 0.0, 0.0, 0.0, 0.0, 0.0, 0.0, 0.0, 0.0, 0.0, 0.0, 0.0, 0.0, 0.0, 0.0, 0.0, 0.0, 0.0, 0.0, 0.0], [0.0, 0.0, 0.9771170475257347, 0.0, 0.0, 0.0, 0.0, 0.0, 0.0, 0.0, 0.0, 0.0, 0.0, 0.0, 0.0, 0.0, 0.0, 0.0, 0.0, 0.0, 0.0, 0.0, 0.0, 0.0, 0.0, 0.0, 0.0, 0.0], [0.0, 0.0, 0.9772673476890346, 0.0, 0.0, 0.0, 0.0, 0.0, 0.0, 0.0, 0.0, 0.0, 0.0, 0.0, 0.0, 0.0, 0.0, 0.0, 0.0, 0.0, 0.0, 0.0, 0.0, 0.0, 0.0, 0.0, 0.0, 0.0], [0.0, 0.0, 0.0, 0.975689314137624, 0.0, 0.0, 0.0, 0.0, 0.0, 0.0, 0.0, 0.0, 0.0, 0.0, 0.0, 0.0, 0.0, 0.0, 0.0, 0.0, 0.0, 0.0, 0.0, 0.0, 0.0, 0.0, 0.0, 0.0], [0.0, 0.0, 0.0, 0.97708925042203, 0.0, 0.0, 0.0, 0.0, 0.0, 0.0, 0.0, 0.0, 0.0, 0.0, 0.0, 0.0, 0.0, 0.0, 0.0, 0.0, 0.0, 0.0, 0.0, 0.0, 0.0, 0.0, 0.0, 0.0], [0.0, 0.0, 0.0, 0.0, 0.9774562835723348, 0.0, 0.0, 0.0, 0.0, 0.0, 0.0, 0.0, 0.0, 0.0, 0.0, 0.0, 0.0, 0.0, 0.0, 0.0, 0.0, 0.0, 0.0, 0.0, 0.0, 0.0, 0.0, 0.0], [0.0, 0.0, 0.0, 0.0, 0.9764458886895137, 0.0, 0.0, 0.0, 0.0, 0.0, 0.0, 0.0, 0.0, 0.0, 0.0, 0.0, 0.0, 0.0, 0.0, 0.0, 0.0, 0.0, 0.0, 0.0, 0.0, 0.0, 0.0, 0.0], [0.0, 0.0, 0.0, 0.0, 0.0, 0.9768617664270405, 0.0, 0.0, 0.0, 0.0, 0.0, 0.0, 0.0, 0.0, 0.0, 0.0, 0.0, 0.0, 0.0, 0.0, 0.0, 0.0, 0.0, 0.0, 0.0, 0.0, 0.0, 0.0], [0.0, 0.0, 0.0, 0.0, 0.0, 0.9746781030819787, 0.0, 0.0, 0.0, 0.0, 0.0, 0.0, 0.0, 0.0, 0.0, 0.0, 0.0, 0.0, 0.0, 0.0, 0.0, 0.0, 0.0, 0.0, 0.0, 0.0, 0.0, 0.0], [0.0, 0.0, 0.0, 0.0, 0.0, 0.0, 0.9582906063597383, 0.0, 0.0, 0.0, 0.0, 0.0, 0.0, 0.0, 0.0, 0.0, 0.0, 0.0, 0.0, 0.0, 0.0, 0.0, 0.0, 0.0, 0.0, 0.0, 0.0, 0.0], [0.0, 0.0, 0.0, 0.0, 0.0, 0.0, 0.9467655685520682, 0.0, 0.0, 0.0, 0.0, 0.0, 0.0, 0.0, 0.0, 0.0, 0.0, 0.0, 0.0, 0.0, 0.0, 0.0, 0.0, 0.0, 0.0, 0.0, 0.0, 0.0], [0.0, 0.0, 0.0, 0.0, 0.0, 0.0, 0.0, 0.0, 0.0, 0.982856395138693, 0.0, 0.0, 0.0, 0.0, 0.0, 0.0, 0.0, 0.0, 0.0, 0.0, 0.0, 0.0, 0.0, 0.0, 0.0, 0.0, 0.0, 0.0], [0.0, 0.0, 0.0, 0.0, 0.0, 0.0, 0.0, 0.0, 0.0, 0.9623087990651812, 0.0, 0.0, 0.0, 0.0, 0.0, 0.0, 0.0, 0.0, 0.0, 0.0, 0.0, 0.0, 0.0, 0.0, 0.0, 0.0, 0.0, 0.0], [0.0, 0.0, 0.0, 0.0, 0.0, 0.0, 0.0, 0.0, 0.0, 0.9642161271082097, 0.0, 0.0, 0.0, 0.0, 0.0, 0.0, 0.0, 0.0, 0.0, 0.0, 0.0, 0.0, 0.0, 0.0, 0.0, 0.0, 0.0, 0.0]], "Born radii": [], "Atomic SASAs": [], "Solvent H bonds": [], "Total SASA": NaN, "Total FOD": 0.0, "FOD": [0.0, 0.0, 0.0, 0.0, 0.0, 0.0, 0.0, 0.0, 0.0, 0.0, 0.0, 0.0, 0.0, 0.0, 0.0, 0.0, 0.0, 0.0, 0.0, 0.0, 0.0, 0.0, 0.0, 0.0, 0.0, 0.0, 0.0, 0.0], "FOD s proportion": [0.0, 0.0, 0.0, 0.0, 0.0, 0.0, 0.0, 0.0, 0.0, 0.0, 0.0, 0.0, 0.0, 0.0, 0.0, 0.0, 0.0, 0.0, 0.0, 0.0, 0.0, 0.0, 0.0, 0.0, 0.0, 0.0, 0.0, 0.0], "FOD p proportion": [0.0, 0.0, 0.0, 0.0, 0.0, 0.0, 0.0, 0.0, 0.0, 0.0, 0.0, 0.0, 0.0, 0.0, 0.0, 0.0, 0.0, 0.0, 0.0, 0.0, 0.0, 0.0, 0.0, 0.0, 0.0, 0.0, 0.0, 0.0], "FOD d proportion": [0.0, 0.0, 0.0, 0.0, 0.0, 0.0, 0.0, 0.0, 0.0, 0.0, 0.0, 0.0, 0.0, 0.0, 0.0, 0.0, 0.0, 0.0, 0.0, 0.0, 0.0, 0.0, 0.0, 0.0, 0.0, 0.0, 0.0, 0.0], "coordinates": [["-4.28670", "-0.39370", "0.12320"], ["-3.52680", "0.77380", "-0.48710"], ["-2.11790", "0.95110", "0.08310"], ["-1.17870", "-0.21060", "-0.24930"], ["0.24180", "0.06500", "0.25080"], ["1.18080", "-1.10060", "-0.07560"], ["2.60240", "-0.86350", "0.43150"], ["3.37970", "0.16200", "-0.37720"], ["2.98430", "0.60280", "-1.45520"], ["4.70280", "0.59530", "0.19870"], ["-3.82670", "-1.35160", "-0.13610"], ["-5.31530", "-0.40880", "-0.25140"], ["-4.32490", "-0.31090", "1.21400"], ["-3.47620", "0.64760", "-1.57480"], ["-4.09440", "1.69350", "-0.30110"], ["-1.69840", "1.87920", "-0.32450"], ["-2.17510", "1.08150", "1.17060"], ["-1.54740", "-1.13460", "0.21000"], ["-1.16080", "-0.37010", "-1.33410"], ["0.22250", "0.22680", "1.33550"], ["0.61500", "0.98880", "-0.20570"], ["0.79190", "-2.01060", "0.39790"], ["1.18800", "-1.28240", "-1.15700"], ["2.57930", "-0.54070", "1.47810"], ["3.16340", "-1.80340", "0.37660"], ["5.16850", "1.33320", "-0.46050"], ["5.36470", "-0.26970", "0.28610"], ["4.54420", "1.05050", "1.17940"]], "bond_dist": [[0.0, 1.5208452748389625, 2.5522124696035786, 3.1355933824397573, 4.553460189789738, 5.51659181923042, 6.911979437180061, 7.702784665950359, 7.50678358619722, 9.04405503632082, 1.0938047814852518, 1.0947927338085506, 1.0946048236692547, 2.1504464513212134, 2.138554095644999, 3.4735869918572644, 2.7806683297365757, 2.839054691266091, 3.4489898608143226, 4.710369006776433, 5.103542333516986, 5.336853348181866, 5.692191126446827, 6.999951357688137, 7.586531200753082, 9.629314427309971, 9.65357106826277, 9.010331119886771], [1.5208452748389625, 0.0, 1.530216501021996, 2.557179268256334, 3.9050275043845724, 5.0837196392012025, 6.410278456510294, 6.934415584604085, 6.584898011359023, 8.26005448226584, 2.17496348704984, 2.1570418401134455, 2.169626444805649, 1.0961651745973322, 1.0966375198760985, 2.142753947610411, 2.160958460961247, 2.83654073300561, 2.761136036127159, 4.204560648866894, 4.156912099142824, 5.214142120234162, 5.187105502108088, 6.547852968721884, 7.221268141400096, 8.713316131645861, 8.98585014008135, 8.245897533925582], [2.5522124696035786, 1.530216501021996, 0.0, 1.5304029828773857, 2.526159256658218, 3.887940363482959, 5.069061827399622, 5.572984896803508, 5.340423636753923, 6.830952019301557, 2.8758430711706087, 3.490642493868428, 2.7825218435800285, 2.164653217030386, 2.1460008504192163, 1.0970358335077302, 1.0967826813001744, 2.1660374765917605, 2.1610334772973787, 2.7514702269877462, 2.7483757275889333, 4.163856622171325, 4.177959438529771, 5.122028902690808, 5.963685285962028, 7.316633538041932, 7.58425107706753, 6.752431448004489], [3.1355933824397573, 2.557179268256334, 1.5304029828773857, 0.0, 1.5309721160099554, 2.527748393333482, 3.8969839953481973, 4.575390664194699, 4.409805366453263, 5.95333696845727, 2.8855847310380613, 4.141346062574341, 3.471293911497556, 2.787824194600513, 3.4827555957890586, 2.15476383160661, 2.1629728107398853, 1.095751878848492, 1.0966091828906048, 2.160155374041414, 2.158198556667111, 2.7462942668257533, 2.7520798353245497, 4.149149403190973, 4.667182775508155, 6.5356615365240565, 6.565533453574051, 6.031843939459972], [4.553460189789738, 3.9050275043845724, 2.526159256658218, 1.5309721160099554, 0.0, 1.5319534327126265, 2.5430684418630967, 3.201594822896864, 3.2742894022978484, 4.492711152522494, 4.32540627224773, 5.59982604104806, 4.682286187323453, 4.182793578459258, 4.664679656739571, 2.7178424843982403, 2.778616544253633, 2.1545165211712813, 2.160672760970527, 1.096870922214642, 1.095936553820521, 2.1522926799113544, 2.166259919769555, 2.7086978476751518, 3.470229208568218, 5.1367939242293925, 5.133943376197287, 4.51044941995806], [5.51659181923042, 5.0837196392012025, 3.887940363482959, 2.527748393333482, 1.5319534327126265, 0.0, 1.5278459935477786, 2.5534843900051554, 2.838570057264749, 3.918647891811664, 5.0141517228739705, 6.535197632053678, 5.709590768172445, 5.195329910602406, 5.973740879884229, 4.151018175098731, 4.19245031693877, 2.7433189023516755, 2.7569082429417198, 2.161372910906399, 2.168558970837547, 1.0970621951375412, 1.0965988509933795, 2.1640873249478636, 2.1515379243694497, 4.687566718458522, 4.28091589616054, 4.185058633997856], [6.911979437180061, 6.410278456510294, 5.069061827399622, 3.8969839953481973, 2.5430684418630967, 1.5278459935477786, 0.0, 1.519816182964243, 2.419818214246682, 2.567873330209261, 6.472537228938896, 7.960092825463783, 6.993222311638606, 6.577084525836657, 7.205697884313496, 5.156628736878387, 5.210930824718363, 4.164540490858505, 4.185983893901169, 2.76945736562237, 2.790483450945373, 2.1435665653298477, 2.167795382410434, 1.0954930442499395, 1.0959685305701072, 3.493712080295112, 2.8291413697445384, 2.8272491312227865], [7.702784665950359, 6.934415584604085, 5.572984896803508, 4.575390664194699, 3.201594822896864, 2.5534843900051554, 1.519816182964243, 0.0, 1.2299308110621507, 1.5066530157936162, 7.367585434183984, 8.714623530594997, 7.881396640824519, 6.976633710465242, 7.629774195217051, 5.360844405501805, 5.839260923267601, 5.128575807180781, 4.670645380458679, 3.5924159238595967, 2.8907743910585624, 3.4666525078236496, 2.738234520635513, 2.139290896535579, 2.11608064354835, 2.139732172492623, 2.1369503457029597, 2.1374040469691264], [7.50678358619722, 6.584898011359023, 5.340423636753923, 4.409805366453263, 3.2742894022978484, 2.838570057264749, 2.419818214246682, 1.2299308110621507, 0.0, 2.385096163679779, 7.2075949643414345, 8.44723796042233, 7.834786593775226, 6.461762255762742, 7.2546238351826355, 4.983508677628644, 5.808905894400425, 5.131057852918832, 4.259466355073133, 3.9442263791521905, 2.7062573307060065, 3.882068640557506, 2.6209914097531875, 3.1742504847601425, 3.0294168564263324, 2.5087131940498892, 3.0756602705760594, 3.0943239100003734], [9.04405503632082, 8.26005448226584, 6.830952019301557, 5.95333696845727, 4.492711152522494, 3.918647891811664, 2.567873330209261, 1.5066530157936162, 2.385096163679779, 0.0, 8.755277317138505, 10.078349787043512, 9.129698780354147, 8.36923404739048, 8.879559173742804, 6.549618224751729, 6.963223998982081, 6.485189414350208, 6.137041466374494, 4.636938060832817, 4.126559153822952, 4.703778721411117, 4.209215938865575, 2.727015329989914, 2.855724507020941, 1.093580147954415, 1.092691800097356, 1.0927641511323474], [1.0938047814852518, 2.17496348704984, 2.8758430711706087, 2.8855847310380613, 4.32540627224773, 5.0141517228739705, 6.472537228938896, 7.367585434183984, 7.2075949643414345, 8.755277317138505, 0.0, 1.765813095998554, 1.7759588227208423, 2.4878722997774623, 3.061294219770455, 3.873399552073088, 3.21795324080385, 2.315617131565579, 3.083110289950718, 4.5883519655754395, 5.021057180514877, 4.69583889842912, 5.118031021789532, 6.655827255120133, 7.023423847383838, 9.392923370282546, 9.264480255794169, 8.807530384279126], [1.0947927338085506, 2.1570418401134455, 3.490642493868428, 4.141346062574341, 5.59982604104806, 6.535197632053678, 7.960092825463783, 8.714623530594997, 8.44723796042233, 10.078349787043512, 1.765813095998554, 0.0, 1.771404451275879, 2.499931465060592, 2.4316110276933682, 4.280450118854324, 3.755520487229433, 3.8648086640867483, 4.293437693736803, 5.795642139573491, 6.09293298338329, 6.3470659024465785, 6.623911171656817, 8.082900285169922, 8.61554681085304, 10.629597793425676, 10.694421679548642, 10.069085627801563], [1.0946048236692547, 2.169626444805649, 2.7825218435800285, 3.471293911497556, 4.682286187323453, 5.709590768172445, 6.993222311638606, 7.881396640824519, 7.834786593775226, 9.129698780354147, 1.7759588227208423, 1.771404451275879, 0.0, 3.0686184806847527, 2.523148354734616, 3.7499363341262213, 2.561698920638411, 3.0661056635412947, 4.0629849938191995, 4.5806910286549565, 5.30163938701983, 5.453131351801459, 6.079269665017337, 6.913069831124231, 7.681369142281864, 9.779144063771636, 9.734014794009715, 8.973045298559457], [2.1504464513212134, 1.0961651745973322, 2.164653217030386, 2.787824194600513, 4.182793578459258, 5.195329910602406, 6.577084525836657, 6.976633710465242, 6.461762255762742, 8.36923404739048, 2.4878722997774623, 2.499931465060592, 3.0686184806847527, 0.0, 1.7602243436562286, 2.498131599816151, 3.0689332967661582, 3.175219255421584, 2.540615464803755, 4.725177289795591, 4.3276748595521815, 5.401319296246057, 5.064999356367186, 6.8848627836726, 7.341638176864889, 8.743143024107521, 9.081073775165578, 8.489685636700573], [2.138554095644999, 1.0966375198760985, 2.1460008504192163, 3.4827555957890586, 4.664679656739571, 5.973740879884229, 7.205697884313496, 7.629774195217051, 7.2546238351826355, 8.879559173742804, 3.061294219770455, 2.4316110276933682, 2.523148354734616, 1.7602243436562286, 0.0, 2.4032994091456854, 2.4948261221976975, 3.840127839017863, 3.7324982143331296, 4.844098890402631, 4.7627882180504315, 6.171295285432388, 6.123095245053763, 7.259164825928669, 8.084754030890489, 9.271275039604856, 9.678508712089894, 8.788102139256234], [3.4735869918572644, 2.142753947610411, 1.0970358335077302, 2.15476383160661, 2.7178424843982403, 4.151018175098731, 5.156628736878387, 5.360844405501805, 4.983508677628644, 6.549618224751729, 3.873399552073088, 4.280450118854324, 3.7499363341262213, 2.498131599816151, 2.4032994091456854, 0.0, 1.7603670611551445, 3.0645524453009445, 2.523421568030201, 3.0291719281018037, 2.4816819216007513, 4.674826188212776, 4.3612011843069105, 5.234883003468177, 6.139233112531239, 6.889914920374561, 7.407967682164927, 6.474450838488156], [2.7806683297365757, 2.160958460961247, 1.0967826813001744, 2.1629728107398853, 2.778616544253633, 4.19245031693877, 5.210930824718363, 5.839260923267601, 5.808905894400425, 6.963223998982081, 3.21795324080385, 3.755520487229433, 2.561698920638411, 3.0689332967661582, 2.4948261221976975, 1.7603670611551445, 0.0, 2.495567843197215, 3.0674858011081327, 2.550723399351643, 3.1124673476198907, 4.354450217880554, 4.724001119813585, 5.032932390763858, 6.119858352935957, 7.526772286976669, 7.710814855123938, 6.719377272485896], [2.839054691266091, 2.83654073300561, 2.1660374765917605, 1.095751878848492, 2.1545165211712813, 2.7433189023516755, 4.164540490858505, 5.128575807180781, 5.131057852918832, 6.485189414350208, 2.315617131565579, 3.8648086640867483, 3.0661056635412947, 3.175219255421584, 3.840127839017863, 3.0645524453009445, 2.495567843197215, 0.0, 1.7658325571808897, 2.5005411854236677, 3.059020727291661, 2.5049963872229437, 3.0615269066268227, 4.357803082976559, 4.760954278293377, 7.1863008495330885, 6.966417273606284, 6.543851230735613], [3.4489898608143226, 2.761136036127159, 2.1610334772973787, 1.0966091828906048, 2.160672760970527, 2.7569082429417198, 4.185983893901169, 4.670645380458679, 4.259466355073133, 6.137041466374494, 3.083110289950718, 4.293437693736803, 4.0629849938191995, 2.540615464803755, 3.7324982143331296, 2.523421568030201, 3.0674858011081327, 1.7658325571808897, 0.0, 3.065382954868771, 2.504667924096925, 3.082872287332059, 2.5259685548319872, 4.6825122754777695, 4.866163686108391, 6.612446320387032, 6.7243794100273675, 6.393966813332707], [4.710369006776433, 4.204560648866894, 2.7514702269877462, 2.160155374041414, 1.096870922214642, 2.161372910906399, 2.76945736562237, 3.5924159238595967, 3.9442263791521905, 4.636938060832817, 4.5883519655754395, 5.795642139573491, 4.5806910286549565, 4.725177289795591, 4.844098890402631, 3.0291719281018037, 2.550723399351643, 2.5005411854236677, 3.065382954868771, 0.0, 1.7635185539143046, 2.4918404603826465, 3.0695978792017686, 2.4827197284429827, 3.7000127107889775, 5.377048722115134, 5.271619623038065, 4.4022653020916405], [5.103542333516986, 4.156912099142824, 2.7483757275889333, 2.158198556667111, 1.095936553820521, 2.168558970837547, 2.790483450945373, 2.8907743910585624, 2.7062573307060065, 4.126559153822952, 5.021057180514877, 6.09293298338329, 5.30163938701983, 4.3276748595521815, 4.7627882180504315, 2.4816819216007513, 3.1124673476198907, 3.059020727291661, 2.504667924096925, 1.7635185539143046, 0.0, 3.0646414031661195, 2.5281713015537535, 3.005499489269629, 3.824891722650459, 4.573608711947273, 4.938151433481966, 4.166643918071234], [5.336853348181866, 5.214142120234162, 4.163856622171325, 2.7462942668257533, 2.1522926799113544, 1.0970621951375412, 2.1435665653298477, 3.4666525078236496, 3.882068640557506, 4.703778721411117, 4.69583889842912, 6.3470659024465785, 5.453131351801459, 5.401319296246057, 6.171295285432388, 4.674826188212776, 4.354450217880554, 2.5049963872229437, 3.082872287332059, 2.4918404603826465, 3.0646414031661195, 0.0, 1.762068233639095, 2.5538670306028073, 2.380629702410688, 5.57426915030123, 4.894254988248978, 4.905184068921369], [5.692191126446827, 5.187105502108088, 4.177959438529771, 2.7520798353245497, 2.166259919769555, 1.0965988509933795, 2.167795382410434, 2.738234520635513, 2.6209914097531875, 4.209215938865575, 5.118031021789532, 6.623911171656817, 6.079269665017337, 5.064999356367186, 6.123095245053763, 4.3612011843069105, 4.724001119813585, 3.0615269066268227, 2.5259685548319872, 3.0695978792017686, 2.5281713015537535, 1.762068233639095, 0.0, 3.0707631934097424, 2.5545205264393553, 4.813611519431123, 4.533533036165061, 4.708000192225994], [6.999951357688137, 6.547852968721884, 5.122028902690808, 4.149149403190973, 2.7086978476751518, 2.1640873249478636, 1.0954930442499395, 2.139290896535579, 3.1742504847601425, 2.727015329989914, 6.655827255120133, 8.082900285169922, 6.913069831124231, 6.8848627836726, 7.259164825928669, 5.234883003468177, 5.032932390763858, 4.357803082976559, 4.6825122754777695, 2.4827197284429827, 3.005499489269629, 2.5538670306028073, 3.0707631934097424, 0.0, 1.774510171850249, 3.7381315934568167, 3.041834670063447, 2.545971551294319], [7.586531200753082, 7.221268141400096, 5.963685285962028, 4.667182775508155, 3.470229208568218, 2.1515379243694497, 1.0959685305701072, 2.11608064354835, 3.0294168564263324, 2.855724507020941, 7.023423847383838, 8.61554681085304, 7.681369142281864, 7.341638176864889, 8.084754030890489, 6.139233112531239, 6.119858352935957, 4.760954278293377, 4.866163686108391, 3.7000127107889775, 3.824891722650459, 2.380629702410688, 2.5545205264393553, 1.774510171850249, 0.0, 3.815681063715886, 2.6844268717921893, 3.2704497687627003], [9.629314427309971, 8.713316131645861, 7.316633538041932, 6.5356615365240565, 5.1367939242293925, 4.687566718458522, 3.493712080295112, 2.139732172492623, 2.5087131940498892, 1.093580147954415, 9.392923370282546, 10.629597793425676, 9.779144063771636, 8.743143024107521, 9.271275039604856, 6.889914920374561, 7.526772286976669, 7.1863008495330885, 6.612446320387032, 5.377048722115134, 4.573608711947273, 5.57426915030123, 4.813611519431123, 3.7381315934568167, 3.815681063715886, 0.0, 1.7790993255015302, 1.777341213723465], [9.65357106826277, 8.98585014008135, 7.58425107706753, 6.565533453574051, 5.133943376197287, 4.28091589616054, 2.8291413697445384, 2.1369503457029597, 3.0756602705760594, 1.092691800097356, 9.264480255794169, 10.694421679548642, 9.734014794009715, 9.081073775165578, 9.678508712089894, 7.407967682164927, 7.710814855123938, 6.966417273606284, 6.7243794100273675, 5.271619623038065, 4.938151433481966, 4.894254988248978, 4.533533036165061, 3.041834670063447, 2.6844268717921893, 1.7790993255015302, 0.0, 1.7928003737170515], [9.010331119886771, 8.245897533925582, 6.752431448004489, 6.031843939459972, 4.51044941995806, 4.185058633997856, 2.8272491312227865, 2.1374040469691264, 3.0943239100003734, 1.0927641511323474, 8.807530384279126, 10.069085627801563, 8.973045298559457, 8.489685636700573, 8.788102139256234, 6.474450838488156, 6.719377272485896, 6.543851230735613, 6.393966813332707, 4.4022653020916405, 4.166643918071234, 4.905184068921369, 4.708000192225994, 2.545971551294319, 3.2704497687627003, 1.777341213723465, 1.7928003737170515, 0.0]]}