{"total energy": -61.12612539, "HOMO-LUMO gap/eV": 3.53556895, "electronic energy": -61.65896891, "dipole": [-1.06980929, -0.48769683, 0.12667671], "partial charges": [-0.20532909, 0.47838081, -0.20878071, -0.20697935, -0.02054967, -0.02630981, -0.0221229, -0.03707144, 0.07854765, -0.0426838, -0.08100559, -0.00901186, -0.03121644, 0.01862844, -0.18250276, 0.03756655, -0.15293805, 0.26393858, -0.38240363, 0.0623415, 0.06293611, 0.08675555, 0.05849077, 0.08039296, 0.06992004, 0.08606, 0.07072759, 0.07419863, 0.08001992], "atomic dipole moments": [[-0.21811798, 0.14146265, -0.05962251], [0.15107255, 0.11860116, 0.08873008], [0.0861192, -0.10793352, -0.22933478], [-0.07896859, -0.20230694, 0.15520898], [0.12129943, 0.10308337, 0.08351009], [-0.02233692, 0.03108947, 0.01838006], [0.00145717, 0.01469104, 0.00987837], [0.0071447, 0.05822405, 0.03402335], [-0.15336892, 0.0541313, 0.01493606], [0.00446909, -0.04109695, -0.02313645], [-0.00046362, 0.05047624, 0.0149557], [-0.06229432, -0.14964943, -0.09306508], [0.05919448, -0.12352457, -0.02514113], [0.07136635, 0.15792569, 0.09487437], [-0.0581046, -0.0574646, -0.02237938], [0.04545381, 0.14739109, -0.08473103], [-0.0077904, -0.13535032, -0.04638784], [0.01399553, 0.02207998, 0.02251336], [0.00208712, 0.14046254, 0.11544941], [0.14775726, -0.0477121, -0.01567707], [0.03695125, -0.12554199, -0.08241061], [-0.09596101, -0.09715592, -0.07706652], [-0.02789226, 0.13049915, 0.08077426], [0.06205419, -0.00123845, 0.11695673], [0.02897097, 0.10286536, -0.06884281], [-0.05932869, 0.12086827, 0.01655862], [0.06382614, -0.11820042, 0.00396961], [-0.12802914, -0.02880973, 0.0013482], [-0.11258774, -0.08474987, 0.0093682]], "atomic quadrupole moments": [[0.0294916, -0.06317521, 0.00433544, 0.01180577, -0.01592924, -0.03382704], [-0.07361505, -0.20969914, 0.01838755, -0.16239271, -0.09919333, 0.0552275], [-0.02310819, -0.02461227, -0.02473963, -0.04546558, 0.03466451, 0.04784782], [-0.03637614, 0.01678694, 0.02613797, -0.02522386, -0.06208875, 0.01023817], [-0.18207606, 0.18615395, -0.01302509, 0.05712568, -0.2309866, 0.19510115], [-0.27821626, 0.04419404, 0.00275311, -0.06558697, -0.36758488, 0.27546315], [-0.24355858, 0.07139703, -0.03068142, -0.05031416, -0.3938085, 0.27424], [-0.24283885, 0.03202929, -0.02961131, -0.06655513, -0.38530409, 0.27245016], [-0.07011621, -0.035412, -0.08877002, -0.07740004, -0.33474641, 0.15888623], [-0.23657841, 0.01969134, -0.02268463, -0.08423118, -0.33375589, 0.25926304], [-0.05648376, -0.02346378, 0.06174328, -0.02706797, 0.04647179, -0.00525951], [0.1413804, -0.07274684, 0.01565338, -0.09387137, 0.26023115, -0.15703378], [0.03131811, 0.13445413, -0.14718224, 0.00993963, 0.00106322, 0.11586413], [-0.29786871, 0.12956961, -0.07836064, 0.06631984, 0.14398108, 0.37622935], [-0.27104936, 0.07967128, -0.11284549, 0.14465509, 0.34113703, 0.38389486], [-0.21726687, -0.1524461, 0.0472982, 0.07528806, -0.10842369, 0.16996866], [-0.28970211, -0.09960971, 0.14555361, 0.09391455, -0.43123248, 0.1441485], [-0.21049824, 0.05119545, 0.05395541, -0.14700595, -0.35610568, 0.15654283], [-0.09914297, 0.03514743, 0.02842828, -0.05005185, -0.14747512, 0.07071469], [0.02758155, 0.00429982, 0.00093019, 0.01488644, 0.04529772, -0.02851174], [0.04274092, -0.00217955, -0.00596244, 0.01208039, 0.04175788, -0.03677848], [0.05194313, -0.01439609, -0.01231463, 0.00476994, 0.03210723, -0.0396285], [0.04364369, -0.01423505, -0.00724251, 0.00482369, 0.03937005, -0.03640118], [-0.00702027, -0.00127818, -0.02396636, 0.0239327, -0.00359348, 0.03098663], [-0.02325611, 0.00163924, 0.03353344, -0.01587715, -0.01846503, -0.01027733], [-0.00815861, -0.01760515, 0.01734345, -0.01985194, -0.00470619, -0.00918484], [-0.00215438, -0.03914001, 0.00664906, 0.00176389, 0.0095588, -0.00449468], [0.04161083, 0.00754995, -0.03987056, 0.00296248, 0.00678679, -0.00174027], [0.01387564, 0.01518492, -0.01427816, 0.01028424, -0.01393652, 0.00040252]], "number of molecular orbitals": 96, "number of electrons": 104, "number of unpaired electrons": 0, "orbital energies/eV": [-29.28341276, -29.22846044, -23.83322578, -23.50265638, -23.48328364, -20.06061189, -19.59336759, -19.05393927, -18.94877044, -18.4951437, -18.29283723, -18.09607119, -17.84807891, -17.64961173, -17.31251161, -17.21504382, -16.9507026, -16.85855222, -16.82450707, -16.39937168, -16.22961251, -16.17811519, -15.78335199, -15.46712482, -15.31468642, -14.98120721, -14.95971481, -14.93629929, -14.86337741, -14.80635389, -14.71804907, -14.55949728, -14.50956699, -14.47886453, -14.4752734, -14.29962563, -14.13939268, -14.04633641, -13.89253901, -13.79954538, -13.72274532, -13.58010067, -12.89611529, -12.84236049, -12.68921654, -12.27340359, -12.07764311, -12.05143253, -11.91287027, -11.88481589, -11.5226405, -11.28905907, -7.75349013, -7.47444693, -6.63970393, -5.26623412, -4.48456674, -3.81253181, -1.76752458, -0.75620046, -0.49036421, -0.2898199, -0.13601904, -0.05227427, -0.03399348, 0.04217774, 0.05600028, 0.06933782, 0.16762605, 0.45590611, 0.90180187, 1.25724499, 1.52833651, 1.91047958, 2.22117813, 2.48511023, 2.758284, 3.0475473, 3.37879752, 3.52075991, 3.71080721, 3.81097076, 4.04966644, 4.48674351, 4.7428896, 4.97087628, 5.60515049, 6.17657801, 6.66711121, 8.98648232, 9.65377726, 10.51895328, 10.77384806, 15.17573247, 15.45441378, 16.2297279], "fractional occupation": [2.0, 2.0, 2.0, 2.0, 2.0, 2.0, 2.0, 2.0, 2.0, 2.0, 2.0, 2.0, 2.0, 2.0, 2.0, 2.0, 2.0, 2.0, 2.0, 2.0, 2.0, 2.0, 2.0, 2.0, 2.0, 2.0, 2.0, 2.0, 2.0, 2.0, 2.0, 2.0, 2.0, 2.0, 2.0, 2.0, 2.0, 2.0, 2.0, 2.0, 2.0, 2.0, 2.0, 2.0, 2.0, 2.0, 2.0, 2.0, 2.0, 2.0, 2.0, 2.0, 0.0, 0.0, 0.0, 0.0, 0.0, 0.0, 0.0, 0.0, 0.0, 0.0, 0.0, 0.0, 0.0, 0.0, 0.0, 0.0, 0.0, 0.0, 0.0, 0.0, 0.0, 0.0, 0.0, 0.0, 0.0, 0.0, 0.0, 0.0, 0.0, 0.0, 0.0, 0.0, 0.0, 0.0, 0.0, 0.0, 0.0, 0.0, 0.0, 0.0, 0.0, 0.0, 0.0, 0.0], "program call": "xtb /home/svss/Project-DBcg-Debug/aqme2_20220329/End-to-End-workflows-final/example-3/QDESCP/mol_657_rdkit_conf_4/mol_657_rdkit_conf_4.xyz --pop --wbo --acc 0.2 --gfn 2 --chrg 0 --uhf 0 --etemp 300 --input /home/svss/Project-DBcg-Debug/aqme2_20220329/End-to-End-workflows-final/example-3/QDESCP/mol_657_rdkit_conf_4/mol_657_rdkit_conf_4_xtb.inp", "method": "GFN2-xTB", "xtb version": "6.3.3 (7355c4f)", "Dipole module/D": 3.006, "Total charge": 0, "Transition dipole module/D": NaN, "HOMO": -11.2891, "LUMO": -7.7535, "HOMO occupancy": 2.0, "LUMO occupancy": 0, "mulliken charges": [-0.24734, 0.63368, -0.25127, -0.24882, -0.02324, -0.02375, -0.01531, -0.03917, 0.15308, -0.05461, -0.26091, 0.07687, -0.04098, 0.05591, -0.13397, 0.04631, -0.10234, 0.46175, -0.51264, 0.0534, 0.04794, 0.0736, 0.05112, 0.04923, 0.04902, 0.05275, 0.04352, 0.04515, 0.06103], "cm5 charges": [-0.26835, 0.68526, -0.27226, -0.2688, -0.02605, -0.07466, -0.07035, -0.08612, 0.20631, -0.09877, -0.5027, 0.03422, -0.0977, -0.04359, -0.1439, 0.00107, -0.10629, 0.5547, -0.55882, 0.11075, 0.10324, 0.1396, 0.11286, 0.11632, 0.11556, 0.11295, 0.10168, 0.10085, 0.12298], "FUKUI+": [-0.025, -0.003, -0.024, -0.027, -0.046, -0.042, -0.022, -0.032, -0.029, -0.021, -0.047, 0.026, 0.011, 0.014, -0.041, 0.005, -0.117, -0.058, -0.121, -0.063, -0.057, -0.041, -0.05, -0.035, -0.03, -0.039, -0.01, -0.024, -0.053], "FUKUI-": [-0.02, -0.001, -0.016, -0.021, -0.027, -0.036, -0.018, -0.018, -0.016, -0.018, -0.068, 0.025, 0.007, 0.023, -0.162, 0.011, -0.14, -0.01, -0.097, -0.05, -0.045, -0.031, -0.033, -0.041, -0.049, -0.034, -0.033, -0.04, -0.046], "FUKUIrad": [-0.023, -0.002, -0.02, -0.024, -0.036, -0.039, -0.02, -0.025, -0.022, -0.02, -0.057, 0.025, 0.009, 0.019, -0.101, 0.008, -0.128, -0.034, -0.109, -0.056, -0.051, -0.036, -0.041, -0.038, -0.04, -0.036, -0.021, -0.032, -0.05], "s proportion": [1.825, 1.03, 1.826, 1.826, 1.074, 1.061, 1.064, 1.068, 1.041, 1.062, 1.45, 1.015, 1.069, 1.05, 1.949, 1.081, 1.952, 1.007, 1.728, 0.947, 0.952, 0.926, 0.949, 0.951, 0.951, 0.947, 0.956, 0.955, 0.939], "p proportion": [5.422, 2.336, 5.426, 5.423, 2.949, 2.963, 2.952, 2.971, 2.806, 2.993, 3.811, 2.908, 2.972, 2.894, 5.201, 2.873, 5.165, 2.531, 4.785, 0.0, 0.0, 0.0, 0.0, 0.0, 0.0, 0.0, 0.0, 0.0, 0.0], "d proportion": [0.0, 0.0, 0.0, 0.0, 0.0, 0.0, 0.0, 0.0, 0.0, 0.0, 0.0, 0.0, 0.0, 0.0, -0.016, 0.0, -0.015, 0.0, 0.0, 0.0, 0.0, 0.0, 0.0, 0.0, 0.0, 0.0, 0.0, 0.0, 0.0], "Fermi-level/eV": -9.5213, "Coordination numbers": [0.788, 3.331, 0.788, 0.788, 2.96, 2.913, 2.908, 2.917, 2.891, 2.92, 2.752, 3.789, 3.928, 3.715, 0.913, 3.798, 0.958, 2.839, 0.856, 0.925, 0.925, 0.925, 0.925, 0.924, 0.924, 0.924, 0.924, 0.924, 0.924], "Dispersion coefficient C6": [11.29, 17.454, 11.326, 11.308, 28.518, 28.659, 28.558, 28.922, 26.246, 29.06, 22.815, 20.751, 21.065, 20.383, 104.869, 19.946, 103.939, 22.558, 21.333, 2.172, 2.165, 1.911, 2.217, 1.975, 2.087, 1.918, 2.078, 2.04, 1.979], "Total dispersion C6": 12724.382792, "Total dispersion C8": 338777.984408, "Polarizability alpha": [3.969, 6.627, 3.975, 3.972, 8.759, 8.778, 8.763, 8.819, 8.399, 8.84, 7.094, 6.488, 6.523, 6.45, 15.667, 6.359, 15.597, 7.784, 6.192, 2.305, 2.301, 2.162, 2.328, 2.198, 2.259, 2.166, 2.254, 2.234, 2.2], "Total polarizability alpha": 171.461281, "Wiberg matrix": [[0.0, 0.9477522165490525, 0.0, 0.0, 0.0, 0.0, 0.0, 0.0, 0.0, 0.0, 0.0, 0.0, 0.0, 0.0, 0.0, 0.0, 0.0, 0.0, 0.0, 0.0, 0.0, 0.0, 0.0, 0.0, 0.0, 0.0, 0.0, 0.0, 0.0], [0.9477522165490525, 0.0, 0.9434592639623935, 0.9411288038839499, 0.9551427231281259, 0.0, 0.0, 0.0, 0.0, 0.0, 0.0, 0.0, 0.0, 0.0, 0.0, 0.0, 0.0, 0.0, 0.0, 0.0, 0.0, 0.0, 0.0, 0.0, 0.0, 0.0, 0.0, 0.0, 0.0], [0.0, 0.9434592639623935, 0.0, 0.0, 0.0, 0.0, 0.0, 0.0, 0.0, 0.0, 0.0, 0.0, 0.0, 0.0, 0.0, 0.0, 0.0, 0.0, 0.0, 0.0, 0.0, 0.0, 0.0, 0.0, 0.0, 0.0, 0.0, 0.0, 0.0], [0.0, 0.9411288038839499, 0.0, 0.0, 0.0, 0.0, 0.0, 0.0, 0.0, 0.0, 0.0, 0.0, 0.0, 0.0, 0.0, 0.0, 0.0, 0.0, 0.0, 0.0, 0.0, 0.0, 0.0, 0.0, 0.0, 0.0, 0.0, 0.0, 0.0], [0.0, 0.9551427231281259, 0.0, 0.0, 0.0, 1.4092822449881066, 0.0, 0.10556585098559457, 0.0, 1.4127126594902648, 0.0, 0.0, 0.0, 0.0, 0.0, 0.0, 0.0, 0.0, 0.0, 0.0, 0.0, 0.0, 0.0, 0.0, 0.0, 0.0, 0.0, 0.0, 0.0], [0.0, 0.0, 0.0, 0.0, 1.4092822449881066, 0.0, 1.4339913922445306, 0.0, 0.0, 0.0, 0.0, 0.0, 0.0, 0.0, 0.0, 0.0, 0.0, 0.0, 0.0, 0.9667272465972419, 0.0, 0.0, 0.0, 0.0, 0.0, 0.0, 0.0, 0.0, 0.0], [0.0, 0.0, 0.0, 0.0, 0.0, 1.4339913922445306, 0.0, 1.448442015030235, 0.0, 0.10625024244067935, 0.0, 0.0, 0.0, 0.0, 0.0, 0.0, 0.0, 0.0, 0.0, 0.0, 0.9681026124250198, 0.0, 0.0, 0.0, 0.0, 0.0, 0.0, 0.0, 0.0], [0.0, 0.0, 0.0, 0.0, 0.10556585098559457, 0.0, 1.448442015030235, 0.0, 1.3690112068092373, 0.0, 0.0, 0.0, 0.0, 0.0, 0.0, 0.0, 0.0, 0.0, 0.0, 0.0, 0.0, 0.9593539149603428, 0.0, 0.0, 0.0, 0.0, 0.0, 0.0, 0.0], [0.0, 0.0, 0.0, 0.0, 0.0, 0.0, 0.0, 1.3690112068092373, 0.0, 1.3726012789759563, 1.0668161994900465, 0.0, 0.0, 0.0, 0.0, 0.0, 0.0, 0.0, 0.0, 0.0, 0.0, 0.0, 0.0, 0.0, 0.0, 0.0, 0.0, 0.0, 0.0], [0.0, 0.0, 0.0, 0.0, 1.4127126594902648, 0.0, 0.10625024244067935, 0.0, 1.3726012789759563, 0.0, 0.0, 0.0, 0.0, 0.0, 0.0, 0.0, 0.0, 0.0, 0.0, 0.0, 0.0, 0.0, 0.9632001271338686, 0.0, 0.0, 0.0, 0.0, 0.0, 0.0], [0.0, 0.0, 0.0, 0.0, 0.0, 0.0, 0.0, 0.0, 1.0668161994900465, 0.0, 0.0, 0.9865431134583424, 0.0, 0.0, 0.0, 0.0, 0.0, 1.167560589468797, 0.1762458753247578, 0.0, 0.0, 0.0, 0.0, 0.0, 0.0, 0.0, 0.0, 0.0, 0.0], [0.0, 0.0, 0.0, 0.0, 0.0, 0.0, 0.0, 0.0, 0.0, 0.0, 0.9865431134583424, 0.0, 0.9927517609421345, 0.0, 0.0, 0.0, 0.0, 0.0, 0.0, 0.0, 0.0, 0.0, 0.0, 0.9623762568659322, 0.9627853195726953, 0.0, 0.0, 0.0, 0.0], [0.0, 0.0, 0.0, 0.0, 0.0, 0.0, 0.0, 0.0, 0.0, 0.0, 0.0, 0.9927517609421345, 0.0, 0.9979316682723594, 0.0, 0.9856317340137388, 0.0, 0.0, 0.0, 0.0, 0.0, 0.0, 0.0, 0.0, 0.0, 0.9604178987119224, 0.0, 0.0, 0.0], [0.0, 0.0, 0.0, 0.0, 0.0, 0.0, 0.0, 0.0, 0.0, 0.0, 0.0, 0.0, 0.9979316682723594, 0.0, 0.9606236642645412, 0.0, 0.0, 0.0, 0.0, 0.0, 0.0, 0.0, 0.0, 0.0, 0.0, 0.0, 0.9767654320537216, 0.9753815229692108, 0.0], [0.0, 0.0, 0.0, 0.0, 0.0, 0.0, 0.0, 0.0, 0.0, 0.0, 0.0, 0.0, 0.0, 0.9606236642645412, 0.0, 0.0, 0.0, 0.0, 0.0, 0.0, 0.0, 0.0, 0.0, 0.0, 0.0, 0.0, 0.0, 0.0, 0.0], [0.0, 0.0, 0.0, 0.0, 0.0, 0.0, 0.0, 0.0, 0.0, 0.0, 0.0, 0.0, 0.9856317340137388, 0.0, 0.0, 0.0, 0.9368126310428102, 0.954941040742179, 0.0, 0.0, 0.0, 0.0, 0.0, 0.0, 0.0, 0.0, 0.0, 0.0, 0.9606649384746658], [0.0, 0.0, 0.0, 0.0, 0.0, 0.0, 0.0, 0.0, 0.0, 0.0, 0.0, 0.0, 0.0, 0.0, 0.0, 0.9368126310428102, 0.0, 0.0, 0.0, 0.0, 0.0, 0.0, 0.0, 0.0, 0.0, 0.0, 0.0, 0.0, 0.0], [0.0, 0.0, 0.0, 0.0, 0.0, 0.0, 0.0, 0.0, 0.0, 0.0, 1.167560589468797, 0.0, 0.0, 0.0, 0.0, 0.954941040742179, 0.0, 0.0, 1.7338729788048581, 0.0, 0.0, 0.0, 0.0, 0.0, 0.0, 0.0, 0.0, 0.0, 0.0], [0.0, 0.0, 0.0, 0.0, 0.0, 0.0, 0.0, 0.0, 0.0, 0.0, 0.1762458753247578, 0.0, 0.0, 0.0, 0.0, 0.0, 0.0, 1.7338729788048581, 0.0, 0.0, 0.0, 0.0, 0.0, 0.0, 0.0, 0.0, 0.0, 0.0, 0.0], [0.0, 0.0, 0.0, 0.0, 0.0, 0.9667272465972419, 0.0, 0.0, 0.0, 0.0, 0.0, 0.0, 0.0, 0.0, 0.0, 0.0, 0.0, 0.0, 0.0, 0.0, 0.0, 0.0, 0.0, 0.0, 0.0, 0.0, 0.0, 0.0, 0.0], [0.0, 0.0, 0.0, 0.0, 0.0, 0.0, 0.9681026124250198, 0.0, 0.0, 0.0, 0.0, 0.0, 0.0, 0.0, 0.0, 0.0, 0.0, 0.0, 0.0, 0.0, 0.0, 0.0, 0.0, 0.0, 0.0, 0.0, 0.0, 0.0, 0.0], [0.0, 0.0, 0.0, 0.0, 0.0, 0.0, 0.0, 0.9593539149603428, 0.0, 0.0, 0.0, 0.0, 0.0, 0.0, 0.0, 0.0, 0.0, 0.0, 0.0, 0.0, 0.0, 0.0, 0.0, 0.0, 0.0, 0.0, 0.0, 0.0, 0.0], [0.0, 0.0, 0.0, 0.0, 0.0, 0.0, 0.0, 0.0, 0.0, 0.9632001271338686, 0.0, 0.0, 0.0, 0.0, 0.0, 0.0, 0.0, 0.0, 0.0, 0.0, 0.0, 0.0, 0.0, 0.0, 0.0, 0.0, 0.0, 0.0, 0.0], [0.0, 0.0, 0.0, 0.0, 0.0, 0.0, 0.0, 0.0, 0.0, 0.0, 0.0, 0.9623762568659322, 0.0, 0.0, 0.0, 0.0, 0.0, 0.0, 0.0, 0.0, 0.0, 0.0, 0.0, 0.0, 0.0, 0.0, 0.0, 0.0, 0.0], [0.0, 0.0, 0.0, 0.0, 0.0, 0.0, 0.0, 0.0, 0.0, 0.0, 0.0, 0.9627853195726953, 0.0, 0.0, 0.0, 0.0, 0.0, 0.0, 0.0, 0.0, 0.0, 0.0, 0.0, 0.0, 0.0, 0.0, 0.0, 0.0, 0.0], [0.0, 0.0, 0.0, 0.0, 0.0, 0.0, 0.0, 0.0, 0.0, 0.0, 0.0, 0.0, 0.9604178987119224, 0.0, 0.0, 0.0, 0.0, 0.0, 0.0, 0.0, 0.0, 0.0, 0.0, 0.0, 0.0, 0.0, 0.0, 0.0, 0.0], [0.0, 0.0, 0.0, 0.0, 0.0, 0.0, 0.0, 0.0, 0.0, 0.0, 0.0, 0.0, 0.0, 0.9767654320537216, 0.0, 0.0, 0.0, 0.0, 0.0, 0.0, 0.0, 0.0, 0.0, 0.0, 0.0, 0.0, 0.0, 0.0, 0.0], [0.0, 0.0, 0.0, 0.0, 0.0, 0.0, 0.0, 0.0, 0.0, 0.0, 0.0, 0.0, 0.0, 0.9753815229692108, 0.0, 0.0, 0.0, 0.0, 0.0, 0.0, 0.0, 0.0, 0.0, 0.0, 0.0, 0.0, 0.0, 0.0, 0.0], [0.0, 0.0, 0.0, 0.0, 0.0, 0.0, 0.0, 0.0, 0.0, 0.0, 0.0, 0.0, 0.0, 0.0, 0.0, 0.9606649384746658, 0.0, 0.0, 0.0, 0.0, 0.0, 0.0, 0.0, 0.0, 0.0, 0.0, 0.0, 0.0, 0.0]], "Born radii": [], "Atomic SASAs": [], "Solvent H bonds": [], "Total SASA": NaN, "Total FOD": 0.0, "FOD": [0.0, 0.0, 0.0, 0.0, 0.0, 0.0, 0.0, 0.0, 0.0, 0.0, 0.0, 0.0, 0.0, 0.0, 0.0, 0.0, 0.0, 0.0, 0.0, 0.0, 0.0, 0.0, 0.0, 0.0, 0.0, 0.0, 0.0, 0.0, 0.0], "FOD s proportion": [0.0, 0.0, 0.0, 0.0, 0.0, 0.0, 0.0, 0.0, 0.0, 0.0, 0.0, 0.0, 0.0, 0.0, 0.0, 0.0, 0.0, 0.0, 0.0, 0.0, 0.0, 0.0, 0.0, 0.0, 0.0, 0.0, 0.0, 0.0, 0.0], "FOD p proportion": [0.0, 0.0, 0.0, 0.0, 0.0, 0.0, 0.0, 0.0, 0.0, 0.0, 0.0, 0.0, 0.0, 0.0, 0.0, 0.0, 0.0, 0.0, 0.0, 0.0, 0.0, 0.0, 0.0, 0.0, 0.0, 0.0, 0.0, 0.0, 0.0], "FOD d proportion": [0.0, 0.0, 0.0, 0.0, 0.0, 0.0, 0.0, 0.0, 0.0, 0.0, 0.0, 0.0, 0.0, 0.0, 0.0, 0.0, 0.0, 0.0, 0.0, 0.0, 0.0, 0.0, 0.0, 0.0, 0.0, 0.0, 0.0, 0.0, 0.0], "coordinates": [["5.10250", "0.05910", "1.19680"], ["3.98140", "0.76710", "0.88590"], ["3.55850", "1.32450", "2.05540"], ["4.39510", "1.80400", "0.10730"], ["2.91630", "-0.06400", "0.21490"], ["3.25910", "-1.19630", "-0.53000"], ["2.26690", "-1.93630", "-1.16380"], ["0.92560", "-1.55030", "-1.06410"], ["0.54410", "-0.41890", "-0.33320"], ["1.56150", "0.31640", "0.29850"], ["-0.81710", "-0.01770", "-0.22390"], ["-1.24090", "1.10450", "0.58790"], ["-2.75100", "0.93670", "0.72450"], ["-3.13250", "0.02060", "1.89310"], ["-2.81120", "0.80520", "3.45970"], ["-3.13120", "0.28100", "-0.60000"], ["-3.38130", "1.49290", "-1.88230"], ["-1.90240", "-0.53810", "-0.95440"], ["-1.92140", "-1.46150", "-1.75460"], ["4.29920", "-1.50600", "-0.62030"], ["2.52990", "-2.81950", "-1.74210"], ["0.19770", "-2.17390", "-1.57450"], ["1.33200", "1.21700", "0.86360"], ["-0.73740", "1.10610", "1.55820"], ["-0.99500", "2.02740", "0.04950"], ["-3.24520", "1.90590", "0.86380"], ["-2.58090", "-0.92470", "1.87830"], ["-4.20240", "-0.20890", "1.86960"], ["-4.02000", "-0.35230", "-0.53240"]], "bond_dist": [[0.0, 1.3619060246580894, 2.173100807601893, 2.1753392884789258, 2.3997399150741314, 2.820636623175697, 4.19460139703405, 5.014811141010197, 4.832017648974391, 3.6622161569191953, 6.088181246480758, 6.457735201291548, 7.916483518583235, 8.264474631820221, 8.26462517661872, 8.43039415092794, 9.138462764053921, 7.352070000346841, 7.769051263185229, 2.5291661293794045, 4.851983298610992, 6.059988096522963, 3.9583361277183124, 5.944009671089037, 6.50922487167251, 8.556030302073502, 7.776049141434229, 9.33304065404196, 9.294051261425235], [1.3619060246580894, 0.0, 1.362816722820791, 1.3610757730560046, 1.50844496750793, 2.5261491761176735, 3.8012040066273736, 4.302412857920541, 3.8350791517255542, 2.530629419729408, 4.987300806047295, 5.241665770535164, 6.736469689681681, 7.22352319162886, 7.263973623988457, 7.282394577335124, 7.899308081724627, 6.301535810419552, 6.839732893176458, 2.745290310695756, 4.677278675683116, 5.386968985431418, 2.6874202611426448, 4.7784915747545265, 5.201199670268389, 7.315811739649948, 6.849147851375381, 8.300290605153533, 8.202867377326054], [2.173100807601893, 1.362816722820791, 0.0, 2.1736865965451417, 2.393280873612623, 3.623308730980566, 4.760703292581884, 4.992786566637913, 4.222731447771691, 2.8444634327057186, 5.1129819763030655, 5.023564134158138, 6.459990239930708, 6.818795898104004, 6.543302611831429, 7.272697401927294, 7.9808936774023005, 6.507657305820583, 7.232371672556658, 3.964812382698581, 5.7141718743839, 6.058873922603111, 2.5276957372278805, 4.330088129588126, 5.025143328304178, 6.9316859572545555, 6.540833082261005, 7.913116074594129, 8.181810883294725], [2.1753392884789258, 1.3610757730560046, 2.1736865965451417, 0.0, 2.384921633932654, 3.270848113257478, 4.4871789066182775, 4.965977919805927, 4.468279944229099, 3.206056793009132, 5.531303026412493, 5.699541438572054, 7.224949158298625, 7.939418049202347, 8.010427384977659, 7.711354873172419, 8.032912817278675, 6.802289728466438, 7.350396867516747, 3.390383248247903, 5.3175185613216245, 6.022483408860501, 3.2092273680747527, 5.3791013626813164, 5.39503720191066, 7.678337056290248, 7.697195638022981, 9.004136491080086, 8.71049675908326], [2.3997399150741314, 1.50844496750793, 2.393280873612623, 2.384921633932654, 0.0, 1.3980311656039717, 2.41413366241391, 2.794246800123425, 2.4604268857253206, 1.4096723590962548, 3.7593835518605974, 4.334378051116445, 5.777489241876613, 6.277857424312852, 6.639916560469717, 6.111901771134742, 6.817767318558181, 4.981154784786355, 5.406965673092442, 2.165487346996052, 3.4017545781552205, 3.8787132312147032, 2.1381719247993134, 4.0648631698988344, 4.438420756305107, 6.50120446302068, 5.807487571230782, 7.309919137035648, 6.982394422402676], [2.820636623175697, 2.5261491761176735, 3.623308730980566, 3.270848113257478, 1.3980311656039717, 0.0, 1.3905981734491095, 2.4198762489019967, 2.830954962552389, 2.420024648634803, 4.254198115979086, 5.176232321872734, 6.499597007507465, 6.942968369508823, 7.53473625483998, 6.559211033348446, 7.29077664518671, 5.220577061015382, 5.329873961924428, 1.0889794258846213, 2.1530669497254378, 3.379179185837886, 3.3881930671081895, 5.062967237697673, 5.368931807166115, 7.339771234173448, 6.322916688522789, 7.899811464205966, 7.327867259305397], [4.19460139703405, 3.8012040066273736, 4.760703292581884, 4.4871789066182775, 2.41413366241391, 1.3905981734491095, 0.0, 1.3992933144984294, 2.4414010240024067, 2.7767909067843046, 3.7517321292970798, 4.961812004701508, 6.0826907121766425, 6.505967689744547, 7.39457058320495, 5.862915088929738, 6.646639611864028, 4.402484990320807, 4.256329001616298, 2.147275862575649, 1.0879531837354033, 2.1229029393733483, 3.8636368437005046, 5.068658624330504, 5.274751765723199, 7.01832665312751, 5.811959377869051, 7.3510046122962, 6.514048938256451], [5.014811141010197, 4.302412857920541, 4.992786566637913, 4.965977919805927, 2.794246800123425, 2.4198762489019967, 1.3992933144984294, 0.0, 1.3999367914302416, 2.3970015561113014, 2.4681576307035176, 3.8040490651409846, 4.78556647848507, 5.261267362527777, 6.322722588410787, 4.475117287848443, 5.336656733386549, 3.005689094034844, 2.930884625842512, 3.4029542885557538, 2.155071026671743, 1.0859205910194356, 3.39693060570863, 4.086378255864232, 4.210551817755008, 5.749581679565915, 4.6200254728734995, 6.0582450965605545, 5.116333477208068], [4.832017648974391, 3.8350791517255542, 4.222731447771691, 4.468279944229099, 2.4604268857253206, 2.830954962552389, 2.4414010240024067, 1.3999367914302416, 0.0, 1.4052806623589467, 1.4232966556554543, 2.52099142600684, 3.716727681711427, 4.320527687678902, 5.209851179256467, 3.7508495491021763, 4.632866845701482, 2.526946839567465, 3.0308551549026554, 3.919819999693863, 3.4192515569931383, 2.1773478477266788, 2.174692037967675, 2.7468638863256403, 2.915419659328653, 4.6039438017855945, 3.8616305998891196, 5.236954276103622, 4.568930401089515], [3.6622161569191953, 2.530629419729408, 2.8444634327057186, 3.206056793009132, 1.4096723590962548, 2.420024648634803, 2.7767909067843046, 2.3970015561113014, 1.4052806623589467, 0.0, 2.458101407590826, 2.925457183074126, 4.377659687549959, 4.966274539330261, 5.417805475466981, 4.778073743675374, 5.529133090277354, 3.7813399569464794, 4.416643570631436, 3.414723486609128, 3.864675371877954, 3.4014222804585734, 1.0876987726388223, 2.7377748976130234, 3.086294582505047, 5.094157362115937, 4.603865225003878, 5.997235905815278, 5.682490365148014], [6.088181246480758, 4.987300806047295, 5.1129819763030655, 5.531303026412493, 3.7593835518605974, 4.254198115979086, 3.7517321292970798, 2.4681576307035176, 1.4232966556554543, 2.458101407590826, 0.0, 1.4484331258294252, 2.3559098306174624, 3.137552079249044, 4.268782985816918, 2.3634152639771115, 3.406952385930863, 1.4079497505237892, 2.3763584367683253, 5.343097934719146, 4.6214092525981725, 2.7391856162005523, 2.7066161807688953, 2.108354557468928, 2.0709490529706422, 3.283138416210928, 2.8901356853961024, 3.9849160317376824, 3.2350730779999384], [6.457735201291548, 5.241665770535164, 5.023564134158138, 5.699541438572054, 4.334378051116445, 5.176232321872734, 4.961812004701508, 3.8040490651409846, 2.52099142600684, 2.925457183074126, 1.4484331258294252, 0.0, 1.525522340052744, 2.540971627153676, 3.286739694590979, 2.379599283492916, 3.291512533775316, 2.3482773047491645, 3.54044382810969, 6.24236858091542, 5.9199331617848525, 4.1825172181355095, 2.5900735800359027, 1.093159137545856, 1.0963967256426845, 2.1761390718426066, 2.7528866304299564, 3.484000100459241, 3.3317765741417893], [7.916483518583235, 6.736469689681681, 6.459990239930708, 7.224949158298625, 5.777489241876613, 6.499597007507465, 6.0826907121766425, 4.78556647848507, 3.716727681711427, 4.377659687549959, 2.3559098306174624, 1.525522340052744, 0.0, 1.5331038516682425, 2.739020870676235, 1.526038918245534, 2.7389857192033698, 2.3903686347507156, 3.547609929234047, 7.581595502926809, 6.934050678355329, 4.8637501015163185, 4.094973247775863, 2.1859407608624712, 2.1745775428804555, 1.0968075355321005, 2.196587901723944, 2.174905820949496, 2.2026528573517887], [8.264474631820221, 7.22352319162886, 6.818795898104004, 7.939418049202347, 6.277857424312852, 6.942968369508823, 6.505967689744547, 5.261267362527777, 4.320527687678902, 4.966274539330261, 3.137552079249044, 2.540971627153676, 1.5331038516682425, 0.0, 1.7813103070492802, 2.5066626139151635, 4.059952449228931, 3.1517531549916784, 4.119356613598779, 7.992362104534553, 7.303671734819412, 5.2849136274872075, 4.735293386898007, 2.6508436902239256, 3.4633817938540936, 2.1509337205037258, 1.0945655256767406, 1.094490068479381, 2.6095518599943555], [8.26462517661872, 7.263973623988457, 6.543302611831429, 8.010427384977659, 6.639916560469717, 7.53473625483998, 7.39457058320495, 6.322722588410787, 5.209851179256467, 5.417805475466981, 4.268782985816918, 3.286739694590979, 2.739020870676235, 1.7813103070492802, 0.0, 4.105892074811514, 5.4161710922015756, 4.702621730481838, 5.754875969123922, 8.517384199388918, 8.29002548488242, 6.578121742564514, 4.9066710395134505, 2.8296447656905626, 4.052384399338246, 2.8528219888384205, 2.355083450750737, 2.3435559007627704, 4.328725690084785], [8.43039415092794, 7.282394577335124, 7.272697401927294, 7.711354873172419, 6.111901771134742, 6.559211033348446, 5.862915088929738, 4.475117287848443, 3.7508495491021763, 4.778073743675374, 2.3634152639771115, 2.379599283492916, 1.526038918245534, 2.5066626139151635, 4.105892074811514, 0.0, 1.7820058669937089, 1.5187078751359657, 2.4151653049015094, 7.642291884637749, 6.554810895060208, 4.249442253990517, 4.789402384431695, 3.3269949939848122, 2.834627603407545, 2.189978641448359, 2.8104294102503267, 2.7361278497175525, 1.0934368248783277], [9.138462764053921, 7.899308081724627, 7.9808936774023005, 8.032912817278675, 6.817767318558181, 7.29077664518671, 6.646639611864028, 5.336656733386549, 4.632866845701482, 5.529133090277354, 3.406952385930863, 3.291512533775316, 2.7389857192033698, 4.059952449228931, 5.4161710922015756, 1.7820058669937089, 0.0, 2.678265225850494, 3.2978924573126998, 8.341230452397298, 7.318383376128912, 5.133167061376437, 5.461802313339435, 4.356243989952812, 3.1164032441261513, 2.780316064766738, 4.541755418337716, 4.200843017776314, 2.3738009057206124], [7.352070000346841, 6.301535810419552, 6.507657305820583, 6.802289728466438, 4.981154784786355, 5.220577061015382, 4.402484990320807, 3.005689094034844, 2.526946839567465, 3.7813399569464794, 1.4079497505237892, 2.3482773047491645, 2.3903686347507156, 3.1517531549916784, 4.702621730481838, 1.5187078751359657, 2.678265225850494, 0.0, 1.2220264317927005, 6.285562487160556, 5.046834705040378, 2.7332737989451408, 4.104490634658581, 3.2208348917633143, 2.900513785521455, 3.328978684221333, 2.9383687821646896, 3.6569589333215102, 2.167218355403995], [7.769051263185229, 6.839732893176458, 7.232371672556658, 7.350396867516747, 5.406965673092442, 5.329873961924428, 4.256329001616298, 2.930884625842512, 3.0308551549026554, 4.416643570631436, 2.3763584367683253, 3.54044382810969, 3.547609929234047, 4.119356613598779, 5.754875969123922, 2.4151653049015094, 3.2978924573126998, 1.2220264317927005, 0.0, 6.323328324545548, 4.653857748148304, 2.2428853247547007, 4.9612443046074635, 4.3553495382116, 4.035519418860477, 4.46630135123012, 3.731093258014332, 4.461702970839721, 2.6698725512653216], [2.5291661293794045, 2.745290310695756, 3.964812382698581, 3.390383248247903, 2.165487346996052, 1.0889794258846213, 2.147275862575649, 3.4029542885557538, 3.919819999693863, 3.414723486609128, 5.343097934719146, 6.24236858091542, 7.581595502926809, 7.992362104534553, 8.517384199388918, 7.642291884637749, 8.341230452397298, 6.285562487160556, 6.323328324545548, 0.0, 2.47267870537197, 4.263670988713833, 4.291965056940702, 6.077521552409338, 6.400164157269718, 8.411990595572489, 7.3427983534889485, 8.953171113074964, 8.399276084282501], [4.851983298610992, 4.677278675683116, 5.7141718743839, 5.3175185613216245, 3.4017545781552205, 2.1530669497254378, 1.0879531837354033, 2.155071026671743, 3.4192515569931383, 3.864675371877954, 4.6214092525981725, 5.9199331617848525, 6.934050678355329, 7.303671734819412, 8.29002548488242, 6.554810895060208, 7.318383376128912, 5.046834705040378, 4.653857748148304, 2.47267870537197, 0.0, 2.425705250025238, 4.9515622938624135, 6.080918083644937, 6.255173073544808, 7.903916749308535, 6.543534201026231, 8.07362821413025, 7.10293178483364], [6.059988096522963, 5.386968985431418, 6.058873922603111, 6.022483408860501, 3.8787132312147032, 3.379179185837886, 2.1229029393733483, 1.0859205910194356, 2.1773478477266788, 3.4014222804585734, 2.7391856162005523, 4.1825172181355095, 4.8637501015163185, 5.2849136274872075, 6.578121742564514, 4.249442253990517, 5.133167061376437, 2.7332737989451408, 2.2428853247547007, 4.263670988713833, 2.425705250025238, 0.0, 4.327721214449933, 4.631049697422821, 4.659488274478218, 5.868870022414877, 4.604665725109696, 5.923168900174973, 4.710965109189411], [3.9583361277183124, 2.6874202611426448, 2.5276957372278805, 3.2092273680747527, 2.1381719247993134, 3.3881930671081895, 3.8636368437005046, 3.39693060570863, 2.174692037967675, 1.0876987726388223, 2.7066161807688953, 2.5900735800359027, 4.094973247775863, 4.735293386898007, 4.9066710395134505, 4.789402384431695, 5.461802313339435, 4.104490634658581, 4.9612443046074635, 4.291965056940702, 4.9515622938624135, 4.327721214449933, 0.0, 2.185677087311847, 2.5950791837629925, 4.628751785308864, 4.574634563547126, 5.803000100809925, 5.749384531408557], [5.944009671089037, 4.7784915747545265, 4.330088129588126, 5.3791013626813164, 4.0648631698988344, 5.062967237697673, 5.068658624330504, 4.086378255864232, 2.7468638863256403, 2.7377748976130234, 2.108354557468928, 1.093159137545856, 2.1859407608624712, 2.6508436902239256, 2.8296447656905626, 3.3269949939848122, 4.356243989952812, 3.2208348917633143, 4.3553495382116, 6.077521552409338, 6.080918083644937, 4.631049697422821, 2.185677087311847, 0.0, 1.7864285991888955, 2.72230274583853, 2.7613592486310075, 3.7191961443301156, 4.156080085850126], [6.50922487167251, 5.201199670268389, 5.025143328304178, 5.39503720191066, 4.438420756305107, 5.368931807166115, 5.274751765723199, 4.210551817755008, 2.915419659328653, 3.086294582505047, 2.0709490529706422, 1.0963967256426845, 2.1745775428804555, 3.4633817938540936, 4.052384399338246, 2.834627603407545, 3.1164032441261513, 2.900513785521455, 4.035519418860477, 6.400164157269718, 6.255173073544808, 4.659488274478218, 2.5950791837629925, 1.7864285991888955, 0.0, 2.3960898939730955, 3.8176540780956048, 4.312912758218046, 3.892583293906503], [8.556030302073502, 7.315811739649948, 6.9316859572545555, 7.678337056290248, 6.50120446302068, 7.339771234173448, 7.01832665312751, 5.749581679565915, 4.6039438017855945, 5.094157362115937, 3.283138416210928, 2.1761390718426066, 1.0968075355321005, 2.1509337205037258, 2.8528219888384205, 2.189978641448359, 2.780316064766738, 3.328978684221333, 4.46630135123012, 8.411990595572489, 7.903916749308535, 5.868870022414877, 4.628751785308864, 2.72230274583853, 2.3960898939730955, 0.0, 3.079415707565317, 2.52987045518145, 2.765710888722825], [7.776049141434229, 6.849147851375381, 6.540833082261005, 7.697195638022981, 5.807487571230782, 6.322916688522789, 5.811959377869051, 4.6200254728734995, 3.8616305998891196, 4.603865225003878, 2.8901356853961024, 2.7528866304299564, 2.196587901723944, 1.0945655256767406, 2.355083450750737, 2.8104294102503267, 4.541755418337716, 2.9383687821646896, 3.731093258014332, 7.3427983534889485, 6.543534201026231, 4.604665725109696, 4.574634563547126, 2.7613592486310075, 3.8176540780956048, 3.079415707565317, 0.0, 1.7724862707507778, 2.865331579416246], [9.33304065404196, 8.300290605153533, 7.913116074594129, 9.004136491080086, 7.309919137035648, 7.899811464205966, 7.3510046122962, 6.0582450965605545, 5.236954276103622, 5.997235905815278, 3.9849160317376824, 3.484000100459241, 2.174905820949496, 1.094490068479381, 2.3435559007627704, 2.7361278497175525, 4.200843017776314, 3.6569589333215102, 4.461702970839721, 8.953171113074964, 8.07362821413025, 5.923168900174973, 5.803000100809925, 3.7191961443301156, 4.312912758218046, 2.52987045518145, 1.7724862707507778, 0.0, 2.4131799186964904], [9.294051261425235, 8.202867377326054, 8.181810883294725, 8.71049675908326, 6.982394422402676, 7.327867259305397, 6.514048938256451, 5.116333477208068, 4.568930401089515, 5.682490365148014, 3.2350730779999384, 3.3317765741417893, 2.2026528573517887, 2.6095518599943555, 4.328725690084785, 1.0934368248783277, 2.3738009057206124, 2.167218355403995, 2.6698725512653216, 8.399276084282501, 7.10293178483364, 4.710965109189411, 5.749384531408557, 4.156080085850126, 3.892583293906503, 2.765710888722825, 2.865331579416246, 2.4131799186964904, 0.0]]}