{"total energy": -56.23607649, "HOMO-LUMO gap/eV": 3.26445738, "electronic energy": -56.89188725, "dipole": [0.81178727, -1.19498751, -0.05970463], "partial charges": [0.03825804, -0.3220497, 0.07991381, -0.06953048, 0.00990156, -0.20555735, 0.26119865, -0.35687817, 0.26210002, -0.20504333, 0.06297841, -0.11416893, -0.11311939, -0.33250319, 0.23195859, -0.11099276, -0.05320613, -0.33588199, 0.03194296, 0.05678595, 0.0307615, 0.02677114, 0.03392207, 0.05802425, 0.05434408, 0.06739648, 0.03397451, 0.18838223, 0.18415567, 0.03387598, 0.04777878, 0.04767099, 0.03641889, 0.04155532, 0.05507287, 0.04788182, 0.06859533, 0.06260908, 0.06470243], "atomic dipole moments": [[0.10578124, 0.09037428, -0.16831744], [0.14976216, -0.09993396, 0.21758497], [-0.17953945, 0.02896431, -0.08066124], [0.0892877, -0.05184263, 0.09952263], [-0.01209988, 0.11283701, 0.12551596], [0.05100282, 0.00877317, -0.17184928], [-0.03095324, 0.00300891, -0.00220108], [0.11379537, 0.25540155, 0.06992411], [0.01433331, -0.01733474, -0.00194897], [0.01290832, 0.02037338, 0.16436429], [-0.09708525, -0.01767607, -0.10690672], [-0.02523928, 0.11620749, -0.00934899], [-0.09009522, -0.06015816, 0.07374374], [-0.27767926, -0.04752439, -0.01336519], [0.01425479, 0.03260228, 0.00737497], [0.14033765, -0.32988719, -0.15259739], [-0.16077083, 0.01444216, 0.04100673], [0.15425249, -0.22207023, -0.05655173], [0.02639759, 0.06696083, 0.09689135], [-0.1257484, -0.00163271, -0.01319184], [0.0382728, -0.11404286, 0.00664323], [0.03837379, -0.11270431, 0.00646864], [0.02795577, 0.06261386, 0.10005539], [-0.04663579, -0.05612515, -0.10189909], [-0.05252625, 0.11521154, -0.01047626], [0.04161883, -0.12475855, 0.00346789], [0.03372309, 0.045218, -0.10645367], [-0.0191632, 0.12877449, -0.00943983], [-0.09452168, -0.08753236, 0.02528479], [-0.00103711, 0.04626817, 0.1190017], [0.11253529, -0.01930834, 0.05967462], [0.00453979, -0.06451981, -0.11101357], [-0.08773644, -0.05892142, 0.0687435], [0.11329382, -0.01269366, 0.05354535], [-0.01649988, 0.1271077, -0.01690979], [0.01126283, -0.04664208, -0.11929211], [0.0585654, -0.09348024, 0.07131785], [0.00807526, -0.02481307, -0.12938374], [0.06287396, 0.10810422, 0.02107009]], "atomic quadrupole moments": [[-0.08526558, 0.13373242, -0.128642, -0.24521995, -0.25504462, 0.21390759], [0.10202499, 0.02926983, -0.12006557, -0.02713593, -0.09527836, 0.01804057], [0.40857556, 0.0732245, -0.29809933, -0.05867699, -0.15069348, -0.11047623], [0.17558409, 0.06848328, -0.18088433, -0.10952965, -0.13107505, 0.00530024], [0.16527607, 0.12403496, -0.12620037, 0.12424039, 0.21267313, -0.03907571], [0.05615731, 0.05258124, -0.07310772, 0.04944775, 0.07177989, 0.0169504], [-0.10215065, 0.03324886, -0.27856071, 0.04812825, -0.20434542, 0.38071137], [-0.06395191, -0.03128043, -0.08986666, -0.0009535, -0.08221948, 0.15381857], [-0.25199911, -0.11418467, -0.13433063, 0.00556206, -0.18123818, 0.38632974], [0.0586961, -0.0766876, -0.02348099, 0.05396168, 0.01018323, -0.03521511], [0.19407284, -0.03308228, 0.01855058, 0.07812327, -0.11409931, -0.21262342], [-0.08934998, -0.06619916, 0.2248937, 0.00357487, -0.04760223, -0.13554373], [0.08219441, 0.11137756, -0.05955618, -0.13748184, -0.09197439, -0.02263824], [-0.12823722, 0.01274084, -0.04764134, 0.00731871, -0.07406606, 0.17587857], [-0.32866214, 0.13543488, -0.03047957, 0.04540513, -0.12485961, 0.3591417], [0.32865821, 0.17153602, 0.09838764, -0.12896129, 0.21136255, -0.42704585], [0.36264841, -0.04739257, -0.1818737, -0.16534597, 0.03239462, -0.18077471], [-0.10186846, 0.04275391, -0.07378604, 0.01734457, -0.07846887, 0.1756545], [-0.04160103, 0.02844202, -0.00305988, 0.01316063, 0.03635933, 0.04466091], [0.07708156, -2.452e-05, -0.04849484, 0.01718716, -0.01172699, -0.02858671], [-0.03303486, -0.03695912, 0.05576025, -0.01387255, -0.01613664, -0.02272538], [0.0001305, -0.02525683, 0.03474573, -0.00333555, 0.00215488, -0.03487623], [-0.00481222, 0.01537025, -0.00514474, 0.01496139, 0.03344313, 0.00995695], [-0.02243376, 0.02513009, -0.00235024, 0.01526226, 0.04118803, 0.024784], [-0.02721379, -0.02198848, 0.05422106, -0.01367863, 0.00413473, -0.02700727], [-0.00610239, -0.02049764, 0.03250541, 0.01689306, -0.01704503, -0.02640302], [-0.01245685, 0.03403264, -0.01440402, -0.00364421, -0.01921997, 0.02686086], [0.0299618, -0.04980521, 0.01461317, 0.01600289, 0.02473598, -0.04457497], [-0.0038147, 0.00709475, 0.07176125, 0.02208443, 0.00959457, -0.06794656], [0.00668737, -0.00754512, -0.00616175, -0.00781398, 0.01571699, -0.00052562], [0.05419015, -0.00327499, -0.03065213, 0.05427264, -0.00253548, -0.02353802], [-0.0497189, -0.00309306, -0.01850165, -0.0032965, 0.03594922, 0.06822056], [0.0250873, 0.02893069, -0.01542742, -0.05869978, -0.0232248, -0.00965988], [0.05201939, -0.01359628, -0.04341842, 0.05435936, -0.02040315, -0.00860096], [-0.03100534, -0.0317101, 0.07082911, -0.00750307, -0.00708828, -0.03982377], [-0.04339345, 0.01127557, -0.01055593, 0.00038983, 0.05213837, 0.05394938], [-0.00231484, -0.03727661, 0.01217088, 0.00488957, -0.05018735, -0.00985604], [-0.00807051, -0.00699275, -0.05241084, 0.00020339, 0.02931686, 0.06048135], [-0.00209515, 0.05178895, 0.05313407, 0.00387058, 0.02506604, -0.05103891]], "number of molecular orbitals": 98, "number of electrons": 102, "number of unpaired electrons": 0, "orbital energies/eV": [-19.48299466, -18.83329661, -18.68833392, -18.17386238, -17.93459467, -17.70646905, -17.6508603, -17.38449349, -17.1114625, -17.03936076, -16.53161706, -16.41186392, -16.36416599, -16.29097918, -16.15950401, -15.87090899, -15.54267841, -15.30138376, -15.11442118, -14.99438603, -14.87482719, -14.79289297, -14.59628983, -14.37305116, -14.26593113, -14.06318533, -13.84952263, -13.71775323, -13.70203624, -13.58943609, -13.39413645, -13.15830495, -13.07100292, -13.04636166, -12.89599254, -12.7951427, -12.64427337, -12.56695489, -12.44213492, -12.3585087, -12.33518566, -12.26656907, -12.19672264, -12.06839672, -12.00318368, -10.88429803, -10.73609774, -10.69591023, -10.22603055, -10.15507642, -10.13255808, -6.8681007, -6.4439945, -5.42035129, -3.70519867, -3.37273856, -0.17635663, 0.11483245, 0.18640015, 0.43456296, 0.98792076, 1.12665778, 1.94200559, 2.42631562, 2.47994893, 2.72302763, 3.06244271, 3.2252162, 3.39773014, 3.71859411, 3.82855649, 3.90233107, 3.97276773, 4.28281221, 4.43423958, 4.76773839, 4.85700435, 5.04532325, 5.34911494, 5.49769588, 5.59431526, 5.66404979, 5.78623318, 5.91952112, 5.96223526, 6.23605643, 6.40754277, 6.6018464, 6.87479519, 6.92742659, 7.34449003, 7.51189398, 7.97347317, 10.39631861, 11.75659513, 12.53543659, 13.90978643, 17.56319857], "fractional occupation": [2.0, 2.0, 2.0, 2.0, 2.0, 2.0, 2.0, 2.0, 2.0, 2.0, 2.0, 2.0, 2.0, 2.0, 2.0, 2.0, 2.0, 2.0, 2.0, 2.0, 2.0, 2.0, 2.0, 2.0, 2.0, 2.0, 2.0, 2.0, 2.0, 2.0, 2.0, 2.0, 2.0, 2.0, 2.0, 2.0, 2.0, 2.0, 2.0, 2.0, 2.0, 2.0, 2.0, 2.0, 2.0, 2.0, 2.0, 2.0, 2.0, 2.0, 2.0, 0.0, 0.0, 0.0, 0.0, 0.0, 0.0, 0.0, 0.0, 0.0, 0.0, 0.0, 0.0, 0.0, 0.0, 0.0, 0.0, 0.0, 0.0, 0.0, 0.0, 0.0, 0.0, 0.0, 0.0, 0.0, 0.0, 0.0, 0.0, 0.0, 0.0, 0.0, 0.0, 0.0, 0.0, 0.0, 0.0, 0.0, 0.0, 0.0, 0.0, 0.0, 0.0, 0.0, 0.0, 0.0, 0.0, 0.0], "program call": "xtb /home/svss/Project-DBcg-Debug/aqme2_20220329/End-to-End-workflows-final/example-3/QDESCP/mol_708_rdkit_conf_22/mol_708_rdkit_conf_22.xyz --pop --wbo --acc 0.2 --gfn 2 --chrg 0 --uhf 0 --etemp 300 --input /home/svss/Project-DBcg-Debug/aqme2_20220329/End-to-End-workflows-final/example-3/QDESCP/mol_708_rdkit_conf_22/mol_708_rdkit_conf_22_xtb.inp", "method": "GFN2-xTB", "xtb version": "6.3.3 (7355c4f)", "Dipole module/D": 3.675, "Total charge": 0, "Transition dipole module/D": NaN, "HOMO": -10.1326, "LUMO": -6.8681, "HOMO occupancy": 2.0, "LUMO occupancy": 0, "mulliken charges": [0.17112, -0.47019, 0.19758, -0.06364, 0.09306, -0.36599, 0.44143, -0.44233, 0.44308, -0.3656, 0.13734, -0.10202, -0.09503, -0.42625, 0.37732, -0.08982, -0.00905, -0.42564, 0.01483, 0.03291, 0.01388, 0.0124, 0.01678, 0.04071, 0.03874, 0.03205, 0.02713, 0.21799, 0.21801, 0.02616, 0.03428, 0.03478, 0.03175, 0.02601, 0.03812, 0.03193, 0.03446, 0.03627, 0.03546], "cm5 charges": [0.04848, -0.5748, 0.11549, -0.16519, 0.04607, -0.70652, 0.65837, -0.61814, 0.66034, -0.70298, 0.12525, -0.24508, -0.23632, -0.60715, 0.54643, -0.11656, -0.13796, -0.5991, 0.07379, 0.09183, 0.07283, 0.07596, 0.0823, 0.09811, 0.09805, 0.10026, 0.09293, 0.419, 0.42015, 0.09678, 0.08604, 0.08872, 0.08523, 0.07791, 0.09486, 0.08601, 0.08978, 0.09104, 0.0878], "FUKUI+": [0.005, -0.007, 0.003, 0.006, 0.014, -0.05, -0.03, -0.107, -0.028, -0.046, 0.008, 0.013, 0.011, -0.079, -0.049, -0.234, 0.038, -0.075, -0.003, -0.012, -0.005, -0.006, 0.003, -0.023, -0.013, -0.017, -0.019, -0.035, -0.035, -0.011, -0.026, -0.018, -0.012, -0.025, 0.004, -0.019, -0.036, -0.037, -0.048], "FUKUI-": [0.02, -0.082, 0.013, 0.008, 0.012, -0.035, 0.0, -0.067, 0.0, -0.044, 0.006, 0.011, 0.007, -0.056, 0.022, -0.243, 0.039, -0.057, -0.04, -0.034, -0.042, -0.039, -0.036, -0.026, -0.019, -0.017, -0.03, -0.023, -0.024, -0.021, -0.021, -0.017, -0.012, -0.023, -0.001, -0.019, -0.036, -0.036, -0.038], "FUKUIrad": [0.012, -0.045, 0.008, 0.007, 0.013, -0.042, -0.015, -0.087, -0.014, -0.045, 0.007, 0.012, 0.009, -0.068, -0.014, -0.238, 0.039, -0.066, -0.021, -0.023, -0.024, -0.023, -0.017, -0.024, -0.016, -0.017, -0.025, -0.029, -0.03, -0.016, -0.023, -0.018, -0.012, -0.024, 0.002, -0.019, -0.036, -0.036, -0.043], "s proportion": [0.971, 1.695, 0.996, 1.036, 1.006, 1.46, 0.979, 1.53, 0.977, 1.458, 1.028, 1.018, 1.014, 1.534, 1.019, 1.926, 1.01, 1.535, 0.985, 0.967, 0.986, 0.988, 0.983, 0.959, 0.961, 0.968, 0.973, 0.782, 0.782, 0.974, 0.966, 0.965, 0.968, 0.974, 0.962, 0.968, 0.966, 0.964, 0.965], "p proportion": [2.858, 4.775, 2.807, 3.028, 2.901, 3.906, 2.58, 3.912, 2.58, 3.908, 2.835, 3.084, 3.081, 3.892, 2.604, 4.162, 2.999, 3.891, 0.0, 0.0, 0.0, 0.0, 0.0, 0.0, 0.0, 0.0, 0.0, 0.0, 0.0, 0.0, 0.0, 0.0, 0.0, 0.0, 0.0, 0.0, 0.0, 0.0, 0.0], "d proportion": [0.0, 0.0, 0.0, 0.0, 0.0, 0.0, 0.0, 0.0, 0.0, 0.0, 0.0, 0.0, 0.0, 0.0, 0.0, 0.001, 0.0, 0.0, 0.0, 0.0, 0.0, 0.0, 0.0, 0.0, 0.0, 0.0, 0.0, 0.0, 0.0, 0.0, 0.0, 0.0, 0.0, 0.0, 0.0, 0.0, 0.0, 0.0, 0.0], "Fermi-level/eV": -8.5003, "Coordination numbers": [3.65, 1.697, 3.702, 3.801, 3.75, 2.696, 2.943, 1.85, 2.936, 2.7, 3.792, 3.754, 3.753, 1.874, 3.003, 2.035, 3.742, 1.898, 0.924, 0.924, 0.924, 0.924, 0.924, 0.924, 0.924, 0.924, 0.924, 0.86, 0.86, 0.924, 0.924, 0.924, 0.924, 0.924, 0.924, 0.924, 0.924, 0.924, 0.924], "Dispersion coefficient C6": [20.244, 19.384, 19.398, 21.831, 20.471, 25.47, 22.614, 30.14, 22.598, 25.458, 19.534, 22.742, 22.723, 29.481, 23.14, 145.699, 21.605, 29.569, 2.559, 2.237, 2.576, 2.633, 2.532, 2.222, 2.267, 2.115, 2.531, 1.167, 1.191, 2.532, 2.348, 2.349, 2.497, 2.428, 2.258, 2.347, 2.101, 2.169, 2.145], "Total dispersion C6": 15629.946708, "Total dispersion C8": 372684.877429, "Polarizability alpha": [6.463, 5.944, 6.298, 6.652, 6.453, 7.495, 7.799, 8.137, 7.796, 7.494, 6.294, 6.8, 6.797, 8.049, 7.891, 20.316, 6.631, 8.062, 2.502, 2.339, 2.51, 2.538, 2.488, 2.331, 2.354, 2.274, 2.488, 1.692, 1.709, 2.489, 2.396, 2.397, 2.471, 2.437, 2.35, 2.396, 2.267, 2.303, 2.29], "Total polarizability alpha": 190.392862, "Wiberg matrix": [[0.0, 0.9951188796972382, 0.0, 0.0, 0.0, 0.0, 0.0, 0.0, 0.0, 0.0, 0.0, 0.0, 0.0, 0.0, 0.0, 0.0, 0.0, 0.0, 0.9786034383375256, 0.980666339363164, 0.9787673623350056, 0.0, 0.0, 0.0, 0.0, 0.0, 0.0, 0.0, 0.0, 0.0, 0.0, 0.0, 0.0, 0.0, 0.0, 0.0, 0.0, 0.0, 0.0], [0.9951188796972382, 0.0, 0.978313284662263, 0.0, 0.0, 0.0, 0.0, 0.0, 0.0, 0.0, 0.0, 0.0, 0.0, 0.0, 0.0, 0.0, 0.0, 0.0, 0.0, 0.0, 0.0, 0.0, 0.0, 0.0, 0.0, 0.0, 0.0, 0.0, 0.0, 0.0, 0.0, 0.0, 0.0, 0.0, 0.0, 0.0, 0.0, 0.0, 0.0], [0.0, 0.978313284662263, 0.0, 1.0049256094737167, 0.0, 0.0, 0.0, 0.0, 0.0, 0.0, 0.0, 0.0, 0.0, 0.0, 0.0, 0.0, 0.0, 0.0, 0.0, 0.0, 0.0, 0.9689890911404252, 0.9691033324309934, 0.0, 0.0, 0.0, 0.0, 0.0, 0.0, 0.0, 0.0, 0.0, 0.0, 0.0, 0.0, 0.0, 0.0, 0.0, 0.0], [0.0, 0.0, 1.0049256094737167, 0.0, 1.0066275950990375, 0.0, 0.0, 0.0, 0.0, 0.0, 0.0, 0.0, 0.0, 0.0, 0.0, 0.0, 0.0, 0.0, 0.0, 0.0, 0.0, 0.0, 0.0, 0.9724525717965837, 0.9736702918939502, 0.0, 0.0, 0.0, 0.0, 0.0, 0.0, 0.0, 0.0, 0.0, 0.0, 0.0, 0.0, 0.0, 0.0], [0.0, 0.0, 0.0, 1.0066275950990375, 0.0, 0.9881655478343144, 0.0, 0.0, 0.0, 0.0, 0.0, 0.0, 0.0, 0.0, 0.0, 0.0, 0.0, 0.0, 0.0, 0.0, 0.0, 0.0, 0.0, 0.0, 0.0, 0.9685079859511131, 0.9690608001699472, 0.0, 0.0, 0.0, 0.0, 0.0, 0.0, 0.0, 0.0, 0.0, 0.0, 0.0, 0.0], [0.0, 0.0, 0.0, 0.0, 0.9881655478343144, 0.0, 1.1704842680814167, 0.0, 0.0, 0.0, 0.0, 0.0, 0.0, 0.0, 0.0, 0.0, 0.0, 0.0, 0.0, 0.0, 0.0, 0.0, 0.0, 0.0, 0.0, 0.0, 0.0, 0.9310076512286949, 0.0, 0.0, 0.0, 0.0, 0.0, 0.0, 0.0, 0.0, 0.0, 0.0, 0.0], [0.0, 0.0, 0.0, 0.0, 0.0, 1.1704842680814167, 0.0, 1.3378056480076452, 0.0, 0.0, 0.0, 0.0, 0.0, 0.0, 0.0, 0.0, 0.0, 1.3207463833275759, 0.0, 0.0, 0.0, 0.0, 0.0, 0.0, 0.0, 0.0, 0.0, 0.0, 0.0, 0.0, 0.0, 0.0, 0.0, 0.0, 0.0, 0.0, 0.0, 0.0, 0.0], [0.0, 0.0, 0.0, 0.0, 0.0, 0.0, 1.3378056480076452, 0.0, 1.3314336960773134, 0.0, 0.0, 0.0, 0.0, 0.0, 0.0, 0.0, 0.0, 0.0, 0.0, 0.0, 0.0, 0.0, 0.0, 0.0, 0.0, 0.0, 0.0, 0.0, 0.0, 0.0, 0.0, 0.0, 0.0, 0.0, 0.0, 0.0, 0.0, 0.0, 0.0], [0.0, 0.0, 0.0, 0.0, 0.0, 0.0, 0.0, 1.3314336960773134, 0.0, 1.182001916762596, 0.0, 0.0, 0.0, 1.3166105558823475, 0.0, 0.0, 0.0, 0.0, 0.0, 0.0, 0.0, 0.0, 0.0, 0.0, 0.0, 0.0, 0.0, 0.0, 0.0, 0.0, 0.0, 0.0, 0.0, 0.0, 0.0, 0.0, 0.0, 0.0, 0.0], [0.0, 0.0, 0.0, 0.0, 0.0, 0.0, 0.0, 0.0, 1.182001916762596, 0.0, 0.9727490810438195, 0.0, 0.0, 0.0, 0.0, 0.0, 0.0, 0.0, 0.0, 0.0, 0.0, 0.0, 0.0, 0.0, 0.0, 0.0, 0.0, 0.0, 0.9308592410591263, 0.0, 0.0, 0.0, 0.0, 0.0, 0.0, 0.0, 0.0, 0.0, 0.0], [0.0, 0.0, 0.0, 0.0, 0.0, 0.0, 0.0, 0.0, 0.0, 0.9727490810438195, 0.0, 1.0068835175941784, 1.0037676921870358, 0.0, 0.0, 0.0, 0.0, 0.0, 0.0, 0.0, 0.0, 0.0, 0.0, 0.0, 0.0, 0.0, 0.0, 0.0, 0.0, 0.9620015063614737, 0.0, 0.0, 0.0, 0.0, 0.0, 0.0, 0.0, 0.0, 0.0], [0.0, 0.0, 0.0, 0.0, 0.0, 0.0, 0.0, 0.0, 0.0, 0.0, 1.0068835175941784, 0.0, 0.0, 0.0, 0.0, 0.0, 0.0, 0.0, 0.0, 0.0, 0.0, 0.0, 0.0, 0.0, 0.0, 0.0, 0.0, 0.0, 0.0, 0.0, 0.9842135887123189, 0.9857291476291854, 0.9854139862243712, 0.0, 0.0, 0.0, 0.0, 0.0, 0.0], [0.0, 0.0, 0.0, 0.0, 0.0, 0.0, 0.0, 0.0, 0.0, 0.0, 1.0037676921870358, 0.0, 0.0, 0.0, 0.0, 0.0, 0.0, 0.0, 0.0, 0.0, 0.0, 0.0, 0.0, 0.0, 0.0, 0.0, 0.0, 0.0, 0.0, 0.0, 0.0, 0.0, 0.0, 0.9850205679124949, 0.9828264123265564, 0.9856394528067587, 0.0, 0.0, 0.0], [0.0, 0.0, 0.0, 0.0, 0.0, 0.0, 0.0, 0.0, 1.3166105558823475, 0.0, 0.0, 0.0, 0.0, 0.0, 1.3765561053230122, 0.0, 0.0, 0.0, 0.0, 0.0, 0.0, 0.0, 0.0, 0.0, 0.0, 0.0, 0.0, 0.0, 0.0, 0.0, 0.0, 0.0, 0.0, 0.0, 0.0, 0.0, 0.0, 0.0, 0.0], [0.0, 0.0, 0.0, 0.0, 0.0, 0.0, 0.0, 0.0, 0.0, 0.0, 0.0, 0.0, 0.0, 1.3765561053230122, 0.0, 1.0695525067197293, 0.0, 1.3786959930856617, 0.0, 0.0, 0.0, 0.0, 0.0, 0.0, 0.0, 0.0, 0.0, 0.0, 0.0, 0.0, 0.0, 0.0, 0.0, 0.0, 0.0, 0.0, 0.0, 0.0, 0.0], [0.0, 0.0, 0.0, 0.0, 0.0, 0.0, 0.0, 0.0, 0.0, 0.0, 0.0, 0.0, 0.0, 0.0, 1.0695525067197293, 0.0, 1.0119195261325873, 0.0, 0.0, 0.0, 0.0, 0.0, 0.0, 0.0, 0.0, 0.0, 0.0, 0.0, 0.0, 0.0, 0.0, 0.0, 0.0, 0.0, 0.0, 0.0, 0.0, 0.0, 0.0], [0.0, 0.0, 0.0, 0.0, 0.0, 0.0, 0.0, 0.0, 0.0, 0.0, 0.0, 0.0, 0.0, 0.0, 0.0, 1.0119195261325873, 0.0, 0.0, 0.0, 0.0, 0.0, 0.0, 0.0, 0.0, 0.0, 0.0, 0.0, 0.0, 0.0, 0.0, 0.0, 0.0, 0.0, 0.0, 0.0, 0.0, 0.9803454261724664, 0.9813961549082069, 0.979743832585707], [0.0, 0.0, 0.0, 0.0, 0.0, 0.0, 1.3207463833275759, 0.0, 0.0, 0.0, 0.0, 0.0, 0.0, 0.0, 1.3786959930856617, 0.0, 0.0, 0.0, 0.0, 0.0, 0.0, 0.0, 0.0, 0.0, 0.0, 0.0, 0.0, 0.0, 0.0, 0.0, 0.0, 0.0, 0.0, 0.0, 0.0, 0.0, 0.0, 0.0, 0.0], [0.9786034383375256, 0.0, 0.0, 0.0, 0.0, 0.0, 0.0, 0.0, 0.0, 0.0, 0.0, 0.0, 0.0, 0.0, 0.0, 0.0, 0.0, 0.0, 0.0, 0.0, 0.0, 0.0, 0.0, 0.0, 0.0, 0.0, 0.0, 0.0, 0.0, 0.0, 0.0, 0.0, 0.0, 0.0, 0.0, 0.0, 0.0, 0.0, 0.0], [0.980666339363164, 0.0, 0.0, 0.0, 0.0, 0.0, 0.0, 0.0, 0.0, 0.0, 0.0, 0.0, 0.0, 0.0, 0.0, 0.0, 0.0, 0.0, 0.0, 0.0, 0.0, 0.0, 0.0, 0.0, 0.0, 0.0, 0.0, 0.0, 0.0, 0.0, 0.0, 0.0, 0.0, 0.0, 0.0, 0.0, 0.0, 0.0, 0.0], [0.9787673623350056, 0.0, 0.0, 0.0, 0.0, 0.0, 0.0, 0.0, 0.0, 0.0, 0.0, 0.0, 0.0, 0.0, 0.0, 0.0, 0.0, 0.0, 0.0, 0.0, 0.0, 0.0, 0.0, 0.0, 0.0, 0.0, 0.0, 0.0, 0.0, 0.0, 0.0, 0.0, 0.0, 0.0, 0.0, 0.0, 0.0, 0.0, 0.0], [0.0, 0.0, 0.9689890911404252, 0.0, 0.0, 0.0, 0.0, 0.0, 0.0, 0.0, 0.0, 0.0, 0.0, 0.0, 0.0, 0.0, 0.0, 0.0, 0.0, 0.0, 0.0, 0.0, 0.0, 0.0, 0.0, 0.0, 0.0, 0.0, 0.0, 0.0, 0.0, 0.0, 0.0, 0.0, 0.0, 0.0, 0.0, 0.0, 0.0], [0.0, 0.0, 0.9691033324309934, 0.0, 0.0, 0.0, 0.0, 0.0, 0.0, 0.0, 0.0, 0.0, 0.0, 0.0, 0.0, 0.0, 0.0, 0.0, 0.0, 0.0, 0.0, 0.0, 0.0, 0.0, 0.0, 0.0, 0.0, 0.0, 0.0, 0.0, 0.0, 0.0, 0.0, 0.0, 0.0, 0.0, 0.0, 0.0, 0.0], [0.0, 0.0, 0.0, 0.9724525717965837, 0.0, 0.0, 0.0, 0.0, 0.0, 0.0, 0.0, 0.0, 0.0, 0.0, 0.0, 0.0, 0.0, 0.0, 0.0, 0.0, 0.0, 0.0, 0.0, 0.0, 0.0, 0.0, 0.0, 0.0, 0.0, 0.0, 0.0, 0.0, 0.0, 0.0, 0.0, 0.0, 0.0, 0.0, 0.0], [0.0, 0.0, 0.0, 0.9736702918939502, 0.0, 0.0, 0.0, 0.0, 0.0, 0.0, 0.0, 0.0, 0.0, 0.0, 0.0, 0.0, 0.0, 0.0, 0.0, 0.0, 0.0, 0.0, 0.0, 0.0, 0.0, 0.0, 0.0, 0.0, 0.0, 0.0, 0.0, 0.0, 0.0, 0.0, 0.0, 0.0, 0.0, 0.0, 0.0], [0.0, 0.0, 0.0, 0.0, 0.9685079859511131, 0.0, 0.0, 0.0, 0.0, 0.0, 0.0, 0.0, 0.0, 0.0, 0.0, 0.0, 0.0, 0.0, 0.0, 0.0, 0.0, 0.0, 0.0, 0.0, 0.0, 0.0, 0.0, 0.0, 0.0, 0.0, 0.0, 0.0, 0.0, 0.0, 0.0, 0.0, 0.0, 0.0, 0.0], [0.0, 0.0, 0.0, 0.0, 0.9690608001699472, 0.0, 0.0, 0.0, 0.0, 0.0, 0.0, 0.0, 0.0, 0.0, 0.0, 0.0, 0.0, 0.0, 0.0, 0.0, 0.0, 0.0, 0.0, 0.0, 0.0, 0.0, 0.0, 0.0, 0.0, 0.0, 0.0, 0.0, 0.0, 0.0, 0.0, 0.0, 0.0, 0.0, 0.0], [0.0, 0.0, 0.0, 0.0, 0.0, 0.9310076512286949, 0.0, 0.0, 0.0, 0.0, 0.0, 0.0, 0.0, 0.0, 0.0, 0.0, 0.0, 0.0, 0.0, 0.0, 0.0, 0.0, 0.0, 0.0, 0.0, 0.0, 0.0, 0.0, 0.0, 0.0, 0.0, 0.0, 0.0, 0.0, 0.0, 0.0, 0.0, 0.0, 0.0], [0.0, 0.0, 0.0, 0.0, 0.0, 0.0, 0.0, 0.0, 0.0, 0.9308592410591263, 0.0, 0.0, 0.0, 0.0, 0.0, 0.0, 0.0, 0.0, 0.0, 0.0, 0.0, 0.0, 0.0, 0.0, 0.0, 0.0, 0.0, 0.0, 0.0, 0.0, 0.0, 0.0, 0.0, 0.0, 0.0, 0.0, 0.0, 0.0, 0.0], [0.0, 0.0, 0.0, 0.0, 0.0, 0.0, 0.0, 0.0, 0.0, 0.0, 0.9620015063614737, 0.0, 0.0, 0.0, 0.0, 0.0, 0.0, 0.0, 0.0, 0.0, 0.0, 0.0, 0.0, 0.0, 0.0, 0.0, 0.0, 0.0, 0.0, 0.0, 0.0, 0.0, 0.0, 0.0, 0.0, 0.0, 0.0, 0.0, 0.0], [0.0, 0.0, 0.0, 0.0, 0.0, 0.0, 0.0, 0.0, 0.0, 0.0, 0.0, 0.9842135887123189, 0.0, 0.0, 0.0, 0.0, 0.0, 0.0, 0.0, 0.0, 0.0, 0.0, 0.0, 0.0, 0.0, 0.0, 0.0, 0.0, 0.0, 0.0, 0.0, 0.0, 0.0, 0.0, 0.0, 0.0, 0.0, 0.0, 0.0], [0.0, 0.0, 0.0, 0.0, 0.0, 0.0, 0.0, 0.0, 0.0, 0.0, 0.0, 0.9857291476291854, 0.0, 0.0, 0.0, 0.0, 0.0, 0.0, 0.0, 0.0, 0.0, 0.0, 0.0, 0.0, 0.0, 0.0, 0.0, 0.0, 0.0, 0.0, 0.0, 0.0, 0.0, 0.0, 0.0, 0.0, 0.0, 0.0, 0.0], [0.0, 0.0, 0.0, 0.0, 0.0, 0.0, 0.0, 0.0, 0.0, 0.0, 0.0, 0.9854139862243712, 0.0, 0.0, 0.0, 0.0, 0.0, 0.0, 0.0, 0.0, 0.0, 0.0, 0.0, 0.0, 0.0, 0.0, 0.0, 0.0, 0.0, 0.0, 0.0, 0.0, 0.0, 0.0, 0.0, 0.0, 0.0, 0.0, 0.0], [0.0, 0.0, 0.0, 0.0, 0.0, 0.0, 0.0, 0.0, 0.0, 0.0, 0.0, 0.0, 0.9850205679124949, 0.0, 0.0, 0.0, 0.0, 0.0, 0.0, 0.0, 0.0, 0.0, 0.0, 0.0, 0.0, 0.0, 0.0, 0.0, 0.0, 0.0, 0.0, 0.0, 0.0, 0.0, 0.0, 0.0, 0.0, 0.0, 0.0], [0.0, 0.0, 0.0, 0.0, 0.0, 0.0, 0.0, 0.0, 0.0, 0.0, 0.0, 0.0, 0.9828264123265564, 0.0, 0.0, 0.0, 0.0, 0.0, 0.0, 0.0, 0.0, 0.0, 0.0, 0.0, 0.0, 0.0, 0.0, 0.0, 0.0, 0.0, 0.0, 0.0, 0.0, 0.0, 0.0, 0.0, 0.0, 0.0, 0.0], [0.0, 0.0, 0.0, 0.0, 0.0, 0.0, 0.0, 0.0, 0.0, 0.0, 0.0, 0.0, 0.9856394528067587, 0.0, 0.0, 0.0, 0.0, 0.0, 0.0, 0.0, 0.0, 0.0, 0.0, 0.0, 0.0, 0.0, 0.0, 0.0, 0.0, 0.0, 0.0, 0.0, 0.0, 0.0, 0.0, 0.0, 0.0, 0.0, 0.0], [0.0, 0.0, 0.0, 0.0, 0.0, 0.0, 0.0, 0.0, 0.0, 0.0, 0.0, 0.0, 0.0, 0.0, 0.0, 0.0, 0.9803454261724664, 0.0, 0.0, 0.0, 0.0, 0.0, 0.0, 0.0, 0.0, 0.0, 0.0, 0.0, 0.0, 0.0, 0.0, 0.0, 0.0, 0.0, 0.0, 0.0, 0.0, 0.0, 0.0], [0.0, 0.0, 0.0, 0.0, 0.0, 0.0, 0.0, 0.0, 0.0, 0.0, 0.0, 0.0, 0.0, 0.0, 0.0, 0.0, 0.9813961549082069, 0.0, 0.0, 0.0, 0.0, 0.0, 0.0, 0.0, 0.0, 0.0, 0.0, 0.0, 0.0, 0.0, 0.0, 0.0, 0.0, 0.0, 0.0, 0.0, 0.0, 0.0, 0.0], [0.0, 0.0, 0.0, 0.0, 0.0, 0.0, 0.0, 0.0, 0.0, 0.0, 0.0, 0.0, 0.0, 0.0, 0.0, 0.0, 0.979743832585707, 0.0, 0.0, 0.0, 0.0, 0.0, 0.0, 0.0, 0.0, 0.0, 0.0, 0.0, 0.0, 0.0, 0.0, 0.0, 0.0, 0.0, 0.0, 0.0, 0.0, 0.0, 0.0]], "Born radii": [], "Atomic SASAs": [], "Solvent H bonds": [], "Total SASA": NaN, "Total FOD": 0.0, "FOD": [0.0, 0.0, 0.0, 0.0, 0.0, 0.0, 0.0, 0.0, 0.0, 0.0, 0.0, 0.0, 0.0, 0.0, 0.0, 0.0, 0.0, 0.0, 0.0, 0.0, 0.0, 0.0, 0.0, 0.0, 0.0, 0.0, 0.0, 0.0, 0.0, 0.0, 0.0, 0.0, 0.0, 0.0, 0.0, 0.0, 0.0, 0.0, 0.0], "FOD s proportion": [0.0, 0.0, 0.0, 0.0, 0.0, 0.0, 0.0, 0.0, 0.0, 0.0, 0.0, 0.0, 0.0, 0.0, 0.0, 0.0, 0.0, 0.0, 0.0, 0.0, 0.0, 0.0, 0.0, 0.0, 0.0, 0.0, 0.0, 0.0, 0.0, 0.0, 0.0, 0.0, 0.0, 0.0, 0.0, 0.0, 0.0, 0.0, 0.0], "FOD p proportion": [0.0, 0.0, 0.0, 0.0, 0.0, 0.0, 0.0, 0.0, 0.0, 0.0, 0.0, 0.0, 0.0, 0.0, 0.0, 0.0, 0.0, 0.0, 0.0, 0.0, 0.0, 0.0, 0.0, 0.0, 0.0, 0.0, 0.0, 0.0, 0.0, 0.0, 0.0, 0.0, 0.0, 0.0, 0.0, 0.0, 0.0, 0.0, 0.0], "FOD d proportion": [0.0, 0.0, 0.0, 0.0, 0.0, 0.0, 0.0, 0.0, 0.0, 0.0, 0.0, 0.0, 0.0, 0.0, 0.0, 0.0, 0.0, 0.0, 0.0, 0.0, 0.0, 0.0, 0.0, 0.0, 0.0, 0.0, 0.0, 0.0, 0.0, 0.0, 0.0, 0.0, 0.0, 0.0, 0.0, 0.0, 0.0, 0.0, 0.0], "coordinates": [["-6.49590", "-1.38890", "1.36740"], ["-5.92540", "-0.77830", "0.21720"], ["-4.49940", "-0.73280", "0.30070"], ["-3.97420", "-0.04520", "-0.95410"], ["-2.44990", "-0.02340", "-1.01230"], ["-1.91930", "0.82180", "0.04510"], ["-0.53290", "0.94210", "0.04840"], ["0.23020", "-0.09450", "-0.27280"], ["1.53880", "0.10520", "-0.22680"], ["2.31790", "-0.99170", "-0.57510"], ["3.59790", "-1.12740", "0.11180"], ["3.90910", "-2.61630", "0.28170"], ["4.70270", "-0.46260", "-0.70940"], ["2.10300", "1.25160", "0.11410"], ["1.25600", "2.22880", "0.41070"], ["1.91070", "3.81500", "0.88520"], ["3.63580", "3.61750", "0.37700"], ["-0.06780", "2.12800", "0.39700"], ["-6.24930", "-0.81680", "2.26690"], ["-7.58260", "-1.40020", "1.24770"], ["-6.14440", "-2.42030", "1.46780"], ["-4.10830", "-1.75460", "0.36780"], ["-4.20620", "-0.17700", "1.19840"], ["-4.36210", "-0.56910", "-1.83680"], ["-4.37840", "0.97360", "-1.00910"], ["-2.07350", "-1.05010", "-0.92400"], ["-2.14240", "0.36610", "-1.99100"], ["-2.27620", "1.77370", "0.05340"], ["1.69800", "-1.79380", "-0.51330"], ["3.56400", "-0.68280", "1.11500"], ["4.86940", "-2.75950", "0.78810"], ["3.95280", "-3.12910", "-0.68580"], ["3.13530", "-3.10810", "0.88160"], ["5.67600", "-0.58660", "-0.22300"], ["4.52610", "0.61080", "-0.82890"], ["4.76720", "-0.89690", "-1.71360"], ["4.12430", "2.82710", "0.95370"], ["3.70350", "3.39090", "-0.69080"], ["4.16960", "4.55370", "0.56260"]], "bond_dist": [[0.0, 1.4217111696825062, 2.35676225996599, 3.6815571202957043, 4.888525170232837, 5.251755834004472, 6.536871652403771, 7.043163253112907, 8.326476598177646, 9.034054711479227, 10.174955137493237, 10.533246425010667, 11.427150646158472, 9.082074782229004, 8.607844201076134, 9.898687570077156, 11.344438197196016, 7.391260473018117, 1.0941710195394503, 1.0933309974568548, 1.094266133077324, 2.6141098695349436, 2.596148820849837, 3.9359969664622456, 3.96395821748918, 4.992286165676002, 5.771640824756856, 5.434565562213782, 8.41670800907338, 10.087808036436854, 11.462293703268992, 10.78977562185609, 9.795492010103422, 12.301553034474958, 11.415209931490526, 11.687260012937163, 11.433916727438591, 11.45034652925404, 12.235811703765306], [1.4217111696825062, 0.0, 1.4291670651117037, 2.3909330270837783, 3.7630631817709355, 4.317264832043548, 5.662801943384564, 6.212816897350186, 7.529408335984972, 8.284037285044048, 9.530279264533647, 10.004988480752989, 10.67308594830942, 8.281686433329869, 7.787977826111217, 9.10763921661371, 10.524501846643384, 6.541436041879489, 2.075491158738095, 2.048170329830994, 2.0756024089405947, 2.0682587990868067, 2.0688073303234398, 2.5897080009143885, 2.6393511134367857, 4.026579974370309, 4.527348848940183, 4.456029070820791, 7.725354235243845, 9.53225458378027, 10.989940276907785, 10.194140713174406, 9.379002073248518, 11.61133096978981, 10.595177028723965, 10.866174550411014, 10.702233949040732, 10.531970748630098, 11.421845304503119], [2.35676225996599, 1.4291670651117037, 0.0, 1.5241889121759151, 2.535284522494467, 3.023082620438945, 4.313011424747214, 4.806812384522615, 6.118852791986419, 6.878199920037218, 8.109109671227786, 8.616890709530903, 9.261314942274666, 6.896691139959799, 6.473623693110374, 7.881212286190494, 9.225638775716291, 5.275654356570377, 2.63346700188174, 3.293683955694596, 2.62979156208244, 1.0961463679636947, 1.0957851842400497, 2.14815158450236, 2.154534288425227, 2.7359751808084805, 3.466254332849798, 3.3595115388996657, 6.340038151304769, 8.104566863812032, 9.597889616472989, 8.840538489255051, 8.016741170201268, 10.189916647843592, 9.194612953789843, 9.48441926846341, 9.352406038020376, 9.234475748519783, 10.157127293679055], [3.6815571202957043, 2.3909330270837783, 1.5241889121759151, 0.0, 1.5255664423419915, 2.443911547090033, 3.7178371709906823, 4.259528088884965, 5.56280095365635, 6.374168625005146, 7.722952677570931, 8.383565812946182, 8.690379419795203, 6.305164654471762, 5.864191937513642, 7.274353341706738, 8.549812775727899, 4.669928308871561, 4.018244339260618, 4.438974971769947, 4.02696755139646, 2.165052142559158, 2.1689747555008565, 1.0973134966817824, 1.0974315832889083, 2.150207085375732, 2.144719221716447, 2.684521830792218, 5.951954253856459, 7.84296932354067, 9.413391858942239, 8.509979618071949, 7.95588720068353, 9.692986186413348, 8.526494656656977, 8.81557185326057, 8.802017403981885, 8.415651334864105, 9.474794907542854], [4.888525170232837, 3.7630631817709355, 2.535284522494467, 1.5255664423419915, 0.0, 1.4539581011844873, 2.3941937557349027, 2.7811600942772063, 4.0673426091245375, 4.884738024705111, 6.24966412297493, 6.988164809876768, 7.172470411929211, 4.8603806815927495, 4.56410217348385, 6.111354446438203, 7.226482670705023, 3.5055739701224393, 5.081149137744335, 5.7747543263761445, 5.054241374331068, 2.7662284811634774, 2.827609792740151, 2.1526954220232826, 2.170974778757229, 1.0970810088594187, 1.0973241043556823, 2.096534423757454, 4.537443285595975, 6.413049731601962, 8.018717843894995, 7.12366071833857, 6.655575883422862, 8.183546880173658, 7.007169271538971, 7.303516711146761, 7.430384370273182, 7.044511217962535, 8.200483807068945], [5.251755834004472, 4.317264832043548, 3.023082620438945, 2.443911547090033, 1.4539581011844873, 0.0, 1.3916134305186911, 2.3581807288670644, 3.5420193082477684, 4.6505154692786475, 5.851779675449171, 6.7710233886761895, 6.787476527399561, 4.045786243735574, 3.4922546370503973, 4.932941744030635, 6.227779067211682, 2.2930425857362526, 5.135202547125089, 6.2013303129248, 5.512418499170759, 3.396129156849015, 2.749111481915566, 3.382812773418003, 2.6798421016918144, 2.1135141494676586, 2.09836586657332, 1.0166415838435885, 4.498670160169558, 5.785765814479532, 7.711303805453394, 7.115151722205226, 6.456998328945114, 7.729427550601661, 6.507809013792583, 7.124341206736241, 6.432097870057637, 6.225568525042512, 7.1602784212626815], [6.536871652403771, 5.662801943384564, 4.313011424747214, 3.7178371709906823, 2.3941937557349027, 1.3916134305186911, 0.0, 1.326661452669821, 2.251239112133582, 3.5007706765796587, 4.620644808898429, 5.696314900881095, 5.473476983600095, 2.6548211898355794, 2.2331639863655335, 3.863284821236974, 4.964252492571264, 1.3206811803005298, 6.379083039120905, 7.524822912866456, 6.6939795615164535, 4.489731886204342, 4.008493195703343, 4.527745257851859, 3.9883792134148925, 2.699605704542795, 2.661093498921073, 1.9314964276436026, 3.574572773073728, 4.534592063240088, 6.590435792874398, 6.102067155481001, 5.527570308915121, 6.400079754190568, 5.145181821860136, 5.880274229149521, 5.105125358891787, 4.948749644102032, 5.951601670978998], [7.043163253112907, 6.212816897350186, 4.806812384522615, 4.259528088884965, 2.7811600942772063, 2.3581807288670644, 1.326661452669821, 0.0, 1.3245489987161667, 2.2923447428342882, 3.5434732763208476, 4.494580147244012, 4.508810643617672, 2.338601432480533, 2.6300495774794816, 4.410128626242097, 5.079300680211794, 2.3402867965272973, 6.99683597278084, 8.065768195280596, 7.005323629926029, 4.689230493375219, 4.674706477416524, 4.874480531297668, 4.787710231415431, 2.5776474720178477, 2.965399527888274, 3.1430269868392795, 2.25829528184425, 3.6587304041156137, 5.4543478482766385, 4.820489282220219, 4.342122790755692, 5.468215439245239, 4.388787088706855, 4.827434038907213, 5.020364889129076, 4.938273995031057, 6.150002338210938], [8.326476598177646, 7.529408335984972, 6.118852791986419, 5.56280095365635, 4.0673426091245375, 3.5420193082477684, 2.251239112133582, 1.3245489987161667, 0.0, 1.389783907663346, 2.4236017680303834, 3.6446476633551286, 3.2504711673848146, 1.3224096982402997, 2.2351865805789015, 3.890690125157746, 4.13500117654155, 2.6574442308353343, 8.22940613288711, 9.361640741344434, 8.263254906512325, 5.975127078983341, 5.925863386882962, 6.153649429403661, 6.031531123189202, 3.8561012979433, 4.090440549622986, 4.173323530473044, 1.9270775516309664, 2.5539785198783482, 4.50881630364334, 4.061868226567672, 3.7553508091788173, 4.1946424782095555, 3.0890317350263654, 3.692877632687008, 3.9353691199174694, 3.9619498457199076, 5.228136690064635], [9.034054711479227, 8.284037285044048, 6.878199920037218, 6.374168625005146, 4.884738024705111, 4.6505154692786475, 3.5007706765796587, 2.2923447428342882, 1.389783907663346, 0.0, 1.4589880397042332, 2.430092352154543, 2.446477945945968, 2.3566021174564025, 3.5314378799576813, 5.040104445346347, 4.887543294948906, 4.045870856811917, 9.027982601334585, 10.07518597049206, 8.82183992486828, 6.5396577326340255, 6.809766453410866, 6.8112317278154615, 6.992223807916906, 4.405625464108359, 4.872645045557905, 5.398907687671645, 1.0156080247812145, 2.122409581112939, 3.39021877317674, 2.693256627208035, 2.696157749464968, 3.4007228687442326, 2.7401766238693446, 2.7026357098210627, 4.492609914069995, 4.597875227754664, 5.956057029612796], [10.174955137493237, 9.530279264533647, 8.109109671227786, 7.722952677570931, 6.24966412297493, 5.851779675449171, 4.620644808898429, 3.5434732763208476, 2.4236017680303834, 1.4589880397042332, 0.0, 1.5305341093879614, 1.528696019488505, 2.8096925632531398, 4.103402887848085, 5.279404242904686, 4.752456571079845, 4.910837473384759, 10.085052117366574, 11.241364192125438, 9.920823337808208, 7.7359184509662455, 7.936493969631679, 8.21403316586925, 8.324180410106452, 5.765729345885046, 6.293119590473392, 6.551705318464805, 2.108188554185797, 1.0978290440683376, 2.1766589879905394, 2.1837863128062693, 2.1748018967253087, 2.173259140093514, 2.183531765283024, 2.18001786689926, 4.077249418419236, 4.590245419364852, 5.727561325730175], [10.533246425010667, 10.004988480752989, 8.616890709530903, 8.383565812946182, 6.988164809876768, 6.7710233886761895, 5.696314900881095, 4.494580147244012, 3.6446476633551286, 2.430092352154543, 1.5305341093879614, 0.0, 2.5001007699690825, 4.27208817558814, 5.525447911255703, 6.761614784945976, 6.2405157975923755, 6.191721100792574, 10.505822664122977, 11.596172821237186, 10.125122787403617, 8.064033907418793, 8.523415833455504, 8.780194731895188, 9.123387687695837, 6.300650576726184, 7.1190257268814525, 7.588290781197041, 2.4894767442175474, 2.133519428081216, 1.095044880358791, 1.0958694174033694, 1.0956795562572117, 2.7379444461128135, 3.4681833529962054, 2.77017942740177, 5.4889433044986, 6.08888162555325, 7.180227368266272], [11.427150646158472, 10.67308594830942, 9.261314942274666, 8.690379419795203, 7.172470411929211, 6.787476527399561, 5.473476983600095, 4.508810643617672, 3.2504711673848146, 2.446477945945968, 1.528696019488505, 2.5001007699690825, 0.0, 3.221036165583988, 4.514199692082751, 5.351249846531181, 4.354969182439756, 5.540126313541958, 11.354740126044277, 12.47549318704475, 11.235317865552359, 8.970136277671594, 9.11535887444921, 9.135259823891163, 9.198851435913072, 6.805005205729089, 7.013175903968188, 7.368035473584529, 3.292228840770338, 2.161842059448377, 2.747006507090946, 2.770041375142256, 3.4621805282220626, 1.0951136242417954, 1.0943744194744318, 1.0959901368169331, 3.731296592338915, 3.9809808904339143, 5.202446088139694], [9.082074782229004, 8.281686433329869, 6.896691139959799, 6.305164654471762, 4.8603806815927495, 4.045786243735574, 2.6548211898355794, 2.338601432480533, 1.3224096982402997, 2.3566021174564025, 2.8096925632531398, 4.27208817558814, 3.221036165583988, 0.0, 1.3267631288214188, 2.683764904010781, 2.831267394648552, 2.35806743118173, 8.869821964955102, 10.105836905472005, 9.128798390806974, 6.905204545848008, 6.559162224705226, 6.994174526704349, 6.583874862115774, 4.8804330494332175, 4.820682256693549, 4.410630968466983, 3.135620659454839, 2.6226370641017027, 4.9189600699741405, 4.8220465095226945, 4.545512471658173, 4.032238168808981, 2.6779259231726327, 3.8800130386378857, 2.6968096150822363, 2.7903528002745457, 3.9212054549589723], [8.607844201076134, 7.787977826111217, 6.473623693110374, 5.864191937513642, 4.56410217348385, 3.4922546370503973, 2.2331639863655335, 2.6300495774794816, 2.2351865805789015, 3.5314378799576813, 4.103402887848085, 5.525447911255703, 4.514199692082751, 1.3267631288214188, 0.0, 1.7803968040861002, 2.755552833824821, 1.3277028168984204, 8.30967423489032, 9.591197003502742, 8.80326708557681, 6.681693681994109, 6.020296817433506, 6.666524452066459, 5.94456242628505, 4.859853860971542, 4.559269320845172, 3.5792759239823906, 4.150957812360902, 3.7815760008229375, 6.171079906304893, 6.097715547645692, 5.677677069893989, 5.278679081929494, 3.8533214464926226, 5.158602176946775, 2.979925633300267, 2.9247281771132165, 3.7305895753888554], [9.898687570077156, 9.10763921661371, 7.881212286190494, 7.274353341706738, 6.111354446438203, 4.932941744030635, 3.863284821236974, 4.410128626242097, 3.890690125157746, 5.040104445346347, 5.279404242904686, 6.761614784945976, 5.351249846531181, 2.683764904010781, 1.7803968040861002, 0.0, 1.8092107395215185, 2.6455189453111085, 9.484105974207585, 10.83754871638416, 10.203088986184527, 8.216842941178808, 7.310993355899047, 8.122661918977053, 7.156445015508748, 6.543412893131535, 6.049384866248799, 4.731694045476736, 5.7844343699276255, 4.797542471932895, 7.21022775992548, 7.406668496699444, 7.030574068310496, 5.897429430692664, 4.477203771328707, 6.092237298398676, 2.4250079628735235, 2.4244109903232167, 2.398411486797042], [11.344438197196016, 10.524501846643384, 9.225638775716291, 8.549812775727899, 7.226482670705023, 6.227779067211682, 4.964252492571264, 5.079300680211794, 4.13500117654155, 4.887543294948906, 4.752456571079845, 6.2405157975923755, 4.354969182439756, 2.831267394648552, 2.755552833824821, 1.8092107395215185, 0.0, 3.9919498005360743, 10.997724333242763, 12.320224443572446, 11.545440031458309, 9.425000151724136, 8.750422401804384, 9.294887541546696, 8.55212734119412, 7.488337415608355, 7.040356610286159, 6.201294977663939, 5.816345125592188, 4.363757478366551, 6.508217971918273, 6.837151775410577, 6.763047890559403, 4.7113557337564735, 3.359624054860901, 5.102007612695222, 1.093593754554222, 1.0936762272263214, 1.0935539492864537], [7.391260473018117, 6.541436041879489, 5.275654356570377, 4.669928308871561, 3.5055739701224393, 2.2930425857362526, 1.3206811803005298, 2.3402867965272973, 2.6574442308353343, 4.045870856811917, 4.910837473384759, 6.191721100792574, 5.540126313541958, 2.35806743118173, 1.3277028168984204, 2.6455189453111085, 3.9919498005360743, 0.0, 7.097838776698158, 8.345304354545734, 7.665423216626724, 5.60366626861379, 4.804333618723828, 5.5412294069096255, 4.678784984373614, 3.9834900652568472, 3.6208839763240137, 2.262878699798113, 4.396272394881827, 4.648235351184361, 6.958200866603377, 6.706323926712756, 6.157225834740838, 6.3831568678828505, 4.990856024771702, 6.081272676833362, 4.286298882485915, 4.123218274600558, 4.885386638742117], [1.0941710195394503, 2.075491158738095, 2.63346700188174, 4.018244339260618, 5.081149137744335, 5.135202547125089, 6.379083039120905, 6.99683597278084, 8.22940613288711, 9.027982601334585, 10.085052117366574, 10.505822664122977, 11.354740126044277, 8.869821964955102, 8.30967423489032, 9.484105974207585, 10.997724333242763, 7.097838776698158, 0.0, 1.7767422688730072, 1.794652353521428, 3.0116325556083363, 2.3927586380577544, 4.5236304910989364, 4.175880143155452, 5.260568157528234, 6.032875966734274, 5.2340993599663355, 8.47606148691714, 9.881583198050807, 11.383603226571102, 10.869591206204582, 9.759089554871396, 12.184636807882294, 11.301825717997955, 11.713840894855965, 11.073124148586071, 11.203167249487976, 11.84484638777557], [1.0933309974568548, 2.048170329830994, 3.293683955694596, 4.438974971769947, 5.7747543263761445, 6.2013303129248, 7.524822912866456, 8.065768195280596, 9.361640741344434, 10.07518597049206, 11.241364192125438, 11.596172821237186, 12.47549318704475, 10.105836905472005, 9.591197003502742, 10.83754871638416, 12.320224443572446, 8.345304354545734, 1.7767422688730072, 0.0, 1.7769263518784342, 3.6014696805609794, 3.59147959621101, 4.536131359429531, 4.582026879013261, 5.932034533783498, 6.573033502120616, 6.297449853710627, 9.454394656454744, 11.170450465849619, 12.534401966188893, 11.82340774142548, 10.85929703203665, 13.3647064094203, 12.448976032188348, 12.709845342096024, 12.450221238998125, 12.413237880182592, 13.192137509137781], [1.094266133077324, 2.0756024089405947, 2.62979156208244, 4.02696755139646, 5.054241374331068, 5.512418499170759, 6.6939795615164535, 7.005323629926029, 8.263254906512325, 8.82183992486828, 9.920823337808208, 10.125122787403617, 11.235317865552359, 9.128798390806974, 8.80326708557681, 10.203088986184527, 11.545440031458309, 7.665423216626724, 1.794652353521428, 1.7769263518784342, 0.0, 2.4080821622195536, 2.976842369021242, 4.186157652310768, 4.5576690116769125, 4.916338280671907, 5.978572271035954, 5.878191439550093, 8.11298325032167, 9.86896168044035, 11.03996554206579, 10.348615281282807, 9.323600772770142, 12.080691887884566, 11.327928687540366, 11.467565917839758, 11.543210353276944, 11.63661178393436, 12.483375306382486], [2.6141098695349436, 2.0682587990868067, 1.0961463679636947, 2.165052142559158, 2.7662284811634774, 3.396129156849015, 4.489731886204342, 4.689230493375219, 5.975127078983341, 6.5396577326340255, 7.7359184509662455, 8.064033907418793, 8.970136277671594, 6.905204545848008, 6.681693681994109, 8.216842941178808, 9.425000151724136, 5.60366626861379, 3.0116325556083363, 3.6014696805609794, 2.4080821622195536, 0.0, 1.7855818463458906, 2.5159661861797744, 3.067879212094244, 2.5110711917426793, 3.731764829139157, 3.988024405642473, 5.872903331402621, 7.782753392598277, 9.043537659013754, 8.245038290996591, 7.386859525535868, 9.87146367718587, 9.032168699155259, 9.156548230638005, 9.439859980953107, 9.413873987365669, 10.409429587638314], [2.596148820849837, 2.0688073303234398, 1.0957851842400497, 2.1689747555008565, 2.827609792740151, 2.749111481915566, 4.008493195703343, 4.674706477416524, 5.925863386882962, 6.809766453410866, 7.936493969631679, 8.523415833455504, 9.11535887444921, 6.559162224705226, 6.020296817433506, 7.310993355899047, 8.750422401804384, 4.804333618723828, 2.3927586380577544, 3.59147959621101, 2.976842369021242, 1.7855818463458906, 0.0, 3.06439003065863, 2.495313497338561, 3.1329370660771336, 3.837512268384298, 2.9734080597859425, 6.356377645325991, 7.787091706150635, 9.44479579980425, 8.878872960573316, 7.911341965810857, 9.992298382254205, 8.999090921865385, 9.461496053479069, 8.858991203856114, 8.88044712500446, 9.640424771243225], [3.9359969664622456, 2.5897080009143885, 2.14815158450236, 1.0973134966817824, 2.1526954220232826, 3.382812773418003, 4.527745257851859, 4.874480531297668, 6.153649429403661, 6.8112317278154615, 8.21403316586925, 8.780194731895188, 9.135259823891163, 6.994174526704349, 6.666524452066459, 8.122661918977053, 9.294887541546696, 5.5412294069096255, 4.5236304910989364, 4.536131359429531, 4.186157652310768, 2.5159661861797744, 3.06439003065863, 0.0, 1.75079304031059, 2.5104292063310605, 2.4135958174474865, 3.662314389836023, 6