{"total energy": -60.37605711, "HOMO-LUMO gap/eV": 2.37488401, "electronic energy": -61.04952625, "dipole": [-0.23337538, 0.61575837, -1.9682694], "partial charges": [-0.11345986, 0.09326063, -0.27991821, 0.5130653, -0.41708999, -0.26045118, 0.09226328, -0.11457668, -0.24565905, 0.25166227, -0.08329858, 0.12283824, -0.12038979, -0.26500946, 0.18876553, -0.26644594, -0.01433725, -0.10124357, -0.1027466, 0.05497443, 0.05731299, 0.05927811, 0.05285024, 0.04079997, 0.05182205, 0.04721259, 0.0537392, 0.06356105, 0.05699502, 0.05833383, 0.07213121, 0.06281969, 0.06357492, 0.05612023, 0.03376753, 0.05201084, 0.04447386, 0.05866514, 0.03793348, 0.04439452], "atomic dipole moments": [[0.11117309, -0.02052287, 0.09696857], [0.09600136, -0.22793598, -0.13263705], [0.05375128, 0.13574705, 0.11155342], [-0.00632689, 0.07619189, -0.25933777], [0.02473024, 0.05405708, -0.51270511], [-0.1469364, -0.03776762, 0.10537451], [0.20010243, 0.20632443, 0.0018653], [-0.09772649, 0.11075332, -0.03179781], [0.07504363, -0.11057262, 0.05947189], [-0.26368374, -0.05566063, 0.03904365], [-0.02604214, -0.03431591, 0.02008817], [0.02111977, -0.00427902, 0.0024034], [-0.06970249, -0.06369151, 0.03834002], [-0.27513524, 0.01553199, 0.00235173], [-0.04563429, 0.01858488, -0.00628815], [0.10620404, 0.2115669, -0.12135762], [-0.11104546, -0.00549611, 0.00789072], [0.03582124, 0.11123473, 0.04890389], [0.02922031, 0.01186934, -0.12710709], [-0.06182393, 0.10727968, 0.03426365], [0.03910448, 0.01102233, -0.12136801], [-0.08353301, -0.09750571, -0.00416956], [-0.0395794, -0.0217057, 0.11307706], [0.08633301, 0.08635488, -0.00521081], [-0.05822566, -0.01657335, -0.10391106], [-0.08196801, 0.02065627, 0.08948135], [-0.06545395, -0.10865673, 0.0120808], [0.06887396, 0.01922099, 0.10781455], [0.08934467, -0.01443236, -0.09019734], [-0.07877129, 0.1189478, -0.06405647], [0.1293428, -0.02393161, 0.00868573], [-0.02772785, 0.00839608, -0.12999716], [-0.0207452, 0.11633948, 0.06202809], [0.12196789, 0.01684157, -0.01653868], [0.02016062, 0.00335044, -0.12547601], [-0.12357198, -0.03441858, 0.01437474], [0.06741075, -0.09588471, 0.04379855], [-0.12408933, -0.02468986, 0.03366647], [0.03064508, 0.10981635, 0.05885437], [0.06824927, -0.08928793, 0.05514531]], "atomic quadrupole moments": [[0.10767374, -0.07527338, -0.12189104, 0.19907967, -0.04896181, 0.0142173], [-0.01194669, -0.37098304, 0.20002003, 0.04669565, 0.178358, -0.18807334], [0.02357029, -0.10175417, 0.03957567, 0.02118138, 0.06336964, -0.06314597], [0.50937248, 0.20280534, 0.77190115, -0.29385895, 0.13001477, -1.28127363], [-0.35864658, -0.0024978, -0.34520891, 0.03928826, -0.10898646, 0.70385549], [-0.03247476, 0.06615548, 0.09696991, -0.03750206, 0.03363276, -0.06449515], [-0.02281947, 0.23343958, 0.38514046, 0.00938901, -0.07990188, -0.36232099], [0.00710906, -0.18850615, 0.13222579, 0.04921286, -0.06805863, -0.13933485], [0.07444514, 0.03865185, -0.0203212, -0.02318179, -0.04786228, -0.05412394], [0.19771243, -0.01119047, -0.32555251, 0.01100209, 0.36487902, 0.12784008], [-0.20544479, 0.07115088, -0.06568568, -0.0162903, 0.27393504, 0.27113047], [-0.35028008, 0.08247644, 0.0021706, -0.0148379, 0.27762549, 0.34810948], [-0.02053395, 0.11736327, 0.07968187, -0.0698416, -0.12336215, -0.05914793], [-0.16521822, -0.00028752, -0.01778901, 0.01767152, 0.16528509, 0.18300723], [-0.28451885, -0.070224, -0.0624741, 0.06945382, 0.34045168, 0.34699295], [-0.14005029, -0.0273607, -0.02988044, 0.02960052, 0.16325926, 0.16993073], [-0.18244534, -0.03629295, 0.10077716, 0.03774707, -0.00545046, 0.08166818], [-0.11256932, 0.07693686, 0.15247547, 0.04093118, 0.13771987, -0.03990615], [-0.13098213, -0.00028877, -0.11373979, -0.0582275, -0.01474856, 0.24472192], [-0.01760343, -0.05115044, 0.04618938, -0.01070492, 0.03834196, -0.02858595], [-0.00892013, 0.01060975, -0.05010392, -0.04129998, -0.01529426, 0.05902405], [0.00288172, 0.06153221, 0.03014224, 0.00113097, -0.01613569, -0.03302396], [-0.01065804, -0.01890044, -0.01279727, -0.02677718, -0.01276591, 0.02345531], [0.01632479, 0.00586667, 0.02873203, -0.00516006, -0.00285453, -0.04505682], [-0.02967089, 0.00927999, 0.00120337, 0.0325387, 0.00618645, 0.02846753], [-0.01459243, 0.00848721, 0.01539613, -0.03539888, 0.00439674, -0.00080371], [0.00337764, 0.05809107, 0.04921898, -0.00468743, -0.01089256, -0.05259662], [-0.01817057, 0.00042404, -0.0327395, 0.04498719, 0.02950014, 0.05091007], [0.00493708, -0.01380912, -0.04421221, -0.05650986, -0.00088513, 0.03927513], [0.02692253, -0.00727527, 0.00801059, 0.00105776, -0.03450985, -0.03493312], [0.07306539, -0.02537664, -0.02804902, 0.00972521, -0.01225827, -0.04501637], [-0.01866129, 0.00679252, -0.04953422, 0.0367661, -0.0106165, 0.06819551], [-0.02268284, -0.02291397, 0.04677891, -0.02367489, 0.04951399, -0.02409607], [0.03187772, 0.00972655, -0.01621091, -0.00838422, -0.000746, -0.01566681], [-0.04438375, 0.01154357, -0.03016675, -0.02372451, -0.01504096, 0.0745505], [0.07060001, 0.01268132, -0.03330743, -0.02617821, 0.00512641, -0.03729259], [0.00047709, -0.04708064, 0.02122086, 0.04243295, -0.03149368, -0.02169795], [0.07249429, 0.02320192, -0.04317676, -0.00658894, -0.0012484, -0.02931753], [-0.04044719, 0.03356092, 0.05764753, 0.0057732, 0.03465664, -0.01720034], [-0.00213045, -0.06232265, 0.02218172, 0.01611391, -0.02972892, -0.02005127]], "number of molecular orbitals": 107, "number of electrons": 108, "number of unpaired electrons": 0, "orbital energies/eV": [-20.60274405, -20.1040222, -19.73717876, -19.0510256, -18.6954095, -18.32548262, -18.04137298, -17.93856911, -17.78505859, -17.41941892, -17.17596017, -17.02717284, -16.77786949, -16.59455912, -16.4165373, -16.3324571, -16.03104412, -15.92685728, -15.90239026, -15.80606891, -15.48194422, -15.31972176, -15.24062214, -14.99064871, -14.92258157, -14.54413998, -14.43549026, -14.37182903, -14.1461787, -13.88977342, -13.78804611, -13.67736303, -13.54373088, -13.4034679, -13.26388981, -13.18917946, -13.07352747, -12.98058661, -12.96147524, -12.90326243, -12.65640935, -12.47555579, -12.42678976, -12.21169792, -12.17453538, -12.09115021, -12.05187342, -11.86685612, -11.64107449, -11.62661525, -11.20087323, -10.39079045, -9.7636138, -9.68782333, -7.31293932, -7.0378689, -4.57594022, -3.91604053, -3.54690153, -3.43582114, -1.26412626, 0.55957384, 0.64733213, 1.03999978, 1.09194997, 1.55380669, 2.39980632, 2.75405825, 2.85950052, 2.91061097, 3.11445197, 3.28691259, 3.31122425, 3.47957656, 3.604169, 3.65869349, 3.75812801, 3.92449799, 4.11744668, 4.19563521, 4.35158333, 4.40971085, 4.57861719, 4.87032257, 5.13079983, 5.33908879, 5.52614074, 5.7047521, 6.01701019, 6.33504465, 6.35676116, 6.48246529, 6.51608329, 6.71729908, 6.87799287, 7.14095985, 7.35751892, 7.8501466, 10.37971433, 10.91936729, 11.10654092, 12.09779543, 14.81871618, 16.22674825, 27.81054305, 29.68446742, 33.42874533], "fractional occupation": [2.0, 2.0, 2.0, 2.0, 2.0, 2.0, 2.0, 2.0, 2.0, 2.0, 2.0, 2.0, 2.0, 2.0, 2.0, 2.0, 2.0, 2.0, 2.0, 2.0, 2.0, 2.0, 2.0, 2.0, 2.0, 2.0, 2.0, 2.0, 2.0, 2.0, 2.0, 2.0, 2.0, 2.0, 2.0, 2.0, 2.0, 2.0, 2.0, 2.0, 2.0, 2.0, 2.0, 2.0, 2.0, 2.0, 2.0, 2.0, 2.0, 2.0, 2.0, 2.0, 2.0, 2.0, 0.0, 0.0, 0.0, 0.0, 0.0, 0.0, 0.0, 0.0, 0.0, 0.0, 0.0, 0.0, 0.0, 0.0, 0.0, 0.0, 0.0, 0.0, 0.0, 0.0, 0.0, 0.0, 0.0, 0.0, 0.0, 0.0, 0.0, 0.0, 0.0, 0.0, 0.0, 0.0, 0.0, 0.0, 0.0, 0.0, 0.0, 0.0, 0.0, 0.0, 0.0, 0.0, 0.0, 0.0, 0.0, 0.0, 0.0, 0.0, 0.0, 0.0, 0.0, 0.0, 0.0], "program call": "xtb /home/svss/Project-DBcg-Debug/aqme2_20220329/End-to-End-workflows-final/example-3/QDESCP/mol_19_rdkit_conf_5/mol_19_rdkit_conf_5.xyz --pop --wbo --acc 0.2 --gfn 2 --chrg 0 --uhf 0 --etemp 300 --input /home/svss/Project-DBcg-Debug/aqme2_20220329/End-to-End-workflows-final/example-3/QDESCP/mol_19_rdkit_conf_5/mol_19_rdkit_conf_5_xtb.inp", "method": "GFN2-xTB", "xtb version": "6.3.3 (7355c4f)", "Dipole module/D": 5.275, "Total charge": 0, "Transition dipole module/D": NaN, "HOMO": -9.6878, "LUMO": -7.3129, "HOMO occupancy": 2.0, "LUMO occupancy": 0, "mulliken charges": [-0.09595, 0.209, -0.36901, 0.44948, -0.20594, -0.35134, 0.21203, -0.09948, -0.32995, 0.41819, -0.11257, 0.19981, -0.09775, -0.37781, 0.31173, -0.35881, -0.00829, -0.08273, -0.08345, 0.03044, 0.04324, 0.04063, 0.02405, 0.03139, 0.03231, 0.0305, 0.0306, 0.04324, 0.04126, 0.05698, 0.04858, 0.04459, 0.04387, 0.03124, 0.03263, 0.03741, 0.02864, 0.03928, 0.03263, 0.02933], "cm5 charges": [-0.24239, 0.1312, -0.4302, 0.41517, -0.17522, -0.40995, 0.13443, -0.24595, -0.36749, 0.52235, -0.14939, 0.26151, -0.23522, -0.55622, 0.45244, -0.53745, -0.065, -0.2278, -0.22846, 0.08167, 0.09661, 0.09394, 0.08841, 0.09892, 0.09606, 0.09813, 0.08186, 0.09705, 0.09473, 0.11773, 0.10396, 0.09707, 0.09635, 0.09441, 0.08506, 0.09213, 0.08014, 0.09354, 0.08503, 0.08081], "FUKUI+": [0.006, 0.006, -0.011, -0.059, -0.068, 0.011, 0.008, 0.007, -0.026, -0.063, -0.027, -0.081, 0.029, -0.104, -0.038, -0.111, 0.001, 0.014, 0.014, -0.015, -0.005, -0.013, -0.011, 0.002, -0.019, -0.01, -0.02, 0.001, -0.004, -0.08, -0.049, -0.059, -0.059, -0.033, -0.015, -0.014, -0.038, -0.014, -0.015, -0.038], "FUKUI-": [0.008, 0.012, -0.008, -0.125, -0.341, 0.001, 0.014, 0.01, -0.006, 0.002, -0.016, -0.014, 0.01, -0.102, -0.005, -0.057, 0.002, 0.01, 0.009, -0.023, -0.014, -0.016, -0.007, -0.009, -0.032, -0.007, -0.025, 0.001, -0.016, -0.043, -0.027, -0.037, -0.035, -0.027, -0.016, -0.004, -0.027, 0.002, -0.014, -0.029], "FUKUIrad": [0.007, 0.009, -0.009, -0.092, -0.205, 0.006, 0.011, 0.009, -0.016, -0.031, -0.022, -0.048, 0.02, -0.103, -0.022, -0.084, 0.001, 0.012, 0.011, -0.019, -0.01, -0.014, -0.009, -0.003, -0.026, -0.008, -0.023, 0.001, -0.01, -0.061, -0.038, -0.048, -0.047, -0.03, -0.016, -0.009, -0.032, -0.006, -0.014, -0.033], "s proportion": [1.012, 0.992, 1.65, 1.436, 1.89, 1.644, 0.992, 1.013, 1.644, 0.99, 1.056, 1.058, 1.011, 1.554, 1.037, 1.543, 1.052, 1.012, 1.012, 0.97, 0.957, 0.959, 0.976, 0.969, 0.968, 0.969, 0.969, 0.957, 0.959, 0.943, 0.951, 0.955, 0.956, 0.969, 0.967, 0.963, 0.971, 0.961, 0.967, 0.971], "p proportion": [3.084, 2.799, 4.719, 1.922, 4.331, 4.708, 2.796, 3.086, 4.686, 2.592, 3.057, 2.742, 3.087, 3.824, 2.651, 3.815, 2.957, 3.071, 3.072, 0.0, 0.0, 0.0, 0.0, 0.0, 0.0, 0.0, 0.0, 0.0, 0.0, 0.0, 0.0, 0.0, 0.0, 0.0, 0.0, 0.0, 0.0, 0.0, 0.0, 0.0], "d proportion": [0.0, 0.0, 0.0, 1.192, -0.015, 0.0, 0.0, 0.0, 0.0, 0.0, 0.0, 0.0, 0.0, 0.0, 0.0, 0.0, 0.0, 0.0, 0.0, 0.0, 0.0, 0.0, 0.0, 0.0, 0.0, 0.0, 0.0, 0.0, 0.0, 0.0, 0.0, 0.0, 0.0, 0.0, 0.0, 0.0, 0.0, 0.0, 0.0, 0.0], "Fermi-level/eV": -8.5004, "Coordination numbers": [3.749, 3.911, 1.658, 4.094, 0.924, 1.658, 3.911, 3.749, 1.663, 3.104, 2.907, 2.96, 3.757, 1.837, 2.926, 1.854, 3.855, 3.753, 3.753, 0.924, 0.924, 0.924, 0.924, 0.924, 0.924, 0.924, 0.924, 0.924, 0.924, 0.926, 0.924, 0.924, 0.924, 0.924, 0.924, 0.924, 0.924, 0.924, 0.924, 0.924], "Dispersion coefficient C6": [22.737, 18.986, 18.662, 139.411, 157.429, 18.332, 19.002, 22.759, 18.084, 22.678, 30.084, 25.302, 22.86, 27.735, 23.976, 27.773, 20.794, 22.493, 22.522, 2.259, 2.231, 2.208, 2.285, 2.438, 2.297, 2.355, 2.274, 2.158, 2.235, 2.218, 2.062, 2.166, 2.158, 2.245, 2.534, 2.295, 2.39, 2.215, 2.477, 2.391], "Total dispersion C6": 18552.574645, "Total dispersion C8": 487538.815956, "Polarizability alpha": [6.801, 6.193, 5.832, 21.21, 21.222, 5.78, 6.196, 6.804, 5.741, 7.803, 8.994, 8.25, 6.817, 7.804, 8.03, 7.811, 6.486, 6.763, 6.767, 2.35, 2.336, 2.324, 2.364, 2.442, 2.37, 2.4, 2.358, 2.297, 2.338, 2.329, 2.246, 2.302, 2.297, 2.343, 2.489, 2.369, 2.418, 2.327, 2.461, 2.418], "Total polarizability alpha": 210.883041, "Wiberg matrix": [[0.0, 1.0162097338413318, 0.0, 0.0, 0.0, 0.0, 0.0, 0.0, 0.0, 0.0, 0.0, 0.0, 0.0, 0.0, 0.0, 0.0, 0.0, 0.0, 0.0, 0.9824015506552671, 0.9849682801269011, 0.9844187752817947, 0.0, 0.0, 0.0, 0.0, 0.0, 0.0, 0.0, 0.0, 0.0, 0.0, 0.0, 0.0, 0.0, 0.0, 0.0, 0.0, 0.0, 0.0], [1.0162097338413318, 0.0, 0.9257554365817764, 0.0, 0.0, 0.0, 0.0, 0.0, 0.0, 0.0, 0.0, 0.0, 0.0, 0.0, 0.0, 0.0, 0.0, 0.0, 0.0, 0.0, 0.0, 0.0, 0.970527540606545, 0.9704544774193925, 0.0, 0.0, 0.0, 0.0, 0.0, 0.0, 0.0, 0.0, 0.0, 0.0, 0.0, 0.0, 0.0, 0.0, 0.0, 0.0], [0.0, 0.9257554365817764, 0.0, 1.214507254360939, 0.0, 0.0, 0.0, 0.0, 0.0, 0.0, 0.0, 0.0, 0.0, 0.0, 0.0, 0.0, 0.0, 0.0, 0.0, 0.0, 0.0, 0.0, 0.0, 0.0, 0.0, 0.0, 0.0, 0.0, 0.0, 0.0, 0.0, 0.0, 0.0, 0.0, 0.0, 0.0, 0.0, 0.0, 0.0, 0.0], [0.0, 0.0, 1.214507254360939, 0.0, 1.5587816558980305, 1.233692466409633, 0.0, 0.0, 1.1628292696267344, 0.0, 0.0, 0.0, 0.0, 0.0, 0.0, 0.0, 0.0, 0.0, 0.0, 0.0, 0.0, 0.0, 0.0, 0.0, 0.0, 0.0, 0.0, 0.0, 0.0, 0.0, 0.0, 0.0, 0.0, 0.0, 0.0, 0.0, 0.0, 0.0, 0.0, 0.0], [0.0, 0.0, 0.0, 1.5587816558980305, 0.0, 0.0, 0.0, 0.0, 0.0, 0.0, 0.0, 0.0, 0.0, 0.0, 0.0, 0.0, 0.0, 0.0, 0.0, 0.0, 0.0, 0.0, 0.0, 0.0, 0.0, 0.0, 0.0, 0.0, 0.0, 0.0, 0.0, 0.0, 0.0, 0.0, 0.0, 0.0, 0.0, 0.0, 0.0, 0.0], [0.0, 0.0, 0.0, 1.233692466409633, 0.0, 0.0, 0.9239581608494214, 0.0, 0.0, 0.0, 0.0, 0.0, 0.0, 0.0, 0.0, 0.0, 0.0, 0.0, 0.0, 0.0, 0.0, 0.0, 0.0, 0.0, 0.0, 0.0, 0.0, 0.0, 0.0, 0.0, 0.0, 0.0, 0.0, 0.0, 0.0, 0.0, 0.0, 0.0, 0.0, 0.0], [0.0, 0.0, 0.0, 0.0, 0.0, 0.9239581608494214, 0.0, 1.017412855011902, 0.0, 0.0, 0.0, 0.0, 0.0, 0.0, 0.0, 0.0, 0.0, 0.0, 0.0, 0.0, 0.0, 0.0, 0.0, 0.0, 0.9697735396539684, 0.9662373447783927, 0.0, 0.0, 0.0, 0.0, 0.0, 0.0, 0.0, 0.0, 0.0, 0.0, 0.0, 0.0, 0.0, 0.0], [0.0, 0.0, 0.0, 0.0, 0.0, 0.0, 1.017412855011902, 0.0, 0.0, 0.0, 0.0, 0.0, 0.0, 0.0, 0.0, 0.0, 0.0, 0.0, 0.0, 0.0, 0.0, 0.0, 0.0, 0.0, 0.0, 0.0, 0.9826200608308399, 0.9829590456422538, 0.9842904007408487, 0.0, 0.0, 0.0, 0.0, 0.0, 0.0, 0.0, 0.0, 0.0, 0.0, 0.0], [0.0, 0.0, 0.0, 1.1628292696267344, 0.0, 0.0, 0.0, 0.0, 0.0, 0.9972840818565756, 0.0, 0.0, 0.0, 0.0, 0.0, 0.0, 0.0, 0.0, 0.0, 0.0, 0.0, 0.0, 0.0, 0.0, 0.0, 0.0, 0.0, 0.0, 0.0, 0.0, 0.0, 0.0, 0.0, 0.0, 0.0, 0.0, 0.0, 0.0, 0.0, 0.0], [0.0, 0.0, 0.0, 0.0, 0.0, 0.0, 0.0, 0.0, 0.9972840818565756, 0.0, 1.376114258397218, 0.0, 0.0, 0.0, 0.0, 1.378830619753348, 0.0, 0.0, 0.0, 0.0, 0.0, 0.0, 0.0, 0.0, 0.0, 0.0, 0.0, 0.0, 0.0, 0.0, 0.0, 0.0, 0.0, 0.0, 0.0, 0.0, 0.0, 0.0, 0.0, 0.0], [0.0, 0.0, 0.0, 0.0, 0.0, 0.0, 0.0, 0.0, 0.0, 1.376114258397218, 0.0, 1.4070825023483033, 0.0, 0.0, 0.10018925500513465, 0.0, 0.0, 0.0, 0.0, 0.0, 0.0, 0.0, 0.0, 0.0, 0.0, 0.0, 0.0, 0.0, 0.0, 0.9630492214003697, 0.0, 0.0, 0.0, 0.0, 0.0, 0.0, 0.0, 0.0, 0.0, 0.0], [0.0, 0.0, 0.0, 0.0, 0.0, 0.0, 0.0, 0.0, 0.0, 0.0, 1.4070825023483033, 0.0, 1.0275823793759404, 1.3860084251749047, 0.0, 0.0, 0.0, 0.0, 0.0, 0.0, 0.0, 0.0, 0.0, 0.0, 0.0, 0.0, 0.0, 0.0, 0.0, 0.0, 0.0, 0.0, 0.0, 0.0, 0.0, 0.0, 0.0, 0.0, 0.0, 0.0], [0.0, 0.0, 0.0, 0.0, 0.0, 0.0, 0.0, 0.0, 0.0, 0.0, 0.0, 1.0275823793759404, 0.0, 0.0, 0.0, 0.0, 0.0, 0.0, 0.0, 0.0, 0.0, 0.0, 0.0, 0.0, 0.0, 0.0, 0.0, 0.0, 0.0, 0.0, 0.982901501543477, 0.9654310499482464, 0.9652838985283725, 0.0, 0.0, 0.0, 0.0, 0.0, 0.0, 0.0], [0.0, 0.0, 0.0, 0.0, 0.0, 0.0, 0.0, 0.0, 0.0, 0.0, 0.0, 1.3860084251749047, 0.0, 0.0, 1.4030401491472424, 0.0, 0.0, 0.0, 0.0, 0.0, 0.0, 0.0, 0.0, 0.0, 0.0, 0.0, 0.0, 0.0, 0.0, 0.0, 0.0, 0.0, 0.0, 0.0, 0.0, 0.0, 0.0, 0.0, 0.0, 0.0], [0.0, 0.0, 0.0, 0.0, 0.0, 0.0, 0.0, 0.0, 0.0, 0.0, 0.10018925500513465, 0.0, 0.0, 1.4030401491472424, 0.0, 1.376930602667911, 0.9958471695339668, 0.0, 0.0, 0.0, 0.0, 0.0, 0.0, 0.0, 0.0, 0.0, 0.0, 0.0, 0.0, 0.0, 0.0, 0.0, 0.0, 0.0, 0.0, 0.0, 0.0, 0.0, 0.0, 0.0], [0.0, 0.0, 0.0, 0.0, 0.0, 0.0, 0.0, 0.0, 0.0, 1.378830619753348, 0.0, 0.0, 0.0, 0.0, 1.376930602667911, 0.0, 0.0, 0.0, 0.0, 0.0, 0.0, 0.0, 0.0, 0.0, 0.0, 0.0, 0.0, 0.0, 0.0, 0.0, 0.0, 0.0, 0.0, 0.0, 0.0, 0.0, 0.0, 0.0, 0.0, 0.0], [0.0, 0.0, 0.0, 0.0, 0.0, 0.0, 0.0, 0.0, 0.0, 0.0, 0.0, 0.0, 0.0, 0.0, 0.9958471695339668, 0.0, 0.0, 0.9916620937133184, 0.9902650823927536, 0.0, 0.0, 0.0, 0.0, 0.0, 0.0, 0.0, 0.0, 0.0, 0.0, 0.0, 0.0, 0.0, 0.0, 0.9656904425331988, 0.0, 0.0, 0.0, 0.0, 0.0, 0.0], [0.0, 0.0, 0.0, 0.0, 0.0, 0.0, 0.0, 0.0, 0.0, 0.0, 0.0, 0.0, 0.0, 0.0, 0.0, 0.0, 0.9916620937133184, 0.0, 0.0, 0.0, 0.0, 0.0, 0.0, 0.0, 0.0, 0.0, 0.0, 0.0, 0.0, 0.0, 0.0, 0.0, 0.0, 0.0, 0.9873456037007926, 0.9840306042828467, 0.9840686859887653, 0.0, 0.0, 0.0], [0.0, 0.0, 0.0, 0.0, 0.0, 0.0, 0.0, 0.0, 0.0, 0.0, 0.0, 0.0, 0.0, 0.0, 0.0, 0.0, 0.9902650823927536, 0.0, 0.0, 0.0, 0.0, 0.0, 0.0, 0.0, 0.0, 0.0, 0.0, 0.0, 0.0, 0.0, 0.0, 0.0, 0.0, 0.0, 0.0, 0.0, 0.0, 0.9842947795852133, 0.9868637417951162, 0.983677328764867], [0.9824015506552671, 0.0, 0.0, 0.0, 0.0, 0.0, 0.0, 0.0, 0.0, 0.0, 0.0, 0.0, 0.0, 0.0, 0.0, 0.0, 0.0, 0.0, 0.0, 0.0, 0.0, 0.0, 0.0, 0.0, 0.0, 0.0, 0.0, 0.0, 0.0, 0.0, 0.0, 0.0, 0.0, 0.0, 0.0, 0.0, 0.0, 0.0, 0.0, 0.0], [0.9849682801269011, 0.0, 0.0, 0.0, 0.0, 0.0, 0.0, 0.0, 0.0, 0.0, 0.0, 0.0, 0.0, 0.0, 0.0, 0.0, 0.0, 0.0, 0.0, 0.0, 0.0, 0.0, 0.0, 0.0, 0.0, 0.0, 0.0, 0.0, 0.0, 0.0, 0.0, 0.0, 0.0, 0.0, 0.0, 0.0, 0.0, 0.0, 0.0, 0.0], [0.9844187752817947, 0.0, 0.0, 0.0, 0.0, 0.0, 0.0, 0.0, 0.0, 0.0, 0.0, 0.0, 0.0, 0.0, 0.0, 0.0, 0.0, 0.0, 0.0, 0.0, 0.0, 0.0, 0.0, 0.0, 0.0, 0.0, 0.0, 0.0, 0.0, 0.0, 0.0, 0.0, 0.0, 0.0, 0.0, 0.0, 0.0, 0.0, 0.0, 0.0], [0.0, 0.970527540606545, 0.0, 0.0, 0.0, 0.0, 0.0, 0.0, 0.0, 0.0, 0.0, 0.0, 0.0, 0.0, 0.0, 0.0, 0.0, 0.0, 0.0, 0.0, 0.0, 0.0, 0.0, 0.0, 0.0, 0.0, 0.0, 0.0, 0.0, 0.0, 0.0, 0.0, 0.0, 0.0, 0.0, 0.0, 0.0, 0.0, 0.0, 0.0], [0.0, 0.9704544774193925, 0.0, 0.0, 0.0, 0.0, 0.0, 0.0, 0.0, 0.0, 0.0, 0.0, 0.0, 0.0, 0.0, 0.0, 0.0, 0.0, 0.0, 0.0, 0.0, 0.0, 0.0, 0.0, 0.0, 0.0, 0.0, 0.0, 0.0, 0.0, 0.0, 0.0, 0.0, 0.0, 0.0, 0.0, 0.0, 0.0, 0.0, 0.0], [0.0, 0.0, 0.0, 0.0, 0.0, 0.0, 0.9697735396539684, 0.0, 0.0, 0.0, 0.0, 0.0, 0.0, 0.0, 0.0, 0.0, 0.0, 0.0, 0.0, 0.0, 0.0, 0.0, 0.0, 0.0, 0.0, 0.0, 0.0, 0.0, 0.0, 0.0, 0.0, 0.0, 0.0, 0.0, 0.0, 0.0, 0.0, 0.0, 0.0, 0.0], [0.0, 0.0, 0.0, 0.0, 0.0, 0.0, 0.9662373447783927, 0.0, 0.0, 0.0, 0.0, 0.0, 0.0, 0.0, 0.0, 0.0, 0.0, 0.0, 0.0, 0.0, 0.0, 0.0, 0.0, 0.0, 0.0, 0.0, 0.0, 0.0, 0.0, 0.0, 0.0, 0.0, 0.0, 0.0, 0.0, 0.0, 0.0, 0.0, 0.0, 0.0], [0.0, 0.0, 0.0, 0.0, 0.0, 0.0, 0.0, 0.9826200608308399, 0.0, 0.0, 0.0, 0.0, 0.0, 0.0, 0.0, 0.0, 0.0, 0.0, 0.0, 0.0, 0.0, 0.0, 0.0, 0.0, 0.0, 0.0, 0.0, 0.0, 0.0, 0.0, 0.0, 0.0, 0.0, 0.0, 0.0, 0.0, 0.0, 0.0, 0.0, 0.0], [0.0, 0.0, 0.0, 0.0, 0.0, 0.0, 0.0, 0.9829590456422538, 0.0, 0.0, 0.0, 0.0, 0.0, 0.0, 0.0, 0.0, 0.0, 0.0, 0.0, 0.0, 0.0, 0.0, 0.0, 0.0, 0.0, 0.0, 0.0, 0.0, 0.0, 0.0, 0.0, 0.0, 0.0, 0.0, 0.0, 0.0, 0.0, 0.0, 0.0, 0.0], [0.0, 0.0, 0.0, 0.0, 0.0, 0.0, 0.0, 0.9842904007408487, 0.0, 0.0, 0.0, 0.0, 0.0, 0.0, 0.0, 0.0, 0.0, 0.0, 0.0, 0.0, 0.0, 0.0, 0.0, 0.0, 0.0, 0.0, 0.0, 0.0, 0.0, 0.0, 0.0, 0.0, 0.0, 0.0, 0.0, 0.0, 0.0, 0.0, 0.0, 0.0], [0.0, 0.0, 0.0, 0.0, 0.0, 0.0, 0.0, 0.0, 0.0, 0.0, 0.9630492214003697, 0.0, 0.0, 0.0, 0.0, 0.0, 0.0, 0.0, 0.0, 0.0, 0.0, 0.0, 0.0, 0.0, 0.0, 0.0, 0.0, 0.0, 0.0, 0.0, 0.0, 0.0, 0.0, 0.0, 0.0, 0.0, 0.0, 0.0, 0.0, 0.0], [0.0, 0.0, 0.0, 0.0, 0.0, 0.0, 0.0, 0.0, 0.0, 0.0, 0.0, 0.0, 0.982901501543477, 0.0, 0.0, 0.0, 0.0, 0.0, 0.0, 0.0, 0.0, 0.0, 0.0, 0.0, 0.0, 0.0, 0.0, 0.0, 0.0, 0.0, 0.0, 0.0, 0.0, 0.0, 0.0, 0.0, 0.0, 0.0, 0.0, 0.0], [0.0, 0.0, 0.0, 0.0, 0.0, 0.0, 0.0, 0.0, 0.0, 0.0, 0.0, 0.0, 0.9654310499482464, 0.0, 0.0, 0.0, 0.0, 0.0, 0.0, 0.0, 0.0, 0.0, 0.0, 0.0, 0.0, 0.0, 0.0, 0.0, 0.0, 0.0, 0.0, 0.0, 0.0, 0.0, 0.0, 0.0, 0.0, 0.0, 0.0, 0.0], [0.0, 0.0, 0.0, 0.0, 0.0, 0.0, 0.0, 0.0, 0.0, 0.0, 0.0, 0.0, 0.9652838985283725, 0.0, 0.0, 0.0, 0.0, 0.0, 0.0, 0.0, 0.0, 0.0, 0.0, 0.0, 0.0, 0.0, 0.0, 0.0, 0.0, 0.0, 0.0, 0.0, 0.0, 0.0, 0.0, 0.0, 0.0, 0.0, 0.0, 0.0], [0.0, 0.0, 0.0, 0.0, 0.0, 0.0, 0.0, 0.0, 0.0, 0.0, 0.0, 0.0, 0.0, 0.0, 0.0, 0.0, 0.9656904425331988, 0.0, 0.0, 0.0, 0.0, 0.0, 0.0, 0.0, 0.0, 0.0, 0.0, 0.0, 0.0, 0.0, 0.0, 0.0, 0.0, 0.0, 0.0, 0.0, 0.0, 0.0, 0.0, 0.0], [0.0, 0.0, 0.0, 0.0, 0.0, 0.0, 0.0, 0.0, 0.0, 0.0, 0.0, 0.0, 0.0, 0.0, 0.0, 0.0, 0.0, 0.9873456037007926, 0.0, 0.0, 0.0, 0.0, 0.0, 0.0, 0.0, 0.0, 0.0, 0.0, 0.0, 0.0, 0.0, 0.0, 0.0, 0.0, 0.0, 0.0, 0.0, 0.0, 0.0, 0.0], [0.0, 0.0, 0.0, 0.0, 0.0, 0.0, 0.0, 0.0, 0.0, 0.0, 0.0, 0.0, 0.0, 0.0, 0.0, 0.0, 0.0, 0.9840306042828467, 0.0, 0.0, 0.0, 0.0, 0.0, 0.0, 0.0, 0.0, 0.0, 0.0, 0.0, 0.0, 0.0, 0.0, 0.0, 0.0, 0.0, 0.0, 0.0, 0.0, 0.0, 0.0], [0.0, 0.0, 0.0, 0.0, 0.0, 0.0, 0.0, 0.0, 0.0, 0.0, 0.0, 0.0, 0.0, 0.0, 0.0, 0.0, 0.0, 0.9840686859887653, 0.0, 0.0, 0.0, 0.0, 0.0, 0.0, 0.0, 0.0, 0.0, 0.0, 0.0, 0.0, 0.0, 0.0, 0.0, 0.0, 0.0, 0.0, 0.0, 0.0, 0.0, 0.0], [0.0, 0.0, 0.0, 0.0, 0.0, 0.0, 0.0, 0.0, 0.0, 0.0, 0.0, 0.0, 0.0, 0.0, 0.0, 0.0, 0.0, 0.0, 0.9842947795852133, 0.0, 0.0, 0.0, 0.0, 0.0, 0.0, 0.0, 0.0, 0.0, 0.0, 0.0, 0.0, 0.0, 0.0, 0.0, 0.0, 0.0, 0.0, 0.0, 0.0, 0.0], [0.0, 0.0, 0.0, 0.0, 0.0, 0.0, 0.0, 0.0, 0.0, 0.0, 0.0, 0.0, 0.0, 0.0, 0.0, 0.0, 0.0, 0.0, 0.9868637417951162, 0.0, 0.0, 0.0, 0.0, 0.0, 0.0, 0.0, 0.0, 0.0, 0.0, 0.0, 0.0, 0.0, 0.0, 0.0, 0.0, 0.0, 0.0, 0.0, 0.0, 0.0], [0.0, 0.0, 0.0, 0.0, 0.0, 0.0, 0.0, 0.0, 0.0, 0.0, 0.0, 0.0, 0.0, 0.0, 0.0, 0.0, 0.0, 0.0, 0.983677328764867, 0.0, 0.0, 0.0, 0.0, 0.0, 0.0, 0.0, 0.0, 0.0, 0.0, 0.0, 0.0, 0.0, 0.0, 0.0, 0.0, 0.0, 0.0, 0.0, 0.0, 0.0]], "Born radii": [], "Atomic SASAs": [], "Solvent H bonds": [], "Total SASA": NaN, "Total FOD": 0.0, "FOD": [0.0, 0.0, 0.0, 0.0, 0.0, 0.0, 0.0, 0.0, 0.0, 0.0, 0.0, 0.0, 0.0, 0.0, 0.0, 0.0, 0.0, 0.0, 0.0, 0.0, 0.0, 0.0, 0.0, 0.0, 0.0, 0.0, 0.0, 0.0, 0.0, 0.0, 0.0, 0.0, 0.0, 0.0, 0.0, 0.0, 0.0, 0.0, 0.0, 0.0], "FOD s proportion": [0.0, 0.0, 0.0, 0.0, 0.0, 0.0, 0.0, 0.0, 0.0, 0.0, 0.0, 0.0, 0.0, 0.0, 0.0, 0.0, 0.0, 0.0, 0.0, 0.0, 0.0, 0.0, 0.0, 0.0, 0.0, 0.0, 0.0, 0.0, 0.0, 0.0, 0.0, 0.0, 0.0, 0.0, 0.0, 0.0, 0.0, 0.0, 0.0, 0.0], "FOD p proportion": [0.0, 0.0, 0.0, 0.0, 0.0, 0.0, 0.0, 0.0, 0.0, 0.0, 0.0, 0.0, 0.0, 0.0, 0.0, 0.0, 0.0, 0.0, 0.0, 0.0, 0.0, 0.0, 0.0, 0.0, 0.0, 0.0, 0.0, 0.0, 0.0, 0.0, 0.0, 0.0, 0.0, 0.0, 0.0, 0.0, 0.0, 0.0, 0.0, 0.0], "FOD d proportion": [0.0, 0.0, 0.0, 0.0, 0.0, 0.0, 0.0, 0.0, 0.0, 0.0, 0.0, 0.0, 0.0, 0.0, 0.0, 0.0, 0.0, 0.0, 0.0, 0.0, 0.0, 0.0, 0.0, 0.0, 0.0, 0.0, 0.0, 0.0, 0.0, 0.0, 0.0, 0.0, 0.0, 0.0, 0.0, 0.0, 0.0, 0.0, 0.0, 0.0], "coordinates": [["-5.07180", "1.90940", "-0.64570"], ["-3.91340", "1.60810", "0.28300"], ["-3.28770", "0.41190", "-0.15100"], ["-1.79640", "0.07050", "0.40340"], ["-1.68580", "-0.11340", "2.33720"], ["-1.46310", "-1.23000", "-0.50220"], ["-2.25020", "-2.39720", "-0.34850"], ["-1.33660", "-3.56700", "-0.04630"], ["-0.94660", "1.24220", "-0.31290"], ["0.42190", "1.22010", "-0.34690"], ["1.05300", "2.27370", "-0.96120"], ["2.42930", "2.21890", "-0.98160"], ["3.22230", "3.31530", "-1.62550"], ["3.11600", "1.19550", "-0.43400"], ["2.40230", "0.21040", "0.14490"], ["1.05990", "0.18520", "0.20800"], ["3.16980", "-0.93780", "0.76030"], ["2.80630", "-2.25990", "0.08540"], ["2.93040", "-1.00600", "2.26790"], ["-5.58870", "2.82370", "-0.34120"], ["-4.71880", "2.02900", "-1.67540"], ["-5.78920", "1.08210", "-0.64910"], ["-4.28130", "1.47240", "1.30430"], ["-3.19930", "2.43720", "0.26960"], ["-2.78540", "-2.57030", "-1.28710"], ["-2.99440", "-2.28040", "0.44550"], ["-1.90870", "-4.49360", "0.05270"], ["-0.78170", "-3.39400", "0.88160"], ["-0.59460", "-3.69300", "-0.84170"], ["0.49950", "3.09170", "-1.40050"], ["4.29610", "3.11480", "-1.55230"], ["2.96280", "3.39760", "-2.68560"], ["3.01970", "4.27000", "-1.13020"], ["4.24090", "-0.76120", "0.59760"], ["2.98740", "-2.21140", "-0.99420"], ["1.75090", "-2.51420", "0.23400"], ["3.40870", "-3.07960", "0.49110"], ["1.88070", "-1.21390", "2.50290"], ["3.19800", "-0.05930", "2.75050"], ["3.53770", "-1.79740", "2.72010"]], "bond_dist": [[0.0, 1.514977207749344, 2.381228076014559, 3.90005245862155, 4.945139861520603, 4.785304619352878, 5.157185081030154, 6.655971481309096, 4.192038492189689, 5.544831432965298, 6.1437309332359265, 7.514993031932897, 8.469277280854607, 8.221589806114142, 7.705440945851185, 6.426462029764122, 8.832177217424931, 8.943267261465465, 9.001323622667947, 1.0935494273237039, 1.0950777369666502, 1.0950340679631847, 2.1490368191354934, 2.1500239952149367, 5.070180569762777, 4.802159122728026, 7.175748962303516, 6.990254277206231, 7.174302865087311, 5.745166665989768, 9.48854378342641, 8.422038257452883, 8.442721413146355, 9.767511481436815, 9.058319354604363, 8.178712877953352, 9.90461081971422, 8.246571475467851, 9.154209205059713, 9.959541461834476], [1.514977207749344, 0.0, 1.418009495736894, 2.6192363238165433, 3.4850396913091255, 3.8308381250060672, 4.382631011162131, 5.790509195226272, 3.0480947918330883, 4.397970452379143, 5.162962905154365, 6.4963168865134655, 7.581234634279564, 7.077908739168654, 6.469984806009979, 5.173391759764574, 7.541958919272896, 7.755954992778129, 7.590187432468318, 2.1619294831238136, 2.1589711739622643, 2.159655539663675, 1.0939920429326715, 1.0943149363871445, 4.603979210422219, 3.998924792991237, 6.426710128051521, 5.931852262152185, 6.354608149996348, 4.950649211972102, 8.546014347635978, 7.700456002731268, 7.559809617973193, 8.497362187173145, 7.990047604989598, 7.005715722179997, 8.696607689783415, 6.816394561643274, 7.7097852739230035, 8.547267274983275], [2.381228076014559, 1.418009495736894, 0.0, 1.6272335450082143, 3.0055220744489635, 2.479585088275859, 3.001075692147734, 4.432764206451772, 2.4892486637537843, 3.801670186904698, 4.7921185054211675, 6.053035136194074, 7.279009672338676, 6.4576692118751335, 5.7012506575312045, 4.368283375652271, 6.659689484503011, 6.65817063464132, 6.821017902776681, 3.3387956331587594, 2.643265968456447, 2.637190531607453, 2.0566475877018893, 2.0704006882726826, 3.23056424483402, 2.7731419779737214, 5.099712240901441, 4.6723841419557965, 4.957827962928928, 4.804733304773533, 8.172106982902267, 7.376133939944421, 7.458355248310447, 7.656133719443516, 6.853434842471328, 5.8393301131208535, 7.579224077700831, 6.033139266584189, 7.120746883578997, 7.727244454525818], [3.90005245862155, 2.6192363238165433, 1.6272335450082143, 0.0, 1.9456705810593942, 1.6194136284470377, 2.6193188694773304, 3.6939210034866745, 1.614969541508446, 2.608713311193854, 3.8516624670393953, 4.938662577054642, 6.31130033669766, 5.10867277480169, 4.208975641412052, 2.8652725769113143, 5.080077650981331, 5.1688234106032285, 5.194020671888012, 4.7451110303132005, 4.086263996611085, 4.251298936795671, 2.9919345631213257, 2.7545053530534296, 3.287816279842899, 2.6388837071761992, 4.578931162400238, 3.6415726794889047, 4.142285540616436, 4.201530847203196, 7.085977789268042, 6.57734749348094, 6.571342969287175, 6.097411731218419, 5.481340694574641, 4.392346495894876, 6.084725738272843, 4.4247766067904495, 5.519941830309446, 6.108090709051398], [4.945139861520603, 3.4850396913091255, 3.0055220744489635, 1.9456705810593942, 0.0, 3.0591801532436764, 3.570332518127689, 4.210744096950087, 3.067099282709968, 3.664016150346502, 4.907006664963886, 5.778244087956133, 7.179722876963985, 5.696494702007542, 4.6501169168097265, 3.4873375360007812, 5.171373157102473, 5.464158480498163, 4.702216465668079, 5.570728083473471, 5.467167961568403, 5.213933208241165, 3.2122055195768526, 3.615413167260417, 4.514535220817311, 3.1601980713240114, 4.945177115129447, 3.701149082379687, 4.910158735723317, 5.386891811610847, 7.831514100095843, 7.691886816639985, 7.306078877893395, 6.21060591971508, 6.11053419923332, 4.690223637525188, 6.177407053125122, 3.7361047884126592, 4.9015554816813, 5.501583468420705], [4.785304619352878, 3.8308381250060672, 2.479585088275859, 1.6194136284470377, 3.0591801532436764, 0.0, 1.41615886820653, 2.384411050972546, 2.532662547596896, 3.095211317503217, 4.337897405425813, 5.2225964165345955, 6.62378503123403, 5.182263819992186, 4.175500895701018, 2.9787084583758783, 4.810722347007776, 4.4309980963661, 5.198699093042412, 5.786102319351085, 4.753636684686788, 4.907395157311056, 4.30216913312343, 4.130184199282158, 2.0398405305317375, 2.084791390043618, 3.3402931503088165, 2.6574620223062455, 2.6336137719870774, 4.8307176009367385, 7.290293662809476, 6.765390463971758, 7.123193092988565, 5.827945562546033, 4.583902290625313, 3.5384963021034794, 5.304912844712908, 4.495762856290353, 5.803141303638919, 5.976048919645822], [5.157185081030154, 4.382631011162131, 3.001075692147734, 2.6193188694773304, 3.570332518127689, 1.41615886820653, 0.0, 1.514734907500319, 3.8659892239891205, 4.497219169664739, 5.753593515360639, 6.603553215504514, 8.013216676216862, 6.458398097051622, 5.3561905838011405, 4.235002245572014, 5.721510796983607, 5.076939309268922, 5.9682160450171375, 6.197050294293246, 5.238883088025538, 4.971962374153691, 4.672356922367982, 4.96530580931326, 1.0942452238872233, 1.0944916080080287, 2.1615912310147816, 2.1594556026924936, 2.159480317113356, 6.228609579994559, 8.642067005641648, 8.137389781127608, 8.534310560320616, 6.760619825134378, 5.280521175982538, 4.044971750210377, 5.761401490089022, 5.15703554961569, 6.689727995217743, 6.578438447686503], [6.655971481309096, 5.790509195226272, 4.432764206451772, 3.6939210034866745, 4.210744096950087, 2.384411050972546, 1.514734907500319, 0.0, 4.832347276427886, 5.10871892160843, 6.376598361195411, 6.966593694912888, 8.404968479417398, 6.531260544489096, 5.318334458267927, 4.459471446259075, 5.2792932443651965, 4.346202446964476, 5.488308631992192, 7.681690368011458, 6.738579943133419, 6.465535199038051, 5.990904006074543, 6.294431010027832, 2.152212110829228, 2.1553439725482337, 1.0934747230731945, 1.0949161703071153, 1.0950347757034933, 7.038707732247446, 8.86802100414743, 8.599790579426921, 9.03165311003473, 6.276593590475649, 4.629594125838679, 3.2740818835209358, 4.800440564156586, 4.731439478636496, 6.3787652951021805, 5.87735090070348], [4.192038492189689, 3.0480947918330883, 2.4892486637537843, 1.614969541508446, 3.067099282709968, 2.532662547596896, 3.8659892239891205, 4.832347276427886, 0.0, 1.3691006756261572, 2.341513463553007, 3.577401765248069, 4.837394916688114, 4.064672786338404, 3.534023668568166, 2.3269353364457723, 4.780053054098876, 5.14855374935525, 5.17165939327021, 4.904185513416066, 4.0871693542108085, 4.856895840966739, 3.7132939514668104, 2.6157195071337447, 4.343432666681965, 4.14455862064949, 5.827409493934676, 4.790445981325748, 4.975915240435673, 2.5874174808097745, 5.703389028463691, 5.055577396302029, 5.056390789881652, 5.634960342362668, 5.279003566015087, 4.656838715265969, 6.188134559784555, 4.685593040373865, 5.31564022202406, 6.208639436301644], [5.544831432965298, 4.397970452379143, 3.801670186904698, 2.608713311193854, 3.664016150346502, 3.095211317503217, 4.497219169664739, 5.10871892160843, 1.3691006756261572, 0.0, 1.3732169020224008, 2.330257558726074, 3.7238315160597693, 2.6956198507949893, 2.276696178676461, 1.3364041379762337, 3.6651573854338095, 4.240595082061007, 4.252678273747027, 6.220842210665691, 5.3708498349888725, 6.219978460573638, 4.991012619699534, 3.8696891477223336, 5.053501903630789, 4.955048304507232, 6.183667537149778, 4.924203897078187, 5.0414929237280495, 2.1491815372369083, 4.4779797777569295, 4.082547825806821, 4.082157975875015, 4.404814518228889, 4.3331258682387706, 4.006080665688099, 5.301946654767473, 4.0216679972369676, 4.351721766151876, 5.312250454374304], [6.1437309332359265, 5.162962905154365, 4.7921185054211675, 3.8516624670393953, 4.907006664963886, 4.337897405425813, 5.753593515360639, 6.376598361195411, 2.341513463553007, 1.3732169020224008, 0.0, 1.3775416109867609, 2.4964149374653246, 2.3867182657364485, 2.702087080388047, 2.393513839525479, 4.214040429326705, 4.972218962394958, 4.970729288545092, 6.693211403354895, 5.820965123585607, 6.952195179222171, 5.85058359738582, 4.429859611771009, 6.1890113402707545, 6.253005554131549, 7.45627315687938, 6.235772543959569, 6.191152954014299, 1.0809582508126758, 3.402138449563745, 2.8078537372876107, 2.8074336287791377, 4.669387739308013, 4.884579241859016, 4.98392956009613, 6.026302238520733, 4.984819942585689, 4.880638369107058, 6.024911533790351], [7.514993031932897, 6.4963168865134655, 6.053035136194074, 4.938662577054642, 5.778244087956133, 5.2225964165345955, 6.603553215504514, 6.966593694912888, 3.577401765248069, 2.330257558726074, 1.3775416109867609, 0.0, 1.498515655573875, 1.3486178888032, 2.3029988059050313, 2.725131228032881, 3.680667160991333, 4.619552731596426, 4.605467562582544, 8.066239470781909, 7.1842016995627285, 8.303409705657069, 7.128446774718879, 5.770120821092051, 7.086809083078223, 7.190051223044242, 8.058888058535123, 6.72953799677214, 6.641844986899348, 2.1590241059330486, 2.1478541710274466, 2.1395261017337464, 2.1395479265489703, 3.828415234793635, 4.465332289986939, 4.933573302384389, 5.585890430361126, 4.922074567700087, 4.439556885546124, 5.573311326312213], [8.469277280854607, 7.581234634279564, 7.279009672338676, 6.31130033669766, 7.179722876963985, 6.62378503123403, 8.013216676216862, 8.404968479417398, 4.837394916688114, 3.7238315160597693, 2.4964149374653246, 1.498515655573875, 0.0, 2.434034506739788, 3.667031520180867, 4.223176768737013, 4.876849136481464, 5.84663064080501, 5.823864941771915, 8.917668868600133, 8.04475772848381, 9.33529171745586, 8.26341463379395, 6.752733533910545, 8.417081513802751, 8.616742910172034, 9.493283702175976, 8.205624467400394, 8.018686734122989, 2.74121538737838, 1.0948081704116022, 1.0944978528987621, 1.0944500628169378, 4.753690336990831, 5.5675964823252055, 6.293316173528866, 6.738656136797603, 6.273534072594171, 5.526109992571628, 6.717396654210618], [8.221589806114142, 7.077908739168654, 6.4576692118751335, 5.10867277480169, 5.696494702007542, 5.182263819992186, 6.458398097051622, 6.531260544489096, 4.064672786338404, 2.6956198507949893, 2.3867182657364485, 1.3486178888032, 2.434034506739788, 0.0, 1.3471877782996697, 2.3791631511941334, 2.445447979409908, 3.5079167051114544, 3.490173809425542, 8.856153181263297, 7.976207573151541, 8.908519215335398, 7.603841646825636, 6.474556814176552, 7.052343667888003, 7.084658722902607, 7.605941479527699, 6.163309086846124, 6.150788884362721, 3.3727983841314915, 2.5153416050310144, 3.1531598770122646, 3.153810136961323, 2.4815868834276182, 3.4550440822079245, 4.008939523115808, 4.383829753765536, 3.994565816205811, 3.42378259969876, 4.36848121319069], [7.705440945851185, 6.469984806009979, 5.7012506575312045, 4.208975641412052, 4.6501169168097265, 4.175500895701018, 5.3561905838011405, 5.318334458267927, 3.534023668568166, 2.276696178676461, 2.702087080388047, 2.3029988059050313, 3.667031520180867, 1.3471877782996697, 0.0, 1.3441184508814688, 1.511997569442491, 2.5038247422693147, 2.503127557676596, 8.421502900314172, 7.571714684270664, 8.275927086435694, 6.899808788654944, 6.029271174030904, 6.057652002220001, 5.951370925257474, 6.3812881019430545, 4.865416965687524, 5.0190956087725604, 3.782961629464407, 3.8603763598903154, 4.299317892410376, 4.299699399958095, 2.128237254161293, 2.739526612391272, 2.8028032271281553, 3.457859945110559, 2.8037227127517443, 2.737704867219986, 3.45717356231937], [6.426462029764122, 5.173391759764574, 4.368283375652271, 2.8652725769113143, 3.4873375360007812, 2.9787084583758783, 4.235002245572014, 4.459471446259075, 2.3269353364457723, 1.3364041379762337, 2.393513839525479, 2.725131228032881, 4.223176768737013, 2.3791631511941334, 1.3441184508814688, 0.0, 2.4531290834360915, 3.0072342326463364, 3.0267004642019004, 7.174063343043468, 6.351391004339128, 6.960547451889111, 5.602425811200002, 4.818307088594499, 4.961293818148649, 4.751098620319305, 5.543272813961081, 4.081164069233189, 4.345074864717524, 3.368836989229369, 4.706825117847486, 4.723712854312803, 4.724106933590728, 3.341589759381005, 3.3021557579859855, 2.7865601303399146, 4.031863848147653, 2.810295262067671, 3.330999566196309, 4.047325290855678], [8.832177217424931, 7.541958919272896, 6.659689484503011, 5.080077650981331, 5.171373157102473, 4.810722347007776, 5.721510796983607, 5.2792932443651965, 4.780053054098876, 3.6651573854338095, 4.214040429326705, 3.680667160991333, 4.876849136481464, 2.445447979409908, 1.511997569442491, 2.4531290834360915, 0.0, 1.5282573965140822, 1.5280122250819854, 9.595494085767548, 8.772944014981515, 9.29139846148038, 7.8500886141495245, 7.224738493537326, 6.505483075836874, 6.316568327818516, 6.23983763009904, 4.654243695811383, 4.932366409746948, 5.294943718303339, 4.8000247093114, 5.541910227529854, 5.542355194319469, 1.0976857747096844, 2.175683104222671, 2.1852473223871023, 2.1718308152340042, 2.185100633838176, 2.1756501396134444, 2.1714231761681093], [8.943267261465465, 7.755954992778129, 6.65817063464132, 5.1688234106032285, 5.464158480498163, 4.4309980963661, 5.076939309268922, 4.346202446964476, 5.14855374935525, 4.240595082061007, 4.972218962394958, 4.619552731596426, 5.84663064080501, 3.5079167051114544, 2.5038247422693147, 3.0072342326463364, 1.5282573965140822, 0.0, 2.5201135430769783, 9.823492328087807, 8.838676929269448, 9.251544438632935, 8.102459766021674, 7.626526693718445, 5.766039654737035, 5.8119026789856, 5.217442858335872, 3.846278883544457, 3.805182102081319, 6.014054174182338, 5.812827661302199, 6.301606104795825, 6.645511036030261, 2.1369435392634966, 1.0957580116065773, 1.0957278904910652, 1.095164983004844, 2.791980947284562, 3.47833685257768, 2.7731744085073338], [9.001323622667947, 7.590187432468318, 6.821017902776681, 5.194020671888012, 4.702216465668079, 5.198699093042412, 5.9682160450171375, 5.488308631992192, 5.17165939327021, 4.252678273747027, 4.970729288545092, 4.605467562582544, 5.823864941771915, 3.490173809425542, 2.503127557676596, 3.0267004642019004, 1.5280122250819854, 2.5201135430769783, 0.0, 9.697889961739099, 9.125300024108798, 9.4287048299329, 7.686326067114249, 7.309039007968147, 6.910530307436615, 6.328387801012198, 6.362967358866459, 4.626451999102552, 5.4143518688759045, 6.013117216552493, 5.782737861082759, 6.627963863057794, 6.276243629751796, 2.1371100533196694, 3.4781510274857244, 2.7933200138902814, 2.7722925693367935, 1.0955900236858678, 1.0957889440946191, 1.0952680448182537], [1.0935494273237039, 2.1619294831238136, 3.3387956331587594, 4.7451110303132005, 5.570728083473471, 5.786102319351085, 6.197050294293246, 7.681690368011458, 4.904185513416066, 6.220842210665691, 6.693211403354895, 8.066239470781909, 8.917668868600133, 8.856153181263297, 8.421502900314172, 7.174063343043468, 9.595494085767548, 9.823492328087807, 9.697889961739099, 0.0, 1.7799898145776005, 1.779936296612887, 2.498594945164182, 2.496335564382321, 6.152109695055835, 5.779370743428736, 8.200026615810463, 7.953758993708574, 8.22550387210413, 6.185476516001011, 9.96297011237111, 8.885590853736177, 8.764636629661267, 10.504945959404075, 9.966349994857696, 9.093610922510376, 10.79327943398113, 8.954499144564144, 9.750712526784902, 10.677888361469229], [1.0950777369666502, 2.1589711739622643, 2.643265968456447, 4.086263996611085, 5.467167961568403, 4.753636684686788, 5.238883088025538, 6.738579943133419, 4.0871693542108085, 5.3708498349888725, 5.820965123585607, 7.1842016995627285, 8.04475772848381, 7.976207573151541, 7.571714684270664, 6.351391004339128, 8.772944014981515, 8.838676929269448, 9.125300024108798, 1.7799898145776005, 0.0, 1.7594508972972223, 3.062649490229008, 2.5017059159701405, 5.004235500053929, 5.103204927298139, 7.309398222836132, 7.172721548338538, 7.102490079542526, 5.332499994374121, 9.080888572160767, 7.867690166751611, 8.074881193553253, 9.65546317532204, 8.822162095540978, 8.132864974287966, 9.841126584898701, 8.457422275729172, 9.307271884929547, 10.106015508596847], [1.0950340679631847, 2.159655539663675, 2.637190531607453, 4.251298936795671, 5.213933208241165, 4.907395157311056, 4.971962374153691, 6.465535199038051, 4.856895840966739, 6.219978460573638, 6.952195179222171, 8.303409705657069, 9.33529171745586, 8.908519215335398, 8.275927086435694, 6.960547451889111, 9.29139846148038, 9.251544438632935, 9.4287048299329, 1.779936296612887, 1.7594508972972223, 0.0, 2.498373082627973, 3.0639660099289614, 4.771779982354593, 4.507267736667083, 6.829292348406239, 6.888655162656932, 7.0585086193897935, 6.644609981782227, 10.327677164783958, 9.279352159499068, 9.380345560265889, 10.273992495130607, 9.380562020476171, 8.400377807575085, 10.159781854941572, 8.604306248036503, 9.6762512348533, 10.326378479408936], [2.1490368191354934, 1.0939920429326715, 2