{"total energy": -23.22808997, "HOMO-LUMO gap/eV": 4.20020266, "electronic energy": -23.52459525, "dipole": [0.17068139, -0.72855278, 0.46607771], "partial charges": [-0.10088214, -0.04923765, 0.0026029, -0.22391612, 0.00244258, -0.05102468, -0.10173534, 0.04704912, 0.03455077, 0.03547948, 0.04263049, 0.03330651, 0.03194598, 0.03544737, 0.03383605, 0.03440177, 0.04245181, 0.04232874, 0.03946902, 0.03440902, 0.03444432], "atomic dipole moments": [[0.03871518, 0.00966411, 0.10602836], [0.07819285, -0.04476633, -0.07725971], [0.00918523, 0.10519183, -0.07495759], [0.09114501, -0.36244603, 0.24740682], [-0.04941443, 0.09779871, -0.06218536], [-0.00727976, -0.1009026, 0.07152819], [-0.09473978, 0.04829948, -0.02230962], [0.05520247, 0.07861321, -0.08654967], [-0.12151847, 0.028197, -0.0005222], [0.00978827, -0.11859956, -0.04189143], [-0.01705189, 0.11976167, 0.0390984], [-0.07065505, -0.06517913, 0.07339042], [0.03008569, 0.00425897, 0.11829609], [0.01439621, -0.11638452, -0.04203615], [0.01161593, 0.00051533, 0.12390364], [-0.00841494, -0.11641776, -0.04327104], [-0.01105269, 0.00410658, -0.12575907], [0.00888002, 0.11967632, 0.03950912], [0.09574768, 0.0614718, -0.05450332], [0.02209165, -0.00208054, 0.12402855], [0.00200757, -0.11855067, -0.04256801]], "atomic quadrupole moments": [[-0.05986011, 0.00271418, -0.12530432, 0.12151762, 0.04384333, 0.18516444], [0.13400455, -0.0759387, -0.19473228, 0.11297454, 0.01381909, 0.06072773], [0.19021008, 0.11377917, -0.05345949, -0.14084531, -0.19679633, -0.13675059], [0.49509886, -0.0272162, -0.09149983, -0.12842238, -0.4364547, -0.40359903], [0.30685119, -0.12286938, -0.08770999, 0.0102313, -0.15014811, -0.2191412], [0.23871541, -0.01636734, -0.07764112, -0.04730997, -0.11806394, -0.16107429], [0.15564861, -0.14144186, -0.04673631, 0.06446497, -0.04103595, -0.1089123], [-0.00770701, 0.04818925, 0.00283574, -0.03060174, -0.03650075, 0.00487127], [0.07497197, -0.03247044, -0.04761987, -0.00614712, 0.00448682, -0.02735209], [-0.04790527, -0.02174972, 0.07185658, 0.00228362, 0.0261833, -0.0239513], [-0.02404651, -0.0007878, 0.04973762, 0.01422126, 0.01622582, -0.02569111], [0.0016697, 0.03464182, -0.00726222, -0.01192064, -0.04230873, 0.00559252], [-0.01305975, 0.02153473, -0.03534402, 0.00980333, -0.00545282, 0.04840377], [-0.02188948, 0.00912574, 0.04069045, -0.01984717, 0.02504402, -0.01880096], [-0.012039, -0.01375007, -0.03293564, 0.01568617, 0.00161513, 0.04497464], [-0.01268671, -0.00925246, 0.03808894, 0.008783, 0.02788944, -0.02540223], [-0.00920554, 0.00070146, -0.03958018, 0.01081346, 0.00752091, 0.04878572], [-0.01134097, 0.00075586, 0.03450089, -0.0025445, 0.03536977, -0.02315992], [0.02763626, 0.03938443, -0.00534236, -0.03736343, -0.03864172, -0.0222939], [-0.0359163, -0.01211503, -0.04375106, 0.00921668, 0.00412735, 0.07966737], [-0.03314794, 0.00519226, 0.06333436, 0.01415898, 0.04231554, -0.03018643]], "number of molecular orbitals": 47, "number of electrons": 44, "number of unpaired electrons": 0, "orbital energies/eV": [-19.04715175, -17.09610363, -16.97172389, -16.18073016, -16.12419843, -15.43367033, -15.24398229, -14.25602491, -14.06771245, -13.95003444, -13.60695361, -13.33476012, -13.22174983, -12.97577098, -12.5007675, -12.32165372, -12.22278146, -12.03595494, -11.83473186, -11.7897045, -11.58345755, -9.45648783, -5.25628517, -3.55222661, -0.28752766, 0.26909491, 0.79553184, 2.32450247, 2.84998664, 3.28314833, 3.48225247, 3.50190969, 3.90194917, 3.95548187, 4.31679913, 4.59281221, 4.92054432, 4.97863217, 5.81059154, 5.84739496, 6.19298229, 6.70224798, 6.87087607, 6.93066191, 7.57612381, 8.26324638, 11.67849006], "fractional occupation": [2.0, 2.0, 2.0, 2.0, 2.0, 2.0, 2.0, 2.0, 2.0, 2.0, 2.0, 2.0, 2.0, 2.0, 2.0, 2.0, 2.0, 2.0, 2.0, 2.0, 2.0, 2.0, 0.0, 0.0, 0.0, 0.0, 0.0, 0.0, 0.0, 0.0, 0.0, 0.0, 0.0, 0.0, 0.0, 0.0, 0.0, 0.0, 0.0, 0.0, 0.0, 0.0, 0.0, 0.0, 0.0, 0.0, 0.0], "program call": "xtb /home/svss/Project-DBcg-Debug/aqme2_20220329/End-to-End-workflows-final/example-3/QDESCP/mol_819_rdkit_conf_11/mol_819_rdkit_conf_11.xyz --pop --wbo --acc 0.2 --gfn 2 --chrg 0 --uhf 0 --etemp 300 --input /home/svss/Project-DBcg-Debug/aqme2_20220329/End-to-End-workflows-final/example-3/QDESCP/mol_819_rdkit_conf_11/mol_819_rdkit_conf_11_xtb.inp", "method": "GFN2-xTB", "xtb version": "6.3.3 (7355c4f)", "Dipole module/D": 2.241, "Total charge": 0, "Transition dipole module/D": NaN, "HOMO": -9.4565, "LUMO": -5.2563, "HOMO occupancy": 2.0, "LUMO occupancy": 0, "mulliken charges": [-0.08349, -0.03666, 0.01215, -0.14135, 0.01319, -0.03713, -0.08492, 0.03078, 0.02741, 0.02638, 0.02753, 0.02405, 0.02131, 0.02126, 0.02071, 0.02082, 0.02693, 0.02693, 0.03041, 0.02684, 0.02686], "cm5 charges": [-0.23289, -0.14636, -0.0806, -0.18969, -0.07958, -0.14671, -0.23518, 0.08298, 0.07818, 0.0778, 0.08244, 0.07835, 0.07741, 0.0777, 0.07722, 0.07735, 0.08205, 0.08205, 0.08118, 0.07814, 0.07815], "FUKUI+": [0.022, 0.022, 0.036, -0.514, 0.036, 0.014, 0.021, 0.001, -0.042, -0.024, -0.027, -0.056, -0.085, -0.087, -0.087, -0.087, -0.025, -0.025, -0.04, -0.025, -0.025], "FUKUI-": [0.018, 0.018, 0.068, -0.528, 0.069, 0.016, 0.017, -0.022, -0.045, -0.028, -0.029, -0.059, -0.08, -0.075, -0.083, -0.08, -0.037, -0.037, -0.039, -0.033, -0.032], "FUKUIrad": [0.02, 0.02, 0.052, -0.521, 0.052, 0.015, 0.019, -0.011, -0.044, -0.026, -0.028, -0.057, -0.083, -0.081, -0.085, -0.084, -0.031, -0.031, -0.039, -0.029, -0.029], "s proportion": [1.007, 1.027, 1.038, 1.932, 1.038, 1.027, 1.008, 0.969, 0.973, 0.974, 0.972, 0.976, 0.979, 0.979, 0.979, 0.979, 0.973, 0.973, 0.97, 0.973, 0.973], "p proportion": [3.077, 3.01, 2.95, 4.213, 2.948, 3.01, 3.076, 0.0, 0.0, 0.0, 0.0, 0.0, 0.0, 0.0, 0.0, 0.0, 0.0, 0.0, 0.0, 0.0, 0.0], "d proportion": [0.0, 0.0, 0.0, -0.003, 0.0, 0.0, 0.0, 0.0, 0.0, 0.0, 0.0, 0.0, 0.0, 0.0, 0.0, 0.0, 0.0, 0.0, 0.0, 0.0, 0.0], "Fermi-level/eV": -7.3564, "Coordination numbers": [3.749, 3.824, 3.793, 2.005, 3.795, 3.838, 3.75, 0.924, 0.924, 0.924, 0.924, 0.924, 0.924, 0.924, 0.924, 0.924, 0.924, 0.924, 0.924, 0.924, 0.924], "Dispersion coefficient C6": [22.493, 21.437, 20.544, 150.621, 20.545, 21.461, 22.506, 2.357, 2.523, 2.51, 2.414, 2.54, 2.559, 2.51, 2.533, 2.525, 2.417, 2.418, 2.456, 2.525, 2.524], "Total dispersion C6": 3846.582296, "Total dispersion C8": 96990.357005, "Polarizability alpha": [6.764, 6.589, 6.455, 20.656, 6.454, 6.59, 6.766, 2.401, 2.484, 2.478, 2.43, 2.492, 2.502, 2.478, 2.489, 2.485, 2.431, 2.432, 2.451, 2.485, 2.485], "Total polarizability alpha": 94.795231, "Wiberg matrix": [[0.0, 1.0213096540068483, 0.0, 0.0, 0.0, 0.0, 0.0, 0.9858072887867386, 0.9867496931759399, 0.9871831349943911, 0.0, 0.0, 0.0, 0.0, 0.0, 0.0, 0.0, 0.0, 0.0, 0.0, 0.0], [1.0213096540068483, 0.0, 1.011676828575457, 0.0, 0.0, 0.0, 0.0, 0.0, 0.0, 0.0, 0.9766157555744814, 0.9720104660471587, 0.0, 0.0, 0.0, 0.0, 0.0, 0.0, 0.0, 0.0, 0.0], [0.0, 1.011676828575457, 0.0, 0.9867404006672705, 0.0, 0.0, 0.0, 0.0, 0.0, 0.0, 0.0, 0.0, 0.9766075696048224, 0.9756395210522585, 0.0, 0.0, 0.0, 0.0, 0.0, 0.0, 0.0], [0.0, 0.0, 0.9867404006672705, 0.0, 0.9878179125384139, 0.0, 0.0, 0.0, 0.0, 0.0, 0.0, 0.0, 0.0, 0.0, 0.0, 0.0, 0.0, 0.0, 0.0, 0.0, 0.0], [0.0, 0.0, 0.0, 0.9878179125384139, 0.0, 1.0115425122308612, 0.0, 0.0, 0.0, 0.0, 0.0, 0.0, 0.0, 0.0, 0.976194462254786, 0.9761622353325982, 0.0, 0.0, 0.0, 0.0, 0.0], [0.0, 0.0, 0.0, 0.0, 1.0115425122308612, 0.0, 1.0156670671876127, 0.0, 0.0, 0.0, 0.0, 0.0, 0.0, 0.0, 0.0, 0.0, 0.9771625542605844, 0.9771829731109365, 0.0, 0.0, 0.0], [0.0, 0.0, 0.0, 0.0, 0.0, 1.0156670671876127, 0.0, 0.0, 0.0, 0.0, 0.0, 0.0, 0.0, 0.0, 0.0, 0.0, 0.0, 0.0, 0.9859168153422861, 0.9874819213091622, 0.9874781794549418], [0.9858072887867386, 0.0, 0.0, 0.0, 0.0, 0.0, 0.0, 0.0, 0.0, 0.0, 0.0, 0.0, 0.0, 0.0, 0.0, 0.0, 0.0, 0.0, 0.0, 0.0, 0.0], [0.9867496931759399, 0.0, 0.0, 0.0, 0.0, 0.0, 0.0, 0.0, 0.0, 0.0, 0.0, 0.0, 0.0, 0.0, 0.0, 0.0, 0.0, 0.0, 0.0, 0.0, 0.0], [0.9871831349943911, 0.0, 0.0, 0.0, 0.0, 0.0, 0.0, 0.0, 0.0, 0.0, 0.0, 0.0, 0.0, 0.0, 0.0, 0.0, 0.0, 0.0, 0.0, 0.0, 0.0], [0.0, 0.9766157555744814, 0.0, 0.0, 0.0, 0.0, 0.0, 0.0, 0.0, 0.0, 0.0, 0.0, 0.0, 0.0, 0.0, 0.0, 0.0, 0.0, 0.0, 0.0, 0.0], [0.0, 0.9720104660471587, 0.0, 0.0, 0.0, 0.0, 0.0, 0.0, 0.0, 0.0, 0.0, 0.0, 0.0, 0.0, 0.0, 0.0, 0.0, 0.0, 0.0, 0.0, 0.0], [0.0, 0.0, 0.9766075696048224, 0.0, 0.0, 0.0, 0.0, 0.0, 0.0, 0.0, 0.0, 0.0, 0.0, 0.0, 0.0, 0.0, 0.0, 0.0, 0.0, 0.0, 0.0], [0.0, 0.0, 0.9756395210522585, 0.0, 0.0, 0.0, 0.0, 0.0, 0.0, 0.0, 0.0, 0.0, 0.0, 0.0, 0.0, 0.0, 0.0, 0.0, 0.0, 0.0, 0.0], [0.0, 0.0, 0.0, 0.0, 0.976194462254786, 0.0, 0.0, 0.0, 0.0, 0.0, 0.0, 0.0, 0.0, 0.0, 0.0, 0.0, 0.0, 0.0, 0.0, 0.0, 0.0], [0.0, 0.0, 0.0, 0.0, 0.9761622353325982, 0.0, 0.0, 0.0, 0.0, 0.0, 0.0, 0.0, 0.0, 0.0, 0.0, 0.0, 0.0, 0.0, 0.0, 0.0, 0.0], [0.0, 0.0, 0.0, 0.0, 0.0, 0.9771625542605844, 0.0, 0.0, 0.0, 0.0, 0.0, 0.0, 0.0, 0.0, 0.0, 0.0, 0.0, 0.0, 0.0, 0.0, 0.0], [0.0, 0.0, 0.0, 0.0, 0.0, 0.9771829731109365, 0.0, 0.0, 0.0, 0.0, 0.0, 0.0, 0.0, 0.0, 0.0, 0.0, 0.0, 0.0, 0.0, 0.0, 0.0], [0.0, 0.0, 0.0, 0.0, 0.0, 0.0, 0.9859168153422861, 0.0, 0.0, 0.0, 0.0, 0.0, 0.0, 0.0, 0.0, 0.0, 0.0, 0.0, 0.0, 0.0, 0.0], [0.0, 0.0, 0.0, 0.0, 0.0, 0.0, 0.9874819213091622, 0.0, 0.0, 0.0, 0.0, 0.0, 0.0, 0.0, 0.0, 0.0, 0.0, 0.0, 0.0, 0.0, 0.0], [0.0, 0.0, 0.0, 0.0, 0.0, 0.0, 0.9874781794549418, 0.0, 0.0, 0.0, 0.0, 0.0, 0.0, 0.0, 0.0, 0.0, 0.0, 0.0, 0.0, 0.0, 0.0]], "Born radii": [], "Atomic SASAs": [], "Solvent H bonds": [], "Total SASA": NaN, "Total FOD": 0.0, "FOD": [0.0, 0.0, 0.0, 0.0, 0.0, 0.0, 0.0, 0.0, 0.0, 0.0, 0.0, 0.0, 0.0, 0.0, 0.0, 0.0, 0.0, 0.0, 0.0, 0.0, 0.0], "FOD s proportion": [0.0, 0.0, 0.0, 0.0, 0.0, 0.0, 0.0, 0.0, 0.0, 0.0, 0.0, 0.0, 0.0, 0.0, 0.0, 0.0, 0.0, 0.0, 0.0, 0.0, 0.0], "FOD p proportion": [0.0, 0.0, 0.0, 0.0, 0.0, 0.0, 0.0, 0.0, 0.0, 0.0, 0.0, 0.0, 0.0, 0.0, 0.0, 0.0, 0.0, 0.0, 0.0, 0.0, 0.0], "FOD d proportion": [0.0, 0.0, 0.0, 0.0, 0.0, 0.0, 0.0, 0.0, 0.0, 0.0, 0.0, 0.0, 0.0, 0.0, 0.0, 0.0, 0.0, 0.0, 0.0, 0.0, 0.0], "coordinates": [["-3.42200", "-0.04950", "-0.77220"], ["-2.85830", "0.10980", "0.63340"], ["-1.40380", "-0.33960", "0.77030"], ["-0.25580", "0.75150", "-0.13040"], ["1.30210", "-0.09790", "0.27590"], ["2.47730", "0.62780", "-0.37310"], ["3.79410", "-0.06280", "-0.04900"], ["-2.92370", "0.61120", "-1.48750"], ["-4.48800", "0.20030", "-0.77830"], ["-3.31580", "-1.08130", "-1.12240"], ["-2.97210", "1.15000", "0.96170"], ["-3.46770", "-0.49810", "1.31350"], ["-1.12560", "-0.32650", "1.82930"], ["-1.29060", "-1.36390", "0.40010"], ["1.42350", "-0.11550", "1.36390"], ["1.24880", "-1.12960", "-0.08670"], ["2.35420", "0.65650", "-1.46260"], ["2.52810", "1.66500", "-0.02010"], ["4.62670", "0.46840", "-0.52070"], ["3.97150", "-0.08190", "1.03110"], ["3.79700", "-1.09400", "-0.41650"]], "bond_dist": [[0.0, 1.522775603954831, 2.556676651436392, 3.328412636678331, 4.839212433857393, 5.951449956943265, 7.252261325958959, 1.0938379541778571, 1.0948941729683288, 1.0947738213896054, 2.155833822445506, 2.1338872838085896, 3.4810895147927465, 2.764923255716151, 5.295861540863772, 4.842819313168724, 5.859997832764105, 6.237696263044554, 8.069265415761215, 7.610307674463628, 7.302839429975165], [1.522775603954831, 0.0, 1.5284869054067818, 2.7871447002263805, 4.180893887675218, 5.454355471547486, 6.689535580292551, 2.1803430762153004, 2.1580104795853057, 2.1704513585888074, 1.0966983951843825, 1.0970172195549164, 2.150065996661498, 2.1642328594677602, 4.349505900674235, 4.350049054895818, 5.644665901539258, 5.644378995956951, 7.581936808626144, 6.844054516147573, 6.844300003652675], [2.556676651436392, 1.5284869054067818, 0.0, 1.8219944291901662, 2.7612940915447597, 4.160067731419766, 5.269348644756769, 2.883015346820062, 3.493128055196374, 2.7907304026007242, 2.1714297156481948, 2.140063480366879, 1.095010433740245, 1.0950126802918767, 2.897620931039808, 2.89738429622306, 4.4833716798855745, 4.4836359051555466, 6.219845275406777, 5.387789530039197, 5.387572202764432], [3.328412636678331, 2.7871447002263805, 1.8219944291901662, 0.0, 1.820333062931067, 2.7466416930498965, 4.13175513069204, 2.996513792726475, 4.316840591219463, 3.7022722536301944, 2.954618477908781, 3.7366628132599815, 2.39980418576183, 2.4139507969302105, 2.4092882724987477, 2.4092048605297145, 2.931873435194637, 2.9320210691603155, 4.906249682802537, 4.462477238037186, 4.462388519615924], [4.839212433857393, 4.180893887675218, 2.7612940915447597, 1.820333062931067, 0.0, 1.5260853613084688, 2.513335636161633, 4.633550259790003, 5.89283623478542, 4.924156664851353, 4.505148353828096, 4.897730682673354, 2.8911998910486973, 2.887953415483013, 1.0948934742704424, 1.0948627950569878, 2.167582990337394, 2.1676043019887183, 3.4652896574456795, 2.7742168985138846, 2.7741951950070134], [5.951449956943265, 5.454355471547486, 4.160067731419766, 2.7466416930498965, 1.5260853613084688, 0.0, 1.5218184550070353, 5.514795002536359, 6.990160754946914, 6.086253437871282, 5.634744381070006, 6.281345028733893, 4.3292196363779, 4.331486758608412, 2.1633673590030886, 2.163259570647961, 1.0968078911094685, 1.0968014770230754, 2.1603505456291114, 2.1698122891162726, 2.169812639376958], [7.252261325958959, 6.689535580292551, 5.269348644756769, 4.13175513069204, 2.513335636161633, 1.5218184550070353, 0.0, 6.903071424373357, 8.31830995515315, 7.262245370407144, 6.947939318243935, 7.401326339244878, 5.272665044358498, 5.267705962750768, 2.760218842773159, 2.7600789155384673, 2.142188007622113, 2.1421680723043184, 1.094484851425546, 1.094738133071101, 1.0947319763302799], [1.0938379541778571, 2.1803430762153004, 2.883015346820062, 2.996513792726475, 4.633550259790003, 5.514795002536359, 6.903071424373357, 0.0, 1.76602319916812, 1.7752736887590035, 2.5082321742613862, 3.061385877343789, 3.8876222990408933, 3.1829340835147684, 5.249449751164402, 4.733115414819292, 5.278153134383277, 5.743333565099628, 7.613385202391903, 7.373433163052338, 7.015878885072063], [1.0948941729683288, 2.1580104795853057, 3.493128055196374, 4.316840591219463, 5.89283623478542, 6.990160754946914, 8.31830995515315, 1.76602319916812, 0.0, 1.7705807550066732, 2.495492516518533, 2.429897506068929, 4.287520234354585, 3.7494952940362523, 6.295600267647241, 5.929402905014973, 6.891450193536916, 7.207348509680935, 9.12227994856549, 8.655443688800709, 8.393291173907885], [1.0947738213896054, 2.1704513585888074, 2.7907304026007242, 3.7022722536301944, 4.924156664851353, 6.086253437871282, 7.262245370407144, 1.7752736887590035, 1.7705807550066732, 0.0, 3.07250747598765, 2.5093434719065466, 3.7522302661217366, 2.549373266118557, 5.438328954743359, 4.680873907722788, 5.940082901778392, 6.550450075376499, 8.114611465128814, 7.664274518830859, 7.14775348903416], [2.155833822445506, 1.0966983951843825, 2.1714297156481948, 2.954618477908781, 4.505148353828096, 5.634744381070006, 6.947939318243935, 2.5082321742613862, 2.495492516518533, 3.07250747598765, 0.0, 1.7565922150573248, 2.518401131670648, 3.076122562577765, 4.591792073907529, 4.91036816644129, 5.872839554253121, 5.6108249197421936, 7.771991363865506, 7.052373708901139, 7.2633109564440375], [2.1338872838085896, 1.0970172195549164, 2.140063480366879, 3.7366628132599815, 4.897730682673354, 6.281345028733893, 7.401326339244878, 3.061385877343789, 2.429897506068929, 2.5093434719065466, 1.7565922150573248, 0.0, 2.404356173698065, 2.5146915536502683, 4.906399938855372, 4.960314963790102, 6.55243099772901, 6.512074032902267, 8.355700045477937, 7.456183262232762, 7.491586140464514], [3.4810895147927465, 2.150065996661498, 1.095010433740245, 2.39980418576183, 2.8911998910486973, 4.3292196363779, 5.272665044358498, 3.8876222990408933, 4.287520234354585, 3.7522302661217366, 2.518401131670648, 2.404356173698065, 0.0, 1.773706965651316, 2.599813256755185, 3.154964495838265, 4.88997982102176, 4.553666248200454, 6.26444900210705, 5.165015083230638, 5.464857239672415], [2.764923255716151, 2.1642328594677602, 1.0950126802918767, 2.4139507969302105, 2.887953415483013, 4.331486758608412, 5.267705962750768, 3.1829340835147684, 3.7494952940362523, 2.549373266118557, 3.076122562577765, 2.5146915536502683, 1.773706965651316, 0.0, 3.1390686214226027, 2.5962324799601437, 4.56467244060294, 4.892164443270484, 6.262558200927157, 5.452649026849244, 5.159782488632636], [5.295861540863772, 4.349505900674235, 2.897620931039808, 2.4092882724987477, 1.0948934742704424, 2.1633673590030886, 2.760218842773159, 5.249449751164402, 6.295600267647241, 5.438328954743359, 4.591792073907529, 4.906399938855372, 2.599813256755185, 3.1390686214226027, 0.0, 1.7785272727737407, 3.074294836218543, 2.5111307034879724, 3.762066800310701, 2.5698616305163204, 3.124226089770073], [4.842819313168724, 4.350049054895818, 2.89738429622306, 2.4092048605297145, 1.0948627950569878, 2.163259570647961, 2.7600789155384673, 4.733115414819292, 5.929402905014973, 4.680873907722788, 4.91036816644129, 4.960314963790102, 3.154964495838265, 2.5962324799601437, 1.7785272727737407, 0.0, 2.5110083990301586, 3.0742207484173933, 3.761936789740093, 3.124139468717746, 2.5697001070163816], [5.859997832764105, 5.644665901539258, 4.4833716798855745, 2.931873435194637, 2.167582990337394, 1.0968078911094685, 2.142188007622113, 5.278153134383277, 6.891450193536916, 5.940082901778392, 5.872839554253121, 6.55243099772901, 4.88997982102176, 4.56467244060294, 3.074294836218543, 2.5110083990301586, 0.0, 1.7686491200913763, 2.4671468278154824, 3.0625860869533117, 2.4980486984844794], [6.237696263044554, 5.644378995956951, 4.4836359051555466, 2.9320210691603155, 2.1676043019887183, 1.0968014770230754, 2.1421680723043184, 5.743333565099628, 7.207348509680935, 6.550450075376499, 5.6108249197421936, 6.512074032902267, 4.553666248200454, 4.892164443270484, 2.5111307034879724, 3.0742207484173933, 1.7686491200913763, 0.0, 2.4670982712490397, 2.498016134855818, 3.0625677412916112], [8.069265415761215, 7.581936808626144, 6.219845275406777, 4.906249682802537, 3.4652896574456795, 2.1603505456291114, 1.094484851425546, 7.613385202391903, 9.12227994856549, 8.114611465128814, 7.771991363865506, 8.355700045477937, 6.26444900210705, 6.262558200927157, 3.762066800310701, 3.761936789740093, 2.4671468278154824, 2.4670982712490397, 0.0, 1.7720610514313553, 1.7721042548337835], [7.610307674463628, 6.844054516147573, 5.387789530039197, 4.462477238037186, 2.7742168985138846, 2.1698122891162726, 1.094738133071101, 7.373433163052338, 8.655443688800709, 7.664274518830859, 7.052373708901139, 7.456183262232762, 5.165015083230638, 5.452649026849244, 2.5698616305163204, 3.124139468717746, 3.0625860869533117, 2.498016134855818, 1.7720610514313553, 0.0, 1.774920398215086], [7.302839429975165, 6.844300003652675, 5.387572202764432, 4.462388519615924, 2.7741951950070134, 2.169812639376958, 1.0947319763302799, 7.015878885072063, 8.393291173907885, 7.14775348903416, 7.2633109564440375, 7.491586140464514, 5.464857239672415, 5.159782488632636, 3.124226089770073, 2.5697001070163816, 2.4980486984844794, 3.0625677412916112, 1.7721042548337835, 1.774920398215086, 0.0]]}