{"total energy": -44.21995364, "HOMO-LUMO gap/eV": 3.96239114, "electronic energy": -44.82239, "dipole": [-0.48038248, -1.31575886, -0.96124899], "partial charges": [-0.105989, 0.14301827, -0.29568561, 0.40136811, -0.44771738, -0.16801914, 0.08363402, -0.05755043, -0.02735228, -0.04695395, 0.10118919, -0.16376527, -0.05661456, -0.02415943, -0.09051628, 0.0500451, 0.05023912, 0.05825639, 0.06881973, 0.19799656, 0.04062246, 0.05082322, 0.05717121, 0.09023371, 0.09090624], "atomic dipole moments": [[0.03886551, -0.09712949, 0.08381708], [0.20880154, -0.03777482, -0.14103122], [-0.00953313, 0.19255831, 0.13623176], [-0.0837852, -0.08854811, -0.04788953], [0.00295166, -0.16744717, -0.11549716], [-0.00116803, 0.0361438, 0.02545122], [-0.17542014, -0.0280969, 0.00319277], [-0.0329393, 0.03005791, 0.0247958], [-0.00426733, 0.00983867, 0.0073381], [-0.03645685, 0.0158785, 0.01548283], [0.06800172, 0.19999841, 0.12797728], [-0.02286412, 0.01104609, 0.01261529], [0.0298944, -0.04248844, -0.03235061], [0.29362517, 0.35014209, -0.01078091], [-0.20605611, -0.24175688, 0.00630323], [-0.11721608, 0.04561767, 0.0365791], [-0.01084901, -0.03575854, -0.12454539], [0.08122992, 0.10322472, -0.00880722], [0.01508779, 0.04668342, 0.12539082], [-0.04164214, -0.10890999, -0.06876959], [-0.03649559, -0.12320735, -0.07937648], [0.09999768, -0.08905075, -0.07310837], [0.15130434, 0.0305963, 0.00201901], [-0.09546542, 0.10023895, 0.08025637], [-0.13755513, -0.16492138, 0.00413663]], "atomic quadrupole moments": [[-0.0724164, -0.10605496, 0.07288342, 0.07818612, -0.17063822, -0.00046702], [0.28978535, -0.20093349, -0.07708799, -0.1640582, -0.03404806, -0.21269735], [0.09850491, -0.01199831, -0.02841741, -0.033026, 0.04982339, -0.0700875], [-0.08902346, 0.07541605, -0.06773251, 0.10470821, -0.31773152, 0.15675598], [-0.09166298, -0.00462489, 0.01118548, 0.02543901, -0.09119153, 0.0804775], [0.05211921, -0.03291119, -0.03843877, -0.02890419, -0.01897946, -0.01368044], [-0.01042341, 0.0317101, -0.12406929, 0.07019313, -0.34784841, 0.13449269], [-0.20779444, -0.04353395, -0.02236251, 0.05292828, -0.32003275, 0.23015695], [-0.26750486, -0.02832073, -0.00863429, 0.08098481, -0.36877673, 0.27613915], [-0.25320151, -0.04595402, -0.00396009, 0.06132944, -0.33142418, 0.2571616], [-0.397967, 0.11897362, 0.18568527, 0.16723481, -0.08789896, 0.21228173], [-0.16563866, 0.17590581, 0.20875419, 0.11469243, 0.26103736, -0.04311553], [-0.21438859, -0.02537882, -0.0256292, 0.0694541, -0.34301538, 0.24001779], [-0.1164215, -0.70507962, -0.35466141, 0.02011928, 0.01514551, 0.47108291], [-0.13681697, -0.86988075, -0.42668457, 0.01331583, 0.03427155, 0.56350154], [0.05581764, -0.03475143, -0.03234333, -0.04396196, 0.00606194, -0.02347431], [-0.04992959, 0.00304009, -0.00665484, 0.01028824, 0.04628968, 0.05658443], [0.01643973, 0.05918893, 0.01850668, 0.01728663, 0.00276935, -0.03494641], [0.00216391, -0.00598296, -0.01139202, 0.00380684, 0.00895008, 0.0092281], [0.01554345, -0.00277545, 0.010813, -0.0117076, 0.05022346, -0.02635646], [0.03747832, 0.01349253, -0.00122605, -0.00360686, 0.04212128, -0.03625226], [0.03331793, 0.01163348, 0.00237873, -0.00469623, 0.04655274, -0.03569666], [0.02476819, 0.00823278, 0.00583572, -0.00520383, 0.04529962, -0.03060391], [0.03828259, 0.00846137, -0.00658253, -0.0056134, 0.03077253, -0.03170006], [-0.00319252, -0.02967915, -0.01707909, 0.00074696, 0.00091314, 0.02027162]], "number of molecular orbitals": 75, "number of electrons": 78, "number of unpaired electrons": 0, "orbital energies/eV": [-28.65817405, -20.32901964, -19.54223887, -18.92172857, -18.43187534, -17.99430751, -17.44815651, -17.22696262, -16.97608434, -16.91128411, -16.63007234, -16.42452195, -16.28016274, -15.87111964, -15.7265379, -15.49107485, -14.99962394, -14.67463038, -14.37805598, -14.3086004, -14.07005996, -13.85024836, -13.80818287, -13.74798137, -13.50577571, -13.42249165, -12.98265839, -12.91359499, -12.52085997, -12.46991712, -12.3535744, -12.27332208, -12.03394048, -11.78868856, -11.58864401, -11.47499714, -11.31501613, -11.00179062, -10.71114679, -6.74875565, -6.63737214, -5.40817034, -4.89281113, -4.6053988, -3.70889853, -3.04390151, -0.68123552, 0.4169744, 0.57438233, 0.60580003, 0.60836041, 0.96989778, 1.50178298, 2.51728167, 2.9727637, 3.27195675, 3.7915699, 4.07665849, 4.29732342, 4.44932132, 4.59237513, 4.80236744, 5.58499698, 5.6482836, 6.82967689, 7.14634149, 8.04468706, 9.59824319, 10.37403056, 11.16112004, 11.92253436, 16.04350354, 16.34202081, 17.74692135, 37.19220787], "fractional occupation": [2.0, 2.0, 2.0, 2.0, 2.0, 2.0, 2.0, 2.0, 2.0, 2.0, 2.0, 2.0, 2.0, 2.0, 2.0, 2.0, 2.0, 2.0, 2.0, 2.0, 2.0, 2.0, 2.0, 2.0, 2.0, 2.0, 2.0, 2.0, 2.0, 2.0, 2.0, 2.0, 2.0, 2.0, 2.0, 2.0, 2.0, 2.0, 2.0, 0.0, 0.0, 0.0, 0.0, 0.0, 0.0, 0.0, 0.0, 0.0, 0.0, 0.0, 0.0, 0.0, 0.0, 0.0, 0.0, 0.0, 0.0, 0.0, 0.0, 0.0, 0.0, 0.0, 0.0, 0.0, 0.0, 0.0, 0.0, 0.0, 0.0, 0.0, 0.0, 0.0, 0.0, 0.0, 0.0], "program call": "xtb /home/svss/Project-DBcg-Debug/aqme2_20220329/End-to-End-workflows-final/example-3/QDESCP/mol_743_rdkit_conf_2/mol_743_rdkit_conf_2.xyz --pop --wbo --acc 0.2 --gfn 2 --chrg 0 --uhf 0 --etemp 300 --input /home/svss/Project-DBcg-Debug/aqme2_20220329/End-to-End-workflows-final/example-3/QDESCP/mol_743_rdkit_conf_2/mol_743_rdkit_conf_2_xtb.inp", "method": "GFN2-xTB", "xtb version": "6.3.3 (7355c4f)", "Dipole module/D": 4.318, "Total charge": 0, "Transition dipole module/D": NaN, "HOMO": -10.7111, "LUMO": -6.7488, "HOMO occupancy": 2.0, "LUMO occupancy": 0, "mulliken charges": [-0.09685, 0.25113, -0.43667, 0.65803, -0.55741, -0.31861, 0.15504, -0.07938, -0.01583, -0.06377, 0.11764, -0.10775, -0.07792, -0.03585, -0.07505, 0.03779, 0.04134, 0.05488, 0.05637, 0.24291, 0.03412, 0.03665, 0.04115, 0.07234, 0.06571], "cm5 charges": [-0.23945, 0.21645, -0.50587, 0.78129, -0.60598, -0.66018, 0.20834, -0.12693, -0.07081, -0.11566, 0.11046, -0.10985, -0.12179, -0.04199, -0.12609, 0.08968, 0.09524, 0.11058, 0.12716, 0.44528, 0.09293, 0.09201, 0.09767, 0.13836, 0.11916], "FUKUI+": [0.01, 0.005, -0.047, -0.046, -0.093, -0.023, -0.051, -0.036, -0.033, -0.05, -0.037, -0.111, -0.027, -0.02, -0.035, -0.027, -0.016, -0.004, -0.016, -0.04, -0.066, -0.07, -0.073, -0.052, -0.041], "FUKUI-": [0.007, -0.001, -0.039, -0.002, -0.049, -0.048, -0.026, -0.042, -0.018, -0.045, -0.017, -0.198, -0.011, -0.04, -0.055, -0.031, -0.026, -0.02, -0.046, -0.035, -0.054, -0.055, -0.057, -0.037, -0.054], "FUKUIrad": [0.008, 0.002, -0.043, -0.024, -0.071, -0.036, -0.039, -0.039, -0.026, -0.047, -0.027, -0.154, -0.019, -0.03, -0.045, -0.029, -0.021, -0.012, -0.031, -0.038, -0.06, -0.063, -0.065, -0.044, -0.048], "s proportion": [1.016, 1.008, 1.693, 0.917, 1.721, 1.416, 1.038, 1.058, 1.059, 1.059, 1.08, 1.944, 1.063, 1.111, 1.092, 0.962, 0.959, 0.945, 0.944, 0.757, 0.966, 0.963, 0.959, 0.928, 0.934], "p proportion": [3.081, 2.741, 4.743, 2.425, 4.837, 3.902, 2.807, 3.021, 2.957, 3.005, 2.802, 5.175, 3.015, 2.925, 2.983, 0.0, 0.0, 0.0, 0.0, 0.0, 0.0, 0.0, 0.0, 0.0, 0.0], "d proportion": [0.0, 0.0, 0.0, 0.0, 0.0, 0.0, 0.0, 0.0, 0.0, 0.0, 0.0, -0.011, 0.0, 0.0, 0.0, 0.0, 0.0, 0.0, 0.0, 0.0, 0.0, 0.0, 0.0, 0.0, 0.0], "Fermi-level/eV": -8.73, "Coordination numbers": [3.754, 3.75, 1.709, 2.649, 0.856, 2.695, 2.897, 2.92, 2.911, 2.949, 2.88, 0.965, 2.949, 1.968, 1.908, 0.924, 0.924, 0.924, 0.924, 0.86, 0.925, 0.925, 0.925, 0.925, 0.927], "Dispersion coefficient C6": [22.583, 18.331, 18.916, 20.229, 22.658, 24.635, 26.136, 29.43, 28.684, 29.165, 25.757, 104.287, 29.406, 31.709, 33.597, 2.319, 2.317, 2.22, 2.099, 1.116, 2.441, 2.31, 2.232, 1.877, 1.87], "Total dispersion C6": 9064.683341, "Total dispersion C8": 234700.666206, "Polarizability alpha": [6.776, 6.106, 5.872, 7.358, 6.382, 7.372, 8.382, 8.896, 8.782, 8.858, 8.32, 15.623, 8.894, 9.094, 9.361, 2.382, 2.38, 2.33, 2.266, 1.655, 2.443, 2.377, 2.337, 2.142, 2.138], "Total polarizability alpha": 148.525698, "Wiberg matrix": [[0.0, 0.9879529180007011, 0.0, 0.0, 0.0, 0.0, 0.0, 0.0, 0.0, 0.0, 0.0, 0.0, 0.0, 0.0, 0.0, 0.9835423383136204, 0.9855876301191276, 0.9812504800468669, 0.0, 0.0, 0.0, 0.0, 0.0, 0.0, 0.0], [0.9879529180007011, 0.0, 0.9192289189167464, 0.0, 0.0, 0.0, 0.0, 0.0, 0.0, 0.0, 0.0, 0.0, 0.0, 1.0190668953891995, 0.0, 0.0, 0.0, 0.0, 0.942738697384111, 0.0, 0.0, 0.0, 0.0, 0.0, 0.0], [0.0, 0.9192289189167464, 0.0, 1.0678106369514588, 0.1398960347540296, 0.0, 0.0, 0.0, 0.0, 0.0, 0.0, 0.0, 0.0, 0.0, 0.0, 0.0, 0.0, 0.0, 0.0, 0.0, 0.0, 0.0, 0.0, 0.0, 0.0], [0.0, 0.0, 1.0678106369514588, 0.0, 1.6497889257597542, 1.1649168903513618, 0.0, 0.0, 0.0, 0.0, 0.0, 0.0, 0.0, 0.0, 0.0, 0.0, 0.0, 0.0, 0.0, 0.0, 0.0, 0.0, 0.0, 0.0, 0.0], [0.0, 0.0, 0.1398960347540296, 1.6497889257597542, 0.0, 0.14025136814242112, 0.0, 0.0, 0.0, 0.0, 0.0, 0.0, 0.0, 0.0, 0.0, 0.0, 0.0, 0.0, 0.0, 0.0, 0.0, 0.0, 0.0, 0.0, 0.0], [0.0, 0.0, 0.0, 1.1649168903513618, 0.14025136814242112, 0.0, 1.0756801593250724, 0.0, 0.0, 0.0, 0.0, 0.0, 0.0, 0.0, 0.0, 0.0, 0.0, 0.0, 0.0, 0.9281360997022801, 0.0, 0.0, 0.0, 0.0, 0.0], [0.0, 0.0, 0.0, 0.0, 0.0, 1.0756801593250724, 0.0, 1.361744188522584, 0.0, 0.0, 0.0, 0.0, 1.3767540033589138, 0.0, 0.0, 0.0, 0.0, 0.0, 0.0, 0.0, 0.0, 0.0, 0.0, 0.0, 0.0], [0.0, 0.0, 0.0, 0.0, 0.0, 0.0, 1.361744188522584, 0.0, 1.4494563022946911, 0.0, 0.0, 0.0, 0.0, 0.0, 0.0, 0.0, 0.0, 0.0, 0.0, 0.0, 0.9674800825118614, 0.0, 0.0, 0.0, 0.0], [0.0, 0.0, 0.0, 0.0, 0.0, 0.0, 0.0, 1.4494563022946911, 0.0, 1.4322888283199193, 0.0, 0.0, 0.1040917542611407, 0.0, 0.0, 0.0, 0.0, 0.0, 0.0, 0.0, 0.0, 0.9692517294847371, 0.0, 0.0, 0.0], [0.0, 0.0, 0.0, 0.0, 0.0, 0.0, 0.0, 0.0, 1.4322888283199193, 0.0, 1.398591933875847, 0.0, 0.0, 0.0, 0.0, 0.0, 0.0, 0.0, 0.0, 0.0, 0.0, 0.0, 0.9675857896634754, 0.0, 0.0], [0.0, 0.0, 0.0, 0.0, 0.0, 0.0, 0.0, 0.0, 0.0, 1.398591933875847, 0.0, 0.985050326766373, 1.4055404950475128, 0.0, 0.0, 0.0, 0.0, 0.0, 0.0, 0.0, 0.0, 0.0, 0.0, 0.0, 0.0], [0.0, 0.0, 0.0, 0.0, 0.0, 0.0, 0.0, 0.0, 0.0, 0.0, 0.985050326766373, 0.0, 0.0, 0.0, 0.0, 0.0, 0.0, 0.0, 0.0, 0.0, 0.0, 0.0, 0.0, 0.0, 0.0], [0.0, 0.0, 0.0, 0.0, 0.0, 0.0, 1.3767540033589138, 0.0, 0.1040917542611407, 0.0, 1.4055404950475128, 0.0, 0.0, 0.0, 0.0, 0.0, 0.0, 0.0, 0.0, 0.0, 0.0, 0.0, 0.0, 0.9577537726820443, 0.0], [0.0, 1.0190668953891995, 0.0, 0.0, 0.0, 0.0, 0.0, 0.0, 0.0, 0.0, 0.0, 0.0, 0.0, 0.0, 2.912660251072953, 0.0, 0.0, 0.0, 0.0, 0.0, 0.0, 0.0, 0.0, 0.0, 0.0], [0.0, 0.0, 0.0, 0.0, 0.0, 0.0, 0.0, 0.0, 0.0, 0.0, 0.0, 0.0, 0.0, 2.912660251072953, 0.0, 0.0, 0.0, 0.0, 0.0, 0.0, 0.0, 0.0, 0.0, 0.0, 0.9670197889332172], [0.9835423383136204, 0.0, 0.0, 0.0, 0.0, 0.0, 0.0, 0.0, 0.0, 0.0, 0.0, 0.0, 0.0, 0.0, 0.0, 0.0, 0.0, 0.0, 0.0, 0.0, 0.0, 0.0, 0.0, 0.0, 0.0], [0.9855876301191276, 0.0, 0.0, 0.0, 0.0, 0.0, 0.0, 0.0, 0.0, 0.0, 0.0, 0.0, 0.0, 0.0, 0.0, 0.0, 0.0, 0.0, 0.0, 0.0, 0.0, 0.0, 0.0, 0.0, 0.0], [0.9812504800468669, 0.0, 0.0, 0.0, 0.0, 0.0, 0.0, 0.0, 0.0, 0.0, 0.0, 0.0, 0.0, 0.0, 0.0, 0.0, 0.0, 0.0, 0.0, 0.0, 0.0, 0.0, 0.0, 0.0, 0.0], [0.0, 0.942738697384111, 0.0, 0.0, 0.0, 0.0, 0.0, 0.0, 0.0, 0.0, 0.0, 0.0, 0.0, 0.0, 0.0, 0.0, 0.0, 0.0, 0.0, 0.0, 0.0, 0.0, 0.0, 0.0, 0.0], [0.0, 0.0, 0.0, 0.0, 0.0, 0.9281360997022801, 0.0, 0.0, 0.0, 0.0, 0.0, 0.0, 0.0, 0.0, 0.0, 0.0, 0.0, 0.0, 0.0, 0.0, 0.0, 0.0, 0.0, 0.0, 0.0], [0.0, 0.0, 0.0, 0.0, 0.0, 0.0, 0.0, 0.9674800825118614, 0.0, 0.0, 0.0, 0.0, 0.0, 0.0, 0.0, 0.0, 0.0, 0.0, 0.0, 0.0, 0.0, 0.0, 0.0, 0.0, 0.0], [0.0, 0.0, 0.0, 0.0, 0.0, 0.0, 0.0, 0.0, 0.9692517294847371, 0.0, 0.0, 0.0, 0.0, 0.0, 0.0, 0.0, 0.0, 0.0, 0.0, 0.0, 0.0, 0.0, 0.0, 0.0, 0.0], [0.0, 0.0, 0.0, 0.0, 0.0, 0.0, 0.0, 0.0, 0.0, 0.9675857896634754, 0.0, 0.0, 0.0, 0.0, 0.0, 0.0, 0.0, 0.0, 0.0, 0.0, 0.0, 0.0, 0.0, 0.0, 0.0], [0.0, 0.0, 0.0, 0.0, 0.0, 0.0, 0.0, 0.0, 0.0, 0.0, 0.0, 0.0, 0.9577537726820443, 0.0, 0.0, 0.0, 0.0, 0.0, 0.0, 0.0, 0.0, 0.0, 0.0, 0.0, 0.0], [0.0, 0.0, 0.0, 0.0, 0.0, 0.0, 0.0, 0.0, 0.0, 0.0, 0.0, 0.0, 0.0, 0.0, 0.9670197889332172, 0.0, 0.0, 0.0, 0.0, 0.0, 0.0, 0.0, 0.0, 0.0, 0.0]], "Born radii": [], "Atomic SASAs": [], "Solvent H bonds": [], "Total SASA": NaN, "Total FOD": 0.0, "FOD": [0.0, 0.0, 0.0, 0.0, 0.0, 0.0, 0.0, 0.0, 0.0, 0.0, 0.0, 0.0, 0.0, 0.0, 0.0, 0.0, 0.0, 0.0, 0.0, 0.0, 0.0, 0.0, 0.0, 0.0, 0.0], "FOD s proportion": [0.0, 0.0, 0.0, 0.0, 0.0, 0.0, 0.0, 0.0, 0.0, 0.0, 0.0, 0.0, 0.0, 0.0, 0.0, 0.0, 0.0, 0.0, 0.0, 0.0, 0.0, 0.0, 0.0, 0.0, 0.0], "FOD p proportion": [0.0, 0.0, 0.0, 0.0, 0.0, 0.0, 0.0, 0.0, 0.0, 0.0, 0.0, 0.0, 0.0, 0.0, 0.0, 0.0, 0.0, 0.0, 0.0, 0.0, 0.0, 0.0, 0.0, 0.0, 0.0], "FOD d proportion": [0.0, 0.0, 0.0, 0.0, 0.0, 0.0, 0.0, 0.0, 0.0, 0.0, 0.0, 0.0, 0.0, 0.0, 0.0, 0.0, 0.0, 0.0, 0.0, 0.0, 0.0, 0.0, 0.0, 0.0, 0.0], "coordinates": [["-3.54530", "0.98730", "-0.60500"], ["-3.02390", "-0.12360", "0.30200"], ["-1.77610", "-0.61800", "-0.20910"], ["-0.67480", "0.09200", "0.14510"], ["-0.69990", "1.09600", "0.83830"], ["0.41320", "-0.51880", "-0.41060"], ["1.76560", "-0.14670", "-0.32480"], ["2.69390", "-0.95740", "-0.99310"], ["4.05830", "-0.65870", "-0.95940"], ["4.50680", "0.45590", "-0.25550"], ["3.58750", "1.26410", "0.40980"], ["4.14580", "2.64200", "1.27920"], ["2.22230", "0.96960", "0.37920"], ["-3.97860", "-1.24840", "0.32540"], ["-4.75390", "-2.16580", "0.34800"], ["-4.52270", "1.35060", "-0.27020"], ["-3.64510", "0.63690", "-1.63920"], ["-2.85290", "1.83510", "-0.62720"], ["-2.90280", "0.24730", "1.32740"], ["0.17840", "-1.34490", "-0.94360"], ["2.36780", "-1.83320", "-1.54930"], ["4.76880", "-1.29480", "-1.48130"], ["5.56780", "0.68960", "-0.22830"], ["1.54000", "1.62480", "0.91080"], ["-5.44040", "-2.98070", "0.36840"]], "bond_dist": [[0.0, 1.5259769886862649, 2.421527109078071, 3.0990292593004023, 3.1923708650468545, 4.239793723755909, 5.437842113375488, 6.546762279172813, 7.787788410068677, 8.077180858443123, 7.209942657192219, 8.089577302925042, 5.850997580754926, 2.460029987622102, 3.5086981303611737, 1.0951660559020264, 1.0964989010482409, 1.0948403719264284, 2.166697027735996, 4.406784370717497, 6.619038778402798, 8.666033747337938, 9.125739410590244, 5.344560971679527, 4.503769040481539], [1.5259769886862649, 0.0, 1.4361961600004365, 2.364185225400074, 2.6788090357470424, 3.5323700556425286, 4.830395646321325, 5.92163349845294, 7.2135302598658315, 7.573511008112419, 6.756326079312632, 7.7464870289699705, 5.35944591539088, 1.475525225131716, 2.6768632464136077, 2.1787794564847545, 2.1754326305358207, 2.1746630382659284, 1.0971222265545437, 3.6466173832745326, 5.951510122649545, 8.079482756959136, 8.64637619005789, 4.925111492139036, 3.742579540904909], [2.421527109078071, 1.4361961600004365, 0.0, 1.3573574805481423, 2.2788262768363894, 2.20079017173378, 3.5747935702638833, 4.550906322920744, 5.882587010831204, 6.37418595430036, 5.717826735744972, 6.921815982818383, 4.342093183016689, 2.352466930692119, 3.401960918352825, 3.37978264537825, 2.667043497957992, 2.7114581796516797, 2.092613014869209, 2.210869537082638, 4.521587585129808, 6.701661517116483, 7.45942716366344, 4.157023822399867, 4.398062304015259], [3.0990292593004023, 2.364185225400074, 1.3573574805481423, 0.0, 1.2203164548591485, 1.3658781534236502, 2.4966649474849443, 3.7074087028543263, 4.917896537138617, 5.209787148243199, 4.42844055961012, 5.570176583376869, 3.036144426735988, 3.5699124204943744, 4.666678268318912, 4.069752137415742, 3.5076095264439, 2.8946441076581415, 2.527040834652262, 1.9944672321198962, 3.979296565977459, 5.8481768235921185, 6.2822454647999875, 2.800198451895865, 5.674706295483494], [3.1923708650468545, 2.6788090357470424, 2.2788262768363894, 1.2203164548591485, 0.0, 2.325149857536069, 2.995963142296647, 4.369022311684847, 5.380628645427968, 5.35871732227032, 4.312037641301384, 5.105420384258284, 2.9607435907217634, 4.063145513023131, 5.226341868840958, 3.988407357580216, 3.875949186973431, 2.7072805654383147, 2.4108668378821756, 3.1471528895177623, 4.8674048208465255, 6.403370088476849, 6.370781726758498, 2.302615404274018, 6.269978401079227], [4.239793723755909, 3.5323700556425286, 2.20079017173378, 1.3658781534236502, 2.325149857536069, 0.0, 1.4052778408556794, 2.394424502881643, 3.6888355154438646, 4.210897417415913, 3.7320194345689037, 5.174783419622506, 2.472238137801454, 4.512418353832011, 5.476039204571128, 5.2799126252240205, 4.394871936700772, 4.031770080250112, 3.82144072438655, 1.0107726005388153, 2.6162465881487544, 4.551903541376948, 5.297486669166804, 2.7587673261803, 6.397845384971413], [5.437842113375488, 4.830395646321325, 3.5747935702638833, 2.4966649474849443, 2.995963142296647, 1.4052778408556794, 0.0, 1.4019986697568583, 2.433379224453106, 2.8075089830666617, 2.418535385310705, 4.001876526081234, 1.3965373535999674, 5.884924516933076, 6.8580831797230335, 6.464333325254818, 5.622930802526383, 5.034830607875502, 4.967792205799272, 2.0827387066072407, 2.169407140211353, 3.416845928630672, 3.89428231899024, 2.1715927265488806, 7.774221391239125], [6.546762279172813, 5.92163349845294, 4.550906322920744, 3.7074087028543263, 4.369022311684847, 2.394424502881643, 1.4019986697568583, 0.0, 1.3971201594709022, 2.414141060501643, 2.775195780481081, 4.497448305428312, 2.4122485050259646, 6.807744083027799, 7.663452525461353, 7.611094794443176, 6.568269079445512, 6.220846349171469, 6.17730307092019, 2.5456525194927924, 1.0875317420654902, 2.158098239191163, 3.399533681256887, 3.4094101044022267, 8.492011636237907], [7.787788410068677, 7.2135302598658315, 5.882587010831204, 4.917896537138617, 5.380628645427968, 3.6888355154438646, 2.433379224453106, 1.3971201594709022, 0.0, 1.392465662054185, 2.4069734356656287, 3.9891862202709962, 2.7953723991625874, 8.160283006121785, 9.035237352167346, 8.840013808247134, 7.841114650354247, 7.354867824781082, 7.3828993931923526, 3.9401451864112826, 2.1413132676000495, 1.0871122619122644, 2.151978241061001, 3.879929790601887, 9.868132474283064], [8.077180858443123, 7.573511008112419, 6.37418595430036, 5.209787148243199, 5.35871732227032, 4.210897417415913, 2.8075089830666617, 2.414141060501643, 1.392465662054185, 0.0, 1.3931704203004027, 2.695303007084732, 2.4260404015597103, 8.674335505385988, 9.643551608717608, 9.073729907265259, 8.270481261692089, 7.497035255352612, 7.579660845314914, 4.738291760750914, 3.3895749364780237, 2.1531790752280684, 1.0867734492524188, 3.395362298783445, 10.54259259432897], [7.209942657192219, 6.756326079312632, 5.717826735744972, 4.42844055961012, 4.312037641301384, 3.7320194345689037, 2.418535385310705, 2.775195780481081, 2.4069734356656287, 1.3931704203004027, 0.0, 1.722255399178647, 1.3969386708084215, 7.972806834484328, 9.019256466583041, 8.139117046092899, 7.5433602326814535, 6.54829459935944, 6.6332394868570805, 4.501170444451088, 3.8625131960939627, 3.394068076806946, 2.158427656883594, 2.1385419659197713, 9.976122463662925], [8.089577302925042, 7.7464870289699705, 6.921815982818383, 5.570176583376869, 5.105420384258284, 5.174783419622506, 4.001876526081234, 4.497448305428312, 3.9891862202709962, 2.695303007084732, 1.722255399178647, 0.0, 2.7031045133327716, 9.058190876770041, 10.15808714128797, 8.900070031746942, 8.55778051716682, 7.298441632293843, 7.444439084981488, 6.047848725786716, 5.584721236552457, 4.848389783216692, 2.8471926541770927, 2.821454950907422, 11.150764205649764], [5.850997580754926, 5.35944591539088, 4.342093183016689, 3.036144426735988, 2.9607435907217634, 2.472238137801454, 1.3965373535999674, 2.4122485050259646, 2.7953723991625874, 2.4260404015597103, 1.3969386708084215, 2.7031045133327716, 0.0, 6.5858620734115, 7.648468672878252, 6.786892246087308, 6.213775873814569, 5.245911384116206, 5.261886595129165, 3.359201884376704, 3.4052856473429656, 3.8824772839000614, 3.4117189948763365, 1.0850893465517022, 8.62101838647848], [2.460029987622102, 1.475525225131716, 2.352466930692119, 3.5699124204943744, 4.063145513023131, 4.512418353832011, 5.884924516933076, 6.807744083027799, 8.160283006121785, 8.674335505385988, 7.972806834484328, 9.058190876770041, 6.5858620734115, 0.0, 1.2013424199619356, 2.721320482780373, 2.7432155402009517, 3.4179847132484373, 2.097252519369091, 4.347450085969935, 6.643288650209323, 8.93215117482905, 9.756853009551799, 6.2492333417788135, 2.2670623127739566], [3.5086981303611737, 2.6768632464136077, 3.401960918352825, 4.666678268318912, 5.226341868840958, 5.476039204571128, 6.8580831797230335, 7.663452525461353, 9.035237352167346, 9.643551608717608, 9.019256466583041, 10.15808714128797, 7.648468672878252, 1.2013424199619356, 0.0, 3.5778057018233955, 3.6101978574587843, 4.5356385272638295, 3.1951286640759866, 5.164270583538395, 7.377599944426371, 9.735851004406342, 10.724873973152318, 7.368756300082125, 1.0657206106667925], [1.0951660559020264, 2.1787794564847545, 3.37978264537825, 4.069752137415742, 3.988407357580216, 5.2799126252240205, 6.464333325254818, 7.611094794443176, 8.840013808247134, 9.073729907265259, 8.139117046092899, 8.900070031746942, 6.786892246087308, 2.721320482780373, 3.5778057018233955, 0.0, 1.7758689281588327, 1.7749426159738237, 2.5285712685229975, 5.460726052458592, 7.6975106040849335, 9.736368759450311, 10.112213746751994, 6.182740325292662, 4.473269826424515], [1.0964989010482409, 2.1754326305358207, 2.667043497957992, 3.5076095264439, 3.875949186973431, 4.394871936700772, 5.622930802526383, 6.568269079445512, 7.841114650354247, 8.270481261692089, 7.5433602326814535, 8.55778051716682, 6.213775873814569, 2.7432155402009517, 3.6101978574587843, 1.7758689281588327, 0.0, 1.757102182572203, 3.082776834284311, 4.362401041857568, 6.501110861229795, 8.634240586756892, 9.320458277895996, 5.862056671510435, 4.510054280161161], [1.0948403719264284, 2.1746630382659284, 2.7114581796516797, 2.8946441076581415, 2.7072805654383147, 4.031770080250112, 5.034830607875502, 6.220846349171469, 7.354867824781082, 7.497035255352612, 6.54829459935944, 7.298441632293843, 5.245911384116206, 3.4179847132484373, 4.5356385272638295, 1.7749426159738237, 1.757102182572203, 0.0, 2.5187417513512576, 4.404689393135457, 6.446890862268416, 8.283481859097659, 8.5076130583143, 4.65910297160301, 5.556825105219707], [2.166697027735996, 1.0971222265545437, 2.092613014869209, 2.527040834652262, 2.4108668378821756, 3.82144072438655, 4.967792205799272, 6.17730307092019, 7.3828993931923526, 7.579660845314914, 6.6332394868570805, 7.444439084981488, 5.261886595129165, 2.097252519369091, 3.1951286640759866, 2.5285712685229975, 3.082776834284311, 2.5187417513512576, 0.0, 4.145640515047101, 6.354770452187868, 8.313862800166959, 8.623624304200643, 4.670067842119641, 4.216524488248586], [4.406784370717497, 3.6466173832745326, 2.210869537082638, 1.9944672321198962, 3.1471528895177623, 1.0107726005388153, 2.0827387066072407, 2.5456525194927924, 3.9401451864112826, 4.738291760750914, 4.501170444451088, 6.047848725786716, 3.359201884376704, 4.347450085969935, 5.164270583538395, 5.460726052458592, 4.362401041857568, 4.404689393135457, 4.145640515047101, 0.0, 2.3235278651223443, 4.622056193946586, 5.804866639294998, 3.756577166783613, 5.997341000810276], [6.619038778402798, 5.951510122649545, 4.521587585129808, 3.979296565977459, 4.8674048208465255, 2.6162465881487544, 2.169407140211353, 1.0875317420654902, 2.1413132676000495, 3.3895749364780237, 3.8625131960939627, 5.584721236552457, 3.4052856473429656, 6.643288650209323, 7.377599944426371, 7.6975106040849335, 6.501110861229795, 6.446890862268416, 6.354770452187868, 2.3235278651223443, 0.0, 2.4615644537570005, 4.283638738269137, 4.323784089197795, 8.121718831626715], [8.666033747337938, 8.079482756959136, 6.701661517116483, 5.8481768235921185, 6.403370088476849, 4.551903541376948, 3.416845928630672, 2.158098239191163, 1.0871122619122644, 2.1531790752280684, 3.394068076806946, 4.848389783216692, 3.8824772839000614, 8.93215117482905, 9.735851004406342, 9.736368759450311, 8.634240586756892, 8.283481859097659, 8.313862800166959, 4.622056193946586, 2.4615644537570005, 0.0, 2.4791638429115572, 4.967026878324699, 10.511489596627111], [9.125739410590244, 8.64637619005789, 7.45942716366344, 6.2822454647999875, 6.370781726758498, 5.297486669166804, 3.89428231899024, 3.399533681256887, 2.151978241061001, 1.0867734492524188, 2.158427656883594, 2.8471926541770927, 3.4117189948763365, 9.756853009551799, 10.724873973152318, 10.112213746751994, 9.320458277895996, 8.5076130583143, 8.623624304200643, 5.804866639294998, 4.283638738269137, 2.4791638429115572, 0.0, 4.288976648339322, 11.619277956052175], [5.344560971679527, 4.925111492139036, 4.157023822399867, 2.800198451895865, 2.302615404274018, 2.7587673261803, 2.1715927265488806, 3.4094101044022267, 3.879929790601887, 3.395362298783445, 2.1385419659197713, 2.821454950907422, 1.0850893465517022, 6.2492333417788135, 7.368756300082125, 6.182740325292662, 5.862056671510435, 4.65910297160301, 4.670067842119641, 3.756577166783613, 4.323784089197795, 4.967026878324699, 4.288976648339322, 0.0, 8.380382578975736], [4.503769040481539, 3.742579540904909, 4.398062304015259, 5.674706295483494, 6.269978401079227, 6.397845384971413, 7.774221391239125, 8.492011636237907, 9.868132474283064, 10.54259259432897, 9.976122463662925, 11.150764205649764, 8.62101838647848, 2.2670623127739566, 1.0657206106667925, 4.473269826424515, 4.510054280161161, 5.556825105219707, 4.216524488248586, 5.997341000810276, 8.121718831626715, 10.511489596627111, 11.619277956052175, 8.380382578975736, 0.0]]}