{"total energy": -42.93373892, "HOMO-LUMO gap/eV": 4.70052824, "electronic energy": -43.46289931, "dipole": [-0.00471733, 0.53644375, 0.83062454], "partial charges": [-0.10021977, -0.05207037, -0.05819215, -0.05781957, -0.05825136, -0.05897559, -0.05250397, -0.08671817, 0.35214396, -0.41077652, -0.26782295, 0.08515562, -0.11294926, 0.0318075, 0.03095954, 0.03178466, 0.02934017, 0.02982871, 0.02994003, 0.03021847, 0.03050397, 0.02982498, 0.03152867, 0.03050592, 0.03651807, 0.03362362, 0.04406386, 0.04088091, 0.06407532, 0.06210441, 0.05069931, 0.05082858, 0.0502089, 0.05482086, 0.05493364], "atomic dipole moments": [[0.08967877, -0.03785234, -0.02210546], [-0.09598168, -0.05783698, -0.01155647], [0.0964077, 0.05563953, 0.00391841], [-0.01616854, 0.02627675, 0.10730806], [0.02362379, -0.0351117, -0.10620436], [-0.00505883, 0.03273942, 0.11203631], [0.04666992, -0.0507925, -0.1132894], [-0.02267536, 0.11421743, -0.03414682], [0.08053773, 0.13677124, 0.03756418], [-0.02205794, 0.0380826, 0.17277736], [0.04527974, -0.02274256, -0.22270575], [-0.11997348, -0.10345336, 0.18816371], [-0.04179769, -0.10087927, -0.08545841], [-0.05692076, -0.06723658, 0.09010612], [0.01166443, 0.11680977, 0.04165704], [-0.07523563, 0.00305607, -0.10091605], [0.05236931, 0.07480001, -0.08356083], [0.06848987, 0.00842868, 0.10252502], [-0.05127862, -0.07407, 0.08573282], [-0.07671063, -0.00711538, -0.09455208], [0.04770243, 0.07010222, -0.0914824], [-0.02350302, -0.10681829, -0.05385837], [0.03012157, 0.10985868, 0.04941204], [-0.04983924, -0.06630479, 0.09193114], [-0.02831371, -0.11118048, -0.04982527], [0.04837242, 0.0683048, -0.09496494], [0.02635849, 0.11364855, 0.05055315], [-0.04946579, -0.06400071, 0.09108799], [-0.02415656, -0.11314468, -0.05445215], [0.07332095, -0.03281681, 0.0997798], [0.09998917, -0.06676682, -0.04364223], [-0.07419361, 0.04743205, -0.09236088], [0.07238625, 0.08029434, -0.07086824], [-0.09547327, 0.06584454, 0.05429645], [0.06828226, -0.04135235, 0.10047209]], "atomic quadrupole moments": [[0.16639208, -0.11616477, -0.05865172, -0.06983679, 0.03807744, -0.10774036], [0.08078176, -0.08384371, 0.10235396, -0.0579521, 0.12897218, -0.18313573], [0.05398368, -0.08211081, 0.1020093, -0.07694015, 0.14057654, -0.15599298], [0.16846987, -0.13300197, -0.16875086, 0.06577767, 0.0228395, 0.00028098], [0.14800522, -0.16036901, -0.162339, 0.05895488, 0.03475862, 0.01433378], [0.15098778, -0.15584251, -0.1722774, 0.07830681, 0.03257319, 0.02128962], [0.16227331, -0.17228539, -0.15343789, 0.04892751, 0.03738657, -0.00883541], [0.06770326, -0.01160144, -0.05298877, -0.18619538, -0.06310294, -0.01471448], [0.24998582, -0.26797423, 0.09009692, 0.20375216, -0.04161605, -0.34008274], [0.09753723, -0.14318131, -0.01643779, 0.05909939, -0.0356519, -0.08109944], [-0.0219124, 0.0656004, 0.01059495, -0.04532592, -0.03266099, 0.01131745], [-0.11188062, 0.36164292, 0.10050915, -0.18948914, -0.11263963, 0.01137147], [-0.0888012, 0.1169577, 0.10739468, 0.07612693, 0.17075433, -0.01859347], [-0.01521507, 0.01930611, 0.00166435, -0.03350062, -0.05761676, 0.01355073], [-0.02547413, 0.01560544, 0.06518099, 0.0032377, 0.04264837, -0.03970686], [0.00064502, -0.00360975, -0.05097919, 0.04877801, 0.00727779, 0.05033416], [-0.020323, 0.00929851, -7.946e-05, -0.03174635, -0.03348812, 0.02040246], [-0.00458367, -0.01441931, -0.02495476, 0.03970842, -0.00091734, 0.02953843], [-0.03162175, 0.00730078, 0.00477332, -0.02675974, -0.03413258, 0.02684843], [-0.00253479, -0.01758837, -0.02425197, 0.04346931, 0.00497388, 0.02678676], [-0.00334787, 0.02313464, 0.00584826, -0.01594512, -0.04381775, -0.00250039], [-0.01361437, 0.00697988, 0.04734916, 0.01458377, 0.02855179, -0.03373479], [-0.01741925, 0.01476533, 0.04634964, 0.01010265, 0.02235535, -0.0289304], [-0.00663682, 0.02055267, 0.00269344, -0.02306888, -0.04080321, 0.00394338], [-0.01685809, 0.0168429, 0.04548032, 0.01013065, 0.02187571, -0.02862223], [-0.00435721, 0.01966426, 0.00204724, -0.02376915, -0.0369207, 0.00230997], [-0.01316353, 0.02012088, 0.04292214, 0.01439122, 0.01809168, -0.02975861], [0.00180431, 0.0174763, -0.00511589, -0.0218926, -0.04460115, 0.00331158], [-0.01426789, 0.0309526, 0.02692628, 0.00656871, 0.04106929, -0.01265839], [0.00148103, -0.00390815, -0.03837418, 0.04302446, -0.0062425, 0.03689314], [0.0155156, -0.01481192, 0.01170413, -0.02198644, 0.00702339, -0.02721973], [0.00528956, 0.00274655, -0.00682894, 0.02783127, -0.02261375, 0.00153939], [-0.00986224, 0.04624777, 0.00133242, -0.04303097, -0.03958848, 0.00852982], [0.04485875, -0.04664667, -0.01626661, -0.0241123, 0.02792401, -0.02859214], [-0.0087728, -0.03358952, -0.01013829, 0.05305305, -0.02871507, 0.01891109]], "number of molecular orbitals": 74, "number of electrons": 78, "number of unpaired electrons": 0, "orbital energies/eV": [-20.03708668, -19.28272715, -18.31038496, -17.32405998, -16.99415411, -16.82256211, -16.59580654, -16.46628163, -16.273503, -16.02965628, -15.77580416, -15.50872243, -15.30842521, -15.08275819, -14.97816745, -14.83420097, -14.30514331, -14.15362313, -13.89984085, -13.7567972, -13.63287301, -13.37521137, -13.34896313, -13.22212459, -13.0673516, -12.87748613, -12.78591264, -12.70696743, -12.68185256, -12.2991901, -12.16742721, -12.14786066, -11.94279874, -11.84437414, -11.68172613, -11.5615802, -11.40924362, -11.3157196, -11.15287292, -6.45234469, 0.12419281, 1.31382829, 2.26805836, 2.65072206, 2.72177384, 2.8480857, 3.22427918, 3.28738164, 3.43058929, 3.56348407, 3.72961835, 3.77590046, 3.83733456, 4.1225192, 4.32629485, 4.53403994, 4.66865575, 4.68967196, 4.7986425, 5.06175684, 5.47802072, 5.80529909, 5.9836143, 6.29415327, 6.37059495, 6.60463722, 6.94113477, 7.02406676, 7.1156076, 7.41101405, 7.50155343, 8.23698665, 8.389914, 16.06828568], "fractional occupation": [2.0, 2.0, 2.0, 2.0, 2.0, 2.0, 2.0, 2.0, 2.0, 2.0, 2.0, 2.0, 2.0, 2.0, 2.0, 2.0, 2.0, 2.0, 2.0, 2.0, 2.0, 2.0, 2.0, 2.0, 2.0, 2.0, 2.0, 2.0, 2.0, 2.0, 2.0, 2.0, 2.0, 2.0, 2.0, 2.0, 2.0, 2.0, 2.0, 0.0, 0.0, 0.0, 0.0, 0.0, 0.0, 0.0, 0.0, 0.0, 0.0, 0.0, 0.0, 0.0, 0.0, 0.0, 0.0, 0.0, 0.0, 0.0, 0.0, 0.0, 0.0, 0.0, 0.0, 0.0, 0.0, 0.0, 0.0, 0.0, 0.0, 0.0, 0.0, 0.0, 0.0, 0.0], "program call": "xtb /home/svss/Project-DBcg-Debug/aqme2_20220329/End-to-End-workflows-final/example-3/QDESCP/mol_191_rdkit_conf_22/mol_191_rdkit_conf_22.xyz --pop --wbo --acc 0.2 --gfn 2 --chrg 0 --uhf 0 --etemp 300 --input /home/svss/Project-DBcg-Debug/aqme2_20220329/End-to-End-workflows-final/example-3/QDESCP/mol_191_rdkit_conf_22/mol_191_rdkit_conf_22_xtb.inp", "method": "GFN2-xTB", "xtb version": "6.3.3 (7355c4f)", "Dipole module/D": 2.513, "Total charge": 0, "Transition dipole module/D": NaN, "HOMO": -11.1529, "LUMO": -6.4523, "HOMO occupancy": 2.0, "LUMO occupancy": 0, "mulliken charges": [-0.08331, -0.04003, -0.04702, -0.0454, -0.04679, -0.04916, -0.0354, -0.07737, 0.57394, -0.53066, -0.42263, 0.20608, -0.09551, 0.02651, 0.02797, 0.02676, 0.02254, 0.02169, 0.02276, 0.0249, 0.02494, 0.02534, 0.02339, 0.02241, 0.02808, 0.03335, 0.03394, 0.02884, 0.05047, 0.05291, 0.03929, 0.03868, 0.0345, 0.04175, 0.04223], "cm5 charges": [-0.23371, -0.1527, -0.15751, -0.15596, -0.15767, -0.15917, -0.14375, -0.17597, 0.62297, -0.57971, -0.50692, 0.12367, -0.2422, 0.0778, 0.07873, 0.07804, 0.07735, 0.07698, 0.07795, 0.0798, 0.08015, 0.08026, 0.07938, 0.07787, 0.08374, 0.09073, 0.09186, 0.0839, 0.10914, 0.11122, 0.10405, 0.10353, 0.08569, 0.09499, 0.09547], "FUKUI+": [0.004, 0.001, 0.004, 0.002, 0.005, 0.007, 0.009, 0.021, -0.184, -0.276, -0.124, 0.027, 0.016, -0.006, -0.008, -0.007, -0.001, 0.004, -0.008, -0.013, -0.003, -0.007, -0.011, -0.018, -0.019, 0.011, -0.031, -0.06, -0.07, -0.089, -0.039, -0.039, -0.044, -0.027, -0.028], "FUKUI-": [0.017, 0.002, 0.009, 0.009, 0.005, 0.009, 0.008, -0.002, -0.01, -0.101, -0.041, 0.01, 0.008, -0.043, -0.045, -0.06, -0.052, -0.071, -0.044, -0.065, -0.03, -0.052, -0.042, -0.035, -0.04, -0.034, -0.032, -0.055, -0.032, -0.043, -0.034, -0.026, -0.034, -0.023, -0.032], "FUKUIrad": [0.011, 0.002, 0.007, 0.006, 0.005, 0.008, 0.008, 0.009, -0.097, -0.189, -0.082, 0.018, 0.012, -0.024, -0.026, -0.034, -0.026, -0.034, -0.026, -0.039, -0.016, -0.029, -0.026, -0.026, -0.029, -0.011, -0.031, -0.057, -0.051, -0.066, -0.037, -0.033, -0.039, -0.025, -0.03], "s proportion": [1.008, 1.027, 1.032, 1.032, 1.032, 1.034, 1.031, 1.039, 0.99, 1.731, 1.7, 0.994, 1.011, 0.973, 0.972, 0.973, 0.977, 0.978, 0.977, 0.975, 0.975, 0.975, 0.977, 0.978, 0.972, 0.967, 0.966, 0.971, 0.95, 0.947, 0.961, 0.961, 0.966, 0.958, 0.958], "p proportion": [3.076, 3.013, 3.015, 3.013, 3.015, 3.015, 3.004, 3.038, 2.437, 4.799, 4.723, 2.8, 3.085, 0.0, 0.0, 0.0, 0.0, 0.0, 0.0, 0.0, 0.0, 0.0, 0.0, 0.0, 0.0, 0.0, 0.0, 0.0, 0.0, 0.0, 0.0, 0.0, 0.0, 0.0, 0.0], "d proportion": [0.0, 0.0, 0.0, 0.0, 0.0, 0.0, 0.0, 0.0, 0.0, 0.0, 0.0, 0.0, 0.0, 0.0, 0.0, 0.0, 0.0, 0.0, 0.0, 0.0, 0.0, 0.0, 0.0, 0.0, 0.0, 0.0, 0.0, 0.0, 0.0, 0.0, 0.0, 0.0, 0.0, 0.0, 0.0], "Fermi-level/eV": -8.8026, "Coordination numbers": [3.75, 3.799, 3.801, 3.8, 3.801, 3.801, 3.802, 3.802, 2.721, 0.856, 1.703, 3.704, 3.748, 0.924, 0.924, 0.924, 0.924, 0.924, 0.924, 0.924, 0.924, 0.924, 0.924, 0.924, 0.924, 0.924, 0.924, 0.924, 0.924, 0.924, 0.924, 0.924, 0.924, 0.924, 0.924], "Dispersion coefficient C6": [22.477, 21.51, 21.621, 21.615, 21.622, 21.635, 21.516, 22.153, 21.021, 21.898, 18.441, 19.308, 22.728, 2.561, 2.573, 2.561, 2.596, 2.589, 2.587, 2.584, 2.579, 2.589, 2.565, 2.579, 2.496, 2.536, 2.396, 2.437, 2.152, 2.175, 2.311, 2.31, 2.317, 2.261, 2.259], "Total dispersion C6": 8892.010641, "Total dispersion C8": 188292.930716, "Polarizability alpha": [6.761, 6.604, 6.62, 6.619, 6.62, 6.622, 6.604, 6.701, 7.505, 6.274, 5.798, 6.282, 6.8, 2.503, 2.508, 2.503, 2.52, 2.516, 2.516, 2.514, 2.512, 2.516, 2.505, 2.512, 2.471, 2.49, 2.42, 2.441, 2.294, 2.306, 2.378, 2.377, 2.381, 2.351, 2.351], "Total polarizability alpha": 139.69443, "Wiberg matrix": [[0.0, 1.0198048703948277, 0.0, 0.0, 0.0, 0.0, 0.0, 0.0, 0.0, 0.0, 0.0, 0.0, 0.0, 0.9878289367711619, 0.9874956031851367, 0.9876406249703327, 0.0, 0.0, 0.0, 0.0, 0.0, 0.0, 0.0, 0.0, 0.0, 0.0, 0.0, 0.0, 0.0, 0.0, 0.0, 0.0, 0.0, 0.0, 0.0], [1.0198048703948277, 0.0, 1.0088024394098116, 0.0, 0.0, 0.0, 0.0, 0.0, 0.0, 0.0, 0.0, 0.0, 0.0, 0.0, 0.0, 0.0, 0.9779412192150432, 0.9763540988372785, 0.0, 0.0, 0.0, 0.0, 0.0, 0.0, 0.0, 0.0, 0.0, 0.0, 0.0, 0.0, 0.0, 0.0, 0.0, 0.0, 0.0], [0.0, 1.0088024394098116, 0.0, 1.0063805392250862, 0.0, 0.0, 0.0, 0.0, 0.0, 0.0, 0.0, 0.0, 0.0, 0.0, 0.0, 0.0, 0.0, 0.0, 0.9771477560890184, 0.9767168852530953, 0.0, 0.0, 0.0, 0.0, 0.0, 0.0, 0.0, 0.0, 0.0, 0.0, 0.0, 0.0, 0.0, 0.0, 0.0], [0.0, 0.0, 1.0063805392250862, 0.0, 1.0078766409995144, 0.0, 0.0, 0.0, 0.0, 0.0, 0.0, 0.0, 0.0, 0.0, 0.0, 0.0, 0.0, 0.0, 0.0, 0.0, 0.9771610465458076, 0.9768888915750645, 0.0, 0.0, 0.0, 0.0, 0.0, 0.0, 0.0, 0.0, 0.0, 0.0, 0.0, 0.0, 0.0], [0.0, 0.0, 0.0, 1.0078766409995144, 0.0, 1.006528417796733, 0.0, 0.0, 0.0, 0.0, 0.0, 0.0, 0.0, 0.0, 0.0, 0.0, 0.0, 0.0, 0.0, 0.0, 0.0, 0.0, 0.9754559676480191, 0.976951932609091, 0.0, 0.0, 0.0, 0.0, 0.0, 0.0, 0.0, 0.0, 0.0, 0.0, 0.0], [0.0, 0.0, 0.0, 0.0, 1.006528417796733, 0.0, 1.007353518878608, 0.0, 0.0, 0.0, 0.0, 0.0, 0.0, 0.0, 0.0, 0.0, 0.0, 0.0, 0.0, 0.0, 0.0, 0.0, 0.0, 0.0, 0.9763835356046513, 0.9767815617847974, 0.0, 0.0, 0.0, 0.0, 0.0, 0.0, 0.0, 0.0, 0.0], [0.0, 0.0, 0.0, 0.0, 0.0, 1.007353518878608, 0.0, 0.987405805060747, 0.0, 0.0, 0.0, 0.0, 0.0, 0.0, 0.0, 0.0, 0.0, 0.0, 0.0, 0.0, 0.0, 0.0, 0.0, 0.0, 0.0, 0.0, 0.9758076506135809, 0.9750071021289377, 0.0, 0.0, 0.0, 0.0, 0.0, 0.0, 0.0], [0.0, 0.0, 0.0, 0.0, 0.0, 0.0, 0.987405805060747, 0.0, 0.9784151878290807, 0.0, 0.0, 0.0, 0.0, 0.0, 0.0, 0.0, 0.0, 0.0, 0.0, 0.0, 0.0, 0.0, 0.0, 0.0, 0.0, 0.0, 0.0, 0.0, 0.9722471108200907, 0.9581476286610042, 0.0, 0.0, 0.0, 0.0, 0.0], [0.0, 0.0, 0.0, 0.0, 0.0, 0.0, 0.0, 0.9784151878290807, 0.0, 1.756253404292105, 1.1229969749382065, 0.0, 0.0, 0.0, 0.0, 0.0, 0.0, 0.0, 0.0, 0.0, 0.0, 0.0, 0.0, 0.0, 0.0, 0.0, 0.0, 0.0, 0.0, 0.0, 0.0, 0.0, 0.0, 0.0, 0.0], [0.0, 0.0, 0.0, 0.0, 0.0, 0.0, 0.0, 0.0, 1.756253404292105, 0.0, 0.17136333767465733, 0.0, 0.0, 0.0, 0.0, 0.0, 0.0, 0.0, 0.0, 0.0, 0.0, 0.0, 0.0, 0.0, 0.0, 0.0, 0.0, 0.0, 0.0, 0.0, 0.0, 0.0, 0.0, 0.0, 0.0], [0.0, 0.0, 0.0, 0.0, 0.0, 0.0, 0.0, 0.0, 1.1229969749382065, 0.17136333767465733, 0.0, 0.9419639941857136, 0.0, 0.0, 0.0, 0.0, 0.0, 0.0, 0.0, 0.0, 0.0, 0.0, 0.0, 0.0, 0.0, 0.0, 0.0, 0.0, 0.0, 0.0, 0.0, 0.0, 0.0, 0.0, 0.0], [0.0, 0.0, 0.0, 0.0, 0.0, 0.0, 0.0, 0.0, 0.0, 0.0, 0.9419639941857136, 0.0, 1.0198272778024349, 0.0, 0.0, 0.0, 0.0, 0.0, 0.0, 0.0, 0.0, 0.0, 0.0, 0.0, 0.0, 0.0, 0.0, 0.0, 0.0, 0.0, 0.9696596603615084, 0.9697982825568952, 0.0, 0.0, 0.0], [0.0, 0.0, 0.0, 0.0, 0.0, 0.0, 0.0, 0.0, 0.0, 0.0, 0.0, 1.0198272778024349, 0.0, 0.0, 0.0, 0.0, 0.0, 0.0, 0.0, 0.0, 0.0, 0.0, 0.0, 0.0, 0.0, 0.0, 0.0, 0.0, 0.0, 0.0, 0.0, 0.0, 0.9839451422111563, 0.9855500696384922, 0.9855391336283598], [0.9878289367711619, 0.0, 0.0, 0.0, 0.0, 0.0, 0.0, 0.0, 0.0, 0.0, 0.0, 0.0, 0.0, 0.0, 0.0, 0.0, 0.0, 0.0, 0.0, 0.0, 0.0, 0.0, 0.0, 0.0, 0.0, 0.0, 0.0, 0.0, 0.0, 0.0, 0.0, 0.0, 0.0, 0.0, 0.0], [0.9874956031851367, 0.0, 0.0, 0.0, 0.0, 0.0, 0.0, 0.0, 0.0, 0.0, 0.0, 0.0, 0.0, 0.0, 0.0, 0.0, 0.0, 0.0, 0.0, 0.0, 0.0, 0.0, 0.0, 0.0, 0.0, 0.0, 0.0, 0.0, 0.0, 0.0, 0.0, 0.0, 0.0, 0.0, 0.0], [0.9876406249703327, 0.0, 0.0, 0.0, 0.0, 0.0, 0.0, 0.0, 0.0, 0.0, 0.0, 0.0, 0.0, 0.0, 0.0, 0.0, 0.0, 0.0, 0.0, 0.0, 0.0, 0.0, 0.0, 0.0, 0.0, 0.0, 0.0, 0.0, 0.0, 0.0, 0.0, 0.0, 0.0, 0.0, 0.0], [0.0, 0.9779412192150432, 0.0, 0.0, 0.0, 0.0, 0.0, 0.0, 0.0, 0.0, 0.0, 0.0, 0.0, 0.0, 0.0, 0.0, 0.0, 0.0, 0.0, 0.0, 0.0, 0.0, 0.0, 0.0, 0.0, 0.0, 0.0, 0.0, 0.0, 0.0, 0.0, 0.0, 0.0, 0.0, 0.0], [0.0, 0.9763540988372785, 0.0, 0.0, 0.0, 0.0, 0.0, 0.0, 0.0, 0.0, 0.0, 0.0, 0.0, 0.0, 0.0, 0.0, 0.0, 0.0, 0.0, 0.0, 0.0, 0.0, 0.0, 0.0, 0.0, 0.0, 0.0, 0.0, 0.0, 0.0, 0.0, 0.0, 0.0, 0.0, 0.0], [0.0, 0.0, 0.9771477560890184, 0.0, 0.0, 0.0, 0.0, 0.0, 0.0, 0.0, 0.0, 0.0, 0.0, 0.0, 0.0, 0.0, 0.0, 0.0, 0.0, 0.0, 0.0, 0.0, 0.0, 0.0, 0.0, 0.0, 0.0, 0.0, 0.0, 0.0, 0.0, 0.0, 0.0, 0.0, 0.0], [0.0, 0.0, 0.9767168852530953, 0.0, 0.0, 0.0, 0.0, 0.0, 0.0, 0.0, 0.0, 0.0, 0.0, 0.0, 0.0, 0.0, 0.0, 0.0, 0.0, 0.0, 0.0, 0.0, 0.0, 0.0, 0.0, 0.0, 0.0, 0.0, 0.0, 0.0, 0.0, 0.0, 0.0, 0.0, 0.0], [0.0, 0.0, 0.0, 0.9771610465458076, 0.0, 0.0, 0.0, 0.0, 0.0, 0.0, 0.0, 0.0, 0.0, 0.0, 0.0, 0.0, 0.0, 0.0, 0.0, 0.0, 0.0, 0.0, 0.0, 0.0, 0.0, 0.0, 0.0, 0.0, 0.0, 0.0, 0.0, 0.0, 0.0, 0.0, 0.0], [0.0, 0.0, 0.0, 0.9768888915750645, 0.0, 0.0, 0.0, 0.0, 0.0, 0.0, 0.0, 0.0, 0.0, 0.0, 0.0, 0.0, 0.0, 0.0, 0.0, 0.0, 0.0, 0.0, 0.0, 0.0, 0.0, 0.0, 0.0, 0.0, 0.0, 0.0, 0.0, 0.0, 0.0, 0.0, 0.0], [0.0, 0.0, 0.0, 0.0, 0.9754559676480191, 0.0, 0.0, 0.0, 0.0, 0.0, 0.0, 0.0, 0.0, 0.0, 0.0, 0.0, 0.0, 0.0, 0.0, 0.0, 0.0, 0.0, 0.0, 0.0, 0.0, 0.0, 0.0, 0.0, 0.0, 0.0, 0.0, 0.0, 0.0, 0.0, 0.0], [0.0, 0.0, 0.0, 0.0, 0.976951932609091, 0.0, 0.0, 0.0, 0.0, 0.0, 0.0, 0.0, 0.0, 0.0, 0.0, 0.0, 0.0, 0.0, 0.0, 0.0, 0.0, 0.0, 0.0, 0.0, 0.0, 0.0, 0.0, 0.0, 0.0, 0.0, 0.0, 0.0, 0.0, 0.0, 0.0], [0.0, 0.0, 0.0, 0.0, 0.0, 0.9763835356046513, 0.0, 0.0, 0.0, 0.0, 0.0, 0.0, 0.0, 0.0, 0.0, 0.0, 0.0, 0.0, 0.0, 0.0, 0.0, 0.0, 0.0, 0.0, 0.0, 0.0, 0.0, 0.0, 0.0, 0.0, 0.0, 0.0, 0.0, 0.0, 0.0], [0.0, 0.0, 0.0, 0.0, 0.0, 0.9767815617847974, 0.0, 0.0, 0.0, 0.0, 0.0, 0.0, 0.0, 0.0, 0.0, 0.0, 0.0, 0.0, 0.0, 0.0, 0.0, 0.0, 0.0, 0.0, 0.0, 0.0, 0.0, 0.0, 0.0, 0.0, 0.0, 0.0, 0.0, 0.0, 0.0], [0.0, 0.0, 0.0, 0.0, 0.0, 0.0, 0.9758076506135809, 0.0, 0.0, 0.0, 0.0, 0.0, 0.0, 0.0, 0.0, 0.0, 0.0, 0.0, 0.0, 0.0, 0.0, 0.0, 0.0, 0.0, 0.0, 0.0, 0.0, 0.0, 0.0, 0.0, 0.0, 0.0, 0.0, 0.0, 0.0], [0.0, 0.0, 0.0, 0.0, 0.0, 0.0, 0.9750071021289377, 0.0, 0.0, 0.0, 0.0, 0.0, 0.0, 0.0, 0.0, 0.0, 0.0, 0.0, 0.0, 0.0, 0.0, 0.0, 0.0, 0.0, 0.0, 0.0, 0.0, 0.0, 0.0, 0.0, 0.0, 0.0, 0.0, 0.0, 0.0], [0.0, 0.0, 0.0, 0.0, 0.0, 0.0, 0.0, 0.9722471108200907, 0.0, 0.0, 0.0, 0.0, 0.0, 0.0, 0.0, 0.0, 0.0, 0.0, 0.0, 0.0, 0.0, 0.0, 0.0, 0.0, 0.0, 0.0, 0.0, 0.0, 0.0, 0.0, 0.0, 0.0, 0.0, 0.0, 0.0], [0.0, 0.0, 0.0, 0.0, 0.0, 0.0, 0.0, 0.9581476286610042, 0.0, 0.0, 0.0, 0.0, 0.0, 0.0, 0.0, 0.0, 0.0, 0.0, 0.0, 0.0, 0.0, 0.0, 0.0, 0.0, 0.0, 0.0, 0.0, 0.0, 0.0, 0.0, 0.0, 0.0, 0.0, 0.0, 0.0], [0.0, 0.0, 0.0, 0.0, 0.0, 0.0, 0.0, 0.0, 0.0, 0.0, 0.0, 0.9696596603615084, 0.0, 0.0, 0.0, 0.0, 0.0, 0.0, 0.0, 0.0, 0.0, 0.0, 0.0, 0.0, 0.0, 0.0, 0.0, 0.0, 0.0, 0.0, 0.0, 0.0, 0.0, 0.0, 0.0], [0.0, 0.0, 0.0, 0.0, 0.0, 0.0, 0.0, 0.0, 0.0, 0.0, 0.0, 0.9697982825568952, 0.0, 0.0, 0.0, 0.0, 0.0, 0.0, 0.0, 0.0, 0.0, 0.0, 0.0, 0.0, 0.0, 0.0, 0.0, 0.0, 0.0, 0.0, 0.0, 0.0, 0.0, 0.0, 0.0], [0.0, 0.0, 0.0, 0.0, 0.0, 0.0, 0.0, 0.0, 0.0, 0.0, 0.0, 0.0, 0.9839451422111563, 0.0, 0.0, 0.0, 0.0, 0.0, 0.0, 0.0, 0.0, 0.0, 0.0, 0.0, 0.0, 0.0, 0.0, 0.0, 0.0, 0.0, 0.0, 0.0, 0.0, 0.0, 0.0], [0.0, 0.0, 0.0, 0.0, 0.0, 0.0, 0.0, 0.0, 0.0, 0.0, 0.0, 0.0, 0.9855500696384922, 0.0, 0.0, 0.0, 0.0, 0.0, 0.0, 0.0, 0.0, 0.0, 0.0, 0.0, 0.0, 0.0, 0.0, 0.0, 0.0, 0.0, 0.0, 0.0, 0.0, 0.0, 0.0], [0.0, 0.0, 0.0, 0.0, 0.0, 0.0, 0.0, 0.0, 0.0, 0.0, 0.0, 0.0, 0.9855391336283598, 0.0, 0.0, 0.0, 0.0, 0.0, 0.0, 0.0, 0.0, 0.0, 0.0, 0.0, 0.0, 0.0, 0.0, 0.0, 0.0, 0.0, 0.0, 0.0, 0.0, 0.0, 0.0]], "Born radii": [], "Atomic SASAs": [], "Solvent H bonds": [], "Total SASA": NaN, "Total FOD": 0.0, "FOD": [0.0, 0.0, 0.0, 0.0, 0.0, 0.0, 0.0, 0.0, 0.0, 0.0, 0.0, 0.0, 0.0, 0.0, 0.0, 0.0, 0.0, 0.0, 0.0, 0.0, 0.0, 0.0, 0.0, 0.0, 0.0, 0.0, 0.0, 0.0, 0.0, 0.0, 0.0, 0.0, 0.0, 0.0, 0.0], "FOD s proportion": [0.0, 0.0, 0.0, 0.0, 0.0, 0.0, 0.0, 0.0, 0.0, 0.0, 0.0, 0.0, 0.0, 0.0, 0.0, 0.0, 0.0, 0.0, 0.0, 0.0, 0.0, 0.0, 0.0, 0.0, 0.0, 0.0, 0.0, 0.0, 0.0, 0.0, 0.0, 0.0, 0.0, 0.0, 0.0], "FOD p proportion": [0.0, 0.0, 0.0, 0.0, 0.0, 0.0, 0.0, 0.0, 0.0, 0.0, 0.0, 0.0, 0.0, 0.0, 0.0, 0.0, 0.0, 0.0, 0.0, 0.0, 0.0, 0.0, 0.0, 0.0, 0.0, 0.0, 0.0, 0.0, 0.0, 0.0, 0.0, 0.0, 0.0, 0.0, 0.0], "FOD d proportion": [0.0, 0.0, 0.0, 0.0, 0.0, 0.0, 0.0, 0.0, 0.0, 0.0, 0.0, 0.0, 0.0, 0.0, 0.0, 0.0, 0.0, 0.0, 0.0, 0.0, 0.0, 0.0, 0.0, 0.0, 0.0, 0.0, 0.0, 0.0, 0.0, 0.0, 0.0, 0.0, 0.0, 0.0, 0.0], "coordinates": [["-4.93640", "2.11420", "0.39900"], ["-3.56460", "1.55090", "0.06010"], ["-3.66360", "0.11350", "-0.45200"], ["-2.32210", "-0.46160", "-0.91520"], ["-1.31070", "-0.63620", "0.21980"], ["-0.03300", "-1.31760", "-0.27710"], ["0.98200", "-1.48850", "0.85690"], ["2.24750", "-2.21040", "0.40310"], ["3.06370", "-1.39340", "-0.56650"], ["3.20850", "-1.67440", "-1.74840"], ["3.61150", "-0.31610", "0.05960"], ["4.39930", "0.52100", "-0.79500"], ["4.92500", "1.67880", "0.03090"], ["-5.42420", "1.51730", "1.17630"], ["-4.84410", "3.14100", "0.76670"], ["-5.58470", "2.12670", "-0.48300"], ["-3.09320", "2.18580", "-0.69890"], ["-2.93800", "1.59380", "0.95720"], ["-4.09000", "-0.52950", "0.32770"], ["-4.35890", "0.08310", "-1.30030"], ["-1.89640", "0.18090", "-1.69560"], ["-2.51140", "-1.43780", "-1.37890"], ["-1.05240", "0.33930", "0.64660"], ["-1.75790", "-1.23530", "1.02210"], ["-0.28040", "-2.29940", "-0.69870"], ["0.40550", "-0.71930", "-1.08450"], ["1.23530", "-0.50600", "1.27310"], ["0.52210", "-2.06910", "1.66590"], ["1.99800", "-3.16610", "-0.07210"], ["2.88310", "-2.44690", "1.26440"], ["5.23820", "-0.05340", "-1.20350"], ["3.77890", "0.90270", "-1.61360"], ["5.53530", "2.34910", "-0.58080"], ["4.09740", "2.25030", "0.46400"], ["5.53060", "1.31260", "0.86650"]], "bond_dist": [[0.0, 1.5211822178818684, 2.519329539778391, 3.8982600952219695, 4.554394942250837, 6.023096712655376, 6.943815828490845, 8.385141691110533, 8.788461072337977, 9.236027973647547, 8.893151570731266, 9.545638623476169, 9.877868228013572, 1.0947299849734635, 1.0945505104836415, 1.0947023065655794, 2.146601316034256, 2.139160106209911, 2.7768014585130136, 2.7104416522035666, 4.167325047317523, 4.653843294525504, 4.277502983049807, 4.659427659058567, 6.5086977384112705, 6.226185839661389, 6.761610735616181, 6.992871852822701, 8.728654344170126, 9.09379627108503, 10.525634478263056, 9.026336194713776, 10.520061166171992, 9.035058973244169, 10.508054425534727], [1.5211822178818684, 0.0, 1.5291063305081174, 2.5583534919944118, 3.144674181850959, 4.56225762643891, 5.526700114896772, 6.931488519791402, 7.279827672410934, 7.716742573780726, 7.414991602153033, 8.075617204276094, 8.49061359443474, 2.1691342881435443, 2.159819858228922, 2.169632978178567, 1.0960825561972967, 1.0951056478714736, 2.162341110925841, 2.153145951857421, 2.7824941563280956, 3.4802699507365804, 2.8501062524053378, 3.4572415781949632, 5.117280251266291, 4.714404650642539, 5.361086328348015, 5.690703869469928, 7.294524288807325, 7.681508876516384, 9.036578516783882, 7.559657874533742, 9.157295237131978, 7.704449335935697, 9.133987677351005], [2.519329539778391, 1.5291063305081174, 0.0, 1.5313120191522043, 2.5591998241637954, 3.9063913756816535, 5.085393059538269, 6.408807254864199, 6.894956355916983, 7.218240629128403, 7.305708092307001, 8.080474098714754, 8.743420752771765, 2.7787996851158594, 3.470528229246954, 2.7829050379055333, 2.163502498265255, 2.1687849340125913, 1.096903847199015, 1.0972598324918306, 2.1619619700633037, 2.143184579078526, 2.8418784351199826, 2.7611455484997527, 4.162810293539691, 4.201331562731036, 5.2305804142561465, 5.173908354426082, 6.553915984356223, 7.236087203040052, 8.935023844400193, 7.57383373530209, 9.467537061453735, 8.101733841592182, 9.365340180687513], [3.8982600952219695, 2.5583534919944118, 1.5313120191522043, 0.0, 1.5302418501661754, 2.5258437045866473, 3.887407726236084, 5.067293211370346, 5.476922910722772, 5.7229924375277665, 6.01489935493521, 6.793906737658385, 7.615567988009824, 4.232427420523593, 4.708290387178769, 4.186962203077549, 2.765882799396967, 2.84778575914692, 2.1621473654679506, 2.1432578799575195, 1.0968367699890444, 1.0971866842064755, 2.16628671694215, 2.1610332297306303, 2.7555253546284053, 2.744972411518921, 4.176807753536186, 4.163605060521471, 5.166081868302127, 5.982155070708214, 7.576798810843535, 6.290570566331801, 8.351682022802352, 7.103983002513449, 8.245431330136707], [4.554394942250837, 3.144674181850959, 2.5591998241637954, 1.5302418501661754, 0.0, 1.5309254913286932, 2.5276045952640613, 3.895188284281005, 4.50854687122137, 5.037344451196483, 4.935198161168404, 5.913800037201123, 6.6542364475573, 4.740605103781585, 5.201082099909595, 5.1375694885811525, 3.4619358659570807, 2.8574051252841275, 2.7834395610467277, 3.4813244232619294, 2.1632045811711844, 2.154085592542692, 1.0956629865063436, 1.0966284420896626, 2.161340921742796, 2.1571848645862506, 2.75835257536088, 2.739263306073368, 4.1752958350277405, 4.685913154338224, 6.727074396793899, 5.624375247971991, 7.51137087687727, 6.1350681740303425, 7.142788532499054], [6.023096712655376, 4.56225762643891, 3.9063913756816535, 2.5258437045866473, 1.5309254913286932, 0.0, 1.5314659023301824, 2.541740374231798, 3.1111169843000117, 3.5776182272567874, 3.794568406288125, 4.826381010653843, 5.80129648957886, 6.262113621613712, 6.641936134140406, 6.53658704447512, 4.670819075922338, 4.294039060139068, 4.176856910405239, 4.660719852125849, 2.780270501228253, 2.714936065545559, 2.1535356184655967, 2.161012248924101, 1.096760940223529, 1.0964214062120459, 2.1611107074835383, 2.155953909525897, 2.753895105119293, 3.4864279642637106, 5.49926977334264, 4.60939756909729, 6.674045809701939, 5.5081161734298965, 6.259346448312316], [6.943815828490845, 5.526700114896772, 5.085393059538269, 3.887407726236084, 2.5276045952640613, 1.5314659023301824, 0.0, 1.5259634006095952, 2.5236058448180847, 3.4321202120555157, 2.987386700780467, 4.294741336797829, 5.124579425669974, 7.083519495279165, 7.442032484476267, 7.614890146285762, 5.703354203449054, 4.987688179908603, 5.188922589517019, 5.9706491447747965, 4.193726167741523, 4.1479170302695305, 2.742965965884374, 2.756529210801148, 2.161273682345667, 2.1663459672914667, 1.0966720476058465, 1.0968524832446704, 2.1701702145223543, 2.167664185246414, 4.941659499601323, 4.432139133646416, 6.125903683539271, 4.882490451603567, 5.3419112057390095], [8.385141691110533, 6.931488519791402, 6.408807254864199, 5.067293211370346, 3.895188284281005, 2.541740374231798, 1.5259634006095952, 0.0, 1.5079110053315479, 2.4165614517326057, 2.3594195769298856, 3.6778027149372763, 4.736392691701143, 8.56437776023454, 8.891595890502446, 8.996608608803653, 7.004573857844601, 6.455104546016277, 6.55705850362798, 7.197654810422629, 5.224439165116195, 5.139996495134993, 4.177272118260911, 4.168598106078349, 2.759014796988229, 2.7980880918941775, 2.1648159737030763, 2.1428099985766353, 1.0960966107054617, 1.0962469156170978, 4.022200771965517, 4.012936139536736, 5.706726583602898, 4.829459939786228, 4.837872897255569], [8.788461072337977, 7.279827672410934, 6.894956355916983, 5.476922910722772, 4.50854687122137, 3.1111169843000117, 2.5236058448180847, 1.5079110053315479, 0.0, 1.2234441752691456, 1.3611250273211495, 2.3454140295478756, 3.6413922186438525, 9.140786221108115, 9.212573280034196, 9.337713789788161, 7.122894075444335, 6.874985703257861, 7.260946256515055, 7.603519280570018, 5.3250238788196995, 5.634155227716041, 4.627757568196501, 5.079022753443816, 3.4671771875691615, 2.7908353677707325, 2.7412868292099604, 3.449624734663178, 2.1266436325816325, 2.1200644848683257, 2.6324549853701202, 2.622976298024822, 4.485010289843268, 3.9251771463209146, 3.932114012843473], [9.236027973647547, 7.716742573780726, 7.218240629128403, 5.7229924375277665, 5.037344451196483, 3.5776182272567874, 3.4321202120555157, 2.4165614517326057, 1.2234441752691456, 0.0, 2.29700933607158, 2.673341983360902, 4.166081009774054, 9.65734581911614, 9.71381345970778, 9.662813493491427, 7.464182284751626, 7.468658838774201, 7.673922691166494, 7.781718487583575, 5.4318440644039105, 5.736703393064696, 5.286424264093831, 5.703823982207025, 3.696609027203175, 3.0347632889568175, 3.7931700528713446, 4.362336247929543, 2.549600131393156, 3.1272360400200045, 2.654098547529839, 2.642909686311661, 4.792268799848356, 4.592181078746788, 4.599132463845763], [8.893151570731266, 7.414991602153033, 7.305708092307001, 6.01489935493521, 4.935198161168404, 3.794568406288125, 2.987386700780467, 2.3594195769298856, 1.3611250273211495, 2.29700933607158, 0.0, 1.4323778865927805, 2.3886674004557436, 9.287208888573575, 9.162352437010924, 9.530570866427675, 7.196376028946792, 6.881086688888609, 7.709119237630198, 8.0954286365825, 5.802128786057752, 6.388849469975012, 4.746164911799842, 5.531888578957461, 4.433439228183916, 3.4278230774064173, 2.674877698138739, 3.898410066937546, 3.2776862479499163, 2.5539025509991564, 2.076195026966398, 2.076799085130769, 3.348792265877357, 2.6431131511912236, 2.6432359164478676], [9.545638623476169, 8.075617204276094, 8.080474098714754, 6.793906737658385, 5.913800037201123, 4.826381010653843, 4.294741336797829, 3.6778027149372763, 2.3454140295478756, 2.673341983360902, 1.4323778865927805, 0.0, 1.516236175534669, 10.068753131843089, 9.733640143851632, 10.117107911354905, 7.675828978032275, 7.61951940544809, 8.627410969114662, 8.783686682709034, 6.368876420531333, 7.206636603853424, 5.6420083605042635, 6.655640761038715, 5.464752687908209, 4.191967650161437, 3.916971101501771, 5.272317010575142, 4.459095481148616, 3.9177061158284956, 1.095701063246723, 1.095763208909662, 2.1629441162452627, 2.160255332130904, 2.1603362006872913], [9.877868228013572, 8.49061359443474, 8.743420752771765, 7.615567988009824, 6.6542364475573, 5.80129648957886, 5.124579425669974, 4.736392691701143, 3.6413922186438525, 4.166081009774054, 2.3886674004557436, 1.516236175534669, 0.0, 10.413643168939485, 9.905288753489218, 10.531785304970851, 8.067291260392176, 7.917829607285066, 9.28627504061774, 9.51362975630227, 7.194164622803679, 8.185400207686854, 6.156513420760162, 7.357690443338861, 6.592008841013489, 5.236495108371629, 4.464336229497057, 6.008785885684396, 5.661359731548597, 4.765740063201098, 2.1499661485707167, 2.1494782320367887, 1.0935927349795262, 1.095038638587698, 1.0950256435353467], [1.0947299849734635, 2.1691342881435443, 2.7787996851158594, 4.232427420523593, 4.740605103781585, 6.262113621613712, 7.083519495279165, 8.56437776023454, 9.140786221108115, 9.65734581911614, 9.287208888573575, 10.068753131843089, 10.413643168939485, 0.0, 1.7721991592369069, 1.7749380552571405, 3.065424650843664, 2.4970077092392002, 2.586426461355513, 3.053742178049745, 4.741217924753091, 4.872993627124911, 4.558607389324068, 4.587193051311444, 6.673942038255952, 6.640707664850185, 6.960750920698139, 6.961354524085094, 8.8646371025553, 9.205100571965524, 11.037088397308413, 9.636302443364881, 11.130585424855244, 9.576300269415114, 10.961091239926796], [1.0945505104836415, 2.159819858228922, 3.470528229246954, 4.708290387178769, 5.201082099909595, 6.641936134140406, 7.442032484476267, 8.891595890502446, 9.212573280034196, 9.71381345970778, 9.162352437010924, 9.733640143851632, 9.905288753489218, 1.7721991592369069, 0.0, 1.771734443984199, 2.4750840814000643, 2.4623840683370255, 3.772791812438105, 3.7227221827582033, 4.849128642343901, 5.5687070393404605, 4.7160296638167996, 5.361143655042271, 7.250703897553671, 6.774006029669593, 7.1074717248822035, 7.533246650017508, 9.34330927776663, 9.548924103793054, 10.75819002853175, 9.22127670011046, 10.496418733072725, 8.990850684445828, 10.535056083856412], [1.0947023065655794, 2.169632978178567, 2.7829050379055333, 4.186962203077549, 5.1375694885811525, 6.53658704447512, 7.614890146285762, 8.996608608803653, 9.337713789788161, 9.662813493491427, 9.530570866427675, 10.117107911354905, 10.531785304970851, 1.7749380552571405, 1.771734443984199, 0.0, 2.501535102691945, 3.059931263933881, 3.1538486044831004, 2.519298690111992, 4.342820890849633, 4.790977974276233, 5.001253663832698, 5.311569283177994, 6.911764332643294, 6.6591301451465865, 7.518470356395642, 7.7146299386295905, 9.256344307554684, 9.781352695818713, 11.063775154530212, 9.510701200227038, 11.122653757085132, 9.729087643247952, 11.22647777132258], [2.146601316034256, 1.0960825561972967, 2.163502498265255, 2.765882799396967, 3.4619358659570807, 4.670819075922338, 5.703354203449054, 7.004573857844601, 7.122894075444335, 7.464182284751626, 7.196376028946792, 7.675828978032275, 8.067291260392176, 3.065424650843664, 2.4750840814000643, 2.501535102691945, 0.0, 1.7655645697623181, 3.069262434201416, 2.5268608469799045, 2.538772368685306, 3.732474809024168, 3.063461626983436, 4.055711072056292, 5.294229209242833, 4.563901298231591, 5.465389600934228, 6.063567195966415, 7.41323338968901, 7.812337541990874, 8.641809055978962, 7.050445383803777, 8.630853187837227, 7.284313627240387, 8.808114545122582], [2.139160106209911, 1.0951056478714736, 2.1687849340125913, 2.84778575914692, 2.8574051252841275, 4.294039060139068, 4.987688179908603, 6.455104546016277, 6.874985703257861, 7.468658838774201, 6.881086688888609, 7.61951940544809, 7.917829607285066, 2.4970077092392002, 2.4623840683370255, 3.059931263933881, 1.7655645697623181, 0.0, 2.496352767539075, 3.065530549513412, 3.1809691620636626, 3.85096732393304, 2.2859855576971615, 3.0660487324894237, 4.99618342437505, 4.549501373777131, 4.682455097488924, 5.088357702638446, 6.9339889313439205, 7.092731035362895, 8.61580749378722, 7.225190479150014, 8.644809713348234, 7.0831554867869455, 8.47375276309145], [2.7768014585130136, 2.162341110925841, 1.096903847199015, 2.1621473654679506, 2.7834395610467277, 4.176856910405239, 5.188922589517019, 6.55705850362798, 7.260946256515055, 7.673922691166494, 7.709119237630198, 8.627410969114662, 9.28627504061774, 2.586426461355513, 3.772791812438105, 3.1538486044831004, 3.069262434201416, 2.496352767539075, 0.0, 1.7601051019754475, 3.0676199259360666, 2.4958907047384904, 3.1754565671726636, 2.5335815380603006, 4.324245035841516, 4.715914877306417, 5.408618446516634, 5.043075828301613, 6.6464459374917055, 7.292321527469836, 9.465017690950186, 8.230396693963177, 10.087522505551101, 8.647507414856609, 9.810177481065264], [2.7104416522035666, 2.153145951857421, 1.0972598324918306, 2.1432578799575195, 3.4813244232619294, 4.660719852125849, 5.9706491447747965, 7.197654810422629, 7.603519280570018, 7.781718487583575, 8.0954286365825, 8.783686682709034, 9.51362975630227, 3.053742178049745, 3.7227221827582033, 2.519298690111992, 2.5268608469799045, 3.065530549513412, 1.7601051019754475, 0.0, 2.495943344709571, 2.394278809996864, 3.84564692867143, 3.7278574704513585, 4.761553429291747, 4.836312930322024, 6.18583058368074, 6.103643852650644, 7.24402881620442, 8.08858146339641, 9.598558792860521, 8.184967311480237, 10.175835586820378, 8.90609454362573, 10.198475510584903], [4.167325047317523, 2.7824941563280956, 2.1619619700633037, 1.0968367699890444, 2.1632045811711844, 2.780270501228253, 4.193726167741523, 5.224439165116195, 5.3250238788196995, 5.4318440644039105, 5.802128786057752, 6.368876420531333, 7.194164622803679, 4.741217924753091, 4.849128642343901, 4.342820890849633, 2.538772368685306, 3.1809691620636626, 3.0676199259360666, 2.495943344709571, 0.0, 1.7603163295271678, 2.4946597764023855, 3.0676860954145875, 3.1236442979315044, 2.5460846136764586, 4.369502968302002, 4.712889188173216, 5.38558377615649, 6.205687156955304, 7.15538790422993, 5.721603737589662, 7.821383200559861, 6.698651129891748, 7.93759600256904], [4.653843294525504, 3.4802699507365804, 2.143184579078526, 1.0971866842064755, 2.154085592542692, 2.714936065545559, 4.1479170302695305, 5.139996495134993, 5.634155227716041, 5.736703393064696, 6.388849469975012, 7.206636603853424, 8.185400207686854, 4.872993627124911, 5.5687070393404605, 4.790977974276233, 3.732474809024168, 3.85096732393304, 2.4958907047384904, 2.394278809996864, 1.7603163295271678, 0.0, 3.0642153416494735, 2.52459293748517, 2.486440749344331, 3.0184796206037237, 4.683921020896915, 4.344130405501198, 5.00294268306164, 6.091465172682185, 7.874238292050857, 6.715720246555838, 8.92899524638691, 7.789390185373949, 8.790920618456294], [4.277502983049807, 2.8501062524053378, 2.8418784351199826, 2.16628671694215, 1.0956629865063436, 2.1535356184655967, 2.742965965884374, 4.177272118260911, 4.627757568196501, 5.286424264093831, 4.746164911799842, 5.6420083605042635, 6.156513420760162, 4.558607389324068, 4.7160296638167996, 5.001253663832698, 3.063461626983436, 2.2859855576971615, 3.1754565671726636, 3.84564692867143, 2.4946597764023855, 3.0642153416494735, 0.0, 1.7658130308727478, 3.060809334146771, 2.49856230260524, 2.518055922730867, 3.052607623000375, 4.702052637944412, 4.861352438365275, 6.568769417478436, 5.363523402577824, 6.995970132154653, 5.495971597452083, 6.65819479288493], [4.659427659058567, 3.4572415781949632, 2.7611455484997527, 2.1610332297306303, 1.0966284420896626, 2.161012248924101, 2.756529210801148, 4.168598106078349, 5.079022753443816, 5.703823982207025, 5.531888578957461, 6.655640761038715, 7.357690443338861, 4.587193051311444, 5.361143655042271, 5.311569283177994, 4.055711072056292, 3.0660487324894237, 2.5335815380603006, 3.7278574704513585, 3.0676860954145875, 2.52459293748517, 1.7658130308727478, 0.0, 2.5052879475222003, 3.063383606406485, 3.090974883430792, 2.5115932951017372, 4.362573448092307, 4.802662266909885, 7.436101006575959, 6.494159894089457, 8.282993300130093, 6.837062312133773, 7.722579751611504], [6.5086977384112705, 5.117280251266291, 4.162810293539691, 2.7555253546284053, 2.161340921742796, 1.096760940223529, 2.161273682345667, 2.759014796988229, 3.4671771875691615, 3.696609027203175, 4.433439228183916, 5.464752687908209, 6.592008841013489, 6.673942038255952, 7.250703897553671, 6.911764332643294, 5.294229209242833, 4.99618342437505, 4.324245035841516, 4.761553429291747, 3.1236442979315044, 2.486440749344331, 3.060809334146771, 2.5052879475222003, 0.0, 1.765224195392755, 3.0662069874683935, 2.5076637533768356, 2.51692332223292, 3.7260233641242775, 5.979488690515269, 5.250562151808128, 7.446127795706975, 6.420029144793658, 7.018840077961601], [6.226185839661389, 4.714404650642539, 4.201331562731036, 2.744972411518921, 2.1571848645862506, 1.0964214062120459, 2.1663459672914667, 2.7980880918941775, 2.7908353677707325, 3.0347632889568175, 3.4278230774064173, 4.191967650161437, 5.236495108371629, 6.640707664850185, 6.774006029669593, 6.6591301451465865, 4.563901298231591, 4.549501373777131, 4.715914877306417, 4.836312930322024, 2.5460846136764586, 3.0184796206037237, 2.49856230260524, 3.063383606406485, 1.765224195392755, 0.0, 2.5084542431545365, 3.0659836529244573, 3.0899579689698045, 3.8262821027728733, 4.879812814032932, 3.7802987143875284, 5.998636535913808, 4.98462656775811, 5.848219269145096], [6.761610735616181, 5.361086328348015, 5.2305804142561465, 4.176807753536186, 2.75835257536088, 2.1611107074835383, 1.0966720476058465, 2.1648159737030763, 2.7412868292099604, 3.7931700528713446, 2.674877698138739, 3.916971101501771, 4.464336229497057, 6.960750920698139, 7.1074717248822035, 7.518470356395642, 5.465389600934228, 4.682455097488924, 5.408618446516634, 6.18583058368074, 4.369502968302002, 4.683921020896915, 2.518055922730867, 3.090974883430792, 3.0662069874683935, 2.5084542431545365, 0.0, 1.762449343952898, 3.0769150687011173, 2.5460583928888982, 4.728805634618535, 4.0972397464634644, 5.4843906881257105, 4.055052269700109, 4.6821182823589576], [6.992871852822701, 5.690703869469928, 5.173908354426082, 4.163605060521471, 2.739263306073368, 2.155953909525897, 1.0968524832446704, 2.1428099985766353, 3.449624734663178, 4.362336247929543, 3.898410066937546, 5.272317010575142, 6.008785885684396, 6.961354524085094, 7.533246650017508, 7.7146299386295905, 6.063567195966415, 5.088357702638446, 5.043075828301613, 6.103643852650644, 4.712889188173216, 4.344130405501198, 3.052607623000375, 2.5115932951017372, 2.5076637533768356, 3.0659836529244573, 1.762449343952898, 0.0, 2.53028334579351, 2.4245115157491006, 5.8769126299444, 5.4948577533908916, 7.0498458401584925, 5.734505214924824, 6.095900876818782], [8.728654344170126, 7.294524288807325, 6.553915984356223, 5.166081868302127, 4.1752958350277405, 2.753895105119293, 2.1701702145223543, 1.0960966107054617, 2.1266436325816325, 2.549600131393156, 3.2776862479499163, 4.459095481148616, 5.661359731548597, 8.8646371025553, 9.34330927776663, 9.256344307554684, 7.41323338968901, 6.9339889313439205, 6.6464459374917055, 7.24402881620442, 5.38558377615649, 5.00294268306164, 4.702052637944412, 4.362573448092307, 2.51692332223292, 3.0899579689698045, 3.0769150687011173, 2.53028334579351, 0.0, 1.7569527312935886, 4.633342561261794, 4.701378574418359, 6.571810863072674, 5.833718585087904, 5.780915706875512], [9.09379627108503, 7.681508876516384, 7.236087203040052, 5.982155070708214, 4.685913154338224, 3.4864279642637106, 2.167664185246414, 1.0962469156170978, 2.1200644848683257, 3.1272360400200045, 2.5539025509991564, 3.9177061158284956, 4.765740063201098, 9.205100571965524, 9.548924103793054, 9.781352695818713, 7.812337541990874, 7.092731035362895, 7.292321527469836, 8.08858146339641, 6.205687156955304, 6.091465172682185, 4.861352438365275, 4.802662266909885, 3.7260233641242775, 3.8262821027728733, 2.5460583928888982, 2.4245115157491006, 1.7569527312935886, 0.0, 4.167237534626506, 4.506124920594191, 5.7827799439369985, 4.917199659358974, 4.61534623944943], [10.525634478263056, 9.036578516783882, 8.935023844400193, 7.576798810843535, 6.727074396793899, 5.49926977334264, 4.941659499601323, 4.022200771965517, 2.6324549853701202, 2.654098547529839, 2.076195026966398, 1.095701063246723, 2.1499661485707167, 11.037088397308413, 10.75819002853175, 11.063775154530212, 8.641809055978962, 8.61580749378722, 9.465017690950186, 9.598558792860521, 7.15538790422993, 7.874238292050857, 6.568769417478436, 7.436101006575959, 5.979488690515269, 4.879812814032932, 4.728805634618535, 5.8769126299444, 4.633342561261794, 4.167237534626506, 0.0, 1.7921678799710699, 2.4996059589463298, 3.064149895158525, 2.49726926061248], [9.026336194713776, 7.559657874533742, 7.57383373530209, 6.290570566331801, 5.624375247971991, 4.60939756909729, 4.432139133646416, 4.012936139536736, 2.622976298024822, 2.64290968631