{"total energy": -63.10180372, "HOMO-LUMO gap/eV": 3.4404499, "electronic energy": -63.81313101, "dipole": [-2.62267521, 0.47224095, 1.20432114], "partial charges": [-0.10737361, -0.01787548, -0.06300201, -0.03234729, -0.10158466, 0.23284161, -0.37399013, -0.05150152, -0.06177519, 0.11178845, -0.45624673, -0.07659085, -0.01715598, -0.09498817, 0.28228764, -0.39814312, -0.15694681, 0.28220192, -0.3982538, -0.09454696, 0.03930089, 0.03979245, 0.04004839, 0.03130557, 0.04449565, 0.04346666, 0.05075915, 0.03815263, 0.04923274, 0.04783284, 0.04729121, 0.05532505, 0.04378305, 0.04160873, 0.31246253, 0.05314163, 0.02948999, 0.05881527, 0.08740313, 0.07256656, 0.21604817, 0.0781411, 0.07273927], "atomic dipole moments": [[0.06223234, -0.07598131, 0.05316267], [0.00807901, -0.02702166, -0.09775069], [0.10184833, 0.00145981, 0.06879501], [-0.00457641, -0.00335184, -0.07803403], [0.03952739, 0.11573583, 0.02502344], [0.00906164, -0.01278961, -0.02843144], [-0.08099089, 0.12194979, 0.07512993], [0.00777273, -0.00404318, -0.07829981], [-0.0138142, -0.08883434, 0.09454414], [-0.03360296, -0.13224818, -0.10412687], [-0.05547821, -0.04855551, 0.2226245], [0.04345969, 0.06735097, -0.09739367], [0.01772232, 0.03952032, 0.10071011], [0.06163054, -0.08821568, -0.007398], [0.04682912, -0.06797711, -0.00902585], [-0.08790364, -0.14989651, 0.07315406], [-0.02723281, 0.00713049, 0.02501456], [0.03229564, 0.05019522, -0.05444701], [-0.11770053, 0.14200692, -0.04012513], [0.04334559, 0.06252302, -0.0729882], [-0.11963321, -0.00095472, 0.04161712], [0.04366126, 0.11761399, 0.01909661], [-0.00491268, -0.01743188, -0.12668907], [-0.00466497, 0.02949695, 0.12024828], [-0.01259518, -0.02392886, -0.12525878], [-0.11760677, -0.00376715, 0.04325438], [-0.00339927, 0.01435747, 0.12877734], [-0.11865283, -0.0133205, 0.04175519], [-9.511e-05, -0.03192785, -0.12617038], [0.0702251, -0.09141542, 0.05789848], [-0.0006889, 0.0253208, 0.127062], [0.00301037, -0.0148, -0.12994539], [0.04466344, 0.11597736, 0.01848571], [0.03366365, 0.11829377, 0.0044153], [-0.02322556, -0.07433403, 0.00169981], [-0.03370975, -0.12146148, 0.01136293], [-0.00777068, 0.04079156, 0.11706608], [0.00532556, -0.0532033, -0.12015273], [-0.06318979, 0.07246683, -0.09371803], [-0.00904202, 0.06281626, 0.1181899], [0.13385757, 0.00171101, -0.03186913], [-0.04489752, -0.12485908, -0.00576412], [-0.00350201, 0.04112025, 0.12779433]], "atomic quadrupole moments": [[-0.00053732, -0.13030396, 0.04904044, 0.09414582, -0.11894688, -0.04850313], [0.10791398, 0.0037694, 0.09027338, 0.00602751, -0.06893363, -0.19818736], [-0.0606058, -0.03031263, 0.23736944, 0.12169667, -0.06702856, -0.17676364], [0.08972107, -0.02346449, 0.118072, 0.00302896, -0.020716, -0.20779306], [-0.06409724, 0.12030113, 0.18946934, 0.02363301, 0.05815325, -0.12537211], [-0.2337679, -0.10091009, -0.22975691, 0.28814472, -0.26895269, 0.46352481], [-0.08944101, -0.03035221, -0.09646997, 0.11476493, -0.10080395, 0.18591098], [0.08966695, -0.01737446, 0.08716739, -0.03216934, -0.0447367, -0.17683434], [0.19021302, -0.13250715, -0.04547118, -0.0149654, -0.14103218, -0.14474184], [-0.05243824, -0.08095952, -0.23806751, -0.03432013, 0.09536302, 0.29050575], [-0.09854603, 0.01361226, -0.05535824, -0.02834633, 0.0554966, 0.15390427], [0.16814577, -0.09812666, -0.13759482, 0.0057923, -0.10954571, -0.03055095], [0.09825515, 0.0065635, 0.08835762, 0.01407152, -0.15900622, -0.18661277], [0.14145202, 0.10861808, 0.09078506, -0.10606577, -0.01939021, -0.23223708], [-0.2230865, 0.01547406, -0.17127772, 0.20701187, 0.22545804, 0.39436422], [-0.10563563, 0.03480577, -0.06791737, 0.06925737, 0.07795965, 0.173553], [-0.09515453, -0.00299418, 0.06894289, 0.03583242, -0.01425002, 0.02621164], [-0.23320626, 0.13487831, -0.08534315, 0.16667501, 0.28744728, 0.31854941], [-0.09838504, 0.02098897, -0.02373203, 0.0758277, 0.12711852, 0.12211707], [0.19426182, -0.13118318, -0.10017823, 0.01013111, -0.1456051, -0.09408358], [0.06250099, 0.00633395, -0.04009389, -0.04267525, -0.01578106, -0.0224071], [-0.0173373, 0.04327991, 0.05575023, 0.02125167, 0.01715301, -0.03841293], [-0.04305981, -0.01147438, -0.02938588, -0.00426241, 0.02932931, 0.07244569], [-0.01438759, 0.00404, -0.01645255, 0.0013829, 0.00673669, 0.03084014], [-0.03919834, -0.00509826, -0.01223977, -0.00903949, 0.01419643, 0.05143811], [0.0357431, -0.00033356, -0.02105304, -0.03740477, -0.00614701, -0.01469006], [-0.03254433, 0.01031851, -0.00198018, -0.00016645, 0.01463383, 0.03452452], [0.06654485, 0.00084932, -0.0332661, -0.04517156, 0.00836416, -0.03327874], [-0.04619374, 0.00812093, -0.03114443, -0.00555151, 0.00860693, 0.07733817], [0.00208714, -0.03873698, 0.01308047, 0.04418224, -0.03380489, -0.01516761], [-0.00757115, -0.00315191, -0.03412355, -0.00557604, 0.01407317, 0.04169469], [-0.01894275, -0.00718795, -0.02528868, 0.00232117, 0.02704115, 0.04423142], [-0.00932583, 0.02309584, 0.0392911, 0.01280522, 0.02045723, -0.02996527], [-0.01007902, 0.01366288, 0.0253901, 0.00387817, 0.00118725, -0.01531107], [-0.06295176, 0.05148893, 0.10247815, -0.00263407, 0.02541346, -0.03952639], [0.00140171, 0.02457844, 0.04771755, 0.00230061, 0.00878901, -0.04911926], [-0.02515282, -0.00706071, -0.01854387, 0.00892452, 0.04366506, 0.04369669], [-0.01617767, 0.00316676, -0.00387572, -0.00054397, 0.00858737, 0.02005339], [0.00509296, -0.0085238, 0.0007049, 0.03434108, -0.03745861, -0.00579786], [-0.03772769, 0.01284849, -0.01180829, -0.01101858, 0.03025607, 0.04953598], [0.02988597, -0.00762911, 0.00294095, -0.0233292, -0.02081563, -0.03282692], [-0.00641958, 0.02295016, 0.04850205, 0.01259436, -0.00482922, -0.04208247], [-0.03046487, -0.01551186, -0.01430467, 0.00446469, 0.03468496, 0.04476954]], "number of molecular orbitals": 103, "number of electrons": 112, "number of unpaired electrons": 0, "orbital energies/eV": [-19.68945126, -19.66285058, -19.59974633, -18.927889, -18.68541811, -18.17664889, -18.15977151, -17.79182712, -17.66856486, -17.5372371, -17.43722286, -17.2880955, -16.92445907, -16.69248118, -16.57425239, -16.29899191, -16.20700028, -15.9906098, -15.78458145, -15.69071901, -15.64867997, -15.46074137, -15.25039652, -15.12342151, -14.95579498, -14.93523907, -14.82484586, -14.77146155, -14.5503963, -14.38726574, -14.25946356, -14.10441045, -13.99943424, -13.91543214, -13.68345835, -13.62782507, -13.40610025, -13.30593101, -13.25157167, -13.15767939, -13.04574041, -13.02690777, -12.91197475, -12.80848493, -12.63664743, -12.43714306, -12.35574199, -12.2995538, -12.18851488, -12.14698967, -12.14483438, -11.96935828, -11.53663524, -11.33117455, -11.20952793, -10.91587077, -7.47542087, -7.46775754, -5.68183548, -0.29152936, 0.11207433, 0.42847774, 1.09969425, 1.1818001, 1.42101579, 1.67450691, 1.84869183, 2.04189743, 2.48725774, 2.49989308, 2.57060595, 2.87582109, 2.90747593, 3.31679511, 3.60148374, 3.65938619, 3.97733889, 4.08028332, 4.1313081, 4.34996584, 4.39361555, 4.4789113, 4.56973626, 4.89847967, 5.03110414, 5.30540168, 5.35360656, 5.51785872, 5.73029377, 5.82531213, 6.09194602, 6.1836487, 6.32376699, 6.55314807, 6.81318979, 7.08238096, 7.4493428, 7.52883557, 7.73091527, 10.66435444, 14.44458446, 14.60653526, 15.97710862], "fractional occupation": [2.0, 2.0, 2.0, 2.0, 2.0, 2.0, 2.0, 2.0, 2.0, 2.0, 2.0, 2.0, 2.0, 2.0, 2.0, 2.0, 2.0, 2.0, 2.0, 2.0, 2.0, 2.0, 2.0, 2.0, 2.0, 2.0, 2.0, 2.0, 2.0, 2.0, 2.0, 2.0, 2.0, 2.0, 2.0, 2.0, 2.0, 2.0, 2.0, 2.0, 2.0, 2.0, 2.0, 2.0, 2.0, 2.0, 2.0, 2.0, 2.0, 2.0, 2.0, 2.0, 2.0, 2.0, 2.0, 2.0, 0.0, 0.0, 0.0, 0.0, 0.0, 0.0, 0.0, 0.0, 0.0, 0.0, 0.0, 0.0, 0.0, 0.0, 0.0, 0.0, 0.0, 0.0, 0.0, 0.0, 0.0, 0.0, 0.0, 0.0, 0.0, 0.0, 0.0, 0.0, 0.0, 0.0, 0.0, 0.0, 0.0, 0.0, 0.0, 0.0, 0.0, 0.0, 0.0, 0.0, 0.0, 0.0, 0.0, 0.0, 0.0, 0.0, 0.0], "program call": "xtb /home/svss/Project-DBcg-Debug/aqme2_20220329/End-to-End-workflows-final/example-3/QDESCP/mol_175_rdkit_conf_4/mol_175_rdkit_conf_4.xyz --pop --wbo --acc 0.2 --gfn 2 --chrg 0 --uhf 0 --etemp 300 --input /home/svss/Project-DBcg-Debug/aqme2_20220329/End-to-End-workflows-final/example-3/QDESCP/mol_175_rdkit_conf_4/mol_175_rdkit_conf_4_xtb.inp", "method": "GFN2-xTB", "xtb version": "6.3.3 (7355c4f)", "Dipole module/D": 7.433, "Total charge": 0, "Transition dipole module/D": NaN, "HOMO": -10.9159, "LUMO": -7.4754, "HOMO occupancy": 2.0, "LUMO occupancy": 0, "mulliken charges": [-0.08729, -0.0134, -0.05543, -0.03874, -0.07747, 0.38891, -0.5005, -0.07208, -0.04905, 0.22447, -0.57145, -0.07731, -0.00671, -0.09997, 0.48239, -0.51992, -0.31658, 0.4819, -0.51997, -0.09947, 0.03471, 0.03547, 0.03483, 0.02177, 0.03796, 0.03716, 0.04195, 0.03062, 0.04375, 0.0453, 0.04091, 0.04799, 0.03702, 0.0277, 0.35631, 0.04872, 0.02246, 0.04643, 0.07542, 0.05826, 0.27282, 0.06942, 0.0607], "cm5 charges": [-0.23564, -0.08484, -0.16001, -0.10212, -0.22339, 0.41098, -0.564, -0.12979, -0.15287, 0.18072, -0.77789, -0.18081, -0.07136, -0.19348, 0.57356, -0.56242, -0.66377, 0.57317, -0.56242, -0.19314, 0.08609, 0.08686, 0.08669, 0.08076, 0.09501, 0.09268, 0.10196, 0.08215, 0.09746, 0.09874, 0.10207, 0.10722, 0.09301, 0.09634, 0.53685, 0.11087, 0.07889, 0.11086, 0.13589, 0.11709, 0.47438, 0.12827, 0.11942], "FUKUI+": [0.009, 0.004, 0.006, 0.002, 0.015, -0.077, -0.118, 0.004, 0.005, 0.008, -0.009, 0.008, 0.001, 0.013, -0.049, -0.115, -0.03, -0.05, -0.116, 0.013, -0.017, -0.014, -0.01, -0.013, -0.016, -0.031, -0.04, -0.029, -0.014, -0.011, -0.038, -0.014, -0.026, -0.02, -0.001, -0.006, -0.017, -0.017, -0.035, -0.04, -0.036, -0.035, -0.04], "FUKUI-": [0.013, -0.002, 0.007, -0.014, 0.014, -0.018, -0.087, -0.014, 0.005, 0.002, -0.05, 0.005, -0.002, 0.002, -0.008, -0.091, -0.026, -0.01, -0.096, 0.0, -0.027, -0.022, -0.016, -0.02, -0.027, -0.055, -0.037, -0.039, -0.022, -0.021, -0.036, -0.023, -0.043, -0.04, -0.018, -0.02, -0.026, -0.017, -0.017, -0.026, -0.027, -0.024, -0.028], "FUKUIrad": [0.011, 0.001, 0.007, -0.006, 0.014, -0.047, -0.103, -0.005, 0.005, 0.005, -0.029, 0.006, -0.001, 0.007, -0.029, -0.103, -0.028, -0.03, -0.106, 0.007, -0.022, -0.018, -0.013, -0.016, -0.021, -0.043, -0.038, -0.034, -0.018, -0.016, -0.037, -0.019, -0.034, -0.03, -0.01, -0.013, -0.021, -0.017, -0.026, -0.033, -0.031, -0.03, -0.034], "s proportion": [1.012, 1.058, 1.041, 1.062, 1.009, 1.088, 1.74, 1.075, 1.04, 1.018, 1.706, 1.046, 1.058, 1.046, 1.007, 1.73, 1.429, 1.006, 1.73, 1.047, 0.965, 0.965, 0.965, 0.978, 0.962, 0.963, 0.958, 0.969, 0.956, 0.955, 0.959, 0.952, 0.963, 0.972, 0.644, 0.951, 0.978, 0.954, 0.925, 0.942, 0.727, 0.931, 0.939], "p proportion": [3.075, 2.956, 3.015, 2.977, 3.069, 2.523, 4.76, 2.997, 3.009, 2.757, 4.865, 3.031, 2.949, 3.054, 2.511, 4.79, 3.887, 2.512, 4.79, 3.052, 0.0, 0.0, 0.0, 0.0, 0.0, 0.0, 0.0, 0.0, 0.0, 0.0, 0.0, 0.0, 0.0, 0.0, 0.0, 0.0, 0.0, 0.0, 0.0, 0.0, 0.0, 0.0, 0.0], "d proportion": [0.0, 0.0, 0.0, 0.0, 0.0, 0.0, 0.0, 0.0, 0.0, 0.0, 0.0, 0.0, 0.0, 0.0, 0.0, 0.0, 0.0, 0.0, 0.0, 0.0, 0.0, 0.0, 0.0, 0.0, 0.0, 0.0, 0.0, 0.0, 0.0, 0.0, 0.0, 0.0, 0.0, 0.0, 0.0, 0.0, 0.0, 0.0, 0.0, 0.0, 0.0, 0.0, 0.0], "Fermi-level/eV": -9.1956, "Coordination numbers": [3.752, 3.85, 3.809, 3.852, 3.752, 2.821, 0.856, 3.851, 3.809, 3.724, 1.652, 3.8, 3.853, 3.808, 2.752, 0.858, 2.689, 2.752, 0.858, 3.81, 0.924, 0.924, 0.924, 0.923, 0.923, 0.924, 0.924, 0.924, 0.924, 0.924, 0.924, 0.923, 0.924, 0.924, 0.803, 0.924, 0.924, 0.923, 0.924, 0.924, 0.86, 0.924, 0.924], "Dispersion coefficient C6": [22.613, 20.859, 21.703, 21.115, 22.5, 23.126, 21.169, 21.462, 21.68, 18.849, 21.974, 21.964, 20.845, 22.305, 22.22, 21.643, 24.395, 22.221, 21.646, 22.295, 2.458, 2.452, 2.448, 2.568, 2.39, 2.403, 2.311, 2.474, 2.33, 2.347, 2.354, 2.255, 2.399, 2.428, 0.685, 2.281, 2.594, 2.213, 1.904, 2.058, 1.028, 1.998, 2.056], "Total dispersion C6": 16108.918617, "Total dispersion C8": 358579.837986, "Polarizability alpha": [6.781, 6.496, 6.631, 6.536, 6.764, 7.88, 6.169, 6.589, 6.628, 6.2, 6.328, 6.673, 6.494, 6.723, 7.719, 6.237, 7.336, 7.719, 6.238, 6.721, 2.452, 2.449, 2.447, 2.506, 2.418, 2.424, 2.377, 2.46, 2.387, 2.396, 2.399, 2.348, 2.422, 2.437, 1.3, 2.362, 2.519, 2.326, 2.158, 2.243, 1.588, 2.211, 2.242], "Total polarizability alpha": 187.73261, "Wiberg matrix": [[0.0, 1.007332722942494, 0.0, 0.0, 0.0, 0.0, 0.0, 0.0, 0.0, 0.0, 0.0, 0.0, 0.0, 0.0, 0.0, 0.0, 0.0, 0.0, 0.0, 0.0, 0.9857468079880425, 0.9857459786492949, 0.9862192723311034, 0.0, 0.0, 0.0, 0.0, 0.0, 0.0, 0.0, 0.0, 0.0, 0.0, 0.0, 0.0, 0.0, 0.0, 0.0, 0.0, 0.0, 0.0, 0.0, 0.0], [1.007332722942494, 0.0, 0.9965076294376758, 0.0, 0.0, 0.0, 0.0, 0.0, 0.995947634330517, 0.0, 0.0, 0.0, 0.0, 0.0, 0.0, 0.0, 0.0, 0.0, 0.0, 0.0, 0.0, 0.0, 0.0, 0.9683075515253072, 0.0, 0.0, 0.0, 0.0, 0.0, 0.0, 0.0, 0.0, 0.0, 0.0, 0.0, 0.0, 0.0, 0.0, 0.0, 0.0, 0.0, 0.0, 0.0], [0.0, 0.9965076294376758, 0.0, 0.9744464412211138, 0.0, 0.0, 0.0, 0.0, 0.0, 0.0, 0.0, 0.0, 0.0, 0.0, 0.0, 0.0, 0.0, 0.0, 0.0, 0.0, 0.0, 0.0, 0.0, 0.0, 0.9751866338219242, 0.9730671279303367, 0.0, 0.0, 0.0, 0.0, 0.0, 0.0, 0.0, 0.0, 0.0, 0.0, 0.0, 0.0, 0.0, 0.0, 0.0, 0.0, 0.0], [0.0, 0.0, 0.9744464412211138, 0.0, 1.0092273428119236, 0.9808574576658358, 0.0, 0.0, 0.0, 0.0, 0.0, 0.0, 0.0, 0.0, 0.0, 0.0, 0.0, 0.0, 0.0, 0.0, 0.0, 0.0, 0.0, 0.0, 0.0, 0.0, 0.9430817813706246, 0.0, 0.0, 0.0, 0.0, 0.0, 0.0, 0.0, 0.0, 0.0, 0.0, 0.0, 0.0, 0.0, 0.0, 0.0, 0.0], [0.0, 0.0, 0.0, 1.0092273428119236, 0.0, 0.0, 0.0, 0.0, 0.0, 0.0, 0.0, 0.0, 0.0, 0.0, 0.0, 0.0, 0.0, 0.0, 0.0, 0.0, 0.0, 0.0, 0.0, 0.0, 0.0, 0.0, 0.0, 0.9856401097379204, 0.9854369934721638, 0.9848991121495009, 0.0, 0.0, 0.0, 0.0, 0.0, 0.0, 0.0, 0.0, 0.0, 0.0, 0.0, 0.0, 0.0], [0.0, 0.0, 0.0, 0.9808574576658358, 0.0, 0.0, 1.838111429955032, 0.9810664904526015, 0.0, 0.0, 0.0, 0.0, 0.0, 0.0, 0.0, 0.0, 0.0, 0.0, 0.0, 0.0, 0.0, 0.0, 0.0, 0.0, 0.0, 0.0, 0.0, 0.0, 0.0, 0.0, 0.0, 0.0, 0.0, 0.0, 0.0, 0.0, 0.0, 0.0, 0.0, 0.0, 0.0, 0.0, 0.0], [0.0, 0.0, 0.0, 0.0, 0.0, 1.838111429955032, 0.0, 0.0, 0.0, 0.0, 0.0, 0.0, 0.0, 0.0, 0.0, 0.0, 0.0, 0.0, 0.0, 0.0, 0.0, 0.0, 0.0, 0.0, 0.0, 0.0, 0.0, 0.0, 0.0, 0.0, 0.0, 0.0, 0.0, 0.0, 0.0, 0.0, 0.0, 0.0, 0.0, 0.0, 0.0, 0.0, 0.0], [0.0, 0.0, 0.0, 0.0, 0.0, 0.9810664904526015, 0.0, 0.0, 0.9721157784038291, 0.9716661092380922, 0.0, 0.0, 0.0, 0.0, 0.0, 0.0, 0.0, 0.0, 0.0, 0.0, 0.0, 0.0, 0.0, 0.0, 0.0, 0.0, 0.0, 0.0, 0.0, 0.0, 0.9447469821499297, 0.0, 0.0, 0.0, 0.0, 0.0, 0.0, 0.0, 0.0, 0.0, 0.0, 0.0, 0.0], [0.0, 0.995947634330517, 0.0, 0.0, 0.0, 0.0, 0.0, 0.9721157784038291, 0.0, 0.0, 0.0, 0.0, 0.0, 0.0, 0.0, 0.0, 0.0, 0.0, 0.0, 0.0, 0.0, 0.0, 0.0, 0.0, 0.0, 0.0, 0.0, 0.0, 0.0, 0.0, 0.0, 0.9741635880648396, 0.9721746193844436, 0.0, 0.0, 0.0, 0.0, 0.0, 0.0, 0.0, 0.0, 0.0, 0.0], [0.0, 0.0, 0.0, 0.0, 0.0, 0.0, 0.0, 0.9716661092380922, 0.0, 0.0, 1.0020082980458098, 0.9848519701175532, 0.0, 0.0, 0.0, 0.0, 0.0, 0.0, 0.0, 0.0, 0.0, 0.0, 0.0, 0.0, 0.0, 0.0, 0.0, 0.0, 0.0, 0.0, 0.0, 0.0, 0.0, 0.9596613213209616, 0.0, 0.0, 0.0, 0.0, 0.0, 0.0, 0.0, 0.0, 0.0], [0.0, 0.0, 0.0, 0.0, 0.0, 0.0, 0.0, 0.0, 0.0, 1.0020082980458098, 0.0, 0.0, 0.0, 0.0, 0.0, 0.0, 0.0, 0.0, 0.0, 0.0, 0.0, 0.0, 0.0, 0.0, 0.0, 0.0, 0.0, 0.0, 0.0, 0.0, 0.0, 0.0, 0.0, 0.0, 0.8680997881151612, 0.0, 0.0, 0.0, 0.0, 0.0, 0.0, 0.0, 0.0], [0.0, 0.0, 0.0, 0.0, 0.0, 0.0, 0.0, 0.0, 0.0, 0.9848519701175532, 0.0, 0.0, 0.9933193111624907, 0.0, 0.0, 0.0, 0.0, 0.0, 0.0, 0.0, 0.0, 0.0, 0.0, 0.0, 0.0, 0.0, 0.0, 0.0, 0.0, 0.0, 0.0, 0.0, 0.0, 0.0, 0.0, 0.9716581391163686, 0.9752843495159281, 0.0, 0.0, 0.0, 0.0, 0.0, 0.0], [0.0, 0.0, 0.0, 0.0, 0.0, 0.0, 0.0, 0.0, 0.0, 0.0, 0.0, 0.9933193111624907, 0.0, 0.9969313807689292, 0.0, 0.0, 0.0, 0.0, 0.0, 0.9935326883613171, 0.0, 0.0, 0.0, 0.0, 0.0, 0.0, 0.0, 0.0, 0.0, 0.0, 0.0, 0.0, 0.0, 0.0, 0.0, 0.0, 0.0, 0.9652251955552127, 0.0, 0.0, 0.0, 0.0, 0.0], [0.0, 0.0, 0.0, 0.0, 0.0, 0.0, 0.0, 0.0, 0.0, 0.0, 0.0, 0.0, 0.9969313807689292, 0.0, 0.9834221815659692, 0.0, 0.0, 0.0, 0.0, 0.0, 0.0, 0.0, 0.0, 0.0, 0.0, 0.0, 0.0, 0.0, 0.0, 0.0, 0.0, 0.0, 0.0, 0.0, 0.0, 0.0, 0.0, 0.0, 0.956527661494923, 0.9445002860509202, 0.0, 0.0, 0.0], [0.0, 0.0, 0.0, 0.0, 0.0, 0.0, 0.0, 0.0, 0.0, 0.0, 0.0, 0.0, 0.0, 0.9834221815659692, 0.0, 1.7422690156641738, 1.1491082780080328, 0.0, 0.0, 0.0, 0.0, 0.0, 0.0, 0.0, 0.0, 0.0, 0.0, 0.0, 0.0, 0.0, 0.0, 0.0, 0.0, 0.0, 0.0, 0.0, 0.0, 0.0, 0.0, 0.0, 0.0, 0.0, 0.0], [0.0, 0.0, 0.0, 0.0, 0.0, 0.0, 0.0, 0.0, 0.0, 0.0, 0.0, 0.0, 0.0, 0.0, 1.7422690156641738, 0.0, 0.13119455449982953, 0.0, 0.0, 0.0, 0.0, 0.0, 0.0, 0.0, 0.0, 0.0, 0.0, 0.0, 0.0, 0.0, 0.0, 0.0, 0.0, 0.0, 0.0, 0.0, 0.0, 0.0, 0.0, 0.0, 0.0, 0.0, 0.0], [0.0, 0.0, 0.0, 0.0, 0.0, 0.0, 0.0, 0.0, 0.0, 0.0, 0.0, 0.0, 0.0, 0.0, 1.1491082780080328, 0.13119455449982953, 0.0, 1.1513503559903613, 0.1328457914419137, 0.0, 0.0, 0.0, 0.0, 0.0, 0.0, 0.0, 0.0, 0.0, 0.0, 0.0, 0.0, 0.0, 0.0, 0.0, 0.0, 0.0, 0.0, 0.0, 0.0, 0.0, 0.9155166496361355, 0.0, 0.0], [0.0, 0.0, 0.0, 0.0, 0.0, 0.0, 0.0, 0.0, 0.0, 0.0, 0.0, 0.0, 0.0, 0.0, 0.0, 0.0, 1.1513503559903613, 0.0, 1.7414316219692232, 0.9835844863108065, 0.0, 0.0, 0.0, 0.0, 0.0, 0.0, 0.0, 0.0, 0.0, 0.0, 0.0, 0.0, 0.0, 0.0, 0.0, 0.0, 0.0, 0.0, 0.0, 0.0, 0.0, 0.0, 0.0], [0.0, 0.0, 0.0, 0.0, 0.0, 0.0, 0.0, 0.0, 0.0, 0.0, 0.0, 0.0, 0.0, 0.0, 0.0, 0.0, 0.1328457914419137, 1.7414316219692232, 0.0, 0.0, 0.0, 0.0, 0.0, 0.0, 0.0, 0.0, 0.0, 0.0, 0.0, 0.0, 0.0, 0.0, 0.0, 0.0, 0.0, 0.0, 0.0, 0.0, 0.0, 0.0, 0.0, 0.0, 0.0], [0.0, 0.0, 0.0, 0.0, 0.0, 0.0, 0.0, 0.0, 0.0, 0.0, 0.0, 0.0, 0.9935326883613171, 0.0, 0.0, 0.0, 0.0, 0.9835844863108065, 0.0, 0.0, 0.0, 0.0, 0.0, 0.0, 0.0, 0.0, 0.0, 0.0, 0.0, 0.0, 0.0, 0.0, 0.0, 0.0, 0.0, 0.0, 0.0, 0.0, 0.0, 0.0, 0.0, 0.962040632225421, 0.9443460146410532], [0.9857468079880425, 0.0, 0.0, 0.0, 0.0, 0.0, 0.0, 0.0, 0.0, 0.0, 0.0, 0.0, 0.0, 0.0, 0.0, 0.0, 0.0, 0.0, 0.0, 0.0, 0.0, 0.0, 0.0, 0.0, 0.0, 0.0, 0.0, 0.0, 0.0, 0.0, 0.0, 0.0, 0.0, 0.0, 0.0, 0.0, 0.0, 0.0, 0.0, 0.0, 0.0, 0.0, 0.0], [0.9857459786492949, 0.0, 0.0, 0.0, 0.0, 0.0, 0.0, 0.0, 0.0, 0.0, 0.0, 0.0, 0.0, 0.0, 0.0, 0.0, 0.0, 0.0, 0.0, 0.0, 0.0, 0.0, 0.0, 0.0, 0.0, 0.0, 0.0, 0.0, 0.0, 0.0, 0.0, 0.0, 0.0, 0.0, 0.0, 0.0, 0.0, 0.0, 0.0, 0.0, 0.0, 0.0, 0.0], [0.9862192723311034, 0.0, 0.0, 0.0, 0.0, 0.0, 0.0, 0.0, 0.0, 0.0, 0.0, 0.0, 0.0, 0.0, 0.0, 0.0, 0.0, 0.0, 0.0, 0.0, 0.0, 0.0, 0.0, 0.0, 0.0, 0.0, 0.0, 0.0, 0.0, 0.0, 0.0, 0.0, 0.0, 0.0, 0.0, 0.0, 0.0, 0.0, 0.0, 0.0, 0.0, 0.0, 0.0], [0.0, 0.9683075515253072, 0.0, 0.0, 0.0, 0.0, 0.0, 0.0, 0.0, 0.0, 0.0, 0.0, 0.0, 0.0, 0.0, 0.0, 0.0, 0.0, 0.0, 0.0, 0.0, 0.0, 0.0, 0.0, 0.0, 0.0, 0.0, 0.0, 0.0, 0.0, 0.0, 0.0, 0.0, 0.0, 0.0, 0.0, 0.0, 0.0, 0.0, 0.0, 0.0, 0.0, 0.0], [0.0, 0.0, 0.9751866338219242, 0.0, 0.0, 0.0, 0.0, 0.0, 0.0, 0.0, 0.0, 0.0, 0.0, 0.0, 0.0, 0.0, 0.0, 0.0, 0.0, 0.0, 0.0, 0.0, 0.0, 0.0, 0.0, 0.0, 0.0, 0.0, 0.0, 0.0, 0.0, 0.0, 0.0, 0.0, 0.0, 0.0, 0.0, 0.0, 0.0, 0.0, 0.0, 0.0, 0.0], [0.0, 0.0, 0.9730671279303367, 0.0, 0.0, 0.0, 0.0, 0.0, 0.0, 0.0, 0.0, 0.0, 0.0, 0.0, 0.0, 0.0, 0.0, 0.0, 0.0, 0.0, 0.0, 0.0, 0.0, 0.0, 0.0, 0.0, 0.0, 0.0, 0.0, 0.0, 0.0, 0.0, 0.0, 0.0, 0.0, 0.0, 0.0, 0.0, 0.0, 0.0, 0.0, 0.0, 0.0], [0.0, 0.0, 0.0, 0.9430817813706246, 0.0, 0.0, 0.0, 0.0, 0.0, 0.0, 0.0, 0.0, 0.0, 0.0, 0.0, 0.0, 0.0, 0.0, 0.0, 0.0, 0.0, 0.0, 0.0, 0.0, 0.0, 0.0, 0.0, 0.0, 0.0, 0.0, 0.0, 0.0, 0.0, 0.0, 0.0, 0.0, 0.0, 0.0, 0.0, 0.0, 0.0, 0.0, 0.0], [0.0, 0.0, 0.0, 0.0, 0.9856401097379204, 0.0, 0.0, 0.0, 0.0, 0.0, 0.0, 0.0, 0.0, 0.0, 0.0, 0.0, 0.0, 0.0, 0.0, 0.0, 0.0, 0.0, 0.0, 0.0, 0.0, 0.0, 0.0, 0.0, 0.0, 0.0, 0.0, 0.0, 0.0, 0.0, 0.0, 0.0, 0.0, 0.0, 0.0, 0.0, 0.0, 0.0, 0.0], [0.0, 0.0, 0.0, 0.0, 0.9854369934721638, 0.0, 0.0, 0.0, 0.0, 0.0, 0.0, 0.0, 0.0, 0.0, 0.0, 0.0, 0.0, 0.0, 0.0, 0.0, 0.0, 0.0, 0.0, 0.0, 0.0, 0.0, 0.0, 0.0, 0.0, 0.0, 0.0, 0.0, 0.0, 0.0, 0.0, 0.0, 0.0, 0.0, 0.0, 0.0, 0.0, 0.0, 0.0], [0.0, 0.0, 0.0, 0.0, 0.9848991121495009, 0.0, 0.0, 0.0, 0.0, 0.0, 0.0, 0.0, 0.0, 0.0, 0.0, 0.0, 0.0, 0.0, 0.0, 0.0, 0.0, 0.0, 0.0, 0.0, 0.0, 0.0, 0.0, 0.0, 0.0, 0.0, 0.0, 0.0, 0.0, 0.0, 0.0, 0.0, 0.0, 0.0, 0.0, 0.0, 0.0, 0.0, 0.0], [0.0, 0.0, 0.0, 0.0, 0.0, 0.0, 0.0, 0.9447469821499297, 0.0, 0.0, 0.0, 0.0, 0.0, 0.0, 0.0, 0.0, 0.0, 0.0, 0.0, 0.0, 0.0, 0.0, 0.0, 0.0, 0.0, 0.0, 0.0, 0.0, 0.0, 0.0, 0.0, 0.0, 0.0, 0.0, 0.0, 0.0, 0.0, 0.0, 0.0, 0.0, 0.0, 0.0, 0.0], [0.0, 0.0, 0.0, 0.0, 0.0, 0.0, 0.0, 0.0, 0.9741635880648396, 0.0, 0.0, 0.0, 0.0, 0.0, 0.0, 0.0, 0.0, 0.0, 0.0, 0.0, 0.0, 0.0, 0.0, 0.0, 0.0, 0.0, 0.0, 0.0, 0.0, 0.0, 0.0, 0.0, 0.0, 0.0, 0.0, 0.0, 0.0, 0.0, 0.0, 0.0, 0.0, 0.0, 0.0], [0.0, 0.0, 0.0, 0.0, 0.0, 0.0, 0.0, 0.0, 0.9721746193844436, 0.0, 0.0, 0.0, 0.0, 0.0, 0.0, 0.0, 0.0, 0.0, 0.0, 0.0, 0.0, 0.0, 0.0, 0.0, 0.0, 0.0, 0.0, 0.0, 0.0, 0.0, 0.0, 0.0, 0.0, 0.0, 0.0, 0.0, 0.0, 0.0, 0.0, 0.0, 0.0, 0.0, 0.0], [0.0, 0.0, 0.0, 0.0, 0.0, 0.0, 0.0, 0.0, 0.0, 0.9596613213209616, 0.0, 0.0, 0.0, 0.0, 0.0, 0.0, 0.0, 0.0, 0.0, 0.0, 0.0, 0.0, 0.0, 0.0, 0.0, 0.0, 0.0, 0.0, 0.0, 0.0, 0.0, 0.0, 0.0, 0.0, 0.0, 0.0, 0.0, 0.0, 0.0, 0.0, 0.0, 0.0, 0.0], [0.0, 0.0, 0.0, 0.0, 0.0, 0.0, 0.0, 0.0, 0.0, 0.0, 0.8680997881151612, 0.0, 0.0, 0.0, 0.0, 0.0, 0.0, 0.0, 0.0, 0.0, 0.0, 0.0, 0.0, 0.0, 0.0, 0.0, 0.0, 0.0, 0.0, 0.0, 0.0, 0.0, 0.0, 0.0, 0.0, 0.0, 0.0, 0.0, 0.0, 0.0, 0.0, 0.0, 0.0], [0.0, 0.0, 0.0, 0.0, 0.0, 0.0, 0.0, 0.0, 0.0, 0.0, 0.0, 0.9716581391163686, 0.0, 0.0, 0.0, 0.0, 0.0, 0.0, 0.0, 0.0, 0.0, 0.0, 0.0, 0.0, 0.0, 0.0, 0.0, 0.0, 0.0, 0.0, 0.0, 0.0, 0.0, 0.0, 0.0, 0.0, 0.0, 0.0, 0.0, 0.0, 0.0, 0.0, 0.0], [0.0, 0.0, 0.0, 0.0, 0.0, 0.0, 0.0, 0.0, 0.0, 0.0, 0.0, 0.9752843495159281, 0.0, 0.0, 0.0, 0.0, 0.0, 0.0, 0.0, 0.0, 0.0, 0.0, 0.0, 0.0, 0.0, 0.0, 0.0, 0.0, 0.0, 0.0, 0.0, 0.0, 0.0, 0.0, 0.0, 0.0, 0.0, 0.0, 0.0, 0.0, 0.0, 0.0, 0.0], [0.0, 0.0, 0.0, 0.0, 0.0, 0.0, 0.0, 0.0, 0.0, 0.0, 0.0, 0.0, 0.9652251955552127, 0.0, 0.0, 0.0, 0.0, 0.0, 0.0, 0.0, 0.0, 0.0, 0.0, 0.0, 0.0, 0.0, 0.0, 0.0, 0.0, 0.0, 0.0, 0.0, 0.0, 0.0, 0.0, 0.0, 0.0, 0.0, 0.0, 0.0, 0.0, 0.0, 0.0], [0.0, 0.0, 0.0, 0.0, 0.0, 0.0, 0.0, 0.0, 0.0, 0.0, 0.0, 0.0, 0.0, 0.956527661494923, 0.0, 0.0, 0.0, 0.0, 0.0, 0.0, 0.0, 0.0, 0.0, 0.0, 0.0, 0.0, 0.0, 0.0, 0.0, 0.0, 0.0, 0.0, 0.0, 0.0, 0.0, 0.0, 0.0, 0.0, 0.0, 0.0, 0.0, 0.0, 0.0], [0.0, 0.0, 0.0, 0.0, 0.0, 0.0, 0.0, 0.0, 0.0, 0.0, 0.0, 0.0, 0.0, 0.9445002860509202, 0.0, 0.0, 0.0, 0.0, 0.0, 0.0, 0.0, 0.0, 0.0, 0.0, 0.0, 0.0, 0.0, 0.0, 0.0, 0.0, 0.0, 0.0, 0.0, 0.0, 0.0, 0.0, 0.0, 0.0, 0.0, 0.0, 0.0, 0.0, 0.0], [0.0, 0.0, 0.0, 0.0, 0.0, 0.0, 0.0, 0.0, 0.0, 0.0, 0.0, 0.0, 0.0, 0.0, 0.0, 0.0, 0.9155166496361355, 0.0, 0.0, 0.0, 0.0, 0.0, 0.0, 0.0, 0.0, 0.0, 0.0, 0.0, 0.0, 0.0, 0.0, 0.0, 0.0, 0.0, 0.0, 0.0, 0.0, 0.0, 0.0, 0.0, 0.0, 0.0, 0.0], [0.0, 0.0, 0.0, 0.0, 0.0, 0.0, 0.0, 0.0, 0.0, 0.0, 0.0, 0.0, 0.0, 0.0, 0.0, 0.0, 0.0, 0.0, 0.0, 0.962040632225421, 0.0, 0.0, 0.0, 0.0, 0.0, 0.0, 0.0, 0.0, 0.0, 0.0, 0.0, 0.0, 0.0, 0.0, 0.0, 0.0, 0.0, 0.0, 0.0, 0.0, 0.0, 0.0, 0.0], [0.0, 0.0, 0.0, 0.0, 0.0, 0.0, 0.0, 0.0, 0.0, 0.0, 0.0, 0.0, 0.0, 0.0, 0.0, 0.0, 0.0, 0.0, 0.0, 0.9443460146410532, 0.0, 0.0, 0.0, 0.0, 0.0, 0.0, 0.0, 0.0, 0.0, 0.0, 0.0, 0.0, 0.0, 0.0, 0.0, 0.0, 0.0, 0.0, 0.0, 0.0, 0.0, 0.0, 0.0]], "Born radii": [], "Atomic SASAs": [], "Solvent H bonds": [], "Total SASA": NaN, "Total FOD": 0.0, "FOD": [0.0, 0.0, 0.0, 0.0, 0.0, 0.0, 0.0, 0.0, 0.0, 0.0, 0.0, 0.0, 0.0, 0.0, 0.0, 0.0, 0.0, 0.0, 0.0, 0.0, 0.0, 0.0, 0.0, 0.0, 0.0, 0.0, 0.0, 0.0, 0.0, 0.0, 0.0, 0.0, 0.0, 0.0, 0.0, 0.0, 0.0, 0.0, 0.0, 0.0, 0.0, 0.0, 0.0], "FOD s proportion": [0.0, 0.0, 0.0, 0.0, 0.0, 0.0, 0.0, 0.0, 0.0, 0.0, 0.0, 0.0, 0.0, 0.0, 0.0, 0.0, 0.0, 0.0, 0.0, 0.0, 0.0, 0.0, 0.0, 0.0, 0.0, 0.0, 0.0, 0.0, 0.0, 0.0, 0.0, 0.0, 0.0, 0.0, 0.0, 0.0, 0.0, 0.0, 0.0, 0.0, 0.0, 0.0, 0.0], "FOD p proportion": [0.0, 0.0, 0.0, 0.0, 0.0, 0.0, 0.0, 0.0, 0.0, 0.0, 0.0, 0.0, 0.0, 0.0, 0.0, 0.0, 0.0, 0.0, 0.0, 0.0, 0.0, 0.0, 0.0, 0.0, 0.0, 0.0, 0.0, 0.0, 0.0, 0.0, 0.0, 0.0, 0.0, 0.0, 0.0, 0.0, 0.0, 0.0, 0.0, 0.0, 0.0, 0.0, 0.0], "FOD d proportion": [0.0, 0.0, 0.0, 0.0, 0.0, 0.0, 0.0, 0.0, 0.0, 0.0, 0.0, 0.0, 0.0, 0.0, 0.0, 0.0, 0.0, 0.0, 0.0, 0.0, 0.0, 0.0, 0.0, 0.0, 0.0, 0.0, 0.0, 0.0, 0.0, 0.0, 0.0, 0.0, 0.0, 0.0, 0.0, 0.0, 0.0, 0.0, 0.0, 0.0, 0.0, 0.0, 0.0], "coordinates": [["-4.16720", "2.37580", "-0.64640"], ["-3.31160", "1.33480", "0.07410"], ["-3.89090", "-0.07420", "-0.13060"], ["-3.03870", "-1.14580", "0.55660"], ["-3.59450", "-2.53990", "0.28610"], ["-1.59810", "-1.00470", "0.07770"], ["-0.97410", "-1.93450", "-0.43350"], ["-0.96930", "0.36810", "0.30050"], ["-1.85530", "1.39920", "-0.41710"], ["0.49200", "0.45310", "-0.18540"], ["0.60620", "0.04230", "-1.54480"], ["1.47300", "-0.34480", "0.69290"], ["2.92950", "-0.34560", "0.18100"], ["3.53760", "1.05690", "0.12620"], ["4.98890", "1.02290", "-0.29430"], ["5.56030", "2.00910", "-0.75260"], ["5.67060", "-0.14400", "-0.06870"], ["5.23470", "-1.24290", "0.62370"], ["6.00130", "-2.15920", "0.90780"], ["3.79890", "-1.22000", "1.08850"], ["-5.19880", "2.35150", "-0.27960"], ["-3.77560", "3.38440", "-0.47730"], ["-4.18740", "2.19710", "-1.72680"], ["-3.32930", "1.56740", "1.14710"], ["-3.95610", "-0.28690", "-1.20630"], ["-4.91430", "-0.11130", "0.26320"], ["-3.03520", "-0.98020", "1.64120"], ["-4.62270", "-2.62710", "0.65220"], ["-3.59270", "-2.77050", "-0.78500"], ["-2.99150", "-3.30350", "0.78930"], ["-0.98910", "0.56670", "1.37990"], ["-1.82910", "1.22880", "-1.50160"], ["-1.45780", "2.40670", "-0.24230"], ["0.79040", "1.50700", "-0.15350"], ["0.31330", "-0.89360", "-1.58340"], ["1.14830", "-1.39010", "0.75090"], ["1.43900", "0.04970", "1.71650"], ["2.95430", "-0.77720", "-0.82910"], ["3.00430", "1.67300", "-0.60540"], ["3.47990", "1.55090", "1.10280"], ["6.64790", "-0.14180", "-0.32540"], ["3.42490", "-2.25030", "1.07980"], ["3.78410", "-0.85740", "2.12290"]], "bond_dist": [[0.0, 1.5280224507512972, 2.518906772788544, 3.888751446158522, 5.0360349512289915, 4.307246901444123, 5.368416909108308, 3.89281945509935, 2.520160244905074, 5.061367496042942, 5.388663319414195, 6.403689943306125, 7.645505843958266, 7.854957097909575, 9.262207082008047, 9.734988627625611, 10.171796211584265, 10.15400745075559, 11.24189285173987, 8.910578256207618, 1.0951398495169464, 1.0950887315647075, 1.0952652144572108, 2.1382771616420544, 2.729106540609948, 2.7515808147317786, 4.216310443978242, 5.188723409471737, 5.180121996632898, 5.974776436821715, 4.180795870405538, 2.7411106599333057, 2.7395437539853242, 5.057228649171401, 5.625106719876522, 6.662506311441663, 6.513333713237792, 7.790414015955763, 7.205971210739048, 7.887857697752921, 11.108903580912026, 9.056519754298558, 9.019189343837947], [1.5280224507512972, 0.0, 1.537130957335776, 2.5417822526723253, 3.890793813606678, 2.899888870284515, 4.050911810938373, 2.544039138849872, 1.5382569648794053, 3.913068885159064, 4.431766047525523, 5.108460312070556, 6.46424790520908, 6.855033439743384, 8.314523463193787, 8.935811266471557, 9.104238470075353, 8.943480370638715, 9.981643056130588, 7.62333395897097, 2.1726266177141444, 2.172601693822409, 2.1803274387119016, 1.098064228540389, 2.1644203150035346, 2.166935926602353, 2.809167914169603, 4.213055236998442, 4.203636296113164, 4.704019763989092, 2.772922195085899, 2.16607311510946, 2.164636923366133, 4.111916657715718, 4.566505537060039, 5.270089777223913, 5.188175028851667, 6.673665937848552, 6.361343592355313, 6.872364596701779, 10.076288406948265, 7.6970648139404405, 7.704043144349595], [2.518906772788544, 1.537130957335776, 0.0, 1.5319318653256089, 2.5181676552604673, 2.4831735702523896, 3.4727779571979545, 2.986171974284133, 2.5291613570509885, 4.414845494465236, 4.715659264620377, 5.433488733769493, 6.8329063128364345, 7.518506879693601, 8.948814119200375, 9.698051573898749, 9.561955129574704, 9.231002304192108, 10.162731935852682, 7.869694180208022, 2.7598593985926168, 3.477845445099595, 2.7918757816206647, 2.1547070357707563, 1.0984638455588784, 1.097179297106904, 2.166179523954559, 2.768682988353849, 2.790554835512107, 3.476135046283444, 3.3335876019687856, 2.7979401780595663, 3.476681939723563, 4.941182807790054, 4.522979310145028, 5.282250628283364, 5.642248100713048, 6.916565208974755, 7.128949846926965, 7.647935552160465, 10.540816962645733, 7.7279627981765024, 8.037243898874788], [3.888751446158522, 2.5417822526723253, 1.5319318653256089, 0.0, 1.5249913770248014, 1.5246582502318347, 2.4217594554373068, 2.576799716702872, 2.9707831038296955, 3.94624982736775, 4.371814220664002, 4.58427917779884, 6.033308100868046, 6.948730325750166, 8.358806868207926, 9.252578000211617, 8.788999363977679, 8.274241861342947, 9.103401616978127, 6.858658543038865, 4.194802705730033, 4.704751094372581, 4.208135888965564, 2.791879805793938, 2.16498230477757, 2.1619780688064343, 1.0971749040148522, 2.17081667811909, 2.178636419873679, 2.170724860501671, 2.794877331834082, 3.3672012948441323, 3.9696022810856, 4.712069254584444, 3.984859952369719, 4.1986192944824134, 4.777487367853525, 6.162148931176525, 6.768583783924079, 7.075497953501223, 9.778351576825207, 6.578129175533116, 7.006216531766628], [5.0360349512289915, 3.890793813606678, 2.5181676552604673, 1.5249913770248014, 0.0, 2.527030383671712, 2.784031156434856, 3.9176965681379663, 4.363005350672859, 5.087223555142825, 5.25983194978699, 5.537463905074235, 6.883935974426258, 7.989329675260622, 9.311560747801629, 10.275342414245863, 9.576444948935906, 8.930339041716165, 9.623451616753732, 7.553035504351876, 5.178763263560134, 5.976027715799183, 5.180971513143071, 4.204945342094234, 2.726540173920054, 2.764144426400328, 2.140508488654039, 1.0949101743978817, 1.0956435597401193, 1.0954013876200819, 4.199460817771729, 4.529415871831599, 5.41419846422349, 5.983142634101246, 4.634245869610286, 4.902267936373939, 5.8385096189010435, 6.872958880278566, 7.879559638710783, 8.212720553507225, 10.53715206400667, 7.07006394666979, 7.787706880077088], [4.307246901444123, 2.899888870284515, 2.4831735702523896, 1.5246582502318347, 2.527030383671712, 0.0, 1.2309465788571008, 1.5263057098759736, 2.4677346068813804, 2.561819755564392, 2.9304698838240943, 3.200873983773807, 4.576488332772192, 5.534253454622403, 6.902037000770134, 7.811214956074375, 7.320945098824333, 6.858717888935221, 7.731288160455539, 5.495059574745301, 4.93525908337141, 4.930895462286744, 4.49580003781307, 3.2796902612899284, 2.779218746338618, 3.4394412700320967, 2.123767621468978, 3.4800053405131433, 2.8001303701792173, 2.7807228484694404, 2.1297661373963104, 2.7451906564025745, 3.429246863379771, 3.473762021209858, 2.5347675199118362, 2.8538472909390236, 3.608517868876362, 4.647406615522254, 5.368313390628383, 5.776504597938099, 8.300819358352523, 5.271266713988204, 5.759567446432067], [5.368416909108308, 4.050911810938373, 3.4727779571979545, 2.4217594554373068, 2.784031156434856, 1.2309465788571008, 0.0, 2.416763496910693, 3.448236953864975, 2.812763157466337, 2.76406838193269, 3.1279740184342963, 4.259143859979374, 5.442166382976543, 6.657549128620832, 7.638860460173362, 6.891371951941065, 6.336022398950306, 7.106741935655184, 5.060486463770059, 6.020097283267107, 6.011740006021551, 5.391478492955342, 4.506502747142179, 3.4934409398185053, 4.397115551131219, 3.0762317516728155, 3.869201624366453, 2.7711936435406312, 2.7275086800961788, 3.089441049769359, 3.446495248799859, 4.372246627307293, 3.877600095419846, 2.0157235872013803, 2.4907341247110257, 3.7924400127094957, 4.114385641866839, 5.373199458423259, 5.8605756415219155, 7.830730674719953, 4.662725332892771, 5.507793806053383], [3.89281945509935, 2.544039138849872, 2.986171974284133, 2.576799716702872, 3.9176965681379663, 1.5263057098759736, 2.416763496910693, 0.0, 1.5372420011175858, 1.5423104421613698, 2.4481580790463675, 2.5743025191301823, 3.9653864099227456, 4.562562168343573, 6.023512041990121, 6.814512218053468, 6.669844605386246, 6.417896480935167, 7.4394437251719285, 5.087114786399065, 4.707341268699349, 4.1926552708277836, 4.220349973639627, 2.7793258265270016, 3.408877451596053, 3.9741968559697693, 2.8077272285604953, 4.737324929746745, 4.232180025707791, 4.220055075469988, 1.0976968433952972, 2.174310221656514, 2.165445462254822, 2.144703545947551, 2.605000740882812, 2.7889706273103707, 2.8118220871883057, 4.240559539730577, 4.27935927213409, 4.673123342048656, 7.65986192173201, 5.1741975889987035, 5.236201253771669], [2.520160244905074, 1.5382569648794053, 2.5291613570509885, 2.9707831038296955, 4.363005350672859, 2.4677346068813804, 3.448236953864975, 1.5372420011175858, 0.0, 2.541379033123552, 3.0285090638794525, 3.9180629002097453, 5.127997824687526, 5.430995727304524, 6.8556367443148565, 7.448198548642483, 7.690384880485502, 7.637542605445812, 8.726037710782597, 6.410695566005299, 3.4791915425857205, 2.762642787260054, 2.791173393037416, 2.155849920564973, 2.8069788901949373, 3.4787784264020036, 3.3601052453755074, 5.0012995251234456, 4.532141575458561, 4.986154699766144, 2.1616122894728367, 1.0981178670798504, 1.0970950460192588, 2.6609837072030333, 3.364522772994708, 4.262162766718324, 4.1503989808210004, 5.295159404588308, 4.870948109967915, 5.549546642744793, 8.642193016243041, 6.590908275799323, 6.5838192502528505], [5.061367496042942, 3.913068885159064, 4.414845494465236, 3.94624982736775, 5.087223555142825, 2.561819755564392, 2.812763157466337, 1.5423104421613698, 2.541379033123552, 0.0, 1.4246987892182685, 1.5396156338515143, 2.5910571008760113, 3.120472457817886, 4.534163744286261, 5.332027450229415, 5.214215689823351, 5.101398053475145, 6.194480125079101, 3.9188866314299013, 5.999833401020399, 5.1855698876786915, 5.226302165011128, 4.197565297884001, 4.623357050888456, 5.454160706286531, 4.222790107263206, 6.029043198551492, 5.237928140973299, 5.215060488623311, 2.157944915886409, 2.7787763745936807, 2.7607083529413243, 1.0957944058992086, 1.9493431150005378, 2.1690490128164464, 2.1625827544859413, 2.8268196033705437, 2.8242179979597895, 3.4339729891191633, 6.1861628510733535, 4.184615276223132, 4.228898384922485], [5.388663319414195, 4.431766047525523, 4.715659264620377, 4.371814220664002, 5.25983194978699, 2.9304698838240943, 2.76406838193269, 2.4481580790463675, 3.0285090638794525, 1.4246987892182685, 0.0, 2.4307385585455297, 2.920029955325801, 3.523458545236484, 4.661907967774567, 5.388783711562378, 5.27842081118965, 5.270402597525164, 6.322100364594031, 4.326777492545694, 6.374257657170755, 5.613319864393975, 5.258791496151945, 5.006037941326453, 4.58666939946624, 5.811056462468765, 4.94529030593756, 6.268484710837221, 5.110763259044583, 5.4392872455865025, 3.3725135344428194, 2.709305183990906, 3.3980861687132067, 2.028544162694024, 0.9814220193168686, 2.759688507784891, 3.3659602329795875, 2.5879297420911564, 3.0483665232383066, 4.188533324446637, 6.166276677217784, 4.4821434169379275, 4.9356389444528865], [6.403689943306125, 5.108460312070556, 5.433488733769493, 4.58427917779884, 5.537463905074235, 3.200873983773807, 3.1279740184342963, 2.5743025191301823, 3.9180629002097453, 1.5396156338515143, 2.4307385585455297, 0.0, 1.5438375886083353, 2.5590007698318495, 3.8995794568132602, 4.9331872810587685, 4.27085482778331, 3.8680433218876957, 4.883004224859937, 2.516403228816876, 7.261453379317394, 6.544012732261452, 6.660054944217803, 5.188920096706057, 5.751994424545281, 6.40599450749062, 4.650470222461381, 6.50907891102881, 5.807712578115415, 5.356767579426982, 2.7138050151033326, 4.265666609101092, 4.127340539621125, 2.1474400946242946, 2.612972870123224, 1.0961050040940419, 1.0975168381396252, 2.1674186143890153, 2.8463976215560614, 2.790939646427346, 5.278042620138644, 2.755092642725468, 2.765653985949797], [7.645505843958266, 6.46424790520908, 6.8329063128364345, 6.033308100868046, 6.883935974426258, 4.576488332772192, 4.259143859979374, 3.9653864099227456, 5.127997824687526, 2.5910571008760113, 2.920029955325801, 1.5438375886083353, 0.0, 1.5296388135765906, 2.5179020433686454, 3.6520308993764004, 2.759822795035942, 2.512981818477802, 3.640513485759941, 1.5310088079433117, 8.57646556921906, 7.700949610275345, 7.794567963652637, 6.615549534997074, 7.024210584827308, 7.847729083626676, 6.173536044278029, 7.9033534989901595, 7.025125539803541, 6.64661133962262, 4.198223250376282, 5.287168626022816, 5.196416021644148, 2.849520278924156, 3.2027978081671034, 2.1420643547755516, 2.1761462703596, 1.0987245378164627, 2.16766371008051, 2.179304395902509, 3.7582541106210474, 2.1635953156725036, 2.18248849023311], [7.854957097909575, 6.855033439743384, 7.518506879693601, 6.948730325750166, 7.989329675260622, 5.534253454622403, 5.442166382976543, 4.562562168343573, 5.430995727304524, 3.120472457817886, 3.523458545236484, 2.5590007698318495, 1.5296388135765906, 0.0, 1.5113728659731855, 2.402142703920814, 2.4555724017018927, 2.901160922803146, 4.126016900110807, 2.485673468096725, 8.841116884195118, 7.698335062856124, 8.025539859722834, 6.961117918122059, 7.728964638294058, 8.53335068129747, 7.046041530533296, 8.968780747124995, 8.143737120634482, 7.879209134170764, 4.722612901773763, 5.610771011189104, 5.187655872356994, 2.797843801930336, 4.138030074806127, 3.476609494895853, 2.819153754231932, 2.1486646527552873, 1.0950920783203575, 1.0959529415079827, 3.3637464737997127, 3.4437807842544217, 2.7770699721108936], [9.262207082008047, 8.314523463193787, 8.948814119200375, 8.358806868207926, 9.311560747801629, 6.902037000770134, 6.657549128620832, 6.023512041990121, 6.8556367443148565, 4.534163744286261, 4.661907967774567, 3.8995794568132602, 2.5179020433686454, 1.5113728659731855, 0.0, 1.228465420758761, 1.3701335190411188, 2.4570289538383543, 3.5490503772136, 2.891165206279295, 10.273978067915076, 9.078911360950718, 9.361371885573183, 8.459702444530777, 9.086272340184395, 9.98351571992552, 8.493806606581058, 10.324786526122464, 9.395452549505, 9.142139250744323, 6.224752852925166, 6.9271272617153485, 6.593750626919402, 4.228661691362883, 5.2149771255490665, 4.654591324702954, 4.194308630751914, 2.768748491647445, 2.1114095718263663, 2.1231470533149603, 2.0272578277071713, 3.8791861324252026, 3.2908854386015935], [9.734988627625611, 8.935811266471557, 9.698051573898749, 9.252578000211617, 10.275342414245863, 7.811214956074375, 7.638860460173362, 6.814512218053468, 7.448198548642483, 5.332027450229415, 5.388783711562378, 4.9331872810587685, 3.6520308993764004, 2.402142703920814, 1.228465420758761, 0.0, 2.261796832166851, 3.5462263111651517, 4.508451402643707, 4.113303536088724, 10.774933854553353, 9.440671003164974, 9.798064346083873, 9.101040992106343, 9.799965747389122, 10.735231295132863, 9.41003789471647, 11.276582038898134, 10.32584306098054, 10.185011419237584, 7.037237694578747, 7.468139088822596, 7.047852116779977, 4.8335257555949775, 6.053668716571795, 5.76895284172093, 5.188527426929533, 3.8158296529064293, 2.5822019769956026, 2.8249815149837705, 2.4478039974638492, 5.104910506561305, 4.431727534494873], [10.171796211584265, 9.104238470075353, 9.561955129574704, 8.788999363977679, 9.576444948935906, 7.320945098824333, 6.891371951941065, 6.669844605386246, 7.690384880485502, 5.214215689823351, 5.27842081118965, 4.27085482778331, 2.759822795035942, 2.4555724017018927, 1.3701335190411188, 2.261796832166851, 0.0, 1.3700393352017306, 2.263613434312493, 2.4495201019791613, 11.154185556104041, 10.091940098910616, 10.266947395404342, 9.24149661093916, 9.69473604901134, 10.590152733081805, 8.911450055406247, 10.613081895001093, 9.655066795729587, 9.260160941365976, 6.8523821069756465, 7.75778849544121, 7.572997689818742, 5.1526055622374205, 5.617551026915555, 4.761901580251318, 4.59683557352229, 2.890923051552912, 3.2708854428120837, 3.0073684094237607, 1.0104528786638194, 3.286140658888478, 2.978411047857566], [10.15400745075559, 8.943480370638715, 9.231002304192108, 8.274241861342947, 8.930339041716165, 6.858717888935221, 6.336022398950306, 6.417896480935167, 7.637542605445812, 5.101398053475145, 5.270402597525164, 3.8680433218876957, 2.512981818477802, 2.901160922803146, 2.4570289538383543, 3.5462263111651517, 1.3700393352017306, 0.0, 1.2280040960843734, 1.5093326637954936, 11.07219872021813, 10.188700230156936, 10.302156019979508, 9.028500963615167, 9.419853536016364, 10.218252287451119, 8.336399915431121, 9.954152733909602, 9.0686817239332, 8.481972775245156, 6.525502052715944, 7.779683246765257, 7.671967962002969, 5.283729018411145, 5.404949478024749, 4