{"total energy": -42.93397083, "HOMO-LUMO gap/eV": 4.70356226, "electronic energy": -43.46328317, "dipole": [-0.61572494, 0.59848828, -0.4140112], "partial charges": [-0.10005671, -0.05180495, -0.05851405, -0.05751074, -0.05986933, -0.05615939, -0.05209406, -0.08607386, 0.35354711, -0.41078317, -0.26860148, 0.08528125, -0.11300162, 0.03174093, 0.03298933, 0.03080946, 0.02921404, 0.02760944, 0.03255508, 0.02919741, 0.03081299, 0.02691851, 0.04030147, 0.02932425, 0.0322592, 0.03108719, 0.04102056, 0.04260525, 0.06534809, 0.060973, 0.05050516, 0.05062858, 0.05471997, 0.054875, 0.0501461], "atomic dipole moments": [[-0.0900353, 0.04613411, 0.00307032], [0.02174707, -0.08433632, -0.06780638], [-0.02514913, 0.0858969, 0.065937], [0.02048104, -0.08354447, -0.06735984], [-0.02980888, 0.09123235, 0.06698511], [0.01141567, -0.08030115, -0.07843163], [0.03378345, -0.1015028, 0.08200091], [-0.03128776, 0.08033359, 0.08612865], [-0.14881508, 0.05089748, 0.04746866], [-0.07409471, 0.09988724, -0.12811499], [0.06799136, -0.12158556, 0.18047929], [0.06716038, 0.07518203, -0.22389168], [0.11882719, -0.06906796, 0.01528947], [0.05197009, 0.00897403, -0.1141486], [-0.00934899, -0.12212651, 0.02987209], [0.07806556, 0.05286083, 0.08122643], [-0.04185384, -0.00649048, 0.11617971], [0.01746867, 0.11969319, -0.02323253], [-0.0140683, -0.12152872, 0.02403574], [0.04511306, 0.00560397, -0.11510547], [-0.04565634, -0.00574448, 0.11600897], [0.0139421, 0.12003607, -0.02395508], [-0.01140109, -0.1227581, 0.02643354], [0.04588178, 0.00597196, -0.11439421], [0.01377542, 0.11926349, -0.01574771], [-0.04767129, -0.00708927, 0.11657057], [0.04268877, 0.02199034, -0.11212608], [-0.10018327, 0.07307492, 0.0070019], [0.09794154, -0.07986868, -0.01840975], [-0.07803078, -0.03612356, -0.094623], [0.06802835, 0.04862164, 0.09636711], [-0.0217892, -0.12551933, 0.01073308], [0.01462404, 0.12577356, -0.01982557], [-0.07014353, -0.03789742, -0.10052984], [-0.06741831, -0.01859559, 0.1086508]], "atomic quadrupole moments": [[0.16483964, -0.14054443, -0.04832753, -0.00269575, 0.01437479, -0.11651211], [0.18436232, -0.06209495, -0.0929029, 0.12266676, 0.10219349, -0.09145942], [0.18511692, -0.05735814, -0.09790252, 0.13004917, 0.11090298, -0.0872144], [0.17988966, -0.05325236, -0.09083297, 0.13251747, 0.11032187, -0.08905669], [0.18064843, -0.05665301, -0.09655314, 0.12166003, 0.1183705, -0.0840953], [0.16045489, -0.05961853, -0.10598619, 0.14171662, 0.08760482, -0.0544687], [-0.07284455, 0.13216744, 0.14488705, 0.12968281, 0.02542818, -0.0720425], [-0.12530043, 0.07444466, 0.063119, -0.11355686, -0.10755242, 0.06218143], [0.00501361, 0.20043332, 0.22983575, 0.07120726, 0.33094235, -0.23484937], [-0.05556897, 0.10357504, 0.10787786, 0.06002466, 0.1016477, -0.05230889], [0.00254079, -0.01140494, -0.05575856, -0.06111978, -0.03113405, 0.05321777], [0.08822325, -0.09791838, -0.2863389, -0.31421933, -0.13315403, 0.19811565], [0.18828668, -0.17331021, -0.0518012, 0.00287228, -0.00558439, -0.13648548], [-0.02450897, -0.00705791, -0.04199218, -0.0363551, -0.01739676, 0.06650115], [-0.02567071, 0.0177872, 0.06986652, -0.01120147, -0.02870021, -0.04419581], [0.00853513, 0.02452983, -0.01621166, 0.04936626, 0.04582298, 0.00767652], [-0.00517322, 0.00532158, -0.03676448, -0.02651551, -0.01546885, 0.0419377], [-0.01831568, 0.01086307, 0.04584457, 0.00347648, -0.02934649, -0.02752889], [-0.01989471, 0.01353874, 0.04495702, 0.00091741, -0.02811561, -0.0250623], [-0.01009248, 0.00576378, -0.03440724, -0.02607967, -0.01605324, 0.04449972], [-0.0094994, 0.005717, -0.03323981, -0.02531818, -0.01603253, 0.04273922], [-0.02019212, 0.01382817, 0.04608448, 0.00131386, -0.02840961, -0.02589235], [-0.01673149, 0.01678174, 0.04235643, 0.00123536, -0.02476882, -0.02562495], [-0.01134199, 0.00604898, -0.03525156, -0.02585283, -0.01610407, 0.04659355], [-0.01503032, 0.01765824, 0.05037571, 0.00635974, -0.02486949, -0.03534539], [-0.00324285, 0.00381093, -0.0339156, -0.02599594, -0.02789803, 0.03715846], [-0.01700309, 0.02108707, -0.02244629, -0.03849571, 0.00384233, 0.03944938], [0.04108314, -0.02619902, -0.00266651, -0.0061013, 0.02107256, -0.03841663], [0.04623978, -0.03742336, -0.00929941, -0.01027394, -0.00962328, -0.03694037], [0.01674322, 0.00944246, -0.02967907, 0.0505692, 0.00572987, 0.01293585], [0.01068987, 0.0148991, -0.02611451, 0.01222859, 0.02109518, 0.01542465], [-0.01464592, 0.0062095, 0.03508411, -0.01857606, -0.00021157, -0.02043819], [-0.02349895, 0.02590276, 0.07362002, 0.00429841, -0.01149393, -0.05012107], [-0.01101974, 0.01523472, -0.01400461, 0.04964042, 0.04325842, 0.02502435], [-0.0104745, 0.00395711, -0.04212606, -0.05190115, -0.02484549, 0.05260056]], "number of molecular orbitals": 74, "number of electrons": 78, "number of unpaired electrons": 0, "orbital energies/eV": [-20.03006546, -19.278661, -18.30271754, -17.31506383, -16.90920169, -16.77645171, -16.56878903, -16.45657877, -16.25092851, -16.00192928, -15.78439012, -15.50849951, -15.12030394, -15.0937219, -14.99108546, -14.69057096, -14.37919909, -14.06970623, -13.88653799, -13.75258084, -13.5866789, -13.40960311, -13.24349458, -13.15775383, -12.99693688, -12.8646284, -12.81390386, -12.74596338, -12.50939868, -12.3835832, -12.1247476, -11.93146996, -11.90197071, -11.85665569, -11.64490171, -11.44609977, -11.31756087, -11.29066607, -11.14895405, -6.44539179, 0.13010286, 1.41503439, 2.26928902, 2.68903432, 2.79796145, 2.95161661, 3.17570919, 3.38608306, 3.46356202, 3.55694459, 3.71666606, 3.77889223, 3.90149256, 4.07467276, 4.37213341, 4.47674441, 4.66462625, 4.86259429, 4.94238957, 5.12350881, 5.53071859, 5.83299751, 6.00231921, 6.36640303, 6.47659332, 6.88710417, 6.92903659, 6.99206766, 7.30972872, 7.43446778, 7.53171746, 7.96842226, 8.57580339, 16.0854308], "fractional occupation": [2.0, 2.0, 2.0, 2.0, 2.0, 2.0, 2.0, 2.0, 2.0, 2.0, 2.0, 2.0, 2.0, 2.0, 2.0, 2.0, 2.0, 2.0, 2.0, 2.0, 2.0, 2.0, 2.0, 2.0, 2.0, 2.0, 2.0, 2.0, 2.0, 2.0, 2.0, 2.0, 2.0, 2.0, 2.0, 2.0, 2.0, 2.0, 2.0, 0.0, 0.0, 0.0, 0.0, 0.0, 0.0, 0.0, 0.0, 0.0, 0.0, 0.0, 0.0, 0.0, 0.0, 0.0, 0.0, 0.0, 0.0, 0.0, 0.0, 0.0, 0.0, 0.0, 0.0, 0.0, 0.0, 0.0, 0.0, 0.0, 0.0, 0.0, 0.0, 0.0, 0.0, 0.0], "program call": "xtb /home/svss/Project-DBcg-Debug/aqme2_20220329/End-to-End-workflows-final/example-3/QDESCP/mol_191_rdkit_conf_18/mol_191_rdkit_conf_18.xyz --pop --wbo --acc 0.2 --gfn 2 --chrg 0 --uhf 0 --etemp 300 --input /home/svss/Project-DBcg-Debug/aqme2_20220329/End-to-End-workflows-final/example-3/QDESCP/mol_191_rdkit_conf_18/mol_191_rdkit_conf_18_xtb.inp", "method": "GFN2-xTB", "xtb version": "6.3.3 (7355c4f)", "Dipole module/D": 2.423, "Total charge": 0, "Transition dipole module/D": NaN, "HOMO": -11.149, "LUMO": -6.4454, "HOMO occupancy": 2.0, "LUMO occupancy": 0, "mulliken charges": [-0.08346, -0.03842, -0.04648, -0.04427, -0.04733, -0.04862, -0.03543, -0.07851, 0.57425, -0.53067, -0.42273, 0.20602, -0.09551, 0.02603, 0.0274, 0.02762, 0.02287, 0.021, 0.02553, 0.02149, 0.02603, 0.02054, 0.03181, 0.02039, 0.02573, 0.03207, 0.02914, 0.03453, 0.04999, 0.05268, 0.03857, 0.03928, 0.04173, 0.04224, 0.03449], "cm5 charges": [-0.2338, -0.15094, -0.15714, -0.15504, -0.15802, -0.15834, -0.14363, -0.17727, 0.62324, -0.58014, -0.50701, 0.12361, -0.24219, 0.07732, 0.07869, 0.0784, 0.07759, 0.07571, 0.08086, 0.07684, 0.08142, 0.07589, 0.08865, 0.07589, 0.08071, 0.08927, 0.08404, 0.09169, 0.10915, 0.11099, 0.10342, 0.10403, 0.09496, 0.09547, 0.08568], "FUKUI+": [0.004, 0.002, 0.002, 0.003, 0.007, 0.012, 0.009, 0.021, -0.185, -0.277, -0.124, 0.027, 0.016, -0.006, -0.003, -0.011, -0.002, -0.007, 0.0, -0.008, -0.001, -0.014, 0.013, -0.019, -0.04, 0.009, -0.06, -0.031, -0.07, -0.089, -0.039, -0.039, -0.027, -0.028, -0.044], "FUKUI-": [0.016, 0.006, 0.007, 0.009, 0.007, 0.007, 0.007, -0.002, -0.009, -0.088, -0.042, 0.009, 0.009, -0.051, -0.049, -0.047, -0.066, -0.067, -0.056, -0.058, -0.04, -0.045, -0.027, -0.036, -0.035, -0.034, -0.055, -0.04, -0.028, -0.044, -0.028, -0.035, -0.028, -0.034, -0.034], "FUKUIrad": [0.01, 0.004, 0.005, 0.006, 0.007, 0.01, 0.008, 0.009, -0.097, -0.182, -0.083, 0.018, 0.013, -0.028, -0.026, -0.029, -0.034, -0.037, -0.028, -0.033, -0.021, -0.03, -0.007, -0.028, -0.037, -0.013, -0.058, -0.036, -0.049, -0.067, -0.034, -0.037, -0.028, -0.031, -0.039], "s proportion": [1.007, 1.027, 1.032, 1.032, 1.032, 1.033, 1.031, 1.038, 0.99, 1.731, 1.7, 0.994, 1.011, 0.974, 0.973, 0.972, 0.977, 0.979, 0.974, 0.979, 0.974, 0.979, 0.968, 0.98, 0.974, 0.968, 0.971, 0.965, 0.95, 0.947, 0.961, 0.961, 0.958, 0.958, 0.966], "p proportion": [3.076, 3.011, 3.014, 3.012, 3.015, 3.016, 3.005, 3.04, 2.436, 4.799, 4.723, 2.8, 3.085, 0.0, 0.0, 0.0, 0.0, 0.0, 0.0, 0.0, 0.0, 0.0, 0.0, 0.0, 0.0, 0.0, 0.0, 0.0, 0.0, 0.0, 0.0, 0.0, 0.0, 0.0, 0.0], "d proportion": [0.0, 0.0, 0.0, 0.0, 0.0, 0.0, 0.0, 0.0, 0.0, 0.0, 0.0, 0.0, 0.0, 0.0, 0.0, 0.0, 0.0, 0.0, 0.0, 0.0, 0.0, 0.0, 0.0, 0.0, 0.0, 0.0, 0.0, 0.0, 0.0, 0.0, 0.0, 0.0, 0.0, 0.0, 0.0], "Fermi-level/eV": -8.7972, "Coordination numbers": [3.75, 3.8, 3.802, 3.802, 3.801, 3.8, 3.801, 3.802, 2.721, 0.856, 1.703, 3.704, 3.748, 0.924, 0.924, 0.924, 0.924, 0.924, 0.924, 0.924, 0.924, 0.924, 0.924, 0.924, 0.924, 0.924, 0.924, 0.924, 0.924, 0.924, 0.924, 0.924, 0.924, 0.924, 0.924], "Dispersion coefficient C6": [22.474, 21.504, 21.626, 21.608, 21.652, 21.585, 21.509, 22.141, 20.997, 21.898, 18.454, 19.306, 22.729, 2.562, 2.544, 2.575, 2.598, 2.621, 2.551, 2.598, 2.575, 2.631, 2.445, 2.596, 2.555, 2.571, 2.435, 2.415, 2.138, 2.188, 2.314, 2.312, 2.262, 2.26, 2.318], "Total dispersion C6": 8893.638631, "Total dispersion C8": 188307.078704, "Polarizability alpha": [6.761, 6.602, 6.621, 6.618, 6.625, 6.615, 6.603, 6.699, 7.501, 6.274, 5.8, 6.282, 6.8, 2.503, 2.495, 2.509, 2.521, 2.532, 2.498, 2.521, 2.51, 2.537, 2.445, 2.52, 2.5, 2.508, 2.441, 2.43, 2.286, 2.313, 2.379, 2.378, 2.352, 2.351, 2.381], "Total polarizability alpha": 139.708145, "Wiberg matrix": [[0.0, 1.0200757237134856, 0.0, 0.0, 0.0, 0.0, 0.0, 0.0, 0.0, 0.0, 0.0, 0.0, 0.0, 0.9877524067256442, 0.9876818493834258, 0.9874378489951642, 0.0, 0.0, 0.0, 0.0, 0.0, 0.0, 0.0, 0.0, 0.0, 0.0, 0.0, 0.0, 0.0, 0.0, 0.0, 0.0, 0.0, 0.0, 0.0], [1.0200757237134856, 0.0, 1.0077673506604738, 0.0, 0.0, 0.0, 0.0, 0.0, 0.0, 0.0, 0.0, 0.0, 0.0, 0.0, 0.0, 0.0, 0.9780743997418451, 0.9781347946579306, 0.0, 0.0, 0.0, 0.0, 0.0, 0.0, 0.0, 0.0, 0.0, 0.0, 0.0, 0.0, 0.0, 0.0, 0.0, 0.0, 0.0], [0.0, 1.0077673506604738, 0.0, 1.0072017681679406, 0.0, 0.0, 0.0, 0.0, 0.0, 0.0, 0.0, 0.0, 0.0, 0.0, 0.0, 0.0, 0.0, 0.0, 0.9770493491500206, 0.9772588004752478, 0.0, 0.0, 0.0, 0.0, 0.0, 0.0, 0.0, 0.0, 0.0, 0.0, 0.0, 0.0, 0.0, 0.0, 0.0], [0.0, 0.0, 1.0072017681679406, 0.0, 1.006736906688605, 0.0, 0.0, 0.0, 0.0, 0.0, 0.0, 0.0, 0.0, 0.0, 0.0, 0.0, 0.0, 0.0, 0.0, 0.0, 0.9773451189798695, 0.9772810923683364, 0.0, 0.0, 0.0, 0.0, 0.0, 0.0, 0.0, 0.0, 0.0, 0.0, 0.0, 0.0, 0.0], [0.0, 0.0, 0.0, 1.006736906688605, 0.0, 1.008008165132915, 0.0, 0.0, 0.0, 0.0, 0.0, 0.0, 0.0, 0.0, 0.0, 0.0, 0.0, 0.0, 0.0, 0.0, 0.0, 0.0, 0.9749121634683235, 0.9771312125619278, 0.0, 0.0, 0.0, 0.0, 0.0, 0.0, 0.0, 0.0, 0.0, 0.0, 0.0], [0.0, 0.0, 0.0, 0.0, 1.008008165132915, 0.0, 1.006506844205997, 0.0, 0.0, 0.0, 0.0, 0.0, 0.0, 0.0, 0.0, 0.0, 0.0, 0.0, 0.0, 0.0, 0.0, 0.0, 0.0, 0.0, 0.976049662147917, 0.9768990045488075, 0.0, 0.0, 0.0, 0.0, 0.0, 0.0, 0.0, 0.0, 0.0], [0.0, 0.0, 0.0, 0.0, 0.0, 1.006506844205997, 0.0, 0.9881210846666977, 0.0, 0.0, 0.0, 0.0, 0.0, 0.0, 0.0, 0.0, 0.0, 0.0, 0.0, 0.0, 0.0, 0.0, 0.0, 0.0, 0.0, 0.0, 0.9750103663244316, 0.9761448937990365, 0.0, 0.0, 0.0, 0.0, 0.0, 0.0, 0.0], [0.0, 0.0, 0.0, 0.0, 0.0, 0.0, 0.9881210846666977, 0.0, 0.9782489226265431, 0.0, 0.0, 0.0, 0.0, 0.0, 0.0, 0.0, 0.0, 0.0, 0.0, 0.0, 0.0, 0.0, 0.0, 0.0, 0.0, 0.0, 0.0, 0.0, 0.9703551816448232, 0.9581471105310431, 0.0, 0.0, 0.0, 0.0, 0.0], [0.0, 0.0, 0.0, 0.0, 0.0, 0.0, 0.0, 0.9782489226265431, 0.0, 1.7564472792703187, 1.1226435597695255, 0.0, 0.0, 0.0, 0.0, 0.0, 0.0, 0.0, 0.0, 0.0, 0.0, 0.0, 0.0, 0.0, 0.0, 0.0, 0.0, 0.0, 0.0, 0.0, 0.0, 0.0, 0.0, 0.0, 0.0], [0.0, 0.0, 0.0, 0.0, 0.0, 0.0, 0.0, 0.0, 1.7564472792703187, 0.0, 0.1713044486896837, 0.0, 0.0, 0.0, 0.0, 0.0, 0.0, 0.0, 0.0, 0.0, 0.0, 0.0, 0.0, 0.0, 0.0, 0.0, 0.0, 0.0, 0.0, 0.0, 0.0, 0.0, 0.0, 0.0, 0.0], [0.0, 0.0, 0.0, 0.0, 0.0, 0.0, 0.0, 0.0, 1.1226435597695255, 0.1713044486896837, 0.0, 0.9421370971849103, 0.0, 0.0, 0.0, 0.0, 0.0, 0.0, 0.0, 0.0, 0.0, 0.0, 0.0, 0.0, 0.0, 0.0, 0.0, 0.0, 0.0, 0.0, 0.0, 0.0, 0.0, 0.0, 0.0], [0.0, 0.0, 0.0, 0.0, 0.0, 0.0, 0.0, 0.0, 0.0, 0.0, 0.9421370971849103, 0.0, 1.0198507406393027, 0.0, 0.0, 0.0, 0.0, 0.0, 0.0, 0.0, 0.0, 0.0, 0.0, 0.0, 0.0, 0.0, 0.0, 0.0, 0.0, 0.0, 0.9698351615236032, 0.9696725995326761, 0.0, 0.0, 0.0], [0.0, 0.0, 0.0, 0.0, 0.0, 0.0, 0.0, 0.0, 0.0, 0.0, 0.0, 1.0198507406393027, 0.0, 0.0, 0.0, 0.0, 0.0, 0.0, 0.0, 0.0, 0.0, 0.0, 0.0, 0.0, 0.0, 0.0, 0.0, 0.0, 0.0, 0.0, 0.0, 0.0, 0.9855610170092186, 0.9855458511756608, 0.983952295664989], [0.9877524067256442, 0.0, 0.0, 0.0, 0.0, 0.0, 0.0, 0.0, 0.0, 0.0, 0.0, 0.0, 0.0, 0.0, 0.0, 0.0, 0.0, 0.0, 0.0, 0.0, 0.0, 0.0, 0.0, 0.0, 0.0, 0.0, 0.0, 0.0, 0.0, 0.0, 0.0, 0.0, 0.0, 0.0, 0.0], [0.9876818493834258, 0.0, 0.0, 0.0, 0.0, 0.0, 0.0, 0.0, 0.0, 0.0, 0.0, 0.0, 0.0, 0.0, 0.0, 0.0, 0.0, 0.0, 0.0, 0.0, 0.0, 0.0, 0.0, 0.0, 0.0, 0.0, 0.0, 0.0, 0.0, 0.0, 0.0, 0.0, 0.0, 0.0, 0.0], [0.9874378489951642, 0.0, 0.0, 0.0, 0.0, 0.0, 0.0, 0.0, 0.0, 0.0, 0.0, 0.0, 0.0, 0.0, 0.0, 0.0, 0.0, 0.0, 0.0, 0.0, 0.0, 0.0, 0.0, 0.0, 0.0, 0.0, 0.0, 0.0, 0.0, 0.0, 0.0, 0.0, 0.0, 0.0, 0.0], [0.0, 0.9780743997418451, 0.0, 0.0, 0.0, 0.0, 0.0, 0.0, 0.0, 0.0, 0.0, 0.0, 0.0, 0.0, 0.0, 0.0, 0.0, 0.0, 0.0, 0.0, 0.0, 0.0, 0.0, 0.0, 0.0, 0.0, 0.0, 0.0, 0.0, 0.0, 0.0, 0.0, 0.0, 0.0, 0.0], [0.0, 0.9781347946579306, 0.0, 0.0, 0.0, 0.0, 0.0, 0.0, 0.0, 0.0, 0.0, 0.0, 0.0, 0.0, 0.0, 0.0, 0.0, 0.0, 0.0, 0.0, 0.0, 0.0, 0.0, 0.0, 0.0, 0.0, 0.0, 0.0, 0.0, 0.0, 0.0, 0.0, 0.0, 0.0, 0.0], [0.0, 0.0, 0.9770493491500206, 0.0, 0.0, 0.0, 0.0, 0.0, 0.0, 0.0, 0.0, 0.0, 0.0, 0.0, 0.0, 0.0, 0.0, 0.0, 0.0, 0.0, 0.0, 0.0, 0.0, 0.0, 0.0, 0.0, 0.0, 0.0, 0.0, 0.0, 0.0, 0.0, 0.0, 0.0, 0.0], [0.0, 0.0, 0.9772588004752478, 0.0, 0.0, 0.0, 0.0, 0.0, 0.0, 0.0, 0.0, 0.0, 0.0, 0.0, 0.0, 0.0, 0.0, 0.0, 0.0, 0.0, 0.0, 0.0, 0.0, 0.0, 0.0, 0.0, 0.0, 0.0, 0.0, 0.0, 0.0, 0.0, 0.0, 0.0, 0.0], [0.0, 0.0, 0.0, 0.9773451189798695, 0.0, 0.0, 0.0, 0.0, 0.0, 0.0, 0.0, 0.0, 0.0, 0.0, 0.0, 0.0, 0.0, 0.0, 0.0, 0.0, 0.0, 0.0, 0.0, 0.0, 0.0, 0.0, 0.0, 0.0, 0.0, 0.0, 0.0, 0.0, 0.0, 0.0, 0.0], [0.0, 0.0, 0.0, 0.9772810923683364, 0.0, 0.0, 0.0, 0.0, 0.0, 0.0, 0.0, 0.0, 0.0, 0.0, 0.0, 0.0, 0.0, 0.0, 0.0, 0.0, 0.0, 0.0, 0.0, 0.0, 0.0, 0.0, 0.0, 0.0, 0.0, 0.0, 0.0, 0.0, 0.0, 0.0, 0.0], [0.0, 0.0, 0.0, 0.0, 0.9749121634683235, 0.0, 0.0, 0.0, 0.0, 0.0, 0.0, 0.0, 0.0, 0.0, 0.0, 0.0, 0.0, 0.0, 0.0, 0.0, 0.0, 0.0, 0.0, 0.0, 0.0, 0.0, 0.0, 0.0, 0.0, 0.0, 0.0, 0.0, 0.0, 0.0, 0.0], [0.0, 0.0, 0.0, 0.0, 0.9771312125619278, 0.0, 0.0, 0.0, 0.0, 0.0, 0.0, 0.0, 0.0, 0.0, 0.0, 0.0, 0.0, 0.0, 0.0, 0.0, 0.0, 0.0, 0.0, 0.0, 0.0, 0.0, 0.0, 0.0, 0.0, 0.0, 0.0, 0.0, 0.0, 0.0, 0.0], [0.0, 0.0, 0.0, 0.0, 0.0, 0.976049662147917, 0.0, 0.0, 0.0, 0.0, 0.0, 0.0, 0.0, 0.0, 0.0, 0.0, 0.0, 0.0, 0.0, 0.0, 0.0, 0.0, 0.0, 0.0, 0.0, 0.0, 0.0, 0.0, 0.0, 0.0, 0.0, 0.0, 0.0, 0.0, 0.0], [0.0, 0.0, 0.0, 0.0, 0.0, 0.9768990045488075, 0.0, 0.0, 0.0, 0.0, 0.0, 0.0, 0.0, 0.0, 0.0, 0.0, 0.0, 0.0, 0.0, 0.0, 0.0, 0.0, 0.0, 0.0, 0.0, 0.0, 0.0, 0.0, 0.0, 0.0, 0.0, 0.0, 0.0, 0.0, 0.0], [0.0, 0.0, 0.0, 0.0, 0.0, 0.0, 0.9750103663244316, 0.0, 0.0, 0.0, 0.0, 0.0, 0.0, 0.0, 0.0, 0.0, 0.0, 0.0, 0.0, 0.0, 0.0, 0.0, 0.0, 0.0, 0.0, 0.0, 0.0, 0.0, 0.0, 0.0, 0.0, 0.0, 0.0, 0.0, 0.0], [0.0, 0.0, 0.0, 0.0, 0.0, 0.0, 0.9761448937990365, 0.0, 0.0, 0.0, 0.0, 0.0, 0.0, 0.0, 0.0, 0.0, 0.0, 0.0, 0.0, 0.0, 0.0, 0.0, 0.0, 0.0, 0.0, 0.0, 0.0, 0.0, 0.0, 0.0, 0.0, 0.0, 0.0, 0.0, 0.0], [0.0, 0.0, 0.0, 0.0, 0.0, 0.0, 0.0, 0.9703551816448232, 0.0, 0.0, 0.0, 0.0, 0.0, 0.0, 0.0, 0.0, 0.0, 0.0, 0.0, 0.0, 0.0, 0.0, 0.0, 0.0, 0.0, 0.0, 0.0, 0.0, 0.0, 0.0, 0.0, 0.0, 0.0, 0.0, 0.0], [0.0, 0.0, 0.0, 0.0, 0.0, 0.0, 0.0, 0.9581471105310431, 0.0, 0.0, 0.0, 0.0, 0.0, 0.0, 0.0, 0.0, 0.0, 0.0, 0.0, 0.0, 0.0, 0.0, 0.0, 0.0, 0.0, 0.0, 0.0, 0.0, 0.0, 0.0, 0.0, 0.0, 0.0, 0.0, 0.0], [0.0, 0.0, 0.0, 0.0, 0.0, 0.0, 0.0, 0.0, 0.0, 0.0, 0.0, 0.9698351615236032, 0.0, 0.0, 0.0, 0.0, 0.0, 0.0, 0.0, 0.0, 0.0, 0.0, 0.0, 0.0, 0.0, 0.0, 0.0, 0.0, 0.0, 0.0, 0.0, 0.0, 0.0, 0.0, 0.0], [0.0, 0.0, 0.0, 0.0, 0.0, 0.0, 0.0, 0.0, 0.0, 0.0, 0.0, 0.9696725995326761, 0.0, 0.0, 0.0, 0.0, 0.0, 0.0, 0.0, 0.0, 0.0, 0.0, 0.0, 0.0, 0.0, 0.0, 0.0, 0.0, 0.0, 0.0, 0.0, 0.0, 0.0, 0.0, 0.0], [0.0, 0.0, 0.0, 0.0, 0.0, 0.0, 0.0, 0.0, 0.0, 0.0, 0.0, 0.0, 0.9855610170092186, 0.0, 0.0, 0.0, 0.0, 0.0, 0.0, 0.0, 0.0, 0.0, 0.0, 0.0, 0.0, 0.0, 0.0, 0.0, 0.0, 0.0, 0.0, 0.0, 0.0, 0.0, 0.0], [0.0, 0.0, 0.0, 0.0, 0.0, 0.0, 0.0, 0.0, 0.0, 0.0, 0.0, 0.0, 0.9855458511756608, 0.0, 0.0, 0.0, 0.0, 0.0, 0.0, 0.0, 0.0, 0.0, 0.0, 0.0, 0.0, 0.0, 0.0, 0.0, 0.0, 0.0, 0.0, 0.0, 0.0, 0.0, 0.0], [0.0, 0.0, 0.0, 0.0, 0.0, 0.0, 0.0, 0.0, 0.0, 0.0, 0.0, 0.0, 0.983952295664989, 0.0, 0.0, 0.0, 0.0, 0.0, 0.0, 0.0, 0.0, 0.0, 0.0, 0.0, 0.0, 0.0, 0.0, 0.0, 0.0, 0.0, 0.0, 0.0, 0.0, 0.0, 0.0]], "Born radii": [], "Atomic SASAs": [], "Solvent H bonds": [], "Total SASA": NaN, "Total FOD": 0.0, "FOD": [0.0, 0.0, 0.0, 0.0, 0.0, 0.0, 0.0, 0.0, 0.0, 0.0, 0.0, 0.0, 0.0, 0.0, 0.0, 0.0, 0.0, 0.0, 0.0, 0.0, 0.0, 0.0, 0.0, 0.0, 0.0, 0.0, 0.0, 0.0, 0.0, 0.0, 0.0, 0.0, 0.0, 0.0, 0.0], "FOD s proportion": [0.0, 0.0, 0.0, 0.0, 0.0, 0.0, 0.0, 0.0, 0.0, 0.0, 0.0, 0.0, 0.0, 0.0, 0.0, 0.0, 0.0, 0.0, 0.0, 0.0, 0.0, 0.0, 0.0, 0.0, 0.0, 0.0, 0.0, 0.0, 0.0, 0.0, 0.0, 0.0, 0.0, 0.0, 0.0], "FOD p proportion": [0.0, 0.0, 0.0, 0.0, 0.0, 0.0, 0.0, 0.0, 0.0, 0.0, 0.0, 0.0, 0.0, 0.0, 0.0, 0.0, 0.0, 0.0, 0.0, 0.0, 0.0, 0.0, 0.0, 0.0, 0.0, 0.0, 0.0, 0.0, 0.0, 0.0, 0.0, 0.0, 0.0, 0.0, 0.0], "FOD d proportion": [0.0, 0.0, 0.0, 0.0, 0.0, 0.0, 0.0, 0.0, 0.0, 0.0, 0.0, 0.0, 0.0, 0.0, 0.0, 0.0, 0.0, 0.0, 0.0, 0.0, 0.0, 0.0, 0.0, 0.0, 0.0, 0.0, 0.0, 0.0, 0.0, 0.0, 0.0, 0.0, 0.0, 0.0, 0.0], "coordinates": [["5.66200", "0.12980", "1.04500"], ["4.31260", "0.82780", "1.10450"], ["3.31910", "0.21050", "0.12060"], ["1.96300", "0.91530", "0.18370"], ["0.96810", "0.29730", "-0.80150"], ["-0.38890", "1.00080", "-0.73200"], ["-1.39060", "0.50220", "-1.77980"], ["-1.76850", "-0.97180", "-1.66010"], ["-2.41400", "-1.30060", "-0.33810"], ["-1.89340", "-1.99270", "0.52600"], ["-3.64410", "-0.72450", "-0.25100"], ["-4.32500", "-0.98000", "0.98310"], ["-5.66270", "-0.26750", "0.94150"], ["6.10000", "0.20710", "0.04480"], ["5.56650", "-0.93100", "1.29770"], ["6.35690", "0.58710", "1.75630"], ["3.91750", "0.76010", "2.12470"], ["4.44810", "1.89190", "0.87880"], ["3.19060", "-0.85480", "0.34820"], ["3.72080", "0.27710", "-0.89780"], ["1.56080", "0.84800", "1.20190"], ["2.09220", "1.98050", "-0.04360"], ["0.85190", "-0.76730", "-0.57020"], ["1.36780", "0.36850", "-1.82020"], ["-0.24240", "2.07690", "-0.88950"], ["-0.81240", "0.89000", "0.27330"], ["-0.97870", "0.67840", "-2.78100"], ["-2.29670", "1.11630", "-1.70500"], ["-0.89320", "-1.61680", "-1.79020"], ["-2.46880", "-1.24910", "-2.45700"], ["-3.72930", "-0.59930", "1.82030"], ["-4.48310", "-2.05780", "1.10150"], ["-5.52150", "0.80940", "0.80180"], ["-6.26240", "-0.62230", "0.09680"], ["-6.22210", "-0.43350", "1.86640"]], "bond_dist": [[0.0, 1.520402778871441, 2.519961956062035, 3.87833068987161, 5.046812430633816, 6.3662988313462, 7.606401485590935, 7.983947571220643, 8.317498768860744, 7.86501343991223, 9.4346670158517, 10.048664421205437, 11.332139675718793, 1.0946320523353954, 1.0946571061295862, 1.0945122155554048, 2.1462316813429063, 2.1461994455315656, 2.7500518831469343, 2.750350263148314, 4.166565766911643, 4.165766734948082, 5.152739219095024, 5.1678334309456995, 6.511177160851945, 6.56439489138184, 7.683627688143147, 8.47800612998127, 7.3525245759534865, 8.959647194504926, 9.451412200830095, 10.378431481683538, 11.20676914413784, 11.985660307634287, 11.925763609094389], [1.520402778871441, 0.0, 1.5284504408059814, 2.525103770144902, 3.885864961626948, 5.050422111071509, 6.399350911615959, 6.9181898304397516, 7.201272726400521, 6.841368174568593, 8.219251208595585, 8.825588510688677, 10.036576168196005, 2.168647352614067, 2.1686329541902656, 2.1591531256490364, 1.0961274287235034, 1.0961795245305395, 2.159170315190536, 2.159329298648078, 2.7535972908179582, 2.7526400164205995, 4.162380159235818, 4.175724322797184, 5.126822779265926, 5.192339287835494, 6.566375430936005, 7.187445233878307, 6.4386109441400485, 7.936320420698751, 8.19884989861383, 9.256945222372227, 9.838774754002655, 10.721421281714472, 10.637258734749288], [2.519961956062035, 1.5284504408059814, 0.0, 1.529618207266114, 2.5268564759400167, 3.8859702585068767, 5.087030876650937, 5.518369282677629, 5.946617905162565, 5.673499418348433, 7.035514608043964, 7.784180195113677, 9.031893049078914, 2.7819349399294, 2.7819765311734743, 3.4706729736464657, 2.1625354401720216, 2.1625480803903527, 1.0968947533833864, 1.0967848512812346, 2.1603783997253814, 2.159894731231131, 2.742329907213937, 2.756671966339122, 4.145845296197146, 4.189788752431321, 5.20665898729694, 5.974152545759106, 4.973294000961536, 6.50186437339322, 7.295525936490117, 8.184233289685725, 8.887008664899568, 9.617653795495032, 9.720959370350233], [3.87833068987161, 2.525103770144902, 1.529618207266114, 0.0, 1.53048000640322, 2.5253218309752126, 3.9080195521517034, 4.569993118156744, 4.933621089017681, 4.842050624477196, 5.858112199335209, 6.615901030849843, 7.754003944414782, 4.199477282948438, 4.199408522637444, 4.678369717113003, 2.7589197686775884, 2.7591001395382517, 2.160397190333296, 2.160278299201286, 1.0968251319148372, 1.0968176557659892, 2.1526846448098245, 2.1607564624455025, 2.713827916430959, 2.7769611826599236, 4.183200519936858, 4.663971781647055, 4.297172333058101, 5.594530819470029, 6.113489348154619, 7.157784968829394, 7.510725841754577, 8.368331406558896, 8.464431625336696], [5.046812430633816, 3.885864961626948, 2.5268564759400167, 1.53048000640322, 0.0, 1.5300952584724912, 2.561741710243248, 3.1363654649928794, 3.7691675977594845, 3.8980172523989682, 4.755997721824517, 5.730026183186252, 6.879284605247845, 5.201995515184533, 5.2019846299273125, 5.972059135675066, 4.180405559272928, 4.1804972491319745, 2.754750578546087, 2.754458026545331, 2.160596061275684, 2.161290230394798, 1.095616397285108, 1.0966217305889938, 2.1540729815862787, 2.16256065348466, 2.8024431662390588, 3.4851100829098645, 2.847058866620077, 4.116347266691672, 5.453741244320269, 6.235662470820563, 6.704306486132626, 7.343891155239162, 7.703942827539675], [6.3662988313462, 5.050422111071509, 3.8859702585068767, 2.5253218309752126, 1.5300952584724912, 0.0, 1.532934992098491, 2.579886921940572, 3.0907327901324635, 3.578704584063904, 3.7154203167340296, 4.728426784883108, 5.676456075757127, 6.583251562867698, 6.581665631889847, 7.201985991377657, 5.173369534452377, 5.175452139668572, 4.174075184996073, 4.176226217531804, 2.750390361385089, 2.754916307258716, 2.166088984783405, 2.1610130541021726, 1.0973876753454088, 1.096474796791974, 2.156433815353488, 2.1447074602378757, 2.868089170510568, 3.5161995136795063, 4.498091535306946, 5.429477861636421, 5.360294689660262, 6.149745141060725, 6.544854565993044], [7.606401485590935, 6.399350911615959, 5.087030876650937, 3.9080195521517034, 2.561741710243248, 1.532934992098491, 0.0, 1.5263723333446528, 2.525061244801797, 3.434246276841543, 2.986684546449457, 4.294326094976952, 5.123353412560957, 7.715266523588151, 7.741208490926981, 8.516746295974773, 6.594509706566516, 6.564285013617249, 5.230413601236521, 5.191820872295191, 4.209616905372744, 4.162890482585388, 2.846676774767378, 2.7619338170926544, 2.1425866190191707, 2.167930739207321, 1.0968634782870657, 1.0971467814289937, 2.176620297617386, 2.165217487921248, 4.432103332504783, 4.941563106953103, 4.880918480163339, 5.340464684837828, 6.124842951455981], [7.983947571220643, 6.9181898304397516, 5.518369282677629, 4.569993118156744, 3.1363654649928794, 2.579886921940572, 1.5263723333446528, 0.0, 1.5074692998532342, 2.415961512524568, 2.3589394778162496, 3.6772633479260093, 4.735942851217696, 8.13693931831865, 7.909011978749304, 8.951205691413868, 7.046615120041678, 7.3001990698884365, 5.351600760520164, 5.680956520692621, 4.752573463924572, 5.121928545967817, 2.8453819462420156, 3.4144419441542713, 3.4953365016833504, 2.8492914926346162, 2.145544427412306, 2.1543381489450533, 1.0950347483071028, 1.0965240489838788, 4.012066431404146, 4.021801054254175, 4.828937155316892, 4.8377665373599825, 5.706182795880272], [8.317498768860744, 7.201272726400521, 5.946617905162565, 4.933621089017681, 3.7691675977594845, 3.0907327901324635, 2.525061244801797, 1.5074692998532342, 0.0, 1.2233951037992592, 1.3611111747392273, 2.3452664667367755, 3.641253006864533, 8.654938919484065, 8.154803863367897, 9.212958778807165, 7.099278877463541, 7.665593145347593, 5.664034471116856, 6.359101541884671, 4.773585340181948, 5.581951800221854, 3.3172853525134074, 4.391415086279137, 4.0530722631110345, 2.7816651272214634, 3.456050853213824, 2.7791330500715508, 2.1263606208731387, 2.1202340672671025, 2.623075740423825, 2.631914666169859, 3.925306135831955, 3.9318458082686814, 4.484786312635196], [7.86501343991223, 6.841368174568593, 5.673499418348433, 4.842050624477196, 3.8980172523989682, 3.578704584063904, 3.434246276841543, 2.415961512524568, 1.2233951037992592, 0.0, 2.2971745101319576, 2.6734210779448873, 4.166122631416411, 8.304523890025242, 7.574485843276756, 8.731349049259228, 6.625730777808588, 7.445079398502074, 5.212819318756406, 6.220807031246027, 4.523042663959737, 5.65648033321075, 3.1999893265446993, 4.659972673739621, 4.6142264151209575, 3.0890739032920527, 4.348298552307558, 3.8478426280189786, 2.550780917679917, 3.127669279191775, 2.643351066354978, 2.653673745960494, 4.59248730646041, 4.598953120004595, 4.792225004108217], [9.4346670158517, 8.219251208595585, 7.035514608043964, 5.858112199335209, 4.755997721824517, 3.7154203167340296, 2.986684546449457, 2.3589394778162496, 1.3611111747392273, 2.2971745101319576, 0.0, 1.4324482084878323, 2.388650499759226, 9.793000613193078, 9.342176743136472, 10.284432354291608, 8.063856534562108, 8.57937630833384, 6.862152928928355, 7.460784463446187, 5.628024402043758, 6.345484808113561, 4.5075199921908276, 5.364343319549933, 4.4527617385168945, 3.3015186853931326, 3.9336224488377125, 2.7052074596969455, 3.2760932129596068, 2.55401081634358, 2.0768287772466945, 2.0762625412023406, 2.643079228854103, 2.6432753488806275, 3.34875316498544], [10.048664421205437, 8.825588510688677, 7.784180195113677, 6.615901030849843, 5.730026183186252, 4.728426784883108, 4.294326094976952, 3.6772633479260093, 2.3452664667367755, 2.6734210779448873, 1.4324482084878323, 0.0, 1.5161886755941687, 10.534241230387693, 9.896622980087702, 10.823891548791499, 8.501176672673024, 9.23179135975245, 7.543408805705813, 8.35780969273649, 6.167017032569311, 7.1413674446845254, 5.4090919561419915, 6.487288723341979, 5.43312903675221, 4.042162144199562, 5.302495927391176, 3.9666555421412637, 4.458021800081287, 3.9181859654692244, 1.0957622096057156, 1.0957495197352356, 2.1601931163671453, 2.16032306380319, 2.162838308797031], [11.332139675718793, 10.036576168196005, 9.031893049078914, 7.754003944414782, 6.879284605247845, 5.676456075757127, 5.123353412560957, 4.735942851217696, 3.641253006864533, 4.166122631416411, 2.388650499759226, 1.5161886755941687, 0.0, 11.806372319218124, 11.25442327842702, 12.077459350376635, 9.707530893074715, 10.339014280384761, 8.892572578843538, 9.577561584244707, 7.313761047504902, 8.134027294028462, 6.7063440181666785, 7.5801987533309445, 6.182913912549648, 5.031074197425436, 6.05735825752448, 4.49986896364772, 5.659587054724046, 4.765956149609436, 2.1495153500266055, 2.14993726652663, 1.0950649021861671, 1.0950074063676465, 1.0935832707206161], [1.0946320523353954, 2.168647352614067, 2.7819349399294, 4.199477282948438, 5.201995515184533, 6.583251562867698, 7.715266523588151, 8.13693931831865, 8.654938919484065, 8.304523890025242, 9.793000613193078, 10.534241230387693, 11.806372319218124, 0.0, 1.774725970396557, 1.7719000705457406, 3.065142616584096, 2.502574804076793, 3.1119594357896116, 2.560075662944359, 4.727998504652893, 4.383517190567409, 5.373102825183974, 5.089006956175242, 6.677956745142933, 6.949808516786631, 7.636443086935173, 8.625138582654772, 7.456452403790961, 9.044548364622747, 10.02086920880619, 10.874207672745632, 11.661692696174084, 12.390300324043805, 12.47247943794657], [1.0946571061295862, 2.1686329541902656, 2.7819765311734743, 4.199408522637444, 5.2019846299273125, 6.581665631889847, 7.741208490926981, 7.909011978749304, 8.154803863367897, 7.574485843276756, 9.342176743136472, 9.896622980087702, 11.25442327842702, 1.774725970396557, 0.0, 1.7719124498687855, 2.50258850193155, 3.06513624167018, 2.559737779539146, 3.1122876393418393, 4.384022254733659, 4.7272273512070475, 5.073785693148658, 5.388792290485874, 6.89743615120865, 6.712361847367884, 7.878172699934928, 8.662422225913488, 7.192577572748173, 8.874965114861014, 9.316385205110402, 10.114476399695636, 11.234707515997021, 11.893709753899328, 11.81279035198712], [1.0945122155554048, 2.1591531256490364, 3.4706729736464657, 4.678369717113003, 5.972059135675066, 7.201985991377657, 8.516746295974773, 8.951205691413868, 9.212958778807165, 8.731349049259228, 10.284432354291608, 10.823891548791499, 12.077459350376635, 1.7719000705457406, 1.7719124498687855, 0.0, 2.473119471436833, 2.4730601953854663, 3.7533021341213666, 3.753580959563814, 4.835080493642273, 4.834135875210791, 6.127970839519392, 6.142495992672686, 7.264332190229189, 7.327339210108947, 8.625917594088179, 9.335172376019631, 8.366527802499673, 9.950703885655528, 10.155937741045875, 11.177202648695244, 11.918761433135575, 12.78527751360916, 12.620815638063968], [2.1462316813429063, 1.0961274287235034, 2.1625354401720216, 2.7589197686775884, 4.180405559272928, 5.173369534452377, 6.594509706566516, 7.046615120041678, 7.099278877463541, 6.625730777808588, 8.063856534562108, 8.501176672673024, 9.707530893074715, 3.065142616584096, 2.50258850193155, 2.473119471436833, 0.0, 1.7648723494915997, 2.5084333497224915, 3.067162555196578, 2.5324535810158495, 3.085874453052165, 4.358134937103256, 4.713444245984034, 5.3032190120718194, 5.080994979332296, 6.931474721875569, 7.3081982848031695, 6.642208225432262, 8.112563541815867, 7.772655785508579, 8.919505536183046, 9.531380587302134, 10.47156970945617, 10.212878536925816], [2.1461994455315656, 1.0961795245305395, 2.1625480803903527, 2.7591001395382517, 4.1804972491319745, 5.175452139668572, 6.564285013617249, 7.3001990698884365, 7.665593145347593, 7.445079398502074, 8.57937630833384, 9.23179135975245, 10.339014280384761, 2.502574804076793, 3.06513624167018, 2.4730601953854663, 1.7648723494915997, 0.0, 3.067116479692286, 2.5085557378699, 3.087170567040312, 2.531587748824836, 4.701446594400494, 4.36962202598806, 5.016163886876106, 5.389183065177876, 6.657092197799277, 7.264289699619639, 6.925606282485311, 8.296803495925404, 8.600137815756211, 9.768114394293303, 10.028492379714908, 11.029394176018917, 10.965218053463417], [2.7500518831469343, 2.159170315190536, 1.0968947533833864, 2.160397190333296, 2.754750578546087, 4.174075184996073, 5.230413601236521, 5.351600760520164, 5.664034471116856, 5.212819318756406, 6.862152928928355, 7.543408805705813, 8.892572578843538, 3.1119594357896116, 2.559737779539146, 3.7533021341213666, 2.5084333497224915, 3.067116479692286, 0.0, 1.7648868660625248, 2.5069063743985334, 3.065765139406474, 2.5140868123435993, 3.0856152206650784, 4.681052785431927, 4.367372900268536, 5.433751684609814, 6.181531099978385, 4.672346412671047, 6.32877775640763, 7.079362589244882, 7.803867091384886, 8.881216189801934, 9.459200135846581, 9.543654762196715], [2.750350263148314, 2.159329298648078, 1.0967848512812346, 2.160278299201286, 2.754458026545331, 4.176226217531804, 5.191820872295191, 5.680956520692621, 6.359101541884671, 6.220807031246027, 7.460784463446187, 8.35780969273649, 9.577561584244707, 2.560075662944359, 3.1122876393418393, 3.753580959563814, 3.067162555196578, 2.5085557378699, 1.7648868660625248, 0.0, 3.065985469632888, 2.506704442091249, 3.07061562719921, 2.528988873047883, 4.352735136669816, 4.721972454388102, 5.078659683420421, 6.129121856351039, 5.066777177851814, 6.562891073299937, 7.97873013580482, 8.760875168041148, 9.412337262338191, 10.072856186802232, 10.344419481536894], [4.166565766911643, 2.7535972908179582, 2.1603783997253814, 1.0968251319148372, 2.160596061275684, 2.750390361385089, 4.209616905372744, 4.752573463924572, 4.773585340181948, 4.523042663959737, 5.628024402043758, 6.167017032569311, 7.313761047504902, 4.727998504652893, 4.384022254733659, 4.835080493642273, 2.5324535810158495, 3.087170567040312, 2.5069063743985334, 3.065985469632888, 0.0, 1.765279711547153, 2.500414307669831, 3.0659839627760612, 3.0225286450255524, 2.54875267532964, 4.7266602183783, 4.837598448610633, 4.588029800469914, 5.8329284051837975, 5.519262075676422, 6.706898016967308, 7.093697432228132, 8.03650958687912, 7.915638629321074], [4.165766734948082, 2.7526400164205995, 2.159894731231131, 1.0968176557659892, 2.161290230394798, 2.754916307258716, 4.162890482585388, 5.121928545967817, 5.581951800221854, 5.65648033321075, 6.345484808113561, 7.1413674446845254, 8.134027294028462, 4.383517190567409, 4.7272273512070475, 4.834135875210791, 3.085874453052165, 2.531587748824836, 3.065765139406474, 2.506704442091249, 1.765279711547153, 0.0, 3.0604013609329086, 2.50591438800291, 2.484994352106258, 3.118704381630295, 4.315002894552911, 4.771743372185893, 4.990369927169728, 6.087490182332945, 6.634708245281025, 7.80087757819593, 7.749490567772826, 8.751778171320387, 8.865837833504512], [5.152739219095024, 4.162380159235818, 2.742329907213937, 2.1526846448098245, 1.095616397285108, 2.166088984783405, 2.846676774767378, 2.8453819462420156, 3.3172853525134074, 3.1999893265446993, 4.5075199921908276, 5.4090919561419915, 6.7063440181666785, 5.373102825183974, 5.073785693148658, 6.127970839519392, 4.358134937103256, 4.701446594400494, 2.5140868123435993, 3.07061562719921, 2.500414307669831, 3.0604013609329086, 0.0, 1.7659825735267036, 3.0641342366156223, 2.4956021377615465, 3.2138421694289843, 3.8404950149687735, 2.292471212469199, 3.8495706215109236, 5.170116796553053, 5.737786693490792, 6.707353759121402, 7.146969881705114, 7.489320262881004], [5.1678334309456995, 4.175724322797184, 2.756671966339122, 2.1607564624455025, 1.0966217305889938, 2.1610130541021726, 2.7619338170926544, 3.4144419441542713, 4.391415086279137, 4.659972673739621, 5.364343319549933, 6.487288723341979, 7.5801987533309445, 5.089006956175242, 5.388792290485874, 6.142495992672686, 4.713444245984034, 4.36962202598806, 3.0856152206650784, 2.528988873047883, 3.0659839627760612, 2.50591438800291, 1.7659825735267036, 0.0, 2.5253865228911, 3.0672424977494037, 2.5544543252914114, 3.74179584290752, 3.0090591702390967, 4.212083042866082, 6.338004851686372, 6.975406324365628, 7.38456033220665, 7.929471967287608, 8.475895561532127], [6.511177160851945, 5.126822779265926, 4.145845296197146, 2.713827916430959, 2.1540729815862787, 1.0973876753454088, 2.1425866190191707, 3.4953365016833504, 4.0530722631110345, 4.6142264151209575, 4.4527617385168945, 5.43312903675221, 6.182913912549648, 6.677956745142933, 6.89743615120865, 7.264332190229189, 5.3032190120718194, 5.016163886876106, 4.681052785431927, 4.352735136669816, 3.0225286450255524, 2.484994352106258, 3.0641342366156223, 2.5253865228911, 0.0, 1.7566261554468554, 2.4648959795496443, 2.4099670329695386, 3.8572296820386525, 4.298393794198015, 5.163674475603589, 6.248468738819136, 5.686470676087233, 6.670747209271238, 7.0465527075301155], [6.56439489138184, 5.192339287835494, 4.189788752431321, 2.7769611826599236, 2.16256065348466, 1.096474796791974, 2.167930739207321, 2.8492914926346162, 2.7816651272214634, 3.0890739032920527, 3.3015186853931326, 4.042162144199562, 5.031074197425436, 6.949808516786631, 6.712361847367884, 7.327339210108947, 5.080994979332296, 5.389183065177876, 4.367372900268536, 4.721972454388102, 2.54875267532964, 3.118704381630295, 2.4956021377615465, 3.0672424977494037, 1.7566261554468554, 0.0, 3.066134168623415, 2.483551704716453, 3.2478619321024103, 3.843689355293947, 3.6220890519146547, 4.780112819798294, 4.7393492612382975, 5.658683905291053, 5.79262237246655], [7.683627688143147, 6.566375430936005, 5.20665898729694, 4.183200519936858, 2.8024431662390588, 2.156433815353488, 1.0968634782870657, 2.145544427412306, 3.456050853213824, 4.348298552307558, 3.9336224488377125, 5.302495927391176, 6.05735825752448, 7.636443086935173, 7.878172699934928, 8.625917594088179, 6.931474721875569, 6.657092197799277, 5.433751684609814, 5.078659683420421, 4.7266602183783, 4.315002894552911, 3.2138421694289843, 2.5544543252914114, 2.4648959795496443, 3.066134168623415, 0.0, 1.7568882747630825, 2.501387201134602, 2.457769366722598, 5.510923637649137, 5.902661776690242, 5.787110564003422, 6.155569755920244, 7.094215385086642], [8.47800612998127, 7.187445233878307, 5.974152545759106, 4.663971781647055, 3.4851100829098645, 2.1447074602378757, 1.0971467814289937, 2.1543381489450533, 2.7791330500715508, 3.8478426280189786, 2.7052074596969455, 3.9666555421412637, 4.49986896364772, 8.625138582654772, 8.662422225913488, 9.335172376019631, 7.3081982848031695, 7.264289699619639, 6.181531099978385, 6.129121856351039, 4.837598448610633, 4.771743372185893, 3.8404950149687735, 3.74179584290752, 2.4099670329695386, 2.483551704716453, 1.7568882747630825, 0.0, 3.0735820958614397, 2.48801920611558, 4.174130593309222, 4.767777052254017, 4.096043077166059, 4.689988239857325, 5.528611322927305], [7.3525245759534865, 6.4386109441400485, 4.973294000961536, 4.297172333058101, 2.847058866620077, 2.868089170510568, 2.176620297617386, 1.0950347483071028, 2.1263606208731387, 2.550780917679917, 3.2760932129596068, 4.458021800081287, 5.659587054724046, 7.456452403790961, 7.192577572748173, 8.366527802499673, 6.642208225432262, 6.925606282485311, 4.672346412671047, 5.066777177851814, 4.588029800469914, 4.990369927169728, 2.292471212469199, 3.0090591702390967, 3.8572296820386525, 3.2478619321024103, 2.501387201134602, 3.0735820958614397, 0.0, 1.749954539409524, 4.7026035033798035, 4.630744205848559, 5.833187064547133, 5.777378980991294, 6.570243348613505], [8.959647194504926, 7.936320420698751, 6.50186437339322, 5.594530819470029, 4.116347266691672, 3.5161995136795063, 2.165217487921248, 1.0965240489838788, 2.1202340672671025, 3.127669279191775, 2.55401081634358, 3.9181859654692244, 4.765956149609436, 9.044548364622747, 8.874965114861014, 9.950703885655528, 8.112563541815867, 8.296803495925404, 6.32877775640763, 6.562891073299937, 5.8329284051837975, 6.087490182332945, 3.8495706215109236, 4.212083042866082, 4.298393794198015, 3.843689355293947, 2.457769366722598, 2.48801920611558, 1.749954539409524, 0.0, 4.506261818847192, 4.168251723444735, 4.916927595562091, 4.615861094097179, 5.783100536044657], [9.451412200830095, 8.19884989861383, 7.295525936490117, 6.113489348154619, 5.453741244320269, 4.498091535306946, 4.432103332504783, 4.012066431404146, 2.623075740423825, 2.643351066354978, 2.0768287772466945, 1.0957622096057156, 2.1495153500266055, 10.02086920880619, 9.316385205110402, 10.155937741045875, 7.772655785508579, 8.600137815756211, 7.079362589244882, 7.97873013580482, 5.519262075676422, 6.634708245281025, 5.170116796553053, 6.338004851686372, 5.163674475603589, 3.6220890519146547, 5.510923637649137, 4.174130593309222, 4.7026035033798035, 4.506261818847192, 0.0, 1.792236069830088, 2.4967496430359213, 3.0639152827713763, 2.4987330169507906], [10.378431481683538, 9.256945222372227, 8.184233289685725, 7.157784968829394, 6.235662470820563, 5.429477861636421, 4.941563106953103, 4.021801054254175, 2.631914666169859, 2.65367374