{"total energy": -65.86780141, "HOMO-LUMO gap/eV": 3.55662755, "electronic energy": -66.64138749, "dipole": [1.24347701, -0.1342381, 1.1187552], "partial charges": [-0.03008843, -0.02834139, -0.03922849, 0.10167371, -0.16806884, -0.04159246, 0.01504922, 0.11687506, -0.00016101, -0.03458138, -0.03881157, 0.10093408, -0.16802874, -0.03861605, -0.02477246, -0.43951709, 0.33903775, -0.38855434, -0.27364636, 0.12346874, -0.11628028, -0.11297821, 0.06706366, 0.05214625, 0.05785226, 0.06031069, 0.04748873, 0.06050315, 0.06182012, 0.06552017, 0.30533214, 0.05410525, 0.0535907, 0.05415756, 0.05274113, 0.04954386, 0.05195937, 0.0520935], "atomic dipole moments": [[-0.0012531, 0.02517501, -0.03358388], [0.00050769, 0.00928166, -0.01124414], [0.01926818, 0.03684417, -0.0113501], [-0.07614677, 0.0766572, -0.21992323], [0.02940586, 0.00624555, 0.00675745], [-0.01361494, -0.03136195, 0.00552533], [0.08628186, 0.07972214, 0.04860526], [0.05180935, -0.04166263, 0.11145287], [0.03567178, -0.1069964, -0.00462093], [-0.01035143, -0.00109542, 0.01092244], [-0.02419175, -0.00474543, 0.02690727], [-0.08338963, 0.23066782, 0.0287485], [-0.01797718, 0.01773919, -0.00562607], [0.0166589, 0.02283897, -0.0252139], [0.01198299, 0.01994657, -0.02025288], [0.07659918, 0.14171111, -0.16393653], [0.12955942, -0.01404062, 0.08046098], [-0.02535612, 0.0161659, 0.16408013], [0.06453145, -0.02522682, -0.21173121], [-0.19799884, 0.05757288, 0.1173842], [-0.07030942, 0.03886982, -0.10927133], [-0.0244808, -0.12038874, 0.0417636], [0.04657881, -0.05168442, 0.13834928], [-0.05128328, -0.12831551, 0.0643352], [-0.10406071, -0.08862423, -0.07008055], [0.05169786, 0.12851339, -0.07274887], [0.10247106, -0.01744253, -0.11420107], [0.05589538, 0.11173161, -0.09203161], [-0.10846027, 0.02748857, 0.10803205], [-0.06159411, -0.11065431, 0.09064806], [0.06744542, 0.04432086, 0.0183531], [0.01490351, -0.09092595, -0.09441192], [0.12640747, -0.00641587, -0.03434092], [-0.01024448, 0.07591513, 0.1035239], [-0.03584066, -0.114036, 0.04628425], [-0.01742622, 0.09219314, 0.08832563], [0.12344695, 0.00621718, -0.0422942], [-0.07617865, 0.04074864, -0.09587948]], "atomic quadrupole moments": [[0.17253444, -0.3069838, -0.06645633, -0.25491835, 0.19439578, -0.10607811], [0.16625315, -0.31599252, -0.07501591, -0.24746485, 0.18702566, -0.09123724], [0.14974952, -0.29478561, -0.04866789, -0.25393794, 0.16280558, -0.10108163], [0.00968764, -0.35022566, -0.21131336, -0.05095351, 0.0013665, 0.20162572], [-0.14187781, -0.07680668, -0.17564898, 0.20063714, -0.16705968, 0.31752679], [0.15823024, -0.2886874, -0.04298972, -0.24774192, 0.17842452, -0.11524052], [0.19912723, -0.20101303, -0.08158812, -0.15602205, 0.25364624, -0.11753911], [-0.12567347, -0.00383283, -0.14335009, 0.02012927, -0.17833531, 0.26902355], [0.06039923, 0.00760164, -0.06816834, 0.38819405, 0.08732252, 0.00776911], [0.16715177, 0.08227221, -0.23648257, 0.38534622, 0.10878036, 0.0693308], [0.15435548, 0.08576723, -0.23811439, 0.36371946, 0.10598794, 0.0837589], [-0.00345145, -0.1103718, 0.12622976, 0.34402832, 0.15933039, -0.12277831], [-0.14629165, -0.20954217, 0.36163591, -0.00992202, 0.08001748, -0.21534426], [0.12918181, 0.10543951, -0.2171342, 0.38261491, 0.07576768, 0.08795238], [0.14073039, 0.0892171, -0.23660936, 0.40839914, 0.09509995, 0.09587897], [-0.07064237, 0.01418661, -0.05257807, 0.02338321, -0.10236274, 0.12322044], [-0.21709574, 0.01959569, 0.49184888, 0.14008804, -0.11246285, -0.27475314], [-0.11086884, -0.00718243, 0.2209423, 0.01217588, -0.03174695, -0.11007347], [0.06461143, 0.00095765, -0.05866494, -0.03047354, -0.00389561, -0.00594648], [0.35277641, 0.00315392, -0.20501353, -0.10522041, -0.14680024, -0.14776288], [0.00635578, -0.06086862, -0.09578317, 0.1813363, -0.09310224, 0.08942739], [-0.09418802, 0.09074471, 0.18319105, -0.02485216, -0.11899401, -0.08900303], [-0.01493915, 0.04165578, 0.00749608, 0.03465962, -0.01281585, 0.00744306], [-0.01946917, 0.0372538, 0.00179511, 0.0380921, -0.0196656, 0.01767407], [-0.0202924, 0.03189776, 0.00218147, 0.03267923, -0.02305022, 0.01811093], [-0.01513126, 0.03364882, 0.00550206, 0.03093225, -0.016163, 0.0096292], [-0.02152462, -0.02146909, 0.04191144, -0.04127917, -0.00493804, -0.02038682], [-0.01804109, -0.01638829, 0.03146736, -0.04345181, -0.00639333, -0.01342628], [-0.01964748, -0.0135822, 0.03491502, -0.04090723, -0.01051266, -0.01526754], [-0.01746314, -0.01882826, 0.03223131, -0.04381383, -0.00557759, -0.01476817], [0.04170986, 0.07726798, -0.0367635, 0.06889744, 0.02246992, -0.00494636], [-3.049e-05, 0.00346088, -0.00459837, 0.00378312, 0.00736701, 0.00462886], [0.06714998, -0.00274005, -0.04887209, -0.04047485, -0.00488771, -0.0182779], [-0.04490933, -0.01680451, 0.02527986, -0.00440707, 0.05848431, 0.01962948], [-0.03383019, 0.03853683, 0.06183893, 0.00072296, -0.02834989, -0.02800874], [-0.05003369, -0.00624535, 0.00494015, -0.01214612, 0.05368993, 0.04509354], [0.07291081, -0.00889376, -0.03465001, -0.03662744, -0.00399623, -0.0382608], [-7.002e-05, -0.00645835, -0.02745266, 0.06285978, -0.01567987, 0.02752267]], "number of molecular orbitals": 114, "number of electrons": 116, "number of unpaired electrons": 0, "orbital energies/eV": [-28.86722835, -28.64545314, -20.50941638, -19.82985928, -19.228195, -18.60011545, -18.2454591, -18.03186008, -17.84556851, -17.39694613, -17.3250535, -17.25225511, -17.06436473, -17.01649917, -16.79082999, -16.7115829, -16.32591712, -16.28473495, -16.07436259, -15.89073689, -15.86704955, -15.74795573, -15.4717391, -15.11852612, -14.86606234, -14.60169696, -14.46623269, -14.37572718, -14.22180084, -14.11581434, -13.89311177, -13.88181122, -13.81430421, -13.76826298, -13.68349744, -13.54595455, -13.53020934, -13.36240251, -13.34180217, -13.28500124, -13.27779469, -13.01613106, -12.70392327, -12.52343128, -12.47551025, -12.43277216, -12.28521095, -12.2408071, -12.16968972, -12.01983197, -11.84581285, -11.63427392, -11.56882031, -11.49777655, -11.30711212, -11.15130249, -10.9658105, -10.77460961, -7.21798206, -6.89700076, -6.81696064, -6.60225325, -6.50354986, -3.82354371, -3.68063626, -3.55774034, -3.28983006, -1.31205472, 0.20080121, 0.25866646, 0.40040595, 0.40460935, 0.56618438, 0.6267813, 0.62961203, 0.77035985, 0.93157785, 0.99700043, 1.81631874, 1.90072884, 2.37507366, 2.65395782, 2.78758355, 2.99721765, 3.13632426, 3.42698795, 3.75626308, 3.81111088, 3.89875189, 4.20972209, 4.43866995, 4.48509467, 4.57418577, 4.71568253, 4.82647734, 5.08949496, 5.19892364, 5.39473868, 5.94638055, 6.12356472, 7.2062657, 8.94293475, 9.56987051, 9.85295672, 9.98066171, 10.74736978, 10.91315218, 11.1977851, 11.4527465, 14.9774993, 15.53424423, 15.85729189, 16.04378774, 16.31450348], "fractional occupation": [2.0, 2.0, 2.0, 2.0, 2.0, 2.0, 2.0, 2.0, 2.0, 2.0, 2.0, 2.0, 2.0, 2.0, 2.0, 2.0, 2.0, 2.0, 2.0, 2.0, 2.0, 2.0, 2.0, 2.0, 2.0, 2.0, 2.0, 2.0, 2.0, 2.0, 2.0, 2.0, 2.0, 2.0, 2.0, 2.0, 2.0, 2.0, 2.0, 2.0, 2.0, 2.0, 2.0, 2.0, 2.0, 2.0, 2.0, 2.0, 2.0, 2.0, 2.0, 2.0, 2.0, 2.0, 2.0, 2.0, 2.0, 2.0, 0.0, 0.0, 0.0, 0.0, 0.0, 0.0, 0.0, 0.0, 0.0, 0.0, 0.0, 0.0, 0.0, 0.0, 0.0, 0.0, 0.0, 0.0, 0.0, 0.0, 0.0, 0.0, 0.0, 0.0, 0.0, 0.0, 0.0, 0.0, 0.0, 0.0, 0.0, 0.0, 0.0, 0.0, 0.0, 0.0, 0.0, 0.0, 0.0, 0.0, 0.0, 0.0, 0.0, 0.0, 0.0, 0.0, 0.0, 0.0, 0.0, 0.0, 0.0, 0.0, 0.0, 0.0, 0.0, 0.0], "program call": "xtb /home/svss/Project-DBcg-Debug/aqme2_20220329/End-to-End-workflows-final/example-3/QDESCP/mol_695_rdkit_conf_11/mol_695_rdkit_conf_11.xyz --pop --wbo --acc 0.2 --gfn 2 --chrg 0 --uhf 0 --etemp 300 --input /home/svss/Project-DBcg-Debug/aqme2_20220329/End-to-End-workflows-final/example-3/QDESCP/mol_695_rdkit_conf_11/mol_695_rdkit_conf_11_xtb.inp", "method": "GFN2-xTB", "xtb version": "6.3.3 (7355c4f)", "Dipole module/D": 4.265, "Total charge": 0, "Transition dipole module/D": NaN, "HOMO": -10.7746, "LUMO": -7.218, "HOMO occupancy": 2.0, "LUMO occupancy": 0, "mulliken charges": [-0.02594, -0.02206, -0.0497, 0.11729, -0.1138, -0.05539, 0.0061, 0.21392, -0.01933, -0.03495, -0.0465, 0.11404, -0.10998, -0.04886, -0.01471, -0.56517, 0.55968, -0.51234, -0.42552, 0.2332, -0.10014, -0.10357, 0.05218, 0.03686, 0.04089, 0.04368, 0.04445, 0.04421, 0.04472, 0.04956, 0.35123, 0.04567, 0.03673, 0.04106, 0.04571, 0.03815, 0.03757, 0.05106], "cm5 charges": [-0.07685, -0.0772, -0.10168, 0.10995, -0.11588, -0.10352, 0.00116, 0.22892, -0.02544, -0.08676, -0.09847, 0.10666, -0.112, -0.10074, -0.06582, -0.76219, 0.61568, -0.56185, -0.50926, 0.18787, -0.24486, -0.24814, 0.11317, 0.09221, 0.09745, 0.10363, 0.10437, 0.10066, 0.10123, 0.10892, 0.53274, 0.11534, 0.08849, 0.09491, 0.09916, 0.09208, 0.08941, 0.10661], "FUKUI+": [-0.014, -0.019, -0.031, -0.018, -0.067, -0.008, -0.022, -0.002, -0.027, -0.018, -0.02, -0.031, -0.087, -0.024, -0.019, -0.018, -0.041, -0.088, -0.044, 0.007, 0.008, 0.008, -0.036, -0.045, -0.047, -0.023, -0.031, -0.047, -0.049, -0.039, -0.018, -0.013, -0.022, -0.011, -0.01, -0.009, -0.025, 0.003], "FUKUI-": [-0.029, -0.016, -0.022, -0.015, -0.177, -0.007, -0.015, -0.005, -0.021, -0.008, -0.016, -0.014, -0.167, -0.014, -0.01, -0.032, -0.004, -0.046, -0.023, 0.003, 0.006, 0.006, -0.039, -0.044, -0.042, -0.025, -0.028, -0.035, -0.036, -0.027, -0.023, -0.01, -0.02, -0.01, -0.009, -0.007, -0.02, -0.001], "FUKUIrad": [-0.022, -0.018, -0.027, -0.017, -0.122, -0.008, -0.018, -0.003, -0.024, -0.013, -0.018, -0.023, -0.127, -0.019, -0.014, -0.025, -0.023, -0.067, -0.033, 0.005, 0.007, 0.007, -0.037, -0.044, -0.045, -0.024, -0.03, -0.041, -0.043, -0.033, -0.02, -0.012, -0.021, -0.01, -0.01, -0.008, -0.022, 0.001], "s proportion": [1.063, 1.062, 1.062, 1.077, 1.944, 1.065, 1.09, 1.065, 1.097, 1.067, 1.062, 1.079, 1.943, 1.063, 1.065, 1.711, 1.01, 1.733, 1.704, 1.019, 1.016, 1.017, 0.948, 0.963, 0.959, 0.956, 0.956, 0.956, 0.955, 0.95, 0.649, 0.954, 0.963, 0.959, 0.954, 0.962, 0.962, 0.949], "p proportion": [2.963, 2.96, 2.988, 2.806, 5.181, 2.991, 2.903, 2.721, 2.922, 2.968, 2.984, 2.807, 5.177, 2.986, 2.949, 4.854, 2.43, 4.78, 4.722, 2.748, 3.085, 3.087, 0.0, 0.0, 0.0, 0.0, 0.0, 0.0, 0.0, 0.0, 0.0, 0.0, 0.0, 0.0, 0.0, 0.0, 0.0, 0.0], "d proportion": [0.0, 0.0, 0.0, 0.0, -0.011, 0.0, 0.0, 0.0, 0.0, 0.0, 0.0, 0.0, -0.011, 0.0, 0.0, 0.0, 0.0, 0.0, 0.0, 0.0, 0.0, 0.0, 0.0, 0.0, 0.0, 0.0, 0.0, 0.0, 0.0, 0.0, 0.0, 0.0, 0.0, 0.0, 0.0, 0.0, 0.0, 0.0], "Fermi-level/eV": -8.9963, "Coordination numbers": [2.913, 2.91, 2.949, 2.877, 0.966, 2.95, 2.956, 3.769, 2.955, 2.913, 2.946, 2.879, 0.966, 2.946, 2.915, 1.651, 2.7, 0.856, 1.701, 3.74, 3.751, 3.751, 0.925, 0.925, 0.925, 0.925, 0.925, 0.925, 0.925, 0.925, 0.804, 0.924, 0.924, 0.924, 0.924, 0.924, 0.924, 0.924], "Dispersion coefficient C6": [28.751, 28.708, 28.974, 25.746, 104.425, 29.032, 27.675, 18.705, 28.032, 28.861, 28.964, 25.762, 104.424, 28.959, 28.622, 21.633, 21.239, 21.454, 18.54, 18.642, 22.788, 22.724, 2.118, 2.293, 2.224, 2.195, 2.351, 2.193, 2.178, 2.135, 0.705, 2.269, 2.276, 2.269, 2.286, 2.326, 2.296, 2.294], "Total dispersion C6": 20609.480196, "Total dispersion C8": 544590.052744, "Polarizability alpha": [8.793, 8.786, 8.829, 8.318, 15.634, 8.837, 8.629, 6.163, 8.684, 8.809, 8.827, 8.321, 15.634, 8.826, 8.773, 6.279, 7.543, 6.21, 5.813, 6.161, 6.808, 6.798, 2.276, 2.368, 2.332, 2.317, 2.398, 2.316, 2.308, 2.285, 1.319, 2.356, 2.359, 2.356, 2.365, 2.385, 2.369, 2.369], "Total polarizability alpha": 223.951471, "Wiberg matrix": [[0.0, 1.4354757887805205, 0.0, 0.0, 0.0, 0.0, 1.4123979976932728, 0.0, 0.0, 0.0, 0.0, 0.0, 0.0, 0.0, 0.0, 0.0, 0.0, 0.0, 0.0, 0.0, 0.0, 0.0, 0.9650827716374135, 0.0, 0.0, 0.0, 0.0, 0.0, 0.0, 0.0, 0.0, 0.0, 0.0, 0.0, 0.0, 0.0, 0.0, 0.0], [1.4354757887805205, 0.0, 1.4411133032108283, 0.0, 0.0, 0.10936133535169627, 0.0, 0.0, 0.0, 0.0, 0.0, 0.0, 0.0, 0.0, 0.0, 0.0, 0.0, 0.0, 0.0, 0.0, 0.0, 0.0, 0.0, 0.9685514323144376, 0.0, 0.0, 0.0, 0.0, 0.0, 0.0, 0.0, 0.0, 0.0, 0.0, 0.0, 0.0, 0.0, 0.0], [0.0, 1.4411133032108283, 0.0, 1.3991003054660789, 0.0, 0.0, 0.1068598703033441, 0.0, 0.0, 0.0, 0.0, 0.0, 0.0, 0.0, 0.0, 0.0, 0.0, 0.0, 0.0, 0.0, 0.0, 0.0, 0.0, 0.0, 0.9672936052317008, 0.0, 0.0, 0.0, 0.0, 0.0, 0.0, 0.0, 0.0, 0.0, 0.0, 0.0, 0.0, 0.0], [0.0, 0.0, 1.3991003054660789, 0.0, 0.9805773510536627, 1.4088482146369952, 0.0, 0.0, 0.0, 0.0, 0.0, 0.0, 0.0, 0.0, 0.0, 0.0, 0.0, 0.0, 0.0, 0.0, 0.0, 0.0, 0.0, 0.0, 0.0, 0.0, 0.0, 0.0, 0.0, 0.0, 0.0, 0.0, 0.0, 0.0, 0.0, 0.0, 0.0, 0.0], [0.0, 0.0, 0.0, 0.9805773510536627, 0.0, 0.0, 0.0, 0.0, 0.0, 0.0, 0.0, 0.0, 0.0, 0.0, 0.0, 0.0, 0.0, 0.0, 0.0, 0.0, 0.0, 0.0, 0.0, 0.0, 0.0, 0.0, 0.0, 0.0, 0.0, 0.0, 0.0, 0.0, 0.0, 0.0, 0.0, 0.0, 0.0, 0.0], [0.0, 0.10936133535169627, 0.0, 1.4088482146369952, 0.0, 0.0, 1.4082063074731133, 0.0, 0.0, 0.0, 0.0, 0.0, 0.0, 0.0, 0.0, 0.0, 0.0, 0.0, 0.0, 0.0, 0.0, 0.0, 0.0, 0.0, 0.0, 0.965670573634941, 0.0, 0.0, 0.0, 0.0, 0.0, 0.0, 0.0, 0.0, 0.0, 0.0, 0.0, 0.0], [1.4123979976932728, 0.0, 0.1068598703033441, 0.0, 0.0, 1.4082063074731133, 0.0, 0.9637335689108047, 0.0, 0.0, 0.0, 0.0, 0.0, 0.0, 0.0, 0.0, 0.0, 0.0, 0.0, 0.0, 0.0, 0.0, 0.0, 0.0, 0.0, 0.0, 0.0, 0.0, 0.0, 0.0, 0.0, 0.0, 0.0, 0.0, 0.0, 0.0, 0.0, 0.0], [0.0, 0.0, 0.0, 0.0, 0.0, 0.0, 0.9637335689108047, 0.0, 0.9488055953153598, 0.0, 0.0, 0.0, 0.0, 0.0, 0.0, 0.9799901713214776, 0.9107258149461686, 0.0, 0.0, 0.0, 0.0, 0.0, 0.0, 0.0, 0.0, 0.0, 0.0, 0.0, 0.0, 0.0, 0.0, 0.0, 0.0, 0.0, 0.0, 0.0, 0.0, 0.0], [0.0, 0.0, 0.0, 0.0, 0.0, 0.0, 0.0, 0.9488055953153598, 0.0, 1.41249970799552, 0.0, 0.0, 0.0, 0.0, 1.4046256291042585, 0.0, 0.0, 0.0, 0.0, 0.0, 0.0, 0.0, 0.0, 0.0, 0.0, 0.0, 0.0, 0.0, 0.0, 0.0, 0.0, 0.0, 0.0, 0.0, 0.0, 0.0, 0.0, 0.0], [0.0, 0.0, 0.0, 0.0, 0.0, 0.0, 0.0, 0.0, 1.41249970799552, 0.0, 1.43986726746025, 0.0, 0.0, 0.10701981400903897, 0.0, 0.0, 0.0, 0.0, 0.0, 0.0, 0.0, 0.0, 0.0, 0.0, 0.0, 0.0, 0.9663858948778096, 0.0, 0.0, 0.0, 0.0, 0.0, 0.0, 0.0, 0.0, 0.0, 0.0, 0.0], [0.0, 0.0, 0.0, 0.0, 0.0, 0.0, 0.0, 0.0, 0.0, 1.43986726746025, 0.0, 1.4019970025905155, 0.0, 0.0, 0.10989259983758923, 0.0, 0.0, 0.0, 0.0, 0.0, 0.0, 0.0, 0.0, 0.0, 0.0, 0.0, 0.0, 0.9670376288952123, 0.0, 0.0, 0.0, 0.0, 0.0, 0.0, 0.0, 0.0, 0.0, 0.0], [0.0, 0.0, 0.0, 0.0, 0.0, 0.0, 0.0, 0.0, 0.0, 0.0, 1.4019970025905155, 0.0, 0.9822897364882357, 1.3990566940722133, 0.0, 0.0, 0.0, 0.0, 0.0, 0.0, 0.0, 0.0, 0.0, 0.0, 0.0, 0.0, 0.0, 0.0, 0.0, 0.0, 0.0, 0.0, 0.0, 0.0, 0.0, 0.0, 0.0, 0.0], [0.0, 0.0, 0.0, 0.0, 0.0, 0.0, 0.0, 0.0, 0.0, 0.0, 0.0, 0.9822897364882357, 0.0, 0.0, 0.0, 0.0, 0.0, 0.0, 0.0, 0.0, 0.0, 0.0, 0.0, 0.0, 0.0, 0.0, 0.0, 0.0, 0.0, 0.0, 0.0, 0.0, 0.0, 0.0, 0.0, 0.0, 0.0, 0.0], [0.0, 0.0, 0.0, 0.0, 0.0, 0.0, 0.0, 0.0, 0.0, 0.10701981400903897, 0.0, 1.3990566940722133, 0.0, 0.0, 1.4460559532481134, 0.0, 0.0, 0.0, 0.0, 0.0, 0.0, 0.0, 0.0, 0.0, 0.0, 0.0, 0.0, 0.0, 0.9664399931950084, 0.0, 0.0, 0.0, 0.0, 0.0, 0.0, 0.0, 0.0, 0.0], [0.0, 0.0, 0.0, 0.0, 0.0, 0.0, 0.0, 0.0, 1.4046256291042585, 0.0, 0.10989259983758923, 0.0, 0.0, 1.4460559532481134, 0.0, 0.0, 0.0, 0.0, 0.0, 0.0, 0.0, 0.0, 0.0, 0.0, 0.0, 0.0, 0.0, 0.0, 0.0, 0.9655871446528836, 0.0, 0.0, 0.0, 0.0, 0.0, 0.0, 0.0, 0.0], [0.0, 0.0, 0.0, 0.0, 0.0, 0.0, 0.0, 0.9799901713214776, 0.0, 0.0, 0.0, 0.0, 0.0, 0.0, 0.0, 0.0, 0.0, 0.0, 0.0, 0.0, 0.0, 0.0, 0.0, 0.0, 0.0, 0.0, 0.0, 0.0, 0.0, 0.0, 0.8810299327220797, 0.0, 0.0, 0.0, 0.0, 0.0, 0.0, 0.0], [0.0, 0.0, 0.0, 0.0, 0.0, 0.0, 0.0, 0.9107258149461686, 0.0, 0.0, 0.0, 0.0, 0.0, 0.0, 0.0, 0.0, 0.0, 1.7770667447714377, 1.127077537650534, 0.0, 0.0, 0.0, 0.0, 0.0, 0.0, 0.0, 0.0, 0.0, 0.0, 0.0, 0.0, 0.0, 0.0, 0.0, 0.0, 0.0, 0.0, 0.0], [0.0, 0.0, 0.0, 0.0, 0.0, 0.0, 0.0, 0.0, 0.0, 0.0, 0.0, 0.0, 0.0, 0.0, 0.0, 0.0, 1.7770667447714377, 0.0, 0.17620751528367354, 0.0, 0.0, 0.0, 0.0, 0.0, 0.0, 0.0, 0.0, 0.0, 0.0, 0.0, 0.0, 0.0, 0.0, 0.0, 0.0, 0.0, 0.0, 0.0], [0.0, 0.0, 0.0, 0.0, 0.0, 0.0, 0.0, 0.0, 0.0, 0.0, 0.0, 0.0, 0.0, 0.0, 0.0, 0.0, 1.127077537650534, 0.17620751528367354, 0.0, 0.9158734095843891, 0.0, 0.0, 0.0, 0.0, 0.0, 0.0, 0.0, 0.0, 0.0, 0.0, 0.0, 0.0, 0.0, 0.0, 0.0, 0.0, 0.0, 0.0], [0.0, 0.0, 0.0, 0.0, 0.0, 0.0, 0.0, 0.0, 0.0, 0.0, 0.0, 0.0, 0.0, 0.0, 0.0, 0.0, 0.0, 0.0, 0.9158734095843891, 0.0, 1.0059788763529485, 1.0027920873926999, 0.0, 0.0, 0.0, 0.0, 0.0, 0.0, 0.0, 0.0, 0.0, 0.9606405570008035, 0.0, 0.0, 0.0, 0.0, 0.0, 0.0], [0.0, 0.0, 0.0, 0.0, 0.0, 0.0, 0.0, 0.0, 0.0, 0.0, 0.0, 0.0, 0.0, 0.0, 0.0, 0.0, 0.0, 0.0, 0.0, 1.0059788763529485, 0.0, 0.0, 0.0, 0.0, 0.0, 0.0, 0.0, 0.0, 0.0, 0.0, 0.0, 0.0, 0.9830536932055697, 0.9847114434019218, 0.9847625194396524, 0.0, 0.0, 0.0], [0.0, 0.0, 0.0, 0.0, 0.0, 0.0, 0.0, 0.0, 0.0, 0.0, 0.0, 0.0, 0.0, 0.0, 0.0, 0.0, 0.0, 0.0, 0.0, 1.0027920873926999, 0.0, 0.0, 0.0, 0.0, 0.0, 0.0, 0.0, 0.0, 0.0, 0.0, 0.0, 0.0, 0.0, 0.0, 0.0, 0.9849486335729508, 0.9829882905007946, 0.9835487983425593], [0.9650827716374135, 0.0, 0.0, 0.0, 0.0, 0.0, 0.0, 0.0, 0.0, 0.0, 0.0, 0.0, 0.0, 0.0, 0.0, 0.0, 0.0, 0.0, 0.0, 0.0, 0.0, 0.0, 0.0, 0.0, 0.0, 0.0, 0.0, 0.0, 0.0, 0.0, 0.0, 0.0, 0.0, 0.0, 0.0, 0.0, 0.0, 0.0], [0.0, 0.9685514323144376, 0.0, 0.0, 0.0, 0.0, 0.0, 0.0, 0.0, 0.0, 0.0, 0.0, 0.0, 0.0, 0.0, 0.0, 0.0, 0.0, 0.0, 0.0, 0.0, 0.0, 0.0, 0.0, 0.0, 0.0, 0.0, 0.0, 0.0, 0.0, 0.0, 0.0, 0.0, 0.0, 0.0, 0.0, 0.0, 0.0], [0.0, 0.0, 0.9672936052317008, 0.0, 0.0, 0.0, 0.0, 0.0, 0.0, 0.0, 0.0, 0.0, 0.0, 0.0, 0.0, 0.0, 0.0, 0.0, 0.0, 0.0, 0.0, 0.0, 0.0, 0.0, 0.0, 0.0, 0.0, 0.0, 0.0, 0.0, 0.0, 0.0, 0.0, 0.0, 0.0, 0.0, 0.0, 0.0], [0.0, 0.0, 0.0, 0.0, 0.0, 0.965670573634941, 0.0, 0.0, 0.0, 0.0, 0.0, 0.0, 0.0, 0.0, 0.0, 0.0, 0.0, 0.0, 0.0, 0.0, 0.0, 0.0, 0.0, 0.0, 0.0, 0.0, 0.0, 0.0, 0.0, 0.0, 0.0, 0.0, 0.0, 0.0, 0.0, 0.0, 0.0, 0.0], [0.0, 0.0, 0.0, 0.0, 0.0, 0.0, 0.0, 0.0, 0.0, 0.9663858948778096, 0.0, 0.0, 0.0, 0.0, 0.0, 0.0, 0.0, 0.0, 0.0, 0.0, 0.0, 0.0, 0.0, 0.0, 0.0, 0.0, 0.0, 0.0, 0.0, 0.0, 0.0, 0.0, 0.0, 0.0, 0.0, 0.0, 0.0, 0.0], [0.0, 0.0, 0.0, 0.0, 0.0, 0.0, 0.0, 0.0, 0.0, 0.0, 0.9670376288952123, 0.0, 0.0, 0.0, 0.0, 0.0, 0.0, 0.0, 0.0, 0.0, 0.0, 0.0, 0.0, 0.0, 0.0, 0.0, 0.0, 0.0, 0.0, 0.0, 0.0, 0.0, 0.0, 0.0, 0.0, 0.0, 0.0, 0.0], [0.0, 0.0, 0.0, 0.0, 0.0, 0.0, 0.0, 0.0, 0.0, 0.0, 0.0, 0.0, 0.0, 0.9664399931950084, 0.0, 0.0, 0.0, 0.0, 0.0, 0.0, 0.0, 0.0, 0.0, 0.0, 0.0, 0.0, 0.0, 0.0, 0.0, 0.0, 0.0, 0.0, 0.0, 0.0, 0.0, 0.0, 0.0, 0.0], [0.0, 0.0, 0.0, 0.0, 0.0, 0.0, 0.0, 0.0, 0.0, 0.0, 0.0, 0.0, 0.0, 0.0, 0.9655871446528836, 0.0, 0.0, 0.0, 0.0, 0.0, 0.0, 0.0, 0.0, 0.0, 0.0, 0.0, 0.0, 0.0, 0.0, 0.0, 0.0, 0.0, 0.0, 0.0, 0.0, 0.0, 0.0, 0.0], [0.0, 0.0, 0.0, 0.0, 0.0, 0.0, 0.0, 0.0, 0.0, 0.0, 0.0, 0.0, 0.0, 0.0, 0.0, 0.8810299327220797, 0.0, 0.0, 0.0, 0.0, 0.0, 0.0, 0.0, 0.0, 0.0, 0.0, 0.0, 0.0, 0.0, 0.0, 0.0, 0.0, 0.0, 0.0, 0.0, 0.0, 0.0, 0.0], [0.0, 0.0, 0.0, 0.0, 0.0, 0.0, 0.0, 0.0, 0.0, 0.0, 0.0, 0.0, 0.0, 0.0, 0.0, 0.0, 0.0, 0.0, 0.0, 0.9606405570008035, 0.0, 0.0, 0.0, 0.0, 0.0, 0.0, 0.0, 0.0, 0.0, 0.0, 0.0, 0.0, 0.0, 0.0, 0.0, 0.0, 0.0, 0.0], [0.0, 0.0, 0.0, 0.0, 0.0, 0.0, 0.0, 0.0, 0.0, 0.0, 0.0, 0.0, 0.0, 0.0, 0.0, 0.0, 0.0, 0.0, 0.0, 0.0, 0.9830536932055697, 0.0, 0.0, 0.0, 0.0, 0.0, 0.0, 0.0, 0.0, 0.0, 0.0, 0.0, 0.0, 0.0, 0.0, 0.0, 0.0, 0.0], [0.0, 0.0, 0.0, 0.0, 0.0, 0.0, 0.0, 0.0, 0.0, 0.0, 0.0, 0.0, 0.0, 0.0, 0.0, 0.0, 0.0, 0.0, 0.0, 0.0, 0.9847114434019218, 0.0, 0.0, 0.0, 0.0, 0.0, 0.0, 0.0, 0.0, 0.0, 0.0, 0.0, 0.0, 0.0, 0.0, 0.0, 0.0, 0.0], [0.0, 0.0, 0.0, 0.0, 0.0, 0.0, 0.0, 0.0, 0.0, 0.0, 0.0, 0.0, 0.0, 0.0, 0.0, 0.0, 0.0, 0.0, 0.0, 0.0, 0.9847625194396524, 0.0, 0.0, 0.0, 0.0, 0.0, 0.0, 0.0, 0.0, 0.0, 0.0, 0.0, 0.0, 0.0, 0.0, 0.0, 0.0, 0.0], [0.0, 0.0, 0.0, 0.0, 0.0, 0.0, 0.0, 0.0, 0.0, 0.0, 0.0, 0.0, 0.0, 0.0, 0.0, 0.0, 0.0, 0.0, 0.0, 0.0, 0.0, 0.9849486335729508, 0.0, 0.0, 0.0, 0.0, 0.0, 0.0, 0.0, 0.0, 0.0, 0.0, 0.0, 0.0, 0.0, 0.0, 0.0, 0.0], [0.0, 0.0, 0.0, 0.0, 0.0, 0.0, 0.0, 0.0, 0.0, 0.0, 0.0, 0.0, 0.0, 0.0, 0.0, 0.0, 0.0, 0.0, 0.0, 0.0, 0.0, 0.9829882905007946, 0.0, 0.0, 0.0, 0.0, 0.0, 0.0, 0.0, 0.0, 0.0, 0.0, 0.0, 0.0, 0.0, 0.0, 0.0, 0.0], [0.0, 0.0, 0.0, 0.0, 0.0, 0.0, 0.0, 0.0, 0.0, 0.0, 0.0, 0.0, 0.0, 0.0, 0.0, 0.0, 0.0, 0.0, 0.0, 0.0, 0.0, 0.9835487983425593, 0.0, 0.0, 0.0, 0.0, 0.0, 0.0, 0.0, 0.0, 0.0, 0.0, 0.0, 0.0, 0.0, 0.0, 0.0, 0.0]], "Born radii": [], "Atomic SASAs": [], "Solvent H bonds": [], "Total SASA": NaN, "Total FOD": 0.0, "FOD": [0.0, 0.0, 0.0, 0.0, 0.0, 0.0, 0.0, 0.0, 0.0, 0.0, 0.0, 0.0, 0.0, 0.0, 0.0, 0.0, 0.0, 0.0, 0.0, 0.0, 0.0, 0.0, 0.0, 0.0, 0.0, 0.0, 0.0, 0.0, 0.0, 0.0, 0.0, 0.0, 0.0, 0.0, 0.0, 0.0, 0.0, 0.0], "FOD s proportion": [0.0, 0.0, 0.0, 0.0, 0.0, 0.0, 0.0, 0.0, 0.0, 0.0, 0.0, 0.0, 0.0, 0.0, 0.0, 0.0, 0.0, 0.0, 0.0, 0.0, 0.0, 0.0, 0.0, 0.0, 0.0, 0.0, 0.0, 0.0, 0.0, 0.0, 0.0, 0.0, 0.0, 0.0, 0.0, 0.0, 0.0, 0.0], "FOD p proportion": [0.0, 0.0, 0.0, 0.0, 0.0, 0.0, 0.0, 0.0, 0.0, 0.0, 0.0, 0.0, 0.0, 0.0, 0.0, 0.0, 0.0, 0.0, 0.0, 0.0, 0.0, 0.0, 0.0, 0.0, 0.0, 0.0, 0.0, 0.0, 0.0, 0.0, 0.0, 0.0, 0.0, 0.0, 0.0, 0.0, 0.0, 0.0], "FOD d proportion": [0.0, 0.0, 0.0, 0.0, 0.0, 0.0, 0.0, 0.0, 0.0, 0.0, 0.0, 0.0, 0.0, 0.0, 0.0, 0.0, 0.0, 0.0, 0.0, 0.0, 0.0, 0.0, 0.0, 0.0, 0.0, 0.0, 0.0, 0.0, 0.0, 0.0, 0.0, 0.0, 0.0, 0.0, 0.0, 0.0, 0.0, 0.0], "coordinates": [["-1.91470", "-2.51350", "0.35580"], ["-2.86380", "-3.29500", "-0.30980"], ["-3.34080", "-2.90240", "-1.55780"], ["-2.86430", "-1.73060", "-2.13700"], ["-3.44840", "-1.24350", "-3.68110"], ["-1.91630", "-0.94670", "-1.47690"], ["-1.42470", "-1.32110", "-0.21020"], ["-0.37840", "-0.45580", "0.51260"], ["-0.85560", "1.00070", "0.67550"], ["-0.37570", "2.04880", "-0.13220"], ["-0.84560", "3.35600", "0.03460"], ["-1.80670", "3.63300", "1.00270"], ["-2.38030", "5.24200", "1.20360"], ["-2.30870", "2.61320", "1.80390"], ["-1.84000", "1.30740", "1.63800"], ["-0.20770", "-0.96790", "1.85470"], ["1.01220", "-0.55360", "-0.20010"], ["1.20390", "-0.67710", "-1.40390"], ["2.01660", "-0.39850", "0.72650"], ["3.36240", "-0.42660", "0.21420"], ["4.26830", "-0.85830", "1.36070"], ["3.74570", "0.96250", "-0.28280"], ["-1.56260", "-2.84800", "1.33070"], ["-3.22940", "-4.21050", "0.14880"], ["-4.07820", "-3.51240", "-2.07200"], ["-1.55510", "-0.04210", "-1.96170"], ["0.36010", "1.87240", "-0.91490"], ["-0.46160", "4.15100", "-0.60000"], ["-3.06620", "2.82250", "2.55450"], ["-2.25250", "0.51780", "2.26620"], ["0.58090", "-0.51120", "2.20330"], ["3.45090", "-1.16230", "-0.59430"], ["5.31530", "-0.90260", "1.04610"], ["4.18440", "-0.17050", "2.20950"], ["3.97200", "-1.84710", "1.72760"], ["3.62050", "1.70970", "0.50870"], ["4.78360", "0.98700", "-0.62870"], ["3.10040", "1.27330", "-1.11080"]], "bond_dist": [[0.0, 1.3980545125280344, 2.418030061847867, 2.7800583465100153, 4.501299512363069, 2.4111520254849133, 1.407932441561029, 2.572728749790774, 3.6842234649923173, 4.839550215670874, 5.974711248252923, 6.181391903123438, 7.815582412718837, 5.341842612806933, 4.0309916571484, 2.7476225304797603, 3.566086991367429, 4.024248378268916, 4.479482467875056, 5.676529448527506, 6.479120314518013, 6.6731187701104195, 1.0891715521441054, 2.1566395364084374, 3.4018739394633655, 3.4070421732053746, 5.1015205909610915, 6.88771467904994, 5.884991923528868, 3.598960501311455, 3.694655721444151, 5.614097862524307, 7.439382561745296, 6.791529540537978, 6.081049341191042, 6.96399566987229, 7.621677203214525, 6.453061119344834], [1.3980545125280344, 0.0, 1.3925400389216822, 2.4054121164573856, 3.9894953440253564, 2.7882595915732096, 2.444833364464744, 3.861944013058708, 4.843213996923943, 5.8973198836420595, 6.958990127884936, 7.130028096718834, 8.68357765036969, 6.299419889164398, 5.101389716538033, 4.141898341340598, 4.7487560529048025, 4.959499824579088, 5.7690496704396645, 6.875162616258615, 7.719775097112609, 7.862094218463678, 2.1410676518970626, 1.0872523028257974, 2.1511343426201908, 3.875929270510493, 6.12059637453737, 7.829284570125165, 6.7578832854674245, 4.641864660887907, 5.0922659141093565, 6.671190720553565, 8.629004541660644, 8.110887496445748, 7.278432167026082, 8.231835204254274, 8.770401813486083, 7.555305919021413], [2.418030061847867, 1.3925400389216822, 0.0, 1.391272845275146, 2.6966516015236373, 2.4208485185983863, 2.826300525421881, 4.3644268214738124, 5.137902056287177, 5.944622343765834, 6.9231012819400535, 7.184780874877118, 8.653273459795432, 6.541261396703238, 5.494356588355, 5.020334860345473, 5.129212388856597, 5.062602432543958, 6.339501278491866, 7.362231990368139, 8.402046766711072, 8.171998486294525, 3.392401339759198, 2.153141688324296, 1.0863979013234513, 3.3960529722017, 6.075252773342028, 7.678386877463261, 7.05414037711187, 5.244534386387413, 5.936618695857096, 7.0769675108763925, 9.257837893374457, 8.84785069607303, 8.086071672326433, 8.602417471269339, 9.055193787545354, 7.689300158662036], [2.7800583465100153, 2.4054121164573856, 1.391272845275146, 0.0, 1.7212449070367644, 1.3960426999200275, 2.4398148802726816, 3.8503498555326114, 4.405114258450057, 4.949365349213978, 5.887656223829649, 6.30431905997785, 7.746677682723091, 5.89134811482058, 4.952702241201261, 4.855193481211639, 4.490452411505994, 4.2658585419584645, 5.813545172267951, 6.7823558097463446, 7.991795501637914, 7.374479320602912, 3.8688433594551226, 3.3923566528300055, 2.1569861960615326, 2.1437740039472444, 4.987172823353929, 6.536708257984289, 6.54076872164121, 4.981743875391428, 5.674023571505497, 6.525690708269892, 8.816096969180863, 8.426751803037751, 7.853897319165816, 7.803077829933519, 8.255343303582231, 6.756785311078043], [4.501299512363069, 3.9894953440253564, 2.6966516015236373, 1.7212449070367644, 0.0, 2.700725511783824, 4.018523392989022, 5.256661581269998, 5.544277143144993, 5.733708729086262, 6.460371086864902, 6.957974818867915, 8.189190555238044, 6.801343689301401, 6.114480041671573, 6.42052750870207, 5.700024155211975, 5.210599206425304, 7.071576044984597, 7.888452594774212, 9.225810813690035, 8.25650977713949, 5.590062712528367, 4.8496581333120785, 2.851974414331236, 2.825647396615508, 5.64494176232138, 6.893096669857459, 7.4539345449232375, 6.31686091266857, 7.169217889002955, 7.558787480145212, 9.963185752559268, 9.701037738304082, 9.202211952025447, 8.731847541614545, 9.05859260647039, 7.471780629140553], [2.4111520254849133, 2.7882595915732096, 2.4208485185983863, 1.3960426999200275, 2.700725511783824, 0.0, 1.4093880977218447, 2.562075227232799, 3.0903522469129627, 3.626939026231348, 4.684469877157926, 5.209038338311593, 6.760205909585891, 4.857006733575732, 3.8456976623234436, 3.7442385020188014, 3.2188286844751457, 3.132676363750331, 4.541277046162236, 5.567315053955542, 6.805076449239935, 6.093370450743989, 3.40920271324543, 3.8755028757569, 3.4074583064213715, 1.0880246504560454, 3.6667650279231148, 5.373234685922437, 5.637492759197124, 4.033433810043249, 4.468729140370895, 5.4435560032023185, 7.659210949569152, 7.170116588312912, 6.763994182433927, 6.454085726111794, 7.024763265762057, 5.498154972352089], [1.407932441561029, 2.444833364464744, 2.826300525421881, 2.4398148802726816, 4.018523392989022, 1.4093880977218447, 0.0, 1.5381572156317442, 2.5493321752961102, 3.5302565076775934, 4.719168174583313, 5.114700110465911, 6.7813187073017005, 4.507412927611581, 3.2399582682497625, 2.4227363145831617, 2.554924630982292, 2.9579035903828914, 3.6839032750602994, 4.888412014141198, 5.9238635745601025, 5.652710489667766, 2.1736634583117964, 3.425559144139829, 3.9126918074389656, 2.17269358401041, 3.725661737195152, 5.569863917547717, 5.244760175641971, 3.1936441583244677, 3.240887474134207, 4.8932837246577074, 6.868845022272668, 6.216174970188661, 5.758134743994795, 5.929300877000593, 6.6366751276524, 5.29325247177952], [2.572728749790774, 3.861944013058708, 4.3644268214738124, 3.8503498555326114, 5.256661581269998, 2.562075227232799, 1.5381572156317442, 0.0, 1.5413138875647618, 2.586270575558559, 3.8699585372455862, 4.358729670442983, 6.078651943482206, 3.8486718202517602, 2.5517981816750317, 1.4465881618484233, 1.5656546522142103, 2.4951190813265804, 2.4052154789124405, 3.7527962694502883, 4.740580212379071, 4.433106908252946, 2.791816270817261, 4.728458895877175, 5.450823860665468, 2.770907986563249, 2.8290729470976883, 4.7399796666230545, 4.7054091575547385, 2.745042937733397, 1.9446830435831954, 4.048198160910604, 5.736067658248113, 4.8764751142603, 4.726300969045454, 4.547593503161864, 5.480007438863565, 4.210375732639546], [3.6842234649923173, 4.843213996923943, 5.137902056287177, 4.405114258450057, 5.544277143144993, 3.0903522469129627, 2.5493321752961102, 1.5413138875647618, 0.0, 1.4075499671414866, 2.4409610607299737, 2.8179166666173785, 4.537865730715266, 2.4464141963289863, 1.4105015065571536, 2.384464931593669, 2.5828667580810283, 3.3734933600053223, 3.1952925499866205, 4.476774171208549, 5.493608217738138, 4.700187211165105, 3.9675720195101687, 5.750560387475294, 6.188859234140004, 2.920882731298879, 2.1833825913018545, 3.4214801387703537, 3.4258354601469114, 2.171370191837403, 2.585255635328932, 4.983663641338568, 6.468377080844931, 5.3968940549171425, 5.702859020701809, 4.534972375880585, 5.788065477342149, 4.349151003356862], [4.839550215670874, 5.8973198836420595, 5.944622343765834, 4.949365349213978, 5.733708729086262, 3.626939026231348, 3.5302565076775934, 2.586270575558559, 1.4075499671414866, 0.0, 1.3990711525866009, 2.417736265600531, 3.9999136290675077, 2.793478041796642, 2.414012528965001, 3.6161408296691104, 2.9501461963773927, 3.3974825768501007, 3.5284192310438396, 4.496775481386635, 5.678619270562168, 4.264817230550448, 5.246661630027231, 6.8848675499242535, 6.956886928073503, 3.018263974539006, 1.0886403859861162, 2.155333034591174, 3.880175103007595, 3.4086158187745363, 3.5948913488449135, 5.0167287329493915, 6.518177187680617, 5.585997081094834, 6.126939541075952, 4.0614475325922905, 5.290775744633295, 3.693552411974142], [5.974711248252923, 6.958990127884936, 6.9231012819400535, 5.887656223829649, 6.460371086864902, 4.684469877157926, 4.719168174583313, 3.8699585372455862, 2.4409610607299737, 1.3990711525866009, 0.0, 1.3919984985624085, 2.6979364503264343, 2.4130553122545697, 2.7850466567007452, 4.734531827963563, 4.334913735012497, 4.747170537277969, 4.771497113066296, 5.66105846286717, 6.758020339566905, 5.187448380466065, 6.378368146320812, 7.933943932874746, 7.877968321845423, 4.004458459017898, 2.134556558163779, 1.087289363509089, 3.4008208744360524, 3.8748916642920475, 4.6576171783434495, 6.266614903598274, 7.557479409168113, 6.51669335322754, 7.29025159853897, 4.783421757486997, 6.143290692291877, 4.606571007810474], [6.181391903123438, 7.130028096718834, 7.184780874877118, 6.30431905997785, 6.957974818867915, 5.209038338311593, 5.114700110465911, 4.358729670442983, 2.8179166666173785, 2.417736265600531, 1.3919984985624085, 0.0, 1.7199589442774499, 1.390653616110065, 2.411043413130506, 4.944793808643592, 5.188501191095556, 5.782075572837146, 5.56299394031667, 6.6197944998315466, 7.5634360372782945, 6.293903896628864, 6.4938840311480766, 8.01708879519243, 8.103717264317654, 4.728353828765356, 3.3870229346728666, 2.1555197285109684, 2.1566950966699023, 3.391112049166172, 4.931173061250234, 7.292987649105132, 8.443721627339452, 7.198351040342503, 7.996896254797858, 5.7790672889316665, 7.286620344851239, 5.840778779409471], [7.815582412718837, 8.68357765036969, 8.653273459795432, 7.746677682723091, 8.189190555238044, 6.760205909585891, 6.7813187073017005, 6.078651943482206, 4.537865730715266, 3.9999136290675077, 2.6979364503264343, 1.7199589442774499, 0.0, 2.6974202657353934, 3.995210208487158, 6.611125469993744, 6.860642047213949, 7.394679891651836, 7.167677048388829, 8.129608945699664, 9.024534473312183, 7.619145700798745, 8.132212964501115, 9.548996287568658, 9.500102058925473, 6.214643347771455, 4.832394703457076, 2.8503795624442723, 2.8547101201347926, 4.843915486463405, 6.547321266747187, 8.845925408910025, 9.849018975004565, 8.567512891732349, 9.533185726712766, 6.997830373765858, 8.531342889604192, 7.151580212792135], [5.341842612806933, 6.299419889164398, 6.541261396703238, 5.89134811482058, 6.801343689301401, 4.857006733575732, 4.507412927611581, 3.8486718202517602, 2.4464141963289863, 2.793478041796642, 2.4130553122545697, 1.390653616110065, 2.6974202657353934, 0.0, 1.3972530694187077, 4.152235403972179, 5.0072961815734445, 5.783979053385308, 5.379530438616367, 6.627888452591821, 7.450145467707325, 6.613235723910043, 5.532204704274779, 7.081661259196179, 7.461682546182195, 4.668862217928475, 3.881127609342419, 3.399314998643109, 1.0867442661454438, 2.146527635508101, 4.274480539200056, 7.292376543349911, 8.429738221320992, 7.076287491333291, 7.703719249167897, 6.135899928290877, 7.672208840353604, 6.288813155914238], [4.0309916571484, 5.101389716538033, 5.494356588355, 4.952702241201261, 6.114480041671573, 3.8456976623234436, 3.2399582682497625, 2.5517981816750317, 1.4105015065571536, 2.414012528965001, 2.7850466567007452, 2.411043413130506, 3.995210208487158, 1.3972530694187077, 0.0, 2.8086210620160204, 3.870010006447011, 4.738852505617789, 4.314428191545202, 5.665591601942378, 6.486792787657087, 5.916795850796274, 4.175970930214913, 5.881782842812202, 6.48105788278426, 3.8548875923948804, 3.417157213240269, 3.8722979637419432, 2.1538492751351006, 1.0900732314849308, 3.080199159145395, 6.251096239060794, 7.512174365654726, 6.229301407060023, 6.613489427677344, 5.590547739712093, 7.008042666108704, 5.653725887412654], [2.7476225304797603, 4.141898341340598, 5.020334860345473, 4.855193481211639, 6.42052750870207, 3.7442385020188014, 2.4227363145831617, 1.4465881618484233, 2.384464931593669, 3.6161408296691104, 4.734531827963563, 4.944793808643592, 6.611125469993744, 4.152235403972179, 2.8086210620160204, 0.0, 2.4252842183958565, 3.563096007687696, 2.5582341741912527, 3.9660887471159794, 4.504511534006768, 4.891290419715435, 2.375943185347663, 4.749233670814692, 6.0724149553534295, 4.1518069993678655, 4.007541027862348, 5.6827066183289805, 4.798736755647261, 2.560828729142189, 0.9756981141726164, 4.406897584469147, 5.582260030668582, 4.477976352103704, 4.273059693006874, 4.861725311039281, 5.907790218008761, 4.976011786561603], [3.566086991367429, 4.7487560529048025, 5.129212388856597, 4.490452411505994, 5.700024155211975, 3.2188286844751457, 2.554924630982292, 1.5656546522142103, 2.5828667580810283, 2.9501461963773927, 4.334913735012497, 5.188501191095556, 6.860642047213949, 5.0072961815734445, 3.870010006447011, 2.4252842183958565, 0.0, 1.2252083822762558, 1.3753046680644985, 2.389814538829321, 3.623689547960752, 3.126886750427652, 3.7732234283169612, 5.611222627912744, 6.178242404600195, 3.1552965153848853, 2.6118287558720232, 4.946237722754538, 5.96818388875544, 4.229515307928321, 2.442160725668972, 2.54424193425075, 4.49349363524641, 4.001973339491406, 3.7615934894669305, 3.525358594526236, 4.096413587517745, 2.9201913190748305], [4.024248378268916, 4.959499824579088, 5.062602432543958, 4.2658585419584645, 5.210599206425304, 3.132676363750331, 2.9579035903828914, 2.4951190813265804, 3.3734933600053223, 3.3974825768501007, 4.747170537277969, 5.782075572837146, 7.394679891651836, 5.783979053385308, 4.738852505617789, 3.563096007687696, 1.2252083822762558, 0.0, 2.2971076182887034, 2.7092656034431175, 4.131149229935902, 3.225817820336418, 4.454701585965102, 5.877919848041482, 6.032069637363282, 2.8855583237910825, 2.7296647578045183, 5.170173601534092, 6.793370645710419, 5.181131245201187, 3.664361288137402, 2.437186943999167, 4.791342213826935, 4.711335624852044, 4.340226936463115, 3.8980518929331867, 4.02298594827275, 2.7361798223070064], [4.479482467875056, 5.7690496704396645, 6.339501278491866, 5.813545172267951, 7.071576044984597, 4.541277046162236, 3.6839032750602994, 2.4052154789124405, 3.1952925499866205, 3.5284192310438396, 4.771497113066296, 5.56299394031667, 7.167677048388829, 5.379530438616367, 4.314428191545202, 2.5582341741912527, 1.3753046680644985, 2.2971076182887034, 0.0, 1.4402841872352832, 2.384067652144125, 2.4209077429757624, 4.3790159316905894, 6.510422205202978, 7.394224942480449, 4.484471104823846, 3.255022737247775, 5.347805880919763, 6.288980906315426, 4.6298484413639285, 2.0627345975670255, 2.094067709029486, 3.3522653027467855, 2.6364047185513835, 2.631393609857712, 2.6579012942545477, 3.3782341970325267, 2.7102045992876627], [5.676529448527506, 6.875162616258615, 7.362231990368139, 6.7823558097463446, 7.888452594774212, 5.567315053955542, 4.888412014141198, 3.7527962694502883, 4.476774171208549, 4.496775481386635, 5.66105846286717, 6.6197944998315466, 8.129608945699664, 6.627888452591821, 5.665591601942378, 3.9660887471159794, 2.389814538829321, 2.7092656034431175, 1.4402841872352832, 0.0, 1.5236410174315995, 1.5243118775368774, 5.600479908900665, 7.600921234297853, 8.37325506837096, 5.391121155195829, 3.9464000177376852, 6.019993305644118, 7.573674990386107, 6.0522472991443435, 3.4205874086185846, 1.0967036928906548, 2.1754199640529177, 2.1731298396552376, 2.1632873063927502, 2.171894000636311, 2.1745240421756664, 2.1711584488470668], [6.479120314518013, 7.719775097112609, 8.402046766711072, 7.991795501637914, 9.225810813690035, 6.805076449239935, 5.9238635745601025, 4.740580212379071, 5.493608217738138, 5.678619270562168, 6.758020339566905, 7.5634360372782945, 9.024534473312183, 7.450145467707325, 6.486792787657087, 4.504511534006768, 3.623689547960752, 4.131149229935902, 2.384067652144125, 1.5236410174315995, 0.0, 2.5078906774419014, 6.161103870249226, 8.301894466927413, 9.407004749121795, 6.753999686111926, 5.282906878793152, 7.163056958450071, 8.292667684768274, 6.725653432938691, 3.79833804841012, 2.1406970266714533, 1.094141055805877, 1.0957050196106612, 1.0955066133985683, 2.782116611502832, 2.761951943825236, 3.466413307728898], [6.6731187701104195, 7.862094218463678, 8.171998486294525, 7.374479320602912, 8.25650977713949, 6.093370450743989, 5.652710489667766, 4.433106908252946, 4.700187211165105, 4.264817230550448, 5.187448380466065, 6.293903896628864, 7.619145700798745, 6.613235723910043, 5.916795850796274, 4.891290419715435, 3.126886750427652, 3.225817820336418, 2.4209077429757624, 1.5243118775368774, 2.5078906774419014, 0.0, 6.730627117141463, 8.694724122707978, 9.189090154090339, 5.650345742518771, 3.56226834755609, 5.28852733565782, 7.609983764765861, 6.532500465365463, 4.28584226727956, 2.1676518009126835, 2.776367659370783, 2.772671271535809, 3.4621917927809838, 1.095652832789657, 1.094295878636121, 1.0948025986450707], [1.0891715521441054, 2.1410676518970626, 3.392401339759198, 3.8688433594551226, 5.590062712528367, 3.40920271324543, 2.1736634583117964, 2.791816270817261, 3.9675720195101687, 5.246661630027231, 6.378368146320812, 6.4938840311480766, 8.132212964501115, 5.532204704274779, 4.175970930214913, 2.375943185347663, 3.7732234283169612, 4.454701585965102, 4.3790159316905894, 5.600479908900665, 6.161103870249226, 6.730627117141463, 0.0, 2.455914513984556, 4.283460984997996, 4.32585584826864, 5.569710119027739, 7.343419128035659, 5.992751425680862, 3.560861117763511, 3.2888686884702465, 5.628711374728677, 7.153396866524322, 6.400726887627685, 5.638362136294546, 6.950743765957712, 7.669467243557404, 6.685028417291882], [2.1566395364084374, 1.0872523028257974, 2.153141688324296, 3.3923566528300055, 4.8496581333120785, 3.8755028757569, 3.425559144139829, 4.728458895877175, 5.750560387475294, 6.8848675499242535, 7.933943932874746, 8.01708879519243, 9.548996287568658, 7.081661259196179, 5.881782842812202, 4.749233670814692, 5.611222627912744, 5.877919848041482, 6.510422205202978, 7.600921234297853, 8.301894466927413, 8.694724122707978, 2.455914513984556, 0.0, 2.4778534440115703, 4.963169279804991, 7.142663393300849, 8.839462683330927, 7.4348581513032235, 5.272052471286681, 5.69422311031101, 7.380388129360135, 9.206478577067346, 8.69094442106265, 7.741991407900166, 9.060873360774886, 9.582623936062607, 8.469062677770191], [3.4018739394633655, 2.1511343426201908, 1.0863979013234513, 2.1569861960615326, 2.851974414331236, 3.4074583064213715, 3.9126918074389656, 5.450823860665468, 6.188859234140004, 6.956886928073503, 7.877968321845423, 8.103717264317654, 9.500102058925473, 7.461682546182195, 6.48105788278426, 6.0724149553534295, 6.178242404600195, 6.032069637363282, 7.394224942480449, 8.37325506837096, 9.407004749121795, 9.18909015409