{"total energy": -53.96476457, "HOMO-LUMO gap/eV": 3.94622702, "electronic energy": -54.18669381, "dipole": [0.35203189, 1.49188993, 0.96511131], "partial charges": [-0.31221766, 0.69249345, -0.36938218, -0.24617999, 0.05026149, 0.09735913, 0.05792808, -0.24534744, 0.68963986, -0.3195689, -0.3636212, -0.25218896, 0.69807956, -0.36200953, -0.31817712, 0.09062521, 0.1102732, 0.11483618, 0.09604582, 0.09115099], "atomic dipole moments": [[0.225125, 0.05062876, -0.02075541], [0.04408513, -0.02545219, 0.05670642], [-0.13040993, -0.11448132, 0.16559976], [0.09634355, 0.1359637, -0.18340789], [-0.18645323, -0.14740874, -0.10436783], [0.06152329, -0.1240907, 0.19115277], [0.03324909, -0.19887427, -0.16039071], [0.08849863, 0.20928188, 0.11222455], [-0.07438429, -0.02147605, 0.01562983], [-0.12220476, 0.13956119, 0.14642947], [-0.05010197, -0.20019815, -0.11851025], [-0.17872735, 0.02588359, -0.16828561], [0.04836597, 0.05947819, 0.01370511], [0.16401486, -0.06110799, 0.16210747], [-0.04650262, 0.19689304, -0.118381], [0.01363095, 0.13346295, -0.02561409], [0.03604269, -0.00097541, 0.12615561], [-0.04016505, -0.01648372, -0.13713771], [0.05909692, 0.0005223, 0.12034535], [-0.01260372, 0.12022071, -0.05342388]], "atomic quadrupole moments": [[0.03681088, -0.0049826, 0.07790965, -0.02873553, 0.12817293, -0.11472053], [-0.13251362, -0.08431997, 0.13166411, 0.04647258, 0.11559603, 0.00084952], [-0.10292392, 0.01276005, 0.08671756, -0.0983727, 0.02919803, 0.01620636], [0.065524, 0.01503985, -0.10281815, 0.07853516, -0.0880247, 0.03729416], [0.44452993, 0.08461638, -0.1910006, -0.05970172, 0.11294049, -0.25352933], [-0.015621, -0.01166678, 0.26876268, -0.09180632, -0.20328687, -0.25314168], [0.19720474, -0.07170632, -0.06138233, -0.31185515, 0.27746499, -0.13582241], [0.10610396, 0.04816725, -0.02608563, -0.07543811, 0.07982689, -0.08001833], [0.00474799, -0.01379399, -0.05793127, 0.06971771, -0.17535214, 0.05318328], [-0.07464644, -0.12385739, -0.02036791, -0.00135005, -0.05854729, 0.09501435], [-0.12001179, 0.00724476, 0.07124398, 0.09475858, -0.02567881, 0.0487678], [-0.0187313, 0.08921887, 0.09737702, 0.08322008, -0.02610658, -0.07864573], [0.02715424, 0.01261061, -0.06180854, -0.15362927, 0.11500542, 0.0346543], [0.05069076, -0.07464669, -0.12940857, -0.01652646, 0.02951078, 0.07871781], [-0.05645314, -0.08571236, 0.0173227, -0.1277277, -0.02060816, 0.03913044], [0.0061251, -0.00554429, 0.0193068, -0.00809186, -0.0381506, -0.0254319], [0.00128736, -0.0107152, -0.04321815, 0.02273748, -0.01418482, 0.04193079], [0.00122262, 0.00928738, 0.00974654, 0.01875935, 0.00251564, -0.01096916], [0.00176806, -0.01192875, -0.02855697, 0.0138733, 0.00599218, 0.02678891], [-0.01789259, -0.01345097, 0.02784072, -0.01570769, -0.02225648, -0.00994814]], "number of molecular orbitals": 65, "number of electrons": 86, "number of unpaired electrons": 0, "orbital energies/eV": [-22.79230632, -22.78188286, -22.77614354, -22.16649534, -22.15186295, -22.13926918, -21.99182926, -21.97344799, -21.96187053, -20.84449562, -20.46631288, -20.08061739, -19.43778044, -19.34615372, -19.29416877, -19.24916773, -18.75812399, -18.49216837, -18.32084847, -18.27532078, -18.16108348, -17.83707222, -17.47798421, -17.30436677, -16.92605151, -16.75073806, -16.7292128, -16.41572895, -15.91890292, -15.34819503, -15.17763328, -14.95645777, -14.36818781, -14.31303204, -14.22569275, -14.20159604, -14.18718992, -14.11770059, -14.02244922, -13.90855567, -13.78079831, -13.73071915, -13.68212763, -9.73590061, -9.69172149, -9.66147023, -5.07061746, -4.83211369, -4.73539019, -1.84862062, -1.45132776, -0.96504223, 0.66393918, 1.14113015, 1.65530175, 2.32540801, 2.48825059, 2.61539344, 3.05270133, 3.23061037, 3.82692982, 5.0916541, 9.39758363, 9.43262905, 9.51249721], "fractional occupation": [2.0, 2.0, 2.0, 2.0, 2.0, 2.0, 2.0, 2.0, 2.0, 2.0, 2.0, 2.0, 2.0, 2.0, 2.0, 2.0, 2.0, 2.0, 2.0, 2.0, 2.0, 2.0, 2.0, 2.0, 2.0, 2.0, 2.0, 2.0, 2.0, 2.0, 2.0, 2.0, 2.0, 2.0, 2.0, 2.0, 2.0, 2.0, 2.0, 2.0, 2.0, 2.0, 2.0, 0.0, 0.0, 0.0, 0.0, 0.0, 0.0, 0.0, 0.0, 0.0, 0.0, 0.0, 0.0, 0.0, 0.0, 0.0, 0.0, 0.0, 0.0, 0.0, 0.0, 0.0, 0.0], "program call": "xtb /home/svss/Project-DBcg-Debug/aqme2_20220329/End-to-End-workflows-final/example-3/QDESCP/mol_619_rdkit_conf_6/mol_619_rdkit_conf_6.xyz --pop --wbo --acc 0.2 --gfn 2 --chrg 0 --uhf 0 --etemp 300 --input /home/svss/Project-DBcg-Debug/aqme2_20220329/End-to-End-workflows-final/example-3/QDESCP/mol_619_rdkit_conf_6/mol_619_rdkit_conf_6_xtb.inp", "method": "GFN2-xTB", "xtb version": "6.3.3 (7355c4f)", "Dipole module/D": 4.604, "Total charge": 0, "Transition dipole module/D": NaN, "HOMO": -13.6821, "LUMO": -9.7359, "HOMO occupancy": 2.0, "LUMO occupancy": 0, "mulliken charges": [-0.41148, 0.93807, -0.46679, -0.3635, 0.17396, 0.19604, 0.18592, -0.36808, 0.93672, -0.41933, -0.45914, -0.379, 0.94385, -0.45163, -0.42073, 0.06295, 0.07896, 0.09272, 0.06917, 0.06135], "cm5 charges": [-0.36517, 0.80235, -0.43107, -0.38158, 0.10685, 0.16853, 0.11808, -0.38657, 0.80122, -0.37304, -0.42186, -0.39146, 0.80923, -0.41347, -0.37433, 0.13447, 0.14703, 0.17794, 0.14162, 0.13123], "FUKUI+": [-0.107, -0.077, -0.087, -0.034, 0.018, 0.006, 0.015, -0.034, -0.086, -0.109, -0.099, -0.032, -0.071, -0.07, -0.103, -0.028, -0.035, -0.011, -0.027, -0.027], "FUKUI-": [-0.122, -0.02, -0.071, -0.048, 0.008, -0.006, 0.009, -0.034, -0.026, -0.131, -0.084, -0.044, -0.02, -0.067, -0.115, -0.051, -0.046, -0.038, -0.046, -0.047], "FUKUIrad": [-0.115, -0.048, -0.079, -0.041, 0.013, 0.0, 0.012, -0.034, -0.056, -0.12, -0.092, -0.038, -0.046, -0.068, -0.109, -0.039, -0.041, -0.025, -0.037, -0.037], "s proportion": [1.736, 1.263, 1.743, 1.724, 1.008, 1.034, 1.008, 1.725, 1.262, 1.736, 1.742, 1.727, 1.26, 1.74, 1.736, 0.937, 0.921, 0.907, 0.931, 0.939], "p proportion": [4.675, 2.799, 4.724, 4.639, 2.818, 2.77, 2.806, 4.643, 2.801, 4.683, 4.717, 4.652, 2.796, 4.712, 4.684, 0.0, 0.0, 0.0, 0.0, 0.0], "d proportion": [0.0, 0.0, 0.0, 0.0, 0.0, 0.0, 0.0, 0.0, 0.0, 0.0, 0.0, 0.0, 0.0, 0.0, 0.0, 0.0, 0.0, 0.0, 0.0, 0.0], "Fermi-level/eV": -11.709, "Coordination numbers": [0.923, 2.764, 0.923, 1.759, 3.681, 3.726, 3.684, 1.759, 2.766, 0.923, 0.923, 1.759, 2.762, 0.923, 0.923, 0.924, 0.924, 0.924, 0.924, 0.924], "Dispersion coefficient C6": [19.975, 12.05, 21.048, 18.067, 19.934, 19.071, 19.801, 18.053, 12.077, 20.109, 20.937, 18.166, 11.998, 20.906, 20.084, 1.873, 1.694, 1.656, 1.822, 1.868], "Total dispersion C6": 4923.258434, "Total dispersion C8": 103931.316941, "Polarizability alpha": [5.994, 5.156, 6.153, 5.739, 6.394, 6.235, 6.371, 5.737, 5.161, 6.014, 6.136, 5.755, 5.144, 6.132, 6.01, 2.14, 2.036, 2.012, 2.111, 2.137], "Total polarizability alpha": 98.56865, "Wiberg matrix": [[0.0, 1.5151968995996692, 0.33826495884900043, 0.14396846634441934, 0.0, 0.0, 0.0, 0.0, 0.0, 0.0, 0.0, 0.0, 0.0, 0.0, 0.0, 0.0, 0.0, 0.0, 0.0, 0.0], [1.5151968995996692, 0.0, 1.467893562041474, 0.9266042019436838, 0.0, 0.0, 0.0, 0.0, 0.0, 0.0, 0.0, 0.0, 0.0, 0.0, 0.0, 0.0, 0.0, 0.0, 0.0, 0.0], [0.33826495884900043, 1.467893562041474, 0.0, 0.1487808286637593, 0.0, 0.0, 0.0, 0.0, 0.0, 0.0, 0.0, 0.0, 0.0, 0.0, 0.0, 0.0, 0.0, 0.0, 0.0, 0.0], [0.14396846634441934, 0.9266042019436838, 0.1487808286637593, 0.0, 0.9710377138277063, 0.0, 0.0, 0.0, 0.0, 0.0, 0.0, 0.0, 0.0, 0.0, 0.0, 0.0, 0.0, 0.0, 0.0, 0.0], [0.0, 0.0, 0.0, 0.9710377138277063, 0.0, 0.9751911446549377, 0.0, 0.0, 0.0, 0.0, 0.0, 0.0, 0.0, 0.0, 0.0, 0.9550675663326059, 0.951903996016585, 0.0, 0.0, 0.0], [0.0, 0.0, 0.0, 0.0, 0.9751911446549377, 0.0, 0.9769706396140977, 0.0, 0.0, 0.0, 0.0, 0.9517752583960758, 0.0, 0.0, 0.0, 0.0, 0.0, 0.9426582928993803, 0.0, 0.0], [0.0, 0.0, 0.0, 0.0, 0.0, 0.9769706396140977, 0.0, 0.9620478073808751, 0.0, 0.0, 0.0, 0.0, 0.0, 0.0, 0.0, 0.0, 0.0, 0.0, 0.9591169443504555, 0.9577279495785359], [0.0, 0.0, 0.0, 0.0, 0.0, 0.0, 0.9620478073808751, 0.0, 0.934103246994602, 0.1465410060756864, 0.15281048393536467, 0.0, 0.0, 0.0, 0.0, 0.0, 0.0, 0.0, 0.0, 0.0], [0.0, 0.0, 0.0, 0.0, 0.0, 0.0, 0.0, 0.934103246994602, 0.0, 1.5038800268033101, 1.4714978558444274, 0.0, 0.0, 0.0, 0.0, 0.0, 0.0, 0.0, 0.0, 0.0], [0.0, 0.0, 0.0, 0.0, 0.0, 0.0, 0.0, 0.1465410060756864, 1.5038800268033101, 0.0, 0.33710788644246376, 0.0, 0.0, 0.0, 0.0, 0.0, 0.0, 0.0, 0.0, 0.0], [0.0, 0.0, 0.0, 0.0, 0.0, 0.0, 0.0, 0.15281048393536467, 1.4714978558444274, 0.33710788644246376, 0.0, 0.0, 0.0, 0.0, 0.0, 0.0, 0.0, 0.0, 0.0, 0.0], [0.0, 0.0, 0.0, 0.0, 0.0, 0.9517752583960758, 0.0, 0.0, 0.0, 0.0, 0.0, 0.0, 0.9286990378173454, 0.1514147779920631, 0.1433458418578186, 0.0, 0.0, 0.0, 0.0, 0.0], [0.0, 0.0, 0.0, 0.0, 0.0, 0.0, 0.0, 0.0, 0.0, 0.0, 0.0, 0.9286990378173454, 0.0, 1.4767738156252317, 1.5088344282404125, 0.0, 0.0, 0.0, 0.0, 0.0], [0.0, 0.0, 0.0, 0.0, 0.0, 0.0, 0.0, 0.0, 0.0, 0.0, 0.0, 0.1514147779920631, 1.4767738156252317, 0.0, 0.33753606005493514, 0.0, 0.0, 0.0, 0.0, 0.0], [0.0, 0.0, 0.0, 0.0, 0.0, 0.0, 0.0, 0.0, 0.0, 0.0, 0.0, 0.1433458418578186, 1.5088344282404125, 0.33753606005493514, 0.0, 0.0, 0.0, 0.0, 0.0, 0.0], [0.0, 0.0, 0.0, 0.0, 0.9550675663326059, 0.0, 0.0, 0.0, 0.0, 0.0, 0.0, 0.0, 0.0, 0.0, 0.0, 0.0, 0.0, 0.0, 0.0, 0.0], [0.0, 0.0, 0.0, 0.0, 0.951903996016585, 0.0, 0.0, 0.0, 0.0, 0.0, 0.0, 0.0, 0.0, 0.0, 0.0, 0.0, 0.0, 0.0, 0.0, 0.0], [0.0, 0.0, 0.0, 0.0, 0.0, 0.9426582928993803, 0.0, 0.0, 0.0, 0.0, 0.0, 0.0, 0.0, 0.0, 0.0, 0.0, 0.0, 0.0, 0.0, 0.0], [0.0, 0.0, 0.0, 0.0, 0.0, 0.0, 0.9591169443504555, 0.0, 0.0, 0.0, 0.0, 0.0, 0.0, 0.0, 0.0, 0.0, 0.0, 0.0, 0.0, 0.0], [0.0, 0.0, 0.0, 0.0, 0.0, 0.0, 0.9577279495785359, 0.0, 0.0, 0.0, 0.0, 0.0, 0.0, 0.0, 0.0, 0.0, 0.0, 0.0, 0.0, 0.0]], "Born radii": [], "Atomic SASAs": [], "Solvent H bonds": [], "Total SASA": NaN, "Total FOD": 0.0, "FOD": [0.0, 0.0, 0.0, 0.0, 0.0, 0.0, 0.0, 0.0, 0.0, 0.0, 0.0, 0.0, 0.0, 0.0, 0.0, 0.0, 0.0, 0.0, 0.0, 0.0], "FOD s proportion": [0.0, 0.0, 0.0, 0.0, 0.0, 0.0, 0.0, 0.0, 0.0, 0.0, 0.0, 0.0, 0.0, 0.0, 0.0, 0.0, 0.0, 0.0, 0.0, 0.0], "FOD p proportion": [0.0, 0.0, 0.0, 0.0, 0.0, 0.0, 0.0, 0.0, 0.0, 0.0, 0.0, 0.0, 0.0, 0.0, 0.0, 0.0, 0.0, 0.0, 0.0, 0.0], "FOD d proportion": [0.0, 0.0, 0.0, 0.0, 0.0, 0.0, 0.0, 0.0, 0.0, 0.0, 0.0, 0.0, 0.0, 0.0, 0.0, 0.0, 0.0, 0.0, 0.0, 0.0], "coordinates": [["-4.23980", "0.57070", "-0.03640"], ["-3.04220", "0.83400", "-0.09940"], ["-2.40120", "1.42350", "-0.97160"], ["-2.31510", "0.38000", "1.03120"], ["-0.94990", "0.79840", "1.02880"], ["-0.05180", "-0.12760", "0.19080"], ["1.34240", "0.50170", "0.05240"], ["2.11410", "-0.31620", "-0.82920"], ["3.42900", "0.17750", "-1.01340"], ["4.09910", "-0.52220", "-1.76810"], ["3.72630", "1.21200", "-0.41460"], ["0.13270", "-1.36660", "0.89470"], ["-0.77830", "-2.38870", "0.53330"], ["-1.64130", "-2.10730", "-0.29640"], ["-0.57240", "-3.43750", "1.13760"], ["-0.85890", "1.85130", "0.73240"], ["-0.62780", "0.75520", "2.07660"], ["-0.44050", "-0.28910", "-0.82090"], ["1.82720", "0.54070", "1.03640"], ["1.24860", "1.51020", "-0.36880"]], "bond_dist": [[0.0, 1.2278198768549073, 2.232110400495459, 2.209209437785381, 3.465536082628487, 4.251892135273424, 5.583332632039757, 6.464299549061754, 7.7407770075102915, 8.58664477604611, 8.000815592175588, 4.872251507260272, 4.589617489508249, 3.7405195160565596, 5.558216080722303, 3.696143207452871, 4.188717375283273, 3.973584877663997, 6.161192160613075, 5.5781434698293655], [1.2278198768549073, 0.0, 1.2325275209909108, 1.418818793926835, 2.3773560713532165, 3.154581233698064, 4.399793596295171, 5.333197705879654, 6.568319243916209, 7.458016078019677, 6.786370700897498, 3.988842586515542, 3.9889030810487234, 3.263828350265988, 5.086825462899233, 2.548252228489166, 3.251232504758772, 2.92416804407681, 5.008704711799249, 4.352101496978213], [2.232110400495459, 1.2325275209909108, 0.0, 2.25998081850267, 2.549239466978338, 3.0457782798490105, 3.989089144153086, 4.84094700859243, 5.962004300568727, 6.831841686543973, 6.156398094665418, 4.205755926108884, 4.408105858529262, 3.6742198750210906, 5.605582492480152, 2.3378019869099265, 3.5893029532208613, 2.607691266235326, 4.7634825915500105, 3.7002600949122484], [2.209209437785381, 1.418818793926835, 2.25998081850267, 0.0, 1.427877921952714, 2.467074544881042, 3.7881613719586977, 4.8542347738855804, 6.100498358331063, 7.056345156665737, 6.267461655247682, 3.0101442905615006, 3.205519979660086, 2.8988255363163886, 4.197812585144792, 2.091536174681184, 2.020053833441079, 2.718840631592812, 4.1454192574455, 3.99215602525753], [3.465536082628487, 2.3773560713532165, 2.549239466978338, 1.427877921952714, 0.0, 1.5382794317028359, 2.509188542138673, 3.752678131681426, 4.871433347588777, 5.921067046571926, 4.911345534576038, 2.424300016499608, 3.229949414464567, 3.2676109759272136, 4.254079512656058, 1.09760301111103, 1.0970412435273342, 2.205342309030505, 2.7890413155778098, 2.700619789974146], [4.251892135273424, 3.154581233698064, 3.0457782798490105, 2.467074544881042, 1.5382794317028359, 0.0, 1.5358927989934716, 2.401477205804794, 3.695829039606675, 4.606839391600277, 4.054019848249389, 1.4368842890086873, 2.399516974309621, 2.5851665671673847, 3.4817944525775784, 2.2047190705393738, 2.160405860017973, 1.0957676897956063, 2.1661729501588742, 2.164851302052868], [5.583332632039757, 4.399793596295171, 3.989089144153086, 3.7881613719586977, 2.509188542138673, 1.5358927989934716, 0.0, 1.4288806318233866, 2.3653614607497095, 3.4586104652013065, 2.530927557240626, 2.3797874421889027, 3.6170492753071533, 3.9788199418923194, 4.5123624322520905, 2.6701201939238612, 2.8360775606460416, 2.1369955404726517, 1.0976374811384677, 1.0969412609615885], [6.464299549061754, 5.333197705879654, 4.84094700859243, 4.8542347738855804, 3.752678131681426, 2.401477205804794, 1.4288806318233866, 0.0, 1.4165561549052685, 2.205491829501982, 2.2597515881175965, 2.828624635754981, 3.8102021284965977, 4.194632786073174, 4.56378112753011, 3.9969212914442034, 4.136373678719078, 2.554757221342177, 2.0729333274372337, 2.0728712864044403], [7.7407770075102915, 6.568319243916209, 5.962004300568727, 6.100498358331063, 4.871433347588777, 3.695829039606675, 2.3653614607497095, 1.4165561549052685, 0.0, 1.2280823221592272, 1.2317219572614593, 4.109827746998651, 5.165175371659708, 5.607347156187139, 5.805706499643261, 4.922957494230475, 5.132198703284977, 3.9022816479593065, 2.626662810487863, 2.635477681559834], [8.58664477604611, 7.458016078019677, 6.831841686543973, 7.056345156665737, 5.921067046571926, 4.606839391600277, 3.4586104652013065, 2.205491829501982, 1.2280823221592272, 0.0, 2.2312309898349834, 4.8513754915487635, 5.706951460280698, 6.134381391794938, 6.226152811327393, 6.038854734136267, 6.22551624044143, 4.643219961406094, 3.762513291670875, 3.7701512569126456], [8.000815592175588, 6.786370700897498, 6.156398094665418, 6.267461655247682, 4.911345534576038, 4.054019848249389, 2.530927557240626, 2.2597515881175965, 1.2317219572614593, 2.2312309898349834, 0.0, 4.6127438049386615, 5.844225873458348, 6.312119571902928, 6.519662321010191, 4.769525398821146, 5.037154999600468, 4.447538998142681, 2.4824635948992286, 2.496000434695475], [4.872251507260272, 3.988842586515542, 4.205755926108884, 3.0101442905615006, 2.424300016499608, 1.4368842890086873, 2.3797874421889027, 2.828624635754981, 4.109827746998651, 4.8513754915487635, 4.6127438049386615, 0.0, 1.4160576859718677, 2.2615109329826377, 2.201089100877109, 3.3711262598722107, 2.5450507067640125, 2.105432936476486, 2.555230406440875, 3.334313017699448], [4.589617489508249, 3.9889030810487234, 4.408105858529262, 3.205519979660086, 3.229949414464567, 2.399516974309621, 3.6170492753071533, 3.8102021284965977, 5.165175371659708, 5.706951460280698, 5.844225873458348, 1.4160576859718677, 0.0, 1.2297792688120905, 1.227825207429787, 4.245437217766859, 3.5055002995292983, 2.5211677135803563, 3.9526097986014253, 4.485925682621146], [3.7405195160565596, 3.263828350265988, 3.6742198750210906, 2.8988255363163886, 3.2676109759272136, 2.5851665671673847, 3.9788199418923194, 4.194632786073174, 5.607347156187139, 6.134381391794938, 6.312119571902928, 2.2615109329826377, 1.2297792688120905, 0.0, 2.228976278474044, 4.164263819692503, 3.8538574830940493, 2.2411765057665582, 4.562757071113911, 4.630666260917536], [5.558216080722303, 5.086825462899233, 5.605582492480152, 4.197812585144792, 4.254079512656058, 3.4817944525775784, 4.5123624322520905, 4.56378112753011, 5.805706499643261, 6.226152811327393, 6.519662321010191, 2.201089100877109, 1.227825207429787, 2.228976278474044, 0.0, 5.31203113036812, 4.296920228489237, 3.7101943911337045, 4.646977172313202, 5.4831575985010685], [3.696143207452871, 2.548252228489166, 2.3378019869099265, 2.091536174681184, 1.09760301111103, 2.2047190705393738, 2.6701201939238612, 3.9969212914442034, 4.922957494230475, 6.038854734136267, 4.769525398821146, 3.3711262598722107, 4.245437217766859, 4.164263819692503, 5.31203113036812, 0.0, 1.7497760028072162, 2.6775196749977397, 3.0042006540842108, 2.4021962659200016], [4.188717375283273, 3.251232504758772, 3.5893029532208613, 2.020053833441079, 1.0970412435273342, 2.160405860017973, 2.8360775606460416, 4.136373678719078, 5.132198703284977, 6.22551624044143, 5.037154999600468, 2.5450507067640125, 3.5055002995292983, 3.8538574830940493, 4.296920228489237, 1.7497760028072162, 0.0, 3.0856360819124475, 2.6748927623364644, 3.173465474839769], [3.973584877663997, 2.92416804407681, 2.607691266235326, 2.718840631592812, 2.205342309030505, 1.0957676897956063, 2.1369955404726517, 2.554757221342177, 3.9022816479593065, 4.643219961406094, 4.447538998142681, 2.105432936476486, 2.5211677135803563, 2.2411765057665582, 3.7101943911337045, 2.6775196749977397, 3.0856360819124475, 0.0, 3.046406837571108, 2.5089706474966977], [6.161192160613075, 5.008704711799249, 4.7634825915500105, 4.1454192574455, 2.7890413155778098, 2.1661729501588742, 1.0976374811384677, 2.0729333274372337, 2.626662810487863, 3.762513291670875, 2.4824635948992286, 2.555230406440875, 3.9526097986014253, 4.562757071113911, 4.646977172313202, 3.0042006540842108, 2.6748927623364644, 3.046406837571108, 0.0, 1.802580164652879], [5.5781434698293655, 4.352101496978213, 3.7002600949122484, 3.99215602525753, 2.700619789974146, 2.164851302052868, 1.0969412609615885, 2.0728712864044403, 2.635477681559834, 3.7701512569126456, 2.496000434695475, 3.334313017699448, 4.485925682621146, 4.630666260917536, 5.4831575985010685, 2.4021962659200016, 3.173465474839769, 2.5089706474966977, 1.802580164652879, 0.0]]}