{"total energy": -38.20909624, "HOMO-LUMO gap/eV": 1.68231146, "electronic energy": -38.60581822, "dipole": [0.01120414, -0.08223053, -1.87918878], "partial charges": [-0.10853876, 0.00357498, -0.06462065, 0.00544933, -0.1039332, 0.15636224, -0.35536613, -0.15477595, -0.00797291, 0.09245276, -0.16825993, -0.10440024, 0.0537474, 0.04932042, 0.04378149, 0.0609178, 0.05449357, 0.06769005, 0.04915145, 0.0563519, 0.04763526, 0.04049515, 0.07920983, 0.07208434, 0.06647129, 0.06867848], "atomic dipole moments": [[0.05838202, 0.11115572, 0.0068239], [-0.07041355, -0.01378434, 0.15165311], [-0.03835395, 0.00350689, -0.04508033], [0.16824872, -0.01189508, -0.03286884], [-0.03186003, -0.12067692, 0.02752556], [0.04294736, -0.06389655, -0.06308309], [0.00425331, -0.09533162, -0.10570299], [0.02796362, 0.41406666, 0.10485653], [-0.10732749, -0.05805165, -0.08406755], [-0.18539831, 0.18975697, 0.09782739], [0.03499, 0.07272405, -0.00946977], [0.01712521, -0.01416629, -0.01990574], [0.03768706, -0.08784586, 0.08986299], [0.0216256, -0.05303644, -0.11476632], [-0.12571747, 0.00838512, 0.01297659], [0.12609106, -0.01524057, -0.0296905], [-0.03854682, 0.07516515, -0.09363227], [-0.06167749, -0.00232315, 0.11483452], [-0.08942525, -0.04297824, -0.07650712], [0.08716893, 0.05685291, 0.080096], [-0.10576758, 0.07270491, 0.00378388], [0.04837035, 0.01235597, -0.11598359], [-0.0040067, 0.08969217, 0.10358533], [0.10184879, -0.06619169, 0.03585192], [0.07779258, -0.13255749, 0.02042825], [0.01922837, 0.07986508, -0.13336066]], "atomic quadrupole moments": [[-0.04657747, 0.15853647, 0.16701592, 0.0076003, 0.03977113, -0.12043846], [-0.15207641, 0.06823875, 0.03756813, -0.03309602, 0.1722559, 0.11450828], [-0.00637122, 0.00419888, 0.05356739, -0.0792049, 0.03098441, -0.04719617], [0.07157972, -0.15495571, 0.13382311, -0.00964397, -0.04911355, -0.20540283], [-0.10599864, 0.06316788, 0.21717827, -0.02964947, -0.09325608, -0.11117963], [0.07451841, 0.15599198, 0.23609951, -0.14401141, -0.11126852, -0.31061792], [-0.22929254, 0.2423525, 0.00983162, -0.2443778, 0.17746871, 0.21946092], [0.4073495, 0.04202488, 0.11777943, -0.05418299, 0.06189634, -0.52512893], [0.09109985, 0.25804544, 0.00348455, -0.02345634, -0.07669972, -0.0945844], [0.06587085, 0.12262468, 0.21080557, 0.34182501, -0.05190366, -0.27667642], [-0.06033344, -0.27404651, 0.27839695, 0.04611639, -0.06629055, -0.21806352], [0.22163576, 0.3558404, -0.04973597, 0.30765005, 0.17893584, -0.17189979], [-0.01528982, -0.01724204, -0.00286826, 0.0396426, -0.04891175, 0.01815808], [-0.03868166, -0.00026846, -0.02370053, -0.02988589, 0.0399834, 0.0623822], [0.07435574, -0.02362567, -0.02369799, -0.01577041, 0.00015554, -0.05065775], [0.04435519, -0.01264778, -0.0197512, 0.01800989, 0.01194078, -0.02460399], [-0.0143106, -0.02985539, 0.01206282, 0.02495749, -0.01672819, 0.00224778], [-0.03208247, -0.0099102, -0.01238941, -0.0105832, -0.00415119, 0.04447188], [-0.00955969, 0.00352226, -0.00452781, 0.03361105, 0.0278377, 0.01408749], [0.00580096, 0.02718431, -0.02679719, 0.05550255, 0.01385859, 0.02099624], [0.05593811, -0.0500711, -0.00567159, -0.00942722, -0.00165123, -0.05026652], [-0.0326009, 0.00486047, -0.03166818, -0.0448285, 0.00870968, 0.06426908], [-0.02465267, -0.00688475, 0.03085469, -0.02710632, 0.02956938, -0.00620202], [0.04802646, -0.03401735, -0.00588708, -0.00588002, -0.02457245, -0.04213937], [-0.0212102, -0.043205, 0.02162561, -0.01827036, -0.01769153, -0.00041542], [-0.02621372, -0.02552449, 0.00171181, -0.02437222, -0.02635175, 0.0245019]], "number of molecular orbitals": 77, "number of electrons": 70, "number of unpaired electrons": 0, "orbital energies/eV": [-29.04512361, -19.7860369, -18.76319144, -18.21531894, -17.93161204, -17.6229997, -17.31065918, -16.98779207, -16.48936204, -16.38999448, -15.63960233, -15.39918249, -15.17764025, -14.851521, -14.6054498, -14.44359312, -14.23038163, -14.10613502, -13.82472881, -13.78984389, -13.41530772, -13.24109816, -13.0617345, -13.01801316, -12.90433869, -12.76373698, -12.45727099, -12.4178828, -12.33518974, -12.12281593, -11.72381391, -11.20406687, -10.4465483, -10.17003447, -9.47174002, -7.78942856, -6.72379663, -5.56301664, -4.50342449, -4.0716275, -3.34257864, -1.73972729, -0.61426383, -0.26558996, 0.12813005, 0.22945256, 0.23743069, 0.24111166, 0.49579882, 0.5416375, 0.64763334, 0.81395421, 1.96922261, 2.2009089, 2.51476804, 2.64747415, 2.9066558, 3.07822057, 3.13369231, 3.60476307, 4.07297057, 4.38648697, 4.52036322, 4.60335903, 4.82409161, 4.95079847, 5.38405566, 5.618334, 6.15363875, 6.22866227, 6.95845335, 7.17298839, 9.07784122, 9.73325144, 12.08902898, 14.57646736, 15.41212696], "fractional occupation": [2.0, 2.0, 2.0, 2.0, 2.0, 2.0, 2.0, 2.0, 2.0, 2.0, 2.0, 2.0, 2.0, 2.0, 2.0, 2.0, 2.0, 2.0, 2.0, 2.0, 2.0, 2.0, 2.0, 2.0, 2.0, 2.0, 2.0, 2.0, 2.0, 2.0, 2.0, 2.0, 2.0, 2.0, 2.0, 0.0, 0.0, 0.0, 0.0, 0.0, 0.0, 0.0, 0.0, 0.0, 0.0, 0.0, 0.0, 0.0, 0.0, 0.0, 0.0, 0.0, 0.0, 0.0, 0.0, 0.0, 0.0, 0.0, 0.0, 0.0, 0.0, 0.0, 0.0, 0.0, 0.0, 0.0, 0.0, 0.0, 0.0, 0.0, 0.0, 0.0, 0.0, 0.0, 0.0, 0.0, 0.0], "program call": "xtb /home/svss/Project-DBcg-Debug/aqme2_20220329/End-to-End-workflows-final/example-3/QDESCP/mol_1088_rdkit_conf_4/mol_1088_rdkit_conf_4.xyz --pop --wbo --acc 0.2 --gfn 2 --chrg 0 --uhf 0 --etemp 300 --input /home/svss/Project-DBcg-Debug/aqme2_20220329/End-to-End-workflows-final/example-3/QDESCP/mol_1088_rdkit_conf_4/mol_1088_rdkit_conf_4_xtb.inp", "method": "GFN2-xTB", "xtb version": "6.3.3 (7355c4f)", "Dipole module/D": 4.781, "Total charge": 0, "Transition dipole module/D": NaN, "HOMO": -9.4717, "LUMO": -7.7894, "HOMO occupancy": 2.0, "LUMO occupancy": 0, "mulliken charges": [-0.09385, 0.09341, -0.25956, 0.09589, -0.09249, 0.24854, -0.26794, -0.12061, 0.00985, 0.11053, -0.12158, -0.11931, 0.03986, 0.03447, 0.03383, 0.02772, 0.03081, 0.036, 0.0265, 0.04276, 0.03407, 0.03126, 0.04579, 0.04518, 0.04424, 0.04464], "cm5 charges": [-0.2385, 0.04116, -0.50743, 0.04367, -0.23716, 0.336, -0.28347, -0.15477, -0.07396, 0.09664, -0.12431, -0.21711, 0.09392, 0.08567, 0.08725, 0.09498, 0.09585, 0.10167, 0.09143, 0.09686, 0.08526, 0.08489, 0.10381, 0.10214, 0.09744, 0.09807], "FUKUI+": [0.013, 0.021, -0.07, 0.022, 0.013, -0.005, -0.266, -0.199, 0.025, -0.021, -0.067, -0.034, -0.007, -0.031, -0.022, -0.014, -0.037, -0.02, -0.04, -0.003, -0.034, -0.017, -0.04, -0.054, -0.054, -0.058], "FUKUI-": [0.013, 0.02, -0.055, 0.02, 0.014, 0.059, -0.389, -0.274, 0.043, 0.002, -0.07, -0.016, -0.007, -0.031, -0.023, -0.013, -0.038, -0.013, -0.04, -0.002, -0.033, -0.02, -0.034, -0.043, -0.034, -0.039], "FUKUIrad": [0.013, 0.02, -0.062, 0.021, 0.013, 0.027, -0.327, -0.236, 0.034, -0.01, -0.068, -0.025, -0.007, -0.031, -0.022, -0.014, -0.037, -0.016, -0.04, -0.003, -0.033, -0.018, -0.037, -0.048, -0.044, -0.048], "s proportion": [1.012, 1.008, 1.459, 1.007, 1.011, 1.091, 1.935, 1.924, 1.042, 1.097, 1.946, 1.048, 0.96, 0.966, 0.966, 0.972, 0.969, 0.964, 0.973, 0.957, 0.966, 0.969, 0.954, 0.955, 0.956, 0.955], "p proportion": [3.082, 2.899, 3.8, 2.897, 3.081, 2.66, 4.336, 4.186, 2.949, 2.793, 5.186, 3.072, 0.0, 0.0, 0.0, 0.0, 0.0, 0.0, 0.0, 0.0, 0.0, 0.0, 0.0, 0.0, 0.0, 0.0], "d proportion": [0.0, 0.0, 0.0, 0.0, 0.0, 0.0, -0.003, 0.01, 0.0, 0.0, -0.01, 0.0, 0.0, 0.0, 0.0, 0.0, 0.0, 0.0, 0.0, 0.0, 0.0, 0.0, 0.0, 0.0, 0.0, 0.0], "Fermi-level/eV": -8.6306, "Coordination numbers": [3.749, 3.738, 2.772, 3.738, 3.749, 2.862, 1.159, 2.176, 3.819, 2.886, 0.968, 2.889, 0.924, 0.924, 0.924, 0.924, 0.924, 0.924, 0.924, 0.924, 0.924, 0.924, 0.924, 0.924, 0.925, 0.925], "Dispersion coefficient C6": [22.641, 20.6, 22.49, 20.567, 22.551, 24.613, 154.714, 147.584, 20.705, 25.944, 104.432, 30.633, 2.274, 2.329, 2.399, 2.188, 2.265, 2.111, 2.331, 2.242, 2.35, 2.442, 1.987, 2.063, 2.125, 2.1], "Total dispersion C6": 9793.951167, "Total dispersion C8": 291721.153411, "Polarizability alpha": [6.786, 6.477, 7.043, 6.471, 6.773, 8.132, 21.031, 20.447, 6.476, 8.351, 15.634, 9.074, 2.358, 2.386, 2.422, 2.313, 2.353, 2.272, 2.387, 2.342, 2.397, 2.444, 2.205, 2.246, 2.279, 2.266], "Total polarizability alpha": 155.367717, "Wiberg matrix": [[0.0, 1.0087093494658872, 0.0, 0.0, 0.0, 0.0, 0.0, 0.0, 0.0, 0.0, 0.0, 0.0, 0.9844583876700425, 0.9823517913239173, 0.9850150575019997, 0.0, 0.0, 0.0, 0.0, 0.0, 0.0, 0.0, 0.0, 0.0, 0.0, 0.0], [1.0087093494658872, 0.0, 0.980065650149455, 0.0, 0.0, 0.0, 0.0, 0.0, 0.0, 0.0, 0.0, 0.0, 0.0, 0.0, 0.0, 0.9660640147663138, 0.9674169518957983, 0.0, 0.0, 0.0, 0.0, 0.0, 0.0, 0.0, 0.0, 0.0], [0.0, 0.980065650149455, 0.0, 0.9784895776919836, 0.0, 1.2925818180192503, 0.21173005058122715, 0.0, 0.0, 0.0, 0.0, 0.0, 0.0, 0.0, 0.0, 0.0, 0.0, 0.0, 0.0, 0.0, 0.0, 0.0, 0.0, 0.0, 0.0, 0.0], [0.0, 0.0, 0.9784895776919836, 0.0, 1.008652526820347, 0.0, 0.0, 0.0, 0.0, 0.0, 0.0, 0.0, 0.0, 0.0, 0.0, 0.0, 0.0, 0.9670704348349144, 0.9685018096931188, 0.0, 0.0, 0.0, 0.0, 0.0, 0.0, 0.0], [0.0, 0.0, 0.0, 1.008652526820347, 0.0, 0.0, 0.0, 0.0, 0.0, 0.0, 0.0, 0.0, 0.0, 0.0, 0.0, 0.0, 0.0, 0.0, 0.0, 0.9850153028612607, 0.9823707847788572, 0.9853085061885423, 0.0, 0.0, 0.0, 0.0], [0.0, 0.0, 1.2925818180192503, 0.0, 0.0, 0.0, 1.5575358469652278, 1.019748705884185, 0.0, 0.0, 0.0, 0.0, 0.0, 0.0, 0.0, 0.0, 0.0, 0.0, 0.0, 0.0, 0.0, 0.0, 0.0, 0.0, 0.0, 0.0], [0.0, 0.0, 0.21173005058122715, 0.0, 0.0, 1.5575358469652278, 0.0, 0.0, 0.0, 0.0, 0.0, 0.0, 0.0, 0.0, 0.0, 0.0, 0.0, 0.0, 0.0, 0.0, 0.0, 0.0, 0.0, 0.0, 0.0, 0.0], [0.0, 0.0, 0.0, 0.0, 0.0, 1.019748705884185, 0.0, 0.0, 0.952167344606272, 0.0, 0.0, 0.0, 0.0, 0.0, 0.0, 0.0, 0.0, 0.0, 0.0, 0.0, 0.0, 0.0, 0.0, 0.0, 0.0, 0.0], [0.0, 0.0, 0.0, 0.0, 0.0, 0.0, 0.0, 0.952167344606272, 0.0, 1.0255521604268374, 0.0, 0.0, 0.0, 0.0, 0.0, 0.0, 0.0, 0.0, 0.0, 0.0, 0.0, 0.0, 0.9616067180054261, 0.9596575701891662, 0.0, 0.0], [0.0, 0.0, 0.0, 0.0, 0.0, 0.0, 0.0, 0.0, 1.0255521604268374, 0.0, 0.9772678608879176, 1.8849196755339865, 0.0, 0.0, 0.0, 0.0, 0.0, 0.0, 0.0, 0.0, 0.0, 0.0, 0.0, 0.0, 0.0, 0.0], [0.0, 0.0, 0.0, 0.0, 0.0, 0.0, 0.0, 0.0, 0.0, 0.9772678608879176, 0.0, 0.0, 0.0, 0.0, 0.0, 0.0, 0.0, 0.0, 0.0, 0.0, 0.0, 0.0, 0.0, 0.0, 0.0, 0.0], [0.0, 0.0, 0.0, 0.0, 0.0, 0.0, 0.0, 0.0, 0.0, 1.8849196755339865, 0.0, 0.0, 0.0, 0.0, 0.0, 0.0, 0.0, 0.0, 0.0, 0.0, 0.0, 0.0, 0.0, 0.0, 0.9677723912114494, 0.9724214342748473], [0.9844583876700425, 0.0, 0.0, 0.0, 0.0, 0.0, 0.0, 0.0, 0.0, 0.0, 0.0, 0.0, 0.0, 0.0, 0.0, 0.0, 0.0, 0.0, 0.0, 0.0, 0.0, 0.0, 0.0, 0.0, 0.0, 0.0], [0.9823517913239173, 0.0, 0.0, 0.0, 0.0, 0.0, 0.0, 0.0, 0.0, 0.0, 0.0, 0.0, 0.0, 0.0, 0.0, 0.0, 0.0, 0.0, 0.0, 0.0, 0.0, 0.0, 0.0, 0.0, 0.0, 0.0], [0.9850150575019997, 0.0, 0.0, 0.0, 0.0, 0.0, 0.0, 0.0, 0.0, 0.0, 0.0, 0.0, 0.0, 0.0, 0.0, 0.0, 0.0, 0.0, 0.0, 0.0, 0.0, 0.0, 0.0, 0.0, 0.0, 0.0], [0.0, 0.9660640147663138, 0.0, 0.0, 0.0, 0.0, 0.0, 0.0, 0.0, 0.0, 0.0, 0.0, 0.0, 0.0, 0.0, 0.0, 0.0, 0.0, 0.0, 0.0, 0.0, 0.0, 0.0, 0.0, 0.0, 0.0], [0.0, 0.9674169518957983, 0.0, 0.0, 0.0, 0.0, 0.0, 0.0, 0.0, 0.0, 0.0, 0.0, 0.0, 0.0, 0.0, 0.0, 0.0, 0.0, 0.0, 0.0, 0.0, 0.0, 0.0, 0.0, 0.0, 0.0], [0.0, 0.0, 0.0, 0.9670704348349144, 0.0, 0.0, 0.0, 0.0, 0.0, 0.0, 0.0, 0.0, 0.0, 0.0, 0.0, 0.0, 0.0, 0.0, 0.0, 0.0, 0.0, 0.0, 0.0, 0.0, 0.0, 0.0], [0.0, 0.0, 0.0, 0.9685018096931188, 0.0, 0.0, 0.0, 0.0, 0.0, 0.0, 0.0, 0.0, 0.0, 0.0, 0.0, 0.0, 0.0, 0.0, 0.0, 0.0, 0.0, 0.0, 0.0, 0.0, 0.0, 0.0], [0.0, 0.0, 0.0, 0.0, 0.9850153028612607, 0.0, 0.0, 0.0, 0.0, 0.0, 0.0, 0.0, 0.0, 0.0, 0.0, 0.0, 0.0, 0.0, 0.0, 0.0, 0.0, 0.0, 0.0, 0.0, 0.0, 0.0], [0.0, 0.0, 0.0, 0.0, 0.9823707847788572, 0.0, 0.0, 0.0, 0.0, 0.0, 0.0, 0.0, 0.0, 0.0, 0.0, 0.0, 0.0, 0.0, 0.0, 0.0, 0.0, 0.0, 0.0, 0.0, 0.0, 0.0], [0.0, 0.0, 0.0, 0.0, 0.9853085061885423, 0.0, 0.0, 0.0, 0.0, 0.0, 0.0, 0.0, 0.0, 0.0, 0.0, 0.0, 0.0, 0.0, 0.0, 0.0, 0.0, 0.0, 0.0, 0.0, 0.0, 0.0], [0.0, 0.0, 0.0, 0.0, 0.0, 0.0, 0.0, 0.0, 0.9616067180054261, 0.0, 0.0, 0.0, 0.0, 0.0, 0.0, 0.0, 0.0, 0.0, 0.0, 0.0, 0.0, 0.0, 0.0, 0.0, 0.0, 0.0], [0.0, 0.0, 0.0, 0.0, 0.0, 0.0, 0.0, 0.0, 0.9596575701891662, 0.0, 0.0, 0.0, 0.0, 0.0, 0.0, 0.0, 0.0, 0.0, 0.0, 0.0, 0.0, 0.0, 0.0, 0.0, 0.0, 0.0], [0.0, 0.0, 0.0, 0.0, 0.0, 0.0, 0.0, 0.0, 0.0, 0.0, 0.0, 0.9677723912114494, 0.0, 0.0, 0.0, 0.0, 0.0, 0.0, 0.0, 0.0, 0.0, 0.0, 0.0, 0.0, 0.0, 0.0], [0.0, 0.0, 0.0, 0.0, 0.0, 0.0, 0.0, 0.0, 0.0, 0.0, 0.0, 0.9724214342748473, 0.0, 0.0, 0.0, 0.0, 0.0, 0.0, 0.0, 0.0, 0.0, 0.0, 0.0, 0.0, 0.0, 0.0]], "Born radii": [], "Atomic SASAs": [], "Solvent H bonds": [], "Total SASA": NaN, "Total FOD": 0.0, "FOD": [0.0, 0.0, 0.0, 0.0, 0.0, 0.0, 0.0, 0.0, 0.0, 0.0, 0.0, 0.0, 0.0, 0.0, 0.0, 0.0, 0.0, 0.0, 0.0, 0.0, 0.0, 0.0, 0.0, 0.0, 0.0, 0.0], "FOD s proportion": [0.0, 0.0, 0.0, 0.0, 0.0, 0.0, 0.0, 0.0, 0.0, 0.0, 0.0, 0.0, 0.0, 0.0, 0.0, 0.0, 0.0, 0.0, 0.0, 0.0, 0.0, 0.0, 0.0, 0.0, 0.0, 0.0], "FOD p proportion": [0.0, 0.0, 0.0, 0.0, 0.0, 0.0, 0.0, 0.0, 0.0, 0.0, 0.0, 0.0, 0.0, 0.0, 0.0, 0.0, 0.0, 0.0, 0.0, 0.0, 0.0, 0.0, 0.0, 0.0, 0.0, 0.0], "FOD d proportion": [0.0, 0.0, 0.0, 0.0, 0.0, 0.0, 0.0, 0.0, 0.0, 0.0, 0.0, 0.0, 0.0, 0.0, 0.0, 0.0, 0.0, 0.0, 0.0, 0.0, 0.0, 0.0, 0.0, 0.0, 0.0, 0.0], "coordinates": [["-1.51140", "-2.09950", "-1.11080"], ["-0.80960", "-0.75490", "-0.98440"], ["-1.04980", "-0.12990", "0.32940"], ["-2.25140", "0.72290", "0.38480"], ["-1.94290", "2.16740", "0.01860"], ["-0.22920", "-0.32490", "1.45750"], ["-0.49670", "0.34130", "2.98520"], ["1.14220", "-1.42480", "1.25500"], ["2.52860", "-0.25120", "1.30800"], ["2.74730", "0.40780", "-0.02380"], ["1.93480", "1.91700", "-0.27510"], ["3.57180", "-0.05400", "-0.97410"], ["-1.16710", "-2.80590", "-0.34950"], ["-1.31690", "-2.53660", "-2.09500"], ["-2.59460", "-1.99160", "-0.99540"], ["0.25940", "-0.87770", "-1.17110"], ["-1.17060", "-0.07480", "-1.76490"], ["-2.70760", "0.68300", "1.37780"], ["-3.00080", "0.31840", "-0.30560"], ["-1.21630", "2.60910", "0.70710"], ["-2.85570", "2.77000", "0.05510"], ["-1.52870", "2.23870", "-0.99220"], ["2.41080", "0.48730", "2.10710"], ["3.41920", "-0.83280", "1.57440"], ["4.11840", "-0.98230", "-0.84180"], ["3.71680", "0.47820", "-1.90910"]], "bond_dist": [[0.0, 1.521988620193988, 2.483258899108186, 3.2787743319722384, 4.434881308445582, 3.3748195344343968, 4.874867867952935, 3.618538750656126, 5.058498426410747, 5.060103554276336, 5.357887753583495, 5.481029043893127, 1.094130312165786, 1.0943200171796184, 1.0946605912336478, 2.152246261467307, 2.1548553408523734, 3.919991154326754, 2.9517621533585663, 5.055962656112088, 5.18444746814933, 4.339855353580348, 5.694740335607937, 5.755488188676961, 5.745880687936359, 5.883527464030401], [1.521988620193988, 0.0, 1.4745817983414824, 2.477375369216381, 3.2909292274371387, 2.5464955860947414, 4.130046611117119, 3.0451931974835356, 4.080734087146576, 3.8634390457207943, 3.8953674358139825, 4.437119883437904, 2.1765810942852553, 2.1599167900639133, 2.171583037786029, 1.0921070139871825, 1.096374598392356, 3.354094400877828, 2.5326073067098265, 3.7872249919961187, 4.20618657099278, 3.0787670600420554, 4.633725202253582, 4.943306109275451, 4.9353043999332, 4.781621342180913], [2.483258899108186, 1.4745817983414824, 0.0, 1.474509938928863, 2.484313092184639, 1.4085520828141214, 2.7534020211367607, 2.708941743559651, 3.711781002429966, 3.851212788200621, 3.66920386732599, 4.802505556477785, 2.7632662738143785, 3.4265525911621437, 2.75815680663736, 2.127136509488754, 2.0985045008291023, 2.123263952032342, 2.1001425880163467, 2.769927894368372, 3.4272343529440765, 2.7543125694082002, 3.9391503512813526, 4.692126853570778, 5.367363080694282, 5.301051161798008], [3.2787743319722384, 2.477375369216381, 1.474509938928863, 0.0, 1.5217933302521733, 2.5175112651187876, 3.160169427419992, 4.109304599320912, 4.964833234862979, 5.02526055642889, 4.402909635684112, 6.029912193390547, 3.763951702665697, 4.200837837860443, 3.0645144036209064, 3.359592506540041, 2.534889350642351, 1.0935078646264962, 1.0962995804067426, 2.175559638345959, 2.1597451215363357, 2.1716523501702567, 4.975734467392729, 5.999254537857183, 6.70720557609501, 6.398536281056785], [4.434881308445582, 3.2909292274371387, 2.484313092184639, 1.5217933302521733, 0.0, 3.3494417728929102, 3.771849839269851, 4.893917429830626, 5.244663055907405, 5.009587404168132, 3.8968599076692505, 6.0276021219055265, 5.046887767723788, 5.194881804237706, 4.3301489454752025, 3.9418454294911163, 2.967285018329045, 2.15305227293719, 2.1547758700152553, 1.0941109175947383, 1.094377836946637, 1.0946972047100512, 5.112658012228081, 6.338282897599318, 6.884784378613466, 6.213020844967446], [3.3748195344343968, 2.5464955860947414, 1.4085520828141214, 2.5175112651187876, 3.3494417728929102, 0.0, 1.687970965390104, 1.7696113189059344, 2.762832383623733, 3.4045045498574384, 3.5652369304157054, 4.520361309674261, 3.2094028120508646, 4.323767388516639, 3.79337902930883, 2.7301750420073803, 3.3663995202589962, 2.6766921862627386, 3.3472560493634185, 3.1852507860449544, 4.294605222834807, 3.7764765721502895, 2.8374722906136016, 3.685437637513352, 4.9619130393427895, 5.248798069082102], [4.874867867952935, 4.130046611117119, 2.7534020211367607, 3.160169427419992, 3.771849839269851, 1.687970965390104, 0.0, 2.9662593379541176, 3.5094865977803646, 4.425159799374481, 4.361717417485916, 5.690782971612957, 4.634061727038171, 5.896055333017151, 5.068410320800793, 4.39687137633113, 4.815675490520515, 2.754736368511513, 4.135263698967697, 3.2940067713955905, 4.477605464977905, 4.526020494871847, 3.0407123935025493, 4.32471273728094, 6.139787778905717, 6.459604968571994], [3.618538750656126, 3.0451931974835356, 2.708941743559651, 4.109304599320912, 4.893917429830626, 1.7696113189059344, 2.9662593379541176, 0.0, 1.8172096521865604, 2.751381145897456, 3.759926596357966, 3.570845223473008, 3.132845982489404, 4.301833568375234, 4.39877672086229, 2.639055789482291, 4.036253194486194, 4.3907699461483976, 4.758010886914825, 4.704791798794076, 5.917711674287622, 5.060123209962382, 2.4477636282942026, 2.3742808090030127, 3.6674436505555206, 4.501277926322702], [5.058498426410747, 4.080734087146576, 3.711781002429966, 4.964833234862979, 5.244663055907405, 2.762832383623733, 3.5094865977803646, 1.8172096521865604, 0.0, 1.5019327315162956, 2.749526375578165, 2.516969306527197, 4.788736454431378, 5.620616728616176, 5.88063108518125, 3.4187289597158768, 4.812266826558976, 5.319341323885881, 5.788126940556849, 4.750439233376215, 6.2998487553273845, 5.286984522390812, 1.0944495876923706, 1.0965381343117986, 2.7719327715512874, 3.5062196180501877], [5.060103554276336, 3.8634390457207943, 3.851212788200621, 5.02526055642889, 5.009587404168132, 3.4045045498574384, 4.425159799374481, 2.751381145897456, 1.5019327315162956, 0.0, 1.7323373170373029, 1.3401975899097862, 5.075083796352529, 5.42928010329178, 5.936078042782119, 3.0262937646566965, 4.314426077707208, 5.6388076408049255, 5.755697803915699, 4.592391692789281, 6.081103769053772, 4.751228195951022, 2.158769860360293, 2.1318492465462935, 2.116935809135459, 2.1211417915830144], [5.357887753583495, 3.8953674358139825, 3.66920386732599, 4.402909635684112, 3.8968599076692505, 3.5652369304157054, 4.361717417485916, 3.759926596357966, 2.749526375578165, 1.7323373170373029, 0.0, 2.6557882069171104, 5.650938274304543, 5.806904671165181, 6.025898307306554, 3.37936817319451, 3.978728495386435, 5.080030725300784, 5.188121005720665, 3.372410185609099, 4.87704124341798, 3.5515567783719857, 2.818775430927409, 3.63118350541528, 3.673581132900157, 2.813472132437071], [5.481029043893127, 4.437119883437904, 4.802505556477785, 6.029912193390547, 6.0276021219055265, 4.520361309674261, 5.690782971612957, 3.570845223473008, 2.516969306527197, 1.3401975899097862, 2.6557882069171104, 0.0, 5.515455736382987, 5.596347671472887, 6.463685977056744, 3.418959556648777, 4.807926272313251, 6.74577400822174, 6.6169966578501445, 5.731006600938443, 7.095560928496069, 5.5921284990600855, 3.3368728069856064, 2.6692074572801565, 1.0853643351428128, 1.085581337348796], [1.094130312165786, 2.1765810942852553, 2.7632662738143785, 3.763951702665697, 5.046887767723788, 3.2094028120508646, 4.634061727038171, 3.132845982489404, 4.788736454431378, 5.075083796352529, 5.650938274304543, 5.515455736382987, 0.0, 1.7724933793952522, 1.7657937450336603, 2.5353272076795137, 3.0760813740861925, 4.186780236649638, 3.622931601617673, 5.517340772509887, 5.840011295365789, 5.098216061525835, 5.448065547513172, 5.350575904517195, 5.612876847036643, 6.088525616271973], [1.0943200171796184, 2.1599167900639133, 3.4265525911621437, 4.200837837860443, 5.194881804237706, 4.323767388516639, 5.896055333017151, 4.301833568375234, 5.620616728616176, 5.42928010329178, 5.806904671165181, 5.596347671472887, 1.7724933793952522, 0.0, 1.77162706290009, 2.467845641445186, 2.488137644906326, 4.935606395368253, 3.7667620803549564, 5.860043793351719, 5.928814300515745, 4.9055598222832835, 6.37944848008039, 6.22880999951034, 5.790409728162593, 5.87040999760664], [1.0946605912336478, 2.171583037786029, 2.75815680663736, 3.0645144036209064, 4.3301489454752025, 3.79337902930883, 5.068410320800793, 4.39877672086229, 5.88063108518125, 5.936078042782119, 6.025898307306554, 6.463685977056744, 1.7657937450336603, 1.77162706290009, 0.0, 3.0687065190402287, 2.5087902443209558, 3.5774757022235657, 2.4447745253908386, 5.095552730568098, 4.883088983420228, 4.3625211907794785, 6.389403776566324, 6.641722662080975, 6.790187659409717, 6.8387520564793105], [2.152246261467307, 1.0921070139871825, 2.127136509488754, 3.359592506540041, 3.9418454294911163, 2.7301750420073803, 4.39687137633113, 2.639055789482291, 3.4187289597158768, 3.0262937646566965, 3.37936817319451, 3.418959556648777, 2.5353272076795137, 2.467845641445186, 3.0687065190402287, 0.0, 1.7441751202215907, 4.2113851284345865, 3.5789173642318146, 4.226476069966562, 4.951073594686308, 3.5973956941098377, 4.151908260065484, 4.186182306111381, 3.8744368171387182, 3.7863866112693776], [2.1548553408523734, 1.096374598392356, 2.0985045008291023, 2.534889350642351, 2.967285018329045, 3.3663995202589962, 4.815675490520515, 4.036253194486194, 4.812266826558976, 4.314426077707208, 3.978728495386435, 4.807926272313251, 3.0760813740861925, 2.488137644906326, 2.5087902443209558, 1.7441751202215907, 0.0, 3.579552085107856, 2.3735616212771893, 3.6491357469954444, 3.774234895975607, 2.4652754714230216, 5.304221561171818, 5.726408344678189, 5.4451070567987925, 4.920699279573992], [3.919991154326754, 3.354094400877828, 2.123263952032342, 1.0935078646264962, 2.15305227293719, 2.6766921862627386, 2.754736368511513, 4.3907699461483976, 5.319341323885881, 5.6388076408049255, 5.080030725300784, 6.74577400822174, 4.186780236649638, 4.935606395368253, 3.5774757022235657, 4.2113851284345865, 3.579552085107856, 0.0, 1.747207760971774, 2.5265936337290174, 2.475285417886188, 3.07032696955878, 5.173798946615532, 6.3145846609258465, 7.368454671774809, 7.219319220674482], [2.9517621533585663, 2.5326073067098265, 2.1001425880163467, 1.0962995804067426, 2.1547758700152553, 3.3472560493634185, 4.135263698967697, 4.758010886914825, 5.788126940556849, 5.755697803915699, 5.188121005720665, 6.6169966578501445, 3.622931601617673, 3.7667620803549564, 2.4447745253908386, 3.5789173642318146, 2.3735616212771893, 1.747207760971774, 0.0, 3.0752736512382115, 2.482237107933084, 2.5151640224844187, 5.927483703899995, 6.787934990849573, 7.2568822210368005, 6.908176173926082], [5.055962656112088, 3.7872249919961187, 2.769927894368372, 2.175559638345959, 1.0941109175947383, 3.1852507860449544, 3.2940067713955905, 4.704791798794076, 4.750439233376215, 4.592391692789281, 3.372410185609099, 5.731006600938443, 5.517340772509887, 5.860043793351719, 5.095552730568098, 4.226476069966562, 3.6491357469954444, 2.5265936337290174, 3.0752736512382115, 0.0, 1.7716165414671428, 1.7670343545047449, 4.42920869343498, 5.838385491726288, 6.614852172195536, 5.976680756071885], [5.18444746814933, 4.20618657099278, 3.4272343529440765, 2.1597451215363357, 1.094377836946637, 4.294605222834807, 4.477605464977905, 5.917711674287622, 6.2998487553273845, 6.081103769053772, 4.87704124341798, 7.095560928496069, 5.840011295365789, 5.928814300515745, 4.883088983420228, 4.951073594686308, 3.774234895975607, 2.475285417886188, 2.482237107933084, 1.7716165414671428, 0.0, 1.772017488627017, 6.095690735265365, 7.393430214724422, 7.970085050361759, 7.23243977714298], [4.339855353580348, 3.0787670600420554, 2.7543125694082002, 2.1716523501702567, 1.0946972047100512, 3.7764765721502895, 4.526020494871847, 5.060123209962382, 5.286984522390812, 4.751228195951022, 3.5515567783719857, 5.5921284990600855, 5.098216061525835, 4.9055598222832835, 4.3625211907794785, 3.5973956941098377, 2.4652754714230216, 3.07032696955878, 2.5151640224844187, 1.7670343545047449, 1.772017488627017, 0.0, 5.309681977293931, 6.364217329727199, 6.502860875799205, 5.608505693141445], [5.694740335607937, 4.633725202253582, 3.9391503512813526, 4.975734467392729, 5.112658012228081, 2.8374722906136016, 3.0407123935025493, 2.4477636282942026, 1.0944495876923706, 2.158769860360293, 2.818775430927409, 3.3368728069856064, 5.448065547513172, 6.37944848008039, 6.389403776566324, 4.151908260065484, 5.304221561171818, 5.173798946615532, 5.927483703899995, 4.42920869343498, 6.095690735265365, 5.309681977293931, 0.0, 1.7445067669688186, 3.7110151077569062, 4.22321929930237], [5.755488188676961, 4.943306109275451, 4.692126853570778, 5.999254537857183, 6.338282897599318, 3.685437637513352, 4.32471273728094, 2.3742808090030127, 1.0965381343117986, 2.1318492465462935, 3.63118350541528, 2.6692074572801565, 5.350575904517195, 6.22880999951034, 6.641722662080975, 4.186182306111381, 5.726408344678189, 6.3145846609258465, 6.787934990849573, 5.838385491726288, 7.393430214724422, 6.364217329727199, 1.7445067669688186, 0.0, 2.5197724758398325, 3.7339066686246993], [5.745880687936359, 4.9353043999332, 5.367363080694282, 6.70720557609501, 6.884784378613466, 4.9619130393427895, 6.139787778905717, 3.6674436505555206, 2.7719327715512874, 2.116935809135459, 3.673581132900157, 1.0853643351428128, 5.612876847036643, 5.790409728162593, 6.790187659409717, 3.8744368171387182, 5.4451070567987925, 7.368454671774809, 7.2568822210368005, 6.614852172195536, 7.970085050361759, 6.502860875799205, 3.7110151077569062, 2.5197724758398325, 0.0, 1.852963059534647], [5.883527464030401, 4.781621342180913, 5.301051161798008, 6.398536281056785, 6.213020844967446, 5.248798069082102, 6.459604968571994, 4.501277926322702, 3.5062196180501877, 2.1211417915830144, 2.813472132437071, 1.085581337348796, 6.088525616271973, 5.87040999760664, 6.8387520564793105, 3.7863866112693776, 4.920699279573992, 7.219319220674482, 6.908176173926082, 5.976680756071885, 7.23243977714298, 5.608505693141445, 4.22321929930237, 3.7339066686246993, 1.852963059534647, 0.0]]}