{"total energy": -63.13589323, "HOMO-LUMO gap/eV": 3.22186347, "electronic energy": -63.92378672, "dipole": [2.08916804, -0.97155604, -0.84399989], "partial charges": [-0.10283598, -0.05213217, -0.06557546, 0.01161159, -0.18917865, 0.32532272, -0.44780986, -0.1062868, 0.22040705, -0.17302654, 0.40347955, -0.40968172, -0.28615562, 0.03358113, -0.27205358, 0.07669167, -0.039758, -0.0353914, -0.03599255, -0.05690603, 0.02961827, 0.03648077, 0.03760845, 0.03569505, 0.031471, 0.03004705, 0.04521563, 0.05694182, 0.04589497, 0.0563051, 0.18455463, 0.24689555, 0.06575224, 0.06768317, 0.06517989, 0.05712389, 0.04099444, 0.03703713, 0.0311916], "atomic dipole moments": [[-0.08208565, -0.02508648, -0.0654467], [0.04775522, 0.10742998, -0.00939066], [-0.07292361, -0.10476204, -0.02825962], [-0.09979593, -0.01082516, 0.14527072], [0.02022507, 0.05781071, -0.06579082], [-0.01751398, -0.02289517, 0.02422749], [-0.04832127, -0.20087292, 0.02216436], [-0.00042997, 0.02006636, -0.00929159], [0.13251215, 0.06052753, -0.04215844], [-0.06237404, -0.01827505, 0.02174605], [0.09172676, 0.0830802, -0.03907254], [0.18381329, 0.0411974, -0.05582073], [-0.23029993, -0.04625247, 0.06950547], [0.18208339, -0.20357053, -0.00504521], [0.27426365, -0.10021789, -0.04237451], [0.01387081, 0.11464289, -0.03619589], [0.02130836, 0.0280871, -0.01540628], [0.01074486, 0.00359672, -0.00447496], [-0.00711423, 0.01311848, -0.00251841], [-0.0055291, 0.02911588, -0.00470934], [0.0648629, 0.17082521, -0.07321626], [0.02620144, -0.09635185, 0.07604782], [-0.02760592, 0.10024061, 0.07337757], [0.10500991, 0.02633817, -0.06534405], [-0.09454536, -0.03192094, 0.07282017], [0.03140553, -0.10132231, -0.06183395], [0.10110691, 0.03229388, -0.06584205], [-0.02826766, 0.10645813, 0.07018381], [0.02322279, -0.10377893, -0.06519441], [-0.01988944, 0.09305891, -0.08121938], [-0.05846507, -0.12511811, -0.03442803], [0.11101205, 0.06513084, -0.03981529], [-0.039315, 0.01366619, 0.12346351], [0.04803456, 0.11035971, -0.0353106], [-0.09334894, -0.0296643, -0.08570299], [-0.15178719, 0.01576563, 0.03068086], [-0.077318, -0.11700409, 0.05780486], [0.0682008, -0.13032985, 0.03380589], [0.15145588, -0.02034873, -0.01184906]], "atomic quadrupole moments": [[0.0863406, 0.0671979, -0.0965276, 0.17257473, 0.04210819, 0.010187], [-0.01478831, 0.01632617, 0.00179025, 0.20320091, -0.10522417, 0.01299807], [-0.00063585, 0.02801463, -0.03265398, 0.22202384, -0.10335369, 0.03328983], [0.26154458, 0.10842865, -0.24009258, -0.09978868, 0.01443721, -0.021452], [0.05344657, -0.00681691, -0.06635861, -0.06173316, -0.04398005, 0.01291204], [-0.0350839, 0.01248394, -0.28875057, 0.25839947, -0.04192827, 0.32383447], [-0.02620293, 0.01819321, -0.05649786, 0.09681235, -0.01077567, 0.08270079], [0.07004853, 0.06378459, -0.03881819, -0.03887772, 0.00875085, -0.03123034], [-0.24636611, -0.07939051, -0.01106159, 0.15921188, 0.06830568, 0.2574277], [-0.0267081, -0.05920223, 0.0206313, 0.01865027, 0.0103113, 0.0060768], [-0.32428615, 0.04808343, -0.00087768, 0.17339619, 0.06711815, 0.32516383], [-0.06265473, 0.03114122, -0.08666433, 0.05391493, 0.04551466, 0.14931906], [0.0317077, -0.05155062, 0.06907637, -0.02655058, -0.02450273, -0.10078408], [0.11916448, -0.39426086, 0.18186469, -0.02844372, 0.00032298, -0.30102917], [-0.10563077, -0.01498236, -0.06252242, 0.07361477, 0.07055531, 0.16815319], [-0.19957972, 0.00054821, -0.04416894, 0.1255828, 0.09804489, 0.24374866], [-0.24174259, 0.09198111, -0.18801356, 0.1453552, 0.21541465, 0.42975615], [-0.2260755, 0.04533525, -0.19085582, 0.13887291, 0.23231261, 0.41693132], [-0.23033078, 0.03879057, -0.1740405, 0.12599468, 0.23507387, 0.40437129], [-0.20042076, 0.016659, -0.17884727, 0.09635023, 0.24019837, 0.37926803], [-0.20202132, 0.14392916, 0.00380779, 0.04245085, 0.09365001, 0.19821353], [-0.03536328, -0.00826544, 0.03820961, 0.02239212, -0.05730472, -0.00284633], [-0.01810343, -0.03030997, 0.03187323, -0.01230113, 0.05494481, -0.01376981], [0.03261746, 0.02501731, -0.04484599, -0.05132808, -0.01019181, 0.01222853], [0.03355161, 0.00523294, -0.03580943, -0.03403367, -0.0094965, 0.00225782], [-0.02335376, -0.02544643, 0.01549924, -0.00816628, 0.03887151, 0.00785453], [0.03646478, 0.00663329, -0.03688154, -0.03703122, -0.01817712, 0.00041676], [-0.02259761, -0.03310451, 0.01459591, -0.01149956, 0.02848373, 0.0080017], [0.00440574, -0.00845663, 0.02911533, -0.01707945, 0.03693535, -0.03352107], [0.00490387, 0.00119797, 0.01064495, 0.00654952, -0.04310282, -0.01554882], [0.01493807, 0.00229996, 0.02344958, -0.04030972, 0.02371745, -0.03838765], [0.01664676, -0.00183123, 0.01965157, -0.01673268, -0.01192943, -0.03629833], [-0.02210128, -0.02340058, -0.02740091, -0.02960587, -0.00561345, 0.04950219], [-0.00443923, 0.04137161, 0.04868865, -0.0220471, -0.03255483, -0.04424942], [0.02126487, 0.00444888, -0.01083402, 0.0463903, 0.02846098, -0.01043084], [0.02654353, -0.00467588, 0.02098158, -0.0167012, -0.02428146, -0.04752511], [0.03285474, -0.01114288, 0.02386363, -0.01630969, -0.02762063, -0.05671836], [0.0375702, -0.00363325, 0.01832465, -0.01874207, -0.03024695, -0.05589485], [0.02448575, 0.00617405, 0.01899198, -0.0257656, -0.03467324, -0.04347774]], "number of molecular orbitals": 102, "number of electrons": 112, "number of unpaired electrons": 0, "orbital energies/eV": [-20.13921455, -19.87174607, -19.26560427, -19.24979458, -18.85806371, -18.73463324, -18.45300186, -18.30067209, -17.74337818, -17.63648779, -17.24452269, -17.20901396, -16.92217613, -16.75227911, -16.52903629, -16.49630782, -16.3752937, -16.18280547, -16.10278209, -16.05426856, -15.82242234, -15.72258693, -15.52086709, -15.41960639, -15.22378583, -14.99534882, -14.82575506, -14.68351366, -14.60662011, -14.27638091, -14.18489859, -14.14688843, -13.97243202, -13.91448304, -13.8101917, -13.6697876, -13.44711059, -13.30584923, -13.06848591, -12.99336986, -12.90525731, -12.71653521, -12.69643124, -12.45531505, -12.20606604, -12.14790174, -12.11083538, -12.03157537, -11.96806185, -11.93225872, -11.73417686, -11.49087047, -11.41906463, -10.84171169, -10.46459315, -10.40398032, -7.18211685, -6.62055138, -5.67616577, -5.54694411, -4.35822373, -2.51146684, -1.33978639, -0.40952696, 0.34489738, 1.518368, 1.59557071, 2.07231884, 2.46988614, 2.77700996, 2.93927755, 3.33828287, 3.5220386, 3.63739744, 3.69452731, 3.79977747, 3.98456865, 4.1123525, 4.27103555, 4.33590463, 4.62986441, 4.92116499, 5.14079496, 5.5089421, 5.63519642, 6.05721211, 6.20323509, 6.41576278, 6.59000839, 6.79960355, 7.69977178, 8.8093814, 9.08369952, 9.99344491, 10.82997905, 11.504673, 12.89133443, 13.67668221, 15.92159412, 16.47477995, 17.81093705, 17.9249571], "fractional occupation": [2.0, 2.0, 2.0, 2.0, 2.0, 2.0, 2.0, 2.0, 2.0, 2.0, 2.0, 2.0, 2.0, 2.0, 2.0, 2.0, 2.0, 2.0, 2.0, 2.0, 2.0, 2.0, 2.0, 2.0, 2.0, 2.0, 2.0, 2.0, 2.0, 2.0, 2.0, 2.0, 2.0, 2.0, 2.0, 2.0, 2.0, 2.0, 2.0, 2.0, 2.0, 2.0, 2.0, 2.0, 2.0, 2.0, 2.0, 2.0, 2.0, 2.0, 2.0, 2.0, 2.0, 2.0, 2.0, 2.0, 0.0, 0.0, 0.0, 0.0, 0.0, 0.0, 0.0, 0.0, 0.0, 0.0, 0.0, 0.0, 0.0, 0.0, 0.0, 0.0, 0.0, 0.0, 0.0, 0.0, 0.0, 0.0, 0.0, 0.0, 0.0, 0.0, 0.0, 0.0, 0.0, 0.0, 0.0, 0.0, 0.0, 0.0, 0.0, 0.0, 0.0, 0.0, 0.0, 0.0, 0.0, 0.0, 0.0, 0.0, 0.0, 0.0], "program call": "xtb /home/svss/Project-DBcg-Debug/aqme2_20220329/End-to-End-workflows-final/example-3/QDESCP/mol_991_rdkit_conf_3/mol_991_rdkit_conf_3.xyz --pop --wbo --acc 0.2 --gfn 2 --chrg 0 --uhf 0 --etemp 300 --input /home/svss/Project-DBcg-Debug/aqme2_20220329/End-to-End-workflows-final/example-3/QDESCP/mol_991_rdkit_conf_3/mol_991_rdkit_conf_3_xtb.inp", "method": "GFN2-xTB", "xtb version": "6.3.3 (7355c4f)", "Dipole module/D": 6.237, "Total charge": 0, "Transition dipole module/D": NaN, "HOMO": -10.404, "LUMO": -7.1821, "HOMO occupancy": 2.0, "LUMO occupancy": 0, "mulliken charges": [-0.08275, -0.04003, -0.05657, 0.10109, -0.35481, 0.56653, -0.56388, -0.24456, 0.40317, -0.31002, 0.66129, -0.54248, -0.43191, 0.17768, -0.37564, 0.13584, -0.04533, -0.03778, -0.0364, -0.071, 0.08355, 0.03139, 0.032, 0.02851, 0.02341, 0.01976, 0.03121, 0.04793, 0.02848, 0.04815, 0.2323, 0.2806, 0.04286, 0.03462, 0.04227, 0.04822, 0.03319, 0.03091, 0.02819], "cm5 charges": [-0.23308, -0.15099, -0.16109, 0.05247, -0.71086, 0.72725, -0.61319, -0.46385, 0.61369, -0.64204, 0.78758, -0.58196, -0.51258, 0.05848, -0.54459, 0.21211, -0.09265, -0.09255, -0.09115, -0.1197, 0.15326, 0.08217, 0.08332, 0.07981, 0.08086, 0.07496, 0.08654, 0.10729, 0.09371, 0.11566, 0.43158, 0.49826, 0.10435, 0.09373, 0.10375, 0.10595, 0.08855, 0.08616, 0.0888], "FUKUI+": [0.006, 0.002, 0.005, 0.014, -0.041, -0.038, -0.085, -0.025, -0.049, -0.019, -0.031, -0.08, -0.041, 0.018, -0.064, -0.024, -0.032, -0.018, -0.038, -0.022, -0.01, -0.011, -0.004, -0.012, 0.011, -0.009, -0.023, -0.001, -0.027, -0.019, -0.025, -0.028, -0.02, -0.03, -0.02, -0.052, -0.055, -0.059, -0.044], "FUKUI-": [0.009, 0.001, 0.003, 0.01, -0.027, 0.001, -0.038, -0.022, -0.017, -0.048, -0.001, -0.054, -0.039, 0.014, -0.086, -0.024, -0.028, -0.02, -0.038, -0.018, -0.024, -0.031, -0.023, -0.035, -0.016, -0.029, -0.029, -0.017, -0.025, -0.033, -0.013, -0.03, -0.025, -0.028, -0.026, -0.048, -0.051, -0.053, -0.039], "FUKUIrad": [0.007, 0.002, 0.004, 0.012, -0.034, -0.019, -0.061, -0.023, -0.033, -0.033, -0.016, -0.067, -0.04, 0.016, -0.075, -0.024, -0.03, -0.019, -0.038, -0.02, -0.017, -0.021, -0.014, -0.023, -0.003, -0.019, -0.026, -0.009, -0.026, -0.026, -0.019, -0.029, -0.022, -0.029, -0.023, -0.05, -0.053, -0.056, -0.042], "s proportion": [1.008, 1.027, 1.035, 1.004, 1.425, 0.948, 1.722, 1.445, 0.969, 1.416, 0.916, 1.721, 1.693, 0.973, 1.541, 1.039, 1.063, 1.058, 1.056, 1.057, 1.042, 0.969, 0.968, 0.971, 0.977, 0.98, 0.969, 0.952, 0.972, 0.952, 0.768, 0.719, 0.957, 0.965, 0.958, 0.952, 0.967, 0.969, 0.972], "p proportion": [3.075, 3.013, 3.021, 2.895, 3.93, 2.486, 4.842, 3.799, 2.628, 3.894, 2.423, 4.822, 4.739, 2.85, 3.834, 2.825, 2.982, 2.979, 2.981, 3.014, 2.875, 0.0, 0.0, 0.0, 0.0, 0.0, 0.0, 0.0, 0.0, 0.0, 0.0, 0.0, 0.0, 0.0, 0.0, 0.0, 0.0, 0.0, 0.0], "d proportion": [0.0, 0.0, 0.0, 0.0, 0.0, 0.0, 0.0, 0.0, 0.0, 0.0, 0.0, 0.0, 0.0, 0.0, 0.0, 0.0, 0.0, 0.0, 0.0, 0.0, 0.0, 0.0, 0.0, 0.0, 0.0, 0.0, 0.0, 0.0, 0.0, 0.0, 0.0, 0.0, 0.0, 0.0, 0.0, 0.0, 0.0, 0.0, 0.0], "Fermi-level/eV": -8.793, "Coordination numbers": [3.75, 3.8, 3.801, 3.739, 2.686, 2.689, 0.858, 2.837, 3.076, 2.69, 2.666, 0.856, 1.708, 3.654, 1.883, 3.194, 2.911, 2.909, 2.913, 2.906, 3.035, 0.924, 0.924, 0.924, 0.924, 0.924, 0.924, 0.924, 0.924, 0.924, 0.86, 0.86, 0.924, 0.924, 0.924, 0.925, 0.925, 0.925, 0.925], "Dispersion coefficient C6": [22.528, 21.511, 21.757, 20.459, 25.103, 21.47, 22.66, 23.322, 23.3, 24.745, 20.194, 21.876, 18.752, 20.306, 27.914, 25.803, 28.988, 28.88, 28.895, 29.413, 27.306, 2.496, 2.481, 2.507, 2.566, 2.586, 2.381, 2.235, 2.372, 2.243, 1.188, 0.895, 2.133, 2.111, 2.139, 2.233, 2.436, 2.489, 2.569], "Total dispersion C6": 16679.235565, "Total dispersion C8": 382167.11076, "Polarizability alpha": [6.769, 6.604, 6.641, 6.454, 7.441, 7.583, 6.382, 7.173, 7.914, 7.388, 7.353, 6.271, 5.847, 6.47, 7.832, 8.283, 8.829, 8.812, 8.815, 8.893, 8.571, 2.471, 2.463, 2.476, 2.505, 2.515, 2.413, 2.338, 2.408, 2.342, 1.708, 1.482, 2.284, 2.272, 2.287, 2.337, 2.441, 2.467, 2.507], "Total polarizability alpha": 198.039648, "Wiberg matrix": [[0.0, 1.0204203923117585, 0.0, 0.0, 0.0, 0.0, 0.0, 0.0, 0.0, 0.0, 0.0, 0.0, 0.0, 0.0, 0.0, 0.0, 0.0, 0.0, 0.0, 0.0, 0.0, 0.9869297730056383, 0.9873688762954758, 0.9873775399656178, 0.0, 0.0, 0.0, 0.0, 0.0, 0.0, 0.0, 0.0, 0.0, 0.0, 0.0, 0.0, 0.0, 0.0, 0.0], [1.0204203923117585, 0.0, 1.008066655830209, 0.0, 0.0, 0.0, 0.0, 0.0, 0.0, 0.0, 0.0, 0.0, 0.0, 0.0, 0.0, 0.0, 0.0, 0.0, 0.0, 0.0, 0.0, 0.0, 0.0, 0.0, 0.9772826932932297, 0.977851435320092, 0.0, 0.0, 0.0, 0.0, 0.0, 0.0, 0.0, 0.0, 0.0, 0.0, 0.0, 0.0, 0.0], [0.0, 1.008066655830209, 0.0, 0.9983030864040815, 0.0, 0.0, 0.0, 0.0, 0.0, 0.0, 0.0, 0.0, 0.0, 0.0, 0.0, 0.0, 0.0, 0.0, 0.0, 0.0, 0.0, 0.0, 0.0, 0.0, 0.0, 0.0, 0.9731893372675189, 0.9738585867401148, 0.0, 0.0, 0.0, 0.0, 0.0, 0.0, 0.0, 0.0, 0.0, 0.0, 0.0], [0.0, 0.0, 0.9983030864040815, 0.0, 0.9864399726175084, 0.0, 0.0, 0.0, 0.0, 0.0, 0.0, 0.0, 0.0, 0.0, 0.0, 0.0, 0.0, 0.0, 0.0, 0.0, 0.0, 0.0, 0.0, 0.0, 0.0, 0.0, 0.0, 0.0, 0.9748433195896591, 0.9664772043621486, 0.0, 0.0, 0.0, 0.0, 0.0, 0.0, 0.0, 0.0, 0.0], [0.0, 0.0, 0.0, 0.9864399726175084, 0.0, 1.2208759229021104, 0.17246654999894967, 0.0, 0.0, 0.0, 0.0, 0.0, 0.0, 0.0, 0.0, 0.0, 0.0, 0.0, 0.0, 0.0, 0.0, 0.0, 0.0, 0.0, 0.0, 0.0, 0.0, 0.0, 0.0, 0.0, 0.9316506227443871, 0.0, 0.0, 0.0, 0.0, 0.0, 0.0, 0.0, 0.0], [0.0, 0.0, 0.0, 0.0, 1.2208759229021104, 0.0, 1.621998857749676, 1.0412009789009387, 0.0, 0.0, 0.0, 0.0, 0.0, 0.0, 0.0, 0.0, 0.0, 0.0, 0.0, 0.0, 0.0, 0.0, 0.0, 0.0, 0.0, 0.0, 0.0, 0.0, 0.0, 0.0, 0.0, 0.0, 0.0, 0.0, 0.0, 0.0, 0.0, 0.0, 0.0], [0.0, 0.0, 0.0, 0.0, 0.17246654999894967, 1.621998857749676, 0.0, 0.0, 0.0, 0.0, 0.0, 0.0, 0.0, 0.0, 0.0, 0.0, 0.0, 0.0, 0.0, 0.0, 0.0, 0.0, 0.0, 0.0, 0.0, 0.0, 0.0, 0.0, 0.0, 0.0, 0.0, 0.0, 0.0, 0.0, 0.0, 0.0, 0.0, 0.0, 0.0], [0.0, 0.0, 0.0, 0.0, 0.0, 1.0412009789009387, 0.0, 0.0, 1.0972059852698834, 0.0, 0.0, 0.0, 0.0, 0.0, 0.0, 0.0, 0.0, 0.0, 0.0, 0.0, 1.0778689357444586, 0.0, 0.0, 0.0, 0.0, 0.0, 0.0, 0.0, 0.0, 0.0, 0.0, 0.0, 0.0, 0.0, 0.0, 0.0, 0.0, 0.0, 0.0], [0.0, 0.0, 0.0, 0.0, 0.0, 0.0, 0.0, 1.0972059852698834, 0.0, 1.1376280326572217, 0.0, 0.0, 0.0, 0.0, 1.5355652212175257, 0.0, 0.0, 0.0, 0.0, 0.0, 0.0, 0.0, 0.0, 0.0, 0.0, 0.0, 0.0, 0.0, 0.0, 0.0, 0.0, 0.0, 0.0, 0.0, 0.0, 0.0, 0.0, 0.0, 0.0], [0.0, 0.0, 0.0, 0.0, 0.0, 0.0, 0.0, 0.0, 1.1376280326572217, 0.0, 1.1351148720544575, 0.12902192105951205, 0.0, 0.0, 0.0, 0.0, 0.0, 0.0, 0.0, 0.0, 0.0, 0.0, 0.0, 0.0, 0.0, 0.0, 0.0, 0.0, 0.0, 0.0, 0.0, 0.8812603078709612, 0.0, 0.0, 0.0, 0.0, 0.0, 0.0, 0.0], [0.0, 0.0, 0.0, 0.0, 0.0, 0.0, 0.0, 0.0, 0.0, 1.1351148720544575, 0.0, 1.6896593250147673, 1.061868674399784, 0.0, 0.0, 0.0, 0.0, 0.0, 0.0, 0.0, 0.0, 0.0, 0.0, 0.0, 0.0, 0.0, 0.0, 0.0, 0.0, 0.0, 0.0, 0.0, 0.0, 0.0, 0.0, 0.0, 0.0, 0.0, 0.0], [0.0, 0.0, 0.0, 0.0, 0.0, 0.0, 0.0, 0.0, 0.0, 0.12902192105951205, 1.6896593250147673, 0.0, 0.14708008088353317, 0.0, 0.0, 0.0, 0.0, 0.0, 0.0, 0.0, 0.0, 0.0, 0.0, 0.0, 0.0, 0.0, 0.0, 0.0, 0.0, 0.0, 0.0, 0.0, 0.0, 0.0, 0.0, 0.0, 0.0, 0.0, 0.0], [0.0, 0.0, 0.0, 0.0, 0.0, 0.0, 0.0, 0.0, 0.0, 0.0, 1.061868674399784, 0.14708008088353317, 0.0, 0.9581652860091957, 0.0, 0.0, 0.0, 0.0, 0.0, 0.0, 0.0, 0.0, 0.0, 0.0, 0.0, 0.0, 0.0, 0.0, 0.0, 0.0, 0.0, 0.0, 0.0, 0.0, 0.0, 0.0, 0.0, 0.0, 0.0], [0.0, 0.0, 0.0, 0.0, 0.0, 0.0, 0.0, 0.0, 0.0, 0.0, 0.0, 0.0, 0.9581652860091957, 0.0, 0.0, 0.0, 0.0, 0.0, 0.0, 0.0, 0.0, 0.0, 0.0, 0.0, 0.0, 0.0, 0.0, 0.0, 0.0, 0.0, 0.0, 0.0, 0.9782706265146401, 0.9813865209885436, 0.9783159472591906, 0.0, 0.0, 0.0, 0.0], [0.0, 0.0, 0.0, 0.0, 0.0, 0.0, 0.0, 0.0, 1.5355652212175257, 0.0, 0.0, 0.0, 0.0, 0.0, 0.0, 1.1888661934091644, 0.0, 0.0, 0.0, 0.0, 0.0, 0.0, 0.0, 0.0, 0.0, 0.0, 0.0, 0.0, 0.0, 0.0, 0.0, 0.0, 0.0, 0.0, 0.0, 0.0, 0.0, 0.0, 0.0], [0.0, 0.0, 0.0, 0.0, 0.0, 0.0, 0.0, 0.0, 0.0, 0.0, 0.0, 0.0, 0.0, 0.0, 1.1888661934091644, 0.0, 1.3319921233919778, 0.0, 0.0, 0.0, 1.2794410660688498, 0.0, 0.0, 0.0, 0.0, 0.0, 0.0, 0.0, 0.0, 0.0, 0.0, 0.0, 0.0, 0.0, 0.0, 0.0, 0.0, 0.0, 0.0], [0.0, 0.0, 0.0, 0.0, 0.0, 0.0, 0.0, 0.0, 0.0, 0.0, 0.0, 0.0, 0.0, 0.0, 0.0, 1.3319921233919778, 0.0, 1.4757313582811453, 0.0, 0.11671498532601449, 0.0, 0.0, 0.0, 0.0, 0.0, 0.0, 0.0, 0.0, 0.0, 0.0, 0.0, 0.0, 0.0, 0.0, 0.0, 0.9683670886243085, 0.0, 0.0, 0.0], [0.0, 0.0, 0.0, 0.0, 0.0, 0.0, 0.0, 0.0, 0.0, 0.0, 0.0, 0.0, 0.0, 0.0, 0.0, 0.0, 1.4757313582811453, 0.0, 1.4086394828187918, 0.0, 0.0, 0.0, 0.0, 0.0, 0.0, 0.0, 0.0, 0.0, 0.0, 0.0, 0.0, 0.0, 0.0, 0.0, 0.0, 0.0, 0.9703601277650187, 0.0, 0.0], [0.0, 0.0, 0.0, 0.0, 0.0, 0.0, 0.0, 0.0, 0.0, 0.0, 0.0, 0.0, 0.0, 0.0, 0.0, 0.0, 0.0, 1.4086394828187918, 0.0, 1.4553628538198349, 0.0, 0.0, 0.0, 0.0, 0.0, 0.0, 0.0, 0.0, 0.0, 0.0, 0.0, 0.0, 0.0, 0.0, 0.0, 0.0, 0.0, 0.9706061727792559, 0.0], [0.0, 0.0, 0.0, 0.0, 0.0, 0.0, 0.0, 0.0, 0.0, 0.0, 0.0, 0.0, 0.0, 0.0, 0.0, 0.0, 0.11671498532601449, 0.0, 1.4553628538198349, 0.0, 1.360755816976305, 0.0, 0.0, 0.0, 0.0, 0.0, 0.0, 0.0, 0.0, 0.0, 0.0, 0.0, 0.0, 0.0, 0.0, 0.0, 0.0, 0.0, 0.9640684099706607], [0.0, 0.0, 0.0, 0.0, 0.0, 0.0, 0.0, 1.0778689357444586, 0.0, 0.0, 0.0, 0.0, 0.0, 0.0, 0.0, 1.2794410660688498, 0.0, 0.0, 0.0, 1.360755816976305, 0.0, 0.0, 0.0, 0.0, 0.0, 0.0, 0.0, 0.0, 0.0, 0.0, 0.0, 0.0, 0.0, 0.0, 0.0, 0.0, 0.0, 0.0, 0.0], [0.9869297730056383, 0.0, 0.0, 0.0, 0.0, 0.0, 0.0, 0.0, 0.0, 0.0, 0.0, 0.0, 0.0, 0.0, 0.0, 0.0, 0.0, 0.0, 0.0, 0.0, 0.0, 0.0, 0.0, 0.0, 0.0, 0.0, 0.0, 0.0, 0.0, 0.0, 0.0, 0.0, 0.0, 0.0, 0.0, 0.0, 0.0, 0.0, 0.0], [0.9873688762954758, 0.0, 0.0, 0.0, 0.0, 0.0, 0.0, 0.0, 0.0, 0.0, 0.0, 0.0, 0.0, 0.0, 0.0, 0.0, 0.0, 0.0, 0.0, 0.0, 0.0, 0.0, 0.0, 0.0, 0.0, 0.0, 0.0, 0.0, 0.0, 0.0, 0.0, 0.0, 0.0, 0.0, 0.0, 0.0, 0.0, 0.0, 0.0], [0.9873775399656178, 0.0, 0.0, 0.0, 0.0, 0.0, 0.0, 0.0, 0.0, 0.0, 0.0, 0.0, 0.0, 0.0, 0.0, 0.0, 0.0, 0.0, 0.0, 0.0, 0.0, 0.0, 0.0, 0.0, 0.0, 0.0, 0.0, 0.0, 0.0, 0.0, 0.0, 0.0, 0.0, 0.0, 0.0, 0.0, 0.0, 0.0, 0.0], [0.0, 0.9772826932932297, 0.0, 0.0, 0.0, 0.0, 0.0, 0.0, 0.0, 0.0, 0.0, 0.0, 0.0, 0.0, 0.0, 0.0, 0.0, 0.0, 0.0, 0.0, 0.0, 0.0, 0.0, 0.0, 0.0, 0.0, 0.0, 0.0, 0.0, 0.0, 0.0, 0.0, 0.0, 0.0, 0.0, 0.0, 0.0, 0.0, 0.0], [0.0, 0.977851435320092, 0.0, 0.0, 0.0, 0.0, 0.0, 0.0, 0.0, 0.0, 0.0, 0.0, 0.0, 0.0, 0.0, 0.0, 0.0, 0.0, 0.0, 0.0, 0.0, 0.0, 0.0, 0.0, 0.0, 0.0, 0.0, 0.0, 0.0, 0.0, 0.0, 0.0, 0.0, 0.0, 0.0, 0.0, 0.0, 0.0, 0.0], [0.0, 0.0, 0.9731893372675189, 0.0, 0.0, 0.0, 0.0, 0.0, 0.0, 0.0, 0.0, 0.0, 0.0, 0.0, 0.0, 0.0, 0.0, 0.0, 0.0, 0.0, 0.0, 0.0, 0.0, 0.0, 0.0, 0.0, 0.0, 0.0, 0.0, 0.0, 0.0, 0.0, 0.0, 0.0, 0.0, 0.0, 0.0, 0.0, 0.0], [0.0, 0.0, 0.9738585867401148, 0.0, 0.0, 0.0, 0.0, 0.0, 0.0, 0.0, 0.0, 0.0, 0.0, 0.0, 0.0, 0.0, 0.0, 0.0, 0.0, 0.0, 0.0, 0.0, 0.0, 0.0, 0.0, 0.0, 0.0, 0.0, 0.0, 0.0, 0.0, 0.0, 0.0, 0.0, 0.0, 0.0, 0.0, 0.0, 0.0], [0.0, 0.0, 0.0, 0.9748433195896591, 0.0, 0.0, 0.0, 0.0, 0.0, 0.0, 0.0, 0.0, 0.0, 0.0, 0.0, 0.0, 0.0, 0.0, 0.0, 0.0, 0.0, 0.0, 0.0, 0.0, 0.0, 0.0, 0.0, 0.0, 0.0, 0.0, 0.0, 0.0, 0.0, 0.0, 0.0, 0.0, 0.0, 0.0, 0.0], [0.0, 0.0, 0.0, 0.9664772043621486, 0.0, 0.0, 0.0, 0.0, 0.0, 0.0, 0.0, 0.0, 0.0, 0.0, 0.0, 0.0, 0.0, 0.0, 0.0, 0.0, 0.0, 0.0, 0.0, 0.0, 0.0, 0.0, 0.0, 0.0, 0.0, 0.0, 0.0, 0.0, 0.0, 0.0, 0.0, 0.0, 0.0, 0.0, 0.0], [0.0, 0.0, 0.0, 0.0, 0.9316506227443871, 0.0, 0.0, 0.0, 0.0, 0.0, 0.0, 0.0, 0.0, 0.0, 0.0, 0.0, 0.0, 0.0, 0.0, 0.0, 0.0, 0.0, 0.0, 0.0, 0.0, 0.0, 0.0, 0.0, 0.0, 0.0, 0.0, 0.0, 0.0, 0.0, 0.0, 0.0, 0.0, 0.0, 0.0], [0.0, 0.0, 0.0, 0.0, 0.0, 0.0, 0.0, 0.0, 0.0, 0.8812603078709612, 0.0, 0.0, 0.0, 0.0, 0.0, 0.0, 0.0, 0.0, 0.0, 0.0, 0.0, 0.0, 0.0, 0.0, 0.0, 0.0, 0.0, 0.0, 0.0, 0.0, 0.0, 0.0, 0.0, 0.0, 0.0, 0.0, 0.0, 0.0, 0.0], [0.0, 0.0, 0.0, 0.0, 0.0, 0.0, 0.0, 0.0, 0.0, 0.0, 0.0, 0.0, 0.0, 0.9782706265146401, 0.0, 0.0, 0.0, 0.0, 0.0, 0.0, 0.0, 0.0, 0.0, 0.0, 0.0, 0.0, 0.0, 0.0, 0.0, 0.0, 0.0, 0.0, 0.0, 0.0, 0.0, 0.0, 0.0, 0.0, 0.0], [0.0, 0.0, 0.0, 0.0, 0.0, 0.0, 0.0, 0.0, 0.0, 0.0, 0.0, 0.0, 0.0, 0.9813865209885436, 0.0, 0.0, 0.0, 0.0, 0.0, 0.0, 0.0, 0.0, 0.0, 0.0, 0.0, 0.0, 0.0, 0.0, 0.0, 0.0, 0.0, 0.0, 0.0, 0.0, 0.0, 0.0, 0.0, 0.0, 0.0], [0.0, 0.0, 0.0, 0.0, 0.0, 0.0, 0.0, 0.0, 0.0, 0.0, 0.0, 0.0, 0.0, 0.9783159472591906, 0.0, 0.0, 0.0, 0.0, 0.0, 0.0, 0.0, 0.0, 0.0, 0.0, 0.0, 0.0, 0.0, 0.0, 0.0, 0.0, 0.0, 0.0, 0.0, 0.0, 0.0, 0.0, 0.0, 0.0, 0.0], [0.0, 0.0, 0.0, 0.0, 0.0, 0.0, 0.0, 0.0, 0.0, 0.0, 0.0, 0.0, 0.0, 0.0, 0.0, 0.0, 0.9683670886243085, 0.0, 0.0, 0.0, 0.0, 0.0, 0.0, 0.0, 0.0, 0.0, 0.0, 0.0, 0.0, 0.0, 0.0, 0.0, 0.0, 0.0, 0.0, 0.0, 0.0, 0.0, 0.0], [0.0, 0.0, 0.0, 0.0, 0.0, 0.0, 0.0, 0.0, 0.0, 0.0, 0.0, 0.0, 0.0, 0.0, 0.0, 0.0, 0.0, 0.9703601277650187, 0.0, 0.0, 0.0, 0.0, 0.0, 0.0, 0.0, 0.0, 0.0, 0.0, 0.0, 0.0, 0.0, 0.0, 0.0, 0.0, 0.0, 0.0, 0.0, 0.0, 0.0], [0.0, 0.0, 0.0, 0.0, 0.0, 0.0, 0.0, 0.0, 0.0, 0.0, 0.0, 0.0, 0.0, 0.0, 0.0, 0.0, 0.0, 0.0, 0.9706061727792559, 0.0, 0.0, 0.0, 0.0, 0.0, 0.0, 0.0, 0.0, 0.0, 0.0, 0.0, 0.0, 0.0, 0.0, 0.0, 0.0, 0.0, 0.0, 0.0, 0.0], [0.0, 0.0, 0.0, 0.0, 0.0, 0.0, 0.0, 0.0, 0.0, 0.0, 0.0, 0.0, 0.0, 0.0, 0.0, 0.0, 0.0, 0.0, 0.0, 0.9640684099706607, 0.0, 0.0, 0.0, 0.0, 0.0, 0.0, 0.0, 0.0, 0.0, 0.0, 0.0, 0.0, 0.0, 0.0, 0.0, 0.0, 0.0, 0.0, 0.0]], "Born radii": [], "Atomic SASAs": [], "Solvent H bonds": [], "Total SASA": NaN, "Total FOD": 0.0, "FOD": [0.0, 0.0, 0.0, 0.0, 0.0, 0.0, 0.0, 0.0, 0.0, 0.0, 0.0, 0.0, 0.0, 0.0, 0.0, 0.0, 0.0, 0.0, 0.0, 0.0, 0.0, 0.0, 0.0, 0.0, 0.0, 0.0, 0.0, 0.0, 0.0, 0.0, 0.0, 0.0, 0.0, 0.0, 0.0, 0.0, 0.0, 0.0, 0.0], "FOD s proportion": [0.0, 0.0, 0.0, 0.0, 0.0, 0.0, 0.0, 0.0, 0.0, 0.0, 0.0, 0.0, 0.0, 0.0, 0.0, 0.0, 0.0, 0.0, 0.0, 0.0, 0.0, 0.0, 0.0, 0.0, 0.0, 0.0, 0.0, 0.0, 0.0, 0.0, 0.0, 0.0, 0.0, 0.0, 0.0, 0.0, 0.0, 0.0, 0.0], "FOD p proportion": [0.0, 0.0, 0.0, 0.0, 0.0, 0.0, 0.0, 0.0, 0.0, 0.0, 0.0, 0.0, 0.0, 0.0, 0.0, 0.0, 0.0, 0.0, 0.0, 0.0, 0.0, 0.0, 0.0, 0.0, 0.0, 0.0, 0.0, 0.0, 0.0, 0.0, 0.0, 0.0, 0.0, 0.0, 0.0, 0.0, 0.0, 0.0, 0.0], "FOD d proportion": [0.0, 0.0, 0.0, 0.0, 0.0, 0.0, 0.0, 0.0, 0.0, 0.0, 0.0, 0.0, 0.0, 0.0, 0.0, 0.0, 0.0, 0.0, 0.0, 0.0, 0.0, 0.0, 0.0, 0.0, 0.0, 0.0, 0.0, 0.0, 0.0, 0.0, 0.0, 0.0, 0.0, 0.0, 0.0, 0.0, 0.0, 0.0, 0.0], "coordinates": [["5.03290", "-0.86950", "1.03370"], ["3.87480", "-1.23410", "0.11810"], ["3.52530", "-0.08180", "-0.82640"], ["2.39890", "-0.44160", "-1.79520"], ["1.13970", "-0.69580", "-1.12320"], ["0.35420", "0.34310", "-0.67770"], ["0.60110", "1.53690", "-0.79300"], ["-0.87250", "-0.06810", "-0.11660"], ["-1.98810", "0.76500", "0.01890"], ["-1.94040", "2.10340", "-0.29770"], ["-3.00530", "2.94650", "-0.19900"], ["-4.14940", "2.69750", "0.14710"], ["-2.58690", "4.19100", "-0.56820"], ["-3.60740", "5.18870", "-0.51090"], ["-3.03670", "0.09320", "0.43150"], ["-2.60080", "-1.17170", "0.68900"], ["-3.32530", "-2.25960", "1.19990"], ["-2.65800", "-3.46030", "1.45580"], ["-1.28930", "-3.57030", "1.22320"], ["-0.55230", "-2.49760", "0.70590"], ["-1.24300", "-1.30780", "0.40940"], ["5.26680", "-1.70560", "1.70020"], ["4.78530", "-0.00090", "1.65230"], ["5.93200", "-0.63480", "0.45510"], ["3.00660", "-1.49690", "0.73280"], ["4.14290", "-2.12380", "-0.46350"], ["4.41350", "0.18690", "-1.41110"], ["3.24980", "0.80210", "-0.23880"], ["2.65520", "-1.34310", "-2.36210"], ["2.25110", "0.37530", "-2.51040"], ["0.71030", "-1.59800", "-1.28410"], ["-1.05760", "2.50710", "-0.59590"], ["-3.98020", "5.29890", "0.51230"], ["-3.16750", "6.14030", "-0.82200"], ["-4.42290", "4.94410", "-1.19880"], ["-4.38470", "-2.15080", "1.40890"], ["-3.21070", "-4.30430", "1.86170"], ["-0.78170", "-4.50390", "1.45990"], ["0.52040", "-2.59980", "0.57880"]], "bond_dist": [[0.0, 1.520674892934055, 2.5205755414190625, 3.8889239668576705, 4.454143637109158, 5.127330924564944, 5.363622385105051, 6.069528911703115, 7.279824880448705, 7.696601409713251, 8.982987505835684, 9.890610792564834, 9.286339208751746, 10.665006352084372, 8.149103035917511, 7.647451772976407, 8.4746390890704, 8.126521756569657, 6.877531805088218, 5.8268878048234285, 6.322086537686746, 1.094529428567364, 1.094731784502487, 1.094642800186436, 2.1424432921316723, 2.1463868081033297, 2.7343526400228626, 2.7555305151640037, 4.172434767614708, 4.674246793869575, 4.958606644007971, 7.152007688055152, 10.934211820245665, 10.946573833396457, 11.322285760834692, 9.511766107826663, 8.968855891360949, 6.87023165257184, 4.854227884020279], [1.520674892934055, 0.0, 1.5303678610059739, 2.5430402965741616, 3.0514528654396744, 3.9389696419241416, 4.384707048367085, 4.894026704054649, 6.195146314656337, 6.717763536326655, 8.056906650818291, 8.935664787803983, 8.465003519786627, 9.88085612080249, 7.04476948522803, 6.501016530512747, 7.352780528480365, 7.030141077531802, 5.7746865940932235, 4.641245037702707, 5.126613328504502, 2.1594019218292826, 2.1687697272878004, 2.1690554003989853, 1.0957605440971123, 1.0962218114961955, 2.1558968736931736, 2.159655771182065, 2.7659893709123327, 3.483616267616168, 3.480323016617854, 6.231768866060422, 10.224309641242288, 10.24009534428269, 10.428624364699306, 8.40986585981013, 7.9164751783858955, 5.8459397473802275, 3.650942390671209], [2.5205755414190625, 1.5303678610059739, 0.0, 1.528661649940889, 2.4811637592065545, 3.202893521489592, 3.3424917187631147, 4.45473327708854, 5.641735716071783, 5.91003377486119, 7.2258541370553555, 8.220293840855081, 7.462069144680985, 8.87429545316134, 6.683769999783057, 6.404172107306299, 7.468562437979615, 7.406476758891504, 6.288947890545764, 4.981049557071281, 5.076116875132014, 3.4717799829482283, 2.781743787626747, 2.782131582078749, 2.1685622748724556, 2.163998652957067, 1.0968012673223897, 1.0965642799216104, 2.1694068751619646, 2.1606438970825343, 3.229949957816684, 5.268634156021844, 9.331483292060271, 9.138277715740532, 9.411282367987903, 8.47616818438615, 8.392203754676123, 6.5827338621578795, 4.164653052776425], [3.8889239668576705, 2.5430402965741616, 1.528661649940889, 0.0, 1.4497538687653155, 2.4587310609336677, 2.8549872031236845, 3.6958433638345656, 4.898225328626685, 5.248719438110594, 6.575139062407729, 7.517094584345736, 6.915541439395762, 8.332187244055428, 5.8983007120695365, 5.630390371901401, 6.711349614645329, 6.727093599765057, 5.701080730001988, 4.380892449033644, 4.344421619732597, 4.694716985080144, 4.215966994652591, 4.193324688120395, 2.806018777556558, 2.7649155014213362, 2.145031053388272, 2.1663798051126677, 1.095339011448054, 1.095756127064777, 2.1094677361837033, 4.698993980630322, 8.886552386049383, 8.674867999572097, 8.711969506948472, 7.694468819223325, 7.73052268996088, 6.100342093686222, 3.7178576478934744], [4.454143637109158, 3.0514528654396744, 2.4811637592065545, 1.4497538687653155, 0.0, 1.376515059852234, 2.320360163853879, 2.3358509562898058, 3.6361328207313877, 4.24311052177527, 5.594776128675749, 6.411140755746983, 6.170606680059912, 7.585328598683119, 4.525696636983084, 4.183526012826979, 5.270530243723112, 5.358752330533666, 4.434905208682594, 3.074890900503626, 2.898390251501685, 5.1013956923571415, 4.634294511573471, 5.045878633102466, 2.751692719036775, 3.3902209854226317, 3.40291230271954, 2.734664473020411, 2.0617009361204643, 2.0752804653829324, 1.0120464465626071, 3.9197883858698286, 8.051376550006836, 8.085478123772273, 7.92191303474104, 6.248803947156607, 6.391938705901364, 4.986562862333131, 2.6278417931831437], [5.127330924564944, 3.9389696419241416, 3.202893521489592, 2.4587310609336677, 1.376515059852234, 0.0, 1.2245048550332498, 1.4102168414821885, 2.4798428296970756, 2.916889653380806, 4.277041676205646, 5.148388812045958, 4.844418837177479, 6.261144955996467, 3.576447603418789, 3.5908930546592446, 4.882432723550832, 5.300096475537026, 4.6507217310864775, 3.2871975450222033, 2.541319550941991, 5.829684284761912, 5.018155359292895, 5.7750651156502135, 3.5228306814265142, 4.526115877880282, 4.1279765612222175, 2.964424660874349, 3.3128650440366565, 2.6378126809915825, 2.0645574295717717, 2.585104732888012, 6.690521429604721, 6.7845944034997405, 6.652926470358739, 5.747226285783429, 6.383994919327551, 5.417841966133748, 3.2042276916598795], [5.363622385105051, 4.384707048367085, 3.3424917187631147, 2.8549872031236845, 2.320360163853879, 1.2245048550332498, 0.0, 2.28145543896873, 2.821164273841564, 2.650559674861142, 3.917388048176999, 4.979762104759623, 4.154290053667413, 5.5791303892273385, 4.100885121531692, 4.448033449739334, 5.81392119141634, 6.375801290034061, 5.8070789937799185, 4.455807785351608, 3.597052774147191, 6.20472473039699, 5.084471513343349, 5.890036443860089, 4.1615427824305735, 5.104276832226089, 4.091325136187542, 2.8040471411871803, 3.8698580878373305, 2.6497692956180168, 3.1750121039139363, 1.9316889345854833, 6.069988614486851, 5.949325887863263, 6.083934703791617, 6.5807063860956445, 7.463033483108594, 6.593857663765574, 4.358971738839333], [6.069528911703115, 4.894026704054649, 4.45473327708854, 3.6958433638345656, 2.3358509562898058, 1.4102168414821885, 2.28145543896873, 0.0, 1.3989207339946033, 2.426647866914357, 3.69370258142152, 4.296062692745533, 4.613354823769791, 5.938779061389639, 2.238346027762464, 2.20316708626468, 3.5428903934499583, 4.143364918758666, 3.7728226992531737, 2.584860642278419, 1.3967112586358, 6.6085681490017185, 5.928256395433652, 6.8519493598537355, 4.220233004230928, 5.431434364880054, 5.4481695320538615, 4.2149185247167, 4.3717916853390895, 3.9602725865778483, 2.4917676657345083, 2.6259561192068688, 6.233618812535781, 6.65648891834126, 6.236877892022579, 4.35893775821587, 5.227450675998769, 4.708494295419714, 2.9720794841322804], [7.279824880448705, 6.195146314656337, 5.641735716071783, 4.898225328626685, 3.6361328207313877, 2.4798428296970756, 2.821164273841564, 1.3989207339946033, 0.0, 1.3761632933631096, 2.41684060293599, 2.9021042675961866, 3.527141030636569, 4.74045801795565, 1.311913091633741, 2.138981577760781, 3.5115623303595225, 4.512937813664177, 4.553403783984021, 3.6301583161068884, 2.2369989047829235, 7.846286259116475, 7.009532504382872, 8.054669111142928, 5.529274175694311, 6.794632896632459, 6.58479932647913, 5.244366702472282, 5.627919819969009, 4.9517715234045285, 3.816142104272324, 2.068507118672788, 4.976761515282805, 5.567041158461109, 4.987576680112297, 4.022148828673549, 5.53068396222384, 5.594031566768281, 4.234139735530702], [7.696601409713251, 6.717763536326655, 5.91003377486119, 5.248719438110594, 4.24311052177527, 2.916889653380806, 2.650559674861142, 2.426647866914357, 1.3761632933631096, 0.0, 1.3618264610441375, 2.3303396426272287, 2.202091337796868, 3.5133202714810956, 2.4030210922919513, 3.4836740748812884, 4.816276857698278, 5.877454355416128, 5.909986439070736, 4.909504615539128, 3.552835854637813, 8.393081510982721, 7.312018803312803, 8.368938334101884, 6.204586959661377, 7.409672622322796, 6.729389052506921, 5.351170613987186, 6.1040682311062024, 5.044902689844473, 4.658278374034769, 1.015496317078501, 3.8766098965462072, 4.251732177595385, 3.878706478969503, 5.194738077131512, 6.880064661033354, 6.93456247646526, 5.379951591789651], [8.982987505835684, 8.056906650818291, 7.2258541370553555, 6.575139062407729, 5.594776128675749, 4.277041676205646, 3.917388048176999, 3.69370258142152, 2.41684060293599, 1.3618264610441375, 0.0, 1.2209631525971616, 1.3638722264200558, 2.342491592300813, 2.9222999674913592, 4.232225831639894, 5.4002591067466374, 6.626165299024769, 6.8873791154545865, 6.039393828854018, 4.644881089974209, 9.678668992170358, 8.532756108667352, 9.650330967899496, 7.533591202739899, 8.7678198875205, 8.007694550243535, 6.612587346114983, 7.424347110689263, 6.291532433358347, 5.969556568121288, 2.0357154172427934, 2.6438917262248087, 3.2580356474415684, 2.6456748779848214, 5.520013954692506, 7.540740964255436, 7.950145050878002, 6.617928453829038], [9.890610792564834, 8.935664787803983, 8.220293840855081, 7.517094584345736, 6.411140755746983, 5.148388812045958, 4.979762104759623, 4.296062692745533, 2.9021042675961866, 2.3303396426272287, 1.2209631525971616, 0.0, 2.2767526413732346, 2.633022111566859, 2.8462893633641677, 4.202680836085462, 5.1342350024127255, 6.469580395203385, 6.973053854660811, 6.343536069102154, 4.955642273207379, 10.51019655667771, 9.453880350945848, 10.622321462373469, 8.31530948612257, 9.611451781078653, 9.058385949494534, 7.647850718339107, 8.302115041361448, 7.308988941023238, 6.642013081890158, 3.1855185449154115, 2.632352871482089, 3.708928990962216, 2.6331465245975205, 5.015328326241463, 7.2695401567086755, 8.0576056673183, 7.074940580669212], [9.286339208751746, 8.465003519786627, 7.462069144680985, 6.915541439395762, 6.170606680059912, 4.844418837177479, 4.154290053667413, 4.613354823769791, 3.527141030636569, 2.202091337796868, 1.3638722264200558, 2.2767526413732346, 0.0, 1.428323783320855, 4.241896388409316, 5.508111867055716, 6.729164326274103, 7.914797716935032, 8.07035670896894, 7.10635616402668, 5.744438215352307, 10.07949075152113, 8.766526033726244, 9.844142712293438, 8.082824361570651, 9.229185726270764, 8.108569379366498, 6.757234231547698, 7.830961143435714, 6.460491570306395, 6.700489657480265, 2.274872521703139, 2.082356249540409, 2.049702732105317, 2.0822372511315805, 6.881819271820496, 8.85797169446821, 9.108963863140529, 7.555520295121972], [10.665006352084372, 9.88085612080249, 8.87429545316134, 8.332187244055428, 7.585328598683119, 6.261144955996467, 5.5791303892273385, 5.938779061389639, 4.74045801795565, 3.5133202714810956, 2.342491592300813, 2.633022111566859, 1.428323783320855, 0.0, 5.213246253535314, 6.550396303278146, 7.647456435966144, 8.920452356803438, 9.225007936039948, 8.36023001717058, 6.974371061249896, 11.453024113307366, 10.101920396142509, 11.218130887540937, 9.486254953879323, 10.65561134332517, 9.495430484712108, 8.144782981148117, 9.236423086888127, 7.841482134137653, 8.080821023881175, 3.701308363268319, 1.0945602404618944, 1.0935436799689346, 1.094566498665111, 7.626145001244075, 9.793040929660203, 10.286648039570519, 8.881830395813692], [8.149103035917511, 7.04476948522803, 6.683769999783057, 5.8983007120695365, 4.525696636983084, 3.576447603418789, 4.100885121531692, 2.238346027762464, 1.311913091633741, 2.4030210922919513, 2.9222999674913592, 2.8462893633641677, 4.241896388409316, 5.213246253535314, 0.0, 1.3624562635182091, 2.4918660397380914, 3.7175215439859928, 4.135387273279251, 3.599969910985368, 2.2761039299645347, 8.59030810739638, 7.917252771637395, 8.998228750704218, 6.256250841358585, 7.567216804083257, 7.67524817123199, 6.361754753996731, 6.501144842256631, 6.057655062811023, 4.4545987249133905, 3.2862289603738812, 5.29112779849438, 6.177037259074935, 5.3019486361148385, 2.794271060580916, 4.627499788222577, 5.2226391766998415, 4.463956395396353], [7.647451772976407, 6.501016530512747, 6.404172107306299, 5.630390371901401, 4.183526012826979, 3.5908930546592446, 4.448033449739334, 2.20316708626468, 2.138981577760781, 3.4836740748812884, 4.232225831639894, 4.202680836085462, 5.508111867055716, 6.550396303278146, 1.3624562635182091, 0.0, 1.4033693277252428, 2.414320616653886, 2.7854414102615768, 2.440214881931507, 1.392953771666526, 7.950264423904402, 7.540105618623655, 8.552873590788069, 5.616992811104533, 6.907404747805069, 7.446920065369307, 6.2438945891166355, 6.079812922286343, 6.014175169547359, 3.8779167745066423, 4.191181657957574, 6.6183556575632885, 7.4879646026139834, 6.654836353359863, 2.158516163942257, 3.4000567730554145, 3.8738828660660354, 3.4341670154493067], [8.4746390890704, 7.352780528480365, 7.468562437979615, 6.711349614645329, 5.270530243723112, 4.882432723550832, 5.81392119141634, 3.5428903934499583, 3.5115623303595225, 4.816276857698278, 5.4002591067466374, 5.1342350024127255, 6.729164326274103, 7.647456435966144, 2.4918660397380914, 1.4033693277252428, 0.0, 1.3973026121781928, 2.4215229464120305, 2.8266957742212018, 2.422145078231277, 8.62446511384909, 8.43138326788671, 9.428271600351785, 6.394751856796321, 7.652408277137335, 8.525943272741145, 7.394308932550763, 7.0209825879288426, 7.1975871693227855, 4.7847714595370165, 5.5757322227668, 7.617913757716084, 8.641255722405162, 7.671491454730298, 1.0852865059513084, 2.152187373348333, 3.4021145556844496, 3.910359285283131], [8.126521756569657, 7.030141077531802, 7.406476758891504, 6.727093599765057, 5.358752330533666, 5.300096475537026, 6.375801290034061, 4.143364918758666, 4.512937813664177, 5.877454355416128, 6.626165299024769, 6.469580395203385, 7.914797716935032, 8.920452356803438, 3.7175215439859928, 2.414320616653886, 1.3973026121781928, 0.0, 1.3926745671548684, 2.433744807904066, 2.7803658410360312, 8.120416152513366, 8.210284739276709, 9.097964098632177, 6.0386556219079095, 7.191813787216685, 8.457381137207902, 7.479426699955018, 6.876699098404699, 7.385244248499843, 4.724474382404883, 6.510039616622929, 8.908534656721047, 9.880257256266155, 8.988643531145286, 2.167598383003641, 1.087459470509131, 2.1470024359557676, 3.4076114523225796], [6.877531805088218, 5.7746865940932235, 6.288947890545764, 5.701080730001988, 4.434905208682594, 4.6507217310864775, 5.8070789937799185, 3.7728226992531737, 4.553403783984021, 5.909986439070736, 6.8873791154545865, 6.973053854660811, 8.07035670896894, 9.225007936039948, 4.135387273279251, 2.7854414102615768, 2.4215229464120305, 1.3926745671548684, 0.0, 1.4005190394992852, 2.4048535048938016, 6.832794618602259, 7.05871860396772, 7.832899306770131, 4.795230602379827, 5.8690813574187235, 7.319700551935168, 6.469834199575751, 5.777012738431515, 6.483977211557733, 3.764959593408673, 6.348039103534256, 9.295645768853285, 10.099813396295993, 9.390449420554908, 3.4104201940523398, 2.153651831192777, 1.0887119040407336, 2.1522396939002864], [5.8268878048234285, 4.641245037702707, 4.981049557071281, 4.380892449033644, 3.074890900503626, 3.2871975450222033, 4.455807785351608, 2.584860642278419, 3.6301583161068884, 4.909504615539128, 6.039393828854018, 6.343536069102154, 7.10635616402668, 8.36023001717058, 3.599969910985368, 2.440214881931507, 2.8266957742212018, 2.433744807904066, 1.4005190394992852, 0.0, 1.4073389001942636, 5.956326157960123, 5.968178751512056, 6.751227367671748, 3.6970114024709204, 4.853053249244232, 6.028880401036332, 5.122152144362758, 4.586234893679127, 5.143655476409749, 2.522605581536678, 5.195866955571514, 8.5190017971591, 9.15352750910817, 8.601646664447452, 3.9117475634299304, 3.415717946493826, 2.1555463460570734, 1.0850274374411], [6.322086537686746, 5.126613328504502, 5.076116875132014, 4.344421619732597, 2.898390251501685, 2.541319550941991, 3.597052774147191, 1.3967112586358, 2.2369989047829235, 3.552835854637813, 4.644881089974209, 4.955642273207379, 5.744438215352307, 6.974371061249896, 2.2761039299645347, 1.392953771666526, 2.422145078231277, 2.7803658410360312, 2.4048535048938016, 1.4073389001942636, 0.0, 6.648451362535489, 6.292311889123107, 7.206638778931549, 4.26608093336261, 5.516858636941861, 6.127343681400612, 5.005706053095807, 4.7831393017557, 4.854564085476677, 2.6014494382939675, 3.949488987198217, 7.152016298918788, 7.790650795665276, 7.196132632185152, 3.4029293469009896, 3.8678199066140597, 3.395791976844282, 2.192610298251835], [1.094529428567364, 2.1594019218292826, 3.4717799829482283, 4.694716985080144, 5.1013956923571415, 5.829684284761912, 6.20472473039699, 6.6085681490017185, 7.846286259116475, 8.393081510982721, 9.678668992170358, 10.51019655667771, 10.07949075152113, 11.453024113307366, 8.59030810739638, 7.950264423904402, 8.62446511384909, 8.120416152513366, 6.832794618602259, 5.956326157960123, 6.648451362535489, 0.0, 1.7720436648119031, 1.7718289110407923, 2.467371575178736, 2.473790641909699, 3.740302772503852, 3.7572023222073097, 4.842947666452735, 5.581553875042326, 5.447872658203384, 7.938321728174035, 11.661094959736843, 11.792245593609387, 12.104255333559351, 9.66615285312621, 8.868332999498833, 6.668776441747016, 4.958371159967757], [1.094731784502487, 2.1687697272878004, 2.781743787626747, 4.215966994652591, 4.634294511573471, 5.018155359292895, 5.084471513343349, 5.928256395433652, 7.009532504382872, 7.312018803312803, 8.532756108667352, 9.453880350945848, 8.766526033726244, 10.101920396142509, 7.917252771637395, 7.540105618623655, 8.43138326788671, 8.210284739276709, 7.05871860396772, 5.968178751512056, 6.292311889123107, 1.7720436648119031, 0.0, 1.7748346232818428, 2.499453928361153, 3.065288209940462, 3.0915891771061697, 2.5649227005896305, 4.738589896794193, 4.887920556842142, 5.270559587937509, 6.7441787973036424, 10.306380076923226, 10.348117015670049, 10.83387019721023, 9.42179460453262, 9.08290239515982, 7.162786871043979, 5.108429843895285], [1.094642800186436, 2.1690554003989853, 2.782131582078749, 4.193324688120395, 5.045878633102466, 5.7750651156502135, 5.890036443860089, 6.8519493598537355, 8.054669111142928, 8.368938334101884, 9.650330967899496, 10.622321462373469, 9.844142712293438, 11.218130887540937, 8.998228750704218, 8.552873590788069, 9.428271600351785, 9.097