{"total energy": -63.03394065, "HOMO-LUMO gap/eV": 4.06573297, "electronic energy": -63.82438276, "dipole": [0.43292316, -0.54226983, 1.06640692], "partial charges": [-0.10310363, 0.00959976, -0.06329975, -0.05405269, -0.02258148, -0.02388873, -0.0566371, -0.06021625, 0.00551733, -0.06690466, 0.14118891, -0.39771891, -0.07735632, -0.04335176, -0.00946471, -0.02908343, -0.07273571, 0.10619792, -0.45216354, 0.10507588, -0.45021943, 0.03565899, 0.05388917, 0.03779967, 0.03447387, 0.02436757, 0.03169026, 0.03397347, 0.03594229, 0.03918995, 0.02925096, 0.02963839, 0.04389297, 0.04064961, 0.04636194, 0.29674937, 0.02369277, 0.03106041, 0.04866404, 0.02725763, 0.03943917, 0.00698728, 0.29259342, 0.01837237, 0.31360277], "atomic dipole moments": [[0.00910034, -0.08727287, 0.07977758], [-0.02148986, -0.0154956, 0.02102701], [0.04015153, -0.0238888, -0.09725964], [-0.07219774, -0.09296327, -0.01715466], [0.00034542, 0.06623866, -0.05471652], [-0.02568101, -0.07407915, 0.06372787], [0.05945327, 0.09441688, 0.00573622], [-0.05059279, 0.02450218, 0.07455456], [-0.04385861, -0.04135145, -0.05574798], [0.01454418, 0.01671399, 0.02203197], [0.24794913, -0.01255798, -0.01998594], [-0.14017658, 0.08011119, 0.12132523], [0.02275199, -0.00815975, -0.01396055], [-0.00079944, -0.00152723, -0.00571114], [-0.08087063, 0.00397506, 0.00396723], [0.02318481, 0.0048827, 0.09841412], [-0.05706781, 0.10341908, 0.00172756], [-0.12885144, -0.07753858, -0.10174452], [0.21562866, -0.00143607, 0.08355248], [-0.02939973, -0.07740138, -0.14236088], [0.06213852, -0.08367201, 0.21508091], [0.11126981, 0.04296132, -0.0356855], [-0.05746758, -0.02607923, -0.11401487], [-0.0619475, 0.10163803, 0.04612342], [-0.03621163, 0.10968716, 0.04595037], [-0.02020124, -0.07188692, 0.09810837], [0.04386344, 0.03181561, 0.10868957], [0.03399084, 0.09868297, -0.07142959], [-0.02188603, -0.0853491, 0.08632792], [0.02476132, 0.08671027, -0.08540191], [-0.00913386, -0.09534525, 0.08141199], [-0.06186541, -0.03785199, -0.10044898], [0.00479938, 0.06841988, -0.10636052], [0.04492928, -0.1159782, -0.0253824], [0.06678487, -0.07545327, -0.11815863], [0.02518388, 0.04272526, 0.06306648], [0.07829424, 0.0682286, 0.10900365], [-0.04832116, 0.07229434, 0.12190493], [-0.04904636, -0.01684243, -0.11544301], [0.07385076, -0.04350347, 0.08962494], [-0.02215476, -0.10082331, -0.0813581], [0.01821545, -0.00336839, 0.12006628], [0.02644051, -0.07372064, 0.02848592], [-0.06380226, 0.07171483, 0.08028114], [-0.04198031, -0.0636927, 0.02469284]], "atomic quadrupole moments": [[-0.10172885, -0.00116426, 0.09414763, 0.00779965, -0.15254725, 0.00758123], [0.00723564, 0.02395772, 0.00438365, -0.0310094, 0.0079301, -0.01161928], [0.17681402, 0.0581886, -0.1697989, 0.0685108, 0.05105424, -0.00701512], [0.15188285, -0.0696004, 0.01532641, -0.05294843, 0.09139791, -0.16720926], [0.02650155, -0.03410404, -0.02132455, 0.04212348, 0.16219819, -0.005177], [0.08547757, -0.06907988, -0.04834935, 0.0419126, 0.15630219, -0.03712822], [0.14159505, -0.05960231, 0.01663803, -0.12628443, 0.09636691, -0.15823307], [0.21364774, 0.08079988, -0.16574506, -0.00113852, 0.08833526, -0.04790268], [-0.25100718, 0.08401469, 0.22475302, 0.12271326, -0.28597818, 0.02625416], [-0.22109476, 0.02655428, 0.24693264, 0.04773619, -0.30536411, -0.02583788], [0.16929105, -0.0375461, 0.07381486, -0.05729461, -0.347791, -0.24310591], [0.1012149, -0.01104305, -0.05904304, -0.01746286, 0.0189339, -0.04217186], [-0.20453916, -0.010219, 0.23982518, -0.0242288, -0.28829997, -0.03528602], [-0.23541307, -0.01975191, 0.30332945, -0.03667158, -0.34485932, -0.06791639], [-0.07230852, 0.0149285, 0.18182191, -0.03885438, -0.34180129, -0.10951339], [0.06965955, -0.01804174, 0.1040806, -0.15464743, -0.04462407, -0.17374016], [0.07165766, -0.02934255, 0.00029529, -0.2027433, -0.06922861, -0.07195295], [0.23313545, 0.18551937, 0.07763831, 0.04965326, 0.02429723, -0.31077377], [0.09486899, 0.09783988, -0.00081073, 0.05472993, 0.01551204, -0.09405825], [0.01692725, 0.05942415, -0.10045412, 0.24156382, -0.1104015, 0.08352686], [-0.02466119, 0.0246243, -0.07633489, 0.12760219, -0.0178162, 0.10099609], [0.08242185, 0.02283396, -0.0402348, -0.01344801, -0.0130913, -0.04218705], [-0.01818204, 0.02667068, -0.01427361, 0.04769863, 0.03024859, 0.03245566], [-0.01871514, -0.04639907, 0.02502998, -0.03517958, 0.03683502, -0.00631483], [-0.01547591, -0.02664296, 0.04967558, 0.00431094, 0.01521508, -0.03419968], [-0.00749292, 0.02810335, 0.01679172, 0.00339954, -0.04955576, -0.0092988], [-0.00034361, -0.00218709, -0.04006059, 0.03295144, 0.00841023, 0.04040421], [-0.02365622, -0.00199476, 0.00446901, -0.02189525, -0.04428944, 0.0191872], [-0.01518559, 0.01288295, 0.00917904, -0.01062138, -0.02335175, 0.00600655], [-0.0067387, 0.00901095, 0.01033011, -0.00489668, -0.02342283, -0.00359141], [-0.02234446, -0.00898531, 0.00245086, -0.01321907, -0.04233107, 0.0198936], [0.00320827, 0.00781557, -0.03681299, 0.03401777, 0.01489371, 0.03360473], [-0.00708577, 0.01376314, -0.01011316, 0.00742944, -0.04948861, 0.01719893], [0.00905305, -0.02758069, 0.03879524, -0.00271534, 0.01465405, -0.04784828], [0.02704293, 2.382e-05, -0.03066833, -9.185e-05, 0.04176579, 0.00362539], [0.00519807, 0.04469065, -0.03488558, 0.06682658, 0.07919984, 0.02968751], [0.03783608, 0.00384664, -0.03800611, 0.00710698, 0.03976354, 0.00017003], [0.0477517, -0.00552262, -0.04328343, -0.00185528, 0.04219415, -0.00446828], [-0.01178612, 0.01286962, -0.00371062, 0.01225296, -0.00556947, 0.01549674], [0.02507775, -0.01835311, -0.04585539, 0.02634988, -0.01166095, 0.02077764], [-0.02628041, 0.02949178, 0.01060772, 0.01760088, 0.02659945, 0.01567268], [0.00820748, 0.00182488, -0.01777591, 0.0092343, 0.00222177, 0.00956842], [-0.04744474, -0.02119253, 0.11509885, 0.02364364, -0.05318807, -0.06765411], [-0.0064747, -0.01913493, -0.01398455, 0.01413164, 0.02347135, 0.02045925], [0.02221408, 0.09496327, 0.02378302, 0.01589104, -0.02514765, -0.0459971]], "number of molecular orbitals": 108, "number of electrons": 114, "number of unpaired electrons": 0, "orbital energies/eV": [-19.18145741, -19.03281184, -18.22800584, -17.66786859, -17.56037078, -17.34160029, -17.11837419, -16.96741055, -16.8654941, -16.81535636, -16.62605203, -16.47530941, -16.22332315, -15.98284222, -15.93237333, -15.81685358, -15.6844794, -15.48998649, -15.2660632, -15.18786139, -14.92948201, -14.802555, -14.65910956, -14.45221282, -14.38417105, -14.13728996, -14.11122055, -14.05274892, -13.79613015, -13.72370136, -13.55282241, -13.44992525, -13.42071575, -13.25851307, -13.04667195, -12.99464229, -12.94024685, -12.84382344, -12.70846381, -12.58605927, -12.57409543, -12.3643366, -12.29762118, -12.19828665, -11.98600797, -11.9482919, -11.79264474, -11.74928679, -11.64465506, -11.44128353, -11.34849884, -11.26545618, -11.04949188, -10.9091797, -10.67264459, -10.5974377, -10.10197765, -6.03624468, -5.65548312, -2.50577357, -0.28459964, 0.46565488, 0.78661658, 0.99792679, 1.43876796, 1.70061446, 1.74197832, 1.86256099, 2.34131184, 2.50016489, 2.63439888, 2.78743358, 2.94114819, 3.1184491, 3.39568476, 3.47837124, 3.59049994, 3.75281847, 3.98889153, 4.11729316, 4.46574788, 4.51481515, 4.68839338, 4.80897762, 5.0745877, 5.22969878, 5.27857442, 5.51208847, 5.56095444, 5.70386545, 5.95737756, 6.23856788, 6.6088697, 6.81126398, 6.90271482, 7.19751299, 7.40278573, 7.47359546, 7.94712143, 8.25720913, 8.29426949, 8.93842646, 10.4276446, 10.46976664, 11.972135, 12.29780667, 16.62050813, 17.15849692], "fractional occupation": [2.0, 2.0, 2.0, 2.0, 2.0, 2.0, 2.0, 2.0, 2.0, 2.0, 2.0, 2.0, 2.0, 2.0, 2.0, 2.0, 2.0, 2.0, 2.0, 2.0, 2.0, 2.0, 2.0, 2.0, 2.0, 2.0, 2.0, 2.0, 2.0, 2.0, 2.0, 2.0, 2.0, 2.0, 2.0, 2.0, 2.0, 2.0, 2.0, 2.0, 2.0, 2.0, 2.0, 2.0, 2.0, 2.0, 2.0, 2.0, 2.0, 2.0, 2.0, 2.0, 2.0, 2.0, 2.0, 2.0, 2.0, 0.0, 0.0, 0.0, 0.0, 0.0, 0.0, 0.0, 0.0, 0.0, 0.0, 0.0, 0.0, 0.0, 0.0, 0.0, 0.0, 0.0, 0.0, 0.0, 0.0, 0.0, 0.0, 0.0, 0.0, 0.0, 0.0, 0.0, 0.0, 0.0, 0.0, 0.0, 0.0, 0.0, 0.0, 0.0, 0.0, 0.0, 0.0, 0.0, 0.0, 0.0, 0.0, 0.0, 0.0, 0.0, 0.0, 0.0, 0.0, 0.0, 0.0, 0.0], "program call": "xtb /home/svss/Project-DBcg-Debug/aqme2_20220329/End-to-End-workflows-final/example-3/QDESCP/mol_845_rdkit_conf_4/mol_845_rdkit_conf_4.xyz --pop --wbo --acc 0.2 --gfn 2 --chrg 0 --uhf 0 --etemp 300 --input /home/svss/Project-DBcg-Debug/aqme2_20220329/End-to-End-workflows-final/example-3/QDESCP/mol_845_rdkit_conf_4/mol_845_rdkit_conf_4_xtb.inp", "method": "GFN2-xTB", "xtb version": "6.3.3 (7355c4f)", "Dipole module/D": 3.234, "Total charge": 0, "Transition dipole module/D": NaN, "HOMO": -10.102, "LUMO": -6.0362, "HOMO occupancy": 2.0, "LUMO occupancy": 0, "mulliken charges": [-0.08323, 0.00318, -0.06215, -0.0455, -0.01829, -0.0218, -0.0486, -0.04522, 0.00268, -0.08282, 0.2589, -0.52017, -0.1017, -0.03301, -0.02732, -0.02605, -0.08376, 0.19777, -0.56963, 0.20141, -0.57431, 0.02411, 0.04757, 0.03225, 0.03103, 0.01972, 0.0274, 0.02797, 0.0273, 0.02803, 0.0239, 0.02873, 0.03621, 0.03361, 0.04727, 0.34997, 0.03039, 0.02925, 0.04099, 0.02301, 0.03869, 0.01098, 0.34267, 0.02065, 0.35796], "cm5 charges": [-0.22776, -0.01997, -0.16715, -0.15268, -0.07839, -0.08524, -0.15542, -0.14819, -0.00952, -0.13087, 0.2704, -0.71769, -0.15384, -0.08634, -0.0376, -0.08689, -0.18669, 0.15476, -0.78785, 0.16329, -0.77864, 0.07722, 0.10304, 0.0851, 0.08654, 0.07753, 0.08319, 0.08434, 0.0888, 0.08977, 0.08047, 0.08395, 0.092, 0.08899, 0.10667, 0.52112, 0.08841, 0.08631, 0.10375, 0.08047, 0.09727, 0.07755, 0.51162, 0.08812, 0.54005], "FUKUI+": [0.008, -0.0, 0.006, 0.004, 0.005, 0.002, 0.013, 0.017, -0.084, -0.063, -0.04, -0.052, -0.063, -0.066, -0.047, 0.004, 0.005, 0.002, -0.008, 0.003, -0.005, 0.005, -0.012, -0.014, -0.021, -0.012, -0.004, -0.011, -0.035, -0.012, -0.021, -0.038, -0.051, -0.044, -0.089, -0.041, -0.089, -0.091, -0.018, 0.004, -0.01, -0.007, -0.006, -0.014, -0.009], "FUKUI-": [0.014, -0.007, 0.009, 0.007, -0.001, -0.001, 0.01, 0.011, -0.025, -0.017, -0.036, -0.075, -0.026, -0.016, -0.042, -0.0, 0.007, 0.004, -0.01, 0.005, -0.076, -0.017, -0.016, -0.025, -0.026, -0.017, -0.025, -0.027, -0.056, -0.024, -0.018, -0.028, -0.035, -0.038, -0.045, -0.037, -0.048, -0.042, -0.03, -0.019, -0.023, -0.023, -0.018, -0.063, -0.033], "FUKUIrad": [0.011, -0.004, 0.008, 0.006, 0.002, 0.001, 0.011, 0.014, -0.055, -0.04, -0.038, -0.063, -0.045, -0.041, -0.045, 0.002, 0.006, 0.003, -0.009, 0.004, -0.04, -0.006, -0.014, -0.02, -0.024, -0.015, -0.015, -0.019, -0.045, -0.018, -0.019, -0.033, -0.043, -0.041, -0.067, -0.039, -0.069, -0.066, -0.024, -0.008, -0.017, -0.015, -0.012, -0.038, -0.021], "s proportion": [1.012, 1.096, 1.038, 1.033, 1.059, 1.062, 1.032, 1.029, 1.092, 1.057, 1.014, 1.691, 1.057, 1.061, 1.09, 1.069, 1.045, 1.025, 1.7, 1.027, 1.708, 0.976, 0.952, 0.968, 0.969, 0.98, 0.973, 0.972, 0.973, 0.972, 0.976, 0.971, 0.964, 0.966, 0.953, 0.65, 0.97, 0.971, 0.959, 0.977, 0.961, 0.989, 0.657, 0.979, 0.642], "p proportion": [3.071, 2.901, 3.024, 3.012, 2.959, 2.96, 3.017, 3.016, 2.906, 3.026, 2.727, 4.829, 3.045, 2.972, 2.938, 2.957, 3.039, 2.777, 4.869, 2.772, 4.867, 0.0, 0.0, 0.0, 0.0, 0.0, 0.0, 0.0, 0.0, 0.0, 0.0, 0.0, 0.0, 0.0, 0.0, 0.0, 0.0, 0.0, 0.0, 0.0, 0.0, 0.0, 0.0, 0.0, 0.0], "d proportion": [0.0, 0.0, 0.0, 0.0, 0.0, 0.0, 0.0, 0.0, 0.0, 0.0, 0.0, 0.0, 0.0, 0.0, 0.0, 0.0, 0.0, 0.0, 0.0, 0.0, 0.0, 0.0, 0.0, 0.0, 0.0, 0.0, 0.0, 0.0, 0.0, 0.0, 0.0, 0.0, 0.0, 0.0, 0.0, 0.0, 0.0, 0.0, 0.0, 0.0, 0.0, 0.0, 0.0, 0.0, 0.0], "Fermi-level/eV": -8.0691, "Coordination numbers": [3.752, 3.913, 3.803, 3.801, 3.853, 3.855, 3.804, 3.808, 2.965, 2.915, 2.842, 1.659, 2.91, 2.915, 2.958, 3.874, 3.812, 3.738, 1.653, 3.749, 1.651, 0.924, 0.924, 0.924, 0.924, 0.924, 0.924, 0.924, 0.923, 0.923, 0.924, 0.924, 0.924, 0.924, 0.925, 0.804, 0.925, 0.925, 0.923, 0.924, 0.924, 0.924, 0.804, 0.924, 0.803], "Dispersion coefficient C6": [22.531, 20.356, 21.713, 21.545, 20.94, 20.963, 21.59, 21.652, 27.896, 29.666, 24.918, 20.804, 29.932, 29.077, 28.252, 21.045, 21.881, 18.912, 21.889, 18.913, 21.85, 2.508, 2.272, 2.478, 2.524, 2.668, 2.563, 2.531, 2.504, 2.46, 2.597, 2.592, 2.398, 2.44, 2.366, 0.731, 2.678, 2.571, 2.337, 2.626, 2.456, 2.94, 0.744, 2.758, 0.682], "Total dispersion C6": 18621.818807, "Total dispersion C8": 426972.781554, "Polarizability alpha": [6.769, 6.413, 6.634, 6.609, 6.508, 6.512, 6.615, 6.624, 8.663, 8.931, 8.181, 6.157, 8.971, 8.842, 8.718, 6.523, 6.658, 6.205, 6.316, 6.203, 6.31, 2.476, 2.357, 2.462, 2.484, 2.554, 2.503, 2.488, 2.475, 2.453, 2.52, 2.518, 2.422, 2.443, 2.405, 1.343, 2.559, 2.508, 2.391, 2.534, 2.451, 2.681, 1.355, 2.597, 1.297], "Total polarizability alpha": 205.639616, "Wiberg matrix": [[0.0, 1.0008399411242965, 0.0, 0.0, 0.0, 0.0, 0.0, 0.0, 0.0, 0.0, 0.0, 0.0, 0.0, 0.0, 0.0, 0.0, 0.0, 0.0, 0.0, 0.0, 0.0, 0.9815242757731123, 0.9829237316945194, 0.9852023607520399, 0.0, 0.0, 0.0, 0.0, 0.0, 0.0, 0.0, 0.0, 0.0, 0.0, 0.0, 0.0, 0.0, 0.0, 0.0, 0.0, 0.0, 0.0, 0.0, 0.0, 0.0], [1.0008399411242965, 0.0, 0.9842970259302172, 0.0, 0.0, 0.0, 0.0, 0.0, 0.0, 0.0, 0.0, 0.0, 0.0, 0.0, 0.0, 0.971034946566702, 0.0, 0.0, 0.0, 0.9659102319024957, 0.0, 0.0, 0.0, 0.0, 0.0, 0.0, 0.0, 0.0, 0.0, 0.0, 0.0, 0.0, 0.0, 0.0, 0.0, 0.0, 0.0, 0.0, 0.0, 0.0, 0.0, 0.0, 0.0, 0.0, 0.0], [0.0, 0.9842970259302172, 0.0, 1.0066657081918755, 0.0, 0.0, 0.0, 0.0, 0.0, 0.0, 0.0, 0.0, 0.0, 0.0, 0.0, 0.0, 0.0, 0.0, 0.0, 0.0, 0.0, 0.0, 0.0, 0.0, 0.9750138963187628, 0.9750608067427293, 0.0, 0.0, 0.0, 0.0, 0.0, 0.0, 0.0, 0.0, 0.0, 0.0, 0.0, 0.0, 0.0, 0.0, 0.0, 0.0, 0.0, 0.0, 0.0], [0.0, 0.0, 1.0066657081918755, 0.0, 0.9913111353282218, 0.0, 0.0, 0.0, 0.0, 0.0, 0.0, 0.0, 0.0, 0.0, 0.0, 0.0, 0.0, 0.0, 0.0, 0.0, 0.0, 0.0, 0.0, 0.0, 0.0, 0.0, 0.9715829415088517, 0.9754158014721179, 0.0, 0.0, 0.0, 0.0, 0.0, 0.0, 0.0, 0.0, 0.0, 0.0, 0.0, 0.0, 0.0, 0.0, 0.0, 0.0, 0.0], [0.0, 0.0, 0.0, 0.9913111353282218, 0.0, 0.9833869061426669, 0.0, 0.0, 0.0, 0.0, 0.0, 0.0, 0.0, 0.0, 0.9934580056526597, 0.0, 0.0, 0.0, 0.0, 0.0, 0.0, 0.0, 0.0, 0.0, 0.0, 0.0, 0.0, 0.0, 0.9480486056392963, 0.0, 0.0, 0.0, 0.0, 0.0, 0.0, 0.0, 0.0, 0.0, 0.0, 0.0, 0.0, 0.0, 0.0, 0.0, 0.0], [0.0, 0.0, 0.0, 0.0, 0.9833869061426669, 0.0, 0.9968769305409233, 0.0, 0.0, 0.0, 0.0, 0.0, 0.0, 0.0, 0.0, 0.9867704903721845, 0.0, 0.0, 0.0, 0.0, 0.0, 0.0, 0.0, 0.0, 0.0, 0.0, 0.0, 0.0, 0.0, 0.9633433807807454, 0.0, 0.0, 0.0, 0.0, 0.0, 0.0, 0.0, 0.0, 0.0, 0.0, 0.0, 0.0, 0.0, 0.0, 0.0], [0.0, 0.0, 0.0, 0.0, 0.0, 0.9968769305409233, 0.0, 1.006524869725118, 0.0, 0.0, 0.0, 0.0, 0.0, 0.0, 0.0, 0.0, 0.0, 0.0, 0.0, 0.0, 0.0, 0.0, 0.0, 0.0, 0.0, 0.0, 0.0, 0.0, 0.0, 0.0, 0.976736376115282, 0.9759195454645941, 0.0, 0.0, 0.0, 0.0, 0.0, 0.0, 0.0, 0.0, 0.0, 0.0, 0.0, 0.0, 0.0], [0.0, 0.0, 0.0, 0.0, 0.0, 0.0, 1.006524869725118, 0.0, 1.0123075554170533, 0.0, 0.0, 0.0, 0.0, 0.0, 0.0, 0.0, 0.0, 0.0, 0.0, 0.0, 0.0, 0.0, 0.0, 0.0, 0.0, 0.0, 0.0, 0.0, 0.0, 0.0, 0.0, 0.0, 0.9596099743243243, 0.9680301104008654, 0.0, 0.0, 0.0, 0.0, 0.0, 0.0, 0.0, 0.0, 0.0, 0.0, 0.0], [0.0, 0.0, 0.0, 0.0, 0.0, 0.0, 0.0, 1.0123075554170533, 0.0, 1.4171651697125969, 0.0, 0.0, 0.10285342280353814, 0.0, 1.3830456629389924, 0.0, 0.0, 0.0, 0.0, 0.0, 0.0, 0.0, 0.0, 0.0, 0.0, 0.0, 0.0, 0.0, 0.0, 0.0, 0.0, 0.0, 0.0, 0.0, 0.0, 0.0, 0.0, 0.0, 0.0, 0.0, 0.0, 0.0, 0.0, 0.0, 0.0], [0.0, 0.0, 0.0, 0.0, 0.0, 0.0, 0.0, 0.0, 1.4171651697125969, 0.0, 1.3785579471171372, 0.0, 0.0, 0.10894714619076226, 0.0, 0.0, 0.0, 0.0, 0.0, 0.0, 0.0, 0.0, 0.0, 0.0, 0.0, 0.0, 0.0, 0.0, 0.0, 0.0, 0.0, 0.0, 0.0, 0.0, 0.9668293957112875, 0.0, 0.0, 0.0, 0.0, 0.0, 0.0, 0.0, 0.0, 0.0, 0.0], [0.0, 0.0, 0.0, 0.0, 0.0, 0.0, 0.0, 0.0, 0.0, 1.3785579471171372, 0.0, 1.0625243385509797, 1.3719882902701743, 0.0, 0.0, 0.0, 0.0, 0.0, 0.0, 0.0, 0.0, 0.0, 0.0, 0.0, 0.0, 0.0, 0.0, 0.0, 0.0, 0.0, 0.0, 0.0, 0.0, 0.0, 0.0, 0.0, 0.0, 0.0, 0.0, 0.0, 0.0, 0.0, 0.0, 0.0, 0.0], [0.0, 0.0, 0.0, 0.0, 0.0, 0.0, 0.0, 0.0, 0.0, 0.0, 1.0625243385509797, 0.0, 0.0, 0.0, 0.0, 0.0, 0.0, 0.0, 0.0, 0.0, 0.0, 0.0, 0.0, 0.0, 0.0, 0.0, 0.0, 0.0, 0.0, 0.0, 0.0, 0.0, 0.0, 0.0, 0.0, 0.8906222635173129, 0.0, 0.0, 0.0, 0.0, 0.0, 0.0, 0.0, 0.0, 0.0], [0.0, 0.0, 0.0, 0.0, 0.0, 0.0, 0.0, 0.0, 0.10285342280353814, 0.0, 1.3719882902701743, 0.0, 0.0, 1.4433183280445028, 0.0, 0.0, 0.0, 0.0, 0.0, 0.0, 0.0, 0.0, 0.0, 0.0, 0.0, 0.0, 0.0, 0.0, 0.0, 0.0, 0.0, 0.0, 0.0, 0.0, 0.0, 0.0, 0.9664253304173549, 0.0, 0.0, 0.0, 0.0, 0.0, 0.0, 0.0, 0.0], [0.0, 0.0, 0.0, 0.0, 0.0, 0.0, 0.0, 0.0, 0.0, 0.10894714619076226, 0.0, 0.0, 1.4433183280445028, 0.0, 1.41139062991487, 0.0, 0.0, 0.0, 0.0, 0.0, 0.0, 0.0, 0.0, 0.0, 0.0, 0.0, 0.0, 0.0, 0.0, 0.0, 0.0, 0.0, 0.0, 0.0, 0.0, 0.0, 0.0, 0.9665772896470209, 0.0, 0.0, 0.0, 0.0, 0.0, 0.0, 0.0], [0.0, 0.0, 0.0, 0.0, 0.9934580056526597, 0.0, 0.0, 0.0, 1.3830456629389924, 0.0, 0.0, 0.0, 0.0, 1.41139062991487, 0.0, 0.0, 0.0, 0.0, 0.0, 0.0, 0.0, 0.0, 0.0, 0.0, 0.0, 0.0, 0.0, 0.0, 0.0, 0.0, 0.0, 0.0, 0.0, 0.0, 0.0, 0.0, 0.0, 0.0, 0.0, 0.0, 0.0, 0.0, 0.0, 0.0, 0.0], [0.0, 0.971034946566702, 0.0, 0.0, 0.0, 0.9867704903721845, 0.0, 0.0, 0.0, 0.0, 0.0, 0.0, 0.0, 0.0, 0.0, 0.0, 0.9915730780794979, 0.0, 0.0, 0.0, 0.0, 0.0, 0.0, 0.0, 0.0, 0.0, 0.0, 0.0, 0.0, 0.0, 0.0, 0.0, 0.0, 0.0, 0.0, 0.0, 0.0, 0.0, 0.9657179409152603, 0.0, 0.0, 0.0, 0.0, 0.0, 0.0], [0.0, 0.0, 0.0, 0.0, 0.0, 0.0, 0.0, 0.0, 0.0, 0.0, 0.0, 0.0, 0.0, 0.0, 0.0, 0.9915730780794979, 0.0, 0.9851596948698865, 0.0, 0.0, 0.0, 0.0, 0.0, 0.0, 0.0, 0.0, 0.0, 0.0, 0.0, 0.0, 0.0, 0.0, 0.0, 0.0, 0.0, 0.0, 0.0, 0.0, 0.0, 0.9762716057289516, 0.9777806317694911, 0.0, 0.0, 0.0, 0.0], [0.0, 0.0, 0.0, 0.0, 0.0, 0.0, 0.0, 0.0, 0.0, 0.0, 0.0, 0.0, 0.0, 0.0, 0.0, 0.0, 0.9851596948698865, 0.0, 0.9795059612209281, 0.9720093408310192, 0.0, 0.0, 0.0, 0.0, 0.0, 0.0, 0.0, 0.0, 0.0, 0.0, 0.0, 0.0, 0.0, 0.0, 0.0, 0.0, 0.0, 0.0, 0.0, 0.0, 0.0, 0.9661513497221934, 0.0, 0.0, 0.0], [0.0, 0.0, 0.0, 0.0, 0.0, 0.0, 0.0, 0.0, 0.0, 0.0, 0.0, 0.0, 0.0, 0.0, 0.0, 0.0, 0.0, 0.9795059612209281, 0.0, 0.0, 0.0, 0.0, 0.0, 0.0, 0.0, 0.0, 0.0, 0.0, 0.0, 0.0, 0.0, 0.0, 0.0, 0.0, 0.0, 0.0, 0.0, 0.0, 0.0, 0.0, 0.0, 0.0, 0.8951419968810149, 0.0, 0.0], [0.0, 0.9659102319024957, 0.0, 0.0, 0.0, 0.0, 0.0, 0.0, 0.0, 0.0, 0.0, 0.0, 0.0, 0.0, 0.0, 0.0, 0.0, 0.9720093408310192, 0.0, 0.0, 0.9965118713133707, 0.0, 0.0, 0.0, 0.0, 0.0, 0.0, 0.0, 0.0, 0.0, 0.0, 0.0, 0.0, 0.0, 0.0, 0.0, 0.0, 0.0, 0.0, 0.0, 0.0, 0.0, 0.0, 0.9630336008345955, 0.0], [0.0, 0.0, 0.0, 0.0, 0.0, 0.0, 0.0, 0.0, 0.0, 0.0, 0.0, 0.0, 0.0, 0.0, 0.0, 0.0, 0.0, 0.0, 0.0, 0.9965118713133707, 0.0, 0.0, 0.0, 0.0, 0.0, 0.0, 0.0, 0.0, 0.0, 0.0, 0.0, 0.0, 0.0, 0.0, 0.0, 0.0, 0.0, 0.0, 0.0, 0.0, 0.0, 0.0, 0.0, 0.0, 0.8698760911333177], [0.9815242757731123, 0.0, 0.0, 0.0, 0.0, 0.0, 0.0, 0.0, 0.0, 0.0, 0.0, 0.0, 0.0, 0.0, 0.0, 0.0, 0.0, 0.0, 0.0, 0.0, 0.0, 0.0, 0.0, 0.0, 0.0, 0.0, 0.0, 0.0, 0.0, 0.0, 0.0, 0.0, 0.0, 0.0, 0.0, 0.0, 0.0, 0.0, 0.0, 0.0, 0.0, 0.0, 0.0, 0.0, 0.0], [0.9829237316945194, 0.0, 0.0, 0.0, 0.0, 0.0, 0.0, 0.0, 0.0, 0.0, 0.0, 0.0, 0.0, 0.0, 0.0, 0.0, 0.0, 0.0, 0.0, 0.0, 0.0, 0.0, 0.0, 0.0, 0.0, 0.0, 0.0, 0.0, 0.0, 0.0, 0.0, 0.0, 0.0, 0.0, 0.0, 0.0, 0.0, 0.0, 0.0, 0.0, 0.0, 0.0, 0.0, 0.0, 0.0], [0.9852023607520399, 0.0, 0.0, 0.0, 0.0, 0.0, 0.0, 0.0, 0.0, 0.0, 0.0, 0.0, 0.0, 0.0, 0.0, 0.0, 0.0, 0.0, 0.0, 0.0, 0.0, 0.0, 0.0, 0.0, 0.0, 0.0, 0.0, 0.0, 0.0, 0.0, 0.0, 0.0, 0.0, 0.0, 0.0, 0.0, 0.0, 0.0, 0.0, 0.0, 0.0, 0.0, 0.0, 0.0, 0.0], [0.0, 0.0, 0.9750138963187628, 0.0, 0.0, 0.0, 0.0, 0.0, 0.0, 0.0, 0.0, 0.0, 0.0, 0.0, 0.0, 0.0, 0.0, 0.0, 0.0, 0.0, 0.0, 0.0, 0.0, 0.0, 0.0, 0.0, 0.0, 0.0, 0.0, 0.0, 0.0, 0.0, 0.0, 0.0, 0.0, 0.0, 0.0, 0.0, 0.0, 0.0, 0.0, 0.0, 0.0, 0.0, 0.0], [0.0, 0.0, 0.9750608067427293, 0.0, 0.0, 0.0, 0.0, 0.0, 0.0, 0.0, 0.0, 0.0, 0.0, 0.0, 0.0, 0.0, 0.0, 0.0, 0.0, 0.0, 0.0, 0.0, 0.0, 0.0, 0.0, 0.0, 0.0, 0.0, 0.0, 0.0, 0.0, 0.0, 0.0, 0.0, 0.0, 0.0, 0.0, 0.0, 0.0, 0.0, 0.0, 0.0, 0.0, 0.0, 0.0], [0.0, 0.0, 0.0, 0.9715829415088517, 0.0, 0.0, 0.0, 0.0, 0.0, 0.0, 0.0, 0.0, 0.0, 0.0, 0.0, 0.0, 0.0, 0.0, 0.0, 0.0, 0.0, 0.0, 0.0, 0.0, 0.0, 0.0, 0.0, 0.0, 0.0, 0.0, 0.0, 0.0, 0.0, 0.0, 0.0, 0.0, 0.0, 0.0, 0.0, 0.0, 0.0, 0.0, 0.0, 0.0, 0.0], [0.0, 0.0, 0.0, 0.9754158014721179, 0.0, 0.0, 0.0, 0.0, 0.0, 0.0, 0.0, 0.0, 0.0, 0.0, 0.0, 0.0, 0.0, 0.0, 0.0, 0.0, 0.0, 0.0, 0.0, 0.0, 0.0, 0.0, 0.0, 0.0, 0.0, 0.0, 0.0, 0.0, 0.0, 0.0, 0.0, 0.0, 0.0, 0.0, 0.0, 0.0, 0.0, 0.0, 0.0, 0.0, 0.0], [0.0, 0.0, 0.0, 0.0, 0.9480486056392963, 0.0, 0.0, 0.0, 0.0, 0.0, 0.0, 0.0, 0.0, 0.0, 0.0, 0.0, 0.0, 0.0, 0.0, 0.0, 0.0, 0.0, 0.0, 0.0, 0.0, 0.0, 0.0, 0.0, 0.0, 0.0, 0.0, 0.0, 0.0, 0.0, 0.0, 0.0, 0.0, 0.0, 0.0, 0.0, 0.0, 0.0, 0.0, 0.0, 0.0], [0.0, 0.0, 0.0, 0.0, 0.0, 0.9633433807807454, 0.0, 0.0, 0.0, 0.0, 0.0, 0.0, 0.0, 0.0, 0.0, 0.0, 0.0, 0.0, 0.0, 0.0, 0.0, 0.0, 0.0, 0.0, 0.0, 0.0, 0.0, 0.0, 0.0, 0.0, 0.0, 0.0, 0.0, 0.0, 0.0, 0.0, 0.0, 0.0, 0.0, 0.0, 0.0, 0.0, 0.0, 0.0, 0.0], [0.0, 0.0, 0.0, 0.0, 0.0, 0.0, 0.976736376115282, 0.0, 0.0, 0.0, 0.0, 0.0, 0.0, 0.0, 0.0, 0.0, 0.0, 0.0, 0.0, 0.0, 0.0, 0.0, 0.0, 0.0, 0.0, 0.0, 0.0, 0.0, 0.0, 0.0, 0.0, 0.0, 0.0, 0.0, 0.0, 0.0, 0.0, 0.0, 0.0, 0.0, 0.0, 0.0, 0.0, 0.0, 0.0], [0.0, 0.0, 0.0, 0.0, 0.0, 0.0, 0.9759195454645941, 0.0, 0.0, 0.0, 0.0, 0.0, 0.0, 0.0, 0.0, 0.0, 0.0, 0.0, 0.0, 0.0, 0.0, 0.0, 0.0, 0.0, 0.0, 0.0, 0.0, 0.0, 0.0, 0.0, 0.0, 0.0, 0.0, 0.0, 0.0, 0.0, 0.0, 0.0, 0.0, 0.0, 0.0, 0.0, 0.0, 0.0, 0.0], [0.0, 0.0, 0.0, 0.0, 0.0, 0.0, 0.0, 0.9596099743243243, 0.0, 0.0, 0.0, 0.0, 0.0, 0.0, 0.0, 0.0, 0.0, 0.0, 0.0, 0.0, 0.0, 0.0, 0.0, 0.0, 0.0, 0.0, 0.0, 0.0, 0.0, 0.0, 0.0, 0.0, 0.0, 0.0, 0.0, 0.0, 0.0, 0.0, 0.0, 0.0, 0.0, 0.0, 0.0, 0.0, 0.0], [0.0, 0.0, 0.0, 0.0, 0.0, 0.0, 0.0, 0.9680301104008654, 0.0, 0.0, 0.0, 0.0, 0.0, 0.0, 0.0, 0.0, 0.0, 0.0, 0.0, 0.0, 0.0, 0.0, 0.0, 0.0, 0.0, 0.0, 0.0, 0.0, 0.0, 0.0, 0.0, 0.0, 0.0, 0.0, 0.0, 0.0, 0.0, 0.0, 0.0, 0.0, 0.0, 0.0, 0.0, 0.0, 0.0], [0.0, 0.0, 0.0, 0.0, 0.0, 0.0, 0.0, 0.0, 0.0, 0.9668293957112875, 0.0, 0.0, 0.0, 0.0, 0.0, 0.0, 0.0, 0.0, 0.0, 0.0, 0.0, 0.0, 0.0, 0.0, 0.0, 0.0, 0.0, 0.0, 0.0, 0.0, 0.0, 0.0, 0.0, 0.0, 0.0, 0.0, 0.0, 0.0, 0.0, 0.0, 0.0, 0.0, 0.0, 0.0, 0.0], [0.0, 0.0, 0.0, 0.0, 0.0, 0.0, 0.0, 0.0, 0.0, 0.0, 0.0, 0.8906222635173129, 0.0, 0.0, 0.0, 0.0, 0.0, 0.0, 0.0, 0.0, 0.0, 0.0, 0.0, 0.0, 0.0, 0.0, 0.0, 0.0, 0.0, 0.0, 0.0, 0.0, 0.0, 0.0, 0.0, 0.0, 0.0, 0.0, 0.0, 0.0, 0.0, 0.0, 0.0, 0.0, 0.0], [0.0, 0.0, 0.0, 0.0, 0.0, 0.0, 0.0, 0.0, 0.0, 0.0, 0.0, 0.0, 0.9664253304173549, 0.0, 0.0, 0.0, 0.0, 0.0, 0.0, 0.0, 0.0, 0.0, 0.0, 0.0, 0.0, 0.0, 0.0, 0.0, 0.0, 0.0, 0.0, 0.0, 0.0, 0.0, 0.0, 0.0, 0.0, 0.0, 0.0, 0.0, 0.0, 0.0, 0.0, 0.0, 0.0], [0.0, 0.0, 0.0, 0.0, 0.0, 0.0, 0.0, 0.0, 0.0, 0.0, 0.0, 0.0, 0.0, 0.9665772896470209, 0.0, 0.0, 0.0, 0.0, 0.0, 0.0, 0.0, 0.0, 0.0, 0.0, 0.0, 0.0, 0.0, 0.0, 0.0, 0.0, 0.0, 0.0, 0.0, 0.0, 0.0, 0.0, 0.0, 0.0, 0.0, 0.0, 0.0, 0.0, 0.0, 0.0, 0.0], [0.0, 0.0, 0.0, 0.0, 0.0, 0.0, 0.0, 0.0, 0.0, 0.0, 0.0, 0.0, 0.0, 0.0, 0.0, 0.9657179409152603, 0.0, 0.0, 0.0, 0.0, 0.0, 0.0, 0.0, 0.0, 0.0, 0.0, 0.0, 0.0, 0.0, 0.0, 0.0, 0.0, 0.0, 0.0, 0.0, 0.0, 0.0, 0.0, 0.0, 0.0, 0.0, 0.0, 0.0, 0.0, 0.0], [0.0, 0.0, 0.0, 0.0, 0.0, 0.0, 0.0, 0.0, 0.0, 0.0, 0.0, 0.0, 0.0, 0.0, 0.0, 0.0, 0.9762716057289516, 0.0, 0.0, 0.0, 0.0, 0.0, 0.0, 0.0, 0.0, 0.0, 0.0, 0.0, 0.0, 0.0, 0.0, 0.0, 0.0, 0.0, 0.0, 0.0, 0.0, 0.0, 0.0, 0.0, 0.0, 0.0, 0.0, 0.0, 0.0], [0.0, 0.0, 0.0, 0.0, 0.0, 0.0, 0.0, 0.0, 0.0, 0.0, 0.0, 0.0, 0.0, 0.0, 0.0, 0.0, 0.9777806317694911, 0.0, 0.0, 0.0, 0.0, 0.0, 0.0, 0.0, 0.0, 0.0, 0.0, 0.0, 0.0, 0.0, 0.0, 0.0, 0.0, 0.0, 0.0, 0.0, 0.0, 0.0, 0.0, 0.0, 0.0, 0.0, 0.0, 0.0, 0.0], [0.0, 0.0, 0.0, 0.0, 0.0, 0.0, 0.0, 0.0, 0.0, 0.0, 0.0, 0.0, 0.0, 0.0, 0.0, 0.0, 0.0, 0.9661513497221934, 0.0, 0.0, 0.0, 0.0, 0.0, 0.0, 0.0, 0.0, 0.0, 0.0, 0.0, 0.0, 0.0, 0.0, 0.0, 0.0, 0.0, 0.0, 0.0, 0.0, 0.0, 0.0, 0.0, 0.0, 0.0, 0.0, 0.0], [0.0, 0.0, 0.0, 0.0, 0.0, 0.0, 0.0, 0.0, 0.0, 0.0, 0.0, 0.0, 0.0, 0.0, 0.0, 0.0, 0.0, 0.0, 0.8951419968810149, 0.0, 0.0, 0.0, 0.0, 0.0, 0.0, 0.0, 0.0, 0.0, 0.0, 0.0, 0.0, 0.0, 0.0, 0.0, 0.0, 0.0, 0.0, 0.0, 0.0, 0.0, 0.0, 0.0, 0.0, 0.0, 0.0], [0.0, 0.0, 0.0, 0.0, 0.0, 0.0, 0.0, 0.0, 0.0, 0.0, 0.0, 0.0, 0.0, 0.0, 0.0, 0.0, 0.0, 0.0, 0.0, 0.9630336008345955, 0.0, 0.0, 0.0, 0.0, 0.0, 0.0, 0.0, 0.0, 0.0, 0.0, 0.0, 0.0, 0.0, 0.0, 0.0, 0.0, 0.0, 0.0, 0.0, 0.0, 0.0, 0.0, 0.0, 0.0, 0.0], [0.0, 0.0, 0.0, 0.0, 0.0, 0.0, 0.0, 0.0, 0.0, 0.0, 0.0, 0.0, 0.0, 0.0, 0.0, 0.0, 0.0, 0.0, 0.0, 0.0, 0.8698760911333177, 0.0, 0.0, 0.0, 0.0, 0.0, 0.0, 0.0, 0.0, 0.0, 0.0, 0.0, 0.0, 0.0, 0.0, 0.0, 0.0, 0.0, 0.0, 0.0, 0.0, 0.0, 0.0, 0.0, 0.0]], "Born radii": [], "Atomic SASAs": [], "Solvent H bonds": [], "Total SASA": NaN, "Total FOD": 0.0, "FOD": [0.0, 0.0, 0.0, 0.0, 0.0, 0.0, 0.0, 0.0, 0.0, 0.0, 0.0, 0.0, 0.0, 0.0, 0.0, 0.0, 0.0, 0.0, 0.0, 0.0, 0.0, 0.0, 0.0, 0.0, 0.0, 0.0, 0.0, 0.0, 0.0, 0.0, 0.0, 0.0, 0.0, 0.0, 0.0, 0.0, 0.0, 0.0, 0.0, 0.0, 0.0, 0.0, 0.0, 0.0, 0.0], "FOD s proportion": [0.0, 0.0, 0.0, 0.0, 0.0, 0.0, 0.0, 0.0, 0.0, 0.0, 0.0, 0.0, 0.0, 0.0, 0.0, 0.0, 0.0, 0.0, 0.0, 0.0, 0.0, 0.0, 0.0, 0.0, 0.0, 0.0, 0.0, 0.0, 0.0, 0.0, 0.0, 0.0, 0.0, 0.0, 0.0, 0.0, 0.0, 0.0, 0.0, 0.0, 0.0, 0.0, 0.0, 0.0, 0.0], "FOD p proportion": [0.0, 0.0, 0.0, 0.0, 0.0, 0.0, 0.0, 0.0, 0.0, 0.0, 0.0, 0.0, 0.0, 0.0, 0.0, 0.0, 0.0, 0.0, 0.0, 0.0, 0.0, 0.0, 0.0, 0.0, 0.0, 0.0, 0.0, 0.0, 0.0, 0.0, 0.0, 0.0, 0.0, 0.0, 0.0, 0.0, 0.0, 0.0, 0.0, 0.0, 0.0, 0.0, 0.0, 0.0, 0.0], "FOD d proportion": [0.0, 0.0, 0.0, 0.0, 0.0, 0.0, 0.0, 0.0, 0.0, 0.0, 0.0, 0.0, 0.0, 0.0, 0.0, 0.0, 0.0, 0.0, 0.0, 0.0, 0.0, 0.0, 0.0, 0.0, 0.0, 0.0, 0.0, 0.0, 0.0, 0.0, 0.0, 0.0, 0.0, 0.0, 0.0, 0.0, 0.0, 0.0, 0.0, 0.0, 0.0, 0.0, 0.0, 0.0, 0.0], "coordinates": [["-2.15990", "2.17760", "-1.00770"], ["-2.14030", "1.00210", "-0.01550"], ["-1.34790", "1.40120", "1.25100"], ["0.16900", "1.43600", "1.04600"], ["0.70430", "0.09150", "0.51450"], ["-0.02610", "-0.25100", "-0.80740"], ["0.52450", "-1.56030", "-1.37840"], ["1.98660", "-1.37580", "-1.77020"], ["2.81050", "-0.69540", "-0.70470"], ["4.21010", "-0.76120", "-0.81690"], ["5.02140", "-0.14850", "0.12710"], ["6.37160", "-0.24960", "-0.02960"], ["4.46450", "0.53560", "1.19620"], ["3.07380", "0.61580", "1.31140"], ["2.22310", "0.02990", "0.35510"], ["-1.55900", "-0.27760", "-0.66390"], ["-2.13820", "-1.44590", "0.16120"], ["-3.37260", "-0.89340", "0.88420"], ["-4.53440", "-1.67720", "0.62310"], ["-3.56650", "0.53750", "0.35120"], ["-4.40530", "0.48740", "-0.80740"], ["-1.15080", "2.50970", "-1.26980"], ["-2.65910", "1.91200", "-1.94590"], ["-2.69170", "3.03520", "-0.58080"], ["-1.68570", "2.38330", "1.60580"], ["-1.55360", "0.70570", "2.07360"], ["0.61790", "1.68090", "2.01450"], ["0.44600", "2.25030", "0.36570"], ["0.46640", "-0.67950", "1.26020"], ["0.20620", "0.54170", "-1.53510"], ["0.44020", "-2.36570", "-0.63800"], ["-0.04720", "-1.87270", "-2.26010"], ["2.04380", "-0.76910", "-2.68280"], ["2.41380", "-2.35930", "-2.00070"], ["4.67110", "-1.29650", "-1.64360"], ["6.80250", "0.23560", "0.69260"], ["5.08680", "1.00700", "1.94980"], ["2.66950", "1.13990", "2.17280"], ["-1.97720", "-0.37650", "-1.67720"], ["-1.42450", "-1.81130", "0.90640"], ["-2.38310", "-2.29330", "-0.48900"], ["-3.20070", "-0.88310", "1.96620"], ["-4.33640", "-2.58720", "0.90770"], ["-4.05620", "1.18350", "1.08680"], ["-5.00730", "-0.26950", "-0.64470"]], "bond_dist": [[0.0, 1.5383904738394607, 2.5226705393293036, 3.1924018324766075, 3.8564942227365, 3.239030794852065, 4.616851552735912, 5.513757345041582, 5.748983750194463, 7.017823742443236, 7.633451508983338, 8.923814862490143, 7.17189058547326, 5.933722249987777, 5.06759589253129, 2.5509383156007517, 3.807433564751984, 3.80538669519932, 4.812197203980735, 2.5524617098009523, 2.817572943155155, 1.0941981676095056, 1.0954283363141561, 1.0956881901344013, 2.664124693027712, 3.4682126506314455, 4.134800668714273, 2.9465620068140432, 4.494868464148868, 2.9245082971330407, 5.247739798236952, 4.736764416772276, 5.40000875832623, 6.518300568399711, 7.6900130442022006, 9.326682038645899, 7.914023723745084, 5.874989863821043, 2.6467029206165167, 4.485076942483819, 4.50641928142511, 4.392633645092657, 5.57756474189229, 2.995182590427502, 3.7719695346065563], [1.5383904738394607, 0.0, 1.5463508075465928, 2.5783556678627564, 3.033453728013664, 2.5820935033418135, 3.940120456280493, 5.075892444683989, 5.278913101198011, 6.639205450202607, 7.254940524222096, 8.603452406447078, 6.731212534157572, 5.394138495626526, 4.485730348560868, 1.5478902868097597, 2.4543698376569085, 2.433298919163036, 3.649407247759559, 1.5441400487002468, 2.454026629847362, 2.1966420964736155, 2.196250352305037, 2.1810780958049167, 2.1778402811041953, 2.1900704691858657, 3.491323055805635, 2.8969405188923023, 3.354112988555991, 2.8332339419822, 4.288188818137559, 4.205207701172441, 5.26861761185987, 5.998321082603032, 7.37085080095914, 9.003477089436059, 7.489552891194507, 5.28600243757038, 2.1652682189511765, 3.045897045206879, 3.3380855666085014, 2.933523834912544, 4.307926176247685, 2.2178016277386035, 3.1988354443453324], [2.5226705393293036, 1.5463508075465928, 0.0, 1.5310851217355619, 2.5434762000065976, 2.9519367608402454, 4.3806515919438285, 5.287557913630828, 5.051018175576089, 6.312174599137765, 6.6507671580051575, 7.99723435007378, 5.876755921424677, 4.4913174247652545, 3.9287582643883807, 2.55534237627759, 3.14932001232012, 3.082067729625681, 4.474884045425088, 2.545152979685111, 3.797332716526167, 2.760806639371906, 3.4928973202772506, 2.798436291931621, 1.0975027517049787, 1.0966783940609024, 2.1273302470467534, 2.1732013505425587, 2.760630656208831, 3.3039855129827673, 4.577680441009398, 4.973737519210277, 5.629264021166533, 6.234204041415392, 7.203100405381005, 8.25223933729506, 6.484526133033932, 4.130072116803774, 3.482899800453639, 3.231837398446896, 4.212905089127928, 3.026946542309593, 4.995630260537704, 2.7219926193874953, 4.447035567656278], [3.1924018324766075, 2.5783556678627564, 1.5310851217355619, 0.0, 1.5416609841336715, 2.513786898287124, 3.87064714227479, 4.3750281644807725, 3.819075634234023, 4.962718353886305, 5.1865984247867125, 6.516932520749314, 4.391423510662573, 3.0300211616422743, 2.583367343216988, 2.9742506568882185, 3.7962337243641886, 4.242076632971168, 5.656220488099805, 3.9043577628081163, 5.025848586059871, 2.8736098151976033, 4.144416873336947, 3.658896468882387, 2.156540150333399, 2.134631258554976, 1.095207500887389, 1.096641044280215, 2.1470138914315386, 2.7318919341730927, 4.166812730373181, 4.682364289544332, 4.720306186043443, 5.359646445429027, 5.913493791321676, 6.7504943500457815, 5.018530888616708, 2.758596327845015, 3.9124351662359853, 3.6199016146851286, 4.772537888796694, 4.19283566813678, 6.041845271934726, 4.2329346711235685, 5.706249068346035], [3.8564942227365, 3.033453728013664, 2.5434762000065976, 1.5416609841336715, 0.0, 1.5486155171636373, 2.5186984118786433, 3.0028514232309265, 2.5576822887137487, 3.845823304573417, 4.3410864043462665, 5.703567594935647, 3.847212463589709, 2.5543042790552577, 1.5283835775092587, 2.578252947249358, 3.250880788340292, 4.210441747607963, 5.5302867321685945, 4.297128754179935, 5.292652319962082, 3.531687095426207, 4.547554064549425, 4.625782936974021, 3.4864570741656924, 2.811787129211598, 2.1871573605938828, 2.179283774546124, 1.098683712448674, 2.1567669809230665, 2.726873099357577, 3.481556986464533, 3.571781054320099, 3.9057703375902686, 4.724345653103719, 6.1025017541988476, 4.701545766022064, 2.7768889949005886, 3.4947124545518764, 2.8820171564374837, 4.028190915286911, 4.27858657152102, 5.721773887528238, 4.917555443510525, 5.839215717885407], [3.239030794852065, 2.5820935033418135, 2.9519367608402454, 2.513786898287124, 1.5486155171636373, 0.0, 1.5308389366618553, 2.4986236551349625, 2.873036409445589, 4.266823728489378, 5.134301583467804, 6.444807218994219, 4.979823378394057, 3.8535744043679756, 2.547393118464443, 1.539831880433705, 2.6128410552500125, 3.804372559305936, 4.94015643274583, 3.807692000411798, 4.441016460226195, 3.016658472548724, 3.5926926183574346, 4.237438065624087, 3.9392058704769415, 3.398336672550264, 3.4799559221346468, 2.802774288093852, 2.1682108430685427, 1.1008559715058095, 2.172116051227466, 2.1773133421719533, 2.8407813678634266, 3.438314382077358, 4.884259261136738, 7.008320591982076, 5.943606838444144, 4.252346906121372, 2.139881655606216, 2.706874413414852, 3.134934903630377, 4.262686069839063, 5.1940431784882195, 4.6784067694034475, 4.983890747197415], [4.616851552735912, 3.940120456280493, 4.3806515919438285, 3.87064714227479, 2.5186984118786433, 1.5308389366618553, 0.0, 1.5248881598333694, 2.535294795482372, 3.8128061083669076, 4.947910579224326, 6.142131091079056, 5.152180312256162, 4.297599997673119, 2.901551352294148, 2.5488824590396475, 3.0778932421382, 4.555381738120308, 5.441703508093766, 4.91208326476659, 5.36861661231271, 4.402649662419211, 4.744916490308338, 5.665573973570551, 5.416863911895886, 4.622722099585914, 4.693172851067815, 4.191505626860114, 2.7823361065838186, 2.1317302315255557, 1.0972546696186807, 1.0962798639033737, 2.1530743809724733, 2.1436214171350314, 4.16343764694513, 6.85037092499377, 6.203428553630645, 4.9500632804035956, 2.7837325248665685, 3.0136212502569064, 3.127692299443793, 5.051936662310801, 5.468923626272358, 5.881195624190713, 5.727590380779686], [5.513757345041582, 5.075892444683989, 5.287557913630828, 4.3750281644807725, 3.0028514232309265, 2.4986236551349625, 1.5248881598333694, 0.0, 1.5089882769591023, 2.4960902026970095, 3.783652153673749, 4.850385531068639, 4.31195632283074, 3.8268437334179195, 2.559067179657463, 3.873141139953461, 4.555128429583517, 5.99996447989486, 6.95285321648602, 6.2448358233023225, 6.727175015561882, 5.019042654730083, 5.694122216812701, 6.538966604135549, 6.24611848270588, 5.62498504264678, 5.053781620727196, 4.4815308076593645, 3.4610931640162477, 2.6271472018141657, 2.1571119141110873, 2.150175355639628, 1.0973584145574315, 1.0967690458797608, 2.6886532502351432, 5.644013342471827, 5.396978402773166, 4.726769287790551, 4.088882479357899, 4.357688724541945, 4.645164989534817, 6.411826536954972, 6.972730266545524, 7.15736664772736, 7.169748053453483], [5.748983750194463, 5.278913101198011, 5.051018175576089, 3.819075634234023, 2.5576822887137487, 2.873036409445589, 2.535294795482372, 1.5089882769591023, 0.0, 1.4056310468967306, 2.4246792901330267, 3.6518393803671043, 2.804371196899583, 2.41934527093592, 1.4121879796967542, 4.389618631498641, 5.079632343979238, 6.387059794615985, 7.528249470494452, 6.580356845946882, 7.312819755060287, 5.126782783578801, 6.185114094339731, 6.6488294014811355, 5.918835897370361, 5.359794857081752, 4.224730179549932, 3.926036793001309, 3.058739876158154, 3.0003931509053943, 2.9004608375222034, 3.4600222166916796, 2.1227671068678258, 2.1460545426433133, 2.1690289947347408, 4.330735767742012, 3.8892258484176514, 3.415876657609288, 4.8958681303727944, 4.666487010589444, 5.4381331226809815, 6.580536721271298, 7.566830288172189, 7.34106983688345, 7.829622446197518], [7.017823742443236, 6.639205450202607, 6.312174599137765, 4.962718353886305, 3.845823304573417, 4.266823728489378, 3.8128061083669076, 2.4960902026970095, 1.4056310468967306, 0.0, 1.3873517866784906, 2.356620058473576, 2.4081073917082683, 2.777943048372302, 2.4387685847574794, 5.791355002933252, 6.459598020774977, 7.772294213422443, 8.909485745541096, 7.970356758640105, 8.705412647887522, 6.296280968158902, 7.456979809547562, 7.880560856309657, 7.107588422242807, 6.6126411931995825, 5.185034157071677, 4.963479003682799, 4.28209166062568, 4.271366860853795, 4.101045168002908, 4.630643775977591, 2.859108411725585, 2.6799253235864615, 1.0874281493505675, 3.1611292681571883, 3.3984942283311295, 3.863409848825257, 6.25865732166253, 5.985080622681703, 6.776808619106784, 7.917099333720653, 8.907928121061598, 8.702737929525396, 9.232111594321204], [7.633451508983338, 7.254940524222096, 6.6507671580051575, 5.1865984247867125, 4.3410864043462665, 5.134301583467804, 4.947910579224326, 3.783652153673749, 2.4246792901330267, 1.3873517866784906, 0.0, 1.3630172926269133, 1.3860394042017707, 2.4041353414481472, 2.8132354060760716, 6.629027980782703, 7.276282136503504, 8.460928579062703, 9.690007911761475, 8.618169365938453, 9.494226242827795, 6.863920868570674, 8.217850661821497, 8.37430472994624, 7.319955965714548, 6.910075606677542, 5.128332611093006, 5.17160096681869, 4.723759266728142, 5.140567665151389, 5.146721994629202, 5.8619361511364145, 4.140867557650208, 4.02675393338108, 2.13915697881198, 1.907784125628474, 2.1590953429619546, 3.3728766149979457, 7.231036194764896, 6.702375634056928, 7.733457603168198, 8.457236805245552, 9.701804723349158, 9.224861508445533, 10.059082459648097], [8.923814862490143, 8.603452406447078, 7.99723435007378, 6.516932520749314, 5.703567594935647, 6.444807218994219, 6.142131091079056, 4.850385531068639, 3.6518393803671043, 2.356620058473576, 1.3630172926269133, 0.0, 2.3991988433641755, 3.6636979951955646, 4.1756636107330305, 7.9559749151188255, 8.595593892803452, 9.808105959868092, 11.018388949841986, 9.976490698637473, 10.83003764767233, 8.10791799970868, 9.48146943991278, 9.65593803677302, 8.632889369150979, 8.254988998781283, 6.40392369957669, 6.443484884749866, 6.059685230273929, 6.395689415536061, 6.326889893936831, 6.986456705655593, 5.102862268374485, 4.89900501530668, 2.567624555888185, 0.9709102378695984, 2.6735330482341153, 4.526236893932972, 8.510766758054178, 8.005883967432952, 9.001807048587521, 9.79864619118376, 11.000189500640433, 10.58485415156959, 11.39553023031399], [7.17189058547326, 6.731212534157572, 5.876755921424677, 4.391423510662573, 3.847212463589709, 4.979823378394057, 5.152180312256162, 4.31195632283074, 2.804371196899583, 2.4081073917082683, 1.3860394042017707, 2.3991988433641755, 0.0, 1.39776592103256, 2.446846063813578, 6.356399806494239, 6.970883340007922, 7.972422555911095, 9.28467170448153, 8.07533216716192, 9.093409054914446, 6.442811567941438, 7.906512905826436, 7.785687355654606, 6.434805940352825, 6.08410160829025, 4.0960540206398655, 4.447276536263515, 4.179158721561075, 5.058967858170281, 5.289312036550689, 6.172629542585558, 4.754857682412797, 4.775561339779859, 3.3858142314663398, 2.4103644869604266, 1.0850752093749079, 2.13095073852025, 7.112232621336284, 6.34604165208518, 7.598170833167678, 7.8333199047402635, 9.34296274743724, 8.545997382400722, 9.682566501708108], [5.933722249987777, 5.394138495626526, 4.4913174247652545, 3.0300211616422743, 2.5543042790552577, 3.8535744043679756, 4.297599997673119, 3.8268437334179195, 2.41934527093592, 2.777943048372302, 2.4041353414481472, 3.6636979951955646, 1.39776592103256, 0.0, 1.4076501660568934, 5.1149593830254405, 5.721757678371219, 6.6344749181830505, 7.975983521171543, 6.709821087033543, 7.774492704350555, 5.3006316425497815, 6.719842270470342, 6.532603420536104, 5.0856236451393055, 4.6906142039182885, 2.767712490487406, 3.2359344214615966, 2.911865087877527, 4.041185818543858, 4.430050966975436, 5.356200659049286, 4.351147164829063, 4.500758427198687, 3.8652663013044783, 3.7987720608112308, 2.1477339220676295, 1.0863467494313221, 5.9522256551646295, 5.127332864170222, 6.440656843832001, 6.484197290335944, 8.082898411461077, 7.156090304768379, 8.361474780802725], [5.06759589253129, 4.485730348560868, 3.9287582643883807, 2.583367343216988, 1.5283835775092587, 2.547393118464443, 2.901551352294148, 2.559067179657463, 1.4121879796967542, 2.4387685847574794, 2.8132354060760716, 4.1756636107330305, 2.446846063813578, 1.4076501660568934, 0.0, 3.929019936319998, 4.608309944003333, 5.695988780712265, 6.974942340980318, 5.8118104864147115, 6.7451018569032755, 4.491426194428669, 5.716010693656897, 5.836351252280829, 4.730904722143536, 4.2039755922222, 2.838322814621339, 2.8440064926086226, 2.099630743726144, 2.811170732986526, 3.1470429580798545, 3.9513820227864582, 3.1463289561010623, 3.3607196803660973, 3.4273667224270006, 4.5964250347416735, 3.4203172645238626, 2.176098860346193, 4.683793797766934, 4.122976460034668, 5.227508153030467, 5.7312144131937695, 7.083898603170432, 6.426179762502757, 7.305335348907673], [2.5509383156007517, 1.5478902868097597, 2.55534237627759, 2.9742506568882185, 2.578252947249