{"total energy": -56.74104433, "HOMO-LUMO gap/eV": 2.57909677, "electronic energy": -57.31463023, "dipole": [0.39857734, 1.21281911, 1.87240479], "partial charges": [-0.11189553, 0.09565808, -0.27382062, 0.38813332, -0.38843256, -0.2700763, 0.09957801, -0.11290634, -0.12327439, 0.0399705, -0.13258118, 0.04787521, -0.02821783, -0.03871629, 0.10075435, -0.16029936, -0.0386557, -0.02988545, 0.0592154, 0.05601212, 0.0575127, 0.04608971, 0.03817219, 0.04447581, 0.05728219, 0.06244932, 0.05862552, 0.05213893, 0.08203005, 0.06455141, 0.06837046, 0.06592373, 0.06468253, 0.05926001], "atomic dipole moments": [[0.00693518, 0.05369318, -0.13566308], [-0.14041543, -0.20451626, -0.10873651], [0.06889512, 0.17805525, -0.03153206], [0.13110696, 0.22897002, 0.14236005], [0.19079288, 0.30688056, 0.19327136], [-0.10965541, -0.146503, 0.08922792], [0.2558632, 0.05110247, -0.1020328], [0.01933528, -0.14002086, -0.03579293], [-0.31415713, -0.38014884, 0.15429531], [0.03708607, 0.17450298, 0.01230508], [-0.31489983, 0.0778622, 0.21912472], [-0.01781228, -0.0427124, -0.14823281], [0.0048256, -0.02195609, 0.01638836], [-0.00782184, -0.03431671, 0.01998872], [0.04012534, 0.0654086, 0.23336252], [0.04062333, 0.00825406, 0.04325518], [0.01499728, 0.03878998, -0.0024586], [0.00768513, 0.02001111, 0.00119739], [-0.11933951, -0.01426919, 0.04505186], [0.0652673, 0.08097786, 0.07714442], [0.05043844, -0.11830075, 0.0103859], [-0.05752431, 0.10618775, -0.01018425], [0.11360871, 0.00342496, -0.04295968], [0.00767879, -0.07536386, 0.09601608], [-0.08217458, -0.03705296, -0.08523608], [0.0042867, 0.08217338, -0.09995073], [-0.11545238, 0.01019053, 0.05894382], [0.08953532, 0.04419805, 0.07796752], [-0.04306383, -0.05726864, -0.10694958], [-0.03682211, -0.07242777, 0.1018361], [0.02247053, 0.10436958, -0.1133255], [0.04811867, 0.14536275, 0.02921344], [-0.02142943, -0.10593089, 0.1121857], [-0.04248305, -0.1451805, -0.02932481]], "atomic quadrupole moments": [[-0.14648479, 0.00477128, -0.10286277, 0.00761723, -0.12207381, 0.24934757], [-0.17674755, 0.27603309, -0.00958486, 0.23495855, 0.19420163, 0.18633241], [-0.05844551, 0.07302386, 0.0075281, 0.0697798, 0.02436681, 0.05091741], [0.34295385, -0.49860231, -0.42783035, -0.333552, -0.23073577, 0.0848765], [0.00076666, 0.43947462, 0.17466266, 0.22330409, 0.27956957, -0.17542932], [0.05458764, -0.0285796, 0.02274106, -0.06944501, -0.00970739, -0.07732871], [0.29324064, -0.07809096, -0.07810028, -0.34818204, 0.09439341, -0.21514036], [-0.11468464, -0.07835893, 0.22713623, -0.02536106, 0.12280437, -0.11245159], [0.2671595, -0.11746574, 0.17584287, -0.3895409, -0.09536273, -0.44300237], [0.23326975, -0.15290953, 0.14308809, -0.02407724, 0.00812406, -0.37635783], [0.40111788, 0.0693502, -0.53863723, 0.10612543, 0.20919149, 0.13751935], [0.28443564, -0.19149686, -0.33706406, 0.00058191, 0.15717358, 0.05262842], [0.46530978, -0.23387043, -0.21262439, -0.05446636, 0.04081353, -0.25268539], [0.44221123, -0.22315452, -0.20748817, -0.05617766, 0.00809858, -0.23472307], [0.24224304, -0.18570332, -0.3648561, 0.0453104, 0.1849444, 0.12261306], [-0.19095418, 0.01597359, -0.18989495, 0.09502765, 0.1779692, 0.38084913], [0.44531488, -0.20804062, -0.18995836, -0.05569733, 0.03781932, -0.25535651], [0.46432863, -0.22065701, -0.22119717, -0.05759281, 0.02812611, -0.24313146], [0.07214352, -0.00291025, -0.04444376, -0.03060444, -0.01172743, -0.02769975], [-0.01479906, 0.04922062, 0.01430463, 0.03561788, 0.04137697, 0.00049443], [-0.01962236, -0.05303026, 0.05119814, -0.00980308, -0.00224885, -0.03157578], [-0.01352496, -0.02321233, 0.02023657, 0.02191912, 0.01367076, -0.00671161], [0.03102204, 0.00860822, -0.03480626, -0.00961384, 0.01829253, 0.00378422], [-0.00617002, -0.01995522, -0.0103435, -0.01711262, -0.02519409, 0.01651352], [0.02346944, -0.00125123, -0.02867022, 0.01692566, 0.0229929, 0.00520078], [-0.05187355, 0.00073259, 0.00234869, 0.00442691, -0.04746933, 0.04952486], [0.0598671, 0.00145452, -0.03480263, -0.05349154, 0.00280284, -0.02506448], [0.01689278, 0.0168944, -0.02339818, 0.06516014, 0.01716376, 0.0065054], [-0.01013874, -0.02223835, -0.00129172, 0.02662437, 0.03523881, 0.01143046], [-0.00265319, -0.01810781, -0.00725724, -0.02742643, -0.03075423, 0.00991043], [-0.05421847, 0.02901646, 0.02236228, 0.01165239, 0.00977592, 0.03185619], [-0.05298403, 0.02337617, 0.0153985, 0.00765361, 8.972e-05, 0.03758552], [-0.05265907, 0.02463331, 0.01866781, 0.00942466, 0.00386858, 0.03399126], [-0.05787024, 0.0254573, 0.01444667, 0.00921741, -0.0043247, 0.04342357]], "number of molecular orbitals": 113, "number of electrons": 102, "number of unpaired electrons": 0, "orbital energies/eV": [-29.21874822, -20.62027106, -20.36768367, -20.139384, -20.0697148, -19.06949031, -18.64850426, -18.57060031, -18.274933, -17.73243818, -17.71321324, -17.34333327, -17.20001259, -16.93626731, -16.75616158, -16.64503309, -16.40881672, -16.3647345, -16.16643881, -15.48687423, -15.34426479, -15.19272217, -15.11379688, -14.9469494, -14.77108192, -14.67004259, -14.39789536, -14.2952831, -14.09841169, -14.00493992, -13.93401785, -13.89457619, -13.64981542, -13.5850589, -13.45984679, -13.3532216, -13.19188377, -13.11249223, -12.81282631, -12.70889926, -12.57249351, -12.5051134, -12.39311584, -12.23098623, -12.01517875, -11.86984924, -11.45237598, -11.17339197, -10.56373141, -10.13210276, -10.11616594, -7.53706917, -7.2243539, -6.85412847, -6.46434106, -5.48791819, -4.64012563, -4.49539849, -4.16712438, -4.06630979, -3.78852429, -3.23270559, -0.94518621, -0.8421386, -0.82478053, -0.46486748, -0.21474075, -0.09772607, 0.04081194, 0.0426902, 0.17865446, 0.41515584, 0.45966926, 0.62436158, 0.64876001, 1.0827131, 1.56482056, 2.11642318, 2.47921229, 2.60794067, 2.70191221, 2.71919853, 3.12598684, 3.16533732, 3.44534117, 3.61568928, 3.68922718, 3.77310462, 3.94017432, 4.0901253, 4.26697245, 4.39814443, 4.68388245, 4.91538357, 5.28811448, 5.74187599, 6.13894134, 6.35472932, 6.44391652, 6.67061899, 7.90759184, 8.89896573, 9.74354289, 9.80725159, 11.10275441, 11.13960956, 11.6015431, 12.66634754, 15.38675238, 15.91844253, 26.43986692, 27.51890324, 35.11204196], "fractional occupation": [2.0, 2.0, 2.0, 2.0, 2.0, 2.0, 2.0, 2.0, 2.0, 2.0, 2.0, 2.0, 2.0, 2.0, 2.0, 2.0, 2.0, 2.0, 2.0, 2.0, 2.0, 2.0, 2.0, 2.0, 2.0, 2.0, 2.0, 2.0, 2.0, 2.0, 2.0, 2.0, 2.0, 2.0, 2.0, 2.0, 2.0, 2.0, 2.0, 2.0, 2.0, 2.0, 2.0, 2.0, 2.0, 2.0, 2.0, 2.0, 2.0, 2.0, 2.0, 0.0, 0.0, 0.0, 0.0, 0.0, 0.0, 0.0, 0.0, 0.0, 0.0, 0.0, 0.0, 0.0, 0.0, 0.0, 0.0, 0.0, 0.0, 0.0, 0.0, 0.0, 0.0, 0.0, 0.0, 0.0, 0.0, 0.0, 0.0, 0.0, 0.0, 0.0, 0.0, 0.0, 0.0, 0.0, 0.0, 0.0, 0.0, 0.0, 0.0, 0.0, 0.0, 0.0, 0.0, 0.0, 0.0, 0.0, 0.0, 0.0, 0.0, 0.0, 0.0, 0.0, 0.0, 0.0, 0.0, 0.0, 0.0, 0.0, 0.0, 0.0, 0.0], "program call": "xtb /home/svss/Project-DBcg-Debug/aqme2_20220329/End-to-End-workflows-final/example-3/QDESCP/mol_219_rdkit_conf_11/mol_219_rdkit_conf_11.xyz --pop --wbo --acc 0.2 --gfn 2 --chrg 0 --uhf 0 --etemp 300 --input /home/svss/Project-DBcg-Debug/aqme2_20220329/End-to-End-workflows-final/example-3/QDESCP/mol_219_rdkit_conf_11/mol_219_rdkit_conf_11_xtb.inp", "method": "GFN2-xTB", "xtb version": "6.3.3 (7355c4f)", "Dipole module/D": 5.76, "Total charge": 0, "Transition dipole module/D": NaN, "HOMO": -10.1162, "LUMO": -7.5371, "HOMO occupancy": 2.0, "LUMO occupancy": 0, "mulliken charges": [-0.09633, 0.20615, -0.38502, 0.37806, -0.21751, -0.38547, 0.2135, -0.0965, -0.08089, 0.08352, -0.1085, 0.05564, -0.02946, -0.04944, 0.11028, -0.11116, -0.04838, -0.03307, 0.04145, 0.03144, 0.03971, 0.03088, 0.01551, 0.03235, 0.02918, 0.04343, 0.03281, 0.03692, 0.04554, 0.04357, 0.04202, 0.04417, 0.04431, 0.04129], "cm5 charges": [-0.24298, 0.12739, -0.4487, 0.31762, -0.18783, -0.44866, 0.13508, -0.24315, -0.08172, 0.01273, -0.14583, 0.05997, -0.0802, -0.10142, 0.10273, -0.1133, -0.10055, -0.08449, 0.0948, 0.08286, 0.09336, 0.09893, 0.08222, 0.09999, 0.09338, 0.09674, 0.08404, 0.09037, 0.10351, 0.10475, 0.09878, 0.10065, 0.10082, 0.09811], "FUKUI+": [0.009, 0.009, 0.003, -0.078, -0.078, -0.004, 0.006, 0.006, -0.116, 0.025, -0.177, -0.019, -0.017, -0.02, -0.044, -0.102, -0.016, -0.02, -0.019, -0.009, -0.002, -0.015, 0.012, -0.009, -0.014, -0.01, -0.018, -0.005, -0.048, -0.038, -0.043, -0.052, -0.051, -0.046], "FUKUI-": [0.009, 0.01, 0.005, -0.096, -0.271, -0.002, 0.011, 0.007, -0.093, 0.052, -0.232, 0.017, -0.005, -0.011, -0.011, -0.108, -0.009, -0.005, -0.016, -0.015, -0.007, -0.015, -0.001, -0.008, -0.009, -0.013, -0.021, -0.01, -0.028, -0.027, -0.019, -0.031, -0.029, -0.018], "FUKUIrad": [0.009, 0.009, 0.004, -0.087, -0.175, -0.003, 0.008, 0.007, -0.104, 0.038, -0.205, -0.001, -0.011, -0.015, -0.028, -0.105, -0.013, -0.012, -0.017, -0.012, -0.004, -0.015, 0.005, -0.008, -0.011, -0.012, -0.02, -0.007, -0.038, -0.033, -0.031, -0.041, -0.04, -0.032], "s proportion": [1.012, 0.992, 1.658, 1.518, 1.891, 1.649, 0.994, 1.013, 1.909, 1.046, 1.927, 1.088, 1.068, 1.063, 1.079, 1.943, 1.063, 1.068, 0.959, 0.969, 0.96, 0.969, 0.984, 0.968, 0.971, 0.957, 0.967, 0.963, 0.954, 0.956, 0.958, 0.956, 0.956, 0.959], "p proportion": [3.084, 2.801, 4.727, 2.028, 4.341, 4.736, 2.792, 3.084, 4.174, 2.87, 4.176, 2.857, 2.961, 2.986, 2.81, 5.178, 2.985, 2.965, 0.0, 0.0, 0.0, 0.0, 0.0, 0.0, 0.0, 0.0, 0.0, 0.0, 0.0, 0.0, 0.0, 0.0, 0.0, 0.0], "d proportion": [0.0, 0.0, 0.0, 1.075, -0.014, 0.0, 0.0, 0.0, -0.002, 0.0, 0.005, 0.0, 0.0, 0.0, 0.0, -0.011, 0.0, 0.0, 0.0, 0.0, 0.0, 0.0, 0.0, 0.0, 0.0, 0.0, 0.0, 0.0, 0.0, 0.0, 0.0, 0.0, 0.0, 0.0], "Fermi-level/eV": -8.8266, "Coordination numbers": [3.749, 3.885, 1.658, 3.9, 0.926, 1.657, 3.894, 3.749, 2.029, 3.794, 2.143, 2.956, 2.949, 2.948, 2.879, 0.966, 2.948, 2.942, 0.924, 0.924, 0.924, 0.924, 0.924, 0.924, 0.924, 0.924, 0.924, 0.924, 0.924, 0.924, 0.925, 0.925, 0.925, 0.925], "Dispersion coefficient C6": [22.707, 18.956, 18.558, 144.133, 156.081, 18.494, 18.892, 22.727, 146.224, 19.91, 146.625, 26.924, 28.705, 28.962, 25.766, 104.177, 28.96, 28.746, 2.208, 2.246, 2.228, 2.369, 2.473, 2.39, 2.231, 2.171, 2.215, 2.294, 1.958, 2.147, 2.104, 2.131, 2.145, 2.208], "Total dispersion C6": 21127.197522, "Total dispersion C8": 678880.584895, "Polarizability alpha": [6.796, 6.19, 5.815, 21.566, 21.131, 5.805, 6.179, 6.799, 20.352, 6.354, 20.38, 8.511, 8.787, 8.827, 8.321, 15.615, 8.826, 8.793, 2.324, 2.344, 2.334, 2.407, 2.459, 2.418, 2.336, 2.304, 2.328, 2.368, 2.188, 2.291, 2.268, 2.283, 2.29, 2.324], "Total polarizability alpha": 232.316556, "Wiberg matrix": [[0.0, 1.0149991658351318, 0.0, 0.0, 0.0, 0.0, 0.0, 0.0, 0.0, 0.0, 0.0, 0.0, 0.0, 0.0, 0.0, 0.0, 0.0, 0.0, 0.9847306789501468, 0.9812550373384605, 0.9845648062734398, 0.0, 0.0, 0.0, 0.0, 0.0, 0.0, 0.0, 0.0, 0.0, 0.0, 0.0, 0.0, 0.0], [1.0149991658351318, 0.0, 0.9200713339328278, 0.0, 0.0, 0.0, 0.0, 0.0, 0.0, 0.0, 0.0, 0.0, 0.0, 0.0, 0.0, 0.0, 0.0, 0.0, 0.0, 0.0, 0.0, 0.9679191734280792, 0.9687996169135742, 0.0, 0.0, 0.0, 0.0, 0.0, 0.0, 0.0, 0.0, 0.0, 0.0, 0.0], [0.0, 0.9200713339328278, 0.0, 1.223871716173713, 0.0, 0.0, 0.0, 0.0, 0.0, 0.0, 0.0, 0.0, 0.0, 0.0, 0.0, 0.0, 0.0, 0.0, 0.0, 0.0, 0.0, 0.0, 0.0, 0.0, 0.0, 0.0, 0.0, 0.0, 0.0, 0.0, 0.0, 0.0, 0.0, 0.0], [0.0, 0.0, 1.223871716173713, 0.0, 1.5910786966636816, 1.2281875010146448, 0.0, 0.0, 1.0037705452226107, 0.0, 0.0, 0.0, 0.0, 0.0, 0.0, 0.0, 0.0, 0.0, 0.0, 0.0, 0.0, 0.0, 0.0, 0.0, 0.0, 0.0, 0.0, 0.0, 0.0, 0.0, 0.0, 0.0, 0.0, 0.0], [0.0, 0.0, 0.0, 1.5910786966636816, 0.0, 0.0, 0.0, 0.0, 0.1351719496540859, 0.0, 0.0, 0.0, 0.0, 0.0, 0.0, 0.0, 0.0, 0.0, 0.0, 0.0, 0.0, 0.0, 0.0, 0.0, 0.0, 0.0, 0.0, 0.0, 0.0, 0.0, 0.0, 0.0, 0.0, 0.0], [0.0, 0.0, 0.0, 1.2281875010146448, 0.0, 0.0, 0.9119972651214354, 0.0, 0.0, 0.0, 0.0, 0.0, 0.0, 0.0, 0.0, 0.0, 0.0, 0.0, 0.0, 0.0, 0.0, 0.0, 0.0, 0.0, 0.0, 0.0, 0.0, 0.0, 0.0, 0.0, 0.0, 0.0, 0.0, 0.0], [0.0, 0.0, 0.0, 0.0, 0.0, 0.9119972651214354, 0.0, 1.0147877034745554, 0.0, 0.0, 0.0, 0.0, 0.0, 0.0, 0.0, 0.0, 0.0, 0.0, 0.0, 0.0, 0.0, 0.0, 0.0, 0.9681153261935265, 0.9701667824827258, 0.0, 0.0, 0.0, 0.0, 0.0, 0.0, 0.0, 0.0, 0.0], [0.0, 0.0, 0.0, 0.0, 0.0, 0.0, 1.0147877034745554, 0.0, 0.0, 0.0, 0.0, 0.0, 0.0, 0.0, 0.0, 0.0, 0.0, 0.0, 0.0, 0.0, 0.0, 0.0, 0.0, 0.0, 0.0, 0.9840912290624411, 0.9801651915365811, 0.9846824259370404, 0.0, 0.0, 0.0, 0.0, 0.0, 0.0], [0.0, 0.0, 0.0, 1.0037705452226107, 0.1351719496540859, 0.0, 0.0, 0.0, 0.0, 0.9657229052359225, 0.0, 0.0, 0.0, 0.0, 0.0, 0.0, 0.0, 0.0, 0.0, 0.0, 0.0, 0.0, 0.0, 0.0, 0.0, 0.0, 0.0, 0.0, 0.0, 0.0, 0.0, 0.0, 0.0, 0.0], [0.0, 0.0, 0.0, 0.0, 0.0, 0.0, 0.0, 0.0, 0.9657229052359225, 0.0, 0.9937760366595592, 0.0, 0.0, 0.0, 0.0, 0.0, 0.0, 0.0, 0.0, 0.0, 0.0, 0.0, 0.0, 0.0, 0.0, 0.0, 0.0, 0.0, 0.9678389660550135, 0.9647669539864697, 0.0, 0.0, 0.0, 0.0], [0.0, 0.0, 0.0, 0.0, 0.0, 0.0, 0.0, 0.0, 0.0, 0.9937760366595592, 0.0, 1.0001678333001007, 0.0, 0.0, 0.0, 0.0, 0.0, 0.0, 0.0, 0.0, 0.0, 0.0, 0.0, 0.0, 0.0, 0.0, 0.0, 0.0, 0.0, 0.0, 0.0, 0.0, 0.0, 0.0], [0.0, 0.0, 0.0, 0.0, 0.0, 0.0, 0.0, 0.0, 0.0, 0.0, 1.0001678333001007, 0.0, 1.4062391197005855, 0.0, 0.0, 0.0, 0.0, 1.4051984226286847, 0.0, 0.0, 0.0, 0.0, 0.0, 0.0, 0.0, 0.0, 0.0, 0.0, 0.0, 0.0, 0.0, 0.0, 0.0, 0.0], [0.0, 0.0, 0.0, 0.0, 0.0, 0.0, 0.0, 0.0, 0.0, 0.0, 0.0, 1.4062391197005855, 0.0, 1.440920659291827, 0.0, 0.0, 0.10704491550002698, 0.0, 0.0, 0.0, 0.0, 0.0, 0.0, 0.0, 0.0, 0.0, 0.0, 0.0, 0.0, 0.0, 0.9660525966139374, 0.0, 0.0, 0.0], [0.0, 0.0, 0.0, 0.0, 0.0, 0.0, 0.0, 0.0, 0.0, 0.0, 0.0, 0.0, 1.440920659291827, 0.0, 1.3991564868741269, 0.0, 0.0, 0.10789442026843757, 0.0, 0.0, 0.0, 0.0, 0.0, 0.0, 0.0, 0.0, 0.0, 0.0, 0.0, 0.0, 0.0, 0.9656559903384093, 0.0, 0.0], [0.0, 0.0, 0.0, 0.0, 0.0, 0.0, 0.0, 0.0, 0.0, 0.0, 0.0, 0.0, 0.0, 1.3991564868741269, 0.0, 0.9881968158448988, 1.3954844382709526, 0.0, 0.0, 0.0, 0.0, 0.0, 0.0, 0.0, 0.0, 0.0, 0.0, 0.0, 0.0, 0.0, 0.0, 0.0, 0.0, 0.0], [0.0, 0.0, 0.0, 0.0, 0.0, 0.0, 0.0, 0.0, 0.0, 0.0, 0.0, 0.0, 0.0, 0.0, 0.9881968158448988, 0.0, 0.0, 0.0, 0.0, 0.0, 0.0, 0.0, 0.0, 0.0, 0.0, 0.0, 0.0, 0.0, 0.0, 0.0, 0.0, 0.0, 0.0, 0.0], [0.0, 0.0, 0.0, 0.0, 0.0, 0.0, 0.0, 0.0, 0.0, 0.0, 0.0, 0.0, 0.10704491550002698, 0.0, 1.3954844382709526, 0.0, 0.0, 1.4437596475123318, 0.0, 0.0, 0.0, 0.0, 0.0, 0.0, 0.0, 0.0, 0.0, 0.0, 0.0, 0.0, 0.0, 0.0, 0.9657500631563011, 0.0], [0.0, 0.0, 0.0, 0.0, 0.0, 0.0, 0.0, 0.0, 0.0, 0.0, 0.0, 1.4051984226286847, 0.0, 0.10789442026843757, 0.0, 0.0, 1.4437596475123318, 0.0, 0.0, 0.0, 0.0, 0.0, 0.0, 0.0, 0.0, 0.0, 0.0, 0.0, 0.0, 0.0, 0.0, 0.0, 0.0, 0.9663578298973191], [0.9847306789501468, 0.0, 0.0, 0.0, 0.0, 0.0, 0.0, 0.0, 0.0, 0.0, 0.0, 0.0, 0.0, 0.0, 0.0, 0.0, 0.0, 0.0, 0.0, 0.0, 0.0, 0.0, 0.0, 0.0, 0.0, 0.0, 0.0, 0.0, 0.0, 0.0, 0.0, 0.0, 0.0, 0.0], [0.9812550373384605, 0.0, 0.0, 0.0, 0.0, 0.0, 0.0, 0.0, 0.0, 0.0, 0.0, 0.0, 0.0, 0.0, 0.0, 0.0, 0.0, 0.0, 0.0, 0.0, 0.0, 0.0, 0.0, 0.0, 0.0, 0.0, 0.0, 0.0, 0.0, 0.0, 0.0, 0.0, 0.0, 0.0], [0.9845648062734398, 0.0, 0.0, 0.0, 0.0, 0.0, 0.0, 0.0, 0.0, 0.0, 0.0, 0.0, 0.0, 0.0, 0.0, 0.0, 0.0, 0.0, 0.0, 0.0, 0.0, 0.0, 0.0, 0.0, 0.0, 0.0, 0.0, 0.0, 0.0, 0.0, 0.0, 0.0, 0.0, 0.0], [0.0, 0.9679191734280792, 0.0, 0.0, 0.0, 0.0, 0.0, 0.0, 0.0, 0.0, 0.0, 0.0, 0.0, 0.0, 0.0, 0.0, 0.0, 0.0, 0.0, 0.0, 0.0, 0.0, 0.0, 0.0, 0.0, 0.0, 0.0, 0.0, 0.0, 0.0, 0.0, 0.0, 0.0, 0.0], [0.0, 0.9687996169135742, 0.0, 0.0, 0.0, 0.0, 0.0, 0.0, 0.0, 0.0, 0.0, 0.0, 0.0, 0.0, 0.0, 0.0, 0.0, 0.0, 0.0, 0.0, 0.0, 0.0, 0.0, 0.0, 0.0, 0.0, 0.0, 0.0, 0.0, 0.0, 0.0, 0.0, 0.0, 0.0], [0.0, 0.0, 0.0, 0.0, 0.0, 0.0, 0.9681153261935265, 0.0, 0.0, 0.0, 0.0, 0.0, 0.0, 0.0, 0.0, 0.0, 0.0, 0.0, 0.0, 0.0, 0.0, 0.0, 0.0, 0.0, 0.0, 0.0, 0.0, 0.0, 0.0, 0.0, 0.0, 0.0, 0.0, 0.0], [0.0, 0.0, 0.0, 0.0, 0.0, 0.0, 0.9701667824827258, 0.0, 0.0, 0.0, 0.0, 0.0, 0.0, 0.0, 0.0, 0.0, 0.0, 0.0, 0.0, 0.0, 0.0, 0.0, 0.0, 0.0, 0.0, 0.0, 0.0, 0.0, 0.0, 0.0, 0.0, 0.0, 0.0, 0.0], [0.0, 0.0, 0.0, 0.0, 0.0, 0.0, 0.0, 0.9840912290624411, 0.0, 0.0, 0.0, 0.0, 0.0, 0.0, 0.0, 0.0, 0.0, 0.0, 0.0, 0.0, 0.0, 0.0, 0.0, 0.0, 0.0, 0.0, 0.0, 0.0, 0.0, 0.0, 0.0, 0.0, 0.0, 0.0], [0.0, 0.0, 0.0, 0.0, 0.0, 0.0, 0.0, 0.9801651915365811, 0.0, 0.0, 0.0, 0.0, 0.0, 0.0, 0.0, 0.0, 0.0, 0.0, 0.0, 0.0, 0.0, 0.0, 0.0, 0.0, 0.0, 0.0, 0.0, 0.0, 0.0, 0.0, 0.0, 0.0, 0.0, 0.0], [0.0, 0.0, 0.0, 0.0, 0.0, 0.0, 0.0, 0.9846824259370404, 0.0, 0.0, 0.0, 0.0, 0.0, 0.0, 0.0, 0.0, 0.0, 0.0, 0.0, 0.0, 0.0, 0.0, 0.0, 0.0, 0.0, 0.0, 0.0, 0.0, 0.0, 0.0, 0.0, 0.0, 0.0, 0.0], [0.0, 0.0, 0.0, 0.0, 0.0, 0.0, 0.0, 0.0, 0.0, 0.9678389660550135, 0.0, 0.0, 0.0, 0.0, 0.0, 0.0, 0.0, 0.0, 0.0, 0.0, 0.0, 0.0, 0.0, 0.0, 0.0, 0.0, 0.0, 0.0, 0.0, 0.0, 0.0, 0.0, 0.0, 0.0], [0.0, 0.0, 0.0, 0.0, 0.0, 0.0, 0.0, 0.0, 0.0, 0.9647669539864697, 0.0, 0.0, 0.0, 0.0, 0.0, 0.0, 0.0, 0.0, 0.0, 0.0, 0.0, 0.0, 0.0, 0.0, 0.0, 0.0, 0.0, 0.0, 0.0, 0.0, 0.0, 0.0, 0.0, 0.0], [0.0, 0.0, 0.0, 0.0, 0.0, 0.0, 0.0, 0.0, 0.0, 0.0, 0.0, 0.0, 0.9660525966139374, 0.0, 0.0, 0.0, 0.0, 0.0, 0.0, 0.0, 0.0, 0.0, 0.0, 0.0, 0.0, 0.0, 0.0, 0.0, 0.0, 0.0, 0.0, 0.0, 0.0, 0.0], [0.0, 0.0, 0.0, 0.0, 0.0, 0.0, 0.0, 0.0, 0.0, 0.0, 0.0, 0.0, 0.0, 0.9656559903384093, 0.0, 0.0, 0.0, 0.0, 0.0, 0.0, 0.0, 0.0, 0.0, 0.0, 0.0, 0.0, 0.0, 0.0, 0.0, 0.0, 0.0, 0.0, 0.0, 0.0], [0.0, 0.0, 0.0, 0.0, 0.0, 0.0, 0.0, 0.0, 0.0, 0.0, 0.0, 0.0, 0.0, 0.0, 0.0, 0.0, 0.9657500631563011, 0.0, 0.0, 0.0, 0.0, 0.0, 0.0, 0.0, 0.0, 0.0, 0.0, 0.0, 0.0, 0.0, 0.0, 0.0, 0.0, 0.0], [0.0, 0.0, 0.0, 0.0, 0.0, 0.0, 0.0, 0.0, 0.0, 0.0, 0.0, 0.0, 0.0, 0.0, 0.0, 0.0, 0.0, 0.9663578298973191, 0.0, 0.0, 0.0, 0.0, 0.0, 0.0, 0.0, 0.0, 0.0, 0.0, 0.0, 0.0, 0.0, 0.0, 0.0, 0.0]], "Born radii": [], "Atomic SASAs": [], "Solvent H bonds": [], "Total SASA": NaN, "Total FOD": 0.0, "FOD": [0.0, 0.0, 0.0, 0.0, 0.0, 0.0, 0.0, 0.0, 0.0, 0.0, 0.0, 0.0, 0.0, 0.0, 0.0, 0.0, 0.0, 0.0, 0.0, 0.0, 0.0, 0.0, 0.0, 0.0, 0.0, 0.0, 0.0, 0.0, 0.0, 0.0, 0.0, 0.0, 0.0, 0.0], "FOD s proportion": [0.0, 0.0, 0.0, 0.0, 0.0, 0.0, 0.0, 0.0, 0.0, 0.0, 0.0, 0.0, 0.0, 0.0, 0.0, 0.0, 0.0, 0.0, 0.0, 0.0, 0.0, 0.0, 0.0, 0.0, 0.0, 0.0, 0.0, 0.0, 0.0, 0.0, 0.0, 0.0, 0.0, 0.0], "FOD p proportion": [0.0, 0.0, 0.0, 0.0, 0.0, 0.0, 0.0, 0.0, 0.0, 0.0, 0.0, 0.0, 0.0, 0.0, 0.0, 0.0, 0.0, 0.0, 0.0, 0.0, 0.0, 0.0, 0.0, 0.0, 0.0, 0.0, 0.0, 0.0, 0.0, 0.0, 0.0, 0.0, 0.0, 0.0], "FOD d proportion": [0.0, 0.0, 0.0, 0.0, 0.0, 0.0, 0.0, 0.0, 0.0, 0.0, 0.0, 0.0, 0.0, 0.0, 0.0, 0.0, 0.0, 0.0, 0.0, 0.0, 0.0, 0.0, 0.0, 0.0, 0.0, 0.0, 0.0, 0.0, 0.0, 0.0, 0.0, 0.0, 0.0, 0.0], "coordinates": [["-0.67390", "-0.20940", "2.26360"], ["-0.68100", "0.26500", "0.82470"], ["-1.39620", "-0.67940", "0.04410"], ["-1.72610", "-0.36140", "-1.51740"], ["-2.80710", "-1.78210", "-2.30320"], ["-2.52480", "1.04760", "-1.37180"], ["-3.79160", "1.06870", "-0.73150"], ["-4.08410", "2.48900", "-0.29190"], ["0.09660", "0.09490", "-2.46020"], ["0.90440", "-1.51950", "-2.49620"], ["2.71690", "-1.36230", "-2.53940"], ["3.02400", "-0.91440", "-0.84120"], ["3.46190", "0.37880", "-0.53720"], ["3.68960", "0.75190", "0.79010"], ["3.48840", "-0.17270", "1.81270"], ["3.75000", "0.29020", "3.44800"], ["3.07090", "-1.46940", "1.51890"], ["2.84260", "-1.84120", "0.19130"], ["-1.69660", "-0.29930", "2.64420"], ["-0.11950", "0.48530", "2.90080"], ["-0.21680", "-1.20140", "2.34080"], ["-1.15460", "1.24840", "0.76070"], ["0.34530", "0.34310", "0.46060"], ["-3.79370", "0.40270", "0.13690"], ["-4.55640", "0.73530", "-1.43910"], ["-4.07500", "3.16850", "-1.15050"], ["-5.05940", "2.55270", "0.19860"], ["-3.31550", "2.84350", "0.40280"], ["0.58520", "-2.04660", "-3.39960"], ["0.60080", "-2.12050", "-1.63470"], ["3.62010", "1.10710", "-1.33010"], ["4.02320", "1.76140", "1.01570"], ["2.92420", "-2.19480", "2.31500"], ["2.52840", "-2.85950", "-0.02590"]], "bond_dist": [[0.0, 1.5151036202187622, 2.380923673703128, 3.927618851161604, 5.280112666411579, 4.268724981771489, 4.508238781386806, 5.043947546317269, 4.795889404479632, 5.182961406377633, 5.99128634351589, 4.879679543781538, 5.029443460264763, 4.704830729154876, 4.186812509535148, 4.606874724799884, 4.020659787895514, 4.395790120103552, 1.0949217597618564, 1.0936138669567061, 1.0949722599225973, 2.1482462009741807, 2.1435563650158587, 3.825006057511543, 5.447591360408745, 5.8850461705920365, 5.57907085991924, 4.445315018083646, 6.085431035678574, 4.524810072257178, 5.752068144589387, 5.244430899535239, 4.109839258413886, 4.7454784321499135], [1.5151036202187622, 0.0, 1.418710245257995, 2.640083972149371, 4.300543922575375, 2.972654276904733, 3.5698073463423765, 4.215929455054958, 3.3799650560323844, 4.0897811946362115, 5.050841366544786, 4.2300392634111565, 4.3624926888190885, 4.3977736560673515, 4.307159348108681, 5.149378499391941, 4.191277920873298, 4.15367680013744, 2.158809417248313, 2.1619448535982593, 2.1597152150225734, 1.0933748305133058, 1.0917692567571227, 3.190757185998333, 4.5127261926689055, 4.88374480189127, 4.979554102527655, 3.7104247883497115, 4.979103080877117, 3.6581784879909836, 4.883826026794976, 4.940161090490876, 4.611840974057974, 4.559196088127818], [2.380923673703128, 1.418710245257995, 0.0, 1.627341470005604, 2.952355566323271, 2.50220697984799, 3.0651835393659543, 4.16850824276503, 3.0165395439145164, 3.528689907033487, 4.904937947619725, 4.514105573643577, 5.00587979679896, 5.335775232335035, 5.219579294349306, 6.24580129446975, 4.770127613596936, 4.397598494633179, 2.644850880484569, 3.3387458528615204, 2.634065156749165, 2.070820842081709, 2.0619895125824477, 2.6320255507878336, 3.7667124087193065, 4.83832336765537, 4.887675817809524, 4.027803693081379, 4.201696263415527, 2.9804609794459647, 5.499388473275915, 6.022574828094709, 5.110702508462022, 4.4900134932982105], [3.927618851161604, 2.640083972149371, 1.627341470005604, 0.0, 1.9504950986864849, 1.6261617539470052, 2.6323212322966967, 3.897023788739299, 2.1022171200901205, 3.0362436167079876, 4.667604718696731, 4.82975211061603, 5.331419330722355, 5.9911434326011594, 6.190006781094831, 7.420744634468969, 5.784288261316166, 5.097301582209944, 4.162167851012258, 4.776877190173513, 4.227208739818748, 2.847421271958191, 2.949491856235579, 2.7559983780837025, 3.0363596410833815, 4.255836090593716, 4.748423285681259, 4.060140934745985, 3.4241325281010955, 2.9193587840483053, 5.547380280817244, 6.6315402388887, 6.298724903502295, 5.154206642151632], [5.280112666411579, 4.300543922575375, 2.952355566323271, 1.9504950986864849, 0.0, 2.9923905727695375, 3.400961890406889, 4.890639211800437, 3.461105558921889, 3.7257804564949875, 5.544961539992861, 6.073884630119344, 6.862113800426221, 7.628680867620561, 7.691821723103052, 8.964724710776121, 7.018341235648207, 6.176174637265368, 5.282865969338991, 6.2805981020918695, 5.3491684007890425, 4.6154273594110435, 4.7002862934080945, 3.4206459346152736, 3.184968141127945, 5.238771617469118, 5.4883831471572755, 5.383036496253764, 3.574877969945268, 3.4892963789279925, 7.113599657697923, 8.380005223745387, 7.3719666453396275, 5.900376793053135], [4.268724981771489, 2.972654276904733, 2.50220697984799, 1.6261617539470052, 2.9923905727695375, 0.0, 1.4195814664893311, 2.3822750596855937, 2.9939922862292083, 4.428734628536688, 5.886113034932306, 5.909328371312597, 6.081482343146282, 6.58635084549859, 6.912940516162424, 7.948411277733431, 6.782572814205536, 6.2926488707061985, 4.3160526931445125, 4.935256846406274, 4.916122838172375, 2.542700322491819, 3.4772811246719755, 2.074169450647656, 2.0565648883514474, 2.636344161902994, 3.3400118757273902, 2.6456886551520005, 4.833026637625744, 4.458177809374588, 6.145329539577189, 7.006138072433343, 7.334661069197404, 6.527764353896363], [4.508238781386806, 3.5698073463423765, 3.0651835393659543, 2.6323212322966967, 3.400961890406889, 1.4195814664893311, 0.0, 1.5152743975927263, 4.365179191052756, 5.644941215814386, 7.179055345935146, 7.099093115321139, 7.2888254712264855, 7.6409411880998, 7.811045230953408, 8.657367559483657, 7.655074004867621, 7.30285474934289, 4.201880470694044, 5.197910855334093, 5.231785196278609, 3.03524660118416, 4.365952287874891, 1.0943852018370863, 1.093970913690122, 2.1598695793959415, 2.1620959391294368, 2.1594496382180344, 5.998352268748477, 5.502721566643182, 7.43593258508978, 8.037638967383394, 8.06433903925176, 7.474692408387117], [5.043947546317269, 4.215929455054958, 4.16850824276503, 3.897023788739299, 4.890639211800437, 2.3822750596855937, 1.5152743975927263, 0.0, 5.283132800715878, 6.768466812358615, 8.132488483852898, 7.899996687341078, 7.839338755915578, 8.038572765111976, 8.29799640274687, 8.955149147836678, 8.375079235446075, 8.183109871558612, 4.700580426926019, 5.47048445203896, 5.958705458402857, 3.3509737942872664, 4.979028762720698, 2.1496160796756243, 2.1481617304104454, 1.0949872236697558, 1.09355293881915, 1.0949996803652504, 7.213309167088294, 6.708121204927651, 7.895707979022528, 8.244242403641465, 8.823274842143364, 8.508957897416112], [4.795889404479632, 3.3799650560323844, 3.0165395439145164, 2.1022171200901205, 3.461105558921889, 2.9939922862292083, 4.365179191052756, 5.283132800715878, 0.0, 1.805581402208164, 2.999279341775287, 3.494212107185252, 3.8863572018022223, 4.889350477312912, 5.462013494124671, 6.949266212342135, 5.20833291850665, 4.280122832349558, 5.4245607416637895, 5.379538304538783, 4.98279181282943, 3.642836875293759, 2.9418578432684335, 4.687654353725326, 4.806575326570884, 5.344583951066724, 6.300343981085477, 5.233927528157034, 2.388979817830197, 2.417367380023152, 3.8362386656724055, 5.502480406144124, 6.003380954928647, 4.535189862618764], [5.182961406377633, 4.0897811946362115, 3.528689907033487, 3.0362436167079876, 3.7257804564949875, 4.428734628536688, 5.644941215814386, 6.768466812358615, 1.805581402208164, 0.0, 1.819817114437602, 2.7564243450528445, 3.739255292167145, 4.869945039730942, 5.20168678891761, 6.834176401732692, 4.5625935902729715, 3.329078908647255, 5.888786054867335, 5.84766647903247, 4.975424208044978, 4.744275394620342, 3.539002374963882, 5.718409924096033, 6.001826396189746, 6.970127462966513, 7.707896620998494, 6.726628130794804, 1.0935513751077268, 1.0934149303901057, 3.9539655107246445, 5.729280919975909, 5.261489101955832, 3.245821635580119], [5.99128634351589, 5.050841366544786, 4.904937947619725, 4.667604718696731, 5.544961539992861, 5.886113034932306, 7.179055345935146, 8.132488483852898, 2.999279341775287, 1.819817114437602, 0.0, 1.7829212153093028, 2.7559497546218075, 4.062210873403792, 4.577240961540041, 6.296587220074062, 4.075117826517412, 2.7752239891583526, 6.890476051043208, 6.407383768746804, 5.696388025758077, 5.717947774333026, 4.1872276890563285, 7.257115063852853, 7.649279622291239, 8.281732757098602, 9.126593597284804, 7.920552016116048, 2.398406850390484, 2.423061811015146, 2.8941515319692575, 4.909445731444641, 4.92962766342449, 2.9316927431093456], [4.879679543781538, 4.2300392634111565, 4.514105573643577, 4.82975211061603, 6.073884630119344, 5.909328371312597, 7.099093115321139, 7.899996687341078, 3.494212107185252, 2.7564243450528445, 1.7829212153093028, 0.0, 1.398763257309828, 2.4250193277580285, 2.7944536961631696, 4.513908926861507, 2.424932291838269, 1.3992571064675712, 5.900036061754199, 5.0836321995203395, 4.550854605455991, 4.970360692142975, 3.232866093731691, 7.01230812999543, 7.78083920024055, 8.19521445112939, 8.856823471764582, 7.473861696606381, 3.7114731361010818, 2.820676815943294, 2.163520434384663, 3.4068143316007116, 3.407489198809, 2.1665058181320442], [5.029443460264763, 4.3624926888190885, 5.00587979679896, 5.331419330722355, 6.862113800426221, 6.081482343146282, 7.2888254712264855, 7.839338755915578, 3.8863572018022223, 3.739255292167145, 2.7559497546218075, 1.398763257309828, 0.0, 1.3974176863057088, 2.4138940552559465, 3.99658236622242, 2.7921804114347624, 2.417156333380197, 6.098462742363849, 4.965643181905039, 4.930796054391218, 4.873686573837099, 3.2726250762957863, 7.286886398181323, 8.076735154132518, 8.059989118479008, 8.824953061631547, 7.272654044432473, 4.7277163419562305, 3.9543520265651613, 1.088181299232807, 2.153633873247726, 3.8791214327473686, 3.408729503788765], [4.704830729154876, 4.3977736560673515, 5.335775232335035, 5.9911434326011594, 7.628680867620561, 6.58635084549859, 7.6409411880998, 8.038572765111976, 4.889350477312912, 4.869945039730942, 4.062210873403792, 2.4250193277580285, 1.3974176863057088, 0.0, 1.3932255237397857, 2.69837867246241, 2.418287166570588, 2.792872723559024, 5.7925692650153096, 4.362954602101654, 4.634653421778159, 4.869666338672497, 3.38526663351648, 7.519866339902591, 8.542021084029237, 8.360316805002068, 8.951969274411079, 7.320943782054334, 5.917980035451286, 4.865287477631718, 2.150870830617218, 1.0868645591792936, 3.4050254125336568, 3.880264346665057], [4.186812509535148, 4.307159348108681, 5.219579294349306, 6.190006781094831, 7.691821723103052, 6.912940516162424, 7.811045230953408, 8.29799640274687, 5.462013494124671, 5.20168678891761, 4.577240961540041, 2.7944536961631696, 2.4138940552559465, 1.3932255237397857, 0.0, 1.7195688587550078, 1.393576542569514, 2.4145160695261483, 5.2527749628172735, 3.8254239006938824, 3.8814456507852846, 4.968267123454615, 3.4602458958865916, 7.494556104933767, 8.724532897525231, 8.78346123347738, 9.11581092443234, 7.574848886941574, 6.253650353193725, 4.900686213174641, 3.3959423979213783, 2.1591579029797705, 2.1585910543685665, 3.3942516406418664], [4.606874724799884, 5.149378499391941, 6.24580129446975, 7.420744634468969, 8.964724710776121, 7.948411277733431, 8.657367559483657, 8.955149147836678, 6.949266212342135, 6.834176401732692, 6.296587220074062, 4.513908926861507, 3.99658236622242, 2.69837867246241, 1.7195688587550078, 0.0, 2.697924346604256, 3.996540455193717, 5.537062059431879, 3.9128662256714066, 4.380212853275512, 5.674048791647813, 4.529827729616216, 8.239141287173075, 9.647701352135648, 9.521630014866153, 9.658314292359718, 8.106409450552075, 7.8972285670354, 6.446919762181006, 4.8491689215782126, 2.8557224952715554, 2.8532191713922015, 4.845709221569119], [4.020659787895514, 4.191277920873298, 4.770127613596936, 5.784288261316166, 7.018341235648207, 6.782572814205536, 7.655074004867621, 8.375079235446075, 5.20833291850665, 4.5625935902729715, 4.075117826517412, 2.424932291838269, 2.7921804114347624, 2.418287166570588, 1.393576542569514, 2.697924346604256, 0.0, 1.397454074379548, 5.036317141523159, 3.988627816680819, 3.399458030333659, 5.080959981145296, 3.440065479027979, 7.2482698328635635, 8.472672033071975, 8.92746882268429, 9.16636561511704, 7.786712437222785, 5.541074496882351, 4.058388618651496, 3.880305901601058, 3.405606285230282, 1.0869688403997604, 2.1478108156911775], [4.395790120103552, 4.15367680013744, 4.397598494633179, 5.097301582209944, 6.176174637265368, 6.2926488707061985, 7.30285474934289, 8.183109871558612, 4.280122832349558, 3.329078908647255, 2.7752239891583526, 1.3992571064675712, 2.417156333380197, 2.792872723559024, 2.4145160695261483, 3.996540455193717, 1.397454074379548, 0.0, 5.385026523611559, 4.6398306984199325, 3.7933656098509676, 5.08403898096779, 3.328692877091547, 7.00560663040682, 8.00260941256038, 8.645849356193988, 9.041460860944984, 7.740370918114972, 4.24648168840983, 2.904815266071149, 3.4075852300419425, 3.879713711087456, 2.1544821210676126, 1.0875809716981997], [1.0949217597618564, 2.158809417248313, 2.644850880484569, 4.162167851012258, 5.282865969338991, 4.3160526931445125, 4.201880470694044, 4.700580426926019, 5.4245607416637895, 5.888786054867335, 6.890476051043208, 5.900036061754199, 6.098462742363849, 5.7925692650153096, 5.2527749628172735, 5.537062059431879, 5.036317141523159, 5.385026523611559, 0.0, 1.7800800908947891, 1.7594442332736777, 2.4973408938308763, 3.057800243639208, 3.3432298305680392, 5.091384103561624, 5.664112595102608, 5.042151048907599, 4.1859172244563085, 6.692322987573149, 5.18688744913556, 6.785301786950968, 6.294013725755609, 5.005305737914518, 5.615575041792247], [1.0936138669567061, 2.1619448535982593, 3.3387458528615204, 4.776877190173513, 6.2805981020918695, 4.935256846406274, 5.197910855334093, 5.47048445203896, 5.379538304538783, 5.84766647903247, 6.407383768746804, 5.0836321995203395, 4.965643181905039, 4.362954602101654, 3.8254239006938824, 3.9128662256714066, 3.988627816680819, 4.6398306984199325, 1.7800800908947891, 0.0, 1.7798944294536123, 2.496754218981115, 2.48813904756145, 4.598446651859734, 6.211546797698621, 6.265666299764136, 5.998219703378662, 4.692070677217043, 6.826577463121619, 5.280131246474845, 5.680823726362226, 4.72694367535726, 4.0975855500526155, 5.173454777998934], [1.0949722599225973, 2.1597152150225734, 2.634065156749165, 4.227208739818748, 5.3491684007890425, 4.916122838172375, 5.231785196278609, 5.958705458402857, 4.98279181282943, 4.975424208044978, 5.696388025758077, 4.550854605455991, 4.930796054391218, 4.634653421778159, 3.8814456507852846, 4.380212853275512, 3.399458030333659, 3.7933656098509676, 1.7594442332736777, 1.7798944294536123, 0.0, 3.062303853310445, 2.4973162995503797, 4.497168623700917, 6.072114875395557, 6.794917875883416, 6.490998568017098, 5.451513707219307, 5.857453303270971, 4.161467868432965, 5.790205580978969, 5.339632370304158, 3.2944483908539226, 3.98581077573936], [2.1482462009741807, 1.0933748305133058, 2.070820842081709, 2.847421271958191, 4.6154273594110435, 2.542700322491819, 3.03524660118416, 3.3509737942872664, 3.642836875293759, 4.744275394620342, 5.717947774333026, 4.970360692142975, 4.873686573837099, 4.869666338672497, 4.968267123454615, 5.674048791647813, 5.080959981145296, 5.08403898096779, 2.4973408938308763, 2.496754218981115, 3.062303853310445, 0.0, 1.7774498895890147, 2.8406308700709424, 4.083458692089342, 3.983491635487641, 4.1550713519745965, 2.7095987212131614, 5.584982106506699, 4.490975120171565, 5.214323582210832, 5.209396014894625, 5.559503949994101, 5.572976849942946], [2.1435563650158587, 1.0917692567571227, 2.0619895125824477, 2.949491856235579, 4.7002862934080945, 3.4772811246719755, 4.365952287874891, 4.979028762720698, 2.9418578432684335, 3.539002374963882, 4.1872276890563285, 3.232866093731691, 3.2726250762957863, 3.38526663351648, 3.4602458958865916, 4.529827729616216, 3.440065479027979, 3.328692877091547, 3.057800243639208, 2.48813904756145, 2.4973162995503797, 1.7774498895890147, 0.0, 4.152066334971059, 5.271559903861475, 5.4879486568298, 5.8448060917364915, 4.4335987233848755, 4.54635701853693, 3.2442082701331, 3.809805445163834, 3.9807862678119257, 4.065766960857447, 3.9063095909054626], [3.825006057511543, 3.190757185998333, 2.6320255507878336, 2.7559983780837025, 3.4206459346152736, 2.074169450647656, 1.0943852018370863, 2.1496160796756243, 4.687654353725326, 5.718409924096033, 7.257115063852853, 7.01230812999543, 7.286886398181323, 7.519866339902591, 7.494556104933767, 8.239141287173075, 7.2482698328635635, 7.00560663040682, 3.3432298305680392, 4.598446651859734, 4.497168623700917, 2.8406308700709424, 4.152066334971059, 0.0, 1.7821644284408777, 3.063687009144374, 2.4956569035025633, 2.501376159237151, 6.138458108515525, 5.368122115786861, 7.590302945205811, 7.982623675208547, 7.524713035724353, 7.115996141792095], [5.447591360408745, 4.5127261926689055, 3.7667124087193065, 3.0363596410833815, 3.184968141127945, 2.0565648883514474, 1.093970913690122, 2.1481617304104454, 4.806575326570884, 6.001826396189746, 7.649279622291239, 7.78083920024055, 8.076735154132518, 8.542021084029237, 8.724532897525231, 9.647701352135648, 8.472672033071975, 8.00260941256038, 5.091384103561624, 6.211546797698621, 6.072114875395557, 4.083458692089342, 5.271559903861475, 1.7821644284408777, 0.0, 2.4970979476183945, 2.497601459400599, 3.0621782541191167, 6.165920727677255, 5.898352722582805, 8.185674589794052, 8.982675570786245, 8.867814227869234, 8.069331590658546], [5.8850461705920365, 4.88374480189127, 4.83832336765537, 4.255836090593716, 5.238771617469118, 2.636344161902994, 2.1598695793959415, 1.0949872236697558, 5.344583951066724, 6.970127462966513, 8.281732757098602, 8.19521445112939, 8.059989118479008, 8.360316805002068, 8.78346123347738, 9.521630014866153, 8.92746882268429, 8.645849356193988, 5.664112595102608, 6.265666299764136, 6.794917875883416, 3.983491635487641, 5.4879486568298, 3.063687009144374, 2.4970979476183945, 0.0, 1.7799785981859444, 1.7593197946933923, 7.346644326493559, 7.076091878996485, 7.968449669164009, 8.500188003214987, 9.474358964067173, 9.011459411216366], [5.57907085991924, 4.979554102527655, 4.887675817809524, 4.748423285681259, 5.4883831471572755, 3.3400118757273902, 2.1620959391294368, 1.09355293881915, 6.300343981085477, 7.707896620998494, 9.126593597284804, 8.856823471764582, 8.824953061631547, 8.951969274411079, 9.11581092443234, 9.658314292359718, 9.16636561511704, 9.041460860944984, 5.042151048907599, 5.998219703378662, 6.490998568017098, 4.1550713519745965, 5.8448060917364915, 2.4956569035025633, 2.497601459400599, 1.7799785981859444, 0.0, 1.779732982781406, 8.121706279471082, 7.565556897545612, 8.930868003727298, 9.153547446755274, 9.5265825021358, 9.322929685994634], [4.445315018083646, 3.7104247883497115, 4.027803693081379, 4.060140934745985, 5.383036496253764, 2.6456886551520005, 2.1594496382180344, 1.0949996803652504, 5.233927528157034, 6.726628130794804, 7.920552016116048, 7.473861696606381, 7.272654044432473, 7.320943782054334, 7.574848886941574, 8.106409450552075, 7.786712437222785, 7.740370918114972, 4.1859172244563085, 4.692070677217043, 5.451513707219307, 2.7095987212131614, 4.4335987233848755, 2.501376159237151, 3.0621782541191167, 1.7593197946933923, 1.779732982781406, 0.0, 7.320299465185833, 6.643049596382674, 7.3566687250412475, 7.443326172484987, 8.24468506493729, 8.176745067568145], [6.085431035678574, 4.979103080877117, 4.201696263415527, 3.4241325281010955, 3.574877969945268, 4.833026637625744, 5.998352268748477, 7.213309167088294, 2.388979817830197, 1.0935513751077268, 2.398406850390484, 3.7114731361010818, 4.7277163419562305, 5.917980035451286, 6.253650353193725, 7.8972285670354, 5.541074496882351, 4.24648168840983, 6.692322987573149, 6.826577463121619, 5.857453303270971, 5.584982106506699, 4.54635701853693, 6.138458108515525, 6.165920727677255, 7.346644326493559, 8.121706279471082, 7.320299465185833, 0.0, 1.7665153777989024, 4.841412185509514, 6.768720860694435, 6.17653117858236, 3.977270966378831], [4.524810072257178, 3.6581784879909836, 2.9804609794459647, 2.9193587840483053, 3.4892963789279925, 4.458177809374588, 5.502721566643182, 6.708121204927651, 2.417367380023152, 1.0934149303901057, 2.423061811015146, 2.820676815943294, 3.9543520265651613, 4.865287477631718, 4.900686213174641, 6.446919762181006, 4.058388618651496, 2.904815266071149, 5.18688744913556, 5.280131246474845, 4.161467868432965, 4.490975120171565, 3.2442082701331, 5.368122115786861, 5.898352722582805, 7.076091878996485, 7.565556897545612, 6.643049596382674, 1.7665153777989024, 0.0, 4.4301642644488926, 5.814343430689315, 4.582994451229458, 2.6172505038685157], [5.752068144589387, 4.883826026794976, 5.499388473275915, 5.547380280817244, 7.113599657697923, 6.145329539577189, 7.43593258508978, 7.895707979022528, 3.8362386656724055, 3.9539655107246445, 2.8941515319692575, 2.163520434384663, 1.088181299232807, 2.150870830617218, 3.3959423979213783, 4.8491689215782126, 3.880305901601058, 3.4075852300419425, 6.785301786950968, 5.680823726362226, 5.790205580978969, 5.214323582210832, 3.809805445163834, 7.590302945205811, 8.185674589794052, 7.968449669164009, 8.930868003727298, 7.3566687250412475, 4.841412185509514, 4.4301642644488926, 0.0, 2.4684764005353586, 4.967250187981274, 4.315861685689197], [5.244430899535239, 4.940161090490876, 6.022574828094709, 6.6315402388887, 8.380005223745387, 7.006138072433343, 8.037638967383394, 8.244242403641465, 5.502480406144124, 5.729280919975909, 4.909445731444641, 3.4068143316007116, 2.153633873247726, 1.0868645591792936, 2.1591579029797705, 2.8557224952715554, 3.405606285230282, 3.879713711087456, 6.294013725755609, 4.72694367535726, 5.339632370304158, 5.209396014894625, 3.9807862678119257, 7.982623675208547, 8.982675570786245, 8.500188003214987, 9.153547446755274, 7.443326172484987, 6.768720860694435, 5.814343430689315, 2.4684764005353586, 0.0, 4.306680848402863, 4.96709