{"total energy": -57.15710135, "HOMO-LUMO gap/eV": 1.0886677, "electronic energy": -57.85207712, "dipole": [1.15157243, -1.35029022, -3.19241678], "partial charges": [-0.11348367, 0.09571507, -0.27703299, 0.52575224, -0.38393334, -0.2618786, 0.09017076, -0.1140622, -0.21825159, -0.07298361, 0.10710712, 0.11689518, -0.18879883, 0.017322, -0.02272278, -0.02429074, -0.01900514, -0.02398469, -0.02360273, 0.05764135, 0.06024507, 0.05604701, 0.05263206, 0.03849685, 0.0524721, 0.04760997, 0.06095317, 0.05887292, 0.0567222, 0.04938053, 0.0474064, 0.04607034, 0.04642723, 0.06009136], "atomic dipole moments": [[-0.0007131, 0.09839007, 0.11294779], [0.03804791, 0.21892618, -0.16870053], [0.03987218, -0.05472744, 0.17747562], [0.11728164, -0.08925982, -0.19527932], [0.32089682, -0.10114139, -0.34347734], [-0.18030443, -0.04655603, 0.00935487], [0.26001381, -0.07029643, 0.09999276], [-0.0561329, -0.08122297, 0.11574124], [-0.04307244, -0.02021853, -0.1801892], [-0.03021012, 0.10241712, 0.38097323], [-0.0049988, 0.00021684, -0.01327118], [-0.12921457, -0.03090014, -0.28681082], [-0.01239328, -0.00267554, -0.02859673], [-0.04855743, 0.02476526, 0.05416985], [-0.02931333, 0.00606591, -0.00607858], [-0.01100286, 0.00312775, 0.00213683], [-0.00621812, 0.00306931, 0.00619875], [0.00263886, 0.00192536, 0.00988568], [0.01280616, 0.00620124, 0.0358937], [0.10584055, 0.00599306, -0.07191119], [-0.09477602, 0.01682227, -0.08480698], [-0.00942769, -0.11804504, 0.0516562], [-0.10570608, 0.00192583, 0.06115346], [0.09689675, -0.00897904, 0.07353683], [-0.06352262, 0.0677343, 0.07901427], [-0.05886273, -0.10162871, -0.03479186], [0.07340551, 0.0991979, 0.03724733], [0.0770349, -0.06681126, -0.07722198], [-0.0996972, 0.04449576, -0.06812024], [0.06378708, 0.0167923, 0.14153403], [0.14709641, -0.02571687, 0.03582886], [0.0987106, -0.04597391, -0.10641051], [-0.04604914, -0.02091983, -0.1443048], [-0.14692459, 0.02409238, -0.04703167]], "atomic quadrupole moments": [[-0.15034736, 0.00209953, 0.08676157, -0.00310824, 0.21107523, 0.06358579], [-0.38677483, 0.07507723, 0.44535853, -0.02599141, -0.15876899, -0.0585837], [-0.11151925, 0.04592448, 0.11231772, 0.01666518, -0.03218446, -0.00079848], [0.06899987, 0.06647706, 0.55010395, 0.79054187, -0.47743449, -0.61910381], [0.01830459, -0.16685651, -0.28905941, -0.46130368, 0.21865122, 0.27075482], [0.0489536, -0.03304338, -0.04291104, 0.0559108, -0.09540138, -0.00604256], [0.18533562, -0.1665023, -0.20076681, 0.25403491, -0.29019178, 0.01543118], [-0.10199797, 0.06380226, -0.01846665, -0.09469871, -0.19073545, 0.12046463], [0.05671069, -0.05773616, -0.10027355, -0.07685239, 0.05548788, 0.04356286], [-0.20254337, 0.01746903, 0.18101229, -0.27852997, 0.0212966, 0.02153109], [-0.21233623, 0.15250807, 0.4526118, -0.0466819, -0.16335364, -0.24027557], [0.40777563, -0.08360194, 0.42855177, -0.42371612, -0.18828798, -0.83632739], [0.21791439, -0.03387235, 0.34244881, -0.3048618, -0.13239338, -0.56036321], [-0.19035951, 0.10509151, 0.3566369, -0.13580809, -0.09249587, -0.16627739], [-0.24097906, 0.17293977, 0.47574746, -0.04264303, -0.16376236, -0.2347684], [-0.24970498, 0.1733384, 0.4687479, -0.04059237, -0.1593604, -0.21904292], [-0.23800154, 0.17858393, 0.48410258, -0.02455131, -0.17281922, -0.24610104], [-0.21633198, 0.16597516, 0.46849532, -0.04139878, -0.16569813, -0.25216333], [-0.25123157, 0.1764092, 0.4796703, -0.04618033, -0.16195313, -0.22843873], [0.05599122, 0.0151329, -0.04470448, -0.04665557, 0.00515012, -0.01128675], [0.03933564, -0.02522325, -0.04042416, 0.05334527, -0.00303343, 0.00108851], [-0.05138496, 0.00961791, 0.06024044, -0.00526207, -0.04909589, -0.00885548], [0.02012155, 0.00520047, 0.00554547, -0.03257257, -0.0050289, -0.02566702], [0.00529487, -0.00047246, 0.01560887, 0.03340942, -0.0106553, -0.02090374], [-0.00768994, -0.03627432, -0.0040608, -0.00600804, 0.01228264, 0.01175074], [-0.01177993, 0.01269613, 0.01815733, 0.03468579, -0.00101685, -0.0063774], [-0.01609066, 0.05205102, 0.02722766, 0.01671311, 0.03754472, -0.01113701], [-0.0119705, -0.03702301, 0.01620364, -0.0449365, 0.038927, -0.00423314], [0.04686564, -0.03116199, -0.03479619, 0.0484677, -0.02690336, -0.01206945], [0.02109778, -0.02132713, -0.05150719, -0.01075892, 0.02255227, 0.0304094], [0.01930784, -0.01944011, -0.05760731, 0.00221272, 0.02277236, 0.03829946], [0.02987507, -0.01988538, -0.05874014, 0.01155429, 0.01866761, 0.02886507], [0.03631495, -0.02364613, -0.0576346, 0.00103019, 0.01944966, 0.02131965], [0.02199026, -0.02032808, -0.05245975, -0.0062105, 0.0219613, 0.03046949]], "number of molecular orbitals": 101, "number of electrons": 102, "number of unpaired electrons": 0, "orbital energies/eV": [-20.71463875, -20.27992457, -19.93090936, -19.20178169, -18.68850059, -18.49483021, -18.37825041, -18.06009513, -17.99539903, -17.87983556, -17.50857491, -17.31502336, -17.06442242, -16.78690914, -16.65990252, -16.64359073, -16.42407922, -16.28212934, -16.09876395, -15.95828072, -15.64521118, -15.48348521, -15.38672723, -15.19607026, -14.91625048, -14.82954579, -14.45185109, -14.23894944, -14.19423212, -14.02912057, -13.7893468, -13.73218948, -13.72020557, -13.59399013, -13.38973662, -13.34656316, -13.23599223, -13.16988781, -12.96659439, -12.74004601, -12.67775, -12.63607921, -12.39987616, -12.33712191, -12.14550883, -12.05707076, -11.81900305, -11.66902157, -11.50732115, -10.0397141, -9.96382841, -8.87516072, -7.00193427, -6.88466796, -6.4833223, -5.33146086, -4.80224553, -4.1931938, -3.54762307, -3.0829577, -1.97525976, -1.31267574, 0.40724661, 0.77811829, 0.86896611, 1.09446014, 1.66395254, 2.39027944, 2.53778084, 2.68933191, 2.9360181, 3.28882381, 3.32609365, 3.4204667, 3.53709572, 3.63286265, 3.80655164, 3.87190232, 4.0175079, 4.23950366, 4.32193087, 4.45199427, 5.28164208, 5.79130185, 6.20595582, 6.28724975, 6.51047117, 6.65715612, 8.70103469, 9.8207296, 9.96131942, 10.56618824, 10.81089247, 11.52345355, 12.38562516, 15.68905005, 16.37250876, 26.4261386, 27.31227011, 28.12161738, 34.61399386], "fractional occupation": [2.0, 2.0, 2.0, 2.0, 2.0, 2.0, 2.0, 2.0, 2.0, 2.0, 2.0, 2.0, 2.0, 2.0, 2.0, 2.0, 2.0, 2.0, 2.0, 2.0, 2.0, 2.0, 2.0, 2.0, 2.0, 2.0, 2.0, 2.0, 2.0, 2.0, 2.0, 2.0, 2.0, 2.0, 2.0, 2.0, 2.0, 2.0, 2.0, 2.0, 2.0, 2.0, 2.0, 2.0, 2.0, 2.0, 2.0, 2.0, 2.0, 2.0, 2.0, 0.0, 0.0, 0.0, 0.0, 0.0, 0.0, 0.0, 0.0, 0.0, 0.0, 0.0, 0.0, 0.0, 0.0, 0.0, 0.0, 0.0, 0.0, 0.0, 0.0, 0.0, 0.0, 0.0, 0.0, 0.0, 0.0, 0.0, 0.0, 0.0, 0.0, 0.0, 0.0, 0.0, 0.0, 0.0, 0.0, 0.0, 0.0, 0.0, 0.0, 0.0, 0.0, 0.0, 0.0, 0.0, 0.0, 0.0, 0.0, 0.0, 0.0], "program call": "xtb /home/svss/Project-DBcg-Debug/aqme2_20220329/End-to-End-workflows-final/example-3/QDESCP/mol_204_rdkit_conf_6/mol_204_rdkit_conf_6.xyz --pop --wbo --acc 0.2 --gfn 2 --chrg 0 --uhf 0 --etemp 300 --input /home/svss/Project-DBcg-Debug/aqme2_20220329/End-to-End-workflows-final/example-3/QDESCP/mol_204_rdkit_conf_6/mol_204_rdkit_conf_6_xtb.inp", "method": "GFN2-xTB", "xtb version": "6.3.3 (7355c4f)", "Dipole module/D": 9.284, "Total charge": 0, "Transition dipole module/D": NaN, "HOMO": -9.9638, "LUMO": -8.8752, "HOMO occupancy": 2.0, "LUMO occupancy": 0, "mulliken charges": [-0.09573, 0.20902, -0.37289, 0.44474, -0.18047, -0.35309, 0.20968, -0.09588, -0.26266, -0.03646, 0.14833, 0.20967, -0.26275, -0.00354, -0.02649, -0.02173, -0.01836, -0.02318, -0.02048, 0.04025, 0.04134, 0.03209, 0.02637, 0.03368, 0.02633, 0.03369, 0.04307, 0.04154, 0.0311, 0.04413, 0.03882, 0.03702, 0.03783, 0.04504], "cm5 charges": [-0.24206, 0.13172, -0.43409, 0.41664, -0.14904, -0.411, 0.13212, -0.24231, -0.24721, -0.17364, 0.23518, 0.33187, -0.38422, -0.00506, -0.07782, -0.07696, -0.0736, -0.07835, -0.0704, 0.09398, 0.09467, 0.08333, 0.09056, 0.10243, 0.09091, 0.10119, 0.09638, 0.09492, 0.08232, 0.10257, 0.09406, 0.0923, 0.09312, 0.10547], "FUKUI+": [0.005, 0.008, 0.001, -0.039, -0.074, 0.007, 0.006, 0.005, -0.016, -0.151, -0.063, -0.033, -0.162, -0.024, -0.026, -0.02, -0.044, -0.02, -0.025, 0.008, -0.015, -0.014, -0.018, 0.009, -0.012, -0.008, -0.006, 0.001, -0.017, -0.042, -0.057, -0.064, -0.057, -0.043], "FUKUI-": [0.008, 0.013, -0.001, -0.139, -0.382, -0.0, 0.013, 0.008, 0.005, -0.034, -0.017, -0.003, -0.069, -0.014, -0.014, -0.02, -0.021, -0.015, -0.015, -0.009, -0.017, -0.023, -0.011, -0.007, -0.009, -0.014, -0.015, -0.013, -0.025, -0.028, -0.038, -0.038, -0.035, -0.02], "FUKUIrad": [0.007, 0.01, -0.0, -0.089, -0.228, 0.003, 0.01, 0.006, -0.005, -0.092, -0.04, -0.018, -0.116, -0.019, -0.02, -0.02, -0.032, -0.017, -0.02, -0.0, -0.016, -0.019, -0.014, 0.001, -0.011, -0.011, -0.01, -0.006, -0.021, -0.035, -0.047, -0.051, -0.046, -0.032], "s proportion": [1.012, 0.993, 1.649, 1.437, 1.89, 1.647, 0.992, 1.012, 1.672, 1.574, 1.06, 1.076, 1.681, 1.08, 1.066, 1.062, 1.064, 1.062, 1.067, 0.96, 0.959, 0.968, 0.974, 0.966, 0.974, 0.966, 0.957, 0.958, 0.969, 0.956, 0.961, 0.963, 0.962, 0.955], "p proportion": [3.084, 2.798, 4.724, 1.931, 4.304, 4.706, 2.798, 3.084, 4.591, 3.463, 2.792, 2.715, 3.582, 2.923, 2.96, 2.96, 2.954, 2.961, 2.954, 0.0, 0.0, 0.0, 0.0, 0.0, 0.0, 0.0, 0.0, 0.0, 0.0, 0.0, 0.0, 0.0, 0.0, 0.0], "d proportion": [0.0, 0.0, 0.0, 1.187, -0.014, 0.0, 0.0, 0.0, 0.0, 0.0, 0.0, 0.0, 0.0, 0.0, 0.0, 0.0, 0.0, 0.0, 0.0, 0.0, 0.0, 0.0, 0.0, 0.0, 0.0, 0.0, 0.0, 0.0, 0.0, 0.0, 0.0, 0.0, 0.0, 0.0], "Fermi-level/eV": -9.4188, "Coordination numbers": [3.749, 3.923, 1.658, 4.033, 0.924, 1.658, 3.922, 3.749, 1.723, 2.022, 2.88, 1.902, 0.911, 2.966, 2.913, 2.911, 2.911, 2.91, 2.916, 0.924, 0.924, 0.924, 0.924, 0.924, 0.924, 0.924, 0.924, 0.924, 0.924, 0.925, 0.925, 0.925, 0.925, 0.925], "Dispersion coefficient C6": [22.738, 18.945, 18.612, 138.943, 155.869, 18.356, 19.032, 22.749, 17.619, 23.331, 25.631, 28.228, 25.097, 27.621, 28.572, 28.61, 28.482, 28.603, 28.594, 2.227, 2.196, 2.246, 2.287, 2.469, 2.289, 2.35, 2.188, 2.212, 2.238, 2.328, 2.353, 2.37, 2.365, 2.198], "Total dispersion C6": 16836.57661, "Total dispersion C8": 463953.195984, "Polarizability alpha": [6.801, 6.186, 5.824, 21.174, 21.117, 5.784, 6.2, 6.803, 5.668, 7.164, 8.3, 8.581, 7.246, 8.62, 8.765, 8.771, 8.751, 8.77, 8.769, 2.334, 2.318, 2.344, 2.365, 2.457, 2.366, 2.397, 2.313, 2.326, 2.339, 2.386, 2.399, 2.407, 2.405, 2.318], "Total polarizability alpha": 204.766937, "Wiberg matrix": [[0.0, 1.0159503878275706, 0.0, 0.0, 0.0, 0.0, 0.0, 0.0, 0.0, 0.0, 0.0, 0.0, 0.0, 0.0, 0.0, 0.0, 0.0, 0.0, 0.0, 0.9848145557220024, 0.9843281457696562, 0.9819978687176265, 0.0, 0.0, 0.0, 0.0, 0.0, 0.0, 0.0, 0.0, 0.0, 0.0, 0.0, 0.0], [1.0159503878275706, 0.0, 0.9246779979180035, 0.0, 0.0, 0.0, 0.0, 0.0, 0.0, 0.0, 0.0, 0.0, 0.0, 0.0, 0.0, 0.0, 0.0, 0.0, 0.0, 0.0, 0.0, 0.0, 0.9710202095012475, 0.9688813070548681, 0.0, 0.0, 0.0, 0.0, 0.0, 0.0, 0.0, 0.0, 0.0, 0.0], [0.0, 0.9246779979180035, 0.0, 1.206243260965662, 0.0, 0.0, 0.0, 0.0, 0.0, 0.0, 0.0, 0.0, 0.0, 0.0, 0.0, 0.0, 0.0, 0.0, 0.0, 0.0, 0.0, 0.0, 0.0, 0.0, 0.0, 0.0, 0.0, 0.0, 0.0, 0.0, 0.0, 0.0, 0.0, 0.0], [0.0, 0.0, 1.206243260965662, 0.0, 1.5868767244390034, 1.2359124038286886, 0.0, 0.0, 1.1460800078451672, 0.0, 0.0, 0.0, 0.0, 0.0, 0.0, 0.0, 0.0, 0.0, 0.0, 0.0, 0.0, 0.0, 0.0, 0.0, 0.0, 0.0, 0.0, 0.0, 0.0, 0.0, 0.0, 0.0, 0.0, 0.0], [0.0, 0.0, 0.0, 1.5868767244390034, 0.0, 0.0, 0.0, 0.0, 0.0, 0.0, 0.0, 0.0, 0.0, 0.0, 0.0, 0.0, 0.0, 0.0, 0.0, 0.0, 0.0, 0.0, 0.0, 0.0, 0.0, 0.0, 0.0, 0.0, 0.0, 0.0, 0.0, 0.0, 0.0, 0.0], [0.0, 0.0, 0.0, 1.2359124038286886, 0.0, 0.0, 0.9217541389645797, 0.0, 0.0, 0.0, 0.0, 0.0, 0.0, 0.0, 0.0, 0.0, 0.0, 0.0, 0.0, 0.0, 0.0, 0.0, 0.0, 0.0, 0.0, 0.0, 0.0, 0.0, 0.0, 0.0, 0.0, 0.0, 0.0, 0.0], [0.0, 0.0, 0.0, 0.0, 0.0, 0.9217541389645797, 0.0, 1.0158920199691477, 0.0, 0.0, 0.0, 0.0, 0.0, 0.0, 0.0, 0.0, 0.0, 0.0, 0.0, 0.0, 0.0, 0.0, 0.0, 0.0, 0.9702533879762315, 0.9710141507275639, 0.0, 0.0, 0.0, 0.0, 0.0, 0.0, 0.0, 0.0], [0.0, 0.0, 0.0, 0.0, 0.0, 0.0, 1.0158920199691477, 0.0, 0.0, 0.0, 0.0, 0.0, 0.0, 0.0, 0.0, 0.0, 0.0, 0.0, 0.0, 0.0, 0.0, 0.0, 0.0, 0.0, 0.0, 0.0, 0.9842483989434219, 0.9847430405918836, 0.9818539398906799, 0.0, 0.0, 0.0, 0.0, 0.0], [0.0, 0.0, 0.0, 1.1460800078451672, 0.0, 0.0, 0.0, 0.0, 0.0, 0.971520518491235, 0.0, 0.0, 0.0, 0.0, 0.0, 0.0, 0.0, 0.0, 0.0, 0.0, 0.0, 0.0, 0.0, 0.0, 0.0, 0.0, 0.0, 0.0, 0.0, 0.0, 0.0, 0.0, 0.0, 0.0], [0.0, 0.0, 0.0, 0.0, 0.0, 0.0, 0.0, 0.0, 0.971520518491235, 0.0, 1.6951713974165286, 0.0, 0.0, 0.0, 0.0, 0.0, 0.0, 0.0, 0.0, 0.0, 0.0, 0.0, 0.0, 0.0, 0.0, 0.0, 0.0, 0.0, 0.0, 0.0, 0.0, 0.0, 0.0, 0.0], [0.0, 0.0, 0.0, 0.0, 0.0, 0.0, 0.0, 0.0, 0.0, 1.6951713974165286, 0.0, 1.0508293191931006, 0.0, 1.0524004780983598, 0.0, 0.0, 0.0, 0.0, 0.0, 0.0, 0.0, 0.0, 0.0, 0.0, 0.0, 0.0, 0.0, 0.0, 0.0, 0.0, 0.0, 0.0, 0.0, 0.0], [0.0, 0.0, 0.0, 0.0, 0.0, 0.0, 0.0, 0.0, 0.0, 0.0, 1.0508293191931006, 0.0, 2.8284402991348836, 0.0, 0.0, 0.0, 0.0, 0.0, 0.0, 0.0, 0.0, 0.0, 0.0, 0.0, 0.0, 0.0, 0.0, 0.0, 0.0, 0.0, 0.0, 0.0, 0.0, 0.0], [0.0, 0.0, 0.0, 0.0, 0.0, 0.0, 0.0, 0.0, 0.0, 0.0, 0.0, 2.8284402991348836, 0.0, 0.0, 0.0, 0.0, 0.0, 0.0, 0.0, 0.0, 0.0, 0.0, 0.0, 0.0, 0.0, 0.0, 0.0, 0.0, 0.0, 0.0, 0.0, 0.0, 0.0, 0.0], [0.0, 0.0, 0.0, 0.0, 0.0, 0.0, 0.0, 0.0, 0.0, 0.0, 1.0524004780983598, 0.0, 0.0, 0.0, 1.3759830472159829, 0.0, 0.0, 0.0, 1.3661692366722238, 0.0, 0.0, 0.0, 0.0, 0.0, 0.0, 0.0, 0.0, 0.0, 0.0, 0.0, 0.0, 0.0, 0.0, 0.0], [0.0, 0.0, 0.0, 0.0, 0.0, 0.0, 0.0, 0.0, 0.0, 0.0, 0.0, 0.0, 0.0, 1.3759830472159829, 0.0, 1.4497323628716139, 0.0, 0.10489510084781789, 0.0, 0.0, 0.0, 0.0, 0.0, 0.0, 0.0, 0.0, 0.0, 0.0, 0.0, 0.9670675248540995, 0.0, 0.0, 0.0, 0.0], [0.0, 0.0, 0.0, 0.0, 0.0, 0.0, 0.0, 0.0, 0.0, 0.0, 0.0, 0.0, 0.0, 0.0, 1.4497323628716139, 0.0, 1.4335968094105087, 0.0, 0.10783402127138952, 0.0, 0.0, 0.0, 0.0, 0.0, 0.0, 0.0, 0.0, 0.0, 0.0, 0.0, 0.969954167625827, 0.0, 0.0, 0.0], [0.0, 0.0, 0.0, 0.0, 0.0, 0.0, 0.0, 0.0, 0.0, 0.0, 0.0, 0.0, 0.0, 0.0, 0.0, 1.4335968094105087, 0.0, 1.4273745227607606, 0.0, 0.0, 0.0, 0.0, 0.0, 0.0, 0.0, 0.0, 0.0, 0.0, 0.0, 0.0, 0.0, 0.9699905584655754, 0.0, 0.0], [0.0, 0.0, 0.0, 0.0, 0.0, 0.0, 0.0, 0.0, 0.0, 0.0, 0.0, 0.0, 0.0, 0.0, 0.10489510084781789, 0.0, 1.4273745227607606, 0.0, 1.458681370746882, 0.0, 0.0, 0.0, 0.0, 0.0, 0.0, 0.0, 0.0, 0.0, 0.0, 0.0, 0.0, 0.0, 0.969765048277236, 0.0], [0.0, 0.0, 0.0, 0.0, 0.0, 0.0, 0.0, 0.0, 0.0, 0.0, 0.0, 0.0, 0.0, 1.3661692366722238, 0.0, 0.10783402127138952, 0.0, 1.458681370746882, 0.0, 0.0, 0.0, 0.0, 0.0, 0.0, 0.0, 0.0, 0.0, 0.0, 0.0, 0.0, 0.0, 0.0, 0.0, 0.9667913136788592], [0.9848145557220024, 0.0, 0.0, 0.0, 0.0, 0.0, 0.0, 0.0, 0.0, 0.0, 0.0, 0.0, 0.0, 0.0, 0.0, 0.0, 0.0, 0.0, 0.0, 0.0, 0.0, 0.0, 0.0, 0.0, 0.0, 0.0, 0.0, 0.0, 0.0, 0.0, 0.0, 0.0, 0.0, 0.0], [0.9843281457696562, 0.0, 0.0, 0.0, 0.0, 0.0, 0.0, 0.0, 0.0, 0.0, 0.0, 0.0, 0.0, 0.0, 0.0, 0.0, 0.0, 0.0, 0.0, 0.0, 0.0, 0.0, 0.0, 0.0, 0.0, 0.0, 0.0, 0.0, 0.0, 0.0, 0.0, 0.0, 0.0, 0.0], [0.9819978687176265, 0.0, 0.0, 0.0, 0.0, 0.0, 0.0, 0.0, 0.0, 0.0, 0.0, 0.0, 0.0, 0.0, 0.0, 0.0, 0.0, 0.0, 0.0, 0.0, 0.0, 0.0, 0.0, 0.0, 0.0, 0.0, 0.0, 0.0, 0.0, 0.0, 0.0, 0.0, 0.0, 0.0], [0.0, 0.9710202095012475, 0.0, 0.0, 0.0, 0.0, 0.0, 0.0, 0.0, 0.0, 0.0, 0.0, 0.0, 0.0, 0.0, 0.0, 0.0, 0.0, 0.0, 0.0, 0.0, 0.0, 0.0, 0.0, 0.0, 0.0, 0.0, 0.0, 0.0, 0.0, 0.0, 0.0, 0.0, 0.0], [0.0, 0.9688813070548681, 0.0, 0.0, 0.0, 0.0, 0.0, 0.0, 0.0, 0.0, 0.0, 0.0, 0.0, 0.0, 0.0, 0.0, 0.0, 0.0, 0.0, 0.0, 0.0, 0.0, 0.0, 0.0, 0.0, 0.0, 0.0, 0.0, 0.0, 0.0, 0.0, 0.0, 0.0, 0.0], [0.0, 0.0, 0.0, 0.0, 0.0, 0.0, 0.9702533879762315, 0.0, 0.0, 0.0, 0.0, 0.0, 0.0, 0.0, 0.0, 0.0, 0.0, 0.0, 0.0, 0.0, 0.0, 0.0, 0.0, 0.0, 0.0, 0.0, 0.0, 0.0, 0.0, 0.0, 0.0, 0.0, 0.0, 0.0], [0.0, 0.0, 0.0, 0.0, 0.0, 0.0, 0.9710141507275639, 0.0, 0.0, 0.0, 0.0, 0.0, 0.0, 0.0, 0.0, 0.0, 0.0, 0.0, 0.0, 0.0, 0.0, 0.0, 0.0, 0.0, 0.0, 0.0, 0.0, 0.0, 0.0, 0.0, 0.0, 0.0, 0.0, 0.0], [0.0, 0.0, 0.0, 0.0, 0.0, 0.0, 0.0, 0.9842483989434219, 0.0, 0.0, 0.0, 0.0, 0.0, 0.0, 0.0, 0.0, 0.0, 0.0, 0.0, 0.0, 0.0, 0.0, 0.0, 0.0, 0.0, 0.0, 0.0, 0.0, 0.0, 0.0, 0.0, 0.0, 0.0, 0.0], [0.0, 0.0, 0.0, 0.0, 0.0, 0.0, 0.0, 0.9847430405918836, 0.0, 0.0, 0.0, 0.0, 0.0, 0.0, 0.0, 0.0, 0.0, 0.0, 0.0, 0.0, 0.0, 0.0, 0.0, 0.0, 0.0, 0.0, 0.0, 0.0, 0.0, 0.0, 0.0, 0.0, 0.0, 0.0], [0.0, 0.0, 0.0, 0.0, 0.0, 0.0, 0.0, 0.9818539398906799, 0.0, 0.0, 0.0, 0.0, 0.0, 0.0, 0.0, 0.0, 0.0, 0.0, 0.0, 0.0, 0.0, 0.0, 0.0, 0.0, 0.0, 0.0, 0.0, 0.0, 0.0, 0.0, 0.0, 0.0, 0.0, 0.0], [0.0, 0.0, 0.0, 0.0, 0.0, 0.0, 0.0, 0.0, 0.0, 0.0, 0.0, 0.0, 0.0, 0.0, 0.9670675248540995, 0.0, 0.0, 0.0, 0.0, 0.0, 0.0, 0.0, 0.0, 0.0, 0.0, 0.0, 0.0, 0.0, 0.0, 0.0, 0.0, 0.0, 0.0, 0.0], [0.0, 0.0, 0.0, 0.0, 0.0, 0.0, 0.0, 0.0, 0.0, 0.0, 0.0, 0.0, 0.0, 0.0, 0.0, 0.969954167625827, 0.0, 0.0, 0.0, 0.0, 0.0, 0.0, 0.0, 0.0, 0.0, 0.0, 0.0, 0.0, 0.0, 0.0, 0.0, 0.0, 0.0, 0.0], [0.0, 0.0, 0.0, 0.0, 0.0, 0.0, 0.0, 0.0, 0.0, 0.0, 0.0, 0.0, 0.0, 0.0, 0.0, 0.0, 0.9699905584655754, 0.0, 0.0, 0.0, 0.0, 0.0, 0.0, 0.0, 0.0, 0.0, 0.0, 0.0, 0.0, 0.0, 0.0, 0.0, 0.0, 0.0], [0.0, 0.0, 0.0, 0.0, 0.0, 0.0, 0.0, 0.0, 0.0, 0.0, 0.0, 0.0, 0.0, 0.0, 0.0, 0.0, 0.0, 0.969765048277236, 0.0, 0.0, 0.0, 0.0, 0.0, 0.0, 0.0, 0.0, 0.0, 0.0, 0.0, 0.0, 0.0, 0.0, 0.0, 0.0], [0.0, 0.0, 0.0, 0.0, 0.0, 0.0, 0.0, 0.0, 0.0, 0.0, 0.0, 0.0, 0.0, 0.0, 0.0, 0.0, 0.0, 0.0, 0.9667913136788592, 0.0, 0.0, 0.0, 0.0, 0.0, 0.0, 0.0, 0.0, 0.0, 0.0, 0.0, 0.0, 0.0, 0.0, 0.0]], "Born radii": [], "Atomic SASAs": [], "Solvent H bonds": [], "Total SASA": NaN, "Total FOD": 0.0, "FOD": [0.0, 0.0, 0.0, 0.0, 0.0, 0.0, 0.0, 0.0, 0.0, 0.0, 0.0, 0.0, 0.0, 0.0, 0.0, 0.0, 0.0, 0.0, 0.0, 0.0, 0.0, 0.0, 0.0, 0.0, 0.0, 0.0, 0.0, 0.0, 0.0, 0.0, 0.0, 0.0, 0.0, 0.0], "FOD s proportion": [0.0, 0.0, 0.0, 0.0, 0.0, 0.0, 0.0, 0.0, 0.0, 0.0, 0.0, 0.0, 0.0, 0.0, 0.0, 0.0, 0.0, 0.0, 0.0, 0.0, 0.0, 0.0, 0.0, 0.0, 0.0, 0.0, 0.0, 0.0, 0.0, 0.0, 0.0, 0.0, 0.0, 0.0], "FOD p proportion": [0.0, 0.0, 0.0, 0.0, 0.0, 0.0, 0.0, 0.0, 0.0, 0.0, 0.0, 0.0, 0.0, 0.0, 0.0, 0.0, 0.0, 0.0, 0.0, 0.0, 0.0, 0.0, 0.0, 0.0, 0.0, 0.0, 0.0, 0.0, 0.0, 0.0, 0.0, 0.0, 0.0, 0.0], "FOD d proportion": [0.0, 0.0, 0.0, 0.0, 0.0, 0.0, 0.0, 0.0, 0.0, 0.0, 0.0, 0.0, 0.0, 0.0, 0.0, 0.0, 0.0, 0.0, 0.0, 0.0, 0.0, 0.0, 0.0, 0.0, 0.0, 0.0, 0.0, 0.0, 0.0, 0.0, 0.0, 0.0, 0.0, 0.0], "coordinates": [["-2.56180", "-2.62510", "0.20310"], ["-2.56810", "-1.54490", "1.26500"], ["-2.47330", "-0.28400", "0.62470"], ["-1.95220", "0.98100", "1.49650"], ["-3.03690", "1.48300", "3.02270"], ["-1.76250", "2.11250", "0.35060"], ["-2.91030", "2.55970", "-0.34880"], ["-2.45920", "3.38990", "-1.53320"], ["-0.39980", "0.58060", "1.83390"], ["0.38060", "0.15360", "0.73290"], ["1.62960", "-0.05060", "1.03560"], ["2.05450", "0.16390", "2.40500"], ["2.43200", "0.31730", "3.49400"], ["2.62430", "-0.49920", "0.02940"], ["3.96640", "-0.73400", "0.36280"], ["4.86920", "-1.15770", "-0.61650"], ["4.44180", "-1.34920", "-1.92920"], ["3.11080", "-1.11810", "-2.26930"], ["2.20420", "-0.69480", "-1.29520"], ["-1.63950", "-2.58010", "-0.38570"], ["-3.39300", "-2.48480", "-0.49580"], ["-2.64400", "-3.61750", "0.65510"], ["-3.50080", "-1.58490", "1.83560"], ["-1.72810", "-1.69240", "1.95090"], ["-3.52850", "3.16780", "0.31810"], ["-3.49800", "1.70440", "-0.69620"], ["-1.86050", "4.24410", "-1.20000"], ["-1.82440", "2.79680", "-2.19980"], ["-3.31790", "3.76020", "-2.10010"], ["4.34140", "-0.59630", "1.37460"], ["5.90960", "-1.33820", "-0.35430"], ["5.14770", "-1.67830", "-2.68850"], ["2.77760", "-1.26620", "-3.29400"], ["1.16930", "-0.51830", "-1.58360"]], "bond_dist": [[0.0, 1.5147618096585351, 2.3804050117574533, 3.8792335492981085, 5.005232240366075, 4.806817086180834, 5.225724533497724, 6.26142870677292, 4.196458641521444, 4.081614814016628, 4.988881684305612, 5.825556651514085, 6.665266612071869, 5.60760695038445, 6.798467366987945, 7.618711696868441, 7.431354994884849, 6.3688461686556685, 5.355904870327702, 1.0951473553819138, 1.095006273954629, 1.0935806326009985, 2.1514630580142438, 2.149369633171549, 5.874131791167101, 4.5199315459418195, 7.046021568232673, 5.976176602142879, 6.829968780309322, 7.28989793687127, 8.58670043322812, 8.288194679784013, 6.52575742577059, 4.642414279230151], [1.5147618096585351, 0.0, 1.417335507210625, 2.610190772721412, 3.532344991645069, 3.85508670200814, 4.423707996692367, 5.673978629674243, 3.089162078946328, 3.444250912753018, 4.461641193551986, 5.05846105055678, 5.782493393857013, 5.438861425886855, 6.646142783600123, 7.681366895286281, 7.705836109079923, 6.702487593423802, 5.4819833399965745, 2.1584131879693467, 2.1596964277416397, 2.161807017289009, 1.0941268893505909, 1.0944473765330154, 4.901890355770925, 3.907552935022122, 6.331622521913322, 5.604309736265475, 6.326941129803564, 6.975173429385107, 8.63343817201467, 8.670728196062889, 7.031263270565255, 4.810050756488958], [2.3804050117574533, 1.417335507210625, 0.0, 1.6222840226051662, 3.031557019091015, 2.5146728813108075, 3.037318050517594, 4.26078307708806, 2.5512937992320683, 2.8892812618365835, 4.13002454956384, 4.885801402021985, 5.714578923245352, 5.1367517839584185, 6.460714178788596, 7.497748687439451, 7.448198725866543, 6.344535571655343, 5.072847218278903, 2.6435214790124175, 2.63531572681529, 3.338006126417386, 2.0528945101977354, 2.0730943152688446, 3.6224817239014473, 2.5977916506140364, 4.920238158869955, 4.229680850844423, 4.949084545650842, 6.862945241658278, 8.505456545653502, 8.426209570738198, 6.625169985743762, 4.266148161984063], [3.8792335492981085, 2.610190772721412, 1.6222840226051662, 0.0, 1.9385212224786195, 1.6215317295692981, 2.6106285430907246, 3.903707250806597, 1.6383237409010467, 2.590295651079235, 3.755784686320556, 4.188874496806989, 4.863302744020775, 5.028690356345278, 6.265486944364341, 7.454549258674196, 7.618955868752621, 6.649920258920402, 5.279920026856467, 4.04003605676979, 4.249345075420447, 4.72575321509704, 3.0161222753728003, 2.7209865361666163, 2.94201333953468, 2.7786216888954134, 4.234069289702283, 4.120205840731747, 4.746011029275006, 6.48938640088568, 8.403097555068609, 8.659946968659796, 7.097168881321622, 4.634509547945716], [5.005232240366075, 3.532344991645069, 3.031557019091015, 1.9385212224786195, 0.0, 3.0266291513827723, 3.5415141818154563, 4.972547607615235, 3.0301596674102838, 4.323169514372528, 5.2987467971209945, 5.2956521845755695, 5.611581540884886, 6.703592109458928, 7.812577545215152, 9.095245479919715, 9.40604189550525, 8.518521027737151, 7.131353480230804, 5.484405066185393, 5.315081024782218, 5.636931826800818, 3.3221107793088414, 3.597899086967282, 3.2241406234840317, 3.753911077796063, 5.180616320477709, 5.520030157526316, 5.613170287814186, 7.840856648989319, 9.970113373979256, 10.4689684444075, 9.014832764949109, 6.550978539119175], [4.806817086180834, 3.85508670200814, 2.5146728813108075, 1.6215317295692981, 3.0266291513827723, 0.0, 1.4165426361391316, 2.3803033609185196, 2.530582500137073, 2.9285354889432367, 4.081000982602186, 4.752587749847445, 5.54053579087799, 5.115482437659228, 6.397109214324858, 7.457139890065092, 7.461514150626533, 6.407004390508875, 5.130721179327522, 4.751606196855964, 4.950766657801597, 5.805399426396086, 4.347146035044141, 4.127881715844096, 2.0575398756767758, 2.0674370848952095, 2.637742011645567, 2.6413326674237765, 3.3376810722416246, 6.7560172180064795, 8.441879702412255, 8.447316585164783, 6.731361738905435, 4.388358408334488], [5.225724533497724, 4.423707996692367, 3.037318050517594, 2.6106285430907246, 3.5415141818154563, 1.4165426361391316, 0.0, 1.515099537984221, 3.8708689399151712, 4.21774998192164, 5.416726083161303, 6.162183957007451, 6.952383684032406, 6.334958690473048, 7.657926425606346, 8.626201151144112, 8.475289834572031, 7.312193808974157, 6.13559723743337, 5.294699074546163, 5.069673415517019, 6.263906986857324, 4.7220761080270615, 4.976602389180795, 1.0939435360200274, 1.0943564958458467, 2.159589044239668, 2.159073000155391, 2.162033695389598, 8.094294067427992, 9.642836235776278, 9.400329998994716, 7.46082570899495, 5.257561335828618], [6.26142870677292, 5.673978629674243, 4.26078307708806, 3.903707250806597, 4.972547607615235, 2.3803033609185196, 1.515099537984221, 0.0, 4.844652439546102, 4.8655226790140444, 5.929085859557103, 6.803674222800501, 7.657509258237956, 6.5885347248079364, 7.867000862463408, 8.673318350550728, 8.380911991543641, 7.2033885921835425, 6.2039275987071285, 6.134294119130578, 6.038234948227834, 7.343463943535094, 6.097735566585353, 6.205097365070108, 2.149428433328265, 2.1495545329207166, 1.0950440950025715, 1.0950316022836968, 1.0935553895436663, 8.401979031156886, 9.684087373624838, 9.213375979520212, 7.225216819584033, 5.3331585059887345], [4.196458641521444, 3.089162078946328, 2.5512937992320683, 1.6383237409010467, 3.0301596674102838, 2.530582500137073, 3.8708689399151712, 4.844652439546102, 0.0, 1.4154695899241354, 2.2702776680397485, 2.5540913433156613, 3.293076090830578, 3.6833909784327807, 4.79124313826798, 6.065353085352905, 6.428541063880669, 5.660931397747194, 4.265996714719785, 4.056291993927458, 4.876825349548618, 4.904084694415463, 3.7822736733345987, 2.6352606872945223, 4.333591717040266, 4.154897795373552, 4.975884438971629, 4.81785878684712, 5.839650654790918, 4.906630976545923, 6.948276120017109, 7.505297277256911, 6.308874654801758, 3.9177751683831987], [4.081614814016628, 3.444250912753018, 2.8892812618365835, 2.590295651079235, 4.323169514372528, 2.9285354889432367, 4.21774998192164, 4.8655226790140444, 1.4154695899241354, 0.0, 1.3012785750945106, 2.366002051985585, 3.4436481905095944, 2.4403380462550675, 3.712515240372759, 4.867023526756369, 5.08316138736515, 4.252577779418032, 2.856306904028347, 3.5784334086300946, 4.765597046540967, 4.834816771088642, 4.393585722391222, 3.055790518016573, 4.953637399931489, 4.4148437582772955, 5.048843617106793, 4.522085860529409, 5.891719172703329, 4.081919345112052, 5.829006097097515, 6.147119486393607, 4.896668729861149, 2.5376503994837427], [4.988881684305612, 4.461641193551986, 4.13002454956384, 3.755784686320556, 5.2987467971209945, 4.081000982602186, 5.416726083161303, 5.929085859557103, 2.2702776680397485, 1.3012785750945106, 0.0, 1.4497608837322102, 2.6120732627550862, 1.4842871992980333, 2.525931440083044, 3.8013304223653064, 4.287758136835612, 3.7756951280525812, 2.485515528014259, 4.370981440134469, 5.787661562323767, 5.579535179564692, 5.4143402783718715, 3.8480424399946522, 6.122001341064864, 5.689590319170617, 5.9685135050529965, 5.523188926698054, 6.9880302932943845, 2.7868564243606095, 4.680612755825886, 5.375440048033277, 4.641230819513289, 2.7001533326831644], [5.825556651514085, 5.05846105055678, 4.885801402021985, 4.188874496806989, 5.2956521845755695, 4.752587749847445, 6.162183957007451, 6.803674222800501, 2.5540913433156613, 2.366002051985585, 1.4497608837322102, 0.0, 1.1627376359265236, 2.531372949606596, 2.938054945027407, 4.335738103253009, 5.174356244017221, 4.9606828340461355, 3.8014807404483846, 5.3817449298531415, 6.7160634734939775, 6.279891577089528, 5.851826713941553, 4.237938090628508, 6.6744629611677375, 6.543763285755377, 6.706063080526457, 6.571317269771716, 7.879846537845771, 2.620980696228036, 4.9731113912720675, 6.237413673150114, 5.920022011783402, 4.14221026023547], [6.665266612071869, 5.782493393857013, 5.714578923245352, 4.863302744020775, 5.611581540884886, 5.54053579087799, 6.952383684032406, 7.657509258237956, 3.293076090830578, 3.4436481905095944, 2.6120732627550862, 1.1627376359265236, 0.0, 3.5647026103168833, 3.641981396163358, 5.001177770285715, 6.018938156352831, 5.978023878339731, 4.900273042392638, 6.326461182999545, 7.596110415864161, 7.021949889453784, 6.447229733769381, 4.870983854417914, 7.330706058081991, 7.392342149143261, 7.475222437493081, 7.528892325568218, 8.729768910458056, 2.9953847298802874, 5.444611547208855, 7.041360102991467, 6.978814771148465, 5.298552671249008], [5.60760695038445, 5.438861425886855, 5.1367517839584185, 5.028690356345278, 6.703592109458928, 5.115482437659228, 6.334958690473048, 6.5885347248079364, 3.6833909784327807, 2.4403380462550675, 1.4842871992980333, 2.531372949606596, 3.5647026103168833, 0.0, 1.402682790227356, 2.4270115512704096, 2.8039115909742947, 2.4297615417978773, 1.4033205371546444, 4.762608871196542, 6.358171253591711, 6.15388334874817, 6.477495884985185, 4.905025407681391, 7.168485511598667, 6.547129570277344, 6.642571060214562, 5.968574396788567, 7.614919530106671, 2.183443120394942, 3.412380808174844, 3.8916326625209634, 3.414202315329307, 2.1723624950730485], [6.798467366987945, 6.646142783600123, 6.460714178788596, 6.265486944364341, 7.812577545215152, 6.397109214324858, 7.657926425606346, 7.867000862463408, 4.79124313826798, 3.712515240372759, 2.525931440083044, 2.938054945027407, 3.641981396163358, 1.402682790227356, 0.0, 1.3977117084721014, 2.420276884986509, 2.7941965893616003, 2.419886253525153, 5.949323681730554, 7.6133608189813256, 7.217852845549014, 7.658475467741606, 5.988983421249386, 8.44982646804063, 7.923669788677467, 7.821546334325458, 7.250298755223815, 8.90644354049359, 1.087807671419907, 2.1576181983845055, 3.405525491021907, 3.881838291325387, 3.4144937926433547], [7.618711696868441, 7.681366895286281, 7.497748687439451, 7.454549258674196, 9.095245479919715, 7.457139890065092, 8.626201151144112, 8.673318350550728, 6.065353085352905, 4.867023526756369, 3.8013304223653064, 4.335738103253009, 5.001177770285715, 2.4270115512704096, 1.3977117084721014, 0.0, 1.3937447040258126, 2.413563042474756, 2.7887515307033, 6.6663082804502825, 8.368973159235248, 8.0072315340572, 8.732250239772107, 7.099423507581444, 9.49235443396421, 8.843528952855866, 8.649206760160148, 7.934052564736384, 9.665165067395384, 2.1349992997656932, 1.0880079273608259, 2.154476876181316, 3.3993483287241983, 3.877289617761356], [7.431354994884849, 7.705836109079923, 7.448198725866543, 7.618955868752621, 9.40604189550525, 7.461514150626533, 8.475289834572031, 8.380911991543641, 6.428541063880669, 5.08316138736515, 4.287758136835612, 5.174356244017221, 6.018938156352831, 2.8039115909742947, 2.420276884986509, 1.3937447040258126, 0.0, 1.3930671986663097, 2.4159985761585205, 6.3937247946717255, 8.045390851910179, 7.876062024895436, 8.79284756435593, 7.29661759036336, 9.432885474763276, 8.595649248311613, 8.457879333497257, 7.518497376470912, 9.292368872359727, 3.389990119454627, 2.152874322853055, 1.0877215222656949, 2.153863895421435, 3.3939785532616438], [6.3688461686556685, 6.702487593423802, 6.344535571655343, 6.649920258920402, 8.518521027737151, 6.407004390508875, 7.312193808974157, 7.2033885921835425, 5.660931397747194, 4.252577779418032, 3.7756951280525812, 4.9606828340461355, 5.978023878339731, 2.4297615417978773, 2.7941965893616003, 2.413563042474756, 1.3930671986663097, 0.0, 1.3964158621270382, 5.3151428061718144, 6.878414467012002, 6.922198982982214, 7.796240171390308, 6.446306053857511, 8.315280034971764, 7.356452086434058, 7.389885995061088, 6.299799306327147, 8.07184137728189, 3.881321786453682, 3.398374677695207, 2.153721033467427, 1.0876423768868149, 2.1446134336984835], [5.355904870327702, 5.4819833399965745, 5.072847218278903, 5.279920026856467, 7.131353480230804, 5.130721179327522, 6.13559723743337, 6.2039275987071285, 4.265996714719785, 2.856306904028347, 2.485515528014259, 3.8014807404483846, 4.900273042392638, 1.4033205371546444, 2.419886253525153, 2.7887515307033, 2.4159985761585205, 1.3964158621270382, 0.0, 4.376708355602416, 5.930580764141063, 5.987561157934005, 6.568196986236025, 5.1957053669352735, 7.098328320104671, 6.215307432460603, 6.397154237627854, 5.407327406399579, 7.140621641005775, 3.421280188759757, 3.876757089372508, 3.4018743936247855, 2.15649877347519, 1.0887354224052785], [1.0951473553819138, 2.1584131879693467, 2.6435214790124175, 4.04003605676979, 5.484405066185393, 4.751606196855964, 5.294699074546163, 6.134294119130578, 4.056291993927458, 3.5784334086300946, 4.370981440134469, 5.3817449298531415, 6.326461182999545, 4.762608871196542, 5.949323681730554, 6.6663082804502825, 6.3937247946717255, 5.3151428061718144, 4.376708355602416, 0.0, 1.7595358336788711, 1.7800234970359243, 3.0641531325963456, 2.501111914729127, 6.091141916750914, 4.680531246557382, 6.876163983646697, 5.677693231410095, 6.779055834701467, 6.542574672099662, 7.6506347697429655, 7.223725833667831, 5.44934074086031, 3.6844729731672614], [1.095006273954629, 2.1596964277416397, 2.63531572681529, 4.249345075420447, 5.315081024782218, 4.950766657801597, 5.069673415517019, 6.038234948227834, 4.876825349548618, 4.765597046540967, 5.787661562323767, 6.7160634734939775, 7.596110415864161, 6.358171253591711, 7.6133608189813256, 8.368973159235248, 8.045390851910179, 6.878414467012002, 5.930580764141063, 1.7595358336788711, 0.0, 1.7800508700596172, 2.5013729849824475, 3.0636792684613705, 5.712502098030249, 4.195304732674374, 6.9370418118964805, 5.767098102165421, 6.448212426711763, 8.178372195614479, 9.37406425036654, 8.854486548072678, 6.884127654249302, 5.0857656631032455], [1.0935806326009985, 2.161807017289009, 3.338006126417386, 4.72575321509704, 5.636931826800818, 5.805399426396086, 6.263906986857324, 7.343463943535094, 4.904084694415463, 4.834816771088642, 5.579535179564692, 6.279891577089528, 7.021949889453784, 6.15388334874817, 7.217852845549014, 8.0072315340572, 7.876062024895436, 6.922198982982214, 5.987561157934005, 1.7800234970359243, 1.7800508700596172, 0.0, 2.501829180819506, 2.494790664564865, 6.851000316742074, 5.556792896986535, 8.115418832075152, 7.068623816557223, 7.9041587496709615, 7.64468068986534, 8.909442732853721, 8.697743758584753, 7.107583911569387, 5.39982177668856], [2.1514630580142438, 1.0941268893505909, 2.0528945101977354, 3.0161222753728003, 3.3221107793088414, 4.347146035044141, 4.7220761080270615, 6.097735566585353, 3.7822736733345987, 4.393585722391222, 5.4143402783718715, 5.851826713941553, 6.447229733769381, 6.477495884985185, 7.658475467741606, 8.732250239772107, 8.79284756435593, 7.796240171390308, 6.568196986236025, 3.0641531325963456, 2.5013729849824475, 2.501829180819506, 0.0, 1.7796953756190972, 4.989161335334828, 4.150844922422421, 6.773676435289776, 6.1882198579236025, 6.640277171172903, 7.917698642913861, 9.664996174856977, 9.760776435304725, 8.113733567846555, 5.885439508651839], [2.149369633171549, 1.0944473765330154, 2.0730943152688446, 2.7209865361666163, 3.597899086967282, 4.127881715844096, 4.976602389180795, 6.205097365070108, 2.6352606872945223, 3.055790518016573, 3.8480424399946522, 4.237938090628508, 4.870983854417914, 4.905025407681391, 5.988983421249386, 7.099423507581444, 7.29661759036336, 6.446306053857511, 5.1957053669352735, 2.501111914729127, 3.0636792684613705, 2.494790664564865, 1.7796953756190972, 0.0, 5.434061100134962, 4.655956900573716, 6.722182147190003, 6.114777250235695, 6.97631075856, 6.1945449510032615, 7.985854116498749, 8.294628189979344, 6.927622603750872, 4.718699801852201], [5.874131791167101, 4.901890355770925, 3.6224817239014473, 2.94201333953468, 3.2241406234840317, 2.0575398756767758, 1.0939435360200274, 2.149428433328265, 4.333591717040266, 4.953637399931489, 6.122001341064864, 6.6744629611677375, 7.330706058081991, 7.168485511598667, 8.44982646804063, 9.49235443396421, 9.432885474763276, 8.315280034971764, 7.098328320104671, 6.091141916750914, 5.712502098030249, 6.851000316742074, 4.989161335334828, 5.434061100134962, 0.0, 1.7808072046125603, 2.4990544811988396, 3.06291009009406, 2.4985958776881065, 8.78748923583978, 10.480166476254086, 10.382715213757914, 8.513196792039992, 6.266827023302941], [4.5199315459418195, 3.907552935022122, 2.5977916506140364, 2.7786216888954134, 3.753911077796063, 2.0674370848952095, 1.0943564958458467, 2.1495545329207166, 4.154897795373552, 4.4148437582772955, 5.689590319170617, 6.543763285755377, 7.392342149143261, 6.547129570277344, 7.923669788677467, 8.843528952855866, 8.595649248311613, 7.356452086434058, 6.215307432460603, 4.680531246557382, 4.195304732674374, 5.556792896986535, 4.150844922422421, 4.655956900573716, 1.7808072046125603, 0.0, 3.0635431741694132, 2.501017329008338, 2.495933664983908, 8.428382139533067, 9.893293088249232, 9.495264454979651, 7.413243862169922, 5.245146646186358], [7.046021568232673, 6.331622521913322, 4.920238158869955, 4.234069289702283, 5.180616320477709, 2.637742011645567, 2.159589044239668, 1.0950440950025715, 4.975884438971629, 5.048843617106793, 5.9685135050529965, 6.706063080526457, 7.475222437493081, 6.642571060214562, 7.821546334325458, 8.649206760160148, 8.457879333497257, 7.389885995061088, 6.397154237627854, 6.876163983646697, 6.9370418118964805, 8.115418832075152, 6.773676435289776, 6.722182147190003, 2.4990544811988396, 3.0635431741694132, 0.0, 1.75942619623558, 1.7799870729867673, 8.27777753566741, 9.604776717342261, 9.295446264166127, 7.500680882426608, 5.657498631020603], [5.976176602142879, 5.604309736265475, 4.229680850844423, 4.120205840731747, 5.520030157526316, 2.6413326674237765, 2.159073000155391, 1.0950316022836968, 4.81785878684712, 4.522085860529409, 5.523188926698054, 6.571317269771716, 7.528892325568218, 5.968574396788567, 7.250298755223815, 7.934052564736384, 7.518497376470912, 6.299799306327147, 5.407327406399579, 5.677693231410095, 5.767098102165421, 7.068623816557223, 6.1882198579236025, 6.114777250235695, 3.06291009009406, 2.501017329008338, 1.75942619623558, 0.0, 1.780062330369361, 7.8934499814719805, 8.96207851170698, 8.299128033112876, 6.235675315473057, 4.509083070869287], [6.829968780309322, 6.326941129803564, 4.949084545650842, 4.746011029275006, 5.613170287814186, 3.3376810722416246, 2.162033695389598, 1.0935553895436663, 5.839650654790918, 5.891719172703329, 6.9880302932943845, 7.879846537845771, 8.729768910458056, 7.614919530106671, 8.90644354049359, 9.665165067395384, 9.292368872359727, 8.07184137728189, 7.140621641005775, 6.779055834701467, 6.448212426711763, 7.9041587496709615, 6.640277171172903, 6.97631075856, 2.4985958776881065, 2.495933664983908, 1.7799870729867673, 1.780062330369361, 0.0, 9.471932687155245, 10.685890531443787, 10.079180530678077, 7.990320044904334, 6.221518973691232], [7.28989793687127, 6.975173429385107, 6.862945241658278, 6.48938640088568, 7.840856648989319, 6.7560172180064795, 8.094294067427992, 8.401979031156886, 4.906630976545923, 4.081919345112052, 2.7868564243606095, 2.620980696228036, 2.9953847298802874, 2.183443120394942, 1.087807671419907, 2.1349992997656932, 3.389990119454627, 3.881321786453682, 3.421280188759757, 6.542574672099662, 8.178372195614479, 7.64468068986534, 7.917698642913861, 6.1945449510032615, 8.78748923583978, 8.428382139533067, 8.27777753566741, 7.8934499814719805, 9.471932687155245, 0.0, 2.4492370363033467, 4.281311165986421, 4.968909579575785, 4.338115910161922], [8.58670043322812, 8.63343817201467, 8.505456545653502, 8.403097555068609, 9.970113373979256, 8.441879702412255, 9.642836235776278, 9.684087373624838, 6.948276120017109, 5.829006097097515, 4.680612755825886, 4.9731113912720675, 5.444611547208855, 3.412380808174844, 2.1576181983845055, 1.0880079273608259, 2.152874322853055, 3.398374677695207, 3.876757089372508, 7.6506347697429655, 9.37406425036654, 8.909442732853721, 9.664996174856977, 7.985854116498749, 10.480166476254086, 9.893293088249232, 9.604776717342261, 8.96207851170698, 10.685890531443787, 2.4492370363033467, 0.0, 2.478840305465441, 4.296096378108853, 4.965265208425428], [8.288194679784013, 8.670728196062889, 8.426209570738198, 8.659946968659796, 10.4689684444075, 8.447316585164783, 9.400329998994716, 9.213375979520212, 7.505297277256911, 6.147119486393607, 5.375440048033277, 6.237413673150114, 7.041360102991467, 3.8916326625209634, 3.405525491021907, 2.154476876181316, 1.0877215222656949, 2.153721033467427, 3.4018743936247855, 7.223725833667831, 8.854486548072678, 8.697743758584753, 9.760776435304725, 8.294628189979344, 10.382715213757914, 9.495264454979651, 9.295446264166127, 8.299128033112876, 10.079180530678077, 4.281311165986421, 2.478840305465441, 0.0, 2.4806915709132404, 4.2888309094670545], [6.52575742577059, 7.031263270565255, 6.625169985743762, 7.097168881321622, 9.014832764949109, 6.731361738905435, 7.46082570899495, 7.225216819584033, 6.308874654801758, 4.896668729861149, 4.641230819513289, 5.9200220117834