{"total energy": -52.62410858, "HOMO-LUMO gap/eV": 2.48217865, "electronic energy": -53.38147044, "dipole": [0.56303854, 0.87896207, 0.54790622], "partial charges": [-0.10550106, 0.00795874, -0.11708683, 0.05464873, -0.05029761, -0.03517632, -0.03690598, -0.04892119, 0.04603777, -0.08751488, -0.03968909, 0.26062786, -0.43489463, -0.03367309, -0.00256971, -0.04557208, 0.06054131, -0.25730124, 0.15134848, 0.04717396, 0.04291965, 0.04326503, 0.04825375, 0.04308703, 0.04170258, 0.0374562, 0.03720569, 0.04392493, 0.05222123, 0.0814056, 0.05097334, 0.05974668, 0.04136245, 0.0432427], "atomic dipole moments": [[0.07138707, 0.02410842, 0.09671787], [0.02926806, -0.16682359, -0.00855536], [-0.04861251, 0.06707447, 0.13127006], [-0.13211988, -0.03428963, -0.06031495], [-0.00084136, -0.02430516, -0.03090368], [-0.0052086, -0.00121866, -0.00102431], [-0.00202092, -0.00453274, -0.00382114], [-0.03645689, 0.00075125, -0.02574907], [-0.05594181, -0.1250979, -0.06955533], [0.0542232, -0.02059091, -0.00345088], [-0.13429147, 0.08084468, 0.08561002], [0.05086074, 0.01853406, -0.0323396], [0.00823571, 0.16869532, 0.10384992], [0.0510203, -0.02005264, -0.03134047], [0.01224419, 0.02306393, -0.00860359], [0.01056656, -0.00957973, -0.00566092], [0.04445685, 0.01075557, -0.02273931], [0.08978159, -0.26674694, -0.0184404], [0.02255211, 0.0872555, -0.04185827], [-0.09852942, -0.08198007, 0.01861247], [-0.0530256, 0.10784451, -0.03915642], [0.06671315, -0.04607731, -0.09921435], [-0.06782408, 0.05330105, 0.09543823], [0.07032149, 0.09377035, -0.04042033], [-0.09989033, 0.11416418, 0.02598556], [0.02997866, 0.12668909, 0.07758458], [0.13544861, 0.02096565, 0.0645252], [0.11556762, -0.10070261, -0.00030902], [0.08167793, 0.08760298, -0.04973443], [-0.03055575, -0.07600715, -0.1057203], [0.05070982, -0.07556952, 0.088768], [0.03888038, -0.14972167, -0.00953914], [-0.09313671, -0.10806367, 0.05686364], [-0.12858703, 0.04575741, 0.05851053]], "atomic quadrupole moments": [[-0.00719117, 0.02831023, -0.09856812, 0.17760373, 0.0471362, 0.10575929], [-0.02472528, -0.11108979, 0.08524417, 0.22620287, -0.06212267, -0.06051889], [0.00791743, -0.02308061, 0.04836652, 0.0165815, -0.017808, -0.05628395], [0.03634219, 0.13026151, -0.2280676, -0.08974273, -0.27137621, 0.19172541], [-0.144039, 0.08900128, -0.13122347, -0.181789, -0.28267107, 0.27526247], [-0.15819656, 0.0905892, -0.1211968, -0.21896297, -0.29384105, 0.27939337], [-0.18452583, 0.08786231, -0.10076589, -0.22610736, -0.27464498, 0.28529172], [-0.19253486, 0.09093384, -0.09875266, -0.21413105, -0.2366446, 0.29128752], [-0.25403464, 0.14359202, 0.01565293, -0.18831615, -0.09668277, 0.23838171], [-0.00446054, -0.04454348, 0.00930713, -0.00355936, 0.01561914, -0.00484658], [0.19632989, -0.15102135, -0.0725684, -0.1571505, 0.10992318, -0.12376149], [-0.20684886, -0.13112494, -0.02411706, 0.16296055, -0.32014908, 0.23096591], [-0.08926325, -0.04200021, -0.00959106, 0.06527331, -0.09688074, 0.09885431], [-0.01314728, -0.04288661, -0.24121177, 0.19093557, 0.14340518, 0.25435904], [-0.09514783, 0.03627556, -0.31166177, 0.33752659, 0.07952573, 0.4068096], [-0.09625218, 0.00936829, -0.24857783, 0.29494916, 0.08226587, 0.34483001], [-0.08716798, 0.11251726, -0.31829506, 0.31458597, 0.05807919, 0.40546304], [-0.0481858, 0.03130254, -0.1549024, 0.15735769, 0.04529089, 0.2030882], [-0.09226164, 0.14924193, -0.21973282, 0.24245223, 0.00678845, 0.31199446], [0.01055384, 0.05905336, 0.0077174, -0.02288664, -0.02343794, -0.01827124], [-0.02602063, -0.04006178, 0.0634953, 0.02263218, -0.02231837, -0.03747467], [0.01718635, -0.02419323, -0.03357133, -0.04762517, 0.03755618, 0.01638498], [0.00594146, -0.01366411, -0.02980349, -0.02386046, -0.0016201, 0.02386203], [0.03278188, 0.04018379, -0.01351043, 0.00478336, -0.02013975, -0.01927146], [0.03726459, -0.01220203, -0.00273202, 0.04276988, 0.02780051, -0.03453257], [0.02752057, -0.01952096, 0.01327349, 0.0283551, 0.03349612, -0.04079406], [0.02059465, -0.01866002, 0.02040848, 0.02446254, 0.03763734, -0.04100314], [0.00187718, -0.00888145, 0.02959389, 0.02324657, 0.05119081, -0.03147107], [0.0051487, 0.04241774, 0.03488714, -0.02582237, -0.01374047, -0.04003584], [0.00114716, 0.01837221, -0.01297795, 0.0280078, 0.04600652, 0.01183079], [-0.00636995, -0.03966358, -0.01559086, 0.01930731, -0.03727106, 0.02196081], [0.02318111, -0.00356519, 0.01929997, -0.04091173, -0.0101746, -0.04248108], [0.01152327, -0.00855843, 0.03231722, -0.03745707, -0.00898097, -0.04384049], [0.01215219, 0.00420931, 0.03559236, -0.04242982, -0.01802876, -0.04774454]], "number of molecular orbitals": 91, "number of electrons": 96, "number of unpaired electrons": 0, "orbital energies/eV": [-18.84610311, -18.28092875, -18.16445102, -17.92739719, -17.79087225, -17.54638934, -17.32302395, -17.16878183, -17.11240537, -16.97437264, -16.67726561, -16.41810576, -16.17141761, -16.11230005, -15.97745286, -15.51180868, -15.43513089, -15.0307972, -14.91577479, -14.813963, -14.70579047, -14.53187715, -14.21394875, -14.02418808, -13.96530614, -13.86165196, -13.6996282, -13.56716561, -13.49163667, -13.39597647, -13.38093778, -13.20237603, -12.87774568, -12.82248776, -12.70516766, -12.61228849, -12.39196708, -12.28046313, -12.16970017, -11.97867883, -11.77289996, -11.74409295, -11.65801238, -11.24349659, -10.89679738, -10.58147478, -10.20276344, -9.80440455, -7.3222259, -6.74871534, -6.42253501, -6.20675007, -5.27994349, -3.11217152, -2.91962605, -0.91003109, -0.41688808, 1.76588293, 2.2149732, 2.32021115, 2.88798385, 3.14758571, 3.23602533, 3.48469581, 3.82716166, 4.0670725, 4.17089935, 4.31596395, 4.49299695, 4.72763038, 4.82472493, 5.1004163, 5.17616139, 5.53166446, 5.65541485, 6.58216776, 7.02338839, 7.60545785, 7.72186017, 9.72048179, 10.04554899, 10.47399145, 10.72121662, 11.27546361, 11.48890661, 11.7678306, 14.44843282, 15.8591486, 16.0902571, 16.73704952, 16.95503146], "fractional occupation": [2.0, 2.0, 2.0, 2.0, 2.0, 2.0, 2.0, 2.0, 2.0, 2.0, 2.0, 2.0, 2.0, 2.0, 2.0, 2.0, 2.0, 2.0, 2.0, 2.0, 2.0, 2.0, 2.0, 2.0, 2.0, 2.0, 2.0, 2.0, 2.0, 2.0, 2.0, 2.0, 2.0, 2.0, 2.0, 2.0, 2.0, 2.0, 2.0, 2.0, 2.0, 2.0, 2.0, 2.0, 2.0, 2.0, 2.0, 2.0, 0.0, 0.0, 0.0, 0.0, 0.0, 0.0, 0.0, 0.0, 0.0, 0.0, 0.0, 0.0, 0.0, 0.0, 0.0, 0.0, 0.0, 0.0, 0.0, 0.0, 0.0, 0.0, 0.0, 0.0, 0.0, 0.0, 0.0, 0.0, 0.0, 0.0, 0.0, 0.0, 0.0, 0.0, 0.0, 0.0, 0.0, 0.0, 0.0, 0.0, 0.0, 0.0, 0.0], "program call": "xtb /home/svss/Project-DBcg-Debug/aqme2_20220329/End-to-End-workflows-final/example-3/QDESCP/mol_301_rdkit_conf_1/mol_301_rdkit_conf_1.xyz --pop --wbo --acc 0.2 --gfn 2 --chrg 0 --uhf 0 --etemp 300 --input /home/svss/Project-DBcg-Debug/aqme2_20220329/End-to-End-workflows-final/example-3/QDESCP/mol_301_rdkit_conf_1/mol_301_rdkit_conf_1_xtb.inp", "method": "GFN2-xTB", "xtb version": "6.3.3 (7355c4f)", "Dipole module/D": 2.996, "Total charge": 0, "Transition dipole module/D": NaN, "HOMO": -9.8044, "LUMO": -7.3222, "HOMO occupancy": 2.0, "LUMO occupancy": 0, "mulliken charges": [-0.09038, 0.09955, -0.29311, 0.12005, -0.06077, -0.03214, -0.03454, -0.05954, 0.10432, -0.25313, 0.0656, 0.46162, -0.55375, -0.06763, 0.02099, -0.06367, 0.14788, -0.36125, 0.28695, 0.03951, 0.03061, 0.03467, 0.03061, 0.02399, 0.03983, 0.03438, 0.03417, 0.03771, 0.03113, 0.06444, 0.03816, 0.05535, 0.04015, 0.02824], "cm5 charges": [-0.23401, 0.05095, -0.5236, 0.18113, -0.10906, -0.08746, -0.08986, -0.10772, 0.16308, -0.48984, -0.02081, 0.55868, -0.59935, -0.05438, -0.0272, -0.11369, 0.16894, -0.54353, 0.41864, 0.09589, 0.08182, 0.08833, 0.09801, 0.08921, 0.09937, 0.08984, 0.08961, 0.09742, 0.09282, 0.1306, 0.10044, 0.11548, 0.09628, 0.09397], "FUKUI+": [0.009, 0.013, -0.019, -0.01, -0.017, -0.034, -0.016, -0.021, -0.022, -0.034, 0.024, -0.039, -0.105, -0.034, -0.037, -0.017, -0.043, -0.067, -0.014, -0.001, -0.025, -0.01, -0.015, -0.021, -0.04, -0.051, -0.047, -0.041, -0.03, -0.024, -0.028, -0.054, -0.06, -0.068], "FUKUI-": [0.01, 0.017, -0.082, -0.012, -0.014, -0.025, -0.027, -0.013, -0.018, -0.053, 0.023, -0.004, -0.076, -0.019, -0.012, -0.026, -0.01, -0.078, -0.0, -0.013, -0.032, -0.019, -0.047, -0.033, -0.036, -0.05, -0.049, -0.04, -0.033, -0.033, -0.04, -0.044, -0.052, -0.058], "FUKUIrad": [0.009, 0.015, -0.051, -0.011, -0.015, -0.029, -0.022, -0.017, -0.02, -0.044, 0.023, -0.022, -0.091, -0.027, -0.024, -0.022, -0.027, -0.073, -0.007, -0.007, -0.029, -0.015, -0.031, -0.027, -0.038, -0.05, -0.048, -0.04, -0.032, -0.028, -0.034, -0.049, -0.056, -0.063], "s proportion": [1.011, 1.006, 1.454, 1.051, 1.062, 1.057, 1.056, 1.061, 1.051, 1.447, 0.983, 1.001, 1.734, 1.084, 1.069, 1.058, 1.032, 1.554, 1.024, 0.96, 0.969, 0.965, 0.969, 0.976, 0.96, 0.966, 0.966, 0.962, 0.969, 0.936, 0.962, 0.945, 0.96, 0.972], "p proportion": [3.079, 2.895, 3.84, 2.829, 2.998, 2.975, 2.979, 2.998, 2.845, 3.806, 2.951, 2.538, 4.82, 2.983, 2.91, 3.005, 2.82, 3.808, 2.689, 0.0, 0.0, 0.0, 0.0, 0.0, 0.0, 0.0, 0.0, 0.0, 0.0, 0.0, 0.0, 0.0, 0.0, 0.0], "d proportion": [0.0, 0.0, 0.0, 0.0, 0.0, 0.0, 0.0, 0.0, 0.0, 0.0, 0.0, 0.0, 0.0, 0.0, 0.0, 0.0, 0.0, 0.0, 0.0, 0.0, 0.0, 0.0, 0.0, 0.0, 0.0, 0.0, 0.0, 0.0, 0.0, 0.0, 0.0, 0.0, 0.0, 0.0], "Fermi-level/eV": -8.5633, "Coordination numbers": [3.748, 3.746, 2.736, 2.908, 2.915, 2.909, 2.91, 2.915, 2.898, 2.73, 3.696, 2.767, 0.86, 2.966, 2.932, 2.904, 2.877, 1.834, 2.879, 0.924, 0.924, 0.924, 0.924, 0.923, 0.925, 0.925, 0.925, 0.925, 0.924, 0.924, 0.924, 0.925, 0.925, 0.925], "Dispersion coefficient C6": [22.583, 20.51, 23.549, 26.774, 29.249, 28.875, 28.918, 29.215, 26.966, 22.947, 21.459, 22.609, 22.389, 28.835, 28.09, 29.131, 26.64, 27.543, 24.716, 2.356, 2.41, 2.406, 2.342, 2.408, 2.426, 2.483, 2.486, 2.397, 2.292, 1.965, 2.308, 2.202, 2.431, 2.406], "Total dispersion C6": 14220.212168, "Total dispersion C8": 340318.071978, "Polarizability alpha": [6.778, 6.46, 7.207, 8.485, 8.868, 8.811, 8.818, 8.863, 8.514, 7.115, 6.626, 7.787, 6.344, 8.808, 8.692, 8.85, 8.461, 7.777, 8.15, 2.4, 2.428, 2.426, 2.393, 2.427, 2.436, 2.464, 2.466, 2.421, 2.368, 2.192, 2.376, 2.321, 2.438, 2.426], "Total polarizability alpha": 187.396336, "Wiberg matrix": [[0.0, 1.0150989892092268, 0.0, 0.0, 0.0, 0.0, 0.0, 0.0, 0.0, 0.0, 0.0, 0.0, 0.0, 0.0, 0.0, 0.0, 0.0, 0.0, 0.0, 0.9855840468342053, 0.9845100036306501, 0.9869321167944847, 0.0, 0.0, 0.0, 0.0, 0.0, 0.0, 0.0, 0.0, 0.0, 0.0, 0.0, 0.0], [1.0150989892092268, 0.0, 0.9786255783965039, 0.0, 0.0, 0.0, 0.0, 0.0, 0.0, 0.0, 0.0, 0.0, 0.0, 0.0, 0.0, 0.0, 0.0, 0.0, 0.0, 0.0, 0.0, 0.0, 0.9670841097902925, 0.9738519202262815, 0.0, 0.0, 0.0, 0.0, 0.0, 0.0, 0.0, 0.0, 0.0, 0.0], [0.0, 0.9786255783965039, 0.0, 1.0393418925042943, 0.0, 0.0, 0.0, 0.0, 0.0, 0.0, 0.0, 0.0, 0.0, 0.0, 0.0, 0.0, 0.0, 0.0, 1.0773031964249777, 0.0, 0.0, 0.0, 0.0, 0.0, 0.0, 0.0, 0.0, 0.0, 0.0, 0.0, 0.0, 0.0, 0.0, 0.0], [0.0, 0.0, 1.0393418925042943, 0.0, 1.3814164736454084, 0.0, 0.0, 0.0, 1.3269275085571506, 0.0, 0.0, 0.0, 0.0, 0.0, 0.0, 0.0, 0.0, 0.0, 0.0, 0.0, 0.0, 0.0, 0.0, 0.0, 0.0, 0.0, 0.0, 0.0, 0.0, 0.0, 0.0, 0.0, 0.0, 0.0], [0.0, 0.0, 0.0, 1.3814164736454084, 0.0, 1.4376820823304708, 0.0, 0.10289255401181141, 0.0, 0.0, 0.0, 0.0, 0.0, 0.0, 0.0, 0.0, 0.0, 0.0, 0.0, 0.0, 0.0, 0.0, 0.0, 0.0, 0.9670227460624037, 0.0, 0.0, 0.0, 0.0, 0.0, 0.0, 0.0, 0.0, 0.0], [0.0, 0.0, 0.0, 0.0, 1.4376820823304708, 0.0, 1.4344129237693428, 0.0, 0.0, 0.0, 0.0, 0.0, 0.0, 0.0, 0.0, 0.0, 0.0, 0.0, 0.0, 0.0, 0.0, 0.0, 0.0, 0.0, 0.0, 0.9699685147272294, 0.0, 0.0, 0.0, 0.0, 0.0, 0.0, 0.0, 0.0], [0.0, 0.0, 0.0, 0.0, 0.0, 1.4344129237693428, 0.0, 1.4376396110557683, 0.0, 0.0, 0.0, 0.0, 0.0, 0.0, 0.0, 0.0, 0.0, 0.0, 0.0, 0.0, 0.0, 0.0, 0.0, 0.0, 0.0, 0.0, 0.9702412232062005, 0.0, 0.0, 0.0, 0.0, 0.0, 0.0, 0.0], [0.0, 0.0, 0.0, 0.0, 0.10289255401181141, 0.0, 1.4376396110557683, 0.0, 1.382991147564103, 0.0, 0.0, 0.0, 0.0, 0.0, 0.0, 0.0, 0.0, 0.0, 0.0, 0.0, 0.0, 0.0, 0.0, 0.0, 0.0, 0.0, 0.0, 0.9667806923813277, 0.0, 0.0, 0.0, 0.0, 0.0, 0.0], [0.0, 0.0, 0.0, 1.3269275085571506, 0.0, 0.0, 0.0, 1.382991147564103, 0.0, 1.0467361868667422, 0.0, 0.0, 0.0, 0.0, 0.0, 0.0, 0.0, 0.0, 0.0, 0.0, 0.0, 0.0, 0.0, 0.0, 0.0, 0.0, 0.0, 0.0, 0.0, 0.0, 0.0, 0.0, 0.0, 0.0], [0.0, 0.0, 0.0, 0.0, 0.0, 0.0, 0.0, 0.0, 1.0467361868667422, 0.0, 0.9917068140009603, 1.1759479500586172, 0.170009872074334, 0.0, 0.0, 0.0, 0.0, 0.0, 0.0, 0.0, 0.0, 0.0, 0.0, 0.0, 0.0, 0.0, 0.0, 0.0, 0.0, 0.0, 0.0, 0.0, 0.0, 0.0], [0.0, 0.0, 0.0, 0.0, 0.0, 0.0, 0.0, 0.0, 0.0, 0.9917068140009603, 0.0, 0.0, 0.0, 0.0, 0.0, 0.0, 0.0, 0.0, 0.0, 0.0, 0.0, 0.0, 0.0, 0.0, 0.0, 0.0, 0.0, 0.0, 0.9806365916170136, 0.9733626283022869, 0.9751736986329795, 0.0, 0.0, 0.0], [0.0, 0.0, 0.0, 0.0, 0.0, 0.0, 0.0, 0.0, 0.0, 1.1759479500586172, 0.0, 0.0, 1.664427925492582, 1.0078955131739127, 0.0, 0.0, 0.0, 0.0, 0.0, 0.0, 0.0, 0.0, 0.0, 0.0, 0.0, 0.0, 0.0, 0.0, 0.0, 0.0, 0.0, 0.0, 0.0, 0.0], [0.0, 0.0, 0.0, 0.0, 0.0, 0.0, 0.0, 0.0, 0.0, 0.170009872074334, 0.0, 1.664427925492582, 0.0, 0.0, 0.0, 0.0, 0.0, 0.0, 0.0, 0.0, 0.0, 0.0, 0.0, 0.0, 0.0, 0.0, 0.0, 0.0, 0.0, 0.0, 0.0, 0.0, 0.0, 0.0], [0.0, 0.0, 0.0, 0.0, 0.0, 0.0, 0.0, 0.0, 0.0, 0.0, 0.0, 1.0078955131739127, 0.0, 0.0, 1.3981305608935446, 0.0, 0.10148433684057043, 0.0, 1.3312396020887591, 0.0, 0.0, 0.0, 0.0, 0.0, 0.0, 0.0, 0.0, 0.0, 0.0, 0.0, 0.0, 0.0, 0.0, 0.0], [0.0, 0.0, 0.0, 0.0, 0.0, 0.0, 0.0, 0.0, 0.0, 0.0, 0.0, 0.0, 0.0, 1.3981305608935446, 0.0, 1.4334271390612934, 0.0, 0.10115694942235665, 0.0, 0.0, 0.0, 0.0, 0.0, 0.0, 0.0, 0.0, 0.0, 0.0, 0.0, 0.0, 0.0, 0.9660307546719441, 0.0, 0.0], [0.0, 0.0, 0.0, 0.0, 0.0, 0.0, 0.0, 0.0, 0.0, 0.0, 0.0, 0.0, 0.0, 0.0, 1.4334271390612934, 0.0, 1.4338123962597942, 0.0, 0.0, 0.0, 0.0, 0.0, 0.0, 0.0, 0.0, 0.0, 0.0, 0.0, 0.0, 0.0, 0.0, 0.0, 0.9679099673480059, 0.0], [0.0, 0.0, 0.0, 0.0, 0.0, 0.0, 0.0, 0.0, 0.0, 0.0, 0.0, 0.0, 0.0, 0.10148433684057043, 0.0, 1.4338123962597942, 0.0, 1.4266210564029782, 0.0, 0.0, 0.0, 0.0, 0.0, 0.0, 0.0, 0.0, 0.0, 0.0, 0.0, 0.0, 0.0, 0.0, 0.0, 0.9635320431061329], [0.0, 0.0, 0.0, 0.0, 0.0, 0.0, 0.0, 0.0, 0.0, 0.0, 0.0, 0.0, 0.0, 0.0, 0.10115694942235665, 0.0, 1.4266210564029782, 0.0, 1.3551749922267178, 0.0, 0.0, 0.0, 0.0, 0.0, 0.0, 0.0, 0.0, 0.0, 0.0, 0.0, 0.0, 0.0, 0.0, 0.0], [0.0, 0.0, 1.0773031964249777, 0.0, 0.0, 0.0, 0.0, 0.0, 0.0, 0.0, 0.0, 0.0, 0.0, 1.3312396020887591, 0.0, 0.0, 0.0, 1.3551749922267178, 0.0, 0.0, 0.0, 0.0, 0.0, 0.0, 0.0, 0.0, 0.0, 0.0, 0.0, 0.0, 0.0, 0.0, 0.0, 0.0], [0.9855840468342053, 0.0, 0.0, 0.0, 0.0, 0.0, 0.0, 0.0, 0.0, 0.0, 0.0, 0.0, 0.0, 0.0, 0.0, 0.0, 0.0, 0.0, 0.0, 0.0, 0.0, 0.0, 0.0, 0.0, 0.0, 0.0, 0.0, 0.0, 0.0, 0.0, 0.0, 0.0, 0.0, 0.0], [0.9845100036306501, 0.0, 0.0, 0.0, 0.0, 0.0, 0.0, 0.0, 0.0, 0.0, 0.0, 0.0, 0.0, 0.0, 0.0, 0.0, 0.0, 0.0, 0.0, 0.0, 0.0, 0.0, 0.0, 0.0, 0.0, 0.0, 0.0, 0.0, 0.0, 0.0, 0.0, 0.0, 0.0, 0.0], [0.9869321167944847, 0.0, 0.0, 0.0, 0.0, 0.0, 0.0, 0.0, 0.0, 0.0, 0.0, 0.0, 0.0, 0.0, 0.0, 0.0, 0.0, 0.0, 0.0, 0.0, 0.0, 0.0, 0.0, 0.0, 0.0, 0.0, 0.0, 0.0, 0.0, 0.0, 0.0, 0.0, 0.0, 0.0], [0.0, 0.9670841097902925, 0.0, 0.0, 0.0, 0.0, 0.0, 0.0, 0.0, 0.0, 0.0, 0.0, 0.0, 0.0, 0.0, 0.0, 0.0, 0.0, 0.0, 0.0, 0.0, 0.0, 0.0, 0.0, 0.0, 0.0, 0.0, 0.0, 0.0, 0.0, 0.0, 0.0, 0.0, 0.0], [0.0, 0.9738519202262815, 0.0, 0.0, 0.0, 0.0, 0.0, 0.0, 0.0, 0.0, 0.0, 0.0, 0.0, 0.0, 0.0, 0.0, 0.0, 0.0, 0.0, 0.0, 0.0, 0.0, 0.0, 0.0, 0.0, 0.0, 0.0, 0.0, 0.0, 0.0, 0.0, 0.0, 0.0, 0.0], [0.0, 0.0, 0.0, 0.0, 0.9670227460624037, 0.0, 0.0, 0.0, 0.0, 0.0, 0.0, 0.0, 0.0, 0.0, 0.0, 0.0, 0.0, 0.0, 0.0, 0.0, 0.0, 0.0, 0.0, 0.0, 0.0, 0.0, 0.0, 0.0, 0.0, 0.0, 0.0, 0.0, 0.0, 0.0], [0.0, 0.0, 0.0, 0.0, 0.0, 0.9699685147272294, 0.0, 0.0, 0.0, 0.0, 0.0, 0.0, 0.0, 0.0, 0.0, 0.0, 0.0, 0.0, 0.0, 0.0, 0.0, 0.0, 0.0, 0.0, 0.0, 0.0, 0.0, 0.0, 0.0, 0.0, 0.0, 0.0, 0.0, 0.0], [0.0, 0.0, 0.0, 0.0, 0.0, 0.0, 0.9702412232062005, 0.0, 0.0, 0.0, 0.0, 0.0, 0.0, 0.0, 0.0, 0.0, 0.0, 0.0, 0.0, 0.0, 0.0, 0.0, 0.0, 0.0, 0.0, 0.0, 0.0, 0.0, 0.0, 0.0, 0.0, 0.0, 0.0, 0.0], [0.0, 0.0, 0.0, 0.0, 0.0, 0.0, 0.0, 0.9667806923813277, 0.0, 0.0, 0.0, 0.0, 0.0, 0.0, 0.0, 0.0, 0.0, 0.0, 0.0, 0.0, 0.0, 0.0, 0.0, 0.0, 0.0, 0.0, 0.0, 0.0, 0.0, 0.0, 0.0, 0.0, 0.0, 0.0], [0.0, 0.0, 0.0, 0.0, 0.0, 0.0, 0.0, 0.0, 0.0, 0.0, 0.9806365916170136, 0.0, 0.0, 0.0, 0.0, 0.0, 0.0, 0.0, 0.0, 0.0, 0.0, 0.0, 0.0, 0.0, 0.0, 0.0, 0.0, 0.0, 0.0, 0.0, 0.0, 0.0, 0.0, 0.0], [0.0, 0.0, 0.0, 0.0, 0.0, 0.0, 0.0, 0.0, 0.0, 0.0, 0.9733626283022869, 0.0, 0.0, 0.0, 0.0, 0.0, 0.0, 0.0, 0.0, 0.0, 0.0, 0.0, 0.0, 0.0, 0.0, 0.0, 0.0, 0.0, 0.0, 0.0, 0.0, 0.0, 0.0, 0.0], [0.0, 0.0, 0.0, 0.0, 0.0, 0.0, 0.0, 0.0, 0.0, 0.0, 0.9751736986329795, 0.0, 0.0, 0.0, 0.0, 0.0, 0.0, 0.0, 0.0, 0.0, 0.0, 0.0, 0.0, 0.0, 0.0, 0.0, 0.0, 0.0, 0.0, 0.0, 0.0, 0.0, 0.0, 0.0], [0.0, 0.0, 0.0, 0.0, 0.0, 0.0, 0.0, 0.0, 0.0, 0.0, 0.0, 0.0, 0.0, 0.0, 0.9660307546719441, 0.0, 0.0, 0.0, 0.0, 0.0, 0.0, 0.0, 0.0, 0.0, 0.0, 0.0, 0.0, 0.0, 0.0, 0.0, 0.0, 0.0, 0.0, 0.0], [0.0, 0.0, 0.0, 0.0, 0.0, 0.0, 0.0, 0.0, 0.0, 0.0, 0.0, 0.0, 0.0, 0.0, 0.0, 0.9679099673480059, 0.0, 0.0, 0.0, 0.0, 0.0, 0.0, 0.0, 0.0, 0.0, 0.0, 0.0, 0.0, 0.0, 0.0, 0.0, 0.0, 0.0, 0.0], [0.0, 0.0, 0.0, 0.0, 0.0, 0.0, 0.0, 0.0, 0.0, 0.0, 0.0, 0.0, 0.0, 0.0, 0.0, 0.0, 0.9635320431061329, 0.0, 0.0, 0.0, 0.0, 0.0, 0.0, 0.0, 0.0, 0.0, 0.0, 0.0, 0.0, 0.0, 0.0, 0.0, 0.0, 0.0]], "Born radii": [], "Atomic SASAs": [], "Solvent H bonds": [], "Total SASA": NaN, "Total FOD": 0.0, "FOD": [0.0, 0.0, 0.0, 0.0, 0.0, 0.0, 0.0, 0.0, 0.0, 0.0, 0.0, 0.0, 0.0, 0.0, 0.0, 0.0, 0.0, 0.0, 0.0, 0.0, 0.0, 0.0, 0.0, 0.0, 0.0, 0.0, 0.0, 0.0, 0.0, 0.0, 0.0, 0.0, 0.0, 0.0], "FOD s proportion": [0.0, 0.0, 0.0, 0.0, 0.0, 0.0, 0.0, 0.0, 0.0, 0.0, 0.0, 0.0, 0.0, 0.0, 0.0, 0.0, 0.0, 0.0, 0.0, 0.0, 0.0, 0.0, 0.0, 0.0, 0.0, 0.0, 0.0, 0.0, 0.0, 0.0, 0.0, 0.0, 0.0, 0.0], "FOD p proportion": [0.0, 0.0, 0.0, 0.0, 0.0, 0.0, 0.0, 0.0, 0.0, 0.0, 0.0, 0.0, 0.0, 0.0, 0.0, 0.0, 0.0, 0.0, 0.0, 0.0, 0.0, 0.0, 0.0, 0.0, 0.0, 0.0, 0.0, 0.0, 0.0, 0.0, 0.0, 0.0, 0.0, 0.0], "FOD d proportion": [0.0, 0.0, 0.0, 0.0, 0.0, 0.0, 0.0, 0.0, 0.0, 0.0, 0.0, 0.0, 0.0, 0.0, 0.0, 0.0, 0.0, 0.0, 0.0, 0.0, 0.0, 0.0, 0.0, 0.0, 0.0, 0.0, 0.0, 0.0, 0.0, 0.0, 0.0, 0.0, 0.0, 0.0], "coordinates": [["-2.16370", "1.78750", "-1.96570"], ["-1.28750", "2.01980", "-0.73590"], ["-0.55570", "0.79680", "-0.35760"], ["0.71190", "0.96450", "0.25500"], ["1.02440", "2.13880", "0.97650"], ["2.27520", "2.33550", "1.56150"], ["3.24740", "1.35720", "1.44210"], ["2.96090", "0.18180", "0.74790"], ["1.69760", "-0.04610", "0.16070"], ["1.48120", "-1.26340", "-0.56550"], ["2.63750", "-1.90170", "-1.18860"], ["0.27530", "-1.97330", "-0.64730"], ["0.19400", "-3.04380", "-1.26160"], ["-0.94440", "-1.56050", "0.07440"], ["-1.76920", "-2.57060", "0.59660"], ["-2.98680", "-2.24360", "1.17650"], ["-3.34920", "-0.91330", "1.19360"], ["-2.58410", "0.07820", "0.68700"], ["-1.37870", "-0.24040", "0.13330"], ["-2.97650", "1.08230", "-1.76910"], ["-2.61470", "2.73150", "-2.28830"], ["-1.57030", "1.39180", "-2.79700"], ["-1.88070", "2.42350", "0.09460"], ["-0.57810", "2.80490", "-1.03030"], ["0.28010", "2.91860", "1.11550"], ["2.48110", "3.24930", "2.11250"], ["4.22470", "1.49790", "1.89630"], ["3.74260", "-0.57180", "0.70440"], ["3.33570", "-1.15030", "-1.57170"], ["2.33690", "-2.52150", "-2.03930"], ["3.12920", "-2.54550", "-0.45250"], ["-1.46370", "-3.61270", "0.53200"], ["-3.63830", "-3.00720", "1.58540"], ["-4.29410", "-0.59440", "1.62430"]], "bond_dist": [[0.0, 1.5277754317961785, 2.4805515717275464, 3.725307081302158, 4.352462996970796, 5.696075583241501, 6.409232570284838, 6.016928004388951, 4.774233300751022, 4.955183837154783, 6.1045558798327, 4.672313795112653, 5.421804661733951, 4.105825678228436, 5.070902005560747, 5.176937478857553, 4.32214152706734, 3.18359230115918, 3.022317721550797, 1.0938932489050295, 1.094809462874705, 1.09533635929791, 2.174723221469803, 2.103379014823529, 4.092106925533594, 6.351593620501865, 7.470647008124532, 6.897833731687072, 6.24734385159005, 6.231235697676666, 7.005672961964468, 5.990881849110362, 6.146047873227153, 4.806261725083227], [1.5277754317961785, 0.0, 1.4745748980638456, 2.4684289051945574, 2.8794715435301668, 4.25094631111709, 5.0742527302057, 4.860947335653823, 3.7393390298286677, 4.298155196127753, 5.56675170454009, 4.288944090332724, 5.302004121084781, 3.686848490242039, 4.804098593909164, 4.972069368985111, 4.071443570774376, 2.734159199827252, 2.423289111930312, 2.1906915551943866, 2.162850547310193, 2.173129782134514, 1.0975382362359865, 1.0983176817296532, 2.587062650961511, 4.881331659496208, 6.130677392425735, 5.838900637962595, 5.6676338881406245, 5.9547067610420585, 6.358421072876506, 5.776129595152796, 6.01543209836168, 4.630791426959328], [2.4805515717275464, 1.4745748980638456, 0.0, 1.417819385535407, 2.465259179072253, 3.7502716314955107, 4.244589245144929, 3.7372223388500716, 2.4609908959604057, 2.9045839736526813, 4.262509764211691, 2.9065342076087806, 4.01615169658717, 2.4278745807804816, 3.7043842470780484, 4.184225397848448, 3.624128267597603, 2.3920664037605643, 1.4121245164644654, 2.8167561378294717, 3.4220092898763443, 2.7081562953419067, 2.146220568813933, 2.117898170356639, 2.7148886699089525, 4.619340266748056, 5.331400433282048, 4.634252134918858, 4.517547031299176, 4.712362946548153, 4.975787707489136, 4.589067705972532, 5.267645371510881, 4.454099191755837], [3.725307081302158, 2.4684289051945574, 1.417819385535407, 0.0, 1.4132229088151662, 2.4557056297528823, 2.8270443841581265, 2.4317834401936373, 1.414853116051274, 2.495712553560606, 3.7425951905061816, 3.1040994974388307, 4.31680030346552, 3.025156367859354, 4.332375766251123, 4.982112960381368, 4.571611970629179, 3.440315056793491, 2.4160304758011644, 4.208937182947733, 4.5449897084591955, 3.834804575203279, 2.979258954840952, 2.589047749656232, 2.1783981041122855, 3.435212646984172, 3.913840197299834, 3.4274364385061906, 3.8332151478882586, 4.478463295595935, 4.320184665034587, 5.075502359372912, 6.038924166604512, 5.418965556266252], [4.352462996970796, 2.8794715435301668, 2.465259179072253, 1.4132229088151662, 0.0, 1.394781893343902, 2.4019598081566644, 2.762632659258194, 2.4274504917711504, 3.763162909043402, 4.859566839750226, 4.484110130226509, 5.7059616656616265, 4.286581194845141, 5.488804362518307, 5.94433807921454, 5.337679625080546, 4.165471745192853, 3.4851784014595295, 4.966056022640099, 4.92476000836589, 4.6400193253907895, 3.0493290589898625, 2.6531003938788293, 1.0869183639997992, 2.155384220968503, 3.3909740400067947, 3.8483765421278617, 4.759580836586348, 5.704042599770798, 5.330561933792722, 6.282354185335303, 6.97085694158186, 6.014687799877896], [5.696075583241501, 4.25094631111709, 3.7502716314955107, 2.4557056297528823, 1.394781893343902, 0.0, 1.3843771487567975, 2.4021975647310945, 2.8227435165101347, 4.255190502198462, 5.064402742673612, 5.238716912565518, 6.42169413317078, 5.268406454517343, 6.431020181899603, 6.9860593906722555, 6.505684223046796, 5.428899522923591, 4.693186684972163, 6.343796930072714, 6.236096379146172, 5.88854499770529, 4.408065836622679, 3.883179688090676, 2.125875259745971, 1.0867503163100525, 2.1480724033421223, 3.3675326962035577, 4.805455663097934, 6.046487950041743, 5.348801080616104, 7.100727195154029, 7.969598280340108, 7.193327487331576], [6.409232570284838, 5.0742527302057, 4.244589245144929, 2.8270443841581265, 2.4019598081566644, 1.3843771487567975, 0.0, 1.3948336997649575, 2.4521657550010763, 3.7439904593895537, 4.232374004031307, 4.9286104552906185, 6.00017051841029, 5.287226477086072, 6.427189016202962, 7.204273290207694, 6.980834768134826, 6.017674738634517, 5.066170586350207, 7.008873423025986, 7.082993792175735, 6.417273506716073, 5.408341848478145, 4.779440061346098, 3.368902908960126, 2.1486494036952606, 1.0868345872302745, 2.123785613003346, 3.9215231199114458, 5.290885549697706, 4.339878764435707, 6.908158309564135, 8.153611883085924, 7.792057600531455], [6.016928004388951, 4.860947335653823, 3.7372223388500716, 2.4317834401936373, 2.762632659258194, 2.4021975647310945, 1.3948336997649575, 0.0, 1.411619332539761, 2.450129525147599, 2.8627944494846287, 3.7153043495789144, 4.700885152819626, 4.329039111627429, 5.474709440691807, 6.437499391067933, 6.419910786763317, 5.546302080666, 4.403193631899465, 6.511444387384415, 6.841549231716454, 5.878961596234492, 5.375231189446645, 4.750491537725334, 3.848622174233267, 3.391444743763342, 2.1559527383502637, 1.0866738701192735, 2.7010201054416463, 3.932644241474176, 2.984535196642854, 5.832831921116877, 7.377029747127227, 7.348849460970065], [4.774233300751022, 3.7393390298286677, 2.4609908959604057, 1.414853116051274, 2.4274504917711504, 2.8227435165101347, 2.4521657550010763, 1.411619332539761, 0.0, 1.4338809887853314, 2.4793696497295437, 2.527825375693503, 3.6427950175654957, 3.0464764975295635, 4.3106625128859255, 5.272993386113812, 5.223897825379053, 4.315715128457855, 3.0825516929972157, 5.1811799244959635, 5.684064923098609, 4.636239436224147, 4.348278309860122, 3.837380941475579, 3.422045496483061, 3.9093550171351796, 3.432561400761828, 2.1803658362761054, 2.627515748763459, 3.372878540653369, 2.9449097031997433, 4.780409704199003, 6.266555043243457, 6.192190786789438], [4.955183837154783, 4.298155196127753, 2.9045839736526813, 2.495712553560606, 3.763162909043402, 4.255190502198462, 3.7439904593895537, 2.450129525147599, 1.4338809887853314, 0.0, 1.4603801525630236, 1.4017289538280933, 2.3046178012850635, 2.526118718508693, 3.691117501516309, 4.8947298229830825, 5.15264659956415, 4.460416000778403, 3.1167095549633754, 5.179000940335887, 5.975254192082543, 4.6196679036484865, 5.033024461494302, 4.583428893306844, 4.664496351161613, 5.341904650964859, 4.605651873513673, 2.6841919696623786, 2.112912752576405, 2.118283394638215, 2.091041226279386, 3.9237931584118955, 5.820351321011473, 6.212638338902403], [6.1045558798327, 5.56675170454009, 4.262509764211691, 3.7425951905061816, 4.859566839750226, 5.064402742673612, 4.232374004031307, 2.8627944494846287, 2.4793696497295437, 1.4603801525630236, 0.0, 2.4244836749295717, 2.698224167855592, 3.8133442081721394, 4.801392625062026, 6.110920070660391, 6.518618587553655, 5.890924030234985, 4.5428184797546125, 6.3842174344237375, 7.089533635578578, 5.580293330103714, 6.384989312442113, 5.702387728837807, 5.83964927542742, 6.120010062900223, 4.8572720749408305, 2.563850428554677, 1.094920458298227, 1.0946245429369834, 1.0945732227676686, 4.7652730037218225, 6.950026754624762, 7.59397907950766], [4.672313795112653, 4.288944090332724, 2.9065342076087806, 3.1040994974388307, 4.484110130226509, 5.238716912565518, 4.9286104552906185, 3.7153043495789144, 2.527825375693503, 1.4017289538280933, 2.4244836749295717, 0.0, 1.2369092246401916, 1.4761174817744014, 2.4665836190974755, 3.7470795214406647, 4.201132354496821, 3.763665380981683, 2.5195227266289937, 4.601014001282761, 5.760219096527493, 4.399016646933721, 4.952837757286221, 4.868898828277293, 5.199824274915451, 6.30536283174886, 5.840966594665647, 3.9766146946869267, 3.3011956197717214, 2.547230221240318, 2.9172084413013755, 2.665051941332476, 4.622787412373621, 5.285919799807788], [5.421804661733951, 5.302004121084781, 4.01615169658717, 4.31680030346552, 5.7059616656616265, 6.42169413317078, 6.00017051841029, 4.700885152819626, 3.6427950175654957, 2.3046178012850635, 2.698224167855592, 1.2369092246401916, 0.0, 2.2980490530012627, 2.74426305590408, 4.08682520913239, 4.808461659408339, 4.61104820729517, 3.504023809850612, 5.228224144965478, 6.503614277461417, 5.0144546074323975, 6.0029182753057695, 5.903975761298483, 6.419363783117452, 7.497898694300957, 6.844407482755538, 4.75063174325268, 3.6812746637543907, 2.3387250779003503, 3.0851814760237364, 2.5077115982504847, 4.774229974561343, 5.871202668959742], [4.105825678228436, 3.686848490242039, 2.4278745807804816, 3.025156367859354, 4.286581194845141, 5.268406454517343, 5.287226477086072, 4.329039111627429, 3.0464764975295635, 2.526118718508693, 3.8133442081721394, 1.4761174817744014, 2.2980490530012627, 0.0, 1.4047383706583945, 2.4192246237172768, 2.7303002618759717, 2.3977557298440555, 1.3909528065322705, 3.8095031828310635, 5.176245490700764, 4.165664900108985, 4.092593521228318, 4.5178816872512275, 4.7587420890399175, 6.246765394986433, 6.276362400308001, 4.831396970856359, 4.604037929904575, 4.019723669607154, 4.223986928246819, 2.1657781719280487, 3.4107417228514976, 3.8152364684249913], [5.070902005560747, 4.804098593909164, 3.7043842470780484, 4.332375766251123, 5.488804362518307, 6.431020181899603, 6.427189016202962, 5.474709440691807, 4.3106625128859255, 3.691117501516309, 4.801392625062026, 2.4665836190974755, 2.74426305590408, 1.4047383706583945, 0.0, 1.3877185485537045, 2.366316185550866, 2.772792024296088, 2.4076895937807268, 4.516391058134802, 6.095062154728202, 5.2207945688372, 5.0205050602504135, 5.741212682874586, 5.882193837336543, 7.3643899211000505, 7.359942224637365, 5.864022639792585, 5.725275625679519, 4.879593920604459, 5.009547223053198, 1.0878767485335825, 2.1591386731750233, 3.3669947638806925], [5.176937478857553, 4.972069368985111, 4.184225397848448, 4.982112960381368, 5.94433807921454, 6.9860593906722555, 7.204273290207694, 6.437499391067933, 5.272993386113812, 4.8947298229830825, 6.110920070660391, 3.7470795214406647, 4.08682520913239, 2.4192246237172768, 1.3877185485537045, 0.0, 1.3788851511275328, 2.406768119283617, 2.772555155447768, 4.442777989051445, 6.074118657056347, 5.568779728091245, 4.916887961912494, 6.013248222051041, 6.109391577726869, 7.806790430131962, 8.156142871480368, 6.9500084899228725, 6.980108479099734, 6.225783463950542, 6.3364217512725585, 2.1470092384524104, 1.0838525822269376, 2.151608414651699], [4.32214152706734, 4.071443570774376, 3.624128267597603, 4.571611970629179, 5.337679625080546, 6.505684223046796, 6.980834768134826, 6.419910786763317, 5.223897825379053, 5.15264659956415, 6.518618587553655, 4.201132354496821, 4.808461659408339, 2.7303002618759717, 2.366316185550866, 1.3788851511275328, 0.0, 1.3509603325042525, 2.3366430514736307, 3.591506082411667, 5.093887012881224, 4.939925058136004, 3.807693197987464, 5.1429308434004835, 5.278387605130946, 7.222465926537833, 7.979450729216893, 7.116850857647643, 7.238158681598518, 6.735702105942631, 6.880653210996758, 3.358509367263995, 2.1497681875030152, 1.0862944858554702], [3.18359230115918, 2.734159199827252, 2.3920664037605643, 3.440315056793491, 4.165471745192853, 5.428899522923591, 6.017674738634517, 5.546302080666, 4.315715128457855, 4.460416000778403, 5.890924030234985, 3.763665380981683, 4.61104820729517, 2.3977557298440555, 2.772792024296088, 2.406768119283617, 1.3509603325042525, 0.0, 1.364213623300984, 2.6822792136539406, 3.9866461267586817, 3.8589624771433058, 2.519154899961493, 3.795793484898777, 4.056491840248172, 6.143628935734969, 7.0595829919337305, 6.360026387523875, 6.4540661586320915, 6.197369827596219, 6.3893707694889645, 3.8603191539042463, 3.3820339087596385, 2.0627704792341786], [3.022317721550797, 2.423289111930312, 1.4121245164644654, 2.4160304758011644, 3.4851784014595295, 4.693186684972163, 5.066170586350207, 4.403193631899465, 3.0825516929972157, 3.1167095549633754, 4.5428184797546125, 2.5195227266289937, 3.504023809850612, 1.3909528065322705, 2.4076895937807268, 2.772555155447768, 2.3366430514736307, 1.364213623300984, 0.0, 2.8145383084975055, 4.02790667344714, 3.3596793730949983, 2.7110634260378346, 3.356899970210611, 3.7007587438253795, 5.5671621828360625, 6.126005831698172, 5.163690042982828, 5.095145765333903, 4.871272044343243, 5.096843146497644, 3.396850597244453, 3.856107987336454, 3.2936232571440227], [1.0938932489050295, 2.1906915551943866, 2.8167561378294717, 4.208937182947733, 4.966056022640099, 6.343796930072714, 7.008873423025986, 6.511444387384415, 5.1811799244959635, 5.179000940335887, 6.3842174344237375, 4.601014001282761, 5.228224144965478, 3.8095031828310635, 4.516391058134802, 4.442777989051445, 3.591506082411667, 2.6822792136539406, 2.8145383084975055, 0.0, 1.766445164730567, 1.769114778639306, 2.5442037595287057, 3.043928179179003, 4.722113765042092, 7.039041505773354, 8.091054440553469, 7.348506914333006, 6.698308619345633, 6.425931997772774, 7.223153112734078, 5.443036840771887, 5.330540285937253, 4.007811898031144], [1.094809462874705, 2.162850547310193, 3.4220092898763443, 4.5449897084591955, 4.92476000836589, 6.236096379146172, 7.082993792175735, 6.841549231716454, 5.684064923098609, 5.975254192082543, 7.089533635578578, 5.760219096527493, 6.503614277461417, 5.176245490700764, 6.095062154728202, 6.074118657056347, 5.093887012881224, 3.9866461267586817, 4.02790667344714, 1.766445164730567, 0.0, 1.7732295790449697, 2.512336046391883, 2.3949302954365916, 4.472217334835149, 6.752950104954131, 8.112338656639034, 7.76423257444031, 7.140668523324689, 7.223181609235643, 8.013069190391407, 7.037596658661251, 6.998998952707451, 5.402817221598377], [1.09533635929791, 2.173129782134514, 2.7081562953419067, 3.834804575203279, 4.6400193253907895, 5.88854499770529, 6.417273506716073, 5.878961596234492, 4.636239436224147, 4.6196679036484865, 5.580293330103714, 4.399016646933721, 5.0144546074323975, 4.165664900108985, 5.2207945688372, 5.568779728091245, 4.939925058136004, 3.8589624771433058, 3.3596793730949983, 1.769114778639306, 1.7732295790449697, 0.0, 3.0857905972376027, 2.470332232716887, 4.589417680926416, 6.630787167448522, 7.457905007440092, 6.659011437893766, 5.659723358963759, 5.581598160025496, 6.5638640898482965, 6.011540968004793, 6.544711969216063, 5.559853466594242], [2.174723221469803, 1.0975382362359865, 2.146220568813933, 2.979258954840952, 3.0493290589898625, 4.408065836622679, 5.408341848478145, 5.375231189446645, 4.348278309860122, 5.033024461494302, 6.384989312442113, 4.952837757286221, 6.0029182753057695, 4.092593521228318, 5.0205050602504135, 4.916887961912494, 3.807693197987464, 2.519154899961493, 2.7110634260378346, 2.5442037595287057, 2.512336046391883, 3.0857905972376027, 0.0, 1.7628479032520077, 2.440577280071254, 4.876388549941443, 6.432633007563855, 6.400404754388585, 6.539069589016469, 6.84066546251167, 7.077384928064885, 6.066376035163004, 5.899503783370259, 4.155983885916788], [2.103379014823529, 1.0983176817296532, 2.117898170356639, 2.589047749656232, 2.6531003938788293, 3.883179688090676, 4.779440061346098, 4.750491537725334, 3.837380941475579, 4.583428893306844, 5.702387728837807, 4.868898828277293, 5.903975761298483, 4.5178816872512275, 5.741212682874586, 6.013248222051041, 5.1429308434004835, 3.795793484898777, 3.356899970210611, 3.043928179179003, 2.3949302954365916, 2.470332232716887, 1.7628479032520077, 0.0, 2.3138480006257973, 4.4083316390670975, 5.774090785569621, 5.751498541249923, 5.590577022097093, 6.1551476797880325, 6.534883800803194, 6.664132232331528, 7.070163855244092, 5.693048186165299], [4.092106925533594, 2.587062650961511, 2.7148886699089525, 2.1783981041122855, 1.0869183639997992, 2.125875259745971, 3.368902908960126, 3.848622174233267, 3.422045496483061, 4.664496351161613, 5.83964927542742, 5.199824274915451, 6.419363783117452, 4.7587420890399175, 5.882193837336543, 6.109391577726869, 5.278387605130946, 4.056491840248172, 3.7007587438253795, 4.722113765042092, 4.472217334835149, 4.589417680926416, 2.440577280071254, 2.3138480006257973, 0.0, 2.4388055457539046, 4.264728161325174, 4.933639794310079, 5.754448923224534, 6.616485267118789, 6.358646366955785, 6.7852185211679075, 7.119674866874189, 5.7899354124204185], [6.351593620501865, 4.881331659496208, 4.619340266748056, 3.435212646984172, 2.155384220968503, 1.0867503163100525, 2.1486494036952606, 3.391444743763342, 3.9093550171351796, 5.341904650964859, 6.120010062900223, 6.30536283174886, 7.497898694300957, 6.246765394986433, 7.3643899211000505, 7.806790430131962, 7.222465926537833, 6.143628935734969, 5.5671621828360625, 7.039041505773354, 6.752950104954131, 6.630787167448522, 4.876388549941443, 4.4083316390670975, 2.4388055457539046, 0.0, 2.480783215035123, 4.2632068997410855, 5.801736891655808, 7.110581517710067, 6.3701621368690455, 8.071336400497751, 8.76747871511531, 7.804851309922567], [7.470647008124532, 6.130677392425735, 5.331400433282048, 3.913840197299834, 3.3909740400067947, 2.1480724033421223, 1.0868345872302745, 2.1559527383502637, 3.432561400761828, 4.605651873513673, 4.8572720749408305, 5.840966594665647, 6.844407482755538, 6.276362400308001, 7.359942224637365, 8.156142871480368, 7.979450729216893, 7.0595829919337305, 6.126005831698172, 8.091054440553469, 8.112338656639034, 7.457905007440092, 6.432633007563855, 5.774090785569621, 4.264728161325174, 2.480783215035123, 0.0, 2.4365352675469323, 4.453123425192704, 5.933659289173924, 4.802714362732808, 7.767717902318544, 9.067488837599967, 8.776198307353818], [6.897833731687072, 5.838900637962595, 4.634252134918858, 3.4274364385061906, 3.8483765421278617, 3.3675326962035577, 2.123785613003346, 1.0866738701192735, 2.1803658362761054, 2.6841919696623786, 2.563850428554677, 3.9766146946869267, 4.75063174325268, 4.831396970856359, 5.864022639792585, 6.9500084899228725, 7.116850857647643, 6.360026387523875, 5.163690042982828, 7.348506914333006, 7.76423257444031, 6.659011437893766, 6.400404754388585, 5.751498541249923, 4.933639794310079, 4.2632068997410855, 2.4365352675469323, 0.0, 2.3834556991897293, 3.6476310490508768, 2.3685795025711087, 6.031778697863508, 7.822085333848002, 8.08920723309769], [6.24734385159005, 5.6676338881406245, 4.517547031299176, 3.8332151478882586, 4.759580836586348, 4.805455663097934, 3.9215231199114458, 2.7010201054416463, 2.627515748763459, 2.112912752576405, 1.094920458298227, 3.3011956197717214, 3.6812746637543907, 4.604037929904575, 5.725275625679519, 6.980108479099734, 7.238158681598518, 6.4540661586320915, 5.095145765333903, 6.698308619345633, 7.140668523324689, 5.659723358963759, 6.539069589016469, 5.590577022097093, 5.754448923224534, 5.801736891655808, 4.453123425192704, 2.3834556991897293, 0.0, 1.7596706055395708, 1.8005093529332195, 5.789922953718815, 7.877311344614989, 8.290795429269739], [6.231235697676666, 5.9547067610420585, 4.712362946548153, 4.478463295595935, 5.704042599770798, 6.046487950041743, 5.290885549697706, 3.932644241474176, 3.372878540653369, 2.118283394638215, 1.0946245429369834, 2.547230221240318, 2.3387250779003503, 4.019723669607154, 4.879593920604459, 6.225783463950542, 6.735702105942631, 6.197369827596219, 4.871272044343243, 6.425931997772774, 7.223181609235643, 5.581598160025496, 6.84066546251167, 6.1551476797880325, 6.616485267118789, 7.110581517710067, 5.933659289173924, 3.6476310490508768, 1.7596706055395708, 0.0, 1.7737670450202867, 4.7166578729011075, 7.005524221641091, 7.817022474702244], [7.005672961964468, 6.358421072876506, 4.975787707489136, 4.320184665034587, 5.330561933792722, 5.348801080616104, 4.339878764435707, 2.984535196642854, 2.9449097031997433, 2.091041226279386, 1.0945732227676686, 2.9172084413013755, 3.0851814760237364, 4.223986928246819, 5.009547223053198, 6.3364217512725585, 6.880653210996758, 6.3893707694889645, 5.096843146497644, 7.223153112734078, 8.013069190391407, 6.5638640898482965, 7.077384928064885, 6.534883800803194, 6.358646366955785, 6.3701621368690455, 4.802714362732808, 2.3685795025711087, 1.8005093529332195, 1.7737670450202867, 0.0, 4.816937460669382, 7.082743786838543, 7.951432093654577], [5.990881849110362, 5.776129595152796, 4.589067705972532, 5.075502359372912, 6.282354185335303, 7.100727195154029, 6.908158309564135, 5.832831921116877, 4.780409704199003, 3.9237931584118955, 4.7652730037218225, 2.665051941332476, 2.5077115982504847, 2.1657781719280487, 1.0878767485335825, 2.1470092384524104, 3.358509367263995, 3.8603191539042463, 3.396850597244453, 5.443036840771887, 7.037596658661251, 6.011540968004793, 6.066376035163004, 6.664132232331528, 6.7852185211679075, 8.071336400497751, 7.767717902318544, 6.031778697863508, 5.789922953718815, 4.7166578729011075, 4.816937460669382, 0.0, 2.4910172560622694, 4.279534827525066], [6.146047873227153, 6.01543209836168, 5.267645371510881, 6.038924166604512, 6.97085694158186, 7.969598280340108, 8.153611883085924, 7.377029747127227, 6.266555043243457, 5.820351321011473, 6.95002