{"total energy": -66.81652345, "HOMO-LUMO gap/eV": 3.50349132, "electronic energy": -67.52903301, "dipole": [2.13480539, -0.38242236, -0.15049291], "partial charges": [-0.10420384, -0.05605974, -0.07073323, 0.11627039, 0.07952312, -0.33094968, 0.26660689, -0.01524367, 0.06434948, 0.08932673, -0.26494296, 0.11165286, -0.23483555, -0.35135792, -0.01791264, -0.02628511, -0.04306377, 0.10350306, -0.14617252, -0.04843478, 0.09971196, -0.13469211, 0.0406998, 0.03970133, 0.04170124, 0.03594258, 0.03247046, 0.04877813, 0.05572239, 0.03019218, 0.05699787, 0.03884839, 0.06796406, 0.09408662, 0.05354637, 0.04371253, 0.0767543, 0.07133685, 0.08548792], "atomic dipole moments": [[-0.07285565, 0.04533316, -0.08256983], [-0.0568095, -0.02124434, 0.10351826], [0.009512, 0.04406853, -0.13525064], [-0.1799469, -0.06386456, 0.04872472], [-0.17083802, 0.13279043, 0.00182266], [0.07797608, -0.04761132, 0.25221748], [0.17535589, 0.00506456, -0.01364454], [-0.04017144, -0.0742199, 0.1497735], [-0.03137135, -0.02166866, -0.05271138], [-0.05571412, -0.04282387, -0.09531317], [0.03467031, -0.10007831, -0.25220262], [0.11125661, -0.0066967, -0.00712289], [0.24186099, 0.0693185, 0.20084972], [0.06276391, -0.03548668, -0.24884512], [0.05801043, 0.07259289, -0.05049285], [-0.01281309, 0.00470692, -0.04140726], [-0.0186908, 0.00024146, -0.04104357], [-0.15726581, -0.16200763, 0.04009003], [-0.00946147, 0.02053511, 0.00065638], [0.03547084, 0.02501389, 0.03039691], [0.00651988, 0.08534712, -0.20012618], [0.08747384, 0.02410617, 0.02043287], [0.01035458, 0.07603909, 0.10075446], [-0.04064801, -0.11335836, 0.03976024], [0.11574308, -0.01575006, -0.04721628], [0.05006554, 0.10661043, -0.03849837], [0.00173193, -0.07686959, -0.09809742], [-0.04809638, -0.10790242, 0.04538713], [-0.00045082, 0.06785239, 0.10489365], [0.03051071, 0.11440915, -0.02786259], [0.0938098, 0.00964403, -0.0896029], [-0.02881246, -0.11883537, 0.01955489], [0.08337587, 0.09757026, -0.00885403], [-0.07181323, 0.01994548, -0.11255035], [0.16340382, 0.01801758, 0.05370803], [-0.16049101, 0.01605828, 0.03773338], [0.08986664, 0.04615235, 0.11961096], [-0.00424645, -0.0558738, 0.14433798], [-0.10102739, -0.05362128, -0.10879736]], "atomic quadrupole moments": [[0.02010679, -0.09212665, -0.07853037, 0.15343967, -0.10354698, 0.05842359], [0.18527563, -0.11684084, -0.18124837, 0.01782671, -0.07821432, -0.00402725], [0.18404871, -0.13800866, -0.16790387, 0.06122905, -0.10628328, -0.01614484], [0.28010211, -0.11507406, -0.32772001, -0.08640781, 0.10569731, 0.0476179], [0.21247367, -0.23998559, -0.18344163, 0.26335431, 0.0630814, -0.02903204], [0.06411333, -0.10316393, -0.12140818, -0.00024834, 0.00497066, 0.05729484], [0.02576136, -0.09208276, -0.26210639, 0.02230319, 0.07612636, 0.23634503], [-0.02571838, -0.18108558, 0.00414457, -0.20363299, 0.05532339, 0.02157381], [0.04234313, -0.05074556, 0.00945272, -0.14654593, -0.03473927, -0.05179584], [-0.2480962, 0.01108496, 0.33730705, 0.02759221, -0.20811225, -0.08921085], [-0.14031849, 0.00336282, 0.20280809, -0.00218874, -0.1237568, -0.0624896], [-0.17398073, -0.00212121, 0.3484566, -0.027798, -0.2340625, -0.17447586], [0.06955223, 0.02277563, 0.11716323, 0.04134375, -0.13509636, -0.18671547], [0.11794052, -0.00757928, -0.16167716, 0.00522545, 0.02371956, 0.04373665], [0.13089144, -0.20854896, 0.1499498, -0.18590067, 0.08989412, -0.28084124], [0.10832234, -0.37081352, 0.13454669, -0.15580539, 0.14099262, -0.24286903], [0.10090472, -0.34085895, 0.12223358, -0.11725213, 0.15756803, -0.22313829], [0.15013344, -0.05763843, 0.22624887, -0.22339741, 0.04252607, -0.37638232], [0.07819871, 0.31439524, 0.13387169, -0.1087014, -0.10215161, -0.2120704], [0.06279356, -0.34251932, 0.11694451, -0.15135869, 0.10908892, -0.17973807], [-0.12946281, -0.36361037, -0.00535499, -0.15244125, -0.07965318, 0.1348178], [-0.22000502, -0.02288004, -0.143703, 0.01155278, -0.21522339, 0.36370802], [-0.04590195, -0.00847096, 0.01612646, 0.00732919, 0.05658611, 0.02977548], [-0.01856439, 0.04629623, 0.04890042, -0.00134091, -0.03075296, -0.03033603], [0.05867401, -0.01620835, -0.0489254, -0.04381739, -0.00243586, -0.0097486], [-0.01128621, 0.02206559, 0.04454765, -0.00164352, -0.02114858, -0.03326144], [-0.01831977, 0.00039984, 0.00451691, 0.01478735, 0.04392944, 0.01380286], [-0.01161873, 0.02866462, 0.04917033, -0.00384742, -0.01004355, -0.0375516], [-0.02421898, 0.00360372, 0.00963352, 0.01166172, 0.04782082, 0.01458545], [0.00677106, 0.01719356, 0.00545697, -0.01345895, -0.00863304, -0.01222804], [0.01075279, 0.00363084, -0.01853272, -0.04788711, -0.01005774, 0.00777992], [-0.0102193, 0.00111552, 0.03735643, 0.00991911, -0.02945273, -0.02713713], [0.03665951, 0.03448349, -0.0032954, -0.01460391, 0.01464091, -0.03336411], [0.00829475, -0.00292922, -0.03608565, 0.03685692, 0.02194894, 0.0277909], [0.01324755, -0.00398197, -0.02736654, -0.01207338, 0.02028226, 0.01411899], [0.01801286, -0.00292789, -0.0349781, -0.0028948, 0.02372019, 0.01696524], [-0.00575436, 0.05183529, -0.00662498, 0.0078232, -0.02257911, 0.01237934], [-0.00735391, 0.04668395, -0.01133137, 0.01503639, -0.01649996, 0.01868529], [-0.01237292, 0.03770943, -0.01313287, 0.01184598, -0.01954423, 0.02550579]], "number of molecular orbitals": 115, "number of electrons": 118, "number of unpaired electrons": 0, "orbital energies/eV": [-28.98151081, -28.88585, -20.1438805, -19.65247128, -19.3029214, -18.90087695, -18.58864429, -18.35298403, -17.92658077, -17.86102928, -17.78189001, -17.60067195, -17.46299161, -17.35775104, -16.95880958, -16.74302452, -16.55719824, -16.40775275, -16.25797796, -16.17136592, -15.90942058, -15.80537907, -15.67208829, -15.39973867, -15.34034918, -15.03946859, -14.92637748, -14.72579322, -14.57255959, -14.43566198, -14.37230875, -14.30299186, -14.14719413, -14.10288994, -13.95802815, -13.82802054, -13.80634273, -13.74828589, -13.50171837, -13.2949639, -13.03855773, -13.01549099, -12.95748249, -12.86825801, -12.64877166, -12.54692184, -12.45913878, -12.28432182, -12.17013838, -12.1271561, -11.88598268, -11.7061756, -11.6783927, -11.54775551, -11.51135537, -11.35442144, -11.26701469, -11.08961742, -10.66478003, -7.1612887, -7.08468666, -6.40206132, -5.30350558, -4.41594425, -3.901763, -3.73862035, -2.01080961, -0.70309482, -0.35665905, 0.04847545, 0.22813795, 0.24576256, 0.25927734, 0.3121522, 0.3351883, 0.42136352, 0.58280046, 0.67927665, 1.13299672, 1.68329813, 2.2404993, 2.28384971, 2.54180318, 2.65922249, 2.83025334, 3.03598807, 3.1220974, 3.20104555, 3.34618948, 3.63655024, 3.80983007, 3.93643419, 4.07856619, 4.21672601, 4.37318037, 4.5638017, 4.70191705, 4.89026852, 5.08473689, 5.78256585, 5.85570929, 6.17178896, 6.46232338, 6.59137965, 6.89450324, 7.64262082, 8.74046349, 9.27765727, 9.98848935, 10.71590335, 10.9575281, 11.32590242, 13.21607498, 15.37487972, 15.55387079], "fractional occupation": [2.0, 2.0, 2.0, 2.0, 2.0, 2.0, 2.0, 2.0, 2.0, 2.0, 2.0, 2.0, 2.0, 2.0, 2.0, 2.0, 2.0, 2.0, 2.0, 2.0, 2.0, 2.0, 2.0, 2.0, 2.0, 2.0, 2.0, 2.0, 2.0, 2.0, 2.0, 2.0, 2.0, 2.0, 2.0, 2.0, 2.0, 2.0, 2.0, 2.0, 2.0, 2.0, 2.0, 2.0, 2.0, 2.0, 2.0, 2.0, 2.0, 2.0, 2.0, 2.0, 2.0, 2.0, 2.0, 2.0, 2.0, 2.0, 2.0, 0.0, 0.0, 0.0, 0.0, 0.0, 0.0, 0.0, 0.0, 0.0, 0.0, 0.0, 0.0, 0.0, 0.0, 0.0, 0.0, 0.0, 0.0, 0.0, 0.0, 0.0, 0.0, 0.0, 0.0, 0.0, 0.0, 0.0, 0.0, 0.0, 0.0, 0.0, 0.0, 0.0, 0.0, 0.0, 0.0, 0.0, 0.0, 0.0, 0.0, 0.0, 0.0, 0.0, 0.0, 0.0, 0.0, 0.0, 0.0, 0.0, 0.0, 0.0, 0.0, 0.0, 0.0, 0.0, 0.0], "program call": "xtb /home/svss/Project-DBcg-Debug/aqme2_20220329/End-to-End-workflows-final/example-3/QDESCP/mol_80_rdkit_conf_3/mol_80_rdkit_conf_3.xyz --pop --wbo --acc 0.2 --gfn 2 --chrg 0 --uhf 0 --etemp 300 --input /home/svss/Project-DBcg-Debug/aqme2_20220329/End-to-End-workflows-final/example-3/QDESCP/mol_80_rdkit_conf_3/mol_80_rdkit_conf_3_xtb.inp", "method": "GFN2-xTB", "xtb version": "6.3.3 (7355c4f)", "Dipole module/D": 5.526, "Total charge": 0, "Transition dipole module/D": NaN, "HOMO": -10.6648, "LUMO": -7.1613, "HOMO occupancy": 2.0, "LUMO occupancy": 0, "mulliken charges": [-0.08136, -0.04404, -0.0661, 0.2074, 0.18188, -0.47201, 0.42507, 0.06583, -0.04252, 0.2237, -0.38324, 0.23766, -0.28132, -0.48436, -0.04099, -0.00983, -0.05632, 0.12, -0.10374, -0.07084, 0.11671, -0.08743, 0.03205, 0.03097, 0.03366, 0.02572, 0.02106, 0.03672, 0.04575, 0.02617, 0.03718, 0.02915, 0.05396, 0.06289, 0.03712, 0.02218, 0.05387, 0.04602, 0.05142], "cm5 charges": [-0.23173, -0.15605, -0.17083, 0.16881, 0.10603, -0.55103, 0.46097, 0.03754, -0.23027, 0.33311, -0.55591, 0.34659, -0.38976, -0.56338, -0.0405, -0.05999, -0.10815, 0.11272, -0.10578, -0.11914, 0.1134, -0.08841, 0.08336, 0.08228, 0.08444, 0.08065, 0.0765, 0.09457, 0.10318, 0.09562, 0.09998, 0.09522, 0.1257, 0.13648, 0.11136, 0.09485, 0.1158, 0.10251, 0.10929], "FUKUI+": [0.005, 0.002, 0.002, 0.005, 0.008, -0.014, 0.001, 0.013, -0.027, -0.017, -0.051, -0.011, -0.043, -0.005, -0.057, -0.03, -0.03, -0.049, -0.117, -0.026, -0.033, -0.105, -0.006, -0.003, -0.012, -0.008, -0.004, 0.0, -0.008, -0.016, -0.026, -0.006, -0.037, -0.021, -0.045, -0.045, -0.059, -0.063, -0.061], "FUKUI-": [0.009, 0.004, 0.005, 0.004, 0.009, -0.017, 0.003, 0.01, -0.021, 0.001, -0.109, -0.001, -0.059, -0.017, -0.024, -0.005, -0.024, -0.012, -0.145, -0.006, -0.008, -0.126, -0.029, -0.026, -0.024, -0.032, -0.031, -0.017, -0.021, -0.02, -0.022, -0.011, -0.032, -0.022, -0.042, -0.05, -0.026, -0.037, -0.03], "FUKUIrad": [0.007, 0.003, 0.004, 0.004, 0.008, -0.015, 0.002, 0.012, -0.024, -0.008, -0.08, -0.006, -0.051, -0.011, -0.04, -0.018, -0.027, -0.03, -0.131, -0.016, -0.021, -0.116, -0.017, -0.015, -0.018, -0.02, -0.017, -0.008, -0.015, -0.018, -0.024, -0.008, -0.035, -0.021, -0.043, -0.048, -0.043, -0.05, -0.046], "s proportion": [1.008, 1.028, 1.038, 1.027, 1.002, 1.71, 1.025, 1.017, 1.425, 0.992, 1.567, 1.001, 1.585, 1.715, 1.09, 1.067, 1.061, 1.078, 1.943, 1.064, 1.084, 1.945, 0.968, 0.969, 0.966, 0.974, 0.979, 0.963, 0.954, 0.974, 0.963, 0.971, 0.946, 0.937, 0.963, 0.978, 0.946, 0.954, 0.949], "p proportion": [3.074, 3.017, 3.028, 2.765, 2.816, 4.762, 2.55, 2.917, 3.618, 2.784, 3.817, 2.762, 3.697, 4.769, 2.951, 2.943, 2.995, 2.802, 5.172, 3.007, 2.799, 5.153, 0.0, 0.0, 0.0, 0.0, 0.0, 0.0, 0.0, 0.0, 0.0, 0.0, 0.0, 0.0, 0.0, 0.0, 0.0, 0.0, 0.0], "d proportion": [0.0, 0.0, 0.0, 0.0, 0.0, 0.0, 0.0, 0.0, 0.0, 0.0, 0.0, 0.0, 0.0, 0.0, 0.0, 0.0, 0.0, 0.0, -0.011, 0.0, 0.0, -0.01, 0.0, 0.0, 0.0, 0.0, 0.0, 0.0, 0.0, 0.0, 0.0, 0.0, 0.0, 0.0, 0.0, 0.0, 0.0, 0.0, 0.0], "Fermi-level/eV": -8.913, "Coordination numbers": [3.75, 3.8, 3.802, 3.778, 3.743, 1.699, 3.756, 3.737, 3.071, 3.103, 1.886, 3.266, 1.964, 1.696, 2.971, 2.916, 2.947, 2.879, 0.968, 3.0, 2.879, 0.963, 0.924, 0.924, 0.924, 0.924, 0.924, 0.924, 0.924, 0.924, 0.924, 0.924, 0.924, 0.924, 0.926, 0.925, 0.925, 0.925, 0.925], "Dispersion coefficient C6": [22.554, 21.583, 21.852, 18.704, 19.326, 19.543, 16.58, 20.93, 20.116, 25.889, 27.736, 24.394, 26.969, 19.916, 28.452, 28.659, 29.069, 25.708, 103.727, 29.189, 25.788, 103.361, 2.44, 2.453, 2.426, 2.504, 2.552, 2.335, 2.25, 2.584, 2.235, 2.464, 2.108, 1.84, 2.276, 2.4, 2.013, 2.071, 1.923], "Total dispersion C6": 20365.194125, "Total dispersion C8": 522409.394554, "Polarizability alpha": [6.773, 6.615, 6.655, 6.161, 6.272, 5.969, 5.806, 6.528, 6.661, 8.338, 7.807, 7.971, 7.701, 6.025, 8.749, 8.779, 8.843, 8.312, 15.581, 8.862, 8.325, 15.554, 2.443, 2.449, 2.436, 2.474, 2.498, 2.39, 2.346, 2.514, 2.338, 2.455, 2.271, 2.121, 2.359, 2.423, 2.219, 2.25, 2.169], "Total polarizability alpha": 218.441391, "Wiberg matrix": [[0.0, 1.0202451193337592, 0.0, 0.0, 0.0, 0.0, 0.0, 0.0, 0.0, 0.0, 0.0, 0.0, 0.0, 0.0, 0.0, 0.0, 0.0, 0.0, 0.0, 0.0, 0.0, 0.0, 0.9870443174346704, 0.9872122974148085, 0.9864173363828618, 0.0, 0.0, 0.0, 0.0, 0.0, 0.0, 0.0, 0.0, 0.0, 0.0, 0.0, 0.0, 0.0, 0.0], [1.0202451193337592, 0.0, 1.0058526408017774, 0.0, 0.0, 0.0, 0.0, 0.0, 0.0, 0.0, 0.0, 0.0, 0.0, 0.0, 0.0, 0.0, 0.0, 0.0, 0.0, 0.0, 0.0, 0.0, 0.0, 0.0, 0.0, 0.9773603353082658, 0.9773216280391173, 0.0, 0.0, 0.0, 0.0, 0.0, 0.0, 0.0, 0.0, 0.0, 0.0, 0.0, 0.0], [0.0, 1.0058526408017774, 0.0, 0.9915888668725209, 0.0, 0.0, 0.0, 0.0, 0.0, 0.0, 0.0, 0.0, 0.0, 0.0, 0.0, 0.0, 0.0, 0.0, 0.0, 0.0, 0.0, 0.0, 0.0, 0.0, 0.0, 0.0, 0.0, 0.9739135352080904, 0.9729047273826569, 0.0, 0.0, 0.0, 0.0, 0.0, 0.0, 0.0, 0.0, 0.0, 0.0], [0.0, 0.0, 0.9915888668725209, 0.0, 0.9912950464568174, 0.0, 0.0, 0.0, 0.0, 0.0, 0.0, 0.0, 0.0, 0.9508464322273388, 0.0, 0.0, 0.0, 0.0, 0.0, 0.0, 0.0, 0.0, 0.0, 0.0, 0.0, 0.0, 0.0, 0.0, 0.0, 0.9609304019393371, 0.0, 0.0, 0.0, 0.0, 0.0, 0.0, 0.0, 0.0, 0.0], [0.0, 0.0, 0.0, 0.9912950464568174, 0.0, 0.9702685683967357, 0.0, 0.0, 0.0, 0.0, 0.0, 0.0, 0.0, 0.0, 0.0, 0.0, 0.0, 0.0, 0.0, 0.0, 0.0, 0.0, 0.0, 0.0, 0.0, 0.0, 0.0, 0.0, 0.0, 0.0, 0.9690898972499856, 0.9687153340269953, 0.0, 0.0, 0.0, 0.0, 0.0, 0.0, 0.0], [0.0, 0.0, 0.0, 0.0, 0.9702685683967357, 0.0, 0.9552863079123447, 0.0, 0.0, 0.0, 0.0, 0.0, 0.0, 0.0, 0.0, 0.0, 0.0, 0.0, 0.0, 0.0, 0.0, 0.0, 0.0, 0.0, 0.0, 0.0, 0.0, 0.0, 0.0, 0.0, 0.0, 0.0, 0.0, 0.0, 0.0, 0.0, 0.0, 0.0, 0.0], [0.0, 0.0, 0.0, 0.0, 0.0, 0.9552863079123447, 0.0, 0.9518823359327135, 0.0, 0.0, 0.0, 0.0, 0.0, 0.9525412686909107, 0.9663871885267071, 0.0, 0.0, 0.0, 0.0, 0.0, 0.0, 0.0, 0.0, 0.0, 0.0, 0.0, 0.0, 0.0, 0.0, 0.0, 0.0, 0.0, 0.0, 0.0, 0.0, 0.0, 0.0, 0.0, 0.0], [0.0, 0.0, 0.0, 0.0, 0.0, 0.0, 0.9518823359327135, 0.0, 0.9923306191692953, 0.0, 0.0, 0.0, 0.0, 0.0, 0.0, 0.0, 0.0, 0.0, 0.0, 0.0, 0.0, 0.0, 0.0, 0.0, 0.0, 0.0, 0.0, 0.0, 0.0, 0.0, 0.0, 0.0, 0.962608398778266, 0.9610790821380939, 0.0, 0.0, 0.0, 0.0, 0.0], [0.0, 0.0, 0.0, 0.0, 0.0, 0.0, 0.0, 0.9923306191692953, 0.0, 1.2895094559456854, 0.0, 0.0, 1.1869840378878664, 0.0, 0.0, 0.0, 0.0, 0.0, 0.0, 0.0, 0.0, 0.0, 0.0, 0.0, 0.0, 0.0, 0.0, 0.0, 0.0, 0.0, 0.0, 0.0, 0.0, 0.0, 0.0, 0.0, 0.0, 0.0, 0.0], [0.0, 0.0, 0.0, 0.0, 0.0, 0.0, 0.0, 0.0, 1.2895094559456854, 0.0, 1.5135476463363895, 0.0, 0.13785288814141913, 0.0, 0.0, 0.0, 0.0, 0.0, 0.0, 0.0, 0.0, 0.0, 0.0, 0.0, 0.0, 0.0, 0.0, 0.0, 0.0, 0.0, 0.0, 0.0, 0.0, 0.0, 0.9616840496725978, 0.0, 0.0, 0.0, 0.0], [0.0, 0.0, 0.0, 0.0, 0.0, 0.0, 0.0, 0.0, 0.0, 1.5135476463363895, 0.0, 1.3343671249827391, 0.0, 0.0, 0.0, 0.0, 0.0, 0.0, 0.0, 0.0, 0.0, 0.0, 0.0, 0.0, 0.0, 0.0, 0.0, 0.0, 0.0, 0.0, 0.0, 0.0, 0.0, 0.0, 0.0, 0.0, 0.0, 0.0, 0.0], [0.0, 0.0, 0.0, 0.0, 0.0, 0.0, 0.0, 0.0, 0.0, 0.0, 1.3343671249827391, 0.0, 1.5399661086877068, 0.0, 0.0, 0.0, 0.0, 0.0, 0.0, 0.0, 0.0, 0.0, 0.0, 0.0, 0.0, 0.0, 0.0, 0.0, 0.0, 0.0, 0.0, 0.0, 0.0, 0.0, 0.0, 0.9659351226575542, 0.0, 0.0, 0.0], [0.0, 0.0, 0.0, 0.0, 0.0, 0.0, 0.0, 0.0, 1.1869840378878664, 0.13785288814141913, 0.0, 1.5399661086877068, 0.0, 0.0, 0.0, 0.0, 0.0, 0.0, 0.0, 0.0, 0.0, 0.0, 0.0, 0.0, 0.0, 0.0, 0.0, 0.0, 0.0, 0.0, 0.0, 0.0, 0.0, 0.0, 0.0, 0.0, 0.0, 0.0, 0.0], [0.0, 0.0, 0.0, 0.9508464322273388, 0.0, 0.0, 0.9525412686909107, 0.0, 0.0, 0.0, 0.0, 0.0, 0.0, 0.0, 0.0, 0.0, 0.0, 0.0, 0.0, 0.0, 0.0, 0.0, 0.0, 0.0, 0.0, 0.0, 0.0, 0.0, 0.0, 0.0, 0.0, 0.0, 0.0, 0.0, 0.0, 0.0, 0.0, 0.0, 0.0], [0.0, 0.0, 0.0, 0.0, 0.0, 0.0, 0.9663871885267071, 0.0, 0.0, 0.0, 0.0, 0.0, 0.0, 0.0, 0.0, 1.4040769097007968, 0.0, 0.0, 0.0, 0.0, 1.3740310821125508, 0.0, 0.0, 0.0, 0.0, 0.0, 0.0, 0.0, 0.0, 0.0, 0.0, 0.0, 0.0, 0.0, 0.0, 0.0, 0.0, 0.0, 0.0], [0.0, 0.0, 0.0, 0.0, 0.0, 0.0, 0.0, 0.0, 0.0, 0.0, 0.0, 0.0, 0.0, 0.0, 1.4040769097007968, 0.0, 1.4435112125216156, 0.0, 0.0, 0.10635325999915089, 0.0, 0.0, 0.0, 0.0, 0.0, 0.0, 0.0, 0.0, 0.0, 0.0, 0.0, 0.0, 0.0, 0.0, 0.0, 0.0, 0.9622042547079223, 0.0, 0.0], [0.0, 0.0, 0.0, 0.0, 0.0, 0.0, 0.0, 0.0, 0.0, 0.0, 0.0, 0.0, 0.0, 0.0, 0.0, 1.4435112125216156, 0.0, 1.3935338525910308, 0.0, 0.0, 0.0, 0.0, 0.0, 0.0, 0.0, 0.0, 0.0, 0.0, 0.0, 0.0, 0.0, 0.0, 0.0, 0.0, 0.0, 0.0, 0.0, 0.96528007802204, 0.0], [0.0, 0.0, 0.0, 0.0, 0.0, 0.0, 0.0, 0.0, 0.0, 0.0, 0.0, 0.0, 0.0, 0.0, 0.0, 0.0, 1.3935338525910308, 0.0, 0.9936633606158266, 1.404504476399755, 0.0, 0.0, 0.0, 0.0, 0.0, 0.0, 0.0, 0.0, 0.0, 0.0, 0.0, 0.0, 0.0, 0.0, 0.0, 0.0, 0.0, 0.0, 0.0], [0.0, 0.0, 0.0, 0.0, 0.0, 0.0, 0.0, 0.0, 0.0, 0.0, 0.0, 0.0, 0.0, 0.0, 0.0, 0.0, 0.0, 0.9936633606158266, 0.0, 0.0, 0.0, 0.0, 0.0, 0.0, 0.0, 0.0, 0.0, 0.0, 0.0, 0.0, 0.0, 0.0, 0.0, 0.0, 0.0, 0.0, 0.0, 0.0, 0.0], [0.0, 0.0, 0.0, 0.0, 0.0, 0.0, 0.0, 0.0, 0.0, 0.0, 0.0, 0.0, 0.0, 0.0, 0.0, 0.10635325999915089, 0.0, 1.404504476399755, 0.0, 0.0, 1.3996093723616134, 0.0, 0.0, 0.0, 0.0, 0.0, 0.0, 0.0, 0.0, 0.0, 0.0, 0.0, 0.0, 0.0, 0.0, 0.0, 0.0, 0.0, 0.9620049405130147], [0.0, 0.0, 0.0, 0.0, 0.0, 0.0, 0.0, 0.0, 0.0, 0.0, 0.0, 0.0, 0.0, 0.0, 1.3740310821125508, 0.0, 0.0, 0.0, 0.0, 1.3996093723616134, 0.0, 0.9983896178723108, 0.0, 0.0, 0.0, 0.0, 0.0, 0.0, 0.0, 0.0, 0.0, 0.0, 0.0, 0.0, 0.0, 0.0, 0.0, 0.0, 0.0], [0.0, 0.0, 0.0, 0.0, 0.0, 0.0, 0.0, 0.0, 0.0, 0.0, 0.0, 0.0, 0.0, 0.0, 0.0, 0.0, 0.0, 0.0, 0.0, 0.0, 0.9983896178723108, 0.0, 0.0, 0.0, 0.0, 0.0, 0.0, 0.0, 0.0, 0.0, 0.0, 0.0, 0.0, 0.0, 0.0, 0.0, 0.0, 0.0, 0.0], [0.9870443174346704, 0.0, 0.0, 0.0, 0.0, 0.0, 0.0, 0.0, 0.0, 0.0, 0.0, 0.0, 0.0, 0.0, 0.0, 0.0, 0.0, 0.0, 0.0, 0.0, 0.0, 0.0, 0.0, 0.0, 0.0, 0.0, 0.0, 0.0, 0.0, 0.0, 0.0, 0.0, 0.0, 0.0, 0.0, 0.0, 0.0, 0.0, 0.0], [0.9872122974148085, 0.0, 0.0, 0.0, 0.0, 0.0, 0.0, 0.0, 0.0, 0.0, 0.0, 0.0, 0.0, 0.0, 0.0, 0.0, 0.0, 0.0, 0.0, 0.0, 0.0, 0.0, 0.0, 0.0, 0.0, 0.0, 0.0, 0.0, 0.0, 0.0, 0.0, 0.0, 0.0, 0.0, 0.0, 0.0, 0.0, 0.0, 0.0], [0.9864173363828618, 0.0, 0.0, 0.0, 0.0, 0.0, 0.0, 0.0, 0.0, 0.0, 0.0, 0.0, 0.0, 0.0, 0.0, 0.0, 0.0, 0.0, 0.0, 0.0, 0.0, 0.0, 0.0, 0.0, 0.0, 0.0, 0.0, 0.0, 0.0, 0.0, 0.0, 0.0, 0.0, 0.0, 0.0, 0.0, 0.0, 0.0, 0.0], [0.0, 0.9773603353082658, 0.0, 0.0, 0.0, 0.0, 0.0, 0.0, 0.0, 0.0, 0.0, 0.0, 0.0, 0.0, 0.0, 0.0, 0.0, 0.0, 0.0, 0.0, 0.0, 0.0, 0.0, 0.0, 0.0, 0.0, 0.0, 0.0, 0.0, 0.0, 0.0, 0.0, 0.0, 0.0, 0.0, 0.0, 0.0, 0.0, 0.0], [0.0, 0.9773216280391173, 0.0, 0.0, 0.0, 0.0, 0.0, 0.0, 0.0, 0.0, 0.0, 0.0, 0.0, 0.0, 0.0, 0.0, 0.0, 0.0, 0.0, 0.0, 0.0, 0.0, 0.0, 0.0, 0.0, 0.0, 0.0, 0.0, 0.0, 0.0, 0.0, 0.0, 0.0, 0.0, 0.0, 0.0, 0.0, 0.0, 0.0], [0.0, 0.0, 0.9739135352080904, 0.0, 0.0, 0.0, 0.0, 0.0, 0.0, 0.0, 0.0, 0.0, 0.0, 0.0, 0.0, 0.0, 0.0, 0.0, 0.0, 0.0, 0.0, 0.0, 0.0, 0.0, 0.0, 0.0, 0.0, 0.0, 0.0, 0.0, 0.0, 0.0, 0.0, 0.0, 0.0, 0.0, 0.0, 0.0, 0.0], [0.0, 0.0, 0.9729047273826569, 0.0, 0.0, 0.0, 0.0, 0.0, 0.0, 0.0, 0.0, 0.0, 0.0, 0.0, 0.0, 0.0, 0.0, 0.0, 0.0, 0.0, 0.0, 0.0, 0.0, 0.0, 0.0, 0.0, 0.0, 0.0, 0.0, 0.0, 0.0, 0.0, 0.0, 0.0, 0.0, 0.0, 0.0, 0.0, 0.0], [0.0, 0.0, 0.0, 0.9609304019393371, 0.0, 0.0, 0.0, 0.0, 0.0, 0.0, 0.0, 0.0, 0.0, 0.0, 0.0, 0.0, 0.0, 0.0, 0.0, 0.0, 0.0, 0.0, 0.0, 0.0, 0.0, 0.0, 0.0, 0.0, 0.0, 0.0, 0.0, 0.0, 0.0, 0.0, 0.0, 0.0, 0.0, 0.0, 0.0], [0.0, 0.0, 0.0, 0.0, 0.9690898972499856, 0.0, 0.0, 0.0, 0.0, 0.0, 0.0, 0.0, 0.0, 0.0, 0.0, 0.0, 0.0, 0.0, 0.0, 0.0, 0.0, 0.0, 0.0, 0.0, 0.0, 0.0, 0.0, 0.0, 0.0, 0.0, 0.0, 0.0, 0.0, 0.0, 0.0, 0.0, 0.0, 0.0, 0.0], [0.0, 0.0, 0.0, 0.0, 0.9687153340269953, 0.0, 0.0, 0.0, 0.0, 0.0, 0.0, 0.0, 0.0, 0.0, 0.0, 0.0, 0.0, 0.0, 0.0, 0.0, 0.0, 0.0, 0.0, 0.0, 0.0, 0.0, 0.0, 0.0, 0.0, 0.0, 0.0, 0.0, 0.0, 0.0, 0.0, 0.0, 0.0, 0.0, 0.0], [0.0, 0.0, 0.0, 0.0, 0.0, 0.0, 0.0, 0.962608398778266, 0.0, 0.0, 0.0, 0.0, 0.0, 0.0, 0.0, 0.0, 0.0, 0.0, 0.0, 0.0, 0.0, 0.0, 0.0, 0.0, 0.0, 0.0, 0.0, 0.0, 0.0, 0.0, 0.0, 0.0, 0.0, 0.0, 0.0, 0.0, 0.0, 0.0, 0.0], [0.0, 0.0, 0.0, 0.0, 0.0, 0.0, 0.0, 0.9610790821380939, 0.0, 0.0, 0.0, 0.0, 0.0, 0.0, 0.0, 0.0, 0.0, 0.0, 0.0, 0.0, 0.0, 0.0, 0.0, 0.0, 0.0, 0.0, 0.0, 0.0, 0.0, 0.0, 0.0, 0.0, 0.0, 0.0, 0.0, 0.0, 0.0, 0.0, 0.0], [0.0, 0.0, 0.0, 0.0, 0.0, 0.0, 0.0, 0.0, 0.0, 0.9616840496725978, 0.0, 0.0, 0.0, 0.0, 0.0, 0.0, 0.0, 0.0, 0.0, 0.0, 0.0, 0.0, 0.0, 0.0, 0.0, 0.0, 0.0, 0.0, 0.0, 0.0, 0.0, 0.0, 0.0, 0.0, 0.0, 0.0, 0.0, 0.0, 0.0], [0.0, 0.0, 0.0, 0.0, 0.0, 0.0, 0.0, 0.0, 0.0, 0.0, 0.0, 0.9659351226575542, 0.0, 0.0, 0.0, 0.0, 0.0, 0.0, 0.0, 0.0, 0.0, 0.0, 0.0, 0.0, 0.0, 0.0, 0.0, 0.0, 0.0, 0.0, 0.0, 0.0, 0.0, 0.0, 0.0, 0.0, 0.0, 0.0, 0.0], [0.0, 0.0, 0.0, 0.0, 0.0, 0.0, 0.0, 0.0, 0.0, 0.0, 0.0, 0.0, 0.0, 0.0, 0.0, 0.9622042547079223, 0.0, 0.0, 0.0, 0.0, 0.0, 0.0, 0.0, 0.0, 0.0, 0.0, 0.0, 0.0, 0.0, 0.0, 0.0, 0.0, 0.0, 0.0, 0.0, 0.0, 0.0, 0.0, 0.0], [0.0, 0.0, 0.0, 0.0, 0.0, 0.0, 0.0, 0.0, 0.0, 0.0, 0.0, 0.0, 0.0, 0.0, 0.0, 0.0, 0.96528007802204, 0.0, 0.0, 0.0, 0.0, 0.0, 0.0, 0.0, 0.0, 0.0, 0.0, 0.0, 0.0, 0.0, 0.0, 0.0, 0.0, 0.0, 0.0, 0.0, 0.0, 0.0, 0.0], [0.0, 0.0, 0.0, 0.0, 0.0, 0.0, 0.0, 0.0, 0.0, 0.0, 0.0, 0.0, 0.0, 0.0, 0.0, 0.0, 0.0, 0.0, 0.0, 0.9620049405130147, 0.0, 0.0, 0.0, 0.0, 0.0, 0.0, 0.0, 0.0, 0.0, 0.0, 0.0, 0.0, 0.0, 0.0, 0.0, 0.0, 0.0, 0.0, 0.0]], "Born radii": [], "Atomic SASAs": [], "Solvent H bonds": [], "Total SASA": NaN, "Total FOD": 0.0, "FOD": [0.0, 0.0, 0.0, 0.0, 0.0, 0.0, 0.0, 0.0, 0.0, 0.0, 0.0, 0.0, 0.0, 0.0, 0.0, 0.0, 0.0, 0.0, 0.0, 0.0, 0.0, 0.0, 0.0, 0.0, 0.0, 0.0, 0.0, 0.0, 0.0, 0.0, 0.0, 0.0, 0.0, 0.0, 0.0, 0.0, 0.0, 0.0, 0.0], "FOD s proportion": [0.0, 0.0, 0.0, 0.0, 0.0, 0.0, 0.0, 0.0, 0.0, 0.0, 0.0, 0.0, 0.0, 0.0, 0.0, 0.0, 0.0, 0.0, 0.0, 0.0, 0.0, 0.0, 0.0, 0.0, 0.0, 0.0, 0.0, 0.0, 0.0, 0.0, 0.0, 0.0, 0.0, 0.0, 0.0, 0.0, 0.0, 0.0, 0.0], "FOD p proportion": [0.0, 0.0, 0.0, 0.0, 0.0, 0.0, 0.0, 0.0, 0.0, 0.0, 0.0, 0.0, 0.0, 0.0, 0.0, 0.0, 0.0, 0.0, 0.0, 0.0, 0.0, 0.0, 0.0, 0.0, 0.0, 0.0, 0.0, 0.0, 0.0, 0.0, 0.0, 0.0, 0.0, 0.0, 0.0, 0.0, 0.0, 0.0, 0.0], "FOD d proportion": [0.0, 0.0, 0.0, 0.0, 0.0, 0.0, 0.0, 0.0, 0.0, 0.0, 0.0, 0.0, 0.0, 0.0, 0.0, 0.0, 0.0, 0.0, 0.0, 0.0, 0.0, 0.0, 0.0, 0.0, 0.0, 0.0, 0.0, 0.0, 0.0, 0.0, 0.0, 0.0, 0.0, 0.0, 0.0, 0.0, 0.0, 0.0, 0.0], "coordinates": [["5.03660", "-1.01210", "1.17390"], ["4.11820", "-0.42330", "0.11450"], ["2.70420", "-0.21900", "0.65360"], ["1.77160", "0.42640", "-0.36340"], ["1.49700", "-0.39740", "-1.59340"], ["0.27890", "0.16740", "-2.07020"], ["-0.47820", "0.50370", "-0.88480"], ["-1.10980", "1.89230", "-1.08770"], ["-1.95290", "2.30400", "0.01070"], ["-1.56960", "2.77950", "1.22620"], ["-2.63350", "3.06590", "1.94050"], ["-3.66160", "2.75470", "1.09670"], ["-3.29460", "2.29200", "-0.10110"], ["0.47120", "0.60210", "0.21200"], ["-1.49770", "-0.60540", "-0.60430"], ["-1.57890", "-1.16430", "0.69130"], ["-2.50500", "-2.16370", "1.00080"], ["-3.37410", "-2.62420", "0.02090"], ["-4.51380", "-3.85590", "0.39780"], ["-3.32650", "-2.09290", "-1.26240"], ["-2.39920", "-1.08970", "-1.57460"], ["-2.44030", "-0.50160", "-3.20100"], ["5.10950", "-0.34970", "2.04230"], ["4.66960", "-1.98580", "1.51370"], ["6.04340", "-1.15120", "0.76770"], ["4.52890", "0.53470", "-0.22490"], ["4.10010", "-1.09480", "-0.75110"], ["2.28390", "-1.17790", "0.98380"], ["2.73430", "0.41020", "1.55260"], ["2.13490", "1.42360", "-0.64110"], ["2.27670", "-0.31480", "-2.35500"], ["1.32500", "-1.45530", "-1.36550"], ["-0.32380", "2.65290", "-1.18100"], ["-1.69960", "1.95180", "-2.00790"], ["-0.53820", "2.88700", "1.53210"], ["-4.70460", "2.87090", "1.36210"], ["-0.92300", "-0.81640", "1.48880"], ["-2.54400", "-2.56900", "2.00890"], ["-4.01500", "-2.45490", "-2.02210"]], "bond_dist": [[0.0, 1.5206815445713806, 2.5178978255679874, 3.8849451141554106, 4.534817916962047, 5.878019594217085, 6.078561866922143, 7.164398570710594, 7.823213131444137, 7.6171414776148145, 8.720561539832168, 9.479104668691026, 9.052712038389378, 4.936979887542586, 6.7841341835196625, 6.634825382027774, 7.630981373978055, 8.641073422902966, 9.994982231600014, 8.777535413770769, 7.927887212240094, 8.677810430632833, 1.0946262969616618, 1.094643654346016, 1.094528889522794, 2.1463902184831163, 2.1423110278388613, 2.7642331558680064, 2.7325695361692075, 4.200800207103404, 4.533917788182754, 4.518954874747036, 6.907363257423197, 8.01778927697654, 6.8124652725720365, 10.4882832570445, 5.971121557965472, 7.783743249234266, 9.707087637391558], [1.5206815445713806, 0.0, 1.5270112311309303, 2.541045072406233, 3.1286231252741197, 4.456687679207507, 4.794248893205275, 5.84288218262186, 6.656364994499625, 6.621546161584921, 7.816280799075734, 8.46106901520133, 7.897400919922959, 3.789664946931324, 5.664641794500337, 5.773969834524596, 6.905164595431451, 7.809435386761325, 9.293784248087535, 7.752868879324607, 6.765622700831019, 7.3493260500538415, 2.1689872037427977, 2.1686882786606287, 2.1593757639651328, 1.0961892400493631, 1.0956747783900112, 2.165585403534111, 2.1628761106452674, 2.8134409288271898, 3.082421896820745, 3.3252654390288905, 5.556319887299507, 6.632682610377191, 5.88640270538807, 9.500003117894225, 5.239935642734555, 7.251047420200753, 8.651092437374599], [2.5178978255679874, 1.5270112311309303, 0.0, 1.523342679767097, 2.5569840437515445, 3.6674884444262394, 3.607858036286905, 4.694284757021031, 5.335487777139031, 5.252070015717613, 6.398259209347493, 7.040073787965579, 6.546777415645044, 2.4198150280548307, 4.403133086791722, 4.386337765152154, 5.571191126680183, 6.56742165693661, 8.08653196679516, 6.599386312377841, 5.63628293203952, 6.434569462675806, 2.780474468503532, 2.779235760060668, 3.468756591345089, 2.160869276471855, 2.165350904587984, 1.0978038713722957, 1.0977247605843643, 2.1675989804389557, 3.0403302205517084, 2.7399626165332984, 4.558766364928126, 5.584747920004984, 4.575167320437582, 8.058521682045658, 3.769751402944231, 5.907871133496397, 7.570090352168856], [3.8849451141554106, 2.541045072406233, 1.523342679767097, 0.0, 1.5056399303950463, 2.2821920449427564, 2.310721378704062, 3.312995511617847, 4.18774794131643, 4.384920205659392, 5.628483052297484, 6.088721962776754, 5.40515005249623, 1.4328279066238205, 3.436708678372376, 3.8559783233311884, 5.182563768059203, 5.994336939145146, 7.643544458561093, 5.7572299849840975, 4.60012361681727, 5.16267947581486, 4.187039540056912, 4.211961211834695, 4.6921726534730155, 2.762899641680819, 2.808250875545132, 2.1566589020983358, 2.1443203422063597, 1.0970469543278445, 2.1842559396737373, 2.178176039717635, 3.1648812252594887, 4.132850692923711, 3.8707426483815737, 7.134009878041942, 3.4980088393255957, 5.764081176562315, 6.673673271894573], [4.534817916962047, 3.1286231252741197, 2.5569840437515445, 1.5056399303950463, 0.0, 1.4248174935759317, 2.2837491565406216, 3.506260803191913, 4.666102097039884, 5.238976362802184, 6.445457807634769, 6.616912148426938, 5.693791549573974, 2.304503211106463, 3.160666211418093, 3.907576040207023, 5.08583260931777, 5.593944756609597, 7.214971679085095, 5.123517688073303, 3.9572726934089344, 4.254123492565772, 5.125499588332829, 4.716192927563503, 5.178103958979579, 3.4545651347166695, 2.8234669574833, 2.8054147108760943, 3.4756934631811247, 2.151704603331972, 1.0930642295858006, 1.0957530835001106, 3.576271311016545, 3.9885840156627013, 4.969715550210092, 7.607667691217855, 3.9410554220919045, 5.83284603345571, 5.89908755147777], [5.878019594217085, 4.456687679207507, 3.6674884444262394, 2.2821920449427564, 1.4248174935759317, 0.0, 1.446191985871862, 2.4226171695090413, 3.725068537624509, 4.594156246798752, 5.741871689614808, 5.678989095781044, 4.600128500379093, 2.3311757162427718, 2.4294835274189452, 3.5847912045194485, 4.755540707427495, 5.050756257235148, 6.726658916579612, 4.331328444022688, 2.9996898806376633, 3.0199864701683685, 6.365119403436199, 6.06290820811267, 6.559103797013735, 4.6478534163633, 4.234943103513906, 3.8931700566504923, 4.383220373195945, 2.6580258181590337, 2.0748090803734205, 2.0552573050593934, 2.7076990563945618, 2.665037879655747, 4.586986141247866, 6.627583857636205, 3.883156840767573, 5.665307244977981, 5.031535363087494], [6.078561866922143, 4.794248893205275, 3.607858036286905, 2.310721378704062, 2.2837491565406216, 1.446191985871862, 0.0, 1.5389272010072472, 2.4935397390055765, 3.2904012825185927, 4.380925361153737, 4.373485887710168, 3.4269974525814866, 1.4539646350582258, 1.532371792353279, 2.5451631971250883, 3.844272149575261, 4.357784725063872, 6.077601688166148, 3.8726897900554853, 2.5893992739629783, 3.197694003496895, 6.365422001721488, 6.200827149663181, 6.928254962109868, 5.05049298781812, 4.8511760254602185, 3.734787936416203, 4.033586153784248, 2.780988549059489, 3.2281425464189155, 2.705602285998443, 2.1750021701138595, 2.202309056422372, 3.3948673759073418, 5.339911273607456, 2.7521787750798454, 4.699203615507631, 4.749286208473858], [7.164398570710594, 5.84288218262186, 4.694284757021031, 3.312995511617847, 3.506260803191913, 2.4226171695090413, 1.5389272010072472, 0.0, 1.4445750447796055, 2.52045096956874, 3.5873379949483435, 3.467999475201806, 2.430327280429531, 2.4193794927625554, 2.5734504580426645, 3.5675901348108923, 4.770697149264455, 5.1725062300590805, 6.843663455343198, 4.5635619881842295, 3.2851100392528716, 3.459338715708539, 7.314585189195625, 7.430235926940678, 7.992100578070824, 5.863654090241, 6.014908476444176, 5.023389292101498, 4.893353585221489, 3.308656727434866, 4.236239128047424, 4.148716625656662, 1.0977309551980392, 1.0946105837237277, 2.8599836870164133, 4.4588972896894585, 3.743033820312074, 5.616854893087411, 5.311444082356511], [7.823213131444137, 6.656364994499625, 5.335487777139031, 4.18774794131643, 4.666102097039884, 3.725068537624509, 2.4935397390055765, 1.4445750447796055, 0.0, 1.3603159155137459, 2.1835374991055225, 2.0741702389148293, 1.3464034053729956, 2.9687111866936466, 3.0083285059979734, 3.554180250071737, 4.609279304837145, 5.1290416960676, 6.6822468698784245, 4.779151617180606, 3.772208831705901, 4.292314877778656, 7.813258987772004, 8.03236573432759, 8.743698858606693, 6.723069320630273, 6.9836229623312285, 5.569652184831653, 5.2852415167142555, 4.232027438474377, 5.5085539018875, 5.1740594642891375, 2.048376652376218, 2.06469166947513, 2.1577588025541687, 3.1176129426213257, 3.6031055743622056, 5.2998425872850214, 5.570606920255638], [7.6171414776148145, 6.621546161584921, 5.252070015717613, 4.384920205659392, 5.238976362802184, 4.594156246798752, 3.2904012825185927, 2.52045096956874, 1.3603159155137459, 0.0, 1.3130623214455588, 2.0961510656438858, 2.2304722683772598, 3.151910062168653, 3.848824219160963, 3.97991996653199, 5.035971064253646, 5.823138503418925, 7.3063734752611715, 5.746312672488333, 4.8480331517018325, 5.578874038728603, 7.420801079398369, 7.856103167601607, 8.58011618452804, 6.658567451036296, 7.146006847883649, 5.528945176975442, 4.923786618041038, 4.364469538214237, 6.098664576774165, 5.747099189156213, 2.7134216480303976, 3.3408666689947384, 1.0811646590598492, 3.139275038922203, 3.6629970147407986, 5.492588360691159, 6.627999502866608], [8.720561539832168, 7.816280799075734, 6.398259209347493, 5.628483052297484, 6.445457807634769, 5.741871689614808, 4.380925361153737, 3.5873379949483435, 2.1835374991055225, 1.3130623214455588, 0.0, 1.365955156657787, 2.281250749040973, 4.324024141930755, 4.609174803584693, 4.535115636893948, 5.314909641753093, 6.0506686018984706, 7.336672721336287, 6.111631112068202, 5.4479203243072485, 6.260942799610933, 8.463494290185348, 8.890281252018973, 9.718435360694642, 7.899107820507326, 8.360472714506042, 6.5655111065323775, 6.001373654422794, 5.665637334845922, 7.347823948625878, 6.85861558115047, 3.905002604352525, 4.207523093222424, 2.142213308706675, 2.159172704996059, 4.266391499850899, 5.636025800153864, 6.9346934791669055], [9.479104668691026, 8.46106901520133, 7.040073787965579, 6.088721962776754, 6.616912148426938, 5.678989095781044, 4.373485887710168, 3.467999475201806, 2.0741702389148293, 2.0961510656438858, 1.365955156657787, 0.0, 1.3354793633748145, 4.743038761174106, 4.343516573008557, 4.456517637124305, 5.053471967865262, 5.492956134905866, 6.701845895721565, 5.401561864868346, 4.848598643938267, 5.528588307154006, 9.352200485981896, 9.59453608518932, 10.466676684124717, 8.588324447178273, 8.858724624910744, 7.129309883852714, 6.827302678950158, 6.196062322152675, 7.523261927515218, 6.9751493460713805, 4.042176316045603, 3.759339512467582, 3.1563751377173155, 1.0824918475443592, 4.517347405281113, 5.515697624960962, 6.082083291110045], [9.052712038389378, 7.897400919922959, 6.546777415645044, 5.40515005249623, 5.693791549573974, 4.600128500379093, 3.4269974525814866, 2.430327280429531, 1.3464034053729956, 2.2304722683772598, 2.281250749040973, 1.3354793633748145, 0.0, 4.1394496324994705, 3.446300423642721, 3.9392301202138467, 4.657350562283239, 4.918356096298844, 6.2874497421450615, 4.536185987148235, 3.7958975618422577, 4.259508124185232, 9.06651196767533, 9.18344344567984, 9.99042960437638, 8.01938788063029, 8.159319967374731, 6.658594166188536, 6.528669859933186, 5.524960525650839, 6.550943072565965, 6.08125552908279, 3.1815225065996313, 2.5091128472031703, 3.2586973164134165, 2.1128604899519514, 4.22071310681027, 5.352085701854932, 5.1712935296693425], [4.936979887542586, 3.789664946931324, 2.4198150280548307, 1.4328279066238205, 2.304503211106463, 2.3311757162427718, 1.4539646350582258, 2.4193794927625554, 2.9687111866936466, 3.151910062168653, 4.324024141930755, 4.743038761174106, 4.1394496324994705, 0.0, 2.4496875617106766, 2.7482371549777143, 4.1387946941108344, 5.023132786419248, 6.690180164988085, 4.884609058051627, 3.7806511291046148, 4.619908542384795, 5.07639125954649, 5.100805020778583, 5.867902199253154, 4.0817096491543845, 4.1201876692694475, 2.6551754235831573, 2.637357689051677, 2.0421898907790137, 3.2695603465909606, 2.7295375890432427, 2.6035081409513583, 3.385560328808216, 2.825300051321983, 5.76706936753842, 2.3635046287240478, 4.73034415872672, 5.870472063641901], [6.7841341835196625, 5.664641794500337, 4.403133086791722, 3.436708678372376, 3.160666211418093, 2.4294835274189452, 1.532371792353279, 2.5734504580426645, 3.0083285059979734, 3.848824219160963, 4.609174803584693, 4.343516573008557, 3.446300423642721, 2.4496875617106766, 0.0, 1.4133442645017524, 2.4534258069075574, 2.8261821314274846, 4.546076755841239, 2.4475010316647468, 1.4102236808393198, 2.764438476436038, 7.122146157584805, 6.665359513934713, 7.684300283695322, 6.1452160197994665, 5.621069955088622, 4.141294051380559, 4.8573125254609675, 4.161006849309431, 4.170790597716457, 3.044567414264299, 3.5110031315850456, 2.9240602610069444, 4.204961708505798, 5.12206972424234, 2.1807954282784068, 3.4320959907904673, 3.430394493349125], [6.634825382027774, 5.773969834524596, 4.386337765152154, 3.8559783233311884, 3.907576040207023, 3.5847912045194485, 2.5451631971250883, 3.5675901348108923, 3.554180250071737, 3.97991996653199, 4.535115636893948, 4.456517637124305, 3.9392301202138467, 2.7482371549777143, 1.4133442645017524, 0.0, 1.3972300526398649, 2.409042799536779, 3.9930553239342927, 2.780889679580979, 2.4109666235765275, 4.041185536448432, 6.871933404799554, 6.355702656669835, 7.622694133966022, 6.405563541172627, 5.8597260183390825, 3.873882425939125, 4.671678732532879, 4.7185619218147385, 4.986706859240876, 3.5703980800465374, 4.4330349806876095, 4.124357930635992, 4.266501238720083, 5.148088205343805, 1.0896079432529848, 2.1542214045914596, 3.868174133877636], [7.630981373978055, 6.905164595431451, 5.571191126680183, 5.182563768059203, 5.08583260931777, 4.755540707427495, 3.844272149575261, 4.770697149264455, 4.609279304837145, 5.035971064253646, 5.314909641753093, 5.053471967865262, 4.657350562283239, 4.1387946941108344, 2.4534258069075574, 1.3972300526398649, 0.0, 1.3883800164220168, 2.6948891034697513, 2.408723547856831, 2.792374401830815, 4.519058058932194, 7.896577011591794, 7.195109448785335, 8.611308519615356, 7.632787974259471, 6.916577681917554, 4.889340840031506, 5.863421265779904, 6.090421078217827, 6.127355036228927, 4.557423202863654, 5.719923097385138, 5.161229029988884, 5.446113515159228, 5.5059944614937635, 2.1344988381350785, 1.0872233901089512, 3.391581025126777], [8.641073422902966, 7.809435386761325, 6.56742165693661, 5.994336939145146, 5.593944756609597, 5.050756257235148, 4.357784725063872, 5.1725062300590805, 5.1290416960676, 5.823138503418925, 6.0506686018984706, 5.492956134905866, 4.918356096298844, 5.023132786419248, 2.8261821314274846, 2.409042799536779, 1.3883800164220168, 0.0, 1.719899587185252, 1.3897497400611376, 2.418830401247677, 3.9696413956426846, 9.01281738248368, 8.205919576135267, 9.56121046154722, 8.514486235234632, 7.668031950898483, 5.918777247033376, 6.990439099942149, 6.868188250186508, 6.55055492382134, 5.036861421560057, 6.212622482494812, 5.278234145052681, 6.379606546645333, 5.810780644629428, 3.3809410613023116, 2.155053839234649, 2.1478510888793014], [9.994982231600014, 9.293784248087535, 8.08653196679516, 7.643544458561093, 7.214971679085095, 6.726658916579612, 6.077601688166148, 6.843663455343198, 6.6822468698784245, 7.3063734752611715, 7.336672721336287, 6.701845895721565, 6.2874497421450615, 6.690180164988085, 4.546076755841239, 3.9930553239342927, 2.6948891034697513, 1.719899587185252, 0.0, 2.6970566048935645, 4.001719300500724, 5.338735073029941, 10.373317771089441, 9.43807937983147, 10.90443487485711, 10.07152158017844, 9.118273829514006, 7.329652467204704, 8.489294779897799, 8.55322425463053, 8.138070244228665, 6.554669533241169, 7.90020169869099, 6.887415583511714, 7.909407832448647, 6.798243697455983, 4.8293566745478635, 2.8516428352793413, 2.840337735199813], [8.777535413770769, 7.752868879324607, 6.599386312377841, 5.7572299849840975, 5.123517688073303, 4.331328444022688, 3.8726897900554853, 4.5635619881842295, 4.779151617180606, 5.746312672488333, 6.111631112068202, 5.401561864868346, 4.536185987148235, 4.884609058051627, 2.4475010316647468, 2.780889679580979, 2.408723547856831, 1.3897497400611376, 2.6970566048935645, 0.0, 1.4013437729550877, 2.660029340063752, 9.22636896780093, 8.464975890692187, 9.63343816661528, 8.347933706612674, 7.510793490703896, 6.11221953139774, 7.136037503404814, 6.525233781252592, 5.9792361226163315, 4.696127726116486, 5.616533707724009, 4.4229144181184425, 6.354781754710386, 5.781562963420878, 3.8698017959580304, 3.397113649850414, 1.0872995631379605], [7.927887212240094, 6.765622700831019, 5.63628293203952, 4.60012361681727, 3.9572726934089344, 2.9996898806376633, 2.5893992739629783, 3.2851100392528716, 3.772208831705901, 4.8480331517018325, 5.4479203243072485, 4.848598643938267, 3.7958975618422577, 3.7806511291046148, 1.4102236808393198, 2.4109666235765275, 2.792374401830815, 2.418830401247677, 4.001719300500724, 1.4013437729550877, 0.0, 1.7299502247174627, 8.367206301986343, 7.765856394500223, 8.761714803621492, 7.2428540686665785, 6.551265431197243, 5.337098032639085, 6.1953129138083085, 5.267462572244819, 4.8034919568996886, 3.74793967534164, 4.297587797823332, 3.1508588194332035, 5.3785731174727, 5.442924619173041, 3.4114921793842643, 3.8795319021758283, 2.1621371209985734], [8.677810430632833, 7.3493260500538415, 6.434569462675806, 5.16267947581486, 4.254123492565772, 3.0199864701683685, 3.197694003496895, 3.459338715708539, 4.292314877778656, 5.578874038728603, 6.260942799610933, 5.528588307154006, 4.259508124185232, 4.619908542384795, 2.764438476436038, 4.041185536448432, 4.519058058932194, 3.9696413956426846, 5.338735073029941, 2.660029340063752, 1.7299502247174627, 0.0, 9.193190335242711, 8.65921034159582, 9.388595504120945, 7.648584021895818, 7.009331523761734, 6.347282754848723, 7.085518849032864, 5.584974314175492, 4.795904423568094, 4.296054937963433, 4.302422863922141, 2.8268879815089956, 6.123955419498088, 6.109230094700968, 4.9391823584476, 5.606064079191389, 2.772159120613389], [1.0946262969616618, 2.1689872037427977, 2.780474468503532, 4.187039540056912, 5.125499588332829, 6.365119403436199, 6.365422001721488, 7.314585189195625, 7.813258987772004, 7.420801079398369, 8.463494290185348, 9.352200485981896, 9.06651196767533, 5.07639125954649, 7.122146157584805, 6.871933404799554, 7.896577011591794, 9.01281738248368, 10.373317771089441, 9.22636896780093, 8.367206301986343, 9.193190335242711, 0.0, 1.7747543999100268, 1.7717721693265194, 2.5018903972796247, 3.0622125873296255, 3.1289539545988845, 2.5414226606371475, 4.381035677782138, 5.230891046466175, 5.211323483530839, 6.994713613865832, 8.250143338148739, 6.52939861089825, 10.351400640010027, 6.075790268763398, 7.968843724154715, 10.20821799581102], [1.094643654346016, 2.1686882786606287, 2.779235760060668, 4.211961211834695, 4.716192927563503, 6.06290