{"total energy": -23.94909565, "HOMO-LUMO gap/eV": 4.91592871, "electronic energy": -24.20644814, "dipole": [-0.41056712, -0.25307385, -0.86946233], "partial charges": [-0.1073254, -0.05996268, 0.07989564, -0.27326969, 0.35593699, -0.40847846, -0.14326062, 0.04043099, 0.04043859, 0.04534046, 0.04829823, 0.04829009, 0.05093716, 0.05093792, 0.07863902, 0.07863984, 0.07451191], "atomic dipole moments": [[0.10606029, -0.00855945, -0.05346205], [0.01537536, 0.037305, 0.13712993], [0.16992296, -0.03665708, -0.1719764], [-0.02634196, 0.05653884, 0.21789901], [-0.15213925, -0.02142269, -0.05014177], [-0.00371797, -0.04618251, -0.17291192], [-0.09576453, 0.00757143, 0.04769772], [-0.00858876, -0.08113664, 0.0972253], [-0.01914318, 0.117327, 0.04443838], [-0.09449274, -0.02606972, -0.07902669], [0.00094721, 0.07369654, -0.1011482], [0.01094308, -0.11361802, -0.05133104], [0.00334264, -0.08488429, 0.09575176], [-0.00765637, 0.12101653, 0.04100435], [-0.0028265, 0.09280259, -0.10026556], [0.00907781, -0.13004521, -0.04100604], [0.1060704, 0.02483944, 0.07211947]], "atomic quadrupole moments": [[0.16935877, -0.02454793, -0.12998217, -0.15282404, 0.01678459, -0.0393766], [0.24736774, 0.03766287, -0.23214753, 0.0415821, 0.06505622, -0.01522021], [0.41329475, -0.00555193, -0.38672949, -0.18633992, 0.09228169, -0.02656526], [0.07406702, -0.00459326, -0.07345514, -0.04778793, 0.01802557, -0.00061188], [-0.11053492, -0.00191589, 0.42690476, 0.11156401, -0.20633158, -0.31636984], [-0.11270551, -0.01555264, 0.18879302, 0.00619101, -0.0756717, -0.07608751], [0.12093158, -0.02758361, -0.15162968, -0.16044254, 0.04253211, 0.0306981], [-0.03366898, -0.01170357, 0.00908572, -0.00356131, -0.06207242, 0.02458326], [-0.03500171, -0.00074458, 0.06720022, -0.0126109, 0.0369514, -0.03219851], [0.02676711, 0.01803538, -0.04744647, 0.05154164, 0.02271959, 0.02067937], [-0.0216595, 0.00298221, 0.01599166, -0.00054567, -0.0472227, 0.00566784], [-0.02039675, -0.00979223, 0.05288795, -0.00124028, 0.01962419, -0.03249119], [-0.00313232, -0.00267741, -0.00067242, -0.00351684, -0.03577585, 0.00380473], [-0.00326306, -0.00232316, 0.03111262, -0.00700217, 0.01950462, -0.02784955], [-0.02881378, -0.00559895, -0.00558991, 0.01219707, -0.06401209, 0.03440369], [-0.02994912, 0.00330939, 0.06089211, 0.00281113, 0.04998777, -0.03094299], [0.04877952, 0.01913169, -0.04785937, 0.05144921, 0.01668261, -0.00092015]], "number of molecular orbitals": 38, "number of electrons": 42, "number of unpaired electrons": 0, "orbital energies/eV": [-20.08675577, -19.34219202, -18.32466587, -17.25172031, -16.78668784, -16.45685453, -15.87768463, -15.69973386, -15.27306206, -14.98216128, -14.45595851, -13.74397688, -13.57504302, -13.27567823, -13.136182, -13.07540425, -12.83949206, -12.31213044, -12.29747712, -11.82995315, -11.37001728, -6.45408857, -0.04169133, 2.51486517, 3.14381417, 3.35083595, 3.56923106, 3.78249513, 4.12075865, 4.29236861, 4.54800955, 5.55722953, 5.77808831, 5.80739962, 6.55988204, 6.83309576, 7.56445993, 16.12888567], "fractional occupation": [2.0, 2.0, 2.0, 2.0, 2.0, 2.0, 2.0, 2.0, 2.0, 2.0, 2.0, 2.0, 2.0, 2.0, 2.0, 2.0, 2.0, 2.0, 2.0, 2.0, 2.0, 0.0, 0.0, 0.0, 0.0, 0.0, 0.0, 0.0, 0.0, 0.0, 0.0, 0.0, 0.0, 0.0, 0.0, 0.0, 0.0, 0.0], "program call": "xtb /home/svss/Project-DBcg-Debug/aqme2_20220329/End-to-End-workflows-final/example-3/QDESCP/mol_156_rdkit_conf_1/mol_156_rdkit_conf_1.xyz --pop --wbo --acc 0.2 --gfn 2 --chrg 0 --uhf 0 --etemp 300 --input /home/svss/Project-DBcg-Debug/aqme2_20220329/End-to-End-workflows-final/example-3/QDESCP/mol_156_rdkit_conf_1/mol_156_rdkit_conf_1_xtb.inp", "method": "GFN2-xTB", "xtb version": "6.3.3 (7355c4f)", "Dipole module/D": 2.527, "Total charge": 0, "Transition dipole module/D": NaN, "HOMO": -11.37, "LUMO": -6.4541, "HOMO occupancy": 2.0, "LUMO occupancy": 0, "mulliken charges": [-0.08774, -0.05122, 0.19881, -0.42395, 0.58006, -0.52923, -0.11823, 0.03108, 0.03109, 0.03597, 0.03631, 0.0363, 0.03894, 0.03894, 0.06249, 0.06249, 0.0579], "cm5 charges": [-0.23775, -0.16007, 0.11817, -0.50714, 0.62744, -0.5776, -0.25643, 0.08245, 0.08246, 0.08679, 0.09297, 0.09296, 0.10435, 0.10435, 0.11718, 0.11718, 0.11269], "FUKUI+": [0.014, 0.004, 0.029, -0.125, -0.191, -0.285, 0.052, -0.016, -0.016, -0.032, -0.023, -0.023, -0.039, -0.039, -0.112, -0.112, -0.084], "FUKUI-": [0.021, 0.004, 0.021, -0.067, -0.02, -0.167, -0.001, -0.091, -0.09, -0.067, -0.107, -0.107, -0.072, -0.072, -0.066, -0.066, -0.054], "FUKUIrad": [0.017, 0.004, 0.025, -0.096, -0.106, -0.226, 0.026, -0.053, -0.053, -0.049, -0.065, -0.065, -0.055, -0.055, -0.089, -0.089, -0.069], "s proportion": [1.008, 1.03, 0.999, 1.7, 0.985, 1.731, 1.018, 0.969, 0.969, 0.964, 0.964, 0.964, 0.961, 0.961, 0.938, 0.938, 0.942], "p proportion": [3.08, 3.021, 2.802, 4.724, 2.435, 4.799, 3.1, 0.0, 0.0, 0.0, 0.0, 0.0, 0.0, 0.0, 0.0, 0.0, 0.0], "d proportion": [0.0, 0.0, 0.0, 0.0, 0.0, 0.0, 0.0, 0.0, 0.0, 0.0, 0.0, 0.0, 0.0, 0.0, 0.0, 0.0, 0.0], "Fermi-level/eV": -8.9121, "Coordination numbers": [3.75, 3.799, 3.705, 1.703, 2.718, 0.856, 3.751, 0.924, 0.924, 0.924, 0.924, 0.924, 0.924, 0.924, 0.924, 0.924, 0.924], "Dispersion coefficient C6": [22.615, 21.656, 19.39, 18.533, 20.958, 21.852, 23.325, 2.443, 2.443, 2.379, 2.341, 2.342, 2.308, 2.308, 1.993, 1.993, 2.037], "Total dispersion C6": 2217.662032, "Total dispersion C8": 47047.131707, "Polarizability alpha": [6.782, 6.626, 6.295, 5.812, 7.494, 6.267, 6.887, 2.444, 2.444, 2.412, 2.393, 2.393, 2.376, 2.376, 2.208, 2.208, 2.232], "Total polarizability alpha": 69.650128, "Wiberg matrix": [[0.0, 1.0199286492023576, 0.0, 0.0, 0.0, 0.0, 0.0, 0.9869045995802477, 0.9869054814362807, 0.9862473303726349, 0.0, 0.0, 0.0, 0.0, 0.0, 0.0, 0.0], [1.0199286492023576, 0.0, 1.0054562208105156, 0.0, 0.0, 0.0, 0.0, 0.0, 0.0, 0.0, 0.9760494070209107, 0.9760502940105994, 0.0, 0.0, 0.0, 0.0, 0.0], [0.0, 1.0054562208105156, 0.0, 0.9403554547899371, 0.0, 0.0, 0.0, 0.0, 0.0, 0.0, 0.0, 0.0, 0.9692540468693693, 0.9692539576732806, 0.0, 0.0, 0.0], [0.0, 0.0, 0.9403554547899371, 0.0, 1.1210643412444987, 0.17139736494085667, 0.0, 0.0, 0.0, 0.0, 0.0, 0.0, 0.0, 0.0, 0.0, 0.0, 0.0], [0.0, 0.0, 0.0, 1.1210643412444987, 0.0, 1.7566717639192408, 0.9959199718032634, 0.0, 0.0, 0.0, 0.0, 0.0, 0.0, 0.0, 0.0, 0.0, 0.0], [0.0, 0.0, 0.0, 0.17139736494085667, 1.7566717639192408, 0.0, 0.0, 0.0, 0.0, 0.0, 0.0, 0.0, 0.0, 0.0, 0.0, 0.0, 0.0], [0.0, 0.0, 0.0, 0.0, 0.9959199718032634, 0.0, 0.0, 0.0, 0.0, 0.0, 0.0, 0.0, 0.0, 0.0, 0.9628444549388154, 0.9628419444008862, 0.9824506422701804], [0.9869045995802477, 0.0, 0.0, 0.0, 0.0, 0.0, 0.0, 0.0, 0.0, 0.0, 0.0, 0.0, 0.0, 0.0, 0.0, 0.0, 0.0], [0.9869054814362807, 0.0, 0.0, 0.0, 0.0, 0.0, 0.0, 0.0, 0.0, 0.0, 0.0, 0.0, 0.0, 0.0, 0.0, 0.0, 0.0], [0.9862473303726349, 0.0, 0.0, 0.0, 0.0, 0.0, 0.0, 0.0, 0.0, 0.0, 0.0, 0.0, 0.0, 0.0, 0.0, 0.0, 0.0], [0.0, 0.9760494070209107, 0.0, 0.0, 0.0, 0.0, 0.0, 0.0, 0.0, 0.0, 0.0, 0.0, 0.0, 0.0, 0.0, 0.0, 0.0], [0.0, 0.9760502940105994, 0.0, 0.0, 0.0, 0.0, 0.0, 0.0, 0.0, 0.0, 0.0, 0.0, 0.0, 0.0, 0.0, 0.0, 0.0], [0.0, 0.0, 0.9692540468693693, 0.0, 0.0, 0.0, 0.0, 0.0, 0.0, 0.0, 0.0, 0.0, 0.0, 0.0, 0.0, 0.0, 0.0], [0.0, 0.0, 0.9692539576732806, 0.0, 0.0, 0.0, 0.0, 0.0, 0.0, 0.0, 0.0, 0.0, 0.0, 0.0, 0.0, 0.0, 0.0], [0.0, 0.0, 0.0, 0.0, 0.0, 0.0, 0.9628444549388154, 0.0, 0.0, 0.0, 0.0, 0.0, 0.0, 0.0, 0.0, 0.0, 0.0], [0.0, 0.0, 0.0, 0.0, 0.0, 0.0, 0.9628419444008862, 0.0, 0.0, 0.0, 0.0, 0.0, 0.0, 0.0, 0.0, 0.0, 0.0], [0.0, 0.0, 0.0, 0.0, 0.0, 0.0, 0.9824506422701804, 0.0, 0.0, 0.0, 0.0, 0.0, 0.0, 0.0, 0.0, 0.0, 0.0]], "Born radii": [], "Atomic SASAs": [], "Solvent H bonds": [], "Total SASA": NaN, "Total FOD": 0.0, "FOD": [0.0, 0.0, 0.0, 0.0, 0.0, 0.0, 0.0, 0.0, 0.0, 0.0, 0.0, 0.0, 0.0, 0.0, 0.0, 0.0, 0.0], "FOD s proportion": [0.0, 0.0, 0.0, 0.0, 0.0, 0.0, 0.0, 0.0, 0.0, 0.0, 0.0, 0.0, 0.0, 0.0, 0.0, 0.0, 0.0], "FOD p proportion": [0.0, 0.0, 0.0, 0.0, 0.0, 0.0, 0.0, 0.0, 0.0, 0.0, 0.0, 0.0, 0.0, 0.0, 0.0, 0.0, 0.0], "FOD d proportion": [0.0, 0.0, 0.0, 0.0, 0.0, 0.0, 0.0, 0.0, 0.0, 0.0, 0.0, 0.0, 0.0, 0.0, 0.0, 0.0, 0.0], "coordinates": [["-2.88860", "-0.09770", "0.34340"], ["-1.55680", "-0.21770", "-0.37520"], ["-0.38440", "0.09040", "0.54810"], ["0.82540", "-0.04650", "-0.20940"], ["1.95900", "0.20300", "0.50130"], ["2.00320", "0.51920", "1.68160"], ["3.16110", "0.03370", "-0.37630"], ["-2.94510", "-0.79650", "1.18410"], ["-3.03640", "0.91620", "0.72860"], ["-3.71130", "-0.32390", "-0.34200"], ["-1.53540", "0.46170", "-1.23570"], ["-1.44520", "-1.22820", "-0.78630"], ["-0.37120", "-0.61360", "1.38840"], ["-0.46350", "1.11550", "0.92860"], ["3.11560", "0.74140", "-1.20780"], ["3.20820", "-0.99350", "-0.74640"], ["4.06540", "0.23650", "0.20480"]], "bond_dist": [[0.0, 1.5180504602943867, 2.5195835647979608, 3.7552636764946348, 4.859483373775447, 5.108918876827073, 6.0937758524579815, 1.094664414329798, 1.0946310291600545, 1.0944290246516675, 2.1535169862343784, 2.1535217435633194, 2.7740729208151684, 2.77406259662611, 6.257853297257775, 6.257882383043006, 6.963405459974308], [1.5180504602943867, 0.0, 1.523788128317057, 2.3940918779361833, 3.6477514142276743, 4.176966345327671, 4.724593483041689, 2.1665185944274747, 2.1664071200953896, 2.1573713009122932, 1.0965867817915735, 1.096616623984882, 2.161635753312755, 2.1616247523564307, 4.841943548824171, 4.841991334151684, 5.670258413864398], [2.5195835647979608, 1.523788128317057, 0.0, 1.433933017961439, 2.346570382494418, 2.677559607179642, 3.664464558431422, 2.7835718241137593, 2.7834564645418833, 3.468744169004108, 2.1551350607328534, 2.155139429364142, 1.0963094134412967, 1.0962969807492857, 3.969506998356345, 3.9695521435043526, 4.465413770301696], [3.7552636764946348, 2.3940918779361833, 1.433933017961439, 0.0, 1.3610267080406615, 2.2985017576673723, 2.343028412119665, 4.089133465662377, 4.0890261102125525, 4.5471068175269425, 2.623916075258506, 2.623900314417451, 2.075191270702535, 2.07522317113124, 2.619657422259636, 2.6197163663267062, 3.2786049838307756], [4.859483373775447, 3.6477514142276743, 2.346570382494418, 1.3610267080406615, 0.0, 1.2227199883865478, 1.4979615015079657, 5.0512783431523545, 5.051172209497514, 5.756829039497352, 3.910872799005358, 3.910859859417108, 2.623664233471959, 2.623689728226263, 2.1327496172781273, 2.1328075815694207, 2.127429307873707], [5.108918876827073, 4.176966345327671, 2.677559607179642, 2.2985017576673723, 1.2227199883865478, 0.0, 2.4106835275498106, 5.144341126908285, 5.14425759075107, 6.120562459447661, 4.5864621986886585, 4.586436495799326, 2.647069594853902, 2.6471100430469456, 3.1041003463161436, 3.1041053928628135, 2.5521611175629175], [6.0937758524579815, 4.724593483041689, 3.664464558431422, 2.343028412119665, 1.4979615015079657, 2.4106835275498106, 0.0, 6.356867045959039, 6.356777210977273, 6.881782909246701, 4.7936275001297295, 4.793588561818797, 4.001288126341316, 4.0013473243396405, 1.0928411549717552, 1.0928550956096605, 1.0938754682321024], [1.094664414329798, 2.1665185944274747, 2.7835718241137593, 4.089133465662377, 5.0512783431523545, 5.144341126908285, 6.356867045959039, 0.0, 1.7745864954969084, 1.7718336293230244, 3.0701389821960827, 2.5136708336614, 2.588465203552097, 3.1431453688940323, 6.69465507027808, 6.452033798733543, 7.153546514841433], [1.0946310291600545, 2.1664071200953896, 2.7834564645418833, 4.0890261102125525, 5.051172209497514, 5.14425759075107, 6.356777210977273, 1.7745864954969084, 0.0, 1.7718697412620374, 2.5135723064992583, 3.070063649177326, 3.1430741512092903, 2.5883459776467284, 6.451922504184315, 6.694595450809556, 7.1534552329626], [1.0944290246516675, 2.1573713009122932, 3.468744169004108, 4.5471068175269425, 5.756829039497352, 6.120562459447661, 6.881782909246701, 1.7718336293230244, 1.7718697412620374, 0.0, 2.480001584676913, 2.479993989912072, 3.7728607527975373, 3.772863840638832, 6.963550627373941, 6.963575501852478, 7.816015691514443], [2.1535169862343784, 1.0965867817915735, 2.1551350607328534, 2.623916075258506, 3.910872799005358, 4.5864621986886585, 4.7936275001297295, 3.0701389821960827, 2.5135723064992583, 2.480001584676913, 0.0, 1.7509592827932923, 3.065539518583964, 2.5021228067383103, 4.659486184119446, 4.985856244417803, 5.78746195927023], [2.1535217435633194, 1.096616623984882, 2.155139429364142, 2.623900314417451, 3.910859859417108, 4.586436495799326, 4.793588561818797, 2.5136708336614, 3.070063649177326, 2.479993989912072, 1.7509592827932923, 0.0, 2.502104963825459, 3.065541810186252, 4.9857680501603765, 4.659485772056827, 5.78742927904955], [2.7740729208151684, 2.161635753312755, 1.0963094134412967, 2.075191270702535, 2.623664233471959, 2.647069594853902, 4.001288126341316, 2.588465203552097, 3.1430741512092903, 3.7728607527975373, 3.065539518583964, 2.502104963825459, 0.0, 1.7915697418744267, 4.553466117146366, 4.184949152618225, 4.66979641205053], [2.77406259662611, 2.1616247523564307, 1.0962969807492857, 2.07522317113124, 2.623689728226263, 2.6471100430469456, 4.0013473243396405, 3.1431453688940323, 2.5883459776467284, 3.772863840638832, 2.5021228067383103, 3.065541810186252, 1.7915697418744267, 0.0, 4.184986568676177, 4.553557608068663, 4.66984610560134], [6.257853297257775, 4.841943548824171, 3.969506998356345, 2.619657422259636, 2.1327496172781273, 3.1041003463161436, 1.0928411549717552, 6.69465507027808, 6.451922504184315, 6.963550627373941, 4.659486184119446, 4.9857680501603765, 4.553466117146366, 4.184986568676177, 0.0, 1.7975935942253467, 1.7755232496365685], [6.257882383043006, 4.841991334151684, 3.9695521435043526, 2.6197163663267062, 2.1328075815694207, 3.1041053928628135, 1.0928550956096605, 6.452033798733543, 6.694595450809556, 6.963575501852478, 4.985856244417803, 4.659485772056827, 4.184949152618225, 4.553557608068663, 1.7975935942253467, 0.0, 1.7755205659186266], [6.963405459974308, 5.670258413864398, 4.465413770301696, 3.2786049838307756, 2.127429307873707, 2.5521611175629175, 1.0938754682321024, 7.153546514841433, 7.1534552329626, 7.816015691514443, 5.78746195927023, 5.78742927904955, 4.66979641205053, 4.66984610560134, 1.7755232496365685, 1.7755205659186266, 0.0]]}