{"total energy": -24.04758775, "HOMO-LUMO gap/eV": 11.79764321, "electronic energy": -24.34742496, "dipole": [-0.40631135, 0.09048519, -0.57666118], "partial charges": [-0.10049768, -0.05236334, -0.06034304, -0.06167312, -0.06255514, 0.0866768, -0.44864228, 0.03218053, 0.03339298, 0.03223675, 0.02872207, 0.029714, 0.02910621, 0.03439939, 0.03032437, 0.03530962, 0.04668037, 0.04737156, 0.01745016, 0.01906959, 0.28344019], "atomic dipole moments": [[0.06643951, -0.07611042, 0.01737401], [0.03421555, 0.10495005, -0.01814321], [-0.02498559, -0.10855469, 0.0150926], [0.03934397, 0.10574432, -0.01250905], [-0.05963554, 0.01620454, -0.11928663], [0.17238843, 0.01371208, 0.09351613], [-0.18733962, 0.00081964, -0.15309816], [0.01970285, 0.05288351, -0.11245521], [0.0082293, 0.08981842, 0.08799182], [-0.1168824, -0.04358488, 0.00125497], [-0.01826247, -0.08722299, -0.08558042], [-0.0296315, -0.05154551, 0.10824528], [0.02419297, 0.05355783, -0.1098427], [0.01451098, 0.08948034, 0.08550971], [-0.0112349, -0.0878609, -0.08708562], [-0.0286926, -0.05757554, 0.10393581], [0.0171117, 0.08111431, 0.09520934], [0.06889085, -0.09506748, 0.04084948], [0.00095595, -0.076705, -0.08948703], [-0.0443805, 0.10510962, -0.03120057], [0.0152107, 0.02684411, -0.07239117]], "atomic quadrupole moments": [[0.03986371, -0.16499039, 0.07795722, 0.03971114, -0.04831702, -0.11782093], [0.20784445, -0.0619256, 0.01726141, 0.03706591, -0.05143951, -0.22510587], [0.21000551, -0.05030939, 0.02192656, 0.03156792, -0.05388632, -0.23193207], [0.21483319, -0.04549465, 0.00022278, 0.05779406, -0.03803543, -0.21505597], [0.11999353, 0.14021828, -0.15336862, -0.08277847, -0.11200385, 0.03337509], [0.3989429, 0.18444544, -0.29630728, 0.0263803, -0.07711109, -0.10263562], [0.16187062, 0.05915634, -0.10908499, 0.04687945, -0.01285823, -0.05278563], [-0.03416108, -0.00056627, -0.02167107, -0.03187869, -0.04077053, 0.05583215], [-0.04024838, 0.00337759, 0.01539376, 0.02218139, 0.05734695, 0.02485462], [0.06526678, 0.04021034, -0.01146809, -0.00053273, -0.00572693, -0.05379869], [-0.01888507, -0.00238534, 0.00131919, 0.00689818, 0.04646537, 0.01756588], [-0.01651241, -0.00099034, -0.02774087, -0.01221526, -0.02993368, 0.04425328], [-0.01475337, 0.00234104, -0.02772156, -0.01790532, -0.02720545, 0.04247493], [-0.02105168, 0.00192412, 0.00022962, 0.00868801, 0.04563913, 0.02082206], [-0.02068204, -0.00660566, -0.00513075, 0.00998502, 0.04561725, 0.02581279], [-0.00750395, 0.00023029, -0.03108081, -0.01997444, -0.03439701, 0.03858476], [-0.03259983, 0.00493837, 0.02698437, -0.00988881, 0.04348737, 0.00561546], [0.00169912, -0.0387868, 0.0327937, -0.0018078, -0.01706225, -0.03449281], [-0.00566594, 0.01751919, 0.00610403, 0.00178321, 0.04077127, -0.00043809], [0.0198757, -0.02662805, 0.01823254, 0.00236042, -0.01375522, -0.03810823], [-0.01856646, 0.03689539, -0.06158224, -0.05594501, -0.06932756, 0.0801487]], "number of molecular orbitals": 42, "number of electrons": 44, "number of unpaired electrons": 0, "orbital energies/eV": [-18.58081075, -17.13727724, -16.87565886, -16.47016081, -15.90326723, -15.49078294, -15.15926994, -14.97433664, -14.41248269, -14.19168187, -13.79165047, -13.4773128, -13.13185586, -13.03742117, -12.65454673, -12.37788299, -12.19908216, -11.78863665, -11.72704627, -11.56970023, -11.46253346, -11.02185986, 0.77578334, 1.99615239, 2.84606209, 3.01493015, 3.19927949, 3.49933629, 3.69819976, 4.08543679, 4.41297325, 4.56986788, 4.71806191, 4.95470846, 5.38162891, 6.02291261, 6.31445452, 6.90239151, 7.17103791, 7.27057606, 7.84099022, 8.32361117], "fractional occupation": [2.0, 2.0, 2.0, 2.0, 2.0, 2.0, 2.0, 2.0, 2.0, 2.0, 2.0, 2.0, 2.0, 2.0, 2.0, 2.0, 2.0, 2.0, 2.0, 2.0, 2.0, 2.0, 0.0, 0.0, 0.0, 0.0, 0.0, 0.0, 0.0, 0.0, 0.0, 0.0, 0.0, 0.0, 0.0, 0.0, 0.0, 0.0, 0.0, 0.0, 0.0, 0.0], "program call": "xtb /home/svss/Project-DBcg-Debug/aqme2_20220329/End-to-End-workflows-final/example-3/QDESCP/mol_153_rdkit_conf_3/mol_153_rdkit_conf_3.xyz --pop --wbo --acc 0.2 --gfn 2 --chrg 0 --uhf 0 --etemp 300 --input /home/svss/Project-DBcg-Debug/aqme2_20220329/End-to-End-workflows-final/example-3/QDESCP/mol_153_rdkit_conf_3/mol_153_rdkit_conf_3_xtb.inp", "method": "GFN2-xTB", "xtb version": "6.3.3 (7355c4f)", "Dipole module/D": 1.808, "Total charge": 0, "Transition dipole module/D": NaN, "HOMO": -11.0219, "LUMO": 0.7758, "HOMO occupancy": 2.0, "LUMO occupancy": 0, "mulliken charges": [-0.08353, -0.03813, -0.04955, -0.05154, -0.05385, 0.19839, -0.56976, 0.02639, 0.02744, 0.02874, 0.02185, 0.02295, 0.01983, 0.02515, 0.022, 0.02782, 0.03606, 0.03916, 0.00767, 0.00814, 0.33476], "cm5 charges": [-0.23389, -0.15071, -0.16025, -0.16177, -0.1609, 0.11105, -0.78385, 0.07769, 0.07873, 0.07952, 0.07656, 0.07765, 0.07583, 0.08063, 0.07729, 0.08277, 0.09303, 0.09614, 0.0703, 0.07132, 0.50287], "FUKUI+": [0.007, -0.015, -0.005, -0.027, -0.016, -0.013, -0.122, -0.033, -0.035, -0.061, -0.039, -0.04, -0.034, -0.045, -0.056, -0.065, -0.063, -0.063, -0.077, -0.07, -0.127], "FUKUI-": [0.02, 0.008, 0.01, 0.016, 0.013, 0.02, -0.115, -0.063, -0.068, -0.052, -0.084, -0.092, -0.066, -0.06, -0.04, -0.055, -0.062, -0.082, -0.094, -0.099, -0.055], "FUKUIrad": [0.013, -0.003, 0.003, -0.005, -0.001, 0.003, -0.119, -0.048, -0.051, -0.057, -0.062, -0.066, -0.05, -0.052, -0.048, -0.06, -0.062, -0.073, -0.086, -0.085, -0.091], "s proportion": [1.007, 1.027, 1.032, 1.033, 1.033, 0.991, 1.695, 0.974, 0.973, 0.971, 0.978, 0.977, 0.98, 0.975, 0.978, 0.972, 0.964, 0.961, 0.992, 0.992, 0.665], "p proportion": [3.076, 3.011, 3.017, 3.019, 3.021, 2.811, 4.875, 0.0, 0.0, 0.0, 0.0, 0.0, 0.0, 0.0, 0.0, 0.0, 0.0, 0.0, 0.0, 0.0, 0.0], "d proportion": [0.0, 0.0, 0.0, 0.0, 0.0, 0.0, 0.0, 0.0, 0.0, 0.0, 0.0, 0.0, 0.0, 0.0, 0.0, 0.0, 0.0, 0.0, 0.0, 0.0, 0.0], "Fermi-level/eV": -5.123, "Coordination numbers": [3.75, 3.8, 3.801, 3.801, 3.799, 3.674, 1.653, 0.924, 0.924, 0.924, 0.924, 0.924, 0.924, 0.924, 0.924, 0.924, 0.924, 0.924, 0.924, 0.924, 0.804], "Dispersion coefficient C6": [22.483, 21.515, 21.66, 21.685, 21.703, 19.363, 21.817, 2.556, 2.539, 2.555, 2.605, 2.591, 2.599, 2.525, 2.582, 2.512, 2.362, 2.353, 2.772, 2.748, 0.773], "Total dispersion C6": 2914.832753, "Total dispersion C8": 60098.745419, "Polarizability alpha": [6.762, 6.604, 6.626, 6.63, 6.633, 6.306, 6.305, 2.5, 2.492, 2.5, 2.524, 2.517, 2.521, 2.485, 2.513, 2.479, 2.403, 2.399, 2.604, 2.592, 1.381], "Total polarizability alpha": 79.777031, "Wiberg matrix": [[0.0, 1.020227203745671, 0.0, 0.0, 0.0, 0.0, 0.0, 0.9876858303550607, 0.9876417909418317, 0.9873153366371957, 0.0, 0.0, 0.0, 0.0, 0.0, 0.0, 0.0, 0.0, 0.0, 0.0, 0.0], [1.020227203745671, 0.0, 1.007495605018737, 0.0, 0.0, 0.0, 0.0, 0.0, 0.0, 0.0, 0.97814653782564, 0.9778937948105214, 0.0, 0.0, 0.0, 0.0, 0.0, 0.0, 0.0, 0.0, 0.0], [0.0, 1.007495605018737, 0.0, 1.007817204502219, 0.0, 0.0, 0.0, 0.0, 0.0, 0.0, 0.0, 0.0, 0.9759761076714693, 0.9768314069427824, 0.0, 0.0, 0.0, 0.0, 0.0, 0.0, 0.0], [0.0, 0.0, 1.007817204502219, 0.0, 1.0065276719787335, 0.0, 0.0, 0.0, 0.0, 0.0, 0.0, 0.0, 0.0, 0.0, 0.9770791479189046, 0.9766566845028475, 0.0, 0.0, 0.0, 0.0, 0.0], [0.0, 0.0, 0.0, 1.0065276719787335, 0.0, 1.0071910000447137, 0.0, 0.0, 0.0, 0.0, 0.0, 0.0, 0.0, 0.0, 0.0, 0.0, 0.9752802150930189, 0.9746255270970515, 0.0, 0.0, 0.0], [0.0, 0.0, 0.0, 0.0, 1.0071910000447137, 0.0, 0.9872248291032493, 0.0, 0.0, 0.0, 0.0, 0.0, 0.0, 0.0, 0.0, 0.0, 0.0, 0.0, 0.9735232941229823, 0.9724298287246333, 0.0], [0.0, 0.0, 0.0, 0.0, 0.0, 0.9872248291032493, 0.0, 0.0, 0.0, 0.0, 0.0, 0.0, 0.0, 0.0, 0.0, 0.0, 0.0, 0.0, 0.0, 0.0, 0.906990621135968], [0.9876858303550607, 0.0, 0.0, 0.0, 0.0, 0.0, 0.0, 0.0, 0.0, 0.0, 0.0, 0.0, 0.0, 0.0, 0.0, 0.0, 0.0, 0.0, 0.0, 0.0, 0.0], [0.9876417909418317, 0.0, 0.0, 0.0, 0.0, 0.0, 0.0, 0.0, 0.0, 0.0, 0.0, 0.0, 0.0, 0.0, 0.0, 0.0, 0.0, 0.0, 0.0, 0.0, 0.0], [0.9873153366371957, 0.0, 0.0, 0.0, 0.0, 0.0, 0.0, 0.0, 0.0, 0.0, 0.0, 0.0, 0.0, 0.0, 0.0, 0.0, 0.0, 0.0, 0.0, 0.0, 0.0], [0.0, 0.97814653782564, 0.0, 0.0, 0.0, 0.0, 0.0, 0.0, 0.0, 0.0, 0.0, 0.0, 0.0, 0.0, 0.0, 0.0, 0.0, 0.0, 0.0, 0.0, 0.0], [0.0, 0.9778937948105214, 0.0, 0.0, 0.0, 0.0, 0.0, 0.0, 0.0, 0.0, 0.0, 0.0, 0.0, 0.0, 0.0, 0.0, 0.0, 0.0, 0.0, 0.0, 0.0], [0.0, 0.0, 0.9759761076714693, 0.0, 0.0, 0.0, 0.0, 0.0, 0.0, 0.0, 0.0, 0.0, 0.0, 0.0, 0.0, 0.0, 0.0, 0.0, 0.0, 0.0, 0.0], [0.0, 0.0, 0.9768314069427824, 0.0, 0.0, 0.0, 0.0, 0.0, 0.0, 0.0, 0.0, 0.0, 0.0, 0.0, 0.0, 0.0, 0.0, 0.0, 0.0, 0.0, 0.0], [0.0, 0.0, 0.0, 0.9770791479189046, 0.0, 0.0, 0.0, 0.0, 0.0, 0.0, 0.0, 0.0, 0.0, 0.0, 0.0, 0.0, 0.0, 0.0, 0.0, 0.0, 0.0], [0.0, 0.0, 0.0, 0.9766566845028475, 0.0, 0.0, 0.0, 0.0, 0.0, 0.0, 0.0, 0.0, 0.0, 0.0, 0.0, 0.0, 0.0, 0.0, 0.0, 0.0, 0.0], [0.0, 0.0, 0.0, 0.0, 0.9752802150930189, 0.0, 0.0, 0.0, 0.0, 0.0, 0.0, 0.0, 0.0, 0.0, 0.0, 0.0, 0.0, 0.0, 0.0, 0.0, 0.0], [0.0, 0.0, 0.0, 0.0, 0.9746255270970515, 0.0, 0.0, 0.0, 0.0, 0.0, 0.0, 0.0, 0.0, 0.0, 0.0, 0.0, 0.0, 0.0, 0.0, 0.0, 0.0], [0.0, 0.0, 0.0, 0.0, 0.0, 0.9735232941229823, 0.0, 0.0, 0.0, 0.0, 0.0, 0.0, 0.0, 0.0, 0.0, 0.0, 0.0, 0.0, 0.0, 0.0, 0.0], [0.0, 0.0, 0.0, 0.0, 0.0, 0.9724298287246333, 0.0, 0.0, 0.0, 0.0, 0.0, 0.0, 0.0, 0.0, 0.0, 0.0, 0.0, 0.0, 0.0, 0.0, 0.0], [0.0, 0.0, 0.0, 0.0, 0.0, 0.0, 0.906990621135968, 0.0, 0.0, 0.0, 0.0, 0.0, 0.0, 0.0, 0.0, 0.0, 0.0, 0.0, 0.0, 0.0, 0.0]], "Born radii": [], "Atomic SASAs": [], "Solvent H bonds": [], "Total SASA": NaN, "Total FOD": 0.0, "FOD": [0.0, 0.0, 0.0, 0.0, 0.0, 0.0, 0.0, 0.0, 0.0, 0.0, 0.0, 0.0, 0.0, 0.0, 0.0, 0.0, 0.0, 0.0, 0.0, 0.0, 0.0], "FOD s proportion": [0.0, 0.0, 0.0, 0.0, 0.0, 0.0, 0.0, 0.0, 0.0, 0.0, 0.0, 0.0, 0.0, 0.0, 0.0, 0.0, 0.0, 0.0, 0.0, 0.0, 0.0], "FOD p proportion": [0.0, 0.0, 0.0, 0.0, 0.0, 0.0, 0.0, 0.0, 0.0, 0.0, 0.0, 0.0, 0.0, 0.0, 0.0, 0.0, 0.0, 0.0, 0.0, 0.0, 0.0], "FOD d proportion": [0.0, 0.0, 0.0, 0.0, 0.0, 0.0, 0.0, 0.0, 0.0, 0.0, 0.0, 0.0, 0.0, 0.0, 0.0, 0.0, 0.0, 0.0, 0.0, 0.0, 0.0], "coordinates": [["-3.05260", "0.85890", "-0.23050"], ["-2.07890", "-0.27840", "0.03430"], ["-0.63020", "0.21140", "0.02850"], ["0.34420", "-0.93870", "0.29220"], ["1.80010", "-0.48560", "0.40340"], ["2.36670", "0.07820", "-0.89270"], ["3.74490", "0.37020", "-0.69890"], ["-2.86560", "1.31620", "-1.20730"], ["-2.96560", "1.63610", "0.53540"], ["-4.08180", "0.48660", "-0.22130"], ["-2.21320", "-1.05240", "-0.73030"], ["-2.31450", "-0.73450", "1.00290"], ["-0.41230", "0.67350", "-0.94090"], ["-0.50150", "0.98550", "0.79450"], ["0.25300", "-1.69090", "-0.50080"], ["0.06750", "-1.43470", "1.23090"], ["1.90510", "0.25800", "1.20340"], ["2.41470", "-1.33950", "0.71610"], ["2.27700", "-0.64780", "-1.70680"], ["1.86090", "1.00410", "-1.18050"], ["4.08220", "0.72380", "-1.53950"]], "bond_dist": [[0.0, 1.5204150814826851, 2.5207853954670556, 3.8785089003378603, 5.075254353231964, 5.515144043449817, 6.831122345559329, 1.094637168197755, 1.0946285443016732, 1.094506541780359, 2.146499496855287, 2.1459242134800567, 2.7404790475389516, 2.752228873113572, 4.183483415767296, 4.138999266731029, 5.195761667936665, 5.96828144527384, 5.731862065681623, 5.006602170134951, 7.255143282527231], [1.5204150814826851, 0.0, 1.5292708622085232, 2.524662771539993, 3.902026095504744, 4.555200535651531, 5.905498339683113, 2.1686900677597984, 2.1685590492306175, 2.1592046614436535, 1.0962324799056085, 1.0962301446320475, 2.1528316724723275, 2.15952263475056, 2.778353085912588, 2.715863437288407, 4.186499226083769, 4.6672503050511445, 4.705502138985807, 4.317704173516291, 6.4374221929278495], [2.5207853954670556, 1.5292708622085232, 0.0, 1.5302689502175753, 2.5559180542419586, 3.138114288868396, 4.4379982210451585, 2.7829476890520244, 2.7822312736363237, 3.4715526267075374, 2.163066545439599, 2.16357312333094, 1.0957888391473969, 1.096608635749327, 2.163087150347854, 2.1545756565969088, 2.794692766656113, 3.4856133721340923, 3.4930362966908888, 2.880214141344355, 4.992783944854815], [3.8785089003378603, 2.524662771539993, 1.5302689502175753, 0.0, 1.528826301448271, 2.555108582819916, 3.7762757989850266, 4.19951072150078, 4.200418707700459, 4.678102001880677, 2.7565791662856336, 2.759615520321626, 2.1661063454964533, 2.1610320266021046, 1.0968004741063893, 1.097149297042112, 2.167668134193977, 2.1511164775529936, 2.7957717449749007, 2.8711837314947295, 4.482373828676051], [5.075254353231964, 3.902026095504744, 2.5559180542419586, 1.528826301448271, 0.0, 1.5227544811951794, 2.39368042353193, 5.254483249568886, 5.218326492277002, 5.994344879968119, 4.208695144578662, 4.1654873208305405, 2.836435978477216, 2.759430553574415, 2.159593512677791, 2.141833284828677, 1.097253826605312, 1.0975698884353557, 2.169489914703454, 2.1752337667478407, 3.231948201936411], [5.515144043449817, 4.555200535651531, 3.138114288868396, 2.555108582819916, 1.5227544811951794, 0.0, 1.4220610676057484, 5.385961422995899, 5.7358473924957245, 6.496208184010116, 4.720181578075149, 5.115409474323633, 2.8424542793156764, 3.4491170420848287, 2.7840668292984634, 3.4763290997832756, 2.1538425685272355, 2.144857741203365, 1.0944774552269223, 1.0935964932277351, 1.9437309098741014], [6.831122345559329, 5.905498339683113, 4.4379982210451585, 3.7762757989850266, 2.39368042353193, 1.4220610676057484, 0.0, 6.697170806392801, 6.93951075725083, 7.84212239192937, 6.125661787105129, 6.390055844043932, 4.175268462027322, 4.543209285296022, 4.059648067259032, 4.5282516283881575, 2.648810708601126, 2.5874178499036447, 2.051076990266333, 2.0452930767985307, 0.9723233052848216], [1.094637168197755, 2.1686900677597984, 2.7829476890520244, 4.19951072150078, 5.254483249568886, 5.385961422995899, 6.697170806392801, 0.0, 1.7746377940300946, 1.7718844770469662, 2.5026827046191853, 3.0649740194657444, 2.550041791814401, 3.1153706906241516, 4.389471337188569, 4.702695573817213, 5.448930190413527, 6.215607624359826, 5.527488671177897, 4.736868892000285, 6.9809182375959695], [1.0946285443016732, 2.1685590492306175, 2.7822312736363237, 4.200418707700459, 5.218326492277002, 5.7358473924957245, 6.93951075725083, 1.7746377940300946, 0.0, 1.7719615063539056, 3.0653114849881082, 2.502445168230465, 3.102483092621134, 2.5616795232815517, 4.7436299813539415, 4.371867850244333, 5.105791035677037, 6.150973576597448, 6.142354174907207, 5.1612826952221855, 7.403309134434412], [1.094506541780359, 2.1592046614436535, 3.4715526267075374, 4.678102001880677, 5.994344879968119, 6.496208184010116, 7.84212239192937, 1.7718844770469662, 1.7719615063539056, 0.0, 2.473715416130158, 2.4724684305365767, 3.7440600983424397, 3.754903319660841, 4.859024340338295, 4.797600339753198, 6.158327667475969, 6.81306628618862, 6.627813444115639, 6.041817125666748, 8.27313792221549], [2.146499496855287, 1.0962324799056085, 2.163066545439599, 2.7565791662856336, 4.208695144578662, 4.720181578075149, 6.125661787105129, 2.5026827046191853, 3.0653114849881082, 2.473715416130158, 0.0, 1.7650224757775748, 2.5032626670008082, 3.0672411610435852, 2.5578301233662883, 3.0321693917062085, 4.734631848412292, 4.857155317673093, 4.612932846899031, 4.585865578056121, 6.591035748651346], [2.1459242134800567, 1.0962301446320475, 2.16357312333094, 2.759615520321626, 4.1654873208305405, 5.115409474323633, 6.390055844043932, 3.0649740194657444, 2.502445168230465, 2.4724684305365767, 1.7650224757775748, 0.0, 3.0625458821052787, 2.5077479059905525, 3.1253593233418777, 2.493228437187415, 4.339387129537995, 4.776359689135649, 5.332153714025881, 5.02234314638098, 7.036206900027883], [2.7404790475389516, 2.1528316724723275, 1.0957888391473969, 2.1661063454964533, 2.836435978477216, 2.8424542793156764, 4.175268462027322, 2.550041791814401, 3.102483092621134, 3.7440600983424397, 2.5032626670008082, 3.0625458821052787, 0.0, 1.7654783487768972, 2.4953355405636333, 3.0645440965990356, 3.184494543879766, 3.8457440112415178, 3.09269639473389, 2.309576316123804, 4.534466043538093], [2.752228873113572, 2.15952263475056, 1.096608635749327, 2.1610320266021046, 2.759430553574415, 3.4491170420848287, 4.543209285296022, 3.1153706906241516, 2.5616795232815517, 3.754903319660841, 3.0672411610435852, 2.5077479059905525, 1.7654783487768972, 0.0, 3.0676031848985947, 2.5241976943179396, 2.5471904169103654, 3.7304147222527417, 4.079734406796599, 3.0792701602814914, 5.1503736349899905], [4.183483415767296, 2.778353085912588, 2.163087150347854, 1.0968004741063893, 2.159593512677791, 2.7840668292984634, 4.059648067259032, 4.389471337188569, 4.7436299813539415, 4.859024340338295, 2.5578301233662883, 3.1253593233418777, 2.4953355405636333, 3.0676031848985947, 0.0, 1.7603504139801258, 3.0711468965192794, 2.5054489537805393, 2.5766392083487357, 3.2109748519725287, 4.644614776275854], [4.138999266731029, 2.715863437288407, 2.1545756565969088, 1.097149297042112, 2.141833284828677, 3.4763290997832756, 4.5282516283881575, 4.702695573817213, 4.371867850244333, 4.797600339753198, 3.0321693917062085, 2.493228437187415, 3.0645440965990356, 2.5241976943179396, 1.7603504139801258, 0.0, 2.4985522407986593, 2.404876279562007, 3.7591465986311317, 3.8702556711411202, 5.334046728329253], [5.195761667936665, 4.186499226083769, 2.794692766656113, 2.167668134193977, 1.097253826605312, 2.1538425685272355, 2.648810708601126, 5.448930190413527, 5.105791035677037, 6.158327667475969, 4.734631848412292, 4.339387129537995, 3.184494543879766, 2.5471904169103654, 3.0711468965192794, 2.4985522407986593, 0.0, 1.746184325894606, 3.0705125451624524, 2.4983190468793213, 3.5327375305844617], [5.96828144527384, 4.6672503050511445, 3.4856133721340923, 2.1511164775529936, 1.0975698884353557, 2.144857741203365, 2.5874178499036447, 6.215607624359826, 6.150973576597448, 6.81306628618862, 4.857155317673093, 4.776359689135649, 3.8457440112415178, 3.7304147222527417, 2.5054489537805393, 2.404876279562007, 1.746184325894606, 0.0, 2.5234608358363717, 3.0653298289091175, 3.482168074633963], [5.731862065681623, 4.705502138985807, 3.4930362966908888, 2.7957717449749007, 2.169489914703454, 1.0944774552269223, 2.051076990266333, 5.527488671177897, 6.142354174907207, 6.627813444115639, 4.612932846899031, 5.332153714025881, 3.09269639473389, 4.079734406796599, 2.5766392083487357, 3.7591465986311317, 3.0705125451624524, 2.5234608358363717, 0.0, 1.7829482634109157, 2.273328592614803], [5.006602170134951, 4.317704173516291, 2.880214141344355, 2.8711837314947295, 2.1752337667478407, 1.0935964932277351, 2.0452930767985307, 4.736868892000285, 5.1612826952221855, 6.041817125666748, 4.585865578056121, 5.02234314638098, 2.309576316123804, 3.0792701602814914, 3.2109748519725287, 3.8702556711411202, 2.4983190468793213, 3.0653298289091175, 1.7829482634109157, 0.0, 2.2675146702943296], [7.255143282527231, 6.4374221929278495, 4.992783944854815, 4.482373828676051, 3.231948201936411, 1.9437309098741014, 0.9723233052848216, 6.9809182375959695, 7.403309134434412, 8.27313792221549, 6.591035748651346, 7.036206900027883, 4.534466043538093, 5.1503736349899905, 4.644614776275854, 5.334046728329253, 3.5327375305844617, 3.482168074633963, 2.273328592614803, 2.2675146702943296, 0.0]]}