{"total energy": -39.76952867, "HOMO-LUMO gap/eV": 4.78586862, "electronic energy": -40.25261057, "dipole": [0.46394693, -0.73263345, 0.13374662], "partial charges": [-0.09962281, -0.05171975, -0.05713677, -0.0583469, -0.05867528, -0.05645156, -0.08789972, 0.35092255, -0.40553138, -0.27641145, 0.08552814, -0.11329753, 0.03242521, 0.02980224, 0.03320345, 0.03005855, 0.02742525, 0.02904319, 0.02892804, 0.03387082, 0.03196055, 0.02755078, 0.03904841, 0.05184983, 0.03573938, 0.06889169, 0.06705921, 0.05084916, 0.05061909, 0.05034933, 0.05499414, 0.05497414], "atomic dipole moments": [[0.05910168, 0.06989596, 0.04350396], [0.03830411, -0.09975892, -0.03383083], [-0.04502213, 0.01462779, -0.10017167], [0.0556162, -0.01020231, 0.10116173], [-0.04048284, 0.00335959, -0.10894032], [0.0843311, -0.01953914, 0.10295603], [-0.01628367, 0.099637, 0.01510649], [0.14982384, -0.01641526, 0.06266132], [0.0458439, -0.17100356, 0.00385703], [-0.03059892, 0.22474778, 0.00536974], [-0.10999796, -0.21251007, -0.06214977], [-0.11166147, 0.07209542, -0.03962868], [0.00260514, -0.10976873, 0.06190649], [-0.11787715, 0.03964961, 0.00061475], [0.0298781, -0.02048373, -0.12072946], [-0.00775385, 0.10621175, -0.06388928], [-0.0450963, 0.02641426, 0.10891433], [0.00563601, -0.10242877, 0.06947202], [0.0568638, 0.0845909, 0.06740253], [-0.00910186, 0.1028594, -0.0708743], [-0.05308183, -0.0907663, -0.064849], [0.00827205, -0.10055099, 0.06982235], [0.05503745, 0.09251143, 0.06793317], [-0.01373839, 0.10436014, -0.07475046], [-0.05371282, -0.0888746, -0.06147955], [0.04281899, -0.04118957, -0.11684061], [0.00664549, -0.09824418, 0.08850909], [-0.05177267, 0.06064023, 0.09954893], [0.02841487, 0.07686218, -0.0976524], [0.08628056, 0.08615573, 0.04229178], [-0.02304662, -0.08582498, 0.09243745], [0.05262095, -0.07047319, -0.0933773]], "atomic quadrupole moments": [[0.01317754, 0.12979987, 0.04911767, 0.08328403, 0.10711948, -0.06229521], [0.17588551, 0.03356812, -0.02973291, 0.10930588, 0.09418172, -0.14615261], [0.14980795, -0.11245504, -0.18725333, -0.08476551, 0.03015062, 0.03744537], [0.17055009, -0.09676356, -0.22133532, -0.07221564, 0.02743966, 0.05078523], [0.15594543, -0.10167302, -0.21797844, -0.0855046, 0.02438737, 0.06203301], [0.19425871, -0.10470074, -0.21361987, -0.067838, 0.03809677, 0.01936116], [0.17740048, 0.03649251, 0.0208743, 0.10258402, 0.08041037, -0.19827479], [0.0058015, -0.02633602, -0.40096352, -0.19642943, -0.07965407, 0.39516202], [-0.06289189, 0.00094906, -0.10128976, -0.11158968, -0.02335791, 0.16418165], [0.02801439, 0.05056003, 0.03075027, 0.04864576, 0.02912118, -0.05876466], [0.19463558, 0.20898768, 0.09197932, 0.25982043, 0.12558259, -0.2866149], [0.16265659, -0.15015936, -0.05961446, 0.11252407, -0.05419935, -0.10304212], [-0.04411608, -0.00594188, 0.04528342, 0.01762491, -0.05334197, -0.00116734], [0.06681743, -0.04011326, -0.020085, 0.00091287, 0.01425074, -0.04673243], [-0.02459935, 0.00745216, -0.03630336, -0.04373563, 0.01601304, 0.06090271], [-0.02154473, 0.01142216, 0.02003535, 0.00894978, -0.04633097, 0.00150937], [-0.00042157, 0.00524895, -0.04603023, -0.02297867, 0.01616799, 0.04645179], [-0.02712107, -0.00330638, 0.04357658, -0.01351707, -0.03473159, -0.01645551], [0.00493618, 0.03174327, 0.01444073, 0.00902536, 0.03796012, -0.01937691], [-0.02410131, -0.00441123, 0.03778075, -0.00569544, -0.03669271, -0.01367944], [-0.00415893, 0.03047683, 0.02289285, 0.01088695, 0.03257875, -0.01873393], [-0.02643127, -0.00519972, 0.0397578, -0.0053104, -0.0377581, -0.01332653], [-0.00372701, 0.02896924, 0.02368162, 0.0096835, 0.02922583, -0.01995461], [-0.02342632, -0.00252052, 0.03559174, -0.01018711, -0.03476627, -0.01216542], [-0.00106224, 0.03272539, 0.02080409, 0.00496326, 0.03971892, -0.01974185], [0.00462901, -0.01361723, -0.04542631, -0.02310805, 0.0322049, 0.0407973], [-0.00562038, 0.00010175, 0.00765583, 0.01163108, -0.0552061, -0.00203545], [0.00738291, -0.00391677, -0.01755576, -0.01458449, 0.02956178, 0.01017285], [-0.00792783, 0.0180408, -0.00768803, 0.00273138, -0.02865933, 0.01561586], [0.01025506, 0.05322246, 0.02764873, 0.02995259, 0.02828504, -0.03790379], [-0.02339998, 0.01127233, -0.00169502, -0.03057367, -0.05829898, 0.025095], [-0.02663621, -0.02984203, -0.0183305, -0.03060434, 0.04102413, 0.04496671]], "number of molecular orbitals": 68, "number of electrons": 72, "number of unpaired electrons": 0, "orbital energies/eV": [-20.02705225, -19.28011279, -18.29161509, -17.30366283, -16.87206907, -16.7001376, -16.51159033, -16.33058521, -16.02888652, -15.82142687, -15.59639284, -15.31324055, -15.17758267, -14.91775006, -14.76455993, -14.3344216, -14.03794474, -13.73118917, -13.68982096, -13.45693252, -13.30138963, -13.25212679, -13.0512414, -12.85793881, -12.78782348, -12.72490742, -12.60314914, -12.21501907, -12.13228761, -11.96648115, -11.90414378, -11.64857297, -11.52743677, -11.35719131, -11.29661693, -11.18132469, -6.39545607, 0.00902976, 1.50165501, 2.56813118, 2.74387356, 2.85721237, 3.17046585, 3.44682736, 3.57502091, 3.62297619, 3.74303679, 3.80397285, 3.84115378, 3.93772422, 4.09242762, 4.47538091, 4.52766829, 5.02268279, 5.07002699, 5.48169929, 5.8469566, 5.96704889, 6.35908655, 6.62167731, 6.72793383, 6.94355217, 7.07375559, 7.41855178, 7.58934336, 7.99960612, 8.47292098, 16.2353171], "fractional occupation": [2.0, 2.0, 2.0, 2.0, 2.0, 2.0, 2.0, 2.0, 2.0, 2.0, 2.0, 2.0, 2.0, 2.0, 2.0, 2.0, 2.0, 2.0, 2.0, 2.0, 2.0, 2.0, 2.0, 2.0, 2.0, 2.0, 2.0, 2.0, 2.0, 2.0, 2.0, 2.0, 2.0, 2.0, 2.0, 2.0, 0.0, 0.0, 0.0, 0.0, 0.0, 0.0, 0.0, 0.0, 0.0, 0.0, 0.0, 0.0, 0.0, 0.0, 0.0, 0.0, 0.0, 0.0, 0.0, 0.0, 0.0, 0.0, 0.0, 0.0, 0.0, 0.0, 0.0, 0.0, 0.0, 0.0, 0.0, 0.0], "program call": "xtb /home/svss/Project-DBcg-Debug/aqme2_20220329/End-to-End-workflows-final/example-3/QDESCP/mol_565_rdkit_conf_10/mol_565_rdkit_conf_10.xyz --pop --wbo --acc 0.2 --gfn 2 --chrg 0 --uhf 0 --etemp 300 --input /home/svss/Project-DBcg-Debug/aqme2_20220329/End-to-End-workflows-final/example-3/QDESCP/mol_565_rdkit_conf_10/mol_565_rdkit_conf_10_xtb.inp", "method": "GFN2-xTB", "xtb version": "6.3.3 (7355c4f)", "Dipole module/D": 2.23, "Total charge": 0, "Transition dipole module/D": NaN, "HOMO": -11.1813, "LUMO": -6.3955, "HOMO occupancy": 2.0, "LUMO occupancy": 0, "mulliken charges": [-0.08503, -0.03875, -0.0466, -0.04557, -0.04736, -0.03925, -0.07824, 0.5736, -0.52875, -0.42465, 0.20614, -0.09543, 0.02623, 0.02779, 0.0264, 0.02346, 0.02314, 0.02169, 0.02575, 0.02691, 0.02106, 0.01922, 0.0355, 0.04099, 0.02462, 0.05869, 0.05257, 0.03863, 0.03883, 0.03435, 0.04199, 0.04208], "cm5 charges": [-0.23549, -0.15113, -0.15712, -0.1564, -0.15742, -0.14767, -0.1769, 0.62271, -0.57948, -0.50806, 0.12376, -0.2421, 0.07764, 0.07857, 0.07815, 0.07807, 0.07735, 0.07688, 0.08067, 0.08241, 0.07703, 0.07475, 0.0935, 0.09894, 0.07963, 0.11655, 0.11203, 0.10345, 0.10363, 0.08554, 0.09522, 0.09531], "FUKUI+": [0.005, 0.003, 0.002, 0.005, 0.007, 0.02, 0.028, -0.189, -0.281, -0.122, 0.027, 0.017, -0.005, -0.013, 0.0, -0.005, -0.013, -0.008, -0.001, -0.009, -0.017, -0.018, 0.013, -0.023, -0.054, -0.099, -0.091, -0.039, -0.039, -0.044, -0.028, -0.028], "FUKUI-": [0.015, 0.006, 0.007, 0.002, 0.007, 0.008, 0.0, -0.008, -0.078, -0.046, 0.009, 0.01, -0.044, -0.048, -0.064, -0.054, -0.089, -0.039, -0.041, -0.04, -0.053, -0.042, -0.052, -0.034, -0.055, -0.047, -0.034, -0.038, -0.042, -0.037, -0.038, -0.04], "FUKUIrad": [0.01, 0.005, 0.005, 0.003, 0.007, 0.014, 0.014, -0.098, -0.18, -0.084, 0.018, 0.013, -0.025, -0.031, -0.032, -0.029, -0.051, -0.024, -0.021, -0.024, -0.035, -0.03, -0.02, -0.029, -0.054, -0.073, -0.063, -0.039, -0.04, -0.04, -0.033, -0.034], "s proportion": [1.007, 1.027, 1.032, 1.032, 1.033, 1.03, 1.039, 0.991, 1.731, 1.701, 0.994, 1.011, 0.974, 0.972, 0.974, 0.977, 0.977, 0.978, 0.974, 0.973, 0.979, 0.981, 0.965, 0.959, 0.975, 0.941, 0.947, 0.961, 0.961, 0.966, 0.958, 0.958], "p proportion": [3.078, 3.012, 3.015, 3.014, 3.014, 3.009, 3.039, 2.435, 4.798, 4.724, 2.8, 3.085, 0.0, 0.0, 0.0, 0.0, 0.0, 0.0, 0.0, 0.0, 0.0, 0.0, 0.0, 0.0, 0.0, 0.0, 0.0, 0.0, 0.0, 0.0, 0.0, 0.0], "d proportion": [0.0, 0.0, 0.0, 0.0, 0.0, 0.0, 0.0, 0.0, 0.0, 0.0, 0.0, 0.0, 0.0, 0.0, 0.0, 0.0, 0.0, 0.0, 0.0, 0.0, 0.0, 0.0, 0.0, 0.0, 0.0, 0.0, 0.0, 0.0, 0.0, 0.0, 0.0, 0.0], "Fermi-level/eV": -8.7884, "Coordination numbers": [3.749, 3.799, 3.801, 3.801, 3.801, 3.801, 3.802, 2.719, 0.856, 1.703, 3.703, 3.748, 0.924, 0.924, 0.924, 0.924, 0.924, 0.924, 0.924, 0.924, 0.924, 0.924, 0.924, 0.924, 0.924, 0.924, 0.924, 0.924, 0.924, 0.924, 0.924, 0.924], "Dispersion coefficient C6": [22.468, 21.504, 21.602, 21.624, 21.63, 21.589, 22.175, 21.041, 21.792, 18.586, 19.305, 22.735, 2.552, 2.589, 2.541, 2.586, 2.623, 2.6, 2.602, 2.532, 2.559, 2.622, 2.462, 2.297, 2.507, 2.098, 2.118, 2.309, 2.312, 2.316, 2.259, 2.259], "Total dispersion C6": 7469.013776, "Total dispersion C8": 158198.361175, "Polarizability alpha": [6.76, 6.603, 6.617, 6.621, 6.622, 6.615, 6.704, 7.509, 6.259, 5.821, 6.282, 6.801, 2.498, 2.516, 2.493, 2.515, 2.533, 2.522, 2.523, 2.489, 2.502, 2.532, 2.454, 2.37, 2.476, 2.265, 2.276, 2.377, 2.378, 2.38, 2.35, 2.35], "Total polarizability alpha": 128.011341, "Wiberg matrix": [[0.0, 1.0209680176229876, 0.0, 0.0, 0.0, 0.0, 0.0, 0.0, 0.0, 0.0, 0.0, 0.0, 0.9874410472534798, 0.9873731667215354, 0.9861364166821007, 0.0, 0.0, 0.0, 0.0, 0.0, 0.0, 0.0, 0.0, 0.0, 0.0, 0.0, 0.0, 0.0, 0.0, 0.0, 0.0, 0.0], [1.0209680176229876, 0.0, 1.006953427284434, 0.0, 0.0, 0.0, 0.0, 0.0, 0.0, 0.0, 0.0, 0.0, 0.0, 0.0, 0.0, 0.9777799281162968, 0.978113770908253, 0.0, 0.0, 0.0, 0.0, 0.0, 0.0, 0.0, 0.0, 0.0, 0.0, 0.0, 0.0, 0.0, 0.0, 0.0], [0.0, 1.006953427284434, 0.0, 1.0080062408576118, 0.0, 0.0, 0.0, 0.0, 0.0, 0.0, 0.0, 0.0, 0.0, 0.0, 0.0, 0.0, 0.0, 0.9771875405848726, 0.9770833258751899, 0.0, 0.0, 0.0, 0.0, 0.0, 0.0, 0.0, 0.0, 0.0, 0.0, 0.0, 0.0, 0.0], [0.0, 0.0, 1.0080062408576118, 0.0, 1.006839163328268, 0.0, 0.0, 0.0, 0.0, 0.0, 0.0, 0.0, 0.0, 0.0, 0.0, 0.0, 0.0, 0.0, 0.0, 0.9769977088131695, 0.9755598347810223, 0.0, 0.0, 0.0, 0.0, 0.0, 0.0, 0.0, 0.0, 0.0, 0.0, 0.0], [0.0, 0.0, 0.0, 1.006839163328268, 0.0, 1.0078121358987715, 0.0, 0.0, 0.0, 0.0, 0.0, 0.0, 0.0, 0.0, 0.0, 0.0, 0.0, 0.0, 0.0, 0.0, 0.0, 0.9771825421450242, 0.9764610699509676, 0.0, 0.0, 0.0, 0.0, 0.0, 0.0, 0.0, 0.0, 0.0], [0.0, 0.0, 0.0, 0.0, 1.0078121358987715, 0.0, 1.0050594853049417, 0.0, 0.0, 0.0, 0.0, 0.0, 0.0, 0.0, 0.0, 0.0, 0.0, 0.0, 0.0, 0.0, 0.0, 0.0, 0.0, 0.9748143301059053, 0.9767629595163998, 0.0, 0.0, 0.0, 0.0, 0.0, 0.0, 0.0], [0.0, 0.0, 0.0, 0.0, 0.0, 1.0050594853049417, 0.0, 0.9786473265857589, 0.0, 0.0, 0.0, 0.0, 0.0, 0.0, 0.0, 0.0, 0.0, 0.0, 0.0, 0.0, 0.0, 0.0, 0.0, 0.0, 0.0, 0.947124115373553, 0.9603895213097517, 0.0, 0.0, 0.0, 0.0, 0.0], [0.0, 0.0, 0.0, 0.0, 0.0, 0.0, 0.9786473265857589, 0.0, 1.760547479672531, 1.1154384587899493, 0.0, 0.0, 0.0, 0.0, 0.0, 0.0, 0.0, 0.0, 0.0, 0.0, 0.0, 0.0, 0.0, 0.0, 0.0, 0.0, 0.0, 0.0, 0.0, 0.0, 0.0, 0.0], [0.0, 0.0, 0.0, 0.0, 0.0, 0.0, 0.0, 1.760547479672531, 0.0, 0.1694440534253544, 0.0, 0.0, 0.0, 0.0, 0.0, 0.0, 0.0, 0.0, 0.0, 0.0, 0.0, 0.0, 0.0, 0.0, 0.0, 0.0, 0.0, 0.0, 0.0, 0.0, 0.0, 0.0], [0.0, 0.0, 0.0, 0.0, 0.0, 0.0, 0.0, 1.1154384587899493, 0.1694440534253544, 0.0, 0.9413928437900246, 0.0, 0.0, 0.0, 0.0, 0.0, 0.0, 0.0, 0.0, 0.0, 0.0, 0.0, 0.0, 0.0, 0.0, 0.0, 0.0, 0.0, 0.0, 0.0, 0.0, 0.0], [0.0, 0.0, 0.0, 0.0, 0.0, 0.0, 0.0, 0.0, 0.0, 0.9413928437900246, 0.0, 1.0197397826940082, 0.0, 0.0, 0.0, 0.0, 0.0, 0.0, 0.0, 0.0, 0.0, 0.0, 0.0, 0.0, 0.0, 0.0, 0.0, 0.9697893257194664, 0.9698623626997275, 0.0, 0.0, 0.0], [0.0, 0.0, 0.0, 0.0, 0.0, 0.0, 0.0, 0.0, 0.0, 0.0, 1.0197397826940082, 0.0, 0.0, 0.0, 0.0, 0.0, 0.0, 0.0, 0.0, 0.0, 0.0, 0.0, 0.0, 0.0, 0.0, 0.0, 0.0, 0.0, 0.0, 0.983930128237082, 0.9855450988881183, 0.9855532078432026], [0.9874410472534798, 0.0, 0.0, 0.0, 0.0, 0.0, 0.0, 0.0, 0.0, 0.0, 0.0, 0.0, 0.0, 0.0, 0.0, 0.0, 0.0, 0.0, 0.0, 0.0, 0.0, 0.0, 0.0, 0.0, 0.0, 0.0, 0.0, 0.0, 0.0, 0.0, 0.0, 0.0], [0.9873731667215354, 0.0, 0.0, 0.0, 0.0, 0.0, 0.0, 0.0, 0.0, 0.0, 0.0, 0.0, 0.0, 0.0, 0.0, 0.0, 0.0, 0.0, 0.0, 0.0, 0.0, 0.0, 0.0, 0.0, 0.0, 0.0, 0.0, 0.0, 0.0, 0.0, 0.0, 0.0], [0.9861364166821007, 0.0, 0.0, 0.0, 0.0, 0.0, 0.0, 0.0, 0.0, 0.0, 0.0, 0.0, 0.0, 0.0, 0.0, 0.0, 0.0, 0.0, 0.0, 0.0, 0.0, 0.0, 0.0, 0.0, 0.0, 0.0, 0.0, 0.0, 0.0, 0.0, 0.0, 0.0], [0.0, 0.9777799281162968, 0.0, 0.0, 0.0, 0.0, 0.0, 0.0, 0.0, 0.0, 0.0, 0.0, 0.0, 0.0, 0.0, 0.0, 0.0, 0.0, 0.0, 0.0, 0.0, 0.0, 0.0, 0.0, 0.0, 0.0, 0.0, 0.0, 0.0, 0.0, 0.0, 0.0], [0.0, 0.978113770908253, 0.0, 0.0, 0.0, 0.0, 0.0, 0.0, 0.0, 0.0, 0.0, 0.0, 0.0, 0.0, 0.0, 0.0, 0.0, 0.0, 0.0, 0.0, 0.0, 0.0, 0.0, 0.0, 0.0, 0.0, 0.0, 0.0, 0.0, 0.0, 0.0, 0.0], [0.0, 0.0, 0.9771875405848726, 0.0, 0.0, 0.0, 0.0, 0.0, 0.0, 0.0, 0.0, 0.0, 0.0, 0.0, 0.0, 0.0, 0.0, 0.0, 0.0, 0.0, 0.0, 0.0, 0.0, 0.0, 0.0, 0.0, 0.0, 0.0, 0.0, 0.0, 0.0, 0.0], [0.0, 0.0, 0.9770833258751899, 0.0, 0.0, 0.0, 0.0, 0.0, 0.0, 0.0, 0.0, 0.0, 0.0, 0.0, 0.0, 0.0, 0.0, 0.0, 0.0, 0.0, 0.0, 0.0, 0.0, 0.0, 0.0, 0.0, 0.0, 0.0, 0.0, 0.0, 0.0, 0.0], [0.0, 0.0, 0.0, 0.9769977088131695, 0.0, 0.0, 0.0, 0.0, 0.0, 0.0, 0.0, 0.0, 0.0, 0.0, 0.0, 0.0, 0.0, 0.0, 0.0, 0.0, 0.0, 0.0, 0.0, 0.0, 0.0, 0.0, 0.0, 0.0, 0.0, 0.0, 0.0, 0.0], [0.0, 0.0, 0.0, 0.9755598347810223, 0.0, 0.0, 0.0, 0.0, 0.0, 0.0, 0.0, 0.0, 0.0, 0.0, 0.0, 0.0, 0.0, 0.0, 0.0, 0.0, 0.0, 0.0, 0.0, 0.0, 0.0, 0.0, 0.0, 0.0, 0.0, 0.0, 0.0, 0.0], [0.0, 0.0, 0.0, 0.0, 0.9771825421450242, 0.0, 0.0, 0.0, 0.0, 0.0, 0.0, 0.0, 0.0, 0.0, 0.0, 0.0, 0.0, 0.0, 0.0, 0.0, 0.0, 0.0, 0.0, 0.0, 0.0, 0.0, 0.0, 0.0, 0.0, 0.0, 0.0, 0.0], [0.0, 0.0, 0.0, 0.0, 0.9764610699509676, 0.0, 0.0, 0.0, 0.0, 0.0, 0.0, 0.0, 0.0, 0.0, 0.0, 0.0, 0.0, 0.0, 0.0, 0.0, 0.0, 0.0, 0.0, 0.0, 0.0, 0.0, 0.0, 0.0, 0.0, 0.0, 0.0, 0.0], [0.0, 0.0, 0.0, 0.0, 0.0, 0.9748143301059053, 0.0, 0.0, 0.0, 0.0, 0.0, 0.0, 0.0, 0.0, 0.0, 0.0, 0.0, 0.0, 0.0, 0.0, 0.0, 0.0, 0.0, 0.0, 0.0, 0.0, 0.0, 0.0, 0.0, 0.0, 0.0, 0.0], [0.0, 0.0, 0.0, 0.0, 0.0, 0.9767629595163998, 0.0, 0.0, 0.0, 0.0, 0.0, 0.0, 0.0, 0.0, 0.0, 0.0, 0.0, 0.0, 0.0, 0.0, 0.0, 0.0, 0.0, 0.0, 0.0, 0.0, 0.0, 0.0, 0.0, 0.0, 0.0, 0.0], [0.0, 0.0, 0.0, 0.0, 0.0, 0.0, 0.947124115373553, 0.0, 0.0, 0.0, 0.0, 0.0, 0.0, 0.0, 0.0, 0.0, 0.0, 0.0, 0.0, 0.0, 0.0, 0.0, 0.0, 0.0, 0.0, 0.0, 0.0, 0.0, 0.0, 0.0, 0.0, 0.0], [0.0, 0.0, 0.0, 0.0, 0.0, 0.0, 0.9603895213097517, 0.0, 0.0, 0.0, 0.0, 0.0, 0.0, 0.0, 0.0, 0.0, 0.0, 0.0, 0.0, 0.0, 0.0, 0.0, 0.0, 0.0, 0.0, 0.0, 0.0, 0.0, 0.0, 0.0, 0.0, 0.0], [0.0, 0.0, 0.0, 0.0, 0.0, 0.0, 0.0, 0.0, 0.0, 0.0, 0.9697893257194664, 0.0, 0.0, 0.0, 0.0, 0.0, 0.0, 0.0, 0.0, 0.0, 0.0, 0.0, 0.0, 0.0, 0.0, 0.0, 0.0, 0.0, 0.0, 0.0, 0.0, 0.0], [0.0, 0.0, 0.0, 0.0, 0.0, 0.0, 0.0, 0.0, 0.0, 0.0, 0.9698623626997275, 0.0, 0.0, 0.0, 0.0, 0.0, 0.0, 0.0, 0.0, 0.0, 0.0, 0.0, 0.0, 0.0, 0.0, 0.0, 0.0, 0.0, 0.0, 0.0, 0.0, 0.0], [0.0, 0.0, 0.0, 0.0, 0.0, 0.0, 0.0, 0.0, 0.0, 0.0, 0.0, 0.983930128237082, 0.0, 0.0, 0.0, 0.0, 0.0, 0.0, 0.0, 0.0, 0.0, 0.0, 0.0, 0.0, 0.0, 0.0, 0.0, 0.0, 0.0, 0.0, 0.0, 0.0], [0.0, 0.0, 0.0, 0.0, 0.0, 0.0, 0.0, 0.0, 0.0, 0.0, 0.0, 0.9855450988881183, 0.0, 0.0, 0.0, 0.0, 0.0, 0.0, 0.0, 0.0, 0.0, 0.0, 0.0, 0.0, 0.0, 0.0, 0.0, 0.0, 0.0, 0.0, 0.0, 0.0], [0.0, 0.0, 0.0, 0.0, 0.0, 0.0, 0.0, 0.0, 0.0, 0.0, 0.0, 0.9855532078432026, 0.0, 0.0, 0.0, 0.0, 0.0, 0.0, 0.0, 0.0, 0.0, 0.0, 0.0, 0.0, 0.0, 0.0, 0.0, 0.0, 0.0, 0.0, 0.0, 0.0]], "Born radii": [], "Atomic SASAs": [], "Solvent H bonds": [], "Total SASA": NaN, "Total FOD": 0.0, "FOD": [0.0, 0.0, 0.0, 0.0, 0.0, 0.0, 0.0, 0.0, 0.0, 0.0, 0.0, 0.0, 0.0, 0.0, 0.0, 0.0, 0.0, 0.0, 0.0, 0.0, 0.0, 0.0, 0.0, 0.0, 0.0, 0.0, 0.0, 0.0, 0.0, 0.0, 0.0, 0.0], "FOD s proportion": [0.0, 0.0, 0.0, 0.0, 0.0, 0.0, 0.0, 0.0, 0.0, 0.0, 0.0, 0.0, 0.0, 0.0, 0.0, 0.0, 0.0, 0.0, 0.0, 0.0, 0.0, 0.0, 0.0, 0.0, 0.0, 0.0, 0.0, 0.0, 0.0, 0.0, 0.0, 0.0], "FOD p proportion": [0.0, 0.0, 0.0, 0.0, 0.0, 0.0, 0.0, 0.0, 0.0, 0.0, 0.0, 0.0, 0.0, 0.0, 0.0, 0.0, 0.0, 0.0, 0.0, 0.0, 0.0, 0.0, 0.0, 0.0, 0.0, 0.0, 0.0, 0.0, 0.0, 0.0, 0.0, 0.0], "FOD d proportion": [0.0, 0.0, 0.0, 0.0, 0.0, 0.0, 0.0, 0.0, 0.0, 0.0, 0.0, 0.0, 0.0, 0.0, 0.0, 0.0, 0.0, 0.0, 0.0, 0.0, 0.0, 0.0, 0.0, 0.0, 0.0, 0.0, 0.0, 0.0, 0.0, 0.0, 0.0, 0.0], "coordinates": [["-5.16330", "-0.36380", "0.18660"], ["-4.26960", "0.68080", "0.83700"], ["-2.81750", "0.22690", "0.99990"], ["-2.09460", "0.01710", "-0.33250"], ["-0.62000", "-0.33140", "-0.11400"], ["0.10270", "-0.54740", "-1.44740"], ["1.57270", "-0.92190", "-1.26060"], ["2.42670", "0.23680", "-0.79810"], ["2.10650", "1.41600", "-0.83690"], ["3.62790", "-0.23390", "-0.35640"], ["4.52750", "0.78580", "0.09470"], ["5.80630", "0.11700", "0.55990"], ["-5.11960", "-1.31250", "0.73080"], ["-6.20300", "-0.02090", "0.18710"], ["-4.87630", "-0.54670", "-0.85290"], ["-4.30780", "1.60800", "0.25350"], ["-4.67330", "0.91450", "1.82950"], ["-2.78520", "-0.69830", "1.58830"], ["-2.28400", "0.98930", "1.58110"], ["-2.17000", "0.92770", "-0.93900"], ["-2.57400", "-0.79070", "-0.89660"], ["-0.54550", "-1.24080", "0.49460"], ["-0.13590", "0.47420", "0.45000"], ["0.01650", "0.35310", "-2.06730"], ["-0.39480", "-1.35900", "-1.99270"], ["1.98160", "-1.26260", "-2.21850"], ["1.65620", "-1.74030", "-0.53660"], ["4.07480", "1.33710", "0.92640"], ["4.74860", "1.47420", "-0.72860"], ["6.52750", "0.85840", "0.91510"], ["5.59870", "-0.59070", "1.36940"], ["6.26030", "-0.45600", "-0.25530"]], "bond_dist": [[0.0, 1.5208251082882607, 2.552089539965242, 3.135517391117453, 4.55334876876349, 5.516740066379781, 6.912275996370515, 7.677138428477111, 7.554153316553749, 8.808911422531162, 9.759181851466852, 10.986475580913106, 1.0945752692254653, 1.0947861663356921, 1.093792329466613, 2.15043044528299, 2.138520820567338, 2.7806496992609473, 3.473597321221906, 3.4488827901220414, 2.839021017886271, 4.710421407899722, 5.103564863896607, 5.6942373378706295, 5.3365123236061205, 7.592229149597633, 6.994522910106164, 9.42246551917278, 10.122331581705867, 11.777066261595031, 10.829180183651948, 11.432515620369823], [1.5208251082882607, 0.0, 1.5300836676469687, 2.5571180926973236, 3.9049366192039527, 5.083696085526749, 6.411009463415258, 6.907323772634376, 6.633031845242415, 8.039364769681743, 8.828986504690105, 10.095465103698789, 2.1695675444659477, 2.157032327064201, 2.174994977005694, 1.0961894589896402, 1.0966520095271792, 2.1609747476544, 2.142770267667535, 2.7610606241080613, 2.836501466595778, 4.204605228793779, 4.156913307972635, 5.187773991800336, 5.213641833689767, 7.224291332026969, 6.547030457390587, 8.370647132092, 9.187410851812386, 10.7988429833941, 9.96411094378219, 10.64726385227679], [2.552089539965242, 1.5300836676469687, 0.0, 1.5303235638256376, 2.5261588132973745, 3.8879796578685957, 5.06985776230458, 5.543873704369536, 5.388280713734205, 6.602656093573251, 7.421642759524336, 8.635716788431635, 2.7824147030951374, 3.490509838118209, 2.8757576810294707, 2.1646118035342967, 2.1459318628511954, 1.0969288445473573, 1.0971187036961862, 2.160951202595746, 2.1659903647061776, 2.7516277691577398, 2.748549773971721, 4.1779418713045775, 4.164157641108223, 5.967249753445887, 5.122958108358881, 6.981528885566542, 7.860619488946148, 9.366696765135506, 8.463889321700751, 9.189577372763123], [3.135517391117453, 2.5571180926973236, 1.5303235638256376, 0.0, 1.5308950519222404, 2.5278033052435074, 3.897714702232579, 4.550517018977075, 4.4565212643944605, 5.72805189047725, 6.680240110954096, 7.951765752334509, 3.471176752918238, 4.1413015731772065, 2.885574724383342, 2.7879406467857244, 3.482709354798359, 2.1629142747691135, 2.1547413209014206, 1.0966858118896223, 1.0957070822076491, 2.160119818436005, 2.1581826498236887, 2.753029286077429, 2.745766794540279, 4.670121468441694, 4.1471209543489325, 6.433406995519559, 7.00781148861754, 8.752422513795821, 7.902705191262039, 8.368640120115096], [4.55334876876349, 3.9049366192039527, 2.5261588132973745, 1.5308950519222404, 0.0, 1.5319617651886746, 2.5438779648402945, 3.1738344222722144, 3.3181008755009245, 4.2559274453402045, 5.2714749150498665, 6.477077694454499, 4.682162364762674, 5.5997286059236835, 4.3253227613670635, 4.182845616323893, 4.664622165835085, 2.778584520938674, 2.717813183425233, 2.160661428822202, 2.154422254341056, 1.0967919447187784, 1.0961022625649488, 2.165422219799178, 2.1531814809718197, 3.473381097720203, 2.710106346621844, 5.089938256010577, 5.697349425829523, 7.318567284653465, 6.3984327565428085, 6.882878681191468], [5.516740066379781, 5.083696085526749, 3.8879796578685957, 2.5278033052435074, 1.5319617651886746, 0.0, 1.5284124083505735, 2.5372300112524284, 2.87103887991786, 3.703457612826155, 4.871791219869752, 6.082905030493244, 5.709846805300471, 6.535338169521146, 5.014366534269308, 5.195317143351309, 5.973725907672698, 4.192637798570251, 4.150854855327996, 2.7567291959857063, 2.7435922474012058, 2.1615574940306352, 2.1681151445437576, 1.0966342599061913, 1.0970655860065979, 2.1532235044230776, 2.1600762255068684, 4.9963832018771335, 5.11741407451068, 6.9882569307374505, 6.175941477216247, 6.272598674393254], [6.912275996370515, 6.411009463415258, 5.06985776230458, 3.897714702232579, 2.5438779648402945, 1.5284124083505735, 0.0, 1.5118888649632947, 2.435208520845802, 2.348354462171331, 3.6720458085377965, 4.724076885487788, 6.993219688383885, 7.960474029855257, 6.47275793846796, 6.578234798941127, 7.206496997154721, 5.211287804372351, 5.157720351085351, 4.187152971889134, 4.164712514688139, 2.769331235154076, 2.7918741966643124, 2.1675212409570523, 2.144314125775419, 1.0958321541185039, 1.0958680623140724, 4.018277542679201, 4.0138086675874325, 5.696769402038316, 4.820297650560596, 4.816771186178559], [7.677138428477111, 6.907323772634376, 5.543873704369536, 4.550517018977075, 3.1738344222722144, 2.5372300112524284, 1.5118888649632947, 0.0, 1.222516306639711, 1.3636490824255336, 2.3477336901786794, 3.644202546511377, 7.853948649564753, 8.689577113991222, 7.345112952841501, 6.952664399350799, 7.600891990417967, 5.808030525057526, 5.33081076197608, 4.6504673431817585, 5.106119758681733, 3.562070730628464, 2.860250186609556, 2.726436936736296, 3.4546358780629833, 2.1127826509132452, 2.137984310045329, 2.626936228765365, 2.6319590840284732, 4.487538461116517, 3.9299359409537455, 3.933330985310034], [7.554153316553749, 6.633031845242415, 5.388280713734205, 4.4565212643944605, 3.3181008755009245, 2.87103887991786, 2.435208520845802, 1.222516306639711, 0.0, 2.295148844846451, 2.669507744884813, 4.162567870918143, 7.88155547782289, 8.494765909664608, 7.253409069534132, 6.509153604732339, 7.302525539154245, 5.8549627172169085, 5.030436078512478, 4.3054980606197, 5.174955964063849, 3.983036842661639, 2.7516279926617986, 2.6479691406812127, 3.910626590458363, 3.0165073396230944, 3.2023709763236363, 2.6437959433360207, 2.6449590809689285, 4.788075057891218, 4.592392123937153, 4.593114085236725], [8.808911422531162, 8.039364769681743, 6.602656093573251, 5.72805189047725, 4.2559274453402045, 3.703457612826155, 2.348354462171331, 1.3636490824255336, 2.295148844846451, 0.0, 1.432675629722234, 2.3891762304191797, 8.880548296698803, 9.848215882077321, 8.524422193321959, 8.169449682200144, 8.660652562595962, 6.717542486653881, 6.3404010992996325, 5.941749046366734, 6.250232466876732, 4.376678668808118, 3.91380594945636, 4.039054068714604, 4.486138984694968, 2.6899709645273124, 2.487833171657617, 2.0768573494585514, 2.076561325846169, 3.3492553948601773, 2.6438124971336374, 2.6436867023155375], [9.759181851466852, 8.828986504690105, 7.421642759524336, 6.680240110954096, 5.2714749150498665, 4.871791219869752, 3.6720458085377965, 2.3477336901786794, 2.669507744884813, 1.432675629722234, 0.0, 1.5162565482133956, 9.893130167444477, 10.761177114981427, 9.544891641605997, 8.874894724446031, 9.363803467074693, 7.609794679227554, 6.974763756572691, 6.778287213596071, 7.341616319993847, 5.477440695251752, 4.687284097427849, 5.0210152648642685, 5.760767578196503, 4.003553872498783, 3.8760914063009397, 1.0957161448112371, 1.095720155879228, 2.16294403996035, 2.1603429773996536, 2.1603617937743667], [10.986475580913106, 10.095465103698789, 8.635716788431635, 7.951765752334509, 6.477077694454499, 6.082905030493244, 4.724076885487788, 3.644202546511377, 4.162567870918143, 2.3891762304191797, 1.5162565482133956, 0.0, 11.02034336443289, 12.015876278490886, 10.796038360898873, 10.227999842100118, 10.58630750403558, 8.691156016319118, 8.201018889138105, 8.156304150165074, 8.554223496612654, 6.495633007644443, 5.953940769775932, 6.3623664693257025, 6.866438958441267, 4.924543918983767, 4.677093707635117, 2.1496647436286436, 2.149640290839377, 1.0936043343001158, 1.0950923705331894, 1.0949867761758585], [1.0945752692254653, 2.1695675444659477, 2.7824147030951374, 3.471176752918238, 4.682162364762674, 5.709846805300471, 6.993219688383885, 7.853948649564753, 7.88155547782289, 8.880548296698803, 9.893130167444477, 11.02034336443289, 0.0, 1.7713260033093854, 1.775880125458923, 3.0685753665178246, 2.5230644819346177, 2.56163448797833, 3.749922757871154, 4.062864536260101, 3.0660700187699566, 4.580755629806069, 5.3017366230321175, 6.081374037172849, 5.453746376574547, 7.689466947714907, 6.906575217863048, 9.570560635615868, 10.357457047461022, 11.849122824496336, 10.761540786058472, 11.45461083887183], [1.0947861663356921, 2.157032327064201, 3.490509838118209, 4.1413015731772065, 5.5997286059236835, 6.535338169521146, 7.960474029855257, 8.689577113991222, 8.494765909664608, 9.848215882077321, 10.761177114981427, 12.015876278490886, 1.7713260033093854, 0.0, 1.7658421588579205, 2.4999014400571875, 2.4315495080298075, 3.755474542584466, 4.280455704711825, 4.293370723569071, 3.8647947849788875, 5.795689649213457, 6.092942050438359, 6.6260377006171645, 6.346434187006118, 8.620696457363524, 8.077567869724154, 10.393454735072453, 11.091049231700307, 12.781579821759124, 11.874452754548312, 12.478736981762218], [1.093792329466613, 2.174994977005694, 2.8757576810294707, 2.885574724383342, 4.3253227613670635, 5.014366534269308, 6.47275793846796, 7.345112952841501, 7.253409069534132, 8.524422193321959, 9.544891641605997, 10.796038360898873, 1.775880125458923, 1.7658421588579205, 0.0, 2.4879801647119293, 3.0613043298568012, 3.2179402123097316, 3.8734572787111, 3.083071238229827, 2.315605963889366, 4.588394021877372, 5.021073329478468, 5.120927576133058, 4.694977910491167, 7.029094435274006, 6.648178916064158, 9.31862662305986, 9.835557295344277, 11.625264919562047, 10.708229465695998, 11.152991159774134], [2.15043044528299, 1.0961894589896402, 2.1646118035342967, 2.7879406467857244, 4.182845616323893, 5.195317143351309, 6.578234798941127, 6.952664399350799, 6.509153604732339, 8.169449682200144, 8.874894724446031, 10.227999842100118, 3.0685753665178246, 2.4999014400571875, 2.4879801647119293, 0.0, 1.7602012669010323, 3.069042438611757, 2.4982149407126686, 2.5406796689075155, 3.1753037870414857, 4.72532453277021, 4.327685790350311, 5.065615178830702, 5.400006707403242, 7.342185009927222, 6.885104712348245, 8.413926787178506, 9.110477693842403, 10.881329919178079, 10.208734336341603, 10.779782514039884], [2.138520820567338, 1.0966520095271792, 2.1459318628511954, 3.482709354798359, 4.664622165835085, 5.973725907672698, 7.206496997154721, 7.600891990417967, 7.302525539154245, 8.660652562595962, 9.363803467074693, 10.58630750403558, 2.5230644819346177, 2.4315495080298075, 3.0613043298568012, 1.7602012669010323, 0.0, 2.4948392513346427, 2.4033418587458595, 3.732462642813723, 3.8401026991475113, 4.844172678590226, 4.7628650096344325, 6.123270714250677, 6.171189297048017, 8.087877497835882, 7.260093835481743, 8.804739290859214, 9.779025478543351, 11.23820249016719, 10.39188640478715, 11.21464534659924], [2.7806496992609473, 2.1609747476544, 1.0969288445473573, 2.1629142747691135, 2.778584520938674, 4.192637798570251, 5.211287804372351, 5.808030525057526, 5.8549627172169085, 6.717542486653881, 7.609794679227554, 8.691156016319118, 2.56163448797833, 3.755474542584466, 3.2179402123097316, 3.069042438611757, 2.4948392513346427, 0.0, 1.7604678469088835, 3.067505881004957, 2.4955703175827364, 2.5508316349771105, 3.112759809236813, 4.724232870001225, 4.355926726886025, 6.126380903110743, 5.032593562965323, 7.18613698519587, 8.17593568345544, 9.4658805411858, 8.387447417420868, 9.234643496096641], [3.473597321221906, 2.142770267667535, 1.0971187036961862, 2.1547413209014206, 2.717813183425233, 4.150854855327996, 5.157720351085351, 5.33081076197608, 5.030436078512478, 6.3404010992996325, 6.974763756572691, 8.201018889138105, 3.749922757871154, 4.280455704711825, 3.8734572787111, 2.4982149407126686, 2.4033418587458595, 1.7604678469088835, 0.0, 2.5234291291811624, 3.064554990532883, 3.0292260579230463, 2.4817431031434336, 4.359801973713943, 4.675001173261885, 6.1403059475892565, 5.240281050668943, 6.401869599577923, 7.418039151959229, 8.837602789218352, 8.042274316385882, 8.858121671099353], [3.4488827901220414, 2.7610606241080613, 2.160951202595746, 1.0966858118896223, 2.160661428822202, 2.7567291959857063, 4.187152971889134, 4.6504673431817585, 4.3054980606197, 5.941749046366734, 6.778287213596071, 8.156304150165074, 4.062864536260101, 4.293370723569071, 3.083071238229827, 2.5406796689075155, 3.732462642813723, 3.067505881004957, 2.5234291291811624, 0.0, 1.7657611163461495, 3.0653876524837766, 2.504505152719794, 2.5266595140619956, 3.08068427788373, 4.86521499011092, 4.681875286677338, 6.53030263923503, 6.943338992876553, 8.893199398978975, 8.2454198686301, 8.5704159449819], [2.839021017886271, 2.836501466595778, 2.1659903647061776, 1.0957070822076491, 2.154422254341056, 2.7435922474012058, 4.164712514688139, 5.106119758681733, 5.174955964063849, 6.250232466876732, 7.341616319993847, 8.554223496612654, 3.0660700187699566, 3.8647947849788875, 2.315605963889366, 3.1753037870414857, 3.8401026991475113, 2.4955703175827364, 3.064554990532883, 1.7657611163461495, 0.0, 2.5005678755034824, 3.059025200942287, 3.064230275289375, 2.504658208219237, 4.766927792614442, 4.350394487859693, 7.2150816544236, 7.66671160081035, 9.425449058267727, 8.48338265611071, 8.863867455574908], [4.710421407899722, 4.204605228793779, 2.7516277691577398, 2.160119818436005, 1.0967919447187784, 2.1615574940306352, 2.769331235154076, 3.562070730628464, 3.983036842661639, 4.376678668808118, 5.477440695251752, 6.495633007644443, 4.580755629806069, 5.795689649213457, 4.588394021877372, 4.72532453277021, 4.844172678590226, 2.5508316349771105, 3.0292260579230463, 3.0653876524837766, 2.5005678755034824, 0.0, 1.763798832066741, 3.0691518079104525, 2.494662907087849, 3.707778480438118, 2.482006563246761, 5.30840764636628, 6.074120351952206, 7.389911358737667, 6.240120086184239, 6.891819403466693], [5.103564863896607, 4.156913307972635, 2.748549773971721, 2.1581826498236887, 1.0961022625649488, 2.1681151445437576, 2.7918741966643124, 2.860250186609556, 2.7516279926617986, 3.91380594945636, 4.687284097427849, 5.953940769775932, 5.3017366230321175, 6.092942050438359, 5.021073329478468, 4.327685790350311, 4.7628650096344325, 3.112759809236813, 2.4817431031434336, 2.504505152719794, 3.059025200942287, 1.763798832066741, 0.0, 2.524814896185461, 3.065034215143446, 3.8237642108268135, 3.0147988689131484, 4.324528628648444, 5.1232253717750895, 6.6906522260539, 5.904654564832731, 6.501853164290932], [5.6942373378706295, 5.187773991800336, 4.1779418713045775, 2.753029286077429, 2.165422219799178, 1.0966342599061913, 2.1675212409570523, 2.726436936736296, 2.6479691406812127, 4.039054068714604, 5.0210152648642685, 6.3623664693257025, 6.081374037172849, 6.6260377006171645, 5.120927576133058, 5.065615178830702, 6.123270714250677, 4.724232870001225, 4.359801973713943, 2.5266595140619956, 3.064230275289375, 3.0691518079104525, 2.524814896185461, 0.0, 1.7623902121834427, 2.5485223051800037, 3.0682213316512876, 5.138121697663457, 5.0439818903322795, 7.1793564370352865, 6.622886241662316, 6.551566625624744], [5.3365123236061205, 5.213641833689767, 4.164157641108223, 2.745766794540279, 2.1531814809718197, 1.0970655860065979, 2.144314125775419, 3.4546358780629833, 3.910626590458363, 4.486138984694968, 5.760767578196503, 6.866438958441267, 5.453746376574547, 6.346434187006118, 4.694977910491167, 5.400006707403242, 6.171189297048017, 4.355926726886025, 4.675001173261885, 3.08068427788373, 2.504658208219237, 2.494662907087849, 3.065034215143446, 1.7623902121834427, 0.0, 2.389049091165772, 2.544055404270905, 5.980587277182734, 6.006624227467538, 7.8288186139416975, 6.9149145728635, 6.937169723309355], [7.592229149597633, 7.224291332026969, 5.967249753445887, 4.670121468441694, 3.473381097720203, 2.1532235044230776, 1.0958321541185039, 2.1127826509132452, 3.0165073396230944, 2.6899709645273124, 4.003553872498783, 4.924543918983767, 7.689466947714907, 8.620696457363524, 7.029094435274006, 7.342185009927222, 8.087877497835882, 6.126380903110743, 6.1403059475892565, 4.86521499011092, 4.766927792614442, 3.707778480438118, 3.8237642108268135, 2.5485223051800037, 2.389049091165772, 0.0, 1.7784459676920186, 4.5858829400672665, 4.167273119199172, 5.914667934043297, 5.138860615934236, 4.776194247515484], [6.994522910106164, 6.547030457390587, 5.122958108358881, 4.1471209543489325, 2.710106346621844, 2.1600762255068684, 1.0958680623140724, 2.137984310045329, 3.2023709763236363, 2.487833171657617, 3.8760914063009397, 4.677093707635117, 6.906575217863048, 8.077567869724154, 6.648178916064158, 6.885104712348245, 7.260093835481743, 5.032593562965323, 5.240281050668943, 4.681875286677338, 4.350394487859693, 2.482006563246761, 3.0147988689131484, 3.0682213316512876, 2.544055404270905, 1.7784459676920186, 0.0, 4.1785626380371514, 4.464617789912144, 5.708786059224851, 4.52744104434282, 4.788140869899297], [9.42246551917278, 8.370647132092, 6.981528885566542, 6.433406995519559, 5.089938256010577, 4.9963832018771335, 4.018277542679201, 2.626936228765365, 2.6437959433360207, 2.0768573494585514, 1.0957161448112371, 2.1496647436286436, 9.570560635615868, 10.393454735072453, 9.31862662305986, 8.413926787178506, 8.804739290859214, 7.18613698519587, 6.401869599577923, 6.53030263923503, 7.2150816544236, 5.30840764636628, 4.324528628648444, 5.138121697663457, 5.980587277182734, 4.5858829400672665, 4.1785626380371514, 0.0, 1.7921573173134104, 2.499003535411665, 2.496984791703786, 3.0639896785074194], [10.122331581705867, 9.187410851812386, 7.860619488946148, 7.00781148861754, 5.697349425829523, 5.11741407451068, 4.0138086675874325, 2.6319590840284732, 2.6449590809689285, 2.076561325846169, 1.095720155879228, 2.149640290839377, 10.357457047461022, 11.091049231700307, 9.835557295344277, 9.110477693842403, 9.779025478543351, 8.17593568345544, 7.418039151959229, 6.943338992876553, 7.66671160081035, 6.074120351952206, 5.1232253717750895, 5.0439818903322795, 6.006624227467538, 4.167273119199172, 4.464617789912144, 1.7921573173134104, 0.0, 2.499088741921743, 3.0639983714094887, 2.4969825429906396], [11.777066261595031, 10.7988429833941, 9.366696765135506, 8.752422513795821, 7.318567284653465, 6.9882569307374505, 5.696769402038316, 4.487538461116517, 4.788075057891218, 3.3492553948601773, 2.16294403996035, 1.0936043343001158, 11.849122824496336, 12.781579821759124, 11.625264919562047, 10.881329919178079, 11.23820249016719, 9.4658805411858, 8.837602789218352, 8.893199398978975, 9.425449058267727, 7.389911358737667, 6.6906522260539, 7.1793564370352865, 7.8288186139416975, 5.914667934043297, 5.708786059224851, 2.499003535411665, 2.499088741921743, 0.0, 1.7801541337760616, 1.7801346465927794], [10.829180183651948, 9.96411094378219, 8.463889321700751, 7.902705191262039, 6.3984327565428085, 6.175941477216247, 4.820297650560596, 3.9299359409537455, 4.592392123937153, 2.6438124971336374, 2.1603429773996536, 1.0950923705331894, 10.761540786058472, 11.874452754548312, 10.708229465695998, 10.208734336341603, 10.39188640478715, 8.387447417420868, 8.042274316385882, 8.2454198686301, 8.48338265611071, 6.240120086184239, 5.904654564832731, 6.622886241662316, 6.9149145728635, 5.138860615934236, 4.52744104434282, 2.496984791703786, 3.0639983714094887, 1.7801541337760616, 0.0, 1.7594057917376538], [11.432515620369823, 10.64726385227679, 9.189577372763123, 8.368640120115096, 6.882878681191468, 6.272598674393254, 4.816771186178559, 3.933330985310034, 4.593114085236725, 2.6436867023155375, 2.1603617937743667, 1.0949867761758585, 11.45461083887183, 12.478736981762218, 11.152991159774134, 10.779782514039884, 11.21464534659924, 9.234643496096641, 8.858121671099353, 8.5704159449819, 8.863867455574908, 6.891819403466693, 6.501853164290932, 6.551566625624744, 6.937169723309355, 4.776194247515484, 4.788140869899297, 3.0639896785074194, 2.4969825429906396, 1.7801346465927794, 1.7594057917376538, 0.0]]}