{"total energy": -56.67656074, "HOMO-LUMO gap/eV": 2.39272949, "electronic energy": -57.2578566, "dipole": [-0.19116104, 1.83029824, 1.19170649], "partial charges": [-0.11344667, 0.02208768, -0.23712116, 0.39140075, -0.40714208, -0.26515891, 0.04355625, -0.24813589, 0.17146332, -0.10269084, 0.35566061, -0.4193963, -0.27044222, 0.12173965, -0.11522321, -0.11252945, -0.12869826, 0.05387186, 0.04234672, 0.05328653, 0.03406656, 0.06229551, 0.19856306, 0.0574705, 0.06373603, 0.06532701, 0.07756002, 0.04914799, 0.05048632, 0.05455912, 0.049451, 0.05249748, 0.0473365, 0.04871627, 0.09179116, 0.08031802, 0.08124906], "atomic dipole moments": [[0.03317825, 0.02278235, -0.12550067], [0.17109885, 0.07264272, 0.05846051], [-0.12979791, 0.08675818, -0.10822973], [0.02865918, 0.22020911, 0.12275343], [-0.00221854, 0.33050194, 0.30087072], [0.13144707, -0.02326418, -0.13363406], [-0.05556958, -0.15492413, 0.24174277], [-0.0056866, -0.12404478, 0.04500132], [-0.29462717, 0.01383666, -0.1176468], [0.07241857, -0.03547401, 0.04228527], [0.14793088, 0.0640668, -0.02593507], [-0.02716779, 0.12746789, -0.13712338], [0.05344935, -0.14457267, 0.16168604], [-0.20020787, 0.0915958, -0.07889856], [-0.07607921, -0.04449152, 0.10108942], [-0.00327514, -0.071946, -0.10598675], [-0.0006764, 0.11183304, -0.04589809], [0.07538572, -0.08586964, 0.05966934], [0.0019009, 0.10676816, 0.06789907], [-0.11978159, -0.04473138, 0.00771635], [-0.06803803, 0.08339781, -0.05458303], [-0.01400469, -0.1117502, -0.05955488], [0.00301693, 0.09373863, 0.05017986], [0.12618755, 0.00274584, -0.00090847], [-0.04614873, 0.11530751, 0.00396458], [-0.0520632, -0.06253765, -0.09516533], [0.00086388, 0.13314135, -0.07352336], [0.02798996, -0.12537274, 0.0227248], [-0.01622645, -0.0663477, -0.10809404], [-0.02113342, 0.12102133, -0.03860676], [0.12382122, -0.01024885, 0.03686827], [-0.08361446, -0.03491122, 0.0926679], [0.11907653, -0.00605878, 0.04995319], [-0.03020291, 0.12363397, -0.0175991], [0.11139719, -0.07116706, 0.02088689], [-0.06339852, 0.00822566, 0.11881521], [-0.05717927, -0.09457143, -0.07161781]], "atomic quadrupole moments": [[-0.09659262, 0.02862052, -0.13120108, -0.10187237, -0.04920317, 0.22779369], [0.21464027, 0.21190545, -0.23184711, -0.11746133, -0.0508934, 0.01720684], [0.08165625, 0.08972611, -0.11093124, -0.06201894, -0.02804952, 0.02927499], [0.7565782, 0.10050043, -0.38336364, 0.078366, -0.79103704, -0.37321456], [-0.34286164, 0.00991002, 0.1731695, 0.00615828, 0.52393303, 0.16969214], [-0.07023171, -0.03076737, 0.01720171, -0.04379112, -0.10184248, 0.05303], [-0.25122363, 0.0807452, -0.03641583, -0.16123553, -0.3723755, 0.28763947], [0.0720488, 0.01586119, -0.02211782, 0.05157033, -0.00468509, -0.04993098], [-0.1138706, -0.35494338, -0.19013759, 0.02188693, 0.17259259, 0.30400819], [-0.07003337, -0.16690598, -0.16903601, -0.09859197, 0.23321483, 0.23906938], [-0.16794923, 0.01495146, 0.14478091, -0.20539788, 0.35246291, 0.02316831], [-0.09692723, -0.04261833, 0.05459502, -0.03933915, 0.13171388, 0.04233221], [0.08485822, 0.00666605, -0.05241718, 0.03762081, -0.02217467, -0.03244104], [0.33117614, 0.02187027, -0.32660826, 0.11934421, 0.02444967, -0.00456789], [0.03055288, 0.08310568, -0.10183315, -0.17774513, -0.07647589, 0.07128027], [-0.11342878, 0.0278717, -0.01992983, 0.03142035, 0.17339379, 0.13335861], [-0.0555321, 0.06082428, 0.10452203, 0.00496859, -0.12660914, -0.04898993], [0.00684677, -0.05915558, 0.00753743, 0.02473264, -0.02465184, -0.01438419], [-0.05350528, 0.00983557, 0.06230871, 0.00404249, 0.04162696, -0.00880343], [0.06710935, 0.04446901, -0.03599268, 0.00095616, 0.00019059, -0.03111667], [0.02190247, -0.01504348, 0.00171779, -0.00680384, -0.02929101, -0.02362026], [-0.01848573, 0.00394816, 0.03024872, -0.01594265, 0.02991609, -0.01176299], [-0.02840192, 0.02191254, -0.00586614, -0.01227895, 0.08238853, 0.03426806], [0.05129957, 0.00291418, -0.03508487, -0.00608322, -0.0349818, -0.0162147], [-0.03168602, -0.04788885, 0.05483055, -0.01760759, 0.00645259, -0.02314453], [-0.03848109, 0.03484414, -0.00140387, 0.02424546, 0.01939687, 0.03988497], [0.01866858, 0.00912861, 0.01278024, 0.02032702, -0.04116408, -0.03144882], [-0.00203192, 0.00433877, 0.00881, 0.00092111, -0.00642757, -0.00677807], [-0.04334545, 0.02004232, 0.00802527, 0.00846391, 0.0559794, 0.03532018], [-0.03763702, -0.02921419, 0.07367664, -0.00522362, -0.01660697, -0.03603962], [0.065996, -0.01163375, -0.04827605, 0.04208581, -0.01113025, -0.01771994], [0.00436742, 0.03721286, -0.01483803, -0.05270908, -0.02464724, 0.01047061], [0.0729423, -0.01585974, -0.04572426, 0.03594022, 0.00407928, -0.02721804], [-0.04710741, -0.02321912, 0.06726255, 0.00729197, -0.03512634, -0.02015515], [0.07241355, -0.02336706, -0.02710655, 0.02005123, -0.01432309, -0.045307], [-0.01142592, -0.01242108, -0.03340513, -0.05298848, 0.01737641, 0.04483105], [0.00064185, 0.03071557, -0.01082236, 0.05684668, 0.03497554, 0.01018051]], "number of molecular orbitals": 98, "number of electrons": 100, "number of unpaired electrons": 0, "orbital energies/eV": [-20.5240454, -20.10371013, -20.00665954, -19.34213606, -19.14241776, -18.45991432, -18.37923088, -18.24701352, -17.91294757, -17.4487979, -17.26731904, -17.0463065, -16.8164379, -16.51897996, -16.35869426, -16.29990785, -16.14425551, -15.94219338, -15.70586299, -15.53016859, -15.3898216, -15.31996908, -15.28070941, -15.11107636, -14.99547919, -14.78314106, -14.41653354, -14.28652094, -14.06020168, -13.82407885, -13.60215231, -13.50975665, -13.36810151, -13.26773634, -13.08370975, -13.01140887, -12.95871704, -12.91946019, -12.80842133, -12.75282834, -12.69106891, -12.6512037, -12.25729557, -12.15110905, -11.91905809, -11.47017792, -11.35904449, -11.30603039, -9.90922078, -9.8504206, -7.4576911, -4.83869162, -4.51532798, -3.82679927, -3.7302149, -1.62652101, -0.16524001, 0.40453796, 0.50631694, 0.89538628, 0.95587489, 1.96151063, 2.25044538, 2.35509869, 2.8596186, 2.87351071, 3.03021605, 3.19026429, 3.39529595, 3.42111593, 3.6664126, 3.8113016, 4.01707869, 4.07072924, 4.21730411, 4.40332678, 4.67498755, 4.92517351, 5.07374066, 5.11001837, 5.23205252, 5.48856899, 5.67373732, 5.95238798, 6.09894787, 6.1535115, 6.39805386, 6.51081824, 6.67633629, 7.58648974, 9.80213369, 10.72908615, 11.69081156, 13.49615944, 18.35918754, 27.69938526, 28.67456452, 36.10421071], "fractional occupation": [2.0, 2.0, 2.0, 2.0, 2.0, 2.0, 2.0, 2.0, 2.0, 2.0, 2.0, 2.0, 2.0, 2.0, 2.0, 2.0, 2.0, 2.0, 2.0, 2.0, 2.0, 2.0, 2.0, 2.0, 2.0, 2.0, 2.0, 2.0, 2.0, 2.0, 2.0, 2.0, 2.0, 2.0, 2.0, 2.0, 2.0, 2.0, 2.0, 2.0, 2.0, 2.0, 2.0, 2.0, 2.0, 2.0, 2.0, 2.0, 2.0, 2.0, 0.0, 0.0, 0.0, 0.0, 0.0, 0.0, 0.0, 0.0, 0.0, 0.0, 0.0, 0.0, 0.0, 0.0, 0.0, 0.0, 0.0, 0.0, 0.0, 0.0, 0.0, 0.0, 0.0, 0.0, 0.0, 0.0, 0.0, 0.0, 0.0, 0.0, 0.0, 0.0, 0.0, 0.0, 0.0, 0.0, 0.0, 0.0, 0.0, 0.0, 0.0, 0.0, 0.0, 0.0, 0.0, 0.0, 0.0, 0.0], "program call": "xtb /home/svss/Project-DBcg-Debug/aqme2_20220329/End-to-End-workflows-final/example-3/QDESCP/mol_205_rdkit_conf_10/mol_205_rdkit_conf_10.xyz --pop --wbo --acc 0.2 --gfn 2 --chrg 0 --uhf 0 --etemp 300 --input /home/svss/Project-DBcg-Debug/aqme2_20220329/End-to-End-workflows-final/example-3/QDESCP/mol_205_rdkit_conf_10/mol_205_rdkit_conf_10_xtb.inp", "method": "GFN2-xTB", "xtb version": "6.3.3 (7355c4f)", "Dipole module/D": 5.573, "Total charge": 0, "Transition dipole module/D": NaN, "HOMO": -9.8504, "LUMO": -7.4577, "HOMO occupancy": 2.0, "LUMO occupancy": 0, "mulliken charges": [-0.09682, 0.10118, -0.34782, 0.40746, -0.21316, -0.37227, 0.17873, -0.34755, 0.29153, -0.14048, 0.57561, -0.54542, -0.42562, 0.23235, -0.09938, -0.10275, -0.10618, 0.03536, 0.03005, 0.03447, 0.02964, 0.03044, 0.22547, 0.03749, 0.03178, 0.03055, 0.06907, 0.0396, 0.04182, 0.04085, 0.03194, 0.05121, 0.03206, 0.03766, 0.06649, 0.05956, 0.05509], "cm5 charges": [-0.24154, 0.05254, -0.67696, 0.39834, -0.18255, -0.43717, 0.06365, -0.3938, 0.30488, -0.18324, 0.63052, -0.59774, -0.50418, 0.18711, -0.24406, -0.24724, -0.24471, 0.08864, 0.08323, 0.08563, 0.09652, 0.0963, 0.42956, 0.10159, 0.09129, 0.09127, 0.13404, 0.1091, 0.09524, 0.09465, 0.08368, 0.1065, 0.08387, 0.09151, 0.12475, 0.11529, 0.11348], "FUKUI+": [0.007, 0.008, 0.013, -0.07, -0.083, -0.011, 0.013, -0.022, -0.108, -0.044, -0.069, -0.15, -0.072, 0.009, 0.012, 0.013, 0.034, -0.004, -0.008, -0.019, -0.014, -0.008, -0.008, 0.001, -0.024, -0.017, -0.083, -0.017, -0.013, -0.018, -0.03, -0.002, -0.034, -0.019, -0.037, -0.069, -0.06], "FUKUI-": [0.01, 0.014, 0.004, -0.139, -0.349, -0.005, 0.022, 0.003, -0.002, -0.023, -0.004, -0.06, -0.035, -0.001, 0.008, 0.004, 0.015, -0.017, -0.02, -0.025, -0.028, -0.011, -0.028, -0.012, -0.037, -0.014, -0.031, -0.029, -0.027, -0.03, -0.028, -0.018, -0.028, -0.021, -0.025, -0.027, -0.005], "FUKUIrad": [0.009, 0.011, 0.008, -0.105, -0.216, -0.008, 0.018, -0.009, -0.055, -0.034, -0.037, -0.105, -0.054, 0.004, 0.01, 0.009, 0.025, -0.01, -0.014, -0.022, -0.021, -0.009, -0.018, -0.005, -0.03, -0.015, -0.057, -0.023, -0.02, -0.024, -0.029, -0.01, -0.031, -0.02, -0.031, -0.048, -0.033], "s proportion": [1.013, 1.004, 1.441, 1.464, 1.888, 1.651, 0.972, 1.645, 1.05, 1.061, 0.971, 1.729, 1.699, 1.017, 1.015, 1.016, 1.015, 0.965, 0.97, 0.966, 0.97, 0.97, 0.775, 0.963, 0.968, 0.969, 0.931, 0.96, 0.958, 0.959, 0.968, 0.949, 0.968, 0.962, 0.934, 0.94, 0.945], "p proportion": [3.084, 2.895, 3.907, 2.008, 4.339, 4.721, 2.849, 4.702, 2.658, 3.079, 2.453, 4.817, 4.726, 2.75, 3.084, 3.086, 3.091, 0.0, 0.0, 0.0, 0.0, 0.0, 0.0, 0.0, 0.0, 0.0, 0.0, 0.0, 0.0, 0.0, 0.0, 0.0, 0.0, 0.0, 0.0, 0.0, 0.0], "d proportion": [0.0, 0.0, 0.0, 1.12, -0.014, 0.0, 0.0, 0.0, 0.0, 0.0, 0.0, 0.0, 0.0, 0.0, 0.0, 0.0, 0.0, 0.0, 0.0, 0.0, 0.0, 0.0, 0.0, 0.0, 0.0, 0.0, 0.0, 0.0, 0.0, 0.0, 0.0, 0.0, 0.0, 0.0, 0.0, 0.0, 0.0], "Fermi-level/eV": -8.6541, "Coordination numbers": [3.75, 3.904, 2.631, 3.96, 0.924, 1.657, 3.858, 1.661, 2.923, 2.893, 2.714, 0.856, 1.705, 3.744, 3.751, 3.751, 3.753, 0.924, 0.924, 0.924, 0.924, 0.924, 0.898, 0.924, 0.924, 0.924, 0.925, 0.924, 0.924, 0.924, 0.924, 0.924, 0.924, 0.924, 0.924, 0.924, 0.924], "Dispersion coefficient C6": [22.734, 20.147, 26.207, 144.007, 156.959, 18.411, 19.806, 18.125, 24.316, 30.588, 20.962, 22.073, 18.484, 18.662, 22.768, 22.716, 23.03, 2.272, 2.418, 2.279, 2.53, 2.172, 1.108, 2.229, 2.156, 2.138, 2.004, 2.331, 2.314, 2.264, 2.327, 2.289, 2.354, 2.336, 1.862, 1.976, 1.966], "Total dispersion C6": 15233.852759, "Total dispersion C8": 401816.181887, "Polarizability alpha": [6.8, 6.38, 7.603, 21.557, 21.191, 5.792, 6.329, 5.747, 8.086, 9.068, 7.495, 6.299, 5.805, 6.162, 6.805, 6.797, 6.843, 2.357, 2.432, 2.361, 2.487, 2.305, 1.647, 2.335, 2.296, 2.286, 2.214, 2.387, 2.379, 2.353, 2.385, 2.366, 2.399, 2.39, 2.134, 2.198, 2.193], "Total polarizability alpha": 190.665094, "Wiberg matrix": [[0.0, 1.0183461519798052, 0.0, 0.0, 0.0, 0.0, 0.0, 0.0, 0.0, 0.0, 0.0, 0.0, 0.0, 0.0, 0.0, 0.0, 0.0, 0.985594292227432, 0.9854513279336695, 0.9829798133815264, 0.0, 0.0, 0.0, 0.0, 0.0, 0.0, 0.0, 0.0, 0.0, 0.0, 0.0, 0.0, 0.0, 0.0, 0.0, 0.0, 0.0], [1.0183461519798052, 0.0, 0.9725219555428551, 0.0, 0.0, 0.0, 0.0, 0.0, 0.0, 0.0, 0.0, 0.0, 0.0, 0.0, 0.0, 0.0, 0.0, 0.0, 0.0, 0.0, 0.9725113083987372, 0.9700060888283559, 0.0, 0.0, 0.0, 0.0, 0.0, 0.0, 0.0, 0.0, 0.0, 0.0, 0.0, 0.0, 0.0, 0.0, 0.0], [0.0, 0.9725219555428551, 0.0, 1.1913956546223492, 0.0, 0.0, 0.0, 0.0, 0.0, 0.0, 0.0, 0.0, 0.0, 0.0, 0.0, 0.0, 0.0, 0.0, 0.0, 0.0, 0.0, 0.0, 0.903635220183625, 0.0, 0.0, 0.0, 0.0, 0.0, 0.0, 0.0, 0.0, 0.0, 0.0, 0.0, 0.0, 0.0, 0.0], [0.0, 0.0, 1.1913956546223492, 0.0, 1.6055783917267636, 1.2251532941251368, 0.0, 1.1978673148806058, 0.0, 0.0, 0.0, 0.0, 0.0, 0.0, 0.0, 0.0, 0.0, 0.0, 0.0, 0.0, 0.0, 0.0, 0.0, 0.0, 0.0, 0.0, 0.0, 0.0, 0.0, 0.0, 0.0, 0.0, 0.0, 0.0, 0.0, 0.0, 0.0], [0.0, 0.0, 0.0, 1.6055783917267636, 0.0, 0.0, 0.0, 0.0, 0.0, 0.0, 0.0, 0.0, 0.0, 0.0, 0.0, 0.0, 0.0, 0.0, 0.0, 0.0, 0.0, 0.0, 0.0, 0.0, 0.0, 0.0, 0.0, 0.0, 0.0, 0.0, 0.0, 0.0, 0.0, 0.0, 0.0, 0.0, 0.0], [0.0, 0.0, 0.0, 1.2251532941251368, 0.0, 0.0, 0.9414506844821876, 0.0, 0.0, 0.0, 0.0, 0.0, 0.0, 0.0, 0.0, 0.0, 0.0, 0.0, 0.0, 0.0, 0.0, 0.0, 0.0, 0.0, 0.0, 0.0, 0.0, 0.0, 0.0, 0.0, 0.0, 0.0, 0.0, 0.0, 0.0, 0.0, 0.0], [0.0, 0.0, 0.0, 0.0, 0.0, 0.9414506844821876, 0.0, 0.0, 0.0, 0.0, 0.0, 0.0, 0.0, 0.0, 0.0, 0.0, 0.0, 0.0, 0.0, 0.0, 0.0, 0.0, 0.0, 0.9783305720555675, 0.9783569959971391, 0.9788245906857496, 0.0, 0.0, 0.0, 0.0, 0.0, 0.0, 0.0, 0.0, 0.0, 0.0, 0.0], [0.0, 0.0, 0.0, 1.1978673148806058, 0.0, 0.0, 0.0, 0.0, 0.9831773449552275, 0.0, 0.0, 0.0, 0.0, 0.0, 0.0, 0.0, 0.0, 0.0, 0.0, 0.0, 0.0, 0.0, 0.0, 0.0, 0.0, 0.0, 0.0, 0.0, 0.0, 0.0, 0.0, 0.0, 0.0, 0.0, 0.0, 0.0, 0.0], [0.0, 0.0, 0.0, 0.0, 0.0, 0.0, 0.0, 0.9831773449552275, 0.0, 1.743404577616246, 0.0, 0.0, 0.0, 0.0, 0.0, 0.0, 1.034875985470693, 0.0, 0.0, 0.0, 0.0, 0.0, 0.0, 0.0, 0.0, 0.0, 0.0, 0.0, 0.0, 0.0, 0.0, 0.0, 0.0, 0.0, 0.0, 0.0, 0.0], [0.0, 0.0, 0.0, 0.0, 0.0, 0.0, 0.0, 0.0, 1.743404577616246, 0.0, 1.0361195176509814, 0.0, 0.0, 0.0, 0.0, 0.0, 0.0, 0.0, 0.0, 0.0, 0.0, 0.0, 0.0, 0.0, 0.0, 0.0, 0.9578150826553669, 0.0, 0.0, 0.0, 0.0, 0.0, 0.0, 0.0, 0.0, 0.0, 0.0], [0.0, 0.0, 0.0, 0.0, 0.0, 0.0, 0.0, 0.0, 0.0, 1.0361195176509814, 0.0, 1.7078545066719653, 1.1162749303848871, 0.0, 0.0, 0.0, 0.0, 0.0, 0.0, 0.0, 0.0, 0.0, 0.0, 0.0, 0.0, 0.0, 0.0, 0.0, 0.0, 0.0, 0.0, 0.0, 0.0, 0.0, 0.0, 0.0, 0.0], [0.0, 0.0, 0.0, 0.0, 0.0, 0.0, 0.0, 0.0, 0.0, 0.0, 1.7078545066719653, 0.0, 0.16915184057299565, 0.0, 0.0, 0.0, 0.0, 0.0, 0.0, 0.0, 0.0, 0.0, 0.0, 0.0, 0.0, 0.0, 0.0, 0.0, 0.0, 0.0, 0.0, 0.0, 0.0, 0.0, 0.0, 0.0, 0.0], [0.0, 0.0, 0.0, 0.0, 0.0, 0.0, 0.0, 0.0, 0.0, 0.0, 1.1162749303848871, 0.16915184057299565, 0.0, 0.9248942682822313, 0.0, 0.0, 0.0, 0.0, 0.0, 0.0, 0.0, 0.0, 0.0, 0.0, 0.0, 0.0, 0.0, 0.0, 0.0, 0.0, 0.0, 0.0, 0.0, 0.0, 0.0, 0.0, 0.0], [0.0, 0.0, 0.0, 0.0, 0.0, 0.0, 0.0, 0.0, 0.0, 0.0, 0.0, 0.0, 0.9248942682822313, 0.0, 1.0061705044713674, 1.0022900187464416, 0.0, 0.0, 0.0, 0.0, 0.0, 0.0, 0.0, 0.0, 0.0, 0.0, 0.0, 0.9612407671446399, 0.0, 0.0, 0.0, 0.0, 0.0, 0.0, 0.0, 0.0, 0.0], [0.0, 0.0, 0.0, 0.0, 0.0, 0.0, 0.0, 0.0, 0.0, 0.0, 0.0, 0.0, 0.0, 1.0061705044713674, 0.0, 0.0, 0.0, 0.0, 0.0, 0.0, 0.0, 0.0, 0.0, 0.0, 0.0, 0.0, 0.0, 0.0, 0.9851365824789424, 0.9847886139797087, 0.984079236904811, 0.0, 0.0, 0.0, 0.0, 0.0, 0.0], [0.0, 0.0, 0.0, 0.0, 0.0, 0.0, 0.0, 0.0, 0.0, 0.0, 0.0, 0.0, 0.0, 1.0022900187464416, 0.0, 0.0, 0.0, 0.0, 0.0, 0.0, 0.0, 0.0, 0.0, 0.0, 0.0, 0.0, 0.0, 0.0, 0.0, 0.0, 0.0, 0.9840838026811922, 0.9838819519685593, 0.9851678226344329, 0.0, 0.0, 0.0], [0.0, 0.0, 0.0, 0.0, 0.0, 0.0, 0.0, 0.0, 1.034875985470693, 0.0, 0.0, 0.0, 0.0, 0.0, 0.0, 0.0, 0.0, 0.0, 0.0, 0.0, 0.0, 0.0, 0.0, 0.0, 0.0, 0.0, 0.0, 0.0, 0.0, 0.0, 0.0, 0.0, 0.0, 0.0, 0.9695276346724725, 0.951117335134888, 0.9558590946655741], [0.985594292227432, 0.0, 0.0, 0.0, 0.0, 0.0, 0.0, 0.0, 0.0, 0.0, 0.0, 0.0, 0.0, 0.0, 0.0, 0.0, 0.0, 0.0, 0.0, 0.0, 0.0, 0.0, 0.0, 0.0, 0.0, 0.0, 0.0, 0.0, 0.0, 0.0, 0.0, 0.0, 0.0, 0.0, 0.0, 0.0, 0.0], [0.9854513279336695, 0.0, 0.0, 0.0, 0.0, 0.0, 0.0, 0.0, 0.0, 0.0, 0.0, 0.0, 0.0, 0.0, 0.0, 0.0, 0.0, 0.0, 0.0, 0.0, 0.0, 0.0, 0.0, 0.0, 0.0, 0.0, 0.0, 0.0, 0.0, 0.0, 0.0, 0.0, 0.0, 0.0, 0.0, 0.0, 0.0], [0.9829798133815264, 0.0, 0.0, 0.0, 0.0, 0.0, 0.0, 0.0, 0.0, 0.0, 0.0, 0.0, 0.0, 0.0, 0.0, 0.0, 0.0, 0.0, 0.0, 0.0, 0.0, 0.0, 0.0, 0.0, 0.0, 0.0, 0.0, 0.0, 0.0, 0.0, 0.0, 0.0, 0.0, 0.0, 0.0, 0.0, 0.0], [0.0, 0.9725113083987372, 0.0, 0.0, 0.0, 0.0, 0.0, 0.0, 0.0, 0.0, 0.0, 0.0, 0.0, 0.0, 0.0, 0.0, 0.0, 0.0, 0.0, 0.0, 0.0, 0.0, 0.0, 0.0, 0.0, 0.0, 0.0, 0.0, 0.0, 0.0, 0.0, 0.0, 0.0, 0.0, 0.0, 0.0, 0.0], [0.0, 0.9700060888283559, 0.0, 0.0, 0.0, 0.0, 0.0, 0.0, 0.0, 0.0, 0.0, 0.0, 0.0, 0.0, 0.0, 0.0, 0.0, 0.0, 0.0, 0.0, 0.0, 0.0, 0.0, 0.0, 0.0, 0.0, 0.0, 0.0, 0.0, 0.0, 0.0, 0.0, 0.0, 0.0, 0.0, 0.0, 0.0], [0.0, 0.0, 0.903635220183625, 0.0, 0.0, 0.0, 0.0, 0.0, 0.0, 0.0, 0.0, 0.0, 0.0, 0.0, 0.0, 0.0, 0.0, 0.0, 0.0, 0.0, 0.0, 0.0, 0.0, 0.0, 0.0, 0.0, 0.0, 0.0, 0.0, 0.0, 0.0, 0.0, 0.0, 0.0, 0.0, 0.0, 0.0], [0.0, 0.0, 0.0, 0.0, 0.0, 0.0, 0.9783305720555675, 0.0, 0.0, 0.0, 0.0, 0.0, 0.0, 0.0, 0.0, 0.0, 0.0, 0.0, 0.0, 0.0, 0.0, 0.0, 0.0, 0.0, 0.0, 0.0, 0.0, 0.0, 0.0, 0.0, 0.0, 0.0, 0.0, 0.0, 0.0, 0.0, 0.0], [0.0, 0.0, 0.0, 0.0, 0.0, 0.0, 0.9783569959971391, 0.0, 0.0, 0.0, 0.0, 0.0, 0.0, 0.0, 0.0, 0.0, 0.0, 0.0, 0.0, 0.0, 0.0, 0.0, 0.0, 0.0, 0.0, 0.0, 0.0, 0.0, 0.0, 0.0, 0.0, 0.0, 0.0, 0.0, 0.0, 0.0, 0.0], [0.0, 0.0, 0.0, 0.0, 0.0, 0.0, 0.9788245906857496, 0.0, 0.0, 0.0, 0.0, 0.0, 0.0, 0.0, 0.0, 0.0, 0.0, 0.0, 0.0, 0.0, 0.0, 0.0, 0.0, 0.0, 0.0, 0.0, 0.0, 0.0, 0.0, 0.0, 0.0, 0.0, 0.0, 0.0, 0.0, 0.0, 0.0], [0.0, 0.0, 0.0, 0.0, 0.0, 0.0, 0.0, 0.0, 0.0, 0.9578150826553669, 0.0, 0.0, 0.0, 0.0, 0.0, 0.0, 0.0, 0.0, 0.0, 0.0, 0.0, 0.0, 0.0, 0.0, 0.0, 0.0, 0.0, 0.0, 0.0, 0.0, 0.0, 0.0, 0.0, 0.0, 0.0, 0.0, 0.0], [0.0, 0.0, 0.0, 0.0, 0.0, 0.0, 0.0, 0.0, 0.0, 0.0, 0.0, 0.0, 0.0, 0.9612407671446399, 0.0, 0.0, 0.0, 0.0, 0.0, 0.0, 0.0, 0.0, 0.0, 0.0, 0.0, 0.0, 0.0, 0.0, 0.0, 0.0, 0.0, 0.0, 0.0, 0.0, 0.0, 0.0, 0.0], [0.0, 0.0, 0.0, 0.0, 0.0, 0.0, 0.0, 0.0, 0.0, 0.0, 0.0, 0.0, 0.0, 0.0, 0.9851365824789424, 0.0, 0.0, 0.0, 0.0, 0.0, 0.0, 0.0, 0.0, 0.0, 0.0, 0.0, 0.0, 0.0, 0.0, 0.0, 0.0, 0.0, 0.0, 0.0, 0.0, 0.0, 0.0], [0.0, 0.0, 0.0, 0.0, 0.0, 0.0, 0.0, 0.0, 0.0, 0.0, 0.0, 0.0, 0.0, 0.0, 0.9847886139797087, 0.0, 0.0, 0.0, 0.0, 0.0, 0.0, 0.0, 0.0, 0.0, 0.0, 0.0, 0.0, 0.0, 0.0, 0.0, 0.0, 0.0, 0.0, 0.0, 0.0, 0.0, 0.0], [0.0, 0.0, 0.0, 0.0, 0.0, 0.0, 0.0, 0.0, 0.0, 0.0, 0.0, 0.0, 0.0, 0.0, 0.984079236904811, 0.0, 0.0, 0.0, 0.0, 0.0, 0.0, 0.0, 0.0, 0.0, 0.0, 0.0, 0.0, 0.0, 0.0, 0.0, 0.0, 0.0, 0.0, 0.0, 0.0, 0.0, 0.0], [0.0, 0.0, 0.0, 0.0, 0.0, 0.0, 0.0, 0.0, 0.0, 0.0, 0.0, 0.0, 0.0, 0.0, 0.0, 0.9840838026811922, 0.0, 0.0, 0.0, 0.0, 0.0, 0.0, 0.0, 0.0, 0.0, 0.0, 0.0, 0.0, 0.0, 0.0, 0.0, 0.0, 0.0, 0.0, 0.0, 0.0, 0.0], [0.0, 0.0, 0.0, 0.0, 0.0, 0.0, 0.0, 0.0, 0.0, 0.0, 0.0, 0.0, 0.0, 0.0, 0.0, 0.9838819519685593, 0.0, 0.0, 0.0, 0.0, 0.0, 0.0, 0.0, 0.0, 0.0, 0.0, 0.0, 0.0, 0.0, 0.0, 0.0, 0.0, 0.0, 0.0, 0.0, 0.0, 0.0], [0.0, 0.0, 0.0, 0.0, 0.0, 0.0, 0.0, 0.0, 0.0, 0.0, 0.0, 0.0, 0.0, 0.0, 0.0, 0.9851678226344329, 0.0, 0.0, 0.0, 0.0, 0.0, 0.0, 0.0, 0.0, 0.0, 0.0, 0.0, 0.0, 0.0, 0.0, 0.0, 0.0, 0.0, 0.0, 0.0, 0.0, 0.0], [0.0, 0.0, 0.0, 0.0, 0.0, 0.0, 0.0, 0.0, 0.0, 0.0, 0.0, 0.0, 0.0, 0.0, 0.0, 0.0, 0.9695276346724725, 0.0, 0.0, 0.0, 0.0, 0.0, 0.0, 0.0, 0.0, 0.0, 0.0, 0.0, 0.0, 0.0, 0.0, 0.0, 0.0, 0.0, 0.0, 0.0, 0.0], [0.0, 0.0, 0.0, 0.0, 0.0, 0.0, 0.0, 0.0, 0.0, 0.0, 0.0, 0.0, 0.0, 0.0, 0.0, 0.0, 0.951117335134888, 0.0, 0.0, 0.0, 0.0, 0.0, 0.0, 0.0, 0.0, 0.0, 0.0, 0.0, 0.0, 0.0, 0.0, 0.0, 0.0, 0.0, 0.0, 0.0, 0.0], [0.0, 0.0, 0.0, 0.0, 0.0, 0.0, 0.0, 0.0, 0.0, 0.0, 0.0, 0.0, 0.0, 0.0, 0.0, 0.0, 0.9558590946655741, 0.0, 0.0, 0.0, 0.0, 0.0, 0.0, 0.0, 0.0, 0.0, 0.0, 0.0, 0.0, 0.0, 0.0, 0.0, 0.0, 0.0, 0.0, 0.0, 0.0]], "Born radii": [], "Atomic SASAs": [], "Solvent H bonds": [], "Total SASA": NaN, "Total FOD": 0.0, "FOD": [0.0, 0.0, 0.0, 0.0, 0.0, 0.0, 0.0, 0.0, 0.0, 0.0, 0.0, 0.0, 0.0, 0.0, 0.0, 0.0, 0.0, 0.0, 0.0, 0.0, 0.0, 0.0, 0.0, 0.0, 0.0, 0.0, 0.0, 0.0, 0.0, 0.0, 0.0, 0.0, 0.0, 0.0, 0.0, 0.0, 0.0], "FOD s proportion": [0.0, 0.0, 0.0, 0.0, 0.0, 0.0, 0.0, 0.0, 0.0, 0.0, 0.0, 0.0, 0.0, 0.0, 0.0, 0.0, 0.0, 0.0, 0.0, 0.0, 0.0, 0.0, 0.0, 0.0, 0.0, 0.0, 0.0, 0.0, 0.0, 0.0, 0.0, 0.0, 0.0, 0.0, 0.0, 0.0, 0.0], "FOD p proportion": [0.0, 0.0, 0.0, 0.0, 0.0, 0.0, 0.0, 0.0, 0.0, 0.0, 0.0, 0.0, 0.0, 0.0, 0.0, 0.0, 0.0, 0.0, 0.0, 0.0, 0.0, 0.0, 0.0, 0.0, 0.0, 0.0, 0.0, 0.0, 0.0, 0.0, 0.0, 0.0, 0.0, 0.0, 0.0, 0.0, 0.0], "FOD d proportion": [0.0, 0.0, 0.0, 0.0, 0.0, 0.0, 0.0, 0.0, 0.0, 0.0, 0.0, 0.0, 0.0, 0.0, 0.0, 0.0, 0.0, 0.0, 0.0, 0.0, 0.0, 0.0, 0.0, 0.0, 0.0, 0.0, 0.0, 0.0, 0.0, 0.0, 0.0, 0.0, 0.0, 0.0, 0.0, 0.0, 0.0], "coordinates": [["-4.96140", "-1.52220", "1.83670"], ["-4.56120", "-1.31170", "0.38520"], ["-3.19340", "-0.81840", "0.30870"], ["-2.55260", "-0.48680", "-1.17500"], ["-2.55080", "-1.85710", "-2.55220"], ["-3.37500", "0.85210", "-1.58760"], ["-3.00510", "1.54770", "-2.76300"], ["-1.10310", "0.17470", "-0.86370"], ["0.01010", "-0.35620", "-0.21290"], ["1.12760", "0.38770", "-0.22940"], ["2.40200", "0.06310", "0.44630"], ["2.55570", "-0.75580", "1.33440"], ["3.36030", "0.86110", "-0.09020"], ["4.68750", "0.69710", "0.44380"], ["5.66430", "1.15870", "-0.63080"], ["4.83700", "1.53840", "1.70630"], ["-0.14240", "-1.69680", "0.44650"], ["-4.30320", "-2.24700", "2.32760"], ["-4.92030", "-0.58410", "2.40060"], ["-5.98570", "-1.90420", "1.89370"], ["-5.24740", "-0.59650", "-0.08060"], ["-4.65090", "-2.26260", "-0.14920"], ["-3.10450", "-0.00440", "0.90780"], ["-1.91820", "1.62110", "-2.85450"], ["-3.41950", "2.55790", "-2.71230"], ["-3.42070", "1.04500", "-3.63990"], ["1.12640", "1.33320", "-0.76300"], ["4.88570", "-0.35930", "0.66240"], ["5.53660", "0.56370", "-1.54160"], ["5.47980", "2.20240", "-0.90890"], ["6.70110", "1.06260", "-0.29430"], ["4.13820", "1.20710", "2.48130"], ["5.85270", "1.47210", "2.10840"], ["4.60620", "2.59040", "1.50540"], ["0.81330", "-2.18770", "0.64240"], ["-0.67260", "-1.59230", "1.39780"], ["-0.69630", "-2.39290", "-0.18650"]], "bond_dist": [[0.0, 1.5203034368177952, 2.44047996099128, 3.993082454695871, 5.018525040288232, 4.458676478507944, 5.8658874682353055, 5.0058074933021555, 5.502383884281431, 6.707638050759746, 7.659376463524953, 7.5727449884437545, 8.8681313358565, 9.998336567149558, 11.233044180007484, 10.266105351105647, 5.01855578827216, 1.095237458271036, 1.0953100154750708, 1.0946978989657368, 2.1481982636618993, 2.1420553727670066, 2.5718961215414597, 6.414729812704508, 6.302227591891616, 6.241587930166489, 7.209234223549684, 9.98482324881117, 11.223720136389717, 11.42057888024946, 12.134094869004445, 9.521938238089975, 11.224277802602712, 10.419318989742084, 5.934340976890358, 4.311769087045363, 4.8002640281551185], [1.5203034368177952, 0.0, 1.456047382470777, 2.6737909435855305, 3.601039860929063, 3.159278512572135, 4.528661922687539, 3.9658027913651988, 4.708236139999777, 5.968931140497435, 7.097884367189987, 7.201407574912005, 8.227832475810382, 9.464521281607432, 10.56863200277122, 9.909315741260846, 4.435972626155396, 2.1712364795203674, 2.1726002232348223, 2.1577369510670197, 1.0951489031177446, 1.0944588891319762, 2.0258625175465395, 5.107095155761248, 5.0864318829607855, 4.801687739743183, 6.376727453012243, 9.498832834090722, 10.449653020076791, 10.716588758555588, 11.529892541997086, 9.296103969405678, 10.916422211054316, 10.026088729409889, 5.4514931981980865, 4.028064681705099, 4.0537990009372695], [2.44047996099128, 1.456047382470777, 0.0, 1.6498329885173226, 3.1107203763758644, 2.533673716167889, 3.881910224361197, 2.594248149271769, 3.2784306687804152, 4.5183259975349275, 5.666081288686211, 5.840216610708887, 6.777228426871859, 8.02642990812229, 9.124167575729853, 8.484993586326391, 3.177920137448391, 2.7108137542073965, 2.7227055863607434, 3.3894138032999157, 2.102310657348242, 2.102306423906848, 1.0146033806369859, 4.193224240366832, 4.536183847685189, 4.372112396771153, 4.9435407847007795, 8.099860079655697, 9.030321727380482, 9.26456586354698, 10.089742328226228, 7.9104487590780845, 9.50353805432482, 8.59568313108388, 4.247350123312182, 2.852979610863001, 2.993289444741354], [3.993082454695871, 2.6737909435855305, 1.6498329885173226, 0.0, 1.9427828416989892, 1.6245718605220267, 2.620246267052011, 1.623434689169848, 2.7404605561839417, 3.899074460689357, 5.242047773532782, 5.697734483985719, 6.160845060541614, 7.512734566055159, 8.397694296650718, 8.185933843490307, 3.1468120836808797, 4.293146999579679, 4.28956710403276, 4.817895604929604, 2.910617200869946, 2.9340405876538247, 2.208021560130245, 2.7688311649502935, 3.519233579914809, 3.029148537130525, 4.125189086575305, 7.662936897821878, 8.165359909397749, 8.47478941390286, 9.423759151209246, 7.810546174244155, 9.234017157229026, 8.240274354655918, 4.186321342180984, 3.3728074492920586, 2.8383444382245084], [5.018525040288232, 3.601039860929063, 3.1107203763758644, 1.9427828416989892, 0.0, 2.991575411050171, 3.441436933898397, 3.0124871418812726, 3.7793166194432564, 4.895421681530611, 6.0998686977671905, 6.5111338106354415, 6.956375381619368, 8.23971726031907, 8.959614702095173, 9.178443840869758, 3.849452992309427, 5.199555347335001, 5.63607018142961, 5.618432453095791, 3.8690529177047965, 3.217026462433904, 3.9636701401605055, 3.548160550200625, 4.502498939477943, 3.219006323386147, 5.186622269839978, 8.238846415002527, 8.502212874305137, 9.147158657200606, 9.960944438656409, 8.91449184698713, 10.169738307842538, 9.35238060656216, 4.651014333454585, 4.381809475547745, 3.0533241524607244], [4.458676478507944, 3.159278512572135, 2.533673716167889, 1.6245718605220267, 2.991575411050171, 0.0, 1.4150090211726567, 2.4787963974477614, 3.8482062041943643, 4.725863028061647, 6.175192240732267, 6.804162615634638, 6.899750274466461, 8.315919504781176, 9.094966425996306, 8.874555138146361, 4.59174877143774, 5.0788548994827565, 4.511802496785514, 5.150960480337623, 2.8063094483680873, 3.660364935358222, 2.652128137929991, 2.078139275890815, 2.0436937099281782, 2.0618521261235006, 4.60152413119827, 8.64691589238614, 8.916384083248097, 8.982840687666682, 10.160941213785266, 8.551616598632098, 9.959681886988157, 8.734293865562345, 5.6351700000976015, 4.710697430317511, 4.434922761446923], [5.8658874682353055, 4.528661922687539, 3.881910224361197, 2.620246267052011, 3.441436933898397, 1.4150090211726567, 0.0, 3.0182898286943884, 4.383979500408277, 4.9843693934137745, 6.460679071119381, 7.281297662504947, 6.9378380321249935, 8.377540292949954, 8.936223710270463, 9.026254006507905, 5.387274059299378, 6.480665093954478, 5.905533611791571, 6.5180092712422555, 4.1013135322723135, 4.9049968572874745, 3.986686269321929, 1.0932115165877097, 1.0930699382930629, 1.092878886244949, 4.595139007690626, 8.811057757159466, 8.68450993723883, 8.70975584675024, 10.026969638928804, 8.868225625230789, 10.109246963053181, 8.78853511911968, 6.334835505362393, 5.710727877425084, 5.243780892638441], [5.0058074933021555, 3.9658027913651988, 2.594248149271769, 1.623434689169848, 3.0124871418812726, 2.4787963974477614, 3.0182898286943884, 0.0, 1.394492628162659, 2.328889859997677, 3.743565221817299, 4.368557118775031, 4.5816358181330825, 5.959320965512765, 6.842528857812732, 6.614330328914636, 2.4783221703402485, 5.127344984492462, 5.079610986089388, 5.980373126319127, 4.287565456060117, 4.363235769472009, 2.678785362809047, 2.5922472123622775, 3.8029821403735253, 3.7196744871023326, 2.5145442907214814, 6.203213896844119, 6.685543022073825, 6.888264131114602, 7.875158437136361, 6.302864463876722, 7.674619131266385, 6.6365915792671775, 3.394386532202837, 2.902068486442041, 2.6863834126944726], [5.502383884281431, 4.708236139999777, 3.2784306687804152, 2.7404605561839417, 3.7793166194432564, 3.8482062041943643, 4.383979500408277, 1.394492628162659, 0.0, 1.3425593878856905, 2.516255698453558, 3.0056441589116965, 3.566611083367515, 4.839294012560097, 5.868521113534482, 5.529177281476874, 1.5017566280859227, 5.351058005665796, 5.5849050860332445, 6.54092387969773, 5.264651330335182, 5.036202900003136, 3.3287332260185707, 3.8217936548170677, 5.1479253423102405, 5.047581508009554, 2.098286934620716, 4.953547724611119, 5.757939036669283, 6.078525154180083, 6.840255872407114, 5.171443719117516, 6.547296338184181, 5.723560225943289, 2.1751001310284543, 2.142049716976709, 2.1558860846528973], [6.707638050759746, 5.968931140497435, 4.5183259975349275, 3.899074460689357, 4.895421681530611, 4.725863028061647, 4.9843693934137745, 2.328889859997677, 1.3425593878856905, 0.0, 1.4785232531144041, 2.406768019564827, 2.2865768060574747, 3.636181322486545, 4.6192217796940644, 4.339434679771087, 2.5327615481920125, 6.555416213330776, 6.666212541616116, 7.769130975212092, 6.45224116722244, 6.357797132655304, 4.399731430439817, 4.20586771189965, 5.616999097382872, 5.722812807527431, 1.085679810072933, 3.9340350595794136, 4.603490614740079, 4.764084505967542, 5.614588521877628, 4.133161406236152, 5.382174487138075, 4.467893943459267, 2.737061360291362, 3.1319163271070956, 3.3256860916207955], [7.659376463524953, 7.097884367189987, 5.666081288686211, 5.242047773532782, 6.0998686977671905, 6.175192240732267, 6.460679071119381, 3.743565221817299, 2.516255698453558, 1.4785232531144041, 0.0, 1.217761269707655, 1.3575622048363014, 2.371807854780821, 3.605979070932054, 3.1134121298022848, 3.093738743009823, 7.337271886743737, 7.6061970537187635, 8.736060172640753, 7.695844081710596, 7.450295239116367, 5.526217580768965, 5.655684987691588, 7.077474355305006, 7.180876919986862, 2.168574614810383, 2.5286135845557736, 3.745405709666177, 3.9857275835159633, 4.475460805324967, 2.9093558462312585, 4.081076806432342, 3.516736518421589, 2.7619781932520757, 3.619235633390012, 4.003977363822128], [7.5727449884437545, 7.201407574912005, 5.840216610708887, 5.697734483985719, 6.5111338106354415, 6.804162615634638, 7.281297662504947, 4.368557118775031, 3.0056441589116965, 2.406768019564827, 1.217761269707655, 0.0, 2.3002677952794977, 2.729222968172443, 4.146168743551087, 3.256684347614917, 2.9922551729423077, 7.089050210712293, 7.553597773908802, 8.636385413470151, 7.9319588438165765, 7.510432661305206, 5.725771001358681, 6.5736076875639595, 7.94099512781616, 7.981472175607705, 3.2872338295290158, 2.457172409498365, 4.347208421504541, 4.7258547311571055, 4.81077783835421, 2.7699570881152655, 4.053741902242914, 3.9282115128898036, 2.3590590009577967, 3.335516856500653, 3.9457239158359774], [8.8681313358565, 8.227832475810382, 6.777228426871859, 6.160845060541614, 6.956375381619368, 6.899750274466461, 6.9378380321249935, 4.5816358181330825, 3.566611083367515, 2.2865768060574747, 1.3575622048363014, 2.3002677952794977, 0.0, 1.4399693885635207, 2.385210707673433, 2.4221458316955236, 4.370332549131702, 8.615989478870086, 8.767041920739286, 9.946379205519968, 8.73024565576479, 8.598855047621166, 6.598388688914893, 6.006789220540371, 7.464598226964395, 7.656118487850094, 2.380304068811378, 2.0934727320889563, 2.632734397921674, 2.6384911654201155, 3.3530886806047944, 2.7087740141990433, 3.37923374746406, 2.662458386529262, 4.0396897405617676, 4.94950482068661, 5.201326104946699], [9.998336567149558, 9.464521281607432, 8.02642990812229, 7.512734566055159, 8.23971726031907, 8.315919504781176, 8.377540292949954, 5.959320965512765, 4.839294012560097, 3.636181322486545, 2.371807854780821, 2.729222968172443, 1.4399693885635207, 0.0, 1.5238037800189366, 1.5244809575721172, 5.390612071926527, 9.646196853682802, 9.888395244932315, 11.080892109392636, 10.032478972317858, 9.814132037526294, 7.837261144685687, 7.44095634848102, 8.896459568277708, 9.085182845710921, 3.813452852730711, 1.096836432655298, 2.163464705050674, 2.173353323783319, 2.175538282816462, 2.1709990188850843, 2.174674504379908, 2.1721393003212293, 4.834349867355486, 5.906110426498984, 6.239445530654146], [11.233044180007484, 10.56863200277122, 9.124167575729853, 8.397694296650718, 8.959614702095173, 9.094966425996306, 8.936223710270463, 6.842528857812732, 5.868521113534482, 4.6192217796940644, 3.605979070932054, 4.146168743551087, 2.385210707673433, 1.5238037800189366, 0.0, 2.5081135919252144, 6.559894849004823, 10.94083997232388, 11.147219158157787, 12.307597517793631, 11.065651538431887, 10.878445812247264, 8.978415506647037, 7.915362385892385, 9.423684275802113, 9.571041505499808, 4.5431776874782255, 2.140772804386304, 1.0953944175501353, 1.0957598048842636, 1.0942676546439636, 3.466480950474126, 2.7634997304143165, 2.780771644705836, 6.029231476730678, 7.199966706173023, 7.298527071265818], [10.266105351105647, 9.909315741260846, 8.484993586326391, 8.185933843490307, 9.178443840869758, 8.874555138146361, 9.026254006507905, 6.614330328914636, 5.529177281476874, 4.339434679771087, 3.1134121298022848, 3.256684347614917, 2.4221458316955236, 1.5244809575721172, 2.5081135919252144, 0.0, 6.070258597456949, 9.9125437144055, 10.00959349973814, 11.358584806656152, 10.461641027104685, 10.38800884000394, 8.129283876209515, 8.151101948203076, 9.419830065346188, 9.849614575708026, 4.461849604144003, 2.1664173628366257, 3.4624174589439676, 2.7736904802086335, 2.7755458580250485, 1.0948543875785488, 1.094406958128465, 1.0955973028444344, 5.586221093905968, 6.344457967391698, 7.0466460404933065], [5.01855578827216, 4.435972626155396, 3.177920137448391, 3.1468120836808797, 3.849452992309427, 4.59174877143774, 5.387274059299378, 2.4783221703402485, 1.5017566280859227, 2.5327615481920125, 3.093738743009823, 2.9922551729423077, 4.370332549131702, 5.390612071926527, 6.559894849004823, 6.070258597456949, 0.0, 4.599294934008908, 5.280618951410904, 6.023417426179261, 5.248763616319561, 4.582745943209159, 3.442535673017783, 5.00584928358815, 6.230559681120148, 5.91298427953263, 3.5005204884416834, 5.207428220340632, 6.427553411680061, 6.974955386237249, 7.415966912682392, 5.558469448508286, 6.981766454845077, 6.484639929093983, 1.0921181758399592, 1.0940767706152983, 1.0918101574907608], [1.095237458271036, 2.1712364795203674, 2.7108137542073965, 4.293146999579679, 5.199555347335001, 5.0788548994827565, 6.480665093954478, 5.127344984492462, 5.351058005665796, 6.555416213330776, 7.337271886743737, 7.089050210712293, 8.615989478870086, 9.646196853682802, 10.94083997232388, 9.9125437144055, 4.599294934008908, 0.0, 1.7752120493056598, 1.771041303866174, 3.0684020482981036, 2.5011351203003804, 2.912381927220398, 6.892356855241899, 7.0191581909798835, 6.872199538721208, 7.200708059628581, 9.527443809333121, 10.940402514075979, 11.22404479721994, 11.786535973728668, 9.122042778895526, 10.817673421766807, 10.1712270626508, 5.387205934433916, 3.8045257904238214, 4.399058220801357], [1.0953100154750708, 2.1726002232348223, 2.7227055863607434, 4.28956710403276, 5.63607018142961, 4.511802496785514, 5.905533611791571, 5.079610986089388, 5.5849050860332445, 6.666212541616116, 7.6061970537187635, 7.553597773908802, 8.767041920739286, 9.888395244932315, 11.147219158157787, 10.00959349973814, 5.280618951410904, 1.7752120493056598, 0.0, 1.7705052329772988, 2.502698865225299, 3.0645421599318876, 2.4210810746441354, 6.441396390535208, 6.185976968111019, 6.433537690882055, 7.088510784360845, 9.961401019936906, 11.23410625239053, 11.26407796981182, 12.042883577449382, 9.23424778636571, 10.971365834753666, 10.08132112076587, 6.207815167995903, 4.479400670848724, 5.273236183786954], [1.0946978989657368, 2.1577369510670197, 3.3894138032999157, 4.817895604929604, 5.618432453095791, 5.150960480337623, 6.5180092712422555, 5.980373126319127, 6.54092387969773, 7.769130975212092, 8.736060172640753, 8.636385413470151, 9.946379205519968, 11.080892109392636, 12.307597517793631, 11.358584806656152, 6.023417426179261, 1.771041303866174, 1.7705052329772988, 0.0, 2.480529514035259, 2.4664918426785842, 3.5892272552737587, 7.177583129438488, 6.907311694863639, 6.774786682988624, 8.253531369056521, 11.049441327958622, 12.274168557992024, 12.49705647622671, 13.211515449788491, 10.60748851802348, 12.312319535327207, 11.512625750018975, 6.918997394131609, 5.3452998073073505, 5.7047184058461635], [2.1481982636618993, 1.0951489031177446, 2.102310657348242, 2.910617200869946, 3.8690529177047965, 2.8063094483680873, 4.1013135322723135, 4.287565456060117, 5.264651330335182, 6.45224116722244, 7.695844081710596, 7.9319588438165765, 8.73024565576479, 10.032478972317858, 11.065651538431887, 10.461641027104685, 5.248763616319561, 3.0684020482981036, 2.502698865225299, 2.480529514035259, 0.0, 1.7709905194551436, 2.433009942437556, 4.867837672930354, 4.496365494485518, 4.324346381824657, 6.694381098354052, 10.163071801871714, 10.944187545907644, 11.11722725952834, 12.065029330673008, 9.894735566451486, 11.501436735034453, 10.476886969419876, 6.3076723860707915, 4.909794215646925, 4.893953307909669], [2.1420553727670066, 1.0944588891319762, 2.102306423906848, 2.9340405876538247, 3.217026462433904, 3.660364935358222, 4.9049968572874745, 4.363235769472009, 5.036202900003136, 6.357797132655304, 7.450295239116367, 7.510432661305206, 8.598855047621166, 9.814132037526294, 10.878445812247264, 10.38800884000394, 4.582745943209159, 2.5011351203003804, 3.0645421599318876, 2.4664918426785842, 1.7709905194551436, 0.0, 2.933951124337282, 5.465292587776066, 5.596699725731228, 4.9637280636634395, 6.832548819437736, 9.758482720689727, 10.66357846597473, 11.097046975659786, 11.829873754609556, 9.808497700973376, 11.374108967738966, 10.582211988521117, 5.521749922805269, 4.320808023969591, 3.9569218516417535], [2.5718961215414597, 2.0258625175465395, 1.0146033806369859, 2.208021560130245, 3.9636701401605055, 2.652128137929991, 3.986686269321929, 2.678785362809047, 3.3287332260185707, 4.399731430439817, 5.526217580768965, 5.725771001358681, 6.598388688914893, 7.837261144685687, 8.978415506647037, 8.129283876209515, 3.442535673017783, 2.912381927220398, 2.4210810746441354, 3.5892272552737587, 2.433009942437556, 2.933951124337282, 0.0, 4.266668399348606, 4.446316486711219, 4.67790531007202, 4.7414408369186685, 8.001841738624927, 8.99949482915569, 9.047683218371429, 9.936464399875844, 7.510015831541235, 9.157124245635199, 8.15751232239339, 4.492926984717201, 2.9454480168558392, 3.563965765828847], [6.414729812704508, 5.107095155761248, 4.193224240366832, 2.7688311649502935, 3.548160550200625, 2.078139275890815, 1.0932115165877097, 2.5922472123622775, 3.8217936548170677, 4.20586771189965, 5.655684987691588, 6.5736076875639595, 6.006789220540371, 7.44095634848102, 7.915362385892385, 8.151101948203076, 5.00584928358815, 6.892356855241899, 6.441396390535208, 7.177583129438488, 4.867837672930354, 5.465292587776066, 4.266668399348606, 0.0, 1.775307514207046, 1.7906006310732723, 3.7049760889916685, 7.91098129058589, 7.643025854332824, 7.671614761573993, 9.00882227485924, 8.08221124445532, 9.221684456757343, 7.906710179335018, 5.847765325318724, 5.473528497231014, 4.972269060499442], [6.302227591891616, 5.0864318829607855, 4.536183847685189, 3.519233579914809, 4.502498939477943, 2.0436937099281782, 1.0930699382930629, 3.8029821403735253, 5.1479253423102405, 5.616999097382872, 7.077474355305006, 7.94099512781616, 7.464598226964395, 8.896459568277708, 9.423684275802113, 9.419830065346188, 6.230559681120148, 7.0191581909798835, 6.185976968111019, 6.907311694863639, 4.496365494485518, 5.596699725731228, 4.446316486711219, 1.775307514207046, 0.0, 1.7746294289231204, 5.095573313180766, 9.427353975002742, 9.249816178714038, 9.087143241965542, 10.51233515685264, 9.269140784884002, 10.506750352511474, 9.066526900086934, 7.189668093173704, 6.454652714128003, 6.189176400782256], [6.241587930166489, 4.801687739743183, 4.372112396771153, 3.029148537130525, 3.219006323386147, 2.0618521261235006, 1.092878886244949, 3.7196744871023326, 5.047581508009554, 5.722812807527431, 7.180876919986862, 7.981472175607705, 7.656118487850094, 9.085182845710921, 9.571041505499808, 9.849614575708026, 5.91298427953263, 6.872199538721208, 6.433537690882055, 6.774786682988624, 4.324346381824657, 4.9637280636634395, 4.67790531007202, 1.7906006310732723, 1.7746294289231204, 0.0, 5.388481350065156, 9.459287750142714, 9.212368635155672, 9.381728839078649, 10.66040263592328, 9.727915247369294, 10.918851352591993, 9.658855877380095, 6.834851759914037, 6.315522637913667, 5.582784549846071], [7.209234223549684, 6.376727453012243, 4.9435407847007795, 4.125189086575305, 5.186622269839978, 4.60152413119827, 4.595139007690626, 2.5145442907214814, 2.098286934620716, 1.085679810072933, 2.168574614810383, 3.2872338295290158, 2.380304068811378, 3.813452852730711, 4.5431776874782255, 4.461849604144003, 3.5005204884416834, 7.200708059628581, 7.088510784360845, 8.253531369056521, 6.694381098354052, 6.832548819437736, 4.7414408369186685, 3.7049760889916685, 5.095573313180766, 5.388481350065156, 0.0, 4.362184991492222, 4.544030397125441, 4.4417211765260545, 5.600909224402766, 4.428580239760819, 5.531920359151964, 4.339953737080616, 3.8039344868175635, 4.0575864611860