{"total energy": -56.2388253, "HOMO-LUMO gap/eV": 3.26629414, "electronic energy": -56.89524957, "dipole": [0.20697828, -1.21032787, 0.99951368], "partial charges": [0.03774857, -0.31971576, 0.08193637, -0.06865897, 0.01176132, -0.20658863, 0.26227463, -0.35513683, 0.26286045, -0.20005153, 0.05430273, -0.11575779, -0.10995597, -0.33564859, 0.23228363, -0.11474186, -0.05280505, -0.33720255, 0.0312954, 0.03160839, 0.05820393, 0.02679952, 0.02543057, 0.05227378, 0.05404637, 0.04641481, 0.06656157, 0.18558651, 0.18368592, 0.06233819, 0.04207361, 0.04840191, 0.04510354, 0.03755896, 0.0432861, 0.03788717, 0.06388688, 0.0669287, 0.06372401], "atomic dipole moments": [[-0.15265239, 0.04639878, -0.14938311], [0.13502787, -0.24891192, -0.01514688], [-0.02175845, 0.17334646, 0.10182267], [-0.01790649, -0.02880381, 0.13069328], [-0.04705018, 0.05079098, -0.15705277], [0.02808518, 0.08743202, 0.15450956], [0.02891623, 0.00124282, -0.0125554], [-0.15181668, 0.21851757, -0.11284499], [-0.00803583, -0.00936979, 0.01673707], [-0.08129326, -0.04852026, -0.1261491], [0.14266316, -0.06141529, -0.01668371], [0.02388401, 0.04172927, -0.11613419], [0.03521565, 0.07322866, 0.07541634], [0.25826746, -0.07236635, -0.08622157], [-0.01891492, 0.02923215, -0.01399421], [-0.03010379, -0.22175789, 0.32371314], [0.12349747, -0.0238807, -0.10851466], [-0.09661327, -0.15940582, 0.20354342], [-0.03811814, -0.0988295, 0.05784259], [0.10342043, -0.01466347, -0.06037957], [0.01758373, 0.0914613, 0.08605976], [0.09817411, -0.01678338, -0.06050252], [-0.03385101, -0.10110067, 0.0530445], [-0.01380445, -0.08121272, -0.09488108], [0.03707365, 0.10840508, -0.05326212], [0.01014765, 0.09280931, 0.0857931], [-0.03000996, -0.1099605, 0.06268553], [0.0121931, 0.11768591, -0.05330711], [0.08264754, -0.10090017, -0.01807123], [-0.07707713, 0.10900994, -0.00947281], [0.05946769, -0.10897057, 0.0281426], [0.03593171, 0.08211887, 0.09153537], [-0.12486227, -0.02115146, 0.0158874], [0.01864569, 0.04128572, -0.12082147], [-0.12394566, -0.02593049, 0.00814475], [0.06053871, -0.11194551, 0.00547427], [-0.0732973, 0.09714863, -0.03459862], [-0.07687141, -0.10602605, 0.00692448], [0.05206051, 0.03047447, 0.11771951]], "atomic quadrupole moments": [[0.11018997, -0.14215189, -0.18236071, 0.34710527, -0.11171488, 0.07217074], [-0.03649301, -0.05271643, 0.01273211, 0.11946491, 0.0662987, 0.02376089], [-0.14614355, -0.01430191, 0.02337585, 0.24102492, 0.26652749, 0.1227677], [0.21507863, -0.13795618, -0.21107358, 0.02404613, -0.05415486, -0.00400505], [0.26713103, -0.16106715, -0.26987004, 0.08399285, -0.09572836, 0.00273901], [0.09982271, -0.0550542, -0.10114367, 0.04437039, -0.00120265, 0.00132096], [0.01835128, 0.16047508, -0.01722436, 0.15442494, 0.33665549, -0.00112693], [-0.03166529, 0.09491484, 0.0016053, 0.04526053, 0.11664189, 0.03005999], [-0.15972603, 0.25476271, 0.05392434, 0.1455087, 0.22416679, 0.10580169], [0.06501457, 0.07517697, -0.06472432, -0.03253975, -0.03698044, -0.00029026], [0.12675306, 0.16072222, -0.17770522, -0.06151279, 0.00445396, 0.05095216], [-0.10290806, 0.03701437, -0.08481978, -0.0724301, -0.1211631, 0.18772784], [-0.07704895, 0.07811044, 0.02455074, 0.06411324, 0.15794974, 0.05249821], [-0.06702981, 0.06737499, 0.04530984, 0.09999627, 0.11005925, 0.02171997], [-0.14807092, 0.04968963, 0.14651935, 0.29315917, 0.21280377, 0.00155157], [0.11444523, -0.37890899, -0.08725329, -0.23579682, -0.18224643, -0.02719194], [0.11825971, -0.08399079, -0.18946493, -0.30468758, 0.0406675, 0.07120522], [-0.03284577, 0.04685187, 0.03149252, 0.10319093, 0.13226555, 0.00135325], [-0.01318178, 0.0264978, 0.03277855, 0.00151603, -0.05152375, -0.01959677], [0.04589981, -0.02432871, -0.04854518, -0.03668479, -0.00219856, 0.00264537], [-0.03836647, -0.00094023, 0.0293194, 0.01812167, 0.05832016, 0.00904707], [0.02635963, -0.00272088, -0.03039179, -0.03026391, 0.01831576, 0.00403216], [-0.02396702, 0.03220508, 0.0242147, -0.00717487, -0.01739579, -0.00024768], [-0.01905788, 0.01176082, 0.01248884, 0.01426419, 0.05132433, 0.00656904], [-0.01054044, 0.01769244, 0.04199841, -0.01634904, -0.02670174, -0.03145797], [-0.00407249, -0.0078758, 0.01266882, 0.01666074, 0.02826102, -0.00859633], [-0.00435131, 0.0204541, 0.02900437, -0.01028749, -0.02462075, -0.02465305], [0.02316953, 0.02381659, -0.02518936, -0.02909688, -0.0543661, 0.00201982], [-0.0007526, -0.02310557, 0.03585222, 0.0008525, -0.0551918, -0.03509961], [-0.0177721, -0.00726864, 0.02065183, 0.00228958, -0.01154875, -0.00287974], [-0.01410592, -0.05913452, 0.04718121, -0.00101315, -0.00706547, -0.03307529], [-0.03884572, 0.03069698, 0.0255909, 0.02322999, 0.04869935, 0.01325481], [0.08148862, 0.01843292, -0.04738393, -0.00097621, -0.00713071, -0.03410469], [-0.04398489, 0.01506862, -0.00803466, -0.02251217, -0.04357025, 0.05201955], [0.07939231, 0.02030709, -0.04372651, -0.02141949, 0.00641279, -0.0356658], [-0.00867448, -0.05844748, 0.04083581, 0.0203487, -0.01560714, -0.03216133], [0.00023584, -0.06330139, 0.02859655, 0.00990367, -0.03413462, -0.02883239], [-0.00824349, 0.04852096, 0.03602786, -0.02468488, 0.00587458, -0.02778437], [0.00613964, 0.01025138, -0.05601759, 0.02754908, 0.01943142, 0.04987795]], "number of molecular orbitals": 98, "number of electrons": 102, "number of unpaired electrons": 0, "orbital energies/eV": [-19.38463296, -18.94785582, -18.57088601, -18.06353855, -17.82082659, -17.67049094, -17.60016622, -17.36031965, -17.01833245, -16.91167305, -16.59957885, -16.36741742, -16.35165589, -16.22573332, -16.10657659, -15.88505887, -15.48068971, -15.27698953, -15.06661641, -15.02046062, -14.87652798, -14.75687935, -14.53406819, -14.2569892, -14.07473851, -14.01243615, -13.83086715, -13.75770496, -13.60077408, -13.5122448, -13.441174, -13.13818719, -13.01338466, -12.93815708, -12.90210626, -12.72867509, -12.66529203, -12.58133526, -12.53213407, -12.37941956, -12.25876417, -12.18785495, -12.10749674, -12.06474429, -11.92377514, -11.00039543, -10.63991899, -10.56106709, -10.1063524, -10.0548083, -10.01156071, -6.74526657, -6.32000435, -5.32814556, -3.60502843, -3.2555725, -0.08380242, 0.20486118, 0.35580331, 0.51442547, 0.92277059, 1.2079937, 2.08240031, 2.21532397, 2.70864704, 2.92187501, 3.00776873, 3.28894335, 3.39473733, 3.69462594, 3.8556127, 4.04619944, 4.11637974, 4.16551412, 4.43092801, 4.88836422, 4.99258468, 5.02049948, 5.12863046, 5.45742709, 5.49977379, 5.65390026, 5.89469196, 6.00761195, 6.03691769, 6.35371544, 6.41455153, 6.58257703, 6.71635871, 6.85905668, 7.50231224, 7.63309157, 8.05794322, 10.49745918, 11.88732828, 12.65658875, 14.02510681, 17.6790866], "fractional occupation": [2.0, 2.0, 2.0, 2.0, 2.0, 2.0, 2.0, 2.0, 2.0, 2.0, 2.0, 2.0, 2.0, 2.0, 2.0, 2.0, 2.0, 2.0, 2.0, 2.0, 2.0, 2.0, 2.0, 2.0, 2.0, 2.0, 2.0, 2.0, 2.0, 2.0, 2.0, 2.0, 2.0, 2.0, 2.0, 2.0, 2.0, 2.0, 2.0, 2.0, 2.0, 2.0, 2.0, 2.0, 2.0, 2.0, 2.0, 2.0, 2.0, 2.0, 2.0, 0.0, 0.0, 0.0, 0.0, 0.0, 0.0, 0.0, 0.0, 0.0, 0.0, 0.0, 0.0, 0.0, 0.0, 0.0, 0.0, 0.0, 0.0, 0.0, 0.0, 0.0, 0.0, 0.0, 0.0, 0.0, 0.0, 0.0, 0.0, 0.0, 0.0, 0.0, 0.0, 0.0, 0.0, 0.0, 0.0, 0.0, 0.0, 0.0, 0.0, 0.0, 0.0, 0.0, 0.0, 0.0, 0.0, 0.0], "program call": "xtb /home/svss/Project-DBcg-Debug/aqme2_20220329/End-to-End-workflows-final/example-3/QDESCP/mol_708_rdkit_conf_5/mol_708_rdkit_conf_5.xyz --pop --wbo --acc 0.2 --gfn 2 --chrg 0 --uhf 0 --etemp 300 --input /home/svss/Project-DBcg-Debug/aqme2_20220329/End-to-End-workflows-final/example-3/QDESCP/mol_708_rdkit_conf_5/mol_708_rdkit_conf_5_xtb.inp", "method": "GFN2-xTB", "xtb version": "6.3.3 (7355c4f)", "Dipole module/D": 4.024, "Total charge": 0, "Transition dipole module/D": NaN, "HOMO": -10.0116, "LUMO": -6.7453, "HOMO occupancy": 2.0, "LUMO occupancy": 0, "mulliken charges": [0.17114, -0.46969, 0.19538, -0.06138, 0.10087, -0.36493, 0.44211, -0.44179, 0.44381, -0.3612, 0.13556, -0.09984, -0.10488, -0.4295, 0.37705, -0.09195, -0.00921, -0.42692, 0.01467, 0.01485, 0.03456, 0.01446, 0.01232, 0.02978, 0.03813, 0.03746, 0.02995, 0.21612, 0.21722, 0.03251, 0.02943, 0.03726, 0.03009, 0.04125, 0.03155, 0.02955, 0.03421, 0.03362, 0.03638], "cm5 charges": [0.04849, -0.57536, 0.11209, -0.16294, 0.05433, -0.70432, 0.65886, -0.6173, 0.66193, -0.70011, 0.12357, -0.24204, -0.247, -0.6093, 0.54614, -0.11867, -0.13798, -0.60033, 0.07363, 0.07379, 0.09348, 0.07709, 0.07537, 0.08741, 0.0975, 0.10616, 0.09883, 0.41736, 0.41903, 0.10404, 0.08339, 0.09091, 0.08186, 0.09651, 0.08339, 0.0836, 0.08656, 0.0889, 0.09111], "FUKUI+": [0.005, 0.003, 0.005, 0.004, 0.014, -0.049, -0.032, -0.106, -0.026, -0.045, 0.008, 0.012, 0.012, -0.081, -0.049, -0.234, 0.038, -0.073, -0.004, -0.01, -0.007, -0.017, -0.007, -0.012, -0.012, -0.02, -0.017, -0.035, -0.036, -0.01, -0.017, -0.013, -0.024, 0.004, -0.029, -0.018, -0.049, -0.036, -0.037], "FUKUI-": [0.018, -0.064, 0.013, 0.007, 0.011, -0.046, 0.001, -0.066, 0.0, -0.045, 0.004, 0.009, 0.007, -0.061, 0.022, -0.246, 0.04, -0.06, -0.035, -0.04, -0.027, -0.046, -0.034, -0.023, -0.018, -0.028, -0.02, -0.027, -0.026, -0.012, -0.016, -0.014, -0.022, -0.003, -0.026, -0.016, -0.039, -0.036, -0.036], "FUKUIrad": [0.012, -0.03, 0.009, 0.005, 0.012, -0.048, -0.015, -0.086, -0.013, -0.045, 0.006, 0.01, 0.01, -0.071, -0.013, -0.24, 0.039, -0.067, -0.02, -0.025, -0.017, -0.032, -0.021, -0.017, -0.015, -0.024, -0.019, -0.031, -0.031, -0.011, -0.016, -0.014, -0.023, 0.0, -0.027, -0.017, -0.044, -0.036, -0.036], "s proportion": [0.971, 1.693, 0.995, 1.036, 1.006, 1.462, 0.979, 1.53, 0.976, 1.453, 1.028, 1.016, 1.018, 1.534, 1.019, 1.926, 1.009, 1.535, 0.985, 0.985, 0.965, 0.986, 0.988, 0.97, 0.962, 0.963, 0.97, 0.784, 0.783, 0.967, 0.971, 0.963, 0.97, 0.959, 0.968, 0.97, 0.966, 0.966, 0.964], "p proportion": [2.858, 4.776, 2.81, 3.026, 2.893, 3.903, 2.579, 3.912, 2.58, 3.908, 2.836, 3.084, 3.087, 3.895, 2.604, 4.164, 3.0, 3.892, 0.0, 0.0, 0.0, 0.0, 0.0, 0.0, 0.0, 0.0, 0.0, 0.0, 0.0, 0.0, 0.0, 0.0, 0.0, 0.0, 0.0, 0.0, 0.0, 0.0, 0.0], "d proportion": [0.0, 0.0, 0.0, 0.0, 0.0, 0.0, 0.0, 0.0, 0.0, 0.0, 0.0, 0.0, 0.0, 0.0, 0.0, 0.001, 0.0, 0.0, 0.0, 0.0, 0.0, 0.0, 0.0, 0.0, 0.0, 0.0, 0.0, 0.0, 0.0, 0.0, 0.0, 0.0, 0.0, 0.0, 0.0, 0.0, 0.0, 0.0, 0.0], "Fermi-level/eV": -8.3784, "Coordination numbers": [3.65, 1.698, 3.702, 3.801, 3.749, 2.697, 2.943, 1.85, 2.935, 2.701, 3.791, 3.755, 3.752, 1.874, 3.003, 2.035, 3.742, 1.898, 0.924, 0.924, 0.924, 0.924, 0.924, 0.924, 0.924, 0.924, 0.924, 0.86, 0.86, 0.924, 0.924, 0.924, 0.924, 0.924, 0.924, 0.924, 0.924, 0.924, 0.924], "Dispersion coefficient C6": [20.253, 19.342, 19.363, 21.814, 20.44, 25.493, 22.594, 30.092, 22.584, 25.345, 19.676, 22.772, 22.663, 29.566, 23.134, 145.859, 21.598, 29.605, 2.568, 2.564, 2.22, 2.633, 2.653, 2.292, 2.27, 2.365, 2.124, 1.183, 1.193, 2.172, 2.422, 2.34, 2.382, 2.482, 2.406, 2.477, 2.154, 2.12, 2.156], "Total dispersion C6": 15628.051649, "Total dispersion C8": 372671.2832, "Polarizability alpha": [6.465, 5.938, 6.292, 6.65, 6.448, 7.499, 7.796, 8.13, 7.794, 7.477, 6.317, 6.804, 6.789, 8.06, 7.89, 20.327, 6.63, 8.067, 2.506, 2.504, 2.33, 2.537, 2.547, 2.367, 2.356, 2.405, 2.279, 1.704, 1.711, 2.305, 2.434, 2.392, 2.414, 2.464, 2.426, 2.461, 2.295, 2.277, 2.296], "Total polarizability alpha": 190.38189, "Wiberg matrix": [[0.0, 0.9944136925047348, 0.0, 0.0, 0.0, 0.0, 0.0, 0.0, 0.0, 0.0, 0.0, 0.0, 0.0, 0.0, 0.0, 0.0, 0.0, 0.0, 0.9787800942282252, 0.978629505600706, 0.9806184211294426, 0.0, 0.0, 0.0, 0.0, 0.0, 0.0, 0.0, 0.0, 0.0, 0.0, 0.0, 0.0, 0.0, 0.0, 0.0, 0.0, 0.0, 0.0], [0.9944136925047348, 0.0, 0.9805127913999029, 0.0, 0.0, 0.0, 0.0, 0.0, 0.0, 0.0, 0.0, 0.0, 0.0, 0.0, 0.0, 0.0, 0.0, 0.0, 0.0, 0.0, 0.0, 0.0, 0.0, 0.0, 0.0, 0.0, 0.0, 0.0, 0.0, 0.0, 0.0, 0.0, 0.0, 0.0, 0.0, 0.0, 0.0, 0.0, 0.0], [0.0, 0.9805127913999029, 0.0, 1.0050333000024272, 0.0, 0.0, 0.0, 0.0, 0.0, 0.0, 0.0, 0.0, 0.0, 0.0, 0.0, 0.0, 0.0, 0.0, 0.0, 0.0, 0.0, 0.9686645787190359, 0.968207852171476, 0.0, 0.0, 0.0, 0.0, 0.0, 0.0, 0.0, 0.0, 0.0, 0.0, 0.0, 0.0, 0.0, 0.0, 0.0, 0.0], [0.0, 0.0, 1.0050333000024272, 0.0, 1.0059193305366694, 0.0, 0.0, 0.0, 0.0, 0.0, 0.0, 0.0, 0.0, 0.0, 0.0, 0.0, 0.0, 0.0, 0.0, 0.0, 0.0, 0.0, 0.0, 0.9737670959370924, 0.9744739885796082, 0.0, 0.0, 0.0, 0.0, 0.0, 0.0, 0.0, 0.0, 0.0, 0.0, 0.0, 0.0, 0.0, 0.0], [0.0, 0.0, 0.0, 1.0059193305366694, 0.0, 0.9852095512319188, 0.0, 0.0, 0.0, 0.0, 0.0, 0.0, 0.0, 0.0, 0.0, 0.0, 0.0, 0.0, 0.0, 0.0, 0.0, 0.0, 0.0, 0.0, 0.0, 0.9692391339454653, 0.9694132709842881, 0.0, 0.0, 0.0, 0.0, 0.0, 0.0, 0.0, 0.0, 0.0, 0.0, 0.0, 0.0], [0.0, 0.0, 0.0, 0.0, 0.9852095512319188, 0.0, 1.1712746554082722, 0.0, 0.0, 0.0, 0.0, 0.0, 0.0, 0.0, 0.0, 0.0, 0.0, 0.0, 0.0, 0.0, 0.0, 0.0, 0.0, 0.0, 0.0, 0.0, 0.0, 0.9323710999519338, 0.0, 0.0, 0.0, 0.0, 0.0, 0.0, 0.0, 0.0, 0.0, 0.0, 0.0], [0.0, 0.0, 0.0, 0.0, 0.0, 1.1712746554082722, 0.0, 1.3379058358074283, 0.0, 0.0, 0.0, 0.0, 0.0, 0.0, 0.0, 0.0, 0.0, 1.3195995291304354, 0.0, 0.0, 0.0, 0.0, 0.0, 0.0, 0.0, 0.0, 0.0, 0.0, 0.0, 0.0, 0.0, 0.0, 0.0, 0.0, 0.0, 0.0, 0.0, 0.0, 0.0], [0.0, 0.0, 0.0, 0.0, 0.0, 0.0, 1.3379058358074283, 0.0, 1.330658473261134, 0.0, 0.0, 0.0, 0.0, 0.0, 0.0, 0.0, 0.0, 0.0, 0.0, 0.0, 0.0, 0.0, 0.0, 0.0, 0.0, 0.0, 0.0, 0.0, 0.0, 0.0, 0.0, 0.0, 0.0, 0.0, 0.0, 0.0, 0.0, 0.0, 0.0], [0.0, 0.0, 0.0, 0.0, 0.0, 0.0, 0.0, 1.330658473261134, 0.0, 1.186176256518496, 0.0, 0.0, 0.0, 1.312169620426607, 0.0, 0.0, 0.0, 0.0, 0.0, 0.0, 0.0, 0.0, 0.0, 0.0, 0.0, 0.0, 0.0, 0.0, 0.0, 0.0, 0.0, 0.0, 0.0, 0.0, 0.0, 0.0, 0.0, 0.0, 0.0], [0.0, 0.0, 0.0, 0.0, 0.0, 0.0, 0.0, 0.0, 1.186176256518496, 0.0, 0.9783325858990628, 0.0, 0.0, 0.0, 0.0, 0.0, 0.0, 0.0, 0.0, 0.0, 0.0, 0.0, 0.0, 0.0, 0.0, 0.0, 0.0, 0.0, 0.9321363170914017, 0.0, 0.0, 0.0, 0.0, 0.0, 0.0, 0.0, 0.0, 0.0, 0.0], [0.0, 0.0, 0.0, 0.0, 0.0, 0.0, 0.0, 0.0, 0.0, 0.9783325858990628, 0.0, 1.0053138136189403, 0.9993401007855031, 0.0, 0.0, 0.0, 0.0, 0.0, 0.0, 0.0, 0.0, 0.0, 0.0, 0.0, 0.0, 0.0, 0.0, 0.0, 0.0, 0.9613681990321322, 0.0, 0.0, 0.0, 0.0, 0.0, 0.0, 0.0, 0.0, 0.0], [0.0, 0.0, 0.0, 0.0, 0.0, 0.0, 0.0, 0.0, 0.0, 0.0, 1.0053138136189403, 0.0, 0.0, 0.0, 0.0, 0.0, 0.0, 0.0, 0.0, 0.0, 0.0, 0.0, 0.0, 0.0, 0.0, 0.0, 0.0, 0.0, 0.0, 0.0, 0.9858046012700993, 0.9857749068715946, 0.9851737191732849, 0.0, 0.0, 0.0, 0.0, 0.0, 0.0], [0.0, 0.0, 0.0, 0.0, 0.0, 0.0, 0.0, 0.0, 0.0, 0.0, 0.9993401007855031, 0.0, 0.0, 0.0, 0.0, 0.0, 0.0, 0.0, 0.0, 0.0, 0.0, 0.0, 0.0, 0.0, 0.0, 0.0, 0.0, 0.0, 0.0, 0.0, 0.0, 0.0, 0.0, 0.9857049291892874, 0.9842149764128525, 0.985457558933581, 0.0, 0.0, 0.0], [0.0, 0.0, 0.0, 0.0, 0.0, 0.0, 0.0, 0.0, 1.312169620426607, 0.0, 0.0, 0.0, 0.0, 0.0, 1.379291397523698, 0.0, 0.0, 0.0, 0.0, 0.0, 0.0, 0.0, 0.0, 0.0, 0.0, 0.0, 0.0, 0.0, 0.0, 0.0, 0.0, 0.0, 0.0, 0.0, 0.0, 0.0, 0.0, 0.0, 0.0], [0.0, 0.0, 0.0, 0.0, 0.0, 0.0, 0.0, 0.0, 0.0, 0.0, 0.0, 0.0, 0.0, 1.379291397523698, 0.0, 1.0664482334746794, 0.0, 1.3788827968862927, 0.0, 0.0, 0.0, 0.0, 0.0, 0.0, 0.0, 0.0, 0.0, 0.0, 0.0, 0.0, 0.0, 0.0, 0.0, 0.0, 0.0, 0.0, 0.0, 0.0, 0.0], [0.0, 0.0, 0.0, 0.0, 0.0, 0.0, 0.0, 0.0, 0.0, 0.0, 0.0, 0.0, 0.0, 0.0, 1.0664482334746794, 0.0, 1.0120026091917802, 0.0, 0.0, 0.0, 0.0, 0.0, 0.0, 0.0, 0.0, 0.0, 0.0, 0.0, 0.0, 0.0, 0.0, 0.0, 0.0, 0.0, 0.0, 0.0, 0.0, 0.0, 0.0], [0.0, 0.0, 0.0, 0.0, 0.0, 0.0, 0.0, 0.0, 0.0, 0.0, 0.0, 0.0, 0.0, 0.0, 0.0, 1.0120026091917802, 0.0, 0.0, 0.0, 0.0, 0.0, 0.0, 0.0, 0.0, 0.0, 0.0, 0.0, 0.0, 0.0, 0.0, 0.0, 0.0, 0.0, 0.0, 0.0, 0.0, 0.9799598320569655, 0.9808238544373166, 0.9815030362743034], [0.0, 0.0, 0.0, 0.0, 0.0, 0.0, 1.3195995291304354, 0.0, 0.0, 0.0, 0.0, 0.0, 0.0, 0.0, 1.3788827968862927, 0.0, 0.0, 0.0, 0.0, 0.0, 0.0, 0.0, 0.0, 0.0, 0.0, 0.0, 0.0, 0.0, 0.0, 0.0, 0.0, 0.0, 0.0, 0.0, 0.0, 0.0, 0.0, 0.0, 0.0], [0.9787800942282252, 0.0, 0.0, 0.0, 0.0, 0.0, 0.0, 0.0, 0.0, 0.0, 0.0, 0.0, 0.0, 0.0, 0.0, 0.0, 0.0, 0.0, 0.0, 0.0, 0.0, 0.0, 0.0, 0.0, 0.0, 0.0, 0.0, 0.0, 0.0, 0.0, 0.0, 0.0, 0.0, 0.0, 0.0, 0.0, 0.0, 0.0, 0.0], [0.978629505600706, 0.0, 0.0, 0.0, 0.0, 0.0, 0.0, 0.0, 0.0, 0.0, 0.0, 0.0, 0.0, 0.0, 0.0, 0.0, 0.0, 0.0, 0.0, 0.0, 0.0, 0.0, 0.0, 0.0, 0.0, 0.0, 0.0, 0.0, 0.0, 0.0, 0.0, 0.0, 0.0, 0.0, 0.0, 0.0, 0.0, 0.0, 0.0], [0.9806184211294426, 0.0, 0.0, 0.0, 0.0, 0.0, 0.0, 0.0, 0.0, 0.0, 0.0, 0.0, 0.0, 0.0, 0.0, 0.0, 0.0, 0.0, 0.0, 0.0, 0.0, 0.0, 0.0, 0.0, 0.0, 0.0, 0.0, 0.0, 0.0, 0.0, 0.0, 0.0, 0.0, 0.0, 0.0, 0.0, 0.0, 0.0, 0.0], [0.0, 0.0, 0.9686645787190359, 0.0, 0.0, 0.0, 0.0, 0.0, 0.0, 0.0, 0.0, 0.0, 0.0, 0.0, 0.0, 0.0, 0.0, 0.0, 0.0, 0.0, 0.0, 0.0, 0.0, 0.0, 0.0, 0.0, 0.0, 0.0, 0.0, 0.0, 0.0, 0.0, 0.0, 0.0, 0.0, 0.0, 0.0, 0.0, 0.0], [0.0, 0.0, 0.968207852171476, 0.0, 0.0, 0.0, 0.0, 0.0, 0.0, 0.0, 0.0, 0.0, 0.0, 0.0, 0.0, 0.0, 0.0, 0.0, 0.0, 0.0, 0.0, 0.0, 0.0, 0.0, 0.0, 0.0, 0.0, 0.0, 0.0, 0.0, 0.0, 0.0, 0.0, 0.0, 0.0, 0.0, 0.0, 0.0, 0.0], [0.0, 0.0, 0.0, 0.9737670959370924, 0.0, 0.0, 0.0, 0.0, 0.0, 0.0, 0.0, 0.0, 0.0, 0.0, 0.0, 0.0, 0.0, 0.0, 0.0, 0.0, 0.0, 0.0, 0.0, 0.0, 0.0, 0.0, 0.0, 0.0, 0.0, 0.0, 0.0, 0.0, 0.0, 0.0, 0.0, 0.0, 0.0, 0.0, 0.0], [0.0, 0.0, 0.0, 0.9744739885796082, 0.0, 0.0, 0.0, 0.0, 0.0, 0.0, 0.0, 0.0, 0.0, 0.0, 0.0, 0.0, 0.0, 0.0, 0.0, 0.0, 0.0, 0.0, 0.0, 0.0, 0.0, 0.0, 0.0, 0.0, 0.0, 0.0, 0.0, 0.0, 0.0, 0.0, 0.0, 0.0, 0.0, 0.0, 0.0], [0.0, 0.0, 0.0, 0.0, 0.9692391339454653, 0.0, 0.0, 0.0, 0.0, 0.0, 0.0, 0.0, 0.0, 0.0, 0.0, 0.0, 0.0, 0.0, 0.0, 0.0, 0.0, 0.0, 0.0, 0.0, 0.0, 0.0, 0.0, 0.0, 0.0, 0.0, 0.0, 0.0, 0.0, 0.0, 0.0, 0.0, 0.0, 0.0, 0.0], [0.0, 0.0, 0.0, 0.0, 0.9694132709842881, 0.0, 0.0, 0.0, 0.0, 0.0, 0.0, 0.0, 0.0, 0.0, 0.0, 0.0, 0.0, 0.0, 0.0, 0.0, 0.0, 0.0, 0.0, 0.0, 0.0, 0.0, 0.0, 0.0, 0.0, 0.0, 0.0, 0.0, 0.0, 0.0, 0.0, 0.0, 0.0, 0.0, 0.0], [0.0, 0.0, 0.0, 0.0, 0.0, 0.9323710999519338, 0.0, 0.0, 0.0, 0.0, 0.0, 0.0, 0.0, 0.0, 0.0, 0.0, 0.0, 0.0, 0.0, 0.0, 0.0, 0.0, 0.0, 0.0, 0.0, 0.0, 0.0, 0.0, 0.0, 0.0, 0.0, 0.0, 0.0, 0.0, 0.0, 0.0, 0.0, 0.0, 0.0], [0.0, 0.0, 0.0, 0.0, 0.0, 0.0, 0.0, 0.0, 0.0, 0.9321363170914017, 0.0, 0.0, 0.0, 0.0, 0.0, 0.0, 0.0, 0.0, 0.0, 0.0, 0.0, 0.0, 0.0, 0.0, 0.0, 0.0, 0.0, 0.0, 0.0, 0.0, 0.0, 0.0, 0.0, 0.0, 0.0, 0.0, 0.0, 0.0, 0.0], [0.0, 0.0, 0.0, 0.0, 0.0, 0.0, 0.0, 0.0, 0.0, 0.0, 0.9613681990321322, 0.0, 0.0, 0.0, 0.0, 0.0, 0.0, 0.0, 0.0, 0.0, 0.0, 0.0, 0.0, 0.0, 0.0, 0.0, 0.0, 0.0, 0.0, 0.0, 0.0, 0.0, 0.0, 0.0, 0.0, 0.0, 0.0, 0.0, 0.0], [0.0, 0.0, 0.0, 0.0, 0.0, 0.0, 0.0, 0.0, 0.0, 0.0, 0.0, 0.9858046012700993, 0.0, 0.0, 0.0, 0.0, 0.0, 0.0, 0.0, 0.0, 0.0, 0.0, 0.0, 0.0, 0.0, 0.0, 0.0, 0.0, 0.0, 0.0, 0.0, 0.0, 0.0, 0.0, 0.0, 0.0, 0.0, 0.0, 0.0], [0.0, 0.0, 0.0, 0.0, 0.0, 0.0, 0.0, 0.0, 0.0, 0.0, 0.0, 0.9857749068715946, 0.0, 0.0, 0.0, 0.0, 0.0, 0.0, 0.0, 0.0, 0.0, 0.0, 0.0, 0.0, 0.0, 0.0, 0.0, 0.0, 0.0, 0.0, 0.0, 0.0, 0.0, 0.0, 0.0, 0.0, 0.0, 0.0, 0.0], [0.0, 0.0, 0.0, 0.0, 0.0, 0.0, 0.0, 0.0, 0.0, 0.0, 0.0, 0.9851737191732849, 0.0, 0.0, 0.0, 0.0, 0.0, 0.0, 0.0, 0.0, 0.0, 0.0, 0.0, 0.0, 0.0, 0.0, 0.0, 0.0, 0.0, 0.0, 0.0, 0.0, 0.0, 0.0, 0.0, 0.0, 0.0, 0.0, 0.0], [0.0, 0.0, 0.0, 0.0, 0.0, 0.0, 0.0, 0.0, 0.0, 0.0, 0.0, 0.0, 0.9857049291892874, 0.0, 0.0, 0.0, 0.0, 0.0, 0.0, 0.0, 0.0, 0.0, 0.0, 0.0, 0.0, 0.0, 0.0, 0.0, 0.0, 0.0, 0.0, 0.0, 0.0, 0.0, 0.0, 0.0, 0.0, 0.0, 0.0], [0.0, 0.0, 0.0, 0.0, 0.0, 0.0, 0.0, 0.0, 0.0, 0.0, 0.0, 0.0, 0.9842149764128525, 0.0, 0.0, 0.0, 0.0, 0.0, 0.0, 0.0, 0.0, 0.0, 0.0, 0.0, 0.0, 0.0, 0.0, 0.0, 0.0, 0.0, 0.0, 0.0, 0.0, 0.0, 0.0, 0.0, 0.0, 0.0, 0.0], [0.0, 0.0, 0.0, 0.0, 0.0, 0.0, 0.0, 0.0, 0.0, 0.0, 0.0, 0.0, 0.985457558933581, 0.0, 0.0, 0.0, 0.0, 0.0, 0.0, 0.0, 0.0, 0.0, 0.0, 0.0, 0.0, 0.0, 0.0, 0.0, 0.0, 0.0, 0.0, 0.0, 0.0, 0.0, 0.0, 0.0, 0.0, 0.0, 0.0], [0.0, 0.0, 0.0, 0.0, 0.0, 0.0, 0.0, 0.0, 0.0, 0.0, 0.0, 0.0, 0.0, 0.0, 0.0, 0.0, 0.9799598320569655, 0.0, 0.0, 0.0, 0.0, 0.0, 0.0, 0.0, 0.0, 0.0, 0.0, 0.0, 0.0, 0.0, 0.0, 0.0, 0.0, 0.0, 0.0, 0.0, 0.0, 0.0, 0.0], [0.0, 0.0, 0.0, 0.0, 0.0, 0.0, 0.0, 0.0, 0.0, 0.0, 0.0, 0.0, 0.0, 0.0, 0.0, 0.0, 0.9808238544373166, 0.0, 0.0, 0.0, 0.0, 0.0, 0.0, 0.0, 0.0, 0.0, 0.0, 0.0, 0.0, 0.0, 0.0, 0.0, 0.0, 0.0, 0.0, 0.0, 0.0, 0.0, 0.0], [0.0, 0.0, 0.0, 0.0, 0.0, 0.0, 0.0, 0.0, 0.0, 0.0, 0.0, 0.0, 0.0, 0.0, 0.0, 0.0, 0.9815030362743034, 0.0, 0.0, 0.0, 0.0, 0.0, 0.0, 0.0, 0.0, 0.0, 0.0, 0.0, 0.0, 0.0, 0.0, 0.0, 0.0, 0.0, 0.0, 0.0, 0.0, 0.0, 0.0]], "Born radii": [], "Atomic SASAs": [], "Solvent H bonds": [], "Total SASA": NaN, "Total FOD": 0.0, "FOD": [0.0, 0.0, 0.0, 0.0, 0.0, 0.0, 0.0, 0.0, 0.0, 0.0, 0.0, 0.0, 0.0, 0.0, 0.0, 0.0, 0.0, 0.0, 0.0, 0.0, 0.0, 0.0, 0.0, 0.0, 0.0, 0.0, 0.0, 0.0, 0.0, 0.0, 0.0, 0.0, 0.0, 0.0, 0.0, 0.0, 0.0, 0.0, 0.0], "FOD s proportion": [0.0, 0.0, 0.0, 0.0, 0.0, 0.0, 0.0, 0.0, 0.0, 0.0, 0.0, 0.0, 0.0, 0.0, 0.0, 0.0, 0.0, 0.0, 0.0, 0.0, 0.0, 0.0, 0.0, 0.0, 0.0, 0.0, 0.0, 0.0, 0.0, 0.0, 0.0, 0.0, 0.0, 0.0, 0.0, 0.0, 0.0, 0.0, 0.0], "FOD p proportion": [0.0, 0.0, 0.0, 0.0, 0.0, 0.0, 0.0, 0.0, 0.0, 0.0, 0.0, 0.0, 0.0, 0.0, 0.0, 0.0, 0.0, 0.0, 0.0, 0.0, 0.0, 0.0, 0.0, 0.0, 0.0, 0.0, 0.0, 0.0, 0.0, 0.0, 0.0, 0.0, 0.0, 0.0, 0.0, 0.0, 0.0, 0.0, 0.0], "FOD d proportion": [0.0, 0.0, 0.0, 0.0, 0.0, 0.0, 0.0, 0.0, 0.0, 0.0, 0.0, 0.0, 0.0, 0.0, 0.0, 0.0, 0.0, 0.0, 0.0, 0.0, 0.0, 0.0, 0.0, 0.0, 0.0, 0.0, 0.0, 0.0, 0.0, 0.0, 0.0, 0.0, 0.0, 0.0, 0.0, 0.0, 0.0, 0.0, 0.0], "coordinates": [["6.08490", "-0.29010", "1.28390"], ["5.07540", "0.12760", "0.37390"], ["4.82580", "-0.85850", "-0.62520"], ["3.74910", "-0.35020", "-1.57510"], ["2.42060", "-0.11550", "-0.85450"], ["1.41400", "0.27560", "-1.83200"], ["0.16330", "0.55380", "-1.28870"], ["-0.30340", "-0.16520", "-0.27580"], ["-1.51010", "0.15750", "0.16380"], ["-1.97950", "-0.60190", "1.22430"], ["-3.41520", "-0.83750", "1.30190"], ["-3.73190", "-1.37360", "2.69860"], ["-3.86080", "-1.84400", "0.24100"], ["-2.24920", "1.13200", "-0.33960"], ["-1.69250", "1.79560", "-1.34480"], ["-2.60480", "3.12450", "-2.10150"], ["-3.90570", "3.36510", "-0.86740"], ["-0.49450", "1.54690", "-1.86020"], ["5.77710", "-1.20170", "1.80500"], ["7.02970", "-0.45670", "0.75760"], ["6.23140", "0.50230", "2.02280"], ["5.74750", "-1.04650", "-1.18770"], ["4.50600", "-1.79380", "-0.15120"], ["3.61160", "-1.07470", "-2.38670"], ["4.07790", "0.59170", "-2.03200"], ["2.53680", "0.66890", "-0.09650"], ["2.12310", "-1.04240", "-0.34860"], ["1.65750", "1.09220", "-2.38540"], ["-1.39240", "-1.42760", "1.28060"], ["-3.97470", "0.09800", "1.17690"], ["-3.20710", "-2.31550", "2.89460"], ["-3.42280", "-0.65730", "3.46800"], ["-4.80620", "-1.55120", "2.81450"], ["-3.68370", "-1.46170", "-0.76980"], ["-4.93120", "-2.05660", "0.33270"], ["-3.31660", "-2.79050", "0.33580"], ["-4.53410", "4.20580", "-1.17400"], ["-4.53920", "2.47700", "-0.79010"], ["-3.47580", "3.59810", "0.11090"]], "bond_dist": [[0.0, 1.421852151244988, 2.356496165920921, 3.692350829756024, 4.246214103174733, 5.643239859336124, 6.511204537564458, 6.577130148476614, 7.690188214211666, 8.070645498347702, 9.515874671831277, 9.977219581626938, 10.120236860370415, 8.609026859639828, 8.470428498015906, 9.93132984096289, 10.853601572289266, 7.519869558044209, 1.0942123240029789, 1.094255130214156, 1.0933129561109207, 2.6066810852116147, 2.6102779373085925, 4.495121178566825, 3.9750236540176718, 3.926092048080381, 4.350502359498268, 5.914083744757087, 7.563328131847778, 10.067652296836636, 9.645613700019299, 9.762248098670716, 11.070192806812354, 10.050665461052814, 11.197310520834902, 9.77441026456328, 11.79057039417517, 11.172726579488106, 10.387541226392317], [1.421852151244988, 0.0, 1.425795981197871, 2.405403402758049, 2.935307004386424, 4.277119213910223, 5.2033269751189, 5.425802371078401, 6.588918444631107, 7.143316066085834, 8.595515712858655, 9.231812650828655, 9.152078420227832, 7.427493976436467, 7.179179904418053, 8.607815449346019, 9.62716932176847, 6.166798303009432, 2.0754441910106856, 2.075553099778466, 2.0483181637626515, 2.066113205998161, 2.0716477330859124, 3.3480065845216016, 2.64551504815225, 2.6379484092756633, 3.2568361242162616, 4.497358120052261, 6.71365688503665, 9.085702788997668, 8.995691877226566, 9.077936222512252, 10.316051393823122, 8.975285900181676, 10.24228834977809, 8.884954880020494, 10.553208038317068, 9.965696639974547, 9.23236484818489], [2.356496165920921, 1.425795981197871, 0.0, 1.523142078074137, 2.527768686015396, 3.7924831298240473, 4.916678735691401, 5.187623530095452, 6.4651686605996606, 7.0568124461402535, 8.463346643615631, 9.194955341925267, 8.785131316605348, 7.35522145213861, 7.074624079058902, 8.559063444676642, 9.702399190406465, 5.967978405624471, 2.6322290876745513, 2.632632577858141, 3.292323191911754, 1.096029716750417, 1.0962363476915002, 2.15032702861681, 2.1544188752422313, 2.8021412259199217, 2.7230339806913904, 4.116024710810177, 6.528549585474557, 9.033894891462928, 8.890406258996267, 9.210546652615141, 10.251184974431004, 8.532077686589592, 9.876844891968284, 8.423468570606767, 10.656267824149316, 9.942634321949088, 9.450909444598441], [3.692350829756024, 2.405403402758049, 1.523142078074137, 0.0, 1.529464187223748, 2.4311139956818146, 3.7090703147823985, 4.2597138096355724, 5.562438057183199, 6.380975725545428, 7.735747202436232, 8.6762445937168, 7.964937894296477, 6.30103007293252, 5.853930840896568, 7.261038648843566, 8.53816469857545, 4.6570818524050015, 4.032730124865783, 4.026806166181829, 4.453476613837778, 2.1513983847720994, 2.1643404953934584, 1.0965860932913565, 1.097288776940692, 2.1666781163800035, 2.1511204266614175, 2.6668135311641117, 5.979200239162425, 8.211666924565316, 8.49878465546692, 8.772873966380686, 9.690415225881706, 7.558469169084439, 9.049812699166761, 7.715615295619656, 9.46199870270547, 8.79233767151831, 8.404216138343896], [4.246214103174733, 2.935307004386424, 2.527768686015396, 1.529464187223748, 0.0, 1.4566087395041951, 2.394137719514063, 2.7852360366762454, 4.069627302346002, 4.8906926309061785, 6.263218549595726, 7.215302590328419, 6.606346831646064, 4.860906324956283, 4.561829557315792, 6.107966450464508, 7.220582695323141, 3.5032576639465156, 4.41801572428166, 4.8948020041672775, 4.814844625738197, 3.470741541803423, 2.767709330836604, 2.1647592198671886, 2.152505837390459, 1.0969730169881118, 1.0970800654464559, 2.0939235205708924, 4.562809158840636, 6.7135706073593955, 7.111030734007553, 7.2885442339331385, 8.231004418052512, 6.251552368812087, 7.695860984321377, 6.4411103802061955, 8.19411777008361, 7.427248457537958, 7.034938171725463], [5.643239859336124, 4.277119213910223, 3.7924831298240473, 2.4311139956818146, 1.4566087395041951, 0.0, 1.3916970288105095, 2.359136672598686, 3.5422487292678926, 4.650464298325491, 5.863573437759606, 7.051700774281337, 6.0509130054893365, 4.047185807446947, 3.4925787163641706, 4.933519524639585, 6.226931146238892, 2.29333189486389, 5.869141836759442, 6.227228752824165, 6.173995358760808, 4.576275029977984, 4.082642404129953, 2.638266085898085, 2.6900339068495027, 2.1041209518466375, 2.107230972152792, 1.0160607117687408, 4.523831336378491, 6.174391359478276, 7.099937463104869, 7.235671126440173, 7.976092309520997, 5.489355647068241, 7.098355159471805, 6.039776685441276, 7.159562113006632, 6.432130891858467, 6.222861938047478], [6.511204537564458, 5.2033269751189, 4.916678735691401, 3.7090703147823985, 2.394137719514063, 1.3916970288105095, 0.0, 1.3269273906284398, 2.251016992383665, 3.4989145931274175, 4.631693675104173, 5.897967030257121, 4.927758896293526, 2.656174373041047, 2.233653529534068, 3.8641324951404035, 4.963633989326771, 1.3211966923967073, 6.645864155999579, 7.235737896026915, 6.913068935718781, 5.809858064531353, 5.065982165385109, 3.9684240121237044, 3.984723887548546, 2.6585881779621303, 2.6967496157411426, 1.9300930262554705, 3.5982566528806696, 4.83838619789698, 6.090359393336325, 6.078903791803256, 6.7796169132186215, 4.373889168691863, 5.949542534514734, 5.092449975208397, 5.9511197979876025, 5.104978594470304, 4.9466848959682075], [6.577130148476614, 5.425802371078401, 5.187623530095452, 4.2597138096355724, 2.7852360366762454, 2.359136672598686, 1.3269273906284398, 0.0, 1.3242010194830693, 2.2913572637194752, 3.5530865201962083, 4.6970094922194905, 3.967435751212614, 2.339430682879918, 2.6300373476435652, 4.410413647267113, 5.078343621693987, 2.340540317960791, 6.509726656319756, 7.411291616175955, 6.9593627042998705, 6.1823654138201825, 5.079192010546559, 4.539858374442974, 4.780473380325425, 2.9655703228890054, 2.581217141195215, 3.1427051611629113, 2.2807796298634377, 3.957026057533612, 4.806942889196833, 4.897842097291418, 5.634372895895336, 3.6539535218718915, 5.036288221498051, 4.042972778785432, 6.1490834056792565, 5.018737587282284, 4.937214350218147], [7.690188214211666, 6.588918444631107, 6.4651686605996606, 5.562438057183199, 4.069627302346002, 3.5422487292678926, 2.251016992383665, 1.3242010194830693, 0.0, 1.3862485238946154, 2.4320161635976025, 3.702144444777918, 3.0883252063213806, 1.3226226294752408, 2.234393727613824, 3.8901209724120407, 4.134122707419314, 2.656774683709554, 7.592380780756455, 8.582425305238607, 7.96903948352623, 7.479901470607751, 6.332476284993099, 5.852792323327388, 6.019618865011305, 4.087381271670163, 3.860369931755246, 4.172022829515678, 1.9425852722596246, 2.665363956385694, 4.05620594151727, 3.9038516839142337, 4.5618133883358265, 2.8666975006093685, 4.0785648493066775, 3.4617524824862915, 5.227142405750967, 3.9326139233339448, 3.962890770637011], [8.070645498347702, 7.143316066085834, 7.0568124461402535, 6.380975725545428, 4.8906926309061785, 4.650464298325491, 3.4989145931274175, 2.2913572637194752, 1.3862485238946154, 0.0, 1.4569706963422429, 2.4166065339645177, 2.4594676232876087, 2.3505170729011944, 3.525712702419186, 5.033686789024522, 4.8808343887085535, 4.041869207433611, 7.801398341964086, 9.022448479764236, 8.323204833476105, 8.106907064966268, 6.73604751393575, 6.6725752187592455, 6.979990358875863, 4.874054879666416, 4.41581039221568, 5.397006383172064, 1.0147101014575541, 2.114930213978702, 2.689484859596722, 2.668402844399623, 3.3793696779133233, 2.7604326635511325, 3.40934532425215, 2.7142657607537255, 5.949101053100375, 4.482130816921791, 4.5954948862989715], [9.515874671831277, 8.595515712858655, 8.463346643615631, 7.735747202436232, 6.263218549595726, 5.863573437759606, 4.631693675104173, 3.5530865201962083, 2.4320161635976025, 1.4569706963422429, 0.0, 1.5292066537914357, 1.5287610735494281, 2.816559692248684, 4.111682355192337, 5.2855769524244, 4.754818555949322, 4.920846295100062, 9.213258410573319, 10.46600244314896, 9.765841101000978, 9.497202769763316, 8.109957998658194, 7.939644327046395, 8.324905372435174, 6.296909362536513, 5.782637905835017, 6.561418190452427, 2.1072236568527796, 1.0971898194934182, 2.1827695480741895, 2.1735958709014884, 2.1753637511919695, 2.180288691893805, 2.173432642158482, 2.1811190178438227, 5.728603050482726, 4.0774686080949785, 4.593114490190724], [9.977219581626938, 9.231812650828655, 9.194955341925267, 8.6762445937168, 7.215302590328419, 7.051700774281337, 5.897967030257121, 4.6970094922194905, 3.702144444777918, 2.4166065339645177, 1.5292066537914357, 0.0, 2.5055317060456446, 4.20797931197386, 5.52739220247668, 6.6741454906227515, 5.93311386457398, 6.308148416928694, 9.552442178312308, 10.97361477226169, 10.160858887909033, 10.250333968217817, 8.727022658959926, 8.93737151236313, 9.339912017251553, 7.161074636533262, 6.608793103131616, 7.8085118940807146, 2.7362200660765574, 2.130757914452038, 1.0959044894515215, 1.0957211597847327, 1.09503199040028, 3.4698535141991225, 2.73903127035819, 2.7861987617540858, 6.838878560114955, 5.258315446984899, 5.610666572698827], [10.120236860370415, 9.152078420227832, 8.785131316605348, 7.964937894296477, 6.606346831646064, 6.0509130054893365, 4.927758896293526, 3.967435751212614, 3.0883252063213806, 2.4594676232876087, 1.5287610735494281, 2.5055317060456446, 0.0, 3.4337919156524324, 4.523601959721921, 5.634787884206467, 5.325907376212996, 5.21969538766392, 9.785078522934805, 10.990653624785015, 10.513440719859508, 9.746620892904371, 8.37613772093081, 7.958227914554848, 8.609420490369835, 6.881704615863717, 6.066073683199043, 6.780183057263278, 2.7105637199667525, 2.1587602970223445, 2.773306492257933, 3.466068361991725, 2.757247767249073, 1.0950955848691932, 1.095154696835109, 1.0959027922220108, 6.249451010288824, 4.4938218444882745, 5.4572523690956425], [8.609026859639828, 7.427493976436467, 7.35522145213861, 6.30103007293252, 4.860906324956283, 4.047185807446947, 2.656174373041047, 2.339430682879918, 1.3226226294752408, 2.3505170729011944, 2.816559692248684, 4.20797931197386, 3.4337919156524324, 0.0, 1.3269163085892042, 2.6834304947212626, 2.8300707941675243, 2.3586730294807716, 8.629423882276265, 9.477647426445024, 8.82598618908958, 8.331407249078634, 7.3640021211295155, 6.5885597773716835, 6.571783339398827, 4.814494284969086, 4.883144852449085, 4.410123192156881, 3.148127449770736, 2.519182109336282, 4.823160613124966, 4.367693809094223, 4.86684271884761, 2.995019529151688, 4.220459838690567, 4.120863279702447, 3.9198517586765953, 2.693710312932703, 2.7909043373071745], [8.470428498015906, 7.179179904418053, 7.074624079058902, 5.853930840896568, 4.561829557315792, 3.4925787163641706, 2.233653529534068, 2.6300373476435652, 2.234393727613824, 3.525712702419186, 4.111682355192337, 5.52739220247668, 4.523601959721921, 1.3269163085892042, 0.0, 1.780691267457669, 2.754903854946666, 1.3276644342604045, 8.642914525205025, 9.250389931781257, 8.706408321460692, 7.965915692498886, 7.261533968108942, 6.120265885564123, 5.934571190069253, 4.551338733823269, 4.8585452349443035, 3.5777255232899012, 4.167949545040103, 3.8012173694752054, 6.096529236377039, 5.672186557228174, 6.18028918579058, 3.860764915143112, 5.304962655853479, 5.147274072749576, 3.7300036514727433, 2.979211127127448, 2.9237352188596013], [9.93132984096289, 8.607815449346019, 8.559063444676642, 7.261038648843566, 6.107966450464508, 4.933519524639585, 3.8641324951404035, 4.410413647267113, 3.8901209724120407, 5.033686789024522, 5.2855769524244, 6.6741454906227515, 5.634787884206467, 2.6834304947212626, 1.780691267457669, 0.0, 1.8092075558100016, 2.645829461624464, 10.20945621960347, 10.668787958339035, 10.097733100552816, 9.380468364106346, 8.863228622798806, 7.507213107405438, 7.146914395737506, 6.040368111299179, 6.541311216415253, 4.7305437097652945, 5.799148953079236, 4.6673584413455975, 7.410626188116629, 6.781627053296281, 7.132698539122483, 4.895986166238626, 6.17909894806678, 6.4369492409059745, 2.3982627941908286, 2.4250627971250562, 2.4243868750675914], [10.853601572289266, 9.62716932176847, 9.702399190406465, 8.53816469857545, 7.220582695323141, 6.226931146238892, 4.963633989326771, 5.078343621693987, 4.134122707419314, 4.8808343887085535, 4.754818555949322, 5.93311386457398, 5.325907376212996, 2.8300707941675243, 2.754903854946666, 1.8092075558100016, 0.0, 3.9909633573862844, 11.034219493919812, 11.69742507563096, 10.922896881780034, 10.61833682315644, 9.893628684158305, 8.861709531461749, 8.531465857635485, 7.026349514506093, 7.486096387971504, 6.198354027481812, 5.822418241590001, 3.8545902376257843, 6.849080399586502, 5.933682442632063, 6.207841295490727, 4.832888163407054, 5.646832842399356, 6.299693675886154, 1.0934654132618917, 1.0936266044679053, 1.0936973530186491], [7.519869558044209, 6.166798303009432, 5.967978405624471, 4.6570818524050015, 3.5032576639465156, 2.29333189486389, 1.3211966923967073, 2.340540317960791, 2.656774683709554, 4.041869207433611, 4.920846295100062, 6.308148416928694, 5.21969538766392, 2.3586730294807716, 1.3276644342604045, 2.645829461624464, 3.9909633573862844, 0.0, 7.766689098966174, 8.214674396468798, 7.836236913850933, 6.792683108315888, 6.251876337548593, 4.900004695916118, 4.674266149889199, 3.6152871780814313, 3.9801053767456955, 2.2613471935994265, 4.417974569867962, 4.840979204665106, 6.699586223043928, 6.467082322809877, 7.074022942428162, 4.517924607604691, 6.121954716428405, 5.621361327116413, 4.884566286785347, 4.286000246150249, 4.120777395103987], [1.0942123240029789, 2.0754441910106856, 2.6322290876745513, 4.032730124865783, 4.41801572428166, 5.869141836759442, 6.645864155999579, 6.509726656319756, 7.592380780756455, 7.801398341964086, 9.213258410573319, 9.552442178312308, 9.785078522934805, 8.629423882276265, 8.642914525205025, 10.20945621960347, 11.034219493919812, 7.766689098966174, 0.0, 1.7947363371815928, 1.776919055556555, 2.9968677798661725, 2.406864362609576, 4.719731786870944, 4.56356584262789, 4.196950166489948, 4.24441815211461, 6.3081323329492704, 7.19220108311774, 9.858059288724125, 9.118312795687588, 9.36483317363422, 10.637080397834737, 9.808360295176762, 10.842795312556628, 9.347631452405471, 12.018167193461737, 11.255817313282941, 10.560502509824047], [1.094255130214156, 2.075553099778466, 2.632632577858141, 4.026806166181829, 4.8948020041672775, 6.227228752824165, 7.235737896026915, 7.411291616175955, 8.582425305238607, 9.022448479764236, 10.46600244314896, 10.97361477226169, 10.990653624785015, 9.477647426445024, 9.250389931781257, 10.668787958339035, 11.69742507563096, 8.214674396468798, 1.7947363371815928, 0.0, 1.7769904135926002, 2.40335036355501, 2.997134554870702, 4.685291250285301, 4.194536203205308, 4.709842097140838, 5.063738390754404, 6.413896869298727, 8.493994597361127, 11.026346808440229, 10.621392596077031, 10.800058554007936, 12.06305503054678, 10.868298639621568, 12.0749057482864, 10.614634302226337, 12.617109623443874, 12.035008026170983, 11.279412847307256], [1.0933129561109207, 2.0483181637626515, 3.292323191911754, 4.453476613837778, 4.814844625738197, 6.173995358760808, 6.913068935718781, 6.9593627042998705, 7.96903948352623, 8.323204833476105, 9.765841101000978, 10.160858887909033, 10.513440719859508, 8.82598618908958, 8.706408321460692, 10.097733100552816, 10.922896881780034, 7.836236913850933, 1.776919055556555, 1.7769904135926002, 0.0, 3.5972560236936153, 3.6021321977406657, 5.366001424710954, 4.592053750774266, 4.262541168129641, 4.988763868935871, 6.379715546950351, 7.899221562280679, 10.249072275576946, 9.888645727803175, 9.830404510497011, 11.254877382717236, 10.486425452459956, 11.576184430977246, 10.23976585865126, 11.825034153861882, 11.305647741726256, 10.366729044881996], [2.6066810852116147, 2.066113205998161, 1.096029716750417, 2.1513983847720994, 3.470741541803423, 4.576275029977984, 5.809858064531353, 6.1823654138201825, 7.479901470607751, 8.106907064966268, 9.497202769763316, 10.250333968217817, 9.746620892904371, 8.331407249078634, 7.965915692498886, 9.380468364106346, 10.61833682315644, 6.792683108315888, 2.9968677798661725, 2.40335036355501, 3.5972560236936153, 0.0, 1.7816037129507782, 2.4495846688775624, 2.486786257401307, 3.8002511877506198, 3.7202662512245004, 4.768293508164111, 7.564120180827378, 10.070868197429652, 9.92272117163432, 10.291813310588177, 11.298358757801948, 9.4495801435831, 10.833584441910256, 9.355239016722127, 11.545481433877065, 10.88068632486021, 10.408070618995627], [2.6102779373085925, 2.0716477330859124, 1.0962363476915002, 2.1643404953934584, 2.767709330836604, 4.082642404129953, 5.065982165385109, 5.079192010546559, 6.332476284993099, 6.73604751393575, 8.109957998658194, 8.727022658959926, 8.37613772093081, 7.3640021211295155, 7.261533968108942, 8.863228622798806, 9.893628684158305, 6.251876337548593, 2.406864362609576, 2.997134554870702, 3.6021321977406657, 1.7816037129507782, 0.0, 2.512870155817845, 3.067782342344385, 3.1536696117380463, 2.5063481661572884, 4.629751385333774, 6.080729910134145, 8.790052863322268, 8.309090211328796, 8.78954551327883, 9.776057492159097, 8.219741021467769, 9.45325165696968, 7.900863917952265, 10.89792310534443, 10.023151644567692, 9.635891928617713], [4.495121178566825, 3.3480065845216016, 2.15032702861681, 1.0965860932913565, 2.1647592198671886, 2.638266085898085, 3.9684240121237044, 4.539858374442974, 5.852792323327388, 6.6725752187592455, 7.939644327046395, 8.93737151236313, 7.958227914554848, 6.5885597773716835, 6.120265885564123, 7.507213107405438, 8.861709531461749, 4.900004695916118, 4.719731786870944, 4.685291250285301, 5.366001424710954, 2.4495846688775624, 2.512870155817845, 0.0, 1.7663908797318895, 3.072515588243614, 2.5239903228816076, 2.9178697897610166, 6.213987745401499, 8.463239210845927, 8.71