{"total energy": -27.22218576, "HOMO-LUMO gap/eV": 11.56731128, "electronic energy": -27.56545108, "dipole": [0.04162956, 0.25573025, 0.63759547], "partial charges": [-0.10032379, -0.05190454, -0.05785955, -0.07166543, 0.14960399, -0.10988249, -0.11697896, -0.45289212, 0.03329309, 0.03274654, 0.03103008, 0.02731137, 0.02613309, 0.0416032, 0.03495252, 0.03023764, 0.02556211, 0.03687457, 0.05124131, 0.04794558, 0.03541393, 0.04612865, 0.02954106, 0.28188814], "atomic dipole moments": [[-0.08729876, 0.02379189, 0.044785], [0.00830516, -0.04702879, -0.09872053], [-0.01383075, 0.05050688, 0.10885292], [-0.00250456, -0.03911983, -0.09528746], [0.00782448, 0.08048543, -0.11443429], [0.01169451, 0.10883368, 0.04293091], [0.08548672, -0.03016161, -0.04358186], [-0.00073299, 0.01341638, 0.23054855], [0.01416151, 0.06058391, -0.10977455], [0.00855495, -0.1239899, -0.02170651], [0.09551531, 0.03212793, 0.073411], [-0.00417504, -0.05695807, 0.10921167], [0.00152338, 0.12040255, 0.02430161], [0.01041171, 0.05799418, -0.112399], [0.00484401, -0.12312775, -0.02400031], [-0.00624767, -0.05965666, 0.11034761], [0.00831914, 0.11769506, 0.03031652], [-0.0018142, -0.07866918, 0.10142421], [0.08897804, -0.04171848, -0.08392492], [-0.10584688, -0.02286988, -0.06790411], [-0.01789667, -0.06404296, 0.11043901], [-0.1073079, -0.00890677, -0.07023438], [0.00112131, 0.12209539, 0.02580785], [0.00731738, 0.07286109, 0.02559652]], "atomic quadrupole moments": [[0.153659, -0.06959852, -0.10640536, -0.12750107, 0.04358236, -0.04725364], [0.2270758, -0.01074681, -0.18770195, 0.00892249, 0.09438913, -0.03937385], [0.22535537, -0.0066146, -0.19263673, 0.01867325, 0.11231112, -0.03271864], [0.20357554, -0.0275093, -0.1797229, 0.02279378, 0.07278401, -0.02385264], [-0.13625241, 0.0129756, -0.01447961, -0.02570052, -0.15943751, 0.15073202], [-0.0981765, 0.02446858, 0.20467937, 0.00716673, 0.07421897, -0.10650287], [0.09536899, -0.07004759, -0.07335618, -0.14463716, 0.05514935, -0.0220128], [-0.11200735, 0.01361327, -0.00308385, -0.01350491, -0.08692353, 0.11509121], [-0.03533145, -0.00963509, -0.01170465, -0.00674506, -0.05542058, 0.0470361], [-0.03441843, 0.00594933, 0.07764471, -0.01068484, 0.01783008, -0.04322628], [0.03144133, 0.02150345, -0.04150583, 0.05065619, 0.02948537, 0.0100645], [-0.0166, 0.00438456, -0.00854532, -0.00520399, -0.04471788, 0.02514532], [-0.01728027, -0.00346822, 0.05668741, 0.00093052, 0.0074293, -0.03940715], [-0.01980643, 0.00209031, -0.0054647, -0.00017019, -0.04301079, 0.02527113], [-0.0183673, 0.00333465, 0.05497622, 0.00166471, 0.0079769, -0.03660892], [-0.01777564, -0.00074849, -0.00478171, -0.00862798, -0.05069543, 0.02255735], [-0.01130233, -0.00102903, 0.05956997, -0.00490497, 0.01524358, -0.04826764], [-0.05280438, 0.00106544, -0.00444971, 0.00365694, -0.05249518, 0.05725409], [0.04479426, -0.01393101, -0.03232734, -0.05760528, 0.01752838, -0.01246692], [0.05836146, -0.00074308, -0.0333877, 0.0518919, 0.00961884, -0.02497376], [-0.03905743, -0.00367549, -0.00539463, -0.00982562, -0.06011859, 0.04445206], [0.0313754, 0.01553355, -0.03912572, 0.05517148, 0.02436522, 0.00775033], [-0.03050766, 0.02345853, 0.07682001, 6.493e-05, 0.0297102, -0.04631235], [-0.09058423, 0.02339392, 0.134033, 0.00337858, 0.03395562, -0.04344877]], "number of molecular orbitals": 48, "number of electrons": 50, "number of unpaired electrons": 0, "orbital energies/eV": [-18.40934509, -17.1388604, -16.83272946, -16.39449547, -16.24954538, -15.67048335, -15.44098629, -15.06741094, -14.48822046, -14.19835099, -13.95951992, -13.83573408, -13.40277017, -13.04280812, -12.84707243, -12.69786497, -12.54620202, -12.46465021, -12.21750717, -11.97020324, -11.89997358, -11.84905209, -11.56202881, -11.40136099, -10.84721261, 0.72009868, 1.53021769, 2.13034567, 2.52687238, 3.17954912, 3.28865411, 3.77520481, 4.09958649, 4.13251672, 4.53917021, 4.81364336, 5.03451098, 5.3604956, 5.39836587, 5.76263176, 6.07267884, 6.33858818, 6.63319063, 6.97195977, 7.17923933, 7.27500475, 7.55358987, 8.3884438], "fractional occupation": [2.0, 2.0, 2.0, 2.0, 2.0, 2.0, 2.0, 2.0, 2.0, 2.0, 2.0, 2.0, 2.0, 2.0, 2.0, 2.0, 2.0, 2.0, 2.0, 2.0, 2.0, 2.0, 2.0, 2.0, 2.0, 0.0, 0.0, 0.0, 0.0, 0.0, 0.0, 0.0, 0.0, 0.0, 0.0, 0.0, 0.0, 0.0, 0.0, 0.0, 0.0, 0.0, 0.0, 0.0, 0.0, 0.0, 0.0, 0.0], "program call": "xtb /home/svss/Project-DBcg-Debug/aqme2_20220329/End-to-End-workflows-final/example-3/QDESCP/mol_897_rdkit_conf_1/mol_897_rdkit_conf_1.xyz --pop --wbo --acc 0.2 --gfn 2 --chrg 0 --uhf 0 --etemp 300 --input /home/svss/Project-DBcg-Debug/aqme2_20220329/End-to-End-workflows-final/example-3/QDESCP/mol_897_rdkit_conf_1/mol_897_rdkit_conf_1_xtb.inp", "method": "GFN2-xTB", "xtb version": "6.3.3 (7355c4f)", "Dipole module/D": 1.749, "Total charge": 0, "Transition dipole module/D": NaN, "HOMO": -10.8472, "LUMO": 0.7201, "HOMO occupancy": 2.0, "LUMO occupancy": 0, "mulliken charges": [-0.08311, -0.03982, -0.04175, -0.07566, 0.25162, -0.09694, -0.11441, -0.56948, 0.02773, 0.02707, 0.02768, 0.02072, 0.02057, 0.03204, 0.02349, 0.02482, 0.02289, 0.02461, 0.04345, 0.0409, 0.02973, 0.04168, 0.02793, 0.33422], "cm5 charges": [-0.23346, -0.15248, -0.15177, -0.18004, 0.24006, -0.23991, -0.25845, -0.77608, 0.07902, 0.07835, 0.07847, 0.07543, 0.0753, 0.09017, 0.07989, 0.08104, 0.08089, 0.07701, 0.09797, 0.09464, 0.08199, 0.09552, 0.08162, 0.50482], "FUKUI+": [0.01, -0.01, -0.015, -0.006, -0.051, 0.029, 0.025, -0.099, -0.033, -0.033, -0.062, -0.04, -0.039, -0.04, -0.045, -0.078, -0.053, -0.075, -0.044, -0.054, -0.072, -0.072, -0.047, -0.095], "FUKUI-": [0.015, 0.002, 0.003, -0.005, -0.022, 0.024, 0.004, -0.108, -0.062, -0.063, -0.074, -0.072, -0.072, -0.048, -0.055, -0.055, -0.046, -0.043, -0.049, -0.066, -0.054, -0.059, -0.045, -0.049], "FUKUIrad": [0.013, -0.004, -0.006, -0.006, -0.036, 0.026, 0.014, -0.103, -0.048, -0.048, -0.068, -0.056, -0.055, -0.044, -0.05, -0.066, -0.05, -0.059, -0.047, -0.06, -0.063, -0.065, -0.046, -0.072], "s proportion": [1.007, 1.028, 1.031, 1.045, 1.045, 1.015, 1.024, 1.701, 0.972, 0.973, 0.972, 0.979, 0.979, 0.968, 0.977, 0.975, 0.977, 0.975, 0.957, 0.959, 0.97, 0.958, 0.972, 0.666], "p proportion": [3.076, 3.012, 3.011, 3.031, 2.704, 3.082, 3.091, 4.869, 0.0, 0.0, 0.0, 0.0, 0.0, 0.0, 0.0, 0.0, 0.0, 0.0, 0.0, 0.0, 0.0, 0.0, 0.0, 0.0], "d proportion": [0.0, 0.0, 0.0, 0.0, 0.0, 0.0, 0.0, 0.0, 0.0, 0.0, 0.0, 0.0, 0.0, 0.0, 0.0, 0.0, 0.0, 0.0, 0.0, 0.0, 0.0, 0.0, 0.0, 0.0], "Fermi-level/eV": -5.0636, "Coordination numbers": [3.75, 3.8, 3.8, 3.802, 3.771, 3.752, 3.753, 1.654, 0.924, 0.924, 0.924, 0.924, 0.924, 0.924, 0.924, 0.924, 0.923, 0.924, 0.924, 0.924, 0.924, 0.924, 0.924, 0.804], "Dispersion coefficient C6": [22.479, 21.506, 21.616, 21.87, 18.207, 22.661, 22.799, 21.904, 2.54, 2.548, 2.572, 2.625, 2.642, 2.428, 2.517, 2.583, 2.651, 2.491, 2.305, 2.346, 2.511, 2.369, 2.593, 0.778], "Total dispersion C6": 3810.234953, "Total dispersion C8": 79017.129079, "Polarizability alpha": [6.762, 6.603, 6.62, 6.658, 6.08, 6.788, 6.809, 6.318, 2.492, 2.496, 2.508, 2.534, 2.542, 2.437, 2.481, 2.513, 2.546, 2.468, 2.374, 2.395, 2.478, 2.407, 2.518, 1.386], "Total polarizability alpha": 91.21408, "Wiberg matrix": [[0.0, 1.0200981425847864, 0.0, 0.0, 0.0, 0.0, 0.0, 0.0, 0.9876613548921801, 0.9876638052522335, 0.9873295392990968, 0.0, 0.0, 0.0, 0.0, 0.0, 0.0, 0.0, 0.0, 0.0, 0.0, 0.0, 0.0, 0.0], [1.0200981425847864, 0.0, 1.0069573251850252, 0.0, 0.0, 0.0, 0.0, 0.0, 0.0, 0.0, 0.0, 0.9782103005685482, 0.9781122347684418, 0.0, 0.0, 0.0, 0.0, 0.0, 0.0, 0.0, 0.0, 0.0, 0.0, 0.0], [0.0, 1.0069573251850252, 0.0, 1.0070471480315935, 0.0, 0.0, 0.0, 0.0, 0.0, 0.0, 0.0, 0.0, 0.0, 0.9759962950187384, 0.975448084380167, 0.0, 0.0, 0.0, 0.0, 0.0, 0.0, 0.0, 0.0, 0.0], [0.0, 0.0, 1.0070471480315935, 0.0, 0.9756696545034137, 0.0, 0.0, 0.0, 0.0, 0.0, 0.0, 0.0, 0.0, 0.0, 0.0, 0.9760409956752061, 0.9741646180471103, 0.0, 0.0, 0.0, 0.0, 0.0, 0.0, 0.0], [0.0, 0.0, 0.0, 0.9756696545034137, 0.0, 0.996828823787849, 0.9902434837053048, 0.9715091866612198, 0.0, 0.0, 0.0, 0.0, 0.0, 0.0, 0.0, 0.0, 0.0, 0.0, 0.0, 0.0, 0.0, 0.0, 0.0, 0.0], [0.0, 0.0, 0.0, 0.0, 0.996828823787849, 0.0, 0.0, 0.0, 0.0, 0.0, 0.0, 0.0, 0.0, 0.0, 0.0, 0.0, 0.0, 0.9860853976176979, 0.9819763288718006, 0.9839925553615775, 0.0, 0.0, 0.0, 0.0], [0.0, 0.0, 0.0, 0.0, 0.9902434837053048, 0.0, 0.0, 0.0, 0.0, 0.0, 0.0, 0.0, 0.0, 0.0, 0.0, 0.0, 0.0, 0.0, 0.0, 0.0, 0.9858951902357389, 0.9844881286281412, 0.9844748409980651, 0.0], [0.0, 0.0, 0.0, 0.0, 0.9715091866612198, 0.0, 0.0, 0.0, 0.0, 0.0, 0.0, 0.0, 0.0, 0.0, 0.0, 0.0, 0.0, 0.0, 0.0, 0.0, 0.0, 0.0, 0.0, 0.9016780455663735], [0.9876613548921801, 0.0, 0.0, 0.0, 0.0, 0.0, 0.0, 0.0, 0.0, 0.0, 0.0, 0.0, 0.0, 0.0, 0.0, 0.0, 0.0, 0.0, 0.0, 0.0, 0.0, 0.0, 0.0, 0.0], [0.9876638052522335, 0.0, 0.0, 0.0, 0.0, 0.0, 0.0, 0.0, 0.0, 0.0, 0.0, 0.0, 0.0, 0.0, 0.0, 0.0, 0.0, 0.0, 0.0, 0.0, 0.0, 0.0, 0.0, 0.0], [0.9873295392990968, 0.0, 0.0, 0.0, 0.0, 0.0, 0.0, 0.0, 0.0, 0.0, 0.0, 0.0, 0.0, 0.0, 0.0, 0.0, 0.0, 0.0, 0.0, 0.0, 0.0, 0.0, 0.0, 0.0], [0.0, 0.9782103005685482, 0.0, 0.0, 0.0, 0.0, 0.0, 0.0, 0.0, 0.0, 0.0, 0.0, 0.0, 0.0, 0.0, 0.0, 0.0, 0.0, 0.0, 0.0, 0.0, 0.0, 0.0, 0.0], [0.0, 0.9781122347684418, 0.0, 0.0, 0.0, 0.0, 0.0, 0.0, 0.0, 0.0, 0.0, 0.0, 0.0, 0.0, 0.0, 0.0, 0.0, 0.0, 0.0, 0.0, 0.0, 0.0, 0.0, 0.0], [0.0, 0.0, 0.9759962950187384, 0.0, 0.0, 0.0, 0.0, 0.0, 0.0, 0.0, 0.0, 0.0, 0.0, 0.0, 0.0, 0.0, 0.0, 0.0, 0.0, 0.0, 0.0, 0.0, 0.0, 0.0], [0.0, 0.0, 0.975448084380167, 0.0, 0.0, 0.0, 0.0, 0.0, 0.0, 0.0, 0.0, 0.0, 0.0, 0.0, 0.0, 0.0, 0.0, 0.0, 0.0, 0.0, 0.0, 0.0, 0.0, 0.0], [0.0, 0.0, 0.0, 0.9760409956752061, 0.0, 0.0, 0.0, 0.0, 0.0, 0.0, 0.0, 0.0, 0.0, 0.0, 0.0, 0.0, 0.0, 0.0, 0.0, 0.0, 0.0, 0.0, 0.0, 0.0], [0.0, 0.0, 0.0, 0.9741646180471103, 0.0, 0.0, 0.0, 0.0, 0.0, 0.0, 0.0, 0.0, 0.0, 0.0, 0.0, 0.0, 0.0, 0.0, 0.0, 0.0, 0.0, 0.0, 0.0, 0.0], [0.0, 0.0, 0.0, 0.0, 0.0, 0.9860853976176979, 0.0, 0.0, 0.0, 0.0, 0.0, 0.0, 0.0, 0.0, 0.0, 0.0, 0.0, 0.0, 0.0, 0.0, 0.0, 0.0, 0.0, 0.0], [0.0, 0.0, 0.0, 0.0, 0.0, 0.9819763288718006, 0.0, 0.0, 0.0, 0.0, 0.0, 0.0, 0.0, 0.0, 0.0, 0.0, 0.0, 0.0, 0.0, 0.0, 0.0, 0.0, 0.0, 0.0], [0.0, 0.0, 0.0, 0.0, 0.0, 0.9839925553615775, 0.0, 0.0, 0.0, 0.0, 0.0, 0.0, 0.0, 0.0, 0.0, 0.0, 0.0, 0.0, 0.0, 0.0, 0.0, 0.0, 0.0, 0.0], [0.0, 0.0, 0.0, 0.0, 0.0, 0.0, 0.9858951902357389, 0.0, 0.0, 0.0, 0.0, 0.0, 0.0, 0.0, 0.0, 0.0, 0.0, 0.0, 0.0, 0.0, 0.0, 0.0, 0.0, 0.0], [0.0, 0.0, 0.0, 0.0, 0.0, 0.0, 0.9844881286281412, 0.0, 0.0, 0.0, 0.0, 0.0, 0.0, 0.0, 0.0, 0.0, 0.0, 0.0, 0.0, 0.0, 0.0, 0.0, 0.0, 0.0], [0.0, 0.0, 0.0, 0.0, 0.0, 0.0, 0.9844748409980651, 0.0, 0.0, 0.0, 0.0, 0.0, 0.0, 0.0, 0.0, 0.0, 0.0, 0.0, 0.0, 0.0, 0.0, 0.0, 0.0, 0.0], [0.0, 0.0, 0.0, 0.0, 0.0, 0.0, 0.0, 0.9016780455663735, 0.0, 0.0, 0.0, 0.0, 0.0, 0.0, 0.0, 0.0, 0.0, 0.0, 0.0, 0.0, 0.0, 0.0, 0.0, 0.0]], "Born radii": [], "Atomic SASAs": [], "Solvent H bonds": [], "Total SASA": NaN, "Total FOD": 0.0, "FOD": [0.0, 0.0, 0.0, 0.0, 0.0, 0.0, 0.0, 0.0, 0.0, 0.0, 0.0, 0.0, 0.0, 0.0, 0.0, 0.0, 0.0, 0.0, 0.0, 0.0, 0.0, 0.0, 0.0, 0.0], "FOD s proportion": [0.0, 0.0, 0.0, 0.0, 0.0, 0.0, 0.0, 0.0, 0.0, 0.0, 0.0, 0.0, 0.0, 0.0, 0.0, 0.0, 0.0, 0.0, 0.0, 0.0, 0.0, 0.0, 0.0, 0.0], "FOD p proportion": [0.0, 0.0, 0.0, 0.0, 0.0, 0.0, 0.0, 0.0, 0.0, 0.0, 0.0, 0.0, 0.0, 0.0, 0.0, 0.0, 0.0, 0.0, 0.0, 0.0, 0.0, 0.0, 0.0, 0.0], "FOD d proportion": [0.0, 0.0, 0.0, 0.0, 0.0, 0.0, 0.0, 0.0, 0.0, 0.0, 0.0, 0.0, 0.0, 0.0, 0.0, 0.0, 0.0, 0.0, 0.0, 0.0, 0.0, 0.0, 0.0, 0.0], "coordinates": [["3.51920", "-0.03820", "-0.02010"], ["2.20700", "0.32470", "0.65680"], ["1.00510", "-0.05240", "-0.21170"], ["-0.31420", "0.31120", "0.48200"], ["-1.57600", "0.04460", "-0.36520"], ["-1.72720", "-1.43040", "-0.73990"], ["-2.82160", "0.51420", "0.39340"], ["-1.49710", "0.78930", "-1.58240"], ["3.62640", "0.48660", "-0.97480"], ["3.57780", "-1.11460", "-0.21090"], ["4.36420", "0.24020", "0.61730"], ["2.14550", "-0.19140", "1.62200"], ["2.19510", "1.40130", "0.86260"], ["1.07720", "0.46510", "-1.17530"], ["1.03750", "-1.12850", "-0.41530"], ["-0.38580", "-0.23500", "1.43120"], ["-0.27760", "1.38020", "0.73120"], ["-1.73190", "-2.07290", "0.14640"], ["-0.92560", "-1.75890", "-1.40970"], ["-2.66100", "-1.59660", "-1.29000"], ["-2.95700", "-0.03990", "1.32800"], ["-3.72210", "0.38970", "-0.21890"], ["-2.75630", "1.58230", "0.63020"], ["-1.40160", "1.72940", "-1.35270"]], "bond_dist": [[0.0, 1.5204469277156638, 2.5214303500196076, 3.8818990623147327, 5.107544702692283, 5.475495031501718, 6.378234289362535, 5.318721954567658, 1.0946958344672733, 1.0947490854072452, 1.0944452110544411, 2.1463956625002765, 2.1458239326654924, 2.747937759484374, 2.7393013744383805, 4.170614694502478, 4.122135428391455, 5.633984163094532, 4.9646796160477455, 6.498932882404619, 6.615024031702379, 7.256655258450687, 6.513893658174043, 5.395785870473364], [1.5204469277156638, 0.0, 1.5300523749205448, 2.5272884144869576, 3.928616678934202, 4.528694794308842, 5.039058222525316, 4.353185800077916, 2.168646243627577, 2.1687739439600433, 2.1592156770457187, 1.0962447263271098, 1.0961582048226433, 2.1570235534179965, 2.151492249579347, 2.763253750562912, 2.7005282390673124, 4.639388659079987, 4.292434503868405, 5.583802282495325, 5.220185686352545, 5.993771959292412, 5.1202160315752305, 4.36271318103769], [2.5214303500196076, 1.5300523749205448, 0.0, 1.5342676233304282, 2.5874791709306573, 3.1053731708121655, 3.9154583971739503, 2.9746062294024735, 2.782814456624803, 2.7833531522248482, 3.472233945171322, 2.1638597112567166, 2.164131276055129, 1.0961430654800495, 1.0956705389851458, 2.1603393205698036, 2.141663479634464, 3.4207930162463795, 2.841645428268629, 4.121598444778433, 4.250772723870332, 4.747833620715873, 4.186785122262665, 3.2045119956086916], [3.8818990623147327, 2.5272884144869576, 1.5342676233304282, 0.0, 1.5430368239287098, 2.553973212467194, 2.5171638246248493, 2.4268455616293347, 4.204920898185838, 4.202461189588786, 4.680894535235759, 2.7572324620894775, 2.76220217580104, 2.1694060154798134, 2.169095726333903, 1.0974705645255367, 1.0982719153288043, 2.7939995454545086, 2.870131157281841, 3.5053038498823463, 2.7970303984762124, 3.4801157265240477, 2.7570837600624323, 2.5612212106727523], [5.107544702692283, 3.928616678934202, 2.5874791709306573, 1.5430368239287098, 0.0, 1.5293418617169934, 1.5321610489762492, 1.429118308608493, 5.256609355849073, 5.284809132788053, 6.024080149699206, 4.225425669681103, 4.191577619465015, 2.8058069249326474, 2.865144999821126, 2.1729715046451945, 2.1614261218001416, 2.183997623625081, 2.183257350840711, 2.1739405419652122, 2.1866018133167273, 2.1785873657028305, 2.1790939722737983, 1.960643427551272], [5.475495031501718, 4.528694794308842, 3.1053731708121655, 2.553973212467194, 1.5293418617169934, 0.0, 2.5027084148977483, 2.3853344314791585, 5.6913179466622665, 5.3406549823032, 6.460499219100642, 4.702286454481479, 5.096171938818391, 3.4127925178656846, 2.800013367825233, 2.8181572578548555, 3.487828512126134, 1.094694491627687, 1.0950373737914154, 1.096455603296367, 2.7788682408491407, 2.7502419929889808, 3.4659172104942146, 3.235100499211732], [6.378234289362535, 5.039058222525316, 3.9154583971739503, 2.5171638246248493, 1.5321610489762492, 2.5027084148977483, 0.0, 2.3945283251613456, 6.591618693462176, 6.631024678735558, 7.1945068524534745, 5.16521168298067, 5.116089711879572, 4.202840936795015, 4.27142971263721, 2.751626995070371, 2.7085052778239147, 2.818074076386212, 3.4659730552905343, 2.704644997037504, 1.0949142112512744, 1.0960436989463513, 1.095981724300182, 2.557728728774809], [5.318721954567658, 4.353185800077916, 2.9746062294024735, 2.4268455616293347, 1.429118308608493, 2.3853344314791585, 2.3945283251613456, 0.0, 5.168274112312543, 5.59110521006357, 6.284507028399283, 4.949594590469001, 4.470448505463406, 2.6263770749837123, 3.3858937387342802, 3.3713444113587685, 2.681247474590885, 3.3520246598138264, 2.617204764629623, 2.6707077301719107, 3.359956667875346, 2.6399692062598, 2.66646440066242, 0.9724558344727025], [1.0946958344672733, 2.168646243627577, 2.782814456624803, 4.204920898185838, 5.256609355849073, 5.6913179466622665, 6.591618693462176, 5.168274112312543, 0.0, 1.7747525489487261, 1.7719605554300584, 3.0653089648516674, 2.502265881156517, 2.557163103910269, 3.1022558679128966, 4.733634058522057, 4.35317963791985, 6.043137312687839, 5.094321570140621, 6.63102345343462, 6.994372427173148, 7.387910846105277, 6.671989416958033, 5.193086197050844], [1.0947490854072452, 2.1687739439600433, 2.7833531522248482, 4.202461189588786, 5.284809132788053, 5.3406549823032, 6.631024678735558, 5.59110521006357, 1.7747525489487261, 0.0, 1.7719546382455733, 2.502659373546468, 3.0649656360226945, 3.1110319525842227, 2.548547951285202, 4.37953348314635, 4.687823440574528, 5.4073021249048026, 4.704556885616327, 6.349756392965007, 6.799029661650256, 7.453289374497679, 6.935527494718768, 5.846919496623842], [1.0944452110544411, 2.1592156770457187, 3.472233945171322, 4.680894535235759, 6.024080149699206, 6.460499219100642, 7.1945068524534745, 6.284507028399283, 1.7719605554300584, 1.7719546382455733, 0.0, 2.4735258923245578, 2.4725129140208755, 3.7507817545146507, 3.7425306064212758, 4.842597262833241, 4.781096155694843, 6.5371716842989525, 6.007255101125639, 7.5076669192233085, 7.360945587354928, 8.130795064444806, 7.245889805262014, 6.272405143164781], [2.1463956625002765, 1.0962447263271098, 2.1638597112567166, 2.7572324620894775, 4.225425669681103, 4.702286454481479, 5.16521168298067, 4.949594590469001, 3.0653089648516674, 2.502659373546468, 2.4735258923245578, 0.0, 1.7651747250626495, 3.0654762158594546, 2.501282011289411, 2.5388551140228546, 3.0223938873019187, 4.555399913289722, 4.59128700366248, 5.792820840488681, 5.113207848308144, 6.176999253682973, 5.306347347281367, 5.012008693128934], [2.1458239326654924, 1.0961582048226433, 2.164131276055129, 2.76220217580104, 4.191577619465015, 5.096171938818391, 5.116089711879572, 4.470448505463406, 2.502265881156517, 3.0649656360226945, 2.4725129140208755, 1.7651747250626495, 0.0, 2.505834643387309, 3.061528084143603, 3.1083481883469877, 2.4762787524832497, 5.291912421799893, 4.988885629075896, 6.0994096747144315, 5.370082774967254, 6.099691193003134, 4.960154505658064, 4.236915693048423], [2.747937759484374, 2.1570235534179965, 1.0961430654800495, 2.1694060154798134, 2.8058069249326474, 3.4127925178656846, 4.202840936795015, 2.6263770749837123, 2.557163103910269, 3.1110319525842227, 3.7507817545146507, 3.0654762158594546, 2.505834643387309, 0.0, 1.7659946347596869, 3.0699106273636043, 2.5115002090384144, 4.009909936644463, 3.002053830296852, 4.270585699877711, 4.774547678052865, 4.894248319200815, 4.382201312126132, 2.788256568180195], [2.7393013744383805, 2.151492249579347, 1.0956705389851458, 2.169095726333903, 2.865144999821126, 2.800013367825233, 4.27142971263721, 3.3858937387342802, 3.1022558679128966, 2.548547951285202, 3.7425306064212758, 2.501282011289411, 3.061528084143603, 1.7659946347596869, 0.0, 2.4967353464073843, 3.0557365642345546, 2.9794252147016547, 2.289104001569173, 3.829245349935154, 4.492234978270838, 4.999729628689936, 4.77853799085034, 3.8724049349209335], [4.170614694502478, 2.763253750562912, 2.1603393205698036, 1.0974705645255367, 2.1729715046451945, 2.8181572578548555, 2.751626995070371, 3.3713444113587685, 4.733634058522057, 4.37953348314635, 4.842597262833241, 2.5388551140228546, 3.1083481883469877, 3.0699106273636043, 2.4967353464073843, 0.0, 1.7636831574860607, 2.6154488448448006, 3.2686951616814928, 3.7993971942928, 2.5806556705612627, 3.774119472141814, 3.09248290860273, 3.555392553572671], [4.122135428391455, 2.7005282390673124, 2.141663479634464, 1.0982719153288043, 2.1614261218001416, 3.487828512126134, 2.7085052778239147, 2.681247474590885, 4.35317963791985, 4.687823440574528, 4.781096155694843, 3.0223938873019187, 2.4762787524832497, 2.5115002090384144, 3.0557365642345546, 1.7636831574860607, 0.0, 3.792212960792155, 3.8545175599548123, 4.315922061390822, 3.0906372498240553, 3.7078781681711175, 2.488975512133456, 2.3933148246730935], [5.633984163094532, 4.639388659079987, 3.4207930162463795, 2.7939995454545086, 2.183997623625081, 1.094694491627687, 2.818074076386212, 3.3520246598138264, 6.043137312687839, 5.4073021249048026, 6.5371716842989525, 4.555399913289722, 5.291912421799893, 4.009909936644463, 2.9794252147016547, 2.6154488448448006, 3.792212960792155, 0.0, 1.7804951277664312, 1.775762782581052, 2.6514406593397486, 3.1872776612651745, 3.8267407594453013, 4.100473654347751], [4.9646796160477455, 4.292434503868405, 2.841645428268629, 2.870131157281841, 2.183257350840711, 1.0950373737914154, 3.4659730552905343, 2.617204764629623, 5.094321570140621, 4.704556885616327, 6.007255101125639, 4.59128700366248, 4.988885629075896, 3.002053830296852, 2.289104001569173, 3.2686951616814928, 3.8545175599548123, 1.7804951277664312, 0.0, 1.7470782867404653, 3.8179245998316937, 3.722216926778986, 4.3216052503670435, 3.521088168450202], [6.498932882404619, 5.583802282495325, 4.121598444778433, 3.5053038498823463, 2.1739405419652122, 1.096455603296367, 2.704644997037504, 2.6707077301719107, 6.63102345343462, 6.349756392965007, 7.5076669192233085, 5.792820840488681, 6.0994096747144315, 4.270585699877711, 3.829245349935154, 3.7993971942928, 4.315922061390822, 1.775762782581052, 1.7470782867404653, 0.0, 3.0602050405160766, 2.4937073023913614, 3.7150579187948067, 3.557006557486224], [6.615024031702379, 5.220185686352545, 4.250772723870332, 2.7970303984762124, 2.1866018133167273, 2.7788682408491407, 1.0949142112512744, 3.359956667875346, 6.994372427173148, 6.799029661650256, 7.360945587354928, 5.113207848308144, 5.370082774967254, 4.774547678052865, 4.492234978270838, 2.5806556705612627, 3.0906372498240553, 2.6514406593397486, 3.8179245998316937, 3.0602050405160766, 0.0, 1.778435767746477, 1.7772839306087254, 3.5687314468869746], [7.256655258450687, 5.993771959292412, 4.747833620715873, 3.4801157265240477, 2.1785873657028305, 2.7502419929889808, 1.0960436989463513, 2.6399692062598, 7.387910846105277, 7.453289374497679, 8.130795064444806, 6.176999253682973, 6.099691193003134, 4.894248319200815, 4.999729628689936, 3.774119472141814, 3.7078781681711175, 3.1872776612651745, 3.722216926778986, 2.4937073023913614, 1.778435767746477, 0.0, 1.7538629393427527, 2.9094705325883607], [6.513893658174043, 5.1202160315752305, 4.186785122262665, 2.7570837600624323, 2.1790939722737983, 3.4659172104942146, 1.095981724300182, 2.66646440066242, 6.671989416958033, 6.935527494718768, 7.245889805262014, 5.306347347281367, 4.960154505658064, 4.382201312126132, 4.77853799085034, 3.09248290860273, 2.488975512133456, 3.8267407594453013, 4.3216052503670435, 3.7150579187948067, 1.7772839306087254, 1.7538629393427527, 0.0, 2.4059806545356928], [5.395785870473364, 4.36271318103769, 3.2045119956086916, 2.5612212106727523, 1.960643427551272, 3.235100499211732, 2.557728728774809, 0.9724558344727025, 5.193086197050844, 5.846919496623842, 6.272405143164781, 5.012008693128934, 4.236915693048423, 2.788256568180195, 3.8724049349209335, 3.555392553572671, 2.3933148246730935, 4.100473654347751, 3.521088168450202, 3.557006557486224, 3.5687314468869746, 2.9094705325883607, 2.4059806545356928, 0.0]]}