{"total energy": -28.42616091, "HOMO-LUMO gap/eV": 5.19119971, "electronic energy": -28.86275901, "dipole": [-0.15538932, 0.00013007, -0.08849938], "partial charges": [-0.09974243, -0.05192681, -0.05834065, -0.05749536, -0.05696583, -0.05331492, -0.05689844, -0.0292905, -0.09573895, 0.03202858, 0.0321571, 0.03100657, 0.02803759, 0.02766608, 0.03034482, 0.03171798, 0.02881163, 0.02793739, 0.02813513, 0.02913896, 0.03278185, 0.03099883, 0.03537771, 0.03683174, 0.03004032, 0.03480463, 0.03189699], "atomic dipole moments": [[0.05313645, 0.08289177, -0.02136672], [0.04027597, -0.10161751, -0.00737191], [-0.0402903, 0.10431587, 0.00774519], [0.03974943, -0.10011261, -0.01482449], [-0.02884271, -0.02734685, 0.10309548], [0.036791, 0.03461861, -0.10277098], [-0.0528411, -0.02350173, 0.07889831], [-0.12724337, 0.00773725, -0.08934517], [0.065734, 0.03181903, 0.02959662], [0.05243715, -0.06545925, 0.09382583], [-0.00991459, -0.07546665, -0.10021786], [-0.11540952, 0.03111553, 0.03549581], [-9.749e-05, 0.07243986, 0.10017596], [-0.0605435, 0.06251317, -0.08743768], [-0.00313239, -0.0747318, -0.09926713], [0.0553299, -0.06540293, 0.09009871], [0.00725148, 0.07348422, 0.1001819], [-0.05865626, 0.06801427, -0.08216063], [0.04555132, 0.10663402, -0.03688173], [-0.00794566, -0.06700999, -0.10422439], [-0.04371606, -0.11245089, 0.03188034], [0.0029441, 0.06609015, 0.10708278], [0.04368759, 0.11263847, -0.03642214], [-0.0013071, -0.06607683, -0.10578295], [-0.02545594, -0.14126357, 0.04408218], [0.03859243, 0.1422797, -0.03781378], [0.08180788, -0.08122745, 0.09631445]], "atomic quadrupole moments": [[-0.00980908, 0.1488071, 0.12055316, -0.04572506, -0.06095923, -0.11074408], [0.14854641, 0.07726286, 0.04370129, -0.12722726, -0.04119706, -0.1922477], [0.15839471, 0.06194957, 0.04260053, -0.12849271, -0.03381038, -0.20099524], [0.14259065, 0.06814958, 0.0215889, -0.14377552, -0.03499312, -0.16417954], [0.17126406, -0.13510154, -0.14583194, 0.00798856, -0.07911374, -0.02543212], [0.19065727, -0.11195505, -0.16954403, 0.00051114, -0.09601415, -0.02111324], [0.18477413, -0.08463517, -0.15174539, 0.00584241, -0.06729923, -0.03302874], [-0.05947281, -0.2972137, -0.21017963, -0.32189227, 0.14069631, 0.26965243], [-0.05872956, -0.20325976, -0.17996132, -0.39289006, 0.22647413, 0.23869088], [-0.00997735, -0.01792685, -0.01011946, 0.05066979, -0.04310809, 0.02009681], [-0.04836762, 0.00896025, -0.00050869, -0.00436459, 0.05088097, 0.04887632], [0.06175999, -0.03025083, -0.01803939, -0.03591935, 0.00780781, -0.0437206], [-0.02157772, 0.0129233, -0.01055426, 0.00275075, 0.03954324, 0.03213199], [-0.00479032, -0.01004863, -0.01848885, 0.0267239, -0.03582437, 0.02327917], [-0.02389343, 0.00901692, -0.01203429, 0.00207068, 0.03939265, 0.03592772], [-0.00151374, -0.012698, -0.01936565, 0.03048991, -0.03156211, 0.02087939], [-0.02456667, 0.01677727, -0.01590042, 0.00405474, 0.035036, 0.04046709], [0.00819825, -0.01220223, -0.02088802, 0.02978136, -0.03886876, 0.01268977], [0.00218049, 0.02780872, 0.04034371, -0.00221289, -0.0191574, -0.04252421], [-0.02226836, -0.00222626, 0.00884722, 0.01488507, 0.04692298, 0.01342114], [-0.008992, 0.02654648, 0.04407552, -0.00160976, -0.0115479, -0.03508352], [-0.02153716, -0.00060022, 0.00303521, 0.00925939, 0.04452836, 0.01850195], [-0.00704465, 0.02630912, 0.04733412, -0.00171221, -0.01123732, -0.04028947], [-0.02635028, 0.00693906, 0.00346985, 0.00787667, 0.04840627, 0.02288043], [0.01014987, 0.02939729, 0.0129082, 0.04510261, -0.01867796, -0.02305808], [-0.00614219, 0.02382584, 0.03393976, 0.02868757, -0.02712037, -0.02779757], [0.00831282, 0.00969612, 0.00957715, 0.04983659, -0.0286614, -0.01788997]], "number of molecular orbitals": 54, "number of electrons": 54, "number of unpaired electrons": 0, "orbital energies/eV": [-16.98823211, -16.84838406, -16.65282298, -16.32314584, -15.90776099, -15.42905714, -15.13299573, -14.98038981, -14.66688708, -14.07064308, -13.94811529, -13.70209829, -13.42164974, -13.33498764, -13.10194705, -12.8389207, -12.60783447, -12.50934445, -12.31314293, -11.98461406, -11.80094451, -11.72493521, -11.59503408, -11.50238465, -11.34300192, -11.29691409, -10.70803572, -5.51683601, 1.66617348, 2.15552834, 2.8122173, 2.99372072, 3.15424126, 3.35407415, 3.6689368, 3.90857889, 4.15823924, 4.27056931, 4.5554201, 4.68523924, 4.80822351, 5.15296319, 5.22361652, 5.58652999, 6.00311476, 6.33049128, 6.67036962, 7.07084529, 7.27194112, 7.3683224, 8.12377114, 8.42703109, 11.30103827, 15.55462933], "fractional occupation": [2.0, 2.0, 2.0, 2.0, 2.0, 2.0, 2.0, 2.0, 2.0, 2.0, 2.0, 2.0, 2.0, 2.0, 2.0, 2.0, 2.0, 2.0, 2.0, 2.0, 2.0, 2.0, 2.0, 2.0, 2.0, 2.0, 2.0, 0.0, 0.0, 0.0, 0.0, 0.0, 0.0, 0.0, 0.0, 0.0, 0.0, 0.0, 0.0, 0.0, 0.0, 0.0, 0.0, 0.0, 0.0, 0.0, 0.0, 0.0, 0.0, 0.0, 0.0, 0.0, 0.0, 0.0], "program call": "xtb /home/svss/Project-DBcg-Debug/aqme2_20220329/End-to-End-workflows-final/example-3/QDESCP/mol_445_rdkit_conf_11/mol_445_rdkit_conf_11.xyz --pop --wbo --acc 0.2 --gfn 2 --chrg 0 --uhf 0 --etemp 300 --input /home/svss/Project-DBcg-Debug/aqme2_20220329/End-to-End-workflows-final/example-3/QDESCP/mol_445_rdkit_conf_11/mol_445_rdkit_conf_11_xtb.inp", "method": "GFN2-xTB", "xtb version": "6.3.3 (7355c4f)", "Dipole module/D": 0.454, "Total charge": 0, "Transition dipole module/D": NaN, "HOMO": -10.708, "LUMO": -5.5168, "HOMO occupancy": 2.0, "LUMO occupancy": 0, "mulliken charges": [-0.08345, -0.03833, -0.04822, -0.0456, -0.04627, -0.0427, -0.04247, -0.02155, -0.08709, 0.02668, 0.02663, 0.02809, 0.02203, 0.02177, 0.02285, 0.02309, 0.02322, 0.02416, 0.02429, 0.023, 0.024, 0.02468, 0.02661, 0.03058, 0.02487, 0.02849, 0.03064], "cm5 charges": [-0.23381, -0.15093, -0.15903, -0.15616, -0.15681, -0.15243, -0.14866, -0.08596, -0.18912, 0.07796, 0.07792, 0.07888, 0.07673, 0.07647, 0.0783, 0.07905, 0.07844, 0.07908, 0.07921, 0.0782, 0.07992, 0.08018, 0.08226, 0.08571, 0.08037, 0.08132, 0.08288], "FUKUI+": [0.004, 0.003, 0.003, 0.007, 0.006, 0.002, 0.026, -0.16, -0.125, -0.001, -0.005, -0.012, -0.006, -0.01, -0.007, 0.006, -0.011, -0.025, -0.017, -0.021, -0.031, -0.023, -0.06, -0.087, -0.144, -0.157, -0.154], "FUKUI-": [0.017, 0.006, 0.008, 0.008, 0.007, -0.001, 0.006, -0.041, -0.052, -0.049, -0.053, -0.049, -0.067, -0.073, -0.054, -0.06, -0.038, -0.06, -0.044, -0.032, -0.037, -0.038, -0.046, -0.068, -0.057, -0.064, -0.071], "FUKUIrad": [0.011, 0.005, 0.006, 0.008, 0.006, 0.0, 0.016, -0.1, -0.089, -0.025, -0.029, -0.031, -0.037, -0.041, -0.031, -0.027, -0.024, -0.043, -0.031, -0.026, -0.034, -0.03, -0.053, -0.078, -0.1, -0.11, -0.112], "s proportion": [1.007, 1.027, 1.032, 1.032, 1.033, 1.032, 1.029, 1.072, 1.048, 0.973, 0.973, 0.972, 0.978, 0.978, 0.977, 0.977, 0.977, 0.976, 0.976, 0.977, 0.976, 0.975, 0.973, 0.969, 0.975, 0.972, 0.969], "p proportion": [3.076, 3.011, 3.016, 3.013, 3.014, 3.011, 3.014, 2.95, 3.04, 0.0, 0.0, 0.0, 0.0, 0.0, 0.0, 0.0, 0.0, 0.0, 0.0, 0.0, 0.0, 0.0, 0.0, 0.0, 0.0, 0.0, 0.0], "d proportion": [0.0, 0.0, 0.0, 0.0, 0.0, 0.0, 0.0, 0.0, 0.0, 0.0, 0.0, 0.0, 0.0, 0.0, 0.0, 0.0, 0.0, 0.0, 0.0, 0.0, 0.0, 0.0, 0.0, 0.0, 0.0, 0.0, 0.0], "Fermi-level/eV": -8.1124, "Coordination numbers": [3.75, 3.8, 3.801, 3.8, 3.8, 3.802, 3.805, 2.886, 2.834, 0.924, 0.924, 0.924, 0.924, 0.924, 0.924, 0.924, 0.924, 0.924, 0.924, 0.924, 0.924, 0.924, 0.924, 0.924, 0.925, 0.925, 0.925], "Dispersion coefficient C6": [22.468, 21.507, 21.624, 21.609, 21.599, 21.531, 21.594, 28.73, 30.397, 2.558, 2.556, 2.572, 2.615, 2.62, 2.582, 2.562, 2.604, 2.616, 2.613, 2.599, 2.547, 2.572, 2.511, 2.492, 2.586, 2.519, 2.56], "Total dispersion C6": 5217.543134, "Total dispersion C8": 111344.449784, "Polarizability alpha": [6.76, 6.603, 6.621, 6.618, 6.617, 6.606, 6.615, 8.787, 9.035, 2.501, 2.5, 2.508, 2.529, 2.531, 2.513, 2.503, 2.523, 2.529, 2.528, 2.521, 2.496, 2.508, 2.478, 2.469, 2.515, 2.482, 2.502], "Total polarizability alpha": 109.400039, "Wiberg matrix": [[0.0, 1.0201691286006629, 0.0, 0.0, 0.0, 0.0, 0.0, 0.0, 0.0, 0.9877069270803616, 0.9877248849759123, 0.9873977701648389, 0.0, 0.0, 0.0, 0.0, 0.0, 0.0, 0.0, 0.0, 0.0, 0.0, 0.0, 0.0, 0.0, 0.0, 0.0], [1.0201691286006629, 0.0, 1.0074353976480432, 0.0, 0.0, 0.0, 0.0, 0.0, 0.0, 0.0, 0.0, 0.0, 0.9782231108589066, 0.9780262814883189, 0.0, 0.0, 0.0, 0.0, 0.0, 0.0, 0.0, 0.0, 0.0, 0.0, 0.0, 0.0, 0.0], [0.0, 1.0074353976480432, 0.0, 1.0081829439402985, 0.0, 0.0, 0.0, 0.0, 0.0, 0.0, 0.0, 0.0, 0.0, 0.0, 0.9771127141880156, 0.97540126847473, 0.0, 0.0, 0.0, 0.0, 0.0, 0.0, 0.0, 0.0, 0.0, 0.0, 0.0], [0.0, 0.0, 1.0081829439402985, 0.0, 1.0058831773584014, 0.0, 0.0, 0.0, 0.0, 0.0, 0.0, 0.0, 0.0, 0.0, 0.0, 0.0, 0.9772759882462426, 0.9767642386992437, 0.0, 0.0, 0.0, 0.0, 0.0, 0.0, 0.0, 0.0, 0.0], [0.0, 0.0, 0.0, 1.0058831773584014, 0.0, 1.0068262186757408, 0.0, 0.0, 0.0, 0.0, 0.0, 0.0, 0.0, 0.0, 0.0, 0.0, 0.0, 0.0, 0.9769086277027726, 0.9772305599981319, 0.0, 0.0, 0.0, 0.0, 0.0, 0.0, 0.0], [0.0, 0.0, 0.0, 0.0, 1.0068262186757408, 0.0, 0.9916925261139948, 0.0, 0.0, 0.0, 0.0, 0.0, 0.0, 0.0, 0.0, 0.0, 0.0, 0.0, 0.0, 0.0, 0.9755430904677609, 0.9778106752309721, 0.0, 0.0, 0.0, 0.0, 0.0], [0.0, 0.0, 0.0, 0.0, 0.0, 0.9916925261139948, 0.0, 1.0265899687110496, 0.0, 0.0, 0.0, 0.0, 0.0, 0.0, 0.0, 0.0, 0.0, 0.0, 0.0, 0.0, 0.0, 0.0, 0.9748792768723124, 0.9621611522410309, 0.0, 0.0, 0.0], [0.0, 0.0, 0.0, 0.0, 0.0, 0.0, 1.0265899687110496, 0.0, 1.9750314440134016, 0.0, 0.0, 0.0, 0.0, 0.0, 0.0, 0.0, 0.0, 0.0, 0.0, 0.0, 0.0, 0.0, 0.0, 0.0, 0.9678387075658045, 0.0, 0.0], [0.0, 0.0, 0.0, 0.0, 0.0, 0.0, 0.0, 1.9750314440134016, 0.0, 0.0, 0.0, 0.0, 0.0, 0.0, 0.0, 0.0, 0.0, 0.0, 0.0, 0.0, 0.0, 0.0, 0.0, 0.0, 0.0, 0.9767244027555952, 0.9783148202639251], [0.9877069270803616, 0.0, 0.0, 0.0, 0.0, 0.0, 0.0, 0.0, 0.0, 0.0, 0.0, 0.0, 0.0, 0.0, 0.0, 0.0, 0.0, 0.0, 0.0, 0.0, 0.0, 0.0, 0.0, 0.0, 0.0, 0.0, 0.0], [0.9877248849759123, 0.0, 0.0, 0.0, 0.0, 0.0, 0.0, 0.0, 0.0, 0.0, 0.0, 0.0, 0.0, 0.0, 0.0, 0.0, 0.0, 0.0, 0.0, 0.0, 0.0, 0.0, 0.0, 0.0, 0.0, 0.0, 0.0], [0.9873977701648389, 0.0, 0.0, 0.0, 0.0, 0.0, 0.0, 0.0, 0.0, 0.0, 0.0, 0.0, 0.0, 0.0, 0.0, 0.0, 0.0, 0.0, 0.0, 0.0, 0.0, 0.0, 0.0, 0.0, 0.0, 0.0, 0.0], [0.0, 0.9782231108589066, 0.0, 0.0, 0.0, 0.0, 0.0, 0.0, 0.0, 0.0, 0.0, 0.0, 0.0, 0.0, 0.0, 0.0, 0.0, 0.0, 0.0, 0.0, 0.0, 0.0, 0.0, 0.0, 0.0, 0.0, 0.0], [0.0, 0.9780262814883189, 0.0, 0.0, 0.0, 0.0, 0.0, 0.0, 0.0, 0.0, 0.0, 0.0, 0.0, 0.0, 0.0, 0.0, 0.0, 0.0, 0.0, 0.0, 0.0, 0.0, 0.0, 0.0, 0.0, 0.0, 0.0], [0.0, 0.0, 0.9771127141880156, 0.0, 0.0, 0.0, 0.0, 0.0, 0.0, 0.0, 0.0, 0.0, 0.0, 0.0, 0.0, 0.0, 0.0, 0.0, 0.0, 0.0, 0.0, 0.0, 0.0, 0.0, 0.0, 0.0, 0.0], [0.0, 0.0, 0.97540126847473, 0.0, 0.0, 0.0, 0.0, 0.0, 0.0, 0.0, 0.0, 0.0, 0.0, 0.0, 0.0, 0.0, 0.0, 0.0, 0.0, 0.0, 0.0, 0.0, 0.0, 0.0, 0.0, 0.0, 0.0], [0.0, 0.0, 0.0, 0.9772759882462426, 0.0, 0.0, 0.0, 0.0, 0.0, 0.0, 0.0, 0.0, 0.0, 0.0, 0.0, 0.0, 0.0, 0.0, 0.0, 0.0, 0.0, 0.0, 0.0, 0.0, 0.0, 0.0, 0.0], [0.0, 0.0, 0.0, 0.9767642386992437, 0.0, 0.0, 0.0, 0.0, 0.0, 0.0, 0.0, 0.0, 0.0, 0.0, 0.0, 0.0, 0.0, 0.0, 0.0, 0.0, 0.0, 0.0, 0.0, 0.0, 0.0, 0.0, 0.0], [0.0, 0.0, 0.0, 0.0, 0.9769086277027726, 0.0, 0.0, 0.0, 0.0, 0.0, 0.0, 0.0, 0.0, 0.0, 0.0, 0.0, 0.0, 0.0, 0.0, 0.0, 0.0, 0.0, 0.0, 0.0, 0.0, 0.0, 0.0], [0.0, 0.0, 0.0, 0.0, 0.9772305599981319, 0.0, 0.0, 0.0, 0.0, 0.0, 0.0, 0.0, 0.0, 0.0, 0.0, 0.0, 0.0, 0.0, 0.0, 0.0, 0.0, 0.0, 0.0, 0.0, 0.0, 0.0, 0.0], [0.0, 0.0, 0.0, 0.0, 0.0, 0.9755430904677609, 0.0, 0.0, 0.0, 0.0, 0.0, 0.0, 0.0, 0.0, 0.0, 0.0, 0.0, 0.0, 0.0, 0.0, 0.0, 0.0, 0.0, 0.0, 0.0, 0.0, 0.0], [0.0, 0.0, 0.0, 0.0, 0.0, 0.9778106752309721, 0.0, 0.0, 0.0, 0.0, 0.0, 0.0, 0.0, 0.0, 0.0, 0.0, 0.0, 0.0, 0.0, 0.0, 0.0, 0.0, 0.0, 0.0, 0.0, 0.0, 0.0], [0.0, 0.0, 0.0, 0.0, 0.0, 0.0, 0.9748792768723124, 0.0, 0.0, 0.0, 0.0, 0.0, 0.0, 0.0, 0.0, 0.0, 0.0, 0.0, 0.0, 0.0, 0.0, 0.0, 0.0, 0.0, 0.0, 0.0, 0.0], [0.0, 0.0, 0.0, 0.0, 0.0, 0.0, 0.9621611522410309, 0.0, 0.0, 0.0, 0.0, 0.0, 0.0, 0.0, 0.0, 0.0, 0.0, 0.0, 0.0, 0.0, 0.0, 0.0, 0.0, 0.0, 0.0, 0.0, 0.0], [0.0, 0.0, 0.0, 0.0, 0.0, 0.0, 0.0, 0.9678387075658045, 0.0, 0.0, 0.0, 0.0, 0.0, 0.0, 0.0, 0.0, 0.0, 0.0, 0.0, 0.0, 0.0, 0.0, 0.0, 0.0, 0.0, 0.0, 0.0], [0.0, 0.0, 0.0, 0.0, 0.0, 0.0, 0.0, 0.0, 0.9767244027555952, 0.0, 0.0, 0.0, 0.0, 0.0, 0.0, 0.0, 0.0, 0.0, 0.0, 0.0, 0.0, 0.0, 0.0, 0.0, 0.0, 0.0, 0.0], [0.0, 0.0, 0.0, 0.0, 0.0, 0.0, 0.0, 0.0, 0.9783148202639251, 0.0, 0.0, 0.0, 0.0, 0.0, 0.0, 0.0, 0.0, 0.0, 0.0, 0.0, 0.0, 0.0, 0.0, 0.0, 0.0, 0.0, 0.0]], "Born radii": [], "Atomic SASAs": [], "Solvent H bonds": [], "Total SASA": NaN, "Total FOD": 0.0, "FOD": [0.0, 0.0, 0.0, 0.0, 0.0, 0.0, 0.0, 0.0, 0.0, 0.0, 0.0, 0.0, 0.0, 0.0, 0.0, 0.0, 0.0, 0.0, 0.0, 0.0, 0.0, 0.0, 0.0, 0.0, 0.0, 0.0, 0.0], "FOD s proportion": [0.0, 0.0, 0.0, 0.0, 0.0, 0.0, 0.0, 0.0, 0.0, 0.0, 0.0, 0.0, 0.0, 0.0, 0.0, 0.0, 0.0, 0.0, 0.0, 0.0, 0.0, 0.0, 0.0, 0.0, 0.0, 0.0, 0.0], "FOD p proportion": [0.0, 0.0, 0.0, 0.0, 0.0, 0.0, 0.0, 0.0, 0.0, 0.0, 0.0, 0.0, 0.0, 0.0, 0.0, 0.0, 0.0, 0.0, 0.0, 0.0, 0.0, 0.0, 0.0, 0.0, 0.0, 0.0, 0.0], "FOD d proportion": [0.0, 0.0, 0.0, 0.0, 0.0, 0.0, 0.0, 0.0, 0.0, 0.0, 0.0, 0.0, 0.0, 0.0, 0.0, 0.0, 0.0, 0.0, 0.0, 0.0, 0.0, 0.0, 0.0, 0.0, 0.0, 0.0, 0.0], "coordinates": [["-4.04470", "-1.08870", "0.61030"], ["-3.25140", "0.16830", "0.29050"], ["-1.82590", "-0.16590", "-0.15140"], ["-1.03250", "1.10380", "-0.46780"], ["0.36610", "0.82520", "-1.02600"], ["1.30180", "0.15380", "-0.01760"], ["2.71450", "0.00550", "-0.58870"], ["3.63140", "-0.66820", "0.39160"], ["4.72430", "-0.09640", "0.91240"], ["-3.57450", "-1.65370", "1.42150"], ["-4.11680", "-1.74060", "-0.26610"], ["-5.06020", "-0.82660", "0.92320"], ["-3.22480", "0.81240", "1.17720"], ["-3.76600", "0.72600", "-0.50060"], ["-1.85820", "-0.81030", "-1.03820"], ["-1.32860", "-0.73180", "0.64410"], ["-0.95210", "1.72470", "0.43270"], ["-1.58400", "1.69450", "-1.20990"], ["0.80440", "1.78100", "-1.33920"], ["0.28570", "0.20480", "-1.92690"], ["0.91430", "-0.83590", "0.25120"], ["1.33590", "0.74870", "0.90370"], ["3.10530", "0.99150", "-0.86850"], ["2.68360", "-0.59640", "-1.50480"], ["3.38240", "-1.68810", "0.67820"], ["5.01720", "0.91660", "0.65460"], ["5.35240", "-0.63640", "1.61430"]], "bond_dist": [[0.0, 1.5204097901552727, 2.520876865299057, 3.87849258088758, 5.078941576746084, 5.52477392388141, 6.951378228811895, 7.690719156879934, 8.830135032942588, 1.09469561066079, 1.0946455956153114, 1.094460172870626, 2.146577003044615, 2.1459050747877924, 2.7524245784398884, 2.7396567777734493, 4.18460704009349, 4.136952352880076, 5.962340073326915, 5.182942238728886, 4.978407541573912, 5.69323973498394, 7.591876018481861, 7.070079786678507, 7.451557231881131, 9.28122956240174, 9.461399457796928], [1.5204097901552727, 0.0, 1.5293840263321699, 2.524618060222179, 3.905252374687198, 4.563635184806078, 6.032533405626527, 6.934182669933061, 8.00428736303239, 2.168695139940144, 2.1685524964823886, 2.1591416674224972, 1.0962706144013896, 1.096212415547279, 2.159654576546907, 2.152294777673356, 2.78017666524989, 2.713062726882664, 4.658995280100635, 4.1748378914635715, 4.285209285437527, 4.664354155721883, 6.513721987466152, 6.247566980833419, 6.899553223941387, 8.310371090390609, 8.742160086042809], [2.520876865299057, 1.5293840263321699, 0.0, 1.530271417102208, 2.559700836035337, 3.1468425159197273, 4.5646293836411305, 5.507202336940236, 6.6363861197190746, 2.7830136920252477, 2.782275865186628, 3.471597058991726, 2.1631389368230605, 2.163657611545782, 1.096680851478679, 1.0956141428440946, 2.163115255828963, 2.1540719625862086, 3.4813455071279553, 2.783643888862223, 2.8495057115226143, 3.4564010777107455, 5.115715063410002, 4.727854911056387, 5.489236548920077, 6.974916476919276, 7.4072300916064435], [3.87849258088758, 2.524618060222179, 1.530271417102208, 0.0, 1.5314330413047774, 2.5601047888709556, 3.906518744355388, 5.062658942690096, 6.040378988109934, 4.199407665373773, 4.200500058326389, 4.6780009031636585, 2.7562870405674373, 2.7596794976953394, 2.1612300803014937, 2.166431208231639, 1.0967594175570137, 1.0971741657549179, 2.1429277659314603, 2.1621343737150105, 2.840673745786376, 2.7597874592076836, 4.158672939772975, 4.216093956495752, 5.347837284360848, 6.155785546134628, 6.937606536839633], [5.078941576746084, 3.905252374687198, 2.559700836035337, 1.5314330413047774, 0.0, 1.5307458998801857, 2.5254943951630544, 3.860313123310077, 4.858049851535079, 5.259613086530225, 5.220839976478881, 5.997712528122701, 4.2129344749236255, 4.1665496768909405, 2.7608910844145953, 2.8434997977844136, 2.1620724270939675, 2.142986633182764, 1.0971575866756789, 1.096804964430778, 2.165875409620784, 2.1610428917538864, 2.7487594620119093, 2.7606162808329597, 4.280074791402599, 4.946261368953323, 5.828434295760741], [5.52477392388141, 4.563635184806078, 3.1468425159197273, 2.5601047888709556, 1.5307458998801857, 0.0, 1.5309700813536495, 2.5040297122837822, 3.5554192846976576, 5.395958371781607, 5.745583483859581, 6.505484824361671, 4.7277276317486825, 5.1228213593682925, 3.457848054787833, 2.853268022811737, 2.7839831375207713, 3.481835352224456, 2.1544867509455705, 2.163443250931256, 1.0963191962197871, 1.0972066851783213, 2.1629573158063016, 2.1642400791039798, 2.864547016545548, 3.852001277258355, 4.437890716320085], [6.951378228811895, 6.032533405626527, 4.5646293836411305, 3.906518744355388, 2.5254943951630544, 1.5309700813536495, 0.0, 1.50185398424747, 2.510573810904591, 6.807743361790307, 7.0582997711913595, 7.963930694700953, 6.24858183190394, 6.521024621177259, 4.666601030728897, 4.290695134823727, 4.176465271015671, 4.660012091186031, 2.7136935180672115, 2.780210274421703, 2.1573377134792784, 2.163363575546191, 1.0969086926449259, 1.0965754100835927, 2.2179736202218456, 2.770979139221369, 3.4962495648909275], [7.690719156879934, 6.934182669933061, 5.507202336940236, 5.062658942690096, 3.860313123310077, 2.5040297122837822, 1.50185398424747, 0.0, 1.3388869593808137, 7.345535996099944, 7.849663323353429, 8.709282386052251, 7.058103297628904, 7.5803259323066055, 5.674524527218118, 4.966830096751851, 5.170699359854526, 5.945380618597938, 4.121429155038334, 4.163085363045058, 2.7258884533304, 2.745755318669164, 2.14924110094703, 2.1212762762073214, 1.0882722867003458, 2.1216035633454235, 2.111361534650094], [8.830135032942588, 8.00428736303239, 6.6363861197190746, 6.040378988109934, 4.858049851535079, 3.5554192846976576, 2.510573810904591, 1.3388869593808137, 0.0, 8.458986200485256, 9.069581307866423, 9.811714882221152, 8.005262474772454, 8.646276935768366, 6.9024488277712, 6.092069965126797, 5.98063828198964, 6.892469005371008, 4.894890124405245, 5.277643024115974, 3.9370224396109306, 3.4922090802241494, 2.641267161799427, 3.2027039091992253, 2.0950069546423946, 1.0855506667125214, 1.0857132310145252], [1.09469561066079, 2.168695139940144, 2.7830136920252477, 4.199407665373773, 5.259613086530225, 5.395958371781607, 6.807743361790307, 7.345535996099944, 8.458986200485256, 0.0, 1.7747210090602972, 1.7719203678495261, 2.50272287519014, 3.0649816883629173, 3.115627278735375, 2.549179707278402, 4.389566466064729, 4.700723290090579, 6.212358150493256, 5.437549894023962, 4.710384736940285, 5.491053702159541, 7.540617420344305, 6.988914836367661, 6.996580297545366, 9.000660341886032, 8.98674661598957], [1.0946455956153114, 2.1685524964823886, 2.782275865186628, 4.200500058326389, 5.220839976478881, 5.745583483859581, 7.0582997711913595, 7.849663323353429, 9.069581307866423, 1.7747210090602972, 0.0, 1.771957688546767, 3.0653854390598254, 2.5024321069711357, 2.56180999685769, 3.101644841048053, 4.744676134363651, 4.3710120441380615, 6.145845719671134, 5.0916445329578925, 5.1379031316287, 6.107125659424407, 7.745061948106031, 7.006355078783831, 7.558601681528138, 9.55711024996573, 9.71704226809784], [1.094460172870626, 2.1591416674224972, 3.471597058991726, 4.6780009031636585, 5.997712528122701, 6.505484824361671, 7.963930694700953, 8.709282386052251, 9.811714882221152, 1.7719203678495261, 1.771957688546767, 0.0, 2.4737684127662396, 2.472392938025831, 3.7550179293846253, 3.743223531930734, 4.860679741558788, 4.7947916805634, 6.8052600743836384, 6.145364332568087, 6.0121810302085885, 6.587263889506781, 8.555177774307205, 8.118781588391204, 8.489976561216174, 10.230585660655015, 10.437242644012835], [2.146577003044615, 1.0962706144013896, 2.1631389368230605, 2.7562870405674373, 4.2129344749236255, 4.7277276317486825, 6.24858183190394, 7.058103297628904, 8.005262474772454, 2.50272287519014, 3.0653854390598254, 2.4737684127662396, 0.0, 1.7650425603933748, 3.0673682547095646, 2.5028630985333575, 2.5596360737417343, 3.0279649040238232, 4.848186007157729, 4.725275105218743, 4.550441484076023, 4.569337416956643, 6.654857722746595, 6.639806623690181, 7.082131959374946, 8.259208945171444, 8.70967494743633], [2.1459050747877924, 1.096212415547279, 2.163657611545782, 2.7596794976953394, 4.1665496768909405, 5.1228213593682925, 6.521024621177259, 7.5803259323066055, 8.646276935768366, 3.0649816883629173, 2.5024321069711357, 2.472392938025831, 1.7650425603933748, 0.0, 2.5077743698347343, 3.062096943272698, 3.1283356261756827, 2.490426216534029, 4.764958669285601, 4.326922002994738, 4.9909861690852235, 5.291687574866831, 6.8862620012601905, 6.659917383871965, 7.636561451988716, 8.860892598378564, 9.459077879476414], [2.7524245784398884, 2.159654576546907, 1.096680851478679, 2.1612300803014937, 2.7608910844145953, 3.457848054787833, 4.666601030728897, 5.674524527218118, 6.9024488277712, 3.115627278735375, 2.56180999685769, 3.7550179293846253, 3.0673682547095646, 2.5077743698347343, 0.0, 1.7654381042676066, 3.0677009339242964, 2.525606772639003, 3.7275830574247437, 2.5330856499534318, 3.0577710787434693, 4.050152024307236, 5.283144289152057, 4.570712855780814, 5.58394575188549, 7.2882700697765035, 7.684969083867547], [2.7396567777734493, 2.152294777673356, 1.0956141428440946, 2.166431208231639, 2.8434997977844136, 2.853268022811737, 4.290695134823727, 4.966830096751851, 6.092069965126797, 2.549179707278402, 3.101644841048053, 3.743223531930734, 2.5028630985333575, 3.062096943272698, 1.7654381042676066, 0.0, 2.4941600710459624, 3.064225326244792, 3.8467300048222777, 3.176983640184507, 2.2794314269132996, 3.059220923699366, 4.991712217265735, 4.553444104191903, 4.807202252870167, 6.556409875076451, 6.751751639389589], [4.18460704009349, 2.78017666524989, 2.163115255828963, 1.0967594175570137, 2.1620724270939675, 2.7839831375207713, 4.176465271015671, 5.170699359854526, 5.98063828198964, 4.389566466064729, 4.744676134363651, 4.860679741558788, 2.5596360737417343, 3.1283356261756827, 3.0677009339242964, 2.4941600710459624, 0.0, 1.7602114674095268, 2.4956144634137702, 3.067565322857852, 3.1738090002393022, 2.5316715821764877, 4.32356316479822, 4.72860718922602, 5.522260799708757, 6.027836071924982, 6.835034163777092], [4.136952352880076, 2.713062726882664, 2.1540719625862086, 1.0971741657549179, 2.142986633182764, 3.481835352224456, 4.660012091186031, 5.945380618597938, 6.892469005371008, 4.700723290090579, 4.3710120441380615, 4.7947916805634, 3.0279649040238232, 2.490426216534029, 2.525606772639003, 3.064225326244792, 1.7602114674095268, 0.0, 2.3934609459943146, 2.4958111266680416, 3.8443777467881586, 3.726614899610637, 4.753977014037826, 4.852586792629268, 6.298573912402711, 6.903428865426224, 7.843650005577761], [5.962340073326915, 4.658995280100635, 3.4813455071279553, 2.1429277659314603, 1.0971575866756789, 2.1544867509455705, 2.7136935180672115, 4.121429155038334, 4.894890124405245, 6.212358150493256, 6.145845719671134, 6.8052600743836384, 4.848186007157729, 4.764958669285601, 3.7275830574247437, 3.8467300048222777, 2.4956144634137702, 2.3934609459943146, 0.0, 1.7603543450112535, 3.0642479958384565, 2.5256159545742496, 2.4777024740674576, 3.034937686345471, 4.769763261420843, 4.740264722565608, 5.9372795967513605], [5.182942238728886, 4.1748378914635715, 2.783643888862223, 2.1621343737150105, 1.096804964430778, 2.163443250931256, 2.780210274421703, 4.163085363045058, 5.277643024115974, 5.437549894023962, 5.0916445329578925, 6.145364332568087, 4.725275105218743, 4.326922002994738, 2.5330856499534318, 3.176983640184507, 3.067565322857852, 2.4958111266680416, 1.7603543450112535, 0.0, 2.4944566662902767, 3.067742428888058, 3.112756272180654, 2.563203905271682, 4.467568388956122, 5.436717184110279, 6.238522563075331], [4.978407541573912, 4.285209285437527, 2.8495057115226143, 2.840673745786376, 2.165875409620784, 1.0963191962197871, 2.1573377134792784, 2.7258884533304, 3.9370224396109306, 4.710384736940285, 5.1379031316287, 6.0121810302085885, 4.550441484076023, 4.9909861690852235, 3.0577710787434693, 2.2794314269132996, 3.1738090002393022, 3.8443777467881586, 3.0642479958384565, 2.4944566662902767, 0.0, 1.764783264313213, 3.064898016247849, 2.5042601182784505, 2.645768593433674, 4.479707157839673, 4.6469961771019355], [5.69323973498394, 4.664354155721883, 3.4564010777107455, 2.7597874592076836, 2.1610428917538864, 1.0972066851783213, 2.163363575546191, 2.745755318669164, 3.4922090802241494, 5.491053702159541, 6.107125659424407, 6.587263889506781, 4.569337416956643, 5.291687574866831, 4.050152024307236, 3.059220923699366, 2.5316715821764877, 3.726614899610637, 2.5256159545742496, 3.067742428888058, 1.764783264313213, 0.0, 2.516032797878438, 3.070254313570783, 3.1901421190912482, 3.693536369118355, 4.307635850440471], [7.591876018481861, 6.513721987466152, 5.115715063410002, 4.158672939772975, 2.7487594620119093, 2.1629573158063016, 1.0969086926449259, 2.14924110094703, 2.641267161799427, 7.540617420344305, 7.745061948106031, 8.555177774307205, 6.654857722746595, 6.8862620012601905, 5.283144289152057, 4.991712217265735, 4.32356316479822, 4.753977014037826, 2.4777024740674576, 3.112756272180654, 3.064898016247849, 2.516032797878438, 0.0, 1.7618555531030347, 3.106335696604602, 2.4455684881025106, 3.723414113417953], [7.070079786678507, 6.247566980833419, 4.727854911056387, 4.216093956495752, 2.7606162808329597, 2.1642400791039798, 1.0965754100835927, 2.1212762762073214, 3.2027039091992253, 6.988914836367661, 7.006355078783831, 8.118781588391204, 6.639806623690181, 6.659917383871965, 4.570712855780814, 4.553444104191903, 4.72860718922602, 4.852586792629268, 3.034937686345471, 2.563203905271682, 2.5042601182784505, 3.070254313570783, 1.7618555531030347, 0.0, 2.5388224297890547, 3.521060397096306, 4.105225724610037], [7.451557231881131, 6.899553223941387, 5.489236548920077, 5.347837284360848, 4.280074791402599, 2.864547016545548, 2.2179736202218456, 1.0882722867003458, 2.0950069546423946, 6.996580297545366, 7.558601681528138, 8.489976561216174, 7.082131959374946, 7.636561451988716, 5.58394575188549, 4.807202252870167, 5.522260799708757, 6.298573912402711, 4.769763261420843, 4.467568388956122, 2.645768593433674, 3.1901421190912482, 3.106335696604602, 2.5388224297890547, 0.0, 3.0753195102297908, 2.4214161352398724], [9.28122956240174, 8.310371090390609, 6.974916476919276, 6.155785546134628, 4.946261368953323, 3.852001277258355, 2.770979139221369, 2.1216035633454235, 1.0855506667125214, 9.000660341886032, 9.55711024996573, 10.230585660655015, 8.259208945171444, 8.860892598378564, 7.2882700697765035, 6.556409875076451, 6.027836071924982, 6.903428865426224, 4.740264722565608, 5.436717184110279, 4.479707157839673, 3.693536369118355, 2.4455684881025106, 3.521060397096306, 3.0753195102297908, 0.0, 1.8561228757816657], [9.461399457796928, 8.742160086042809, 7.4072300916064435, 6.937606536839633, 5.828434295760741, 4.437890716320085, 3.4962495648909275, 2.111361534650094, 1.0857132310145252, 8.98674661598957, 9.71704226809784, 10.437242644012835, 8.70967494743633, 9.459077879476414, 7.684969083867547, 6.751751639389589, 6.835034163777092, 7.843650005577761, 5.9372795967513605, 6.238522563075331, 4.6469961771019355, 4.307635850440471, 3.723414113417953, 4.105225724610037, 2.4214161352398724, 1.8561228757816657, 0.0]]}