{"total energy": -46.66694593, "HOMO-LUMO gap/eV": 3.21867524, "electronic energy": -47.21851451, "dipole": [-0.21686565, 1.72336226, -0.8302276], "partial charges": [-0.11299751, 0.01544937, -0.19612072, 0.25956505, -0.330915, 0.28150058, -0.1283373, -0.32175596, 0.25348985, -0.3483287, -0.0828568, 0.00330286, -0.10823371, 0.00338062, -0.10743213, 0.04248538, 0.04685608, 0.05227984, 0.06646492, 0.03005412, 0.18817188, 0.04728544, 0.05903501, 0.05226642, 0.04335783, 0.0431616, 0.04640755, 0.06325669, 0.04111839, 0.053125, 0.04496336], "atomic dipole moments": [[-0.12409027, -0.03992189, -0.00139274], [0.04469731, -0.12298311, 0.11434517], [-0.05809379, -0.01909702, -0.15934109], [0.02796777, -0.0147314, 0.00376444], [-0.21705321, 0.16646899, -0.04732744], [-0.00510658, -0.11688255, 0.03289515], [0.02403371, 0.19608471, -0.04658738], [0.24683402, 0.13655948, -0.02911888], [-0.00734289, -0.01901471, 0.00604378], [-0.03667611, -0.28476922, 0.08173472], [-0.02592551, 0.02276463, 0.00853122], [0.0022886, -0.12747884, 0.11930709], [-0.01864645, -0.07418867, -0.10559531], [0.14436872, 0.06939162, 0.07282483], [0.03941346, 0.0027733, -0.12430844], [0.07939711, -0.09455606, -0.02760738], [0.0169203, 0.09060782, -0.08773206], [0.03815717, 0.04734159, 0.11332213], [-0.07007665, 0.10808218, 0.02074016], [-0.02864369, -0.04459841, -0.11000172], [0.06256067, -0.11470653, -0.01549357], [-0.09534385, 0.04803461, -0.06015165], [0.09122538, 0.02530894, -0.08698312], [0.10644279, -0.0310778, 0.07018737], [0.01316631, 0.12017808, -0.03263887], [-0.09578068, -0.00244649, 0.08022447], [-0.08791676, 0.05675894, -0.06394925], [-0.01306721, -0.11810547, -0.051635], [-0.01186152, 0.11320515, 0.05006002], [0.07861509, -0.06718944, 0.08114483], [-0.11400632, -0.05270225, 0.00898123]], "atomic quadrupole moments": [[0.22832505, 0.11674806, -0.0905977, -0.0130308, -0.01729725, -0.13772735], [0.06230588, 0.1599243, 0.00222264, -0.05459375, -0.26414837, -0.06452853], [0.00436033, 0.07907421, -0.01684148, -0.02184367, -0.08664229, 0.01248114], [-0.1880763, 0.10370849, -0.20749218, -0.0790005, 0.16190688, 0.39556849], [-0.13057397, 0.038458, -0.04194587, -0.02322246, 0.06048644, 0.17251985], [-0.4898427, 0.05699189, 0.14957536, -0.05670457, 0.06146599, 0.34026734], [-0.2400597, 0.05960847, 0.39073371, -0.01874439, -0.15894713, -0.15067401], [-0.13973251, -0.0134422, -0.03770747, -0.01312556, 0.06493595, 0.17743998], [-0.22995426, -0.04755368, -0.15534967, -0.0136347, 0.1621484, 0.38530393], [-0.06902782, -0.00153742, -0.08839826, -0.0121129, 0.07938792, 0.15742608], [-0.00081212, 0.04872402, 0.03219779, -0.01666246, -0.01346019, -0.03138567], [-0.20554329, 0.04739561, 0.25576918, 0.04612502, 0.02366702, -0.05022589], [-0.13628076, 0.03906178, 0.01958813, 0.03403587, 0.16886292, 0.11669264], [0.16599409, 0.13954863, -0.17304, -0.10476112, -0.0441028, 0.00704591], [-0.08039693, 0.02038078, -0.12791378, -0.1191369, 0.00140623, 0.20831071], [0.00061138, -0.04745828, 0.04337466, -0.01048446, 0.02937303, -0.04398604], [-0.03141751, 0.00884864, 0.01613438, -0.003632, -0.06832436, 0.01528313], [-0.02474232, 0.00731386, -0.03473038, 0.01596664, 0.04289006, 0.0594727], [0.00726245, -0.02477867, 0.0137742, -0.02291109, 0.0159518, -0.02103666], [-0.02748461, 0.02652456, 0.00189855, 0.00622222, 0.01636992, 0.02558606], [0.05461895, -0.03276436, -0.00889115, -0.01586919, -0.02548058, -0.0457278], [0.04192808, -0.01194017, -0.01267195, 0.03588904, 0.00517262, -0.02925612], [0.02543163, 0.00332536, -0.00760571, -0.03734004, 0.0147451, -0.01782592], [0.03949012, -0.04136083, -0.02581181, 0.03883569, -0.01096792, -0.01367831], [-0.05364317, 0.01472072, 0.07291036, -0.00337474, -0.0378457, -0.01926718], [0.04496366, 0.0203577, -0.04761374, -0.05113063, -0.00244677, 0.00265008], [0.00204159, -0.03139053, 0.00466229, 0.01075564, -0.04105437, -0.00670388], [-0.01681007, -0.0104339, 0.03928871, -0.02490398, 0.01499607, -0.02247864], [-0.05461392, -0.00348965, 0.07503388, -0.00155274, 0.02764922, -0.02041996], [0.01603426, -0.05007113, -0.0091842, 0.03457974, -0.02514555, -0.00685006], [0.0600166, 0.05563554, -0.02698002, -0.00137896, 0.00376865, -0.03303658]], "number of molecular orbitals": 81, "number of electrons": 84, "number of unpaired electrons": 0, "orbital energies/eV": [-28.62257464, -18.88708545, -18.28903245, -18.06254428, -17.80369402, -17.67016345, -17.47225138, -17.15572491, -17.10771722, -16.53897885, -16.37536174, -16.11730968, -15.82620414, -15.78568249, -15.34066168, -15.26145049, -15.08858355, -14.60336518, -14.56641018, -14.36401744, -14.13724422, -13.90251058, -13.79223759, -13.64656793, -13.44940156, -13.31195761, -13.07052836, -13.01499481, -12.8762466, -12.79888265, -12.6629963, -12.54888453, -12.41136753, -12.27152983, -12.24649494, -11.94641964, -11.45266772, -11.38121308, -10.7923005, -10.5208794, -10.42252683, -10.18516937, -6.96649413, -6.41840207, -3.62720125, -3.35556193, -0.79953595, 0.40380188, 0.59489568, 0.5969734, 0.87787265, 1.00095988, 2.04711202, 2.33644024, 2.59001087, 3.06160257, 3.23645258, 3.36844058, 3.47926164, 3.88651934, 4.06711361, 4.26494079, 4.28439078, 4.42964894, 4.68933528, 5.12623286, 5.38052252, 5.51687209, 5.82877317, 6.19849228, 6.39117322, 6.56032581, 6.95596714, 7.11047866, 7.33939874, 7.80632591, 8.42952734, 11.71964509, 12.27616037, 12.6135088, 17.38718586], "fractional occupation": [2.0, 2.0, 2.0, 2.0, 2.0, 2.0, 2.0, 2.0, 2.0, 2.0, 2.0, 2.0, 2.0, 2.0, 2.0, 2.0, 2.0, 2.0, 2.0, 2.0, 2.0, 2.0, 2.0, 2.0, 2.0, 2.0, 2.0, 2.0, 2.0, 2.0, 2.0, 2.0, 2.0, 2.0, 2.0, 2.0, 2.0, 2.0, 2.0, 2.0, 2.0, 2.0, 0.0, 0.0, 0.0, 0.0, 0.0, 0.0, 0.0, 0.0, 0.0, 0.0, 0.0, 0.0, 0.0, 0.0, 0.0, 0.0, 0.0, 0.0, 0.0, 0.0, 0.0, 0.0, 0.0, 0.0, 0.0, 0.0, 0.0, 0.0, 0.0, 0.0, 0.0, 0.0, 0.0, 0.0, 0.0, 0.0, 0.0, 0.0, 0.0], "program call": "xtb /home/svss/Project-DBcg-Debug/aqme2_20220329/End-to-End-workflows-final/example-3/QDESCP/mol_67_rdkit_conf_6/mol_67_rdkit_conf_6.xyz --pop --wbo --acc 0.2 --gfn 2 --chrg 0 --uhf 0 --etemp 300 --input /home/svss/Project-DBcg-Debug/aqme2_20220329/End-to-End-workflows-final/example-3/QDESCP/mol_67_rdkit_conf_6/mol_67_rdkit_conf_6_xtb.inp", "method": "GFN2-xTB", "xtb version": "6.3.3 (7355c4f)", "Dipole module/D": 4.893, "Total charge": 0, "Transition dipole module/D": NaN, "HOMO": -10.1852, "LUMO": -6.9665, "HOMO occupancy": 2.0, "LUMO occupancy": 0, "mulliken charges": [-0.09543, 0.10433, -0.35824, 0.44291, -0.42505, 0.41696, -0.10443, -0.42429, 0.43981, -0.44547, -0.27149, 0.10179, -0.09408, 0.10118, -0.09388, 0.03066, 0.03189, 0.03699, 0.03195, 0.0225, 0.21914, 0.02492, 0.0354, 0.04267, 0.03019, 0.03045, 0.02477, 0.03935, 0.02927, 0.04343, 0.0318], "cm5 charges": [-0.23992, 0.05571, -0.69912, 0.66049, -0.60117, 0.57692, -0.08943, -0.60131, 0.66116, -0.6214, -0.52014, 0.05495, -0.23806, 0.05429, -0.23786, 0.08403, 0.08309, 0.09041, 0.09939, 0.08815, 0.42025, 0.08941, 0.10342, 0.09883, 0.08147, 0.08427, 0.08924, 0.1073, 0.08307, 0.09946, 0.08308], "FUKUI+": [0.012, 0.016, -0.055, -0.034, -0.093, -0.072, -0.185, -0.104, -0.022, -0.117, -0.06, 0.019, 0.011, 0.019, 0.011, -0.017, -0.028, -0.018, -0.02, -0.023, -0.04, -0.037, -0.016, 0.001, -0.03, -0.019, -0.037, -0.016, -0.02, 0.002, -0.029], "FUKUI-": [0.014, 0.015, -0.067, 0.003, -0.082, 0.005, -0.129, -0.094, 0.003, -0.096, -0.086, 0.015, 0.007, 0.016, 0.007, -0.031, -0.032, -0.03, -0.035, -0.053, -0.041, -0.041, -0.032, -0.011, -0.037, -0.026, -0.042, -0.039, -0.026, -0.015, -0.039], "FUKUIrad": [0.013, 0.016, -0.061, -0.015, -0.087, -0.034, -0.157, -0.099, -0.009, -0.106, -0.073, 0.017, 0.009, 0.017, 0.009, -0.024, -0.03, -0.024, -0.028, -0.038, -0.041, -0.039, -0.024, -0.005, -0.034, -0.023, -0.04, -0.027, -0.023, -0.007, -0.034], "s proportion": [1.012, 1.001, 1.455, 0.977, 1.537, 1.007, 1.941, 1.533, 0.97, 1.525, 1.435, 1.001, 1.012, 1.002, 1.012, 0.969, 0.968, 0.963, 0.968, 0.977, 0.781, 0.975, 0.965, 0.957, 0.97, 0.97, 0.975, 0.961, 0.971, 0.957, 0.968], "p proportion": [3.084, 2.895, 3.903, 2.58, 3.888, 2.576, 5.175, 3.892, 2.59, 3.921, 3.836, 2.897, 3.082, 2.897, 3.082, 0.0, 0.0, 0.0, 0.0, 0.0, 0.0, 0.0, 0.0, 0.0, 0.0, 0.0, 0.0, 0.0, 0.0, 0.0, 0.0], "d proportion": [0.0, 0.0, 0.0, 0.0, 0.0, 0.0, -0.012, 0.0, 0.0, 0.0, 0.0, 0.0, 0.0, 0.0, 0.0, 0.0, 0.0, 0.0, 0.0, 0.0, 0.0, 0.0, 0.0, 0.0, 0.0, 0.0, 0.0, 0.0, 0.0, 0.0, 0.0], "Fermi-level/eV": -8.5758, "Coordination numbers": [3.751, 3.748, 2.698, 2.956, 1.913, 2.97, 1.032, 1.908, 2.929, 1.845, 2.741, 3.74, 3.749, 3.74, 3.749, 0.924, 0.924, 0.924, 0.924, 0.924, 0.86, 0.924, 0.924, 0.924, 0.924, 0.924, 0.924, 0.924, 0.924, 0.924, 0.924], "Dispersion coefficient C6": [22.724, 20.379, 25.257, 22.643, 29.432, 22.247, 103.175, 29.19, 22.755, 29.906, 22.853, 20.601, 22.634, 20.6, 22.618, 2.416, 2.36, 2.292, 2.125, 2.586, 1.168, 2.354, 2.21, 2.292, 2.405, 2.407, 2.365, 2.161, 2.434, 2.281, 2.384], "Total dispersion C6": 10454.68653, "Total dispersion C8": 247566.54761, "Polarizability alpha": [6.798, 6.439, 7.464, 7.805, 8.044, 7.737, 15.54, 8.01, 7.823, 8.105, 7.1, 6.476, 6.785, 6.476, 6.783, 2.431, 2.402, 2.367, 2.28, 2.515, 1.693, 2.399, 2.325, 2.368, 2.425, 2.426, 2.405, 2.299, 2.44, 2.362, 2.415], "Total polarizability alpha": 154.936492, "Wiberg matrix": [[0.0, 1.0193047723242112, 0.0, 0.0, 0.0, 0.0, 0.0, 0.0, 0.0, 0.0, 0.0, 0.0, 0.0, 0.0, 0.0, 0.9861279126271549, 0.9849638676453335, 0.9862090687507423, 0.0, 0.0, 0.0, 0.0, 0.0, 0.0, 0.0, 0.0, 0.0, 0.0, 0.0, 0.0, 0.0], [1.0193047723242112, 0.0, 0.9873884260877256, 0.0, 0.0, 0.0, 0.0, 0.0, 0.0, 0.0, 0.0, 0.0, 0.0, 0.0, 0.0, 0.0, 0.0, 0.0, 0.9699192724816053, 0.9696296991795309, 0.0, 0.0, 0.0, 0.0, 0.0, 0.0, 0.0, 0.0, 0.0, 0.0, 0.0], [0.0, 0.9873884260877256, 0.0, 1.1833350094425668, 0.0, 0.0, 0.0, 0.0, 0.0, 0.0, 0.0, 0.0, 0.0, 0.0, 0.0, 0.0, 0.0, 0.0, 0.0, 0.0, 0.9309970839356819, 0.0, 0.0, 0.0, 0.0, 0.0, 0.0, 0.0, 0.0, 0.0, 0.0], [0.0, 0.0, 1.1833350094425668, 0.0, 1.2947706241496837, 0.0, 0.0, 0.0, 0.0, 1.3536248093089136, 0.0, 0.0, 0.0, 0.0, 0.0, 0.0, 0.0, 0.0, 0.0, 0.0, 0.0, 0.0, 0.0, 0.0, 0.0, 0.0, 0.0, 0.0, 0.0, 0.0, 0.0], [0.0, 0.0, 0.0, 1.2947706241496837, 0.0, 1.3940093561502596, 0.0, 0.0, 0.0, 0.0, 0.0, 0.0, 0.0, 0.0, 0.0, 0.0, 0.0, 0.0, 0.0, 0.0, 0.0, 0.0, 0.0, 0.0, 0.0, 0.0, 0.0, 0.0, 0.0, 0.0, 0.0], [0.0, 0.0, 0.0, 0.0, 1.3940093561502596, 0.0, 0.9980207680000536, 1.4132836906240214, 0.0, 0.0, 0.0, 0.0, 0.0, 0.0, 0.0, 0.0, 0.0, 0.0, 0.0, 0.0, 0.0, 0.0, 0.0, 0.0, 0.0, 0.0, 0.0, 0.0, 0.0, 0.0, 0.0], [0.0, 0.0, 0.0, 0.0, 0.0, 0.9980207680000536, 0.0, 0.0, 0.0, 0.0, 0.0, 0.0, 0.0, 0.0, 0.0, 0.0, 0.0, 0.0, 0.0, 0.0, 0.0, 0.0, 0.0, 0.0, 0.0, 0.0, 0.0, 0.0, 0.0, 0.0, 0.0], [0.0, 0.0, 0.0, 0.0, 0.0, 1.4132836906240214, 0.0, 0.0, 1.2752492733778045, 0.0, 0.0, 0.0, 0.0, 0.0, 0.0, 0.0, 0.0, 0.0, 0.0, 0.0, 0.0, 0.0, 0.0, 0.0, 0.0, 0.0, 0.0, 0.0, 0.0, 0.0, 0.0], [0.0, 0.0, 0.0, 0.0, 0.0, 0.0, 0.0, 1.2752492733778045, 0.0, 1.3060251234611715, 1.239330702034361, 0.0, 0.0, 0.0, 0.0, 0.0, 0.0, 0.0, 0.0, 0.0, 0.0, 0.0, 0.0, 0.0, 0.0, 0.0, 0.0, 0.0, 0.0, 0.0, 0.0], [0.0, 0.0, 0.0, 1.3536248093089136, 0.0, 0.0, 0.0, 0.0, 1.3060251234611715, 0.0, 0.0, 0.0, 0.0, 0.0, 0.0, 0.0, 0.0, 0.0, 0.0, 0.0, 0.0, 0.0, 0.0, 0.0, 0.0, 0.0, 0.0, 0.0, 0.0, 0.0, 0.0], [0.0, 0.0, 0.0, 0.0, 0.0, 0.0, 0.0, 0.0, 1.239330702034361, 0.0, 0.0, 0.987535603457377, 0.0, 0.986406589522901, 0.0, 0.0, 0.0, 0.0, 0.0, 0.0, 0.0, 0.0, 0.0, 0.0, 0.0, 0.0, 0.0, 0.0, 0.0, 0.0, 0.0], [0.0, 0.0, 0.0, 0.0, 0.0, 0.0, 0.0, 0.0, 0.0, 0.0, 0.987535603457377, 0.0, 1.0095843568047511, 0.0, 0.0, 0.0, 0.0, 0.0, 0.0, 0.0, 0.0, 0.9708510403760267, 0.967344090632968, 0.0, 0.0, 0.0, 0.0, 0.0, 0.0, 0.0, 0.0], [0.0, 0.0, 0.0, 0.0, 0.0, 0.0, 0.0, 0.0, 0.0, 0.0, 0.0, 1.0095843568047511, 0.0, 0.0, 0.0, 0.0, 0.0, 0.0, 0.0, 0.0, 0.0, 0.0, 0.0, 0.9851295809127198, 0.9841439337165926, 0.9838847166293279, 0.0, 0.0, 0.0, 0.0, 0.0], [0.0, 0.0, 0.0, 0.0, 0.0, 0.0, 0.0, 0.0, 0.0, 0.0, 0.986406589522901, 0.0, 0.0, 0.0, 1.00965322288839, 0.0, 0.0, 0.0, 0.0, 0.0, 0.0, 0.0, 0.0, 0.0, 0.0, 0.0, 0.9707237865373546, 0.9671664709401803, 0.0, 0.0, 0.0], [0.0, 0.0, 0.0, 0.0, 0.0, 0.0, 0.0, 0.0, 0.0, 0.0, 0.0, 0.0, 0.0, 1.00965322288839, 0.0, 0.0, 0.0, 0.0, 0.0, 0.0, 0.0, 0.0, 0.0, 0.0, 0.0, 0.0, 0.0, 0.0, 0.9840582759163008, 0.9850971296640281, 0.9839135922525832], [0.9861279126271549, 0.0, 0.0, 0.0, 0.0, 0.0, 0.0, 0.0, 0.0, 0.0, 0.0, 0.0, 0.0, 0.0, 0.0, 0.0, 0.0, 0.0, 0.0, 0.0, 0.0, 0.0, 0.0, 0.0, 0.0, 0.0, 0.0, 0.0, 0.0, 0.0, 0.0], [0.9849638676453335, 0.0, 0.0, 0.0, 0.0, 0.0, 0.0, 0.0, 0.0, 0.0, 0.0, 0.0, 0.0, 0.0, 0.0, 0.0, 0.0, 0.0, 0.0, 0.0, 0.0, 0.0, 0.0, 0.0, 0.0, 0.0, 0.0, 0.0, 0.0, 0.0, 0.0], [0.9862090687507423, 0.0, 0.0, 0.0, 0.0, 0.0, 0.0, 0.0, 0.0, 0.0, 0.0, 0.0, 0.0, 0.0, 0.0, 0.0, 0.0, 0.0, 0.0, 0.0, 0.0, 0.0, 0.0, 0.0, 0.0, 0.0, 0.0, 0.0, 0.0, 0.0, 0.0], [0.0, 0.9699192724816053, 0.0, 0.0, 0.0, 0.0, 0.0, 0.0, 0.0, 0.0, 0.0, 0.0, 0.0, 0.0, 0.0, 0.0, 0.0, 0.0, 0.0, 0.0, 0.0, 0.0, 0.0, 0.0, 0.0, 0.0, 0.0, 0.0, 0.0, 0.0, 0.0], [0.0, 0.9696296991795309, 0.0, 0.0, 0.0, 0.0, 0.0, 0.0, 0.0, 0.0, 0.0, 0.0, 0.0, 0.0, 0.0, 0.0, 0.0, 0.0, 0.0, 0.0, 0.0, 0.0, 0.0, 0.0, 0.0, 0.0, 0.0, 0.0, 0.0, 0.0, 0.0], [0.0, 0.0, 0.9309970839356819, 0.0, 0.0, 0.0, 0.0, 0.0, 0.0, 0.0, 0.0, 0.0, 0.0, 0.0, 0.0, 0.0, 0.0, 0.0, 0.0, 0.0, 0.0, 0.0, 0.0, 0.0, 0.0, 0.0, 0.0, 0.0, 0.0, 0.0, 0.0], [0.0, 0.0, 0.0, 0.0, 0.0, 0.0, 0.0, 0.0, 0.0, 0.0, 0.0, 0.9708510403760267, 0.0, 0.0, 0.0, 0.0, 0.0, 0.0, 0.0, 0.0, 0.0, 0.0, 0.0, 0.0, 0.0, 0.0, 0.0, 0.0, 0.0, 0.0, 0.0], [0.0, 0.0, 0.0, 0.0, 0.0, 0.0, 0.0, 0.0, 0.0, 0.0, 0.0, 0.967344090632968, 0.0, 0.0, 0.0, 0.0, 0.0, 0.0, 0.0, 0.0, 0.0, 0.0, 0.0, 0.0, 0.0, 0.0, 0.0, 0.0, 0.0, 0.0, 0.0], [0.0, 0.0, 0.0, 0.0, 0.0, 0.0, 0.0, 0.0, 0.0, 0.0, 0.0, 0.0, 0.9851295809127198, 0.0, 0.0, 0.0, 0.0, 0.0, 0.0, 0.0, 0.0, 0.0, 0.0, 0.0, 0.0, 0.0, 0.0, 0.0, 0.0, 0.0, 0.0], [0.0, 0.0, 0.0, 0.0, 0.0, 0.0, 0.0, 0.0, 0.0, 0.0, 0.0, 0.0, 0.9841439337165926, 0.0, 0.0, 0.0, 0.0, 0.0, 0.0, 0.0, 0.0, 0.0, 0.0, 0.0, 0.0, 0.0, 0.0, 0.0, 0.0, 0.0, 0.0], [0.0, 0.0, 0.0, 0.0, 0.0, 0.0, 0.0, 0.0, 0.0, 0.0, 0.0, 0.0, 0.9838847166293279, 0.0, 0.0, 0.0, 0.0, 0.0, 0.0, 0.0, 0.0, 0.0, 0.0, 0.0, 0.0, 0.0, 0.0, 0.0, 0.0, 0.0, 0.0], [0.0, 0.0, 0.0, 0.0, 0.0, 0.0, 0.0, 0.0, 0.0, 0.0, 0.0, 0.0, 0.0, 0.9707237865373546, 0.0, 0.0, 0.0, 0.0, 0.0, 0.0, 0.0, 0.0, 0.0, 0.0, 0.0, 0.0, 0.0, 0.0, 0.0, 0.0, 0.0], [0.0, 0.0, 0.0, 0.0, 0.0, 0.0, 0.0, 0.0, 0.0, 0.0, 0.0, 0.0, 0.0, 0.9671664709401803, 0.0, 0.0, 0.0, 0.0, 0.0, 0.0, 0.0, 0.0, 0.0, 0.0, 0.0, 0.0, 0.0, 0.0, 0.0, 0.0, 0.0], [0.0, 0.0, 0.0, 0.0, 0.0, 0.0, 0.0, 0.0, 0.0, 0.0, 0.0, 0.0, 0.0, 0.0, 0.9840582759163008, 0.0, 0.0, 0.0, 0.0, 0.0, 0.0, 0.0, 0.0, 0.0, 0.0, 0.0, 0.0, 0.0, 0.0, 0.0, 0.0], [0.0, 0.0, 0.0, 0.0, 0.0, 0.0, 0.0, 0.0, 0.0, 0.0, 0.0, 0.0, 0.0, 0.0, 0.9850971296640281, 0.0, 0.0, 0.0, 0.0, 0.0, 0.0, 0.0, 0.0, 0.0, 0.0, 0.0, 0.0, 0.0, 0.0, 0.0, 0.0], [0.0, 0.0, 0.0, 0.0, 0.0, 0.0, 0.0, 0.0, 0.0, 0.0, 0.0, 0.0, 0.0, 0.0, 0.9839135922525832, 0.0, 0.0, 0.0, 0.0, 0.0, 0.0, 0.0, 0.0, 0.0, 0.0, 0.0, 0.0, 0.0, 0.0, 0.0, 0.0]], "Born radii": [], "Atomic SASAs": [], "Solvent H bonds": [], "Total SASA": NaN, "Total FOD": 0.0, "FOD": [0.0, 0.0, 0.0, 0.0, 0.0, 0.0, 0.0, 0.0, 0.0, 0.0, 0.0, 0.0, 0.0, 0.0, 0.0, 0.0, 0.0, 0.0, 0.0, 0.0, 0.0, 0.0, 0.0, 0.0, 0.0, 0.0, 0.0, 0.0, 0.0, 0.0, 0.0], "FOD s proportion": [0.0, 0.0, 0.0, 0.0, 0.0, 0.0, 0.0, 0.0, 0.0, 0.0, 0.0, 0.0, 0.0, 0.0, 0.0, 0.0, 0.0, 0.0, 0.0, 0.0, 0.0, 0.0, 0.0, 0.0, 0.0, 0.0, 0.0, 0.0, 0.0, 0.0, 0.0], "FOD p proportion": [0.0, 0.0, 0.0, 0.0, 0.0, 0.0, 0.0, 0.0, 0.0, 0.0, 0.0, 0.0, 0.0, 0.0, 0.0, 0.0, 0.0, 0.0, 0.0, 0.0, 0.0, 0.0, 0.0, 0.0, 0.0, 0.0, 0.0, 0.0, 0.0, 0.0, 0.0], "FOD d proportion": [0.0, 0.0, 0.0, 0.0, 0.0, 0.0, 0.0, 0.0, 0.0, 0.0, 0.0, 0.0, 0.0, 0.0, 0.0, 0.0, 0.0, 0.0, 0.0, 0.0, 0.0, 0.0, 0.0, 0.0, 0.0, 0.0, 0.0, 0.0, 0.0, 0.0, 0.0], "coordinates": [["4.51930", "1.00670", "-1.00420"], ["3.06750", "0.55510", "-0.97440"], ["2.90360", "-0.46950", "0.04050"], ["1.62770", "-1.01410", "0.12450"], ["1.57390", "-2.28270", "0.47340"], ["0.33690", "-2.74260", "0.55520"], ["0.18050", "-4.38640", "1.00130"], ["-0.79560", "-2.09900", "0.32400"], ["-0.64070", "-0.83150", "-0.02180"], ["0.56050", "-0.26660", "-0.13690"], ["-1.76230", "-0.06960", "-0.28440"], ["-1.61730", "1.33860", "-0.62970"], ["-1.40510", "2.20840", "0.60080"], ["-3.08900", "-0.65790", "-0.15030"], ["-3.55800", "-0.67940", "1.29710"], ["5.18610", "0.17160", "-1.24410"], ["4.66100", "1.78560", "-1.75970"], ["4.82460", "1.41060", "-0.03300"], ["2.43640", "1.42480", "-0.75600"], ["2.79230", "0.16780", "-1.96290"], ["3.55010", "-1.24980", "-0.01430"], ["-2.51550", "1.68960", "-1.15240"], ["-0.79420", "1.48720", "-1.34000"], ["-0.50990", "1.91500", "1.15760"], ["-1.28880", "3.25580", "0.30430"], ["-2.25800", "2.14700", "1.28280"], ["-3.81320", "-0.08520", "-0.74240"], ["-3.11440", "-1.67250", "-0.56740"], ["-3.63430", "0.33270", "1.70480"], ["-2.87630", "-1.24760", "1.93740"], ["-4.54790", "-1.14200", "1.36410"]], "bond_dist": [[0.0, 1.5207083349544714, 2.4250878375844453, 3.7039096762745176, 4.656053616529776, 5.829360909224955, 7.206437628953712, 6.297431995662995, 5.56504168897233, 4.248011254693189, 6.413659820258633, 6.156969012428113, 6.254488248450069, 7.834938880425296, 8.566311352618467, 1.0952471227992333, 1.0943236952565727, 1.0952500810317247, 2.1388976740367927, 2.14601675203154, 2.6478374005969476, 7.0694219487876095, 5.345738876899993, 5.548985562244688, 6.364326254207904, 7.243096601592443, 8.407814287910979, 8.10199250616785, 8.618245178689222, 8.272229349455925, 9.614565638654717], [1.5207083349544714, 0.0, 1.4514442393698768, 2.396454441461385, 3.5185330238609387, 4.5465017112061, 6.054467915514955, 4.86349986943559, 4.07195942514166, 2.767967871923372, 4.91867036199825, 4.762356704405919, 5.021833001006704, 6.328744113961315, 7.1120287365842385, 2.169856285563631, 2.1610341482725346, 2.1692198182756863, 1.096523533719181, 1.0967536551113017, 2.100561539208028, 5.6998827400219385, 3.989386000376499, 4.3809294413400455, 5.28263228608617, 5.999170584339138, 6.914321411389552, 6.583596157876028, 7.220920830475848, 6.859815228561189, 8.14512417462128], [2.4250878375844453, 1.4514442393698768, 0.0, 1.3898078896020125, 2.2898032098850765, 3.4669653286411735, 4.866263028238404, 4.0521257556991, 3.5632832865210142, 2.358549719637048, 4.694262756812831, 4.91497003653125, 5.103918121404378, 5.998595999065113, 6.585998491496943, 2.696481525989006, 3.3785575043204457, 2.6889438930554133, 2.1073824000403913, 2.1052673321932303, 1.0148070654070163, 5.954105140993062, 4.405471595641039, 4.311117594081609, 5.614594223093954, 5.918741090806389, 6.773183973582882, 6.16709618945578, 6.793935217530412, 6.132773697928204, 7.597961928043599], [3.7039096762745176, 2.396454441461385, 1.3898078896020125, 0.0, 1.3168035578627515, 2.1998589454780957, 3.7730058799318082, 2.6625535018098696, 2.2804352676627326, 1.328910098539401, 3.542792607534344, 4.078485004263225, 4.4507576635894255, 4.738106411848513, 5.327147392366762, 3.992638352017372, 4.537558662981669, 4.0154882579830815, 2.716157055473781, 2.6665369920554265, 1.941762521525225, 5.109459221874659, 3.777149924215347, 3.7704450904369367, 5.17400679357884, 5.141291334869091, 5.587285891199769, 4.837326594308058, 5.656842081055472, 4.860776137614239, 6.300079517752137], [4.656053616529776, 3.5185330238609387, 2.2898032098850765, 1.3168035578627515, 0.0, 1.3222587681690752, 2.5779440761971544, 2.3813013878969627, 2.693632796058141, 2.3375424830364047, 4.0745923587519775, 4.951201949022076, 5.390793167058073, 4.977108913817338, 5.439250885002456, 4.692694703472622, 5.573866423767258, 4.946105168716088, 4.00011085596387, 3.664015079117443, 2.2825643780625335, 5.92837121729063, 4.807126291247194, 4.736141612114233, 6.236876489878568, 5.912768223091448, 5.943738074646292, 4.84105004828498, 5.956677795550133, 4.797812840242938, 6.290546734585159], [5.829360909224955, 4.5465017112061, 3.4669653286411735, 2.1998589454780957, 1.3222587681690752, 0.0, 1.7104223484274288, 1.322962830165685, 2.2228211736439794, 2.580615308409992, 3.5009281340810183, 4.677507786204102, 5.248718354036536, 4.071915415378861, 4.469614732837719, 5.936731657233633, 6.675417444624718, 6.142841424780555, 4.847098972581434, 4.5651117105718235, 3.5885145018517064, 5.540440448195431, 4.770993427997989, 4.7721267543936845, 6.219859633464408, 5.583108088690384, 5.095966103694176, 3.7837569240108433, 5.15261872158226, 3.803965835808729, 5.2036055394312895], [7.206437628953712, 6.054467915514955, 4.866263028238404, 3.7730058799318082, 2.5779440761971544, 1.7104223484274288, 0.0, 2.577538604948527, 3.7892501975984643, 4.290996536936379, 4.905329608701131, 6.218349527004734, 6.794550364078553, 5.090925756677266, 5.273113775559939, 7.132546285864536, 8.111201221150909, 7.499510003993596, 6.476668398181276, 6.028989842419707, 4.714223910677133, 6.987461319392044, 6.397726372704604, 6.341034916320837, 7.813313786736074, 6.979315156947708, 6.1229446200337305, 4.547794950302839, 6.108806438249619, 4.480220406408596, 5.745913483511566], [6.297431995662995, 4.86349986943559, 4.0521257556991, 2.6625535018098696, 2.3813013878969627, 1.322962830165685, 2.577538604948527, 0.0, 1.3229239963051544, 2.3257527340626734, 2.328760144368673, 3.6608507672397685, 4.359105785594105, 2.749802403810136, 3.254695305247482, 6.587510672477124, 7.014727821519521, 6.635615208855921, 4.9019782170058654, 4.820925249368631, 4.4407990294540465, 4.41489557407647, 3.9534451305159157, 4.109587503630991, 5.377501033937604, 4.591995993029611, 3.7813369540415205, 2.5205812127364595, 3.984719716617469, 2.767174372893765, 4.00966486130699], [5.56504168897233, 4.07195942514166, 3.5632832865210142, 2.2804352676627326, 2.693632796058141, 2.2228211736439794, 3.7892501975984643, 1.3229239963051544, 0.0, 1.3323818746890848, 1.3810998986315217, 2.4561400570814365, 3.195767533785898, 2.4578083936710766, 3.2051943638412945, 6.037534690583566, 6.162591314536442, 5.907337974079357, 3.8856767415728237, 4.068409849068797, 4.211631011852772, 3.3390233018054847, 2.671625568825093, 2.991881556813371, 4.151192131183523, 3.631680423715721, 3.3378113038336967, 2.6691107226939836, 3.646662879949283, 3.0015847830771, 4.157323766559444], [4.248011254693189, 2.767967871923372, 2.358549719637048, 1.328910098539401, 2.3375424830364047, 2.580615308409992, 4.290996536936379, 2.3257527340626734, 1.3323818746890848, 0.0, 2.3358007385048922, 2.749969403466155, 3.2455214758186397, 3.670442139579372, 4.380502492865402, 4.77640936687801, 4.864062595197558, 4.583267814562007, 2.600599850034603, 2.9161465326694405, 3.149511257322317, 3.7841425303495106, 2.521601899586848, 2.7533370607319405, 4.002732777740727, 3.9730284796361577, 4.419138818819794, 3.9581277228002634, 4.620321029971835, 4.132393462631553, 5.395838833768111], [6.413659820258633, 4.91867036199825, 4.694262756812831, 3.542792607534344, 4.0745923587519775, 3.5009281340810183, 4.905329608701131, 2.328760144368673, 1.3810998986315217, 2.3358007385048922, 0.0, 1.4571493849293558, 2.469909893093268, 1.457467869285632, 2.469319092381541, 7.018508679911993, 6.846682409751455, 6.755845292041552, 4.481597885799215, 4.8598458998202805, 5.4486163206817935, 2.1013136081984527, 2.1154515380882635, 2.7543614359774935, 3.410140041112681, 2.7595561037964056, 2.101475236589763, 2.1160226416558023, 2.7610045146649074, 2.750468185600408, 3.4098623681902476], [6.156969012428113, 4.762356704405919, 4.91497003653125, 4.078485004263225, 4.951201949022076, 4.677507786204102, 6.218349527004734, 3.6608507672397685, 2.4561400570814365, 2.749969403466155, 1.4571493849293558, 0.0, 1.5217460793443827, 2.5262101060679814, 3.398705449137951, 6.930052519281509, 6.394822897469483, 6.469877162667001, 4.056583022692868, 4.753184936439986, 5.812104135336875, 1.0968954052233055, 1.0973156610565622, 2.180140594090207, 2.157759043544946, 2.1729388624625408, 2.619519906395063, 3.363318734523982, 3.2449983143293006, 3.855322794527068, 4.326318430259151], [6.254488248450069, 5.021833001006704, 5.103918121404378, 4.4507576635894255, 5.390793167058073, 5.248718354036536, 6.794550364078553, 4.359105785594105, 3.195767533785898, 3.2455214758186397, 2.469909893093268, 1.5217460793443827, 0.0, 3.40812941508975, 3.6686783642069254, 7.141157307467747, 6.522904974012729, 6.312475692626467, 4.148741670675579, 5.324919981558408, 6.073837525815125, 2.139124082422523, 2.158710932477992, 1.0943001599195716, 1.0947532598718304, 1.093769797535112, 3.5866046353062115, 4.398611433168426, 3.1155094495122304, 3.986836465168844, 4.656715461567305], [7.834938880425296, 6.328744113961315, 5.998595999065113, 4.738106411848513, 4.977108913817338, 4.071915415378861, 5.090925756677266, 2.749802403810136, 2.4578083936710766, 3.670442139579372, 1.457467869285632, 2.5262101060679814, 3.40812941508975, 0.0, 1.5216405653110068, 8.388191026675537, 8.283921813368352, 8.180312738520454, 5.935870360781138, 6.209427424489314, 6.6668201130673985, 2.6160777721619826, 3.3590098451775936, 3.8706812875771623, 4.3317928032167, 3.2575758809274116, 1.0968287651224324, 1.0972833408012719, 2.1725644892614815, 2.1797886755371496, 2.1578112475376527], [8.566311352618467, 7.1120287365842385, 6.585998491496943, 5.327147392366762, 5.439250885002456, 4.469614732837719, 5.273113775559939, 3.254695305247482, 3.2051943638412945, 4.380502492865402, 2.469319092381541, 3.398705449137951, 3.6686783642069254, 1.5216405653110068, 0.0, 9.145555382260827, 9.108908400022473, 8.741009596722796, 6.676504220773023, 7.188300072339774, 7.250531823942296, 3.563568085500823, 4.391701539266984, 4.005157327746315, 4.6498085465963, 3.1110675740009244, 2.139570267600482, 2.158561748016489, 1.0937949487906773, 1.0943263772750795, 1.0947099022115405], [1.0952471227992333, 2.169856285563631, 2.696481525989006, 3.992638352017372, 4.692694703472622, 5.936731657233633, 7.132546285864536, 6.587510672477124, 6.037534690583566, 4.77640936687801, 7.018508679911993, 6.930052519281509, 7.141157307467747, 8.388191026675537, 9.145555382260827, 0.0, 1.7738572011297868, 1.7699057771531228, 3.0609805520453732, 2.499393190356411, 2.491843092973552, 7.850310532074511, 6.124049988365543, 6.422773734921696, 7.337176719283787, 8.10568032801689, 9.016931275106847, 8.529767168569139, 9.301689125099806, 8.782844906407036, 10.162628016413864], [1.0943236952565727, 2.1610341482725346, 3.3785575043204457, 4.537558662981669, 5.573866423767258, 6.675417444624718, 8.111201221150909, 7.014727821519521, 6.162591314536442, 4.864062595197558, 6.846682409751455, 6.394822897469483, 6.522904974012729, 8.283921813368352, 9.108908400022473, 1.7738572011297868, 0.0, 1.7745091856623343, 2.4670702239701243, 2.480041687149633, 3.673441592022391, 7.202789844220084, 5.479452316609754, 5.938483851960869, 6.46697023960989, 7.567032259082817, 8.737668886493697, 8.592838882464862, 9.106353866943673, 8.926350986825467, 10.155432408814505], [1.0952500810317247, 2.1692198182756863, 2.6889438930554133, 4.0154882579830815, 4.946105168716088, 6.142841424780555, 7.499510003993596, 6.635615208855921, 5.907337974079357, 4.583267814562007, 6.755845292041552, 6.469877162667001, 6.312475692626467, 8.180312738520454, 8.741009596722796, 1.7699057771531228, 1.7745091856623343, 0.0, 2.495281523195329, 3.0658292744378315, 2.949987813534151, 7.4302062804474005, 5.769317983956163, 5.488974218376327, 6.39470045350054, 7.2413284250888665, 8.79501306650536, 8.53339381313203, 8.702574702925565, 8.381668342877807, 9.813837751868533], [2.1388976740367927, 1.096523533719181, 2.1073824000403913, 2.716157055473781, 4.00011085596387, 4.847098972581434, 6.476668398181276, 4.9019782170058654, 3.8856767415728237, 2.600599850034603, 4.481597885799215, 4.056583022692868, 4.148741670675579, 5.935870360781138, 6.676504220773023, 3.0609805520453732, 2.4670702239701243, 2.495281523195329, 0.0, 1.7785728604698772, 2.9906406905544505, 4.974793021825129, 3.2835538856549924, 3.547230566230507, 4.284146604634346, 5.1687203097091645, 6.429446719586375, 6.359262369960843, 6.640904873584624, 6.528468933065394, 7.73716567872241], [2.14601675203154, 1.0967536551113017, 2.1052673321932303, 2.6665369920554265, 3.664015079117443, 4.5651117105718235, 6.028989842419707, 4.820925249368631, 4.068409849068797, 2.9161465326694405, 4.8598458998202805, 4.753184936439986, 5.324919981558408, 6.209427424489314, 7.188300072339774, 2.499393190356411, 2.480041687149633, 3.0658292744378315, 1.7785728604698772, 0.0, 2.526042865827894, 5.580817711590301, 3.8719249760293653, 4.867725642433024, 5.597438436463594, 6.3211811570307015, 6.722072559858306, 6.342178587047199, 7.401378443236098, 7.024864639977058, 8.164743785324804], [2.6478374005969476, 2.100561539208028, 1.0148070654070163, 1.941762521525225, 2.2825643780625335, 3.5885145018517064, 4.714223910677133, 4.4407990294540465, 4.211631011852772, 3.149511257322317, 5.4486163206817935, 5.812104135336875, 6.073837525815125, 6.6668201130673985, 7.250531823942296, 2.491843092973552, 3.673441592022391, 2.949987813534151, 2.9906406905544505, 2.526042865827894, 0.0, 6.83570386500176, 5.302979537957883, 5.279479960185473, 6.619432795187212, 6.852353191422637, 7.490301039344147, 6.700757804159169, 7.554813989768379, 6.716230690647843, 8.215181763053087], [7.0694219487876095, 5.6998827400219385, 5.954105140993062, 5.109459221874659, 5.92837121729063, 5.540440448195431, 6.987461319392044, 4.41489557407647, 3.3390233018054847, 3.7841425303495106, 2.1013136081984527, 1.0968954052233055, 2.139124082422523, 2.6160777721619826, 3.563568085500823, 7.850310532074511, 7.202789844220084, 7.4302062804474005, 4.974793021825129, 5.580817711590301, 6.83570386500176, 0.0, 1.7432823093234209, 3.0674641839799857, 2.4657149510841676, 2.491128268475953, 2.23652416262378, 3.4647687686193436, 3.355068239246409, 4.278338990776677, 4.298997623865359], [5.345738876899993, 3.989386000376499, 4.405471595641039, 3.777149924215347, 4.807126291247194, 4.770993427997989, 6.397726372704604, 3.9534451305159157, 2.671625568825093, 2.521601899586848, 2.1154515380882635, 1.0973156610565622, 2.158710932477992, 3.3590098451775936, 4.391701539266984, 6.124049988365543, 5.479452316609754, 5.769317983956163, 3.2835538856549924, 3.8719249760293653, 5.302979537957883, 1.7432823093234209, 0.0, 2.5498715830409973, 2.4650147281507264, 3.0752441073839973, 3.455998917823905, 3.9954903190972693, 4.320861638608671, 4.7492759669238005, 5.321194709837257], [5.548985562244688, 4.3809294413400455, 4.311117594081609, 3.7704450904369367, 4.736141612114233, 4.7721267543936845, 6.341034916320837, 4.109587503630991, 2.991881556813371, 2.7533370607319405, 2.7543614359774935, 2.180140594090207, 1.0943001599195716, 3.8706812875771623, 4.005157327746315, 6.422773734921696, 5.938483851960869, 5.488974218376327, 3.547230566230507, 4.867725642433024, 5.279479960185473, 3.0674641839799857, 2.5498715830409973, 0.0, 1.7699013362331808, 1.7678666946350905, 4.303787974563803, 4.757016028982875, 3.544711058746538, 4.026161417529108, 5.068859363801683], [6.364326254207904, 5.28263228608617, 5.614594223093954, 5.17400679357884, 6.236876489878568, 6.219859633464408, 7.813313786736074, 5.377501033937604, 4.151192131183523, 4.002732777740727, 3.410140041112681, 2.157759043544946, 1.0947532598718304, 4.3317928032167, 4.6498085465963, 7.337176719283787, 6.46697023960989, 6.39470045350054, 4.284146604634346, 5.597438436463594, 6.619432795187212, 2.4657149510841676, 2.4650147281507264, 1.7699013362331808, 0.0, 1.7681199987557406, 4.316301339109678, 5.327364933998796, 4.000910410144171, 5.046561544259616, 5.57544201745476], [7.243096601592443, 5.999170584339138, 5.918741090806389, 5.141291334869091, 5.912768223091448, 5.583108088690384, 6.979315156947708, 4.591995993029611, 3.631680423715721, 3.9730284796361577, 2.7595561037964056, 2.1729388624625408, 1.093769797535112, 3.2575758809274116, 3.1110675740009244, 8.10568032801689, 7.567032259082817, 7.2413284250888665, 5.1687203097091645, 6.3211811570307015, 6.852353191422637, 2.491128268475953, 3.0752441073839973, 1.7678666946350905, 1.7681199987557406, 0.0, 3.3915776446957544, 4.329577490933729, 2.3160246501278867, 3.5119944775013523, 4.008462635475102], [8.407814287910979, 6.914321411389552, 6.773183973582882, 5.587285891199769, 5.943738074646292, 5.095966103694176, 6.1229446200337305, 3.7813369540415205, 3.3378113038336967, 4.419138818819794, 2.101475236589763, 2.619519906395063, 3.5866046353062115, 1.0968287651224324, 2.139570267600482, 9.016931275106847, 8.737668886493697, 8.79501306650536, 6.429446719586375, 6.722072559858306, 7.490301039344147, 2.23652416262378, 3.455998917823905, 4.303787974563803, 4.316301339109678, 3.3915776446957544, 0.0, 1.7431201134746857, 2.489062767388561, 3.0676185241975578, 2.468593239073623], [8.10199250616785, 6.583596157876028, 6.16709618945578, 4.837326594308058, 4.84105004828498, 3.7837569240108433, 4.547794950302839, 2.5205812127364595, 2.6691107226939836, 3.9581277228002634, 2.1160226416558023, 3.363318734523982, 4.398611433168426, 1.0972833408012719, 2.158561748016489, 8.529767168569139, 8.592838882464862, 8.53339381313203, 6.359262369960843, 6.342178587047199, 6.700757804159169, 3.4647687686193436, 3.9954903190972693, 4.757016028982875, 5.327364933998796, 4.329577490933729, 1.7431201134746857, 0.0, 3.0747383449653083, 2.551716022601261, 2.4631371764479546], [8.618245178689222, 7.220920830475848, 6.793935217530412, 5.656842081055472, 5.956677795550133, 5.15261872158226, 6.108806438249619, 3.984719716617469, 3.646662879949283, 4.620321029971835, 2.7610045146649074, 3.2449983143293006, 3.1155094495122304, 2.1725644892614815, 1.0937949487906773, 9.301689125099806, 9.106353866943673, 8.702574702925565, 6.640904873584624, 7.401378443236098, 7.554813989768379, 3.355068239246409, 4.320861638608671, 3.544711058746538, 4.000910410144171, 2.3160246501278867, 2.489062767388561, 3.0747383449653083, 0.0, 1.768053972592466, 1.7679031477996752], [8.272229349455925, 6.859815228561189, 6.132773697928204, 4.860776137614239, 4.797812840242938, 3.803965835808729, 4.480220406408596, 2.767174372893765, 3.0015847830771, 4.132393462631553, 2.750468185600408, 3.855322794527068, 3.986836465168844, 2.1797886755371496, 1.0943263772750795, 8.782844906407036, 8.926350986825467, 8.381668342877807, 6.528468933065394, 7.024864639977058, 6.716230690647843, 4.278338990776677, 4.7492759669238005, 4.026161417529108, 5.046561544259616, 3.5119944775013523, 3.0676185241975578, 2.551716022601261, 1.768053972592466, 0.0, 1.7703307063935825], [9.614565638654717, 8.14512417462128, 7.597961928043599, 6.300079517752137, 6.290546734585159, 5.2036055394312895, 5.745913483511566, 4.00966486130699, 4.157323766559444, 5.395838833768111, 3.4098623681902476, 4.326318430259151, 4.656715461567305, 2.1578112475376527, 1.0947099022115405, 10.162628016413864, 10.155432408814505, 9.813837751868533, 7.73716567872241, 8.164743785324804, 8.215181763053087, 4.298997623865359, 5.321194709837257, 5.068859363801683, 5.57544201745476, 4.008462635475102, 2.468593239073623, 2.4631371764479546, 1.7679031477996752, 1.7703307063935825, 0.0]]}