{"total energy": -65.2965318, "HOMO-LUMO gap/eV": 3.72000877, "electronic energy": -66.150753, "dipole": [0.07907082, 0.50688368, -0.02831093], "partial charges": [-0.11205926, 0.08500737, -0.2989838, 0.39910705, -0.46799278, -0.19523621, 0.00329645, 0.07110667, -0.28065131, 0.13742242, -0.06722643, -0.05556692, 0.13452601, -0.27188504, 0.14400877, -0.0534326, -0.0304143, -0.03737928, -0.03026305, -0.0503404, -0.05189865, -0.05470564, 0.05827372, 0.04998486, 0.04714059, 0.0517057, 0.0558637, 0.19216026, 0.06910719, 0.07817775, 0.04338417, 0.0535615, 0.04046399, 0.04196805, 0.03601409, 0.03659485, 0.03463386, 0.03803933, 0.04788283, 0.05539781, 0.05320668], "atomic dipole moments": [[-0.12036787, -0.02239208, -0.05446705], [-0.05133313, 0.24991017, 0.03349152], [-0.00304964, -0.13151993, 0.19597885], [0.06920553, -0.02281562, -0.12479405], [0.01259115, 0.10775301, -0.17913372], [-0.07844423, -0.03927113, 0.05347502], [-0.00117583, -0.13502298, -0.11800817], [-0.01432389, 0.08755692, -0.19320157], [-0.1030183, -0.13545911, 0.17860147], [0.2340859, 0.07162415, 0.0721175], [0.01265006, 0.01566479, -0.02110086], [-0.00269802, 0.00851239, -0.01342485], [-0.23169603, -0.06753142, -0.06755924], [0.0310332, 0.07602521, 0.20406225], [0.21100091, -0.00791099, -0.15192778], [0.00966115, -0.01856709, -0.01314462], [0.00702022, 0.00070111, -0.00526873], [0.008062, -0.00021368, -0.00578928], [0.00890917, -0.00026865, -0.0043617], [0.01570079, 0.03265698, -0.01375463], [-0.00851232, -0.02925571, 0.01672766], [0.01388266, -0.01569419, 0.04529816], [-0.00083436, 0.04941142, 0.12066579], [0.06855262, 0.08522694, -0.06582535], [0.06233405, -0.1116995, 0.00229874], [0.00854721, -0.04707573, -0.11228931], [-0.07028045, -0.08794781, 0.06464166], [0.00080543, 0.03196572, -0.13572797], [0.00417548, 0.12190817, -0.03428226], [0.04974607, -0.01454947, 0.11986363], [-0.06858338, 0.05102558, 0.08892548], [0.00535998, -0.13045933, 0.0085521], [0.04515563, -0.05200516, 0.13807943], [-0.07912763, -0.0924939, 0.09592047], [0.08812148, 0.12681341, -0.00920977], [-0.02835994, 0.12491777, 0.08080132], [-0.1206726, 0.00626814, 0.09031715], [-0.09429078, -0.11781863, 0.00918921], [0.02319612, -0.12834955, -0.08365947], [-0.05214476, 0.04435818, -0.1389709], [0.08230959, 0.08654425, -0.09692825]], "atomic quadrupole moments": [[0.20891347, 0.02258154, -0.12023793, 0.14075436, 0.01137529, -0.08867555], [0.0433827, -0.29128376, 0.24721207, 0.10240538, 0.01968911, -0.29059477], [-0.03624966, -0.09206659, 0.05093193, -0.03523114, 0.00218767, -0.01468227], [0.23342176, 0.20572709, -0.12783867, 0.07597351, 0.21193818, -0.10558309], [0.05658564, 0.09182664, -0.02989697, 0.06273647, 0.00856892, -0.02668866], [0.02297216, -0.05566659, 0.02665406, -0.05841218, 0.04422149, -0.04962623], [0.18025125, -0.02494035, -0.10433637, -0.17220238, 0.17233918, -0.07591488], [0.08488676, 0.07780945, -0.28930145, 0.25364309, -0.1541309, 0.20441469], [0.00817364, 0.01844918, -0.07916007, 0.08034416, -0.05266914, 0.07098642], [0.16454435, -0.08633934, 0.10188049, 0.04114395, 0.31106322, -0.26642484], [-0.11182631, -0.21381666, 0.22492176, -0.0974955, 0.25432073, -0.11309545], [-0.12131109, -0.23221152, 0.22619118, -0.11127424, 0.26720631, -0.10488009], [0.18855235, -0.06034639, 0.09661617, 0.03142635, 0.32556355, -0.28516853], [0.07626313, 0.04586263, -0.06253668, -0.02787906, 0.01066213, -0.01372646], [0.1748701, -0.17501935, -0.38850574, 0.01819675, -0.21022885, 0.21363565], [-0.01055376, -0.14889689, -0.1611666, 0.30185302, -0.188013, 0.17172036], [-0.01895679, -0.16019072, -0.16859336, 0.32693997, -0.22108646, 0.18755014], [-0.02378726, -0.15662856, -0.15022879, 0.31840584, -0.21377121, 0.17401605], [-0.01678984, -0.17073765, -0.161467, 0.32479324, -0.22569606, 0.17825684], [-0.01070886, -0.1372439, -0.14510449, 0.28976028, -0.23007497, 0.15581335], [-0.11988381, -0.20952224, 0.27194851, -0.13219849, 0.25200557, -0.15206471], [-0.12154436, -0.23669311, 0.23127603, -0.08213646, 0.25190723, -0.10973167], [-0.0259319, -0.00082557, -0.0357816, -0.01926121, 0.0385154, 0.0617135], [-0.01276732, 0.04165868, 3.928e-05, -0.026783, -0.05075918, 0.01272804], [-0.01356842, -0.05076398, 0.06344669, 0.00623926, 0.0041216, -0.04987827], [-0.01987472, -0.01552985, -0.0298766, -0.00426235, 0.0228355, 0.04975132], [0.00660906, 0.00308099, -0.00570989, -0.02378039, -0.02719527, -0.00089917], [-0.03187698, -0.04151533, 0.01306162, -0.00820785, -0.02538292, 0.01881536], [-0.01836526, -0.02233215, 0.04859698, -0.02018236, -0.01760012, -0.03023171], [0.00163696, -0.01141786, -0.04505388, 0.01524922, -0.01241211, 0.04341692], [0.00913135, -0.02388725, -0.03085661, -0.01821604, 0.02051693, 0.02172526], [-0.01910809, -0.00773974, 0.03374756, 0.01808014, -0.00032352, -0.01463948], [0.0352669, 0.03312532, -0.03940236, 0.02853486, -0.02472562, 0.00413546], [0.02466259, 0.03054685, -0.03290739, 0.01417896, -0.02871317, 0.0082448], [0.01099763, 0.01965086, 0.01001624, -0.0404912, 0.02102079, -0.02101387], [0.00703393, 0.024168, 0.01853203, -0.04360773, 0.02418127, -0.02556596], [-0.00037259, 0.02252125, 0.02433251, -0.04034534, 0.02962871, -0.02395992], [0.00160258, 0.01725543, 0.01808165, -0.04429618, 0.0313684, -0.01968423], [0.00581943, 0.01437549, 0.01291451, -0.03975288, 0.02563179, -0.01873394], [0.02090643, 0.02730671, -0.03314871, 0.01748805, -0.02912548, 0.01224229], [0.02193267, 0.0321845, -0.03198665, 0.0141473, -0.02908376, 0.01005398]], "number of molecular orbitals": 107, "number of electrons": 116, "number of unpaired electrons": 0, "orbital energies/eV": [-19.97572932, -19.5697855, -19.45099597, -19.15374087, -18.50480738, -18.33679867, -18.06936993, -17.83233862, -17.61847479, -17.37434802, -17.02210598, -16.89807829, -16.85792302, -16.80348081, -16.54931067, -16.41009068, -16.1686141, -16.09885958, -15.90039559, -15.85291645, -15.66915364, -15.51115714, -15.45349872, -15.23610292, -15.07216857, -15.00155446, -14.89980106, -14.65606047, -14.34747008, -14.22923213, -14.07828926, -14.03707818, -13.86717496, -13.61089531, -13.45983386, -13.42419811, -13.33994399, -13.30891059, -13.20833401, -13.10934426, -13.08427023, -12.95747151, -12.84496818, -12.74795587, -12.56219651, -12.52243274, -12.11289311, -12.05697777, -11.92828157, -11.92293158, -11.65218601, -11.47029889, -11.36765357, -11.15089803, -11.07817316, -11.05398857, -10.76229381, -10.11041569, -6.39040692, -6.26643928, -6.19723832, -5.78156091, -5.37346463, -2.82396207, -2.6627304, -0.7575458, 0.0079187, 1.1021978, 1.25521101, 2.09370748, 2.6452556, 2.96629025, 3.05687748, 3.21391533, 3.23848209, 3.45360306, 3.74115316, 3.8277448, 4.03376478, 4.17649891, 4.23429934, 4.3648135, 4.50950854, 4.68028655, 4.82948677, 4.85766645, 5.14735581, 5.38273205, 5.72001566, 5.91364912, 6.3894638, 6.49323801, 7.51059573, 9.17981032, 9.85055753, 10.2821659, 10.5527012, 10.66141925, 11.25788632, 11.3285392, 11.64696111, 12.52159262, 16.04835242, 16.22213319, 17.13756694, 17.37987528, 17.53203602], "fractional occupation": [2.0, 2.0, 2.0, 2.0, 2.0, 2.0, 2.0, 2.0, 2.0, 2.0, 2.0, 2.0, 2.0, 2.0, 2.0, 2.0, 2.0, 2.0, 2.0, 2.0, 2.0, 2.0, 2.0, 2.0, 2.0, 2.0, 2.0, 2.0, 2.0, 2.0, 2.0, 2.0, 2.0, 2.0, 2.0, 2.0, 2.0, 2.0, 2.0, 2.0, 2.0, 2.0, 2.0, 2.0, 2.0, 2.0, 2.0, 2.0, 2.0, 2.0, 2.0, 2.0, 2.0, 2.0, 2.0, 2.0, 2.0, 2.0, 0.0, 0.0, 0.0, 0.0, 0.0, 0.0, 0.0, 0.0, 0.0, 0.0, 0.0, 0.0, 0.0, 0.0, 0.0, 0.0, 0.0, 0.0, 0.0, 0.0, 0.0, 0.0, 0.0, 0.0, 0.0, 0.0, 0.0, 0.0, 0.0, 0.0, 0.0, 0.0, 0.0, 0.0, 0.0, 0.0, 0.0, 0.0, 0.0, 0.0, 0.0, 0.0, 0.0, 0.0, 0.0, 0.0, 0.0, 0.0, 0.0], "program call": "xtb /home/svss/Project-DBcg-Debug/aqme2_20220329/End-to-End-workflows-final/example-3/QDESCP/mol_518_rdkit_conf_11/mol_518_rdkit_conf_11.xyz --pop --wbo --acc 0.2 --gfn 2 --chrg 0 --uhf 0 --etemp 300 --input /home/svss/Project-DBcg-Debug/aqme2_20220329/End-to-End-workflows-final/example-3/QDESCP/mol_518_rdkit_conf_11/mol_518_rdkit_conf_11_xtb.inp", "method": "GFN2-xTB", "xtb version": "6.3.3 (7355c4f)", "Dipole module/D": 1.306, "Total charge": 0, "Transition dipole module/D": NaN, "HOMO": -10.1104, "LUMO": -6.3904, "HOMO occupancy": 2.0, "LUMO occupancy": 0, "mulliken charges": [-0.09916, 0.2064, -0.43618, 0.65395, -0.58144, -0.35392, 0.09458, 0.18402, -0.43399, 0.24708, -0.08829, -0.06991, 0.23721, -0.41304, 0.25219, -0.07613, -0.0238, -0.04348, -0.02536, -0.06357, -0.06071, -0.0653, 0.05017, 0.03741, 0.03233, 0.02905, 0.0421, 0.24264, 0.04257, 0.05105, 0.02653, 0.0439, 0.03874, 0.04233, 0.03953, 0.03221, 0.0311, 0.03275, 0.04715, 0.04963, 0.04767], "cm5 charges": [-0.24562, 0.12417, -0.51377, 0.7773, -0.62691, -0.70931, 0.04957, 0.10737, -0.51626, 0.26297, -0.14002, -0.12035, 0.25355, -0.48025, 0.26843, -0.12663, -0.07899, -0.09874, -0.0805, -0.11362, -0.11054, -0.11474, 0.10516, 0.09074, 0.08358, 0.09168, 0.10815, 0.44327, 0.11043, 0.11911, 0.08992, 0.11125, 0.09748, 0.10112, 0.09831, 0.0876, 0.08644, 0.08814, 0.1057, 0.10821, 0.1066], "FUKUI+": [0.006, 0.007, -0.026, -0.03, -0.054, -0.019, 0.008, 0.008, -0.025, -0.018, -0.03, -0.027, -0.01, -0.03, -0.015, -0.024, -0.032, -0.021, -0.031, -0.03, -0.032, -0.032, -0.003, -0.009, -0.015, -0.016, -0.006, -0.018, -0.019, -0.019, -0.016, -0.008, -0.044, -0.036, -0.036, -0.05, -0.051, -0.053, -0.047, -0.048, -0.049], "FUKUI-": [0.006, 0.006, -0.022, -0.001, -0.05, -0.029, 0.009, 0.011, -0.062, -0.028, -0.017, -0.019, -0.025, -0.078, -0.013, -0.016, -0.014, -0.031, -0.016, -0.017, -0.018, -0.021, -0.013, -0.018, -0.019, -0.021, -0.014, -0.018, -0.024, -0.026, -0.03, -0.025, -0.038, -0.036, -0.026, -0.041, -0.045, -0.043, -0.035, -0.042, -0.043], "FUKUIrad": [0.006, 0.006, -0.024, -0.016, -0.052, -0.024, 0.009, 0.009, -0.044, -0.023, -0.023, -0.023, -0.017, -0.054, -0.014, -0.02, -0.023, -0.026, -0.024, -0.024, -0.025, -0.026, -0.008, -0.014, -0.017, -0.018, -0.01, -0.018, -0.022, -0.022, -0.023, -0.017, -0.041, -0.036, -0.031, -0.046, -0.048, -0.048, -0.041, -0.045, -0.046], "s proportion": [1.012, 0.992, 1.691, 0.917, 1.723, 1.417, 1.006, 1.002, 1.688, 1.016, 1.057, 1.061, 1.014, 1.675, 1.02, 1.062, 1.06, 1.058, 1.062, 1.061, 1.062, 1.059, 0.95, 0.963, 0.968, 0.971, 0.958, 0.757, 0.957, 0.949, 0.973, 0.956, 0.961, 0.958, 0.96, 0.968, 0.969, 0.967, 0.953, 0.95, 0.952], "p proportion": [3.087, 2.802, 4.745, 2.429, 4.859, 3.937, 2.899, 2.814, 4.746, 2.737, 3.031, 3.008, 2.748, 4.738, 2.728, 3.014, 2.964, 2.985, 2.964, 3.002, 2.999, 3.006, 0.0, 0.0, 0.0, 0.0, 0.0, 0.0, 0.0, 0.0, 0.0, 0.0, 0.0, 0.0, 0.0, 0.0, 0.0, 0.0, 0.0, 0.0, 0.0], "d proportion": [0.0, 0.0, 0.0, 0.0, 0.0, 0.0, 0.0, 0.0, 0.0, 0.0, 0.0, 0.0, 0.0, 0.0, 0.0, 0.0, 0.0, 0.0, 0.0, 0.0, 0.0, 0.0, 0.0, 0.0, 0.0, 0.0, 0.0, 0.0, 0.0, 0.0, 0.0, 0.0, 0.0, 0.0, 0.0, 0.0, 0.0, 0.0, 0.0, 0.0, 0.0], "Fermi-level/eV": -8.2504, "Coordination numbers": [3.748, 3.698, 1.707, 2.653, 0.857, 2.686, 3.738, 3.691, 1.703, 2.856, 2.912, 2.911, 2.87, 1.708, 2.871, 2.911, 2.912, 2.912, 2.912, 2.912, 2.911, 2.916, 0.924, 0.924, 0.924, 0.924, 0.924, 0.86, 0.924, 0.924, 0.924, 0.924, 0.925, 0.925, 0.925, 0.925, 0.925, 0.925, 0.925, 0.925, 0.925], "Dispersion coefficient C6": [22.711, 19.325, 18.974, 20.264, 23.088, 25.238, 20.605, 19.566, 18.659, 24.997, 29.674, 29.38, 25.058, 18.508, 24.864, 29.327, 28.759, 28.929, 28.755, 29.25, 29.289, 29.359, 2.219, 2.32, 2.356, 2.299, 2.248, 1.147, 2.095, 1.998, 2.404, 2.276, 2.443, 2.423, 2.503, 2.495, 2.522, 2.475, 2.346, 2.254, 2.28], "Total dispersion C6": 18845.127097, "Total dispersion C8": 442345.554, "Polarizability alpha": [6.797, 6.288, 5.881, 7.365, 6.442, 7.461, 6.477, 6.33, 5.832, 8.195, 8.933, 8.888, 8.206, 5.809, 8.174, 8.88, 8.794, 8.82, 8.793, 8.868, 8.874, 8.885, 2.33, 2.382, 2.4, 2.371, 2.345, 1.678, 2.264, 2.211, 2.425, 2.359, 2.444, 2.434, 2.474, 2.47, 2.483, 2.46, 2.395, 2.348, 2.361], "Total polarizability alpha": 213.625813, "Wiberg matrix": [[0.0, 1.015949413923579, 0.0, 0.0, 0.0, 0.0, 0.0, 0.0, 0.0, 0.0, 0.0, 0.0, 0.0, 0.0, 0.0, 0.0, 0.0, 0.0, 0.0, 0.0, 0.0, 0.0, 0.9845055099819701, 0.9858394562559304, 0.9839989368611121, 0.0, 0.0, 0.0, 0.0, 0.0, 0.0, 0.0, 0.0, 0.0, 0.0, 0.0, 0.0, 0.0, 0.0, 0.0, 0.0], [1.015949413923579, 0.0, 0.9410936528762671, 0.0, 0.0, 0.0, 0.0, 0.0, 0.0, 0.0, 0.0, 0.0, 0.0, 0.0, 0.0, 0.0, 0.0, 0.0, 0.0, 0.0, 0.0, 0.0, 0.0, 0.0, 0.0, 0.9720345838953962, 0.9693935255736975, 0.0, 0.0, 0.0, 0.0, 0.0, 0.0, 0.0, 0.0, 0.0, 0.0, 0.0, 0.0, 0.0, 0.0], [0.0, 0.9410936528762671, 0.0, 1.06584459389264, 0.13377595665027625, 0.0, 0.0, 0.0, 0.0, 0.0, 0.0, 0.0, 0.0, 0.0, 0.0, 0.0, 0.0, 0.0, 0.0, 0.0, 0.0, 0.0, 0.0, 0.0, 0.0, 0.0, 0.0, 0.0, 0.0, 0.0, 0.0, 0.0, 0.0, 0.0, 0.0, 0.0, 0.0, 0.0, 0.0, 0.0, 0.0], [0.0, 0.0, 1.06584459389264, 0.0, 1.6334202714532928, 1.1991462513053748, 0.0, 0.0, 0.0, 0.0, 0.0, 0.0, 0.0, 0.0, 0.0, 0.0, 0.0, 0.0, 0.0, 0.0, 0.0, 0.0, 0.0, 0.0, 0.0, 0.0, 0.0, 0.0, 0.0, 0.0, 0.0, 0.0, 0.0, 0.0, 0.0, 0.0, 0.0, 0.0, 0.0, 0.0, 0.0], [0.0, 0.0, 0.13377595665027625, 1.6334202714532928, 0.0, 0.16238538628452823, 0.0, 0.0, 0.0, 0.0, 0.0, 0.0, 0.0, 0.0, 0.0, 0.0, 0.0, 0.0, 0.0, 0.0, 0.0, 0.0, 0.0, 0.0, 0.0, 0.0, 0.0, 0.0, 0.0, 0.0, 0.0, 0.0, 0.0, 0.0, 0.0, 0.0, 0.0, 0.0, 0.0, 0.0, 0.0], [0.0, 0.0, 0.0, 1.1991462513053748, 0.16238538628452823, 0.0, 1.0003951675009453, 0.0, 0.0, 0.0, 0.0, 0.0, 0.0, 0.0, 0.0, 0.0, 0.0, 0.0, 0.0, 0.0, 0.0, 0.0, 0.0, 0.0, 0.0, 0.0, 0.0, 0.9352430495048297, 0.0, 0.0, 0.0, 0.0, 0.0, 0.0, 0.0, 0.0, 0.0, 0.0, 0.0, 0.0, 0.0], [0.0, 0.0, 0.0, 0.0, 0.0, 1.0003951675009453, 0.0, 0.9927311747341018, 0.0, 0.0, 0.0, 0.0, 0.0, 0.0, 0.0, 0.0, 0.0, 0.0, 0.0, 0.0, 0.0, 0.0, 0.0, 0.0, 0.0, 0.0, 0.0, 0.0, 0.9708758044915013, 0.9657340987289285, 0.0, 0.0, 0.0, 0.0, 0.0, 0.0, 0.0, 0.0, 0.0, 0.0, 0.0], [0.0, 0.0, 0.0, 0.0, 0.0, 0.0, 0.9927311747341018, 0.0, 0.9659026061986695, 0.0, 0.0, 0.0, 0.0, 0.0, 0.0, 0.0, 0.0, 0.0, 0.0, 0.0, 0.0, 0.0, 0.0, 0.0, 0.0, 0.0, 0.0, 0.0, 0.0, 0.0, 0.9669684548596458, 0.9667958884888576, 0.0, 0.0, 0.0, 0.0, 0.0, 0.0, 0.0, 0.0, 0.0], [0.0, 0.0, 0.0, 0.0, 0.0, 0.0, 0.0, 0.9659026061986695, 0.0, 1.0544309995856431, 0.0, 0.0, 0.0, 0.0, 0.0, 0.0, 0.0, 0.0, 0.0, 0.0, 0.0, 0.0, 0.0, 0.0, 0.0, 0.0, 0.0, 0.0, 0.0, 0.0, 0.0, 0.0, 0.0, 0.0, 0.0, 0.0, 0.0, 0.0, 0.0, 0.0, 0.0], [0.0, 0.0, 0.0, 0.0, 0.0, 0.0, 0.0, 0.0, 1.0544309995856431, 0.0, 1.3753119743343876, 0.0, 0.0, 0.0, 0.0, 0.0, 0.0, 0.0, 0.0, 0.0, 0.0, 1.3556180138131553, 0.0, 0.0, 0.0, 0.0, 0.0, 0.0, 0.0, 0.0, 0.0, 0.0, 0.0, 0.0, 0.0, 0.0, 0.0, 0.0, 0.0, 0.0, 0.0], [0.0, 0.0, 0.0, 0.0, 0.0, 0.0, 0.0, 0.0, 0.0, 1.3753119743343876, 0.0, 1.4364382038872554, 0.0, 0.0, 0.0, 0.0, 0.0, 0.0, 0.0, 0.0, 0.10405120392947333, 0.0, 0.0, 0.0, 0.0, 0.0, 0.0, 0.0, 0.0, 0.0, 0.0, 0.0, 0.9662444430857162, 0.0, 0.0, 0.0, 0.0, 0.0, 0.0, 0.0, 0.0], [0.0, 0.0, 0.0, 0.0, 0.0, 0.0, 0.0, 0.0, 0.0, 0.0, 1.4364382038872554, 0.0, 1.3862439674091562, 0.0, 0.0, 0.0, 0.0, 0.0, 0.0, 0.0, 0.0, 0.11120855732679255, 0.0, 0.0, 0.0, 0.0, 0.0, 0.0, 0.0, 0.0, 0.0, 0.0, 0.0, 0.9688348653773482, 0.0, 0.0, 0.0, 0.0, 0.0, 0.0, 0.0], [0.0, 0.0, 0.0, 0.0, 0.0, 0.0, 0.0, 0.0, 0.0, 0.0, 0.0, 1.3862439674091562, 0.0, 1.0085215062710038, 0.0, 0.0, 0.0, 0.0, 0.0, 0.0, 1.3720468219717377, 0.0, 0.0, 0.0, 0.0, 0.0, 0.0, 0.0, 0.0, 0.0, 0.0, 0.0, 0.0, 0.0, 0.0, 0.0, 0.0, 0.0, 0.0, 0.0, 0.0], [0.0, 0.0, 0.0, 0.0, 0.0, 0.0, 0.0, 0.0, 0.0, 0.0, 0.0, 0.0, 1.0085215062710038, 0.0, 1.0108820377934862, 0.0, 0.0, 0.0, 0.0, 0.0, 0.0, 0.0, 0.0, 0.0, 0.0, 0.0, 0.0, 0.0, 0.0, 0.0, 0.0, 0.0, 0.0, 0.0, 0.0, 0.0, 0.0, 0.0, 0.0, 0.0, 0.0], [0.0, 0.0, 0.0, 0.0, 0.0, 0.0, 0.0, 0.0, 0.0, 0.0, 0.0, 0.0, 0.0, 1.0108820377934862, 0.0, 1.38147261291335, 0.0, 0.0, 0.0, 1.38187370988626, 0.0, 0.0, 0.0, 0.0, 0.0, 0.0, 0.0, 0.0, 0.0, 0.0, 0.0, 0.0, 0.0, 0.0, 0.0, 0.0, 0.0, 0.0, 0.0, 0.0, 0.0], [0.0, 0.0, 0.0, 0.0, 0.0, 0.0, 0.0, 0.0, 0.0, 0.0, 0.0, 0.0, 0.0, 0.0, 1.38147261291335, 0.0, 1.445824646989938, 0.0, 0.10995059201091545, 0.0, 0.0, 0.0, 0.0, 0.0, 0.0, 0.0, 0.0, 0.0, 0.0, 0.0, 0.0, 0.0, 0.0, 0.0, 0.9689571725475273, 0.0, 0.0, 0.0, 0.0, 0.0, 0.0], [0.0, 0.0, 0.0, 0.0, 0.0, 0.0, 0.0, 0.0, 0.0, 0.0, 0.0, 0.0, 0.0, 0.0, 0.0, 1.445824646989938, 0.0, 1.436136899948243, 0.0, 0.11001861661597584, 0.0, 0.0, 0.0, 0.0, 0.0, 0.0, 0.0, 0.0, 0.0, 0.0, 0.0, 0.0, 0.0, 0.0, 0.0, 0.9710239117995721, 0.0, 0.0, 0.0, 0.0, 0.0], [0.0, 0.0, 0.0, 0.0, 0.0, 0.0, 0.0, 0.0, 0.0, 0.0, 0.0, 0.0, 0.0, 0.0, 0.0, 0.0, 1.436136899948243, 0.0, 1.436285235959326, 0.0, 0.0, 0.0, 0.0, 0.0, 0.0, 0.0, 0.0, 0.0, 0.0, 0.0, 0.0, 0.0, 0.0, 0.0, 0.0, 0.0, 0.9713199283484625, 0.0, 0.0, 0.0, 0.0], [0.0, 0.0, 0.0, 0.0, 0.0, 0.0, 0.0, 0.0, 0.0, 0.0, 0.0, 0.0, 0.0, 0.0, 0.0, 0.10995059201091545, 0.0, 1.436285235959326, 0.0, 1.4461536451494479, 0.0, 0.0, 0.0, 0.0, 0.0, 0.0, 0.0, 0.0, 0.0, 0.0, 0.0, 0.0, 0.0, 0.0, 0.0, 0.0, 0.0, 0.9710142088882019, 0.0, 0.0, 0.0], [0.0, 0.0, 0.0, 0.0, 0.0, 0.0, 0.0, 0.0, 0.0, 0.0, 0.0, 0.0, 0.0, 0.0, 1.38187370988626, 0.0, 0.11001861661597584, 0.0, 1.4461536451494479, 0.0, 0.0, 0.0, 0.0, 0.0, 0.0, 0.0, 0.0, 0.0, 0.0, 0.0, 0.0, 0.0, 0.0, 0.0, 0.0, 0.0, 0.0, 0.0, 0.9686317505048555, 0.0, 0.0], [0.0, 0.0, 0.0, 0.0, 0.0, 0.0, 0.0, 0.0, 0.0, 0.0, 0.10405120392947333, 0.0, 1.3720468219717377, 0.0, 0.0, 0.0, 0.0, 0.0, 0.0, 0.0, 0.0, 1.461459778380095, 0.0, 0.0, 0.0, 0.0, 0.0, 0.0, 0.0, 0.0, 0.0, 0.0, 0.0, 0.0, 0.0, 0.0, 0.0, 0.0, 0.0, 0.9679095614796325, 0.0], [0.0, 0.0, 0.0, 0.0, 0.0, 0.0, 0.0, 0.0, 0.0, 1.3556180138131553, 0.0, 0.11120855732679255, 0.0, 0.0, 0.0, 0.0, 0.0, 0.0, 0.0, 0.0, 1.461459778380095, 0.0, 0.0, 0.0, 0.0, 0.0, 0.0, 0.0, 0.0, 0.0, 0.0, 0.0, 0.0, 0.0, 0.0, 0.0, 0.0, 0.0, 0.0, 0.0, 0.9681135643961172], [0.9845055099819701, 0.0, 0.0, 0.0, 0.0, 0.0, 0.0, 0.0, 0.0, 0.0, 0.0, 0.0, 0.0, 0.0, 0.0, 0.0, 0.0, 0.0, 0.0, 0.0, 0.0, 0.0, 0.0, 0.0, 0.0, 0.0, 0.0, 0.0, 0.0, 0.0, 0.0, 0.0, 0.0, 0.0, 0.0, 0.0, 0.0, 0.0, 0.0, 0.0, 0.0], [0.9858394562559304, 0.0, 0.0, 0.0, 0.0, 0.0, 0.0, 0.0, 0.0, 0.0, 0.0, 0.0, 0.0, 0.0, 0.0, 0.0, 0.0, 0.0, 0.0, 0.0, 0.0, 0.0, 0.0, 0.0, 0.0, 0.0, 0.0, 0.0, 0.0, 0.0, 0.0, 0.0, 0.0, 0.0, 0.0, 0.0, 0.0, 0.0, 0.0, 0.0, 0.0], [0.9839989368611121, 0.0, 0.0, 0.0, 0.0, 0.0, 0.0, 0.0, 0.0, 0.0, 0.0, 0.0, 0.0, 0.0, 0.0, 0.0, 0.0, 0.0, 0.0, 0.0, 0.0, 0.0, 0.0, 0.0, 0.0, 0.0, 0.0, 0.0, 0.0, 0.0, 0.0, 0.0, 0.0, 0.0, 0.0, 0.0, 0.0, 0.0, 0.0, 0.0, 0.0], [0.0, 0.9720345838953962, 0.0, 0.0, 0.0, 0.0, 0.0, 0.0, 0.0, 0.0, 0.0, 0.0, 0.0, 0.0, 0.0, 0.0, 0.0, 0.0, 0.0, 0.0, 0.0, 0.0, 0.0, 0.0, 0.0, 0.0, 0.0, 0.0, 0.0, 0.0, 0.0, 0.0, 0.0, 0.0, 0.0, 0.0, 0.0, 0.0, 0.0, 0.0, 0.0], [0.0, 0.9693935255736975, 0.0, 0.0, 0.0, 0.0, 0.0, 0.0, 0.0, 0.0, 0.0, 0.0, 0.0, 0.0, 0.0, 0.0, 0.0, 0.0, 0.0, 0.0, 0.0, 0.0, 0.0, 0.0, 0.0, 0.0, 0.0, 0.0, 0.0, 0.0, 0.0, 0.0, 0.0, 0.0, 0.0, 0.0, 0.0, 0.0, 0.0, 0.0, 0.0], [0.0, 0.0, 0.0, 0.0, 0.0, 0.9352430495048297, 0.0, 0.0, 0.0, 0.0, 0.0, 0.0, 0.0, 0.0, 0.0, 0.0, 0.0, 0.0, 0.0, 0.0, 0.0, 0.0, 0.0, 0.0, 0.0, 0.0, 0.0, 0.0, 0.0, 0.0, 0.0, 0.0, 0.0, 0.0, 0.0, 0.0, 0.0, 0.0, 0.0, 0.0, 0.0], [0.0, 0.0, 0.0, 0.0, 0.0, 0.0, 0.9708758044915013, 0.0, 0.0, 0.0, 0.0, 0.0, 0.0, 0.0, 0.0, 0.0, 0.0, 0.0, 0.0, 0.0, 0.0, 0.0, 0.0, 0.0, 0.0, 0.0, 0.0, 0.0, 0.0, 0.0, 0.0, 0.0, 0.0, 0.0, 0.0, 0.0, 0.0, 0.0, 0.0, 0.0, 0.0], [0.0, 0.0, 0.0, 0.0, 0.0, 0.0, 0.9657340987289285, 0.0, 0.0, 0.0, 0.0, 0.0, 0.0, 0.0, 0.0, 0.0, 0.0, 0.0, 0.0, 0.0, 0.0, 0.0, 0.0, 0.0, 0.0, 0.0, 0.0, 0.0, 0.0, 0.0, 0.0, 0.0, 0.0, 0.0, 0.0, 0.0, 0.0, 0.0, 0.0, 0.0, 0.0], [0.0, 0.0, 0.0, 0.0, 0.0, 0.0, 0.0, 0.9669684548596458, 0.0, 0.0, 0.0, 0.0, 0.0, 0.0, 0.0, 0.0, 0.0, 0.0, 0.0, 0.0, 0.0, 0.0, 0.0, 0.0, 0.0, 0.0, 0.0, 0.0, 0.0, 0.0, 0.0, 0.0, 0.0, 0.0, 0.0, 0.0, 0.0, 0.0, 0.0, 0.0, 0.0], [0.0, 0.0, 0.0, 0.0, 0.0, 0.0, 0.0, 0.9667958884888576, 0.0, 0.0, 0.0, 0.0, 0.0, 0.0, 0.0, 0.0, 0.0, 0.0, 0.0, 0.0, 0.0, 0.0, 0.0, 0.0, 0.0, 0.0, 0.0, 0.0, 0.0, 0.0, 0.0, 0.0, 0.0, 0.0, 0.0, 0.0, 0.0, 0.0, 0.0, 0.0, 0.0], [0.0, 0.0, 0.0, 0.0, 0.0, 0.0, 0.0, 0.0, 0.0, 0.0, 0.9662444430857162, 0.0, 0.0, 0.0, 0.0, 0.0, 0.0, 0.0, 0.0, 0.0, 0.0, 0.0, 0.0, 0.0, 0.0, 0.0, 0.0, 0.0, 0.0, 0.0, 0.0, 0.0, 0.0, 0.0, 0.0, 0.0, 0.0, 0.0, 0.0, 0.0, 0.0], [0.0, 0.0, 0.0, 0.0, 0.0, 0.0, 0.0, 0.0, 0.0, 0.0, 0.0, 0.9688348653773482, 0.0, 0.0, 0.0, 0.0, 0.0, 0.0, 0.0, 0.0, 0.0, 0.0, 0.0, 0.0, 0.0, 0.0, 0.0, 0.0, 0.0, 0.0, 0.0, 0.0, 0.0, 0.0, 0.0, 0.0, 0.0, 0.0, 0.0, 0.0, 0.0], [0.0, 0.0, 0.0, 0.0, 0.0, 0.0, 0.0, 0.0, 0.0, 0.0, 0.0, 0.0, 0.0, 0.0, 0.0, 0.9689571725475273, 0.0, 0.0, 0.0, 0.0, 0.0, 0.0, 0.0, 0.0, 0.0, 0.0, 0.0, 0.0, 0.0, 0.0, 0.0, 0.0, 0.0, 0.0, 0.0, 0.0, 0.0, 0.0, 0.0, 0.0, 0.0], [0.0, 0.0, 0.0, 0.0, 0.0, 0.0, 0.0, 0.0, 0.0, 0.0, 0.0, 0.0, 0.0, 0.0, 0.0, 0.0, 0.9710239117995721, 0.0, 0.0, 0.0, 0.0, 0.0, 0.0, 0.0, 0.0, 0.0, 0.0, 0.0, 0.0, 0.0, 0.0, 0.0, 0.0, 0.0, 0.0, 0.0, 0.0, 0.0, 0.0, 0.0, 0.0], [0.0, 0.0, 0.0, 0.0, 0.0, 0.0, 0.0, 0.0, 0.0, 0.0, 0.0, 0.0, 0.0, 0.0, 0.0, 0.0, 0.0, 0.9713199283484625, 0.0, 0.0, 0.0, 0.0, 0.0, 0.0, 0.0, 0.0, 0.0, 0.0, 0.0, 0.0, 0.0, 0.0, 0.0, 0.0, 0.0, 0.0, 0.0, 0.0, 0.0, 0.0, 0.0], [0.0, 0.0, 0.0, 0.0, 0.0, 0.0, 0.0, 0.0, 0.0, 0.0, 0.0, 0.0, 0.0, 0.0, 0.0, 0.0, 0.0, 0.0, 0.9710142088882019, 0.0, 0.0, 0.0, 0.0, 0.0, 0.0, 0.0, 0.0, 0.0, 0.0, 0.0, 0.0, 0.0, 0.0, 0.0, 0.0, 0.0, 0.0, 0.0, 0.0, 0.0, 0.0], [0.0, 0.0, 0.0, 0.0, 0.0, 0.0, 0.0, 0.0, 0.0, 0.0, 0.0, 0.0, 0.0, 0.0, 0.0, 0.0, 0.0, 0.0, 0.0, 0.9686317505048555, 0.0, 0.0, 0.0, 0.0, 0.0, 0.0, 0.0, 0.0, 0.0, 0.0, 0.0, 0.0, 0.0, 0.0, 0.0, 0.0, 0.0, 0.0, 0.0, 0.0, 0.0], [0.0, 0.0, 0.0, 0.0, 0.0, 0.0, 0.0, 0.0, 0.0, 0.0, 0.0, 0.0, 0.0, 0.0, 0.0, 0.0, 0.0, 0.0, 0.0, 0.0, 0.9679095614796325, 0.0, 0.0, 0.0, 0.0, 0.0, 0.0, 0.0, 0.0, 0.0, 0.0, 0.0, 0.0, 0.0, 0.0, 0.0, 0.0, 0.0, 0.0, 0.0, 0.0], [0.0, 0.0, 0.0, 0.0, 0.0, 0.0, 0.0, 0.0, 0.0, 0.0, 0.0, 0.0, 0.0, 0.0, 0.0, 0.0, 0.0, 0.0, 0.0, 0.0, 0.0, 0.9681135643961172, 0.0, 0.0, 0.0, 0.0, 0.0, 0.0, 0.0, 0.0, 0.0, 0.0, 0.0, 0.0, 0.0, 0.0, 0.0, 0.0, 0.0, 0.0, 0.0]], "Born radii": [], "Atomic SASAs": [], "Solvent H bonds": [], "Total SASA": NaN, "Total FOD": 0.0, "FOD": [0.0, 0.0, 0.0, 0.0, 0.0, 0.0, 0.0, 0.0, 0.0, 0.0, 0.0, 0.0, 0.0, 0.0, 0.0, 0.0, 0.0, 0.0, 0.0, 0.0, 0.0, 0.0, 0.0, 0.0, 0.0, 0.0, 0.0, 0.0, 0.0, 0.0, 0.0, 0.0, 0.0, 0.0, 0.0, 0.0, 0.0, 0.0, 0.0, 0.0, 0.0], "FOD s proportion": [0.0, 0.0, 0.0, 0.0, 0.0, 0.0, 0.0, 0.0, 0.0, 0.0, 0.0, 0.0, 0.0, 0.0, 0.0, 0.0, 0.0, 0.0, 0.0, 0.0, 0.0, 0.0, 0.0, 0.0, 0.0, 0.0, 0.0, 0.0, 0.0, 0.0, 0.0, 0.0, 0.0, 0.0, 0.0, 0.0, 0.0, 0.0, 0.0, 0.0, 0.0], "FOD p proportion": [0.0, 0.0, 0.0, 0.0, 0.0, 0.0, 0.0, 0.0, 0.0, 0.0, 0.0, 0.0, 0.0, 0.0, 0.0, 0.0, 0.0, 0.0, 0.0, 0.0, 0.0, 0.0, 0.0, 0.0, 0.0, 0.0, 0.0, 0.0, 0.0, 0.0, 0.0, 0.0, 0.0, 0.0, 0.0, 0.0, 0.0, 0.0, 0.0, 0.0, 0.0], "FOD d proportion": [0.0, 0.0, 0.0, 0.0, 0.0, 0.0, 0.0, 0.0, 0.0, 0.0, 0.0, 0.0, 0.0, 0.0, 0.0, 0.0, 0.0, 0.0, 0.0, 0.0, 0.0, 0.0, 0.0, 0.0, 0.0, 0.0, 0.0, 0.0, 0.0, 0.0, 0.0, 0.0, 0.0, 0.0, 0.0, 0.0, 0.0, 0.0, 0.0, 0.0, 0.0], "coordinates": [["7.35320", "-1.74230", "-0.05150"], ["5.95780", "-1.90020", "-0.62590"], ["5.30930", "-0.62340", "-0.71150"], ["4.65800", "-0.21890", "0.40460"], ["4.58040", "-0.84100", "1.45300"], ["4.08250", "0.99180", "0.16960"], ["3.15750", "1.59840", "1.10530"], ["1.75690", "0.98580", "1.02170"], ["1.18690", "1.34320", "-0.24230"], ["-0.07660", "0.89070", "-0.50450"], ["-0.85470", "0.09290", "0.33640"], ["-2.13870", "-0.30030", "-0.05750"], ["-2.65160", "0.11740", "-1.28720"], ["-3.89110", "-0.26410", "-1.74710"], ["-4.94840", "-0.16000", "-0.87210"], ["-5.20570", "0.99980", "-0.13650"], ["-6.31670", "1.05270", "0.70640"], ["-7.17490", "-0.04370", "0.80070"], ["-6.92880", "-1.19200", "0.04720"], ["-5.81880", "-1.24770", "-0.79620"], ["-1.87080", "0.89350", "-2.14020"], ["-0.59030", "1.28410", "-1.74400"], ["7.31600", "-1.34990", "0.96960"], ["7.93510", "-1.02990", "-0.64550"], ["7.87780", "-2.70180", "-0.03780"], ["6.02270", "-2.29450", "-1.64540"], ["5.36220", "-2.61270", "-0.04360"], ["4.07860", "1.29020", "-0.79620"], ["3.12470", "2.66600", "0.86500"], ["3.55550", "1.47370", "2.11790"], ["1.14460", "1.40180", "1.83040"], ["1.81590", "-0.10480", "1.11690"], ["-0.49350", "-0.24890", "1.30050"], ["-2.72680", "-0.93730", "0.59790"], ["-4.55260", "1.86380", "-0.21930"], ["-6.51690", "1.95130", "1.28410"], ["-8.04150", "0.00020", "1.45570"], ["-7.60370", "-2.04130", "0.11320"], ["-5.62950", "-2.13760", "-1.38990"], ["-2.25770", "1.19800", "-3.10850"], ["0.01370", "1.89680", "-2.40860"]], "bond_dist": [[0.0, 1.5172372688541504, 2.421789507781384, 3.1293574116741603, 3.280896490290421, 4.26868440037443, 5.486561876075034, 6.317662664308692, 6.897823611835837, 7.895557360946724, 8.419504015083074, 9.600810674625347, 10.250924915343004, 11.467101512152055, 12.430061150694312, 12.855049848989308, 13.973281769863513, 14.6518659702442, 14.292938668447437, 13.202302498049345, 9.81795728906986, 8.667343621894773, 1.0945349743155768, 1.0949691182859909, 1.0936329823117075, 2.1484115760254134, 2.172956412356217, 4.524780602415989, 6.1768352244494915, 5.428763915478366, 7.209273637475554, 5.891371325930831, 8.1011634010184, 10.132923830760793, 12.441068591162095, 14.415484117087432, 15.56614101760613, 14.96079492206213, 13.057491180927522, 10.50523735571929, 8.524507579326796], [1.5172372688541504, 0.0, 1.434607211051164, 2.361817092833397, 2.709420714839244, 3.537405029113856, 4.804054068180331, 5.3564113518287595, 5.781719409483652, 6.649649925372011, 7.163003919446087, 8.272609674099218, 8.867344349352855, 10.046628482232236, 11.046904947540735, 11.544403172533432, 12.694801768834362, 13.339774701995532, 12.92358581857218, 11.795891907778742, 8.448955091607482, 7.36664969372102, 2.1663696775942927, 2.1604447551372385, 2.1621341702123855, 1.0950181505345014, 1.0961153680156117, 3.7066220322552446, 5.576685472572395, 4.968167161036352, 6.332733053745437, 4.839023518231751, 6.932321425035051, 8.823102629460909, 11.171460411244361, 13.194706981968185, 14.28023036263771, 13.582358420760363, 11.614885968015354, 9.124504712585772, 7.275132514257042], [2.421789507781384, 1.434607211051164, 0.0, 1.3540646771849565, 2.2942766223801354, 2.211390171362802, 3.587115933448486, 4.267675320358849, 4.591497137100274, 5.598505748858351, 6.293335848339893, 7.483636389483391, 8.015993010226495, 9.265469443584605, 10.269417763924107, 10.655075233896756, 11.831467686639728, 12.588806558605945, 12.274771821097124, 11.145920069245069, 7.476363107153103, 6.285689513490147, 2.7167525374976647, 2.6578983972304133, 3.3720632408067317, 2.042959612914558, 2.0990958315427144, 2.2767655874068375, 4.2518209945857315, 3.934354738708751, 5.2827470827212615, 3.9769128831293252, 6.1531197038575485, 8.148126458272479, 10.182607538837978, 12.266641997303092, 13.539922209525429, 13.016763787516467, 11.063922163500608, 8.143868611415584, 6.105320287257664], [3.1293574116741603, 2.361817092833397, 1.3540646771849565, 0.0, 1.2215452222492624, 1.3609627989037765, 2.4586703784769526, 3.201327179467916, 3.86098060471689, 4.947131707363369, 5.521931887482859, 6.812877017824409, 7.510361981289584, 8.815836133912653, 9.6910449931883, 9.953421350972741, 11.052243658642348, 11.84082398568613, 11.633081819105374, 10.59545602227672, 7.094974999251231, 5.8668683170836555, 2.9433569270477538, 3.5355078022824387, 4.0899415900474665, 3.2207175365126326, 2.5351645548169053, 2.0137049957727178, 3.299337063714467, 2.6487351509730077, 4.123536551311266, 2.932221429223926, 5.228908974155125, 7.422178554171276, 9.463722463174836, 11.417603877346595, 12.744807423809904, 12.399812200594008, 10.617640801515185, 7.8852002961243794, 5.827504030028637], [3.280896490290421, 2.709420714839244, 2.2942766223801354, 1.2215452222492624, 0.0, 2.29219890280054, 2.845384343107272, 3.3904822931258614, 4.377283858741628, 5.340247198398217, 5.626657691738498, 6.90798607048393, 7.792884613543306, 9.074126176662961, 9.831982528971459, 10.08378937205652, 11.085589729915139, 11.800350023198463, 11.600049968857892, 10.64742533056701, 7.585351536349519, 6.439953221879799, 2.8242100010445395, 3.9614893095905233, 4.069140946194909, 3.713889349455635, 2.4474361462559138, 3.138903840515029, 3.842376281677785, 2.6173169678126493, 4.120352441236065, 2.880523199003959, 5.110606604895352, 7.357692677735323, 9.6707920735584, 11.444454281004404, 12.649900566407629, 12.316171358827386, 10.67732691173217, 8.469026795328965, 6.577404677378457], [4.26868440037443, 3.537405029113856, 2.211390171362802, 1.3609627989037765, 2.29219890280054, 0.0, 1.4488350665275875, 2.4767974826376093, 2.945783924526712, 4.214587148226976, 5.021134064133321, 6.35802062437674, 6.945138185090344, 8.296343812788859, 9.163456604360604, 9.293245958759512, 10.413223501394754, 11.322526317920396, 11.226428278397362, 10.197248235676131, 6.386440308967116, 5.057901154629259, 4.071741782087858, 4.426532012761232, 5.299999793396222, 4.225916318385872, 3.83086238071795, 1.0108547917480533, 2.050343298084494, 2.0750492765233313, 3.399648959819234, 2.6902387273251414, 4.874222738037316, 7.090235129387458, 8.687725779512151, 10.700935980557961, 12.232281053425806, 12.073530842715398, 10.322215295662069, 7.140489765415254, 4.901150240504773], [5.486561876075034, 4.804054068180331, 3.587115933448486, 2.4586703784769526, 2.845384343107272, 1.4488350665275875, 0.0, 1.5309957805297836, 2.4009200653082976, 3.681263117463896, 4.3537898777961255, 5.7451631804501435, 6.454692871082249, 7.828655949139674, 8.526880797220048, 8.476054709592194, 9.498282757425153, 10.466506739595594, 10.518524395560434, 9.60676580072607, 6.0261061349763825, 4.718400133519835, 5.099412675004839, 5.727016962608021, 6.486881357015866, 5.561509861539401, 4.890198003148747, 2.1352083504894783, 1.0948012102660463, 1.0951314304685078, 2.1485315869216355, 2.168159440631616, 4.0963912569479985, 6.427457953188025, 7.827556727996291, 9.682485383929066, 11.317889573591005, 11.403293556687911, 9.868894975629239, 6.87319588255711, 4.724406228300017], [6.317662664308692, 5.3564113518287595, 4.267675320358849, 3.201327179467916, 3.3904822931258614, 2.4767974826376093, 1.5309957805297836, 0.0, 1.4318976080711916, 2.3874783140376374, 2.8438285918810227, 4.241983640939696, 5.051733367864935, 6.413143336149598, 7.0611885805436465, 7.058287469351188, 8.080031352661942, 8.993651232397216, 9.007432907327148, 8.104598271968822, 4.813142236626714, 3.639701528971847, 6.0300747681931774, 6.709154758238925, 7.2240120999344954, 6.005900443730316, 5.204061339953633, 2.964407303323887, 2.1722117231061984, 2.162096854907291, 1.0963407225858208, 1.096335897432899, 2.5819592734975507, 4.8970895172541, 6.490050481313686, 8.334075260639299, 9.857403609470396, 9.879753995925203, 8.374386370355742, 5.763730913219319, 3.954190856547013], [6.897823611835837, 5.781719409483652, 4.591497137100274, 3.86098060471689, 4.377283858741628, 2.945783924526712, 2.4009200653082976, 1.4318976080711916, 0.0, 1.3674565221607597, 2.462980783522275, 3.714143057287912, 4.162749560086458, 5.534791805479227, 6.348083519456877, 6.4026909936369725, 7.568912398753206, 8.539967204269582, 8.507387130018241, 7.489953304927877, 3.626814551365978, 2.3274525859832247, 6.803481169959977, 7.164661687058225, 7.821252333226437, 6.211804290220355, 5.755150440257839, 2.9447483933266687, 2.5944136081203393, 3.3463174162054625, 2.0739596283438115, 2.0832113766970455, 2.781862399544593, 4.606914800601374, 5.7631079818098145, 7.877069062157573, 9.478935571043827, 9.426339101687356, 7.739267624265231, 4.483464579987222, 2.525020176157014], [7.895557360946724, 6.649649925372011, 5.598505748858351, 4.947131707363369, 5.340247198398217, 4.214587148226976, 3.681263117463896, 2.3874783140376374, 1.3674565221607597, 0.0, 1.3960792456017674, 2.422921049064538, 2.8002209162849994, 4.174688976438843, 4.997352848258767, 5.143441806806022, 6.358566726865418, 7.277534836055406, 7.182942086638316, 6.134387034578109, 2.4278953787179547, 1.3982172577965128, 7.864082523091934, 8.239898194152644, 8.7405002431211, 6.974855721805291, 6.485891288789845, 4.184540139609131, 3.908393791572185, 4.517634466178068, 2.684084696875268, 2.683563761120648, 2.174975579173247, 3.403003056125575, 4.58942683240511, 6.767675111144151, 8.250757922760792, 8.10156847159857, 6.386644851563299, 3.410637257170572, 2.1554554298337973], [8.419504015083074, 7.163003919446087, 6.293335848339893, 5.521931887482859, 5.626657691738498, 5.021134064133321, 4.3537898777961255, 2.8438285918810227, 2.462980783522275, 1.3960792456017674, 0.0, 1.3994354040112034, 2.4218849724955973, 3.6997494793566763, 4.275840309225779, 4.46959763513451, 5.55801763581225, 6.3387035022944564, 6.21524701520382, 5.265195146430947, 2.7940950467011674, 2.4118310388582365, 8.321235038742747, 8.915458007864768, 9.176433401926918, 7.544921521129297, 6.79076703841326, 5.201322806748299, 4.768216220978239, 4.952798696696646, 2.818236274693802, 2.789331443195663, 1.0847955982580313, 2.1527779030824337, 4.137554073362667, 6.034260078087454, 7.274030520969787, 7.081922682435893, 5.545625030598444, 3.8803338799644544, 3.3975283324793626], [9.600810674625347, 8.272609674099218, 7.483636389483391, 6.812877017824409, 6.90798607048393, 6.35802062437674, 5.7451631804501435, 4.241983640939696, 3.714143057287912, 2.422921049064538, 1.3994354040112034, 0.0, 1.3963172239860109, 2.434535758620111, 2.928766180493076, 3.332114945496328, 4.457559445481349, 5.115238141083951, 4.87351505486543, 3.871224671857732, 2.4154850734376314, 2.784267977404474, 9.568069118688472, 10.117287511976714, 10.300381672054682, 8.550246195870619, 7.849260333305297, 6.4598906515513095, 6.11173637356848, 6.348492324954012, 4.1522728366522355, 4.129926969087952, 2.133890578263094, 1.0868209466144825, 3.2459854066215392, 5.102766735801275, 6.101075506007116, 5.738156889629282, 4.163729781097712, 3.4011270029212373, 3.871400958309536], [10.250924915343004, 8.867344349352855, 8.015993010226495, 7.510361981289584, 7.792884613543306, 6.945138185090344, 6.454692871082249, 5.051733367864935, 4.162749560086458, 2.8002209162849994, 2.4218849724955973, 1.3963172239860109, 0.0, 1.37601253991379, 2.350435919143511, 2.937033717886126, 4.275767189639772, 4.984528313692279, 4.667932257434762, 3.4836381628980932, 1.392691225649103, 2.412221552842939, 10.324687176374885, 10.668003237251103, 10.971652262079763, 9.010496620053747, 8.556925698520468, 6.849243234109882, 6.670304977285521, 7.208491250601613, 5.0774252884705255, 5.078151819313795, 3.389360203637259, 2.1613998103081253, 2.7935862918478103, 4.9915245156164465, 6.048822882181292, 5.580716823133028, 3.736771427315297, 2.154062965653511, 3.395235840114793], [11.467101512152055, 10.046628482232236, 9.265469443584605, 8.815836133912653, 9.074126176662961, 8.296343812788859, 7.828655949139674, 6.413143336149598, 5.534791805479227, 4.174688976438843, 3.6997494793566763, 2.434535758620111, 1.37601253991379, 0.0, 1.3763520988468037, 2.433032825508115, 3.6928525356423316, 4.162115260297341, 3.6480312759075955, 2.3638331286281615, 2.361393118479005, 3.6458488024052773, 11.582681509046168, 11.902057748137505, 12.139649706231229, 10.120093749071696, 9.697494269139836, 8.175339588665414, 8.03927870271954, 8.567965067622533, 6.397812403470424, 6.387309409289642, 4.564184764007697, 2.7032975659368317, 2.701798197497363, 4.581593198877438, 5.249152549697903, 4.516918716337499, 2.580625631508763, 2.5805313270720043, 4.511599949020303], [12.430061150694312, 11.046904947540735, 10.269417763924107, 9.6910449931883, 9.831982528971459, 9.163456604360604, 8.526880797220048, 7.0611885805436465, 6.348083519456877, 4.997352848258767, 4.275840309225779, 2.928766180493076, 2.350435919143511, 1.3763520988468037, 0.0, 1.3972997853002054, 2.415480993508332, 2.7873083395993343, 2.4149783953484962, 1.3951516978450769, 3.4913552698056955, 4.673186282398766, 12.458861435139248, 12.914822717327562, 13.102221573840064, 11.203531512429462, 10.630645413144022, 9.14306129532117, 8.72804308078277, 9.161080225606584, 6.845975057652488, 7.0508809754526425, 4.957239955862536, 2.7749958288256944, 2.163000674988337, 3.401026077524252, 3.8744786087937038, 3.400106449804182, 2.15474263196327, 3.7530674720820034, 5.586921773212866], [12.855049848989308, 11.544403172533432, 10.655075233896756, 9.953421350972741, 10.08378937205652, 9.293245958759512, 8.476054709592194, 7.058287469351188, 6.4026909936369725, 5.143441806806022, 4.46959763513451, 3.332114945496328, 2.937033717886126, 2.433032825508115, 1.3972997853002054, 0.0, 1.395564337463522, 2.417640322711383, 2.7940663091630444, 2.4212294294428194, 3.892000949383235, 4.8955898418883095, 12.788178845715288, 13.306366436033544, 13.59740991880439, 11.798565940825183, 11.168674812617654, 9.31223725750155, 8.554226373553602, 9.059002484269445, 6.6600758028719165, 7.2176186710022305, 5.082228795518754, 3.230579666251863, 1.0862280837835119, 2.1546930291807227, 3.402361332956862, 3.880856000935876, 3.4049811688172373, 4.190796015078758, 5.7627409945268235], [13.973281769863513, 12.694801768834362, 11.831467686639728, 11.052243658642348, 11.085589729915139, 10.413223501394754, 9.498282757425153, 8.080031352661942, 7.568912398753206, 6.358566726865418, 5.55801763581225, 4.457559445481349, 4.275767189639772, 3.6928525356423316, 2.415480993508332, 1.395564337463522, 0.0, 1.3955259546135286, 2.418240918519079, 2.792409592090673, 5.28152468611101, 6.232949789626097, 13.845297768195525, 14.466466728610687, 14.701494282555089, 12.999827054234224, 12.263537922231086, 10.506020897561548, 9.57955765210482, 9.98147815155651, 7.5535583998536735, 8.224809983215417, 5.9963968856305705, 4.106002223574654, 2.1510119734673725, 1.0868759312819471, 2.1550270949572763, 3.403100239487518, 3.878753874635512, 5.572257630440287, 7.1056100350356965], [14.6518659702442, 13.339774701995532, 12.588806558605945, 11.84082398568613, 11.800350023198463, 11.322526317920396, 10.466506739595594, 8.993651232397216, 8.539967204269582, 7.277534836055406, 6.3387035022944564, 5.115238141083951, 4.984528313692279, 4.162115260297341, 2.7873083395993343, 2.417640322711383, 1.3955259546135286, 0.0, 1.3953208770745171, 2.4163428606056714, 6.136832526637826, 7.183001328831841, 14.550631204865306, 15.21105469321572, 15.308571296825841, 13.60978146812064, 12.825423186000528, 11.444240519580143, 10.650275524135514, 10.916913609624288, 8.506693399317975, 8.996566027657442, 6.703209159798013, 4.54150221953045, 3.3993254536745963, 2.1556123399164333, 1.0871742132703472, 2.155674244870964, 3.401677046693292, 6.403320964156022, 8.108089583866226], [14.292938668447437, 12.92358581857218, 12.274771821097124, 11.633081819105374, 11.600049968857892, 11.226428278397362, 10.518524395560434, 9.007432907327148, 8.507387130018241, 7.182942086638316, 6.21524701520382, 4.87351505486543, 4.667932257434762, 3.6480312759075955, 2.4149783953484962, 2.7940663091630444, 2.418240918519079, 1.3953208770745171, 0.0, 1.3951795762553287, 5.892146723393775, 7.0367642350728214, 14.275506338130356, 14.880915056205382, 14.883619338050808, 13.10807969383769, 12.373169122338869, 11.315277069519775, 10.799343641629337, 11.014277165116193, 8.66529793140432, 8.87671335686807, 6.623691160523715, 4.24557965182612, 3.8801111234087093, 3.402927873170397, 2.154835116662061, 1.0868102410264637, 2.1558284393708136, 6.122884753120869, 7.985608638669942], [13.202302498049345, 11.795891907778742, 11.145920069245069, 10.59545602227672, 10.64742533056701, 10.197248235676131, 9.60676580072607, 8.104598271968822, 7.489953304927877, 6.134387034578109, 5.265195146430947, 3.871224671857732, 3.4836381628980932, 2.3638331286281615, 1.3951516978450769, 2.4212294294428194, 2.792409592090673, 2.4163428606056714, 1.3951795762553287, 0.0, 4.688046228441013, 5.8860469187732445, 13.253356764231468, 13.756449852341992, 13.794434708606222, 11.917971854724277, 11.28912719212606, 10.217605549736202, 9.902667589089315, 10.187025928110717, 7.899861857652955, 7.953289640771295, 5.809696413755198, 3.405925273695828, 3.408446610994516, 3.8792515644129084, 3.401279657717077, 2.154687292857133, 1.0863867589399274, 4.899960509024537, 6.8195139313590385], [9.81795728906986, 8.448955091607482, 7.476363107153103, 7.094974999251231, 7.585351536349519, 6.386440308967116, 6.026