{"total energy": -61.12289026, "HOMO-LUMO gap/eV": 3.61252035, "electronic energy": -61.65678174, "dipole": [1.46446817, -2.21866287, -0.47976553], "partial charges": [-0.20463155, 0.47842504, -0.20701835, -0.20392225, -0.01784488, -0.02726732, -0.02373679, -0.04329774, 0.07850366, -0.03689765, -0.08938648, -0.00648114, -0.02882127, 0.02059634, -0.18878686, 0.04022378, -0.15366304, 0.26511944, -0.37047272, 0.06408928, 0.05913087, 0.05116264, 0.0930622, 0.06018145, 0.0768548, 0.08258023, 0.06880801, 0.08426339, 0.07922692], "atomic dipole moments": [[0.04663233, -0.11161954, 0.2382274], [-0.15188651, 0.1403609, 0.00478288], [0.23108264, 0.10906738, -0.07997224], [-0.05306066, -0.19890753, -0.17074282], [-0.12715605, 0.12640375, 0.00790576], [0.02199028, 0.03760364, -0.00303168], [-0.0019145, 0.01671007, 7.423e-05], [0.00138211, 0.05159463, 0.00425849], [0.15241364, 0.0647897, -0.01615838], [0.00069377, -0.06608715, -0.00501606], [0.03345405, -0.04212284, -0.01577718], [-0.04510739, 0.18060704, 0.00765576], [-0.02461015, -0.00990641, -0.12333164], [-0.05745633, -0.13861351, 0.13337127], [0.04289674, 0.08880578, -0.04433538], [0.05076835, 0.08739759, 0.11877688], [-0.15589359, 0.03291013, -0.05321083], [0.01161882, -0.03401212, 0.019206], [0.09898838, -0.14711473, 0.01744576], [-0.14523531, -0.05568836, 0.01315584], [-0.0296438, -0.15108832, 0.00474339], [0.10205386, -0.11269595, -0.00940976], [0.01721364, 0.15910534, -0.00138957], [-0.00178826, -0.05470515, -0.11442085], [-0.00896923, -0.08211103, 0.10103169], [0.00632232, 0.01805364, 0.13309319], [0.00039535, -0.02462261, -0.12883714], [0.10391104, 0.08114658, 0.02126866], [0.02719966, -0.00073188, -0.13562367]], "atomic quadrupole moments": [[-0.04320116, 0.00302961, -0.02564514, 0.01350688, -0.04442708, 0.06884631], [-0.09808222, 0.26189792, -0.0360995, 0.01088656, -0.0166513, 0.13418172], [0.03641123, 0.05673896, -0.01123739, -0.02966348, -0.01813908, -0.02517384], [-0.03427074, 0.03292088, 0.01916816, 0.02206547, 0.05644656, 0.01510257], [-0.16592354, -0.17906965, -0.1876305, 0.0530265, 0.02245693, 0.35355404], [-0.27783894, -0.00138284, -0.25462459, 0.06598518, 0.01359522, 0.53246353], [-0.24329515, -0.02380777, -0.29633071, 0.06579754, 0.01594328, 0.53962586], [-0.22877798, -0.00299636, -0.2634366, 0.06999178, 0.01182227, 0.49221459], [-0.07638772, 0.09057389, -0.31414534, 0.04039949, 0.00239437, 0.39053306], [-0.24534218, 0.03207333, -0.28058401, 0.06480838, 0.00271833, 0.5259262], [0.02020186, -0.07811019, 0.01383089, -0.00100768, 0.01012317, -0.03403275], [0.26894172, -0.0657741, 0.09135125, 0.03890801, 0.03329682, -0.36029297], [0.14172637, -0.00641204, 0.13653646, -0.00896956, -0.07481756, -0.27826283], [-0.084472, -0.23895874, 0.23496727, -0.03690447, -0.2554677, -0.15049527], [-0.25040614, -0.16474409, 0.36672624, 0.07723521, -0.34641152, -0.11632009], [0.0260667, 0.11539855, 0.2777564, 0.13083849, 0.07334528, -0.3038231], [-0.09851364, 0.33077765, 0.2567164, 0.17748197, 0.27617471, -0.15820276], [-0.19228022, 0.00770823, -0.2611578, 0.06472769, 0.15251955, 0.45343802], [-0.1043476, 0.00215219, -0.09625863, 0.02612195, 0.06480045, 0.20060622], [0.02858314, -0.01254599, 0.0338273, -0.00775382, 2.731e-05, -0.06241044], [0.04214869, -0.00526143, 0.02448642, -0.00915324, -0.00130278, -0.06663512], [0.05662537, 0.00708964, 0.01304793, -0.01011897, -0.00267809, -0.0696733], [0.04144948, 0.00884132, 0.01354522, -0.01044128, -0.00269656, -0.05499471], [-0.01333718, -0.01809022, -0.0116891, -0.00625006, 0.02871938, 0.02502628], [-0.01678547, 0.01114589, 0.00869496, -0.00173185, -0.02887361, 0.00809051], [-0.00772546, 0.01230637, -0.00830455, 0.00313635, 0.00729856, 0.01603001], [-0.03100652, -0.01237315, -0.00680699, 0.01767051, 0.01341592, 0.03781352], [0.01183252, 0.02084574, 0.01458303, 0.02268245, 0.00678198, -0.02641555], [-0.01790433, 0.00852391, -0.00160635, -0.01379294, 0.00457233, 0.01951068]], "number of molecular orbitals": 96, "number of electrons": 104, "number of unpaired electrons": 0, "orbital energies/eV": [-29.25087691, -29.16364083, -23.68392564, -23.35337732, -23.32188197, -20.06856771, -19.68227849, -19.03225373, -18.92119034, -18.54403731, -18.35660179, -18.16752967, -17.77945417, -17.6188695, -17.33101695, -17.0921953, -16.98325259, -16.73273503, -16.6980901, -16.46235321, -16.35198265, -16.18790261, -15.69077108, -15.59201305, -15.32237508, -15.18502774, -15.00435549, -14.83795041, -14.72255381, -14.69605179, -14.67181819, -14.50763558, -14.35893568, -14.34905677, -14.31653634, -14.25889358, -14.16848183, -14.11469084, -13.9890741, -13.76968512, -13.63639536, -13.51810352, -12.93547811, -12.85753875, -12.7362481, -12.18561273, -12.11250924, -12.01532253, -11.89991902, -11.85664927, -11.48362883, -11.31599526, -7.70347492, -7.45966141, -6.57136982, -5.06543296, -4.79791015, -3.86551337, -1.81696559, -0.84164452, -0.45577466, -0.15207098, -0.08427867, 0.03995619, 0.04943971, 0.08963841, 0.10072325, 0.19259679, 0.34385454, 0.55568668, 0.8084994, 1.6647439, 1.68822942, 1.88593788, 2.15019386, 2.61619249, 2.75643701, 3.08767669, 3.48380966, 3.55205366, 3.66642392, 3.83739808, 3.97420994, 4.17702335, 4.74761302, 5.16287727, 5.47754145, 6.03542371, 6.75921856, 8.92514809, 9.64542251, 10.59029644, 10.68493523, 15.14534912, 15.43556721, 16.21342268], "fractional occupation": [2.0, 2.0, 2.0, 2.0, 2.0, 2.0, 2.0, 2.0, 2.0, 2.0, 2.0, 2.0, 2.0, 2.0, 2.0, 2.0, 2.0, 2.0, 2.0, 2.0, 2.0, 2.0, 2.0, 2.0, 2.0, 2.0, 2.0, 2.0, 2.0, 2.0, 2.0, 2.0, 2.0, 2.0, 2.0, 2.0, 2.0, 2.0, 2.0, 2.0, 2.0, 2.0, 2.0, 2.0, 2.0, 2.0, 2.0, 2.0, 2.0, 2.0, 2.0, 2.0, 0.0, 0.0, 0.0, 0.0, 0.0, 0.0, 0.0, 0.0, 0.0, 0.0, 0.0, 0.0, 0.0, 0.0, 0.0, 0.0, 0.0, 0.0, 0.0, 0.0, 0.0, 0.0, 0.0, 0.0, 0.0, 0.0, 0.0, 0.0, 0.0, 0.0, 0.0, 0.0, 0.0, 0.0, 0.0, 0.0, 0.0, 0.0, 0.0, 0.0, 0.0, 0.0, 0.0, 0.0], "program call": "xtb /home/svss/Project-DBcg-Debug/aqme2_20220329/End-to-End-workflows-final/example-3/QDESCP/mol_657_rdkit_conf_10/mol_657_rdkit_conf_10.xyz --pop --wbo --acc 0.2 --gfn 2 --chrg 0 --uhf 0 --etemp 300 --input /home/svss/Project-DBcg-Debug/aqme2_20220329/End-to-End-workflows-final/example-3/QDESCP/mol_657_rdkit_conf_10/mol_657_rdkit_conf_10_xtb.inp", "method": "GFN2-xTB", "xtb version": "6.3.3 (7355c4f)", "Dipole module/D": 6.866, "Total charge": 0, "Transition dipole module/D": NaN, "HOMO": -11.316, "LUMO": -7.7035, "HOMO occupancy": 2.0, "LUMO occupancy": 0, "mulliken charges": [-0.24643, 0.63431, -0.25056, -0.24581, -0.02215, -0.02451, -0.01581, -0.05812, 0.15295, -0.03685, -0.26297, 0.07882, -0.04037, 0.05964, -0.14205, 0.04806, -0.10077, 0.46433, -0.50394, 0.05372, 0.04422, 0.03935, 0.08498, 0.04158, 0.04922, 0.05327, 0.03702, 0.04982, 0.05903], "cm5 charges": [-0.26647, 0.68587, -0.27179, -0.26644, -0.02493, -0.07542, -0.07091, -0.10649, 0.20622, -0.07952, -0.50455, 0.0359, -0.097, -0.04051, -0.15161, 0.00305, -0.10507, 0.55673, -0.54964, 0.11126, 0.09953, 0.09885, 0.15318, 0.10843, 0.11525, 0.11581, 0.09307, 0.10573, 0.12151], "FUKUI+": [-0.028, -0.003, -0.027, -0.026, -0.052, -0.046, -0.021, -0.044, -0.034, -0.014, -0.044, 0.025, 0.007, 0.012, -0.035, 0.01, -0.088, -0.062, -0.119, -0.067, -0.062, -0.062, -0.038, -0.033, -0.031, -0.026, -0.018, -0.02, -0.052], "FUKUI-": [-0.019, -0.0, -0.02, -0.017, -0.025, -0.037, -0.019, -0.017, -0.017, -0.021, -0.067, 0.023, 0.007, 0.024, -0.162, 0.012, -0.157, -0.011, -0.088, -0.05, -0.046, -0.033, -0.03, -0.043, -0.038, -0.03, -0.037, -0.037, -0.047], "FUKUIrad": [-0.024, -0.002, -0.023, -0.021, -0.039, -0.041, -0.02, -0.03, -0.026, -0.017, -0.056, 0.024, 0.007, 0.018, -0.099, 0.011, -0.123, -0.036, -0.104, -0.058, -0.054, -0.048, -0.034, -0.038, -0.034, -0.028, -0.028, -0.029, -0.049], "s proportion": [1.825, 1.03, 1.826, 1.825, 1.077, 1.061, 1.061, 1.063, 1.041, 1.067, 1.449, 1.014, 1.068, 1.047, 1.949, 1.077, 1.948, 1.008, 1.727, 0.946, 0.956, 0.961, 0.915, 0.958, 0.951, 0.947, 0.963, 0.95, 0.941], "p proportion": [5.421, 2.336, 5.425, 5.421, 2.945, 2.963, 2.955, 2.995, 2.806, 2.97, 3.814, 2.907, 2.972, 2.894, 5.209, 2.875, 5.168, 2.528, 4.777, 0.0, 0.0, 0.0, 0.0, 0.0, 0.0, 0.0, 0.0, 0.0, 0.0], "d proportion": [0.0, 0.0, 0.0, 0.0, 0.0, 0.0, 0.0, 0.0, 0.0, 0.0, 0.0, 0.0, 0.0, 0.0, -0.016, 0.0, -0.016, 0.0, 0.0, 0.0, 0.0, 0.0, 0.0, 0.0, 0.0, 0.0, 0.0, 0.0, 0.0], "Fermi-level/eV": -9.5097, "Coordination numbers": [0.788, 3.331, 0.788, 0.788, 2.96, 2.913, 2.908, 2.918, 2.891, 2.919, 2.755, 3.791, 3.938, 3.715, 0.916, 3.803, 0.944, 2.821, 0.856, 0.925, 0.925, 0.925, 0.925, 0.924, 0.924, 0.923, 0.924, 0.924, 0.924], "Dispersion coefficient C6": [11.283, 17.455, 11.308, 11.276, 28.453, 28.682, 28.597, 29.075, 26.247, 28.918, 22.983, 20.704, 21.02, 20.35, 105.073, 19.897, 103.958, 22.535, 21.1, 2.152, 2.209, 2.305, 1.85, 2.197, 2.012, 1.953, 2.099, 1.936, 1.987], "Total dispersion C6": 12730.290553, "Total dispersion C8": 338865.152222, "Polarizability alpha": [3.968, 6.627, 3.972, 3.967, 8.749, 8.782, 8.769, 8.842, 8.399, 8.818, 7.12, 6.48, 6.515, 6.445, 15.682, 6.351, 15.599, 7.778, 6.159, 2.294, 2.324, 2.374, 2.127, 2.318, 2.218, 2.185, 2.266, 2.176, 2.204], "Total polarizability alpha": 171.509038, "Wiberg matrix": [[0.0, 0.943343352704495, 0.0, 0.0, 0.0, 0.0, 0.0, 0.0, 0.0, 0.0, 0.0, 0.0, 0.0, 0.0, 0.0, 0.0, 0.0, 0.0, 0.0, 0.0, 0.0, 0.0, 0.0, 0.0, 0.0, 0.0, 0.0, 0.0, 0.0], [0.943343352704495, 0.0, 0.9457307145185568, 0.9466187994483638, 0.9548163633889857, 0.0, 0.0, 0.0, 0.0, 0.0, 0.0, 0.0, 0.0, 0.0, 0.0, 0.0, 0.0, 0.0, 0.0, 0.0, 0.0, 0.0, 0.0, 0.0, 0.0, 0.0, 0.0, 0.0, 0.0], [0.0, 0.9457307145185568, 0.0, 0.0, 0.0, 0.0, 0.0, 0.0, 0.0, 0.0, 0.0, 0.0, 0.0, 0.0, 0.0, 0.0, 0.0, 0.0, 0.0, 0.0, 0.0, 0.0, 0.0, 0.0, 0.0, 0.0, 0.0, 0.0, 0.0], [0.0, 0.9466187994483638, 0.0, 0.0, 0.0, 0.0, 0.0, 0.0, 0.0, 0.0, 0.0, 0.0, 0.0, 0.0, 0.0, 0.0, 0.0, 0.0, 0.0, 0.0, 0.0, 0.0, 0.0, 0.0, 0.0, 0.0, 0.0, 0.0, 0.0], [0.0, 0.9548163633889857, 0.0, 0.0, 0.0, 1.4091082439458504, 0.0, 0.10377585842899037, 0.0, 1.4163896866963273, 0.0, 0.0, 0.0, 0.0, 0.0, 0.0, 0.0, 0.0, 0.0, 0.0, 0.0, 0.0, 0.0, 0.0, 0.0, 0.0, 0.0, 0.0, 0.0], [0.0, 0.0, 0.0, 0.0, 1.4091082439458504, 0.0, 1.4346461131764996, 0.0, 0.0, 0.0, 0.0, 0.0, 0.0, 0.0, 0.0, 0.0, 0.0, 0.0, 0.0, 0.9663964488121646, 0.0, 0.0, 0.0, 0.0, 0.0, 0.0, 0.0, 0.0, 0.0], [0.0, 0.0, 0.0, 0.0, 0.0, 1.4346461131764996, 0.0, 1.448205148369787, 0.0, 0.10854871198355552, 0.0, 0.0, 0.0, 0.0, 0.0, 0.0, 0.0, 0.0, 0.0, 0.0, 0.9685620274414771, 0.0, 0.0, 0.0, 0.0, 0.0, 0.0, 0.0, 0.0], [0.0, 0.0, 0.0, 0.0, 0.10377585842899037, 0.0, 1.448205148369787, 0.0, 1.3661162391037405, 0.0, 0.0, 0.0, 0.0, 0.0, 0.0, 0.0, 0.0, 0.0, 0.0, 0.0, 0.0, 0.9654664197008163, 0.0, 0.0, 0.0, 0.0, 0.0, 0.0, 0.0], [0.0, 0.0, 0.0, 0.0, 0.0, 0.0, 0.0, 1.3661162391037405, 0.0, 1.3756589596409285, 1.0650337394297709, 0.0, 0.0, 0.0, 0.0, 0.0, 0.0, 0.0, 0.0, 0.0, 0.0, 0.0, 0.0, 0.0, 0.0, 0.0, 0.0, 0.0, 0.0], [0.0, 0.0, 0.0, 0.0, 1.4163896866963273, 0.0, 0.10854871198355552, 0.0, 1.3756589596409285, 0.0, 0.0, 0.0, 0.0, 0.0, 0.0, 0.0, 0.0, 0.0, 0.0, 0.0, 0.0, 0.0, 0.9569258522767449, 0.0, 0.0, 0.0, 0.0, 0.0, 0.0], [0.0, 0.0, 0.0, 0.0, 0.0, 0.0, 0.0, 0.0, 1.0650337394297709, 0.0, 0.0, 0.9874728491140491, 0.0, 0.0, 0.0, 0.0, 0.0, 1.1567313458919817, 0.17472021954012995, 0.0, 0.0, 0.0, 0.0, 0.0, 0.0, 0.0, 0.0, 0.0, 0.0], [0.0, 0.0, 0.0, 0.0, 0.0, 0.0, 0.0, 0.0, 0.0, 0.0, 0.9874728491140491, 0.0, 0.9862743247140073, 0.0, 0.0, 0.0, 0.0, 0.0, 0.0, 0.0, 0.0, 0.0, 0.0, 0.9632161874750369, 0.9661845840716375, 0.0, 0.0, 0.0, 0.0], [0.0, 0.0, 0.0, 0.0, 0.0, 0.0, 0.0, 0.0, 0.0, 0.0, 0.0, 0.9862743247140073, 0.0, 1.0070049588821768, 0.0, 0.9817544524336504, 0.0, 0.0, 0.0, 0.0, 0.0, 0.0, 0.0, 0.0, 0.0, 0.960548811273211, 0.0, 0.0, 0.0], [0.0, 0.0, 0.0, 0.0, 0.0, 0.0, 0.0, 0.0, 0.0, 0.0, 0.0, 0.0, 1.0070049588821768, 0.0, 0.9569949538658288, 0.0, 0.0, 0.0, 0.0, 0.0, 0.0, 0.0, 0.0, 0.0, 0.0, 0.0, 0.9753075833273692, 0.9738318480499248, 0.0], [0.0, 0.0, 0.0, 0.0, 0.0, 0.0, 0.0, 0.0, 0.0, 0.0, 0.0, 0.0, 0.0, 0.9569949538658288, 0.0, 0.0, 0.0, 0.0, 0.0, 0.0, 0.0, 0.0, 0.0, 0.0, 0.0, 0.0, 0.0, 0.0, 0.0], [0.0, 0.0, 0.0, 0.0, 0.0, 0.0, 0.0, 0.0, 0.0, 0.0, 0.0, 0.0, 0.9817544524336504, 0.0, 0.0, 0.0, 0.9562759373890545, 0.95284852235012, 0.0, 0.0, 0.0, 0.0, 0.0, 0.0, 0.0, 0.0, 0.0, 0.0, 0.9469346284620132], [0.0, 0.0, 0.0, 0.0, 0.0, 0.0, 0.0, 0.0, 0.0, 0.0, 0.0, 0.0, 0.0, 0.0, 0.0, 0.9562759373890545, 0.0, 0.0, 0.0, 0.0, 0.0, 0.0, 0.0, 0.0, 0.0, 0.0, 0.0, 0.0, 0.0], [0.0, 0.0, 0.0, 0.0, 0.0, 0.0, 0.0, 0.0, 0.0, 0.0, 1.1567313458919817, 0.0, 0.0, 0.0, 0.0, 0.95284852235012, 0.0, 0.0, 1.7490363568863616, 0.0, 0.0, 0.0, 0.0, 0.0, 0.0, 0.0, 0.0, 0.0, 0.0], [0.0, 0.0, 0.0, 0.0, 0.0, 0.0, 0.0, 0.0, 0.0, 0.0, 0.17472021954012995, 0.0, 0.0, 0.0, 0.0, 0.0, 0.0, 1.7490363568863616, 0.0, 0.0, 0.0, 0.0, 0.0, 0.0, 0.0, 0.0, 0.0, 0.0, 0.0], [0.0, 0.0, 0.0, 0.0, 0.0, 0.9663964488121646, 0.0, 0.0, 0.0, 0.0, 0.0, 0.0, 0.0, 0.0, 0.0, 0.0, 0.0, 0.0, 0.0, 0.0, 0.0, 0.0, 0.0, 0.0, 0.0, 0.0, 0.0, 0.0, 0.0], [0.0, 0.0, 0.0, 0.0, 0.0, 0.0, 0.9685620274414771, 0.0, 0.0, 0.0, 0.0, 0.0, 0.0, 0.0, 0.0, 0.0, 0.0, 0.0, 0.0, 0.0, 0.0, 0.0, 0.0, 0.0, 0.0, 0.0, 0.0, 0.0, 0.0], [0.0, 0.0, 0.0, 0.0, 0.0, 0.0, 0.0, 0.9654664197008163, 0.0, 0.0, 0.0, 0.0, 0.0, 0.0, 0.0, 0.0, 0.0, 0.0, 0.0, 0.0, 0.0, 0.0, 0.0, 0.0, 0.0, 0.0, 0.0, 0.0, 0.0], [0.0, 0.0, 0.0, 0.0, 0.0, 0.0, 0.0, 0.0, 0.0, 0.9569258522767449, 0.0, 0.0, 0.0, 0.0, 0.0, 0.0, 0.0, 0.0, 0.0, 0.0, 0.0, 0.0, 0.0, 0.0, 0.0, 0.0, 0.0, 0.0, 0.0], [0.0, 0.0, 0.0, 0.0, 0.0, 0.0, 0.0, 0.0, 0.0, 0.0, 0.0, 0.9632161874750369, 0.0, 0.0, 0.0, 0.0, 0.0, 0.0, 0.0, 0.0, 0.0, 0.0, 0.0, 0.0, 0.0, 0.0, 0.0, 0.0, 0.0], [0.0, 0.0, 0.0, 0.0, 0.0, 0.0, 0.0, 0.0, 0.0, 0.0, 0.0, 0.9661845840716375, 0.0, 0.0, 0.0, 0.0, 0.0, 0.0, 0.0, 0.0, 0.0, 0.0, 0.0, 0.0, 0.0, 0.0, 0.0, 0.0, 0.0], [0.0, 0.0, 0.0, 0.0, 0.0, 0.0, 0.0, 0.0, 0.0, 0.0, 0.0, 0.0, 0.960548811273211, 0.0, 0.0, 0.0, 0.0, 0.0, 0.0, 0.0, 0.0, 0.0, 0.0, 0.0, 0.0, 0.0, 0.0, 0.0, 0.0], [0.0, 0.0, 0.0, 0.0, 0.0, 0.0, 0.0, 0.0, 0.0, 0.0, 0.0, 0.0, 0.0, 0.9753075833273692, 0.0, 0.0, 0.0, 0.0, 0.0, 0.0, 0.0, 0.0, 0.0, 0.0, 0.0, 0.0, 0.0, 0.0, 0.0], [0.0, 0.0, 0.0, 0.0, 0.0, 0.0, 0.0, 0.0, 0.0, 0.0, 0.0, 0.0, 0.0, 0.9738318480499248, 0.0, 0.0, 0.0, 0.0, 0.0, 0.0, 0.0, 0.0, 0.0, 0.0, 0.0, 0.0, 0.0, 0.0, 0.0], [0.0, 0.0, 0.0, 0.0, 0.0, 0.0, 0.0, 0.0, 0.0, 0.0, 0.0, 0.0, 0.0, 0.0, 0.0, 0.9469346284620132, 0.0, 0.0, 0.0, 0.0, 0.0, 0.0, 0.0, 0.0, 0.0, 0.0, 0.0, 0.0, 0.0]], "Born radii": [], "Atomic SASAs": [], "Solvent H bonds": [], "Total SASA": NaN, "Total FOD": 0.0, "FOD": [0.0, 0.0, 0.0, 0.0, 0.0, 0.0, 0.0, 0.0, 0.0, 0.0, 0.0, 0.0, 0.0, 0.0, 0.0, 0.0, 0.0, 0.0, 0.0, 0.0, 0.0, 0.0, 0.0, 0.0, 0.0, 0.0, 0.0, 0.0, 0.0], "FOD s proportion": [0.0, 0.0, 0.0, 0.0, 0.0, 0.0, 0.0, 0.0, 0.0, 0.0, 0.0, 0.0, 0.0, 0.0, 0.0, 0.0, 0.0, 0.0, 0.0, 0.0, 0.0, 0.0, 0.0, 0.0, 0.0, 0.0, 0.0, 0.0, 0.0], "FOD p proportion": [0.0, 0.0, 0.0, 0.0, 0.0, 0.0, 0.0, 0.0, 0.0, 0.0, 0.0, 0.0, 0.0, 0.0, 0.0, 0.0, 0.0, 0.0, 0.0, 0.0, 0.0, 0.0, 0.0, 0.0, 0.0, 0.0, 0.0, 0.0, 0.0], "FOD d proportion": [0.0, 0.0, 0.0, 0.0, 0.0, 0.0, 0.0, 0.0, 0.0, 0.0, 0.0, 0.0, 0.0, 0.0, 0.0, 0.0, 0.0, 0.0, 0.0, 0.0, 0.0, 0.0, 0.0, 0.0, 0.0, 0.0, 0.0, 0.0, 0.0], "coordinates": [["-4.52680", "1.76560", "-0.80700"], ["-4.27570", "1.18650", "0.39900"], ["-5.46020", "0.64610", "0.80450"], ["-4.02210", "2.20700", "1.26390"], ["-3.15360", "0.17920", "0.33250"], ["-3.41450", "-1.19440", "0.37430"], ["-2.36500", "-2.10400", "0.30170"], ["-1.04790", "-1.64930", "0.18070"], ["-0.74920", "-0.27850", "0.12590"], ["-1.82150", "0.62080", "0.20380"], ["0.59720", "0.16490", "-0.00070"], ["1.72200", "-0.74560", "0.01700"], ["2.92970", "0.14610", "0.26540"], ["4.24050", "-0.42260", "-0.25530"], ["4.63500", "-1.96390", "0.54150"], ["2.53040", "1.43090", "-0.44990"], ["3.32810", "2.84530", "0.25120"], ["1.02440", "1.48090", "-0.27190"], ["0.34420", "2.48470", "-0.42020"], ["-4.43610", "-1.56030", "0.46580"], ["-2.56880", "-3.17190", "0.33590"], ["-0.27070", "-2.40500", "0.11610"], ["-1.65620", "1.69580", "0.18280"], ["1.77310", "-1.25330", "-0.95340"], ["1.62050", "-1.48040", "0.82220"], ["3.00790", "0.32790", "1.34740"], ["4.19620", "-0.61470", "-1.33210"], ["5.07070", "0.26460", "-0.06660"], ["2.74820", "1.39780", "-1.52340"]], "bond_dist": [[0.0, 1.361192131919664, 2.1728893345037155, 2.1767367456814797, 2.3876355354199266, 3.375541583212981, 4.56906982765639, 4.973915812516331, 4.395328085592701, 3.106594883469681, 5.4284193076806435, 6.784733073599874, 7.705336738910247, 9.053073589671078, 9.98329613604645, 7.074151280542423, 7.999062028763122, 5.584192648897421, 4.938963459067095, 3.5622825744177007, 5.43312899349905, 6.029958970009664, 3.037255412374797, 6.987412266354404, 7.140035429183807, 7.967441542929574, 9.057167719546767, 9.742340550914857, 7.31943514214041], [1.361192131919664, 0.0, 1.3636358238180757, 1.361537814384896, 1.5093654130130316, 2.5319874288787454, 3.8062622124598824, 4.302105225351886, 3.828447578327278, 2.526107117681275, 4.994855459370171, 6.312791751673739, 7.281350855438845, 8.691546107569124, 9.452296064978073, 6.863188747222387, 7.784037302068894, 5.350498872067912, 4.868253063471536, 2.752290071921926, 4.681147271770031, 5.386922095222837, 2.6772951238143317, 6.661050310574152, 6.4851081941629936, 7.395098747143272, 8.832560119240627, 9.403290696878406, 7.285289332620907], [2.1728893345037155, 1.3636358238180757, 0.0, 2.171540646637774, 2.40024648109314, 2.7852110835626087, 4.17086572428315, 5.012621957618587, 4.848598160293345, 3.6880371839231776, 6.129599924954319, 7.358055584187985, 8.42205739828458, 9.816765058816475, 10.430452149355752, 8.126445641238242, 9.07616870821604, 6.62612746330766, 6.210587686362701, 2.4559518439904315, 4.812162083720788, 6.059209190975337, 3.994846302425164, 7.682353914003181, 7.3931473696931, 8.491449184915375, 9.969991833497158, 10.573751097410986, 8.565162103544802], [2.1767367456814797, 1.361537814384896, 2.171540646637774, 0.0, 2.394529400529465, 3.567924870285247, 4.717682720361767, 4.989011682688266, 4.264343872156654, 2.912470224740504, 5.20646886670803, 6.577787711685441, 7.319278263599493, 8.803029226351573, 9.636578696819738, 6.81723535606627, 7.4470415750148735, 5.324759628377604, 4.688057784413498, 3.8731006829154335, 5.648524594971682, 6.054832020791328, 2.6509593471043646, 7.104536467638124, 6.755068645839211, 7.277285830582717, 9.068718861007875, 9.392665215475319, 7.366193590993928], [2.3876355354199266, 1.5093654130130316, 2.40024648109314, 2.394529400529465, 0.0, 1.3987826886260781, 2.41574850512217, 2.7929246284137346, 2.4562801570667787, 1.4092780634069346, 3.765597876831779, 4.972551724215647, 6.083760096354885, 7.441799976484184, 8.08077029558445, 5.872542775493423, 7.0090751023227025, 4.4176245030559125, 4.2563473049082825, 2.1652795177528463, 3.4017457003720897, 3.877632139592408, 2.1365140790549453, 5.289420379398862, 5.078002467506292, 6.246296178536526, 7.577646759383813, 8.234420711865528, 6.305600210130675], [3.375541583212981, 2.5319874288787454, 2.7852110835626087, 3.567924870285247, 1.3987826886260781, 0.0, 1.390716782813812, 2.4176870206873344, 2.8292047398518188, 2.421088658021428, 4.252300363332768, 5.168434674057514, 6.48518874821697, 7.719526954418903, 8.087925342138119, 6.550827561461225, 7.861105803892986, 5.2228955321737, 5.319288744747741, 1.0890002846647928, 2.1510902584503517, 3.3787124825885964, 3.3884431793966976, 5.355133075844146, 5.062967055986046, 6.671697134912525, 7.821164078319799, 8.621003007191216, 6.949794055941514], [4.56906982765639, 3.8062622124598824, 4.17086572428315, 4.717682720361767, 2.41574850512217, 1.390716782813812, 0.0, 1.3986227153882496, 2.4442106149020795, 2.7801999388533196, 3.743525318466539, 4.316233734403177, 5.753096191617172, 6.838858472727741, 7.005507265716023, 6.084846894540569, 7.543839098893878, 4.96674514445829, 5.377459617700536, 2.1475552868319823, 1.0877106646530592, 2.1239446438172536, 3.8671714068554035, 4.407134909439464, 4.067432539084084, 5.98963108296329, 6.923630721666199, 7.812524901720315, 6.46052687402506], [4.973915812516331, 4.302105225351886, 5.012621957618587, 4.989011682688266, 2.7929246284137346, 2.4176870206873344, 1.3986227153882496, 0.0, 1.4040360999632453, 2.3984045905559808, 2.4557242536571566, 2.918187346624613, 4.364852461424097, 5.446288961301999, 5.703025706587688, 4.7633516865753265, 6.273418159982643, 3.7811937387549985, 4.4032918617779595, 3.401338302786125, 2.157668790616391, 1.0859537236917602, 3.3999598982929196, 3.0661115129753513, 2.749619613692047, 4.6604744790632635, 5.555136884902118, 6.415717922415231, 5.157436420354593], [4.395328085592701, 3.828447578327278, 4.848598160293345, 4.264343872156654, 2.4562801570667787, 2.8292047398518188, 2.4442106149020795, 1.4040360999632453, 0.0, 1.4016548041511503, 1.4231739457986152, 2.517314255312594, 3.705948005571584, 5.006314446776191, 5.657111114340958, 3.7429093176298034, 5.137918043332338, 2.5297015950502937, 3.0214273133735987, 3.918134104392038, 3.4244426875040554, 2.1796927627535028, 2.1734182984414208, 2.9115495565076683, 2.7467936562472253, 3.9969467872364772, 5.166795486566118, 5.848354458307054, 4.214496285441476], [3.106594883469681, 2.526107117681275, 3.6880371839231776, 2.912470224740504, 1.4092780634069346, 2.421088658021428, 2.7801999388533196, 2.3984045905559808, 1.4016548041511503, 0.0, 2.469772206095129, 3.8024117938487407, 4.775252463482952, 6.168249376443854, 6.962837613358508, 4.474664156112725, 5.6097261225482296, 3.0108486029689367, 2.9246804440827376, 3.414963304341644, 3.8678780991649675, 3.4011964909425623, 1.0878373453784347, 4.215745700347686, 4.0798068581735585, 4.971590865105455, 6.332310980203041, 6.906693524400805, 4.946625812612068], [5.4284193076806435, 4.994855459370171, 6.129599924954319, 5.20646886670803, 3.765597876831779, 4.252300363332768, 3.743525318466539, 2.4557242536571566, 1.4231739457986152, 2.469772206095129, 0.0, 1.447238259582713, 2.3477050283202106, 3.6991366965820554, 4.596694368782853, 2.354102563611025, 3.8348158469475426, 1.409930948663799, 2.3709621021855245, 5.341165245524612, 4.612059171346352, 2.715009882118295, 2.730409972879531, 2.0740466098909156, 2.1050699252043863, 2.766842442207362, 3.9157634147123854, 4.475096105113275, 2.909546132990505], [6.784733073599874, 6.312791751673739, 7.358055584187985, 6.577787711685441, 4.972551724215647, 5.168434674057514, 4.316233734403177, 2.918187346624613, 2.517314255312594, 3.8024117938487407, 1.447238259582713, 0.0, 1.5216342333162725, 2.5536872439670444, 3.2007693044016774, 2.3682606317717654, 3.9406813700171193, 2.351044708209523, 3.53897086311826, 6.227949352716348, 4.9395944712091495, 2.5950496064622732, 4.171349762367092, 1.096378885239952, 1.0947969355090468, 2.139136559455707, 2.8211471531985, 3.49875473418758, 2.831974957516397], [7.705336738910247, 7.281350855438845, 8.42205739828458, 7.319278263599493, 6.083760096354885, 6.48518874821697, 5.753096191617172, 4.364852461424097, 3.705948005571584, 4.775252463482952, 2.3477050283202106, 1.5216342333162725, 0.0, 1.5207711267643136, 2.7269725521170907, 1.5237472296939543, 2.7284803169530103, 2.3875825472640733, 3.5530138713492243, 7.563528988507944, 6.4224291743856545, 4.095480662877069, 4.8413708451222774, 2.1866680955279887, 2.160910254962015, 1.099950217055299, 2.175969930858421, 2.169826548367404, 2.190776250555953], [9.053073589671078, 8.691546107569124, 9.816765058816475, 8.803029226351573, 7.441799976484184, 7.719526954418903, 6.838858472727741, 5.446288961301999, 5.006314446776191, 6.168249376443854, 3.6991366965820554, 2.5536872439670444, 1.5207711267643136, 0.0, 1.7793611718816391, 2.529382023340879, 3.4304790365195355, 3.7372298591336337, 4.864230565053429, 8.780531536302345, 7.3671388218222145, 4.941535506297612, 6.280972938964154, 2.695453368173896, 3.0239621508874746, 2.156664160225231, 1.0946977391042698, 1.094113143143798, 2.6737413973681146], [9.98329613604645, 9.452296064978073, 10.430452149355752, 9.636578696819738, 8.08077029558445, 8.087925342138119, 7.005507265716023, 5.703025706587688, 5.657111114340958, 6.962837613358508, 4.596694368782853, 3.2007693044016774, 2.7269725521170907, 1.7793611718816391, 0.0, 4.115444345389693, 4.99206033016429, 5.05615456251092, 6.255067824572328, 9.080389785686515, 7.307275128254033, 4.943827147059249, 7.287061631412211, 3.306077733508394, 3.0659052480466515, 2.9239145780956046, 2.3501623433286474, 2.3507089037139415, 4.373197130246932], [7.074151280542423, 6.863188747222387, 8.126445641238242, 6.81723535606627, 5.872542775493423, 6.550827561461225, 6.084846894540569, 4.7633516865753265, 3.7429093176298034, 4.474664156112725, 2.354102563611025, 2.3682606317717654, 1.5237472296939543, 2.529382023340879, 4.115444345389693, 0.0, 1.7687266210469041, 1.5173068246073371, 2.427106707584156, 7.636616147221228, 6.914122512654805, 4.7833718253968085, 4.242416865419993, 2.834068661835842, 3.3048183172452914, 2.162152293433559, 2.781662423803435, 2.8214001258240566, 1.095871662194073], [7.999062028763122, 7.784037302068894, 9.07616870821604, 7.4470415750148735, 7.0090751023227025, 7.861105803892986, 7.543839098893878, 6.273418159982643, 5.137918043332338, 5.6097261225482296, 3.8348158469475426, 3.9406813700171193, 2.7284803169530103, 3.4304790365195355, 4.99206033016429, 1.7687266210469041, 0.0, 2.728049607320219, 3.079686596067853, 8.929622957325801, 8.425396105821969, 6.36673099321779, 5.1155913929867385, 4.5461641105441855, 4.68546894664771, 2.764323649647414, 3.90282416975195, 3.1301220567255843, 2.362360137658947], [5.584192648897421, 5.350498872067912, 6.62612746330766, 5.324759628377604, 4.4176245030559125, 5.2228955321737, 4.96674514445829, 3.7811937387549985, 2.5297015950502937, 3.0108486029689367, 1.409930948663799, 2.351044708209523, 2.3875825472640733, 3.7372298591336337, 5.05615456251092, 1.5173068246073371, 2.728049607320219, 0.0, 1.221588871101894, 6.293660221206734, 5.9100807879419035, 4.114370768416478, 2.7273706128797386, 2.915620616609781, 3.212738350690887, 2.8081691081557034, 3.9466287689621886, 4.230139178561387, 2.1318171356849542], [4.938963459067095, 4.868253063471536, 6.210587686362701, 4.688057784413498, 4.2563473049082825, 5.319288744747741, 5.377459617700536, 4.4032918617779595, 3.0214273133735987, 2.9246804440827376, 2.3709621021855245, 3.53897086311826, 3.5530138713492243, 4.864230565053429, 6.255067824572328, 2.427106707584156, 3.079686596067853, 1.221588871101894, 0.0, 6.324420059578585, 6.407369176971154, 4.95730630383074, 2.2332873460439435, 4.037165026352032, 4.346782426117047, 3.856357567705567, 5.02749897762297, 5.233897135022812, 2.859653449283672], [3.5622825744177007, 2.752290071921926, 2.4559518439904315, 3.8731006829154335, 2.1652795177528463, 1.0890002846647928, 2.1475552868319823, 3.401338302786125, 3.918134104392038, 3.414963304341644, 5.341165245524612, 6.227949352716348, 7.563528988507944, 8.780531536302345, 9.080389785686515, 7.636616147221228, 8.929622957325801, 6.293660221206734, 6.324420059578585, 0.0, 2.4700076639557214, 4.26454749533875, 4.290701599971734, 6.376718770653132, 6.067603194837315, 7.73017812213923, 8.86810053280859, 9.694996441979749, 8.020064759090166], [5.43312899349905, 4.681147271770031, 4.812162083720788, 5.648524594971682, 3.4017457003720897, 2.1510902584503517, 1.0877106646530592, 2.157668790616391, 3.4244426875040554, 3.8678780991649675, 4.612059171346352, 4.9395944712091495, 6.4224291743856545, 7.3671388218222145, 7.307275128254033, 6.914122512654805, 8.425396105821969, 5.9100807879419035, 6.407369176971154, 2.4700076639557214, 0.0, 2.4326346334786897, 4.954874535243047, 4.918883619277854, 4.543995425833965, 6.661179713834479, 7.422042902058705, 8.386506945683644, 7.253250552683259], [6.029958970009664, 5.386922095222837, 6.059209190975337, 6.054832020791328, 3.877632139592408, 3.3787124825885964, 2.1239446438172536, 1.0859537236917602, 2.1796927627535028, 3.4011964909425623, 2.715009882118295, 2.5950496064622732, 4.095480662877069, 4.941535506297612, 4.943827147059249, 4.7833718253968085, 6.36673099321779, 4.114370768416478, 4.95730630383074, 4.26454749533875, 2.4326346334786897, 0.0, 4.329043748912685, 2.5782477731979134, 2.2203828070853007, 4.4423034632946905, 5.025500267635054, 5.9741691815682625, 5.124744413139059], [3.037255412374797, 2.6772951238143317, 3.994846302425164, 2.6509593471043646, 2.1365140790549453, 3.3884431793966976, 3.8671714068554035, 3.3999598982929196, 2.1734182984414208, 1.0878373453784347, 2.730409972879531, 4.171349762367092, 4.8413708451222774, 6.280972938964154, 7.287061631412211, 4.242416865419993, 5.1155913929867385, 2.7273706128797386, 2.2332873460439435, 4.290701599971734, 4.954874535243047, 4.329043748912685, 0.0, 4.663500803044854, 4.608019280558622, 4.998126887144823, 6.4717785824300265, 6.881984990538704, 4.732722451190224], [6.987412266354404, 6.661050310574152, 7.682353914003181, 7.104536467638124, 5.289420379398862, 5.355133075844146, 4.407134909439464, 3.0661115129753513, 2.9115495565076683, 4.215745700347686, 2.0740466098909156, 1.096378885239952, 2.1866680955279887, 2.695453368173896, 3.306077733508394, 2.834068661835842, 4.5461641105441855, 2.915620616609781, 4.037165026352032, 6.376718770653132, 4.918883619277854, 2.5782477731979134, 4.663500803044854, 0.0, 1.7965568540961903, 3.0526390418783547, 2.534292260178372, 3.7369239234964367, 2.8816750718982873], [7.140035429183807, 6.4851081941629936, 7.3931473696931, 6.755068645839211, 5.078002467506292, 5.062967055986046, 4.067432539084084, 2.749619613692047, 2.7467936562472253, 4.0798068581735585, 2.1050699252043863, 1.0947969355090468, 2.160910254962015, 3.0239621508874746, 3.0659052480466515, 3.3048183172452914, 4.68546894664771, 3.212738350690887, 4.346782426117047, 6.067603194837315, 4.543995425833965, 2.2203828070853007, 4.608019280558622, 1.7965568540961903, 0.0, 2.338944781306305, 3.467661383411016, 3.9672245310796317, 3.8804100157071026], [7.967441542929574, 7.395098747143272, 8.491449184915375, 7.277285830582717, 6.246296178536526, 6.671697134912525, 5.98963108296329, 4.6604744790632635, 3.9969467872364772, 4.971590865105455, 2.766842442207362, 2.139136559455707, 1.099950217055299, 2.156664160225231, 2.9239145780956046, 2.162152293433559, 2.764323649647414, 2.8081691081557034, 3.856357567705567, 7.73017812213923, 6.661179713834479, 4.4423034632946905, 4.998126887144823, 3.0526390418783547, 2.338944781306305, 0.0, 3.079005017858854, 2.501708762026468, 3.0746744120312965], [9.057167719546767, 8.832560119240627, 9.969991833497158, 9.068718861007875, 7.577646759383813, 7.821164078319799, 6.923630721666199, 5.555136884902118, 5.166795486566118, 6.332310980203041, 3.9157634147123854, 2.8211471531985, 2.175969930858421, 1.0946977391042698, 2.3501623433286474, 2.781662423803435, 3.90282416975195, 3.9466287689621886, 5.02749897762297, 8.86810053280859, 7.422042902058705, 5.025500267635054, 6.4717785824300265, 2.534292260178372, 3.467661383411016, 3.079005017858854, 0.0, 1.7718377437000266, 2.4866555732549696], [9.742340550914857, 9.403290696878406, 10.573751097410986, 9.392665215475319, 8.234420711865528, 8.621003007191216, 7.812524901720315, 6.415717922415231, 5.848354458307054, 6.906693524400805, 4.475096105113275, 3.49875473418758, 2.169826548367404, 1.094113143143798, 2.3507089037139415, 2.8214001258240566, 3.1301220567255843, 4.230139178561387, 5.233897135022812, 9.694996441979749, 8.386506945683644, 5.9741691815682625, 6.881984990538704, 3.7369239234964367, 3.9672245310796317, 2.501708762026468, 1.7718377437000266, 0.0, 2.9665492967419236], [7.31943514214041, 7.285289332620907, 8.565162103544802, 7.366193590993928, 6.305600210130675, 6.949794055941514, 6.46052687402506, 5.157436420354593, 4.214496285441476, 4.946625812612068, 2.909546132990505, 2.831974957516397, 2.190776250555953, 2.6737413973681146, 4.373197130246932, 1.095871662194073, 2.362360137658947, 2.1318171356849542, 2.859653449283672, 8.020064759090166, 7.253250552683259, 5.124744413139059, 4.732722451190224, 2.8816750718982873, 3.8804100157071026, 3.0746744120312965, 2.4866555732549696, 2.9665492967419236, 0.0]]}