{"total energy": -73.98346564, "HOMO-LUMO gap/eV": 1.01840971, "electronic energy": -74.69291129, "dipole": [0.18177081, 1.11620436, -0.25284958], "partial charges": [-0.10487485, -0.06061953, 0.00553754, -0.17119406, 0.00367215, -0.05869541, -0.10477657, 0.10248825, 0.0150083, -0.01810411, -0.07667766, -0.01927603, 0.01091363, 0.54216897, -0.35907562, -0.35546374, 1.14140437, -0.45528727, -0.55921481, -0.55923148, 0.55235551, -0.34584909, -0.35095213, 0.04412307, 0.03817963, 0.03959712, 0.05189307, 0.04031346, 0.04540018, 0.04184551, 0.05773272, 0.02566101, 0.05291994, 0.0308441, 0.03897668, 0.04520391, 0.04135153, 0.10391278, 0.10436203, 0.21167323, 0.21175368], "atomic dipole moments": [[0.02453588, -0.11045309, 0.02261002], [0.05784963, 0.08465221, 0.08910093], [-0.0028301, -0.14949103, -0.02877628], [0.04328618, 0.08641602, 0.21522012], [0.12672033, 9.595e-05, -0.08082961], [-0.07637488, 0.07294318, 0.07244514], [0.08319842, 0.05894482, -0.05917629], [-0.07184886, 0.0149287, -0.00340506], [-0.06525798, -0.02278028, -0.13775016], [-0.00756244, 0.00925215, 0.0428018], [0.13781568, -0.03392576, 0.01751247], [-0.00118144, -0.01564898, -0.04359489], [-0.07634573, 0.05555686, 0.12417471], [-0.02340467, 0.02803022, 0.05049385], [0.04227572, -0.24688507, 0.01592621], [0.05762736, 0.16053029, -0.18504098], [-0.07278871, 0.07901731, -0.03727087], [0.07337215, -0.16412693, 0.06509931], [-0.03972188, 0.1282225, 0.13363519], [-0.02056615, 0.00823316, -0.18885987], [-0.02501868, -0.00833993, -0.04799552], [0.08132883, 0.2312712, 0.03728112], [-0.00707484, -0.19504686, 0.15596616], [-0.07818563, 0.00975108, -0.09911964], [-0.05657488, 0.05569444, 0.09822778], [0.10521736, 0.06574615, -0.02817431], [0.04665218, -0.05101897, -0.10590764], [-0.10838576, -0.0578367, 0.01443218], [0.10401405, 0.07731739, -0.02469658], [-0.05409491, 0.05063277, 0.10193972], [-0.11894583, 0.02760286, -0.03102097], [-0.00311526, 0.03055504, 0.11935807], [-0.00834712, -0.03437129, -0.12177684], [0.10999005, -0.04563898, 0.03999544], [-0.115703, 0.03052745, -0.04014744], [0.01404349, -0.12555509, -0.01687223], [0.00610896, 0.02245425, 0.12504158], [0.09193652, -0.06180789, -0.1205564], [0.07469057, 0.02516729, 0.14378808], [0.06689275, -0.03999001, -0.09065275], [0.05602999, 0.03105728, 0.10108882]], "atomic quadrupole moments": [[-0.11094666, -0.07306773, 0.22162055, 0.021281, -0.06572726, -0.11067389], [-0.09088154, -0.08025474, 0.09975255, 0.19570031, -0.08444055, -0.00887101], [-0.105169, -0.12454835, 0.1932087, 0.16966367, -0.10008, -0.08803969], [0.07242916, -0.03506391, 0.03790513, -0.02549129, -0.07317588, -0.11033429], [-0.02955451, 0.11384186, 0.16117846, -0.17347179, -0.09318514, -0.13162395], [-0.04054927, 0.06758992, 0.19250936, -0.13854792, -0.03602621, -0.15196009], [0.066499, 0.13018464, -0.02795433, -0.13746056, -0.09300181, -0.03854468], [-0.12649452, 0.11512197, 0.39528668, -0.03596828, -0.24476996, -0.26879216], [-0.32562946, 0.21529976, 0.27369944, 0.16039767, -0.12696257, 0.05193002], [-0.21644995, 0.19499027, 0.43494569, 0.00966322, -0.24928095, -0.21849574], [0.12492494, 0.04616861, 0.24499905, 0.03006677, -0.22509035, -0.36992399], [-0.20677093, 0.1441332, 0.45709355, -0.10486639, -0.22926886, -0.25032262], [-0.27015361, 0.05076678, 0.31817786, -0.28982401, -0.08072119, -0.04802425], [0.18685792, 0.06778931, -0.10033136, 0.17708568, -0.01322219, -0.08652656], [0.08297048, 0.01310249, 0.07313629, 0.14236294, 0.00843314, -0.15610677], [0.09239632, 0.10053193, -0.09420012, 0.09608628, -0.10974617, 0.0018038], [0.23958045, 0.12534615, 0.0476053, -0.01182092, -0.14220696, -0.28718576], [-0.03683404, 0.15396904, 0.13528556, -0.05201216, -0.08924056, -0.09845151], [-0.06227604, -0.03772427, 0.04026031, -0.04659166, 0.12358379, 0.02201573], [-0.07287513, 0.00557319, -0.08932689, 0.03703146, -0.02433005, 0.16220202], [0.21898653, -0.10473243, -0.07446327, -0.13248001, 0.01678776, -0.14452326], [0.13318955, -0.00618839, 0.05175183, -0.08868971, 0.06808315, -0.18494138], [0.09642559, -0.08983595, -0.0166701, -0.10455277, -0.10983684, -0.0797555], [-0.00272682, -0.00149654, -0.02689692, 0.06515145, 0.00021258, 0.02962374], [-0.02844383, -0.01886381, -0.01496385, -0.0478174, 0.02980184, 0.04340768], [0.05522186, 0.03902611, -0.00776529, -0.02241554, -0.01075155, -0.04745657], [-0.00556438, -0.02290035, -0.01552832, -0.0336101, 0.01843299, 0.0210927], [0.03337298, 0.0302001, -0.00989962, -0.02039091, -0.02037278, -0.02347337], [0.04596899, 0.01664552, -0.02438151, -0.00723651, -0.01930802, -0.02158748], [-0.01015589, -0.01743862, -0.01793861, -0.02332329, 0.00439899, 0.0280945], [0.02534602, -0.01451072, -0.00570009, 0.03513499, -0.01689033, -0.01964592], [-0.02688469, 0.01945277, -0.01920191, 0.02803715, 0.01205479, 0.0460866], [-0.03055189, 0.00641809, -0.02186868, 0.01159604, 0.00713456, 0.05242057], [0.04209835, -0.00938244, -0.02220665, 0.03196128, -0.01187285, -0.0198917], [0.05397479, -0.03092002, -0.03338123, 0.03516326, -0.02534193, -0.02059356], [-0.03263906, -0.01651564, 0.07324689, -0.01579992, 0.01879857, -0.04060782], [-0.03149127, 0.0144317, -0.03818001, 0.01084181, 0.02894049, 0.06967128], [0.02027649, -0.01114723, -0.04507836, 0.02194015, 0.01743928, 0.02480187], [0.0253619, -0.02305774, -0.03834794, -0.01251546, 0.02645194, 0.01298605], [-0.00288627, 0.02669639, -0.04921649, -0.08107283, -0.00104453, 0.05210275], [-0.01653391, 0.06724836, -4.587e-05, 0.03977079, 0.05865576, 0.01657978]], "number of molecular orbitals": 115, "number of electrons": 128, "number of unpaired electrons": 0, "orbital energies/eV": [-22.03615677, -21.75717507, -21.62051834, -21.20511869, -21.06925502, -20.38276667, -20.17812931, -19.52745936, -19.29682886, -19.01308943, -18.7457724, -18.37046409, -18.20891075, -18.13950263, -18.08982594, -17.6985393, -17.63330949, -17.60466698, -17.52137998, -17.33439573, -16.95278405, -16.84370506, -16.77478364, -16.70220434, -16.63240564, -16.40985734, -15.89051039, -15.80195267, -15.7226531, -15.71374806, -15.66245059, -15.60195346, -15.33596818, -15.26686597, -14.77381249, -14.66692112, -14.62127121, -14.52151133, -14.32015339, -14.26489836, -13.86436175, -13.70415514, -13.63496125, -13.54906791, -13.53477764, -13.49034597, -13.34417069, -13.2309246, -13.16394084, -13.13118717, -13.07514331, -13.05682543, -12.94266085, -12.85507637, -12.81345641, -12.64025731, -12.62109977, -12.46584735, -12.43075244, -12.27415739, -12.19818169, -12.11585193, -11.94791018, -10.59378918, -9.57537947, -9.43924928, -8.65942695, -8.55078722, -5.6100024, -4.20842507, -2.80577275, -2.71867517, -2.04976499, -2.00929081, -1.55398881, -0.87446652, 0.65711727, 1.23434666, 1.70091638, 2.05215228, 2.17713137, 2.53999651, 2.62662798, 3.03277637, 3.20723465, 3.26172128, 3.35964007, 3.62716675, 3.74662595, 3.81141507, 3.87193731, 3.96972283, 4.30282896, 4.47847187, 4.5161571, 5.26814025, 5.42959823, 5.5277593, 5.83304445, 6.18428979, 6.58889807, 6.78708814, 7.22604138, 7.41977983, 7.49870272, 8.07051954, 8.63452584, 8.91425233, 9.15840263, 10.22764832, 12.98120109, 14.09339202, 14.75637726, 26.51769501, 30.54834965], "fractional occupation": [2.0, 2.0, 2.0, 2.0, 2.0, 2.0, 2.0, 2.0, 2.0, 2.0, 2.0, 2.0, 2.0, 2.0, 2.0, 2.0, 2.0, 2.0, 2.0, 2.0, 2.0, 2.0, 2.0, 2.0, 2.0, 2.0, 2.0, 2.0, 2.0, 2.0, 2.0, 2.0, 2.0, 2.0, 2.0, 2.0, 2.0, 2.0, 2.0, 2.0, 2.0, 2.0, 2.0, 2.0, 2.0, 2.0, 2.0, 2.0, 2.0, 2.0, 2.0, 2.0, 2.0, 2.0, 2.0, 2.0, 2.0, 2.0, 2.0, 2.0, 2.0, 2.0, 2.0, 1.99999999, 1e-08, 0.0, 0.0, 0.0, 0.0, 0.0, 0.0, 0.0, 0.0, 0.0, 0.0, 0.0, 0.0, 0.0, 0.0, 0.0, 0.0, 0.0, 0.0, 0.0, 0.0, 0.0, 0.0, 0.0, 0.0, 0.0, 0.0, 0.0, 0.0, 0.0, 0.0, 0.0, 0.0, 0.0, 0.0, 0.0, 0.0, 0.0, 0.0, 0.0, 0.0, 0.0, 0.0, 0.0, 0.0, 0.0, 0.0, 0.0, 0.0, 0.0, 0.0], "program call": "xtb /home/svss/Project-DBcg-Debug/aqme2_20220329/End-to-End-workflows-final/example-3/QDESCP/mol_1034_rdkit_conf_8/mol_1034_rdkit_conf_8.xyz --pop --wbo --acc 0.2 --gfn 2 --chrg 0 --uhf 0 --etemp 300 --input /home/svss/Project-DBcg-Debug/aqme2_20220329/End-to-End-workflows-final/example-3/QDESCP/mol_1034_rdkit_conf_8/mol_1034_rdkit_conf_8_xtb.inp", "method": "GFN2-xTB", "xtb version": "6.3.3 (7355c4f)", "Dipole module/D": 2.945, "Total charge": 0, "Transition dipole module/D": NaN, "HOMO": -10.5938, "LUMO": -9.5754, "HOMO occupancy": 2.0, "LUMO occupancy": 0, "mulliken charges": [-0.08452, -0.04827, 0.09239, -0.34713, 0.08567, -0.04934, -0.0836, 0.17548, 0.0402, -0.0046, 0.07421, -0.0042, 0.03223, 0.68962, -0.45016, -0.44614, 0.52253, -0.38879, -0.38531, -0.38593, 0.69478, -0.44163, -0.44756, 0.03722, 0.02975, 0.03154, 0.04107, 0.02892, 0.02987, 0.03764, 0.03807, 0.03134, 0.04146, 0.02229, 0.03075, 0.03865, 0.03399, 0.09741, 0.09818, 0.24589, 0.24602], "cm5 charges": [-0.23471, -0.15518, 0.04259, -0.59299, 0.03512, -0.1558, -0.23383, 0.245, 0.10372, -0.04464, 0.0852, -0.04404, 0.09477, 0.52082, -0.41228, -0.40806, 0.63716, -0.81461, -0.43508, -0.43593, 0.53025, -0.40192, -0.40805, 0.08803, 0.08112, 0.08294, 0.10064, 0.08607, 0.09683, 0.1054, 0.10377, 0.10232, 0.10052, 0.08077, 0.08213, 0.08946, 0.08545, 0.16188, 0.16307, 0.43596, 0.43614], "FUKUI+": [0.007, 0.001, 0.007, 0.001, 0.009, 0.002, 0.007, -0.028, 0.002, -0.023, -0.021, -0.012, -0.004, -0.092, -0.12, -0.122, -0.036, 0.001, -0.021, -0.021, -0.084, -0.112, -0.112, -0.018, -0.011, -0.006, 0.003, -0.013, -0.003, -0.011, -0.026, 0.0, -0.002, 0.006, -0.014, -0.016, -0.007, -0.038, -0.034, -0.019, -0.02], "FUKUI-": [0.013, -0.003, 0.018, -0.13, 0.024, 0.005, 0.015, 0.019, -0.009, -0.007, -0.007, -0.007, -0.009, 0.005, -0.02, -0.029, -0.046, -0.03, -0.032, -0.031, 0.007, -0.024, -0.022, -0.054, -0.03, -0.033, -0.029, -0.028, -0.042, -0.064, -0.049, -0.085, -0.044, -0.032, -0.026, -0.037, -0.034, -0.027, -0.029, -0.029, -0.029], "FUKUIrad": [0.01, -0.001, 0.013, -0.064, 0.016, 0.003, 0.011, -0.005, -0.004, -0.015, -0.014, -0.009, -0.007, -0.044, -0.07, -0.075, -0.041, -0.014, -0.026, -0.026, -0.038, -0.068, -0.067, -0.036, -0.021, -0.02, -0.013, -0.02, -0.023, -0.037, -0.037, -0.042, -0.023, -0.013, -0.02, -0.026, -0.02, -0.033, -0.032, -0.024, -0.024], "s proportion": [1.008, 1.032, 1.018, 1.459, 1.016, 1.03, 1.008, 1.054, 1.073, 1.073, 1.081, 1.074, 1.074, 1.325, 1.746, 1.746, 1.702, 1.466, 1.72, 1.72, 1.324, 1.746, 1.747, 0.963, 0.97, 0.968, 0.959, 0.971, 0.97, 0.962, 0.962, 0.969, 0.959, 0.978, 0.969, 0.961, 0.966, 0.903, 0.902, 0.754, 0.754], "p proportion": [3.077, 3.017, 2.89, 3.888, 2.899, 3.019, 3.076, 2.771, 2.886, 2.932, 2.845, 2.93, 2.893, 2.985, 4.704, 4.7, 2.802, 3.923, 4.665, 4.666, 2.981, 4.695, 4.7, 0.0, 0.0, 0.0, 0.0, 0.0, 0.0, 0.0, 0.0, 0.0, 0.0, 0.0, 0.0, 0.0, 0.0, 0.0, 0.0, 0.0, 0.0], "d proportion": [0.0, 0.0, 0.0, 0.0, 0.0, 0.0, 0.0, 0.0, 0.0, 0.0, 0.0, 0.0, 0.0, 0.0, 0.0, 0.0, 0.974, 0.0, 0.0, 0.0, 0.0, 0.0, 0.0, 0.0, 0.0, 0.0, 0.0, 0.0, 0.0, 0.0, 0.0, 0.0, 0.0, 0.0, 0.0, 0.0, 0.0, 0.0, 0.0, 0.0, 0.0], "Fermi-level/eV": -10.0847, "Coordination numbers": [3.75, 3.8, 3.747, 2.728, 3.741, 3.799, 3.75, 2.902, 2.918, 2.95, 2.962, 2.949, 2.913, 2.759, 0.927, 0.927, 3.695, 2.632, 0.86, 0.86, 2.759, 0.927, 0.927, 0.924, 0.924, 0.924, 0.924, 0.924, 0.923, 0.924, 0.924, 0.924, 0.924, 0.924, 0.924, 0.924, 0.924, 0.925, 0.925, 0.863, 0.863], "Dispersion coefficient C6": [22.567, 21.667, 20.55, 24.701, 20.593, 21.632, 22.565, 25.731, 27.678, 28.46, 29.912, 28.488, 27.773, 13.564, 20.848, 20.779, 102.688, 31.96, 25.136, 25.137, 13.455, 20.597, 20.693, 2.395, 2.473, 2.454, 2.297, 2.445, 2.378, 2.425, 2.226, 2.649, 2.284, 2.575, 2.463, 2.381, 2.431, 1.75, 1.746, 1.048, 1.048], "Total dispersion C6": 20159.30866, "Total dispersion C8": 479786.484369, "Polarizability alpha": [6.775, 6.627, 6.466, 7.382, 6.475, 6.622, 6.775, 8.317, 8.627, 8.75, 8.971, 8.754, 8.642, 5.47, 6.123, 6.113, 17.055, 8.396, 6.722, 6.722, 5.448, 6.086, 6.101, 2.42, 2.459, 2.45, 2.37, 2.445, 2.412, 2.435, 2.333, 2.545, 2.363, 2.509, 2.454, 2.413, 2.438, 2.069, 2.066, 1.603, 1.603], "Total polarizability alpha": 214.809003, "Wiberg matrix": [[0.0, 1.017367597451731, 0.0, 0.0, 0.0, 0.0, 0.0, 0.0, 0.0, 0.0, 0.0, 0.0, 0.0, 0.0, 0.0, 0.0, 0.0, 0.0, 0.0, 0.0, 0.0, 0.0, 0.0, 0.9856822216766681, 0.9871636086006093, 0.9869500838247656, 0.0, 0.0, 0.0, 0.0, 0.0, 0.0, 0.0, 0.0, 0.0, 0.0, 0.0, 0.0, 0.0, 0.0, 0.0], [1.017367597451731, 0.0, 1.001521845164143, 0.0, 0.0, 0.0, 0.0, 0.0, 0.0, 0.0, 0.0, 0.0, 0.0, 0.0, 0.0, 0.0, 0.0, 0.0, 0.0, 0.0, 0.0, 0.0, 0.0, 0.0, 0.0, 0.0, 0.9749954486223946, 0.9745405144559018, 0.0, 0.0, 0.0, 0.0, 0.0, 0.0, 0.0, 0.0, 0.0, 0.0, 0.0, 0.0, 0.0], [0.0, 1.001521845164143, 0.0, 0.9496450498642648, 0.0, 0.0, 0.0, 0.0, 0.0, 0.0, 0.0, 0.0, 0.0, 0.0, 0.0, 0.0, 0.0, 0.0, 0.0, 0.0, 0.0, 0.0, 0.0, 0.0, 0.0, 0.0, 0.0, 0.0, 0.9727738118393331, 0.9680882195515172, 0.0, 0.0, 0.0, 0.0, 0.0, 0.0, 0.0, 0.0, 0.0, 0.0, 0.0], [0.0, 0.0, 0.9496450498642648, 0.0, 0.9655146513643231, 0.0, 0.0, 1.0664498989800628, 0.0, 0.0, 0.0, 0.0, 0.0, 0.0, 0.0, 0.0, 0.0, 0.0, 0.0, 0.0, 0.0, 0.0, 0.0, 0.0, 0.0, 0.0, 0.0, 0.0, 0.0, 0.0, 0.0, 0.0, 0.0, 0.0, 0.0, 0.0, 0.0, 0.0, 0.0, 0.0, 0.0], [0.0, 0.0, 0.0, 0.9655146513643231, 0.0, 1.0049288701321903, 0.0, 0.0, 0.0, 0.0, 0.0, 0.0, 0.0, 0.0, 0.0, 0.0, 0.0, 0.0, 0.0, 0.0, 0.0, 0.0, 0.0, 0.0, 0.0, 0.0, 0.0, 0.0, 0.0, 0.0, 0.967676865488688, 0.9665165911891025, 0.0, 0.0, 0.0, 0.0, 0.0, 0.0, 0.0, 0.0, 0.0], [0.0, 0.0, 0.0, 0.0, 1.0049288701321903, 0.0, 1.018427377109061, 0.0, 0.0, 0.0, 0.0, 0.0, 0.0, 0.0, 0.0, 0.0, 0.0, 0.0, 0.0, 0.0, 0.0, 0.0, 0.0, 0.0, 0.0, 0.0, 0.0, 0.0, 0.0, 0.0, 0.0, 0.0, 0.9752008508387904, 0.9768058820878457, 0.0, 0.0, 0.0, 0.0, 0.0, 0.0, 0.0], [0.0, 0.0, 0.0, 0.0, 0.0, 1.018427377109061, 0.0, 0.0, 0.0, 0.0, 0.0, 0.0, 0.0, 0.0, 0.0, 0.0, 0.0, 0.0, 0.0, 0.0, 0.0, 0.0, 0.0, 0.0, 0.0, 0.0, 0.0, 0.0, 0.0, 0.0, 0.0, 0.0, 0.0, 0.0, 0.9869629156478271, 0.985754242924482, 0.9869734694845373, 0.0, 0.0, 0.0, 0.0], [0.0, 0.0, 0.0, 1.0664498989800628, 0.0, 0.0, 0.0, 0.0, 1.3377427806364495, 0.0, 0.0, 0.0, 1.336818017368525, 0.0, 0.0, 0.0, 0.0, 0.0, 0.0, 0.0, 0.0, 0.0, 0.0, 0.0, 0.0, 0.0, 0.0, 0.0, 0.0, 0.0, 0.0, 0.0, 0.0, 0.0, 0.0, 0.0, 0.0, 0.0, 0.0, 0.0, 0.0], [0.0, 0.0, 0.0, 0.0, 0.0, 0.0, 0.0, 1.3377427806364495, 0.0, 1.4113447685547935, 0.0, 0.10298052883454399, 0.0, 0.0, 0.0, 0.0, 0.0, 0.0, 0.0, 0.0, 0.9331978088146956, 0.0, 0.0, 0.0, 0.0, 0.0, 0.0, 0.0, 0.0, 0.0, 0.0, 0.0, 0.0, 0.0, 0.0, 0.0, 0.0, 0.0, 0.0, 0.0, 0.0], [0.0, 0.0, 0.0, 0.0, 0.0, 0.0, 0.0, 0.0, 1.4113447685547935, 0.0, 1.41485575838749, 0.0, 0.10082211477279909, 0.0, 0.0, 0.0, 0.0, 0.0, 0.0, 0.0, 0.0, 0.0, 0.0, 0.0, 0.0, 0.0, 0.0, 0.0, 0.0, 0.0, 0.0, 0.0, 0.0, 0.0, 0.0, 0.0, 0.0, 0.956455837984414, 0.0, 0.0, 0.0], [0.0, 0.0, 0.0, 0.0, 0.0, 0.0, 0.0, 0.0, 0.0, 1.41485575838749, 0.0, 1.419781798483655, 0.0, 0.0, 0.0, 0.0, 0.7602428863644046, 0.0, 0.0, 0.0, 0.0, 0.0, 0.0, 0.0, 0.0, 0.0, 0.0, 0.0, 0.0, 0.0, 0.0, 0.0, 0.0, 0.0, 0.0, 0.0, 0.0, 0.0, 0.0, 0.0, 0.0], [0.0, 0.0, 0.0, 0.0, 0.0, 0.0, 0.0, 0.0, 0.10298052883454399, 0.0, 1.419781798483655, 0.0, 1.40032841523918, 0.0, 0.0, 0.0, 0.0, 0.0, 0.0, 0.0, 0.0, 0.0, 0.0, 0.0, 0.0, 0.0, 0.0, 0.0, 0.0, 0.0, 0.0, 0.0, 0.0, 0.0, 0.0, 0.0, 0.0, 0.0, 0.9564639168805077, 0.0, 0.0], [0.0, 0.0, 0.0, 0.0, 0.0, 0.0, 0.0, 1.336818017368525, 0.0, 0.10082211477279909, 0.0, 1.40032841523918, 0.0, 0.9394258919601569, 0.0, 0.0, 0.0, 0.0, 0.0, 0.0, 0.0, 0.0, 0.0, 0.0, 0.0, 0.0, 0.0, 0.0, 0.0, 0.0, 0.0, 0.0, 0.0, 0.0, 0.0, 0.0, 0.0, 0.0, 0.0, 0.0, 0.0], [0.0, 0.0, 0.0, 0.0, 0.0, 0.0, 0.0, 0.0, 0.0, 0.0, 0.0, 0.0, 0.9394258919601569, 0.0, 1.4587254303044588, 1.4620569383200503, 0.0, 0.0, 0.0, 0.0, 0.0, 0.0, 0.0, 0.0, 0.0, 0.0, 0.0, 0.0, 0.0, 0.0, 0.0, 0.0, 0.0, 0.0, 0.0, 0.0, 0.0, 0.0, 0.0, 0.0, 0.0], [0.0, 0.0, 0.0, 0.0, 0.0, 0.0, 0.0, 0.0, 0.0, 0.0, 0.0, 0.0, 0.0, 1.4587254303044588, 0.0, 0.3929103459843135, 0.0, 0.0, 0.0, 0.0, 0.0, 0.0, 0.0, 0.0, 0.0, 0.0, 0.0, 0.0, 0.0, 0.0, 0.0, 0.0, 0.0, 0.0, 0.0, 0.0, 0.0, 0.0, 0.0, 0.0, 0.0], [0.0, 0.0, 0.0, 0.0, 0.0, 0.0, 0.0, 0.0, 0.0, 0.0, 0.0, 0.0, 0.0, 1.4620569383200503, 0.3929103459843135, 0.0, 0.0, 0.0, 0.0, 0.0, 0.0, 0.0, 0.0, 0.0, 0.0, 0.0, 0.0, 0.0, 0.0, 0.0, 0.0, 0.0, 0.0, 0.0, 0.0, 0.0, 0.0, 0.0, 0.0, 0.0, 0.0], [0.0, 0.0, 0.0, 0.0, 0.0, 0.0, 0.0, 0.0, 0.0, 0.0, 0.7602428863644046, 0.0, 0.0, 0.0, 0.0, 0.0, 0.0, 0.9528806375821464, 1.6128618284428016, 1.613452701355273, 0.0, 0.0, 0.0, 0.0, 0.0, 0.0, 0.0, 0.0, 0.0, 0.0, 0.0, 0.0, 0.0, 0.0, 0.0, 0.0, 0.0, 0.0, 0.0, 0.0, 0.0], [0.0, 0.0, 0.0, 0.0, 0.0, 0.0, 0.0, 0.0, 0.0, 0.0, 0.0, 0.0, 0.0, 0.0, 0.0, 0.0, 0.9528806375821464, 0.0, 0.0, 0.0, 0.0, 0.0, 0.0, 0.0, 0.0, 0.0, 0.0, 0.0, 0.0, 0.0, 0.0, 0.0, 0.0, 0.0, 0.0, 0.0, 0.0, 0.0, 0.0, 0.936989414413995, 0.9369433095067434], [0.0, 0.0, 0.0, 0.0, 0.0, 0.0, 0.0, 0.0, 0.0, 0.0, 0.0, 0.0, 0.0, 0.0, 0.0, 0.0, 1.6128618284428016, 0.0, 0.0, 0.11800900511660989, 0.0, 0.0, 0.0, 0.0, 0.0, 0.0, 0.0, 0.0, 0.0, 0.0, 0.0, 0.0, 0.0, 0.0, 0.0, 0.0, 0.0, 0.0, 0.0, 0.0, 0.0], [0.0, 0.0, 0.0, 0.0, 0.0, 0.0, 0.0, 0.0, 0.0, 0.0, 0.0, 0.0, 0.0, 0.0, 0.0, 0.0, 1.613452701355273, 0.0, 0.11800900511660989, 0.0, 0.0, 0.0, 0.0, 0.0, 0.0, 0.0, 0.0, 0.0, 0.0, 0.0, 0.0, 0.0, 0.0, 0.0, 0.0, 0.0, 0.0, 0.0, 0.0, 0.0, 0.0], [0.0, 0.0, 0.0, 0.0, 0.0, 0.0, 0.0, 0.0, 0.9331978088146956, 0.0, 0.0, 0.0, 0.0, 0.0, 0.0, 0.0, 0.0, 0.0, 0.0, 0.0, 0.0, 1.4743988824882166, 1.4680106398735666, 0.0, 0.0, 0.0, 0.0, 0.0, 0.0, 0.0, 0.0, 0.0, 0.0, 0.0, 0.0, 0.0, 0.0, 0.0, 0.0, 0.0, 0.0], [0.0, 0.0, 0.0, 0.0, 0.0, 0.0, 0.0, 0.0, 0.0, 0.0, 0.0, 0.0, 0.0, 0.0, 0.0, 0.0, 0.0, 0.0, 0.0, 0.0, 1.4743988824882166, 0.0, 0.40273421505288004, 0.0, 0.0, 0.0, 0.0, 0.0, 0.0, 0.0, 0.0, 0.0, 0.0, 0.0, 0.0, 0.0, 0.0, 0.0, 0.0, 0.0, 0.0], [0.0, 0.0, 0.0, 0.0, 0.0, 0.0, 0.0, 0.0, 0.0, 0.0, 0.0, 0.0, 0.0, 0.0, 0.0, 0.0, 0.0, 0.0, 0.0, 0.0, 1.4680106398735666, 0.40273421505288004, 0.0, 0.0, 0.0, 0.0, 0.0, 0.0, 0.0, 0.0, 0.0, 0.0, 0.0, 0.0, 0.0, 0.0, 0.0, 0.0, 0.0, 0.0, 0.0], [0.9856822216766681, 0.0, 0.0, 0.0, 0.0, 0.0, 0.0, 0.0, 0.0, 0.0, 0.0, 0.0, 0.0, 0.0, 0.0, 0.0, 0.0, 0.0, 0.0, 0.0, 0.0, 0.0, 0.0, 0.0, 0.0, 0.0, 0.0, 0.0, 0.0, 0.0, 0.0, 0.0, 0.0, 0.0, 0.0, 0.0, 0.0, 0.0, 0.0, 0.0, 0.0], [0.9871636086006093, 0.0, 0.0, 0.0, 0.0, 0.0, 0.0, 0.0, 0.0, 0.0, 0.0, 0.0, 0.0, 0.0, 0.0, 0.0, 0.0, 0.0, 0.0, 0.0, 0.0, 0.0, 0.0, 0.0, 0.0, 0.0, 0.0, 0.0, 0.0, 0.0, 0.0, 0.0, 0.0, 0.0, 0.0, 0.0, 0.0, 0.0, 0.0, 0.0, 0.0], [0.9869500838247656, 0.0, 0.0, 0.0, 0.0, 0.0, 0.0, 0.0, 0.0, 0.0, 0.0, 0.0, 0.0, 0.0, 0.0, 0.0, 0.0, 0.0, 0.0, 0.0, 0.0, 0.0, 0.0, 0.0, 0.0, 0.0, 0.0, 0.0, 0.0, 0.0, 0.0, 0.0, 0.0, 0.0, 0.0, 0.0, 0.0, 0.0, 0.0, 0.0, 0.0], [0.0, 0.9749954486223946, 0.0, 0.0, 0.0, 0.0, 0.0, 0.0, 0.0, 0.0, 0.0, 0.0, 0.0, 0.0, 0.0, 0.0, 0.0, 0.0, 0.0, 0.0, 0.0, 0.0, 0.0, 0.0, 0.0, 0.0, 0.0, 0.0, 0.0, 0.0, 0.0, 0.0, 0.0, 0.0, 0.0, 0.0, 0.0, 0.0, 0.0, 0.0, 0.0], [0.0, 0.9745405144559018, 0.0, 0.0, 0.0, 0.0, 0.0, 0.0, 0.0, 0.0, 0.0, 0.0, 0.0, 0.0, 0.0, 0.0, 0.0, 0.0, 0.0, 0.0, 0.0, 0.0, 0.0, 0.0, 0.0, 0.0, 0.0, 0.0, 0.0, 0.0, 0.0, 0.0, 0.0, 0.0, 0.0, 0.0, 0.0, 0.0, 0.0, 0.0, 0.0], [0.0, 0.0, 0.9727738118393331, 0.0, 0.0, 0.0, 0.0, 0.0, 0.0, 0.0, 0.0, 0.0, 0.0, 0.0, 0.0, 0.0, 0.0, 0.0, 0.0, 0.0, 0.0, 0.0, 0.0, 0.0, 0.0, 0.0, 0.0, 0.0, 0.0, 0.0, 0.0, 0.0, 0.0, 0.0, 0.0, 0.0, 0.0, 0.0, 0.0, 0.0, 0.0], [0.0, 0.0, 0.9680882195515172, 0.0, 0.0, 0.0, 0.0, 0.0, 0.0, 0.0, 0.0, 0.0, 0.0, 0.0, 0.0, 0.0, 0.0, 0.0, 0.0, 0.0, 0.0, 0.0, 0.0, 0.0, 0.0, 0.0, 0.0, 0.0, 0.0, 0.0, 0.0, 0.0, 0.0, 0.0, 0.0, 0.0, 0.0, 0.0, 0.0, 0.0, 0.0], [0.0, 0.0, 0.0, 0.0, 0.967676865488688, 0.0, 0.0, 0.0, 0.0, 0.0, 0.0, 0.0, 0.0, 0.0, 0.0, 0.0, 0.0, 0.0, 0.0, 0.0, 0.0, 0.0, 0.0, 0.0, 0.0, 0.0, 0.0, 0.0, 0.0, 0.0, 0.0, 0.0, 0.0, 0.0, 0.0, 0.0, 0.0, 0.0, 0.0, 0.0, 0.0], [0.0, 0.0, 0.0, 0.0, 0.9665165911891025, 0.0, 0.0, 0.0, 0.0, 0.0, 0.0, 0.0, 0.0, 0.0, 0.0, 0.0, 0.0, 0.0, 0.0, 0.0, 0.0, 0.0, 0.0, 0.0, 0.0, 0.0, 0.0, 0.0, 0.0, 0.0, 0.0, 0.0, 0.0, 0.0, 0.0, 0.0, 0.0, 0.0, 0.0, 0.0, 0.0], [0.0, 0.0, 0.0, 0.0, 0.0, 0.9752008508387904, 0.0, 0.0, 0.0, 0.0, 0.0, 0.0, 0.0, 0.0, 0.0, 0.0, 0.0, 0.0, 0.0, 0.0, 0.0, 0.0, 0.0, 0.0, 0.0, 0.0, 0.0, 0.0, 0.0, 0.0, 0.0, 0.0, 0.0, 0.0, 0.0, 0.0, 0.0, 0.0, 0.0, 0.0, 0.0], [0.0, 0.0, 0.0, 0.0, 0.0, 0.9768058820878457, 0.0, 0.0, 0.0, 0.0, 0.0, 0.0, 0.0, 0.0, 0.0, 0.0, 0.0, 0.0, 0.0, 0.0, 0.0, 0.0, 0.0, 0.0, 0.0, 0.0, 0.0, 0.0, 0.0, 0.0, 0.0, 0.0, 0.0, 0.0, 0.0, 0.0, 0.0, 0.0, 0.0, 0.0, 0.0], [0.0, 0.0, 0.0, 0.0, 0.0, 0.0, 0.9869629156478271, 0.0, 0.0, 0.0, 0.0, 0.0, 0.0, 0.0, 0.0, 0.0, 0.0, 0.0, 0.0, 0.0, 0.0, 0.0, 0.0, 0.0, 0.0, 0.0, 0.0, 0.0, 0.0, 0.0, 0.0, 0.0, 0.0, 0.0, 0.0, 0.0, 0.0, 0.0, 0.0, 0.0, 0.0], [0.0, 0.0, 0.0, 0.0, 0.0, 0.0, 0.985754242924482, 0.0, 0.0, 0.0, 0.0, 0.0, 0.0, 0.0, 0.0, 0.0, 0.0, 0.0, 0.0, 0.0, 0.0, 0.0, 0.0, 0.0, 0.0, 0.0, 0.0, 0.0, 0.0, 0.0, 0.0, 0.0, 0.0, 0.0, 0.0, 0.0, 0.0, 0.0, 0.0, 0.0, 0.0], [0.0, 0.0, 0.0, 0.0, 0.0, 0.0, 0.9869734694845373, 0.0, 0.0, 0.0, 0.0, 0.0, 0.0, 0.0, 0.0, 0.0, 0.0, 0.0, 0.0, 0.0, 0.0, 0.0, 0.0, 0.0, 0.0, 0.0, 0.0, 0.0, 0.0, 0.0, 0.0, 0.0, 0.0, 0.0, 0.0, 0.0, 0.0, 0.0, 0.0, 0.0, 0.0], [0.0, 0.0, 0.0, 0.0, 0.0, 0.0, 0.0, 0.0, 0.0, 0.956455837984414, 0.0, 0.0, 0.0, 0.0, 0.0, 0.0, 0.0, 0.0, 0.0, 0.0, 0.0, 0.0, 0.0, 0.0, 0.0, 0.0, 0.0, 0.0, 0.0, 0.0, 0.0, 0.0, 0.0, 0.0, 0.0, 0.0, 0.0, 0.0, 0.0, 0.0, 0.0], [0.0, 0.0, 0.0, 0.0, 0.0, 0.0, 0.0, 0.0, 0.0, 0.0, 0.0, 0.9564639168805077, 0.0, 0.0, 0.0, 0.0, 0.0, 0.0, 0.0, 0.0, 0.0, 0.0, 0.0, 0.0, 0.0, 0.0, 0.0, 0.0, 0.0, 0.0, 0.0, 0.0, 0.0, 0.0, 0.0, 0.0, 0.0, 0.0, 0.0, 0.0, 0.0], [0.0, 0.0, 0.0, 0.0, 0.0, 0.0, 0.0, 0.0, 0.0, 0.0, 0.0, 0.0, 0.0, 0.0, 0.0, 0.0, 0.0, 0.936989414413995, 0.0, 0.0, 0.0, 0.0, 0.0, 0.0, 0.0, 0.0, 0.0, 0.0, 0.0, 0.0, 0.0, 0.0, 0.0, 0.0, 0.0, 0.0, 0.0, 0.0, 0.0, 0.0, 0.0], [0.0, 0.0, 0.0, 0.0, 0.0, 0.0, 0.0, 0.0, 0.0, 0.0, 0.0, 0.0, 0.0, 0.0, 0.0, 0.0, 0.0, 0.9369433095067434, 0.0, 0.0, 0.0, 0.0, 0.0, 0.0, 0.0, 0.0, 0.0, 0.0, 0.0, 0.0, 0.0, 0.0, 0.0, 0.0, 0.0, 0.0, 0.0, 0.0, 0.0, 0.0, 0.0]], "Born radii": [], "Atomic SASAs": [], "Solvent H bonds": [], "Total SASA": NaN, "Total FOD": 0.0, "FOD": [0.0, 0.0, 0.0, 0.0, 0.0, 0.0, 0.0, 0.0, 0.0, 0.0, 0.0, 0.0, 0.0, 0.0, 0.0, 0.0, 0.0, 0.0, 0.0, 0.0, 0.0, 0.0, 0.0, 0.0, 0.0, 0.0, 0.0, 0.0, 0.0, 0.0, 0.0, 0.0, 0.0, 0.0, 0.0, 0.0, 0.0, 0.0, 0.0, 0.0, 0.0], "FOD s proportion": [0.0, 0.0, 0.0, 0.0, 0.0, 0.0, 0.0, 0.0, 0.0, 0.0, 0.0, 0.0, 0.0, 0.0, 0.0, 0.0, 0.0, 0.0, 0.0, 0.0, 0.0, 0.0, 0.0, 0.0, 0.0, 0.0, 0.0, 0.0, 0.0, 0.0, 0.0, 0.0, 0.0, 0.0, 0.0, 0.0, 0.0, 0.0, 0.0, 0.0, 0.0], "FOD p proportion": [0.0, 0.0, 0.0, 0.0, 0.0, 0.0, 0.0, 0.0, 0.0, 0.0, 0.0, 0.0, 0.0, 0.0, 0.0, 0.0, 0.0, 0.0, 0.0, 0.0, 0.0, 0.0, 0.0, 0.0, 0.0, 0.0, 0.0, 0.0, 0.0, 0.0, 0.0, 0.0, 0.0, 0.0, 0.0, 0.0, 0.0, 0.0, 0.0, 0.0, 0.0], "FOD d proportion": [0.0, 0.0, 0.0, 0.0, 0.0, 0.0, 0.0, 0.0, 0.0, 0.0, 0.0, 0.0, 0.0, 0.0, 0.0, 0.0, 0.0, 0.0, 0.0, 0.0, 0.0, 0.0, 0.0, 0.0, 0.0, 0.0, 0.0, 0.0, 0.0, 0.0, 0.0, 0.0, 0.0, 0.0, 0.0, 0.0, 0.0, 0.0, 0.0, 0.0, 0.0], "coordinates": [["-2.70060", "3.25550", "-2.01370"], ["-2.39220", "1.79380", "-1.73070"], ["-1.44960", "1.64350", "-0.53380"], ["-1.12720", "0.21410", "-0.31660"], ["-2.12530", "-0.53950", "0.47730"], ["-1.98040", "-2.05170", "0.29330"], ["-3.06010", "-2.80780", "1.05200"], ["0.23250", "-0.02230", "-0.05220"], ["1.05940", "-0.53780", "-1.07580"], ["2.42400", "-0.82780", "-0.91380"], ["3.01560", "-0.58260", "0.32210"], ["2.26000", "-0.07210", "1.37660"], ["0.89520", "0.20750", "1.17110"], ["0.20350", "0.79110", "2.29960"], ["-0.01080", "2.00940", "2.26120"], ["-0.07620", "0.03170", "3.23600"], ["4.72730", "-0.95960", "0.56540"], ["5.45410", "0.46930", "0.07810"], ["5.11840", "-1.96570", "-0.39100"], ["4.97650", "-1.08100", "1.98090"], ["0.50200", "-0.78880", "-2.38890"], ["0.10810", "-1.93920", "-2.62120"], ["0.54230", "0.14800", "-3.19850"], ["-3.37640", "3.34130", "-2.87030"], ["-3.18230", "3.72830", "-1.15190"], ["-1.78670", "3.81170", "-2.24550"], ["-1.94270", "1.34140", "-2.62180"], ["-3.33190", "1.26080", "-1.54870"], ["-0.53940", "2.22500", "-0.73330"], ["-1.91540", "2.06730", "0.36410"], ["-3.12970", "-0.25510", "0.14110"], ["-2.07880", "-0.27180", "1.53680"], ["-2.04610", "-2.30470", "-0.77120"], ["-1.00020", "-2.39250", "0.64510"], ["-4.05770", "-2.52700", "0.69980"], ["-2.94020", "-3.88600", "0.90740"], ["-3.00270", "-2.60020", "2.12530"], ["3.00510", "-1.23430", "-1.74040"], ["2.72130", "0.11610", "2.34610"], ["6.04930", "0.30030", "-0.73520"], ["5.95830", "0.89090", "0.86050"]], "bond_dist": [[0.0, 1.5204494236902457, 2.5206445624085916, 3.821760056570794, 4.575814254315837, 5.831578592456762, 6.803775689277241, 4.816070047248067, 5.422765097254351, 6.644143591163575, 7.270620034770075, 6.868377407364857, 5.688851613462949, 5.754269811192381, 5.2021687073758, 6.696246104348316, 8.921464186443837, 8.867788324604957, 9.541008632738993, 9.67987220060265, 5.172406044579254, 5.936561296744101, 4.645073487039791, 1.0944545856270143, 1.094657010209134, 1.0946702197465683, 2.146619861549781, 2.1432668475950445, 2.715168475435733, 2.771694629644471, 4.141449288594513, 5.043265884325354, 5.734806059493207, 6.469967666070674, 6.530092565193851, 7.719537267220102, 7.177172695428194, 7.265535728354792, 7.632868923936792, 9.323546497980262, 9.424908912557193], [1.5204494236902457, 0.0, 1.5308998856881528, 2.4688774574692847, 3.2234746004893537, 4.365091693195001, 5.418877398502387, 3.6061934986908284, 4.216490854964587, 5.543996267134386, 6.25344430214262, 5.897445289275687, 4.663023663890201, 4.897589597955304, 4.653258528171415, 5.756471254162571, 7.971233720071191, 8.160299098685048, 8.505160121949498, 8.737172843088317, 3.9343924105254167, 4.5803689087234005, 3.6707471623635426, 2.159188284981187, 2.1683075658217863, 2.16877147251618, 1.0957988957833458, 1.0955588026208363, 2.14793110690264, 2.165716401101492, 2.8715035608544874, 3.87833458716496, 4.22352077182059, 5.010708266303278, 5.229773717858164, 6.286493748505601, 5.877812709673557, 6.18872612013167, 6.75150781529578, 8.630207688694403, 8.789789309192798], [2.5206445624085916, 1.5308998856881528, 0.0, 1.481317643181232, 2.4988762874540225, 3.8236561155522337, 4.992248349190973, 2.415841180624256, 3.3685181742125123, 4.610477269220617, 5.062222541532523, 4.511545597686008, 3.2352537844812113, 3.389318652767839, 3.164814884001906, 4.323831499954641, 6.7925300043503665, 7.029526366690718, 7.495688125849421, 7.4189876364636165, 3.628528883721335, 4.429380017564535, 3.647576174667227, 3.471932506544446, 2.7804114695490667, 2.7829201461773923, 2.16660010615711, 2.1724489844412918, 1.0983653945750476, 1.0967226130612973, 2.6235296796491556, 2.889922332866404, 4.000056780846991, 4.228600426855202, 5.071195600644882, 5.905447997400367, 5.243273987691279, 5.438930822321607, 5.293692622357289, 7.620908699754905, 7.575451251245698], [3.821760056570794, 2.4688774574692847, 1.481317643181232, 0.0, 1.4813486355345256, 2.496753470008603, 3.839407243312436, 1.4051962176151769, 2.4337127624269876, 3.748763114681961, 4.266785724640974, 3.797625642424487, 2.510656609335494, 2.9913531937903954, 3.333842211323145, 3.7092907030859688, 6.03578213158825, 6.59806220188928, 6.615480538857326, 6.649131067289921, 2.820377340002575, 3.3873069155303894, 3.3312080496420515, 4.621651671210196, 4.155810840257289, 4.135011634808299, 2.6925438863647146, 2.7339263687963506, 2.136086735130388, 2.12578502440863, 2.1070463165293734, 2.1393300189545323, 2.7194469676755975, 2.781251417977167, 4.139387445021304, 4.647145899366621, 4.17140987556965, 4.60445135602495, 4.680868246383357, 7.189214745019097, 7.214425334009633], [4.575814254315837, 3.2234746004893537, 2.4988762874540225, 1.4813486355345256, 0.0, 1.5302290188073158, 2.51978491542433, 2.4712520976217704, 3.5432240389227436, 4.7659633433336435, 5.143422737827409, 4.500895393141236, 3.1879127481786576, 3.242619788072601, 3.761688539738504, 3.483605307723595, 6.866030321808957, 7.65665347524622, 7.433651930242632, 7.27939547283976, 3.8961465860514024, 4.067915670217366, 4.593501023184822, 5.275631299664524, 4.688886699420237, 5.144048137410847, 3.62981382167185, 2.9667557449173327, 3.4092655250068162, 2.617685712609518, 1.0966919166292783, 1.093785074866173, 2.163551693396763, 2.174308131337415, 2.780976853553441, 3.471038788316835, 2.780686830622967, 5.632223760647299, 5.23562377945551, 8.306594094452912, 8.218118723892957], [5.831578592456762, 4.365091693195001, 3.8236561155522337, 2.496753470008603, 1.5302290188073158, 0.0, 1.520876388796933, 3.0223767170887217, 3.661517726298754, 4.727976414915793, 5.207600239073656, 4.803472411703849, 3.76079683577829, 4.108061676752188, 4.923869187945593, 4.077501255671174, 6.8014674967980255, 7.853250428325841, 7.132224332562739, 7.224175375778192, 3.8667069982091995, 3.5873107964044597, 4.836875295063953, 6.406374166406454, 6.0779574406209855, 6.392377076643712, 4.473517286207799, 4.023949863007739, 4.628234161102914, 4.120121192392282, 2.138183081496998, 2.1734808073686778, 1.0961230496618526, 1.0957645367504827, 2.169407207049889, 2.159396059086892, 2.1684495705457394, 5.446034217667017, 5.56949975940389, 8.430053282156644, 8.485491635138178], [6.803775689277241, 5.418877398502387, 4.992248349190973, 3.839407243312436, 2.51978491542433, 1.520876388796933, 0.0, 4.451907753985924, 5.162432865423045, 6.153057975511039, 6.51140534293481, 5.991066988442042, 4.974999194974809, 5.015941778968332, 5.828019472342212, 4.662217869212034, 8.0184924742747, 9.174936907684978, 8.347409398130656, 8.272341446652213, 5.348337145319094, 4.927915932724502, 6.307201411878331, 7.3004050428726215, 6.8987470789992, 7.504187768173182, 5.653428149362119, 4.836426541362951, 5.905107993932033, 5.05471507703451, 2.7112469935437455, 2.7621145396235836, 2.1460111486196896, 2.140380739494728, 1.0945771969121225, 1.0944406836370806, 1.0946987759196591, 6.860032875285657, 6.606699022961466, 9.789562697587671, 9.749286768784678], [4.816070047248067, 3.6061934986908284, 2.415841180624256, 1.4051962176151769, 2.4712520976217704, 3.0223767170887217, 4.451907753985924, 0.0, 1.4132447841757634, 2.4887460818653233, 2.8635087200845053, 2.4808679388472092, 1.4101213493880589, 2.488659036509421, 3.0884979099879604, 3.3031001998122917, 4.632838016809998, 5.246308722330397, 5.269118314291301, 5.268764304844163, 2.473927927406132, 3.2077627671010833, 3.166098832948839, 5.681518439642698, 5.19010592281121, 4.856674739984139, 3.632356933177135, 4.073181216199446, 2.471858432434997, 3.0254269549932946, 3.3757887330222545, 2.8158975371983974, 3.3042894425276974, 2.7610912009566073, 5.0244245571010415, 5.090681205889837, 4.674782743614937, 3.4650070706998566, 3.4590638748077494, 5.86563909561439, 5.869560560212323], [5.422765097254351, 4.216490854964587, 3.3685181742125123, 2.4337127624269876, 3.5432240389227436, 3.661517726298754, 5.162432865423045, 1.4132447841757634, 0.0, 1.404449059239957, 2.404755681976862, 2.7699427087938115, 2.3729714157570463, 3.7271792524642544, 4.332334807006495, 4.495056935123292, 4.040413727577907, 4.6539363672057235, 4.356986395434349, 4.9982150353901345, 1.4484223727904786, 2.2928486234376657, 2.2898841324398926, 6.159867587862583, 6.0164291161784655, 5.327910805372027, 3.864468016428652, 4.76886905460823, 3.210378720649637, 4.208241088625983, 4.3714212460022654, 4.092032991069353, 3.5859234542862177, 3.262416444907057, 5.770128630281997, 5.5803517487699645, 5.567871350884466, 2.1708417491839427, 3.8599088629137346, 5.071244618434413, 5.457990709959115], [6.644143591163575, 5.543996267134386, 4.610477269220617, 3.748763114681961, 4.7659633433336435, 4.727976414915793, 6.153057975511039, 2.4887460818653233, 1.404449059239957, 0.0, 1.391963508860775, 2.4174181785533095, 2.784938695914149, 4.22816709934695, 4.904954625682076, 4.920424811944595, 2.7405464363881884, 3.4420691495087667, 2.9711828637766478, 3.867641992222134, 2.4231229869736284, 3.084447686377579, 3.1165420934105796, 7.406343714681354, 7.2280936982028665, 6.40533993087018, 5.166310243297435, 6.155951005328097, 4.258392613416476, 5.370756443928546, 5.681934792832456, 5.156528308852769, 4.709921695739751, 4.074751641511418, 6.892272520003834, 6.437701322677218, 6.467349028775238, 1.0891221327289242, 3.4067994525654135, 3.8009614125902407, 4.312000309601102], [7.270620034770075, 6.25344430214262, 5.062222541532523, 4.266785724640974, 5.143422737827409, 5.207600239073656, 6.51140534293481, 2.8635087200845053, 2.404755681976862, 1.391963508860775, 0.0, 1.3940989419693282, 2.416848189274618, 3.7020891872022745, 4.431441048913999, 4.292715334144579, 1.7695312317108163, 2.666891797580097, 2.615959682411027, 2.616323529305961, 3.7027320183885846, 4.353956212457815, 4.364128046929879, 8.151446066189727, 7.692236295122505, 6.9974657941286145, 6.078903034265311, 6.869408449786634, 4.651291424970059, 5.598079582321066, 6.156681682529966, 5.246427745618918, 5.457264900112509, 4.416640878541067, 7.345401387262645, 6.835684405383268, 6.598649474703138, 2.163037075502868, 2.161335277091456, 3.331776011378916, 3.334750380463282], [6.868377407364857, 5.897445289275687, 4.511545597686008, 3.797625642424487, 4.500895393141236, 4.803472411703849, 5.991066988442042, 2.4808679388472092, 2.7699427087938115, 2.4174181785533095, 1.3940989419693282, 0.0, 1.4082206680772724, 2.4137596172775777, 3.204948057301397, 2.9876367315990744, 2.7446804877799527, 3.490199280843431, 3.8575356485715075, 2.960140190936909, 4.2170147189688585, 4.9090875791739546, 4.891878709657466, 7.839417333577796, 7.10316701901342, 6.676772554161179, 5.970583899418884, 6.4500657446261735, 4.191060340772965, 4.79959933431948, 5.532523415223833, 4.34634669233829, 5.3047191075494275, 4.067954332339537, 6.811602274061514, 6.465915394590312, 5.886242654699176, 3.4090426588706686, 1.0900216419869835, 4.3539838642328474, 3.856313148591541], [5.688851613462949, 4.663023663890201, 3.2352537844812113, 2.510656609335494, 3.1879127481786576, 3.76079683577829, 4.974999194974809, 1.4101213493880589, 2.3729714157570463, 2.784938695914149, 2.416848189274618, 1.4082206680772724, 0.0, 1.446564931138592, 2.2925962618830207, 2.2887410535051798, 4.051417691376686, 4.695397475187804, 4.999837286352427, 4.355802793974952, 3.717636336437441, 4.428248704623533, 4.384231154946098, 6.6633462284350795, 5.866716960106394, 5.644112047966447, 4.870882469327299, 5.135672043656993, 3.123319191181074, 3.4654837180399505, 4.180277355630844, 3.0344918816829947, 4.328385821527466, 3.260248021240102, 5.6772204774872, 5.61574332568717, 4.89768326252321, 3.8739253348509446, 2.173389097699719, 5.496120298901762, 5.118446007334648], [5.754269811192381, 4.897589597955304, 3.389318652767839, 2.9913531937903954, 3.242619788072601, 4.108061676752188, 5.015941778968332, 2.488659036509421, 3.7271792524642544, 4.22816709934695, 3.7020891872022745, 2.4137596172775777, 1.446564931138592, 0.0, 1.2376000727213938, 1.2376451066440657, 5.151423742034817, 5.710290522381502, 6.24463902959971, 5.13691124120322, 4.956532912228062, 5.628313414336483, 5.545941458400007, 6.785799146747566, 5.657175773298899, 5.808859992287643, 5.397145772535702, 5.246816571979623, 3.436051808398703, 3.1407935143845416, 4.106565344664565, 2.6306868950903297, 4.906576244184941, 3.784385405848617, 5.632670156329056, 5.804854428837988, 4.670226399223061, 5.317218043300462, 2.607125637555659, 6.604867396095094, 5.932848547704552], [5.2021687073758, 4.653258528171415, 3.164814884001906, 3.333842211323145, 3.761688539738504, 4.923869187945593, 5.828019472342212, 3.0884979099879604, 4.332334807006495, 4.904954625682076, 4.431441048913999, 3.204948057301397, 2.2925962618830207, 1.2376000727213938, 0.0, 2.2058579940694276, 5.842969300792191, 6.083006298698038, 7.0102979601440625, 5.873865979063533, 5.451267475550984, 6.280398787497495, 5.794743623319326, 6.279610913106002, 4.966113275993611, 5.1684089418311325, 5.29359524425508, 5.1093488019511835, 3.0484310013513505, 2.6888365476540224, 4.398900029552842, 3.1631080917350896, 5.65237601898529, 4.7924331169041885, 6.276487435660172, 6.720855597317949, 5.497121663197932, 5.969090806814719, 3.325080947886833, 6.973108903494911, 6.232427901708932], [6.696246104348316, 5.756471254162571, 4.323831499954641, 3.7092907030859688, 3.483605307723595, 4.077501255671174, 4.662217869212034, 3.3031001998122917, 4.495056935123292, 4.920424811944595, 4.292715334144579, 2.9876367315990744, 2.2887410535051798, 1.2376451066440657, 2.2058579940694276, 0.0, 5.584656865018656, 6.383419480184583, 6.6429364681592435, 5.323828940715507, 5.713758439066181, 6.182653567846092, 6.465203646444557, 7.689712081086001, 6.524291163030663, 6.8746674465024125, 6.285933278360502, 5.9163860075218215, 4.5585591605242985, 3.9716663517974418, 4.3571231908221275, 2.643822923344149, 5.039535971694219, 3.666508482193925, 5.369506344162375, 5.382680303529089, 4.089615428130132, 5.98846580102116, 2.9368438194769566, 7.3050890240982005, 6.54189690686119], [8.921464186443837, 7.971233720071191, 6.7925300043503665, 6.03578213158825, 6.866030321808957, 6.8014674967980255, 8.0184924742747, 4.632838016809998, 4.040413727577907, 2.7405464363881884, 1.7695312317108163, 2.7446804877799527, 4.051417691376686, 5.151423742034817, 5.842969300792191, 5.584656865018656, 0.0, 1.6755461020216667, 1.442184932662937, 1.4423865120001644, 5.158509592895995, 5.696581813684412, 5.7365447762568715, 9.796516165964308, 9.35346448435017, 8.549775347925815, 7.742205424812751, 8.622661979342574, 6.290185032254615, 7.302609710918419, 7.89992403381197, 6.909391001383551, 7.033828340953453, 5.904558472062072, 8.924742636065199, 8.214093815510022, 8.054672952392293, 2.891045930109032, 2.889992903105473, 2.2420063269313046, 2.242051573893875], [8.867788324604957, 8.160299098685048, 7.029526366690718, 6.59806220188928, 7.65665347524622, 7.853250428325841, 9.174936907684978, 5.246308722330397, 4.6539363672057235, 3.4420691495087667, 2.666891797580097, 3.490199280843431, 4.695397475187804, 5.710290522381502, 6.083006298698038, 6.383419480184583, 1.6755461020216667, 0.0, 2.5023937140266317, 2.5004358999982386, 5.673816970964079, 6.454983248622726, 5.913131191678399, 9.742647320415536, 9.31243179626031, 8.306620212818208, 7.922289357250214, 8.970325885384545, 6.297848418309226, 7.546186470661854, 8.61454275048885, 7.7085418407115105, 8.041727832375328, 7.083034429536539, 9.991929934702306, 9.493189615192568, 9.226609579363377, 3.4938225784947927, 3.5688611741002205, 1.0219006458555542, 1.0218189467806906], [9.541008632738993, 8.505160121949498, 7.495688125849421, 6.615480538857326, 7.433651930242632, 7.132224332562739, 8.347409398130656, 5.269118314291301, 4.356986395434349, 2.9711828637766478, 2.615959682411027, 3.8575356485715075, 4.999837286352427, 6.24463902959971, 7.0102979601440625, 6.6429364681592435, 1.442184932662937, 2.5023937140266317, 0.0, 2.535495870633593, 5.166028162912006, 5.48430491311342, 5.769789870523883, 10.318566011321535, 10.094663208844564, 9.192275399486245, 8.110025416729593, 9.119108598432195, 7.049101830729926, 8.143071131336137, 8.44040498909857, 7.641033823377567, 7.18258541821815, 6.220363929063959, 9.25773803582711, 8.38536991491729, 8.525644911090305, 2.6118696770704313, 4.191860691864652, 2.473823851853644, 3.2298371197322013], [9.67987220060265, 8.737172843088317, 7.4189876364636165, 6.649131067289921, 7.27939547283976, 7.224175375778192, 8.272341446652213, 5.268764304844163, 4.9982150353901345, 3.867641992222134, 2.616323529305961, 2.960140190936909, 4.355802793974952, 5.13691124120322, 5.873865979063533, 5.323828940715507, 1.4423865120001644, 2.5004358999982386, 2.535495870633593, 0.0, 6.261124749595714, 6.754046950532695, 6.928113379557237, 10.623644249503087, 9.975460880079677, 9.356379881663633, 8.656107536878224, 9.32585727748393, 6.98009100585372, 7.747523523036248, 8.353289968030559, 7.115426026598829, 7.64123071631789, 6.263013394525034, 9.238446993407495, 8.467264383494825, 8.123820076786535, 4.214023319821569, 2.5792143164149812, 3.2304935752915527, 2.4713593445713236], [5.172406044579254, 3.9343924105254167, 3.628528883721335, 2.820377340002575, 3.8961465860514024, 3.8667069982091995, 5.348337145319094