{"total energy": -30.38041872, "HOMO-LUMO gap/eV": 11.53500132, "electronic energy": -30.77055818, "dipole": [0.24516998, -0.54996663, -0.33945168], "partial charges": [-0.09996802, -0.0520528, -0.05822497, -0.05758343, -0.06752829, 0.115655, -0.453901, -0.05895492, -0.10337289, 0.03187794, 0.03152134, 0.03189256, 0.02976171, 0.02897521, 0.02754992, 0.02796824, 0.03449859, 0.04103743, 0.02494653, 0.03285942, 0.01021593, 0.28339101, 0.04745321, 0.04428716, 0.03767696, 0.0372769, 0.03274125], "atomic dipole moments": [[-0.09124448, 0.0357356, 0.02303733], [0.01608474, -0.08227995, -0.07287776], [-0.01614358, 0.08017151, 0.07104353], [0.01249222, -0.08985698, -0.07877818], [-0.02754026, 0.07971259, 0.06100981], [0.0511423, 0.16817292, -0.00320388], [0.04338984, -0.22413943, -0.06091213], [0.03682787, -0.1030398, -0.076456], [-0.00047399, 0.09818747, -0.04565343], [0.02546105, 0.01468453, -0.12240006], [0.08779747, 0.06077956, 0.06447278], [0.00980941, -0.12228838, 0.0280224], [-0.00032342, 0.12155254, -0.02348588], [-0.01542475, -0.01121333, 0.12216324], [0.01905991, 0.01074416, -0.12171921], [0.00380962, -0.1215021, 0.0233403], [-0.0166059, -0.01133914, 0.12368742], [-0.00184632, 0.12481855, -0.02364363], [0.02679346, 0.00803058, -0.11770472], [0.00442972, -0.12291393, 0.02316815], [-0.07821775, -0.0492519, -0.06972925], [0.01905829, -0.00871919, -0.07442077], [0.06347528, 0.07990153, 0.07535315], [-0.11247051, 0.0501638, 0.01079062], [-0.04967752, 0.00408816, 0.11464065], [0.11520161, -0.04849045, 0.01314618], [-0.07032055, -0.07972323, -0.06818282]], "atomic quadrupole moments": [[0.17577573, -0.10954068, -0.07461258, -0.06813329, 0.03739491, -0.10116315], [0.22773721, -0.00659526, -0.10502222, 0.04210891, 0.11984375, -0.12271499], [0.22493985, -0.00042825, -0.10433787, 0.04840083, 0.12623456, -0.12060198], [0.22106832, -0.00040711, -0.10993367, 0.04760568, 0.13689866, -0.11113464], [0.20317952, -0.01761383, -0.08670265, 0.06340439, 0.09066433, -0.11647687], [-0.17415853, -0.09730407, 0.26476096, -0.10983849, -0.18267333, -0.09060243], [-0.11120308, -0.01898001, 0.15599488, -0.02263217, -0.05715486, -0.04479181], [-0.19511849, -0.00229635, 0.06043208, -0.09050143, -0.12499804, 0.13468641], [-0.12093736, 0.00123778, 0.18106712, -0.01084325, -0.12340597, -0.06012976], [-0.03330927, -0.00940811, -0.04300845, -0.0127493, -0.01999768, 0.07631771], [0.02139217, 0.03644021, -0.01080233, 0.04111013, 0.04389767, -0.01058984], [-0.03249944, 0.00076639, 0.07292439, -0.01066502, -0.03047269, -0.04042495], [-0.01718414, -0.00240831, 0.04693351, 0.00435882, -0.0285822, -0.02974937], [-0.01456888, 0.00450043, -0.03545308, -0.0124938, -0.01968741, 0.05002195], [-0.0191399, 0.00405614, -0.03247506, -0.01061439, -0.02028131, 0.05161496], [-0.02100164, -2.189e-05, 0.04778424, 0.00276657, -0.02871078, -0.0267826], [-0.01516027, 0.00438889, -0.03391997, -0.01394036, -0.01901974, 0.04908024], [-0.0193672, -0.00253052, 0.0449608, 0.0030277, -0.0279917, -0.02559359], [-0.01255271, 0.01159206, -0.04479033, -0.01052588, -0.01557846, 0.05734304], [-0.02269469, 0.00293481, 0.0500885, 0.00924328, -0.03493084, -0.02739381], [-0.00442427, 0.01560298, 0.01424923, 0.0078678, 0.01050244, -0.00982496], [-0.07966304, 0.00352641, -0.04541428, -0.05662359, -0.01230583, 0.12507733], [0.01672948, 0.03855714, -0.00893214, 0.03531614, 0.01292478, -0.00779734], [0.05147663, -0.02436004, -0.02817763, 0.00213309, -0.01265176, -0.023299], [-0.03151677, -0.01186633, -0.02681705, -0.04988274, 0.00769096, 0.05833383], [0.07161628, -0.02990492, -0.02114587, -0.00231199, -0.00715399, -0.05047041], [-0.00952425, 0.03610491, 0.0041756, 0.04945391, 0.03542247, 0.00534865]], "number of molecular orbitals": 54, "number of electrons": 56, "number of unpaired electrons": 0, "orbital energies/eV": [-18.46518571, -17.15023886, -16.89973396, -16.63680078, -16.31437772, -16.04848921, -15.53401968, -15.10885702, -15.036185, -14.76337577, -14.30112142, -14.21773377, -13.9513673, -13.42773298, -13.30164557, -13.2023587, -13.03184623, -12.75630892, -12.48022313, -12.38978323, -12.27314716, -11.9143431, -11.78641336, -11.73334408, -11.65169474, -11.52008577, -11.38838229, -10.84995218, 0.68504914, 1.59110424, 2.17609485, 2.85678659, 2.93452431, 3.19725979, 3.48755335, 3.78217494, 3.82941368, 3.98439061, 4.1980249, 4.54751182, 4.64650786, 4.89875889, 5.15126297, 5.19338091, 5.54463086, 6.25643216, 6.29598745, 6.86364813, 7.08487104, 7.24101413, 7.52366892, 7.59587487, 7.85550004, 8.43216986], "fractional occupation": [2.0, 2.0, 2.0, 2.0, 2.0, 2.0, 2.0, 2.0, 2.0, 2.0, 2.0, 2.0, 2.0, 2.0, 2.0, 2.0, 2.0, 2.0, 2.0, 2.0, 2.0, 2.0, 2.0, 2.0, 2.0, 2.0, 2.0, 2.0, 0.0, 0.0, 0.0, 0.0, 0.0, 0.0, 0.0, 0.0, 0.0, 0.0, 0.0, 0.0, 0.0, 0.0, 0.0, 0.0, 0.0, 0.0, 0.0, 0.0, 0.0, 0.0, 0.0, 0.0, 0.0, 0.0], "program call": "xtb /home/svss/Project-DBcg-Debug/aqme2_20220329/End-to-End-workflows-final/example-3/QDESCP/mol_893_rdkit_conf_14/mol_893_rdkit_conf_14.xyz --pop --wbo --acc 0.2 --gfn 2 --chrg 0 --uhf 0 --etemp 300 --input /home/svss/Project-DBcg-Debug/aqme2_20220329/End-to-End-workflows-final/example-3/QDESCP/mol_893_rdkit_conf_14/mol_893_rdkit_conf_14_xtb.inp", "method": "GFN2-xTB", "xtb version": "6.3.3 (7355c4f)", "Dipole module/D": 1.757, "Total charge": 0, "Transition dipole module/D": NaN, "HOMO": -10.85, "LUMO": 0.685, "HOMO occupancy": 2.0, "LUMO occupancy": 0, "mulliken charges": [-0.08356, -0.03822, -0.04795, -0.04208, -0.07192, 0.21856, -0.57064, -0.05036, -0.08917, 0.02632, 0.02831, 0.02621, 0.0232, 0.02234, 0.02132, 0.02114, 0.02344, 0.03236, 0.02303, 0.02531, 0.00859, 0.33432, 0.03643, 0.03753, 0.03262, 0.027, 0.02584], "cm5 charges": [-0.23389, -0.15075, -0.15872, -0.1522, -0.17845, 0.17091, -0.78168, -0.15745, -0.23942, 0.0776, 0.0791, 0.0775, 0.07791, 0.07705, 0.07668, 0.07648, 0.08001, 0.09031, 0.08056, 0.08145, 0.07491, 0.50379, 0.09398, 0.09448, 0.08344, 0.07904, 0.07737], "FUKUI+": [0.006, -0.01, -0.01, -0.014, 0.002, -0.028, -0.1, -0.0, 0.006, -0.03, -0.053, -0.03, -0.032, -0.032, -0.039, -0.039, -0.041, -0.036, -0.048, -0.069, -0.088, -0.103, -0.04, -0.051, -0.057, -0.027, -0.037], "FUKUI-": [0.015, 0.001, 0.002, 0.005, -0.002, 0.002, -0.089, 0.01, 0.02, -0.055, -0.064, -0.056, -0.064, -0.062, -0.051, -0.049, -0.032, -0.031, -0.041, -0.044, -0.103, -0.044, -0.067, -0.076, -0.042, -0.04, -0.044], "FUKUIrad": [0.011, -0.005, -0.004, -0.004, -0.0, -0.013, -0.094, 0.005, 0.013, -0.042, -0.059, -0.043, -0.048, -0.047, -0.045, -0.044, -0.036, -0.034, -0.044, -0.057, -0.096, -0.074, -0.054, -0.064, -0.049, -0.034, -0.04], "s proportion": [1.007, 1.027, 1.033, 1.03, 1.041, 1.02, 1.699, 1.031, 1.008, 0.974, 0.972, 0.974, 0.977, 0.978, 0.979, 0.979, 0.977, 0.968, 0.977, 0.975, 0.991, 0.666, 0.964, 0.962, 0.967, 0.973, 0.974], "p proportion": [3.076, 3.011, 3.015, 3.012, 3.031, 2.761, 4.872, 3.02, 3.081, 0.0, 0.0, 0.0, 0.0, 0.0, 0.0, 0.0, 0.0, 0.0, 0.0, 0.0, 0.0, 0.0, 0.0, 0.0, 0.0, 0.0, 0.0], "d proportion": [0.0, 0.0, 0.0, 0.0, 0.0, 0.0, 0.0, 0.0, 0.0, 0.0, 0.0, 0.0, 0.0, 0.0, 0.0, 0.0, 0.0, 0.0, 0.0, 0.0, 0.0, 0.0, 0.0, 0.0, 0.0, 0.0, 0.0], "Fermi-level/eV": -5.0825, "Coordination numbers": [3.75, 3.8, 3.802, 3.8, 3.799, 3.723, 1.653, 3.799, 3.749, 0.924, 0.924, 0.924, 0.924, 0.924, 0.924, 0.924, 0.924, 0.924, 0.924, 0.924, 0.924, 0.804, 0.924, 0.924, 0.924, 0.924, 0.924], "Dispersion coefficient C6": [22.472, 21.509, 21.621, 21.611, 21.795, 18.79, 21.925, 21.637, 22.54, 2.56, 2.565, 2.56, 2.59, 2.601, 2.622, 2.616, 2.524, 2.435, 2.66, 2.546, 2.887, 0.773, 2.352, 2.393, 2.48, 2.486, 2.548], "Total dispersion C6": 4853.637362, "Total dispersion C8": 100740.72233, "Polarizability alpha": [6.761, 6.603, 6.62, 6.619, 6.647, 6.19, 6.321, 6.623, 6.771, 2.502, 2.505, 2.502, 2.517, 2.522, 2.532, 2.529, 2.484, 2.44, 2.55, 2.495, 2.657, 1.381, 2.398, 2.419, 2.463, 2.465, 2.496], "Total polarizability alpha": 103.015198, "Wiberg matrix": [[0.0, 1.0200878333287715, 0.0, 0.0, 0.0, 0.0, 0.0, 0.0, 0.0, 0.9877276345638858, 0.9873618234052157, 0.9877193426548784, 0.0, 0.0, 0.0, 0.0, 0.0, 0.0, 0.0, 0.0, 0.0, 0.0, 0.0, 0.0, 0.0, 0.0, 0.0], [1.0200878333287715, 0.0, 1.007776946862606, 0.0, 0.0, 0.0, 0.0, 0.0, 0.0, 0.0, 0.0, 0.0, 0.9780284501549402, 0.978036697689263, 0.0, 0.0, 0.0, 0.0, 0.0, 0.0, 0.0, 0.0, 0.0, 0.0, 0.0, 0.0, 0.0], [0.0, 1.007776946862606, 0.0, 1.0065952330365784, 0.0, 0.0, 0.0, 0.0, 0.0, 0.0, 0.0, 0.0, 0.0, 0.0, 0.9772581208049834, 0.9773418096850458, 0.0, 0.0, 0.0, 0.0, 0.0, 0.0, 0.0, 0.0, 0.0, 0.0, 0.0], [0.0, 0.0, 1.0065952330365784, 0.0, 1.0075798952069903, 0.0, 0.0, 0.0, 0.0, 0.0, 0.0, 0.0, 0.0, 0.0, 0.0, 0.0, 0.9754232068113784, 0.9762267929215374, 0.0, 0.0, 0.0, 0.0, 0.0, 0.0, 0.0, 0.0, 0.0], [0.0, 0.0, 0.0, 1.0075798952069903, 0.0, 0.9882185879198403, 0.0, 0.0, 0.0, 0.0, 0.0, 0.0, 0.0, 0.0, 0.0, 0.0, 0.0, 0.0, 0.974058266183673, 0.9739491841155198, 0.0, 0.0, 0.0, 0.0, 0.0, 0.0, 0.0], [0.0, 0.0, 0.0, 0.0, 0.9882185879198403, 0.0, 0.9780070861132104, 0.9939631346008577, 0.0, 0.0, 0.0, 0.0, 0.0, 0.0, 0.0, 0.0, 0.0, 0.0, 0.0, 0.0, 0.9642064294613032, 0.0, 0.0, 0.0, 0.0, 0.0, 0.0], [0.0, 0.0, 0.0, 0.0, 0.0, 0.9780070861132104, 0.0, 0.0, 0.0, 0.0, 0.0, 0.0, 0.0, 0.0, 0.0, 0.0, 0.0, 0.0, 0.0, 0.0, 0.0, 0.9032929667309182, 0.0, 0.0, 0.0, 0.0, 0.0], [0.0, 0.0, 0.0, 0.0, 0.0, 0.9939631346008577, 0.0, 0.0, 1.0205910303575003, 0.0, 0.0, 0.0, 0.0, 0.0, 0.0, 0.0, 0.0, 0.0, 0.0, 0.0, 0.0, 0.0, 0.9736194268270529, 0.9751753129808454, 0.0, 0.0, 0.0], [0.0, 0.0, 0.0, 0.0, 0.0, 0.0, 0.0, 1.0205910303575003, 0.0, 0.0, 0.0, 0.0, 0.0, 0.0, 0.0, 0.0, 0.0, 0.0, 0.0, 0.0, 0.0, 0.0, 0.0, 0.0, 0.9868294081836269, 0.9856960220444188, 0.9873704563198792], [0.9877276345638858, 0.0, 0.0, 0.0, 0.0, 0.0, 0.0, 0.0, 0.0, 0.0, 0.0, 0.0, 0.0, 0.0, 0.0, 0.0, 0.0, 0.0, 0.0, 0.0, 0.0, 0.0, 0.0, 0.0, 0.0, 0.0, 0.0], [0.9873618234052157, 0.0, 0.0, 0.0, 0.0, 0.0, 0.0, 0.0, 0.0, 0.0, 0.0, 0.0, 0.0, 0.0, 0.0, 0.0, 0.0, 0.0, 0.0, 0.0, 0.0, 0.0, 0.0, 0.0, 0.0, 0.0, 0.0], [0.9877193426548784, 0.0, 0.0, 0.0, 0.0, 0.0, 0.0, 0.0, 0.0, 0.0, 0.0, 0.0, 0.0, 0.0, 0.0, 0.0, 0.0, 0.0, 0.0, 0.0, 0.0, 0.0, 0.0, 0.0, 0.0, 0.0, 0.0], [0.0, 0.9780284501549402, 0.0, 0.0, 0.0, 0.0, 0.0, 0.0, 0.0, 0.0, 0.0, 0.0, 0.0, 0.0, 0.0, 0.0, 0.0, 0.0, 0.0, 0.0, 0.0, 0.0, 0.0, 0.0, 0.0, 0.0, 0.0], [0.0, 0.978036697689263, 0.0, 0.0, 0.0, 0.0, 0.0, 0.0, 0.0, 0.0, 0.0, 0.0, 0.0, 0.0, 0.0, 0.0, 0.0, 0.0, 0.0, 0.0, 0.0, 0.0, 0.0, 0.0, 0.0, 0.0, 0.0], [0.0, 0.0, 0.9772581208049834, 0.0, 0.0, 0.0, 0.0, 0.0, 0.0, 0.0, 0.0, 0.0, 0.0, 0.0, 0.0, 0.0, 0.0, 0.0, 0.0, 0.0, 0.0, 0.0, 0.0, 0.0, 0.0, 0.0, 0.0], [0.0, 0.0, 0.9773418096850458, 0.0, 0.0, 0.0, 0.0, 0.0, 0.0, 0.0, 0.0, 0.0, 0.0, 0.0, 0.0, 0.0, 0.0, 0.0, 0.0, 0.0, 0.0, 0.0, 0.0, 0.0, 0.0, 0.0, 0.0], [0.0, 0.0, 0.0, 0.9754232068113784, 0.0, 0.0, 0.0, 0.0, 0.0, 0.0, 0.0, 0.0, 0.0, 0.0, 0.0, 0.0, 0.0, 0.0, 0.0, 0.0, 0.0, 0.0, 0.0, 0.0, 0.0, 0.0, 0.0], [0.0, 0.0, 0.0, 0.9762267929215374, 0.0, 0.0, 0.0, 0.0, 0.0, 0.0, 0.0, 0.0, 0.0, 0.0, 0.0, 0.0, 0.0, 0.0, 0.0, 0.0, 0.0, 0.0, 0.0, 0.0, 0.0, 0.0, 0.0], [0.0, 0.0, 0.0, 0.0, 0.974058266183673, 0.0, 0.0, 0.0, 0.0, 0.0, 0.0, 0.0, 0.0, 0.0, 0.0, 0.0, 0.0, 0.0, 0.0, 0.0, 0.0, 0.0, 0.0, 0.0, 0.0, 0.0, 0.0], [0.0, 0.0, 0.0, 0.0, 0.9739491841155198, 0.0, 0.0, 0.0, 0.0, 0.0, 0.0, 0.0, 0.0, 0.0, 0.0, 0.0, 0.0, 0.0, 0.0, 0.0, 0.0, 0.0, 0.0, 0.0, 0.0, 0.0, 0.0], [0.0, 0.0, 0.0, 0.0, 0.0, 0.9642064294613032, 0.0, 0.0, 0.0, 0.0, 0.0, 0.0, 0.0, 0.0, 0.0, 0.0, 0.0, 0.0, 0.0, 0.0, 0.0, 0.0, 0.0, 0.0, 0.0, 0.0, 0.0], [0.0, 0.0, 0.0, 0.0, 0.0, 0.0, 0.9032929667309182, 0.0, 0.0, 0.0, 0.0, 0.0, 0.0, 0.0, 0.0, 0.0, 0.0, 0.0, 0.0, 0.0, 0.0, 0.0, 0.0, 0.0, 0.0, 0.0, 0.0], [0.0, 0.0, 0.0, 0.0, 0.0, 0.0, 0.0, 0.9736194268270529, 0.0, 0.0, 0.0, 0.0, 0.0, 0.0, 0.0, 0.0, 0.0, 0.0, 0.0, 0.0, 0.0, 0.0, 0.0, 0.0, 0.0, 0.0, 0.0], [0.0, 0.0, 0.0, 0.0, 0.0, 0.0, 0.0, 0.9751753129808454, 0.0, 0.0, 0.0, 0.0, 0.0, 0.0, 0.0, 0.0, 0.0, 0.0, 0.0, 0.0, 0.0, 0.0, 0.0, 0.0, 0.0, 0.0, 0.0], [0.0, 0.0, 0.0, 0.0, 0.0, 0.0, 0.0, 0.0, 0.9868294081836269, 0.0, 0.0, 0.0, 0.0, 0.0, 0.0, 0.0, 0.0, 0.0, 0.0, 0.0, 0.0, 0.0, 0.0, 0.0, 0.0, 0.0, 0.0], [0.0, 0.0, 0.0, 0.0, 0.0, 0.0, 0.0, 0.0, 0.9856960220444188, 0.0, 0.0, 0.0, 0.0, 0.0, 0.0, 0.0, 0.0, 0.0, 0.0, 0.0, 0.0, 0.0, 0.0, 0.0, 0.0, 0.0, 0.0], [0.0, 0.0, 0.0, 0.0, 0.0, 0.0, 0.0, 0.0, 0.9873704563198792, 0.0, 0.0, 0.0, 0.0, 0.0, 0.0, 0.0, 0.0, 0.0, 0.0, 0.0, 0.0, 0.0, 0.0, 0.0, 0.0, 0.0, 0.0]], "Born radii": [], "Atomic SASAs": [], "Solvent H bonds": [], "Total SASA": NaN, "Total FOD": 0.0, "FOD": [0.0, 0.0, 0.0, 0.0, 0.0, 0.0, 0.0, 0.0, 0.0, 0.0, 0.0, 0.0, 0.0, 0.0, 0.0, 0.0, 0.0, 0.0, 0.0, 0.0, 0.0, 0.0, 0.0, 0.0, 0.0, 0.0, 0.0], "FOD s proportion": [0.0, 0.0, 0.0, 0.0, 0.0, 0.0, 0.0, 0.0, 0.0, 0.0, 0.0, 0.0, 0.0, 0.0, 0.0, 0.0, 0.0, 0.0, 0.0, 0.0, 0.0, 0.0, 0.0, 0.0, 0.0, 0.0, 0.0], "FOD p proportion": [0.0, 0.0, 0.0, 0.0, 0.0, 0.0, 0.0, 0.0, 0.0, 0.0, 0.0, 0.0, 0.0, 0.0, 0.0, 0.0, 0.0, 0.0, 0.0, 0.0, 0.0, 0.0, 0.0, 0.0, 0.0, 0.0, 0.0], "FOD d proportion": [0.0, 0.0, 0.0, 0.0, 0.0, 0.0, 0.0, 0.0, 0.0, 0.0, 0.0, 0.0, 0.0, 0.0, 0.0, 0.0, 0.0, 0.0, 0.0, 0.0, 0.0, 0.0, 0.0, 0.0, 0.0, 0.0, 0.0], "coordinates": [["4.12770", "0.01170", "-0.16510"], ["2.75640", "0.56160", "0.19340"], ["1.64690", "-0.15580", "-0.57520"], ["0.26800", "0.40090", "-0.21150"], ["-0.84190", "-0.32530", "-0.98000"], ["-2.25040", "0.23100", "-0.72450"], ["-2.31410", "1.58740", "-1.16770"], ["-2.71570", "0.20040", "0.73460"], ["-2.74010", "-1.19270", "1.34080"], ["4.33410", "0.13760", "-1.23280"], ["4.90590", "0.53870", "0.39570"], ["4.19820", "-1.05390", "0.07540"], ["2.72990", "1.63470", "-0.02920"], ["2.59490", "0.44980", "1.27190"], ["1.81590", "-0.04430", "-1.65310"], ["1.68010", "-1.22920", "-0.35190"], ["0.11150", "0.28930", "0.86720"], ["0.23800", "1.47350", "-0.43600"], ["-0.62710", "-0.23580", "-2.05290"], ["-0.81570", "-1.39510", "-0.74310"], ["-2.96510", "-0.33680", "-1.33240"], ["-2.06370", "1.60140", "-2.10720"], ["-2.09650", "0.86430", "1.34950"], ["-3.72580", "0.62720", "0.78630"], ["-3.17470", "-1.15770", "2.34500"], ["-1.73240", "-1.60860", "1.43120"], ["-3.34440", "-1.87450", "0.73420"]], "bond_dist": [[0.0, 1.5203210022886613, 2.520041051252935, 3.879550707234022, 5.04723242678599, 6.406339084063534, 6.7070727213889665, 6.904867221026049, 7.133371643900239, 1.0947305878616893, 1.094450035405911, 1.0946752303765717, 2.146262483947385, 2.146247061733574, 2.749854403418479, 2.7505404578009753, 4.156027850002932, 4.16413402041769, 5.121832497261112, 5.17207635287802, 7.196655708035505, 6.680743406238561, 6.462321994453696, 7.934826051023426, 7.809810761471753, 6.286041503999158, 7.758786589409453], [1.5203210022886613, 0.0, 1.5285283674174974, 2.5262428743095944, 3.8873155338871066, 5.100968830526217, 5.349283045418329, 5.510647991842702, 5.882653100430112, 2.1686308422596965, 2.1591201796102037, 2.1685367163135605, 1.0962648493863152, 1.0962407308616116, 2.15898525006541, 2.1593374956222107, 2.742927221054179, 2.7513713907795148, 4.138814165917576, 4.1791871877196405, 5.989219519269603, 5.4412598182773815, 4.9978828427645245, 6.509589127587087, 6.539367114637319, 5.137240730197487, 6.591419307706042], [2.520041051252935, 1.5285283674174974, 0.0, 1.5308683124292566, 2.527195823437511, 3.9192922856046346, 4.367988494719279, 4.568887527615448, 4.898161554093536, 2.78200739754588, 3.470743156731711, 2.7819050415138182, 2.162613060628276, 2.162691325640347, 1.0967505003418052, 1.0968831706248392, 2.1531569682677576, 2.1584703704243893, 2.713129796010504, 2.761965542869788, 4.677248853760082, 4.382160220713067, 4.331064264127236, 5.597559873730695, 5.725312062237307, 4.189980583487231, 5.438890855680044], [3.879550707234022, 2.5262428743095944, 1.5308683124292566, 0.0, 1.5329177081630965, 2.5757277748240397, 2.9982229903727973, 3.1365221424373844, 3.741371654888084, 4.200660637328372, 4.679508210271673, 4.200622178915881, 2.7597911768827728, 2.7599511553648917, 2.1615753537640088, 2.1612414441704564, 1.0956917906053691, 1.0962531687525467, 2.1441419869029197, 2.1639362860306215, 3.500507636043664, 3.236001178924383, 2.870944236658037, 4.122772728395297, 4.562577067842252, 3.276912220368437, 4.3727825706293695], [5.04723242678599, 3.8873155338871066, 2.527195823437511, 1.5329177081630965, 0.0, 1.5357806451443514, 2.420955476666186, 2.593711643571814, 3.121163026821893, 5.202803114668092, 5.972960014096863, 5.200705253136348, 4.183703608048734, 4.181318913931345, 2.756070654029029, 2.751731967325306, 2.1676836854116885, 2.1674412218097174, 1.0978450254931251, 1.0960292377487018, 2.152276991932033, 2.544709800743495, 2.900989412252309, 3.513395956905512, 4.146139240305371, 2.8729313566460304, 3.4060253272693086], [6.406339084063534, 5.100968830526217, 3.9192922856046346, 2.5757277748240397, 1.5357806451443514, 0.0, 1.4283924145696096, 1.5318006593548654, 2.555815304359844, 6.604750767440056, 7.24997634616831, 6.623839519493207, 5.220843214462583, 5.245037510828688, 4.1800578632358665, 4.209494631187929, 2.8487680477708253, 2.7962784303427295, 2.148872190243059, 2.1686196669771305, 1.0966929105269168, 1.9556871784618317, 2.1739894433966325, 2.1485567807251456, 3.493515196760993, 2.8808843520696903, 2.7852777132630777], [6.7070727213889665, 5.349283045418329, 4.367988494719279, 2.9982229903727973, 2.420955476666186, 1.4283924145696096, 0.0, 2.3882623076203333, 3.7686873391142437, 6.804757254303786, 7.461393385286692, 7.136652898242985, 5.171107767200371, 5.598576865597185, 4.467097273398017, 4.955037723368006, 3.421902538062707, 2.657361945614485, 2.6369691465771834, 3.3646387577271946, 2.0380070485648476, 0.9723972490705639, 2.6280257247599383, 2.5948019057338465, 4.540403909345511, 4.16017693133357, 4.082094230906484], [6.904867221026049, 5.510647991842702, 4.568887527615448, 3.1365221424373844, 2.593711643571814, 1.5318006593548654, 2.3882623076203333, 0.0, 1.5194740570342096, 7.319445787762896, 7.636627963964199, 7.057607692412493, 5.682883624534292, 5.343534786075599, 5.128000384165352, 4.748399314505889, 2.831703693891718, 3.4227812755126497, 3.510367024970466, 2.887770340591509, 2.1501798064348017, 3.234769271524632, 1.0964824941603035, 1.0977855619382137, 2.15603913925513, 2.173617135099924, 2.1680576237729476], [7.133371643900239, 5.882653100430112, 4.898161554093536, 3.741371654888084, 3.121163026821893, 2.555815304359844, 3.7686873391142437, 1.5194740570342096, 0.0, 7.644437238279872, 7.896345735211953, 7.054112948486153, 6.308089311352528, 5.58254229361498, 5.571301084127477, 4.7333638757230565, 3.2484216967629065, 4.374325123947693, 4.110672244292896, 2.843751101977808, 2.8158813984257223, 4.489233316502942, 2.155352790148286, 2.1426877397325073, 1.0947692907640407, 1.0938940807957596, 1.0945287981592808], [1.0947305878616893, 2.1686308422596965, 2.78200739754588, 4.200660637328372, 5.202803114668092, 6.604750767440056, 6.804757254303786, 7.319445787762896, 7.644437238279872, 0.0, 1.77196182238783, 1.7746910435340568, 2.502682362985763, 3.065258157154141, 2.559505995304563, 3.1125300078874742, 4.7184068974602, 4.38150137053499, 5.042370177803292, 5.395314209571116, 7.315278269485038, 6.62111249262539, 6.9677099925298265, 8.323368367433945, 8.417869823773708, 6.8518999328653365, 8.177835756482274], [1.094450035405911, 2.1591201796102037, 3.470743156731711, 4.679508210271673, 5.972960014096863, 7.24997634616831, 7.461393385286692, 7.636627963964199, 7.896345735211953, 1.77196182238783, 0.0, 1.7719498130590494, 2.4732027838412276, 2.473125684230383, 3.7530747980822334, 3.753686429365138, 4.823980096351973, 4.8326872793509, 6.099965672854233, 6.145986856477973, 8.105891120660331, 7.481254163574447, 7.074556916160898, 8.64098637309422, 8.483727942950551, 7.053381063716889, 8.602648811848592], [1.0946752303765717, 2.1685367163135605, 2.7819050415138182, 4.200622178915881, 5.200705253136348, 6.623839519493207, 7.136652898242985, 7.057607692412493, 7.054112948486153, 1.7746910435340568, 1.7719498130590494, 0.0, 3.065194285848778, 2.5026579530571094, 3.1116487108926676, 2.5601060505377506, 4.374042794715205, 4.725723728700188, 5.33689690644292, 5.091714141622641, 7.335461821862342, 7.143231233832488, 6.702691260978682, 8.131497526286285, 7.71501866556394, 6.108838031082508, 7.615656016391497], [2.146262483947385, 1.0962648493863152, 2.162613060628276, 2.7597911768827728, 4.183703608048734, 5.220843214462583, 5.171107767200371, 5.682883624534292, 6.308089311352528, 2.502682362985763, 2.4732027838412276, 3.065194285848778, 0.0, 1.7649572856021192, 2.508283917342692, 3.0672689057205273, 3.077280078250922, 2.530027132265581, 4.34322241429103, 4.718116214126142, 6.165887404907747, 5.224729069530783, 5.0782346154938525, 6.584539390876175, 6.9497211857742895, 5.706477402040596, 7.056513635641895], [2.146247061733574, 1.0962407308616116, 2.162691325640347, 2.7599511553648917, 4.181318913931345, 5.245037510828688, 5.598576865597185, 5.343534786075599, 5.58254229361498, 3.065258157154141, 2.473125684230383, 2.5026579530571094, 1.7649572856021192, 0.0, 3.0670182278558435, 2.5085108092252666, 2.521273071287599, 3.085427314003686, 4.680344688161333, 4.369905418884944, 6.18988837136826, 5.869161211791682, 4.710314848287744, 6.341807834521636, 6.084725467923759, 4.794571132020048, 6.4005293742002305], [2.749854403418479, 2.15898525006541, 1.0967505003418052, 2.1615753537640088, 2.756070654029029, 4.1800578632358665, 4.467097273398017, 5.128000384165352, 5.571301084127477, 2.559505995304563, 3.7530747980822334, 3.1116487108926676, 2.508283917342692, 3.0670182278558435, 0.0, 1.7650923743532518, 3.0607483415008163, 2.50495861442859, 2.482893733126732, 3.094847201397833, 4.80066305212103, 4.238611973276157, 5.014781598434771, 6.091963845920296, 6.490805152675591, 4.954833384686109, 5.973067002805174], [2.7505404578009753, 2.1593374956222107, 1.0968831706248392, 2.1612414441704564, 2.751731967325306, 4.209494631187929, 4.955037723368006, 4.748399314505889, 4.7333638757230565, 3.1125300078874742, 3.753686429365138, 2.5601060505377506, 3.0672689057205273, 2.5085108092252666, 1.7650923743532518, 0.0, 2.5005105518673583, 3.06452484245111, 3.0337133022090272, 2.5317144171489803, 4.830697780859407, 5.010929343944095, 4.641143368826263, 5.827990649443425, 5.55404941461633, 3.868920549714093, 5.18089042057444], [4.156027850002932, 2.742927221054179, 2.1531569682677576, 1.0956917906053691, 2.1676836854116885, 2.8487680477708253, 3.421902538062707, 2.831703693891718, 3.2484216967629065, 4.7184068974602, 4.823980096351973, 4.374042794715205, 3.077280078250922, 2.521273071287599, 3.0607483415008163, 2.5005105518673583, 0.0, 1.7654070720374946, 3.057489816826869, 2.507981118349977, 3.833498262683838, 3.9115414877002137, 2.332059666903915, 3.852997860108412, 3.8828871062651307, 2.7055660442872207, 4.0795789304779975], [4.16413402041769, 2.7513713907795148, 2.1584703704243893, 1.0962531687525467, 2.1674412218097174, 2.7962784303427295, 2.657361945614485, 3.4227812755126497, 4.374325123947693, 4.38150137053499, 4.8326872793509, 4.725723728700188, 2.530027132265581, 3.085427314003686, 2.50495861442859, 3.06452484245111, 1.7654070720374946, 0.0, 2.5068845426145976, 3.0713938301689674, 3.7868943291304022, 2.8472953376845194, 3.001503813091031, 4.233432581251295, 5.128712872641634, 4.107097808672202, 5.041037770142176], [5.121832497261112, 4.138814165917576, 2.713129796010504, 2.1441419869029197, 1.0978450254931251, 2.148872190243059, 2.6369691465771834, 3.510367024970466, 4.110672244292896, 5.042370177803292, 6.099965672854233, 5.33689690644292, 4.34322241429103, 4.680344688161333, 2.482893733126732, 3.0337133022090272, 3.057489816826869, 2.5068845426145976, 0.0, 1.7592960211402742, 2.448584335896969, 2.3328248734099177, 3.8659645795066466, 4.290427406447987, 5.165432196825353, 3.9045128684638755, 4.223385299732905], [5.17207635287802, 4.1791871877196405, 2.761965542869788, 2.1639362860306215, 1.0960292377487018, 2.1686196669771305, 3.3646387577271946, 2.887770340591509, 2.843751101977808, 5.395314209571116, 6.145986856477973, 5.091714141622641, 4.718116214126142, 4.369905418884944, 3.094847201397833, 2.5317144171489803, 2.507981118349977, 3.0713938301689674, 1.7592960211402742, 0.0, 2.4672238933667936, 3.520977855653171, 3.3353128428979493, 3.8597206712403427, 3.893276431233724, 2.3692829358267873, 2.9675854393765984], [7.196655708035505, 5.989219519269603, 4.677248853760082, 3.500507636043664, 2.152276991932033, 1.0966929105269168, 2.0380070485648476, 2.1501798064348017, 2.8158813984257223, 7.315278269485038, 8.105891120660331, 7.335461821862342, 6.165887404907747, 6.18988837136826, 4.80066305212103, 4.830697780859407, 3.833498262683838, 3.7868943291304022, 2.448584335896969, 2.4672238933667936, 0.0, 2.2736438243489236, 3.0642608864129044, 2.448846704062955, 3.7737355140497066, 3.282454796337644, 2.6036945558187123], [6.680743406238561, 5.4412598182773815, 4.382160220713067, 3.236001178924383, 2.544709800743495, 1.9556871784618317, 0.9723972490705639, 3.234769271524632, 4.489233316502942, 6.62111249262539, 7.481254163574447, 7.143231233832488, 5.224729069530783, 5.869161211791682, 4.238611973276157, 5.010929343944095, 3.9115414877002137, 2.8472953376845194, 2.3328248734099177, 3.520977855653171, 2.2736438243489236, 0.0, 3.5345674615149165, 3.476202568896123, 5.3543476400024685, 4.788959620836241, 4.66857871948198], [6.462321994453696, 4.9978828427645245, 4.331064264127236, 2.870944236658037, 2.900989412252309, 2.1739894433966325, 2.6280257247599383, 1.0964824941603035, 2.155352790148286, 6.9677099925298265, 7.074556916160898, 6.702691260978682, 5.0782346154938525, 4.710314848287744, 5.014781598434771, 4.641143368826263, 2.332059666903915, 3.001503813091031, 3.8659645795066466, 3.3353128428979493, 3.0642608864129044, 3.5345674615149165, 0.0, 1.7401233117224768, 2.4984033881661305, 2.500895461629694, 3.0719495340906886], [7.934826051023426, 6.509589127587087, 5.597559873730695, 4.122772728395297, 3.513395956905512, 2.1485567807251456, 2.5948019057338465, 1.0977855619382137, 2.1426877397325073, 8.323368367433945, 8.64098637309422, 8.131497526286285, 6.584539390876175, 6.341807834521636, 6.091963845920296, 5.827990649443425, 3.852997860108412, 4.233432581251295, 4.290427406447987, 3.8597206712403427, 2.448846704062955, 3.476202568896123, 1.7401233117224768, 0.0, 2.4329251755859653, 3.0640400144253994, 2.5311426787125217], [7.809810761471753, 6.539367114637319, 5.725312062237307, 4.562577067842252, 4.146139240305371, 3.493515196760993, 4.540403909345511, 2.15603913925513, 1.0947692907640407, 8.417869823773708, 8.483727942950551, 7.71501866556394, 6.9497211857742895, 6.084725467923759, 6.490805152675591, 5.55404941461633, 3.8828871062651307, 5.128712872641634, 5.165432196825353, 3.893276431233724, 3.7737355140497066, 5.3543476400024685, 2.4984033881661305, 2.4329251755859653, 0.0, 1.765947490725588, 1.7712360006503935], [6.286041503999158, 5.137240730197487, 4.189980583487231, 3.276912220368437, 2.8729313566460304, 2.8808843520696903, 4.16017693133357, 2.173617135099924, 1.0938940807957596, 6.8518999328653365, 7.053381063716889, 6.108838031082508, 5.706477402040596, 4.794571132020048, 4.954833384686109, 3.868920549714093, 2.7055660442872207, 4.107097808672202, 3.9045128684638755, 2.3692829358267873, 3.282454796337644, 4.788959620836241, 2.500895461629694, 3.0640400144253994, 1.765947490725588, 0.0, 1.7762476769865174], [7.758786589409453, 6.591419307706042, 5.438890855680044, 4.3727825706293695, 3.4060253272693086, 2.7852777132630777, 4.082094230906484, 2.1680576237729476, 1.0945287981592808, 8.177835756482274, 8.602648811848592, 7.615656016391497, 7.056513635641895, 6.4005293742002305, 5.973067002805174, 5.18089042057444, 4.0795789304779975, 5.041037770142176, 4.223385299732905, 2.9675854393765984, 2.6036945558187123, 4.66857871948198, 3.0719495340906886, 2.5311426787125217, 1.7712360006503935, 1.7762476769865174, 0.0]]}