{"total energy": -54.42605853, "HOMO-LUMO gap/eV": 1.22778729, "electronic energy": -54.93804522, "dipole": [0.50061174, -0.10299262, 0.70818755], "partial charges": [0.04159434, -0.28171606, 0.52350299, -0.38821549, -0.26429521, 0.03742958, -0.24257295, 0.16015301, -0.05397529, -0.02201926, -0.00137527, 0.53064936, -0.37428192, -0.37579308, 0.03790547, -0.11605369, -0.05530117, 0.07045937, 0.07231297, 0.05189874, 0.07493952, 0.06965204, 0.06030891, 0.07912709, 0.07947307, 0.06682558, 0.08501249, 0.05886717, 0.0754877], "atomic dipole moments": [[0.00275353, 0.28048293, -0.09546931], [-0.03667982, -0.15824199, -0.10639045], [-0.17684914, 0.10086007, 0.21149485], [-0.32547781, 0.19819179, 0.25136475], [0.1700877, -0.06404106, 0.04653962], [-0.2517871, -0.15716006, -0.07241078], [0.01524206, 0.09382618, 0.12760675], [0.27459311, -0.08282888, -0.14668112], [-0.01311034, -0.02720572, -0.04443469], [-0.01561105, -0.02261147, -0.02315654], [-0.1422121, 0.04098481, 0.07750487], [-0.06807112, 0.02614056, 0.0447999], [0.16721611, 0.18333067, -0.05452491], [0.01320523, -0.24503899, -0.05860938], [-0.04597221, 0.00575839, -0.00899614], [0.09107325, 0.03262316, 0.04602886], [0.03961541, 0.02709377, 0.03507962], [0.11076123, -0.05056788, -0.03219669], [-0.01774958, -0.01115103, 0.12412902], [-0.09848501, -0.04570901, -0.06238076], [-0.02212477, 0.12029596, 0.02957119], [0.0742806, -0.00569234, -0.10147332], [0.04204625, -0.06382869, 0.10013127], [0.13318922, 0.0565752, 0.06487775], [0.01492907, 0.09392229, 0.12771783], [-0.08922067, 0.09985997, -0.01484256], [-0.05017163, -0.10600912, 0.07180563], [0.01090921, -0.04081248, -0.12287316], [-0.00271354, -0.09250011, -0.12744559]], "atomic quadrupole moments": [[-0.30452135, 0.04282444, 0.5009736, -0.00629426, -0.24262247, -0.19645225], [-0.11629034, 0.00095739, 0.09439545, 0.01466659, -0.05404238, 0.02189488], [0.09715014, 0.55144112, 0.29914306, 0.56286017, -0.54288798, -0.3962932], [0.10597626, -0.26997916, -0.19258996, -0.43716019, 0.2868, 0.0866137], [0.06017619, 0.06054944, 0.04591152, 0.03823773, 0.03020006, -0.10608771], [0.31590023, 0.35434737, -0.06192549, 0.18889915, 0.11222305, -0.25397473], [0.08986362, -0.0052632, -0.06076164, -0.0069709, 0.02618127, -0.02910198], [-0.0037849, -0.20218735, 0.08264079, -0.24760731, -0.30304753, -0.07885589], [-0.23569054, -0.05250198, 0.23291714, -0.00615184, -0.34825527, 0.0027734], [-0.24524789, -0.030129, 0.27533498, 0.01200094, -0.40406966, -0.03008709], [-0.04372377, -0.13461121, 0.14105525, -0.19031893, -0.26421897, -0.09733147], [-0.07600458, 0.01724641, -0.06867473, 0.21110739, -0.06048863, 0.14467931], [-0.01442617, 0.10852639, -0.04973523, 0.10781357, -0.10020385, 0.06416139], [-0.13345256, -0.04590715, 0.07175241, 0.14579752, 0.0073538, 0.06170015], [-0.18406682, 0.03276711, 0.24410938, 0.08762591, -0.35864492, -0.06004256], [0.16096825, 0.07750265, -0.09697184, 0.07940267, 0.06418393, -0.0639964], [-0.18054622, -0.00922535, 0.20646849, 0.03998957, -0.35367401, -0.02592227], [0.03130058, -0.03215129, 0.010386, -0.03236512, -0.00838256, -0.04168658], [-0.05458953, -0.00246409, -0.01878872, -0.01744346, 0.00292392, 0.07337824], [0.00721988, 0.03152668, 0.01147044, 0.04614744, -0.00561211, -0.01869031], [-0.01086116, -0.02750508, 0.06134855, -0.00296447, 0.02693357, -0.05048739], [0.01664487, 0.02079458, -0.04029821, -0.03902726, 0.01954416, 0.02365334], [-0.00756002, 0.01446475, -0.00300088, 0.04189114, -0.03642875, 0.0105609], [0.04110692, -0.00853569, -0.03479552, -0.02113705, 0.03580166, -0.0063114], [0.03652847, -0.00075484, -0.03407056, -0.01320914, 0.0360344, -0.00245792], [0.00659549, -0.05693942, 0.0316314, 0.00284276, 0.02113013, -0.03822689], [-0.0275006, 0.02929458, 0.01471332, -0.02032566, -0.04696112, 0.01278728], [-0.01547888, -0.00704496, -0.04021617, -0.02745432, 0.04378019, 0.05569506], [0.03035179, 0.00175498, -0.02930686, -0.00267916, 0.03873544, -0.00104493]], "number of molecular orbitals": 90, "number of electrons": 94, "number of unpaired electrons": 0, "orbital energies/eV": [-21.11117022, -21.03201964, -20.6698098, -20.52374917, -20.42214219, -19.52009702, -19.37399002, -18.89700029, -18.80045874, -18.39894146, -18.26765578, -18.16216476, -17.71352959, -17.38060117, -17.26393732, -17.08456418, -16.85306709, -16.74291926, -16.64769516, -16.26761768, -16.15848016, -15.98447799, -15.90737941, -15.81994858, -15.53668008, -15.45490592, -15.44060185, -14.56868379, -14.41353753, -14.38490739, -14.15353861, -14.02921909, -13.92833041, -13.61867946, -13.43870894, -13.39349399, -13.24299007, -12.96811482, -12.94741461, -12.74749369, -12.61421097, -12.49242775, -12.10339444, -12.04791674, -11.92223388, -10.3250329, -10.23118361, -9.00339633, -7.46526793, -7.1628298, -5.16836045, -4.33490743, -4.22246347, -3.50444459, -1.87387687, -1.33794518, -0.01939222, 0.52618319, 0.58720855, 0.96992897, 1.55895732, 1.74508527, 2.52244802, 2.69026822, 2.91291844, 3.0038804, 3.32560545, 3.34637426, 3.50378275, 4.11292927, 4.25566591, 4.44208949, 4.62629922, 4.64421184, 4.79864746, 5.08781452, 5.45486161, 6.22386454, 8.26742618, 8.36672163, 9.23454517, 10.3064658, 10.48156088, 11.19933234, 11.45760833, 15.02187621, 15.97307811, 26.12294187, 28.36225815, 36.22815869], "fractional occupation": [2.0, 2.0, 2.0, 2.0, 2.0, 2.0, 2.0, 2.0, 2.0, 2.0, 2.0, 2.0, 2.0, 2.0, 2.0, 2.0, 2.0, 2.0, 2.0, 2.0, 2.0, 2.0, 2.0, 2.0, 2.0, 2.0, 2.0, 2.0, 2.0, 2.0, 2.0, 2.0, 2.0, 2.0, 2.0, 2.0, 2.0, 2.0, 2.0, 2.0, 2.0, 2.0, 2.0, 2.0, 2.0, 2.0, 2.0, 0.0, 0.0, 0.0, 0.0, 0.0, 0.0, 0.0, 0.0, 0.0, 0.0, 0.0, 0.0, 0.0, 0.0, 0.0, 0.0, 0.0, 0.0, 0.0, 0.0, 0.0, 0.0, 0.0, 0.0, 0.0, 0.0, 0.0, 0.0, 0.0, 0.0, 0.0, 0.0, 0.0, 0.0, 0.0, 0.0, 0.0, 0.0, 0.0, 0.0, 0.0, 0.0, 0.0], "program call": "xtb /home/svss/Project-DBcg-Debug/aqme2_20220329/End-to-End-workflows-final/example-3/QDESCP/mol_275_rdkit_conf_12/mol_275_rdkit_conf_12.xyz --pop --wbo --acc 0.2 --gfn 2 --chrg 0 --uhf 0 --etemp 300 --input /home/svss/Project-DBcg-Debug/aqme2_20220329/End-to-End-workflows-final/example-3/QDESCP/mol_275_rdkit_conf_12/mol_275_rdkit_conf_12_xtb.inp", "method": "GFN2-xTB", "xtb version": "6.3.3 (7355c4f)", "Dipole module/D": 2.22, "Total charge": 0, "Transition dipole module/D": NaN, "HOMO": -10.2312, "LUMO": -9.0034, "HOMO occupancy": 2.0, "LUMO occupancy": 0, "mulliken charges": [0.17684, -0.37262, 0.44401, -0.17494, -0.35362, 0.17812, -0.32814, 0.27822, -0.06147, -0.0113, 0.01734, 0.67816, -0.46921, -0.46631, 0.03252, -0.0833, -0.07337, 0.03591, 0.03761, 0.03644, 0.0384, 0.03545, 0.03974, 0.07473, 0.0664, 0.05757, 0.06409, 0.04102, 0.06168], "cm5 charges": [0.06162, -0.44167, 0.40491, -0.1437, -0.41985, 0.06299, -0.37276, 0.30039, -0.10973, -0.05712, 0.07293, 0.5143, -0.43156, -0.4269, 0.02363, -0.224, -0.12034, 0.09664, 0.09714, 0.10028, 0.09789, 0.09631, 0.10348, 0.14128, 0.12735, 0.11339, 0.11877, 0.09307, 0.12124], "FUKUI+": [0.01, 0.003, -0.032, -0.061, 0.007, 0.01, -0.018, -0.06, -0.02, -0.026, -0.017, -0.12, -0.163, -0.163, -0.034, 0.025, -0.019, -0.018, -0.01, 0.003, -0.012, -0.014, -0.009, -0.059, -0.047, -0.023, -0.033, -0.044, -0.059], "FUKUI-": [0.023, 0.0, -0.151, -0.395, 0.001, 0.023, 0.009, -0.004, -0.012, -0.01, -0.019, -0.018, -0.058, -0.064, -0.02, 0.012, -0.01, -0.014, -0.036, -0.012, -0.036, -0.013, -0.017, -0.02, -0.031, -0.032, -0.042, -0.031, -0.026], "FUKUIrad": [0.017, 0.002, -0.091, -0.228, 0.004, 0.017, -0.004, -0.032, -0.016, -0.018, -0.018, -0.069, -0.11, -0.113, -0.027, 0.018, -0.015, -0.016, -0.023, -0.004, -0.024, -0.013, -0.013, -0.039, -0.039, -0.028, -0.038, -0.037, -0.042], "s proportion": [0.973, 1.648, 1.431, 1.889, 1.647, 0.973, 1.635, 1.022, 1.064, 1.068, 1.068, 1.331, 1.747, 1.748, 1.092, 1.009, 1.067, 0.964, 0.962, 0.964, 0.962, 0.965, 0.96, 0.925, 0.934, 0.942, 0.936, 0.959, 0.938], "p proportion": [2.85, 4.725, 1.93, 4.301, 4.707, 2.849, 4.693, 2.7, 2.997, 2.943, 2.915, 2.99, 4.722, 4.719, 2.876, 3.074, 3.006, 0.0, 0.0, 0.0, 0.0, 0.0, 0.0, 0.0, 0.0, 0.0, 0.0, 0.0, 0.0], "d proportion": [0.0, 0.0, 1.195, -0.014, 0.0, 0.0, 0.0, 0.0, 0.0, 0.0, 0.0, 0.0, 0.0, 0.0, 0.0, 0.0, 0.0, 0.0, 0.0, 0.0, 0.0, 0.0, 0.0, 0.0, 0.0, 0.0, 0.0, 0.0, 0.0], "Fermi-level/eV": -9.617, "Coordination numbers": [3.875, 1.657, 4.017, 0.924, 1.657, 3.875, 1.663, 2.998, 2.912, 2.91, 2.903, 2.756, 0.926, 0.926, 2.955, 3.753, 2.919, 0.924, 0.924, 0.924, 0.924, 0.924, 0.924, 0.925, 0.925, 0.924, 0.924, 0.924, 0.925], "Dispersion coefficient C6": [19.831, 18.693, 139.026, 156.07, 18.397, 19.9, 18.033, 24.53, 29.34, 28.555, 28.061, 13.689, 21.142, 21.171, 27.15, 22.78, 29.374, 2.081, 2.06, 2.296, 2.032, 2.089, 2.195, 1.988, 1.984, 2.121, 1.928, 2.212, 2.026], "Total dispersion C6": 12582.82188, "Total dispersion C8": 351429.019392, "Polarizability alpha": [6.332, 5.836, 21.181, 21.13, 5.79, 6.343, 5.733, 8.124, 8.882, 8.762, 8.686, 5.495, 6.166, 6.171, 8.546, 6.806, 8.888, 2.256, 2.245, 2.37, 2.229, 2.26, 2.317, 2.205, 2.203, 2.277, 2.172, 2.326, 2.226], "Total polarizability alpha": 175.957818, "Wiberg matrix": [[0.0, 0.9417933509857379, 0.0, 0.0, 0.0, 0.0, 0.0, 0.0, 0.0, 0.0, 0.0, 0.0, 0.0, 0.0, 0.0, 0.0, 0.0, 0.978887560086768, 0.9770228598910574, 0.9783934070811967, 0.0, 0.0, 0.0, 0.0, 0.0, 0.0, 0.0, 0.0, 0.0], [0.9417933509857379, 0.0, 1.1883210773173218, 0.0, 0.0, 0.0, 0.0, 0.0, 0.0, 0.0, 0.0, 0.0, 0.0, 0.0, 0.0, 0.0, 0.0, 0.0, 0.0, 0.0, 0.0, 0.0, 0.0, 0.0, 0.0, 0.0, 0.0, 0.0, 0.0], [0.0, 1.1883210773173218, 0.0, 1.606859817830887, 1.2258051400097012, 0.0, 1.1869590589309296, 0.0, 0.0, 0.0, 0.0, 0.0, 0.0, 0.0, 0.0, 0.0, 0.0, 0.0, 0.0, 0.0, 0.0, 0.0, 0.0, 0.0, 0.0, 0.0, 0.0, 0.0, 0.0], [0.0, 0.0, 1.606859817830887, 0.0, 0.0, 0.0, 0.0, 0.0, 0.0, 0.0, 0.0, 0.0, 0.0, 0.0, 0.0, 0.0, 0.0, 0.0, 0.0, 0.0, 0.0, 0.0, 0.0, 0.0, 0.0, 0.0, 0.0, 0.0, 0.0], [0.0, 0.0, 1.2258051400097012, 0.0, 0.0, 0.9391171629327297, 0.0, 0.0, 0.0, 0.0, 0.0, 0.0, 0.0, 0.0, 0.0, 0.0, 0.0, 0.0, 0.0, 0.0, 0.0, 0.0, 0.0, 0.0, 0.0, 0.0, 0.0, 0.0, 0.0], [0.0, 0.0, 0.0, 0.0, 0.9391171629327297, 0.0, 0.0, 0.0, 0.0, 0.0, 0.0, 0.0, 0.0, 0.0, 0.0, 0.0, 0.0, 0.0, 0.0, 0.0, 0.9765317740538555, 0.9786456106161939, 0.979929755853839, 0.0, 0.0, 0.0, 0.0, 0.0, 0.0], [0.0, 0.0, 1.1869590589309296, 0.0, 0.0, 0.0, 0.0, 0.9884613526788044, 0.0, 0.0, 0.0, 0.0, 0.0, 0.0, 0.0, 0.0, 0.0, 0.0, 0.0, 0.0, 0.0, 0.0, 0.0, 0.0, 0.0, 0.0, 0.0, 0.0, 0.0], [0.0, 0.0, 0.0, 0.0, 0.0, 0.0, 0.9884613526788044, 0.0, 1.3789869622695383, 0.0, 0.0, 0.0, 0.0, 0.0, 0.0, 0.0, 1.3718860956565817, 0.0, 0.0, 0.0, 0.0, 0.0, 0.0, 0.0, 0.0, 0.0, 0.0, 0.0, 0.0], [0.0, 0.0, 0.0, 0.0, 0.0, 0.0, 0.0, 1.3789869622695383, 0.0, 1.446663154809919, 0.0, 0.0, 0.0, 0.0, 0.0, 0.0, 0.0, 0.0, 0.0, 0.0, 0.0, 0.0, 0.0, 0.954710259925583, 0.0, 0.0, 0.0, 0.0, 0.0], [0.0, 0.0, 0.0, 0.0, 0.0, 0.0, 0.0, 0.0, 1.446663154809919, 0.0, 1.388149155118238, 0.0, 0.0, 0.0, 0.0, 0.0, 0.10688176348773647, 0.0, 0.0, 0.0, 0.0, 0.0, 0.0, 0.0, 0.9637549114932606, 0.0, 0.0, 0.0, 0.0], [0.0, 0.0, 0.0, 0.0, 0.0, 0.0, 0.0, 0.0, 0.0, 1.388149155118238, 0.0, 0.950716510277672, 0.0, 0.0, 1.3505011834328708, 0.0, 0.0, 0.0, 0.0, 0.0, 0.0, 0.0, 0.0, 0.0, 0.0, 0.0, 0.0, 0.0, 0.0], [0.0, 0.0, 0.0, 0.0, 0.0, 0.0, 0.0, 0.0, 0.0, 0.0, 0.950716510277672, 0.0, 1.4536430673503733, 1.45445450886776, 0.0, 0.0, 0.0, 0.0, 0.0, 0.0, 0.0, 0.0, 0.0, 0.0, 0.0, 0.0, 0.0, 0.0, 0.0], [0.0, 0.0, 0.0, 0.0, 0.0, 0.0, 0.0, 0.0, 0.0, 0.0, 0.0, 1.4536430673503733, 0.0, 0.3774572570026171, 0.0, 0.0, 0.0, 0.0, 0.0, 0.0, 0.0, 0.0, 0.0, 0.0, 0.0, 0.0, 0.0, 0.0, 0.0], [0.0, 0.0, 0.0, 0.0, 0.0, 0.0, 0.0, 0.0, 0.0, 0.0, 0.0, 1.45445450886776, 0.3774572570026171, 0.0, 0.0, 0.0, 0.0, 0.0, 0.0, 0.0, 0.0, 0.0, 0.0, 0.0, 0.0, 0.0, 0.0, 0.0, 0.0], [0.0, 0.0, 0.0, 0.0, 0.0, 0.0, 0.0, 0.0, 0.0, 0.0, 1.3505011834328708, 0.0, 0.0, 0.0, 0.0, 1.0340500622096158, 1.4170958488770837, 0.0, 0.0, 0.0, 0.0, 0.0, 0.0, 0.0, 0.0, 0.0, 0.0, 0.0, 0.0], [0.0, 0.0, 0.0, 0.0, 0.0, 0.0, 0.0, 0.0, 0.0, 0.0, 0.0, 0.0, 0.0, 0.0, 1.0340500622096158, 0.0, 0.0, 0.0, 0.0, 0.0, 0.0, 0.0, 0.0, 0.0, 0.0, 0.9712103928981637, 0.9567985574810743, 0.981158400537038, 0.0], [0.0, 0.0, 0.0, 0.0, 0.0, 0.0, 0.0, 1.3718860956565817, 0.0, 0.10688176348773647, 0.0, 0.0, 0.0, 0.0, 1.4170958488770837, 0.0, 0.0, 0.0, 0.0, 0.0, 0.0, 0.0, 0.0, 0.0, 0.0, 0.0, 0.0, 0.0, 0.9621086951477547], [0.978887560086768, 0.0, 0.0, 0.0, 0.0, 0.0, 0.0, 0.0, 0.0, 0.0, 0.0, 0.0, 0.0, 0.0, 0.0, 0.0, 0.0, 0.0, 0.0, 0.0, 0.0, 0.0, 0.0, 0.0, 0.0, 0.0, 0.0, 0.0, 0.0], [0.9770228598910574, 0.0, 0.0, 0.0, 0.0, 0.0, 0.0, 0.0, 0.0, 0.0, 0.0, 0.0, 0.0, 0.0, 0.0, 0.0, 0.0, 0.0, 0.0, 0.0, 0.0, 0.0, 0.0, 0.0, 0.0, 0.0, 0.0, 0.0, 0.0], [0.9783934070811967, 0.0, 0.0, 0.0, 0.0, 0.0, 0.0, 0.0, 0.0, 0.0, 0.0, 0.0, 0.0, 0.0, 0.0, 0.0, 0.0, 0.0, 0.0, 0.0, 0.0, 0.0, 0.0, 0.0, 0.0, 0.0, 0.0, 0.0, 0.0], [0.0, 0.0, 0.0, 0.0, 0.0, 0.9765317740538555, 0.0, 0.0, 0.0, 0.0, 0.0, 0.0, 0.0, 0.0, 0.0, 0.0, 0.0, 0.0, 0.0, 0.0, 0.0, 0.0, 0.0, 0.0, 0.0, 0.0, 0.0, 0.0, 0.0], [0.0, 0.0, 0.0, 0.0, 0.0, 0.9786456106161939, 0.0, 0.0, 0.0, 0.0, 0.0, 0.0, 0.0, 0.0, 0.0, 0.0, 0.0, 0.0, 0.0, 0.0, 0.0, 0.0, 0.0, 0.0, 0.0, 0.0, 0.0, 0.0, 0.0], [0.0, 0.0, 0.0, 0.0, 0.0, 0.979929755853839, 0.0, 0.0, 0.0, 0.0, 0.0, 0.0, 0.0, 0.0, 0.0, 0.0, 0.0, 0.0, 0.0, 0.0, 0.0, 0.0, 0.0, 0.0, 0.0, 0.0, 0.0, 0.0, 0.0], [0.0, 0.0, 0.0, 0.0, 0.0, 0.0, 0.0, 0.0, 0.954710259925583, 0.0, 0.0, 0.0, 0.0, 0.0, 0.0, 0.0, 0.0, 0.0, 0.0, 0.0, 0.0, 0.0, 0.0, 0.0, 0.0, 0.0, 0.0, 0.0, 0.0], [0.0, 0.0, 0.0, 0.0, 0.0, 0.0, 0.0, 0.0, 0.0, 0.9637549114932606, 0.0, 0.0, 0.0, 0.0, 0.0, 0.0, 0.0, 0.0, 0.0, 0.0, 0.0, 0.0, 0.0, 0.0, 0.0, 0.0, 0.0, 0.0, 0.0], [0.0, 0.0, 0.0, 0.0, 0.0, 0.0, 0.0, 0.0, 0.0, 0.0, 0.0, 0.0, 0.0, 0.0, 0.0, 0.9712103928981637, 0.0, 0.0, 0.0, 0.0, 0.0, 0.0, 0.0, 0.0, 0.0, 0.0, 0.0, 0.0, 0.0], [0.0, 0.0, 0.0, 0.0, 0.0, 0.0, 0.0, 0.0, 0.0, 0.0, 0.0, 0.0, 0.0, 0.0, 0.0, 0.9567985574810743, 0.0, 0.0, 0.0, 0.0, 0.0, 0.0, 0.0, 0.0, 0.0, 0.0, 0.0, 0.0, 0.0], [0.0, 0.0, 0.0, 0.0, 0.0, 0.0, 0.0, 0.0, 0.0, 0.0, 0.0, 0.0, 0.0, 0.0, 0.0, 0.981158400537038, 0.0, 0.0, 0.0, 0.0, 0.0, 0.0, 0.0, 0.0, 0.0, 0.0, 0.0, 0.0, 0.0], [0.0, 0.0, 0.0, 0.0, 0.0, 0.0, 0.0, 0.0, 0.0, 0.0, 0.0, 0.0, 0.0, 0.0, 0.0, 0.0, 0.9621086951477547, 0.0, 0.0, 0.0, 0.0, 0.0, 0.0, 0.0, 0.0, 0.0, 0.0, 0.0, 0.0]], "Born radii": [], "Atomic SASAs": [], "Solvent H bonds": [], "Total SASA": NaN, "Total FOD": 0.0, "FOD": [0.0, 0.0, 0.0, 0.0, 0.0, 0.0, 0.0, 0.0, 0.0, 0.0, 0.0, 0.0, 0.0, 0.0, 0.0, 0.0, 0.0, 0.0, 0.0, 0.0, 0.0, 0.0, 0.0, 0.0, 0.0, 0.0, 0.0, 0.0, 0.0], "FOD s proportion": [0.0, 0.0, 0.0, 0.0, 0.0, 0.0, 0.0, 0.0, 0.0, 0.0, 0.0, 0.0, 0.0, 0.0, 0.0, 0.0, 0.0, 0.0, 0.0, 0.0, 0.0, 0.0, 0.0, 0.0, 0.0, 0.0, 0.0, 0.0, 0.0], "FOD p proportion": [0.0, 0.0, 0.0, 0.0, 0.0, 0.0, 0.0, 0.0, 0.0, 0.0, 0.0, 0.0, 0.0, 0.0, 0.0, 0.0, 0.0, 0.0, 0.0, 0.0, 0.0, 0.0, 0.0, 0.0, 0.0, 0.0, 0.0, 0.0, 0.0], "FOD d proportion": [0.0, 0.0, 0.0, 0.0, 0.0, 0.0, 0.0, 0.0, 0.0, 0.0, 0.0, 0.0, 0.0, 0.0, 0.0, 0.0, 0.0, 0.0, 0.0, 0.0, 0.0, 0.0, 0.0, 0.0, 0.0, 0.0, 0.0, 0.0, 0.0], "coordinates": [["2.60740", "-2.08900", "1.01770"], ["2.69440", "-0.72040", "0.66930"], ["2.48940", "-0.31000", "-0.88530"], ["3.71610", "-1.11450", "-2.15300"], ["2.51560", "1.30800", "-0.80960"], ["3.72430", "1.94310", "-0.44250"], ["0.92890", "-0.62810", "-1.15460"], ["-0.15730", "-0.18430", "-0.45560"], ["-0.10210", "0.63140", "0.67050"], ["-1.28300", "1.01260", "1.31170"], ["-2.51940", "0.57170", "0.81670"], ["-3.71740", "0.98520", "1.54160"], ["-4.55000", "0.11220", "1.82010"], ["-3.80480", "2.18190", "1.84960"], ["-2.60210", "-0.23600", "-0.33060"], ["-3.90100", "-0.72310", "-0.90860"], ["-1.39710", "-0.61430", "-0.94700"], ["3.53930", "-2.59800", "0.75910"], ["2.45580", "-2.16360", "2.09750"], ["1.76670", "-2.57120", "0.51190"], ["3.50740", "2.98480", "-0.19250"], ["4.42700", "1.92380", "-1.27920"], ["4.17000", "1.45970", "0.43090"], ["0.83940", "0.98790", "1.07670"], ["-1.23030", "1.64820", "2.19410"], ["-4.63510", "0.08740", "-0.95910"], ["-4.29940", "-1.54610", "-0.30750"], ["-3.76610", "-1.08880", "-1.93250"], ["-1.41680", "-1.25050", "-1.83160"]], "bond_dist": [[0.0, 1.4149266836129706, 2.607714324844652, 3.497456851771012, 3.8583755040172028, 4.431419643861321, 3.1097392736369396, 3.6663416466554235, 3.855193153397116, 4.984131892315853, 5.779602385112665, 7.051827556740168, 7.531102307099539, 7.7491259674882045, 5.691257518334591, 6.923552921730288, 4.697957687123203, 1.092882688123478, 1.0929390467908082, 1.0932186286374745, 5.2932060681594475, 4.9688285953532345, 3.921648210892966, 3.549171538542481, 5.484388944084838, 7.81653768941211, 7.0537069467054, 7.094052602708835, 5.001577589121257], [1.4149266836129706, 0.0, 1.6208745540602456, 3.027302923395675, 2.516648805455382, 3.064478014279104, 2.5401025077740464, 3.1120726389337383, 3.1060870770150664, 4.385849691906917, 5.373542556824129, 6.691872524936499, 7.382336673438838, 7.214988151064421, 5.411779339551826, 6.781524670750671, 4.400460788372054, 2.060898301712144, 2.04438534528107, 2.076261710382388, 3.8900096760805107, 3.7135358689529308, 2.643305871442047, 2.554464454636235, 4.830998974332328, 7.551542733110898, 7.109793046917751, 6.9744635671856505, 4.841226317783542], [2.607714324844652, 1.6208745540602456, 0.0, 1.9388337809105762, 1.6199817684159288, 2.60720337910183, 1.615199786404146, 2.6842994374696723, 3.165852152264853, 4.561477997316221, 5.363047298877756, 6.789090726304959, 7.553184385409905, 7.30110931708326, 5.122161686241465, 6.403780653645157, 3.8988828694896696, 3.006873021928262, 3.51198772207421, 2.7545396294117825, 3.517385801984195, 2.983171703070408, 2.772839138861106, 2.8734105884819177, 5.210894327272431, 7.13595637949112, 6.924565075872996, 6.390182902703177, 4.127762393840033], [3.497456851771012, 3.027302923395675, 1.9388337809105762, 0.0, 3.019011437540441, 3.5035403879504514, 3.00031187712211, 4.330088493322048, 5.059542499080327, 6.443578300137277, 7.109419721749449, 8.56246059844949, 9.25303872843943, 9.135151697153146, 6.634195900785566, 7.72799700634, 5.277257837172635, 3.272973709029756, 4.555844285091404, 3.6088540092389443, 4.548777465429585, 3.240396910873728, 3.6754686857596814, 4.808996853814733, 7.141194764183371, 8.52129698226743, 8.236527730785589, 7.485492474112842, 5.1447503700374035], [3.8583755040172028, 2.516648805455382, 1.6199817684159288, 3.019011437540441, 0.0, 1.4138847583873304, 2.5268805076615712, 3.0816667081305207, 3.0823427551133893, 4.360795433175007, 5.342117031664507, 6.669529989437037, 7.63334547167885, 6.912488843390635, 5.366957265527647, 6.731116086504525, 4.36157509851659, 4.331929983275352, 4.528444877659438, 4.1659820090826125, 2.0435601018810283, 2.062324843471561, 2.0733770761730725, 2.5436662792119566, 4.813493174400479, 7.255668480574344, 7.405553066449528, 6.816546745970426, 4.801476440637817], [4.431419643861321, 3.064478014279104, 2.60720337910183, 3.5035403879504514, 1.4138847583873304, 0.0, 3.8642485699033386, 4.4263778566679095, 4.195314392271454, 5.38665955671973, 6.515375069019435, 7.761000200360775, 8.77129375063907, 7.873886883871268, 6.692109934841178, 8.091419636874607, 5.746612303783856, 4.701027203707717, 4.9925621818861705, 5.012183317677038, 1.0930162395865852, 1.0928067853010428, 1.0932298980543844, 3.397502566592114, 5.620203442047272, 8.578465271247532, 8.750571600187042, 8.216970839062288, 6.209636783258744], [3.1097392736369396, 2.5401025077740464, 1.615199786404146, 3.00031187712211, 2.5268805076615712, 3.8642485699033386, 0.0, 1.3657927661252272, 2.445463403937994, 3.6968951553972964, 4.149254947577939, 5.6089513297941895, 6.278154935170045, 6.271302363145952, 3.6470096531267915, 4.837093653217807, 2.3352867489882265, 3.789055536674014, 3.9070882086280063, 2.6934677833603287, 4.5417337075174276, 4.331792051795653, 4.168626668340545, 2.7564770886042207, 4.5888427756897485, 5.613221579449719, 5.375446334956754, 4.781254845749178, 2.5195275846872565], [3.6663416466554235, 3.1120726389337383, 2.6842994374696723, 4.330088493322048, 3.0816667081305207, 4.4263778566679095, 1.3657927661252272, 0.0, 1.3915871298628772, 2.4131140441346735, 2.787436044109353, 4.246274849794818, 4.956060535344579, 4.921087860422734, 2.4485393462225598, 3.8093049405370523, 1.4012415923030546, 4.57889673829843, 4.155025837464793, 3.214828745050038, 4.852055493293538, 5.112554064261815, 4.713188256371689, 2.1714987957629632, 3.3956288578111717, 4.51420269593646, 4.362731399020572, 4.002847898684135, 2.1486038932292755], [3.855193153397116, 3.1060870770150664, 3.165852152264853, 5.059542499080327, 3.0823427551133893, 4.195314392271454, 2.445463403937994, 1.3915871298628772, 0.0, 1.396773313748512, 2.42245285196637, 3.7355566840833774, 4.623306523474298, 4.183815764347183, 2.8292373477670623, 4.331266358699266, 2.417664108183765, 4.867922378181476, 4.048605489548223, 3.7113628440237427, 4.394513717125025, 5.097487092676155, 4.358248210003648, 1.0855933584911064, 2.151295990792527, 4.847640782896357, 4.828593743524092, 4.812441484319575, 3.3956572427145826], [4.984131892315853, 4.385849691906917, 4.561477997316221, 6.443578300137277, 4.360795433175007, 5.38665955671973, 3.6968951553972964, 2.4131140441346735, 1.396773313748512, 0.0, 1.4028908617565374, 2.4453850678369653, 3.426730179048242, 2.8312672321771397, 2.4487090598925794, 3.846597272915375, 2.785955511130786, 6.049493897013204, 4.968335085317817, 4.773255971556522, 5.3944529509487795, 6.33617773188221, 5.54174305160389, 2.1355132521246505, 1.0887581962952106, 4.153203834390988, 4.274040628024025, 4.594181233908824, 3.875546276333183], [5.779602385112665, 5.373542556824129, 5.363047298877756, 7.109419721749449, 5.342117031664507, 6.515375069019435, 4.149254947577939, 2.787436044109353, 2.42245285196637, 1.4028908617565374, 0.0, 1.4600226916044834, 2.3111227076899223, 2.304751528907184, 1.4055304585813857, 2.5616373064897378, 2.4034955751987566, 6.837993970456541, 5.820217330134676, 5.323661959591349, 6.569920432547109, 7.380612723886818, 6.759101863413512, 3.3944601750499297, 2.172063953938742, 2.8043178528832997, 2.9861852722160425, 3.4452317454708323, 3.3984750241836412], [7.051827556740168, 6.691872524936499, 6.789090726304959, 8.56246059844949, 6.669529989437037, 7.761000200360775, 5.6089513297941895, 4.246274849794818, 3.7355566840833774, 2.4453850678369653, 1.4600226916044834, 0.0, 1.238109046086006, 1.2387871689681003, 2.498070529428663, 2.9925704486277347, 3.7596971021612897, 8.13088699835387, 6.952148192465405, 6.616918909885476, 7.694364041946547, 8.670013492492384, 7.979341044221633, 4.580454730700872, 2.655370343285471, 2.8109995766630775, 3.188318443945021, 4.046383385197206, 4.6550610189341235], [7.531102307099539, 7.382336673438838, 7.553184385409905, 9.25303872843943, 7.63334547167885, 8.77129375063907, 6.278154935170045, 4.956060535344579, 4.623306523474298, 3.426730179048242, 2.3111227076899223, 1.238109046086006, 0.0, 2.1999662224679724, 2.9225105885180294, 2.926556129651369, 4.257396278243312, 8.596957574049089, 7.371394036408582, 6.986610171606829, 8.787723498153547, 9.668199628162423, 8.932190822525008, 5.510456098182799, 3.676898161494278, 2.780613185971756, 2.709140271377619, 4.017325848123351, 5.000880564460623], [7.7491259674882045, 7.214988151064421, 7.30110931708326, 9.135151697153146, 6.912488843390635, 7.873886883871268, 6.271302363145952, 4.921087860422734, 4.183815764347183, 2.8312672321771397, 2.304751528907184, 1.2387871689681003, 2.1999662224679724, 0.0, 3.47073475506268, 4.006987232323057, 4.629981132790932, 8.83020039806572, 7.62495488642392, 7.444663400718666, 7.634336229168847, 8.81013826735994, 8.132141020051238, 4.857118904247662, 2.6517100501374586, 3.6007116005034336, 4.335400047285141, 5.000325648395312, 5.570919780431235], [5.691257518334591, 5.411779339551826, 5.122161686241465, 6.634195900785566, 5.366957265527647, 6.692109934841178, 3.6470096531267915, 2.4485393462225598, 2.8292373477670623, 2.4487090598925794, 1.4055304585813857, 2.498070529428663, 2.9225105885180294, 3.47073475506268, 0.0, 1.5028278743755052, 1.4053771202065302, 6.6695790009565075, 5.9324247808126485, 5.024875991504667, 6.907866132171352, 7.414366109789831, 7.022579237716012, 3.914376929985154, 3.4360085811883536, 2.152368186440229, 2.1442301438978046, 2.155979464187913, 2.164982064590836], [6.923552921730288, 6.781524670750671, 6.403780653645157, 7.72799700634, 6.731116086504525, 8.091419636874607, 4.837093653217807, 3.8093049405370523, 4.331266358699266, 3.846597272915375, 2.5616373064897378, 2.9925704486277347, 2.926556129651369, 4.006987232323057, 1.5028278743755052, 0.0, 2.5065568435605043, 7.852040332932581, 7.177784038266964, 6.128304590178265, 8.315390079845924, 8.746371131503624, 8.46758035627652, 5.416671417946634, 4.731009350022467, 1.0946978167512718, 1.094245296996976, 1.0955846430102973, 2.7020972225291966], [4.697957687123203, 4.400460788372054, 3.8988828694896696, 5.277257837172635, 4.36157509851659, 5.746612303783856, 2.3352867489882265, 1.4012415923030546, 2.417664108183765, 2.785955511130786, 2.4034955751987566, 3.7596971021612897, 4.257396278243312, 4.629981132790932, 1.4053771202065302, 2.5065568435605043, 0.0, 5.586939042087357, 5.149189174035073, 3.9959325895215, 6.130000922512166, 6.36179607186524, 6.0985807217745345, 3.415309470604384, 3.8746919490457565, 3.313181748712256, 3.114571684838864, 2.6093143735471966, 1.0897961690151052], [1.092882688123478, 2.060898301712144, 3.006873021928262, 3.272973709029756, 4.331929983275352, 4.701027203707717, 3.789055536674014, 4.57889673829843, 4.867922378181476, 6.049493897013204, 6.837993970456541, 8.13088699835387, 8.596957574049089, 8.83020039806572, 6.6695790009565075, 7.852040332932581, 5.586939042087357, 0.0, 1.7759476822249014, 1.78995442400079, 5.66341028091732, 5.038784915036561, 4.119517814016587, 4.499889840873885, 6.545114483337934, 8.774075436192692, 7.980560560512025, 7.930401273580045, 5.752426440207645], [1.0929390467908082, 2.04438534528107, 3.51198772207421, 4.555844285091404, 4.528444877659438, 4.9925621818861705, 3.9070882086280063, 4.155025837464793, 4.048605489548223, 4.968335085317817, 5.820217330134676, 6.952148192465405, 7.371394036408582, 7.62495488642392, 5.9324247808126485, 7.177784038266964, 5.149189174035073, 1.7759476822249014, 0.0, 1.7762668521368066, 5.732014054414034, 5.656374376754071, 4.3410068060301406, 3.6860186990844204, 5.303440770858104, 8.04305087451273, 7.197086791890174, 7.490536339275046, 5.591834151689408], [1.0932186286374745, 2.076261710382388, 2.7545396294117825, 3.6088540092389443, 4.1659820090826125, 5.012183317677038, 2.6934677833603287, 3.214828745050038, 3.7113628440237427, 4.773255971556522, 5.323661959591349, 6.616918909885476, 6.986610171606829, 7.444663400718666, 5.024875991504667, 6.128304590178265, 3.9959325895215, 1.78995442400079, 1.7762668521368066, 0.0, 5.864755054561102, 5.521798647180102, 4.693673049968436, 3.7210317305822587, 5.441979621424542, 7.086256995057405, 6.206433402526769, 6.227718439364452, 4.167842726159422], [5.2932060681594475, 3.8900096760805107, 3.517385801984195, 4.548777465429585, 2.0435601018810283, 1.0930162395865852, 4.5417337075174276, 4.852055493293538, 4.394513717125025, 5.3944529509487795, 6.569920432547109, 7.694364041946547, 8.787723498153547, 7.634336229168847, 6.907866132171352, 8.315390079845924, 6.130000922512166, 5.66341028091732, 5.732014054414034, 5.864755054561102, 0.0, 1.775472345602713, 1.7758367971184736, 3.5660485484636917, 5.4706636169664105, 8.676572397554233, 9.027092890294195, 8.516197461895773, 6.698668564722396], [4.9688285953532345, 3.7135358689529308, 2.983171703070408, 3.240396910873728, 2.062324843471561, 1.0928067853010428, 4.331792051795653, 5.112554064261815, 5.097487092676155, 6.33617773188221, 7.380612723886818, 8.670013492492384, 9.668199628162423, 8.81013826735994, 7.414366109789831, 8.746371131503624, 6.36179607186524, 5.038784915036561, 5.656374376754071, 5.521798647180102, 1.775472345602713, 0.0, 1.7904970874033836, 4.392840468307494, 6.6441561947323295, 9.251836865185206, 9.441105012656093, 8.753824721800179, 6.673179503804764], [3.921648210892966, 2.643305871442047, 2.772839138861106, 3.6754686857596814, 2.0733770761730725, 1.0932298980543844, 4.168626668340545, 4.713188256371689, 4.358248210003648, 5.54174305160389, 6.759101863413512, 7.979341044221633, 8.932190822525008, 8.132141020051238, 7.022579237716012, 8.46758035627652, 6.0985807217745345, 4.119517814016587, 4.3410068060301406, 4.693673049968436, 1.7758367971184736, 1.7904970874033836, 0.0, 3.4252808994300015, 5.683981578084151, 9.019151473392606, 9.017250388006314, 8.663844124867436, 6.608814154596875], [3.549171538542481, 2.554464454636235, 2.8734105884819177, 4.808996853814733, 2.5436662792119566, 3.397502566592114, 2.7564770886042207, 2.1714987957629632, 1.0855933584911064, 2.1355132521246505, 3.3944601750499297, 4.580454730700872, 5.510456098182799, 4.857118904247662, 3.914376929985154, 5.416671417946634, 3.415309470604384, 4.499889840873885, 3.6860186990844204, 3.7210317305822587, 3.5660485484636917, 4.392840468307494, 3.4252808994300015, 0.0, 2.4429975317220443, 5.90978274896802, 5.894440692720558, 5.880356943247578, 4.308025288922988], [5.484388944084838, 4.830998974332328, 5.210894327272431, 7.141194764183371, 4.813493174400479, 5.620203442047272, 4.5888427756897485, 3.3956288578111717, 2.151295990792527, 1.0887581962952106, 2.172063953938742, 2.655370343285471, 3.676898161494278, 2.6517100501374586, 3.4360085811883536, 4.731009350022467, 3.8746919490457565, 6.545114483337934, 5.303440770858104, 5.441979621424542, 5.4706636169664105, 6.6441561947323295, 5.683981578084151, 2.4429975317220443, 0.0, 4.896062695677007, 5.087330327391766, 5.563297421493839, 4.9642224396173065], [7.81653768941211, 7.551542733110898, 7.13595637949112, 8.52129698226743, 7.255668480574344, 8.578465271247532, 5.613221579449719, 4.51420269593646, 4.847640782896357, 4.153203834390988, 2.8043178528832997, 2.8109995766630775, 2.780613185971756, 3.6007116005034336, 2.152368186440229, 1.0946978167512718, 3.313181748712256, 8.774075436192692, 8.04305087451273, 7.086256995057405, 8.676572397554233, 9.251836865185206, 9.019151473392606, 5.90978274896802, 4.896062695677007, 0.0, 1.790418749901821, 1.7567341859256913, 3.5928662026298728], [7.0537069467054, 7.109793046917751, 6.924565075872996, 8.236527730785589, 7.405553066449528, 8.750571600187042, 5.375446334956754, 4.362731399020572, 4.828593743524092, 4.274040628024025, 2.9861852722160425, 3.188318443945021, 2.709140271377619, 4.335400047285141, 2.1442301438978046, 1.094245296996976, 3.114571684838864, 7.980560560512025, 7.197086791890174, 6.206433402526769, 9.027092890294195, 9.441105012656093, 9.017250388006314, 5.894440692720558, 5.087330327391766, 1.790418749901821, 0.0, 1.770355099972884, 3.2740865794905303], [7.094052602708835, 6.9744635671856505, 6.390182902703177, 7.485492474112842, 6.816546745970426, 8.216970839062288, 4.781254845749178, 4.002847898684135, 4.812441484319575, 4.594181233908824, 3.4452317454708323, 4.046383385197206, 4.017325848123351, 5.000325648395312, 2.155979464187913, 1.0955846430102973, 2.6093143735471966, 7.930401273580045, 7.490536339275046, 6.227718439364452, 8.516197461895773, 8.753824721800179, 8.663844124867436, 5.880356943247578, 5.563297421493839, 1.7567341859256913, 1.770355099972884, 0.0, 2.357018920161652], [5.001577589121257, 4.841226317783542, 4.127762393840033, 5.1447503700374035, 4.801476440637817, 6.209636783258744, 2.5195275846872565, 2.1486038932292755, 3.3956572427145826, 3.875546276333183, 3.3984750241836412, 4.6550610189341235, 5.000880564460623, 5.570919780431235, 2.164982064590836, 2.7020972225291966, 1.0897961690151052, 5.752426440207645, 5.591834151689408, 4.167842726159422, 6.698668564722396, 6.673179503804764, 6.608814154596875, 4.308025288922988, 4.9642224396173065, 3.5928662026298728, 3.2740865794905303, 2.357018920161652, 0.0]]}