{"total energy": -64.97756885, "HOMO-LUMO gap/eV": 2.88716245, "electronic energy": -65.52202106, "dipole": [-0.04454033, 0.68998719, 0.75749247], "partial charges": [-0.11521832, 0.09100507, -0.25021622, 0.38472102, -0.40243901, -0.26493697, 0.0958195, -0.11397083, -0.09030821, 0.04989619, -0.09033528, 0.38472354, -0.40245541, -0.25019351, 0.09101243, -0.11522054, -0.26493256, 0.09581267, -0.11397343, 0.06093676, 0.05891153, 0.06098531, 0.05762462, 0.04518754, 0.05262355, 0.04865196, 0.05982938, 0.06124034, 0.05749147, 0.0771088, 0.07710933, 0.05762816, 0.04516782, 0.06094393, 0.06097778, 0.05890455, 0.04867345, 0.05264016, 0.06125017, 0.05982448, 0.05749875], "atomic dipole moments": [[-0.10363174, -0.1086109, -0.02424536], [-0.04688971, 0.07951995, -0.27018253], [-0.07353222, -0.07798131, 0.1397196], [0.03494851, 0.24693006, 0.00136418], [0.05483593, 0.41643692, -0.06942762], [0.15340279, -0.1148926, 0.03685241], [-0.21535059, 0.13862959, 0.12060014], [0.00293735, -0.08848902, 0.12057543], [0.0028467, -0.32435306, -0.42341491], [-0.00824996, 0.12888078, 0.14142239], [0.04288342, -0.39042828, -0.36089532], [-0.04924912, -0.0239608, 0.24330306], [-0.07436404, -0.11143109, 0.4041243], [0.06889995, 0.15047334, -0.0601807], [0.05929566, -0.2733545, 0.05751236], [0.11109643, -0.00786377, -0.10353404], [-0.14847165, 0.03859575, -0.12059408], [0.19881796, 0.11926823, 0.1624104], [-0.00544567, 0.12804446, -0.07726995], [-0.04284833, 0.11923978, -0.02364414], [0.03662198, -0.00803146, 0.12420466], [0.10372136, -0.0100276, -0.07520114], [0.04619228, -0.11266129, 0.01268658], [-0.10387355, 0.01698511, 0.06489743], [-0.02569818, -0.11655516, -0.02674484], [0.10247997, 0.01292209, 0.06832214], [0.01541565, 0.12475693, 0.02612509], [-0.11147968, -0.00368172, -0.06478837], [0.09578963, -0.0389473, -0.07825457], [0.03264769, 0.02919546, -0.12089214], [-0.02652662, -0.12479491, 0.01599007], [-0.04028738, 0.02059421, -0.11375609], [0.09837766, 0.06893989, 0.02936889], [0.03726945, -0.03223896, 0.11908715], [-0.09798579, -0.07979476, -0.02336178], [-0.04393358, 0.12206959, 0.00094045], [-0.10720935, 0.06072847, 0.01251575], [0.03406838, -0.01410534, -0.11663312], [0.11536923, -0.05760739, -0.00240578], [-0.02426727, 0.01330502, 0.12535956], [-0.0881811, -0.07966896, -0.05184555]], "atomic quadrupole moments": [[0.05714145, 0.20765602, 0.05642509, 0.07582477, 0.06876531, -0.11356654], [-0.17287816, 0.14208338, -0.23191688, 0.26513024, -0.03629284, 0.40479504], [-0.015707, 0.05129635, -0.08201212, 0.07290072, -0.01977661, 0.09771911], [0.44059463, -0.36667943, -1.11140619, 0.02638667, 0.42951879, 0.67081156], [-0.33627503, 0.02466614, 0.68825149, -0.01848518, -0.0938824, -0.35197646], [0.00200242, -0.06755468, -0.05484016, -0.07155989, -0.01436451, 0.05283774], [0.07026819, -0.21427628, -0.19238025, -0.36504416, 0.00512092, 0.12211206], [-0.14269601, 0.006615, -0.01891629, -0.02707975, -0.1952332, 0.1616123], [0.41420334, -0.22243415, -0.23346343, 0.15261499, 0.3797516, -0.18073991], [0.31860296, -0.13621535, -0.1876643, 0.13944621, 0.21449752, -0.13093867], [0.40607229, -0.15770129, -0.27034492, 0.22103983, 0.38003331, -0.13572737], [0.40047879, -0.10690133, 0.5666295, 0.41813188, 0.60398127, -0.96710829], [-0.33307492, 0.03209005, -0.32267322, -0.07527825, -0.18938943, 0.65574814], [-0.00044133, -0.07344083, 0.0915917, -0.05236728, -0.01057981, -0.09115037], [-0.12094961, -0.28271684, 0.37493515, -0.16042583, -0.00347815, -0.25398554], [0.09052358, -0.04735285, -0.130798, -0.21503656, 0.03611588, 0.04027442], [-0.0149821, 0.06123327, 0.06192802, 0.07676836, 0.00422156, -0.04694592], [-0.00144517, 0.33429629, 0.15793345, 0.257334, 0.07035102, -0.15648828], [-0.14512892, 0.01888152, 0.19868912, 0.00030559, -0.17385381, -0.05356019], [-0.00444646, -0.04316216, 0.05415933, 0.00870983, -0.01727194, -0.04971286], [-0.03616216, 0.00489421, -0.04021136, 0.03093667, -0.0163965, 0.07637353], [0.03175819, -0.01429045, -0.02551762, -0.05986556, 0.02075497, -0.00624057], [-0.01825996, -0.02446905, 0.02487721, 0.0226515, 0.00146454, -0.00661725], [0.01980812, -0.00649663, -0.04054249, -0.00542266, 0.01456427, 0.02073436], [-0.01945795, 0.01521345, 0.0281067, -0.01883411, 0.0197925, -0.00864875], [0.02771107, 0.0059317, -0.04291018, 0.00338356, 0.00919962, 0.01519911], [-0.04577605, 0.021751, 0.06550861, 0.01475391, 0.03091579, -0.01973257], [0.04957891, 0.02165017, -0.03227712, 0.05068939, -0.00195952, -0.01730179], [0.02759163, -0.03954499, -0.02620564, -0.05494567, 0.01880843, -0.00138599], [0.01287562, -0.00635473, -0.03701729, -0.00624306, -0.01077564, 0.02414167], [0.01114506, 0.00511192, 0.02623251, 0.01035495, -0.00411547, -0.03737757], [-0.01800676, -0.02528623, -0.00954821, 0.01954401, -0.00181668, 0.02755497], [0.01827035, 0.00355286, 0.01800468, 0.00935147, 0.02069427, -0.03627503], [-0.00843975, -0.00872402, -0.0468825, 0.03991509, -0.02485727, 0.05532225], [0.02230961, 0.05868753, -0.00341162, 0.0213591, 0.02711292, -0.01889799], [-0.03136155, -0.03632551, 0.07452882, -0.00678247, -0.00793232, -0.04316727], [0.02858735, -0.00284155, 0.0126885, -0.00263205, 0.01394753, -0.04127586], [-0.01973892, 0.01861382, -0.00972817, -0.01754427, 0.01638916, 0.0294671], [0.05799399, -0.04401179, -0.02247908, -0.0204998, -0.00485042, -0.03551492], [-0.04070093, -0.01508146, -0.02631311, -0.0314045, 0.02006992, 0.06701404], [0.01591159, 0.05092998, 0.00084838, 0.04575599, 0.02667534, -0.01675997]], "number of molecular orbitals": 128, "number of electrons": 116, "number of unpaired electrons": 0, "orbital energies/eV": [-20.63119493, -20.62444949, -20.47306099, -20.45123151, -20.11775929, -20.11751581, -19.06708545, -19.05475551, -18.65349687, -18.64572121, -18.1151724, -18.11157008, -17.52024321, -17.22108598, -17.17780285, -16.84302244, -16.83950402, -16.66858018, -16.66820369, -16.27011956, -16.24642404, -15.9352891, -15.87442111, -15.6492842, -15.64612156, -15.279613, -15.19737, -15.05478702, -15.01254697, -14.90197649, -14.88000966, -14.56886617, -14.23165743, -14.05812274, -13.88102417, -13.84484765, -13.53826024, -13.51499348, -13.33206327, -13.32422672, -13.23252883, -13.23133185, -13.14078539, -13.08337199, -13.00842125, -12.98114042, -12.74123918, -12.73825484, -12.20463964, -12.19472112, -12.07853543, -12.07151703, -11.39785757, -11.10962348, -10.18819814, -10.17475532, -10.16640381, -10.15074953, -7.26358708, -6.80947036, -6.75096926, -5.36718093, -4.59730181, -4.39646634, -3.99526888, -3.93250935, -3.55105067, -3.41630747, -1.17058912, -1.12116695, -1.0838789, -0.71494615, -0.6381973, -0.41452555, -0.08768335, -0.06185253, 0.4287015, 0.51073865, 0.56293376, 0.57371477, 0.61879725, 0.6766136, 2.10511631, 2.17601955, 2.47853538, 2.54500264, 2.64263381, 2.73046839, 3.19222387, 3.21075858, 3.24196292, 3.27135983, 3.30725637, 3.41124831, 3.57710936, 3.63072378, 3.75477558, 3.76901662, 4.03559557, 4.09640587, 4.14354451, 4.27169359, 4.41215822, 4.4210684, 4.45269709, 5.10862121, 5.5240693, 5.95283906, 6.06804331, 6.15880102, 6.23983845, 6.24410595, 6.29454473, 6.62283262, 6.63154379, 6.78618327, 8.81844991, 9.48151879, 10.94537459, 11.09167391, 11.49196368, 12.72244485, 25.51716381, 26.03208839, 27.12255747, 27.15505058, 33.75434587, 34.06809718], "fractional occupation": [2.0, 2.0, 2.0, 2.0, 2.0, 2.0, 2.0, 2.0, 2.0, 2.0, 2.0, 2.0, 2.0, 2.0, 2.0, 2.0, 2.0, 2.0, 2.0, 2.0, 2.0, 2.0, 2.0, 2.0, 2.0, 2.0, 2.0, 2.0, 2.0, 2.0, 2.0, 2.0, 2.0, 2.0, 2.0, 2.0, 2.0, 2.0, 2.0, 2.0, 2.0, 2.0, 2.0, 2.0, 2.0, 2.0, 2.0, 2.0, 2.0, 2.0, 2.0, 2.0, 2.0, 2.0, 2.0, 2.0, 2.0, 2.0, 0.0, 0.0, 0.0, 0.0, 0.0, 0.0, 0.0, 0.0, 0.0, 0.0, 0.0, 0.0, 0.0, 0.0, 0.0, 0.0, 0.0, 0.0, 0.0, 0.0, 0.0, 0.0, 0.0, 0.0, 0.0, 0.0, 0.0, 0.0, 0.0, 0.0, 0.0, 0.0, 0.0, 0.0, 0.0, 0.0, 0.0, 0.0, 0.0, 0.0, 0.0, 0.0, 0.0, 0.0, 0.0, 0.0, 0.0, 0.0, 0.0, 0.0, 0.0, 0.0, 0.0, 0.0, 0.0, 0.0, 0.0, 0.0, 0.0, 0.0, 0.0, 0.0, 0.0, 0.0, 0.0, 0.0, 0.0, 0.0, 0.0, 0.0], "program call": "xtb /home/svss/Project-DBcg-Debug/aqme2_20220329/End-to-End-workflows-final/example-3/QDESCP/mol_701_rdkit_conf_2/mol_701_rdkit_conf_2.xyz --pop --wbo --acc 0.2 --gfn 2 --chrg 0 --uhf 0 --etemp 300 --input /home/svss/Project-DBcg-Debug/aqme2_20220329/End-to-End-workflows-final/example-3/QDESCP/mol_701_rdkit_conf_2/mol_701_rdkit_conf_2_xtb.inp", "method": "GFN2-xTB", "xtb version": "6.3.3 (7355c4f)", "Dipole module/D": 2.607, "Total charge": 0, "Transition dipole module/D": NaN, "HOMO": -10.1507, "LUMO": -7.2636, "HOMO occupancy": 2.0, "LUMO occupancy": 0, "mulliken charges": [-0.096, 0.20642, -0.36844, 0.37787, -0.23493, -0.37704, 0.213, -0.09648, -0.07324, 0.10176, -0.07326, 0.37788, -0.23494, -0.36843, 0.20643, -0.09601, -0.37703, 0.21299, -0.09648, 0.04307, 0.03255, 0.04277, 0.02867, 0.02597, 0.02523, 0.03433, 0.04212, 0.04162, 0.03068, 0.05093, 0.05093, 0.02867, 0.02596, 0.04308, 0.04276, 0.03255, 0.03435, 0.02524, 0.04163, 0.04212, 0.03069], "cm5 charges": [-0.24245, 0.12823, -0.43186, 0.31734, -0.20599, -0.4384, 0.135, -0.24294, -0.07324, 0.03368, -0.07325, 0.31734, -0.206, -0.43184, 0.12825, -0.24246, -0.43839, 0.13499, -0.24295, 0.09641, 0.08377, 0.09608, 0.09275, 0.09168, 0.08964, 0.10227, 0.09548, 0.09493, 0.0819, 0.11256, 0.11256, 0.09275, 0.09165, 0.09642, 0.09607, 0.08376, 0.10229, 0.08965, 0.09495, 0.09548, 0.08191], "FUKUI+": [0.008, 0.009, 0.005, -0.102, -0.102, 0.001, 0.009, 0.008, -0.182, 0.04, -0.182, -0.102, -0.102, 0.005, 0.009, 0.008, 0.001, 0.009, 0.008, -0.005, -0.018, -0.015, -0.015, 0.003, -0.014, -0.016, -0.01, -0.007, -0.022, -0.054, -0.054, -0.015, 0.003, -0.005, -0.015, -0.018, -0.016, -0.014, -0.007, -0.01, -0.022], "FUKUI-": [0.007, 0.01, -0.005, -0.085, -0.258, 0.004, 0.01, 0.007, -0.085, 0.04, -0.085, -0.085, -0.258, -0.005, 0.01, 0.007, 0.004, 0.01, 0.007, -0.009, -0.018, -0.013, -0.009, -0.004, -0.005, -0.012, -0.011, -0.006, -0.02, -0.017, -0.017, -0.009, -0.004, -0.009, -0.013, -0.018, -0.012, -0.005, -0.006, -0.011, -0.02], "FUKUIrad": [0.007, 0.009, -0.0, -0.094, -0.18, 0.002, 0.01, 0.007, -0.134, 0.04, -0.134, -0.094, -0.18, -0.0, 0.009, 0.007, 0.002, 0.01, 0.007, -0.007, -0.018, -0.014, -0.012, -0.0, -0.009, -0.014, -0.011, -0.006, -0.021, -0.036, -0.036, -0.012, -0.0, -0.007, -0.014, -0.018, -0.014, -0.009, -0.006, -0.011, -0.021], "s proportion": [1.012, 0.993, 1.659, 1.52, 1.89, 1.652, 0.993, 1.012, 1.909, 1.039, 1.909, 1.52, 1.89, 1.659, 0.993, 1.012, 1.652, 0.993, 1.012, 0.957, 0.967, 0.957, 0.971, 0.974, 0.975, 0.966, 0.958, 0.958, 0.969, 0.949, 0.949, 0.971, 0.974, 0.957, 0.957, 0.967, 0.966, 0.975, 0.958, 0.958, 0.969], "p proportion": [3.084, 2.801, 4.71, 2.022, 4.36, 4.725, 2.794, 3.084, 4.167, 2.859, 4.167, 2.022, 4.36, 4.71, 2.801, 3.084, 4.725, 2.794, 3.084, 0.0, 0.0, 0.0, 0.0, 0.0, 0.0, 0.0, 0.0, 0.0, 0.0, 0.0, 0.0, 0.0, 0.0, 0.0, 0.0, 0.0, 0.0, 0.0, 0.0, 0.0, 0.0], "d proportion": [0.0, 0.0, 0.0, 1.08, -0.015, 0.0, 0.0, 0.0, -0.003, 0.0, -0.003, 1.08, -0.015, 0.0, 0.0, 0.0, 0.0, 0.0, 0.0, 0.0, 0.0, 0.0, 0.0, 0.0, 0.0, 0.0, 0.0, 0.0, 0.0, 0.0, 0.0, 0.0, 0.0, 0.0, 0.0, 0.0, 0.0, 0.0, 0.0, 0.0, 0.0], "Fermi-level/eV": -8.7072, "Coordination numbers": [3.749, 3.903, 1.658, 3.918, 0.926, 1.658, 3.893, 3.749, 2.06, 3.803, 2.06, 3.918, 0.926, 1.658, 3.903, 3.749, 1.658, 3.893, 3.749, 0.924, 0.924, 0.924, 0.924, 0.924, 0.924, 0.924, 0.924, 0.924, 0.924, 0.924, 0.924, 0.924, 0.924, 0.924, 0.924, 0.924, 0.924, 0.924, 0.924, 0.924, 0.924], "Dispersion coefficient C6": [22.772, 19.024, 18.161, 144.265, 156.738, 18.407, 18.951, 22.747, 144.82, 19.738, 144.821, 144.265, 156.739, 18.161, 19.024, 22.772, 18.407, 18.951, 22.747, 2.188, 2.212, 2.188, 2.227, 2.381, 2.288, 2.337, 2.201, 2.185, 2.229, 2.009, 2.009, 2.227, 2.381, 2.188, 2.188, 2.212, 2.337, 2.287, 2.185, 2.201, 2.229], "Total dispersion C6": 26636.885034, "Total dispersion C8": 863449.524327, "Polarizability alpha": [6.806, 6.2, 5.753, 21.576, 21.176, 5.792, 6.189, 6.802, 20.254, 6.325, 20.254, 21.576, 21.176, 5.753, 6.2, 6.806, 5.792, 6.189, 6.802, 2.313, 2.326, 2.313, 2.334, 2.413, 2.365, 2.391, 2.32, 2.311, 2.335, 2.217, 2.217, 2.334, 2.413, 2.313, 2.313, 2.326, 2.39, 2.365, 2.311, 2.32, 2.335], "Total polarizability alpha": 258.694814, "Wiberg matrix": [[0.0, 1.0163016828432876, 0.0, 0.0, 0.0, 0.0, 0.0, 0.0, 0.0, 0.0, 0.0, 0.0, 0.0, 0.0, 0.0, 0.0, 0.0, 0.0, 0.0, 0.9843623289764647, 0.9813525028921589, 0.9839491055357957, 0.0, 0.0, 0.0, 0.0, 0.0, 0.0, 0.0, 0.0, 0.0, 0.0, 0.0, 0.0, 0.0, 0.0, 0.0, 0.0, 0.0, 0.0, 0.0], [1.0163016828432876, 0.0, 0.9196234760213097, 0.0, 0.0, 0.0, 0.0, 0.0, 0.0, 0.0, 0.0, 0.0, 0.0, 0.0, 0.0, 0.0, 0.0, 0.0, 0.0, 0.0, 0.0, 0.0, 0.9697298346771556, 0.9691525949451119, 0.0, 0.0, 0.0, 0.0, 0.0, 0.0, 0.0, 0.0, 0.0, 0.0, 0.0, 0.0, 0.0, 0.0, 0.0, 0.0, 0.0], [0.0, 0.9196234760213097, 0.0, 1.2638218430835226, 0.0, 0.0, 0.0, 0.0, 0.0, 0.0, 0.0, 0.0, 0.0, 0.0, 0.0, 0.0, 0.0, 0.0, 0.0, 0.0, 0.0, 0.0, 0.0, 0.0, 0.0, 0.0, 0.0, 0.0, 0.0, 0.0, 0.0, 0.0, 0.0, 0.0, 0.0, 0.0, 0.0, 0.0, 0.0, 0.0, 0.0], [0.0, 0.0, 1.2638218430835226, 0.0, 1.5572434616576574, 1.245776537603817, 0.0, 0.0, 1.002350505540595, 0.0, 0.0, 0.0, 0.0, 0.0, 0.0, 0.0, 0.0, 0.0, 0.0, 0.0, 0.0, 0.0, 0.0, 0.0, 0.0, 0.0, 0.0, 0.0, 0.0, 0.0, 0.0, 0.0, 0.0, 0.0, 0.0, 0.0, 0.0, 0.0, 0.0, 0.0, 0.0], [0.0, 0.0, 0.0, 1.5572434616576574, 0.0, 0.0, 0.0, 0.0, 0.1483533960284533, 0.0, 0.0, 0.0, 0.0, 0.0, 0.0, 0.0, 0.0, 0.0, 0.0, 0.0, 0.0, 0.0, 0.0, 0.0, 0.0, 0.0, 0.0, 0.0, 0.0, 0.0, 0.0, 0.0, 0.0, 0.0, 0.0, 0.0, 0.0, 0.0, 0.0, 0.0, 0.0], [0.0, 0.0, 0.0, 1.245776537603817, 0.0, 0.0, 0.9111398827022035, 0.0, 0.0, 0.0, 0.0, 0.0, 0.0, 0.0, 0.0, 0.0, 0.0, 0.0, 0.0, 0.0, 0.0, 0.0, 0.0, 0.0, 0.0, 0.0, 0.0, 0.0, 0.0, 0.0, 0.0, 0.0, 0.0, 0.0, 0.0, 0.0, 0.0, 0.0, 0.0, 0.0, 0.0], [0.0, 0.0, 0.0, 0.0, 0.0, 0.9111398827022035, 0.0, 1.0150255497280634, 0.0, 0.0, 0.0, 0.0, 0.0, 0.0, 0.0, 0.0, 0.0, 0.0, 0.0, 0.0, 0.0, 0.0, 0.0, 0.0, 0.970177485401302, 0.9701988217736859, 0.0, 0.0, 0.0, 0.0, 0.0, 0.0, 0.0, 0.0, 0.0, 0.0, 0.0, 0.0, 0.0, 0.0, 0.0], [0.0, 0.0, 0.0, 0.0, 0.0, 0.0, 1.0150255497280634, 0.0, 0.0, 0.0, 0.0, 0.0, 0.0, 0.0, 0.0, 0.0, 0.0, 0.0, 0.0, 0.0, 0.0, 0.0, 0.0, 0.0, 0.0, 0.0, 0.984612862328754, 0.9841929760414753, 0.9803748563871248, 0.0, 0.0, 0.0, 0.0, 0.0, 0.0, 0.0, 0.0, 0.0, 0.0, 0.0, 0.0], [0.0, 0.0, 0.0, 1.002350505540595, 0.1483533960284533, 0.0, 0.0, 0.0, 0.0, 0.9777620129279458, 0.0, 0.0, 0.0, 0.0, 0.0, 0.0, 0.0, 0.0, 0.0, 0.0, 0.0, 0.0, 0.0, 0.0, 0.0, 0.0, 0.0, 0.0, 0.0, 0.0, 0.0, 0.0, 0.0, 0.0, 0.0, 0.0, 0.0, 0.0, 0.0, 0.0, 0.0], [0.0, 0.0, 0.0, 0.0, 0.0, 0.0, 0.0, 0.0, 0.9777620129279458, 0.0, 0.9777603835135016, 0.0, 0.0, 0.0, 0.0, 0.0, 0.0, 0.0, 0.0, 0.0, 0.0, 0.0, 0.0, 0.0, 0.0, 0.0, 0.0, 0.0, 0.0, 0.9687927607199697, 0.9687926239419797, 0.0, 0.0, 0.0, 0.0, 0.0, 0.0, 0.0, 0.0, 0.0, 0.0], [0.0, 0.0, 0.0, 0.0, 0.0, 0.0, 0.0, 0.0, 0.0, 0.9777603835135016, 0.0, 1.0023424406755364, 0.14833669850965223, 0.0, 0.0, 0.0, 0.0, 0.0, 0.0, 0.0, 0.0, 0.0, 0.0, 0.0, 0.0, 0.0, 0.0, 0.0, 0.0, 0.0, 0.0, 0.0, 0.0, 0.0, 0.0, 0.0, 0.0, 0.0, 0.0, 0.0, 0.0], [0.0, 0.0, 0.0, 0.0, 0.0, 0.0, 0.0, 0.0, 0.0, 0.0, 1.0023424406755364, 0.0, 1.557270457623999, 1.263843962021916, 0.0, 0.0, 1.245846070527627, 0.0, 0.0, 0.0, 0.0, 0.0, 0.0, 0.0, 0.0, 0.0, 0.0, 0.0, 0.0, 0.0, 0.0, 0.0, 0.0, 0.0, 0.0, 0.0, 0.0, 0.0, 0.0, 0.0, 0.0], [0.0, 0.0, 0.0, 0.0, 0.0, 0.0, 0.0, 0.0, 0.0, 0.0, 0.14833669850965223, 1.557270457623999, 0.0, 0.0, 0.0, 0.0, 0.0, 0.0, 0.0, 0.0, 0.0, 0.0, 0.0, 0.0, 0.0, 0.0, 0.0, 0.0, 0.0, 0.0, 0.0, 0.0, 0.0, 0.0, 0.0, 0.0, 0.0, 0.0, 0.0, 0.0, 0.0], [0.0, 0.0, 0.0, 0.0, 0.0, 0.0, 0.0, 0.0, 0.0, 0.0, 0.0, 1.263843962021916, 0.0, 0.0, 0.9196430061460108, 0.0, 0.0, 0.0, 0.0, 0.0, 0.0, 0.0, 0.0, 0.0, 0.0, 0.0, 0.0, 0.0, 0.0, 0.0, 0.0, 0.0, 0.0, 0.0, 0.0, 0.0, 0.0, 0.0, 0.0, 0.0, 0.0], [0.0, 0.0, 0.0, 0.0, 0.0, 0.0, 0.0, 0.0, 0.0, 0.0, 0.0, 0.0, 0.0, 0.9196430061460108, 0.0, 1.0162906050488996, 0.0, 0.0, 0.0, 0.0, 0.0, 0.0, 0.0, 0.0, 0.0, 0.0, 0.0, 0.0, 0.0, 0.0, 0.0, 0.969728734526993, 0.9691443269951977, 0.0, 0.0, 0.0, 0.0, 0.0, 0.0, 0.0, 0.0], [0.0, 0.0, 0.0, 0.0, 0.0, 0.0, 0.0, 0.0, 0.0, 0.0, 0.0, 0.0, 0.0, 0.0, 1.0162906050488996, 0.0, 0.0, 0.0, 0.0, 0.0, 0.0, 0.0, 0.0, 0.0, 0.0, 0.0, 0.0, 0.0, 0.0, 0.0, 0.0, 0.0, 0.0, 0.9843654094265277, 0.9839495455772475, 0.9813564580292821, 0.0, 0.0, 0.0, 0.0, 0.0], [0.0, 0.0, 0.0, 0.0, 0.0, 0.0, 0.0, 0.0, 0.0, 0.0, 0.0, 1.245846070527627, 0.0, 0.0, 0.0, 0.0, 0.0, 0.9110817071348604, 0.0, 0.0, 0.0, 0.0, 0.0, 0.0, 0.0, 0.0, 0.0, 0.0, 0.0, 0.0, 0.0, 0.0, 0.0, 0.0, 0.0, 0.0, 0.0, 0.0, 0.0, 0.0, 0.0], [0.0, 0.0, 0.0, 0.0, 0.0, 0.0, 0.0, 0.0, 0.0, 0.0, 0.0, 0.0, 0.0, 0.0, 0.0, 0.0, 0.9110817071348604, 0.0, 1.0150553163360747, 0.0, 0.0, 0.0, 0.0, 0.0, 0.0, 0.0, 0.0, 0.0, 0.0, 0.0, 0.0, 0.0, 0.0, 0.0, 0.0, 0.0, 0.970198973398405, 0.9701772466579498, 0.0, 0.0, 0.0], [0.0, 0.0, 0.0, 0.0, 0.0, 0.0, 0.0, 0.0, 0.0, 0.0, 0.0, 0.0, 0.0, 0.0, 0.0, 0.0, 0.0, 1.0150553163360747, 0.0, 0.0, 0.0, 0.0, 0.0, 0.0, 0.0, 0.0, 0.0, 0.0, 0.0, 0.0, 0.0, 0.0, 0.0, 0.0, 0.0, 0.0, 0.0, 0.0, 0.9841880735505163, 0.9846074077368014, 0.9803665822526301], [0.9843623289764647, 0.0, 0.0, 0.0, 0.0, 0.0, 0.0, 0.0, 0.0, 0.0, 0.0, 0.0, 0.0, 0.0, 0.0, 0.0, 0.0, 0.0, 0.0, 0.0, 0.0, 0.0, 0.0, 0.0, 0.0, 0.0, 0.0, 0.0, 0.0, 0.0, 0.0, 0.0, 0.0, 0.0, 0.0, 0.0, 0.0, 0.0, 0.0, 0.0, 0.0], [0.9813525028921589, 0.0, 0.0, 0.0, 0.0, 0.0, 0.0, 0.0, 0.0, 0.0, 0.0, 0.0, 0.0, 0.0, 0.0, 0.0, 0.0, 0.0, 0.0, 0.0, 0.0, 0.0, 0.0, 0.0, 0.0, 0.0, 0.0, 0.0, 0.0, 0.0, 0.0, 0.0, 0.0, 0.0, 0.0, 0.0, 0.0, 0.0, 0.0, 0.0, 0.0], [0.9839491055357957, 0.0, 0.0, 0.0, 0.0, 0.0, 0.0, 0.0, 0.0, 0.0, 0.0, 0.0, 0.0, 0.0, 0.0, 0.0, 0.0, 0.0, 0.0, 0.0, 0.0, 0.0, 0.0, 0.0, 0.0, 0.0, 0.0, 0.0, 0.0, 0.0, 0.0, 0.0, 0.0, 0.0, 0.0, 0.0, 0.0, 0.0, 0.0, 0.0, 0.0], [0.0, 0.9697298346771556, 0.0, 0.0, 0.0, 0.0, 0.0, 0.0, 0.0, 0.0, 0.0, 0.0, 0.0, 0.0, 0.0, 0.0, 0.0, 0.0, 0.0, 0.0, 0.0, 0.0, 0.0, 0.0, 0.0, 0.0, 0.0, 0.0, 0.0, 0.0, 0.0, 0.0, 0.0, 0.0, 0.0, 0.0, 0.0, 0.0, 0.0, 0.0, 0.0], [0.0, 0.9691525949451119, 0.0, 0.0, 0.0, 0.0, 0.0, 0.0, 0.0, 0.0, 0.0, 0.0, 0.0, 0.0, 0.0, 0.0, 0.0, 0.0, 0.0, 0.0, 0.0, 0.0, 0.0, 0.0, 0.0, 0.0, 0.0, 0.0, 0.0, 0.0, 0.0, 0.0, 0.0, 0.0, 0.0, 0.0, 0.0, 0.0, 0.0, 0.0, 0.0], [0.0, 0.0, 0.0, 0.0, 0.0, 0.0, 0.970177485401302, 0.0, 0.0, 0.0, 0.0, 0.0, 0.0, 0.0, 0.0, 0.0, 0.0, 0.0, 0.0, 0.0, 0.0, 0.0, 0.0, 0.0, 0.0, 0.0, 0.0, 0.0, 0.0, 0.0, 0.0, 0.0, 0.0, 0.0, 0.0, 0.0, 0.0, 0.0, 0.0, 0.0, 0.0], [0.0, 0.0, 0.0, 0.0, 0.0, 0.0, 0.9701988217736859, 0.0, 0.0, 0.0, 0.0, 0.0, 0.0, 0.0, 0.0, 0.0, 0.0, 0.0, 0.0, 0.0, 0.0, 0.0, 0.0, 0.0, 0.0, 0.0, 0.0, 0.0, 0.0, 0.0, 0.0, 0.0, 0.0, 0.0, 0.0, 0.0, 0.0, 0.0, 0.0, 0.0, 0.0], [0.0, 0.0, 0.0, 0.0, 0.0, 0.0, 0.0, 0.984612862328754, 0.0, 0.0, 0.0, 0.0, 0.0, 0.0, 0.0, 0.0, 0.0, 0.0, 0.0, 0.0, 0.0, 0.0, 0.0, 0.0, 0.0, 0.0, 0.0, 0.0, 0.0, 0.0, 0.0, 0.0, 0.0, 0.0, 0.0, 0.0, 0.0, 0.0, 0.0, 0.0, 0.0], [0.0, 0.0, 0.0, 0.0, 0.0, 0.0, 0.0, 0.9841929760414753, 0.0, 0.0, 0.0, 0.0, 0.0, 0.0, 0.0, 0.0, 0.0, 0.0, 0.0, 0.0, 0.0, 0.0, 0.0, 0.0, 0.0, 0.0, 0.0, 0.0, 0.0, 0.0, 0.0, 0.0, 0.0, 0.0, 0.0, 0.0, 0.0, 0.0, 0.0, 0.0, 0.0], [0.0, 0.0, 0.0, 0.0, 0.0, 0.0, 0.0, 0.9803748563871248, 0.0, 0.0, 0.0, 0.0, 0.0, 0.0, 0.0, 0.0, 0.0, 0.0, 0.0, 0.0, 0.0, 0.0, 0.0, 0.0, 0.0, 0.0, 0.0, 0.0, 0.0, 0.0, 0.0, 0.0, 0.0, 0.0, 0.0, 0.0, 0.0, 0.0, 0.0, 0.0, 0.0], [0.0, 0.0, 0.0, 0.0, 0.0, 0.0, 0.0, 0.0, 0.0, 0.9687927607199697, 0.0, 0.0, 0.0, 0.0, 0.0, 0.0, 0.0, 0.0, 0.0, 0.0, 0.0, 0.0, 0.0, 0.0, 0.0, 0.0, 0.0, 0.0, 0.0, 0.0, 0.0, 0.0, 0.0, 0.0, 0.0, 0.0, 0.0, 0.0, 0.0, 0.0, 0.0], [0.0, 0.0, 0.0, 0.0, 0.0, 0.0, 0.0, 0.0, 0.0, 0.9687926239419797, 0.0, 0.0, 0.0, 0.0, 0.0, 0.0, 0.0, 0.0, 0.0, 0.0, 0.0, 0.0, 0.0, 0.0, 0.0, 0.0, 0.0, 0.0, 0.0, 0.0, 0.0, 0.0, 0.0, 0.0, 0.0, 0.0, 0.0, 0.0, 0.0, 0.0, 0.0], [0.0, 0.0, 0.0, 0.0, 0.0, 0.0, 0.0, 0.0, 0.0, 0.0, 0.0, 0.0, 0.0, 0.0, 0.969728734526993, 0.0, 0.0, 0.0, 0.0, 0.0, 0.0, 0.0, 0.0, 0.0, 0.0, 0.0, 0.0, 0.0, 0.0, 0.0, 0.0, 0.0, 0.0, 0.0, 0.0, 0.0, 0.0, 0.0, 0.0, 0.0, 0.0], [0.0, 0.0, 0.0, 0.0, 0.0, 0.0, 0.0, 0.0, 0.0, 0.0, 0.0, 0.0, 0.0, 0.0, 0.9691443269951977, 0.0, 0.0, 0.0, 0.0, 0.0, 0.0, 0.0, 0.0, 0.0, 0.0, 0.0, 0.0, 0.0, 0.0, 0.0, 0.0, 0.0, 0.0, 0.0, 0.0, 0.0, 0.0, 0.0, 0.0, 0.0, 0.0], [0.0, 0.0, 0.0, 0.0, 0.0, 0.0, 0.0, 0.0, 0.0, 0.0, 0.0, 0.0, 0.0, 0.0, 0.0, 0.9843654094265277, 0.0, 0.0, 0.0, 0.0, 0.0, 0.0, 0.0, 0.0, 0.0, 0.0, 0.0, 0.0, 0.0, 0.0, 0.0, 0.0, 0.0, 0.0, 0.0, 0.0, 0.0, 0.0, 0.0, 0.0, 0.0], [0.0, 0.0, 0.0, 0.0, 0.0, 0.0, 0.0, 0.0, 0.0, 0.0, 0.0, 0.0, 0.0, 0.0, 0.0, 0.9839495455772475, 0.0, 0.0, 0.0, 0.0, 0.0, 0.0, 0.0, 0.0, 0.0, 0.0, 0.0, 0.0, 0.0, 0.0, 0.0, 0.0, 0.0, 0.0, 0.0, 0.0, 0.0, 0.0, 0.0, 0.0, 0.0], [0.0, 0.0, 0.0, 0.0, 0.0, 0.0, 0.0, 0.0, 0.0, 0.0, 0.0, 0.0, 0.0, 0.0, 0.0, 0.9813564580292821, 0.0, 0.0, 0.0, 0.0, 0.0, 0.0, 0.0, 0.0, 0.0, 0.0, 0.0, 0.0, 0.0, 0.0, 0.0, 0.0, 0.0, 0.0, 0.0, 0.0, 0.0, 0.0, 0.0, 0.0, 0.0], [0.0, 0.0, 0.0, 0.0, 0.0, 0.0, 0.0, 0.0, 0.0, 0.0, 0.0, 0.0, 0.0, 0.0, 0.0, 0.0, 0.0, 0.970198973398405, 0.0, 0.0, 0.0, 0.0, 0.0, 0.0, 0.0, 0.0, 0.0, 0.0, 0.0, 0.0, 0.0, 0.0, 0.0, 0.0, 0.0, 0.0, 0.0, 0.0, 0.0, 0.0, 0.0], [0.0, 0.0, 0.0, 0.0, 0.0, 0.0, 0.0, 0.0, 0.0, 0.0, 0.0, 0.0, 0.0, 0.0, 0.0, 0.0, 0.0, 0.9701772466579498, 0.0, 0.0, 0.0, 0.0, 0.0, 0.0, 0.0, 0.0, 0.0, 0.0, 0.0, 0.0, 0.0, 0.0, 0.0, 0.0, 0.0, 0.0, 0.0, 0.0, 0.0, 0.0, 0.0], [0.0, 0.0, 0.0, 0.0, 0.0, 0.0, 0.0, 0.0, 0.0, 0.0, 0.0, 0.0, 0.0, 0.0, 0.0, 0.0, 0.0, 0.0, 0.9841880735505163, 0.0, 0.0, 0.0, 0.0, 0.0, 0.0, 0.0, 0.0, 0.0, 0.0, 0.0, 0.0, 0.0, 0.0, 0.0, 0.0, 0.0, 0.0, 0.0, 0.0, 0.0, 0.0], [0.0, 0.0, 0.0, 0.0, 0.0, 0.0, 0.0, 0.0, 0.0, 0.0, 0.0, 0.0, 0.0, 0.0, 0.0, 0.0, 0.0, 0.0, 0.9846074077368014, 0.0, 0.0, 0.0, 0.0, 0.0, 0.0, 0.0, 0.0, 0.0, 0.0, 0.0, 0.0, 0.0, 0.0, 0.0, 0.0, 0.0, 0.0, 0.0, 0.0, 0.0, 0.0], [0.0, 0.0, 0.0, 0.0, 0.0, 0.0, 0.0, 0.0, 0.0, 0.0, 0.0, 0.0, 0.0, 0.0, 0.0, 0.0, 0.0, 0.0, 0.9803665822526301, 0.0, 0.0, 0.0, 0.0, 0.0, 0.0, 0.0, 0.0, 0.0, 0.0, 0.0, 0.0, 0.0, 0.0, 0.0, 0.0, 0.0, 0.0, 0.0, 0.0, 0.0, 0.0]], "Born radii": [], "Atomic SASAs": [], "Solvent H bonds": [], "Total SASA": NaN, "Total FOD": 0.0, "FOD": [0.0, 0.0, 0.0, 0.0, 0.0, 0.0, 0.0, 0.0, 0.0, 0.0, 0.0, 0.0, 0.0, 0.0, 0.0, 0.0, 0.0, 0.0, 0.0, 0.0, 0.0, 0.0, 0.0, 0.0, 0.0, 0.0, 0.0, 0.0, 0.0, 0.0, 0.0, 0.0, 0.0, 0.0, 0.0, 0.0, 0.0, 0.0, 0.0, 0.0, 0.0], "FOD s proportion": [0.0, 0.0, 0.0, 0.0, 0.0, 0.0, 0.0, 0.0, 0.0, 0.0, 0.0, 0.0, 0.0, 0.0, 0.0, 0.0, 0.0, 0.0, 0.0, 0.0, 0.0, 0.0, 0.0, 0.0, 0.0, 0.0, 0.0, 0.0, 0.0, 0.0, 0.0, 0.0, 0.0, 0.0, 0.0, 0.0, 0.0, 0.0, 0.0, 0.0, 0.0], "FOD p proportion": [0.0, 0.0, 0.0, 0.0, 0.0, 0.0, 0.0, 0.0, 0.0, 0.0, 0.0, 0.0, 0.0, 0.0, 0.0, 0.0, 0.0, 0.0, 0.0, 0.0, 0.0, 0.0, 0.0, 0.0, 0.0, 0.0, 0.0, 0.0, 0.0, 0.0, 0.0, 0.0, 0.0, 0.0, 0.0, 0.0, 0.0, 0.0, 0.0, 0.0, 0.0], "FOD d proportion": [0.0, 0.0, 0.0, 0.0, 0.0, 0.0, 0.0, 0.0, 0.0, 0.0, 0.0, 0.0, 0.0, 0.0, 0.0, 0.0, 0.0, 0.0, 0.0, 0.0, 0.0, 0.0, 0.0, 0.0, 0.0, 0.0, 0.0, 0.0, 0.0, 0.0, 0.0, 0.0, 0.0, 0.0, 0.0, 0.0, 0.0, 0.0, 0.0, 0.0, 0.0], "coordinates": [["5.69210", "1.01310", "2.81460"], ["4.64890", "-0.02850", "2.46570"], ["4.31120", "0.11420", "1.09550"], ["2.90800", "-0.50840", "0.56040"], ["2.77470", "-2.44050", "0.79560"], ["3.00880", "-0.07820", "-1.00540"], ["4.08420", "-0.56160", "-1.79470"], ["4.15450", "0.26350", "-3.06370"], ["1.37100", "0.69940", "1.33430"], ["-0.01600", "0.24980", "0.27410"], ["-1.49140", "1.18070", "0.72860"], ["-2.90340", "0.43620", "-0.63960"], ["-2.67350", "0.85990", "-2.53000"], ["-4.37150", "0.82800", "-0.06170"], ["-4.78690", "2.18360", "-0.10100"], ["-5.90880", "2.37170", "0.89950"], ["-2.92910", "-1.16630", "-0.36010"], ["-3.92230", "-1.96760", "-0.98050"], ["-3.95940", "-3.31060", "-0.27990"], ["5.30430", "2.02140", "2.63530"], ["5.99040", "0.93100", "3.86350"], ["6.58000", "0.89660", "2.18430"], ["5.05460", "-1.03120", "2.63030"], ["3.76520", "0.10270", "3.09680"], ["3.90540", "-1.61120", "-2.04560"], ["5.02830", "-0.48240", "-1.24770"], ["4.31510", "1.32060", "-2.82730"], ["3.21200", "0.20060", "-3.61770"], ["4.96720", "-0.08140", "-3.70910"], ["0.24160", "0.46160", "-0.76650"], ["-0.21870", "-0.81930", "0.37400"], ["-5.14340", "2.41830", "-1.10840"], ["-3.95420", "2.84980", "0.14280"], ["-5.56950", "2.12100", "1.91000"], ["-6.74660", "1.70480", "0.67020"], ["-6.26800", "3.40460", "0.89390"], ["-4.90230", "-1.48620", "-0.91230"], ["-3.66730", "-2.10760", "-2.03500"], ["-2.98160", "-3.80070", "-0.33250"], ["-4.19580", "-3.18460", "0.78190"], ["-4.70800", "-3.96670", "-0.73270"]], "bond_dist": [[0.0, 1.51490198032744, 2.3812204496854124, 3.891990840174216, 4.951256074977338, 4.794104147804885, 5.129392653131558, 6.1221340078439965, 4.578384102497298, 6.294376279664253, 7.482122560477074, 9.28153713023872, 9.928317216930571, 10.46820942950608, 10.939846187675583, 11.836143070274202, 9.442118082824425, 10.757511043917175, 11.019154422640606, 1.0950827457320294, 1.0935787625955438, 1.0950875535773386, 2.1493104080146264, 2.149746173388849, 5.805238274179622, 4.3794328377085545, 5.815644492229558, 6.941580191138037, 6.654477586557791, 6.5449507034048775, 6.652200745617949, 11.609159155167095, 10.176595001276214, 11.352064928020805, 12.641129614872241, 12.347159703753734, 11.505546291245802, 10.993441545303273, 10.407208104962637, 10.932663032857091, 12.06415456383082], [1.51490198032744, 0.0, 1.418397906089825, 2.6251104567236787, 3.481322112359039, 3.839392309988652, 4.330599249526559, 5.559133000747509, 3.5432376126926632, 5.161574707393084, 6.49484142531594, 8.179001740432632, 8.90863709048696, 9.406857029316434, 10.025749694661243, 10.939788470075644, 8.167363006503384, 9.439378829668826, 9.613185146453802, 2.158796731978256, 2.161968394773615, 2.159662746819512, 1.0941174251422923, 1.0938127536283349, 4.838342611886843, 3.760227271056897, 5.472416490911487, 6.2549919248549, 6.183224752505766, 5.487404499396778, 5.3566877163037985, 10.707481512475285, 9.36449704522352, 10.456808848783647, 11.665571970117883, 11.551425732782945, 10.235291628966907, 9.681845884953963, 8.960130932637089, 9.540695348872637, 10.643813198755415], [2.3812204496854124, 1.418397906089825, 0.0, 1.625710001814592, 2.9962083288716754, 2.4793233613226016, 2.976825604566045, 4.164827729930735, 3.0073677061510122, 4.406557064194222, 5.911193163820651, 7.427294875659644, 7.904830980482758, 8.788509633037902, 9.406883236226545, 10.46819574950717, 7.495358276960482, 8.742664896357402, 9.056699429703958, 2.6447388320966585, 3.3389667383788058, 2.6353536081520446, 2.054311505103352, 2.074475822949017, 3.606686569415202, 2.5220527770052708, 4.104116958616068, 4.840450375739845, 4.853120286990628, 4.488805511491894, 4.68102323322583, 9.977750907895024, 8.758309300886786, 10.115279975364004, 11.179706136120037, 11.080922676383949, 9.564576480430276, 8.853975815417614, 8.399437948458218, 9.129593386345311, 10.066877802476796], [3.891990840174216, 2.6251104567236787, 1.625710001814592, 0.0, 1.9509224331069652, 1.6269487760836234, 2.633015892470078, 3.9094363621882886, 2.1023965016142885, 3.034239761455907, 4.71551380127341, 6.0087135994320775, 6.525025616807952, 7.427253437173126, 8.178985265300335, 9.28148302050917, 5.9457454595702295, 7.152386702353278, 7.464557032403196, 4.055533471690254, 4.741680264421042, 4.253781871464497, 3.0274902823956347, 2.746190089924585, 3.000368410712258, 2.7866778967078343, 4.098985569625734, 4.248719408245266, 4.759334395690221, 3.132291903702463, 3.1476430324927254, 8.72785817311441, 7.651253873712465, 8.977926863702999, 9.905635337523789, 9.981070446099457, 8.007853908507572, 7.247628018186364, 6.806166164589284, 7.594411308982415, 8.463769993330395], [4.951256074977338, 3.481322112359039, 2.9962083288716754, 1.9509224331069652, 0.0, 2.979742455313882, 3.4575583219954513, 4.9101589108704005, 3.481313457590396, 3.9112252338621465, 5.596176163238609, 6.525030386136145, 7.185759442118836, 7.904823209914312, 8.908646750769726, 9.92830480495034, 5.957563475952229, 6.944636392209459, 6.874727417869016, 5.449029625538844, 5.578507788826686, 5.248336135386148, 3.24810630829719, 3.5699408860652024, 3.1683810408472017, 3.617726283178427, 5.444640463795566, 5.161768823765746, 5.5375744825690605, 4.156794008608077, 3.4302302488317022, 9.483114522666064, 8.58437633960674, 9.57469807617974, 10.385296863354462, 10.767789011213026, 7.922369588702613, 7.044322733237029, 6.02144030444544, 7.010117170918043, 7.788182497861745], [4.794104147804885, 3.839392309988652, 2.4793233613226016, 1.6269487760836234, 2.979742455313882, 0.0, 1.418857008299286, 2.3803332266722657, 2.9599403186550908, 3.30062407583778, 4.984313919688446, 5.945799007702834, 5.957597675237897, 7.495371653227077, 8.167411896678164, 9.442152497179867, 6.071163818412414, 7.18405175231916, 7.715605695601609, 4.788771961578458, 5.797810829097479, 4.886500851325006, 4.279231371403046, 4.175273716775943, 2.0581536871672146, 2.0737567793740905, 2.6424194860014185, 2.634982157434847, 3.338462893308835, 2.829461625468704, 3.5873011889162583, 8.526516644562422, 7.640347913544252, 9.32326491578996, 10.057562006768837, 10.089412994322316, 8.035958861268517, 7.053286590661123, 7.084821297675757, 8.046764779089793, 8.645449657478784], [5.129392653131558, 4.330599249526559, 2.976825604566045, 2.633015892470078, 3.4575583219954513, 1.418857008299286, 0.0, 1.515286474565123, 4.3292281344369, 4.663683462671969, 6.363172757359335, 7.152371257841696, 6.944626529195073, 8.742604854961707, 9.439340969580451, 10.757463061986316, 7.184018105489434, 8.169687869802615, 8.634299102996144, 5.271188956013623, 6.154403337448724, 4.918109990636647, 4.55442919804447, 4.94669867083088, 1.0938831793203512, 1.093986494432175, 2.1592254189870963, 2.159863579025305, 2.1622230227245294, 4.107275038270507, 4.82541370143535, 9.721080879202681, 8.944687293024838, 10.682465471041786, 11.336601325353204, 11.407337868232009, 9.076932145279041, 7.907819695718915, 7.909192581420684, 9.059657640330567, 9.488167939597192], [6.1221340078439965, 5.559133000747509, 4.164827729930735, 3.9094363621882886, 4.9101589108704005, 2.3803332266722657, 1.515286474565123, 0.0, 5.223053231587823, 5.341738179656505, 6.862869803515144, 7.4645856221226365, 6.8747445516178995, 9.056673796157174, 9.613168533839401, 11.019140999642396, 7.715644494143053, 8.634363189604661, 9.292960048337665, 6.073784112890414, 7.197373472316134, 5.815958206521088, 5.9083046722388985, 6.174882296853925, 2.1478078382387937, 2.1488948904029717, 1.0950514736760093, 1.0950701621357417, 1.0936080010680247, 4.541713097499665, 5.667019972613472, 9.742551284956113, 9.09514186970165, 11.078996973553156, 11.612636914585764, 11.582642756297027, 9.471831833916815, 8.23777240156585, 8.654542061253155, 9.818632443471953, 10.09316894191314], [4.578384102497298, 3.5432376126926632, 3.0073677061510122, 2.1023965016142885, 3.481313457590396, 2.9599403186550908, 4.3292281344369, 5.223053231587823, 0.0, 1.8027571106502396, 2.9651063960674326, 4.715511723026463, 5.596119636855524, 5.911147114562452, 6.494818560976126, 7.482053619829251, 4.98424396072263, 6.363192039377721, 6.862864256270846, 4.348693354330701, 5.271560258595173, 5.281578252757408, 4.271241191972188, 3.0322682566026375, 4.815161443814735, 4.63025037443981, 5.135419049113714, 5.306636075707472, 6.243251287590465, 2.396967634324669, 2.3991189778750033, 7.166505972927115, 5.865291761711433, 7.107947474482349, 8.206539327268224, 8.11581050789137, 7.012727843713886, 6.6795133340685835, 6.478753661777858, 6.810276352689368, 7.937204747894564], [6.294376279664253, 5.161574707393084, 4.406557064194222, 3.034239761455907, 3.9112252338621465, 3.30062407583778, 4.663683462671969, 5.341738179656505, 1.8027571106502396, 0.0, 1.802761831191242, 3.0342497276921683, 3.911202509459207, 4.406524382095259, 5.161566550961055, 6.294336868169673, 3.300560628135772, 4.663696346247256, 5.341700826515839, 6.084358971165327, 7.0302679010120235, 6.8974220024586, 5.736168041471588, 4.720884148123104, 4.921555348667736, 5.3194881868465504, 5.433573576385987, 5.056531605755075, 6.388102842002468, 1.0927329774469148, 1.0927223389315328, 5.736194667198804, 4.720874805584236, 6.084317587042937, 6.897455804135319, 7.03025028572952, 5.319508309045114, 4.921510871673454, 5.056609256211122, 5.433570855339976, 6.388065629750527], [7.482122560477074, 6.49484142531594, 5.911193163820651, 4.71551380127341, 5.596176163238609, 4.984313919688446, 6.363172757359335, 6.862869803515144, 2.9651063960674326, 1.802761831191242, 0.0, 2.102378531568471, 3.481199076467762, 3.0073156452224965, 3.543213911126451, 4.578330543986531, 2.959840870722614, 4.329213613348271, 5.223013683688757, 7.108010964397846, 8.115865902046435, 8.206538445654173, 7.166524994723733, 5.865347287245658, 6.67954650331892, 7.012713553967537, 6.810245154911826, 6.478648876116069, 7.937228210149939, 2.3991077132967584, 2.3969786085820624, 4.271220757582076, 3.0322335480632097, 4.348651476032541, 5.281592412331721, 5.271523770220523, 4.630242675065746, 4.815074522787784, 5.306691550297605, 5.135412772114819, 6.243207509766114], [9.28153713023872, 8.179001740432632, 7.427294875659644, 6.0087135994320775, 6.525030386136145, 5.945799007702834, 7.152371257841696, 7.4645856221226365, 4.715511723026463, 3.0342497276921683, 2.102378531568471, 0.0, 1.9508941180904718, 1.625667020025934, 2.625084564352166, 3.8919684248462247, 1.6268948921181108, 2.632987743989706, 3.909351650849537, 8.97798242034367, 9.981102899479597, 9.905617342195285, 8.72784468067575, 7.651283106120174, 7.247650667630166, 8.00783843867994, 7.594401681501974, 6.806078469280236, 8.46381027492937, 3.147661635246076, 3.1322961705432646, 3.0275557550605074, 2.74623293986508, 4.055502485512738, 4.2538345336884, 4.741682609580695, 2.7866805091362736, 3.000267123107541, 4.248734783438477, 4.098920912874509, 4.759283263265594], [9.928317216930571, 8.90863709048696, 7.904830980482758, 6.525025616807952, 7.185759442118836, 5.957597675237897, 6.944626529195073, 6.8747445516178995, 5.596119636855524, 3.911202509459207, 3.481199076467762, 1.9508941180904718, 0.0, 2.9961185724199897, 3.481189775062543, 4.9511792110566955, 2.979812713913409, 3.457630393781267, 4.910148579218352, 9.574690552701952, 10.767778817843539, 10.385241144528132, 9.483063055258041, 8.584351330764601, 7.0443526161032, 7.922359864333354, 7.010075729976103, 6.021368451606329, 7.788235935691729, 3.430216195810404, 4.156798248652441, 3.248070678110314, 3.5698395398112783, 5.4489255096761955, 5.248359711376498, 5.578442394611599, 3.6178291750717033, 3.168393865983205, 5.161891535086726, 5.4446358142671025, 5.537647975449505], [10.46820942950608, 9.406857029316434, 8.788509633037902, 7.427253437173126, 7.904823209914312, 7.495371653227077, 8.742604854961707, 9.056673796157174, 5.911147114562452, 4.406524382095259, 3.0073156452224965, 1.625667020025934, 2.9961185724199897, 0.0, 1.418362792095168, 2.3812195236894897, 2.479272637286993, 2.976802553076035, 4.164786622385353, 10.115291305741025, 11.080919440642099, 11.179650003913359, 9.977717667382656, 8.758314291574608, 8.85396122986768, 9.564516935005132, 9.129524504594968, 8.399299911897419, 10.06686906689463, 4.680991733596632, 4.488783757322244, 2.0543769347420158, 2.0745203734839532, 2.644740798263603, 2.635442251311912, 3.338974568636305, 2.522060792288719, 3.6065992139410223, 4.8404564185622005, 4.104082139772546, 4.853104299311935], [10.939846187675583, 10.025749694661243, 9.406883236226545, 8.178985265300335, 8.908646750769726, 8.167411896678164, 9.439340969580451, 9.613168533839401, 6.494818560976126, 5.161566550961055, 3.543213911126451, 2.625084564352166, 3.481189775062543, 1.418362792095168, 0.0, 1.5149394278320174, 3.8393207289831883, 4.330532859822219, 5.559046240138681, 10.456862051782075, 11.551470135874482, 11.665563882641937, 10.707476872727767, 9.364533307111467, 9.681841534026468, 10.235263940416974, 9.54064382995194, 8.960015016728489, 10.64382813747009, 5.356676814966534, 5.487393247253198, 1.0940891645565272, 1.0939150652587248, 2.1588197053019504, 2.159727522165701, 2.162018552186821, 3.760180433170728, 4.838208098046218, 6.25496177686163, 5.472337970191534, 6.183159401956252], [11.836143070274202, 10.939788470075644, 10.46819574950717, 9.28148302050917, 9.92830480495034, 9.442152497179867, 10.757463061986316, 11.019140999642396, 7.482053619829251, 6.294336868169673, 4.578330543986531, 3.8919684248462247, 4.9511792110566955, 2.3812195236894897, 1.5149394278320174, 0.0, 4.794022136995197, 5.129337846155193, 6.1220648485621245, 11.352062514803203, 12.34714028145789, 12.64107418260015, 11.609114376643896, 10.17657920374032, 10.993435680441305, 11.50549916605099, 10.932610880297533, 10.407101598908316, 12.064172974970145, 6.652176949690981, 6.5449117075786445, 2.1493420225734203, 2.1497989813003446, 1.095027501937737, 1.0950995114600313, 1.0935896899660307, 4.379389672089023, 5.805147800874669, 6.941530494062531, 5.815554010582312, 6.654420488667665], [9.442118082824425, 8.167363006503384, 7.495358276960482, 5.9457454595702295, 5.957563475952229, 6.071163818412414, 7.184018105489434, 7.715644494143053, 4.98424396072263, 3.300560628135772, 2.959840870722614, 1.6268948921181108, 2.979812713913409, 2.479272637286993, 3.8393207289831883, 4.794022136995197, 0.0, 1.418951757460415, 2.380330359424927, 9.32323591946487, 10.08934807110945, 10.057460443869516, 8.526441805348817, 7.640299149902443, 7.053313867254172, 8.035904910462792, 8.046749722092766, 7.084735886396896, 8.645482213271855, 3.587277220957421, 2.8294133614585197, 4.279303043721022, 4.175260187102117, 4.788674916926393, 4.886516095338273, 5.797749220171566, 2.073831982104626, 2.058221304913541, 2.6350676215232127, 2.642390542671541, 3.338496088061209], [10.757511043917175, 9.439378829668826, 8.742664896357402, 7.152386702353278, 6.944636392209459, 7.18405175231916, 8.169687869802615, 8.634363189604661, 6.363192039377721, 4.663696346247256, 4.329213613348271, 2.632987743989706, 3.457630393781267, 2.976802553076035, 4.330532859822219, 5.129337846155193, 1.418951757460415, 0.0, 1.5152114604899212, 10.682522089843765, 11.407358995402925, 11.336573819721725, 9.721083026597398, 8.944728818136412, 7.90786610028268, 9.07691881863003, 9.05967373805481, 7.909118254900479, 9.488214724066905, 4.825440068014522, 4.107300342073854, 4.5545101196506295, 4.946732584241845, 5.2711391605610265, 4.918130004381746, 6.154365661057197, 1.0939822667666972, 1.0938899624733742, 2.1598787234472216, 2.159153771735584, 2.1622049255331928], [11.019154422640606, 9.613185146453802, 9.056699429703958, 7.464557032403196, 6.874727417869016, 7.715605695601609, 8.634299102996144, 9.292960048337665, 6.862864256270846, 5.341700826515839, 5.223013683688757, 3.909351650849537, 4.910148579218352, 4.164786622385353, 5.559046240138681, 6.1220648485621245, 2.380330359424927, 1.5152114604899212, 0.0, 11.079023094569305, 11.582635889986355, 11.612569303991258, 9.74254198861878, 9.095172617383355, 8.237762796415057, 9.471752919602581, 9.81858495150905, 8.654386878340949, 10.09313295463802, 5.6669809775576265, 4.541695431223895, 5.908346931249044, 6.174887083178121, 6.073743703845265, 5.815961744200179, 7.197315571794806, 2.1488195666458365, 2.1477680088873656, 1.0950148903097165, 1.0950708652868089, 1.093570761313597], [1.0950827457320294, 2.158796731978256, 2.6447388320966585, 4.055533471690254, 5.449029625538844, 4.788771961578458, 5.271188956013623, 6.073784112890414, 4.348693354330701, 6.084358971165327, 7.108010964397846, 8.97798242034367, 9.574690552701952, 10.115291305741025, 10.456862051782075, 11.352062514803203, 9.32323591946487, 10.682522089843765, 11.079023094569305, 0.0, 1.7799383725286675, 1.7595415681364284, 3.0627996751338475, 2.5026427531711346, 6.087982324218755, 4.628485652997101, 5.595501410955054, 6.840543906006305, 6.692295242291691, 6.295724785122044, 6.609582678202913, 11.105280482275086, 9.623857078115822, 10.898417623214847, 12.214173913122407, 11.784050385584745, 11.360607689732094, 10.92474025549349, 10.552763811438215, 10.990424358049147, 12.142772208190351], [1.0935787625955438, 2.161968394773615, 3.3389667383788058, 4.74