{"total energy": -24.05151419, "HOMO-LUMO gap/eV": 11.70744147, "electronic energy": -24.35073137, "dipole": [-0.58056855, -0.41286967, -0.00045102], "partial charges": [-0.10074797, -0.05414114, -0.07196503, 0.11476136, -0.44949028, -0.05665895, -0.09932522, 0.03385914, 0.035325, 0.03314036, 0.03263075, 0.02878474, 0.04189284, 0.0284477, 0.01164256, 0.28034666, 0.0457711, 0.03243571, 0.03151686, 0.05041234, 0.03136147], "atomic dipole moments": [[0.10293192, -0.02313611, 0.01182588], [-0.03280061, 0.06307933, -0.08562621], [0.04438518, -0.07447497, 0.07268427], [0.05020566, 0.13158947, -0.10761771], [-0.17080911, -0.14777759, 0.07575961], [0.02937754, -0.07443314, -0.08847874], [-0.11138368, 0.02716819, 0.00394212], [-0.06685795, -0.05294722, 0.09153351], [-0.0204608, 0.12466981, 0.00476163], [-0.04465887, -0.04337951, -0.10921312], [0.03170323, 0.03958839, 0.11337286], [0.01113947, -0.12306366, 0.00090208], [-0.01322032, 0.12584827, -0.00141717], [-0.04677169, -0.02461513, -0.10901759], [0.01555076, -0.11748136, -0.01719316], [-0.03856815, -0.0365344, -0.05747144], [-0.00060152, 0.12618858, 0.00887493], [-0.04754507, -0.04320326, 0.10561739], [0.01435979, -0.12469863, -0.0045646], [0.06715602, 0.05295557, -0.09752317], [0.05252869, 0.03918833, 0.10468935]], "atomic quadrupole moments": [[0.2198907, -0.07381076, -0.11113029, 0.03486148, -0.01743306, -0.1087604], [0.1973721, -0.00157249, -0.15151834, -0.07859026, -0.11990822, -0.04585376], [0.19658749, -0.01321275, -0.16273542, -0.12203284, -0.10599213, -0.03385206], [0.04303404, 0.09437142, -0.25152394, -0.13812626, -0.1526841, 0.2084899], [-0.01685332, 0.08162407, -0.05847125, -0.08095145, -0.07481587, 0.07532457], [0.15945114, -0.0353018, -0.1688745, 0.10965359, 0.10414043, 0.00942336], [0.2129521, -0.10107225, -0.09393288, 0.01860792, 0.01416622, -0.11901923], [-0.00173779, 0.02112475, -0.02466428, -0.04173077, -0.04882322, 0.02640207], [-0.02882453, -0.00577094, 0.07947261, 0.00598813, 0.00553225, -0.05064808], [-0.02395469, 0.00237776, -0.03023807, 0.0282945, 0.0450233, 0.05419276], [-0.00779053, 0.0164102, -0.02159484, 0.01998043, 0.03270553, 0.02938537], [-0.01880674, -0.00880587, 0.05510105, -0.00853352, 0.0112664, -0.03629431], [-0.02851015, 0.00262439, 0.05639788, -0.00717342, 0.0212915, -0.02788774], [-0.01226221, 0.01772478, -0.02460734, 0.02303279, 0.03698217, 0.03686955], [-0.0226133, 0.00458254, 0.02329017, -0.00652619, -0.01059423, -0.00067687], [-0.04215194, 0.05095688, -0.04388972, 0.06524299, 0.0533559, 0.08604166], [-0.0143244, -0.00775206, 0.05791111, 0.00919346, -0.00661646, -0.04358671], [0.00562935, 0.02102008, -0.02727628, -0.02758469, -0.03880048, 0.02164693], [-0.02836103, -0.00067542, 0.08170734, -0.00222138, 0.00837835, -0.05334631], [-0.01268455, 0.01089282, -0.0199597, -0.03640847, -0.04619787, 0.03264425], [-0.01427329, 0.00934405, -0.03725581, 0.03810509, 0.04420854, 0.0515291]], "number of molecular orbitals": 42, "number of electrons": 44, "number of unpaired electrons": 0, "orbital energies/eV": [-18.4544302, -17.16993572, -16.84115824, -16.38459079, -15.86314119, -15.38117794, -15.20943396, -15.12058646, -14.12814503, -13.999515, -13.73599736, -13.22843973, -13.11815184, -12.92780589, -12.57464929, -12.5126627, -12.16120421, -11.96240678, -11.82537112, -11.56278566, -11.46340434, -10.91667122, 0.79077026, 1.73504729, 2.17793451, 3.18140855, 3.30656719, 3.49288338, 4.12312259, 4.28177744, 4.37480881, 4.65661901, 5.02151257, 5.05995524, 5.39315409, 5.88455497, 6.46422596, 6.75736751, 7.01482236, 7.31798013, 8.05123797, 8.19074047], "fractional occupation": [2.0, 2.0, 2.0, 2.0, 2.0, 2.0, 2.0, 2.0, 2.0, 2.0, 2.0, 2.0, 2.0, 2.0, 2.0, 2.0, 2.0, 2.0, 2.0, 2.0, 2.0, 2.0, 0.0, 0.0, 0.0, 0.0, 0.0, 0.0, 0.0, 0.0, 0.0, 0.0, 0.0, 0.0, 0.0, 0.0, 0.0, 0.0, 0.0, 0.0, 0.0, 0.0], "program call": "xtb /home/svss/Project-DBcg-Debug/aqme2_20220329/End-to-End-workflows-final/example-3/QDESCP/mol_389_rdkit_conf_5/mol_389_rdkit_conf_5.xyz --pop --wbo --acc 0.2 --gfn 2 --chrg 0 --uhf 0 --etemp 300 --input /home/svss/Project-DBcg-Debug/aqme2_20220329/End-to-End-workflows-final/example-3/QDESCP/mol_389_rdkit_conf_5/mol_389_rdkit_conf_5_xtb.inp", "method": "GFN2-xTB", "xtb version": "6.3.3 (7355c4f)", "Dipole module/D": 1.811, "Total charge": 0, "Transition dipole module/D": NaN, "HOMO": -10.9167, "LUMO": 0.7908, "HOMO occupancy": 2.0, "LUMO occupancy": 0, "mulliken charges": [-0.08229, -0.04092, -0.07425, 0.21873, -0.57006, -0.04721, -0.07617, 0.02935, 0.02883, 0.02699, 0.02362, 0.02095, 0.03512, 0.0241, 0.00757, 0.33357, 0.03498, 0.01906, 0.02257, 0.04155, 0.02389], "cm5 charges": [-0.23271, -0.15341, -0.1803, 0.17107, -0.78122, -0.15459, -0.22537, 0.08012, 0.08012, 0.07828, 0.07898, 0.07587, 0.0926, 0.08188, 0.07412, 0.50287, 0.09219, 0.07493, 0.07438, 0.09544, 0.07474], "FUKUI+": [0.021, -0.02, -0.004, -0.045, -0.167, 0.017, 0.024, -0.071, -0.039, -0.04, -0.047, -0.048, -0.063, -0.051, -0.09, -0.118, -0.057, -0.089, -0.035, -0.028, -0.051], "FUKUI-": [0.018, 0.007, 0.005, 0.004, -0.106, 0.009, 0.016, -0.067, -0.059, -0.072, -0.075, -0.067, -0.066, -0.063, -0.089, -0.053, -0.066, -0.069, -0.059, -0.082, -0.066], "FUKUIrad": [0.019, -0.007, 0.0, -0.02, -0.137, 0.013, 0.02, -0.069, -0.049, -0.056, -0.061, -0.057, -0.064, -0.057, -0.09, -0.085, -0.062, -0.079, -0.047, -0.055, -0.059], "s proportion": [1.008, 1.027, 1.044, 1.021, 1.699, 1.03, 1.005, 0.971, 0.971, 0.973, 0.976, 0.979, 0.965, 0.976, 0.992, 0.666, 0.965, 0.981, 0.977, 0.958, 0.976], "p proportion": [3.075, 3.014, 3.031, 2.761, 4.871, 3.017, 3.071, 0.0, 0.0, 0.0, 0.0, 0.0, 0.0, 0.0, 0.0, 0.0, 0.0, 0.0, 0.0, 0.0, 0.0], "d proportion": [0.0, 0.0, 0.0, 0.0, 0.0, 0.0, 0.0, 0.0, 0.0, 0.0, 0.0, 0.0, 0.0, 0.0, 0.0, 0.0, 0.0, 0.0, 0.0, 0.0, 0.0], "Fermi-level/eV": -5.063, "Coordination numbers": [3.75, 3.799, 3.801, 3.724, 1.653, 3.799, 3.749, 0.924, 0.924, 0.924, 0.924, 0.924, 0.924, 0.923, 0.924, 0.804, 0.924, 0.924, 0.924, 0.924, 0.924], "Dispersion coefficient C6": [22.488, 21.548, 21.876, 18.803, 21.835, 21.595, 22.462, 2.532, 2.512, 2.542, 2.549, 2.604, 2.424, 2.609, 2.864, 0.783, 2.374, 2.552, 2.565, 2.315, 2.567], "Total dispersion C6": 2909.469632, "Total dispersion C8": 60046.921238, "Polarizability alpha": [6.763, 6.609, 6.659, 6.192, 6.308, 6.616, 6.759, 2.489, 2.479, 2.494, 2.497, 2.524, 2.435, 2.526, 2.647, 1.39, 2.409, 2.498, 2.505, 2.379, 2.506], "Total polarizability alpha": 79.683533, "Wiberg matrix": [[0.0, 1.0198304895025845, 0.0, 0.0, 0.0, 0.0, 0.0, 0.9871860730374926, 0.9876262521280164, 0.9875604277982903, 0.0, 0.0, 0.0, 0.0, 0.0, 0.0, 0.0, 0.0, 0.0, 0.0, 0.0], [1.0198304895025845, 0.0, 1.0077595394746717, 0.0, 0.0, 0.0, 0.0, 0.0, 0.0, 0.0, 0.9756714064526933, 0.9778269277268793, 0.0, 0.0, 0.0, 0.0, 0.0, 0.0, 0.0, 0.0, 0.0], [0.0, 1.0077595394746717, 0.0, 0.988318134306314, 0.0, 0.0, 0.0, 0.0, 0.0, 0.0, 0.0, 0.0, 0.9756589333381634, 0.9732427546151448, 0.0, 0.0, 0.0, 0.0, 0.0, 0.0, 0.0], [0.0, 0.0, 0.988318134306314, 0.0, 0.9778115922229088, 0.9950194364641248, 0.0, 0.0, 0.0, 0.0, 0.0, 0.0, 0.0, 0.0, 0.9640231824631835, 0.0, 0.0, 0.0, 0.0, 0.0, 0.0], [0.0, 0.0, 0.0, 0.9778115922229088, 0.0, 0.0, 0.0, 0.0, 0.0, 0.0, 0.0, 0.0, 0.0, 0.0, 0.0, 0.9050086652117977, 0.0, 0.0, 0.0, 0.0, 0.0], [0.0, 0.0, 0.0, 0.9950194364641248, 0.0, 0.0, 1.0192876983484995, 0.0, 0.0, 0.0, 0.0, 0.0, 0.0, 0.0, 0.0, 0.0, 0.9760949937142824, 0.9740681645386078, 0.0, 0.0, 0.0], [0.0, 0.0, 0.0, 0.0, 0.0, 1.0192876983484995, 0.0, 0.0, 0.0, 0.0, 0.0, 0.0, 0.0, 0.0, 0.0, 0.0, 0.0, 0.0, 0.9878264345071432, 0.9866594996554996, 0.987418621550076], [0.9871860730374926, 0.0, 0.0, 0.0, 0.0, 0.0, 0.0, 0.0, 0.0, 0.0, 0.0, 0.0, 0.0, 0.0, 0.0, 0.0, 0.0, 0.0, 0.0, 0.0, 0.0], [0.9876262521280164, 0.0, 0.0, 0.0, 0.0, 0.0, 0.0, 0.0, 0.0, 0.0, 0.0, 0.0, 0.0, 0.0, 0.0, 0.0, 0.0, 0.0, 0.0, 0.0, 0.0], [0.9875604277982903, 0.0, 0.0, 0.0, 0.0, 0.0, 0.0, 0.0, 0.0, 0.0, 0.0, 0.0, 0.0, 0.0, 0.0, 0.0, 0.0, 0.0, 0.0, 0.0, 0.0], [0.0, 0.9756714064526933, 0.0, 0.0, 0.0, 0.0, 0.0, 0.0, 0.0, 0.0, 0.0, 0.0, 0.0, 0.0, 0.0, 0.0, 0.0, 0.0, 0.0, 0.0, 0.0], [0.0, 0.9778269277268793, 0.0, 0.0, 0.0, 0.0, 0.0, 0.0, 0.0, 0.0, 0.0, 0.0, 0.0, 0.0, 0.0, 0.0, 0.0, 0.0, 0.0, 0.0, 0.0], [0.0, 0.0, 0.9756589333381634, 0.0, 0.0, 0.0, 0.0, 0.0, 0.0, 0.0, 0.0, 0.0, 0.0, 0.0, 0.0, 0.0, 0.0, 0.0, 0.0, 0.0, 0.0], [0.0, 0.0, 0.9732427546151448, 0.0, 0.0, 0.0, 0.0, 0.0, 0.0, 0.0, 0.0, 0.0, 0.0, 0.0, 0.0, 0.0, 0.0, 0.0, 0.0, 0.0, 0.0], [0.0, 0.0, 0.0, 0.9640231824631835, 0.0, 0.0, 0.0, 0.0, 0.0, 0.0, 0.0, 0.0, 0.0, 0.0, 0.0, 0.0, 0.0, 0.0, 0.0, 0.0, 0.0], [0.0, 0.0, 0.0, 0.0, 0.9050086652117977, 0.0, 0.0, 0.0, 0.0, 0.0, 0.0, 0.0, 0.0, 0.0, 0.0, 0.0, 0.0, 0.0, 0.0, 0.0, 0.0], [0.0, 0.0, 0.0, 0.0, 0.0, 0.9760949937142824, 0.0, 0.0, 0.0, 0.0, 0.0, 0.0, 0.0, 0.0, 0.0, 0.0, 0.0, 0.0, 0.0, 0.0, 0.0], [0.0, 0.0, 0.0, 0.0, 0.0, 0.9740681645386078, 0.0, 0.0, 0.0, 0.0, 0.0, 0.0, 0.0, 0.0, 0.0, 0.0, 0.0, 0.0, 0.0, 0.0, 0.0], [0.0, 0.0, 0.0, 0.0, 0.0, 0.0, 0.9878264345071432, 0.0, 0.0, 0.0, 0.0, 0.0, 0.0, 0.0, 0.0, 0.0, 0.0, 0.0, 0.0, 0.0, 0.0], [0.0, 0.0, 0.0, 0.0, 0.0, 0.0, 0.9866594996554996, 0.0, 0.0, 0.0, 0.0, 0.0, 0.0, 0.0, 0.0, 0.0, 0.0, 0.0, 0.0, 0.0, 0.0], [0.0, 0.0, 0.0, 0.0, 0.0, 0.0, 0.987418621550076, 0.0, 0.0, 0.0, 0.0, 0.0, 0.0, 0.0, 0.0, 0.0, 0.0, 0.0, 0.0, 0.0, 0.0]], "Born radii": [], "Atomic SASAs": [], "Solvent H bonds": [], "Total SASA": NaN, "Total FOD": 0.0, "FOD": [0.0, 0.0, 0.0, 0.0, 0.0, 0.0, 0.0, 0.0, 0.0, 0.0, 0.0, 0.0, 0.0, 0.0, 0.0, 0.0, 0.0, 0.0, 0.0, 0.0, 0.0], "FOD s proportion": [0.0, 0.0, 0.0, 0.0, 0.0, 0.0, 0.0, 0.0, 0.0, 0.0, 0.0, 0.0, 0.0, 0.0, 0.0, 0.0, 0.0, 0.0, 0.0, 0.0, 0.0], "FOD p proportion": [0.0, 0.0, 0.0, 0.0, 0.0, 0.0, 0.0, 0.0, 0.0, 0.0, 0.0, 0.0, 0.0, 0.0, 0.0, 0.0, 0.0, 0.0, 0.0, 0.0, 0.0], "FOD d proportion": [0.0, 0.0, 0.0, 0.0, 0.0, 0.0, 0.0, 0.0, 0.0, 0.0, 0.0, 0.0, 0.0, 0.0, 0.0, 0.0, 0.0, 0.0, 0.0, 0.0, 0.0], "coordinates": [["-3.07320", "-0.04970", "0.32930"], ["-1.59990", "-0.38450", "0.50730"], ["-0.74820", "0.24980", "-0.59160"], ["0.73110", "-0.15510", "-0.53790"], ["1.38350", "0.39800", "-1.68240"], ["1.44900", "0.34970", "0.71870"], ["2.92000", "-0.04820", "0.74540"], ["-3.66520", "-0.50880", "1.12730"], ["-3.23630", "1.03230", "0.36450"], ["-3.44810", "-0.42330", "-0.62890"], ["-1.27920", "-0.03020", "1.49240"], ["-1.47520", "-1.47330", "0.49370"], ["-0.83150", "1.34360", "-0.54700"], ["-1.15330", "-0.03250", "-1.57240"], ["0.82180", "-1.24590", "-0.60180"], ["0.95690", "0.02500", "-2.47260"], ["1.39030", "1.44380", "0.76540"], ["0.96920", "-0.04700", "1.61920"], ["3.03170", "-1.13600", "0.69540"], ["3.46990", "0.39420", "-0.09100"], ["3.38660", "0.29830", "1.67310"]], "bond_dist": [[0.0, 1.5213112534915396, 2.5186071666697054, 3.9033118617399762, 4.91014735725925, 4.556472929799979, 6.0076274601543, 1.0945505059155562, 1.0947897743402613, 1.0946571198325072, 2.138134200652522, 2.1464548259863285, 2.781079910754094, 2.7023646571105093, 4.17957732910877, 4.90896421966997, 4.726897260360119, 4.243211880168134, 6.2115924616800156, 6.571594700679585, 6.607262555703382], [1.5213112534915396, 0.0, 1.5281723037668233, 2.5648837010671652, 3.7825610239624683, 3.143172093602258, 4.538643553970723, 2.159933929545068, 2.169220837074916, 2.1698615439700295, 1.0948967942230903, 1.09600204835575, 2.1652521007956556, 2.1560398071464264, 2.7994184503214234, 3.9477487888668903, 3.5143409823180223, 2.819663573903809, 4.695939993228192, 5.164030269082473, 5.166283744627274], [2.5186071666697054, 1.5281723037668233, 0.0, 1.534651813930443, 2.399156678918657, 2.5601863096267037, 3.915617989538816, 3.469723356407539, 2.777962395353832, 2.782789052371739, 2.1687362679680535, 2.162285526936718, 1.0978736220531031, 1.0980746513784936, 2.168437808653963, 2.548737344254994, 2.8000477228075953, 2.8151713340399014, 4.226636328098267, 4.250155212459894, 4.714635657184975], [3.9033118617399762, 2.5648837010671652, 1.534651813930443, 0.0, 1.4287846653712377, 1.5327253537408456, 2.5396003051661498, 4.714387385440446, 4.238455765960051, 4.188785609218978, 2.8598993321444026, 2.7694059814335636, 2.165156636366062, 2.1531800598185002, 1.0964279912515915, 1.9561405215372436, 2.1655522944505403, 2.1728915366395993, 2.7885397719953717, 2.8288647086773167, 3.4850785945226543], [4.91014735725925, 3.7825610239624683, 2.399156678918657, 1.4287846653712377, 0.0, 2.4024787928304385, 2.907600304374726, 5.848595730600637, 5.092611131826187, 5.012858914830937, 4.165654998916737, 4.050844429251757, 2.6626147900137562, 2.575419284310809, 2.0458764527703033, 0.9723850060547006, 2.6618543761821383, 3.3571166274051305, 3.274698776986976, 2.624049039175907, 3.909185330730688], [4.556472929799979, 3.143172093602258, 2.5601863096267037, 1.5327253537408456, 2.4024787928304385, 0.0, 1.5240991765629952, 5.201828318005123, 4.747992890685494, 5.137620380098164, 2.861120574180683, 3.4532447987364, 2.7911492167205965, 3.4881486980918694, 2.1640331443857326, 3.2453024805093285, 1.096668313575258, 1.0947507387528908, 2.170895361365904, 2.177528679489664, 2.1605126891550532], [6.0076274601543, 4.538643553970723, 3.915617989538816, 2.5396003051661498, 2.907600304374726, 1.5240991765629952, 0.0, 6.612326293370587, 6.2619960675490685, 6.5254960049026165, 4.265162791734917, 4.627315197822599, 4.204896817996846, 4.686599643664903, 2.7662025178934386, 3.770231272747071, 2.1369244464884574, 2.137556670593788, 1.094662381741512, 1.0943823509176305, 1.094716904044146], [1.0945505059155562, 2.159933929545068, 3.469723356407539, 4.714387385440446, 5.848595730600637, 5.201828318005123, 6.612326293370587, 0.0, 1.772232563745515, 1.771632326415388, 2.46076247736347, 2.475441215218006, 3.776840205780488, 3.718182807501535, 4.864799299046159, 5.882859071913928, 5.43154661399495, 4.6832561546428355, 6.74005838698746, 7.294471598409305, 7.118791420599426], [1.0947897743402613, 2.169220837074916, 2.777962395353832, 4.238455765960051, 5.092611131826187, 4.747992890685494, 6.2619960675490685, 1.772232563745515, 0.0, 1.774957509350576, 2.4962582138072174, 3.0653217139478204, 2.5905217582564326, 3.03714827593254, 4.753115456203436, 5.162045712699569, 4.662132625741142, 4.519445854305592, 6.640696025267231, 6.751871614596948, 6.790728559587697], [1.0946571198325072, 2.1698615439700295, 2.782789052371739, 4.188785609218978, 5.012858914830937, 5.137620380098164, 6.5254960049026165, 1.771632326415388, 1.774957509350576, 0.0, 3.059177750638233, 2.50101282883555, 3.1583601409592283, 2.5117770462363893, 4.3484998769690675, 4.796272258744284, 5.370311858728504, 4.970723749113403, 6.652031255188147, 6.986871020707338, 7.24796762203033], [2.138134200652522, 1.0948967942230903, 2.1687362679680535, 2.8598993321444026, 4.165654998916737, 2.861120574180683, 4.265162791734917, 2.46076247736347, 2.4962582138072174, 3.059177750638233, 0.0, 1.7658865478846595, 2.4993827417984624, 3.067385717512553, 3.2059009856824963, 4.552407632231542, 3.1348740405317725, 2.2520353105579844, 4.521267681745906, 5.02406426411924, 4.6808390679449765], [2.1464548259863285, 1.09600204835575, 2.162285526936718, 2.7694059814335636, 4.050844429251757, 3.4532447987364, 4.627315197822599, 2.475441215218006, 3.0653217139478204, 2.50101282883555, 1.7658865478846595, 0.0, 3.0712101507386302, 2.539349022879683, 2.555002937376002, 4.118124450523563, 4.098095112366232, 3.04568108967436, 4.524002850352772, 5.3182181555479655, 5.307226220918042], [2.781079910754094, 2.1652521007956556, 1.0978736220531031, 2.165156636366062, 2.6626147900137562, 2.7911492167205965, 4.204896817996846, 3.776840205780488, 2.5905217582564326, 3.1583601409592283, 2.4993827417984624, 3.0712101507386302, 0.0, 1.7460388340469406, 3.072769789619782, 2.9402407860581756, 2.5824076053171776, 3.141450507329377, 4.755658541148638, 4.428469071812515, 4.879945051944745], [2.7023646571105093, 2.1560398071464264, 1.0980746513784936, 2.1531800598185002, 2.575419284310809, 3.4881486980918694, 4.686599643664903, 3.718182807501535, 3.03714827593254, 2.5117770462363893, 3.067385717512553, 2.539349022879683, 1.7460388340469406, 0.0, 2.5130507217324523, 2.2949096561738545, 3.756949758780386, 3.832952786038461, 4.886190140590109, 4.873458432160882, 5.5904732268386725], [4.17957732910877, 2.7994184503214234, 2.168437808653963, 1.0964279912515915, 2.0458764527703033, 2.1640331443857326, 2.7662025178934386, 4.864799299046159, 4.753115456203436, 4.3484998769690675, 3.2059009856824963, 2.555002937376002, 3.072769789619782, 2.5130507217324523, 0.0, 2.265685648981341, 3.070328024820801, 2.5282264475319454, 2.5648516253381985, 3.1564661030969425, 3.7600429106593984], [4.90896421966997, 3.9477487888668903, 2.548737344254994, 1.9561405215372436, 0.9723850060547006, 3.2453024805093285, 3.770231272747071, 5.882859071913928, 5.162045712699569, 4.796272258744284, 4.552407632231542, 4.118124450523563, 2.9402407860581756, 2.2949096561738545, 2.265685648981341, 0.0, 3.561667165808731, 4.0924518970905455, 3.960926664304705, 3.4818811295045666, 4.812999425514198], [4.726897260360119, 3.5143409823180223, 2.8000477228075953, 2.1655522944505403, 2.6618543761821383, 1.096668313575258, 2.1369244464884574, 5.43154661399495, 4.662132625741142, 5.370311858728504, 3.1348740405317725, 4.098095112366232, 2.5824076053171776, 3.756949758780386, 3.070328024820801, 3.561667165808731, 0.0, 1.7688369879669523, 3.0585064982765684, 2.4818979189322032, 2.474126761101783], [4.243211880168134, 2.819663573903809, 2.8151713340399014, 2.1728915366395993, 3.3571166274051305, 1.0947507387528908, 2.137556670593788, 4.6832561546428355, 4.519445854305592, 4.970723749113403, 2.2520353105579844, 3.04568108967436, 3.141450507329377, 3.832952786038461, 2.5282264475319454, 4.0924518970905455, 1.7688369879669523, 0.0, 2.5086318362804856, 3.0615260851411996, 2.4425314859792495], [6.2115924616800156, 4.695939993228192, 4.226636328098267, 2.7885397719953717, 3.274698776986976, 2.170895361365904, 1.094662381741512, 6.74005838698746, 6.640696025267231, 6.652031255188147, 4.521267681745906, 4.524002850352772, 4.755658541148638, 4.886190140590109, 2.5648516253381985, 3.960926664304705, 3.0585064982765684, 2.5086318362804856, 0.0, 1.7753749575793838, 1.7717414568723056], [6.571594700679585, 5.164030269082473, 4.250155212459894, 2.8288647086773167, 2.624049039175907, 2.177528679489664, 1.0943823509176305, 7.294471598409305, 6.751871614596948, 6.986871020707338, 5.02406426411924, 5.3182181555479655, 4.428469071812515, 4.873458432160882, 3.1564661030969425, 3.4818811295045666, 2.4818979189322032, 3.0615260851411996, 1.7753749575793838, 0.0, 1.7686674390625277], [6.607262555703382, 5.166283744627274, 4.714635657184975, 3.4850785945226543, 3.909185330730688, 2.1605126891550532, 1.094716904044146, 7.118791420599426, 6.790728559587697, 7.24796762203033, 4.6808390679449765, 5.307226220918042, 4.879945051944745, 5.5904732268386725, 3.7600429106593984, 4.812999425514198, 2.474126761101783, 2.4425314859792495, 1.7717414568723056, 1.7686674390625277, 0.0]]}