{"total energy": -49.25977604, "HOMO-LUMO gap/eV": 4.70515503, "electronic energy": -49.87775969, "dipole": [-0.40191539, -0.458451, -0.46836871], "partial charges": [-0.0999357, -0.05208274, -0.05774389, -0.05761744, -0.05815755, -0.05817707, -0.05775339, -0.05847721, -0.058817, -0.05683303, -0.08871447, 0.35148272, -0.40105977, -0.2703808, 0.03446785, 0.03111506, 0.03075951, 0.03143141, 0.03056273, 0.02926143, 0.02930348, 0.02859116, 0.02733566, 0.0288251, 0.03144179, 0.02918326, 0.02796489, 0.02975643, 0.03123185, 0.02849411, 0.03401674, 0.02863621, 0.02828326, 0.04021325, 0.05232838, 0.03651808, 0.06766216, 0.06969914, 0.06158087, 0.06183888, 0.06376466], "atomic dipole moments": [[-0.08619216, -0.01604829, 0.04640554], [0.07696721, -0.08046162, -0.01787649], [-0.07390862, 0.07822923, 0.02439929], [-0.00442284, 0.03039999, -0.10485512], [0.00306463, -0.03751682, 0.10476693], [-0.00710213, 0.03623794, -0.10257916], [0.00189769, -0.03788769, 0.10396566], [-0.00975875, 0.03643041, -0.10634888], [-0.00498958, -0.04266484, 0.10924186], [-0.03742939, 0.03904661, -0.12351128], [0.03709864, 0.08985101, 0.03152011], [-0.11597683, 0.04753909, -0.11027882], [-0.06745165, -0.13995614, -0.08473551], [0.06562519, 0.19935813, 0.0933088], [0.09721899, -0.2361358, 0.06121731], [0.0980376, -0.02524519, 0.07457868], [0.00881767, 0.11931837, -0.03448298], [0.00968978, -0.07066241, -0.10379648], [-0.08949072, 0.034839, -0.07809734], [-0.00535655, 0.0774008, 0.09646663], [0.00391246, -0.07623233, -0.09810632], [0.09472607, -0.03478502, 0.06787637], [0.00798123, -0.11335045, 0.04268701], [-0.00024296, 0.07073436, 0.10225977], [-0.01243629, 0.11820225, -0.03671069], [0.00268327, -0.06784647, -0.103791], [0.00951342, -0.11750257, 0.03727747], [-0.00315029, 0.06773274, 0.10421335], [-0.00954229, 0.11820197, -0.03765342], [0.00328039, -0.06731843, -0.10356285], [-0.00314637, 0.06811552, 0.10469149], [0.00968917, -0.11707071, 0.03719535], [0.00435783, -0.06698346, -0.10272393], [-0.00717254, 0.12081647, -0.03934747], [-0.0008598, 0.06731374, 0.11018031], [0.00934582, -0.11545651, 0.03475009], [0.01389005, -0.05970548, -0.11756411], [-0.09223944, -0.06038573, 0.07114978], [-0.05492627, 0.04789791, 0.10795901], [0.09826352, 0.07039009, -0.04873882], [-0.08977245, -0.00448755, -0.08849655]], "atomic quadrupole moments": [[0.14497702, 0.04628414, -0.09731369, -0.14596929, -0.03246678, -0.04766333], [0.05510852, 0.05940287, 0.07833449, -0.15564135, -0.10626397, -0.13344301], [0.0218919, 0.06287889, 0.0787948, -0.15695309, -0.11685399, -0.10068671], [0.22596769, 0.01239123, -0.20087926, -0.00973605, -0.06289549, -0.02508842], [0.22187295, 0.03680795, -0.2094046, -0.00205254, -0.08253245, -0.01246835], [0.23229053, 0.03128059, -0.21034874, 0.00282312, -0.08157549, -0.02194179], [0.23348852, 0.03311107, -0.21330568, -0.00047119, -0.07863239, -0.02018283], [0.23449148, 0.03056783, -0.21145209, 0.00604103, -0.08286004, -0.02303939], [0.22844794, 0.03467343, -0.21738731, -0.00451984, -0.07669628, -0.01106062], [0.24110541, 0.02572323, -0.20428891, 0.03387865, -0.08333207, -0.0368165], [0.03801978, -0.07944231, 0.09793081, 0.17346313, -0.05131697, -0.13595059], [0.19563232, 0.00554355, -0.38477607, -0.27905103, -0.12189288, 0.18914375], [0.04937293, 0.02911018, -0.10647107, -0.15654533, -0.01946905, 0.05709814], [-0.03295115, -0.0441699, 0.0763982, 0.03810243, -0.02040891, -0.04344705], [-0.1693145, -0.25721644, 0.40265393, 0.09318616, -0.15013701, -0.23333943], [0.02649129, -0.02091907, -0.04514721, 0.05008772, -0.02334548, 0.01865592], [-0.03244281, -7.97e-06, 0.07393136, -0.01084517, -0.03282006, -0.04148855], [-0.02995309, 0.00681312, -0.00190321, -0.00304296, 0.06339655, 0.0318563], [0.02395216, -0.00019024, -0.02837345, 0.040036, -0.01500727, 0.00442129], [-0.0316698, 0.00956471, -0.00404629, -0.00535202, 0.03694023, 0.03571609], [-0.03676825, 0.01420144, -0.00125353, 0.00351167, 0.03461333, 0.03802178], [0.02853885, 0.00013267, -0.02825805, 0.04034428, -0.02180043, -0.00028081], [-0.01127865, 0.00107733, 0.05250811, -0.00020128, -0.02485356, -0.04122947], [-0.01608323, -0.00355945, 0.00798391, 0.00056734, 0.05072449, 0.00809932], [-0.01892794, -0.00212049, 0.0532211, 0.00027537, -0.0164582, -0.03429316], [-0.0204466, -0.00141361, 0.0032683, -0.0038405, 0.04754727, 0.0171783], [-0.01950256, -0.00566999, 0.05432087, 0.00072731, -0.01597736, -0.03481831], [-0.0199978, -0.00101014, 0.00354783, -0.00290338, 0.04644433, 0.01644997], [-0.01922975, -0.0060101, 0.05367509, 0.00097129, -0.01537459, -0.03444534], [-0.02012745, -0.00087141, 0.00319514, -0.00280118, 0.04720721, 0.01693231], [-0.01965778, -0.001002, 0.00355086, -0.00308014, 0.04578703, 0.01610692], [-0.0199954, -0.00591825, 0.05487626, 0.00112243, -0.01617998, -0.03488085], [-0.02187274, 0.00051137, 0.00403529, -0.00238138, 0.04784048, 0.01783746], [-0.01754217, -0.00947793, 0.05110512, 0.00226642, -0.01336327, -0.03356295], [-0.0163887, -0.00085435, 0.00327448, -0.00646306, 0.04507378, 0.01311422], [-0.01131645, -0.00842876, 0.05533924, -0.00150719, -0.02040728, -0.04402279], [-0.02013873, -0.02221742, -0.02299463, 0.00608983, 0.03596237, 0.04313335], [0.03426603, 0.02448444, -0.02656352, -0.02438214, -0.03825001, -0.0077025], [-0.03756695, -0.0260345, -0.00380588, -0.02804886, 0.01802832, 0.04137283], [0.03415913, 0.02574775, 0.00968862, -0.02289469, -0.02388557, -0.04384774], [0.01247662, 0.0067825, -0.0244419, 0.06789254, 0.01121397, 0.01196528]], "number of molecular orbitals": 86, "number of electrons": 90, "number of unpaired electrons": 0, "orbital energies/eV": [-20.13115572, -19.33859008, -18.30440801, -17.27314902, -16.91097498, -16.83407357, -16.655746, -16.54026001, -16.40411634, -16.09230585, -15.8780033, -15.69649606, -15.35689255, -15.30336966, -15.14670753, -15.08847845, -14.92524417, -14.83851502, -14.19304064, -14.16671246, -13.96283852, -13.83490218, -13.64465378, -13.53499543, -13.41300102, -13.33627529, -13.18099732, -13.01351548, -12.97435799, -12.77266885, -12.59386434, -12.48662036, -12.25454047, -12.20201849, -12.10910975, -11.98386132, -11.90454312, -11.79342814, -11.69930477, -11.54288904, -11.4132344, -11.3668312, -11.25207236, -11.23858734, -11.15986492, -6.4547099, 0.12993491, 1.14848841, 2.22418656, 2.59893614, 2.65022, 2.85138374, 2.86345788, 3.11053251, 3.22919287, 3.45079441, 3.50569309, 3.58472364, 3.67463721, 3.90000686, 4.04690297, 4.21193603, 4.25899492, 4.52980307, 4.67405309, 4.79501387, 4.93055427, 5.07475589, 5.17203412, 5.33114253, 5.49959825, 5.75809104, 5.95968415, 6.19754865, 6.37256965, 6.54305857, 6.76558406, 6.95025855, 7.1608325, 7.3429645, 7.45500287, 7.61324229, 8.19017983, 8.3431398, 8.62292879, 16.18179842], "fractional occupation": [2.0, 2.0, 2.0, 2.0, 2.0, 2.0, 2.0, 2.0, 2.0, 2.0, 2.0, 2.0, 2.0, 2.0, 2.0, 2.0, 2.0, 2.0, 2.0, 2.0, 2.0, 2.0, 2.0, 2.0, 2.0, 2.0, 2.0, 2.0, 2.0, 2.0, 2.0, 2.0, 2.0, 2.0, 2.0, 2.0, 2.0, 2.0, 2.0, 2.0, 2.0, 2.0, 2.0, 2.0, 2.0, 0.0, 0.0, 0.0, 0.0, 0.0, 0.0, 0.0, 0.0, 0.0, 0.0, 0.0, 0.0, 0.0, 0.0, 0.0, 0.0, 0.0, 0.0, 0.0, 0.0, 0.0, 0.0, 0.0, 0.0, 0.0, 0.0, 0.0, 0.0, 0.0, 0.0, 0.0, 0.0, 0.0, 0.0, 0.0, 0.0, 0.0, 0.0, 0.0, 0.0, 0.0], "program call": "xtb /home/svss/Project-DBcg-Debug/aqme2_20220329/End-to-End-workflows-final/example-3/QDESCP/mol_818_rdkit_conf_8/mol_818_rdkit_conf_8.xyz --pop --wbo --acc 0.2 --gfn 2 --chrg 0 --uhf 0 --etemp 300 --input /home/svss/Project-DBcg-Debug/aqme2_20220329/End-to-End-workflows-final/example-3/QDESCP/mol_818_rdkit_conf_8/mol_818_rdkit_conf_8_xtb.inp", "method": "GFN2-xTB", "xtb version": "6.3.3 (7355c4f)", "Dipole module/D": 1.954, "Total charge": 0, "Transition dipole module/D": NaN, "HOMO": -11.1599, "LUMO": -6.4547, "HOMO occupancy": 2.0, "LUMO occupancy": 0, "mulliken charges": [-0.08335, -0.03993, -0.04687, -0.04578, -0.04673, -0.04519, -0.04507, -0.04437, -0.04741, -0.03925, -0.07843, 0.57322, -0.52786, -0.41853, 0.1754, 0.02617, 0.02787, 0.02627, 0.0224, 0.02241, 0.02255, 0.02368, 0.0233, 0.023, 0.0235, 0.02239, 0.02171, 0.02357, 0.02523, 0.02163, 0.02697, 0.0206, 0.01947, 0.03583, 0.04114, 0.02497, 0.05313, 0.05921, 0.04366, 0.04349, 0.036], "cm5 charges": [-0.23377, -0.1526, -0.15737, -0.15635, -0.1576, -0.15598, -0.1558, -0.1551, -0.15738, -0.14764, -0.17712, 0.62225, -0.5785, -0.50556, 0.05575, 0.07745, 0.07865, 0.07756, 0.07769, 0.07722, 0.07774, 0.07858, 0.07824, 0.07822, 0.07946, 0.07787, 0.07707, 0.07891, 0.08058, 0.07698, 0.08236, 0.07595, 0.075, 0.09385, 0.09908, 0.07999, 0.11258, 0.11709, 0.10487, 0.10471, 0.09506], "FUKUI+": [0.002, -0.0, 0.002, 0.001, 0.001, 0.003, 0.002, 0.005, 0.007, 0.021, 0.028, -0.189, -0.283, -0.126, 0.047, -0.004, -0.003, -0.002, 0.004, -0.001, -0.003, -0.007, -0.003, -0.002, -0.002, -0.004, -0.007, -0.004, -0.002, -0.007, -0.009, -0.017, -0.018, 0.013, -0.023, -0.055, -0.092, -0.1, -0.048, -0.049, -0.076], "FUKUI-": [0.015, 0.003, 0.008, 0.007, 0.002, 0.006, 0.005, 0.007, 0.005, 0.008, -0.002, -0.009, -0.075, -0.04, 0.013, -0.049, -0.037, -0.036, -0.062, -0.046, -0.039, -0.064, -0.044, -0.029, -0.041, -0.031, -0.039, -0.031, -0.026, -0.028, -0.03, -0.036, -0.035, -0.039, -0.03, -0.05, -0.031, -0.038, -0.018, -0.013, -0.029], "FUKUIrad": [0.009, 0.001, 0.005, 0.004, 0.001, 0.004, 0.004, 0.006, 0.006, 0.014, 0.013, -0.099, -0.179, -0.083, 0.03, -0.027, -0.02, -0.019, -0.029, -0.023, -0.021, -0.035, -0.024, -0.016, -0.022, -0.017, -0.023, -0.018, -0.014, -0.018, -0.02, -0.026, -0.027, -0.013, -0.027, -0.052, -0.061, -0.069, -0.033, -0.031, -0.052], "s proportion": [1.008, 1.027, 1.032, 1.032, 1.032, 1.033, 1.032, 1.032, 1.033, 1.03, 1.039, 0.991, 1.731, 1.698, 0.973, 0.974, 0.972, 0.974, 0.978, 0.978, 0.977, 0.976, 0.977, 0.977, 0.976, 0.978, 0.978, 0.976, 0.975, 0.978, 0.973, 0.979, 0.981, 0.964, 0.959, 0.975, 0.947, 0.941, 0.956, 0.957, 0.964], "p proportion": [3.076, 3.013, 3.015, 3.014, 3.015, 3.013, 3.013, 3.012, 3.015, 3.009, 3.039, 2.435, 4.797, 4.72, 2.852, 0.0, 0.0, 0.0, 0.0, 0.0, 0.0, 0.0, 0.0, 0.0, 0.0, 0.0, 0.0, 0.0, 0.0, 0.0, 0.0, 0.0, 0.0, 0.0, 0.0, 0.0, 0.0, 0.0, 0.0, 0.0, 0.0], "d proportion": [0.0, 0.0, 0.0, 0.0, 0.0, 0.0, 0.0, 0.0, 0.0, 0.0, 0.0, 0.0, 0.0, 0.0, 0.0, 0.0, 0.0, 0.0, 0.0, 0.0, 0.0, 0.0, 0.0, 0.0, 0.0, 0.0, 0.0, 0.0, 0.0, 0.0, 0.0, 0.0, 0.0, 0.0, 0.0, 0.0, 0.0, 0.0, 0.0, 0.0, 0.0], "Fermi-level/eV": -8.8073, "Coordination numbers": [3.75, 3.799, 3.801, 3.801, 3.801, 3.802, 3.802, 3.802, 3.801, 3.801, 3.802, 2.721, 0.856, 1.703, 3.655, 0.924, 0.924, 0.924, 0.924, 0.924, 0.924, 0.924, 0.924, 0.924, 0.924, 0.924, 0.924, 0.924, 0.924, 0.924, 0.924, 0.924, 0.924, 0.924, 0.924, 0.924, 0.924, 0.924, 0.924, 0.924, 0.924], "Dispersion coefficient C6": [22.472, 21.511, 21.613, 21.611, 21.621, 21.62, 21.612, 21.625, 21.632, 21.596, 22.191, 21.032, 21.703, 18.484, 20.289, 2.571, 2.576, 2.566, 2.579, 2.597, 2.597, 2.607, 2.625, 2.603, 2.566, 2.598, 2.616, 2.59, 2.569, 2.608, 2.53, 2.606, 2.611, 2.446, 2.291, 2.496, 2.112, 2.089, 2.181, 2.178, 2.156], "Total dispersion C6": 12110.484701, "Total dispersion C8": 256384.262444, "Polarizability alpha": [6.761, 6.604, 6.619, 6.619, 6.62, 6.62, 6.619, 6.621, 6.622, 6.616, 6.707, 7.507, 6.246, 5.805, 6.467, 2.507, 2.51, 2.505, 2.511, 2.52, 2.52, 2.525, 2.534, 2.523, 2.505, 2.521, 2.529, 2.517, 2.507, 2.526, 2.488, 2.525, 2.527, 2.446, 2.367, 2.471, 2.272, 2.26, 2.309, 2.308, 2.296], "Total polarizability alpha": 163.079757, "Wiberg matrix": [[0.0, 1.019790123419576, 0.0, 0.0, 0.0, 0.0, 0.0, 0.0, 0.0, 0.0, 0.0, 0.0, 0.0, 0.0, 0.0, 0.987677488091462, 0.9875186126504414, 0.9878535212051356, 0.0, 0.0, 0.0, 0.0, 0.0, 0.0, 0.0, 0.0, 0.0, 0.0, 0.0, 0.0, 0.0, 0.0, 0.0, 0.0, 0.0, 0.0, 0.0, 0.0, 0.0, 0.0, 0.0], [1.019790123419576, 0.0, 1.0088167103340453, 0.0, 0.0, 0.0, 0.0, 0.0, 0.0, 0.0, 0.0, 0.0, 0.0, 0.0, 0.0, 0.0, 0.0, 0.0, 0.9763109258636679, 0.9779496152416106, 0.0, 0.0, 0.0, 0.0, 0.0, 0.0, 0.0, 0.0, 0.0, 0.0, 0.0, 0.0, 0.0, 0.0, 0.0, 0.0, 0.0, 0.0, 0.0, 0.0, 0.0], [0.0, 1.0088167103340453, 0.0, 1.0063032722238878, 0.0, 0.0, 0.0, 0.0, 0.0, 0.0, 0.0, 0.0, 0.0, 0.0, 0.0, 0.0, 0.0, 0.0, 0.0, 0.0, 0.9772219903806184, 0.9768671097242719, 0.0, 0.0, 0.0, 0.0, 0.0, 0.0, 0.0, 0.0, 0.0, 0.0, 0.0, 0.0, 0.0, 0.0, 0.0, 0.0, 0.0, 0.0, 0.0], [0.0, 0.0, 1.0063032722238878, 0.0, 1.0079250811648088, 0.0, 0.0, 0.0, 0.0, 0.0, 0.0, 0.0, 0.0, 0.0, 0.0, 0.0, 0.0, 0.0, 0.0, 0.0, 0.0, 0.0, 0.9770578766364065, 0.9773206021100085, 0.0, 0.0, 0.0, 0.0, 0.0, 0.0, 0.0, 0.0, 0.0, 0.0, 0.0, 0.0, 0.0, 0.0, 0.0, 0.0, 0.0], [0.0, 0.0, 0.0, 1.0079250811648088, 0.0, 1.0065657006148987, 0.0, 0.0, 0.0, 0.0, 0.0, 0.0, 0.0, 0.0, 0.0, 0.0, 0.0, 0.0, 0.0, 0.0, 0.0, 0.0, 0.0, 0.0, 0.9754885382994091, 0.977217868012269, 0.0, 0.0, 0.0, 0.0, 0.0, 0.0, 0.0, 0.0, 0.0, 0.0, 0.0, 0.0, 0.0, 0.0, 0.0], [0.0, 0.0, 0.0, 0.0, 1.0065657006148987, 0.0, 1.0069481167173346, 0.0, 0.0, 0.0, 0.0, 0.0, 0.0, 0.0, 0.0, 0.0, 0.0, 0.0, 0.0, 0.0, 0.0, 0.0, 0.0, 0.0, 0.0, 0.0, 0.9772368718189618, 0.9773708417509095, 0.0, 0.0, 0.0, 0.0, 0.0, 0.0, 0.0, 0.0, 0.0, 0.0, 0.0, 0.0, 0.0], [0.0, 0.0, 0.0, 0.0, 0.0, 1.0069481167173346, 0.0, 1.0069448199666424, 0.0, 0.0, 0.0, 0.0, 0.0, 0.0, 0.0, 0.0, 0.0, 0.0, 0.0, 0.0, 0.0, 0.0, 0.0, 0.0, 0.0, 0.0, 0.0, 0.0, 0.9771471787419826, 0.9773104933967818, 0.0, 0.0, 0.0, 0.0, 0.0, 0.0, 0.0, 0.0, 0.0, 0.0, 0.0], [0.0, 0.0, 0.0, 0.0, 0.0, 0.0, 1.0069448199666424, 0.0, 1.007067599428992, 0.0, 0.0, 0.0, 0.0, 0.0, 0.0, 0.0, 0.0, 0.0, 0.0, 0.0, 0.0, 0.0, 0.0, 0.0, 0.0, 0.0, 0.0, 0.0, 0.0, 0.0, 0.9770300546993733, 0.9772060689619264, 0.0, 0.0, 0.0, 0.0, 0.0, 0.0, 0.0, 0.0, 0.0], [0.0, 0.0, 0.0, 0.0, 0.0, 0.0, 0.0, 1.007067599428992, 0.0, 1.0077611300800622, 0.0, 0.0, 0.0, 0.0, 0.0, 0.0, 0.0, 0.0, 0.0, 0.0, 0.0, 0.0, 0.0, 0.0, 0.0, 0.0, 0.0, 0.0, 0.0, 0.0, 0.0, 0.0, 0.977029073116163, 0.9764581742448027, 0.0, 0.0, 0.0, 0.0, 0.0, 0.0, 0.0], [0.0, 0.0, 0.0, 0.0, 0.0, 0.0, 0.0, 0.0, 1.0077611300800622, 0.0, 1.0051030422219154, 0.0, 0.0, 0.0, 0.0, 0.0, 0.0, 0.0, 0.0, 0.0, 0.0, 0.0, 0.0, 0.0, 0.0, 0.0, 0.0, 0.0, 0.0, 0.0, 0.0, 0.0, 0.0, 0.0, 0.9747393209393133, 0.976709924710376, 0.0, 0.0, 0.0, 0.0, 0.0], [0.0, 0.0, 0.0, 0.0, 0.0, 0.0, 0.0, 0.0, 0.0, 1.0051030422219154, 0.0, 0.9790625850893827, 0.0, 0.0, 0.0, 0.0, 0.0, 0.0, 0.0, 0.0, 0.0, 0.0, 0.0, 0.0, 0.0, 0.0, 0.0, 0.0, 0.0, 0.0, 0.0, 0.0, 0.0, 0.0, 0.0, 0.0, 0.9600566782592452, 0.9468948260613398, 0.0, 0.0, 0.0], [0.0, 0.0, 0.0, 0.0, 0.0, 0.0, 0.0, 0.0, 0.0, 0.0, 0.9790625850893827, 0.0, 1.7647009949568617, 1.110766202943543, 0.0, 0.0, 0.0, 0.0, 0.0, 0.0, 0.0, 0.0, 0.0, 0.0, 0.0, 0.0, 0.0, 0.0, 0.0, 0.0, 0.0, 0.0, 0.0, 0.0, 0.0, 0.0, 0.0, 0.0, 0.0, 0.0, 0.0], [0.0, 0.0, 0.0, 0.0, 0.0, 0.0, 0.0, 0.0, 0.0, 0.0, 0.0, 1.7647009949568617, 0.0, 0.16842337805344368, 0.0, 0.0, 0.0, 0.0, 0.0, 0.0, 0.0, 0.0, 0.0, 0.0, 0.0, 0.0, 0.0, 0.0, 0.0, 0.0, 0.0, 0.0, 0.0, 0.0, 0.0, 0.0, 0.0, 0.0, 0.0, 0.0, 0.0], [0.0, 0.0, 0.0, 0.0, 0.0, 0.0, 0.0, 0.0, 0.0, 0.0, 0.0, 1.110766202943543, 0.16842337805344368, 0.0, 0.9607532150174403, 0.0, 0.0, 0.0, 0.0, 0.0, 0.0, 0.0, 0.0, 0.0, 0.0, 0.0, 0.0, 0.0, 0.0, 0.0, 0.0, 0.0, 0.0, 0.0, 0.0, 0.0, 0.0, 0.0, 0.0, 0.0, 0.0], [0.0, 0.0, 0.0, 0.0, 0.0, 0.0, 0.0, 0.0, 0.0, 0.0, 0.0, 0.0, 0.0, 0.9607532150174403, 0.0, 0.0, 0.0, 0.0, 0.0, 0.0, 0.0, 0.0, 0.0, 0.0, 0.0, 0.0, 0.0, 0.0, 0.0, 0.0, 0.0, 0.0, 0.0, 0.0, 0.0, 0.0, 0.0, 0.0, 0.9782296149075943, 0.978145493276347, 0.9818922649923215], [0.987677488091462, 0.0, 0.0, 0.0, 0.0, 0.0, 0.0, 0.0, 0.0, 0.0, 0.0, 0.0, 0.0, 0.0, 0.0, 0.0, 0.0, 0.0, 0.0, 0.0, 0.0, 0.0, 0.0, 0.0, 0.0, 0.0, 0.0, 0.0, 0.0, 0.0, 0.0, 0.0, 0.0, 0.0, 0.0, 0.0, 0.0, 0.0, 0.0, 0.0, 0.0], [0.9875186126504414, 0.0, 0.0, 0.0, 0.0, 0.0, 0.0, 0.0, 0.0, 0.0, 0.0, 0.0, 0.0, 0.0, 0.0, 0.0, 0.0, 0.0, 0.0, 0.0, 0.0, 0.0, 0.0, 0.0, 0.0, 0.0, 0.0, 0.0, 0.0, 0.0, 0.0, 0.0, 0.0, 0.0, 0.0, 0.0, 0.0, 0.0, 0.0, 0.0, 0.0], [0.9878535212051356, 0.0, 0.0, 0.0, 0.0, 0.0, 0.0, 0.0, 0.0, 0.0, 0.0, 0.0, 0.0, 0.0, 0.0, 0.0, 0.0, 0.0, 0.0, 0.0, 0.0, 0.0, 0.0, 0.0, 0.0, 0.0, 0.0, 0.0, 0.0, 0.0, 0.0, 0.0, 0.0, 0.0, 0.0, 0.0, 0.0, 0.0, 0.0, 0.0, 0.0], [0.0, 0.9763109258636679, 0.0, 0.0, 0.0, 0.0, 0.0, 0.0, 0.0, 0.0, 0.0, 0.0, 0.0, 0.0, 0.0, 0.0, 0.0, 0.0, 0.0, 0.0, 0.0, 0.0, 0.0, 0.0, 0.0, 0.0, 0.0, 0.0, 0.0, 0.0, 0.0, 0.0, 0.0, 0.0, 0.0, 0.0, 0.0, 0.0, 0.0, 0.0, 0.0], [0.0, 0.9779496152416106, 0.0, 0.0, 0.0, 0.0, 0.0, 0.0, 0.0, 0.0, 0.0, 0.0, 0.0, 0.0, 0.0, 0.0, 0.0, 0.0, 0.0, 0.0, 0.0, 0.0, 0.0, 0.0, 0.0, 0.0, 0.0, 0.0, 0.0, 0.0, 0.0, 0.0, 0.0, 0.0, 0.0, 0.0, 0.0, 0.0, 0.0, 0.0, 0.0], [0.0, 0.0, 0.9772219903806184, 0.0, 0.0, 0.0, 0.0, 0.0, 0.0, 0.0, 0.0, 0.0, 0.0, 0.0, 0.0, 0.0, 0.0, 0.0, 0.0, 0.0, 0.0, 0.0, 0.0, 0.0, 0.0, 0.0, 0.0, 0.0, 0.0, 0.0, 0.0, 0.0, 0.0, 0.0, 0.0, 0.0, 0.0, 0.0, 0.0, 0.0, 0.0], [0.0, 0.0, 0.9768671097242719, 0.0, 0.0, 0.0, 0.0, 0.0, 0.0, 0.0, 0.0, 0.0, 0.0, 0.0, 0.0, 0.0, 0.0, 0.0, 0.0, 0.0, 0.0, 0.0, 0.0, 0.0, 0.0, 0.0, 0.0, 0.0, 0.0, 0.0, 0.0, 0.0, 0.0, 0.0, 0.0, 0.0, 0.0, 0.0, 0.0, 0.0, 0.0], [0.0, 0.0, 0.0, 0.9770578766364065, 0.0, 0.0, 0.0, 0.0, 0.0, 0.0, 0.0, 0.0, 0.0, 0.0, 0.0, 0.0, 0.0, 0.0, 0.0, 0.0, 0.0, 0.0, 0.0, 0.0, 0.0, 0.0, 0.0, 0.0, 0.0, 0.0, 0.0, 0.0, 0.0, 0.0, 0.0, 0.0, 0.0, 0.0, 0.0, 0.0, 0.0], [0.0, 0.0, 0.0, 0.9773206021100085, 0.0, 0.0, 0.0, 0.0, 0.0, 0.0, 0.0, 0.0, 0.0, 0.0, 0.0, 0.0, 0.0, 0.0, 0.0, 0.0, 0.0, 0.0, 0.0, 0.0, 0.0, 0.0, 0.0, 0.0, 0.0, 0.0, 0.0, 0.0, 0.0, 0.0, 0.0, 0.0, 0.0, 0.0, 0.0, 0.0, 0.0], [0.0, 0.0, 0.0, 0.0, 0.9754885382994091, 0.0, 0.0, 0.0, 0.0, 0.0, 0.0, 0.0, 0.0, 0.0, 0.0, 0.0, 0.0, 0.0, 0.0, 0.0, 0.0, 0.0, 0.0, 0.0, 0.0, 0.0, 0.0, 0.0, 0.0, 0.0, 0.0, 0.0, 0.0, 0.0, 0.0, 0.0, 0.0, 0.0, 0.0, 0.0, 0.0], [0.0, 0.0, 0.0, 0.0, 0.977217868012269, 0.0, 0.0, 0.0, 0.0, 0.0, 0.0, 0.0, 0.0, 0.0, 0.0, 0.0, 0.0, 0.0, 0.0, 0.0, 0.0, 0.0, 0.0, 0.0, 0.0, 0.0, 0.0, 0.0, 0.0, 0.0, 0.0, 0.0, 0.0, 0.0, 0.0, 0.0, 0.0, 0.0, 0.0, 0.0, 0.0], [0.0, 0.0, 0.0, 0.0, 0.0, 0.9772368718189618, 0.0, 0.0, 0.0, 0.0, 0.0, 0.0, 0.0, 0.0, 0.0, 0.0, 0.0, 0.0, 0.0, 0.0, 0.0, 0.0, 0.0, 0.0, 0.0, 0.0, 0.0, 0.0, 0.0, 0.0, 0.0, 0.0, 0.0, 0.0, 0.0, 0.0, 0.0, 0.0, 0.0, 0.0, 0.0], [0.0, 0.0, 0.0, 0.0, 0.0, 0.9773708417509095, 0.0, 0.0, 0.0, 0.0, 0.0, 0.0, 0.0, 0.0, 0.0, 0.0, 0.0, 0.0, 0.0, 0.0, 0.0, 0.0, 0.0, 0.0, 0.0, 0.0, 0.0, 0.0, 0.0, 0.0, 0.0, 0.0, 0.0, 0.0, 0.0, 0.0, 0.0, 0.0, 0.0, 0.0, 0.0], [0.0, 0.0, 0.0, 0.0, 0.0, 0.0, 0.9771471787419826, 0.0, 0.0, 0.0, 0.0, 0.0, 0.0, 0.0, 0.0, 0.0, 0.0, 0.0, 0.0, 0.0, 0.0, 0.0, 0.0, 0.0, 0.0, 0.0, 0.0, 0.0, 0.0, 0.0, 0.0, 0.0, 0.0, 0.0, 0.0, 0.0, 0.0, 0.0, 0.0, 0.0, 0.0], [0.0, 0.0, 0.0, 0.0, 0.0, 0.0, 0.9773104933967818, 0.0, 0.0, 0.0, 0.0, 0.0, 0.0, 0.0, 0.0, 0.0, 0.0, 0.0, 0.0, 0.0, 0.0, 0.0, 0.0, 0.0, 0.0, 0.0, 0.0, 0.0, 0.0, 0.0, 0.0, 0.0, 0.0, 0.0, 0.0, 0.0, 0.0, 0.0, 0.0, 0.0, 0.0], [0.0, 0.0, 0.0, 0.0, 0.0, 0.0, 0.0, 0.9770300546993733, 0.0, 0.0, 0.0, 0.0, 0.0, 0.0, 0.0, 0.0, 0.0, 0.0, 0.0, 0.0, 0.0, 0.0, 0.0, 0.0, 0.0, 0.0, 0.0, 0.0, 0.0, 0.0, 0.0, 0.0, 0.0, 0.0, 0.0, 0.0, 0.0, 0.0, 0.0, 0.0, 0.0], [0.0, 0.0, 0.0, 0.0, 0.0, 0.0, 0.0, 0.9772060689619264, 0.0, 0.0, 0.0, 0.0, 0.0, 0.0, 0.0, 0.0, 0.0, 0.0, 0.0, 0.0, 0.0, 0.0, 0.0, 0.0, 0.0, 0.0, 0.0, 0.0, 0.0, 0.0, 0.0, 0.0, 0.0, 0.0, 0.0, 0.0, 0.0, 0.0, 0.0, 0.0, 0.0], [0.0, 0.0, 0.0, 0.0, 0.0, 0.0, 0.0, 0.0, 0.977029073116163, 0.0, 0.0, 0.0, 0.0, 0.0, 0.0, 0.0, 0.0, 0.0, 0.0, 0.0, 0.0, 0.0, 0.0, 0.0, 0.0, 0.0, 0.0, 0.0, 0.0, 0.0, 0.0, 0.0, 0.0, 0.0, 0.0, 0.0, 0.0, 0.0, 0.0, 0.0, 0.0], [0.0, 0.0, 0.0, 0.0, 0.0, 0.0, 0.0, 0.0, 0.9764581742448027, 0.0, 0.0, 0.0, 0.0, 0.0, 0.0, 0.0, 0.0, 0.0, 0.0, 0.0, 0.0, 0.0, 0.0, 0.0, 0.0, 0.0, 0.0, 0.0, 0.0, 0.0, 0.0, 0.0, 0.0, 0.0, 0.0, 0.0, 0.0, 0.0, 0.0, 0.0, 0.0], [0.0, 0.0, 0.0, 0.0, 0.0, 0.0, 0.0, 0.0, 0.0, 0.9747393209393133, 0.0, 0.0, 0.0, 0.0, 0.0, 0.0, 0.0, 0.0, 0.0, 0.0, 0.0, 0.0, 0.0, 0.0, 0.0, 0.0, 0.0, 0.0, 0.0, 0.0, 0.0, 0.0, 0.0, 0.0, 0.0, 0.0, 0.0, 0.0, 0.0, 0.0, 0.0], [0.0, 0.0, 0.0, 0.0, 0.0, 0.0, 0.0, 0.0, 0.0, 0.976709924710376, 0.0, 0.0, 0.0, 0.0, 0.0, 0.0, 0.0, 0.0, 0.0, 0.0, 0.0, 0.0, 0.0, 0.0, 0.0, 0.0, 0.0, 0.0, 0.0, 0.0, 0.0, 0.0, 0.0, 0.0, 0.0, 0.0, 0.0, 0.0, 0.0, 0.0, 0.0], [0.0, 0.0, 0.0, 0.0, 0.0, 0.0, 0.0, 0.0, 0.0, 0.0, 0.9600566782592452, 0.0, 0.0, 0.0, 0.0, 0.0, 0.0, 0.0, 0.0, 0.0, 0.0, 0.0, 0.0, 0.0, 0.0, 0.0, 0.0, 0.0, 0.0, 0.0, 0.0, 0.0, 0.0, 0.0, 0.0, 0.0, 0.0, 0.0, 0.0, 0.0, 0.0], [0.0, 0.0, 0.0, 0.0, 0.0, 0.0, 0.0, 0.0, 0.0, 0.0, 0.9468948260613398, 0.0, 0.0, 0.0, 0.0, 0.0, 0.0, 0.0, 0.0, 0.0, 0.0, 0.0, 0.0, 0.0, 0.0, 0.0, 0.0, 0.0, 0.0, 0.0, 0.0, 0.0, 0.0, 0.0, 0.0, 0.0, 0.0, 0.0, 0.0, 0.0, 0.0], [0.0, 0.0, 0.0, 0.0, 0.0, 0.0, 0.0, 0.0, 0.0, 0.0, 0.0, 0.0, 0.0, 0.0, 0.9782296149075943, 0.0, 0.0, 0.0, 0.0, 0.0, 0.0, 0.0, 0.0, 0.0, 0.0, 0.0, 0.0, 0.0, 0.0, 0.0, 0.0, 0.0, 0.0, 0.0, 0.0, 0.0, 0.0, 0.0, 0.0, 0.0, 0.0], [0.0, 0.0, 0.0, 0.0, 0.0, 0.0, 0.0, 0.0, 0.0, 0.0, 0.0, 0.0, 0.0, 0.0, 0.978145493276347, 0.0, 0.0, 0.0, 0.0, 0.0, 0.0, 0.0, 0.0, 0.0, 0.0, 0.0, 0.0, 0.0, 0.0, 0.0, 0.0, 0.0, 0.0, 0.0, 0.0, 0.0, 0.0, 0.0, 0.0, 0.0, 0.0], [0.0, 0.0, 0.0, 0.0, 0.0, 0.0, 0.0, 0.0, 0.0, 0.0, 0.0, 0.0, 0.0, 0.0, 0.9818922649923215, 0.0, 0.0, 0.0, 0.0, 0.0, 0.0, 0.0, 0.0, 0.0, 0.0, 0.0, 0.0, 0.0, 0.0, 0.0, 0.0, 0.0, 0.0, 0.0, 0.0, 0.0, 0.0, 0.0, 0.0, 0.0, 0.0]], "Born radii": [], "Atomic SASAs": [], "Solvent H bonds": [], "Total SASA": NaN, "Total FOD": 0.0, "FOD": [0.0, 0.0, 0.0, 0.0, 0.0, 0.0, 0.0, 0.0, 0.0, 0.0, 0.0, 0.0, 0.0, 0.0, 0.0, 0.0, 0.0, 0.0, 0.0, 0.0, 0.0, 0.0, 0.0, 0.0, 0.0, 0.0, 0.0, 0.0, 0.0, 0.0, 0.0, 0.0, 0.0, 0.0, 0.0, 0.0, 0.0, 0.0, 0.0, 0.0, 0.0], "FOD s proportion": [0.0, 0.0, 0.0, 0.0, 0.0, 0.0, 0.0, 0.0, 0.0, 0.0, 0.0, 0.0, 0.0, 0.0, 0.0, 0.0, 0.0, 0.0, 0.0, 0.0, 0.0, 0.0, 0.0, 0.0, 0.0, 0.0, 0.0, 0.0, 0.0, 0.0, 0.0, 0.0, 0.0, 0.0, 0.0, 0.0, 0.0, 0.0, 0.0, 0.0, 0.0], "FOD p proportion": [0.0, 0.0, 0.0, 0.0, 0.0, 0.0, 0.0, 0.0, 0.0, 0.0, 0.0, 0.0, 0.0, 0.0, 0.0, 0.0, 0.0, 0.0, 0.0, 0.0, 0.0, 0.0, 0.0, 0.0, 0.0, 0.0, 0.0, 0.0, 0.0, 0.0, 0.0, 0.0, 0.0, 0.0, 0.0, 0.0, 0.0, 0.0, 0.0, 0.0, 0.0], "FOD d proportion": [0.0, 0.0, 0.0, 0.0, 0.0, 0.0, 0.0, 0.0, 0.0, 0.0, 0.0, 0.0, 0.0, 0.0, 0.0, 0.0, 0.0, 0.0, 0.0, 0.0, 0.0, 0.0, 0.0, 0.0, 0.0, 0.0, 0.0, 0.0, 0.0, 0.0, 0.0, 0.0, 0.0, 0.0, 0.0, 0.0, 0.0, 0.0, 0.0, 0.0, 0.0], "coordinates": [["6.60170", "1.39840", "-1.28420"], ["5.27870", "1.16750", "-0.56980"], ["5.12860", "-0.29010", "-0.13260"], ["3.86470", "-0.55160", "0.69160"], ["2.57050", "-0.36110", "-0.10240"], ["1.34690", "-0.74500", "0.73300"], ["0.05120", "-0.55190", "-0.05670"], ["-1.17170", "-0.93590", "0.77810"], ["-2.46770", "-0.74250", "-0.01170"], ["-3.69060", "-1.13010", "0.82540"], ["-5.00050", "-0.97170", "0.05360"], ["-5.39720", "0.47260", "-0.15340"], ["-4.93060", "1.43090", "0.44540"], ["-6.38230", "0.54160", "-1.09410"], ["-6.84230", "1.86800", "-1.35560"], ["7.44750", "1.16620", "-0.62920"], ["6.68840", "2.44510", "-1.59200"], ["6.67800", "0.77320", "-2.17960"], ["4.46350", "1.44900", "-1.24470"], ["5.22250", "1.82680", "0.30400"], ["5.13540", "-0.94400", "-1.01320"], ["5.99700", "-0.57220", "0.47590"], ["3.90760", "-1.58280", "1.06360"], ["3.85860", "0.10150", "1.57270"], ["2.47380", "0.68350", "-0.41870"], ["2.60200", "-0.97520", "-1.01030"], ["1.43120", "-1.79180", "1.04910"], ["1.31730", "-0.13340", "1.64310"], ["-0.03390", "0.49500", "-0.37270"], ["0.08120", "-1.16310", "-0.96690"], ["-1.20180", "-0.32440", "1.68820"], ["-1.08650", "-1.98270", "1.09420"], ["-2.43720", "-1.35530", "-0.92090"], ["-2.54570", "0.30320", "-0.33090"], ["-3.71720", "-0.53200", "1.74430"], ["-3.59310", "-2.17940", "1.13030"], ["-4.91630", "-1.46360", "-0.92190"], ["-5.80920", "-1.45150", "0.61610"], ["-7.27860", "2.30720", "-0.45300"], ["-6.02510", "2.48990", "-1.73450"], ["-7.61890", "1.81200", "-2.12330"]], "bond_dist": [[0.0, 1.5211874210629015, 2.5193726242856576, 3.8983912887241066, 4.554455503130972, 6.0229712302152, 6.944024524006234, 8.374233418050872, 9.40514356190271, 10.806255766915756, 11.917135884515204, 12.087572770825412, 11.661325640766576, 13.013627482374005, 13.45238856560425, 1.0946777973449537, 1.0944581399030298, 1.094731880416388, 2.139163352808757, 2.1466481872910617, 2.776745298006283, 2.7105125825201406, 4.653804152518669, 4.167544220521242, 4.277818447526729, 4.659034047954576, 6.508128393017459, 6.232205058404288, 6.7585613239801265, 7.012765630619635, 8.52630129950848, 8.729091763179031, 9.456033195267452, 9.261920464460921, 10.926021857016394, 11.070881181279114, 11.873779065234455, 12.874917821485308, 13.934831860126623, 12.681885529368255, 14.251337415484906], [1.5211874210629015, 0.0, 1.5291408077740911, 2.558482122274846, 3.1447460883193727, 4.562235781938501, 5.5268765338118415, 6.91728170092848, 7.997892758095722, 9.363433733946112, 10.517925500781987, 10.706592164643238, 10.26303157405257, 11.689549277025183, 12.16662742463991, 2.169613672984202, 2.1597242161905763, 2.1690940551299294, 1.095117938854076, 1.09606631642433, 2.1623068006182655, 2.153137122897657, 3.480238621129304, 2.7826868778215057, 2.8503598404412025, 3.4568665623654034, 5.116790981660283, 4.720376804874797, 5.358621410400253, 5.709937917350765, 7.022906083666503, 7.294410673933844, 8.125447917499686, 7.875615725770271, 9.442964358187528, 9.63332314728412, 10.534926986932563, 11.454564427336377, 12.609454453702586, 11.44033051489335, 13.006799308823059], [2.5193726242856576, 1.5291408077740911, 0.0, 1.5313820881804772, 2.559263302202413, 3.906078885532139, 5.084711477557011, 6.398453892933824, 7.610719825351606, 8.910760497286411, 10.153714384893835, 10.553416961818575, 10.221713635198357, 11.580890550816893, 12.22520230589253, 2.782933427159191, 3.470467322998446, 2.778750843454663, 2.168776897239548, 2.163493096822821, 1.0968535955176515, 1.0972562234956795, 2.1430839297610347, 2.1620126387234646, 2.8421318072883244, 2.7610553887961027, 4.1620048702518355, 4.207573299420938, 5.227373745008099, 5.189839327956117, 6.587143029417229, 6.557240350177809, 7.680976342236708, 7.699753779829586, 9.045963014516476, 9.012903072262565, 10.143969279823356, 11.024739021400913, 12.680190664575987, 11.606011687914156, 13.072125578879662], [3.8983912887241066, 2.558482122274846, 1.5313820881804772, 0.0, 1.5302548447889326, 2.5255562476413, 3.8862237750803796, 5.051781240315143, 6.3741951225233136, 7.578596359485046, 8.898050294867971, 9.356591379877612, 9.019324962545701, 10.45871979402833, 11.166259042311351, 4.187099869838311, 4.70832470630478, 4.232439174991177, 2.8478447096005777, 2.76597924070301, 2.162174666857421, 2.1432811621436882, 1.0970860722842126, 1.0967743751565315, 2.1662965886507783, 2.1610904330915908, 2.754600613519136, 2.7512706609855746, 4.174588364138433, 4.176053968760462, 5.168583331049234, 5.16957594102263, 6.554390402623268, 6.547474127478474, 7.654656691191318, 7.645977463346331, 8.974468633295231, 9.715959112202974, 11.560968016995808, 10.627550399786397, 12.057501230769166], [4.554455503130972, 3.1447460883193727, 2.559263302202413, 1.5302548447889326, 0.0, 1.5305127670163357, 2.5269280994915544, 3.8871244037205703, 5.053429695761087, 6.3760134135680735, 7.59718430472764, 8.011360682181273, 7.731613676975848, 9.05267717418444, 9.75398384712626, 5.137634915990041, 5.201035186383573, 4.7405645845194435, 2.8574044690942864, 3.461960625137149, 2.783530323168763, 3.4813641507317215, 2.1540527616565015, 2.1631366993327075, 1.0957124349025158, 1.0965370353982578, 2.1612170714669086, 2.160816461433039, 2.754790129937306, 2.754483388949732, 4.175864286587867, 4.175534351433359, 5.170631990385701, 5.164204602840597, 6.555507531076446, 6.543372917693138, 7.611784333518652, 8.48083642690979, 10.210167288541358, 9.201972113085326, 10.612741058746321], [6.0229712302152, 4.562235781938501, 3.906078885532139, 2.5255562476413, 1.5305127670163357, 0.0, 1.5296248527008183, 2.526226985051027, 3.886612599681115, 5.053043243432614, 6.387680644020958, 6.910219933547701, 6.650132391163351, 8.045754570579442, 8.846073456624696, 6.536481824345571, 6.641835985629275, 6.261692839001287, 4.293964234830095, 4.6710246841565715, 4.176307901723722, 4.660406662513476, 2.714477793241271, 2.780340847809851, 2.1533529088377503, 2.1604080494202944, 1.096729656752292, 1.096910538740512, 2.1602733924205055, 2.1602000162022033, 2.754121110263672, 2.753870419972588, 4.174597478799602, 4.169285455566698, 5.168481933798357, 5.159355642907358, 6.517879579280366, 7.191840867955853, 9.226146058349608, 8.420185167797676, 9.751013707815202], [6.944024524006234, 5.5268765338118415, 5.084711477557011, 3.8862237750803796, 2.5269280994915544, 1.5296248527008183, 0.0, 1.5296507607947638, 2.5265016465460692, 3.887606318803384, 5.070312714221875, 5.544728460438797, 5.385344138492916, 6.607712407482637, 7.420471647408943, 7.61478020365657, 7.442551909795457, 7.083577673746508, 4.988319967684511, 5.703565715409966, 5.188229399323048, 5.969640901260309, 4.146040021514505, 4.192632905466445, 2.7434007946342804, 2.755923890458515, 2.1597559237098993, 2.160433174157442, 1.0968580673906718, 1.0967814185151024, 2.160194727333626, 2.1601205383033606, 2.753983979619344, 2.74777569317439, 4.1767015179445135, 4.163970189614715, 5.124043733224766, 5.967095454239021, 7.877656665531952, 6.9992129393239635, 8.287900384295167], [8.374233418050872, 6.91728170092848, 6.398453892933824, 5.051781240315143, 3.8871244037205703, 2.526226985051027, 1.5296507607947638, 0.0, 1.5299684964076874, 2.5268177892360977, 3.8969079191071474, 4.550430171972756, 4.454409134778708, 5.730487889351132, 6.676094311796382, 8.982757168041447, 8.878609520640042, 8.560771121225004, 6.444761197282642, 6.9816241477180645, 6.556548765166015, 7.184278823932155, 5.128282202648368, 5.197259471105903, 4.164667675817603, 4.176210092895231, 2.7533786917167786, 2.7545148846938545, 2.160186170217743, 2.1601859294977364, 1.0968683922877893, 1.0967992022243633, 2.159626729321528, 2.157110523362213, 2.7524984831966757, 2.744724949790051, 4.14614235766212, 4.668885692539495, 7.023356208394957, 6.450174878249427, 7.585213524351177], [9.40514356190271, 7.997892758095722, 7.610719825351606, 6.3741951225233136, 5.053429695761087, 3.886612599681115, 2.5265016465460692, 1.5299684964076874, 0.0, 1.5318141466901265, 2.543987533381404, 3.1746680377639485, 3.3163962941723355, 4.259647371555538, 5.2685769065279855, 10.116107600258113, 9.823049885855207, 9.520554888765675, 7.373228240736888, 8.114194046237742, 7.671423212807386, 8.480442319832145, 6.519725781810151, 6.576072615931183, 5.15921963575888, 5.172350465697388, 4.174655475605142, 4.1755946702236315, 2.7541077847462687, 2.7543061939443114, 2.1603172058751, 2.160746234521768, 1.0968585733812724, 1.0961118236749388, 2.165432173955121, 2.1529911216723585, 2.709998378228297, 3.4731017966653384, 5.713158022495089, 5.106030195758737, 6.125290707386875], [10.806255766915756, 9.363433733946112, 8.910760497286411, 7.578596359485046, 6.3760134135680735, 5.053043243432614, 3.887606318803384, 2.5268177892360977, 1.5318141466901265, 0.0, 1.5285953715748324, 2.5375539974550296, 2.8706656022602144, 3.70463358916911, 4.866063861068821, 11.464995702572242, 11.240530183225344, 10.961771838986616, 8.799228240590194, 9.405236157587963, 9.017392038167134, 9.709943172851219, 7.615400171363288, 7.6854223364757255, 6.544979536255251, 6.556721990446141, 5.169209206445411, 5.171180386526851, 4.177062186513387, 4.176111053360531, 2.754578328891738, 2.7532738712303937, 2.161316795381927, 2.168449812654192, 1.096726210136331, 1.0970418177991208, 2.160236105151472, 2.153037484578473, 5.130602484114317, 5.010726320604629, 5.725585122063945], [11.917135884515204, 10.517925500781987, 10.153714384893835, 8.898050294867971, 7.59718430472764, 6.387680644020958, 5.070312714221875, 3.8969079191071474, 2.543987533381404, 1.5285953715748324, 0.0, 1.5120259190900136, 2.4353398140711287, 2.3487578461816794, 3.6663289500534457, 12.648697017875003, 12.288730805498183, 12.017454826210082, 9.854575961450598, 10.602076749863679, 10.191923191429574, 11.01285357162257, 8.98597734361711, 9.052241482638431, 7.669935776784575, 7.676581381708917, 6.55975221711918, 6.568398128920019, 5.196157824777842, 5.186687680977138, 4.1858136771719785, 4.174250275199128, 2.768990086656144, 2.7927143248101833, 2.167639607960696, 2.1444339439581714, 1.09574426760992, 1.0957234961430735, 4.024620277740498, 4.02862027622361, 4.398169830736417], [12.087572770825412, 10.706592164643238, 10.553416961818575, 9.356591379877612, 8.011360682181273, 6.910219933547701, 5.544728460438797, 4.550430171972756, 3.1746680377639485, 2.5375539974550296, 1.5120259190900136, 0.0, 1.2225448417133826, 1.36385464768061, 2.341098035110875, 12.872209782706308, 12.329722363865296, 12.247705982754484, 9.968836298184458, 10.71546081556925, 10.662160867291394, 11.459294008358455, 9.60651139592308, 9.422683803460668, 7.878293209826606, 8.174203514104601, 7.293871411671582, 6.977045112366695, 5.367828344870949, 5.774960025835677, 4.650600038704683, 5.115382521376089, 3.5625657411478038, 2.862036837638537, 2.726332050576378, 3.4548178678477393, 2.1379259809450843, 2.1128263203585855, 2.6448408799018517, 2.638870006271624, 3.2573684562849197], [11.661325640766576, 10.26303157405257, 10.221713635198357, 9.019324962545701, 7.731613676975848, 6.650132391163351, 5.385344138492916, 4.454409134778708, 3.3163962941723355, 2.8706656022602144, 2.4353398140711287, 1.2225448417133826, 0.0, 2.295288136596362, 2.6625653607000896, 12.427477252443474, 11.839795665466529, 11.919848499456693, 9.544940043289952, 10.161799564053604, 10.444712536494242, 11.109715640825376, 9.358329881447865, 8.960365298914995, 7.4920234202783975, 8.040425514859274, 7.157006931671927, 6.55116586494343, 5.052016162879925, 5.817350473368439, 4.304599792082883, 5.181767189868723, 3.980795107764277, 2.7499267244783088, 2.6481044503568962, 3.9105319778771785, 3.201225395063584, 3.018162720928081, 2.6623538927047243, 2.659205757364405, 3.7377016721509486], [13.013627482374005, 11.689549277025183, 11.580890550816893, 10.45871979402833, 9.05267717418444, 8.045754570579442, 6.607712407482637, 5.730487889351132, 4.259647371555538, 3.70463358916911, 2.3487578461816794, 1.36385464768061, 2.295288136596362, 0.0, 1.4280473416522297, 13.851701166643755, 13.21795805523682, 13.107379024808887, 10.884733931520788, 11.759158375070896, 11.613395948644824, 12.528069241906351, 10.72617297361925, 10.591578874747617, 8.88295040963305, 9.11182479912778, 8.43142004943414, 8.199495655221728, 6.389426584600531, 6.685732134927333, 5.943797568894823, 6.261489041753567, 4.380872271591583, 3.9190315589441225, 4.03879803035507, 4.48680654809186, 2.4899068014686816, 2.688061617597335, 2.081275152400566, 2.081724499063217, 2.049963014300502], [13.45238856560425, 12.16662742463991, 12.22520230589253, 11.166259042311351, 9.75398384712626, 8.846073456624696, 7.420471647408943, 6.676094311796382, 5.2685769065279855, 4.866063861068821, 3.6663289500534457, 2.341098035110875, 2.6625653607000896, 1.4280473416522297, 0.0, 14.325451624294432, 13.54506448341978, 13.58955757668365, 11.31410506624364, 12.17847973435108, 12.308122482734722, 13.19684025742526, 11.546466961369612, 11.234087588674036, 9.437719060768869, 9.86903342886222, 9.360957236308689, 8.920587189753823, 7.014665492380944, 7.567926211981721, 6.773963127298524, 7.34565478156985, 5.475722143242844, 4.686083726311343, 5.013544656228764, 5.75486283155385, 3.8726128453538964, 3.996745769998387, 1.094504952021689, 1.094596117296238, 1.0934380869532578], [1.0946777973449537, 2.169613672984202, 2.782933427159191, 4.187099869838311, 5.137634915990041, 6.536481824345571, 7.61478020365657, 8.982757168041447, 10.116107600258113, 11.464995702572242, 12.648697017875003, 12.872209782706308, 12.427477252443474, 13.851701166643755, 14.325451624294432, 0.0, 1.7716664076512825, 1.7749139162224181, 3.0599137389802347, 2.5015754236080907, 3.153760683691773, 2.5193711159731906, 4.790977442025792, 4.343058013658118, 5.0014998980305885, 5.311280581931253, 6.911028908925211, 6.6657077261158095, 7.515826478172577, 7.733178872236177, 9.077588975603598, 9.258230650075639, 10.205407646439214, 10.034829252657964, 11.539840188668126, 11.669778402780405, 12.643776009167512, 13.56993810855451, 14.771287982095535, 13.582518932068528, 15.154068807089402], [1.0944581399030298, 2.1597242161905763, 3.470467322998446, 4.70832470630478, 5.201035186383573, 6.641835985629275, 7.442551909795457, 8.878609520640042, 9.823049885855207, 11.240530183225344, 12.288730805498183, 12.329722363865296, 11.839795665466529, 13.21795805523682, 13.54506448341978, 1.7716664076512825, 0.0, 1.772182702206519, 2.462318523262171, 2.4750704434419637, 3.772640620308274, 3.7226796343494293, 5.568575976854405, 4.849283977042384, 4.716218889110215, 5.360549593092111, 7.250164319517179, 6.779620156763946, 7.10485044107193, 7.554134569227635, 8.98248842637718, 9.341849564727532, 9.908077045017363, 9.562777401466583, 11.325658191028015, 11.597679069106887, 12.26360598641362, 13.27588802792491, 14.014043899246213, 12.714377512878874, 14.331152381787026], [1.094731880416388, 2.1690940551299294, 2.778750843454663, 4.232439174991177, 4.7405645845194435, 6.261692839001287, 7.083577673746508, 8.560771121225004, 9.520554888765675, 10.961771838986616, 12.017454826210082, 12.247705982754484, 11.919848499456693, 13.107379024808887, 13.58955757668365, 1.7749139162224181, 1.772182702206519, 0.0, 2.4969489181799456, 3.0654236526131258, 2.586286828640629, 3.0537751079606372, 4.872801904448815, 4.741302831501063, 4.558959589643234, 4.586713534765389, 6.673277974878613, 6.646206688028894, 6.956427564490268, 6.981236940542844, 8.84623369802087, 8.865676031753022, 9.444665636220268, 9.418876439363668, 11.187525253155854, 11.18788541146181, 11.874884252909583, 12.988279039965224, 14.146412517666803, 12.826298082845259, 14.334700022672257], [2.139163352808757, 1.095117938854076, 2.168776897239548, 2.8478447096005777, 2.8574044690942864, 4.293964234830095, 4.988319967684511, 6.444761197282642, 7.373228240736888, 8.799228240590194, 9.854575961450598, 9.968836298184458, 9.544940043289952, 10.884733931520788, 11.31410506624364, 3.0599137389802347, 2.462318523262171, 2.4969489181799456, 0.0, 1.7655836230549944, 2.4962954272281155, 3.065507470224139, 3.850855092054231, 3.1811009132059924, 2.2863010169266857, 3.0654316580214274, 4.995912966615812, 4.554333435311912, 4.679434448734162, 5.109284934313216, 6.621364969551218, 6.931775970124828, 7.455776647673936, 7.160780175371954, 8.932095750158526, 9.149574586831893, 9.82690625985615, 10.83530535702617, 11.800008836437371, 10.551497846751428, 12.119739960906752], [2.1466481872910617, 1.09606631642433, 2.163493096822821, 2.76597924070301, 3.461960625137149, 4.6710246841565715, 5.703565715409966, 6.9816241477180645, 8.114194046237742, 9.405236157587963, 10.602076749863679, 10.71546081556925, 10.161799564053604, 11.759158375070896, 12.17847973435108, 2.5015754236080907, 2.4750704434419637, 3.0654236526131258, 1.7655836230549944, 0.0, 3.0691912436340623, 2.526776772886754, 3.73246920014084, 2.5389925147585606, 3.0634591347037747, 4.055318574415579, 5.293712842608673, 4.570137841466054, 5.46455442739845, 6.08174765260776, 6.9148609219564205, 7.41216481805417, 8.384339241108986, 7.941623650740445, 9.35717038532483, 9.718395623249755, 10.729623870854, 11.512734783273695, 12.533209260600417, 11.450051948353773, 13.0688009507376], [2.776745298006283, 2.1623068006182655, 1.0968535955176515, 2.162174666857421, 2.783530323168763, 4.176307901723722, 5.188229399323048, 6.556548765166015, 7.671423212807386, 9.017392038167134, 10.191923191429574, 10.662160867291394, 10.444712536494242, 11.613395948644824, 12.308122482734722, 3.153760683691773, 3.772640620308274, 2.586286828640629, 2.4962954272281155, 3.0691912436340623, 0.0, 1.760116078558457, 2.495727653410925, 3.06759959903505, 3.175893741925255, 2.5335937736740672, 4.323533713295179, 4.721322871823108, 5.403945201424603, 5.059158639536815, 6.916760076798963, 6.6507196648182365, 7.584323156353506, 7.811551596193934, 9.28127561329799, 9.072349070665215, 10.065534895871158, 11.07684268643371, 12.844902548482024, 11.699089842804012, 13.095801865483457], [