{"total energy": -42.91738896, "HOMO-LUMO gap/eV": 3.75439906, "electronic energy": -43.45587846, "dipole": [0.18828447, 0.27202158, -0.49879777], "partial charges": [-0.16956527, 0.10191876, -0.03871854, -0.02564402, -0.03223818, 0.0244567, -0.04117822, 0.01206315, -0.04352311, 0.09698614, -0.15766448, -0.03964038, -0.03758439, 0.09033298, -0.16135551, 0.05782162, 0.05154269, 0.04570037, 0.0566542, 0.06823998, 0.06955798, 0.07183752], "atomic dipole moments": [[-0.01835863, -0.00554856, 0.02571833], [-0.13299253, -0.10320756, 0.18503426], [0.02508689, -0.00953456, 0.03091641], [-0.00384599, -0.00573988, 0.01346652], [0.00080508, -0.01179667, 0.02256474], [0.08399498, 0.00099421, 0.01975244], [-0.02777778, 0.00666547, -0.01902935], [-0.04744279, 0.01407012, -0.00271603], [0.02172794, 0.03020003, 0.00699502], [0.13537619, -0.19474757, -0.02791199], [0.00875772, -0.01368728, -0.00198895], [-0.03281896, -0.02244286, -0.0074484], [-0.03398873, -0.01965947, -0.0070029], [-0.13823881, 0.18936502, 0.02905022], [-0.05241884, 0.03603998, 0.01800346], [-0.15260093, -0.01452475, -0.02085984], [-0.0677697, 0.04793124, -0.12872886], [0.07744686, 0.06496408, -0.11550598], [0.0670789, -0.04790904, 0.13278631], [-0.06272255, -0.13955376, -0.03479253], [0.15384454, 0.01336119, 0.01636622], [0.07050904, 0.13497029, 0.03416923]], "atomic quadrupole moments": [[-0.03688278, 0.15057424, -0.09348957, -0.27201448, -0.196375, 0.13037235], [-0.26924602, 0.04993754, 0.26241442, -0.30767814, 0.07848239, 0.00683161], [-0.25442106, -0.09991174, 0.37123668, -0.0469275, 0.27538818, -0.11681562], [-0.25204882, -0.09490973, 0.39344312, -0.06661316, 0.29845786, -0.1413943], [-0.2415799, -0.10461549, 0.38059418, -0.04279745, 0.28493444, -0.13901428], [-0.09252384, -0.0893123, 0.32465948, -0.02842232, 0.29742617, -0.23213564], [-0.22484, -0.09224899, 0.36282557, -0.0494445, 0.27340743, -0.13798557], [-0.11226584, 0.02375404, -0.31408904, -0.04390963, -0.1698375, 0.42635488], [-0.22428367, -0.00415876, -0.23579637, -0.06326311, -0.15419655, 0.46008003], [-0.25819516, -0.28418207, -0.00275611, -0.10550311, -0.08318817, 0.26095128], [-0.01827339, -0.32151803, 0.21836276, -0.04891494, 0.0587217, -0.20008938], [-0.27635038, 0.00609769, -0.19972058, -0.06810841, -0.14339999, 0.47607097], [-0.24793687, -0.01525471, -0.23224864, -0.07116914, -0.15524572, 0.48018552], [-0.25677607, -0.29127775, 0.0051553, -0.10766301, -0.08565245, 0.25162077], [-0.04128442, -0.30653207, 0.23617202, -0.05099477, 0.067445, -0.1948876], [0.02548986, 0.0143719, -0.04323989, -0.00078854, -0.0359157, 0.01775003], [0.03644354, 0.01626087, -0.04898045, 0.00056043, -0.03520199, 0.0125369], [0.03804035, 0.01302509, -0.04855956, 0.00712032, -0.03219201, 0.01051921], [0.02920759, 0.01282955, -0.04188988, 0.00363307, -0.03212034, 0.0126823], [0.03244626, -0.00317793, 0.02251876, 0.00752391, 0.01570767, -0.05496502], [0.02594449, -0.00644495, 0.03111605, 0.00623031, 0.01817874, -0.05706055], [0.02921494, -0.01086852, 0.02813177, 0.0055944, 0.01741862, -0.05734671]], "number of molecular orbitals": 82, "number of electrons": 76, "number of unpaired electrons": 0, "orbital energies/eV": [-28.99692635, -28.98850008, -28.84653588, -18.56928769, -18.24275981, -17.87529722, -17.61397181, -17.30934309, -17.28066436, -16.66220072, -16.42957469, -16.15418549, -15.97667976, -15.20467549, -14.80628792, -14.74722534, -14.45910857, -14.32971934, -14.07358906, -13.99337735, -13.88780355, -13.74517321, -13.69454662, -13.58508792, -13.11167187, -12.91550016, -12.78152153, -12.39212884, -12.31294789, -12.29116012, -11.90651936, -11.74556577, -11.68227748, -11.64830541, -11.48333025, -11.45791144, -10.9913325, -10.92439722, -7.16999816, -7.03426921, -6.74260121, -6.68260759, -4.12172881, -3.97669229, -3.8955775, -3.70784043, -3.35622929, 0.06152964, 0.13526644, 0.26277979, 0.2648459, 0.26787605, 0.27406178, 0.27515337, 0.43099569, 0.43388047, 0.57861991, 0.65970823, 0.79805612, 1.96675648, 2.62633854, 2.75376269, 3.39617361, 3.70368374, 3.88096087, 3.95780914, 4.36392859, 4.46231355, 4.58199318, 4.83842604, 8.34668336, 9.05123566, 9.54412456, 10.16243168, 10.46572287, 10.97165968, 11.122625, 11.51176723, 15.32486718, 15.40985767, 15.77125221, 16.85369096], "fractional occupation": [2.0, 2.0, 2.0, 2.0, 2.0, 2.0, 2.0, 2.0, 2.0, 2.0, 2.0, 2.0, 2.0, 2.0, 2.0, 2.0, 2.0, 2.0, 2.0, 2.0, 2.0, 2.0, 2.0, 2.0, 2.0, 2.0, 2.0, 2.0, 2.0, 2.0, 2.0, 2.0, 2.0, 2.0, 2.0, 2.0, 2.0, 2.0, 0.0, 0.0, 0.0, 0.0, 0.0, 0.0, 0.0, 0.0, 0.0, 0.0, 0.0, 0.0, 0.0, 0.0, 0.0, 0.0, 0.0, 0.0, 0.0, 0.0, 0.0, 0.0, 0.0, 0.0, 0.0, 0.0, 0.0, 0.0, 0.0, 0.0, 0.0, 0.0, 0.0, 0.0, 0.0, 0.0, 0.0, 0.0, 0.0, 0.0, 0.0, 0.0, 0.0, 0.0], "program call": "xtb /home/svss/Project-DBcg-Debug/aqme2_20220329/End-to-End-workflows-final/example-3/QDESCP/mol_78_rdkit_conf_2/mol_78_rdkit_conf_2.xyz --pop --wbo --acc 0.2 --gfn 2 --chrg 0 --uhf 0 --etemp 300 --input /home/svss/Project-DBcg-Debug/aqme2_20220329/End-to-End-workflows-final/example-3/QDESCP/mol_78_rdkit_conf_2/mol_78_rdkit_conf_2_xtb.inp", "method": "GFN2-xTB", "xtb version": "6.3.3 (7355c4f)", "Dipole module/D": 1.521, "Total charge": 0, "Transition dipole module/D": NaN, "HOMO": -10.9244, "LUMO": -7.17, "HOMO occupancy": 2.0, "LUMO occupancy": 0, "mulliken charges": [-0.11129, 0.11645, -0.05046, -0.01712, -0.0401, 0.01785, -0.05639, -0.00497, -0.05336, 0.10908, -0.10711, -0.04632, -0.04098, 0.09827, -0.11255, 0.04253, 0.0384, 0.03609, 0.04237, 0.04629, 0.04634, 0.04697], "cm5 charges": [-0.11334, 0.10916, -0.1024, -0.07223, -0.09186, 0.01002, -0.10508, -0.01023, -0.10184, 0.10181, -0.10917, -0.09811, -0.09258, 0.09409, -0.11382, 0.09905, 0.09373, 0.09258, 0.10002, 0.10388, 0.10281, 0.10349], "FUKUI+": [-0.086, -0.024, -0.037, -0.024, -0.019, -0.032, -0.018, -0.043, -0.026, -0.03, -0.099, -0.043, -0.029, -0.028, -0.089, -0.057, -0.054, -0.043, -0.042, -0.053, -0.065, -0.06], "FUKUI-": [-0.185, -0.015, -0.021, -0.015, -0.024, -0.011, -0.01, -0.018, -0.012, -0.019, -0.179, -0.02, -0.017, -0.018, -0.16, -0.042, -0.044, -0.037, -0.031, -0.035, -0.044, -0.042], "FUKUIrad": [-0.136, -0.019, -0.029, -0.02, -0.021, -0.021, -0.014, -0.03, -0.019, -0.025, -0.139, -0.031, -0.023, -0.023, -0.124, -0.05, -0.049, -0.04, -0.037, -0.044, -0.055, -0.051], "s proportion": [1.944, 1.079, 1.062, 1.061, 1.062, 1.079, 1.064, 1.083, 1.065, 1.077, 1.943, 1.062, 1.064, 1.082, 1.945, 0.957, 0.962, 0.964, 0.958, 0.954, 0.954, 0.953], "p proportion": [5.178, 2.805, 2.989, 2.956, 2.978, 2.903, 2.993, 2.922, 2.988, 2.814, 5.174, 2.985, 2.977, 2.819, 5.177, 0.0, 0.0, 0.0, 0.0, 0.0, 0.0, 0.0], "d proportion": [-0.011, 0.0, 0.0, 0.0, 0.0, 0.0, 0.0, 0.0, 0.0, 0.0, -0.011, 0.0, 0.0, 0.0, -0.01, 0.0, 0.0, 0.0, 0.0, 0.0, 0.0, 0.0], "Fermi-level/eV": -9.0472, "Coordination numbers": [0.966, 2.878, 2.949, 2.91, 2.916, 2.968, 2.952, 2.988, 2.953, 2.876, 0.966, 2.948, 2.954, 2.879, 0.958, 0.925, 0.925, 0.925, 0.925, 0.925, 0.925, 0.925], "Dispersion coefficient C6": [104.473, 25.741, 28.962, 28.643, 28.804, 27.455, 29.022, 27.737, 29.08, 25.846, 104.092, 28.984, 28.933, 25.989, 104.208, 2.225, 2.301, 2.374, 2.239, 2.105, 2.09, 2.065], "Total dispersion C6": 10896.510216, "Total dispersion C8": 330368.550901, "Polarizability alpha": [15.637, 8.317, 8.827, 8.776, 8.801, 8.595, 8.836, 8.639, 8.845, 8.334, 15.609, 8.83, 8.823, 8.357, 15.617, 2.332, 2.372, 2.41, 2.34, 2.269, 2.261, 2.247], "Total polarizability alpha": 167.073958, "Wiberg matrix": [[0.0, 0.9808372960980734, 0.0, 0.0, 0.0, 0.0, 0.0, 0.0, 0.0, 0.0, 0.0, 0.0, 0.0, 0.0, 0.0, 0.0, 0.0, 0.0, 0.0, 0.0, 0.0, 0.0], [0.9808372960980734, 0.0, 1.4005875898266191, 0.0, 0.0, 0.0, 1.4049381373990166, 0.0, 0.0, 0.0, 0.0, 0.0, 0.0, 0.0, 0.0, 0.0, 0.0, 0.0, 0.0, 0.0, 0.0, 0.0], [0.0, 1.4005875898266191, 0.0, 1.439187426636849, 0.0, 0.10655946286375413, 0.0, 0.0, 0.0, 0.0, 0.0, 0.0, 0.0, 0.0, 0.0, 0.9674994695417034, 0.0, 0.0, 0.0, 0.0, 0.0, 0.0], [0.0, 0.0, 1.439187426636849, 0.0, 1.4395994049556382, 0.0, 0.10867116904777593, 0.0, 0.0, 0.0, 0.0, 0.0, 0.0, 0.0, 0.0, 0.0, 0.9684953687295768, 0.0, 0.0, 0.0, 0.0, 0.0], [0.0, 0.0, 0.0, 1.4395994049556382, 0.0, 1.3965236147261488, 0.0, 0.0, 0.0, 0.0, 0.0, 0.0, 0.0, 0.0, 0.0, 0.0, 0.0, 0.9699614434601829, 0.0, 0.0, 0.0, 0.0], [0.0, 0.0, 0.10655946286375413, 0.0, 1.3965236147261488, 0.0, 1.4004156829349843, 1.0200368026994107, 0.0, 0.0, 0.0, 0.0, 0.0, 0.0, 0.0, 0.0, 0.0, 0.0, 0.0, 0.0, 0.0, 0.0], [0.0, 1.4049381373990166, 0.0, 0.10867116904777593, 0.0, 1.4004156829349843, 0.0, 0.0, 0.0, 0.0, 0.0, 0.0, 0.0, 0.0, 0.0, 0.0, 0.0, 0.0, 0.9672077687192022, 0.0, 0.0, 0.0], [0.0, 0.0, 0.0, 0.0, 0.0, 1.0200368026994107, 0.0, 0.0, 1.3975231726441169, 0.0, 0.0, 0.10303416270002952, 0.0, 1.360834214451001, 0.0, 0.0, 0.0, 0.0, 0.0, 0.0, 0.0, 0.0], [0.0, 0.0, 0.0, 0.0, 0.0, 0.0, 0.0, 1.3975231726441169, 0.0, 1.4026166196181968, 0.0, 0.0, 0.10619794599443667, 0.0, 0.0, 0.0, 0.0, 0.0, 0.0, 0.965185290739164, 0.0, 0.0], [0.0, 0.0, 0.0, 0.0, 0.0, 0.0, 0.0, 0.0, 1.4026166196181968, 0.0, 0.9873543271719282, 1.394842434833036, 0.0, 0.0, 0.0, 0.0, 0.0, 0.0, 0.0, 0.0, 0.0, 0.0], [0.0, 0.0, 0.0, 0.0, 0.0, 0.0, 0.0, 0.0, 0.0, 0.9873543271719282, 0.0, 0.0, 0.0, 0.0, 0.0, 0.0, 0.0, 0.0, 0.0, 0.0, 0.0, 0.0], [0.0, 0.0, 0.0, 0.0, 0.0, 0.0, 0.0, 0.10303416270002952, 0.0, 1.394842434833036, 0.0, 0.0, 1.4422828594708825, 0.0, 0.0, 0.0, 0.0, 0.0, 0.0, 0.0, 0.9654290445879169, 0.0], [0.0, 0.0, 0.0, 0.0, 0.0, 0.0, 0.0, 0.0, 0.10619794599443667, 0.0, 0.0, 1.4422828594708825, 0.0, 1.3996734158924067, 0.0, 0.0, 0.0, 0.0, 0.0, 0.0, 0.0, 0.9648845995650897], [0.0, 0.0, 0.0, 0.0, 0.0, 0.0, 0.0, 1.360834214451001, 0.0, 0.0, 0.0, 0.0, 1.3996734158924067, 0.0, 0.9847648713589331, 0.0, 0.0, 0.0, 0.0, 0.0, 0.0, 0.0], [0.0, 0.0, 0.0, 0.0, 0.0, 0.0, 0.0, 0.0, 0.0, 0.0, 0.0, 0.0, 0.0, 0.9847648713589331, 0.0, 0.0, 0.0, 0.0, 0.0, 0.0, 0.0, 0.0], [0.0, 0.0, 0.9674994695417034, 0.0, 0.0, 0.0, 0.0, 0.0, 0.0, 0.0, 0.0, 0.0, 0.0, 0.0, 0.0, 0.0, 0.0, 0.0, 0.0, 0.0, 0.0, 0.0], [0.0, 0.0, 0.0, 0.9684953687295768, 0.0, 0.0, 0.0, 0.0, 0.0, 0.0, 0.0, 0.0, 0.0, 0.0, 0.0, 0.0, 0.0, 0.0, 0.0, 0.0, 0.0, 0.0], [0.0, 0.0, 0.0, 0.0, 0.9699614434601829, 0.0, 0.0, 0.0, 0.0, 0.0, 0.0, 0.0, 0.0, 0.0, 0.0, 0.0, 0.0, 0.0, 0.0, 0.0, 0.0, 0.0], [0.0, 0.0, 0.0, 0.0, 0.0, 0.0, 0.9672077687192022, 0.0, 0.0, 0.0, 0.0, 0.0, 0.0, 0.0, 0.0, 0.0, 0.0, 0.0, 0.0, 0.0, 0.0, 0.0], [0.0, 0.0, 0.0, 0.0, 0.0, 0.0, 0.0, 0.0, 0.965185290739164, 0.0, 0.0, 0.0, 0.0, 0.0, 0.0, 0.0, 0.0, 0.0, 0.0, 0.0, 0.0, 0.0], [0.0, 0.0, 0.0, 0.0, 0.0, 0.0, 0.0, 0.0, 0.0, 0.0, 0.0, 0.9654290445879169, 0.0, 0.0, 0.0, 0.0, 0.0, 0.0, 0.0, 0.0, 0.0, 0.0], [0.0, 0.0, 0.0, 0.0, 0.0, 0.0, 0.0, 0.0, 0.0, 0.0, 0.0, 0.0, 0.9648845995650897, 0.0, 0.0, 0.0, 0.0, 0.0, 0.0, 0.0, 0.0, 0.0]], "Born radii": [], "Atomic SASAs": [], "Solvent H bonds": [], "Total SASA": NaN, "Total FOD": 0.0, "FOD": [0.0, 0.0, 0.0, 0.0, 0.0, 0.0, 0.0, 0.0, 0.0, 0.0, 0.0, 0.0, 0.0, 0.0, 0.0, 0.0, 0.0, 0.0, 0.0, 0.0, 0.0, 0.0], "FOD s proportion": [0.0, 0.0, 0.0, 0.0, 0.0, 0.0, 0.0, 0.0, 0.0, 0.0, 0.0, 0.0, 0.0, 0.0, 0.0, 0.0, 0.0, 0.0, 0.0, 0.0, 0.0, 0.0], "FOD p proportion": [0.0, 0.0, 0.0, 0.0, 0.0, 0.0, 0.0, 0.0, 0.0, 0.0, 0.0, 0.0, 0.0, 0.0, 0.0, 0.0, 0.0, 0.0, 0.0, 0.0, 0.0, 0.0], "FOD d proportion": [0.0, 0.0, 0.0, 0.0, 0.0, 0.0, 0.0, 0.0, 0.0, 0.0, 0.0, 0.0, 0.0, 0.0, 0.0, 0.0, 0.0, 0.0, 0.0, 0.0, 0.0, 0.0], "coordinates": [["-3.80790", "-1.47780", "1.72500"], ["-2.87410", "-0.76130", "0.46920"], ["-3.50060", "-0.33490", "-0.69940"], ["-2.74330", "0.24360", "-1.71630"], ["-1.36300", "0.39270", "-1.55980"], ["-0.72140", "-0.03110", "-0.38430"], ["-1.49600", "-0.61460", "0.63040"], ["0.73190", "0.11830", "-0.22430"], ["1.55400", "-1.01400", "-0.38070"], ["2.93900", "-0.91680", "-0.23990"], ["3.91780", "-2.31710", "-0.43930"], ["3.53450", "0.30470", "0.05990"], ["2.73780", "1.43850", "0.22120"], ["1.34770", "1.34820", "0.08120"], ["0.42930", "2.79630", "0.31280"], ["-4.57420", "-0.44870", "-0.82270"], ["-3.22590", "0.58050", "-2.63040"], ["-0.78630", "0.84770", "-2.36350"], ["-1.02390", "-0.94960", "1.55130"], ["1.10660", "-1.97760", "-0.61910"], ["4.61310", "0.38150", "0.17060"], ["3.20510", "2.39130", "0.45910"]], "bond_dist": [[0.0, 1.721159007761921, 2.6978452624270357, 3.992384852440957, 4.501801561597312, 4.008562040183487, 2.699656461478016, 5.192021739168664, 5.779191512659881, 7.049554072421887, 8.066911395943308, 7.7369698215774365, 7.322049482214663, 6.104798587996167, 6.181917460626597, 2.8525493492663716, 4.852301727015746, 5.5905142035415665, 2.838982728020725, 5.467807156438494, 8.76278476570091, 8.108921421496204], [1.721159007761921, 0.0, 1.3928191447564182, 2.4090128476203687, 2.7806438481042477, 2.4281209978087994, 1.3952297086859924, 3.7759600646722946, 4.516000100752877, 5.858253551187419, 7.02679098166439, 6.5095342728954115, 6.032747769466249, 4.735412283001344, 4.857306895801417, 2.1580232575206417, 3.3958372516950805, 3.8693641764506994, 2.151659206287092, 4.30229648792363, 7.579796675373291, 6.84804069862322], [2.6978452624270357, 1.3928191447564182, 0.0, 1.3936467091770424, 2.41640718423034, 2.8134560757189724, 2.421780603192618, 4.283125786151977, 5.109963567384801, 6.482144399810915, 7.683061070302644, 7.104805181002503, 6.550579095011372, 5.191163150971081, 5.125726903571824, 1.0866325459878334, 2.154571477115577, 3.3963504030061444, 3.4025798256616993, 4.891952904515741, 8.191596709433394, 7.330804947616599], [3.992384852440957, 2.4090128476203687, 1.3936467091770424, 0.0, 1.3971224534735673, 2.43675269569975, 2.792716494741276, 3.784016269785319, 4.672491028348797, 5.984548304592419, 7.249701145564553, 6.524522395547431, 5.934993636896336, 4.6029803834037795, 4.549606011513525, 2.151742331228347, 1.0871904984868108, 2.147941724069813, 3.8803701318302095, 4.578133603336626, 7.595790214322668, 6.687932640958639], [4.501801561597312, 2.7806438481042477, 2.41640718423034, 1.3971224534735673, 0.0, 1.4046555627626296, 2.4143981299694546, 2.499492272442546, 3.4464431955278183, 4.686590472827768, 6.040313313893576, 5.159135425630926, 4.591537790326896, 3.309645863230687, 3.5350053762335354, 3.400452294916075, 2.1568146906955175, 1.0888257803707626, 3.405246145288179, 3.5499524982737443, 6.221589894070486, 5.379395577571889], [4.008562040183487, 2.4281209978087994, 2.8134560757189724, 2.43675269569975, 1.4046555627626296, 0.0, 1.4036001923624832, 1.4696942709284813, 2.478618673777796, 3.7687987489384467, 5.172136660994178, 4.292174284672048, 3.806890995287362, 2.5298880508828843, 3.1311738469781583, 3.9000836093601894, 3.4192894027853216, 2.1665027325161628, 2.1637226855583873, 2.68059271244253, 5.379130321901488, 4.690069036805322], [2.699656461478016, 1.3952297086859924, 2.421780603192618, 2.792716494741276, 2.4143981299694546, 1.4036001923624832, 0.0, 2.496235748081499, 3.2379536083767473, 4.529676801936315, 5.775118594453278, 5.1455333047216785, 4.723105619187443, 3.4986903506883826, 3.9296168591861473, 3.407981464151471, 3.87990137245781, 3.4066747115038734, 1.0877316856651735, 3.1925767038553667, 6.206829630334637, 5.58257285756308], [5.192021739168664, 3.7759600646722946, 4.283125786151977, 3.784016269785319, 2.499492272442546, 1.4696942709284813, 2.496235748081499, 0.0, 1.407981768347872, 2.437819882600025, 4.01588806741423, 2.823133252257144, 2.4423417246568917, 1.4089690912152757, 2.748040605595194, 5.369755000928814, 4.654796116909956, 2.7227067855353067, 2.7158791228624297, 2.165424655812342, 3.9101066085210516, 3.427868550571915], [5.779191512659881, 4.516000100752877, 5.109963567384801, 4.672491028348797, 3.4464431955278183, 2.478618673777796, 3.2379536083767473, 1.407981768347872, 0.0, 1.3955276708112956, 2.699824810983113, 2.419809558622331, 2.7889823054297063, 2.415760778719615, 4.032899506558525, 6.170069961515834, 5.518244680149658, 3.5880951520270474, 3.2221638335131253, 1.0888187544306904, 3.407263528111672, 3.876527226784303], [7.049554072421887, 5.858253551187419, 6.482144399810915, 5.984548304592419, 4.686590472827768, 3.7687987489384467, 4.529676801936315, 2.437819882600025, 1.3955276708112956, 0.0, 1.7200726409079357, 1.3916043043911583, 2.4084295173411236, 2.7866764971915923, 4.515659751354169, 7.55029454326121, 6.7795567369850955, 4.636916788125489, 4.349028591536276, 2.1509948953914324, 2.157939746610178, 3.3915978269836184], [8.066911395943308, 7.02679098166439, 7.683061070302644, 7.249701145564553, 6.040313313893576, 5.172136660994178, 5.775118594453278, 4.01588806741423, 2.699824810983113, 1.7200726409079357, 0.0, 2.6962853650902754, 3.99164021550039, 4.506745871468682, 6.235555004969486, 8.70356123204749, 8.014328085373098, 5.987241559349347, 5.500267584399872, 2.8373286256618218, 2.8526938251414222, 4.846039043383782], [7.7369698215774365, 6.5095342728954115, 7.104805181002503, 6.524522395547431, 5.159135425630926, 4.292174284672048, 5.1455333047216785, 2.823133252257144, 2.419809558622331, 1.3916043043911583, 2.6962853650902754, 0.0, 1.3950810084005874, 2.4231054826399943, 3.9892726166558234, 8.191313082162104, 7.281262795010218, 4.983676273595628, 4.957474458834861, 3.4006812111693154, 1.0869823779620351, 2.1498289606384975], [7.322049482214663, 6.032747769466249, 6.550579095011372, 5.934993636896336, 4.591537790326896, 3.806890995287362, 4.723105619187443, 2.4423417246568917, 2.7889823054297063, 2.4084295173411236, 3.99164021550039, 1.3950810084005874, 0.0, 1.4000471777765207, 2.679773059421264, 7.623424102724444, 6.665846101583804, 4.410101987482829, 4.650008011821055, 3.877712823301901, 2.1532671571358724, 1.0875631200072944], [6.104798587996167, 4.735412283001344, 5.191163150971081, 4.6029803834037795, 3.309645863230687, 2.5298880508828843, 3.4986903506883826, 1.4089690912152757, 2.415760778719615, 2.7866764971915923, 4.506745871468682, 2.4231054826399943, 1.4000471777765207, 0.0, 1.7303441073959824, 6.25418135570116, 5.372146201472927, 3.2834454982533208, 3.614632126510248, 3.407270893251665, 3.406660888612191, 2.1635158377049146], [6.181917460626597, 4.857306895801417, 5.125726903571824, 4.549606011513525, 3.5350053762335354, 3.1311738469781583, 3.9296168591861473, 2.748040605595194, 4.032899506558525, 4.515659751354169, 6.235555004969486, 3.9892726166558234, 2.679773059421264, 1.7303441073959824, 0.0, 6.070782280727914, 5.189670791100338, 3.5266566334135794, 4.204454697104013, 4.9109361744987075, 4.832769632415764, 2.809002372729507], [2.8525493492663716, 2.1580232575206417, 1.0866325459878334, 2.151742331228347, 3.400452294916075, 3.9000836093601894, 3.407981464151471, 5.369755000928814, 6.170069961515834, 7.55029454326121, 8.70356123204749, 8.191313082162104, 7.623424102724444, 6.25418135570116, 6.070782280727914, 0.0, 2.478899921336075, 4.289860604961425, 4.300163589911435, 5.886465561778138, 9.278057890528599, 8.380102608560351], [4.852301727015746, 3.3958372516950805, 2.154571477115577, 1.0871904984868108, 2.1568146906955175, 3.4192894027853216, 3.87990137245781, 4.654796116909956, 5.518244680149658, 6.7795567369850955, 8.014328085373098, 7.281262795010218, 6.665846101583804, 5.372146201472927, 5.189670791100338, 2.478899921336075, 0.0, 2.4686594763150307, 4.967557236711017, 5.418464685683575, 8.32677146317827, 7.360826576546957], [5.5905142035415665, 3.8693641764506994, 3.3963504030061444, 2.147941724069813, 1.0888257803707626, 2.1665027325161628, 3.4066747115038734, 2.7227067855353067, 3.5880951520270474, 4.636916788125489, 5.987241559349347, 4.983676273595628, 4.410101987482829, 3.2834454982533208, 3.5266566334135794, 4.289860604961425, 2.4686594763150307, 0.0, 4.314209092058474, 3.8220834449289565, 5.98268548479694, 5.126504235831664], [2.838982728020725, 2.151659206287092, 3.4025798256616993, 3.8803701318302095, 3.405246145288179, 2.1637226855583873, 1.0877316856651735, 2.7158791228624297, 3.2221638335131253, 4.349028591536276, 5.500267584399872, 4.957474458834861, 4.650008011821055, 3.614632126510248, 4.204454697104013, 4.300163589911435, 4.967557236711017, 4.314209092058474, 0.0, 3.2103660866013395, 5.954320171102659, 5.498995785595767], [5.467807156438494, 4.30229648792363, 4.891952904515741, 4.578133603336626, 3.5499524982737443, 2.68059271244253, 3.1925767038553667, 2.165424655812342, 1.0888187544306904, 2.1509948953914324, 2.8373286256618218, 3.4006812111693154, 3.877712823301901, 3.407270893251665, 4.9109361744987075, 5.886465561778138, 5.418464685683575, 3.8220834449289565, 3.2103660866013395, 0.0, 4.299362877217972, 4.965229571731805], [8.76278476570091, 7.579796675373291, 8.191596709433394, 7.595790214322668, 6.221589894070486, 5.379130321901488, 6.206829630334637, 3.9101066085210516, 3.407263528111672, 2.157939746610178, 2.8526938251414222, 1.0869823779620351, 2.1532671571358724, 3.406660888612191, 4.832769632415764, 9.278057890528599, 8.32677146317827, 5.98268548479694, 5.954320171102659, 4.299362877217972, 0.0, 2.470828259916096], [8.108921421496204, 6.84804069862322, 7.330804947616599, 6.687932640958639, 5.379395577571889, 4.690069036805322, 5.58257285756308, 3.427868550571915, 3.876527226784303, 3.3915978269836184, 4.846039043383782, 2.1498289606384975, 1.0875631200072944, 2.1635158377049146, 2.809002372729507, 8.380102608560351, 7.360826576546957, 5.126504235831664, 5.498995785595767, 4.965229571731805, 2.470828259916096, 0.0]]}