{"total energy": -27.16362732, "HOMO-LUMO gap/eV": 3.8155105, "electronic energy": -27.49829426, "dipole": [1.08603311, 0.2235873, 0.05145405], "partial charges": [0.03281284, -0.26522845, 0.14360402, -0.06396262, -0.04195637, 0.08963294, -0.18054868, -0.04037023, -0.05177094, 0.06301983, 0.04483689, 0.04482651, 0.0476073, 0.05674039, 0.0595911, 0.06116547], "atomic dipole moments": [[-0.20280863, -0.12638214, 0.004735], [-0.00113302, 0.24182559, -0.04109547], [0.23320568, -0.0786439, 0.03250174], [-0.0078406, -0.03045636, 0.00453362], [-0.01640185, -0.02711979, 0.00324883], [-0.23089651, 0.07124625, -0.03109456], [0.01301099, -0.01073954, 0.00289659], [0.00335162, 0.03328755, -0.00536389], [0.02968995, 0.03837442, -0.00404263], [0.10567378, -0.06659699, 0.01998406], [-0.00581535, 0.08330065, 0.09471703], [0.01157449, 0.0475166, -0.11642635], [0.10796838, 0.10958738, -0.00970157], [-0.02600942, 0.14989607, -0.02755784], [-0.11387192, -0.10436024, 0.00831241], [0.02558654, -0.15051335, 0.02760989]], "atomic quadrupole moments": [[0.25196657, 0.33489543, 0.02987798, -0.01253539, -0.02583748, -0.28184455], [0.09101252, 0.06292105, 0.0093942, 0.00532026, -0.01390795, -0.10040671], [0.07765911, -0.17179548, -0.37887356, 0.00935968, 0.10399927, 0.30121445], [-0.20261257, -0.02259928, -0.23276396, -0.05063399, 0.11541775, 0.43537653], [-0.23553364, -0.00457345, -0.24726414, -0.06057656, 0.12792132, 0.48279778], [0.13371959, -0.21180397, -0.37751099, 0.02575636, 0.09012789, 0.24379141], [0.37267799, -0.20215838, -0.16830425, 0.08268939, -0.02462196, -0.20437374], [-0.25570717, -0.02656819, -0.23170023, -0.05882157, 0.12411804, 0.4874074], [-0.19321739, 0.00878762, -0.25635059, -0.05650865, 0.12477484, 0.44956797], [0.03787474, -0.04749284, 0.01344502, 0.01571786, -0.0155554, -0.05131976], [-0.01782717, 0.00290049, 0.01362503, -0.02076662, 0.05275497, 0.00420215], [-0.02315042, 0.01643099, -0.01952029, 0.01003788, -0.04173947, 0.04267071], [0.05138291, -0.00521356, 0.01269064, 0.01066075, -0.01398826, -0.06407355], [0.03697287, -0.0005828, 0.0228798, 0.00833077, -0.01460697, -0.05985267], [0.03497475, -0.00333023, 0.02398773, 0.00856185, -0.01488725, -0.05896248], [0.03228213, -0.00250343, 0.02477192, 0.00803719, -0.01461843, -0.05705404]], "number of molecular orbitals": 48, "number of electrons": 48, "number of unpaired electrons": 0, "orbital energies/eV": [-28.64149544, -19.65762537, -18.21333857, -17.82915904, -17.22953611, -16.93135928, -16.25985132, -16.04010806, -15.35260108, -15.2823248, -14.97012679, -14.33514146, -13.81324924, -13.63034675, -13.62589744, -13.32425626, -12.94306921, -12.89969724, -12.45367893, -11.98289344, -11.66924726, -11.36150227, -11.2749514, -10.40908812, -6.59357762, -6.22861772, -3.59631458, -3.03296776, 0.32445728, 0.49685723, 0.65493434, 0.65763284, 1.02952024, 2.4655991, 2.88515177, 3.59836436, 3.70989781, 4.29410295, 4.69250392, 5.05709317, 5.22432114, 5.75858839, 9.56475873, 10.4490953, 11.10650795, 11.91888992, 15.9668178, 16.89432014], "fractional occupation": [2.0, 2.0, 2.0, 2.0, 2.0, 2.0, 2.0, 2.0, 2.0, 2.0, 2.0, 2.0, 2.0, 2.0, 2.0, 2.0, 2.0, 2.0, 2.0, 2.0, 2.0, 2.0, 2.0, 2.0, 0.0, 0.0, 0.0, 0.0, 0.0, 0.0, 0.0, 0.0, 0.0, 0.0, 0.0, 0.0, 0.0, 0.0, 0.0, 0.0, 0.0, 0.0, 0.0, 0.0, 0.0, 0.0, 0.0, 0.0], "program call": "xtb /home/svss/Project-DBcg-Debug/aqme2_20220329/End-to-End-workflows-final/example-3/QDESCP/mol_272_rdkit_conf_1/mol_272_rdkit_conf_1.xyz --pop --wbo --acc 0.2 --gfn 2 --chrg 0 --uhf 0 --etemp 300 --input /home/svss/Project-DBcg-Debug/aqme2_20220329/End-to-End-workflows-final/example-3/QDESCP/mol_272_rdkit_conf_1/mol_272_rdkit_conf_1_xtb.inp", "method": "GFN2-xTB", "xtb version": "6.3.3 (7355c4f)", "Dipole module/D": 2.821, "Total charge": 0, "Transition dipole module/D": NaN, "HOMO": -10.4091, "LUMO": -6.5936, "HOMO occupancy": 2.0, "LUMO occupancy": 0, "mulliken charges": [0.1694, -0.41891, 0.25221, -0.0868, -0.04477, 0.09784, -0.1269, -0.04768, -0.0601, 0.04008, 0.02685, 0.02685, 0.03758, 0.04096, 0.04237, 0.05102], "cm5 charges": [0.0481, -0.50699, 0.26798, -0.1385, -0.09671, 0.09052, -0.1289, -0.09948, -0.10959, 0.09911, 0.08599, 0.08598, 0.09626, 0.09747, 0.09892, 0.10986], "FUKUI+": [0.027, -0.056, -0.048, -0.062, -0.07, -0.039, -0.136, -0.062, -0.07, -0.048, -0.026, -0.026, -0.094, -0.098, -0.096, -0.097], "FUKUI-": [0.034, -0.127, -0.042, -0.031, -0.03, -0.039, -0.27, -0.024, -0.036, -0.057, -0.06, -0.06, -0.062, -0.065, -0.064, -0.066], "FUKUIrad": [0.031, -0.092, -0.045, -0.047, -0.05, -0.039, -0.203, -0.043, -0.053, -0.052, -0.043, -0.043, -0.078, -0.081, -0.08, -0.082], "s proportion": [0.972, 1.684, 1.017, 1.057, 1.062, 1.072, 1.943, 1.063, 1.059, 0.96, 0.973, 0.973, 0.962, 0.959, 0.958, 0.949], "p proportion": [2.859, 4.735, 2.73, 3.03, 2.983, 2.83, 5.193, 2.985, 3.001, 0.0, 0.0, 0.0, 0.0, 0.0, 0.0, 0.0], "d proportion": [0.0, 0.0, 0.0, 0.0, 0.0, 0.0, -0.01, 0.0, 0.0, 0.0, 0.0, 0.0, 0.0, 0.0, 0.0, 0.0], "Fermi-level/eV": -8.5013, "Coordination numbers": [3.643, 1.704, 2.859, 2.913, 2.948, 2.879, 0.966, 2.948, 2.916, 0.924, 0.924, 0.924, 0.925, 0.925, 0.925, 0.925], "Dispersion coefficient C6": [20.365, 18.397, 24.871, 29.591, 29.041, 26.004, 104.826, 29.002, 29.286, 2.164, 2.386, 2.386, 2.35, 2.238, 2.204, 2.185], "Total dispersion C6": 3747.722501, "Total dispersion C8": 100175.00123, "Polarizability alpha": [6.488, 5.791, 8.174, 8.92, 8.839, 8.36, 15.664, 8.833, 8.874, 2.301, 2.415, 2.415, 2.397, 2.339, 2.321, 2.312], "Total polarizability alpha": 96.443177, "Wiberg matrix": [[0.0, 0.9805132184142984, 0.0, 0.0, 0.0, 0.0, 0.0, 0.0, 0.0, 0.9799882796273856, 0.9779039374043698, 0.9779007710077813, 0.0, 0.0, 0.0, 0.0], [0.9805132184142984, 0.0, 1.0672700057717142, 0.0, 0.0, 0.0, 0.0, 0.0, 0.0, 0.0, 0.0, 0.0, 0.0, 0.0, 0.0, 0.0], [0.0, 1.0672700057717142, 0.0, 1.3718920198802866, 0.0, 0.0, 0.0, 0.0, 1.3527294879475493, 0.0, 0.0, 0.0, 0.0, 0.0, 0.0, 0.0], [0.0, 0.0, 1.3718920198802866, 0.0, 1.4349706159852489, 0.0, 0.0, 0.10277527278553106, 0.0, 0.0, 0.0, 0.0, 0.9653479763307172, 0.0, 0.0, 0.0], [0.0, 0.0, 0.0, 1.4349706159852489, 0.0, 1.4064997728198771, 0.0, 0.0, 0.11099215477513245, 0.0, 0.0, 0.0, 0.0, 0.9683238894056767, 0.0, 0.0], [0.0, 0.0, 0.0, 0.0, 1.4064997728198771, 0.0, 0.972165475609192, 1.392144424012037, 0.0, 0.0, 0.0, 0.0, 0.0, 0.0, 0.0, 0.0], [0.0, 0.0, 0.0, 0.0, 0.0, 0.972165475609192, 0.0, 0.0, 0.0, 0.0, 0.0, 0.0, 0.0, 0.0, 0.0, 0.0], [0.0, 0.0, 0.0, 0.10277527278553106, 0.0, 1.392144424012037, 0.0, 0.0, 1.4591676854115136, 0.0, 0.0, 0.0, 0.0, 0.0, 0.9675628358127887, 0.0], [0.0, 0.0, 1.3527294879475493, 0.0, 0.11099215477513245, 0.0, 0.0, 1.4591676854115136, 0.0, 0.0, 0.0, 0.0, 0.0, 0.0, 0.0, 0.9666471000813303], [0.9799882796273856, 0.0, 0.0, 0.0, 0.0, 0.0, 0.0, 0.0, 0.0, 0.0, 0.0, 0.0, 0.0, 0.0, 0.0, 0.0], [0.9779039374043698, 0.0, 0.0, 0.0, 0.0, 0.0, 0.0, 0.0, 0.0, 0.0, 0.0, 0.0, 0.0, 0.0, 0.0, 0.0], [0.9779007710077813, 0.0, 0.0, 0.0, 0.0, 0.0, 0.0, 0.0, 0.0, 0.0, 0.0, 0.0, 0.0, 0.0, 0.0, 0.0], [0.0, 0.0, 0.0, 0.9653479763307172, 0.0, 0.0, 0.0, 0.0, 0.0, 0.0, 0.0, 0.0, 0.0, 0.0, 0.0, 0.0], [0.0, 0.0, 0.0, 0.0, 0.9683238894056767, 0.0, 0.0, 0.0, 0.0, 0.0, 0.0, 0.0, 0.0, 0.0, 0.0, 0.0], [0.0, 0.0, 0.0, 0.0, 0.0, 0.0, 0.0, 0.9675628358127887, 0.0, 0.0, 0.0, 0.0, 0.0, 0.0, 0.0, 0.0], [0.0, 0.0, 0.0, 0.0, 0.0, 0.0, 0.0, 0.0, 0.9666471000813303, 0.0, 0.0, 0.0, 0.0, 0.0, 0.0, 0.0]], "Born radii": [], "Atomic SASAs": [], "Solvent H bonds": [], "Total SASA": NaN, "Total FOD": 0.0, "FOD": [0.0, 0.0, 0.0, 0.0, 0.0, 0.0, 0.0, 0.0, 0.0, 0.0, 0.0, 0.0, 0.0, 0.0, 0.0, 0.0], "FOD s proportion": [0.0, 0.0, 0.0, 0.0, 0.0, 0.0, 0.0, 0.0, 0.0, 0.0, 0.0, 0.0, 0.0, 0.0, 0.0, 0.0], "FOD p proportion": [0.0, 0.0, 0.0, 0.0, 0.0, 0.0, 0.0, 0.0, 0.0, 0.0, 0.0, 0.0, 0.0, 0.0, 0.0, 0.0], "FOD d proportion": [0.0, 0.0, 0.0, 0.0, 0.0, 0.0, 0.0, 0.0, 0.0, 0.0, 0.0, 0.0, 0.0, 0.0, 0.0, 0.0], "coordinates": [["2.72080", "-0.12090", "0.24450"], ["1.60460", "-1.00030", "0.30170"], ["0.36960", "-0.44720", "0.10620"], ["0.10330", "0.90040", "-0.14410"], ["-1.21520", "1.33350", "-0.32610"], ["-2.26490", "0.41960", "-0.25760"], ["-3.88340", "0.95720", "-0.48200"], ["-2.00930", "-0.92550", "-0.00850"], ["-0.69240", "-1.35470", "0.17270"], ["3.62330", "-0.71450", "0.41940"], ["2.66480", "0.63950", "1.03040"], ["2.81100", "0.33850", "-0.74540"], ["0.89540", "1.63930", "-0.20420"], ["-1.41410", "2.38410", "-0.52060"], ["-2.82280", "-1.64330", "0.04620"], ["-0.49070", "-2.40550", "0.36740"]], "bond_dist": [[0.0, 1.4221528187926924, 2.3777594537715543, 2.8364361265503586, 4.234732544092956, 5.0399850347000035, 6.730940461777983, 4.804709790403578, 3.6300622474001742, 1.0942838845564709, 1.0949808080509904, 1.0950280407368571, 2.5752127853829867, 4.894670675336595, 5.7522626513399056, 3.9431248800919305], [1.4221528187926924, 0.0, 1.36724718321158, 2.46278294212056, 3.7137618825121246, 4.159562807555621, 5.879127140996356, 3.627959797186292, 2.327756293085683, 2.0422254087147187, 2.08421970291042, 2.0842756079751066, 2.779638035788113, 4.609001013234864, 4.481138249373702, 2.52372455311589], [2.3777594537715543, 1.36724718321158, 0.0, 1.3962777445766297, 2.4226776137158654, 2.797191972317953, 4.5173363390387475, 2.429216373648095, 1.3985072398811527, 3.279650472230234, 2.7024073656649175, 2.7024028215645424, 2.174004611310657, 3.4045151813437404, 3.409644111927226, 2.1548272366943944], [2.8364361265503586, 2.46278294212056, 1.3962777445766297, 0.0, 1.3996934878751133, 2.419177986424314, 4.001397198479551, 2.7955995653884336, 2.412255529582221, 3.9135449735501955, 2.829982563550525, 2.8300057579446727, 1.0848998248686372, 2.1553702002208346, 3.8818404127423887, 3.39756428342423], [4.234732544092956, 3.7137618825121246, 2.4226776137158654, 1.3996934878751133, 0.0, 1.3934760672505286, 2.6991105460873586, 2.4154804014936655, 2.7836200387265504, 5.3067086315342396, 4.168468333812792, 4.16846781563682, 2.1361192873994654, 1.086808087934572, 3.4035750748294062, 3.8711708177242707], [5.0399850347000035, 4.159562807555621, 2.797191972317953, 2.419177986424314, 1.3934760672505286, 0.0, 1.720148647646476, 1.3916451343643608, 2.40957565351246, 6.034518294777139, 5.099925695537142, 5.099930083834483, 3.3879220386543722, 2.1569167554636874, 2.1584956011074006, 3.394053719374518], [6.730940461777983, 5.879127140996356, 4.5173363390387475, 4.001397198479551, 2.6991105460873586, 1.720148647646476, 0.0, 2.6983351070613897, 3.9944955501289523, 7.7432323831846865, 6.728091132706215, 6.728087440721918, 4.835221059062347, 2.852187942615283, 2.8577032473649187, 4.851767197630158], [4.804709790403578, 3.627959797186292, 2.429216373648095, 2.7955995653884336, 2.4154804014936655, 1.3916451343643608, 2.6983351070613897, 0.0, 1.3968792682261413, 5.652769424804093, 5.03743476583072, 5.037460640044743, 3.8799200533000677, 3.401464627186354, 1.0862831951199465, 2.153566058889302], [3.6300622474001742, 2.327756293085683, 1.3985072398811527, 2.412255529582221, 2.7836200387265504, 2.40957565351246, 3.9944955501289523, 1.3968792682261413, 0.0, 4.369895126888058, 3.997908799610116, 3.997955153575387, 3.4098678053555096, 3.8704187396197844, 2.1535775746417865, 1.0875530423846], [1.0942838845564709, 2.0422254087147187, 3.279650472230234, 3.9135449735501955, 5.3067086315342396, 6.034518294777139, 7.7432323831846865, 5.652769424804093, 4.369895126888058, 0.0, 1.767868561290686, 1.7678798969387033, 3.6565953850542448, 5.988348747359326, 6.523354420081742, 4.448278431033741], [1.0949808080509904, 2.08421970291042, 2.7024073656649175, 2.829982563550525, 4.168468333812792, 5.099925695537142, 6.728091132706215, 5.03743476583072, 3.997908799610116, 1.767868561290686, 0.0, 1.8070531480839183, 2.3779431364101202, 4.699644174828559, 6.0244152612515025, 4.434949182346963], [1.0950280407368571, 2.0842756079751066, 2.7024028215645424, 2.8300057579446727, 4.16846781563682, 5.099930083834483, 6.728087440721918, 5.037460640044743, 3.997955153575387, 1.7678798969387033, 1.8070531480839183, 0.0, 2.3779195612972277, 4.699625986182304, 6.024438914952993, 4.434983960512146], [2.5752127853829867, 2.779638035788113, 2.174004611310657, 1.0848998248686372, 2.1361192873994654, 3.3879220386543722, 4.835221059062347, 3.8799200533000677, 3.4098678053555096, 3.6565953850542448, 2.3779431364101202, 2.3779195612972277, 0.0, 2.4471669844945194, 4.966203193587632, 4.313746261661667], [4.894670675336595, 4.609001013234864, 3.4045151813437404, 2.1553702002208346, 1.086808087934572, 2.1569167554636874, 2.852187942615283, 3.401464627186354, 3.8704187396197844, 5.988348747359326, 4.699644174828559, 4.699625986182304, 2.4471669844945194, 0.0, 4.3041432004523275, 4.957971331099041], [5.7522626513399056, 4.481138249373702, 3.409644111927226, 3.8818404127423887, 3.4035750748294062, 2.1584956011074006, 2.8577032473649187, 1.0862831951199465, 2.1535775746417865, 6.523354420081742, 6.0244152612515025, 6.024438914952993, 4.966203193587632, 4.3041432004523275, 0.0, 2.474430983074695], [3.9431248800919305, 2.52372455311589, 2.1548272366943944, 3.39756428342423, 3.8711708177242707, 3.394053719374518, 4.851767197630158, 2.153566058889302, 1.0875530423846, 4.448278431033741, 4.434949182346963, 4.434983960512146, 4.313746261661667, 4.957971331099041, 2.474430983074695, 0.0]]}