{"total energy": -53.13698558, "HOMO-LUMO gap/eV": 3.30090181, "electronic energy": -53.89267365, "dipole": [0.08492029, -0.97492974, -0.39514134], "partial charges": [-0.06189628, 0.00200948, -0.03853753, -0.03463176, -0.0326431, -0.04933747, 0.05760216, -0.09646074, 0.00147224, 0.10725419, -0.25135288, 0.26162834, -0.4418407, -0.01404295, -0.0186294, -0.03118389, -0.0265243, -0.03802963, 0.0170546, 0.04583258, 0.04517962, 0.03676186, 0.03473899, 0.03869352, 0.05967984, 0.07022667, 0.0650975, 0.07180917, 0.05664763, 0.05205933, 0.038893, 0.03682188, 0.03564806], "atomic dipole moments": [[-0.02755001, 0.02740051, 0.08743016], [0.06035888, 0.05359227, -0.01849849], [0.0039529, 0.01670033, -0.0036619], [0.00031856, 0.00259844, -0.0002383], [0.00148089, 0.00209152, 0.00130647], [0.03994344, 0.00494666, -0.02912102], [0.02247541, 0.1658723, -0.02047405], [-0.05462069, 0.02204567, -0.00752004], [0.10013586, -0.02379968, 0.13805443], [-0.06460958, -0.19801772, 0.08805958], [0.1084292, 0.16007759, -0.18839429], [-0.06939284, -0.00023878, -0.02027675], [0.0121025, -0.18879377, 0.04194127], [-0.06339354, 0.03648012, -0.02534912], [-0.01323202, -0.01730528, -0.01701169], [-0.00338861, -0.00202272, -0.00361055], [-0.00241685, 0.00303186, -0.0002505], [-0.01236627, 0.00645197, -0.00310105], [-0.05514537, -0.0362232, -0.05835938], [-0.03027486, 0.06182277, -0.10906796], [0.06829553, -0.09152891, -0.05147169], [0.10593001, -0.10015909, -0.04416811], [-0.012149, -0.14914398, 0.02089736], [-0.12225511, -0.05834335, 0.06914552], [-0.11848695, 0.08044039, 0.05993947], [0.02042858, 0.07479337, -0.10062386], [-0.09706064, -0.07933836, -0.04820609], [0.09141091, 0.06966547, 0.06523001], [-0.09197066, 0.07609572, -0.02961905], [-0.05090744, 0.1372949, 0.05159612], [0.08388739, 0.08586062, 0.09347627], [0.13744324, -0.0459835, 0.04296436], [0.0613755, -0.13086345, -0.04639916]], "atomic quadrupole moments": [[0.07917856, 0.14281525, -0.01715703, -0.00036962, 0.04847064, -0.06202152], [0.0404291, 0.13412047, -0.32726079, 0.18979013, 0.00824805, 0.28683169], [-0.07883657, 0.04004057, -0.27540405, 0.28959715, 0.04413826, 0.35424063], [-0.09400852, 0.020695, -0.26892376, 0.30310648, 0.06488821, 0.36293228], [-0.1053732, 0.00832279, -0.25352223, 0.31861047, 0.0735697, 0.35889543], [-0.11384664, 0.00649271, -0.22609359, 0.31212466, 0.04755716, 0.33994023], [-0.18901255, 0.04233169, -0.0366232, 0.29689534, 0.00168908, 0.22563575], [-0.00634761, -0.05402806, 0.01158759, 0.00350058, -0.01463957, -0.00523999], [0.08932918, -0.21473913, -0.04234412, -0.01282704, 0.07256555, -0.04698506], [-0.21933642, 0.12991361, 0.02702531, -0.30564077, -0.22602657, 0.19231111], [-0.03313421, 0.03419895, 0.01234809, -0.04000425, -0.0583583, 0.02078612], [-0.25263708, -0.04892749, -0.20403133, -0.13736114, 0.17317248, 0.4566684], [-0.10180925, -0.01617568, -0.06158845, -0.05181898, 0.04176207, 0.1633977], [-0.05006548, 0.03944549, -0.06251434, -0.16138443, -0.32164042, 0.11257982], [-0.13550769, 0.16141572, -0.09679075, -0.25007485, -0.31164765, 0.23229844], [-0.13700378, 0.13933943, -0.084258, -0.25431296, -0.29554374, 0.22126178], [-0.1463528, 0.15397057, -0.08242309, -0.26219311, -0.29708937, 0.22877589], [-0.13641185, 0.1557973, -0.07930142, -0.23832989, -0.27415052, 0.21571327], [-0.16390935, 0.25669379, -0.04653071, -0.14960294, -0.18777378, 0.21044006], [-0.01622774, -0.02059813, 0.01333681, 0.02507944, -0.04185832, 0.00289092], [0.00570181, -0.03264109, 0.035981, -0.01010998, 0.01914773, -0.04168281], [0.01875693, 0.00473449, 0.02500465, -0.04509013, -0.01046144, -0.04376157], [0.01783132, -0.00597263, 0.02884175, -0.04260893, -0.00571765, -0.04667307], [0.01146165, -0.01041102, 0.03818585, -0.03852095, -0.00474001, -0.0496475], [-0.00758584, -0.00656148, 0.06008736, -0.02911834, -0.01269146, -0.05250152], [-0.00711168, -0.00982491, 0.00417695, -0.02700729, -0.04293582, 0.00293473], [0.01858958, 0.0300179, 0.02972484, -0.00138186, 0.00716886, -0.04831442], [0.0284535, 0.03491591, -0.02324484, 0.00877356, -0.00475819, -0.00520867], [0.01088427, -0.03663935, -0.00784798, 0.00532361, -0.03498059, -0.00303629], [0.02652532, -0.01667, 0.00051243, 0.03243131, 0.03347302, -0.02703775], [0.01885876, -0.02497416, 0.01208792, 0.02901546, 0.03612229, -0.03094668], [0.01239324, -0.0183355, 0.01533202, 0.03075657, 0.04161381, -0.02772526], [0.01474252, -0.01364587, 0.00843176, 0.03430046, 0.04024361, -0.02317428]], "number of molecular orbitals": 90, "number of electrons": 96, "number of unpaired electrons": 0, "orbital energies/eV": [-22.1791653, -18.93121021, -18.23983312, -18.02950708, -17.80883374, -17.60780829, -17.39384798, -17.17161744, -17.07641206, -16.93417308, -16.7353247, -16.47184195, -16.21723907, -16.02090328, -15.80140474, -15.71419606, -15.43683077, -15.17320815, -15.10261407, -14.99334242, -14.77171241, -14.51331813, -14.36947431, -14.2380731, -14.09586594, -13.79427683, -13.77677026, -13.70449264, -13.55965909, -13.45937194, -13.28800028, -13.23651208, -13.05640182, -12.96089443, -12.84599871, -12.70949358, -12.59658017, -12.41192678, -12.13959003, -11.92425641, -11.85589549, -11.76784126, -11.68473891, -11.21161899, -11.01273153, -10.93860634, -10.74264243, -10.39951899, -7.09861718, -6.4651804, -6.26235147, -6.22558787, -5.29378026, -3.02034029, -2.75339814, -1.27417719, 1.1497093, 1.95388581, 2.08086388, 2.2923165, 2.55391693, 2.86537079, 3.01479802, 3.46965601, 3.68257421, 3.89458617, 4.04743631, 4.36172022, 4.52931648, 4.61364644, 4.64944903, 5.12742562, 5.51829163, 5.62280578, 5.74006087, 6.30922637, 7.64920366, 9.90431661, 10.14603634, 10.16189236, 10.47706455, 11.13475112, 11.21811366, 11.88546064, 12.03709346, 14.56600617, 16.1281954, 16.78339496, 16.83897798, 17.01760332], "fractional occupation": [2.0, 2.0, 2.0, 2.0, 2.0, 2.0, 2.0, 2.0, 2.0, 2.0, 2.0, 2.0, 2.0, 2.0, 2.0, 2.0, 2.0, 2.0, 2.0, 2.0, 2.0, 2.0, 2.0, 2.0, 2.0, 2.0, 2.0, 2.0, 2.0, 2.0, 2.0, 2.0, 2.0, 2.0, 2.0, 2.0, 2.0, 2.0, 2.0, 2.0, 2.0, 2.0, 2.0, 2.0, 2.0, 2.0, 2.0, 2.0, 0.0, 0.0, 0.0, 0.0, 0.0, 0.0, 0.0, 0.0, 0.0, 0.0, 0.0, 0.0, 0.0, 0.0, 0.0, 0.0, 0.0, 0.0, 0.0, 0.0, 0.0, 0.0, 0.0, 0.0, 0.0, 0.0, 0.0, 0.0, 0.0, 0.0, 0.0, 0.0, 0.0, 0.0, 0.0, 0.0, 0.0, 0.0, 0.0, 0.0, 0.0, 0.0], "program call": "xtb /home/svss/Project-DBcg-Debug/aqme2_20220329/End-to-End-workflows-final/example-3/QDESCP/mol_1035_rdkit_conf_1/mol_1035_rdkit_conf_1.xyz --pop --wbo --acc 0.2 --gfn 2 --chrg 0 --uhf 0 --etemp 300 --input /home/svss/Project-DBcg-Debug/aqme2_20220329/End-to-End-workflows-final/example-3/QDESCP/mol_1035_rdkit_conf_1/mol_1035_rdkit_conf_1_xtb.inp", "method": "GFN2-xTB", "xtb version": "6.3.3 (7355c4f)", "Dipole module/D": 2.683, "Total charge": 0, "Transition dipole module/D": NaN, "HOMO": -10.3995, "LUMO": -7.0986, "HOMO occupancy": 2.0, "LUMO occupancy": 0, "mulliken charges": [-0.04918, -0.01659, -0.03779, -0.03293, -0.02594, -0.05488, 0.12321, -0.26263, 0.0814, 0.2007, -0.28665, 0.45688, -0.5573, -0.03552, -0.00437, -0.03155, -0.0188, -0.04027, 0.01311, 0.04683, 0.03636, 0.03371, 0.03332, 0.03584, 0.05103, 0.05863, 0.04341, 0.05352, 0.03344, 0.05111, 0.0355, 0.03348, 0.03294], "cm5 charges": [-0.14328, -0.02295, -0.09073, -0.08833, -0.08129, -0.1031, 0.17673, -0.49487, 0.03592, 0.12085, -0.31911, 0.55055, -0.604, -0.03388, -0.0551, -0.08675, -0.07403, -0.09325, 0.00328, 0.10532, 0.09316, 0.08993, 0.08877, 0.09127, 0.11315, 0.12809, 0.10945, 0.1152, 0.08978, 0.11048, 0.09089, 0.08881, 0.08906], "FUKUI+": [0.013, -0.012, -0.022, -0.033, -0.016, -0.028, -0.02, -0.034, 0.017, 0.007, -0.008, -0.045, -0.112, -0.032, -0.023, -0.02, -0.044, -0.017, -0.027, -0.03, -0.034, -0.043, -0.052, -0.049, -0.043, -0.022, -0.026, -0.003, -0.029, -0.045, -0.056, -0.061, -0.05], "FUKUI-": [0.01, -0.032, -0.013, -0.039, -0.024, -0.017, -0.024, -0.068, 0.015, 0.005, -0.021, -0.01, -0.11, -0.007, -0.016, -0.024, -0.017, -0.019, -0.02, -0.038, -0.037, -0.046, -0.056, -0.053, -0.041, -0.042, -0.032, -0.015, -0.035, -0.035, -0.048, -0.051, -0.04], "FUKUIrad": [0.011, -0.022, -0.018, -0.036, -0.02, -0.023, -0.022, -0.051, 0.016, 0.006, -0.015, -0.027, -0.111, -0.019, -0.019, -0.022, -0.03, -0.018, -0.024, -0.034, -0.036, -0.044, -0.054, -0.051, -0.042, -0.032, -0.029, -0.009, -0.032, -0.04, -0.052, -0.056, -0.045], "s proportion": [1.027, 1.088, 1.063, 1.058, 1.059, 1.065, 1.048, 1.453, 1.012, 1.026, 1.821, 1.008, 1.735, 1.085, 1.066, 1.06, 1.062, 1.062, 1.089, 0.953, 0.964, 0.966, 0.967, 0.964, 0.949, 0.941, 0.957, 0.946, 0.967, 0.949, 0.964, 0.967, 0.967], "p proportion": [3.022, 2.929, 2.975, 2.975, 2.966, 2.99, 2.828, 3.809, 2.906, 2.773, 5.466, 2.535, 4.822, 2.95, 2.939, 2.971, 2.956, 2.978, 2.898, 0.0, 0.0, 0.0, 0.0, 0.0, 0.0, 0.0, 0.0, 0.0, 0.0, 0.0, 0.0, 0.0, 0.0], "d proportion": [0.0, 0.0, 0.0, 0.0, 0.0, 0.0, 0.0, 0.0, 0.0, 0.0, 0.0, 0.0, 0.0, 0.0, 0.0, 0.0, 0.0, 0.0, 0.0, 0.0, 0.0, 0.0, 0.0, 0.0, 0.0, 0.0, 0.0, 0.0, 0.0, 0.0, 0.0, 0.0, 0.0], "Fermi-level/eV": -8.7491, "Coordination numbers": [3.813, 2.97, 2.915, 2.91, 2.911, 2.917, 2.894, 2.729, 3.744, 3.607, 0.785, 2.764, 0.859, 2.969, 2.918, 2.91, 2.911, 2.914, 2.97, 0.924, 0.924, 0.925, 0.925, 0.925, 0.925, 0.924, 0.924, 0.924, 0.924, 0.925, 0.925, 0.925, 0.925], "Dispersion coefficient C6": [21.678, 27.978, 28.958, 28.862, 28.813, 29.225, 26.707, 23.127, 20.625, 19.315, 11.78, 22.591, 22.534, 28.36, 28.474, 28.778, 28.664, 28.945, 27.626, 2.373, 2.381, 2.492, 2.52, 2.466, 2.203, 2.083, 2.14, 2.066, 2.239, 2.294, 2.464, 2.492, 2.508], "Total dispersion C6": 13562.463929, "Total dispersion C8": 329640.952379, "Polarizability alpha": [6.627, 8.676, 8.824, 8.809, 8.802, 8.865, 8.473, 7.142, 6.478, 6.35, 4.054, 7.784, 6.365, 8.735, 8.75, 8.796, 8.779, 8.822, 8.621, 2.409, 2.413, 2.469, 2.482, 2.456, 2.321, 2.257, 2.288, 2.248, 2.34, 2.369, 2.455, 2.468, 2.476], "Total polarizability alpha": 183.205361, "Wiberg matrix": [[0.0, 0.9980340417648, 0.0, 0.0, 0.0, 0.0, 0.0, 0.0, 0.0, 0.0, 0.0, 0.0, 0.0, 0.0, 0.0, 0.0, 0.0, 0.0, 1.0011709063963132, 0.951806941213182, 0.9722451404284027, 0.0, 0.0, 0.0, 0.0, 0.0, 0.0, 0.0, 0.0, 0.0, 0.0, 0.0, 0.0], [0.9980340417648, 0.0, 1.408949260541207, 0.0, 0.10343409457680484, 0.0, 1.35537682605806, 0.0, 0.0, 0.0, 0.0, 0.0, 0.0, 0.0, 0.0, 0.0, 0.0, 0.0, 0.0, 0.0, 0.0, 0.0, 0.0, 0.0, 0.0, 0.0, 0.0, 0.0, 0.0, 0.0, 0.0, 0.0, 0.0], [0.0, 1.408949260541207, 0.0, 1.4424687827829212, 0.0, 0.10973556388081313, 0.0, 0.0, 0.0, 0.0, 0.0, 0.0, 0.0, 0.0, 0.0, 0.0, 0.0, 0.0, 0.0, 0.0, 0.0, 0.9684558506454354, 0.0, 0.0, 0.0, 0.0, 0.0, 0.0, 0.0, 0.0, 0.0, 0.0, 0.0], [0.0, 0.0, 1.4424687827829212, 0.0, 1.4326483502303864, 0.0, 0.0, 0.0, 0.0, 0.0, 0.0, 0.0, 0.0, 0.0, 0.0, 0.0, 0.0, 0.0, 0.0, 0.0, 0.0, 0.0, 0.9701993640217899, 0.0, 0.0, 0.0, 0.0, 0.0, 0.0, 0.0, 0.0, 0.0, 0.0], [0.0, 0.10343409457680484, 0.0, 1.4326483502303864, 0.0, 1.445619064235965, 0.0, 0.0, 0.0, 0.0, 0.0, 0.0, 0.0, 0.0, 0.0, 0.0, 0.0, 0.0, 0.0, 0.0, 0.0, 0.0, 0.0, 0.9705350888326432, 0.0, 0.0, 0.0, 0.0, 0.0, 0.0, 0.0, 0.0, 0.0], [0.0, 0.0, 0.10973556388081313, 0.0, 1.445619064235965, 0.0, 1.3786790467987033, 0.0, 0.0, 0.0, 0.0, 0.0, 0.0, 0.0, 0.0, 0.0, 0.0, 0.0, 0.0, 0.0, 0.0, 0.0, 0.0, 0.0, 0.9631197536660099, 0.0, 0.0, 0.0, 0.0, 0.0, 0.0, 0.0, 0.0], [0.0, 1.35537682605806, 0.0, 0.0, 0.0, 1.3786790467987033, 0.0, 1.045639306544198, 0.0, 0.0, 0.0, 0.0, 0.0, 0.0, 0.0, 0.0, 0.0, 0.0, 0.0, 0.0, 0.0, 0.0, 0.0, 0.0, 0.0, 0.0, 0.0, 0.0, 0.0, 0.0, 0.0, 0.0, 0.0], [0.0, 0.0, 0.0, 0.0, 0.0, 0.0, 1.045639306544198, 0.0, 0.9821438354128273, 0.0, 0.0, 1.1645649762493675, 0.16851939658721604, 0.0, 0.0, 0.0, 0.0, 0.0, 0.0, 0.0, 0.0, 0.0, 0.0, 0.0, 0.0, 0.0, 0.0, 0.0, 0.0, 0.0, 0.0, 0.0, 0.0], [0.0, 0.0, 0.0, 0.0, 0.0, 0.0, 0.0, 0.9821438354128273, 0.0, 0.9970324476128675, 0.0, 0.0, 0.0, 0.0, 0.0, 0.0, 0.0, 0.0, 0.0, 0.0, 0.0, 0.0, 0.0, 0.0, 0.0, 0.9632355684841056, 0.9674745754966185, 0.0, 0.0, 0.0, 0.0, 0.0, 0.0], [0.0, 0.0, 0.0, 0.0, 0.0, 0.0, 0.0, 0.0, 0.9970324476128675, 0.0, 0.9395605881873349, 0.0, 0.0, 0.0, 0.0, 0.0, 0.0, 0.0, 0.0, 0.0, 0.0, 0.0, 0.0, 0.0, 0.0, 0.0, 0.0, 0.9668843106151831, 0.9681457210326935, 0.0, 0.0, 0.0, 0.0], [0.0, 0.0, 0.0, 0.0, 0.0, 0.0, 0.0, 0.0, 0.0, 0.9395605881873349, 0.0, 0.0, 0.0, 0.0, 0.0, 0.0, 0.0, 0.0, 0.0, 0.0, 0.0, 0.0, 0.0, 0.0, 0.0, 0.0, 0.0, 0.0, 0.0, 0.0, 0.0, 0.0, 0.0], [0.0, 0.0, 0.0, 0.0, 0.0, 0.0, 0.0, 1.1645649762493675, 0.0, 0.0, 0.0, 0.0, 1.6699390680517632, 1.006877661050194, 0.0, 0.0, 0.0, 0.0, 0.0, 0.0, 0.0, 0.0, 0.0, 0.0, 0.0, 0.0, 0.0, 0.0, 0.0, 0.0, 0.0, 0.0, 0.0], [0.0, 0.0, 0.0, 0.0, 0.0, 0.0, 0.0, 0.16851939658721604, 0.0, 0.0, 0.0, 1.6699390680517632, 0.0, 0.0, 0.0, 0.0, 0.0, 0.0, 0.0, 0.0, 0.0, 0.0, 0.0, 0.0, 0.0, 0.0, 0.0, 0.0, 0.0, 0.0, 0.0, 0.0, 0.0], [0.0, 0.0, 0.0, 0.0, 0.0, 0.0, 0.0, 0.0, 0.0, 0.0, 0.0, 1.006877661050194, 0.0, 0.0, 1.3882468503541998, 0.0, 0.10168667949646634, 0.0, 1.3721082274638643, 0.0, 0.0, 0.0, 0.0, 0.0, 0.0, 0.0, 0.0, 0.0, 0.0, 0.0, 0.0, 0.0, 0.0], [0.0, 0.0, 0.0, 0.0, 0.0, 0.0, 0.0, 0.0, 0.0, 0.0, 0.0, 0.0, 0.0, 1.3882468503541998, 0.0, 1.448951375219541, 0.0, 0.11124647095184693, 0.0, 0.0, 0.0, 0.0, 0.0, 0.0, 0.0, 0.0, 0.0, 0.0, 0.0, 0.967903869580162, 0.0, 0.0, 0.0], [0.0, 0.0, 0.0, 0.0, 0.0, 0.0, 0.0, 0.0, 0.0, 0.0, 0.0, 0.0, 0.0, 0.0, 1.448951375219541, 0.0, 1.4314188885289416, 0.0, 0.10292966758767946, 0.0, 0.0, 0.0, 0.0, 0.0, 0.0, 0.0, 0.0, 0.0, 0.0, 0.0, 0.9700547247823532, 0.0, 0.0], [0.0, 0.0, 0.0, 0.0, 0.0, 0.0, 0.0, 0.0, 0.0, 0.0, 0.0, 0.0, 0.0, 0.10168667949646634, 0.0, 1.4314188885289416, 0.0, 1.4435503668270873, 0.0, 0.0, 0.0, 0.0, 0.0, 0.0, 0.0, 0.0, 0.0, 0.0, 0.0, 0.0, 0.0, 0.9706328270471861, 0.0], [0.0, 0.0, 0.0, 0.0, 0.0, 0.0, 0.0, 0.0, 0.0, 0.0, 0.0, 0.0, 0.0, 0.0, 0.11124647095184693, 0.0, 1.4435503668270873, 0.0, 1.4076860672363498, 0.0, 0.0, 0.0, 0.0, 0.0, 0.0, 0.0, 0.0, 0.0, 0.0, 0.0, 0.0, 0.0, 0.9685079225255377], [1.0011709063963132, 0.0, 0.0, 0.0, 0.0, 0.0, 0.0, 0.0, 0.0, 0.0, 0.0, 0.0, 0.0, 1.3721082274638643, 0.0, 0.10292966758767946, 0.0, 1.4076860672363498, 0.0, 0.0, 0.0, 0.0, 0.0, 0.0, 0.0, 0.0, 0.0, 0.0, 0.0, 0.0, 0.0, 0.0, 0.0], [0.951806941213182, 0.0, 0.0, 0.0, 0.0, 0.0, 0.0, 0.0, 0.0, 0.0, 0.0, 0.0, 0.0, 0.0, 0.0, 0.0, 0.0, 0.0, 0.0, 0.0, 0.0, 0.0, 0.0, 0.0, 0.0, 0.0, 0.0, 0.0, 0.0, 0.0, 0.0, 0.0, 0.0], [0.9722451404284027, 0.0, 0.0, 0.0, 0.0, 0.0, 0.0, 0.0, 0.0, 0.0, 0.0, 0.0, 0.0, 0.0, 0.0, 0.0, 0.0, 0.0, 0.0, 0.0, 0.0, 0.0, 0.0, 0.0, 0.0, 0.0, 0.0, 0.0, 0.0, 0.0, 0.0, 0.0, 0.0], [0.0, 0.0, 0.9684558506454354, 0.0, 0.0, 0.0, 0.0, 0.0, 0.0, 0.0, 0.0, 0.0, 0.0, 0.0, 0.0, 0.0, 0.0, 0.0, 0.0, 0.0, 0.0, 0.0, 0.0, 0.0, 0.0, 0.0, 0.0, 0.0, 0.0, 0.0, 0.0, 0.0, 0.0], [0.0, 0.0, 0.0, 0.9701993640217899, 0.0, 0.0, 0.0, 0.0, 0.0, 0.0, 0.0, 0.0, 0.0, 0.0, 0.0, 0.0, 0.0, 0.0, 0.0, 0.0, 0.0, 0.0, 0.0, 0.0, 0.0, 0.0, 0.0, 0.0, 0.0, 0.0, 0.0, 0.0, 0.0], [0.0, 0.0, 0.0, 0.0, 0.9705350888326432, 0.0, 0.0, 0.0, 0.0, 0.0, 0.0, 0.0, 0.0, 0.0, 0.0, 0.0, 0.0, 0.0, 0.0, 0.0, 0.0, 0.0, 0.0, 0.0, 0.0, 0.0, 0.0, 0.0, 0.0, 0.0, 0.0, 0.0, 0.0], [0.0, 0.0, 0.0, 0.0, 0.0, 0.9631197536660099, 0.0, 0.0, 0.0, 0.0, 0.0, 0.0, 0.0, 0.0, 0.0, 0.0, 0.0, 0.0, 0.0, 0.0, 0.0, 0.0, 0.0, 0.0, 0.0, 0.0, 0.0, 0.0, 0.0, 0.0, 0.0, 0.0, 0.0], [0.0, 0.0, 0.0, 0.0, 0.0, 0.0, 0.0, 0.0, 0.9632355684841056, 0.0, 0.0, 0.0, 0.0, 0.0, 0.0, 0.0, 0.0, 0.0, 0.0, 0.0, 0.0, 0.0, 0.0, 0.0, 0.0, 0.0, 0.0, 0.0, 0.0, 0.0, 0.0, 0.0, 0.0], [0.0, 0.0, 0.0, 0.0, 0.0, 0.0, 0.0, 0.0, 0.9674745754966185, 0.0, 0.0, 0.0, 0.0, 0.0, 0.0, 0.0, 0.0, 0.0, 0.0, 0.0, 0.0, 0.0, 0.0, 0.0, 0.0, 0.0, 0.0, 0.0, 0.0, 0.0, 0.0, 0.0, 0.0], [0.0, 0.0, 0.0, 0.0, 0.0, 0.0, 0.0, 0.0, 0.0, 0.9668843106151831, 0.0, 0.0, 0.0, 0.0, 0.0, 0.0, 0.0, 0.0, 0.0, 0.0, 0.0, 0.0, 0.0, 0.0, 0.0, 0.0, 0.0, 0.0, 0.0, 0.0, 0.0, 0.0, 0.0], [0.0, 0.0, 0.0, 0.0, 0.0, 0.0, 0.0, 0.0, 0.0, 0.9681457210326935, 0.0, 0.0, 0.0, 0.0, 0.0, 0.0, 0.0, 0.0, 0.0, 0.0, 0.0, 0.0, 0.0, 0.0, 0.0, 0.0, 0.0, 0.0, 0.0, 0.0, 0.0, 0.0, 0.0], [0.0, 0.0, 0.0, 0.0, 0.0, 0.0, 0.0, 0.0, 0.0, 0.0, 0.0, 0.0, 0.0, 0.0, 0.967903869580162, 0.0, 0.0, 0.0, 0.0, 0.0, 0.0, 0.0, 0.0, 0.0, 0.0, 0.0, 0.0, 0.0, 0.0, 0.0, 0.0, 0.0, 0.0], [0.0, 0.0, 0.0, 0.0, 0.0, 0.0, 0.0, 0.0, 0.0, 0.0, 0.0, 0.0, 0.0, 0.0, 0.0, 0.9700547247823532, 0.0, 0.0, 0.0, 0.0, 0.0, 0.0, 0.0, 0.0, 0.0, 0.0, 0.0, 0.0, 0.0, 0.0, 0.0, 0.0, 0.0], [0.0, 0.0, 0.0, 0.0, 0.0, 0.0, 0.0, 0.0, 0.0, 0.0, 0.0, 0.0, 0.0, 0.0, 0.0, 0.0, 0.9706328270471861, 0.0, 0.0, 0.0, 0.0, 0.0, 0.0, 0.0, 0.0, 0.0, 0.0, 0.0, 0.0, 0.0, 0.0, 0.0, 0.0], [0.0, 0.0, 0.0, 0.0, 0.0, 0.0, 0.0, 0.0, 0.0, 0.0, 0.0, 0.0, 0.0, 0.0, 0.0, 0.0, 0.0, 0.9685079225255377, 0.0, 0.0, 0.0, 0.0, 0.0, 0.0, 0.0, 0.0, 0.0, 0.0, 0.0, 0.0, 0.0, 0.0, 0.0]], "Born radii": [], "Atomic SASAs": [], "Solvent H bonds": [], "Total SASA": NaN, "Total FOD": 0.0, "FOD": [0.0, 0.0, 0.0, 0.0, 0.0, 0.0, 0.0, 0.0, 0.0, 0.0, 0.0, 0.0, 0.0, 0.0, 0.0, 0.0, 0.0, 0.0, 0.0, 0.0, 0.0, 0.0, 0.0, 0.0, 0.0, 0.0, 0.0, 0.0, 0.0, 0.0, 0.0, 0.0, 0.0], "FOD s proportion": [0.0, 0.0, 0.0, 0.0, 0.0, 0.0, 0.0, 0.0, 0.0, 0.0, 0.0, 0.0, 0.0, 0.0, 0.0, 0.0, 0.0, 0.0, 0.0, 0.0, 0.0, 0.0, 0.0, 0.0, 0.0, 0.0, 0.0, 0.0, 0.0, 0.0, 0.0, 0.0, 0.0], "FOD p proportion": [0.0, 0.0, 0.0, 0.0, 0.0, 0.0, 0.0, 0.0, 0.0, 0.0, 0.0, 0.0, 0.0, 0.0, 0.0, 0.0, 0.0, 0.0, 0.0, 0.0, 0.0, 0.0, 0.0, 0.0, 0.0, 0.0, 0.0, 0.0, 0.0, 0.0, 0.0, 0.0, 0.0], "FOD d proportion": [0.0, 0.0, 0.0, 0.0, 0.0, 0.0, 0.0, 0.0, 0.0, 0.0, 0.0, 0.0, 0.0, 0.0, 0.0, 0.0, 0.0, 0.0, 0.0, 0.0, 0.0, 0.0, 0.0, 0.0, 0.0, 0.0, 0.0, 0.0, 0.0, 0.0, 0.0, 0.0, 0.0], "coordinates": [["1.11660", "-0.96820", "-1.40770"], ["-0.09870", "-1.48650", "-0.69020"], ["-0.22110", "-2.87760", "-0.49700"], ["-1.34430", "-3.41790", "0.12050"], ["-2.35820", "-2.57470", "0.54950"], ["-2.24360", "-1.19370", "0.36430"], ["-1.11280", "-0.61850", "-0.24320"], ["-1.04450", "0.80200", "-0.43120"], ["-2.29840", "1.53920", "-0.67540"], ["-2.76090", "2.38400", "0.51090"], ["-3.30670", "1.58080", "1.46570"], ["0.11520", "1.60110", "-0.40460"], ["0.07100", "2.81190", "-0.64620"], ["1.43610", "1.06690", "0.01230"], ["2.21670", "1.85530", "0.87190"], ["3.48520", "1.42900", "1.26540"], ["3.98620", "0.21900", "0.79280"], ["3.22320", "-0.56120", "-0.07700"], ["1.94680", "-0.13770", "-0.48020"], ["0.81740", "-0.38300", "-2.28690"], ["1.71270", "-1.79810", "-1.80820"], ["0.56410", "-3.55080", "-0.83520"], ["-1.42690", "-4.49160", "0.26550"], ["-3.23870", "-2.98330", "1.03860"], ["-3.05150", "-0.57760", "0.74820"], ["-2.11880", "2.20950", "-1.52590"], ["-3.09200", "0.85650", "-0.99730"], ["-1.95210", "2.95370", "0.97500"], ["-3.54290", "3.08030", "0.19430"], ["1.83470", "2.80750", "1.23450"], ["4.08110", "2.04300", "1.93560"], ["4.97420", "-0.11620", "1.09890"], ["3.63100", "-1.50310", "-0.43750"]], "bond_dist": [[0.0, 1.503461083633361, 2.502923119074975, 3.793738807561744, 4.299501032678094, 3.8054931730328985, 2.5394043986730432, 2.959309632329811, 4.299481718765646, 5.472958710788891, 5.858277174221104, 2.934333665417074, 3.9952869258665267, 2.5020216345987096, 3.791958388484768, 4.3014296937181244, 3.8060804313624272, 2.524712864862062, 1.496401864473578, 1.097712312038086, 1.0974832436078465, 2.702375854687871, 4.656537130744262, 5.3864320092246585, 4.708877868452313, 4.536470179555906, 4.605461128920751, 5.520459998043641, 6.37712290143447, 4.663989594756832, 5.388250233610166, 4.678677732009333, 2.7476559846531003], [1.503461083633361, 0.0, 1.409775588524642, 2.437018631442936, 2.797566009945074, 2.407965552079182, 1.4077044469632112, 2.4897491620643235, 3.7408233879722252, 4.848785445861675, 4.934318402778645, 3.1081496633849537, 4.301973576162457, 3.060877137357852, 4.355325568772098, 5.016856667276832, 4.668450198941829, 3.502458270986251, 2.4591526365803325, 2.1462530955132015, 2.151322504879266, 2.1729388693656344, 3.421710645276716, 3.8844252702298188, 3.407949766355132, 4.294137224169716, 3.8136340018412884, 5.09149866345853, 5.787963038064428, 5.087331486152638, 6.068189510059817, 5.5509382369109455, 3.738287701608853], [2.502923119074975, 1.409775588524642, 0.0, 1.3909739681244935, 2.398771992082616, 2.7690906720438027, 2.4419410598947717, 3.771176654573477, 4.884170767899092, 5.928817842538257, 5.76632024865078, 4.492258801538487, 5.698946683379307, 4.308686410032645, 5.497008137159704, 5.94890889239363, 5.380881794836233, 4.171967335682291, 3.493869582568874, 3.2411808681404994, 2.5737420480693087, 1.0881711813864583, 2.1541485301622076, 3.3874990199260577, 3.853788681284951, 5.526163851171986, 4.736651740417487, 6.258370769617281, 6.8562980784093694, 6.288463079322324, 6.974150267953796, 6.096176577167036, 4.09041133750629], [3.793738807561744, 2.437018631442936, 1.3909739681244935, 0.0, 1.3867301287561324, 2.4114818203751813, 2.832403625897976, 4.266357807310587, 5.110440688433826, 5.985082399599858, 5.536025513850166, 5.2532115186807395, 6.434385053756108, 5.277855856311349, 6.407180440724297, 6.9373846563384385, 6.4879318083654365, 5.390899497300984, 4.685284595411468, 4.436117633697285, 3.9609196823465127, 2.1384610026839397, 1.0865907463254048, 2.1495432375274524, 3.372809395741182, 5.914229786709339, 4.751255359376088, 6.457311952352929, 6.860458559017757, 7.078321987589997, 7.908917876675671, 7.195966349282076, 5.360170998205188], [4.299501032678094, 2.797566009945074, 2.398771992082616, 1.3867301287561324, 0.0, 1.3980676664596747, 2.4507372135747234, 3.7536226595117417, 4.292799699496821, 4.975174664270592, 4.359731062806512, 4.946243019706977, 6.028778540467381, 5.286449365122114, 6.376405866160026, 7.119511925687041, 6.9365240531551535, 5.9664654913943815, 5.052947267684475, 4.788856774847208, 4.768027229368558, 3.3778695341886724, 2.1499956511583926, 1.0869466500247378, 2.1233358165867213, 5.220456604550986, 3.834603776141676, 5.559601965968426, 5.788670497618602, 6.8569462773161645, 8.044191133358282, 7.753073736912348, 6.163847191486824], [3.8054931730328985, 2.407965552079182, 2.7690906720438027, 2.4114818203751813, 1.3980676664596747, 0.0, 1.4066342559457308, 2.4603819926995074, 2.924503639936186, 3.6178761919114923, 3.168771657914151, 3.7371180995521134, 4.735326258031225, 4.332944547302676, 5.4266319987631375, 6.364721984501758, 6.402323139298734, 5.520933270743271, 4.403154370448531, 4.129868875642422, 4.553829739900252, 3.8571880884914074, 3.3989564192557693, 2.155822965829987, 1.0861219222536667, 3.8948942630063783, 2.603278156478866, 4.202243864889328, 4.470364245785795, 5.779219702520401, 7.2764717184910435, 7.3346629268153825, 5.937132031545197], [2.5394043986730432, 1.4077044469632112, 2.4419410598947717, 2.832403625897976, 2.4507372135747234, 1.4066342559457308, 0.0, 1.4345135551816859, 2.4996226695243426, 3.507122277594552, 3.545484016322736, 2.541782469055918, 3.6512238496153593, 3.0663895088523896, 4.295195536876057, 5.25449657055745, 5.270152108810523, 4.339562389227743, 3.106201828600325, 2.8209647250541794, 3.438623476043866, 3.4294082434145983, 3.9189715627955253, 3.428518789506629, 2.177866951859089, 3.2641904494070193, 2.5809929194013685, 3.8663999495654866, 4.447236636384441, 4.754874292765267, 6.229554470425634, 6.253407607057131, 4.8294832114833985], [2.959309632329811, 2.4897491620643235, 3.771176654573477, 4.266357807310587, 3.7536226595117417, 2.4603819926995074, 1.4345135551816859, 0.0, 1.4749110786755923, 2.5172018929756113, 3.0532454683500307, 1.4086065667886118, 2.3087362907010407, 2.533819373988604, 3.6664609557446535, 4.877475028126746, 5.210183057244727, 4.494111165736779, 3.1358113431773917, 2.8834907837549957, 4.032220337481571, 4.658076620237155, 5.352926452885375, 4.615552163067817, 2.7059803251317254, 2.0817167987024554, 2.1250166375819277, 2.725976722204355, 3.4385903652514354, 3.8841188679029894, 5.780449688389304, 6.277662537919667, 5.2128519977072045], [4.299481718765646, 3.7408233879722252, 4.884170767899092, 5.110440688433826, 4.292799699496821, 2.924503639936186, 2.4996226695243426, 1.4749110786755923, 0.0, 1.5280382783163518, 2.3670041529325627, 2.4295327143300622, 2.689734985086821, 3.8265505131906985, 4.783323584078334, 6.101547151337929, 6.587468135786313, 5.9378303512309945, 4.568568669725782, 3.999999341249946, 5.339450378081999, 5.84187831865745, 6.165659226716962, 4.926963196533946, 2.6598193190515778, 1.0976832421058456, 1.0952168095861203, 2.2010347793708305, 2.1633648675154173, 4.726395932420389, 6.911523398643746, 7.666759446467588, 6.668580813036608], [5.472958710788891, 4.848785445861675, 5.928817842538257, 5.985082399599858, 4.975174664270592, 3.6178761919114923, 3.507122277594552, 2.5172018929756113, 1.5280382783163518, 0.0, 1.3618630327606371, 3.11817636929023, 3.0889539378242596, 4.426981293161289, 5.018600048818395, 6.363572931930615, 7.091547857837525, 6.695467292131296, 5.431729870860663, 5.31866569075365, 6.548380118777467, 6.934656534393034, 7.00811333527077, 5.41430230223618, 2.985269537244501, 2.1427311777262217, 2.171992334240616, 1.0927508133147281, 1.0938890483042603, 4.671454652461051, 6.997071894013953, 8.150369074465278, 7.540914704463908], [5.858277174221104, 4.934318402778645, 5.76632024865078, 5.536025513850166, 4.359731062806512, 3.168771657914151, 3.545484016322736, 3.0532454683500307, 2.3670041529325627, 1.3618630327606371, 0.0, 3.8997222708803254, 4.169482714918003, 4.9870448774800495, 5.562004697049438, 6.7965483107236135, 7.449408302677469, 7.043272059206573, 5.8599514767615615, 5.911574917904704, 6.879662984478237, 6.827192102907315, 6.469016141578254, 4.584544385214304, 2.288804021754593, 3.279640324791729, 2.5762522353216895, 1.9901211169172595, 1.9800880409719157, 5.2907693476469, 7.41714390382174, 8.460948885911082, 7.827150869888736], [2.934333665417074, 3.1081496633849537, 4.492258801538487, 5.2532115186807395, 4.946243019706977, 3.7371180995521134, 2.541782469055918, 1.4086065667886118, 2.4295327143300622, 3.11817636929023, 3.8997222708803254, 0.0, 1.235459768669138, 1.4845713388045723, 2.4719166935801047, 3.7650256851713504, 4.2811923771304645, 3.8003324920327692, 2.526637955861504, 2.823613100267103, 4.009571030671485, 5.18931606090822, 6.320450910338597, 5.8607332996818755, 4.01293787891116, 2.5725901830645315, 3.34542288657204, 2.829585165708924, 3.991041149875556, 2.664344200736834, 4.626032258858556, 5.368380811753205, 4.690201455161601], [3.9952869258665267, 4.301973576162457, 5.698946683379307, 6.434385053756108, 6.028778540467381, 4.735326258031225, 3.6512238496153593, 2.3087362907010407, 2.689734985086821, 3.0889539378242596, 4.169482714918003, 1.235459768669138, 0.0, 2.3113081274464466, 2.797094860743911, 4.150107060064836, 4.911480677962604, 4.651683253404083, 3.4994745034076193, 3.6682959886028828, 5.029664291978144, 6.384576720503874, 7.511059415954582, 6.883095827460199, 4.814879838583721, 2.43556603072058, 3.7351612240972947, 2.5964071887899247, 3.720047314215237, 2.57831137374833, 4.830921284806864, 5.971642475902254, 5.597890735803978], [2.5020216345987096, 3.060877137357852, 4.308686410032645, 5.277855856311349, 5.286449365122114, 4.332944547302676, 3.0663895088523896, 2.533819373988604, 3.8265505131906985, 4.426981293161289, 4.9870448774800495, 1.4845713388045723, 2.3113081274464466, 0.0, 1.4035038582063106, 2.429030018340655, 2.7984146708449056, 2.419175584780898, 1.3980099785051607, 2.78770879756118, 3.4057235369301484, 4.775122358641713, 6.257619474688438, 6.2698617823680936, 4.8357504919091925, 4.0384289036703365, 4.644055332357702, 3.9958359288138947, 5.373764468228953, 2.1638722605551375, 3.4128989290630924, 3.8856887137288805, 3.409516981919873], [3.791958388484768, 4.355325568772098, 5.497008137159704, 6.407180440724297, 6.376405866160026, 5.4266319987631375, 4.295195536876057, 3.6664609557446535, 4.783323584078334, 5.018600048818395, 5.562004697049438, 2.4719166935801047, 2.797094860743911, 1.4035038582063106, 0.0, 1.3948713883365735, 2.4114030666813044, 2.7844076048596045, 2.4234416477398417, 4.1165573990896815, 4.5589783471738485, 5.905183687236156, 7.3434788438450616, 7.293917192428222, 5.804156729448302, 4.967037621158108, 5.716100573817784, 4.312308617202623, 5.927289339993451, 1.0881578929548783, 2.154687063125409, 3.3973736179584373, 3.8721600444713027], [4.3014296937181244, 5.016856667276832, 5.94890889239363, 6.9373846563384385, 7.119511925687041, 6.364721984501758, 5.25449657055745, 4.877475028126746, 6.101547151337929, 6.363572931930615, 6.7965483107236135, 3.7650256851713504, 4.150107060064836, 2.429030018340655, 1.3948713883365735, 0.0, 1.3922829310165374, 2.414866000423212, 2.805056650051831, 4.797847030700333, 4.7961388240959, 6.143594518683668, 7.757707830280798, 8.045536696827627, 6.857287094033616, 6.309148273737113, 6.979049174493614, 5.654491448397459, 7.29850919777457, 2.1506667129055583, 1.0868582474269588, 2.1523211400718063, 3.393867478261342], [3.8060804313624272, 4.668450198941829, 5.380881794836233, 6.4879318083654365, 6.9365240531551535, 6.402323139298734, 5.270152108810523, 5.210183057244727, 6.587468135786313, 7.091547857837525, 7.449408302677469, 4.2811923771304645, 4.911480677962604, 2.7984146708449056, 2.4114030666813044, 1.3922829310165374, 0.0, 1.395504596911096, 2.4304148308467837, 4.459624370953231, 4.0003369433086515, 5.345329218111828, 7.1950989749968, 7.906599960792249, 7.082780669341668, 6.827113953933975, 7.328832069299993, 6.540274292413125, 8.076669285664728, 3.3947582226132105, 2.1545240425671746, 1.0872903246143595, 2.1460273856593726], [2.524712864862062, 3.502458270986251, 4.171967335682291, 5.390899497300984, 5.9664654913943815, 5.520933270743271, 4.339562389227743, 4.494111165736779, 5.9378303512309945, 6.695467292131296, 7.043272059206573, 3.8003324920327692, 4.651683253404083, 2.419175584780898, 2.7844076048596045, 2.414866000423212, 1.395504596911096, 0.0, 1.4039656156758253, 3.271587823977831, 2.6093265989523045, 4.072270645475323, 6.098260442126099, 6.99051381373358, 6.328750594706667, 6.189753928873102, 6.5374747739475065, 6.3438912427625995, 7.688578226824514, 3.8724803666384155, 3.4012363649120303, 2.155636056944678, 1.0878587684070025], [1.496401864473578, 2.4591526365803325, 3.493869582568874, 4.685284595411468, 5.052947267684475, 4.403154370448531, 3.106201828600325, 3.1358113431773917, 4.568568669725782, 5.431729870860663, 5.8599514767615615, 2.526637955861504, 3.4994745034076193, 1.3980099785051607, 2.4234416477398417, 2.805056650051831, 2.4304148308467837, 1.4039656156758253, 0.0, 2.144733396019188, 2.1389985904623687, 3.699612939214047, 5.558269999739128, 6.106848864185195, 5.165799208254228, 4.809567515899948, 5.161911611990271, 5.184185780814572, 6.399006199403154, 3.4098336528341084, 3.8918862547613085, 3.414552652983989, 2.1685640617699073], [1.097712312038086, 2.1462530955132015, 3.2411808681404994, 4.436117633697285, 4.788856774847208, 4.129868875642422, 2.8209647250541794, 2.8834907837549957, 3.999999341249946, 5.31866569075365, 5.911574917904704, 2.823613100267103, 3.6682959886028828, 2.78770879756118, 4.1165573990896815, 4.797847030700333, 4.459624370953231, 3.271587823977831, 2.144733396019188, 0.0, 1.7416152818576207, 3.4937874319998348, 5.332187375739903, 5.8542683189276525, 4.921187700139063, 3.99016887988466, 4.299166985591511, 5.42620389867539, 6.096147670455498, 4.859469878494979, 5.862313531362853, 5.367849673752051, 3.548415044777034], [1.0974832436078465, 2.151322504879266, 2.5737420480693087, 3.9609196823465127, 4.768027229368558, 4.553829739900252, 3.438623476043866, 4.032220337481571, 5.339450378081999, 6.548380118777467, 6.879662984478237, 4.009571030671485, 5.029664291978144, 3.4057235369301484, 4.5589783471738485, 4.7961388240959, 4.0003369433086515, 2.6093265989523045, 2.1389985904623687, 1.7416152818576207, 0.0, 2.3104043477279035, 4.627338554720197, 5.833123626325778, 5.5427793434341215, 5.5516613099143575, 5.548837901759251, 6.614874490116952, 7.445140977174307, 5.521273281590036, 5.863395450590041, 4.681602318651168, 2.376072048570918], [2.702375854687871, 2.1729388693656344, 1.0881711813864583, 2.1384610026839397, 3.3778695341886724, 3.8571880884914074, 3.4294082434145983, 4.658076620237155, 5.84187831865745, 6.934656534393034, 6.827192102907315, 5.18931606090822, 6.384576720503874, 4.775122358641713, 5.905183687236156, 6.143594518683668, 5.345329218111828, 4.072270645475323, 3.699612939214047, 3.4937874319998348, 2.3104043477279035, 0.0, 2.461854205675064, 4.277203587625916, 4.941622927743476, 6.391875702014237, 5.7286679874120825, 7.20531794787711, 7.867579453682054, 6.806325098024631, 7.164999656664333, 5.914913522613834, 3.709058666292567], [4.656537130744262, 3.421710645276716, 2.1541485301622076, 1.0865907463254048, 2.1499956511583926, 3.3989564192557693, 3.9189715627955253, 5.352926452885375, 6.165659226716962, 7.00811333527077, 6.469016141578254, 6.320450910338597, 7.511059415954582, 6.257619474688438, 7.3434788438450616, 7.757707830280798, 7.1950989749968, 6.098260442126099, 5.558269999739128, 5.332187375739903, 4.627338554720197, 2.461854205675064, 0.0, 2.480982011220557, 4.2651753129267735, 6.970837882206127, 5.741898245354058, 7.497447390945801, 7.862327584755038, 8.053189204905097, 8.707944371090115, 7.7982537744036, 5.916729980318521], [5.3864320092246585, 3.8844252702298188, 3.3874990199260577, 2.1495432375274524, 1.0869466500247378, 2.155822965829987, 3.428518789506629, 4.615552163067817, 4.926963196533946, 5.41430230223618, 4.584544385214304, 5.8607332996818755, 6.883095827460199, 6.2698617823680936, 7.293917192428222, 8.045536696827627, 7.906599960792249, 6.99051381373358, 6.106848864185195, 5.8542683189276525, 5.833123626325778, 4.277203587625916, 2.480982011220557, 0.0, 2.4303844325538293, 5.898814126585106, 4.3486174515585985, 6.0751422633548255, 6.129651302480427, 7.7013718914229825, 8.924560086077074, 8.69917380617263, 7.180713149820148], [4.708877868452313, 3.407949766355132, 3.853788681284951, 3.372809395741182, 2.1233358165867213, 1.0861219222536667, 2.177866951859089, 2.7059803251317254, 2.6598193190515778, 2.985269537244501, 2.288804021754593, 4.01293787891116, 4.814879838583721, 4.8357504919091925, 5.804156729448302, 6.857287094033616, 7.082780669341668, 6.328750594706667, 5.165799208254228, 4.921187700139063, 5.5427793434341215, 4.941622927743476, 4.2651753129267735, 2.4303844325538293, 0.0, 3.7160982912188962, 2.2594365027590393, 3.7054282195179544, 3.7320921183700704, 5.96408753624559, 7.690997716811519, 8.046598097332812, 6.849689116303016], [4.536470179555906, 4.294137224169716, 5.526163851171986, 5.914229786709339, 5.220456604550986, 3.8948942630063783, 3.2641904494070193, 2.0817167987024554, 1.0976832421058456, 2.1427311777262217, 3.279640324791729, 2.5725901830645315, 2.43556603072058, 4.0384289036703365, 4.967037621158108, 6.309148273737113, 6.827113953933975, 6.189753928873102, 4.809567515899948, 3.99016887988466, 5.5516613099143575, 6.391875702014237, 6.970837882206127, 5.898814126585106, 3.7160982912188962, 0.0, 1.7484693877789224, 2.6145981220830095, 2.396965058151662, 4.858762641866754, 7.102708251786779, 7.912591517954152, 6.930239055039876], [4.605461128920751, 3.8136340018412884, 4.736651740417487, 4.751255359376088, 3.834603776141676, 2.603278156478866, 2.5809929194013685, 2.1250166375819277, 1.0952168095861203, 2.171992334240616, 2.5762522353216895, 3.34542288657204, 3.7351612240972947, 4.644055332357702, 5.716100573817784, 6.979049174493614, 7.328832069299993, 6.5374747739475065, 5.161911611990271, 4.299166985591511, 5.548837901759251, 5.7286679874120825, 5.741898245354058, 4.3486174515585985, 2.2594365027590393, 1.7484693877789224, 0.0, 3.0963829123672673, 2.562910027683375, 5.749756962689815, 7.839837260428305, 8.390696167184224, 7.1470145655371375], [5.520459998043641, 5.09149866345853, 6.258370769617281, 6.457311952352929, 5.559601965968426, 4.202243864889328, 3.8663999495654866, 2.725976722204355, 2.2010347793708305, 1.0927508133147281, 1.9901211169172595, 2.829585165708924, 2.5964071887899247, 3.9958359288138947, 4.312308617202623, 5.654491448397459, 6.540274292413125, 6.3438912427625995, 5.184185780814572, 5.42620389867539, 6.614874490116952, 7.20531794787711, 7.497447390945801, 6.0751422633548255, 3.7054282195179544, 2.6145981220830095, 3.0963829123672673, 0.0, 1.7765597907191302, 3.7984956140556485, 6.176700501886099, 7.577154407163681, 7.282117006750166], [6.37712290143447, 5.787963038064428, 6.8562980784093694, 6.860458559017757, 5.788670497618602, 4.470364245785795, 4.447236636384441, 3.4385903652514354, 2.1633648675154173, 1.0938890483042603, 1.9800880409719157, 3.991041149875556, 3.720047314215237, 5.373764468228953, 5.927289339993451, 7.29850919777457, 8.076669285664728, 7.688578226824514, 6.399006199403154, 6.096147670455498, 7.445140977174307, 7.867579453682054, 7.862327584755038, 6.129651302480427, 3.7320921183700704, 2.396965058151662, 2.562910027683375, 1.7765597907191302, 0.0, 5.4840694415734745, 7.888820759784063, 9.142040571994853, 8.536484522916913], [4.663989594756832, 5.087331486152638, 6.288463079322324, 7.078321987589997, 6.8569462773161645, 5.779219702520401, 4.754874292765267, 3.8841188679029894, 4.726395932420389, 4.671454652461051, 5.2907693476469, 2.664344200736834, 2.57831137374833, 2.1638722605551375, 1.0881578929548783, 2.1506667129055583, 3.3947582226132105, 3.8724803666384155, 3.4098336528341084, 4.859469878494979, 5.521273281590036, 6.806325098024631, 8.053189204905097, 7.7013718914229825, 5.96408753624559, 4.858762641866754, 5.749756962689815, 3.7984956140556485, 5.4840694415734745, 0.0, 2.4743311055717667, 4.292187006643583, 4.960196573725682], [5.388250233610166, 6.068189510059817, 6.974150267953796, 7.908917876675671, 8.044191133358282, 7.2764717184910435, 6.229554470425634, 5.780449688389304, 6.911523398643746, 6.997071894013953, 7.41714390382174, 4.626032258858556, 4.830921284806864, 3.4128989290630924, 2.154687063125409, 1.0868582474269588, 2.1545240425671746, 3.4012363649120303, 3.8918862547613085, 5.862313531362853, 5.863395450590041, 7.164999656664333, 8.707944371090115, 8.924560086077074, 7.690997716811519, 7.102708251786779, 7.839837260428305, 6.176700501886099, 7.888820759784063, 2.4743311055717667, 0.0, 2.4819023228161097, 4.290573251909353], [4.678677732009333, 5.5509382369109455, 6.096176577167036, 7.195966349282076, 7.753073736912348, 7.3346629268153825, 6.253407607057131, 6.277662537919667, 7.666759446467588, 8.150369074465278, 8.460948885911082, 5.368380811753205, 5.971642475902254, 3.8856887137288805, 3.3973736179584373, 2.1523211400718063, 1.0872903246143595, 2.155636056944678, 3.414552652983989, 5.367849673752051, 4.681602318651168, 5.914913522613834, 7.7982537744036, 8.69917380617263, 8.046598097332812, 7.912591517954152, 8.390696167184224, 7.577154407163681, 9.142040571994853, 4.292187006643583, 2.4819023228161097, 0.0, 2.4674283799129815], [2.7476559846531003, 3.738287701608853, 4.09041133750629, 5.360170998205188, 6.163847191486824, 5.937132031545197, 4.8294832114833985, 5.2128519977072045, 6.668580813036608, 7.540914704463908, 7.827150869888736, 4.690201455161601, 5.597890735803978, 3.409516981919873, 3.8721600444713027, 3.393867478261342, 2.1460273856593726, 1.0878587684070025, 2.1685640617699073, 3.548415044777034, 2.376072048570918, 3.709058666292567, 5.916729980318521, 7.180713149820148, 6.849689116303016, 6.930239055039876, 7.1470145655371375, 7.282117006750166, 8.536484522916913, 4.960196573725682, 4.290573251909353, 2.4674283799129815, 0.0]]}