{"total energy": -65.28824998, "HOMO-LUMO gap/eV": 4.16168612, "electronic energy": -66.10136173, "dipole": [-0.50239767, 0.34402955, -2.2648483], "partial charges": [-0.10254259, -0.05416252, -0.06347323, 0.08498171, -0.31921851, 0.15910653, -0.10929545, 0.26614835, -0.39887378, 0.00482027, -0.16254276, 0.03783897, -0.00376317, -0.05530746, -0.09516525, -0.04115921, -0.03404969, -0.04038238, 0.00598601, -0.05512363, -0.09207821, 0.03649764, 0.03847056, 0.03617421, 0.03386132, 0.03054294, 0.05368091, 0.04835494, 0.02821698, 0.01598683, 0.02702927, 0.04770415, 0.07980743, 0.0787225, 0.04222375, 0.03410436, 0.03958317, 0.04198343, 0.03066774, 0.04090302, 0.03961986, 0.04255164, 0.05078212, 0.03791245, 0.03244044, 0.0388992, 0.0415351], "atomic dipole moments": [[-0.0620463, 0.09337736, 0.0073665], [-0.05477781, -0.09953041, 0.02705586], [0.02176289, 0.13834041, -0.02350267], [-0.17390925, -0.10317943, 0.05926475], [0.06673071, 0.26604778, -0.05894569], [-6.348e-05, -0.19571398, 0.04121161], [0.04114047, 0.04272359, -0.03156096], [-0.01972393, -0.01821226, -0.02686259], [-0.13785136, -0.05734858, -0.11248788], [0.07514341, -0.00479756, 0.16322319], [0.13747963, 0.07040741, -0.10691549], [0.15540497, 0.02238856, 0.11828897], [0.03652061, 0.05435521, 0.04755528], [0.03588718, -0.00907675, -0.10352004], [-0.04194176, -0.07579045, 0.07190009], [0.01835263, -0.00034831, 0.01300547], [0.00028348, 0.00124325, 0.00362477], [0.01735314, 0.00536016, 0.01341154], [0.06103344, -0.03427922, 0.02124997], [0.00201054, 0.05778322, -0.09965217], [-0.06437336, 0.01514741, 0.09505276], [0.11574951, 0.02791385, -0.03808954], [0.00978865, -0.05904172, 0.1116857], [-0.04887995, -0.08097627, -0.083435], [0.057609, 0.07736271, 0.07780256], [0.00083384, 0.05530476, -0.10987166], [-0.00185155, -0.06237417, 0.11057898], [-0.05708733, -0.0825617, -0.07473761], [0.04675811, 0.07367378, 0.08219178], [-0.0092656, 0.05169569, -0.1047043], [-0.01476225, 0.04018042, -0.11206014], [0.051303, 0.08738785, 0.06870273], [-0.10137609, 0.09252161, -0.00948606], [-0.03416648, -0.12150671, -0.05311521], [-0.10667091, 0.04680699, 0.04344361], [0.06580434, -0.00069973, 0.1081905], [-0.07019112, 0.02106268, -0.10324622], [0.01694716, 0.11188183, 0.05598716], [0.11379515, -0.0383053, -0.04126342], [-0.0982573, 0.11273161, -0.02541904], [-0.1211181, -0.01421522, -0.08907618], [-0.03424546, -0.12800805, -0.07382063], [0.07389776, -0.00281044, 0.10624143], [-0.06709513, -0.1006439, 0.02312044], [-0.0670826, -0.02529845, -0.10168056], [0.07726043, -0.09853453, 0.01735312], [0.07237325, 0.10182664, -0.03142274]], "atomic quadrupole moments": [[-0.00175523, -0.1640448, 0.13212715, -0.02048571, 0.02029566, -0.13037192], [0.16768235, -0.08661276, 0.03384891, -0.11249494, -0.00674576, -0.20153126], [0.17121406, -0.12352603, 0.05671293, -0.11435102, 0.00405382, -0.22792699], [0.37176651, 0.01593375, -0.07199691, -0.22684954, -0.04458626, -0.2997696], [0.10384857, -0.04222197, 0.04886017, -0.07423307, -0.02406337, -0.15270874], [0.22841937, -0.19770781, 0.0545061, -0.18565962, -0.0493093, -0.28292548], [0.07660429, 0.02597511, -0.02044304, 0.02038887, 0.0182805, -0.05616124], [-0.13508806, -0.26154519, 0.40097446, -0.02613447, -0.00097404, -0.26588639], [-0.0642924, -0.11025623, 0.1529401, 0.01289922, 0.01297461, -0.0886477], [-0.09232596, 0.08862265, -0.31056181, 0.02544188, -0.14234649, 0.40288778], [-0.28693284, -0.00129011, -0.27004602, 0.0422782, -0.17352311, 0.55697887], [0.13832856, 0.18287748, -0.36502521, -0.09653518, -0.16108266, 0.22669665], [-0.11868152, 0.1691313, -0.08470854, -0.3099615, -0.07459197, 0.20339006], [-0.11441035, 0.10923973, 0.133476, -0.04497954, -0.03259955, -0.01906565], [-0.05441624, 0.09924555, 0.0293964, -0.09979235, -0.14657755, 0.02501984], [-0.05085458, 0.13465691, -0.16869586, -0.32493625, -0.1639732, 0.21955044], [-0.05025522, 0.1274655, -0.17439578, -0.34665678, -0.19173573, 0.224651], [-0.03778446, 0.1039671, -0.17602009, -0.32347192, -0.19875639, 0.21380455], [-0.02199426, 0.01362345, -0.12820019, -0.31614189, -0.22115039, 0.15019445], [0.00450389, -0.13844105, -0.00821398, -0.11240034, 0.02622754, 0.00371009], [0.000491, -0.03394794, -0.12031809, -0.15808654, 0.04589774, 0.11982709], [0.06158682, 0.02696737, -0.01966266, -0.03802987, -0.01200146, -0.04192417], [-0.0472488, -0.0094035, -0.01551557, -0.00390794, -0.04021915, 0.06276437], [-0.01267913, 0.02452191, 0.00524086, 0.0456316, 0.0470743, 0.00743828], [-0.00733903, 0.01285722, -0.0051441, 0.02301093, 0.04088154, 0.01248313], [-0.02132091, -0.0119742, -0.0221689, 0.00479716, -0.03147888, 0.04348981], [-0.02598796, -0.00678842, -0.02285288, 0.00755512, -0.02642817, 0.04884084], [-0.0121614, 0.01610586, -0.00754318, 0.02747374, 0.03816665, 0.01970457], [0.00251793, 0.02123028, -0.01003555, 0.01619407, 0.02988935, 0.00751762], [-0.01426677, -0.0018549, -0.02277421, -0.00232456, -0.02829638, 0.03704098], [-0.00989065, -0.02373035, -0.02324815, 0.01693566, -0.01591515, 0.0331388], [0.00424893, 0.00436373, 0.00177228, 0.00741874, 0.03032787, -0.0060212], [-0.00229186, -0.04757171, -0.00108964, 0.00102773, -0.0153537, 0.0033815], [-0.04756766, 0.02183406, 0.02689332, 0.0015826, 0.01962245, 0.02067434], [0.05147656, -0.02248262, -0.0107902, -0.01130622, 0.00640932, -0.04068636], [0.0102714, -0.0070273, -0.01642545, 0.04835231, -0.0205788, 0.00615405], [0.0153028, 0.00287984, -0.04588589, 0.05690891, -0.01334164, 0.03058309], [-0.04852499, 0.01668775, 0.04811162, -0.00227272, 0.04879559, 0.00041338], [0.04891955, -0.04677745, -0.01664136, -0.02928255, 0.00094662, -0.03227819], [-0.00102758, -0.01126066, 0.03000076, 0.0407831, 0.03149149, -0.02897318], [0.00216109, -0.01910189, 0.03060629, 0.04002279, 0.02600384, -0.03276738], [0.00676261, -0.0245674, 0.02652476, 0.04121006, 0.01981163, -0.03328737], [0.01012041, 0.00792238, -0.02560681, 0.03697255, 0.03065418, 0.0154864], [0.01585693, 0.04265819, 0.02340225, -0.00267641, 0.00319627, -0.03925918], [0.02016645, 0.01885858, -0.05027989, 0.05299237, 0.01667958, 0.03011344], [-0.00483648, -0.06160532, 0.02706524, 0.00746184, -0.02404427, -0.02222875], [-0.01418923, 0.05430416, 0.04766803, -0.01263044, -0.00290569, -0.0334788]], "number of molecular orbitals": 115, "number of electrons": 118, "number of unpaired electrons": 0, "orbital energies/eV": [-28.43711919, -19.18497901, -19.13300929, -18.44188942, -18.08491417, -17.88914321, -17.49533837, -17.42344295, -17.24097151, -17.05680347, -16.99404382, -16.76380028, -16.66278568, -16.42454458, -16.17892966, -16.13163539, -15.85370624, -15.75093486, -15.4801571, -15.41154221, -15.33062424, -15.1861146, -15.08186395, -14.94032761, -14.88367949, -14.37024808, -14.35229124, -14.12190223, -14.0270806, -13.94200928, -13.74620155, -13.7094138, -13.68263674, -13.56440911, -13.52837125, -13.50306204, -13.3724496, -13.30370223, -13.24535721, -13.11686498, -12.79479069, -12.7161251, -12.6608248, -12.55332808, -12.36143391, -12.27636251, -12.15740052, -12.04942836, -12.00739868, -11.87647536, -11.73757679, -11.67021649, -11.44845361, -11.26963464, -11.14744978, -11.10742971, -11.02126044, -10.94236555, -10.80518568, -6.64349956, -6.5397504, -6.30000155, -4.34222902, -3.30800268, -0.87015834, 0.34915947, 0.67572136, 0.73332826, 0.87028055, 0.88363618, 1.31937084, 1.7818604, 2.15300632, 2.6491256, 2.69945971, 2.84248894, 2.94338615, 2.99932134, 3.24957387, 3.41645488, 3.4382623, 3.60560896, 3.66913689, 3.89735051, 3.9470069, 4.06180551, 4.14344265, 4.26485461, 4.41138272, 4.55648415, 4.66267786, 4.7438182, 4.77270745, 4.83725379, 5.01586092, 5.1786933, 5.27756005, 5.5365847, 6.05603552, 6.36252221, 6.49186071, 6.60913634, 6.70353147, 6.9235112, 7.04917056, 7.11034694, 7.95950834, 8.03723799, 9.68674523, 10.33031171, 11.29942923, 11.5324058, 14.96680972, 15.87358981, 16.30277804], "fractional occupation": [2.0, 2.0, 2.0, 2.0, 2.0, 2.0, 2.0, 2.0, 2.0, 2.0, 2.0, 2.0, 2.0, 2.0, 2.0, 2.0, 2.0, 2.0, 2.0, 2.0, 2.0, 2.0, 2.0, 2.0, 2.0, 2.0, 2.0, 2.0, 2.0, 2.0, 2.0, 2.0, 2.0, 2.0, 2.0, 2.0, 2.0, 2.0, 2.0, 2.0, 2.0, 2.0, 2.0, 2.0, 2.0, 2.0, 2.0, 2.0, 2.0, 2.0, 2.0, 2.0, 2.0, 2.0, 2.0, 2.0, 2.0, 2.0, 2.0, 0.0, 0.0, 0.0, 0.0, 0.0, 0.0, 0.0, 0.0, 0.0, 0.0, 0.0, 0.0, 0.0, 0.0, 0.0, 0.0, 0.0, 0.0, 0.0, 0.0, 0.0, 0.0, 0.0, 0.0, 0.0, 0.0, 0.0, 0.0, 0.0, 0.0, 0.0, 0.0, 0.0, 0.0, 0.0, 0.0, 0.0, 0.0, 0.0, 0.0, 0.0, 0.0, 0.0, 0.0, 0.0, 0.0, 0.0, 0.0, 0.0, 0.0, 0.0, 0.0, 0.0, 0.0, 0.0, 0.0], "program call": "xtb /home/svss/Project-DBcg-Debug/aqme2_20220329/End-to-End-workflows-final/example-3/QDESCP/mol_376_rdkit_conf_10/mol_376_rdkit_conf_10.xyz --pop --wbo --acc 0.2 --gfn 2 --chrg 0 --uhf 0 --etemp 300 --input /home/svss/Project-DBcg-Debug/aqme2_20220329/End-to-End-workflows-final/example-3/QDESCP/mol_376_rdkit_conf_10/mol_376_rdkit_conf_10_xtb.inp", "method": "GFN2-xTB", "xtb version": "6.3.3 (7355c4f)", "Dipole module/D": 5.961, "Total charge": 0, "Transition dipole module/D": NaN, "HOMO": -10.8052, "LUMO": -6.6435, "HOMO occupancy": 2.0, "LUMO occupancy": 0, "mulliken charges": [-0.08186, -0.04314, -0.05294, 0.19642, -0.46375, 0.32285, -0.27963, 0.46363, -0.53087, 0.02963, -0.11561, 0.09915, -0.01872, -0.04258, -0.07695, -0.04292, -0.02617, -0.04287, -0.00512, -0.03663, -0.07315, 0.02971, 0.03062, 0.02798, 0.02433, 0.02057, 0.04251, 0.0332, 0.02077, 0.00715, 0.0191, 0.04589, 0.04711, 0.04601, 0.03356, 0.03554, 0.03052, 0.03592, 0.02516, 0.03463, 0.03454, 0.03582, 0.04476, 0.02759, 0.02235, 0.03311, 0.03278], "cm5 charges": [-0.23215, -0.15534, -0.16006, 0.11317, -0.56079, 0.30448, -0.52689, 0.55392, -0.57318, -0.05977, -0.12167, 0.15551, -0.0268, -0.14679, -0.22587, -0.09603, -0.08147, -0.09595, -0.01295, -0.1403, -0.22186, 0.08049, 0.08192, 0.07927, 0.07911, 0.07535, 0.09987, 0.09067, 0.08411, 0.07043, 0.09312, 0.12319, 0.10628, 0.10597, 0.0889, 0.09639, 0.08218, 0.08678, 0.07758, 0.09099, 0.08991, 0.09222, 0.10743, 0.08294, 0.07402, 0.08426, 0.08741], "FUKUI+": [0.004, 0.002, 0.001, 0.005, -0.005, 0.013, -0.036, -0.048, -0.113, 0.021, -0.066, -0.042, -0.047, 0.011, 0.012, -0.028, -0.044, -0.034, -0.041, 0.01, 0.012, -0.011, -0.004, -0.003, -0.006, -0.005, -0.004, -0.002, -0.01, -0.009, -0.02, -0.025, -0.033, -0.031, -0.034, -0.019, -0.018, -0.032, -0.012, -0.063, -0.068, -0.065, -0.02, -0.033, -0.017, -0.031, -0.012], "FUKUI-": [0.011, 0.006, 0.007, 0.013, -0.038, 0.015, -0.03, -0.006, -0.067, 0.017, -0.146, -0.007, -0.02, 0.007, 0.007, -0.019, -0.019, -0.018, -0.019, 0.006, 0.007, -0.025, -0.03, -0.029, -0.039, -0.039, -0.031, -0.03, -0.035, -0.034, -0.028, -0.034, -0.037, -0.032, -0.028, -0.01, -0.016, -0.023, -0.007, -0.039, -0.039, -0.037, -0.009, -0.031, -0.02, -0.022, -0.007], "FUKUIrad": [0.007, 0.004, 0.004, 0.009, -0.021, 0.014, -0.033, -0.027, -0.09, 0.019, -0.106, -0.024, -0.033, 0.009, 0.01, -0.024, -0.031, -0.026, -0.03, 0.008, 0.009, -0.018, -0.017, -0.016, -0.022, -0.022, -0.017, -0.016, -0.022, -0.022, -0.024, -0.029, -0.035, -0.031, -0.031, -0.014, -0.017, -0.028, -0.009, -0.051, -0.054, -0.051, -0.014, -0.032, -0.018, -0.027, -0.01], "s proportion": [1.007, 1.027, 1.034, 0.996, 1.694, 0.974, 1.435, 1.01, 1.732, 1.05, 1.948, 1.051, 1.098, 1.027, 1.008, 1.062, 1.061, 1.064, 1.098, 1.025, 1.007, 0.97, 0.969, 0.972, 0.976, 0.979, 0.957, 0.967, 0.979, 0.993, 0.981, 0.954, 0.953, 0.954, 0.966, 0.964, 0.969, 0.964, 0.975, 0.965, 0.965, 0.964, 0.955, 0.972, 0.978, 0.967, 0.967], "p proportion": [3.075, 3.016, 3.019, 2.808, 4.77, 2.703, 3.844, 2.526, 4.799, 2.92, 5.183, 2.849, 2.921, 3.016, 3.069, 2.981, 2.966, 2.979, 2.907, 3.011, 3.066, 0.0, 0.0, 0.0, 0.0, 0.0, 0.0, 0.0, 0.0, 0.0, 0.0, 0.0, 0.0, 0.0, 0.0, 0.0, 0.0, 0.0, 0.0, 0.0, 0.0, 0.0, 0.0, 0.0, 0.0, 0.0, 0.0], "d proportion": [0.0, 0.0, 0.0, 0.0, 0.0, 0.0, 0.0, 0.0, 0.0, 0.0, -0.016, 0.0, 0.0, 0.0, 0.0, 0.0, 0.0, 0.0, 0.0, 0.0, 0.0, 0.0, 0.0, 0.0, 0.0, 0.0, 0.0, 0.0, 0.0, 0.0, 0.0, 0.0, 0.0, 0.0, 0.0, 0.0, 0.0, 0.0, 0.0, 0.0, 0.0, 0.0, 0.0, 0.0, 0.0, 0.0, 0.0], "Fermi-level/eV": -8.7243, "Coordination numbers": [3.75, 3.801, 3.801, 3.703, 1.699, 3.649, 2.734, 2.779, 0.857, 3.713, 0.913, 2.908, 2.96, 3.804, 3.75, 2.915, 2.906, 2.915, 2.96, 3.804, 3.75, 0.924, 0.924, 0.924, 0.924, 0.924, 0.924, 0.924, 0.924, 0.924, 0.924, 0.924, 0.924, 0.924, 0.924, 0.924, 0.924, 0.924, 0.924, 0.925, 0.925, 0.925, 0.924, 0.924, 0.924, 0.924, 0.924], "Dispersion coefficient C6": [22.522, 21.547, 21.718, 19.313, 19.333, 18.323, 23.389, 22.511, 21.658, 20.626, 104.228, 27.152, 28.116, 21.565, 22.38, 29.023, 28.847, 29.003, 27.886, 21.562, 22.321, 2.496, 2.469, 2.501, 2.532, 2.579, 2.275, 2.341, 2.612, 2.795, 2.629, 2.349, 1.981, 1.992, 2.42, 2.529, 2.455, 2.423, 2.577, 2.437, 2.454, 2.415, 2.31, 2.477, 2.552, 2.464, 2.429], "Total dispersion C6": 21641.564793, "Total dispersion C8": 509659.68596, "Polarizability alpha": [6.768, 6.609, 6.635, 6.283, 5.936, 6.149, 7.183, 7.771, 6.24, 6.489, 15.619, 8.544, 8.697, 6.611, 6.747, 8.834, 8.807, 8.831, 8.662, 6.611, 6.738, 2.471, 2.457, 2.473, 2.489, 2.511, 2.359, 2.393, 2.527, 2.615, 2.536, 2.397, 2.201, 2.207, 2.433, 2.487, 2.45, 2.434, 2.51, 2.441, 2.45, 2.43, 2.377, 2.461, 2.498, 2.455, 2.437], "Total polarizability alpha": 224.263548, "Wiberg matrix": [[0.0, 1.0204189209658798, 0.0, 0.0, 0.0, 0.0, 0.0, 0.0, 0.0, 0.0, 0.0, 0.0, 0.0, 0.0, 0.0, 0.0, 0.0, 0.0, 0.0, 0.0, 0.0, 0.9869750409305366, 0.9873136394973294, 0.9874568104312759, 0.0, 0.0, 0.0, 0.0, 0.0, 0.0, 0.0, 0.0, 0.0, 0.0, 0.0, 0.0, 0.0, 0.0, 0.0, 0.0, 0.0, 0.0, 0.0, 0.0, 0.0, 0.0, 0.0], [1.0204189209658798, 0.0, 1.0071849874237295, 0.0, 0.0, 0.0, 0.0, 0.0, 0.0, 0.0, 0.0, 0.0, 0.0, 0.0, 0.0, 0.0, 0.0, 0.0, 0.0, 0.0, 0.0, 0.0, 0.0, 0.0, 0.9775116173201888, 0.9776741789383561, 0.0, 0.0, 0.0, 0.0, 0.0, 0.0, 0.0, 0.0, 0.0, 0.0, 0.0, 0.0, 0.0, 0.0, 0.0, 0.0, 0.0, 0.0, 0.0, 0.0, 0.0], [0.0, 1.0071849874237295, 0.0, 1.0023403460146372, 0.0, 0.0, 0.0, 0.0, 0.0, 0.0, 0.0, 0.0, 0.0, 0.0, 0.0, 0.0, 0.0, 0.0, 0.0, 0.0, 0.0, 0.0, 0.0, 0.0, 0.0, 0.0, 0.9746798866571927, 0.9747892530647444, 0.0, 0.0, 0.0, 0.0, 0.0, 0.0, 0.0, 0.0, 0.0, 0.0, 0.0, 0.0, 0.0, 0.0, 0.0, 0.0, 0.0, 0.0, 0.0], [0.0, 0.0, 1.0023403460146372, 0.0, 0.9681710111282064, 0.0, 0.0, 0.0, 0.0, 0.0, 0.0, 0.0, 0.0, 0.0, 0.0, 0.0, 0.0, 0.0, 0.0, 0.0, 0.0, 0.0, 0.0, 0.0, 0.0, 0.0, 0.0, 0.0, 0.9688073703681779, 0.9696513875026863, 0.0, 0.0, 0.0, 0.0, 0.0, 0.0, 0.0, 0.0, 0.0, 0.0, 0.0, 0.0, 0.0, 0.0, 0.0, 0.0, 0.0], [0.0, 0.0, 0.0, 0.9681710111282064, 0.0, 0.9780652009974902, 0.0, 0.0, 0.0, 0.0, 0.0, 0.0, 0.0, 0.0, 0.0, 0.0, 0.0, 0.0, 0.0, 0.0, 0.0, 0.0, 0.0, 0.0, 0.0, 0.0, 0.0, 0.0, 0.0, 0.0, 0.0, 0.0, 0.0, 0.0, 0.0, 0.0, 0.0, 0.0, 0.0, 0.0, 0.0, 0.0, 0.0, 0.0, 0.0, 0.0, 0.0], [0.0, 0.0, 0.0, 0.0, 0.9780652009974902, 0.0, 0.985108004100093, 0.0, 0.0, 0.0, 0.0, 0.0, 0.0, 0.0, 0.0, 0.0, 0.0, 0.0, 0.0, 0.0, 0.0, 0.0, 0.0, 0.0, 0.0, 0.0, 0.0, 0.0, 0.0, 0.0, 0.96196655239056, 0.9569284723806352, 0.0, 0.0, 0.0, 0.0, 0.0, 0.0, 0.0, 0.0, 0.0, 0.0, 0.0, 0.0, 0.0, 0.0, 0.0], [0.0, 0.0, 0.0, 0.0, 0.0, 0.985108004100093, 0.0, 1.185512100678197, 0.1886832717885728, 0.0, 0.0, 0.9905467306304095, 0.0, 0.0, 0.0, 0.0, 0.0, 0.0, 0.0, 0.0, 0.0, 0.0, 0.0, 0.0, 0.0, 0.0, 0.0, 0.0, 0.0, 0.0, 0.0, 0.0, 0.0, 0.0, 0.0, 0.0, 0.0, 0.0, 0.0, 0.0, 0.0, 0.0, 0.0, 0.0, 0.0, 0.0, 0.0], [0.0, 0.0, 0.0, 0.0, 0.0, 0.0, 1.185512100678197, 0.0, 1.7205319012903306, 0.970256145258215, 0.0, 0.0, 0.0, 0.0, 0.0, 0.0, 0.0, 0.0, 0.0, 0.0, 0.0, 0.0, 0.0, 0.0, 0.0, 0.0, 0.0, 0.0, 0.0, 0.0, 0.0, 0.0, 0.0, 0.0, 0.0, 0.0, 0.0, 0.0, 0.0, 0.0, 0.0, 0.0, 0.0, 0.0, 0.0, 0.0, 0.0], [0.0, 0.0, 0.0, 0.0, 0.0, 0.0, 0.1886832717885728, 1.7205319012903306, 0.0, 0.0, 0.0, 0.0, 0.0, 0.0, 0.0, 0.0, 0.0, 0.0, 0.0, 0.0, 0.0, 0.0, 0.0, 0.0, 0.0, 0.0, 0.0, 0.0, 0.0, 0.0, 0.0, 0.0, 0.0, 0.0, 0.0, 0.0, 0.0, 0.0, 0.0, 0.0, 0.0, 0.0, 0.0, 0.0, 0.0, 0.0, 0.0], [0.0, 0.0, 0.0, 0.0, 0.0, 0.0, 0.0, 0.970256145258215, 0.0, 0.0, 0.9719648458049007, 0.0, 0.0, 0.0, 0.0, 0.0, 0.0, 0.0, 0.0, 0.0, 0.0, 0.0, 0.0, 0.0, 0.0, 0.0, 0.0, 0.0, 0.0, 0.0, 0.0, 0.0, 0.9603406164943808, 0.9659445378362082, 0.0, 0.0, 0.0, 0.0, 0.0, 0.0, 0.0, 0.0, 0.0, 0.0, 0.0, 0.0, 0.0], [0.0, 0.0, 0.0, 0.0, 0.0, 0.0, 0.0, 0.0, 0.0, 0.9719648458049007, 0.0, 0.0, 0.0, 0.0, 0.0, 0.0, 0.0, 0.0, 0.0, 0.0, 0.0, 0.0, 0.0, 0.0, 0.0, 0.0, 0.0, 0.0, 0.0, 0.0, 0.0, 0.0, 0.0, 0.0, 0.0, 0.0, 0.0, 0.0, 0.0, 0.0, 0.0, 0.0, 0.0, 0.0, 0.0, 0.0, 0.0], [0.0, 0.0, 0.0, 0.0, 0.0, 0.0, 0.9905467306304095, 0.0, 0.0, 0.0, 0.0, 0.0, 1.3716596627116884, 0.0, 0.0, 0.0, 0.0, 0.0, 1.3766717546859477, 0.0, 0.0, 0.0, 0.0, 0.0, 0.0, 0.0, 0.0, 0.0, 0.0, 0.0, 0.0, 0.0, 0.0, 0.0, 0.0, 0.0, 0.0, 0.0, 0.0, 0.0, 0.0, 0.0, 0.0, 0.0, 0.0, 0.0, 0.0], [0.0, 0.0, 0.0, 0.0, 0.0, 0.0, 0.0, 0.0, 0.0, 0.0, 0.0, 1.3716596627116884, 0.0, 1.0105805868984556, 0.0, 1.4116433523461929, 0.0, 0.10764491540386871, 0.0, 0.0, 0.0, 0.0, 0.0, 0.0, 0.0, 0.0, 0.0, 0.0, 0.0, 0.0, 0.0, 0.0, 0.0, 0.0, 0.0, 0.0, 0.0, 0.0, 0.0, 0.0, 0.0, 0.0, 0.0, 0.0, 0.0, 0.0, 0.0], [0.0, 0.0, 0.0, 0.0, 0.0, 0.0, 0.0, 0.0, 0.0, 0.0, 0.0, 0.0, 1.0105805868984556, 0.0, 1.0040663717787381, 0.0, 0.0, 0.0, 0.0, 0.0, 0.0, 0.0, 0.0, 0.0, 0.0, 0.0, 0.0, 0.0, 0.0, 0.0, 0.0, 0.0, 0.0, 0.0, 0.9700791477295755, 0.973010203888405, 0.0, 0.0, 0.0, 0.0, 0.0, 0.0, 0.0, 0.0, 0.0, 0.0, 0.0], [0.0, 0.0, 0.0, 0.0, 0.0, 0.0, 0.0, 0.0, 0.0, 0.0, 0.0, 0.0, 0.0, 1.0040663717787381, 0.0, 0.0, 0.0, 0.0, 0.0, 0.0, 0.0, 0.0, 0.0, 0.0, 0.0, 0.0, 0.0, 0.0, 0.0, 0.0, 0.0, 0.0, 0.0, 0.0, 0.0, 0.0, 0.9869907767445296, 0.9851585177620055, 0.9863158667538956, 0.0, 0.0, 0.0, 0.0, 0.0, 0.0, 0.0, 0.0], [0.0, 0.0, 0.0, 0.0, 0.0, 0.0, 0.0, 0.0, 0.0, 0.0, 0.0, 0.0, 1.4116433523461929, 0.0, 0.0, 0.0, 1.439947450204542, 0.0, 0.10641434985020173, 0.0, 0.0, 0.0, 0.0, 0.0, 0.0, 0.0, 0.0, 0.0, 0.0, 0.0, 0.0, 0.0, 0.0, 0.0, 0.0, 0.0, 0.0, 0.0, 0.0, 0.9683543244442434, 0.0, 0.0, 0.0, 0.0, 0.0, 0.0, 0.0], [0.0, 0.0, 0.0, 0.0, 0.0, 0.0, 0.0, 0.0, 0.0, 0.0, 0.0, 0.0, 0.0, 0.0, 0.0, 1.439947450204542, 0.0, 1.4446289219430095, 0.0, 0.0, 0.0, 0.0, 0.0, 0.0, 0.0, 0.0, 0.0, 0.0, 0.0, 0.0, 0.0, 0.0, 0.0, 0.0, 0.0, 0.0, 0.0, 0.0, 0.0, 0.0, 0.9700163010509424, 0.0, 0.0, 0.0, 0.0, 0.0, 0.0], [0.0, 0.0, 0.0, 0.0, 0.0, 0.0, 0.0, 0.0, 0.0, 0.0, 0.0, 0.0, 0.10764491540386871, 0.0, 0.0, 0.0, 1.4446289219430095, 0.0, 1.4067516924314143, 0.0, 0.0, 0.0, 0.0, 0.0, 0.0, 0.0, 0.0, 0.0, 0.0, 0.0, 0.0, 0.0, 0.0, 0.0, 0.0, 0.0, 0.0, 0.0, 0.0, 0.0, 0.0, 0.9682929945754346, 0.0, 0.0, 0.0, 0.0, 0.0], [0.0, 0.0, 0.0, 0.0, 0.0, 0.0, 0.0, 0.0, 0.0, 0.0, 0.0, 1.3766717546859477, 0.0, 0.0, 0.0, 0.10641434985020173, 0.0, 1.4067516924314143, 0.0, 1.0116839505145716, 0.0, 0.0, 0.0, 0.0, 0.0, 0.0, 0.0, 0.0, 0.0, 0.0, 0.0, 0.0, 0.0, 0.0, 0.0, 0.0, 0.0, 0.0, 0.0, 0.0, 0.0, 0.0, 0.0, 0.0, 0.0, 0.0, 0.0], [0.0, 0.0, 0.0, 0.0, 0.0, 0.0, 0.0, 0.0, 0.0, 0.0, 0.0, 0.0, 0.0, 0.0, 0.0, 0.0, 0.0, 0.0, 1.0116839505145716, 0.0, 1.003632622886997, 0.0, 0.0, 0.0, 0.0, 0.0, 0.0, 0.0, 0.0, 0.0, 0.0, 0.0, 0.0, 0.0, 0.0, 0.0, 0.0, 0.0, 0.0, 0.0, 0.0, 0.0, 0.9722410637250039, 0.9682097520970323, 0.0, 0.0, 0.0], [0.0, 0.0, 0.0, 0.0, 0.0, 0.0, 0.0, 0.0, 0.0, 0.0, 0.0, 0.0, 0.0, 0.0, 0.0, 0.0, 0.0, 0.0, 0.0, 1.003632622886997, 0.0, 0.0, 0.0, 0.0, 0.0, 0.0, 0.0, 0.0, 0.0, 0.0, 0.0, 0.0, 0.0, 0.0, 0.0, 0.0, 0.0, 0.0, 0.0, 0.0, 0.0, 0.0, 0.0, 0.0, 0.9872982234440979, 0.9854120352289997, 0.9861993260462899], [0.9869750409305366, 0.0, 0.0, 0.0, 0.0, 0.0, 0.0, 0.0, 0.0, 0.0, 0.0, 0.0, 0.0, 0.0, 0.0, 0.0, 0.0, 0.0, 0.0, 0.0, 0.0, 0.0, 0.0, 0.0, 0.0, 0.0, 0.0, 0.0, 0.0, 0.0, 0.0, 0.0, 0.0, 0.0, 0.0, 0.0, 0.0, 0.0, 0.0, 0.0, 0.0, 0.0, 0.0, 0.0, 0.0, 0.0, 0.0], [0.9873136394973294, 0.0, 0.0, 0.0, 0.0, 0.0, 0.0, 0.0, 0.0, 0.0, 0.0, 0.0, 0.0, 0.0, 0.0, 0.0, 0.0, 0.0, 0.0, 0.0, 0.0, 0.0, 0.0, 0.0, 0.0, 0.0, 0.0, 0.0, 0.0, 0.0, 0.0, 0.0, 0.0, 0.0, 0.0, 0.0, 0.0, 0.0, 0.0, 0.0, 0.0, 0.0, 0.0, 0.0, 0.0, 0.0, 0.0], [0.9874568104312759, 0.0, 0.0, 0.0, 0.0, 0.0, 0.0, 0.0, 0.0, 0.0, 0.0, 0.0, 0.0, 0.0, 0.0, 0.0, 0.0, 0.0, 0.0, 0.0, 0.0, 0.0, 0.0, 0.0, 0.0, 0.0, 0.0, 0.0, 0.0, 0.0, 0.0, 0.0, 0.0, 0.0, 0.0, 0.0, 0.0, 0.0, 0.0, 0.0, 0.0, 0.0, 0.0, 0.0, 0.0, 0.0, 0.0], [0.0, 0.9775116173201888, 0.0, 0.0, 0.0, 0.0, 0.0, 0.0, 0.0, 0.0, 0.0, 0.0, 0.0, 0.0, 0.0, 0.0, 0.0, 0.0, 0.0, 0.0, 0.0, 0.0, 0.0, 0.0, 0.0, 0.0, 0.0, 0.0, 0.0, 0.0, 0.0, 0.0, 0.0, 0.0, 0.0, 0.0, 0.0, 0.0, 0.0, 0.0, 0.0, 0.0, 0.0, 0.0, 0.0, 0.0, 0.0], [0.0, 0.9776741789383561, 0.0, 0.0, 0.0, 0.0, 0.0, 0.0, 0.0, 0.0, 0.0, 0.0, 0.0, 0.0, 0.0, 0.0, 0.0, 0.0, 0.0, 0.0, 0.0, 0.0, 0.0, 0.0, 0.0, 0.0, 0.0, 0.0, 0.0, 0.0, 0.0, 0.0, 0.0, 0.0, 0.0, 0.0, 0.0, 0.0, 0.0, 0.0, 0.0, 0.0, 0.0, 0.0, 0.0, 0.0, 0.0], [0.0, 0.0, 0.9746798866571927, 0.0, 0.0, 0.0, 0.0, 0.0, 0.0, 0.0, 0.0, 0.0, 0.0, 0.0, 0.0, 0.0, 0.0, 0.0, 0.0, 0.0, 0.0, 0.0, 0.0, 0.0, 0.0, 0.0, 0.0, 0.0, 0.0, 0.0, 0.0, 0.0, 0.0, 0.0, 0.0, 0.0, 0.0, 0.0, 0.0, 0.0, 0.0, 0.0, 0.0, 0.0, 0.0, 0.0, 0.0], [0.0, 0.0, 0.9747892530647444, 0.0, 0.0, 0.0, 0.0, 0.0, 0.0, 0.0, 0.0, 0.0, 0.0, 0.0, 0.0, 0.0, 0.0, 0.0, 0.0, 0.0, 0.0, 0.0, 0.0, 0.0, 0.0, 0.0, 0.0, 0.0, 0.0, 0.0, 0.0, 0.0, 0.0, 0.0, 0.0, 0.0, 0.0, 0.0, 0.0, 0.0, 0.0, 0.0, 0.0, 0.0, 0.0, 0.0, 0.0], [0.0, 0.0, 0.0, 0.9688073703681779, 0.0, 0.0, 0.0, 0.0, 0.0, 0.0, 0.0, 0.0, 0.0, 0.0, 0.0, 0.0, 0.0, 0.0, 0.0, 0.0, 0.0, 0.0, 0.0, 0.0, 0.0, 0.0, 0.0, 0.0, 0.0, 0.0, 0.0, 0.0, 0.0, 0.0, 0.0, 0.0, 0.0, 0.0, 0.0, 0.0, 0.0, 0.0, 0.0, 0.0, 0.0, 0.0, 0.0], [0.0, 0.0, 0.0, 0.9696513875026863, 0.0, 0.0, 0.0, 0.0, 0.0, 0.0, 0.0, 0.0, 0.0, 0.0, 0.0, 0.0, 0.0, 0.0, 0.0, 0.0, 0.0, 0.0, 0.0, 0.0, 0.0, 0.0, 0.0, 0.0, 0.0, 0.0, 0.0, 0.0, 0.0, 0.0, 0.0, 0.0, 0.0, 0.0, 0.0, 0.0, 0.0, 0.0, 0.0, 0.0, 0.0, 0.0, 0.0], [0.0, 0.0, 0.0, 0.0, 0.0, 0.96196655239056, 0.0, 0.0, 0.0, 0.0, 0.0, 0.0, 0.0, 0.0, 0.0, 0.0, 0.0, 0.0, 0.0, 0.0, 0.0, 0.0, 0.0, 0.0, 0.0, 0.0, 0.0, 0.0, 0.0, 0.0, 0.0, 0.0, 0.0, 0.0, 0.0, 0.0, 0.0, 0.0, 0.0, 0.0, 0.0, 0.0, 0.0, 0.0, 0.0, 0.0, 0.0], [0.0, 0.0, 0.0, 0.0, 0.0, 0.9569284723806352, 0.0, 0.0, 0.0, 0.0, 0.0, 0.0, 0.0, 0.0, 0.0, 0.0, 0.0, 0.0, 0.0, 0.0, 0.0, 0.0, 0.0, 0.0, 0.0, 0.0, 0.0, 0.0, 0.0, 0.0, 0.0, 0.0, 0.0, 0.0, 0.0, 0.0, 0.0, 0.0, 0.0, 0.0, 0.0, 0.0, 0.0, 0.0, 0.0, 0.0, 0.0], [0.0, 0.0, 0.0, 0.0, 0.0, 0.0, 0.0, 0.0, 0.0, 0.9603406164943808, 0.0, 0.0, 0.0, 0.0, 0.0, 0.0, 0.0, 0.0, 0.0, 0.0, 0.0, 0.0, 0.0, 0.0, 0.0, 0.0, 0.0, 0.0, 0.0, 0.0, 0.0, 0.0, 0.0, 0.0, 0.0, 0.0, 0.0, 0.0, 0.0, 0.0, 0.0, 0.0, 0.0, 0.0, 0.0, 0.0, 0.0], [0.0, 0.0, 0.0, 0.0, 0.0, 0.0, 0.0, 0.0, 0.0, 0.9659445378362082, 0.0, 0.0, 0.0, 0.0, 0.0, 0.0, 0.0, 0.0, 0.0, 0.0, 0.0, 0.0, 0.0, 0.0, 0.0, 0.0, 0.0, 0.0, 0.0, 0.0, 0.0, 0.0, 0.0, 0.0, 0.0, 0.0, 0.0, 0.0, 0.0, 0.0, 0.0, 0.0, 0.0, 0.0, 0.0, 0.0, 0.0], [0.0, 0.0, 0.0, 0.0, 0.0, 0.0, 0.0, 0.0, 0.0, 0.0, 0.0, 0.0, 0.0, 0.9700791477295755, 0.0, 0.0, 0.0, 0.0, 0.0, 0.0, 0.0, 0.0, 0.0, 0.0, 0.0, 0.0, 0.0, 0.0, 0.0, 0.0, 0.0, 0.0, 0.0, 0.0, 0.0, 0.0, 0.0, 0.0, 0.0, 0.0, 0.0, 0.0, 0.0, 0.0, 0.0, 0.0, 0.0], [0.0, 0.0, 0.0, 0.0, 0.0, 0.0, 0.0, 0.0, 0.0, 0.0, 0.0, 0.0, 0.0, 0.973010203888405, 0.0, 0.0, 0.0, 0.0, 0.0, 0.0, 0.0, 0.0, 0.0, 0.0, 0.0, 0.0, 0.0, 0.0, 0.0, 0.0, 0.0, 0.0, 0.0, 0.0, 0.0, 0.0, 0.0, 0.0, 0.0, 0.0, 0.0, 0.0, 0.0, 0.0, 0.0, 0.0, 0.0], [0.0, 0.0, 0.0, 0.0, 0.0, 0.0, 0.0, 0.0, 0.0, 0.0, 0.0, 0.0, 0.0, 0.0, 0.9869907767445296, 0.0, 0.0, 0.0, 0.0, 0.0, 0.0, 0.0, 0.0, 0.0, 0.0, 0.0, 0.0, 0.0, 0.0, 0.0, 0.0, 0.0, 0.0, 0.0, 0.0, 0.0, 0.0, 0.0, 0.0, 0.0, 0.0, 0.0, 0.0, 0.0, 0.0, 0.0, 0.0], [0.0, 0.0, 0.0, 0.0, 0.0, 0.0, 0.0, 0.0, 0.0, 0.0, 0.0, 0.0, 0.0, 0.0, 0.9851585177620055, 0.0, 0.0, 0.0, 0.0, 0.0, 0.0, 0.0, 0.0, 0.0, 0.0, 0.0, 0.0, 0.0, 0.0, 0.0, 0.0, 0.0, 0.0, 0.0, 0.0, 0.0, 0.0, 0.0, 0.0, 0.0, 0.0, 0.0, 0.0, 0.0, 0.0, 0.0, 0.0], [0.0, 0.0, 0.0, 0.0, 0.0, 0.0, 0.0, 0.0, 0.0, 0.0, 0.0, 0.0, 0.0, 0.0, 0.9863158667538956, 0.0, 0.0, 0.0, 0.0, 0.0, 0.0, 0.0, 0.0, 0.0, 0.0, 0.0, 0.0, 0.0, 0.0, 0.0, 0.0, 0.0, 0.0, 0.0, 0.0, 0.0, 0.0, 0.0, 0.0, 0.0, 0.0, 0.0, 0.0, 0.0, 0.0, 0.0, 0.0], [0.0, 0.0, 0.0, 0.0, 0.0, 0.0, 0.0, 0.0, 0.0, 0.0, 0.0, 0.0, 0.0, 0.0, 0.0, 0.9683543244442434, 0.0, 0.0, 0.0, 0.0, 0.0, 0.0, 0.0, 0.0, 0.0, 0.0, 0.0, 0.0, 0.0, 0.0, 0.0, 0.0, 0.0, 0.0, 0.0, 0.0, 0.0, 0.0, 0.0, 0.0, 0.0, 0.0, 0.0, 0.0, 0.0, 0.0, 0.0], [0.0, 0.0, 0.0, 0.0, 0.0, 0.0, 0.0, 0.0, 0.0, 0.0, 0.0, 0.0, 0.0, 0.0, 0.0, 0.0, 0.9700163010509424, 0.0, 0.0, 0.0, 0.0, 0.0, 0.0, 0.0, 0.0, 0.0, 0.0, 0.0, 0.0, 0.0, 0.0, 0.0, 0.0, 0.0, 0.0, 0.0, 0.0, 0.0, 0.0, 0.0, 0.0, 0.0, 0.0, 0.0, 0.0, 0.0, 0.0], [0.0, 0.0, 0.0, 0.0, 0.0, 0.0, 0.0, 0.0, 0.0, 0.0, 0.0, 0.0, 0.0, 0.0, 0.0, 0.0, 0.0, 0.9682929945754346, 0.0, 0.0, 0.0, 0.0, 0.0, 0.0, 0.0, 0.0, 0.0, 0.0, 0.0, 0.0, 0.0, 0.0, 0.0, 0.0, 0.0, 0.0, 0.0, 0.0, 0.0, 0.0, 0.0, 0.0, 0.0, 0.0, 0.0, 0.0, 0.0], [0.0, 0.0, 0.0, 0.0, 0.0, 0.0, 0.0, 0.0, 0.0, 0.0, 0.0, 0.0, 0.0, 0.0, 0.0, 0.0, 0.0, 0.0, 0.0, 0.9722410637250039, 0.0, 0.0, 0.0, 0.0, 0.0, 0.0, 0.0, 0.0, 0.0, 0.0, 0.0, 0.0, 0.0, 0.0, 0.0, 0.0, 0.0, 0.0, 0.0, 0.0, 0.0, 0.0, 0.0, 0.0, 0.0, 0.0, 0.0], [0.0, 0.0, 0.0, 0.0, 0.0, 0.0, 0.0, 0.0, 0.0, 0.0, 0.0, 0.0, 0.0, 0.0, 0.0, 0.0, 0.0, 0.0, 0.0, 0.9682097520970323, 0.0, 0.0, 0.0, 0.0, 0.0, 0.0, 0.0, 0.0, 0.0, 0.0, 0.0, 0.0, 0.0, 0.0, 0.0, 0.0, 0.0, 0.0, 0.0, 0.0, 0.0, 0.0, 0.0, 0.0, 0.0, 0.0, 0.0], [0.0, 0.0, 0.0, 0.0, 0.0, 0.0, 0.0, 0.0, 0.0, 0.0, 0.0, 0.0, 0.0, 0.0, 0.0, 0.0, 0.0, 0.0, 0.0, 0.0, 0.9872982234440979, 0.0, 0.0, 0.0, 0.0, 0.0, 0.0, 0.0, 0.0, 0.0, 0.0, 0.0, 0.0, 0.0, 0.0, 0.0, 0.0, 0.0, 0.0, 0.0, 0.0, 0.0, 0.0, 0.0, 0.0, 0.0, 0.0], [0.0, 0.0, 0.0, 0.0, 0.0, 0.0, 0.0, 0.0, 0.0, 0.0, 0.0, 0.0, 0.0, 0.0, 0.0, 0.0, 0.0, 0.0, 0.0, 0.0, 0.9854120352289997, 0.0, 0.0, 0.0, 0.0, 0.0, 0.0, 0.0, 0.0, 0.0, 0.0, 0.0, 0.0, 0.0, 0.0, 0.0, 0.0, 0.0, 0.0, 0.0, 0.0, 0.0, 0.0, 0.0, 0.0, 0.0, 0.0], [0.0, 0.0, 0.0, 0.0, 0.0, 0.0, 0.0, 0.0, 0.0, 0.0, 0.0, 0.0, 0.0, 0.0, 0.0, 0.0, 0.0, 0.0, 0.0, 0.0, 0.9861993260462899, 0.0, 0.0, 0.0, 0.0, 0.0, 0.0, 0.0, 0.0, 0.0, 0.0, 0.0, 0.0, 0.0, 0.0, 0.0, 0.0, 0.0, 0.0, 0.0, 0.0, 0.0, 0.0, 0.0, 0.0, 0.0, 0.0]], "Born radii": [], "Atomic SASAs": [], "Solvent H bonds": [], "Total SASA": NaN, "Total FOD": 0.0, "FOD": [0.0, 0.0, 0.0, 0.0, 0.0, 0.0, 0.0, 0.0, 0.0, 0.0, 0.0, 0.0, 0.0, 0.0, 0.0, 0.0, 0.0, 0.0, 0.0, 0.0, 0.0, 0.0, 0.0, 0.0, 0.0, 0.0, 0.0, 0.0, 0.0, 0.0, 0.0, 0.0, 0.0, 0.0, 0.0, 0.0, 0.0, 0.0, 0.0, 0.0, 0.0, 0.0, 0.0, 0.0, 0.0, 0.0, 0.0], "FOD s proportion": [0.0, 0.0, 0.0, 0.0, 0.0, 0.0, 0.0, 0.0, 0.0, 0.0, 0.0, 0.0, 0.0, 0.0, 0.0, 0.0, 0.0, 0.0, 0.0, 0.0, 0.0, 0.0, 0.0, 0.0, 0.0, 0.0, 0.0, 0.0, 0.0, 0.0, 0.0, 0.0, 0.0, 0.0, 0.0, 0.0, 0.0, 0.0, 0.0, 0.0, 0.0, 0.0, 0.0, 0.0, 0.0, 0.0, 0.0], "FOD p proportion": [0.0, 0.0, 0.0, 0.0, 0.0, 0.0, 0.0, 0.0, 0.0, 0.0, 0.0, 0.0, 0.0, 0.0, 0.0, 0.0, 0.0, 0.0, 0.0, 0.0, 0.0, 0.0, 0.0, 0.0, 0.0, 0.0, 0.0, 0.0, 0.0, 0.0, 0.0, 0.0, 0.0, 0.0, 0.0, 0.0, 0.0, 0.0, 0.0, 0.0, 0.0, 0.0, 0.0, 0.0, 0.0, 0.0, 0.0], "FOD d proportion": [0.0, 0.0, 0.0, 0.0, 0.0, 0.0, 0.0, 0.0, 0.0, 0.0, 0.0, 0.0, 0.0, 0.0, 0.0, 0.0, 0.0, 0.0, 0.0, 0.0, 0.0, 0.0, 0.0, 0.0, 0.0, 0.0, 0.0, 0.0, 0.0, 0.0, 0.0, 0.0, 0.0, 0.0, 0.0, 0.0, 0.0, 0.0, 0.0, 0.0, 0.0, 0.0, 0.0, 0.0, 0.0, 0.0, 0.0], "coordinates": [["5.77780", "-2.11090", "-0.86310"], ["4.94830", "-0.84120", "-0.75860"], ["3.52530", "-1.13980", "-0.29590"], ["2.68890", "0.12980", "-0.19050"], ["1.38210", "-0.23520", "0.24240"], ["0.52170", "0.89580", "0.32240"], ["-0.72350", "0.47020", "0.93270"], ["-0.80420", "0.40740", "2.32690"], ["0.12950", "0.77410", "3.04430"], ["-2.11870", "-0.12440", "2.89240"], ["-1.99220", "-0.45870", "4.63540"], ["-1.85430", "0.34480", "0.08770"], ["-2.72960", "1.44330", "-0.08300"], ["-2.49970", "2.80060", "0.54810"], ["-1.85440", "3.78180", "-0.42030"], ["-3.85550", "1.29070", "-0.90960"], ["-4.11230", "0.08370", "-1.55250"], ["-3.24430", "-0.99080", "-1.38490"], ["-2.10620", "-0.88050", "-0.56810"], ["-1.21190", "-2.09440", "-0.43270"], ["-0.35280", "-2.31590", "-1.67020"], ["6.79320", "-1.87410", "-1.19600"], ["5.84700", "-2.61520", "0.10600"], ["5.33820", "-2.80850", "-1.58320"], ["5.43170", "-0.15260", "-0.05590"], ["4.92590", "-0.34490", "-1.73580"], ["3.54030", "-1.64630", "0.67730"], ["3.03910", "-1.83790", "-0.98910"], ["3.13600", "0.81970", "0.53430"], ["2.62760", "0.62530", "-1.16640"], ["0.34140", "1.28680", "-0.68580"], ["0.98090", "1.68230", "0.93260"], ["-2.91060", "0.61620", "2.76020"], ["-2.39160", "-1.06540", "2.40980"], ["-3.46270", "3.20310", "0.88780"], ["-1.88610", "2.72520", "1.45030"], ["-2.48050", "3.94130", "-1.30460"], ["-1.70750", "4.75080", "0.06710"], ["-0.87840", "3.42330", "-0.76140"], ["-4.54090", "2.12280", "-1.06160"], ["-4.98740", "-0.01860", "-2.18960"], ["-3.46000", "-1.92670", "-1.89770"], ["-0.57490", "-2.02450", "0.45430"], ["-1.84040", "-2.97830", "-0.26330"], ["-0.96940", "-2.53000", "-2.54970"], ["0.31790", "-3.16720", "-1.51650"], ["0.25710", "-1.43690", "-1.90030"]], "bond_dist": [[0.0, 1.5202396488711905, 2.5176392315024008, 3.874845862740865, 4.9053602548640605, 6.170270848998446, 7.221764087811232, 7.735674430196762, 7.449449150776183, 8.966865380387954, 9.661064490520701, 8.0736257988589, 9.252931881841562, 9.727863277205328, 9.65248475626872, 10.216335629764716, 10.154093732578994, 9.106326792950053, 7.984883540791312, 7.00295812496405, 6.186896780293009, 1.0945016263121765, 1.0946515153234841, 1.094731898685701, 2.1462283056562272, 2.1461814694941337, 2.755919369284958, 2.755155656219808, 4.185719813843253, 4.183603873456473, 6.413286641028919, 6.3736296048640915, 9.800697519054447, 8.862507603381786, 10.80236488274674, 9.352809523346448, 10.24810060352649, 10.196956164463982, 8.656945822286287, 11.155231401902876, 11.046576509489263, 9.297380041710676, 6.488436253058206, 7.690846119901242, 6.967422206957176, 5.5993936511018765, 5.657577956157564], [1.5202396488711905, 0.0, 1.5258382122623613, 2.523978401254654, 3.7532678348340656, 4.8765272028360505, 6.062143258782325, 6.646094225934506, 6.347603952673795, 7.986619575264618, 8.798413635423149, 6.956880511407394, 8.039000187834304, 8.393025445570863, 8.231846887545952, 9.05950843313256, 9.142220166896005, 8.21786630519139, 7.057181093751243, 6.294822085651031, 5.5774022501519465, 2.159133432653017, 2.1684720081200037, 2.16846869011291, 1.0961901340552196, 1.0962368767743584, 2.166208397176966, 2.1660068744119902, 2.777518768613454, 2.7753507129730464, 5.075156298085803, 4.996846250386337, 8.73317109702999, 7.997696931617252, 9.476914922589524, 8.019193945154337, 8.851976710882152, 8.732234429400071, 7.2205540632281116, 9.945955039110121, 10.071870047314947, 8.554260222251834, 5.77728859760355, 7.134351140082747, 6.409310254621787, 5.236916322608181, 4.864739953995485], [2.5176392315024008, 1.5258382122623613, 0.0, 1.5239941863406172, 2.3877550732853656, 3.6807030863681467, 4.706788650449476, 5.293153873637154, 5.133362142884525, 6.561328375413016, 7.431313689382248, 5.593861124482802, 6.770635570609306, 7.248428323436744, 7.29237917349338, 7.794880793187283, 7.836384980971776, 6.858250954871804, 5.644034158294933, 4.83436027205255, 4.279202181481963, 3.468219559082152, 2.780039506913526, 2.7799833434752803, 2.160214063466859, 2.1602912720279184, 1.09721715717537, 1.0973879396093253, 2.1634294025920973, 2.163148989320893, 4.022142312251022, 3.9934235963644027, 7.33785336593748, 6.506616129755927, 8.31228428893045, 6.875368310134375, 7.931247476910553, 7.887530234490389, 6.358549012943126, 8.73466872239583, 8.792567908182455, 7.20967342811032, 4.2611188870999595, 5.672026225256721, 5.216761310430064, 3.985928985819993, 3.6528754440851117], [3.874845862740865, 2.523978401254654, 1.5239941863406172, 0.0, 1.424202812102265, 2.3551174599157467, 3.6085903286463537, 4.314639281562249, 4.174875074777687, 5.716809233304886, 6.748951049607635, 4.556784664651161, 5.576466690477044, 5.8821996361905295, 5.833651252003329, 6.685354514160038, 6.93638887678596, 6.155095284396498, 4.914903036683429, 4.4968841568357085, 4.174074684286326, 4.676742878328891, 4.194822148792485, 4.19428309368836, 2.7605830471116066, 2.7599748513347007, 2.1523220042549394, 2.152265153274568, 1.0959906295219863, 1.0962019658803754, 2.6635929381194865, 2.566880180296696, 6.34804030390482, 5.831084237086616, 6.960609624163677, 5.509895715891545, 6.518546419256366, 6.383441996290089, 4.888629496085789, 7.54989220121718, 7.9337257993958925, 6.704677121234101, 3.9634790235347532, 5.493645778533596, 5.101325275847444, 4.272016619817858, 3.360300011903699], [4.9053602548640605, 3.7532678348340656, 2.3877550732853656, 1.424202812102265, 0.0, 1.4233232802143019, 2.3254364343064724, 3.0883624625357693, 3.2308415095761043, 4.392081201435146, 5.5438526080695905, 3.291597947805898, 4.453012946309498, 4.937398644022984, 5.200999186694803, 5.575654990223122, 5.788937258253885, 4.962117855311379, 3.638895331003627, 3.2620883878276508, 3.31620705927721, 5.833951575047567, 5.061456012848477, 5.060179390100711, 4.061411800101043, 4.060028050395712, 2.6149891892701964, 2.6135968587370164, 2.0674101745904223, 2.067957431863625, 2.064242168448266, 2.077051691701485, 5.048908009659119, 4.430312233917605, 5.975829238691481, 4.572102558998431, 5.8954253459780155, 5.868266715990335, 4.416117858481587, 6.507112185908585, 6.82144191575359, 5.557619334751167, 2.660140052703993, 4.262022565637118, 4.31178405071497, 3.5809041944737925, 2.7020124315036007], [6.170270848998446, 4.8765272028360505, 3.6807030863681467, 2.3551174599157467, 1.4233232802143019, 0.0, 1.450560060804102, 2.4524611352679986, 2.7527025520386323, 3.823273492702294, 5.172652362183253, 2.4503185690844367, 3.3219056428502003, 3.578835214144401, 3.8113580912845224, 4.564389318408324, 5.064455787150284, 4.54498502197752, 3.29455465123892, 3.5379147827498616, 3.8794615476893184, 7.022079237661734, 6.3822229708777805, 6.368031257775043, 5.03491345010021, 5.017220482498253, 3.962344303565756, 3.940869282277706, 2.6239773836677784, 2.593166115003048, 1.0962920824305902, 1.09626225420745, 4.219209438982616, 4.085445029614277, 4.638831082287865, 3.227439172161111, 4.575522275106963, 4.460441203513392, 3.0859615519315855, 5.389889030397565, 6.123434834306641, 5.361835986861217, 3.122191739787933, 4.575064120862133, 4.712583501647478, 4.464421199886946, 3.232939489071826], [7.221764087811232, 6.062143258782325, 4.706788650449476, 3.6085903286463537, 2.3254364343064724, 1.450560060804102, 0.0, 1.3979449095010863, 2.2975680120510034, 2.4780145863170375, 4.022740631708686, 1.4172010443123444, 2.4501035304656007, 2.9552610307720704, 3.7518313354947073, 3.725146109886161, 4.22013823588754, 3.722932097151384, 2.4471719228529896, 2.9461881949393525, 3.830778003225977, 8.156462779293484, 7.305791969389768, 7.336472816687867, 6.265117464182136, 6.3008730045923, 4.767052742523414, 4.814332727388085, 3.89571727156887, 3.9572904909799083, 2.102472311351567, 2.0914506401060486, 2.8538533003642637, 2.7060024722826843, 3.8696220823227687, 2.5893191228583627, 4.487883186982478, 4.476723770794888, 3.4080446637331496, 4.613118469105253, 5.307402937407334, 4.609200149700596, 2.5444992847316743, 3.8170713721385927, 4.603126829666982, 4.507080358724481, 3.553096645181496], [7.735674430196762, 6.646094225934506, 5.293153873637154, 4.314639281562249, 3.0883624625357693, 2.4524611352679986, 1.3979449095010863, 0.0, 1.233258829281185, 1.5266013690548033, 2.7369043571159, 2.4739938176963987, 3.2539010402899473, 3.4301976517396193, 4.476226450929399, 4.534929197903756, 5.10862522211211, 4.656877761977439, 3.4256262799669206, 3.7470808224536607, 4.857667471122329, 8.679663208903904, 7.635900013096033, 7.959897774469217, 6.69908834469288, 7.064384799117331, 5.080703110790868, 5.55051195656761, 4.348399945957134, 4.9018237973227885, 3.3409736619734076, 2.5992353702579534, 2.1606173400211337, 2.166991234407744, 4.117592688695666, 2.7039105033266173, 5.337248649819493, 4.97873181543252, 4.317262482175482, 5.327988016127664, 6.170851682709608, 5.508951044436682, 3.077880254330893, 4.387004783448498, 5.695334701314752, 5.367364076527695, 4.732548998161562], [7.449449150776183, 6.347603952673795, 5.133362142884525, 4.174875074777687, 3.2308415095761043, 2.7527025520386323, 2.2975680120510034, 1.233258829281185, 0.0, 2.4258563642557243, 2.924552263167817, 3.586257727771388, 4.289788659129957, 4.153361208707954, 4.99855695776291, 5.637413038797139, 6.292860211382421, 5.8408228093308905, 4.559110594183914, 4.702890091209872, 5.657492690229479, 8.330546501880892, 7.267101735217418, 7.834496454782527, 6.211548741658556, 6.863451753308972, 4.805682240847807, 5.617528969217693, 3.916787154033264, 4.898228204157091, 3.7711283338014367, 2.4513233344461107, 3.057425915700984, 3.1846971143265725, 4.842977812255596, 3.226495090651774, 5.979647736280123, 5.296454637774216, 4.745258216367156, 6.363178660072339, 7.362387392008111, 6.67848747022857, 3.8776850465193795, 5.375986377400895, 6.5891952482833585, 6.030774153456585, 5.4179213652470075], [8.966865380387954, 7.986619575264618, 6.561328375413016, 5.716809233304886, 4.392081201435146, 3.823273492702294, 2.4780145863170375, 1.5266013690548033, 2.4258563642557243, 0.0, 1.779271688079142, 2.8559408414741365, 3.4181701625284835, 3.7678280865771994, 5.128570387544662, 4.41295663359612, 4.875949402936826, 4.506985645639444, 3.5421608814394636, 3.969820682348259, 5.360820256266759, 9.95984067442848, 8.798891185257379, 9.101689171796629, 8.10566519725556, 8.431799609217478, 6.264752877807711, 6.678699374878315, 5.836422920762339, 6.289934118891866, 4.565861659095685, 4.088092598021723, 1.0922778080689912, 1.0921804658571768, 4.1105976949830545, 3.202182900772534, 5.854538814458403, 5.649688537432837, 5.241638467120753, 5.152773688024732, 5.836724880444511, 5.290787180562075, 3.455145447010878, 4.263876005467326, 6.060053981607755, 5.885070144866584, 5.507908421533531], [9.661064490520701, 8.798413635423149, 7.431313689382248, 6.748951049607635, 5.5438526080695905, 5.172652362183253, 4.022740631708686, 2.7369043571159, 2.924552263167817, 1.779271688079142, 0.0, 4.62019522855907, 5.140492322725518, 5.252296072195474, 6.600070573865101, 6.105678688729043, 6.563469218332634, 6.172106359258563, 5.22181228023375, 5.382380531883638, 6.774763136818881, 10.639165205973633, 9.306933611560792, 9.895822864219022, 8.787279676327595, 9.405596604681705, 6.905469254149207, 7.671451790893299, 6.689675852386272, 7.495231235925948, 6.0669290955144675, 5.20902413605466, 2.3484555797374576, 2.341132335003726, 5.442026759397642, 4.504812807431625, 7.408241146858004, 6.934645573495447, 6.740617529573978, 6.75394869243171, 7.466293327347914, 6.85498770604295, 4.68423591848233, 5.5107793541385774, 7.54732174615605, 7.1076302569843905, 6.980802261918039], [8.0736257988589, 6.956880511407394, 5.593861124482802, 4.556784664651161, 3.291597947805898, 2.4503185690844367, 1.4172010443123444, 2.4739938176963987, 3.586257727771388, 2.8559408414741365, 4.62019522855907, 0.0, 1.4149172519974444, 2.580593528628637, 3.474339219189744, 2.4277840801850563, 2.803032866378844, 2.425794327637856, 1.4124048074118127, 2.575498118811194, 3.5247750495599006, 9.01946002541172, 8.250573106154507, 8.029150885990372, 7.304370179556893, 7.054923839418821, 5.780468538968099, 5.46525764168534, 5.032700632861049, 4.662496613403596, 2.5113272865160368, 3.246709303279245, 2.886465641576217, 2.769386888825756, 3.375942751291852, 2.7429900036274284, 3.90710096874908, 4.408493007820246, 3.3392385164884524, 3.4205254055481005, 3.8903046744438923, 3.4175719304792986, 2.7175066531657284, 3.3416145528770973, 4.000425203650232, 4.43013030056679, 3.403617024578412], [9.252931881841562, 8.039000187834304, 6.770635570609306, 5.576466690477044, 4.453012946309498, 3.3219056428502003, 2.4501035304656007, 3.2539010402899473, 4.289788659129957, 3.4181701625284835, 5.140492322725518, 1.4149172519974444, 0.0, 1.5143990590329883, 2.519588970447362, 1.4050641017405576, 2.433064261379054, 2.8079712445108833, 2.4543830202313575, 3.865362165438059, 4.722284057529788, 10.145325603449109, 9.4902692696256, 9.242175075164937, 8.315915398198808, 8.033435586970247, 7.03102625937352, 6.698148276949384, 5.930868368965881, 5.526524350801325, 3.1335125801566526, 3.854396789382225, 2.96658754295234, 3.5527273368498187,