{"total energy": -27.21685033, "HOMO-LUMO gap/eV": 11.84333453, "electronic energy": -27.56141853, "dipole": [0.49062121, 0.41070604, -0.25115522], "partial charges": [-0.10028688, -0.05275475, -0.05790012, -0.06369747, 0.11566327, -0.44909978, -0.06831186, -0.09981088, 0.03188624, 0.03106814, 0.03399348, 0.03001409, 0.02677726, 0.02853144, 0.04831171, 0.04601131, 0.02926434, 0.01072243, 0.28455736, 0.04467932, 0.03036829, 0.02991337, 0.03413207, 0.03596763], "atomic dipole moments": [[0.08830179, 0.01054999, 0.05071803], [-0.00484378, -0.03668741, -0.10486543], [0.01775257, 0.04436076, 0.11238222], [0.01594544, -0.0235207, -0.11049771], [-0.00417678, -0.17512963, 0.03054184], [0.11385614, 0.2051175, -0.03855157], [-0.01007524, -0.02727676, -0.11104433], [-0.08610201, 0.01556046, 0.05533428], [-0.00216596, 0.07215396, -0.10289551], [-0.09509356, 0.03462701, 0.07223041], [-0.02005972, -0.11964607, -0.03488847], [-0.00747805, -0.06780521, 0.10318173], [0.00970496, 0.11663492, 0.03662527], [0.00399591, 0.06769256, -0.10318135], [-0.01527464, -0.12064558, -0.03908504], [-0.00858114, -0.07363343, 0.10344581], [0.00925689, 0.11656592, 0.04136977], [-0.00246417, 0.05663995, -0.10637724], [0.05350685, -0.00373375, -0.05664631], [0.01051502, -0.07589285, 0.10180986], [0.00674182, 0.1167423, 0.04211671], [0.00190977, 0.0705162, -0.10377728], [0.01287056, -0.12038928, -0.0321962], [0.10229573, 0.0296329, 0.06744533]], "atomic quadrupole moments": [[0.15107552, 0.02544745, -0.12445925, 0.14463448, 0.02202448, -0.02661627], [0.22687014, -0.03953439, -0.20319175, 0.01009805, 0.07721962, -0.02367839], [0.23424035, -0.048316, -0.22626993, 0.00758967, 0.07171015, -0.00797042], [0.22890137, -0.03608728, -0.2088089, -0.01537491, 0.08529985, -0.02009246], [-0.0283773, 0.023649, 0.23894982, 0.00055325, 0.21631154, -0.21057252], [-0.06882117, 0.03410015, 0.1528123, -0.02481088, 0.05755222, -0.08399113], [0.22552533, 0.00046835, -0.20079026, -0.01285078, 0.08543206, -0.02473506], [0.11847134, -0.04152231, -0.1146696, -0.15568098, 0.03385857, -0.00380173], [-0.0332378, 0.0149583, -0.00246265, -0.00170024, -0.06046787, 0.03570046], [0.03135375, -0.02563255, -0.04276007, -0.04936723, 0.02815252, 0.01140632], [-0.03584955, 0.00335584, 0.07305241, 0.01320752, 0.02831729, -0.03720286], [-0.01746678, -0.00088495, 0.00164987, -0.00133487, -0.04749389, 0.01581692], [-0.01592624, 0.01032124, 0.05272351, 0.00188559, 0.01735988, -0.03679726], [-0.02077517, 0.00134467, 0.00310747, -0.00370392, -0.04812584, 0.0176677], [-0.01802808, 0.00592911, 0.05001828, 0.00057553, 0.01423841, -0.0319902], [-0.01541764, 0.0040877, 0.00082421, 0.00521902, -0.05017829, 0.01459343], [-0.01678517, 0.00643525, 0.05746785, 0.00648417, 0.02397903, -0.04068268], [-0.0268953, 0.00036889, 0.01932972, -0.00403826, -0.00968623, 0.00756558], [0.00953296, -0.02513375, -0.03075023, -0.11231885, 0.03242081, 0.02121727], [-0.01481497, -0.00337319, 0.00178046, -0.01055123, -0.04937806, 0.01303451], [-0.01093239, 0.0006941, 0.05417572, -0.00610853, 0.02763718, -0.04324334], [-0.03607226, -0.01622263, -0.00215142, 0.00110236, -0.06000512, 0.03822368], [-0.038044, 0.0076932, 0.0740308, -0.01282475, 0.0273326, -0.0359868], [0.038744, 0.01956828, -0.04316846, 0.0475207, 0.02586101, 0.00442446]], "number of molecular orbitals": 48, "number of electrons": 50, "number of unpaired electrons": 0, "orbital energies/eV": [-18.43663277, -17.14386977, -16.82892099, -16.59149397, -16.05043742, -15.52932335, -15.32919753, -15.20392564, -14.94525431, -14.22351611, -13.83448347, -13.77120939, -13.5215175, -13.2211061, -12.9495055, -12.82478474, -12.59104461, -12.40387412, -12.1459293, -11.87278361, -11.81567272, -11.7435142, -11.42677071, -11.30312521, -10.89069878, 0.95263575, 1.34235491, 2.78610106, 3.03962663, 3.25199569, 3.40585965, 3.62858161, 3.68650481, 3.95999507, 4.36825849, 4.56687768, 4.85267285, 4.96698045, 5.37970726, 5.78073834, 5.81095278, 6.62235815, 6.87310959, 7.04057076, 7.27695002, 7.39190182, 7.82264801, 8.49735131], "fractional occupation": [2.0, 2.0, 2.0, 2.0, 2.0, 2.0, 2.0, 2.0, 2.0, 2.0, 2.0, 2.0, 2.0, 2.0, 2.0, 2.0, 2.0, 2.0, 2.0, 2.0, 2.0, 2.0, 2.0, 2.0, 2.0, 0.0, 0.0, 0.0, 0.0, 0.0, 0.0, 0.0, 0.0, 0.0, 0.0, 0.0, 0.0, 0.0, 0.0, 0.0, 0.0, 0.0, 0.0, 0.0, 0.0, 0.0, 0.0, 0.0], "program call": "xtb /home/svss/Project-DBcg-Debug/aqme2_20220329/End-to-End-workflows-final/example-3/QDESCP/mol_1052_rdkit_conf_2/mol_1052_rdkit_conf_2.xyz --pop --wbo --acc 0.2 --gfn 2 --chrg 0 --uhf 0 --etemp 300 --input /home/svss/Project-DBcg-Debug/aqme2_20220329/End-to-End-workflows-final/example-3/QDESCP/mol_1052_rdkit_conf_2/mol_1052_rdkit_conf_2_xtb.inp", "method": "GFN2-xTB", "xtb version": "6.3.3 (7355c4f)", "Dipole module/D": 1.747, "Total charge": 0, "Transition dipole module/D": NaN, "HOMO": -10.8907, "LUMO": 0.9526, "HOMO occupancy": 2.0, "LUMO occupancy": 0, "mulliken charges": [-0.08314, -0.03983, -0.04152, -0.05418, 0.21962, -0.57001, -0.06502, -0.08348, 0.02547, 0.02694, 0.02788, 0.02299, 0.019, 0.01823, 0.03739, 0.03657, 0.01886, 0.00714, 0.33445, 0.03661, 0.02338, 0.02306, 0.02774, 0.03188], "cm5 charges": [-0.23348, -0.15236, -0.15108, -0.15964, 0.17208, -0.78163, -0.17306, -0.23365, 0.07677, 0.07773, 0.07917, 0.07771, 0.07371, 0.07405, 0.09539, 0.09447, 0.07475, 0.07363, 0.50458, 0.09378, 0.07863, 0.07478, 0.08096, 0.08272], "FUKUI+": [0.01, -0.011, -0.016, -0.004, -0.038, -0.089, -0.001, 0.013, -0.033, -0.062, -0.033, -0.038, -0.04, -0.043, -0.044, -0.056, -0.081, -0.064, -0.077, -0.054, -0.076, -0.042, -0.039, -0.082], "FUKUI-": [0.018, 0.005, 0.004, 0.011, -0.007, -0.1, -0.008, 0.019, -0.068, -0.063, -0.062, -0.083, -0.083, -0.059, -0.061, -0.042, -0.045, -0.068, -0.05, -0.051, -0.052, -0.044, -0.034, -0.078], "FUKUIrad": [0.014, -0.003, -0.006, 0.004, -0.023, -0.095, -0.005, 0.016, -0.05, -0.063, -0.048, -0.06, -0.061, -0.051, -0.052, -0.049, -0.063, -0.066, -0.063, -0.052, -0.064, -0.043, -0.037, -0.08], "s proportion": [1.007, 1.027, 1.031, 1.036, 1.018, 1.697, 1.037, 1.008, 0.975, 0.973, 0.972, 0.977, 0.981, 0.982, 0.963, 0.963, 0.981, 0.993, 0.666, 0.963, 0.977, 0.977, 0.972, 0.968], "p proportion": [3.076, 3.012, 3.011, 3.018, 2.762, 4.873, 3.028, 3.076, 0.0, 0.0, 0.0, 0.0, 0.0, 0.0, 0.0, 0.0, 0.0, 0.0, 0.0, 0.0, 0.0, 0.0, 0.0, 0.0], "d proportion": [0.0, 0.0, 0.0, 0.0, 0.0, 0.0, 0.0, 0.0, 0.0, 0.0, 0.0, 0.0, 0.0, 0.0, 0.0, 0.0, 0.0, 0.0, 0.0, 0.0, 0.0, 0.0, 0.0, 0.0], "Fermi-level/eV": -4.969, "Coordination numbers": [3.75, 3.8, 3.801, 3.802, 3.724, 1.653, 3.8, 3.749, 0.924, 0.924, 0.924, 0.924, 0.924, 0.924, 0.924, 0.924, 0.924, 0.924, 0.804, 0.924, 0.924, 0.924, 0.924, 0.924], "Dispersion coefficient C6": [22.479, 21.522, 21.615, 21.722, 18.787, 21.827, 21.809, 22.471, 2.56, 2.571, 2.531, 2.586, 2.633, 2.608, 2.341, 2.371, 2.597, 2.879, 0.77, 2.388, 2.581, 2.588, 2.529, 2.503], "Total dispersion C6": 3820.631022, "Total dispersion C8": 79100.233207, "Polarizability alpha": [6.762, 6.605, 6.619, 6.636, 6.189, 6.307, 6.649, 6.761, 2.502, 2.508, 2.488, 2.515, 2.538, 2.525, 2.393, 2.408, 2.52, 2.653, 1.378, 2.416, 2.513, 2.516, 2.487, 2.474], "Total polarizability alpha": 91.360903, "Wiberg matrix": [[0.0, 1.0201916859234401, 0.0, 0.0, 0.0, 0.0, 0.0, 0.0, 0.9877337856186641, 0.9873949862837548, 0.9876183587809853, 0.0, 0.0, 0.0, 0.0, 0.0, 0.0, 0.0, 0.0, 0.0, 0.0, 0.0, 0.0, 0.0], [1.0201916859234401, 0.0, 1.0076829815001938, 0.0, 0.0, 0.0, 0.0, 0.0, 0.0, 0.0, 0.0, 0.9780574467026655, 0.9780197235810696, 0.0, 0.0, 0.0, 0.0, 0.0, 0.0, 0.0, 0.0, 0.0, 0.0, 0.0], [0.0, 1.0076829815001938, 0.0, 1.0066217922123837, 0.0, 0.0, 0.0, 0.0, 0.0, 0.0, 0.0, 0.0, 0.0, 0.9773077508249524, 0.9760221743756718, 0.0, 0.0, 0.0, 0.0, 0.0, 0.0, 0.0, 0.0, 0.0], [0.0, 0.0, 1.0066217922123837, 0.0, 0.9928045641795432, 0.0, 0.0, 0.0, 0.0, 0.0, 0.0, 0.0, 0.0, 0.0, 0.0, 0.975375468153681, 0.9756449340582022, 0.0, 0.0, 0.0, 0.0, 0.0, 0.0, 0.0], [0.0, 0.0, 0.0, 0.9928045641795432, 0.0, 0.9820510750791233, 0.9871253238831119, 0.0, 0.0, 0.0, 0.0, 0.0, 0.0, 0.0, 0.0, 0.0, 0.0, 0.9639763899593883, 0.0, 0.0, 0.0, 0.0, 0.0, 0.0], [0.0, 0.0, 0.0, 0.0, 0.9820510750791233, 0.0, 0.0, 0.0, 0.0, 0.0, 0.0, 0.0, 0.0, 0.0, 0.0, 0.0, 0.0, 0.0, 0.9012532325380553, 0.0, 0.0, 0.0, 0.0, 0.0], [0.0, 0.0, 0.0, 0.0, 0.9871253238831119, 0.0, 0.0, 1.0196238913776008, 0.0, 0.0, 0.0, 0.0, 0.0, 0.0, 0.0, 0.0, 0.0, 0.0, 0.0, 0.9761803972461786, 0.9765686279920177, 0.0, 0.0, 0.0], [0.0, 0.0, 0.0, 0.0, 0.0, 0.0, 1.0196238913776008, 0.0, 0.0, 0.0, 0.0, 0.0, 0.0, 0.0, 0.0, 0.0, 0.0, 0.0, 0.0, 0.0, 0.0, 0.987481380795264, 0.9846517699756228, 0.9865907980127023], [0.9877337856186641, 0.0, 0.0, 0.0, 0.0, 0.0, 0.0, 0.0, 0.0, 0.0, 0.0, 0.0, 0.0, 0.0, 0.0, 0.0, 0.0, 0.0, 0.0, 0.0, 0.0, 0.0, 0.0, 0.0], [0.9873949862837548, 0.0, 0.0, 0.0, 0.0, 0.0, 0.0, 0.0, 0.0, 0.0, 0.0, 0.0, 0.0, 0.0, 0.0, 0.0, 0.0, 0.0, 0.0, 0.0, 0.0, 0.0, 0.0, 0.0], [0.9876183587809853, 0.0, 0.0, 0.0, 0.0, 0.0, 0.0, 0.0, 0.0, 0.0, 0.0, 0.0, 0.0, 0.0, 0.0, 0.0, 0.0, 0.0, 0.0, 0.0, 0.0, 0.0, 0.0, 0.0], [0.0, 0.9780574467026655, 0.0, 0.0, 0.0, 0.0, 0.0, 0.0, 0.0, 0.0, 0.0, 0.0, 0.0, 0.0, 0.0, 0.0, 0.0, 0.0, 0.0, 0.0, 0.0, 0.0, 0.0, 0.0], [0.0, 0.9780197235810696, 0.0, 0.0, 0.0, 0.0, 0.0, 0.0, 0.0, 0.0, 0.0, 0.0, 0.0, 0.0, 0.0, 0.0, 0.0, 0.0, 0.0, 0.0, 0.0, 0.0, 0.0, 0.0], [0.0, 0.0, 0.9773077508249524, 0.0, 0.0, 0.0, 0.0, 0.0, 0.0, 0.0, 0.0, 0.0, 0.0, 0.0, 0.0, 0.0, 0.0, 0.0, 0.0, 0.0, 0.0, 0.0, 0.0, 0.0], [0.0, 0.0, 0.9760221743756718, 0.0, 0.0, 0.0, 0.0, 0.0, 0.0, 0.0, 0.0, 0.0, 0.0, 0.0, 0.0, 0.0, 0.0, 0.0, 0.0, 0.0, 0.0, 0.0, 0.0, 0.0], [0.0, 0.0, 0.0, 0.975375468153681, 0.0, 0.0, 0.0, 0.0, 0.0, 0.0, 0.0, 0.0, 0.0, 0.0, 0.0, 0.0, 0.0, 0.0, 0.0, 0.0, 0.0, 0.0, 0.0, 0.0], [0.0, 0.0, 0.0, 0.9756449340582022, 0.0, 0.0, 0.0, 0.0, 0.0, 0.0, 0.0, 0.0, 0.0, 0.0, 0.0, 0.0, 0.0, 0.0, 0.0, 0.0, 0.0, 0.0, 0.0, 0.0], [0.0, 0.0, 0.0, 0.0, 0.9639763899593883, 0.0, 0.0, 0.0, 0.0, 0.0, 0.0, 0.0, 0.0, 0.0, 0.0, 0.0, 0.0, 0.0, 0.0, 0.0, 0.0, 0.0, 0.0, 0.0], [0.0, 0.0, 0.0, 0.0, 0.0, 0.9012532325380553, 0.0, 0.0, 0.0, 0.0, 0.0, 0.0, 0.0, 0.0, 0.0, 0.0, 0.0, 0.0, 0.0, 0.0, 0.0, 0.0, 0.0, 0.0], [0.0, 0.0, 0.0, 0.0, 0.0, 0.0, 0.9761803972461786, 0.0, 0.0, 0.0, 0.0, 0.0, 0.0, 0.0, 0.0, 0.0, 0.0, 0.0, 0.0, 0.0, 0.0, 0.0, 0.0, 0.0], [0.0, 0.0, 0.0, 0.0, 0.0, 0.0, 0.9765686279920177, 0.0, 0.0, 0.0, 0.0, 0.0, 0.0, 0.0, 0.0, 0.0, 0.0, 0.0, 0.0, 0.0, 0.0, 0.0, 0.0, 0.0], [0.0, 0.0, 0.0, 0.0, 0.0, 0.0, 0.0, 0.987481380795264, 0.0, 0.0, 0.0, 0.0, 0.0, 0.0, 0.0, 0.0, 0.0, 0.0, 0.0, 0.0, 0.0, 0.0, 0.0, 0.0], [0.0, 0.0, 0.0, 0.0, 0.0, 0.0, 0.0, 0.9846517699756228, 0.0, 0.0, 0.0, 0.0, 0.0, 0.0, 0.0, 0.0, 0.0, 0.0, 0.0, 0.0, 0.0, 0.0, 0.0, 0.0], [0.0, 0.0, 0.0, 0.0, 0.0, 0.0, 0.0, 0.9865907980127023, 0.0, 0.0, 0.0, 0.0, 0.0, 0.0, 0.0, 0.0, 0.0, 0.0, 0.0, 0.0, 0.0, 0.0, 0.0, 0.0]], "Born radii": [], "Atomic SASAs": [], "Solvent H bonds": [], "Total SASA": NaN, "Total FOD": 0.0, "FOD": [0.0, 0.0, 0.0, 0.0, 0.0, 0.0, 0.0, 0.0, 0.0, 0.0, 0.0, 0.0, 0.0, 0.0, 0.0, 0.0, 0.0, 0.0, 0.0, 0.0, 0.0, 0.0, 0.0, 0.0], "FOD s proportion": [0.0, 0.0, 0.0, 0.0, 0.0, 0.0, 0.0, 0.0, 0.0, 0.0, 0.0, 0.0, 0.0, 0.0, 0.0, 0.0, 0.0, 0.0, 0.0, 0.0, 0.0, 0.0, 0.0, 0.0], "FOD p proportion": [0.0, 0.0, 0.0, 0.0, 0.0, 0.0, 0.0, 0.0, 0.0, 0.0, 0.0, 0.0, 0.0, 0.0, 0.0, 0.0, 0.0, 0.0, 0.0, 0.0, 0.0, 0.0, 0.0, 0.0], "FOD d proportion": [0.0, 0.0, 0.0, 0.0, 0.0, 0.0, 0.0, 0.0, 0.0, 0.0, 0.0, 0.0, 0.0, 0.0, 0.0, 0.0, 0.0, 0.0, 0.0, 0.0, 0.0, 0.0, 0.0, 0.0], "coordinates": [["-3.87220", "0.29840", "-0.19630"], ["-2.56670", "0.44930", "0.56820"], ["-1.36710", "0.03440", "-0.28410"], ["-0.05410", "0.19000", "0.49130"], ["1.16800", "-0.18440", "-0.35710"], ["1.06800", "-1.56110", "-0.71210"], ["2.46480", "0.05850", "0.42420"], ["3.71380", "-0.19740", "-0.40890"], ["-3.87550", "0.92420", "-1.09440"], ["-4.71620", "0.60070", "0.43150"], ["-4.03060", "-0.74110", "-0.50080"], ["-2.60850", "-0.16390", "1.47590"], ["-2.45500", "1.49250", "0.88600"], ["-1.33150", "0.64980", "-1.19130"], ["-1.49180", "-1.00690", "-0.60430"], ["-0.09470", "-0.45280", "1.37990"], ["0.04190", "1.22640", "0.83700"], ["1.16670", "0.40760", "-1.28010"], ["1.73760", "-1.74120", "-1.39290"], ["2.49880", "-0.59800", "1.30210"], ["2.49070", "1.09380", "0.78390"], ["3.71290", "0.41600", "-1.31550"], ["3.79200", "-1.24860", "-0.70180"], ["4.60870", "0.05370", "0.16940"]], "bond_dist": [[0.0, 1.5203819618766856, 2.520502102756512, 3.881034904506786, 5.065823577662372, 5.30371246675383, 6.371824013577274, 7.605156960904884, 1.0946324223226718, 1.0944652255782272, 1.0947013565351966, 2.1463717804704756, 2.1460903848626693, 2.7511203990374544, 2.745282544657289, 4.1615158452179415, 4.153200175768078, 5.155294394115626, 6.087830135606611, 6.605934946697554, 6.486906012113941, 7.668127568709326, 7.835094185139065, 8.492307071108534], [1.5203819618766856, 0.0, 1.5289203576380295, 2.5271147302803647, 3.8994537912379474, 4.346483675340332, 5.048708041667689, 6.388867313538449, 2.1685770011692003, 2.159157034585488, 2.1685977888949344, 1.0962120096039816, 1.096239011347434, 2.1591108216115265, 2.156544620451893, 2.753801971820051, 2.735129212669851, 4.166080572912627, 5.212600305989325, 5.2244365007146945, 5.102862089063351, 6.556127724503237, 6.70289714228109, 7.197354094387743], [2.520502102756512, 1.5289203576380295, 0.0, 1.5327835855070995, 2.545571537003036, 2.9425356854250726, 3.8968868741599367, 5.087715704518089, 2.7821575602398942, 3.471202941344686, 2.7825512376234873, 2.1628677375188707, 2.163033987250316, 1.0968119073022504, 1.0965326351732536, 2.1506421366652333, 2.159400428359687, 2.747987751064404, 3.744509966604442, 4.2262445516084375, 4.140721338124554, 5.197672990868125, 5.332623660075779, 5.9930142983310155], [3.881034904506786, 2.5271147302803647, 1.5327835855070995, 0.0, 1.534107665713199, 2.40283815102058, 2.5232225169413813, 3.8932645954263116, 4.201974784550711, 4.680537035426597, 4.202827842060628, 2.7603698538420534, 2.7598215793779133, 2.1620151618339776, 2.1679230290764475, 1.0974744461717547, 1.0967449338839, 2.162304409651888, 3.238816445864137, 2.7920671643067614, 2.716335075059776, 4.1840042112789515, 4.2761598169385575, 4.675885064883438], [5.065823577662372, 3.8994537912379474, 2.545571537003036, 1.534107665713199, 0.0, 1.425246606731621, 1.5333363427506699, 2.546360123784536, 5.216272375940505, 5.988495771894641, 5.230296983919747, 4.197887742662969, 4.181318000343911, 2.7639246606953667, 2.795022384525748, 2.1641670106532906, 2.1643319200159663, 1.0965375916948767, 1.95472556641591, 2.166803692077342, 2.164534945432852, 2.784874634521274, 2.852492897449527, 3.488883825810197], [5.30371246675383, 4.346483675340332, 2.9425356854250726, 2.40283815102058, 1.425246606731621, 0.0, 2.4218447700048817, 2.9919668397226595, 5.54626555711138, 6.2799816751325, 5.168439769408172, 4.500684846776099, 4.928481061138411, 3.29777374906163, 2.6213230476230893, 2.637548896229224, 3.350037055018944, 2.0513764598434876, 0.971745239247407, 2.6517450650467893, 3.363121362662965, 3.3568604349898132, 2.7418859093696804, 3.990135057864583], [6.371824013577274, 5.048708041667689, 3.8968868741599367, 2.5232225169413813, 1.5333363427506699, 2.4218447700048817, 0.0, 1.5230040774732023, 6.57685232767165, 7.201443961456618, 6.609478521033259, 5.18593362279156, 5.145293702015465, 4.167897507137141, 4.224638797577847, 2.7795378087012956, 2.721183319807763, 2.170615790507385, 2.6588705007954037, 1.0967482208784294, 1.0963124509007458, 2.170740875830185, 2.1766594244392024, 2.158993582667628], [7.605156960904884, 6.388867313538449, 5.087715704518089, 3.8932645954263116, 2.546360123784536, 2.9919668397226595, 1.5230040774732023, 0.0, 7.702296495201934, 8.50929701973083, 7.764005838483121, 6.597353301135237, 6.5258425862106115, 5.1754178275768234, 5.27178743596515, 4.21541301060762, 4.130656468407897, 2.759118129040509, 2.693870984290079, 2.136405008419518, 2.141481470851429, 1.0946158823989354, 1.0940416308349512, 1.0946817391369967], [1.0946324223226718, 2.1685770011692003, 2.7821575602398942, 4.201974784550711, 5.216272375940505, 5.54626555711138, 6.57685232767165, 7.702296495201934, 0.0, 1.7719479535245948, 1.7747228121596903, 3.065239419686495, 2.502552556890664, 2.560589965222859, 3.1066655613374285, 4.723636113207705, 4.3780878885650525, 5.071995750195381, 6.220960618746916, 6.977965719319636, 6.639674501811064, 7.608611371991607, 7.979082080665671, 8.621868146173426], [1.0944652255782272, 2.159157034585488, 3.471202941344686, 4.680537035426597, 5.988495771894641, 6.2799816751325, 7.201443961456618, 8.50929701973083, 1.7719479535245948, 0.0, 1.771907980116349, 2.4734154139569844, 2.472832976567564, 3.753942559496615, 3.7488684639501555, 4.834003212659254, 4.816165108257813, 6.129875576225018, 7.103834556772841, 7.365531280905675, 7.232339938083663, 8.610217761473864, 8.780304471941731, 9.344606220702936], [1.0947013565351966, 2.1685977888949344, 2.7825512376234873, 4.202827842060628, 5.230296983919747, 5.168439769408172, 6.609478521033259, 7.764005838483121, 1.7747228121596903, 1.771907980116349, 0.0, 2.5025729040329674, 3.0650772518812635, 3.113925797124909, 2.554773440052953, 4.371665379463528, 4.716568810056734, 5.37947464628285, 5.921838706010153, 6.775248362975338, 6.89526401162421, 7.871747502937324, 7.841621516625244, 8.701630856914122], [2.1463717804704756, 1.0962120096039816, 2.1628677375188707, 2.7603698538420534, 4.197887742662969, 4.500684846776099, 5.18593362279156, 6.597353301135237, 3.065239419686495, 2.4734154139569844, 2.5025729040329674, 0.0, 1.7649943965916717, 3.0670494828091703, 2.506970269069819, 2.5321669869896017, 3.0603508720406554, 4.708957771099673, 5.441183137884628, 5.128660891499847, 5.297406339898799, 6.934572512419205, 6.847287903250454, 7.337729066271117], [2.1460903848626693, 1.096239011347434, 2.163033987250316, 2.7598215793779133, 4.181318000343911, 4.928481061138411, 5.145293702015465, 6.5258425862106115, 2.502552556890664, 2.472832976567564, 3.0650772518812635, 1.7649943965916717, 0.0, 2.5075029072764803, 3.0652485527278204, 3.0982487618007695, 2.511517433743991, 4.35725924291865, 5.764381637261711, 5.39290866787117, 4.96279503808086, 6.636900248610039, 7.004266346306371, 7.244274890560131], [2.7511203990374544, 2.1591108216115265, 1.0968119073022504, 2.1620151618339776, 2.7639246606953667, 3.29777374906163, 4.167897507137141, 5.1754178275768234, 2.560589965222859, 3.753942559496615, 3.113925797124909, 3.0670494828091703, 2.5075029072764803, 0.0, 1.764913589952777, 3.0588348173773623, 2.51648485193136, 2.511483529709084, 3.8957538898138826, 4.737641448020312, 4.32524726229611, 5.051342340408141, 5.4857802599083385, 6.123137736487723], [2.745282544657289, 2.156544620451893, 1.0965326351732536, 2.1679230290764475, 2.795022384525748, 2.6213230476230893, 4.224638797577847, 5.27178743596515, 3.1066655613374285, 3.7488684639501555, 2.554773440052953, 2.506970269069819, 3.0652485527278204, 1.764913589952777, 0.0, 2.4891695121063973, 3.0687473454163667, 3.0862822521603563, 3.404425180555449, 4.441446670849488, 4.711724310695607, 5.442366391561671, 5.290223774095004, 6.240158996371807], [4.1615158452179415, 2.753801971820051, 2.1506421366652333, 1.0974744461717547, 2.1641670106532906, 2.637548896229224, 2.7795378087012956, 4.21541301060762, 4.723636113207705, 4.834003212659254, 4.371665379463528, 2.5321669869896017, 3.0982487618007695, 3.0588348173773623, 2.4891695121063973, 0.0, 1.7700600583031072, 3.0670862589760985, 3.564508057221922, 2.598726251454739, 3.0710715914807327, 4.745293706400058, 4.480313540367459, 4.8830138295933585], [4.153200175768078, 2.735129212669851, 2.159400428359687, 1.0967449338839, 2.1643319200159663, 3.350037055018944, 2.721183319807763, 4.130656468407897, 4.3780878885650525, 4.816165108257813, 4.716568810056734, 3.0603508720406554, 2.511517433743991, 2.51648485193136, 3.0687473454163667, 1.7700600583031072, 0.0, 2.5333221054575747, 4.080992803228156, 3.0953369735781595, 2.4529622520536267, 4.332002471144262, 4.749397903945299, 4.7619929955849365], [5.155294394115626, 4.166080572912627, 2.747987751064404, 2.162304409651888, 1.0965375916948767, 2.0513764598434876, 2.170615790507385, 2.759118129040509, 5.071995750195381, 6.129875576225018, 5.37947464628285, 4.708957771099673, 4.35725924291865, 2.511483529709084, 3.0862822521603563, 3.0670862589760985, 2.5333221054575747, 0.0, 2.2262057609304673, 3.074650973687908, 2.5463586628752832, 2.5464599270359622, 3.1574719982923045, 3.7514876329264366], [6.087830135606611, 5.212600305989325, 3.744509966604442, 3.238816445864137, 1.95472556641591, 0.971745239247407, 2.6588705007954037, 2.693870984290079, 6.220960618746916, 7.103834556772841, 5.921838706010153, 5.441183137884628, 5.764381637261711, 3.8957538898138826, 3.404425180555449, 3.564508057221922, 4.080992803228156, 2.2262057609304673, 0.0, 3.0247903530658125, 3.652785628804406, 2.925972093168354, 2.2227985356302535, 3.7290297008739417], [6.605934946697554, 5.2244365007146945, 4.2262445516084375, 2.7920671643067614, 2.166803692077342, 2.6517450650467893, 1.0967482208784294, 2.136405008419518, 6.977965719319636, 7.365531280905675, 6.775248362975338, 5.128660891499847, 5.39290866787117, 4.737641448020312, 4.441446670849488, 2.598726251454739, 3.0953369735781595, 3.074650973687908, 3.0247903530658125, 0.0, 1.769402184354931, 3.058441526333305, 2.4720966425283617, 2.4818138910885317], [6.486906012113941, 5.102862089063351, 4.140721338124554, 2.716335075059776, 2.164534945432852, 3.363121362662965, 1.0963124509007458, 2.141481470851429, 6.639674501811064, 7.232339938083663, 6.89526401162421, 5.297406339898799, 4.96279503808086, 4.32524726229611, 4.711724310695607, 3.0710715914807327, 2.4529622520536267, 2.5463586628752832, 3.652785628804406, 1.769402184354931, 0.0, 2.522036090146214, 3.063906646750191, 2.4383072529933547], [7.668127568709326, 6.556127724503237, 5.197672990868125, 4.1840042112789515, 2.784874634521274, 3.3568604349898132, 2.170740875830185, 1.0946158823989354, 7.608611371991607, 8.610217761473864, 7.871747502937324, 6.934572512419205, 6.636900248610039, 5.051342340408141, 5.442366391561671, 4.745293706400058, 4.332002471144262, 2.5464599270359622, 2.925972093168354, 3.058441526333305, 2.522036090146214, 0.0, 1.7758878511888072, 1.771622685562589], [7.835094185139065, 6.70289714228109, 5.332623660075779, 4.2761598169385575, 2.852492897449527, 2.7418859093696804, 2.1766594244392024, 1.0940416308349512, 7.979082080665671, 8.780304471941731, 7.841621516625244, 6.847287903250454, 7.004266346306371, 5.4857802599083385, 5.290223774095004, 4.480313540367459, 4.749397903945299, 3.1574719982923045, 2.2227985356302535, 2.4720966425283617, 3.063906646750191, 1.7758878511888072, 0.0, 1.7669107560938102], [8.492307071108534, 7.197354094387743, 5.9930142983310155, 4.675885064883438, 3.488883825810197, 3.990135057864583, 2.158993582667628, 1.0946817391369967, 8.621868146173426, 9.344606220702936, 8.701630856914122, 7.337729066271117, 7.244274890560131, 6.123137736487723, 6.240158996371807, 4.8830138295933585, 4.7619929955849365, 3.7514876329264366, 3.7290297008739417, 2.4818138910885317, 2.4383072529933547, 1.771622685562589, 1.7669107560938102, 0.0]]}