{"total energy": -33.44248505, "HOMO-LUMO gap/eV": 4.83122135, "electronic energy": -33.83514029, "dipole": [0.08227171, -0.32903472, 0.7330068], "partial charges": [-0.10098756, -0.05303124, -0.06008418, -0.05782939, -0.08827252, 0.35205267, -0.40546428, -0.27669882, 0.08142698, -0.11088871, 0.03334364, 0.03300472, 0.03298283, 0.03200913, 0.03194173, 0.03205492, 0.0320229, 0.04622594, 0.04636377, 0.06822464, 0.06875012, 0.05229245, 0.05545088, 0.0569489, 0.05035871, 0.04780177], "atomic dipole moments": [[0.09284393, 0.01424319, -0.0435576], [-0.00919472, -0.054891, 0.09989063], [0.02571319, 0.05284561, -0.09955073], [0.01141675, -0.06644495, 0.11651376], [0.03163069, 0.04269371, -0.083103], [0.13219012, -0.05277436, 0.06365424], [-0.03039528, -0.08241154, 0.15383757], [0.07007121, 0.09836469, -0.18966944], [-0.22449412, 0.06277942, 0.09841823], [-0.04368702, -0.11922852, -0.04043797], [-0.08954562, 0.04981418, -0.07159336], [-0.02593507, -0.12240251, 0.01391268], [-0.00660003, 0.0549196, 0.11305172], [-0.00307542, -0.05034664, -0.11340804], [0.01569039, 0.12189977, -0.01704249], [-0.01985167, -0.12093623, 0.01746696], [-0.00117498, 0.05013958, 0.11312165], [0.0201402, 0.12394783, -0.0198985], [0.00122483, -0.04975003, -0.11712283], [-0.02177935, -0.13049245, 0.01076416], [-0.00096214, 0.06097654, 0.11771287], [0.0663311, -0.09172661, 0.04732375], [0.00980785, -0.01829945, -0.12835425], [-0.06509628, 0.10258378, -0.04681838], [-0.00842152, 0.01552859, 0.12664461], [0.12302772, 0.00996446, -0.03591462]], "atomic quadrupole moments": [[0.17108189, 0.04002194, -0.11767389, -0.13004941, -0.02803951, -0.053408], [0.227833, -0.04998694, -0.17543142, -0.00168457, -0.10441697, -0.05240157], [0.23107596, -0.04909796, -0.17992999, -0.00522161, -0.10825826, -0.05114597], [0.24173305, -0.06859923, -0.18720223, 0.02487463, -0.11822744, -0.05453081], [0.22052263, -0.05289988, -0.18911953, 0.00026641, -0.13320211, -0.03140311], [-0.17060026, -0.02849855, 0.30098622, 0.1630074, 0.32642551, -0.13038595], [-0.10915191, 0.02264822, 0.1349762, 0.01717611, 0.13020055, -0.02582429], [0.08685671, 0.00323656, -0.05515556, -0.02821645, -0.02042431, -0.03170115], [0.39061901, 0.12127103, -0.11999783, -0.17257681, 0.05112595, -0.27062118], [-0.05374889, 0.14628058, 0.16152127, 0.04093859, 0.10055743, -0.10777239], [0.02308392, -0.03309764, -0.0293193, 0.04403531, -0.03884023, 0.00623538], [-0.03386319, 0.01083548, 0.0788835, -0.01243587, -0.0083634, -0.04502032], [-0.03243206, 0.01203874, -0.02136711, 0.00093791, 0.05195099, 0.05379917], [-0.01709124, -0.00373131, -0.01315243, -0.00012967, 0.04236976, 0.03024367], [-0.01407915, 0.01378492, 0.05353525, 0.00081645, -0.00131096, -0.0394561], [-0.01956645, 0.01111929, 0.05621934, 0.00131321, -0.00050973, -0.03665289], [-0.02153756, -0.00139783, -0.01027432, 0.00299903, 0.04212376, 0.03181188], [-0.01545907, 0.01130492, 0.0523975, 0.001633, 0.00215902, -0.03693843], [-0.0175995, -0.00221554, -0.00885929, 0.00212247, 0.04173021, 0.02645878], [-0.01390742, 0.01040532, 0.05664859, 0.01702215, -0.01604507, -0.04274117], [-0.01917544, -0.0179825, -0.02368803, 0.01178283, 0.03800125, 0.04286347], [0.00095582, -0.02055245, 0.01787009, 0.02433145, -0.03496501, -0.01882591], [-0.00630419, 0.01181823, -0.02969064, 0.00695278, -0.004364, 0.03599483], [-0.00796091, -0.04281487, 0.01964325, 0.04000087, -0.03247898, -0.01168234], [-0.05254108, 0.0040155, -0.02846202, -0.0074606, -0.00305949, 0.0810031], [0.07483355, 0.00478902, -0.03678827, -0.03962105, 0.00524158, -0.03804528]], "number of molecular orbitals": 56, "number of electrons": 60, "number of unpaired electrons": 0, "orbital energies/eV": [-20.02166008, -19.29070212, -18.27733656, -17.28829301, -16.92911934, -16.77661353, -16.31647123, -16.1716704, -15.64445422, -15.45877188, -15.30105297, -15.06451211, -14.962645, -14.27399756, -13.98010783, -13.87270134, -13.52089154, -13.39248544, -13.31402577, -13.20056847, -12.84606014, -12.64702249, -12.41295373, -12.20339362, -12.09923443, -11.96608093, -11.82206627, -11.80928215, -11.5047187, -11.22732217, -6.39610082, -0.1334799, 1.94097235, 2.74082582, 2.89008559, 3.06526246, 3.17188402, 3.35473212, 3.72404438, 4.04906726, 4.22935704, 4.37030876, 4.38192329, 4.51174329, 4.75915258, 4.83339918, 5.66349669, 6.0096713, 6.06616066, 6.38890945, 6.79492621, 7.17520604, 7.35471268, 7.39843946, 8.27773591, 16.26457275], "fractional occupation": [2.0, 2.0, 2.0, 2.0, 2.0, 2.0, 2.0, 2.0, 2.0, 2.0, 2.0, 2.0, 2.0, 2.0, 2.0, 2.0, 2.0, 2.0, 2.0, 2.0, 2.0, 2.0, 2.0, 2.0, 2.0, 2.0, 2.0, 2.0, 2.0, 2.0, 0.0, 0.0, 0.0, 0.0, 0.0, 0.0, 0.0, 0.0, 0.0, 0.0, 0.0, 0.0, 0.0, 0.0, 0.0, 0.0, 0.0, 0.0, 0.0, 0.0, 0.0, 0.0, 0.0, 0.0, 0.0, 0.0], "program call": "xtb /home/svss/Project-DBcg-Debug/aqme2_20220329/End-to-End-workflows-final/example-3/QDESCP/mol_381_rdkit_conf_5/mol_381_rdkit_conf_5.xyz --pop --wbo --acc 0.2 --gfn 2 --chrg 0 --uhf 0 --etemp 300 --input /home/svss/Project-DBcg-Debug/aqme2_20220329/End-to-End-workflows-final/example-3/QDESCP/mol_381_rdkit_conf_5/mol_381_rdkit_conf_5_xtb.inp", "method": "GFN2-xTB", "xtb version": "6.3.3 (7355c4f)", "Dipole module/D": 2.053, "Total charge": 0, "Transition dipole module/D": NaN, "HOMO": -11.2273, "LUMO": -6.3961, "HOMO occupancy": 2.0, "LUMO occupancy": 0, "mulliken charges": [-0.08366, -0.03783, -0.04917, -0.04081, -0.07775, 0.57446, -0.52838, -0.42371, 0.20465, -0.09831, 0.02968, 0.02695, 0.02691, 0.02469, 0.02459, 0.02278, 0.02267, 0.03682, 0.03707, 0.05511, 0.05484, 0.0311, 0.04378, 0.05059, 0.03874, 0.03415], "cm5 charges": [-0.23399, -0.15032, -0.15967, -0.14906, -0.17645, 0.62368, -0.57922, -0.5065, 0.12204, -0.24482, 0.08046, 0.07824, 0.07821, 0.0794, 0.0793, 0.07815, 0.07804, 0.09414, 0.09439, 0.11396, 0.11371, 0.09365, 0.10969, 0.10553, 0.09204, 0.08539], "FUKUI+": [0.009, 0.004, 0.006, 0.015, 0.029, -0.189, -0.28, -0.121, 0.03, 0.019, -0.019, -0.011, -0.01, -0.011, -0.011, -0.018, -0.018, -0.023, -0.023, -0.097, -0.097, -0.067, -0.032, -0.005, -0.032, -0.051], "FUKUI-": [0.018, 0.005, 0.006, 0.01, -0.004, -0.012, -0.102, -0.053, 0.012, 0.012, -0.06, -0.064, -0.064, -0.08, -0.08, -0.065, -0.064, -0.039, -0.04, -0.042, -0.04, -0.074, -0.041, -0.051, -0.043, -0.045], "FUKUIrad": [0.014, 0.004, 0.006, 0.012, 0.013, -0.1, -0.191, -0.087, 0.021, 0.016, -0.04, -0.037, -0.037, -0.046, -0.045, -0.041, -0.041, -0.031, -0.031, -0.069, -0.068, -0.07, -0.036, -0.028, -0.037, -0.048], "s proportion": [1.008, 1.027, 1.033, 1.031, 1.039, 0.991, 1.731, 1.699, 0.993, 1.012, 0.97, 0.973, 0.973, 0.975, 0.975, 0.977, 0.977, 0.963, 0.963, 0.945, 0.945, 0.969, 0.956, 0.949, 0.961, 0.966], "p proportion": [3.076, 3.011, 3.016, 3.01, 3.038, 2.435, 4.798, 4.725, 2.803, 3.086, 0.0, 0.0, 0.0, 0.0, 0.0, 0.0, 0.0, 0.0, 0.0, 0.0, 0.0, 0.0, 0.0, 0.0, 0.0, 0.0], "d proportion": [0.0, 0.0, 0.0, 0.0, 0.0, 0.0, 0.0, 0.0, 0.0, 0.0, 0.0, 0.0, 0.0, 0.0, 0.0, 0.0, 0.0, 0.0, 0.0, 0.0, 0.0, 0.0, 0.0, 0.0, 0.0, 0.0], "Fermi-level/eV": -8.8117, "Coordination numbers": [3.75, 3.8, 3.802, 3.802, 3.803, 2.712, 0.856, 1.702, 3.695, 3.748, 0.924, 0.924, 0.924, 0.924, 0.924, 0.924, 0.924, 0.924, 0.924, 0.924, 0.924, 0.924, 0.924, 0.924, 0.924, 0.924], "Dispersion coefficient C6": [22.492, 21.527, 21.655, 21.613, 22.181, 21.022, 21.791, 18.591, 19.39, 22.688, 2.54, 2.544, 2.545, 2.558, 2.559, 2.558, 2.558, 2.368, 2.366, 2.105, 2.099, 2.292, 2.253, 2.235, 2.316, 2.348], "Total dispersion C6": 4996.134244, "Total dispersion C8": 105872.441006, "Polarizability alpha": [6.764, 6.606, 6.625, 6.619, 6.705, 7.505, 6.259, 5.822, 6.3, 6.794, 2.492, 2.494, 2.495, 2.501, 2.502, 2.501, 2.501, 2.406, 2.405, 2.269, 2.266, 2.367, 2.347, 2.338, 2.38, 2.396], "Total polarizability alpha": 104.65883, "Wiberg matrix": [[0.0, 1.0202436546411262, 0.0, 0.0, 0.0, 0.0, 0.0, 0.0, 0.0, 0.0, 0.9872380363236402, 0.9876396195989313, 0.9876416013193312, 0.0, 0.0, 0.0, 0.0, 0.0, 0.0, 0.0, 0.0, 0.0, 0.0, 0.0, 0.0, 0.0], [1.0202436546411262, 0.0, 1.0078083961032906, 0.0, 0.0, 0.0, 0.0, 0.0, 0.0, 0.0, 0.0, 0.0, 0.0, 0.9778217236813236, 0.977823034102386, 0.0, 0.0, 0.0, 0.0, 0.0, 0.0, 0.0, 0.0, 0.0, 0.0, 0.0], [0.0, 1.0078083961032906, 0.0, 1.0073922289347272, 0.0, 0.0, 0.0, 0.0, 0.0, 0.0, 0.0, 0.0, 0.0, 0.0, 0.0, 0.9768895488855593, 0.9768869582500873, 0.0, 0.0, 0.0, 0.0, 0.0, 0.0, 0.0, 0.0, 0.0], [0.0, 0.0, 1.0073922289347272, 0.0, 1.006603560358847, 0.0, 0.0, 0.0, 0.0, 0.0, 0.0, 0.0, 0.0, 0.0, 0.0, 0.0, 0.0, 0.9760570864589612, 0.9760531704433265, 0.0, 0.0, 0.0, 0.0, 0.0, 0.0, 0.0], [0.0, 0.0, 0.0, 1.006603560358847, 0.0, 0.9783107460974697, 0.0, 0.0, 0.0, 0.0, 0.0, 0.0, 0.0, 0.0, 0.0, 0.0, 0.0, 0.0, 0.0, 0.9531599713193637, 0.9530755808538713, 0.0, 0.0, 0.0, 0.0, 0.0], [0.0, 0.0, 0.0, 0.0, 0.9783107460974697, 0.0, 1.7610229024393593, 1.115191164606919, 0.0, 0.0, 0.0, 0.0, 0.0, 0.0, 0.0, 0.0, 0.0, 0.0, 0.0, 0.0, 0.0, 0.0, 0.0, 0.0, 0.0, 0.0], [0.0, 0.0, 0.0, 0.0, 0.0, 1.7610229024393593, 0.0, 0.16978314952873189, 0.0, 0.0, 0.0, 0.0, 0.0, 0.0, 0.0, 0.0, 0.0, 0.0, 0.0, 0.0, 0.0, 0.0, 0.0, 0.0, 0.0, 0.0], [0.0, 0.0, 0.0, 0.0, 0.0, 1.115191164606919, 0.16978314952873189, 0.0, 0.9421546434966019, 0.0, 0.0, 0.0, 0.0, 0.0, 0.0, 0.0, 0.0, 0.0, 0.0, 0.0, 0.0, 0.0, 0.0, 0.0, 0.0, 0.0], [0.0, 0.0, 0.0, 0.0, 0.0, 0.0, 0.0, 0.9421546434966019, 0.0, 1.0147563983521368, 0.0, 0.0, 0.0, 0.0, 0.0, 0.0, 0.0, 0.0, 0.0, 0.0, 0.0, 0.9716457032031631, 0.9691083689056521, 0.0, 0.0, 0.0], [0.0, 0.0, 0.0, 0.0, 0.0, 0.0, 0.0, 0.0, 1.0147563983521368, 0.0, 0.0, 0.0, 0.0, 0.0, 0.0, 0.0, 0.0, 0.0, 0.0, 0.0, 0.0, 0.0, 0.0, 0.9846563943727412, 0.9857872702498484, 0.9837632540595361], [0.9872380363236402, 0.0, 0.0, 0.0, 0.0, 0.0, 0.0, 0.0, 0.0, 0.0, 0.0, 0.0, 0.0, 0.0, 0.0, 0.0, 0.0, 0.0, 0.0, 0.0, 0.0, 0.0, 0.0, 0.0, 0.0, 0.0], [0.9876396195989313, 0.0, 0.0, 0.0, 0.0, 0.0, 0.0, 0.0, 0.0, 0.0, 0.0, 0.0, 0.0, 0.0, 0.0, 0.0, 0.0, 0.0, 0.0, 0.0, 0.0, 0.0, 0.0, 0.0, 0.0, 0.0], [0.9876416013193312, 0.0, 0.0, 0.0, 0.0, 0.0, 0.0, 0.0, 0.0, 0.0, 0.0, 0.0, 0.0, 0.0, 0.0, 0.0, 0.0, 0.0, 0.0, 0.0, 0.0, 0.0, 0.0, 0.0, 0.0, 0.0], [0.0, 0.9778217236813236, 0.0, 0.0, 0.0, 0.0, 0.0, 0.0, 0.0, 0.0, 0.0, 0.0, 0.0, 0.0, 0.0, 0.0, 0.0, 0.0, 0.0, 0.0, 0.0, 0.0, 0.0, 0.0, 0.0, 0.0], [0.0, 0.977823034102386, 0.0, 0.0, 0.0, 0.0, 0.0, 0.0, 0.0, 0.0, 0.0, 0.0, 0.0, 0.0, 0.0, 0.0, 0.0, 0.0, 0.0, 0.0, 0.0, 0.0, 0.0, 0.0, 0.0, 0.0], [0.0, 0.0, 0.9768895488855593, 0.0, 0.0, 0.0, 0.0, 0.0, 0.0, 0.0, 0.0, 0.0, 0.0, 0.0, 0.0, 0.0, 0.0, 0.0, 0.0, 0.0, 0.0, 0.0, 0.0, 0.0, 0.0, 0.0], [0.0, 0.0, 0.9768869582500873, 0.0, 0.0, 0.0, 0.0, 0.0, 0.0, 0.0, 0.0, 0.0, 0.0, 0.0, 0.0, 0.0, 0.0, 0.0, 0.0, 0.0, 0.0, 0.0, 0.0, 0.0, 0.0, 0.0], [0.0, 0.0, 0.0, 0.9760570864589612, 0.0, 0.0, 0.0, 0.0, 0.0, 0.0, 0.0, 0.0, 0.0, 0.0, 0.0, 0.0, 0.0, 0.0, 0.0, 0.0, 0.0, 0.0, 0.0, 0.0, 0.0, 0.0], [0.0, 0.0, 0.0, 0.9760531704433265, 0.0, 0.0, 0.0, 0.0, 0.0, 0.0, 0.0, 0.0, 0.0, 0.0, 0.0, 0.0, 0.0, 0.0, 0.0, 0.0, 0.0, 0.0, 0.0, 0.0, 0.0, 0.0], [0.0, 0.0, 0.0, 0.0, 0.9531599713193637, 0.0, 0.0, 0.0, 0.0, 0.0, 0.0, 0.0, 0.0, 0.0, 0.0, 0.0, 0.0, 0.0, 0.0, 0.0, 0.0, 0.0, 0.0, 0.0, 0.0, 0.0], [0.0, 0.0, 0.0, 0.0, 0.9530755808538713, 0.0, 0.0, 0.0, 0.0, 0.0, 0.0, 0.0, 0.0, 0.0, 0.0, 0.0, 0.0, 0.0, 0.0, 0.0, 0.0, 0.0, 0.0, 0.0, 0.0, 0.0], [0.0, 0.0, 0.0, 0.0, 0.0, 0.0, 0.0, 0.0, 0.9716457032031631, 0.0, 0.0, 0.0, 0.0, 0.0, 0.0, 0.0, 0.0, 0.0, 0.0, 0.0, 0.0, 0.0, 0.0, 0.0, 0.0, 0.0], [0.0, 0.0, 0.0, 0.0, 0.0, 0.0, 0.0, 0.0, 0.9691083689056521, 0.0, 0.0, 0.0, 0.0, 0.0, 0.0, 0.0, 0.0, 0.0, 0.0, 0.0, 0.0, 0.0, 0.0, 0.0, 0.0, 0.0], [0.0, 0.0, 0.0, 0.0, 0.0, 0.0, 0.0, 0.0, 0.0, 0.9846563943727412, 0.0, 0.0, 0.0, 0.0, 0.0, 0.0, 0.0, 0.0, 0.0, 0.0, 0.0, 0.0, 0.0, 0.0, 0.0, 0.0], [0.0, 0.0, 0.0, 0.0, 0.0, 0.0, 0.0, 0.0, 0.0, 0.9857872702498484, 0.0, 0.0, 0.0, 0.0, 0.0, 0.0, 0.0, 0.0, 0.0, 0.0, 0.0, 0.0, 0.0, 0.0, 0.0, 0.0], [0.0, 0.0, 0.0, 0.0, 0.0, 0.0, 0.0, 0.0, 0.0, 0.9837632540595361, 0.0, 0.0, 0.0, 0.0, 0.0, 0.0, 0.0, 0.0, 0.0, 0.0, 0.0, 0.0, 0.0, 0.0, 0.0, 0.0]], "Born radii": [], "Atomic SASAs": [], "Solvent H bonds": [], "Total SASA": NaN, "Total FOD": 0.0, "FOD": [0.0, 0.0, 0.0, 0.0, 0.0, 0.0, 0.0, 0.0, 0.0, 0.0, 0.0, 0.0, 0.0, 0.0, 0.0, 0.0, 0.0, 0.0, 0.0, 0.0, 0.0, 0.0, 0.0, 0.0, 0.0, 0.0], "FOD s proportion": [0.0, 0.0, 0.0, 0.0, 0.0, 0.0, 0.0, 0.0, 0.0, 0.0, 0.0, 0.0, 0.0, 0.0, 0.0, 0.0, 0.0, 0.0, 0.0, 0.0, 0.0, 0.0, 0.0, 0.0, 0.0, 0.0], "FOD p proportion": [0.0, 0.0, 0.0, 0.0, 0.0, 0.0, 0.0, 0.0, 0.0, 0.0, 0.0, 0.0, 0.0, 0.0, 0.0, 0.0, 0.0, 0.0, 0.0, 0.0, 0.0, 0.0, 0.0, 0.0, 0.0, 0.0], "FOD d proportion": [0.0, 0.0, 0.0, 0.0, 0.0, 0.0, 0.0, 0.0, 0.0, 0.0, 0.0, 0.0, 0.0, 0.0, 0.0, 0.0, 0.0, 0.0, 0.0, 0.0, 0.0, 0.0, 0.0, 0.0, 0.0, 0.0], "coordinates": [["-4.65470", "0.24710", "-0.02240"], ["-3.29800", "0.46330", "-0.67370"], ["-2.17060", "-0.13140", "0.16990"], ["-0.80810", "0.08810", "-0.48840"], ["0.31900", "-0.50610", "0.35440"], ["1.67250", "-0.29620", "-0.28380"], ["1.87610", "0.27460", "-1.34520"], ["2.63430", "-0.84260", "0.51410"], ["3.98250", "-0.72600", "0.03600"], ["4.58210", "0.59570", "0.47760"], ["-5.44600", "0.68010", "-0.64230"], ["-4.86510", "-0.82010", "0.10070"], ["-4.69690", "0.72190", "0.96300"], ["-3.29990", "0.00470", "-1.66940"], ["-3.13270", "1.53820", "-0.81180"], ["-2.34300", "-1.20570", "0.30840"], ["-2.17570", "0.32770", "1.16600"], ["-0.63520", "1.16220", "-0.63120"], ["-0.80200", "-0.36740", "-1.48660"], ["0.16190", "-1.58370", "0.47530"], ["0.33060", "-0.03300", "1.34270"], ["4.55010", "-1.55270", "0.47580"], ["4.03150", "-0.84570", "-1.05240"], ["4.03150", "1.43960", "0.05020"], ["4.52710", "0.69810", "1.56640"], ["5.62870", "0.66930", "0.16860"]], "bond_dist": [[0.0, 1.5203844974216227, 2.520117923828169, 3.8779851160106324, 5.0444999920705715, 6.355860656905562, 6.663475424281237, 7.389506028145589, 8.692039922250704, 9.25688912108166, 1.0944956372686003, 1.0946860782891141, 1.0946364876067305, 2.1463573327850143, 2.1462934491816354, 2.7502751444173725, 2.750314876518687, 4.167064398350474, 4.167108011559096, 5.176791428095206, 5.1764051338742805, 9.392328056451179, 8.815054298187844, 8.767975675718997, 9.329155250074896, 10.293835504805777], [1.5203844974216227, 0.0, 1.528515557657167, 2.5248194272066273, 3.883222240614101, 5.043285884222707, 5.22090325039643, 6.1893801741369865, 7.411058549896904, 7.964860165753068, 2.1591415423728013, 2.168550974729439, 2.1685437648339034, 1.09623722797577, 1.0962689952744262, 2.1591911471659935, 2.159268565973209, 2.753320050411866, 2.7533406799740567, 4.181066611523907, 4.180779904515425, 8.184025895609079, 7.455096574827184, 7.429587010729466, 8.142810881998917, 8.968716640634824], [2.520117923828169, 1.528515557657167, 0.0, 1.5290341363095852, 2.5243907185695322, 3.8732957981543312, 4.340062776043682, 4.869429441936704, 6.183212593789737, 6.7986992130848085, 3.4707990794628256, 2.781982490958561, 2.7819633696366317, 2.162606341893966, 2.1626223572320713, 1.096824735315538, 1.0968199624368622, 2.161623308997199, 2.1616554327644355, 2.7645977465085223, 2.764261897867132, 6.87615277535338, 6.361626064930254, 6.399094740664495, 6.891840667775191, 7.840293532132582], [3.8779851160106324, 2.5248194272066273, 1.5290341363095852, 0.0, 1.527658302762761, 2.51851623183175, 2.8237949872467727, 3.7042308918316635, 4.887494504344736, 5.4995517817363995, 4.678062165042273, 4.1989421346334375, 4.198931988017906, 2.758764904807947, 2.7588299567026597, 2.159797835446642, 2.159809547159193, 1.0972588846758087, 1.097233202195413, 2.1597529789306926, 2.159682872553283, 5.686142235294506, 4.9610287844357455, 5.053550273817408, 5.749666258140555, 6.496294072777186], [5.0444999920705715, 3.883222240614101, 2.5243907185695322, 1.527658302762761, 0.0, 1.5110656835491965, 2.433658369615588, 2.345069387033143, 3.6838793166986346, 4.404902165769405, 5.96956500341524, 5.199793505515387, 5.199772184432699, 4.177693178058916, 4.177728787271859, 2.7527804416625745, 2.752715947932151, 2.159891175499358, 2.159898073984048, 1.095681970281523, 1.0957623191185213, 4.3603115404750605, 3.9846042024271373, 4.202492400944944, 4.541711929438062, 5.4414153388617565], [6.355860656905562, 5.043285884222707, 3.8732957981543312, 2.51851623183175, 1.5110656835491965, 0.0, 1.222225658379008, 1.3639122442444749, 2.3713076729939533, 3.1370348627326403, 7.194075770382184, 6.569819268442626, 6.569649473906504, 5.170608274661697, 5.170469456442036, 4.159583072857183, 4.159304568073851, 2.751925981926113, 2.752262256762607, 2.1250415101828013, 2.124964023224864, 3.2305365142650833, 2.5411763437431882, 2.947785378890397, 3.5440956096019756, 4.0973618890696], [6.663475424281237, 5.22090325039643, 4.340062776043682, 2.8237949872467727, 2.433658369615588, 1.222225658379008, 0.0, 2.2978249650484694, 2.710320047522063, 3.2784357626770726, 7.366929283629646, 6.980886214514601, 6.980844757620671, 5.193161623712476, 5.1931953516115685, 4.767230418177833, 4.7671824267590175, 2.7575818120229907, 2.757603591889161, 3.1154423088864927, 3.115765462932022, 3.7155541026877805, 2.446743364147536, 2.8195948857947664, 3.9603747057570193, 4.0656346724712], [7.389506028145589, 6.1893801741369865, 4.869429441936704, 3.7042308918316635, 2.345069387033143, 1.3639122442444749, 2.2978249650484694, 0.0, 1.435206748172541, 2.421562301490506, 8.303440512221425, 7.510819274220356, 7.509704714567678, 6.379680178504249, 6.378440910598764, 4.994764197637362, 4.993062757466604, 4.002569846985808, 4.004594014378986, 2.581374906905233, 2.578577865801225, 2.0435260066855028, 2.099071151724019, 2.715843863332353, 2.657777947835372, 3.372186711912613], [8.692039922250704, 7.411058549896904, 6.183212593789737, 4.887494504344736, 3.6838793166986346, 2.3713076729939533, 2.710320047522063, 1.435206748172541, 0.0, 1.5170437073466272, 9.55687293783903, 8.848336943177515, 8.848035249138649, 7.51502903587205, 7.5147480010975745, 6.349508965266526, 6.349063783740087, 5.033250278895339, 5.0337207878467, 3.9402561008137527, 3.9400618649965384, 1.0950007716892256, 1.0960582329420276, 2.1662008217152904, 2.160271772254593, 2.162040538472857], [9.25688912108166, 7.964860165753068, 6.7986992130848085, 5.4995517817363995, 4.404902165769405, 3.1370348627326403, 3.2784357626770726, 2.421562301490506, 1.5170437073466272, 0.0, 10.090792287030784, 9.560132378267571, 9.29254435555731, 8.190531972955114, 7.878388010881413, 7.1575610797254114, 6.798057031240617, 5.363821303884014, 5.811555390771046, 4.928281413434099, 4.383938178168118, 2.148639057636252, 2.1729460002494307, 1.094531100517477, 1.0949868492360992, 1.0937410662492295], [1.0944956372686003, 2.1591415423728013, 3.4707990794628256, 4.678062165042273, 5.96956500341524, 7.194075770382184, 7.366929283629646, 8.303440512221425, 9.55687293783903, 10.090792287030784, 0.0, 1.7720309957785725, 1.771972386918035, 2.4732255821093228, 2.4731402608829125, 3.753489194069966, 3.7535312360495947, 4.834908505856134, 4.834959642023913, 6.149988830071157, 6.149621465586317, 10.30327902466006, 9.608290893806243, 9.53306890513228, 10.214763986505021, 11.10435299961236], [1.0946860782891141, 2.168550974729439, 2.781982490958561, 4.1989421346334375, 5.199793505515387, 6.569819268442626, 6.980886214514601, 7.510819274220356, 8.848336943177515, 9.560132378267571, 1.7720309957785725, 0.0, 1.7747159012078524, 2.502678583038581, 3.06519899843387, 2.559846686815443, 3.112102390667762, 4.728344838312874, 4.3855718201849125, 5.098444774634713, 5.399758226069015, 9.451105427938044, 8.971052699098362, 9.179231225979656, 9.626350740026044, 10.599186818336584], [1.0946364876067305, 2.1685437648339034, 2.7819633696366317, 4.198931988017906, 5.199772184432699, 6.569649473906504, 6.980844757620671, 7.509704714567678, 8.848035249138649, 9.29254435555731, 1.771972386918035, 1.7747159012078524, 0.0, 3.065210367984553, 2.5025951270631057, 3.1120713568297242, 2.5598929821381207, 4.385515319777141, 4.728357078309547, 5.400146302647735, 5.098019453670219, 9.535102411615725, 9.09418349715905, 8.805297478790822, 9.243745669370183, 10.356247075075025], [2.1463573327850143, 1.09623722797577, 2.162606341893966, 2.758764904807947, 4.177693178058916, 5.170608274661697, 5.193161623712476, 6.379680178504249, 7.51502903587205, 8.190531972955114, 2.4732255821093228, 2.502678583038581, 3.065210367984553, 0.0, 1.764952081502498, 2.508469375934257, 3.0671889084306496, 3.0851728606352027, 2.5320700345764533, 4.371133936405976, 4.717488521448675, 8.28552218028532, 7.406301041680658, 7.665858603574684, 8.497831146827995, 9.14001286213537], [2.1462934491816354, 1.0962689952744262, 2.1626223572320713, 2.7588299567026597, 4.177728787271859, 5.170469456442036, 5.1931953516115685, 6.378440910598764, 7.5147480010975745, 7.878388010881413, 2.4731402608829125, 3.06519899843387, 2.5025951270631057, 1.764952081502498, 0.0, 3.0671585123693887, 2.508555777733475, 2.5320937206193608, 3.085259938805805, 4.717761670538265, 4.370925140059024, 8.380751303433362, 7.554245773735456, 7.216545406217576, 8.064374699255982, 8.858797961913343], [2.7502751444173725, 2.1591911471659935, 1.096824735315538, 2.159797835446642, 2.7527804416625745, 4.159583072857183, 4.767230418177833, 4.994764197637362, 6.349508965266526, 7.1575610797254114, 3.753489194069966, 2.559846686815443, 3.1120713568297242, 2.508469375934257, 3.0671585123693887, 0.0, 1.7648746726042615, 3.0669821339551357, 2.509871090315198, 2.538752374691159, 3.097279247985238, 6.903858295909614, 6.528064559270228, 6.906412207506876, 7.23914998117873, 8.190431608285365], [2.750314876518687, 2.159268565973209, 1.0968199624368622, 2.159809547159193, 2.752715947932151, 4.159304568073851, 4.7671824267590175, 4.993062757466604, 6.349063783740087, 6.798057031240617, 3.7535312360495947, 3.112102390667762, 2.5598929821381207, 3.0671889084306496, 2.508555777733475, 1.7648746726042615, 0.0, 2.509872176028094, 3.0670021943259185, 3.0975619783952673, 2.5382803371574227, 7.01773936820113, 6.695334043944335, 6.4039568307414445, 6.724956814731229, 7.875287720458219], [4.167064398350474, 2.753320050411866, 2.161623308997199, 1.0972588846758087, 2.159891175499358, 2.751925981926113, 2.7575818120229907, 4.002569846985808, 5.033250278895339, 5.363821303884014, 4.834908505856134, 4.728344838312874, 4.385515319777141, 3.0851728606352027, 2.5320937206193608, 3.0669821339551357, 2.509872176028094, 0.0, 1.7604566339447272, 3.065889344056631, 2.5015103217856205, 5.956800072186408, 5.097760365101522, 4.7243354675552, 5.629758064073447, 6.333961924419818], [4.167108011559096, 2.7533406799740567, 2.1616554327644355, 1.097233202195413, 2.159898073984048, 2.752262256762607, 2.757603591889161, 4.004594014378986, 5.0337207878467, 5.811555390771046, 4.834959642023913, 4.3855718201849125, 4.728357078309547, 2.5320700345764533, 3.085259938805805, 2.509871090315198, 3.0670021943259185, 1.7604566339447272, 0.0, 2.5015076473998636, 3.0658676765313926, 5.822450022112684, 4.876476471798055, 5.384210758319181, 6.233410467793695, 6.720739276299892], [5.176791428095206, 4.181066611523907, 2.7645977465085223, 2.1597529789306926, 1.095681970281523, 2.1250415101828013, 3.1154423088864927, 2.581374906905233, 3.9402561008137527, 4.928281413434099, 6.149988830071157, 5.098444774634713, 5.400146302647735, 4.371133936405976, 4.717761670538265, 2.538752374691159, 3.0975619783952673, 3.065889344056631, 2.5015076473998636, 0.0, 1.7848005322724443, 4.388309525318376, 4.225200048518413, 4.92898134100749, 5.0450055986093805, 5.920808739521992], [5.1764051338742805, 4.180779904515425, 2.764261897867132, 2.159682872553283, 1.0957623191185213, 2.124964023224864, 3.115765462932022, 2.578577865801225, 3.9400618649965384, 4.383938178168118, 6.149621465586317, 5.399758226069015, 5.098019453670219, 4.717488521448675, 4.370925140059024, 3.097279247985238, 2.5382803371574227, 2.5015103217856205, 3.0658676765313926, 1.7848005322724443, 0.0, 4.567842373593905, 4.482593681118109, 4.187573022646889, 4.2655786418726365, 5.471891785296927], [9.392328056451179, 8.184025895609079, 6.87615277535338, 5.686142235294506, 4.3603115404750605, 3.2305365142650833, 3.7155541026877805, 2.0435260066855028, 1.0950007716892256, 2.148639057636252, 10.30327902466006, 9.451105427938044, 9.535102411615725, 8.28552218028532, 8.380751303433362, 6.903858295909614, 7.01773936820113, 5.956800072186408, 5.822450022112684, 4.388309525318376, 4.567842373593905, 0.0, 1.76187122117367, 3.066584518646111, 2.5012073084812463, 2.4889824828632285], [8.815054298187844, 7.455096574827184, 6.361626064930254, 4.9610287844357455, 3.9846042024271373, 2.5411763437431882, 2.446743364147536, 2.099071151724019, 1.0960582329420276, 2.1729460002494307, 9.608290893806243, 8.971052699098362, 9.09418349715905, 7.406301041680658, 7.554245773735456, 6.528064559270228, 6.695334043944335, 5.097760365101522, 4.876476471798055, 4.225200048518413, 4.482593681118109, 1.76187122117367, 0.0, 2.5373850417309547, 3.080105718964854, 2.517362476879323], [8.767975675718997, 7.429587010729466, 6.399094740664495, 5.053550273817408, 4.202492400944944, 2.947785378890397, 2.8195948857947664, 2.715843863332353, 2.1662008217152904, 1.094531100517477, 9.53306890513228, 9.179231225979656, 8.805297478790822, 7.665858603574684, 7.216545406217576, 6.906412207506876, 6.4039568307414445, 4.7243354675552, 5.384210758319181, 4.92898134100749, 4.187573022646889, 3.066584518646111, 2.5373850417309547, 0.0, 1.7590634013588027, 1.777196806771833], [9.329155250074896, 8.142810881998917, 6.891840667775191, 5.749666258140555, 4.541711929438062, 3.5440956096019756, 3.9603747057570193, 2.657777947835372, 2.160271772254593, 1.0949868492360992, 10.214763986505021, 9.626350740026044, 9.243745669370183, 8.497831146827995, 8.064374699255982, 7.23914998117873, 6.724956814731229, 5.629758064073447, 6.233410467793695, 5.0450055986093805, 4.2655786418726365, 2.5012073084812463, 3.080105718964854, 1.7590634013588027, 0.0, 1.77994293166944], [10.293835504805777, 8.968716640634824, 7.840293532132582, 6.496294072777186, 5.4414153388617565, 4.0973618890696, 4.0656346724712, 3.372186711912613, 2.162040538472857, 1.0937410662492295, 11.10435299961236, 10.599186818336584, 10.356247075075025, 9.14001286213537, 8.858797961913343, 8.190431608285365, 7.875287720458219, 6.333961924419818, 6.720739276299892, 5.920808739521992, 5.471891785296927, 2.4889824828632285, 2.517362476879323, 1.777196806771833, 1.77994293166944, 0.0]]}