{"total energy": -51.78025336, "HOMO-LUMO gap/eV": 1.28464681, "electronic energy": -52.53603242, "dipole": [-0.48755996, 1.45719427, -0.10478801], "partial charges": [-0.2767163, 0.24824018, -0.32763099, 0.16600336, -0.27023012, 0.02804233, -0.24530303, 0.06697064, 0.00955113, -0.03276877, -0.02941766, -0.0278565, -0.02943114, -0.02661021, 0.15289185, -0.28545825, -0.28090736, 0.17934048, -0.32417085, 0.18965177, 0.19465341, 0.18876578, 0.1874702, 0.04148775, 0.03493135, 0.03243329, 0.03402447, 0.03840636, 0.17227669, 0.19136012], "atomic dipole moments": [[-0.06755089, 0.12504697, 0.00656069], [0.04353215, -0.01294592, -0.01652385], [-0.18639702, -0.04473548, 0.21245211], [-0.00012124, 0.00618822, -0.04961841], [0.0567243, 0.11015899, 0.07703899], [-0.04933997, -0.00257437, -0.01493077], [0.09815242, -0.05957295, 0.24597705], [0.01241343, -0.01125875, 0.01382441], [0.07939653, -0.01010394, 0.00898037], [0.01246166, 0.01266244, -0.01693964], [0.0006867, -0.00032959, -0.00079848], [0.00265255, 0.00013816, 0.00050694], [-0.00057431, -0.00013097, -0.00045306], [0.00434956, -0.02031041, 0.01127713], [-0.03723738, -0.0128928, 0.08565644], [0.10020743, 0.13790765, -0.01854194], [-0.06731319, 0.03071795, -0.27131635], [0.00676712, -0.00233992, 0.00245412], [-0.10820561, 0.04275095, -0.26424799], [0.05395789, 0.07238936, -0.09611779], [0.00334379, 0.03450169, 0.12885178], [-0.09225728, 0.09910459, 0.0001132], [0.11531117, 0.0274289, -0.05192791], [0.03773727, -0.11857087, 0.08972231], [-0.10152018, -0.09880026, 0.05491633], [-0.14576437, 0.01337518, -0.0357766], [-0.04585755, 0.11092819, -0.09274084], [0.09676075, 0.09967103, -0.06279451], [-0.07036334, 0.11232167, 0.00949563], [0.09365891, -0.00287924, 0.08719244]], "atomic quadrupole moments": [[0.1026794, -0.0136258, -0.01763742, 0.03704869, 0.00889543, -0.08504198], [-0.10616925, 0.02218222, 0.40001256, 0.07725021, 0.12025455, -0.29384331], [-0.11003072, 0.00449149, 0.18282034, 0.06392963, 0.05524649, -0.07278962], [-0.34343907, 0.01569833, 0.42137954, 0.11159321, 0.06399436, -0.07794048], [-0.06564051, 0.02447343, -0.01648174, 0.05357492, -0.01598436, 0.08212226], [-0.10682564, 0.03180261, 0.28399418, -0.03383584, 0.09214733, -0.17716854], [-0.11677653, 0.03043386, 0.30432478, 0.00432067, 0.1014168, -0.18754825], [-0.12504606, 0.02992914, 0.42468852, -0.03204379, 0.10364699, -0.29964245], [-0.1052879, -0.08151325, -0.07260824, -0.07021732, 0.34929984, 0.17789613], [-0.25659425, -0.06732022, -0.00840214, -0.08728117, 0.36563542, 0.26499638], [-0.25968395, -0.07055339, 0.01330573, -0.07877251, 0.36911641, 0.24637822], [-0.2592067, -0.06000828, 0.02145179, -0.08532868, 0.37473226, 0.23775491], [-0.24993696, -0.05048518, 0.02038572, -0.08810317, 0.37821507, 0.22955124], [-0.25339842, -0.05691934, 0.01200109, -0.08651541, 0.37467898, 0.24139733], [-0.20443486, 0.05699828, 0.40960288, -0.16353774, 0.09551911, -0.20516802], [0.00566545, 0.03173202, -0.04230074, -0.08710058, 0.00150192, 0.03663529], [-0.08532491, 0.02779651, 0.23767185, -0.05825046, 0.06009195, -0.15234693], [-0.13168793, 0.04635878, 0.38607593, -0.10096731, 0.1244152, -0.25438799], [-0.04329614, 0.01926135, 0.18459945, -0.02741093, 0.04985913, -0.14130331], [0.03825203, 0.03521066, -0.04970134, -0.04159579, -0.02654909, 0.01144931], [0.0007407, 0.01109676, -0.06087985, 0.04108365, 0.00368058, 0.06013915], [0.03690814, -0.05448097, -0.02909034, 0.01559522, -0.02812468, -0.0078178], [0.02103562, 2.396e-05, -0.05323283, -0.0545189, -0.02386639, 0.03219721], [0.04030845, 0.00680078, -0.00794762, 0.01405425, -0.04037835, -0.03236083], [0.03204509, 0.00130113, -0.00153866, 0.01498514, -0.04888406, -0.03050644], [0.02812848, 0.00879369, 0.00151174, 0.00814767, -0.05112384, -0.02964022], [0.03752249, 0.01267678, -0.00423606, 0.00809413, -0.04584335, -0.03328644], [0.03532535, 0.00669476, -0.00488184, 0.01603929, -0.04360463, -0.03044351], [0.03123715, -0.06950525, -0.01676235, -0.01498339, 0.00235142, -0.0144748], [-0.01664858, -0.02248294, -0.05258631, 0.03375925, -0.02120581, 0.06923488]], "number of molecular orbitals": 87, "number of electrons": 94, "number of unpaired electrons": 0, "orbital energies/eV": [-18.40460171, -18.28656562, -17.9782455, -17.83276547, -17.65708298, -17.53361974, -17.26284546, -17.12012111, -17.01347558, -16.74250999, -16.6928731, -16.30638226, -16.26387662, -15.94304883, -15.68711463, -15.5761069, -15.30728061, -15.23614869, -14.96947764, -14.88261706, -14.535399, -14.42324965, -14.29006194, -14.09980436, -13.82637115, -13.80227954, -13.69073022, -13.49587792, -13.45540169, -13.24110217, -13.04911482, -13.01732522, -12.95401138, -12.88814556, -12.40471867, -12.30790701, -11.74391251, -11.62462617, -11.23145542, -11.17497175, -11.09694805, -11.05654964, -10.96017132, -10.73132198, -10.26386081, -10.2038438, -9.29630322, -8.01165641, -6.76445163, -6.27004688, -5.87879265, -5.73121556, -4.43596861, -2.75021354, -1.96982212, 0.83437826, 1.01930583, 1.28871908, 1.99967115, 3.06124036, 3.16747423, 3.52095603, 4.01307346, 4.13677077, 4.22932218, 4.41551935, 4.67765349, 4.95082587, 5.05259693, 5.19521099, 5.94578192, 6.27848411, 7.75313181, 8.35035346, 8.9767614, 9.47568232, 10.36465719, 10.95301736, 11.10480517, 11.58540989, 13.17878735, 13.39039392, 13.64477627, 16.07617797, 16.80404755, 17.29770789, 18.04514805], "fractional occupation": [2.0, 2.0, 2.0, 2.0, 2.0, 2.0, 2.0, 2.0, 2.0, 2.0, 2.0, 2.0, 2.0, 2.0, 2.0, 2.0, 2.0, 2.0, 2.0, 2.0, 2.0, 2.0, 2.0, 2.0, 2.0, 2.0, 2.0, 2.0, 2.0, 2.0, 2.0, 2.0, 2.0, 2.0, 2.0, 2.0, 2.0, 2.0, 2.0, 2.0, 2.0, 2.0, 2.0, 2.0, 2.0, 2.0, 2.0, 0.0, 0.0, 0.0, 0.0, 0.0, 0.0, 0.0, 0.0, 0.0, 0.0, 0.0, 0.0, 0.0, 0.0, 0.0, 0.0, 0.0, 0.0, 0.0, 0.0, 0.0, 0.0, 0.0, 0.0, 0.0, 0.0, 0.0, 0.0, 0.0, 0.0, 0.0, 0.0, 0.0, 0.0, 0.0, 0.0, 0.0, 0.0, 0.0, 0.0], "program call": "xtb /home/svss/Project-DBcg-Debug/aqme2_20220329/End-to-End-workflows-final/example-3/QDESCP/mol_380_rdkit_conf_3/mol_380_rdkit_conf_3.xyz --pop --wbo --acc 0.2 --gfn 2 --chrg 0 --uhf 0 --etemp 300 --input /home/svss/Project-DBcg-Debug/aqme2_20220329/End-to-End-workflows-final/example-3/QDESCP/mol_380_rdkit_conf_3/mol_380_rdkit_conf_3_xtb.inp", "method": "GFN2-xTB", "xtb version": "6.3.3 (7355c4f)", "Dipole module/D": 3.915, "Total charge": 0, "Transition dipole module/D": NaN, "HOMO": -9.2963, "LUMO": -8.0117, "HOMO occupancy": 2.0, "LUMO occupancy": 0, "mulliken charges": [-0.42533, 0.43118, -0.42981, 0.29863, -0.42112, 0.07119, -0.32463, 0.11663, -0.0005, -0.03641, -0.02781, -0.02873, -0.02896, -0.02744, 0.27586, -0.43636, -0.37085, 0.30679, -0.42417, 0.22099, 0.22453, 0.22154, 0.21979, 0.03363, 0.03107, 0.02978, 0.03042, 0.03276, 0.21453, 0.22281], "cm5 charges": [-0.86149, 0.6437, -0.60366, 0.43543, -0.85402, 0.16204, -0.49671, 0.19582, -0.00113, -0.08724, -0.0831, -0.08408, -0.08422, -0.07756, 0.40898, -0.87286, -0.54076, 0.46729, -0.59372, 0.41687, 0.42022, 0.41327, 0.41403, 0.09289, 0.08644, 0.08517, 0.0858, 0.09177, 0.40397, 0.41687], "FUKUI+": [-0.035, -0.019, -0.059, -0.04, -0.037, -0.011, -0.103, -0.037, -0.008, -0.012, -0.014, -0.026, -0.014, -0.011, -0.024, -0.031, -0.08, -0.007, -0.055, -0.034, -0.033, -0.034, -0.041, -0.024, -0.04, -0.044, -0.039, -0.02, -0.035, -0.034], "FUKUI-": [-0.04, -0.003, -0.086, -0.009, -0.037, -0.024, -0.093, -0.02, -0.006, -0.009, -0.012, -0.022, -0.013, -0.008, -0.014, -0.04, -0.094, -0.006, -0.117, -0.037, -0.032, -0.028, -0.037, -0.02, -0.035, -0.039, -0.036, -0.016, -0.037, -0.032], "FUKUIrad": [-0.037, -0.011, -0.072, -0.024, -0.037, -0.018, -0.098, -0.028, -0.007, -0.011, -0.013, -0.024, -0.014, -0.009, -0.019, -0.036, -0.087, -0.007, -0.086, -0.035, -0.032, -0.031, -0.039, -0.022, -0.037, -0.042, -0.037, -0.018, -0.036, -0.033], "s proportion": [1.433, 0.975, 1.54, 1.027, 1.444, 1.035, 1.568, 1.054, 1.083, 1.066, 1.06, 1.06, 1.061, 1.065, 1.029, 1.451, 1.541, 1.003, 1.527, 0.779, 0.775, 0.778, 0.78, 0.966, 0.969, 0.97, 0.97, 0.967, 0.785, 0.777], "p proportion": [3.992, 2.594, 3.89, 2.674, 3.977, 2.894, 3.756, 2.829, 2.917, 2.971, 2.967, 2.969, 2.968, 2.963, 2.695, 3.985, 3.83, 2.69, 3.897, 0.0, 0.0, 0.0, 0.0, 0.0, 0.0, 0.0, 0.0, 0.0, 0.0, 0.0], "d proportion": [0.0, 0.0, 0.0, 0.0, 0.0, 0.0, 0.0, 0.0, 0.0, 0.0, 0.0, 0.0, 0.0, 0.0, 0.0, 0.0, 0.0, 0.0, 0.0, 0.0, 0.0, 0.0, 0.0, 0.0, 0.0, 0.0, 0.0, 0.0, 0.0, 0.0], "Fermi-level/eV": -8.654, "Coordination numbers": [2.648, 2.876, 1.847, 2.915, 2.641, 2.941, 1.842, 2.927, 2.965, 2.916, 2.909, 2.912, 2.909, 2.918, 2.856, 2.641, 1.862, 2.961, 1.857, 0.86, 0.86, 0.86, 0.86, 0.925, 0.925, 0.925, 0.925, 0.925, 0.86, 0.86], "Dispersion coefficient C6": [27.152, 22.848, 29.35, 24.424, 26.995, 27.376, 27.25, 26.501, 27.802, 28.817, 28.735, 28.697, 28.735, 28.667, 24.682, 27.368, 28.138, 24.158, 29.259, 1.16, 1.134, 1.165, 1.172, 2.429, 2.517, 2.552, 2.53, 2.47, 1.259, 1.151], "Total dispersion C6": 12843.255801, "Total dispersion C8": 310239.831821, "Polarizability alpha": [7.739, 7.836, 8.029, 8.104, 7.717, 8.581, 7.736, 8.442, 8.649, 8.803, 8.79, 8.784, 8.79, 8.78, 8.143, 7.77, 7.862, 8.062, 8.017, 1.687, 1.668, 1.691, 1.696, 2.437, 2.481, 2.498, 2.487, 2.458, 1.758, 1.681], "Total polarizability alpha": 179.176404, "Wiberg matrix": [[0.0, 1.1916830851199882, 0.0, 0.0, 0.0, 0.0, 0.0, 0.0, 0.0, 0.0, 0.0, 0.0, 0.0, 0.0, 0.0, 0.0, 0.0, 0.0, 0.0, 0.943954048267335, 0.9423422652794016, 0.0, 0.0, 0.0, 0.0, 0.0, 0.0, 0.0, 0.0, 0.0], [1.1916830851199882, 0.0, 1.2889436695940304, 0.0, 0.0, 0.0, 0.0, 0.0, 0.0, 0.0, 0.0, 0.0, 0.0, 0.0, 0.0, 0.0, 0.0, 0.0, 1.3701039719166124, 0.0, 0.0, 0.0, 0.0, 0.0, 0.0, 0.0, 0.0, 0.0, 0.0, 0.0], [0.0, 1.2889436695940304, 0.0, 1.3984399219325576, 0.0, 0.0, 0.0, 0.0, 0.0, 0.0, 0.0, 0.0, 0.0, 0.0, 0.0, 0.0, 0.0, 0.0, 0.0, 0.0, 0.0, 0.0, 0.0, 0.0, 0.0, 0.0, 0.0, 0.0, 0.0, 0.0], [0.0, 0.0, 1.3984399219325576, 0.0, 1.1871293112667705, 1.2107195989229642, 0.0, 0.0, 0.0, 0.0, 0.0, 0.0, 0.0, 0.0, 0.0, 0.0, 0.0, 0.0, 0.0, 0.0, 0.0, 0.0, 0.0, 0.0, 0.0, 0.0, 0.0, 0.0, 0.0, 0.0], [0.0, 0.0, 0.0, 1.1871293112667705, 0.0, 0.0, 0.0, 0.0, 0.0, 0.0, 0.0, 0.0, 0.0, 0.0, 0.0, 0.0, 0.0, 0.0, 0.0, 0.0, 0.0, 0.9405315577979714, 0.9473650965325647, 0.0, 0.0, 0.0, 0.0, 0.0, 0.0, 0.0], [0.0, 0.0, 0.0, 1.2107195989229642, 0.0, 0.0, 1.3059790633733102, 0.0, 0.0, 0.0, 0.0, 0.0, 0.0, 0.0, 0.0, 0.0, 0.0, 1.1989905019554552, 0.0, 0.0, 0.0, 0.0, 0.0, 0.0, 0.0, 0.0, 0.0, 0.0, 0.0, 0.0], [0.0, 0.0, 0.0, 0.0, 0.0, 1.3059790633733102, 0.0, 1.4652715333500133, 0.0, 0.0, 0.0, 0.0, 0.0, 0.0, 0.0, 0.0, 0.0, 0.0, 0.0, 0.0, 0.0, 0.0, 0.0, 0.0, 0.0, 0.0, 0.0, 0.0, 0.0, 0.0], [0.0, 0.0, 0.0, 0.0, 0.0, 0.0, 1.4652715333500133, 0.0, 1.0436800567136744, 0.0, 0.0, 0.0, 0.0, 0.0, 1.2242414201477902, 0.0, 0.0, 0.0, 0.0, 0.0, 0.0, 0.0, 0.0, 0.0, 0.0, 0.0, 0.0, 0.0, 0.0, 0.0], [0.0, 0.0, 0.0, 0.0, 0.0, 0.0, 0.0, 1.0436800567136744, 0.0, 1.3869890620701553, 0.0, 0.102711473904223, 0.0, 1.383896682562792, 0.0, 0.0, 0.0, 0.0, 0.0, 0.0, 0.0, 0.0, 0.0, 0.0, 0.0, 0.0, 0.0, 0.0, 0.0, 0.0], [0.0, 0.0, 0.0, 0.0, 0.0, 0.0, 0.0, 0.0, 1.3869890620701553, 0.0, 1.4469770689536607, 0.0, 0.10903298279934273, 0.0, 0.0, 0.0, 0.0, 0.0, 0.0, 0.0, 0.0, 0.0, 0.0, 0.9695356758204149, 0.0, 0.0, 0.0, 0.0, 0.0, 0.0], [0.0, 0.0, 0.0, 0.0, 0.0, 0.0, 0.0, 0.0, 0.0, 1.4469770689536607, 0.0, 1.4360554737790305, 0.0, 0.10972850516783808, 0.0, 0.0, 0.0, 0.0, 0.0, 0.0, 0.0, 0.0, 0.0, 0.0, 0.9706364154008308, 0.0, 0.0, 0.0, 0.0, 0.0], [0.0, 0.0, 0.0, 0.0, 0.0, 0.0, 0.0, 0.0, 0.102711473904223, 0.0, 1.4360554737790305, 0.0, 1.434649898876916, 0.0, 0.0, 0.0, 0.0, 0.0, 0.0, 0.0, 0.0, 0.0, 0.0, 0.0, 0.0, 0.9709754163606384, 0.0, 0.0, 0.0, 0.0], [0.0, 0.0, 0.0, 0.0, 0.0, 0.0, 0.0, 0.0, 0.0, 0.10903298279934273, 0.0, 1.434649898876916, 0.0, 1.449629522934408, 0.0, 0.0, 0.0, 0.0, 0.0, 0.0, 0.0, 0.0, 0.0, 0.0, 0.0, 0.0, 0.9706488564560452, 0.0, 0.0, 0.0], [0.0, 0.0, 0.0, 0.0, 0.0, 0.0, 0.0, 0.0, 1.383896682562792, 0.0, 0.10972850516783808, 0.0, 1.449629522934408, 0.0, 0.0, 0.0, 0.0, 0.0, 0.0, 0.0, 0.0, 0.0, 0.0, 0.0, 0.0, 0.0, 0.0, 0.969609058575175, 0.0, 0.0], [0.0, 0.0, 0.0, 0.0, 0.0, 0.0, 0.0, 1.2242414201477902, 0.0, 0.0, 0.0, 0.0, 0.0, 0.0, 0.0, 1.1581883928001138, 1.4192842041697795, 0.0, 0.0, 0.0, 0.0, 0.0, 0.0, 0.0, 0.0, 0.0, 0.0, 0.0, 0.0, 0.0], [0.0, 0.0, 0.0, 0.0, 0.0, 0.0, 0.0, 0.0, 0.0, 0.0, 0.0, 0.0, 0.0, 0.0, 1.1581883928001138, 0.0, 0.0, 0.0, 0.0, 0.0, 0.0, 0.0, 0.0, 0.0, 0.0, 0.0, 0.0, 0.0, 0.9410593938315068, 0.943557233037261], [0.0, 0.0, 0.0, 0.0, 0.0, 0.0, 0.0, 0.0, 0.0, 0.0, 0.0, 0.0, 0.0, 0.0, 1.4192842041697795, 0.0, 0.0, 1.287893815814691, 0.0, 0.0, 0.0, 0.0, 0.0, 0.0, 0.0, 0.0, 0.0, 0.0, 0.0, 0.0], [0.0, 0.0, 0.0, 0.0, 0.0, 1.1989905019554552, 0.0, 0.0, 0.0, 0.0, 0.0, 0.0, 0.0, 0.0, 0.0, 0.0, 1.287893815814691, 0.0, 1.308365617714572, 0.0, 0.0, 0.0, 0.0, 0.0, 0.0, 0.0, 0.0, 0.0, 0.0, 0.0], [0.0, 1.3701039719166124, 0.0, 0.0, 0.0, 0.0, 0.0, 0.0, 0.0, 0.0, 0.0, 0.0, 0.0, 0.0, 0.0, 0.0, 0.0, 1.308365617714572, 0.0, 0.0, 0.0, 0.0, 0.0, 0.0, 0.0, 0.0, 0.0, 0.0, 0.0, 0.0], [0.943954048267335, 0.0, 0.0, 0.0, 0.0, 0.0, 0.0, 0.0, 0.0, 0.0, 0.0, 0.0, 0.0, 0.0, 0.0, 0.0, 0.0, 0.0, 0.0, 0.0, 0.0, 0.0, 0.0, 0.0, 0.0, 0.0, 0.0, 0.0, 0.0, 0.0], [0.9423422652794016, 0.0, 0.0, 0.0, 0.0, 0.0, 0.0, 0.0, 0.0, 0.0, 0.0, 0.0, 0.0, 0.0, 0.0, 0.0, 0.0, 0.0, 0.0, 0.0, 0.0, 0.0, 0.0, 0.0, 0.0, 0.0, 0.0, 0.0, 0.0, 0.0], [0.0, 0.0, 0.0, 0.0, 0.9405315577979714, 0.0, 0.0, 0.0, 0.0, 0.0, 0.0, 0.0, 0.0, 0.0, 0.0, 0.0, 0.0, 0.0, 0.0, 0.0, 0.0, 0.0, 0.0, 0.0, 0.0, 0.0, 0.0, 0.0, 0.0, 0.0], [0.0, 0.0, 0.0, 0.0, 0.9473650965325647, 0.0, 0.0, 0.0, 0.0, 0.0, 0.0, 0.0, 0.0, 0.0, 0.0, 0.0, 0.0, 0.0, 0.0, 0.0, 0.0, 0.0, 0.0, 0.0, 0.0, 0.0, 0.0, 0.0, 0.0, 0.0], [0.0, 0.0, 0.0, 0.0, 0.0, 0.0, 0.0, 0.0, 0.0, 0.9695356758204149, 0.0, 0.0, 0.0, 0.0, 0.0, 0.0, 0.0, 0.0, 0.0, 0.0, 0.0, 0.0, 0.0, 0.0, 0.0, 0.0, 0.0, 0.0, 0.0, 0.0], [0.0, 0.0, 0.0, 0.0, 0.0, 0.0, 0.0, 0.0, 0.0, 0.0, 0.9706364154008308, 0.0, 0.0, 0.0, 0.0, 0.0, 0.0, 0.0, 0.0, 0.0, 0.0, 0.0, 0.0, 0.0, 0.0, 0.0, 0.0, 0.0, 0.0, 0.0], [0.0, 0.0, 0.0, 0.0, 0.0, 0.0, 0.0, 0.0, 0.0, 0.0, 0.0, 0.9709754163606384, 0.0, 0.0, 0.0, 0.0, 0.0, 0.0, 0.0, 0.0, 0.0, 0.0, 0.0, 0.0, 0.0, 0.0, 0.0, 0.0, 0.0, 0.0], [0.0, 0.0, 0.0, 0.0, 0.0, 0.0, 0.0, 0.0, 0.0, 0.0, 0.0, 0.0, 0.9706488564560452, 0.0, 0.0, 0.0, 0.0, 0.0, 0.0, 0.0, 0.0, 0.0, 0.0, 0.0, 0.0, 0.0, 0.0, 0.0, 0.0, 0.0], [0.0, 0.0, 0.0, 0.0, 0.0, 0.0, 0.0, 0.0, 0.0, 0.0, 0.0, 0.0, 0.0, 0.969609058575175, 0.0, 0.0, 0.0, 0.0, 0.0, 0.0, 0.0, 0.0, 0.0, 0.0, 0.0, 0.0, 0.0, 0.0, 0.0, 0.0], [0.0, 0.0, 0.0, 0.0, 0.0, 0.0, 0.0, 0.0, 0.0, 0.0, 0.0, 0.0, 0.0, 0.0, 0.0, 0.9410593938315068, 0.0, 0.0, 0.0, 0.0, 0.0, 0.0, 0.0, 0.0, 0.0, 0.0, 0.0, 0.0, 0.0, 0.0], [0.0, 0.0, 0.0, 0.0, 0.0, 0.0, 0.0, 0.0, 0.0, 0.0, 0.0, 0.0, 0.0, 0.0, 0.0, 0.943557233037261, 0.0, 0.0, 0.0, 0.0, 0.0, 0.0, 0.0, 0.0, 0.0, 0.0, 0.0, 0.0, 0.0, 0.0]], "Born radii": [], "Atomic SASAs": [], "Solvent H bonds": [], "Total SASA": NaN, "Total FOD": 0.0, "FOD": [0.0, 0.0, 0.0, 0.0, 0.0, 0.0, 0.0, 0.0, 0.0, 0.0, 0.0, 0.0, 0.0, 0.0, 0.0, 0.0, 0.0, 0.0, 0.0, 0.0, 0.0, 0.0, 0.0, 0.0, 0.0, 0.0, 0.0, 0.0, 0.0, 0.0], "FOD s proportion": [0.0, 0.0, 0.0, 0.0, 0.0, 0.0, 0.0, 0.0, 0.0, 0.0, 0.0, 0.0, 0.0, 0.0, 0.0, 0.0, 0.0, 0.0, 0.0, 0.0, 0.0, 0.0, 0.0, 0.0, 0.0, 0.0, 0.0, 0.0, 0.0, 0.0], "FOD p proportion": [0.0, 0.0, 0.0, 0.0, 0.0, 0.0, 0.0, 0.0, 0.0, 0.0, 0.0, 0.0, 0.0, 0.0, 0.0, 0.0, 0.0, 0.0, 0.0, 0.0, 0.0, 0.0, 0.0, 0.0, 0.0, 0.0, 0.0, 0.0, 0.0, 0.0], "FOD d proportion": [0.0, 0.0, 0.0, 0.0, 0.0, 0.0, 0.0, 0.0, 0.0, 0.0, 0.0, 0.0, 0.0, 0.0, 0.0, 0.0, 0.0, 0.0, 0.0, 0.0, 0.0, 0.0, 0.0, 0.0, 0.0, 0.0, 0.0, 0.0, 0.0, 0.0], "coordinates": [["5.56990", "-0.43930", "0.37660"], ["4.22670", "-0.32440", "0.09750"], ["3.87990", "-0.06640", "-1.15910"], ["2.56610", "0.04450", "-1.40580"], ["2.22260", "0.22900", "-2.75420"], ["1.57790", "-0.07940", "-0.43440"], ["0.24440", "0.05940", "-0.69060"], ["-0.60060", "-0.09930", "0.35860"], ["-2.03390", "0.02400", "0.03040"], ["-2.99400", "-0.87410", "0.52980"], ["-4.34860", "-0.74170", "0.20890"], ["-4.77020", "0.28890", "-0.62620"], ["-3.83870", "1.18290", "-1.14580"], ["-2.48530", "1.04800", "-0.82330"], ["-0.09100", "-0.33480", "1.64560"], ["-0.88910", "-0.48350", "2.78160"], ["1.23390", "-0.45020", "1.87510"], ["2.07880", "-0.33070", "0.84590"], ["3.37680", "-0.44070", "1.11050"], ["6.12880", "0.03870", "-0.31530"], ["5.75500", "-0.24740", "1.35120"], ["1.46910", "0.89930", "-2.86770"], ["3.05550", "0.41720", "-3.30080"], ["-2.69140", "-1.70200", "1.16970"], ["-5.07070", "-1.45040", "0.60640"], ["-5.82240", "0.38910", "-0.87960"], ["-4.16140", "1.98250", "-1.80740"], ["-1.77220", "1.75300", "-1.24750"], ["-1.54680", "0.28240", "2.88640"], ["-0.26910", "-0.57470", "3.58350"]], "bond_dist": [[0.0, 1.3766935243546397, 2.3137694137489153, 3.526163161284514, 4.631733025553178, 4.0894147515261885, 5.4542247643455255, 6.179886265134658, 7.62576394664823, 8.576298997236512, 9.924525746855615, 10.414103470294501, 9.668039540672142, 8.278772151714286, 5.802333156584512, 6.892362413570546, 4.587648314768689, 3.524175883806028, 2.3126389212326246, 1.0097419571355843, 1.0104121832202935, 5.397582152223345, 4.536416026997524, 8.394789847875883, 10.69100087035821, 11.491248160665576, 10.263194966968133, 7.832644030594011, 7.580723304540273, 6.663066994260226], [1.3766935243546397, 0.0, 1.328863348881291, 2.270152078606189, 3.529144550737473, 2.712763176172959, 4.077636244198347, 4.83959383729668, 6.2706456868491625, 7.25448563786572, 8.586170237073103, 9.046772252577158, 8.29870021991396, 6.912474115683906, 4.586856773434287, 5.77936979782398, 3.483179472837999, 2.2745585637657255, 1.3274127843289747, 1.9799570348873734, 1.9782299108041004, 4.230154901419096, 3.670166602485506, 7.1349493488040965, 9.379152518751361, 10.12167068571192, 8.905652880614651, 6.489331010974859, 6.440455861194921, 5.694476598424125], [2.3137694137489153, 1.328863348881291, 0.0, 1.3413538459332797, 2.3191050989551987, 2.413413161893338, 3.66772110989917, 4.73068451178051, 6.032919098579062, 7.124272854825256, 8.368731465401432, 8.673779482440166, 7.819060898854798, 6.4707356645129614, 4.868924671834634, 6.200520131408332, 4.0441300770375825, 2.7081064787042624, 2.3546325106054233, 2.4042869337913895, 3.138529448643106, 3.1086728824371344, 2.3452895791351653, 7.161039064968156, 9.227442040457367, 9.717007038692522, 8.323508262145234, 5.938372279505555, 6.777669553762562, 6.321773853120657], [3.526163161284514, 2.270152078606189, 1.3413538459332797, 0.0, 1.403643494623902, 1.391225506522936, 2.4294081460306334, 3.6279160257646534, 4.8190342071830115, 5.958614380038366, 7.144119443290404, 7.381653284325944, 6.510377684896629, 5.1829490119043236, 4.0638763342405, 5.454494458701008, 3.575442593581947, 2.334178489319101, 2.6878279744061, 3.7258630114377524, 4.225557693370189, 2.0177323038500425, 1.992346016634661, 6.109400031918028, 8.0376855555564, 8.412048968592611, 7.012587454713133, 4.665284346103676, 5.949413724057186, 5.77190455309164], [4.631733025553178, 3.529144550737473, 2.3191050989551987, 1.403643494623902, 0.0, 2.427389686473929, 2.8636487843309277, 4.215182436146744, 5.090561305985815, 6.262140302644136, 7.2734372575832404, 7.309666466399134, 6.3432037220950095, 5.153974992178367, 5.002884711843758, 6.390259367193166, 4.7821813871914145, 3.6461846552252397, 4.0885916670658125, 4.608996174873657, 5.436829579819474, 1.0148628429497257, 1.0138605476099758, 6.578232909376195, 8.204038128263422, 8.262068879524064, 6.687798478572751, 4.5333373942383774, 6.784364102847076, 6.857181918981003], [4.0894147515261885, 2.712763176172959, 2.413413161893338, 1.391225506522936, 2.427389686473929, 0.0, 1.3649637834023292, 2.3184277560450317, 3.6430522697320717, 4.739567421189406, 5.997989532334981, 6.361666899484757, 5.6070533090028665, 4.234603666224267, 2.6789655410251174, 4.073333009956343, 2.3642374859560955, 1.3975766848370075, 2.398602699489851, 4.553989814437446, 4.5458503901910365, 2.625002860950822, 3.2628457334051206, 4.840753046789311, 6.867808063712905, 7.428467902602797, 6.251089912967178, 3.9040993045771777, 4.5740968474661745, 4.44974735237856], [5.4542247643455255, 4.077636244198347, 3.66772110989917, 2.4294081460306334, 2.8636487843309277, 1.3649637834023292, 0.0, 1.3564775449671107, 2.389925741524201, 3.5844152898345922, 4.74831659222508, 5.02026202204626, 4.259244639604539, 2.9062349079178027, 2.3928470991686868, 3.692659678334845, 2.796715734571535, 2.4244656359701207, 3.647737789370283, 5.8963922817261745, 5.884707795634377, 2.6353532040316723, 3.8527195706409776, 3.8964301212776804, 5.675561033941931, 6.078691086903495, 4.935243609995356, 2.6916712522148765, 4.006626441284488, 4.3512866913132715], [6.179886265134658, 4.83959383729668, 4.73068451178051, 3.6279160257646534, 4.215182436146744, 2.3184277560450317, 1.3564775449671107, 0.0, 1.475556511964215, 2.5215051140142473, 3.8056000643788095, 4.301871039443187, 3.793751152882856, 2.503053932699014, 1.4041087600324982, 2.4701762872313386, 2.4058872188862055, 2.7331651267349364, 4.062218400086336, 6.764466687773694, 6.434348430882492, 3.961044273925754, 5.198562091578786, 2.7564424789935305, 4.676394985456212, 5.388772498445263, 4.6588350346411715, 2.717207953028255, 2.7259424370298064, 3.2765648810911707], [7.62576394664823, 6.2706456868491625, 6.032919098579062, 4.8190342071830115, 5.090561305985815, 3.6430522697320717, 2.389925741524201, 1.475556511964215, 0.0, 1.406334234810488, 2.4445847970565473, 2.826417035753924, 2.446180428750095, 1.4075303371508552, 2.5519539357127905, 3.022784267856375, 3.7823670591310945, 4.207749235636554, 5.536988043151259, 8.170030346944865, 7.90475387409374, 4.62991821742026, 6.095366440174044, 2.1701121491757056, 3.4245854639649456, 3.913327262062298, 3.426293527997857, 2.1658615606727962, 2.9087407876949087, 4.012166539414833], [8.576298997236512, 7.25448563786572, 7.124272854825256, 5.958614380038366, 6.262140302644136, 4.739567421189406, 3.5844152898345922, 2.5215051140142473, 1.406334234810488, 0.0, 1.3983732441662349, 2.4173935219570684, 2.784313640738054, 2.4050205217419665, 3.1564637064284455, 3.107052559903035, 4.456978989180901, 5.111604700091744, 6.411874974607662, 9.207218781477932, 8.809792951596537, 5.882789765068951, 7.2758093914010695, 1.0892461521621273, 2.156541708384051, 3.4032233485329755, 3.8711096806988046, 3.399006463659638, 2.9975729599127363, 4.103633031838982], [9.924525746855615, 8.586170237073103, 8.368731465401432, 7.144119443290404, 7.2734372575832404, 5.997989532334981, 4.74831659222508, 3.8056000643788095, 2.4445847970565473, 1.3983732441662349, 0.0, 1.3918602408287981, 2.408172597634979, 2.7821484180395557, 4.511854636399537, 4.318980525540721, 5.833138172544862, 6.471951850871575, 7.783655228746968, 10.519492409807613, 10.179976165983886, 6.782623522649625, 8.275369484802475, 2.142807637190049, 1.0870558173341422, 2.1530507030722705, 3.394374046860481, 3.8707190559377986, 4.008474809700068, 5.296992959217522], [10.414103470294501, 9.046772252577158, 8.673779482440166, 7.381653284325944, 7.309666466399134, 6.361666899484757, 5.02026202204626, 4.301871039443187, 2.826417035753924, 2.4173935219570684, 1.3918602408287981, 0.0, 1.3917300061434332, 2.41575024164337, 5.238796576504951, 5.222321304745621, 6.546142933819884, 7.0327650017613985, 8.361940686826234, 10.906303674939554, 10.72275913606195, 6.657760501850453, 8.27112607448345, 3.3926905340746893, 2.1528510166753296, 1.0869114223339453, 2.1527080247911, 3.3937599355287347, 4.767463536305233, 6.223124637993361], [9.668039540672142, 8.29870021991396, 7.819060898854798, 6.510377684896629, 6.3432037220950095, 5.6070533090028665, 4.259244639604539, 3.793751152882856, 2.446180428750095, 2.784313640738054, 2.408172597634979, 1.3917300061434332, 0.0, 1.3978182356801614, 4.913306680841324, 5.186665583975894, 6.125693689697519, 6.424535788677654, 7.732425680211869, 10.067272726016713, 10.015979571664472, 5.587316834581694, 7.263629611289386, 3.8730460299356113, 3.3944510204155254, 2.153148060399006, 1.086834858660689, 2.1461079073522837, 4.724652653899543, 6.180411022739507], [8.278772151714286, 6.912474115683906, 6.4707356645129614, 5.1829490119043236, 5.153974992178367, 4.234603666224267, 2.9062349079178027, 2.503053932699014, 1.4075303371508552, 2.4050205217419665, 2.7821484180395557, 2.41575024164337, 1.3978182356801614, 0.0, 3.706787765707662, 4.229497688851479, 4.8330543593053035, 5.051539482177685, 6.349805236383238, 8.687892109136715, 8.62027003637357, 4.454095015825325, 6.102161873467468, 3.4025029331361347, 3.86915207894443, 3.4019928439078173, 2.156630304433284, 1.088798535083511, 3.9024094736457373, 5.1927433953547135], [5.802333156584512, 4.586856773434287, 4.868924671834634, 4.0638763342405, 5.002884711843758, 2.6789655410251174, 2.3928470991686868, 1.4041087600324982, 2.5519539357127905, 3.1564637064284455, 4.511854636399537, 5.238796576504951, 4.913306680841324, 3.706787765707662, 0.0, 1.396270496716163, 1.3495730510053912, 2.3124811220851083, 3.5104392403230684, 6.532269368297667, 5.854060652231064, 4.9322197548365585, 5.910400934792834, 2.9762051021392995, 5.207870206715985, 6.304729352636795, 5.819041540494448, 3.944029651257708, 2.0099438101598763, 1.960797804466335], [6.892362413570546, 5.77936979782398, 6.200520131408332, 5.454494458701008, 6.390259367193166, 4.073333009956343, 3.692659678334845, 2.4701762872313386, 3.022784267856375, 3.107052559903035, 4.318980525540721, 5.222321304745621, 5.186665583975894, 4.229497688851479, 1.396270496716163, 0.0, 2.30867497495858, 3.5466480992621756, 4.581736555062938, 7.688589133254553, 6.8004302937387715, 6.275972719029299, 7.305252864206686, 2.7076279563485084, 4.811670106106611, 6.205099925867431, 6.152074795546622, 4.692061878321725, 1.0149655856234732, 1.0177234644047468], [4.587648314768689, 3.483179472837999, 4.0441300770375825, 3.575442593581947, 4.7821813871914145, 2.3642374859560955, 2.796715734571535, 2.4058872188862055, 3.7823670591310945, 4.456978989180901, 5.833138172544862, 6.546142933819884, 6.125693689697519, 4.8330543593053035, 1.3495730510053912, 2.30867497495858, 0.0, 1.3369326460222295, 2.275241486084499, 5.384878956856876, 4.555869210150791, 4.93666092921116, 5.555227279778929, 4.180020632724197, 6.5083009218996635, 7.6212968889815595, 6.970516310145182, 4.862237983686113, 3.048232756860932, 2.278846157598182], [3.524175883806028, 2.2745585637657255, 2.7081064787042624, 2.334178489319101, 3.6461846552252397, 1.3975766848370075, 2.4244656359701207, 2.7331651267349364, 4.207749235636554, 5.111604700091744, 6.471951850871575, 7.0327650017613985, 6.424535788677654, 5.051539482177685, 2.3124811220851083, 3.5466480992621756, 1.3369326460222295, 0.0, 1.3292543624152597, 4.229342951334167, 3.711699532559175, 3.9592245516009825, 4.325322900085033, 4.9739439250960595, 7.240610374132833, 8.119385674421434, 7.16456496725377, 4.853280359715478, 4.205295140653032, 3.6147785782811095], [2.3126389212326246, 1.3274127843289747, 2.3546325106054233, 2.6878279744061, 4.0885916670658125, 2.398602699489851, 3.647737789370283, 4.062218400086336, 5.536988043151259, 6.411874974607662, 7.783655228746968, 8.361940686826234, 7.732425680211869, 6.349805236383238, 3.5104392403230684, 4.581736555062938, 2.275241486084499, 1.3292543624152597, 0.0, 3.1362770923501007, 2.398152751598613, 4.610964598649614, 4.505418270260821, 6.198179859442608, 8.522550507330537, 9.448510289458333, 8.438631280604692, 6.073276273149444, 5.283798953404642, 4.407524453704142], [1.0097419571355843, 1.9799570348873734, 2.4042869337913895, 3.7258630114377524, 4.608996174873657, 4.553989814437446, 5.8963922817261745, 6.764466687773694, 8.170030346944865, 9.207218781477932, 10.519492409807613, 10.906303674939554, 10.067272726016713, 8.687892109136715, 6.532269368297667, 7.688589133254553, 5.384878956856876, 4.229342951334167, 3.1362770923501007, 0.0, 1.731704911351816, 5.3822097887391935, 4.301353901970867, 9.112145166205375, 11.33559658553532, 11.969644777101783, 10.577945778363585, 8.138404163593744, 8.320162735187337, 7.5173150399594135], [1.0104121832202935, 1.9782299108041004, 3.138529448643106, 4.225557693370189, 5.436829579819474, 4.5458503901910365, 5.884707795634377, 6.434348430882492, 7.90475387409374, 8.809792951596537, 10.179976165983886, 10.72275913606195, 10.015979571664472, 8.62027003637357, 5.854060652231064, 6.8004302937387715, 4.555869210150791, 3.711699532559175, 2.398152751598613, 1.731704911351816, 0.0, 6.122334269704652, 5.419418549069633, 8.572658652366838, 10.917770675829386, 11.807531141182734, 10.643504917554178, 8.210577427318983, 7.4802279590932255, 6.432734207939887], [5.397582152223345, 4.230154901419096, 3.1086728824371344, 2.0177323038500425, 1.0148628429497257, 2.625002860950822, 2.6353532040316723, 3.961044273925754, 4.62991821742026, 5.882789765068951, 6.782623522649625, 6.657760501850453, 5.587316834581694, 4.454095015825325, 4.9322197548365585, 6.275972719029299, 4.93666092921116, 3.9592245516009825, 4.610964598649614, 5.3822097887391935, 6.122334269704652, 0.0, 1.7136688653295886, 6.354299387029226, 7.769134117776575, 7.574880718532801, 5.83095949051269, 3.7228856307977014, 6.52578617715904, 6.841929309778054], [4.536416026997524, 3.670166602485506, 2.3452895791351653, 1.992346016634661, 1.0138605476099758, 3.2628457334051206, 3.8527195706409776, 5.198562091578786, 6.095366440174044, 7.2758093914010695, 8.275369484802475, 8.27112607448345, 7.263629611289386, 6.102161873467468, 5.910400934792834, 7.305252864206686, 5.555227279778929, 4.325322900085033, 4.505418270260821, 4.301353901970867, 5.419418549069633, 1.7136688653295886, 0.0, 7.583088981411204, 9.208108819947777, 9.202179495097887, 7.534192276548297, 5.413602296068673, 7.712378373109037, 7.709112611708302], [8.394789847875883, 7.1349493488040965, 7.161039064968156, 6.109400031918028, 6.578232909376195, 4.840753046789311, 3.8964301212776804, 2.7564424789935305, 2.1701121491757056, 1.0892461521621273, 2.142807637190049, 3.3926905340746893, 3.8730460299356113, 3.4025029331361347, 2.9762051021392995, 2.7076279563485084, 4.180020632724197, 4.9739439250960595, 6.198179859442608, 9.112145166205375, 8.572658652366838, 6.354299387029226, 7.583088981411204, 0.0, 2.457982493835138, 4.286664285898769, 4.959794820352955, 4.315647052297025, 2.86269303453933, 3.600662858419266], [10.69100087035821, 9.379152518751361, 9.227442040457367, 8.0376855555564, 8.204038128263422, 6.867808063712905, 5.675561033941931, 4.676394985456212, 3.4245854639649456, 2.156541708384051, 1.0870558173341422, 2.1528510166753296, 3.3944510204155254, 3.86915207894443, 5.207870206715985, 4.811670106106611, 6.5083009218996635, 7.240610374132833, 8.522550507330537, 11.33559658553532, 10.917770675829386, 7.769134117776575, 9.208108819947777, 2.457982493835138, 0.0, 2.48133213012688, 4.293956140903165, 4.957702998365272, 4.540800265371733, 5.717109187342849], [11.491248160665576, 10.12167068571192, 9.717007038692522, 8.412048968592611, 8.262068879524064, 7.428467902602797, 6.078691086903495, 5.388772498445263, 3.913327262062298, 3.4032233485329755, 2.1530507030722705, 1.0869114223339453, 2.153148060399006, 3.4019928439078173, 6.304729352636795, 6.205099925867431, 7.6212968889815595, 8.119385674421434, 9.448510289458333, 11.969644777101783, 11.807531141182734, 7.574880718532801, 9.202179495097887, 4.286664285898769, 2.48133213012688, 0.0, 2.481664239980904, 4.2894864098164485, 5.6986749556366165, 7.18938891283536], [10.263194966968133, 8.905652880614651, 8.323508262145234, 7.012587454713133, 6.687798478572751, 6.251089912967178, 4.935243609995356, 4.6588350346411715, 3.426293527997857, 3.8711096806988046, 3.394374046860481, 2.1527080247911, 1.086834858660689, 2.156630304433284, 5.819041540494448, 6.152074795546622, 6.970516310145182, 7.16456496725377, 8.438631280604692, 10.577945778363585, 10.643504917554178, 5.83095949051269, 7.534192276548297, 4.959794820352955, 4.293956140903165, 2.481664239980904, 0.0, 2.4646368698045564, 5.63544422472621, 7.123978799800011], [7.832644030594011, 6.489331010974859, 5.938372279505555, 4.665284346103676, 4.5333373942383774, 3.9040993045771777, 2.6916712522148765, 2.717207953028255, 2.1658615606727962, 3.399006463659638, 3.8707190559377986, 3.3937599355287347, 2.1461079073522837, 1.088798535083511, 3.944029651257708, 4.692061878321725, 4.862237983686113, 4.853280359715478, 6.073276273149444, 8.138404163593744, 8.210577427318983, 3.7228856307977014, 5.413602296068673, 4.315647052297025, 4.957702998365272, 4.2894864098164485, 2.4646368698045564, 0.0, 4.393472286244674, 5.569206218124806], [7.580723304540273, 6.440455861194921, 6.777669553762562, 5.949413724057186, 6.784364102847076, 4.5740968474661745, 4.006626441284488, 2.7259424370298064, 2.9087407876949087, 2.9975729599127363, 4.008474809700068, 4.767463536305233, 4.724652653899543, 3.9024094736457373, 2.0099438101598763, 1.0149655856234732, 3.048232756860932, 4.205295140653032, 5.283798953404642, 8.320162735187337, 7.4802279590932255, 6.52578617715904, 7.712378373109037, 2.86269303453933, 4.540800265371733, 5.6986749556366165, 5.63544422472621, 4.393472286244674, 0.0, 1.6891080812073571], [6.663066994260226, 5.694476598424125, 6.321773853120657, 5.77190455309164, 6.857181918981003, 4.44974735237856, 4.3512866913132715, 3.2765648810911707, 4.012166539414833, 4.103633031838982, 5.296992959217522, 6.223124637993361, 6.180411022739507, 5.1927433953547135, 1.960797804466335, 1.0177234644047468, 2.278846157598182, 3.6147785782811095, 4.407524453704142, 7.5173150399594135, 6.432734207939887, 6.841929309778054, 7.709112611708302, 3.600662858419266, 5.717109187342849, 7.18938891283536, 7.123978799800011, 5.569206218124806, 1.6891080812073571, 0.0]]}