{"total energy": -28.5491657, "HOMO-LUMO gap/eV": 4.43818621, "electronic energy": -29.02717882, "dipole": [0.03255528, 0.01383388, -0.03805295], "partial charges": [-0.09829498, -0.01241234, -0.09832912, 0.0053177, -0.04077246, -0.04186839, 0.01352467, -0.10539071, -0.04223693, -0.03597629, 0.03290005, 0.03446317, 0.03063953, 0.0307907, 0.03279984, 0.03070539, 0.03446856, 0.02494584, 0.02665596, 0.03901221, 0.0389506, 0.04505634, 0.02663187, 0.0284188], "atomic dipole moments": [[0.03980408, 0.00755963, 0.09331783], [0.00173158, 0.0783612, -0.05403163], [0.03694118, -0.08502127, -0.04199964], [-0.08803062, -0.0010075, 0.00384619], [-0.0061653, 0.00060106, 0.00042452], [0.00713913, 0.00184965, -0.00318852], [0.09206691, 0.00304493, 0.00243055], [-0.06718054, -0.00633292, -0.00744474], [0.00990817, -0.00401182, 0.0007083], [-0.00436089, -0.00344147, 0.00324719], [-0.12475424, -0.01219704, 0.00492556], [0.02179331, 0.0961961, -0.08006757], [0.04382621, -0.10407497, -0.05863361], [-0.03986513, -0.09498236, 0.06600772], [-0.12454419, -0.00665744, 0.01333973], [0.04769408, 0.01612195, 0.11689215], [0.02194867, 0.10904126, -0.06134024], [-0.06603642, -0.1118175, 0.0759491], [0.07220966, -0.1118765, 0.07122908], [0.0473401, 0.11932717, -0.00433214], [0.05046478, -0.0477206, 0.10812618], [0.0399755, -0.06918517, -0.103908], [0.06815993, 0.10990338, -0.0780672], [-0.07002812, 0.11082944, -0.07393387]], "atomic quadrupole moments": [[-0.05885742, 0.01130698, -0.10969283, 0.11654005, 0.03534574, 0.16855025], [0.03283841, -0.0847114, -0.05724768, 0.05903667, 0.11145398, 0.02440927], [-0.06568474, -0.09739076, 0.11215019, -0.05009702, 0.12390485, -0.04646545], [-0.08485902, 0.01508076, -0.10882709, 0.00269173, 0.37268198, 0.19368612], [-0.23814934, 0.01923851, -0.02911648, 0.00322188, 0.35563023, 0.26726581], [-0.23852882, 0.00612861, -0.03301831, 0.01277635, 0.35104644, 0.27154712], [-0.06560075, 0.00856628, -0.11541285, 0.00479101, 0.36519882, 0.1810136], [0.18687046, -0.00625211, -0.0808296, -0.01611747, -0.03160506, -0.10604086], [-0.24180018, 0.00880837, -0.01396662, 0.01077005, 0.35705575, 0.2557668], [-0.24909035, -0.0049235, -0.01941293, 0.01983739, 0.36508851, 0.26850328], [0.07819452, 0.01078517, -0.05370193, -0.01786297, -0.00284007, -0.02449259], [-0.0360089, 0.03413778, 0.04393488, -0.01067794, -0.04840116, -0.00792598], [-0.02437042, -0.04871544, 0.04208424, -0.01090079, 0.03667559, -0.01771383], [-0.00963193, 0.00499107, 0.01408583, -0.00375269, -0.02383716, -0.0044539], [0.07861501, 0.01878318, -0.02709591, -0.00739862, 0.00724341, -0.0515191], [-0.02155908, -0.00751975, -0.03433235, 0.05190275, 0.00615369, 0.05589143], [-0.0368057, 0.02202791, 0.03065947, -0.02774447, -0.05336773, 0.00614623], [0.04100747, -0.00179417, -0.00197534, -0.00113965, -0.04463816, -0.03903214], [0.03983099, 0.00034082, -0.00175543, -0.00202488, -0.04469545, -0.03807556], [-0.01732871, 0.02752537, 0.07254315, -0.00094446, -0.01862879, -0.05521444], [-0.01576526, -0.01202884, -0.02468069, 0.02757047, -0.05698474, 0.04044595], [-0.02519577, -0.01438341, -0.01048453, -0.02204989, 0.05571475, 0.03568029], [0.04010254, -0.00188317, -0.0019411, -0.00052809, -0.04470773, -0.03816144], [0.04255685, -0.00059552, -0.00381465, -0.00199279, -0.04412528, -0.03874221]], "number of molecular orbitals": 54, "number of electrons": 54, "number of unpaired electrons": 0, "orbital energies/eV": [-17.25551317, -16.96582619, -16.58712091, -16.37775411, -15.96142371, -15.91084145, -15.39475265, -15.21825349, -14.80748728, -14.07277253, -13.74673744, -13.4167283, -13.34015239, -13.21118126, -13.14084313, -13.02580046, -12.74567954, -12.54440515, -12.34997529, -12.23573432, -12.12787272, -11.87519915, -11.62260523, -11.19730075, -11.14288328, -10.67407205, -10.32395938, -5.88577317, -5.80615846, -2.52089055, 2.09165152, 2.65793593, 2.83510676, 3.4240128, 3.74560617, 3.86563208, 4.14792483, 4.46381301, 4.84727698, 5.02329954, 5.10279185, 5.30678622, 5.90408093, 6.02395848, 6.15410079, 6.72001395, 6.84773074, 7.47219558, 10.48160666, 10.92021923, 11.73865213, 12.35067074, 16.68928342, 17.12739606], "fractional occupation": [2.0, 2.0, 2.0, 2.0, 2.0, 2.0, 2.0, 2.0, 2.0, 2.0, 2.0, 2.0, 2.0, 2.0, 2.0, 2.0, 2.0, 2.0, 2.0, 2.0, 2.0, 2.0, 2.0, 2.0, 2.0, 2.0, 2.0, 0.0, 0.0, 0.0, 0.0, 0.0, 0.0, 0.0, 0.0, 0.0, 0.0, 0.0, 0.0, 0.0, 0.0, 0.0, 0.0, 0.0, 0.0, 0.0, 0.0, 0.0, 0.0, 0.0, 0.0, 0.0, 0.0, 0.0], "program call": "xtb /home/svss/Project-DBcg-Debug/aqme2_20220329/End-to-End-workflows-final/example-3/QDESCP/mol_1024_rdkit_conf_1/mol_1024_rdkit_conf_1.xyz --pop --wbo --acc 0.2 --gfn 2 --chrg 0 --uhf 0 --etemp 300 --input /home/svss/Project-DBcg-Debug/aqme2_20220329/End-to-End-workflows-final/example-3/QDESCP/mol_1024_rdkit_conf_1/mol_1024_rdkit_conf_1_xtb.inp", "method": "GFN2-xTB", "xtb version": "6.3.3 (7355c4f)", "Dipole module/D": 0.132, "Total charge": 0, "Transition dipole module/D": NaN, "HOMO": -10.324, "LUMO": -5.8858, "HOMO occupancy": 2.0, "LUMO occupancy": 0, "mulliken charges": [-0.08658, -0.00071, -0.08665, -0.00439, -0.03848, -0.04258, 0.01231, -0.08698, -0.04268, -0.03702, 0.02897, 0.02814, 0.02995, 0.02243, 0.02895, 0.03, 0.02814, 0.02721, 0.02763, 0.03372, 0.03373, 0.03939, 0.02765, 0.02784], "cm5 charges": [-0.23364, -0.06842, -0.23373, -0.01806, -0.09181, -0.09594, -0.0053, -0.23027, -0.09605, -0.09035, 0.08031, 0.08031, 0.08151, 0.08155, 0.08029, 0.08155, 0.08031, 0.0834, 0.08374, 0.08554, 0.08554, 0.09108, 0.08376, 0.08467], "FUKUI+": [0.016, 0.005, 0.016, -0.078, -0.05, -0.051, -0.079, 0.033, -0.049, -0.053, -0.042, -0.018, -0.016, -0.036, -0.042, -0.016, -0.018, -0.09, -0.09, -0.051, -0.051, -0.059, -0.09, -0.091], "FUKUI-": [0.007, -0.009, 0.008, -0.064, -0.027, -0.03, -0.069, 0.024, -0.027, -0.028, -0.053, -0.035, -0.039, -0.048, -0.054, -0.039, -0.036, -0.063, -0.065, -0.065, -0.065, -0.095, -0.065, -0.061], "FUKUIrad": [0.012, -0.002, 0.012, -0.071, -0.039, -0.04, -0.074, 0.028, -0.038, -0.04, -0.048, -0.026, -0.028, -0.042, -0.048, -0.028, -0.027, -0.077, -0.078, -0.058, -0.058, -0.077, -0.077, -0.076], "s proportion": [1.012, 1.051, 1.012, 1.091, 1.064, 1.062, 1.084, 1.007, 1.062, 1.062, 0.971, 0.972, 0.97, 0.978, 0.971, 0.97, 0.972, 0.973, 0.972, 0.966, 0.966, 0.961, 0.972, 0.972], "p proportion": [3.074, 2.95, 3.074, 2.913, 2.975, 2.981, 2.904, 3.08, 2.981, 2.975, 0.0, 0.0, 0.0, 0.0, 0.0, 0.0, 0.0, 0.0, 0.0, 0.0, 0.0, 0.0, 0.0, 0.0], "d proportion": [0.0, 0.0, 0.0, 0.0, 0.0, 0.0, 0.0, 0.0, 0.0, 0.0, 0.0, 0.0, 0.0, 0.0, 0.0, 0.0, 0.0, 0.0, 0.0, 0.0, 0.0, 0.0, 0.0, 0.0], "Fermi-level/eV": -8.1049, "Coordination numbers": [3.752, 3.852, 3.752, 2.962, 2.914, 2.913, 2.96, 3.755, 2.913, 2.913, 0.924, 0.924, 0.924, 0.923, 0.924, 0.924, 0.924, 0.925, 0.925, 0.924, 0.924, 0.924, 0.925, 0.925], "Dispersion coefficient C6": [22.438, 20.762, 22.438, 27.901, 29.013, 29.04, 27.71, 22.57, 29.049, 28.895, 2.546, 2.524, 2.577, 2.575, 2.547, 2.577, 2.524, 2.659, 2.634, 2.462, 2.463, 2.383, 2.635, 2.609], "Total dispersion C6": 5348.509398, "Total dispersion C8": 123090.861585, "Polarizability alpha": [6.755, 6.481, 6.755, 8.664, 8.833, 8.837, 8.634, 6.774, 8.838, 8.815, 2.495, 2.485, 2.511, 2.51, 2.496, 2.51, 2.484, 2.55, 2.538, 2.454, 2.454, 2.414, 2.538, 2.526], "Total polarizability alpha": 114.350487, "Wiberg matrix": [[0.0, 0.9984081240250152, 0.0, 0.0, 0.0, 0.0, 0.0, 0.0, 0.0, 0.0, 0.9856804600133838, 0.9858329813557112, 0.9874449343667957, 0.0, 0.0, 0.0, 0.0, 0.0, 0.0, 0.0, 0.0, 0.0, 0.0, 0.0], [0.9984081240250152, 0.0, 0.9986223352692376, 0.9965331770908241, 0.0, 0.0, 0.0, 0.0, 0.0, 0.0, 0.0, 0.0, 0.0, 0.9676207427245104, 0.0, 0.0, 0.0, 0.0, 0.0, 0.0, 0.0, 0.0, 0.0, 0.0], [0.0, 0.9986223352692376, 0.0, 0.0, 0.0, 0.0, 0.0, 0.0, 0.0, 0.0, 0.0, 0.0, 0.0, 0.0, 0.9857187909352557, 0.9874489845498435, 0.9858049182990386, 0.0, 0.0, 0.0, 0.0, 0.0, 0.0, 0.0], [0.0, 0.9965331770908241, 0.0, 0.0, 1.4131336152646214, 0.0, 0.10517156615683461, 0.0, 0.0, 1.4101376869739528, 0.0, 0.0, 0.0, 0.0, 0.0, 0.0, 0.0, 0.0, 0.0, 0.0, 0.0, 0.0, 0.0, 0.0], [0.0, 0.0, 0.0, 1.4131336152646214, 0.0, 1.4447099082935497, 0.0, 0.0, 0.10906550412884966, 0.0, 0.0, 0.0, 0.0, 0.0, 0.0, 0.0, 0.0, 0.9691651400975465, 0.0, 0.0, 0.0, 0.0, 0.0, 0.0], [0.0, 0.0, 0.0, 0.0, 1.4447099082935497, 0.0, 1.41164160091681, 0.0, 0.0, 0.11022458324192821, 0.0, 0.0, 0.0, 0.0, 0.0, 0.0, 0.0, 0.0, 0.9699887714782117, 0.0, 0.0, 0.0, 0.0, 0.0], [0.0, 0.0, 0.0, 0.10517156615683461, 0.0, 1.41164160091681, 0.0, 1.024956640771473, 1.4091869587187356, 0.0, 0.0, 0.0, 0.0, 0.0, 0.0, 0.0, 0.0, 0.0, 0.0, 0.0, 0.0, 0.0, 0.0, 0.0], [0.0, 0.0, 0.0, 0.0, 0.0, 0.0, 1.024956640771473, 0.0, 0.0, 0.0, 0.0, 0.0, 0.0, 0.0, 0.0, 0.0, 0.0, 0.0, 0.0, 0.9824256610976946, 0.9824298443184935, 0.96865019697106, 0.0, 0.0], [0.0, 0.0, 0.0, 0.0, 0.10906550412884966, 0.0, 1.4091869587187356, 0.0, 0.0, 1.4482573655870858, 0.0, 0.0, 0.0, 0.0, 0.0, 0.0, 0.0, 0.0, 0.0, 0.0, 0.0, 0.0, 0.9700387551470352, 0.0], [0.0, 0.0, 0.0, 1.4101376869739528, 0.0, 0.11022458324192821, 0.0, 0.0, 1.4482573655870858, 0.0, 0.0, 0.0, 0.0, 0.0, 0.0, 0.0, 0.0, 0.0, 0.0, 0.0, 0.0, 0.0, 0.0, 0.9683759148608027], [0.9856804600133838, 0.0, 0.0, 0.0, 0.0, 0.0, 0.0, 0.0, 0.0, 0.0, 0.0, 0.0, 0.0, 0.0, 0.0, 0.0, 0.0, 0.0, 0.0, 0.0, 0.0, 0.0, 0.0, 0.0], [0.9858329813557112, 0.0, 0.0, 0.0, 0.0, 0.0, 0.0, 0.0, 0.0, 0.0, 0.0, 0.0, 0.0, 0.0, 0.0, 0.0, 0.0, 0.0, 0.0, 0.0, 0.0, 0.0, 0.0, 0.0], [0.9874449343667957, 0.0, 0.0, 0.0, 0.0, 0.0, 0.0, 0.0, 0.0, 0.0, 0.0, 0.0, 0.0, 0.0, 0.0, 0.0, 0.0, 0.0, 0.0, 0.0, 0.0, 0.0, 0.0, 0.0], [0.0, 0.9676207427245104, 0.0, 0.0, 0.0, 0.0, 0.0, 0.0, 0.0, 0.0, 0.0, 0.0, 0.0, 0.0, 0.0, 0.0, 0.0, 0.0, 0.0, 0.0, 0.0, 0.0, 0.0, 0.0], [0.0, 0.0, 0.9857187909352557, 0.0, 0.0, 0.0, 0.0, 0.0, 0.0, 0.0, 0.0, 0.0, 0.0, 0.0, 0.0, 0.0, 0.0, 0.0, 0.0, 0.0, 0.0, 0.0, 0.0, 0.0], [0.0, 0.0, 0.9874489845498435, 0.0, 0.0, 0.0, 0.0, 0.0, 0.0, 0.0, 0.0, 0.0, 0.0, 0.0, 0.0, 0.0, 0.0, 0.0, 0.0, 0.0, 0.0, 0.0, 0.0, 0.0], [0.0, 0.0, 0.9858049182990386, 0.0, 0.0, 0.0, 0.0, 0.0, 0.0, 0.0, 0.0, 0.0, 0.0, 0.0, 0.0, 0.0, 0.0, 0.0, 0.0, 0.0, 0.0, 0.0, 0.0, 0.0], [0.0, 0.0, 0.0, 0.0, 0.9691651400975465, 0.0, 0.0, 0.0, 0.0, 0.0, 0.0, 0.0, 0.0, 0.0, 0.0, 0.0, 0.0, 0.0, 0.0, 0.0, 0.0, 0.0, 0.0, 0.0], [0.0, 0.0, 0.0, 0.0, 0.0, 0.9699887714782117, 0.0, 0.0, 0.0, 0.0, 0.0, 0.0, 0.0, 0.0, 0.0, 0.0, 0.0, 0.0, 0.0, 0.0, 0.0, 0.0, 0.0, 0.0], [0.0, 0.0, 0.0, 0.0, 0.0, 0.0, 0.0, 0.9824256610976946, 0.0, 0.0, 0.0, 0.0, 0.0, 0.0, 0.0, 0.0, 0.0, 0.0, 0.0, 0.0, 0.0, 0.0, 0.0, 0.0], [0.0, 0.0, 0.0, 0.0, 0.0, 0.0, 0.0, 0.9824298443184935, 0.0, 0.0, 0.0, 0.0, 0.0, 0.0, 0.0, 0.0, 0.0, 0.0, 0.0, 0.0, 0.0, 0.0, 0.0, 0.0], [0.0, 0.0, 0.0, 0.0, 0.0, 0.0, 0.0, 0.96865019697106, 0.0, 0.0, 0.0, 0.0, 0.0, 0.0, 0.0, 0.0, 0.0, 0.0, 0.0, 0.0, 0.0, 0.0, 0.0, 0.0], [0.0, 0.0, 0.0, 0.0, 0.0, 0.0, 0.0, 0.0, 0.9700387551470352, 0.0, 0.0, 0.0, 0.0, 0.0, 0.0, 0.0, 0.0, 0.0, 0.0, 0.0, 0.0, 0.0, 0.0, 0.0], [0.0, 0.0, 0.0, 0.0, 0.0, 0.0, 0.0, 0.0, 0.0, 0.9683759148608027, 0.0, 0.0, 0.0, 0.0, 0.0, 0.0, 0.0, 0.0, 0.0, 0.0, 0.0, 0.0, 0.0, 0.0]], "Born radii": [], "Atomic SASAs": [], "Solvent H bonds": [], "Total SASA": NaN, "Total FOD": 0.0, "FOD": [0.0, 0.0, 0.0, 0.0, 0.0, 0.0, 0.0, 0.0, 0.0, 0.0, 0.0, 0.0, 0.0, 0.0, 0.0, 0.0, 0.0, 0.0, 0.0, 0.0, 0.0, 0.0, 0.0, 0.0], "FOD s proportion": [0.0, 0.0, 0.0, 0.0, 0.0, 0.0, 0.0, 0.0, 0.0, 0.0, 0.0, 0.0, 0.0, 0.0, 0.0, 0.0, 0.0, 0.0, 0.0, 0.0, 0.0, 0.0, 0.0, 0.0], "FOD p proportion": [0.0, 0.0, 0.0, 0.0, 0.0, 0.0, 0.0, 0.0, 0.0, 0.0, 0.0, 0.0, 0.0, 0.0, 0.0, 0.0, 0.0, 0.0, 0.0, 0.0, 0.0, 0.0, 0.0, 0.0], "FOD d proportion": [0.0, 0.0, 0.0, 0.0, 0.0, 0.0, 0.0, 0.0, 0.0, 0.0, 0.0, 0.0, 0.0, 0.0, 0.0, 0.0, 0.0, 0.0, 0.0, 0.0, 0.0, 0.0, 0.0, 0.0], "coordinates": [["-2.60340", "-0.36660", "-1.34490"], ["-1.99770", "-0.19140", "0.04990"], ["-2.55940", "1.05660", "0.73560"], ["-0.48060", "-0.16610", "-0.00020"], ["0.25560", "-1.16440", "0.65300"], ["1.65290", "-1.16090", "0.61970"], ["2.34460", "-0.15300", "-0.05900"], ["3.84260", "-0.16810", "-0.12310"], ["1.61560", "0.83690", "-0.72510"], ["0.21830", "0.83340", "-0.69180"], ["-3.69240", "-0.46650", "-1.28170"], ["-2.38540", "0.48650", "-1.99660"], ["-2.21190", "-1.26690", "-1.83150"], ["-2.31280", "-1.05630", "0.64880"], ["-3.64740", "0.98210", "0.83870"], ["-2.13510", "1.17660", "1.73870"], ["-2.34130", "1.96880", "0.16970"], ["-0.25360", "-1.95900", "1.19390"], ["2.19720", "-1.95240", "1.12960"], ["4.24060", "0.84900", "-0.20180"], ["4.26790", "-0.61350", "0.78240"], ["4.17420", "-0.74610", "-0.99120"], ["2.13060", "1.62080", "-1.27570"], ["-0.31900", "1.62040", "-1.21570"]], "bond_dist": [[0.0, 1.5306974129461381, 2.5210939074140017, 2.520852669237138, 3.5779841042128737, 4.754645658721584, 5.116822038140471, 6.563772809139572, 4.43086055862741, 3.135048723704307, 1.0953973023519823, 1.0954526461696095, 1.0957152458554182, 2.1295478722019845, 2.7707465871133, 3.479850584436061, 2.795854561668042, 3.808254618588416, 5.628825121639506, 7.044479893505268, 7.197300090311644, 6.797424931545768, 5.134715513054253, 3.030403438488018], [1.5306974129461381, 0.0, 1.5307499403886973, 1.518137842885158, 2.527413598918863, 3.819879926123333, 4.343835063627531, 5.842908178296147, 3.8358783583424536, 2.551664149138754, 2.172750942929263, 2.1904387574182484, 2.1776702803684493, 1.0981899790109177, 2.1727442969663966, 2.1776933209246887, 2.190633935645114, 2.7340502135110833, 4.675901955772812, 6.329468535351132, 6.322378351538288, 6.283624026785817, 4.699377095956441, 2.775319133000744], [2.5210939074140017, 1.5307499403886973, 0.0, 2.521469089638023, 3.5866263758579593, 4.761744465004396, 5.113094691084842, 6.574409462453643, 4.428604473194688, 3.1309593242327503, 2.770022003522716, 2.7964632752818335, 3.479857886466055, 2.1290120267391632, 1.0954103614627717, 1.0957372404002703, 1.0954082617910093, 3.823688780484102, 5.642212381681498, 6.867446142489943, 7.028758748171686, 7.181429836042402, 5.134174649347254, 3.024042706378334], [2.520852669237138, 1.518137842885158, 2.521469089638023, 0.0, 1.4018785860408882, 2.434281269697485, 2.825842191276788, 4.324947011236091, 2.434243917523468, 1.4020599202601864, 3.4710433085745276, 2.8354475413944797, 2.7500581848390047, 2.1378994082977805, 3.4714173891942184, 2.7502703048973203, 2.837052785903005, 2.166078073385168, 3.4114408348965983, 4.833301150352623, 4.833309608332576, 4.794334577394448, 3.411491946348401, 2.166826495130609], [3.5779841042128737, 2.527413598918863, 3.5866263758579593, 1.4018785860408882, 0.0, 1.3977011232734986, 2.4277139370197633, 3.802829722719649, 2.7845935610067047, 2.4085437861911503, 4.451610101974341, 4.0890991636300535, 3.5031132939144287, 2.570677305692023, 4.458178522670441, 3.5177367695721635, 4.098098429759832, 1.087771396020322, 2.1489304595542404, 4.545842892137826, 4.052010175209337, 4.270104739933203, 3.87205988202662, 3.4025455015326393], [4.754645658721584, 3.819879926123333, 4.761744465004396, 2.434281269697485, 1.3977011232734986, 0.0, 1.3981934737367356, 2.5163842651709616, 2.40854378619115, 2.7848414497058895, 5.71574539408466, 5.0859433087678045, 4.577804766479234, 3.967185962366776, 5.721327650991507, 4.589663522525372, 5.094227687294709, 2.145090091348147, 1.0875351718450303, 3.3779803951473726, 2.676629046020386, 3.0205978779043066, 3.3997931319420007, 3.8720424145404193], [5.116822038140471, 4.343835063627531, 5.113094691084842, 2.825842191276788, 2.4277139370197633, 1.3981934737367356, 0.0, 1.4994468380039356, 1.3982246672119611, 2.4278740679862287, 6.167547854698818, 5.151325461471058, 5.0144014308788645, 4.796697456584061, 6.164282707663561, 5.00672283434983, 5.148980262149002, 3.4032392877962607, 2.1615589466863954, 2.1492351755915404, 2.1492084822092066, 2.1373349316379966, 2.161601565969085, 3.4025971565849518], [6.563772809139572, 5.842908178296147, 6.574409462453643, 4.324947011236091, 3.802829722719649, 2.5163842651709616, 1.4994468380039356, 0.0, 2.5163382125620557, 3.8028900102422103, 7.629391949559284, 6.536550115313123, 6.386153948191352, 6.2668714690824805, 7.638594064355037, 6.403703195807876, 6.549251305302003, 4.660543557354656, 2.7313595405951228, 1.0950297256239208, 1.0950760247580986, 1.0943674748456296, 2.7312257266655937, 4.65955164903234], [4.43086055862741, 3.8358783583424536, 4.428604473194688, 2.434243917523468, 2.7845935610067047, 2.40854378619115, 1.3982246672119611, 2.5163382125620557, 0.0, 1.3977011232734986, 5.493952959390898, 4.212777398581606, 4.505535667376299, 4.572103893176532, 5.492333063462193, 4.50038409694106, 4.211759995536308, 3.8721475243074095, 3.399759570910861, 2.6766797156178397, 3.3780041000567187, 3.020452312154589, 1.0876049696466086, 2.1441170140642978], [3.135048723704307, 2.551664149138754, 3.1309593242327503, 1.4020599202601864, 2.4085437861911503, 2.7848414497058895, 2.4278740679862287, 3.8028900102422103, 1.3977011232734986, 0.0, 4.163087377175742, 2.932933060947693, 3.408232418717949, 3.4314197732134146, 4.160309895909198, 3.4005305541929776, 2.9296531484119415, 3.4023597487626147, 3.872237700606718, 4.052066219843895, 4.545992236025046, 4.270082601074597, 2.148913506868064, 1.0874426421655534], [1.0953973023519823, 2.172750942929263, 2.770022003522716, 3.4710433085745276, 4.451610101974341, 5.71574539408466, 6.167547854698818, 7.629391949559284, 5.493952959390898, 4.163087377175742, 0.0, 1.7684852303595866, 1.770536768892417, 2.4449929345501187, 2.568377526766655, 3.7746227705560194, 3.140496658173672, 4.492382113088779, 6.535262401770873, 8.113520398692541, 8.224870448827751, 7.8769259213223535, 6.185805225675959, 3.9672830967804655], [1.0954526461696095, 2.1904387574182484, 2.7964632752818335, 2.8354475413944797, 4.0890991636300535, 5.0859433087678045, 5.151325461471058, 6.536550115313123, 4.212777398581606, 2.932933060947693, 1.7684852303595866, 0.0, 1.7696812763884913, 3.0632733733703885, 3.142799619765791, 3.806751133184306, 2.6252645181009857, 4.550201285657591, 6.0598335298917245, 6.874342826045264, 7.293781042093326, 6.749702517889214, 4.711750131320632, 2.4830511432509805], [1.0957152458554182, 2.1776702803684493, 3.479857886466055, 2.7500581848390047, 3.5031132939144287, 4.577804766479234, 5.0144014308788645, 6.386153948191352, 4.505535667376299, 3.408232418717949, 1.770536768892417, 1.7696812763884913, 0.0, 2.4912690059485745, 3.774735658294498, 4.326998790154672, 3.806744053650048, 3.669739290467376, 5.35520179545085, 6.98338822850341, 7.017635841934234, 6.462167588356093, 5.24452392310303, 3.5069618389711623], [2.1295478722019845, 1.0981899790109177, 2.1290120267391632, 2.1378994082977805, 2.570677305692023, 3.967185962366776, 4.796697456584061, 6.2668714690824805, 4.572103893176532, 3.4314197732134146, 2.4449929345501187, 3.0632733733703885, 2.4912690059485745, 0.0, 2.443827680095305, 2.491044301091412, 3.0629363476899094, 2.3135051199424654, 4.623230888675148, 6.877553344758585, 6.596933627830434, 6.698282842639597, 5.5330252321853735, 3.8231298146937154], [2.7707465871133, 2.1727442969663966, 1.0954103614627717, 3.4714173891942184, 4.458178522670441, 5.721327650991507, 6.164282707663561, 7.638594064355037, 5.492333063462193, 4.160309895909198, 2.568377526766655, 3.142799619765791, 3.774735658294498, 2.443827680095305, 0.0, 1.7705596685794016, 1.7683424724865942, 4.504898965570704, 6.546393069469629, 7.957443047864056, 8.074718765381244, 8.216607317500332, 6.1857828162650526, 3.9631089828567676], [3.479850584436061, 2.1776933209246887, 1.0957372404002703, 2.7502703048973203, 3.5177367695721635, 4.589663522525372, 5.00672283434983, 6.403703195807876, 4.50038409694106, 3.4005305541929776, 3.7746227705560194, 3.806751133184306, 4.326998790154672, 2.491044301091412, 1.7705596685794016, 0.0, 1.769706269413091, 3.6971389816992275, 5.378704964952066, 6.672511708494786, 6.716946977608206, 7.138374870374909, 5.242148175128207, 3.496234690349033], [2.795854561668042, 2.190633935645114, 1.0954082617910093, 2.837052785903005, 4.098098429759832, 5.094227687294709, 5.148980262149002, 6.549251305302003, 4.211759995536308, 2.9296531484119415, 3.140496658173672, 2.6252645181009857, 3.806744053650048, 3.0629363476899094, 1.7683424724865942, 1.769706269413091, 0.0, 4.564547049817759, 6.074141890012119, 6.68680580696045, 7.122162538162127, 7.153328670626005, 4.712555015063484, 2.475967085807079], [3.808254618588416, 2.7340502135110833, 3.823688780484102, 2.166078073385168, 1.087771396020322, 2.145090091348147, 3.4032392877962607, 4.660543557354656, 3.8721475243074095, 3.4023597487626147, 4.492382113088779, 4.550201285657591, 3.669739290467376, 2.3135051199424654, 4.504898965570704, 3.6971389816992275, 4.564547049817759, 0.0, 2.4516522367578975, 5.48002519428515, 4.735363212046146, 5.084407660681822, 4.95966751304964, 4.3153856930754175], [5.628825121639506, 4.675901955772812, 5.642212381681498, 3.4114408348965983, 2.1489304595542404, 1.0875351718450303, 2.1615589466863954, 2.7313595405951228, 3.399759570910861, 3.872237700606718, 6.535262401770873, 6.0598335298917245, 5.35520179545085, 4.623230888675148, 6.546393069469629, 5.378704964952066, 6.074141890012119, 2.4516522367578975, 0.0, 3.7142901717555667, 2.49018062397088, 3.140299560551509, 4.307860477081402, 4.959495374531566], [7.044479893505268, 6.329468535351132, 6.867446142489943, 4.833301150352623, 4.545842892137826, 3.3779803951473726, 2.1492351755915404, 1.0950297256239208, 2.6766797156178397, 4.052066219843895, 8.113520398692541, 6.874342826045264, 6.98338822850341, 6.877553344758585, 7.957443047864056, 6.672511708494786, 6.68680580696045, 5.48002519428515, 3.7142901717555667, 0.0, 1.7630374868391199, 1.7809843710712345, 2.490188035068838, 4.734237354632739], [7.197300090311644, 6.322378351538288, 7.028758748171686, 4.833309608332576, 4.052010175209337, 2.676629046020386, 2.1492084822092066, 1.0950760247580986, 3.3780041000567187, 4.545992236025046, 8.224870448827751, 7.293781042093326, 7.017635841934234, 6.596933627830434, 8.074718765381244, 6.716946977608206, 7.122162538162127, 4.735363212046146, 2.49018062397088, 1.7630374868391199, 0.0, 1.7810163980154703, 3.7142863904120267, 5.479266778502394], [6.797424931545768, 6.283624026785817, 7.181429836042402, 4.794334577394448, 4.270104739933203, 3.0205978779043066, 2.1373349316379966, 1.0943674748456296, 3.020452312154589, 4.270082601074597, 7.8769259213223535, 6.749702517889214, 6.462167588356093, 6.698282842639597, 8.216607317500332, 7.138374870374909, 7.153328670626005, 5.084407660681822, 3.140299560551509, 1.7809843710712345, 1.7810163980154703, 0.0, 3.1399772005541697, 5.083263591434148], [5.134715513054253, 4.699377095956441, 5.134174649347254, 3.411491946348401, 3.87205988202662, 3.3997931319420007, 2.161601565969085, 2.7312257266655937, 1.0876049696466086, 2.148913506868064, 6.185805225675959, 4.711750131320632, 5.24452392310303, 5.5330252321853735, 6.1857828162650526, 5.242148175128207, 4.712555015063484, 4.95966751304964, 4.307860477081402, 2.490188035068838, 3.7142863904120267, 3.1399772005541697, 0.0, 2.4503347363166523], [3.030403438488018, 2.775319133000744, 3.024042706378334, 2.166826495130609, 3.4025455015326393, 3.8720424145404193, 3.4025971565849518, 4.65955164903234, 2.1441170140642978, 1.0874426421655534, 3.9672830967804655, 2.4830511432509805, 3.5069618389711623, 3.8231298146937154, 3.9631089828567676, 3.496234690349033, 2.475967085807079, 4.3153856930754175, 4.959495374531566, 4.734237354632739, 5.479266778502394, 5.083263591434148, 2.4503347363166523, 0.0]]}