{"total energy": -33.44143576, "HOMO-LUMO gap/eV": 4.84456169, "electronic energy": -33.83430575, "dipole": [-0.35665512, -0.85964688, -0.13890406], "partial charges": [-0.1022779, -0.05273528, -0.0615036, -0.06579512, 0.08137981, -0.27916246, 0.35042481, -0.40360584, -0.08302344, -0.10268954, 0.03503562, 0.03500489, 0.03518768, 0.03283011, 0.0328546, 0.03606889, 0.03608112, 0.04756542, 0.047541, 0.04954291, 0.04953905, 0.06883376, 0.06883871, 0.04164031, 0.05121412, 0.05121034], "atomic dipole moments": [[0.09530515, -0.04461952, -0.0185377], [-0.00298857, 0.11531492, 0.02368056], [0.03335606, -0.11067525, -0.02580799], [0.01110968, 0.13643269, 0.02662955], [0.17336452, -0.16346713, -0.05052818], [-0.03234362, 0.21866456, 0.04763885], [-0.15013599, -0.05879795, 0.00307664], [0.00109495, -0.17293769, -0.03523227], [-0.01771097, 0.09833677, 0.02173172], [-0.1148227, -0.07641731, -0.00402518], [-0.00570295, 0.05028099, 0.11568862], [-0.02565147, 0.09080154, -0.08392957], [-0.09058436, -0.08585501, -0.00840681], [0.01505002, -0.09224465, 0.08114388], [-0.00420428, -0.05308144, -0.11172001], [-0.01949815, 0.09284985, -0.08090016], [-0.00013714, 0.05354724, 0.11258096], [0.02133415, -0.09639111, 0.07765966], [0.00240727, -0.05799219, -0.11140787], [-0.01465988, 0.08989909, -0.08941807], [0.00609376, 0.04773385, 0.11822528], [-0.00806361, -0.04991424, -0.12228532], [0.01341938, -0.09353029, 0.09261906], [0.09869879, -0.0714011, -0.02438293], [0.01839212, 0.05525569, 0.11554934], [-0.00179351, 0.09625098, -0.08644286]], "atomic quadrupole moments": [[0.17038079, -0.12859962, -0.05085046, -0.05624363, 0.029107, -0.11953033], [0.22692423, 0.03404773, -1.121e-05, -0.03972678, 0.04534141, -0.22691302], [0.23648179, 0.02132774, -0.00309312, -0.04407969, 0.04751477, -0.23338868], [0.24188585, 0.07771902, 0.00297013, -0.03417089, 0.04511626, -0.24485598], [0.41600389, -0.14849153, -0.03612443, -0.11266656, 0.09066793, -0.37987946], [0.07649232, -0.04118403, -0.00269605, -0.02402913, 0.01986151, -0.07379628], [-0.10880334, 0.1144726, -0.3251611, 0.08187166, -0.17447599, 0.43396444], [-0.10934272, -0.00086404, -0.08711812, 0.03194276, -0.06065314, 0.19646083], [0.22147851, 0.01559161, 0.02612037, -0.04534456, 0.05727972, -0.24759888], [0.16427567, 0.17321762, -0.01797903, 0.00399136, 0.00900168, -0.14629665], [-0.03228997, -0.00681967, -0.02912698, 0.01070608, 0.04470802, 0.06141695], [-0.03405333, -0.01613627, 0.01606626, -0.00034798, -0.06210883, 0.01798707], [0.02409126, 0.05519365, 0.02859179, 0.00332563, 0.01137984, -0.05268305], [-0.01421423, -0.00860149, 0.00140173, 0.01079608, -0.04632984, 0.01281249], [-0.01722678, 0.00223492, -0.0302093, -0.00245685, 0.0279715, 0.04743608], [-0.01914881, -0.00592288, 0.00333455, 0.00874184, -0.04543907, 0.01581427], [-0.02090488, 0.00339051, -0.02736238, 0.00161496, 0.02684168, 0.04826725], [-0.02328031, -0.00645118, 0.00096792, 0.01015602, -0.04474573, 0.0223124], [-0.02519795, 0.00260536, -0.02789148, 0.00199887, 0.02319207, 0.05308943], [-0.0023899, -0.00883156, -0.00125572, 0.00057037, -0.03507441, 0.00364562], [-0.00253261, -0.0025647, -0.02610939, 0.00108715, 0.0235919, 0.028642], [-0.00821692, 0.02143325, -0.03066384, 0.00372183, 0.0402025, 0.03888076], [-0.00691263, 0.01008643, 0.01002765, 0.0082008, -0.05570667, -0.00311501], [0.03473817, -0.05358162, 0.01549837, -0.0199659, 0.01992112, -0.05023654], [-0.03368583, 0.01264681, -0.02829443, -0.0007366, 0.03904564, 0.06198026], [-0.0295665, -0.00192547, 0.01387196, 0.01760041, -0.06004458, 0.01569454]], "number of molecular orbitals": 56, "number of electrons": 60, "number of unpaired electrons": 0, "orbital energies/eV": [-20.02058159, -19.27822615, -18.27544014, -17.33863307, -17.09737981, -16.67392881, -16.3875601, -15.98247962, -15.82290867, -15.56246249, -15.37748621, -15.20701118, -14.81413285, -14.5306485, -14.06294966, -13.76328718, -13.56659189, -13.55744613, -13.20807209, -13.06785492, -12.92251101, -12.5658889, -12.48466285, -12.29597316, -12.17572389, -12.14364213, -11.93557449, -11.80902216, -11.66603402, -11.23954205, -6.39498036, -0.20661876, 2.11174824, 2.62560604, 2.67406835, 2.88851116, 3.3418352, 3.49082746, 3.79917595, 3.93539249, 4.0931188, 4.18658445, 4.2586053, 4.3830426, 4.71614106, 4.88130211, 5.70550828, 5.83165263, 6.05728812, 6.61488866, 6.87639275, 7.04310181, 7.12286574, 7.30935948, 8.09081167, 16.23012426], "fractional occupation": [2.0, 2.0, 2.0, 2.0, 2.0, 2.0, 2.0, 2.0, 2.0, 2.0, 2.0, 2.0, 2.0, 2.0, 2.0, 2.0, 2.0, 2.0, 2.0, 2.0, 2.0, 2.0, 2.0, 2.0, 2.0, 2.0, 2.0, 2.0, 2.0, 2.0, 0.0, 0.0, 0.0, 0.0, 0.0, 0.0, 0.0, 0.0, 0.0, 0.0, 0.0, 0.0, 0.0, 0.0, 0.0, 0.0, 0.0, 0.0, 0.0, 0.0, 0.0, 0.0, 0.0, 0.0, 0.0, 0.0], "program call": "xtb /home/svss/Project-DBcg-Debug/aqme2_20220329/End-to-End-workflows-final/example-3/QDESCP/mol_636_rdkit_conf_1/mol_636_rdkit_conf_1.xyz --pop --wbo --acc 0.2 --gfn 2 --chrg 0 --uhf 0 --etemp 300 --input /home/svss/Project-DBcg-Debug/aqme2_20220329/End-to-End-workflows-final/example-3/QDESCP/mol_636_rdkit_conf_1/mol_636_rdkit_conf_1_xtb.inp", "method": "GFN2-xTB", "xtb version": "6.3.3 (7355c4f)", "Dipole module/D": 2.392, "Total charge": 0, "Transition dipole module/D": NaN, "HOMO": -11.2395, "LUMO": -6.395, "HOMO occupancy": 2.0, "LUMO occupancy": 0, "mulliken charges": [-0.08366, -0.03719, -0.05011, -0.05845, 0.20011, -0.4255, 0.57334, -0.52834, -0.07088, -0.0775, 0.0283, 0.02829, 0.03046, 0.02424, 0.02425, 0.02558, 0.02559, 0.03624, 0.03622, 0.0385, 0.0385, 0.05459, 0.05459, 0.02915, 0.04183, 0.04183], "cm5 charges": [-0.23398, -0.14966, -0.16042, -0.16548, 0.11943, -0.50878, 0.62256, -0.5778, -0.17138, -0.22539, 0.0796, 0.07957, 0.08124, 0.07895, 0.07898, 0.08099, 0.08101, 0.09357, 0.09354, 0.10396, 0.10396, 0.11277, 0.11278, 0.08008, 0.09495, 0.09495], "FUKUI+": [0.007, 0.003, 0.004, 0.004, 0.028, -0.121, -0.189, -0.283, 0.028, 0.033, -0.008, -0.008, -0.016, -0.009, -0.009, -0.011, -0.011, -0.021, -0.021, -0.037, -0.037, -0.099, -0.099, -0.063, -0.033, -0.033], "FUKUI-": [0.018, 0.007, 0.009, 0.008, 0.013, -0.049, -0.019, -0.12, -0.008, 0.015, -0.063, -0.063, -0.053, -0.08, -0.08, -0.063, -0.063, -0.042, -0.042, -0.029, -0.029, -0.052, -0.052, -0.077, -0.042, -0.042], "FUKUIrad": [0.012, 0.005, 0.006, 0.006, 0.02, -0.085, -0.104, -0.201, 0.01, 0.024, -0.035, -0.035, -0.034, -0.044, -0.044, -0.037, -0.037, -0.032, -0.032, -0.033, -0.033, -0.076, -0.076, -0.07, -0.038, -0.038], "s proportion": [1.008, 1.027, 1.032, 1.035, 0.999, 1.701, 0.991, 1.731, 1.034, 1.005, 0.972, 0.972, 0.97, 0.976, 0.976, 0.974, 0.974, 0.964, 0.964, 0.961, 0.961, 0.945, 0.945, 0.971, 0.958, 0.958], "p proportion": [3.076, 3.01, 3.018, 3.023, 2.801, 4.725, 2.436, 4.797, 3.037, 3.072, 0.0, 0.0, 0.0, 0.0, 0.0, 0.0, 0.0, 0.0, 0.0, 0.0, 0.0, 0.0, 0.0, 0.0, 0.0, 0.0], "d proportion": [0.0, 0.0, 0.0, 0.0, 0.0, 0.0, 0.0, 0.0, 0.0, 0.0, 0.0, 0.0, 0.0, 0.0, 0.0, 0.0, 0.0, 0.0, 0.0, 0.0, 0.0, 0.0, 0.0, 0.0, 0.0, 0.0], "Fermi-level/eV": -8.8173, "Coordination numbers": [3.75, 3.8, 3.802, 3.801, 3.704, 1.703, 2.719, 0.856, 3.801, 3.751, 0.924, 0.924, 0.924, 0.924, 0.924, 0.924, 0.924, 0.924, 0.924, 0.924, 0.924, 0.924, 0.924, 0.924, 0.924, 0.924], "Dispersion coefficient C6": [22.517, 21.521, 21.681, 21.762, 19.369, 18.633, 21.049, 21.754, 22.084, 22.524, 2.516, 2.517, 2.514, 2.547, 2.546, 2.502, 2.502, 2.351, 2.351, 2.326, 2.326, 2.099, 2.098, 2.427, 2.305, 2.305], "Total dispersion C6": 4995.248956, "Total dispersion C8": 105851.067682, "Polarizability alpha": [6.767, 6.605, 6.629, 6.642, 6.292, 5.828, 7.51, 6.253, 6.691, 6.768, 2.481, 2.481, 2.48, 2.496, 2.495, 2.474, 2.474, 2.398, 2.398, 2.385, 2.385, 2.265, 2.265, 2.436, 2.374, 2.374], "Total polarizability alpha": 104.646708, "Wiberg matrix": [[0.0, 1.0203057003967178, 0.0, 0.0, 0.0, 0.0, 0.0, 0.0, 0.0, 0.0, 0.9874999692904679, 0.9874972557849819, 0.9870737216325188, 0.0, 0.0, 0.0, 0.0, 0.0, 0.0, 0.0, 0.0, 0.0, 0.0, 0.0, 0.0, 0.0], [1.0203057003967178, 0.0, 1.0077430565461922, 0.0, 0.0, 0.0, 0.0, 0.0, 0.0, 0.0, 0.0, 0.0, 0.0, 0.9777863457206496, 0.9777919371128435, 0.0, 0.0, 0.0, 0.0, 0.0, 0.0, 0.0, 0.0, 0.0, 0.0, 0.0], [0.0, 1.0077430565461922, 0.0, 1.0062337130464223, 0.0, 0.0, 0.0, 0.0, 0.0, 0.0, 0.0, 0.0, 0.0, 0.0, 0.0, 0.9764868615621534, 0.976490936155139, 0.0, 0.0, 0.0, 0.0, 0.0, 0.0, 0.0, 0.0, 0.0], [0.0, 0.0, 1.0062337130464223, 0.0, 1.0047612547911051, 0.0, 0.0, 0.0, 0.0, 0.0, 0.0, 0.0, 0.0, 0.0, 0.0, 0.0, 0.0, 0.9753737519256356, 0.9753718804685859, 0.0, 0.0, 0.0, 0.0, 0.0, 0.0, 0.0], [0.0, 0.0, 0.0, 1.0047612547911051, 0.0, 0.9403935480639581, 0.0, 0.0, 0.0, 0.0, 0.0, 0.0, 0.0, 0.0, 0.0, 0.0, 0.0, 0.0, 0.0, 0.9693848463227606, 0.96938158793257, 0.0, 0.0, 0.0, 0.0, 0.0], [0.0, 0.0, 0.0, 0.0, 0.9403935480639581, 0.0, 1.114958850356277, 0.1701011667744307, 0.0, 0.0, 0.0, 0.0, 0.0, 0.0, 0.0, 0.0, 0.0, 0.0, 0.0, 0.0, 0.0, 0.0, 0.0, 0.0, 0.0, 0.0], [0.0, 0.0, 0.0, 0.0, 0.0, 1.114958850356277, 0.0, 1.7625838289114455, 0.9781241649029379, 0.0, 0.0, 0.0, 0.0, 0.0, 0.0, 0.0, 0.0, 0.0, 0.0, 0.0, 0.0, 0.0, 0.0, 0.0, 0.0, 0.0], [0.0, 0.0, 0.0, 0.0, 0.0, 0.1701011667744307, 1.7625838289114455, 0.0, 0.0, 0.0, 0.0, 0.0, 0.0, 0.0, 0.0, 0.0, 0.0, 0.0, 0.0, 0.0, 0.0, 0.0, 0.0, 0.0, 0.0, 0.0], [0.0, 0.0, 0.0, 0.0, 0.0, 0.0, 0.9781241649029379, 0.0, 0.0, 1.0204610162066146, 0.0, 0.0, 0.0, 0.0, 0.0, 0.0, 0.0, 0.0, 0.0, 0.0, 0.0, 0.9544010766336485, 0.9543986209218323, 0.0, 0.0, 0.0], [0.0, 0.0, 0.0, 0.0, 0.0, 0.0, 0.0, 0.0, 1.0204610162066146, 0.0, 0.0, 0.0, 0.0, 0.0, 0.0, 0.0, 0.0, 0.0, 0.0, 0.0, 0.0, 0.0, 0.0, 0.9868240079585293, 0.9864072245916896, 0.9864081167748744], [0.9874999692904679, 0.0, 0.0, 0.0, 0.0, 0.0, 0.0, 0.0, 0.0, 0.0, 0.0, 0.0, 0.0, 0.0, 0.0, 0.0, 0.0, 0.0, 0.0, 0.0, 0.0, 0.0, 0.0, 0.0, 0.0, 0.0], [0.9874972557849819, 0.0, 0.0, 0.0, 0.0, 0.0, 0.0, 0.0, 0.0, 0.0, 0.0, 0.0, 0.0, 0.0, 0.0, 0.0, 0.0, 0.0, 0.0, 0.0, 0.0, 0.0, 0.0, 0.0, 0.0, 0.0], [0.9870737216325188, 0.0, 0.0, 0.0, 0.0, 0.0, 0.0, 0.0, 0.0, 0.0, 0.0, 0.0, 0.0, 0.0, 0.0, 0.0, 0.0, 0.0, 0.0, 0.0, 0.0, 0.0, 0.0, 0.0, 0.0, 0.0], [0.0, 0.9777863457206496, 0.0, 0.0, 0.0, 0.0, 0.0, 0.0, 0.0, 0.0, 0.0, 0.0, 0.0, 0.0, 0.0, 0.0, 0.0, 0.0, 0.0, 0.0, 0.0, 0.0, 0.0, 0.0, 0.0, 0.0], [0.0, 0.9777919371128435, 0.0, 0.0, 0.0, 0.0, 0.0, 0.0, 0.0, 0.0, 0.0, 0.0, 0.0, 0.0, 0.0, 0.0, 0.0, 0.0, 0.0, 0.0, 0.0, 0.0, 0.0, 0.0, 0.0, 0.0], [0.0, 0.0, 0.9764868615621534, 0.0, 0.0, 0.0, 0.0, 0.0, 0.0, 0.0, 0.0, 0.0, 0.0, 0.0, 0.0, 0.0, 0.0, 0.0, 0.0, 0.0, 0.0, 0.0, 0.0, 0.0, 0.0, 0.0], [0.0, 0.0, 0.976490936155139, 0.0, 0.0, 0.0, 0.0, 0.0, 0.0, 0.0, 0.0, 0.0, 0.0, 0.0, 0.0, 0.0, 0.0, 0.0, 0.0, 0.0, 0.0, 0.0, 0.0, 0.0, 0.0, 0.0], [0.0, 0.0, 0.0, 0.9753737519256356, 0.0, 0.0, 0.0, 0.0, 0.0, 0.0, 0.0, 0.0, 0.0, 0.0, 0.0, 0.0, 0.0, 0.0, 0.0, 0.0, 0.0, 0.0, 0.0, 0.0, 0.0, 0.0], [0.0, 0.0, 0.0, 0.9753718804685859, 0.0, 0.0, 0.0, 0.0, 0.0, 0.0, 0.0, 0.0, 0.0, 0.0, 0.0, 0.0, 0.0, 0.0, 0.0, 0.0, 0.0, 0.0, 0.0, 0.0, 0.0, 0.0], [0.0, 0.0, 0.0, 0.0, 0.9693848463227606, 0.0, 0.0, 0.0, 0.0, 0.0, 0.0, 0.0, 0.0, 0.0, 0.0, 0.0, 0.0, 0.0, 0.0, 0.0, 0.0, 0.0, 0.0, 0.0, 0.0, 0.0], [0.0, 0.0, 0.0, 0.0, 0.96938158793257, 0.0, 0.0, 0.0, 0.0, 0.0, 0.0, 0.0, 0.0, 0.0, 0.0, 0.0, 0.0, 0.0, 0.0, 0.0, 0.0, 0.0, 0.0, 0.0, 0.0, 0.0], [0.0, 0.0, 0.0, 0.0, 0.0, 0.0, 0.0, 0.0, 0.9544010766336485, 0.0, 0.0, 0.0, 0.0, 0.0, 0.0, 0.0, 0.0, 0.0, 0.0, 0.0, 0.0, 0.0, 0.0, 0.0, 0.0, 0.0], [0.0, 0.0, 0.0, 0.0, 0.0, 0.0, 0.0, 0.0, 0.9543986209218323, 0.0, 0.0, 0.0, 0.0, 0.0, 0.0, 0.0, 0.0, 0.0, 0.0, 0.0, 0.0, 0.0, 0.0, 0.0, 0.0, 0.0], [0.0, 0.0, 0.0, 0.0, 0.0, 0.0, 0.0, 0.0, 0.0, 0.9868240079585293, 0.0, 0.0, 0.0, 0.0, 0.0, 0.0, 0.0, 0.0, 0.0, 0.0, 0.0, 0.0, 0.0, 0.0, 0.0, 0.0], [0.0, 0.0, 0.0, 0.0, 0.0, 0.0, 0.0, 0.0, 0.0, 0.9864072245916896, 0.0, 0.0, 0.0, 0.0, 0.0, 0.0, 0.0, 0.0, 0.0, 0.0, 0.0, 0.0, 0.0, 0.0, 0.0, 0.0], [0.0, 0.0, 0.0, 0.0, 0.0, 0.0, 0.0, 0.0, 0.0, 0.9864081167748744, 0.0, 0.0, 0.0, 0.0, 0.0, 0.0, 0.0, 0.0, 0.0, 0.0, 0.0, 0.0, 0.0, 0.0, 0.0, 0.0]], "Born radii": [], "Atomic SASAs": [], "Solvent H bonds": [], "Total SASA": NaN, "Total FOD": 0.0, "FOD": [0.0, 0.0, 0.0, 0.0, 0.0, 0.0, 0.0, 0.0, 0.0, 0.0, 0.0, 0.0, 0.0, 0.0, 0.0, 0.0, 0.0, 0.0, 0.0, 0.0, 0.0, 0.0, 0.0, 0.0, 0.0, 0.0], "FOD s proportion": [0.0, 0.0, 0.0, 0.0, 0.0, 0.0, 0.0, 0.0, 0.0, 0.0, 0.0, 0.0, 0.0, 0.0, 0.0, 0.0, 0.0, 0.0, 0.0, 0.0, 0.0, 0.0, 0.0, 0.0, 0.0, 0.0], "FOD p proportion": [0.0, 0.0, 0.0, 0.0, 0.0, 0.0, 0.0, 0.0, 0.0, 0.0, 0.0, 0.0, 0.0, 0.0, 0.0, 0.0, 0.0, 0.0, 0.0, 0.0, 0.0, 0.0, 0.0, 0.0, 0.0, 0.0], "FOD d proportion": [0.0, 0.0, 0.0, 0.0, 0.0, 0.0, 0.0, 0.0, 0.0, 0.0, 0.0, 0.0, 0.0, 0.0, 0.0, 0.0, 0.0, 0.0, 0.0, 0.0, 0.0, 0.0, 0.0, 0.0, 0.0, 0.0], "coordinates": [["-4.75640", "-0.24240", "0.46740"], ["-3.40700", "-0.89020", "0.20090"], ["-2.26960", "0.12640", "0.29370"], ["-0.91630", "-0.52830", "0.02550"], ["0.22470", "0.47920", "0.11600"], ["1.45170", "-0.21450", "-0.14750"], ["2.56230", "0.57530", "-0.09810"], ["2.56220", "1.77330", "0.14520"], ["3.78430", "-0.26200", "-0.39030"], ["5.06100", "0.55940", "-0.35110"], ["-4.78980", "0.19660", "1.46960"], ["-4.96280", "0.54810", "-0.26130"], ["-5.55520", "-0.98720", "0.39590"], ["-3.24600", "-1.69660", "0.92590"], ["-3.41800", "-1.34700", "-0.79550"], ["-2.43760", "0.93290", "-0.43050"], ["-2.26550", "0.58330", "1.29080"], ["-0.73920", "-1.34170", "0.74020"], ["-0.91000", "-0.99490", "-0.96760"], ["0.08660", "1.27280", "-0.62770"], ["0.26130", "0.91790", "1.12010"], ["3.66980", "-0.70730", "-1.38420"], ["3.84380", "-1.06070", "0.35650"], ["5.92790", "-0.07290", "-0.56620"], ["5.20530", "1.01510", "0.63410"], ["5.03280", "1.36550", "-1.09170"]], "bond_dist": [[0.0, 1.5203774038047264, 2.519991938479169, 3.8760008294632757, 5.045348920540581, 6.238540376562454, 7.385918577265795, 7.597944806985637, 8.583681607562108, 9.884036030387586, 1.094642133302021, 1.0947579184459, 1.094495650973543, 2.1462124894800145, 2.146246055325437, 2.7503432403974597, 2.7503364994123904, 4.173820332740737, 4.1737602003469245, 5.191312362977207, 5.191302983837488, 8.639756999476315, 8.63975426386654, 10.735517020618989, 10.04213931540486, 10.042139804842392], [1.5203774038047264, 0.0, 1.5283213536426166, 2.5229592267811225, 3.8822299339426043, 4.9178164605849215, 6.153830818278969, 6.53671808937788, 7.242854987503201, 8.608894711866327, 2.168610100963287, 2.168605397484752, 2.159212180402843, 1.0962786871959156, 1.0961752597098695, 2.15918872032993, 2.1591911703228135, 2.758958785484118, 2.7588699389423925, 4.1917046556263955, 4.19172746490036, 7.2544532984918995, 7.254473257928518, 9.401956164011828, 8.831168757305004, 8.831150620955345], [2.519991938479169, 1.5283213536426166, 0.0, 1.5270835668030747, 2.5253866278255295, 3.762837219439608, 4.868498337269922, 5.106919139755396, 6.1047863001091205, 7.3716315968718895, 2.7819196411830442, 2.7819385561151413, 3.4706940458646023, 2.1624899537338895, 2.1624261282180255, 1.0968736891730058, 1.0968057394087614, 2.1672111156968534, 2.1671879337057964, 2.777568965840452, 2.777564404293805, 6.227911083180299, 6.227905732266667, 8.244886581997353, 7.5352365497043285, 7.535233754171134], [3.8760008294632757, 2.5229592267811225, 1.5270835668030747, 0.0, 1.5248368765215512, 2.394957920298392, 3.651556911784342, 4.172727273618539, 4.726462280606923, 6.087120348736338, 4.197011683328984, 4.197029121890864, 4.676235513743935, 2.7573804851706627, 2.757319999564795, 2.1580998887910634, 2.158003542629159, 1.09716911185104, 1.0972706411820194, 2.162507771084303, 2.1624951699368027, 4.801209045646732, 4.801204304130371, 6.884807309576645, 6.34243360863951, 6.3424289582146685], [5.045348920540581, 3.8822299339426043, 2.5253866278255295, 1.5248368765215512, 0.0, 1.4339389596492593, 2.349350501734469, 2.6719756174037217, 3.671031093575755, 4.859466240236678, 5.201663769410707, 5.201659230476368, 5.96958264705331, 4.175619970734885, 4.175536130845954, 2.7554214251181253, 2.7553743647642506, 2.152766977635991, 2.152836236224205, 1.0963403942207, 1.0963640180159142, 3.9404436679135513, 3.9404336144642764, 5.7703294091412145, 5.036069179429528, 5.036059232177477], [6.238540376562454, 4.9178164605849215, 3.762837219439608, 2.394957920298392, 1.4339389596492593, 0.0, 1.3636923260031935, 2.295698669250823, 2.3456834505107462, 3.696947478663986, 6.4606762703296, 6.4606748447820825, 7.070289701278159, 5.041546713063363, 5.041471842626913, 4.064882562879277, 4.064820730364379, 2.61889937569201, 2.6190103207127686, 2.0751268250398573, 2.075136544904937, 2.5869376374392945, 2.5869311645268027, 4.497969173971739, 4.026453486630636, 4.026436495215093], [7.385918577265795, 6.153830818278969, 4.868498337269922, 3.651556911784342, 2.349350501734469, 1.3636923260031935, 0.0, 1.2224560932810633, 1.5098795084376766, 2.51152612966698, 7.526916459613458, 7.526918631817406, 8.28125887169336, 6.320320759265308, 6.320252537676007, 5.023680675560501, 5.02362021355118, 3.908649145165117, 3.908762666113153, 2.626037490212202, 2.6260211347207396, 2.1273627382277804, 2.1272986179659874, 3.459269317355907, 2.777587060741751, 2.7775937877954724], [7.597944806985637, 6.53671808937788, 5.106919139755396, 4.172727273618539, 2.6719756174037217, 2.295698669250823, 1.2224560932810633, 0.0, 2.433666934894749, 2.822032661044163, 7.634914685181492, 7.634918617117015, 8.577610010952935, 6.810645031125906, 6.810578581882747, 5.102519249351246, 5.102468681922506, 4.5778261172744426, 4.57792834369434, 2.6413008196720043, 2.6412648447287523, 3.1175661147760763, 3.1174833199233, 3.904161995870561, 2.792824387604778, 2.7928635501936], [8.583681607562108, 7.242854987503201, 6.1047863001091205, 4.726462280606923, 3.671031093575755, 2.3456834505107462, 1.5098795084376766, 2.433666934894749, 0.0, 1.5186169661899604, 8.785484208625043, 8.78548014737954, 9.400547097376833, 7.294900800559252, 7.294829492866849, 6.335727397860485, 6.335669604706356, 4.786004031548658, 4.786112220790482, 4.01060532712956, 4.010611071894157, 1.095097963654394, 1.0950672034172149, 2.159101799360095, 2.1678608742260193, 2.1678262061336926], [9.884036030387586, 8.608894711866327, 7.3716315968718895, 6.087120348736338, 4.859466240236678, 3.696947478663986, 2.51152612966698, 2.822032661044163, 1.5186169661899604, 0.0, 10.024212336637728, 10.024208605670573, 10.754240233507897, 8.702098252720432, 8.702028115330355, 7.508315960986192, 7.508262719830732, 6.200599724220231, 6.200706551676188, 5.032901993879873, 5.032898943948705, 2.146453339814309, 2.1463917652656046, 1.094343140884065, 1.0950360815973144, 1.095025483721726], [1.094642133302021, 2.168610100963287, 2.7819196411830442, 4.197011683328984, 5.201663769410707, 6.4606762703296, 7.526916459613458, 7.634914685181492, 8.785484208625043, 10.024212336637728, 0.0, 1.774681960239637, 1.7720189869185943, 2.5026254953548284, 3.0651613676933875, 3.112131510717373, 2.5599993789061743, 4.393831085738276, 4.734180407420063, 5.416285691320206, 5.114297131571454, 8.97363035844468, 8.79538764694314, 10.912662607265013, 10.063300974829284, 10.218123881613492], [1.0947579184459, 2.168605397484752, 2.7819385561151413, 4.197029121890864, 5.201659230476368, 6.4606748447820825, 7.526918631817406, 7.634918617117015, 8.78548014737954, 10.024208605670573, 1.774681960239637, 0.0, 1.7720032985296614, 3.065211929051562, 2.5026347496188888, 2.5599481869756655, 3.1121826328157542, 4.734252132069013, 4.39373378005541, 5.114281905605125, 5.41629382604009, 8.795380397117569, 8.973634594744762, 10.91265098406432, 10.218125452841141, 10.063286057744756], [1.094495650973543, 2.159212180402843, 3.4706940458646023, 4.676235513743935, 5.96958264705331, 7.070289701278159, 8.28125887169336, 8.577610010952935, 9.400547097376833, 10.754240233507897, 1.7720189869185943, 1.7720032985296614, 0.0, 2.4731665936608476, 2.4731586766724045, 3.7535517486775105, 3.7535905943509613, 4.8412879216175515, 4.84118524537122, 6.163218655864807, 6.163241346888827, 9.399347052854257, 9.399369958140813, 11.559548715672253, 10.947799083834157, 10.94778037092451], [2.1462124894800145, 1.0962786871959156, 2.1624899537338895, 2.7573804851706627, 4.175619970734885, 5.041546713063363, 6.320320759265308, 6.810645031125906, 7.294900800559252, 8.702098252720432, 2.5026254953548284, 3.065211929051562, 2.4731665936608476, 0.0, 1.7649425259764127, 3.067181404808004, 2.508480868972295, 2.538598971874053, 3.0878181844143606, 4.726228102832109, 4.378867111479863, 7.358231182831918, 7.140997774120925, 9.435210930869538, 8.880480607489664, 9.05459527588064], [2.146246055325437, 1.0961752597098695, 2.1624261282180255, 2.757319999564795, 4.175536130845954, 5.041471842626913, 6.320252537676007, 6.810578581882747, 7.294829492866849, 8.702028115330355, 3.0651613676933875, 2.5026347496188888, 2.4731586766724045, 1.7649425259764127, 0.0, 2.5084563320895183, 3.067077115104868, 3.0877778449882047, 2.5384359003134196, 4.378781798628473, 4.7261552936821705, 7.140916791281074, 7.358179865292775, 9.435134133121798, 9.05453342033702, 8.880394773319486], [2.7503432403974597, 2.15918872032993, 1.0968736891730058, 2.1580998887910634, 2.7554214251181253, 4.064882562879277, 5.023680675560501, 5.102519249351246, 6.335727397860485, 7.508315960986192, 3.112131510717373, 2.5599481869756655, 3.7535517486775105, 3.067181404808004, 2.5084563320895183, 0.0, 1.7648547418980407, 3.070652407876867, 2.517628052354041, 2.554604761993526, 3.1126590834847305, 6.395321296854444, 6.6370020280243995, 8.426840355673056, 7.717127082664897, 7.512070577410731], [2.7503364994123904, 2.1591911703228135, 1.0968057394087614, 2.158003542629159, 2.7553743647642506, 4.064820730364379, 5.02362021355118, 5.102468681922506, 6.335669604706356, 7.508262719830732, 2.5599993789061743, 3.1121826328157542, 3.7535905943509613, 2.508480868972295, 3.067077115104868, 1.7648547418980407, 0.0, 2.517613363882548, 3.070580734975063, 3.1126237983411995, 2.554567260809548, 6.636946545663902, 6.395248156248512, 8.426793636965368, 7.512027607111146, 7.7170801460137755], [4.173820332740737, 2.758958785484118, 2.1672111156968534, 1.09716911185104, 2.152766977635991, 2.61889937569201, 3.908649145165117, 4.5778261172744426, 4.786004031548658, 6.200599724220231, 4.393831085738276, 4.734252132069013, 4.8412879216175515, 2.538598971874053, 3.0877778449882047, 3.070652407876867, 2.517613363882548, 0.0, 1.7510064877092832, 3.06409959041804, 2.500223274029741, 4.9350602549513, 4.607610626995298, 6.911349854406157, 6.395533105222738, 6.633307881441958], [4.1737602003469245, 2.7588699389423925, 2.1671879337057964, 1.0972706411820194, 2.152836236224205, 2.6190103207127686, 3.908762666113153, 4.57792834369434, 4.786112220790482, 6.200706551676188, 4.734180407420063, 4.39373378005541, 4.84118524537122, 3.0878181844143606, 2.5384359003134196, 2.517628052354041, 3.070580734975063, 1.7510064877092832, 0.0, 2.5002413603490363, 3.0641864858392673, 4.607693279722512, 4.935198566420605, 6.911445751071191, 6.633433272446479, 6.395604804082254], [5.191312362977207, 4.1917046556263955, 2.777568965840452, 2.162507771084303, 1.0963403942207, 2.0751268250398573, 2.626037490212202, 2.6413008196720043, 4.01060532712956, 5.032901993879873, 5.416285691320206, 5.114281905605125, 6.163218655864807, 4.726228102832109, 4.378781798628473, 2.554604761993526, 3.1126237983411995, 3.06409959041804, 2.5002413603490363, 0.0, 1.7920041685219377, 4.163221168758634, 4.531051062391595, 5.994620624359811, 5.278223017266323, 4.968780909840964], [5.191302983837488, 4.19172746490036, 2.777564404293805, 2.1624951699368027, 1.0963640180159142, 2.075136544904937, 2.6260211347207396, 2.6412648447287523, 4.010611071894157, 5.032898943948705, 5.114297131571454, 5.41629382604009, 6.163241346888827, 4.378867111479863, 4.7261552936821705, 3.1126590834847305, 2.554567260809548, 2.500223274029741, 3.0641864858392673, 1.7920041685219377, 0.0, 4.531077772451054, 4.163201793091466, 5.994634925497965, 4.9687805183968425, 5.27822103080195], [8.639756999476315, 7.2544532984918995, 6.227911083180299, 4.801209045646732, 3.9404436679135513, 2.5869376374392945, 2.1273627382277804, 3.1175661147760763, 1.095097963654394, 2.146453339814309, 8.97363035844468, 8.795380397117569, 9.399347052854257, 7.358231182831918, 7.140916791281074, 6.395321296854444, 6.636946545663902, 4.9350602549513, 4.607693279722512, 4.163221168758634, 4.531077772451054, 0.0, 1.784713996695269, 2.4840698400004784, 3.0656087323727403, 2.4979641890947915], [8.63975426386654, 7.254473257928518, 6.227905732266667, 4.801204304130371, 3.9404336144642764, 2.5869311645268027, 2.1272986179659874, 3.1174833199233, 1.0950672034172149, 2.1463917652656046, 8.79538764694314, 8.973634594744762, 9.399369958140813, 7.140997774120925, 7.358179865292775, 6.6370020280243995, 6.395248156248512, 4.607610626995298, 4.935198566420605, 4.531051062391595, 4.163201793091466, 1.784713996695269, 0.0, 2.484068626266191, 2.4979370788712836, 3.0655261669083824], [10.735517020618989, 9.401956164011828, 8.244886581997353, 6.884807309576645, 5.7703294091412145, 4.497969173971739, 3.459269317355907, 3.904161995870561, 2.159101799360095, 1.094343140884065, 10.912662607265013, 10.91265098406432, 11.559548715672253, 9.435210930869538, 9.435134133121798, 8.426840355673056, 8.426793636965368, 6.911349854406157, 6.911445751071191, 5.994620624359811, 5.994634925497965, 2.4840698400004784, 2.484068626266191, 0.0, 1.7738700206046665, 1.77379503325497], [10.04213931540486, 8.831168757305004, 7.5352365497043285, 6.34243360863951, 5.036069179429528, 4.026453486630636, 2.777587060741751, 2.792824387604778, 2.1678608742260193, 1.0950360815973144, 10.063300974829284, 10.218125452841141, 10.947799083834157, 8.880480607489664, 9.05453342033702, 7.717127082664897, 7.512027607111146, 6.395533105222738, 6.633433272446479, 5.278223017266323, 4.9687805183968425, 3.0656087323727403, 2.4979370788712836, 1.7738700206046665, 0.0, 1.7694411688439942], [10.042139804842392, 8.831150620955345, 7.535233754171134, 6.3424289582146685, 5.036059232177477, 4.026436495215093, 2.7775937877954724, 2.7928635501936, 2.1678262061336926, 1.095025483721726, 10.218123881613492, 10.063286057744756, 10.94778037092451, 9.05459527588064, 8.880394773319486, 7.512070577410731, 7.7170801460137755, 6.633307881441958, 6.395604804082254, 4.968780909840964, 5.27822103080195, 2.4979641890947915, 3.0655261669083824, 1.77379503325497, 1.7694411688439942, 0.0]]}