{"total energy": -29.35912241, "HOMO-LUMO gap/eV": 11.62588678, "electronic energy": -29.72743873, "dipole": [0.47732028, 0.38752992, 0.59335255], "partial charges": [-0.45868683, 0.11091594, -0.06521765, -0.05618543, -0.05597632, -0.05470576, -0.05563011, -0.05197355, -0.06984122, 0.28272399, 0.03931841, 0.03839317, 0.03296403, 0.02799075, 0.02925886, 0.02556558, 0.03343729, 0.03457109, 0.02583798, 0.02495193, 0.02954273, 0.02651259, 0.0273343, 0.04146914, 0.0374291], "atomic dipole moments": [[0.11561754, 0.17118348, 0.10716273], [0.00297241, -0.16229509, 0.07850775], [0.05644123, 0.05447792, -0.08070541], [0.08661353, -0.07018562, -0.00308569], [-0.03357706, -0.09245816, 0.05848892], [-0.00070652, -0.01598482, -0.1105495], [-0.10487875, -0.02095513, -0.00478595], [-0.02973759, 0.0949457, -0.04018338], [-0.05148913, -0.01522366, 0.09914413], [0.0309861, -0.02684375, 0.06415821], [-0.05247901, 0.04585778, -0.10527842], [-0.11816964, -0.02503368, 0.00550237], [0.02484965, -0.05462284, 0.10771974], [-0.05654218, 0.05479225, -0.0941489], [-0.06297159, 0.04006974, 0.09271908], [-0.00946602, 0.11169033, 0.03877313], [0.04904654, 0.02073109, -0.11405843], [-0.06157759, -0.05658903, 0.0974904], [0.060895, 0.08489545, 0.05665478], [0.07686486, -0.03299331, 0.08366573], [0.07470557, 0.06223671, -0.07838552], [0.09349967, -0.06664874, -0.03266087], [-0.05377641, -0.07418846, 0.08660299], [0.04128199, -0.08803796, -0.0779062], [0.03336547, 0.10528214, -0.06194913]], "atomic quadrupole moments": [[-0.07302534, 0.07071614, 0.14377401, 0.02059257, -0.00215023, -0.07074867], [-0.07394459, 0.13341101, 0.2910031, -0.11915218, 0.04322159, -0.21705851], [-0.15808975, -0.03235488, 0.169603, -0.07762079, 0.1373566, -0.01151325], [0.05763416, 0.12844125, 0.14588783, 0.02095498, 0.01450094, -0.20352199], [0.17780229, 0.00811226, -0.09846178, 0.13481059, -0.07062752, -0.07934051], [0.0483542, -0.20381835, -0.01449854, 0.03652109, -0.00977242, -0.03385566], [-0.03460335, -0.04214912, 0.11553264, -0.01871168, 0.17930857, -0.08092929], [-0.0637151, 0.0661423, 0.00275994, 0.17280874, 0.07204338, 0.06095516], [0.18555025, 0.00783476, -0.17518907, 0.11423517, -0.04179895, -0.01036118], [-0.05328775, -0.02361479, -0.01240124, 0.07269941, -0.0758298, 0.06568899], [0.00268441, -0.00517091, -0.01383003, 0.00868958, -0.02357341, 0.01114562], [0.0560812, 0.00899141, -0.02018027, 0.0136036, 0.01548319, -0.03590093], [-0.00624372, -0.02961964, -0.01586372, 0.04991743, -0.0164394, 0.02210744], [-0.01409502, 0.01060876, -0.02005851, 0.03097066, -0.03518151, 0.03415353], [-0.01765704, 0.02092927, -0.00756246, -0.04199348, 0.02940369, 0.0252195], [-0.00259568, -0.01254953, 0.0305029, 0.01345088, 0.04105539, -0.02790722], [0.00786398, -0.0202527, -0.04587149, -0.02737827, 0.01676161, 0.03800751], [0.02282646, 0.02831619, -0.00471929, -0.02699455, -0.03622355, -0.01810718], [0.00776102, 0.00957995, 0.03524885, 0.03540751, 0.02572983, -0.04300987], [-0.0195602, -0.0307409, -0.00419449, 0.04538859, -0.00513757, 0.0237547], [-0.03423555, 0.0147693, 0.01137386, -0.03528141, -0.0244882, 0.02286169], [0.02830519, -0.03228631, -0.02521045, -0.00109977, 0.04108145, -0.00309474], [0.02152829, 0.03239746, -0.03157461, -0.03310681, -0.02195048, 0.01004632], [-0.00756773, -0.02501588, 0.0115698, 0.01371007, 0.04617404, -0.00400207], [-0.01846415, 0.0289921, 0.05045971, 0.01701991, -0.02178348, -0.03199555]], "number of molecular orbitals": 52, "number of electrons": 54, "number of unpaired electrons": 0, "orbital energies/eV": [-18.39322544, -17.21524976, -16.91896373, -16.8688988, -16.33717198, -16.29087282, -15.65965859, -15.34419473, -15.04905693, -14.66232043, -14.29381924, -14.11553155, -13.81294825, -13.6315253, -13.44431622, -13.40315366, -13.09494423, -12.67902401, -12.43378022, -12.29758185, -11.95075562, -11.89989711, -11.76911009, -11.58526778, -11.33371067, -11.14744878, -10.86663689, 0.7592499, 1.73176539, 2.07735801, 2.32632245, 2.41462254, 2.45324357, 2.5030189, 2.73611128, 2.88658726, 3.63924666, 4.2130975, 4.48434419, 4.78132627, 4.94043935, 5.20045805, 5.28379297, 6.10496069, 6.32858486, 6.58550554, 7.37290573, 7.40635306, 7.57337407, 8.29388437, 8.81146655, 8.96696358], "fractional occupation": [2.0, 2.0, 2.0, 2.0, 2.0, 2.0, 2.0, 2.0, 2.0, 2.0, 2.0, 2.0, 2.0, 2.0, 2.0, 2.0, 2.0, 2.0, 2.0, 2.0, 2.0, 2.0, 2.0, 2.0, 2.0, 2.0, 2.0, 0.0, 0.0, 0.0, 0.0, 0.0, 0.0, 0.0, 0.0, 0.0, 0.0, 0.0, 0.0, 0.0, 0.0, 0.0, 0.0, 0.0, 0.0, 0.0, 0.0, 0.0, 0.0, 0.0, 0.0, 0.0], "program call": "xtb /home/svss/Project-DBcg-Debug/aqme2_20220329/End-to-End-workflows-final/example-3/QDESCP/mol_310_rdkit_conf_6/mol_310_rdkit_conf_6.xyz --pop --wbo --acc 0.2 --gfn 2 --chrg 0 --uhf 0 --etemp 300 --input /home/svss/Project-DBcg-Debug/aqme2_20220329/End-to-End-workflows-final/example-3/QDESCP/mol_310_rdkit_conf_6/mol_310_rdkit_conf_6_xtb.inp", "method": "GFN2-xTB", "xtb version": "6.3.3 (7355c4f)", "Dipole module/D": 2.172, "Total charge": 0, "Transition dipole module/D": NaN, "HOMO": -10.8666, "LUMO": 0.7592, "HOMO occupancy": 2.0, "LUMO occupancy": 0, "mulliken charges": [-0.56913, 0.21475, -0.07253, -0.04809, -0.05051, -0.04873, -0.04768, -0.04874, -0.0748, 0.3313, 0.02972, 0.03942, 0.02488, 0.02518, 0.0264, 0.02601, 0.02426, 0.02568, 0.02588, 0.02554, 0.02451, 0.02719, 0.02089, 0.04088, 0.02771], "cm5 charges": [-0.78059, 0.16718, -0.17844, -0.15795, -0.16078, -0.15878, -0.15817, -0.15878, -0.18065, 0.50203, 0.09655, 0.09697, 0.08377, 0.07999, 0.08116, 0.08041, 0.08061, 0.08161, 0.08037, 0.07991, 0.0797, 0.08184, 0.07824, 0.09916, 0.08464], "FUKUI+": [-0.128, -0.037, 0.004, -0.0, 0.013, 0.011, -0.0, 0.001, 0.02, -0.071, -0.08, -0.055, -0.043, -0.049, -0.058, -0.053, -0.039, -0.04, -0.056, -0.053, -0.045, -0.051, -0.031, -0.065, -0.095], "FUKUI-": [-0.097, -0.005, 0.0, 0.011, 0.012, 0.006, 0.005, 0.009, 0.006, -0.041, -0.054, -0.052, -0.04, -0.059, -0.092, -0.091, -0.073, -0.036, -0.073, -0.055, -0.039, -0.086, -0.04, -0.077, -0.041], "FUKUIrad": [-0.113, -0.021, 0.002, 0.006, 0.013, 0.008, 0.003, 0.005, 0.013, -0.056, -0.067, -0.054, -0.042, -0.054, -0.075, -0.072, -0.056, -0.038, -0.065, -0.054, -0.042, -0.068, -0.035, -0.071, -0.068], "s proportion": [1.7, 1.023, 1.04, 1.031, 1.031, 1.03, 1.033, 1.031, 1.042, 0.669, 0.97, 0.961, 0.975, 0.975, 0.974, 0.974, 0.976, 0.974, 0.974, 0.974, 0.975, 0.973, 0.979, 0.959, 0.972], "p proportion": [4.869, 2.763, 3.032, 3.018, 3.019, 3.018, 3.014, 3.018, 3.033, 0.0, 0.0, 0.0, 0.0, 0.0, 0.0, 0.0, 0.0, 0.0, 0.0, 0.0, 0.0, 0.0, 0.0, 0.0, 0.0], "d proportion": [0.0, 0.0, 0.0, 0.0, 0.0, 0.0, 0.0, 0.0, 0.0, 0.0, 0.0, 0.0, 0.0, 0.0, 0.0, 0.0, 0.0, 0.0, 0.0, 0.0, 0.0, 0.0, 0.0, 0.0, 0.0], "Fermi-level/eV": -5.0537, "Coordination numbers": [1.653, 3.722, 3.799, 3.799, 3.799, 3.798, 3.799, 3.798, 3.798, 0.804, 0.924, 0.923, 0.924, 0.924, 0.923, 0.923, 0.924, 0.924, 0.923, 0.923, 0.924, 0.923, 0.924, 0.923, 0.924], "Dispersion coefficient C6": [22.023, 18.865, 21.753, 21.586, 21.582, 21.559, 21.576, 21.51, 21.839, 0.776, 2.458, 2.471, 2.545, 2.615, 2.597, 2.651, 2.538, 2.523, 2.647, 2.66, 2.593, 2.637, 2.625, 2.43, 2.483], "Total dispersion C6": 4404.191555, "Total dispersion C8": 93382.360922, "Polarizability alpha": [6.335, 6.203, 6.641, 6.615, 6.615, 6.611, 6.614, 6.604, 6.654, 1.383, 2.452, 2.458, 2.495, 2.529, 2.52, 2.546, 2.491, 2.484, 2.544, 2.55, 2.518, 2.539, 2.534, 2.438, 2.464], "Total polarizability alpha": 97.837942, "Wiberg matrix": [[0.0, 0.9763355944826674, 0.0, 0.0, 0.0, 0.0, 0.0, 0.0, 0.0, 0.9007225572903325, 0.0, 0.0, 0.0, 0.0, 0.0, 0.0, 0.0, 0.0, 0.0, 0.0, 0.0, 0.0, 0.0, 0.0, 0.0], [0.9763355944826674, 0.0, 0.9922636675172526, 0.0, 0.0, 0.0, 0.0, 0.0, 0.9905466495887529, 0.0, 0.9643869881737148, 0.0, 0.0, 0.0, 0.0, 0.0, 0.0, 0.0, 0.0, 0.0, 0.0, 0.0, 0.0, 0.0, 0.0], [0.0, 0.9922636675172526, 0.0, 1.0071826556807828, 0.0, 0.0, 0.0, 0.0, 0.0, 0.0, 0.0, 0.9732028755919858, 0.9686437108601359, 0.0, 0.0, 0.0, 0.0, 0.0, 0.0, 0.0, 0.0, 0.0, 0.0, 0.0, 0.0], [0.0, 0.0, 1.0071826556807828, 0.0, 1.0062885112127313, 0.0, 0.0, 0.0, 0.0, 0.0, 0.0, 0.0, 0.0, 0.9772388398533793, 0.9781280037250217, 0.0, 0.0, 0.0, 0.0, 0.0, 0.0, 0.0, 0.0, 0.0, 0.0], [0.0, 0.0, 0.0, 1.0062885112127313, 0.0, 1.0054062454064505, 0.0, 0.0, 0.0, 0.0, 0.0, 0.0, 0.0, 0.0, 0.0, 0.9789671495610491, 0.973130476721607, 0.0, 0.0, 0.0, 0.0, 0.0, 0.0, 0.0, 0.0], [0.0, 0.0, 0.0, 0.0, 1.0054062454064505, 0.0, 1.0085542300889196, 0.0, 0.0, 0.0, 0.0, 0.0, 0.0, 0.0, 0.0, 0.0, 0.0, 0.9741940790397121, 0.9787685438148497, 0.0, 0.0, 0.0, 0.0, 0.0, 0.0], [0.0, 0.0, 0.0, 0.0, 0.0, 1.0085542300889196, 0.0, 1.0082505291189867, 0.0, 0.0, 0.0, 0.0, 0.0, 0.0, 0.0, 0.0, 0.0, 0.0, 0.0, 0.9769413307696004, 0.9762054888943792, 0.0, 0.0, 0.0, 0.0], [0.0, 0.0, 0.0, 0.0, 0.0, 0.0, 1.0082505291189867, 0.0, 1.0049310960781352, 0.0, 0.0, 0.0, 0.0, 0.0, 0.0, 0.0, 0.0, 0.0, 0.0, 0.0, 0.0, 0.978925907003198, 0.9715258574035628, 0.0, 0.0], [0.0, 0.9905466495887529, 0.0, 0.0, 0.0, 0.0, 0.0, 1.0049310960781352, 0.0, 0.0, 0.0, 0.0, 0.0, 0.0, 0.0, 0.0, 0.0, 0.0, 0.0, 0.0, 0.0, 0.0, 0.0, 0.9753561663217871, 0.970849818883152], [0.9007225572903325, 0.0, 0.0, 0.0, 0.0, 0.0, 0.0, 0.0, 0.0, 0.0, 0.0, 0.0, 0.0, 0.0, 0.0, 0.0, 0.0, 0.0, 0.0, 0.0, 0.0, 0.0, 0.0, 0.0, 0.0], [0.0, 0.9643869881737148, 0.0, 0.0, 0.0, 0.0, 0.0, 0.0, 0.0, 0.0, 0.0, 0.0, 0.0, 0.0, 0.0, 0.0, 0.0, 0.0, 0.0, 0.0, 0.0, 0.0, 0.0, 0.0, 0.0], [0.0, 0.0, 0.9732028755919858, 0.0, 0.0, 0.0, 0.0, 0.0, 0.0, 0.0, 0.0, 0.0, 0.0, 0.0, 0.0, 0.0, 0.0, 0.0, 0.0, 0.0, 0.0, 0.0, 0.0, 0.0, 0.0], [0.0, 0.0, 0.9686437108601359, 0.0, 0.0, 0.0, 0.0, 0.0, 0.0, 0.0, 0.0, 0.0, 0.0, 0.0, 0.0, 0.0, 0.0, 0.0, 0.0, 0.0, 0.0, 0.0, 0.0, 0.0, 0.0], [0.0, 0.0, 0.0, 0.9772388398533793, 0.0, 0.0, 0.0, 0.0, 0.0, 0.0, 0.0, 0.0, 0.0, 0.0, 0.0, 0.0, 0.0, 0.0, 0.0, 0.0, 0.0, 0.0, 0.0, 0.0, 0.0], [0.0, 0.0, 0.0, 0.9781280037250217, 0.0, 0.0, 0.0, 0.0, 0.0, 0.0, 0.0, 0.0, 0.0, 0.0, 0.0, 0.0, 0.0, 0.0, 0.0, 0.0, 0.0, 0.0, 0.0, 0.0, 0.0], [0.0, 0.0, 0.0, 0.0, 0.9789671495610491, 0.0, 0.0, 0.0, 0.0, 0.0, 0.0, 0.0, 0.0, 0.0, 0.0, 0.0, 0.0, 0.0, 0.0, 0.0, 0.0, 0.0, 0.0, 0.0, 0.0], [0.0, 0.0, 0.0, 0.0, 0.973130476721607, 0.0, 0.0, 0.0, 0.0, 0.0, 0.0, 0.0, 0.0, 0.0, 0.0, 0.0, 0.0, 0.0, 0.0, 0.0, 0.0, 0.0, 0.0, 0.0, 0.0], [0.0, 0.0, 0.0, 0.0, 0.0, 0.9741940790397121, 0.0, 0.0, 0.0, 0.0, 0.0, 0.0, 0.0, 0.0, 0.0, 0.0, 0.0, 0.0, 0.0, 0.0, 0.0, 0.0, 0.0, 0.0, 0.0], [0.0, 0.0, 0.0, 0.0, 0.0, 0.9787685438148497, 0.0, 0.0, 0.0, 0.0, 0.0, 0.0, 0.0, 0.0, 0.0, 0.0, 0.0, 0.0, 0.0, 0.0, 0.0, 0.0, 0.0, 0.0, 0.0], [0.0, 0.0, 0.0, 0.0, 0.0, 0.0, 0.9769413307696004, 0.0, 0.0, 0.0, 0.0, 0.0, 0.0, 0.0, 0.0, 0.0, 0.0, 0.0, 0.0, 0.0, 0.0, 0.0, 0.0, 0.0, 0.0], [0.0, 0.0, 0.0, 0.0, 0.0, 0.0, 0.9762054888943792, 0.0, 0.0, 0.0, 0.0, 0.0, 0.0, 0.0, 0.0, 0.0, 0.0, 0.0, 0.0, 0.0, 0.0, 0.0, 0.0, 0.0, 0.0], [0.0, 0.0, 0.0, 0.0, 0.0, 0.0, 0.0, 0.978925907003198, 0.0, 0.0, 0.0, 0.0, 0.0, 0.0, 0.0, 0.0, 0.0, 0.0, 0.0, 0.0, 0.0, 0.0, 0.0, 0.0, 0.0], [0.0, 0.0, 0.0, 0.0, 0.0, 0.0, 0.0, 0.9715258574035628, 0.0, 0.0, 0.0, 0.0, 0.0, 0.0, 0.0, 0.0, 0.0, 0.0, 0.0, 0.0, 0.0, 0.0, 0.0, 0.0, 0.0], [0.0, 0.0, 0.0, 0.0, 0.0, 0.0, 0.0, 0.0, 0.9753561663217871, 0.0, 0.0, 0.0, 0.0, 0.0, 0.0, 0.0, 0.0, 0.0, 0.0, 0.0, 0.0, 0.0, 0.0, 0.0, 0.0], [0.0, 0.0, 0.0, 0.0, 0.0, 0.0, 0.0, 0.0, 0.970849818883152, 0.0, 0.0, 0.0, 0.0, 0.0, 0.0, 0.0, 0.0, 0.0, 0.0, 0.0, 0.0, 0.0, 0.0, 0.0, 0.0]], "Born radii": [], "Atomic SASAs": [], "Solvent H bonds": [], "Total SASA": NaN, "Total FOD": 0.0, "FOD": [0.0, 0.0, 0.0, 0.0, 0.0, 0.0, 0.0, 0.0, 0.0, 0.0, 0.0, 0.0, 0.0, 0.0, 0.0, 0.0, 0.0, 0.0, 0.0, 0.0, 0.0, 0.0, 0.0, 0.0, 0.0], "FOD s proportion": [0.0, 0.0, 0.0, 0.0, 0.0, 0.0, 0.0, 0.0, 0.0, 0.0, 0.0, 0.0, 0.0, 0.0, 0.0, 0.0, 0.0, 0.0, 0.0, 0.0, 0.0, 0.0, 0.0, 0.0, 0.0], "FOD p proportion": [0.0, 0.0, 0.0, 0.0, 0.0, 0.0, 0.0, 0.0, 0.0, 0.0, 0.0, 0.0, 0.0, 0.0, 0.0, 0.0, 0.0, 0.0, 0.0, 0.0, 0.0, 0.0, 0.0, 0.0, 0.0], "FOD d proportion": [0.0, 0.0, 0.0, 0.0, 0.0, 0.0, 0.0, 0.0, 0.0, 0.0, 0.0, 0.0, 0.0, 0.0, 0.0, 0.0, 0.0, 0.0, 0.0, 0.0, 0.0, 0.0, 0.0, 0.0, 0.0], "coordinates": [["-1.39850", "-2.33530", "-1.09310"], ["-1.01610", "-0.95400", "-1.12770"], ["-1.62730", "-0.27650", "0.09810"], ["-1.47430", "1.23840", "0.17780"], ["-0.06010", "1.80450", "0.30140"], ["0.84940", "1.07670", "1.29130"], ["1.86870", "0.13620", "0.64460"], ["1.31570", "-1.13100", "-0.01180"], ["0.50610", "-0.88400", "-1.28900"], ["-1.02320", "-2.73130", "-0.28850"], ["-1.47630", "-0.54020", "-2.03230"], ["-2.70410", "-0.49820", "0.09410"], ["-1.27150", "-0.75030", "1.01980"], ["-1.96030", "1.69870", "-0.69160"], ["-2.04700", "1.57700", "1.05170"], ["-0.16760", "2.84370", "0.64140"], ["0.41050", "1.88300", "-0.68360"], ["0.27270", "0.55340", "2.06170"], ["1.42830", "1.84180", "1.82610"], ["2.56850", "-0.17930", "1.42960"], ["2.46980", "0.69370", "-0.08490"], ["2.18550", "-1.74140", "-0.29000"], ["0.75950", "-1.72890", "0.71760"], ["0.79430", "-1.66060", "-2.01110"], ["0.79750", "0.06390", "-1.75140"]], "bond_dist": [[0.0, 1.4336724207433162, 2.3895531632504015, 3.793713766219059, 4.568795120160238, 4.730767566685135, 4.45000105393246, 3.1601312979051994, 2.402529845808372, 0.9721354072350209, 2.027445064607177, 2.5473459933821316, 2.644371458399897, 4.092673635901109, 4.508526431108062, 5.598718251528648, 4.608060995690053, 4.592413327434716, 5.827580225959999, 5.171986106903227, 5.015481345793243, 3.7205836665770606, 2.881548099546492, 2.4710960989002433, 3.318423651374249], [1.4336724207433162, 0.0, 1.528122158075067, 2.5924689487050756, 3.2504745899637486, 3.6681594485518207, 3.5569164131309017, 2.591110389389075, 1.5323219407161148, 1.9654776366064306, 1.096045455261779, 2.133047791307077, 2.172206044554706, 2.8493006405081234, 3.49549712773448, 4.274598501613924, 3.2063969451707, 3.7557332919151754, 4.74515789410637, 4.470939558974154, 3.994226575946838, 3.4017616921236558, 2.6755106914381783, 2.134766329133004, 2.171236297596372], [2.3895531632504015, 1.528122158075067, 0.0, 1.524691149052817, 2.613045680810039, 3.0641343589992918, 3.562442917437415, 3.066512230531618, 2.616199193486612, 2.557428280519319, 2.1519625577597767, 1.099393073472814, 1.0957239478992873, 2.15312102075104, 2.126255699580838, 3.4873409669832975, 3.070362190361261, 2.855601332469223, 4.099984176798735, 4.4030759396131245, 4.214380790816132, 4.10292547580382, 2.8618281307583797, 3.496942094173136, 3.068579060412164], [3.793713766219059, 2.5924689487050756, 1.524691149052817, 0.0, 1.5283022639517354, 2.581784427484216, 3.5508303366959115, 3.665256405764813, 3.2523942196480427, 4.022368082361434, 2.83689336599034, 2.1295993261644313, 2.1691056982083654, 1.097236733799958, 1.098333492159827, 2.1211737175441336, 2.1702511744035524, 2.6590060567813683, 3.3920600245278676, 4.463306887275397, 3.99019224975439, 4.742592215234197, 3.7531474484757457, 4.282759644201388, 3.203488431382264], [4.568795120160238, 3.2504745899637486, 2.613045680810039, 1.5283022639517354, 0.0, 1.528654669963102, 2.5731849078525237, 3.2570047789341667, 3.174584516121755, 4.6742940921597995, 3.5985269514066447, 3.512283670206608, 2.9172918194791557, 2.1466258826353513, 2.1359957748085554, 1.0986777917114736, 1.0944640743304461, 2.1851002585693866, 2.131064508643509, 3.4810681751439456, 2.78989217354363, 4.23861771453855, 3.6510111147461606, 4.25259610355839, 2.824739626939092], [4.730767566685135, 3.6681594485518207, 3.0641343589992918, 2.581784427484216, 1.528654669963102, 0.0, 1.5302724038549473, 2.605656268581871, 3.2588567734713347, 4.528052870716065, 4.366871083510481, 4.067057916971431, 2.8124469879448397, 3.4947375437935246, 2.9490407270839785, 2.1398476604655765, 2.177839045935213, 1.0954186140467033, 1.0984144299853313, 2.1335340869083854, 2.160164715941819, 3.4967642914557455, 2.8650663273299624, 4.289719461689773, 3.20725439277897], [4.45000105393246, 3.5569164131309017, 3.562442917437415, 3.5508303366959115, 2.5731849078525237, 1.5302724038549473, 0.0, 1.530511613807618, 2.57610088311774, 4.178075809508488, 4.337318938007672, 4.649302469188254, 3.284435009251972, 4.346041611627758, 4.192176229597224, 3.3877845533622706, 2.634724410635769, 2.1747285462788226, 2.121076559202897, 1.097945941292193, 1.097404989053722, 2.121136761267411, 2.171232748923984, 3.381651680761932, 2.625549986193369], [3.1601312979051994, 2.591110389389075, 3.066512230531618, 3.665256405764813, 3.2570047789341667, 2.605656268581871, 1.530511613807618, 0.0, 1.5322209370714133, 2.8474508231047646, 3.4966739753657334, 4.070680863197212, 2.8111803375094957, 4.381952319457618, 4.446577058817265, 4.292445598956381, 3.2179027766543853, 2.8678309939743665, 3.496869315544978, 2.133746632100447, 2.1602825069883798, 1.0984240711127922, 1.0949279474011067, 2.132963808881904, 2.1731372276043683], [2.402529845808372, 1.5323219407161148, 2.616199193486612, 3.2523942196480427, 3.174584516121755, 3.2588567734713347, 2.57610088311774, 1.5322209370714133, 0.0, 2.598514196613134, 2.1449016504259584, 3.5167017630160227, 2.9168981624321404, 3.620822421771054, 4.24896659200799, 4.251595364095695, 2.8340673104215433, 3.6534620307319465, 4.240788427875175, 3.4843768180264316, 2.791972741629116, 2.1338978700959426, 2.19191950810243, 1.0989063699879076, 1.0941856012578488], [0.9721354072350209, 1.9654776366064306, 2.557428280519319, 4.022368082361434, 4.6742940921597995, 4.528052870716065, 4.178075809508488, 2.8474508231047646, 2.598514196613134, 0.0, 2.8367335546363885, 2.8210890060400433, 2.3869777502105043, 4.545937309290571, 4.626634994247979, 5.71641411813385, 4.84802683470296, 4.241703777964699, 5.603091023711823, 4.72915219674732, 4.89623599921409, 3.3579249470469112, 2.2792679219433594, 2.7234271607663754, 3.6425496482546396], [2.027445064607177, 1.096045455261779, 2.1519625577597767, 2.83689336599034, 3.5985269514066447, 4.366871083510481, 4.337318938007672, 3.4966739753657334, 2.1449016504259584, 2.8367335546363885, 0.0, 2.455775600497733, 3.066170161618562, 2.6541299327651617, 3.78408381646073, 4.506899886840177, 3.354236749247137, 4.58429906965067, 5.3849675690759735, 5.336235326519999, 4.570183932841216, 4.22933445946286, 3.7381491864290277, 2.53206831661391, 2.369389807524292], [2.5473459933821316, 2.133047791307077, 1.099393073472814, 2.1295993261644313, 3.512283670206608, 4.067057916971431, 4.649302469188254, 4.070680863197212, 3.5167017630160227, 2.8210890060400433, 2.455775600497733, 0.0, 1.7241860862447533, 2.448863520084368, 2.3780734240136487, 4.231035942886801, 3.9969568286385075, 3.720033677266914, 5.054913823202132, 5.448446404251399, 5.312429559062407, 5.0597694819033014, 3.7282569251595308, 4.245214171275697, 3.997878089687078], [2.644371458399897, 2.172206044554706, 1.0957239478992873, 2.1691056982083654, 2.9172918194791557, 2.8124469879448397, 3.284435009251972, 2.8111803375094957, 2.9168981624321404, 2.3869777502105043, 3.066170161618562, 1.7241860862447533, 0.0, 3.0660946495501404, 2.453312688998286, 3.7787058326892824, 3.558786935178896, 2.2737068720483737, 3.8285796504709158, 3.903790086569717, 4.159666306327949, 3.8273625710141443, 2.2746304754838755, 3.779223536654057, 3.55291881134371], [4.092673635901109, 2.8493006405081234, 2.15312102075104, 1.097236733799958, 2.1466258826353513, 3.4947375437935246, 4.346041611627758, 4.381952319457618, 3.620822421771054, 4.545937309290571, 2.6541299327651617, 2.448863520084368, 3.0660946495501404, 0.0, 1.74969216435349, 2.5103161733136323, 2.377966175116879, 3.72540762601893, 4.223967431219138, 5.341947480086265, 4.583000752781959, 5.402150332043714, 4.596911837309913, 4.540242053018759, 3.376567476002812], [4.508526431108062, 3.49549712773448, 2.126255699580838, 1.098333492159827, 2.1359957748085554, 2.9490407270839785, 4.192176229597224, 4.446577058817265, 4.24896659200799, 4.626634994247979, 3.78408381646073, 2.3780734240136487, 2.453312688998286, 1.74969216435349, 0.0, 2.303262759652055, 3.0239392090450496, 2.7292608981187563, 3.5703675567089723, 4.952801061015878, 4.74062872307039, 5.543103255397647, 4.349372353570111, 5.2854312302781885, 4.270599661640037], [5.598718251528648, 4.274598501613924, 3.4873409669832975, 2.1211737175441336, 1.0986777917114736, 2.1398476604655765, 3.3877845533622706, 4.292445598956381, 4.251595364095695, 5.71641411813385, 4.506899886840177, 4.231035942886801, 3.7787058326892824, 2.5103161733136323, 2.303262759652055, 0.0, 1.7357330151840749, 2.730675789983132, 2.2258064852992048, 4.152834146700299, 3.4793520158213376, 5.237148802545141, 4.666260988200296, 5.315047163478421, 3.7926505098677366], [4.608060995690053, 3.2063969451707, 3.070362190361261, 2.1702511744035524, 1.0944640743304461, 2.177839045935213, 2.634724410635769, 3.2179027766543853, 2.8340673104215433, 4.84802683470296, 3.354236749247137, 3.9969568286385075, 3.558786935178896, 2.377966175116879, 3.0239392090450496, 1.7357330151840749, 0.0, 3.053440205735164, 2.708543588351496, 3.657274877555692, 2.452262765284341, 4.054851578048202, 3.8898565590520175, 3.8035062310978276, 2.1445490551628796], [4.592413327434716, 3.7557332919151754, 2.855601332469223, 2.6590060567813683, 2.1851002585693866, 1.0954186140467033, 2.1747285462788226, 2.8678309939743665, 3.6534620307319465, 4.241703777964699, 4.58429906965067, 3.720033677266914, 2.2737068720483737, 3.72540762601893, 2.7292608981187563, 2.730675789983132, 3.053440205735164, 0.0, 1.7466806462544893, 2.4914046921365465, 3.074869763095667, 3.802026271608338, 2.693041466446442, 4.664928981238621, 3.880045991995456], [5.827580225959999, 4.74515789410637, 4.099984176798735, 3.3920600245278676, 2.131064508643509, 1.0984144299853313, 2.121076559202897, 3.496869315544978, 4.240788427875175, 5.603091023711823, 5.3849675690759735, 5.054913823202132, 3.8285796504709158, 4.223967431219138, 3.5703675567089723, 2.2258064852992048, 2.708543588351496, 1.7466806462544893, 0.0, 2.354169386429107, 2.460645618531852, 4.229722602015409, 3.7981527325793527, 5.233819408424406, 4.04442125649641], [5.171986106903227, 4.470939558974154, 4.4030759396131245, 4.463306887275397, 3.4810681751439456, 2.1335340869083854, 1.097945941292193, 2.133746632100447, 3.4843768180264316, 4.72915219674732, 5.336235326519999, 5.448446404251399, 3.903790086569717, 5.341947480086265, 4.952801061015878, 4.152834146700299, 3.657274877555692, 2.4914046921365465, 2.354169386429107, 0.0, 1.7508800472905046, 2.3545423270776, 2.486098380997823, 4.1449308582894355, 3.648883149677446], [5.015481345793243, 3.994226575946838, 4.214380790816132, 3.99019224975439, 2.78989217354363, 2.160164715941819, 1.097404989053722, 2.1602825069883798, 2.791972741629116, 4.89623599921409, 4.570183932841216, 5.312429559062407, 4.159666306327949, 4.583000752781959, 4.74062872307039, 3.4793520158213376, 2.452262765284341, 3.074869763095667, 2.460645618531852, 1.7508800472905046, 0.0, 2.460204160227358, 3.072152844504974, 3.4727906904966215, 2.443451980293454], [3.7205836665770606, 3.4017616921236558, 4.10292547580382, 4.742592215234197, 4.23861771453855, 3.4967642914557455, 2.121136761267411, 1.0984240711127922, 2.1338978700959426, 3.3579249470469112, 4.22933445946286, 5.0597694819033014, 3.8273625710141443, 5.402150332043714, 5.543103255397647, 5.237148802545141, 4.054851578048202, 3.802026271608338, 4.229722602015409, 2.3545423270776, 2.460204160227358, 0.0, 1.746107101526135, 2.2145318444312334, 2.705797858303536], [2.881548099546492, 2.6755106914381783, 2.8618281307583797, 3.7531474484757457, 3.6510111147461606, 2.8650663273299624, 2.171232748923984, 1.0949279474011067, 2.19191950810243, 2.2792679219433594, 3.7381491864290277, 3.7282569251595308, 2.2746304754838755, 4.596911837309913, 4.349372353570111, 4.666260988200296, 3.8898565590520175, 2.693041466446442, 3.7981527325793527, 2.486098380997823, 3.072152844504974, 1.746107101526135, 0.0, 2.7297764780289246, 3.0514810895694575], [2.4710960989002433, 2.134766329133004, 3.496942094173136, 4.282759644201388, 4.25259610355839, 4.289719461689773, 3.381651680761932, 2.132963808881904, 1.0989063699879076, 2.7234271607663754, 2.53206831661391, 4.245214171275697, 3.779223536654057, 4.540242053018759, 5.2854312302781885, 5.315047163478421, 3.8035062310978276, 4.664928981238621, 5.233819408424406, 4.1449308582894355, 3.4727906904966215, 2.2145318444312334, 2.7297764780289246, 0.0, 1.7439479866096925], [3.318423651374249, 2.171236297596372, 3.068579060412164, 3.203488431382264, 2.824739626939092, 3.20725439277897, 2.625549986193369, 2.1731372276043683, 1.0941856012578488, 3.6425496482546396, 2.369389807524292, 3.997878089687078, 3.55291881134371, 3.376567476002812, 4.270599661640037, 3.7926505098677366, 2.1445490551628796, 3.880045991995456, 4.04442125649641, 3.648883149677446, 2.443451980293454, 2.705797858303536, 3.0514810895694575, 1.7439479866096925, 0.0]]}