{"total energy": -61.77074175, "HOMO-LUMO gap/eV": 3.51511754, "electronic energy": -62.54406323, "dipole": [0.94420743, -0.34718479, -1.41873323], "partial charges": [-0.10268307, -0.05168483, -0.06207789, 0.0775457, -0.26381655, 0.35915294, -0.40631631, -0.00544138, -0.01989046, -0.02284298, -0.02081771, -0.01834056, 0.00045377, 0.36161302, -0.39962193, -0.26822875, 0.08255928, -0.06273955, -0.05537096, -0.10203284, 0.03362551, 0.03576701, 0.03679622, 0.03292115, 0.04013431, 0.05122478, 0.04153567, 0.05296659, 0.05174506, 0.05750819, 0.05003798, 0.0517401, 0.06164092, 0.04835359, 0.05686424, 0.04706189, 0.04780909, 0.03662123, 0.03469572, 0.0363837, 0.03844389, 0.03670422], "atomic dipole moments": [[0.04061746, -0.06967829, 0.07230743], [-0.02908888, 0.11119603, 0.04230639], [0.0585143, -0.11660356, 0.00135762], [-0.18559757, -0.1771112, -0.02301026], [-0.04666812, 0.18728143, 0.11163391], [0.13137624, 0.05369127, -0.08361895], [0.05532194, -0.14080243, -0.10069288], [0.01396673, 0.0903984, 0.0004774], [-0.0261214, 0.03179356, 0.00360135], [-0.00659687, 0.01473037, -0.00050999], [-0.00023673, 0.01770083, 0.00114089], [0.01811953, 0.0415775, -0.0042014], [-0.03774354, 0.08717134, -0.0081591], [0.00107324, 0.13831726, -0.10277026], [0.13846901, -0.02078929, -0.11927344], [-0.16787023, 0.05336483, 0.1344879], [0.18286304, -0.17241449, -0.02416186], [-0.10197563, 0.00463326, 0.09801357], [0.09715366, -0.0406521, -0.05700969], [-0.02973848, -0.06073815, 0.09053729], [0.0731527, 0.10146321, -0.01222282], [-0.00808875, -0.05434551, -0.11281589], [-0.11497916, 0.03830018, 0.03079473], [0.10999287, -0.03804033, -0.04188132], [-0.07513241, -0.10244808, -0.00010702], [-0.11448433, 0.03280501, 0.03943715], [0.06457902, 0.10653294, -0.00537816], [0.01642772, 0.05602321, 0.11446871], [0.11619876, -0.02403049, -0.03276791], [0.15417666, 0.0113172, -0.01246941], [0.09076582, -0.12174502, -0.00280114], [-0.05825903, -0.13973611, 0.01276372], [-0.15321633, -0.0232732, 0.01784137], [-0.1165667, -0.04735578, -0.01597428], [0.01063556, 0.07377424, 0.10593971], [0.0076474, -0.07472204, -0.10057229], [0.11497779, 0.03734172, 0.01117653], [-0.00233964, 0.0767806, 0.09807098], [-0.11702412, -0.03800586, -0.01692304], [0.11538291, 0.04861935, 0.01318685], [-0.07950794, 0.09593996, -0.01674932], [-0.00173921, -0.06977821, -0.10514927]], "atomic quadrupole moments": [[-0.07905808, -0.08800079, 0.03225493, 0.09105349, -0.14994599, 0.04680315], [-0.18766686, -0.0906566, -0.01565037, 0.10027792, -0.01419767, 0.20331723], [-0.16947806, -0.09456583, -0.00832943, 0.12745717, -0.0407482, 0.17780749], [-0.05970995, 0.26195321, 0.28392229, 0.02922644, -0.16497386, -0.22421234], [0.00071758, 0.05843188, 0.04724143, -0.02817835, -0.01081712, -0.04795901], [0.16073376, -0.12199695, -0.32480528, 0.25011344, -0.21273244, 0.16407152], [0.01153314, -0.06391541, -0.07837264, 0.1455318, -0.05726124, 0.0668395], [-0.29773053, 0.10867836, -0.11545285, 0.00366731, 0.00538161, 0.41318338], [-0.28438505, -0.00547436, -0.25918515, 0.05347765, 0.03847017, 0.5435702], [-0.25900547, 0.01801619, -0.27880756, 0.08300466, 0.03590667, 0.53781303], [-0.25705747, -0.00932431, -0.28484375, 0.08952166, 0.04054858, 0.54190122], [-0.29742722, 0.00180141, -0.23996599, 0.07996425, 0.03070944, 0.53739321], [-0.24425535, -0.15438437, -0.19019835, 0.02672564, 0.02658568, 0.43445371], [-0.09045371, 0.3208961, 0.07535238, 0.29303622, 0.11640904, 0.01510133], [0.00440348, 0.10430259, -0.00783319, 0.0959554, 0.11584174, 0.00342971], [-0.00047671, -0.0664556, 0.04182418, -0.00139524, -0.0379558, -0.04134747], [-0.03648706, -0.35373974, 0.18752595, -0.03745957, -0.23008013, -0.1510389], [-0.08446566, -0.10344827, 0.05823981, -0.06563375, -0.21796204, 0.02622586], [-0.06331273, -0.12239138, 0.06680258, -0.0522688, -0.18655816, -0.00348986], [-0.09357609, 0.0441156, -0.01582444, -0.08150588, -0.1608842, 0.10940053], [0.0120203, 0.05747459, 0.03262242, 0.00850138, -0.00915351, -0.04464273], [-0.05040996, -0.00536372, -0.00453108, 0.00963008, 0.04790799, 0.05494104], [0.05568089, -0.03017855, -0.03153403, -0.03941808, -0.00059802, -0.02414686], [0.04814083, -0.02024169, -0.0357458, -0.0186415, 0.00115763, -0.01239503], [0.00248518, 0.04233873, 0.01343546, -0.00237972, -0.01265571, -0.01592064], [0.04095335, -0.00875611, -0.04021714, -0.02328726, 0.00908126, -0.00073621], [-0.00447655, 0.05141634, 0.02587982, -0.00240021, -0.01059128, -0.02140327], [-0.03514785, 0.00438244, 0.00342908, -0.01259259, 0.0157199, 0.03171877], [0.03317513, -0.02163023, -0.00841806, -0.03918082, -0.00157009, -0.02475706], [0.02040624, 0.00579488, 0.04331061, -0.00720234, -0.00282795, -0.06371684], [0.03625796, 0.00580918, 0.030753, -0.01038852, -0.00389701, -0.06701096], [0.03791485, -0.00474666, 0.0286297, -0.01041077, -0.00441994, -0.06654455], [0.02300796, -0.00813444, 0.03905713, -0.00619892, -0.00730072, -0.06206509], [0.03033599, 0.01636559, -0.00047083, 0.01464404, -0.00655849, -0.02986517], [-0.02754556, -0.00653119, 0.0096329, 0.01209564, 0.01976151, 0.01791265], [-0.03166126, 0.00845311, 0.00703547, 0.0136356, 0.04072554, 0.02462579], [0.03376513, 0.03301661, -0.00984207, 0.02059066, 0.005804, -0.02392307], [-0.03683346, 0.00325956, 0.0062884, 0.01075457, 0.0338108, 0.03054506], [0.03673295, 0.03196374, -0.00911707, 0.01867233, -0.00259655, -0.02761588], [0.06088108, 0.04126782, -0.03604116, 0.02318135, 0.00012225, -0.02483992], [0.01129851, -0.06253028, 0.02429117, -0.00255478, -0.01612088, -0.03558968], [-0.04833141, 0.01040512, 0.0141036, -0.00238325, 0.0550725, 0.03422781]], "number of molecular orbitals": 102, "number of electrons": 110, "number of unpaired electrons": 0, "orbital energies/eV": [-20.16273601, -20.04826384, -19.42904176, -19.2963259, -18.55623225, -18.35752547, -18.04673958, -17.45911106, -17.38004084, -17.13849042, -17.10772722, -16.7184002, -16.6004282, -16.49040322, -16.40458832, -16.2050503, -16.10448131, -15.913567, -15.68914723, -15.49172797, -15.46049206, -15.37131428, -15.10659361, -15.09371908, -14.99497539, -14.46839059, -14.4167732, -14.16850383, -14.07908749, -13.89580092, -13.88779671, -13.6952094, -13.63907097, -13.56929151, -13.49476217, -13.43575582, -13.38456885, -12.96287095, -12.90246877, -12.7642339, -12.71325574, -12.59078056, -12.51941406, -12.32685945, -12.25081656, -12.1746584, -12.04400295, -11.9540305, -11.90917236, -11.79087156, -11.67272376, -11.58921678, -11.5594339, -11.33888353, -11.13240403, -7.61728649, -7.11179416, -5.97734485, -5.60417958, -3.09732156, 0.00394656, 0.20098044, 1.78777929, 2.17513725, 2.29620952, 2.57236545, 2.7307568, 2.95297328, 3.11460224, 3.26889077, 3.4601351, 3.66879609, 3.82592371, 3.93397045, 3.99817058, 4.11526956, 4.12797412, 4.27822045, 4.38933199, 4.61070019, 4.79907277, 4.84406517, 5.14046656, 5.17937675, 5.86224511, 6.14370682, 6.26857381, 6.34776606, 6.57684247, 6.81304297, 6.94029253, 7.25070259, 7.70525512, 8.55197441, 9.63025983, 9.97655151, 10.48041869, 11.16367118, 14.78373966, 16.05931365, 17.15590894, 18.03771605], "fractional occupation": [2.0, 2.0, 2.0, 2.0, 2.0, 2.0, 2.0, 2.0, 2.0, 2.0, 2.0, 2.0, 2.0, 2.0, 2.0, 2.0, 2.0, 2.0, 2.0, 2.0, 2.0, 2.0, 2.0, 2.0, 2.0, 2.0, 2.0, 2.0, 2.0, 2.0, 2.0, 2.0, 2.0, 2.0, 2.0, 2.0, 2.0, 2.0, 2.0, 2.0, 2.0, 2.0, 2.0, 2.0, 2.0, 2.0, 2.0, 2.0, 2.0, 2.0, 2.0, 2.0, 2.0, 2.0, 2.0, 0.0, 0.0, 0.0, 0.0, 0.0, 0.0, 0.0, 0.0, 0.0, 0.0, 0.0, 0.0, 0.0, 0.0, 0.0, 0.0, 0.0, 0.0, 0.0, 0.0, 0.0, 0.0, 0.0, 0.0, 0.0, 0.0, 0.0, 0.0, 0.0, 0.0, 0.0, 0.0, 0.0, 0.0, 0.0, 0.0, 0.0, 0.0, 0.0, 0.0, 0.0, 0.0, 0.0, 0.0, 0.0, 0.0, 0.0], "program call": "xtb /home/svss/Project-DBcg-Debug/aqme2_20220329/End-to-End-workflows-final/example-3/QDESCP/mol_291_rdkit_conf_4/mol_291_rdkit_conf_4.xyz --pop --wbo --acc 0.2 --gfn 2 --chrg 0 --uhf 0 --etemp 300 --input /home/svss/Project-DBcg-Debug/aqme2_20220329/End-to-End-workflows-final/example-3/QDESCP/mol_291_rdkit_conf_4/mol_291_rdkit_conf_4_xtb.inp", "method": "GFN2-xTB", "xtb version": "6.3.3 (7355c4f)", "Dipole module/D": 4.421, "Total charge": 0, "Transition dipole module/D": NaN, "HOMO": -11.1324, "LUMO": -7.6173, "HOMO occupancy": 2.0, "LUMO occupancy": 0, "mulliken charges": [-0.08402, -0.03668, -0.05991, 0.1979, -0.41837, 0.57796, -0.52322, -0.01511, -0.01237, -0.02033, -0.0167, -0.01265, -0.00614, 0.58364, -0.52396, -0.41483, 0.20073, -0.05853, -0.0421, -0.08193, 0.02631, 0.03024, 0.02642, 0.02176, 0.03379, 0.04576, 0.02851, 0.04501, 0.03143, 0.04872, 0.03949, 0.04053, 0.05495, 0.03559, 0.04726, 0.03436, 0.03677, 0.02687, 0.02482, 0.02823, 0.03156, 0.02823], "cm5 charges": [-0.23468, -0.14807, -0.16726, 0.11705, -0.50131, 0.63655, -0.56996, -0.01383, -0.06305, -0.07539, -0.07174, -0.06349, -0.00489, 0.642, -0.57053, -0.49468, 0.12015, -0.16611, -0.15437, -0.23236, 0.07761, 0.08105, 0.07822, 0.0771, 0.09137, 0.10535, 0.08376, 0.11088, 0.09458, 0.10859, 0.09473, 0.09579, 0.11337, 0.10104, 0.11299, 0.09184, 0.09496, 0.08167, 0.0796, 0.07958, 0.08235, 0.07954], "FUKUI+": [0.007, 0.003, 0.006, 0.015, -0.053, -0.042, -0.107, -0.052, -0.019, -0.038, -0.046, -0.016, -0.049, -0.028, -0.099, -0.035, 0.012, 0.002, 0.003, 0.006, -0.014, -0.013, -0.002, -0.012, 0.011, 0.002, -0.027, -0.019, -0.035, -0.06, -0.072, -0.073, -0.059, -0.023, -0.018, -0.009, -0.003, -0.007, -0.009, -0.004, -0.015, -0.006], "FUKUI-": [0.012, 0.006, 0.006, 0.013, -0.029, -0.007, -0.064, -0.013, -0.015, -0.015, -0.015, -0.014, -0.014, -0.008, -0.091, -0.025, 0.011, 0.002, 0.004, 0.012, -0.036, -0.027, -0.024, -0.056, -0.032, -0.026, -0.038, -0.022, -0.036, -0.032, -0.049, -0.05, -0.031, -0.027, -0.022, -0.03, -0.026, -0.042, -0.052, -0.032, -0.037, -0.031], "FUKUIrad": [0.009, 0.004, 0.006, 0.014, -0.041, -0.025, -0.085, -0.033, -0.017, -0.027, -0.031, -0.015, -0.031, -0.018, -0.095, -0.03, 0.012, 0.002, 0.004, 0.009, -0.025, -0.02, -0.013, -0.034, -0.011, -0.012, -0.032, -0.02, -0.035, -0.046, -0.06, -0.061, -0.045, -0.025, -0.02, -0.019, -0.014, -0.025, -0.031, -0.018, -0.026, -0.019], "s proportion": [1.008, 1.026, 1.036, 0.997, 1.698, 0.974, 1.728, 1.085, 1.067, 1.064, 1.065, 1.067, 1.085, 0.972, 1.729, 1.7, 0.999, 1.036, 1.027, 1.008, 0.974, 0.97, 0.974, 0.978, 0.966, 0.954, 0.971, 0.955, 0.969, 0.951, 0.961, 0.959, 0.945, 0.964, 0.953, 0.966, 0.963, 0.973, 0.975, 0.972, 0.968, 0.972], "p proportion": [3.076, 3.011, 3.024, 2.805, 4.721, 2.448, 4.795, 2.93, 2.945, 2.956, 2.952, 2.945, 2.921, 2.444, 4.795, 4.715, 2.8, 3.023, 3.015, 3.074, 0.0, 0.0, 0.0, 0.0, 0.0, 0.0, 0.0, 0.0, 0.0, 0.0, 0.0, 0.0, 0.0, 0.0, 0.0, 0.0, 0.0, 0.0, 0.0, 0.0, 0.0, 0.0], "d proportion": [0.0, 0.0, 0.0, 0.0, 0.0, 0.0, 0.0, 0.0, 0.0, 0.0, 0.0, 0.0, 0.0, 0.0, 0.0, 0.0, 0.0, 0.0, 0.0, 0.0, 0.0, 0.0, 0.0, 0.0, 0.0, 0.0, 0.0, 0.0, 0.0, 0.0, 0.0, 0.0, 0.0, 0.0, 0.0, 0.0, 0.0, 0.0, 0.0, 0.0, 0.0, 0.0], "Fermi-level/eV": -9.3748, "Coordination numbers": [3.75, 3.8, 3.8, 3.698, 1.704, 2.72, 0.856, 2.966, 2.915, 2.91, 2.91, 2.918, 2.97, 2.735, 0.856, 1.705, 3.71, 3.801, 3.801, 3.75, 0.924, 0.924, 0.924, 0.924, 0.924, 0.924, 0.924, 0.924, 0.924, 0.925, 0.925, 0.925, 0.925, 0.924, 0.924, 0.924, 0.924, 0.924, 0.924, 0.924, 0.924, 0.924], "Dispersion coefficient C6": [22.525, 21.503, 21.694, 19.445, 18.373, 20.905, 21.808, 28.155, 28.504, 28.575, 28.526, 28.467, 28.015, 20.865, 21.674, 18.447, 19.337, 21.705, 21.569, 22.512, 2.536, 2.506, 2.492, 2.545, 2.447, 2.305, 2.429, 2.283, 2.298, 2.228, 2.319, 2.298, 2.18, 2.341, 2.236, 2.357, 2.348, 2.494, 2.521, 2.498, 2.47, 2.493], "Total dispersion C6": 16794.915104, "Total dispersion C8": 380318.447902, "Polarizability alpha": [6.769, 6.602, 6.631, 6.307, 5.787, 7.485, 6.261, 8.703, 8.755, 8.765, 8.758, 8.749, 8.682, 7.479, 6.242, 5.799, 6.284, 6.633, 6.612, 6.767, 2.49, 2.476, 2.469, 2.495, 2.446, 2.374, 2.437, 2.363, 2.371, 2.334, 2.382, 2.371, 2.309, 2.393, 2.339, 2.401, 2.396, 2.47, 2.483, 2.471, 2.458, 2.469], "Total polarizability alpha": 197.267635, "Wiberg matrix": [[0.0, 1.0203926316336644, 0.0, 0.0, 0.0, 0.0, 0.0, 0.0, 0.0, 0.0, 0.0, 0.0, 0.0, 0.0, 0.0, 0.0, 0.0, 0.0, 0.0, 0.0, 0.9874370665407688, 0.9870345274856236, 0.9851409901863194, 0.0, 0.0, 0.0, 0.0, 0.0, 0.0, 0.0, 0.0, 0.0, 0.0, 0.0, 0.0, 0.0, 0.0, 0.0, 0.0, 0.0, 0.0, 0.0], [1.0203926316336644, 0.0, 1.0077522417308438, 0.0, 0.0, 0.0, 0.0, 0.0, 0.0, 0.0, 0.0, 0.0, 0.0, 0.0, 0.0, 0.0, 0.0, 0.0, 0.0, 0.0, 0.0, 0.0, 0.0, 0.9775517588505223, 0.9774389363903889, 0.0, 0.0, 0.0, 0.0, 0.0, 0.0, 0.0, 0.0, 0.0, 0.0, 0.0, 0.0, 0.0, 0.0, 0.0, 0.0, 0.0], [0.0, 1.0077522417308438, 0.0, 0.9991723588647242, 0.0, 0.0, 0.0, 0.0, 0.0, 0.0, 0.0, 0.0, 0.0, 0.0, 0.0, 0.0, 0.0, 0.0, 0.0, 0.0, 0.0, 0.0, 0.0, 0.0, 0.0, 0.9719664394149377, 0.9733778626703617, 0.0, 0.0, 0.0, 0.0, 0.0, 0.0, 0.0, 0.0, 0.0, 0.0, 0.0, 0.0, 0.0, 0.0, 0.0], [0.0, 0.0, 0.9991723588647242, 0.0, 0.9408419028339202, 0.0, 0.0, 0.0, 0.0, 0.0, 0.0, 0.0, 0.0, 0.0, 0.0, 0.0, 0.0, 0.0, 0.0, 0.0, 0.0, 0.0, 0.0, 0.0, 0.0, 0.0, 0.0, 0.9688332211238329, 0.9704261684730968, 0.0, 0.0, 0.0, 0.0, 0.0, 0.0, 0.0, 0.0, 0.0, 0.0, 0.0, 0.0, 0.0], [0.0, 0.0, 0.0, 0.9408419028339202, 0.0, 1.1211444510917963, 0.1747770461353946, 0.0, 0.0, 0.0, 0.0, 0.0, 0.0, 0.0, 0.0, 0.0, 0.0, 0.0, 0.0, 0.0, 0.0, 0.0, 0.0, 0.0, 0.0, 0.0, 0.0, 0.0, 0.0, 0.0, 0.0, 0.0, 0.0, 0.0, 0.0, 0.0, 0.0, 0.0, 0.0, 0.0, 0.0, 0.0], [0.0, 0.0, 0.0, 0.0, 1.1211444510917963, 0.0, 1.7371059030533986, 0.992338319698302, 0.0, 0.0, 0.0, 0.0, 0.0, 0.0, 0.0, 0.0, 0.0, 0.0, 0.0, 0.0, 0.0, 0.0, 0.0, 0.0, 0.0, 0.0, 0.0, 0.0, 0.0, 0.0, 0.0, 0.0, 0.0, 0.0, 0.0, 0.0, 0.0, 0.0, 0.0, 0.0, 0.0, 0.0], [0.0, 0.0, 0.0, 0.0, 0.1747770461353946, 1.7371059030533986, 0.0, 0.0, 0.0, 0.0, 0.0, 0.0, 0.0, 0.0, 0.0, 0.0, 0.0, 0.0, 0.0, 0.0, 0.0, 0.0, 0.0, 0.0, 0.0, 0.0, 0.0, 0.0, 0.0, 0.0, 0.0, 0.0, 0.0, 0.0, 0.0, 0.0, 0.0, 0.0, 0.0, 0.0, 0.0, 0.0], [0.0, 0.0, 0.0, 0.0, 0.0, 0.992338319698302, 0.0, 0.0, 1.3909907290175996, 0.0, 0.10154789717425104, 0.0, 1.3624539214124187, 0.0, 0.0, 0.0, 0.0, 0.0, 0.0, 0.0, 0.0, 0.0, 0.0, 0.0, 0.0, 0.0, 0.0, 0.0, 0.0, 0.0, 0.0, 0.0, 0.0, 0.0, 0.0, 0.0, 0.0, 0.0, 0.0, 0.0, 0.0, 0.0], [0.0, 0.0, 0.0, 0.0, 0.0, 0.0, 0.0, 1.3909907290175996, 0.0, 1.4462738800021604, 0.0, 0.1092617589721716, 0.0, 0.0, 0.0, 0.0, 0.0, 0.0, 0.0, 0.0, 0.0, 0.0, 0.0, 0.0, 0.0, 0.0, 0.0, 0.0, 0.0, 0.9672027288876268, 0.0, 0.0, 0.0, 0.0, 0.0, 0.0, 0.0, 0.0, 0.0, 0.0, 0.0, 0.0], [0.0, 0.0, 0.0, 0.0, 0.0, 0.0, 0.0, 0.0, 1.4462738800021604, 0.0, 1.4317866916697328, 0.0, 0.10244156037208021, 0.0, 0.0, 0.0, 0.0, 0.0, 0.0, 0.0, 0.0, 0.0, 0.0, 0.0, 0.0, 0.0, 0.0, 0.0, 0.0, 0.0, 0.9692262914023015, 0.0, 0.0, 0.0, 0.0, 0.0, 0.0, 0.0, 0.0, 0.0, 0.0, 0.0], [0.0, 0.0, 0.0, 0.0, 0.0, 0.0, 0.0, 0.10154789717425104, 0.0, 1.4317866916697328, 0.0, 1.4430878714188267, 0.0, 0.0, 0.0, 0.0, 0.0, 0.0, 0.0, 0.0, 0.0, 0.0, 0.0, 0.0, 0.0, 0.0, 0.0, 0.0, 0.0, 0.0, 0.0, 0.968740393505431, 0.0, 0.0, 0.0, 0.0, 0.0, 0.0, 0.0, 0.0, 0.0, 0.0], [0.0, 0.0, 0.0, 0.0, 0.0, 0.0, 0.0, 0.0, 0.1092617589721716, 0.0, 1.4430878714188267, 0.0, 1.3951765913365843, 0.0, 0.0, 0.0, 0.0, 0.0, 0.0, 0.0, 0.0, 0.0, 0.0, 0.0, 0.0, 0.0, 0.0, 0.0, 0.0, 0.0, 0.0, 0.0, 0.9669177088708186, 0.0, 0.0, 0.0, 0.0, 0.0, 0.0, 0.0, 0.0, 0.0], [0.0, 0.0, 0.0, 0.0, 0.0, 0.0, 0.0, 1.3624539214124187, 0.0, 0.10244156037208021, 0.0, 1.3951765913365843, 0.0, 0.9855947560436804, 0.0, 0.0, 0.0, 0.0, 0.0, 0.0, 0.0, 0.0, 0.0, 0.0, 0.0, 0.0, 0.0, 0.0, 0.0, 0.0, 0.0, 0.0, 0.0, 0.0, 0.0, 0.0, 0.0, 0.0, 0.0, 0.0, 0.0, 0.0], [0.0, 0.0, 0.0, 0.0, 0.0, 0.0, 0.0, 0.0, 0.0, 0.0, 0.0, 0.0, 0.9855947560436804, 0.0, 1.7439786648112903, 1.1228736444218446, 0.0, 0.0, 0.0, 0.0, 0.0, 0.0, 0.0, 0.0, 0.0, 0.0, 0.0, 0.0, 0.0, 0.0, 0.0, 0.0, 0.0, 0.0, 0.0, 0.0, 0.0, 0.0, 0.0, 0.0, 0.0, 0.0], [0.0, 0.0, 0.0, 0.0, 0.0, 0.0, 0.0, 0.0, 0.0, 0.0, 0.0, 0.0, 0.0, 1.7439786648112903, 0.0, 0.17671053390800304, 0.0, 0.0, 0.0, 0.0, 0.0, 0.0, 0.0, 0.0, 0.0, 0.0, 0.0, 0.0, 0.0, 0.0, 0.0, 0.0, 0.0, 0.0, 0.0, 0.0, 0.0, 0.0, 0.0, 0.0, 0.0, 0.0], [0.0, 0.0, 0.0, 0.0, 0.0, 0.0, 0.0, 0.0, 0.0, 0.0, 0.0, 0.0, 0.0, 1.1228736444218446, 0.17671053390800304, 0.0, 0.9361063919586173, 0.0, 0.0, 0.0, 0.0, 0.0, 0.0, 0.0, 0.0, 0.0, 0.0, 0.0, 0.0, 0.0, 0.0, 0.0, 0.0, 0.0, 0.0, 0.0, 0.0, 0.0, 0.0, 0.0, 0.0, 0.0], [0.0, 0.0, 0.0, 0.0, 0.0, 0.0, 0.0, 0.0, 0.0, 0.0, 0.0, 0.0, 0.0, 0.0, 0.0, 0.9361063919586173, 0.0, 1.0048231807693526, 0.0, 0.0, 0.0, 0.0, 0.0, 0.0, 0.0, 0.0, 0.0, 0.0, 0.0, 0.0, 0.0, 0.0, 0.0, 0.9687304337724726, 0.968570025964193, 0.0, 0.0, 0.0, 0.0, 0.0, 0.0, 0.0], [0.0, 0.0, 0.0, 0.0, 0.0, 0.0, 0.0, 0.0, 0.0, 0.0, 0.0, 0.0, 0.0, 0.0, 0.0, 0.0, 1.0048231807693526, 0.0, 1.0067978779701248, 0.0, 0.0, 0.0, 0.0, 0.0, 0.0, 0.0, 0.0, 0.0, 0.0, 0.0, 0.0, 0.0, 0.0, 0.0, 0.0, 0.9751141902493765, 0.9707863723075012, 0.0, 0.0, 0.0, 0.0, 0.0], [0.0, 0.0, 0.0, 0.0, 0.0, 0.0, 0.0, 0.0, 0.0, 0.0, 0.0, 0.0, 0.0, 0.0, 0.0, 0.0, 0.0, 1.0067978779701248, 0.0, 1.020464257258194, 0.0, 0.0, 0.0, 0.0, 0.0, 0.0, 0.0, 0.0, 0.0, 0.0, 0.0, 0.0, 0.0, 0.0, 0.0, 0.0, 0.0, 0.9772483972181852, 0.9773047997399703, 0.0, 0.0, 0.0], [0.0, 0.0, 0.0, 0.0, 0.0, 0.0, 0.0, 0.0, 0.0, 0.0, 0.0, 0.0, 0.0, 0.0, 0.0, 0.0, 0.0, 0.0, 1.020464257258194, 0.0, 0.0, 0.0, 0.0, 0.0, 0.0, 0.0, 0.0, 0.0, 0.0, 0.0, 0.0, 0.0, 0.0, 0.0, 0.0, 0.0, 0.0, 0.0, 0.0, 0.9869474632992378, 0.9867625504772489, 0.9873553184505555], [0.9874370665407688, 0.0, 0.0, 0.0, 0.0, 0.0, 0.0, 0.0, 0.0, 0.0, 0.0, 0.0, 0.0, 0.0, 0.0, 0.0, 0.0, 0.0, 0.0, 0.0, 0.0, 0.0, 0.0, 0.0, 0.0, 0.0, 0.0, 0.0, 0.0, 0.0, 0.0, 0.0, 0.0, 0.0, 0.0, 0.0, 0.0, 0.0, 0.0, 0.0, 0.0, 0.0], [0.9870345274856236, 0.0, 0.0, 0.0, 0.0, 0.0, 0.0, 0.0, 0.0, 0.0, 0.0, 0.0, 0.0, 0.0, 0.0, 0.0, 0.0, 0.0, 0.0, 0.0, 0.0, 0.0, 0.0, 0.0, 0.0, 0.0, 0.0, 0.0, 0.0, 0.0, 0.0, 0.0, 0.0, 0.0, 0.0, 0.0, 0.0, 0.0, 0.0, 0.0, 0.0, 0.0], [0.9851409901863194, 0.0, 0.0, 0.0, 0.0, 0.0, 0.0, 0.0, 0.0, 0.0, 0.0, 0.0, 0.0, 0.0, 0.0, 0.0, 0.0, 0.0, 0.0, 0.0, 0.0, 0.0, 0.0, 0.0, 0.0, 0.0, 0.0, 0.0, 0.0, 0.0, 0.0, 0.0, 0.0, 0.0, 0.0, 0.0, 0.0, 0.0, 0.0, 0.0, 0.0, 0.0], [0.0, 0.9775517588505223, 0.0, 0.0, 0.0, 0.0, 0.0, 0.0, 0.0, 0.0, 0.0, 0.0, 0.0, 0.0, 0.0, 0.0, 0.0, 0.0, 0.0, 0.0, 0.0, 0.0, 0.0, 0.0, 0.0, 0.0, 0.0, 0.0, 0.0, 0.0, 0.0, 0.0, 0.0, 0.0, 0.0, 0.0, 0.0, 0.0, 0.0, 0.0, 0.0, 0.0], [0.0, 0.9774389363903889, 0.0, 0.0, 0.0, 0.0, 0.0, 0.0, 0.0, 0.0, 0.0, 0.0, 0.0, 0.0, 0.0, 0.0, 0.0, 0.0, 0.0, 0.0, 0.0, 0.0, 0.0, 0.0, 0.0, 0.0, 0.0, 0.0, 0.0, 0.0, 0.0, 0.0, 0.0, 0.0, 0.0, 0.0, 0.0, 0.0, 0.0, 0.0, 0.0, 0.0], [0.0, 0.0, 0.9719664394149377, 0.0, 0.0, 0.0, 0.0, 0.0, 0.0, 0.0, 0.0, 0.0, 0.0, 0.0, 0.0, 0.0, 0.0, 0.0, 0.0, 0.0, 0.0, 0.0, 0.0, 0.0, 0.0, 0.0, 0.0, 0.0, 0.0, 0.0, 0.0, 0.0, 0.0, 0.0, 0.0, 0.0, 0.0, 0.0, 0.0, 0.0, 0.0, 0.0], [0.0, 0.0, 0.9733778626703617, 0.0, 0.0, 0.0, 0.0, 0.0, 0.0, 0.0, 0.0, 0.0, 0.0, 0.0, 0.0, 0.0, 0.0, 0.0, 0.0, 0.0, 0.0, 0.0, 0.0, 0.0, 0.0, 0.0, 0.0, 0.0, 0.0, 0.0, 0.0, 0.0, 0.0, 0.0, 0.0, 0.0, 0.0, 0.0, 0.0, 0.0, 0.0, 0.0], [0.0, 0.0, 0.0, 0.9688332211238329, 0.0, 0.0, 0.0, 0.0, 0.0, 0.0, 0.0, 0.0, 0.0, 0.0, 0.0, 0.0, 0.0, 0.0, 0.0, 0.0, 0.0, 0.0, 0.0, 0.0, 0.0, 0.0, 0.0, 0.0, 0.0, 0.0, 0.0, 0.0, 0.0, 0.0, 0.0, 0.0, 0.0, 0.0, 0.0, 0.0, 0.0, 0.0], [0.0, 0.0, 0.0, 0.9704261684730968, 0.0, 0.0, 0.0, 0.0, 0.0, 0.0, 0.0, 0.0, 0.0, 0.0, 0.0, 0.0, 0.0, 0.0, 0.0, 0.0, 0.0, 0.0, 0.0, 0.0, 0.0, 0.0, 0.0, 0.0, 0.0, 0.0, 0.0, 0.0, 0.0, 0.0, 0.0, 0.0, 0.0, 0.0, 0.0, 0.0, 0.0, 0.0], [0.0, 0.0, 0.0, 0.0, 0.0, 0.0, 0.0, 0.0, 0.9672027288876268, 0.0, 0.0, 0.0, 0.0, 0.0, 0.0, 0.0, 0.0, 0.0, 0.0, 0.0, 0.0, 0.0, 0.0, 0.0, 0.0, 0.0, 0.0, 0.0, 0.0, 0.0, 0.0, 0.0, 0.0, 0.0, 0.0, 0.0, 0.0, 0.0, 0.0, 0.0, 0.0, 0.0], [0.0, 0.0, 0.0, 0.0, 0.0, 0.0, 0.0, 0.0, 0.0, 0.9692262914023015, 0.0, 0.0, 0.0, 0.0, 0.0, 0.0, 0.0, 0.0, 0.0, 0.0, 0.0, 0.0, 0.0, 0.0, 0.0, 0.0, 0.0, 0.0, 0.0, 0.0, 0.0, 0.0, 0.0, 0.0, 0.0, 0.0, 0.0, 0.0, 0.0, 0.0, 0.0, 0.0], [0.0, 0.0, 0.0, 0.0, 0.0, 0.0, 0.0, 0.0, 0.0, 0.0, 0.968740393505431, 0.0, 0.0, 0.0, 0.0, 0.0, 0.0, 0.0, 0.0, 0.0, 0.0, 0.0, 0.0, 0.0, 0.0, 0.0, 0.0, 0.0, 0.0, 0.0, 0.0, 0.0, 0.0, 0.0, 0.0, 0.0, 0.0, 0.0, 0.0, 0.0, 0.0, 0.0], [0.0, 0.0, 0.0, 0.0, 0.0, 0.0, 0.0, 0.0, 0.0, 0.0, 0.0, 0.9669177088708186, 0.0, 0.0, 0.0, 0.0, 0.0, 0.0, 0.0, 0.0, 0.0, 0.0, 0.0, 0.0, 0.0, 0.0, 0.0, 0.0, 0.0, 0.0, 0.0, 0.0, 0.0, 0.0, 0.0, 0.0, 0.0, 0.0, 0.0, 0.0, 0.0, 0.0], [0.0, 0.0, 0.0, 0.0, 0.0, 0.0, 0.0, 0.0, 0.0, 0.0, 0.0, 0.0, 0.0, 0.0, 0.0, 0.0, 0.9687304337724726, 0.0, 0.0, 0.0, 0.0, 0.0, 0.0, 0.0, 0.0, 0.0, 0.0, 0.0, 0.0, 0.0, 0.0, 0.0, 0.0, 0.0, 0.0, 0.0, 0.0, 0.0, 0.0, 0.0, 0.0, 0.0], [0.0, 0.0, 0.0, 0.0, 0.0, 0.0, 0.0, 0.0, 0.0, 0.0, 0.0, 0.0, 0.0, 0.0, 0.0, 0.0, 0.968570025964193, 0.0, 0.0, 0.0, 0.0, 0.0, 0.0, 0.0, 0.0, 0.0, 0.0, 0.0, 0.0, 0.0, 0.0, 0.0, 0.0, 0.0, 0.0, 0.0, 0.0, 0.0, 0.0, 0.0, 0.0, 0.0], [0.0, 0.0, 0.0, 0.0, 0.0, 0.0, 0.0, 0.0, 0.0, 0.0, 0.0, 0.0, 0.0, 0.0, 0.0, 0.0, 0.0, 0.9751141902493765, 0.0, 0.0, 0.0, 0.0, 0.0, 0.0, 0.0, 0.0, 0.0, 0.0, 0.0, 0.0, 0.0, 0.0, 0.0, 0.0, 0.0, 0.0, 0.0, 0.0, 0.0, 0.0, 0.0, 0.0], [0.0, 0.0, 0.0, 0.0, 0.0, 0.0, 0.0, 0.0, 0.0, 0.0, 0.0, 0.0, 0.0, 0.0, 0.0, 0.0, 0.0, 0.9707863723075012, 0.0, 0.0, 0.0, 0.0, 0.0, 0.0, 0.0, 0.0, 0.0, 0.0, 0.0, 0.0, 0.0, 0.0, 0.0, 0.0, 0.0, 0.0, 0.0, 0.0, 0.0, 0.0, 0.0, 0.0], [0.0, 0.0, 0.0, 0.0, 0.0, 0.0, 0.0, 0.0, 0.0, 0.0, 0.0, 0.0, 0.0, 0.0, 0.0, 0.0, 0.0, 0.0, 0.9772483972181852, 0.0, 0.0, 0.0, 0.0, 0.0, 0.0, 0.0, 0.0, 0.0, 0.0, 0.0, 0.0, 0.0, 0.0, 0.0, 0.0, 0.0, 0.0, 0.0, 0.0, 0.0, 0.0, 0.0], [0.0, 0.0, 0.0, 0.0, 0.0, 0.0, 0.0, 0.0, 0.0, 0.0, 0.0, 0.0, 0.0, 0.0, 0.0, 0.0, 0.0, 0.0, 0.9773047997399703, 0.0, 0.0, 0.0, 0.0, 0.0, 0.0, 0.0, 0.0, 0.0, 0.0, 0.0, 0.0, 0.0, 0.0, 0.0, 0.0, 0.0, 0.0, 0.0, 0.0, 0.0, 0.0, 0.0], [0.0, 0.0, 0.0, 0.0, 0.0, 0.0, 0.0, 0.0, 0.0, 0.0, 0.0, 0.0, 0.0, 0.0, 0.0, 0.0, 0.0, 0.0, 0.0, 0.9869474632992378, 0.0, 0.0, 0.0, 0.0, 0.0, 0.0, 0.0, 0.0, 0.0, 0.0, 0.0, 0.0, 0.0, 0.0, 0.0, 0.0, 0.0, 0.0, 0.0, 0.0, 0.0, 0.0], [0.0, 0.0, 0.0, 0.0, 0.0, 0.0, 0.0, 0.0, 0.0, 0.0, 0.0, 0.0, 0.0, 0.0, 0.0, 0.0, 0.0, 0.0, 0.0, 0.9867625504772489, 0.0, 0.0, 0.0, 0.0, 0.0, 0.0, 0.0, 0.0, 0.0, 0.0, 0.0, 0.0, 0.0, 0.0, 0.0, 0.0, 0.0, 0.0, 0.0, 0.0, 0.0, 0.0], [0.0, 0.0, 0.0, 0.0, 0.0, 0.0, 0.0, 0.0, 0.0, 0.0, 0.0, 0.0, 0.0, 0.0, 0.0, 0.0, 0.0, 0.0, 0.0, 0.9873553184505555, 0.0, 0.0, 0.0, 0.0, 0.0, 0.0, 0.0, 0.0, 0.0, 0.0, 0.0, 0.0, 0.0, 0.0, 0.0, 0.0, 0.0, 0.0, 0.0, 0.0, 0.0, 0.0]], "Born radii": [], "Atomic SASAs": [], "Solvent H bonds": [], "Total SASA": NaN, "Total FOD": 0.0, "FOD": [0.0, 0.0, 0.0, 0.0, 0.0, 0.0, 0.0, 0.0, 0.0, 0.0, 0.0, 0.0, 0.0, 0.0, 0.0, 0.0, 0.0, 0.0, 0.0, 0.0, 0.0, 0.0, 0.0, 0.0, 0.0, 0.0, 0.0, 0.0, 0.0, 0.0, 0.0, 0.0, 0.0, 0.0, 0.0, 0.0, 0.0, 0.0, 0.0, 0.0, 0.0, 0.0], "FOD s proportion": [0.0, 0.0, 0.0, 0.0, 0.0, 0.0, 0.0, 0.0, 0.0, 0.0, 0.0, 0.0, 0.0, 0.0, 0.0, 0.0, 0.0, 0.0, 0.0, 0.0, 0.0, 0.0, 0.0, 0.0, 0.0, 0.0, 0.0, 0.0, 0.0, 0.0, 0.0, 0.0, 0.0, 0.0, 0.0, 0.0, 0.0, 0.0, 0.0, 0.0, 0.0, 0.0], "FOD p proportion": [0.0, 0.0, 0.0, 0.0, 0.0, 0.0, 0.0, 0.0, 0.0, 0.0, 0.0, 0.0, 0.0, 0.0, 0.0, 0.0, 0.0, 0.0, 0.0, 0.0, 0.0, 0.0, 0.0, 0.0, 0.0, 0.0, 0.0, 0.0, 0.0, 0.0, 0.0, 0.0, 0.0, 0.0, 0.0, 0.0, 0.0, 0.0, 0.0, 0.0, 0.0, 0.0], "FOD d proportion": [0.0, 0.0, 0.0, 0.0, 0.0, 0.0, 0.0, 0.0, 0.0, 0.0, 0.0, 0.0, 0.0, 0.0, 0.0, 0.0, 0.0, 0.0, 0.0, 0.0, 0.0, 0.0, 0.0, 0.0, 0.0, 0.0, 0.0, 0.0, 0.0, 0.0, 0.0, 0.0, 0.0, 0.0, 0.0, 0.0, 0.0, 0.0, 0.0, 0.0, 0.0, 0.0], "coordinates": [["1.72410", "1.70960", "-2.82000"], ["2.29380", "0.72470", "-1.81100"], ["2.40800", "1.34950", "-0.41910"], ["3.06440", "0.40800", "0.58800"], ["2.35090", "-0.83320", "0.68970"], ["1.30400", "-0.84400", "1.55190"], ["0.90730", "0.08900", "2.22760"], ["0.70090", "-2.19590", "1.56290"], ["1.53750", "-3.32500", "1.52760"], ["0.99730", "-4.60920", "1.63080"], ["-0.37750", "-4.77810", "1.78280"], ["-1.21630", "-3.66380", "1.81880"], ["-0.68170", "-2.37160", "1.69530"], ["-1.64230", "-1.25320", "1.69220"], ["-2.55650", "-1.14850", "2.49250"], ["-1.41780", "-0.48080", "0.60180"], ["-2.33050", "0.61730", "0.47640"], ["-1.93210", "1.42490", "-0.75270"], ["-2.87280", "2.60290", "-0.98660"], ["-2.45830", "3.41070", "-2.20610"], ["2.36480", "2.59250", "-2.91080"], ["1.65040", "1.24100", "-3.80630"], ["0.72350", "2.04050", "-2.52630"], ["3.28170", "0.39430", "-2.15230"], ["1.64900", "-0.16090", "-1.77510"], ["1.40590", "1.61880", "-0.06830"], ["2.99380", "2.27460", "-0.47280"], ["3.15550", "0.88700", "1.57020"], ["4.08150", "0.16400", "0.26200"], ["2.61620", "-3.21130", "1.43940"], ["1.65210", "-5.47770", "1.60650"], ["-0.79730", "-5.77750", "1.87440"], ["-2.29010", "-3.80140", "1.93610"], ["-3.34970", "0.23080", "0.35910"], ["-2.27650", "1.24550", "1.37350"], ["-1.91690", "0.76860", "-1.63180"], ["-0.90430", "1.78380", "-0.62800"], ["-2.87760", "3.25670", "-0.10680"], ["-3.89740", "2.23930", "-1.12660"], ["-1.44960", "3.81780", "-2.08250"], ["-3.14640", "4.24810", "-2.35800"], ["-2.47080", "2.79220", "-3.10930"]], "bond_dist": [[0.0, 1.5207455737236257, 2.5222434517706653, 3.8865190916808836, 4.379121392471325, 5.080439604994828, 5.363932546182884, 5.95899999160933, 6.654595591018285, 7.7630594690495585, 8.227559886746496, 7.683608863027842, 6.544616197302941, 6.361665005326828, 7.3969539825525485, 5.13596174148523, 5.338459835008595, 4.20981968972544, 5.028998912308492, 4.556652738579054, 1.0946476784792445, 1.0944429359267662, 1.094054322234504, 2.145216804894088, 2.143881123103611, 2.7715246291526983, 2.727766656075992, 4.690355291446481, 4.176713794360346, 6.569139028822574, 8.44134868015769, 9.18975058040206, 8.312966368872186, 6.167412155029044, 5.814261038171576, 3.9438789585888663, 3.4232814958749738, 5.561529963957759, 5.8948662325789885, 3.8808227452435906, 5.511732622324852, 4.341993005521774], [1.5207455737236257, 0.0, 1.5299680682942371, 2.5395519782040297, 2.9468310623447693, 3.8405234200561775, 4.317034479825242, 4.73818910344448, 5.302670057621914, 6.478995963882059, 7.094508437517007, 6.689931412204463, 5.543898775230298, 5.628266328097845, 6.749400016297746, 4.5881160240342655, 5.160221314052334, 4.412313422684296, 5.55886914398963, 5.472947507513662, 2.1687041937525735, 2.159108922680836, 2.169982907766787, 1.0961734625505215, 1.096058032222747, 2.150531215769722, 2.1640169246103413, 3.4930476120430995, 2.7942055722512618, 5.114795980290905, 7.110615367181662, 8.087995871042468, 7.452414295381061, 6.066495155359476, 5.594632693930853, 4.214740127220183, 3.570577743167063, 6.004889640950948, 6.410411372135177, 4.863540214699577, 6.504562444930481, 5.353648503590798], [2.5222434517706653, 1.5299680682942371, 0.0, 1.526936023545191, 2.4488522086887974, 3.14882505865283, 3.293323796713587, 4.405947749349735, 5.1379335719722965, 6.4574197780537705, 7.082009292566623, 6.578519878361697, 5.27859059408854, 5.257049083849227, 6.2740480401412295, 4.362221972802392, 4.877644855870505, 4.3535551139270074, 5.457097804694359, 5.578780344304658, 2.7848669860515782, 3.472586046450109, 2.7848362770547213, 2.1632708961200398, 2.167054489393379, 1.095348136438822, 1.0962916309084914, 2.1748510270820853, 2.160997387781855, 4.929327147796138, 7.161361603075213, 8.144213856475037, 7.35872825018019, 5.916772280559731, 5.016848713086731, 4.529110962429602, 3.3471759723683485, 5.62783355208734, 6.407056223414932, 4.872420569901576, 6.558397253140434, 5.755106321346288], [3.8865190916808836, 2.5395519782040297, 1.526936023545191, 0.0, 1.4352709082260393, 2.365505309653732, 2.7282099570964107, 3.6492269688250416, 4.141202816815424, 5.5256339084307795, 6.337969379856612, 6.03480044160534, 4.794325255966683, 5.111933877702254, 6.135497478607583, 4.56949370499621, 5.40011176365823, 5.272245664799773, 6.5228287582919116, 6.8792017989008, 4.183668467983571, 4.6907523373122135, 4.224184365057946, 2.748936352482538, 2.812693723106019, 2.1557802717345753, 2.1481332733329186, 1.0965660262838715, 1.0955840497196006, 3.745009704927345, 6.1378659182162005, 7.404590609885195, 6.943132738180943, 6.420628774504876, 5.462932299598815, 5.465427164458419, 4.372877923061654, 6.626100114697936, 7.4000116276935675, 6.255757531266697, 7.873964735125501, 7.070564048928487], [4.379121392471325, 2.9468310623447693, 2.4488522086887974, 1.4352709082260393, 0.0, 1.3562835581101764, 2.3020795403287004, 2.31126145859788, 2.751865405502239, 4.120203656374282, 4.919478649206641, 4.69170320992281, 3.5460638290927595, 4.138484322792586, 5.237564003427549, 3.786160569759291, 4.905604254319747, 5.052090890908437, 6.4733149614397725, 7.037382289601724, 4.969830374368928, 5.000702139699984, 4.609689626211292, 3.23266281724525, 2.649507490081883, 2.7349393046281665, 3.379814713856368, 2.0932628716909876, 2.0426236780180536, 2.507547365454938, 4.785417842780293, 5.980031757440758, 5.648239123833196, 5.808462164807479, 5.118730984335864, 5.115588170484407, 4.379651736154372, 6.685724082700392, 7.195863730644153, 6.615186625485331, 8.082598113849283, 7.129145604488661], [5.080439604994828, 3.8405234200561775, 3.14882505865283, 2.365505309653732, 1.3562835581101764, 0.0, 1.2183720203615969, 1.4803662452244717, 2.492082209719415, 3.7784945600066706, 4.284611985932916, 3.791361198830837, 2.509408258932771, 2.977887240981431, 3.985085803342257, 2.9056495814189294, 4.062226998827121, 4.575088149970447, 5.9808661663675435, 6.81028174013381, 5.731537331292539, 5.759993506940785, 5.028820511809902, 4.37787412107749, 3.413880432879863, 2.94971447601289, 4.084176794655197, 2.534708689376355, 3.224036640610649, 2.708991395335172, 4.6470776257773005, 5.372047113531302, 4.670265432499527, 4.922894531675444, 4.1494357520029155, 4.807350752753537, 4.0661881092738446, 6.087101505642895, 6.613294421088479, 6.521008783922929, 7.811713037484161, 7.014117971634066], [5.363932546182884, 4.317034479825242, 3.293323796713587, 2.7282099570964107, 2.3020795403287004, 1.2183720203615969, 0.0, 2.3885550150666406, 3.541545995748185, 4.736808364289187, 5.0534365030145585, 4.3313164557672295, 2.9770483116671116, 2.9306337471611834, 3.6877484594261576, 2.8937843198828763, 3.7187566699099848, 4.327702538299045, 5.562367379093186, 6.482179412820969, 5.898726393044519, 6.187669255866864, 5.1421493463336905, 4.991443424501573, 4.078501708961269, 2.803577502049836, 4.052467121396544, 2.474546827198871, 3.734267531926442, 3.7991549770968804, 5.650543437581911, 6.119332778171163, 5.04416010550815, 4.651177108001801, 3.493359629353954, 4.8304171828114395, 3.782683301573104, 5.459781557901378, 6.241761756107005, 6.167324303131789, 7.39988674643065, 6.870323970527154], [5.95899999160933, 4.73818910344448, 4.405947749349735, 3.6492269688250416, 2.31126145859788, 1.4803662452244717, 2.3885550150666406, 0.0, 1.405707103204647, 2.4323816024629035, 2.806966228867031, 2.4281414826982384, 1.3999939321297075, 2.5290290666577953, 3.545681553664965, 2.8903582667205807, 4.2759750291600165, 5.040325882321499, 6.50382682580033, 7.457872967542421, 6.761015416340951, 6.445319270602504, 5.888051660778801, 5.212712894453328, 4.022730740429938, 4.208298293847527, 5.4209625667403385, 3.9407343046696264, 4.323184610908954, 2.1713275892872543, 3.4171470029836293, 3.8948034674422276, 3.415111929351657, 4.872921884249736, 4.554560031441017, 5.0840186053947525, 4.81816582736626, 6.732340388007724, 6.931722165522793, 7.353786718419293, 8.467603562992306, 7.534605188063937], [6.654595591018285, 5.302670057621914, 5.1379335719722965, 4.141202816815424, 2.751865405502239, 2.492082209719415, 3.541545995748185, 1.405707103204647, 0.0, 1.3970096348987722, 2.417405975420761, 2.7898023800979166, 2.421145078263589, 3.7987598555318023, 4.735928658668751, 4.204804082237364, 5.622114791606447, 6.308679914213433, 7.804610569400628, 8.676208147572302, 7.443159685241208, 7.022221273927503, 6.773868278908294, 5.515169094415873, 4.575127140309873, 5.196669492088178, 6.121922084607089, 4.512281325449467, 4.499644470399856, 1.0882557695689006, 2.1571916141131267, 3.403868024762417, 3.8787048057309024, 6.155796433443848, 5.95481427586117, 6.21870152684626, 6.05878172902771, 8.092165733596909, 8.21853698294289, 8.542551156416916, 9.715382142767211, 8.659529221614765], [7.7630594690495585, 6.478995963882059, 6.4574197780537705, 5.5256339084307795, 4.120203656374282, 3.7784945600066706, 4.736808364289187, 2.4323816024629035, 1.3970096348987722, 0.0, 1.393451201154888, 2.414363294949623, 2.7982235453944706, 4.270128115174064, 5.034725992544182, 4.892365028286422, 6.3026339295567535, 7.118484348511275, 8.59318585741051, 9.538436401213776, 8.623263286018815, 8.013328650442338, 7.846971195308417, 6.675727767067798, 5.640234090000166, 6.468529877027701, 7.46979568997707, 5.905058343488233, 5.845454757330691, 2.1474625910595044, 1.0879548611959957, 2.1551925691223044, 3.398933316497986, 6.628667278571161, 6.71278495261095, 6.932377170927733, 7.041925091904912, 8.939042822360792, 8.85795095380416, 9.528391548419911, 10.560896667423652, 9.448650040085091], [8.227559886746496, 7.094508437517007, 7.082009292566623, 6.337969379856612, 4.919478649206641, 4.284611985932916, 5.0534365030145585, 2.806966228867031, 2.417405975420761, 1.393451201154888, 0.0, 1.395186700768037, 2.427228077457906, 3.746044234923021, 4.292518054708681, 4.576436646562476, 5.88483059399334, 6.879153320721962, 8.268933392524094, 9.343312971853186, 9.158375107517708, 8.460495377340502, 8.140875245942539, 7.458450134578899, 6.171214669738852, 6.894013082378072, 8.135967818274603, 6.6798686940687695, 6.827874196995723, 3.3963252921356046, 2.154019036591831, 1.0878524532306757, 2.1530170784273865, 5.995829695713513, 6.329098233555867, 6.69291613648341, 7.010563920969554, 8.624331812378278, 8.37246720686322, 9.485749275096829, 10.309477110406714, 9.253323153872882], [7.683608863027842, 6.689931412204463, 6.578519878361697, 6.03480044160534, 4.69170320992281, 3.791361198830837, 4.3313164557672295, 2.4281414826982384, 2.7898023800979166, 2.414363294949623, 1.395186700768037, 0.0, 1.4038626179224236, 2.4512233517164446, 2.9286074882100537, 3.413675475202645, 4.622909972084683, 5.7462900709936315, 7.062987349556843, 8.233525020305702, 8.621756379068014, 7.994797179416123, 7.428442403357517, 7.243605098291871, 5.778959223770315, 6.192167795691587, 7.631576975304646, 6.3153953035419725, 6.718806733341866, 3.877725732952242, 3.4004445385860946, 2.155546346057073, 1.0889166588862529, 4.674401438687097, 5.042176377319619, 5.660711128471404, 5.9800100334363995, 7.373003004203919, 7.121114237252482, 8.440906890850059, 9.152546413976824, 8.218264771835962], [6.544616197302941, 5.543898775230298, 5.27859059408854, 4.794325255966683, 3.5460638290927595, 2.509408258932771, 2.9770483116671116, 1.3999939321297075, 2.421145078263589, 2.7982235453944706, 2.427228077457906, 1.4038626179224236, 0.0, 1.4743067964301053, 2.376210531497578, 2.304931690961795, 3.624607821544284, 4.687175739184525, 6.061283450722298, 7.198070770004974, 7.42560490936597, 6.982633581249986, 6.266029046373789, 6.1776021343236405, 4.728956876521502, 4.836491587917838, 6.308496833636362, 5.035695365091102, 5.583161334763666, 3.4127298911575172, 3.8861761527239085, 3.4125642821784323, 2.165470674010618, 3.959310571298998, 3.9661511178975513, 4.738794096603059, 4.76598602704624, 6.304546146234477, 6.290011519067353, 7.291784117073132, 8.143980296513494, 7.276667534661729], [6.361665005326828, 5.628266328097845, 5.257049083849227, 5.111933877702254, 4.138484322792586, 2.977887240981431, 2.9306337471611834, 2.5290290666577953, 3.7987598555318023, 4.270128115174064, 3.746044234923021, 2.4512233517164446, 1.4743067964301053, 0.0, 1.2195096637583487, 1.3549812434126163, 2.3346432554032748, 3.637820729502761, 4.853823946127424, 6.13307118008588, 7.213450485031418, 6.877238485031619, 5.851599061794989, 6.460666567777662, 4.903870335765415, 4.543046058538257, 6.21498359209419, 5.254923870047977, 6.067603671961445, 4.69392007814364, 5.357874214648939, 4.606138548719524, 2.6405407192467227, 2.6257620550994334, 2.5975528907030943, 3.900263632115142, 3.8924723557142955, 5.010146215431242, 5.022814519768772, 6.324597566644063, 6.995051003388038, 6.332935785242102], [7.3969539825525485, 6.749400016297746, 6.2740480401412295, 6.135497478607583, 5.237564003427549, 3.985085803342257, 3.6877484594261576, 3.545681553664965, 4.735928658668751, 5.034725992544182, 4.292518054708681, 2.9286074882100537, 2.376210531497578, 1.2195096637583487, 0.0, 2.305907081822683, 2.6895696402956366, 4.188506411598292, 5.12612762814193, 6.547731656077546, 8.21035477796179, 7.942455495626022, 6.790911164195863, 7.618331715014778, 6.072396048513306, 5.469575823589979, 7.163549943289291, 6.133583091472715, 7.124663535915222, 5.667538155142849, 6.102399741085469, 4.990438182163967, 2.72367918999283, 2.661396304573973, 2.6574041845379868, 4.592843461299329, 4.589735110003627, 5.1249636818225355, 5.135473343324839, 6.842513302873441, 7.280015372236518, 6.849571097521363], [5.13596174148523, 4.5881160240342655, 4.362221972802392, 4.56949370499621, 3.786160569759291, 2.9056495814189294, 2.8937843198828763, 2.8903582667205807, 4.204804082237364, 4.892365028286422, 4.576436646562476, 3.413675475202645, 2.304931690961795, 1.3549812434126163, 2.305907081822683, 0.0, 1.4333771520433831, 2.39392297912861, 3.7615482517176355, 4.910266276893749, 6.007628018611006, 5.640017029229611, 4.552705677945808, 5.516898319708276, 3.8932315446168877, 3.581987696796291, 5.3112342143799305, 4.870703059107586, 5.547389617649007, 4.942707760934283, 5.950018294929856, 5.482660111661127, 3.6834288563782525, 2.073044972980567, 2.0767759315824135, 2.6075026615518535, 2.62764218454492, 4.074559638783067, 4.066291520538094, 5.067981816265722, 5.840459674546174, 5.059011880792533], [5.338459835008595, 5.160221314052334, 4.877644855870505, 5.40011176365823, 4.905604254319747, 4.062226998827121, 3.7187566699099848, 4.2759750291600165, 5.622114791606447, 6.3026339295567535, 5.88483059399334, 4.622909972084683, 3.624607821544284, 2.3346432554032748, 2.6895696402956366, 1.4333771520433831, 0.0, 1.5236886591426742, 2.5252852611140786, 3.8749480835231846, 6.117220036094827, 5.880313409164515, 4.513160924451952, 6.201337075986113, 4.638024120247759, 3.90645431305679, 5.656482513011067, 5.600476098511626, 6.431577741891953, 6.328932599577909, 7.367988448009402, 6.722988418850653, 4.653736771670697, 1.0963166422161073, 1.096512494228862, 2.1537093327559313, 2.1481312925424274, 2.757874727031669, 2.766887892560882, 4.1913189177155195, 4.677844034381651, 4.196083720566119], [4.20981968972544, 4.412313422684296, 4.3535551139270074, 5.272245664799773, 5.052090890908437, 4.575088149970447, 4.327702538299045, 5.040325882321499, 6.308679914213433, 7.118484348511275, 6.879153320721962, 5.7462900709936315, 4.687175739184525, 3.637820729502761, 4.188506411598292, 2.39392297912861, 1.5236886591426742, 0.0, 1.5255522606584146, 2.516477625571108, 4.948134494938471, 4.710902081342808, 3.2522041264348704, 5.495882728006484, 4.047757479148177, 3.412952471101817, 5.0064782941704635, 5.618618565092313, 6.227589410036599, 6.854683489410726, 8.127619641690918, 7.750096206499633, 5.8882952651849925, 2.1613800706955733, 2.161370435626434, 1.0971679634404206, 1.0957792387155363, 2.1602426484078125, 2.159965893249243, 2.7797742174500435, 3.467271379629809, 2.777277541046267], [5.028998912308492, 5.55886914398963, 5.457097804694359, 6.5228287582919116, 6.4733149614397725, 5.9808661663675435, 5.562367379093186, 6.50382682580033, 7.804610569400628, 8.59318585741051, 8.268933392524094, 7.062987349556843, 6.061283450722298, 4.853823946127424, 5.12612762814193, 3.7615482517176355, 2.5252852611140786, 1.5255522606584146, 0.0, 1.5203721057688475, 5.579884188762343, 5.501346920527736, 3.952258030544058, 6.641885327224492, 5.357891183105532, 4.48542098247199, 5.898200309416424, 6.769190493700115, 7.474591872470363, 8.355807479831018, 9.617431256837763, 9.095280392049494, 7.063764794357184, 2.768609851531992, 2.787145575674152, 2.1667220264722467, 2.1620617521245777, 1.096141195284622, 1.0961797845244186, 2.1685195549037592, 2.1592308723246805, 2.1687078595329523], [4.556652738579054, 5.472947507513662, 5.578780344304658, 6.8792017989008, 7.037382289601724, 6.810