{"total energy": -50.84315612, "HOMO-LUMO gap/eV": 3.24713652, "electronic energy": -51.43348672, "dipole": [-0.02197175, 0.92367048, 0.4292756], "partial charges": [-0.37729974, 0.28053667, -0.17815483, 0.33946643, -0.42224149, -0.17623928, 0.28153473, -0.37992506, -0.02696899, -0.04598507, -0.10563146, -0.01193783, -0.10420637, -0.06671178, -0.05282419, -0.10097603, 0.23340044, 0.23290068, 0.03679048, 0.05618929, 0.05479332, 0.04666836, 0.04624541, 0.0655052, 0.02783905, 0.04582907, 0.04825729, 0.0522314, 0.03423081, 0.03213422, 0.03632125, 0.03078381, 0.03532545, 0.03211874], "atomic dipole moments": [[-0.10462235, -0.0450758, 0.14775981], [-0.08229237, -0.03673207, -0.02000189], [0.03292784, -0.06784279, 0.03267199], [0.06920271, 0.05207931, 0.02861547], [0.16101941, 0.12506727, 0.06817432], [0.03936427, -0.02241095, -0.06985991], [-0.08286615, -0.03408943, -0.0224702], [-0.08637979, 0.08692344, -0.1397594], [-0.04433785, -0.00470681, -0.00305036], [0.07726681, -0.11696917, 0.03230411], [-0.03576255, -0.02579189, -0.12428246], [-0.08828293, 0.00649054, -0.10666452], [-0.04811357, 0.08688348, 0.05825183], [0.04743596, -0.10639218, 0.0670611], [-0.07839152, -0.00474357, 0.08390796], [-0.02987614, 0.00799644, -0.09687666], [-0.03422536, -0.01863661, -0.12990853], [-0.04687745, -0.10922342, 0.0656345], [-0.12541124, 0.00873824, -0.00314394], [0.0259672, 0.10391514, -0.07024909], [0.12580574, 0.01567868, 0.02135337], [-0.05370686, 0.10827821, 0.03684486], [-0.04399517, -0.08886185, 0.08401722], [0.03422963, -0.01428994, 0.12078011], [-0.06267266, -0.10937575, 0.02718728], [0.00641617, 0.00611376, -0.12884049], [0.11800271, -0.02674124, 0.03784608], [-0.0183889, 0.02489729, -0.12288106], [-0.0396577, 0.1043079, 0.05105712], [0.04599065, 0.10298848, -0.04571259], [0.05629005, -0.08867303, -0.06909798], [-0.05163227, 0.08941853, 0.07155661], [-0.02491101, -0.11248004, 0.05115302], [0.12428126, 0.01483598, 0.00682053]], "atomic quadrupole moments": [[-0.05959255, -0.0933464, 0.18108146, -0.02305191, 0.02260707, -0.1214889], [-0.1177841, -0.21176318, 0.46579925, -0.00194083, 0.06443819, -0.34801515], [0.05089994, 0.0419707, 0.03620189, -0.06390414, -0.0287982, -0.08710183], [0.05449411, -0.31807988, 0.07775384, -0.13012351, 0.09015775, -0.13224795], [0.05034421, -0.09599749, 0.04028902, -0.03254785, 0.06671943, -0.09063323], [0.03166762, -0.03244887, -0.06052279, 0.0778323, 0.05042943, 0.02885517], [-0.09918091, -0.16415671, 0.06853697, -0.15301529, 0.40410278, 0.03064394], [-0.06115987, -0.08923554, 0.037879, -0.06016192, 0.14654663, 0.02328087], [-0.05303778, -0.00195023, 0.00274393, 0.02397452, -0.04847138, 0.05029385], [-0.12463902, -0.0925137, 0.0531746, 0.0338702, 0.16404044, 0.07146442], [-0.10530661, 0.00209081, -0.10313226, 0.08801032, 0.06896143, 0.20843888], [0.11210016, -0.00909373, 0.08259621, -0.04879678, 0.02070215, -0.19469637], [-0.05679855, -0.06982807, 0.10825109, -0.05795982, 0.12575451, -0.05145254], [0.15448536, 0.06792436, 0.00934475, -0.01432876, -0.09490554, -0.16383012], [0.11803608, -0.01758018, -0.20582176, 0.12608789, -0.03233277, 0.08778568], [-0.07395596, -0.00280417, -0.12403551, 0.09016784, -0.02172877, 0.19799147], [-0.00073196, 0.02495683, -0.03417476, 0.01773828, -0.0196666, 0.03490672], [0.00117084, 0.03254825, -0.017075, 0.00396209, -0.03415269, 0.01590416], [0.04887756, 0.02705021, -0.03043295, 0.0038182, 0.01776318, -0.01844462], [-0.01972099, 0.03388285, 0.0074356, -0.02913095, -0.01945946, 0.01228539], [0.07883736, 0.00403359, -0.0508139, -0.00264456, 0.00273097, -0.02802346], [-0.02119567, -0.05538352, 0.04870716, -0.00122832, 0.02051051, -0.02751149], [-0.02985968, 0.03913995, 0.03299387, -0.01185529, -0.043991, -0.0031342], [-0.01414544, -0.00102924, -0.01451374, -0.00031075, 0.00298247, 0.02865918], [0.01149101, 0.05420302, 0.02194738, -0.03459181, -0.02134406, -0.03343839], [-0.04705319, -0.00857768, -0.02570186, 0.00825676, -0.02483901, 0.07275505], [0.06375076, -0.00577332, -0.03931265, 0.04279097, 0.01226589, -0.02443811], [-0.01028817, 0.01426081, -0.04143807, 0.02041311, 0.00438305, 0.05172624], [0.00378899, -0.01533082, 0.00974333, -0.03489536, 0.04418475, -0.01353233], [-0.0158064, 0.0241029, 0.03756573, 0.00984214, -0.03119276, -0.02175933], [-0.0210219, -0.02709827, 0.03104348, 0.00386719, 0.03524644, -0.01002159], [-0.01891241, -0.05115914, 0.02277078, -0.02375719, 0.03981611, -0.00385837], [-0.03876027, 0.03834597, 0.05771713, -0.00508533, -0.02980102, -0.01895686], [0.07922217, 0.01679384, -0.05174493, 8.415e-05, -0.0065261, -0.02747724]], "number of molecular orbitals": 82, "number of electrons": 90, "number of unpaired electrons": 0, "orbital energies/eV": [-20.60635916, -20.26670584, -20.19023016, -19.77254457, -19.37714246, -18.65528284, -18.21705326, -18.07787981, -17.52370865, -17.20582328, -16.9485093, -16.80205574, -16.74404004, -16.41508438, -16.15853341, -16.05771536, -15.7252564, -15.63721994, -15.60484054, -15.46715888, -15.21801876, -14.95484686, -14.84038733, -14.61894989, -14.48523323, -14.15238692, -14.02057141, -13.84559903, -13.44164785, -13.2943808, -13.21996152, -13.14365688, -12.95145185, -12.92710365, -12.74660561, -12.61863028, -12.47013048, -12.38108498, -12.35891794, -12.20613486, -12.10319263, -11.81630899, -11.68737283, -11.51612411, -11.30432987, -8.05719335, -7.13761584, -5.93834701, -0.68333749, -0.16428313, 0.34757082, 0.96326965, 1.30265688, 2.11045785, 2.61453741, 2.95615714, 3.01409481, 3.28957997, 3.38611351, 3.51526215, 3.67171206, 3.78433782, 3.89610517, 4.13985173, 4.41214969, 4.80754641, 5.16946329, 5.26647557, 5.46698503, 5.73995859, 6.2836656, 6.67588854, 6.68547134, 7.07055915, 7.2443296, 7.69671797, 7.71683455, 8.06438236, 11.19533373, 14.10695906, 14.25279278, 16.24715461], "fractional occupation": [2.0, 2.0, 2.0, 2.0, 2.0, 2.0, 2.0, 2.0, 2.0, 2.0, 2.0, 2.0, 2.0, 2.0, 2.0, 2.0, 2.0, 2.0, 2.0, 2.0, 2.0, 2.0, 2.0, 2.0, 2.0, 2.0, 2.0, 2.0, 2.0, 2.0, 2.0, 2.0, 2.0, 2.0, 2.0, 2.0, 2.0, 2.0, 2.0, 2.0, 2.0, 2.0, 2.0, 2.0, 2.0, 0.0, 0.0, 0.0, 0.0, 0.0, 0.0, 0.0, 0.0, 0.0, 0.0, 0.0, 0.0, 0.0, 0.0, 0.0, 0.0, 0.0, 0.0, 0.0, 0.0, 0.0, 0.0, 0.0, 0.0, 0.0, 0.0, 0.0, 0.0, 0.0, 0.0, 0.0, 0.0, 0.0, 0.0, 0.0, 0.0, 0.0], "program call": "xtb /home/svss/Project-DBcg-Debug/aqme2_20220329/End-to-End-workflows-final/example-3/QDESCP/mol_572_rdkit_conf_6/mol_572_rdkit_conf_6.xyz --pop --wbo --acc 0.2 --gfn 2 --chrg 0 --uhf 0 --etemp 300 --input /home/svss/Project-DBcg-Debug/aqme2_20220329/End-to-End-workflows-final/example-3/QDESCP/mol_572_rdkit_conf_6/mol_572_rdkit_conf_6_xtb.inp", "method": "GFN2-xTB", "xtb version": "6.3.3 (7355c4f)", "Dipole module/D": 2.589, "Total charge": 0, "Transition dipole module/D": NaN, "HOMO": -11.3043, "LUMO": -8.0572, "HOMO occupancy": 2.0, "LUMO occupancy": 0, "mulliken charges": [-0.50451, 0.47608, -0.32754, 0.57522, -0.53618, -0.32694, 0.47539, -0.50653, -0.0626, -0.03287, -0.08424, 0.00301, -0.09408, -0.05729, -0.03708, -0.08716, 0.27962, 0.27953, 0.02985, 0.04828, 0.04106, 0.04007, 0.04426, 0.04237, 0.03537, 0.04142, 0.03849, 0.044, 0.02176, 0.02717, 0.02714, 0.02564, 0.03013, 0.03112], "cm5 charges": [-0.55304, 0.57475, -0.67104, 0.74295, -0.57335, -0.67095, 0.57366, -0.55421, -0.06348, -0.13574, -0.23419, -0.06078, -0.24071, -0.1657, -0.15004, -0.23794, 0.48271, 0.48255, 0.09074, 0.10561, 0.09384, 0.09092, 0.09845, 0.1074, 0.09114, 0.09714, 0.09086, 0.1045, 0.07914, 0.08138, 0.08231, 0.07713, 0.08208, 0.08191], "FUKUI+": [-0.149, -0.058, -0.035, -0.055, -0.149, -0.036, -0.058, -0.148, -0.006, -0.003, 0.015, 0.007, 0.015, 0.005, 0.006, 0.009, -0.049, -0.049, -0.018, -0.036, -0.025, -0.038, -0.009, -0.023, 0.003, -0.01, -0.035, -0.001, -0.012, -0.021, -0.011, -0.007, 0.0, -0.02], "FUKUI-": [-0.074, -0.007, -0.027, -0.002, -0.085, -0.022, -0.005, -0.06, -0.013, 0.01, 0.011, -0.004, 0.02, 0.004, 0.007, 0.015, -0.03, -0.029, -0.03, -0.027, -0.007, -0.034, -0.023, -0.068, -0.039, -0.05, -0.036, -0.057, -0.043, -0.084, -0.058, -0.048, -0.056, -0.047], "FUKUIrad": [-0.112, -0.032, -0.031, -0.029, -0.117, -0.029, -0.031, -0.104, -0.009, 0.003, 0.013, 0.002, 0.017, 0.004, 0.006, 0.012, -0.039, -0.039, -0.024, -0.032, -0.016, -0.036, -0.016, -0.046, -0.018, -0.03, -0.036, -0.029, -0.027, -0.052, -0.035, -0.027, -0.028, -0.034], "s proportion": [1.729, 1.015, 1.432, 0.938, 1.721, 1.432, 1.016, 1.73, 1.115, 1.038, 1.01, 1.062, 1.014, 1.037, 1.028, 1.008, 0.72, 0.72, 0.97, 0.952, 0.959, 0.96, 0.956, 0.958, 0.965, 0.959, 0.962, 0.956, 0.978, 0.973, 0.973, 0.974, 0.97, 0.969], "p proportion": [4.775, 2.509, 3.895, 2.487, 4.816, 3.895, 2.509, 4.776, 2.948, 2.994, 3.075, 2.935, 3.08, 3.02, 3.01, 3.079, 0.0, 0.0, 0.0, 0.0, 0.0, 0.0, 0.0, 0.0, 0.0, 0.0, 0.0, 0.0, 0.0, 0.0, 0.0, 0.0, 0.0, 0.0], "d proportion": [0.0, 0.0, 0.0, 0.0, 0.0, 0.0, 0.0, 0.0, 0.0, 0.0, 0.0, 0.0, 0.0, 0.0, 0.0, 0.0, 0.0, 0.0, 0.0, 0.0, 0.0, 0.0, 0.0, 0.0, 0.0, 0.0, 0.0, 0.0, 0.0, 0.0, 0.0, 0.0, 0.0, 0.0], "Fermi-level/eV": -9.6808, "Coordination numbers": [0.859, 2.767, 2.697, 2.708, 0.86, 2.696, 2.768, 0.859, 3.895, 3.805, 3.748, 3.842, 3.748, 3.798, 3.798, 3.749, 0.86, 0.86, 0.923, 0.924, 0.924, 0.924, 0.924, 0.924, 0.924, 0.924, 0.924, 0.924, 0.924, 0.924, 0.924, 0.924, 0.924, 0.924], "Dispersion coefficient C6": [21.232, 22.252, 24.857, 21.231, 22.129, 24.815, 22.234, 21.283, 21.0, 21.394, 22.586, 20.759, 22.558, 21.781, 21.526, 22.494, 0.951, 0.953, 2.492, 2.244, 2.261, 2.362, 2.367, 2.136, 2.617, 2.373, 2.342, 2.292, 2.527, 2.556, 2.499, 2.575, 2.512, 2.557], "Total dispersion C6": 10370.761381, "Total dispersion C8": 228299.358172, "Polarizability alpha": [6.178, 7.725, 7.405, 7.542, 6.307, 7.398, 7.722, 6.185, 6.514, 6.585, 6.779, 6.481, 6.774, 6.645, 6.606, 6.764, 1.527, 1.529, 2.469, 2.343, 2.351, 2.403, 2.406, 2.285, 2.53, 2.409, 2.393, 2.368, 2.486, 2.5, 2.472, 2.51, 2.479, 2.5], "Total polarizability alpha": 151.574092, "Wiberg matrix": [[0.0, 1.7546354194475995, 0.13191092405630245, 0.0, 0.0, 0.0, 0.0, 0.0, 0.0, 0.0, 0.0, 0.0, 0.0, 0.0, 0.0, 0.0, 0.0, 0.0, 0.0, 0.0, 0.0, 0.0, 0.0, 0.0, 0.0, 0.0, 0.0, 0.0, 0.0, 0.0, 0.0, 0.0, 0.0, 0.0], [1.7546354194475995, 0.0, 1.1341541227218468, 0.0, 0.0, 0.0, 0.0, 0.0, 0.9486338765693785, 0.0, 0.0, 0.0, 0.0, 0.0, 0.0, 0.0, 0.0, 0.0, 0.0, 0.0, 0.0, 0.0, 0.0, 0.0, 0.0, 0.0, 0.0, 0.0, 0.0, 0.0, 0.0, 0.0, 0.0, 0.0], [0.13191092405630245, 1.1341541227218468, 0.0, 1.122467848784436, 0.11503697973370858, 0.0, 0.0, 0.0, 0.0, 0.0, 0.0, 0.0, 0.0, 0.0, 0.0, 0.0, 0.908498021388848, 0.0, 0.0, 0.0, 0.0, 0.0, 0.0, 0.0, 0.0, 0.0, 0.0, 0.0, 0.0, 0.0, 0.0, 0.0, 0.0, 0.0], [0.0, 0.0, 1.122467848784436, 0.0, 1.65304550220556, 1.1216615125052871, 0.0, 0.0, 0.0, 0.0, 0.0, 0.0, 0.0, 0.0, 0.0, 0.0, 0.0, 0.0, 0.0, 0.0, 0.0, 0.0, 0.0, 0.0, 0.0, 0.0, 0.0, 0.0, 0.0, 0.0, 0.0, 0.0, 0.0, 0.0], [0.0, 0.0, 0.11503697973370858, 1.65304550220556, 0.0, 0.11488005861417015, 0.0, 0.0, 0.0, 0.0, 0.0, 0.0, 0.0, 0.0, 0.0, 0.0, 0.0, 0.0, 0.0, 0.0, 0.0, 0.0, 0.0, 0.0, 0.0, 0.0, 0.0, 0.0, 0.0, 0.0, 0.0, 0.0, 0.0, 0.0], [0.0, 0.0, 0.0, 1.1216615125052871, 0.11488005861417015, 0.0, 1.1360374676905252, 0.1313544816465878, 0.0, 0.0, 0.0, 0.0, 0.0, 0.0, 0.0, 0.0, 0.0, 0.9086127215084682, 0.0, 0.0, 0.0, 0.0, 0.0, 0.0, 0.0, 0.0, 0.0, 0.0, 0.0, 0.0, 0.0, 0.0, 0.0, 0.0], [0.0, 0.0, 0.0, 0.0, 0.0, 1.1360374676905252, 0.0, 1.753511407033535, 0.9474438405991128, 0.0, 0.0, 0.0, 0.0, 0.0, 0.0, 0.0, 0.0, 0.0, 0.0, 0.0, 0.0, 0.0, 0.0, 0.0, 0.0, 0.0, 0.0, 0.0, 0.0, 0.0, 0.0, 0.0, 0.0, 0.0], [0.0, 0.0, 0.0, 0.0, 0.0, 0.1313544816465878, 1.753511407033535, 0.0, 0.0, 0.0, 0.0, 0.0, 0.0, 0.0, 0.0, 0.0, 0.0, 0.0, 0.0, 0.0, 0.0, 0.0, 0.0, 0.0, 0.0, 0.0, 0.0, 0.0, 0.0, 0.0, 0.0, 0.0, 0.0, 0.0], [0.0, 0.9486338765693785, 0.0, 0.0, 0.0, 0.0, 0.9474438405991128, 0.0, 0.0, 0.9249588951144343, 0.0, 0.9575217109339849, 0.0, 0.0, 0.0, 0.0, 0.0, 0.0, 0.0, 0.0, 0.0, 0.0, 0.0, 0.0, 0.0, 0.0, 0.0, 0.0, 0.0, 0.0, 0.0, 0.0, 0.0, 0.0], [0.0, 0.0, 0.0, 0.0, 0.0, 0.0, 0.0, 0.0, 0.9249588951144343, 0.0, 1.0180019251373869, 0.0, 0.0, 0.0, 0.0, 0.0, 0.0, 0.0, 0.9756742322050524, 0.9695286523894937, 0.0, 0.0, 0.0, 0.0, 0.0, 0.0, 0.0, 0.0, 0.0, 0.0, 0.0, 0.0, 0.0, 0.0], [0.0, 0.0, 0.0, 0.0, 0.0, 0.0, 0.0, 0.0, 0.0, 1.0180019251373869, 0.0, 0.0, 0.0, 0.0, 0.0, 0.0, 0.0, 0.0, 0.0, 0.0, 0.9820250960998412, 0.9823431838739303, 0.9862342321773747, 0.0, 0.0, 0.0, 0.0, 0.0, 0.0, 0.0, 0.0, 0.0, 0.0, 0.0], [0.0, 0.0, 0.0, 0.0, 0.0, 0.0, 0.0, 0.0, 0.9575217109339849, 0.0, 0.0, 0.0, 1.0088847681003823, 0.9948228072467212, 0.0, 0.0, 0.0, 0.0, 0.0, 0.0, 0.0, 0.0, 0.0, 0.9601141275168181, 0.0, 0.0, 0.0, 0.0, 0.0, 0.0, 0.0, 0.0, 0.0, 0.0], [0.0, 0.0, 0.0, 0.0, 0.0, 0.0, 0.0, 0.0, 0.0, 0.0, 0.0, 1.0088847681003823, 0.0, 0.0, 0.0, 0.0, 0.0, 0.0, 0.0, 0.0, 0.0, 0.0, 0.0, 0.0, 0.985318474867915, 0.9857093271534418, 0.9828030347445957, 0.0, 0.0, 0.0, 0.0, 0.0, 0.0, 0.0], [0.0, 0.0, 0.0, 0.0, 0.0, 0.0, 0.0, 0.0, 0.0, 0.0, 0.0, 0.9948228072467212, 0.0, 0.0, 1.0054598967743527, 0.0, 0.0, 0.0, 0.0, 0.0, 0.0, 0.0, 0.0, 0.0, 0.0, 0.0, 0.0, 0.9737779874486215, 0.9725191889683171, 0.0, 0.0, 0.0, 0.0, 0.0], [0.0, 0.0, 0.0, 0.0, 0.0, 0.0, 0.0, 0.0, 0.0, 0.0, 0.0, 0.0, 0.0, 1.0054598967743527, 0.0, 1.0212916779292998, 0.0, 0.0, 0.0, 0.0, 0.0, 0.0, 0.0, 0.0, 0.0, 0.0, 0.0, 0.0, 0.0, 0.9768430768634278, 0.9759865042743714, 0.0, 0.0, 0.0], [0.0, 0.0, 0.0, 0.0, 0.0, 0.0, 0.0, 0.0, 0.0, 0.0, 0.0, 0.0, 0.0, 0.0, 1.0212916779292998, 0.0, 0.0, 0.0, 0.0, 0.0, 0.0, 0.0, 0.0, 0.0, 0.0, 0.0, 0.0, 0.0, 0.0, 0.0, 0.0, 0.9871303411969459, 0.9851992285325919, 0.9868806161805095], [0.0, 0.0, 0.908498021388848, 0.0, 0.0, 0.0, 0.0, 0.0, 0.0, 0.0, 0.0, 0.0, 0.0, 0.0, 0.0, 0.0, 0.0, 0.0, 0.0, 0.0, 0.0, 0.0, 0.0, 0.0, 0.0, 0.0, 0.0, 0.0, 0.0, 0.0, 0.0, 0.0, 0.0, 0.0], [0.0, 0.0, 0.0, 0.0, 0.0, 0.9086127215084682, 0.0, 0.0, 0.0, 0.0, 0.0, 0.0, 0.0, 0.0, 0.0, 0.0, 0.0, 0.0, 0.0, 0.0, 0.0, 0.0, 0.0, 0.0, 0.0, 0.0, 0.0, 0.0, 0.0, 0.0, 0.0, 0.0, 0.0, 0.0], [0.0, 0.0, 0.0, 0.0, 0.0, 0.0, 0.0, 0.0, 0.0, 0.9756742322050524, 0.0, 0.0, 0.0, 0.0, 0.0, 0.0, 0.0, 0.0, 0.0, 0.0, 0.0, 0.0, 0.0, 0.0, 0.0, 0.0, 0.0, 0.0, 0.0, 0.0, 0.0, 0.0, 0.0, 0.0], [0.0, 0.0, 0.0, 0.0, 0.0, 0.0, 0.0, 0.0, 0.0, 0.9695286523894937, 0.0, 0.0, 0.0, 0.0, 0.0, 0.0, 0.0, 0.0, 0.0, 0.0, 0.0, 0.0, 0.0, 0.0, 0.0, 0.0, 0.0, 0.0, 0.0, 0.0, 0.0, 0.0, 0.0, 0.0], [0.0, 0.0, 0.0, 0.0, 0.0, 0.0, 0.0, 0.0, 0.0, 0.0, 0.9820250960998412, 0.0, 0.0, 0.0, 0.0, 0.0, 0.0, 0.0, 0.0, 0.0, 0.0, 0.0, 0.0, 0.0, 0.0, 0.0, 0.0, 0.0, 0.0, 0.0, 0.0, 0.0, 0.0, 0.0], [0.0, 0.0, 0.0, 0.0, 0.0, 0.0, 0.0, 0.0, 0.0, 0.0, 0.9823431838739303, 0.0, 0.0, 0.0, 0.0, 0.0, 0.0, 0.0, 0.0, 0.0, 0.0, 0.0, 0.0, 0.0, 0.0, 0.0, 0.0, 0.0, 0.0, 0.0, 0.0, 0.0, 0.0, 0.0], [0.0, 0.0, 0.0, 0.0, 0.0, 0.0, 0.0, 0.0, 0.0, 0.0, 0.9862342321773747, 0.0, 0.0, 0.0, 0.0, 0.0, 0.0, 0.0, 0.0, 0.0, 0.0, 0.0, 0.0, 0.0, 0.0, 0.0, 0.0, 0.0, 0.0, 0.0, 0.0, 0.0, 0.0, 0.0], [0.0, 0.0, 0.0, 0.0, 0.0, 0.0, 0.0, 0.0, 0.0, 0.0, 0.0, 0.9601141275168181, 0.0, 0.0, 0.0, 0.0, 0.0, 0.0, 0.0, 0.0, 0.0, 0.0, 0.0, 0.0, 0.0, 0.0, 0.0, 0.0, 0.0, 0.0, 0.0, 0.0, 0.0, 0.0], [0.0, 0.0, 0.0, 0.0, 0.0, 0.0, 0.0, 0.0, 0.0, 0.0, 0.0, 0.0, 0.985318474867915, 0.0, 0.0, 0.0, 0.0, 0.0, 0.0, 0.0, 0.0, 0.0, 0.0, 0.0, 0.0, 0.0, 0.0, 0.0, 0.0, 0.0, 0.0, 0.0, 0.0, 0.0], [0.0, 0.0, 0.0, 0.0, 0.0, 0.0, 0.0, 0.0, 0.0, 0.0, 0.0, 0.0, 0.9857093271534418, 0.0, 0.0, 0.0, 0.0, 0.0, 0.0, 0.0, 0.0, 0.0, 0.0, 0.0, 0.0, 0.0, 0.0, 0.0, 0.0, 0.0, 0.0, 0.0, 0.0, 0.0], [0.0, 0.0, 0.0, 0.0, 0.0, 0.0, 0.0, 0.0, 0.0, 0.0, 0.0, 0.0, 0.9828030347445957, 0.0, 0.0, 0.0, 0.0, 0.0, 0.0, 0.0, 0.0, 0.0, 0.0, 0.0, 0.0, 0.0, 0.0, 0.0, 0.0, 0.0, 0.0, 0.0, 0.0, 0.0], [0.0, 0.0, 0.0, 0.0, 0.0, 0.0, 0.0, 0.0, 0.0, 0.0, 0.0, 0.0, 0.0, 0.9737779874486215, 0.0, 0.0, 0.0, 0.0, 0.0, 0.0, 0.0, 0.0, 0.0, 0.0, 0.0, 0.0, 0.0, 0.0, 0.0, 0.0, 0.0, 0.0, 0.0, 0.0], [0.0, 0.0, 0.0, 0.0, 0.0, 0.0, 0.0, 0.0, 0.0, 0.0, 0.0, 0.0, 0.0, 0.9725191889683171, 0.0, 0.0, 0.0, 0.0, 0.0, 0.0, 0.0, 0.0, 0.0, 0.0, 0.0, 0.0, 0.0, 0.0, 0.0, 0.0, 0.0, 0.0, 0.0, 0.0], [0.0, 0.0, 0.0, 0.0, 0.0, 0.0, 0.0, 0.0, 0.0, 0.0, 0.0, 0.0, 0.0, 0.0, 0.9768430768634278, 0.0, 0.0, 0.0, 0.0, 0.0, 0.0, 0.0, 0.0, 0.0, 0.0, 0.0, 0.0, 0.0, 0.0, 0.0, 0.0, 0.0, 0.0, 0.0], [0.0, 0.0, 0.0, 0.0, 0.0, 0.0, 0.0, 0.0, 0.0, 0.0, 0.0, 0.0, 0.0, 0.0, 0.9759865042743714, 0.0, 0.0, 0.0, 0.0, 0.0, 0.0, 0.0, 0.0, 0.0, 0.0, 0.0, 0.0, 0.0, 0.0, 0.0, 0.0, 0.0, 0.0, 0.0], [0.0, 0.0, 0.0, 0.0, 0.0, 0.0, 0.0, 0.0, 0.0, 0.0, 0.0, 0.0, 0.0, 0.0, 0.0, 0.9871303411969459, 0.0, 0.0, 0.0, 0.0, 0.0, 0.0, 0.0, 0.0, 0.0, 0.0, 0.0, 0.0, 0.0, 0.0, 0.0, 0.0, 0.0, 0.0], [0.0, 0.0, 0.0, 0.0, 0.0, 0.0, 0.0, 0.0, 0.0, 0.0, 0.0, 0.0, 0.0, 0.0, 0.0, 0.9851992285325919, 0.0, 0.0, 0.0, 0.0, 0.0, 0.0, 0.0, 0.0, 0.0, 0.0, 0.0, 0.0, 0.0, 0.0, 0.0, 0.0, 0.0, 0.0], [0.0, 0.0, 0.0, 0.0, 0.0, 0.0, 0.0, 0.0, 0.0, 0.0, 0.0, 0.0, 0.0, 0.0, 0.0, 0.9868806161805095, 0.0, 0.0, 0.0, 0.0, 0.0, 0.0, 0.0, 0.0, 0.0, 0.0, 0.0, 0.0, 0.0, 0.0, 0.0, 0.0, 0.0, 0.0]], "Born radii": [], "Atomic SASAs": [], "Solvent H bonds": [], "Total SASA": NaN, "Total FOD": 0.0, "FOD": [0.0, 0.0, 0.0, 0.0, 0.0, 0.0, 0.0, 0.0, 0.0, 0.0, 0.0, 0.0, 0.0, 0.0, 0.0, 0.0, 0.0, 0.0, 0.0, 0.0, 0.0, 0.0, 0.0, 0.0, 0.0, 0.0, 0.0, 0.0, 0.0, 0.0, 0.0, 0.0, 0.0, 0.0], "FOD s proportion": [0.0, 0.0, 0.0, 0.0, 0.0, 0.0, 0.0, 0.0, 0.0, 0.0, 0.0, 0.0, 0.0, 0.0, 0.0, 0.0, 0.0, 0.0, 0.0, 0.0, 0.0, 0.0, 0.0, 0.0, 0.0, 0.0, 0.0, 0.0, 0.0, 0.0, 0.0, 0.0, 0.0, 0.0], "FOD p proportion": [0.0, 0.0, 0.0, 0.0, 0.0, 0.0, 0.0, 0.0, 0.0, 0.0, 0.0, 0.0, 0.0, 0.0, 0.0, 0.0, 0.0, 0.0, 0.0, 0.0, 0.0, 0.0, 0.0, 0.0, 0.0, 0.0, 0.0, 0.0, 0.0, 0.0, 0.0, 0.0, 0.0, 0.0], "FOD d proportion": [0.0, 0.0, 0.0, 0.0, 0.0, 0.0, 0.0, 0.0, 0.0, 0.0, 0.0, 0.0, 0.0, 0.0, 0.0, 0.0, 0.0, 0.0, 0.0, 0.0, 0.0, 0.0, 0.0, 0.0, 0.0, 0.0, 0.0, 0.0, 0.0, 0.0, 0.0, 0.0, 0.0, 0.0], "coordinates": [["-0.70580", "0.01180", "-2.59030"], ["-1.37470", "-0.29980", "-1.60940"], ["-2.66730", "-0.71430", "-1.78450"], ["-3.29840", "-1.57770", "-0.94630"], ["-4.21450", "-2.29390", "-1.33620"], ["-2.80810", "-1.67840", "0.31650"], ["-1.52540", "-1.34300", "0.65030"], ["-0.96840", "-1.91900", "1.58190"], ["-0.89540", "-0.20120", "-0.15760"], ["-1.50100", "1.12460", "0.40460"], ["-1.14500", "1.44480", "1.85380"], ["0.67580", "-0.26690", "-0.03980"], ["1.24780", "-1.53450", "-0.70620"], ["1.41180", "1.00010", "-0.55260"], ["2.93700", "1.00420", "-0.37650"], ["3.38460", "0.90720", "1.07360"], ["-2.96250", "-0.78280", "-2.74980"], ["-3.20060", "-2.44050", "0.85390"], ["-2.59720", "1.09800", "0.33800"], ["-1.20200", "1.96880", "-0.22960"], ["-0.06790", "1.55800", "1.99930"], ["-1.61680", "2.38780", "2.14960"], ["-1.50580", "0.66950", "2.53590"], ["0.90880", "-0.35790", "1.02900"], ["0.66880", "-2.42800", "-0.45500"], ["1.27160", "-1.44490", "-1.79650"], ["2.27230", "-1.72170", "-0.36860"], ["1.20700", "1.14660", "-1.61810"], ["1.02640", "1.88950", "-0.04410"], ["3.32440", "1.94170", "-0.79440"], ["3.39580", "0.19910", "-0.96030"], ["2.91490", "1.68570", "1.68300"], ["3.13950", "-0.06700", "1.50610"], ["4.47000", "1.03400", "1.14030"]], "bond_dist": [[0.0, 1.2274716208532075, 2.2414319307085817, 3.4569959516898483, 4.381779888355872, 3.9655929657492583, 3.606759703667546, 4.604801867616022, 2.44935633381507, 3.2924296332647716, 4.690033096898144, 2.9140251371599386, 3.123688438368974, 3.100514141235289, 4.376729377057713, 5.56392635914603, 2.397816569297994, 4.909207264925774, 3.6513237722776655, 3.106278791415864, 4.884882701764701, 5.379772208002863, 5.229770141220357, 3.9803195524982664, 3.5215983998746934, 2.5811245785509853, 4.1000064329217825, 2.4272922609360412, 3.6068557733849023, 4.81583667289496, 4.41759027638372, 5.845725155188191, 5.618988742647559, 6.46151490286914], [1.2274716208532075, 0.0, 1.3686800283484815, 2.402779996171102, 3.480738009388239, 2.76844077596036, 2.4934355455876536, 3.601566884010347, 1.5320488536596997, 2.470033005852351, 3.8846036464483733, 2.5824943020266278, 3.036076510893624, 3.251330266214123, 4.670247884213428, 5.595201023198362, 2.0136807095465756, 3.7395660430055253, 2.690858199534119, 2.6608681459253107, 4.264019555536771, 4.627298042054348, 4.25913627276705, 3.4898284227165095, 3.168243496008474, 2.8894920159086785, 4.106335744919064, 2.959277536832259, 3.606727019057583, 5.2697332057704775, 4.840237831966524, 5.760449302788802, 5.48985771491393, 6.595482591895759], [2.2414319307085817, 1.3686800283484815, 0.0, 1.3587957940765052, 2.256088847984494, 2.3159262617795067, 2.7617839053771025, 3.9585618929101005, 2.4596147726829094, 3.0877123748820905, 4.49625810980642, 3.7974284009050123, 4.142881477908824, 4.593016631800935, 6.028588950990108, 6.886471627038044, 1.0117506510993706, 3.1977069737547867, 2.791836590848397, 3.429846018409573, 5.122242681677626, 5.118956677878804, 4.68293079705434, 4.564131288646285, 3.9791834778004396, 4.006102041885604, 5.236341827077373, 4.301260078163142, 4.842745738731283, 6.628355972637559, 6.186662008708735, 6.996035526639355, 6.705667147271776, 7.908985979251701], [3.4569959516898483, 2.402779996171102, 1.3587957940765052, 0.0, 1.2264598077393323, 1.358380808168313, 2.3974454425492144, 3.455022565772907, 2.8794459432328297, 3.5153951214621664, 4.648999657990953, 4.2818459255325845, 4.552740788799643, 5.383868179106915, 6.772820151901275, 7.41061488811826, 1.9993266541513421, 1.99867674224723, 3.049668575435698, 4.181652077827613, 5.38008402350744, 5.304485424619432, 4.515422398845982, 4.805231937170151, 4.086937927103861, 4.6503092241269295, 5.602425526501892, 5.3077071217240315, 5.615989291300331, 7.501381860030857, 6.926003745306525, 7.494537673532638, 7.05287435447421, 8.457122147042693], [4.381779888355872, 3.480738009388239, 2.256088847984494, 1.2264598077393323, 0.0, 2.25570798198703, 3.475867067366069, 4.38098423074085, 4.096939840905648, 4.698894459338281, 5.7944635592952, 5.450175781568884, 5.550703527481899, 6.566560488566294, 7.933627162275777, 8.59072162626633, 2.418510320424538, 2.4178549956521382, 4.1138291821610675, 5.33575965538179, 6.5693976451422085, 6.388831021399767, 5.577809037606074, 5.9657748809354185, 4.963981782802995, 5.570455125032424, 6.583482121187846, 6.427221025451047, 6.8291573989768315, 8.664229210379881, 8.017045334785129, 8.705235732592197, 8.192622833989125, 9.624370676049422], [3.9655929657492583, 2.76844077596036, 2.3159262617795067, 1.358380808168313, 2.25570798198703, 0.0, 1.3671996525745607, 2.245800883871943, 2.4627854027503084, 3.0940395957388778, 3.857923164087123, 3.77582324136075, 4.185325233479473, 5.0731896347367105, 6.378304302085311, 6.7533740500582375, 3.1981454641713847, 1.0117566011645294, 2.784481642963372, 4.022418459086523, 4.562323622892177, 4.616647456759071, 3.483440262154642, 4.008331586832607, 3.6394980450606096, 4.600352523448611, 5.1265681561840175, 5.276772704030372, 5.250079334638668, 7.2074113986923205, 6.60633027481975, 6.777700204346604, 6.275803046622799, 7.810665772519011], [3.606759703667546, 2.4934355455876536, 2.7617839053771025, 2.3974454425492144, 3.475867067366069, 1.3671996525745607, 0.0, 1.2287813312383942, 1.5340500806688158, 2.4799220975667766, 3.0602198041970774, 2.5454882950035342, 3.0931218437041887, 3.9451527042688723, 5.145549517787192, 5.417627057116428, 3.7335988616882774, 2.0130211747520197, 2.684169802750936, 3.441922545613134, 3.515666117537329, 4.021830813199382, 2.757902784726104, 2.6531425404602746, 2.6857823310908873, 3.7175829311529824, 3.9502020441997643, 4.3370216139650495, 4.176473494468749, 6.032990321556964, 5.402806142182042, 5.4731852764181115, 4.911401190088222, 6.468002022263135], [4.604801867616022, 3.601566884010347, 3.9585618929101005, 3.455022565772907, 4.38098423074085, 2.245800883871943, 1.2287813312383942, 0.0, 2.445818081951313, 3.3065388263258004, 3.3793886444148447, 2.8394962475763195, 3.208548628274161, 4.329270966340638, 5.256669854575232, 5.214823518586224, 4.902143423034459, 2.4051326553851458, 3.647268244864916, 4.295473204432779, 3.615888827107382, 4.392178512993296, 2.8105599104093115, 2.5033200874039263, 2.662417407169657, 4.081171078256828, 3.7875472313886727, 4.936625215671127, 4.5964959795479, 6.243391547868835, 5.4768029077190645, 5.2994435736216685, 4.506716326772742, 6.204144914490635], [2.44935633381507, 1.5320488536596997, 2.4596147726829094, 2.8794459432328297, 4.096939840905648, 2.4627854027503084, 1.5340500806688158, 2.445818081951313, 0.0, 1.562231045652339, 2.6110048104130335, 1.5769790011284233, 2.5830131803767475, 2.6310299371158816, 4.0234557447547505, 4.589423057422359, 3.3661048423957323, 3.3692052148837712, 2.197649480695227, 2.1927351778087565, 2.9037490421866696, 3.5421054190975174, 2.8957984909174876, 2.1651124889945095, 2.7374818063322355, 2.9880883353743073, 3.520051780869139, 2.8930452554358705, 2.842045738548203, 4.775379219496604, 4.3839439800252915, 4.633204728910648, 4.3665003538302845, 5.656658077876017], [3.2924296332647716, 2.470033005852351, 3.0877123748820905, 3.5153951214621664, 4.698894459338281, 3.0940395957388778, 2.4799220975667766, 3.3065388263258004, 1.562231045652339, 0.0, 1.5262518402937306, 2.621492294476564, 3.9825357361861804, 3.0685722950584036, 4.50782179882923, 4.935981272249724, 3.9653999003883578, 3.974977818806037, 1.0985433810278045, 1.0973988700559154, 2.187390970997183, 2.157338378650878, 2.1793528259554487, 2.8973811709887256, 4.250636535861424, 4.3742979116653675, 4.78926453852781, 3.3800981183983403, 2.6784612112181128, 5.03882313343106, 5.16702549829203, 4.631340257420091, 4.916040384293033, 6.016835035963675], [4.690033096898144, 3.8846036464483733, 4.49625810980642, 4.648999657990953, 5.7944635592952, 3.857923164087123, 3.0602198041970774, 3.3793886444148447, 2.6110048104130335, 1.5262518402937306, 0.0, 3.1354346572684304, 4.599491312090937, 3.5391729669514596, 4.672375247130735, 4.627634596637898, 5.4275815028426795, 4.50786506674723, 2.127628896212871, 2.149041777164883, 1.092762050951624, 1.0951446845052026, 1.0938588300141843, 2.854490632319539, 4.8599390654616235, 5.245475358821162, 5.161755834984835, 4.204154712900086, 2.9180062474230586, 5.2187555231108504, 5.485416295961501, 4.070625684093295, 4.5566846259095, 5.675038668590727], [2.9140251371599386, 2.5824943020266278, 3.7974284009050123, 4.2818459255325845, 5.450175781568884, 3.77582324136075, 2.5454882950035342, 2.8394962475763195, 1.5769790011284233, 2.621492294476564, 3.1354346572684304, 0.0, 1.5421033428405502, 1.552400992012051, 2.6157384311127134, 3.155276186009713, 4.565904039727511, 4.533179194560921, 3.5662604854384936, 2.9258351576942947, 2.8357148146455065, 4.134842102184798, 3.50292078271833, 1.0976809372490715, 2.200634737979022, 2.197420426318095, 2.18480313300764, 2.18430459872244, 2.184719618166139, 3.530214877312711, 2.909102309991864, 3.434276548270392, 2.9154046906047193, 4.181020265437612], [3.123688438368974, 3.036076510893624, 4.142881477908824, 4.552740788799643, 5.550703527481899, 4.185325233479473, 3.0931218437041887, 3.208548628274161, 2.5830131803767475, 3.9825357361861804, 4.599491312090937, 1.5421033428405502, 0.0, 2.544540453598646, 3.0670990235073923, 3.700743326684519, 4.740040077889637, 4.800313590798002, 4.775398924697287, 4.301369373815739, 4.314435419611701, 5.634355694309687, 4.790734950923501, 2.123729643810624, 1.0939308433351718, 1.0942342939242948, 1.094814070972784, 2.8322294151427774, 3.494448507275504, 4.050186815444444, 2.771973984365654, 4.342486279771072, 3.259809262825051, 4.51545427836447], [3.100514141235289, 3.251330266214123, 4.593016631800935, 5.383868179106915, 6.566560488566294, 5.0731896347367105, 3.9451527042688723, 4.329270966340638, 2.6310299371158816, 3.0685722950584036, 3.5391729669514596, 1.552400992012051, 2.544540453598646, 0.0, 1.535338093059636, 2.5583386581920697, 5.209694879741039, 5.923698538075684, 4.1078989483676445, 2.8061823051968666, 3.0021589081859075, 4.289523760279223, 4.261515970872337, 2.1444420160032305, 3.509051776477514, 2.746810559539919, 2.860508956462119, 1.0948495513083065, 1.0945947971738217, 2.1454874877286048, 2.178090055530303, 2.7797957353014264, 2.8916942075537655, 3.4956611477658983], [4.376729377057713, 4.670247884213428, 6.028588950990108, 6.772820151901275, 7.933627162275777, 6.378304302085311, 5.145549517787192, 5.256669854575232, 4.0234557447547505, 4.50782179882923, 4.672375247130735, 2.6157384311127134, 3.0670990235073923, 1.535338093059636, 0.0, 1.520705352788633, 6.60530257747516, 7.144926592345088, 5.580920921317556, 4.2524526769853646, 3.8704707840261494, 5.388193074677261, 5.322834741939674, 2.818570896748918, 4.114716312214002, 3.2845163981931953, 2.805783190127135, 2.134185633912851, 2.1318157073255652, 1.0970986373157157, 1.095219562462249, 2.1694402296445046, 2.175467409546739, 2.1567705673065922], [5.56392635914603, 5.595201023198362, 6.886471627038044, 7.41061488811826, 8.59072162626633, 6.7533740500582375, 5.417627057116428, 5.214823518586224, 4.589423057422359, 4.935981272249724, 4.627634596637898, 3.155276186009713, 3.700743326684519, 2.5583386581920697, 1.520705352788633, 0.0, 7.600010919071103, 7.390549534371583, 6.029879206086967, 4.884897579274308, 3.6332103407317335, 5.3257820383489225, 5.109876196151919, 2.7806569026041306, 4.564619002720819, 4.270201098309071, 3.198166246460618, 3.470519126874249, 2.788417798680822, 2.1361737499557476, 2.153666701233039, 1.0945541101288687, 1.0937074105993796, 1.0948151853166814], [2.397816569297994, 2.0136807095465756, 1.0117506510993706, 1.9993266541513421, 2.418510320424538, 3.1981454641713847, 3.7335988616882774, 4.902143423034459, 3.3661048423957323, 3.9653999003883578, 5.4275815028426795, 4.565904039727511, 4.740040077889637, 5.209694879741039, 6.60530257747516, 7.600010919071103, 0.0, 3.9738287066757167, 3.6339182117928854, 4.12578124117118, 6.034236041952618, 5.988967624724649, 5.671840501107202, 5.426493632171699, 4.599905408810055, 4.390302963350023, 5.8270728234680575, 4.731602212781628, 5.511199777725355, 7.125419357483459, 6.6779051168761, 7.764472863626996, 7.473918547187949, 8.583454811438108], [4.909207264925774, 3.7395660430055253, 3.1977069737547867, 1.99867674224723, 2.4178549956521382, 1.0117566011645294, 2.0130211747520197, 2.4051326553851458, 3.3692052148837712, 3.974977818806037, 4.50786506674723, 4.533179194560921, 4.800313590798002, 5.923698538075684, 7.144926592345088, 7.390549534371583, 3.9738287066757167, 0.0, 3.626461997594901, 4.9608770091587635, 5.207086776691935, 5.244019624295851, 3.920914566781582, 4.610320068064689, 4.084804991673409, 5.293053217189489, 5.653654932873071, 6.19717743573637, 6.117420453099492, 8.030952292847966, 7.332891841558827, 7.423764105896685, 6.80115689423498, 8.42569163748591], [3.6513237722776655, 2.690858199534119, 2.791836590848397, 3.049668575435698, 4.1138291821610675, 2.784481642963372, 2.684169802750936, 3.647268244864916, 2.197649480695227, 1.0985433810278045, 2.127628896212871, 3.5662604854384936, 4.775398924697287, 4.1078989483676445, 5.580920921317556, 6.029879206086967, 3.6339182117928854, 3.626461997594901, 0.0, 1.7398406363802403, 3.0608619995027544, 2.430362680753636, 2.4910902472612264, 3.8586476659575957, 4.871168340347108, 5.098043163803148, 5.671157015988889, 4.277923188884999, 3.7286659303295053, 6.087651929110271, 6.197552186145753, 5.704179406365125, 5.969205097833379, 7.1128824768865675], [3.106278791415864, 2.6608681459253107, 3.429846018409573, 4.181652077827613, 5.33575965538179, 4.022418459086523, 3.441922545613134, 4.295473204432779, 2.1927351778087565, 1.0973988700559154, 2.149041777164883, 2.9258351576942947, 4.301369373815739, 2.8061823051968666, 4.2524526769853646, 4.884897579274308, 4.12578124117118, 4.9608770091587635, 1.7398406363802403, 0.0, 2.5343509346576294, 2.451165575802663, 3.0705805933080472, 3.384240459837333, 4.783570637086902, 4.497468205557434, 5.070490285958548, 2.8995217002119507, 2.2375131954918164, 4.561582007374196, 4.980514573816644, 4.54830187872353, 5.099584137946937, 5.9094890684389965], [4.884882701764701, 4.264019555536771, 5.122242681677626, 5.38008402350744, 6.5693976451422085, 4.562323622892177, 3.515666117537329, 3.615888827107382, 2.9037490421866696, 2.187390970997183, 1.092762050951624, 2.8357148146455065, 4.314435419611701, 3.0021589081859075, 3.8704707840261494, 3.6332103407317335, 6.034236041952618, 5.207086776691935, 3.0608619995027544, 2.5343509346576294, 0.0, 1.7635899013092584, 1.7733945471890906, 2.359257889676328, 4.738619142746122, 5.0219285438962595, 4.673319862795612, 3.857486581959813, 2.341552540516655, 4.411313259110035, 4.754267457768862, 3.0022406332604317, 3.6292266393820047, 4.64811718978771], [5.379772208002863, 4.627298042054348, 5.118956677878804, 5.304485424619432, 6.388831021399767, 4.616647456759071, 4.021830813199382, 4.392178512993296, 3.5421054190975174, 2.157338378650878, 1.0951446845052026, 4.134842102184798, 5.634355694309687, 4.289523760279223, 5.388193074677261, 5.3257820383489225, 5.988967624724649, 5.244019624295851, 2.430362680753636, 2.451165575802663, 1.7635899013092584, 0.0, 1.7646822886854165, 3.8952879495616237, 5.932945150597635, 6.213223725249236, 6.193094565723989, 4.869290212135645, 3.4708974084521715, 5.76902059712045, 6.291903087301965, 4.609443009735558, 5.390966980050981, 6.316691790011604], [5.229770141220357, 4.25913627276705, 4.68293079705434, 4.515422398845982, 5.577809037606074, 3.483440262154642, 2.757902784726104, 2.8105599104093115, 2.8957984909174876, 2.1793528259554487, 1.0938588300141843, 3.50292078271833, 4.790734950923501, 4.261515970872337, 5.322834741939674, 5.109876196151919, 5.671840501107202, 3.920914566781582, 2.4910902472612264, 3.0705805933080472, 1.7733945471890906, 1.7646822886854165, 0.0, 3.0259860425983462, 4.823782148895201, 5.5636613735920335, 5.331791190585018, 4.984237579610346, 3.815342296570518, 6.003350978411974, 6.039070554315457, 4.615483651796418, 4.814741153997793, 6.14741777090186], [3.9803195524982664, 3.4898284227165095, 4.564131288646285, 4.805231937170151, 5.9657748809354185, 4.008331586832607, 2.6531425404602746, 2.5033200874039263, 2.1651124889945095, 2.8973811709887256, 2.854490632319539, 1.0976809372490715, 2.123729643810624, 2.1444420160032305, 2.818570896748918, 2.7806569026041306, 5.426493632171699, 4.610320068064689, 3.8586476659575957, 3.384240459837333, 2.359257889676328, 3.8952879495616237, 3.0259860425983462, 0.0, 2.5583529877638074, 3.0490396996431515, 2.3816734557869177, 3.0593433772625134, 2.493226850890227, 3.80106183585587, 3.233068587271232, 2.937423049204864, 2.2996238192365284, 3.825169112601428], [3.5215983998746934, 3.168243496008474, 3.9791834778004396, 4.086937927103861, 4.963981782802995, 3.6394980450606096, 2.6857823310908873, 2.662417407169657, 2.7374818063322355, 4.250636535861424, 4.8599390654616235, 2.200634737979022, 1.0939308433351718, 3.509051776477514, 4.114716312214002, 4.564619002720819, 4.599905408810055, 4.084804991673409, 4.871168340347108, 4.783570637086902, 4.738619142746122, 5.932945150597635, 4.823782148895201, 2.5583529877638074, 0.0, 1.7690324191489537, 1.7542909963857192, 3.7973972678665056, 4.351726418331006, 5.124615284096944, 3.820145481522922, 5.151556745295542, 3.940125975143434, 5.383265508035062], [2.5811245785509853, 2.8894920159086785, 4.006102041885604, 4.6503092241269295, 5.570455125032424, 4.600352523448611, 3.7175829311529824, 4.081171078256828, 2.9880883353743073, 4.3742979116653675, 5.245475358821162, 2.197420426318095, 1.0942342939242948, 2.746810559539919, 3.2845163981931953, 4.270201098309071, 4.390302963350023, 5.293053217189489, 5.098043163803148, 4.497468205557434, 5.0219285438962595, 6.213223725249236, 5.5636613735920335, 3.0490396996431515, 1.7690324191489537, 0.0, 1.765479294695919, 2.598436447173569, 3.7748181625079638, 4.08500328151643, 2.8132173893959918, 4.9606462784600955, 4.036684974084552, 4.999950200752004], [4.1000064329217825, 4.106335744919064, 5.236341827077373, 5.602425526501892, 6.583482121187846, 5.1265681561840175, 3.9502020441997643, 3.7875472313886727, 3.520051780869139, 4.78926453852781, 5.161755834984835, 2.18480313300764, 1.094814070972784, 2.860508956462119, 2.805783190127135, 3.198166246460618, 5.8270728234680575, 5.653654932873071, 5.671157015988889, 5.070490285958548, 4.673319862795612, 6.193094565723989, 5.331791190585018, 2.3816734557869177, 1.7542909963857192, 1.765479294695919, 0.0, 3.3050354355135134, 3.833840437472588, 3.8351948594562963, 2.302571123765779, 4.028941806479711, 2.646614444908816, 3.834129234911103], [2.4272922609360412, 2.959277536832259, 4.301260078163142, 5.3077071217240315, 6.427221025451047, 5.276772704030372, 4.3370216139650495, 4.936625215671127, 2.8930452554358705, 3.3800981183983403, 4.204154712900086, 2.18430459872244, 2.8322294151427774, 1.0948495513083065, 2.134185633912851, 3.470519126874249, 4.731602212781628, 6.19717743573637, 4.277923188884999, 2.8995217002119507, 3.857486581959813, 4.869290212135645, 4.984237579610346, 3.0593433772625134, 3.7973972678665056, 2.598436447173569, 3.3050354355135134, 0.0, 1.7498550711416074, 2.407082977381544, 2.4741266196377256, 3.755637419932867, 3.8688508435968427, 4.274180426701709], [3.6068557733849023, 3.606727019057583, 4.842745738731283, 5.615989291300331, 6.8291573989768315, 5.250079334638668, 4.176473494468749, 4.5964959795479, 2.842045738548203, 2.6784612112181128, 2.9180062474230586, 2.184719618166139, 3.494448507275504, 1.0945947971738217, 2.1318157073255652, 2.788417798680822, 5.511199777725355, 6.117420453099492, 3.7286659303295053, 2.2375131954918164, 2.341552540516655, 3.4708974084521715, 3.815342296570518, 2.493226850890227, 4.351726418331006, 3.7748181625079638, 3.833840437472588, 1.7498550711416074, 0.0, 2.417949323290296, 3.0513818115732416, 2.5672633483926033, 3.270505144469276, 3.740730486148394], [4.81583667289496, 5.2697332057704775, 6.628355972637559, 7.501381860030857, 8.664229210379881, 7.2074113986923205, 6.032990321556964, 6.243391547868835, 4.775379219496604, 5.03882313343106, 5.2187555231108504, 3.530214877312711, 4.050186815444444, 2.1454874877286048, 1.0970986373157157, 2.1361737499557476, 7.125419357483459, 8.030952292847966, 6.087651929110271, 4.561582007374196, 4.411313259110035, 5.76902059712045, 6.003350978411974, 3.80106183585587, 5.124615284096944, 4.08500328151643, 3.8351948594562963, 2.407082977381544, 2.417949323290296, 0.0, 1.75193479616109, 2.524031895598786, 3.05963461053767, 2.42474385038915], [4.41759027638372, 4.840237831966524, 6.186662008708735, 6.926003745306525, 8.017045334785129, 6.60633027481975, 5.402806142182042, 5.4768029077190645, 4.3839439800252915, 5.16702549829203, 5.485416295961501, 2.909102309991864, 2.771973984365654, 2.178090055530303, 1.095219562462249, 2.153666701233039, 6.6779051168761, 7.332891841558827, 6.197552186145753, 4.980514573816644, 4.754267457768862, 6.291903087301965, 6.039070554315457, 3.233068587271232, 3.820145481522922, 2.8132173893959918, 2.302571123765779, 2.4741266196377256, 3.0513818115732416, 1.75193479616109, 0.0, 3.0705503187539525, 2.4939181742791807, 2.5026953490187336], [5.845725155188191, 5.760449302788802, 6.996035526639355, 7.494537673532638, 8.705235732592197, 6.777700204346604, 5.4731852764181115, 5.2994435736216685, 4.633204728910648, 4.631340257420091, 4.070625684093295, 3.434276548270392, 4.342486279771072, 2.7797957353014264, 2.1694402296445046, 1.0945541101288687, 7.764472863626996, 7.423764105896685, 5.704179406365125, 4.54830187872353, 3.0022406332604317, 4.609443009735558, 4.615483651796418, 2.937423049204864, 5.151556745295542, 4.9606462784600955, 4.028941806479711, 3.755637419932867, 2.5672633483926033, 2.524031895598786, 3.0705503187539525, 0.0, 1.7758648766164615, 1.7713193359753063], [5.618988742647559, 5.48985771491393, 6.705667147271776, 7.05287435447421, 8.192622833989125, 6.275803046622799, 4.911401190088222, 4.506716326772742, 4.3665003538302845, 4.916040384293033, 4.5566846259095, 2.9154046906047193, 3.259809262825051, 2.8916942075537655, 2.175467409546739, 1.0937074105993796, 7.473918547187949, 6.80115689423498, 5.969205097833379, 5.099584137946937, 3.6292266393820047, 5