{"total energy": -34.68621767, "HOMO-LUMO gap/eV": 10.88234302, "electronic energy": -35.11838752, "dipole": [0.05051138, 0.09404404, -0.65844135], "partial charges": [-0.10549245, 0.01678413, -0.10323748, -0.02540626, -0.06174448, -0.06451277, 0.00142599, -0.0994388, 0.11522729, -0.44617045, -0.06656665, 0.03289837, 0.0548614, 0.02908765, 0.03305696, 0.03440717, 0.03412328, 0.02635743, 0.02859406, 0.03077917, 0.02405099, 0.03170273, 0.04031105, 0.02451502, 0.03788686, 0.00620255, 0.28566787, 0.03154021, 0.05308915], "atomic dipole moments": [[-0.0169426, 0.08035231, -0.07319548], [0.00474246, 0.01183285, -0.00481099], [0.07744361, 0.02370025, 0.06038277], [0.08912771, -0.0067153, -0.06146917], [0.06509164, -0.09815224, 0.00738931], [-0.02965152, -0.03309449, 0.10317265], [0.00319608, 0.01994628, 0.01499163], [-0.03513878, 0.06692254, 0.05466002], [0.01992644, -0.15173087, 0.08221638], [-0.03239641, 0.12868422, -0.19378441], [-0.00580163, -0.04606825, -0.11378591], [0.02543676, -0.10958116, -0.05754889], [0.08787651, 0.00487947, 0.09770159], [-0.10427894, -0.02144872, 0.06532829], [-0.10905354, -0.01150445, 0.06378047], [-0.03185774, 0.0806944, -0.09416299], [0.01457059, -0.10939799, -0.0610883], [-0.10630862, 0.01636686, 0.083299], [0.04163465, 0.11930535, 0.02910546], [-0.1141098, 0.01189212, -0.05450224], [0.0945144, 0.08324481, -0.02850325], [-0.06265526, -0.01867677, -0.11054983], [0.0306597, -0.10878431, 0.05735842], [0.10446337, 0.04201309, -0.05383841], [-0.07658581, -0.03286987, -0.09660894], [0.08562553, 0.08409831, -0.02858481], [0.04994704, -0.0164383, -0.05855882], [0.03118911, 0.1227738, 0.020671], [-0.00084964, -0.05899476, 0.12086924]], "atomic quadrupole moments": [[-0.07850434, -0.0027339, 0.08029526, 0.02599555, -0.13211165, -0.00179092], [-0.01006246, 0.01185492, 0.0246539, -0.00731057, 0.01753568, -0.01459144], [0.05438041, 0.06200154, -0.05393129, 0.1282571, 0.01083103, -0.00044912], [-0.04844375, -0.0207305, 0.03720779, 0.08636346, -0.00014021, 0.01123596], [-0.09545409, -0.09284471, -0.02614696, -0.13191375, -0.05655211, 0.12160104], [-0.04115706, -0.17003125, 0.05569209, -0.09915534, -0.02783542, -0.01453504], [-0.01063114, -0.08255067, -0.01146833, -0.03282021, 0.05515527, 0.02209948], [-0.03831017, -0.08581026, 0.02961225, -0.07829186, 0.11753817, 0.00869792], [-0.03139992, -0.2926588, 0.04629728, 0.12482462, -0.08376593, -0.01489736], [-0.03131057, -0.10476607, 0.03990226, 0.03406549, -0.08649382, -0.00859169], [0.17643816, -0.06614936, -0.15606543, -0.00997161, 0.10841861, -0.02037272], [-0.04781172, -0.02461809, 0.03415802, -0.01307715, 0.05390116, 0.0136537], [0.02789031, 0.03925572, -0.01785601, 0.05580228, 0.02048812, -0.0100343], [0.06752876, -0.00153264, -0.04687373, -0.04489849, -0.01418362, -0.02065502], [0.03278081, 0.00745229, -0.05379927, -0.05554328, -0.00620741, 0.02101846], [-0.04277017, 0.01238012, 0.04412536, 0.00427751, -0.06379182, -0.0013552], [-0.03026172, -0.03637182, 0.05313363, -0.0020217, 0.04506852, -0.02287191], [0.02018619, -0.01195019, -0.03156836, -0.02305837, -0.00382221, 0.01138217], [-0.0062004, 0.02791331, 0.02619992, 0.00742012, 0.02499827, -0.01999953], [0.03801422, 4.718e-05, -0.03615389, 0.0258591, 0.01212428, -0.00186033], [0.02569049, 0.03762683, -0.0017895, -0.00634795, 0.0034448, -0.02390098], [0.01079418, 0.00739582, -0.02618049, 0.02877165, 0.02864262, 0.01538631], [-0.04457005, -0.02349743, 0.03589224, 0.01002683, -0.05484385, 0.00867781], [0.04327434, 0.04727112, -0.0129225, -0.04429356, -0.01305255, -0.03035184], [0.02330793, 0.00653918, -0.03723958, 0.06011164, 0.02197342, 0.01393165], [0.00637842, -0.01156869, 0.01333188, -0.00316434, -0.02705632, -0.0197103], [0.01624414, -0.06625647, -0.0355577, -0.09287838, 0.02913566, 0.01931357], [-0.02341213, 0.01355764, 0.05153858, -0.00401285, 0.00669879, -0.02812645], [-0.02575948, 0.00104009, 0.00665214, 0.00300098, -0.0438906, 0.01910735]], "number of molecular orbitals": 62, "number of electrons": 64, "number of unpaired electrons": 0, "orbital energies/eV": [-18.44135712, -17.62963221, -16.77036588, -16.70464749, -16.56997686, -16.02687012, -15.72987977, -15.59271652, -15.45982701, -15.26196968, -14.83687588, -14.47366266, -14.14621889, -14.07336914, -13.79701012, -13.51370656, -13.17371348, -12.97915004, -12.82225529, -12.71403877, -12.61204314, -12.50416265, -12.25990127, -12.20998924, -11.97096577, -11.75170377, -11.68732084, -11.56169675, -11.42985947, -11.16379294, -11.06865137, -10.62671028, 0.25563274, 0.48553837, 0.83638609, 1.70333146, 1.87018455, 2.47000381, 2.66260504, 2.85285616, 2.95562964, 3.12907718, 3.25527421, 3.98692817, 4.25079808, 4.52447951, 4.78118867, 5.10573954, 5.29444607, 5.70682668, 6.10158253, 6.14551831, 6.18851646, 6.2313887, 6.49360591, 6.8839932, 7.20492884, 7.66752909, 7.98696376, 8.58036797, 8.87397318, 9.16529711], "fractional occupation": [2.0, 2.0, 2.0, 2.0, 2.0, 2.0, 2.0, 2.0, 2.0, 2.0, 2.0, 2.0, 2.0, 2.0, 2.0, 2.0, 2.0, 2.0, 2.0, 2.0, 2.0, 2.0, 2.0, 2.0, 2.0, 2.0, 2.0, 2.0, 2.0, 2.0, 2.0, 2.0, 0.0, 0.0, 0.0, 0.0, 0.0, 0.0, 0.0, 0.0, 0.0, 0.0, 0.0, 0.0, 0.0, 0.0, 0.0, 0.0, 0.0, 0.0, 0.0, 0.0, 0.0, 0.0, 0.0, 0.0, 0.0, 0.0, 0.0, 0.0, 0.0, 0.0], "program call": "xtb /home/svss/Project-DBcg-Debug/aqme2_20220329/End-to-End-workflows-final/example-3/QDESCP/mol_750_rdkit_conf_3/mol_750_rdkit_conf_3.xyz --pop --wbo --acc 0.2 --gfn 2 --chrg 0 --uhf 0 --etemp 300 --input /home/svss/Project-DBcg-Debug/aqme2_20220329/End-to-End-workflows-final/example-3/QDESCP/mol_750_rdkit_conf_3/mol_750_rdkit_conf_3_xtb.inp", "method": "GFN2-xTB", "xtb version": "6.3.3 (7355c4f)", "Dipole module/D": 1.695, "Total charge": 0, "Transition dipole module/D": NaN, "HOMO": -10.6267, "LUMO": 0.2556, "HOMO occupancy": 2.0, "LUMO occupancy": 0, "mulliken charges": [-0.0944, 0.01837, -0.09628, -0.02478, -0.05476, -0.06275, -0.00855, -0.09153, 0.21187, -0.56486, -0.06422, 0.02846, 0.04652, 0.02533, 0.0306, 0.03072, 0.03007, 0.02508, 0.02513, 0.02681, 0.02302, 0.02882, 0.03449, 0.02396, 0.03282, 0.01035, 0.3356, 0.02594, 0.04818], "cm5 charges": [-0.23973, -0.00615, -0.24239, -0.08774, -0.16109, -0.16753, -0.03008, -0.23633, 0.17084, -0.77859, -0.16577, 0.08121, 0.10491, 0.07745, 0.08263, 0.08463, 0.0824, 0.08271, 0.08017, 0.08199, 0.07845, 0.0846, 0.08911, 0.07669, 0.0854, 0.07752, 0.50582, 0.08172, 0.10714], "FUKUI+": [0.013, -0.026, 0.01, -0.014, 0.002, -0.013, -0.037, 0.027, -0.016, -0.066, 0.011, -0.041, -0.026, -0.044, -0.05, -0.033, -0.042, -0.057, -0.049, -0.053, -0.05, -0.054, -0.037, -0.04, -0.047, -0.075, -0.066, -0.063, -0.065], "FUKUI-": [0.021, -0.028, 0.02, -0.005, 0.015, 0.016, -0.033, 0.025, 0.0, -0.097, 0.012, -0.046, -0.039, -0.072, -0.056, -0.033, -0.047, -0.048, -0.059, -0.058, -0.06, -0.066, -0.029, -0.054, -0.049, -0.085, -0.046, -0.06, -0.042], "FUKUIrad": [0.017, -0.027, 0.015, -0.01, 0.009, 0.001, -0.035, 0.026, -0.008, -0.081, 0.012, -0.043, -0.032, -0.058, -0.053, -0.033, -0.044, -0.053, -0.054, -0.055, -0.055, -0.06, -0.033, -0.047, -0.048, -0.08, -0.056, -0.061, -0.053], "s proportion": [1.015, 1.094, 1.016, 1.068, 1.036, 1.041, 1.104, 1.01, 1.023, 1.697, 1.042, 0.972, 0.953, 0.975, 0.969, 0.969, 0.97, 0.975, 0.975, 0.973, 0.977, 0.971, 0.966, 0.976, 0.967, 0.99, 0.664, 0.974, 0.952], "p proportion": [3.08, 2.888, 3.08, 2.957, 3.018, 3.022, 2.904, 3.082, 2.765, 4.868, 3.022, 0.0, 0.0, 0.0, 0.0, 0.0, 0.0, 0.0, 0.0, 0.0, 0.0, 0.0, 0.0, 0.0, 0.0, 0.0, 0.0, 0.0, 0.0], "d proportion": [0.0, 0.0, 0.0, 0.0, 0.0, 0.0, 0.0, 0.0, 0.0, 0.0, 0.0, 0.0, 0.0, 0.0, 0.0, 0.0, 0.0, 0.0, 0.0, 0.0, 0.0, 0.0, 0.0, 0.0, 0.0, 0.0, 0.0, 0.0, 0.0], "Fermi-level/eV": -5.1855, "Coordination numbers": [3.754, 3.931, 3.754, 3.98, 3.824, 3.826, 4.023, 3.75, 3.745, 1.654, 3.822, 0.924, 0.924, 0.924, 0.924, 0.924, 0.924, 0.924, 0.924, 0.924, 0.924, 0.924, 0.924, 0.924, 0.924, 0.924, 0.804, 0.924, 0.924], "Dispersion coefficient C6": [22.573, 20.229, 22.53, 20.952, 21.667, 21.717, 20.478, 22.462, 18.761, 21.767, 21.757, 2.546, 2.26, 2.6, 2.544, 2.525, 2.529, 2.639, 2.607, 2.576, 2.673, 2.562, 2.445, 2.666, 2.477, 2.953, 0.766, 2.565, 2.282], "Total dispersion C6": 6195.418543, "Total dispersion C8": 134003.272613, "Polarizability alpha": [6.775, 6.392, 6.768, 6.503, 6.624, 6.631, 6.428, 6.759, 6.178, 6.298, 6.638, 2.495, 2.351, 2.521, 2.494, 2.485, 2.487, 2.54, 2.525, 2.51, 2.557, 2.503, 2.445, 2.553, 2.461, 2.687, 1.375, 2.504, 2.362], "Total polarizability alpha": 115.852378, "Wiberg matrix": [[0.0, 1.0011186788491753, 0.0, 0.0, 0.0, 0.0, 0.0, 0.0, 0.0, 0.0, 0.0, 0.9838040824564226, 0.9794062899744773, 0.9846127652938576, 0.0, 0.0, 0.0, 0.0, 0.0, 0.0, 0.0, 0.0, 0.0, 0.0, 0.0, 0.0, 0.0, 0.0, 0.0], [1.0011186788491753, 0.0, 0.9990828453886245, 0.9699363991527337, 0.0, 0.0, 0.9541583245097299, 0.0, 0.0, 0.0, 0.0, 0.0, 0.0, 0.0, 0.0, 0.0, 0.0, 0.0, 0.0, 0.0, 0.0, 0.0, 0.0, 0.0, 0.0, 0.0, 0.0, 0.0, 0.0], [0.0, 0.9990828453886245, 0.0, 0.0, 0.0, 0.0, 0.0, 0.0, 0.0, 0.0, 0.0, 0.0, 0.0, 0.0, 0.9849077011828411, 0.9812919574750113, 0.984460461388712, 0.0, 0.0, 0.0, 0.0, 0.0, 0.0, 0.0, 0.0, 0.0, 0.0, 0.0, 0.0], [0.0, 0.9699363991527337, 0.0, 0.0, 0.995928308700252, 0.0, 0.0, 0.0, 0.0, 0.0, 0.9950640919773999, 0.0, 0.0, 0.0, 0.0, 0.0, 0.0, 0.9720159870541519, 0.0, 0.0, 0.0, 0.0, 0.0, 0.0, 0.0, 0.0, 0.0, 0.0, 0.0], [0.0, 0.0, 0.0, 0.995928308700252, 0.0, 1.0021575588055478, 0.0, 0.0, 0.0, 0.0, 0.0, 0.0, 0.0, 0.0, 0.0, 0.0, 0.0, 0.0, 0.9795878178081425, 0.9794223847230255, 0.0, 0.0, 0.0, 0.0, 0.0, 0.0, 0.0, 0.0, 0.0], [0.0, 0.0, 0.0, 0.0, 1.0021575588055478, 0.0, 0.9804784686693729, 0.0, 0.0, 0.0, 0.0, 0.0, 0.0, 0.0, 0.0, 0.0, 0.0, 0.0, 0.0, 0.0, 0.9795810643012619, 0.9775808277110201, 0.0, 0.0, 0.0, 0.0, 0.0, 0.0, 0.0], [0.0, 0.9541583245097299, 0.0, 0.0, 0.0, 0.9804784686693729, 0.0, 1.0100604341161066, 0.9561310399749979, 0.0, 0.0, 0.0, 0.0, 0.0, 0.0, 0.0, 0.0, 0.0, 0.0, 0.0, 0.0, 0.0, 0.0, 0.0, 0.0, 0.0, 0.0, 0.0, 0.0], [0.0, 0.0, 0.0, 0.0, 0.0, 0.0, 1.0100604341161066, 0.0, 0.0, 0.0, 0.0, 0.0, 0.0, 0.0, 0.0, 0.0, 0.0, 0.0, 0.0, 0.0, 0.0, 0.0, 0.9809528002786769, 0.9840340027294624, 0.9822417785306328, 0.0, 0.0, 0.0, 0.0], [0.0, 0.0, 0.0, 0.0, 0.0, 0.0, 0.9561310399749979, 0.0, 0.0, 0.9880287772430951, 0.989267637572035, 0.0, 0.0, 0.0, 0.0, 0.0, 0.0, 0.0, 0.0, 0.0, 0.0, 0.0, 0.0, 0.0, 0.0, 0.9661907983541054, 0.0, 0.0, 0.0], [0.0, 0.0, 0.0, 0.0, 0.0, 0.0, 0.0, 0.0, 0.9880287772430951, 0.0, 0.0, 0.0, 0.0, 0.0, 0.0, 0.0, 0.0, 0.0, 0.0, 0.0, 0.0, 0.0, 0.0, 0.0, 0.0, 0.0, 0.8997068339179426, 0.0, 0.0], [0.0, 0.0, 0.0, 0.9950640919773999, 0.0, 0.0, 0.0, 0.0, 0.989267637572035, 0.0, 0.0, 0.0, 0.0, 0.0, 0.0, 0.0, 0.0, 0.0, 0.0, 0.0, 0.0, 0.0, 0.0, 0.0, 0.0, 0.0, 0.0, 0.9784874467838627, 0.9729988700690965], [0.9838040824564226, 0.0, 0.0, 0.0, 0.0, 0.0, 0.0, 0.0, 0.0, 0.0, 0.0, 0.0, 0.0, 0.0, 0.0, 0.0, 0.0, 0.0, 0.0, 0.0, 0.0, 0.0, 0.0, 0.0, 0.0, 0.0, 0.0, 0.0, 0.0], [0.9794062899744773, 0.0, 0.0, 0.0, 0.0, 0.0, 0.0, 0.0, 0.0, 0.0, 0.0, 0.0, 0.0, 0.0, 0.0, 0.0, 0.0, 0.0, 0.0, 0.0, 0.0, 0.0, 0.0, 0.0, 0.0, 0.0, 0.0, 0.0, 0.0], [0.9846127652938576, 0.0, 0.0, 0.0, 0.0, 0.0, 0.0, 0.0, 0.0, 0.0, 0.0, 0.0, 0.0, 0.0, 0.0, 0.0, 0.0, 0.0, 0.0, 0.0, 0.0, 0.0, 0.0, 0.0, 0.0, 0.0, 0.0, 0.0, 0.0], [0.0, 0.0, 0.9849077011828411, 0.0, 0.0, 0.0, 0.0, 0.0, 0.0, 0.0, 0.0, 0.0, 0.0, 0.0, 0.0, 0.0, 0.0, 0.0, 0.0, 0.0, 0.0, 0.0, 0.0, 0.0, 0.0, 0.0, 0.0, 0.0, 0.0], [0.0, 0.0, 0.9812919574750113, 0.0, 0.0, 0.0, 0.0, 0.0, 0.0, 0.0, 0.0, 0.0, 0.0, 0.0, 0.0, 0.0, 0.0, 0.0, 0.0, 0.0, 0.0, 0.0, 0.0, 0.0, 0.0, 0.0, 0.0, 0.0, 0.0], [0.0, 0.0, 0.984460461388712, 0.0, 0.0, 0.0, 0.0, 0.0, 0.0, 0.0, 0.0, 0.0, 0.0, 0.0, 0.0, 0.0, 0.0, 0.0, 0.0, 0.0, 0.0, 0.0, 0.0, 0.0, 0.0, 0.0, 0.0, 0.0, 0.0], [0.0, 0.0, 0.0, 0.9720159870541519, 0.0, 0.0, 0.0, 0.0, 0.0, 0.0, 0.0, 0.0, 0.0, 0.0, 0.0, 0.0, 0.0, 0.0, 0.0, 0.0, 0.0, 0.0, 0.0, 0.0, 0.0, 0.0, 0.0, 0.0, 0.0], [0.0, 0.0, 0.0, 0.0, 0.9795878178081425, 0.0, 0.0, 0.0, 0.0, 0.0, 0.0, 0.0, 0.0, 0.0, 0.0, 0.0, 0.0, 0.0, 0.0, 0.0, 0.0, 0.0, 0.0, 0.0, 0.0, 0.0, 0.0, 0.0, 0.0], [0.0, 0.0, 0.0, 0.0, 0.9794223847230255, 0.0, 0.0, 0.0, 0.0, 0.0, 0.0, 0.0, 0.0, 0.0, 0.0, 0.0, 0.0, 0.0, 0.0, 0.0, 0.0, 0.0, 0.0, 0.0, 0.0, 0.0, 0.0, 0.0, 0.0], [0.0, 0.0, 0.0, 0.0, 0.0, 0.9795810643012619, 0.0, 0.0, 0.0, 0.0, 0.0, 0.0, 0.0, 0.0, 0.0, 0.0, 0.0, 0.0, 0.0, 0.0, 0.0, 0.0, 0.0, 0.0, 0.0, 0.0, 0.0, 0.0, 0.0], [0.0, 0.0, 0.0, 0.0, 0.0, 0.9775808277110201, 0.0, 0.0, 0.0, 0.0, 0.0, 0.0, 0.0, 0.0, 0.0, 0.0, 0.0, 0.0, 0.0, 0.0, 0.0, 0.0, 0.0, 0.0, 0.0, 0.0, 0.0, 0.0, 0.0], [0.0, 0.0, 0.0, 0.0, 0.0, 0.0, 0.0, 0.9809528002786769, 0.0, 0.0, 0.0, 0.0, 0.0, 0.0, 0.0, 0.0, 0.0, 0.0, 0.0, 0.0, 0.0, 0.0, 0.0, 0.0, 0.0, 0.0, 0.0, 0.0, 0.0], [0.0, 0.0, 0.0, 0.0, 0.0, 0.0, 0.0, 0.9840340027294624, 0.0, 0.0, 0.0, 0.0, 0.0, 0.0, 0.0, 0.0, 0.0, 0.0, 0.0, 0.0, 0.0, 0.0, 0.0, 0.0, 0.0, 0.0, 0.0, 0.0, 0.0], [0.0, 0.0, 0.0, 0.0, 0.0, 0.0, 0.0, 0.9822417785306328, 0.0, 0.0, 0.0, 0.0, 0.0, 0.0, 0.0, 0.0, 0.0, 0.0, 0.0, 0.0, 0.0, 0.0, 0.0, 0.0, 0.0, 0.0, 0.0, 0.0, 0.0], [0.0, 0.0, 0.0, 0.0, 0.0, 0.0, 0.0, 0.0, 0.9661907983541054, 0.0, 0.0, 0.0, 0.0, 0.0, 0.0, 0.0, 0.0, 0.0, 0.0, 0.0, 0.0, 0.0, 0.0, 0.0, 0.0, 0.0, 0.0, 0.0, 0.0], [0.0, 0.0, 0.0, 0.0, 0.0, 0.0, 0.0, 0.0, 0.0, 0.8997068339179426, 0.0, 0.0, 0.0, 0.0, 0.0, 0.0, 0.0, 0.0, 0.0, 0.0, 0.0, 0.0, 0.0, 0.0, 0.0, 0.0, 0.0, 0.0, 0.0], [0.0, 0.0, 0.0, 0.0, 0.0, 0.0, 0.0, 0.0, 0.0, 0.0, 0.9784874467838627, 0.0, 0.0, 0.0, 0.0, 0.0, 0.0, 0.0, 0.0, 0.0, 0.0, 0.0, 0.0, 0.0, 0.0, 0.0, 0.0, 0.0, 0.0], [0.0, 0.0, 0.0, 0.0, 0.0, 0.0, 0.0, 0.0, 0.0, 0.0, 0.9729988700690965, 0.0, 0.0, 0.0, 0.0, 0.0, 0.0, 0.0, 0.0, 0.0, 0.0, 0.0, 0.0, 0.0, 0.0, 0.0, 0.0, 0.0, 0.0]], "Born radii": [], "Atomic SASAs": [], "Solvent H bonds": [], "Total SASA": NaN, "Total FOD": 0.0, "FOD": [0.0, 0.0, 0.0, 0.0, 0.0, 0.0, 0.0, 0.0, 0.0, 0.0, 0.0, 0.0, 0.0, 0.0, 0.0, 0.0, 0.0, 0.0, 0.0, 0.0, 0.0, 0.0, 0.0, 0.0, 0.0, 0.0, 0.0, 0.0, 0.0], "FOD s proportion": [0.0, 0.0, 0.0, 0.0, 0.0, 0.0, 0.0, 0.0, 0.0, 0.0, 0.0, 0.0, 0.0, 0.0, 0.0, 0.0, 0.0, 0.0, 0.0, 0.0, 0.0, 0.0, 0.0, 0.0, 0.0, 0.0, 0.0, 0.0, 0.0], "FOD p proportion": [0.0, 0.0, 0.0, 0.0, 0.0, 0.0, 0.0, 0.0, 0.0, 0.0, 0.0, 0.0, 0.0, 0.0, 0.0, 0.0, 0.0, 0.0, 0.0, 0.0, 0.0, 0.0, 0.0, 0.0, 0.0, 0.0, 0.0, 0.0, 0.0], "FOD d proportion": [0.0, 0.0, 0.0, 0.0, 0.0, 0.0, 0.0, 0.0, 0.0, 0.0, 0.0, 0.0, 0.0, 0.0, 0.0, 0.0, 0.0, 0.0, 0.0, 0.0, 0.0, 0.0, 0.0, 0.0, 0.0, 0.0, 0.0, 0.0, 0.0], "coordinates": [["-0.58700", "-1.65930", "1.18160"], ["-0.72160", "-0.47660", "0.20290"], ["-1.91690", "-0.82360", "-0.71060"], ["-0.83580", "0.90520", "0.89530"], ["-0.83700", "1.90050", "-0.28650"], ["0.12840", "1.24430", "-1.28900"], ["0.58090", "-0.04490", "-0.54360"], ["1.19860", "-1.07380", "-1.47250"], ["1.51850", "0.45400", "0.59950"], ["2.26900", "-0.58200", "1.21020"], ["0.52760", "1.06450", "1.61000"], ["-0.36210", "-2.58570", "0.64140"], ["0.18300", "-1.53970", "1.94420"], ["-1.52840", "-1.81260", "1.72280"], ["-2.83420", "-0.91840", "-0.11760"], ["-2.12390", "-0.08830", "-1.49070"], ["-1.74930", "-1.78030", "-1.21850"], ["-1.68980", "1.03010", "1.56520"], ["-0.50010", "2.90040", "0.00660"], ["-1.83670", "2.00620", "-0.72090"], ["0.96880", "1.90540", "-1.52840"], ["-0.38130", "1.02200", "-2.23280"], ["1.45240", "-1.99730", "-0.94310"], ["2.11630", "-0.68440", "-1.92640"], ["0.51420", "-1.33740", "-2.28550"], ["2.23090", "1.21020", "0.25050"], ["2.91580", "-0.90020", "0.55810"], ["0.75650", "2.11810", "1.80470"], ["0.54310", "0.54360", "2.57300"]], "bond_dist": [[0.0, 1.5410224333214622, 2.459156225212217, 2.5923983837365734, 3.8587554535108857, 3.878988847625113, 2.6356389756565677, 3.251987764429626, 3.039409079080998, 3.0525610968496597, 2.974045419962513, 1.095724878790292, 1.0903040493366976, 1.0966459273621547, 2.699400172260497, 3.459955187571076, 2.66946854261293, 2.9319258449012655, 4.709462888695482, 4.314759157820979, 4.740432441244153, 4.346240851586575, 2.9644133399376, 4.232956992458108, 3.6519917113816125, 4.128139759019794, 3.6379380011209643, 4.05733861293336, 2.840050770672947], [1.5410224333214622, 0.0, 1.543901985230928, 1.5497840623777237, 2.429698320779763, 2.4310002920608627, 1.5620926316963408, 2.6173996714296424, 2.4579169900547906, 3.157443714462698, 2.432163699260393, 2.183992973889797, 2.231727685001017, 2.1785128528425073, 2.181968434693774, 2.2328240279968323, 2.1854470801188484, 2.25020386187563, 3.3899446809645726, 2.8742216842129626, 3.395405108378086, 2.8799723158391646, 2.890003544980525, 3.5539802672496648, 2.9086616922564232, 3.40070819830223, 3.6791687593803033, 3.3886591655107483, 2.87361238513478], [2.459156225212217, 1.543901985230928, 0.0, 2.595465557467485, 2.9608724440610406, 2.9654694501882837, 2.621691730543467, 3.217053294553884, 3.8923767713313673, 4.61189787506185, 3.863377566327164, 2.711144306376922, 3.4598182408906974, 2.655275656123108, 1.0963919600215974, 1.0918200859115936, 1.096050664887349, 2.943984330800692, 4.048440944363644, 2.8309549925775928, 4.055058856539569, 2.8427802517957663, 3.5754454869288668, 4.214765535590326, 2.941861257775424, 4.718506171448756, 4.99704478066787, 4.703977098158536, 4.3246808899617095], [2.5923983837365734, 1.5497840623777237, 2.595465557467485, 0.0, 1.5450808296008336, 2.4116046400685165, 2.2316276817605574, 3.696173859547194, 2.4153276320201362, 3.456979735260246, 1.547589137982042, 3.532030536391213, 2.8488033733481855, 2.9241901186482386, 2.8887862381976275, 2.8877742051621698, 3.5375899903748036, 1.092557559124461, 2.2098201782045526, 2.1968396049780243, 3.182970764867312, 3.163103238909536, 4.127963184186603, 4.382204178264631, 4.119374151494374, 3.14856172402575, 4.1770414841128884, 2.1985345255419575, 2.20154424438847], [3.8587554535108857, 2.429698320779763, 2.9608724440610406, 1.5450808296008336, 0.0, 1.5387013517898787, 2.420975419123457, 3.794301496982021, 2.9027122661400666, 4.248547179919272, 2.4814796815609834, 4.605705033976883, 4.225091541020147, 4.278134179756404, 3.4588339451323766, 2.6573548295250298, 3.9050229103041127, 2.2166769927077783, 1.0950841200565369, 1.0951145784802612, 2.191632555881574, 2.183462486510817, 4.567857348910975, 4.253582126866719, 4.0380365092455515, 3.1901243706162927, 4.758232601502368, 2.6381261247332355, 3.45291092702954], [3.878988847625113, 2.4310002920608627, 2.9654694501882837, 2.4116046400685165, 1.5387013517898787, 0.0, 1.5564106302643912, 2.5598023165861856, 2.4745473020332427, 3.76344797891508, 2.9318747722233978, 4.316935766258284, 4.266991844379363, 4.600061205027602, 3.85051269443434, 2.6247592156234067, 3.560748895948716, 3.3908981877962656, 2.1945976442163606, 2.182853002380142, 1.0957361589360826, 1.0954313397013982, 3.518606737048061, 2.8421662266658507, 2.794106078873885, 2.6060946471684407, 3.9724372141042075, 3.27551762932212, 3.9468975892465212], [2.6356389756565677, 1.5620926316963408, 2.621691730543467, 2.2316276817605574, 2.420975419123457, 1.5564106302643912, 0.0, 1.5175782385102918, 1.5603437377706233, 2.49278407809421, 2.4231389167771624, 2.957894291552692, 2.9294880593714665, 3.565175835775846, 3.550688138938704, 2.866151602759351, 2.9827730738358222, 3.2800519706248554, 3.1852901170850987, 3.175411195420209, 2.219001473636284, 2.217543931921079, 2.175081207679382, 2.1629954345767817, 2.1700739042714647, 2.2199934279181996, 2.7197498028311355, 3.197486082846961, 3.171901109744754], [3.251987764429626, 2.6173996714296424, 3.217053294553884, 3.696173859547194, 3.794301496982021, 2.5598023165861856, 1.5175782385102918, 0.0, 2.594165154727046, 2.929932198874233, 3.8110856904561983, 3.0315341512178287, 3.5947663428935126, 4.265242845372348, 4.2571562116041735, 3.4656237158699152, 3.0420014234053214, 4.690082201838258, 4.568105092924198, 4.389117069525487, 2.988572483644993, 2.732492953330347, 1.0943176184271182, 1.0953679107952723, 1.0949234311128793, 3.041550310285858, 2.6650045328291654, 4.596054597151778, 4.405874857505601], [3.039409079080998, 2.4579169900547906, 3.8923767713313673, 2.4153276320201362, 2.9027122661400666, 2.4745473020332427, 1.5603437377706233, 2.594165154727046, 0.0, 1.4175686015145792, 1.5413316677470816, 3.5746591529822815, 2.7507486308276152, 3.9601613679242917, 4.619925482083018, 4.234395244896253, 4.356114935352372, 3.3996553634155333, 3.226631266506912, 3.925576141154315, 2.633759757457008, 3.4574249565247257, 2.8970425713130283, 2.834341230339071, 3.5413214270946938, 1.0959713499905006, 1.9462833529576313, 2.1914332866870487, 2.203210287285351], [3.0525610968496597, 3.157443714462698, 4.61189787506185, 3.456979735260246, 4.248547179919272, 3.76344797891508, 2.49278407809421, 2.929932198874233, 1.4175686015145792, 0.0, 2.4296658720902347, 3.3557464653933557, 2.4098425861454107, 4.024597107786071, 5.283830811068802, 5.180363974664329, 4.8457446765177385, 4.289171114562812, 4.609086409474224, 5.223475752791431, 3.9214294281549935, 4.631539170729316, 2.703074275709049, 3.1419838653309466, 3.9837006275572464, 2.033336307648098, 0.9720266920203372, 3.151448319423944, 2.470410899020647], [2.974045419962513, 2.432163699260393, 3.863377566327164, 1.547589137982042, 2.4814796815609834, 2.9318747722233978, 2.4231389167771624, 3.8110856904561983, 1.5413316677470816, 2.4296658720902347, 0.0, 3.879911350791407, 2.64807410017167, 3.5380169940236295, 4.268277569465229, 4.239544855288123, 4.612761960040861, 2.218119284438959, 2.6452953823722596, 3.4510589954389363, 3.2789212875578455, 3.949052709194954, 4.092455728532686, 4.253086392256804, 4.5764859248117435, 2.184193130197053, 3.2665025547211806, 1.0956168399582036, 1.094963953744597], [1.095724878790292, 2.183992973889797, 2.711144306376922, 3.532030536391213, 4.605705033976883, 4.316935766258284, 2.957894291552692, 3.0315341512178287, 3.5746591529822815, 3.3557464653933557, 3.879911350791407, 0.0, 1.7574236398774201, 1.7684358229802972, 3.0768894520278107, 3.7264992164228348, 2.4560580225230835, 3.9610861351402096, 5.524428318839878, 5.011571815309046, 5.162296587760141, 4.612688323526748, 2.4797711708946046, 4.043637606166013, 3.3004390904847796, 4.613600396653355, 3.68679773651878, 4.972953578106274, 3.7872132353486516], [1.0903040493366976, 2.231727685001017, 3.4598182408906974, 2.8488033733481855, 4.225091541020147, 4.266991844379363, 2.9294880593714665, 3.5947663428935126, 2.7507486308276152, 2.4098425861454107, 2.64807410017167, 1.7574236398774201, 0.0, 1.7471068456164895, 3.706821923157356, 4.384847497918257, 3.714073631472591, 3.202326167022966, 4.892382587247241, 4.873946338440751, 4.9543058454237565, 4.9323493773251705, 3.187048071491862, 4.410298327777839, 4.247467577274722, 3.8241945701023115, 3.130244287591625, 3.7051131345749755, 2.2057199142230184], [1.0966459273621547, 2.1785128528425073, 2.655275656123108, 2.9241901186482386, 4.278134179756404, 4.600061205027602, 3.565175835775846, 4.265242845372348, 3.9601613679242917, 4.024597107786071, 3.5380169940236295, 1.7684358229802972, 1.7471068456164895, 0.0, 2.427298794957061, 3.6951878152537794, 2.9497602936509946, 2.851636549422103, 5.120069563004003, 4.544221827772056, 5.5344225787339365, 4.999756687079882, 4.003286842083639, 5.279520240514284, 4.523770406419849, 5.043542764763674, 4.684006136844827, 4.54729349283725, 3.25048161508414], [2.699400172260497, 2.181968434693774, 1.0963919600215974, 2.8887862381976275, 3.4588339451323766, 3.85051269443434, 3.550688138938704, 4.2571562116041735, 4.619925482083018, 5.283830811068802, 4.268277569465229, 3.0768894520278107, 3.706821923157356, 2.427298794957061, 0.0, 1.7547067304823334, 1.769706311793005, 2.8174668498493465, 4.477352106993597, 3.148374548874387, 4.942369075655924, 3.77570412108788, 4.496711578475987, 5.275790337949377, 4.010876957723834, 5.506511924984817, 5.789594262985965, 5.0802259821783515, 4.558829635992115], [3.459955187571076, 2.2328240279968323, 1.0918200859115936, 2.8877742051621698, 2.6573548295250298, 2.6247592156234067, 2.866151602759351, 3.4656237158699152, 4.234395244896253, 5.180363974664329, 4.239544855288123, 3.7264992164228348, 4.384847497918257, 3.6951878152537794, 1.7547067304823334, 0.0, 1.7542183444486035, 3.282953880273069, 3.716310188883592, 2.249890248434354, 3.6798171517074048, 2.195480188933619, 4.090729574293563, 4.304005778341845, 3.02514949382671, 4.86643223830354, 5.500485354948234, 4.901486129736572, 4.901616498666536], [2.66946854261293, 2.1854470801188484, 1.096050664887349, 3.5375899903748036, 3.9050229103041127, 3.560748895948716, 2.9827730738358222, 3.0420014234053214, 4.356114935352372, 4.8457446765177385, 4.612761960040861, 2.4560580225230835, 3.714073631472591, 2.9497602936509946, 1.769706311793005, 1.7542183444486035, 0.0, 3.9561185649573245, 4.9970314327608545, 3.82005585953923, 4.590042495445984, 3.279194074768982, 3.2208410469937814, 4.079826292870813, 2.541275597018159, 5.1906688673040975, 5.068929036788737, 5.533199295163694, 5.003107156557813], [2.9319258449012655, 2.25020386187563, 2.943984330800692, 1.092557559124461, 2.2166769927077783, 3.3908981877962656, 3.2800519706248554, 4.690082201838258, 3.3996553634155333, 4.289171114562812, 2.218119284438959, 3.9610861351402096, 3.202326167022966, 2.851636549422103, 2.8174668498493465, 3.282953880273069, 3.9561185649573245, 0.0, 2.7097310087903557, 2.4901012087865024, 4.171889860722596, 4.017093708142741, 5.032905770029874, 5.442166665952081, 5.028972334384034, 4.139173901879456, 5.09429679740001, 2.688026774420225, 2.4976359822840477], [4.709462888695482, 3.3899446809645726, 4.048440944363644, 2.2098201782045526, 1.0950841200565369, 2.1945976442163606, 3.1852901170850987, 4.568105092924198, 3.226631266506912, 4.609086409474224, 2.6452953823722596, 5.524428318839878, 4.892382587247241, 5.120069563004003, 4.477352106993597, 3.716310188883592, 4.9970314327608545, 2.7097310087903557, 0.0, 1.7650352546054142, 2.3460428832397757, 2.9253055156684065, 5.357392241566787, 4.840746739915238, 4.923563317354617, 3.2209663534411535, 5.139755385229924, 2.3289912966775983, 3.637194171335921], [4.314759157820979, 2.8742216842129626, 2.8309549925775928, 2.1968396049780243, 1.0951145784802612, 2.182853002380142, 3.175411195420209, 4.389117069525487, 3.925576141154315, 5.223475752791431, 3.4510589954389363, 5.011571815309046, 4.873946338440751, 4.544221827772056, 3.148374548874387, 2.249890248434354, 3.82005585953923, 2.4901012087865024, 1.7650352546054142, 0.0, 2.9211379871550056, 2.317904314245953, 5.186093317710356, 4.9314062507564715, 4.37656999601286, 4.257065153365638, 5.71570277481256, 3.621582970194111, 4.318845217184797], [4.740432441244153, 3.395405108378086, 4.055058856539569, 3.182970764867312, 2.191632555881574, 1.0957361589360826, 2.219001473636284, 2.988572483644993, 2.633759757457008, 3.9214294281549935, 3.2789212875578455, 5.162296587760141, 4.9543058454237565, 5.5344225787339365, 4.942369075655924, 3.6798171517074048, 4.590042495445984, 4.171889860722596, 2.3460428832397757, 2.9211379871550056, 0.0, 1.760495648957986, 3.9758662376895932, 2.860458755164982, 3.360894733549386, 2.289254171122115, 4.001959846125396, 3.346620413192987, 4.3424879608353555], [4.346240851586575, 2.8799723158391646, 2.8427802517957663, 3.163103238909536, 2.183462486510817, 1.0954313397013982, 2.217543931921079, 2.732492953330347, 3.4574249565247257, 4.631539170729316, 3.949052709194954, 4.612688323526748, 4.9323493773251705, 4.999756687079882, 3.77570412108788, 2.195480188933619, 3.279194074768982, 4.017093708142741, 2.9253055156684065, 2.317904314245953, 1.760495648957986, 0.0, 3.760578980689011, 3.0403433490314873, 2.5241762814827333, 3.609125513195683, 4.728090953016873, 4.335600339053404, 4.917224375600528], [2.9644133399376, 2.890003544980525, 3.5754454869288668, 4.127963184186603, 4.567857348910975, 3.518606737048061, 2.175081207679382, 1.0943176184271182, 2.8970425713130283, 2.703074275709049, 4.092455728532686, 2.4797711708946046, 3.187048071491862, 4.003286842083639, 4.496711578475987, 4.090729574293563, 3.2208410469937814, 5.032905770029874, 5.357392241566787, 5.186093317710356, 3.9758662376895932, 3.760578980689011, 0.0, 1.7695616717142129, 1.765708076098651, 3.5098147330022993, 2.3661718893605346, 4.997119051013294, 4.432376169731085], [4.232956992458108, 3.5539802672496648, 4.214765535590326, 4.382204178264631, 4.253582126866719, 2.8421662266658507, 2.1629954345767817, 1.0953679107952723, 2.834341230339071, 3.1419838653309466, 4.253086392256804, 4.043637606166013, 4.410298327777839, 5.279520240514284, 5.275790337949377, 4.304005778341845, 4.079826292870813, 5.442166665952081, 4.840746739915238, 4.9314062507564715, 2.860458755164982, 3.0403433490314873, 1.7695616717142129, 0.0, 1.7669426193286526, 2.8881717279275483, 2.6188757397020574, 4.86047009043364, 4.922148169244806], [3.6519917113816125, 2.9086616922564232, 2.941861257775424, 4.119374151494374, 4.0380365092455515, 2.794106078873885, 2.1700739042714647, 1.0949234311128793, 3.5413214270946938, 3.9837006275572464, 4.5764859248117435, 3.3004390904847796, 4.247467577274722, 4.523770406419849, 4.010876957723834, 3.02514949382671, 2.541275597018159, 5.028972334384034, 4.923563317354617, 4.37656999601286, 3.360894733549386, 2.5241762814827333, 1.765708076098651, 1.7669426193286526, 0.0, 3.983543730147819, 3.747650912238225, 5.35993708731735, 5.20999217465823], [4.128139759019794, 3.40070819830223, 4.718506171448756, 3.14856172402575, 3.1901243706162927, 2.6060946471684407, 2.2199934279181996, 3.041550310285858, 1.0959713499905006, 2.033336307648098, 2.184193130197053, 4.613600396653355, 3.8241945701023115, 5.043542764763674, 5.506511924984817, 4.86643223830354, 5.1906688673040975, 4.139173901879456, 3.2209663534411535, 4.257065153365638, 2.289254171122115, 3.609125513195683, 3.5098147330022993, 2.8881717279275483, 3.983543730147819, 0.0, 2.239976323535586, 2.3267306268668064, 2.9473769100676623], [3.6379380011209643, 3.6791687593803033, 4.99704478066787, 4.1770414841128884, 4.758232601502368, 3.9724372141042075, 2.7197498028311355, 2.6650045328291654, 1.9462833529576313, 0.9720266920203372, 3.2665025547211806, 3.68679773651878, 3.130244287591625, 4.684006136844827, 5.789594262985965, 5.500485354948234, 5.068929036788737, 5.09429679740001, 5.139755385229924, 5.71570277481256, 4.001959846125396, 4.728090953016873, 2.3661718893605346, 2.6188757397020574, 3.747650912238225, 2.239976323535586, 0.0, 3.914935879423825, 3.431338767886377], [4.05733861293336, 3.3886591655107483, 4.703977098158536, 2.1985345255419575, 2.6381261247332355, 3.27551762932212, 3.197486082846961, 4.596054597151778, 2.1914332866870487, 3.151448319423944, 1.0956168399582036, 4.972953578106274, 3.7051131345749755, 4.54729349283725, 5.0802259821783515, 4.901486129736572, 5.533199295163694, 2.688026774420225, 2.3289912966775983, 3.621582970194111, 3.346620413192987, 4.335600339053404, 4.997119051013294, 4.86047009043364, 5.35993708731735, 2.3267306268668064, 3.914935879423825, 0.0, 1.764900762082673], [2.840050770672947, 2.87361238513478, 4.3246808899617095, 2.20154424438847, 3.45291092702954, 3.9468975892465212, 3.171901109744754, 4.405874857505601, 2.203210287285351, 2.470410899020647, 1.094963953744597, 3.7872132353486516, 2.2057199142230184, 3.25048161508414, 4.558829635992115, 4.901616498666536, 5.003107156557813, 2.4976359822840477, 3.637194171335921, 4.318845217184797, 4.3424879608353555, 4.917224375600528, 4.432376169731085, 4.922148169244806, 5.20999217465823, 2.9473769100676623, 3.431338767886377, 1.764900762082673, 0.0]]}