{"total energy": -19.82644439, "HOMO-LUMO gap/eV": 5.11590914, "electronic energy": -20.0860166, "dipole": [0.58090117, -0.10052514, -0.48354775], "partial charges": [-0.44651081, 0.07903735, -0.06410656, -0.06064189, -0.03116584, -0.09552327, 0.28484723, 0.02125607, 0.04880988, 0.04474202, 0.03102482, 0.0432658, 0.04019867, 0.03263004, 0.03526564, 0.03687084], "atomic dipole moments": [[0.23314964, 0.02370168, -0.0508173], [-0.14472115, -0.07836518, -0.11346865], [0.0399916, 0.08623324, 0.07190684], [-0.06298257, 0.05644161, -0.06228739], [-0.0892142, -0.12865706, -0.0190719], [0.03273994, 0.0516523, 0.04673167], [0.01366647, 0.0083476, -0.07724008], [0.03491826, 0.10918531, -0.03737907], [-0.00678412, 0.00131054, 0.12843675], [-0.05829477, -0.10723749, 0.02474055], [-0.00057826, -0.00473058, -0.12356052], [0.05253847, -0.10632549, -0.03302711], [-0.00425868, -0.01021592, 0.12714322], [0.03479748, 0.01571561, -0.14544177], [0.08457755, 0.10765192, -0.06239468], [-0.02344487, -0.00555228, 0.15081376]], "atomic quadrupole moments": [[0.15475988, 0.01552302, -0.1174249, 0.06708347, 0.00556006, -0.03733498], [0.37064609, -0.06854829, -0.16298382, 0.20714546, 0.11389477, -0.20766227], [0.17273854, -0.1555891, -0.03170387, 0.063305, 0.08770422, -0.14103467], [0.15563707, 0.0995278, -0.03122306, 0.08293022, -0.04717754, -0.12441401], [0.31519599, -0.3461883, 0.04478846, 0.00676183, -0.18155502, -0.35998444], [0.30842741, -0.44316396, -0.00686697, 0.05774692, -0.08942913, -0.30156044], [-0.0448626, 0.01203867, -0.09013737, -0.00172869, -0.01466041, 0.13499997], [0.01129008, 0.03037362, 0.01137309, -0.00170136, -0.02594072, -0.02266317], [-0.02110113, -0.00531435, -0.02933189, -0.00582638, -0.01149319, 0.05043303], [-0.00092651, 0.02613641, 0.02710039, -0.01840151, -0.031552, -0.02617387], [-0.02964827, -0.00744243, -0.03029015, -0.01412116, -0.01882376, 0.05993842], [-0.00712651, -0.02903955, 0.03351119, -0.01535495, 0.0352252, -0.02638468], [-0.01942937, 0.01223932, -0.0375909, -0.00768524, 0.01460421, 0.05702027], [-0.03887018, 0.04641774, 0.00815228, 0.0019412, 0.01667288, 0.0307179], [-0.02729466, 0.054216, 0.01012255, -0.00997738, 0.00172811, 0.0171721], [-0.03442437, 0.03455733, -0.01100123, -0.01115025, 0.004309, 0.0454256]], "number of molecular orbitals": 34, "number of electrons": 36, "number of unpaired electrons": 0, "orbital energies/eV": [-18.61135991, -17.26468565, -16.81935858, -16.42040891, -15.78959618, -15.2009589, -14.89521094, -14.31201623, -14.14584511, -13.75171888, -13.28324717, -13.09138512, -12.61103545, -12.11536941, -11.97124131, -11.69391886, -11.27865347, -10.83402093, -5.71811179, 0.95328815, 2.47332965, 2.53488089, 3.10233364, 3.80927094, 4.09702549, 4.19358406, 4.7203365, 4.96988949, 5.71235035, 6.03004228, 6.76218947, 7.57920465, 11.10935698, 15.35490126], "fractional occupation": [2.0, 2.0, 2.0, 2.0, 2.0, 2.0, 2.0, 2.0, 2.0, 2.0, 2.0, 2.0, 2.0, 2.0, 2.0, 2.0, 2.0, 2.0, 0.0, 0.0, 0.0, 0.0, 0.0, 0.0, 0.0, 0.0, 0.0, 0.0, 0.0, 0.0, 0.0, 0.0, 0.0, 0.0], "program call": "xtb /home/svss/Project-DBcg-Debug/aqme2_20220329/End-to-End-workflows-final/example-3/QDESCP/mol_42_rdkit_conf_2/mol_42_rdkit_conf_2.xyz --pop --wbo --acc 0.2 --gfn 2 --chrg 0 --uhf 0 --etemp 300 --input /home/svss/Project-DBcg-Debug/aqme2_20220329/End-to-End-workflows-final/example-3/QDESCP/mol_42_rdkit_conf_2/mol_42_rdkit_conf_2_xtb.inp", "method": "GFN2-xTB", "xtb version": "6.3.3 (7355c4f)", "Dipole module/D": 1.938, "Total charge": 0, "Transition dipole module/D": NaN, "HOMO": -10.834, "LUMO": -5.7181, "HOMO occupancy": 2.0, "LUMO occupancy": 0, "mulliken charges": [-0.56454, 0.19524, -0.06556, -0.04583, -0.02633, -0.08536, 0.33364, 0.01082, 0.03086, 0.03872, 0.02375, 0.03659, 0.02928, 0.02612, 0.03287, 0.02972], "cm5 charges": [-0.77825, 0.10859, -0.17263, -0.1516, -0.09068, -0.18746, 0.50262, 0.07405, 0.09377, 0.09552, 0.08061, 0.09125, 0.08492, 0.08165, 0.08509, 0.08256], "FUKUI+": [-0.026, 0.01, 0.011, 0.026, -0.162, -0.126, -0.016, 0.004, -0.02, -0.058, -0.034, -0.088, -0.063, -0.145, -0.155, -0.158], "FUKUI-": [-0.152, 0.009, -0.001, 0.008, -0.046, -0.062, -0.06, -0.091, -0.065, -0.067, -0.053, -0.122, -0.059, -0.072, -0.09, -0.078], "FUKUIrad": [-0.089, 0.01, 0.005, 0.017, -0.104, -0.094, -0.038, -0.043, -0.043, -0.063, -0.044, -0.105, -0.061, -0.109, -0.122, -0.118], "s proportion": [1.696, 0.993, 1.039, 1.028, 1.072, 1.049, 0.666, 0.989, 0.969, 0.961, 0.976, 0.963, 0.971, 0.974, 0.967, 0.97], "p proportion": [4.869, 2.812, 3.026, 3.018, 2.954, 3.037, 0.0, 0.0, 0.0, 0.0, 0.0, 0.0, 0.0, 0.0, 0.0, 0.0], "d proportion": [0.0, 0.0, 0.0, 0.0, 0.0, 0.0, 0.0, 0.0, 0.0, 0.0, 0.0, 0.0, 0.0, 0.0, 0.0, 0.0], "Fermi-level/eV": -8.2761, "Coordination numbers": [1.653, 3.674, 3.8, 3.804, 2.885, 2.834, 0.804, 0.924, 0.924, 0.924, 0.924, 0.924, 0.924, 0.925, 0.925, 0.925], "Dispersion coefficient C6": [21.774, 19.486, 21.731, 21.663, 28.775, 30.392, 0.769, 2.714, 2.335, 2.387, 2.572, 2.406, 2.446, 2.549, 2.513, 2.491], "Total dispersion C6": 1957.938602, "Total dispersion C8": 42132.767455, "Polarizability alpha": [6.299, 6.326, 6.637, 6.626, 8.794, 9.034, 1.377, 2.577, 2.39, 2.416, 2.508, 2.426, 2.446, 2.497, 2.479, 2.468], "Total polarizability alpha": 67.299653, "Wiberg matrix": [[0.0, 0.9923307080509038, 0.0, 0.0, 0.0, 0.0, 0.9049071698160367, 0.0, 0.0, 0.0, 0.0, 0.0, 0.0, 0.0, 0.0, 0.0], [0.9923307080509038, 0.0, 1.0019004540184095, 0.0, 0.0, 0.0, 0.0, 0.9734159021258849, 0.9731383648131657, 0.0, 0.0, 0.0, 0.0, 0.0, 0.0, 0.0], [0.0, 1.0019004540184095, 0.0, 0.99234056587334, 0.0, 0.0, 0.0, 0.0, 0.0, 0.9748436972473896, 0.9753048205570231, 0.0, 0.0, 0.0, 0.0, 0.0], [0.0, 0.0, 0.99234056587334, 0.0, 1.0269792767992425, 0.0, 0.0, 0.0, 0.0, 0.0, 0.0, 0.9611409368882761, 0.9743728522933641, 0.0, 0.0, 0.0], [0.0, 0.0, 0.0, 1.0269792767992425, 0.0, 1.9754620717314855, 0.0, 0.0, 0.0, 0.0, 0.0, 0.0, 0.0, 0.9676120112894536, 0.0, 0.0], [0.0, 0.0, 0.0, 0.0, 1.9754620717314855, 0.0, 0.0, 0.0, 0.0, 0.0, 0.0, 0.0, 0.0, 0.0, 0.9781239862822392, 0.9766231531616804], [0.9049071698160367, 0.0, 0.0, 0.0, 0.0, 0.0, 0.0, 0.0, 0.0, 0.0, 0.0, 0.0, 0.0, 0.0, 0.0, 0.0], [0.0, 0.9734159021258849, 0.0, 0.0, 0.0, 0.0, 0.0, 0.0, 0.0, 0.0, 0.0, 0.0, 0.0, 0.0, 0.0, 0.0], [0.0, 0.9731383648131657, 0.0, 0.0, 0.0, 0.0, 0.0, 0.0, 0.0, 0.0, 0.0, 0.0, 0.0, 0.0, 0.0, 0.0], [0.0, 0.0, 0.9748436972473896, 0.0, 0.0, 0.0, 0.0, 0.0, 0.0, 0.0, 0.0, 0.0, 0.0, 0.0, 0.0, 0.0], [0.0, 0.0, 0.9753048205570231, 0.0, 0.0, 0.0, 0.0, 0.0, 0.0, 0.0, 0.0, 0.0, 0.0, 0.0, 0.0, 0.0], [0.0, 0.0, 0.0, 0.9611409368882761, 0.0, 0.0, 0.0, 0.0, 0.0, 0.0, 0.0, 0.0, 0.0, 0.0, 0.0, 0.0], [0.0, 0.0, 0.0, 0.9743728522933641, 0.0, 0.0, 0.0, 0.0, 0.0, 0.0, 0.0, 0.0, 0.0, 0.0, 0.0, 0.0], [0.0, 0.0, 0.0, 0.0, 0.9676120112894536, 0.0, 0.0, 0.0, 0.0, 0.0, 0.0, 0.0, 0.0, 0.0, 0.0, 0.0], [0.0, 0.0, 0.0, 0.0, 0.0, 0.9781239862822392, 0.0, 0.0, 0.0, 0.0, 0.0, 0.0, 0.0, 0.0, 0.0, 0.0], [0.0, 0.0, 0.0, 0.0, 0.0, 0.9766231531616804, 0.0, 0.0, 0.0, 0.0, 0.0, 0.0, 0.0, 0.0, 0.0, 0.0]], "Born radii": [], "Atomic SASAs": [], "Solvent H bonds": [], "Total SASA": NaN, "Total FOD": 0.0, "FOD": [0.0, 0.0, 0.0, 0.0, 0.0, 0.0, 0.0, 0.0, 0.0, 0.0, 0.0, 0.0, 0.0, 0.0, 0.0, 0.0], "FOD s proportion": [0.0, 0.0, 0.0, 0.0, 0.0, 0.0, 0.0, 0.0, 0.0, 0.0, 0.0, 0.0, 0.0, 0.0, 0.0, 0.0], "FOD p proportion": [0.0, 0.0, 0.0, 0.0, 0.0, 0.0, 0.0, 0.0, 0.0, 0.0, 0.0, 0.0, 0.0, 0.0, 0.0, 0.0], "FOD d proportion": [0.0, 0.0, 0.0, 0.0, 0.0, 0.0, 0.0, 0.0, 0.0, 0.0, 0.0, 0.0, 0.0, 0.0, 0.0, 0.0], "coordinates": [["-2.86140", "0.24160", "-0.54540"], ["-1.53360", "0.31970", "-0.03920"], ["-0.72130", "-0.86400", "-0.55150"], ["0.69570", "-0.91040", "0.01900"], ["1.55140", "0.23090", "-0.45160"], ["2.09200", "1.14740", "0.36110"], ["-2.80680", "0.30770", "-1.51410"], ["-1.10520", "1.27680", "-0.35170"], ["-1.59080", "0.30830", "1.05360"], ["-1.24410", "-1.79260", "-0.28910"], ["-0.69360", "-0.84360", "-1.64860"], ["1.17410", "-1.84460", "-0.29910"], ["0.65050", "-0.94100", "1.11450"], ["1.74680", "0.29350", "-1.52050"], ["2.71080", "1.94640", "-0.03630"], ["1.93550", "1.12390", "1.43530"]], "bond_dist": [[0.0, 1.423162285194489, 2.408820578623489, 3.781350521969631, 4.413809779544198, 5.116481940747959, 0.9724865346111482, 2.0477785939891064, 2.0434466594457517, 2.6113825112380606, 2.66346881340856, 4.5495224342781295, 4.060449775579055, 4.71052235532324, 5.849353698486698, 5.264207004858376], [1.423162285194489, 0.0, 1.5242795904951296, 2.5468238533514644, 3.113709074399855, 3.7403613114243393, 1.9484640745982462, 1.09417696009375, 1.0943553536214825, 2.14664192402925, 2.1561621576310075, 3.476115905720061, 2.7732077076915824, 3.5994388854375625, 4.545447465321758, 3.854288870855427], [2.408820578623489, 1.5242795904951296, 0.0, 1.528238270035141, 2.5246685544839345, 3.576761888915727, 2.578524752644426, 2.184107115047245, 2.1694846277399615, 1.0974841957859802, 1.097639221238017, 2.1489121154668007, 2.159472213296573, 2.8931444588889783, 4.4657686471647855, 3.867519475064088], [3.781350521969631, 2.5468238533514644, 1.528238270035141, 0.0, 1.502082734072927, 2.510224480001739, 4.012688558809417, 2.857359469860241, 2.7899299453570516, 2.1531433974540573, 2.171521699177791, 1.096715008559653, 1.0968589927606922, 2.219064368151586, 3.4964256520052013, 2.7715313853535917], [4.413809779544198, 3.113709074399855, 2.5246685544839345, 1.502082734072927, 0.0, 1.3389181827131933, 4.486503285410588, 2.8568182266290587, 3.484973262451234, 3.4548196407337963, 2.761771940258645, 2.1150205176309758, 2.1535179660267523, 1.0884149622271828, 2.111781877940996, 2.1225864929373315], [5.116481940747959, 3.7403613114243393, 3.576761888915727, 2.510224480001739, 1.3389181827131933, 0.0, 5.312222940540052, 3.278248928925319, 3.840138135536273, 4.493987455478709, 3.9702068522937193, 3.1985103485841657, 2.6470641038705507, 2.0949288317267487, 1.0859287269429794, 1.085794704352531], [0.9724865346111482, 1.9484640745982462, 2.578524752644426, 4.012688558809417, 4.486503285410588, 5.312222940540052, 0.0, 2.277228826885871, 2.8410807186702742, 2.890314235511426, 2.410227412506961, 4.685742747953626, 4.51903893986321, 4.553626638186315, 5.942486036163652, 5.643983707453451], [2.0477785939891064, 1.09417696009375, 2.184107115047245, 2.857359469860241, 2.8568182266290587, 3.278248928925319, 2.277228826885871, 0.0, 1.7744485622299677, 3.073178863977819, 2.519416664626953, 3.8653736184229333, 3.186041708766538, 3.235255218680591, 3.8871194115951724, 3.5302413373592465], [2.0434466594457517, 1.0943553536214825, 2.1694846277399615, 2.7899299453570516, 3.484973262451234, 3.840138135536273, 2.8410807186702742, 1.7744485622299677, 0.0, 2.517305104670469, 3.0714371701208543, 3.7562544788658823, 2.566687552079528, 4.214947640244183, 4.730223692384959, 3.639462864214993], [2.6113825112380606, 2.14664192402925, 1.0974841957859802, 2.1531433974540573, 3.4548196407337963, 4.493987455478709, 2.890314235511426, 3.073178863977819, 2.517305104670469, 0.0, 1.7469663705979002, 2.4187797005928418, 2.506955260869248, 3.8488494358704135, 5.4484183805945, 4.646437750578393], [2.66346881340856, 2.1561621576310075, 1.097639221238017, 2.171521699177791, 2.761771940258645, 3.9702068522937193, 2.410227412506961, 2.519416664626953, 3.0714371701208543, 1.7469663705979002, 0.0, 2.5122608423489785, 3.0742174906795388, 2.6953586366196243, 4.687595401695841, 4.50484875106812], [4.5495224342781295, 3.476115905720061, 2.1489121154668007, 1.096715008559653, 2.1150205176309758, 3.1985103485841657, 4.685742747953626, 3.8653736184229333, 3.7562544788658823, 2.4187797005928418, 2.5122608423489785, 0.0, 1.7575309044224514, 2.5280970827877636, 4.099047661347694, 3.5213442845027236], [4.060449775579055, 2.7732077076915824, 2.159472213296573, 1.0968589927606922, 2.1535179660267523, 2.6470641038705507, 4.51903893986321, 3.186041708766538, 2.566687552079528, 2.506955260869248, 3.0742174906795388, 1.7575309044224514, 0.0, 3.109515869070296, 3.729109208644874, 2.45315096355687], [4.71052235532324, 3.5994388854375625, 2.8931444588889783, 2.219064368151586, 1.0884149622271828, 2.0949288317267487, 4.553626638186315, 3.235255218680591, 4.214947640244183, 3.8488494358704135, 2.6953586366196243, 2.5280970827877636, 3.109515869070296, 0.0, 2.421615999699374, 3.0760242993188465], [5.849353698486698, 4.545447465321758, 4.4657686471647855, 3.4964256520052013, 2.111781877940996, 1.0859287269429794, 5.942486036163652, 3.8871194115951724, 4.730223692384959, 5.4484183805945, 4.687595401695841, 4.099047661347694, 3.729109208644874, 2.421615999699374, 0.0, 1.8555869421829847], [5.264207004858376, 3.854288870855427, 3.867519475064088, 2.7715313853535917, 2.1225864929373315, 1.085794704352531, 5.643983707453451, 3.5302413373592465, 3.639462864214993, 4.646437750578393, 4.50484875106812, 3.5213442845027236, 2.45315096355687, 3.0760242993188465, 1.8555869421829847, 0.0]]}