{"total energy": -55.02128019, "HOMO-LUMO gap/eV": 2.42349714, "electronic energy": -55.80270186, "dipole": [-0.93983315, -0.0889913, 0.37137038], "partial charges": [-0.11033875, 0.00967318, -0.05578046, 0.04934849, -0.25124924, 0.13360588, -0.10783177, 0.03901741, -0.06410346, -0.06407556, 0.15113913, -0.24911924, 0.0635067, -0.04447187, -0.00294249, -0.03564838, 0.26964842, -0.44240498, -0.16329625, 0.03612993, 0.05290984, 0.04990961, 0.05032799, 0.04057836, 0.04536297, 0.05599171, 0.04762064, 0.04443884, 0.04754763, 0.04485789, 0.04839267, 0.04399534, 0.06440002, 0.20285978], "atomic dipole moments": [[0.05072107, 0.05571092, 0.02082435], [-0.00718399, -0.06292324, -0.050178], [0.00069693, -0.02198258, -0.0165398], [0.04868941, -0.02187047, -0.02264453], [-0.14736681, -0.21066008, -0.11342518], [0.09511905, 0.01659328, 0.00248549], [0.00577893, 0.00137631, 0.12548479], [-0.03822559, -0.08870896, -0.13221232], [0.08866648, -0.08393176, 0.04571839], [-0.11827361, -0.00469795, 0.05367952], [-0.04638442, 0.09097843, -0.00215228], [-0.03936082, -0.25364739, -0.12584674], [-0.04532199, 0.010765, -0.02156296], [-0.00811603, -0.00518004, -0.00829449], [-0.02038544, 0.02787517, -0.00183175], [-0.04759589, -0.01103081, -0.03456486], [-0.05422842, 0.02469496, -0.0247012], [-0.03256727, 0.14061262, 0.15048693], [0.01446868, 0.0172854, 0.02541726], [0.07997155, -0.10452185, -0.07723429], [-0.12275342, 0.00408198, 0.04695331], [0.04204879, -0.11816025, 0.03756398], [-0.01286696, 0.01224256, -0.1296697], [-0.14897711, 0.00629861, 0.03450332], [-0.05307037, 0.11007785, 0.08479642], [0.01705608, 0.03079411, 0.14215964], [-0.01886104, 0.12453398, 0.06814332], [-0.08619247, -0.02775904, -0.1137293], [0.10119588, 0.07909584, 0.06356253], [0.03845631, -0.0747333, -0.11888176], [0.11644875, 0.04238612, 0.08263597], [0.11078431, -0.10388584, 0.02237018], [-0.00814306, -0.14141174, -0.0637838], [-0.07655708, -0.07988298, -0.07574557]], "atomic quadrupole moments": [[-0.01074904, 0.09810098, 0.06601267, 0.04609481, 0.11916242, -0.05526363], [-0.26232895, 0.02968333, 0.04244239, 0.14212231, -0.25356109, 0.21988656], [-0.24460106, -0.04456989, 0.00220121, 0.11289657, -0.3079752, 0.24239986], [-0.17071207, -0.11222867, -0.09095541, 0.07551748, -0.39766517, 0.26166748], [-0.12279476, -0.0539904, -0.03623417, 0.05102253, -0.18766271, 0.15902893], [-0.04589071, -0.09951372, -0.11606505, 0.06208027, -0.32636138, 0.16195577], [-0.00540069, 0.00566769, 0.01620726, 0.01342289, 0.03719338, -0.01080658], [-0.01305145, 0.08815367, 0.19879843, -0.03809813, -0.08512166, -0.18574698], [0.11497735, -0.10631081, -0.02637811, -0.03582812, -0.19105604, -0.08859924], [0.14374904, -0.06676384, -0.0605559, -0.11680855, -0.16177472, -0.08319315], [-0.02247246, 0.0004295, -0.17452906, -0.27676694, -0.22365492, 0.19700152], [-0.03950576, 0.05941764, -0.12268309, -0.16193144, -0.11356731, 0.16218885], [-0.04939945, 0.06939819, -0.23788893, -0.33540693, -0.26399809, 0.28728838], [-0.09110955, 0.14008121, -0.17820963, -0.28556749, -0.18002226, 0.26931919], [-0.07053474, 0.14066314, -0.23621911, -0.32548286, -0.23297629, 0.30675385], [-0.0082548, 0.16432096, -0.22056828, -0.15774212, -0.0920491, 0.22882307], [-0.20805596, 0.09142821, 0.18657052, -0.11311836, -0.3559455, 0.02148543], [-0.10237747, 0.0310303, 0.06170354, -0.05966033, -0.10811254, 0.04067393], [-0.00834561, -0.05905685, 0.00642102, -0.06692325, -0.01603586, 0.00192458], [-0.27436878, -0.18362803, 0.05372909, 0.00048344, -0.14598495, 0.22063969], [0.05234932, -0.01320578, -0.02796563, -0.0434656, 0.0237778, -0.02438369], [-0.00455337, -0.04190331, 0.05125443, 0.0152489, -0.02358036, -0.04670106], [-0.03673315, 0.01068288, -0.04418858, -0.00279502, -0.01119628, 0.08092173], [0.02953146, 0.01738867, 0.00503675, -0.00708495, 0.04332942, -0.03456821], [0.04449767, 0.01056621, -0.0037353, -0.01824334, 0.04154286, -0.04076237], [-0.03135506, 0.02517075, 0.02650678, -0.00283022, -0.01231871, 0.00484828], [-0.01614892, -0.0180403, 0.02510999, 0.01607651, 0.02769085, -0.00896107], [-0.00051717, -0.01049738, -0.01227825, 0.0345926, 0.02572872, 0.01279542], [0.02066933, 0.02428375, -0.01272795, 0.00524825, 0.02975439, -0.00794138], [0.00381521, -0.00178322, -0.01924649, -0.00801142, 0.04163983, 0.01543128], [0.01251852, -0.02529101, 0.02862161, 0.03908345, 0.02081326, -0.04114013], [0.00762105, -0.01116544, 0.02527605, 0.03733818, 0.02617273, -0.0328971], [0.02191377, -0.01135678, 0.01023125, 0.04304148, 0.02093196, -0.03214502], [0.04356974, -0.00387787, -0.0205498, 0.01235296, 0.03931039, -0.02301995]], "number of molecular orbitals": 94, "number of electrons": 100, "number of unpaired electrons": 0, "orbital energies/eV": [-19.16690931, -18.59781011, -18.33687042, -18.13933452, -17.99219874, -17.69877955, -17.59820734, -17.52788236, -17.45530567, -17.13125198, -16.8501213, -16.75940594, -16.36579042, -16.32166323, -16.1628259, -15.88076805, -15.45788091, -15.39106938, -15.21975058, -15.09729308, -15.01663721, -14.85976056, -14.76692395, -14.35573361, -14.25909669, -14.15458332, -14.01793753, -13.94078094, -13.8732935, -13.66395481, -13.58739653, -13.51472148, -13.18196836, -13.03341007, -12.95818003, -12.82109235, -12.59573702, -12.51340127, -12.33862639, -12.23274887, -12.22490304, -11.84848458, -11.67068445, -11.57703281, -11.42227558, -11.1151935, -10.99949971, -10.33984566, -10.23096155, -9.98022797, -7.55673083, -6.99983504, -6.89752551, -6.17211091, -5.26535703, -3.25956778, -3.03452909, -1.69510075, -1.26205096, -0.18073466, 1.22761621, 2.06208225, 2.47789147, 2.91547164, 3.04645128, 3.07135934, 3.36854878, 3.5114531, 3.67429161, 3.94982999, 4.45828741, 4.51547284, 4.816447, 4.91433519, 5.36775522, 5.50094333, 6.8844174, 6.97896119, 7.21772015, 7.69633066, 8.03000593, 8.39718617, 9.41014195, 9.57847906, 10.09152974, 10.70958185, 11.26581871, 11.62913489, 12.28441307, 14.47566963, 15.55951855, 15.97694597, 16.43491664, 17.00462007], "fractional occupation": [2.0, 2.0, 2.0, 2.0, 2.0, 2.0, 2.0, 2.0, 2.0, 2.0, 2.0, 2.0, 2.0, 2.0, 2.0, 2.0, 2.0, 2.0, 2.0, 2.0, 2.0, 2.0, 2.0, 2.0, 2.0, 2.0, 2.0, 2.0, 2.0, 2.0, 2.0, 2.0, 2.0, 2.0, 2.0, 2.0, 2.0, 2.0, 2.0, 2.0, 2.0, 2.0, 2.0, 2.0, 2.0, 2.0, 2.0, 2.0, 2.0, 2.0, 0.0, 0.0, 0.0, 0.0, 0.0, 0.0, 0.0, 0.0, 0.0, 0.0, 0.0, 0.0, 0.0, 0.0, 0.0, 0.0, 0.0, 0.0, 0.0, 0.0, 0.0, 0.0, 0.0, 0.0, 0.0, 0.0, 0.0, 0.0, 0.0, 0.0, 0.0, 0.0, 0.0, 0.0, 0.0, 0.0, 0.0, 0.0, 0.0, 0.0, 0.0, 0.0, 0.0, 0.0], "program call": "xtb /home/svss/Project-DBcg-Debug/aqme2_20220329/End-to-End-workflows-final/example-3/QDESCP/mol_226_rdkit_conf_1/mol_226_rdkit_conf_1.xyz --pop --wbo --acc 0.2 --gfn 2 --chrg 0 --uhf 0 --etemp 300 --input /home/svss/Project-DBcg-Debug/aqme2_20220329/End-to-End-workflows-final/example-3/QDESCP/mol_226_rdkit_conf_1/mol_226_rdkit_conf_1_xtb.inp", "method": "GFN2-xTB", "xtb version": "6.3.3 (7355c4f)", "Dipole module/D": 2.579, "Total charge": 0, "Transition dipole module/D": NaN, "HOMO": -9.9802, "LUMO": -7.5567, "HOMO occupancy": 2.0, "LUMO occupancy": 0, "mulliken charges": [-0.08931, 0.00292, -0.07317, 0.13558, -0.36087, 0.26098, -0.28125, 0.12248, -0.06203, -0.06225, 0.28734, -0.35995, 0.1515, -0.06296, 0.02201, -0.07511, 0.4703, -0.55875, -0.31878, 0.08759, 0.04266, 0.04335, 0.04354, 0.03848, 0.0284, 0.03852, 0.03669, 0.03908, 0.03695, 0.04062, 0.02991, 0.04115, 0.05737, 0.24701], "cm5 charges": [-0.2316, -0.00445, -0.12095, 0.15793, -0.53966, 0.39517, -0.48878, 0.11951, -0.16391, -0.16415, 0.41839, -0.53729, 0.1729, -0.11294, -0.026, -0.06191, 0.57017, -0.60273, -0.66126, 0.1556, 0.09467, 0.09721, 0.09677, 0.09537, 0.09433, 0.10921, 0.09188, 0.09657, 0.09211, 0.09806, 0.0957, 0.09731, 0.11789, 0.44889], "FUKUI+": [0.019, -0.04, -0.014, -0.031, -0.057, -0.008, -0.021, 0.013, 0.0, 0.001, -0.014, -0.063, -0.04, -0.017, -0.034, -0.031, -0.04, -0.107, -0.024, -0.022, -0.033, -0.025, -0.031, -0.049, -0.055, -0.014, -0.021, -0.009, -0.02, -0.007, -0.065, -0.058, -0.051, -0.034], "FUKUI-": [0.017, -0.024, -0.024, -0.018, -0.067, -0.006, -0.072, 0.013, -0.003, -0.002, -0.001, -0.079, -0.01, -0.026, -0.012, -0.021, -0.004, -0.072, -0.036, -0.023, -0.032, -0.027, -0.032, -0.051, -0.055, -0.047, -0.03, -0.019, -0.03, -0.02, -0.056, -0.051, -0.045, -0.035], "FUKUIrad": [0.018, -0.032, -0.019, -0.024, -0.062, -0.007, -0.046, 0.013, -0.001, -0.001, -0.007, -0.071, -0.025, -0.022, -0.023, -0.026, -0.022, -0.089, -0.03, -0.022, -0.033, -0.026, -0.031, -0.05, -0.055, -0.031, -0.026, -0.014, -0.025, -0.013, -0.061, -0.055, -0.048, -0.034], "s proportion": [1.01, 1.088, 1.06, 1.024, 1.549, 1.019, 1.458, 0.997, 1.007, 1.008, 1.024, 1.551, 1.032, 1.058, 1.071, 1.081, 0.992, 1.731, 1.424, 1.042, 0.957, 0.957, 0.956, 0.962, 0.972, 0.961, 0.963, 0.961, 0.963, 0.959, 0.97, 0.959, 0.943, 0.753], "p proportion": [3.079, 2.909, 3.013, 2.84, 3.812, 2.72, 3.823, 2.881, 3.055, 3.055, 2.689, 3.809, 2.817, 3.005, 2.907, 2.994, 2.538, 4.828, 3.895, 2.87, 0.0, 0.0, 0.0, 0.0, 0.0, 0.0, 0.0, 0.0, 0.0, 0.0, 0.0, 0.0, 0.0, 0.0], "d proportion": [0.0, 0.0, 0.0, 0.0, 0.0, 0.0, 0.0, 0.0, 0.0, 0.0, 0.0, 0.0, 0.0, 0.0, 0.0, 0.0, 0.0, 0.0, 0.0, 0.0, 0.0, 0.0, 0.0, 0.0, 0.0, 0.0, 0.0, 0.0, 0.0, 0.0, 0.0, 0.0, 0.0, 0.0], "Fermi-level/eV": -8.7685, "Coordination numbers": [3.754, 2.974, 2.908, 2.871, 1.835, 2.858, 2.732, 3.797, 3.804, 3.804, 2.859, 1.836, 2.873, 2.904, 2.936, 2.963, 2.758, 0.862, 2.692, 2.892, 0.924, 0.924, 0.924, 0.925, 0.925, 0.925, 0.925, 0.925, 0.925, 0.925, 0.925, 0.925, 0.925, 0.86], "Dispersion coefficient C6": [22.667, 27.797, 29.385, 26.889, 27.394, 25.076, 23.359, 19.923, 21.727, 21.727, 24.718, 27.342, 26.574, 29.104, 28.099, 28.884, 22.446, 22.545, 24.533, 27.19, 2.284, 2.321, 2.316, 2.441, 2.379, 2.247, 2.35, 2.39, 2.351, 2.385, 2.34, 2.396, 2.148, 1.092], "Total dispersion C6": 14710.39658, "Total dispersion C8": 353627.160559, "Polarizability alpha": [6.789, 8.648, 8.889, 8.5, 7.756, 8.208, 7.178, 6.356, 6.636, 6.636, 8.149, 7.749, 8.451, 8.846, 8.694, 8.815, 7.758, 6.366, 7.356, 8.549, 2.363, 2.383, 2.38, 2.443, 2.412, 2.344, 2.397, 2.418, 2.398, 2.415, 2.392, 2.421, 2.292, 1.637], "Total polarizability alpha": 189.022336, "Wiberg matrix": [[0.0, 1.0270652501998618, 0.0, 0.0, 0.0, 0.0, 0.0, 0.0, 0.0, 0.0, 0.0, 0.0, 0.0, 0.0, 0.0, 0.0, 0.0, 0.0, 0.0, 0.0, 0.982405919598672, 0.9720240976868545, 0.9663407483910116, 0.0, 0.0, 0.0, 0.0, 0.0, 0.0, 0.0, 0.0, 0.0, 0.0, 0.0], [1.0270652501998618, 0.0, 1.3994904191800406, 0.0, 0.0, 0.0, 0.0, 0.0, 0.0, 0.0, 0.0, 0.0, 0.0, 0.0, 0.0, 0.0, 0.0, 0.0, 0.0, 1.3525608150123942, 0.0, 0.0, 0.0, 0.0, 0.0, 0.0, 0.0, 0.0, 0.0, 0.0, 0.0, 0.0, 0.0, 0.0], [0.0, 1.3994904191800406, 0.0, 1.441948254266391, 0.0, 0.0, 0.0, 0.0, 0.0, 0.0, 0.0, 0.0, 0.0, 0.0, 0.0, 0.0, 0.0, 0.0, 0.0, 0.0, 0.0, 0.0, 0.0, 0.9664626109909756, 0.0, 0.0, 0.0, 0.0, 0.0, 0.0, 0.0, 0.0, 0.0, 0.0], [0.0, 0.0, 1.441948254266391, 0.0, 1.416071512919835, 0.0, 0.0, 0.0, 0.0, 0.0, 0.0, 0.0, 0.0, 0.0, 0.0, 0.0, 0.0, 0.0, 0.0, 0.0, 0.0, 0.0, 0.0, 0.0, 0.9626460992810373, 0.0, 0.0, 0.0, 0.0, 0.0, 0.0, 0.0, 0.0, 0.0], [0.0, 0.0, 0.0, 1.416071512919835, 0.0, 1.3683199408101956, 0.0, 0.0, 0.0, 0.0, 0.0, 0.0, 0.0, 0.0, 0.0, 0.0, 0.0, 0.0, 0.0, 0.0, 0.0, 0.0, 0.0, 0.0, 0.0, 0.0, 0.0, 0.0, 0.0, 0.0, 0.0, 0.0, 0.0, 0.0], [0.0, 0.0, 0.0, 0.0, 1.3683199408101956, 0.0, 1.065493209733879, 0.0, 0.0, 0.0, 0.0, 0.0, 0.0, 0.0, 0.0, 0.0, 0.0, 0.0, 0.0, 1.3087966984413932, 0.0, 0.0, 0.0, 0.0, 0.0, 0.0, 0.0, 0.0, 0.0, 0.0, 0.0, 0.0, 0.0, 0.0], [0.0, 0.0, 0.0, 0.0, 0.0, 1.065493209733879, 0.0, 0.9613172482172937, 0.0, 0.0, 1.0827148452452247, 0.0, 0.0, 0.0, 0.0, 0.0, 0.0, 0.0, 0.0, 0.0, 0.0, 0.0, 0.0, 0.0, 0.0, 0.0, 0.0, 0.0, 0.0, 0.0, 0.0, 0.0, 0.0, 0.0], [0.0, 0.0, 0.0, 0.0, 0.0, 0.0, 0.9613172482172937, 0.0, 0.9758386261167017, 0.9761992760622807, 0.0, 0.0, 0.0, 0.0, 0.0, 0.0, 0.0, 0.0, 0.0, 0.0, 0.0, 0.0, 0.0, 0.0, 0.0, 0.9639529195726876, 0.0, 0.0, 0.0, 0.0, 0.0, 0.0, 0.0, 0.0], [0.0, 0.0, 0.0, 0.0, 0.0, 0.0, 0.0, 0.9758386261167017, 0.0, 0.9833385595195022, 0.0, 0.0, 0.0, 0.0, 0.0, 0.0, 0.0, 0.0, 0.0, 0.0, 0.0, 0.0, 0.0, 0.0, 0.0, 0.0, 0.9791673834561536, 0.9793081928959579, 0.0, 0.0, 0.0, 0.0, 0.0, 0.0], [0.0, 0.0, 0.0, 0.0, 0.0, 0.0, 0.0, 0.9761992760622807, 0.9833385595195022, 0.0, 0.0, 0.0, 0.0, 0.0, 0.0, 0.0, 0.0, 0.0, 0.0, 0.0, 0.0, 0.0, 0.0, 0.0, 0.0, 0.0, 0.0, 0.0, 0.97918073035086, 0.9792452082719709, 0.0, 0.0, 0.0, 0.0], [0.0, 0.0, 0.0, 0.0, 0.0, 0.0, 1.0827148452452247, 0.0, 0.0, 0.0, 0.0, 1.3503895839702953, 0.0, 0.0, 0.0, 1.3348172197215111, 0.0, 0.0, 0.0, 0.0, 0.0, 0.0, 0.0, 0.0, 0.0, 0.0, 0.0, 0.0, 0.0, 0.0, 0.0, 0.0, 0.0, 0.0], [0.0, 0.0, 0.0, 0.0, 0.0, 0.0, 0.0, 0.0, 0.0, 0.0, 1.3503895839702953, 0.0, 1.4322807272645208, 0.0, 0.10254983698959247, 0.0, 0.0, 0.0, 0.0, 0.0, 0.0, 0.0, 0.0, 0.0, 0.0, 0.0, 0.0, 0.0, 0.0, 0.0, 0.0, 0.0, 0.0, 0.0], [0.0, 0.0, 0.0, 0.0, 0.0, 0.0, 0.0, 0.0, 0.0, 0.0, 0.0, 1.4322807272645208, 0.0, 1.430175910177214, 0.0, 0.0, 0.0, 0.0, 0.0, 0.0, 0.0, 0.0, 0.0, 0.0, 0.0, 0.0, 0.0, 0.0, 0.0, 0.0, 0.962567419118457, 0.0, 0.0, 0.0], [0.0, 0.0, 0.0, 0.0, 0.0, 0.0, 0.0, 0.0, 0.0, 0.0, 0.0, 0.0, 1.430175910177214, 0.0, 1.4379017881721292, 0.0, 0.0, 0.0, 0.0, 0.0, 0.0, 0.0, 0.0, 0.0, 0.0, 0.0, 0.0, 0.0, 0.0, 0.0, 0.0, 0.9674254911266492, 0.0, 0.0], [0.0, 0.0, 0.0, 0.0, 0.0, 0.0, 0.0, 0.0, 0.0, 0.0, 0.0, 0.10254983698959247, 0.0, 1.4379017881721292, 0.0, 1.3883838175757672, 0.0, 0.0, 0.0, 0.0, 0.0, 0.0, 0.0, 0.0, 0.0, 0.0, 0.0, 0.0, 0.0, 0.0, 0.0, 0.0, 0.9653350873852319, 0.0], [0.0, 0.0, 0.0, 0.0, 0.0, 0.0, 0.0, 0.0, 0.0, 0.0, 1.3348172197215111, 0.0, 0.0, 0.0, 1.3883838175757672, 0.0, 1.0121530479036787, 0.0, 0.0, 0.0, 0.0, 0.0, 0.0, 0.0, 0.0, 0.0, 0.0, 0.0, 0.0, 0.0, 0.0, 0.0, 0.0, 0.0], [0.0, 0.0, 0.0, 0.0, 0.0, 0.0, 0.0, 0.0, 0.0, 0.0, 0.0, 0.0, 0.0, 0.0, 0.0, 1.0121530479036787, 0.0, 1.6558772600902416, 1.1951103391832434, 0.0, 0.0, 0.0, 0.0, 0.0, 0.0, 0.0, 0.0, 0.0, 0.0, 0.0, 0.0, 0.0, 0.0, 0.0], [0.0, 0.0, 0.0, 0.0, 0.0, 0.0, 0.0, 0.0, 0.0, 0.0, 0.0, 0.0, 0.0, 0.0, 0.0, 0.0, 1.6558772600902416, 0.0, 0.16052198195262007, 0.0, 0.0, 0.0, 0.0, 0.0, 0.0, 0.0, 0.0, 0.0, 0.0, 0.0, 0.0, 0.0, 0.0, 0.0], [0.0, 0.0, 0.0, 0.0, 0.0, 0.0, 0.0, 0.0, 0.0, 0.0, 0.0, 0.0, 0.0, 0.0, 0.0, 0.0, 1.1951103391832434, 0.16052198195262007, 0.0, 1.071886096663367, 0.0, 0.0, 0.0, 0.0, 0.0, 0.0, 0.0, 0.0, 0.0, 0.0, 0.0, 0.0, 0.0, 0.9173408911933317], [0.0, 1.3525608150123942, 0.0, 0.0, 0.0, 1.3087966984413932, 0.0, 0.0, 0.0, 0.0, 0.0, 0.0, 0.0, 0.0, 0.0, 0.0, 0.0, 0.0, 1.071886096663367, 0.0, 0.0, 0.0, 0.0, 0.0, 0.0, 0.0, 0.0, 0.0, 0.0, 0.0, 0.0, 0.0, 0.0, 0.0], [0.982405919598672, 0.0, 0.0, 0.0, 0.0, 0.0, 0.0, 0.0, 0.0, 0.0, 0.0, 0.0, 0.0, 0.0, 0.0, 0.0, 0.0, 0.0, 0.0, 0.0, 0.0, 0.0, 0.0, 0.0, 0.0, 0.0, 0.0, 0.0, 0.0, 0.0, 0.0, 0.0, 0.0, 0.0], [0.9720240976868545, 0.0, 0.0, 0.0, 0.0, 0.0, 0.0, 0.0, 0.0, 0.0, 0.0, 0.0, 0.0, 0.0, 0.0, 0.0, 0.0, 0.0, 0.0, 0.0, 0.0, 0.0, 0.0, 0.0, 0.0, 0.0, 0.0, 0.0, 0.0, 0.0, 0.0, 0.0, 0.0, 0.0], [0.9663407483910116, 0.0, 0.0, 0.0, 0.0, 0.0, 0.0, 0.0, 0.0, 0.0, 0.0, 0.0, 0.0, 0.0, 0.0, 0.0, 0.0, 0.0, 0.0, 0.0, 0.0, 0.0, 0.0, 0.0, 0.0, 0.0, 0.0, 0.0, 0.0, 0.0, 0.0, 0.0, 0.0, 0.0], [0.0, 0.0, 0.9664626109909756, 0.0, 0.0, 0.0, 0.0, 0.0, 0.0, 0.0, 0.0, 0.0, 0.0, 0.0, 0.0, 0.0, 0.0, 0.0, 0.0, 0.0, 0.0, 0.0, 0.0, 0.0, 0.0, 0.0, 0.0, 0.0, 0.0, 0.0, 0.0, 0.0, 0.0, 0.0], [0.0, 0.0, 0.0, 0.9626460992810373, 0.0, 0.0, 0.0, 0.0, 0.0, 0.0, 0.0, 0.0, 0.0, 0.0, 0.0, 0.0, 0.0, 0.0, 0.0, 0.0, 0.0, 0.0, 0.0, 0.0, 0.0, 0.0, 0.0, 0.0, 0.0, 0.0, 0.0, 0.0, 0.0, 0.0], [0.0, 0.0, 0.0, 0.0, 0.0, 0.0, 0.0, 0.9639529195726876, 0.0, 0.0, 0.0, 0.0, 0.0, 0.0, 0.0, 0.0, 0.0, 0.0, 0.0, 0.0, 0.0, 0.0, 0.0, 0.0, 0.0, 0.0, 0.0, 0.0, 0.0, 0.0, 0.0, 0.0, 0.0, 0.0], [0.0, 0.0, 0.0, 0.0, 0.0, 0.0, 0.0, 0.0, 0.9791673834561536, 0.0, 0.0, 0.0, 0.0, 0.0, 0.0, 0.0, 0.0, 0.0, 0.0, 0.0, 0.0, 0.0, 0.0, 0.0, 0.0, 0.0, 0.0, 0.0, 0.0, 0.0, 0.0, 0.0, 0.0, 0.0], [0.0, 0.0, 0.0, 0.0, 0.0, 0.0, 0.0, 0.0, 0.9793081928959579, 0.0, 0.0, 0.0, 0.0, 0.0, 0.0, 0.0, 0.0, 0.0, 0.0, 0.0, 0.0, 0.0, 0.0, 0.0, 0.0, 0.0, 0.0, 0.0, 0.0, 0.0, 0.0, 0.0, 0.0, 0.0], [0.0, 0.0, 0.0, 0.0, 0.0, 0.0, 0.0, 0.0, 0.0, 0.97918073035086, 0.0, 0.0, 0.0, 0.0, 0.0, 0.0, 0.0, 0.0, 0.0, 0.0, 0.0, 0.0, 0.0, 0.0, 0.0, 0.0, 0.0, 0.0, 0.0, 0.0, 0.0, 0.0, 0.0, 0.0], [0.0, 0.0, 0.0, 0.0, 0.0, 0.0, 0.0, 0.0, 0.0, 0.9792452082719709, 0.0, 0.0, 0.0, 0.0, 0.0, 0.0, 0.0, 0.0, 0.0, 0.0, 0.0, 0.0, 0.0, 0.0, 0.0, 0.0, 0.0, 0.0, 0.0, 0.0, 0.0, 0.0, 0.0, 0.0], [0.0, 0.0, 0.0, 0.0, 0.0, 0.0, 0.0, 0.0, 0.0, 0.0, 0.0, 0.0, 0.962567419118457, 0.0, 0.0, 0.0, 0.0, 0.0, 0.0, 0.0, 0.0, 0.0, 0.0, 0.0, 0.0, 0.0, 0.0, 0.0, 0.0, 0.0, 0.0, 0.0, 0.0, 0.0], [0.0, 0.0, 0.0, 0.0, 0.0, 0.0, 0.0, 0.0, 0.0, 0.0, 0.0, 0.0, 0.0, 0.9674254911266492, 0.0, 0.0, 0.0, 0.0, 0.0, 0.0, 0.0, 0.0, 0.0, 0.0, 0.0, 0.0, 0.0, 0.0, 0.0, 0.0, 0.0, 0.0, 0.0, 0.0], [0.0, 0.0, 0.0, 0.0, 0.0, 0.0, 0.0, 0.0, 0.0, 0.0, 0.0, 0.0, 0.0, 0.0, 0.9653350873852319, 0.0, 0.0, 0.0, 0.0, 0.0, 0.0, 0.0, 0.0, 0.0, 0.0, 0.0, 0.0, 0.0, 0.0, 0.0, 0.0, 0.0, 0.0, 0.0], [0.0, 0.0, 0.0, 0.0, 0.0, 0.0, 0.0, 0.0, 0.0, 0.0, 0.0, 0.0, 0.0, 0.0, 0.0, 0.0, 0.0, 0.0, 0.9173408911933317, 0.0, 0.0, 0.0, 0.0, 0.0, 0.0, 0.0, 0.0, 0.0, 0.0, 0.0, 0.0, 0.0, 0.0, 0.0]], "Born radii": [], "Atomic SASAs": [], "Solvent H bonds": [], "Total SASA": NaN, "Total FOD": 0.0, "FOD": [0.0, 0.0, 0.0, 0.0, 0.0, 0.0, 0.0, 0.0, 0.0, 0.0, 0.0, 0.0, 0.0, 0.0, 0.0, 0.0, 0.0, 0.0, 0.0, 0.0, 0.0, 0.0, 0.0, 0.0, 0.0, 0.0, 0.0, 0.0, 0.0, 0.0, 0.0, 0.0, 0.0, 0.0], "FOD s proportion": [0.0, 0.0, 0.0, 0.0, 0.0, 0.0, 0.0, 0.0, 0.0, 0.0, 0.0, 0.0, 0.0, 0.0, 0.0, 0.0, 0.0, 0.0, 0.0, 0.0, 0.0, 0.0, 0.0, 0.0, 0.0, 0.0, 0.0, 0.0, 0.0, 0.0, 0.0, 0.0, 0.0, 0.0], "FOD p proportion": [0.0, 0.0, 0.0, 0.0, 0.0, 0.0, 0.0, 0.0, 0.0, 0.0, 0.0, 0.0, 0.0, 0.0, 0.0, 0.0, 0.0, 0.0, 0.0, 0.0, 0.0, 0.0, 0.0, 0.0, 0.0, 0.0, 0.0, 0.0, 0.0, 0.0, 0.0, 0.0, 0.0, 0.0], "FOD d proportion": [0.0, 0.0, 0.0, 0.0, 0.0, 0.0, 0.0, 0.0, 0.0, 0.0, 0.0, 0.0, 0.0, 0.0, 0.0, 0.0, 0.0, 0.0, 0.0, 0.0, 0.0, 0.0, 0.0, 0.0, 0.0, 0.0, 0.0, 0.0, 0.0, 0.0, 0.0, 0.0, 0.0, 0.0], "coordinates": [["-3.80390", "-1.59850", "-0.49460"], ["-2.91370", "-0.51530", "0.05590"], ["-3.49750", "0.48150", "0.84040"], ["-2.69260", "1.47910", "1.34060"], ["-1.37070", "1.55060", "1.10620"], ["-0.76820", "0.58720", "0.34930"], ["0.61510", "0.76000", "0.05300"], ["1.14650", "2.13070", "0.30900"], ["0.75620", "3.29630", "-0.56730"], ["2.15490", "2.76420", "-0.61900"], ["1.55520", "-0.28720", "0.23800"], ["2.67750", "-0.01150", "0.97300"], ["3.61210", "-0.96800", "1.15350"], ["3.51380", "-2.23190", "0.62010"], ["2.39100", "-2.51600", "-0.14290"], ["1.39340", "-1.54090", "-0.33780"], ["0.28100", "-1.91470", "-1.22140"], ["0.47020", "-2.76790", "-2.09140"], ["-0.99210", "-1.45930", "-1.04190"], ["-1.51910", "-0.47420", "-0.19020"], ["-4.82160", "-1.52560", "-0.09570"], ["-3.42090", "-2.58650", "-0.21890"], ["-3.86870", "-1.51820", "-1.58430"], ["-4.56040", "0.48680", "1.05900"], ["-3.09870", "2.27690", "1.95560"], ["1.26330", "2.33290", "1.37210"], ["0.58340", "4.24720", "-0.07850"], ["0.10420", "3.10250", "-1.41010"], ["2.94630", "3.34860", "-0.16600"], ["2.45750", "2.20900", "-1.49840"], ["4.46750", "-0.67270", "1.75410"], ["4.29010", "-2.97110", "0.77970"], ["2.29250", "-3.49940", "-0.59940"], ["-1.64320", "-1.99460", "-1.60180"]], "bond_dist": [[0.0, 1.5062631011878371, 2.4904830776377502, 3.751608786907292, 4.289505063524229, 3.834700273815413, 5.038844015247943, 6.249733255107773, 6.690206599201552, 7.386198216267961, 5.56562334873642, 6.8323469408395825, 7.623045314046087, 7.429164484651016, 6.272342875672535, 5.1999837778593125, 4.161085037583347, 4.7101164964361555, 2.8679492969716183, 2.5645703129374327, 1.0955130807069353, 1.0949171155845543, 1.0945744469884175, 2.7082173657223305, 4.638912829532368, 6.679595099255643, 7.320775163191396, 6.181487431031467, 8.375379180072983, 7.396607374330477, 8.621474078717629, 8.30787019939527, 6.386743834693857, 2.4599616948237224], [1.5062631011878371, 0.0, 1.396378505277133, 2.3826394313869654, 2.78422734344737, 2.4299712055907166, 3.7521764270886835, 4.852896006509927, 5.327742374589823, 6.07464535754969, 4.478421287686097, 5.688269006472884, 6.632927610791482, 6.6766603515530125, 5.672932576719029, 4.444993302582131, 3.7142864375274023, 4.597377867872077, 2.4060023690761403, 1.4167440065163504, 2.164202176322721, 2.1500317020918556, 2.1466460933279152, 2.1730243693985574, 3.382227953583259, 5.224170238420642, 5.910091202341974, 4.934101057943584, 7.022717623541473, 6.219923505960503, 7.575669702409154, 7.645232142976431, 6.036455030893546, 2.5593882140074022], [2.4904830776377502, 1.396378505277133, 0.0, 1.375961412976396, 2.3951832268116777, 2.7751450754870457, 4.196550937377027, 4.956710865079786, 5.2913780832595965, 6.268189005606005, 5.14621829502014, 6.196067846626602, 7.262609312086118, 7.521263147902752, 6.680293211379273, 5.422099206949279, 4.926444552616014, 5.907342455791776, 3.68602592096149, 2.426842683405746, 2.5803051040526195, 3.246630260747288, 3.164768493902832, 1.0851591864791077, 2.1508541652097195, 5.135718400574548, 5.628376187676158, 4.990654680500345, 7.124300794463973, 6.6269349393214965, 8.099891994958945, 8.518852329392733, 7.172495301497241, 3.9412993466622144], [3.751608786907292, 2.3826394313869654, 1.375961412976396, 0.0, 1.3444237501621281, 2.341255359844372, 3.621587754010663, 4.0283333936008825, 4.340105953775783, 5.384214930702525, 4.730681482619603, 5.585247723243796, 6.765541139480271, 7.2670518238141115, 6.633595195668787, 5.350964638268506, 5.188836035181686, 6.31022478521962, 4.147553623523149, 2.7451469505292425, 3.952697911553576, 4.4149251975543145, 4.34994925372699, 2.133690392254696, 1.086106371401991, 4.047111500811412, 4.517565541306513, 4.245452660200088, 6.12879001271866, 5.92589276143266, 7.487874030724609, 8.299216115995533, 7.307549812351606, 4.671782294799277], [4.289505063524229, 2.78422734344737, 2.3951832268116777, 1.3444237501621281, 0.0, 1.3652997546326595, 2.3827883330249877, 2.7033941055643367, 3.2205239247675217, 4.108405452240565, 3.5626073162783465, 4.341177477367172, 5.583357331391213, 6.196929861633097, 5.6787210936970665, 4.3912136204015395, 4.489336113502753, 5.680052888838273, 3.7171453536282386, 2.408835934637309, 4.776639075751904, 4.8036243046266645, 4.785010730395492, 3.362749525314069, 2.0579057437113097, 2.760552861294274, 3.534638943371727, 3.303859759432897, 4.8464198992658485, 4.676809485108411, 6.280717836362338, 7.252380973170122, 6.467658432539554, 4.469447761189294], [3.834700273815413, 2.4299712055907166, 2.7751450754870457, 2.341255359844372, 1.3652997546326595, 0.0, 1.4251920642495874, 2.459693564247384, 3.2408600293749186, 3.771133450303768, 2.484985032148081, 3.5525050133673286, 4.717246312203764, 5.133827173756437, 4.455631910290616, 3.1102139122574832, 3.1348720452356584, 4.329820672960949, 2.484699358071314, 1.4076508871165465, 4.592602791446263, 4.1751694839850515, 4.217181329988077, 3.8593438678096557, 3.296439902379535, 2.8671554858430683, 3.9249758470594442, 3.191128986738079, 4.657077871369556, 4.055782417733969, 5.565372003738834, 6.199446905974758, 5.193093080236478, 3.352328660796849], [5.038844015247943, 3.7521764270886835, 4.196550937377027, 3.621587754010663, 2.3827883330249877, 1.4251920642495874, 0.0, 1.492226675140208, 2.614861179871696, 2.6152219179258958, 1.4193804458283903, 2.386442123748238, 3.630302087981109, 4.2042275996905785, 3.7315377018060527, 2.4602065644981925, 2.9815664104627957, 4.131044151301218, 2.950794865794639, 2.4773383943256517, 5.899473361241663, 5.2499797961516, 5.289178477797852, 5.279438842339212, 4.439953018895583, 2.152719782043172, 3.4898224854568185, 2.8087339977292265, 3.4904590529040727, 2.81085053320165, 4.448298130746185, 5.287232272181732, 4.624044212591398, 3.927607807559202], [6.249733255107773, 4.852896006509927, 4.956710865079786, 4.0283333936008825, 2.7033941055643367, 2.459693564247384, 1.492226675140208, 0.0, 1.509589063288417, 1.5097605141213621, 2.453225855888528, 2.715488508537644, 4.04898818224998, 4.973245545918681, 4.831647208768455, 3.7363025051513157, 4.410949508892615, 5.496870365034999, 4.3916558118777935, 3.7603361565157973, 7.010743854256836, 6.587245024287467, 6.484696379939465, 5.986118510353766, 4.555698523827054, 1.0884432415151468, 2.2241425561325876, 2.232955292879819, 2.2244517189635737, 2.2341769513626266, 4.580000717248852, 6.011001804192043, 5.816917789517057, 5.334011887875766], [6.690206599201552, 5.327742374589823, 5.2913780832595965, 4.340105953775783, 3.2205239247675217, 3.2408600293749186, 2.614861179871696, 1.509589063288417, 0.0, 1.4973860524260267, 3.7587739144566807, 4.123767527395306, 5.413092640995534, 6.290887994552121, 6.052728119616807, 4.884383065444396, 5.273346456473346, 6.25932891370952, 5.088961525694609, 4.419939450942739, 7.388164793099841, 7.223356754999714, 6.753028895243971, 6.22931597368443, 4.718522520874516, 2.224086853070266, 1.0830494402380717, 1.0830393713988424, 2.227176461351907, 2.2234185818239443, 5.908942938462006, 7.320051978640589, 6.967265359522343, 5.900926488272837], [7.386198216267961, 6.07464535754969, 6.268189005606005, 5.384214930702525, 4.108405452240565, 3.771133450303768, 2.6152219179258958, 1.5097605141213621, 1.4973860524260267, 0.0, 3.225698536751381, 3.2422346074891, 4.381153378963124, 5.323813786187492, 5.306875395183121, 4.380963558396714, 5.076070545215068, 5.967437160121587, 5.283976311453336, 4.91623636535104, 8.206569269798434, 7.738192045949751, 7.453489841007365, 7.286802374841793, 5.870803983271798, 2.223836653173969, 2.22733955651131, 2.2238832231032277, 1.0830726291435857, 1.0831242587995156, 4.774097190045465, 6.277667307208945, 6.2651418882576, 6.1674660023384], [5.56562334873642, 4.478421287686097, 5.14621829502014, 4.730681482619603, 3.5626073162783465, 2.484985032148081, 1.4193804458283903, 2.453225855888528, 3.7587739144566807, 3.225698536751381, 0.0, 1.3695958454960355, 2.352119576042, 2.786390579226107, 2.4106422152613196, 1.3890603190646544, 2.5302549772700775, 3.5717225326164406, 3.0823205073450746, 3.109605237003566, 6.504503708200957, 5.500646262940383, 5.852762552846305, 6.2188166366279045, 5.584222755227445, 2.869897634062929, 4.6481556396058865, 4.038774653282849, 3.913747162247454, 3.1717888785352657, 3.305852499734373, 3.86994006542737, 3.4004527477969755, 4.065690760498147], [6.8323469408395825, 5.688269006472884, 6.196067846626602, 5.585247723243796, 4.341177477367172, 3.5525050133673286, 2.386442123748238, 2.715488508537644, 4.123767527395306, 3.2422346074891, 1.3695958454960355, 0.0, 1.3494256778348332, 2.398773073885898, 2.7567798805853183, 2.388759889566132, 3.7657368269702545, 4.675517255876616, 4.429662629365807, 4.37933523379976, 7.724708364074336, 6.7261975268349055, 7.187674354059177, 7.255542384963373, 6.290211742064014, 2.766849076115284, 4.860805771680247, 4.690206232139477, 3.5580677972742447, 3.3296904075304057, 2.0618929773390278, 3.3759555402878156, 3.8452715339752017, 5.406545028019281], [7.623045314046087, 6.632927610791482, 7.262609312086118, 6.765541139480271, 5.583357331391213, 4.717246312203764, 3.630302087981109, 4.04898818224998, 5.413092640995534, 4.381153378963124, 2.352119576042, 1.3494256778348332, 0.0, 1.3753623740672856, 2.3596699281891103, 2.7340116660321696, 4.199121111613715, 4.862155039691762, 5.1244330896207435, 5.327155110375518, 8.543928492795336, 7.3461631488825505, 7.985025830891219, 8.301513689683345, 7.497171270552648, 4.05716504594033, 6.155417023240586, 5.953686053194273, 4.562609500055861, 4.296394275436089, 1.0861084706418602, 2.147514854430581, 3.349923660324217, 6.021940197311826], [7.429164484651016, 6.6766603515530125, 7.521263147902752, 7.2670518238141115, 6.196929861633097, 5.133827173756437, 4.2042275996905785, 4.973245545918681, 6.290887994552121, 5.323813786187492, 2.786390579226107, 2.398773073885898, 1.3753623740672856, 0.0, 1.3869252503289424, 2.4271690443807166, 3.733997044722986, 4.111329372599573, 4.864389948390239, 5.392233098633626, 8.395839594108502, 6.994263810437807, 7.737574122423642, 8.53092424887245, 8.114061494713976, 5.1446723209549505, 7.1452097890824735, 6.648526721011205, 5.664096548435593, 5.0324352703239015, 2.15095428356811, 1.0837575789815728, 2.1413337409194297, 5.620302474066676], [6.272342875672535, 5.672932576719029, 6.680293211379273, 6.633595195668787, 5.6787210936970665, 4.455631910290616, 3.7315377018060527, 4.831647208768455, 6.052728119616807, 5.306875395183121, 2.4106422152613196, 2.7567798805853183, 2.3596699281891103, 1.3869252503289424, 0.0, 1.4085495305455185, 2.4447543721200296, 2.7476496319581942, 3.6565258784808288, 4.411356541926757, 7.28043396783461, 5.812824430515684, 6.500544814859752, 7.667028981946006, 7.583692949348622, 5.203725924758144, 7.000888469330161, 6.196998654994206, 5.8908764084811684, 4.91603778463917, 3.3627691178551053, 2.1598350816671164, 1.0886551611966022, 4.321460032211336], [5.1999837778593125, 4.444993302582131, 5.422099206949279, 5.350964638268506, 4.3912136204015395, 3.1102139122574832, 2.4602065644981925, 3.7363025051513157, 4.884383065444396, 4.380963558396714, 1.3890603190646544, 2.388759889566132, 2.7340116660321696, 2.4271690443807166, 1.4085495305455185, 0.0, 1.468982355237802, 2.330866834463093, 2.488579036317714, 3.1052038419401713, 6.219732429936195, 4.927971292530021, 5.407769775979744, 6.442852781959245, 6.325681213118473, 4.2363912071478955, 5.850251114268515, 4.936904646638418, 5.133052103768283, 4.067069114239393, 3.8183645268622537, 3.4183547475357208, 2.1708379994831493, 3.3203131252940588], [4.161085037583347, 3.7142864375274023, 4.926444552616014, 5.188836035181686, 4.489336113502753, 3.1348720452356584, 2.9815664104627957, 4.410949508892615, 5.273346456473346, 5.076070545215068, 2.5302549772700775, 3.7657368269702545, 4.199121111613715, 3.733997044722986, 2.4447543721200296, 1.468982355237802, 0.0, 1.2331451171699137, 1.36396225021076, 2.525623427987633, 5.239763931705321, 3.893633919618022, 4.184365991401804, 5.865712264508036, 6.251816667977397, 5.072796201307519, 6.274287033599913, 5.023859250616004, 5.993331305709705, 4.671058010772293, 5.284216734767794, 4.6036143387560164, 2.6352021440489155, 1.9630674491723406], [4.7101164964361555, 4.597377867872077, 5.907342455791776, 6.31022478521962, 5.680052888838273, 4.329820672960949, 4.131044151301218, 5.496870365034999, 6.25932891370952, 5.967437160121587, 3.5717225326164406, 4.675517255876616, 4.862155039691762, 4.111329372599573, 2.7476496319581942, 2.330866834463093, 1.2331451171699137, 0.0, 2.225355140196728, 3.5823086997074944, 5.7904468756737595, 4.322015897703293, 4.543671831239576, 6.769418631610842, 7.386830392665044, 6.216349451245481, 7.299055326547402, 5.921125049346618, 6.873849621573053, 5.391710665456745, 5.929261385703957, 4.782900946078645, 2.4661576470290782, 2.3030763361208852], [2.8679492969716183, 2.4060023690761403, 3.68602592096149, 4.147553623523149, 3.7171453536282386, 2.484699358071314, 2.950794865794639, 4.3916558118777935, 5.088961525694609, 5.283976311453336, 3.0823205073450746, 4.429662629365807, 5.1244330896207435, 4.864389948390239, 3.6565258784808288, 2.488579036317714, 1.36396225021076, 2.225355140196728, 0.0, 1.404828779602696, 3.945219940637024, 2.80124584426287, 2.927882260269357, 4.575352544886568, 5.232777489058751, 5.029414081182817, 5.9978731280346365, 4.706109239063624, 6.276471762065054, 5.05614055382166, 6.184140014585699, 5.788385149590513, 3.891839079407061, 1.0119117105755817], [2.5645703129374327, 1.4167440065163504, 2.426842683405746, 2.7451469505292425, 2.408835934637309, 1.4076508871165465, 2.4773383943256517, 3.7603361565157973, 4.419939450942739, 4.91623636535104, 3.109605237003566, 4.37933523379976, 5.327155110375518, 5.392233098633626, 4.411356541926757, 3.1052038419401713, 2.525623427987633, 3.5823086997074944, 1.404828779602696, 0.0, 3.467113851606261, 2.8424422984468833, 2.924734341782173, 3.425423671606185, 3.8299014360685577, 4.249981348194366, 5.1695842289298275, 4.112911595208436, 5.878280585341261, 4.972353269831097, 6.29754589502927, 6.397032144674591, 4.883397817094159, 2.078372327086752], [1.0955130807069353, 2.164202176322721, 2.5803051040526195, 3.952697911553576, 4.776639075751904, 4.592602791446263, 5.899473361241663, 7.010743854256836, 7.388164793099841, 8.206569269798434, 6.504503708200957, 7.724708364074336, 8.543928492795336, 8.395839594108502, 7.28043396783461, 6.219732429936195, 5.239763931705321, 5.7904468756737595, 3.945219940637024, 3.467113851606261, 0.0, 1.7614333765430925, 1.7674849730620061, 2.3348043365558495, 4.6513677934560285, 7.353126348703659, 7.908194527197723, 6.885525587055791, 9.17077085854837, 8.300608487333925, 9.509814785788418, 9.267085426389464, 7.4000012797296195, 3.548312947021443], [1.0949171155845543, 2.1500317020918556, 3.246630260747288, 4.4149251975543145, 4.8036243046266645, 4.1751694839850515, 5.2499797961516, 6.587245024287467, 7.223356754999714, 7.738192045949751, 5.500646262940383, 6.7261975268349055, 7.3461631488825505, 6.994263810437807, 5.812824430515684, 4.927971292530021, 3.893633919618022, 4.322015897703293, 2.80124584426287, 2.8424422984468833, 1.7614333765430925, 0.0, 1.790560496045861, 3.5180479743744257, 5.3371268159937895, 6.976640093913402, 7.921716123416693, 6.797794381268089, 8.704564679523038, 7.693473016785073, 8.353574923348686, 7.784898208711531, 5.7983709970990995, 2.328728260231322], [1.0945744469884175, 2.1466460933279152, 3.164768493902832, 4.34994925372699, 4.785010730395492, 4.217181329988077, 5.289178477797852, 6.484696379939465, 6.753028895243971, 7.453489841007365, 5.852762552846305, 7.187674354059177, 7.985025830891219, 7.737574122423642, 6.500544814859752, 5.407769775979744, 4.184365991401804, 4.543671831239576, 2.927882260269357, 2.924734341782173, 1.7674849730620061, 1.790560496045861, 0.0, 3.389027704224325, 5.246577553033978, 7.064608706078491, 7.438310642209022, 6.096322542320084, 8.493617729212916, 7.343037865216276, 9.019535201439153, 8.617739370043632, 6.546416339494457, 2.275986260942715], [2.7082173657223305, 2.1730243693985574, 1.0851591864791077, 2.133690392254696, 3.362749525314069, 3.8593438678096557, 5.279438842339212, 5.986118510353766, 6.22931597368443, 7.286802374841793, 6.2188166366279045, 7.255542384963373, 8.301513689683345, 8.53092424887245, 7.667028981946006, 6.442852781959245, 5.865712264508036, 6.769418631610842, 4.575352544886568, 3.425423671606185, 2.3348043365558495, 3.5180479743744257, 3.389027704224325, 0.0, 2.4788942010501374, 6.117319552712608, 6.4724951023542685, 5.890401892910194, 8.126565641770206, 7.665323738107868, 9.128558630473925, 9.506125980124606, 8.099525875630004, 4.663395591197469], [4.638912829532368, 3.382227953583259, 2.1508541652097195, 1.086106371401991, 2.0579057437113097, 3.296439902379535, 4.439953018895583, 4.555698523827054, 4.718522520874516, 5.870803983271798, 5.584222755227445, 6.290211742064014, 7.497171270552648, 8.114061494713976, 7.583692949348622, 6.325681213118473, 6.251816667977397, 7.386830392665044, 5.232777489058751, 3.8299014360685577, 4.6513677934560285, 5.3371268159937895, 5.246577553033978, 2.4788942010501374, 0.0, 4.401210316492499, 4.6451593417233825, 4.718910918845576, 6.495517873888117, 6.542635925221577, 8.123307506797955, 9.13885169208911, 8.304137771617231, 5.746241141824801], [6.679595099255643, 5.224170238420642, 5.135718400574548, 4.047111500811412, 2.760552861294274, 2.8671554858430683, 2.152719782043172, 1.0884432415151468, 2.224086853070266, 2.223836653173969, 2.869897634062929, 2.766849076115284, 4.05716504594033, 5.1446723209549505, 5.203725924758144, 4.2363912071478955, 5.072796201307519, 6.216349451245481, 5.029414081182817, 4.249981348194366, 7.353126348703659, 6.976640093913402, 7.064608706078491, 6.117319552712608, 4.401210316492499, 0.0, 2.496206894470088, 3.110696675987551, 2.495974178552334, 3.111468318977392, 4.409813261352458, 6.135541703875869, 6.241937854544853, 6.001589765220546], [7.320775163191396, 5.910091202341974, 5.628376187676158, 4.517565541306513, 3.534638943371727, 3.9249758470594442, 3.4898224854568185, 2.2241425561325876, 1.0830494402380717, 2.22733955651131, 4.6481556396058865, 4.860805771680247, 6.155417023240586, 7.1452097890824735, 7.000888469330161, 5.850251114268515, 6.274287033599913, 7.299055326547402, 5.9978731280346365, 5.1695842289298275, 7.908194527197723, 7.921716123416693, 7.438310642209022, 6.4724951023542685, 4.6451593417233825, 2.496206894470088, 0.0, 1.820200343368828, 2.5295127238264685, 3.1116918324281406, 6.530702227172818, 8.159656060153516, 7.949979319469957, 6.79987188776377], [6.181487431031467, 4.934101057943584, 4.990654680500345, 4.245452660200088, 3.303859759432897, 3.191128986738079, 2.8087339977292265, 2.232955292879819, 1.0830393713988424, 2.2238832231032277, 4.038774653282849, 4.690206232139477, 5.953686053194273, 6.648526721011205, 6.196998654994206, 4.936904646638418, 5.023859250616004, 5.921125049346618, 4.706109239063624, 4.112911595208436, 6.885525587055791, 6.797794381268089, 6.096322542320084, 5.890401892910194, 4.718910918845576, 3.110696675987551, 1.820200343368828, 0.0, 3.112215035951083, 2.5187616064248717, 6.580477457601386, 7.6945175163878865, 7.002212149742395, 5.391714389690908], [8.375379180072983, 7.022717623541473, 7.124300794463973, 6.12879001271866, 4.8464198992658485, 4.657077871369556, 3.4904590529040727, 2.2244517189635737, 2.227176461351907, 1.0830726291435857, 3.913747162247454, 3.5580677972742447, 4.562609500055861, 5.664096548435593, 5.8908764084811684, 5.133052103768283, 5.993331305709705, 6.873849621573053, 6.276471762065054, 5.878280585341261, 9.17077085854837, 8.704564679523038, 8.493617729212916, 8.126565641770206, 6.495517873888117, 2.495974178552334, 2.5295127238264685, 3.112215035951083, 0.0, 1.82013828046113, 4.7086821022447465, 6.529835757505696, 6.892778394812936, 7.188519884510302], [7.396607374330477, 6.219923505960503, 6.6269349393214965, 5.92589276143266, 4.676809485108411, 4.055782417733969, 2.81085053320165, 2.2341769513626266, 2.2234185818239443, 1.0831242587995156, 3.1717888785352657, 3.3296904075304057, 4.296394275436089, 5.0324352703239015, 4.91603778463917, 4.067069114239393, 4.671058010772293, 5.391710665456745, 5.05614055382166, 4.972353269831097, 8.300608487333925, 7.693473016785073, 7.343037865216276, 7.665323738107868, 6.542635925221577, 3.111468318977392, 3.1116918324281406, 2.5187616064248717, 1.82013828046113, 0.0, 4.787802328835224, 5.948243302017831, 5.781112052192035, 5.8733878647676585], [8.621474078717629, 7.575669702409154, 8.099891994958945, 7.487874030724609, 6.280717836362338, 5.565372003738834, 4.448298130746185, 4.580000717248852, 5.908942938462006, 4.774097190045465, 3.305852499734373, 2.0618929773390278, 1.0861084706418602, 2.15095428356811, 3.3627691178551053, 3.8183645268622537, 5.284216734767794, 5.929261385703957, 6.184140014585699, 6.29754589502927, 9.509814785788418, 8.353574923348686, 9.019535201439153, 9.128558630473925, 8.123307506797955, 4.409813261352458, 6.530702227172818, 6.580477457601386, 4.7086821022447465, 4.787802328835224, 0.0, 2.5027122647240136, 4.273151078536775, 7.095783178057233], [8.30787019939527, 7.645232142976431, 8.518852329392733, 8.299216115995533, 7.252380973170122, 6.199446905974758, 5.287232272181732, 6.011001804192043, 7.320051978640589, 6.277667307208945, 3.86994006542737, 3.3759555402878156, 2.147514854430581, 1.0837575789815728, 2.1598350816671164, 3.4183547475357208, 4.6036143387560164, 4.782900946078645, 5.788385149590513, 6.397032144674591, 9.267085426389464, 7.784898208711531, 8.617739370043632, 9.506125980124606, 9.13885169208911, 6.135541703875869, 8.159656060153516, 7.6945175163878865, 6.529835757505696, 5.948243302017831, 2.5027122647240136, 0.0, 2.484234984859524, 6.467545391413964], [6.386743834693857, 6.036455030893546, 7.172495301497241, 7.307549812351606, 6.467658432539554, 5.193093080236478, 4.624044212591398, 5.816917789517057, 6.967265359522343, 6.2651418882576, 3.