{"total energy": -30.2782903, "HOMO-LUMO gap/eV": 4.90343321, "electronic energy": -30.62493999, "dipole": [-0.35683569, 0.38729595, 0.84351896], "partial charges": [-0.10851211, -0.01140039, -0.10851876, -0.0683119, 0.08082518, -0.274618, 0.35589359, -0.41011253, -0.14286579, 0.03882467, 0.03684292, 0.03575617, 0.036527, 0.03574391, 0.03883769, 0.036853, 0.0463611, 0.04636502, 0.05270229, 0.05272493, 0.0738898, 0.07809298, 0.07809923], "atomic dipole moments": [[0.01526401, -0.06292635, 0.08603061], [0.07156336, -0.033596, -0.06078697], [0.0354533, 0.09969535, 0.01987784], [-0.00138055, -0.05230947, -0.12908229], [0.18684207, 0.04147676, 0.15901172], [-0.04670189, -0.07844834, -0.20723419], [-0.14251281, 0.04092349, 0.05709426], [0.01436408, 0.06575637, 0.16613487], [-0.09861435, -0.0036648, -0.03913568], [-0.12166937, 0.00888661, -0.03097057], [0.05953652, -0.04261097, -0.10507089], [0.03941857, 0.11803699, 0.02093033], [-0.07160267, 0.04406746, 0.0865412], [0.01534452, -0.07578168, 0.09973635], [-0.12299869, -0.00188508, -0.02656191], [0.05795852, -0.05532603, -0.09989114], [0.00856317, -0.0586003, 0.10932309], [0.03002315, 0.11413745, 0.03908047], [-0.01891503, -0.12473751, -0.02490388], [0.00569236, 0.07335902, -0.10544689], [0.09728425, -0.04294754, -0.07588384], [0.02360761, 0.13235611, 0.02430278], [-0.00277324, -0.08007132, 0.11064755]], "atomic quadrupole moments": [[-0.10448359, -0.01214182, 0.00400358, 0.03350647, -0.16144216, 0.10048001], [-0.00014257, 0.07195707, 0.05714125, 0.14660784, -0.0817565, -0.05699868], [-0.08181835, 0.09044142, 0.1859815, 0.02768409, 0.05326694, -0.10416316], [0.2070286, -0.08077142, -0.17525753, -0.06822318, 0.08494807, -0.03177108], [0.41965805, -0.03119442, -0.35650839, 0.17637008, 0.11852097, -0.06314965], [0.07751635, -0.00157984, -0.06742421, 0.0431379, 0.02160509, -0.01009214], [-0.12948868, 0.01686223, 0.3681442, -0.14538024, -0.27492358, -0.23865551], [-0.10942195, 0.0337738, 0.16206336, -0.0141459, -0.10451326, -0.0526414], [0.1491946, 0.02309242, -0.14566166, 0.15160604, 0.04524034, -0.00353295], [0.0786723, 0.00262507, -0.04830998, 0.0184827, -0.01103778, -0.03036231], [-0.00797791, -0.03712382, -0.01401927, -0.04722101, 0.03191412, 0.02199719], [-0.03424448, 0.04294381, 0.05811195, 0.01707011, 0.02433862, -0.02386747], [0.00202911, -0.00922533, -0.013627, -0.01567214, 0.01518194, 0.01159789], [-0.04570962, -0.00685575, -0.0005146, 0.02512448, -0.0499513, 0.04622422], [0.07467191, -0.01230193, -0.02822897, 0.02753109, 0.00465183, -0.04644294], [-0.00183706, -0.01301125, -0.02434109, -0.05792734, 0.02889883, 0.02617815], [-0.02089907, -0.00889805, 0.00573939, -0.00487768, -0.05104072, 0.01515968], [-0.01479533, 0.01887173, 0.05663391, -0.00617364, 0.00872694, -0.04183858], [0.00219256, 0.01168622, 0.03126107, 0.00643255, 0.01137459, -0.03345363], [-0.0009264, -0.00335994, -0.01003084, 0.00472074, -0.0348651, 0.01095725], [0.03631675, -0.03129379, -0.03786904, -0.04960423, 0.028465, 0.00155228], [-0.02954619, 0.00886743, 0.0707937, 0.00051798, 0.03778077, -0.04124751], [-0.03010926, 0.00098791, -0.02045792, -0.01261669, -0.05658155, 0.05056718]], "number of molecular orbitals": 50, "number of electrons": 54, "number of unpaired electrons": 0, "orbital energies/eV": [-20.03516213, -19.30947035, -18.26317215, -17.3173346, -16.96063574, -16.43935535, -16.21405177, -16.14066869, -15.80936404, -15.26375667, -15.25376299, -14.75485695, -14.3008691, -13.98811159, -13.67376619, -13.5136702, -13.37348585, -13.12024869, -13.0925249, -12.77432322, -12.71886578, -12.46060755, -12.0556439, -12.0203353, -11.71968398, -11.69618104, -11.32513127, -6.42169806, -0.19957602, 1.96795904, 2.50589366, 2.55507342, 2.94243917, 3.19965146, 3.53520089, 3.88126897, 3.98796015, 4.31216839, 4.63301665, 5.29383731, 5.32877224, 5.71112954, 5.73510047, 5.8777421, 6.81928129, 6.84277203, 7.00013889, 7.44793565, 7.62316186, 16.1575973], "fractional occupation": [2.0, 2.0, 2.0, 2.0, 2.0, 2.0, 2.0, 2.0, 2.0, 2.0, 2.0, 2.0, 2.0, 2.0, 2.0, 2.0, 2.0, 2.0, 2.0, 2.0, 2.0, 2.0, 2.0, 2.0, 2.0, 2.0, 2.0, 0.0, 0.0, 0.0, 0.0, 0.0, 0.0, 0.0, 0.0, 0.0, 0.0, 0.0, 0.0, 0.0, 0.0, 0.0, 0.0, 0.0, 0.0, 0.0, 0.0, 0.0, 0.0, 0.0], "program call": "xtb /home/svss/Project-DBcg-Debug/aqme2_20220329/End-to-End-workflows-final/example-3/QDESCP/mol_76_rdkit_conf_5/mol_76_rdkit_conf_5.xyz --pop --wbo --acc 0.2 --gfn 2 --chrg 0 --uhf 0 --etemp 300 --input /home/svss/Project-DBcg-Debug/aqme2_20220329/End-to-End-workflows-final/example-3/QDESCP/mol_76_rdkit_conf_5/mol_76_rdkit_conf_5_xtb.inp", "method": "GFN2-xTB", "xtb version": "6.3.3 (7355c4f)", "Dipole module/D": 2.528, "Total charge": 0, "Transition dipole module/D": NaN, "HOMO": -11.3251, "LUMO": -6.4217, "HOMO occupancy": 2.0, "LUMO occupancy": 0, "mulliken charges": [-0.09463, -0.00308, -0.09464, -0.0671, 0.19858, -0.4242, 0.58, -0.52965, -0.11817, 0.03335, 0.02986, 0.0316, 0.02592, 0.03159, 0.03336, 0.02987, 0.03806, 0.03806, 0.03936, 0.03938, 0.05775, 0.06236, 0.06236], "cm5 charges": [-0.24305, -0.07721, -0.24306, -0.17193, 0.11743, -0.5079, 0.62733, -0.57811, -0.25637, 0.08469, 0.08219, 0.08316, 0.0838, 0.08315, 0.0847, 0.0822, 0.09552, 0.09552, 0.10563, 0.10566, 0.11255, 0.11704, 0.11705], "FUKUI+": [0.01, 0.003, 0.01, 0.004, 0.027, -0.125, -0.191, -0.284, 0.052, -0.024, 0.003, -0.008, -0.026, -0.008, -0.024, 0.003, -0.021, -0.021, -0.038, -0.038, -0.084, -0.111, -0.111], "FUKUI-": [0.021, -0.01, 0.021, 0.001, 0.008, -0.06, -0.019, -0.144, -0.001, -0.067, -0.071, -0.046, -0.119, -0.046, -0.067, -0.071, -0.049, -0.049, -0.036, -0.036, -0.048, -0.056, -0.056], "FUKUIrad": [0.016, -0.003, 0.016, 0.003, 0.018, -0.093, -0.105, -0.214, 0.025, -0.046, -0.034, -0.027, -0.072, -0.027, -0.046, -0.034, -0.035, -0.035, -0.037, -0.037, -0.066, -0.083, -0.083], "s proportion": [1.013, 1.053, 1.013, 1.039, 0.999, 1.701, 0.985, 1.731, 1.018, 0.967, 0.97, 0.968, 0.974, 0.968, 0.967, 0.97, 0.962, 0.962, 0.961, 0.961, 0.942, 0.938, 0.938], "p proportion": [3.082, 2.95, 3.082, 3.028, 2.803, 4.724, 2.435, 4.799, 3.1, 0.0, 0.0, 0.0, 0.0, 0.0, 0.0, 0.0, 0.0, 0.0, 0.0, 0.0, 0.0, 0.0, 0.0], "d proportion": [0.0, 0.0, 0.0, 0.0, 0.0, 0.0, 0.0, 0.0, 0.0, 0.0, 0.0, 0.0, 0.0, 0.0, 0.0, 0.0, 0.0, 0.0, 0.0, 0.0, 0.0, 0.0, 0.0], "Fermi-level/eV": -8.8734, "Coordination numbers": [3.752, 3.848, 3.752, 3.8, 3.702, 1.702, 2.717, 0.856, 3.751, 0.924, 0.924, 0.924, 0.923, 0.924, 0.924, 0.924, 0.923, 0.923, 0.924, 0.924, 0.924, 0.924, 0.924], "Dispersion coefficient C6": [22.636, 20.746, 22.636, 21.809, 19.382, 18.556, 20.959, 21.885, 23.317, 2.465, 2.491, 2.506, 2.496, 2.506, 2.465, 2.491, 2.366, 2.366, 2.287, 2.286, 2.043, 1.999, 1.999], "Total dispersion C6": 3941.829201, "Total dispersion C8": 83631.382655, "Polarizability alpha": [6.785, 6.479, 6.785, 6.649, 6.295, 5.816, 7.494, 6.272, 6.886, 2.455, 2.468, 2.476, 2.471, 2.476, 2.455, 2.468, 2.406, 2.405, 2.365, 2.365, 2.235, 2.211, 2.211], "Total polarizability alpha": 92.927884, "Wiberg matrix": [[0.0, 1.0095777136360151, 0.0, 0.0, 0.0, 0.0, 0.0, 0.0, 0.0, 0.9861941362822594, 0.9852035005104122, 0.9864126653791702, 0.0, 0.0, 0.0, 0.0, 0.0, 0.0, 0.0, 0.0, 0.0, 0.0, 0.0], [1.0095777136360151, 0.0, 1.0095722514552803, 0.9935076171016649, 0.0, 0.0, 0.0, 0.0, 0.0, 0.0, 0.0, 0.0, 0.9682499983606403, 0.0, 0.0, 0.0, 0.0, 0.0, 0.0, 0.0, 0.0, 0.0, 0.0], [0.0, 1.0095722514552803, 0.0, 0.0, 0.0, 0.0, 0.0, 0.0, 0.0, 0.0, 0.0, 0.0, 0.0, 0.9864130550236992, 0.9861958968318301, 0.9852052818677941, 0.0, 0.0, 0.0, 0.0, 0.0, 0.0, 0.0], [0.0, 0.9935076171016649, 0.0, 0.0, 1.0056005648033959, 0.0, 0.0, 0.0, 0.0, 0.0, 0.0, 0.0, 0.0, 0.0, 0.0, 0.0, 0.9748849568008797, 0.9748835996299104, 0.0, 0.0, 0.0, 0.0, 0.0], [0.0, 0.0, 0.0, 1.0056005648033959, 0.0, 0.93730466752977, 0.0, 0.0, 0.0, 0.0, 0.0, 0.0, 0.0, 0.0, 0.0, 0.0, 0.0, 0.0, 0.9681408771884021, 0.9681480224096507, 0.0, 0.0, 0.0], [0.0, 0.0, 0.0, 0.0, 0.93730466752977, 0.0, 1.1236413467158979, 0.17210633713760534, 0.0, 0.0, 0.0, 0.0, 0.0, 0.0, 0.0, 0.0, 0.0, 0.0, 0.0, 0.0, 0.0, 0.0, 0.0], [0.0, 0.0, 0.0, 0.0, 0.0, 1.1236413467158979, 0.0, 1.7548557442554604, 0.9957455453193628, 0.0, 0.0, 0.0, 0.0, 0.0, 0.0, 0.0, 0.0, 0.0, 0.0, 0.0, 0.0, 0.0, 0.0], [0.0, 0.0, 0.0, 0.0, 0.0, 0.17210633713760534, 1.7548557442554604, 0.0, 0.0, 0.0, 0.0, 0.0, 0.0, 0.0, 0.0, 0.0, 0.0, 0.0, 0.0, 0.0, 0.0, 0.0, 0.0], [0.0, 0.0, 0.0, 0.0, 0.0, 0.0, 0.9957455453193628, 0.0, 0.0, 0.0, 0.0, 0.0, 0.0, 0.0, 0.0, 0.0, 0.0, 0.0, 0.0, 0.0, 0.9825168416051688, 0.9630224332624898, 0.9630226765671235], [0.9861941362822594, 0.0, 0.0, 0.0, 0.0, 0.0, 0.0, 0.0, 0.0, 0.0, 0.0, 0.0, 0.0, 0.0, 0.0, 0.0, 0.0, 0.0, 0.0, 0.0, 0.0, 0.0, 0.0], [0.9852035005104122, 0.0, 0.0, 0.0, 0.0, 0.0, 0.0, 0.0, 0.0, 0.0, 0.0, 0.0, 0.0, 0.0, 0.0, 0.0, 0.0, 0.0, 0.0, 0.0, 0.0, 0.0, 0.0], [0.9864126653791702, 0.0, 0.0, 0.0, 0.0, 0.0, 0.0, 0.0, 0.0, 0.0, 0.0, 0.0, 0.0, 0.0, 0.0, 0.0, 0.0, 0.0, 0.0, 0.0, 0.0, 0.0, 0.0], [0.0, 0.9682499983606403, 0.0, 0.0, 0.0, 0.0, 0.0, 0.0, 0.0, 0.0, 0.0, 0.0, 0.0, 0.0, 0.0, 0.0, 0.0, 0.0, 0.0, 0.0, 0.0, 0.0, 0.0], [0.0, 0.0, 0.9864130550236992, 0.0, 0.0, 0.0, 0.0, 0.0, 0.0, 0.0, 0.0, 0.0, 0.0, 0.0, 0.0, 0.0, 0.0, 0.0, 0.0, 0.0, 0.0, 0.0, 0.0], [0.0, 0.0, 0.9861958968318301, 0.0, 0.0, 0.0, 0.0, 0.0, 0.0, 0.0, 0.0, 0.0, 0.0, 0.0, 0.0, 0.0, 0.0, 0.0, 0.0, 0.0, 0.0, 0.0, 0.0], [0.0, 0.0, 0.9852052818677941, 0.0, 0.0, 0.0, 0.0, 0.0, 0.0, 0.0, 0.0, 0.0, 0.0, 0.0, 0.0, 0.0, 0.0, 0.0, 0.0, 0.0, 0.0, 0.0, 0.0], [0.0, 0.0, 0.0, 0.9748849568008797, 0.0, 0.0, 0.0, 0.0, 0.0, 0.0, 0.0, 0.0, 0.0, 0.0, 0.0, 0.0, 0.0, 0.0, 0.0, 0.0, 0.0, 0.0, 0.0], [0.0, 0.0, 0.0, 0.9748835996299104, 0.0, 0.0, 0.0, 0.0, 0.0, 0.0, 0.0, 0.0, 0.0, 0.0, 0.0, 0.0, 0.0, 0.0, 0.0, 0.0, 0.0, 0.0, 0.0], [0.0, 0.0, 0.0, 0.0, 0.9681408771884021, 0.0, 0.0, 0.0, 0.0, 0.0, 0.0, 0.0, 0.0, 0.0, 0.0, 0.0, 0.0, 0.0, 0.0, 0.0, 0.0, 0.0, 0.0], [0.0, 0.0, 0.0, 0.0, 0.9681480224096507, 0.0, 0.0, 0.0, 0.0, 0.0, 0.0, 0.0, 0.0, 0.0, 0.0, 0.0, 0.0, 0.0, 0.0, 0.0, 0.0, 0.0, 0.0], [0.0, 0.0, 0.0, 0.0, 0.0, 0.0, 0.0, 0.0, 0.9825168416051688, 0.0, 0.0, 0.0, 0.0, 0.0, 0.0, 0.0, 0.0, 0.0, 0.0, 0.0, 0.0, 0.0, 0.0], [0.0, 0.0, 0.0, 0.0, 0.0, 0.0, 0.0, 0.0, 0.9630224332624898, 0.0, 0.0, 0.0, 0.0, 0.0, 0.0, 0.0, 0.0, 0.0, 0.0, 0.0, 0.0, 0.0, 0.0], [0.0, 0.0, 0.0, 0.0, 0.0, 0.0, 0.0, 0.0, 0.9630226765671235, 0.0, 0.0, 0.0, 0.0, 0.0, 0.0, 0.0, 0.0, 0.0, 0.0, 0.0, 0.0, 0.0, 0.0]], "Born radii": [], "Atomic SASAs": [], "Solvent H bonds": [], "Total SASA": NaN, "Total FOD": 0.0, "FOD": [0.0, 0.0, 0.0, 0.0, 0.0, 0.0, 0.0, 0.0, 0.0, 0.0, 0.0, 0.0, 0.0, 0.0, 0.0, 0.0, 0.0, 0.0, 0.0, 0.0, 0.0, 0.0, 0.0], "FOD s proportion": [0.0, 0.0, 0.0, 0.0, 0.0, 0.0, 0.0, 0.0, 0.0, 0.0, 0.0, 0.0, 0.0, 0.0, 0.0, 0.0, 0.0, 0.0, 0.0, 0.0, 0.0, 0.0, 0.0], "FOD p proportion": [0.0, 0.0, 0.0, 0.0, 0.0, 0.0, 0.0, 0.0, 0.0, 0.0, 0.0, 0.0, 0.0, 0.0, 0.0, 0.0, 0.0, 0.0, 0.0, 0.0, 0.0, 0.0, 0.0], "FOD d proportion": [0.0, 0.0, 0.0, 0.0, 0.0, 0.0, 0.0, 0.0, 0.0, 0.0, 0.0, 0.0, 0.0, 0.0, 0.0, 0.0, 0.0, 0.0, 0.0, 0.0, 0.0, 0.0, 0.0], "coordinates": [["-2.23320", "1.41860", "-0.92990"], ["-2.03690", "0.52880", "0.29740"], ["-2.52030", "-0.89250", "0.00960"], ["-0.58900", "0.55950", "0.81530"], ["0.46880", "0.03440", "-0.15320"], ["1.74630", "0.13920", "0.49500"], ["2.79230", "-0.29710", "-0.25860"], ["2.71250", "-0.74810", "-1.39230"], ["4.07190", "-0.14560", "0.50510"], ["-3.29510", "1.48190", "-1.19150"], ["-1.70070", "1.03030", "-1.80390"], ["-1.87700", "2.43550", "-0.73520"], ["-2.66950", "0.93310", "1.09870"], ["-2.37070", "-1.53900", "0.88060"], ["-3.59010", "-0.89310", "-0.22590"], ["-1.99480", "-1.33700", "-0.84150"], ["-0.52680", "-0.01480", "1.74930"], ["-0.32770", "1.58810", "1.09760"], ["0.27960", "-1.01590", "-0.39900"], ["0.48450", "0.63360", "-1.06960"], ["4.90480", "-0.49900", "-0.10960"], ["4.23820", "0.90770", "0.74450"], ["4.03270", "-0.74660", "1.41700"]], "bond_dist": [[0.0, 1.5285754871775226, 2.5112287570032326, 2.546992243804445, 3.133700134026866, 4.416290821492624, 5.352562043545128, 5.419257434372352, 6.65283643643822, 1.0954784616778188, 1.0946273977934229, 1.0949301986884827, 2.1310293052888785, 3.470477526220275, 2.7714166954826553, 2.767305635451206, 3.484903034519038, 2.7875467260657714, 3.5387581013683316, 2.832248996822137, 7.436472675267488, 6.704002694659363, 7.032605026588654], [1.5285754871775226, 0.0, 1.5285935005749567, 1.5380433381410292, 2.593454107941762, 3.808337716117099, 4.930762562728001, 5.200226923894764, 6.149422093985743, 2.169859456278217, 2.186319825643083, 2.174243698392616, 1.098054160777145, 2.1742450459872273, 2.1698093787243153, 2.1863383224011788, 2.164235795841109, 2.1642091326856563, 2.8700598077392048, 2.8700400694066976, 7.029169277375528, 6.302407764497629, 6.302395852372334], [2.5112287570032326, 1.5285935005749567, 0.0, 2.547032818791309, 3.1337463617848846, 4.416321275677303, 5.3525835967315825, 5.419259249196333, 6.652855078836454, 2.7714132874762654, 2.767252473122032, 3.4704676817397395, 2.1310126254905204, 1.0949810089677354, 1.0954143736504465, 1.0945783252010797, 2.787643382859436, 3.4849124981841366, 2.832246728305993, 3.5387111905325086, 7.436475031895152, 7.032646749268728, 6.70401898639913], [2.546992243804445, 1.5380433381410292, 2.547032818791309, 0.0, 1.5273058305395155, 2.3943413019033026, 3.649686898899685, 4.181293791399978, 4.724127312001657, 3.4929994574863596, 2.8840489194880177, 2.753610402725847, 2.132691438065995, 2.753619659648006, 3.492956542815842, 2.88408948023462, 1.0982009515566813, 1.0981752774489142, 2.170455161941845, 2.170424168221502, 5.670776022732692, 4.840259881452647, 4.840253194823593], [3.133700134026866, 2.593454107941762, 3.1337463617848846, 1.5273058305395155, 0.0, 1.4363678254541903, 2.349394317691264, 2.6799001380648497, 3.6671635496661454, 4.164164544059227, 2.9023021121172072, 3.406872884332493, 3.496261173024693, 3.4069179987196634, 4.16415786804487, 2.902381747806446, 2.147823607748085, 2.147765485335864, 1.0951458213407017, 1.0950233285186213, 4.468166572544045, 3.9720139148799567, 3.972011108997557], [4.416290821492624, 3.808337716117099, 4.416321275677303, 2.3943413019033026, 1.4363678254541903, 0.0, 1.3610241180816747, 2.298422289310648, 2.3429956060564865, 5.482959009513021, 4.238019516236328, 4.4625876596432255, 4.527032200018021, 4.462592475232306, 5.482928511297589, 4.238068888066828, 2.600762984202905, 2.6007525776205624, 2.069951907653895, 2.069913949902266, 3.278561063942534, 2.6196198407402553, 2.6196088639336983], [5.352562043545128, 4.930762562728001, 5.3525835967315825, 3.649686898899685, 2.349394317691264, 1.3610241180816747, 0.0, 1.2227202173841736, 1.4978538313199992, 6.410271614370175, 4.933253677847917, 5.431078420534912, 5.760808499681273, 5.431082880052559, 6.4102507790257315, 4.933304250702565, 3.8894447560030985, 3.8894289400887634, 2.6172594235191897, 2.6172245471109274, 2.1273506669094306, 2.132693006506093, 2.13266916562321], [5.419257434372352, 5.200226923894764, 5.419259249196333, 4.181293791399978, 2.6799001380648497, 2.298422289310648, 1.2227202173841736, 0.0, 2.410622610447351, 6.411277439013227, 4.775819862599509, 5.624108784509774, 6.1642062295156865, 5.62410165804282, 6.411262022410252, 4.775861926396114, 4.571700333573932, 4.571678957450971, 2.6414700717592847, 2.6414416858980627, 2.552165627462293, 3.1040857542922358, 3.1040452284076023], [6.65283643643822, 6.149422093985743, 6.652855078836454, 4.724127312001657, 3.6671635496661454, 2.3429956060564865, 1.4978538313199992, 2.410622610447351, 0.0, 7.733039299654439, 6.327490226780284, 6.602259651816187, 6.8529138773225515, 6.602246479040297, 7.733004671536156, 6.327528301793679, 4.765835075828789, 4.7658422235739195, 3.994541048731381, 3.994530196406081, 1.0938327385848348, 1.0928901774652382, 1.0928399928626331], [1.0954784616778188, 2.169859456278217, 2.7714132874762654, 3.4929994574863596, 4.164164544059227, 5.482959009513021, 6.410271614370175, 6.411277439013227, 7.733039299654439, 0.0, 1.7666600352076798, 1.7687764867274782, 2.4367135326090343, 3.7780882176042425, 2.5807040434734083, 3.1240162131461484, 4.307191709223076, 3.7492292554603805, 4.432329092023741, 3.875544950068313, 8.504871100140202, 7.799257049873405, 8.091176511484594], [1.0946273977934229, 2.186319825643083, 2.767252473122032, 2.8840489194880177, 2.9023021121172072, 4.238019516236328, 4.933253677847917, 4.775819862599509, 6.327490226780284, 1.7666600352076798, 0.0, 1.7742007834515239, 3.0615532071156304, 3.775810209743069, 3.1240012676053768, 2.572317604806996, 3.885293484410155, 3.258062628311494, 3.175258499713055, 2.339159340446905, 6.988708123108305, 6.463737814144383, 6.812007485315911], [1.0949301986884827, 2.174243698392616, 3.4704676817397395, 2.753610402725847, 3.406872884332493, 4.4625876596432255, 5.431078420534912, 5.624108784509774, 6.602259651816187, 1.7687764867274782, 1.7742007834515239, 0.0, 2.499690224807866, 4.318703460530718, 3.7780518868856214, 3.775835375118995, 3.741624029749649, 2.5451076774863575, 4.083640038005309, 2.9892054496136597, 7.415893530114897, 6.474515886921585, 7.048565764749592], [2.1310293052888785, 1.098054160777145, 2.1310126254905204, 2.132691438065995, 3.496261173024693, 4.527032200018021, 5.760808499681273, 6.1642062295156865, 6.8529138773225515, 2.4367135326090343, 3.0615532071156304, 2.499690224807866, 0.0, 2.499625463944549, 2.436611573476577, 3.0615274194427853, 2.431657471766943, 2.431677085881265, 3.8391271273559044, 3.839132863030401, 7.802622622554547, 6.9168216754518115, 6.916805029780729], [3.470477526220275, 2.1742450459872273, 1.0949810089677354, 2.753619659648006, 3.4069179987196634, 4.462592475232306, 5.431082880052559, 5.62410165804282, 6.602246479040297, 3.7780882176042425, 3.775810209743069, 4.318703460530718, 2.499625463944549, 0.0, 1.768746850173874, 1.7741852270831253, 2.5451507892460907, 3.7416162831054707, 2.9891637392421306, 4.083581496676661, 7.415861129363197, 7.0485759774581425, 6.474500311220936], [2.7714166954826553, 2.1698093787243153, 1.0954143736504465, 3.492956542815842, 4.16415786804487, 5.482928511297589, 6.4102507790257315, 6.411262022410252, 7.733004671536156, 2.5807040434734083, 3.1240012676053768, 3.7780518868856214, 2.436611573476577, 1.768746850173874, 0.0, 1.7666331424492185, 3.7492176277191485, 4.307117301629943, 3.8755156482718527, 4.432268915578115, 8.504831950720718, 8.091157994378802, 7.799209094517212], [2.767305635451206, 2.1863383224011788, 1.0945783252010797, 2.88408948023462, 2.902381747806446, 4.238068888066828, 4.933304250702565, 4.775861926396114, 6.327528301793679, 3.1240162131461484, 2.572317604806996, 3.775835375118995, 3.0615274194427853, 1.7741852270831253, 1.7666331424492185, 0.0, 3.258140801131836, 3.8852980876632874, 2.3391893510359525, 3.1752515585383154, 6.988733917527552, 6.812074800675635, 6.463756698700842], [3.484903034519038, 2.164235795841109, 2.787643382859436, 1.0982009515566813, 2.147823607748085, 2.600762984202905, 3.8894447560030985, 4.571700333573932, 4.765835075828789, 4.307191709223076, 3.885293484410155, 3.741624029749649, 2.431657471766943, 2.5451507892460907, 3.7492176277191485, 3.258140801131836, 0.0, 1.741735373126469, 2.5035325162657664, 3.064204213168568, 5.76127046839497, 4.956395291943531, 4.629794248128096], [2.7875467260657714, 2.1642091326856563, 3.4849124981841366, 1.0981752774489142, 2.147765485335864, 2.6007525776205624, 3.8894289400887634, 4.571678957450971, 4.7658422235739195, 3.7492292554603805, 3.258062628311494, 2.5451076774863575, 2.431677085881265, 3.7416162831054707, 4.307117301629943, 3.8852980876632874, 1.741735373126469, 0.0, 3.064219451997523, 2.5034965408404304, 5.761282365932085, 4.629802002245884, 4.956402789322111], [3.5387581013683316, 2.8700598077392048, 2.832246728305993, 2.170455161941845, 1.0951458213407017, 2.069951907653895, 2.6172594235191897, 2.6414700717592847, 3.994541048731381, 4.432329092023741, 3.175258499713055, 4.083640038005309, 3.8391271273559044, 2.9891637392421306, 3.8755156482718527, 2.3391893510359525, 2.5035325162657664, 3.064219451997523, 0.0, 1.7923556064576027, 4.662983273613578, 4.547344628461757, 4.178054343830391], [2.832248996822137, 2.8700400694066976, 3.5387111905325086, 2.170424168221502, 1.0950233285186213, 2.069913949902266, 2.6172245471109274, 2.6414416858980627, 3.994530196406081, 3.875544950068313, 2.339159340446905, 2.9892054496136597, 3.839132863030401, 4.083581496676661, 4.432268915578115, 3.1752515585383154, 3.064204213168568, 2.5034965408404304, 1.7923556064576027, 0.0, 4.662985615461408, 4.178080098562018, 4.547290934171686], [7.436472675267488, 7.029169277375528, 7.436475031895152, 5.670776022732692, 4.468166572544045, 3.278561063942534, 2.1273506669094306, 2.552165627462293, 1.0938327385848348, 8.504871100140202, 6.988708123108305, 7.415893530114897, 7.802622622554547, 7.415861129363197, 8.504831950720718, 6.988733917527552, 5.76127046839497, 5.761282365932085, 4.662983273613578, 4.662985615461408, 0.0, 1.7755695593245564, 1.7754919684414232], [6.704002694659363, 6.302407764497629, 7.032646749268728, 4.840259881452647, 3.9720139148799567, 2.6196198407402553, 2.132693006506093, 3.1040857542922358, 1.0928901774652382, 7.799257049873405, 6.463737814144383, 6.474515886921585, 6.9168216754518115, 7.0485759774581425, 8.091157994378802, 6.812074800675635, 4.956395291943531, 4.629802002245884, 4.547344628461757, 4.178080098562018, 1.7755695593245564, 0.0, 1.7975524999287225], [7.032605026588654, 6.302395852372334, 6.70401898639913, 4.840253194823593, 3.972011108997557, 2.6196088639336983, 2.13266916562321, 3.1040452284076023, 1.0928399928626331, 8.091176511484594, 6.812007485315911, 7.048565764749592, 6.916805029780729, 6.474500311220936, 7.799209094517212, 6.463756698700842, 4.629794248128096, 4.956402789322111, 4.178054343830391, 4.547290934171686, 1.7754919684414232, 1.7975524999287225, 0.0]]}