{"total energy": -49.85745646, "HOMO-LUMO gap/eV": 3.62553075, "electronic energy": -50.46696366, "dipole": [0.66785723, -0.64829603, -0.2338962], "partial charges": [0.03508304, -0.25774004, 0.32887412, -0.3314696, 0.25890414, -0.20187555, 0.06070269, -0.11374478, -0.11464044, -0.37147615, 0.2606058, -0.19978181, 0.05322626, -0.11596467, -0.11045842, -0.35559251, 0.05573292, 0.05662486, 0.06295571, 0.18311781, 0.0377097, 0.03476888, 0.04651331, 0.04738227, 0.04202693, 0.06179475, 0.04601408, 0.18313401, 0.06355809, 0.04203056, 0.04513314, 0.04841729, 0.04320794, 0.03818303, 0.03704265], "atomic dipole moments": [[-0.21154901, -0.15797999, 0.04914989], [0.20610197, -0.08080965, -0.06707851], [0.00696755, 0.14058932, 0.01061782], [0.24970396, -0.11879848, -0.07656123], [-0.02111059, 0.0061211, 0.0063318], [-0.02765566, 0.08446539, -0.13906163], [0.10007472, -0.08758761, 0.06456877], [0.07190932, 0.08947948, 0.03298884], [0.04308468, -0.05707487, -0.11290455], [-0.01533246, 0.28697952, 0.03039336], [0.01847529, 0.00455042, -0.00822464], [0.02276999, 0.04599856, 0.14956627], [-0.09946373, -0.12050633, 0.00948767], [-0.08914183, 0.05569036, 0.06977972], [-0.02104616, 0.01521075, -0.10792482], [-0.23029527, -0.16578753, 0.0438134], [0.09127669, -0.03003594, 0.08447492], [0.03078084, -0.01361382, -0.1238767], [-0.01960389, 0.12015228, 0.01524254], [0.04511676, -0.09714543, -0.07487814], [-0.00056196, 0.08442364, -0.09680676], [0.04272119, -0.05412701, -0.1048803], [-0.0114124, -0.0953154, 0.08463931], [-0.11878243, 0.04195401, -0.02605719], [-0.11605854, 0.04517679, -0.01816123], [0.0705682, 0.10064739, 0.04596331], [-0.00860096, -0.08042758, 0.09883412], [-0.03668486, -0.11800538, 0.0445149], [0.01659162, 0.13028535, -0.02753961], [0.00611634, -0.12596115, 0.01636385], [0.11541954, 0.04627903, 0.02827972], [-0.01705606, 0.01641055, -0.12587708], [0.11276596, 0.04443847, 0.03679532], [-0.00409031, -0.12187946, 0.03628921], [-0.08655317, 0.05931831, 0.07499622]], "atomic quadrupole moments": [[0.25835281, 0.33603113, 0.00866972, -0.13519559, -0.07337909, -0.26702254], [0.05115519, 0.06422544, 0.03103837, -0.03591962, -0.00803562, -0.08219356], [-0.39142716, -0.01490418, 0.07262002, 0.21044025, -0.02327496, 0.31880715], [-0.09682928, 0.0223298, -0.06739851, 0.08040789, -0.02759129, 0.16422779], [-0.11761137, 0.07608818, -0.24858279, 0.19487527, -0.08606821, 0.36619416], [0.11350835, 0.00565136, -0.04096857, 0.02369119, -0.03099826, -0.07253977], [0.21938589, -0.04404541, -0.06701797, 0.0316077, 0.14921762, -0.15236792], [0.01683794, 0.15488003, 0.0745423, 0.05829211, 0.10002208, -0.09138024], [-0.05748385, -0.06738629, -0.07051691, -0.11486605, 0.12656924, 0.12800075], [-0.00683904, -0.00049894, -0.13570978, 0.05361166, -0.02721375, 0.14254882], [-0.11262553, -0.10671708, -0.27064161, 0.159078, -0.03225537, 0.38326714], [0.11663249, -0.00170808, -0.07748948, 0.01712277, 0.04075954, -0.03914302], [0.20836234, 0.03386262, -0.22617926, 0.0182708, 0.07766208, 0.01781692], [0.08070083, -0.12006778, -0.06145347, -0.1398254, 0.09190725, -0.01924736], [-0.09016791, -0.00606652, -0.12358711, 0.05526781, -0.04444272, 0.21375501], [-0.09064074, -0.03124179, -0.06459117, 0.06999975, -0.01595288, 0.15523191], [0.02325107, -0.00885351, -0.01907113, 0.03855798, -0.0369127, -0.00417994], [-0.01808071, 0.01650054, -0.02938064, -0.02496648, 0.02720716, 0.04746136], [-0.02139853, -0.02713863, 0.07447294, -0.01276087, 0.01838113, -0.05307441], [0.00715561, 0.01717198, 0.0603602, 0.01042987, 0.03305909, -0.06751581], [0.00536143, 0.00381882, 1.228e-05, -0.0138334, -0.01188241, -0.00537371], [-0.01885999, -0.00837351, -0.02316889, -0.04922023, 0.03945411, 0.04202888], [-0.04513654, 0.00704964, 0.01082996, 0.00455523, -0.05806136, 0.03430658], [0.05718606, -0.04436664, -0.01109706, 0.02144558, -0.00370005, -0.046089], [0.06383839, -0.04269492, -0.03639828, 0.03182224, -0.00352781, -0.02744011], [0.00686843, 0.05896177, 0.02061694, 0.0106586, 0.02148532, -0.02748537], [-0.05104608, -0.00251479, 0.03488124, -0.00381082, -0.05836405, 0.01616484], [0.00183338, -0.02216707, 0.06503136, 0.00451034, 0.00274242, -0.06686474], [-0.01109437, -0.01586624, 0.01939424, -0.0018393, -0.0046413, -0.00829987], [-0.04198299, 0.00648534, 0.07483599, -0.01151842, -0.03040395, -0.032853], [0.05285016, 0.04310526, -0.02066683, 0.02849877, 0.02516261, -0.03218333], [-0.03441391, -0.01612946, -0.03626185, 0.02379581, -0.02133923, 0.07067576], [0.06339946, 0.047232, -0.0341792, 0.02021204, 0.00575853, -0.02922026], [-0.05172477, 0.00614604, 0.08334069, -0.00053214, -0.0114812, -0.03161592], [0.02275693, -0.0513506, -0.01233893, -0.03871631, 0.0214438, -0.010418]], "number of molecular orbitals": 83, "number of electrons": 90, "number of unpaired electrons": 0, "orbital energies/eV": [-19.40291188, -18.57791267, -18.0197889, -17.92321992, -17.68187261, -17.46676531, -17.36563821, -16.98388276, -16.82935736, -16.39982219, -16.30546342, -16.15165159, -16.06137839, -15.66902202, -15.5591701, -15.36924638, -15.29415523, -14.95201575, -14.63357102, -14.47606594, -14.36279825, -14.11423522, -13.95657231, -13.77841119, -13.73321302, -13.55749674, -13.38122191, -12.94236036, -12.90539272, -12.83439609, -12.7891881, -12.71226897, -12.59626591, -12.56702022, -12.31320215, -12.29907421, -12.09974626, -12.06782055, -11.98262301, -11.72438532, -11.33499052, -10.56831928, -10.4802473, -10.12543395, -9.98683151, -6.36130076, -6.21351501, -2.97870342, 0.2772562, 0.81896056, 1.0358354, 2.0602888, 2.34103466, 2.60236504, 2.78236503, 3.05067674, 3.10946437, 3.74241763, 3.9147707, 4.06012473, 4.15168712, 4.47308286, 4.83346311, 4.90209357, 5.02093115, 5.18285689, 5.49732367, 5.61622317, 5.65583978, 5.86845915, 6.08345199, 6.40928711, 6.48813815, 6.71940287, 6.83587406, 7.08177476, 7.37053307, 8.01565799, 8.2760031, 11.69479106, 12.47604575, 13.08158846, 17.71813066], "fractional occupation": [2.0, 2.0, 2.0, 2.0, 2.0, 2.0, 2.0, 2.0, 2.0, 2.0, 2.0, 2.0, 2.0, 2.0, 2.0, 2.0, 2.0, 2.0, 2.0, 2.0, 2.0, 2.0, 2.0, 2.0, 2.0, 2.0, 2.0, 2.0, 2.0, 2.0, 2.0, 2.0, 2.0, 2.0, 2.0, 2.0, 2.0, 2.0, 2.0, 2.0, 2.0, 2.0, 2.0, 2.0, 2.0, 0.0, 0.0, 0.0, 0.0, 0.0, 0.0, 0.0, 0.0, 0.0, 0.0, 0.0, 0.0, 0.0, 0.0, 0.0, 0.0, 0.0, 0.0, 0.0, 0.0, 0.0, 0.0, 0.0, 0.0, 0.0, 0.0, 0.0, 0.0, 0.0, 0.0, 0.0, 0.0, 0.0, 0.0, 0.0, 0.0, 0.0, 0.0], "program call": "xtb /home/svss/Project-DBcg-Debug/aqme2_20220329/End-to-End-workflows-final/example-3/QDESCP/mol_384_rdkit_conf_14/mol_384_rdkit_conf_14.xyz --pop --wbo --acc 0.2 --gfn 2 --chrg 0 --uhf 0 --etemp 300 --input /home/svss/Project-DBcg-Debug/aqme2_20220329/End-to-End-workflows-final/example-3/QDESCP/mol_384_rdkit_conf_14/mol_384_rdkit_conf_14_xtb.inp", "method": "GFN2-xTB", "xtb version": "6.3.3 (7355c4f)", "Dipole module/D": 2.439, "Total charge": 0, "Transition dipole module/D": NaN, "HOMO": -9.9868, "LUMO": -6.3613, "HOMO occupancy": 2.0, "LUMO occupancy": 0, "mulliken charges": [0.17468, -0.40853, 0.5319, -0.41393, 0.43851, -0.36303, 0.13728, -0.10232, -0.09528, -0.45572, 0.44241, -0.36016, 0.1353, -0.09992, -0.10512, -0.44446, 0.02779, 0.02945, 0.03292, 0.21773, 0.02843, 0.03043, 0.03379, 0.03429, 0.02648, 0.045, 0.02992, 0.21789, 0.03236, 0.03002, 0.03072, 0.03754, 0.03216, 0.03033, 0.04113], "cm5 charges": [0.05845, -0.48012, 0.71233, -0.58779, 0.65552, -0.70065, 0.12531, -0.24535, -0.23641, -0.6313, 0.66016, -0.69913, 0.12333, -0.24211, -0.24726, -0.62608, 0.09023, 0.0918, 0.09222, 0.41999, 0.09913, 0.08392, 0.08773, 0.08604, 0.07836, 0.10158, 0.08401, 0.41971, 0.1039, 0.08398, 0.08248, 0.09119, 0.08401, 0.0844, 0.09641], "FUKUI+": [0.028, -0.075, -0.063, -0.101, -0.051, -0.056, 0.008, 0.014, 0.012, -0.098, -0.051, -0.055, 0.008, 0.013, 0.013, -0.099, -0.029, -0.029, -0.05, -0.042, -0.015, -0.013, -0.02, -0.03, -0.03, 0.0, -0.02, -0.043, -0.015, -0.019, -0.028, -0.016, -0.034, -0.019, 0.003], "FUKUI-": [0.02, -0.054, -0.003, -0.102, 0.002, -0.071, 0.006, 0.017, 0.006, -0.082, 0.0, -0.073, 0.002, 0.012, 0.006, -0.093, -0.02, -0.021, -0.038, -0.04, -0.054, -0.024, -0.032, -0.033, -0.041, -0.017, -0.035, -0.04, -0.028, -0.028, -0.035, -0.027, -0.039, -0.026, -0.014], "FUKUIrad": [0.024, -0.065, -0.033, -0.101, -0.025, -0.064, 0.007, 0.015, 0.009, -0.09, -0.025, -0.064, 0.005, 0.012, 0.01, -0.096, -0.024, -0.025, -0.044, -0.041, -0.035, -0.019, -0.026, -0.031, -0.036, -0.008, -0.028, -0.041, -0.022, -0.023, -0.032, -0.021, -0.036, -0.022, -0.005], "s proportion": [0.97, 1.691, 0.958, 1.525, 0.979, 1.457, 1.028, 1.018, 1.014, 1.533, 0.976, 1.452, 1.028, 1.016, 1.018, 1.531, 0.972, 0.971, 0.967, 0.782, 0.972, 0.97, 0.966, 0.966, 0.974, 0.955, 0.97, 0.782, 0.968, 0.97, 0.969, 0.962, 0.968, 0.97, 0.959], "p proportion": [2.856, 4.717, 2.51, 3.889, 2.582, 3.906, 2.834, 3.085, 3.081, 3.923, 2.581, 3.908, 2.836, 3.084, 3.087, 3.914, 0.0, 0.0, 0.0, 0.0, 0.0, 0.0, 0.0, 0.0, 0.0, 0.0, 0.0, 0.0, 0.0, 0.0, 0.0, 0.0, 0.0, 0.0, 0.0], "d proportion": [0.0, 0.0, 0.0, 0.0, 0.0, 0.0, 0.0, 0.0, 0.0, 0.0, 0.0, 0.0, 0.0, 0.0, 0.0, 0.0, 0.0, 0.0, 0.0, 0.0, 0.0, 0.0, 0.0, 0.0, 0.0, 0.0, 0.0, 0.0, 0.0, 0.0, 0.0, 0.0, 0.0, 0.0, 0.0], "Fermi-level/eV": -8.1741, "Coordination numbers": [3.656, 1.703, 2.929, 1.837, 2.94, 2.7, 3.792, 3.754, 3.753, 1.857, 2.939, 2.701, 3.791, 3.755, 3.752, 1.836, 0.924, 0.924, 0.924, 0.86, 0.924, 0.924, 0.924, 0.924, 0.924, 0.924, 0.924, 0.86, 0.924, 0.924, 0.924, 0.924, 0.924, 0.924, 0.924], "Dispersion coefficient C6": [20.273, 18.271, 21.428, 29.45, 22.656, 25.386, 19.571, 22.734, 22.753, 30.545, 22.625, 25.339, 19.694, 22.777, 22.672, 30.102, 2.25, 2.239, 2.165, 1.196, 2.48, 2.52, 2.364, 2.353, 2.422, 2.178, 2.37, 1.196, 2.158, 2.422, 2.382, 2.34, 2.407, 2.473, 2.489], "Total dispersion C6": 11119.223371, "Total dispersion C8": 241782.705745, "Polarizability alpha": [6.463, 5.771, 7.591, 8.042, 7.806, 7.483, 6.3, 6.799, 6.802, 8.192, 7.801, 7.476, 6.32, 6.805, 6.79, 8.131, 2.346, 2.34, 2.301, 1.713, 2.463, 2.482, 2.404, 2.399, 2.434, 2.308, 2.408, 1.713, 2.297, 2.434, 2.413, 2.392, 2.426, 2.459, 2.467], "Total polarizability alpha": 158.773903, "Wiberg matrix": [[0.0, 0.9731538636938233, 0.0, 0.0, 0.0, 0.0, 0.0, 0.0, 0.0, 0.0, 0.0, 0.0, 0.0, 0.0, 0.0, 0.0, 0.9777233450984301, 0.9777116505146681, 0.9804340695201046, 0.0, 0.0, 0.0, 0.0, 0.0, 0.0, 0.0, 0.0, 0.0, 0.0, 0.0, 0.0, 0.0, 0.0, 0.0, 0.0], [0.9731538636938233, 0.0, 1.0892818870757508, 0.0, 0.0, 0.0, 0.0, 0.0, 0.0, 0.0, 0.0, 0.0, 0.0, 0.0, 0.0, 0.0, 0.0, 0.0, 0.0, 0.0, 0.0, 0.0, 0.0, 0.0, 0.0, 0.0, 0.0, 0.0, 0.0, 0.0, 0.0, 0.0, 0.0, 0.0, 0.0], [0.0, 1.0892818870757508, 0.0, 1.3550901500766455, 0.0, 0.0, 0.0, 0.0, 0.0, 0.0, 0.0, 0.0, 0.0, 0.0, 0.0, 1.353844923363903, 0.0, 0.0, 0.0, 0.0, 0.0, 0.0, 0.0, 0.0, 0.0, 0.0, 0.0, 0.0, 0.0, 0.0, 0.0, 0.0, 0.0, 0.0, 0.0], [0.0, 0.0, 1.3550901500766455, 0.0, 1.325635512054243, 0.0, 0.0, 0.0, 0.0, 0.0, 0.0, 0.0, 0.0, 0.0, 0.0, 0.0, 0.0, 0.0, 0.0, 0.0, 0.0, 0.0, 0.0, 0.0, 0.0, 0.0, 0.0, 0.0, 0.0, 0.0, 0.0, 0.0, 0.0, 0.0, 0.0], [0.0, 0.0, 0.0, 1.325635512054243, 0.0, 1.1855053885871474, 0.0, 0.0, 0.0, 1.3269537179195225, 0.0, 0.0, 0.0, 0.0, 0.0, 0.0, 0.0, 0.0, 0.0, 0.0, 0.0, 0.0, 0.0, 0.0, 0.0, 0.0, 0.0, 0.0, 0.0, 0.0, 0.0, 0.0, 0.0, 0.0, 0.0], [0.0, 0.0, 0.0, 0.0, 1.1855053885871474, 0.0, 0.9727907285804274, 0.0, 0.0, 0.0, 0.0, 0.0, 0.0, 0.0, 0.0, 0.0, 0.0, 0.0, 0.0, 0.9315521019489668, 0.0, 0.0, 0.0, 0.0, 0.0, 0.0, 0.0, 0.0, 0.0, 0.0, 0.0, 0.0, 0.0, 0.0, 0.0], [0.0, 0.0, 0.0, 0.0, 0.0, 0.9727907285804274, 0.0, 1.006883410409394, 1.0037433386284822, 0.0, 0.0, 0.0, 0.0, 0.0, 0.0, 0.0, 0.0, 0.0, 0.0, 0.0, 0.9615061433521297, 0.0, 0.0, 0.0, 0.0, 0.0, 0.0, 0.0, 0.0, 0.0, 0.0, 0.0, 0.0, 0.0, 0.0], [0.0, 0.0, 0.0, 0.0, 0.0, 0.0, 1.006883410409394, 0.0, 0.0, 0.0, 0.0, 0.0, 0.0, 0.0, 0.0, 0.0, 0.0, 0.0, 0.0, 0.0, 0.0, 0.9855992411223423, 0.9858310171954641, 0.9843759409889018, 0.0, 0.0, 0.0, 0.0, 0.0, 0.0, 0.0, 0.0, 0.0, 0.0, 0.0], [0.0, 0.0, 0.0, 0.0, 0.0, 0.0, 1.0037433386284822, 0.0, 0.0, 0.0, 0.0, 0.0, 0.0, 0.0, 0.0, 0.0, 0.0, 0.0, 0.0, 0.0, 0.0, 0.0, 0.0, 0.0, 0.9849345182942233, 0.9826533070417124, 0.9858220372775939, 0.0, 0.0, 0.0, 0.0, 0.0, 0.0, 0.0, 0.0], [0.0, 0.0, 0.0, 0.0, 1.3269537179195225, 0.0, 0.0, 0.0, 0.0, 0.0, 1.3365444468615573, 0.0, 0.0, 0.0, 0.0, 0.0, 0.0, 0.0, 0.0, 0.0, 0.0, 0.0, 0.0, 0.0, 0.0, 0.0, 0.0, 0.0, 0.0, 0.0, 0.0, 0.0, 0.0, 0.0, 0.0], [0.0, 0.0, 0.0, 0.0, 0.0, 0.0, 0.0, 0.0, 0.0, 1.3365444468615573, 0.0, 1.1867263179456626, 0.0, 0.0, 0.0, 1.3128407916892642, 0.0, 0.0, 0.0, 0.0, 0.0, 0.0, 0.0, 0.0, 0.0, 0.0, 0.0, 0.0, 0.0, 0.0, 0.0, 0.0, 0.0, 0.0, 0.0], [0.0, 0.0, 0.0, 0.0, 0.0, 0.0, 0.0, 0.0, 0.0, 0.0, 1.1867263179456626, 0.0, 0.9786331077552524, 0.0, 0.0, 0.0, 0.0, 0.0, 0.0, 0.0, 0.0, 0.0, 0.0, 0.0, 0.0, 0.0, 0.0, 0.932745917731498, 0.0, 0.0, 0.0, 0.0, 0.0, 0.0, 0.0], [0.0, 0.0, 0.0, 0.0, 0.0, 0.0, 0.0, 0.0, 0.0, 0.0, 0.0, 0.9786331077552524, 0.0, 1.0053207685255383, 0.9993532765478823, 0.0, 0.0, 0.0, 0.0, 0.0, 0.0, 0.0, 0.0, 0.0, 0.0, 0.0, 0.0, 0.0, 0.9613061738378458, 0.0, 0.0, 0.0, 0.0, 0.0, 0.0], [0.0, 0.0, 0.0, 0.0, 0.0, 0.0, 0.0, 0.0, 0.0, 0.0, 0.0, 0.0, 1.0053207685255383, 0.0, 0.0, 0.0, 0.0, 0.0, 0.0, 0.0, 0.0, 0.0, 0.0, 0.0, 0.0, 0.0, 0.0, 0.0, 0.0, 0.9858029011310125, 0.985196304265949, 0.9857916746426573, 0.0, 0.0, 0.0], [0.0, 0.0, 0.0, 0.0, 0.0, 0.0, 0.0, 0.0, 0.0, 0.0, 0.0, 0.0, 0.9993532765478823, 0.0, 0.0, 0.0, 0.0, 0.0, 0.0, 0.0, 0.0, 0.0, 0.0, 0.0, 0.0, 0.0, 0.0, 0.0, 0.0, 0.0, 0.0, 0.0, 0.9842751974669898, 0.9854564901811061, 0.9857798684107667], [0.0, 0.0, 1.353844923363903, 0.0, 0.0, 0.0, 0.0, 0.0, 0.0, 0.0, 1.3128407916892642, 0.0, 0.0, 0.0, 0.0, 0.0, 0.0, 0.0, 0.0, 0.0, 0.0, 0.0, 0.0, 0.0, 0.0, 0.0, 0.0, 0.0, 0.0, 0.0, 0.0, 0.0, 0.0, 0.0, 0.0], [0.9777233450984301, 0.0, 0.0, 0.0, 0.0, 0.0, 0.0, 0.0, 0.0, 0.0, 0.0, 0.0, 0.0, 0.0, 0.0, 0.0, 0.0, 0.0, 0.0, 0.0, 0.0, 0.0, 0.0, 0.0, 0.0, 0.0, 0.0, 0.0, 0.0, 0.0, 0.0, 0.0, 0.0, 0.0, 0.0], [0.9777116505146681, 0.0, 0.0, 0.0, 0.0, 0.0, 0.0, 0.0, 0.0, 0.0, 0.0, 0.0, 0.0, 0.0, 0.0, 0.0, 0.0, 0.0, 0.0, 0.0, 0.0, 0.0, 0.0, 0.0, 0.0, 0.0, 0.0, 0.0, 0.0, 0.0, 0.0, 0.0, 0.0, 0.0, 0.0], [0.9804340695201046, 0.0, 0.0, 0.0, 0.0, 0.0, 0.0, 0.0, 0.0, 0.0, 0.0, 0.0, 0.0, 0.0, 0.0, 0.0, 0.0, 0.0, 0.0, 0.0, 0.0, 0.0, 0.0, 0.0, 0.0, 0.0, 0.0, 0.0, 0.0, 0.0, 0.0, 0.0, 0.0, 0.0, 0.0], [0.0, 0.0, 0.0, 0.0, 0.0, 0.9315521019489668, 0.0, 0.0, 0.0, 0.0, 0.0, 0.0, 0.0, 0.0, 0.0, 0.0, 0.0, 0.0, 0.0, 0.0, 0.0, 0.0, 0.0, 0.0, 0.0, 0.0, 0.0, 0.0, 0.0, 0.0, 0.0, 0.0, 0.0, 0.0, 0.0], [0.0, 0.0, 0.0, 0.0, 0.0, 0.0, 0.9615061433521297, 0.0, 0.0, 0.0, 0.0, 0.0, 0.0, 0.0, 0.0, 0.0, 0.0, 0.0, 0.0, 0.0, 0.0, 0.0, 0.0, 0.0, 0.0, 0.0, 0.0, 0.0, 0.0, 0.0, 0.0, 0.0, 0.0, 0.0, 0.0], [0.0, 0.0, 0.0, 0.0, 0.0, 0.0, 0.0, 0.9855992411223423, 0.0, 0.0, 0.0, 0.0, 0.0, 0.0, 0.0, 0.0, 0.0, 0.0, 0.0, 0.0, 0.0, 0.0, 0.0, 0.0, 0.0, 0.0, 0.0, 0.0, 0.0, 0.0, 0.0, 0.0, 0.0, 0.0, 0.0], [0.0, 0.0, 0.0, 0.0, 0.0, 0.0, 0.0, 0.9858310171954641, 0.0, 0.0, 0.0, 0.0, 0.0, 0.0, 0.0, 0.0, 0.0, 0.0, 0.0, 0.0, 0.0, 0.0, 0.0, 0.0, 0.0, 0.0, 0.0, 0.0, 0.0, 0.0, 0.0, 0.0, 0.0, 0.0, 0.0], [0.0, 0.0, 0.0, 0.0, 0.0, 0.0, 0.0, 0.9843759409889018, 0.0, 0.0, 0.0, 0.0, 0.0, 0.0, 0.0, 0.0, 0.0, 0.0, 0.0, 0.0, 0.0, 0.0, 0.0, 0.0, 0.0, 0.0, 0.0, 0.0, 0.0, 0.0, 0.0, 0.0, 0.0, 0.0, 0.0], [0.0, 0.0, 0.0, 0.0, 0.0, 0.0, 0.0, 0.0, 0.9849345182942233, 0.0, 0.0, 0.0, 0.0, 0.0, 0.0, 0.0, 0.0, 0.0, 0.0, 0.0, 0.0, 0.0, 0.0, 0.0, 0.0, 0.0, 0.0, 0.0, 0.0, 0.0, 0.0, 0.0, 0.0, 0.0, 0.0], [0.0, 0.0, 0.0, 0.0, 0.0, 0.0, 0.0, 0.0, 0.9826533070417124, 0.0, 0.0, 0.0, 0.0, 0.0, 0.0, 0.0, 0.0, 0.0, 0.0, 0.0, 0.0, 0.0, 0.0, 0.0, 0.0, 0.0, 0.0, 0.0, 0.0, 0.0, 0.0, 0.0, 0.0, 0.0, 0.0], [0.0, 0.0, 0.0, 0.0, 0.0, 0.0, 0.0, 0.0, 0.9858220372775939, 0.0, 0.0, 0.0, 0.0, 0.0, 0.0, 0.0, 0.0, 0.0, 0.0, 0.0, 0.0, 0.0, 0.0, 0.0, 0.0, 0.0, 0.0, 0.0, 0.0, 0.0, 0.0, 0.0, 0.0, 0.0, 0.0], [0.0, 0.0, 0.0, 0.0, 0.0, 0.0, 0.0, 0.0, 0.0, 0.0, 0.0, 0.932745917731498, 0.0, 0.0, 0.0, 0.0, 0.0, 0.0, 0.0, 0.0, 0.0, 0.0, 0.0, 0.0, 0.0, 0.0, 0.0, 0.0, 0.0, 0.0, 0.0, 0.0, 0.0, 0.0, 0.0], [0.0, 0.0, 0.0, 0.0, 0.0, 0.0, 0.0, 0.0, 0.0, 0.0, 0.0, 0.0, 0.9613061738378458, 0.0, 0.0, 0.0, 0.0, 0.0, 0.0, 0.0, 0.0, 0.0, 0.0, 0.0, 0.0, 0.0, 0.0, 0.0, 0.0, 0.0, 0.0, 0.0, 0.0, 0.0, 0.0], [0.0, 0.0, 0.0, 0.0, 0.0, 0.0, 0.0, 0.0, 0.0, 0.0, 0.0, 0.0, 0.0, 0.9858029011310125, 0.0, 0.0, 0.0, 0.0, 0.0, 0.0, 0.0, 0.0, 0.0, 0.0, 0.0, 0.0, 0.0, 0.0, 0.0, 0.0, 0.0, 0.0, 0.0, 0.0, 0.0], [0.0, 0.0, 0.0, 0.0, 0.0, 0.0, 0.0, 0.0, 0.0, 0.0, 0.0, 0.0, 0.0, 0.985196304265949, 0.0, 0.0, 0.0, 0.0, 0.0, 0.0, 0.0, 0.0, 0.0, 0.0, 0.0, 0.0, 0.0, 0.0, 0.0, 0.0, 0.0, 0.0, 0.0, 0.0, 0.0], [0.0, 0.0, 0.0, 0.0, 0.0, 0.0, 0.0, 0.0, 0.0, 0.0, 0.0, 0.0, 0.0, 0.9857916746426573, 0.0, 0.0, 0.0, 0.0, 0.0, 0.0, 0.0, 0.0, 0.0, 0.0, 0.0, 0.0, 0.0, 0.0, 0.0, 0.0, 0.0, 0.0, 0.0, 0.0, 0.0], [0.0, 0.0, 0.0, 0.0, 0.0, 0.0, 0.0, 0.0, 0.0, 0.0, 0.0, 0.0, 0.0, 0.0, 0.9842751974669898, 0.0, 0.0, 0.0, 0.0, 0.0, 0.0, 0.0, 0.0, 0.0, 0.0, 0.0, 0.0, 0.0, 0.0, 0.0, 0.0, 0.0, 0.0, 0.0, 0.0], [0.0, 0.0, 0.0, 0.0, 0.0, 0.0, 0.0, 0.0, 0.0, 0.0, 0.0, 0.0, 0.0, 0.0, 0.9854564901811061, 0.0, 0.0, 0.0, 0.0, 0.0, 0.0, 0.0, 0.0, 0.0, 0.0, 0.0, 0.0, 0.0, 0.0, 0.0, 0.0, 0.0, 0.0, 0.0, 0.0], [0.0, 0.0, 0.0, 0.0, 0.0, 0.0, 0.0, 0.0, 0.0, 0.0, 0.0, 0.0, 0.0, 0.0, 0.9857798684107667, 0.0, 0.0, 0.0, 0.0, 0.0, 0.0, 0.0, 0.0, 0.0, 0.0, 0.0, 0.0, 0.0, 0.0, 0.0, 0.0, 0.0, 0.0, 0.0, 0.0]], "Born radii": [], "Atomic SASAs": [], "Solvent H bonds": [], "Total SASA": NaN, "Total FOD": 0.0, "FOD": [0.0, 0.0, 0.0, 0.0, 0.0, 0.0, 0.0, 0.0, 0.0, 0.0, 0.0, 0.0, 0.0, 0.0, 0.0, 0.0, 0.0, 0.0, 0.0, 0.0, 0.0, 0.0, 0.0, 0.0, 0.0, 0.0, 0.0, 0.0, 0.0, 0.0, 0.0, 0.0, 0.0, 0.0, 0.0], "FOD s proportion": [0.0, 0.0, 0.0, 0.0, 0.0, 0.0, 0.0, 0.0, 0.0, 0.0, 0.0, 0.0, 0.0, 0.0, 0.0, 0.0, 0.0, 0.0, 0.0, 0.0, 0.0, 0.0, 0.0, 0.0, 0.0, 0.0, 0.0, 0.0, 0.0, 0.0, 0.0, 0.0, 0.0, 0.0, 0.0], "FOD p proportion": [0.0, 0.0, 0.0, 0.0, 0.0, 0.0, 0.0, 0.0, 0.0, 0.0, 0.0, 0.0, 0.0, 0.0, 0.0, 0.0, 0.0, 0.0, 0.0, 0.0, 0.0, 0.0, 0.0, 0.0, 0.0, 0.0, 0.0, 0.0, 0.0, 0.0, 0.0, 0.0, 0.0, 0.0, 0.0], "FOD d proportion": [0.0, 0.0, 0.0, 0.0, 0.0, 0.0, 0.0, 0.0, 0.0, 0.0, 0.0, 0.0, 0.0, 0.0, 0.0, 0.0, 0.0, 0.0, 0.0, 0.0, 0.0, 0.0, 0.0, 0.0, 0.0, 0.0, 0.0, 0.0, 0.0, 0.0, 0.0, 0.0, 0.0, 0.0, 0.0], "coordinates": [["0.86550", "3.69180", "-0.11640"], ["-0.33110", "2.98320", "0.17640"], ["-0.20640", "1.61730", "0.02260"], ["-1.31710", "0.93860", "0.26450"], ["-1.20880", "-0.37080", "0.11990"], ["-2.29670", "-1.20440", "0.35240"], ["-3.61660", "-0.64970", "0.07240"], ["-4.53330", "-1.78060", "-0.40090"], ["-4.19560", "-0.01610", "1.33740"], ["-0.09320", "-0.99010", "-0.24530"], ["0.96310", "-0.21750", "-0.46100"], ["2.11730", "-0.88400", "-0.84280"], ["3.39390", "-0.31280", "-0.43450"], ["4.49740", "-0.99030", "-1.24810"], ["3.63560", "-0.53060", "1.05920"], ["0.96040", "1.09950", "-0.33890"], ["1.67240", "3.41160", "0.56970"], ["1.16870", "3.54840", "-1.15950"], ["0.66520", "4.75820", "0.02640"], ["-2.07570", "-2.08020", "-0.11010"], ["-3.57620", "0.09680", "-0.73160"], ["-4.14290", "-2.23860", "-1.31650"], ["-4.61710", "-2.57050", "0.35410"], ["-5.53920", "-1.40440", "-0.61510"], ["-5.20330", "0.37050", "1.15170"], ["-3.58000", "0.81800", "1.68870"], ["-4.25660", "-0.74430", "2.15420"], ["1.98230", "-1.86550", "-0.62470"], ["3.43490", "0.76030", "-0.65950"], ["4.51980", "-2.07150", "-1.07020"], ["5.48000", "-0.58180", "-0.98970"], ["4.33850", "-0.83560", "-2.32110"], ["4.61670", "-0.14380", "1.35430"], ["3.59740", "-1.59460", "1.31830"], ["2.88070", "-0.01670", "1.66370"]], "bond_dist": [[0.0, 1.4211605679866017, 2.339196627049552, 3.533969129746325, 4.56763362585048, 5.84739743133644, 6.242874986734878, 7.692538166951139, 6.440247670703355, 4.78078534448055, 3.925672096596964, 4.799229713193567, 4.746663599835151, 6.032702786479706, 5.184992876562127, 2.603561320576107, 1.0955970335848852, 1.0956967691838833, 1.0944043539752575, 6.478169581756871, 5.7472771753239815, 7.854549938093207, 8.336466535649262, 8.20000842804445, 7.033451836758392, 5.592815274975565, 7.146363829249109, 5.691150535700141, 3.9357929594936776, 6.890520286596652, 6.349796855018277, 6.1171710659421645, 5.562938727866774, 6.121083781488373, 4.580694194115123], [1.4211605679866017, 0.0, 1.3801765611688963, 2.271639665527964, 3.4674004008767145, 4.629314541052486, 4.89931512152464, 6.378522600884941, 5.027731271657227, 4.002691618148967, 3.5107994659336494, 4.6892075066049275, 5.01123136664034, 6.413447961120446, 5.372228138305372, 2.3413312516600464, 2.086198384622134, 2.0864994344595447, 2.04101413272912, 5.363182914091221, 4.436940721938935, 6.635191398143689, 7.017475114312839, 6.855786725095815, 5.613888511539929, 4.186943221492261, 5.763288934280494, 5.43170990204742, 4.452276857968291, 7.115843903571804, 6.916494590469944, 6.528851648643887, 5.970452432605087, 6.139487006257119, 4.639732809117353], [2.339196627049552, 1.3801765611688963, 0.0, 1.3239349644147933, 2.22863515632326, 3.5270544396138823, 4.095269597962996, 5.5178927381746, 4.506707361256108, 2.6235699742907563, 2.2289213198316356, 3.5220733297306577, 4.110521440158171, 5.5262999095235505, 4.522054618201775, 1.3267333304021574, 2.654942624615455, 2.649039001222896, 3.259594117371057, 4.145286242227429, 3.773100837507527, 5.6707306292928426, 6.091127611534666, 6.162474180067614, 5.272417534679892, 3.846549968478247, 5.150242048680818, 4.164048609226362, 3.802469605401205, 6.094130267724838, 6.180286163277556, 5.671486939947935, 5.3044501798018615, 5.1443206101486325, 3.8591905394784534], [3.533969129746325, 2.271639665527964, 1.3239349644147933, 0.0, 1.3218042252920816, 2.35792102709145, 2.801303187803848, 4.263888863467245, 3.216881836499438, 2.340451012091473, 2.6574855596973617, 4.0426584582425455, 4.924238414211888, 6.310073234123357, 5.226790030219313, 2.361564443329887, 3.8917844608868046, 3.8753107849564787, 4.309936085372961, 3.1351160361300825, 2.6085197449894837, 4.536442050770626, 4.817863735100858, 4.908102848351897, 4.026463943710412, 2.676491436563921, 3.8786310407152675, 4.4203725872374156, 4.844282288430351, 6.701606352957476, 7.077089953504902, 6.466755319323594, 6.129374865351278, 5.628490644035931, 4.5267961705824575], [4.56763362585048, 3.4674004008767145, 2.22863515632326, 1.3218042252920816, 0.0, 1.3901336698317897, 2.4243643084322124, 3.6484337639595426, 3.2448563265574637, 1.3272026559647927, 2.253462959535834, 3.500443791864112, 4.636331594051487, 5.900501901533462, 4.937208916989436, 2.6603962430435057, 4.776000757956389, 4.75914900481168, 5.461433808991922, 1.9304051310541008, 2.558961658563879, 3.7630924264492895, 4.063254683132722, 4.512307405308286, 4.19167832496722, 3.0817151588036165, 3.683335930919144, 3.601621365440848, 4.842602736132709, 6.093076108173933, 6.783493097217687, 6.078409111766005, 5.959171302286921, 5.1022943309848365, 4.3855119997555585], [5.84739743133644, 4.629314541052486, 3.5270544396138823, 2.35792102709145, 1.3901336698317897, 0.0, 1.4588447826962263, 2.4293717068410916, 2.447060093254761, 2.2931598352491696, 3.501697761086756, 4.58416352238879, 5.813526514087641, 6.983354055896063, 6.012134061213206, 4.049018561330634, 6.091668909256313, 6.073215508278954, 6.665712742835533, 1.014777261274611, 2.122568653777776, 2.6950419829754044, 2.6926730696465917, 3.389669969185791, 3.401104829316497, 2.7427464957593144, 2.7017370819530164, 4.438650540423294, 6.142900476159451, 7.0171451046704165, 7.916181280137539, 7.163064618583305, 7.065675872129996, 5.9854518342394165, 5.471344417965296], [6.242874986734878, 4.89931512152464, 4.095269597962996, 2.801303187803848, 2.4243643084322124, 1.4588447826962263, 0.0, 1.5307797326852741, 1.5286971446300277, 3.5540333439628844, 4.630870813356814, 5.811204413888742, 7.03687142628029, 8.227801930649521, 7.31999753346953, 4.917092365412714, 6.686926497278103, 6.4838813460765925, 6.897920675826883, 2.1104523946301184, 1.0978662987814136, 2.1750030137910152, 2.183993539367733, 2.1768369484185075, 2.1733185270456787, 2.183554107412958, 2.1800092660353534, 5.771637485150986, 7.228238364912989, 8.338348455179839, 9.158646099724566, 8.309453476011523, 8.347839918805343, 7.381524152910427, 6.719213642979363], [7.692538166951139, 6.378522600884941, 5.5178927381746, 4.263888863467245, 3.6484337639595426, 2.4293717068410916, 1.5307797326852741, 0.0, 2.499837680730491, 4.512603419313511, 5.714657170819611, 6.725299066212595, 8.062013745957023, 9.104716602948166, 8.391979457791829, 6.203189478002425, 8.149338481741939, 7.841334003854191, 8.364382402783841, 2.4928141848120164, 2.1330807907812583, 1.0956730899314813, 1.0958966420242375, 1.095099488631056, 2.736183102425713, 3.468130765989079, 2.7711038576711626, 6.519995230826476, 8.367512056161019, 9.082466895618174, 10.101979200631925, 9.1262822814112, 9.45951062581992, 8.312552383594342, 7.895651484836447], [6.440247670703355, 5.027731271657227, 4.506707361256108, 3.216881836499438, 3.2448563265574637, 2.447060093254761, 1.5286971446300277, 2.499837680730491, 0.0, 4.503698596709152, 5.466899506118619, 6.734926047106976, 7.799241677881253, 9.121519878287828, 7.853012092821454, 5.535239927049233, 6.838999530633117, 6.907668517669331, 6.938302251271559, 3.2938945140972566, 2.162675142040524, 3.462003574521552, 2.769386303858673, 2.7467970620342523, 1.0951727443650157, 1.0945765665315514, 1.0959737588099452, 6.740665039890351, 7.92558747475542, 9.272507971417442, 9.967579759399971, 9.32132315232124, 8.813241412216053, 7.951281409936387, 7.08381914930075], [4.78078534448055, 4.002691618148967, 2.6235699742907563, 2.340451012091473, 1.3272026559647927, 2.2931598352491696, 3.5540333439628844, 4.512603419313511, 4.503698596709152, 0.0, 1.326350986730134, 2.292285695544951, 3.557302115367768, 4.698852651445883, 3.9770353204365687, 2.342063637051735, 4.812123361885063, 4.798555563917126, 5.804476233046355, 2.266473758948027, 3.6809140576764356, 4.3710744422853285, 4.829349410634935, 5.47424081768422, 5.469548735499117, 4.378053888430338, 4.811643944640958, 2.2842875847843676, 3.960170628899719, 4.8093299917971954, 5.637499311751622, 4.89620064744083, 5.045602229664959, 4.053491528300016, 3.665497206382785], [3.925672096596964, 3.5107994659336494, 2.2289213198316356, 2.6574855596973617, 2.253462959535834, 3.501697761086756, 4.630870813356814, 5.714657170819611, 5.466899506118619, 1.326350986730134, 0.0, 1.3864238637588437, 2.432811743641501, 3.7024347043533394, 3.090517092656179, 1.3226506341434234, 3.8387258029195053, 3.8356455023893954, 5.008382339638219, 3.581492362130624, 4.558207250663357, 5.557693897652155, 6.110616094143045, 6.6115341419371045, 6.400861992731916, 5.131591171361959, 5.8619158446705795, 1.944600300833053, 2.6655750467769614, 4.056914533238284, 4.562304657736044, 3.9032479782868013, 4.080384631379743, 3.4643685413073477, 2.869121902255113], [4.799229713193567, 4.6892075066049275, 3.5220733297306577, 4.0426584582425455, 3.500443791864112, 4.58416352238879, 5.811204413888742, 6.725299066212595, 6.734926047106976, 2.292285695544951, 1.3864238637588437, 0.0, 1.4569440243193967, 2.4167010137789076, 2.4592133803311986, 2.350873256898381, 4.543706814925453, 4.543821146348082, 5.890545296489962, 4.42142428748927, 5.778431995792631, 6.422572451128909, 7.044784966200175, 7.6775422955526595, 7.690447637166513, 6.46254775920457, 7.044723294778866, 1.01446284308495, 2.1150392762310584, 2.6895860759603885, 3.3794460699943123, 2.6686031720733596, 3.4091266931576474, 2.714037873722473, 2.7599875180877174], [4.746663599835151, 5.01123136664034, 4.110521440158171, 4.924238414211888, 4.636331594051487, 5.813526514087641, 7.03687142628029, 8.062013745957023, 7.799241677881253, 3.557302115367768, 2.432811743641501, 1.4569440243193967, 0.0, 1.5292689299138986, 1.5287234609307205, 2.8152536120214817, 4.224113546059102, 4.515086431066409, 5.776960576289231, 5.757209591460085, 6.988442929580237, 7.828791980886961, 8.360336132596583, 9.001360037794289, 8.768966710508142, 7.377124649211236, 8.088121548913566, 2.107051942881333, 1.097200806598318, 2.1828401201187413, 2.1754128918437536, 2.173671677139857, 2.173385902227214, 2.180993198063671, 2.1802506025684294], [6.032702786479706, 6.413447961120446, 5.5262999095235505, 6.310073234123357, 5.900501901533462, 6.983354055896063, 8.227801930649521, 9.104716602948166, 9.121519878287828, 4.698852651445883, 3.7024347043533394, 2.4167010137789076, 1.5292689299138986, 0.0, 2.505525218392343, 4.2076451466348725, 5.537304890467925, 5.62919988453066, 7.025336955619993, 6.759332039484375, 8.16281664745693, 8.730275799767153, 9.388194029204977, 10.06506370421966, 10.085355579750274, 8.782888698486394, 9.395141153277049, 2.735019307061652, 2.130717383887408, 1.0959669748674, 1.0950550534105585, 1.095678009270972, 2.7392116566632816, 2.7859625715360927, 3.4698984264672648], [5.184992876562127, 5.372228138305372, 4.522054618201775, 5.226790030219313, 4.937208916989436, 6.012134061213206, 7.31999753346953, 8.391979457791829, 7.853012092821454, 3.9770353204365687, 3.090517092656179, 2.4592133803311986, 1.5287234609307205, 2.505525218392343, 0.0, 3.4305399953943114, 4.431106558186115, 5.257990709386999, 6.153158330483623, 6.032202776764057, 7.457255167955567, 8.31061229633533, 8.53026466822689, 9.36716403027085, 8.885195027122364, 7.36748773802848, 7.970665814723385, 2.711250285384955, 2.158849922991406, 2.773179909418067, 2.7572493557892077, 3.466052726084818, 1.095105227820596, 1.0957591204274781, 1.0951654989087267], [2.603561320576107, 2.3413312516600464, 1.3267333304021574, 2.361564443329887, 2.6603962430435057, 4.049018561330634, 4.917092365412714, 6.203189478002425, 5.535239927049233, 2.342063637051735, 1.3226506341434234, 2.350873256898381, 2.8152536120214817, 4.2076451466348725, 3.4305399953943114, 0.0, 2.584241546372939, 2.59111645049002, 3.6887223831565317, 4.402356725664107, 4.662655910529963, 6.175943997479251, 6.712499925512104, 6.970695934409993, 6.38314397847957, 4.980525692133312, 6.0689566689835575, 3.149156434666274, 2.5181324925428368, 4.8227968078698895, 4.865911475766899, 4.368671246500473, 4.2167820455887925, 4.1180402681372605, 2.9906289121186536], [1.0955970335848852, 2.086198384622134, 2.654942624615455, 3.8917844608868046, 4.776000757956389, 6.091668909256313, 6.686926497278103, 8.149338481741939, 6.838999530633117, 4.812123361885063, 3.8387258029195053, 4.543706814925453, 4.224113546059102, 5.537304890467925, 4.431106558186115, 2.584241546372939, 0.0, 1.8062559536234062, 1.767189375816865, 6.683580544139496, 6.342640041023927, 8.324675643531105, 8.682730792786334, 8.752415757949345, 7.540707108753131, 5.963776296944747, 7.411827444024854, 5.419447737546696, 3.4127306632665872, 6.392287883066595, 5.7338285359783825, 5.7882226710796125, 4.682453289676257, 5.415539252927634, 3.7960592434786893], [1.0956967691838833, 2.0864994344595447, 2.649039001222896, 3.8753107849564787, 4.75914900481168, 6.073215508278954, 6.4838813460765925, 7.841334003854191, 6.907668517669331, 4.798555563917126, 3.8356455023893954, 4.543821146348082, 4.515086431066409, 5.62919988453066, 5.257990709386999, 2.59111645049002, 1.8062559536234062, 0.0, 1.767338988422991, 6.580920124116384, 5.883087368040696, 7.85666039484971, 8.556132526439734, 8.35598717148369, 7.486192480159724, 6.173935462085752, 7.670838355095223, 5.500751694995875, 3.6275562090751947, 6.543784968196922, 5.972829460984132, 5.533209068885794, 5.642715240024079, 6.203912114948116, 4.859150157177694], [1.0944043539752575, 2.04101413272912, 3.259594117371057, 4.309936085372961, 5.461433808991922, 6.665712742835533, 6.897920675826883, 8.364382402783841, 6.938302251271559, 5.804476233046355, 5.008382339638219, 5.890545296489962, 5.776960576289231, 7.025336955619993, 6.153158330483623, 3.6887223831565317, 1.767189375816865, 1.767338988422991, 0.0, 7.368505928612667, 6.347652158081759, 8.595139106495019, 9.039907315343449, 8.768337377747278, 7.413332828761972, 6.025789605520592, 7.68304329871959, 6.784694931240461, 4.9117106297093684, 7.918666226707628, 7.261567203434807, 7.0918606571195415, 6.434848456646046, 7.115115620283341, 5.512609323178998], [6.478169581756871, 5.363182914091221, 4.145286242227429, 3.1351160361300825, 1.9304051310541008, 1.014777261274611, 2.1104523946301184, 2.4928141848120164, 3.2938945140972566, 2.266473758948027, 3.581492362130624, 4.42142428748927, 5.757209591460085, 6.759332039484375, 6.032202776764057, 4.402356725664107, 6.683580544139496, 6.580920124116384, 7.368505928612667, 0.0, 2.71608017186533, 2.3987095197209687, 2.629560740884302, 3.564766877370805, 4.168926899095257, 3.728024030233711, 3.4158466168726016, 4.096129056804729, 6.223904961517327, 6.665019726152353, 7.752902760256961, 6.89779035633876, 7.119152342800369, 5.870280873178046, 5.654228475221001], [5.7472771753239815, 4.436940721938935, 3.773100837507527, 2.6085197449894837, 2.558961658563879, 2.122568653777776, 1.0978662987814136, 2.1330807907812583, 2.162675142040524, 3.6809140576764356, 4.558207250663357, 5.778431995792631, 6.988442929580237, 8.16281664745693, 7.457255167955567, 4.662655910529963, 6.342640041023927, 5.883087368040696, 6.347652158081759, 2.71608017186533, 0.0, 2.4733277300026373, 3.0621408507774426, 2.4739730576544283, 2.5038340579998506, 2.525469455368645, 3.0819206689984733, 5.895673935183323, 7.042794464557375, 8.388169696066, 9.085255748188931, 8.126398716528742, 8.457687484176748, 7.65006280562454, 6.887808210889731], [7.854549938093207, 6.635191398143689, 5.6707306292928426, 4.536442050770626, 3.7630924264492895, 2.6950419829754044, 2.1750030137910152, 1.0956730899314813, 3.462003574521552, 4.3710744422853285, 5.557693897652155, 6.422572451128909, 7.828791980886961, 8.730275799767153, 8.31061229633533, 6.175943997479251, 8.324675643531105, 7.85666039484971, 8.595139106495019, 2.3987095197209687, 2.4733277300026373, 0.0, 1.7680293012277823, 1.7713004516456263, 3.7448447511211995, 4.32329585039007, 3.7804257260261043, 6.17542434898202, 8.17606892400009, 8.66781156867176, 9.769953371946052, 8.655158930949796, 9.394250999414481, 8.201777315314041, 7.94665895895879], [8.336466535649262, 7.017475114312839, 6.091127611534666, 4.817863735100858, 4.063254683132722, 2.6926730696465917, 2.183993539367733, 1.0958966420242375, 2.769386303858673, 4.829349410634935, 6.110616094143045, 7.044784966200175, 8.360336132596583, 9.388194029204977, 8.53026466822689, 6.712499925512104, 8.682730792786334, 8.556132526439734, 9.039907315343449, 2.629560740884302, 3.0621408507774426, 1.7680293012277823, 0.0, 1.7746566597514013, 3.1031076681288385, 3.786643080619033, 2.5894645585525975, 6.70873719860899, 8.772474998539465, 9.260700464867655, 10.378446634251198, 9.506279209554073, 9.599600792220475, 8.328269490116178, 8.028321832114106], [8.20000842804445, 6.855786725095815, 6.162474180067614, 4.908102848351897, 4.512307405308286, 3.389669969185791, 2.1768369484185075, 1.095099488631056, 2.7467970620342523, 5.47424081768422, 6.6115341419371045, 7.6775422955526595, 9.001360037794289, 10.06506370421966, 9.36716403027085, 6.970695934409993, 8.752415757949345, 8.35598717148369, 8.768337377747278, 3.564766877370805, 2.4739730576544283, 1.7713004516456263, 1.7746566597514013, 0.0, 2.52679264285774, 3.753001577404411, 3.1224697372432613, 7.53562655789152, 9.23159619242523, 10.091363605578783, 11.05620932146276, 10.040066071993751, 10.421609929852488, 9.340860300850238, 8.832517010456305], [7.033451836758392, 5.613888511539929, 5.272417534679892, 4.026463943710412, 4.19167832496722, 3.401104829316497, 2.1733185270456787, 2.736183102425713, 1.0951727443650157, 5.469548735499117, 6.400861992731916, 7.690447637166513, 8.768966710508142, 10.085355579750274, 8.885195027122364, 6.38314397847957, 7.540707108753131, 7.486192480159724, 7.413332828761972, 4.168926899095257, 2.5038340579998506, 3.7448447511211995, 3.1031076681288385, 2.52679264285774, 0.0, 1.7674071800238897, 1.7731402031424361, 7.732279115500163, 8.834641403022536, 10.268343450625323, 10.937338256632643, 10.225505576253918, 9.83554529500017, 9.01896302575856, 8.109446580377726], [5.592815274975565, 4.186943221492261, 3.846549968478247, 2.676491436563921, 3.0817151588036165, 2.7427464957593144, 2.183554107412958, 3.468130765989079, 1.0945765665315514, 4.378053888430338, 5.131591171361959, 6.46254775920457, 7.377124649211236, 8.782888698486394, 7.36748773802848, 4.980525692133312, 5.963776296944747, 6.173935462085752, 6.025789605520592, 3.728024030233711, 2.525469455368645, 4.32329585039007, 3.786643080619033, 3.753001577404411, 1.7674071800238897, 0.0, 1.7650096600302216, 6.594859596685892, 7.397715494664553, 9.031472720437128, 9.550752148391247, 9.02859519803607, 8.259707833210566, 7.581088686989489, 6.514444994011385], [7.146363829249109, 5.763288934280494, 5.150242048680818, 3.8786310407152675, 3.683335930919144, 2.7017370819530164, 2.1800092660353534, 2.7711038576711626, 1.0959737588099452, 4.811643944640958, 5.8619158446705795, 7.044723294778866, 8.088121548913566, 9.395141153277049, 7.970665814723385, 6.0689566689835575, 7.411827444024854, 7.670838355095223, 7.68304329871959, 3.4158466168726016, 3.0819206689984733, 3.7804257260261043, 2.5894645585525975, 3.1224697372432613, 1.7731402031424361, 1.7650096600302216, 0.0, 6.921217223870379, 8.327058370156895, 9.443696954053532, 10.232882928090206, 9.690840509986735, 8.929495682847941, 7.9439948955169895, 7.191039097376678], [5.691150535700141, 5.43170990204742, 4.164048609226362, 4.4203725872374156, 3.601621365440848, 4.438650540423294, 5.771637485150986, 6.519995230826476, 6.740665039890351, 2.2842875847843676, 1.944600300833053, 1.01446284308495, 2.107051942881333, 2.735019307061652, 2.711250285384955, 3.149156434666274, 5.419447737546696, 5.500751694995875, 6.784694931240461, 4.096129056804729, 5.895673935183323, 6.17542434898202, 6.70873719860899, 7.53562655789152, 7.732279115500163, 6.594859596685892, 6.921217223870379, 0.0, 3.001013735390093, 2.5845333234454535, 3.743663443740637, 3.0806079611011845, 3.7176276373515407, 2.541098939435456, 3.0760296747593316], [3.9357929594936776, 4.452276857968291, 3.802469605401205, 4.844282288430351, 4.842602736132709, 6.142900476159451, 7.228238364912989, 8.367512056161019, 7.92558747475542, 3.960170628899719, 2.6655750467769614, 2.1150392762310584, 1.097200806598318, 2.130717383887408, 2.158849922991406, 2.5181324925428368, 3.4127306632665872, 3.6275562090751947, 4.9117106297093684, 6.223904961517327, 7.042794464557375, 8.17606892400009, 8.772474998539465, 9.23159619242523, 8.834641403022536, 7.397715494664553, 8.327058370156895, 3.001013735390093, 0.0, 3.0601917815718673, 2.468339210886543, 2.4747331835977793, 2.5038846798524883, 3.0795540423899044, 2.511598072940812], [6.890520286596652, 7.115843903571804, 6.094130267724838, 6.701606352957476, 6.093076108173933, 7.0171451046704165, 8.338348455179839, 9.082466895618174, 9.272507971417442, 4.8093299917971954, 4.056914533238284, 2.6895860759603885, 2.1828401201187413, 1.0959669748674, 2.773179909418067, 4.8227968078698895, 6.392287883066595, 6.543784968196922, 7.918666226707628, 6.665019726152353, 8.388169696066, 8.66781156867176, 9.260700464867655, 10.091363605578783, 10.268343450625323, 9.031472720437128, 9.443696954053532, 2.5845333234454535, 3.0601917815718673, 0.0, 1.7741675174571314, 1.7677865566860722, 3.098970337063587, 2.604455340373492, 3.792500634146289], [6.349796855018277, 6.916494590469944, 6.180286163277556, 7.077089953504902, 6.783493097217687, 7.916181280137539, 9.158646099724566, 10.101979200631925, 9.967579759399971, 5.637499311751622, 4.562304657736044, 3.3794460699943123, 2.1754128918437536, 1.0950550534105585, 2.7572493557892077, 4.865911475766899, 5.7338285359783825, 5.972829460984132, 7.261567203434807, 7.752902760256961, 9.085255748188931, 9.769953371946052, 10.378446634251198, 11.05620932146276, 10.937338256632643, 9.550752148391247, 10.232882928090206, 3.743663443740637, 2.468339210886543, 1.7741675174571314, 0.0, 1.772022192298957, 2.536033692599529, 3.1459196747533147, 3.757157177973794], [6.1171710659421645, 6.528851648643887