{"total energy": -55.90429255, "HOMO-LUMO gap/eV": 3.5794762, "electronic energy": -56.53002355, "dipole": [0.21917337, -0.04956371, 0.75699328], "partial charges": [-0.10105149, -0.05210591, -0.05439852, 0.00210876, -0.12242019, 0.23345812, -0.43428793, -0.11159845, 0.00326541, -0.05819223, -0.05257376, -0.09982866, -0.11982558, 0.00526224, -0.05840993, -0.05391131, -0.10254417, 0.03632656, 0.03954107, 0.03618163, 0.03363199, 0.03037102, 0.05089722, 0.04441424, 0.0604038, 0.06232258, 0.05663246, 0.05914008, 0.04103999, 0.05966297, 0.03146554, 0.03921777, 0.03489016, 0.03353357, 0.03508079, 0.04915327, 0.06042558, 0.04655411, 0.04916925, 0.04263803, 0.03599749, 0.03420836, 0.0376424, 0.0365117], "atomic dipole moments": [[-0.03504013, -0.1059224, -0.0015797], [-0.06271705, 0.07842498, -0.06032475], [0.03590207, -0.11130068, 0.05015211], [-0.10775638, 0.05244241, -0.10679268], [-0.01003061, 0.32019601, 0.43667641], [-0.04873814, -0.00759749, -0.27003422], [-0.01684402, -0.00039541, -0.10116815], [-0.18799429, -0.22126284, 0.44261901], [0.12369898, -0.07210745, -0.07615168], [-0.02135995, 0.02853458, -0.12745379], [-0.02374912, -0.04087249, 0.1108357], [-0.06040315, -0.03433261, -0.08032742], [0.41385238, -0.153504, 0.30484423], [-0.07619888, 0.10449418, -0.10999428], [0.03432235, 0.10852211, 0.05367814], [0.0176717, -0.10932474, -0.05567482], [0.08662931, 0.06502139, 0.00643198], [0.02725795, 0.04108425, -0.11657543], [-0.08438568, 0.0784333, 0.05026119], [0.10498083, 0.00853502, 0.0687397], [-0.01804593, -0.03547227, 0.11769452], [0.09052317, -0.07157448, -0.04420603], [-0.08477974, 0.07859672, 0.04843943], [0.02163567, 0.0398359, -0.11883476], [0.09349513, -0.07786639, -0.03921562], [-0.03257008, -0.04097301, 0.11821917], [-0.09460224, -0.07169883, 0.05060621], [-0.058694, 0.10105443, -0.05073285], [-0.06511274, 0.0520206, 0.0918231], [0.05638235, -0.10009399, 0.05880827], [-0.05155773, 0.09942105, -0.05383946], [0.07885143, -0.04792431, -0.0848053], [0.06038369, -0.094499, 0.05679909], [-0.06900656, 0.06024595, 0.08705489], [0.08651061, 0.08049462, -0.0421324], [0.0979075, -0.06551908, -0.04126144], [0.02271011, 0.03157343, 0.12189164], [0.01816812, -0.1112954, 0.05145233], [-0.02180319, -0.02766538, -0.12297261], [-0.03412801, 0.1095009, -0.05375608], [0.01862083, 0.02510286, 0.120301], [0.01970926, -0.10904989, 0.05931337], [-0.09977247, 0.05446322, 0.0538794], [-0.03043084, -0.02494323, -0.1204523]], "atomic quadrupole moments": [[-0.07659315, 0.11592331, 0.20232113, 0.01154223, 0.0014048, -0.12572798], [0.05163262, 0.11977378, 0.08197589, 0.16424742, 0.01080057, -0.13360851], [0.05060383, 0.13499424, 0.10111969, 0.17557577, 0.00383318, -0.15172352], [0.12669633, 0.12713695, -0.04422953, 0.31289855, 0.04655984, -0.0824668], [0.31912119, -0.24599983, -0.25184836, 0.06750074, 0.35197201, -0.06727283], [0.51511502, -0.09237196, 0.62288695, -0.26099489, 0.00881653, -1.13800197], [-0.03432447, 0.00125147, -0.03541791, 0.01644824, 0.00106978, 0.06974239], [-0.43330512, -0.13388102, 0.41492218, -0.27354308, -0.04742456, 0.01838293], [-0.04649281, -0.1038989, -0.11740315, -0.095273, 0.27333821, 0.16389596], [0.05002876, 0.20219799, -0.07400241, 0.07850375, 0.03189757, 0.02397364], [0.02500774, 0.21551559, -0.05186732, 0.07502997, 0.00620329, 0.02685958], [-0.00459436, 0.07501041, -0.08378897, 0.15127659, 0.08535137, 0.08838333], [0.22373125, 0.27920338, 0.09980698, 0.23469632, -0.31215049, -0.32353824], [-0.08818946, 0.08022123, 0.21741551, 0.0586095, -0.27453052, -0.12922605], [0.2166104, 0.06608728, -0.03525425, -0.06860014, 0.07382449, -0.18135615], [0.20015766, 0.05397612, -0.02830663, -0.09961593, 0.0904201, -0.17185103], [0.11315907, 0.17095278, 0.01472278, 0.0126757, 0.01793134, -0.12788185], [-0.0479457, 0.009399, -0.02281985, -0.0207658, -0.02258291, 0.07076555], [0.02652918, -0.04121569, 0.00342502, -0.04156749, 0.0233416, -0.02995421], [0.03984652, 0.00352194, -0.02830082, 0.0623306, -0.00349826, -0.01154571], [-0.02143694, 0.01557074, -0.02421617, -0.01897562, -0.01642553, 0.04565311], [0.01579331, -0.02642807, -0.00092006, -0.02621372, 0.02982331, -0.01487325], [0.02239219, -0.02223813, -0.00683281, -0.02128505, 0.02482491, -0.01555938], [-0.01920543, 0.01573903, -0.02603827, -0.01503432, -0.01097852, 0.04524371], [0.02717109, -0.0282204, -0.00183105, -0.02352113, 0.02779975, -0.02534004], [-0.01325793, 0.02105268, -0.03018916, -0.00404258, -0.00490044, 0.04344709], [-0.0080065, 0.03614275, 0.00026879, -0.03170158, 0.00193672, 0.00773771], [-0.04295053, -0.02927451, 0.03837994, 0.01959038, -0.01457552, 0.00457059], [0.00645995, -0.01545738, -0.0053443, -0.03600839, 0.03820281, -0.00111565], [-0.00160287, -0.02471005, 0.03343656, 0.01487542, -0.01399112, -0.03183369], [-0.00038298, -0.02945528, 0.0257209, 0.02197338, -0.02237639, -0.02533792], [0.00224982, -0.01781888, -0.00360044, -0.02663321, 0.03757476, 0.00135062], [-0.02614189, -0.0406572, 0.04522203, 0.02940416, -0.03219417, -0.01908014], [0.01446582, -0.03546594, -0.02644608, -0.0401963, 0.03889954, 0.01198026], [0.00978415, 0.05942302, 0.00152502, -0.02593693, -0.02979663, -0.01130916], [0.00591502, -0.02759744, 0.01942901, -0.03284729, -0.00434153, -0.02534403], [-0.04605072, 0.0094909, 0.00255409, 0.00047489, 0.00300155, 0.04349663], [-0.01159774, -0.01713523, 0.02588306, 0.00028173, -0.04639296, -0.01428533], [-0.01199619, 0.00164819, -0.03876195, 0.01260352, 0.00234807, 0.05075814], [-0.01513656, -0.00724691, 0.02395483, 0.00393647, -0.04243706, -0.00881827], [-0.01281629, 0.00541791, -0.03776952, 0.01875928, 0.00854007, 0.05058581], [-0.02582632, -0.01977924, 0.04538984, 0.02382263, -0.05049239, -0.01956352], [0.03365851, -0.03709215, -0.00643847, -0.04225524, 0.03245295, -0.02722004], [-0.03754557, 0.01485806, -0.03762202, 0.01535833, 0.01484466, 0.07516758]], "number of molecular orbitals": 115, "number of electrons": 104, "number of unpaired electrons": 0, "orbital energies/eV": [-19.83355929, -19.80082935, -19.76236071, -18.69873736, -17.39408096, -17.35970122, -17.31031475, -16.86387531, -16.76835518, -16.76015215, -16.53126216, -15.91270563, -15.89314026, -15.86965875, -15.47328688, -15.40514029, -15.35945072, -14.628794, -14.42805839, -14.39335437, -14.26310756, -14.12572883, -13.98059614, -13.94695082, -13.88018914, -13.81956362, -13.77715594, -13.58869505, -13.5632184, -13.41604802, -13.21094346, -13.17263587, -12.91856886, -12.87050523, -12.75713041, -12.48294042, -12.44838594, -12.41021472, -12.36978063, -12.34342633, -12.3043814, -12.07583755, -12.05573191, -11.96716523, -11.81105487, -11.74890641, -11.70124279, -11.43089464, -11.3858724, -10.67517779, -10.58297968, -10.47322495, -6.89374874, -5.94288126, -5.82151095, -5.65056934, -4.42295081, -4.28024562, -2.1128449, -0.91781538, -0.89885193, -0.69595401, -0.55652881, -0.44900191, -0.29773824, -0.20214169, -0.01224481, 1.66396866, 1.79961243, 2.14109123, 2.22059922, 2.54349166, 2.71789749, 2.7949169, 2.95251314, 3.05634874, 3.15572253, 3.31984999, 3.39178425, 3.7588007, 3.81593213, 3.88933479, 4.02674724, 4.15984115, 4.20412678, 4.29062014, 4.41657201, 4.72921692, 4.74037067, 4.9052555, 5.08438054, 5.2835627, 5.46665566, 5.58630729, 5.72874648, 6.05995598, 6.12418763, 6.3022468, 6.35997715, 6.58087469, 6.78498073, 6.8211313, 7.11348283, 7.27313065, 7.66820207, 7.91373802, 7.99837332, 8.57873507, 8.74563916, 11.69840015, 11.81204034, 12.18613831, 25.61762141, 27.02238989, 31.99895676], "fractional occupation": [2.0, 2.0, 2.0, 2.0, 2.0, 2.0, 2.0, 2.0, 2.0, 2.0, 2.0, 2.0, 2.0, 2.0, 2.0, 2.0, 2.0, 2.0, 2.0, 2.0, 2.0, 2.0, 2.0, 2.0, 2.0, 2.0, 2.0, 2.0, 2.0, 2.0, 2.0, 2.0, 2.0, 2.0, 2.0, 2.0, 2.0, 2.0, 2.0, 2.0, 2.0, 2.0, 2.0, 2.0, 2.0, 2.0, 2.0, 2.0, 2.0, 2.0, 2.0, 2.0, 0.0, 0.0, 0.0, 0.0, 0.0, 0.0, 0.0, 0.0, 0.0, 0.0, 0.0, 0.0, 0.0, 0.0, 0.0, 0.0, 0.0, 0.0, 0.0, 0.0, 0.0, 0.0, 0.0, 0.0, 0.0, 0.0, 0.0, 0.0, 0.0, 0.0, 0.0, 0.0, 0.0, 0.0, 0.0, 0.0, 0.0, 0.0, 0.0, 0.0, 0.0, 0.0, 0.0, 0.0, 0.0, 0.0, 0.0, 0.0, 0.0, 0.0, 0.0, 0.0, 0.0, 0.0, 0.0, 0.0, 0.0, 0.0, 0.0, 0.0, 0.0, 0.0, 0.0], "program call": "xtb /home/svss/Project-DBcg-Debug/aqme2_20220329/End-to-End-workflows-final/example-3/QDESCP/mol_760_rdkit_conf_18/mol_760_rdkit_conf_18.xyz --pop --wbo --acc 0.2 --gfn 2 --chrg 0 --uhf 0 --etemp 300 --input /home/svss/Project-DBcg-Debug/aqme2_20220329/End-to-End-workflows-final/example-3/QDESCP/mol_760_rdkit_conf_18/mol_760_rdkit_conf_18_xtb.inp", "method": "GFN2-xTB", "xtb version": "6.3.3 (7355c4f)", "Dipole module/D": 2.007, "Total charge": 0, "Transition dipole module/D": NaN, "HOMO": -10.4732, "LUMO": -6.8937, "HOMO occupancy": 2.0, "LUMO occupancy": 0, "mulliken charges": [-0.08212, -0.03933, -0.05143, 0.03677, -0.08609, 0.32604, -0.48242, -0.08314, 0.03644, -0.05231, -0.04026, -0.08277, -0.08665, 0.03168, -0.04773, -0.03952, -0.08383, 0.02682, 0.02859, 0.02904, 0.02656, 0.02042, 0.03863, 0.02396, 0.03205, 0.04735, 0.04524, 0.03078, 0.02796, 0.04901, 0.01962, 0.02218, 0.02878, 0.02648, 0.02731, 0.0324, 0.04672, 0.03089, 0.02855, 0.02637, 0.02613, 0.02691, 0.03046, 0.02749], "cm5 charges": [-0.23264, -0.15187, -0.15892, -0.05308, -0.08906, 0.25876, -0.50348, -0.08714, -0.05335, -0.15995, -0.15208, -0.23342, -0.08981, -0.05813, -0.15544, -0.15115, -0.23423, 0.07812, 0.08021, 0.07983, 0.08134, 0.07512, 0.09834, 0.08009, 0.08855, 0.10619, 0.10365, 0.08715, 0.08304, 0.10797, 0.07449, 0.07824, 0.08018, 0.07775, 0.0781, 0.08995, 0.10536, 0.08588, 0.08409, 0.08217, 0.08098, 0.07819, 0.08124, 0.07878], "FUKUI+": [0.008, 0.004, 0.01, 0.028, -0.191, -0.156, -0.006, -0.194, 0.028, 0.012, 0.004, 0.008, -0.203, 0.03, 0.006, 0.003, 0.008, -0.008, -0.003, -0.019, -0.011, -0.015, -0.0, -0.011, -0.038, -0.029, -0.024, -0.036, -0.03, -0.007, -0.011, 0.005, -0.005, -0.013, -0.015, -0.023, -0.029, -0.028, -0.011, 0.006, -0.009, -0.012, -0.015, -0.008], "FUKUI-": [0.007, 0.003, 0.003, 0.023, -0.148, -0.051, -0.013, -0.157, 0.023, 0.007, 0.005, 0.009, -0.168, 0.026, 0.009, 0.003, 0.01, -0.017, -0.008, -0.026, -0.018, -0.024, -0.003, -0.014, -0.032, -0.028, -0.021, -0.034, -0.029, -0.013, -0.025, -0.009, -0.013, -0.026, -0.023, -0.03, -0.031, -0.032, -0.017, -0.02, -0.021, -0.031, -0.024, -0.021], "FUKUIrad": [0.008, 0.004, 0.006, 0.025, -0.17, -0.103, -0.009, -0.175, 0.026, 0.01, 0.004, 0.009, -0.186, 0.028, 0.007, 0.003, 0.009, -0.012, -0.006, -0.022, -0.015, -0.019, -0.002, -0.013, -0.035, -0.029, -0.022, -0.035, -0.029, -0.01, -0.018, -0.002, -0.009, -0.02, -0.019, -0.026, -0.03, -0.03, -0.014, -0.007, -0.015, -0.022, -0.019, -0.015], "s proportion": [1.008, 1.028, 1.037, 1.04, 1.91, 1.554, 1.692, 1.911, 1.039, 1.036, 1.027, 1.008, 1.91, 1.039, 1.034, 1.027, 1.008, 0.973, 0.971, 0.971, 0.973, 0.98, 0.961, 0.976, 0.968, 0.953, 0.955, 0.969, 0.972, 0.951, 0.98, 0.978, 0.971, 0.974, 0.973, 0.968, 0.953, 0.969, 0.971, 0.974, 0.974, 0.973, 0.97, 0.973], "p proportion": [3.074, 3.011, 3.015, 2.923, 4.181, 2.123, 4.791, 4.178, 2.925, 3.016, 3.013, 3.075, 4.182, 2.929, 3.013, 3.013, 3.076, 0.0, 0.0, 0.0, 0.0, 0.0, 0.0, 0.0, 0.0, 0.0, 0.0, 0.0, 0.0, 0.0, 0.0, 0.0, 0.0, 0.0, 0.0, 0.0, 0.0, 0.0, 0.0, 0.0, 0.0, 0.0, 0.0, 0.0], "d proportion": [0.0, 0.0, 0.0, 0.0, -0.005, 0.997, 0.0, -0.005, 0.0, 0.0, 0.0, 0.0, -0.006, 0.0, 0.0, 0.0, 0.0, 0.0, 0.0, 0.0, 0.0, 0.0, 0.0, 0.0, 0.0, 0.0, 0.0, 0.0, 0.0, 0.0, 0.0, 0.0, 0.0, 0.0, 0.0, 0.0, 0.0, 0.0, 0.0, 0.0, 0.0, 0.0, 0.0, 0.0], "Fermi-level/eV": -8.6835, "Coordination numbers": [3.75, 3.8, 3.831, 3.798, 1.929, 3.584, 0.808, 1.922, 3.797, 3.823, 3.799, 3.75, 1.926, 3.798, 3.826, 3.799, 3.75, 0.924, 0.924, 0.924, 0.924, 0.924, 0.924, 0.924, 0.924, 0.924, 0.924, 0.924, 0.924, 0.924, 0.924, 0.924, 0.924, 0.924, 0.924, 0.924, 0.924, 0.924, 0.924, 0.924, 0.924, 0.924, 0.924, 0.924], "Dispersion coefficient C6": [22.493, 21.51, 21.527, 20.548, 146.184, 150.276, 22.401, 145.721, 20.529, 21.602, 21.52, 22.47, 146.073, 20.494, 21.604, 21.544, 22.522, 2.498, 2.455, 2.5, 2.536, 2.581, 2.309, 2.391, 2.194, 2.172, 2.239, 2.209, 2.435, 2.203, 2.566, 2.459, 2.518, 2.537, 2.516, 2.331, 2.194, 2.364, 2.33, 2.414, 2.503, 2.528, 2.481, 2.496], "Total dispersion C6": 22578.171144, "Total dispersion C8": 653027.666754, "Polarizability alpha": [6.764, 6.603, 6.601, 6.454, 20.35, 22.021, 6.344, 20.317, 6.452, 6.614, 6.605, 6.76, 20.342, 6.446, 6.614, 6.609, 6.768, 2.472, 2.45, 2.473, 2.49, 2.513, 2.376, 2.418, 2.317, 2.305, 2.34, 2.324, 2.44, 2.321, 2.505, 2.452, 2.482, 2.491, 2.48, 2.387, 2.316, 2.404, 2.387, 2.43, 2.474, 2.486, 2.463, 2.471], "Total polarizability alpha": 234.134016, "Wiberg matrix": [[0.0, 1.0191482098625348, 0.0, 0.0, 0.0, 0.0, 0.0, 0.0, 0.0, 0.0, 0.0, 0.0, 0.0, 0.0, 0.0, 0.0, 0.0, 0.9873981823622616, 0.9860138756559149, 0.9865634024665795, 0.0, 0.0, 0.0, 0.0, 0.0, 0.0, 0.0, 0.0, 0.0, 0.0, 0.0, 0.0, 0.0, 0.0, 0.0, 0.0, 0.0, 0.0, 0.0, 0.0, 0.0, 0.0, 0.0, 0.0], [1.0191482098625348, 0.0, 1.000626876850344, 0.0, 0.0, 0.0, 0.0, 0.0, 0.0, 0.0, 0.0, 0.0, 0.0, 0.0, 0.0, 0.0, 0.0, 0.0, 0.0, 0.0, 0.9777629288372285, 0.9775952464511949, 0.0, 0.0, 0.0, 0.0, 0.0, 0.0, 0.0, 0.0, 0.0, 0.0, 0.0, 0.0, 0.0, 0.0, 0.0, 0.0, 0.0, 0.0, 0.0, 0.0, 0.0, 0.0], [0.0, 1.000626876850344, 0.0, 1.0117695971934424, 0.0, 0.0, 0.0, 0.0, 0.0, 0.0, 0.0, 0.0, 0.0, 0.0, 0.0, 0.0, 0.0, 0.0, 0.0, 0.0, 0.0, 0.0, 0.967449892139969, 0.9758491681956717, 0.0, 0.0, 0.0, 0.0, 0.0, 0.0, 0.0, 0.0, 0.0, 0.0, 0.0, 0.0, 0.0, 0.0, 0.0, 0.0, 0.0, 0.0, 0.0, 0.0], [0.0, 0.0, 1.0117695971934424, 0.0, 0.9616896352767419, 0.0, 0.0, 0.0, 0.0, 0.0, 0.0, 0.0, 0.0, 0.0, 0.0, 0.0, 0.0, 0.0, 0.0, 0.0, 0.0, 0.0, 0.0, 0.0, 0.9647817754450989, 0.9708793505082214, 0.0, 0.0, 0.0, 0.0, 0.0, 0.0, 0.0, 0.0, 0.0, 0.0, 0.0, 0.0, 0.0, 0.0, 0.0, 0.0, 0.0, 0.0], [0.0, 0.0, 0.0, 0.9616896352767419, 0.0, 1.0406016191160303, 0.0, 0.0, 0.0, 0.0, 0.0, 0.0, 0.0, 0.0, 0.0, 0.0, 0.0, 0.0, 0.0, 0.0, 0.0, 0.0, 0.0, 0.0, 0.0, 0.0, 0.0, 0.0, 0.0, 0.0, 0.0, 0.0, 0.0, 0.0, 0.0, 0.0, 0.0, 0.0, 0.0, 0.0, 0.0, 0.0, 0.0, 0.0], [0.0, 0.0, 0.0, 0.0, 1.0406016191160303, 0.0, 1.9298777183923352, 1.0409005502085438, 0.0, 0.0, 0.0, 0.0, 1.032845777266967, 0.0, 0.0, 0.0, 0.0, 0.0, 0.0, 0.0, 0.0, 0.0, 0.0, 0.0, 0.0, 0.0, 0.0, 0.0, 0.0, 0.0, 0.0, 0.0, 0.0, 0.0, 0.0, 0.0, 0.0, 0.0, 0.0, 0.0, 0.0, 0.0, 0.0, 0.0], [0.0, 0.0, 0.0, 0.0, 0.0, 1.9298777183923352, 0.0, 0.0, 0.0, 0.0, 0.0, 0.0, 0.0, 0.0, 0.0, 0.0, 0.0, 0.0, 0.0, 0.0, 0.0, 0.0, 0.0, 0.0, 0.0, 0.0, 0.0, 0.0, 0.0, 0.0, 0.0, 0.0, 0.0, 0.0, 0.0, 0.0, 0.0, 0.0, 0.0, 0.0, 0.0, 0.0, 0.0, 0.0], [0.0, 0.0, 0.0, 0.0, 0.0, 1.0409005502085438, 0.0, 0.0, 0.9588712423303958, 0.0, 0.0, 0.0, 0.0, 0.0, 0.0, 0.0, 0.0, 0.0, 0.0, 0.0, 0.0, 0.0, 0.0, 0.0, 0.0, 0.0, 0.0, 0.0, 0.0, 0.0, 0.0, 0.0, 0.0, 0.0, 0.0, 0.0, 0.0, 0.0, 0.0, 0.0, 0.0, 0.0, 0.0, 0.0], [0.0, 0.0, 0.0, 0.0, 0.0, 0.0, 0.0, 0.9588712423303958, 0.0, 1.011688463919368, 0.0, 0.0, 0.0, 0.0, 0.0, 0.0, 0.0, 0.0, 0.0, 0.0, 0.0, 0.0, 0.0, 0.0, 0.0, 0.0, 0.9691900214304876, 0.9672017504209949, 0.0, 0.0, 0.0, 0.0, 0.0, 0.0, 0.0, 0.0, 0.0, 0.0, 0.0, 0.0, 0.0, 0.0, 0.0, 0.0], [0.0, 0.0, 0.0, 0.0, 0.0, 0.0, 0.0, 0.0, 1.011688463919368, 0.0, 1.008558699889221, 0.0, 0.0, 0.0, 0.0, 0.0, 0.0, 0.0, 0.0, 0.0, 0.0, 0.0, 0.0, 0.0, 0.0, 0.0, 0.0, 0.0, 0.9668919001436531, 0.971504997130562, 0.0, 0.0, 0.0, 0.0, 0.0, 0.0, 0.0, 0.0, 0.0, 0.0, 0.0, 0.0, 0.0, 0.0], [0.0, 0.0, 0.0, 0.0, 0.0, 0.0, 0.0, 0.0, 0.0, 1.008558699889221, 0.0, 1.0197675164671043, 0.0, 0.0, 0.0, 0.0, 0.0, 0.0, 0.0, 0.0, 0.0, 0.0, 0.0, 0.0, 0.0, 0.0, 0.0, 0.0, 0.0, 0.0, 0.9777200388740346, 0.9756250150449897, 0.0, 0.0, 0.0, 0.0, 0.0, 0.0, 0.0, 0.0, 0.0, 0.0, 0.0, 0.0], [0.0, 0.0, 0.0, 0.0, 0.0, 0.0, 0.0, 0.0, 0.0, 0.0, 1.0197675164671043, 0.0, 0.0, 0.0, 0.0, 0.0, 0.0, 0.0, 0.0, 0.0, 0.0, 0.0, 0.0, 0.0, 0.0, 0.0, 0.0, 0.0, 0.0, 0.0, 0.0, 0.0, 0.9866636698093025, 0.9874229190597841, 0.9870765184394678, 0.0, 0.0, 0.0, 0.0, 0.0, 0.0, 0.0, 0.0, 0.0], [0.0, 0.0, 0.0, 0.0, 0.0, 1.032845777266967, 0.0, 0.0, 0.0, 0.0, 0.0, 0.0, 0.0, 0.9545540805788101, 0.0, 0.0, 0.0, 0.0, 0.0, 0.0, 0.0, 0.0, 0.0, 0.0, 0.0, 0.0, 0.0, 0.0, 0.0, 0.0, 0.0, 0.0, 0.0, 0.0, 0.0, 0.0, 0.0, 0.0, 0.0, 0.0, 0.0, 0.0, 0.0, 0.0], [0.0, 0.0, 0.0, 0.0, 0.0, 0.0, 0.0, 0.0, 0.0, 0.0, 0.0, 0.0, 0.9545540805788101, 0.0, 1.007611444817862, 0.0, 0.0, 0.0, 0.0, 0.0, 0.0, 0.0, 0.0, 0.0, 0.0, 0.0, 0.0, 0.0, 0.0, 0.0, 0.0, 0.0, 0.0, 0.0, 0.0, 0.9729313501682001, 0.9721567448714145, 0.0, 0.0, 0.0, 0.0, 0.0, 0.0, 0.0], [0.0, 0.0, 0.0, 0.0, 0.0, 0.0, 0.0, 0.0, 0.0, 0.0, 0.0, 0.0, 0.0, 1.007611444817862, 0.0, 1.008281113439467, 0.0, 0.0, 0.0, 0.0, 0.0, 0.0, 0.0, 0.0, 0.0, 0.0, 0.0, 0.0, 0.0, 0.0, 0.0, 0.0, 0.0, 0.0, 0.0, 0.0, 0.0, 0.9666998584832409, 0.9747554790863391, 0.0, 0.0, 0.0, 0.0, 0.0], [0.0, 0.0, 0.0, 0.0, 0.0, 0.0, 0.0, 0.0, 0.0, 0.0, 0.0, 0.0, 0.0, 0.0, 1.008281113439467, 0.0, 1.0198204876928496, 0.0, 0.0, 0.0, 0.0, 0.0, 0.0, 0.0, 0.0, 0.0, 0.0, 0.0, 0.0, 0.0, 0.0, 0.0, 0.0, 0.0, 0.0, 0.0, 0.0, 0.0, 0.0, 0.9758953126582796, 0.9773373448133134, 0.0, 0.0, 0.0], [0.0, 0.0, 0.0, 0.0, 0.0, 0.0, 0.0, 0.0, 0.0, 0.0, 0.0, 0.0, 0.0, 0.0, 0.0, 1.0198204876928496, 0.0, 0.0, 0.0, 0.0, 0.0, 0.0, 0.0, 0.0, 0.0, 0.0, 0.0, 0.0, 0.0, 0.0, 0.0, 0.0, 0.0, 0.0, 0.0, 0.0, 0.0, 0.0, 0.0, 0.0, 0.0, 0.9873220337065897, 0.9868990573793724, 0.9874857178056112], [0.9873981823622616, 0.0, 0.0, 0.0, 0.0, 0.0, 0.0, 0.0, 0.0, 0.0, 0.0, 0.0, 0.0, 0.0, 0.0, 0.0, 0.0, 0.0, 0.0, 0.0, 0.0, 0.0, 0.0, 0.0, 0.0, 0.0, 0.0, 0.0, 0.0, 0.0, 0.0, 0.0, 0.0, 0.0, 0.0, 0.0, 0.0, 0.0, 0.0, 0.0, 0.0, 0.0, 0.0, 0.0], [0.9860138756559149, 0.0, 0.0, 0.0, 0.0, 0.0, 0.0, 0.0, 0.0, 0.0, 0.0, 0.0, 0.0, 0.0, 0.0, 0.0, 0.0, 0.0, 0.0, 0.0, 0.0, 0.0, 0.0, 0.0, 0.0, 0.0, 0.0, 0.0, 0.0, 0.0, 0.0, 0.0, 0.0, 0.0, 0.0, 0.0, 0.0, 0.0, 0.0, 0.0, 0.0, 0.0, 0.0, 0.0], [0.9865634024665795, 0.0, 0.0, 0.0, 0.0, 0.0, 0.0, 0.0, 0.0, 0.0, 0.0, 0.0, 0.0, 0.0, 0.0, 0.0, 0.0, 0.0, 0.0, 0.0, 0.0, 0.0, 0.0, 0.0, 0.0, 0.0, 0.0, 0.0, 0.0, 0.0, 0.0, 0.0, 0.0, 0.0, 0.0, 0.0, 0.0, 0.0, 0.0, 0.0, 0.0, 0.0, 0.0, 0.0], [0.0, 0.9777629288372285, 0.0, 0.0, 0.0, 0.0, 0.0, 0.0, 0.0, 0.0, 0.0, 0.0, 0.0, 0.0, 0.0, 0.0, 0.0, 0.0, 0.0, 0.0, 0.0, 0.0, 0.0, 0.0, 0.0, 0.0, 0.0, 0.0, 0.0, 0.0, 0.0, 0.0, 0.0, 0.0, 0.0, 0.0, 0.0, 0.0, 0.0, 0.0, 0.0, 0.0, 0.0, 0.0], [0.0, 0.9775952464511949, 0.0, 0.0, 0.0, 0.0, 0.0, 0.0, 0.0, 0.0, 0.0, 0.0, 0.0, 0.0, 0.0, 0.0, 0.0, 0.0, 0.0, 0.0, 0.0, 0.0, 0.0, 0.0, 0.0, 0.0, 0.0, 0.0, 0.0, 0.0, 0.0, 0.0, 0.0, 0.0, 0.0, 0.0, 0.0, 0.0, 0.0, 0.0, 0.0, 0.0, 0.0, 0.0], [0.0, 0.0, 0.967449892139969, 0.0, 0.0, 0.0, 0.0, 0.0, 0.0, 0.0, 0.0, 0.0, 0.0, 0.0, 0.0, 0.0, 0.0, 0.0, 0.0, 0.0, 0.0, 0.0, 0.0, 0.0, 0.0, 0.0, 0.0, 0.0, 0.0, 0.0, 0.0, 0.0, 0.0, 0.0, 0.0, 0.0, 0.0, 0.0, 0.0, 0.0, 0.0, 0.0, 0.0, 0.0], [0.0, 0.0, 0.9758491681956717, 0.0, 0.0, 0.0, 0.0, 0.0, 0.0, 0.0, 0.0, 0.0, 0.0, 0.0, 0.0, 0.0, 0.0, 0.0, 0.0, 0.0, 0.0, 0.0, 0.0, 0.0, 0.0, 0.0, 0.0, 0.0, 0.0, 0.0, 0.0, 0.0, 0.0, 0.0, 0.0, 0.0, 0.0, 0.0, 0.0, 0.0, 0.0, 0.0, 0.0, 0.0], [0.0, 0.0, 0.0, 0.9647817754450989, 0.0, 0.0, 0.0, 0.0, 0.0, 0.0, 0.0, 0.0, 0.0, 0.0, 0.0, 0.0, 0.0, 0.0, 0.0, 0.0, 0.0, 0.0, 0.0, 0.0, 0.0, 0.0, 0.0, 0.0, 0.0, 0.0, 0.0, 0.0, 0.0, 0.0, 0.0, 0.0, 0.0, 0.0, 0.0, 0.0, 0.0, 0.0, 0.0, 0.0], [0.0, 0.0, 0.0, 0.9708793505082214, 0.0, 0.0, 0.0, 0.0, 0.0, 0.0, 0.0, 0.0, 0.0, 0.0, 0.0, 0.0, 0.0, 0.0, 0.0, 0.0, 0.0, 0.0, 0.0, 0.0, 0.0, 0.0, 0.0, 0.0, 0.0, 0.0, 0.0, 0.0, 0.0, 0.0, 0.0, 0.0, 0.0, 0.0, 0.0, 0.0, 0.0, 0.0, 0.0, 0.0], [0.0, 0.0, 0.0, 0.0, 0.0, 0.0, 0.0, 0.0, 0.9691900214304876, 0.0, 0.0, 0.0, 0.0, 0.0, 0.0, 0.0, 0.0, 0.0, 0.0, 0.0, 0.0, 0.0, 0.0, 0.0, 0.0, 0.0, 0.0, 0.0, 0.0, 0.0, 0.0, 0.0, 0.0, 0.0, 0.0, 0.0, 0.0, 0.0, 0.0, 0.0, 0.0, 0.0, 0.0, 0.0], [0.0, 0.0, 0.0, 0.0, 0.0, 0.0, 0.0, 0.0, 0.9672017504209949, 0.0, 0.0, 0.0, 0.0, 0.0, 0.0, 0.0, 0.0, 0.0, 0.0, 0.0, 0.0, 0.0, 0.0, 0.0, 0.0, 0.0, 0.0, 0.0, 0.0, 0.0, 0.0, 0.0, 0.0, 0.0, 0.0, 0.0, 0.0, 0.0, 0.0, 0.0, 0.0, 0.0, 0.0, 0.0], [0.0, 0.0, 0.0, 0.0, 0.0, 0.0, 0.0, 0.0, 0.0, 0.9668919001436531, 0.0, 0.0, 0.0, 0.0, 0.0, 0.0, 0.0, 0.0, 0.0, 0.0, 0.0, 0.0, 0.0, 0.0, 0.0, 0.0, 0.0, 0.0, 0.0, 0.0, 0.0, 0.0, 0.0, 0.0, 0.0, 0.0, 0.0, 0.0, 0.0, 0.0, 0.0, 0.0, 0.0, 0.0], [0.0, 0.0, 0.0, 0.0, 0.0, 0.0, 0.0, 0.0, 0.0, 0.971504997130562, 0.0, 0.0, 0.0, 0.0, 0.0, 0.0, 0.0, 0.0, 0.0, 0.0, 0.0, 0.0, 0.0, 0.0, 0.0, 0.0, 0.0, 0.0, 0.0, 0.0, 0.0, 0.0, 0.0, 0.0, 0.0, 0.0, 0.0, 0.0, 0.0, 0.0, 0.0, 0.0, 0.0, 0.0], [0.0, 0.0, 0.0, 0.0, 0.0, 0.0, 0.0, 0.0, 0.0, 0.0, 0.9777200388740346, 0.0, 0.0, 0.0, 0.0, 0.0, 0.0, 0.0, 0.0, 0.0, 0.0, 0.0, 0.0, 0.0, 0.0, 0.0, 0.0, 0.0, 0.0, 0.0, 0.0, 0.0, 0.0, 0.0, 0.0, 0.0, 0.0, 0.0, 0.0, 0.0, 0.0, 0.0, 0.0, 0.0], [0.0, 0.0, 0.0, 0.0, 0.0, 0.0, 0.0, 0.0, 0.0, 0.0, 0.9756250150449897, 0.0, 0.0, 0.0, 0.0, 0.0, 0.0, 0.0, 0.0, 0.0, 0.0, 0.0, 0.0, 0.0, 0.0, 0.0, 0.0, 0.0, 0.0, 0.0, 0.0, 0.0, 0.0, 0.0, 0.0, 0.0, 0.0, 0.0, 0.0, 0.0, 0.0, 0.0, 0.0, 0.0], [0.0, 0.0, 0.0, 0.0, 0.0, 0.0, 0.0, 0.0, 0.0, 0.0, 0.0, 0.9866636698093025, 0.0, 0.0, 0.0, 0.0, 0.0, 0.0, 0.0, 0.0, 0.0, 0.0, 0.0, 0.0, 0.0, 0.0, 0.0, 0.0, 0.0, 0.0, 0.0, 0.0, 0.0, 0.0, 0.0, 0.0, 0.0, 0.0, 0.0, 0.0, 0.0, 0.0, 0.0, 0.0], [0.0, 0.0, 0.0, 0.0, 0.0, 0.0, 0.0, 0.0, 0.0, 0.0, 0.0, 0.9874229190597841, 0.0, 0.0, 0.0, 0.0, 0.0, 0.0, 0.0, 0.0, 0.0, 0.0, 0.0, 0.0, 0.0, 0.0, 0.0, 0.0, 0.0, 0.0, 0.0, 0.0, 0.0, 0.0, 0.0, 0.0, 0.0, 0.0, 0.0, 0.0, 0.0, 0.0, 0.0, 0.0], [0.0, 0.0, 0.0, 0.0, 0.0, 0.0, 0.0, 0.0, 0.0, 0.0, 0.0, 0.9870765184394678, 0.0, 0.0, 0.0, 0.0, 0.0, 0.0, 0.0, 0.0, 0.0, 0.0, 0.0, 0.0, 0.0, 0.0, 0.0, 0.0, 0.0, 0.0, 0.0, 0.0, 0.0, 0.0, 0.0, 0.0, 0.0, 0.0, 0.0, 0.0, 0.0, 0.0, 0.0, 0.0], [0.0, 0.0, 0.0, 0.0, 0.0, 0.0, 0.0, 0.0, 0.0, 0.0, 0.0, 0.0, 0.0, 0.9729313501682001, 0.0, 0.0, 0.0, 0.0, 0.0, 0.0, 0.0, 0.0, 0.0, 0.0, 0.0, 0.0, 0.0, 0.0, 0.0, 0.0, 0.0, 0.0, 0.0, 0.0, 0.0, 0.0, 0.0, 0.0, 0.0, 0.0, 0.0, 0.0, 0.0, 0.0], [0.0, 0.0, 0.0, 0.0, 0.0, 0.0, 0.0, 0.0, 0.0, 0.0, 0.0, 0.0, 0.0, 0.9721567448714145, 0.0, 0.0, 0.0, 0.0, 0.0, 0.0, 0.0, 0.0, 0.0, 0.0, 0.0, 0.0, 0.0, 0.0, 0.0, 0.0, 0.0, 0.0, 0.0, 0.0, 0.0, 0.0, 0.0, 0.0, 0.0, 0.0, 0.0, 0.0, 0.0, 0.0], [0.0, 0.0, 0.0, 0.0, 0.0, 0.0, 0.0, 0.0, 0.0, 0.0, 0.0, 0.0, 0.0, 0.0, 0.9666998584832409, 0.0, 0.0, 0.0, 0.0, 0.0, 0.0, 0.0, 0.0, 0.0, 0.0, 0.0, 0.0, 0.0, 0.0, 0.0, 0.0, 0.0, 0.0, 0.0, 0.0, 0.0, 0.0, 0.0, 0.0, 0.0, 0.0, 0.0, 0.0, 0.0], [0.0, 0.0, 0.0, 0.0, 0.0, 0.0, 0.0, 0.0, 0.0, 0.0, 0.0, 0.0, 0.0, 0.0, 0.9747554790863391, 0.0, 0.0, 0.0, 0.0, 0.0, 0.0, 0.0, 0.0, 0.0, 0.0, 0.0, 0.0, 0.0, 0.0, 0.0, 0.0, 0.0, 0.0, 0.0, 0.0, 0.0, 0.0, 0.0, 0.0, 0.0, 0.0, 0.0, 0.0, 0.0], [0.0, 0.0, 0.0, 0.0, 0.0, 0.0, 0.0, 0.0, 0.0, 0.0, 0.0, 0.0, 0.0, 0.0, 0.0, 0.9758953126582796, 0.0, 0.0, 0.0, 0.0, 0.0, 0.0, 0.0, 0.0, 0.0, 0.0, 0.0, 0.0, 0.0, 0.0, 0.0, 0.0, 0.0, 0.0, 0.0, 0.0, 0.0, 0.0, 0.0, 0.0, 0.0, 0.0, 0.0, 0.0], [0.0, 0.0, 0.0, 0.0, 0.0, 0.0, 0.0, 0.0, 0.0, 0.0, 0.0, 0.0, 0.0, 0.0, 0.0, 0.9773373448133134, 0.0, 0.0, 0.0, 0.0, 0.0, 0.0, 0.0, 0.0, 0.0, 0.0, 0.0, 0.0, 0.0, 0.0, 0.0, 0.0, 0.0, 0.0, 0.0, 0.0, 0.0, 0.0, 0.0, 0.0, 0.0, 0.0, 0.0, 0.0], [0.0, 0.0, 0.0, 0.0, 0.0, 0.0, 0.0, 0.0, 0.0, 0.0, 0.0, 0.0, 0.0, 0.0, 0.0, 0.0, 0.9873220337065897, 0.0, 0.0, 0.0, 0.0, 0.0, 0.0, 0.0, 0.0, 0.0, 0.0, 0.0, 0.0, 0.0, 0.0, 0.0, 0.0, 0.0, 0.0, 0.0, 0.0, 0.0, 0.0, 0.0, 0.0, 0.0, 0.0, 0.0], [0.0, 0.0, 0.0, 0.0, 0.0, 0.0, 0.0, 0.0, 0.0, 0.0, 0.0, 0.0, 0.0, 0.0, 0.0, 0.0, 0.9868990573793724, 0.0, 0.0, 0.0, 0.0, 0.0, 0.0, 0.0, 0.0, 0.0, 0.0, 0.0, 0.0, 0.0, 0.0, 0.0, 0.0, 0.0, 0.0, 0.0, 0.0, 0.0, 0.0, 0.0, 0.0, 0.0, 0.0, 0.0], [0.0, 0.0, 0.0, 0.0, 0.0, 0.0, 0.0, 0.0, 0.0, 0.0, 0.0, 0.0, 0.0, 0.0, 0.0, 0.0, 0.9874857178056112, 0.0, 0.0, 0.0, 0.0, 0.0, 0.0, 0.0, 0.0, 0.0, 0.0, 0.0, 0.0, 0.0, 0.0, 0.0, 0.0, 0.0, 0.0, 0.0, 0.0, 0.0, 0.0, 0.0, 0.0, 0.0, 0.0, 0.0]], "Born radii": [], "Atomic SASAs": [], "Solvent H bonds": [], "Total SASA": NaN, "Total FOD": 0.0, "FOD": [0.0, 0.0, 0.0, 0.0, 0.0, 0.0, 0.0, 0.0, 0.0, 0.0, 0.0, 0.0, 0.0, 0.0, 0.0, 0.0, 0.0, 0.0, 0.0, 0.0, 0.0, 0.0, 0.0, 0.0, 0.0, 0.0, 0.0, 0.0, 0.0, 0.0, 0.0, 0.0, 0.0, 0.0, 0.0, 0.0, 0.0, 0.0, 0.0, 0.0, 0.0, 0.0, 0.0, 0.0], "FOD s proportion": [0.0, 0.0, 0.0, 0.0, 0.0, 0.0, 0.0, 0.0, 0.0, 0.0, 0.0, 0.0, 0.0, 0.0, 0.0, 0.0, 0.0, 0.0, 0.0, 0.0, 0.0, 0.0, 0.0, 0.0, 0.0, 0.0, 0.0, 0.0, 0.0, 0.0, 0.0, 0.0, 0.0, 0.0, 0.0, 0.0, 0.0, 0.0, 0.0, 0.0, 0.0, 0.0, 0.0, 0.0], "FOD p proportion": [0.0, 0.0, 0.0, 0.0, 0.0, 0.0, 0.0, 0.0, 0.0, 0.0, 0.0, 0.0, 0.0, 0.0, 0.0, 0.0, 0.0, 0.0, 0.0, 0.0, 0.0, 0.0, 0.0, 0.0, 0.0, 0.0, 0.0, 0.0, 0.0, 0.0, 0.0, 0.0, 0.0, 0.0, 0.0, 0.0, 0.0, 0.0, 0.0, 0.0, 0.0, 0.0, 0.0, 0.0], "FOD d proportion": [0.0, 0.0, 0.0, 0.0, 0.0, 0.0, 0.0, 0.0, 0.0, 0.0, 0.0, 0.0, 0.0, 0.0, 0.0, 0.0, 0.0, 0.0, 0.0, 0.0, 0.0, 0.0, 0.0, 0.0, 0.0, 0.0, 0.0, 0.0, 0.0, 0.0, 0.0, 0.0, 0.0, 0.0, 0.0, 0.0, 0.0, 0.0, 0.0, 0.0, 0.0, 0.0, 0.0, 0.0], "coordinates": [["4.90570", "1.66800", "0.15930"], ["4.40810", "0.23120", "0.14780"], ["3.12900", "0.08940", "-0.67940"], ["2.63130", "-1.35320", "-0.67460"], ["1.17970", "-1.57480", "-1.73880"], ["-0.35150", "-0.49850", "-0.80460"], ["-0.12270", "-0.50320", "0.68320"], ["-0.37410", "1.46690", "-1.52060"], ["-1.17530", "2.42570", "-0.20740"], ["-0.21090", "2.87750", "0.89080"], ["0.84940", "3.87360", "0.41280"], ["1.70850", "4.36290", "1.56910"], ["-2.19580", "-1.40020", "-1.20630"], ["-2.13620", "-2.93550", "-0.24230"], ["-3.40540", "-3.77410", "-0.39290"], ["-4.64060", "-3.14010", "0.25300"], ["-5.84850", "-4.06010", "0.15770"], ["5.13050", "2.01350", "-0.85480"], ["4.15740", "2.33890", "0.59270"], ["5.81970", "1.74790", "0.75600"], ["4.22280", "-0.09340", "1.17830"], ["5.19110", "-0.41750", "-0.26190"], ["2.36630", "0.75420", "-0.25990"], ["3.32590", "0.41930", "-1.70710"], ["3.41610", "-2.02140", "-1.04450"], ["2.37980", "-1.67360", "0.34140"], ["-1.97510", "1.81830", "0.22820"], ["-1.64750", "3.30020", "-0.66710"], ["-0.80510", "3.35250", "1.68220"], ["0.27770", "2.01240", "1.35310"], ["0.36450", "4.73380", "-0.06290"], ["1.50310", "3.41250", "-0.33520"], ["2.22510", "3.52850", "2.05420"], ["1.09980", "4.87470", "2.32140"], ["2.46460", "5.06700", "1.20790"], ["-1.27710", "-3.51870", "-0.58850"], ["-1.96680", "-2.68910", "0.81080"], ["-3.22360", "-4.74610", "0.08360"], ["-3.59940", "-3.98190", "-1.45280"], ["-4.88580", "-2.18970", "-0.23280"], ["-4.43790", "-2.92350", "1.30830"], ["-5.66040", "-5.00960", "0.66890"], ["-6.72000", "-3.59050", "0.62440"], ["-6.09630", "-4.27450", "-0.88680"]], "bond_dist": [[0.0, 1.5205697123118032, 2.5203290539133976, 3.8724583935789423, 5.291654887650933, 5.767233071413015, 5.50212569921844, 5.544257683405418, 6.138985191381391, 5.308255651341597, 4.624121895019638, 4.412721370084452, 7.855572343884308, 8.422698523632436, 9.949661323884346, 10.68917438299142, 12.184578359959774, 1.0946707724242937, 1.0944840154154838, 1.0944546130379276, 2.1464490140695167, 2.146665518892032, 2.7311740039770447, 2.7456271942854884, 4.156887653040433, 4.1928059554432044, 6.882786204728432, 6.8037815984935905, 6.145730330888267, 4.791884159701693, 5.483703121067004, 3.8555800160287172, 3.7732906885104947, 5.426092158266389, 4.31413168204217, 8.104818170076367, 8.163334423506122, 10.35528501732328, 10.337164138679428, 10.531337234653536, 10.474012326229142, 12.50969636442068, 12.768125968598525, 12.547973360666655], [1.5205697123118032, 0.0, 1.5298574737536828, 2.5186669807658175, 4.152524788607529, 4.908494678615837, 4.621054550641012, 5.2134393532484875, 6.009688248985966, 5.374952436068621, 5.099181154852219, 5.1360372603788615, 6.935888405965021, 7.280661329165091, 8.796906662571795, 9.656899213515693, 11.118147204458124, 2.168792707936837, 2.1686829620762924, 2.159375069319825, 1.0961895365309777, 1.0962457662403988, 2.1467872577412046, 2.1557347842441104, 2.734931452523079, 2.7892194051382906, 6.578038675015525, 6.837624907085793, 6.266925186245644, 4.6567827617358315, 6.055452271300633, 4.335087506613909, 4.389992853069353, 6.1017602460273705, 5.318455217448014, 6.850210707708194, 7.043228741138541, 9.111557595713261, 9.18869894054648, 9.611565448978642, 9.463118320088785, 11.362755920110226, 11.775701595234144, 11.476678483341772], [2.5203290539133976, 1.5298574737536828, 0.0, 1.526048193865449, 2.77338430261657, 3.532022324391509, 3.5751092864414646, 3.857049818190063, 4.920170747037139, 4.625360705934186, 4.550785277290064, 5.033525081888437, 5.55428004425416, 6.087972360318335, 7.596518798765655, 8.465561066462163, 9.925451773597008, 2.7818929202972567, 2.781383688022924, 3.4714351355023187, 2.1635303487587136, 2.1641419246435754, 1.0952856157185669, 1.0971649420210254, 2.161296152774996, 2.1705995208697524, 5.4648577090350665, 5.755374894826574, 5.6304634782582506, 3.994858813525204, 5.439943369190528, 3.715510470985111, 4.48519932444479, 6.001795512178001, 5.364683626272848, 5.695644443783337, 5.992323082912002, 8.01995985089701, 7.902214740817919, 8.344505222600079, 8.383704032824634, 10.250427613031567, 10.594543852851807, 10.207487352918935], [3.8724583935789423, 2.5186669807658175, 1.526048193865449, 0.0, 1.8134968320898717, 3.105560807648113, 3.1860064092841998, 4.207268611581628, 5.38410295313899, 5.331735223170782, 5.628236367637735, 6.2096335431327985, 4.856522243334215, 5.041786670417542, 6.510135066955216, 7.545461084652151, 8.940192332383011, 4.196801349837754, 4.191256722034574, 4.6721870820847915, 2.7483097896707354, 2.7565253164083217, 2.1641016265416004, 2.1657058110463665, 1.09509282254976, 1.094606965992817, 5.665013773151836, 6.321575535418366, 6.285456522003792, 4.580203446354758, 6.524118954310995, 4.909167352005836, 5.607347213255124, 7.078717868371362, 6.692575227817764, 4.469048446817286, 5.013338765732873, 6.809294505306698, 6.807149287330197, 7.576391746735381, 7.508083852754976, 9.1611430564095, 9.702562753211133, 9.2059776390126], [5.291654887650933, 4.152524788607529, 2.77338430261657, 1.8134968320898717, 0.0, 2.091823312328266, 2.951382103354291, 3.4225494255014053, 4.888272824832918, 5.354581198375836, 5.8671580181549565, 6.8174858371690075, 3.421701573778754, 3.884097005740202, 5.2603715942887534, 6.347702215762802, 7.69214037703421, 5.409821949935136, 5.442392601604555, 6.228479937352291, 4.4681624836167275, 4.428533262830934, 3.00323255343305, 2.92978056174861, 2.3839020554544605, 2.403587628941371, 5.033386499167334, 5.736481999448791, 6.318303358497437, 4.820939063087191, 6.578117193392042, 5.191131072319403, 6.443863829256481, 7.62152598237387, 7.378856018381169, 3.3373347959112523, 4.200307952995828, 5.7242760537905575, 5.358705367903706, 6.279843012369019, 6.531557230860034, 8.023829406212473, 8.488405081050267, 7.807333737582888], [5.767233071413015, 4.908494678615837, 3.532022324391509, 3.105560807648113, 2.091823312328266, 0.0, 1.5052974357249134, 2.0918804745969592, 3.096165357341239, 3.7804134059650143, 4.694622666413139, 5.788891228033224, 2.091857612267145, 3.072507832374069, 4.497261106495819, 5.147129989615572, 6.620273774550415, 6.030338965597207, 5.507582524120723, 6.750221830428982, 5.002021482360907, 5.5696946998915475, 3.041774518270544, 3.8961691249225825, 4.070821315164792, 3.1865617364174823, 3.0116963724784744, 4.016048299012351, 4.606531037559608, 3.369893283176783, 5.332892102790004, 4.3538257337656505, 5.570308249998379, 6.383527702610838, 6.5540343079663534, 3.1662347686171346, 3.1650339034519046, 5.203841216832043, 4.806567716156717, 4.873088257973582, 5.200349639206964, 7.120789610008149, 7.222208613021365, 6.875147989679932], [5.50212569921844, 4.621054550641012, 3.5751092864414646, 3.1860064092841998, 2.951382103354291, 1.5052974357249134, 0.0, 2.9666867731528384, 3.237219536886555, 3.388216269661664, 4.491600250467533, 5.274186331558641, 2.944921537155107, 3.2904127081568353, 4.757404471978392, 5.248784055378922, 6.7611000214462145, 6.024560824657678, 5.138577494793671, 6.354909032393776, 4.392770230731401, 5.397872630953791, 2.943741389796325, 4.296205570035028, 4.220543089461355, 2.783733042157599, 3.004625269480372, 4.314414988153087, 4.041051008091831, 2.633881077421682, 5.312268634961902, 4.360397996742957, 4.862757523257765, 5.7532611534676565, 6.164134928763321, 3.4703170604427487, 2.8627164337391156, 5.289357369284099, 5.36202317973356, 5.135217605905323, 4.986938253076731, 7.139605503107298, 7.284177786133449, 7.236815642946834], [5.544257683405418, 5.2134393532484875, 3.857049818190063, 4.207268611581628, 3.4225494255014053, 2.0918804745969592, 2.9666867731528384, 0.0, 1.812653612800857, 2.7984418092931644, 3.320721713724292, 4.719140265980658, 3.411398216274377, 4.911229281961901, 6.158617375677759, 6.524808672290705, 7.958233173889791, 5.571596033453969, 5.075520972274669, 6.604924450741281, 5.554285454493675, 6.008888423826822, 3.099531890463461, 3.849967273886883, 5.173057523360821, 4.573155306787645, 2.3968697085991137, 2.389769591404159, 3.7415473002489223, 2.996759112774999, 3.6528146490069817, 2.9520183536014812, 4.877010379320511, 5.342887426289272, 5.335133545657503, 5.15174016910791, 5.024386057022291, 7.0210025559032525, 6.332185907725704, 5.948494707907202, 6.617609674950616, 8.64198647244949, 8.393376351028232, 8.130741001901363], [6.138985191381391, 6.009688248985966, 4.920170747037139, 5.38410295313899, 4.888272824832918, 3.096165357341239, 3.237219536886555, 1.812653612800857, 0.0, 1.5297822851634804, 2.5652431736582013, 3.901922414656652, 4.083715498170752, 5.44674327098313, 6.591303080575191, 6.572549116590913, 8.002355771271358, 6.352334156827708, 5.393086643101518, 7.093488380197715, 6.116004652548917, 6.972646947178667, 3.916580020885568, 5.151266105531726, 6.446579618681522, 5.453822323838575, 1.094697291492036, 1.0950101278070443, 2.1369591573074107, 2.1719084096710892, 2.778343013380457, 2.8572598131776537, 4.230097228197007, 4.19148069898932, 4.7147016650049025, 5.957473609677176, 5.27488222901706, 7.464243372907934, 6.963089812001566, 5.922024364184936, 6.446382387820319, 8.72741140258668, 8.223761412516781, 8.340893561243902], [5.308255651341597, 5.374952436068621, 4.625360705934186, 5.331735223170782, 5.354581198375836, 3.7804134059650143, 3.388216269661664, 2.7984418092931644, 1.5297822851634804, 0.0, 1.5313181576667863, 2.52003976357517, 5.161043858561947, 6.227492649534001, 7.489759575580514, 7.499369352818942, 8.96940706680213, 5.685434840010041, 4.411462168034539, 6.136962079074629, 5.344773030728246, 6.431745197844827, 3.5319220291507003, 5.029988657044864, 6.395290165426429, 5.265555816815543, 2.1617920899105907, 2.1609135244150792, 1.09773065913274, 1.0958326788337716, 2.164827600526194, 2.1741888142477417, 2.7769401433952443, 2.7844853546032526, 3.4717089322119157, 6.651051448455349, 5.837518340014016, 8.236941792315882, 8.001609936131603, 6.9852475124364775, 7.189814757697169, 9.58919372366624, 9.180107612114359, 9.431272391358442], [4.624121895019638, 5.099181154852219, 4.550785277290064, 5.628236367637735, 5.8671580181549565, 4.694622666413139, 4.491600250467533, 3.320721713724292, 2.5652431736582013, 1.5313181576667863, 0.0, 1.5213470971477874, 6.301404152250512, 7.463699228934671, 8.788617116475152, 8.90828960743868, 10.38607414329399, 4.8367963550267445, 3.6511001218810746, 5.416665839794809, 5.263355090624231, 6.141589223482794, 3.5332941089017766, 4.74965438216298, 6.592624453129421, 5.7548805339468165, 3.4980187964046165, 2.7801944500340263, 2.1494864084241145, 2.162191115512225, 1.0960668501510293, 1.0951898922104788, 2.1692944613399074, 2.1697131907236034, 2.1599209730913764, 7.756977712356792, 7.152511288351804, 9.539231086937772, 9.21852293211879, 8.370957250518007, 8.657830556784996, 11.016093930699757, 10.632656287588722, 10.785325320081911], [4.412721370084452, 5.1360372603788615, 5.033525081888437, 6.2096335431327985, 6.8174858371690075, 5.788891228033224, 5.274186331558641, 4.719140265980658, 3.901922414656652, 2.52003976357517, 1.5213470971477874, 0.0, 7.493979267385251, 8.445681180935024, 9.808781076667989, 9.916561854796248, 11.403825145976239, 4.806771845011993, 3.323709399150293, 4.939769432878421, 5.1315727433214855, 6.1913882062103, 4.098860516045892, 5.376006897317004, 7.106763624182247, 6.196549300215403, 4.673533024383159, 4.170450542807096, 2.711435916631628, 2.7601983425109142, 2.146468450734834, 2.1381786197602852, 1.0947241342000273, 1.094719242545777, 1.0944905024713556, 8.699923199661017, 7.988338561928882, 10.46452109080965, 10.341246010998868, 9.469329588730133, 9.536135200383853, 11.956370833158362, 11.62706505959264, 11.897521868439663], [7.855572343884308, 6.935888405965021, 5.55428004425416, 4.856522243334215, 3.421701573778754, 2.091857612267145, 2.944921537155107, 3.411398216274377, 4.083715498170752, 5.161043858561947, 6.301404152250512, 7.493979267385251, 0.0, 1.8138341296822047, 2.785705104636885, 3.336743253533301, 4.719934459290721, 8.090214560195545, 7.588176332294869, 8.832292745940887, 6.970829890335871, 7.5115832059559855, 5.133212320759779, 5.835285064159248, 5.648494515355397, 4.837999401612199, 3.530614817563649, 4.762890896293972, 5.732855835445367, 4.930980568811846, 6.744513003175247, 6.132108749035686, 7.380196525161101, 7.917071217312624, 8.32900748228743, 2.3903407246666744, 2.404661435628725, 3.7303165629742474, 2.9489032028874735, 2.967677964335079, 3.697386706851205, 5.342995092642328, 5.349510465453824, 4.85567513225504], [8.422698523632436, 7.280661329165091, 6.087972360318335, 5.041786670417542, 3.884097005740202, 3.072507832374069, 3.2904127081568353, 4.911229281961901, 5.44674327098313, 6.227492649534001, 7.463699228934671, 8.445681180935024, 1.8138341296822047, 0.0, 1.5286592033543642, 2.561094025997484, 3.899473868357114, 8.81321088707175, 8.253842821377203, 9.285859317262997, 7.10862277589689, 7.747905100735295, 5.821228573076305, 6.575321930521729, 5.683936922591594, 4.725182885349518, 4.779742451220567, 6.269229396026277, 6.7092824847370975, 5.7318346783556136, 8.068695516624729, 7.317802873813972, 8.128846531950273, 8.834221965176107, 9.344005935892808, 1.0945453348308603, 1.0947277880824986, 2.137035781169796, 2.16822910459204, 2.848966137039891, 2.7753066947636613, 4.189530032115774, 4.710776616440223, 4.229739147985369], [9.949661323884346, 8.796906662571795, 7.596518798765655, 6.510135066955216, 5.2603715942887534, 4.497261106495819, 4.757404471978392, 6.158617375677759, 6.591303080575191, 7.489759575580514, 8.788617116475152, 9.808781076667989, 2.785705104636885, 1.5286592033543642, 0.0, 1.5312941748730058, 2.5206534807466094, 10.323335419330324, 9.774258038337232, 10.812720528155715, 8.61427055356401, 9.22950360582843, 7.337282247535527, 8.03878877008222, 7.073146548743353, 6.1983736399155545, 5.805726574684688, 7.294595159431398, 7.864860307723208, 7.077946302424172, 9.311573895964097, 8.703098362077727, 9.540377110995141, 10.12254873883055, 10.732404662982105, 2.152475182203038, 2.166953772003455, 1.0976736719080042, 1.0973626793362348, 2.1742905808562014, 2.1641760672366743, 2.781888655212498, 3.4720572302310915, 2.7812371671614056], [10.68917438299142, 9.656899213515693, 8.465561066462163, 7.545461084652151, 6.347702215762802, 5.147129989615572, 5.248784055378922, 6.524808672290705, 6.572549116590913, 7.499369352818942, 8.90828960743868, 9.916561854796248, 3.336743253533301, 2.561094025997484, 1.5312941748730058, 0.0, 1.521349565353078, 11.102306472530833, 10.370132163574388, 11.556964527504617, 9.417983889347019, 10.214695181942533, 8.032763317190417, 8.942954915462785, 8.23683257265801, 7.172478858107565, 5.62949694466566, 7.161193734985809, 7.675123950139176, 7.207506583417042, 9.335369303353776, 9.001532963334634, 9.739218854199756, 10.073107254467214, 10.897347909468616, 3.48777758178471, 2.768347572108676, 2.148446266491206, 2.1685198454245236, 1.0951642981763052, 1.0962029647834381, 2.169791487678021, 2.1597922307481334, 2.169117306648029], [12.184578359959774, 11.118147204458124, 9.925451773597008, 8.940192332383011, 7.69214037703421, 6.620273774550415, 6.7611000214462145, 7.958233173889791, 8.002355771271358, 8.96940706680213, 10.38607414329399, 11.403825145976239, 4.719934459290721, 3.899473868357114, 2.5206534807466094, 1.521349565353078, 0.0, 12.587780352786586, 11.885051990210224, 13.047517699930511, 10.8723234