{"total energy": -57.89687828, "HOMO-LUMO gap/eV": 3.98556853, "electronic energy": -58.75535771, "dipole": [-0.11686521, 0.30873686, -0.09328736], "partial charges": [-0.09914325, -0.05195531, -0.02664994, -0.02727749, -0.05211163, -0.0988904, 0.00153319, -0.03957655, -0.05523517, 0.14268932, -0.39742023, -0.07285841, -0.03516198, 0.00421783, -0.03759447, -0.07210388, 0.14268516, -0.3976631, -0.05657561, -0.03628077, 0.03279905, 0.03328873, 0.03197079, 0.02975289, 0.03138269, 0.03729851, 0.03811848, 0.03192664, 0.03268594, 0.03198599, 0.03108934, 0.03223097, 0.03301795, 0.04721651, 0.29689436, 0.02417148, 0.03429292, 0.0292055, 0.02413596, 0.2968052, 0.04653386, 0.03856894], "atomic dipole moments": [[0.07766711, 0.02099821, 0.05870824], [-0.03803446, 0.07419536, -0.0808611], [0.00419277, -0.01552288, 0.09188646], [-0.06571796, 0.0672918, 0.02122949], [0.09747754, -0.01474134, -0.06433168], [-0.0897966, 0.01117976, -0.04005718], [-0.03499684, -0.05944824, 0.02942909], [0.00013632, 0.00464729, -0.0003497], [-0.0013059, 0.03999466, 0.01143899], [0.13005384, 0.18045103, -0.10599369], [-0.13265277, -0.02590778, 0.14892632], [0.01776052, 0.00937266, -0.0173372], [0.00360111, 0.00178991, -0.00372723], [0.04542493, -0.05563762, -0.01786135], [-0.0001189, 0.00341636, 0.00080766], [-0.01815353, 0.01399367, 0.01344055], [-0.15249657, 0.19151319, 0.03322356], [0.12307866, -0.07348291, -0.14090479], [-0.00693674, 0.03078786, -0.02761331], [-0.00355325, 0.00630248, -0.00639162], [-0.04079383, -0.11519255, 0.02347387], [-0.09975947, 0.07760986, 0.01998061], [0.02960818, 0.00345217, -0.12240252], [0.07883839, -0.0911221, -0.01784681], [-0.03713332, -0.01858963, 0.1178728], [0.0173544, -0.00510401, -0.1216913], [0.06282523, -0.09941143, -0.02455887], [-0.06493619, -0.09073083, 0.04975119], [-0.05093636, 0.10301428, 0.05188918], [-0.00953745, -0.0038767, 0.12390777], [0.05596147, -0.1068267, -0.03501307], [0.07829854, 0.09756021, -0.02622497], [0.01898289, -0.13936779, -0.05385502], [0.09560538, -0.03576116, -0.1164994], [-0.02170633, 0.06439793, 0.04296055], [-0.02397684, 0.13835332, 0.05558429], [-0.09563766, 0.04230114, 0.11042633], [0.07704192, -0.004038, -0.130563], [-0.00672647, 0.09923694, -0.11382151], [0.00600831, 0.03994249, -0.06956398], [-0.0783212, 0.00934755, 0.133272], [0.01035547, -0.09965895, 0.11309204]], "atomic quadrupole moments": [[0.09097688, 0.05921066, -0.09351687, 0.16089138, 0.02980036, 0.00253999], [0.04757696, 0.14013644, 0.02744889, 0.12603711, -0.03512675, -0.07502585], [0.07483627, 0.00628856, 0.08341188, 0.04434202, -0.05270644, -0.15824815], [0.01001821, 0.09673585, -0.10958534, 0.02835133, -0.02012428, 0.09956713], [0.08911429, -0.02267825, -0.20211558, 0.08587064, 0.01352682, 0.1130013], [0.17101501, -0.03471855, -0.1220807, 0.11795465, -0.01093, -0.04893431], [0.13849543, 0.01636082, -0.17164363, 0.33312727, -0.15115921, 0.0331482], [0.16218464, -0.0693512, -0.21868002, 0.38324046, -0.0899163, 0.05649538], [0.13707427, -0.07182499, -0.1805743, 0.3620927, -0.06514049, 0.04350003], [0.13023054, 0.17155368, -0.1064268, 0.2289232, -0.28466502, -0.02380374], [-0.01322527, 0.05632587, 0.03273866, -0.05272266, -0.04091825, -0.01951339], [0.14891316, -0.05890574, -0.21924546, 0.30802415, -0.07350373, 0.0703323], [0.17221697, -0.06984723, -0.26969668, 0.37271234, -0.09484389, 0.09747971], [0.18297793, 0.19240756, 0.01965362, 0.19740944, 0.20830912, -0.20263155], [0.18622469, 0.29247229, -0.044195, 0.22430277, 0.18978097, -0.14202968], [0.15928392, 0.24737291, -0.04215934, 0.18903975, 0.1556401, -0.11712458], [0.21050004, -0.01095972, 0.13036706, 0.17819186, 0.23770763, -0.3408671], [-0.00056923, -0.07965469, 0.0349512, -0.02726848, 0.01182197, -0.03438197], [0.15208152, 0.27182235, -0.01818868, 0.23680046, 0.12363003, -0.13389284], [0.17793103, 0.29633757, -0.02175559, 0.25645227, 0.16233537, -0.15617544], [-0.02811617, 0.03348206, 0.06467712, 0.00465301, -0.03286936, -0.03656095], [0.01543207, -0.05894491, 0.01414273, -0.01020922, 0.0259103, -0.0295748], [-0.01564629, 0.00639628, -0.0523426, -0.03446075, -0.01000238, 0.06798889], [0.02927372, -0.03249743, 0.00850756, -0.01171506, 0.02116636, -0.03778128], [-0.01582042, 0.00635006, -0.03432511, -0.02378684, 0.01739103, 0.05014552], [-0.0170176, -0.00604527, -0.01138118, -0.01195489, -0.00823422, 0.02839878], [-0.00915128, -0.01750544, 0.01921136, -0.01128256, 0.00960271, -0.01006008], [-0.00179599, 0.04546217, 0.02264321, 0.00391775, -0.01787508, -0.02084721], [-0.01697496, -0.03098437, 0.04476247, 0.0055847, 0.01485364, -0.02778751], [-0.02415864, -0.00014637, -0.05593339, -0.0171884, -0.00305009, 0.08009203], [-0.01543196, -0.03736658, 0.04678162, -0.00861472, 0.04485122, -0.03134966], [-0.00042639, 0.04506335, 0.03634867, -0.01495636, -0.03661768, -0.03592227], [-0.022285, 0.01565481, 0.03293173, -0.05008843, 0.00480123, -0.01064672], [-0.01834991, 0.01209012, 0.02611533, -0.04445121, 0.00561395, -0.00776541], [-0.06720755, -0.0146215, 0.10402943, -0.02860647, 0.06618224, -0.03682188], [-0.02405891, 0.01452241, 0.03921038, -0.04046825, 0.00616475, -0.01515147], [-0.02279671, 0.01660756, 0.03317211, -0.04738376, 0.00165785, -0.01037541], [-0.02289823, -0.04433384, 0.01040347, -0.02768858, -0.01965856, 0.01249476], [-0.02255112, -0.04025069, 0.0133884, -0.02143762, -0.02344004, 0.00916272], [-0.06882755, -0.02645957, 0.01845689, -0.00137527, -0.09607589, 0.05037066], [-0.01907853, -0.03747564, 0.00628072, -0.02787013, -0.01612517, 0.0127978], [-0.01782786, -0.04529656, 0.00996428, -0.02797372, -0.01728308, 0.00786357]], "number of molecular orbitals": 102, "number of electrons": 106, "number of unpaired electrons": 0, "orbital energies/eV": [-19.23330821, -19.22041535, -17.57580701, -17.56313514, -17.17747343, -16.99399927, -16.89696915, -16.77665056, -16.66468537, -16.63201872, -16.3579861, -16.15182278, -16.04507397, -15.83448117, -15.60591683, -15.47829558, -15.21435135, -14.95583104, -14.91348489, -14.8320498, -14.45950079, -14.39988781, -14.12319108, -14.10135538, -13.98984283, -13.8611838, -13.78138178, -13.48117226, -13.45080262, -13.26144387, -13.14173785, -13.01490407, -12.96801386, -12.91269902, -12.86012514, -12.62046405, -12.56501125, -12.51290453, -12.37209161, -12.27501472, -12.18936373, -11.99840948, -11.87820222, -11.69920429, -11.60337255, -11.42914271, -11.37021068, -11.19474846, -11.14774549, -10.87917882, -10.8421705, -10.27745025, -10.0910173, -6.10544877, -6.03966057, -5.84196279, -5.62535472, -2.57143105, -2.44915493, 0.81706915, 1.43770637, 1.66402385, 1.97762893, 2.09690562, 2.77320377, 3.12564686, 3.19354905, 3.28627875, 3.45771902, 3.62106933, 3.825155, 4.01939849, 4.25282238, 4.35214122, 4.61071729, 4.64067253, 4.75430277, 4.86875475, 5.0263998, 5.0883003, 5.25772599, 5.51672798, 5.74062674, 5.93018794, 6.20786567, 6.51663662, 7.00228718, 7.36539791, 7.66472923, 8.04714509, 10.28856441, 10.3757075, 10.83374786, 10.92914573, 11.6890652, 11.7320863, 12.22477523, 12.33879212, 16.58710979, 16.65365553, 17.29511172, 17.34207984], "fractional occupation": [2.0, 2.0, 2.0, 2.0, 2.0, 2.0, 2.0, 2.0, 2.0, 2.0, 2.0, 2.0, 2.0, 2.0, 2.0, 2.0, 2.0, 2.0, 2.0, 2.0, 2.0, 2.0, 2.0, 2.0, 2.0, 2.0, 2.0, 2.0, 2.0, 2.0, 2.0, 2.0, 2.0, 2.0, 2.0, 2.0, 2.0, 2.0, 2.0, 2.0, 2.0, 2.0, 2.0, 2.0, 2.0, 2.0, 2.0, 2.0, 2.0, 2.0, 2.0, 2.0, 2.0, 0.0, 0.0, 0.0, 0.0, 0.0, 0.0, 0.0, 0.0, 0.0, 0.0, 0.0, 0.0, 0.0, 0.0, 0.0, 0.0, 0.0, 0.0, 0.0, 0.0, 0.0, 0.0, 0.0, 0.0, 0.0, 0.0, 0.0, 0.0, 0.0, 0.0, 0.0, 0.0, 0.0, 0.0, 0.0, 0.0, 0.0, 0.0, 0.0, 0.0, 0.0, 0.0, 0.0, 0.0, 0.0, 0.0, 0.0, 0.0, 0.0], "program call": "xtb /home/svss/Project-DBcg-Debug/aqme2_20220329/End-to-End-workflows-final/example-3/QDESCP/mol_354_rdkit_conf_3/mol_354_rdkit_conf_3.xyz --pop --wbo --acc 0.2 --gfn 2 --chrg 0 --uhf 0 --etemp 300 --input /home/svss/Project-DBcg-Debug/aqme2_20220329/End-to-End-workflows-final/example-3/QDESCP/mol_354_rdkit_conf_3/mol_354_rdkit_conf_3_xtb.inp", "method": "GFN2-xTB", "xtb version": "6.3.3 (7355c4f)", "Dipole module/D": 0.872, "Total charge": 0, "Transition dipole module/D": NaN, "HOMO": -10.091, "LUMO": -6.1054, "HOMO occupancy": 2.0, "LUMO occupancy": 0, "mulliken charges": [-0.08257, -0.04264, -0.01706, -0.01716, -0.04377, -0.08254, -0.01677, -0.03622, -0.06668, 0.25708, -0.51968, -0.09709, -0.0297, -0.01673, -0.03036, -0.09679, 0.25716, -0.51963, -0.06729, -0.03506, 0.02961, 0.0282, 0.02741, 0.02517, 0.02446, 0.02676, 0.02684, 0.02553, 0.0242, 0.02923, 0.02704, 0.02754, 0.03069, 0.04766, 0.35015, 0.03102, 0.03148, 0.03045, 0.03111, 0.35017, 0.04758, 0.0312], "cm5 charges": [-0.23259, -0.15278, -0.07774, -0.07803, -0.15358, -0.23266, -0.03021, -0.08965, -0.1169, 0.26853, -0.71698, -0.14923, -0.08289, -0.02993, -0.08369, -0.1489, 0.26861, -0.71699, -0.11762, -0.08887, 0.08037, 0.08045, 0.07884, 0.08029, 0.08051, 0.08814, 0.08803, 0.08158, 0.08095, 0.08, 0.07847, 0.07982, 0.08699, 0.10618, 0.52126, 0.08901, 0.08909, 0.08701, 0.0891, 0.52131, 0.1061, 0.08858], "FUKUI+": [0.009, 0.007, 0.003, 0.006, 0.006, 0.009, -0.017, -0.037, -0.037, -0.023, -0.035, -0.035, -0.029, -0.018, -0.029, -0.035, -0.022, -0.035, -0.036, -0.037, -0.022, 0.001, -0.01, -0.021, -0.011, -0.014, -0.027, -0.019, 0.002, -0.021, -0.014, 0.0, -0.055, -0.058, -0.025, -0.051, -0.038, -0.042, -0.052, -0.026, -0.058, -0.055], "FUKUI-": [0.008, 0.003, -0.009, -0.006, 0.005, 0.008, -0.03, -0.015, -0.021, -0.032, -0.069, -0.018, -0.013, -0.03, -0.012, -0.018, -0.032, -0.069, -0.021, -0.014, -0.032, -0.007, -0.015, -0.025, -0.019, -0.025, -0.036, -0.022, -0.008, -0.028, -0.018, -0.007, -0.04, -0.046, -0.034, -0.04, -0.028, -0.03, -0.04, -0.034, -0.045, -0.038], "FUKUIrad": [0.008, 0.005, -0.003, 0.0, 0.006, 0.009, -0.024, -0.026, -0.029, -0.028, -0.052, -0.027, -0.021, -0.024, -0.021, -0.027, -0.027, -0.052, -0.029, -0.026, -0.027, -0.003, -0.012, -0.023, -0.015, -0.019, -0.032, -0.02, -0.003, -0.024, -0.016, -0.003, -0.048, -0.052, -0.03, -0.045, -0.033, -0.036, -0.046, -0.03, -0.051, -0.046], "s proportion": [1.008, 1.033, 1.069, 1.068, 1.031, 1.008, 1.09, 1.066, 1.055, 1.016, 1.692, 1.059, 1.062, 1.089, 1.064, 1.059, 1.015, 1.692, 1.055, 1.064, 0.97, 0.972, 0.973, 0.975, 0.976, 0.973, 0.973, 0.974, 0.976, 0.971, 0.973, 0.972, 0.969, 0.952, 0.65, 0.969, 0.969, 0.97, 0.969, 0.65, 0.952, 0.969], "p proportion": [3.075, 3.009, 2.949, 2.949, 3.013, 3.075, 2.927, 2.971, 3.012, 2.727, 4.828, 3.038, 2.968, 2.928, 2.966, 3.038, 2.727, 4.828, 3.012, 2.971, 0.0, 0.0, 0.0, 0.0, 0.0, 0.0, 0.0, 0.0, 0.0, 0.0, 0.0, 0.0, 0.0, 0.0, 0.0, 0.0, 0.0, 0.0, 0.0, 0.0, 0.0, 0.0], "d proportion": [0.0, 0.0, 0.0, 0.0, 0.0, 0.0, 0.0, 0.0, 0.0, 0.0, 0.0, 0.0, 0.0, 0.0, 0.0, 0.0, 0.0, 0.0, 0.0, 0.0, 0.0, 0.0, 0.0, 0.0, 0.0, 0.0, 0.0, 0.0, 0.0, 0.0, 0.0, 0.0, 0.0, 0.0, 0.0, 0.0, 0.0, 0.0, 0.0, 0.0, 0.0, 0.0], "Fermi-level/eV": -8.0982, "Coordination numbers": [3.748, 3.797, 3.847, 3.847, 3.797, 3.748, 2.958, 2.916, 2.911, 2.844, 1.659, 2.91, 2.915, 2.957, 2.917, 2.909, 2.844, 1.659, 2.911, 2.915, 0.924, 0.924, 0.924, 0.924, 0.924, 0.923, 0.923, 0.924, 0.924, 0.924, 0.924, 0.924, 0.925, 0.925, 0.804, 0.925, 0.925, 0.925, 0.925, 0.804, 0.925, 0.925], "Dispersion coefficient C6": [22.46, 21.51, 21.016, 21.027, 21.513, 22.455, 27.991, 28.984, 29.372, 24.888, 20.798, 29.817, 28.875, 27.928, 28.935, 29.798, 24.888, 20.803, 29.405, 28.903, 2.547, 2.54, 2.559, 2.59, 2.567, 2.485, 2.474, 2.559, 2.549, 2.559, 2.571, 2.555, 2.544, 2.355, 0.73, 2.671, 2.526, 2.598, 2.671, 0.731, 2.364, 2.468], "Total dispersion C6": 18007.429641, "Total dispersion C8": 422438.955332, "Polarizability alpha": [6.759, 6.604, 6.521, 6.523, 6.604, 6.759, 8.678, 8.828, 8.887, 8.176, 6.156, 8.954, 8.812, 8.668, 8.821, 8.951, 8.176, 6.157, 8.892, 8.816, 2.496, 2.492, 2.502, 2.517, 2.506, 2.465, 2.46, 2.502, 2.497, 2.501, 2.508, 2.5, 2.494, 2.4, 1.343, 2.556, 2.486, 2.52, 2.556, 1.343, 2.404, 2.457], "Total polarizability alpha": 209.243643, "Wiberg matrix": [[0.0, 1.0194533142595223, 0.0, 0.0, 0.0, 0.0, 0.0, 0.0, 0.0, 0.0, 0.0, 0.0, 0.0, 0.0, 0.0, 0.0, 0.0, 0.0, 0.0, 0.0, 0.986717078677623, 0.9874803775821919, 0.9872965278840125, 0.0, 0.0, 0.0, 0.0, 0.0, 0.0, 0.0, 0.0, 0.0, 0.0, 0.0, 0.0, 0.0, 0.0, 0.0, 0.0, 0.0, 0.0, 0.0], [1.0194533142595223, 0.0, 0.9871197211971471, 0.0, 0.0, 0.0, 0.0, 0.0, 0.0, 0.0, 0.0, 0.0, 0.0, 0.0, 0.0, 0.0, 0.0, 0.0, 0.0, 0.0, 0.0, 0.0, 0.0, 0.9761577814619168, 0.9734685791729457, 0.0, 0.0, 0.0, 0.0, 0.0, 0.0, 0.0, 0.0, 0.0, 0.0, 0.0, 0.0, 0.0, 0.0, 0.0, 0.0, 0.0], [0.0, 0.9871197211971471, 0.0, 0.948744692388986, 0.0, 0.0, 0.0, 0.0, 0.0, 0.0, 0.0, 0.0, 0.0, 1.00050854454282, 0.0, 0.0, 0.0, 0.0, 0.0, 0.0, 0.0, 0.0, 0.0, 0.0, 0.0, 0.9643204209620261, 0.0, 0.0, 0.0, 0.0, 0.0, 0.0, 0.0, 0.0, 0.0, 0.0, 0.0, 0.0, 0.0, 0.0, 0.0, 0.0], [0.0, 0.0, 0.948744692388986, 0.0, 0.9926927104209052, 0.0, 0.9971930599495561, 0.0, 0.0, 0.0, 0.0, 0.0, 0.0, 0.0, 0.0, 0.0, 0.0, 0.0, 0.0, 0.0, 0.0, 0.0, 0.0, 0.0, 0.0, 0.0, 0.9613672444358705, 0.0, 0.0, 0.0, 0.0, 0.0, 0.0, 0.0, 0.0, 0.0, 0.0, 0.0, 0.0, 0.0, 0.0, 0.0], [0.0, 0.0, 0.0, 0.9926927104209052, 0.0, 1.0188023326727929, 0.0, 0.0, 0.0, 0.0, 0.0, 0.0, 0.0, 0.0, 0.0, 0.0, 0.0, 0.0, 0.0, 0.0, 0.0, 0.0, 0.0, 0.0, 0.0, 0.0, 0.0, 0.9737922024361487, 0.9743488129098729, 0.0, 0.0, 0.0, 0.0, 0.0, 0.0, 0.0, 0.0, 0.0, 0.0, 0.0, 0.0, 0.0], [0.0, 0.0, 0.0, 0.0, 1.0188023326727929, 0.0, 0.0, 0.0, 0.0, 0.0, 0.0, 0.0, 0.0, 0.0, 0.0, 0.0, 0.0, 0.0, 0.0, 0.0, 0.0, 0.0, 0.0, 0.0, 0.0, 0.0, 0.0, 0.0, 0.0, 0.9870611264257615, 0.9874074415233142, 0.9875513028584956, 0.0, 0.0, 0.0, 0.0, 0.0, 0.0, 0.0, 0.0, 0.0, 0.0], [0.0, 0.0, 0.0, 0.9971930599495561, 0.0, 0.0, 0.0, 1.4048946281670833, 0.0, 0.0, 0.0, 0.0, 1.4111095125329516, 0.0, 0.0, 0.0, 0.0, 0.0, 0.0, 0.0, 0.0, 0.0, 0.0, 0.0, 0.0, 0.0, 0.0, 0.0, 0.0, 0.0, 0.0, 0.0, 0.0, 0.0, 0.0, 0.0, 0.0, 0.0, 0.0, 0.0, 0.0, 0.0], [0.0, 0.0, 0.0, 0.0, 0.0, 0.0, 1.4048946281670833, 0.0, 1.4531963672883346, 0.0, 0.0, 0.1068536472254541, 0.0, 0.0, 0.0, 0.0, 0.0, 0.0, 0.0, 0.0, 0.0, 0.0, 0.0, 0.0, 0.0, 0.0, 0.0, 0.0, 0.0, 0.0, 0.0, 0.0, 0.9691201223993949, 0.0, 0.0, 0.0, 0.0, 0.0, 0.0, 0.0, 0.0, 0.0], [0.0, 0.0, 0.0, 0.0, 0.0, 0.0, 0.0, 1.4531963672883346, 0.0, 1.3693434764091104, 0.0, 0.0, 0.10914129273225483, 0.0, 0.0, 0.0, 0.0, 0.0, 0.0, 0.0, 0.0, 0.0, 0.0, 0.0, 0.0, 0.0, 0.0, 0.0, 0.0, 0.0, 0.0, 0.0, 0.0, 0.9681789271689245, 0.0, 0.0, 0.0, 0.0, 0.0, 0.0, 0.0, 0.0], [0.0, 0.0, 0.0, 0.0, 0.0, 0.0, 0.0, 0.0, 1.3693434764091104, 0.0, 1.0634572459909999, 1.3768611038722536, 0.0, 0.0, 0.0, 0.0, 0.0, 0.0, 0.0, 0.0, 0.0, 0.0, 0.0, 0.0, 0.0, 0.0, 0.0, 0.0, 0.0, 0.0, 0.0, 0.0, 0.0, 0.0, 0.0, 0.0, 0.0, 0.0, 0.0, 0.0, 0.0, 0.0], [0.0, 0.0, 0.0, 0.0, 0.0, 0.0, 0.0, 0.0, 0.0, 1.0634572459909999, 0.0, 0.0, 0.0, 0.0, 0.0, 0.0, 0.0, 0.0, 0.0, 0.0, 0.0, 0.0, 0.0, 0.0, 0.0, 0.0, 0.0, 0.0, 0.0, 0.0, 0.0, 0.0, 0.0, 0.0, 0.8905215979699878, 0.0, 0.0, 0.0, 0.0, 0.0, 0.0, 0.0], [0.0, 0.0, 0.0, 0.0, 0.0, 0.0, 0.0, 0.1068536472254541, 0.0, 1.3768611038722536, 0.0, 0.0, 1.4433167205601567, 0.0, 0.0, 0.0, 0.0, 0.0, 0.0, 0.0, 0.0, 0.0, 0.0, 0.0, 0.0, 0.0, 0.0, 0.0, 0.0, 0.0, 0.0, 0.0, 0.0, 0.0, 0.0, 0.9664680633644896, 0.0, 0.0, 0.0, 0.0, 0.0, 0.0], [0.0, 0.0, 0.0, 0.0, 0.0, 0.0, 1.4111095125329516, 0.0, 0.10914129273225483, 0.0, 0.0, 1.4433167205601567, 0.0, 0.0, 0.0, 0.0, 0.0, 0.0, 0.0, 0.0, 0.0, 0.0, 0.0, 0.0, 0.0, 0.0, 0.0, 0.0, 0.0, 0.0, 0.0, 0.0, 0.0, 0.0, 0.0, 0.0, 0.9678011681057235, 0.0, 0.0, 0.0, 0.0, 0.0], [0.0, 0.0, 1.00050854454282, 0.0, 0.0, 0.0, 0.0, 0.0, 0.0, 0.0, 0.0, 0.0, 0.0, 0.0, 1.4070203171903974, 0.0, 0.0, 0.0, 0.0, 1.4069113775820727, 0.0, 0.0, 0.0, 0.0, 0.0, 0.0, 0.0, 0.0, 0.0, 0.0, 0.0, 0.0, 0.0, 0.0, 0.0, 0.0, 0.0, 0.0, 0.0, 0.0, 0.0, 0.0], [0.0, 0.0, 0.0, 0.0, 0.0, 0.0, 0.0, 0.0, 0.0, 0.0, 0.0, 0.0, 0.0, 1.4070203171903974, 0.0, 1.445842840189986, 0.0, 0.0, 0.1097361753910113, 0.0, 0.0, 0.0, 0.0, 0.0, 0.0, 0.0, 0.0, 0.0, 0.0, 0.0, 0.0, 0.0, 0.0, 0.0, 0.0, 0.0, 0.0, 0.9696023781155823, 0.0, 0.0, 0.0, 0.0], [0.0, 0.0, 0.0, 0.0, 0.0, 0.0, 0.0, 0.0, 0.0, 0.0, 0.0, 0.0, 0.0, 0.0, 1.445842840189986, 0.0, 1.3756798496920895, 0.0, 0.0, 0.10605708530512487, 0.0, 0.0, 0.0, 0.0, 0.0, 0.0, 0.0, 0.0, 0.0, 0.0, 0.0, 0.0, 0.0, 0.0, 0.0, 0.0, 0.0, 0.0, 0.9663174540431281, 0.0, 0.0, 0.0], [0.0, 0.0, 0.0, 0.0, 0.0, 0.0, 0.0, 0.0, 0.0, 0.0, 0.0, 0.0, 0.0, 0.0, 0.0, 1.3756798496920895, 0.0, 1.0633767463376127, 1.3703644908991912, 0.0, 0.0, 0.0, 0.0, 0.0, 0.0, 0.0, 0.0, 0.0, 0.0, 0.0, 0.0, 0.0, 0.0, 0.0, 0.0, 0.0, 0.0, 0.0, 0.0, 0.0, 0.0, 0.0], [0.0, 0.0, 0.0, 0.0, 0.0, 0.0, 0.0, 0.0, 0.0, 0.0, 0.0, 0.0, 0.0, 0.0, 0.0, 0.0, 1.0633767463376127, 0.0, 0.0, 0.0, 0.0, 0.0, 0.0, 0.0, 0.0, 0.0, 0.0, 0.0, 0.0, 0.0, 0.0, 0.0, 0.0, 0.0, 0.0, 0.0, 0.0, 0.0, 0.0, 0.8905359145656209, 0.0, 0.0], [0.0, 0.0, 0.0, 0.0, 0.0, 0.0, 0.0, 0.0, 0.0, 0.0, 0.0, 0.0, 0.0, 0.0, 0.1097361753910113, 0.0, 1.3703644908991912, 0.0, 0.0, 1.4507507687703565, 0.0, 0.0, 0.0, 0.0, 0.0, 0.0, 0.0, 0.0, 0.0, 0.0, 0.0, 0.0, 0.0, 0.0, 0.0, 0.0, 0.0, 0.0, 0.0, 0.0, 0.9683976339914846, 0.0], [0.0, 0.0, 0.0, 0.0, 0.0, 0.0, 0.0, 0.0, 0.0, 0.0, 0.0, 0.0, 0.0, 1.4069113775820727, 0.0, 0.10605708530512487, 0.0, 0.0, 1.4507507687703565, 0.0, 0.0, 0.0, 0.0, 0.0, 0.0, 0.0, 0.0, 0.0, 0.0, 0.0, 0.0, 0.0, 0.0, 0.0, 0.0, 0.0, 0.0, 0.0, 0.0, 0.0, 0.0, 0.9669483916668136], [0.986717078677623, 0.0, 0.0, 0.0, 0.0, 0.0, 0.0, 0.0, 0.0, 0.0, 0.0, 0.0, 0.0, 0.0, 0.0, 0.0, 0.0, 0.0, 0.0, 0.0, 0.0, 0.0, 0.0, 0.0, 0.0, 0.0, 0.0, 0.0, 0.0, 0.0, 0.0, 0.0, 0.0, 0.0, 0.0, 0.0, 0.0, 0.0, 0.0, 0.0, 0.0, 0.0], [0.9874803775821919, 0.0, 0.0, 0.0, 0.0, 0.0, 0.0, 0.0, 0.0, 0.0, 0.0, 0.0, 0.0, 0.0, 0.0, 0.0, 0.0, 0.0, 0.0, 0.0, 0.0, 0.0, 0.0, 0.0, 0.0, 0.0, 0.0, 0.0, 0.0, 0.0, 0.0, 0.0, 0.0, 0.0, 0.0, 0.0, 0.0, 0.0, 0.0, 0.0, 0.0, 0.0], [0.9872965278840125, 0.0, 0.0, 0.0, 0.0, 0.0, 0.0, 0.0, 0.0, 0.0, 0.0, 0.0, 0.0, 0.0, 0.0, 0.0, 0.0, 0.0, 0.0, 0.0, 0.0, 0.0, 0.0, 0.0, 0.0, 0.0, 0.0, 0.0, 0.0, 0.0, 0.0, 0.0, 0.0, 0.0, 0.0, 0.0, 0.0, 0.0, 0.0, 0.0, 0.0, 0.0], [0.0, 0.9761577814619168, 0.0, 0.0, 0.0, 0.0, 0.0, 0.0, 0.0, 0.0, 0.0, 0.0, 0.0, 0.0, 0.0, 0.0, 0.0, 0.0, 0.0, 0.0, 0.0, 0.0, 0.0, 0.0, 0.0, 0.0, 0.0, 0.0, 0.0, 0.0, 0.0, 0.0, 0.0, 0.0, 0.0, 0.0, 0.0, 0.0, 0.0, 0.0, 0.0, 0.0], [0.0, 0.9734685791729457, 0.0, 0.0, 0.0, 0.0, 0.0, 0.0, 0.0, 0.0, 0.0, 0.0, 0.0, 0.0, 0.0, 0.0, 0.0, 0.0, 0.0, 0.0, 0.0, 0.0, 0.0, 0.0, 0.0, 0.0, 0.0, 0.0, 0.0, 0.0, 0.0, 0.0, 0.0, 0.0, 0.0, 0.0, 0.0, 0.0, 0.0, 0.0, 0.0, 0.0], [0.0, 0.0, 0.9643204209620261, 0.0, 0.0, 0.0, 0.0, 0.0, 0.0, 0.0, 0.0, 0.0, 0.0, 0.0, 0.0, 0.0, 0.0, 0.0, 0.0, 0.0, 0.0, 0.0, 0.0, 0.0, 0.0, 0.0, 0.0, 0.0, 0.0, 0.0, 0.0, 0.0, 0.0, 0.0, 0.0, 0.0, 0.0, 0.0, 0.0, 0.0, 0.0, 0.0], [0.0, 0.0, 0.0, 0.9613672444358705, 0.0, 0.0, 0.0, 0.0, 0.0, 0.0, 0.0, 0.0, 0.0, 0.0, 0.0, 0.0, 0.0, 0.0, 0.0, 0.0, 0.0, 0.0, 0.0, 0.0, 0.0, 0.0, 0.0, 0.0, 0.0, 0.0, 0.0, 0.0, 0.0, 0.0, 0.0, 0.0, 0.0, 0.0, 0.0, 0.0, 0.0, 0.0], [0.0, 0.0, 0.0, 0.0, 0.9737922024361487, 0.0, 0.0, 0.0, 0.0, 0.0, 0.0, 0.0, 0.0, 0.0, 0.0, 0.0, 0.0, 0.0, 0.0, 0.0, 0.0, 0.0, 0.0, 0.0, 0.0, 0.0, 0.0, 0.0, 0.0, 0.0, 0.0, 0.0, 0.0, 0.0, 0.0, 0.0, 0.0, 0.0, 0.0, 0.0, 0.0, 0.0], [0.0, 0.0, 0.0, 0.0, 0.9743488129098729, 0.0, 0.0, 0.0, 0.0, 0.0, 0.0, 0.0, 0.0, 0.0, 0.0, 0.0, 0.0, 0.0, 0.0, 0.0, 0.0, 0.0, 0.0, 0.0, 0.0, 0.0, 0.0, 0.0, 0.0, 0.0, 0.0, 0.0, 0.0, 0.0, 0.0, 0.0, 0.0, 0.0, 0.0, 0.0, 0.0, 0.0], [0.0, 0.0, 0.0, 0.0, 0.0, 0.9870611264257615, 0.0, 0.0, 0.0, 0.0, 0.0, 0.0, 0.0, 0.0, 0.0, 0.0, 0.0, 0.0, 0.0, 0.0, 0.0, 0.0, 0.0, 0.0, 0.0, 0.0, 0.0, 0.0, 0.0, 0.0, 0.0, 0.0, 0.0, 0.0, 0.0, 0.0, 0.0, 0.0, 0.0, 0.0, 0.0, 0.0], [0.0, 0.0, 0.0, 0.0, 0.0, 0.9874074415233142, 0.0, 0.0, 0.0, 0.0, 0.0, 0.0, 0.0, 0.0, 0.0, 0.0, 0.0, 0.0, 0.0, 0.0, 0.0, 0.0, 0.0, 0.0, 0.0, 0.0, 0.0, 0.0, 0.0, 0.0, 0.0, 0.0, 0.0, 0.0, 0.0, 0.0, 0.0, 0.0, 0.0, 0.0, 0.0, 0.0], [0.0, 0.0, 0.0, 0.0, 0.0, 0.9875513028584956, 0.0, 0.0, 0.0, 0.0, 0.0, 0.0, 0.0, 0.0, 0.0, 0.0, 0.0, 0.0, 0.0, 0.0, 0.0, 0.0, 0.0, 0.0, 0.0, 0.0, 0.0, 0.0, 0.0, 0.0, 0.0, 0.0, 0.0, 0.0, 0.0, 0.0, 0.0, 0.0, 0.0, 0.0, 0.0, 0.0], [0.0, 0.0, 0.0, 0.0, 0.0, 0.0, 0.0, 0.9691201223993949, 0.0, 0.0, 0.0, 0.0, 0.0, 0.0, 0.0, 0.0, 0.0, 0.0, 0.0, 0.0, 0.0, 0.0, 0.0, 0.0, 0.0, 0.0, 0.0, 0.0, 0.0, 0.0, 0.0, 0.0, 0.0, 0.0, 0.0, 0.0, 0.0, 0.0, 0.0, 0.0, 0.0, 0.0], [0.0, 0.0, 0.0, 0.0, 0.0, 0.0, 0.0, 0.0, 0.9681789271689245, 0.0, 0.0, 0.0, 0.0, 0.0, 0.0, 0.0, 0.0, 0.0, 0.0, 0.0, 0.0, 0.0, 0.0, 0.0, 0.0, 0.0, 0.0, 0.0, 0.0, 0.0, 0.0, 0.0, 0.0, 0.0, 0.0, 0.0, 0.0, 0.0, 0.0, 0.0, 0.0, 0.0], [0.0, 0.0, 0.0, 0.0, 0.0, 0.0, 0.0, 0.0, 0.0, 0.0, 0.8905215979699878, 0.0, 0.0, 0.0, 0.0, 0.0, 0.0, 0.0, 0.0, 0.0, 0.0, 0.0, 0.0, 0.0, 0.0, 0.0, 0.0, 0.0, 0.0, 0.0, 0.0, 0.0, 0.0, 0.0, 0.0, 0.0, 0.0, 0.0, 0.0, 0.0, 0.0, 0.0], [0.0, 0.0, 0.0, 0.0, 0.0, 0.0, 0.0, 0.0, 0.0, 0.0, 0.0, 0.9664680633644896, 0.0, 0.0, 0.0, 0.0, 0.0, 0.0, 0.0, 0.0, 0.0, 0.0, 0.0, 0.0, 0.0, 0.0, 0.0, 0.0, 0.0, 0.0, 0.0, 0.0, 0.0, 0.0, 0.0, 0.0, 0.0, 0.0, 0.0, 0.0, 0.0, 0.0], [0.0, 0.0, 0.0, 0.0, 0.0, 0.0, 0.0, 0.0, 0.0, 0.0, 0.0, 0.0, 0.9678011681057235, 0.0, 0.0, 0.0, 0.0, 0.0, 0.0, 0.0, 0.0, 0.0, 0.0, 0.0, 0.0, 0.0, 0.0, 0.0, 0.0, 0.0, 0.0, 0.0, 0.0, 0.0, 0.0, 0.0, 0.0, 0.0, 0.0, 0.0, 0.0, 0.0], [0.0, 0.0, 0.0, 0.0, 0.0, 0.0, 0.0, 0.0, 0.0, 0.0, 0.0, 0.0, 0.0, 0.0, 0.9696023781155823, 0.0, 0.0, 0.0, 0.0, 0.0, 0.0, 0.0, 0.0, 0.0, 0.0, 0.0, 0.0, 0.0, 0.0, 0.0, 0.0, 0.0, 0.0, 0.0, 0.0, 0.0, 0.0, 0.0, 0.0, 0.0, 0.0, 0.0], [0.0, 0.0, 0.0, 0.0, 0.0, 0.0, 0.0, 0.0, 0.0, 0.0, 0.0, 0.0, 0.0, 0.0, 0.0, 0.9663174540431281, 0.0, 0.0, 0.0, 0.0, 0.0, 0.0, 0.0, 0.0, 0.0, 0.0, 0.0, 0.0, 0.0, 0.0, 0.0, 0.0, 0.0, 0.0, 0.0, 0.0, 0.0, 0.0, 0.0, 0.0, 0.0, 0.0], [0.0, 0.0, 0.0, 0.0, 0.0, 0.0, 0.0, 0.0, 0.0, 0.0, 0.0, 0.0, 0.0, 0.0, 0.0, 0.0, 0.0, 0.8905359145656209, 0.0, 0.0, 0.0, 0.0, 0.0, 0.0, 0.0, 0.0, 0.0, 0.0, 0.0, 0.0, 0.0, 0.0, 0.0, 0.0, 0.0, 0.0, 0.0, 0.0, 0.0, 0.0, 0.0, 0.0], [0.0, 0.0, 0.0, 0.0, 0.0, 0.0, 0.0, 0.0, 0.0, 0.0, 0.0, 0.0, 0.0, 0.0, 0.0, 0.0, 0.0, 0.0, 0.9683976339914846, 0.0, 0.0, 0.0, 0.0, 0.0, 0.0, 0.0, 0.0, 0.0, 0.0, 0.0, 0.0, 0.0, 0.0, 0.0, 0.0, 0.0, 0.0, 0.0, 0.0, 0.0, 0.0, 0.0], [0.0, 0.0, 0.0, 0.0, 0.0, 0.0, 0.0, 0.0, 0.0, 0.0, 0.0, 0.0, 0.0, 0.0, 0.0, 0.0, 0.0, 0.0, 0.0, 0.9669483916668136, 0.0, 0.0, 0.0, 0.0, 0.0, 0.0, 0.0, 0.0, 0.0, 0.0, 0.0, 0.0, 0.0, 0.0, 0.0, 0.0, 0.0, 0.0, 0.0, 0.0, 0.0, 0.0]], "Born radii": [], "Atomic SASAs": [], "Solvent H bonds": [], "Total SASA": NaN, "Total FOD": 0.0, "FOD": [0.0, 0.0, 0.0, 0.0, 0.0, 0.0, 0.0, 0.0, 0.0, 0.0, 0.0, 0.0, 0.0, 0.0, 0.0, 0.0, 0.0, 0.0, 0.0, 0.0, 0.0, 0.0, 0.0, 0.0, 0.0, 0.0, 0.0, 0.0, 0.0, 0.0, 0.0, 0.0, 0.0, 0.0, 0.0, 0.0, 0.0, 0.0, 0.0, 0.0, 0.0, 0.0], "FOD s proportion": [0.0, 0.0, 0.0, 0.0, 0.0, 0.0, 0.0, 0.0, 0.0, 0.0, 0.0, 0.0, 0.0, 0.0, 0.0, 0.0, 0.0, 0.0, 0.0, 0.0, 0.0, 0.0, 0.0, 0.0, 0.0, 0.0, 0.0, 0.0, 0.0, 0.0, 0.0, 0.0, 0.0, 0.0, 0.0, 0.0, 0.0, 0.0, 0.0, 0.0, 0.0, 0.0], "FOD p proportion": [0.0, 0.0, 0.0, 0.0, 0.0, 0.0, 0.0, 0.0, 0.0, 0.0, 0.0, 0.0, 0.0, 0.0, 0.0, 0.0, 0.0, 0.0, 0.0, 0.0, 0.0, 0.0, 0.0, 0.0, 0.0, 0.0, 0.0, 0.0, 0.0, 0.0, 0.0, 0.0, 0.0, 0.0, 0.0, 0.0, 0.0, 0.0, 0.0, 0.0, 0.0, 0.0], "FOD d proportion": [0.0, 0.0, 0.0, 0.0, 0.0, 0.0, 0.0, 0.0, 0.0, 0.0, 0.0, 0.0, 0.0, 0.0, 0.0, 0.0, 0.0, 0.0, 0.0, 0.0, 0.0, 0.0, 0.0, 0.0, 0.0, 0.0, 0.0, 0.0, 0.0, 0.0, 0.0, 0.0, 0.0, 0.0, 0.0, 0.0, 0.0, 0.0, 0.0, 0.0, 0.0, 0.0], "coordinates": [["-2.34720", "-2.95560", "-0.91630"], ["-1.14840", "-2.63460", "-0.02930"], ["-0.51870", "-1.25090", "-0.33660"], ["0.88830", "-1.09980", "0.34570"], ["0.85670", "-1.06070", "1.89270"], ["2.24020", "-1.21190", "2.51920"], ["1.69100", "0.03820", "-0.28600"], ["2.56520", "-0.24480", "-1.34940"], ["3.30150", "0.77270", "-1.95910"], ["3.16700", "2.08050", "-1.51450"], ["3.90340", "3.04410", "-2.13750"], ["2.30430", "2.38990", "-0.47010"], ["1.56780", "1.37070", "0.13980"], ["-1.47490", "-0.09050", "-0.07300"], ["-1.63920", "0.90150", "-1.05650"], ["-2.50060", "1.98240", "-0.85350"], ["-3.20690", "2.07690", "0.33880"], ["-4.05770", "3.11410", "0.58120"], ["-3.06410", "1.11100", "1.32540"], ["-2.20260", "0.03070", "1.12080"], ["-2.70650", "-3.96850", "-0.70740"], ["-3.17750", "-2.26560", "-0.73990"], ["-2.07570", "-2.90650", "-1.97560"], ["-0.39470", "-3.41490", "-0.19360"], ["-1.45540", "-2.71610", "1.01850"], ["-0.33030", "-1.26350", "-1.42150"], ["1.43720", "-2.02160", "0.09830"], ["0.23830", "-1.88280", "2.26930"], ["0.40650", "-0.13490", "2.26460"], ["2.15490", "-1.24410", "3.61020"], ["2.71970", "-2.13980", "2.19160"], ["2.89560", "-0.37470", "2.26210"], ["2.68080", "-1.26350", "-1.71260"], ["3.97710", "0.54390", "-2.77810"], ["3.72290", "3.89470", "-1.70520"], ["2.18480", "3.40980", "-0.11930"], ["0.88400", "1.63500", "0.94340"], ["-1.08280", "0.84230", "-1.99050"], ["-2.60080", "2.73240", "-1.63120"], ["-4.07150", "3.68870", "-0.20140"], ["-3.62260", "1.19620", "2.25310"], ["-2.10930", "-0.71040", "1.91000"]], "bond_dist": [[0.0, 1.5254282808444322, 2.5662163646115266, 3.9376513164575653, 4.663271621940974, 5.9906083747813135, 5.066278295751231, 5.627404909014456, 6.848026315662054, 7.491765352038196, 8.749727418039948, 7.099994150701816, 5.929539939995345, 3.111408071918565, 3.924046438308293, 4.940781254012365, 5.2574153678399815, 6.481479351968963, 4.698552975119042, 3.6178271462301788, 1.0948525517164402, 1.0938990127063835, 1.0946412882766663, 2.1320197067569517, 2.1438559956303034, 2.6807303221323853, 4.027834718555368, 4.240726052222661, 5.065307196014867, 6.609639847223145, 5.999837302794135, 6.652084125294869, 5.364520491152961, 7.463884376114089, 9.186679885029195, 7.854460526350617, 5.913775941815855, 4.144473116090874, 5.738356817940133, 6.901522657356129, 5.37672621211086, 3.6173873361861593], [1.5254282808444322, 0.0, 1.550993575099523, 2.577670058405458, 3.192439697159525, 4.472307849421817, 3.907933864588806, 4.609190060086479, 5.927514769277256, 6.562062496654539, 7.8875106446837835, 6.112367968308191, 4.842392522297217, 2.565337550888771, 3.714838851148189, 4.881028526857838, 5.154721341643988, 6.471807199693141, 4.419800667450965, 3.088347736249919, 2.1602741562125862, 2.1813665831308593, 2.1729930027498936, 1.0972357403949253, 1.094886336566495, 2.118353997801123, 2.6603342120868954, 2.7877772669279013, 3.7320492105544374, 5.107958632369686, 4.487696676470013, 5.168326418677521, 4.401839017956018, 6.6279343644909465, 8.316848140371446, 6.903122018333443, 4.827657735382656, 3.992423125120883, 5.786211054740399, 6.968375342215716, 5.099612146036206, 2.895990148463907], [2.5662163646115266, 1.550993575099523, 0.0, 1.5709912475886045, 2.6263434067158853, 3.9709751762004255, 2.5587327449344923, 3.398299613041793, 4.617509204105607, 5.105884728428561, 6.422245263145904, 4.608966900510351, 3.384261480736972, 1.5265423544730097, 2.531126630573824, 3.8274458990297955, 4.330916443433192, 5.693865368973874, 3.8496593057048565, 2.569442065896797, 3.508462802995067, 2.8742798089260555, 2.80206733680688, 2.172261724562673, 2.2046573293825054, 1.1012090310199967, 2.1467792876772407, 2.7862270941184963, 2.9778671024745216, 4.767117938545259, 4.203471542665658, 4.379316455795356, 3.4828630478386597, 5.42166459032648, 6.807454434662049, 5.3924258019930145, 3.4546180830882016, 2.7267343581654595, 4.677371960834417, 6.086075503968054, 4.72536133115765, 2.8052379881215073], [3.9376513164575653, 2.577670058405458, 1.5709912475886045, 0.0, 1.5478166461180085, 2.562089434426519, 1.5291880786875107, 2.5330579582788864, 3.8264727269379564, 4.3321040869305065, 5.694648141896039, 3.853387046482614, 2.5705029293895003, 2.6035956713744937, 3.515625517599962, 4.735259305465752, 5.182869238173003, 6.501948128061312, 4.633455998496155, 3.3811940302206853, 4.718161330433711, 4.36673180307653, 4.1758705176286295, 2.7012259253901734, 2.9254085560823806, 2.1528538013529857, 1.101005544945165, 2.176195294545046, 2.2012134062829984, 3.504576764746351, 2.8005308014731782, 2.8683814704463564, 2.734310302434601, 4.690475623004558, 6.098047082468288, 4.715254967655515, 2.79935614383022, 3.6214386726824466, 5.546864813568112, 6.915827260711476, 5.409067347519349, 3.4035676297085686], [4.663271621940974, 3.192439697159525, 2.6263434067158853, 1.5478166461180085, 0.0, 1.5262489770676344, 2.5788314000725214, 3.7544476917384264, 4.916784095320843, 5.178188425501721, 6.509552670498949, 4.425495447969639, 3.0805888365700476, 3.200253597763777, 4.3333043154156625, 5.298446502513732, 5.363952267684716, 6.5802974590819225, 4.517829436798162, 3.338607503136599, 5.283201216118879, 4.965595272472376, 5.193235243083063, 3.3853961791790335, 2.9749590266086017, 3.5261903635510095, 2.116643668641465, 1.09548826100511, 1.0945753925609691, 2.1607325262512247, 2.1736069147847314, 2.1826968571013246, 4.04557248606424, 5.84191834588605, 6.761359035726471, 5.07911053827341, 2.8580962667482006, 4.739442107463704, 6.225735705119516, 7.157458376407089, 5.028679176483622, 2.986664591145112], [5.9906083747813135, 4.472307849421817, 3.9709751762004255, 2.562089434426519, 1.5262489770676344, 0.0, 3.11985860096255, 4.000871576294345, 5.012002168794423, 5.288628526376191, 6.524157043634067, 4.681130903959, 3.575400520221476, 4.666798346832655, 5.683470278799741, 6.637306864986732, 6.726161461784873, 7.8824910028492905, 5.91241248053618, 4.820585976828958, 6.5176400644711885, 6.409640379147648, 6.457699978320455, 4.37666435199228, 4.2628837058967495, 4.705236370258141, 2.6760380976361304, 2.1260668921743737, 2.141776330525669, 1.0948031466889376, 1.0946416856670498, 1.0938708378963211, 4.254987915376494, 5.844744865261442, 6.791267791068175, 5.322110699713038, 3.5252324306348934, 5.9665283649707055, 7.497906617850079, 8.44127369595371, 6.343672332332432, 4.4204951238520795], [5.066278295751231, 3.907933864588806, 2.5587327449344923, 1.5291880786875107, 2.5788314000725214, 3.11985860096255, 0.0, 1.405394677661759, 2.435665024177175, 2.8033511267766653, 4.166317417096302, 2.4373187296699625, 1.404293462920055, 3.1756661505895107, 3.525505521198343, 4.65526373581562, 5.341918863105279, 6.577290349376405, 5.134051597909783, 4.139959353665202, 5.963994391345452, 5.405165298119938, 5.070900821353145, 4.035168132804381, 4.380379173085362, 2.65884125701404, 2.1106579471813993, 3.5114293927117486, 2.861025029600406, 4.12793785563688, 3.4554897554471204, 2.848571778979775, 2.1700955025067445, 3.4194368118156535, 4.5842489570266585, 3.411643869163369, 2.170816344143373, 3.3534852765443897, 5.24288316863918, 6.822002173848965, 6.001861192163644, 4.452538382765499], [5.627404909014456, 4.609190060086479, 3.398299613041793, 2.5330579582788864, 3.7544476917384264, 4.000871576294345, 1.405394677661759, 0.0, 1.396129660883974, 2.4075799758263483, 3.637134044821554, 2.7897816025631825, 2.4129574488581436, 4.239742145461207, 4.367696585157902, 5.555957729320841, 6.446506692775554, 7.67282412023109, 6.378226020611059, 5.376774602863691, 6.486056319521131, 6.118310729278139, 5.386531921375757, 4.488475872721162, 5.2801040198087, 3.0703205614397984, 2.554454448605416, 4.603530960034916, 4.2110639629433315, 5.075882065217828, 4.019151185262879, 3.628907606980371, 1.087670579725314, 2.157937207149457, 4.313041059391853, 3.8747840365625543, 3.4083739994314, 3.8601424351958826, 5.969144585281881, 7.799750838328107, 7.303653612405232, 5.717641294275114], [6.848026315662054, 5.927514769277256, 4.617509204105607, 3.8264727269379564, 4.916784095320843, 5.012002168794423, 2.435665024177175, 1.396129660883974, 0.0, 1.3878401384885795, 2.356558535237349, 2.4138899477813816, 2.787238938447868, 5.20734907702566, 5.024121086319477, 6.029103570183547, 7.024283067331498, 8.129766459745323, 7.171000662390151, 6.350705852108094, 7.7551140758856665, 7.259142961121512, 6.5154481603340235, 5.857890272956638, 6.608019734383365, 4.198225272659865, 3.9391143344665687, 5.857835867451391, 5.200423487563297, 6.033181274418994, 5.103866963391582, 4.393155017752049, 2.1429281789178094, 1.0860689665025882, 3.160526407103728, 3.4038477257362736, 3.8745804663214827, 4.384964835662881, 6.2277674804058, 8.12118798514109, 8.115734218171514, 6.815150552995877], [7.491765352038196, 6.562062496654539, 5.105884728428561, 4.3321040869305065, 5.178188425501721, 5.288628526376191, 2.8033511267766653, 2.4075799758263483, 1.3878401384885795, 0.0, 1.3634291034006867, 1.3895146670690453, 2.407896420114453, 5.3233822763352245, 4.9698454140948884, 5.706858537759631, 6.637871274738611, 7.593192842276561, 6.91603712179164, 6.322902046528951, 8.469935871067738, 7.729247739592774, 7.25042657365758, 6.680561717400716, 7.126713290149955, 4.8396376196984, 4.735034982975311, 6.21306470431461, 5.177832965633403, 6.191919061163509, 5.634375439212406, 4.512690168846073, 3.3849623410017426, 2.1480424879410553, 1.9070167644779636, 2.1629466868140788, 3.3840555048639493, 4.45202372859804, 5.805696283823327, 7.530366597981801, 7.815079296462705, 6.881545229815758], [8.749727418039948, 7.8875106446837835, 6.422245263145904, 5.694648141896039, 6.509552670498949, 6.524157043634067, 4.166317417096302, 3.637134044821554, 2.356558535237349, 1.3634291034006867, 0.0, 2.401108329501191, 3.666250156495053, 6.558505035448246, 6.0398435840673885, 6.617180584659905, 7.591041010296283, 8.412808264782932, 8.017144645695248, 7.548531940052979, 9.7423058245982, 8.960208962965094, 8.437149327823942, 7.99819303467977, 8.476849502026091, 6.0821286939689125, 6.06153945545189, 7.55825296348303, 6.4585474388596085, 7.38119006529435, 6.856753729717876, 5.662184599604644, 4.497855992581354, 2.582014734659738, 0.9710735811461458, 2.6759024066658337, 4.5380925486375885, 5.452680320723012, 6.531317954287633, 8.231829831817468, 8.906895012853806, 8.162786766172445], [7.099994150701816, 6.112367968308191, 4.608966900510351, 3.853387046482614, 4.425495447969639, 4.681130903959, 2.4373187296699625, 2.7897816025631825, 2.4138899477813816, 1.3895146670690453, 2.401108329501191, 0.0, 1.397561769654565, 4.537887747620031, 4.255630596045667, 4.83736662038345, 5.579033397462324, 6.48881663556615, 5.803371780267054, 5.330003288929567, 8.098992436717051, 7.196985725288053, 7.03582143107683, 6.407554626376587, 6.513256485814143, 4.60365188518854, 4.531696505724981, 5.479838834308907, 4.177899468632533, 5.465997113976552, 5.27023587138185, 3.9316110807148763, 3.8772271096751605, 3.3960035100099644, 2.4088007410327656, 1.085143723199835, 2.1412866108954214, 4.022328719784101, 5.05227329723957, 6.512288904064377, 6.63090352365347, 5.8954729292907455], [5.929539939995345, 4.842392522297217, 3.384261480736972, 2.5705029293895003, 3.0805888365700476, 3.575400520221476, 1.404293462920055, 2.4129574488581436, 2.787238938447868, 2.407896420114453, 3.666250156495053, 1.397561769654565, 0.0, 3.3820722301571267, 3.4548706676227403, 4.23233981858735, 4.830743165393913, 5.905973905292843, 4.788276209660424, 4.119936548055079, 6.891621360028423, 6.042716431374221, 6.00370296150634, 5.183100343423808, 5.158855122020777, 3.6027005065644855, 3.395066700375708, 4.109452852874699, 2.8513547815029963, 4.384694015550002, 4.226152753983226, 3.0518242560802875, 3.407222387810928, 3.873301581338587, 3.7972433435322523, 2.146101260425519, 1.0877545173429528, 3.4413754532163443, 4.7294707790618595, 6.106655871260473, 5.606847536717938, 4.5810096769162145], [3.111408071918565, 2.565337550888771, 1.5265423544730097, 2.6035956713744937, 3.200253597763777, 4.666798346832655, 3.1756661505895107, 4.239742145461207, 5.20734907702566, 5.3233822763352245, 6.558505035448246, 4.537887747620031, 3.3820722301571267, 0.0, 1.4065314571668848, 2.440933253901056, 2.804821919480807, 4.167528600981642, 2.4340668540531087, 1.4033514064552755, 4.1180318017227595, 2.841595041521575, 3.451188693769148, 3.497572266587211, 2.843506261642481, 2.1223784794423453, 3.4984021081059278, 3.410830224446828, 3.001001679439717, 5.298320794364947, 5.188710129695048, 4.963338785535398, 4.618880778933355, 6.119177507639405, 6.750038571741646, 5.064350685922135, 3.094321964502078, 2.168101588948267, 3.4153187933193, 4.587065593601208, 3.4174483741528556, 2.1723324722518877], [3.924046438308293, 3.714838851148189, 2.531126630573824, 3.515625517599962, 4.3333043154156625, 5.683470278799741, 3.525505521198343, 4.367696585157902, 5.024121086319477, 4.9698454140948884, 6.0398435840673885, 4.255630596045667, 3.4548706676227403, 1.4065314571668848, 0.0, 1.3969838116456468, 2.405433545122376, 3.6642601299580244, 2.783465083308932, 2.4117104905025393, 4.997789521378427, 3.535127276350881, 3.9415911837733755, 4.574350841376293, 4.174498436938263, 2.556104303427386, 4.397989723726058, 4.726338792342335, 4.0359284755803095, 6.385677964006641, 6.228937992146013, 5.762482402576167, 4.876483590662436, 5.885117671720762, 6.1751254513572436, 4.668285416510006, 3.30214483328639, 1.0887798675581764, 2.146427138292842, 3.7968096001774967, 3.869648021461383, 3.408714988085686], [4.940781254012365, 4.881028526857838, 3.8274458990297955, 4.735259305465752, 5.298446502513732, 6.637306864986732, 4.65526373581562, 5.555957729320841, 6.029103570183547, 5.706858537759631, 6.617180584659905, 4.83736662038345, 4.23233981858735, 2.440933253901056, 1.3969838116456468, 0.0, 1.3890173613025865, 2.400764334540148, 2.4133949987517584, 2.792095517707086, 5.956253086462998, 4.303092210259966, 5.033983673990212, 5.831048800173087, 5.164564772563125, 3.945718299625557, 5.695981748566264, 5.673907303613622, 4.759909380439925, 7.2116988421591754, 7.3155108461405485, 6.661971045418916, 6.1742064737098, 6.908977109529312, 6.566143192925356, 4.95272587167915, 3.847733557563465, 2.145402957488406, 1.0850609798532065, 2.4092365824053066, 3.3952846714230014, 3.878301146120554], [5.2574153678399815, 5.154721341643988, 4.330916443433192, 5.182869238173003, 5.363952267684716, 6.726161461784873, 5.341918863105279, 6.446506692775554, 7.024283067331498, 6.637871274738611, 7.591041010296283, 5.579033397462324, 4.830743165393913, 2.804821919480807, 2.405433545122376, 1.3890173613025865, 0.0, 1.3632322766131966, 1.3880685177612813, 2.409787735465512, 6.155631223522085, 4.474568616079097, 5.609842810632041, 6.192881868726385, 5.148066951779085, 4.746762666281094, 6.198645602871646, 5.592446457499616, 4.6537538009654105, 7.104927740659999, 7.5058653258635015, 6.852002021307349, 7.073296643715716, 7.97966231177736, 7.450131601522218, 5.5728724110641545, 4.158879606336303, 3.38550977845287, 2.1628540080181096, 1.907157161851115, 2.147785713240499, 3.382667067566656], [6.481479351968963, 6.471807199693141, 5.693865368973874, 6.501948128061312, 6.5802974590819225, 7.8824910028492905, 6.577290349376405, 7.67282412023109, 8.129766459745323, 7.593192842276561, 8.412808264782932, 6.48881663556615, 5.905973905292843, 4.167528600981642, 3.6642601299580244, 2.400764334540148, 1.3632322766131966, 0.0, 2.356583164244368, 3.638670049619778, 7.324578770140984, 5.609031051794953, 6.834703695113636, 7.526335432333586, 6.399564721135336, 6.0883248771727025, 7.536745511824052, 6.802522121977994, 5.772254169732999, 8.170994247948043, 8.72525094939968, 7.958990585495123, 8.35657121372157, 9.080134116300265, 8.14706681450447, 6.28863617885468, 5.17100807773494, 4.541447581994094, 2.6763718463621604, 0.970988341845565, 2.5812597757684133, 4.493191766439532], [4.698552975119042, 4.419800667450965, 3.8496593057048565, 4.633455998496155, 4.517829436798162, 5.91241248053618, 5.134051597909783, 6.378226020611059, 7.171000662390151, 6.91603712179164, 8.017144645695248, 5.803371780267054, 4.788276209660424, 2.4340668540531087, 2.783465083308932, 2.4133949987517584, 1.3880685177612813, 2.356583164244368, 0.0, 1.3968147693949975, 5.482834472241525, 3.959766560038609, 5.292810388630977, 5.469627790809901, 4.162787252550867, 4.545038206660094, 5.619667148506217, 4.556273851515074, 3.805184333248522, 6.1648007307617005, 6.691064602886449, 6.213109967641004, 6.91892840402327, 8.169382602130959, 7.937058085336153, 5.909533885172332, 4.000999076480773, 3.8720720796493446, 3.4036845344420508, 3.160776849130606, 1.0861899373498174, 2.1379658930862298], [3.6178271462301788, 3.088347736249919, 2.569442065896797, 3.3811940302206853, 3.338607503