{"total energy": -48.005709, "HOMO-LUMO gap/eV": 3.26946981, "electronic energy": -48.60289391, "dipole": [-0.65115713, -2.20839265, 0.2894891], "partial charges": [-0.11414504, 0.01400735, -0.18868442, 0.26191604, -0.31735315, 0.28311781, -0.10717191, -0.31153887, 0.2678964, -0.19783843, 0.10688698, -0.10989737, -0.10907891, 0.10250419, -0.20924868, -0.34907153, 0.05425905, 0.04965273, 0.04413903, 0.03369651, 0.06812884, 0.19262409, 0.1905897, 0.07183612, 0.05952499, 0.05164558, 0.06055754, 0.05693426, 0.0441111], "atomic dipole moments": [[0.13264121, -0.0032877, 0.01711684], [0.00761808, 0.17028854, -0.05416195], [0.07037865, -0.13255702, -0.06748936], [-0.00648191, 0.01387913, -0.01277887], [0.129713, -0.15205177, 0.18971546], [0.05490864, 0.07667443, -0.06105147], [-0.08888576, -0.08797567, 0.12034842], [-0.27542124, -0.03982062, -0.01259082], [0.01844049, 0.00239508, 0.00616407], [-0.01369219, 0.15255851, 0.05141004], [-0.0940873, -0.04937992, -0.06222301], [-0.11623943, -0.00373531, 0.09480358], [-0.02398378, 0.08553537, -0.10559208], [0.05781002, -0.30782093, -0.14114181], [0.00143667, -0.02257162, -0.01362659], [0.13799229, 0.18898426, -0.17155706], [-0.06085514, 0.08129468, 0.07948098], [-0.04900941, -0.11656601, 0.0184896], [-0.0308446, 0.03558739, -0.11762339], [0.05081876, -0.07863526, -0.07937376], [0.01688745, -0.04650094, 0.1210325], [-0.00829752, 0.05225026, -0.12074541], [-0.10891931, -0.02097909, 0.06990195], [0.00363615, 0.089013, -0.10057376], [0.02307274, -0.11644408, -0.05915658], [0.11032264, 0.02773885, 0.06138632], [0.01985296, -0.12590917, -0.03402594], [0.10472017, 0.03353288, 0.07402873], [-0.09760149, -0.00630735, 0.08465929]], "atomic quadrupole moments": [[0.26111688, 0.01041909, -0.12711024, 0.06215323, -0.00873969, -0.13400664], [0.15077043, 0.18627897, 0.13614764, 0.02816196, -0.08157658, -0.28691808], [0.05222825, 0.06657752, 0.0561114, -0.00787581, 0.01128138, -0.10833965], [-0.12000683, 0.00141466, 0.08018618, -0.0633344, 0.38401276, 0.03982065], [-0.08993516, 0.01031168, 0.0591017, -0.06537217, 0.15089335, 0.03083347], [-0.34638198, 0.11451795, 0.20733842, -0.24505016, 0.18609263, 0.13904356], [-0.09964337, 0.2078367, 0.07937857, -0.19761445, -0.23267548, 0.02026479], [-0.1327124, -0.0188101, 0.06752658, -0.04210624, 0.13369398, 0.06518581], [-0.29100252, -0.11398414, 0.1279659, -0.00128294, 0.28887513, 0.16303663], [0.01382902, 0.00458845, -0.0209539, 0.10854224, -0.0135414, 0.00712487], [0.10348588, 0.04800275, -0.11594784, 0.08621451, -0.048961, 0.01246196], [0.12890693, -0.0069186, -0.14581185, -0.17150309, 0.00559577, 0.01690493], [-0.09892834, -0.03246739, -0.00401039, 0.0435677, -0.19346777, 0.10293872], [0.47189469, 0.1831554, -0.73795914, 0.08302574, -0.5339354, 0.26606445], [0.32397162, 0.12975405, -0.49386038, 0.06144242, -0.35976284, 0.16988876], [-0.06963163, -0.04444711, 0.02843183, 0.00197853, 0.14537603, 0.0411998], [-0.01714991, -0.03001231, 0.00298717, -0.02076494, 0.05649478, 0.01416274], [-0.01969061, 0.03610591, 0.06782789, -0.00222671, -0.02170742, -0.04813729], [-0.02775336, -0.00819169, -0.04189168, 0.00970103, -0.03565303, 0.06964504], [0.00067816, 0.00319125, 0.00119599, -0.03192688, 0.02578001, -0.00187415], [-0.01155799, 0.00631133, -0.02826664, 0.01832465, -0.01029295, 0.03982464], [0.01598683, 0.00100557, -0.01140384, 0.05400858, -0.03731222, -0.00458299], [-0.00518446, 0.03244248, -0.0238473, -0.00097895, -0.05951609, 0.02903176], [-0.03144248, -0.02379423, 0.01471046, 0.01331867, -0.0552241, 0.01673203], [-0.03912589, 0.00706041, 0.06755227, -0.00783877, 0.03682717, -0.02842639], [0.0295513, 0.02351881, -0.04838019, 0.05471631, 0.0142573, 0.0188289], [-0.04516274, -0.01678221, 0.04967267, -0.00927481, 0.04526675, -0.00450993], [0.03788785, 0.04178933, -0.02291022, 0.0424702, 0.01162741, -0.01497763], [0.0445908, -0.01323469, -0.03936991, -0.05525689, -0.00280203, -0.00522089]], "number of molecular orbitals": 82, "number of electrons": 86, "number of unpaired electrons": 0, "orbital energies/eV": [-28.88032626, -19.32697733, -18.77722071, -18.51568913, -18.36509816, -18.02618654, -17.77322253, -17.68663227, -17.56857088, -17.03070352, -16.84740145, -16.69281553, -16.34865873, -16.28464354, -15.8395817, -15.76555549, -15.55007524, -15.04356418, -14.88181521, -14.77930894, -14.51051623, -14.19749718, -14.05963657, -13.86255531, -13.75981712, -13.60616586, -13.45063214, -13.30658593, -13.13869204, -13.03641774, -12.9809951, -12.9649563, -12.8995646, -12.74950618, -12.57767003, -12.51861856, -12.07261061, -11.73540697, -11.69830145, -11.29577939, -11.13051804, -10.85621416, -10.70097761, -7.4315078, -6.99671127, -6.28583772, -6.162314, -3.91876275, -3.86665423, -0.21090134, 0.10871966, 0.30596648, 0.30811325, 0.626376, 0.71469971, 1.05864303, 1.41115969, 1.98059538, 2.34876103, 3.11451252, 3.29295938, 3.38205521, 3.85103131, 4.00746269, 4.19579297, 4.56404888, 4.98384126, 5.15686241, 5.242667, 5.42697665, 5.61015076, 5.89664574, 6.19008087, 6.30882872, 6.45892201, 6.93945424, 7.30291352, 11.04415605, 11.75678276, 12.35542867, 17.00263052, 27.41955725], "fractional occupation": [2.0, 2.0, 2.0, 2.0, 2.0, 2.0, 2.0, 2.0, 2.0, 2.0, 2.0, 2.0, 2.0, 2.0, 2.0, 2.0, 2.0, 2.0, 2.0, 2.0, 2.0, 2.0, 2.0, 2.0, 2.0, 2.0, 2.0, 2.0, 2.0, 2.0, 2.0, 2.0, 2.0, 2.0, 2.0, 2.0, 2.0, 2.0, 2.0, 2.0, 2.0, 2.0, 2.0, 0.0, 0.0, 0.0, 0.0, 0.0, 0.0, 0.0, 0.0, 0.0, 0.0, 0.0, 0.0, 0.0, 0.0, 0.0, 0.0, 0.0, 0.0, 0.0, 0.0, 0.0, 0.0, 0.0, 0.0, 0.0, 0.0, 0.0, 0.0, 0.0, 0.0, 0.0, 0.0, 0.0, 0.0, 0.0, 0.0, 0.0, 0.0, 0.0], "program call": "xtb /home/svss/Project-DBcg-Debug/aqme2_20220329/End-to-End-workflows-final/example-3/QDESCP/mol_865_rdkit_conf_6/mol_865_rdkit_conf_6.xyz --pop --wbo --acc 0.2 --gfn 2 --chrg 0 --uhf 0 --etemp 300 --input /home/svss/Project-DBcg-Debug/aqme2_20220329/End-to-End-workflows-final/example-3/QDESCP/mol_865_rdkit_conf_6/mol_865_rdkit_conf_6_xtb.inp", "method": "GFN2-xTB", "xtb version": "6.3.3 (7355c4f)", "Dipole module/D": 5.898, "Total charge": 0, "Transition dipole module/D": NaN, "HOMO": -10.701, "LUMO": -7.4315, "HOMO occupancy": 2.0, "LUMO occupancy": 0, "mulliken charges": [-0.0953, 0.1035, -0.35286, 0.44374, -0.41358, 0.41656, -0.08445, -0.4078, 0.44623, -0.36033, 0.15995, -0.09225, -0.09784, 0.18678, -0.2818, -0.43607, 0.03865, 0.03397, 0.03157, 0.02409, 0.0342, 0.22121, 0.22427, 0.05082, 0.04291, 0.0362, 0.04428, 0.04339, 0.03996], "cm5 charges": [-0.2398, 0.05482, -0.69364, 0.66099, -0.58931, 0.576, -0.06953, -0.58515, 0.66609, -0.68776, 0.19592, -0.22949, -0.23622, 0.30445, -0.40358, -0.61113, 0.09207, 0.08515, 0.08494, 0.08966, 0.10152, 0.42212, 0.42701, 0.10951, 0.09755, 0.08887, 0.09855, 0.09605, 0.09433], "FUKUI+": [0.011, 0.014, -0.049, -0.022, -0.089, -0.052, -0.16, -0.079, -0.025, -0.044, -0.003, 0.014, 0.015, -0.032, -0.103, -0.096, -0.016, -0.025, -0.015, -0.021, -0.017, -0.036, -0.036, -0.005, -0.025, -0.03, -0.027, -0.028, -0.019], "FUKUI-": [0.015, 0.016, -0.071, 0.004, -0.083, 0.006, -0.129, -0.092, 0.004, -0.052, -0.005, 0.011, 0.013, -0.011, -0.097, -0.085, -0.036, -0.035, -0.036, -0.064, -0.045, -0.041, -0.03, -0.015, -0.031, -0.035, -0.027, -0.029, -0.021], "FUKUIrad": [0.013, 0.015, -0.06, -0.009, -0.086, -0.023, -0.144, -0.085, -0.011, -0.048, -0.004, 0.012, 0.014, -0.021, -0.1, -0.09, -0.026, -0.03, -0.026, -0.043, -0.031, -0.038, -0.033, -0.01, -0.028, -0.033, -0.027, -0.029, -0.02], "s proportion": [1.012, 1.001, 1.455, 0.979, 1.537, 1.01, 1.941, 1.533, 0.975, 1.462, 1.061, 1.018, 1.023, 1.094, 1.68, 1.53, 0.961, 0.966, 0.968, 0.976, 0.966, 0.779, 0.776, 0.949, 0.957, 0.964, 0.956, 0.957, 0.96], "p proportion": [3.084, 2.895, 3.898, 2.577, 3.876, 2.573, 5.156, 3.875, 2.579, 3.898, 2.779, 3.074, 3.075, 2.719, 3.602, 3.907, 0.0, 0.0, 0.0, 0.0, 0.0, 0.0, 0.0, 0.0, 0.0, 0.0, 0.0, 0.0, 0.0], "d proportion": [0.0, 0.0, 0.0, 0.0, 0.0, 0.0, -0.012, 0.0, 0.0, 0.0, 0.0, 0.0, 0.0, 0.0, 0.0, 0.0, 0.0, 0.0, 0.0, 0.0, 0.0, 0.0, 0.0, 0.0, 0.0, 0.0, 0.0, 0.0, 0.0], "Fermi-level/eV": -9.0662, "Coordination numbers": [3.751, 3.747, 2.698, 2.959, 1.911, 2.978, 1.029, 1.905, 2.947, 2.701, 3.837, 3.757, 3.762, 1.903, 0.911, 1.851, 0.924, 0.924, 0.924, 0.924, 0.924, 0.86, 0.86, 0.924, 0.924, 0.924, 0.924, 0.924, 0.924], "Dispersion coefficient C6": [22.746, 20.405, 25.09, 22.6, 29.073, 22.217, 102.508, 28.922, 22.493, 25.295, 18.803, 22.655, 22.631, 28.565, 25.559, 29.927, 2.268, 2.324, 2.395, 2.535, 2.106, 1.144, 1.155, 2.066, 2.205, 2.3, 2.193, 2.235, 2.395], "Total dispersion C6": 10555.750781, "Total dispersion C8": 256683.982795, "Polarizability alpha": [6.801, 6.443, 7.439, 7.797, 7.994, 7.732, 15.49, 7.973, 7.779, 7.47, 6.169, 6.786, 6.781, 8.632, 7.312, 8.108, 2.355, 2.384, 2.42, 2.49, 2.27, 1.676, 1.684, 2.248, 2.322, 2.371, 2.316, 2.338, 2.42], "Total polarizability alpha": 155.999914, "Wiberg matrix": [[0.0, 1.0194155024138807, 0.0, 0.0, 0.0, 0.0, 0.0, 0.0, 0.0, 0.0, 0.0, 0.0, 0.0, 0.0, 0.0, 0.0, 0.9859651973492451, 0.984499427643217, 0.9859234457375434, 0.0, 0.0, 0.0, 0.0, 0.0, 0.0, 0.0, 0.0, 0.0, 0.0], [1.0194155024138807, 0.0, 0.9843660358596716, 0.0, 0.0, 0.0, 0.0, 0.0, 0.0, 0.0, 0.0, 0.0, 0.0, 0.0, 0.0, 0.0, 0.0, 0.0, 0.0, 0.9693095948040698, 0.9697394893719227, 0.0, 0.0, 0.0, 0.0, 0.0, 0.0, 0.0, 0.0], [0.0, 0.9843660358596716, 0.0, 1.199825338731095, 0.0, 0.0, 0.0, 0.0, 0.0, 0.0, 0.0, 0.0, 0.0, 0.0, 0.0, 0.0, 0.0, 0.0, 0.0, 0.0, 0.0, 0.9292771561418665, 0.0, 0.0, 0.0, 0.0, 0.0, 0.0, 0.0], [0.0, 0.0, 1.199825338731095, 0.0, 1.2989224131841122, 0.0, 0.0, 0.0, 0.0, 0.0, 0.0, 0.0, 0.0, 0.0, 0.0, 1.332881897149778, 0.0, 0.0, 0.0, 0.0, 0.0, 0.0, 0.0, 0.0, 0.0, 0.0, 0.0, 0.0, 0.0], [0.0, 0.0, 0.0, 1.2989224131841122, 0.0, 1.4048054631048645, 0.0, 0.0, 0.0, 0.0, 0.0, 0.0, 0.0, 0.0, 0.0, 0.0, 0.0, 0.0, 0.0, 0.0, 0.0, 0.0, 0.0, 0.0, 0.0, 0.0, 0.0, 0.0, 0.0], [0.0, 0.0, 0.0, 0.0, 1.4048054631048645, 0.0, 1.015884409567682, 1.3868494825368844, 0.0, 0.0, 0.0, 0.0, 0.0, 0.0, 0.0, 0.0, 0.0, 0.0, 0.0, 0.0, 0.0, 0.0, 0.0, 0.0, 0.0, 0.0, 0.0, 0.0, 0.0], [0.0, 0.0, 0.0, 0.0, 0.0, 1.015884409567682, 0.0, 0.0, 0.0, 0.0, 0.0, 0.0, 0.0, 0.0, 0.0, 0.0, 0.0, 0.0, 0.0, 0.0, 0.0, 0.0, 0.0, 0.0, 0.0, 0.0, 0.0, 0.0, 0.0], [0.0, 0.0, 0.0, 0.0, 0.0, 1.3868494825368844, 0.0, 0.0, 1.3144914549199385, 0.0, 0.0, 0.0, 0.0, 0.0, 0.0, 0.0, 0.0, 0.0, 0.0, 0.0, 0.0, 0.0, 0.0, 0.0, 0.0, 0.0, 0.0, 0.0, 0.0], [0.0, 0.0, 0.0, 0.0, 0.0, 0.0, 0.0, 1.3144914549199385, 0.0, 1.176838708980259, 0.0, 0.0, 0.0, 0.0, 0.0, 1.338818429164595, 0.0, 0.0, 0.0, 0.0, 0.0, 0.0, 0.0, 0.0, 0.0, 0.0, 0.0, 0.0, 0.0], [0.0, 0.0, 0.0, 0.0, 0.0, 0.0, 0.0, 0.0, 1.176838708980259, 0.0, 0.954238592242679, 0.0, 0.0, 0.0, 0.0, 0.0, 0.0, 0.0, 0.0, 0.0, 0.0, 0.0, 0.9283824846429911, 0.0, 0.0, 0.0, 0.0, 0.0, 0.0], [0.0, 0.0, 0.0, 0.0, 0.0, 0.0, 0.0, 0.0, 0.0, 0.954238592242679, 0.0, 0.974569139175822, 0.9725390720885159, 0.9891801369913104, 0.0, 0.0, 0.0, 0.0, 0.0, 0.0, 0.0, 0.0, 0.0, 0.0, 0.0, 0.0, 0.0, 0.0, 0.0], [0.0, 0.0, 0.0, 0.0, 0.0, 0.0, 0.0, 0.0, 0.0, 0.0, 0.974569139175822, 0.0, 0.0, 0.0, 0.0, 0.0, 0.0, 0.0, 0.0, 0.0, 0.0, 0.0, 0.0, 0.9796788560065031, 0.980263077087441, 0.9828318524091222, 0.0, 0.0, 0.0], [0.0, 0.0, 0.0, 0.0, 0.0, 0.0, 0.0, 0.0, 0.0, 0.0, 0.9725390720885159, 0.0, 0.0, 0.0, 0.0, 0.0, 0.0, 0.0, 0.0, 0.0, 0.0, 0.0, 0.0, 0.0, 0.0, 0.0, 0.9806097615487036, 0.9832028543537468, 0.9844566278397741], [0.0, 0.0, 0.0, 0.0, 0.0, 0.0, 0.0, 0.0, 0.0, 0.0, 0.9891801369913104, 0.0, 0.0, 0.0, 2.874953539404755, 0.0, 0.0, 0.0, 0.0, 0.0, 0.0, 0.0, 0.0, 0.0, 0.0, 0.0, 0.0, 0.0, 0.0], [0.0, 0.0, 0.0, 0.0, 0.0, 0.0, 0.0, 0.0, 0.0, 0.0, 0.0, 0.0, 0.0, 2.874953539404755, 0.0, 0.0, 0.0, 0.0, 0.0, 0.0, 0.0, 0.0, 0.0, 0.0, 0.0, 0.0, 0.0, 0.0, 0.0], [0.0, 0.0, 0.0, 1.332881897149778, 0.0, 0.0, 0.0, 0.0, 1.338818429164595, 0.0, 0.0, 0.0, 0.0, 0.0, 0.0, 0.0, 0.0, 0.0, 0.0, 0.0, 0.0, 0.0, 0.0, 0.0, 0.0, 0.0, 0.0, 0.0, 0.0], [0.9859651973492451, 0.0, 0.0, 0.0, 0.0, 0.0, 0.0, 0.0, 0.0, 0.0, 0.0, 0.0, 0.0, 0.0, 0.0, 0.0, 0.0, 0.0, 0.0, 0.0, 0.0, 0.0, 0.0, 0.0, 0.0, 0.0, 0.0, 0.0, 0.0], [0.984499427643217, 0.0, 0.0, 0.0, 0.0, 0.0, 0.0, 0.0, 0.0, 0.0, 0.0, 0.0, 0.0, 0.0, 0.0, 0.0, 0.0, 0.0, 0.0, 0.0, 0.0, 0.0, 0.0, 0.0, 0.0, 0.0, 0.0, 0.0, 0.0], [0.9859234457375434, 0.0, 0.0, 0.0, 0.0, 0.0, 0.0, 0.0, 0.0, 0.0, 0.0, 0.0, 0.0, 0.0, 0.0, 0.0, 0.0, 0.0, 0.0, 0.0, 0.0, 0.0, 0.0, 0.0, 0.0, 0.0, 0.0, 0.0, 0.0], [0.0, 0.9693095948040698, 0.0, 0.0, 0.0, 0.0, 0.0, 0.0, 0.0, 0.0, 0.0, 0.0, 0.0, 0.0, 0.0, 0.0, 0.0, 0.0, 0.0, 0.0, 0.0, 0.0, 0.0, 0.0, 0.0, 0.0, 0.0, 0.0, 0.0], [0.0, 0.9697394893719227, 0.0, 0.0, 0.0, 0.0, 0.0, 0.0, 0.0, 0.0, 0.0, 0.0, 0.0, 0.0, 0.0, 0.0, 0.0, 0.0, 0.0, 0.0, 0.0, 0.0, 0.0, 0.0, 0.0, 0.0, 0.0, 0.0, 0.0], [0.0, 0.0, 0.9292771561418665, 0.0, 0.0, 0.0, 0.0, 0.0, 0.0, 0.0, 0.0, 0.0, 0.0, 0.0, 0.0, 0.0, 0.0, 0.0, 0.0, 0.0, 0.0, 0.0, 0.0, 0.0, 0.0, 0.0, 0.0, 0.0, 0.0], [0.0, 0.0, 0.0, 0.0, 0.0, 0.0, 0.0, 0.0, 0.0, 0.9283824846429911, 0.0, 0.0, 0.0, 0.0, 0.0, 0.0, 0.0, 0.0, 0.0, 0.0, 0.0, 0.0, 0.0, 0.0, 0.0, 0.0, 0.0, 0.0, 0.0], [0.0, 0.0, 0.0, 0.0, 0.0, 0.0, 0.0, 0.0, 0.0, 0.0, 0.0, 0.9796788560065031, 0.0, 0.0, 0.0, 0.0, 0.0, 0.0, 0.0, 0.0, 0.0, 0.0, 0.0, 0.0, 0.0, 0.0, 0.0, 0.0, 0.0], [0.0, 0.0, 0.0, 0.0, 0.0, 0.0, 0.0, 0.0, 0.0, 0.0, 0.0, 0.980263077087441, 0.0, 0.0, 0.0, 0.0, 0.0, 0.0, 0.0, 0.0, 0.0, 0.0, 0.0, 0.0, 0.0, 0.0, 0.0, 0.0, 0.0], [0.0, 0.0, 0.0, 0.0, 0.0, 0.0, 0.0, 0.0, 0.0, 0.0, 0.0, 0.9828318524091222, 0.0, 0.0, 0.0, 0.0, 0.0, 0.0, 0.0, 0.0, 0.0, 0.0, 0.0, 0.0, 0.0, 0.0, 0.0, 0.0, 0.0], [0.0, 0.0, 0.0, 0.0, 0.0, 0.0, 0.0, 0.0, 0.0, 0.0, 0.0, 0.0, 0.9806097615487036, 0.0, 0.0, 0.0, 0.0, 0.0, 0.0, 0.0, 0.0, 0.0, 0.0, 0.0, 0.0, 0.0, 0.0, 0.0, 0.0], [0.0, 0.0, 0.0, 0.0, 0.0, 0.0, 0.0, 0.0, 0.0, 0.0, 0.0, 0.0, 0.9832028543537468, 0.0, 0.0, 0.0, 0.0, 0.0, 0.0, 0.0, 0.0, 0.0, 0.0, 0.0, 0.0, 0.0, 0.0, 0.0, 0.0], [0.0, 0.0, 0.0, 0.0, 0.0, 0.0, 0.0, 0.0, 0.0, 0.0, 0.0, 0.0, 0.9844566278397741, 0.0, 0.0, 0.0, 0.0, 0.0, 0.0, 0.0, 0.0, 0.0, 0.0, 0.0, 0.0, 0.0, 0.0, 0.0, 0.0]], "Born radii": [], "Atomic SASAs": [], "Solvent H bonds": [], "Total SASA": NaN, "Total FOD": 0.0, "FOD": [0.0, 0.0, 0.0, 0.0, 0.0, 0.0, 0.0, 0.0, 0.0, 0.0, 0.0, 0.0, 0.0, 0.0, 0.0, 0.0, 0.0, 0.0, 0.0, 0.0, 0.0, 0.0, 0.0, 0.0, 0.0, 0.0, 0.0, 0.0, 0.0], "FOD s proportion": [0.0, 0.0, 0.0, 0.0, 0.0, 0.0, 0.0, 0.0, 0.0, 0.0, 0.0, 0.0, 0.0, 0.0, 0.0, 0.0, 0.0, 0.0, 0.0, 0.0, 0.0, 0.0, 0.0, 0.0, 0.0, 0.0, 0.0, 0.0, 0.0], "FOD p proportion": [0.0, 0.0, 0.0, 0.0, 0.0, 0.0, 0.0, 0.0, 0.0, 0.0, 0.0, 0.0, 0.0, 0.0, 0.0, 0.0, 0.0, 0.0, 0.0, 0.0, 0.0, 0.0, 0.0, 0.0, 0.0, 0.0, 0.0, 0.0, 0.0], "FOD d proportion": [0.0, 0.0, 0.0, 0.0, 0.0, 0.0, 0.0, 0.0, 0.0, 0.0, 0.0, 0.0, 0.0, 0.0, 0.0, 0.0, 0.0, 0.0, 0.0, 0.0, 0.0, 0.0, 0.0, 0.0, 0.0, 0.0, 0.0, 0.0, 0.0], "coordinates": [["-4.80620", "-0.72290", "-1.16930"], ["-3.30310", "-0.72940", "-0.93910"], ["-2.77900", "0.60830", "-1.14630"], ["-1.40070", "0.72850", "-1.02890"], ["-0.83660", "1.61580", "-1.82420"], ["0.47310", "1.70910", "-1.65960"], ["1.27730", "2.83310", "-2.66530"], ["1.24300", "1.02450", "-0.82740"], ["0.57840", "0.16600", "-0.08330"], ["1.23310", "-0.63530", "0.83930"], ["2.40720", "-0.09630", "1.55110"], ["3.65290", "-0.12820", "0.65030"], ["2.66910", "-1.04930", "2.73880"], ["2.19980", "1.27100", "2.10580"], ["2.03140", "2.32600", "2.56260"], ["-0.73330", "-0.01860", "-0.15330"], ["-5.30540", "-0.03090", "-0.48260"], ["-5.22080", "-1.72310", "-1.01010"], ["-5.04620", "-0.41150", "-2.19150"], ["-2.83690", "-1.43870", "-1.63360"], ["-3.10840", "-1.06990", "0.08480"], ["-3.03760", "1.04790", "-2.02420"], ["0.49720", "-0.98030", "1.45050"], ["3.60510", "0.60410", "-0.16180"], ["3.78760", "-1.11640", "0.19520"], ["4.55990", "0.10420", "1.22190"], ["2.83880", "-2.07630", "2.39390"], ["3.54610", "-0.73860", "3.31940"], ["1.81420", "-1.07310", "3.42630"]], "bond_dist": [[0.0, 1.5206393063445383, 2.4253169442363607, 3.7045518446905286, 4.6536153536793305, 5.833183228735404, 7.203618830143639, 6.305800742966749, 5.564481680264569, 6.365162386773805, 7.734749076731578, 8.673003231868416, 8.44155747833301, 7.986610871953134, 8.365144504430273, 4.25638448686206, 1.09527235425715, 1.0943664103032402, 1.095199890430966, 2.146179540485837, 2.1390887428996486, 2.6447178696412967, 5.920781904444715, 8.574727572348873, 8.710344478836644, 9.701843178489332, 8.542488560132814, 9.48206672988542, 8.066714049723096], [1.5206393063445383, 0.0, 1.4515694747410472, 2.3984708065765568, 3.516672759868339, 4.5524816243451225, 6.054026498950925, 4.873978591458933, 4.074331485041442, 4.873260901080507, 6.261743985504358, 7.160556528650548, 7.021143586339764, 6.5996154872840895, 7.074903695457628, 2.7796744989296864, 2.1692163999933243, 2.1610307679438527, 2.1697842703826566, 1.0967128977084204, 1.0964577283233494, 2.0992207006410735, 4.496156031545168, 7.07853408411657, 7.191274711760078, 8.197046965828608, 7.116597798105496, 8.065137787415662, 6.735102533740671], [2.4253169442363607, 1.4515694747410472, 0.0, 1.3885033993476572, 2.2907471313962176, 3.471511477728397, 4.869359889143541, 4.05603299419519, 3.549328535089419, 4.64608380574436, 5.888047075219422, 6.718596685320528, 6.8937242024902625, 5.9836255848774496, 6.3123989623597145, 2.3588007758180853, 2.6891952866982343, 3.3788109802118256, 2.6967815855200437, 2.104999453681639, 2.1072415167702063, 1.0152982468220852, 4.472192598714863, 6.459565829063127, 6.920581471234913, 7.727997234730354, 7.162385778495878, 7.858976148964953, 6.6957645538056365], [3.7045518446905286, 2.3984708065765568, 1.3885033993476572, 0.0, 1.3183369030714418, 2.206917599277327, 3.7787339308292136, 2.667839564141742, 2.2643768281803274, 3.5052851695689466, 4.672985924438463, 5.393748278331127, 5.824037102388686, 4.804607225361924, 5.218255351168626, 1.330509875949818, 4.015197895496559, 4.539147498154251, 3.992606793812784, 2.6692861161741357, 2.7186043367875365, 1.9421843527327676, 3.559416554717922, 5.081866921712926, 5.640969217253361, 6.40192185909825, 6.1282806014411575, 6.747660745769603, 5.7818813209888695], [4.6536153536793305, 3.516672759868339, 2.2907471313962176, 1.3183369030714418, 0.0, 1.3232959381786071, 2.580279386035551, 2.3807524209795523, 2.671119212989192, 4.055285631123904, 4.984593758773126, 5.41482192689658, 6.341424090848995, 4.978304128917799, 5.289028481677898, 2.339624127931664, 4.947897016915368, 5.570657201803033, 4.686745858268827, 3.656159009124193, 4.002291934629457, 2.28186577387891, 4.386618029872216, 4.849310212803466, 5.73812851372292, 6.378547798676435, 6.703173515582003, 7.155968111304018, 6.467199865475011], [5.833183228735404, 4.5524816243451225, 3.471511477728397, 2.206917599277327, 1.3232959381786071, 0.0, 1.7092530912653046, 1.3243791035802401, 2.208385697743943, 3.5097453711060007, 4.160385373976791, 4.338483299495343, 5.637118866939033, 4.165532578194534, 4.542668526317984, 2.590229321894106, 6.148495039438512, 6.679995830837021, 5.936542298341686, 4.567868303705788, 4.857253813627614, 3.590979405399034, 4.111711952459705, 3.6433300481839415, 4.733882501710409, 5.2517311907598625, 6.029647742613162, 6.342318605210558, 5.950257545686573], [7.203618830143639, 6.054026498950925, 4.869359889143541, 3.7787339308292136, 2.580279386035551, 1.7092530912653046, 0.0, 2.5787762330221673, 3.777381053057793, 4.930920133200293, 5.257003645614105, 5.04043414895979, 6.7981198731708155, 5.104366549337929, 5.306293963775471, 4.299401033865066, 7.503240272042473, 8.107030843039885, 7.123100999564726, 6.019910445347173, 6.483118346906834, 4.71341810791277, 5.664837615501437, 4.08100552437754, 5.484762218182298, 5.773446268044762, 7.220525967684071, 7.3294698594100245, 7.256324869381194], [6.305800742966749, 4.873978591458933, 4.05603299419519, 2.667839564141742, 2.3807524209795523, 1.3243791035802401, 2.5787762330221673, 0.0, 1.3162067542753304, 2.352216601420881, 2.8755549951270276, 3.0528564640349534, 4.364881451998438, 3.0951398562908268, 3.715854788605174, 2.334144406415336, 6.641859585989454, 7.02590887287901, 6.593701650059699, 4.833518044861321, 4.9146009156390305, 4.444818799456284, 3.124783046869014, 2.489834518597571, 3.4791022879472804, 4.006046453799556, 4.747453208826812, 5.060508023904319, 4.7770449956013605], [5.564481680264569, 4.074331485041442, 3.549328535089419, 2.2643768281803274, 2.671119212989192, 2.208385697743943, 3.777381053057793, 1.3162067542753304, 0.0, 1.3863277173886412, 2.4666929460311837, 3.174472058468935, 3.716480726440001, 2.939748589590613, 3.7118183966891487, 1.326474293003826, 5.900619674237614, 6.1691472417182585, 6.0344128670484585, 4.07955466564673, 3.8920689433770312, 4.19765368033143, 1.9165436519943915, 3.059249376889697, 3.4671424328977314, 4.190430590046803, 4.034084442596609, 4.604770541514528, 3.921716793701452], [6.365162386773805, 4.873260901080507, 4.64608380574436, 3.5052851695689466, 4.055285631123904, 3.5097453711060007, 4.930920133200293, 2.352216601420881, 1.3863277173886412, 0.0, 1.4750223896605772, 2.4795772724398, 2.416938611135996, 2.4844538293154086, 3.518002767196183, 2.2874227003332814, 6.698111765266387, 6.8012068348198325, 6.97606218220566, 4.829656920527586, 4.427953213393294, 5.4103302098855295, 1.0169263739327445, 2.857393492328279, 2.678020214636178, 3.4294082944438093, 2.6592357266703526, 3.392865440892108, 2.6873620987875824], [7.734749076731578, 6.261743985504358, 5.888047075219422, 4.672985924438463, 4.984593758773126, 4.160385373976791, 5.257003645614105, 2.8755549951270276, 2.4666929460311837, 1.4750223896605772, 0.0, 1.5376042208578902, 1.5451316772366035, 1.4900389726446754, 2.6517720829664078, 3.5740392974896062, 7.976491184098432, 8.209300072478774, 8.346231326772582, 6.28052041315049, 5.789626586404343, 6.6134567942944935, 2.107053952797602, 2.2044389263483803, 2.1873666770799995, 2.1869362542150146, 2.1947643153650915, 2.199210628839357, 2.19594223056983], [8.673003231868416, 7.160556528650548, 6.718596685320528, 5.393748278331127, 5.41482192689658, 4.338483299495343, 5.04043414895979, 3.0528564640349534, 3.174472058468935, 2.4795772724398, 1.5376042208578902, 0.0, 2.485582406600111, 2.487516934615722, 3.5084542436805415, 4.46055327958315, 9.030175446246878, 9.167507068991002, 9.15589574754977, 7.003650012671964, 6.849946483732555, 7.300613105075491, 3.365239507078211, 1.0945567778786078, 1.0962660899617394, 1.09698920687489, 2.7382464060051275, 2.7400892704435744, 3.461189058690669], [8.44155747833301, 7.021143586339764, 6.8937242024902625, 5.824037102388686, 6.341424090848995, 5.637118866939033, 6.7981198731708155, 4.364881451998438, 3.716480726440001, 2.416938611135996, 1.5451316772366035, 2.485582406600111, 0.0, 2.4504537498185917, 3.439528720624382, 4.5828932629944585, 8.66067011090943, 8.761208801301336, 9.17826241834477, 7.041700797392631, 6.357959311760338, 7.7233957382747125, 2.526188334230051, 3.4674641915959277, 2.77946858589911, 2.684524632034506, 1.0965779042092723, 1.0967040849746117, 1.0973042877889432], [7.986610871953134, 6.5996154872840895, 5.9836255848774496, 4.804607225361924, 4.978304128917799, 4.165532578194534, 5.104366549337929, 3.0951398562908268, 2.939748589590613, 2.4844538293154086, 1.4900389726446754, 2.487516934615722, 2.4504537498185917, 0.0, 1.161916434172441, 3.9204179088459434, 8.04504724721987, 8.587128273177244, 8.590815417642263, 6.833295935344816, 6.143390029128868, 6.673607148311923, 2.8976915881439145, 2.749842442759221, 3.445457873781074, 2.777188049088502, 3.419903492790403, 2.706259560722142, 2.7179426815148258], [8.365144504430273, 7.074903695457628, 6.3123989623597145, 5.218255351168626, 5.289028481677898, 4.542668526317984, 5.306293963775471, 3.715854788605174, 3.7118183966891487, 3.518002767196183, 2.6517720829664078, 3.5084542436805415, 3.439528720624382, 1.161916434172441, 0.0, 4.529550536201136, 8.28594321064295, 9.041780850031701, 8.95476380593034, 7.448584121831478, 6.639967898265775, 6.954641245240476, 3.8107946336689418, 3.586617718687064, 4.531990617819062, 3.6231455918855926, 4.4789060874280455, 3.5012619853418565, 3.5138347058448836], [4.25638448686206, 2.7796744989296864, 2.3588007758180853, 1.330509875949818, 2.339624127931664, 2.590229321894106, 4.299401033865066, 2.334144406415336, 1.326474293003826, 2.2874227003332814, 3.5740392974896062, 4.46055327958315, 4.5828932629944585, 3.9204179088459434, 4.529550536201136, 0.0, 4.5839598809326425, 4.8761750112152455, 4.786411605785695, 2.9382146041431354, 2.6082605908919456, 3.1539637838757755, 2.238564624932682, 4.3828691630027015, 4.665313912267855, 5.470303567444863, 4.845849310492434, 5.557995110649163, 4.518325205206017], [1.09527235425715, 2.1692163999933243, 2.6891952866982343, 4.015197895496559, 4.947897016915368, 6.148495039438512, 7.503240272042473, 6.641859585989454, 5.900619674237614, 6.698111765266387, 7.976491184098432, 9.030175446246878, 8.66067011090943, 8.04504724721987, 8.28594321064295, 4.5839598809326425, 0.0, 1.7745293037873455, 1.7698531605757581, 3.065973595776715, 2.495650768837659, 2.9467366424572115, 6.1893782183673345, 8.938856072786942, 9.182612487195568, 10.012378156562006, 8.876142577155912, 9.659456275588186, 8.188674142374943], [1.0943664103032402, 2.1610307679438527, 3.3788109802118256, 4.539147498154251, 5.570657201803033, 6.679995830837021, 8.107030843039885, 7.02590887287901, 6.1691472417182585, 6.8012068348198325, 8.209300072478774, 9.167507068991002, 8.761208801301336, 8.587128273177244, 9.041780850031701, 4.8761750112152455, 1.7745293037873455, 0.0, 1.773833611137189, 2.4804464960970227, 2.4673285168375934, 3.670586063559878, 6.269117019166256, 9.16689606900831, 9.108902433334107, 10.197202644843339, 8.756090360429134, 9.827122982338217, 8.342383949447544], [1.095199890430966, 2.1697842703826566, 2.6967815855200437, 3.992606793812784, 4.686745858268827, 5.936542298341686, 7.123100999564726, 6.593701650059699, 6.0344128670484585, 6.97606218220566, 8.346231326772582, 9.15589574754977, 9.17826241834477, 8.590815417642263, 8.95476380593034, 4.786411605785695, 1.7698531605757581, 1.773833611137189, 0.0, 2.499479693856303, 3.061062085290006, 2.4884355748140234, 6.65710004431359, 8.944054848892643, 9.177649118374488, 10.207565981172985, 9.272037381287891, 10.21296394343973, 8.891708472504034], [2.146179540485837, 1.0967128977084204, 2.104999453681639, 2.6692861161741357, 3.656159009124193, 4.567868303705788, 6.019910445347173, 4.833518044861321, 4.07955466564673, 4.829656920527586, 6.28052041315049, 7.003650012671964, 7.041700797392631, 6.833295935344816, 7.448584121831478, 2.9382146041431354, 3.065973595776715, 2.4804464960970227, 2.499479693856303, 0.0, 1.7783768582614878, 2.525079881904729, 4.5648686925255575, 6.916544735632091, 6.8798537033864315, 8.077565901928624, 6.988623648473282, 8.10956460051956, 6.882512810013505], [2.1390887428996486, 1.0964577283233494, 2.1072415167702063, 2.7186043367875365, 4.002291934629457, 4.857253813627614, 6.483118346906834, 4.9146009156390305, 3.8920689433770312, 4.427953213393294, 5.789626586404343, 6.849946483732555, 6.357959311760338, 6.143390029128868, 6.639967898265775, 2.6082605908919456, 2.495650768837659, 2.4673285168375934, 3.061062085290006, 1.7783768582614878, 0.0, 2.989643871768007, 3.856619764768106, 6.923450715503072, 6.897040409479996, 7.840556874993, 6.45863542940767, 7.406400414506361, 5.949590174961633], [2.6447178696412967, 2.0992207006410735, 1.0152982468220852, 1.9421843527327676, 2.28186577387891, 3.590979405399034, 4.71341810791277, 4.444818799456284, 4.19765368033143, 5.4103302098855295, 6.6134567942944935, 7.300613105075491, 7.7233957382747125, 6.673607148311923, 6.954641245240476, 3.1539637838757755, 2.9467366424572115, 3.670586063559878, 2.4884355748140234, 2.525079881904729, 2.989643871768007, 0.0, 5.355552853814441, 6.91310028062663, 7.496218105818427, 8.315632336148587, 7.98826077503733, 8.66549184409056, 7.599115375489439], [5.920781904444715, 4.496156031545168, 4.472192598714863, 3.559416554717922, 4.386618029872216, 4.111711952459705, 5.664837615501437, 3.124783046869014, 1.9165436519943915, 1.0169263739327445, 2.107053952797602, 3.365239507078211, 2.526188334230051, 2.8976915881439145, 3.8107946336689418, 2.238564624932682, 6.1893782183673345, 6.269117019166256, 6.65710004431359, 4.5648686925255575, 3.856619764768106, 5.355552853814441, 0.0, 3.843029672016598, 3.5243486575536194, 4.211167237239575, 2.752146456858719, 3.5842708198460675, 2.376317840693875], [8.574727572348873, 7.07853408411657, 6.459565829063127, 5.081866921712926, 4.849310212803466, 3.6433300481839415, 4.08100552437754, 2.489834518597571, 3.059249376889697, 2.857393492328279, 2.2044389263483803, 1.0945567778786078, 3.4674641915959277, 2.749842442759221, 3.586617718687064, 4.3828691630027015, 8.938856072786942, 9.16689606900831, 8.944054848892643, 6.916544735632091, 6.923450715503072, 6.91310028062663, 3.843029672016598, 0.0, 1.7665999830182268, 1.7539010063284641, 3.7819786276498175, 3.7316320464375905, 4.346813115375447], [8.710344478836644, 7.191274711760078, 6.920581471234913, 5.640969217253361, 5.73812851372292, 4.733882501710409, 5.484762218182298, 3.4791022879472804, 3.4671424328977314, 2.678020214636178, 2.1873666770799995, 1.0962660899617394, 2.77946858589911, 3.445457873781074, 4.531990617819062, 4.665313912267855, 9.182612487195568, 9.108902433334107, 9.177649118374488, 6.8798537033864315, 6.897040409479996, 7.496218105818427, 3.5243486575536194, 1.7665999830182268, 0.0, 1.7721243015093495, 2.5799052579503767, 3.1562130362191967, 3.786316106719036], [9.701843178489332, 8.197046965828608, 7.727997234730354, 6.40192185909825, 6.378547798676435, 5.2517311907598625, 5.773446268044762, 4.006046453799556, 4.190430590046803, 3.4294082944438093, 2.1869362542150146, 1.09698920687489, 2.684524632034506, 2.777188049088502, 3.6231455918855926, 5.470303567444863, 10.012378156562006, 10.197202644843339, 10.207565981172985, 8.077565901928624, 7.840556874993, 8.315632336148587, 4.211167237239575, 1.7539010063284641, 1.7721243015093495, 0.0, 3.015020640062021, 2.4774197323021387, 3.7127191032988205], [8.542488560132814, 7.116597798105496, 7.162385778495878, 6.1282806014411575, 6.703173515582003, 6.029647742613162, 7.220525967684071, 4.747453208826812, 4.034084442596609, 2.6592357266703526, 2.1947643153650915, 2.7382464060051275, 1.0965779042092723, 3.419903492790403, 4.4789060874280455, 4.845849310492434, 8.876142577155912, 8.756090360429134, 9.272037381287891, 6.988623648473282, 6.45863542940767, 7.98826077503733, 2.752146456858719, 3.7819786276498175, 2.5799052579503767, 3.015020640062021, 0.0, 1.7737713578700045, 1.7669366598721075], [9.48206672988542, 8.065137787415662, 7.858976148964953, 6.747660745769603, 7.155968111304018, 6.342318605210558, 7.3294698594100245, 5.060508023904319, 4.604770541514528, 3.392865440892108, 2.199210628839357, 2.7400892704435744, 1.0967040849746117, 2.706259560722142, 3.5012619853418565, 5.557995110649163, 9.659456275588186, 9.827122982338217, 10.21296394343973, 8.10956460051956, 7.406400414506361, 8.66549184409056, 3.5842708198460675, 3.7316320464375905, 3.1562130362191967, 2.4774197323021387, 1.7737713578700045, 0.0, 1.7671433077144594], [8.066714049723096, 6.735102533740671, 6.6957645538056365, 5.7818813209888695, 6.467199865475011, 5.950257545686573, 7.256324869381194, 4.7770449956013605, 3.921716793701452, 2.6873620987875824, 2.19594223056983, 3.461189058690669, 1.0973042877889432, 2.7179426815148258, 3.5138347058448836, 4.518325205206017, 8.188674142374943, 8.342383949447544, 8.891708472504034, 6.882512810013505, 5.949590174961633, 7.599115375489439, 2.376317840693875, 4.346813115375447, 3.786316106719036, 3.7127191032988205, 1.7669366598721075, 1.7671433077144594, 0.0]]}