{"total energy": -27.21752446, "HOMO-LUMO gap/eV": 11.98306685, "electronic energy": -27.56238052, "dipole": [0.51863476, 0.40672939, -0.19083032], "partial charges": [-0.10002243, -0.05212966, -0.05918077, -0.05807366, -0.06320301, 0.1206602, -0.11607912, -0.44943611, 0.0324606, 0.03158496, 0.03096579, 0.0282297, 0.03034561, 0.0313215, 0.02820015, 0.04732639, 0.0276717, 0.04762199, 0.03179339, 0.01153375, 0.04769039, 0.0320565, 0.03638152, 0.28228062], "atomic dipole moments": [[0.08838603, -0.03151963, -0.03779458], [-0.00693949, 0.06217742, 0.09208722], [0.01140172, -0.06116855, -0.09166605], [-0.00043391, 0.07074039, 0.09702064], [0.03187732, -0.04920816, -0.10104312], [0.00572136, -0.16189, 0.07547399], [-0.07922968, -0.0320949, -0.06129286], [0.11295616, 0.20179186, -0.0587287], [-0.01888494, -0.04428534, 0.11637318], [-0.00575589, 0.12550089, 0.00398395], [-0.09391053, -0.03985017, -0.07128735], [0.00873116, 0.04104005, -0.11598595], [-0.0039243, -0.12357226, -0.00763109], [-0.01235254, -0.04052251, 0.11682749], [0.0003778, 0.12302039, 0.0079145], [-0.00173592, -0.12750256, -0.00854807], [0.01239972, 0.04068167, -0.11604126], [-0.0171927, -0.04663451, 0.11703552], [-0.00420157, 0.12373074, 0.011255], [0.01218149, 0.028571, -0.11497674], [0.00203199, -0.0454045, 0.12068847], [0.10901413, -0.03888253, -0.04426916], [0.00025951, 0.12838188, 0.00339055], [0.06965247, -0.01128388, -0.03404975]], "atomic quadrupole moments": [[0.15662579, -0.09347233, -0.08872361, -0.10821444, 0.04897313, -0.06790218], [0.23079298, -0.02143275, -0.16355142, 0.02183827, 0.10908963, -0.06724157], [0.23215889, -0.01721771, -0.16379649, 0.03043854, 0.11583314, -0.0683624], [0.23427643, -0.01542338, -0.18378363, 0.0388992, 0.11418744, -0.0504928], [0.23535306, -0.01390042, -0.16530393, 0.01604374, 0.11591077, -0.07004913], [-0.02582957, -0.01943651, 0.32020738, 0.02896135, 0.07460692, -0.29437781], [0.09507887, 0.09673665, -0.05845796, 0.13880542, 0.08606484, -0.03662091], [-0.05916209, 0.00549833, 0.17236412, -0.02210152, -0.00824895, -0.11320203], [-0.03543214, -0.00879694, -0.02532219, -0.00955887, -0.04547354, 0.06075434], [-0.0337192, 0.00694819, 0.08044322, -0.01104268, 0.00093508, -0.04672402], [0.02982166, 0.02586657, -0.03369483, 0.04901036, 0.03521641, 0.00387317], [-0.01572892, 0.00472795, -0.02099899, -0.00868045, -0.03821622, 0.03672792], [-0.01701448, -0.00163019, 0.05603416, 0.00190004, -0.00635986, -0.03901968], [-0.02003915, 0.00407434, -0.01720474, -0.00620339, -0.03804653, 0.03724389], [-0.02092654, 0.0011667, 0.05771745, 0.00134835, -0.00684585, -0.03679091], [-0.01803783, -0.00046927, 0.05183108, 0.00149137, -0.00712606, -0.03379325], [-0.01952578, 0.0043492, -0.01888074, -0.0064592, -0.03865654, 0.03840652], [-0.01816206, 0.0098719, -0.02098819, 0.00199454, -0.03939339, 0.03915025], [-0.01915735, 0.00023027, 0.0637122, 0.00798093, -0.00200556, -0.04455485], [-0.02131814, -0.00328384, 0.00965647, -0.00232161, -0.01398516, 0.01166167], [-0.03129377, 0.01292221, -0.03186458, -0.0162349, -0.04187589, 0.06315835], [0.0486198, -0.03283647, -0.04058096, -0.04581803, 0.02577155, -0.00803884], [-0.03763733, -0.0071805, 0.08506758, 0.00831474, -0.00049033, -0.04743025], [0.08121048, -0.05333432, -0.02803009, -0.08281299, 0.01825647, -0.05318039]], "number of molecular orbitals": 48, "number of electrons": 50, "number of unpaired electrons": 0, "orbital energies/eV": [-18.49157986, -17.12835481, -16.78410772, -16.51656323, -16.1162172, -15.62976445, -15.1896344, -15.0862255, -14.96544626, -14.13991276, -13.93424869, -13.83568983, -13.31454869, -13.2032204, -12.91227031, -12.88383605, -12.60886984, -12.32714048, -12.12213645, -12.07462593, -11.66337616, -11.54765132, -11.34419367, -11.27986827, -10.99729655, 0.9857703, 1.41390556, 2.83634654, 3.03546616, 3.11866044, 3.55140039, 3.58622585, 3.83837431, 4.28059342, 4.43671706, 4.74565679, 4.91236201, 4.98402556, 5.34426812, 5.89323, 6.02260431, 6.18522419, 6.60779685, 7.1009317, 7.18283843, 7.41819898, 7.86874641, 8.56330844], "fractional occupation": [2.0, 2.0, 2.0, 2.0, 2.0, 2.0, 2.0, 2.0, 2.0, 2.0, 2.0, 2.0, 2.0, 2.0, 2.0, 2.0, 2.0, 2.0, 2.0, 2.0, 2.0, 2.0, 2.0, 2.0, 2.0, 0.0, 0.0, 0.0, 0.0, 0.0, 0.0, 0.0, 0.0, 0.0, 0.0, 0.0, 0.0, 0.0, 0.0, 0.0, 0.0, 0.0, 0.0, 0.0, 0.0, 0.0, 0.0, 0.0], "program call": "xtb /home/svss/Project-DBcg-Debug/aqme2_20220329/End-to-End-workflows-final/example-3/QDESCP/mol_46_rdkit_conf_1/mol_46_rdkit_conf_1.xyz --pop --wbo --acc 0.2 --gfn 2 --chrg 0 --uhf 0 --etemp 300 --input /home/svss/Project-DBcg-Debug/aqme2_20220329/End-to-End-workflows-final/example-3/QDESCP/mol_46_rdkit_conf_1/mol_46_rdkit_conf_1_xtb.inp", "method": "GFN2-xTB", "xtb version": "6.3.3 (7355c4f)", "Dipole module/D": 1.744, "Total charge": 0, "Transition dipole module/D": NaN, "HOMO": -10.9973, "LUMO": 0.9858, "HOMO occupancy": 2.0, "LUMO occupancy": 0, "mulliken charges": [-0.08356, -0.0382, -0.04806, -0.0405, -0.05447, 0.22642, -0.11155, -0.57011, 0.0266, 0.02559, 0.02743, 0.02102, 0.02341, 0.02357, 0.0197, 0.03789, 0.01852, 0.03644, 0.01954, 0.0075, 0.04017, 0.02805, 0.03004, 0.33456], "cm5 charges": [-0.23388, -0.15071, -0.15871, -0.15009, -0.15993, 0.17698, -0.25754, -0.78096, 0.07789, 0.07688, 0.0782, 0.07573, 0.07811, 0.07893, 0.07504, 0.09585, 0.07435, 0.09431, 0.0754, 0.07348, 0.09381, 0.08121, 0.08178, 0.50389], "FUKUI+": [0.006, -0.012, -0.012, -0.013, 0.001, -0.036, 0.025, -0.097, -0.034, -0.034, -0.06, -0.036, -0.037, -0.041, -0.042, -0.043, -0.044, -0.056, -0.083, -0.068, -0.053, -0.059, -0.076, -0.092], "FUKUI-": [0.02, 0.007, 0.011, 0.009, 0.012, -0.0, 0.007, -0.105, -0.063, -0.066, -0.057, -0.082, -0.084, -0.073, -0.078, -0.05, -0.047, -0.044, -0.042, -0.086, -0.047, -0.044, -0.048, -0.053], "FUKUIrad": [0.013, -0.002, -0.001, -0.002, 0.007, -0.018, 0.016, -0.101, -0.048, -0.05, -0.058, -0.059, -0.061, -0.057, -0.06, -0.046, -0.046, -0.05, -0.063, -0.077, -0.05, -0.052, -0.062, -0.073], "s proportion": [1.007, 1.027, 1.033, 1.031, 1.036, 1.014, 1.02, 1.697, 0.973, 0.974, 0.973, 0.979, 0.977, 0.976, 0.98, 0.962, 0.981, 0.964, 0.98, 0.992, 0.96, 0.972, 0.97, 0.665], "p proportion": [3.076, 3.011, 3.015, 3.009, 3.019, 2.759, 3.092, 4.873, 0.0, 0.0, 0.0, 0.0, 0.0, 0.0, 0.0, 0.0, 0.0, 0.0, 0.0, 0.0, 0.0, 0.0, 0.0, 0.0], "d proportion": [0.0, 0.0, 0.0, 0.0, 0.0, 0.0, 0.0, 0.0, 0.0, 0.0, 0.0, 0.0, 0.0, 0.0, 0.0, 0.0, 0.0, 0.0, 0.0, 0.0, 0.0, 0.0, 0.0, 0.0], "Fermi-level/eV": -5.0058, "Coordination numbers": [3.75, 3.8, 3.802, 3.801, 3.802, 3.724, 3.75, 1.653, 0.924, 0.924, 0.924, 0.924, 0.924, 0.924, 0.924, 0.924, 0.924, 0.924, 0.924, 0.924, 0.924, 0.924, 0.924, 0.804], "Dispersion coefficient C6": [22.474, 21.51, 21.638, 21.619, 21.713, 18.711, 22.786, 21.833, 2.552, 2.564, 2.573, 2.612, 2.582, 2.568, 2.612, 2.354, 2.62, 2.35, 2.561, 2.866, 2.349, 2.558, 2.498, 0.777], "Total dispersion C6": 3819.807266, "Total dispersion C8": 79091.307358, "Polarizability alpha": [6.761, 6.603, 6.623, 6.62, 6.634, 6.177, 6.808, 6.308, 2.498, 2.504, 2.508, 2.527, 2.513, 2.506, 2.528, 2.399, 2.531, 2.397, 2.503, 2.647, 2.397, 2.501, 2.472, 1.385], "Total polarizability alpha": 91.349291, "Wiberg matrix": [[0.0, 1.0200972239270338, 0.0, 0.0, 0.0, 0.0, 0.0, 0.0, 0.9876998077445709, 0.9877390553035026, 0.9874231244151219, 0.0, 0.0, 0.0, 0.0, 0.0, 0.0, 0.0, 0.0, 0.0, 0.0, 0.0, 0.0, 0.0], [1.0200972239270338, 0.0, 1.0078269583868524, 0.0, 0.0, 0.0, 0.0, 0.0, 0.0, 0.0, 0.0, 0.9780819425121596, 0.9779796357222807, 0.0, 0.0, 0.0, 0.0, 0.0, 0.0, 0.0, 0.0, 0.0, 0.0, 0.0], [0.0, 1.0078269583868524, 0.0, 1.0071378265554232, 0.0, 0.0, 0.0, 0.0, 0.0, 0.0, 0.0, 0.0, 0.0, 0.9771906162278792, 0.9771572278544994, 0.0, 0.0, 0.0, 0.0, 0.0, 0.0, 0.0, 0.0, 0.0], [0.0, 0.0, 1.0071378265554232, 0.0, 1.0065861182632818, 0.0, 0.0, 0.0, 0.0, 0.0, 0.0, 0.0, 0.0, 0.0, 0.0, 0.976224458856497, 0.977411533782508, 0.0, 0.0, 0.0, 0.0, 0.0, 0.0, 0.0], [0.0, 0.0, 0.0, 1.0065861182632818, 0.0, 0.9937786314193652, 0.0, 0.0, 0.0, 0.0, 0.0, 0.0, 0.0, 0.0, 0.0, 0.0, 0.0, 0.9750587724168027, 0.9755485046640843, 0.0, 0.0, 0.0, 0.0, 0.0], [0.0, 0.0, 0.0, 0.0, 0.9937786314193652, 0.0, 1.0025775631515548, 0.9795694840743029, 0.0, 0.0, 0.0, 0.0, 0.0, 0.0, 0.0, 0.0, 0.0, 0.0, 0.0, 0.9637762313862465, 0.0, 0.0, 0.0, 0.0], [0.0, 0.0, 0.0, 0.0, 0.0, 1.0025775631515548, 0.0, 0.0, 0.0, 0.0, 0.0, 0.0, 0.0, 0.0, 0.0, 0.0, 0.0, 0.0, 0.0, 0.0, 0.9854945769180723, 0.9846806200058686, 0.9855882987456812, 0.0], [0.0, 0.0, 0.0, 0.0, 0.0, 0.9795694840743029, 0.0, 0.0, 0.0, 0.0, 0.0, 0.0, 0.0, 0.0, 0.0, 0.0, 0.0, 0.0, 0.0, 0.0, 0.0, 0.0, 0.0, 0.9042818549760037], [0.9876998077445709, 0.0, 0.0, 0.0, 0.0, 0.0, 0.0, 0.0, 0.0, 0.0, 0.0, 0.0, 0.0, 0.0, 0.0, 0.0, 0.0, 0.0, 0.0, 0.0, 0.0, 0.0, 0.0, 0.0], [0.9877390553035026, 0.0, 0.0, 0.0, 0.0, 0.0, 0.0, 0.0, 0.0, 0.0, 0.0, 0.0, 0.0, 0.0, 0.0, 0.0, 0.0, 0.0, 0.0, 0.0, 0.0, 0.0, 0.0, 0.0], [0.9874231244151219, 0.0, 0.0, 0.0, 0.0, 0.0, 0.0, 0.0, 0.0, 0.0, 0.0, 0.0, 0.0, 0.0, 0.0, 0.0, 0.0, 0.0, 0.0, 0.0, 0.0, 0.0, 0.0, 0.0], [0.0, 0.9780819425121596, 0.0, 0.0, 0.0, 0.0, 0.0, 0.0, 0.0, 0.0, 0.0, 0.0, 0.0, 0.0, 0.0, 0.0, 0.0, 0.0, 0.0, 0.0, 0.0, 0.0, 0.0, 0.0], [0.0, 0.9779796357222807, 0.0, 0.0, 0.0, 0.0, 0.0, 0.0, 0.0, 0.0, 0.0, 0.0, 0.0, 0.0, 0.0, 0.0, 0.0, 0.0, 0.0, 0.0, 0.0, 0.0, 0.0, 0.0], [0.0, 0.0, 0.9771906162278792, 0.0, 0.0, 0.0, 0.0, 0.0, 0.0, 0.0, 0.0, 0.0, 0.0, 0.0, 0.0, 0.0, 0.0, 0.0, 0.0, 0.0, 0.0, 0.0, 0.0, 0.0], [0.0, 0.0, 0.9771572278544994, 0.0, 0.0, 0.0, 0.0, 0.0, 0.0, 0.0, 0.0, 0.0, 0.0, 0.0, 0.0, 0.0, 0.0, 0.0, 0.0, 0.0, 0.0, 0.0, 0.0, 0.0], [0.0, 0.0, 0.0, 0.976224458856497, 0.0, 0.0, 0.0, 0.0, 0.0, 0.0, 0.0, 0.0, 0.0, 0.0, 0.0, 0.0, 0.0, 0.0, 0.0, 0.0, 0.0, 0.0, 0.0, 0.0], [0.0, 0.0, 0.0, 0.977411533782508, 0.0, 0.0, 0.0, 0.0, 0.0, 0.0, 0.0, 0.0, 0.0, 0.0, 0.0, 0.0, 0.0, 0.0, 0.0, 0.0, 0.0, 0.0, 0.0, 0.0], [0.0, 0.0, 0.0, 0.0, 0.9750587724168027, 0.0, 0.0, 0.0, 0.0, 0.0, 0.0, 0.0, 0.0, 0.0, 0.0, 0.0, 0.0, 0.0, 0.0, 0.0, 0.0, 0.0, 0.0, 0.0], [0.0, 0.0, 0.0, 0.0, 0.9755485046640843, 0.0, 0.0, 0.0, 0.0, 0.0, 0.0, 0.0, 0.0, 0.0, 0.0, 0.0, 0.0, 0.0, 0.0, 0.0, 0.0, 0.0, 0.0, 0.0], [0.0, 0.0, 0.0, 0.0, 0.0, 0.9637762313862465, 0.0, 0.0, 0.0, 0.0, 0.0, 0.0, 0.0, 0.0, 0.0, 0.0, 0.0, 0.0, 0.0, 0.0, 0.0, 0.0, 0.0, 0.0], [0.0, 0.0, 0.0, 0.0, 0.0, 0.0, 0.9854945769180723, 0.0, 0.0, 0.0, 0.0, 0.0, 0.0, 0.0, 0.0, 0.0, 0.0, 0.0, 0.0, 0.0, 0.0, 0.0, 0.0, 0.0], [0.0, 0.0, 0.0, 0.0, 0.0, 0.0, 0.9846806200058686, 0.0, 0.0, 0.0, 0.0, 0.0, 0.0, 0.0, 0.0, 0.0, 0.0, 0.0, 0.0, 0.0, 0.0, 0.0, 0.0, 0.0], [0.0, 0.0, 0.0, 0.0, 0.0, 0.0, 0.9855882987456812, 0.0, 0.0, 0.0, 0.0, 0.0, 0.0, 0.0, 0.0, 0.0, 0.0, 0.0, 0.0, 0.0, 0.0, 0.0, 0.0, 0.0], [0.0, 0.0, 0.0, 0.0, 0.0, 0.0, 0.0, 0.9042818549760037, 0.0, 0.0, 0.0, 0.0, 0.0, 0.0, 0.0, 0.0, 0.0, 0.0, 0.0, 0.0, 0.0, 0.0, 0.0, 0.0]], "Born radii": [], "Atomic SASAs": [], "Solvent H bonds": [], "Total SASA": NaN, "Total FOD": 0.0, "FOD": [0.0, 0.0, 0.0, 0.0, 0.0, 0.0, 0.0, 0.0, 0.0, 0.0, 0.0, 0.0, 0.0, 0.0, 0.0, 0.0, 0.0, 0.0, 0.0, 0.0, 0.0, 0.0, 0.0, 0.0], "FOD s proportion": [0.0, 0.0, 0.0, 0.0, 0.0, 0.0, 0.0, 0.0, 0.0, 0.0, 0.0, 0.0, 0.0, 0.0, 0.0, 0.0, 0.0, 0.0, 0.0, 0.0, 0.0, 0.0, 0.0, 0.0], "FOD p proportion": [0.0, 0.0, 0.0, 0.0, 0.0, 0.0, 0.0, 0.0, 0.0, 0.0, 0.0, 0.0, 0.0, 0.0, 0.0, 0.0, 0.0, 0.0, 0.0, 0.0, 0.0, 0.0, 0.0, 0.0], "FOD d proportion": [0.0, 0.0, 0.0, 0.0, 0.0, 0.0, 0.0, 0.0, 0.0, 0.0, 0.0, 0.0, 0.0, 0.0, 0.0, 0.0, 0.0, 0.0, 0.0, 0.0, 0.0, 0.0, 0.0, 0.0], "coordinates": [["-3.93780", "0.28520", "-0.06680"], ["-2.61700", "-0.19800", "-0.64420"], ["-1.43200", "0.26910", "0.20080"], ["-0.10490", "-0.21900", "-0.38370"], ["1.08220", "0.25140", "0.46400"], ["2.42390", "-0.19610", "-0.12340"], ["3.59050", "0.34470", "0.69250"], ["2.48320", "-1.61970", "-0.12280"], ["-4.08660", "-0.09900", "0.94740"], ["-3.97280", "1.37870", "-0.02900"], ["-4.77130", "-0.06010", "-0.68650"], ["-2.51420", "0.17660", "-1.66930"], ["-2.62740", "-1.29290", "-0.69830"], ["-1.54170", "-0.10510", "1.22600"], ["-1.42910", "1.36460", "0.25520"], ["-0.11350", "-1.31390", "-0.44020"], ["0.00500", "0.15740", "-1.40800"], ["0.97080", "-0.15540", "1.47710"], ["1.06230", "1.34510", "0.54280"], ["2.51030", "0.14630", "-1.16080"], ["3.55670", "-0.03060", "1.72130"], ["4.54290", "0.01020", "0.26740"], ["3.58630", "1.43860", "0.71650"], ["3.33410", "-1.87820", "-0.51600"]], "bond_dist": [[0.0, 1.5203241891123092, 2.5200997222332298, 3.878887167732519, 5.048097768466851, 6.380131671055074, 7.566728330659163, 6.697837039671837, 1.0946929797893106, 1.0947127888172314, 1.0945238371090873, 2.1462612073091196, 2.146238574809427, 2.7504474435989503, 2.7499752817070924, 4.161948925683736, 4.1666319875890165, 5.16450477103081, 5.147426558970997, 6.5417217015094735, 7.711326831356586, 8.491736402526872, 7.652187351339485, 7.600171696086872], [1.5203241891123092, 0.0, 1.528539306004265, 2.5256578667745164, 3.887691891083963, 5.0677321416981, 6.372938602403133, 5.320256468442099, 2.168574582531115, 2.168558869387686, 2.159123477247191, 1.0962312757808, 1.0962850815367324, 2.1592935279854846, 2.159107577217958, 2.748519794362049, 2.754012273030024, 4.168217519515986, 4.162616376751526, 5.164748139067383, 6.613485064623644, 7.22070147631101, 6.558269203074848, 6.185070613178155], [2.5200997222332298, 1.528539306004265, 0.0, 1.5300576034907967, 2.5280010225472616, 3.897368534023951, 5.047077421637199, 4.3590220738142635, 2.7820514607030544, 2.7820289071107798, 3.4708210008584426, 2.1626342964079712, 2.1626848984537714, 1.096856768224548, 1.0968536912460112, 2.1575940883307965, 2.160019289265723, 2.7536502646487264, 2.737932155843165, 4.1726207220402864, 5.223874809947114, 5.980877425595679, 5.178514423075406, 5.276401116291292], [3.878887167732519, 2.5256578667745164, 1.5300576034907967, 0.0, 1.5326701732597265, 2.542264726577467, 3.8899801143450596, 2.954368106719269, 4.200019297574715, 4.199893783180713, 4.678912908999269, 2.7593465186525594, 2.7595725429855977, 2.1606715483849, 2.1608997686149167, 1.0963905417322788, 1.0967887034429193, 2.1502911640054703, 2.160362677885359, 2.752562358966641, 4.227745749214349, 4.698777361186631, 4.1932129972134735, 3.8206241545066955], [5.048097768466851, 3.887691891083963, 2.5280010225472616, 1.5326701732597265, 0.0, 1.531487479543989, 2.5204138608569826, 2.4100104667822504, 5.203167223912758, 5.2025839051379075, 5.9736207403885295, 4.182183268342027, 4.182933891421188, 2.755465017016184, 2.7548937130132627, 2.1673578892282648, 2.1618463960235474, 1.0973913659219303, 1.0967156149157353, 2.1657540626765543, 2.789888445798505, 3.474661636764075, 2.782753474528421, 3.2506383634603218], [6.380131671055074, 5.0677321416981, 3.897368534023951, 2.542264726577467, 1.531487479543989, 0.0, 1.5228634246051087, 1.4248346605834656, 6.598685573657833, 6.588374404206245, 7.218481879869201, 5.18782649189427, 5.200876074278256, 4.189886003222522, 4.174294125957107, 2.7907414498659673, 2.7615641618474127, 2.1621184865774588, 2.1617295020422884, 1.0958565052049472, 2.1710698238426143, 2.1645889517411847, 2.1745918835496467, 1.9524495409613023], [7.566728330659163, 6.372938602403133, 5.047077421637199, 3.8899801143450596, 2.5204138608569826, 1.5228634246051087, 0.0, 2.3978521097015135, 7.694134656347002, 7.6676740371510315, 8.484409424350053, 6.5478026039275194, 6.578627425990926, 5.1794226637724785, 5.140798718098191, 4.213499644001409, 4.15968650140849, 2.7800225286856937, 2.7230507688987364, 2.1542784151543644, 1.095637700154572, 1.0952926640857232, 1.0941713074285946, 2.543127527278174], [6.697837039671837, 5.320256468442099, 4.3590220738142635, 2.954368106719269, 2.4100104667822504, 1.4248346605834656, 2.3978521097015135, 0.0, 6.827893421107274, 7.118928079423193, 7.441631548256068, 5.5310363133864895, 5.153273799246455, 4.507005059903971, 4.935080726796675, 2.6338388883908603, 3.3092746471092425, 2.644089306358618, 3.354402958799077, 2.0486420892874384, 2.660516090911686, 2.6554084695202733, 3.3577452241050096, 0.9723473144921004], [1.0946929797893106, 2.168574582531115, 2.7820514607030544, 4.200019297574715, 5.203167223912758, 6.598685573657833, 7.694134656347002, 6.827893421107274, 0.0, 1.7747970841761038, 1.771992243211014, 3.0652105979850712, 2.502596719409661, 2.560111556163129, 3.1118438344492803, 4.38028987396953, 4.728090595578727, 5.085376860174671, 5.362862778404832, 6.929918393458901, 7.68268407914838, 8.65693911784067, 7.82885195798209, 7.770063107208332], [1.0947127888172314, 2.168558869387686, 2.7820289071107798, 4.199893783180713, 5.2025839051379075, 6.588374404206245, 7.6676740371510315, 7.118928079423193, 1.7747970841761038, 0.0, 1.772019734653088, 2.502627111656868, 3.0652096518835377, 3.1123840781625907, 2.5595660061815164, 4.723703704721539, 4.383618086695053, 5.39082377563949, 5.0675749831650245, 6.695548268065879, 7.8576743906832895, 8.630051662649537, 7.596008890858409, 8.01469614021642], [1.0945238371090873, 2.159123477247191, 3.4708210008584426, 4.678912908999269, 5.9736207403885295, 7.218481879869201, 8.484409424350053, 7.441631548256068, 1.771992243211014, 1.772019734653088, 0.0, 2.4731403397300364, 2.4731037766337263, 3.7536645308285075, 3.7532479028169723, 4.829883949951593, 4.835381080121814, 6.136934043966906, 6.12508403942346, 7.299949315577472, 8.669138082300915, 9.363182628786005, 8.60604371648204, 8.30855384648857], [2.1462612073091196, 1.0962312757808, 2.1626342964079712, 2.7593465186525594, 4.182183268342027, 5.18782649189427, 6.5478026039275194, 5.5310363133864895, 3.0652105979850712, 2.502627111656868, 2.4731403397300364, 0.0, 1.7649604783110584, 3.067225656843656, 2.5084828602165095, 3.0814992373842967, 2.532787983625949, 4.706939765920104, 4.364645565220617, 5.050256487545954, 6.95664624729474, 7.319915044588974, 6.670890936749004, 6.305150023591826], [2.146238574809427, 1.0962850815367324, 2.1626848984537714, 2.7595725429855977, 4.182933891421188, 5.200876074278256, 6.578627425990926, 5.153273799246455, 2.502596719409661, 3.0652096518835377, 2.4731037766337263, 1.7649604783110584, 0.0, 2.508494333260492, 3.0671471092857607, 2.527201974516481, 3.0881343785528506, 4.355836848413862, 4.7024737426167516, 5.355479827242374, 6.759508729190311, 7.3514521143784926, 6.9334564958612095, 5.992936811781015], [2.7504474435989503, 2.1592935279854846, 1.096856768224548, 2.1606715483849, 2.755465017016184, 4.189886003222522, 5.1794226637724785, 4.507005059903971, 2.560111556163129, 3.1123840781625907, 3.7536645308285075, 3.067225656843656, 2.508494333260492, 0.0, 1.7649786089355304, 2.5054291289118518, 3.065802201708388, 2.5255172836470554, 3.0578846086796667, 4.7094288613376465, 5.122943968071484, 6.160727652639743, 5.379496625149978, 5.47283046055695], [2.7499752817070924, 2.159107577217958, 1.0968536912460112, 2.1608997686149167, 2.7548937130132627, 4.174294125957107, 5.140798718098191, 4.935080726796675, 3.1118438344492803, 2.5595660061815164, 3.7532479028169723, 2.5084828602165095, 3.0671471092857607, 1.7649786089355304, 0.0, 3.064106194308546, 2.5060344949740814, 3.092403534469588, 2.508020727585799, 4.35983752564244, 5.38091385268339, 6.123669831073521, 5.0371133449625685, 5.813654231204329], [4.161948925683736, 2.748519794362049, 2.1575940883307965, 1.0963905417322788, 2.1673578892282648, 2.7907414498659673, 4.213499644001409, 2.6338388883908603, 4.38028987396953, 4.723703704721539, 4.829883949951593, 3.0814992373842967, 2.527201974516481, 2.5054291289118518, 3.064106194308546, 0.0, 1.7650503618877282, 2.488748285785447, 3.0690512605689726, 3.088004993519279, 4.448517638494873, 4.892443104421349, 4.75423297493928, 3.4942990556047144], [4.1666319875890165, 2.754012273030024, 2.160019289265723, 1.0967887034429193, 2.1618463960235474, 2.7615641618474127, 4.15968650140849, 3.3092746471092425, 4.728090595578727, 4.383618086695053, 4.835381080121814, 2.532787983625949, 3.0881343785528506, 3.065802201708388, 2.5060344949740814, 1.7650503618877282, 0.0, 3.058498894882913, 2.5167707921064246, 2.517490643478144, 4.7373447605172245, 4.839542272777458, 4.356682611804537, 4.002778806029631], [5.16450477103081, 4.168217519515986, 2.7536502646487264, 2.1502911640054703, 1.0973913659219303, 2.1621184865774588, 2.7800225286856937, 2.644089306358618, 5.085376860174671, 5.39082377563949, 6.136934043966906, 4.706939765920104, 4.355836848413862, 2.5255172836470554, 3.092403534469588, 2.488748285785447, 3.058498894882913, 0.0, 1.7699686409651443, 3.069136613121026, 2.6004014093981724, 3.7750093854187967, 3.1559766491531587, 3.5391629434090763], [5.147426558970997, 4.162616376751526, 2.737932155843165, 2.160362677885359, 1.0967156149157353, 2.1617295020422884, 2.7230507688987364, 3.354402958799077, 5.362862778404832, 5.0675749831650245, 6.12508403942346, 4.364645565220617, 4.7024737426167516, 3.0578846086796667, 2.508020727585799, 3.0690512605689726, 2.5167707921064246, 1.7699686409651443, 0.0, 2.5369427269845883, 3.0827656576522324, 3.737964623963154, 2.5316970474367584, 4.083111016124837], [6.5417217015094735, 5.164748139067383, 4.1726207220402864, 2.752562358966641, 2.1657540626765543, 1.0958565052049472, 2.1542784151543644, 2.0486420892874384, 6.929918393458901, 6.695548268065879, 7.299949315577472, 5.050256487545954, 5.355479827242374, 4.7094288613376465, 4.35983752564244, 3.088004993519279, 2.517490643478144, 3.069136613121026, 2.5369427269845883, 0.0, 3.0712777438714336, 2.48791905213976, 2.520331442489261, 2.2788184943079606], [7.711326831356586, 6.613485064623644, 5.223874809947114, 4.227745749214349, 2.789888445798505, 2.1710698238426143, 1.095637700154572, 2.660516090911686, 7.68268407914838, 7.8576743906832895, 8.669138082300915, 6.95664624729474, 6.759508729190311, 5.122943968071484, 5.38091385268339, 4.448517638494873, 4.7373447605172245, 2.6004014093981724, 3.0827656576522324, 3.0712777438714336, 0.0, 1.7572934558576152, 1.780181968226844, 2.9101009965291587], [8.491736402526872, 7.22070147631101, 5.980877425595679, 4.698777361186631, 3.474661636764075, 2.1645889517411847, 1.0952926640857232, 2.6554084695202733, 8.65693911784067, 8.630051662649537, 9.363182628786005, 7.319915044588974, 7.3514521143784926, 6.160727652639743, 6.123669831073521, 4.892443104421349, 4.839542272777458, 3.7750093854187967, 3.737964623963154, 2.48791905213976, 1.7572934558576152, 0.0, 1.7768232692082804, 2.375072116799825], [7.652187351339485, 6.558269203074848, 5.178514423075406, 4.1932129972134735, 2.782753474528421, 2.1745918835496467, 1.0941713074285946, 3.3577452241050096, 7.82885195798209, 7.596008890858409, 8.60604371648204, 6.670890936749004, 6.9334564958612095, 5.379496625149978, 5.0371133449625685, 4.75423297493928, 4.356682611804537, 3.1559766491531587, 2.5316970474367584, 2.520331442489261, 1.780181968226844, 1.7768232692082804, 0.0, 3.5473685077815076], [7.600171696086872, 6.185070613178155, 5.276401116291292, 3.8206241545066955, 3.2506383634603218, 1.9524495409613023, 2.543127527278174, 0.9723473144921004, 7.770063107208332, 8.01469614021642, 8.30855384648857, 6.305150023591826, 5.992936811781015, 5.47283046055695, 5.813654231204329, 3.4942990556047144, 4.002778806029631, 3.5391629434090763, 4.083111016124837, 2.2788184943079606, 2.9101009965291587, 2.375072116799825, 3.5473685077815076, 0.0]]}